,,.,A1_1,A1_2,A1_3,B1_1,B1_2,B1_3,A2_1,A2_2,A2_3,B2_1,B2_2,B2_3,y1,y2,y3
1,.,1.0,0.053,0.166,-0.146,-0.067,-0.208,-0.092,0.017,-0.149,-0.014,-0.18,-0.157,0.091,-0.046,-0.052,0.061
1,A1_1,0.053,1.0,-0.004,0.141,0.191,0.014,0.086,-0.019,0.018,0.018,0.075,0.083,-0.016,-0.181,0.036,0.085
1,A1_2,0.166,-0.004,1.0,0.009,-0.015,-0.108,0.028,-0.099,-0.069,0.143,-0.104,-0.166,0.142,0.101,-0.116,-0.102
1,A1_3,-0.146,0.141,0.009,1.0,0.2,0.038,0.249,-0.167,0.085,-0.151,0.017,0.054,0.076,-0.285,-0.086,0.054
1,B1_1,-0.067,0.191,-0.015,0.2,1.0,0.027,0.001,-0.15,-0.023,-0.05,0.261,0.119,0.064,-0.048,0.049,0.038
1,B1_2,-0.208,0.014,-0.108,0.038,0.027,1.0,0.039,0.064,0.042,-0.064,-0.044,-0.155,-0.042,0.276,0.012,-0.075
1,B1_3,-0.092,0.086,0.028,0.249,0.001,0.039,1.0,-0.093,-0.018,0.085,0.029,0.021,-0.008,0.077,0.101,-0.037
1,A2_1,0.017,-0.019,-0.099,-0.167,-0.15,0.064,-0.093,1.0,0.233,0.024,-0.015,-0.005,-0.187,-0.05,-0.087,0.149
1,A2_2,-0.149,0.018,-0.069,0.085,-0.023,0.042,-0.018,0.233,1.0,-0.1,0.033,-0.05,-0.12,-0.046,0.177,0.123
1,A2_3,-0.014,0.018,0.143,-0.151,-0.05,-0.064,0.085,0.024,-0.1,1.0,-0.018,-0.032,-0.193,0.129,0.146,-0.154
1,B2_1,-0.18,0.075,-0.104,0.017,0.261,-0.044,0.029,-0.015,0.033,-0.018,1.0,-0.201,-0.168,0.028,0.132,-0.247
1,B2_2,-0.157,0.083,-0.166,0.054,0.119,-0.155,0.021,-0.005,-0.05,-0.032,-0.201,1.0,0.149,-0.087,-0.021,0.182
1,B2_3,0.091,-0.016,0.142,0.076,0.064,-0.042,-0.008,-0.187,-0.12,-0.193,-0.168,0.149,1.0,-0.066,-0.061,0.172
1,y1,-0.046,-0.181,0.101,-0.285,-0.048,0.276,0.077,-0.05,-0.046,0.129,0.028,-0.087,-0.066,1.0,0.031,-0.124
1,y2,-0.052,0.036,-0.116,-0.086,0.049,0.012,0.101,-0.087,0.177,0.146,0.132,-0.021,-0.061,0.031,1.0,-0.048
1,y3,0.061,0.085,-0.102,0.054,0.038,-0.075,-0.037,0.149,0.123,-0.154,-0.247,0.182,0.172,-0.124,-0.048,1.0
2,.,1.0,0.053,0.166,-0.145,-0.068,-0.209,-0.092,0.016,-0.15,-0.013,-0.182,-0.158,0.09,-0.046,-0.053,0.061
2,A1_1,0.053,1.0,-0.004,0.141,0.19,0.014,0.085,-0.019,0.018,0.018,0.074,0.083,-0.016,-0.181,0.036,0.086
2,A1_2,0.166,-0.004,1.0,0.009,-0.016,-0.109,0.027,-0.099,-0.069,0.143,-0.105,-0.166,0.142,0.102,-0.115,-0.101
2,A1_3,-0.145,0.141,0.009,1.0,0.2,0.038,0.249,-0.167,0.085,-0.151,0.017,0.054,0.076,-0.285,-0.086,0.054
2,B1_1,-0.068,0.19,-0.016,0.2,1.0,0.028,0.002,-0.15,-0.022,-0.05,0.263,0.12,0.065,-0.048,0.049,0.038
2,B1_2,-0.209,0.014,-0.109,0.038,0.028,1.0,0.04,0.064,0.043,-0.065,-0.042,-0.154,-0.042,0.277,0.013,-0.074
2,B1_3,-0.092,0.085,0.027,0.249,0.002,0.04,1.0,-0.094,-0.018,0.084,0.031,0.021,-0.008,0.077,0.101,-0.036
2,A2_1,0.016,-0.019,-0.099,-0.167,-0.15,0.064,-0.094,1.0,0.233,0.025,-0.015,-0.005,-0.186,-0.05,-0.087,0.149
2,A2_2,-0.15,0.018,-0.069,0.085,-0.022,0.043,-0.018,0.233,1.0,-0.1,0.033,-0.049,-0.12,-0.046,0.177,0.123
2,A2_3,-0.013,0.018,0.143,-0.151,-0.05,-0.065,0.084,0.025,-0.1,1.0,-0.018,-0.033,-0.193,0.129,0.146,-0.154
2,B2_1,-0.182,0.074,-0.105,0.017,0.263,-0.042,0.031,-0.015,0.033,-0.018,1.0,-0.199,-0.166,0.028,0.132,-0.247
2,B2_2,-0.158,0.083,-0.166,0.054,0.12,-0.154,0.021,-0.005,-0.049,-0.033,-0.199,1.0,0.149,-0.087,-0.021,0.182
2,B2_3,0.09,-0.016,0.142,0.076,0.065,-0.042,-0.008,-0.186,-0.12,-0.193,-0.166,0.149,1.0,-0.065,-0.061,0.172
2,y1,-0.046,-0.181,0.102,-0.285,-0.048,0.277,0.077,-0.05,-0.046,0.129,0.028,-0.087,-0.065,1.0,0.032,-0.124
2,y2,-0.053,0.036,-0.115,-0.086,0.049,0.013,0.101,-0.087,0.177,0.146,0.132,-0.021,-0.061,0.032,1.0,-0.048
2,y3,0.061,0.086,-0.101,0.054,0.038,-0.074,-0.036,0.149,0.123,-0.154,-0.247,0.182,0.172,-0.124,-0.048,1.0
3,.,1.0,0.053,0.167,-0.144,-0.069,-0.21,-0.093,0.016,-0.151,-0.012,-0.184,-0.159,0.088,-0.047,-0.054,0.06
3,A1_1,0.053,1.0,-0.004,0.141,0.19,0.013,0.085,-0.019,0.018,0.018,0.074,0.083,-0.016,-0.181,0.036,0.086
3,A1_2,0.167,-0.004,1.0,0.009,-0.017,-0.11,0.026,-0.099,-0.068,0.142,-0.106,-0.167,0.141,0.102,-0.115,-0.101
3,A1_3,-0.144,0.141,0.009,1.0,0.199,0.037,0.248,-0.167,0.085,-0.151,0.016,0.054,0.076,-0.285,-0.086,0.054
3,B1_1,-0.069,0.19,-0.017,0.199,1.0,0.029,0.004,-0.15,-0.021,-0.051,0.264,0.121,0.066,-0.048,0.049,0.038
3,B1_2,-0.21,0.013,-0.11,0.037,0.029,1.0,0.041,0.063,0.043,-0.065,-0.04,-0.153,-0.041,0.277,0.013,-0.074
3,B1_3,-0.093,0.085,0.026,0.248,0.004,0.041,1.0,-0.094,-0.017,0.083,0.033,0.022,-0.007,0.077,0.102,-0.036
3,A2_1,0.016,-0.019,-0.099,-0.167,-0.15,0.063,-0.094,1.0,0.234,0.025,-0.015,-0.005,-0.186,-0.05,-0.087,0.149
3,A2_2,-0.151,0.018,-0.068,0.085,-0.021,0.043,-0.017,0.234,1.0,-0.1,0.034,-0.048,-0.119,-0.046,0.177,0.123
3,A2_3,-0.012,0.018,0.142,-0.151,-0.051,-0.065,0.083,0.025,-0.1,1.0,-0.019,-0.033,-0.193,0.129,0.147,-0.154
3,B2_1,-0.184,0.074,-0.106,0.016,0.264,-0.04,0.033,-0.015,0.034,-0.019,1.0,-0.197,-0.164,0.028,0.132,-0.246
3,B2_2,-0.159,0.083,-0.167,0.054,0.121,-0.153,0.022,-0.005,-0.048,-0.033,-0.197,1.0,0.149,-0.087,-0.02,0.182
3,B2_3,0.088,-0.016,0.141,0.076,0.066,-0.041,-0.007,-0.186,-0.119,-0.193,-0.164,0.149,1.0,-0.065,-0.06,0.173
3,y1,-0.047,-0.181,0.102,-0.285,-0.048,0.277,0.077,-0.05,-0.046,0.129,0.028,-0.087,-0.065,1.0,0.032,-0.125
3,y2,-0.054,0.036,-0.115,-0.086,0.049,0.013,0.102,-0.087,0.177,0.147,0.132,-0.02,-0.06,0.032,1.0,-0.048
3,y3,0.06,0.086,-0.101,0.054,0.038,-0.074,-0.036,0.149,0.123,-0.154,-0.246,0.182,0.173,-0.125,-0.048,1.0
4,.,1.0,0.053,0.167,-0.144,-0.07,-0.212,-0.095,0.016,-0.152,-0.01,-0.187,-0.16,0.085,-0.047,-0.056,0.059
4,A1_1,0.053,1.0,-0.004,0.141,0.189,0.013,0.084,-0.018,0.018,0.018,0.074,0.082,-0.016,-0.181,0.036,0.086
4,A1_2,0.167,-0.004,1.0,0.009,-0.018,-0.111,0.025,-0.098,-0.068,0.142,-0.107,-0.168,0.14,0.102,-0.115,-0.101
4,A1_3,-0.144,0.141,0.009,1.0,0.199,0.037,0.248,-0.166,0.085,-0.152,0.016,0.054,0.075,-0.285,-0.086,0.054
4,B1_1,-0.07,0.189,-0.018,0.199,1.0,0.031,0.005,-0.15,-0.021,-0.052,0.266,0.122,0.068,-0.048,0.049,0.038
4,B1_2,-0.212,0.013,-0.111,0.037,0.031,1.0,0.042,0.063,0.044,-0.066,-0.038,-0.152,-0.041,0.277,0.014,-0.073
4,B1_3,-0.095,0.084,0.025,0.248,0.005,0.042,1.0,-0.094,-0.017,0.082,0.036,0.023,-0.006,0.078,0.102,-0.036
4,A2_1,0.016,-0.018,-0.098,-0.166,-0.15,0.063,-0.094,1.0,0.234,0.025,-0.015,-0.005,-0.186,-0.05,-0.087,0.149
4,A2_2,-0.152,0.018,-0.068,0.085,-0.021,0.044,-0.017,0.234,1.0,-0.1,0.034,-0.048,-0.118,-0.047,0.177,0.123
4,A2_3,-0.01,0.018,0.142,-0.152,-0.052,-0.066,0.082,0.025,-0.1,1.0,-0.019,-0.034,-0.194,0.129,0.147,-0.153
4,B2_1,-0.187,0.074,-0.107,0.016,0.266,-0.038,0.036,-0.015,0.034,-0.019,1.0,-0.195,-0.162,0.028,0.132,-0.246
4,B2_2,-0.16,0.082,-0.168,0.054,0.122,-0.152,0.023,-0.005,-0.048,-0.034,-0.195,1.0,0.15,-0.087,-0.02,0.182
4,B2_3,0.085,-0.016,0.14,0.075,0.068,-0.041,-0.006,-0.186,-0.118,-0.194,-0.162,0.15,1.0,-0.064,-0.06,0.173
4,y1,-0.047,-0.181,0.102,-0.285,-0.048,0.277,0.078,-0.05,-0.047,0.129,0.028,-0.087,-0.064,1.0,0.032,-0.125
4,y2,-0.056,0.036,-0.115,-0.086,0.049,0.014,0.102,-0.087,0.177,0.147,0.132,-0.02,-0.06,0.032,1.0,-0.048
4,y3,0.059,0.086,-0.101,0.054,0.038,-0.073,-0.036,0.149,0.123,-0.153,-0.246,0.182,0.173,-0.125,-0.048,1.0
5,.,1.0,0.052,0.168,-0.143,-0.072,-0.214,-0.097,0.016,-0.154,-0.009,-0.191,-0.161,0.082,-0.048,-0.057,0.058
5,A1_1,0.052,1.0,-0.004,0.141,0.189,0.012,0.084,-0.018,0.018,0.018,0.073,0.082,-0.016,-0.18,0.036,0.086
5,A1_2,0.168,-0.004,1.0,0.009,-0.019,-0.112,0.024,-0.097,-0.068,0.143,-0.108,-0.169,0.139,0.102,-0.114,-0.1
5,A1_3,-0.143,0.141,0.009,1.0,0.199,0.037,0.247,-0.166,0.085,-0.152,0.016,0.054,0.075,-0.285,-0.086,0.054
5,B1_1,-0.072,0.189,-0.019,0.199,1.0,0.033,0.007,-0.151,-0.02,-0.052,0.268,0.123,0.069,-0.048,0.048,0.038
5,B1_2,-0.214,0.012,-0.112,0.037,0.033,1.0,0.044,0.062,0.045,-0.067,-0.035,-0.151,-0.039,0.278,0.014,-0.073
5,B1_3,-0.097,0.084,0.024,0.247,0.007,0.044,1.0,-0.095,-0.016,0.081,0.038,0.024,-0.005,0.078,0.102,-0.036
5,A2_1,0.016,-0.018,-0.097,-0.166,-0.151,0.062,-0.095,1.0,0.235,0.025,-0.015,-0.006,-0.186,-0.05,-0.087,0.149
5,A2_2,-0.154,0.018,-0.068,0.085,-0.02,0.045,-0.016,0.235,1.0,-0.1,0.035,-0.047,-0.117,-0.047,0.177,0.123
5,A2_3,-0.009,0.018,0.143,-0.152,-0.052,-0.067,0.081,0.025,-0.1,1.0,-0.02,-0.034,-0.195,0.129,0.147,-0.153
5,B2_1,-0.191,0.073,-0.108,0.016,0.268,-0.035,0.038,-0.015,0.035,-0.02,1.0,-0.192,-0.159,0.028,0.131,-0.246
5,B2_2,-0.161,0.082,-0.169,0.054,0.123,-0.151,0.024,-0.006,-0.047,-0.034,-0.192,1.0,0.151,-0.086,-0.02,0.182
5,B2_3,0.082,-0.016,0.139,0.075,0.069,-0.039,-0.005,-0.186,-0.117,-0.195,-0.159,0.151,1.0,-0.064,-0.059,0.173
5,y1,-0.048,-0.18,0.102,-0.285,-0.048,0.278,0.078,-0.05,-0.047,0.129,0.028,-0.086,-0.064,1.0,0.033,-0.125
5,y2,-0.057,0.036,-0.114,-0.086,0.048,0.014,0.102,-0.087,0.177,0.147,0.131,-0.02,-0.059,0.033,1.0,-0.048
5,y3,0.058,0.086,-0.1,0.054,0.038,-0.073,-0.036,0.149,0.123,-0.153,-0.246,0.182,0.173,-0.125,-0.048,1.0
6,.,1.0,0.052,0.169,-0.142,-0.075,-0.217,-0.099,0.016,-0.155,-0.007,-0.195,-0.163,0.078,-0.049,-0.059,0.058
6,A1_1,0.052,1.0,-0.003,0.141,0.188,0.012,0.083,-0.017,0.018,0.018,0.073,0.082,-0.016,-0.18,0.036,0.086
6,A1_2,0.169,-0.003,1.0,0.009,-0.021,-0.114,0.022,-0.096,-0.067,0.143,-0.109,-0.17,0.137,0.103,-0.114,-0.1
6,A1_3,-0.142,0.141,0.009,1.0,0.198,0.037,0.247,-0.166,0.085,-0.152,0.015,0.054,0.075,-0.286,-0.086,0.054
6,B1_1,-0.075,0.188,-0.021,0.198,1.0,0.035,0.01,-0.151,-0.02,-0.053,0.27,0.125,0.071,-0.048,0.048,0.037
6,B1_2,-0.217,0.012,-0.114,0.037,0.035,1.0,0.045,0.062,0.045,-0.068,-0.032,-0.149,-0.038,0.278,0.014,-0.073
6,B1_3,-0.099,0.083,0.022,0.247,0.01,0.045,1.0,-0.095,-0.016,0.08,0.041,0.026,-0.003,0.078,0.102,-0.036
6,A2_1,0.016,-0.017,-0.096,-0.166,-0.151,0.062,-0.095,1.0,0.235,0.026,-0.016,-0.006,-0.186,-0.05,-0.087,0.148
6,A2_2,-0.155,0.018,-0.067,0.085,-0.02,0.045,-0.016,0.235,1.0,-0.099,0.035,-0.046,-0.116,-0.047,0.176,0.123
6,A2_3,-0.007,0.018,0.143,-0.152,-0.053,-0.068,0.08,0.026,-0.099,1.0,-0.021,-0.035,-0.195,0.129,0.147,-0.153
6,B2_1,-0.195,0.073,-0.109,0.015,0.27,-0.032,0.041,-0.016,0.035,-0.021,1.0,-0.189,-0.156,0.028,0.131,-0.245
6,B2_2,-0.163,0.082,-0.17,0.054,0.125,-0.149,0.026,-0.006,-0.046,-0.035,-0.189,1.0,0.152,-0.086,-0.02,0.182
6,B2_3,0.078,-0.016,0.137,0.075,0.071,-0.038,-0.003,-0.186,-0.116,-0.195,-0.156,0.152,1.0,-0.063,-0.059,0.174
6,y1,-0.049,-0.18,0.103,-0.286,-0.048,0.278,0.078,-0.05,-0.047,0.129,0.028,-0.086,-0.063,1.0,0.033,-0.124
6,y2,-0.059,0.036,-0.114,-0.086,0.048,0.014,0.102,-0.087,0.176,0.147,0.131,-0.02,-0.059,0.033,1.0,-0.047
6,y3,0.058,0.086,-0.1,0.054,0.037,-0.073,-0.036,0.148,0.123,-0.153,-0.245,0.182,0.174,-0.124,-0.047,1.0
7,.,1.0,0.052,0.17,-0.141,-0.079,-0.221,-0.103,0.016,-0.156,-0.005,-0.2,-0.166,0.073,-0.049,-0.06,0.057
7,A1_1,0.052,1.0,-0.003,0.141,0.187,0.012,0.083,-0.017,0.018,0.019,0.072,0.081,-0.016,-0.18,0.036,0.086
7,A1_2,0.17,-0.003,1.0,0.009,-0.022,-0.115,0.02,-0.095,-0.067,0.143,-0.111,-0.172,0.136,0.103,-0.113,-0.099
7,A1_3,-0.141,0.141,0.009,1.0,0.198,0.037,0.246,-0.165,0.085,-0.152,0.015,0.054,0.075,-0.286,-0.086,0.054
7,B1_1,-0.079,0.187,-0.022,0.198,1.0,0.038,0.012,-0.151,-0.019,-0.054,0.273,0.127,0.074,-0.049,0.047,0.036
7,B1_2,-0.221,0.012,-0.115,0.037,0.038,1.0,0.048,0.061,0.045,-0.069,-0.028,-0.147,-0.036,0.278,0.014,-0.072
7,B1_3,-0.103,0.083,0.02,0.246,0.012,0.048,1.0,-0.096,-0.015,0.079,0.044,0.028,-0.001,0.078,0.102,-0.036
7,A2_1,0.016,-0.017,-0.095,-0.165,-0.151,0.061,-0.096,1.0,0.235,0.026,-0.016,-0.007,-0.187,-0.05,-0.087,0.148
7,A2_2,-0.156,0.018,-0.067,0.085,-0.019,0.045,-0.015,0.235,1.0,-0.099,0.035,-0.046,-0.115,-0.048,0.176,0.123
7,A2_3,-0.005,0.019,0.143,-0.152,-0.054,-0.069,0.079,0.026,-0.099,1.0,-0.022,-0.036,-0.196,0.129,0.147,-0.153
7,B2_1,-0.2,0.072,-0.111,0.015,0.273,-0.028,0.044,-0.016,0.035,-0.022,1.0,-0.185,-0.153,0.027,0.13,-0.245
7,B2_2,-0.166,0.081,-0.172,0.054,0.127,-0.147,0.028,-0.007,-0.046,-0.036,-0.185,1.0,0.153,-0.086,-0.019,0.182
7,B2_3,0.073,-0.016,0.136,0.075,0.074,-0.036,-0.001,-0.187,-0.115,-0.196,-0.153,0.153,1.0,-0.063,-0.059,0.173
7,y1,-0.049,-0.18,0.103,-0.286,-0.049,0.278,0.078,-0.05,-0.048,0.129,0.027,-0.086,-0.063,1.0,0.034,-0.124
7,y2,-0.06,0.036,-0.113,-0.086,0.047,0.014,0.102,-0.087,0.176,0.147,0.13,-0.019,-0.059,0.034,1.0,-0.047
7,y3,0.057,0.086,-0.099,0.054,0.036,-0.072,-0.036,0.148,0.123,-0.153,-0.245,0.182,0.173,-0.124,-0.047,1.0
8,.,1.0,0.051,0.17,-0.14,-0.084,-0.225,-0.107,0.016,-0.157,-0.002,-0.206,-0.169,0.067,-0.05,-0.06,0.056
8,A1_1,0.051,1.0,-0.002,0.141,0.186,0.011,0.082,-0.016,0.019,0.019,0.071,0.081,-0.017,-0.181,0.036,0.087
8,A1_2,0.17,-0.002,1.0,0.01,-0.024,-0.117,0.019,-0.094,-0.066,0.143,-0.112,-0.173,0.134,0.103,-0.113,-0.099
8,A1_3,-0.14,0.141,0.01,1.0,0.197,0.036,0.246,-0.165,0.085,-0.152,0.015,0.053,0.076,-0.286,-0.087,0.053
8,B1_1,-0.084,0.186,-0.024,0.197,1.0,0.041,0.016,-0.152,-0.019,-0.056,0.276,0.129,0.077,-0.049,0.047,0.035
8,B1_2,-0.225,0.011,-0.117,0.036,0.041,1.0,0.05,0.06,0.046,-0.07,-0.024,-0.145,-0.034,0.278,0.014,-0.072
8,B1_3,-0.107,0.082,0.019,0.246,0.016,0.05,1.0,-0.097,-0.015,0.078,0.048,0.03,0.001,0.078,0.101,-0.036
8,A2_1,0.016,-0.016,-0.094,-0.165,-0.152,0.06,-0.097,1.0,0.236,0.027,-0.017,-0.008,-0.187,-0.051,-0.087,0.148
8,A2_2,-0.157,0.019,-0.066,0.085,-0.019,0.046,-0.015,0.236,1.0,-0.099,0.035,-0.045,-0.115,-0.048,0.175,0.122
8,A2_3,-0.002,0.019,0.143,-0.152,-0.056,-0.07,0.078,0.027,-0.099,1.0,-0.024,-0.037,-0.197,0.129,0.147,-0.152
8,B2_1,-0.206,0.071,-0.112,0.015,0.276,-0.024,0.048,-0.017,0.035,-0.024,1.0,-0.181,-0.149,0.027,0.129,-0.246
8,B2_2,-0.169,0.081,-0.173,0.053,0.129,-0.145,0.03,-0.008,-0.045,-0.037,-0.181,1.0,0.155,-0.086,-0.019,0.181
8,B2_3,0.067,-0.017,0.134,0.076,0.077,-0.034,0.001,-0.187,-0.115,-0.197,-0.149,0.155,1.0,-0.063,-0.059,0.173
8,y1,-0.05,-0.181,0.103,-0.286,-0.049,0.278,0.078,-0.051,-0.048,0.129,0.027,-0.086,-0.063,1.0,0.034,-0.124
8,y2,-0.06,0.036,-0.113,-0.087,0.047,0.014,0.101,-0.087,0.175,0.147,0.129,-0.019,-0.059,0.034,1.0,-0.046
8,y3,0.056,0.087,-0.099,0.053,0.035,-0.072,-0.036,0.148,0.122,-0.152,-0.246,0.181,0.173,-0.124,-0.046,1.0
9,.,1.0,0.051,0.172,-0.14,-0.09,-0.23,-0.113,0.017,-0.158,0.0,-0.213,-0.174,0.06,-0.05,-0.061,0.056
9,A1_1,0.051,1.0,-0.002,0.141,0.185,0.01,0.081,-0.015,0.019,0.019,0.07,0.08,-0.017,-0.181,0.036,0.087
9,A1_2,0.172,-0.002,1.0,0.01,-0.026,-0.119,0.016,-0.093,-0.065,0.144,-0.114,-0.175,0.132,0.104,-0.112,-0.098
9,A1_3,-0.14,0.141,0.01,1.0,0.196,0.036,0.245,-0.164,0.086,-0.151,0.014,0.053,0.076,-0.287,-0.087,0.053
9,B1_1,-0.09,0.185,-0.026,0.196,1.0,0.045,0.019,-0.153,-0.019,-0.057,0.279,0.132,0.08,-0.05,0.045,0.034
9,B1_2,-0.23,0.01,-0.119,0.036,0.045,1.0,0.053,0.059,0.046,-0.071,-0.019,-0.141,-0.031,0.277,0.014,-0.073
9,B1_3,-0.113,0.081,0.016,0.245,0.019,0.053,1.0,-0.098,-0.015,0.076,0.052,0.033,0.004,0.078,0.101,-0.036
9,A2_1,0.017,-0.015,-0.093,-0.164,-0.153,0.059,-0.098,1.0,0.237,0.028,-0.018,-0.009,-0.188,-0.051,-0.088,0.148
9,A2_2,-0.158,0.019,-0.065,0.086,-0.019,0.046,-0.015,0.237,1.0,-0.098,0.035,-0.045,-0.114,-0.049,0.174,0.122
9,A2_3,0.0,0.019,0.144,-0.151,-0.057,-0.071,0.076,0.028,-0.098,1.0,-0.025,-0.038,-0.198,0.13,0.148,-0.152
9,B2_1,-0.213,0.07,-0.114,0.014,0.279,-0.019,0.052,-0.018,0.035,-0.025,1.0,-0.176,-0.144,0.026,0.127,-0.246
9,B2_2,-0.174,0.08,-0.175,0.053,0.132,-0.141,0.033,-0.009,-0.045,-0.038,-0.176,1.0,0.157,-0.086,-0.02,0.181
9,B2_3,0.06,-0.017,0.132,0.076,0.08,-0.031,0.004,-0.188,-0.114,-0.198,-0.144,0.157,1.0,-0.063,-0.059,0.173
9,y1,-0.05,-0.181,0.104,-0.287,-0.05,0.277,0.078,-0.051,-0.049,0.13,0.026,-0.086,-0.063,1.0,0.035,-0.123
9,y2,-0.061,0.036,-0.112,-0.087,0.045,0.014,0.101,-0.088,0.174,0.148,0.127,-0.02,-0.059,0.035,1.0,-0.046
9,y3,0.056,0.087,-0.098,0.053,0.034,-0.073,-0.036,0.148,0.122,-0.152,-0.246,0.181,0.173,-0.123,-0.046,1.0
10,.,1.0,0.051,0.173,-0.139,-0.097,-0.236,-0.119,0.019,-0.159,0.003,-0.221,-0.179,0.052,-0.049,-0.061,0.056
10,A1_1,0.051,1.0,-0.001,0.141,0.184,0.01,0.08,-0.014,0.019,0.02,0.069,0.079,-0.017,-0.181,0.036,0.086
10,A1_2,0.173,-0.001,1.0,0.011,-0.028,-0.121,0.014,-0.091,-0.064,0.145,-0.116,-0.177,0.129,0.104,-0.111,-0.097
10,A1_3,-0.139,0.141,0.011,1.0,0.195,0.036,0.245,-0.163,0.086,-0.151,0.014,0.053,0.076,-0.288,-0.088,0.052
10,B1_1,-0.097,0.184,-0.028,0.195,1.0,0.05,0.024,-0.154,-0.019,-0.059,0.283,0.136,0.084,-0.051,0.044,0.032
10,B1_2,-0.236,0.01,-0.121,0.036,0.05,1.0,0.057,0.057,0.046,-0.073,-0.013,-0.137,-0.028,0.277,0.014,-0.073
10,B1_3,-0.119,0.08,0.014,0.245,0.024,0.057,1.0,-0.099,-0.015,0.074,0.057,0.036,0.007,0.077,0.1,-0.037
10,A2_1,0.019,-0.014,-0.091,-0.163,-0.154,0.057,-0.099,1.0,0.237,0.029,-0.02,-0.01,-0.188,-0.051,-0.088,0.148
10,A2_2,-0.159,0.019,-0.064,0.086,-0.019,0.046,-0.015,0.237,1.0,-0.098,0.035,-0.044,-0.113,-0.049,0.173,0.122
10,A2_3,0.003,0.02,0.145,-0.151,-0.059,-0.073,0.074,0.029,-0.098,1.0,-0.027,-0.04,-0.199,0.13,0.148,-0.151
10,B2_1,-0.221,0.069,-0.116,0.014,0.283,-0.013,0.057,-0.02,0.035,-0.027,1.0,-0.17,-0.138,0.024,0.126,-0.247
10,B2_2,-0.179,0.079,-0.177,0.053,0.136,-0.137,0.036,-0.01,-0.044,-0.04,-0.17,1.0,0.16,-0.086,-0.02,0.18
10,B2_3,0.052,-0.017,0.129,0.076,0.084,-0.028,0.007,-0.188,-0.113,-0.199,-0.138,0.16,1.0,-0.063,-0.059,0.172
10,y1,-0.049,-0.181,0.104,-0.288,-0.051,0.277,0.077,-0.051,-0.049,0.13,0.024,-0.086,-0.063,1.0,0.036,-0.123
10,y2,-0.061,0.036,-0.111,-0.088,0.044,0.014,0.1,-0.088,0.173,0.148,0.126,-0.02,-0.059,0.036,1.0,-0.045
10,y3,0.056,0.086,-0.097,0.052,0.032,-0.073,-0.037,0.148,0.122,-0.151,-0.247,0.18,0.172,-0.123,-0.045,1.0
11,.,1.0,0.051,0.174,-0.138,-0.106,-0.243,-0.127,0.02,-0.159,0.006,-0.23,-0.186,0.042,-0.048,-0.06,0.057
11,A1_1,0.051,1.0,0.0,0.142,0.182,0.009,0.079,-0.013,0.02,0.02,0.068,0.079,-0.018,-0.181,0.036,0.086
11,A1_2,0.174,0.0,1.0,0.012,-0.031,-0.123,0.011,-0.089,-0.063,0.145,-0.119,-0.179,0.126,0.105,-0.11,-0.096
11,A1_3,-0.138,0.142,0.012,1.0,0.195,0.036,0.244,-0.162,0.086,-0.151,0.013,0.053,0.076,-0.289,-0.088,0.052
11,B1_1,-0.106,0.182,-0.031,0.195,1.0,0.055,0.029,-0.155,-0.019,-0.06,0.288,0.14,0.089,-0.052,0.042,0.03
11,B1_2,-0.243,0.009,-0.123,0.036,0.055,1.0,0.061,0.055,0.046,-0.075,-0.007,-0.132,-0.024,0.276,0.013,-0.074
11,B1_3,-0.127,0.079,0.011,0.244,0.029,0.061,1.0,-0.1,-0.015,0.072,0.063,0.041,0.012,0.076,0.099,-0.038
11,A2_1,0.02,-0.013,-0.089,-0.162,-0.155,0.055,-0.1,1.0,0.238,0.03,-0.021,-0.012,-0.189,-0.051,-0.087,0.148
11,A2_2,-0.159,0.02,-0.063,0.086,-0.019,0.046,-0.015,0.238,1.0,-0.097,0.034,-0.044,-0.113,-0.05,0.173,0.121
11,A2_3,0.006,0.02,0.145,-0.151,-0.06,-0.075,0.072,0.03,-0.097,1.0,-0.029,-0.041,-0.2,0.13,0.148,-0.15
11,B2_1,-0.23,0.068,-0.119,0.013,0.288,-0.007,0.063,-0.021,0.034,-0.029,1.0,-0.163,-0.132,0.023,0.123,-0.248
11,B2_2,-0.186,0.079,-0.179,0.053,0.14,-0.132,0.041,-0.012,-0.044,-0.041,-0.163,1.0,0.163,-0.086,-0.02,0.178
11,B2_3,0.042,-0.018,0.126,0.076,0.089,-0.024,0.012,-0.189,-0.113,-0.2,-0.132,0.163,1.0,-0.063,-0.059,0.171
11,y1,-0.048,-0.181,0.105,-0.289,-0.052,0.276,0.076,-0.051,-0.05,0.13,0.023,-0.086,-0.063,1.0,0.037,-0.122
11,y2,-0.06,0.036,-0.11,-0.088,0.042,0.013,0.099,-0.087,0.173,0.148,0.123,-0.02,-0.059,0.037,1.0,-0.044
11,y3,0.057,0.086,-0.096,0.052,0.03,-0.074,-0.038,0.148,0.121,-0.15,-0.248,0.178,0.171,-0.122,-0.044,1.0
12,.,1.0,0.051,0.176,-0.136,-0.115,-0.251,-0.136,0.023,-0.158,0.01,-0.24,-0.193,0.03,-0.047,-0.059,0.058
12,A1_1,0.051,1.0,0.002,0.142,0.181,0.008,0.078,-0.012,0.02,0.021,0.066,0.077,-0.018,-0.181,0.035,0.086
12,A1_2,0.176,0.002,1.0,0.013,-0.034,-0.126,0.008,-0.087,-0.061,0.146,-0.121,-0.182,0.123,0.105,-0.109,-0.095
12,A1_3,-0.136,0.142,0.013,1.0,0.193,0.036,0.244,-0.161,0.086,-0.15,0.013,0.053,0.076,-0.29,-0.089,0.051
12,B1_1,-0.115,0.181,-0.034,0.193,1.0,0.061,0.035,-0.157,-0.019,-0.062,0.293,0.145,0.094,-0.054,0.04,0.028
12,B1_2,-0.251,0.008,-0.126,0.036,0.061,1.0,0.066,0.053,0.046,-0.077,0.0,-0.127,-0.019,0.274,0.012,-0.075
12,B1_3,-0.136,0.078,0.008,0.244,0.035,0.066,1.0,-0.102,-0.015,0.07,0.069,0.045,0.016,0.075,0.098,-0.039
12,A2_1,0.023,-0.012,-0.087,-0.161,-0.157,0.053,-0.102,1.0,0.239,0.031,-0.023,-0.014,-0.19,-0.051,-0.087,0.148
12,A2_2,-0.158,0.02,-0.061,0.086,-0.019,0.046,-0.015,0.239,1.0,-0.096,0.033,-0.044,-0.112,-0.051,0.172,0.121
12,A2_3,0.01,0.021,0.146,-0.15,-0.062,-0.077,0.07,0.031,-0.096,1.0,-0.032,-0.043,-0.202,0.13,0.149,-0.15
12,B2_1,-0.24,0.066,-0.121,0.013,0.293,0.0,0.069,-0.023,0.033,-0.032,1.0,-0.155,-0.124,0.021,0.121,-0.249
12,B2_2,-0.193,0.077,-0.182,0.053,0.145,-0.127,0.045,-0.014,-0.044,-0.043,-0.155,1.0,0.168,-0.086,-0.021,0.176
12,B2_3,0.03,-0.018,0.123,0.076,0.094,-0.019,0.016,-0.19,-0.112,-0.202,-0.124,0.168,1.0,-0.063,-0.059,0.169
12,y1,-0.047,-0.181,0.105,-0.29,-0.054,0.274,0.075,-0.051,-0.051,0.13,0.021,-0.086,-0.063,1.0,0.038,-0.121
12,y2,-0.059,0.035,-0.109,-0.089,0.04,0.012,0.098,-0.087,0.172,0.149,0.121,-0.021,-0.059,0.038,1.0,-0.042
12,y3,0.058,0.086,-0.095,0.051,0.028,-0.075,-0.039,0.148,0.121,-0.15,-0.249,0.176,0.169,-0.121,-0.042,1.0
13,.,1.0,0.051,0.178,-0.135,-0.126,-0.26,-0.146,0.025,-0.158,0.014,-0.25,-0.203,0.018,-0.044,-0.056,0.06
13,A1_1,0.051,1.0,0.003,0.142,0.179,0.007,0.077,-0.011,0.021,0.022,0.065,0.076,-0.019,-0.182,0.035,0.086
13,A1_2,0.178,0.003,1.0,0.014,-0.037,-0.129,0.005,-0.085,-0.06,0.148,-0.124,-0.184,0.119,0.106,-0.108,-0.094
13,A1_3,-0.135,0.142,0.014,1.0,0.192,0.036,0.243,-0.16,0.087,-0.149,0.012,0.053,0.076,-0.291,-0.09,0.05
13,B1_1,-0.126,0.179,-0.037,0.192,1.0,0.068,0.041,-0.158,-0.02,-0.065,0.299,0.151,0.101,-0.056,0.038,0.025
13,B1_2,-0.26,0.007,-0.129,0.036,0.068,1.0,0.072,0.05,0.045,-0.079,0.008,-0.12,-0.013,0.273,0.011,-0.076
13,B1_3,-0.146,0.077,0.005,0.243,0.041,0.072,1.0,-0.104,-0.015,0.067,0.077,0.051,0.022,0.074,0.096,-0.041
13,A2_1,0.025,-0.011,-0.085,-0.16,-0.158,0.05,-0.104,1.0,0.24,0.033,-0.025,-0.016,-0.192,-0.051,-0.087,0.148
13,A2_2,-0.158,0.021,-0.06,0.087,-0.02,0.045,-0.015,0.24,1.0,-0.095,0.032,-0.044,-0.112,-0.052,0.171,0.12
13,A2_3,0.014,0.022,0.148,-0.149,-0.065,-0.079,0.067,0.033,-0.095,1.0,-0.034,-0.046,-0.204,0.131,0.149,-0.149
13,B2_1,-0.25,0.065,-0.124,0.012,0.299,0.008,0.077,-0.025,0.032,-0.034,1.0,-0.147,-0.116,0.018,0.117,-0.25
13,B2_2,-0.203,0.076,-0.184,0.053,0.151,-0.12,0.051,-0.016,-0.044,-0.046,-0.147,1.0,0.172,-0.087,-0.023,0.174
13,B2_3,0.018,-0.019,0.119,0.076,0.101,-0.013,0.022,-0.192,-0.112,-0.204,-0.116,0.172,1.0,-0.064,-0.06,0.167
13,y1,-0.044,-0.182,0.106,-0.291,-0.056,0.273,0.074,-0.051,-0.052,0.131,0.018,-0.087,-0.064,1.0,0.04,-0.119
13,y2,-0.056,0.035,-0.108,-0.09,0.038,0.011,0.096,-0.087,0.171,0.149,0.117,-0.023,-0.06,0.04,1.0,-0.041
13,y3,0.06,0.086,-0.094,0.05,0.025,-0.076,-0.041,0.148,0.12,-0.149,-0.25,0.174,0.167,-0.119,-0.041,1.0
14,.,1.0,0.051,0.18,-0.133,-0.138,-0.27,-0.158,0.028,-0.156,0.018,-0.261,-0.213,0.003,-0.041,-0.053,0.063
14,A1_1,0.051,1.0,0.004,0.143,0.176,0.005,0.075,-0.009,0.022,0.023,0.063,0.075,-0.02,-0.182,0.035,0.086
14,A1_2,0.18,0.004,1.0,0.015,-0.041,-0.133,0.001,-0.083,-0.058,0.149,-0.128,-0.188,0.114,0.107,-0.106,-0.092
14,A1_3,-0.133,0.143,0.015,1.0,0.191,0.036,0.242,-0.158,0.087,-0.149,0.011,0.053,0.076,-0.293,-0.092,0.049
14,B1_1,-0.138,0.176,-0.041,0.191,1.0,0.076,0.049,-0.16,-0.021,-0.068,0.305,0.158,0.108,-0.058,0.035,0.021
14,B1_2,-0.27,0.005,-0.133,0.036,0.076,1.0,0.079,0.047,0.044,-0.082,0.017,-0.112,-0.006,0.27,0.01,-0.077
14,B1_3,-0.158,0.075,0.001,0.242,0.049,0.079,1.0,-0.106,-0.015,0.064,0.085,0.058,0.029,0.072,0.094,-0.042
14,A2_1,0.028,-0.009,-0.083,-0.158,-0.16,0.047,-0.106,1.0,0.242,0.034,-0.028,-0.018,-0.193,-0.051,-0.086,0.148
14,A2_2,-0.156,0.022,-0.058,0.087,-0.021,0.044,-0.015,0.242,1.0,-0.094,0.031,-0.044,-0.112,-0.053,0.17,0.12
14,A2_3,0.018,0.023,0.149,-0.149,-0.068,-0.082,0.064,0.034,-0.094,1.0,-0.037,-0.049,-0.206,0.131,0.15,-0.147
14,B2_1,-0.261,0.063,-0.128,0.011,0.305,0.017,0.085,-0.028,0.031,-0.037,1.0,-0.136,-0.106,0.015,0.114,-0.252
14,B2_2,-0.213,0.075,-0.188,0.053,0.158,-0.112,0.058,-0.018,-0.044,-0.049,-0.136,1.0,0.178,-0.088,-0.024,0.171
14,B2_3,0.003,-0.02,0.114,0.076,0.108,-0.006,0.029,-0.193,-0.112,-0.206,-0.106,0.178,1.0,-0.064,-0.061,0.164
14,y1,-0.041,-0.182,0.107,-0.293,-0.058,0.27,0.072,-0.051,-0.053,0.131,0.015,-0.088,-0.064,1.0,0.041,-0.118
14,y2,-0.053,0.035,-0.106,-0.092,0.035,0.01,0.094,-0.086,0.17,0.15,0.114,-0.024,-0.061,0.041,1.0,-0.039
14,y3,0.063,0.086,-0.092,0.049,0.021,-0.077,-0.042,0.148,0.12,-0.147,-0.252,0.171,0.164,-0.118,-0.039,1.0
15,.,1.0,0.052,0.182,-0.131,-0.151,-0.281,-0.17,0.031,-0.154,0.023,-0.273,-0.225,-0.012,-0.037,-0.05,0.067
15,A1_1,0.052,1.0,0.006,0.143,0.173,0.003,0.073,-0.007,0.022,0.024,0.06,0.073,-0.021,-0.183,0.034,0.086
15,A1_2,0.182,0.006,1.0,0.016,-0.045,-0.136,-0.003,-0.08,-0.056,0.15,-0.131,-0.191,0.109,0.108,-0.104,-0.091
15,A1_3,-0.131,0.143,0.016,1.0,0.189,0.035,0.241,-0.157,0.088,-0.148,0.01,0.052,0.075,-0.295,-0.093,0.047
15,B1_1,-0.151,0.173,-0.045,0.189,1.0,0.085,0.058,-0.162,-0.022,-0.071,0.313,0.166,0.117,-0.061,0.031,0.017
15,B1_2,-0.281,0.003,-0.136,0.035,0.085,1.0,0.087,0.044,0.043,-0.085,0.028,-0.102,0.002,0.267,0.007,-0.08
15,B1_3,-0.17,0.073,-0.003,0.241,0.058,0.087,1.0,-0.108,-0.016,0.06,0.094,0.066,0.037,0.07,0.091,-0.045
15,A2_1,0.031,-0.007,-0.08,-0.157,-0.162,0.044,-0.108,1.0,0.243,0.036,-0.031,-0.021,-0.195,-0.051,-0.086,0.149
15,A2_2,-0.154,0.022,-0.056,0.088,-0.022,0.043,-0.016,0.243,1.0,-0.093,0.029,-0.045,-0.112,-0.053,0.169,0.119
15,A2_3,0.023,0.024,0.15,-0.148,-0.071,-0.085,0.06,0.036,-0.093,1.0,-0.041,-0.052,-0.208,0.132,0.151,-0.146
15,B2_1,-0.273,0.06,-0.131,0.01,0.313,0.028,0.094,-0.031,0.029,-0.041,1.0,-0.125,-0.095,0.012,0.109,-0.254
15,B2_2,-0.225,0.073,-0.191,0.052,0.166,-0.102,0.066,-0.021,-0.045,-0.052,-0.125,1.0,0.185,-0.09,-0.026,0.167
15,B2_3,-0.012,-0.021,0.109,0.075,0.117,0.002,0.037,-0.195,-0.112,-0.208,-0.095,0.185,1.0,-0.066,-0.063,0.161
15,y1,-0.037,-0.183,0.108,-0.295,-0.061,0.267,0.07,-0.051,-0.053,0.132,0.012,-0.09,-0.066,1.0,0.043,-0.115
15,y2,-0.05,0.034,-0.104,-0.093,0.031,0.007,0.091,-0.086,0.169,0.151,0.109,-0.026,-0.063,0.043,1.0,-0.036
15,y3,0.067,0.086,-0.091,0.047,0.017,-0.08,-0.045,0.149,0.119,-0.146,-0.254,0.167,0.161,-0.115,-0.036,1.0
16,.,1.0,0.054,0.184,-0.128,-0.164,-0.293,-0.184,0.035,-0.151,0.028,-0.285,-0.237,-0.029,-0.031,-0.045,0.071
16,A1_1,0.054,1.0,0.008,0.144,0.17,0.001,0.071,-0.005,0.024,0.025,0.058,0.07,-0.023,-0.183,0.034,0.086
16,A1_2,0.184,0.008,1.0,0.018,-0.05,-0.141,-0.008,-0.077,-0.053,0.152,-0.135,-0.195,0.104,0.109,-0.102,-0.089
16,A1_3,-0.128,0.144,0.018,1.0,0.187,0.035,0.239,-0.155,0.088,-0.147,0.009,0.051,0.075,-0.296,-0.095,0.046
16,B1_1,-0.164,0.17,-0.05,0.187,1.0,0.095,0.068,-0.165,-0.024,-0.074,0.32,0.175,0.126,-0.065,0.027,0.013
16,B1_2,-0.293,0.001,-0.141,0.035,0.095,1.0,0.096,0.04,0.042,-0.089,0.039,-0.091,0.012,0.263,0.005,-0.082
16,B1_3,-0.184,0.071,-0.008,0.239,0.068,0.096,1.0,-0.111,-0.017,0.056,0.104,0.075,0.046,0.067,0.087,-0.048
16,A2_1,0.035,-0.005,-0.077,-0.155,-0.165,0.04,-0.111,1.0,0.245,0.038,-0.034,-0.025,-0.198,-0.05,-0.085,0.149
16,A2_2,-0.151,0.024,-0.053,0.088,-0.024,0.042,-0.017,0.245,1.0,-0.091,0.027,-0.046,-0.113,-0.054,0.168,0.119
16,A2_3,0.028,0.025,0.152,-0.147,-0.074,-0.089,0.056,0.038,-0.091,1.0,-0.044,-0.055,-0.211,0.132,0.152,-0.144
16,B2_1,-0.285,0.058,-0.135,0.009,0.32,0.039,0.104,-0.034,0.027,-0.044,1.0,-0.113,-0.084,0.007,0.104,-0.257
16,B2_2,-0.237,0.07,-0.195,0.051,0.175,-0.091,0.075,-0.025,-0.046,-0.055,-0.113,1.0,0.193,-0.092,-0.029,0.163
16,B2_3,-0.029,-0.023,0.104,0.075,0.126,0.012,0.046,-0.198,-0.113,-0.211,-0.084,0.193,1.0,-0.068,-0.065,0.157
16,y1,-0.031,-0.183,0.109,-0.296,-0.065,0.263,0.067,-0.05,-0.054,0.132,0.007,-0.092,-0.068,1.0,0.046,-0.113
16,y2,-0.045,0.034,-0.102,-0.095,0.027,0.005,0.087,-0.085,0.168,0.152,0.104,-0.029,-0.065,0.046,1.0,-0.033
16,y3,0.071,0.086,-0.089,0.046,0.013,-0.082,-0.048,0.149,0.119,-0.144,-0.257,0.163,0.157,-0.113,-0.033,1.0
17,.,1.0,0.056,0.186,-0.125,-0.178,-0.305,-0.199,0.039,-0.148,0.032,-0.297,-0.25,-0.046,-0.025,-0.039,0.076
17,A1_1,0.056,1.0,0.011,0.144,0.166,-0.001,0.068,-0.003,0.025,0.027,0.054,0.068,-0.025,-0.183,0.034,0.086
17,A1_2,0.186,0.011,1.0,0.02,-0.055,-0.145,-0.013,-0.074,-0.051,0.154,-0.139,-0.199,0.098,0.111,-0.1,-0.087
17,A1_3,-0.125,0.144,0.02,1.0,0.184,0.034,0.238,-0.153,0.089,-0.145,0.007,0.05,0.074,-0.298,-0.096,0.045
17,B1_1,-0.178,0.166,-0.055,0.184,1.0,0.106,0.079,-0.168,-0.026,-0.078,0.329,0.184,0.136,-0.069,0.022,0.008
17,B1_2,-0.305,-0.001,-0.145,0.034,0.106,1.0,0.106,0.036,0.04,-0.093,0.051,-0.079,0.023,0.259,0.002,-0.085
17,B1_3,-0.199,0.068,-0.013,0.238,0.079,0.106,1.0,-0.114,-0.019,0.051,0.115,0.085,0.056,0.063,0.083,-0.051
17,A2_1,0.039,-0.003,-0.074,-0.153,-0.168,0.036,-0.114,1.0,0.247,0.041,-0.037,-0.029,-0.2,-0.05,-0.084,0.149
17,A2_2,-0.148,0.025,-0.051,0.089,-0.026,0.04,-0.019,0.247,1.0,-0.089,0.025,-0.047,-0.113,-0.055,0.167,0.119
17,A2_3,0.032,0.027,0.154,-0.145,-0.078,-0.093,0.051,0.041,-0.089,1.0,-0.048,-0.059,-0.214,0.133,0.153,-0.143
17,B2_1,-0.297,0.054,-0.139,0.007,0.329,0.051,0.115,-0.037,0.025,-0.048,1.0,-0.099,-0.07,0.002,0.098,-0.259
17,B2_2,-0.25,0.068,-0.199,0.05,0.184,-0.079,0.085,-0.029,-0.047,-0.059,-0.099,1.0,0.201,-0.095,-0.033,0.158
17,B2_3,-0.046,-0.025,0.098,0.074,0.136,0.023,0.056,-0.2,-0.113,-0.214,-0.07,0.201,1.0,-0.07,-0.068,0.153
17,y1,-0.025,-0.183,0.111,-0.298,-0.069,0.259,0.063,-0.05,-0.055,0.133,0.002,-0.095,-0.07,1.0,0.049,-0.11
17,y2,-0.039,0.034,-0.1,-0.096,0.022,0.002,0.083,-0.084,0.167,0.153,0.098,-0.033,-0.068,0.049,1.0,-0.03
17,y3,0.076,0.086,-0.087,0.045,0.008,-0.085,-0.051,0.149,0.119,-0.143,-0.259,0.158,0.153,-0.11,-0.03,1.0
18,.,1.0,0.058,0.188,-0.121,-0.192,-0.318,-0.214,0.042,-0.144,0.037,-0.309,-0.264,-0.064,-0.017,-0.032,0.082
18,A1_1,0.058,1.0,0.013,0.145,0.162,-0.004,0.065,-0.001,0.026,0.028,0.051,0.065,-0.027,-0.183,0.033,0.086
18,A1_2,0.188,0.013,1.0,0.022,-0.06,-0.15,-0.019,-0.071,-0.048,0.156,-0.143,-0.204,0.091,0.112,-0.097,-0.085
18,A1_3,-0.121,0.145,0.022,1.0,0.181,0.033,0.235,-0.151,0.09,-0.144,0.005,0.049,0.073,-0.3,-0.098,0.043
18,B1_1,-0.192,0.162,-0.06,0.181,1.0,0.118,0.091,-0.17,-0.028,-0.082,0.338,0.195,0.148,-0.074,0.016,0.002
18,B1_2,-0.318,-0.004,-0.15,0.033,0.118,1.0,0.117,0.031,0.037,-0.097,0.064,-0.066,0.035,0.253,-0.002,-0.088
18,B1_3,-0.214,0.065,-0.019,0.235,0.091,0.117,1.0,-0.117,-0.021,0.046,0.126,0.096,0.067,0.058,0.078,-0.055
18,A2_1,0.042,-0.001,-0.071,-0.151,-0.17,0.031,-0.117,1.0,0.249,0.043,-0.041,-0.033,-0.203,-0.049,-0.082,0.15
18,A2_2,-0.144,0.026,-0.048,0.09,-0.028,0.037,-0.021,0.249,1.0,-0.087,0.022,-0.049,-0.115,-0.055,0.166,0.118
18,A2_3,0.037,0.028,0.156,-0.144,-0.082,-0.097,0.046,0.043,-0.087,1.0,-0.053,-0.063,-0.217,0.134,0.154,-0.141
18,B2_1,-0.309,0.051,-0.143,0.005,0.338,0.064,0.126,-0.041,0.022,-0.053,1.0,-0.084,-0.056,-0.003,0.092,-0.263
18,B2_2,-0.264,0.065,-0.204,0.049,0.195,-0.066,0.096,-0.033,-0.049,-0.063,-0.084,1.0,0.211,-0.098,-0.036,0.152
18,B2_3,-0.064,-0.027,0.091,0.073,0.148,0.035,0.067,-0.203,-0.115,-0.217,-0.056,0.211,1.0,-0.073,-0.071,0.147
18,y1,-0.017,-0.183,0.112,-0.3,-0.074,0.253,0.058,-0.049,-0.055,0.134,-0.003,-0.098,-0.073,1.0,0.052,-0.106
18,y2,-0.032,0.033,-0.097,-0.098,0.016,-0.002,0.078,-0.082,0.166,0.154,0.092,-0.036,-0.071,0.052,1.0,-0.026
18,y3,0.082,0.086,-0.085,0.043,0.002,-0.088,-0.055,0.15,0.118,-0.141,-0.263,0.152,0.147,-0.106,-0.026,1.0
19,.,1.0,0.06,0.19,-0.117,-0.206,-0.332,-0.229,0.046,-0.14,0.042,-0.321,-0.278,-0.083,-0.008,-0.025,0.087
19,A1_1,0.06,1.0,0.016,0.146,0.158,-0.006,0.062,0.002,0.028,0.03,0.048,0.061,-0.029,-0.183,0.033,0.086
19,A1_2,0.19,0.016,1.0,0.025,-0.065,-0.155,-0.025,-0.067,-0.044,0.158,-0.147,-0.208,0.084,0.114,-0.094,-0.083
19,A1_3,-0.117,0.146,0.025,1.0,0.178,0.031,0.233,-0.148,0.091,-0.142,0.003,0.047,0.072,-0.302,-0.099,0.042
19,B1_1,-0.206,0.158,-0.065,0.178,1.0,0.13,0.103,-0.174,-0.031,-0.086,0.347,0.206,0.16,-0.08,0.01,-0.004
19,B1_2,-0.332,-0.006,-0.155,0.031,0.13,1.0,0.129,0.026,0.034,-0.101,0.078,-0.052,0.047,0.247,-0.007,-0.092
19,B1_3,-0.229,0.062,-0.025,0.233,0.103,0.129,1.0,-0.121,-0.023,0.041,0.139,0.108,0.079,0.053,0.073,-0.059
19,A2_1,0.046,0.002,-0.067,-0.148,-0.174,0.026,-0.121,1.0,0.252,0.046,-0.045,-0.037,-0.206,-0.048,-0.081,0.151
19,A2_2,-0.14,0.028,-0.044,0.091,-0.031,0.034,-0.023,0.252,1.0,-0.084,0.018,-0.052,-0.116,-0.056,0.165,0.118
19,A2_3,0.042,0.03,0.158,-0.142,-0.086,-0.101,0.041,0.046,-0.084,1.0,-0.057,-0.068,-0.221,0.136,0.155,-0.139
19,B2_1,-0.321,0.048,-0.147,0.003,0.347,0.078,0.139,-0.045,0.018,-0.057,1.0,-0.069,-0.041,-0.01,0.085,-0.266
19,B2_2,-0.278,0.061,-0.208,0.047,0.206,-0.052,0.108,-0.037,-0.052,-0.068,-0.069,1.0,0.222,-0.102,-0.041,0.146
19,B2_3,-0.083,-0.029,0.084,0.072,0.16,0.047,0.079,-0.206,-0.116,-0.221,-0.041,0.222,1.0,-0.077,-0.075,0.141
19,y1,-0.008,-0.183,0.114,-0.302,-0.08,0.247,0.053,-0.048,-0.056,0.136,-0.01,-0.102,-0.077,1.0,0.056,-0.101
19,y2,-0.025,0.033,-0.094,-0.099,0.01,-0.007,0.073,-0.081,0.165,0.155,0.085,-0.041,-0.075,0.056,1.0,-0.021
19,y3,0.087,0.086,-0.083,0.042,-0.004,-0.092,-0.059,0.151,0.118,-0.139,-0.266,0.146,0.141,-0.101,-0.021,1.0
20,.,1.0,0.062,0.192,-0.112,-0.219,-0.344,-0.244,0.049,-0.136,0.046,-0.332,-0.291,-0.101,0.001,-0.017,0.093
20,A1_1,0.062,1.0,0.019,0.147,0.153,-0.009,0.058,0.005,0.03,0.033,0.044,0.058,-0.032,-0.183,0.033,0.086
20,A1_2,0.192,0.019,1.0,0.028,-0.07,-0.16,-0.031,-0.063,-0.041,0.16,-0.151,-0.213,0.076,0.116,-0.091,-0.08
20,A1_3,-0.112,0.147,0.028,1.0,0.174,0.03,0.23,-0.145,0.092,-0.14,0.0,0.045,0.07,-0.304,-0.101,0.04
20,B1_1,-0.219,0.153,-0.07,0.174,1.0,0.142,0.116,-0.176,-0.034,-0.09,0.356,0.217,0.172,-0.086,0.003,-0.01
20,B1_2,-0.344,-0.009,-0.16,0.03,0.142,1.0,0.141,0.021,0.031,-0.106,0.091,-0.037,0.061,0.239,-0.012,-0.096
20,B1_3,-0.244,0.058,-0.031,0.23,0.116,0.141,1.0,-0.125,-0.026,0.035,0.151,0.121,0.093,0.047,0.067,-0.064
20,A2_1,0.049,0.005,-0.063,-0.145,-0.176,0.021,-0.125,1.0,0.254,0.049,-0.048,-0.042,-0.209,-0.046,-0.079,0.151
20,A2_2,-0.136,0.03,-0.041,0.092,-0.034,0.031,-0.026,0.254,1.0,-0.081,0.015,-0.054,-0.118,-0.056,0.165,0.118
20,A2_3,0.046,0.033,0.16,-0.14,-0.09,-0.106,0.035,0.049,-0.081,1.0,-0.061,-0.073,-0.225,0.137,0.157,-0.136
20,B2_1,-0.332,0.044,-0.151,0.0,0.356,0.091,0.151,-0.048,0.015,-0.061,1.0,-0.054,-0.026,-0.017,0.077,-0.269
20,B2_2,-0.291,0.058,-0.213,0.045,0.217,-0.037,0.121,-0.042,-0.054,-0.073,-0.054,1.0,0.233,-0.107,-0.046,0.139
20,B2_3,-0.101,-0.032,0.076,0.07,0.172,0.061,0.093,-0.209,-0.118,-0.225,-0.026,0.233,1.0,-0.081,-0.079,0.135
20,y1,0.001,-0.183,0.116,-0.304,-0.086,0.239,0.047,-0.046,-0.056,0.137,-0.017,-0.107,-0.081,1.0,0.061,-0.096
20,y2,-0.017,0.033,-0.091,-0.101,0.003,-0.012,0.067,-0.079,0.165,0.157,0.077,-0.046,-0.079,0.061,1.0,-0.016
20,y3,0.093,0.086,-0.08,0.04,-0.01,-0.096,-0.064,0.151,0.118,-0.136,-0.269,0.139,0.135,-0.096,-0.016,1.0
21,.,1.0,0.065,0.193,-0.107,-0.231,-0.356,-0.258,0.052,-0.132,0.049,-0.342,-0.305,-0.118,0.01,-0.01,0.099
21,A1_1,0.065,1.0,0.022,0.148,0.149,-0.013,0.055,0.008,0.033,0.035,0.04,0.054,-0.035,-0.183,0.033,0.086
21,A1_2,0.193,0.022,1.0,0.031,-0.075,-0.164,-0.036,-0.059,-0.037,0.163,-0.155,-0.217,0.069,0.118,-0.088,-0.078
21,A1_3,-0.107,0.148,0.031,1.0,0.17,0.027,0.226,-0.142,0.094,-0.137,-0.003,0.042,0.067,-0.306,-0.102,0.039
21,B1_1,-0.231,0.149,-0.075,0.17,1.0,0.155,0.129,-0.179,-0.037,-0.094,0.365,0.228,0.185,-0.093,-0.003,-0.017
21,B1_2,-0.356,-0.013,-0.164,0.027,0.155,1.0,0.154,0.017,0.028,-0.11,0.104,-0.022,0.074,0.232,-0.017,-0.1
21,B1_3,-0.258,0.055,-0.036,0.226,0.129,0.154,1.0,-0.128,-0.028,0.03,0.164,0.134,0.106,0.04,0.06,-0.069
21,A2_1,0.052,0.008,-0.059,-0.142,-0.179,0.017,-0.128,1.0,0.257,0.052,-0.052,-0.046,-0.212,-0.045,-0.077,0.151
21,A2_2,-0.132,0.033,-0.037,0.094,-0.037,0.028,-0.028,0.257,1.0,-0.078,0.011,-0.057,-0.12,-0.056,0.164,0.118
21,A2_3,0.049,0.035,0.163,-0.137,-0.094,-0.11,0.03,0.052,-0.078,1.0,-0.066,-0.078,-0.228,0.138,0.158,-0.134
21,B2_1,-0.342,0.04,-0.155,-0.003,0.365,0.104,0.164,-0.052,0.011,-0.066,1.0,-0.039,-0.01,-0.024,0.069,-0.273
21,B2_2,-0.305,0.054,-0.217,0.042,0.228,-0.022,0.134,-0.046,-0.057,-0.078,-0.039,1.0,0.244,-0.112,-0.052,0.132
21,B2_3,-0.118,-0.035,0.069,0.067,0.185,0.074,0.106,-0.212,-0.12,-0.228,-0.01,0.244,1.0,-0.086,-0.084,0.128
21,y1,0.01,-0.183,0.118,-0.306,-0.093,0.232,0.04,-0.045,-0.056,0.138,-0.024,-0.112,-0.086,1.0,0.066,-0.09
21,y2,-0.01,0.033,-0.088,-0.102,-0.003,-0.017,0.06,-0.077,0.164,0.158,0.069,-0.052,-0.084,0.066,1.0,-0.01
21,y3,0.099,0.086,-0.078,0.039,-0.017,-0.1,-0.069,0.151,0.118,-0.134,-0.273,0.132,0.128,-0.09,-0.01,1.0
22,.,1.0,0.067,0.193,-0.101,-0.242,-0.368,-0.272,0.055,-0.128,0.052,-0.351,-0.317,-0.134,0.019,-0.003,0.103
22,A1_1,0.067,1.0,0.025,0.15,0.144,-0.016,0.051,0.012,0.035,0.037,0.037,0.05,-0.038,-0.183,0.033,0.085
22,A1_2,0.193,0.025,1.0,0.035,-0.079,-0.169,-0.042,-0.055,-0.033,0.165,-0.158,-0.221,0.062,0.12,-0.085,-0.076
22,A1_3,-0.101,0.15,0.035,1.0,0.165,0.024,0.222,-0.138,0.096,-0.134,-0.006,0.039,0.064,-0.307,-0.104,0.038
22,B1_1,-0.242,0.144,-0.079,0.165,1.0,0.167,0.142,-0.182,-0.041,-0.098,0.374,0.24,0.197,-0.1,-0.01,-0.022
22,B1_2,-0.368,-0.016,-0.169,0.024,0.167,1.0,0.166,0.011,0.024,-0.114,0.117,-0.007,0.088,0.223,-0.022,-0.103
22,B1_3,-0.272,0.051,-0.042,0.222,0.142,0.166,1.0,-0.132,-0.032,0.024,0.176,0.147,0.119,0.033,0.053,-0.073
22,A2_1,0.055,0.012,-0.055,-0.138,-0.182,0.011,-0.132,1.0,0.26,0.055,-0.056,-0.051,-0.215,-0.043,-0.075,0.152
22,A2_2,-0.128,0.035,-0.033,0.096,-0.041,0.024,-0.032,0.26,1.0,-0.075,0.007,-0.06,-0.123,-0.056,0.163,0.118
22,A2_3,0.052,0.037,0.165,-0.134,-0.098,-0.114,0.024,0.055,-0.075,1.0,-0.07,-0.082,-0.232,0.14,0.16,-0.132
22,B2_1,-0.351,0.037,-0.158,-0.006,0.374,0.117,0.176,-0.056,0.007,-0.07,1.0,-0.024,0.005,-0.032,0.062,-0.276
22,B2_2,-0.317,0.05,-0.221,0.039,0.24,-0.007,0.147,-0.051,-0.06,-0.082,-0.024,1.0,0.256,-0.118,-0.057,0.125
22,B2_3,-0.134,-0.038,0.062,0.064,0.197,0.088,0.119,-0.215,-0.123,-0.232,0.005,0.256,1.0,-0.091,-0.088,0.122
22,y1,0.019,-0.183,0.12,-0.307,-0.1,0.223,0.033,-0.043,-0.056,0.14,-0.032,-0.118,-0.091,1.0,0.072,-0.084
22,y2,-0.003,0.033,-0.085,-0.104,-0.01,-0.022,0.053,-0.075,0.163,0.16,0.062,-0.057,-0.088,0.072,1.0,-0.004
22,y3,0.103,0.085,-0.076,0.038,-0.022,-0.103,-0.073,0.152,0.118,-0.132,-0.276,0.125,0.122,-0.084,-0.004,1.0
23,.,1.0,0.069,0.193,-0.096,-0.252,-0.378,-0.284,0.056,-0.124,0.055,-0.36,-0.328,-0.148,0.029,0.003,0.107
23,A1_1,0.069,1.0,0.028,0.152,0.14,-0.019,0.047,0.015,0.038,0.04,0.033,0.046,-0.041,-0.182,0.033,0.085
23,A1_2,0.193,0.028,1.0,0.038,-0.084,-0.173,-0.047,-0.052,-0.029,0.167,-0.161,-0.225,0.056,0.122,-0.083,-0.075
23,A1_3,-0.096,0.152,0.038,1.0,0.16,0.021,0.218,-0.134,0.098,-0.131,-0.01,0.035,0.061,-0.308,-0.105,0.037
23,B1_1,-0.252,0.14,-0.084,0.16,1.0,0.179,0.154,-0.185,-0.045,-0.102,0.382,0.25,0.209,-0.107,-0.016,-0.028
23,B1_2,-0.378,-0.019,-0.173,0.021,0.179,1.0,0.178,0.007,0.019,-0.119,0.13,0.007,0.101,0.215,-0.027,-0.106
23,B1_3,-0.284,0.047,-0.047,0.218,0.154,0.178,1.0,-0.135,-0.036,0.019,0.188,0.159,0.132,0.026,0.047,-0.077
23,A2_1,0.056,0.015,-0.052,-0.134,-0.185,0.007,-0.135,1.0,0.264,0.058,-0.059,-0.055,-0.218,-0.042,-0.074,0.151
23,A2_2,-0.124,0.038,-0.029,0.098,-0.045,0.019,-0.036,0.264,1.0,-0.071,0.003,-0.064,-0.126,-0.055,0.163,0.119
23,A2_3,0.055,0.04,0.167,-0.131,-0.102,-0.119,0.019,0.058,-0.071,1.0,-0.074,-0.087,-0.235,0.141,0.161,-0.13
23,B2_1,-0.36,0.033,-0.161,-0.01,0.382,0.13,0.188,-0.059,0.003,-0.074,1.0,-0.009,0.019,-0.04,0.054,-0.278
23,B2_2,-0.328,0.046,-0.225,0.035,0.25,0.007,0.159,-0.055,-0.064,-0.087,-0.009,1.0,0.267,-0.123,-0.062,0.119
23,B2_3,-0.148,-0.041,0.056,0.061,0.209,0.101,0.132,-0.218,-0.126,-0.235,0.019,0.267,1.0,-0.097,-0.093,0.116
23,y1,0.029,-0.182,0.122,-0.308,-0.107,0.215,0.026,-0.042,-0.055,0.141,-0.04,-0.123,-0.097,1.0,0.078,-0.077
23,y2,0.003,0.033,-0.083,-0.105,-0.016,-0.027,0.047,-0.074,0.163,0.161,0.054,-0.062,-0.093,0.078,1.0,0.002
23,y3,0.107,0.085,-0.075,0.037,-0.028,-0.106,-0.077,0.151,0.119,-0.13,-0.278,0.119,0.116,-0.077,0.002,1.0
24,.,1.0,0.071,0.192,-0.089,-0.261,-0.387,-0.296,0.057,-0.121,0.056,-0.367,-0.339,-0.161,0.036,0.009,0.11
24,A1_1,0.071,1.0,0.032,0.154,0.135,-0.023,0.043,0.019,0.041,0.043,0.03,0.042,-0.044,-0.182,0.032,0.085
24,A1_2,0.192,0.032,1.0,0.043,-0.087,-0.176,-0.052,-0.048,-0.024,0.169,-0.164,-0.228,0.05,0.123,-0.08,-0.074
24,A1_3,-0.089,0.154,0.043,1.0,0.154,0.017,0.212,-0.129,0.101,-0.127,-0.015,0.031,0.057,-0.309,-0.105,0.036
