,,.,A1_1,A1_2,A1_3,B1_1,B1_2,B1_3,A2_1,A2_2,A2_3,B2_1,B2_2,B2_3,y1,y2,y3
1,.,1.0,0.012,0.088,0.767,0.092,0.028,-0.13,0.496,-0.111,-0.189,-0.283,0.481,-0.116,-0.196,-0.118,-0.341
1,A1_1,0.012,1.0,-0.521,0.289,0.071,-0.659,0.488,0.466,-0.083,0.088,0.539,0.243,0.241,-0.552,0.164,0.081
1,A1_2,0.088,-0.521,1.0,0.031,-0.234,0.035,-0.214,-0.452,-0.19,-0.141,-0.409,0.104,-0.474,0.526,-0.475,-0.065
1,A1_3,0.767,0.289,0.031,1.0,-0.071,-0.238,0.133,0.482,-0.172,0.024,-0.257,0.469,0.097,-0.081,-0.123,-0.431
1,B1_1,0.092,0.071,-0.234,-0.071,1.0,-0.149,-0.709,0.6,-0.268,-0.035,-0.172,0.21,0.403,-0.603,0.573,0.393
1,B1_2,0.028,-0.659,0.035,-0.238,-0.149,1.0,-0.211,-0.216,0.355,-0.05,-0.353,-0.451,-0.237,0.556,-0.063,-0.4
1,B1_3,-0.13,0.488,-0.214,0.133,-0.709,-0.211,1.0,-0.243,0.244,0.07,0.411,-0.215,-0.019,0.007,-0.395,-0.136
1,A2_1,0.496,0.466,-0.452,0.482,0.6,-0.216,-0.243,1.0,-0.014,0.043,-0.222,0.338,0.426,-0.668,0.385,0.237
1,A2_2,-0.111,-0.083,-0.19,-0.172,-0.268,0.355,0.244,-0.014,1.0,0.336,-0.178,0.092,-0.235,0.038,0.434,0.1
1,A2_3,-0.189,0.088,-0.141,0.024,-0.035,-0.05,0.07,0.043,0.336,1.0,-0.034,-0.07,0.042,0.093,0.298,0.132
1,B2_1,-0.283,0.539,-0.409,-0.257,-0.172,-0.353,0.411,-0.222,-0.178,-0.034,1.0,-0.16,0.136,-0.175,0.016,-0.025
1,B2_2,0.481,0.243,0.104,0.469,0.21,-0.451,-0.215,0.338,0.092,-0.07,-0.16,1.0,-0.35,-0.319,0.433,-0.092
1,B2_3,-0.116,0.241,-0.474,0.097,0.403,-0.237,-0.019,0.426,-0.235,0.042,0.136,-0.35,1.0,-0.47,0.167,0.428
1,y1,-0.196,-0.552,0.526,-0.081,-0.603,0.556,0.007,-0.668,0.038,0.093,-0.175,-0.319,-0.47,1.0,-0.409,-0.584
1,y2,-0.118,0.164,-0.475,-0.123,0.573,-0.063,-0.395,0.385,0.434,0.298,0.016,0.433,0.167,-0.409,1.0,0.216
1,y3,-0.341,0.081,-0.065,-0.431,0.393,-0.4,-0.136,0.237,0.1,0.132,-0.025,-0.092,0.428,-0.584,0.216,1.0
2,.,1.0,0.01,0.089,0.767,0.091,0.031,-0.129,0.495,-0.109,-0.188,-0.285,0.481,-0.116,-0.195,-0.119,-0.341
2,A1_1,0.01,1.0,-0.52,0.289,0.073,-0.658,0.489,0.466,-0.082,0.087,0.54,0.245,0.242,-0.552,0.165,0.08
2,A1_2,0.089,-0.52,1.0,0.031,-0.234,0.035,-0.214,-0.452,-0.19,-0.141,-0.409,0.105,-0.475,0.526,-0.474,-0.066
2,A1_3,0.767,0.289,0.031,1.0,-0.07,-0.237,0.135,0.482,-0.171,0.024,-0.256,0.47,0.098,-0.08,-0.122,-0.431
2,B1_1,0.091,0.073,-0.234,-0.07,1.0,-0.149,-0.709,0.601,-0.27,-0.033,-0.171,0.209,0.403,-0.603,0.572,0.394
2,B1_2,0.031,-0.658,0.035,-0.237,-0.149,1.0,-0.212,-0.215,0.354,-0.049,-0.352,-0.452,-0.238,0.556,-0.064,-0.401
2,B1_3,-0.129,0.489,-0.214,0.135,-0.709,-0.212,1.0,-0.241,0.242,0.071,0.411,-0.215,-0.019,0.007,-0.396,-0.137
2,A2_1,0.495,0.466,-0.452,0.482,0.601,-0.215,-0.241,1.0,-0.013,0.043,-0.221,0.339,0.427,-0.668,0.386,0.237
2,A2_2,-0.109,-0.082,-0.19,-0.171,-0.27,0.354,0.242,-0.013,1.0,0.335,-0.179,0.092,-0.237,0.038,0.434,0.099
2,A2_3,-0.188,0.087,-0.141,0.024,-0.033,-0.049,0.071,0.043,0.335,1.0,-0.034,-0.068,0.043,0.092,0.298,0.131
2,B2_1,-0.285,0.54,-0.409,-0.256,-0.171,-0.352,0.411,-0.221,-0.179,-0.034,1.0,-0.16,0.136,-0.175,0.015,-0.025
2,B2_2,0.481,0.245,0.105,0.47,0.209,-0.452,-0.215,0.339,0.092,-0.068,-0.16,1.0,-0.351,-0.318,0.433,-0.091
2,B2_3,-0.116,0.242,-0.475,0.098,0.403,-0.238,-0.019,0.427,-0.237,0.043,0.136,-0.351,1.0,-0.47,0.167,0.428
2,y1,-0.195,-0.552,0.526,-0.08,-0.603,0.556,0.007,-0.668,0.038,0.092,-0.175,-0.318,-0.47,1.0,-0.409,-0.585
2,y2,-0.119,0.165,-0.474,-0.122,0.572,-0.064,-0.396,0.386,0.434,0.298,0.015,0.433,0.167,-0.409,1.0,0.217
2,y3,-0.341,0.08,-0.066,-0.431,0.394,-0.401,-0.137,0.237,0.099,0.131,-0.025,-0.091,0.428,-0.585,0.217,1.0
3,.,1.0,0.007,0.089,0.766,0.09,0.033,-0.128,0.494,-0.107,-0.188,-0.286,0.481,-0.116,-0.194,-0.119,-0.34
3,A1_1,0.007,1.0,-0.52,0.29,0.075,-0.657,0.491,0.466,-0.082,0.087,0.54,0.247,0.242,-0.553,0.165,0.079
3,A1_2,0.089,-0.52,1.0,0.032,-0.234,0.035,-0.214,-0.452,-0.189,-0.141,-0.409,0.105,-0.475,0.526,-0.474,-0.066
3,A1_3,0.766,0.29,0.032,1.0,-0.07,-0.237,0.136,0.482,-0.17,0.024,-0.255,0.471,0.098,-0.08,-0.121,-0.431
3,B1_1,0.09,0.075,-0.234,-0.07,1.0,-0.15,-0.709,0.603,-0.272,-0.03,-0.171,0.208,0.403,-0.603,0.57,0.394
3,B1_2,0.033,-0.657,0.035,-0.237,-0.15,1.0,-0.214,-0.214,0.353,-0.048,-0.351,-0.453,-0.239,0.557,-0.065,-0.402
3,B1_3,-0.128,0.491,-0.214,0.136,-0.709,-0.214,1.0,-0.24,0.24,0.072,0.412,-0.216,-0.018,0.007,-0.398,-0.137
3,A2_1,0.494,0.466,-0.452,0.482,0.603,-0.214,-0.24,1.0,-0.013,0.042,-0.22,0.341,0.427,-0.668,0.387,0.236
3,A2_2,-0.107,-0.082,-0.189,-0.17,-0.272,0.353,0.24,-0.013,1.0,0.335,-0.18,0.092,-0.239,0.039,0.435,0.097
3,A2_3,-0.188,0.087,-0.141,0.024,-0.03,-0.048,0.072,0.042,0.335,1.0,-0.033,-0.066,0.044,0.091,0.297,0.129
3,B2_1,-0.286,0.54,-0.409,-0.255,-0.171,-0.351,0.412,-0.22,-0.18,-0.033,1.0,-0.16,0.137,-0.175,0.014,-0.025
3,B2_2,0.481,0.247,0.105,0.471,0.208,-0.453,-0.216,0.341,0.092,-0.066,-0.16,1.0,-0.351,-0.318,0.433,-0.091
3,B2_3,-0.116,0.242,-0.475,0.098,0.403,-0.239,-0.018,0.427,-0.239,0.044,0.137,-0.351,1.0,-0.469,0.166,0.428
3,y1,-0.194,-0.553,0.526,-0.08,-0.603,0.557,0.007,-0.668,0.039,0.091,-0.175,-0.318,-0.469,1.0,-0.409,-0.585
3,y2,-0.119,0.165,-0.474,-0.121,0.57,-0.065,-0.398,0.387,0.435,0.297,0.014,0.433,0.166,-0.409,1.0,0.218
3,y3,-0.34,0.079,-0.066,-0.431,0.394,-0.402,-0.137,0.236,0.097,0.129,-0.025,-0.091,0.428,-0.585,0.218,1.0
4,.,1.0,0.004,0.089,0.764,0.09,0.036,-0.128,0.492,-0.106,-0.188,-0.287,0.481,-0.117,-0.193,-0.119,-0.34
4,A1_1,0.004,1.0,-0.52,0.29,0.077,-0.656,0.492,0.467,-0.081,0.087,0.541,0.248,0.243,-0.553,0.166,0.079
4,A1_2,0.089,-0.52,1.0,0.032,-0.234,0.036,-0.214,-0.452,-0.188,-0.141,-0.409,0.106,-0.475,0.527,-0.473,-0.067
4,A1_3,0.764,0.29,0.032,1.0,-0.069,-0.237,0.137,0.482,-0.169,0.024,-0.254,0.472,0.098,-0.08,-0.12,-0.432
4,B1_1,0.09,0.077,-0.234,-0.069,1.0,-0.151,-0.708,0.604,-0.274,-0.028,-0.17,0.207,0.404,-0.602,0.568,0.395
4,B1_2,0.036,-0.656,0.036,-0.237,-0.151,1.0,-0.215,-0.214,0.353,-0.047,-0.351,-0.455,-0.24,0.557,-0.066,-0.402
4,B1_3,-0.128,0.492,-0.214,0.137,-0.708,-0.215,1.0,-0.238,0.239,0.074,0.413,-0.216,-0.018,0.006,-0.399,-0.138
4,A2_1,0.492,0.467,-0.452,0.482,0.604,-0.214,-0.238,1.0,-0.013,0.042,-0.219,0.342,0.428,-0.668,0.388,0.236
4,A2_2,-0.106,-0.081,-0.188,-0.169,-0.274,0.353,0.239,-0.013,1.0,0.335,-0.181,0.092,-0.24,0.039,0.435,0.096
4,A2_3,-0.188,0.087,-0.141,0.024,-0.028,-0.047,0.074,0.042,0.335,1.0,-0.032,-0.065,0.044,0.089,0.297,0.128
4,B2_1,-0.287,0.541,-0.409,-0.254,-0.17,-0.351,0.413,-0.219,-0.181,-0.032,1.0,-0.16,0.138,-0.175,0.012,-0.026
4,B2_2,0.481,0.248,0.106,0.472,0.207,-0.455,-0.216,0.342,0.092,-0.065,-0.16,1.0,-0.352,-0.318,0.433,-0.09
4,B2_3,-0.117,0.243,-0.475,0.098,0.404,-0.24,-0.018,0.428,-0.24,0.044,0.138,-0.352,1.0,-0.469,0.166,0.429
4,y1,-0.193,-0.553,0.527,-0.08,-0.602,0.557,0.006,-0.668,0.039,0.089,-0.175,-0.318,-0.469,1.0,-0.41,-0.585
4,y2,-0.119,0.166,-0.473,-0.12,0.568,-0.066,-0.399,0.388,0.435,0.297,0.012,0.433,0.166,-0.41,1.0,0.218
4,y3,-0.34,0.079,-0.067,-0.432,0.395,-0.402,-0.138,0.236,0.096,0.128,-0.026,-0.09,0.429,-0.585,0.218,1.0
5,.,1.0,0.001,0.09,0.763,0.089,0.039,-0.127,0.491,-0.103,-0.188,-0.29,0.48,-0.118,-0.192,-0.118,-0.339
5,A1_1,0.001,1.0,-0.519,0.291,0.079,-0.655,0.493,0.467,-0.081,0.086,0.541,0.25,0.244,-0.554,0.166,0.078
5,A1_2,0.09,-0.519,1.0,0.033,-0.234,0.036,-0.213,-0.452,-0.187,-0.142,-0.409,0.106,-0.475,0.527,-0.472,-0.068
5,A1_3,0.763,0.291,0.033,1.0,-0.069,-0.236,0.138,0.482,-0.167,0.024,-0.253,0.473,0.098,-0.079,-0.119,-0.432
5,B1_1,0.089,0.079,-0.234,-0.069,1.0,-0.151,-0.707,0.605,-0.275,-0.025,-0.168,0.206,0.404,-0.602,0.567,0.395
5,B1_2,0.039,-0.655,0.036,-0.236,-0.151,1.0,-0.217,-0.213,0.352,-0.046,-0.35,-0.456,-0.241,0.557,-0.067,-0.403
5,B1_3,-0.127,0.493,-0.213,0.138,-0.707,-0.217,1.0,-0.237,0.237,0.075,0.415,-0.216,-0.017,0.006,-0.4,-0.138
5,A2_1,0.491,0.467,-0.452,0.482,0.605,-0.213,-0.237,1.0,-0.013,0.042,-0.219,0.344,0.428,-0.668,0.389,0.235
5,A2_2,-0.103,-0.081,-0.187,-0.167,-0.275,0.352,0.237,-0.013,1.0,0.335,-0.183,0.092,-0.242,0.04,0.436,0.095
5,A2_3,-0.188,0.086,-0.142,0.024,-0.025,-0.046,0.075,0.042,0.335,1.0,-0.031,-0.063,0.045,0.088,0.296,0.126
5,B2_1,-0.29,0.541,-0.409,-0.253,-0.168,-0.35,0.415,-0.219,-0.183,-0.031,1.0,-0.16,0.139,-0.175,0.011,-0.026
5,B2_2,0.48,0.25,0.106,0.473,0.206,-0.456,-0.216,0.344,0.092,-0.063,-0.16,1.0,-0.353,-0.317,0.433,-0.089
5,B2_3,-0.118,0.244,-0.475,0.098,0.404,-0.241,-0.017,0.428,-0.242,0.045,0.139,-0.353,1.0,-0.469,0.165,0.429
5,y1,-0.192,-0.554,0.527,-0.079,-0.602,0.557,0.006,-0.668,0.04,0.088,-0.175,-0.317,-0.469,1.0,-0.41,-0.586
5,y2,-0.118,0.166,-0.472,-0.119,0.567,-0.067,-0.4,0.389,0.436,0.296,0.011,0.433,0.165,-0.41,1.0,0.219
5,y3,-0.339,0.078,-0.068,-0.432,0.395,-0.403,-0.138,0.235,0.095,0.126,-0.026,-0.089,0.429,-0.586,0.219,1.0
6,.,1.0,-0.003,0.09,0.762,0.088,0.042,-0.128,0.49,-0.1,-0.189,-0.292,0.48,-0.118,-0.191,-0.118,-0.339
6,A1_1,-0.003,1.0,-0.519,0.291,0.081,-0.655,0.495,0.467,-0.08,0.086,0.541,0.252,0.245,-0.554,0.167,0.077
6,A1_2,0.09,-0.519,1.0,0.033,-0.234,0.036,-0.213,-0.452,-0.186,-0.142,-0.409,0.106,-0.475,0.527,-0.471,-0.068
6,A1_3,0.762,0.291,0.033,1.0,-0.069,-0.236,0.139,0.482,-0.166,0.024,-0.252,0.474,0.098,-0.079,-0.118,-0.432
6,B1_1,0.088,0.081,-0.234,-0.069,1.0,-0.152,-0.706,0.606,-0.277,-0.023,-0.167,0.204,0.404,-0.602,0.565,0.396
6,B1_2,0.042,-0.655,0.036,-0.236,-0.152,1.0,-0.218,-0.213,0.351,-0.045,-0.349,-0.457,-0.243,0.558,-0.068,-0.403
6,B1_3,-0.128,0.495,-0.213,0.139,-0.706,-0.218,1.0,-0.236,0.235,0.076,0.416,-0.217,-0.017,0.005,-0.401,-0.138
6,A2_1,0.49,0.467,-0.452,0.482,0.606,-0.213,-0.236,1.0,-0.012,0.041,-0.218,0.345,0.428,-0.668,0.39,0.235
6,A2_2,-0.1,-0.08,-0.186,-0.166,-0.277,0.351,0.235,-0.012,1.0,0.335,-0.184,0.092,-0.243,0.04,0.436,0.094
6,A2_3,-0.189,0.086,-0.142,0.024,-0.023,-0.045,0.076,0.041,0.335,1.0,-0.03,-0.061,0.046,0.087,0.295,0.124
6,B2_1,-0.292,0.541,-0.409,-0.252,-0.167,-0.349,0.416,-0.218,-0.184,-0.03,1.0,-0.16,0.141,-0.175,0.01,-0.026
6,B2_2,0.48,0.252,0.106,0.474,0.204,-0.457,-0.217,0.345,0.092,-0.061,-0.16,1.0,-0.353,-0.317,0.433,-0.088
6,B2_3,-0.118,0.245,-0.475,0.098,0.404,-0.243,-0.017,0.428,-0.243,0.046,0.141,-0.353,1.0,-0.468,0.164,0.429
6,y1,-0.191,-0.554,0.527,-0.079,-0.602,0.558,0.005,-0.668,0.04,0.087,-0.175,-0.317,-0.468,1.0,-0.41,-0.586
6,y2,-0.118,0.167,-0.471,-0.118,0.565,-0.068,-0.401,0.39,0.436,0.295,0.01,0.433,0.164,-0.41,1.0,0.219
6,y3,-0.339,0.077,-0.068,-0.432,0.396,-0.403,-0.138,0.235,0.094,0.124,-0.026,-0.088,0.429,-0.586,0.219,1.0
7,.,1.0,-0.007,0.091,0.761,0.087,0.045,-0.128,0.488,-0.097,-0.19,-0.295,0.48,-0.119,-0.19,-0.117,-0.339
7,A1_1,-0.007,1.0,-0.519,0.291,0.083,-0.654,0.496,0.467,-0.08,0.085,0.541,0.254,0.245,-0.555,0.167,0.076
7,A1_2,0.091,-0.519,1.0,0.034,-0.234,0.036,-0.213,-0.451,-0.185,-0.142,-0.409,0.107,-0.476,0.528,-0.47,-0.069
7,A1_3,0.761,0.291,0.034,1.0,-0.069,-0.236,0.139,0.482,-0.164,0.024,-0.251,0.474,0.097,-0.078,-0.117,-0.433
7,B1_1,0.087,0.083,-0.234,-0.069,1.0,-0.153,-0.705,0.606,-0.279,-0.02,-0.166,0.203,0.405,-0.602,0.563,0.396
7,B1_2,0.045,-0.654,0.036,-0.236,-0.153,1.0,-0.219,-0.213,0.35,-0.044,-0.348,-0.459,-0.244,0.559,-0.069,-0.403
7,B1_3,-0.128,0.496,-0.213,0.139,-0.705,-0.219,1.0,-0.235,0.233,0.077,0.417,-0.217,-0.016,0.004,-0.402,-0.139
7,A2_1,0.488,0.467,-0.451,0.482,0.606,-0.213,-0.235,1.0,-0.012,0.041,-0.218,0.347,0.428,-0.667,0.39,0.234
7,A2_2,-0.097,-0.08,-0.185,-0.164,-0.279,0.35,0.233,-0.012,1.0,0.334,-0.185,0.091,-0.245,0.041,0.437,0.092
7,A2_3,-0.19,0.085,-0.142,0.024,-0.02,-0.044,0.077,0.041,0.334,1.0,-0.029,-0.059,0.047,0.086,0.294,0.122
7,B2_1,-0.295,0.541,-0.409,-0.251,-0.166,-0.348,0.417,-0.218,-0.185,-0.029,1.0,-0.16,0.142,-0.175,0.009,-0.027
7,B2_2,0.48,0.254,0.107,0.474,0.203,-0.459,-0.217,0.347,0.091,-0.059,-0.16,1.0,-0.354,-0.317,0.433,-0.087
7,B2_3,-0.119,0.245,-0.476,0.097,0.405,-0.244,-0.016,0.428,-0.245,0.047,0.142,-0.354,1.0,-0.468,0.164,0.429
7,y1,-0.19,-0.555,0.528,-0.078,-0.602,0.559,0.004,-0.667,0.041,0.086,-0.175,-0.317,-0.468,1.0,-0.409,-0.586
7,y2,-0.117,0.167,-0.47,-0.117,0.563,-0.069,-0.402,0.39,0.437,0.294,0.009,0.433,0.164,-0.409,1.0,0.22
7,y3,-0.339,0.076,-0.069,-0.433,0.396,-0.403,-0.139,0.234,0.092,0.122,-0.027,-0.087,0.429,-0.586,0.22,1.0
8,.,1.0,-0.011,0.091,0.759,0.086,0.048,-0.13,0.487,-0.094,-0.191,-0.299,0.48,-0.12,-0.188,-0.116,-0.338
8,A1_1,-0.011,1.0,-0.518,0.292,0.085,-0.653,0.497,0.468,-0.079,0.085,0.542,0.256,0.246,-0.556,0.167,0.075
8,A1_2,0.091,-0.518,1.0,0.034,-0.234,0.036,-0.213,-0.451,-0.184,-0.142,-0.409,0.107,-0.476,0.528,-0.468,-0.069
8,A1_3,0.759,0.292,0.034,1.0,-0.069,-0.236,0.14,0.482,-0.163,0.024,-0.251,0.475,0.097,-0.078,-0.116,-0.433
8,B1_1,0.086,0.085,-0.234,-0.069,1.0,-0.153,-0.703,0.607,-0.281,-0.018,-0.164,0.202,0.405,-0.602,0.561,0.397
8,B1_2,0.048,-0.653,0.036,-0.236,-0.153,1.0,-0.22,-0.213,0.349,-0.042,-0.347,-0.461,-0.245,0.559,-0.07,-0.404
8,B1_3,-0.13,0.497,-0.213,0.14,-0.703,-0.22,1.0,-0.234,0.231,0.079,0.419,-0.217,-0.014,0.003,-0.403,-0.139
8,A2_1,0.487,0.468,-0.451,0.482,0.607,-0.213,-0.234,1.0,-0.011,0.041,-0.218,0.348,0.428,-0.667,0.391,0.234
8,A2_2,-0.094,-0.079,-0.184,-0.163,-0.281,0.349,0.231,-0.011,1.0,0.334,-0.186,0.091,-0.247,0.042,0.437,0.091
8,A2_3,-0.191,0.085,-0.142,0.024,-0.018,-0.042,0.079,0.041,0.334,1.0,-0.029,-0.057,0.048,0.084,0.293,0.12
8,B2_1,-0.299,0.542,-0.409,-0.251,-0.164,-0.347,0.419,-0.218,-0.186,-0.029,1.0,-0.159,0.143,-0.176,0.007,-0.027
8,B2_2,0.48,0.256,0.107,0.475,0.202,-0.461,-0.217,0.348,0.091,-0.057,-0.159,1.0,-0.355,-0.317,0.433,-0.086
8,B2_3,-0.12,0.246,-0.476,0.097,0.405,-0.245,-0.014,0.428,-0.247,0.048,0.143,-0.355,1.0,-0.468,0.163,0.429
8,y1,-0.188,-0.556,0.528,-0.078,-0.602,0.559,0.003,-0.667,0.042,0.084,-0.176,-0.317,-0.468,1.0,-0.409,-0.586
8,y2,-0.116,0.167,-0.468,-0.116,0.561,-0.07,-0.403,0.391,0.437,0.293,0.007,0.433,0.163,-0.409,1.0,0.221
8,y3,-0.338,0.075,-0.069,-0.433,0.397,-0.404,-0.139,0.234,0.091,0.12,-0.027,-0.086,0.429,-0.586,0.221,1.0
9,.,1.0,-0.015,0.092,0.758,0.084,0.052,-0.131,0.486,-0.091,-0.192,-0.303,0.48,-0.122,-0.186,-0.115,-0.338
9,A1_1,-0.015,1.0,-0.518,0.292,0.087,-0.652,0.499,0.468,-0.079,0.084,0.542,0.258,0.247,-0.557,0.167,0.074
9,A1_2,0.092,-0.518,1.0,0.035,-0.235,0.036,-0.214,-0.451,-0.183,-0.142,-0.409,0.107,-0.477,0.529,-0.467,-0.07
9,A1_3,0.758,0.292,0.035,1.0,-0.069,-0.236,0.14,0.483,-0.161,0.024,-0.25,0.475,0.096,-0.077,-0.115,-0.434
9,B1_1,0.084,0.087,-0.235,-0.069,1.0,-0.154,-0.701,0.607,-0.282,-0.015,-0.162,0.2,0.405,-0.602,0.56,0.397
9,B1_2,0.052,-0.652,0.036,-0.236,-0.154,1.0,-0.221,-0.212,0.348,-0.041,-0.346,-0.463,-0.246,0.56,-0.07,-0.404
9,B1_3,-0.131,0.499,-0.214,0.14,-0.701,-0.221,1.0,-0.233,0.229,0.08,0.421,-0.218,-0.013,0.002,-0.404,-0.139
9,A2_1,0.486,0.468,-0.451,0.483,0.607,-0.212,-0.233,1.0,-0.011,0.041,-0.218,0.349,0.428,-0.667,0.392,0.233
9,A2_2,-0.091,-0.079,-0.183,-0.161,-0.282,0.348,0.229,-0.011,1.0,0.334,-0.188,0.091,-0.248,0.043,0.438,0.09
9,A2_3,-0.192,0.084,-0.142,0.024,-0.015,-0.041,0.08,0.041,0.334,1.0,-0.028,-0.055,0.049,0.083,0.292,0.118
9,B2_1,-0.303,0.542,-0.409,-0.25,-0.162,-0.346,0.421,-0.218,-0.188,-0.028,1.0,-0.159,0.145,-0.177,0.005,-0.028
9,B2_2,0.48,0.258,0.107,0.475,0.2,-0.463,-0.218,0.349,0.091,-0.055,-0.159,1.0,-0.356,-0.317,0.433,-0.085
9,B2_3,-0.122,0.247,-0.477,0.096,0.405,-0.246,-0.013,0.428,-0.248,0.049,0.145,-0.356,1.0,-0.468,0.162,0.43
9,y1,-0.186,-0.557,0.529,-0.077,-0.602,0.56,0.002,-0.667,0.043,0.083,-0.177,-0.317,-0.468,1.0,-0.409,-0.586
9,y2,-0.115,0.167,-0.467,-0.115,0.56,-0.07,-0.404,0.392,0.438,0.292,0.005,0.433,0.162,-0.409,1.0,0.221
9,y3,-0.338,0.074,-0.07,-0.434,0.397,-0.404,-0.139,0.233,0.09,0.118,-0.028,-0.085,0.43,-0.586,0.221,1.0
10,.,1.0,-0.02,0.093,0.756,0.082,0.055,-0.133,0.485,-0.087,-0.194,-0.307,0.479,-0.123,-0.184,-0.113,-0.338
10,A1_1,-0.02,1.0,-0.517,0.293,0.089,-0.651,0.5,0.468,-0.079,0.084,0.542,0.261,0.248,-0.558,0.167,0.073
10,A1_2,0.093,-0.517,1.0,0.035,-0.235,0.036,-0.214,-0.45,-0.182,-0.142,-0.41,0.108,-0.477,0.529,-0.465,-0.07
10,A1_3,0.756,0.293,0.035,1.0,-0.07,-0.237,0.14,0.483,-0.159,0.025,-0.249,0.476,0.096,-0.077,-0.114,-0.434
10,B1_1,0.082,0.089,-0.235,-0.07,1.0,-0.155,-0.699,0.607,-0.284,-0.012,-0.16,0.198,0.406,-0.603,0.558,0.398
10,B1_2,0.055,-0.651,0.036,-0.237,-0.155,1.0,-0.222,-0.212,0.347,-0.04,-0.344,-0.465,-0.247,0.56,-0.071,-0.404
10,B1_3,-0.133,0.5,-0.214,0.14,-0.699,-0.222,1.0,-0.233,0.227,0.081,0.423,-0.218,-0.012,0.001,-0.405,-0.14
10,A2_1,0.485,0.468,-0.45,0.483,0.607,-0.212,-0.233,1.0,-0.01,0.041,-0.218,0.351,0.427,-0.666,0.392,0.232
10,A2_2,-0.087,-0.079,-0.182,-0.159,-0.284,0.347,0.227,-0.01,1.0,0.334,-0.189,0.091,-0.25,0.044,0.438,0.089
10,A2_3,-0.194,0.084,-0.142,0.025,-0.012,-0.04,0.081,0.041,0.334,1.0,-0.027,-0.053,0.05,0.081,0.291,0.116
10,B2_1,-0.307,0.542,-0.41,-0.249,-0.16,-0.344,0.423,-0.218,-0.189,-0.027,1.0,-0.158,0.147,-0.178,0.004,-0.029
10,B2_2,0.479,0.261,0.108,0.476,0.198,-0.465,-0.218,0.351,0.091,-0.053,-0.158,1.0,-0.357,-0.316,0.434,-0.084
10,B2_3,-0.123,0.248,-0.477,0.096,0.406,-0.247,-0.012,0.427,-0.25,0.05,0.147,-0.357,1.0,-0.467,0.161,0.43
10,y1,-0.184,-0.558,0.529,-0.077,-0.603,0.56,0.001,-0.666,0.044,0.081,-0.178,-0.316,-0.467,1.0,-0.408,-0.586
10,y2,-0.113,0.167,-0.465,-0.114,0.558,-0.071,-0.405,0.392,0.438,0.291,0.004,0.434,0.161,-0.408,1.0,0.222
10,y3,-0.338,0.073,-0.07,-0.434,0.398,-0.404,-0.14,0.232,0.089,0.116,-0.029,-0.084,0.43,-0.586,0.222,1.0
11,.,1.0,-0.025,0.094,0.755,0.08,0.058,-0.136,0.483,-0.083,-0.195,-0.312,0.479,-0.125,-0.182,-0.112,-0.337
11,A1_1,-0.025,1.0,-0.517,0.293,0.092,-0.65,0.501,0.468,-0.078,0.084,0.542,0.263,0.249,-0.559,0.167,0.072
11,A1_2,0.094,-0.517,1.0,0.036,-0.236,0.036,-0.214,-0.45,-0.18,-0.142,-0.41,0.108,-0.478,0.53,-0.464,-0.07
11,A1_3,0.755,0.293,0.036,1.0,-0.071,-0.237,0.14,0.483,-0.157,0.025,-0.249,0.476,0.095,-0.076,-0.113,-0.434
11,B1_1,0.08,0.092,-0.236,-0.071,1.0,-0.156,-0.697,0.607,-0.286,-0.01,-0.158,0.197,0.406,-0.603,0.556,0.398
11,B1_2,0.058,-0.65,0.036,-0.237,-0.156,1.0,-0.223,-0.212,0.346,-0.039,-0.343,-0.468,-0.248,0.561,-0.072,-0.404
11,B1_3,-0.136,0.501,-0.214,0.14,-0.697,-0.223,1.0,-0.232,0.225,0.082,0.425,-0.218,-0.01,0.0,-0.406,-0.14
11,A2_1,0.483,0.468,-0.45,0.483,0.607,-0.212,-0.232,1.0,-0.009,0.041,-0.218,0.352,0.426,-0.666,0.393,0.232
11,A2_2,-0.083,-0.078,-0.18,-0.157,-0.286,0.346,0.225,-0.009,1.0,0.334,-0.19,0.091,-0.251,0.045,0.439,0.088
11,A2_3,-0.195,0.084,-0.142,0.025,-0.01,-0.039,0.082,0.041,0.334,1.0,-0.027,-0.051,0.051,0.08,0.29,0.114
11,B2_1,-0.312,0.542,-0.41,-0.249,-0.158,-0.343,0.425,-0.218,-0.19,-0.027,1.0,-0.157,0.149,-0.179,0.002,-0.03
11,B2_2,0.479,0.263,0.108,0.476,0.197,-0.468,-0.218,0.352,0.091,-0.051,-0.157,1.0,-0.358,-0.316,0.434,-0.083
11,B2_3,-0.125,0.249,-0.478,0.095,0.406,-0.248,-0.01,0.426,-0.251,0.051,0.149,-0.358,1.0,-0.467,0.16,0.43
11,y1,-0.182,-0.559,0.53,-0.076,-0.603,0.561,0.0,-0.666,0.045,0.08,-0.179,-0.316,-0.467,1.0,-0.408,-0.586
11,y2,-0.112,0.167,-0.464,-0.113,0.556,-0.072,-0.406,0.393,0.439,0.29,0.002,0.434,0.16,-0.408,1.0,0.223
11,y3,-0.337,0.072,-0.07,-0.434,0.398,-0.404,-0.14,0.232,0.088,0.114,-0.03,-0.083,0.43,-0.586,0.223,1.0
12,.,1.0,-0.03,0.096,0.753,0.078,0.062,-0.139,0.482,-0.079,-0.196,-0.317,0.478,-0.127,-0.179,-0.11,-0.336
12,A1_1,-0.03,1.0,-0.516,0.294,0.094,-0.649,0.502,0.469,-0.078,0.083,0.542,0.266,0.25,-0.56,0.166,0.07
12,A1_2,0.096,-0.516,1.0,0.037,-0.237,0.036,-0.215,-0.449,-0.179,-0.142,-0.411,0.108,-0.479,0.53,-0.462,-0.071
12,A1_3,0.753,0.294,0.037,1.0,-0.072,-0.238,0.14,0.484,-0.155,0.025,-0.249,0.477,0.094,-0.075,-0.112,-0.435
12,B1_1,0.078,0.094,-0.237,-0.072,1.0,-0.157,-0.695,0.607,-0.288,-0.007,-0.155,0.195,0.407,-0.603,0.554,0.399
12,B1_2,0.062,-0.649,0.036,-0.238,-0.157,1.0,-0.224,-0.213,0.346,-0.038,-0.341,-0.47,-0.249,0.561,-0.072,-0.404
12,B1_3,-0.139,0.502,-0.215,0.14,-0.695,-0.224,1.0,-0.232,0.222,0.084,0.428,-0.219,-0.008,-0.001,-0.408,-0.141
12,A2_1,0.482,0.469,-0.449,0.484,0.607,-0.213,-0.232,1.0,-0.008,0.041,-0.218,0.353,0.426,-0.665,0.393,0.231
12,A2_2,-0.079,-0.078,-0.179,-0.155,-0.288,0.346,0.222,-0.008,1.0,0.334,-0.192,0.091,-0.253,0.047,0.439,0.087
12,A2_3,-0.196,0.083,-0.142,0.025,-0.007,-0.038,0.084,0.041,0.334,1.0,-0.026,-0.049,0.052,0.079,0.288,0.112
12,B2_1,-0.317,0.542,-0.411,-0.249,-0.155,-0.341,0.428,-0.218,-0.192,-0.026,1.0,-0.156,0.151,-0.18,-0.0,-0.031
12,B2_2,0.478,0.266,0.108,0.477,0.195,-0.47,-0.219,0.353,0.091,-0.049,-0.156,1.0,-0.359,-0.316,0.435,-0.082
12,B2_3,-0.127,0.25,-0.479,0.094,0.407,-0.249,-0.008,0.426,-0.253,0.052,0.151,-0.359,1.0,-0.467,0.159,0.43
12,y1,-0.179,-0.56,0.53,-0.075,-0.603,0.561,-0.001,-0.665,0.047,0.079,-0.18,-0.316,-0.467,1.0,-0.407,-0.586
12,y2,-0.11,0.166,-0.462,-0.112,0.554,-0.072,-0.408,0.393,0.439,0.288,-0.0,0.435,0.159,-0.407,1.0,0.224
12,y3,-0.336,0.07,-0.071,-0.435,0.399,-0.404,-0.141,0.231,0.087,0.112,-0.031,-0.082,0.43,-0.586,0.224,1.0
13,.,1.0,-0.035,0.097,0.752,0.075,0.065,-0.142,0.481,-0.075,-0.198,-0.323,0.478,-0.129,-0.176,-0.107,-0.335
13,A1_1,-0.035,1.0,-0.516,0.294,0.096,-0.648,0.503,0.469,-0.077,0.083,0.542,0.268,0.251,-0.561,0.166,0.069
13,A1_2,0.097,-0.516,1.0,0.038,-0.238,0.035,-0.215,-0.448,-0.178,-0.141,-0.411,0.108,-0.479,0.531,-0.46,-0.071
13,A1_3,0.752,0.294,0.038,1.0,-0.073,-0.238,0.139,0.484,-0.153,0.026,-0.248,0.477,0.093,-0.074,-0.111,-0.435
13,B1_1,0.075,0.096,-0.238,-0.073,1.0,-0.159,-0.692,0.606,-0.29,-0.005,-0.152,0.193,0.408,-0.603,0.552,0.4
13,B1_2,0.065,-0.648,0.035,-0.238,-0.159,1.0,-0.224,-0.213,0.345,-0.037,-0.34,-0.473,-0.249,0.562,-0.073,-0.404
13,B1_3,-0.142,0.503,-0.215,0.139,-0.692,-0.224,1.0,-0.232,0.22,0.085,0.43,-0.219,-0.006,-0.003,-0.409,-0.141
13,A2_1,0.481,0.469,-0.448,0.484,0.606,-0.213,-0.232,1.0,-0.007,0.041,-0.218,0.354,0.425,-0.665,0.394,0.231
13,A2_2,-0.075,-0.077,-0.178,-0.153,-0.29,0.345,0.22,-0.007,1.0,0.334,-0.194,0.091,-0.254,0.048,0.44,0.087
13,A2_3,-0.198,0.083,-0.141,0.026,-0.005,-0.037,0.085,0.041,0.334,1.0,-0.025,-0.047,0.052,0.077,0.287,0.11
13,B2_1,-0.323,0.542,-0.411,-0.248,-0.152,-0.34,0.43,-0.218,-0.194,-0.025,1.0,-0.155,0.153,-0.181,-0.003,-0.032
13,B2_2,0.478,0.268,0.108,0.477,0.193,-0.473,-0.219,0.354,0.091,-0.047,-0.155,1.0,-0.36,-0.316,0.435,-0.08
13,B2_3,-0.129,0.251,-0.479,0.093,0.408,-0.249,-0.006,0.425,-0.254,0.052,0.153,-0.36,1.0,-0.467,0.158,0.43
13,y1,-0.176,-0.561,0.531,-0.074,-0.603,0.562,-0.003,-0.665,0.048,0.077,-0.181,-0.316,-0.467,1.0,-0.406,-0.586
13,y2,-0.107,0.166,-0.46,-0.111,0.552,-0.073,-0.409,0.394,0.44,0.287,-0.003,0.435,0.158,-0.406,1.0,0.224
13,y3,-0.335,0.069,-0.071,-0.435,0.4,-0.404,-0.141,0.231,0.087,0.11,-0.032,-0.08,0.43,-0.586,0.224,1.0
14,.,1.0,-0.041,0.099,0.75,0.072,0.068,-0.146,0.48,-0.07,-0.199,-0.329,0.477,-0.132,-0.172,-0.105,-0.334
14,A1_1,-0.041,1.0,-0.515,0.294,0.099,-0.647,0.504,0.469,-0.077,0.082,0.541,0.271,0.252,-0.563,0.166,0.067
14,A1_2,0.099,-0.515,1.0,0.039,-0.24,0.035,-0.216,-0.448,-0.176,-0.141,-0.412,0.108,-0.48,0.532,-0.458,-0.071
14,A1_3,0.75,0.294,0.039,1.0,-0.075,-0.239,0.139,0.484,-0.151,0.026,-0.248,0.477,0.091,-0.073,-0.109,-0.435
14,B1_1,0.072,0.099,-0.24,-0.075,1.0,-0.16,-0.689,0.605,-0.292,-0.002,-0.149,0.19,0.408,-0.604,0.55,0.401
14,B1_2,0.068,-0.647,0.035,-0.239,-0.16,1.0,-0.225,-0.213,0.344,-0.036,-0.338,-0.476,-0.25,0.562,-0.074,-0.404
14,B1_3,-0.146,0.504,-0.216,0.139,-0.689,-0.225,1.0,-0.231,0.217,0.086,0.433,-0.219,-0.004,-0.004,-0.41,-0.141
14,A2_1,0.48,0.469,-0.448,0.484,0.605,-0.213,-0.231,1.0,-0.006,0.041,-0.219,0.355,0.423,-0.664,0.395,0.23
14,A2_2,-0.07,-0.077,-0.176,-0.151,-0.292,0.344,0.217,-0.006,1.0,0.334,-0.195,0.091,-0.256,0.049,0.441,0.086
14,A2_3,-0.199,0.082,-0.141,0.026,-0.002,-0.036,0.086,0.041,0.334,1.0,-0.025,-0.045,0.053,0.076,0.286,0.108
14,B2_1,-0.329,0.541,-0.412,-0.248,-0.149,-0.338,0.433,-0.219,-0.195,-0.025,1.0,-0.154,0.156,-0.183,-0.005,-0.033
14,B2_2,0.477,0.271,0.108,0.477,0.19,-0.476,-0.219,0.355,0.091,-0.045,-0.154,1.0,-0.361,-0.315,0.436,-0.079
14,B2_3,-0.132,0.252,-0.48,0.091,0.408,-0.25,-0.004,0.423,-0.256,0.053,0.156,-0.361,1.0,-0.467,0.157,0.429
14,y1,-0.172,-0.563,0.532,-0.073,-0.604,0.562,-0.004,-0.664,0.049,0.076,-0.183,-0.315,-0.467,1.0,-0.405,-0.585
14,y2,-0.105,0.166,-0.458,-0.109,0.55,-0.074,-0.41,0.395,0.441,0.286,-0.005,0.436,0.157,-0.405,1.0,0.225
14,y3,-0.334,0.067,-0.071,-0.435,0.401,-0.404,-0.141,0.23,0.086,0.108,-0.033,-0.079,0.429,-0.585,0.225,1.0
15,.,1.0,-0.046,0.101,0.748,0.069,0.072,-0.15,0.479,-0.065,-0.2,-0.335,0.476,-0.135,-0.169,-0.102,-0.333
15,A1_1,-0.046,1.0,-0.514,0.295,0.102,-0.645,0.505,0.469,-0.076,0.082,0.541,0.274,0.253,-0.564,0.165,0.065
15,A1_2,0.101,-0.514,1.0,0.04,-0.241,0.034,-0.216,-0.447,-0.174,-0.141,-0.412,0.108,-0.481,0.532,-0.456,-0.071
15,A1_3,0.748,0.295,0.04,1.0,-0.077,-0.24,0.138,0.485,-0.148,0.027,-0.248,0.477,0.09,-0.071,-0.108,-0.435
15,B1_1,0.069,0.102,-0.241,-0.077,1.0,-0.161,-0.686,0.604,-0.294,0.0,-0.146,0.188,0.409,-0.604,0.548,0.401
15,B1_2,0.072,-0.645,0.034,-0.24,-0.161,1.0,-0.225,-0.213,0.343,-0.035,-0.335,-0.479,-0.251,0.563,-0.074,-0.403
15,B1_3,-0.15,0.505,-0.216,0.138,-0.686,-0.225,1.0,-0.231,0.215,0.087,0.436,-0.22,-0.001,-0.006,-0.412,-0.142
15,A2_1,0.479,0.469,-0.447,0.485,0.604,-0.213,-0.231,1.0,-0.005,0.041,-0.219,0.356,0.422,-0.663,0.396,0.229
15,A2_2,-0.065,-0.076,-0.174,-0.148,-0.294,0.343,0.215,-0.005,1.0,0.334,-0.197,0.091,-0.258,0.051,0.442,0.085
15,A2_3,-0.2,0.082,-0.141,0.027,0.0,-0.035,0.087,0.041,0.334,1.0,-0.024,-0.043,0.054,0.074,0.285,0.106
15,B2_1,-0.335,0.541,-0.412,-0.248,-0.146,-0.335,0.436,-0.219,-0.197,-0.024,1.0,-0.152,0.158,-0.185,-0.008,-0.034
15,B2_2,0.476,0.274,0.108,0.477,0.188,-0.479,-0.22,0.356,0.091,-0.043,-0.152,1.0,-0.362,-0.315,0.437,-0.077
15,B2_3,-0.135,0.253,-0.481,0.09,0.409,-0.251,-0.001,0.422,-0.258,0.054,0.158,-0.362,1.0,-0.467,0.156,0.429
15,y1,-0.169,-0.564,0.532,-0.071,-0.604,0.563,-0.006,-0.663,0.051,0.074,-0.185,-0.315,-0.467,1.0,-0.404,-0.585
15,y2,-0.102,0.165,-0.456,-0.108,0.548,-0.074,-0.412,0.396,0.442,0.285,-0.008,0.437,0.156,-0.404,1.0,0.226
15,y3,-0.333,0.065,-0.071,-0.435,0.401,-0.403,-0.142,0.229,0.085,0.106,-0.034,-0.077,0.429,-0.585,0.226,1.0
16,.,1.0,-0.052,0.104,0.747,0.066,0.074,-0.155,0.478,-0.06,-0.201,-0.342,0.475,-0.138,-0.165,-0.1,-0.331
16,A1_1,-0.052,1.0,-0.514,0.296,0.104,-0.644,0.506,0.47,-0.076,0.082,0.541,0.277,0.254,-0.565,0.164,0.064
16,A1_2,0.104,-0.514,1.0,0.041,-0.243,0.034,-0.217,-0.446,-0.173,-0.14,-0.413,0.108,-0.482,0.533,-0.454,-0.071
16,A1_3,0.747,0.296,0.041,1.0,-0.079,-0.241,0.137,0.485,-0.146,0.027,-0.248,0.477,0.088,-0.07,-0.106,-0.435
16,B1_1,0.066,0.104,-0.243,-0.079,1.0,-0.162,-0.682,0.603,-0.296,0.003,-0.142,0.186,0.41,-0.605,0.546,0.402
16,B1_2,0.074,-0.644,0.034,-0.241,-0.162,1.0,-0.226,-0.214,0.342,-0.033,-0.333,-0.483,-0.252,0.563,-0.075,-0.403
16,B1_3,-0.155,0.506,-0.217,0.137,-0.682,-0.226,1.0,-0.231,0.212,0.088,0.439,-0.22,0.001,-0.008,-0.413,-0.143
16,A2_1,0.478,0.47,-0.446,0.485,0.603,-0.214,-0.231,1.0,-0.004,0.041,-0.22,0.357,0.421,-0.662,0.396,0.229
16,A2_2,-0.06,-0.076,-0.173,-0.146,-0.296,0.342,0.212,-0.004,1.0,0.334,-0.199,0.091,-0.26,0.052,0.442,0.084
16,A2_3,-0.201,0.082,-0.14,0.027,0.003,-0.033,0.088,0.041,0.334,1.0,-0.024,-0.04,0.055,0.073,0.283,0.104
16,B2_1,-0.342,0.541,-0.413,-0.248,-0.142,-0.333,0.439,-0.22,-0.199,-0.024,1.0,-0.151,0.161,-0.187,-0.01,-0.036
16,B2_2,0.475,0.277,0.108,0.477,0.186,-0.483,-0.22,0.357,0.091,-0.04,-0.151,1.0,-0.363,-0.315,0.438,-0.075
16,B2_3,-0.138,0.254,-0.482,0.088,0.41,-0.252,0.001,0.421,-0.26,0.055,0.161,-0.363,1.0,-0.467,0.154,0.429
16,y1,-0.165,-0.565,0.533,-0.07,-0.605,0.563,-0.008,-0.662,0.052,0.073,-0.187,-0.315,-0.467,1.0,-0.403,-0.584
16,y2,-0.1,0.164,-0.454,-0.106,0.546,-0.075,-0.413,0.396,0.442,0.283,-0.01,0.438,0.154,-0.403,1.0,0.227
16,y3,-0.331,0.064,-0.071,-0.435,0.402,-0.403,-0.143,0.229,0.084,0.104,-0.036,-0.075,0.429,-0.584,0.227,1.0
17,.,1.0,-0.058,0.107,0.745,0.062,0.077,-0.16,0.477,-0.055,-0.201,-0.35,0.474,-0.141,-0.161,-0.097,-0.329
17,A1_1,-0.058,1.0,-0.513,0.296,0.107,-0.643,0.507,0.47,-0.075,0.082,0.54,0.28,0.255,-0.567,0.164,0.062
17,A1_2,0.107,-0.513,1.0,0.042,-0.244,0.033,-0.218,-0.445,-0.171,-0.14,-0.414,0.107,-0.483,0.534,-0.452,-0.071
17,A1_3,0.745,0.296,0.042,1.0,-0.081,-0.242,0.135,0.486,-0.143,0.028,-0.248,0.476,0.086,-0.068,-0.104,-0.435
17,B1_1,0.062,0.107,-0.244,-0.081,1.0,-0.164,-0.678,0.602,-0.298,0.005,-0.137,0.183,0.411,-0.606,0.544,0.403
17,B1_2,0.077,-0.643,0.033,-0.242,-0.164,1.0,-0.226,-0.214,0.341,-0.032,-0.331,-0.487,-0.252,0.564,-0.075,-0.403
17,B1_3,-0.16,0.507,-0.218,0.135,-0.678,-0.226,1.0,-0.231,0.209,0.089,0.442,-0.22,0.004,-0.01,-0.414,-0.143
17,A2_1,0.477,0.47,-0.445,0.486,0.602,-0.214,-0.231,1.0,-0.003,0.041,-0.221,0.358,0.419,-0.66,0.397,0.228
17,A2_2,-0.055,-0.075,-0.171,-0.143,-0.298,0.341,0.209,-0.003,1.0,0.334,-0.201,0.091,-0.261,0.054,0.443,0.083
17,A2_3,-0.201,0.082,-0.14,0.028,0.005,-0.032,0.089,0.041,0.334,1.0,-0.024,-0.038,0.055,0.071,0.282,0.102
17,B2_1,-0.35,0.54,-0.414,-0.248,-0.137,-0.331,0.442,-0.221,-0.201,-0.024,1.0,-0.149,0.164,-0.189,-0.013,-0.038
17,B2_2,0.474,0.28,0.107,0.476,0.183,-0.487,-0.22,0.358,0.091,-0.038,-0.149,1.0,-0.364,-0.314,0.439,-0.073
17,B2_3,-0.141,0.255,-0.483,0.086,0.411,-0.252,0.004,0.419,-0.261,0.055,0.164,-0.364,1.0,-0.467,0.153,0.429
17,y1,-0.161,-0.567,0.534,-0.068,-0.606,0.564,-0.01,-0.66,0.054,0.071,-0.189,-0.314,-0.467,1.0,-0.402,-0.584
17,y2,-0.097,0.164,-0.452,-0.104,0.544,-0.075,-0.414,0.397,0.443,0.282,-0.013,0.439,0.153,-0.402,1.0,0.227
17,y3,-0.329,0.062,-0.071,-0.435,0.403,-0.403,-0.143,0.228,0.083,0.102,-0.038,-0.073,0.429,-0.584,0.227,1.0
18,.,1.0,-0.064,0.109,0.744,0.058,0.08,-0.166,0.476,-0.049,-0.202,-0.358,0.473,-0.144,-0.156,-0.093,-0.328
18,A1_1,-0.064,1.0,-0.512,0.297,0.11,-0.642,0.508,0.471,-0.075,0.081,0.54,0.284,0.256,-0.568,0.163,0.06
18,A1_2,0.109,-0.512,1.0,0.043,-0.246,0.032,-0.219,-0.444,-0.169,-0.139,-0.414,0.107,-0.484,0.535,-0.449,-0.071
18,A1_3,0.744,0.297,0.043,1.0,-0.083,-0.243,0.134,0.487,-0.14,0.029,-0.249,0.476,0.084,-0.067,-0.103,-0.435
18,B1_1,0.058,0.11,-0.246,-0.083,1.0,-0.165,-0.674,0.6,-0.3,0.008,-0.133,0.18,0.412,-0.606,0.542,0.404
18,B1_2,0.08,-0.642,0.032,-0.243,-0.165,1.0,-0.226,-0.215,0.339,-0.031,-0.328,-0.491,-0.253,0.564,-0.076,-0.403
18,B1_3,-0.166,0.508,-0.219,0.134,-0.674,-0.226,1.0,-0.232,0.206,0.089,0.446,-0.221,0.007,-0.012,-0.416,-0.144
18,A2_1,0.476,0.471,-0.444,0.487,0.6,-0.215,-0.232,1.0,-0.001,0.042,-0.222,0.358,0.417,-0.659,0.398,0.228
18,A2_2,-0.049,-0.075,-0.169,-0.14,-0.3,0.339,0.206,-0.001,1.0,0.334,-0.203,0.091,-0.263,0.056,0.444,0.083
18,A2_3,-0.202,0.081,-0.139,0.029,0.008,-0.031,0.089,0.042,0.334,1.0,-0.024,-0.036,0.056,0.07,0.281,0.1
18,B2_1,-0.358,0.54,-0.414,-0.249,-0.133,-0.328,0.446,-0.222,-0.203,-0.024,1.0,-0.147,0.167,-0.191,-0.017,-0.039
18,B2_2,0.473,0.284,0.107,0.476,0.18,-0.491,-0.221,0.358,0.091,-0.036,-0.147,1.0,-0.366,-0.314,0.44,-0.072
18,B2_3,-0.144,0.256,-0.484,0.084,0.412,-0.253,0.007,0.417,-0.263,0.056,0.167,-0.366,1.0,-0.467,0.151,0.428
18,y1,-0.156,-0.568,0.535,-0.067,-0.606,0.564,-0.012,-0.659,0.056,0.07,-0.191,-0.314,-0.467,1.0,-0.4,-0.583
18,y2,-0.093,0.163,-0.449,-0.103,0.542,-0.076,-0.416,0.398,0.444,0.281,-0.017,0.44,0.151,-0.4,1.0,0.228
18,y3,-0.328,0.06,-0.071,-0.435,0.404,-0.403,-0.144,0.228,0.083,0.1,-0.039,-0.072,0.428,-0.583,0.228,1.0
19,.,1.0,-0.071,0.112,0.742,0.053,0.083,-0.172,0.475,-0.044,-0.202,-0.366,0.471,-0.149,-0.15,-0.089,-0.326
19,A1_1,-0.071,1.0,-0.511,0.298,0.114,-0.64,0.509,0.471,-0.074,0.081,0.539,0.287,0.257,-0.57,0.162,0.058
19,A1_2,0.112,-0.511,1.0,0.045,-0.249,0.031,-0.221,-0.442,-0.167,-0.139,-0.415,0.107,-0.485,0.536,-0.447,-0.071
19,A1_3,0.742,0.298,0.045,1.0,-0.086,-0.245,0.132,0.487,-0.137,0.03,-0.249,0.476,0.082,-0.065,-0.101,-0.434
19,B1_1,0.053,0.114,-0.249,-0.086,1.0,-0.167,-0.669,0.598,-0.303,0.01,-0.128,0.177,0.414,-0.607,0.539,0.405
19,B1_2,0.083,-0.64,0.031,-0.245,-0.167,1.0,-0.226,-0.216,0.338,-0.03,-0.325,-0.495,-0.253,0.564,-0.077,-0.402
19,B1_3,-0.172,0.509,-0.221,0.132,-0.669,-0.226,1.0,-0.232,0.203,0.09,0.45,-0.221,0.011,-0.015,-0.418,-0.145
19,A2_1,0.475,0.471,-0.442,0.487,0.598,-0.216,-0.232,1.0,0.0,0.042,-0.223,0.359,0.415,-0.657,0.399,0.227
19,A2_2,-0.044,-0.074,-0.167,-0.137,-0.303,0.338,0.203,0.0,1.0,0.335,-0.205,0.091,-0.265,0.057,0.445,0.082
19,A2_3,-0.202,0.081,-0.139,0.03,0.01,-0.03,0.09,0.042,0.335,1.0,-0.023,-0.034,0.057,0.068,0.28,0.097
19,B2_1,-0.366,0.539,-0.415,-0.249,-0.128,-0.325,0.45,-0.223,-0.205,-0.023,1.0,-0.145,0.171,-0.194,-0.02,-0.041
19,B2_2,0.471,0.287,0.107,0.476,0.177,-0.495,-0.221,0.359,0.091,-0.034,-0.145,1.0,-0.367,-0.314,0.441,-0.069
19,B2_3,-0.149,0.257,-0.485,0.082,0.414,-0.253,0.011,0.415,-0.265,0.057,0.171,-0.367,1.0,-0.467,0.149,0.428
19,y1,-0.15,-0.57,0.536,-0.065,-0.607,0.564,-0.015,-0.657,0.057,0.068,-0.194,-0.314,-0.467,1.0,-0.399,-0.583
19,y2,-0.089,0.162,-0.447,-0.101,0.539,-0.077,-0.418,0.399,0.445,0.28,-0.02,0.441,0.149,-0.399,1.0,0.229
19,y3,-0.326,0.058,-0.071,-0.434,0.405,-0.402,-0.145,0.227,0.082,0.097,-0.041,-0.069,0.428,-0.583,0.229,1.0
20,.,1.0,-0.077,0.116,0.741,0.047,0.085,-0.178,0.474,-0.038,-0.203,-0.374,0.469,-0.153,-0.144,-0.086,-0.324
20,A1_1,-0.077,1.0,-0.511,0.298,0.117,-0.639,0.51,0.471,-0.074,0.081,0.538,0.291,0.258,-0.572,0.161,0.056
20,A1_2,0.116,-0.511,1.0,0.046,-0.251,0.03,-0.222,-0.441,-0.165,-0.138,-0.416,0.106,-0.486,0.537,-0.444,-0.071
20,A1_3,0.741,0.298,0.046,1.0,-0.089,-0.246,0.13,0.488,-0.134,0.031,-0.249,0.475,0.08,-0.063,-0.099,-0.434
20,B1_1,0.047,0.117,-0.251,-0.089,1.0,-0.168,-0.664,0.596,-0.305,0.012,-0.123,0.174,0.415,-0.608,0.537,0.405
20,B1_2,0.085,-0.639,0.03,-0.246,-0.168,1.0,-0.226,-0.217,0.337,-0.029,-0.322,-0.5,-0.254,0.565,-0.077,-0.402
20,B1_3,-0.178,0.51,-0.222,0.13,-0.664,-0.226,1.0,-0.233,0.199,0.091,0.453,-0.221,0.014,-0.017,-0.419,-0.145
20,A2_1,0.474,0.471,-0.441,0.488,0.596,-0.217,-0.233,1.0,0.002,0.043,-0.224,0.36,0.413,-0.656,0.4,0.227
20,A2_2,-0.038,-0.074,-0.165,-0.134,-0.305,0.337,0.199,0.002,1.0,0.335,-0.207,0.091,-0.267,0.059,0.446,0.081
20,A2_3,-0.203,0.081,-0.138,0.031,0.012,-0.029,0.091,0.043,0.335,1.0,-0.023,-0.031,0.057,0.067,0.278,0.095
20,B2_1,-0.374,0.538,-0.416,-0.249,-0.123,-0.322,0.453,-0.224,-0.207,-0.023,1.0,-0.143,0.175,-0.196,-0.024,-0.044
20,B2_2,0.469,0.291,0.106,0.475,0.174,-0.5,-0.221,0.36,0.091,-0.031,-0.143,1.0,-0.368,-0.314,0.443,-0.067
20,B2_3,-0.153,0.258,-0.486,0.08,0.415,-0.254,0.014,0.413,-0.267,0.057,0.175,-0.368,1.0,-0.467,0.147,0.427
20,y1,-0.144,-0.572,0.537,-0.063,-0.608,0.565,-0.017,-0.656,0.059,0.067,-0.196,-0.314,-0.467,1.0,-0.397,-0.582
20,y2,-0.086,0.161,-0.444,-0.099,0.537,-0.077,-0.419,0.4,0.446,0.278,-0.024,0.443,0.147,-0.397,1.0,0.23
20,y3,-0.324,0.056,-0.071,-0.434,0.405,-0.402,-0.145,0.227,0.081,0.095,-0.044,-0.067,0.427,-0.582,0.23,1.0
21,.,1.0,-0.083,0.12,0.739,0.041,0.087,-0.185,0.473,-0.032,-0.203,-0.383,0.467,-0.157,-0.138,-0.082,-0.321
21,A1_1,-0.083,1.0,-0.51,0.299,0.121,-0.637,0.511,0.472,-0.073,0.081,0.538,0.295,0.259,-0.573,0.16,0.053
21,A1_2,0.12,-0.51,1.0,0.048,-0.254,0.028,-0.223,-0.439,-0.163,-0.137,-0.417,0.105,-0.488,0.539,-0.441,-0.07
21,A1_3,0.739,0.299,0.048,1.0,-0.093,-0.248,0.127,0.488,-0.131,0.032,-0.25,0.474,0.077,-0.06,-0.096,-0.434
21,B1_1,0.041,0.121,-0.254,-0.093,1.0,-0.17,-0.659,0.594,-0.308,0.015,-0.117,0.171,0.417,-0.609,0.534,0.406
21,B1_2,0.087,-0.637,0.028,-0.248,-0.17,1.0,-0.225,-0.218,0.336,-0.028,-0.318,-0.505,-0.254,0.565,-0.078,-0.401
21,B1_3,-0.185,0.511,-0.223,0.127,-0.659,-0.225,1.0,-0.233,0.196,0.091,0.458,-0.222,0.018,-0.02,-0.421,-0.146
21,A2_1,0.473,0.472,-0.439,0.488,0.594,-0.218,-0.233,1.0,0.003,0.043,-0.225,0.361,0.41,-0.654,0.401,0.227
21,A2_2,-0.032,-0.073,-0.163,-0.131,-0.308,0.336,0.196,0.003,1.0,0.335,-0.21,0.091,-0.269,0.061,0.447,0.081
21,A2_3,-0.203,0.081,-0.137,0.032,0.015,-0.028,0.091,0.043,0.335,1.0,-0.023,-0.029,0.058,0.066,0.277,0.093
21,B2_1,-0.383,0.538,-0.417,-0.25,-0.117,-0.318,0.458,-0.225,-0.21,-0.023,1.0,-0.14,0.179,-0.199,-0.027,-0.046
21,B2_2,0.467,0.295,0.105,0.474,0.171,-0.505,-0.222,0.361,0.091,-0.029,-0.14,1.0,-0.369,-0.313,0.444,-0.065
21,B2_3,-0.157,0.259,-0.488,0.077,0.417,-0.254,0.018,0.41,-0.269,0.058,0.179,-0.369,1.0,-0.468,0.145,0.426
21,y1,-0.138,-0.573,0.539,-0.06,-0.609,0.565,-0.02,-0.654,0.061,0.066,-0.199,-0.313,-0.468,1.0,-0.395,-0.581
21,y2,-0.082,0.16,-0.441,-0.096,0.534,-0.078,-0.421,0.401,0.447,0.277,-0.027,0.444,0.145,-0.395,1.0,0.23
21,y3,-0.321,0.053,-0.07,-0.434,0.406,-0.401,-0.146,0.227,0.081,0.093,-0.046,-0.065,0.426,-0.581,0.23,1.0
22,.,1.0,-0.09,0.124,0.737,0.035,0.089,-0.193,0.472,-0.026,-0.203,-0.392,0.465,-0.163,-0.131,-0.077,-0.319
22,A1_1,-0.09,1.0,-0.509,0.3,0.124,-0.636,0.512,0.472,-0.073,0.081,0.537,0.3,0.261,-0.575,0.159,0.051
22,A1_2,0.124,-0.509,1.0,0.049,-0.257,0.027,-0.225,-0.438,-0.161,-0.137,-0.418,0.104,-0.489,0.54,-0.438,-0.07
22,A1_3,0.737,0.3,0.049,1.0,-0.097,-0.25,0.125,0.489,-0.128,0.034,-0.25,0.473,0.074,-0.058,-0.094,-0.433
22,B1_1,0.035,0.124,-0.257,-0.097,1.0,-0.172,-0.653,0.591,-0.311,0.017,-0.11,0.168,0.418,-0.611,0.531,0.407
22,B1_2,0.089,-0.636,0.027,-0.25,-0.172,1.0,-0.225,-0.219,0.334,-0.027,-0.314,-0.51,-0.254,0.565,-0.079,-0.401
22,B1_3,-0.193,0.512,-0.225,0.125,-0.653,-0.225,1.0,-0.234,0.192,0.092,0.462,-0.222,0.022,-0.023,-0.423,-0.147
22,A2_1,0.472,0.472,-0.438,0.489,0.591,-0.219,-0.234,1.0,0.005,0.044,-0.226,0.361,0.408,-0.652,0.402,0.226
22,A2_2,-0.026,-0.073,-0.161,-0.128,-0.311,0.334,0.192,0.005,1.0,0.335,-0.212,0.091,-0.271,0.064,0.448,0.08
22,A2_3,-0.203,0.081,-0.137,0.034,0.017,-0.027,0.092,0.044,0.335,1.0,-0.023,-0.027,0.058,0.064,0.276,0.091
22,B2_1,-0.392,0.537,-0.418,-0.25,-0.11,-0.314,0.462,-0.226,-0.212,-0.023,1.0,-0.137,0.183,-0.203,-0.031,-0.048
22,B2_2,0.465,0.3,0.104,0.473,0.168,-0.51,-0.222,0.361,0.091,-0.027,-0.137,1.0,-0.371,-0.313,0.446,-0.062
22,B2_3,-0.163,0.261,-0.489,0.074,0.418,-0.254,0.022,0.408,-0.271,0.058,0.183,-0.371,1.0,-0.468,0.143,0.426
22,y1,-0.131,-0.575,0.54,-0.058,-0.611,0.565,-0.023,-0.652,0.064,0.064,-0.203,-0.313,-0.468,1.0,-0.393,-0.58
22,y2,-0.077,0.159,-0.438,-0.094,0.531,-0.079,-0.423,0.402,0.448,0.276,-0.031,0.446,0.143,-0.393,1.0,0.231
22,y3,-0.319,0.051,-0.07,-0.433,0.407,-0.401,-0.147,0.226,0.08,0.091,-0.048,-0.062,0.426,-0.58,0.231,1.0
23,.,1.0,-0.096,0.128,0.736,0.028,0.091,-0.2,0.471,-0.02,-0.202,-0.402,0.462,-0.168,-0.123,-0.073,-0.316
23,A1_1,-0.096,1.0,-0.508,0.301,0.128,-0.634,0.513,0.473,-0.072,0.08,0.536,0.304,0.262,-0.577,0.157,0.048
23,A1_2,0.128,-0.508,1.0,0.051,-0.26,0.025,-0.227,-0.436,-0.158,-0.136,-0.419,0.103,-0.49,0.541,-0.435,-0.069
23,A1_3,0.736,0.301,0.051,1.0,-0.101,-0.252,0.122,0.49,-0.124,0.035,-0.251,0.472,0.071,-0.055,-0.092,-0.432
23,B1_1,0.028,0.128,-0.26,-0.101,1.0,-0.173,-0.646,0.588,-0.314,0.02,-0.103,0.164,0.42,-0.612,0.528,0.408
23,B1_2,0.091,-0.634,0.025,-0.252,-0.173,1.0,-0.224,-0.22,0.333,-0.026,-0.31,-0.515,-0.254,0.565,-0.079,-0.4
23,B1_3,-0.2,0.513,-0.227,0.122,-0.646,-0.224,1.0,-0.235,0.188,0.092,0.467,-0.222,0.027,-0.026,-0.425,-0.148
23,A2_1,0.471,0.473,-0.436,0.49,0.588,-0.22,-0.235,1.0,0.007,0.045,-0.227,0.362,0.405,-0.649,0.403,0.226
23,A2_2,-0.02,-0.072,-0.158,-0.124,-0.314,0.333,0.188,0.007,1.0,0.336,-0.215,0.091,-0.273,0.066,0.449,0.079
23,A2_3,-0.202,0.08,-0.136,0.035,0.02,-0.026,0.092,0.045,0.336,1.0,-0.024,-0.024,0.059,0.063,0.275,0.089
23,B2_1,-0.402,0.536,-0.419,-0.251,-0.103,-0.31,0.467,-0.227,-0.215,-0.024,1.0,-0.134,0.188,-0.206,-0.036,-0.051
23,B2_2,0.462,0.304,0.103,0.472,0.164,-0.515,-0.222,0.362,0.091,-0.024,-0.134,1.0,-0.372,-0.313,0.447,-0.06
23,B2_3,-0.168,0.262,-0.49,0.071,0.42,-0.254,0.027,0.405,-0.273,0.059,0.188,-0.372,1.0,-0.468,0.141,0.425
23,y1,-0.123,-0.577,0.541,-0.055,-0.612,0.565,-0.026,-0.649,0.066,0.063,-0.206,-0.313,-0.468,1.0,-0.391,-0.579
23,y2,-0.073,0.157,-0.435,-0.092,0.528,-0.079,-0.425,0.403,0.449,0.275,-0.036,0.447,0.141,-0.391,1.0,0.232
23,y3,-0.316,0.048,-0.069,-0.432,0.408,-0.4,-0.148,0.226,0.079,0.089,-0.051,-0.06,0.425,-0.579,0.232,1.0
24,.,1.0,-0.103,0.132,0.734,0.02,0.092,-0.208,0.47,-0.013,-0.202,-0.412,0.458,-0.174,-0.115,-0.068,-0.313
24,A1_1,-0.103,1.0,-0.507,0.302,0.133,-0.632,0.514,0.473,-0.072,0.08,0.535,0.309,0.263,-0.579,0.156,0.046
24,A1_2,0.132,-0.507,1.0,0.053,-0.264,0.023,-0.229,-0.434,-0.156,-0.135,-0.42,0.102,-0.492,0.543,-0.432,-0.068
