,,.,A1_1,A1_2,A1_3,B1_1,B1_2,B1_3,A2_1,A2_2,A2_3,B2_1,B2_2,B2_3,y1,y2,y3
1,.,1.0,-0.073,0.592,0.422,-0.023,-0.027,-0.468,-0.069,-0.13,0.606,-0.416,0.013,-0.179,0.06,-0.145,0.265
1,A1_1,-0.073,1.0,-0.373,0.088,0.259,-0.342,-0.432,-0.353,0.05,-0.081,-0.182,0.053,-0.18,0.139,-0.331,-0.045
1,A1_2,0.592,-0.373,1.0,0.332,0.158,-0.349,-0.378,-0.272,-0.005,0.427,-0.495,0.025,-0.109,0.048,0.357,-0.109
1,A1_3,0.422,0.088,0.332,1.0,0.357,-0.255,-0.076,-0.353,-0.497,0.04,-0.333,0.729,-0.65,-0.294,-0.381,-0.245
1,B1_1,-0.023,0.259,0.158,0.357,1.0,-0.707,-0.208,-0.265,0.07,0.213,-0.379,0.382,0.127,-0.377,0.424,-0.332
1,B1_2,-0.027,-0.342,-0.349,-0.255,-0.707,1.0,0.448,0.671,-0.059,-0.114,0.549,-0.384,-0.084,0.249,-0.293,0.031
1,B1_3,-0.468,-0.432,-0.378,-0.076,-0.208,0.448,1.0,0.224,-0.434,-0.208,0.565,0.347,0.037,-0.246,-0.056,-0.188
1,A2_1,-0.069,-0.353,-0.272,-0.353,-0.265,0.671,0.224,1.0,0.034,-0.3,0.66,-0.518,-0.0,0.197,-0.026,0.143
1,A2_2,-0.13,0.05,-0.005,-0.497,0.07,-0.059,-0.434,0.034,1.0,0.114,-0.333,-0.493,0.631,0.406,0.582,-0.164
1,A2_3,0.606,-0.081,0.427,0.04,0.213,-0.114,-0.208,-0.3,0.114,1.0,-0.497,-0.044,0.391,-0.21,0.348,0.003
1,B2_1,-0.416,-0.182,-0.495,-0.333,-0.379,0.549,0.565,0.66,-0.333,-0.497,1.0,-0.138,-0.036,-0.209,-0.388,-0.078
1,B2_2,0.013,0.053,0.025,0.729,0.382,-0.384,0.347,-0.518,-0.493,-0.044,-0.138,1.0,-0.295,-0.494,-0.261,-0.296
1,B2_3,-0.179,-0.18,-0.109,-0.65,0.127,-0.084,0.037,-0.0,0.631,0.391,-0.036,-0.295,1.0,-0.123,0.612,-0.077
1,y1,0.06,0.139,0.048,-0.294,-0.377,0.249,-0.246,0.197,0.406,-0.21,-0.209,-0.494,-0.123,1.0,0.166,0.219
1,y2,-0.145,-0.331,0.357,-0.381,0.424,-0.293,-0.056,-0.026,0.582,0.348,-0.388,-0.261,0.612,0.166,1.0,-0.158
1,y3,0.265,-0.045,-0.109,-0.245,-0.332,0.031,-0.188,0.143,-0.164,0.003,-0.078,-0.296,-0.077,0.219,-0.158,1.0
2,.,1.0,-0.072,0.592,0.424,-0.024,-0.026,-0.467,-0.069,-0.132,0.607,-0.417,0.014,-0.181,0.059,-0.147,0.264
2,A1_1,-0.072,1.0,-0.372,0.087,0.26,-0.343,-0.433,-0.353,0.052,-0.081,-0.184,0.053,-0.179,0.139,-0.33,-0.045
2,A1_2,0.592,-0.372,1.0,0.332,0.159,-0.349,-0.379,-0.271,-0.003,0.427,-0.496,0.025,-0.108,0.048,0.358,-0.109
2,A1_3,0.424,0.087,0.332,1.0,0.358,-0.256,-0.077,-0.354,-0.496,0.04,-0.334,0.729,-0.649,-0.294,-0.381,-0.245
2,B1_1,-0.024,0.26,0.159,0.358,1.0,-0.707,-0.207,-0.265,0.07,0.213,-0.38,0.383,0.127,-0.377,0.424,-0.334
2,B1_2,-0.026,-0.343,-0.349,-0.256,-0.707,1.0,0.448,0.669,-0.06,-0.115,0.549,-0.384,-0.084,0.251,-0.292,0.031
2,B1_3,-0.467,-0.433,-0.379,-0.077,-0.207,0.448,1.0,0.221,-0.434,-0.21,0.565,0.348,0.036,-0.243,-0.054,-0.188
2,A2_1,-0.069,-0.353,-0.271,-0.354,-0.265,0.669,0.221,1.0,0.036,-0.3,0.658,-0.519,-0.0,0.198,-0.024,0.144
2,A2_2,-0.132,0.052,-0.003,-0.496,0.07,-0.06,-0.434,0.036,1.0,0.115,-0.333,-0.493,0.632,0.405,0.581,-0.164
2,A2_3,0.607,-0.081,0.427,0.04,0.213,-0.115,-0.21,-0.3,0.115,1.0,-0.498,-0.045,0.391,-0.21,0.348,0.003
2,B2_1,-0.417,-0.184,-0.496,-0.334,-0.38,0.549,0.565,0.658,-0.333,-0.498,1.0,-0.138,-0.037,-0.207,-0.386,-0.077
2,B2_2,0.014,0.053,0.025,0.729,0.383,-0.384,0.348,-0.519,-0.493,-0.045,-0.138,1.0,-0.295,-0.493,-0.261,-0.296
2,B2_3,-0.181,-0.179,-0.108,-0.649,0.127,-0.084,0.036,-0.0,0.632,0.391,-0.037,-0.295,1.0,-0.121,0.613,-0.078
2,y1,0.059,0.139,0.048,-0.294,-0.377,0.251,-0.243,0.198,0.405,-0.21,-0.207,-0.493,-0.121,1.0,0.165,0.218
2,y2,-0.147,-0.33,0.358,-0.381,0.424,-0.292,-0.054,-0.024,0.581,0.348,-0.386,-0.261,0.613,0.165,1.0,-0.159
2,y3,0.264,-0.045,-0.109,-0.245,-0.334,0.031,-0.188,0.144,-0.164,0.003,-0.077,-0.296,-0.078,0.218,-0.159,1.0
3,.,1.0,-0.072,0.592,0.426,-0.025,-0.026,-0.466,-0.068,-0.133,0.608,-0.418,0.014,-0.184,0.058,-0.148,0.263
3,A1_1,-0.072,1.0,-0.371,0.087,0.261,-0.344,-0.434,-0.353,0.053,-0.081,-0.184,0.052,-0.178,0.14,-0.33,-0.044
3,A1_2,0.592,-0.371,1.0,0.332,0.16,-0.35,-0.38,-0.27,-0.001,0.428,-0.497,0.025,-0.107,0.048,0.358,-0.109
3,A1_3,0.426,0.087,0.332,1.0,0.36,-0.257,-0.078,-0.354,-0.494,0.04,-0.335,0.728,-0.649,-0.294,-0.38,-0.245
3,B1_1,-0.025,0.261,0.16,0.36,1.0,-0.708,-0.206,-0.266,0.071,0.213,-0.38,0.384,0.127,-0.377,0.424,-0.337
3,B1_2,-0.026,-0.344,-0.35,-0.257,-0.708,1.0,0.448,0.668,-0.06,-0.117,0.548,-0.383,-0.085,0.253,-0.291,0.03
3,B1_3,-0.466,-0.434,-0.38,-0.078,-0.206,0.448,1.0,0.218,-0.434,-0.213,0.565,0.349,0.036,-0.241,-0.053,-0.188
3,A2_1,-0.068,-0.353,-0.27,-0.354,-0.266,0.668,0.218,1.0,0.038,-0.3,0.657,-0.52,-0.0,0.199,-0.023,0.145
3,A2_2,-0.133,0.053,-0.001,-0.494,0.071,-0.06,-0.434,0.038,1.0,0.117,-0.333,-0.492,0.632,0.404,0.58,-0.163
3,A2_3,0.608,-0.081,0.428,0.04,0.213,-0.117,-0.213,-0.3,0.117,1.0,-0.5,-0.047,0.391,-0.21,0.349,0.004
3,B2_1,-0.418,-0.184,-0.497,-0.335,-0.38,0.548,0.565,0.657,-0.333,-0.5,1.0,-0.138,-0.038,-0.205,-0.385,-0.077
3,B2_2,0.014,0.052,0.025,0.728,0.384,-0.383,0.349,-0.52,-0.492,-0.047,-0.138,1.0,-0.294,-0.492,-0.261,-0.296
3,B2_3,-0.184,-0.178,-0.107,-0.649,0.127,-0.085,0.036,-0.0,0.632,0.391,-0.038,-0.294,1.0,-0.12,0.614,-0.08
3,y1,0.058,0.14,0.048,-0.294,-0.377,0.253,-0.241,0.199,0.404,-0.21,-0.205,-0.492,-0.12,1.0,0.163,0.218
3,y2,-0.148,-0.33,0.358,-0.38,0.424,-0.291,-0.053,-0.023,0.58,0.349,-0.385,-0.261,0.614,0.163,1.0,-0.16
3,y3,0.263,-0.044,-0.109,-0.245,-0.337,0.03,-0.188,0.145,-0.163,0.004,-0.077,-0.296,-0.08,0.218,-0.16,1.0
4,.,1.0,-0.071,0.591,0.428,-0.026,-0.025,-0.465,-0.068,-0.136,0.609,-0.418,0.015,-0.188,0.057,-0.15,0.263
4,A1_1,-0.071,1.0,-0.371,0.087,0.262,-0.345,-0.435,-0.352,0.055,-0.081,-0.185,0.051,-0.177,0.14,-0.329,-0.044
4,A1_2,0.591,-0.371,1.0,0.333,0.161,-0.351,-0.381,-0.27,0.0,0.428,-0.498,0.024,-0.106,0.047,0.358,-0.109
4,A1_3,0.428,0.087,0.333,1.0,0.361,-0.258,-0.079,-0.355,-0.492,0.04,-0.336,0.728,-0.648,-0.295,-0.38,-0.245
4,B1_1,-0.026,0.262,0.161,0.361,1.0,-0.708,-0.205,-0.266,0.072,0.213,-0.38,0.385,0.127,-0.378,0.424,-0.339
4,B1_2,-0.025,-0.345,-0.351,-0.258,-0.708,1.0,0.449,0.666,-0.061,-0.118,0.548,-0.382,-0.085,0.255,-0.29,0.03
4,B1_3,-0.465,-0.435,-0.381,-0.079,-0.205,0.449,1.0,0.215,-0.434,-0.215,0.565,0.35,0.037,-0.239,-0.051,-0.188
4,A2_1,-0.068,-0.352,-0.27,-0.355,-0.266,0.666,0.215,1.0,0.04,-0.299,0.655,-0.521,-0.0,0.201,-0.021,0.146
4,A2_2,-0.136,0.055,0.0,-0.492,0.072,-0.061,-0.434,0.04,1.0,0.118,-0.334,-0.491,0.632,0.403,0.58,-0.164
4,A2_3,0.609,-0.081,0.428,0.04,0.213,-0.118,-0.215,-0.299,0.118,1.0,-0.502,-0.048,0.391,-0.21,0.35,0.005
4,B2_1,-0.418,-0.185,-0.498,-0.336,-0.38,0.548,0.565,0.655,-0.334,-0.502,1.0,-0.137,-0.038,-0.203,-0.383,-0.077
4,B2_2,0.015,0.051,0.024,0.728,0.385,-0.382,0.35,-0.521,-0.491,-0.048,-0.137,1.0,-0.293,-0.492,-0.261,-0.297
4,B2_3,-0.188,-0.177,-0.106,-0.648,0.127,-0.085,0.037,-0.0,0.632,0.391,-0.038,-0.293,1.0,-0.119,0.615,-0.081
4,y1,0.057,0.14,0.047,-0.295,-0.378,0.255,-0.239,0.201,0.403,-0.21,-0.203,-0.492,-0.119,1.0,0.162,0.217
4,y2,-0.15,-0.329,0.358,-0.38,0.424,-0.29,-0.051,-0.021,0.58,0.35,-0.383,-0.261,0.615,0.162,1.0,-0.16
4,y3,0.263,-0.044,-0.109,-0.245,-0.339,0.03,-0.188,0.146,-0.164,0.005,-0.077,-0.297,-0.081,0.217,-0.16,1.0
5,.,1.0,-0.071,0.591,0.431,-0.028,-0.025,-0.464,-0.068,-0.138,0.61,-0.419,0.015,-0.192,0.056,-0.152,0.263
5,A1_1,-0.071,1.0,-0.37,0.086,0.263,-0.345,-0.436,-0.352,0.057,-0.08,-0.186,0.051,-0.176,0.14,-0.329,-0.044
5,A1_2,0.591,-0.37,1.0,0.333,0.161,-0.352,-0.382,-0.269,0.002,0.428,-0.499,0.023,-0.105,0.047,0.358,-0.109
5,A1_3,0.431,0.086,0.333,1.0,0.362,-0.259,-0.081,-0.355,-0.49,0.04,-0.337,0.726,-0.647,-0.295,-0.38,-0.244
5,B1_1,-0.028,0.263,0.161,0.362,1.0,-0.707,-0.204,-0.266,0.073,0.212,-0.38,0.385,0.127,-0.378,0.424,-0.341
5,B1_2,-0.025,-0.345,-0.352,-0.259,-0.707,1.0,0.449,0.665,-0.062,-0.12,0.549,-0.382,-0.085,0.257,-0.288,0.029
5,B1_3,-0.464,-0.436,-0.382,-0.081,-0.204,0.449,1.0,0.212,-0.434,-0.218,0.565,0.351,0.038,-0.236,-0.049,-0.189
5,A2_1,-0.068,-0.352,-0.269,-0.355,-0.266,0.665,0.212,1.0,0.042,-0.299,0.653,-0.522,0.0,0.202,-0.02,0.147
5,A2_2,-0.138,0.057,0.002,-0.49,0.073,-0.062,-0.434,0.042,1.0,0.119,-0.334,-0.49,0.632,0.402,0.579,-0.163
5,A2_3,0.61,-0.08,0.428,0.04,0.212,-0.12,-0.218,-0.299,0.119,1.0,-0.504,-0.05,0.39,-0.21,0.351,0.005
5,B2_1,-0.419,-0.186,-0.499,-0.337,-0.38,0.549,0.565,0.653,-0.334,-0.504,1.0,-0.137,-0.037,-0.201,-0.381,-0.077
5,B2_2,0.015,0.051,0.023,0.726,0.385,-0.382,0.351,-0.522,-0.49,-0.05,-0.137,1.0,-0.292,-0.491,-0.26,-0.297
5,B2_3,-0.192,-0.176,-0.105,-0.647,0.127,-0.085,0.038,0.0,0.632,0.39,-0.037,-0.292,1.0,-0.118,0.616,-0.082
5,y1,0.056,0.14,0.047,-0.295,-0.378,0.257,-0.236,0.202,0.402,-0.21,-0.201,-0.491,-0.118,1.0,0.16,0.217
5,y2,-0.152,-0.329,0.358,-0.38,0.424,-0.288,-0.049,-0.02,0.579,0.351,-0.381,-0.26,0.616,0.16,1.0,-0.16
5,y3,0.263,-0.044,-0.109,-0.244,-0.341,0.029,-0.189,0.147,-0.163,0.005,-0.077,-0.297,-0.082,0.217,-0.16,1.0
6,.,1.0,-0.07,0.591,0.433,-0.03,-0.024,-0.464,-0.068,-0.141,0.611,-0.42,0.015,-0.196,0.054,-0.154,0.263
6,A1_1,-0.07,1.0,-0.369,0.086,0.264,-0.346,-0.437,-0.352,0.058,-0.08,-0.187,0.05,-0.175,0.141,-0.329,-0.043
6,A1_2,0.591,-0.369,1.0,0.333,0.161,-0.353,-0.384,-0.268,0.004,0.429,-0.5,0.022,-0.105,0.047,0.359,-0.109
6,A1_3,0.433,0.086,0.333,1.0,0.363,-0.261,-0.083,-0.355,-0.488,0.04,-0.339,0.725,-0.647,-0.295,-0.38,-0.244
6,B1_1,-0.03,0.264,0.161,0.363,1.0,-0.707,-0.202,-0.266,0.074,0.212,-0.379,0.386,0.127,-0.378,0.424,-0.344
6,B1_2,-0.024,-0.346,-0.353,-0.261,-0.707,1.0,0.45,0.664,-0.062,-0.122,0.549,-0.381,-0.084,0.258,-0.287,0.028
6,B1_3,-0.464,-0.437,-0.384,-0.083,-0.202,0.45,1.0,0.209,-0.434,-0.221,0.565,0.352,0.04,-0.234,-0.047,-0.189
6,A2_1,-0.068,-0.352,-0.268,-0.355,-0.266,0.664,0.209,1.0,0.045,-0.299,0.651,-0.523,0.0,0.203,-0.018,0.148
6,A2_2,-0.141,0.058,0.004,-0.488,0.074,-0.062,-0.434,0.045,1.0,0.121,-0.334,-0.489,0.632,0.401,0.578,-0.163
6,A2_3,0.611,-0.08,0.429,0.04,0.212,-0.122,-0.221,-0.299,0.121,1.0,-0.506,-0.052,0.39,-0.209,0.352,0.006
6,B2_1,-0.42,-0.187,-0.5,-0.339,-0.379,0.549,0.565,0.651,-0.334,-0.506,1.0,-0.136,-0.036,-0.199,-0.38,-0.077
6,B2_2,0.015,0.05,0.022,0.725,0.386,-0.381,0.352,-0.523,-0.489,-0.052,-0.136,1.0,-0.291,-0.49,-0.26,-0.298
6,B2_3,-0.196,-0.175,-0.105,-0.647,0.127,-0.084,0.04,0.0,0.632,0.39,-0.036,-0.291,1.0,-0.117,0.617,-0.084
6,y1,0.054,0.141,0.047,-0.295,-0.378,0.258,-0.234,0.203,0.401,-0.209,-0.199,-0.49,-0.117,1.0,0.158,0.217
6,y2,-0.154,-0.329,0.359,-0.38,0.424,-0.287,-0.047,-0.018,0.578,0.352,-0.38,-0.26,0.617,0.158,1.0,-0.161
6,y3,0.263,-0.043,-0.109,-0.244,-0.344,0.028,-0.189,0.148,-0.163,0.006,-0.077,-0.298,-0.084,0.217,-0.161,1.0
7,.,1.0,-0.07,0.59,0.435,-0.033,-0.024,-0.463,-0.067,-0.144,0.612,-0.421,0.014,-0.201,0.053,-0.156,0.263
7,A1_1,-0.07,1.0,-0.368,0.086,0.265,-0.347,-0.438,-0.351,0.06,-0.079,-0.188,0.049,-0.175,0.141,-0.328,-0.043
7,A1_2,0.59,-0.368,1.0,0.334,0.161,-0.354,-0.386,-0.267,0.006,0.429,-0.502,0.021,-0.105,0.046,0.359,-0.109
7,A1_3,0.435,0.086,0.334,1.0,0.364,-0.263,-0.085,-0.356,-0.486,0.04,-0.341,0.724,-0.646,-0.295,-0.379,-0.244
7,B1_1,-0.033,0.265,0.161,0.364,1.0,-0.707,-0.2,-0.266,0.075,0.211,-0.378,0.387,0.127,-0.379,0.424,-0.346
7,B1_2,-0.024,-0.347,-0.354,-0.263,-0.707,1.0,0.451,0.662,-0.063,-0.124,0.549,-0.38,-0.083,0.26,-0.286,0.027
7,B1_3,-0.463,-0.438,-0.386,-0.085,-0.2,0.451,1.0,0.206,-0.434,-0.224,0.566,0.353,0.042,-0.232,-0.046,-0.19
7,A2_1,-0.067,-0.351,-0.267,-0.356,-0.266,0.662,0.206,1.0,0.047,-0.299,0.649,-0.524,0.001,0.205,-0.016,0.149
7,A2_2,-0.144,0.06,0.006,-0.486,0.075,-0.063,-0.434,0.047,1.0,0.122,-0.333,-0.489,0.631,0.4,0.577,-0.163
7,A2_3,0.612,-0.079,0.429,0.04,0.211,-0.124,-0.224,-0.299,0.122,1.0,-0.507,-0.053,0.388,-0.209,0.353,0.007
7,B2_1,-0.421,-0.188,-0.502,-0.341,-0.378,0.549,0.566,0.649,-0.333,-0.507,1.0,-0.134,-0.035,-0.198,-0.378,-0.078
7,B2_2,0.014,0.049,0.021,0.724,0.387,-0.38,0.353,-0.524,-0.489,-0.053,-0.134,1.0,-0.289,-0.49,-0.26,-0.299
7,B2_3,-0.201,-0.175,-0.105,-0.646,0.127,-0.083,0.042,0.001,0.631,0.388,-0.035,-0.289,1.0,-0.117,0.617,-0.085
7,y1,0.053,0.141,0.046,-0.295,-0.379,0.26,-0.232,0.205,0.4,-0.209,-0.198,-0.49,-0.117,1.0,0.157,0.216
7,y2,-0.156,-0.328,0.359,-0.379,0.424,-0.286,-0.046,-0.016,0.577,0.353,-0.378,-0.26,0.617,0.157,1.0,-0.161
7,y3,0.263,-0.043,-0.109,-0.244,-0.346,0.027,-0.19,0.149,-0.163,0.007,-0.078,-0.299,-0.085,0.216,-0.161,1.0
8,.,1.0,-0.068,0.59,0.437,-0.036,-0.025,-0.463,-0.067,-0.147,0.613,-0.422,0.013,-0.206,0.052,-0.158,0.264
8,A1_1,-0.068,1.0,-0.367,0.086,0.266,-0.348,-0.44,-0.351,0.062,-0.078,-0.189,0.048,-0.174,0.141,-0.328,-0.042
8,A1_2,0.59,-0.367,1.0,0.334,0.161,-0.356,-0.388,-0.266,0.008,0.43,-0.503,0.019,-0.105,0.046,0.359,-0.108
8,A1_3,0.437,0.086,0.334,1.0,0.365,-0.264,-0.088,-0.356,-0.484,0.041,-0.342,0.722,-0.646,-0.295,-0.379,-0.243
8,B1_1,-0.036,0.266,0.161,0.365,1.0,-0.706,-0.197,-0.265,0.076,0.21,-0.376,0.388,0.127,-0.38,0.424,-0.349
8,B1_2,-0.025,-0.348,-0.356,-0.264,-0.706,1.0,0.452,0.661,-0.064,-0.126,0.55,-0.379,-0.082,0.261,-0.285,0.026
8,B1_3,-0.463,-0.44,-0.388,-0.088,-0.197,0.452,1.0,0.203,-0.433,-0.228,0.567,0.354,0.044,-0.231,-0.044,-0.191
8,A2_1,-0.067,-0.351,-0.266,-0.356,-0.265,0.661,0.203,1.0,0.049,-0.298,0.647,-0.525,0.002,0.206,-0.015,0.15
8,A2_2,-0.147,0.062,0.008,-0.484,0.076,-0.064,-0.433,0.049,1.0,0.124,-0.333,-0.488,0.631,0.399,0.575,-0.163
8,A2_3,0.613,-0.078,0.43,0.041,0.21,-0.126,-0.228,-0.298,0.124,1.0,-0.509,-0.056,0.387,-0.209,0.355,0.008
8,B2_1,-0.422,-0.189,-0.503,-0.342,-0.376,0.55,0.567,0.647,-0.333,-0.509,1.0,-0.133,-0.033,-0.196,-0.376,-0.078
8,B2_2,0.013,0.048,0.019,0.722,0.388,-0.379,0.354,-0.525,-0.488,-0.056,-0.133,1.0,-0.287,-0.49,-0.26,-0.3
8,B2_3,-0.206,-0.174,-0.105,-0.646,0.127,-0.082,0.044,0.002,0.631,0.387,-0.033,-0.287,1.0,-0.116,0.618,-0.087
8,y1,0.052,0.141,0.046,-0.295,-0.38,0.261,-0.231,0.206,0.399,-0.209,-0.196,-0.49,-0.116,1.0,0.155,0.216
8,y2,-0.158,-0.328,0.359,-0.379,0.424,-0.285,-0.044,-0.015,0.575,0.355,-0.376,-0.26,0.618,0.155,1.0,-0.16
8,y3,0.264,-0.042,-0.108,-0.243,-0.349,0.026,-0.191,0.15,-0.163,0.008,-0.078,-0.3,-0.087,0.216,-0.16,1.0
9,.,1.0,-0.067,0.589,0.44,-0.04,-0.025,-0.464,-0.066,-0.149,0.614,-0.423,0.011,-0.212,0.051,-0.16,0.265
9,A1_1,-0.067,1.0,-0.365,0.086,0.266,-0.349,-0.441,-0.35,0.064,-0.077,-0.19,0.047,-0.173,0.142,-0.327,-0.042
9,A1_2,0.589,-0.365,1.0,0.335,0.16,-0.358,-0.39,-0.265,0.01,0.43,-0.505,0.017,-0.105,0.046,0.36,-0.108
9,A1_3,0.44,0.086,0.335,1.0,0.366,-0.266,-0.091,-0.356,-0.481,0.041,-0.344,0.72,-0.646,-0.295,-0.379,-0.242
9,B1_1,-0.04,0.266,0.16,0.366,1.0,-0.705,-0.194,-0.265,0.077,0.208,-0.374,0.39,0.128,-0.381,0.424,-0.352
9,B1_2,-0.025,-0.349,-0.358,-0.266,-0.705,1.0,0.454,0.66,-0.064,-0.128,0.551,-0.377,-0.081,0.263,-0.284,0.025
9,B1_3,-0.464,-0.441,-0.39,-0.091,-0.194,0.454,1.0,0.2,-0.433,-0.232,0.568,0.356,0.048,-0.229,-0.043,-0.192
9,A2_1,-0.066,-0.35,-0.265,-0.356,-0.265,0.66,0.2,1.0,0.051,-0.297,0.644,-0.526,0.002,0.207,-0.013,0.152
9,A2_2,-0.149,0.064,0.01,-0.481,0.077,-0.064,-0.433,0.051,1.0,0.125,-0.333,-0.487,0.63,0.398,0.574,-0.163
9,A2_3,0.614,-0.077,0.43,0.041,0.208,-0.128,-0.232,-0.297,0.125,1.0,-0.511,-0.058,0.385,-0.208,0.356,0.009
9,B2_1,-0.423,-0.19,-0.505,-0.344,-0.374,0.551,0.568,0.644,-0.333,-0.511,1.0,-0.131,-0.031,-0.195,-0.375,-0.079
9,B2_2,0.011,0.047,0.017,0.72,0.39,-0.377,0.356,-0.526,-0.487,-0.058,-0.131,1.0,-0.285,-0.49,-0.26,-0.301
9,B2_3,-0.212,-0.173,-0.105,-0.646,0.128,-0.081,0.048,0.002,0.63,0.385,-0.031,-0.285,1.0,-0.116,0.618,-0.089
9,y1,0.051,0.142,0.046,-0.295,-0.381,0.263,-0.229,0.207,0.398,-0.208,-0.195,-0.49,-0.116,1.0,0.153,0.217
9,y2,-0.16,-0.327,0.36,-0.379,0.424,-0.284,-0.043,-0.013,0.574,0.356,-0.375,-0.26,0.618,0.153,1.0,-0.16
9,y3,0.265,-0.042,-0.108,-0.242,-0.352,0.025,-0.192,0.152,-0.163,0.009,-0.079,-0.301,-0.089,0.217,-0.16,1.0
10,.,1.0,-0.066,0.589,0.442,-0.044,-0.026,-0.465,-0.066,-0.152,0.615,-0.425,0.009,-0.218,0.051,-0.162,0.267
10,A1_1,-0.066,1.0,-0.363,0.086,0.267,-0.351,-0.442,-0.349,0.066,-0.076,-0.191,0.045,-0.173,0.142,-0.326,-0.041
10,A1_2,0.589,-0.363,1.0,0.335,0.159,-0.36,-0.393,-0.263,0.013,0.431,-0.506,0.015,-0.106,0.046,0.361,-0.107
10,A1_3,0.442,0.086,0.335,1.0,0.366,-0.268,-0.094,-0.357,-0.479,0.041,-0.346,0.718,-0.645,-0.295,-0.378,-0.242
10,B1_1,-0.044,0.267,0.159,0.366,1.0,-0.704,-0.19,-0.264,0.078,0.207,-0.371,0.391,0.129,-0.382,0.424,-0.355
10,B1_2,-0.026,-0.351,-0.36,-0.268,-0.704,1.0,0.455,0.658,-0.065,-0.131,0.552,-0.376,-0.079,0.263,-0.282,0.024
10,B1_3,-0.465,-0.442,-0.393,-0.094,-0.19,0.455,1.0,0.196,-0.433,-0.236,0.57,0.357,0.051,-0.228,-0.042,-0.193
10,A2_1,-0.066,-0.349,-0.263,-0.357,-0.264,0.658,0.196,1.0,0.054,-0.297,0.641,-0.527,0.003,0.209,-0.012,0.153
10,A2_2,-0.152,0.066,0.013,-0.479,0.078,-0.065,-0.433,0.054,1.0,0.127,-0.333,-0.487,0.629,0.397,0.573,-0.163
10,A2_3,0.615,-0.076,0.431,0.041,0.207,-0.131,-0.236,-0.297,0.127,1.0,-0.513,-0.061,0.383,-0.207,0.358,0.011
10,B2_1,-0.425,-0.191,-0.506,-0.346,-0.371,0.552,0.57,0.641,-0.333,-0.513,1.0,-0.129,-0.028,-0.194,-0.373,-0.08
10,B2_2,0.009,0.045,0.015,0.718,0.391,-0.376,0.357,-0.527,-0.487,-0.061,-0.129,1.0,-0.283,-0.49,-0.26,-0.302
10,B2_3,-0.218,-0.173,-0.106,-0.645,0.129,-0.079,0.051,0.003,0.629,0.383,-0.028,-0.283,1.0,-0.116,0.618,-0.091
10,y1,0.051,0.142,0.046,-0.295,-0.382,0.263,-0.228,0.209,0.397,-0.207,-0.194,-0.49,-0.116,1.0,0.151,0.217
10,y2,-0.162,-0.326,0.361,-0.378,0.424,-0.282,-0.042,-0.012,0.573,0.358,-0.373,-0.26,0.618,0.151,1.0,-0.159
10,y3,0.267,-0.041,-0.107,-0.242,-0.355,0.024,-0.193,0.153,-0.163,0.011,-0.08,-0.302,-0.091,0.217,-0.159,1.0
11,.,1.0,-0.065,0.588,0.444,-0.05,-0.027,-0.466,-0.065,-0.154,0.616,-0.427,0.006,-0.225,0.051,-0.164,0.27
11,A1_1,-0.065,1.0,-0.362,0.087,0.267,-0.352,-0.444,-0.349,0.068,-0.075,-0.193,0.044,-0.172,0.143,-0.326,-0.04
11,A1_2,0.588,-0.362,1.0,0.336,0.158,-0.362,-0.395,-0.262,0.015,0.432,-0.508,0.013,-0.107,0.047,0.361,-0.106
11,A1_3,0.444,0.087,0.336,1.0,0.367,-0.271,-0.098,-0.357,-0.476,0.042,-0.348,0.715,-0.645,-0.294,-0.378,-0.241
11,B1_1,-0.05,0.267,0.158,0.367,1.0,-0.702,-0.186,-0.263,0.078,0.205,-0.368,0.392,0.129,-0.383,0.423,-0.358
11,B1_2,-0.027,-0.352,-0.362,-0.271,-0.702,1.0,0.457,0.657,-0.066,-0.134,0.554,-0.373,-0.077,0.264,-0.281,0.022
11,B1_3,-0.466,-0.444,-0.395,-0.098,-0.186,0.457,1.0,0.193,-0.432,-0.24,0.572,0.359,0.056,-0.227,-0.041,-0.195
11,A2_1,-0.065,-0.349,-0.262,-0.357,-0.263,0.657,0.193,1.0,0.056,-0.296,0.638,-0.527,0.003,0.21,-0.01,0.154
11,A2_2,-0.154,0.068,0.015,-0.476,0.078,-0.066,-0.432,0.056,1.0,0.129,-0.333,-0.486,0.628,0.396,0.571,-0.163
11,A2_3,0.616,-0.075,0.432,0.042,0.205,-0.134,-0.24,-0.296,0.129,1.0,-0.515,-0.063,0.38,-0.206,0.36,0.012
11,B2_1,-0.427,-0.193,-0.508,-0.348,-0.368,0.554,0.572,0.638,-0.333,-0.515,1.0,-0.126,-0.025,-0.193,-0.372,-0.082
11,B2_2,0.006,0.044,0.013,0.715,0.392,-0.373,0.359,-0.527,-0.486,-0.063,-0.126,1.0,-0.28,-0.49,-0.26,-0.304
11,B2_3,-0.225,-0.172,-0.107,-0.645,0.129,-0.077,0.056,0.003,0.628,0.38,-0.025,-0.28,1.0,-0.116,0.617,-0.094
11,y1,0.051,0.143,0.047,-0.294,-0.383,0.264,-0.227,0.21,0.396,-0.206,-0.193,-0.49,-0.116,1.0,0.15,0.218
11,y2,-0.164,-0.326,0.361,-0.378,0.423,-0.281,-0.041,-0.01,0.571,0.36,-0.372,-0.26,0.617,0.15,1.0,-0.158
11,y3,0.27,-0.04,-0.106,-0.241,-0.358,0.022,-0.195,0.154,-0.163,0.012,-0.082,-0.304,-0.094,0.218,-0.158,1.0
12,.,1.0,-0.063,0.587,0.447,-0.056,-0.029,-0.468,-0.064,-0.157,0.616,-0.429,0.002,-0.233,0.052,-0.166,0.273
12,A1_1,-0.063,1.0,-0.36,0.087,0.267,-0.354,-0.445,-0.348,0.071,-0.073,-0.194,0.042,-0.172,0.143,-0.325,-0.04
12,A1_2,0.587,-0.36,1.0,0.337,0.157,-0.365,-0.399,-0.26,0.017,0.433,-0.51,0.01,-0.109,0.047,0.363,-0.105
12,A1_3,0.447,0.087,0.337,1.0,0.367,-0.273,-0.102,-0.357,-0.473,0.043,-0.351,0.712,-0.645,-0.294,-0.377,-0.24
12,B1_1,-0.056,0.267,0.157,0.367,1.0,-0.7,-0.181,-0.262,0.079,0.203,-0.364,0.394,0.13,-0.385,0.423,-0.361
12,B1_2,-0.029,-0.354,-0.365,-0.273,-0.7,1.0,0.46,0.656,-0.068,-0.137,0.556,-0.371,-0.075,0.264,-0.28,0.02
12,B1_3,-0.468,-0.445,-0.399,-0.102,-0.181,0.46,1.0,0.189,-0.432,-0.245,0.574,0.362,0.061,-0.227,-0.04,-0.197
12,A2_1,-0.064,-0.348,-0.26,-0.357,-0.262,0.656,0.189,1.0,0.059,-0.295,0.635,-0.528,0.004,0.212,-0.009,0.155
12,A2_2,-0.157,0.071,0.017,-0.473,0.079,-0.068,-0.432,0.059,1.0,0.131,-0.333,-0.486,0.626,0.395,0.57,-0.162
12,A2_3,0.616,-0.073,0.433,0.043,0.203,-0.137,-0.245,-0.295,0.131,1.0,-0.518,-0.066,0.377,-0.205,0.362,0.014
12,B2_1,-0.429,-0.194,-0.51,-0.351,-0.364,0.556,0.574,0.635,-0.333,-0.518,1.0,-0.122,-0.021,-0.193,-0.37,-0.083
12,B2_2,0.002,0.042,0.01,0.712,0.394,-0.371,0.362,-0.528,-0.486,-0.066,-0.122,1.0,-0.277,-0.49,-0.26,-0.305
12,B2_3,-0.233,-0.172,-0.109,-0.645,0.13,-0.075,0.061,0.004,0.626,0.377,-0.021,-0.277,1.0,-0.117,0.617,-0.096
12,y1,0.052,0.143,0.047,-0.294,-0.385,0.264,-0.227,0.212,0.395,-0.205,-0.193,-0.49,-0.117,1.0,0.148,0.218
12,y2,-0.166,-0.325,0.363,-0.377,0.423,-0.28,-0.04,-0.009,0.57,0.362,-0.37,-0.26,0.617,0.148,1.0,-0.157
12,y3,0.273,-0.04,-0.105,-0.24,-0.361,0.02,-0.197,0.155,-0.162,0.014,-0.083,-0.305,-0.096,0.218,-0.157,1.0
13,.,1.0,-0.06,0.587,0.449,-0.063,-0.032,-0.471,-0.063,-0.159,0.617,-0.431,-0.002,-0.241,0.053,-0.167,0.276
13,A1_1,-0.06,1.0,-0.357,0.088,0.267,-0.355,-0.447,-0.347,0.073,-0.071,-0.196,0.04,-0.172,0.144,-0.324,-0.039
13,A1_2,0.587,-0.357,1.0,0.338,0.154,-0.368,-0.402,-0.258,0.02,0.434,-0.512,0.007,-0.111,0.048,0.364,-0.104
13,A1_3,0.449,0.088,0.338,1.0,0.367,-0.276,-0.106,-0.357,-0.47,0.044,-0.353,0.709,-0.645,-0.293,-0.376,-0.239
13,B1_1,-0.063,0.267,0.154,0.367,1.0,-0.698,-0.175,-0.261,0.079,0.2,-0.36,0.396,0.131,-0.387,0.423,-0.365
13,B1_2,-0.032,-0.355,-0.368,-0.276,-0.698,1.0,0.463,0.654,-0.069,-0.141,0.558,-0.368,-0.072,0.264,-0.279,0.018
13,B1_3,-0.471,-0.447,-0.402,-0.106,-0.175,0.463,1.0,0.185,-0.432,-0.249,0.576,0.365,0.067,-0.227,-0.04,-0.199
13,A2_1,-0.063,-0.347,-0.258,-0.357,-0.261,0.654,0.185,1.0,0.062,-0.294,0.632,-0.529,0.005,0.213,-0.008,0.157
13,A2_2,-0.159,0.073,0.02,-0.47,0.079,-0.069,-0.432,0.062,1.0,0.133,-0.334,-0.485,0.624,0.394,0.569,-0.162
13,A2_3,0.617,-0.071,0.434,0.044,0.2,-0.141,-0.249,-0.294,0.133,1.0,-0.52,-0.07,0.373,-0.203,0.364,0.016
13,B2_1,-0.431,-0.196,-0.512,-0.353,-0.36,0.558,0.576,0.632,-0.334,-0.52,1.0,-0.119,-0.016,-0.193,-0.369,-0.085
13,B2_2,-0.002,0.04,0.007,0.709,0.396,-0.368,0.365,-0.529,-0.485,-0.07,-0.119,1.0,-0.273,-0.491,-0.26,-0.307
13,B2_3,-0.241,-0.172,-0.111,-0.645,0.131,-0.072,0.067,0.005,0.624,0.373,-0.016,-0.273,1.0,-0.118,0.616,-0.099
13,y1,0.053,0.144,0.048,-0.293,-0.387,0.264,-0.227,0.213,0.394,-0.203,-0.193,-0.491,-0.118,1.0,0.146,0.22
13,y2,-0.167,-0.324,0.364,-0.376,0.423,-0.279,-0.04,-0.008,0.569,0.364,-0.369,-0.26,0.616,0.146,1.0,-0.156
13,y3,0.276,-0.039,-0.104,-0.239,-0.365,0.018,-0.199,0.157,-0.162,0.016,-0.085,-0.307,-0.099,0.22,-0.156,1.0
14,.,1.0,-0.057,0.586,0.451,-0.071,-0.035,-0.474,-0.062,-0.161,0.617,-0.434,-0.007,-0.25,0.055,-0.168,0.28
14,A1_1,-0.057,1.0,-0.355,0.089,0.267,-0.357,-0.448,-0.346,0.076,-0.07,-0.198,0.038,-0.172,0.145,-0.323,-0.037
14,A1_2,0.586,-0.355,1.0,0.339,0.152,-0.371,-0.406,-0.256,0.023,0.435,-0.515,0.003,-0.113,0.049,0.365,-0.102
14,A1_3,0.451,0.089,0.339,1.0,0.366,-0.279,-0.111,-0.357,-0.467,0.045,-0.356,0.705,-0.645,-0.292,-0.375,-0.237
14,B1_1,-0.071,0.267,0.152,0.366,1.0,-0.696,-0.169,-0.26,0.08,0.197,-0.354,0.398,0.133,-0.389,0.423,-0.369
14,B1_2,-0.035,-0.357,-0.371,-0.279,-0.696,1.0,0.467,0.652,-0.071,-0.145,0.561,-0.364,-0.069,0.263,-0.278,0.015
14,B1_3,-0.474,-0.448,-0.406,-0.111,-0.169,0.467,1.0,0.181,-0.432,-0.255,0.579,0.368,0.074,-0.228,-0.041,-0.202
14,A2_1,-0.062,-0.346,-0.256,-0.357,-0.26,0.652,0.181,1.0,0.065,-0.292,0.627,-0.529,0.006,0.214,-0.006,0.158
14,A2_2,-0.161,0.076,0.023,-0.467,0.08,-0.071,-0.432,0.065,1.0,0.135,-0.334,-0.485,0.621,0.393,0.567,-0.161
14,A2_3,0.617,-0.07,0.435,0.045,0.197,-0.145,-0.255,-0.292,0.135,1.0,-0.522,-0.073,0.369,-0.201,0.366,0.018
14,B2_1,-0.434,-0.198,-0.515,-0.356,-0.354,0.561,0.579,0.627,-0.334,-0.522,1.0,-0.114,-0.011,-0.193,-0.369,-0.088
14,B2_2,-0.007,0.038,0.003,0.705,0.398,-0.364,0.368,-0.529,-0.485,-0.073,-0.114,1.0,-0.268,-0.492,-0.261,-0.309
14,B2_3,-0.25,-0.172,-0.113,-0.645,0.133,-0.069,0.074,0.006,0.621,0.369,-0.011,-0.268,1.0,-0.119,0.614,-0.103
14,y1,0.055,0.145,0.049,-0.292,-0.389,0.263,-0.228,0.214,0.393,-0.201,-0.193,-0.492,-0.119,1.0,0.145,0.221
14,y2,-0.168,-0.323,0.365,-0.375,0.423,-0.278,-0.041,-0.006,0.567,0.366,-0.369,-0.261,0.614,0.145,1.0,-0.154
14,y3,0.28,-0.037,-0.102,-0.237,-0.369,0.015,-0.202,0.158,-0.161,0.018,-0.088,-0.309,-0.103,0.221,-0.154,1.0
15,.,1.0,-0.054,0.586,0.453,-0.081,-0.039,-0.478,-0.061,-0.163,0.618,-0.437,-0.013,-0.26,0.057,-0.169,0.284
15,A1_1,-0.054,1.0,-0.352,0.09,0.267,-0.359,-0.45,-0.344,0.078,-0.068,-0.2,0.036,-0.173,0.146,-0.321,-0.036
15,A1_2,0.586,-0.352,1.0,0.341,0.149,-0.375,-0.41,-0.254,0.026,0.436,-0.517,-0.001,-0.116,0.05,0.367,-0.101
15,A1_3,0.453,0.09,0.341,1.0,0.365,-0.282,-0.116,-0.356,-0.463,0.047,-0.359,0.7,-0.645,-0.29,-0.374,-0.236
15,B1_1,-0.081,0.267,0.149,0.365,1.0,-0.692,-0.161,-0.258,0.08,0.194,-0.348,0.4,0.135,-0.391,0.422,-0.373
15,B1_2,-0.039,-0.359,-0.375,-0.282,-0.692,1.0,0.471,0.65,-0.072,-0.149,0.564,-0.36,-0.065,0.262,-0.277,0.012
15,B1_3,-0.478,-0.45,-0.41,-0.116,-0.161,0.471,1.0,0.176,-0.432,-0.26,0.582,0.371,0.081,-0.229,-0.041,-0.205
15,A2_1,-0.061,-0.344,-0.254,-0.356,-0.258,0.65,0.176,1.0,0.068,-0.291,0.623,-0.53,0.006,0.216,-0.005,0.159
15,A2_2,-0.163,0.078,0.026,-0.463,0.08,-0.072,-0.432,0.068,1.0,0.138,-0.334,-0.485,0.618,0.392,0.566,-0.16
15,A2_3,0.618,-0.068,0.436,0.047,0.194,-0.149,-0.26,-0.291,0.138,1.0,-0.525,-0.077,0.364,-0.199,0.369,0.02
15,B2_1,-0.437,-0.2,-0.517,-0.359,-0.348,0.564,0.582,0.623,-0.334,-0.525,1.0,-0.109,-0.005,-0.194,-0.368,-0.09
15,B2_2,-0.013,0.036,-0.001,0.7,0.4,-0.36,0.371,-0.53,-0.485,-0.077,-0.109,1.0,-0.263,-0.493,-0.262,-0.311
15,B2_3,-0.26,-0.173,-0.116,-0.645,0.135,-0.065,0.081,0.006,0.618,0.364,-0.005,-0.263,1.0,-0.121,0.613,-0.106
15,y1,0.057,0.146,0.05,-0.29,-0.391,0.262,-0.229,0.216,0.392,-0.199,-0.194,-0.493,-0.121,1.0,0.144,0.223
15,y2,-0.169,-0.321,0.367,-0.374,0.422,-0.277,-0.041,-0.005,0.566,0.369,-0.368,-0.262,0.613,0.144,1.0,-0.151
15,y3,0.284,-0.036,-0.101,-0.236,-0.373,0.012,-0.205,0.159,-0.16,0.02,-0.09,-0.311,-0.106,0.223,-0.151,1.0
16,.,1.0,-0.051,0.585,0.455,-0.091,-0.044,-0.482,-0.059,-0.164,0.618,-0.44,-0.02,-0.27,0.06,-0.169,0.289
16,A1_1,-0.051,1.0,-0.349,0.091,0.266,-0.361,-0.452,-0.343,0.081,-0.065,-0.203,0.033,-0.174,0.147,-0.32,-0.035
16,A1_2,0.585,-0.349,1.0,0.342,0.145,-0.379,-0.414,-0.251,0.029,0.437,-0.52,-0.005,-0.12,0.052,0.369,-0.099
16,A1_3,0.455,0.091,0.342,1.0,0.364,-0.286,-0.121,-0.356,-0.459,0.049,-0.362,0.695,-0.646,-0.289,-0.373,-0.234
16,B1_1,-0.091,0.266,0.145,0.364,1.0,-0.688,-0.152,-0.257,0.079,0.189,-0.341,0.403,0.137,-0.394,0.422,-0.378
16,B1_2,-0.044,-0.361,-0.379,-0.286,-0.688,1.0,0.475,0.648,-0.075,-0.154,0.567,-0.355,-0.06,0.26,-0.277,0.009
16,B1_3,-0.482,-0.452,-0.414,-0.121,-0.152,0.475,1.0,0.171,-0.432,-0.266,0.586,0.375,0.09,-0.231,-0.043,-0.209
16,A2_1,-0.059,-0.343,-0.251,-0.356,-0.257,0.648,0.171,1.0,0.071,-0.289,0.618,-0.531,0.007,0.218,-0.003,0.161
16,A2_2,-0.164,0.081,0.029,-0.459,0.079,-0.075,-0.432,0.071,1.0,0.14,-0.335,-0.485,0.614,0.391,0.565,-0.159
16,A2_3,0.618,-0.065,0.437,0.049,0.189,-0.154,-0.266,-0.289,0.14,1.0,-0.528,-0.082,0.359,-0.196,0.372,0.023
16,B2_1,-0.44,-0.203,-0.52,-0.362,-0.341,0.567,0.586,0.618,-0.335,-0.528,1.0,-0.104,0.003,-0.196,-0.368,-0.094
16,B2_2,-0.02,0.033,-0.005,0.695,0.403,-0.355,0.375,-0.531,-0.485,-0.082,-0.104,1.0,-0.258,-0.494,-0.263,-0.314
16,B2_3,-0.27,-0.174,-0.12,-0.646,0.137,-0.06,0.09,0.007,0.614,0.359,0.003,-0.258,1.0,-0.123,0.61,-0.11
16,y1,0.06,0.147,0.052,-0.289,-0.394,0.26,-0.231,0.218,0.391,-0.196,-0.196,-0.494,-0.123,1.0,0.143,0.225
16,y2,-0.169,-0.32,0.369,-0.373,0.422,-0.277,-0.043,-0.003,0.565,0.372,-0.368,-0.263,0.61,0.143,1.0,-0.148
16,y3,0.289,-0.035,-0.099,-0.234,-0.378,0.009,-0.209,0.161,-0.159,0.023,-0.094,-0.314,-0.11,0.225,-0.148,1.0
17,.,1.0,-0.047,0.585,0.457,-0.103,-0.05,-0.487,-0.057,-0.164,0.618,-0.444,-0.028,-0.281,0.064,-0.168,0.295
17,A1_1,-0.047,1.0,-0.345,0.093,0.264,-0.364,-0.454,-0.341,0.084,-0.063,-0.205,0.03,-0.175,0.148,-0.318,-0.033
17,A1_2,0.585,-0.345,1.0,0.344,0.14,-0.384,-0.418,-0.248,0.033,0.438,-0.523,-0.01,-0.124,0.054,0.371,-0.097
17,A1_3,0.457,0.093,0.344,1.0,0.362,-0.29,-0.127,-0.355,-0.455,0.051,-0.366,0.69,-0.646,-0.287,-0.371,-0.232
17,B1_1,-0.103,0.264,0.14,0.362,1.0,-0.683,-0.142,-0.255,0.079,0.184,-0.332,0.406,0.14,-0.398,0.421,-0.383
17,B1_2,-0.05,-0.364,-0.384,-0.29,-0.683,1.0,0.481,0.646,-0.077,-0.159,0.571,-0.35,-0.055,0.257,-0.276,0.004
17,B1_3,-0.487,-0.454,-0.418,-0.127,-0.142,0.481,1.0,0.166,-0.432,-0.272,0.589,0.379,0.099,-0.233,-0.045,-0.213
17,A2_1,-0.057,-0.341,-0.248,-0.355,-0.255,0.646,0.166,1.0,0.074,-0.287,0.612,-0.531,0.007,0.22,-0.002,0.162
17,A2_2,-0.164,0.084,0.033,-0.455,0.079,-0.077,-0.432,0.074,1.0,0.143,-0.335,-0.485,0.61,0.39,0.563,-0.157
17,A2_3,0.618,-0.063,0.438,0.051,0.184,-0.159,-0.272,-0.287,0.143,1.0,-0.53,-0.086,0.352,-0.193,0.376,0.026
17,B2_1,-0.444,-0.205,-0.523,-0.366,-0.332,0.571,0.589,0.612,-0.335,-0.53,1.0,-0.098,0.011,-0.197,-0.368,-0.097
17,B2_2,-0.028,0.03,-0.01,0.69,0.406,-0.35,0.379,-0.531,-0.485,-0.086,-0.098,1.0,-0.251,-0.496,-0.264,-0.317
17,B2_3,-0.281,-0.175,-0.124,-0.646,0.14,-0.055,0.099,0.007,0.61,0.352,0.011,-0.251,1.0,-0.126,0.608,-0.115
17,y1,0.064,0.148,0.054,-0.287,-0.398,0.257,-0.233,0.22,0.39,-0.193,-0.197,-0.496,-0.126,1.0,0.142,0.228
17,y2,-0.168,-0.318,0.371,-0.371,0.421,-0.276,-0.045,-0.002,0.563,0.376,-0.368,-0.264,0.608,0.142,1.0,-0.145
17,y3,0.295,-0.033,-0.097,-0.232,-0.383,0.004,-0.213,0.162,-0.157,0.026,-0.097,-0.317,-0.115,0.228,-0.145,1.0
18,.,1.0,-0.042,0.585,0.459,-0.117,-0.057,-0.493,-0.055,-0.164,0.618,-0.448,-0.036,-0.292,0.069,-0.167,0.301
18,A1_1,-0.042,1.0,-0.341,0.095,0.263,-0.366,-0.456,-0.339,0.088,-0.06,-0.208,0.027,-0.176,0.149,-0.317,-0.032
18,A1_2,0.585,-0.341,1.0,0.346,0.134,-0.389,-0.423,-0.244,0.037,0.44,-0.526,-0.015,-0.129,0.056,0.374,-0.094
18,A1_3,0.459,0.095,0.346,1.0,0.36,-0.294,-0.134,-0.354,-0.45,0.053,-0.37,0.683,-0.647,-0.284,-0.369,-0.23
18,B1_1,-0.117,0.263,0.134,0.36,1.0,-0.678,-0.13,-0.253,0.078,0.179,-0.322,0.41,0.143,-0.402,0.42,-0.389
18,B1_2,-0.057,-0.366,-0.389,-0.294,-0.678,1.0,0.486,0.643,-0.079,-0.165,0.576,-0.343,-0.049,0.254,-0.276,0.0
18,B1_3,-0.493,-0.456,-0.423,-0.134,-0.13,0.486,1.0,0.16,-0.432,-0.278,0.594,0.384,0.11,-0.236,-0.047,-0.217
18,A2_1,-0.055,-0.339,-0.244,-0.354,-0.253,0.643,0.16,1.0,0.077,-0.285,0.606,-0.532,0.008,0.222,-0.001,0.164
18,A2_2,-0.164,0.088,0.037,-0.45,0.078,-0.079,-0.432,0.077,1.0,0.146,-0.336,-0.485,0.605,0.389,0.562,-0.155
18,A2_3,0.618,-0.06,0.44,0.053,0.179,-0.165,-0.278,-0.285,0.146,1.0,-0.533,-0.091,0.345,-0.19,0.379,0.029
18,B2_1,-0.448,-0.208,-0.526,-0.37,-0.322,0.576,0.594,0.606,-0.336,-0.533,1.0,-0.091,0.02,-0.2,-0.369,-0.101
18,B2_2,-0.036,0.027,-0.015,0.683,0.41,-0.343,0.384,-0.532,-0.485,-0.091,-0.091,1.0,-0.244,-0.498,-0.265,-0.32
18,B2_3,-0.292,-0.176,-0.129,-0.647,0.143,-0.049,0.11,0.008,0.605,0.345,0.02,-0.244,1.0,-0.129,0.604,-0.12
18,y1,0.069,0.149,0.056,-0.284,-0.402,0.254,-0.236,0.222,0.389,-0.19,-0.2,-0.498,-0.129,1.0,0.141,0.231
18,y2,-0.167,-0.317,0.374,-0.369,0.42,-0.276,-0.047,-0.001,0.562,0.379,-0.369,-0.265,0.604,0.141,1.0,-0.141
18,y3,0.301,-0.032,-0.094,-0.23,-0.389,0.0,-0.217,0.164,-0.155,0.029,-0.101,-0.32,-0.12,0.231,-0.141,1.0
19,.,1.0,-0.038,0.584,0.46,-0.131,-0.065,-0.499,-0.052,-0.164,0.619,-0.452,-0.046,-0.304,0.075,-0.165,0.307
19,A1_1,-0.038,1.0,-0.337,0.097,0.26,-0.369,-0.458,-0.337,0.091,-0.057,-0.211,0.023,-0.178,0.151,-0.314,-0.03
19,A1_2,0.584,-0.337,1.0,0.348,0.127,-0.394,-0.428,-0.24,0.041,0.441,-0.529,-0.022,-0.134,0.059,0.378,-0.091
19,A1_3,0.46,0.097,0.348,1.0,0.357,-0.298,-0.141,-0.353,-0.445,0.056,-0.374,0.676,-0.647,-0.282,-0.367,-0.228
19,B1_1,-0.131,0.26,0.127,0.357,1.0,-0.67,-0.116,-0.251,0.076,0.172,-0.311,0.415,0.147,-0.406,0.418,-0.395
19,B1_2,-0.065,-0.369,-0.394,-0.298,-0.67,1.0,0.493,0.64,-0.082,-0.171,0.581,-0.336,-0.042,0.249,-0.276,-0.005
19,B1_3,-0.499,-0.458,-0.428,-0.141,-0.116,0.493,1.0,0.153,-0.432,-0.284,0.598,0.39,0.122,-0.24,-0.05,-0.222
19,A2_1,-0.052,-0.337,-0.24,-0.353,-0.251,0.64,0.153,1.0,0.081,-0.282,0.6,-0.533,0.008,0.224,0.001,0.166
19,A2_2,-0.164,0.091,0.041,-0.445,0.076,-0.082,-0.432,0.081,1.0,0.149,-0.337,-0.485,0.599,0.389,0.561,-0.153
19,A2_3,0.619,-0.057,0.441,0.056,0.172,-0.171,-0.284,-0.282,0.149,1.0,-0.536,-0.096,0.338,-0.186,0.383,0.032
19,B2_1,-0.452,-0.211,-0.529,-0.374,-0.311,0.581,0.598,0.6,-0.337,-0.536,1.0,-0.083,0.03,-0.202,-0.37,-0.105
19,B2_2,-0.046,0.023,-0.022,0.676,0.415,-0.336,0.39,-0.533,-0.485,-0.096,-0.083,1.0,-0.235,-0.501,-0.267,-0.324
19,B2_3,-0.304,-0.178,-0.134,-0.647,0.147,-0.042,0.122,0.008,0.599,0.338,0.03,-0.235,1.0,-0.133,0.6,-0.125
19,y1,0.075,0.151,0.059,-0.282,-0.406,0.249,-0.24,0.224,0.389,-0.186,-0.202,-0.501,-0.133,1.0,0.141,0.234
19,y2,-0.165,-0.314,0.378,-0.367,0.418,-0.276,-0.05,0.001,0.561,0.383,-0.37,-0.267,0.6,0.141,1.0,-0.137
19,y3,0.307,-0.03,-0.091,-0.228,-0.395,-0.005,-0.222,0.166,-0.153,0.032,-0.105,-0.324,-0.125,0.234,-0.137,1.0
20,.,1.0,-0.033,0.585,0.462,-0.147,-0.074,-0.506,-0.048,-0.162,0.619,-0.457,-0.057,-0.316,0.081,-0.161,0.314
20,A1_1,-0.033,1.0,-0.333,0.099,0.257,-0.372,-0.461,-0.335,0.095,-0.054,-0.214,0.019,-0.18,0.153,-0.312,-0.027
20,A1_2,0.585,-0.333,1.0,0.351,0.119,-0.4,-0.434,-0.236,0.045,0.443,-0.532,-0.028,-0.141,0.063,0.381,-0.088
20,A1_3,0.462,0.099,0.351,1.0,0.353,-0.303,-0.148,-0.351,-0.44,0.059,-0.378,0.668,-0.648,-0.278,-0.365,-0.225
20,B1_1,-0.147,0.257,0.119,0.353,1.0,-0.662,-0.101,-0.25,0.074,0.165,-0.299,0.42,0.152,-0.412,0.416,-0.402
20,B1_2,-0.074,-0.372,-0.4,-0.303,-0.662,1.0,0.501,0.636,-0.086,-0.178,0.586,-0.327,-0.034,0.244,-0.276,-0.011
20,B1_3,-0.506,-0.461,-0.434,-0.148,-0.101,0.501,1.0,0.145,-0.433,-0.291,0.602,0.396,0.135,-0.244,-0.055,-0.228
20,A2_1,-0.048,-0.335,-0.236,-0.351,-0.25,0.636,0.145,1.0,0.085,-0.279,0.592,-0.534,0.007,0.226,0.002,0.168
20,A2_2,-0.162,0.095,0.045,-0.44,0.074,-0.086,-0.433,0.085,1.0,0.152,-0.338,-0.485,0.592,0.388,0.559,-0.151
20,A2_3,0.619,-0.054,0.443,0.059,0.165,-0.178,-0.291,-0.279,0.152,1.0,-0.539,-0.102,0.329,-0.182,0.388,0.035
20,B2_1,-0.457,-0.214,-0.532,-0.378,-0.299,0.586,0.602,0.592,-0.338,-0.539,1.0,-0.075,0.04,-0.206,-0.372,-0.11
20,B2_2,-0.057,0.019,-0.028,0.668,0.42,-0.327,0.396,-0.534,-0.485,-0.102,-0.075,1.0,-0.226,-0.503,-0.269,-0.328
20,B2_3,-0.316,-0.18,-0.141,-0.648,0.152,-0.034,0.135,0.007,0.592,0.329,0.04,-0.226,1.0,-0.138,0.595,-0.131
20,y1,0.081,0.153,0.063,-0.278,-0.412,0.244,-0.244,0.226,0.388,-0.182,-0.206,-0.503,-0.138,1.0,0.141,0.238
20,y2,-0.161,-0.312,0.381,-0.365,0.416,-0.276,-0.055,0.002,0.559,0.388,-0.372,-0.269,0.595,0.141,1.0,-0.132
20,y3,0.314,-0.027,-0.088,-0.225,-0.402,-0.011,-0.228,0.168,-0.151,0.035,-0.11,-0.328,-0.131,0.238,-0.132,1.0
21,.,1.0,-0.027,0.585,0.463,-0.165,-0.084,-0.513,-0.044,-0.16,0.619,-0.461,-0.068,-0.328,0.088,-0.156,0.321
21,A1_1,-0.027,1.0,-0.328,0.102,0.253,-0.375,-0.463,-0.332,0.099,-0.051,-0.218,0.015,-0.183,0.155,-0.309,-0.025
21,A1_2,0.585,-0.328,1.0,0.354,0.11,-0.407,-0.439,-0.23,0.049,0.444,-0.535,-0.035,-0.147,0.066,0.386,-0.085
21,A1_3,0.463,0.102,0.354,1.0,0.348,-0.308,-0.156,-0.349,-0.434,0.062,-0.382,0.659,-0.649,-0.275,-0.362,-0.222
21,B1_1,-0.165,0.253,0.11,0.348,1.0,-0.652,-0.083,-0.248,0.072,0.156,-0.285,0.426,0.159,-0.418,0.413,-0.409
21,B1_2,-0.084,-0.375,-0.407,-0.308,-0.652,1.0,0.509,0.632,-0.089,-0.185,0.593,-0.318,-0.025,0.238,-0.277,-0.017
21,B1_3,-0.513,-0.463,-0.439,-0.156,-0.083,0.509,1.0,0.137,-0.434,-0.297,0.607,0.402,0.149,-0.25,-0.06,-0.234
21,A2_1,-0.044,-0.332,-0.23,-0.349,-0.248,0.632,0.137,1.0,0.09,-0.275,0.584,-0.535,0.007,0.229,0.003,0.171
21,A2_2,-0.16,0.099,0.049,-0.434,0.072,-0.089,-0.434,0.09,1.0,0.156,-0.34,-0.486,0.585,0.388,0.558,-0.148
21,A2_3,0.619,-0.051,0.444,0.062,0.156,-0.185,-0.297,-0.275,0.156,1.0,-0.542,-0.108,0.32,-0.177,0.393,0.039
21,B2_1,-0.461,-0.218,-0.535,-0.382,-0.285,0.593,0.607,0.584,-0.34,-0.542,1.0,-0.066,0.052,-0.21,-0.374,-0.114
21,B2_2,-0.068,0.015,-0.035,0.659,0.426,-0.318,0.402,-0.535,-0.486,-0.108,-0.066,1.0,-0.215,-0.507,-0.271,-0.332
21,B2_3,-0.328,-0.183,-0.147,-0.649,0.159,-0.025,0.149,0.007,0.585,0.32,0.052,-0.215,1.0,-0.143,0.589,-0.137
21,y1,0.088,0.155,0.066,-0.275,-0.418,0.238,-0.25,0.229,0.388,-0.177,-0.21,-0.507,-0.143,1.0,0.142,0.243
21,y2,-0.156,-0.309,0.386,-0.362,0.413,-0.277,-0.06,0.003,0.558,0.393,-0.374,-0.271,0.589,0.142,1.0,-0.126
21,y3,0.321,-0.025,-0.085,-0.222,-0.409,-0.017,-0.234,0.171,-0.148,0.039,-0.114,-0.332,-0.137,0.243,-0.126,1.0
22,.,1.0,-0.022,0.585,0.465,-0.183,-0.096,-0.52,-0.038,-0.158,0.62,-0.465,-0.08,-0.341,0.095,-0.15,0.328
22,A1_1,-0.022,1.0,-0.323,0.105,0.248,-0.379,-0.467,-0.328,0.103,-0.047,-0.222,0.01,-0.186,0.158,-0.306,-0.022
22,A1_2,0.585,-0.323,1.0,0.357,0.099,-0.414,-0.445,-0.225,0.054,0.446,-0.539,-0.042,-0.155,0.07,0.391,-0.082
22,A1_3,0.465,0.105,0.357,1.0,0.343,-0.313,-0.164,-0.346,-0.428,0.065,-0.387,0.65,-0.65,-0.27,-0.359,-0.219
22,B1_1,-0.183,0.248,0.099,0.343,1.0,-0.64,-0.064,-0.246,0.068,0.147,-0.269,0.433,0.166,-0.425,0.409,-0.417
22,B1_2,-0.096,-0.379,-0.414,-0.313,-0.64,1.0,0.518,0.627,-0.093,-0.193,0.599,-0.308,-0.015,0.23,-0.278,-0.024
22,B1_3,-0.52,-0.467,-0.445,-0.164,-0.064,0.518,1.0,0.127,-0.435,-0.304,0.612,0.409,0.164,-0.255,-0.066,-0.239
22,A2_1,-0.038,-0.328,-0.225,-0.346,-0.246,0.627,0.127,1.0,0.094,-0.271,0.575,-0.536,0.005,0.232,0.005,0.173
22,A2_2,-0.158,0.103,0.054,-0.428,0.068,-0.093,-0.435,0.094,1.0,0.159,-0.342,-0.486,0.577,0.388,0.557,-0.145
22,A2_3,0.62,-0.047,0.446,0.065,0.147,-0.193,-0.304,-0.271,0.159,1.0,-0.545,-0.115,0.31,-0.172,0.399,0.042
22,B2_1,-0.465,-0.222,-0.539,-0.387,-0.269,0.599,0.612,0.575,-0.342,-0.545,1.0,-0.056,0.064,-0.214,-0.378,-0.119
22,B2_2,-0.08,0.01,-0.042,0.65,0.433,-0.308,0.409,-0.536,-0.486,-0.115,-0.056,1.0,-0.204,-0.51,-0.274,-0.337
22,B2_3,-0.341,-0.186,-0.155,-0.65,0.166,-0.015,0.164,0.005,0.577,0.31,0.064,-0.204,1.0,-0.149,0.582,-0.144
22,y1,0.095,0.158,0.07,-0.27,-0.425,0.23,-0.255,0.232,0.388,-0.172,-0.214,-0.51,-0.149,1.0,0.143,0.248
22,y2,-0.15,-0.306,0.391,-0.359,0.409,-0.278,-0.066,0.005,0.557,0.399,-0.378,-0.274,0.582,0.143,1.0,-0.12
22,y3,0.328,-0.022,-0.082,-0.219,-0.417,-0.024,-0.239,0.173,-0.145,0.042,-0.119,-0.337,-0.144,0.248,-0.12,1.0
23,.,1.0,-0.016,0.585,0.467,-0.203,-0.108,-0.526,-0.032,-0.155,0.621,-0.469,-0.092,-0.353,0.103,-0.142,0.335
23,A1_1,-0.016,1.0,-0.318,0.108,0.242,-0.383,-0.47,-0.324,0.107,-0.043,-0.226,0.005,-0.189,0.16,-0.303,-0.019
23,A1_2,0.585,-0.318,1.0,0.36,0.087,-0.422,-0.45,-0.218,0.059,0.447,-0.542,-0.05,-0.163,0.075,0.396,-0.079
23,A1_3,0.467,0.108,0.36,1.0,0.336,-0.319,-0.173,-0.343,-0.421,0.069,-0.392,0.64,-0.651,-0.266,-0.355,-0.216
23,B1_1,-0.203,0.242,0.087,0.336,1.0,-0.625,-0.043,-0.245,0.064,0.136,-0.251,0.441,0.174,-0.433,0.404,-0.426
23,B1_2,-0.108,-0.383,-0.422,-0.319,-0.625,1.0,0.528,0.621,-0.097,-0.201,0.607,-0.296,-0.004,0.222,-0.279,-0.032
23,B1_3,-0.526,-0.47,-0.45,-0.173,-0.043,0.528,1.0,0.117,-0.436,-0.311,0.617,0.416,0.18,-0.262,-0.074,-0.246
23,A2_1,-0.032,-0.324,-0.218,-0.343,-0.245,0.621,0.117,1.0,0.1,-0.266,0.565,-0.538,0.003,0.236,0.007,0.177
23,A2_2,-0.155,0.107,0.059,-0.421,0.064,-0.097,-0.436,0.1,1.0,0.164,-0.344,-0.487,0.567,0.388,0.556,-0.142
23,A2_3,0.621,-0.043,0.447,0.069,0.136,-0.201,-0.311,-0.266,0.164,1.0,-0.548,-0.121,0.3,-0.166,0.405,0.046
23,B2_1,-0.469,-0.226,-0.542,-0.392,-0.251,0.607,0.617,0.565,-0.344,-0.548,1.0,-0.046,0.077,-0.218,-0.382,-0.124
23,B2_2,-0.092,0.005,-0.05,0.64,0.441,-0.296,0.416,-0.538,-0.487,-0.121,-0.046,1.0,-0.191,-0.514,-0.278,-0.342
23,B2_3,-0.353,-0.189,-0.163,-0.651,0.174,-0.004,0.18,0.003,0.567,0.3,0.077,-0.191,1.0,-0.156,0.574,-0.151
23,y1,0.103,0.16,0.075,-0.266,-0.433,0.222,-0.262,0.236,0.388,-0.166,-0.218,-0.514,-0.156,1.0,0.145,0.253
23,y2,-0.142,-0.303,0.396,-0.355,0.404,-0.279,-0.074,0.007,0.556,0.405,-0.382,-0.278,0.574,0.145,1.0,-0.112
23,y3,0.335,-0.019,-0.079,-0.216,-0.426,-0.032,-0.246,0.177,-0.142,0.046,-0.124,-0.342,-0.151,0.253,-0.112,1.0
24,.,1.0,-0.01,0.585,0.468,-0.225,-0.121,-0.533,-0.025,-0.152,0.622,-0.473,-0.105,-0.366,0.111,-0.134,0.341
