,,.,A1_1,A1_2,A1_3,B1_1,B1_2,B1_3,A2_1,A2_2,A2_3,B2_1,B2_2,B2_3,y1,y2,y3
1,.,1.0,0.917,0.966,0.9,0.896,0.725,0.878,0.9,0.883,0.912,0.72,0.89,0.91,0.855,0.856,0.939
1,A1_1,0.917,1.0,0.928,0.902,0.888,0.72,0.806,0.775,0.895,0.854,0.596,0.858,0.849,0.928,0.847,0.799
1,A1_2,0.966,0.928,1.0,0.869,0.942,0.614,0.814,0.847,0.895,0.902,0.654,0.849,0.907,0.86,0.883,0.899
1,A1_3,0.9,0.902,0.869,1.0,0.79,0.694,0.792,0.716,0.783,0.749,0.532,0.946,0.722,0.836,0.709,0.831
1,B1_1,0.896,0.888,0.942,0.79,1.0,0.546,0.785,0.809,0.882,0.91,0.578,0.79,0.935,0.842,0.956,0.816
1,B1_2,0.725,0.72,0.614,0.694,0.546,1.0,0.863,0.822,0.74,0.545,0.857,0.75,0.669,0.803,0.567,0.636
1,B1_3,0.878,0.806,0.814,0.792,0.785,0.863,1.0,0.916,0.784,0.808,0.874,0.908,0.863,0.803,0.809,0.814
1,A2_1,0.9,0.775,0.847,0.716,0.809,0.822,0.916,1.0,0.829,0.806,0.917,0.766,0.887,0.787,0.815,0.81
1,A2_2,0.883,0.895,0.895,0.783,0.882,0.74,0.784,0.829,1.0,0.809,0.664,0.775,0.923,0.96,0.862,0.846
1,A2_3,0.912,0.854,0.902,0.749,0.91,0.545,0.808,0.806,0.809,1.0,0.591,0.772,0.943,0.745,0.949,0.835
1,B2_1,0.72,0.596,0.654,0.532,0.578,0.857,0.874,0.917,0.664,0.591,1.0,0.655,0.72,0.637,0.603,0.64
1,B2_2,0.89,0.858,0.849,0.946,0.79,0.75,0.908,0.766,0.775,0.772,0.655,1.0,0.781,0.822,0.747,0.863
1,B2_3,0.91,0.849,0.907,0.722,0.935,0.669,0.863,0.887,0.923,0.943,0.72,0.781,1.0,0.848,0.963,0.864
1,y1,0.855,0.928,0.86,0.836,0.842,0.803,0.803,0.787,0.96,0.745,0.637,0.822,0.848,1.0,0.813,0.796
1,y2,0.856,0.847,0.883,0.709,0.956,0.567,0.809,0.815,0.862,0.949,0.603,0.747,0.963,0.813,1.0,0.764
1,y3,0.939,0.799,0.899,0.831,0.816,0.636,0.814,0.81,0.846,0.835,0.64,0.863,0.864,0.796,0.764,1.0
2,.,1.0,0.926,0.967,0.903,0.902,0.724,0.871,0.893,0.895,0.908,0.707,0.889,0.91,0.873,0.86,0.934
2,A1_1,0.926,1.0,0.932,0.906,0.891,0.721,0.804,0.773,0.896,0.858,0.594,0.857,0.847,0.931,0.844,0.799
2,A1_2,0.967,0.932,1.0,0.87,0.947,0.615,0.807,0.842,0.902,0.902,0.645,0.846,0.907,0.87,0.885,0.894
2,A1_3,0.903,0.906,0.87,1.0,0.794,0.692,0.785,0.707,0.788,0.745,0.522,0.944,0.718,0.845,0.707,0.825
2,B1_1,0.902,0.891,0.947,0.794,1.0,0.548,0.78,0.807,0.887,0.913,0.576,0.787,0.933,0.849,0.953,0.817
2,B1_2,0.724,0.721,0.615,0.692,0.548,1.0,0.864,0.82,0.739,0.531,0.856,0.751,0.666,0.808,0.56,0.632
2,B1_3,0.871,0.804,0.807,0.785,0.78,0.864,1.0,0.911,0.782,0.79,0.875,0.908,0.857,0.807,0.798,0.81
2,A2_1,0.893,0.773,0.842,0.707,0.807,0.82,0.911,1.0,0.834,0.793,0.915,0.758,0.888,0.794,0.812,0.806
2,A2_2,0.895,0.896,0.902,0.788,0.887,0.739,0.782,0.834,1.0,0.819,0.663,0.774,0.925,0.96,0.863,0.855
2,A2_3,0.908,0.858,0.902,0.745,0.913,0.531,0.79,0.793,0.819,1.0,0.57,0.762,0.942,0.758,0.955,0.824
2,B2_1,0.707,0.594,0.645,0.522,0.576,0.856,0.875,0.915,0.663,0.57,1.0,0.653,0.718,0.64,0.594,0.636
2,B2_2,0.889,0.857,0.846,0.944,0.787,0.751,0.908,0.758,0.774,0.762,0.653,1.0,0.775,0.825,0.736,0.86
2,B2_3,0.91,0.847,0.907,0.718,0.933,0.666,0.857,0.888,0.925,0.942,0.718,0.775,1.0,0.851,0.961,0.866
2,y1,0.873,0.931,0.87,0.845,0.849,0.808,0.807,0.794,0.96,0.758,0.64,0.825,0.851,1.0,0.815,0.806
2,y2,0.86,0.844,0.885,0.707,0.953,0.56,0.798,0.812,0.863,0.955,0.594,0.736,0.961,0.815,1.0,0.763
2,y3,0.934,0.799,0.894,0.825,0.817,0.632,0.81,0.806,0.855,0.824,0.636,0.86,0.866,0.806,0.763,1.0
3,.,1.0,0.933,0.968,0.907,0.908,0.727,0.865,0.888,0.904,0.906,0.701,0.888,0.911,0.887,0.865,0.929
3,A1_1,0.933,1.0,0.936,0.909,0.896,0.726,0.804,0.776,0.898,0.863,0.6,0.858,0.849,0.934,0.846,0.802
3,A1_2,0.968,0.936,1.0,0.873,0.952,0.622,0.803,0.842,0.909,0.904,0.645,0.843,0.908,0.879,0.889,0.892
3,A1_3,0.907,0.909,0.873,1.0,0.802,0.695,0.783,0.705,0.793,0.747,0.523,0.941,0.72,0.853,0.71,0.821
3,B1_1,0.908,0.896,0.952,0.802,1.0,0.56,0.779,0.809,0.893,0.916,0.584,0.789,0.932,0.857,0.952,0.82
3,B1_2,0.727,0.726,0.622,0.695,0.56,1.0,0.869,0.822,0.741,0.529,0.858,0.758,0.671,0.814,0.563,0.635
3,B1_3,0.865,0.804,0.803,0.783,0.779,0.869,1.0,0.908,0.782,0.777,0.879,0.909,0.854,0.812,0.79,0.808
3,A2_1,0.888,0.776,0.842,0.705,0.809,0.822,0.908,1.0,0.84,0.785,0.915,0.757,0.89,0.804,0.813,0.806
3,A2_2,0.904,0.898,0.909,0.793,0.893,0.741,0.782,0.84,1.0,0.827,0.667,0.774,0.928,0.961,0.866,0.862
3,A2_3,0.906,0.863,0.904,0.747,0.916,0.529,0.777,0.785,0.827,1.0,0.561,0.756,0.94,0.771,0.96,0.816
3,B2_1,0.701,0.6,0.645,0.523,0.584,0.858,0.879,0.915,0.667,0.561,1.0,0.659,0.722,0.65,0.595,0.638
3,B2_2,0.888,0.858,0.843,0.941,0.789,0.758,0.909,0.757,0.774,0.756,0.659,1.0,0.774,0.829,0.732,0.859
3,B2_3,0.911,0.849,0.908,0.72,0.932,0.671,0.854,0.89,0.928,0.94,0.722,0.774,1.0,0.858,0.96,0.868
3,y1,0.887,0.934,0.879,0.853,0.857,0.814,0.812,0.804,0.961,0.771,0.65,0.829,0.858,1.0,0.82,0.816
3,y2,0.865,0.846,0.889,0.71,0.952,0.563,0.79,0.813,0.866,0.96,0.595,0.732,0.96,0.82,1.0,0.764
3,y3,0.929,0.802,0.892,0.821,0.82,0.635,0.808,0.806,0.862,0.816,0.638,0.859,0.868,0.816,0.764,1.0
4,.,1.0,0.94,0.969,0.911,0.913,0.731,0.858,0.885,0.91,0.905,0.697,0.886,0.911,0.898,0.869,0.924
4,A1_1,0.94,1.0,0.939,0.912,0.902,0.733,0.806,0.782,0.901,0.869,0.61,0.859,0.853,0.937,0.849,0.805
4,A1_2,0.969,0.939,1.0,0.876,0.957,0.629,0.799,0.842,0.914,0.907,0.647,0.841,0.91,0.886,0.893,0.889
4,A1_3,0.911,0.912,0.876,1.0,0.81,0.7,0.781,0.707,0.798,0.751,0.528,0.938,0.725,0.86,0.715,0.819
4,B1_1,0.913,0.902,0.957,0.81,1.0,0.575,0.781,0.814,0.898,0.918,0.597,0.793,0.932,0.866,0.951,0.823
4,B1_2,0.731,0.733,0.629,0.7,0.575,1.0,0.876,0.827,0.743,0.532,0.863,0.767,0.68,0.819,0.571,0.641
4,B1_3,0.858,0.806,0.799,0.781,0.781,0.876,1.0,0.906,0.781,0.766,0.885,0.911,0.854,0.817,0.785,0.807
4,A2_1,0.885,0.782,0.842,0.707,0.814,0.827,0.906,1.0,0.845,0.78,0.916,0.759,0.893,0.813,0.815,0.806
4,A2_2,0.91,0.901,0.914,0.798,0.898,0.743,0.781,0.845,1.0,0.834,0.672,0.776,0.931,0.962,0.869,0.868
4,A2_3,0.905,0.869,0.907,0.751,0.918,0.532,0.766,0.78,0.834,1.0,0.557,0.752,0.938,0.783,0.963,0.81
4,B2_1,0.697,0.61,0.647,0.528,0.597,0.863,0.885,0.916,0.672,0.557,1.0,0.67,0.731,0.661,0.601,0.643
4,B2_2,0.886,0.859,0.841,0.938,0.793,0.767,0.911,0.759,0.776,0.752,0.67,1.0,0.777,0.834,0.73,0.858
4,B2_3,0.911,0.853,0.91,0.725,0.932,0.68,0.854,0.893,0.931,0.938,0.731,0.777,1.0,0.865,0.959,0.872
4,y1,0.898,0.937,0.886,0.86,0.866,0.819,0.817,0.813,0.962,0.783,0.661,0.834,0.865,1.0,0.826,0.824
4,y2,0.869,0.849,0.893,0.715,0.951,0.571,0.785,0.815,0.869,0.963,0.601,0.73,0.959,0.826,1.0,0.767
4,y3,0.924,0.805,0.889,0.819,0.823,0.641,0.807,0.806,0.868,0.81,0.643,0.858,0.872,0.824,0.767,1.0
5,.,1.0,0.945,0.969,0.915,0.916,0.735,0.851,0.881,0.914,0.905,0.694,0.884,0.911,0.907,0.872,0.919
5,A1_1,0.945,1.0,0.942,0.915,0.907,0.739,0.807,0.788,0.902,0.874,0.62,0.859,0.857,0.939,0.852,0.807
5,A1_2,0.969,0.942,1.0,0.879,0.96,0.635,0.794,0.843,0.918,0.909,0.648,0.838,0.911,0.892,0.897,0.886
5,A1_3,0.915,0.915,0.879,1.0,0.817,0.705,0.779,0.71,0.802,0.755,0.534,0.934,0.729,0.865,0.72,0.816
5,B1_1,0.916,0.907,0.96,0.817,1.0,0.591,0.782,0.818,0.902,0.919,0.61,0.797,0.932,0.873,0.95,0.825
5,B1_2,0.735,0.739,0.635,0.705,0.591,1.0,0.883,0.833,0.744,0.535,0.869,0.777,0.691,0.823,0.578,0.646
5,B1_3,0.851,0.807,0.794,0.779,0.782,0.883,1.0,0.905,0.78,0.755,0.892,0.914,0.854,0.819,0.781,0.805
5,A2_1,0.881,0.788,0.843,0.71,0.818,0.833,0.905,1.0,0.849,0.776,0.917,0.762,0.895,0.822,0.818,0.806
5,A2_2,0.914,0.902,0.918,0.802,0.902,0.744,0.78,0.849,1.0,0.838,0.678,0.776,0.933,0.962,0.871,0.872
5,A2_3,0.905,0.874,0.909,0.755,0.919,0.535,0.755,0.776,0.838,1.0,0.555,0.747,0.934,0.792,0.966,0.804
5,B2_1,0.694,0.62,0.648,0.534,0.61,0.869,0.892,0.917,0.678,0.555,1.0,0.682,0.74,0.672,0.609,0.648
5,B2_2,0.884,0.859,0.838,0.934,0.797,0.777,0.914,0.762,0.776,0.747,0.682,1.0,0.78,0.836,0.73,0.857
5,B2_3,0.911,0.857,0.911,0.729,0.932,0.691,0.854,0.895,0.933,0.934,0.74,0.78,1.0,0.871,0.957,0.875
5,y1,0.907,0.939,0.892,0.865,0.873,0.823,0.819,0.822,0.962,0.792,0.672,0.836,0.871,1.0,0.831,0.831
5,y2,0.872,0.852,0.897,0.72,0.95,0.578,0.781,0.818,0.871,0.966,0.609,0.73,0.957,0.831,1.0,0.768
5,y3,0.919,0.807,0.886,0.816,0.825,0.646,0.805,0.806,0.872,0.804,0.648,0.857,0.875,0.831,0.768,1.0
6,.,1.0,0.948,0.969,0.917,0.919,0.733,0.839,0.878,0.915,0.905,0.687,0.876,0.911,0.911,0.877,0.914
6,A1_1,0.948,1.0,0.943,0.917,0.912,0.742,0.805,0.793,0.904,0.877,0.628,0.858,0.863,0.941,0.858,0.808
6,A1_2,0.969,0.943,1.0,0.881,0.963,0.635,0.784,0.842,0.92,0.912,0.645,0.83,0.913,0.895,0.903,0.882
6,A1_3,0.917,0.917,0.881,1.0,0.826,0.703,0.774,0.713,0.806,0.76,0.536,0.928,0.736,0.869,0.731,0.811
6,B1_1,0.919,0.912,0.963,0.826,1.0,0.604,0.783,0.823,0.906,0.919,0.621,0.8,0.933,0.879,0.951,0.826
6,B1_2,0.733,0.742,0.635,0.703,0.604,1.0,0.889,0.838,0.744,0.534,0.876,0.785,0.703,0.825,0.588,0.647
6,B1_3,0.839,0.805,0.784,0.774,0.783,0.889,1.0,0.904,0.777,0.741,0.898,0.916,0.855,0.82,0.778,0.799
6,A2_1,0.878,0.793,0.842,0.713,0.823,0.838,0.904,1.0,0.851,0.772,0.917,0.765,0.899,0.829,0.822,0.806
6,A2_2,0.915,0.904,0.92,0.806,0.906,0.744,0.777,0.851,1.0,0.839,0.681,0.776,0.936,0.963,0.874,0.874
6,A2_3,0.905,0.877,0.912,0.76,0.919,0.534,0.741,0.772,0.839,1.0,0.55,0.737,0.928,0.796,0.967,0.797
6,B2_1,0.687,0.628,0.645,0.536,0.621,0.876,0.898,0.917,0.681,0.55,1.0,0.694,0.751,0.68,0.617,0.65
6,B2_2,0.876,0.858,0.83,0.928,0.8,0.785,0.916,0.765,0.776,0.737,0.694,1.0,0.786,0.838,0.731,0.852
6,B2_3,0.911,0.863,0.913,0.736,0.933,0.703,0.855,0.899,0.936,0.928,0.751,0.786,1.0,0.878,0.956,0.878
6,y1,0.911,0.941,0.895,0.869,0.879,0.825,0.82,0.829,0.963,0.796,0.68,0.838,0.878,1.0,0.836,0.834
6,y2,0.877,0.858,0.903,0.731,0.951,0.588,0.778,0.822,0.874,0.967,0.617,0.731,0.956,0.836,1.0,0.772
6,y3,0.914,0.808,0.882,0.811,0.826,0.647,0.799,0.806,0.874,0.797,0.65,0.852,0.878,0.834,0.772,1.0
7,.,1.0,0.95,0.968,0.919,0.919,0.728,0.825,0.873,0.915,0.904,0.677,0.867,0.907,0.914,0.879,0.907
7,A1_1,0.95,1.0,0.944,0.918,0.916,0.742,0.8,0.795,0.905,0.878,0.632,0.855,0.866,0.941,0.861,0.805
7,A1_2,0.968,0.944,1.0,0.881,0.965,0.63,0.771,0.84,0.922,0.913,0.638,0.821,0.912,0.896,0.907,0.877
7,A1_3,0.919,0.918,0.881,1.0,0.831,0.7,0.765,0.713,0.808,0.762,0.533,0.921,0.739,0.871,0.736,0.803
7,B1_1,0.919,0.916,0.965,0.831,1.0,0.614,0.782,0.826,0.908,0.917,0.63,0.801,0.933,0.883,0.951,0.825
7,B1_2,0.728,0.742,0.63,0.7,0.614,1.0,0.895,0.842,0.742,0.53,0.881,0.791,0.712,0.825,0.594,0.644
7,B1_3,0.825,0.8,0.771,0.765,0.782,0.895,1.0,0.902,0.771,0.724,0.904,0.918,0.856,0.818,0.774,0.791
7,A2_1,0.873,0.795,0.84,0.713,0.826,0.842,0.902,1.0,0.852,0.766,0.917,0.767,0.902,0.833,0.825,0.804
7,A2_2,0.915,0.905,0.922,0.808,0.908,0.742,0.771,0.852,1.0,0.838,0.682,0.773,0.936,0.964,0.875,0.875
7,A2_3,0.904,0.878,0.913,0.762,0.917,0.53,0.724,0.766,0.838,1.0,0.542,0.726,0.921,0.797,0.968,0.788
7,B2_1,0.677,0.632,0.638,0.533,0.63,0.881,0.904,0.917,0.682,0.542,1.0,0.704,0.76,0.685,0.624,0.648
7,B2_2,0.867,0.855,0.821,0.921,0.801,0.791,0.918,0.767,0.773,0.726,0.704,1.0,0.79,0.838,0.731,0.845
7,B2_3,0.907,0.866,0.912,0.739,0.933,0.712,0.856,0.902,0.936,0.921,0.76,0.79,1.0,0.882,0.954,0.879
7,y1,0.914,0.941,0.896,0.871,0.883,0.825,0.818,0.833,0.964,0.797,0.685,0.838,0.882,1.0,0.839,0.835
7,y2,0.879,0.861,0.907,0.736,0.951,0.594,0.774,0.825,0.875,0.968,0.624,0.731,0.954,0.839,1.0,0.772
7,y3,0.907,0.805,0.877,0.803,0.825,0.644,0.791,0.804,0.875,0.788,0.648,0.845,0.879,0.835,0.772,1.0
8,.,1.0,0.949,0.966,0.918,0.917,0.714,0.803,0.867,0.912,0.904,0.659,0.85,0.903,0.912,0.881,0.899
8,A1_1,0.949,1.0,0.942,0.919,0.919,0.737,0.792,0.796,0.906,0.876,0.631,0.849,0.868,0.941,0.864,0.799
8,A1_2,0.966,0.942,1.0,0.881,0.965,0.618,0.752,0.835,0.921,0.914,0.624,0.805,0.91,0.894,0.911,0.869
8,A1_3,0.918,0.919,0.881,1.0,0.837,0.689,0.751,0.711,0.809,0.763,0.525,0.909,0.741,0.872,0.744,0.793
8,B1_1,0.917,0.919,0.965,0.837,1.0,0.619,0.779,0.827,0.909,0.913,0.635,0.8,0.933,0.886,0.951,0.821
8,B1_2,0.714,0.737,0.618,0.689,0.619,1.0,0.899,0.845,0.738,0.518,0.887,0.795,0.721,0.822,0.597,0.635
8,B1_3,0.803,0.792,0.752,0.751,0.779,0.899,1.0,0.899,0.763,0.701,0.91,0.919,0.857,0.812,0.769,0.777
8,A2_1,0.867,0.796,0.835,0.711,0.827,0.845,0.899,1.0,0.851,0.759,0.915,0.767,0.904,0.835,0.828,0.8
8,A2_2,0.912,0.906,0.921,0.809,0.909,0.738,0.763,0.851,1.0,0.833,0.68,0.769,0.936,0.965,0.876,0.873
8,A2_3,0.904,0.876,0.914,0.763,0.913,0.518,0.701,0.759,0.833,1.0,0.528,0.708,0.911,0.794,0.967,0.777
8,B2_1,0.659,0.631,0.624,0.525,0.635,0.887,0.91,0.915,0.68,0.528,1.0,0.712,0.768,0.686,0.628,0.641
8,B2_2,0.85,0.849,0.805,0.909,0.8,0.795,0.919,0.767,0.769,0.708,0.712,1.0,0.794,0.835,0.73,0.833
8,B2_3,0.903,0.868,0.91,0.741,0.933,0.721,0.857,0.904,0.936,0.911,0.768,0.794,1.0,0.886,0.952,0.879
8,y1,0.912,0.941,0.894,0.872,0.886,0.822,0.812,0.835,0.965,0.794,0.686,0.835,0.886,1.0,0.841,0.833
8,y2,0.881,0.864,0.911,0.744,0.951,0.597,0.769,0.828,0.876,0.967,0.628,0.73,0.952,0.841,1.0,0.772
8,y3,0.899,0.799,0.869,0.793,0.821,0.635,0.777,0.8,0.873,0.777,0.641,0.833,0.879,0.833,0.772,1.0
9,.,1.0,0.947,0.964,0.917,0.912,0.696,0.775,0.857,0.907,0.902,0.635,0.829,0.893,0.908,0.879,0.889
9,A1_1,0.947,1.0,0.94,0.918,0.92,0.731,0.78,0.795,0.906,0.873,0.626,0.84,0.869,0.941,0.866,0.79
9,A1_2,0.964,0.94,1.0,0.879,0.964,0.6,0.727,0.828,0.92,0.914,0.605,0.786,0.905,0.891,0.913,0.861
9,A1_3,0.917,0.918,0.879,1.0,0.84,0.675,0.733,0.707,0.809,0.763,0.511,0.895,0.74,0.871,0.748,0.78
9,B1_1,0.912,0.92,0.964,0.84,1.0,0.622,0.773,0.828,0.91,0.907,0.637,0.798,0.931,0.888,0.951,0.815
9,B1_2,0.696,0.731,0.6,0.675,0.622,1.0,0.903,0.846,0.732,0.502,0.891,0.798,0.727,0.816,0.598,0.621
9,B1_3,0.775,0.78,0.727,0.733,0.773,0.903,1.0,0.894,0.753,0.675,0.915,0.919,0.857,0.803,0.762,0.759
9,A2_1,0.857,0.795,0.828,0.707,0.828,0.846,0.894,1.0,0.849,0.749,0.912,0.766,0.906,0.836,0.829,0.794
9,A2_2,0.907,0.906,0.92,0.809,0.91,0.732,0.753,0.849,1.0,0.827,0.674,0.763,0.934,0.966,0.875,0.869
9,A2_3,0.902,0.873,0.914,0.763,0.907,0.502,0.675,0.749,0.827,1.0,0.509,0.687,0.898,0.788,0.965,0.764
9,B2_1,0.635,0.626,0.605,0.511,0.637,0.891,0.915,0.912,0.674,0.509,1.0,0.719,0.775,0.684,0.629,0.628
9,B2_2,0.829,0.84,0.786,0.895,0.798,0.798,0.919,0.766,0.763,0.687,0.719,1.0,0.798,0.83,0.727,0.817
9,B2_3,0.893,0.869,0.905,0.74,0.931,0.727,0.857,0.906,0.934,0.898,0.775,0.798,1.0,0.888,0.95,0.876
9,y1,0.908,0.941,0.891,0.871,0.888,0.816,0.803,0.836,0.966,0.788,0.684,0.83,0.888,1.0,0.841,0.829
9,y2,0.879,0.866,0.913,0.748,0.951,0.598,0.762,0.829,0.875,0.965,0.629,0.727,0.95,0.841,1.0,0.769
9,y3,0.889,0.79,0.861,0.78,0.815,0.621,0.759,0.794,0.869,0.764,0.628,0.817,0.876,0.829,0.769,1.0
10,.,1.0,0.943,0.96,0.914,0.902,0.67,0.738,0.843,0.9,0.9,0.602,0.799,0.878,0.902,0.874,0.877
10,A1_1,0.943,1.0,0.936,0.917,0.921,0.72,0.765,0.791,0.906,0.869,0.617,0.829,0.866,0.94,0.866,0.779
10,A1_2,0.96,0.936,1.0,0.877,0.96,0.576,0.694,0.818,0.917,0.913,0.578,0.76,0.894,0.886,0.913,0.85
10,A1_3,0.914,0.917,0.877,1.0,0.841,0.656,0.708,0.7,0.807,0.762,0.491,0.876,0.734,0.868,0.75,0.764
10,B1_1,0.902,0.921,0.96,0.841,1.0,0.621,0.766,0.827,0.909,0.899,0.637,0.794,0.93,0.889,0.95,0.805
10,B1_2,0.67,0.72,0.576,0.656,0.621,1.0,0.905,0.845,0.723,0.48,0.895,0.8,0.732,0.808,0.595,0.601
10,B1_3,0.738,0.765,0.694,0.708,0.766,0.905,1.0,0.889,0.74,0.642,0.919,0.918,0.857,0.79,0.753,0.734
10,A2_1,0.843,0.791,0.818,0.7,0.827,0.845,0.889,1.0,0.846,0.737,0.907,0.763,0.906,0.835,0.829,0.785
10,A2_2,0.9,0.906,0.917,0.807,0.909,0.723,0.74,0.846,1.0,0.818,0.666,0.755,0.931,0.967,0.873,0.864
10,A2_3,0.9,0.869,0.913,0.762,0.899,0.48,0.642,0.737,0.818,1.0,0.485,0.66,0.882,0.781,0.961,0.75
10,B2_1,0.602,0.617,0.578,0.491,0.637,0.895,0.919,0.907,0.666,0.485,1.0,0.724,0.78,0.677,0.628,0.609
10,B2_2,0.799,0.829,0.76,0.876,0.794,0.8,0.918,0.763,0.755,0.66,0.724,1.0,0.8,0.821,0.722,0.796
10,B2_3,0.878,0.866,0.894,0.734,0.93,0.732,0.857,0.906,0.931,0.882,0.78,0.8,1.0,0.887,0.947,0.869
10,y1,0.902,0.94,0.886,0.868,0.889,0.808,0.79,0.835,0.967,0.781,0.677,0.821,0.887,1.0,0.84,0.822
10,y2,0.874,0.866,0.913,0.75,0.95,0.595,0.753,0.829,0.873,0.961,0.628,0.722,0.947,0.84,1.0,0.764
10,y3,0.877,0.779,0.85,0.764,0.805,0.601,0.734,0.785,0.864,0.75,0.609,0.796,0.869,0.822,0.764,1.0
11,.,1.0,0.936,0.955,0.91,0.886,0.635,0.69,0.824,0.889,0.897,0.558,0.76,0.854,0.892,0.863,0.863
11,A1_1,0.936,1.0,0.931,0.915,0.92,0.707,0.745,0.786,0.905,0.864,0.603,0.815,0.861,0.938,0.866,0.764
11,A1_2,0.955,0.931,1.0,0.875,0.954,0.544,0.655,0.804,0.911,0.912,0.543,0.728,0.878,0.879,0.91,0.838
11,A1_3,0.91,0.915,0.875,1.0,0.84,0.631,0.677,0.69,0.804,0.761,0.464,0.853,0.724,0.864,0.75,0.746
11,B1_1,0.886,0.92,0.954,0.84,1.0,0.618,0.757,0.825,0.908,0.889,0.633,0.789,0.927,0.888,0.95,0.793
11,B1_2,0.635,0.707,0.544,0.631,0.618,1.0,0.907,0.844,0.713,0.453,0.898,0.799,0.736,0.796,0.59,0.575
11,B1_3,0.69,0.745,0.655,0.677,0.757,0.907,1.0,0.882,0.724,0.605,0.923,0.918,0.857,0.774,0.743,0.702
11,A2_1,0.824,0.786,0.804,0.69,0.825,0.844,0.882,1.0,0.841,0.722,0.901,0.758,0.906,0.832,0.828,0.774
11,A2_2,0.889,0.905,0.911,0.804,0.908,0.713,0.724,0.841,1.0,0.807,0.654,0.745,0.927,0.968,0.87,0.857
11,A2_3,0.897,0.864,0.912,0.761,0.889,0.453,0.605,0.722,0.807,1.0,0.455,0.629,0.86,0.771,0.955,0.735
11,B2_1,0.558,0.603,0.543,0.464,0.633,0.898,0.923,0.901,0.654,0.455,1.0,0.728,0.784,0.666,0.624,0.582
11,B2_2,0.76,0.815,0.728,0.853,0.789,0.799,0.918,0.758,0.745,0.629,0.728,1.0,0.801,0.81,0.716,0.769
11,B2_3,0.854,0.861,0.878,0.724,0.927,0.736,0.857,0.906,0.927,0.86,0.784,0.801,1.0,0.885,0.942,0.859
11,y1,0.892,0.938,0.879,0.864,0.888,0.796,0.774,0.832,0.968,0.771,0.666,0.81,0.885,1.0,0.837,0.813
11,y2,0.863,0.866,0.91,0.75,0.95,0.59,0.743,0.828,0.87,0.955,0.624,0.716,0.942,0.837,1.0,0.756
11,y3,0.863,0.764,0.838,0.746,0.793,0.575,0.702,0.774,0.857,0.735,0.582,0.769,0.859,0.813,0.756,1.0
12,.,1.0,0.924,0.948,0.905,0.86,0.589,0.627,0.798,0.87,0.891,0.5,0.708,0.815,0.876,0.842,0.846
12,A1_1,0.924,1.0,0.923,0.912,0.918,0.689,0.72,0.778,0.902,0.856,0.584,0.796,0.851,0.936,0.861,0.745
12,A1_2,0.948,0.923,1.0,0.872,0.942,0.503,0.605,0.785,0.902,0.91,0.498,0.687,0.853,0.868,0.902,0.824
12,A1_3,0.905,0.912,0.872,1.0,0.834,0.601,0.639,0.676,0.798,0.758,0.431,0.823,0.706,0.858,0.745,0.725
12,B1_1,0.86,0.918,0.942,0.834,1.0,0.611,0.745,0.821,0.905,0.875,0.627,0.781,0.923,0.886,0.949,0.775
12,B1_2,0.589,0.689,0.503,0.601,0.611,1.0,0.908,0.841,0.699,0.418,0.9,0.798,0.737,0.781,0.579,0.54
12,B1_3,0.627,0.72,0.605,0.639,0.745,0.908,1.0,0.873,0.705,0.559,0.927,0.916,0.855,0.752,0.729,0.66
12,A2_1,0.798,0.778,0.785,0.676,0.821,0.841,0.873,1.0,0.835,0.703,0.894,0.75,0.904,0.826,0.824,0.757
12,A2_2,0.87,0.902,0.902,0.798,0.905,0.699,0.705,0.835,1.0,0.792,0.639,0.731,0.92,0.968,0.864,0.846
12,A2_3,0.891,0.856,0.91,0.758,0.875,0.418,0.559,0.703,0.792,1.0,0.417,0.589,0.832,0.757,0.946,0.716
12,B2_1,0.5,0.584,0.498,0.431,0.627,0.9,0.927,0.894,0.639,0.417,1.0,0.731,0.788,0.65,0.618,0.546
12,B2_2,0.708,0.796,0.687,0.823,0.781,0.798,0.916,0.75,0.731,0.589,0.731,1.0,0.801,0.795,0.705,0.733
12,B2_3,0.815,0.851,0.853,0.706,0.923,0.737,0.855,0.904,0.92,0.832,0.788,0.801,1.0,0.878,0.936,0.841
12,y1,0.876,0.936,0.868,0.858,0.886,0.781,0.752,0.826,0.968,0.757,0.65,0.795,0.878,1.0,0.831,0.801
12,y2,0.842,0.861,0.902,0.745,0.949,0.579,0.729,0.824,0.864,0.946,0.618,0.705,0.936,0.831,1.0,0.742
12,y3,0.846,0.745,0.824,0.725,0.775,0.54,0.66,0.757,0.846,0.716,0.546,0.733,0.841,0.801,0.742,1.0
13,.,1.0,0.907,0.94,0.897,0.826,0.53,0.549,0.764,0.843,0.888,0.428,0.639,0.763,0.855,0.815,0.83
13,A1_1,0.907,1.0,0.914,0.91,0.915,0.668,0.69,0.769,0.9,0.848,0.559,0.774,0.839,0.934,0.857,0.726
13,A1_2,0.94,0.914,1.0,0.871,0.927,0.456,0.545,0.764,0.889,0.91,0.445,0.637,0.821,0.857,0.891,0.813
13,A1_3,0.897,0.91,0.871,1.0,0.828,0.563,0.593,0.661,0.792,0.761,0.389,0.785,0.684,0.852,0.741,0.704
13,B1_1,0.826,0.915,0.927,0.828,1.0,0.603,0.732,0.816,0.902,0.859,0.619,0.773,0.918,0.883,0.948,0.754
13,B1_2,0.53,0.668,0.456,0.563,0.603,1.0,0.908,0.837,0.684,0.38,0.903,0.796,0.739,0.762,0.569,0.498
13,B1_3,0.549,0.69,0.545,0.593,0.732,0.908,1.0,0.863,0.684,0.507,0.93,0.915,0.855,0.726,0.715,0.609
13,A2_1,0.764,0.769,0.764,0.661,0.816,0.837,0.863,1.0,0.828,0.684,0.884,0.741,0.901,0.82,0.822,0.739
13,A2_2,0.843,0.9,0.889,0.792,0.902,0.684,0.684,0.828,1.0,0.775,0.622,0.717,0.912,0.969,0.859,0.834
13,A2_3,0.888,0.848,0.91,0.761,0.859,0.38,0.507,0.684,0.775,1.0,0.374,0.544,0.797,0.744,0.935,0.703
13,B2_1,0.428,0.559,0.445,0.389,0.619,0.903,0.93,0.884,0.622,0.374,1.0,0.734,0.792,0.629,0.609,0.5
13,B2_2,0.639,0.774,0.637,0.785,0.773,0.796,0.915,0.741,0.717,0.544,0.734,1.0,0.802,0.776,0.695,0.687
13,B2_3,0.763,0.839,0.821,0.684,0.918,0.739,0.855,0.901,0.912,0.797,0.792,0.802,1.0,0.87,0.93,0.818
13,y1,0.855,0.934,0.857,0.852,0.883,0.762,0.726,0.82,0.969,0.744,0.629,0.776,0.87,1.0,0.826,0.788
13,y2,0.815,0.857,0.891,0.741,0.948,0.569,0.715,0.822,0.859,0.935,0.609,0.695,0.93,0.826,1.0,0.73
13,y3,0.83,0.726,0.813,0.704,0.754,0.498,0.609,0.739,0.834,0.703,0.5,0.687,0.818,0.788,0.73,1.0
14,.,1.0,0.885,0.93,0.888,0.778,0.463,0.458,0.722,0.81,0.881,0.345,0.558,0.695,0.829,0.776,0.813
14,A1_1,0.885,1.0,0.904,0.907,0.909,0.644,0.657,0.759,0.896,0.84,0.532,0.748,0.822,0.931,0.85,0.705
14,A1_2,0.93,0.904,1.0,0.869,0.905,0.403,0.479,0.738,0.874,0.909,0.385,0.579,0.779,0.844,0.875,0.801
14,A1_3,0.888,0.907,0.869,1.0,0.818,0.523,0.542,0.644,0.783,0.763,0.345,0.743,0.654,0.845,0.732,0.684
14,B1_1,0.778,0.909,0.905,0.818,1.0,0.595,0.719,0.811,0.898,0.838,0.611,0.764,0.912,0.878,0.946,0.727
14,B1_2,0.463,0.644,0.403,0.523,0.595,1.0,0.908,0.832,0.667,0.339,0.904,0.794,0.74,0.74,0.556,0.448
14,B1_3,0.458,0.657,0.479,0.542,0.719,0.908,1.0,0.851,0.66,0.451,0.934,0.913,0.854,0.695,0.698,0.548
14,A2_1,0.722,0.759,0.738,0.644,0.811,0.832,0.851,1.0,0.82,0.663,0.873,0.731,0.896,0.813,0.817,0.716
14,A2_2,0.81,0.896,0.874,0.783,0.898,0.667,0.66,0.82,1.0,0.757,0.602,0.7,0.901,0.97,0.851,0.819
14,A2_3,0.881,0.84,0.909,0.763,0.838,0.339,0.451,0.663,0.757,1.0,0.326,0.494,0.756,0.731,0.92,0.69
14,B2_1,0.345,0.532,0.385,0.345,0.611,0.904,0.934,0.873,0.602,0.326,1.0,0.736,0.796,0.603,0.598,0.445
14,B2_2,0.558,0.748,0.579,0.743,0.764,0.794,0.913,0.731,0.7,0.494,0.736,1.0,0.802,0.753,0.681,0.633
14,B2_3,0.695,0.822,0.779,0.654,0.912,0.74,0.854,0.896,0.901,0.756,0.796,0.802,1.0,0.857,0.921,0.784
14,y1,0.829,0.931,0.844,0.845,0.878,0.74,0.695,0.813,0.97,0.731,0.603,0.753,0.857,1.0,0.818,0.774
14,y2,0.776,0.85,0.875,0.732,0.946,0.556,0.698,0.817,0.851,0.92,0.598,0.681,0.921,0.818,1.0,0.711
14,y3,0.813,0.705,0.801,0.684,0.727,0.448,0.548,0.716,0.819,0.69,0.445,0.633,0.784,0.774,0.711,1.0
15,.,1.0,0.856,0.919,0.876,0.716,0.385,0.353,0.672,0.767,0.872,0.249,0.463,0.608,0.798,0.723,0.799
15,A1_1,0.856,1.0,0.891,0.904,0.902,0.618,0.619,0.747,0.892,0.83,0.5,0.718,0.799,0.929,0.84,0.681
15,A1_2,0.919,0.891,1.0,0.869,0.876,0.342,0.402,0.707,0.853,0.908,0.315,0.512,0.724,0.83,0.853,0.792
15,A1_3,0.876,0.904,0.869,1.0,0.803,0.478,0.485,0.626,0.772,0.765,0.294,0.694,0.616,0.837,0.719,0.666
15,B1_1,0.716,0.902,0.876,0.803,1.0,0.585,0.706,0.804,0.893,0.812,0.602,0.753,0.904,0.871,0.944,0.692
15,B1_2,0.385,0.618,0.342,0.478,0.585,1.0,0.908,0.826,0.648,0.291,0.906,0.792,0.74,0.712,0.539,0.389
15,B1_3,0.353,0.619,0.402,0.485,0.706,0.908,1.0,0.837,0.633,0.388,0.937,0.911,0.853,0.658,0.678,0.474
15,A2_1,0.672,0.747,0.707,0.626,0.804,0.826,0.837,1.0,0.811,0.638,0.86,0.718,0.889,0.803,0.811,0.688
15,A2_2,0.767,0.892,0.853,0.772,0.893,0.648,0.633,0.811,1.0,0.735,0.579,0.679,0.888,0.97,0.842,0.798
15,A2_3,0.872,0.83,0.908,0.765,0.812,0.291,0.388,0.638,0.735,1.0,0.272,0.436,0.706,0.716,0.902,0.679
15,B2_1,0.249,0.5,0.315,0.294,0.602,0.906,0.937,0.86,0.579,0.272,1.0,0.739,0.8,0.571,0.585,0.378
15,B2_2,0.463,0.718,0.512,0.694,0.753,0.792,0.911,0.718,0.679,0.436,0.739,1.0,0.8,0.723,0.662,0.565
15,B2_3,0.608,0.799,0.724,0.616,0.904,0.74,0.853,0.889,0.888,0.706,0.8,0.8,1.0,0.839,0.91,0.738
15,y1,0.798,0.929,0.83,0.837,0.871,0.712,0.658,0.803,0.97,0.716,0.571,0.723,0.839,1.0,0.807,0.757
15,y2,0.723,0.84,0.853,0.719,0.944,0.539,0.678,0.811,0.842,0.902,0.585,0.662,0.91,0.807,1.0,0.685
15,y3,0.799,0.681,0.792,0.666,0.692,0.389,0.474,0.688,0.798,0.679,0.378,0.565,0.738,0.757,0.685,1.0
16,.,1.0,0.825,0.908,0.862,0.648,0.303,0.246,0.622,0.72,0.864,0.152,0.361,0.514,0.768,0.668,0.792
16,A1_1,0.825,1.0,0.878,0.901,0.893,0.589,0.579,0.735,0.888,0.82,0.466,0.683,0.773,0.927,0.83,0.66
16,A1_2,0.908,0.878,1.0,0.869,0.842,0.279,0.323,0.677,0.831,0.909,0.242,0.44,0.663,0.818,0.828,0.79
16,A1_3,0.862,0.901,0.869,1.0,0.788,0.431,0.426,0.609,0.762,0.77,0.244,0.642,0.576,0.832,0.706,0.654
16,B1_1,0.648,0.893,0.842,0.788,1.0,0.578,0.694,0.799,0.887,0.782,0.595,0.744,0.897,0.863,0.941,0.652
16,B1_2,0.303,0.589,0.279,0.431,0.578,1.0,0.909,0.818,0.628,0.243,0.909,0.791,0.743,0.68,0.522,0.324
16,B1_3,0.246,0.579,0.323,0.426,0.694,0.909,1.0,0.821,0.605,0.322,0.94,0.91,0.854,0.616,0.658,0.391
16,A2_1,0.622,0.735,0.677,0.609,0.799,0.818,0.821,1.0,0.804,0.616,0.844,0.704,0.882,0.794,0.805,0.659
16,A2_2,0.72,0.888,0.831,0.762,0.887,0.628,0.605,0.804,1.0,0.713,0.555,0.657,0.872,0.971,0.834,0.775
16,A2_3,0.864,0.82,0.909,0.77,0.782,0.243,0.322,0.616,0.713,1.0,0.216,0.374,0.65,0.706,0.882,0.677
16,B2_1,0.152,0.466,0.242,0.244,0.595,0.909,0.94,0.844,0.555,0.216,1.0,0.742,0.805,0.534,0.57,0.303
16,B2_2,0.361,0.683,0.44,0.642,0.744,0.791,0.91,0.704,0.657,0.374,0.742,1.0,0.8,0.688,0.643,0.489
16,B2_3,0.514,0.773,0.663,0.576,0.897,0.743,0.854,0.882,0.872,0.65,0.805,0.8,1.0,0.816,0.898,0.681
16,y1,0.768,0.927,0.818,0.832,0.863,0.68,0.616,0.794,0.971,0.706,0.534,0.688,0.816,1.0,0.797,0.742
16,y2,0.668,0.83,0.828,0.706,0.941,0.522,0.658,0.805,0.834,0.882,0.57,0.643,0.898,0.797,1.0,0.659
16,y3,0.792,0.66,0.79,0.654,0.652,0.324,0.391,0.659,0.775,0.677,0.303,0.489,0.681,0.742,0.659,1.0
17,.,1.0,0.793,0.898,0.847,0.572,0.218,0.139,0.569,0.67,0.858,0.055,0.257,0.411,0.737,0.609,0.791
17,A1_1,0.793,1.0,0.864,0.898,0.883,0.556,0.536,0.724,0.884,0.811,0.429,0.646,0.741,0.925,0.819,0.64
17,A1_2,0.898,0.864,1.0,0.871,0.8,0.211,0.24,0.645,0.806,0.91,0.166,0.362,0.59,0.807,0.8,0.792
17,A1_3,0.847,0.898,0.871,1.0,0.769,0.38,0.366,0.593,0.751,0.776,0.192,0.585,0.529,0.827,0.692,0.647
17,B1_1,0.572,0.883,0.8,0.769,1.0,0.571,0.683,0.793,0.881,0.748,0.589,0.734,0.888,0.853,0.937,0.606
17,B1_2,0.218,0.556,0.211,0.38,0.571,1.0,0.911,0.809,0.605,0.191,0.912,0.791,0.747,0.642,0.503,0.254
17,B1_3,0.139,0.536,0.24,0.366,0.683,0.911,1.0,0.804,0.576,0.254,0.944,0.909,0.856,0.568,0.635,0.303
17,A2_1,0.569,0.724,0.645,0.593,0.793,0.809,0.804,1.0,0.795,0.592,0.827,0.689,0.872,0.783,0.798,0.627
17,A2_2,0.67,0.884,0.806,0.751,0.881,0.605,0.576,0.795,1.0,0.69,0.529,0.632,0.854,0.97,0.824,0.749
17,A2_3,0.858,0.811,0.91,0.776,0.748,0.191,0.254,0.592,0.69,1.0,0.157,0.309,0.586,0.698,0.859,0.68
17,B2_1,0.055,0.429,0.166,0.192,0.589,0.912,0.944,0.827,0.529,0.157,1.0,0.746,0.811,0.492,0.554,0.221
17,B2_2,0.257,0.646,0.362,0.585,0.734,0.791,0.909,0.689,0.632,0.309,0.746,1.0,0.801,0.647,0.62,0.405
17,B2_3,0.411,0.741,0.59,0.529,0.888,0.747,0.856,0.872,0.854,0.586,0.811,0.801,1.0,0.787,0.882,0.613
17,y1,0.737,0.925,0.807,0.827,0.853,0.642,0.568,0.783,0.97,0.698,0.492,0.647,0.787,1.0,0.786,0.729
17,y2,0.609,0.819,0.8,0.692,0.937,0.503,0.635,0.798,0.824,0.859,0.554,0.62,0.882,0.786,1.0,0.63
17,y3,0.791,0.64,0.792,0.647,0.606,0.254,0.303,0.627,0.749,0.68,0.221,0.405,0.613,0.729,0.63,1.0
18,.,1.0,0.761,0.89,0.832,0.49,0.132,0.034,0.519,0.62,0.852,-0.04,0.152,0.302,0.711,0.548,0.796
18,A1_1,0.761,1.0,0.849,0.896,0.869,0.519,0.488,0.712,0.879,0.802,0.388,0.603,0.703,0.923,0.805,0.622
18,A1_2,0.89,0.849,1.0,0.872,0.751,0.14,0.154,0.612,0.779,0.912,0.086,0.278,0.509,0.798,0.768,0.799
18,A1_3,0.832,0.896,0.872,1.0,0.745,0.327,0.303,0.577,0.741,0.783,0.138,0.525,0.476,0.825,0.676,0.645
18,B1_1,0.49,0.869,0.751,0.745,1.0,0.566,0.674,0.787,0.873,0.705,0.585,0.726,0.879,0.839,0.932,0.553
18,B1_2,0.132,0.519,0.14,0.327,0.566,1.0,0.912,0.798,0.579,0.135,0.915,0.791,0.751,0.596,0.481,0.177
18,B1_3,0.034,0.488,0.154,0.303,0.674,0.912,1.0,0.784,0.544,0.182,0.947,0.909,0.859,0.513,0.609,0.207
18,A2_1,0.519,0.712,0.612,0.577,0.787,0.798,0.784,1.0,0.787,0.569,0.806,0.671,0.859,0.771,0.79,0.594
18,A2_2,0.62,0.879,0.779,0.741,0.873,0.579,0.544,0.787,1.0,0.667,0.5,0.604,0.831,0.969,0.813,0.72
18,A2_3,0.852,0.802,0.912,0.783,0.705,0.135,0.182,0.569,0.667,1.0,0.095,0.237,0.512,0.692,0.834,0.688
18,B2_1,-0.04,0.388,0.086,0.138,0.585,0.915,0.947,0.806,0.5,0.095,1.0,0.751,0.818,0.443,0.534,0.133
18,B2_2,0.152,0.603,0.278,0.525,0.726,0.791,0.909,0.671,0.604,0.237,0.751,1.0,0.801,0.598,0.593,0.312
18,B2_3,0.302,0.703,0.509,0.476,0.879,0.751,0.859,0.859,0.831,0.512,0.818,0.801,1.0,0.75,0.862,0.532
18,y1,0.711,0.923,0.798,0.825,0.839,0.596,0.513,0.771,0.969,0.692,0.443,0.598,0.75,1.0,0.772,0.718
18,y2,0.548,0.805,0.768,0.676,0.932,0.481,0.609,0.79,0.813,0.834,0.534,0.593,0.862,0.772,1.0,0.597
18,y3,0.796,0.622,0.799,0.645,0.553,0.177,0.207,0.594,0.72,0.688,0.133,0.312,0.532,0.718,0.597,1.0
19,.,1.0,0.732,0.884,0.817,0.41,0.051,-0.06,0.477,0.575,0.851,-0.123,0.053,0.199,0.691,0.494,0.807
19,A1_1,0.732,1.0,0.835,0.894,0.852,0.48,0.44,0.701,0.875,0.793,0.348,0.556,0.662,0.922,0.792,0.608
19,A1_2,0.884,0.835,1.0,0.873,0.696,0.07,0.071,0.583,0.753,0.914,0.011,0.194,0.424,0.794,0.737,0.809
19,A1_3,0.817,0.894,0.873,1.0,0.72,0.274,0.244,0.565,0.732,0.789,0.089,0.464,0.423,0.825,0.662,0.646
19,B1_1,0.41,0.852,0.696,0.72,1.0,0.564,0.67,0.781,0.865,0.658,0.585,0.719,0.87,0.82,0.924,0.495
19,B1_2,0.051,0.48,0.07,0.274,0.564,1.0,0.916,0.784,0.551,0.079,0.919,0.794,0.758,0.544,0.458,0.1
19,B1_3,-0.06,0.44,0.071,0.244,0.67,0.916,1.0,0.761,0.511,0.111,0.95,0.909,0.863,0.454,0.582,0.112
19,A2_1,0.477,0.701,0.583,0.565,0.781,0.784,0.761,1.0,0.779,0.548,0.784,0.651,0.844,0.759,0.782,0.563
19,A2_2,0.575,0.875,0.753,0.732,0.865,0.551,0.511,0.779,1.0,0.644,0.471,0.573,0.806,0.967,0.803,0.691
19,A2_3,0.851,0.793,0.914,0.789,0.658,0.079,0.111,0.548,0.644,1.0,0.035,0.164,0.436,0.69,0.808,0.701
19,B2_1,-0.123,0.348,0.011,0.089,0.585,0.919,0.95,0.784,0.471,0.035,1.0,0.757,0.826,0.39,0.514,0.046
19,B2_2,0.053,0.556,0.194,0.464,0.719,0.794,0.909,0.651,0.573,0.164,0.757,1.0,0.802,0.542,0.563,0.217
19,B2_3,0.199,0.662,0.424,0.423,0.87,0.758,0.863,0.844,0.806,0.436,0.826,0.802,1.0,0.706,0.839,0.446
19,y1,0.691,0.922,0.794,0.825,0.82,0.544,0.454,0.759,0.967,0.69,0.39,0.542,0.706,1.0,0.757,0.711
19,y2,0.494,0.792,0.737,0.662,0.924,0.458,0.582,0.782,0.803,0.808,0.514,0.563,0.839,0.757,1.0,0.565
19,y3,0.807,0.608,0.809,0.646,0.495,0.1,0.112,0.563,0.691,0.701,0.046,0.217,0.446,0.711,0.565,1.0
20,.,1.0,0.711,0.882,0.807,0.338,-0.023,-0.141,0.448,0.539,0.853,-0.195,-0.033,0.108,0.682,0.455,0.822
20,A1_1,0.711,1.0,0.824,0.894,0.835,0.438,0.393,0.694,0.872,0.787,0.307,0.509,0.62,0.922,0.781,0.602
20,A1_2,0.882,0.824,1.0,0.876,0.641,0.003,-0.004,0.563,0.731,0.917,-0.058,0.117,0.342,0.795,0.712,0.826
20,A1_3,0.807,0.894,0.876,1.0,0.694,0.221,0.187,0.559,0.726,0.798,0.04,0.403,0.369,0.828,0.652,0.655
20,B1_1,0.338,0.835,0.641,0.694,1.0,0.567,0.668,0.777,0.856,0.61,0.587,0.715,0.862,0.799,0.915,0.44
20,B1_2,-0.023,0.438,0.003,0.221,0.567,1.0,0.92,0.765,0.522,0.026,0.924,0.797,0.767,0.485,0.435,0.025
20,B1_3,-0.141,0.393,-0.004,0.187,0.668,0.92,1.0,0.736,0.478,0.046,0.953,0.91,0.868,0.391,0.554,0.024
20,A2_1,0.448,0.694,0.563,0.559,0.777,0.765,0.736,1.0,0.774,0.535,0.757,0.629,0.827,0.749,0.777,0.539
20,A2_2,0.539,0.872,0.731,0.726,0.856,0.522,0.478,0.774,1.0,0.626,0.44,0.542,0.778,0.965,0.794,0.667
20,A2_3,0.853,0.787,0.917,0.798,0.61,0.026,0.046,0.535,0.626,1.0,-0.022,0.096,0.361,0.694,0.786,0.723
20,B2_1,-0.195,0.307,-0.058,0.04,0.587,0.924,0.953,0.757,0.44,-0.022,1.0,0.764,0.835,0.333,0.491,-0.036
20,B2_2,-0.033,0.509,0.117,0.403,0.715,0.797,0.91,0.629,0.542,0.096,0.764,1.0,0.806,0.482,0.533,0.126
20,B2_3,0.108,0.62,0.342,0.369,0.862,0.767,0.868,0.827,0.778,0.361,0.835,0.806,1.0,0.656,0.813,0.36
20,y1,0.682,0.922,0.795,0.828,0.799,0.485,0.391,0.749,0.965,0.694,0.333,0.482,0.656,1.0,0.746,0.712
20,y2,0.455,0.781,0.712,0.652,0.915,0.435,0.554,0.777,0.794,0.786,0.491,0.533,0.813,0.746,1.0,0.543
20,y3,0.822,0.602,0.826,0.655,0.44,0.025,0.024,0.539,0.667,0.723,-0.036,0.126,0.36,0.712,0.543,1.0
21,.,1.0,0.694,0.88,0.798,0.264,-0.093,-0.213,0.423,0.509,0.857,-0.26,-0.114,0.02,0.678,0.421,0.836
21,A1_1,0.694,1.0,0.815,0.894,0.813,0.392,0.344,0.687,0.869,0.782,0.264,0.458,0.572,0.921,0.77,0.598
21,A1_2,0.88,0.815,1.0,0.878,0.579,-0.063,-0.076,0.545,0.71,0.921,-0.125,0.04,0.258,0.799,0.688,0.841
21,A1_3,0.798,0.894,0.878,1.0,0.662,0.167,0.133,0.554,0.721,0.804,-0.005,0.344,0.314,0.832,0.642,0.665
21,B1_1,0.264,0.813,0.579,0.662,1.0,0.573,0.671,0.772,0.844,0.554,0.594,0.715,0.856,0.77,0.902,0.379
21,B1_2,-0.093,0.392,-0.063,0.167,0.573,1.0,0.924,0.742,0.488,-0.03,0.93,0.802,0.777,0.42,0.406,-0.05
21,B1_3,-0.213,0.344,-0.076,0.133,0.671,0.924,1.0,0.708,0.443,-0.018,0.956,0.911,0.874,0.324,0.523,-0.062
21,A2_1,0.423,0.687,0.545,0.554,0.772,0.742,0.708,1.0,0.769,0.523,0.729,0.605,0.807,0.738,0.771,0.519
21,A2_2,0.509,0.869,0.71,0.721,0.844,0.488,0.443,0.769,1.0,0.609,0.407,0.507,0.746,0.961,0.785,0.645
21,A2_3,0.857,0.782,0.921,0.804,0.554,-0.03,-0.018,0.523,0.609,1.0,-0.078,0.026,0.282,0.701,0.766,0.743
21,B2_1,-0.26,0.264,-0.125,-0.005,0.594,0.93,0.956,0.729,0.407,-0.078,1.0,0.771,0.844,0.272,0.465,-0.114
21,B2_2,-0.114,0.458,0.04,0.344,0.715,0.802,0.911,0.605,0.507,0.026,0.771,1.0,0.809,0.415,0.497,0.037
21,B2_3,0.02,0.572,0.258,0.314,0.856,0.777,0.874,0.807,0.746,0.282,0.844,0.809,1.0,0.598,0.781,0.271
21,y1,0.678,0.921,0.799,0.832,0.77,0.42,0.324,0.738,0.961,0.701,0.272,0.415,0.598,1.0,0.733,0.718
21,y2,0.421,0.77,0.688,0.642,0.902,0.406,0.523,0.771,0.785,0.766,0.465,0.497,0.781,0.733,1.0,0.523
21,y3,0.836,0.598,0.841,0.665,0.379,-0.05,-0.062,0.519,0.645,0.743,-0.114,0.037,0.271,0.718,0.523,1.0
22,.,1.0,0.684,0.881,0.792,0.199,-0.156,-0.273,0.411,0.487,0.862,-0.314,-0.183,-0.056,0.682,0.401,0.851
22,A1_1,0.684,1.0,0.81,0.895,0.788,0.344,0.295,0.684,0.868,0.781,0.222,0.405,0.523,0.922,0.762,0.601
22,A1_2,0.881,0.81,1.0,0.88,0.519,-0.124,-0.139,0.537,0.695,0.925,-0.184,-0.029,0.179,0.808,0.674,0.859
22,A1_3,0.792,0.895,0.88,1.0,0.631,0.115,0.083,0.556,0.72,0.812,-0.047,0.285,0.26,0.839,0.638,0.678
22,B1_1,0.199,0.788,0.519,0.631,1.0,0.583,0.678,0.767,0.831,0.5,0.602,0.718,0.851,0.737,0.886,0.323
22,B1_2,-0.156,0.344,-0.124,0.115,0.583,1.0,0.93,0.715,0.454,-0.082,0.937,0.807,0.789,0.349,0.377,-0.119
22,B1_3,-0.273,0.295,-0.139,0.083,0.678,0.93,1.0,0.677,0.408,-0.075,0.959,0.913,0.881,0.256,0.489,-0.137
22,A2_1,0.411,0.684,0.537,0.556,0.767,0.715,0.677,1.0,0.767,0.519,0.695,0.578,0.784,0.731,0.767,0.509
22,A2_2,0.487,0.868,0.695,0.72,0.831,0.454,0.408,0.767,1.0,0.597,0.375,0.473,0.711,0.956,0.777,0.628
22,A2_3,0.862,0.781,0.925,0.812,0.5,-0.082,-0.075,0.519,0.597,1.0,-0.128,-0.037,0.208,0.714,0.752,0.767
22,B2_1,-0.314,0.222,-0.184,-0.047,0.602,0.937,0.959,0.695,0.375,-0.128,1.0,0.78,0.853,0.208,0.436,-0.184
22,B2_2,-0.183,0.405,-0.029,0.285,0.718,0.807,0.913,0.578,0.473,-0.037,0.78,1.0,0.815,0.345,0.46,-0.044
22,B2_3,-0.056,0.523,0.179,0.26,0.851,0.789,0.881,0.784,0.711,0.208,0.853,0.815,1.0,0.535,0.745,0.188
22,y1,0.682,0.922,0.808,0.839,0.737,0.349,0.256,0.731,0.956,0.714,0.208,0.345,0.535,1.0,0.724,0.73
22,y2,0.401,0.762,0.674,0.638,0.886,0.377,0.489,0.767,0.777,0.752,0.436,0.46,0.745,0.724,1.0,0.515
22,y3,0.851,0.601,0.859,0.678,0.323,-0.119,-0.137,0.509,0.628,0.767,-0.184,-0.044,0.188,0.73,0.515,1.0
23,.,1.0,0.676,0.882,0.788,0.139,-0.215,-0.323,0.409,0.472,0.868,-0.359,-0.242,-0.121,0.691,0.393,0.864
23,A1_1,0.676,1.0,0.806,0.897,0.762,0.295,0.251,0.684,0.868,0.78,0.182,0.356,0.475,0.922,0.757,0.609
23,A1_2,0.882,0.806,1.0,0.883,0.458,-0.181,-0.193,0.537,0.683,0.929,-0.236,-0.091,0.107,0.82,0.666,0.876
23,A1_3,0.788,0.897,0.883,1.0,0.597,0.062,0.037,0.562,0.72,0.819,-0.086,0.231,0.209,0.846,0.637,0.693
23,B1_1,0.139,0.762,0.458,0.597,1.0,0.597,0.689,0.762,0.815,0.444,0.615,0.726,0.848,0.697,0.864,0.269
23,B1_2,-0.215,0.295,-0.181,0.062,0.597,1.0,0.937,0.679,0.416,-0.131,0.945,0.814,0.802,0.275,0.345,-0.184
23,B1_3,-0.323,0.251,-0.193,0.037,0.689,0.937,1.0,0.641,0.374,-0.125,0.962,0.915,0.888,0.189,0.452,-0.203
23,A2_1,0.409,0.684,0.537,0.562,0.762,0.679,0.641,1.0,0.769,0.523,0.657,0.547,0.758,0.728,0.767,0.508
23,A2_2,0.472,0.868,0.683,0.72,0.815,0.416,0.374,0.769,1.0,0.589,0.341,0.438,0.675,0.95,0.771,0.617
23,A2_3,0.868,0.78,0.929,0.819,0.444,-0.131,-0.125,0.523,0.589,1.0,-0.174,-0.092,0.14,0.729,0.744,0.792
23,B2_1,-0.359,0.182,-0.236,-0.086,0.615,0.945,0.962,0.657,0.341,-0.174,1.0,0.788,0.862,0.146,0.402,-0.245
23,B2_2,-0.242,0.356,-0.091,0.231,0.726,0.814,0.915,0.547,0.438,-0.092,0.788,1.0,0.822,0.275,0.42,-0.116
23,B2_3,-0.121,0.475,0.107,0.209,0.848,0.802,0.888,0.758,0.675,0.14,0.862,0.822,1.0,0.471,0.705,0.112
23,y1,0.691,0.922,0.82,0.846,0.697,0.275,0.189,0.728,0.95,0.729,0.146,0.275,0.471,1.0,0.719,0.746
23,y2,0.393,0.757,0.666,0.637,0.864,0.345,0.452,0.767,0.771,0.744,0.402,0.42,0.705,0.719,1.0,0.517
23,y3,0.864,0.609,0.876,0.693,0.269,-0.184,-0.203,0.508,0.617,0.792,-0.245,-0.116,0.112,0.746,0.517,1.0
24,.,1.0,0.671,0.882,0.784,0.074,-0.27,-0.368,0.41,0.46,0.872,-0.399,-0.297,-0.183,0.7,0.388,0.874
24,A1_1,0.671,1.0,0.804,0.898,0.729,0.246,0.207,0.687,0.868,0.779,0.144,0.306,0.426,0.922,0.753,0.616
24,A1_2,0.882,0.804,1.0,0.885,0.393,-0.235,-0.243,0.543,0.674,0.933,-0.283,-0.148,0.038,0.832,0.663,0.889
24,A1_3,0.784,0.898,0.885,1.0,0.556,0.013,-0.005,0.571,0.721,0.824,-0.121,0.179,0.159,0.853,0.637,0.705
24,B1_1,0.074,0.729,0.393,0.556,1.0,0.617,0.706,0.753,0.794,0.383,0.634,0.739,0.849,0.649,0.835,0.211
24,B1_2,-0.27,0.246,-0.235,0.013,0.617,1.0,0.943,0.638,0.378,-0.179,0.953,0.822,0.817,0.201,0.311,-0.244
24,B1_3,-0.368,0.207,-0.243,-0.005,0.706,0.943,1.0,0.602,0.341,-0.172,0.965,0.918,0.896,0.124,0.413,-0.261
24,A2_1,0.41,0.687,0.543,0.571,0.753,0.638,0.602,1.0,0.772,0.53,0.616,0.513,0.727,0.727,0.768,0.512
24,A2_2,0.46,0.868,0.674,0.721,0.794,0.378,0.341,0.772,1.0,0.583,0.309,0.402,0.637,0.944,0.764,0.608
24,A2_3,0.872,0.779,0.933,0.824,0.383,-0.179,-0.172,0.53,0.583,1.0,-0.215,-0.146,0.073,0.744,0.739,0.811
24,B2_1,-0.399,0.144,-0.283,-0.121,0.634,0.953,0.965,0.616,0.309,-0.215,1.0,0.798,0.871,0.085,0.367,-0.299
24,B2_2,-0.297,0.306,-0.148,0.179,0.739,0.822,0.918,0.513,0.402,-0.146,0.798,1.0,0.83,0.204,0.379,-0.182
24,B2_3,-0.183,0.426,0.038,0.159,0.849,0.817,0.896,0.727,0.637,0.073,0.871,0.83,1.0,0.402,0.66,0.04
24,y1,0.7,0.922,0.832,0.853,0.649,0.201,0.124,0.727,0.944,0.744,0.085,0.204,0.402,1.0,0.714,0.763
24,y2,0.388,0.753,0.663,0.637,0.835,0.311,0.413,0.768,0.764,0.739,0.367,0.379,0.66,0.714,1.0,0.522
24,y3,0.874,0.616,0.889,0.705,0.211,-0.244,-0.261,0.512,0.608,0.811,-0.299,-0.182,0.04,0.763,0.522,1.0
25,.,1.0,0.669,0.883,0.782,0.015,-0.319,-0.406,0.423,0.456,0.876,-0.432,-0.345,-0.235,0.713,0.393,0.882
25,A1_1,0.669,1.0,0.805,0.901,0.694,0.196,0.164,0.695,0.871,0.782,0.105,0.257,0.378,0.922,0.752,0.628
25,A1_2,0.883,0.805,1.0,0.888,0.33,-0.283,-0.286,0.561,0.671,0.937,-0.323,-0.198,-0.023,0.847,0.667,0.903
25,A1_3,0.782,0.901,0.888,1.0,0.515,-0.035,-0.045,0.588,0.726,0.829,-0.154,0.13,0.113,0.86,0.642,0.719
25,B1_1,0.015,0.694,0.33,0.515,1.0,0.639,0.724,0.739,0.77,0.325,0.654,0.755,0.852,0.595,0.799,0.156
25,B1_2,-0.319,0.196,-0.283,-0.035,0.639,1.0,0.95,0.587,0.337,-0.222,0.96,0.83,0.831,0.127,0.273,-0.298
25,B1_3,-0.406,0.164,-0.286,-0.045,0.724,0.95,1.0,0.555,0.305,-0.213,0.967,0.921,0.903,0.06,0.37,-0.311
25,A2_1,0.423,0.695,0.561,0.588,0.739,0.587,0.555,1.0,0.779,0.547,0.566,0.472,0.689,0.734,0.773,0.529
25,A2_2,0.456,0.871,0.671,0.726,0.77,0.337,0.305,0.779,1.0,0.584,0.274,0.365,0.596,0.938,0.761,0.606
25,A2_3,0.876,0.782,0.937,0.829,0.325,-0.222,-0.213,0.547,0.584,1.0,-0.252,-0.193,0.015,0.762,0.742,0.831
25,B2_1,-0.432,0.105,-0.323,-0.154,0.654,0.96,0.967,0.566,0.274,-0.252,1.0,0.808,0.879,0.026,0.326,-0.345
25,B2_2,-0.345,0.257,-0.198,0.13,0.755,0.83,0.921,0.472,0.365,-0.193,0.808,1.0,0.837,0.135,0.333,-0.241
25,B2_3,-0.235,0.378,-0.023,0.113,0.852,0.831,0.903,0.689,0.596,0.015,0.879,0.837,1.0,0.335,0.611,-0.024
25,y1,0.713,0.922,0.847,0.86,0.595,0.127,0.06,0.734,0.938,0.762,0.026,0.135,0.335,1.0,0.715,0.783
25,y2,0.393,0.752,0.667,0.642,0.799,0.273,0.37,0.773,0.761,0.742,0.326,0.333,0.611,0.715,1.0,0.538
