,,.,A1_1,A1_2,A1_3,B1_1,B1_2,B1_3,A2_1,A2_2,A2_3,B2_1,B2_2,B2_3,y1,y2,y3
1,.,1.0,0.872,0.819,0.801,0.716,0.866,0.712,0.849,0.714,0.887,0.774,0.705,0.727,0.761,0.736,0.848
1,A1_1,0.872,1.0,0.757,0.727,0.7,0.857,0.642,0.794,0.621,0.797,0.727,0.793,0.704,0.804,0.779,0.891
1,A1_2,0.819,0.757,1.0,0.647,0.749,0.814,0.8,0.691,0.754,0.825,0.697,0.585,0.68,0.796,0.664,0.776
1,A1_3,0.801,0.727,0.647,1.0,0.55,0.729,0.483,0.831,0.708,0.872,0.682,0.688,0.543,0.627,0.64,0.67
1,B1_1,0.716,0.7,0.749,0.55,1.0,0.807,0.821,0.677,0.817,0.701,0.808,0.728,0.909,0.878,0.707,0.797
1,B1_2,0.866,0.857,0.814,0.729,0.807,1.0,0.724,0.832,0.684,0.785,0.756,0.687,0.802,0.798,0.758,0.887
1,B1_3,0.712,0.642,0.8,0.483,0.821,0.724,1.0,0.572,0.838,0.717,0.693,0.467,0.754,0.831,0.433,0.828
1,A2_1,0.849,0.794,0.691,0.831,0.677,0.832,0.572,1.0,0.694,0.855,0.616,0.799,0.69,0.746,0.753,0.763
1,A2_2,0.714,0.621,0.754,0.708,0.817,0.684,0.838,0.694,1.0,0.806,0.746,0.623,0.765,0.802,0.546,0.761
1,A2_3,0.887,0.797,0.825,0.872,0.701,0.785,0.717,0.855,0.806,1.0,0.7,0.667,0.649,0.807,0.61,0.78
1,B2_1,0.774,0.727,0.697,0.682,0.808,0.756,0.693,0.616,0.746,0.7,1.0,0.635,0.754,0.742,0.653,0.743
1,B2_2,0.705,0.793,0.585,0.688,0.728,0.687,0.467,0.799,0.623,0.667,0.635,1.0,0.749,0.773,0.857,0.704
1,B2_3,0.727,0.704,0.68,0.543,0.909,0.802,0.754,0.69,0.765,0.649,0.754,0.749,1.0,0.831,0.712,0.837
1,y1,0.761,0.804,0.796,0.627,0.878,0.798,0.831,0.746,0.802,0.807,0.742,0.773,0.831,1.0,0.656,0.845
1,y2,0.736,0.779,0.664,0.64,0.707,0.758,0.433,0.753,0.546,0.61,0.653,0.857,0.712,0.656,1.0,0.676
1,y3,0.848,0.891,0.776,0.67,0.797,0.887,0.828,0.763,0.761,0.78,0.743,0.704,0.837,0.845,0.676,1.0
2,.,1.0,0.874,0.813,0.799,0.705,0.863,0.705,0.85,0.707,0.885,0.77,0.703,0.719,0.754,0.734,0.845
2,A1_1,0.874,1.0,0.759,0.727,0.697,0.856,0.643,0.795,0.623,0.797,0.725,0.791,0.705,0.802,0.778,0.89
2,A1_2,0.813,0.759,1.0,0.644,0.746,0.813,0.798,0.69,0.754,0.824,0.695,0.586,0.678,0.796,0.664,0.776
2,A1_3,0.799,0.727,0.644,1.0,0.545,0.726,0.48,0.832,0.707,0.873,0.681,0.688,0.541,0.625,0.638,0.667
2,B1_1,0.705,0.697,0.746,0.545,1.0,0.808,0.823,0.673,0.819,0.696,0.809,0.728,0.91,0.878,0.705,0.797
2,B1_2,0.863,0.856,0.813,0.726,0.808,1.0,0.729,0.829,0.688,0.783,0.76,0.687,0.806,0.799,0.756,0.888
2,B1_3,0.705,0.643,0.798,0.48,0.823,0.729,1.0,0.571,0.84,0.714,0.696,0.47,0.758,0.833,0.434,0.831
2,A2_1,0.85,0.795,0.69,0.832,0.673,0.829,0.571,1.0,0.693,0.856,0.617,0.8,0.688,0.744,0.753,0.762
2,A2_2,0.707,0.623,0.754,0.707,0.819,0.688,0.84,0.693,1.0,0.805,0.748,0.628,0.768,0.805,0.548,0.763
2,A2_3,0.885,0.797,0.824,0.873,0.696,0.783,0.714,0.856,0.805,1.0,0.697,0.667,0.647,0.805,0.609,0.777
2,B2_1,0.77,0.725,0.695,0.681,0.809,0.76,0.696,0.617,0.748,0.697,1.0,0.637,0.758,0.743,0.652,0.743
2,B2_2,0.703,0.791,0.586,0.688,0.728,0.687,0.47,0.8,0.628,0.667,0.637,1.0,0.75,0.774,0.856,0.705
2,B2_3,0.719,0.705,0.678,0.541,0.91,0.806,0.758,0.688,0.768,0.647,0.758,0.75,1.0,0.832,0.712,0.839
2,y1,0.754,0.802,0.796,0.625,0.878,0.799,0.833,0.744,0.805,0.805,0.743,0.774,0.832,1.0,0.655,0.846
2,y2,0.734,0.778,0.664,0.638,0.705,0.756,0.434,0.753,0.548,0.609,0.652,0.856,0.712,0.655,1.0,0.675
2,y3,0.845,0.89,0.776,0.667,0.797,0.888,0.831,0.762,0.763,0.777,0.743,0.705,0.839,0.846,0.675,1.0
3,.,1.0,0.877,0.808,0.798,0.695,0.86,0.7,0.851,0.701,0.882,0.768,0.701,0.714,0.749,0.734,0.843
3,A1_1,0.877,1.0,0.762,0.728,0.696,0.856,0.647,0.798,0.628,0.798,0.726,0.791,0.708,0.801,0.779,0.889
3,A1_2,0.808,0.762,1.0,0.643,0.745,0.813,0.797,0.691,0.755,0.824,0.695,0.589,0.679,0.798,0.665,0.778
3,A1_3,0.798,0.728,0.643,1.0,0.544,0.724,0.482,0.834,0.708,0.874,0.681,0.689,0.542,0.626,0.638,0.667
3,B1_1,0.695,0.696,0.745,0.544,1.0,0.811,0.827,0.671,0.824,0.693,0.811,0.73,0.913,0.879,0.705,0.798
3,B1_2,0.86,0.856,0.813,0.724,0.811,1.0,0.736,0.827,0.695,0.782,0.766,0.69,0.812,0.801,0.757,0.89
3,B1_3,0.7,0.647,0.797,0.482,0.827,0.736,1.0,0.574,0.842,0.713,0.702,0.478,0.764,0.837,0.44,0.834
3,A2_1,0.851,0.798,0.691,0.834,0.671,0.827,0.574,1.0,0.695,0.857,0.62,0.802,0.689,0.743,0.754,0.762
3,A2_2,0.701,0.628,0.755,0.708,0.824,0.695,0.842,0.695,1.0,0.806,0.753,0.634,0.773,0.808,0.553,0.767
3,A2_3,0.882,0.798,0.824,0.874,0.693,0.782,0.713,0.857,0.806,1.0,0.697,0.669,0.647,0.804,0.609,0.776
3,B2_1,0.768,0.726,0.695,0.681,0.811,0.766,0.702,0.62,0.753,0.697,1.0,0.642,0.765,0.745,0.654,0.746
3,B2_2,0.701,0.791,0.589,0.689,0.73,0.69,0.478,0.802,0.634,0.669,0.642,1.0,0.753,0.777,0.857,0.708
3,B2_3,0.714,0.708,0.679,0.542,0.913,0.812,0.764,0.689,0.773,0.647,0.765,0.753,1.0,0.834,0.714,0.842
3,y1,0.749,0.801,0.798,0.626,0.879,0.801,0.837,0.743,0.808,0.804,0.745,0.777,0.834,1.0,0.657,0.847
3,y2,0.734,0.779,0.665,0.638,0.705,0.757,0.44,0.754,0.553,0.609,0.654,0.857,0.714,0.657,1.0,0.677
3,y3,0.843,0.889,0.778,0.667,0.798,0.89,0.834,0.762,0.767,0.776,0.746,0.708,0.842,0.847,0.677,1.0
4,.,1.0,0.879,0.805,0.798,0.688,0.857,0.695,0.853,0.697,0.881,0.767,0.702,0.71,0.744,0.735,0.84
4,A1_1,0.879,1.0,0.766,0.731,0.697,0.857,0.653,0.801,0.635,0.801,0.728,0.792,0.713,0.802,0.781,0.89
4,A1_2,0.805,0.766,1.0,0.644,0.745,0.814,0.798,0.693,0.758,0.824,0.696,0.595,0.681,0.8,0.669,0.78
4,A1_3,0.798,0.731,0.644,1.0,0.546,0.724,0.485,0.837,0.71,0.876,0.683,0.692,0.546,0.628,0.64,0.668
4,B1_1,0.688,0.697,0.745,0.546,1.0,0.815,0.832,0.671,0.828,0.692,0.815,0.735,0.916,0.881,0.707,0.8
4,B1_2,0.857,0.857,0.814,0.724,0.815,1.0,0.745,0.826,0.704,0.783,0.774,0.696,0.82,0.804,0.758,0.892
4,B1_3,0.695,0.653,0.798,0.485,0.832,0.745,1.0,0.577,0.845,0.714,0.71,0.489,0.772,0.84,0.448,0.838
4,A2_1,0.853,0.801,0.693,0.837,0.671,0.826,0.577,1.0,0.698,0.859,0.625,0.806,0.691,0.744,0.757,0.763
4,A2_2,0.697,0.635,0.758,0.71,0.828,0.704,0.845,0.698,1.0,0.807,0.758,0.643,0.778,0.813,0.56,0.771
4,A2_3,0.881,0.801,0.824,0.876,0.692,0.783,0.714,0.859,0.807,1.0,0.698,0.673,0.649,0.803,0.612,0.776
4,B2_1,0.767,0.728,0.696,0.683,0.815,0.774,0.71,0.625,0.758,0.698,1.0,0.649,0.772,0.749,0.659,0.75
4,B2_2,0.702,0.792,0.595,0.692,0.735,0.696,0.489,0.806,0.643,0.673,0.649,1.0,0.758,0.781,0.858,0.713
4,B2_3,0.71,0.713,0.681,0.546,0.916,0.82,0.772,0.691,0.778,0.649,0.772,0.758,1.0,0.837,0.718,0.846
4,y1,0.744,0.802,0.8,0.628,0.881,0.804,0.84,0.744,0.813,0.803,0.749,0.781,0.837,1.0,0.66,0.848
4,y2,0.735,0.781,0.669,0.64,0.707,0.758,0.448,0.757,0.56,0.612,0.659,0.858,0.718,0.66,1.0,0.681
4,y3,0.84,0.89,0.78,0.668,0.8,0.892,0.838,0.763,0.771,0.776,0.75,0.713,0.846,0.848,0.681,1.0
5,.,1.0,0.882,0.801,0.799,0.682,0.855,0.692,0.854,0.694,0.879,0.766,0.703,0.708,0.739,0.736,0.838
5,A1_1,0.882,1.0,0.77,0.735,0.7,0.858,0.659,0.805,0.643,0.804,0.732,0.794,0.719,0.803,0.783,0.89
5,A1_2,0.801,0.77,1.0,0.646,0.746,0.816,0.799,0.697,0.761,0.826,0.699,0.601,0.685,0.802,0.672,0.783
5,A1_3,0.799,0.735,0.646,1.0,0.55,0.724,0.491,0.84,0.714,0.879,0.686,0.696,0.551,0.63,0.643,0.67
5,B1_1,0.682,0.7,0.746,0.55,1.0,0.821,0.837,0.672,0.833,0.692,0.82,0.741,0.92,0.883,0.71,0.804
5,B1_2,0.855,0.858,0.816,0.724,0.821,1.0,0.754,0.825,0.713,0.783,0.783,0.702,0.828,0.808,0.761,0.894
5,B1_3,0.692,0.659,0.799,0.491,0.837,0.754,1.0,0.582,0.848,0.715,0.719,0.502,0.78,0.845,0.458,0.843
5,A2_1,0.854,0.805,0.697,0.84,0.672,0.825,0.582,1.0,0.702,0.862,0.631,0.809,0.694,0.744,0.759,0.765
5,A2_2,0.694,0.643,0.761,0.714,0.833,0.713,0.848,0.702,1.0,0.809,0.765,0.653,0.785,0.818,0.568,0.777
5,A2_3,0.879,0.804,0.826,0.879,0.692,0.783,0.715,0.862,0.809,1.0,0.7,0.677,0.652,0.803,0.616,0.776
5,B2_1,0.766,0.732,0.699,0.686,0.82,0.783,0.719,0.631,0.765,0.7,1.0,0.657,0.781,0.754,0.664,0.756
5,B2_2,0.703,0.794,0.601,0.696,0.741,0.702,0.502,0.809,0.653,0.677,0.657,1.0,0.764,0.786,0.859,0.719
5,B2_3,0.708,0.719,0.685,0.551,0.92,0.828,0.78,0.694,0.785,0.652,0.781,0.764,1.0,0.841,0.723,0.85
5,y1,0.739,0.803,0.802,0.63,0.883,0.808,0.845,0.744,0.818,0.803,0.754,0.786,0.841,1.0,0.665,0.851
5,y2,0.736,0.783,0.672,0.643,0.71,0.761,0.458,0.759,0.568,0.616,0.664,0.859,0.723,0.665,1.0,0.686
5,y3,0.838,0.89,0.783,0.67,0.804,0.894,0.843,0.765,0.777,0.776,0.756,0.719,0.85,0.851,0.686,1.0
6,.,1.0,0.883,0.798,0.8,0.676,0.852,0.69,0.856,0.691,0.878,0.766,0.703,0.706,0.734,0.737,0.835
6,A1_1,0.883,1.0,0.775,0.739,0.704,0.86,0.667,0.808,0.651,0.806,0.736,0.797,0.725,0.805,0.786,0.891
6,A1_2,0.798,0.775,1.0,0.65,0.748,0.817,0.801,0.701,0.765,0.827,0.702,0.608,0.689,0.805,0.677,0.786
6,A1_3,0.8,0.739,0.65,1.0,0.555,0.725,0.497,0.844,0.718,0.881,0.69,0.7,0.557,0.633,0.645,0.673
6,B1_1,0.676,0.704,0.748,0.555,1.0,0.827,0.842,0.673,0.839,0.693,0.826,0.748,0.923,0.886,0.714,0.808
6,B1_2,0.852,0.86,0.817,0.725,0.827,1.0,0.764,0.825,0.723,0.784,0.792,0.709,0.836,0.812,0.764,0.897
6,B1_3,0.69,0.667,0.801,0.497,0.842,0.764,1.0,0.588,0.851,0.716,0.728,0.516,0.789,0.849,0.47,0.848
6,A2_1,0.856,0.808,0.701,0.844,0.673,0.825,0.588,1.0,0.707,0.864,0.637,0.812,0.697,0.745,0.761,0.766
6,A2_2,0.691,0.651,0.765,0.718,0.839,0.723,0.851,0.707,1.0,0.811,0.771,0.664,0.791,0.823,0.577,0.782
6,A2_3,0.878,0.806,0.827,0.881,0.693,0.784,0.716,0.864,0.811,1.0,0.703,0.681,0.655,0.802,0.62,0.776
6,B2_1,0.766,0.736,0.702,0.69,0.826,0.792,0.728,0.637,0.771,0.703,1.0,0.666,0.789,0.759,0.671,0.761
6,B2_2,0.703,0.797,0.608,0.7,0.748,0.709,0.516,0.812,0.664,0.681,0.666,1.0,0.77,0.791,0.861,0.726
6,B2_3,0.706,0.725,0.689,0.557,0.923,0.836,0.789,0.697,0.791,0.655,0.789,0.77,1.0,0.844,0.728,0.855
6,y1,0.734,0.805,0.805,0.633,0.886,0.812,0.849,0.745,0.823,0.802,0.759,0.791,0.844,1.0,0.67,0.853
6,y2,0.737,0.786,0.677,0.645,0.714,0.764,0.47,0.761,0.577,0.62,0.671,0.861,0.728,0.67,1.0,0.691
6,y3,0.835,0.891,0.786,0.673,0.808,0.897,0.848,0.766,0.782,0.776,0.761,0.726,0.855,0.853,0.691,1.0
7,.,1.0,0.885,0.795,0.801,0.67,0.849,0.687,0.857,0.688,0.876,0.765,0.703,0.703,0.728,0.738,0.832
7,A1_1,0.885,1.0,0.78,0.743,0.708,0.862,0.673,0.812,0.659,0.809,0.741,0.799,0.731,0.807,0.789,0.892
7,A1_2,0.795,0.78,1.0,0.653,0.749,0.819,0.802,0.704,0.768,0.828,0.705,0.615,0.692,0.807,0.681,0.788
7,A1_3,0.801,0.743,0.653,1.0,0.558,0.726,0.503,0.847,0.721,0.884,0.693,0.704,0.562,0.636,0.648,0.674
7,B1_1,0.67,0.708,0.749,0.558,1.0,0.834,0.848,0.674,0.843,0.693,0.831,0.755,0.927,0.889,0.718,0.812
7,B1_2,0.849,0.862,0.819,0.726,0.834,1.0,0.773,0.823,0.732,0.784,0.801,0.717,0.844,0.817,0.767,0.9
7,B1_3,0.687,0.673,0.802,0.503,0.848,0.773,1.0,0.592,0.854,0.717,0.737,0.529,0.797,0.853,0.481,0.852
7,A2_1,0.857,0.812,0.704,0.847,0.674,0.823,0.592,1.0,0.711,0.867,0.643,0.815,0.699,0.745,0.764,0.767
7,A2_2,0.688,0.659,0.768,0.721,0.843,0.732,0.854,0.711,1.0,0.813,0.778,0.674,0.797,0.827,0.586,0.787
7,A2_3,0.876,0.809,0.828,0.884,0.693,0.784,0.717,0.867,0.813,1.0,0.705,0.685,0.657,0.801,0.624,0.776
7,B2_1,0.765,0.741,0.705,0.693,0.831,0.801,0.737,0.643,0.778,0.705,1.0,0.676,0.798,0.764,0.677,0.767
7,B2_2,0.703,0.799,0.615,0.704,0.755,0.717,0.529,0.815,0.674,0.685,0.676,1.0,0.776,0.796,0.862,0.733
7,B2_3,0.703,0.731,0.692,0.562,0.927,0.844,0.797,0.699,0.797,0.657,0.798,0.776,1.0,0.848,0.733,0.859
7,y1,0.728,0.807,0.807,0.636,0.889,0.817,0.853,0.745,0.827,0.801,0.764,0.796,0.848,1.0,0.675,0.855
7,y2,0.738,0.789,0.681,0.648,0.718,0.767,0.481,0.764,0.586,0.624,0.677,0.862,0.733,0.675,1.0,0.697
7,y3,0.832,0.892,0.788,0.674,0.812,0.9,0.852,0.767,0.787,0.776,0.767,0.733,0.859,0.855,0.697,1.0
8,.,1.0,0.885,0.791,0.801,0.663,0.845,0.682,0.857,0.684,0.874,0.762,0.702,0.699,0.72,0.738,0.828
8,A1_1,0.885,1.0,0.784,0.746,0.712,0.863,0.68,0.815,0.667,0.811,0.745,0.802,0.736,0.808,0.792,0.893
8,A1_2,0.791,0.784,1.0,0.656,0.75,0.82,0.802,0.707,0.771,0.829,0.708,0.621,0.694,0.809,0.685,0.79
8,A1_3,0.801,0.746,0.656,1.0,0.561,0.725,0.507,0.85,0.724,0.886,0.694,0.707,0.565,0.637,0.651,0.675
8,B1_1,0.663,0.712,0.75,0.561,1.0,0.839,0.853,0.674,0.847,0.693,0.836,0.761,0.929,0.891,0.721,0.815
8,B1_2,0.845,0.863,0.82,0.725,0.839,1.0,0.782,0.822,0.741,0.784,0.809,0.724,0.851,0.82,0.769,0.902
8,B1_3,0.682,0.68,0.802,0.507,0.853,0.782,1.0,0.596,0.857,0.717,0.745,0.542,0.805,0.856,0.492,0.856
8,A2_1,0.857,0.815,0.707,0.85,0.674,0.822,0.596,1.0,0.714,0.869,0.648,0.817,0.699,0.744,0.765,0.767
8,A2_2,0.684,0.667,0.771,0.724,0.847,0.741,0.857,0.714,1.0,0.814,0.784,0.683,0.803,0.831,0.594,0.791
8,A2_3,0.874,0.811,0.829,0.886,0.693,0.784,0.717,0.869,0.814,1.0,0.706,0.688,0.658,0.799,0.627,0.775
8,B2_1,0.762,0.745,0.708,0.694,0.836,0.809,0.745,0.648,0.784,0.706,1.0,0.685,0.806,0.769,0.683,0.772
8,B2_2,0.702,0.802,0.621,0.707,0.761,0.724,0.542,0.817,0.683,0.688,0.685,1.0,0.782,0.801,0.864,0.739
8,B2_3,0.699,0.736,0.694,0.565,0.929,0.851,0.805,0.699,0.803,0.658,0.806,0.782,1.0,0.85,0.737,0.863
8,y1,0.72,0.808,0.809,0.637,0.891,0.82,0.856,0.744,0.831,0.799,0.769,0.801,0.85,1.0,0.679,0.857
8,y2,0.738,0.792,0.685,0.651,0.721,0.769,0.492,0.765,0.594,0.627,0.683,0.864,0.737,0.679,1.0,0.702
8,y3,0.828,0.893,0.79,0.675,0.815,0.902,0.856,0.767,0.791,0.775,0.772,0.739,0.863,0.857,0.702,1.0
9,.,1.0,0.885,0.787,0.801,0.655,0.839,0.677,0.857,0.68,0.871,0.759,0.7,0.694,0.712,0.737,0.822
9,A1_1,0.885,1.0,0.787,0.748,0.715,0.864,0.685,0.817,0.673,0.812,0.748,0.804,0.74,0.809,0.794,0.893
9,A1_2,0.787,0.787,1.0,0.658,0.75,0.82,0.802,0.709,0.773,0.83,0.71,0.626,0.696,0.81,0.688,0.791
9,A1_3,0.801,0.748,0.658,1.0,0.563,0.724,0.511,0.853,0.727,0.889,0.695,0.709,0.568,0.637,0.652,0.675
9,B1_1,0.655,0.715,0.75,0.563,1.0,0.845,0.857,0.673,0.851,0.691,0.841,0.767,0.932,0.893,0.724,0.818
9,B1_2,0.839,0.864,0.82,0.724,0.845,1.0,0.79,0.819,0.749,0.782,0.817,0.73,0.858,0.824,0.771,0.904
9,B1_3,0.677,0.685,0.802,0.511,0.857,0.79,1.0,0.598,0.86,0.715,0.753,0.554,0.812,0.86,0.501,0.859
9,A2_1,0.857,0.817,0.709,0.853,0.673,0.819,0.598,1.0,0.716,0.87,0.651,0.818,0.699,0.743,0.766,0.767
9,A2_2,0.68,0.673,0.773,0.727,0.851,0.749,0.86,0.716,1.0,0.815,0.79,0.692,0.807,0.834,0.601,0.795
9,A2_3,0.871,0.812,0.83,0.889,0.691,0.782,0.715,0.87,0.815,1.0,0.707,0.691,0.658,0.797,0.629,0.772
9,B2_1,0.759,0.748,0.71,0.695,0.841,0.817,0.753,0.651,0.79,0.707,1.0,0.693,0.813,0.773,0.688,0.777
9,B2_2,0.7,0.804,0.626,0.709,0.767,0.73,0.554,0.818,0.692,0.691,0.693,1.0,0.787,0.806,0.865,0.745
9,B2_3,0.694,0.74,0.696,0.568,0.932,0.858,0.812,0.699,0.807,0.658,0.813,0.787,1.0,0.853,0.74,0.866
9,y1,0.712,0.809,0.81,0.637,0.893,0.824,0.86,0.743,0.834,0.797,0.773,0.806,0.853,1.0,0.683,0.859
9,y2,0.737,0.794,0.688,0.652,0.724,0.771,0.501,0.766,0.601,0.629,0.688,0.865,0.74,0.683,1.0,0.706
9,y3,0.822,0.893,0.791,0.675,0.818,0.904,0.859,0.767,0.795,0.772,0.777,0.745,0.866,0.859,0.706,1.0
10,.,1.0,0.883,0.782,0.801,0.645,0.833,0.669,0.857,0.673,0.868,0.754,0.696,0.687,0.702,0.735,0.816
10,A1_1,0.883,1.0,0.79,0.75,0.717,0.864,0.69,0.818,0.679,0.812,0.751,0.806,0.744,0.809,0.796,0.894
10,A1_2,0.782,0.79,1.0,0.66,0.749,0.819,0.802,0.71,0.775,0.83,0.711,0.63,0.696,0.81,0.69,0.792
10,A1_3,0.801,0.75,0.66,1.0,0.562,0.722,0.512,0.855,0.728,0.891,0.695,0.71,0.568,0.636,0.653,0.674
10,B1_1,0.645,0.717,0.749,0.562,1.0,0.85,0.861,0.671,0.854,0.687,0.846,0.773,0.934,0.895,0.726,0.82
10,B1_2,0.833,0.864,0.819,0.722,0.85,1.0,0.798,0.816,0.755,0.779,0.825,0.736,0.864,0.827,0.773,0.905
10,B1_3,0.669,0.69,0.802,0.512,0.861,0.798,1.0,0.599,0.862,0.713,0.76,0.565,0.818,0.862,0.509,0.862
10,A2_1,0.857,0.818,0.71,0.855,0.671,0.816,0.599,1.0,0.718,0.871,0.653,0.818,0.698,0.741,0.767,0.765
10,A2_2,0.673,0.679,0.775,0.728,0.854,0.755,0.862,0.718,1.0,0.814,0.795,0.7,0.811,0.837,0.607,0.798
10,A2_3,0.868,0.812,0.83,0.891,0.687,0.779,0.713,0.871,0.814,1.0,0.705,0.691,0.656,0.793,0.63,0.769
10,B2_1,0.754,0.751,0.711,0.695,0.846,0.825,0.76,0.653,0.795,0.705,1.0,0.7,0.82,0.777,0.692,0.781
10,B2_2,0.696,0.806,0.63,0.71,0.773,0.736,0.565,0.818,0.7,0.691,0.7,1.0,0.792,0.81,0.866,0.75
10,B2_3,0.687,0.744,0.696,0.568,0.934,0.864,0.818,0.698,0.811,0.656,0.82,0.792,1.0,0.855,0.743,0.868
10,y1,0.702,0.809,0.81,0.636,0.895,0.827,0.862,0.741,0.837,0.793,0.777,0.81,0.855,1.0,0.687,0.86
10,y2,0.735,0.796,0.69,0.653,0.726,0.773,0.509,0.767,0.607,0.63,0.692,0.866,0.743,0.687,1.0,0.71
10,y3,0.816,0.894,0.792,0.674,0.82,0.905,0.862,0.765,0.798,0.769,0.781,0.75,0.868,0.86,0.71,1.0
11,.,1.0,0.881,0.776,0.8,0.633,0.825,0.66,0.856,0.666,0.864,0.748,0.692,0.679,0.691,0.732,0.808
11,A1_1,0.881,1.0,0.792,0.751,0.718,0.864,0.693,0.82,0.684,0.812,0.752,0.807,0.746,0.809,0.798,0.894
11,A1_2,0.776,0.792,1.0,0.661,0.747,0.818,0.8,0.711,0.776,0.83,0.71,0.634,0.695,0.809,0.692,0.792
11,A1_3,0.8,0.751,0.661,1.0,0.561,0.718,0.512,0.857,0.729,0.893,0.693,0.71,0.567,0.635,0.652,0.672
11,B1_1,0.633,0.718,0.747,0.561,1.0,0.854,0.865,0.667,0.856,0.682,0.85,0.778,0.937,0.896,0.727,0.822
11,B1_2,0.825,0.864,0.818,0.718,0.854,1.0,0.805,0.812,0.761,0.775,0.831,0.741,0.87,0.829,0.774,0.906
11,B1_3,0.66,0.693,0.8,0.512,0.865,0.805,1.0,0.599,0.863,0.709,0.767,0.575,0.824,0.864,0.516,0.864
11,A2_1,0.856,0.82,0.711,0.857,0.667,0.812,0.599,1.0,0.718,0.872,0.654,0.818,0.695,0.738,0.766,0.763
11,A2_2,0.666,0.684,0.776,0.729,0.856,0.761,0.863,0.718,1.0,0.813,0.799,0.707,0.814,0.84,0.611,0.801
11,A2_3,0.864,0.812,0.83,0.893,0.682,0.775,0.709,0.872,0.813,1.0,0.703,0.692,0.653,0.788,0.629,0.765
11,B2_1,0.748,0.752,0.71,0.693,0.85,0.831,0.767,0.654,0.799,0.703,1.0,0.707,0.826,0.78,0.696,0.784
11,B2_2,0.692,0.807,0.634,0.71,0.778,0.741,0.575,0.818,0.707,0.692,0.707,1.0,0.796,0.814,0.866,0.755
11,B2_3,0.679,0.746,0.695,0.567,0.937,0.87,0.824,0.695,0.814,0.653,0.826,0.796,1.0,0.856,0.745,0.87
11,y1,0.691,0.809,0.809,0.635,0.896,0.829,0.864,0.738,0.84,0.788,0.78,0.814,0.856,1.0,0.689,0.861
11,y2,0.732,0.798,0.692,0.652,0.727,0.774,0.516,0.766,0.611,0.629,0.696,0.866,0.745,0.689,1.0,0.713
11,y3,0.808,0.894,0.792,0.672,0.822,0.906,0.864,0.763,0.801,0.765,0.784,0.755,0.87,0.861,0.713,1.0
12,.,1.0,0.878,0.769,0.798,0.62,0.815,0.65,0.854,0.657,0.86,0.739,0.684,0.669,0.678,0.727,0.799
12,A1_1,0.878,1.0,0.793,0.751,0.719,0.864,0.696,0.82,0.688,0.811,0.753,0.807,0.747,0.809,0.798,0.894
12,A1_2,0.769,0.793,1.0,0.661,0.744,0.815,0.797,0.71,0.776,0.829,0.709,0.635,0.693,0.807,0.692,0.79
12,A1_3,0.798,0.751,0.661,1.0,0.557,0.714,0.511,0.859,0.729,0.894,0.689,0.708,0.565,0.631,0.65,0.669
12,B1_1,0.62,0.719,0.744,0.557,1.0,0.858,0.868,0.662,0.858,0.675,0.854,0.782,0.938,0.897,0.727,0.823
12,B1_2,0.815,0.864,0.815,0.714,0.858,1.0,0.811,0.807,0.767,0.77,0.837,0.745,0.875,0.83,0.774,0.907
12,B1_3,0.65,0.696,0.797,0.511,0.868,0.811,1.0,0.597,0.865,0.704,0.773,0.584,0.83,0.866,0.521,0.865
12,A2_1,0.854,0.82,0.71,0.859,0.662,0.807,0.597,1.0,0.718,0.872,0.653,0.816,0.691,0.733,0.764,0.76
12,A2_2,0.657,0.688,0.776,0.729,0.858,0.767,0.865,0.718,1.0,0.812,0.803,0.713,0.817,0.841,0.615,0.802
12,A2_3,0.86,0.811,0.829,0.894,0.675,0.77,0.704,0.872,0.812,1.0,0.698,0.69,0.647,0.782,0.627,0.76
12,B2_1,0.739,0.753,0.709,0.689,0.854,0.837,0.773,0.653,0.803,0.698,1.0,0.713,0.832,0.783,0.698,0.786
12,B2_2,0.684,0.807,0.635,0.708,0.782,0.745,0.584,0.816,0.713,0.69,0.713,1.0,0.799,0.817,0.866,0.759
12,B2_3,0.669,0.747,0.693,0.565,0.938,0.875,0.83,0.691,0.817,0.647,0.832,0.799,1.0,0.857,0.745,0.871
12,y1,0.678,0.809,0.807,0.631,0.897,0.83,0.866,0.733,0.841,0.782,0.783,0.817,0.857,1.0,0.691,0.861
12,y2,0.727,0.798,0.692,0.65,0.727,0.774,0.521,0.764,0.615,0.627,0.698,0.866,0.745,0.691,1.0,0.715
12,y3,0.799,0.894,0.79,0.669,0.823,0.907,0.865,0.76,0.802,0.76,0.786,0.759,0.871,0.861,0.715,1.0
13,.,1.0,0.874,0.76,0.795,0.604,0.804,0.637,0.852,0.646,0.855,0.728,0.675,0.657,0.662,0.721,0.788
13,A1_1,0.874,1.0,0.794,0.75,0.718,0.863,0.697,0.819,0.691,0.809,0.753,0.807,0.747,0.807,0.798,0.893
13,A1_2,0.76,0.794,1.0,0.66,0.74,0.812,0.794,0.709,0.775,0.828,0.706,0.635,0.689,0.804,0.691,0.788
13,A1_3,0.795,0.75,0.66,1.0,0.552,0.707,0.507,0.86,0.727,0.895,0.684,0.705,0.56,0.626,0.646,0.664
13,B1_1,0.604,0.718,0.74,0.552,1.0,0.862,0.871,0.655,0.86,0.667,0.857,0.785,0.94,0.898,0.726,0.823
13,B1_2,0.804,0.863,0.812,0.707,0.862,1.0,0.816,0.801,0.771,0.762,0.842,0.748,0.879,0.831,0.773,0.907
13,B1_3,0.637,0.697,0.794,0.507,0.871,0.816,1.0,0.593,0.865,0.697,0.778,0.591,0.834,0.867,0.525,0.866
13,A2_1,0.852,0.819,0.709,0.86,0.655,0.801,0.593,1.0,0.716,0.872,0.65,0.813,0.685,0.727,0.761,0.755
13,A2_2,0.646,0.691,0.775,0.727,0.86,0.771,0.865,0.716,1.0,0.809,0.806,0.717,0.819,0.843,0.616,0.803
13,A2_3,0.855,0.809,0.828,0.895,0.667,0.762,0.697,0.872,0.809,1.0,0.692,0.686,0.64,0.775,0.623,0.753
13,B2_1,0.728,0.753,0.706,0.684,0.857,0.842,0.778,0.65,0.806,0.692,1.0,0.717,0.836,0.784,0.698,0.788
13,B2_2,0.675,0.807,0.635,0.705,0.785,0.748,0.591,0.813,0.717,0.686,0.717,1.0,0.801,0.82,0.866,0.762
13,B2_3,0.657,0.747,0.689,0.56,0.94,0.879,0.834,0.685,0.819,0.64,0.836,0.801,1.0,0.857,0.745,0.872
13,y1,0.662,0.807,0.804,0.626,0.898,0.831,0.867,0.727,0.843,0.775,0.784,0.82,0.857,1.0,0.691,0.861
13,y2,0.721,0.798,0.691,0.646,0.726,0.773,0.525,0.761,0.616,0.623,0.698,0.866,0.745,0.691,1.0,0.717
13,y3,0.788,0.893,0.788,0.664,0.823,0.907,0.866,0.755,0.803,0.753,0.788,0.762,0.872,0.861,0.717,1.0
14,.,1.0,0.869,0.751,0.791,0.585,0.792,0.622,0.848,0.633,0.848,0.715,0.664,0.642,0.645,0.713,0.776
14,A1_1,0.869,1.0,0.793,0.748,0.715,0.861,0.698,0.818,0.692,0.806,0.751,0.806,0.746,0.805,0.797,0.892
14,A1_2,0.751,0.793,1.0,0.659,0.734,0.807,0.788,0.706,0.773,0.826,0.702,0.634,0.683,0.8,0.688,0.785
14,A1_3,0.791,0.748,0.659,1.0,0.544,0.7,0.502,0.86,0.725,0.896,0.677,0.701,0.553,0.619,0.642,0.658
14,B1_1,0.585,0.715,0.734,0.544,1.0,0.864,0.873,0.646,0.86,0.656,0.86,0.788,0.941,0.898,0.724,0.823
14,B1_2,0.792,0.861,0.807,0.7,0.864,1.0,0.821,0.793,0.774,0.753,0.847,0.751,0.883,0.832,0.772,0.907
14,B1_3,0.622,0.698,0.788,0.502,0.873,0.821,1.0,0.587,0.865,0.688,0.783,0.597,0.839,0.868,0.527,0.867
14,A2_1,0.848,0.818,0.706,0.86,0.646,0.793,0.587,1.0,0.713,0.872,0.645,0.809,0.677,0.72,0.757,0.75
14,A2_2,0.633,0.692,0.773,0.725,0.86,0.774,0.865,0.713,1.0,0.805,0.808,0.721,0.82,0.843,0.617,0.804
14,A2_3,0.848,0.806,0.826,0.896,0.656,0.753,0.688,0.872,0.805,1.0,0.684,0.681,0.63,0.766,0.617,0.745
14,B2_1,0.715,0.751,0.702,0.677,0.86,0.847,0.783,0.645,0.808,0.684,1.0,0.721,0.841,0.785,0.698,0.789
14,B2_2,0.664,0.806,0.634,0.701,0.788,0.751,0.597,0.809,0.721,0.681,0.721,1.0,0.803,0.823,0.865,0.764
14,B2_3,0.642,0.746,0.683,0.553,0.941,0.883,0.839,0.677,0.82,0.63,0.841,0.803,1.0,0.856,0.743,0.872
14,y1,0.645,0.805,0.8,0.619,0.898,0.832,0.868,0.72,0.843,0.766,0.785,0.823,0.856,1.0,0.691,0.861
14,y2,0.713,0.797,0.688,0.642,0.724,0.772,0.527,0.757,0.617,0.617,0.698,0.865,0.743,0.691,1.0,0.717
14,y3,0.776,0.892,0.785,0.658,0.823,0.907,0.867,0.75,0.804,0.745,0.789,0.764,0.872,0.861,0.717,1.0
15,.,1.0,0.862,0.74,0.786,0.563,0.776,0.603,0.844,0.618,0.841,0.7,0.65,0.625,0.624,0.704,0.761
15,A1_1,0.862,1.0,0.792,0.745,0.712,0.858,0.696,0.816,0.693,0.802,0.749,0.805,0.744,0.802,0.796,0.891
15,A1_2,0.74,0.792,1.0,0.656,0.726,0.801,0.782,0.702,0.77,0.823,0.696,0.631,0.676,0.795,0.685,0.78
15,A1_3,0.786,0.745,0.656,1.0,0.534,0.69,0.493,0.861,0.72,0.897,0.668,0.695,0.543,0.611,0.636,0.649
15,B1_1,0.563,0.712,0.726,0.534,1.0,0.867,0.875,0.634,0.86,0.643,0.862,0.79,0.942,0.898,0.72,0.822
15,B1_2,0.776,0.858,0.801,0.69,0.867,1.0,0.825,0.784,0.776,0.742,0.851,0.752,0.886,0.831,0.769,0.906
15,B1_3,0.603,0.696,0.782,0.493,0.875,0.825,1.0,0.579,0.865,0.676,0.787,0.602,0.842,0.868,0.526,0.866
15,A2_1,0.844,0.816,0.702,0.861,0.634,0.784,0.579,1.0,0.709,0.87,0.638,0.804,0.667,0.712,0.752,0.742
15,A2_2,0.618,0.693,0.77,0.72,0.86,0.776,0.865,0.709,1.0,0.799,0.81,0.724,0.82,0.843,0.616,0.803
15,A2_3,0.841,0.802,0.823,0.897,0.643,0.742,0.676,0.87,0.799,1.0,0.673,0.674,0.617,0.756,0.61,0.735
15,B2_1,0.7,0.749,0.696,0.668,0.862,0.851,0.787,0.638,0.81,0.673,1.0,0.724,0.845,0.785,0.697,0.789
15,B2_2,0.65,0.805,0.631,0.695,0.79,0.752,0.602,0.804,0.724,0.674,0.724,1.0,0.803,0.825,0.863,0.765
15,B2_3,0.625,0.744,0.676,0.543,0.942,0.886,0.842,0.667,0.82,0.617,0.845,0.803,1.0,0.855,0.74,0.871
15,y1,0.624,0.802,0.795,0.611,0.898,0.831,0.868,0.712,0.843,0.756,0.785,0.825,0.855,1.0,0.689,0.86
15,y2,0.704,0.796,0.685,0.636,0.72,0.769,0.526,0.752,0.616,0.61,0.697,0.863,0.74,0.689,1.0,0.716
15,y3,0.761,0.891,0.78,0.649,0.822,0.906,0.866,0.742,0.803,0.735,0.789,0.765,0.871,0.86,0.716,1.0
16,.,1.0,0.854,0.727,0.781,0.537,0.758,0.581,0.84,0.6,0.833,0.682,0.634,0.604,0.601,0.693,0.745
16,A1_1,0.854,1.0,0.789,0.742,0.707,0.854,0.694,0.813,0.692,0.797,0.745,0.802,0.74,0.798,0.794,0.889
16,A1_2,0.727,0.789,1.0,0.653,0.716,0.793,0.773,0.698,0.766,0.82,0.688,0.626,0.666,0.788,0.68,0.773
16,A1_3,0.781,0.742,0.653,1.0,0.521,0.678,0.482,0.861,0.715,0.897,0.658,0.687,0.531,0.6,0.629,0.64
16,B1_1,0.537,0.707,0.716,0.521,1.0,0.869,0.877,0.621,0.859,0.627,0.865,0.791,0.943,0.897,0.715,0.819
16,B1_2,0.758,0.854,0.793,0.678,0.869,1.0,0.828,0.773,0.778,0.729,0.855,0.753,0.889,0.83,0.765,0.905
16,B1_3,0.581,0.694,0.773,0.482,0.877,0.828,1.0,0.568,0.864,0.662,0.791,0.606,0.845,0.868,0.524,0.865
16,A2_1,0.84,0.813,0.698,0.861,0.621,0.773,0.568,1.0,0.703,0.869,0.63,0.797,0.655,0.701,0.747,0.734
16,A2_2,0.6,0.692,0.766,0.715,0.859,0.778,0.864,0.703,1.0,0.792,0.811,0.726,0.819,0.842,0.613,0.801
16,A2_3,0.833,0.797,0.82,0.897,0.627,0.729,0.662,0.869,0.792,1.0,0.661,0.665,0.602,0.743,0.601,0.723
16,B2_1,0.682,0.745,0.688,0.658,0.865,0.855,0.791,0.63,0.811,0.661,1.0,0.726,0.848,0.785,0.694,0.788
16,B2_2,0.634,0.802,0.626,0.687,0.791,0.753,0.606,0.797,0.726,0.665,0.726,1.0,0.804,0.826,0.861,0.766
16,B2_3,0.604,0.74,0.666,0.531,0.943,0.889,0.845,0.655,0.819,0.602,0.848,0.804,1.0,0.854,0.736,0.869
16,y1,0.601,0.798,0.788,0.6,0.897,0.83,0.868,0.701,0.842,0.743,0.785,0.826,0.854,1.0,0.686,0.858
16,y2,0.693,0.794,0.68,0.629,0.715,0.765,0.524,0.747,0.613,0.601,0.694,0.861,0.736,0.686,1.0,0.715
16,y3,0.745,0.889,0.773,0.64,0.819,0.905,0.865,0.734,0.801,0.723,0.788,0.766,0.869,0.858,0.715,1.0
17,.,1.0,0.845,0.713,0.775,0.509,0.738,0.557,0.834,0.58,0.824,0.662,0.616,0.58,0.575,0.68,0.726
17,A1_1,0.845,1.0,0.786,0.737,0.7,0.85,0.69,0.81,0.691,0.791,0.74,0.799,0.735,0.794,0.792,0.887
17,A1_2,0.713,0.786,1.0,0.649,0.705,0.784,0.763,0.692,0.761,0.816,0.679,0.62,0.654,0.781,0.675,0.766
17,A1_3,0.775,0.737,0.649,1.0,0.506,0.665,0.47,0.861,0.709,0.898,0.645,0.678,0.516,0.588,0.62,0.628
17,B1_1,0.509,0.7,0.705,0.506,1.0,0.871,0.879,0.605,0.858,0.608,0.866,0.791,0.943,0.896,0.709,0.816
17,B1_2,0.738,0.85,0.784,0.665,0.871,1.0,0.831,0.761,0.779,0.714,0.858,0.753,0.892,0.829,0.76,0.903
17,B1_3,0.557,0.69,0.763,0.47,0.879,0.831,1.0,0.556,0.862,0.646,0.794,0.609,0.848,0.867,0.521,0.864
17,A2_1,0.834,0.81,0.692,0.861,0.605,0.761,0.556,1.0,0.696,0.867,0.619,0.789,0.641,0.689,0.74,0.724
17,A2_2,0.58,0.691,0.761,0.709,0.858,0.779,0.862,0.696,1.0,0.784,0.812,0.728,0.818,0.841,0.61,0.799
17,A2_3,0.824,0.791,0.816,0.898,0.608,0.714,0.646,0.867,0.784,1.0,0.646,0.654,0.584,0.729,0.591,0.71
17,B2_1,0.662,0.74,0.679,0.645,0.866,0.858,0.794,0.619,0.812,0.646,1.0,0.728,0.851,0.784,0.69,0.786
17,B2_2,0.616,0.799,0.62,0.678,0.791,0.753,0.609,0.789,0.728,0.654,0.728,1.0,0.803,0.827,0.859,0.766
17,B2_3,0.58,0.735,0.654,0.516,0.943,0.892,0.848,0.641,0.818,0.584,0.851,0.803,1.0,0.851,0.731,0.867
17,y1,0.575,0.794,0.781,0.588,0.896,0.829,0.867,0.689,0.841,0.729,0.784,0.827,0.851,1.0,0.682,0.856
17,y2,0.68,0.792,0.675,0.62,0.709,0.76,0.521,0.74,0.61,0.591,0.69,0.859,0.731,0.682,1.0,0.713
17,y3,0.726,0.887,0.766,0.628,0.816,0.903,0.864,0.724,0.799,0.71,0.786,0.766,0.867,0.856,0.713,1.0
18,.,1.0,0.835,0.698,0.768,0.477,0.715,0.53,0.829,0.558,0.815,0.638,0.596,0.554,0.547,0.667,0.706
18,A1_1,0.835,1.0,0.782,0.732,0.692,0.845,0.685,0.806,0.688,0.784,0.734,0.796,0.729,0.789,0.788,0.884
18,A1_2,0.698,0.782,1.0,0.644,0.692,0.773,0.751,0.686,0.754,0.811,0.668,0.612,0.641,0.771,0.668,0.758
18,A1_3,0.768,0.732,0.644,1.0,0.488,0.649,0.455,0.86,0.701,0.898,0.63,0.668,0.5,0.575,0.611,0.616
18,B1_1,0.477,0.692,0.692,0.488,1.0,0.872,0.88,0.587,0.856,0.587,0.868,0.792,0.944,0.894,0.701,0.812
18,B1_2,0.715,0.845,0.773,0.649,0.872,1.0,0.834,0.747,0.779,0.697,0.861,0.753,0.895,0.827,0.755,0.901
18,B1_3,0.53,0.685,0.751,0.455,0.88,0.834,1.0,0.541,0.86,0.628,0.797,0.611,0.851,0.865,0.516,0.861
18,A2_1,0.829,0.806,0.686,0.86,0.587,0.747,0.541,1.0,0.688,0.865,0.606,0.78,0.624,0.676,0.732,0.713
18,A2_2,0.558,0.688,0.754,0.701,0.856,0.779,0.86,0.688,1.0,0.775,0.812,0.729,0.816,0.839,0.605,0.796
18,A2_3,0.815,0.784,0.811,0.898,0.587,0.697,0.628,0.865,0.775,1.0,0.629,0.642,0.564,0.714,0.579,0.695
18,B2_1,0.638,0.734,0.668,0.63,0.868,0.861,0.797,0.606,0.812,0.629,1.0,0.729,0.854,0.782,0.685,0.783
18,B2_2,0.596,0.796,0.612,0.668,0.792,0.753,0.611,0.78,0.729,0.642,0.729,1.0,0.802,0.828,0.856,0.766
18,B2_3,0.554,0.729,0.641,0.5,0.944,0.895,0.851,0.624,0.816,0.564,0.854,0.802,1.0,0.849,0.724,0.864
18,y1,0.547,0.789,0.771,0.575,0.894,0.827,0.865,0.676,0.839,0.714,0.782,0.828,0.849,1.0,0.678,0.853
18,y2,0.667,0.788,0.668,0.611,0.701,0.755,0.516,0.732,0.605,0.579,0.685,0.856,0.724,0.678,1.0,0.71
18,y3,0.706,0.884,0.758,0.616,0.812,0.901,0.861,0.713,0.796,0.695,0.783,0.766,0.864,0.853,0.71,1.0
19,.,1.0,0.823,0.682,0.76,0.443,0.689,0.499,0.823,0.533,0.804,0.611,0.573,0.525,0.516,0.651,0.683
19,A1_1,0.823,1.0,0.778,0.727,0.683,0.839,0.678,0.802,0.685,0.776,0.727,0.791,0.721,0.783,0.785,0.882
19,A1_2,0.682,0.778,1.0,0.639,0.676,0.76,0.737,0.679,0.747,0.807,0.655,0.604,0.625,0.761,0.661,0.748
19,A1_3,0.76,0.727,0.639,1.0,0.469,0.632,0.438,0.86,0.692,0.898,0.614,0.656,0.481,0.56,0.601,0.602
19,B1_1,0.443,0.683,0.676,0.469,1.0,0.873,0.881,0.567,0.854,0.564,0.87,0.791,0.944,0.892,0.693,0.808
19,B1_2,0.689,0.839,0.76,0.632,0.873,1.0,0.836,0.731,0.779,0.677,0.864,0.752,0.897,0.824,0.748,0.898
19,B1_3,0.499,0.678,0.737,0.438,0.881,0.836,1.0,0.524,0.858,0.607,0.8,0.613,0.853,0.864,0.51,0.858
19,A2_1,0.823,0.802,0.679,0.86,0.567,0.731,0.524,1.0,0.678,0.863,0.592,0.769,0.606,0.661,0.723,0.7
19,A2_2,0.533,0.685,0.747,0.692,0.854,0.779,0.858,0.678,1.0,0.764,0.811,0.729,0.814,0.837,0.599,0.792
19,A2_3,0.804,0.776,0.807,0.898,0.564,0.677,0.607,0.863,0.764,1.0,0.61,0.628,0.542,0.697,0.566,0.678
19,B2_1,0.611,0.727,0.655,0.614,0.87,0.864,0.8,0.592,0.811,0.61,1.0,0.73,0.857,0.78,0.679,0.78
19,B2_2,0.573,0.791,0.604,0.656,0.791,0.752,0.613,0.769,0.729,0.628,0.73,1.0,0.801,0.829,0.853,0.765
19,B2_3,0.525,0.721,0.625,0.481,0.944,0.897,0.853,0.606,0.814,0.542,0.857,0.801,1.0,0.846,0.716,0.861
19,y1,0.516,0.783,0.761,0.56,0.892,0.824,0.864,0.661,0.837,0.697,0.78,0.829,0.846,1.0,0.673,0.85
19,y2,0.651,0.785,0.661,0.601,0.693,0.748,0.51,0.723,0.599,0.566,0.679,0.853,0.716,0.673,1.0,0.707
19,y3,0.683,0.882,0.748,0.602,0.808,0.898,0.858,0.7,0.792,0.678,0.78,0.765,0.861,0.85,0.707,1.0
20,.,1.0,0.81,0.666,0.752,0.406,0.661,0.467,0.816,0.507,0.794,0.582,0.548,0.493,0.484,0.634,0.659
20,A1_1,0.81,1.0,0.773,0.721,0.673,0.832,0.671,0.797,0.682,0.768,0.718,0.786,0.712,0.777,0.78,0.879
20,A1_2,0.666,0.773,1.0,0.634,0.659,0.746,0.721,0.672,0.738,0.802,0.64,0.593,0.607,0.749,0.652,0.737
20,A1_3,0.752,0.721,0.634,1.0,0.448,0.614,0.419,0.86,0.683,0.898,0.596,0.642,0.461,0.544,0.589,0.587
20,B1_1,0.406,0.673,0.659,0.448,1.0,0.875,0.882,0.545,0.851,0.538,0.871,0.791,0.944,0.89,0.683,0.803
20,B1_2,0.661,0.832,0.746,0.614,0.875,1.0,0.839,0.713,0.778,0.655,0.866,0.751,0.899,0.821,0.741,0.895
20,B1_3,0.467,0.671,0.721,0.419,0.882,0.839,1.0,0.505,0.855,0.584,0.802,0.614,0.855,0.862,0.503,0.855
20,A2_1,0.816,0.797,0.672,0.86,0.545,0.713,0.505,1.0,0.667,0.861,0.575,0.757,0.586,0.645,0.713,0.687
20,A2_2,0.507,0.682,0.738,0.683,0.851,0.778,0.855,0.667,1.0,0.752,0.81,0.729,0.811,0.834,0.592,0.788
20,A2_3,0.794,0.768,0.802,0.898,0.538,0.655,0.584,0.861,0.752,1.0,0.588,0.611,0.516,0.678,0.551,0.66
20,B2_1,0.582,0.718,0.64,0.596,0.871,0.866,0.802,0.575,0.81,0.588,1.0,0.73,0.859,0.777,0.672,0.776
20,B2_2,0.548,0.786,0.593,0.642,0.791,0.751,0.614,0.757,0.729,0.611,0.73,1.0,0.8,0.83,0.849,0.764
20,B2_3,0.493,0.712,0.607,0.461,0.944,0.899,0.855,0.586,0.811,0.516,0.859,0.8,1.0,0.842,0.707,0.857
20,y1,0.484,0.777,0.749,0.544,0.89,0.821,0.862,0.645,0.834,0.678,0.777,0.83,0.842,1.0,0.667,0.847
20,y2,0.634,0.78,0.652,0.589,0.683,0.741,0.503,0.713,0.592,0.551,0.672,0.849,0.707,0.667,1.0,0.702
20,y3,0.659,0.879,0.737,0.587,0.803,0.895,0.855,0.687,0.788,0.66,0.776,0.764,0.857,0.847,0.702,1.0
21,.,1.0,0.796,0.647,0.743,0.364,0.629,0.43,0.809,0.478,0.782,0.549,0.519,0.458,0.447,0.615,0.632
21,A1_1,0.796,1.0,0.766,0.714,0.661,0.823,0.662,0.791,0.677,0.758,0.708,0.78,0.702,0.769,0.775,0.875
21,A1_2,0.647,0.766,1.0,0.629,0.638,0.729,0.702,0.664,0.728,0.796,0.622,0.58,0.586,0.735,0.642,0.724
21,A1_3,0.743,0.714,0.629,1.0,0.424,0.592,0.398,0.86,0.673,0.898,0.575,0.627,0.438,0.526,0.576,0.57
21,B1_1,0.364,0.661,0.638,0.424,1.0,0.876,0.883,0.52,0.848,0.508,0.872,0.79,0.945,0.887,0.672,0.796
21,B1_2,0.629,0.823,0.729,0.592,0.876,1.0,0.841,0.693,0.776,0.63,0.869,0.75,0.902,0.818,0.732,0.891
21,B1_3,0.43,0.662,0.702,0.398,0.883,0.841,1.0,0.484,0.852,0.558,0.805,0.615,0.857,0.859,0.494,0.85
21,A2_1,0.809,0.791,0.664,0.86,0.52,0.693,0.484,1.0,0.655,0.858,0.556,0.742,0.562,0.627,0.702,0.671
21,A2_2,0.478,0.677,0.728,0.673,0.848,0.776,0.852,0.655,1.0,0.739,0.809,0.728,0.807,0.831,0.583,0.783
21,A2_3,0.782,0.758,0.796,0.898,0.508,0.63,0.558,0.858,0.739,1.0,0.563,0.592,0.488,0.656,0.535,0.64
21,B2_1,0.549,0.708,0.622,0.575,0.872,0.869,0.805,0.556,0.809,0.563,1.0,0.73,0.861,0.773,0.663,0.771
21,B2_2,0.519,0.78,0.58,0.627,0.79,0.75,0.615,0.742,0.728,0.592,0.73,1.0,0.798,0.83,0.844,0.762
21,B2_3,0.458,0.702,0.586,0.438,0.945,0.902,0.857,0.562,0.807,0.488,0.861,0.798,1.0,0.837,0.697,0.851
21,y1,0.447,0.769,0.735,0.526,0.887,0.818,0.859,0.627,0.831,0.656,0.773,0.83,0.837,1.0,0.66,0.843
21,y2,0.615,0.775,0.642,0.576,0.672,0.732,0.494,0.702,0.583,0.535,0.663,0.844,0.697,0.66,1.0,0.698
21,y3,0.632,0.875,0.724,0.57,0.796,0.891,0.85,0.671,0.783,0.64,0.771,0.762,0.851,0.843,0.698,1.0
22,.,1.0,0.78,0.628,0.734,0.321,0.594,0.392,0.801,0.447,0.77,0.514,0.487,0.42,0.408,0.594,0.604
22,A1_1,0.78,1.0,0.759,0.706,0.648,0.814,0.652,0.784,0.671,0.748,0.697,0.773,0.69,0.761,0.77,0.871
22,A1_2,0.628,0.759,1.0,0.623,0.616,0.709,0.682,0.655,0.717,0.791,0.602,0.565,0.563,0.72,0.631,0.71
22,A1_3,0.734,0.706,0.623,1.0,0.398,0.569,0.375,0.859,0.661,0.899,0.552,0.61,0.413,0.507,0.562,0.553
22,B1_1,0.321,0.648,0.616,0.398,1.0,0.877,0.884,0.493,0.844,0.477,0.874,0.789,0.945,0.883,0.66,0.789
22,B1_2,0.594,0.814,0.709,0.569,0.877,1.0,0.843,0.67,0.774,0.602,0.871,0.748,0.904,0.814,0.722,0.886
22,B1_3,0.392,0.652,0.682,0.375,0.884,0.843,1.0,0.46,0.848,0.529,0.807,0.616,0.86,0.856,0.484,0.845
22,A2_1,0.801,0.784,0.655,0.859,0.493,0.67,0.46,1.0,0.642,0.856,0.534,0.726,0.537,0.608,0.689,0.655
22,A2_2,0.447,0.671,0.717,0.661,0.844,0.774,0.848,0.642,1.0,0.724,0.807,0.727,0.803,0.827,0.574,0.778
22,A2_3,0.77,0.748,0.791,0.899,0.477,0.602,0.529,0.856,0.724,1.0,0.535,0.571,0.456,0.633,0.517,0.618
22,B2_1,0.514,0.697,0.602,0.552,0.874,0.871,0.807,0.534,0.807,0.535,1.0,0.73,0.864,0.769,0.653,0.765
22,B2_2,0.487,0.773,0.565,0.61,0.789,0.748,0.616,0.726,0.727,0.571,0.73,1.0,0.796,0.83,0.838,0.76
22,B2_3,0.42,0.69,0.563,0.413,0.945,0.904,0.86,0.537,0.803,0.456,0.864,0.796,1.0,0.832,0.686,0.845
22,y1,0.408,0.761,0.72,0.507,0.883,0.814,0.856,0.608,0.827,0.633,0.769,0.83,0.832,1.0,0.652,0.838
22,y2,0.594,0.77,0.631,0.562,0.66,0.722,0.484,0.689,0.574,0.517,0.653,0.838,0.686,0.652,1.0,0.692
22,y3,0.604,0.871,0.71,0.553,0.789,0.886,0.845,0.655,0.778,0.618,0.765,0.76,0.845,0.838,0.692,1.0
23,.,1.0,0.763,0.608,0.724,0.274,0.556,0.35,0.793,0.414,0.757,0.475,0.452,0.379,0.367,0.572,0.572
23,A1_1,0.763,1.0,0.75,0.698,0.633,0.803,0.64,0.777,0.664,0.736,0.684,0.766,0.676,0.752,0.763,0.866
23,A1_2,0.608,0.75,1.0,0.618,0.59,0.687,0.658,0.646,0.704,0.785,0.579,0.548,0.536,0.703,0.619,0.693
23,A1_3,0.724,0.698,0.618,1.0,0.37,0.543,0.349,0.859,0.649,0.899,0.527,0.59,0.385,0.487,0.547,0.533
23,B1_1,0.274,0.633,0.59,0.37,1.0,0.878,0.885,0.463,0.839,0.441,0.875,0.788,0.945,0.879,0.646,0.781
23,B1_2,0.556,0.803,0.687,0.543,0.878,1.0,0.845,0.645,0.771,0.57,0.874,0.746,0.906,0.809,0.71,0.881
23,B1_3,0.35,0.64,0.658,0.349,0.885,0.845,1.0,0.434,0.843,0.496,0.809,0.616,0.861,0.852,0.473,0.839
23,A2_1,0.793,0.777,0.646,0.859,0.463,0.645,0.434,1.0,0.628,0.853,0.51,0.707,0.508,0.586,0.676,0.636
23,A2_2,0.414,0.664,0.704,0.649,0.839,0.771,0.843,0.628,1.0,0.707,0.804,0.725,0.797,0.823,0.563,0.771
23,A2_3,0.757,0.736,0.785,0.899,0.441,0.57,0.496,0.853,0.707,1.0,0.504,0.547,0.421,0.608,0.497,0.593
23,B2_1,0.475,0.684,0.579,0.527,0.875,0.874,0.809,0.51,0.804,0.504,1.0,0.73,0.866,0.764,0.642,0.758
23,B2_2,0.452,0.766,0.548,0.59,0.788,0.746,0.616,0.707,0.725,0.547,0.73,1.0,0.793,0.83,0.832,0.758
23,B2_3,0.379,0.676,0.536,0.385,0.945,0.906,0.861,0.508,0.797,0.421,0.866,0.793,1.0,0.826,0.672,0.838
23,y1,0.367,0.752,0.703,0.487,0.879,0.809,0.852,0.586,0.823,0.608,0.764,0.83,0.826,1.0,0.644,0.833
23,y2,0.572,0.763,0.619,0.547,0.646,0.71,0.473,0.676,0.563,0.497,0.642,0.832,0.672,0.644,1.0,0.686
23,y3,0.572,0.866,0.693,0.533,0.781,0.881,0.839,0.636,0.771,0.593,0.758,0.758,0.838,0.833,0.686,1.0
24,.,1.0,0.745,0.588,0.715,0.225,0.515,0.305,0.785,0.38,0.744,0.434,0.415,0.335,0.323,0.549,0.54
24,A1_1,0.745,1.0,0.741,0.69,0.616,0.79,0.627,0.77,0.657,0.724,0.67,0.757,0.661,0.742,0.757,0.861
24,A1_2,0.588,0.741,1.0,0.613,0.562,0.661,0.63,0.637,0.689,0.779,0.553,0.528,0.507,0.684,0.605,0.675
24,A1_3,0.715,0.69,0.613,1.0,0.339,0.515,0.322,0.859,0.635,0.899,0.5,0.569,0.354,0.464,0.531,0.512
24,B1_1,0.225,0.616,0.562,0.339,1.0,0.879,0.886,0.43,0.833,0.403,0.876,0.787,0.945,0.875,0.631,0.772
24,B1_2,0.515,0.79,0.661,0.515,0.879,1.0,0.847,0.616,0.768,0.536,0.876,0.744,0.908,0.803,0.697,0.874
24,B1_3,0.305,0.627,0.63,0.322,0.886,0.847,1.0,0.405,0.838,0.461,0.811,0.616,0.864,0.847,0.459,0.832
24,A2_1,0.785,0.77,0.637,0.859,0.43,0.616,0.405,1.0,0.612,0.85,0.484,0.687,0.477,0.563,0.662,0.616
24,A2_2,0.38,0.657,0.689,0.635,0.833,0.768,0.838,0.612,1.0,0.689,0.801,0.722,0.791,0.818,0.552,0.763
24,A2_3,0.744,0.724,0.779,0.899,0.403,0.536,0.461,0.85,0.689,1.0,0.471,0.52,0.383,0.581,0.476,0.567
24,B2_1,0.434,0.67,0.553,0.5,0.876,0.876,0.811,0.484,0.801,0.471,1.0,0.729,0.868,0.759,0.629,0.75
24,B2_2,0.415,0.757,0.528,0.569,0.787,0.744,0.616,0.687,0.722,0.52,0.729,1.0,0.79,0.83,0.825,0.754
24,B2_3,0.335,0.661,0.507,0.354,0.945,0.908,0.864,0.477,0.791,0.383,0.868,0.79,1.0,0.82,0.657,0.83
24,y1,0.323,0.742,0.684,0.464,0.875,0.803,0.847,0.563,0.818,0.581,0.759,0.83,0.82,1.0,0.635,0.827
24,y2,0.549,0.757,0.605,0.531,0.631,0.697,0.459,0.662,0.552,0.476,0.629,0.825,0.657,0.635,1.0,0.679
24,y3,0.54,0.861,0.675,0.512,0.772,0.874,0.832,0.616,0.763,0.567,0.75,0.754,0.83,0.827,0.679,1.0
25,.,1.0,0.726,0.569,0.705,0.175,0.472,0.259,0.778,0.344,0.732,0.391,0.377,0.29,0.28,0.526,0.507
25,A1_1,0.726,1.0,0.731,0.682,0.598,0.776,0.612,0.763,0.649,0.712,0.654,0.747,0.644,0.732,0.749,0.856
25,A1_2,0.569,0.731,1.0,0.608,0.53,0.633,0.6,0.629,0.673,0.774,0.524,0.507,0.474,0.663,0.591,0.656
25,A1_3,0.705,0.682,0.608,1.0,0.308,0.486,0.293,0.859,0.621,0.899,0.471,0.547,0.323,0.442,0.515,0.491
25,B1_1,0.175,0.598,0.53,0.308,1.0,0.88,0.887,0.395,0.827,0.363,0.877,0.785,0.945,0.869,0.615,0.762
25,B1_2,0.472,0.776,0.633,0.486,0.88,1.0,0.849,0.586,0.764,0.499,0.878,0.742,0.91,0.797,0.683,0.867
25,B1_3,0.259,0.612,0.6,0.293,0.887,0.849,1.0,0.374,0.832,0.423,0.814,0.616,0.866,0.842,0.445,0.824
25,A2_1,0.778,0.763,0.629,0.859,0.395,0.586,0.374,1.0,0.595,0.848,0.455,0.664,0.444,0.539,0.646,0.596
25,A2_2,0.344,0.649,0.673,0.621,0.827,0.764,0.832,0.595,1.0,0.67,0.797,0.72,0.785,0.813,0.539,0.755
25,A2_3,0.732,0.712,0.774,0.899,0.363,0.499,0.423,0.848,0.67,1.0,0.435,0.492,0.343,0.553,0.455,0.54
25,B2_1,0.391,0.654,0.524,0.471,0.877,0.878,0.814,0.455,0.797,0.435,1.0,0.728,0.87,0.753,0.615,0.741
25,B2_2,0.377,0.747,0.507,0.547,0.785,0.742,0.616,0.664,0.72,0.492,0.728,1.0,0.787,0.83,0.818,0.751
25,B2_3,0.29,0.644,0.474,0.323,0.945,0.91,0.866,0.444,0.785,0.343,0.87,0.787,1.0,0.813,0.641,0.821
25,y1,0.28,0.732,0.663,0.442,0.869,0.797,0.842,0.539,0.813,0.553,0.753,0.83,0.813,1.0,0.625,0.821
25,y2,0.526,0.749,0.591,0.515,0.615,0.683,0.445,0.646,0.539,0.455,0.615,0.818,0.641,0.625,1.0,0.672
25,y3,0.507,0.856,0.656,0.491,0.762,0.867,0.824,0.596,0.755,0.54,0.741,0.751,0.821,0.821,0.672,1.0
26,.,1.0,0.706,0.549,0.695,0.123,0.426,0.211,0.77,0.308,0.72,0.345,0.335,0.243,0.234,0.501,0.473
