,,.,A1_1,A1_2,A1_3,B1_1,B1_2,B1_3,A2_1,A2_2,A2_3,B2_1,B2_2,B2_3,y1,y2,y3
1,.,1.0,-0.203,-0.064,0.072,-0.377,0.135,0.04,0.261,-0.494,0.128,-0.096,-0.138,0.048,-0.326,-0.026,-0.062
1,A1_1,-0.203,1.0,-0.292,-0.12,0.068,0.075,-0.101,-0.109,-0.308,0.211,0.158,0.12,-0.106,0.275,0.114,0.379
1,A1_2,-0.064,-0.292,1.0,-0.276,-0.026,-0.287,0.204,-0.002,-0.084,0.266,-0.097,-0.313,-0.145,0.133,0.006,-0.103
1,A1_3,0.072,-0.12,-0.276,1.0,-0.11,0.083,-0.26,0.204,0.115,0.183,-0.093,0.208,-0.062,-0.061,-0.316,-0.174
1,B1_1,-0.377,0.068,-0.026,-0.11,1.0,0.136,0.149,0.123,0.287,-0.034,-0.062,-0.085,0.201,0.325,0.03,-0.028
1,B1_2,0.135,0.075,-0.287,0.083,0.136,1.0,0.133,0.195,-0.276,-0.042,-0.031,-0.168,0.395,0.009,0.095,0.164
1,B1_3,0.04,-0.101,0.204,-0.26,0.149,0.133,1.0,-0.108,0.219,0.026,0.066,-0.644,0.332,0.157,-0.259,0.187
1,A2_1,0.261,-0.109,-0.002,0.204,0.123,0.195,-0.108,1.0,-0.07,0.053,-0.375,0.073,0.123,0.073,-0.001,0.005
1,A2_2,-0.494,-0.308,-0.084,0.115,0.287,-0.276,0.219,-0.07,1.0,-0.394,0.045,-0.071,-0.159,0.045,-0.109,-0.046
1,A2_3,0.128,0.211,0.266,0.183,-0.034,-0.042,0.026,0.053,-0.394,1.0,-0.124,-0.205,-0.094,0.069,-0.162,-0.151
1,B2_1,-0.096,0.158,-0.097,-0.093,-0.062,-0.031,0.066,-0.375,0.045,-0.124,1.0,0.167,-0.211,-0.05,0.181,-0.03
1,B2_2,-0.138,0.12,-0.313,0.208,-0.085,-0.168,-0.644,0.073,-0.071,-0.205,0.167,1.0,-0.082,0.143,0.382,0.095
1,B2_3,0.048,-0.106,-0.145,-0.062,0.201,0.395,0.332,0.123,-0.159,-0.094,-0.211,-0.082,1.0,0.113,0.026,0.188
1,y1,-0.326,0.275,0.133,-0.061,0.325,0.009,0.157,0.073,0.045,0.069,-0.05,0.143,0.113,1.0,0.03,0.443
1,y2,-0.026,0.114,0.006,-0.316,0.03,0.095,-0.259,-0.001,-0.109,-0.162,0.181,0.382,0.026,0.03,1.0,0.032
1,y3,-0.062,0.379,-0.103,-0.174,-0.028,0.164,0.187,0.005,-0.046,-0.151,-0.03,0.095,0.188,0.443,0.032,1.0
2,.,1.0,-0.202,-0.065,0.073,-0.378,0.134,0.039,0.261,-0.494,0.127,-0.095,-0.138,0.047,-0.326,-0.025,-0.062
2,A1_1,-0.202,1.0,-0.293,-0.12,0.068,0.075,-0.101,-0.109,-0.308,0.21,0.158,0.12,-0.106,0.275,0.114,0.379
2,A1_2,-0.065,-0.293,1.0,-0.276,-0.026,-0.287,0.204,-0.002,-0.084,0.266,-0.097,-0.313,-0.145,0.133,0.006,-0.103
2,A1_3,0.073,-0.12,-0.276,1.0,-0.11,0.083,-0.26,0.204,0.115,0.183,-0.094,0.208,-0.062,-0.061,-0.316,-0.174
2,B1_1,-0.378,0.068,-0.026,-0.11,1.0,0.136,0.15,0.123,0.288,-0.034,-0.061,-0.085,0.202,0.326,0.03,-0.028
2,B1_2,0.134,0.075,-0.287,0.083,0.136,1.0,0.134,0.195,-0.275,-0.042,-0.031,-0.168,0.396,0.009,0.095,0.164
2,B1_3,0.039,-0.101,0.204,-0.26,0.15,0.134,1.0,-0.108,0.219,0.026,0.067,-0.644,0.333,0.157,-0.259,0.187
2,A2_1,0.261,-0.109,-0.002,0.204,0.123,0.195,-0.108,1.0,-0.069,0.053,-0.375,0.073,0.123,0.073,-0.001,0.005
2,A2_2,-0.494,-0.308,-0.084,0.115,0.288,-0.275,0.219,-0.069,1.0,-0.393,0.045,-0.071,-0.159,0.045,-0.109,-0.047
2,A2_3,0.127,0.21,0.266,0.183,-0.034,-0.042,0.026,0.053,-0.393,1.0,-0.124,-0.205,-0.094,0.069,-0.162,-0.151
2,B2_1,-0.095,0.158,-0.097,-0.094,-0.061,-0.031,0.067,-0.375,0.045,-0.124,1.0,0.167,-0.211,-0.05,0.181,-0.03
2,B2_2,-0.138,0.12,-0.313,0.208,-0.085,-0.168,-0.644,0.073,-0.071,-0.205,0.167,1.0,-0.082,0.143,0.382,0.095
2,B2_3,0.047,-0.106,-0.145,-0.062,0.202,0.396,0.333,0.123,-0.159,-0.094,-0.211,-0.082,1.0,0.113,0.026,0.188
2,y1,-0.326,0.275,0.133,-0.061,0.326,0.009,0.157,0.073,0.045,0.069,-0.05,0.143,0.113,1.0,0.03,0.443
2,y2,-0.025,0.114,0.006,-0.316,0.03,0.095,-0.259,-0.001,-0.109,-0.162,0.181,0.382,0.026,0.03,1.0,0.032
2,y3,-0.062,0.379,-0.103,-0.174,-0.028,0.164,0.187,0.005,-0.047,-0.151,-0.03,0.095,0.188,0.443,0.032,1.0
3,.,1.0,-0.201,-0.065,0.073,-0.378,0.134,0.037,0.261,-0.495,0.127,-0.095,-0.138,0.045,-0.326,-0.025,-0.061
3,A1_1,-0.201,1.0,-0.293,-0.12,0.068,0.075,-0.101,-0.109,-0.308,0.21,0.158,0.121,-0.106,0.275,0.114,0.379
3,A1_2,-0.065,-0.293,1.0,-0.276,-0.026,-0.287,0.204,-0.002,-0.084,0.266,-0.097,-0.313,-0.145,0.134,0.006,-0.104
3,A1_3,0.073,-0.12,-0.276,1.0,-0.11,0.083,-0.259,0.204,0.115,0.183,-0.094,0.208,-0.062,-0.061,-0.316,-0.175
3,B1_1,-0.378,0.068,-0.026,-0.11,1.0,0.137,0.15,0.123,0.288,-0.034,-0.061,-0.085,0.202,0.326,0.03,-0.028
3,B1_2,0.134,0.075,-0.287,0.083,0.137,1.0,0.134,0.194,-0.275,-0.042,-0.03,-0.168,0.396,0.01,0.094,0.165
3,B1_3,0.037,-0.101,0.204,-0.259,0.15,0.134,1.0,-0.108,0.219,0.026,0.068,-0.643,0.333,0.157,-0.259,0.187
3,A2_1,0.261,-0.109,-0.002,0.204,0.123,0.194,-0.108,1.0,-0.069,0.053,-0.375,0.074,0.123,0.073,-0.002,0.005
3,A2_2,-0.495,-0.308,-0.084,0.115,0.288,-0.275,0.219,-0.069,1.0,-0.393,0.046,-0.07,-0.158,0.045,-0.109,-0.047
3,A2_3,0.127,0.21,0.266,0.183,-0.034,-0.042,0.026,0.053,-0.393,1.0,-0.125,-0.205,-0.094,0.069,-0.162,-0.152
3,B2_1,-0.095,0.158,-0.097,-0.094,-0.061,-0.03,0.068,-0.375,0.046,-0.125,1.0,0.167,-0.21,-0.05,0.181,-0.03
3,B2_2,-0.138,0.121,-0.313,0.208,-0.085,-0.168,-0.643,0.074,-0.07,-0.205,0.167,1.0,-0.082,0.143,0.382,0.095
3,B2_3,0.045,-0.106,-0.145,-0.062,0.202,0.396,0.333,0.123,-0.158,-0.094,-0.21,-0.082,1.0,0.113,0.026,0.188
3,y1,-0.326,0.275,0.134,-0.061,0.326,0.01,0.157,0.073,0.045,0.069,-0.05,0.143,0.113,1.0,0.031,0.443
3,y2,-0.025,0.114,0.006,-0.316,0.03,0.094,-0.259,-0.002,-0.109,-0.162,0.181,0.382,0.026,0.031,1.0,0.032
3,y3,-0.061,0.379,-0.104,-0.175,-0.028,0.165,0.187,0.005,-0.047,-0.152,-0.03,0.095,0.188,0.443,0.032,1.0
4,.,1.0,-0.199,-0.066,0.073,-0.379,0.133,0.035,0.26,-0.495,0.127,-0.095,-0.138,0.044,-0.326,-0.024,-0.061
4,A1_1,-0.199,1.0,-0.293,-0.12,0.068,0.074,-0.101,-0.109,-0.308,0.21,0.158,0.121,-0.106,0.275,0.114,0.379
4,A1_2,-0.066,-0.293,1.0,-0.275,-0.026,-0.287,0.204,-0.002,-0.083,0.267,-0.098,-0.313,-0.145,0.134,0.006,-0.104
4,A1_3,0.073,-0.12,-0.275,1.0,-0.11,0.082,-0.259,0.204,0.115,0.183,-0.094,0.208,-0.062,-0.061,-0.317,-0.175
4,B1_1,-0.379,0.068,-0.026,-0.11,1.0,0.137,0.151,0.123,0.288,-0.034,-0.06,-0.085,0.202,0.326,0.03,-0.028
4,B1_2,0.133,0.074,-0.287,0.082,0.137,1.0,0.135,0.194,-0.275,-0.042,-0.03,-0.168,0.397,0.01,0.094,0.165
4,B1_3,0.035,-0.101,0.204,-0.259,0.151,0.135,1.0,-0.108,0.22,0.026,0.068,-0.643,0.334,0.157,-0.259,0.187
4,A2_1,0.26,-0.109,-0.002,0.204,0.123,0.194,-0.108,1.0,-0.069,0.054,-0.375,0.074,0.123,0.073,-0.002,0.005
4,A2_2,-0.495,-0.308,-0.083,0.115,0.288,-0.275,0.22,-0.069,1.0,-0.393,0.046,-0.07,-0.158,0.045,-0.109,-0.047
4,A2_3,0.127,0.21,0.267,0.183,-0.034,-0.042,0.026,0.054,-0.393,1.0,-0.125,-0.205,-0.094,0.069,-0.162,-0.152
4,B2_1,-0.095,0.158,-0.098,-0.094,-0.06,-0.03,0.068,-0.375,0.046,-0.125,1.0,0.167,-0.209,-0.05,0.181,-0.03
4,B2_2,-0.138,0.121,-0.313,0.208,-0.085,-0.168,-0.643,0.074,-0.07,-0.205,0.167,1.0,-0.083,0.143,0.382,0.095
4,B2_3,0.044,-0.106,-0.145,-0.062,0.202,0.397,0.334,0.123,-0.158,-0.094,-0.209,-0.083,1.0,0.113,0.026,0.188
4,y1,-0.326,0.275,0.134,-0.061,0.326,0.01,0.157,0.073,0.045,0.069,-0.05,0.143,0.113,1.0,0.031,0.443
4,y2,-0.024,0.114,0.006,-0.317,0.03,0.094,-0.259,-0.002,-0.109,-0.162,0.181,0.382,0.026,0.031,1.0,0.033
4,y3,-0.061,0.379,-0.104,-0.175,-0.028,0.165,0.187,0.005,-0.047,-0.152,-0.03,0.095,0.188,0.443,0.033,1.0
5,.,1.0,-0.198,-0.066,0.073,-0.38,0.132,0.033,0.26,-0.496,0.127,-0.095,-0.137,0.043,-0.327,-0.024,-0.061
5,A1_1,-0.198,1.0,-0.293,-0.12,0.068,0.074,-0.101,-0.109,-0.308,0.21,0.157,0.121,-0.106,0.275,0.114,0.379
5,A1_2,-0.066,-0.293,1.0,-0.275,-0.026,-0.287,0.204,-0.001,-0.083,0.267,-0.098,-0.313,-0.145,0.134,0.006,-0.104
5,A1_3,0.073,-0.12,-0.275,1.0,-0.111,0.082,-0.26,0.204,0.116,0.183,-0.095,0.208,-0.062,-0.061,-0.317,-0.175
5,B1_1,-0.38,0.068,-0.026,-0.111,1.0,0.138,0.151,0.123,0.289,-0.034,-0.059,-0.085,0.203,0.326,0.03,-0.028
5,B1_2,0.132,0.074,-0.287,0.082,0.138,1.0,0.136,0.194,-0.274,-0.043,-0.029,-0.168,0.397,0.01,0.094,0.165
5,B1_3,0.033,-0.101,0.204,-0.26,0.151,0.136,1.0,-0.108,0.22,0.026,0.069,-0.643,0.335,0.158,-0.259,0.187
5,A2_1,0.26,-0.109,-0.001,0.204,0.123,0.194,-0.108,1.0,-0.069,0.054,-0.375,0.074,0.123,0.073,-0.002,0.004
5,A2_2,-0.496,-0.308,-0.083,0.116,0.289,-0.274,0.22,-0.069,1.0,-0.392,0.046,-0.069,-0.157,0.045,-0.109,-0.048
5,A2_3,0.127,0.21,0.267,0.183,-0.034,-0.043,0.026,0.054,-0.392,1.0,-0.125,-0.205,-0.094,0.069,-0.162,-0.152
5,B2_1,-0.095,0.157,-0.098,-0.095,-0.059,-0.029,0.069,-0.375,0.046,-0.125,1.0,0.167,-0.208,-0.05,0.18,-0.03
5,B2_2,-0.137,0.121,-0.313,0.208,-0.085,-0.168,-0.643,0.074,-0.069,-0.205,0.167,1.0,-0.083,0.144,0.382,0.096
5,B2_3,0.043,-0.106,-0.145,-0.062,0.203,0.397,0.335,0.123,-0.157,-0.094,-0.208,-0.083,1.0,0.113,0.025,0.188
5,y1,-0.327,0.275,0.134,-0.061,0.326,0.01,0.158,0.073,0.045,0.069,-0.05,0.144,0.113,1.0,0.031,0.443
5,y2,-0.024,0.114,0.006,-0.317,0.03,0.094,-0.259,-0.002,-0.109,-0.162,0.18,0.382,0.025,0.031,1.0,0.033
5,y3,-0.061,0.379,-0.104,-0.175,-0.028,0.165,0.187,0.004,-0.048,-0.152,-0.03,0.096,0.188,0.443,0.033,1.0
6,.,1.0,-0.197,-0.067,0.074,-0.38,0.131,0.032,0.259,-0.496,0.127,-0.095,-0.137,0.041,-0.327,-0.023,-0.061
6,A1_1,-0.197,1.0,-0.294,-0.12,0.068,0.074,-0.101,-0.11,-0.308,0.21,0.157,0.121,-0.106,0.275,0.114,0.378
6,A1_2,-0.067,-0.294,1.0,-0.275,-0.026,-0.288,0.204,-0.001,-0.083,0.267,-0.098,-0.313,-0.145,0.134,0.006,-0.104
6,A1_3,0.074,-0.12,-0.275,1.0,-0.111,0.081,-0.26,0.205,0.116,0.184,-0.095,0.207,-0.063,-0.061,-0.317,-0.176
6,B1_1,-0.38,0.068,-0.026,-0.111,1.0,0.138,0.152,0.123,0.289,-0.034,-0.059,-0.085,0.203,0.326,0.029,-0.028
6,B1_2,0.131,0.074,-0.288,0.081,0.138,1.0,0.137,0.194,-0.274,-0.043,-0.029,-0.168,0.398,0.01,0.094,0.165
6,B1_3,0.032,-0.101,0.204,-0.26,0.152,0.137,1.0,-0.108,0.22,0.026,0.07,-0.642,0.335,0.158,-0.259,0.187
6,A2_1,0.259,-0.11,-0.001,0.205,0.123,0.194,-0.108,1.0,-0.069,0.054,-0.375,0.074,0.123,0.073,-0.002,0.004
6,A2_2,-0.496,-0.308,-0.083,0.116,0.289,-0.274,0.22,-0.069,1.0,-0.392,0.046,-0.069,-0.157,0.045,-0.11,-0.048
6,A2_3,0.127,0.21,0.267,0.184,-0.034,-0.043,0.026,0.054,-0.392,1.0,-0.125,-0.205,-0.095,0.069,-0.163,-0.153
6,B2_1,-0.095,0.157,-0.098,-0.095,-0.059,-0.029,0.07,-0.375,0.046,-0.125,1.0,0.168,-0.208,-0.05,0.18,-0.03
6,B2_2,-0.137,0.121,-0.313,0.207,-0.085,-0.168,-0.642,0.074,-0.069,-0.205,0.168,1.0,-0.083,0.144,0.381,0.096
6,B2_3,0.041,-0.106,-0.145,-0.063,0.203,0.398,0.335,0.123,-0.157,-0.095,-0.208,-0.083,1.0,0.114,0.025,0.189
6,y1,-0.327,0.275,0.134,-0.061,0.326,0.01,0.158,0.073,0.045,0.069,-0.05,0.144,0.114,1.0,0.031,0.443
6,y2,-0.023,0.114,0.006,-0.317,0.029,0.094,-0.259,-0.002,-0.11,-0.163,0.18,0.381,0.025,0.031,1.0,0.033
6,y3,-0.061,0.378,-0.104,-0.176,-0.028,0.165,0.187,0.004,-0.048,-0.153,-0.03,0.096,0.189,0.443,0.033,1.0
7,.,1.0,-0.196,-0.068,0.074,-0.381,0.131,0.03,0.259,-0.496,0.126,-0.095,-0.137,0.04,-0.328,-0.023,-0.061
7,A1_1,-0.196,1.0,-0.294,-0.12,0.068,0.074,-0.101,-0.11,-0.308,0.209,0.157,0.121,-0.106,0.275,0.113,0.378
7,A1_2,-0.068,-0.294,1.0,-0.274,-0.026,-0.288,0.204,-0.001,-0.082,0.267,-0.099,-0.314,-0.145,0.134,0.006,-0.104
7,A1_3,0.074,-0.12,-0.274,1.0,-0.111,0.081,-0.26,0.205,0.116,0.184,-0.095,0.207,-0.063,-0.061,-0.317,-0.176
7,B1_1,-0.381,0.068,-0.026,-0.111,1.0,0.139,0.152,0.123,0.289,-0.034,-0.058,-0.085,0.203,0.326,0.029,-0.028
7,B1_2,0.131,0.074,-0.288,0.081,0.139,1.0,0.137,0.193,-0.274,-0.043,-0.028,-0.168,0.398,0.01,0.093,0.165
7,B1_3,0.03,-0.101,0.204,-0.26,0.152,0.137,1.0,-0.108,0.22,0.026,0.071,-0.642,0.336,0.158,-0.259,0.187
7,A2_1,0.259,-0.11,-0.001,0.205,0.123,0.193,-0.108,1.0,-0.069,0.054,-0.375,0.074,0.123,0.073,-0.003,0.004
7,A2_2,-0.496,-0.308,-0.082,0.116,0.289,-0.274,0.22,-0.069,1.0,-0.391,0.046,-0.068,-0.156,0.045,-0.11,-0.048
7,A2_3,0.126,0.209,0.267,0.184,-0.034,-0.043,0.026,0.054,-0.391,1.0,-0.126,-0.206,-0.095,0.069,-0.163,-0.153
7,B2_1,-0.095,0.157,-0.099,-0.095,-0.058,-0.028,0.071,-0.375,0.046,-0.126,1.0,0.168,-0.207,-0.049,0.18,-0.03
7,B2_2,-0.137,0.121,-0.314,0.207,-0.085,-0.168,-0.642,0.074,-0.068,-0.206,0.168,1.0,-0.083,0.144,0.381,0.096
7,B2_3,0.04,-0.106,-0.145,-0.063,0.203,0.398,0.336,0.123,-0.156,-0.095,-0.207,-0.083,1.0,0.114,0.025,0.189
7,y1,-0.328,0.275,0.134,-0.061,0.326,0.01,0.158,0.073,0.045,0.069,-0.049,0.144,0.114,1.0,0.031,0.443
7,y2,-0.023,0.113,0.006,-0.317,0.029,0.093,-0.259,-0.003,-0.11,-0.163,0.18,0.381,0.025,0.031,1.0,0.034
7,y3,-0.061,0.378,-0.104,-0.176,-0.028,0.165,0.187,0.004,-0.048,-0.153,-0.03,0.096,0.189,0.443,0.034,1.0
8,.,1.0,-0.195,-0.068,0.074,-0.382,0.129,0.027,0.258,-0.497,0.126,-0.095,-0.137,0.038,-0.328,-0.022,-0.061
8,A1_1,-0.195,1.0,-0.294,-0.12,0.068,0.074,-0.101,-0.11,-0.308,0.209,0.157,0.121,-0.106,0.275,0.113,0.378
8,A1_2,-0.068,-0.294,1.0,-0.274,-0.026,-0.288,0.203,-0.001,-0.082,0.268,-0.099,-0.314,-0.145,0.134,0.006,-0.104
8,A1_3,0.074,-0.12,-0.274,1.0,-0.111,0.08,-0.26,0.205,0.117,0.184,-0.096,0.207,-0.063,-0.062,-0.317,-0.176
8,B1_1,-0.382,0.068,-0.026,-0.111,1.0,0.139,0.153,0.123,0.289,-0.034,-0.057,-0.084,0.204,0.326,0.029,-0.027
8,B1_2,0.129,0.074,-0.288,0.08,0.139,1.0,0.138,0.193,-0.273,-0.044,-0.027,-0.168,0.399,0.01,0.093,0.165
8,B1_3,0.027,-0.101,0.203,-0.26,0.153,0.138,1.0,-0.108,0.221,0.025,0.072,-0.641,0.337,0.158,-0.259,0.187
8,A2_1,0.258,-0.11,-0.001,0.205,0.123,0.193,-0.108,1.0,-0.068,0.054,-0.375,0.075,0.123,0.073,-0.003,0.004
8,A2_2,-0.497,-0.308,-0.082,0.117,0.289,-0.273,0.221,-0.068,1.0,-0.391,0.047,-0.067,-0.156,0.044,-0.11,-0.049
8,A2_3,0.126,0.209,0.268,0.184,-0.034,-0.044,0.025,0.054,-0.391,1.0,-0.126,-0.206,-0.095,0.069,-0.163,-0.153
8,B2_1,-0.095,0.157,-0.099,-0.096,-0.057,-0.027,0.072,-0.375,0.047,-0.126,1.0,0.168,-0.206,-0.049,0.179,-0.029
8,B2_2,-0.137,0.121,-0.314,0.207,-0.084,-0.168,-0.641,0.075,-0.067,-0.206,0.168,1.0,-0.083,0.145,0.381,0.096
8,B2_3,0.038,-0.106,-0.145,-0.063,0.204,0.399,0.337,0.123,-0.156,-0.095,-0.206,-0.083,1.0,0.114,0.025,0.189
8,y1,-0.328,0.275,0.134,-0.062,0.326,0.01,0.158,0.073,0.044,0.069,-0.049,0.145,0.114,1.0,0.032,0.443
8,y2,-0.022,0.113,0.006,-0.317,0.029,0.093,-0.259,-0.003,-0.11,-0.163,0.179,0.381,0.025,0.032,1.0,0.034
8,y3,-0.061,0.378,-0.104,-0.176,-0.027,0.165,0.187,0.004,-0.049,-0.153,-0.029,0.096,0.189,0.443,0.034,1.0
9,.,1.0,-0.193,-0.069,0.075,-0.383,0.128,0.025,0.258,-0.498,0.126,-0.096,-0.137,0.036,-0.329,-0.021,-0.061
9,A1_1,-0.193,1.0,-0.294,-0.12,0.068,0.073,-0.101,-0.11,-0.309,0.209,0.156,0.121,-0.106,0.275,0.113,0.378
9,A1_2,-0.069,-0.294,1.0,-0.273,-0.026,-0.288,0.203,-0.001,-0.082,0.268,-0.1,-0.314,-0.145,0.134,0.006,-0.104
9,A1_3,0.075,-0.12,-0.273,1.0,-0.112,0.08,-0.26,0.205,0.117,0.185,-0.096,0.207,-0.064,-0.062,-0.317,-0.176
9,B1_1,-0.383,0.068,-0.026,-0.112,1.0,0.14,0.154,0.123,0.29,-0.035,-0.056,-0.084,0.205,0.326,0.029,-0.027
9,B1_2,0.128,0.073,-0.288,0.08,0.14,1.0,0.139,0.193,-0.273,-0.044,-0.026,-0.168,0.399,0.011,0.093,0.165
9,B1_3,0.025,-0.101,0.203,-0.26,0.154,0.139,1.0,-0.108,0.221,0.025,0.073,-0.641,0.337,0.158,-0.259,0.187
9,A2_1,0.258,-0.11,-0.001,0.205,0.123,0.193,-0.108,1.0,-0.068,0.054,-0.375,0.075,0.123,0.073,-0.003,0.003
9,A2_2,-0.498,-0.309,-0.082,0.117,0.29,-0.273,0.221,-0.068,1.0,-0.39,0.047,-0.067,-0.155,0.044,-0.11,-0.049
9,A2_3,0.126,0.209,0.268,0.185,-0.035,-0.044,0.025,0.054,-0.39,1.0,-0.127,-0.206,-0.095,0.069,-0.163,-0.154
9,B2_1,-0.096,0.156,-0.1,-0.096,-0.056,-0.026,0.073,-0.375,0.047,-0.127,1.0,0.169,-0.205,-0.049,0.179,-0.029
9,B2_2,-0.137,0.121,-0.314,0.207,-0.084,-0.168,-0.641,0.075,-0.067,-0.206,0.169,1.0,-0.083,0.146,0.381,0.097
9,B2_3,0.036,-0.106,-0.145,-0.064,0.205,0.399,0.337,0.123,-0.155,-0.095,-0.205,-0.083,1.0,0.114,0.024,0.189
9,y1,-0.329,0.275,0.134,-0.062,0.326,0.011,0.158,0.073,0.044,0.069,-0.049,0.146,0.114,1.0,0.032,0.443
9,y2,-0.021,0.113,0.006,-0.317,0.029,0.093,-0.259,-0.003,-0.11,-0.163,0.179,0.381,0.024,0.032,1.0,0.034
9,y3,-0.061,0.378,-0.104,-0.176,-0.027,0.165,0.187,0.003,-0.049,-0.154,-0.029,0.097,0.189,0.443,0.034,1.0
10,.,1.0,-0.192,-0.069,0.075,-0.385,0.127,0.022,0.257,-0.498,0.126,-0.096,-0.137,0.034,-0.329,-0.02,-0.061
10,A1_1,-0.192,1.0,-0.294,-0.12,0.068,0.073,-0.101,-0.11,-0.309,0.209,0.156,0.122,-0.106,0.275,0.113,0.378
10,A1_2,-0.069,-0.294,1.0,-0.273,-0.026,-0.288,0.203,-0.0,-0.081,0.268,-0.1,-0.314,-0.145,0.134,0.006,-0.104
10,A1_3,0.075,-0.12,-0.273,1.0,-0.112,0.079,-0.26,0.206,0.117,0.185,-0.097,0.207,-0.064,-0.062,-0.318,-0.177
10,B1_1,-0.385,0.068,-0.026,-0.112,1.0,0.141,0.155,0.123,0.29,-0.035,-0.055,-0.084,0.205,0.326,0.028,-0.027
10,B1_2,0.127,0.073,-0.288,0.079,0.141,1.0,0.14,0.192,-0.272,-0.045,-0.025,-0.167,0.4,0.011,0.092,0.165
10,B1_3,0.022,-0.101,0.203,-0.26,0.155,0.14,1.0,-0.109,0.221,0.025,0.074,-0.64,0.338,0.158,-0.26,0.187
10,A2_1,0.257,-0.11,-0.0,0.206,0.123,0.192,-0.109,1.0,-0.068,0.055,-0.376,0.075,0.122,0.073,-0.003,0.003
10,A2_2,-0.498,-0.309,-0.081,0.117,0.29,-0.272,0.221,-0.068,1.0,-0.39,0.047,-0.066,-0.155,0.044,-0.111,-0.05
10,A2_3,0.126,0.209,0.268,0.185,-0.035,-0.045,0.025,0.055,-0.39,1.0,-0.127,-0.206,-0.096,0.069,-0.163,-0.154
10,B2_1,-0.096,0.156,-0.1,-0.097,-0.055,-0.025,0.074,-0.376,0.047,-0.127,1.0,0.169,-0.204,-0.049,0.179,-0.029
10,B2_2,-0.137,0.122,-0.314,0.207,-0.084,-0.167,-0.64,0.075,-0.066,-0.206,0.169,1.0,-0.083,0.146,0.381,0.097
10,B2_3,0.034,-0.106,-0.145,-0.064,0.205,0.4,0.338,0.122,-0.155,-0.096,-0.204,-0.083,1.0,0.114,0.024,0.189
10,y1,-0.329,0.275,0.134,-0.062,0.326,0.011,0.158,0.073,0.044,0.069,-0.049,0.146,0.114,1.0,0.032,0.443
10,y2,-0.02,0.113,0.006,-0.318,0.028,0.092,-0.26,-0.003,-0.111,-0.163,0.179,0.381,0.024,0.032,1.0,0.035
10,y3,-0.061,0.378,-0.104,-0.177,-0.027,0.165,0.187,0.003,-0.05,-0.154,-0.029,0.097,0.189,0.443,0.035,1.0
11,.,1.0,-0.191,-0.07,0.076,-0.386,0.125,0.02,0.257,-0.499,0.126,-0.096,-0.137,0.032,-0.33,-0.02,-0.061
11,A1_1,-0.191,1.0,-0.294,-0.12,0.068,0.073,-0.101,-0.11,-0.309,0.209,0.155,0.122,-0.106,0.275,0.113,0.377
11,A1_2,-0.07,-0.294,1.0,-0.272,-0.026,-0.289,0.202,0.0,-0.081,0.268,-0.1,-0.314,-0.146,0.134,0.006,-0.104
11,A1_3,0.076,-0.12,-0.272,1.0,-0.112,0.078,-0.261,0.206,0.118,0.185,-0.097,0.206,-0.065,-0.062,-0.318,-0.177
11,B1_1,-0.386,0.068,-0.026,-0.112,1.0,0.142,0.156,0.123,0.29,-0.035,-0.053,-0.083,0.206,0.326,0.028,-0.027
11,B1_2,0.125,0.073,-0.289,0.078,0.142,1.0,0.141,0.192,-0.272,-0.045,-0.024,-0.167,0.401,0.011,0.092,0.165
11,B1_3,0.02,-0.101,0.202,-0.261,0.156,0.141,1.0,-0.109,0.222,0.024,0.075,-0.639,0.339,0.158,-0.26,0.187
11,A2_1,0.257,-0.11,0.0,0.206,0.123,0.192,-0.109,1.0,-0.068,0.055,-0.376,0.075,0.122,0.073,-0.004,0.003
11,A2_2,-0.499,-0.309,-0.081,0.118,0.29,-0.272,0.222,-0.068,1.0,-0.389,0.047,-0.065,-0.154,0.043,-0.111,-0.05
11,A2_3,0.126,0.209,0.268,0.185,-0.035,-0.045,0.024,0.055,-0.389,1.0,-0.128,-0.206,-0.096,0.069,-0.164,-0.154
11,B2_1,-0.096,0.155,-0.1,-0.097,-0.053,-0.024,0.075,-0.376,0.047,-0.128,1.0,0.17,-0.202,-0.049,0.178,-0.03
11,B2_2,-0.137,0.122,-0.314,0.206,-0.083,-0.167,-0.639,0.075,-0.065,-0.206,0.17,1.0,-0.082,0.147,0.381,0.098
11,B2_3,0.032,-0.106,-0.146,-0.065,0.206,0.401,0.339,0.122,-0.154,-0.096,-0.202,-0.082,1.0,0.115,0.024,0.189
11,y1,-0.33,0.275,0.134,-0.062,0.326,0.011,0.158,0.073,0.043,0.069,-0.049,0.147,0.115,1.0,0.032,0.443
11,y2,-0.02,0.113,0.006,-0.318,0.028,0.092,-0.26,-0.004,-0.111,-0.164,0.178,0.381,0.024,0.032,1.0,0.035
11,y3,-0.061,0.377,-0.104,-0.177,-0.027,0.165,0.187,0.003,-0.05,-0.154,-0.03,0.098,0.189,0.443,0.035,1.0
12,.,1.0,-0.189,-0.07,0.076,-0.387,0.124,0.017,0.256,-0.499,0.126,-0.097,-0.137,0.029,-0.33,-0.019,-0.061
12,A1_1,-0.189,1.0,-0.294,-0.12,0.068,0.072,-0.101,-0.11,-0.309,0.209,0.155,0.122,-0.106,0.275,0.112,0.377
12,A1_2,-0.07,-0.294,1.0,-0.272,-0.027,-0.289,0.202,0.0,-0.08,0.269,-0.101,-0.315,-0.146,0.134,0.006,-0.104
12,A1_3,0.076,-0.12,-0.272,1.0,-0.113,0.077,-0.261,0.206,0.118,0.186,-0.098,0.206,-0.066,-0.062,-0.318,-0.177
12,B1_1,-0.387,0.068,-0.027,-0.113,1.0,0.143,0.157,0.122,0.291,-0.036,-0.052,-0.082,0.207,0.326,0.027,-0.027
12,B1_2,0.124,0.072,-0.289,0.077,0.143,1.0,0.143,0.191,-0.271,-0.046,-0.023,-0.167,0.401,0.011,0.091,0.165
12,B1_3,0.017,-0.101,0.202,-0.261,0.157,0.143,1.0,-0.109,0.222,0.024,0.076,-0.638,0.34,0.158,-0.26,0.187
12,A2_1,0.256,-0.11,0.0,0.206,0.122,0.191,-0.109,1.0,-0.067,0.055,-0.376,0.075,0.122,0.073,-0.004,0.002
12,A2_2,-0.499,-0.309,-0.08,0.118,0.291,-0.271,0.222,-0.067,1.0,-0.389,0.048,-0.064,-0.153,0.043,-0.112,-0.051
12,A2_3,0.126,0.209,0.269,0.186,-0.036,-0.046,0.024,0.055,-0.389,1.0,-0.128,-0.207,-0.096,0.069,-0.164,-0.154
12,B2_1,-0.097,0.155,-0.101,-0.098,-0.052,-0.023,0.076,-0.376,0.048,-0.128,1.0,0.17,-0.201,-0.049,0.178,-0.03
12,B2_2,-0.137,0.122,-0.315,0.206,-0.082,-0.167,-0.638,0.075,-0.064,-0.207,0.17,1.0,-0.082,0.148,0.381,0.098
12,B2_3,0.029,-0.106,-0.146,-0.066,0.207,0.401,0.34,0.122,-0.153,-0.096,-0.201,-0.082,1.0,0.115,0.023,0.189
12,y1,-0.33,0.275,0.134,-0.062,0.326,0.011,0.158,0.073,0.043,0.069,-0.049,0.148,0.115,1.0,0.033,0.443
12,y2,-0.019,0.112,0.006,-0.318,0.027,0.091,-0.26,-0.004,-0.112,-0.164,0.178,0.381,0.023,0.033,1.0,0.036
12,y3,-0.061,0.377,-0.104,-0.177,-0.027,0.165,0.187,0.002,-0.051,-0.154,-0.03,0.098,0.189,0.443,0.036,1.0
13,.,1.0,-0.188,-0.071,0.077,-0.388,0.122,0.014,0.255,-0.5,0.126,-0.098,-0.137,0.027,-0.331,-0.018,-0.061
13,A1_1,-0.188,1.0,-0.295,-0.12,0.068,0.072,-0.101,-0.11,-0.309,0.209,0.155,0.122,-0.106,0.275,0.112,0.377
13,A1_2,-0.071,-0.295,1.0,-0.271,-0.027,-0.289,0.201,0.001,-0.08,0.269,-0.101,-0.315,-0.146,0.134,0.006,-0.104
13,A1_3,0.077,-0.12,-0.271,1.0,-0.113,0.077,-0.261,0.207,0.118,0.186,-0.099,0.206,-0.066,-0.062,-0.318,-0.178
13,B1_1,-0.388,0.068,-0.027,-0.113,1.0,0.144,0.158,0.122,0.291,-0.036,-0.051,-0.082,0.208,0.326,0.027,-0.027
13,B1_2,0.122,0.072,-0.289,0.077,0.144,1.0,0.144,0.19,-0.271,-0.047,-0.022,-0.166,0.402,0.011,0.091,0.165
13,B1_3,0.014,-0.101,0.201,-0.261,0.158,0.144,1.0,-0.109,0.222,0.023,0.077,-0.637,0.341,0.158,-0.26,0.186
13,A2_1,0.255,-0.11,0.001,0.207,0.122,0.19,-0.109,1.0,-0.067,0.055,-0.376,0.075,0.121,0.073,-0.004,0.002
13,A2_2,-0.5,-0.309,-0.08,0.118,0.291,-0.271,0.222,-0.067,1.0,-0.388,0.048,-0.063,-0.153,0.043,-0.112,-0.052
13,A2_3,0.126,0.209,0.269,0.186,-0.036,-0.047,0.023,0.055,-0.388,1.0,-0.129,-0.207,-0.097,0.069,-0.164,-0.155
13,B2_1,-0.098,0.155,-0.101,-0.099,-0.051,-0.022,0.077,-0.376,0.048,-0.129,1.0,0.171,-0.2,-0.048,0.177,-0.03
13,B2_2,-0.137,0.122,-0.315,0.206,-0.082,-0.166,-0.637,0.075,-0.063,-0.207,0.171,1.0,-0.082,0.148,0.381,0.099
13,B2_3,0.027,-0.106,-0.146,-0.066,0.208,0.402,0.341,0.121,-0.153,-0.097,-0.2,-0.082,1.0,0.115,0.023,0.189
13,y1,-0.331,0.275,0.134,-0.062,0.326,0.011,0.158,0.073,0.043,0.069,-0.048,0.148,0.115,1.0,0.033,0.443
13,y2,-0.018,0.112,0.006,-0.318,0.027,0.091,-0.26,-0.004,-0.112,-0.164,0.177,0.381,0.023,0.033,1.0,0.037
13,y3,-0.061,0.377,-0.104,-0.178,-0.027,0.165,0.186,0.002,-0.052,-0.155,-0.03,0.099,0.189,0.443,0.037,1.0
14,.,1.0,-0.186,-0.071,0.078,-0.39,0.12,0.01,0.255,-0.501,0.126,-0.098,-0.137,0.024,-0.331,-0.017,-0.061
14,A1_1,-0.186,1.0,-0.295,-0.12,0.068,0.072,-0.101,-0.11,-0.309,0.208,0.154,0.122,-0.106,0.275,0.112,0.377
14,A1_2,-0.071,-0.295,1.0,-0.27,-0.027,-0.29,0.201,0.001,-0.08,0.269,-0.102,-0.315,-0.147,0.134,0.006,-0.104
14,A1_3,0.078,-0.12,-0.27,1.0,-0.114,0.076,-0.262,0.207,0.119,0.187,-0.099,0.205,-0.067,-0.062,-0.318,-0.178
14,B1_1,-0.39,0.068,-0.027,-0.114,1.0,0.145,0.159,0.122,0.291,-0.037,-0.049,-0.081,0.209,0.326,0.027,-0.027
14,B1_2,0.12,0.072,-0.29,0.076,0.145,1.0,0.145,0.19,-0.27,-0.047,-0.021,-0.166,0.403,0.012,0.09,0.164
14,B1_3,0.01,-0.101,0.201,-0.262,0.159,0.145,1.0,-0.11,0.223,0.023,0.078,-0.636,0.342,0.158,-0.26,0.186
14,A2_1,0.255,-0.11,0.001,0.207,0.122,0.19,-0.11,1.0,-0.067,0.056,-0.376,0.075,0.121,0.073,-0.005,0.002
14,A2_2,-0.501,-0.309,-0.08,0.119,0.291,-0.27,0.223,-0.067,1.0,-0.388,0.048,-0.062,-0.152,0.042,-0.113,-0.052
14,A2_3,0.126,0.208,0.269,0.187,-0.037,-0.047,0.023,0.056,-0.388,1.0,-0.129,-0.207,-0.098,0.068,-0.164,-0.155
14,B2_1,-0.098,0.154,-0.102,-0.099,-0.049,-0.021,0.078,-0.376,0.048,-0.129,1.0,0.172,-0.198,-0.048,0.176,-0.03
14,B2_2,-0.137,0.122,-0.315,0.205,-0.081,-0.166,-0.636,0.075,-0.062,-0.207,0.172,1.0,-0.081,0.149,0.381,0.099
14,B2_3,0.024,-0.106,-0.147,-0.067,0.209,0.403,0.342,0.121,-0.152,-0.098,-0.198,-0.081,1.0,0.115,0.022,0.189
14,y1,-0.331,0.275,0.134,-0.062,0.326,0.012,0.158,0.073,0.042,0.068,-0.048,0.149,0.115,1.0,0.033,0.444
14,y2,-0.017,0.112,0.006,-0.318,0.027,0.09,-0.26,-0.005,-0.113,-0.164,0.176,0.381,0.022,0.033,1.0,0.037
14,y3,-0.061,0.377,-0.104,-0.178,-0.027,0.164,0.186,0.002,-0.052,-0.155,-0.03,0.099,0.189,0.444,0.037,1.0
15,.,1.0,-0.185,-0.071,0.078,-0.392,0.117,0.007,0.254,-0.501,0.126,-0.099,-0.137,0.021,-0.332,-0.016,-0.06
15,A1_1,-0.185,1.0,-0.295,-0.12,0.068,0.071,-0.101,-0.11,-0.309,0.208,0.154,0.122,-0.106,0.275,0.112,0.377
15,A1_2,-0.071,-0.295,1.0,-0.269,-0.027,-0.29,0.2,0.001,-0.079,0.27,-0.103,-0.315,-0.147,0.134,0.006,-0.105
15,A1_3,0.078,-0.12,-0.269,1.0,-0.114,0.075,-0.262,0.207,0.119,0.188,-0.1,0.205,-0.068,-0.062,-0.318,-0.178
15,B1_1,-0.392,0.068,-0.027,-0.114,1.0,0.146,0.16,0.121,0.292,-0.037,-0.048,-0.08,0.21,0.326,0.026,-0.027
15,B1_2,0.117,0.071,-0.29,0.075,0.146,1.0,0.146,0.189,-0.269,-0.048,-0.02,-0.165,0.404,0.012,0.09,0.164
15,B1_3,0.007,-0.101,0.2,-0.262,0.16,0.146,1.0,-0.11,0.223,0.022,0.08,-0.635,0.344,0.157,-0.261,0.186
15,A2_1,0.254,-0.11,0.001,0.207,0.121,0.189,-0.11,1.0,-0.067,0.056,-0.376,0.075,0.12,0.073,-0.005,0.001
15,A2_2,-0.501,-0.309,-0.079,0.119,0.292,-0.269,0.223,-0.067,1.0,-0.387,0.048,-0.061,-0.152,0.042,-0.114,-0.053
15,A2_3,0.126,0.208,0.27,0.188,-0.037,-0.048,0.022,0.056,-0.387,1.0,-0.13,-0.208,-0.098,0.068,-0.164,-0.155
15,B2_1,-0.099,0.154,-0.103,-0.1,-0.048,-0.02,0.08,-0.376,0.048,-0.13,1.0,0.172,-0.196,-0.048,0.176,-0.03
15,B2_2,-0.137,0.122,-0.315,0.205,-0.08,-0.165,-0.635,0.075,-0.061,-0.208,0.172,1.0,-0.081,0.15,0.381,0.1
15,B2_3,0.021,-0.106,-0.147,-0.068,0.21,0.404,0.344,0.12,-0.152,-0.098,-0.196,-0.081,1.0,0.115,0.022,0.189
15,y1,-0.332,0.275,0.134,-0.062,0.326,0.012,0.157,0.073,0.042,0.068,-0.048,0.15,0.115,1.0,0.034,0.444
15,y2,-0.016,0.112,0.006,-0.318,0.026,0.09,-0.261,-0.005,-0.114,-0.164,0.176,0.381,0.022,0.034,1.0,0.038
15,y3,-0.06,0.377,-0.105,-0.178,-0.027,0.164,0.186,0.001,-0.053,-0.155,-0.03,0.1,0.189,0.444,0.038,1.0
16,.,1.0,-0.183,-0.071,0.079,-0.393,0.115,0.003,0.253,-0.502,0.126,-0.1,-0.138,0.018,-0.332,-0.014,-0.06
16,A1_1,-0.183,1.0,-0.295,-0.12,0.068,0.071,-0.102,-0.11,-0.31,0.208,0.153,0.122,-0.107,0.275,0.112,0.376
16,A1_2,-0.071,-0.295,1.0,-0.269,-0.028,-0.29,0.2,0.002,-0.079,0.27,-0.103,-0.316,-0.147,0.134,0.006,-0.105
16,A1_3,0.079,-0.12,-0.269,1.0,-0.115,0.074,-0.262,0.208,0.12,0.188,-0.101,0.204,-0.069,-0.062,-0.318,-0.179
16,B1_1,-0.393,0.068,-0.028,-0.115,1.0,0.147,0.162,0.12,0.292,-0.038,-0.046,-0.079,0.211,0.326,0.025,-0.027
16,B1_2,0.115,0.071,-0.29,0.074,0.147,1.0,0.148,0.188,-0.269,-0.049,-0.019,-0.165,0.405,0.012,0.089,0.164
16,B1_3,0.003,-0.102,0.2,-0.262,0.162,0.148,1.0,-0.11,0.223,0.021,0.081,-0.633,0.345,0.157,-0.261,0.185
16,A2_1,0.253,-0.11,0.002,0.208,0.12,0.188,-0.11,1.0,-0.066,0.057,-0.377,0.074,0.119,0.072,-0.005,0.001
16,A2_2,-0.502,-0.31,-0.079,0.12,0.292,-0.269,0.223,-0.066,1.0,-0.386,0.049,-0.06,-0.151,0.041,-0.114,-0.054
16,A2_3,0.126,0.208,0.27,0.188,-0.038,-0.049,0.021,0.057,-0.386,1.0,-0.131,-0.208,-0.099,0.068,-0.164,-0.156
16,B2_1,-0.1,0.153,-0.103,-0.101,-0.046,-0.019,0.081,-0.377,0.049,-0.131,1.0,0.173,-0.194,-0.048,0.175,-0.03
16,B2_2,-0.138,0.122,-0.316,0.204,-0.079,-0.165,-0.633,0.074,-0.06,-0.208,0.173,1.0,-0.08,0.151,0.381,0.101
16,B2_3,0.018,-0.107,-0.147,-0.069,0.211,0.405,0.345,0.119,-0.151,-0.099,-0.194,-0.08,1.0,0.115,0.021,0.189
16,y1,-0.332,0.275,0.134,-0.062,0.326,0.012,0.157,0.072,0.041,0.068,-0.048,0.151,0.115,1.0,0.034,0.444
16,y2,-0.014,0.112,0.006,-0.318,0.025,0.089,-0.261,-0.005,-0.114,-0.164,0.175,0.381,0.021,0.034,1.0,0.039
16,y3,-0.06,0.376,-0.105,-0.179,-0.027,0.164,0.185,0.001,-0.054,-0.156,-0.03,0.101,0.189,0.444,0.039,1.0
17,.,1.0,-0.181,-0.071,0.08,-0.395,0.112,-0.001,0.252,-0.502,0.126,-0.101,-0.138,0.015,-0.332,-0.013,-0.06
17,A1_1,-0.181,1.0,-0.295,-0.119,0.067,0.07,-0.102,-0.11,-0.31,0.208,0.153,0.122,-0.107,0.275,0.111,0.376
17,A1_2,-0.071,-0.295,1.0,-0.268,-0.028,-0.291,0.199,0.002,-0.079,0.271,-0.104,-0.316,-0.148,0.134,0.006,-0.105
17,A1_3,0.08,-0.119,-0.268,1.0,-0.116,0.073,-0.263,0.208,0.12,0.189,-0.102,0.204,-0.07,-0.062,-0.318,-0.179
17,B1_1,-0.395,0.067,-0.028,-0.116,1.0,0.149,0.163,0.12,0.292,-0.039,-0.044,-0.078,0.213,0.326,0.025,-0.028
17,B1_2,0.112,0.07,-0.291,0.073,0.149,1.0,0.149,0.187,-0.268,-0.05,-0.017,-0.164,0.406,0.012,0.089,0.164
17,B1_3,-0.001,-0.102,0.199,-0.263,0.163,0.149,1.0,-0.111,0.224,0.02,0.083,-0.632,0.346,0.157,-0.261,0.184
17,A2_1,0.252,-0.11,0.002,0.208,0.12,0.187,-0.111,1.0,-0.066,0.057,-0.377,0.074,0.119,0.072,-0.005,0.001
17,A2_2,-0.502,-0.31,-0.079,0.12,0.292,-0.268,0.224,-0.066,1.0,-0.385,0.049,-0.059,-0.15,0.04,-0.115,-0.055
17,A2_3,0.126,0.208,0.271,0.189,-0.039,-0.05,0.02,0.057,-0.385,1.0,-0.132,-0.209,-0.1,0.068,-0.164,-0.156
17,B2_1,-0.101,0.153,-0.104,-0.102,-0.044,-0.017,0.083,-0.377,0.049,-0.132,1.0,0.174,-0.193,-0.048,0.174,-0.031
17,B2_2,-0.138,0.122,-0.316,0.204,-0.078,-0.164,-0.632,0.074,-0.059,-0.209,0.174,1.0,-0.079,0.152,0.381,0.101
17,B2_3,0.015,-0.107,-0.148,-0.07,0.213,0.406,0.346,0.119,-0.15,-0.1,-0.193,-0.079,1.0,0.116,0.021,0.189
17,y1,-0.332,0.275,0.134,-0.062,0.326,0.012,0.157,0.072,0.04,0.068,-0.048,0.152,0.116,1.0,0.035,0.444
17,y2,-0.013,0.111,0.006,-0.318,0.025,0.089,-0.261,-0.005,-0.115,-0.164,0.174,0.381,0.021,0.035,1.0,0.039
17,y3,-0.06,0.376,-0.105,-0.179,-0.028,0.164,0.184,0.001,-0.055,-0.156,-0.031,0.101,0.189,0.444,0.039,1.0
18,.,1.0,-0.179,-0.071,0.081,-0.398,0.109,-0.006,0.252,-0.503,0.126,-0.103,-0.138,0.011,-0.333,-0.012,-0.06
18,A1_1,-0.179,1.0,-0.295,-0.119,0.067,0.07,-0.102,-0.11,-0.31,0.208,0.152,0.123,-0.107,0.275,0.111,0.376
18,A1_2,-0.071,-0.295,1.0,-0.267,-0.029,-0.291,0.198,0.003,-0.078,0.271,-0.105,-0.316,-0.148,0.134,0.005,-0.105
18,A1_3,0.081,-0.119,-0.267,1.0,-0.116,0.071,-0.263,0.209,0.121,0.19,-0.103,0.203,-0.071,-0.062,-0.318,-0.179
18,B1_1,-0.398,0.067,-0.029,-0.116,1.0,0.15,0.165,0.119,0.292,-0.039,-0.042,-0.076,0.214,0.325,0.024,-0.028
18,B1_2,0.109,0.07,-0.291,0.071,0.15,1.0,0.151,0.186,-0.267,-0.051,-0.016,-0.163,0.408,0.013,0.088,0.164
18,B1_3,-0.006,-0.102,0.198,-0.263,0.165,0.151,1.0,-0.111,0.224,0.019,0.085,-0.63,0.348,0.157,-0.262,0.184
18,A2_1,0.252,-0.11,0.003,0.209,0.119,0.186,-0.111,1.0,-0.066,0.058,-0.377,0.074,0.118,0.072,-0.006,0.0
18,A2_2,-0.503,-0.31,-0.078,0.121,0.292,-0.267,0.224,-0.066,1.0,-0.385,0.049,-0.058,-0.149,0.04,-0.116,-0.056
18,A2_3,0.126,0.208,0.271,0.19,-0.039,-0.051,0.019,0.058,-0.385,1.0,-0.132,-0.209,-0.101,0.068,-0.164,-0.156
18,B2_1,-0.103,0.152,-0.105,-0.103,-0.042,-0.016,0.085,-0.377,0.049,-0.132,1.0,0.175,-0.19,-0.048,0.173,-0.031
18,B2_2,-0.138,0.123,-0.316,0.203,-0.076,-0.163,-0.63,0.074,-0.058,-0.209,0.175,1.0,-0.078,0.153,0.381,0.102
18,B2_3,0.011,-0.107,-0.148,-0.071,0.214,0.408,0.348,0.118,-0.149,-0.101,-0.19,-0.078,1.0,0.116,0.02,0.188
18,y1,-0.333,0.275,0.134,-0.062,0.325,0.013,0.157,0.072,0.04,0.068,-0.048,0.153,0.116,1.0,0.035,0.444
18,y2,-0.012,0.111,0.005,-0.318,0.024,0.088,-0.262,-0.006,-0.116,-0.164,0.173,0.381,0.02,0.035,1.0,0.04
18,y3,-0.06,0.376,-0.105,-0.179,-0.028,0.164,0.184,0.0,-0.056,-0.156,-0.031,0.102,0.188,0.444,0.04,1.0
19,.,1.0,-0.178,-0.071,0.082,-0.4,0.106,-0.01,0.251,-0.504,0.126,-0.104,-0.139,0.007,-0.333,-0.01,-0.059
19,A1_1,-0.178,1.0,-0.295,-0.119,0.067,0.069,-0.102,-0.11,-0.31,0.208,0.151,0.123,-0.107,0.275,0.111,0.376
19,A1_2,-0.071,-0.295,1.0,-0.266,-0.029,-0.292,0.197,0.003,-0.078,0.272,-0.105,-0.317,-0.149,0.134,0.005,-0.105
19,A1_3,0.082,-0.119,-0.266,1.0,-0.117,0.07,-0.264,0.209,0.121,0.19,-0.103,0.202,-0.072,-0.062,-0.318,-0.18
19,B1_1,-0.4,0.067,-0.029,-0.117,1.0,0.152,0.166,0.118,0.293,-0.04,-0.04,-0.075,0.216,0.325,0.023,-0.028
19,B1_2,0.106,0.069,-0.292,0.07,0.152,1.0,0.153,0.185,-0.266,-0.052,-0.014,-0.162,0.409,0.013,0.087,0.163
19,B1_3,-0.01,-0.102,0.197,-0.264,0.166,0.153,1.0,-0.112,0.224,0.019,0.086,-0.628,0.349,0.157,-0.262,0.183
19,A2_1,0.251,-0.11,0.003,0.209,0.118,0.185,-0.112,1.0,-0.065,0.058,-0.378,0.074,0.117,0.072,-0.006,-0.0
19,A2_2,-0.504,-0.31,-0.078,0.121,0.293,-0.266,0.224,-0.065,1.0,-0.384,0.05,-0.056,-0.149,0.039,-0.117,-0.057
19,A2_3,0.126,0.208,0.272,0.19,-0.04,-0.052,0.019,0.058,-0.384,1.0,-0.133,-0.21,-0.102,0.068,-0.165,-0.157
19,B2_1,-0.104,0.151,-0.105,-0.103,-0.04,-0.014,0.086,-0.378,0.05,-0.133,1.0,0.176,-0.188,-0.048,0.172,-0.031
19,B2_2,-0.139,0.123,-0.317,0.202,-0.075,-0.162,-0.628,0.074,-0.056,-0.21,0.176,1.0,-0.077,0.154,0.38,0.103
19,B2_3,0.007,-0.107,-0.149,-0.072,0.216,0.409,0.349,0.117,-0.149,-0.102,-0.188,-0.077,1.0,0.116,0.02,0.188
19,y1,-0.333,0.275,0.134,-0.062,0.325,0.013,0.157,0.072,0.039,0.068,-0.048,0.154,0.116,1.0,0.035,0.444
19,y2,-0.01,0.111,0.005,-0.318,0.023,0.087,-0.262,-0.006,-0.117,-0.165,0.172,0.38,0.02,0.035,1.0,0.041
19,y3,-0.059,0.376,-0.105,-0.18,-0.028,0.163,0.183,-0.0,-0.057,-0.157,-0.031,0.103,0.188,0.444,0.041,1.0
20,.,1.0,-0.176,-0.071,0.083,-0.402,0.102,-0.015,0.251,-0.504,0.126,-0.106,-0.14,0.003,-0.333,-0.009,-0.059
20,A1_1,-0.176,1.0,-0.295,-0.118,0.067,0.069,-0.102,-0.11,-0.31,0.208,0.151,0.123,-0.108,0.275,0.111,0.375
20,A1_2,-0.071,-0.295,1.0,-0.265,-0.03,-0.292,0.196,0.004,-0.077,0.272,-0.106,-0.317,-0.15,0.134,0.006,-0.105
20,A1_3,0.083,-0.118,-0.265,1.0,-0.118,0.069,-0.265,0.21,0.122,0.191,-0.104,0.201,-0.073,-0.063,-0.318,-0.18
20,B1_1,-0.402,0.067,-0.03,-0.118,1.0,0.154,0.168,0.118,0.293,-0.041,-0.037,-0.073,0.217,0.324,0.022,-0.028
20,B1_2,0.102,0.069,-0.292,0.069,0.154,1.0,0.155,0.184,-0.265,-0.053,-0.012,-0.161,0.41,0.013,0.087,0.163
20,B1_3,-0.015,-0.102,0.196,-0.265,0.168,0.155,1.0,-0.113,0.225,0.017,0.088,-0.626,0.351,0.156,-0.263,0.182
20,A2_1,0.251,-0.11,0.004,0.21,0.118,0.184,-0.113,1.0,-0.065,0.059,-0.378,0.073,0.116,0.072,-0.006,-0.0
20,A2_2,-0.504,-0.31,-0.077,0.122,0.293,-0.265,0.225,-0.065,1.0,-0.383,0.05,-0.055,-0.148,0.038,-0.118,-0.059
20,A2_3,0.126,0.208,0.272,0.191,-0.041,-0.053,0.017,0.059,-0.383,1.0,-0.134,-0.211,-0.103,0.068,-0.165,-0.157
20,B2_1,-0.106,0.151,-0.106,-0.104,-0.037,-0.012,0.088,-0.378,0.05,-0.134,1.0,0.178,-0.186,-0.048,0.171,-0.032
20,B2_2,-0.14,0.123,-0.317,0.201,-0.073,-0.161,-0.626,0.073,-0.055,-0.211,0.178,1.0,-0.076,0.155,0.38,0.103
20,B2_3,0.003,-0.108,-0.15,-0.073,0.217,0.41,0.351,0.116,-0.148,-0.103,-0.186,-0.076,1.0,0.116,0.019,0.187
20,y1,-0.333,0.275,0.134,-0.063,0.324,0.013,0.156,0.072,0.038,0.068,-0.048,0.155,0.116,1.0,0.036,0.444
20,y2,-0.009,0.111,0.006,-0.318,0.022,0.087,-0.263,-0.006,-0.118,-0.165,0.171,0.38,0.019,0.036,1.0,0.042
20,y3,-0.059,0.375,-0.105,-0.18,-0.028,0.163,0.182,-0.0,-0.059,-0.157,-0.032,0.103,0.187,0.444,0.042,1.0
21,.,1.0,-0.173,-0.071,0.083,-0.405,0.098,-0.02,0.25,-0.505,0.127,-0.107,-0.141,-0.001,-0.333,-0.007,-0.058
21,A1_1,-0.173,1.0,-0.295,-0.118,0.066,0.068,-0.103,-0.11,-0.311,0.209,0.15,0.123,-0.108,0.275,0.111,0.375
21,A1_2,-0.071,-0.295,1.0,-0.264,-0.031,-0.293,0.195,0.004,-0.077,0.273,-0.107,-0.318,-0.15,0.134,0.006,-0.105
21,A1_3,0.083,-0.118,-0.264,1.0,-0.119,0.068,-0.265,0.211,0.123,0.192,-0.105,0.201,-0.074,-0.063,-0.318,-0.18
21,B1_1,-0.405,0.066,-0.031,-0.119,1.0,0.156,0.17,0.117,0.293,-0.042,-0.035,-0.071,0.219,0.324,0.022,-0.029
21,B1_2,0.098,0.068,-0.293,0.068,0.156,1.0,0.156,0.183,-0.265,-0.054,-0.01,-0.16,0.412,0.013,0.086,0.162
21,B1_3,-0.02,-0.103,0.195,-0.265,0.17,0.156,1.0,-0.113,0.225,0.016,0.09,-0.624,0.353,0.156,-0.263,0.181
21,A2_1,0.25,-0.11,0.004,0.211,0.117,0.183,-0.113,1.0,-0.064,0.059,-0.378,0.073,0.115,0.072,-0.007,-0.001
21,A2_2,-0.505,-0.311,-0.077,0.123,0.293,-0.265,0.225,-0.064,1.0,-0.382,0.05,-0.054,-0.147,0.037,-0.119,-0.06
21,A2_3,0.127,0.209,0.273,0.192,-0.042,-0.054,0.016,0.059,-0.382,1.0,-0.135,-0.212,-0.104,0.068,-0.165,-0.157
21,B2_1,-0.107,0.15,-0.107,-0.105,-0.035,-0.01,0.09,-0.378,0.05,-0.135,1.0,0.179,-0.183,-0.048,0.17,-0.032
21,B2_2,-0.141,0.123,-0.318,0.201,-0.071,-0.16,-0.624,0.073,-0.054,-0.212,0.179,1.0,-0.075,0.156,0.38,0.104
21,B2_3,-0.001,-0.108,-0.15,-0.074,0.219,0.412,0.353,0.115,-0.147,-0.104,-0.183,-0.075,1.0,0.116,0.018,0.187
21,y1,-0.333,0.275,0.134,-0.063,0.324,0.013,0.156,0.072,0.037,0.068,-0.048,0.156,0.116,1.0,0.036,0.444
21,y2,-0.007,0.111,0.006,-0.318,0.022,0.086,-0.263,-0.007,-0.119,-0.165,0.17,0.38,0.018,0.036,1.0,0.043
21,y3,-0.058,0.375,-0.105,-0.18,-0.029,0.162,0.181,-0.001,-0.06,-0.157,-0.032,0.104,0.187,0.444,0.043,1.0
22,.,1.0,-0.171,-0.071,0.084,-0.407,0.094,-0.025,0.249,-0.505,0.127,-0.109,-0.142,-0.006,-0.333,-0.005,-0.057
22,A1_1,-0.171,1.0,-0.295,-0.118,0.066,0.068,-0.103,-0.11,-0.311,0.209,0.149,0.123,-0.109,0.275,0.11,0.375
22,A1_2,-0.071,-0.295,1.0,-0.263,-0.031,-0.293,0.194,0.005,-0.077,0.273,-0.108,-0.318,-0.151,0.134,0.006,-0.105
22,A1_3,0.084,-0.118,-0.263,1.0,-0.12,0.066,-0.266,0.211,0.123,0.193,-0.107,0.2,-0.076,-0.063,-0.318,-0.181
22,B1_1,-0.407,0.066,-0.031,-0.12,1.0,0.158,0.172,0.116,0.293,-0.043,-0.032,-0.069,0.221,0.323,0.021,-0.03
22,B1_2,0.094,0.068,-0.293,0.066,0.158,1.0,0.158,0.181,-0.264,-0.055,-0.008,-0.159,0.413,0.013,0.085,0.162
22,B1_3,-0.025,-0.103,0.194,-0.266,0.172,0.158,1.0,-0.114,0.226,0.015,0.092,-0.622,0.355,0.156,-0.264,0.18
22,A2_1,0.249,-0.11,0.005,0.211,0.116,0.181,-0.114,1.0,-0.064,0.06,-0.379,0.072,0.113,0.072,-0.007,-0.001
22,A2_2,-0.505,-0.311,-0.077,0.123,0.293,-0.264,0.226,-0.064,1.0,-0.381,0.051,-0.052,-0.146,0.036,-0.12,-0.061
22,A2_3,0.127,0.209,0.273,0.193,-0.043,-0.055,0.015,0.06,-0.381,1.0,-0.136,-0.212,-0.105,0.068,-0.165,-0.157
22,B2_1,-0.109,0.149,-0.108,-0.107,-0.032,-0.008,0.092,-0.379,0.051,-0.136,1.0,0.18,-0.181,-0.048,0.169,-0.033
22,B2_2,-0.142,0.123,-0.318,0.2,-0.069,-0.159,-0.622,0.072,-0.052,-0.212,0.18,1.0,-0.073,0.157,0.38,0.105
22,B2_3,-0.006,-0.109,-0.151,-0.076,0.221,0.413,0.355,0.113,-0.146,-0.105,-0.181,-0.073,1.0,0.116,0.017,0.186
22,y1,-0.333,0.275,0.134,-0.063,0.323,0.013,0.156,0.072,0.036,0.068,-0.048,0.157,0.116,1.0,0.037,0.444
22,y2,-0.005,0.11,0.006,-0.318,0.021,0.085,-0.264,-0.007,-0.12,-0.165,0.169,0.38,0.017,0.037,1.0,0.044
22,y3,-0.057,0.375,-0.105,-0.181,-0.03,0.162,0.18,-0.001,-0.061,-0.157,-0.033,0.105,0.186,0.444,0.044,1.0
23,.,1.0,-0.169,-0.071,0.085,-0.41,0.09,-0.03,0.249,-0.505,0.127,-0.111,-0.144,-0.011,-0.333,-0.004,-0.056
23,A1_1,-0.169,1.0,-0.295,-0.117,0.065,0.067,-0.104,-0.109,-0.311,0.209,0.148,0.123,-0.109,0.275,0.11,0.375
23,A1_2,-0.071,-0.295,1.0,-0.262,-0.032,-0.294,0.193,0.005,-0.076,0.274,-0.109,-0.318,-0.152,0.134,0.006,-0.105
23,A1_3,0.085,-0.117,-0.262,1.0,-0.121,0.065,-0.266,0.212,0.124,0.194,-0.108,0.199,-0.077,-0.063,-0.318,-0.181
23,B1_1,-0.41,0.065,-0.032,-0.121,1.0,0.16,0.175,0.114,0.293,-0.044,-0.03,-0.067,0.224,0.323,0.019,-0.03
23,B1_2,0.09,0.067,-0.294,0.065,0.16,1.0,0.161,0.18,-0.263,-0.057,-0.006,-0.158,0.415,0.014,0.084,0.161
23,B1_3,-0.03,-0.104,0.193,-0.266,0.175,0.161,1.0,-0.115,0.226,0.014,0.095,-0.619,0.357,0.155,-0.264,0.179
23,A2_1,0.249,-0.109,0.005,0.212,0.114,0.18,-0.115,1.0,-0.064,0.061,-0.379,0.071,0.112,0.072,-0.007,-0.001
23,A2_2,-0.505,-0.311,-0.076,0.124,0.293,-0.263,0.226,-0.064,1.0,-0.381,0.051,-0.05,-0.145,0.035,-0.121,-0.063
23,A2_3,0.127,0.209,0.274,0.194,-0.044,-0.057,0.014,0.061,-0.381,1.0,-0.138,-0.213,-0.106,0.067,-0.165,-0.158
23,B2_1,-0.111,0.148,-0.109,-0.108,-0.03,-0.006,0.095,-0.379,0.051,-0.138,1.0,0.182,-0.178,-0.048,0.168,-0.034
23,B2_2,-0.144,0.123,-0.318,0.199,-0.067,-0.158,-0.619,0.071,-0.05,-0.213,0.182,1.0,-0.072,0.159,0.38,0.105
23,B2_3,-0.011,-0.109,-0.152,-0.077,0.224,0.415,0.357,0.112,-0.145,-0.106,-0.178,-0.072,1.0,0.116,0.016,0.185
23,y1,-0.333,0.275,0.134,-0.063,0.323,0.014,0.155,0.072,0.035,0.067,-0.048,0.159,0.116,1.0,0.037,0.444
23,y2,-0.004,0.11,0.006,-0.318,0.019,0.084,-0.264,-0.007,-0.121,-0.165,0.168,0.38,0.016,0.037,1.0,0.045
23,y3,-0.056,0.375,-0.105,-0.181,-0.03,0.161,0.179,-0.001,-0.063,-0.158,-0.034,0.105,0.185,0.444,0.045,1.0
24,.,1.0,-0.167,-0.07,0.086,-0.413,0.085,-0.036,0.248,-0.506,0.128,-0.113,-0.145,-0.016,-0.333,-0.002,-0.055
24,A1_1,-0.167,1.0,-0.294,-0.117,0.065,0.066,-0.104,-0.109,-0.311,0.209,0.147,0.123,-0.11,0.275,0.11,0.374
24,A1_2,-0.07,-0.294,1.0,-0.26,-0.033,-0.295,0.192,0.006,-0.076,0.275,-0.109,-0.319,-0.153,0.134,0.006,-0.105
24,A1_3,0.086,-0.117,-0.26,1.0,-0.122,0.063,-0.267,0.213,0.125,0.195,-0.109,0.198,-0.079,-0.063,-0.318,-0.181
24,B1_1,-0.413,0.065,-0.033,-0.122,1.0,0.163,0.177,0.113,0.293,-0.045,-0.027,-0.065,0.226,0.322,0.018,-0.031
