,,.,A1_1,A1_2,A1_3,B1_1,B1_2,B1_3,A2_1,A2_2,A2_3,B2_1,B2_2,B2_3,y1,y2,y3
0,.,0.045,0.196,0.092,0.014,0.011,0.04,0.052,0.174,0.027,0.025,0.034,0.239,0.011,0.023,0.011,0.007
0,A1_1,0.159,0.138,0.07,0.022,0.024,0.054,0.008,0.033,0.068,0.057,0.09,0.114,0.032,0.066,0.022,0.043
0,A1_2,0.04,0.1,0.05,0.012,0.008,0.053,0.02,0.196,0.011,0.034,0.058,0.315,0.019,0.05,0.023,0.01
0,A1_3,0.07,0.07,0.057,0.03,0.035,0.081,0.007,0.018,0.038,0.057,0.15,0.128,0.077,0.077,0.051,0.054
0,B1_1,0.015,0.078,0.16,0.047,0.019,0.086,0.062,0.088,0.009,0.044,0.022,0.213,0.014,0.066,0.056,0.022
0,B1_2,0.087,0.087,0.114,0.026,0.054,0.044,0.024,0.021,0.167,0.018,0.096,0.159,0.041,0.025,0.007,0.03
0,B1_3,0.048,0.204,0.059,0.067,0.014,0.021,0.021,0.15,0.029,0.098,0.014,0.102,0.032,0.038,0.07,0.032
0,A2_1,0.045,0.04,0.109,0.06,0.03,0.056,0.011,0.049,0.059,0.062,0.094,0.22,0.036,0.057,0.022,0.051
0,A2_2,0.014,0.043,0.041,0.06,0.049,0.047,0.006,0.02,0.011,0.08,0.057,0.064,0.119,0.128,0.169,0.091
0,A2_3,0.052,0.079,0.197,0.047,0.016,0.105,0.042,0.051,0.031,0.051,0.048,0.166,0.008,0.062,0.02,0.025
0,B2_1,0.064,0.094,0.119,0.051,0.032,0.11,0.025,0.032,0.032,0.067,0.057,0.13,0.046,0.043,0.064,0.035
0,B2_2,0.053,0.076,0.143,0.085,0.026,0.047,0.012,0.043,0.043,0.11,0.028,0.162,0.019,0.054,0.059,0.041
0,B2_3,0.038,0.058,0.089,0.029,0.028,0.06,0.013,0.046,0.048,0.038,0.148,0.268,0.032,0.059,0.016,0.03
0,y1,0.033,0.094,0.086,0.056,0.026,0.089,0.016,0.031,0.021,0.08,0.081,0.112,0.045,0.093,0.074,0.062
0,y2,0.033,0.104,0.255,0.057,0.029,0.076,0.039,0.042,0.043,0.048,0.024,0.138,0.013,0.037,0.023,0.04
0,y3,0.061,0.075,0.139,0.047,0.038,0.088,0.014,0.017,0.071,0.053,0.104,0.131,0.026,0.062,0.026,0.049
1,.,0.05,0.198,0.091,0.015,0.012,0.04,0.053,0.176,0.028,0.026,0.034,0.224,0.011,0.024,0.011,0.007
1,A1_1,0.174,0.134,0.066,0.023,0.023,0.052,0.008,0.033,0.067,0.059,0.087,0.103,0.032,0.07,0.023,0.045
1,A1_2,0.044,0.099,0.048,0.012,0.008,0.052,0.02,0.202,0.011,0.035,0.059,0.3,0.02,0.054,0.025,0.011
1,A1_3,0.075,0.069,0.053,0.031,0.034,0.079,0.007,0.019,0.037,0.059,0.149,0.118,0.079,0.082,0.053,0.058
1,B1_1,0.017,0.079,0.152,0.049,0.019,0.084,0.061,0.089,0.01,0.046,0.023,0.204,0.015,0.069,0.059,0.023
1,B1_2,0.091,0.087,0.112,0.027,0.053,0.045,0.025,0.022,0.167,0.019,0.095,0.153,0.042,0.026,0.007,0.03
1,B1_3,0.055,0.204,0.055,0.069,0.014,0.02,0.019,0.144,0.03,0.103,0.014,0.091,0.032,0.041,0.074,0.034
1,A2_1,0.045,0.038,0.108,0.063,0.029,0.058,0.012,0.05,0.054,0.066,0.092,0.217,0.036,0.059,0.024,0.051
1,A2_2,0.015,0.042,0.038,0.057,0.049,0.046,0.006,0.019,0.011,0.078,0.059,0.06,0.122,0.133,0.168,0.094
1,A2_3,0.054,0.078,0.195,0.048,0.016,0.107,0.043,0.052,0.029,0.053,0.046,0.161,0.008,0.063,0.022,0.024
1,B2_1,0.078,0.093,0.113,0.05,0.03,0.111,0.024,0.031,0.034,0.068,0.061,0.117,0.046,0.046,0.06,0.037
1,B2_2,0.057,0.075,0.129,0.084,0.026,0.046,0.012,0.044,0.037,0.117,0.027,0.15,0.02,0.06,0.071,0.043
1,B2_3,0.043,0.059,0.088,0.028,0.026,0.064,0.014,0.047,0.048,0.039,0.153,0.256,0.03,0.06,0.016,0.029
1,y1,0.039,0.093,0.079,0.057,0.025,0.088,0.014,0.029,0.02,0.085,0.08,0.1,0.045,0.1,0.082,0.066
1,y2,0.034,0.099,0.256,0.055,0.028,0.081,0.041,0.043,0.039,0.047,0.025,0.14,0.013,0.038,0.024,0.038
1,y3,0.07,0.076,0.132,0.047,0.038,0.091,0.014,0.015,0.071,0.054,0.108,0.117,0.027,0.064,0.027,0.051
2,.,0.055,0.2,0.09,0.015,0.012,0.04,0.055,0.178,0.029,0.027,0.034,0.212,0.011,0.025,0.011,0.007
2,A1_1,0.188,0.13,0.062,0.024,0.023,0.05,0.008,0.033,0.065,0.061,0.084,0.094,0.032,0.074,0.024,0.048
2,A1_2,0.048,0.098,0.046,0.013,0.009,0.051,0.02,0.206,0.011,0.036,0.06,0.287,0.021,0.057,0.027,0.011
2,A1_3,0.08,0.067,0.05,0.031,0.033,0.077,0.007,0.019,0.036,0.06,0.147,0.11,0.081,0.087,0.056,0.06
2,B1_1,0.02,0.08,0.146,0.049,0.019,0.084,0.06,0.09,0.01,0.048,0.024,0.197,0.015,0.073,0.062,0.024
2,B1_2,0.096,0.087,0.11,0.028,0.053,0.045,0.025,0.023,0.165,0.02,0.095,0.147,0.042,0.027,0.007,0.031
2,B1_3,0.061,0.202,0.051,0.07,0.014,0.02,0.018,0.137,0.03,0.108,0.014,0.083,0.033,0.044,0.077,0.037
2,A2_1,0.046,0.036,0.107,0.064,0.028,0.061,0.012,0.05,0.049,0.068,0.09,0.214,0.035,0.061,0.027,0.05
2,A2_2,0.017,0.041,0.036,0.055,0.048,0.047,0.006,0.018,0.011,0.077,0.062,0.057,0.124,0.138,0.167,0.095
2,A2_3,0.057,0.078,0.19,0.048,0.015,0.109,0.044,0.054,0.028,0.054,0.044,0.157,0.008,0.064,0.024,0.024
2,B2_1,0.093,0.092,0.107,0.049,0.029,0.112,0.024,0.03,0.035,0.068,0.064,0.107,0.044,0.049,0.057,0.039
2,B2_2,0.062,0.075,0.116,0.083,0.026,0.046,0.011,0.045,0.034,0.123,0.027,0.137,0.021,0.067,0.082,0.045
2,B2_3,0.048,0.06,0.088,0.027,0.024,0.068,0.014,0.049,0.046,0.04,0.154,0.251,0.028,0.06,0.016,0.027
2,y1,0.046,0.09,0.072,0.056,0.024,0.087,0.013,0.027,0.02,0.088,0.082,0.09,0.045,0.107,0.085,0.069
2,y2,0.036,0.096,0.25,0.054,0.027,0.087,0.042,0.044,0.035,0.048,0.025,0.141,0.013,0.04,0.026,0.037
2,y3,0.081,0.076,0.127,0.045,0.036,0.096,0.014,0.015,0.071,0.053,0.112,0.108,0.026,0.064,0.026,0.05
3,.,0.06,0.201,0.089,0.016,0.012,0.039,0.056,0.18,0.03,0.028,0.034,0.199,0.011,0.026,0.011,0.008
3,A1_1,0.202,0.126,0.058,0.025,0.022,0.048,0.008,0.032,0.064,0.063,0.08,0.086,0.032,0.078,0.025,0.051
3,A1_2,0.051,0.097,0.044,0.013,0.009,0.05,0.02,0.211,0.011,0.037,0.06,0.274,0.022,0.06,0.028,0.012
3,A1_3,0.085,0.066,0.047,0.033,0.032,0.073,0.007,0.019,0.035,0.061,0.144,0.101,0.082,0.092,0.058,0.064
3,B1_1,0.022,0.081,0.139,0.051,0.018,0.082,0.06,0.092,0.01,0.049,0.024,0.191,0.015,0.076,0.065,0.025
3,B1_2,0.1,0.086,0.107,0.029,0.053,0.044,0.025,0.023,0.166,0.021,0.094,0.141,0.043,0.028,0.007,0.032
3,B1_3,0.066,0.199,0.049,0.072,0.013,0.019,0.017,0.131,0.03,0.112,0.015,0.076,0.033,0.047,0.081,0.039
3,A2_1,0.046,0.035,0.105,0.066,0.028,0.063,0.012,0.05,0.047,0.071,0.089,0.21,0.035,0.063,0.029,0.051
3,A2_2,0.019,0.041,0.034,0.054,0.047,0.045,0.006,0.018,0.011,0.075,0.063,0.054,0.127,0.142,0.165,0.098
3,A2_3,0.061,0.079,0.185,0.05,0.015,0.108,0.045,0.055,0.027,0.056,0.043,0.153,0.008,0.066,0.026,0.024
3,B2_1,0.109,0.091,0.1,0.049,0.028,0.109,0.024,0.029,0.037,0.069,0.066,0.098,0.044,0.051,0.055,0.041
3,B2_2,0.066,0.074,0.104,0.083,0.025,0.045,0.011,0.046,0.03,0.128,0.027,0.125,0.023,0.074,0.094,0.047
3,B2_3,0.053,0.06,0.087,0.028,0.023,0.07,0.015,0.05,0.046,0.041,0.156,0.241,0.027,0.061,0.016,0.027
3,y1,0.051,0.088,0.066,0.058,0.023,0.082,0.013,0.027,0.019,0.091,0.08,0.081,0.046,0.114,0.09,0.073
3,y2,0.038,0.094,0.242,0.055,0.026,0.088,0.044,0.047,0.033,0.048,0.025,0.141,0.013,0.041,0.028,0.037
3,y3,0.088,0.075,0.121,0.046,0.036,0.094,0.014,0.014,0.073,0.054,0.115,0.099,0.028,0.066,0.026,0.053
4,.,0.064,0.202,0.088,0.017,0.012,0.039,0.057,0.181,0.031,0.029,0.034,0.189,0.011,0.026,0.012,0.008
4,A1_1,0.214,0.122,0.055,0.026,0.021,0.046,0.007,0.032,0.063,0.065,0.077,0.079,0.032,0.082,0.026,0.053
4,A1_2,0.055,0.096,0.042,0.013,0.009,0.049,0.02,0.216,0.012,0.037,0.061,0.264,0.023,0.063,0.029,0.012
4,A1_3,0.09,0.065,0.044,0.033,0.032,0.071,0.007,0.019,0.034,0.062,0.141,0.094,0.083,0.097,0.06,0.067
4,B1_1,0.025,0.082,0.133,0.051,0.018,0.08,0.059,0.094,0.01,0.051,0.025,0.187,0.015,0.078,0.067,0.025
4,B1_2,0.105,0.086,0.105,0.029,0.053,0.044,0.025,0.024,0.165,0.021,0.094,0.136,0.044,0.029,0.007,0.033
4,B1_3,0.072,0.195,0.046,0.072,0.013,0.019,0.016,0.127,0.029,0.115,0.015,0.071,0.033,0.05,0.085,0.042
4,A2_1,0.047,0.033,0.104,0.068,0.028,0.065,0.012,0.051,0.044,0.072,0.088,0.206,0.035,0.065,0.031,0.051
4,A2_2,0.02,0.04,0.032,0.052,0.046,0.045,0.006,0.018,0.011,0.074,0.064,0.052,0.129,0.146,0.165,0.099
4,A2_3,0.065,0.079,0.18,0.05,0.015,0.108,0.046,0.057,0.026,0.057,0.043,0.149,0.008,0.067,0.027,0.025
4,B2_1,0.125,0.091,0.095,0.049,0.027,0.107,0.023,0.029,0.038,0.069,0.067,0.09,0.043,0.053,0.054,0.042
4,B2_2,0.071,0.073,0.094,0.081,0.024,0.044,0.01,0.046,0.028,0.131,0.026,0.116,0.024,0.08,0.103,0.049
4,B2_3,0.058,0.06,0.087,0.028,0.022,0.072,0.015,0.051,0.045,0.041,0.157,0.233,0.026,0.062,0.016,0.027
4,y1,0.057,0.086,0.06,0.058,0.022,0.079,0.012,0.026,0.019,0.093,0.079,0.074,0.046,0.12,0.093,0.076
4,y2,0.041,0.093,0.233,0.054,0.025,0.091,0.045,0.049,0.031,0.049,0.026,0.141,0.013,0.043,0.029,0.036
4,y3,0.097,0.074,0.116,0.045,0.035,0.095,0.014,0.014,0.073,0.054,0.117,0.093,0.027,0.066,0.026,0.053
5,.,0.069,0.202,0.088,0.017,0.012,0.039,0.058,0.182,0.032,0.03,0.034,0.18,0.012,0.027,0.012,0.008
5,A1_1,0.226,0.117,0.052,0.027,0.021,0.044,0.007,0.032,0.061,0.066,0.074,0.073,0.031,0.085,0.028,0.056
5,A1_2,0.058,0.094,0.04,0.013,0.009,0.048,0.02,0.219,0.012,0.038,0.062,0.255,0.023,0.065,0.03,0.013
5,A1_3,0.095,0.064,0.042,0.034,0.032,0.068,0.007,0.019,0.033,0.062,0.137,0.088,0.085,0.101,0.062,0.07
5,B1_1,0.028,0.082,0.128,0.052,0.018,0.078,0.058,0.095,0.01,0.052,0.025,0.184,0.016,0.079,0.069,0.026
5,B1_2,0.109,0.086,0.102,0.03,0.053,0.043,0.025,0.024,0.165,0.022,0.094,0.13,0.046,0.029,0.008,0.034
5,B1_3,0.076,0.191,0.044,0.073,0.013,0.018,0.016,0.122,0.029,0.118,0.015,0.066,0.033,0.052,0.089,0.044
5,A2_1,0.048,0.032,0.103,0.069,0.028,0.066,0.012,0.05,0.043,0.074,0.087,0.202,0.034,0.067,0.033,0.052
5,A2_2,0.022,0.039,0.031,0.052,0.046,0.044,0.006,0.017,0.011,0.073,0.064,0.05,0.13,0.147,0.165,0.102
5,A2_3,0.069,0.079,0.174,0.051,0.015,0.106,0.047,0.058,0.026,0.058,0.042,0.145,0.008,0.069,0.028,0.025
5,B2_1,0.139,0.089,0.089,0.049,0.026,0.104,0.022,0.028,0.039,0.07,0.068,0.083,0.043,0.055,0.053,0.044
5,B2_2,0.075,0.071,0.086,0.08,0.023,0.042,0.01,0.046,0.026,0.133,0.026,0.108,0.024,0.086,0.112,0.051
5,B2_3,0.062,0.06,0.086,0.028,0.022,0.074,0.016,0.051,0.045,0.042,0.156,0.227,0.026,0.062,0.016,0.027
5,y1,0.063,0.083,0.056,0.059,0.021,0.074,0.012,0.025,0.019,0.095,0.078,0.068,0.046,0.125,0.096,0.08
5,y2,0.043,0.092,0.223,0.055,0.024,0.09,0.047,0.052,0.03,0.05,0.027,0.142,0.013,0.045,0.031,0.036
5,y3,0.103,0.073,0.111,0.046,0.035,0.094,0.014,0.013,0.073,0.054,0.119,0.087,0.029,0.067,0.025,0.055
6,.,0.074,0.202,0.087,0.018,0.012,0.039,0.059,0.182,0.032,0.031,0.034,0.172,0.012,0.027,0.012,0.008
6,A1_1,0.238,0.111,0.049,0.028,0.02,0.042,0.007,0.031,0.06,0.068,0.071,0.067,0.031,0.089,0.029,0.058
6,A1_2,0.06,0.092,0.039,0.014,0.009,0.048,0.021,0.22,0.012,0.038,0.062,0.25,0.024,0.067,0.031,0.013
6,A1_3,0.101,0.062,0.039,0.035,0.031,0.065,0.007,0.019,0.033,0.062,0.135,0.082,0.086,0.105,0.063,0.074
6,B1_1,0.03,0.082,0.124,0.053,0.017,0.076,0.058,0.097,0.01,0.053,0.026,0.182,0.016,0.08,0.07,0.026
6,B1_2,0.112,0.085,0.099,0.031,0.053,0.043,0.024,0.025,0.166,0.023,0.094,0.126,0.047,0.03,0.008,0.035
6,B1_3,0.081,0.186,0.042,0.075,0.013,0.018,0.015,0.118,0.028,0.12,0.015,0.062,0.033,0.055,0.092,0.046
6,A2_1,0.049,0.031,0.102,0.071,0.028,0.066,0.012,0.05,0.042,0.075,0.086,0.198,0.034,0.068,0.035,0.053
6,A2_2,0.023,0.038,0.029,0.052,0.045,0.043,0.006,0.017,0.011,0.072,0.064,0.048,0.132,0.15,0.165,0.104
6,A2_3,0.073,0.079,0.169,0.051,0.015,0.104,0.047,0.06,0.025,0.058,0.042,0.143,0.008,0.07,0.029,0.025
6,B2_1,0.153,0.086,0.084,0.05,0.025,0.1,0.022,0.028,0.039,0.071,0.068,0.077,0.042,0.058,0.052,0.046
6,B2_2,0.078,0.068,0.079,0.081,0.023,0.041,0.01,0.047,0.024,0.133,0.026,0.101,0.025,0.091,0.12,0.053
6,B2_3,0.066,0.058,0.086,0.029,0.022,0.075,0.016,0.051,0.045,0.043,0.157,0.22,0.026,0.063,0.016,0.027
6,y1,0.069,0.079,0.052,0.061,0.021,0.069,0.011,0.025,0.019,0.096,0.075,0.062,0.046,0.13,0.099,0.084
6,y2,0.045,0.09,0.216,0.056,0.024,0.09,0.048,0.054,0.03,0.05,0.027,0.144,0.013,0.046,0.032,0.036
6,y3,0.108,0.071,0.106,0.047,0.035,0.091,0.013,0.013,0.074,0.055,0.121,0.082,0.03,0.069,0.026,0.058
7,.,0.079,0.201,0.087,0.019,0.012,0.038,0.06,0.182,0.033,0.032,0.034,0.165,0.012,0.027,0.012,0.009
7,A1_1,0.249,0.106,0.047,0.029,0.02,0.04,0.007,0.03,0.058,0.069,0.069,0.063,0.031,0.093,0.03,0.06
7,A1_2,0.062,0.09,0.038,0.014,0.009,0.047,0.021,0.221,0.012,0.038,0.063,0.245,0.025,0.069,0.032,0.014
7,A1_3,0.105,0.061,0.037,0.035,0.031,0.063,0.007,0.019,0.032,0.062,0.131,0.078,0.087,0.109,0.065,0.076
7,B1_1,0.033,0.082,0.12,0.053,0.017,0.074,0.057,0.098,0.011,0.053,0.026,0.179,0.016,0.081,0.071,0.026
7,B1_2,0.117,0.084,0.096,0.031,0.053,0.042,0.024,0.025,0.165,0.023,0.093,0.121,0.049,0.031,0.008,0.036
7,B1_3,0.086,0.18,0.041,0.076,0.012,0.018,0.015,0.114,0.028,0.122,0.015,0.059,0.033,0.057,0.096,0.048
7,A2_1,0.051,0.03,0.101,0.072,0.027,0.067,0.012,0.05,0.041,0.076,0.085,0.195,0.034,0.069,0.036,0.053
7,A2_2,0.025,0.037,0.028,0.051,0.045,0.042,0.006,0.017,0.011,0.071,0.065,0.047,0.133,0.154,0.165,0.106
7,A2_3,0.077,0.078,0.165,0.052,0.015,0.104,0.048,0.061,0.025,0.059,0.042,0.14,0.009,0.071,0.03,0.025
7,B2_1,0.168,0.084,0.08,0.049,0.024,0.098,0.021,0.027,0.04,0.071,0.068,0.072,0.041,0.059,0.051,0.047
7,B2_2,0.084,0.066,0.073,0.079,0.022,0.04,0.009,0.046,0.023,0.134,0.026,0.095,0.025,0.096,0.128,0.055
7,B2_3,0.069,0.058,0.086,0.029,0.021,0.076,0.017,0.052,0.045,0.044,0.156,0.215,0.025,0.063,0.017,0.027
7,y1,0.075,0.076,0.048,0.061,0.02,0.066,0.011,0.024,0.019,0.097,0.075,0.058,0.046,0.136,0.1,0.087
7,y2,0.047,0.088,0.208,0.056,0.023,0.091,0.049,0.056,0.028,0.051,0.028,0.145,0.014,0.047,0.033,0.036
7,y3,0.114,0.07,0.103,0.046,0.035,0.091,0.014,0.013,0.074,0.055,0.123,0.079,0.03,0.07,0.025,0.059
8,.,0.084,0.2,0.087,0.019,0.012,0.038,0.061,0.181,0.034,0.033,0.034,0.158,0.012,0.028,0.012,0.009
8,A1_1,0.259,0.101,0.045,0.031,0.019,0.039,0.007,0.029,0.056,0.07,0.066,0.059,0.03,0.096,0.032,0.063
8,A1_2,0.064,0.088,0.038,0.014,0.009,0.047,0.021,0.221,0.012,0.038,0.064,0.24,0.026,0.071,0.033,0.014
8,A1_3,0.11,0.059,0.036,0.037,0.03,0.061,0.007,0.019,0.031,0.063,0.127,0.073,0.088,0.112,0.067,0.08
8,B1_1,0.036,0.083,0.117,0.054,0.017,0.072,0.057,0.099,0.011,0.054,0.027,0.177,0.016,0.082,0.071,0.027
8,B1_2,0.12,0.083,0.094,0.033,0.054,0.042,0.024,0.026,0.163,0.024,0.092,0.117,0.05,0.032,0.009,0.038
8,B1_3,0.09,0.175,0.039,0.077,0.012,0.018,0.014,0.111,0.028,0.124,0.015,0.056,0.033,0.059,0.098,0.049
8,A2_1,0.051,0.029,0.1,0.075,0.027,0.068,0.013,0.049,0.04,0.078,0.083,0.19,0.034,0.07,0.038,0.055
8,A2_2,0.026,0.037,0.027,0.05,0.045,0.041,0.006,0.016,0.012,0.07,0.066,0.045,0.134,0.155,0.162,0.108
8,A2_3,0.081,0.078,0.16,0.053,0.014,0.102,0.049,0.062,0.024,0.06,0.042,0.137,0.009,0.072,0.031,0.026
8,B2_1,0.184,0.081,0.076,0.05,0.023,0.095,0.021,0.026,0.04,0.071,0.068,0.067,0.04,0.06,0.049,0.049
8,B2_2,0.087,0.064,0.067,0.078,0.022,0.038,0.009,0.045,0.021,0.134,0.025,0.088,0.026,0.101,0.137,0.057
8,B2_3,0.073,0.057,0.086,0.03,0.021,0.077,0.018,0.052,0.045,0.044,0.155,0.21,0.025,0.062,0.017,0.027
8,y1,0.081,0.073,0.045,0.063,0.02,0.063,0.011,0.023,0.019,0.098,0.073,0.054,0.047,0.14,0.102,0.091
8,y2,0.048,0.086,0.2,0.057,0.023,0.09,0.05,0.059,0.027,0.051,0.029,0.146,0.014,0.048,0.035,0.036
8,y3,0.119,0.069,0.099,0.047,0.035,0.09,0.013,0.012,0.074,0.055,0.123,0.075,0.031,0.07,0.025,0.062
9,.,0.089,0.2,0.086,0.02,0.012,0.038,0.062,0.181,0.035,0.033,0.033,0.151,0.012,0.028,0.012,0.009
9,A1_1,0.27,0.096,0.043,0.031,0.019,0.037,0.007,0.029,0.054,0.07,0.063,0.055,0.029,0.099,0.033,0.065
9,A1_2,0.066,0.086,0.037,0.014,0.01,0.046,0.021,0.223,0.012,0.038,0.065,0.235,0.026,0.072,0.034,0.015
9,A1_3,0.115,0.058,0.034,0.037,0.03,0.059,0.007,0.019,0.031,0.062,0.124,0.069,0.088,0.116,0.068,0.082
9,B1_1,0.039,0.083,0.113,0.054,0.017,0.07,0.057,0.102,0.011,0.054,0.027,0.177,0.016,0.082,0.071,0.027
9,B1_2,0.124,0.082,0.091,0.033,0.054,0.041,0.024,0.026,0.162,0.025,0.092,0.112,0.052,0.034,0.009,0.039
9,B1_3,0.095,0.17,0.038,0.077,0.012,0.017,0.014,0.109,0.027,0.125,0.015,0.054,0.033,0.062,0.101,0.051
9,A2_1,0.053,0.029,0.099,0.075,0.027,0.069,0.013,0.049,0.039,0.078,0.083,0.186,0.034,0.071,0.039,0.055
9,A2_2,0.028,0.036,0.026,0.05,0.043,0.04,0.006,0.016,0.012,0.069,0.066,0.044,0.134,0.159,0.163,0.11
9,A2_3,0.085,0.077,0.156,0.053,0.014,0.101,0.049,0.063,0.024,0.06,0.042,0.135,0.009,0.073,0.032,0.026
9,B2_1,0.198,0.08,0.072,0.049,0.022,0.092,0.02,0.026,0.04,0.071,0.068,0.062,0.04,0.062,0.049,0.05
9,B2_2,0.092,0.062,0.063,0.077,0.021,0.037,0.009,0.045,0.02,0.132,0.025,0.085,0.026,0.105,0.142,0.058
9,B2_3,0.077,0.057,0.085,0.03,0.021,0.078,0.018,0.052,0.046,0.045,0.155,0.204,0.025,0.063,0.017,0.028
9,y1,0.087,0.07,0.042,0.063,0.019,0.06,0.01,0.023,0.018,0.098,0.071,0.051,0.046,0.145,0.103,0.094
9,y2,0.051,0.085,0.193,0.057,0.023,0.091,0.05,0.06,0.027,0.052,0.03,0.146,0.015,0.049,0.036,0.036
9,y3,0.125,0.067,0.096,0.047,0.035,0.089,0.013,0.012,0.073,0.055,0.124,0.072,0.032,0.071,0.025,0.063
10,.,0.093,0.199,0.086,0.021,0.012,0.038,0.062,0.18,0.036,0.034,0.033,0.145,0.012,0.028,0.012,0.009
10,A1_1,0.28,0.092,0.041,0.032,0.018,0.036,0.007,0.028,0.052,0.071,0.061,0.052,0.029,0.101,0.034,0.067
10,A1_2,0.068,0.084,0.036,0.014,0.01,0.046,0.021,0.223,0.012,0.038,0.065,0.232,0.027,0.074,0.034,0.015
10,A1_3,0.119,0.057,0.033,0.038,0.029,0.057,0.008,0.019,0.03,0.062,0.12,0.066,0.089,0.119,0.07,0.085
10,B1_1,0.042,0.083,0.111,0.054,0.017,0.069,0.057,0.103,0.011,0.054,0.027,0.175,0.016,0.082,0.071,0.027
10,B1_2,0.127,0.081,0.089,0.034,0.055,0.04,0.024,0.026,0.162,0.026,0.091,0.108,0.054,0.034,0.009,0.041
10,B1_3,0.098,0.166,0.037,0.078,0.012,0.017,0.014,0.108,0.027,0.126,0.015,0.052,0.033,0.064,0.103,0.052
10,A2_1,0.054,0.028,0.098,0.077,0.027,0.069,0.013,0.048,0.039,0.079,0.082,0.182,0.034,0.072,0.041,0.056
10,A2_2,0.029,0.035,0.025,0.049,0.043,0.039,0.006,0.016,0.012,0.068,0.065,0.043,0.135,0.161,0.162,0.112
10,A2_3,0.09,0.076,0.153,0.053,0.014,0.101,0.05,0.063,0.024,0.06,0.042,0.133,0.009,0.073,0.033,0.026
10,B2_1,0.21,0.077,0.069,0.049,0.022,0.089,0.02,0.025,0.04,0.071,0.067,0.059,0.039,0.063,0.049,0.052
10,B2_2,0.096,0.06,0.06,0.076,0.02,0.036,0.009,0.045,0.019,0.131,0.025,0.081,0.026,0.109,0.147,0.059
10,B2_3,0.081,0.056,0.085,0.031,0.021,0.079,0.018,0.051,0.046,0.045,0.155,0.198,0.025,0.063,0.017,0.028
10,y1,0.092,0.068,0.04,0.064,0.019,0.057,0.01,0.023,0.018,0.098,0.069,0.048,0.045,0.149,0.105,0.097
10,y2,0.053,0.083,0.188,0.058,0.022,0.091,0.051,0.061,0.026,0.052,0.031,0.147,0.015,0.05,0.036,0.036
10,y3,0.128,0.066,0.093,0.048,0.035,0.088,0.013,0.012,0.073,0.055,0.123,0.069,0.033,0.071,0.026,0.065
11,.,0.098,0.197,0.086,0.021,0.012,0.037,0.063,0.179,0.037,0.035,0.033,0.14,0.012,0.028,0.012,0.009
11,A1_1,0.288,0.088,0.039,0.032,0.018,0.035,0.007,0.027,0.051,0.071,0.059,0.049,0.028,0.105,0.036,0.069
11,A1_2,0.069,0.082,0.036,0.014,0.01,0.046,0.022,0.223,0.013,0.038,0.066,0.229,0.028,0.074,0.035,0.016
11,A1_3,0.124,0.056,0.032,0.038,0.029,0.055,0.008,0.019,0.03,0.061,0.117,0.062,0.089,0.121,0.071,0.088
11,B1_1,0.045,0.083,0.109,0.055,0.016,0.067,0.057,0.104,0.012,0.054,0.027,0.174,0.016,0.081,0.071,0.027
11,B1_2,0.131,0.08,0.086,0.035,0.055,0.04,0.023,0.026,0.161,0.026,0.091,0.104,0.055,0.036,0.009,0.043
11,B1_3,0.102,0.161,0.036,0.078,0.012,0.017,0.014,0.106,0.026,0.126,0.015,0.051,0.033,0.065,0.106,0.053
11,A2_1,0.056,0.027,0.097,0.078,0.027,0.069,0.013,0.048,0.038,0.08,0.081,0.178,0.034,0.073,0.042,0.057
11,A2_2,0.03,0.035,0.024,0.049,0.043,0.038,0.006,0.016,0.012,0.067,0.065,0.042,0.135,0.161,0.163,0.115
11,A2_3,0.093,0.075,0.15,0.054,0.014,0.1,0.051,0.064,0.024,0.06,0.042,0.132,0.009,0.074,0.033,0.026
11,B2_1,0.224,0.076,0.065,0.049,0.021,0.085,0.019,0.024,0.04,0.07,0.066,0.055,0.039,0.064,0.049,0.053
11,B2_2,0.1,0.058,0.057,0.075,0.02,0.036,0.009,0.045,0.019,0.129,0.025,0.079,0.026,0.112,0.152,0.061
11,B2_3,0.084,0.055,0.084,0.031,0.021,0.079,0.019,0.051,0.047,0.046,0.156,0.192,0.026,0.063,0.017,0.029
11,y1,0.098,0.065,0.038,0.064,0.018,0.055,0.01,0.022,0.018,0.097,0.067,0.046,0.045,0.151,0.107,0.099
11,y2,0.056,0.081,0.184,0.058,0.022,0.092,0.051,0.061,0.026,0.052,0.032,0.147,0.015,0.051,0.037,0.036
11,y3,0.132,0.064,0.09,0.049,0.035,0.087,0.013,0.012,0.072,0.056,0.123,0.066,0.034,0.073,0.027,0.067
12,.,0.103,0.195,0.086,0.022,0.012,0.037,0.064,0.176,0.037,0.036,0.033,0.136,0.012,0.028,0.012,0.009
12,A1_1,0.295,0.084,0.038,0.033,0.018,0.034,0.007,0.027,0.049,0.071,0.057,0.046,0.028,0.107,0.037,0.071
12,A1_2,0.071,0.081,0.036,0.015,0.01,0.046,0.022,0.22,0.013,0.038,0.067,0.227,0.028,0.075,0.035,0.016
12,A1_3,0.128,0.055,0.03,0.038,0.029,0.054,0.008,0.019,0.03,0.061,0.114,0.06,0.09,0.123,0.073,0.09
12,B1_1,0.049,0.082,0.108,0.055,0.016,0.066,0.057,0.105,0.012,0.055,0.028,0.173,0.016,0.081,0.071,0.027
12,B1_2,0.135,0.08,0.083,0.035,0.055,0.039,0.023,0.026,0.16,0.027,0.09,0.1,0.057,0.037,0.01,0.044
12,B1_3,0.106,0.156,0.035,0.078,0.012,0.017,0.014,0.103,0.025,0.126,0.015,0.049,0.032,0.067,0.109,0.054
12,A2_1,0.058,0.027,0.096,0.079,0.027,0.07,0.013,0.047,0.038,0.08,0.081,0.174,0.034,0.074,0.043,0.058
12,A2_2,0.032,0.034,0.023,0.049,0.042,0.038,0.006,0.015,0.012,0.066,0.065,0.041,0.135,0.162,0.165,0.116
12,A2_3,0.098,0.074,0.147,0.054,0.014,0.099,0.051,0.064,0.024,0.06,0.042,0.129,0.009,0.074,0.034,0.027
12,B2_1,0.236,0.074,0.063,0.048,0.02,0.083,0.019,0.024,0.04,0.07,0.065,0.052,0.038,0.065,0.049,0.054
12,B2_2,0.105,0.056,0.055,0.074,0.02,0.035,0.009,0.043,0.018,0.127,0.025,0.076,0.026,0.114,0.155,0.062
12,B2_3,0.088,0.055,0.083,0.032,0.022,0.08,0.019,0.05,0.047,0.046,0.156,0.188,0.026,0.064,0.018,0.029
12,y1,0.104,0.063,0.036,0.064,0.018,0.053,0.01,0.022,0.017,0.096,0.066,0.044,0.044,0.153,0.108,0.101
12,y2,0.059,0.079,0.179,0.059,0.022,0.093,0.051,0.061,0.026,0.052,0.032,0.145,0.015,0.052,0.038,0.037
12,y3,0.137,0.063,0.088,0.049,0.035,0.087,0.013,0.012,0.071,0.056,0.122,0.065,0.034,0.073,0.027,0.067
13,.,0.108,0.194,0.086,0.023,0.012,0.037,0.064,0.175,0.038,0.036,0.033,0.132,0.012,0.028,0.013,0.01
13,A1_1,0.302,0.08,0.036,0.034,0.017,0.033,0.007,0.026,0.047,0.07,0.054,0.044,0.028,0.109,0.039,0.073
13,A1_2,0.072,0.079,0.036,0.014,0.011,0.046,0.022,0.22,0.013,0.037,0.068,0.226,0.029,0.076,0.035,0.016
13,A1_3,0.131,0.054,0.03,0.039,0.028,0.052,0.008,0.018,0.029,0.06,0.11,0.058,0.091,0.125,0.075,0.092
13,B1_1,0.052,0.083,0.106,0.054,0.016,0.065,0.057,0.106,0.013,0.054,0.028,0.173,0.016,0.08,0.068,0.027
13,B1_2,0.137,0.078,0.08,0.036,0.056,0.039,0.023,0.025,0.158,0.027,0.089,0.095,0.06,0.038,0.01,0.047
13,B1_3,0.109,0.152,0.035,0.078,0.012,0.017,0.014,0.104,0.025,0.126,0.015,0.049,0.032,0.068,0.11,0.054
13,A2_1,0.059,0.026,0.095,0.081,0.028,0.07,0.013,0.046,0.038,0.08,0.08,0.169,0.035,0.075,0.044,0.06
13,A2_2,0.032,0.033,0.023,0.049,0.042,0.037,0.006,0.015,0.012,0.065,0.064,0.041,0.135,0.164,0.167,0.117
13,A2_3,0.103,0.073,0.145,0.054,0.014,0.099,0.052,0.064,0.024,0.059,0.042,0.127,0.009,0.074,0.033,0.027
13,B2_1,0.245,0.072,0.06,0.049,0.02,0.081,0.019,0.023,0.039,0.07,0.064,0.049,0.039,0.066,0.05,0.056
13,B2_2,0.109,0.054,0.054,0.073,0.019,0.035,0.009,0.044,0.018,0.124,0.025,0.076,0.026,0.116,0.156,0.062
13,B2_3,0.09,0.054,0.082,0.032,0.022,0.08,0.019,0.048,0.048,0.047,0.158,0.181,0.027,0.065,0.018,0.031
13,y1,0.109,0.062,0.035,0.064,0.017,0.052,0.01,0.022,0.017,0.096,0.064,0.043,0.043,0.155,0.112,0.101
13,y2,0.063,0.077,0.178,0.059,0.022,0.094,0.05,0.059,0.027,0.052,0.034,0.144,0.015,0.052,0.036,0.038
13,y3,0.138,0.061,0.086,0.051,0.036,0.085,0.013,0.011,0.069,0.058,0.119,0.063,0.035,0.075,0.03,0.07
14,.,0.112,0.193,0.086,0.023,0.012,0.037,0.065,0.174,0.039,0.037,0.033,0.127,0.012,0.028,0.013,0.01
14,A1_1,0.31,0.077,0.035,0.034,0.017,0.031,0.007,0.025,0.046,0.07,0.052,0.042,0.027,0.112,0.04,0.075
14,A1_2,0.072,0.078,0.035,0.015,0.011,0.046,0.022,0.219,0.013,0.037,0.069,0.224,0.029,0.077,0.036,0.017
14,A1_3,0.135,0.053,0.028,0.039,0.028,0.05,0.008,0.018,0.028,0.059,0.107,0.055,0.09,0.128,0.076,0.095
14,B1_1,0.055,0.082,0.104,0.055,0.016,0.064,0.057,0.107,0.013,0.054,0.028,0.173,0.016,0.08,0.068,0.027
14,B1_2,0.139,0.077,0.078,0.037,0.057,0.038,0.022,0.026,0.157,0.028,0.088,0.092,0.063,0.039,0.011,0.049
14,B1_3,0.111,0.149,0.034,0.078,0.011,0.017,0.014,0.104,0.024,0.126,0.015,0.049,0.032,0.07,0.112,0.054
14,A2_1,0.061,0.026,0.094,0.082,0.028,0.069,0.014,0.046,0.039,0.08,0.08,0.164,0.035,0.076,0.044,0.062
14,A2_2,0.033,0.033,0.022,0.049,0.041,0.036,0.006,0.015,0.011,0.064,0.063,0.04,0.133,0.167,0.17,0.119
14,A2_3,0.107,0.071,0.143,0.054,0.015,0.099,0.052,0.064,0.025,0.059,0.043,0.126,0.009,0.074,0.033,0.027
14,B2_1,0.254,0.07,0.056,0.05,0.02,0.077,0.018,0.023,0.038,0.07,0.062,0.046,0.039,0.068,0.052,0.058
14,B2_2,0.112,0.052,0.053,0.073,0.019,0.035,0.009,0.044,0.018,0.122,0.025,0.076,0.025,0.118,0.157,0.063
14,B2_3,0.092,0.053,0.079,0.033,0.023,0.079,0.018,0.047,0.049,0.047,0.161,0.172,0.029,0.066,0.018,0.032
14,y1,0.114,0.061,0.034,0.065,0.016,0.051,0.01,0.022,0.016,0.095,0.061,0.042,0.041,0.157,0.115,0.101
14,y2,0.068,0.075,0.176,0.059,0.022,0.095,0.05,0.058,0.028,0.052,0.035,0.141,0.015,0.051,0.035,0.038
14,y3,0.138,0.059,0.083,0.054,0.036,0.083,0.013,0.011,0.067,0.059,0.116,0.061,0.037,0.077,0.032,0.073
15,.,0.116,0.192,0.086,0.024,0.012,0.037,0.065,0.173,0.04,0.038,0.032,0.123,0.012,0.028,0.013,0.01
15,A1_1,0.317,0.074,0.034,0.035,0.017,0.03,0.007,0.025,0.044,0.07,0.05,0.039,0.027,0.115,0.041,0.077
15,A1_2,0.073,0.077,0.035,0.015,0.011,0.046,0.023,0.218,0.014,0.037,0.069,0.223,0.03,0.077,0.036,0.017
15,A1_3,0.139,0.052,0.027,0.039,0.028,0.048,0.008,0.018,0.028,0.058,0.105,0.053,0.091,0.131,0.076,0.098
15,B1_1,0.058,0.083,0.103,0.054,0.016,0.063,0.058,0.109,0.013,0.054,0.029,0.173,0.016,0.078,0.067,0.027
15,B1_2,0.142,0.076,0.075,0.037,0.058,0.037,0.022,0.026,0.157,0.028,0.088,0.088,0.065,0.041,0.011,0.051
15,B1_3,0.113,0.145,0.034,0.078,0.011,0.017,0.014,0.103,0.024,0.126,0.015,0.048,0.032,0.071,0.115,0.055
15,A2_1,0.064,0.026,0.093,0.083,0.028,0.069,0.014,0.046,0.04,0.08,0.08,0.159,0.035,0.077,0.044,0.063
15,A2_2,0.034,0.032,0.021,0.049,0.04,0.035,0.006,0.015,0.011,0.064,0.061,0.039,0.131,0.168,0.173,0.121
15,A2_3,0.111,0.07,0.141,0.053,0.015,0.099,0.052,0.064,0.025,0.058,0.045,0.125,0.01,0.073,0.032,0.027
15,B2_1,0.263,0.069,0.053,0.05,0.019,0.073,0.018,0.022,0.037,0.071,0.06,0.043,0.039,0.07,0.053,0.06
15,B2_2,0.115,0.05,0.053,0.072,0.019,0.035,0.009,0.044,0.017,0.12,0.025,0.077,0.025,0.118,0.158,0.063
15,B2_3,0.094,0.052,0.077,0.034,0.024,0.078,0.018,0.045,0.05,0.047,0.165,0.165,0.03,0.068,0.019,0.034
15,y1,0.119,0.06,0.034,0.065,0.016,0.05,0.01,0.022,0.015,0.094,0.058,0.041,0.04,0.157,0.119,0.101
15,y2,0.073,0.073,0.176,0.059,0.022,0.095,0.049,0.056,0.03,0.052,0.037,0.139,0.015,0.051,0.033,0.039
15,y3,0.139,0.057,0.08,0.056,0.036,0.08,0.012,0.011,0.065,0.061,0.113,0.06,0.038,0.08,0.035,0.076
16,.,0.12,0.191,0.085,0.025,0.012,0.037,0.066,0.172,0.04,0.038,0.032,0.119,0.012,0.028,0.013,0.01
16,A1_1,0.324,0.071,0.032,0.035,0.016,0.029,0.007,0.024,0.043,0.069,0.048,0.038,0.026,0.117,0.042,0.079
16,A1_2,0.072,0.075,0.035,0.015,0.012,0.046,0.023,0.216,0.014,0.037,0.071,0.223,0.031,0.077,0.036,0.017
16,A1_3,0.142,0.052,0.027,0.039,0.028,0.047,0.008,0.018,0.028,0.057,0.102,0.051,0.091,0.133,0.078,0.101
16,B1_1,0.061,0.082,0.102,0.054,0.016,0.062,0.058,0.109,0.013,0.054,0.029,0.174,0.016,0.077,0.066,0.027
16,B1_2,0.144,0.075,0.073,0.037,0.059,0.036,0.021,0.025,0.156,0.029,0.087,0.084,0.067,0.042,0.011,0.054
16,B1_3,0.115,0.141,0.034,0.078,0.011,0.017,0.014,0.103,0.023,0.125,0.015,0.049,0.031,0.071,0.116,0.055
16,A2_1,0.066,0.026,0.092,0.083,0.029,0.068,0.014,0.045,0.041,0.08,0.08,0.154,0.036,0.077,0.044,0.065
16,A2_2,0.035,0.032,0.021,0.049,0.039,0.034,0.006,0.015,0.011,0.063,0.06,0.039,0.129,0.17,0.176,0.122
16,A2_3,0.115,0.069,0.14,0.053,0.015,0.099,0.052,0.063,0.026,0.057,0.046,0.124,0.01,0.072,0.031,0.027
16,B2_1,0.271,0.068,0.051,0.05,0.019,0.07,0.017,0.022,0.036,0.071,0.058,0.04,0.039,0.071,0.055,0.062
16,B2_2,0.118,0.048,0.053,0.072,0.019,0.035,0.009,0.045,0.017,0.117,0.025,0.078,0.025,0.118,0.157,0.063
16,B2_3,0.094,0.051,0.074,0.034,0.025,0.077,0.018,0.043,0.051,0.047,0.168,0.157,0.033,0.071,0.019,0.036
16,y1,0.124,0.059,0.034,0.065,0.015,0.05,0.011,0.022,0.015,0.093,0.056,0.041,0.038,0.156,0.122,0.099
16,y2,0.079,0.072,0.177,0.059,0.023,0.095,0.048,0.053,0.032,0.052,0.038,0.135,0.015,0.05,0.031,0.04
16,y3,0.138,0.055,0.077,0.06,0.037,0.077,0.012,0.011,0.062,0.064,0.108,0.058,0.039,0.083,0.039,0.079
17,.,0.124,0.19,0.085,0.025,0.012,0.036,0.066,0.17,0.041,0.039,0.032,0.116,0.012,0.028,0.013,0.01
17,A1_1,0.33,0.068,0.031,0.035,0.016,0.028,0.007,0.023,0.042,0.068,0.047,0.036,0.026,0.119,0.043,0.081
17,A1_2,0.072,0.074,0.035,0.015,0.012,0.046,0.023,0.214,0.014,0.036,0.072,0.223,0.032,0.078,0.037,0.018
17,A1_3,0.145,0.051,0.026,0.04,0.027,0.045,0.008,0.018,0.027,0.056,0.099,0.049,0.092,0.135,0.079,0.104
17,B1_1,0.064,0.082,0.102,0.055,0.016,0.061,0.058,0.11,0.014,0.054,0.029,0.174,0.016,0.075,0.065,0.027
17,B1_2,0.145,0.074,0.07,0.038,0.06,0.035,0.021,0.025,0.155,0.029,0.085,0.081,0.07,0.044,0.012,0.056
17,B1_3,0.116,0.137,0.034,0.08,0.011,0.017,0.014,0.104,0.023,0.125,0.015,0.049,0.031,0.072,0.117,0.055
17,A2_1,0.066,0.026,0.091,0.086,0.03,0.066,0.014,0.044,0.042,0.08,0.079,0.149,0.037,0.078,0.044,0.068
17,A2_2,0.035,0.032,0.021,0.049,0.039,0.033,0.006,0.015,0.011,0.063,0.058,0.039,0.128,0.171,0.178,0.124
17,A2_3,0.118,0.067,0.139,0.054,0.015,0.099,0.053,0.063,0.026,0.056,0.046,0.124,0.01,0.071,0.031,0.027
17,B2_1,0.277,0.067,0.048,0.051,0.018,0.066,0.017,0.022,0.036,0.071,0.056,0.038,0.039,0.073,0.056,0.065
17,B2_2,0.118,0.047,0.052,0.073,0.019,0.035,0.01,0.046,0.017,0.115,0.025,0.08,0.025,0.118,0.157,0.063
17,B2_3,0.094,0.05,0.072,0.035,0.027,0.076,0.018,0.042,0.052,0.047,0.172,0.149,0.035,0.074,0.02,0.039
17,y1,0.128,0.059,0.033,0.066,0.014,0.049,0.011,0.022,0.014,0.093,0.053,0.041,0.036,0.155,0.126,0.099
17,y2,0.084,0.07,0.178,0.06,0.023,0.095,0.048,0.051,0.035,0.051,0.039,0.133,0.015,0.048,0.029,0.04
17,y3,0.135,0.054,0.074,0.064,0.037,0.072,0.012,0.011,0.059,0.066,0.104,0.057,0.042,0.087,0.043,0.084
18,.,0.128,0.189,0.085,0.026,0.012,0.036,0.067,0.169,0.042,0.039,0.032,0.112,0.012,0.028,0.013,0.01
18,A1_1,0.336,0.065,0.03,0.036,0.016,0.027,0.006,0.023,0.04,0.068,0.045,0.034,0.025,0.121,0.045,0.083
18,A1_2,0.071,0.072,0.036,0.015,0.012,0.047,0.023,0.212,0.014,0.036,0.073,0.222,0.033,0.078,0.037,0.018
18,A1_3,0.148,0.05,0.025,0.041,0.027,0.044,0.009,0.018,0.026,0.056,0.095,0.047,0.091,0.137,0.082,0.106
18,B1_1,0.067,0.081,0.101,0.055,0.016,0.06,0.058,0.111,0.014,0.053,0.029,0.175,0.016,0.074,0.063,0.027
18,B1_2,0.145,0.073,0.069,0.04,0.061,0.034,0.02,0.025,0.151,0.03,0.084,0.078,0.073,0.045,0.012,0.059
18,B1_3,0.117,0.135,0.034,0.08,0.011,0.017,0.014,0.104,0.023,0.125,0.015,0.049,0.031,0.072,0.117,0.055
18,A2_1,0.066,0.025,0.09,0.088,0.03,0.066,0.014,0.043,0.042,0.08,0.078,0.144,0.038,0.078,0.045,0.07
18,A2_2,0.036,0.032,0.02,0.049,0.039,0.031,0.006,0.015,0.011,0.062,0.058,0.038,0.127,0.171,0.178,0.126
18,A2_3,0.121,0.066,0.139,0.054,0.015,0.099,0.054,0.063,0.026,0.056,0.046,0.123,0.01,0.071,0.03,0.028
18,B2_1,0.285,0.066,0.045,0.052,0.018,0.063,0.016,0.021,0.035,0.071,0.054,0.036,0.039,0.074,0.057,0.067
18,B2_2,0.119,0.045,0.052,0.073,0.018,0.034,0.01,0.046,0.017,0.113,0.025,0.08,0.025,0.119,0.159,0.064
18,B2_3,0.094,0.049,0.071,0.037,0.027,0.075,0.018,0.04,0.053,0.048,0.173,0.143,0.037,0.075,0.02,0.041
18,y1,0.133,0.058,0.033,0.066,0.014,0.047,0.011,0.022,0.014,0.092,0.051,0.04,0.035,0.154,0.128,0.099
18,y2,0.087,0.068,0.178,0.061,0.024,0.095,0.048,0.05,0.036,0.051,0.04,0.131,0.015,0.048,0.028,0.04
18,y3,0.134,0.053,0.071,0.067,0.038,0.069,0.012,0.011,0.057,0.068,0.1,0.055,0.043,0.09,0.046,0.087
19,.,0.131,0.188,0.085,0.026,0.012,0.036,0.067,0.168,0.042,0.04,0.032,0.109,0.012,0.028,0.013,0.01
19,A1_1,0.344,0.062,0.029,0.036,0.015,0.027,0.006,0.022,0.038,0.067,0.043,0.033,0.024,0.123,0.046,0.084
19,A1_2,0.071,0.071,0.036,0.015,0.013,0.047,0.024,0.209,0.015,0.036,0.075,0.221,0.034,0.078,0.037,0.019
19,A1_3,0.152,0.05,0.024,0.041,0.026,0.043,0.009,0.018,0.025,0.055,0.091,0.045,0.09,0.139,0.083,0.108
19,B1_1,0.07,0.081,0.101,0.055,0.016,0.059,0.058,0.111,0.015,0.053,0.03,0.174,0.016,0.072,0.061,0.027
19,B1_2,0.146,0.072,0.066,0.04,0.062,0.034,0.02,0.025,0.149,0.03,0.083,0.075,0.076,0.048,0.013,0.062
19,B1_3,0.118,0.132,0.034,0.081,0.011,0.017,0.015,0.104,0.023,0.124,0.015,0.049,0.03,0.072,0.119,0.055
19,A2_1,0.068,0.025,0.089,0.09,0.031,0.065,0.014,0.042,0.042,0.081,0.077,0.14,0.038,0.079,0.046,0.072
19,A2_2,0.036,0.032,0.02,0.049,0.038,0.03,0.006,0.015,0.011,0.062,0.056,0.038,0.126,0.172,0.18,0.128
19,A2_3,0.124,0.065,0.138,0.054,0.015,0.099,0.054,0.062,0.027,0.055,0.047,0.121,0.01,0.07,0.03,0.028
19,B2_1,0.293,0.065,0.043,0.052,0.018,0.06,0.016,0.021,0.034,0.071,0.052,0.034,0.039,0.075,0.059,0.068
19,B2_2,0.121,0.043,0.052,0.074,0.018,0.034,0.01,0.046,0.017,0.112,0.025,0.081,0.025,0.118,0.16,0.064
19,B2_3,0.092,0.048,0.068,0.037,0.029,0.074,0.017,0.039,0.053,0.048,0.176,0.137,0.04,0.077,0.02,0.043
19,y1,0.14,0.058,0.033,0.066,0.014,0.047,0.012,0.023,0.014,0.091,0.049,0.04,0.033,0.152,0.13,0.098
19,y2,0.093,0.067,0.179,0.062,0.024,0.094,0.047,0.048,0.039,0.051,0.041,0.126,0.015,0.047,0.027,0.041
19,y3,0.133,0.052,0.068,0.07,0.037,0.066,0.012,0.011,0.055,0.07,0.095,0.054,0.044,0.093,0.051,0.089
20,.,0.135,0.188,0.084,0.027,0.012,0.036,0.068,0.167,0.043,0.041,0.031,0.106,0.012,0.028,0.013,0.01
20,A1_1,0.351,0.06,0.028,0.036,0.015,0.026,0.006,0.022,0.037,0.066,0.042,0.031,0.024,0.124,0.047,0.085
20,A1_2,0.07,0.07,0.036,0.015,0.013,0.047,0.024,0.208,0.015,0.036,0.076,0.221,0.035,0.078,0.037,0.019
20,A1_3,0.155,0.049,0.024,0.041,0.026,0.042,0.009,0.018,0.025,0.054,0.089,0.044,0.09,0.141,0.085,0.11
20,B1_1,0.074,0.081,0.101,0.055,0.015,0.059,0.059,0.112,0.016,0.053,0.03,0.175,0.015,0.071,0.059,0.027
20,B1_2,0.147,0.071,0.064,0.041,0.063,0.033,0.02,0.025,0.147,0.031,0.082,0.072,0.079,0.049,0.014,0.065
20,B1_3,0.119,0.131,0.034,0.08,0.011,0.017,0.015,0.107,0.023,0.123,0.016,0.05,0.03,0.072,0.118,0.054
20,A2_1,0.069,0.025,0.088,0.091,0.032,0.064,0.014,0.042,0.043,0.08,0.077,0.135,0.039,0.08,0.046,0.075
20,A2_2,0.037,0.031,0.02,0.049,0.038,0.03,0.006,0.015,0.011,0.062,0.055,0.038,0.125,0.173,0.184,0.129
20,A2_3,0.128,0.063,0.138,0.054,0.016,0.1,0.055,0.061,0.028,0.055,0.048,0.12,0.01,0.069,0.029,0.028
20,B2_1,0.3,0.065,0.041,0.052,0.017,0.056,0.016,0.021,0.034,0.071,0.05,0.032,0.039,0.076,0.06,0.069
20,B2_2,0.123,0.042,0.053,0.073,0.019,0.035,0.01,0.048,0.017,0.109,0.026,0.084,0.024,0.117,0.158,0.063
20,B2_3,0.091,0.047,0.065,0.038,0.03,0.073,0.017,0.037,0.054,0.048,0.18,0.129,0.043,0.08,0.021,0.046
20,y1,0.148,0.059,0.033,0.065,0.013,0.047,0.013,0.023,0.013,0.09,0.047,0.04,0.032,0.15,0.131,0.095
20,y2,0.101,0.065,0.18,0.061,0.025,0.095,0.046,0.045,0.042,0.05,0.042,0.12,0.015,0.046,0.025,0.042
20,y3,0.133,0.051,0.065,0.074,0.037,0.063,0.011,0.011,0.051,0.073,0.089,0.052,0.044,0.097,0.057,0.091
21,.,0.138,0.187,0.084,0.027,0.012,0.036,0.068,0.165,0.044,0.041,0.031,0.103,0.012,0.028,0.013,0.01
21,A1_1,0.357,0.058,0.027,0.036,0.015,0.025,0.006,0.021,0.036,0.066,0.04,0.03,0.023,0.126,0.048,0.087
21,A1_2,0.069,0.069,0.036,0.015,0.013,0.048,0.024,0.206,0.015,0.036,0.077,0.22,0.036,0.079,0.038,0.019
21,A1_3,0.159,0.048,0.023,0.041,0.026,0.04,0.009,0.018,0.024,0.053,0.086,0.043,0.09,0.143,0.086,0.112
21,B1_1,0.076,0.08,0.1,0.056,0.015,0.058,0.059,0.112,0.016,0.053,0.03,0.175,0.015,0.07,0.059,0.027
21,B1_2,0.147,0.07,0.061,0.042,0.064,0.032,0.019,0.024,0.145,0.031,0.081,0.069,0.082,0.051,0.014,0.068
21,B1_3,0.12,0.128,0.034,0.081,0.011,0.017,0.015,0.108,0.023,0.123,0.016,0.05,0.03,0.071,0.119,0.054
21,A2_1,0.07,0.025,0.086,0.094,0.032,0.063,0.014,0.041,0.044,0.081,0.076,0.129,0.04,0.08,0.046,0.078
21,A2_2,0.037,0.032,0.019,0.049,0.038,0.028,0.006,0.016,0.011,0.061,0.053,0.037,0.124,0.174,0.185,0.131
21,A2_3,0.131,0.062,0.137,0.054,0.016,0.1,0.056,0.061,0.028,0.054,0.049,0.119,0.01,0.068,0.028,0.028
21,B2_1,0.305,0.064,0.039,0.053,0.017,0.053,0.015,0.021,0.033,0.072,0.048,0.03,0.039,0.078,0.062,0.072
21,B2_2,0.121,0.04,0.053,0.075,0.019,0.035,0.011,0.049,0.017,0.108,0.026,0.087,0.024,0.116,0.157,0.063
21,B2_3,0.09,0.046,0.063,0.039,0.032,0.071,0.016,0.035,0.055,0.048,0.183,0.121,0.046,0.083,0.021,0.05
21,y1,0.154,0.06,0.034,0.065,0.013,0.047,0.013,0.024,0.013,0.089,0.045,0.041,0.03,0.147,0.133,0.093
21,y2,0.108,0.064,0.179,0.061,0.025,0.094,0.045,0.043,0.045,0.05,0.043,0.115,0.015,0.045,0.023,0.042
21,y3,0.132,0.05,0.062,0.078,0.036,0.058,0.011,0.012,0.049,0.076,0.083,0.051,0.045,0.101,0.063,0.094
22,.,0.142,0.186,0.084,0.028,0.012,0.036,0.068,0.164,0.044,0.042,0.031,0.1,0.012,0.028,0.013,0.01
22,A1_1,0.362,0.055,0.026,0.036,0.014,0.024,0.006,0.02,0.035,0.065,0.039,0.029,0.023,0.128,0.049,0.089
22,A1_2,0.068,0.068,0.036,0.015,0.014,0.048,0.025,0.205,0.015,0.035,0.079,0.219,0.036,0.079,0.037,0.019
22,A1_3,0.163,0.048,0.022,0.041,0.025,0.039,0.009,0.017,0.024,0.052,0.083,0.042,0.089,0.143,0.088,0.114
22,B1_1,0.079,0.08,0.1,0.055,0.015,0.057,0.059,0.113,0.016,0.052,0.03,0.175,0.015,0.068,0.057,0.026
22,B1_2,0.147,0.068,0.059,0.043,0.065,0.031,0.019,0.024,0.143,0.032,0.079,0.066,0.085,0.053,0.015,0.071
22,B1_3,0.12,0.127,0.035,0.081,0.011,0.017,0.016,0.11,0.023,0.121,0.016,0.051,0.029,0.071,0.117,0.053
22,A2_1,0.071,0.025,0.085,0.095,0.033,0.061,0.014,0.04,0.046,0.081,0.075,0.124,0.041,0.081,0.046,0.081
22,A2_2,0.037,0.032,0.019,0.049,0.037,0.028,0.006,0.016,0.011,0.061,0.052,0.037,0.123,0.174,0.187,0.131
22,A2_3,0.135,0.061,0.137,0.054,0.016,0.1,0.057,0.06,0.029,0.053,0.049,0.116,0.01,0.067,0.027,0.028
22,B2_1,0.312,0.064,0.037,0.053,0.017,0.049,0.015,0.02,0.033,0.072,0.046,0.029,0.038,0.079,0.064,0.073
22,B2_2,0.121,0.039,0.054,0.075,0.019,0.035,0.011,0.05,0.017,0.105,0.026,0.09,0.024,0.115,0.155,0.063
22,B2_3,0.088,0.046,0.06,0.039,0.034,0.069,0.016,0.033,0.056,0.048,0.186,0.114,0.05,0.086,0.022,0.053
22,y1,0.162,0.061,0.035,0.064,0.012,0.047,0.014,0.025,0.013,0.087,0.044,0.042,0.029,0.143,0.133,0.09
22,y2,0.117,0.064,0.179,0.061,0.026,0.094,0.044,0.041,0.049,0.05,0.044,0.109,0.015,0.044,0.021,0.043
22,y3,0.133,0.049,0.059,0.081,0.035,0.055,0.011,0.012,0.046,0.078,0.077,0.05,0.044,0.104,0.069,0.095
23,.,0.145,0.185,0.084,0.029,0.012,0.036,0.069,0.163,0.045,0.042,0.031,0.097,0.012,0.028,0.013,0.01
23,A1_1,0.368,0.053,0.025,0.036,0.014,0.023,0.006,0.02,0.033,0.064,0.037,0.028,0.022,0.129,0.051,0.09
23,A1_2,0.066,0.067,0.036,0.016,0.014,0.049,0.025,0.202,0.016,0.035,0.08,0.219,0.038,0.079,0.037,0.02
23,A1_3,0.167,0.047,0.022,0.041,0.025,0.038,0.01,0.017,0.023,0.052,0.08,0.041,0.088,0.144,0.09,0.116
23,B1_1,0.081,0.08,0.1,0.056,0.015,0.057,0.059,0.113,0.017,0.052,0.031,0.176,0.015,0.067,0.055,0.026
23,B1_2,0.147,0.067,0.057,0.044,0.066,0.031,0.018,0.024,0.14,0.032,0.078,0.064,0.088,0.055,0.016,0.075
23,B1_3,0.12,0.126,0.036,0.082,0.011,0.017,0.016,0.113,0.023,0.121,0.016,0.052,0.029,0.07,0.116,0.052
23,A2_1,0.072,0.024,0.083,0.098,0.034,0.06,0.014,0.039,0.046,0.081,0.073,0.119,0.043,0.081,0.047,0.085
23,A2_2,0.037,0.032,0.019,0.049,0.038,0.027,0.006,0.016,0.011,0.061,0.051,0.038,0.122,0.175,0.188,0.132
23,A2_3,0.139,0.06,0.137,0.054,0.016,0.1,0.057,0.059,0.03,0.053,0.049,0.115,0.01,0.065,0.026,0.028
23,B2_1,0.317,0.063,0.035,0.054,0.016,0.047,0.015,0.02,0.032,0.072,0.044,0.028,0.038,0.08,0.066,0.074
23,B2_2,0.12,0.037,0.054,0.075,0.019,0.035,0.011,0.051,0.017,0.104,0.026,0.093,0.024,0.114,0.155,0.062
23,B2_3,0.086,0.045,0.057,0.04,0.036,0.068,0.015,0.031,0.056,0.048,0.187,0.108,0.054,0.089,0.023,0.057
23,y1,0.171,0.062,0.035,0.064,0.012,0.047,0.015,0.025,0.013,0.086,0.043,0.042,0.027,0.139,0.132,0.087
23,y2,0.125,0.063,0.178,0.06,0.026,0.094,0.043,0.038,0.052,0.049,0.044,0.103,0.015,0.043,0.02,0.044
23,y3,0.133,0.049,0.057,0.084,0.034,0.053,0.011,0.012,0.043,0.08,0.073,0.049,0.044,0.107,0.076,0.096
24,.,0.148,0.185,0.084,0.029,0.013,0.036,0.069,0.161,0.045,0.042,0.03,0.095,0.012,0.028,0.013,0.011
24,A1_1,0.372,0.051,0.025,0.036,0.014,0.023,0.006,0.019,0.032,0.064,0.036,0.027,0.022,0.13,0.052,0.092
24,A1_2,0.065,0.066,0.036,0.016,0.015,0.049,0.025,0.199,0.016,0.035,0.082,0.22,0.039,0.079,0.037,0.02
24,A1_3,0.171,0.047,0.021,0.041,0.025,0.037,0.01,0.017,0.023,0.051,0.077,0.04,0.087,0.144,0.092,0.118
24,B1_1,0.084,0.08,0.101,0.056,0.016,0.056,0.06,0.112,0.018,0.051,0.031,0.176,0.015,0.066,0.053,0.026
24,B1_2,0.146,0.066,0.056,0.045,0.067,0.03,0.018,0.023,0.137,0.032,0.076,0.062,0.091,0.056,0.016,0.079
24,B1_3,0.12,0.125,0.036,0.083,0.011,0.017,0.017,0.114,0.023,0.12,0.016,0.053,0.029,0.069,0.115,0.051
24,A2_1,0.072,0.024,0.082,0.101,0.035,0.058,0.014,0.038,0.047,0.081,0.072,0.115,0.044,0.082,0.048,0.089
24,A2_2,0.037,0.032,0.019,0.048,0.038,0.026,0.006,0.016,0.011,0.06,0.05,0.038,0.122,0.174,0.189,0.133
