,,.,A1_1,A1_2,A1_3,B1_1,B1_2,B1_3,A2_1,A2_2,A2_3,B2_1,B2_2,B2_3,y1,y2,y3
0,.,1.0,0.244,0.304,-0.282,-0.214,-0.403,0.388,-0.038,-0.095,0.146,0.289,0.138,0.355,0.7,0.647,0.622
0,A1_1,0.244,1.0,0.832,0.534,0.332,0.278,0.56,0.531,0.87,0.879,0.637,0.535,0.628,0.476,0.355,0.415
0,A1_2,0.304,0.832,1.0,0.647,0.409,0.357,0.36,0.714,0.644,0.626,0.405,0.531,0.503,0.352,0.453,0.269
0,A1_3,-0.282,0.534,0.647,1.0,0.789,0.844,0.237,0.781,0.527,0.264,0.224,0.628,0.49,-0.241,-0.082,-0.233
0,B1_1,-0.214,0.332,0.409,0.789,1.0,0.881,0.258,0.711,0.486,0.137,0.445,0.795,0.663,-0.231,0.143,-0.03
0,B1_2,-0.403,0.278,0.357,0.844,0.881,1.0,0.035,0.684,0.406,0.128,0.268,0.66,0.464,-0.346,0.006,-0.26
0,B1_3,0.388,0.56,0.36,0.237,0.258,0.035,1.0,0.358,0.567,0.508,0.699,0.495,0.802,0.502,0.423,0.499
0,A2_1,-0.038,0.531,0.714,0.781,0.711,0.684,0.358,1.0,0.598,0.375,0.375,0.816,0.66,-0.066,0.304,0.007
0,A2_2,-0.095,0.87,0.644,0.527,0.486,0.406,0.567,0.598,1.0,0.882,0.744,0.626,0.657,0.253,0.277,0.298
0,A2_3,0.146,0.879,0.626,0.264,0.137,0.128,0.508,0.375,0.882,1.0,0.693,0.458,0.513,0.481,0.362,0.317
0,B2_1,0.289,0.637,0.405,0.224,0.445,0.268,0.699,0.375,0.744,0.693,1.0,0.635,0.82,0.321,0.551,0.494
0,B2_2,0.138,0.535,0.531,0.628,0.795,0.66,0.495,0.816,0.626,0.458,0.635,1.0,0.865,0.06,0.336,0.091
0,B2_3,0.355,0.628,0.503,0.49,0.663,0.464,0.802,0.66,0.657,0.513,0.82,0.865,1.0,0.32,0.533,0.451
0,y1,0.7,0.476,0.352,-0.241,-0.231,-0.346,0.502,-0.066,0.253,0.481,0.321,0.06,0.32,1.0,0.68,0.761
0,y2,0.647,0.355,0.453,-0.082,0.143,0.006,0.423,0.304,0.277,0.362,0.551,0.336,0.533,0.68,1.0,0.751
0,y3,0.622,0.415,0.269,-0.233,-0.03,-0.26,0.499,0.007,0.298,0.317,0.494,0.091,0.451,0.761,0.751,1.0
1,.,1.0,0.252,0.303,-0.308,-0.219,-0.432,0.404,-0.058,-0.091,0.139,0.312,0.135,0.363,0.691,0.631,0.597
1,A1_1,0.252,1.0,0.845,0.526,0.307,0.273,0.553,0.542,0.867,0.88,0.628,0.523,0.602,0.505,0.355,0.416
1,A1_2,0.303,0.845,1.0,0.634,0.376,0.346,0.362,0.7,0.653,0.641,0.407,0.51,0.467,0.384,0.458,0.281
1,A1_3,-0.308,0.526,0.634,1.0,0.772,0.845,0.213,0.779,0.532,0.269,0.193,0.611,0.448,-0.229,-0.093,-0.229
1,B1_1,-0.219,0.307,0.376,0.772,1.0,0.862,0.251,0.683,0.48,0.118,0.426,0.784,0.647,-0.206,0.162,-0.007
1,B1_2,-0.432,0.273,0.346,0.845,0.862,1.0,0.015,0.666,0.409,0.136,0.235,0.635,0.423,-0.323,-0.0,-0.272
1,B1_3,0.404,0.553,0.362,0.213,0.251,0.015,1.0,0.357,0.555,0.499,0.701,0.493,0.812,0.529,0.413,0.498
1,A2_1,-0.058,0.542,0.7,0.779,0.683,0.666,0.357,1.0,0.61,0.394,0.353,0.808,0.627,-0.041,0.308,0.005
1,A2_2,-0.091,0.867,0.653,0.532,0.48,0.409,0.555,0.61,1.0,0.877,0.73,0.621,0.635,0.283,0.287,0.311
1,A2_3,0.139,0.88,0.641,0.269,0.118,0.136,0.499,0.394,0.877,1.0,0.677,0.449,0.484,0.502,0.343,0.292
1,B2_1,0.312,0.628,0.407,0.193,0.426,0.235,0.701,0.353,0.73,0.677,1.0,0.614,0.811,0.363,0.581,0.502
1,B2_2,0.135,0.523,0.51,0.611,0.784,0.635,0.493,0.808,0.621,0.449,0.614,1.0,0.848,0.092,0.35,0.084
1,B2_3,0.363,0.602,0.467,0.448,0.647,0.423,0.812,0.627,0.635,0.484,0.811,0.848,1.0,0.355,0.536,0.455
1,y1,0.691,0.505,0.384,-0.229,-0.206,-0.323,0.529,-0.041,0.283,0.502,0.363,0.092,0.355,1.0,0.645,0.734
1,y2,0.631,0.355,0.458,-0.093,0.162,-0.0,0.413,0.308,0.287,0.343,0.581,0.35,0.536,0.645,1.0,0.732
1,y3,0.597,0.416,0.281,-0.229,-0.007,-0.272,0.498,0.005,0.311,0.292,0.502,0.084,0.455,0.734,0.732,1.0
2,.,1.0,0.268,0.314,-0.321,-0.214,-0.449,0.423,-0.068,-0.071,0.144,0.342,0.139,0.378,0.684,0.615,0.571
2,A1_1,0.268,1.0,0.855,0.52,0.289,0.274,0.553,0.566,0.865,0.881,0.621,0.529,0.584,0.54,0.364,0.428
2,A1_2,0.314,0.855,1.0,0.622,0.35,0.34,0.371,0.694,0.663,0.656,0.414,0.499,0.438,0.42,0.467,0.303
2,A1_3,-0.321,0.52,0.622,1.0,0.754,0.845,0.195,0.781,0.531,0.275,0.162,0.596,0.405,-0.205,-0.093,-0.208
2,B1_1,-0.214,0.289,0.35,0.754,1.0,0.84,0.25,0.657,0.476,0.106,0.408,0.773,0.629,-0.17,0.189,0.028
2,B1_2,-0.449,0.274,0.34,0.845,0.84,1.0,0.003,0.648,0.41,0.151,0.205,0.609,0.381,-0.286,-0.0,-0.266
2,B1_3,0.423,0.553,0.371,0.195,0.25,0.003,1.0,0.373,0.55,0.498,0.705,0.509,0.825,0.557,0.408,0.499
2,A2_1,-0.068,0.566,0.694,0.781,0.657,0.648,0.373,1.0,0.633,0.428,0.344,0.801,0.6,0.004,0.314,0.022
2,A2_2,-0.071,0.865,0.663,0.531,0.476,0.41,0.55,0.633,1.0,0.874,0.723,0.632,0.619,0.322,0.312,0.344
2,A2_3,0.144,0.881,0.656,0.275,0.106,0.151,0.498,0.428,0.874,1.0,0.669,0.461,0.469,0.528,0.335,0.285
2,B2_1,0.342,0.621,0.414,0.162,0.408,0.205,0.705,0.344,0.723,0.669,1.0,0.605,0.804,0.409,0.61,0.513
2,B2_2,0.139,0.529,0.499,0.596,0.773,0.609,0.509,0.801,0.632,0.461,0.605,1.0,0.837,0.144,0.368,0.097
2,B2_3,0.378,0.584,0.438,0.405,0.629,0.381,0.825,0.6,0.619,0.469,0.804,0.837,1.0,0.399,0.54,0.465
2,y1,0.684,0.54,0.42,-0.205,-0.17,-0.286,0.557,0.004,0.322,0.528,0.409,0.144,0.399,1.0,0.617,0.709
2,y2,0.615,0.364,0.467,-0.093,0.189,-0.0,0.408,0.314,0.312,0.335,0.61,0.368,0.54,0.617,1.0,0.718
2,y3,0.571,0.428,0.303,-0.208,0.028,-0.266,0.499,0.022,0.344,0.285,0.513,0.097,0.465,0.709,0.718,1.0
3,.,1.0,0.261,0.306,-0.348,-0.241,-0.48,0.421,-0.089,-0.091,0.123,0.345,0.114,0.372,0.676,0.603,0.549
3,A1_1,0.261,1.0,0.858,0.509,0.251,0.27,0.544,0.575,0.857,0.881,0.61,0.523,0.555,0.547,0.341,0.409
3,A1_2,0.306,0.858,1.0,0.614,0.325,0.341,0.369,0.689,0.665,0.662,0.416,0.491,0.411,0.426,0.459,0.299
3,A1_3,-0.348,0.509,0.614,1.0,0.744,0.848,0.177,0.782,0.535,0.279,0.136,0.592,0.37,-0.212,-0.11,-0.214
3,B1_1,-0.241,0.251,0.325,0.744,1.0,0.823,0.231,0.638,0.461,0.073,0.372,0.758,0.603,-0.182,0.18,0.015
3,B1_2,-0.48,0.27,0.341,0.848,0.823,1.0,-0.013,0.641,0.415,0.161,0.175,0.593,0.345,-0.279,-0.024,-0.291
3,B1_3,0.421,0.544,0.369,0.177,0.231,-0.013,1.0,0.381,0.532,0.483,0.703,0.508,0.825,0.563,0.386,0.481
3,A2_1,-0.089,0.575,0.689,0.782,0.638,0.641,0.381,1.0,0.648,0.449,0.336,0.8,0.582,0.016,0.3,0.008
3,A2_2,-0.091,0.857,0.665,0.535,0.461,0.415,0.532,0.648,1.0,0.865,0.704,0.631,0.589,0.322,0.295,0.332
3,A2_3,0.123,0.881,0.662,0.279,0.073,0.161,0.483,0.449,0.865,1.0,0.648,0.459,0.435,0.529,0.293,0.245
3,B2_1,0.345,0.61,0.416,0.136,0.372,0.175,0.703,0.336,0.704,0.648,1.0,0.585,0.792,0.424,0.608,0.489
3,B2_2,0.114,0.523,0.491,0.592,0.758,0.593,0.508,0.8,0.631,0.459,0.585,1.0,0.824,0.156,0.348,0.063
3,B2_3,0.372,0.555,0.411,0.37,0.603,0.345,0.825,0.582,0.589,0.435,0.792,0.824,1.0,0.407,0.52,0.439
3,y1,0.676,0.547,0.426,-0.212,-0.182,-0.279,0.563,0.016,0.322,0.529,0.424,0.156,0.407,1.0,0.585,0.686
3,y2,0.603,0.341,0.459,-0.11,0.18,-0.024,0.386,0.3,0.295,0.293,0.608,0.348,0.52,0.585,1.0,0.697
3,y3,0.549,0.409,0.299,-0.214,0.015,-0.291,0.481,0.008,0.332,0.245,0.489,0.063,0.439,0.686,0.697,1.0
4,.,1.0,0.263,0.31,-0.361,-0.249,-0.496,0.427,-0.101,-0.089,0.119,0.359,0.104,0.375,0.674,0.595,0.534
4,A1_1,0.263,1.0,0.863,0.506,0.235,0.28,0.544,0.593,0.854,0.883,0.607,0.536,0.538,0.562,0.327,0.404
4,A1_2,0.31,0.863,1.0,0.606,0.311,0.349,0.376,0.686,0.672,0.672,0.427,0.492,0.393,0.443,0.457,0.307
4,A1_3,-0.361,0.506,0.606,1.0,0.735,0.852,0.165,0.785,0.538,0.287,0.115,0.589,0.339,-0.204,-0.12,-0.206
4,B1_1,-0.249,0.235,0.311,0.735,1.0,0.804,0.223,0.621,0.456,0.061,0.349,0.745,0.587,-0.169,0.181,0.019
4,B1_2,-0.496,0.28,0.349,0.852,0.804,1.0,-0.02,0.637,0.421,0.181,0.151,0.58,0.313,-0.256,-0.042,-0.3
4,B1_3,0.427,0.544,0.376,0.165,0.223,-0.02,1.0,0.397,0.523,0.481,0.706,0.521,0.828,0.576,0.369,0.47
4,A2_1,-0.101,0.593,0.686,0.785,0.621,0.637,0.397,1.0,0.666,0.477,0.334,0.8,0.567,0.044,0.283,0.006
4,A2_2,-0.089,0.854,0.672,0.538,0.456,0.421,0.523,0.666,1.0,0.86,0.693,0.643,0.568,0.337,0.292,0.339
4,A2_3,0.119,0.883,0.672,0.287,0.061,0.181,0.481,0.477,0.86,1.0,0.64,0.479,0.417,0.54,0.264,0.226
4,B2_1,0.359,0.607,0.427,0.115,0.349,0.151,0.706,0.334,0.693,0.64,1.0,0.576,0.784,0.452,0.61,0.478
4,B2_2,0.104,0.536,0.492,0.589,0.745,0.58,0.521,0.8,0.643,0.479,0.576,1.0,0.816,0.192,0.331,0.052
4,B2_3,0.375,0.538,0.393,0.339,0.587,0.313,0.828,0.567,0.568,0.417,0.784,0.816,1.0,0.429,0.505,0.427
4,y1,0.674,0.562,0.443,-0.204,-0.169,-0.256,0.576,0.044,0.337,0.54,0.452,0.192,0.429,1.0,0.563,0.67
4,y2,0.595,0.327,0.457,-0.12,0.181,-0.042,0.369,0.283,0.292,0.264,0.61,0.331,0.505,0.563,1.0,0.684
4,y3,0.534,0.404,0.307,-0.206,0.019,-0.3,0.47,0.006,0.339,0.226,0.478,0.052,0.427,0.67,0.684,1.0
5,.,1.0,0.256,0.306,-0.38,-0.271,-0.514,0.424,-0.118,-0.106,0.105,0.362,0.084,0.369,0.671,0.59,0.519
5,A1_1,0.256,1.0,0.865,0.499,0.209,0.285,0.542,0.602,0.847,0.885,0.602,0.542,0.518,0.567,0.3,0.385
5,A1_2,0.306,0.865,1.0,0.6,0.298,0.358,0.38,0.683,0.675,0.677,0.436,0.493,0.377,0.447,0.448,0.303
5,A1_3,-0.38,0.499,0.6,1.0,0.732,0.856,0.155,0.785,0.542,0.292,0.097,0.589,0.313,-0.209,-0.134,-0.208
5,B1_1,-0.271,0.209,0.298,0.732,1.0,0.79,0.207,0.61,0.446,0.038,0.315,0.729,0.565,-0.176,0.169,0.005
5,B1_2,-0.514,0.285,0.358,0.856,0.79,1.0,-0.026,0.636,0.427,0.197,0.13,0.571,0.285,-0.245,-0.067,-0.317
5,B1_3,0.424,0.542,0.38,0.155,0.207,-0.026,1.0,0.41,0.509,0.475,0.706,0.528,0.827,0.582,0.348,0.454
5,A2_1,-0.118,0.602,0.683,0.785,0.61,0.636,0.41,1.0,0.679,0.498,0.334,0.803,0.557,0.058,0.261,-0.005
5,A2_2,-0.106,0.847,0.675,0.542,0.446,0.427,0.509,0.679,1.0,0.851,0.676,0.646,0.541,0.337,0.272,0.329
5,A2_3,0.105,0.885,0.677,0.292,0.038,0.197,0.475,0.498,0.851,1.0,0.627,0.489,0.393,0.541,0.222,0.194
5,B2_1,0.362,0.602,0.436,0.097,0.315,0.13,0.706,0.334,0.676,0.627,1.0,0.563,0.774,0.469,0.6,0.452
5,B2_2,0.084,0.542,0.493,0.589,0.729,0.571,0.528,0.803,0.646,0.489,0.563,1.0,0.807,0.211,0.302,0.025
5,B2_3,0.369,0.518,0.377,0.313,0.565,0.285,0.827,0.557,0.541,0.393,0.774,0.807,1.0,0.438,0.484,0.401
5,y1,0.671,0.567,0.447,-0.209,-0.176,-0.245,0.582,0.058,0.337,0.541,0.469,0.211,0.438,1.0,0.54,0.654
5,y2,0.59,0.3,0.448,-0.134,0.169,-0.067,0.348,0.261,0.272,0.222,0.6,0.302,0.484,0.54,1.0,0.668
5,y3,0.519,0.385,0.303,-0.208,0.005,-0.317,0.454,-0.005,0.329,0.194,0.452,0.025,0.401,0.654,0.668,1.0
6,.,1.0,0.245,0.296,-0.404,-0.304,-0.537,0.418,-0.14,-0.131,0.083,0.357,0.054,0.357,0.669,0.584,0.502
6,A1_1,0.245,1.0,0.864,0.487,0.174,0.285,0.537,0.603,0.837,0.886,0.595,0.54,0.495,0.567,0.269,0.361
6,A1_2,0.296,0.864,1.0,0.592,0.281,0.362,0.378,0.676,0.674,0.678,0.44,0.492,0.36,0.443,0.433,0.291
6,A1_3,-0.404,0.487,0.592,1.0,0.731,0.857,0.142,0.784,0.545,0.294,0.077,0.59,0.289,-0.224,-0.152,-0.214
6,B1_1,-0.304,0.174,0.281,0.731,1.0,0.777,0.186,0.597,0.433,0.01,0.275,0.711,0.541,-0.198,0.152,-0.019
6,B1_2,-0.537,0.285,0.362,0.857,0.777,1.0,-0.032,0.634,0.431,0.21,0.11,0.565,0.262,-0.243,-0.098,-0.339
6,B1_3,0.418,0.537,0.378,0.142,0.186,-0.032,1.0,0.417,0.491,0.464,0.705,0.528,0.824,0.584,0.329,0.433
6,A2_1,-0.14,0.603,0.676,0.784,0.597,0.634,0.417,1.0,0.684,0.514,0.331,0.808,0.547,0.059,0.235,-0.026
6,A2_2,-0.131,0.837,0.674,0.545,0.433,0.431,0.491,0.684,1.0,0.842,0.657,0.646,0.51,0.324,0.247,0.312
6,A2_3,0.083,0.886,0.678,0.294,0.01,0.21,0.464,0.514,0.842,1.0,0.613,0.494,0.364,0.532,0.176,0.158
6,B2_1,0.357,0.595,0.44,0.077,0.275,0.11,0.705,0.331,0.657,0.613,1.0,0.546,0.761,0.479,0.585,0.416
6,B2_2,0.054,0.54,0.492,0.59,0.711,0.565,0.528,0.808,0.646,0.494,0.546,1.0,0.796,0.216,0.267,-0.014
6,B2_3,0.357,0.495,0.36,0.289,0.541,0.262,0.824,0.547,0.51,0.364,0.761,0.796,1.0,0.439,0.465,0.366
6,y1,0.669,0.567,0.443,-0.224,-0.198,-0.243,0.584,0.059,0.324,0.532,0.479,0.216,0.439,1.0,0.517,0.635
6,y2,0.584,0.269,0.433,-0.152,0.152,-0.098,0.329,0.235,0.247,0.176,0.585,0.267,0.465,0.517,1.0,0.65
6,y3,0.502,0.361,0.291,-0.214,-0.019,-0.339,0.433,-0.026,0.312,0.158,0.416,-0.014,0.366,0.635,0.65,1.0
7,.,1.0,0.241,0.295,-0.418,-0.323,-0.549,0.417,-0.154,-0.142,0.073,0.358,0.035,0.351,0.671,0.579,0.493
7,A1_1,0.241,1.0,0.864,0.481,0.156,0.293,0.538,0.609,0.831,0.888,0.594,0.551,0.479,0.57,0.246,0.35
7,A1_2,0.295,0.864,1.0,0.585,0.269,0.369,0.382,0.669,0.676,0.683,0.449,0.494,0.347,0.448,0.423,0.291
7,A1_3,-0.418,0.481,0.585,1.0,0.728,0.857,0.134,0.783,0.548,0.301,0.061,0.589,0.267,-0.229,-0.165,-0.214
7,B1_1,-0.323,0.156,0.269,0.728,1.0,0.763,0.173,0.586,0.429,0.001,0.246,0.697,0.526,-0.201,0.139,-0.033
7,B1_2,-0.549,0.293,0.369,0.857,0.763,1.0,-0.033,0.633,0.436,0.23,0.097,0.56,0.241,-0.231,-0.123,-0.349
7,B1_3,0.417,0.538,0.382,0.134,0.173,-0.033,1.0,0.426,0.481,0.463,0.707,0.536,0.823,0.589,0.312,0.42
7,A2_1,-0.154,0.609,0.669,0.783,0.586,0.633,0.426,1.0,0.692,0.533,0.33,0.811,0.537,0.069,0.209,-0.037
7,A2_2,-0.142,0.831,0.676,0.548,0.429,0.436,0.481,0.692,1.0,0.836,0.643,0.652,0.487,0.322,0.232,0.306
7,A2_3,0.073,0.888,0.683,0.301,0.001,0.23,0.463,0.533,0.836,1.0,0.607,0.512,0.346,0.53,0.142,0.139
7,B2_1,0.358,0.594,0.449,0.061,0.246,0.097,0.707,0.33,0.643,0.607,1.0,0.537,0.751,0.495,0.573,0.392
7,B2_2,0.035,0.551,0.494,0.589,0.697,0.56,0.536,0.811,0.652,0.512,0.537,1.0,0.788,0.234,0.234,-0.034
7,B2_3,0.351,0.479,0.347,0.267,0.526,0.241,0.823,0.537,0.487,0.346,0.751,0.788,1.0,0.448,0.448,0.345
7,y1,0.671,0.57,0.448,-0.229,-0.201,-0.231,0.589,0.069,0.322,0.53,0.495,0.234,0.448,1.0,0.501,0.626
7,y2,0.579,0.246,0.423,-0.165,0.139,-0.123,0.312,0.209,0.232,0.142,0.573,0.234,0.448,0.501,1.0,0.638
7,y3,0.493,0.35,0.291,-0.214,-0.033,-0.349,0.42,-0.037,0.306,0.139,0.392,-0.034,0.345,0.626,0.638,1.0
8,.,1.0,0.23,0.289,-0.434,-0.346,-0.563,0.412,-0.169,-0.16,0.057,0.354,0.018,0.343,0.67,0.57,0.481
8,A1_1,0.23,1.0,0.863,0.477,0.135,0.297,0.535,0.612,0.825,0.889,0.589,0.554,0.461,0.566,0.214,0.328
8,A1_2,0.289,0.863,1.0,0.579,0.256,0.371,0.382,0.662,0.677,0.684,0.454,0.493,0.333,0.445,0.41,0.281
8,A1_3,-0.434,0.477,0.579,1.0,0.727,0.857,0.128,0.781,0.553,0.307,0.046,0.589,0.248,-0.238,-0.175,-0.217
8,B1_1,-0.346,0.135,0.256,0.727,1.0,0.753,0.163,0.577,0.418,-0.014,0.215,0.682,0.509,-0.21,0.127,-0.054
8,B1_2,-0.563,0.297,0.371,0.857,0.753,1.0,-0.031,0.633,0.438,0.244,0.086,0.556,0.225,-0.228,-0.144,-0.364
8,B1_3,0.412,0.535,0.382,0.128,0.163,-0.031,1.0,0.432,0.468,0.457,0.708,0.542,0.822,0.59,0.292,0.403
8,A2_1,-0.169,0.612,0.662,0.781,0.577,0.633,0.432,1.0,0.696,0.547,0.327,0.815,0.528,0.073,0.186,-0.054
8,A2_2,-0.16,0.825,0.677,0.553,0.418,0.438,0.468,0.696,1.0,0.83,0.626,0.649,0.46,0.315,0.211,0.291
8,A2_3,0.057,0.889,0.684,0.307,-0.014,0.244,0.457,0.547,0.83,1.0,0.597,0.52,0.326,0.521,0.1,0.112
8,B2_1,0.354,0.589,0.454,0.046,0.215,0.086,0.708,0.327,0.626,0.597,1.0,0.527,0.741,0.505,0.555,0.359
8,B2_2,0.018,0.554,0.493,0.589,0.682,0.556,0.542,0.815,0.649,0.52,0.527,1.0,0.781,0.242,0.2,-0.064
8,B2_3,0.343,0.461,0.333,0.248,0.509,0.225,0.822,0.528,0.46,0.326,0.741,0.781,1.0,0.452,0.426,0.315
8,y1,0.67,0.566,0.445,-0.238,-0.21,-0.228,0.59,0.073,0.315,0.521,0.505,0.242,0.452,1.0,0.481,0.615
8,y2,0.57,0.214,0.41,-0.175,0.127,-0.144,0.292,0.186,0.211,0.1,0.555,0.2,0.426,0.481,1.0,0.624
8,y3,0.481,0.328,0.281,-0.217,-0.054,-0.364,0.403,-0.054,0.291,0.112,0.359,-0.064,0.315,0.615,0.624,1.0
9,.,1.0,0.233,0.297,-0.437,-0.356,-0.563,0.414,-0.17,-0.16,0.056,0.363,0.012,0.342,0.669,0.565,0.468
9,A1_1,0.233,1.0,0.864,0.474,0.116,0.303,0.537,0.617,0.82,0.891,0.588,0.563,0.447,0.572,0.198,0.323
9,A1_2,0.297,0.864,1.0,0.573,0.242,0.375,0.385,0.656,0.68,0.691,0.463,0.495,0.321,0.453,0.406,0.287
9,A1_3,-0.437,0.474,0.573,1.0,0.721,0.853,0.124,0.778,0.555,0.315,0.031,0.586,0.229,-0.236,-0.177,-0.204
9,B1_1,-0.356,0.116,0.242,0.721,1.0,0.736,0.155,0.562,0.406,-0.027,0.186,0.666,0.495,-0.21,0.123,-0.058
9,B1_2,-0.563,0.303,0.375,0.853,0.736,1.0,-0.029,0.626,0.435,0.26,0.074,0.548,0.205,-0.211,-0.16,-0.363
9,B1_3,0.414,0.537,0.385,0.124,0.155,-0.029,1.0,0.44,0.458,0.457,0.71,0.551,0.822,0.593,0.278,0.386
9,A2_1,-0.17,0.617,0.656,0.778,0.562,0.626,0.44,1.0,0.7,0.563,0.326,0.817,0.518,0.086,0.17,-0.054
9,A2_2,-0.16,0.82,0.68,0.555,0.406,0.435,0.458,0.7,1.0,0.825,0.61,0.649,0.438,0.32,0.206,0.296
9,A2_3,0.056,0.891,0.691,0.315,-0.027,0.26,0.457,0.563,0.825,1.0,0.593,0.533,0.311,0.522,0.077,0.101
9,B2_1,0.363,0.588,0.463,0.031,0.186,0.074,0.71,0.326,0.61,0.593,1.0,0.519,0.731,0.522,0.544,0.335
9,B2_2,0.012,0.563,0.495,0.586,0.666,0.548,0.551,0.817,0.649,0.533,0.519,1.0,0.774,0.262,0.177,-0.076
9,B2_3,0.342,0.447,0.321,0.229,0.495,0.205,0.822,0.518,0.438,0.311,0.731,0.774,1.0,0.462,0.412,0.294
9,y1,0.669,0.572,0.453,-0.236,-0.21,-0.211,0.593,0.086,0.32,0.522,0.522,0.262,0.462,1.0,0.468,0.602
9,y2,0.565,0.198,0.406,-0.177,0.123,-0.16,0.278,0.17,0.206,0.077,0.544,0.177,0.412,0.468,1.0,0.615
9,y3,0.468,0.323,0.287,-0.204,-0.058,-0.363,0.386,-0.054,0.296,0.101,0.335,-0.076,0.294,0.602,0.615,1.0
10,.,1.0,0.222,0.29,-0.45,-0.379,-0.575,0.409,-0.185,-0.174,0.042,0.358,-0.007,0.331,0.669,0.561,0.461
10,A1_1,0.222,1.0,0.862,0.471,0.098,0.309,0.535,0.618,0.815,0.893,0.584,0.568,0.433,0.565,0.171,0.305
10,A1_2,0.29,0.862,1.0,0.569,0.23,0.377,0.383,0.651,0.681,0.692,0.465,0.495,0.309,0.447,0.39,0.277
10,A1_3,-0.45,0.471,0.569,1.0,0.722,0.851,0.119,0.777,0.559,0.321,0.019,0.588,0.215,-0.247,-0.189,-0.208
10,B1_1,-0.379,0.098,0.23,0.722,1.0,0.727,0.143,0.556,0.396,-0.039,0.157,0.651,0.479,-0.224,0.105,-0.081
10,B1_2,-0.575,0.309,0.377,0.851,0.727,1.0,-0.025,0.628,0.436,0.275,0.069,0.547,0.195,-0.213,-0.185,-0.376
10,B1_3,0.409,0.535,0.383,0.119,0.143,-0.025,1.0,0.442,0.447,0.453,0.711,0.556,0.822,0.593,0.263,0.368
10,A2_1,-0.185,0.618,0.651,0.777,0.556,0.628,0.442,1.0,0.703,0.574,0.324,0.822,0.51,0.083,0.147,-0.068
10,A2_2,-0.174,0.815,0.681,0.559,0.396,0.436,0.447,0.703,1.0,0.821,0.595,0.648,0.417,0.311,0.188,0.283
10,A2_3,0.042,0.893,0.692,0.321,-0.039,0.275,0.453,0.574,0.821,1.0,0.586,0.542,0.296,0.512,0.045,0.081
10,B2_1,0.358,0.584,0.465,0.019,0.157,0.069,0.711,0.324,0.595,0.586,1.0,0.511,0.722,0.529,0.528,0.307
10,B2_2,-0.007,0.568,0.495,0.588,0.651,0.547,0.556,0.822,0.648,0.542,0.511,1.0,0.767,0.264,0.143,-0.103
10,B2_3,0.331,0.433,0.309,0.215,0.479,0.195,0.822,0.51,0.417,0.296,0.722,0.767,1.0,0.465,0.394,0.267
10,y1,0.669,0.565,0.447,-0.247,-0.224,-0.213,0.593,0.083,0.311,0.512,0.529,0.264,0.465,1.0,0.458,0.592
10,y2,0.561,0.171,0.39,-0.189,0.105,-0.185,0.263,0.147,0.188,0.045,0.528,0.143,0.394,0.458,1.0,0.606
10,y3,0.461,0.305,0.277,-0.208,-0.081,-0.376,0.368,-0.068,0.283,0.081,0.307,-0.103,0.267,0.592,0.606,1.0
11,.,1.0,0.216,0.287,-0.458,-0.396,-0.579,0.406,-0.197,-0.184,0.033,0.355,-0.022,0.32,0.673,0.559,0.459
11,A1_1,0.216,1.0,0.862,0.47,0.086,0.317,0.535,0.62,0.812,0.894,0.582,0.576,0.423,0.561,0.146,0.294
11,A1_2,0.287,0.862,1.0,0.566,0.222,0.381,0.384,0.645,0.683,0.696,0.472,0.496,0.3,0.445,0.376,0.271
11,A1_3,-0.458,0.47,0.566,1.0,0.723,0.849,0.118,0.779,0.565,0.331,0.014,0.59,0.206,-0.255,-0.2,-0.211
11,B1_1,-0.396,0.086,0.222,0.723,1.0,0.719,0.136,0.555,0.388,-0.043,0.134,0.639,0.471,-0.232,0.088,-0.101
11,B1_2,-0.579,0.317,0.381,0.849,0.719,1.0,-0.018,0.63,0.436,0.291,0.068,0.548,0.19,-0.21,-0.209,-0.387
11,B1_3,0.406,0.535,0.384,0.118,0.136,-0.018,1.0,0.445,0.437,0.452,0.712,0.562,0.821,0.592,0.248,0.355
11,A2_1,-0.197,0.62,0.645,0.779,0.555,0.63,0.445,1.0,0.708,0.585,0.325,0.826,0.506,0.081,0.122,-0.079
11,A2_2,-0.184,0.812,0.683,0.565,0.388,0.436,0.437,0.708,1.0,0.819,0.581,0.648,0.399,0.303,0.17,0.273
11,A2_3,0.033,0.894,0.696,0.331,-0.043,0.291,0.452,0.585,0.819,1.0,0.582,0.555,0.287,0.503,0.017,0.068
11,B2_1,0.355,0.582,0.472,0.014,0.134,0.068,0.712,0.325,0.581,0.582,1.0,0.505,0.712,0.537,0.513,0.284
11,B2_2,-0.022,0.576,0.496,0.59,0.639,0.548,0.562,0.826,0.648,0.555,0.505,1.0,0.762,0.268,0.109,-0.123
11,B2_3,0.32,0.423,0.3,0.206,0.471,0.19,0.821,0.506,0.399,0.287,0.712,0.762,1.0,0.468,0.375,0.246
11,y1,0.673,0.561,0.445,-0.255,-0.232,-0.21,0.592,0.081,0.303,0.503,0.537,0.268,0.468,1.0,0.45,0.588
11,y2,0.559,0.146,0.376,-0.2,0.088,-0.209,0.248,0.122,0.17,0.017,0.513,0.109,0.375,0.45,1.0,0.599
11,y3,0.459,0.294,0.271,-0.211,-0.101,-0.387,0.355,-0.079,0.273,0.068,0.284,-0.123,0.246,0.588,0.599,1.0
12,.,1.0,0.21,0.282,-0.465,-0.409,-0.582,0.405,-0.208,-0.187,0.029,0.353,-0.029,0.314,0.678,0.56,0.463
12,A1_1,0.21,1.0,0.862,0.472,0.084,0.326,0.535,0.622,0.811,0.896,0.581,0.585,0.415,0.557,0.128,0.286
12,A1_2,0.282,0.862,1.0,0.565,0.218,0.384,0.384,0.64,0.686,0.698,0.475,0.494,0.29,0.443,0.363,0.265
12,A1_3,-0.465,0.472,0.565,1.0,0.724,0.847,0.116,0.78,0.569,0.338,0.008,0.588,0.195,-0.26,-0.211,-0.216
12,B1_1,-0.409,0.084,0.218,0.724,1.0,0.714,0.131,0.553,0.384,-0.042,0.119,0.627,0.463,-0.233,0.072,-0.117
12,B1_2,-0.582,0.326,0.384,0.847,0.714,1.0,-0.01,0.632,0.435,0.303,0.069,0.547,0.185,-0.211,-0.231,-0.397
12,B1_3,0.405,0.535,0.384,0.116,0.131,-0.01,1.0,0.446,0.431,0.455,0.713,0.572,0.823,0.593,0.237,0.347
12,A2_1,-0.208,0.622,0.64,0.78,0.553,0.632,0.446,1.0,0.713,0.594,0.323,0.828,0.498,0.078,0.1,-0.088
12,A2_2,-0.187,0.811,0.686,0.569,0.384,0.435,0.431,0.713,1.0,0.817,0.571,0.646,0.387,0.298,0.157,0.265
12,A2_3,0.029,0.896,0.698,0.338,-0.042,0.303,0.455,0.594,0.817,1.0,0.582,0.568,0.283,0.496,-0.003,0.06
12,B2_1,0.353,0.581,0.475,0.008,0.119,0.069,0.713,0.323,0.571,0.582,1.0,0.502,0.706,0.544,0.5,0.272
12,B2_2,-0.029,0.585,0.494,0.588,0.627,0.547,0.572,0.828,0.646,0.568,0.502,1.0,0.76,0.275,0.08,-0.135
12,B2_3,0.314,0.415,0.29,0.195,0.463,0.185,0.823,0.498,0.387,0.283,0.706,0.76,1.0,0.475,0.363,0.239
12,y1,0.678,0.557,0.443,-0.26,-0.233,-0.211,0.593,0.078,0.298,0.496,0.544,0.275,0.475,1.0,0.452,0.592
12,y2,0.56,0.128,0.363,-0.211,0.072,-0.231,0.237,0.1,0.157,-0.003,0.5,0.08,0.363,0.452,1.0,0.599
12,y3,0.463,0.286,0.265,-0.216,-0.117,-0.397,0.347,-0.088,0.265,0.06,0.272,-0.135,0.239,0.592,0.599,1.0
13,.,1.0,0.192,0.269,-0.476,-0.429,-0.592,0.396,-0.226,-0.202,0.016,0.343,-0.05,0.3,0.681,0.564,0.472
13,A1_1,0.192,1.0,0.86,0.477,0.079,0.334,0.531,0.625,0.813,0.897,0.575,0.591,0.404,0.543,0.105,0.266
13,A1_2,0.269,0.86,1.0,0.567,0.214,0.387,0.378,0.637,0.689,0.698,0.474,0.494,0.28,0.432,0.347,0.25
13,A1_3,-0.476,0.477,0.567,1.0,0.728,0.848,0.113,0.783,0.575,0.343,0.005,0.593,0.189,-0.272,-0.226,-0.231
13,B1_1,-0.429,0.079,0.214,0.728,1.0,0.714,0.122,0.551,0.377,-0.047,0.104,0.616,0.453,-0.249,0.049,-0.142
13,B1_2,-0.592,0.334,0.387,0.848,0.714,1.0,-0.003,0.636,0.435,0.311,0.072,0.553,0.184,-0.224,-0.255,-0.417
13,B1_3,0.396,0.531,0.378,0.113,0.122,-0.003,1.0,0.443,0.42,0.453,0.712,0.577,0.824,0.587,0.225,0.332
13,A2_1,-0.226,0.625,0.637,0.783,0.551,0.636,0.443,1.0,0.718,0.601,0.32,0.831,0.491,0.065,0.075,-0.109
13,A2_2,-0.202,0.813,0.689,0.575,0.377,0.435,0.42,0.718,1.0,0.815,0.559,0.645,0.373,0.285,0.136,0.242
13,A2_3,0.016,0.897,0.698,0.343,-0.047,0.311,0.453,0.601,0.815,1.0,0.577,0.575,0.274,0.481,-0.025,0.041
13,B2_1,0.343,0.575,0.474,0.005,0.104,0.072,0.712,0.32,0.559,0.577,1.0,0.496,0.699,0.542,0.486,0.254
13,B2_2,-0.05,0.591,0.494,0.593,0.616,0.553,0.577,0.831,0.645,0.575,0.496,1.0,0.755,0.266,0.047,-0.16
13,B2_3,0.3,0.404,0.28,0.189,0.453,0.184,0.824,0.491,0.373,0.274,0.699,0.755,1.0,0.472,0.349,0.223
13,y1,0.681,0.543,0.432,-0.272,-0.249,-0.224,0.587,0.065,0.285,0.481,0.542,0.266,0.472,1.0,0.457,0.596
13,y2,0.564,0.105,0.347,-0.226,0.049,-0.255,0.225,0.075,0.136,-0.025,0.486,0.047,0.349,0.457,1.0,0.6
13,y3,0.472,0.266,0.25,-0.231,-0.142,-0.417,0.332,-0.109,0.242,0.041,0.254,-0.16,0.223,0.596,0.6,1.0
14,.,1.0,0.182,0.261,-0.482,-0.448,-0.598,0.39,-0.235,-0.213,0.005,0.337,-0.066,0.288,0.68,0.566,0.47
14,A1_1,0.182,1.0,0.859,0.479,0.064,0.338,0.526,0.627,0.811,0.898,0.568,0.594,0.393,0.534,0.084,0.252
14,A1_2,0.261,0.859,1.0,0.568,0.206,0.389,0.371,0.634,0.691,0.701,0.473,0.492,0.269,0.423,0.333,0.241
14,A1_3,-0.482,0.479,0.568,1.0,0.729,0.845,0.112,0.783,0.581,0.352,0.001,0.597,0.184,-0.281,-0.236,-0.233
14,B1_1,-0.448,0.064,0.206,0.729,1.0,0.708,0.111,0.546,0.366,-0.057,0.081,0.601,0.44,-0.267,0.032,-0.162
14,B1_2,-0.598,0.338,0.389,0.845,0.708,1.0,0.003,0.635,0.433,0.321,0.072,0.555,0.181,-0.229,-0.276,-0.427
14,B1_3,0.39,0.526,0.371,0.112,0.111,0.003,1.0,0.443,0.408,0.448,0.711,0.581,0.824,0.581,0.213,0.315
14,A2_1,-0.235,0.627,0.634,0.783,0.546,0.635,0.443,1.0,0.723,0.611,0.321,0.835,0.487,0.058,0.056,-0.118
14,A2_2,-0.213,0.811,0.691,0.581,0.366,0.433,0.408,0.723,1.0,0.813,0.543,0.64,0.356,0.274,0.12,0.23
14,A2_3,0.005,0.898,0.701,0.352,-0.057,0.321,0.448,0.611,0.813,1.0,0.57,0.581,0.263,0.469,-0.047,0.026
14,B2_1,0.337,0.568,0.473,0.001,0.081,0.072,0.711,0.321,0.543,0.57,1.0,0.488,0.691,0.541,0.473,0.229
14,B2_2,-0.066,0.594,0.492,0.597,0.601,0.555,0.581,0.835,0.64,0.581,0.488,1.0,0.75,0.258,0.017,-0.183
14,B2_3,0.288,0.393,0.269,0.184,0.44,0.181,0.824,0.487,0.356,0.263,0.691,0.75,1.0,0.468,0.334,0.202
14,y1,0.68,0.534,0.423,-0.281,-0.267,-0.229,0.581,0.058,0.274,0.469,0.541,0.258,0.468,1.0,0.456,0.591
14,y2,0.566,0.084,0.333,-0.236,0.032,-0.276,0.213,0.056,0.12,-0.047,0.473,0.017,0.334,0.456,1.0,0.599
14,y3,0.47,0.252,0.241,-0.233,-0.162,-0.427,0.315,-0.118,0.23,0.026,0.229,-0.183,0.202,0.591,0.599,1.0
15,.,1.0,0.172,0.252,-0.489,-0.463,-0.6,0.385,-0.248,-0.223,-0.003,0.331,-0.082,0.272,0.684,0.573,0.477
15,A1_1,0.172,1.0,0.857,0.48,0.054,0.342,0.522,0.627,0.809,0.9,0.564,0.596,0.383,0.525,0.064,0.238
15,A1_2,0.252,0.857,1.0,0.569,0.201,0.393,0.367,0.63,0.694,0.703,0.477,0.491,0.26,0.414,0.318,0.23
15,A1_3,-0.489,0.48,0.569,1.0,0.733,0.841,0.111,0.785,0.587,0.358,-0.0,0.601,0.184,-0.293,-0.249,-0.242
15,B1_1,-0.463,0.054,0.201,0.733,1.0,0.703,0.102,0.546,0.355,-0.062,0.062,0.59,0.434,-0.284,0.01,-0.186
15,B1_2,-0.6,0.342,0.393,0.841,0.703,1.0,0.01,0.637,0.429,0.331,0.076,0.559,0.183,-0.237,-0.299,-0.444
15,B1_3,0.385,0.522,0.367,0.111,0.102,0.01,1.0,0.441,0.396,0.445,0.71,0.584,0.824,0.574,0.202,0.299
15,A2_1,-0.248,0.627,0.63,0.785,0.546,0.637,0.441,1.0,0.727,0.617,0.321,0.839,0.485,0.044,0.032,-0.134
15,A2_2,-0.223,0.809,0.694,0.587,0.355,0.429,0.396,0.727,1.0,0.812,0.53,0.635,0.342,0.26,0.098,0.212
15,A2_3,-0.003,0.9,0.703,0.358,-0.062,0.331,0.445,0.617,0.812,1.0,0.567,0.588,0.257,0.455,-0.067,0.01
15,B2_1,0.331,0.564,0.477,-0.0,0.062,0.076,0.71,0.321,0.53,0.567,1.0,0.481,0.681,0.541,0.461,0.209
15,B2_2,-0.082,0.596,0.491,0.601,0.59,0.559,0.584,0.839,0.635,0.588,0.481,1.0,0.747,0.247,-0.015,-0.206
15,B2_3,0.272,0.383,0.26,0.184,0.434,0.183,0.824,0.485,0.342,0.257,0.681,0.747,1.0,0.462,0.319,0.184
15,y1,0.684,0.525,0.414,-0.293,-0.284,-0.237,0.574,0.044,0.26,0.455,0.541,0.247,0.462,1.0,0.462,0.592
15,y2,0.573,0.064,0.318,-0.249,0.01,-0.299,0.202,0.032,0.098,-0.067,0.461,-0.015,0.319,0.462,1.0,0.601
15,y3,0.477,0.238,0.23,-0.242,-0.186,-0.444,0.299,-0.134,0.212,0.01,0.209,-0.206,0.184,0.592,0.601,1.0
16,.,1.0,0.158,0.24,-0.495,-0.477,-0.605,0.379,-0.258,-0.234,-0.014,0.323,-0.096,0.261,0.685,0.575,0.481
16,A1_1,0.158,1.0,0.856,0.484,0.045,0.344,0.516,0.629,0.809,0.901,0.554,0.596,0.371,0.514,0.045,0.224
16,A1_2,0.24,0.856,1.0,0.572,0.193,0.391,0.359,0.627,0.696,0.704,0.472,0.486,0.248,0.404,0.303,0.217
16,A1_3,-0.495,0.484,0.572,1.0,0.732,0.837,0.11,0.786,0.593,0.366,-0.004,0.604,0.181,-0.301,-0.26,-0.25
16,B1_1,-0.477,0.045,0.193,0.732,1.0,0.702,0.099,0.542,0.344,-0.067,0.049,0.583,0.43,-0.296,-0.009,-0.204
16,B1_2,-0.605,0.344,0.391,0.837,0.702,1.0,0.02,0.635,0.422,0.336,0.08,0.564,0.186,-0.246,-0.318,-0.457
16,B1_3,0.379,0.516,0.359,0.11,0.099,0.02,1.0,0.439,0.384,0.442,0.71,0.591,0.827,0.568,0.19,0.284
16,A2_1,-0.258,0.629,0.627,0.786,0.542,0.635,0.439,1.0,0.73,0.625,0.318,0.839,0.48,0.035,0.013,-0.146
16,A2_2,-0.234,0.809,0.696,0.593,0.344,0.422,0.384,0.73,1.0,0.811,0.513,0.627,0.327,0.25,0.082,0.198
16,A2_3,-0.014,0.901,0.704,0.366,-0.067,0.336,0.442,0.625,0.811,1.0,0.559,0.591,0.249,0.442,-0.085,-0.004
16,B2_1,0.323,0.554,0.472,-0.004,0.049,0.08,0.71,0.318,0.513,0.559,1.0,0.475,0.675,0.538,0.448,0.192
16,B2_2,-0.096,0.596,0.486,0.604,0.583,0.564,0.591,0.839,0.627,0.591,0.475,1.0,0.745,0.236,-0.042,-0.225
16,B2_3,0.261,0.371,0.248,0.181,0.43,0.186,0.827,0.48,0.327,0.249,0.675,0.745,1.0,0.457,0.305,0.171
16,y1,0.685,0.514,0.404,-0.301,-0.296,-0.246,0.568,0.035,0.25,0.442,0.538,0.236,0.457,1.0,0.47,0.596
16,y2,0.575,0.045,0.303,-0.26,-0.009,-0.318,0.19,0.013,0.082,-0.085,0.448,-0.042,0.305,0.47,1.0,0.607
16,y3,0.481,0.224,0.217,-0.25,-0.204,-0.457,0.284,-0.146,0.198,-0.004,0.192,-0.225,0.171,0.596,0.607,1.0
17,.,1.0,0.137,0.222,-0.505,-0.497,-0.614,0.366,-0.275,-0.255,-0.035,0.306,-0.123,0.24,0.686,0.578,0.483
17,A1_1,0.137,1.0,0.854,0.488,0.031,0.344,0.504,0.628,0.808,0.902,0.539,0.592,0.355,0.496,0.019,0.201
17,A1_2,0.222,0.854,1.0,0.576,0.185,0.391,0.348,0.626,0.697,0.705,0.467,0.481,0.236,0.385,0.283,0.196
17,A1_3,-0.505,0.488,0.576,1.0,0.736,0.833,0.108,0.789,0.602,0.376,-0.003,0.612,0.184,-0.317,-0.272,-0.261
17,B1_1,-0.497,0.031,0.185,0.736,1.0,0.704,0.09,0.54,0.33,-0.074,0.032,0.576,0.424,-0.322,-0.031,-0.232
17,B1_2,-0.614,0.344,0.391,0.833,0.704,1.0,0.027,0.636,0.418,0.34,0.084,0.573,0.193,-0.263,-0.338,-0.475
17,B1_3,0.366,0.504,0.348,0.108,0.09,0.027,1.0,0.434,0.368,0.431,0.706,0.589,0.826,0.555,0.176,0.261
17,A2_1,-0.275,0.628,0.626,0.789,0.54,0.636,0.434,1.0,0.734,0.632,0.317,0.843,0.478,0.015,-0.008,-0.166
17,A2_2,-0.255,0.808,0.697,0.602,0.33,0.418,0.368,0.734,1.0,0.811,0.494,0.619,0.31,0.228,0.057,0.173
17,A2_3,-0.035,0.902,0.705,0.376,-0.074,0.34,0.431,0.632,0.811,1.0,0.545,0.591,0.234,0.419,-0.11,-0.026
17,B2_1,0.306,0.539,0.467,-0.003,0.032,0.084,0.706,0.317,0.494,0.545,1.0,0.463,0.666,0.527,0.433,0.161
17,B2_2,-0.123,0.592,0.481,0.612,0.576,0.573,0.589,0.843,0.619,0.591,0.463,1.0,0.74,0.21,-0.076,-0.258
17,B2_3,0.24,0.355,0.236,0.184,0.424,0.193,0.826,0.478,0.31,0.234,0.666,0.74,1.0,0.442,0.288,0.142
17,y1,0.686,0.496,0.385,-0.317,-0.322,-0.263,0.555,0.015,0.228,0.419,0.527,0.21,0.442,1.0,0.473,0.596
17,y2,0.578,0.019,0.283,-0.272,-0.031,-0.338,0.176,-0.008,0.057,-0.11,0.433,-0.076,0.288,0.473,1.0,0.608
17,y3,0.483,0.201,0.196,-0.261,-0.232,-0.475,0.261,-0.166,0.173,-0.026,0.161,-0.258,0.142,0.596,0.608,1.0
18,.,1.0,0.114,0.205,-0.514,-0.513,-0.624,0.356,-0.288,-0.271,-0.053,0.292,-0.143,0.224,0.686,0.578,0.485
18,A1_1,0.114,1.0,0.853,0.495,0.021,0.345,0.492,0.633,0.81,0.903,0.523,0.589,0.34,0.476,-0.007,0.179
18,A1_2,0.205,0.853,1.0,0.581,0.176,0.388,0.337,0.627,0.699,0.706,0.458,0.475,0.224,0.368,0.264,0.175
18,A1_3,-0.514,0.495,0.581,1.0,0.736,0.83,0.107,0.792,0.609,0.385,-0.004,0.616,0.183,-0.331,-0.28,-0.272
18,B1_1,-0.513,0.021,0.176,0.736,1.0,0.708,0.088,0.537,0.316,-0.079,0.021,0.571,0.419,-0.341,-0.049,-0.257
18,B1_2,-0.624,0.345,0.388,0.83,0.708,1.0,0.035,0.636,0.413,0.342,0.086,0.581,0.2,-0.282,-0.355,-0.49
18,B1_3,0.356,0.492,0.337,0.107,0.088,0.035,1.0,0.432,0.356,0.421,0.703,0.592,0.828,0.545,0.164,0.244
18,A2_1,-0.288,0.633,0.627,0.792,0.537,0.636,0.432,1.0,0.74,0.641,0.316,0.845,0.474,0.0,-0.026,-0.181
18,A2_2,-0.271,0.81,0.699,0.609,0.316,0.413,0.356,0.74,1.0,0.813,0.478,0.611,0.294,0.212,0.037,0.151
18,A2_3,-0.053,0.903,0.706,0.385,-0.079,0.342,0.421,0.641,0.813,1.0,0.531,0.592,0.224,0.399,-0.131,-0.045
18,B2_1,0.292,0.523,0.458,-0.004,0.021,0.086,0.703,0.316,0.478,0.531,1.0,0.453,0.66,0.518,0.42,0.136
18,B2_2,-0.143,0.589,0.475,0.616,0.571,0.581,0.592,0.845,0.611,0.592,0.453,1.0,0.737,0.19,-0.107,-0.285
18,B2_3,0.224,0.34,0.224,0.183,0.419,0.2,0.828,0.474,0.294,0.224,0.66,0.737,1.0,0.432,0.271,0.121
18,y1,0.686,0.476,0.368,-0.331,-0.341,-0.282,0.545,0.0,0.212,0.399,0.518,0.19,0.432,1.0,0.477,0.598
18,y2,0.578,-0.007,0.264,-0.28,-0.049,-0.355,0.164,-0.026,0.037,-0.131,0.42,-0.107,0.271,0.477,1.0,0.608
18,y3,0.485,0.179,0.175,-0.272,-0.257,-0.49,0.244,-0.181,0.151,-0.045,0.136,-0.285,0.121,0.598,0.608,1.0
19,.,1.0,0.1,0.192,-0.52,-0.524,-0.629,0.353,-0.298,-0.28,-0.062,0.285,-0.155,0.215,0.688,0.582,0.489
19,A1_1,0.1,1.0,0.852,0.5,0.012,0.345,0.483,0.636,0.812,0.904,0.511,0.589,0.328,0.463,-0.022,0.164
19,A1_2,0.192,0.852,1.0,0.584,0.17,0.389,0.328,0.627,0.701,0.709,0.453,0.473,0.214,0.356,0.249,0.16
19,A1_3,-0.52,0.5,0.584,1.0,0.735,0.827,0.105,0.794,0.615,0.393,-0.006,0.62,0.182,-0.339,-0.289,-0.281
19,B1_1,-0.524,0.012,0.17,0.735,1.0,0.709,0.083,0.532,0.305,-0.083,0.009,0.563,0.413,-0.357,-0.064,-0.274
19,B1_2,-0.629,0.345,0.389,0.827,0.709,1.0,0.038,0.636,0.408,0.344,0.087,0.584,0.202,-0.296,-0.369,-0.503
19,B1_3,0.353,0.483,0.328,0.105,0.083,0.038,1.0,0.427,0.345,0.415,0.701,0.594,0.829,0.537,0.159,0.233
19,A2_1,-0.298,0.636,0.627,0.794,0.532,0.636,0.427,1.0,0.746,0.649,0.312,0.845,0.468,-0.013,-0.041,-0.193
19,A2_2,-0.28,0.812,0.701,0.615,0.305,0.408,0.345,0.746,1.0,0.814,0.462,0.606,0.282,0.202,0.023,0.136
19,A2_3,-0.062,0.904,0.709,0.393,-0.083,0.344,0.415,0.649,0.814,1.0,0.521,0.595,0.216,0.384,-0.143,-0.058
19,B2_1,0.285,0.511,0.453,-0.006,0.009,0.087,0.701,0.312,0.462,0.521,1.0,0.445,0.654,0.51,0.411,0.12
19,B2_2,-0.155,0.589,0.473,0.62,0.563,0.584,0.594,0.845,0.606,0.595,0.445,1.0,0.734,0.174,-0.127,-0.302
19,B2_3,0.215,0.328,0.214,0.182,0.413,0.202,0.829,0.468,0.282,0.216,0.654,0.734,1.0,0.424,0.264,0.109
19,y1,0.688,0.463,0.356,-0.339,-0.357,-0.296,0.537,-0.013,0.202,0.384,0.51,0.174,0.424,1.0,0.488,0.604
19,y2,0.582,-0.022,0.249,-0.289,-0.064,-0.369,0.159,-0.041,0.023,-0.143,0.411,-0.127,0.264,0.488,1.0,0.612
19,y3,0.489,0.164,0.16,-0.281,-0.274,-0.503,0.233,-0.193,0.136,-0.058,0.12,-0.302,0.109,0.604,0.612,1.0
20,.,1.0,0.088,0.183,-0.521,-0.53,-0.629,0.346,-0.306,-0.285,-0.068,0.281,-0.167,0.204,0.69,0.587,0.498
20,A1_1,0.088,1.0,0.852,0.507,0.008,0.346,0.477,0.64,0.815,0.906,0.501,0.589,0.318,0.451,-0.034,0.15
20,A1_2,0.183,0.852,1.0,0.589,0.166,0.387,0.322,0.627,0.705,0.711,0.449,0.47,0.206,0.346,0.238,0.148
20,A1_3,-0.521,0.507,0.589,1.0,0.734,0.822,0.106,0.797,0.62,0.399,-0.006,0.625,0.183,-0.346,-0.297,-0.292
20,B1_1,-0.53,0.008,0.166,0.734,1.0,0.71,0.082,0.528,0.291,-0.087,0.001,0.559,0.414,-0.369,-0.083,-0.293
20,B1_2,-0.629,0.346,0.387,0.822,0.71,1.0,0.048,0.633,0.399,0.343,0.092,0.591,0.209,-0.307,-0.383,-0.517
20,B1_3,0.346,0.477,0.322,0.106,0.082,0.048,1.0,0.425,0.336,0.412,0.701,0.6,0.831,0.528,0.148,0.217
20,A2_1,-0.306,0.64,0.627,0.797,0.528,0.633,0.425,1.0,0.749,0.655,0.31,0.846,0.465,-0.025,-0.058,-0.208
20,A2_2,-0.285,0.815,0.705,0.62,0.291,0.399,0.336,0.749,1.0,0.815,0.447,0.6,0.27,0.193,0.011,0.12
20,A2_3,-0.068,0.906,0.711,0.399,-0.087,0.343,0.412,0.655,0.815,1.0,0.515,0.597,0.21,0.371,-0.152,-0.071
20,B2_1,0.281,0.501,0.449,-0.006,0.001,0.092,0.701,0.31,0.447,0.515,1.0,0.44,0.65,0.505,0.402,0.107
20,B2_2,-0.167,0.589,0.47,0.625,0.559,0.591,0.6,0.846,0.6,0.597,0.44,1.0,0.732,0.157,-0.15,-0.321
20,B2_3,0.204,0.318,0.206,0.183,0.414,0.209,0.831,0.465,0.27,0.21,0.65,0.732,1.0,0.414,0.251,0.096
20,y1,0.69,0.451,0.346,-0.346,-0.369,-0.307,0.528,-0.025,0.193,0.371,0.505,0.157,0.414,1.0,0.5,0.612
20,y2,0.587,-0.034,0.238,-0.297,-0.083,-0.383,0.148,-0.058,0.011,-0.152,0.402,-0.15,0.251,0.5,1.0,0.62
20,y3,0.498,0.15,0.148,-0.292,-0.293,-0.517,0.217,-0.208,0.12,-0.071,0.107,-0.321,0.096,0.612,0.62,1.0
21,.,1.0,0.074,0.172,-0.524,-0.538,-0.63,0.34,-0.312,-0.295,-0.079,0.273,-0.181,0.19,0.689,0.588,0.498
21,A1_1,0.074,1.0,0.851,0.512,-0.005,0.346,0.467,0.642,0.816,0.907,0.487,0.585,0.305,0.436,-0.052,0.134
21,A1_2,0.172,0.851,1.0,0.594,0.157,0.386,0.311,0.628,0.707,0.714,0.443,0.467,0.197,0.332,0.223,0.133
21,A1_3,-0.524,0.512,0.594,1.0,0.732,0.817,0.105,0.8,0.626,0.41,-0.006,0.631,0.187,-0.355,-0.303,-0.296
21,B1_1,-0.538,-0.005,0.157,0.732,1.0,0.711,0.082,0.524,0.274,-0.092,-0.01,0.557,0.415,-0.386,-0.096,-0.312
21,B1_2,-0.63,0.346,0.386,0.817,0.711,1.0,0.056,0.631,0.391,0.346,0.095,0.598,0.218,-0.319,-0.395,-0.527
21,B1_3,0.34,0.467,0.311,0.105,0.082,0.056,1.0,0.421,0.324,0.404,0.7,0.601,0.832,0.518,0.139,0.199
21,A2_1,-0.312,0.642,0.628,0.8,0.524,0.631,0.421,1.0,0.753,0.663,0.31,0.848,0.464,-0.037,-0.07,-0.218
21,A2_2,-0.295,0.816,0.707,0.626,0.274,0.391,0.324,0.753,1.0,0.817,0.431,0.591,0.257,0.181,-0.002,0.106
21,A2_3,-0.079,0.907,0.714,0.41,-0.092,0.346,0.404,0.663,0.817,1.0,0.504,0.596,0.201,0.355,-0.165,-0.085
21,B2_1,0.273,0.487,0.443,-0.006,-0.01,0.095,0.7,0.31,0.431,0.504,1.0,0.431,0.644,0.496,0.392,0.083
21,B2_2,-0.181,0.585,0.467,0.631,0.557,0.598,0.601,0.848,0.591,0.596,0.431,1.0,0.73,0.135,-0.172,-0.343
21,B2_3,0.19,0.305,0.197,0.187,0.415,0.218,0.832,0.464,0.257,0.201,0.644,0.73,1.0,0.4,0.239,0.074
21,y1,0.689,0.436,0.332,-0.355,-0.386,-0.319,0.518,-0.037,0.181,0.355,0.496,0.135,0.4,1.0,0.506,0.612
21,y2,0.588,-0.052,0.223,-0.303,-0.096,-0.395,0.139,-0.07,-0.002,-0.165,0.392,-0.172,0.239,0.506,1.0,0.623
21,y3,0.498,0.134,0.133,-0.296,-0.312,-0.527,0.199,-0.218,0.106,-0.085,0.083,-0.343,0.074,0.612,0.623,1.0
22,.,1.0,0.056,0.158,-0.528,-0.542,-0.631,0.331,-0.322,-0.304,-0.089,0.264,-0.193,0.179,0.691,0.594,0.509
22,A1_1,0.056,1.0,0.85,0.522,-0.006,0.347,0.458,0.646,0.82,0.909,0.475,0.584,0.295,0.419,-0.069,0.115
22,A1_2,0.158,0.85,1.0,0.601,0.153,0.384,0.302,0.629,0.71,0.716,0.436,0.464,0.189,0.317,0.207,0.115
22,A1_3,-0.528,0.522,0.601,1.0,0.729,0.812,0.107,0.803,0.632,0.417,-0.005,0.636,0.19,-0.364,-0.314,-0.312
22,B1_1,-0.542,-0.006,0.153,0.729,1.0,0.716,0.086,0.52,0.26,-0.095,-0.013,0.558,0.419,-0.399,-0.116,-0.334
22,B1_2,-0.631,0.347,0.384,0.812,0.716,1.0,0.068,0.628,0.381,0.343,0.102,0.607,0.229,-0.335,-0.409,-0.545
22,B1_3,0.331,0.458,0.302,0.107,0.086,0.068,1.0,0.418,0.314,0.399,0.701,0.606,0.835,0.506,0.127,0.182
22,A2_1,-0.322,0.646,0.629,0.803,0.52,0.628,0.418,1.0,0.756,0.669,0.306,0.847,0.461,-0.053,-0.089,-0.238
22,A2_2,-0.304,0.82,0.71,0.632,0.26,0.381,0.314,0.756,1.0,0.818,0.416,0.583,0.246,0.168,-0.018,0.084
22,A2_3,-0.089,0.909,0.716,0.417,-0.095,0.343,0.399,0.669,0.818,1.0,0.497,0.596,0.195,0.338,-0.176,-0.102
22,B2_1,0.264,0.475,0.436,-0.005,-0.013,0.102,0.701,0.306,0.416,0.497,1.0,0.428,0.641,0.487,0.379,0.069
22,B2_2,-0.193,0.584,0.464,0.636,0.558,0.607,0.606,0.847,0.583,0.596,0.428,1.0,0.73,0.113,-0.195,-0.365
22,B2_3,0.179,0.295,0.189,0.19,0.419,0.229,0.835,0.461,0.246,0.195,0.641,0.73,1.0,0.387,0.226,0.06
22,y1,0.691,0.419,0.317,-0.364,-0.399,-0.335,0.506,-0.053,0.168,0.338,0.487,0.113,0.387,1.0,0.519,0.621
22,y2,0.594,-0.069,0.207,-0.314,-0.116,-0.409,0.127,-0.089,-0.018,-0.176,0.379,-0.195,0.226,0.519,1.0,0.633
22,y3,0.509,0.115,0.115,-0.312,-0.334,-0.545,0.182,-0.238,0.084,-0.102,0.069,-0.365,0.06,0.621,0.633,1.0
23,.,1.0,0.031,0.138,-0.534,-0.552,-0.639,0.318,-0.334,-0.319,-0.105,0.249,-0.212,0.164,0.692,0.597,0.516
23,A1_1,0.031,1.0,0.849,0.533,-0.01,0.346,0.447,0.652,0.823,0.91,0.458,0.58,0.282,0.398,-0.087,0.095
23,A1_2,0.138,0.849,1.0,0.61,0.148,0.38,0.291,0.633,0.712,0.716,0.424,0.46,0.179,0.297,0.19,0.093
23,A1_3,-0.534,0.533,0.61,1.0,0.725,0.808,0.11,0.806,0.639,0.427,-0.002,0.642,0.193,-0.374,-0.323,-0.325
23,B1_1,-0.552,-0.01,0.148,0.725,1.0,0.722,0.089,0.514,0.248,-0.098,-0.015,0.559,0.42,-0.416,-0.133,-0.354
23,B1_2,-0.639,0.346,0.38,0.808,0.722,1.0,0.078,0.625,0.373,0.339,0.108,0.615,0.238,-0.356,-0.422,-0.558
23,B1_3,0.318,0.447,0.291,0.11,0.089,0.078,1.0,0.417,0.305,0.392,0.698,0.609,0.837,0.492,0.117,0.167
23,A2_1,-0.334,0.652,0.633,0.806,0.514,0.625,0.417,1.0,0.761,0.677,0.305,0.847,0.457,-0.07,-0.104,-0.253
23,A2_2,-0.319,0.823,0.712,0.639,0.248,0.373,0.305,0.761,1.0,0.821,0.4,0.576,0.235,0.152,-0.034,0.063
23,A2_3,-0.105,0.91,0.716,0.427,-0.098,0.339,0.392,0.677,0.821,1.0,0.483,0.594,0.186,0.316,-0.189,-0.118
23,B2_1,0.249,0.458,0.424,-0.002,-0.015,0.108,0.698,0.305,0.4,0.483,1.0,0.42,0.638,0.471,0.367,0.052
23,B2_2,-0.212,0.58,0.46,0.642,0.559,0.615,0.609,0.847,0.576,0.594,0.42,1.0,0.727,0.086,-0.217,-0.386
23,B2_3,0.164,0.282,0.179,0.193,0.42,0.238,0.837,0.457,0.235,0.186,0.638,0.727,1.0,0.372,0.215,0.047
23,y1,0.692,0.398,0.297,-0.374,-0.416,-0.356,0.492,-0.07,0.152,0.316,0.471,0.086,0.372,1.0,0.533,0.632
23,y2,0.597,-0.087,0.19,-0.323,-0.133,-0.422,0.117,-0.104,-0.034,-0.189,0.367,-0.217,0.215,0.533,1.0,0.64
23,y3,0.516,0.095,0.093,-0.325,-0.354,-0.558,0.167,-0.253,0.063,-0.118,0.052,-0.386,0.047,0.632,0.64,1.0
24,.,1.0,0.012,0.122,-0.539,-0.556,-0.641,0.308,-0.344,-0.329,-0.117,0.237,-0.224,0.152,0.696,0.601,0.524
24,A1_1,0.012,1.0,0.849,0.542,-0.01,0.347,0.439,0.657,0.827,0.911,0.447,0.579,0.274,0.377,-0.106,0.075
24,A1_2,0.122,0.849,1.0,0.617,0.146,0.379,0.282,0.636,0.715,0.718,0.419,0.458,0.173,0.279,0.172,0.073
24,A1_3,-0.539,0.542,0.617,1.0,0.724,0.804,0.113,0.81,0.645,0.435,0.002,0.646,0.197,-0.384,-0.333,-0.339
24,B1_1,-0.556,-0.01,0.146,0.724,1.0,0.729,0.094,0.512,0.237,-0.099,-0.016,0.56,0.424,-0.43,-0.15,-0.374
24,B1_2,-0.641,0.347,0.379,0.804,0.729,1.0,0.09,0.623,0.365,0.337,0.117,0.623,0.25,-0.374,-0.435,-0.573
24,B1_3,0.308,0.439,0.282,0.113,0.094,0.09,1.0,0.415,0.297,0.387,0.696,0.613,0.839,0.479,0.107,0.151
