,,.,A1_1,A1_2,A1_3,B1_1,B1_2,B1_3,A2_1,A2_2,A2_3,B2_1,B2_2,B2_3,y1,y2,y3
0,.,1.0,-0.164,0.56,-0.193,-0.109,-0.226,-0.045,-0.268,-0.49,-0.454,0.058,-0.544,-0.096,0.128,-0.076,0.077
0,A1_1,-0.164,1.0,0.128,0.39,-0.23,0.023,-0.255,0.041,0.602,0.571,-0.066,-0.038,-0.005,0.221,-0.294,0.493
0,A1_2,0.56,0.128,1.0,-0.222,-0.302,-0.081,-0.233,-0.017,-0.055,-0.203,0.056,-0.075,0.093,0.055,-0.197,-0.318
0,A1_3,-0.193,0.39,-0.222,1.0,0.352,0.161,0.113,-0.183,-0.068,-0.178,-0.488,-0.058,-0.084,-0.336,-0.221,0.111
0,B1_1,-0.109,-0.23,-0.302,0.352,1.0,0.608,-0.492,-0.3,-0.278,-0.478,-0.051,-0.064,-0.412,-0.603,0.382,-0.062
0,B1_2,-0.226,0.023,-0.081,0.161,0.608,1.0,-0.644,-0.457,-0.273,0.066,-0.193,-0.126,-0.533,-0.494,0.141,-0.065
0,B1_3,-0.045,-0.255,-0.233,0.113,-0.492,-0.644,1.0,0.197,-0.107,-0.151,0.068,-0.011,0.139,0.04,-0.088,-0.099
0,A2_1,-0.268,0.041,-0.017,-0.183,-0.3,-0.457,0.197,1.0,0.312,0.025,-0.103,0.43,0.648,-0.03,-0.085,-0.024
0,A2_2,-0.49,0.602,-0.055,-0.068,-0.278,-0.273,-0.107,0.312,1.0,0.571,0.407,0.399,0.247,0.414,-0.043,0.286
0,A2_3,-0.454,0.571,-0.203,-0.178,-0.478,0.066,-0.151,0.025,0.571,1.0,-0.025,0.253,0.096,0.562,-0.323,0.308
0,B2_1,0.058,-0.066,0.056,-0.488,-0.051,-0.193,0.068,-0.103,0.407,-0.025,1.0,-0.097,-0.44,0.02,0.433,0.089
0,B2_2,-0.544,-0.038,-0.075,-0.058,-0.064,-0.126,-0.011,0.43,0.399,0.253,-0.097,1.0,0.374,0.029,-0.404,-0.588
0,B2_3,-0.096,-0.005,0.093,-0.084,-0.412,-0.533,0.139,0.648,0.247,0.096,-0.44,0.374,1.0,0.489,-0.217,-0.029
0,y1,0.128,0.221,0.055,-0.336,-0.603,-0.494,0.04,-0.03,0.414,0.562,0.02,0.029,0.489,1.0,-0.253,0.35
0,y2,-0.076,-0.294,-0.197,-0.221,0.382,0.141,-0.088,-0.085,-0.043,-0.323,0.433,-0.404,-0.217,-0.253,1.0,0.119
0,y3,0.077,0.493,-0.318,0.111,-0.062,-0.065,-0.099,-0.024,0.286,0.308,0.089,-0.588,-0.029,0.35,0.119,1.0
1,.,1.0,-0.169,0.557,-0.195,-0.108,-0.227,-0.04,-0.27,-0.493,-0.456,0.06,-0.543,-0.096,0.127,-0.075,0.075
1,A1_1,-0.169,1.0,0.127,0.391,-0.229,0.025,-0.254,0.042,0.602,0.572,-0.064,-0.037,-0.005,0.221,-0.294,0.493
1,A1_2,0.557,0.127,1.0,-0.223,-0.302,-0.079,-0.232,-0.019,-0.055,-0.202,0.058,-0.074,0.093,0.056,-0.196,-0.318
1,A1_3,-0.195,0.391,-0.223,1.0,0.353,0.162,0.113,-0.184,-0.067,-0.176,-0.487,-0.057,-0.084,-0.336,-0.221,0.111
1,B1_1,-0.108,-0.229,-0.302,0.353,1.0,0.606,-0.492,-0.301,-0.279,-0.478,-0.054,-0.068,-0.415,-0.602,0.382,-0.061
1,B1_2,-0.227,0.025,-0.079,0.162,0.606,1.0,-0.642,-0.457,-0.273,0.067,-0.194,-0.127,-0.535,-0.494,0.14,-0.065
1,B1_3,-0.04,-0.254,-0.232,0.113,-0.492,-0.642,1.0,0.197,-0.108,-0.15,0.069,-0.01,0.141,0.038,-0.091,-0.101
1,A2_1,-0.27,0.042,-0.019,-0.184,-0.301,-0.457,0.197,1.0,0.313,0.027,-0.104,0.431,0.647,-0.03,-0.085,-0.024
1,A2_2,-0.493,0.602,-0.055,-0.067,-0.279,-0.273,-0.108,0.313,1.0,0.571,0.406,0.398,0.246,0.414,-0.042,0.286
1,A2_3,-0.456,0.572,-0.202,-0.176,-0.478,0.067,-0.15,0.027,0.571,1.0,-0.023,0.254,0.096,0.561,-0.322,0.308
1,B2_1,0.06,-0.064,0.058,-0.487,-0.054,-0.194,0.069,-0.104,0.406,-0.023,1.0,-0.098,-0.441,0.021,0.432,0.088
1,B2_2,-0.543,-0.037,-0.074,-0.057,-0.068,-0.127,-0.01,0.431,0.398,0.254,-0.098,1.0,0.373,0.029,-0.406,-0.589
1,B2_3,-0.096,-0.005,0.093,-0.084,-0.415,-0.535,0.141,0.647,0.246,0.096,-0.441,0.373,1.0,0.489,-0.218,-0.028
1,y1,0.127,0.221,0.056,-0.336,-0.602,-0.494,0.038,-0.03,0.414,0.561,0.021,0.029,0.489,1.0,-0.251,0.351
1,y2,-0.075,-0.294,-0.196,-0.221,0.382,0.14,-0.091,-0.085,-0.042,-0.322,0.432,-0.406,-0.218,-0.251,1.0,0.12
1,y3,0.075,0.493,-0.318,0.111,-0.061,-0.065,-0.101,-0.024,0.286,0.308,0.088,-0.589,-0.028,0.351,0.12,1.0
2,.,1.0,-0.174,0.554,-0.198,-0.107,-0.227,-0.036,-0.272,-0.497,-0.459,0.062,-0.542,-0.096,0.125,-0.074,0.073
2,A1_1,-0.174,1.0,0.127,0.391,-0.228,0.026,-0.254,0.043,0.603,0.573,-0.063,-0.035,-0.006,0.221,-0.293,0.493
2,A1_2,0.554,0.127,1.0,-0.224,-0.301,-0.078,-0.231,-0.021,-0.055,-0.202,0.06,-0.073,0.093,0.056,-0.196,-0.318
2,A1_3,-0.198,0.391,-0.224,1.0,0.355,0.162,0.113,-0.185,-0.066,-0.174,-0.487,-0.056,-0.085,-0.335,-0.221,0.112
2,B1_1,-0.107,-0.228,-0.301,0.355,1.0,0.605,-0.493,-0.302,-0.28,-0.478,-0.058,-0.071,-0.418,-0.602,0.383,-0.06
2,B1_2,-0.227,0.026,-0.078,0.162,0.605,1.0,-0.641,-0.458,-0.273,0.068,-0.195,-0.129,-0.536,-0.493,0.139,-0.065
2,B1_3,-0.036,-0.254,-0.231,0.113,-0.493,-0.641,1.0,0.198,-0.108,-0.15,0.071,-0.008,0.143,0.036,-0.094,-0.103
2,A2_1,-0.272,0.043,-0.021,-0.185,-0.302,-0.458,0.198,1.0,0.314,0.029,-0.104,0.432,0.646,-0.03,-0.085,-0.024
2,A2_2,-0.497,0.603,-0.055,-0.066,-0.28,-0.273,-0.108,0.314,1.0,0.572,0.405,0.398,0.244,0.414,-0.041,0.286
2,A2_3,-0.459,0.573,-0.202,-0.174,-0.478,0.068,-0.15,0.029,0.572,1.0,-0.022,0.255,0.096,0.56,-0.321,0.308
2,B2_1,0.062,-0.063,0.06,-0.487,-0.058,-0.195,0.071,-0.104,0.405,-0.022,1.0,-0.1,-0.442,0.021,0.43,0.088
2,B2_2,-0.542,-0.035,-0.073,-0.056,-0.071,-0.129,-0.008,0.432,0.398,0.255,-0.1,1.0,0.373,0.029,-0.408,-0.589
2,B2_3,-0.096,-0.006,0.093,-0.085,-0.418,-0.536,0.143,0.646,0.244,0.096,-0.442,0.373,1.0,0.49,-0.218,-0.029
2,y1,0.125,0.221,0.056,-0.335,-0.602,-0.493,0.036,-0.03,0.414,0.56,0.021,0.029,0.49,1.0,-0.25,0.351
2,y2,-0.074,-0.293,-0.196,-0.221,0.383,0.139,-0.094,-0.085,-0.041,-0.321,0.43,-0.408,-0.218,-0.25,1.0,0.121
2,y3,0.073,0.493,-0.318,0.112,-0.06,-0.065,-0.103,-0.024,0.286,0.308,0.088,-0.589,-0.029,0.351,0.121,1.0
3,.,1.0,-0.179,0.551,-0.201,-0.107,-0.227,-0.032,-0.274,-0.5,-0.461,0.065,-0.541,-0.096,0.124,-0.074,0.071
3,A1_1,-0.179,1.0,0.126,0.392,-0.228,0.027,-0.253,0.043,0.604,0.575,-0.062,-0.033,-0.006,0.221,-0.292,0.493
3,A1_2,0.551,0.126,1.0,-0.225,-0.301,-0.076,-0.23,-0.023,-0.055,-0.202,0.062,-0.071,0.093,0.057,-0.196,-0.317
3,A1_3,-0.201,0.392,-0.225,1.0,0.356,0.162,0.112,-0.185,-0.065,-0.172,-0.487,-0.055,-0.085,-0.335,-0.221,0.112
3,B1_1,-0.107,-0.228,-0.301,0.356,1.0,0.603,-0.494,-0.304,-0.281,-0.478,-0.062,-0.075,-0.421,-0.602,0.383,-0.06
3,B1_2,-0.227,0.027,-0.076,0.162,0.603,1.0,-0.639,-0.458,-0.274,0.068,-0.196,-0.13,-0.537,-0.492,0.139,-0.065
3,B1_3,-0.032,-0.253,-0.23,0.112,-0.494,-0.639,1.0,0.198,-0.109,-0.149,0.072,-0.007,0.144,0.034,-0.096,-0.105
3,A2_1,-0.274,0.043,-0.023,-0.185,-0.304,-0.458,0.198,1.0,0.315,0.03,-0.104,0.433,0.645,-0.03,-0.085,-0.024
3,A2_2,-0.5,0.604,-0.055,-0.065,-0.281,-0.274,-0.109,0.315,1.0,0.573,0.405,0.398,0.242,0.414,-0.04,0.286
3,A2_3,-0.461,0.575,-0.202,-0.172,-0.478,0.068,-0.149,0.03,0.573,1.0,-0.021,0.256,0.096,0.559,-0.32,0.307
3,B2_1,0.065,-0.062,0.062,-0.487,-0.062,-0.196,0.072,-0.104,0.405,-0.021,1.0,-0.102,-0.444,0.022,0.428,0.087
3,B2_2,-0.541,-0.033,-0.071,-0.055,-0.075,-0.13,-0.007,0.433,0.398,0.256,-0.102,1.0,0.373,0.029,-0.41,-0.59
3,B2_3,-0.096,-0.006,0.093,-0.085,-0.421,-0.537,0.144,0.645,0.242,0.096,-0.444,0.373,1.0,0.49,-0.219,-0.029
3,y1,0.124,0.221,0.057,-0.335,-0.602,-0.492,0.034,-0.03,0.414,0.559,0.022,0.029,0.49,1.0,-0.248,0.352
3,y2,-0.074,-0.292,-0.196,-0.221,0.383,0.139,-0.096,-0.085,-0.04,-0.32,0.428,-0.41,-0.219,-0.248,1.0,0.122
3,y3,0.071,0.493,-0.317,0.112,-0.06,-0.065,-0.105,-0.024,0.286,0.307,0.087,-0.59,-0.029,0.352,0.122,1.0
4,.,1.0,-0.184,0.548,-0.203,-0.106,-0.228,-0.027,-0.275,-0.503,-0.464,0.066,-0.54,-0.096,0.123,-0.073,0.069
4,A1_1,-0.184,1.0,0.125,0.392,-0.227,0.028,-0.253,0.043,0.604,0.575,-0.061,-0.032,-0.007,0.221,-0.291,0.492
4,A1_2,0.548,0.125,1.0,-0.225,-0.3,-0.074,-0.229,-0.025,-0.055,-0.202,0.063,-0.069,0.094,0.057,-0.196,-0.317
4,A1_3,-0.203,0.392,-0.225,1.0,0.357,0.163,0.112,-0.186,-0.064,-0.17,-0.486,-0.055,-0.086,-0.334,-0.221,0.112
4,B1_1,-0.106,-0.227,-0.3,0.357,1.0,0.601,-0.494,-0.304,-0.282,-0.478,-0.065,-0.079,-0.424,-0.601,0.383,-0.059
4,B1_2,-0.228,0.028,-0.074,0.163,0.601,1.0,-0.637,-0.458,-0.274,0.069,-0.197,-0.132,-0.538,-0.491,0.138,-0.065
4,B1_3,-0.027,-0.253,-0.229,0.112,-0.494,-0.637,1.0,0.198,-0.11,-0.149,0.073,-0.005,0.146,0.032,-0.099,-0.106
4,A2_1,-0.275,0.043,-0.025,-0.186,-0.304,-0.458,0.198,1.0,0.316,0.032,-0.104,0.434,0.644,-0.031,-0.085,-0.024
4,A2_2,-0.503,0.604,-0.055,-0.064,-0.282,-0.274,-0.11,0.316,1.0,0.574,0.404,0.398,0.24,0.414,-0.039,0.287
4,A2_3,-0.464,0.575,-0.202,-0.17,-0.478,0.069,-0.149,0.032,0.574,1.0,-0.02,0.257,0.096,0.558,-0.319,0.307
4,B2_1,0.066,-0.061,0.063,-0.486,-0.065,-0.197,0.073,-0.104,0.404,-0.02,1.0,-0.103,-0.445,0.022,0.426,0.087
4,B2_2,-0.54,-0.032,-0.069,-0.055,-0.079,-0.132,-0.005,0.434,0.398,0.257,-0.103,1.0,0.373,0.028,-0.412,-0.59
4,B2_3,-0.096,-0.007,0.094,-0.086,-0.424,-0.538,0.146,0.644,0.24,0.096,-0.445,0.373,1.0,0.49,-0.22,-0.029
4,y1,0.123,0.221,0.057,-0.334,-0.601,-0.491,0.032,-0.031,0.414,0.558,0.022,0.028,0.49,1.0,-0.246,0.352
4,y2,-0.073,-0.291,-0.196,-0.221,0.383,0.138,-0.099,-0.085,-0.039,-0.319,0.426,-0.412,-0.22,-0.246,1.0,0.123
4,y3,0.069,0.492,-0.317,0.112,-0.059,-0.065,-0.106,-0.024,0.287,0.307,0.087,-0.59,-0.029,0.352,0.123,1.0
5,.,1.0,-0.19,0.544,-0.205,-0.105,-0.228,-0.024,-0.277,-0.507,-0.466,0.068,-0.538,-0.095,0.122,-0.072,0.067
5,A1_1,-0.19,1.0,0.125,0.393,-0.226,0.029,-0.253,0.044,0.605,0.576,-0.06,-0.031,-0.007,0.221,-0.29,0.492
5,A1_2,0.544,0.125,1.0,-0.227,-0.299,-0.072,-0.228,-0.027,-0.055,-0.202,0.065,-0.067,0.094,0.058,-0.195,-0.317
5,A1_3,-0.205,0.393,-0.227,1.0,0.359,0.163,0.112,-0.186,-0.063,-0.168,-0.486,-0.054,-0.087,-0.333,-0.221,0.112
5,B1_1,-0.105,-0.226,-0.299,0.359,1.0,0.6,-0.495,-0.304,-0.283,-0.478,-0.068,-0.082,-0.427,-0.601,0.383,-0.058
5,B1_2,-0.228,0.029,-0.072,0.163,0.6,1.0,-0.635,-0.458,-0.274,0.07,-0.197,-0.133,-0.539,-0.49,0.138,-0.065
5,B1_3,-0.024,-0.253,-0.228,0.112,-0.495,-0.635,1.0,0.198,-0.111,-0.148,0.074,-0.004,0.148,0.03,-0.102,-0.108
5,A2_1,-0.277,0.044,-0.027,-0.186,-0.304,-0.458,0.198,1.0,0.317,0.033,-0.105,0.435,0.644,-0.031,-0.084,-0.023
5,A2_2,-0.507,0.605,-0.055,-0.063,-0.283,-0.274,-0.111,0.317,1.0,0.575,0.404,0.398,0.238,0.414,-0.038,0.287
5,A2_3,-0.466,0.576,-0.202,-0.168,-0.478,0.07,-0.148,0.033,0.575,1.0,-0.019,0.258,0.096,0.557,-0.319,0.307
5,B2_1,0.068,-0.06,0.065,-0.486,-0.068,-0.197,0.074,-0.105,0.404,-0.019,1.0,-0.104,-0.446,0.023,0.424,0.086
5,B2_2,-0.538,-0.031,-0.067,-0.054,-0.082,-0.133,-0.004,0.435,0.398,0.258,-0.104,1.0,0.373,0.028,-0.413,-0.59
5,B2_3,-0.095,-0.007,0.094,-0.087,-0.427,-0.539,0.148,0.644,0.238,0.096,-0.446,0.373,1.0,0.49,-0.221,-0.029
5,y1,0.122,0.221,0.058,-0.333,-0.601,-0.49,0.03,-0.031,0.414,0.557,0.023,0.028,0.49,1.0,-0.245,0.353
5,y2,-0.072,-0.29,-0.195,-0.221,0.383,0.138,-0.102,-0.084,-0.038,-0.319,0.424,-0.413,-0.221,-0.245,1.0,0.123
5,y3,0.067,0.492,-0.317,0.112,-0.058,-0.065,-0.108,-0.023,0.287,0.307,0.086,-0.59,-0.029,0.353,0.123,1.0
6,.,1.0,-0.195,0.541,-0.208,-0.104,-0.228,-0.02,-0.278,-0.51,-0.468,0.07,-0.537,-0.095,0.121,-0.072,0.065
6,A1_1,-0.195,1.0,0.124,0.393,-0.225,0.03,-0.252,0.044,0.605,0.577,-0.059,-0.029,-0.007,0.221,-0.29,0.492
6,A1_2,0.541,0.124,1.0,-0.227,-0.298,-0.07,-0.228,-0.029,-0.055,-0.202,0.067,-0.065,0.095,0.059,-0.195,-0.317
6,A1_3,-0.208,0.393,-0.227,1.0,0.36,0.164,0.112,-0.186,-0.062,-0.167,-0.485,-0.054,-0.087,-0.333,-0.221,0.112
6,B1_1,-0.104,-0.225,-0.298,0.36,1.0,0.598,-0.496,-0.305,-0.284,-0.479,-0.072,-0.085,-0.43,-0.601,0.384,-0.058
6,B1_2,-0.228,0.03,-0.07,0.164,0.598,1.0,-0.633,-0.458,-0.274,0.07,-0.198,-0.135,-0.54,-0.489,0.137,-0.065
6,B1_3,-0.02,-0.252,-0.228,0.112,-0.496,-0.633,1.0,0.198,-0.112,-0.148,0.076,-0.002,0.15,0.028,-0.105,-0.11
6,A2_1,-0.278,0.044,-0.029,-0.186,-0.305,-0.458,0.198,1.0,0.318,0.035,-0.105,0.436,0.643,-0.032,-0.084,-0.023
6,A2_2,-0.51,0.605,-0.055,-0.062,-0.284,-0.274,-0.112,0.318,1.0,0.576,0.403,0.398,0.237,0.414,-0.037,0.287
6,A2_3,-0.468,0.577,-0.202,-0.167,-0.479,0.07,-0.148,0.035,0.576,1.0,-0.019,0.258,0.096,0.556,-0.318,0.307
6,B2_1,0.07,-0.059,0.067,-0.485,-0.072,-0.198,0.076,-0.105,0.403,-0.019,1.0,-0.106,-0.447,0.023,0.422,0.085
6,B2_2,-0.537,-0.029,-0.065,-0.054,-0.085,-0.135,-0.002,0.436,0.398,0.258,-0.106,1.0,0.372,0.028,-0.415,-0.591
6,B2_3,-0.095,-0.007,0.095,-0.087,-0.43,-0.54,0.15,0.643,0.237,0.096,-0.447,0.372,1.0,0.49,-0.221,-0.029
6,y1,0.121,0.221,0.059,-0.333,-0.601,-0.489,0.028,-0.032,0.414,0.556,0.023,0.028,0.49,1.0,-0.244,0.354
6,y2,-0.072,-0.29,-0.195,-0.221,0.384,0.137,-0.105,-0.084,-0.037,-0.318,0.422,-0.415,-0.221,-0.244,1.0,0.124
6,y3,0.065,0.492,-0.317,0.112,-0.058,-0.065,-0.11,-0.023,0.287,0.307,0.085,-0.591,-0.029,0.354,0.124,1.0
7,.,1.0,-0.2,0.537,-0.211,-0.103,-0.228,-0.016,-0.279,-0.514,-0.47,0.07,-0.535,-0.094,0.12,-0.072,0.062
7,A1_1,-0.2,1.0,0.123,0.393,-0.224,0.031,-0.252,0.045,0.606,0.578,-0.058,-0.028,-0.008,0.221,-0.289,0.492
7,A1_2,0.537,0.123,1.0,-0.228,-0.298,-0.068,-0.227,-0.03,-0.055,-0.201,0.069,-0.064,0.095,0.06,-0.195,-0.316
7,A1_3,-0.211,0.393,-0.228,1.0,0.361,0.164,0.111,-0.187,-0.061,-0.165,-0.485,-0.053,-0.088,-0.332,-0.221,0.113
7,B1_1,-0.103,-0.224,-0.298,0.361,1.0,0.597,-0.497,-0.305,-0.285,-0.479,-0.076,-0.089,-0.433,-0.6,0.384,-0.057
7,B1_2,-0.228,0.031,-0.068,0.164,0.597,1.0,-0.632,-0.458,-0.275,0.071,-0.199,-0.136,-0.54,-0.489,0.136,-0.065
7,B1_3,-0.016,-0.252,-0.227,0.111,-0.497,-0.632,1.0,0.198,-0.113,-0.148,0.077,-0.001,0.152,0.026,-0.107,-0.112
7,A2_1,-0.279,0.045,-0.03,-0.187,-0.305,-0.458,0.198,1.0,0.319,0.036,-0.105,0.437,0.642,-0.032,-0.084,-0.023
7,A2_2,-0.514,0.606,-0.055,-0.061,-0.285,-0.275,-0.113,0.319,1.0,0.577,0.402,0.398,0.236,0.414,-0.036,0.288
7,A2_3,-0.47,0.578,-0.201,-0.165,-0.479,0.071,-0.148,0.036,0.577,1.0,-0.018,0.259,0.096,0.555,-0.317,0.306
7,B2_1,0.07,-0.058,0.069,-0.485,-0.076,-0.199,0.077,-0.105,0.402,-0.018,1.0,-0.107,-0.448,0.023,0.421,0.085
7,B2_2,-0.535,-0.028,-0.064,-0.053,-0.089,-0.136,-0.001,0.437,0.398,0.259,-0.107,1.0,0.372,0.027,-0.416,-0.591
7,B2_3,-0.094,-0.008,0.095,-0.088,-0.433,-0.54,0.152,0.642,0.236,0.096,-0.448,0.372,1.0,0.49,-0.222,-0.029
7,y1,0.12,0.221,0.06,-0.332,-0.6,-0.489,0.026,-0.032,0.414,0.555,0.023,0.027,0.49,1.0,-0.242,0.355
7,y2,-0.072,-0.289,-0.195,-0.221,0.384,0.136,-0.107,-0.084,-0.036,-0.317,0.421,-0.416,-0.222,-0.242,1.0,0.125
7,y3,0.062,0.492,-0.316,0.113,-0.057,-0.065,-0.112,-0.023,0.288,0.306,0.085,-0.591,-0.029,0.355,0.125,1.0
8,.,1.0,-0.206,0.533,-0.213,-0.101,-0.228,-0.011,-0.28,-0.517,-0.473,0.072,-0.533,-0.094,0.118,-0.072,0.061
8,A1_1,-0.206,1.0,0.123,0.394,-0.223,0.031,-0.251,0.045,0.606,0.579,-0.057,-0.026,-0.008,0.221,-0.288,0.491
8,A1_2,0.533,0.123,1.0,-0.229,-0.297,-0.066,-0.226,-0.032,-0.055,-0.201,0.07,-0.061,0.096,0.061,-0.195,-0.316
8,A1_3,-0.213,0.394,-0.229,1.0,0.362,0.164,0.11,-0.187,-0.06,-0.164,-0.485,-0.052,-0.088,-0.332,-0.221,0.113
8,B1_1,-0.101,-0.223,-0.297,0.362,1.0,0.596,-0.498,-0.305,-0.285,-0.479,-0.079,-0.092,-0.436,-0.6,0.384,-0.056
8,B1_2,-0.228,0.031,-0.066,0.164,0.596,1.0,-0.63,-0.458,-0.275,0.071,-0.2,-0.137,-0.541,-0.488,0.136,-0.065
8,B1_3,-0.011,-0.251,-0.226,0.11,-0.498,-0.63,1.0,0.199,-0.113,-0.148,0.079,0.0,0.154,0.023,-0.11,-0.114
8,A2_1,-0.28,0.045,-0.032,-0.187,-0.305,-0.458,0.199,1.0,0.32,0.038,-0.105,0.438,0.641,-0.033,-0.084,-0.023
8,A2_2,-0.517,0.606,-0.055,-0.06,-0.285,-0.275,-0.113,0.32,1.0,0.578,0.401,0.398,0.234,0.414,-0.035,0.288
8,A2_3,-0.473,0.579,-0.201,-0.164,-0.479,0.071,-0.148,0.038,0.578,1.0,-0.017,0.26,0.097,0.554,-0.316,0.306
8,B2_1,0.072,-0.057,0.07,-0.485,-0.079,-0.2,0.079,-0.105,0.401,-0.017,1.0,-0.108,-0.448,0.024,0.419,0.084
8,B2_2,-0.533,-0.026,-0.061,-0.052,-0.092,-0.137,0.0,0.438,0.398,0.26,-0.108,1.0,0.372,0.027,-0.418,-0.592
8,B2_3,-0.094,-0.008,0.096,-0.088,-0.436,-0.541,0.154,0.641,0.234,0.097,-0.448,0.372,1.0,0.49,-0.223,-0.029
8,y1,0.118,0.221,0.061,-0.332,-0.6,-0.488,0.023,-0.033,0.414,0.554,0.024,0.027,0.49,1.0,-0.241,0.355
8,y2,-0.072,-0.288,-0.195,-0.221,0.384,0.136,-0.11,-0.084,-0.035,-0.316,0.419,-0.418,-0.223,-0.241,1.0,0.126
8,y3,0.061,0.491,-0.316,0.113,-0.056,-0.065,-0.114,-0.023,0.288,0.306,0.084,-0.592,-0.029,0.355,0.126,1.0
9,.,1.0,-0.211,0.53,-0.215,-0.1,-0.228,-0.008,-0.282,-0.521,-0.475,0.073,-0.532,-0.094,0.117,-0.071,0.059
9,A1_1,-0.211,1.0,0.122,0.394,-0.222,0.032,-0.251,0.045,0.607,0.58,-0.056,-0.025,-0.008,0.221,-0.287,0.491
9,A1_2,0.53,0.122,1.0,-0.23,-0.296,-0.064,-0.225,-0.034,-0.055,-0.201,0.072,-0.06,0.096,0.062,-0.195,-0.316
9,A1_3,-0.215,0.394,-0.23,1.0,0.364,0.165,0.11,-0.187,-0.059,-0.162,-0.485,-0.052,-0.088,-0.331,-0.221,0.113
9,B1_1,-0.1,-0.222,-0.296,0.364,1.0,0.595,-0.498,-0.305,-0.286,-0.479,-0.083,-0.095,-0.438,-0.6,0.385,-0.055
9,B1_2,-0.228,0.032,-0.064,0.165,0.595,1.0,-0.629,-0.458,-0.275,0.071,-0.201,-0.138,-0.542,-0.487,0.135,-0.065
9,B1_3,-0.008,-0.251,-0.225,0.11,-0.498,-0.629,1.0,0.199,-0.114,-0.148,0.08,0.002,0.155,0.021,-0.113,-0.116
9,A2_1,-0.282,0.045,-0.034,-0.187,-0.305,-0.458,0.199,1.0,0.321,0.039,-0.105,0.439,0.64,-0.033,-0.084,-0.023
9,A2_2,-0.521,0.607,-0.055,-0.059,-0.286,-0.275,-0.114,0.321,1.0,0.578,0.401,0.397,0.233,0.414,-0.035,0.288
9,A2_3,-0.475,0.58,-0.201,-0.162,-0.479,0.071,-0.148,0.039,0.578,1.0,-0.015,0.26,0.096,0.553,-0.316,0.306
9,B2_1,0.073,-0.056,0.072,-0.485,-0.083,-0.201,0.08,-0.105,0.401,-0.015,1.0,-0.109,-0.449,0.024,0.417,0.084
9,B2_2,-0.532,-0.025,-0.06,-0.052,-0.095,-0.138,0.002,0.439,0.397,0.26,-0.109,1.0,0.372,0.027,-0.42,-0.592
9,B2_3,-0.094,-0.008,0.096,-0.088,-0.438,-0.542,0.155,0.64,0.233,0.096,-0.449,0.372,1.0,0.49,-0.224,-0.029
9,y1,0.117,0.221,0.062,-0.331,-0.6,-0.487,0.021,-0.033,0.414,0.553,0.024,0.027,0.49,1.0,-0.239,0.356
9,y2,-0.071,-0.287,-0.195,-0.221,0.385,0.135,-0.113,-0.084,-0.035,-0.316,0.417,-0.42,-0.224,-0.239,1.0,0.128
9,y3,0.059,0.491,-0.316,0.113,-0.055,-0.065,-0.116,-0.023,0.288,0.306,0.084,-0.592,-0.029,0.356,0.128,1.0
10,.,1.0,-0.216,0.527,-0.217,-0.098,-0.228,-0.004,-0.283,-0.524,-0.478,0.074,-0.53,-0.093,0.115,-0.07,0.057
10,A1_1,-0.216,1.0,0.122,0.395,-0.222,0.033,-0.251,0.046,0.607,0.581,-0.055,-0.023,-0.008,0.221,-0.287,0.491
10,A1_2,0.527,0.122,1.0,-0.231,-0.295,-0.062,-0.224,-0.036,-0.054,-0.201,0.074,-0.058,0.097,0.062,-0.195,-0.316
10,A1_3,-0.217,0.395,-0.231,1.0,0.365,0.165,0.109,-0.187,-0.059,-0.161,-0.484,-0.051,-0.089,-0.331,-0.221,0.113
10,B1_1,-0.098,-0.222,-0.295,0.365,1.0,0.593,-0.499,-0.306,-0.287,-0.479,-0.086,-0.098,-0.441,-0.599,0.385,-0.055
10,B1_2,-0.228,0.033,-0.062,0.165,0.593,1.0,-0.627,-0.458,-0.276,0.072,-0.202,-0.139,-0.543,-0.487,0.135,-0.065
10,B1_3,-0.004,-0.251,-0.224,0.109,-0.499,-0.627,1.0,0.199,-0.115,-0.147,0.082,0.003,0.157,0.019,-0.116,-0.118
10,A2_1,-0.283,0.046,-0.036,-0.187,-0.306,-0.458,0.199,1.0,0.322,0.041,-0.105,0.44,0.64,-0.033,-0.084,-0.023
10,A2_2,-0.524,0.607,-0.054,-0.059,-0.287,-0.276,-0.115,0.322,1.0,0.579,0.401,0.397,0.231,0.414,-0.034,0.288
10,A2_3,-0.478,0.581,-0.201,-0.161,-0.479,0.072,-0.147,0.041,0.579,1.0,-0.014,0.261,0.097,0.552,-0.315,0.306
10,B2_1,0.074,-0.055,0.074,-0.484,-0.086,-0.202,0.082,-0.105,0.401,-0.014,1.0,-0.11,-0.449,0.025,0.415,0.083
10,B2_2,-0.53,-0.023,-0.058,-0.051,-0.098,-0.139,0.003,0.44,0.397,0.261,-0.11,1.0,0.372,0.026,-0.421,-0.592
10,B2_3,-0.093,-0.008,0.097,-0.089,-0.441,-0.543,0.157,0.64,0.231,0.097,-0.449,0.372,1.0,0.49,-0.224,-0.029
10,y1,0.115,0.221,0.062,-0.331,-0.599,-0.487,0.019,-0.033,0.414,0.552,0.025,0.026,0.49,1.0,-0.238,0.357
10,y2,-0.07,-0.287,-0.195,-0.221,0.385,0.135,-0.116,-0.084,-0.034,-0.315,0.415,-0.421,-0.224,-0.238,1.0,0.129
10,y3,0.057,0.491,-0.316,0.113,-0.055,-0.065,-0.118,-0.023,0.288,0.306,0.083,-0.592,-0.029,0.357,0.129,1.0
11,.,1.0,-0.221,0.523,-0.22,-0.097,-0.228,0.0,-0.284,-0.527,-0.48,0.075,-0.528,-0.092,0.114,-0.07,0.055
11,A1_1,-0.221,1.0,0.121,0.395,-0.221,0.034,-0.251,0.046,0.608,0.582,-0.054,-0.022,-0.008,0.221,-0.286,0.491
11,A1_2,0.523,0.121,1.0,-0.231,-0.295,-0.06,-0.223,-0.038,-0.054,-0.201,0.075,-0.056,0.097,0.063,-0.195,-0.315
11,A1_3,-0.22,0.395,-0.231,1.0,0.366,0.165,0.109,-0.187,-0.058,-0.159,-0.484,-0.05,-0.089,-0.331,-0.221,0.113
11,B1_1,-0.097,-0.221,-0.295,0.366,1.0,0.592,-0.499,-0.306,-0.288,-0.479,-0.089,-0.101,-0.444,-0.599,0.386,-0.054
11,B1_2,-0.228,0.034,-0.06,0.165,0.592,1.0,-0.626,-0.458,-0.276,0.072,-0.203,-0.141,-0.543,-0.486,0.135,-0.065
11,B1_3,0.0,-0.251,-0.223,0.109,-0.499,-0.626,1.0,0.199,-0.116,-0.147,0.083,0.004,0.159,0.017,-0.118,-0.12
11,A2_1,-0.284,0.046,-0.038,-0.187,-0.306,-0.458,0.199,1.0,0.323,0.042,-0.105,0.441,0.639,-0.033,-0.084,-0.023
11,A2_2,-0.527,0.608,-0.054,-0.058,-0.288,-0.276,-0.116,0.323,1.0,0.58,0.4,0.397,0.23,0.414,-0.033,0.288
11,A2_3,-0.48,0.582,-0.201,-0.159,-0.479,0.072,-0.147,0.042,0.58,1.0,-0.014,0.261,0.097,0.551,-0.314,0.305
11,B2_1,0.075,-0.054,0.075,-0.484,-0.089,-0.203,0.083,-0.105,0.4,-0.014,1.0,-0.111,-0.449,0.025,0.413,0.082
11,B2_2,-0.528,-0.022,-0.056,-0.05,-0.101,-0.141,0.004,0.441,0.397,0.261,-0.111,1.0,0.372,0.026,-0.423,-0.592
11,B2_3,-0.092,-0.008,0.097,-0.089,-0.444,-0.543,0.159,0.639,0.23,0.097,-0.449,0.372,1.0,0.49,-0.225,-0.029
11,y1,0.114,0.221,0.063,-0.331,-0.599,-0.486,0.017,-0.033,0.414,0.551,0.025,0.026,0.49,1.0,-0.236,0.358
11,y2,-0.07,-0.286,-0.195,-0.221,0.386,0.135,-0.118,-0.084,-0.033,-0.314,0.413,-0.423,-0.225,-0.236,1.0,0.13
11,y3,0.055,0.491,-0.315,0.113,-0.054,-0.065,-0.12,-0.023,0.288,0.305,0.082,-0.592,-0.029,0.358,0.13,1.0
12,.,1.0,-0.225,0.519,-0.222,-0.096,-0.228,0.003,-0.284,-0.53,-0.482,0.076,-0.526,-0.091,0.114,-0.07,0.053
12,A1_1,-0.225,1.0,0.121,0.395,-0.221,0.034,-0.251,0.047,0.608,0.583,-0.053,-0.021,-0.008,0.221,-0.284,0.491
12,A1_2,0.519,0.121,1.0,-0.232,-0.294,-0.059,-0.223,-0.04,-0.054,-0.201,0.077,-0.054,0.098,0.064,-0.194,-0.315
12,A1_3,-0.222,0.395,-0.232,1.0,0.367,0.165,0.108,-0.187,-0.057,-0.158,-0.484,-0.049,-0.089,-0.33,-0.221,0.113
12,B1_1,-0.096,-0.221,-0.294,0.367,1.0,0.591,-0.5,-0.306,-0.289,-0.48,-0.092,-0.104,-0.446,-0.599,0.386,-0.053
12,B1_2,-0.228,0.034,-0.059,0.165,0.591,1.0,-0.624,-0.458,-0.276,0.072,-0.204,-0.142,-0.544,-0.486,0.134,-0.065
12,B1_3,0.003,-0.251,-0.223,0.108,-0.5,-0.624,1.0,0.199,-0.116,-0.147,0.085,0.005,0.161,0.015,-0.121,-0.122
12,A2_1,-0.284,0.047,-0.04,-0.187,-0.306,-0.458,0.199,1.0,0.324,0.044,-0.105,0.442,0.638,-0.034,-0.084,-0.023
12,A2_2,-0.53,0.608,-0.054,-0.057,-0.289,-0.276,-0.116,0.324,1.0,0.581,0.4,0.397,0.229,0.414,-0.032,0.288
12,A2_3,-0.482,0.583,-0.201,-0.158,-0.48,0.072,-0.147,0.044,0.581,1.0,-0.013,0.262,0.097,0.55,-0.313,0.305
12,B2_1,0.076,-0.053,0.077,-0.484,-0.092,-0.204,0.085,-0.105,0.4,-0.013,1.0,-0.112,-0.45,0.026,0.411,0.082
12,B2_2,-0.526,-0.021,-0.054,-0.049,-0.104,-0.142,0.005,0.442,0.397,0.262,-0.112,1.0,0.372,0.025,-0.425,-0.593
12,B2_3,-0.091,-0.008,0.098,-0.089,-0.446,-0.544,0.161,0.638,0.229,0.097,-0.45,0.372,1.0,0.49,-0.226,-0.029
12,y1,0.114,0.221,0.064,-0.33,-0.599,-0.486,0.015,-0.034,0.414,0.55,0.026,0.025,0.49,1.0,-0.235,0.358
12,y2,-0.07,-0.284,-0.194,-0.221,0.386,0.134,-0.121,-0.084,-0.032,-0.313,0.411,-0.425,-0.226,-0.235,1.0,0.131
12,y3,0.053,0.491,-0.315,0.113,-0.053,-0.065,-0.122,-0.023,0.288,0.305,0.082,-0.593,-0.029,0.358,0.131,1.0
13,.,1.0,-0.23,0.515,-0.224,-0.094,-0.228,0.006,-0.286,-0.533,-0.484,0.077,-0.524,-0.09,0.113,-0.069,0.052
13,A1_1,-0.23,1.0,0.12,0.396,-0.22,0.035,-0.251,0.048,0.609,0.584,-0.053,-0.019,-0.008,0.221,-0.283,0.49
13,A1_2,0.515,0.12,1.0,-0.233,-0.292,-0.057,-0.222,-0.042,-0.054,-0.2,0.079,-0.052,0.098,0.065,-0.194,-0.315
13,A1_3,-0.224,0.396,-0.233,1.0,0.368,0.165,0.108,-0.187,-0.056,-0.156,-0.483,-0.048,-0.089,-0.329,-0.221,0.113
13,B1_1,-0.094,-0.22,-0.292,0.368,1.0,0.59,-0.5,-0.306,-0.29,-0.48,-0.096,-0.107,-0.449,-0.599,0.386,-0.052
13,B1_2,-0.228,0.035,-0.057,0.165,0.59,1.0,-0.623,-0.457,-0.276,0.072,-0.205,-0.142,-0.544,-0.485,0.134,-0.065
13,B1_3,0.006,-0.251,-0.222,0.108,-0.5,-0.623,1.0,0.198,-0.116,-0.147,0.086,0.007,0.163,0.012,-0.124,-0.124
13,A2_1,-0.286,0.048,-0.042,-0.187,-0.306,-0.457,0.198,1.0,0.326,0.046,-0.104,0.443,0.638,-0.034,-0.083,-0.023
13,A2_2,-0.533,0.609,-0.054,-0.056,-0.29,-0.276,-0.116,0.326,1.0,0.582,0.399,0.397,0.228,0.413,-0.031,0.288
13,A2_3,-0.484,0.584,-0.2,-0.156,-0.48,0.072,-0.147,0.046,0.582,1.0,-0.012,0.262,0.097,0.549,-0.312,0.305
13,B2_1,0.077,-0.053,0.079,-0.483,-0.096,-0.205,0.086,-0.104,0.399,-0.012,1.0,-0.113,-0.45,0.026,0.409,0.081
13,B2_2,-0.524,-0.019,-0.052,-0.048,-0.107,-0.142,0.007,0.443,0.397,0.262,-0.113,1.0,0.372,0.025,-0.426,-0.593
13,B2_3,-0.09,-0.008,0.098,-0.089,-0.449,-0.544,0.163,0.638,0.228,0.097,-0.45,0.372,1.0,0.489,-0.226,-0.029
13,y1,0.113,0.221,0.065,-0.329,-0.599,-0.485,0.012,-0.034,0.413,0.549,0.026,0.025,0.489,1.0,-0.233,0.359
13,y2,-0.069,-0.283,-0.194,-0.221,0.386,0.134,-0.124,-0.083,-0.031,-0.312,0.409,-0.426,-0.226,-0.233,1.0,0.132
13,y3,0.052,0.49,-0.315,0.113,-0.052,-0.065,-0.124,-0.023,0.288,0.305,0.081,-0.593,-0.029,0.359,0.132,1.0
14,.,1.0,-0.236,0.512,-0.226,-0.092,-0.228,0.01,-0.287,-0.537,-0.487,0.078,-0.523,-0.09,0.111,-0.069,0.05
14,A1_1,-0.236,1.0,0.119,0.396,-0.219,0.035,-0.25,0.048,0.61,0.584,-0.052,-0.018,-0.008,0.221,-0.282,0.49
14,A1_2,0.512,0.119,1.0,-0.234,-0.292,-0.055,-0.222,-0.043,-0.054,-0.2,0.08,-0.05,0.099,0.066,-0.194,-0.315
14,A1_3,-0.226,0.396,-0.234,1.0,0.37,0.166,0.107,-0.188,-0.055,-0.155,-0.483,-0.048,-0.09,-0.328,-0.22,0.113
14,B1_1,-0.092,-0.219,-0.292,0.37,1.0,0.589,-0.501,-0.306,-0.291,-0.48,-0.099,-0.11,-0.451,-0.598,0.386,-0.051
14,B1_2,-0.228,0.035,-0.055,0.166,0.589,1.0,-0.622,-0.457,-0.277,0.072,-0.206,-0.143,-0.545,-0.484,0.133,-0.065
14,B1_3,0.01,-0.25,-0.222,0.107,-0.501,-0.622,1.0,0.198,-0.117,-0.147,0.088,0.008,0.164,0.01,-0.126,-0.126
14,A2_1,-0.287,0.048,-0.043,-0.188,-0.306,-0.457,0.198,1.0,0.327,0.047,-0.104,0.444,0.637,-0.035,-0.083,-0.023
14,A2_2,-0.537,0.61,-0.054,-0.055,-0.291,-0.277,-0.117,0.327,1.0,0.583,0.398,0.397,0.226,0.413,-0.03,0.289
14,A2_3,-0.487,0.584,-0.2,-0.155,-0.48,0.072,-0.147,0.047,0.583,1.0,-0.011,0.263,0.096,0.548,-0.311,0.305
14,B2_1,0.078,-0.052,0.08,-0.483,-0.099,-0.206,0.088,-0.104,0.398,-0.011,1.0,-0.114,-0.45,0.026,0.408,0.08
14,B2_2,-0.523,-0.018,-0.05,-0.048,-0.11,-0.143,0.008,0.444,0.397,0.263,-0.114,1.0,0.372,0.024,-0.428,-0.594
14,B2_3,-0.09,-0.008,0.099,-0.09,-0.451,-0.545,0.164,0.637,0.226,0.096,-0.45,0.372,1.0,0.489,-0.226,-0.03
14,y1,0.111,0.221,0.066,-0.328,-0.598,-0.484,0.01,-0.035,0.413,0.548,0.026,0.024,0.489,1.0,-0.231,0.36
14,y2,-0.069,-0.282,-0.194,-0.22,0.386,0.133,-0.126,-0.083,-0.03,-0.311,0.408,-0.428,-0.226,-0.231,1.0,0.134
14,y3,0.05,0.49,-0.315,0.113,-0.051,-0.065,-0.126,-0.023,0.289,0.305,0.08,-0.594,-0.03,0.36,0.134,1.0
15,.,1.0,-0.24,0.508,-0.228,-0.09,-0.228,0.013,-0.287,-0.54,-0.489,0.078,-0.521,-0.089,0.11,-0.069,0.048
15,A1_1,-0.24,1.0,0.119,0.397,-0.219,0.036,-0.251,0.048,0.61,0.585,-0.051,-0.017,-0.008,0.221,-0.281,0.49
15,A1_2,0.508,0.119,1.0,-0.235,-0.291,-0.053,-0.221,-0.045,-0.053,-0.2,0.082,-0.048,0.1,0.067,-0.194,-0.314
15,A1_3,-0.228,0.397,-0.235,1.0,0.371,0.166,0.107,-0.188,-0.054,-0.154,-0.483,-0.047,-0.09,-0.328,-0.22,0.113
15,B1_1,-0.09,-0.219,-0.291,0.371,1.0,0.588,-0.501,-0.306,-0.292,-0.481,-0.102,-0.112,-0.453,-0.598,0.386,-0.051
15,B1_2,-0.228,0.036,-0.053,0.166,0.588,1.0,-0.62,-0.457,-0.277,0.072,-0.206,-0.144,-0.545,-0.483,0.133,-0.065
15,B1_3,0.013,-0.251,-0.221,0.107,-0.501,-0.62,1.0,0.198,-0.118,-0.148,0.09,0.009,0.166,0.007,-0.129,-0.128
15,A2_1,-0.287,0.048,-0.045,-0.188,-0.306,-0.457,0.198,1.0,0.328,0.048,-0.104,0.445,0.636,-0.035,-0.083,-0.024
15,A2_2,-0.54,0.61,-0.053,-0.054,-0.292,-0.277,-0.118,0.328,1.0,0.584,0.398,0.396,0.225,0.413,-0.029,0.289
15,A2_3,-0.489,0.585,-0.2,-0.154,-0.481,0.072,-0.148,0.048,0.584,1.0,-0.01,0.263,0.096,0.547,-0.31,0.305
15,B2_1,0.078,-0.051,0.082,-0.483,-0.102,-0.206,0.09,-0.104,0.398,-0.01,1.0,-0.115,-0.45,0.026,0.406,0.08
15,B2_2,-0.521,-0.017,-0.048,-0.047,-0.112,-0.144,0.009,0.445,0.396,0.263,-0.115,1.0,0.372,0.023,-0.429,-0.594
15,B2_3,-0.089,-0.008,0.1,-0.09,-0.453,-0.545,0.166,0.636,0.225,0.096,-0.45,0.372,1.0,0.488,-0.227,-0.03
15,y1,0.11,0.221,0.067,-0.328,-0.598,-0.483,0.007,-0.035,0.413,0.547,0.026,0.023,0.488,1.0,-0.229,0.361
15,y2,-0.069,-0.281,-0.194,-0.22,0.386,0.133,-0.129,-0.083,-0.029,-0.31,0.406,-0.429,-0.227,-0.229,1.0,0.135
15,y3,0.048,0.49,-0.314,0.113,-0.051,-0.065,-0.128,-0.024,0.289,0.305,0.08,-0.594,-0.03,0.361,0.135,1.0
16,.,1.0,-0.245,0.504,-0.23,-0.089,-0.228,0.016,-0.288,-0.543,-0.491,0.079,-0.519,-0.088,0.109,-0.069,0.047
16,A1_1,-0.245,1.0,0.118,0.397,-0.218,0.037,-0.25,0.049,0.611,0.586,-0.05,-0.016,-0.008,0.221,-0.28,0.489
16,A1_2,0.504,0.118,1.0,-0.235,-0.289,-0.052,-0.22,-0.046,-0.053,-0.2,0.083,-0.046,0.101,0.068,-0.194,-0.314
16,A1_3,-0.23,0.397,-0.235,1.0,0.371,0.166,0.106,-0.188,-0.053,-0.152,-0.482,-0.047,-0.091,-0.327,-0.219,0.113
16,B1_1,-0.089,-0.218,-0.289,0.371,1.0,0.587,-0.502,-0.306,-0.293,-0.481,-0.105,-0.115,-0.455,-0.597,0.386,-0.051
16,B1_2,-0.228,0.037,-0.052,0.166,0.587,1.0,-0.619,-0.457,-0.278,0.072,-0.207,-0.145,-0.546,-0.483,0.132,-0.065
16,B1_3,0.016,-0.25,-0.22,0.106,-0.502,-0.619,1.0,0.198,-0.118,-0.148,0.091,0.01,0.168,0.005,-0.131,-0.129
16,A2_1,-0.288,0.049,-0.046,-0.188,-0.306,-0.457,0.198,1.0,0.329,0.05,-0.104,0.446,0.636,-0.035,-0.083,-0.024
16,A2_2,-0.543,0.611,-0.053,-0.053,-0.293,-0.278,-0.118,0.329,1.0,0.585,0.397,0.396,0.224,0.413,-0.028,0.289
16,A2_3,-0.491,0.586,-0.2,-0.152,-0.481,0.072,-0.148,0.05,0.585,1.0,-0.01,0.264,0.096,0.546,-0.309,0.304
16,B2_1,0.079,-0.05,0.083,-0.482,-0.105,-0.207,0.091,-0.104,0.397,-0.01,1.0,-0.115,-0.45,0.026,0.404,0.079
16,B2_2,-0.519,-0.016,-0.046,-0.047,-0.115,-0.145,0.01,0.446,0.396,0.264,-0.115,1.0,0.372,0.023,-0.431,-0.594
16,B2_3,-0.088,-0.008,0.101,-0.091,-0.455,-0.546,0.168,0.636,0.224,0.096,-0.45,0.372,1.0,0.488,-0.227,-0.03
16,y1,0.109,0.221,0.068,-0.327,-0.597,-0.483,0.005,-0.035,0.413,0.546,0.026,0.023,0.488,1.0,-0.227,0.362
16,y2,-0.069,-0.28,-0.194,-0.219,0.386,0.132,-0.131,-0.083,-0.028,-0.309,0.404,-0.431,-0.227,-0.227,1.0,0.136
16,y3,0.047,0.489,-0.314,0.113,-0.051,-0.065,-0.129,-0.024,0.289,0.304,0.079,-0.594,-0.03,0.362,0.136,1.0
17,.,1.0,-0.249,0.5,-0.232,-0.087,-0.227,0.019,-0.289,-0.546,-0.494,0.079,-0.517,-0.087,0.108,-0.069,0.045
17,A1_1,-0.249,1.0,0.118,0.397,-0.218,0.037,-0.25,0.049,0.611,0.586,-0.05,-0.015,-0.008,0.221,-0.279,0.489
17,A1_2,0.5,0.118,1.0,-0.236,-0.288,-0.05,-0.22,-0.048,-0.053,-0.2,0.084,-0.044,0.101,0.069,-0.194,-0.314
17,A1_3,-0.232,0.397,-0.236,1.0,0.372,0.166,0.106,-0.189,-0.052,-0.151,-0.482,-0.046,-0.091,-0.327,-0.219,0.113
17,B1_1,-0.087,-0.218,-0.288,0.372,1.0,0.587,-0.502,-0.305,-0.294,-0.481,-0.109,-0.117,-0.456,-0.597,0.386,-0.05
17,B1_2,-0.227,0.037,-0.05,0.166,0.587,1.0,-0.617,-0.457,-0.278,0.072,-0.208,-0.146,-0.546,-0.482,0.132,-0.065
17,B1_3,0.019,-0.25,-0.22,0.106,-0.502,-0.617,1.0,0.197,-0.119,-0.148,0.093,0.011,0.169,0.003,-0.134,-0.131
17,A2_1,-0.289,0.049,-0.048,-0.189,-0.305,-0.457,0.197,1.0,0.33,0.051,-0.104,0.447,0.635,-0.036,-0.083,-0.024
17,A2_2,-0.546,0.611,-0.053,-0.052,-0.294,-0.278,-0.119,0.33,1.0,0.586,0.397,0.396,0.223,0.413,-0.027,0.289
17,A2_3,-0.494,0.586,-0.2,-0.151,-0.481,0.072,-0.148,0.051,0.586,1.0,-0.009,0.264,0.096,0.545,-0.308,0.304
17,B2_1,0.079,-0.05,0.084,-0.482,-0.109,-0.208,0.093,-0.104,0.397,-0.009,1.0,-0.116,-0.45,0.026,0.402,0.079
17,B2_2,-0.517,-0.015,-0.044,-0.046,-0.117,-0.146,0.011,0.447,0.396,0.264,-0.116,1.0,0.373,0.022,-0.432,-0.595
17,B2_3,-0.087,-0.008,0.101,-0.091,-0.456,-0.546,0.169,0.635,0.223,0.096,-0.45,0.373,1.0,0.488,-0.228,-0.03
17,y1,0.108,0.221,0.069,-0.327,-0.597,-0.482,0.003,-0.036,0.413,0.545,0.026,0.022,0.488,1.0,-0.226,0.363
17,y2,-0.069,-0.279,-0.194,-0.219,0.386,0.132,-0.134,-0.083,-0.027,-0.308,0.402,-0.432,-0.228,-0.226,1.0,0.137
17,y3,0.045,0.489,-0.314,0.113,-0.05,-0.065,-0.131,-0.024,0.289,0.304,0.079,-0.595,-0.03,0.363,0.137,1.0
18,.,1.0,-0.254,0.496,-0.234,-0.085,-0.227,0.023,-0.29,-0.549,-0.496,0.08,-0.516,-0.087,0.106,-0.068,0.043
18,A1_1,-0.254,1.0,0.118,0.398,-0.217,0.037,-0.25,0.05,0.612,0.587,-0.049,-0.014,-0.008,0.221,-0.278,0.489
18,A1_2,0.496,0.118,1.0,-0.236,-0.287,-0.048,-0.219,-0.05,-0.052,-0.2,0.086,-0.043,0.102,0.069,-0.194,-0.313
18,A1_3,-0.234,0.398,-0.236,1.0,0.373,0.166,0.105,-0.189,-0.051,-0.149,-0.481,-0.045,-0.092,-0.326,-0.219,0.114
18,B1_1,-0.085,-0.217,-0.287,0.373,1.0,0.586,-0.503,-0.305,-0.295,-0.481,-0.112,-0.119,-0.459,-0.596,0.386,-0.049
18,B1_2,-0.227,0.037,-0.048,0.166,0.586,1.0,-0.616,-0.456,-0.278,0.071,-0.209,-0.146,-0.547,-0.482,0.131,-0.065
18,B1_3,0.023,-0.25,-0.219,0.105,-0.503,-0.616,1.0,0.197,-0.12,-0.148,0.095,0.012,0.171,0.0,-0.136,-0.133
18,A2_1,-0.29,0.05,-0.05,-0.189,-0.305,-0.456,0.197,1.0,0.331,0.052,-0.103,0.448,0.634,-0.036,-0.083,-0.025
18,A2_2,-0.549,0.612,-0.052,-0.051,-0.295,-0.278,-0.12,0.331,1.0,0.587,0.397,0.396,0.222,0.413,-0.026,0.289
18,A2_3,-0.496,0.587,-0.2,-0.149,-0.481,0.071,-0.148,0.052,0.587,1.0,-0.008,0.265,0.095,0.544,-0.307,0.304
18,B2_1,0.08,-0.049,0.086,-0.481,-0.112,-0.209,0.095,-0.103,0.397,-0.008,1.0,-0.117,-0.449,0.026,0.4,0.078
18,B2_2,-0.516,-0.014,-0.043,-0.045,-0.119,-0.146,0.012,0.448,0.396,0.265,-0.117,1.0,0.373,0.021,-0.434,-0.595
18,B2_3,-0.087,-0.008,0.102,-0.092,-0.459,-0.547,0.171,0.634,0.222,0.095,-0.449,0.373,1.0,0.487,-0.228,-0.031
18,y1,0.106,0.221,0.069,-0.326,-0.596,-0.482,0.0,-0.036,0.413,0.544,0.026,0.021,0.487,1.0,-0.224,0.364
18,y2,-0.068,-0.278,-0.194,-0.219,0.386,0.131,-0.136,-0.083,-0.026,-0.307,0.4,-0.434,-0.228,-0.224,1.0,0.139
18,y3,0.043,0.489,-0.313,0.114,-0.049,-0.065,-0.133,-0.025,0.289,0.304,0.078,-0.595,-0.031,0.364,0.139,1.0
19,.,1.0,-0.259,0.492,-0.236,-0.083,-0.227,0.026,-0.291,-0.552,-0.498,0.081,-0.514,-0.087,0.105,-0.068,0.042
19,A1_1,-0.259,1.0,0.117,0.398,-0.217,0.037,-0.25,0.05,0.612,0.588,-0.048,-0.013,-0.008,0.221,-0.277,0.489
19,A1_2,0.492,0.117,1.0,-0.237,-0.287,-0.046,-0.219,-0.051,-0.052,-0.2,0.088,-0.041,0.102,0.07,-0.193,-0.313
19,A1_3,-0.236,0.398,-0.237,1.0,0.374,0.166,0.105,-0.189,-0.05,-0.148,-0.481,-0.045,-0.092,-0.326,-0.218,0.114
19,B1_1,-0.083,-0.217,-0.287,0.374,1.0,0.585,-0.503,-0.305,-0.296,-0.482,-0.115,-0.122,-0.46,-0.596,0.386,-0.049
19,B1_2,-0.227,0.037,-0.046,0.166,0.585,1.0,-0.615,-0.456,-0.279,0.071,-0.21,-0.147,-0.547,-0.481,0.131,-0.065
19,B1_3,0.026,-0.25,-0.219,0.105,-0.503,-0.615,1.0,0.197,-0.12,-0.148,0.096,0.013,0.173,-0.002,-0.138,-0.134
19,A2_1,-0.291,0.05,-0.051,-0.189,-0.305,-0.456,0.197,1.0,0.332,0.054,-0.103,0.45,0.634,-0.037,-0.083,-0.025
19,A2_2,-0.552,0.612,-0.052,-0.05,-0.296,-0.279,-0.12,0.332,1.0,0.587,0.396,0.395,0.221,0.413,-0.025,0.29
19,A2_3,-0.498,0.588,-0.2,-0.148,-0.482,0.071,-0.148,0.054,0.587,1.0,-0.008,0.265,0.095,0.543,-0.306,0.304
19,B2_1,0.081,-0.048,0.088,-0.481,-0.115,-0.21,0.096,-0.103,0.396,-0.008,1.0,-0.118,-0.449,0.026,0.398,0.078
19,B2_2,-0.514,-0.013,-0.041,-0.045,-0.122,-0.147,0.013,0.45,0.395,0.265,-0.118,1.0,0.373,0.021,-0.435,-0.595
19,B2_3,-0.087,-0.008,0.102,-0.092,-0.46,-0.547,0.173,0.634,0.221,0.095,-0.449,0.373,1.0,0.487,-0.228,-0.031
19,y1,0.105,0.221,0.07,-0.326,-0.596,-0.481,-0.002,-0.037,0.413,0.543,0.026,0.021,0.487,1.0,-0.222,0.365
19,y2,-0.068,-0.277,-0.193,-0.218,0.386,0.131,-0.138,-0.083,-0.025,-0.306,0.398,-0.435,-0.228,-0.222,1.0,0.14
19,y3,0.042,0.489,-0.313,0.114,-0.049,-0.065,-0.134,-0.025,0.29,0.304,0.078,-0.595,-0.031,0.365,0.14,1.0
20,.,1.0,-0.263,0.489,-0.238,-0.082,-0.226,0.029,-0.293,-0.555,-0.5,0.083,-0.512,-0.086,0.104,-0.068,0.04
20,A1_1,-0.263,1.0,0.117,0.398,-0.216,0.037,-0.25,0.051,0.613,0.588,-0.047,-0.012,-0.008,0.221,-0.276,0.489
20,A1_2,0.489,0.117,1.0,-0.237,-0.286,-0.044,-0.219,-0.053,-0.052,-0.2,0.089,-0.039,0.103,0.071,-0.193,-0.313
20,A1_3,-0.238,0.398,-0.237,1.0,0.375,0.166,0.105,-0.189,-0.049,-0.147,-0.481,-0.045,-0.092,-0.325,-0.218,0.114
20,B1_1,-0.082,-0.216,-0.286,0.375,1.0,0.584,-0.503,-0.305,-0.297,-0.482,-0.117,-0.124,-0.462,-0.596,0.387,-0.048
20,B1_2,-0.226,0.037,-0.044,0.166,0.584,1.0,-0.614,-0.456,-0.279,0.071,-0.21,-0.148,-0.547,-0.48,0.13,-0.065
20,B1_3,0.029,-0.25,-0.219,0.105,-0.503,-0.614,1.0,0.197,-0.121,-0.148,0.097,0.014,0.174,-0.004,-0.141,-0.136
20,A2_1,-0.293,0.051,-0.053,-0.189,-0.305,-0.456,0.197,1.0,0.333,0.055,-0.102,0.451,0.633,-0.037,-0.082,-0.026
20,A2_2,-0.555,0.613,-0.052,-0.049,-0.297,-0.279,-0.121,0.333,1.0,0.588,0.395,0.395,0.22,0.412,-0.024,0.29
20,A2_3,-0.5,0.588,-0.2,-0.147,-0.482,0.071,-0.148,0.055,0.588,1.0,-0.008,0.265,0.095,0.542,-0.305,0.304
20,B2_1,0.083,-0.047,0.089,-0.481,-0.117,-0.21,0.097,-0.102,0.395,-0.008,1.0,-0.118,-0.449,0.026,0.396,0.077
20,B2_2,-0.512,-0.012,-0.039,-0.045,-0.124,-0.148,0.014,0.451,0.395,0.265,-0.118,1.0,0.373,0.02,-0.436,-0.596
20,B2_3,-0.086,-0.008,0.103,-0.092,-0.462,-0.547,0.174,0.633,0.22,0.095,-0.449,0.373,1.0,0.487,-0.229,-0.031
20,y1,0.104,0.221,0.071,-0.325,-0.596,-0.48,-0.004,-0.037,0.412,0.542,0.026,0.02,0.487,1.0,-0.22,0.366
20,y2,-0.068,-0.276,-0.193,-0.218,0.387,0.13,-0.141,-0.082,-0.024,-0.305,0.396,-0.436,-0.229,-0.22,1.0,0.141
20,y3,0.04,0.489,-0.313,0.114,-0.048,-0.065,-0.136,-0.026,0.29,0.304,0.077,-0.596,-0.031,0.366,0.141,1.0
21,.,1.0,-0.268,0.485,-0.24,-0.08,-0.226,0.032,-0.294,-0.558,-0.502,0.084,-0.51,-0.086,0.102,-0.068,0.038
21,A1_1,-0.268,1.0,0.117,0.398,-0.216,0.037,-0.25,0.051,0.614,0.589,-0.047,-0.011,-0.008,0.222,-0.275,0.489
21,A1_2,0.485,0.117,1.0,-0.238,-0.285,-0.043,-0.218,-0.055,-0.051,-0.199,0.091,-0.037,0.103,0.072,-0.193,-0.313
21,A1_3,-0.24,0.398,-0.238,1.0,0.376,0.166,0.104,-0.188,-0.049,-0.146,-0.481,-0.044,-0.092,-0.325,-0.218,0.114
21,B1_1,-0.08,-0.216,-0.285,0.376,1.0,0.584,-0.503,-0.305,-0.298,-0.482,-0.12,-0.126,-0.464,-0.595,0.387,-0.047
21,B1_2,-0.226,0.037,-0.043,0.166,0.584,1.0,-0.613,-0.455,-0.28,0.07,-0.211,-0.149,-0.547,-0.48,0.13,-0.064
21,B1_3,0.032,-0.25,-0.218,0.104,-0.503,-0.613,1.0,0.196,-0.121,-0.148,0.099,0.015,0.175,-0.006,-0.143,-0.138
21,A2_1,-0.294,0.051,-0.055,-0.188,-0.305,-0.455,0.196,1.0,0.335,0.057,-0.102,0.452,0.632,-0.038,-0.082,-0.026
21,A2_2,-0.558,0.614,-0.051,-0.049,-0.298,-0.28,-0.121,0.335,1.0,0.589,0.395,0.395,0.219,0.412,-0.023,0.29
21,A2_3,-0.502,0.589,-0.199,-0.146,-0.482,0.07,-0.148,0.057,0.589,1.0,-0.008,0.265,0.095,0.541,-0.304,0.304
21,B2_1,0.084,-0.047,0.091,-0.481,-0.12,-0.211,0.099,-0.102,0.395,-0.008,1.0,-0.119,-0.448,0.026,0.395,0.077
21,B2_2,-0.51,-0.011,-0.037,-0.044,-0.126,-0.149,0.015,0.452,0.395,0.265,-0.119,1.0,0.373,0.019,-0.438,-0.596
21,B2_3,-0.086,-0.008,0.103,-0.092,-0.464,-0.547,0.175,0.632,0.219,0.095,-0.448,0.373,1.0,0.486,-0.229,-0.032
21,y1,0.102,0.222,0.072,-0.325,-0.595,-0.48,-0.006,-0.038,0.412,0.541,0.026,0.019,0.486,1.0,-0.218,0.367
21,y2,-0.068,-0.275,-0.193,-0.218,0.387,0.13,-0.143,-0.082,-0.023,-0.304,0.395,-0.438,-0.229,-0.218,1.0,0.142
21,y3,0.038,0.489,-0.313,0.114,-0.047,-0.064,-0.138,-0.026,0.29,0.304,0.077,-0.596,-0.032,0.367,0.142,1.0
22,.,1.0,-0.272,0.481,-0.242,-0.079,-0.226,0.035,-0.295,-0.561,-0.504,0.085,-0.508,-0.085,0.101,-0.068,0.036
22,A1_1,-0.272,1.0,0.116,0.399,-0.215,0.038,-0.25,0.052,0.614,0.59,-0.046,-0.01,-0.008,0.222,-0.274,0.489
22,A1_2,0.481,0.116,1.0,-0.238,-0.284,-0.041,-0.218,-0.057,-0.051,-0.199,0.093,-0.035,0.103,0.073,-0.192,-0.313
22,A1_3,-0.242,0.399,-0.238,1.0,0.377,0.166,0.104,-0.188,-0.047,-0.145,-0.48,-0.043,-0.092,-0.324,-0.218,0.114
22,B1_1,-0.079,-0.215,-0.284,0.377,1.0,0.583,-0.503,-0.304,-0.299,-0.482,-0.123,-0.129,-0.465,-0.595,0.387,-0.046
22,B1_2,-0.226,0.038,-0.041,0.166,0.583,1.0,-0.611,-0.455,-0.28,0.07,-0.212,-0.149,-0.548,-0.479,0.13,-0.064
22,B1_3,0.035,-0.25,-0.218,0.104,-0.503,-0.611,1.0,0.196,-0.122,-0.148,0.1,0.016,0.177,-0.008,-0.146,-0.14
22,A2_1,-0.295,0.052,-0.057,-0.188,-0.304,-0.455,0.196,1.0,0.336,0.058,-0.101,0.453,0.631,-0.039,-0.082,-0.026
22,A2_2,-0.561,0.614,-0.051,-0.047,-0.299,-0.28,-0.122,0.336,1.0,0.59,0.394,0.395,0.218,0.412,-0.022,0.29
22,A2_3,-0.504,0.59,-0.199,-0.145,-0.482,0.07,-0.148,0.058,0.59,1.0,-0.008,0.266,0.095,0.54,-0.303,0.303
22,B2_1,0.085,-0.046,0.093,-0.48,-0.123,-0.212,0.1,-0.101,0.394,-0.008,1.0,-0.12,-0.448,0.026,0.393,0.076
22,B2_2,-0.508,-0.01,-0.035,-0.043,-0.129,-0.149,0.016,0.453,0.395,0.266,-0.12,1.0,0.374,0.018,-0.439,-0.596
22,B2_3,-0.085,-0.008,0.103,-0.092,-0.465,-0.548,0.177,0.631,0.218,0.095,-0.448,0.374,1.0,0.485,-0.229,-0.032
22,y1,0.101,0.222,0.073,-0.324,-0.595,-0.479,-0.008,-0.039,0.412,0.54,0.026,0.018,0.485,1.0,-0.216,0.368
22,y2,-0.068,-0.274,-0.192,-0.218,0.387,0.13,-0.146,-0.082,-0.022,-0.303,0.393,-0.439,-0.229,-0.216,1.0,0.144
22,y3,0.036,0.489,-0.313,0.114,-0.046,-0.064,-0.14,-0.026,0.29,0.303,0.076,-0.596,-0.032,0.368,0.144,1.0
23,.,1.0,-0.276,0.477,-0.243,-0.077,-0.225,0.038,-0.295,-0.564,-0.506,0.085,-0.507,-0.085,0.099,-0.068,0.034
