,,.,A1_1,A1_2,A1_3,B1_1,B1_2,B1_3,A2_1,A2_2,A2_3,B2_1,B2_2,B2_3,y1,y2,y3
1,.,1.0,-0.147,0.563,-0.483,0.013,-0.18,0.446,-0.361,-0.406,0.379,-0.318,0.227,-0.156,-0.77,-0.882,-0.889
1,A1_1,-0.147,1.0,0.559,0.647,-0.491,-0.815,-0.695,0.63,0.8,0.627,-0.581,-0.167,-0.632,0.128,0.507,0.342
1,A1_2,0.563,0.559,1.0,0.051,-0.376,-0.694,0.007,0.177,0.42,0.898,-0.83,-0.025,-0.731,-0.338,-0.219,-0.273
1,A1_3,-0.483,0.647,0.051,1.0,-0.464,-0.63,-0.808,0.697,0.702,0.142,-0.251,-0.292,-0.282,0.4,0.745,0.556
1,B1_1,0.013,-0.491,-0.376,-0.464,1.0,0.467,0.561,-0.9,-0.729,-0.657,0.766,0.853,0.851,0.249,-0.346,-0.001
1,B1_2,-0.18,-0.815,-0.694,-0.63,0.467,1.0,0.598,-0.486,-0.639,-0.687,0.602,0.049,0.554,0.129,-0.205,-0.071
1,B1_3,0.446,-0.695,0.007,-0.808,0.561,0.598,1.0,-0.736,-0.644,-0.164,0.162,0.469,0.3,-0.056,-0.632,-0.367
1,A2_1,-0.361,0.63,0.177,0.697,-0.9,-0.486,-0.736,1.0,0.876,0.507,-0.612,-0.733,-0.733,0.135,0.689,0.392
1,A2_2,-0.406,0.8,0.42,0.702,-0.729,-0.639,-0.644,0.876,1.0,0.657,-0.693,-0.494,-0.779,0.335,0.757,0.582
1,A2_3,0.379,0.627,0.898,0.142,-0.657,-0.687,-0.164,0.507,0.657,1.0,-0.943,-0.289,-0.917,-0.272,0.018,-0.109
1,B2_1,-0.318,-0.581,-0.83,-0.251,0.766,0.602,0.162,-0.612,-0.693,-0.943,1.0,0.443,0.967,0.199,-0.104,0.085
1,B2_2,0.227,-0.167,-0.025,-0.292,0.853,0.049,0.469,-0.733,-0.494,-0.289,0.443,1.0,0.59,0.233,-0.341,-0.002
1,B2_3,-0.156,-0.632,-0.731,-0.282,0.851,0.554,0.3,-0.733,-0.779,-0.917,0.967,0.59,1.0,0.17,-0.239,-0.012
1,y1,-0.77,0.128,-0.338,0.4,0.249,0.129,-0.056,0.135,0.335,-0.272,0.199,0.233,0.17,1.0,0.748,0.918
1,y2,-0.882,0.507,-0.219,0.745,-0.346,-0.205,-0.632,0.689,0.757,0.018,-0.104,-0.341,-0.239,0.748,1.0,0.914
1,y3,-0.889,0.342,-0.273,0.556,-0.001,-0.071,-0.367,0.392,0.582,-0.109,0.085,-0.002,-0.012,0.918,0.914,1.0
2,.,1.0,-0.199,0.363,0.072,-0.18,-0.359,-0.016,-0.037,0.264,0.191,-0.677,-0.274,0.009,-0.768,-0.832,-0.837
2,A1_1,-0.199,1.0,0.161,0.744,-0.573,-0.484,-0.771,0.603,0.473,0.147,-0.38,-0.453,-0.531,0.536,0.641,0.222
2,A1_2,0.363,0.161,1.0,0.5,-0.343,0.01,-0.466,0.489,0.744,0.54,-0.477,-0.356,-0.68,-0.309,-0.257,-0.075
2,A1_3,0.072,0.744,0.5,1.0,-0.774,-0.249,-0.888,0.777,0.805,0.535,-0.502,-0.717,-0.808,0.067,0.215,0.136
2,B1_1,-0.18,-0.573,-0.343,-0.774,1.0,0.195,0.912,-0.796,-0.767,-0.762,0.459,0.843,0.728,0.191,-0.022,0.087
2,B1_2,-0.359,-0.484,0.01,-0.249,0.195,1.0,0.139,-0.112,-0.33,0.235,0.447,-0.078,-0.174,-0.236,-0.133,0.167
2,B1_3,-0.016,-0.771,-0.466,-0.888,0.912,0.139,1.0,-0.845,-0.75,-0.69,0.501,0.854,0.873,-0.017,-0.234,-0.039
2,A2_1,-0.037,0.603,0.489,0.777,-0.796,-0.112,-0.845,1.0,0.752,0.828,-0.506,-0.693,-0.887,-0.024,0.174,0.265
2,A2_2,0.264,0.473,0.744,0.805,-0.767,-0.33,-0.75,0.752,1.0,0.644,-0.457,-0.524,-0.719,-0.123,-0.016,0.093
2,A2_3,0.191,0.147,0.54,0.535,-0.762,0.235,-0.69,0.828,0.644,1.0,-0.459,-0.776,-0.825,-0.505,-0.285,-0.044
2,B2_1,-0.677,-0.38,-0.477,-0.502,0.459,0.447,0.501,-0.506,-0.457,-0.459,1.0,0.628,0.474,0.447,0.396,0.564
2,B2_2,-0.274,-0.453,-0.356,-0.717,0.843,-0.078,0.854,-0.693,-0.524,-0.776,0.628,1.0,0.786,0.411,0.184,0.33
2,B2_3,0.009,-0.531,-0.68,-0.808,0.728,-0.174,0.873,-0.887,-0.719,-0.825,0.474,0.786,1.0,0.131,-0.082,-0.158
2,y1,-0.768,0.536,-0.309,0.067,0.191,-0.236,-0.017,-0.024,-0.123,-0.505,0.447,0.411,0.131,1.0,0.962,0.721
2,y2,-0.832,0.641,-0.257,0.215,-0.022,-0.133,-0.234,0.174,-0.016,-0.285,0.396,0.184,-0.082,0.962,1.0,0.749
2,y3,-0.837,0.222,-0.075,0.136,0.087,0.167,-0.039,0.265,0.093,-0.044,0.564,0.33,-0.158,0.721,0.749,1.0
3,.,1.0,-0.029,-0.254,-0.592,0.289,-0.286,0.223,-0.459,-0.219,-0.186,-0.089,0.376,0.256,-0.904,-0.8,-0.957
3,A1_1,-0.029,1.0,-0.095,0.701,-0.631,-0.562,-0.796,0.339,0.576,0.487,-0.818,-0.597,-0.577,-0.051,0.132,-0.097
3,A1_2,-0.254,-0.095,1.0,0.24,0.245,0.067,-0.211,0.109,0.278,0.12,-0.254,-0.008,-0.242,0.129,0.034,0.296
3,A1_3,-0.592,0.701,0.24,1.0,-0.543,-0.394,-0.733,0.55,0.624,0.405,-0.529,-0.6,-0.525,0.585,0.589,0.565
3,B1_1,0.289,-0.631,0.245,-0.543,1.0,0.155,0.823,-0.783,-0.737,-0.797,0.551,0.446,0.732,-0.065,-0.119,-0.138
3,B1_2,-0.286,-0.562,0.067,-0.394,0.155,1.0,0.444,-0.229,-0.466,-0.271,0.608,0.052,-0.02,0.175,-0.083,0.265
3,B1_3,0.223,-0.796,-0.211,-0.733,0.823,0.444,1.0,-0.756,-0.926,-0.837,0.856,0.446,0.774,0.001,-0.083,-0.091
3,A2_1,-0.459,0.339,0.109,0.55,-0.783,-0.229,-0.756,1.0,0.877,0.907,-0.428,-0.328,-0.648,0.256,0.209,0.343
3,A2_2,-0.219,0.576,0.278,0.624,-0.737,-0.466,-0.926,0.877,1.0,0.906,-0.716,-0.229,-0.648,0.004,0.003,0.093
3,A2_3,-0.186,0.487,0.12,0.405,-0.797,-0.271,-0.837,0.907,0.906,1.0,-0.643,-0.34,-0.757,-0.102,-0.076,0.009
3,B2_1,-0.089,-0.818,-0.254,-0.529,0.551,0.608,0.856,-0.428,-0.716,-0.643,1.0,0.406,0.632,0.291,0.009,0.184
3,B2_2,0.376,-0.597,-0.008,-0.6,0.446,0.052,0.446,-0.328,-0.229,-0.34,0.406,1.0,0.742,-0.342,-0.429,-0.326
3,B2_3,0.256,-0.577,-0.242,-0.525,0.732,-0.02,0.774,-0.648,-0.648,-0.757,0.632,0.742,1.0,-0.013,-0.017,-0.142
3,y1,-0.904,-0.051,0.129,0.585,-0.065,0.175,0.001,0.256,0.004,-0.102,0.291,-0.342,-0.013,1.0,0.862,0.949
3,y2,-0.8,0.132,0.034,0.589,-0.119,-0.083,-0.083,0.209,0.003,-0.076,0.009,-0.429,-0.017,0.862,1.0,0.852
3,y3,-0.957,-0.097,0.296,0.565,-0.138,0.265,-0.091,0.343,0.093,0.009,0.184,-0.326,-0.142,0.949,0.852,1.0
4,.,1.0,-0.131,-0.249,-0.317,0.066,-0.087,0.488,0.057,-0.464,-0.233,0.038,0.258,-0.027,-0.648,-0.835,-0.805
4,A1_1,-0.131,1.0,0.286,0.788,-0.523,-0.394,-0.506,-0.037,0.524,0.1,-0.597,-0.716,-0.58,-0.173,0.114,-0.189
4,A1_2,-0.249,0.286,1.0,0.177,-0.16,-0.039,-0.295,0.227,0.74,0.458,-0.551,-0.393,-0.375,-0.397,-0.051,-0.198
4,A1_3,-0.317,0.788,0.177,1.0,-0.682,-0.556,-0.69,0.125,0.694,0.194,-0.44,-0.583,-0.527,0.101,0.261,0.04
4,B1_1,0.066,-0.523,-0.16,-0.682,1.0,0.473,0.85,-0.698,-0.646,-0.655,0.449,0.346,0.758,0.227,0.135,0.272
4,B1_2,-0.087,-0.394,-0.039,-0.556,0.473,1.0,0.193,-0.395,-0.442,-0.419,0.455,0.301,0.179,0.173,-0.005,0.281
4,B1_3,0.488,-0.506,-0.295,-0.69,0.85,0.193,1.0,-0.508,-0.715,-0.528,0.491,0.472,0.764,-0.163,-0.295,-0.179
4,A2_1,0.057,-0.037,0.227,0.125,-0.698,-0.395,-0.508,1.0,0.423,0.822,-0.388,-0.2,-0.559,-0.331,-0.264,-0.279
4,A2_2,-0.464,0.524,0.74,0.694,-0.646,-0.442,-0.715,0.423,1.0,0.676,-0.536,-0.445,-0.506,-0.173,0.142,-0.066
4,A2_3,-0.233,0.1,0.458,0.194,-0.655,-0.419,-0.528,0.822,0.676,1.0,-0.299,-0.088,-0.341,-0.37,-0.143,-0.238
4,B2_1,0.038,-0.597,-0.551,-0.44,0.449,0.455,0.491,-0.388,-0.536,-0.299,1.0,0.797,0.768,0.163,-0.144,0.169
4,B2_2,0.258,-0.716,-0.393,-0.583,0.346,0.301,0.472,-0.2,-0.445,-0.088,0.797,1.0,0.694,-0.045,-0.332,-0.109
4,B2_3,-0.027,-0.58,-0.375,-0.527,0.758,0.179,0.764,-0.559,-0.506,-0.341,0.768,0.694,1.0,0.214,0.082,0.226
4,y1,-0.648,-0.173,-0.397,0.101,0.227,0.173,-0.163,-0.331,-0.173,-0.37,0.163,-0.045,0.214,1.0,0.886,0.946
4,y2,-0.835,0.114,-0.051,0.261,0.135,-0.005,-0.295,-0.264,0.142,-0.143,-0.144,-0.332,0.082,0.886,1.0,0.914
4,y3,-0.805,-0.189,-0.198,0.04,0.272,0.281,-0.179,-0.279,-0.066,-0.238,0.169,-0.109,0.226,0.946,0.914,1.0
5,.,1.0,0.355,0.207,-0.012,-0.06,-0.323,0.126,-0.166,0.144,-0.003,-0.368,0.038,-0.006,-0.644,-0.681,-0.613
5,A1_1,0.355,1.0,0.188,0.45,-0.107,-0.174,0.027,0.264,0.249,0.441,-0.442,-0.45,-0.161,-0.373,-0.665,-0.48
5,A1_2,0.207,0.188,1.0,0.258,-0.145,-0.339,-0.323,0.143,0.757,0.59,-0.542,-0.562,-0.321,0.294,-0.238,0.066
5,A1_3,-0.012,0.45,0.258,1.0,-0.708,-0.617,-0.529,0.733,0.668,0.614,-0.625,-0.614,-0.574,0.352,0.088,0.337
5,B1_1,-0.06,-0.107,-0.145,-0.708,1.0,0.348,0.883,-0.846,-0.727,-0.667,0.722,0.414,0.761,-0.064,0.046,-0.11
5,B1_2,-0.323,-0.174,-0.339,-0.617,0.348,1.0,0.093,-0.439,-0.549,-0.406,0.519,0.278,0.089,-0.204,-0.117,-0.29
5,B1_3,0.126,0.027,-0.323,-0.529,0.883,0.093,1.0,-0.749,-0.749,-0.628,0.559,0.431,0.717,-0.183,0.017,-0.091
5,A2_1,-0.166,0.264,0.143,0.733,-0.846,-0.439,-0.749,1.0,0.725,0.764,-0.608,-0.337,-0.465,0.08,-0.042,0.102
5,A2_2,0.144,0.249,0.757,0.668,-0.727,-0.549,-0.749,0.725,1.0,0.874,-0.827,-0.613,-0.611,0.226,-0.189,0.114
5,A2_3,-0.003,0.441,0.59,0.614,-0.667,-0.406,-0.628,0.764,0.874,1.0,-0.882,-0.706,-0.656,0.131,-0.264,0.057
5,B2_1,-0.368,-0.442,-0.542,-0.625,0.722,0.519,0.559,-0.608,-0.827,-0.882,1.0,0.716,0.767,0.011,0.35,0.018
5,B2_2,0.038,-0.45,-0.562,-0.614,0.414,0.278,0.431,-0.337,-0.613,-0.706,0.716,1.0,0.772,-0.431,0.01,-0.277
5,B2_3,-0.006,-0.161,-0.321,-0.574,0.761,0.089,0.717,-0.465,-0.611,-0.656,0.767,0.772,1.0,-0.277,0.014,-0.242
5,y1,-0.644,-0.373,0.294,0.352,-0.064,-0.204,-0.183,0.08,0.226,0.131,0.011,-0.431,-0.277,1.0,0.813,0.935
5,y2,-0.681,-0.665,-0.238,0.088,0.046,-0.117,0.017,-0.042,-0.189,-0.264,0.35,0.01,0.014,0.813,1.0,0.902
5,y3,-0.613,-0.48,0.066,0.337,-0.11,-0.29,-0.091,0.102,0.114,0.057,0.018,-0.277,-0.242,0.935,0.902,1.0
6,.,1.0,-0.092,0.141,0.16,-0.591,-0.223,-0.295,0.31,0.171,0.219,-0.488,-0.267,-0.265,-0.49,-0.626,-0.546
6,A1_1,-0.092,1.0,0.204,0.65,-0.297,-0.222,-0.13,0.057,0.022,0.412,-0.295,-0.583,-0.498,-0.207,-0.026,-0.204
6,A1_2,0.141,0.204,1.0,0.428,0.027,-0.283,-0.139,0.42,0.733,0.55,-0.421,-0.659,-0.313,-0.156,-0.211,-0.358
6,A1_3,0.16,0.65,0.428,1.0,-0.659,-0.581,-0.458,0.504,0.484,0.54,-0.728,-0.647,-0.699,0.143,0.166,-0.19
6,B1_1,-0.591,-0.297,0.027,-0.659,1.0,0.497,0.68,-0.666,-0.334,-0.525,0.772,0.39,0.677,-0.026,-0.043,0.242
6,B1_2,-0.223,-0.222,-0.283,-0.581,0.497,1.0,0.426,-0.379,-0.258,-0.143,0.777,0.29,0.155,-0.359,-0.019,-0.008
6,B1_3,-0.295,-0.13,-0.139,-0.458,0.68,0.426,1.0,-0.8,-0.554,-0.401,0.5,0.402,0.482,-0.168,-0.264,0.037
6,A2_1,0.31,0.057,0.42,0.504,-0.666,-0.379,-0.8,1.0,0.877,0.784,-0.588,-0.373,-0.511,0.025,0.117,-0.349
6,A2_2,0.171,0.022,0.733,0.484,-0.334,-0.258,-0.554,0.877,1.0,0.766,-0.434,-0.41,-0.387,-0.062,0.016,-0.437
6,A2_3,0.219,0.412,0.55,0.54,-0.525,-0.143,-0.401,0.784,0.766,1.0,-0.523,-0.542,-0.648,-0.262,-0.061,-0.531
6,B2_1,-0.488,-0.295,-0.421,-0.728,0.772,0.777,0.5,-0.588,-0.434,-0.523,1.0,0.65,0.675,-0.234,-0.052,0.09
6,B2_2,-0.267,-0.583,-0.659,-0.647,0.39,0.29,0.402,-0.373,-0.41,-0.542,0.65,1.0,0.822,0.021,-0.066,0.057
6,B2_3,-0.265,-0.498,-0.313,-0.699,0.677,0.155,0.482,-0.511,-0.387,-0.648,0.675,0.822,1.0,-0.118,-0.317,-0.013
6,y1,-0.49,-0.207,-0.156,0.143,-0.026,-0.359,-0.168,0.025,-0.062,-0.262,-0.234,0.021,-0.118,1.0,0.866,0.854
6,y2,-0.626,-0.026,-0.211,0.166,-0.043,-0.019,-0.264,0.117,0.016,-0.061,-0.052,-0.066,-0.317,0.866,1.0,0.805
6,y3,-0.546,-0.204,-0.358,-0.19,0.242,-0.008,0.037,-0.349,-0.437,-0.531,0.09,0.057,-0.013,0.854,0.805,1.0
7,.,1.0,0.23,-0.12,-0.04,-0.149,-0.198,-0.063,0.034,-0.111,-0.173,0.063,-0.193,0.068,-0.671,-0.741,-0.682
7,A1_1,0.23,1.0,0.112,0.633,-0.35,-0.327,-0.295,0.422,0.334,0.573,-0.313,-0.736,-0.488,-0.278,-0.233,-0.096
7,A1_2,-0.12,0.112,1.0,0.487,0.172,-0.348,-0.211,0.291,0.786,0.469,-0.589,-0.43,-0.272,-0.124,0.015,0.024
7,A1_3,-0.04,0.633,0.487,1.0,-0.522,-0.558,-0.529,0.432,0.394,0.53,-0.737,-0.726,-0.566,-0.142,0.021,0.169
7,B1_1,-0.149,-0.35,0.172,-0.522,1.0,0.322,0.81,-0.683,-0.074,-0.4,0.544,0.339,0.545,0.085,0.015,-0.059
7,B1_2,-0.198,-0.327,-0.348,-0.558,0.322,1.0,0.47,-0.157,-0.154,-0.095,0.688,0.453,0.15,-0.127,-0.08,-0.221
7,B1_3,-0.063,-0.295,-0.211,-0.529,0.81,0.47,1.0,-0.729,-0.488,-0.418,0.65,0.316,0.566,-0.112,-0.228,-0.254
7,A2_1,0.034,0.422,0.291,0.432,-0.683,-0.157,-0.729,1.0,0.684,0.863,-0.496,-0.314,-0.46,-0.312,-0.201,-0.214
7,A2_2,-0.111,0.334,0.786,0.394,-0.074,-0.154,-0.488,0.684,1.0,0.735,-0.435,-0.328,-0.361,-0.163,-0.005,-0.053
7,A2_3,-0.173,0.573,0.469,0.53,-0.4,-0.095,-0.418,0.863,0.735,1.0,-0.502,-0.505,-0.496,-0.31,-0.193,-0.176
7,B2_1,0.063,-0.313,-0.589,-0.737,0.544,0.688,0.65,-0.496,-0.435,-0.502,1.0,0.731,0.703,-0.113,-0.196,-0.312
7,B2_2,-0.193,-0.736,-0.43,-0.726,0.339,0.453,0.316,-0.314,-0.328,-0.505,0.731,1.0,0.797,0.151,0.086,-0.081
7,B2_3,0.068,-0.488,-0.272,-0.566,0.545,0.15,0.566,-0.46,-0.361,-0.496,0.703,0.797,1.0,-0.138,-0.262,-0.35
7,y1,-0.671,-0.278,-0.124,-0.142,0.085,-0.127,-0.112,-0.312,-0.163,-0.31,-0.113,0.151,-0.138,1.0,0.961,0.943
7,y2,-0.741,-0.233,0.015,0.021,0.015,-0.08,-0.228,-0.201,-0.005,-0.193,-0.196,0.086,-0.262,0.961,1.0,0.976
7,y3,-0.682,-0.096,0.024,0.169,-0.059,-0.221,-0.254,-0.214,-0.053,-0.176,-0.312,-0.081,-0.35,0.943,0.976,1.0
8,.,1.0,-0.074,0.21,-0.037,-0.016,-0.287,-0.048,-0.221,-0.227,0.0,-0.256,-0.311,-0.131,-0.757,-0.534,-0.701
8,A1_1,-0.074,1.0,0.311,0.798,-0.257,-0.298,-0.327,0.39,0.46,0.506,-0.45,-0.707,-0.74,-0.039,-0.185,0.107
8,A1_2,0.21,0.311,1.0,0.359,0.106,-0.363,-0.256,0.369,0.739,0.504,-0.724,-0.579,-0.273,-0.209,-0.253,-0.098
8,A1_3,-0.037,0.798,0.359,1.0,-0.5,-0.484,-0.51,0.427,0.415,0.311,-0.579,-0.57,-0.555,0.092,-0.048,0.233
8,B1_1,-0.016,-0.257,0.106,-0.5,1.0,0.402,0.857,-0.571,-0.131,-0.101,0.45,0.284,0.601,-0.309,-0.276,-0.407
8,B1_2,-0.287,-0.298,-0.363,-0.484,0.402,1.0,0.512,-0.232,-0.118,-0.039,0.71,0.431,0.157,-0.071,-0.017,-0.028
8,B1_3,-0.048,-0.327,-0.256,-0.51,0.857,0.512,1.0,-0.694,-0.474,-0.212,0.552,0.382,0.607,-0.267,-0.212,-0.381
8,A2_1,-0.221,0.39,0.369,0.427,-0.571,-0.232,-0.694,1.0,0.806,0.774,-0.512,-0.195,-0.603,0.041,-0.2,0.123
8,A2_2,-0.227,0.46,0.739,0.415,-0.131,-0.118,-0.474,0.806,1.0,0.764,-0.496,-0.329,-0.474,-0.027,-0.239,0.09
8,A2_3,0.0,0.506,0.504,0.311,-0.101,-0.039,-0.212,0.774,0.764,1.0,-0.475,-0.332,-0.6,-0.418,-0.629,-0.324
8,B2_1,-0.256,-0.45,-0.724,-0.579,0.45,0.71,0.552,-0.512,-0.496,-0.475,1.0,0.766,0.562,0.027,0.073,-0.078
8,B2_2,-0.311,-0.707,-0.579,-0.57,0.284,0.431,0.382,-0.195,-0.329,-0.332,0.766,1.0,0.753,0.074,0.015,-0.111
8,B2_3,-0.131,-0.74,-0.273,-0.555,0.601,0.157,0.607,-0.603,-0.474,-0.6,0.562,0.753,1.0,0.097,0.136,-0.114
8,y1,-0.757,-0.039,-0.209,0.092,-0.309,-0.071,-0.267,0.041,-0.027,-0.418,0.027,0.074,0.097,1.0,0.934,0.962
8,y2,-0.534,-0.185,-0.253,-0.048,-0.276,-0.017,-0.212,-0.2,-0.239,-0.629,0.073,0.015,0.136,0.934,1.0,0.917
8,y3,-0.701,0.107,-0.098,0.233,-0.407,-0.028,-0.381,0.123,0.09,-0.324,-0.078,-0.111,-0.114,0.962,0.917,1.0
9,.,1.0,0.068,0.05,-0.023,-0.159,-0.186,-0.167,-0.119,-0.16,-0.172,-0.207,-0.221,-0.199,-0.703,-0.701,-0.771
9,A1_1,0.068,1.0,0.371,0.632,-0.232,-0.186,-0.249,0.361,0.482,0.559,-0.186,-0.391,-0.366,-0.275,-0.211,-0.202
9,A1_2,0.05,0.371,1.0,0.435,0.176,-0.232,-0.178,0.441,0.785,0.663,-0.546,-0.458,-0.127,-0.346,-0.244,-0.23
9,A1_3,-0.023,0.632,0.435,1.0,-0.525,-0.569,-0.495,0.457,0.424,0.426,-0.592,-0.579,-0.434,-0.012,0.195,0.103
9,B1_1,-0.159,-0.232,0.176,-0.525,1.0,0.508,0.826,-0.591,-0.239,-0.326,0.612,0.26,0.626,-0.061,-0.17,-0.142
9,B1_2,-0.186,-0.186,-0.232,-0.569,0.508,1.0,0.55,-0.27,-0.246,-0.17,0.637,0.39,0.124,-0.107,-0.226,-0.062
9,B1_3,-0.167,-0.249,-0.178,-0.495,0.826,0.55,1.0,-0.55,-0.526,-0.499,0.744,0.48,0.714,-0.138,-0.221,-0.227
9,A2_1,-0.119,0.361,0.441,0.457,-0.591,-0.27,-0.55,1.0,0.806,0.866,-0.691,-0.143,-0.399,-0.245,-0.131,-0.063
9,A2_2,-0.16,0.482,0.785,0.424,-0.239,-0.246,-0.526,0.806,1.0,0.961,-0.659,-0.366,-0.388,-0.158,-0.084,0.006
9,A2_3,-0.172,0.559,0.663,0.426,-0.326,-0.17,-0.499,0.866,0.961,1.0,-0.645,-0.384,-0.497,-0.175,-0.106,0.0
9,B2_1,-0.207,-0.186,-0.546,-0.592,0.612,0.637,0.744,-0.691,-0.659,-0.645,1.0,0.678,0.635,0.091,-0.057,-0.026
9,B2_2,-0.221,-0.391,-0.458,-0.579,0.26,0.39,0.48,-0.143,-0.366,-0.384,0.678,1.0,0.762,-0.09,-0.187,-0.151
9,B2_3,-0.199,-0.366,-0.127,-0.434,0.626,0.124,0.714,-0.399,-0.388,-0.497,0.635,0.762,1.0,-0.067,-0.128,-0.189
9,y1,-0.703,-0.275,-0.346,-0.012,-0.061,-0.107,-0.138,-0.245,-0.158,-0.175,0.091,-0.09,-0.067,1.0,0.972,0.971
9,y2,-0.701,-0.211,-0.244,0.195,-0.17,-0.226,-0.221,-0.131,-0.084,-0.106,-0.057,-0.187,-0.128,0.972,1.0,0.973
9,y3,-0.771,-0.202,-0.23,0.103,-0.142,-0.062,-0.227,-0.063,0.006,0.0,-0.026,-0.151,-0.189,0.971,0.973,1.0
10,.,1.0,0.067,-0.21,-0.32,-0.178,-0.148,-0.056,-0.11,-0.159,-0.052,-0.145,-0.116,-0.155,-0.832,-0.606,-0.734
10,A1_1,0.067,1.0,0.202,0.334,-0.223,-0.115,-0.164,0.303,0.401,0.525,-0.237,-0.571,-0.54,-0.03,-0.06,0.034
10,A1_2,-0.21,0.202,1.0,0.772,0.134,-0.328,-0.223,0.348,0.762,0.472,-0.559,-0.531,-0.271,0.005,-0.128,-0.057
10,A1_3,-0.32,0.334,0.772,1.0,-0.216,-0.374,-0.508,0.462,0.722,0.475,-0.425,-0.373,-0.223,0.179,0.074,0.162
10,B1_1,-0.178,-0.223,0.134,-0.216,1.0,0.478,0.847,-0.584,-0.232,-0.438,0.592,0.376,0.597,-0.125,-0.282,-0.251
10,B1_2,-0.148,-0.115,-0.328,-0.374,0.478,1.0,0.542,-0.275,-0.285,-0.221,0.667,0.476,0.178,-0.137,-0.268,-0.168
10,B1_3,-0.056,-0.164,-0.223,-0.508,0.847,0.542,1.0,-0.539,-0.457,-0.413,0.624,0.517,0.626,-0.219,-0.276,-0.304
10,A2_1,-0.11,0.303,0.348,0.462,-0.584,-0.275,-0.539,1.0,0.823,0.944,-0.746,-0.223,-0.413,-0.05,-0.178,-0.068
10,A2_2,-0.159,0.401,0.762,0.722,-0.232,-0.285,-0.457,0.823,1.0,0.884,-0.704,-0.415,-0.405,-0.077,-0.29,-0.135
10,A2_3,-0.052,0.525,0.472,0.475,-0.438,-0.221,-0.413,0.944,0.884,1.0,-0.751,-0.389,-0.518,-0.139,-0.282,-0.155
10,B2_1,-0.145,-0.237,-0.559,-0.425,0.592,0.667,0.624,-0.746,-0.704,-0.751,1.0,0.658,0.618,0.07,0.034,0.042
10,B2_2,-0.116,-0.571,-0.531,-0.373,0.376,0.476,0.517,-0.223,-0.415,-0.389,0.658,1.0,0.857,-0.144,-0.228,-0.233
10,B2_3,-0.155,-0.54,-0.271,-0.223,0.597,0.178,0.626,-0.413,-0.405,-0.518,0.618,0.857,1.0,-0.074,-0.144,-0.191
10,y1,-0.832,-0.03,0.005,0.179,-0.125,-0.137,-0.219,-0.05,-0.077,-0.139,0.07,-0.144,-0.074,1.0,0.924,0.981
10,y2,-0.606,-0.06,-0.128,0.074,-0.282,-0.268,-0.276,-0.178,-0.29,-0.282,0.034,-0.228,-0.144,0.924,1.0,0.966
10,y3,-0.734,0.034,-0.057,0.162,-0.251,-0.168,-0.304,-0.068,-0.135,-0.155,0.042,-0.233,-0.191,0.981,0.966,1.0
11,.,1.0,-0.042,-0.045,0.098,-0.386,-0.272,-0.362,0.125,-0.042,-0.01,-0.338,-0.315,-0.369,-0.707,-0.563,-0.671
11,A1_1,-0.042,1.0,0.25,0.391,-0.236,-0.028,-0.219,0.363,0.496,0.647,-0.289,-0.483,-0.476,0.029,-0.101,-0.074
11,A1_2,-0.045,0.25,1.0,0.759,-0.027,-0.338,-0.222,0.386,0.74,0.471,-0.54,-0.463,-0.188,-0.0,0.002,-0.137
11,A1_3,0.098,0.391,0.759,1.0,-0.43,-0.564,-0.538,0.339,0.586,0.388,-0.543,-0.49,-0.315,0.083,0.161,0.04
11,B1_1,-0.386,-0.236,-0.027,-0.43,1.0,0.564,0.815,-0.587,-0.324,-0.44,0.727,0.41,0.696,-0.131,-0.305,-0.18
11,B1_2,-0.272,-0.028,-0.338,-0.564,0.564,1.0,0.592,-0.166,-0.185,-0.081,0.705,0.445,0.208,-0.232,-0.293,-0.188
11,B1_3,-0.362,-0.219,-0.222,-0.538,0.815,0.592,1.0,-0.327,-0.396,-0.204,0.686,0.576,0.631,-0.252,-0.35,-0.227
11,A2_1,0.125,0.363,0.386,0.339,-0.587,-0.166,-0.327,1.0,0.808,0.92,-0.629,-0.11,-0.431,-0.182,-0.121,-0.226
11,A2_2,-0.042,0.496,0.74,0.586,-0.324,-0.185,-0.396,0.808,1.0,0.827,-0.58,-0.271,-0.311,-0.05,-0.093,-0.188
11,A2_3,-0.01,0.647,0.471,0.388,-0.44,-0.081,-0.204,0.92,0.827,1.0,-0.59,-0.27,-0.492,-0.116,-0.124,-0.2
11,B2_1,-0.338,-0.289,-0.54,-0.543,0.727,0.705,0.686,-0.629,-0.58,-0.59,1.0,0.724,0.718,-0.12,-0.22,-0.035
11,B2_2,-0.315,-0.483,-0.463,-0.49,0.41,0.445,0.576,-0.11,-0.271,-0.27,0.724,1.0,0.811,-0.182,-0.227,-0.087
11,B2_3,-0.369,-0.476,-0.188,-0.315,0.696,0.208,0.631,-0.431,-0.311,-0.492,0.718,0.811,1.0,-0.093,-0.224,-0.078
11,y1,-0.707,0.029,-0.0,0.083,-0.131,-0.232,-0.252,-0.182,-0.05,-0.116,-0.12,-0.182,-0.093,1.0,0.947,0.972
11,y2,-0.563,-0.101,0.002,0.161,-0.305,-0.293,-0.35,-0.121,-0.093,-0.124,-0.22,-0.227,-0.224,0.947,1.0,0.972
11,y3,-0.671,-0.074,-0.137,0.04,-0.18,-0.188,-0.227,-0.226,-0.188,-0.2,-0.035,-0.087,-0.078,0.972,0.972,1.0
12,.,1.0,-0.057,-0.257,-0.055,-0.417,-0.253,-0.4,-0.1,-0.198,-0.154,-0.303,-0.305,-0.39,-0.488,-0.576,-0.489
12,A1_1,-0.057,1.0,0.282,0.498,-0.178,-0.023,-0.312,0.407,0.45,0.559,-0.289,-0.466,-0.393,-0.071,-0.183,-0.067
12,A1_2,-0.257,0.282,1.0,0.689,0.128,-0.256,-0.239,0.415,0.807,0.532,-0.373,-0.427,0.05,-0.151,-0.054,-0.172
12,A1_3,-0.055,0.498,0.689,1.0,-0.366,-0.531,-0.48,0.407,0.653,0.501,-0.447,-0.461,-0.165,-0.073,-0.069,-0.03
12,B1_1,-0.417,-0.178,0.128,-0.366,1.0,0.49,0.76,-0.475,-0.261,-0.424,0.667,0.375,0.697,-0.111,-0.069,-0.205
12,B1_2,-0.253,-0.023,-0.256,-0.531,0.49,1.0,0.563,-0.07,-0.229,-0.099,0.668,0.487,0.221,-0.208,-0.12,-0.188
12,B1_3,-0.4,-0.312,-0.239,-0.48,0.76,0.563,1.0,-0.395,-0.517,-0.372,0.666,0.591,0.603,-0.134,-0.127,-0.158
12,A2_1,-0.1,0.407,0.415,0.407,-0.475,-0.07,-0.395,1.0,0.833,0.955,-0.469,-0.082,-0.228,-0.3,-0.225,-0.228
12,A2_2,-0.198,0.45,0.807,0.653,-0.261,-0.229,-0.517,0.833,1.0,0.853,-0.488,-0.312,-0.126,-0.193,-0.089,-0.168
12,A2_3,-0.154,0.559,0.532,0.501,-0.424,-0.099,-0.372,0.955,0.853,1.0,-0.58,-0.295,-0.355,-0.216,-0.177,-0.155
12,B2_1,-0.303,-0.289,-0.373,-0.447,0.667,0.668,0.666,-0.469,-0.488,-0.58,1.0,0.805,0.746,-0.132,-0.06,-0.148
12,B2_2,-0.305,-0.466,-0.427,-0.461,0.375,0.487,0.591,-0.082,-0.312,-0.295,0.805,1.0,0.777,-0.223,-0.118,-0.199
12,B2_3,-0.39,-0.393,0.05,-0.165,0.697,0.221,0.603,-0.228,-0.126,-0.355,0.746,0.777,1.0,-0.266,-0.164,-0.31
12,y1,-0.488,-0.071,-0.151,-0.073,-0.111,-0.208,-0.134,-0.3,-0.193,-0.216,-0.132,-0.223,-0.266,1.0,0.967,0.989
12,y2,-0.576,-0.183,-0.054,-0.069,-0.069,-0.12,-0.127,-0.225,-0.089,-0.177,-0.06,-0.118,-0.164,0.967,1.0,0.966
12,y3,-0.489,-0.067,-0.172,-0.03,-0.205,-0.188,-0.158,-0.228,-0.168,-0.155,-0.148,-0.199,-0.31,0.989,0.966,1.0
13,.,1.0,-0.137,-0.18,-0.053,-0.247,-0.245,-0.355,-0.026,-0.108,-0.232,-0.09,-0.155,-0.182,-0.668,-0.613,-0.56
13,A1_1,-0.137,1.0,0.295,0.528,-0.18,0.018,-0.259,0.345,0.494,0.553,-0.267,-0.541,-0.579,-0.128,-0.111,-0.012
13,A1_2,-0.18,0.295,1.0,0.686,-0.027,-0.254,-0.248,0.352,0.759,0.512,-0.513,-0.495,-0.023,-0.076,-0.149,-0.184
13,A1_3,-0.053,0.528,0.686,1.0,-0.443,-0.524,-0.477,0.325,0.652,0.491,-0.496,-0.509,-0.197,-0.027,-0.103,-0.036
13,B1_1,-0.247,-0.18,-0.027,-0.443,1.0,0.481,0.76,-0.617,-0.418,-0.544,0.64,0.314,0.644,-0.065,-0.101,-0.201
13,B1_2,-0.245,0.018,-0.254,-0.524,0.481,1.0,0.55,-0.134,-0.192,-0.086,0.634,0.462,0.2,-0.21,-0.177,-0.238
13,B1_3,-0.355,-0.259,-0.248,-0.477,0.76,0.55,1.0,-0.403,-0.457,-0.317,0.607,0.538,0.589,-0.043,-0.113,-0.235
13,A2_1,-0.026,0.345,0.352,0.325,-0.617,-0.134,-0.403,1.0,0.839,0.923,-0.518,-0.107,-0.453,-0.25,-0.229,-0.174
13,A2_2,-0.108,0.494,0.759,0.652,-0.418,-0.192,-0.457,0.839,1.0,0.87,-0.518,-0.304,-0.287,-0.264,-0.282,-0.234
13,A2_3,-0.232,0.553,0.512,0.491,-0.544,-0.086,-0.317,0.923,0.87,1.0,-0.602,-0.308,-0.531,-0.105,-0.113,-0.077
13,B2_1,-0.09,-0.267,-0.513,-0.496,0.64,0.634,0.607,-0.518,-0.518,-0.602,1.0,0.792,0.705,-0.219,-0.217,-0.231
13,B2_2,-0.155,-0.541,-0.495,-0.509,0.314,0.462,0.538,-0.107,-0.304,-0.308,0.792,1.0,0.716,-0.163,-0.174,-0.202
13,B2_3,-0.182,-0.579,-0.023,-0.197,0.644,0.2,0.589,-0.453,-0.287,-0.531,0.705,0.716,1.0,-0.1,-0.182,-0.258
13,y1,-0.668,-0.128,-0.076,-0.027,-0.065,-0.21,-0.043,-0.25,-0.264,-0.105,-0.219,-0.163,-0.1,1.0,0.987,0.956
13,y2,-0.613,-0.111,-0.149,-0.103,-0.101,-0.177,-0.113,-0.229,-0.282,-0.113,-0.217,-0.174,-0.182,0.987,1.0,0.983
13,y3,-0.56,-0.012,-0.184,-0.036,-0.201,-0.238,-0.235,-0.174,-0.234,-0.077,-0.231,-0.202,-0.258,0.956,0.983,1.0
14,.,1.0,-0.084,-0.159,-0.133,-0.222,-0.239,-0.326,-0.099,-0.151,-0.282,-0.25,-0.257,-0.214,-0.548,-0.457,-0.539
14,A1_1,-0.084,1.0,0.29,0.479,-0.119,-0.037,-0.228,0.352,0.389,0.516,-0.233,-0.5,-0.581,-0.173,-0.287,-0.127
14,A1_2,-0.159,0.29,1.0,0.665,0.027,-0.275,-0.177,0.403,0.822,0.557,-0.433,-0.486,-0.082,-0.18,-0.268,-0.152
14,A1_3,-0.133,0.479,0.665,1.0,-0.303,-0.487,-0.273,0.291,0.637,0.453,-0.295,-0.373,-0.109,-0.138,-0.228,-0.109
14,B1_1,-0.222,-0.119,0.027,-0.303,1.0,0.46,0.771,-0.507,-0.423,-0.469,0.634,0.307,0.63,-0.198,-0.206,-0.243
14,B1_2,-0.239,-0.037,-0.275,-0.487,0.46,1.0,0.498,-0.164,-0.323,-0.108,0.665,0.443,0.214,-0.182,-0.17,-0.191
14,B1_3,-0.326,-0.228,-0.177,-0.273,0.771,0.498,1.0,-0.329,-0.504,-0.282,0.622,0.533,0.61,-0.189,-0.183,-0.285
14,A2_1,-0.099,0.352,0.403,0.291,-0.507,-0.164,-0.329,1.0,0.791,0.914,-0.515,-0.078,-0.408,-0.229,-0.298,-0.186
14,A2_2,-0.151,0.389,0.822,0.637,-0.423,-0.323,-0.504,0.791,1.0,0.839,-0.583,-0.39,-0.341,-0.13,-0.222,-0.064
14,A2_3,-0.282,0.516,0.557,0.453,-0.469,-0.108,-0.282,0.914,0.839,1.0,-0.567,-0.3,-0.534,-0.072,-0.169,-0.041
14,B2_1,-0.25,-0.233,-0.433,-0.295,0.634,0.665,0.622,-0.515,-0.583,-0.567,1.0,0.765,0.746,-0.186,-0.162,-0.199
14,B2_2,-0.257,-0.5,-0.486,-0.373,0.307,0.443,0.533,-0.078,-0.39,-0.3,0.765,1.0,0.752,-0.168,-0.126,-0.187
14,B2_3,-0.214,-0.581,-0.082,-0.109,0.63,0.214,0.61,-0.408,-0.341,-0.534,0.746,0.752,1.0,-0.194,-0.161,-0.224
14,y1,-0.548,-0.173,-0.18,-0.138,-0.198,-0.182,-0.189,-0.229,-0.13,-0.072,-0.186,-0.168,-0.194,1.0,0.989,0.992
14,y2,-0.457,-0.287,-0.268,-0.228,-0.206,-0.17,-0.183,-0.298,-0.222,-0.169,-0.162,-0.126,-0.161,0.989,1.0,0.975
14,y3,-0.539,-0.127,-0.152,-0.109,-0.243,-0.191,-0.285,-0.186,-0.064,-0.041,-0.199,-0.187,-0.224,0.992,0.975,1.0
15,.,1.0,-0.053,-0.222,-0.132,-0.185,-0.186,-0.234,-0.132,-0.266,-0.233,-0.201,-0.188,-0.242,-0.562,-0.645,-0.586
15,A1_1,-0.053,1.0,0.218,0.525,-0.041,-0.01,-0.201,0.365,0.417,0.53,-0.111,-0.426,-0.474,-0.262,-0.261,-0.258
15,A1_2,-0.222,0.218,1.0,0.543,0.082,-0.27,-0.183,0.368,0.817,0.531,-0.435,-0.44,0.002,-0.165,-0.158,-0.135
15,A1_3,-0.132,0.525,0.543,1.0,-0.258,-0.477,-0.241,0.281,0.612,0.457,-0.211,-0.276,-0.026,-0.186,-0.187,-0.169
15,B1_1,-0.185,-0.041,0.082,-0.258,1.0,0.445,0.756,-0.448,-0.309,-0.368,0.595,0.286,0.63,-0.2,-0.197,-0.262
15,B1_2,-0.186,-0.01,-0.27,-0.477,0.445,1.0,0.509,-0.156,-0.249,-0.096,0.652,0.43,0.205,-0.214,-0.175,-0.205
15,B1_3,-0.234,-0.201,-0.183,-0.241,0.756,0.509,1.0,-0.322,-0.406,-0.212,0.593,0.547,0.629,-0.142,-0.116,-0.206
15,A2_1,-0.132,0.365,0.368,0.281,-0.448,-0.156,-0.322,1.0,0.791,0.909,-0.465,-0.036,-0.373,-0.254,-0.166,-0.186
15,A2_2,-0.266,0.417,0.817,0.612,-0.309,-0.249,-0.406,0.791,1.0,0.854,-0.489,-0.304,-0.241,-0.214,-0.158,-0.144
15,A2_3,-0.233,0.53,0.531,0.457,-0.368,-0.096,-0.212,0.909,0.854,1.0,-0.512,-0.247,-0.447,-0.206,-0.142,-0.153
15,B2_1,-0.201,-0.111,-0.435,-0.211,0.595,0.652,0.593,-0.465,-0.489,-0.512,1.0,0.746,0.709,-0.204,-0.165,-0.223
15,B2_2,-0.188,-0.426,-0.44,-0.276,0.286,0.43,0.547,-0.036,-0.304,-0.247,0.746,1.0,0.738,-0.217,-0.127,-0.21
15,B2_3,-0.242,-0.474,0.002,-0.026,0.63,0.205,0.629,-0.373,-0.241,-0.447,0.709,0.738,1.0,-0.177,-0.133,-0.2
15,y1,-0.562,-0.262,-0.165,-0.186,-0.2,-0.214,-0.142,-0.254,-0.214,-0.206,-0.204,-0.217,-0.177,1.0,0.99,0.994
15,y2,-0.645,-0.261,-0.158,-0.187,-0.197,-0.175,-0.116,-0.166,-0.158,-0.142,-0.165,-0.127,-0.133,0.99,1.0,0.992
15,y3,-0.586,-0.258,-0.135,-0.169,-0.262,-0.205,-0.206,-0.186,-0.144,-0.153,-0.223,-0.21,-0.2,0.994,0.992,1.0
16,.,1.0,-0.173,-0.284,-0.212,-0.232,-0.209,-0.25,-0.194,-0.297,-0.285,-0.219,-0.201,-0.262,-0.47,-0.516,-0.464
16,A1_1,-0.173,1.0,0.243,0.414,-0.083,-0.035,-0.247,0.335,0.444,0.542,-0.085,-0.424,-0.459,-0.188,-0.185,-0.226
16,A1_2,-0.284,0.243,1.0,0.656,0.074,-0.237,-0.235,0.385,0.821,0.561,-0.419,-0.433,-0.021,-0.163,-0.135,-0.155
16,A1_3,-0.212,0.414,0.656,1.0,-0.22,-0.418,-0.256,0.26,0.692,0.453,-0.171,-0.218,0.088,-0.207,-0.179,-0.202
16,B1_1,-0.232,-0.083,0.074,-0.22,1.0,0.454,0.724,-0.494,-0.366,-0.36,0.591,0.296,0.639,-0.201,-0.217,-0.228
16,B1_2,-0.209,-0.035,-0.237,-0.418,0.454,1.0,0.54,-0.157,-0.242,-0.084,0.67,0.427,0.214,-0.258,-0.253,-0.232
16,B1_3,-0.25,-0.247,-0.235,-0.256,0.724,0.54,1.0,-0.363,-0.478,-0.21,0.595,0.552,0.599,-0.144,-0.16,-0.167
16,A2_1,-0.194,0.335,0.385,0.26,-0.494,-0.157,-0.363,1.0,0.776,0.895,-0.503,-0.059,-0.423,-0.177,-0.124,-0.179
16,A2_2,-0.297,0.444,0.821,0.692,-0.366,-0.242,-0.478,0.776,1.0,0.847,-0.494,-0.341,-0.297,-0.185,-0.134,-0.171
16,A2_3,-0.285,0.542,0.561,0.453,-0.36,-0.084,-0.21,0.895,0.847,1.0,-0.495,-0.263,-0.463,-0.205,-0.167,-0.215
16,B2_1,-0.219,-0.085,-0.419,-0.171,0.591,0.67,0.595,-0.503,-0.494,-0.495,1.0,0.723,0.702,-0.234,-0.229,-0.226
16,B2_2,-0.201,-0.424,-0.433,-0.218,0.296,0.427,0.552,-0.059,-0.341,-0.263,0.723,1.0,0.737,-0.226,-0.194,-0.216
16,B2_3,-0.262,-0.459,-0.021,0.088,0.639,0.214,0.599,-0.423,-0.297,-0.463,0.702,0.737,1.0,-0.178,-0.161,-0.171
16,y1,-0.47,-0.188,-0.163,-0.207,-0.201,-0.258,-0.144,-0.177,-0.185,-0.205,-0.234,-0.226,-0.178,1.0,0.997,0.996
16,y2,-0.516,-0.185,-0.135,-0.179,-0.217,-0.253,-0.16,-0.124,-0.134,-0.167,-0.229,-0.194,-0.161,0.997,1.0,0.995
16,y3,-0.464,-0.226,-0.155,-0.202,-0.228,-0.232,-0.167,-0.179,-0.171,-0.215,-0.226,-0.216,-0.171,0.996,0.995,1.0
17,.,1.0,-0.17,-0.234,-0.169,-0.263,-0.246,-0.335,-0.139,-0.226,-0.26,-0.251,-0.235,-0.304,-0.498,-0.494,-0.469
17,A1_1,-0.17,1.0,0.279,0.429,-0.054,-0.027,-0.188,0.333,0.446,0.546,-0.087,-0.396,-0.423,-0.193,-0.216,-0.245
17,A1_2,-0.234,0.279,1.0,0.612,0.071,-0.241,-0.208,0.375,0.82,0.569,-0.439,-0.417,-0.013,-0.198,-0.193,-0.201
17,A1_3,-0.169,0.429,0.612,1.0,-0.227,-0.409,-0.18,0.253,0.671,0.466,-0.154,-0.153,0.118,-0.275,-0.272,-0.283
17,B1_1,-0.263,-0.054,0.071,-0.227,1.0,0.463,0.726,-0.487,-0.371,-0.361,0.586,0.299,0.626,-0.159,-0.201,-0.2
17,B1_2,-0.246,-0.027,-0.241,-0.409,0.463,1.0,0.492,-0.168,-0.247,-0.09,0.663,0.419,0.21,-0.207,-0.212,-0.197
17,B1_3,-0.335,-0.188,-0.208,-0.18,0.726,0.492,1.0,-0.346,-0.463,-0.183,0.55,0.554,0.569,-0.105,-0.126,-0.135
17,A2_1,-0.139,0.333,0.375,0.253,-0.487,-0.168,-0.346,1.0,0.761,0.887,-0.531,-0.005,-0.39,-0.202,-0.162,-0.203
17,A2_2,-0.226,0.446,0.82,0.671,-0.371,-0.247,-0.463,0.761,1.0,0.844,-0.51,-0.304,-0.258,-0.229,-0.203,-0.224
17,A2_3,-0.26,0.546,0.569,0.466,-0.361,-0.09,-0.183,0.887,0.844,1.0,-0.522,-0.199,-0.433,-0.234,-0.207,-0.245
17,B2_1,-0.251,-0.087,-0.439,-0.154,0.586,0.663,0.55,-0.531,-0.51,-0.522,1.0,0.675,0.69,-0.142,-0.168,-0.154
17,B2_2,-0.235,-0.396,-0.417,-0.153,0.299,0.419,0.554,-0.005,-0.304,-0.199,0.675,1.0,0.73,-0.214,-0.202,-0.212
17,B2_3,-0.304,-0.423,-0.013,0.118,0.626,0.21,0.569,-0.39,-0.258,-0.433,0.69,0.73,1.0,-0.145,-0.158,-0.152
17,y1,-0.498,-0.193,-0.198,-0.275,-0.159,-0.207,-0.105,-0.202,-0.229,-0.234,-0.142,-0.214,-0.145,1.0,0.998,0.996
17,y2,-0.494,-0.216,-0.193,-0.272,-0.201,-0.212,-0.126,-0.162,-0.203,-0.207,-0.168,-0.202,-0.158,0.998,1.0,0.998
17,y3,-0.469,-0.245,-0.201,-0.283,-0.2,-0.197,-0.135,-0.203,-0.224,-0.245,-0.154,-0.212,-0.152,0.996,0.998,1.0
18,.,1.0,-0.132,-0.205,-0.125,-0.274,-0.228,-0.309,-0.116,-0.222,-0.234,-0.252,-0.248,-0.28,-0.554,-0.548,-0.552
18,A1_1,-0.132,1.0,0.255,0.444,-0.05,-0.037,-0.164,0.308,0.447,0.55,-0.056,-0.402,-0.435,-0.195,-0.217,-0.241
18,A1_2,-0.205,0.255,1.0,0.598,0.062,-0.251,-0.217,0.368,0.816,0.564,-0.429,-0.428,-0.002,-0.162,-0.178,-0.158
18,A1_3,-0.125,0.444,0.598,1.0,-0.248,-0.422,-0.185,0.212,0.678,0.47,-0.145,-0.208,0.1,-0.248,-0.253,-0.248
18,B1_1,-0.274,-0.05,0.062,-0.248,1.0,0.449,0.709,-0.479,-0.353,-0.378,0.592,0.3,0.612,-0.135,-0.16,-0.163
18,B1_2,-0.228,-0.037,-0.251,-0.422,0.449,1.0,0.482,-0.174,-0.237,-0.109,0.651,0.425,0.211,-0.207,-0.207,-0.197
18,B1_3,-0.309,-0.164,-0.217,-0.185,0.709,0.482,1.0,-0.336,-0.434,-0.179,0.534,0.546,0.547,-0.116,-0.118,-0.117
18,A2_1,-0.116,0.308,0.368,0.212,-0.479,-0.174,-0.336,1.0,0.745,0.867,-0.533,-0.007,-0.387,-0.17,-0.154,-0.153
18,A2_2,-0.222,0.447,0.816,0.678,-0.353,-0.237,-0.434,0.745,1.0,0.845,-0.463,-0.289,-0.219,-0.208,-0.209,-0.196
18,A2_3,-0.234,0.55,0.564,0.47,-0.378,-0.109,-0.179,0.867,0.845,1.0,-0.523,-0.232,-0.446,-0.182,-0.176,-0.172
18,B2_1,-0.252,-0.056,-0.429,-0.145,0.592,0.651,0.534,-0.533,-0.463,-0.523,1.0,0.666,0.683,-0.171,-0.177,-0.183
18,B2_2,-0.248,-0.402,-0.428,-0.208,0.3,0.425,0.546,-0.007,-0.289,-0.232,0.666,1.0,0.723,-0.193,-0.173,-0.172
18,B2_3,-0.28,-0.435,-0.002,0.1,0.612,0.211,0.547,-0.387,-0.219,-0.446,0.683,0.723,1.0,-0.171,-0.172,-0.162
18,y1,-0.554,-0.195,-0.162,-0.248,-0.135,-0.207,-0.116,-0.17,-0.208,-0.182,-0.171,-0.193,-0.171,1.0,0.999,0.998
18,y2,-0.548,-0.217,-0.178,-0.253,-0.16,-0.207,-0.118,-0.154,-0.209,-0.176,-0.177,-0.173,-0.172,0.999,1.0,0.999
18,y3,-0.552,-0.241,-0.158,-0.248,-0.163,-0.197,-0.117,-0.153,-0.196,-0.172,-0.183,-0.172,-0.162,0.998,0.999,1.0
19,.,1.0,-0.109,-0.201,-0.108,-0.247,-0.209,-0.284,-0.111,-0.211,-0.213,-0.243,-0.239,-0.265,-0.583,-0.601,-0.574
19,A1_1,-0.109,1.0,0.253,0.432,-0.045,-0.036,-0.15,0.302,0.436,0.541,-0.025,-0.384,-0.425,-0.203,-0.212,-0.238
19,A1_2,-0.201,0.253,1.0,0.591,0.071,-0.251,-0.214,0.373,0.818,0.567,-0.422,-0.426,0.001,-0.157,-0.156,-0.152
19,A1_3,-0.108,0.432,0.591,1.0,-0.244,-0.42,-0.171,0.198,0.673,0.465,-0.121,-0.202,0.116,-0.249,-0.244,-0.25
19,B1_1,-0.247,-0.045,0.071,-0.244,1.0,0.442,0.689,-0.44,-0.343,-0.387,0.592,0.309,0.613,-0.148,-0.166,-0.178
19,B1_2,-0.209,-0.036,-0.251,-0.42,0.442,1.0,0.471,-0.158,-0.237,-0.116,0.641,0.423,0.205,-0.212,-0.202,-0.204
19,B1_3,-0.284,-0.15,-0.214,-0.171,0.689,0.471,1.0,-0.302,-0.43,-0.172,0.527,0.544,0.528,-0.128,-0.127,-0.145
19,A2_1,-0.111,0.302,0.373,0.198,-0.44,-0.158,-0.302,1.0,0.737,0.861,-0.503,0.027,-0.353,-0.194,-0.161,-0.181
19,A2_2,-0.211,0.436,0.818,0.673,-0.343,-0.237,-0.43,0.737,1.0,0.84,-0.445,-0.28,-0.201,-0.21,-0.19,-0.197
19,A2_3,-0.213,0.541,0.567,0.465,-0.387,-0.116,-0.172,0.861,0.84,1.0,-0.515,-0.23,-0.445,-0.186,-0.161,-0.179
19,B2_1,-0.243,-0.025,-0.422,-0.121,0.592,0.641,0.527,-0.503,-0.445,-0.515,1.0,0.662,0.679,-0.176,-0.177,-0.191
19,B2_2,-0.239,-0.384,-0.426,-0.202,0.309,0.423,0.544,0.027,-0.28,-0.23,0.662,1.0,0.72,-0.197,-0.169,-0.191
19,B2_3,-0.265,-0.425,0.001,0.116,0.613,0.205,0.528,-0.353,-0.201,-0.445,0.679,0.72,1.0,-0.174,-0.168,-0.176
19,y1,-0.583,-0.203,-0.157,-0.249,-0.148,-0.212,-0.128,-0.194,-0.21,-0.186,-0.176,-0.197,-0.174,1.0,0.999,0.998
19,y2,-0.601,-0.212,-0.156,-0.244,-0.166,-0.202,-0.127,-0.161,-0.19,-0.161,-0.177,-0.169,-0.168,0.999,1.0,0.999
19,y3,-0.574,-0.238,-0.152,-0.25,-0.178,-0.204,-0.145,-0.181,-0.197,-0.179,-0.191,-0.191,-0.176,0.998,0.999,1.0
20,.,1.0,-0.117,-0.207,-0.117,-0.257,-0.222,-0.296,-0.123,-0.223,-0.229,-0.252,-0.252,-0.276,-0.552,-0.57,-0.549
20,A1_1,-0.117,1.0,0.252,0.431,-0.032,-0.026,-0.138,0.295,0.433,0.538,-0.012,-0.379,-0.413,-0.211,-0.221,-0.243
20,A1_2,-0.207,0.252,1.0,0.586,0.077,-0.24,-0.207,0.376,0.818,0.572,-0.419,-0.423,0.009,-0.165,-0.166,-0.16
20,A1_3,-0.117,0.431,0.586,1.0,-0.236,-0.408,-0.153,0.193,0.672,0.469,-0.108,-0.196,0.132,-0.259,-0.256,-0.262
20,B1_1,-0.257,-0.032,0.077,-0.236,1.0,0.44,0.679,-0.42,-0.335,-0.375,0.591,0.308,0.607,-0.159,-0.174,-0.181
20,B1_2,-0.222,-0.026,-0.24,-0.408,0.44,1.0,0.466,-0.149,-0.227,-0.106,0.638,0.426,0.205,-0.218,-0.208,-0.207
20,B1_3,-0.296,-0.138,-0.207,-0.153,0.679,0.466,1.0,-0.286,-0.422,-0.153,0.522,0.544,0.52,-0.142,-0.139,-0.153
20,A2_1,-0.123,0.295,0.376,0.193,-0.42,-0.149,-0.286,1.0,0.731,0.855,-0.498,0.042,-0.335,-0.202,-0.172,-0.19
20,A2_2,-0.223,0.433,0.818,0.672,-0.335,-0.227,-0.422,0.731,1.0,0.838,-0.44,-0.277,-0.187,-0.212,-0.196,-0.2
20,A2_3,-0.229,0.538,0.572,0.469,-0.375,-0.106,-0.153,0.855,0.838,1.0,-0.509,-0.222,-0.43,-0.192,-0.171,-0.186
20,B2_1,-0.252,-0.012,-0.419,-0.108,0.591,0.638,0.522,-0.498,-0.44,-0.509,1.0,0.655,0.677,-0.18,-0.18,-0.19
20,B2_2,-0.252,-0.379,-0.423,-0.196,0.308,0.426,0.544,0.042,-0.277,-0.222,0.655,1.0,0.715,-0.203,-0.175,-0.193
20,B2_3,-0.276,-0.413,0.009,0.132,0.607,0.205,0.52,-0.335,-0.187,-0.43,0.677,0.715,1.0,-0.187,-0.179,-0.185
20,y1,-0.552,-0.211,-0.165,-0.259,-0.159,-0.218,-0.142,-0.202,-0.212,-0.192,-0.18,-0.203,-0.187,1.0,0.999,0.999
20,y2,-0.57,-0.221,-0.166,-0.256,-0.174,-0.208,-0.139,-0.172,-0.196,-0.171,-0.18,-0.175,-0.179,0.999,1.0,0.999
20,y3,-0.549,-0.243,-0.16,-0.262,-0.181,-0.207,-0.153,-0.19,-0.2,-0.186,-0.19,-0.193,-0.185,0.999,0.999,1.0
