,,.,A1_1,A1_2,A1_3,B1_1,B1_2,B1_3,A2_1,A2_2,A2_3,B2_1,B2_2,B2_3,y1,y2,y3
1,.,1.0,0.932,0.844,0.864,0.922,0.899,0.852,0.929,0.944,0.939,0.909,0.84,0.941,0.915,0.895,0.781
1,A1_1,0.932,1.0,0.904,0.941,0.96,0.932,0.884,0.866,0.876,0.899,0.781,0.895,0.89,0.939,0.92,0.742
1,A1_2,0.844,0.904,1.0,0.836,0.875,0.866,0.905,0.781,0.748,0.878,0.809,0.889,0.783,0.944,0.933,0.814
1,A1_3,0.864,0.941,0.836,1.0,0.918,0.927,0.805,0.84,0.758,0.912,0.751,0.831,0.838,0.877,0.823,0.758
1,B1_1,0.922,0.96,0.875,0.918,1.0,0.93,0.938,0.879,0.877,0.867,0.845,0.834,0.873,0.923,0.855,0.829
1,B1_2,0.899,0.932,0.866,0.927,0.93,1.0,0.895,0.859,0.827,0.881,0.84,0.781,0.866,0.879,0.839,0.8
1,B1_3,0.852,0.884,0.905,0.805,0.938,0.895,1.0,0.796,0.806,0.783,0.864,0.75,0.786,0.87,0.795,0.888
1,A2_1,0.929,0.866,0.781,0.84,0.879,0.859,0.796,1.0,0.944,0.913,0.872,0.879,0.982,0.909,0.856,0.845
1,A2_2,0.944,0.876,0.748,0.758,0.877,0.827,0.806,0.944,1.0,0.834,0.841,0.828,0.962,0.876,0.855,0.738
1,A2_3,0.939,0.899,0.878,0.912,0.867,0.881,0.783,0.913,0.834,1.0,0.872,0.89,0.896,0.936,0.909,0.797
1,B2_1,0.909,0.781,0.809,0.751,0.845,0.84,0.864,0.872,0.841,0.872,1.0,0.699,0.852,0.825,0.775,0.909
1,B2_2,0.84,0.895,0.889,0.831,0.834,0.781,0.75,0.879,0.828,0.89,0.699,1.0,0.878,0.964,0.958,0.716
1,B2_3,0.941,0.89,0.783,0.838,0.873,0.866,0.786,0.982,0.962,0.896,0.852,0.878,1.0,0.897,0.877,0.795
1,y1,0.915,0.939,0.944,0.877,0.923,0.879,0.87,0.909,0.876,0.936,0.825,0.964,0.897,1.0,0.968,0.806
1,y2,0.895,0.92,0.933,0.823,0.855,0.839,0.795,0.856,0.855,0.909,0.775,0.958,0.877,0.968,1.0,0.7
1,y3,0.781,0.742,0.814,0.758,0.829,0.8,0.888,0.845,0.738,0.797,0.909,0.716,0.795,0.806,0.7,1.0
2,.,1.0,0.94,0.858,0.877,0.93,0.906,0.869,0.938,0.951,0.943,0.917,0.858,0.948,0.925,0.908,0.802
2,A1_1,0.94,1.0,0.912,0.948,0.965,0.939,0.898,0.881,0.891,0.907,0.806,0.905,0.904,0.945,0.927,0.774
2,A1_2,0.858,0.912,1.0,0.852,0.885,0.882,0.915,0.802,0.775,0.885,0.829,0.898,0.805,0.948,0.939,0.838
2,A1_3,0.877,0.948,0.852,1.0,0.926,0.932,0.826,0.854,0.784,0.918,0.773,0.848,0.852,0.891,0.842,0.779
2,B1_1,0.93,0.965,0.885,0.926,1.0,0.938,0.945,0.891,0.892,0.875,0.861,0.849,0.887,0.93,0.87,0.846
2,B1_2,0.906,0.939,0.882,0.932,0.938,1.0,0.91,0.871,0.846,0.884,0.855,0.802,0.878,0.891,0.856,0.823
2,B1_3,0.869,0.898,0.915,0.826,0.945,0.91,1.0,0.82,0.831,0.8,0.88,0.776,0.815,0.884,0.817,0.905
2,A2_1,0.938,0.881,0.802,0.854,0.891,0.871,0.82,1.0,0.95,0.919,0.885,0.89,0.983,0.919,0.871,0.859
2,A2_2,0.951,0.891,0.775,0.784,0.892,0.846,0.831,0.95,1.0,0.847,0.857,0.845,0.968,0.889,0.87,0.766
2,A2_3,0.943,0.907,0.885,0.918,0.875,0.884,0.8,0.919,0.847,1.0,0.88,0.899,0.901,0.941,0.918,0.809
2,B2_1,0.917,0.806,0.829,0.773,0.861,0.855,0.88,0.885,0.857,0.88,1.0,0.727,0.865,0.844,0.8,0.915
2,B2_2,0.858,0.905,0.898,0.848,0.849,0.802,0.776,0.89,0.845,0.899,0.727,1.0,0.89,0.967,0.962,0.746
2,B2_3,0.948,0.904,0.805,0.852,0.887,0.878,0.815,0.983,0.968,0.901,0.865,0.89,1.0,0.908,0.889,0.816
2,y1,0.925,0.945,0.948,0.891,0.93,0.891,0.884,0.919,0.889,0.941,0.844,0.967,0.908,1.0,0.971,0.828
2,y2,0.908,0.927,0.939,0.842,0.87,0.856,0.817,0.871,0.87,0.918,0.8,0.962,0.889,0.971,1.0,0.734
2,y3,0.802,0.774,0.838,0.779,0.846,0.823,0.905,0.859,0.766,0.809,0.915,0.746,0.816,0.828,0.734,1.0
3,.,1.0,0.947,0.869,0.888,0.935,0.912,0.883,0.945,0.958,0.946,0.924,0.872,0.954,0.933,0.917,0.82
3,A1_1,0.947,1.0,0.92,0.954,0.969,0.945,0.91,0.894,0.904,0.913,0.826,0.913,0.914,0.95,0.933,0.799
3,A1_2,0.869,0.92,1.0,0.864,0.893,0.895,0.922,0.821,0.797,0.891,0.845,0.907,0.823,0.951,0.943,0.857
3,A1_3,0.888,0.954,0.864,1.0,0.932,0.935,0.843,0.866,0.804,0.924,0.792,0.861,0.864,0.902,0.857,0.797
3,B1_1,0.935,0.969,0.893,0.932,1.0,0.943,0.951,0.901,0.904,0.882,0.874,0.861,0.899,0.936,0.882,0.86
3,B1_2,0.912,0.945,0.895,0.935,0.943,1.0,0.923,0.882,0.862,0.889,0.869,0.819,0.889,0.902,0.869,0.843
3,B1_3,0.883,0.91,0.922,0.843,0.951,0.923,1.0,0.841,0.851,0.816,0.894,0.798,0.839,0.895,0.834,0.918
3,A2_1,0.945,0.894,0.821,0.866,0.901,0.882,0.841,1.0,0.955,0.924,0.895,0.899,0.985,0.927,0.883,0.87
3,A2_2,0.958,0.904,0.797,0.804,0.904,0.862,0.851,0.955,1.0,0.859,0.872,0.86,0.972,0.901,0.883,0.79
3,A2_3,0.946,0.913,0.891,0.924,0.882,0.889,0.816,0.924,0.859,1.0,0.887,0.907,0.905,0.946,0.926,0.82
3,B2_1,0.924,0.826,0.845,0.792,0.874,0.869,0.894,0.895,0.872,0.887,1.0,0.752,0.877,0.859,0.82,0.921
3,B2_2,0.872,0.913,0.907,0.861,0.861,0.819,0.798,0.899,0.86,0.907,0.752,1.0,0.899,0.97,0.965,0.77
3,B2_3,0.954,0.914,0.823,0.864,0.899,0.889,0.839,0.985,0.972,0.905,0.877,0.899,1.0,0.917,0.898,0.834
3,y1,0.933,0.95,0.951,0.902,0.936,0.902,0.895,0.927,0.901,0.946,0.859,0.97,0.917,1.0,0.974,0.845
3,y2,0.917,0.933,0.943,0.857,0.882,0.869,0.834,0.883,0.883,0.926,0.82,0.965,0.898,0.974,1.0,0.76
3,y3,0.82,0.799,0.857,0.797,0.86,0.843,0.918,0.87,0.79,0.82,0.921,0.77,0.834,0.845,0.76,1.0
4,.,1.0,0.952,0.878,0.896,0.94,0.917,0.894,0.952,0.962,0.949,0.93,0.883,0.959,0.939,0.924,0.834
4,A1_1,0.952,1.0,0.925,0.958,0.971,0.95,0.919,0.904,0.913,0.919,0.842,0.92,0.922,0.954,0.938,0.818
4,A1_2,0.878,0.925,1.0,0.875,0.9,0.905,0.928,0.836,0.814,0.897,0.859,0.914,0.838,0.954,0.947,0.871
4,A1_3,0.896,0.958,0.875,1.0,0.936,0.939,0.857,0.876,0.821,0.929,0.807,0.873,0.873,0.91,0.869,0.812
4,B1_1,0.94,0.971,0.9,0.936,1.0,0.948,0.955,0.909,0.913,0.888,0.885,0.872,0.908,0.941,0.891,0.872
4,B1_2,0.917,0.95,0.905,0.939,0.948,1.0,0.932,0.892,0.875,0.892,0.881,0.834,0.898,0.91,0.88,0.859
4,B1_3,0.894,0.919,0.928,0.857,0.955,0.932,1.0,0.858,0.868,0.829,0.905,0.816,0.857,0.904,0.848,0.928
4,A2_1,0.952,0.904,0.836,0.876,0.909,0.892,0.858,1.0,0.959,0.929,0.904,0.907,0.986,0.934,0.893,0.88
4,A2_2,0.962,0.913,0.814,0.821,0.913,0.875,0.868,0.959,1.0,0.868,0.884,0.871,0.976,0.91,0.892,0.809
4,A2_3,0.949,0.919,0.897,0.929,0.888,0.892,0.829,0.929,0.868,1.0,0.893,0.913,0.909,0.949,0.932,0.829
4,B2_1,0.93,0.842,0.859,0.807,0.885,0.881,0.905,0.904,0.884,0.893,1.0,0.772,0.887,0.872,0.836,0.926
4,B2_2,0.883,0.92,0.914,0.873,0.872,0.834,0.816,0.907,0.871,0.913,0.772,1.0,0.907,0.972,0.968,0.789
4,B2_3,0.959,0.922,0.838,0.873,0.908,0.898,0.857,0.986,0.976,0.909,0.887,0.907,1.0,0.924,0.905,0.849
4,y1,0.939,0.954,0.954,0.91,0.941,0.91,0.904,0.934,0.91,0.949,0.872,0.972,0.924,1.0,0.976,0.858
4,y2,0.924,0.938,0.947,0.869,0.891,0.88,0.848,0.893,0.892,0.932,0.836,0.968,0.905,0.976,1.0,0.781
4,y3,0.834,0.818,0.871,0.812,0.872,0.859,0.928,0.88,0.809,0.829,0.926,0.789,0.849,0.858,0.781,1.0
5,.,1.0,0.955,0.884,0.902,0.943,0.92,0.901,0.957,0.966,0.951,0.934,0.893,0.962,0.943,0.929,0.845
5,A1_1,0.955,1.0,0.929,0.961,0.973,0.953,0.926,0.912,0.92,0.924,0.854,0.926,0.928,0.957,0.941,0.832
5,A1_2,0.884,0.929,1.0,0.883,0.905,0.912,0.932,0.847,0.827,0.902,0.869,0.92,0.849,0.956,0.95,0.882
5,A1_3,0.902,0.961,0.883,1.0,0.94,0.941,0.867,0.884,0.834,0.933,0.818,0.882,0.88,0.916,0.877,0.823
5,B1_1,0.943,0.973,0.905,0.94,1.0,0.951,0.959,0.915,0.921,0.892,0.893,0.88,0.915,0.944,0.897,0.881
5,B1_2,0.92,0.953,0.912,0.941,0.951,1.0,0.939,0.899,0.884,0.895,0.889,0.845,0.905,0.916,0.886,0.871
5,B1_3,0.901,0.926,0.932,0.867,0.959,0.939,1.0,0.871,0.88,0.838,0.914,0.83,0.871,0.911,0.858,0.934
5,A2_1,0.957,0.912,0.847,0.884,0.915,0.899,0.871,1.0,0.962,0.932,0.911,0.913,0.987,0.938,0.9,0.888
5,A2_2,0.966,0.92,0.827,0.834,0.921,0.884,0.88,0.962,1.0,0.876,0.894,0.88,0.978,0.917,0.899,0.824
5,A2_3,0.951,0.924,0.902,0.933,0.892,0.895,0.838,0.932,0.876,1.0,0.898,0.918,0.911,0.952,0.936,0.836
5,B2_1,0.934,0.854,0.869,0.818,0.893,0.889,0.914,0.911,0.894,0.898,1.0,0.788,0.896,0.882,0.848,0.931
5,B2_2,0.893,0.926,0.92,0.882,0.88,0.845,0.83,0.913,0.88,0.918,0.788,1.0,0.913,0.974,0.97,0.805
5,B2_3,0.962,0.928,0.849,0.88,0.915,0.905,0.871,0.987,0.978,0.911,0.896,0.913,1.0,0.929,0.91,0.861
5,y1,0.943,0.957,0.956,0.916,0.944,0.916,0.911,0.938,0.917,0.952,0.882,0.974,0.929,1.0,0.977,0.868
5,y2,0.929,0.941,0.95,0.877,0.897,0.886,0.858,0.9,0.899,0.936,0.848,0.97,0.91,0.977,1.0,0.796
5,y3,0.845,0.832,0.882,0.823,0.881,0.871,0.934,0.888,0.824,0.836,0.931,0.805,0.861,0.868,0.796,1.0
6,.,1.0,0.957,0.888,0.906,0.945,0.921,0.906,0.96,0.969,0.952,0.937,0.899,0.965,0.946,0.932,0.852
6,A1_1,0.957,1.0,0.932,0.964,0.974,0.955,0.93,0.917,0.924,0.927,0.863,0.93,0.932,0.959,0.943,0.842
6,A1_2,0.888,0.932,1.0,0.888,0.908,0.916,0.934,0.855,0.836,0.905,0.876,0.924,0.856,0.958,0.952,0.888
6,A1_3,0.906,0.964,0.888,1.0,0.941,0.942,0.874,0.89,0.842,0.935,0.826,0.888,0.885,0.92,0.883,0.83
6,B1_1,0.945,0.974,0.908,0.941,1.0,0.954,0.961,0.92,0.926,0.894,0.9,0.886,0.921,0.947,0.901,0.887
6,B1_2,0.921,0.955,0.916,0.942,0.954,1.0,0.945,0.904,0.892,0.896,0.896,0.854,0.911,0.92,0.891,0.88
6,B1_3,0.906,0.93,0.934,0.874,0.961,0.945,1.0,0.881,0.89,0.844,0.921,0.84,0.882,0.916,0.865,0.939
6,A2_1,0.96,0.917,0.855,0.89,0.92,0.904,0.881,1.0,0.964,0.934,0.917,0.918,0.987,0.942,0.904,0.894
6,A2_2,0.969,0.924,0.836,0.842,0.926,0.892,0.89,0.964,1.0,0.88,0.901,0.887,0.98,0.922,0.904,0.834
6,A2_3,0.952,0.927,0.905,0.935,0.894,0.896,0.844,0.934,0.88,1.0,0.9,0.922,0.912,0.953,0.939,0.84
6,B2_1,0.937,0.863,0.876,0.826,0.9,0.896,0.921,0.917,0.901,0.9,1.0,0.8,0.902,0.889,0.856,0.934
6,B2_2,0.899,0.93,0.924,0.888,0.886,0.854,0.84,0.918,0.887,0.922,0.8,1.0,0.916,0.975,0.971,0.815
6,B2_3,0.965,0.932,0.856,0.885,0.921,0.911,0.882,0.987,0.98,0.912,0.902,0.916,1.0,0.932,0.912,0.869
6,y1,0.946,0.959,0.958,0.92,0.947,0.92,0.916,0.942,0.922,0.953,0.889,0.975,0.932,1.0,0.979,0.875
6,y2,0.932,0.943,0.952,0.883,0.901,0.891,0.865,0.904,0.904,0.939,0.856,0.971,0.912,0.979,1.0,0.806
6,y3,0.852,0.842,0.888,0.83,0.887,0.88,0.939,0.894,0.834,0.84,0.934,0.815,0.869,0.875,0.806,1.0
7,.,1.0,0.958,0.891,0.909,0.945,0.922,0.909,0.963,0.971,0.953,0.938,0.904,0.966,0.948,0.933,0.856
7,A1_1,0.958,1.0,0.934,0.965,0.974,0.956,0.933,0.921,0.927,0.93,0.869,0.934,0.935,0.961,0.944,0.847
7,A1_2,0.891,0.934,1.0,0.89,0.91,0.918,0.935,0.861,0.842,0.907,0.88,0.928,0.861,0.959,0.954,0.892
7,A1_3,0.909,0.965,0.89,1.0,0.942,0.942,0.877,0.894,0.848,0.937,0.831,0.893,0.888,0.922,0.886,0.835
7,B1_1,0.945,0.974,0.91,0.942,1.0,0.956,0.963,0.924,0.93,0.895,0.905,0.891,0.924,0.948,0.904,0.891
7,B1_2,0.922,0.956,0.918,0.942,0.956,1.0,0.948,0.908,0.896,0.896,0.9,0.859,0.915,0.922,0.892,0.886
7,B1_3,0.909,0.933,0.935,0.877,0.963,0.948,1.0,0.888,0.896,0.847,0.925,0.847,0.889,0.919,0.869,0.943
7,A2_1,0.963,0.921,0.861,0.894,0.924,0.908,0.888,1.0,0.966,0.935,0.92,0.921,0.987,0.944,0.907,0.897
7,A2_2,0.971,0.927,0.842,0.848,0.93,0.896,0.896,0.966,1.0,0.883,0.906,0.891,0.981,0.925,0.906,0.84
7,A2_3,0.953,0.93,0.907,0.937,0.895,0.896,0.847,0.935,0.883,1.0,0.901,0.924,0.912,0.953,0.94,0.842
7,B2_1,0.938,0.869,0.88,0.831,0.905,0.9,0.925,0.92,0.906,0.901,1.0,0.808,0.906,0.893,0.861,0.937
7,B2_2,0.904,0.934,0.928,0.893,0.891,0.859,0.847,0.921,0.891,0.924,0.808,1.0,0.919,0.976,0.972,0.821
7,B2_3,0.966,0.935,0.861,0.888,0.924,0.915,0.889,0.987,0.981,0.912,0.906,0.919,1.0,0.934,0.913,0.875
7,y1,0.948,0.961,0.959,0.922,0.948,0.922,0.919,0.944,0.925,0.953,0.893,0.976,0.934,1.0,0.979,0.879
7,y2,0.933,0.944,0.954,0.886,0.904,0.892,0.869,0.907,0.906,0.94,0.861,0.972,0.913,0.979,1.0,0.811
7,y3,0.856,0.847,0.892,0.835,0.891,0.886,0.943,0.897,0.84,0.842,0.937,0.821,0.875,0.879,0.811,1.0
8,.,1.0,0.959,0.891,0.909,0.945,0.92,0.91,0.965,0.972,0.953,0.939,0.908,0.967,0.948,0.933,0.857
8,A1_1,0.959,1.0,0.935,0.966,0.973,0.956,0.934,0.924,0.929,0.931,0.872,0.937,0.936,0.961,0.945,0.85
8,A1_2,0.891,0.935,1.0,0.892,0.91,0.919,0.934,0.864,0.845,0.908,0.883,0.93,0.863,0.96,0.955,0.893
8,A1_3,0.909,0.966,0.892,1.0,0.941,0.941,0.879,0.896,0.851,0.938,0.834,0.896,0.889,0.923,0.887,0.836
8,B1_1,0.945,0.973,0.91,0.941,1.0,0.957,0.965,0.926,0.933,0.894,0.908,0.894,0.927,0.948,0.904,0.894
8,B1_2,0.92,0.956,0.919,0.941,0.957,1.0,0.95,0.911,0.899,0.894,0.903,0.863,0.917,0.922,0.892,0.89
8,B1_3,0.91,0.934,0.934,0.879,0.965,0.95,1.0,0.892,0.9,0.848,0.929,0.852,0.895,0.921,0.871,0.945
8,A2_1,0.965,0.924,0.864,0.896,0.926,0.911,0.892,1.0,0.967,0.936,0.923,0.923,0.987,0.946,0.908,0.898
8,A2_2,0.972,0.929,0.845,0.851,0.933,0.899,0.9,0.967,1.0,0.884,0.911,0.894,0.982,0.926,0.907,0.844
8,A2_3,0.953,0.931,0.908,0.938,0.894,0.894,0.848,0.936,0.884,1.0,0.9,0.925,0.911,0.953,0.94,0.842
8,B2_1,0.939,0.872,0.883,0.834,0.908,0.903,0.929,0.923,0.911,0.9,1.0,0.814,0.91,0.896,0.864,0.938
8,B2_2,0.908,0.937,0.93,0.896,0.894,0.863,0.852,0.923,0.894,0.925,0.814,1.0,0.92,0.977,0.973,0.825
8,B2_3,0.967,0.936,0.863,0.889,0.927,0.917,0.895,0.987,0.982,0.911,0.91,0.92,1.0,0.934,0.912,0.878
8,y1,0.948,0.961,0.96,0.923,0.948,0.922,0.921,0.946,0.926,0.953,0.896,0.977,0.934,1.0,0.979,0.88
8,y2,0.933,0.945,0.955,0.887,0.904,0.892,0.871,0.908,0.907,0.94,0.864,0.973,0.912,0.979,1.0,0.814
8,y3,0.857,0.85,0.893,0.836,0.894,0.89,0.945,0.898,0.844,0.842,0.938,0.825,0.878,0.88,0.814,1.0
9,.,1.0,0.958,0.89,0.909,0.943,0.918,0.909,0.967,0.973,0.953,0.938,0.91,0.968,0.948,0.932,0.856
9,A1_1,0.958,1.0,0.935,0.967,0.972,0.955,0.934,0.926,0.929,0.931,0.874,0.939,0.937,0.961,0.944,0.85
9,A1_2,0.89,0.935,1.0,0.891,0.909,0.918,0.933,0.866,0.846,0.908,0.884,0.932,0.863,0.961,0.956,0.893
9,A1_3,0.909,0.967,0.891,1.0,0.94,0.94,0.879,0.897,0.852,0.938,0.834,0.897,0.889,0.922,0.886,0.836
9,B1_1,0.943,0.972,0.909,0.94,1.0,0.957,0.966,0.928,0.935,0.892,0.911,0.895,0.929,0.948,0.903,0.895
9,B1_2,0.918,0.955,0.918,0.94,0.957,1.0,0.952,0.912,0.901,0.891,0.905,0.865,0.919,0.921,0.89,0.892
9,B1_3,0.909,0.934,0.933,0.879,0.966,0.952,1.0,0.895,0.903,0.846,0.931,0.855,0.899,0.921,0.87,0.946
9,A2_1,0.967,0.926,0.866,0.897,0.928,0.912,0.895,1.0,0.968,0.935,0.924,0.925,0.987,0.946,0.908,0.898
9,A2_2,0.973,0.929,0.846,0.852,0.935,0.901,0.903,0.968,1.0,0.884,0.913,0.896,0.983,0.927,0.906,0.845
9,A2_3,0.953,0.931,0.908,0.938,0.892,0.891,0.846,0.935,0.884,1.0,0.898,0.925,0.908,0.952,0.939,0.839
9,B2_1,0.938,0.874,0.884,0.834,0.911,0.905,0.931,0.924,0.913,0.898,1.0,0.818,0.912,0.898,0.865,0.94
9,B2_2,0.91,0.939,0.932,0.897,0.895,0.865,0.855,0.925,0.896,0.925,0.818,1.0,0.92,0.978,0.974,0.825
9,B2_3,0.968,0.937,0.863,0.889,0.929,0.919,0.899,0.987,0.983,0.908,0.912,0.92,1.0,0.934,0.91,0.879
9,y1,0.948,0.961,0.961,0.922,0.948,0.921,0.921,0.946,0.927,0.952,0.898,0.978,0.934,1.0,0.98,0.88
9,y2,0.932,0.944,0.956,0.886,0.903,0.89,0.87,0.908,0.906,0.939,0.865,0.974,0.91,0.98,1.0,0.813
9,y3,0.856,0.85,0.893,0.836,0.895,0.892,0.946,0.898,0.845,0.839,0.94,0.825,0.879,0.88,0.813,1.0
10,.,1.0,0.957,0.888,0.907,0.941,0.914,0.907,0.968,0.973,0.952,0.937,0.911,0.968,0.947,0.931,0.853
10,A1_1,0.957,1.0,0.934,0.967,0.971,0.953,0.933,0.927,0.929,0.931,0.874,0.94,0.936,0.961,0.943,0.848
10,A1_2,0.888,0.934,1.0,0.89,0.907,0.915,0.93,0.866,0.846,0.906,0.883,0.934,0.863,0.961,0.957,0.891
10,A1_3,0.907,0.967,0.89,1.0,0.938,0.938,0.878,0.898,0.851,0.937,0.833,0.899,0.888,0.921,0.884,0.833
10,B1_1,0.941,0.971,0.907,0.938,1.0,0.958,0.966,0.928,0.936,0.888,0.912,0.896,0.931,0.947,0.901,0.895
10,B1_2,0.914,0.953,0.915,0.938,0.958,1.0,0.953,0.913,0.901,0.886,0.905,0.865,0.92,0.919,0.886,0.893
10,B1_3,0.907,0.933,0.93,0.878,0.966,0.953,1.0,0.897,0.905,0.842,0.932,0.856,0.902,0.92,0.869,0.946
10,A2_1,0.968,0.927,0.866,0.898,0.928,0.913,0.897,1.0,0.968,0.934,0.925,0.926,0.987,0.946,0.907,0.897
10,A2_2,0.973,0.929,0.846,0.851,0.936,0.901,0.905,0.968,1.0,0.882,0.915,0.896,0.983,0.927,0.905,0.845
10,A2_3,0.952,0.931,0.906,0.937,0.888,0.886,0.842,0.934,0.882,1.0,0.895,0.925,0.905,0.95,0.937,0.835
10,B2_1,0.937,0.874,0.883,0.833,0.912,0.905,0.932,0.925,0.915,0.895,1.0,0.82,0.913,0.898,0.864,0.94
10,B2_2,0.911,0.94,0.934,0.899,0.896,0.865,0.856,0.926,0.896,0.925,0.82,1.0,0.919,0.979,0.974,0.825
10,B2_3,0.968,0.936,0.863,0.888,0.931,0.92,0.902,0.987,0.983,0.905,0.913,0.919,1.0,0.932,0.907,0.879
10,y1,0.947,0.961,0.961,0.921,0.947,0.919,0.92,0.946,0.927,0.95,0.898,0.979,0.932,1.0,0.979,0.878
10,y2,0.931,0.943,0.957,0.884,0.901,0.886,0.869,0.907,0.905,0.937,0.864,0.974,0.907,0.979,1.0,0.81
10,y3,0.853,0.848,0.891,0.833,0.895,0.893,0.946,0.897,0.845,0.835,0.94,0.825,0.879,0.878,0.81,1.0
11,.,1.0,0.956,0.885,0.905,0.938,0.91,0.903,0.969,0.973,0.951,0.935,0.912,0.967,0.945,0.928,0.848
11,A1_1,0.956,1.0,0.933,0.966,0.969,0.951,0.93,0.928,0.927,0.93,0.873,0.942,0.936,0.96,0.942,0.844
11,A1_2,0.885,0.933,1.0,0.888,0.904,0.912,0.927,0.866,0.845,0.904,0.882,0.935,0.86,0.961,0.957,0.887
11,A1_3,0.905,0.966,0.888,1.0,0.935,0.935,0.875,0.898,0.85,0.936,0.831,0.899,0.886,0.919,0.881,0.829
11,B1_1,0.938,0.969,0.904,0.935,1.0,0.958,0.967,0.929,0.936,0.883,0.913,0.896,0.932,0.945,0.897,0.895
11,B1_2,0.91,0.951,0.912,0.935,0.958,1.0,0.954,0.913,0.901,0.88,0.905,0.865,0.921,0.917,0.882,0.893
11,B1_3,0.903,0.93,0.927,0.875,0.967,0.954,1.0,0.897,0.905,0.837,0.933,0.857,0.903,0.918,0.865,0.946
11,A2_1,0.969,0.928,0.866,0.898,0.929,0.913,0.897,1.0,0.968,0.932,0.925,0.926,0.987,0.945,0.906,0.895
11,A2_2,0.973,0.927,0.845,0.85,0.936,0.901,0.905,0.968,1.0,0.879,0.917,0.896,0.983,0.925,0.903,0.843
11,A2_3,0.951,0.93,0.904,0.936,0.883,0.88,0.837,0.932,0.879,1.0,0.891,0.924,0.9,0.948,0.935,0.829
11,B2_1,0.935,0.873,0.882,0.831,0.913,0.905,0.933,0.925,0.917,0.891,1.0,0.821,0.914,0.897,0.861,0.941
11,B2_2,0.912,0.942,0.935,0.899,0.896,0.865,0.857,0.926,0.896,0.924,0.821,1.0,0.918,0.979,0.974,0.822
11,B2_3,0.967,0.936,0.86,0.886,0.932,0.921,0.903,0.987,0.983,0.9,0.914,0.918,1.0,0.93,0.903,0.877
11,y1,0.945,0.96,0.961,0.919,0.945,0.917,0.918,0.945,0.925,0.948,0.897,0.979,0.93,1.0,0.979,0.875
11,y2,0.928,0.942,0.957,0.881,0.897,0.882,0.865,0.906,0.903,0.935,0.861,0.974,0.903,0.979,1.0,0.806
11,y3,0.848,0.844,0.887,0.829,0.895,0.893,0.946,0.895,0.843,0.829,0.941,0.822,0.877,0.875,0.806,1.0
12,.,1.0,0.954,0.881,0.902,0.934,0.904,0.898,0.969,0.972,0.949,0.932,0.911,0.965,0.943,0.925,0.842
12,A1_1,0.954,1.0,0.932,0.966,0.966,0.949,0.927,0.928,0.926,0.929,0.871,0.943,0.934,0.959,0.94,0.839
12,A1_2,0.881,0.932,1.0,0.885,0.901,0.907,0.923,0.864,0.842,0.902,0.879,0.936,0.858,0.961,0.957,0.883
12,A1_3,0.902,0.966,0.885,1.0,0.932,0.932,0.871,0.897,0.847,0.935,0.827,0.899,0.884,0.916,0.878,0.824
12,B1_1,0.934,0.966,0.901,0.932,1.0,0.958,0.967,0.929,0.936,0.877,0.913,0.895,0.933,0.942,0.893,0.893
12,B1_2,0.904,0.949,0.907,0.932,0.958,1.0,0.954,0.912,0.9,0.873,0.904,0.863,0.922,0.913,0.876,0.892
12,B1_3,0.898,0.927,0.923,0.871,0.967,0.954,1.0,0.898,0.906,0.83,0.933,0.856,0.905,0.916,0.861,0.945
12,A2_1,0.969,0.928,0.864,0.897,0.929,0.912,0.898,1.0,0.968,0.93,0.925,0.926,0.986,0.944,0.903,0.892
12,A2_2,0.972,0.926,0.842,0.847,0.936,0.9,0.906,0.968,1.0,0.875,0.918,0.895,0.983,0.924,0.899,0.84
12,A2_3,0.949,0.929,0.902,0.935,0.877,0.873,0.83,0.93,0.875,1.0,0.886,0.922,0.894,0.945,0.932,0.822
12,B2_1,0.932,0.871,0.879,0.827,0.913,0.904,0.933,0.925,0.918,0.886,1.0,0.82,0.915,0.895,0.858,0.941
12,B2_2,0.911,0.943,0.936,0.899,0.895,0.863,0.856,0.926,0.895,0.922,0.82,1.0,0.916,0.98,0.974,0.818
12,B2_3,0.965,0.934,0.858,0.884,0.933,0.922,0.905,0.986,0.983,0.894,0.915,0.916,1.0,0.927,0.899,0.875
12,y1,0.943,0.959,0.961,0.916,0.942,0.913,0.916,0.944,0.924,0.945,0.895,0.98,0.927,1.0,0.979,0.871
12,y2,0.925,0.94,0.957,0.878,0.893,0.876,0.861,0.903,0.899,0.932,0.858,0.974,0.899,0.979,1.0,0.799
12,y3,0.842,0.839,0.883,0.824,0.893,0.892,0.945,0.892,0.84,0.822,0.941,0.818,0.875,0.871,0.799,1.0
13,.,1.0,0.952,0.877,0.898,0.928,0.897,0.892,0.969,0.971,0.947,0.929,0.911,0.963,0.94,0.922,0.834
13,A1_1,0.952,1.0,0.93,0.965,0.963,0.946,0.924,0.927,0.924,0.927,0.867,0.943,0.932,0.957,0.938,0.832
13,A1_2,0.877,0.93,1.0,0.881,0.897,0.902,0.918,0.862,0.839,0.899,0.876,0.936,0.853,0.961,0.957,0.878
13,A1_3,0.898,0.965,0.881,1.0,0.928,0.929,0.866,0.896,0.843,0.933,0.823,0.898,0.881,0.913,0.873,0.817
13,B1_1,0.928,0.963,0.897,0.928,1.0,0.957,0.967,0.928,0.936,0.869,0.913,0.893,0.933,0.939,0.888,0.891
13,B1_2,0.897,0.946,0.902,0.929,0.957,1.0,0.954,0.911,0.898,0.864,0.903,0.861,0.922,0.908,0.869,0.89
13,B1_3,0.892,0.924,0.918,0.866,0.967,0.954,1.0,0.897,0.905,0.822,0.933,0.855,0.906,0.912,0.855,0.943
13,A2_1,0.969,0.927,0.862,0.896,0.928,0.911,0.897,1.0,0.968,0.927,0.925,0.926,0.986,0.943,0.9,0.888
13,A2_2,0.971,0.924,0.839,0.843,0.936,0.898,0.905,0.968,1.0,0.87,0.918,0.894,0.983,0.921,0.895,0.835
13,A2_3,0.947,0.927,0.899,0.933,0.869,0.864,0.822,0.927,0.87,1.0,0.88,0.92,0.887,0.942,0.929,0.813
13,B2_1,0.929,0.867,0.876,0.823,0.913,0.903,0.933,0.925,0.918,0.88,1.0,0.819,0.915,0.893,0.853,0.94
13,B2_2,0.911,0.943,0.936,0.898,0.893,0.861,0.855,0.926,0.894,0.92,0.819,1.0,0.913,0.98,0.974,0.813
13,B2_3,0.963,0.932,0.853,0.881,0.933,0.922,0.906,0.986,0.983,0.887,0.915,0.913,1.0,0.923,0.893,0.871
13,y1,0.94,0.957,0.961,0.913,0.939,0.908,0.912,0.943,0.921,0.942,0.893,0.98,0.923,1.0,0.978,0.865
13,y2,0.922,0.938,0.957,0.873,0.888,0.869,0.855,0.9,0.895,0.929,0.853,0.974,0.893,0.978,1.0,0.791
13,y3,0.834,0.832,0.878,0.817,0.891,0.89,0.943,0.888,0.835,0.813,0.94,0.813,0.871,0.865,0.791,1.0
14,.,1.0,0.949,0.871,0.893,0.921,0.888,0.883,0.968,0.97,0.945,0.924,0.91,0.96,0.936,0.918,0.824
14,A1_1,0.949,1.0,0.928,0.964,0.959,0.941,0.919,0.926,0.921,0.924,0.863,0.944,0.93,0.955,0.936,0.823
14,A1_2,0.871,0.928,1.0,0.877,0.891,0.895,0.912,0.859,0.834,0.895,0.872,0.937,0.848,0.961,0.957,0.87
14,A1_3,0.893,0.964,0.877,1.0,0.923,0.924,0.86,0.894,0.839,0.931,0.817,0.897,0.877,0.909,0.868,0.809
14,B1_1,0.921,0.959,0.891,0.923,1.0,0.957,0.967,0.927,0.934,0.86,0.913,0.891,0.933,0.935,0.881,0.888
14,B1_2,0.888,0.941,0.895,0.924,0.957,1.0,0.954,0.908,0.895,0.852,0.9,0.858,0.921,0.901,0.859,0.887
14,B1_3,0.883,0.919,0.912,0.86,0.967,0.954,1.0,0.894,0.903,0.81,0.932,0.852,0.906,0.907,0.848,0.941
14,A2_1,0.968,0.926,0.859,0.894,0.927,0.908,0.894,1.0,0.967,0.924,0.923,0.925,0.985,0.941,0.897,0.883
14,A2_2,0.97,0.921,0.834,0.839,0.934,0.895,0.903,0.967,1.0,0.865,0.918,0.892,0.983,0.918,0.891,0.829
14,A2_3,0.945,0.924,0.895,0.931,0.86,0.852,0.81,0.924,0.865,1.0,0.872,0.917,0.879,0.938,0.925,0.802
14,B2_1,0.924,0.863,0.872,0.817,0.913,0.9,0.932,0.923,0.918,0.872,1.0,0.817,0.914,0.89,0.848,0.94
14,B2_2,0.91,0.944,0.937,0.897,0.891,0.858,0.852,0.925,0.892,0.917,0.817,1.0,0.91,0.981,0.974,0.807
14,B2_3,0.96,0.93,0.848,0.877,0.933,0.921,0.906,0.985,0.983,0.879,0.914,0.91,1.0,0.919,0.887,0.867
14,y1,0.936,0.955,0.961,0.909,0.935,0.901,0.907,0.941,0.918,0.938,0.89,0.981,0.919,1.0,0.978,0.859
14,y2,0.918,0.936,0.957,0.868,0.881,0.859,0.848,0.897,0.891,0.925,0.848,0.974,0.887,0.978,1.0,0.782
14,y3,0.824,0.823,0.87,0.809,0.888,0.887,0.941,0.883,0.829,0.802,0.94,0.807,0.867,0.859,0.782,1.0
15,.,1.0,0.946,0.865,0.888,0.913,0.877,0.874,0.968,0.969,0.943,0.919,0.908,0.956,0.932,0.913,0.812
15,A1_1,0.946,1.0,0.926,0.963,0.954,0.936,0.913,0.925,0.917,0.922,0.859,0.945,0.926,0.953,0.934,0.813
15,A1_2,0.865,0.926,1.0,0.872,0.885,0.887,0.905,0.856,0.83,0.892,0.867,0.937,0.842,0.961,0.957,0.863
15,A1_3,0.888,0.963,0.872,1.0,0.918,0.918,0.853,0.892,0.834,0.928,0.811,0.896,0.872,0.904,0.863,0.799
15,B1_1,0.913,0.954,0.885,0.918,1.0,0.956,0.967,0.925,0.933,0.849,0.912,0.889,0.933,0.93,0.873,0.884
15,B1_2,0.877,0.936,0.887,0.918,0.956,1.0,0.953,0.905,0.892,0.84,0.898,0.854,0.921,0.894,0.85,0.883
15,B1_3,0.874,0.913,0.905,0.853,0.967,0.953,1.0,0.892,0.901,0.798,0.932,0.849,0.906,0.902,0.84,0.938
15,A2_1,0.968,0.925,0.856,0.892,0.925,0.905,0.892,1.0,0.967,0.92,0.922,0.925,0.984,0.938,0.893,0.877
15,A2_2,0.969,0.917,0.83,0.834,0.933,0.892,0.901,0.967,1.0,0.858,0.918,0.89,0.982,0.914,0.886,0.822
15,A2_3,0.943,0.922,0.892,0.928,0.849,0.84,0.798,0.92,0.858,1.0,0.864,0.914,0.87,0.934,0.92,0.791
15,B2_1,0.919,0.859,0.867,0.811,0.912,0.898,0.932,0.922,0.918,0.864,1.0,0.814,0.914,0.886,0.841,0.939
15,B2_2,0.908,0.945,0.937,0.896,0.889,0.854,0.849,0.925,0.89,0.914,0.814,1.0,0.907,0.981,0.973,0.8
15,B2_3,0.956,0.926,0.842,0.872,0.933,0.921,0.906,0.984,0.982,0.87,0.914,0.907,1.0,0.913,0.879,0.862
15,y1,0.932,0.953,0.961,0.904,0.93,0.894,0.902,0.938,0.914,0.934,0.886,0.981,0.913,1.0,0.977,0.851
15,y2,0.913,0.934,0.957,0.863,0.873,0.85,0.84,0.893,0.886,0.92,0.841,0.973,0.879,0.977,1.0,0.772
15,y3,0.812,0.813,0.863,0.799,0.884,0.883,0.938,0.877,0.822,0.791,0.939,0.8,0.862,0.851,0.772,1.0
16,.,1.0,0.942,0.859,0.882,0.903,0.864,0.862,0.966,0.967,0.94,0.912,0.906,0.951,0.927,0.909,0.797
16,A1_1,0.942,1.0,0.923,0.962,0.949,0.93,0.906,0.924,0.914,0.918,0.853,0.946,0.922,0.95,0.932,0.801
16,A1_2,0.859,0.923,1.0,0.867,0.878,0.877,0.897,0.853,0.824,0.887,0.862,0.937,0.835,0.96,0.957,0.854
16,A1_3,0.882,0.962,0.867,1.0,0.911,0.912,0.845,0.89,0.828,0.925,0.804,0.895,0.867,0.899,0.858,0.788
16,B1_1,0.903,0.949,0.878,0.911,1.0,0.956,0.967,0.923,0.93,0.836,0.912,0.885,0.933,0.924,0.865,0.88
16,B1_2,0.864,0.93,0.877,0.912,0.956,1.0,0.953,0.902,0.888,0.825,0.895,0.85,0.921,0.885,0.838,0.878
16,B1_3,0.862,0.906,0.897,0.845,0.967,0.953,1.0,0.889,0.897,0.783,0.931,0.845,0.906,0.895,0.83,0.935
16,A2_1,0.966,0.924,0.853,0.89,0.923,0.902,0.889,1.0,0.966,0.916,0.92,0.924,0.982,0.935,0.889,0.87
16,A2_2,0.967,0.914,0.824,0.828,0.93,0.888,0.897,0.966,1.0,0.851,0.918,0.888,0.981,0.91,0.881,0.814
16,A2_3,0.94,0.918,0.887,0.925,0.836,0.825,0.783,0.916,0.851,1.0,0.854,0.911,0.858,0.929,0.916,0.777
16,B2_1,0.912,0.853,0.862,0.804,0.912,0.895,0.931,0.92,0.918,0.854,1.0,0.811,0.913,0.881,0.834,0.937
16,B2_2,0.906,0.946,0.937,0.895,0.885,0.85,0.845,0.924,0.888,0.911,0.811,1.0,0.903,0.981,0.972,0.792
16,B2_3,0.951,0.922,0.835,0.867,0.933,0.921,0.906,0.982,0.981,0.858,0.913,0.903,1.0,0.907,0.871,0.856
16,y1,0.927,0.95,0.96,0.899,0.924,0.885,0.895,0.935,0.91,0.929,0.881,0.981,0.907,1.0,0.977,0.843
16,y2,0.909,0.932,0.957,0.858,0.865,0.838,0.83,0.889,0.881,0.916,0.834,0.972,0.871,0.977,1.0,0.76
16,y3,0.797,0.801,0.854,0.788,0.88,0.878,0.935,0.87,0.814,0.777,0.937,0.792,0.856,0.843,0.76,1.0
17,.,1.0,0.937,0.852,0.875,0.891,0.848,0.846,0.964,0.964,0.937,0.904,0.904,0.944,0.922,0.904,0.781
17,A1_1,0.937,1.0,0.921,0.96,0.942,0.922,0.898,0.922,0.91,0.914,0.846,0.947,0.918,0.947,0.929,0.787
17,A1_2,0.852,0.921,1.0,0.861,0.869,0.866,0.887,0.848,0.818,0.882,0.855,0.937,0.826,0.96,0.958,0.844
17,A1_3,0.875,0.96,0.861,1.0,0.904,0.904,0.835,0.887,0.822,0.922,0.796,0.894,0.861,0.893,0.852,0.776
17,B1_1,0.891,0.942,0.869,0.904,1.0,0.955,0.967,0.919,0.927,0.821,0.91,0.882,0.933,0.916,0.855,0.875
17,B1_2,0.848,0.922,0.866,0.904,0.955,1.0,0.952,0.897,0.882,0.807,0.892,0.844,0.919,0.874,0.825,0.871
17,B1_3,0.846,0.898,0.887,0.835,0.967,0.952,1.0,0.883,0.893,0.765,0.929,0.84,0.905,0.887,0.819,0.93
17,A2_1,0.964,0.922,0.848,0.887,0.919,0.897,0.883,1.0,0.965,0.911,0.918,0.924,0.98,0.932,0.885,0.862
17,A2_2,0.964,0.91,0.818,0.822,0.927,0.882,0.893,0.965,1.0,0.843,0.917,0.885,0.98,0.905,0.875,0.805
17,A2_3,0.937,0.914,0.882,0.922,0.821,0.807,0.765,0.911,0.843,1.0,0.842,0.906,0.845,0.924,0.91,0.763
17,B2_1,0.904,0.846,0.855,0.796,0.91,0.892,0.929,0.918,0.917,0.842,1.0,0.808,0.912,0.875,0.826,0.936
17,B2_2,0.904,0.947,0.937,0.894,0.882,0.844,0.84,0.924,0.885,0.906,0.808,1.0,0.898,0.982,0.972,0.784
17,B2_3,0.944,0.918,0.826,0.861,0.933,0.919,0.905,0.98,0.98,0.845,0.912,0.898,1.0,0.9,0.861,0.849
17,y1,0.922,0.947,0.96,0.893,0.916,0.874,0.887,0.932,0.905,0.924,0.875,0.982,0.9,1.0,0.977,0.834
17,y2,0.904,0.929,0.958,0.852,0.855,0.825,0.819,0.885,0.875,0.91,0.826,0.972,0.861,0.977,1.0,0.748
17,y3,0.781,0.787,0.844,0.776,0.875,0.871,0.93,0.862,0.805,0.763,0.936,0.784,0.849,0.834,0.748,1.0
18,.,1.0,0.932,0.844,0.867,0.876,0.83,0.829,0.962,0.961,0.934,0.894,0.901,0.935,0.916,0.899,0.763
18,A1_1,0.932,1.0,0.918,0.959,0.935,0.913,0.888,0.92,0.905,0.91,0.839,0.948,0.912,0.944,0.927,0.773
18,A1_2,0.844,0.918,1.0,0.856,0.859,0.853,0.876,0.844,0.812,0.878,0.848,0.937,0.817,0.961,0.958,0.834
18,A1_3,0.867,0.959,0.856,1.0,0.896,0.896,0.825,0.885,0.815,0.918,0.788,0.893,0.855,0.887,0.846,0.762
18,B1_1,0.876,0.935,0.859,0.896,1.0,0.954,0.967,0.916,0.924,0.804,0.909,0.878,0.933,0.907,0.843,0.869
18,B1_2,0.83,0.913,0.853,0.896,0.954,1.0,0.951,0.891,0.876,0.788,0.888,0.838,0.919,0.862,0.81,0.864
18,B1_3,0.829,0.888,0.876,0.825,0.967,0.951,1.0,0.878,0.888,0.746,0.928,0.836,0.905,0.877,0.808,0.925
18,A2_1,0.962,0.92,0.844,0.885,0.916,0.891,0.878,1.0,0.965,0.906,0.915,0.924,0.978,0.929,0.881,0.853
18,A2_2,0.961,0.905,0.812,0.815,0.924,0.876,0.888,0.965,1.0,0.835,0.917,0.883,0.979,0.9,0.869,0.795
18,A2_3,0.934,0.91,0.878,0.918,0.804,0.788,0.746,0.906,0.835,1.0,0.83,0.902,0.831,0.918,0.905,0.748
18,B2_1,0.894,0.839,0.848,0.788,0.909,0.888,0.928,0.915,0.917,0.83,1.0,0.805,0.911,0.869,0.817,0.935
18,B2_2,0.901,0.948,0.937,0.893,0.878,0.838,0.836,0.924,0.883,0.902,0.805,1.0,0.894,0.982,0.971,0.776
18,B2_3,0.935,0.912,0.817,0.855,0.933,0.919,0.905,0.978,0.979,0.831,0.911,0.894,1.0,0.891,0.851,0.841
18,y1,0.916,0.944,0.961,0.887,0.907,0.862,0.877,0.929,0.9,0.918,0.869,0.982,0.891,1.0,0.976,0.824
18,y2,0.899,0.927,0.958,0.846,0.843,0.81,0.808,0.881,0.869,0.905,0.817,0.971,0.851,0.976,1.0,0.736
18,y3,0.763,0.773,0.834,0.762,0.869,0.864,0.925,0.853,0.795,0.748,0.935,0.776,0.841,0.824,0.736,1.0
19,.,1.0,0.926,0.837,0.858,0.858,0.807,0.809,0.958,0.957,0.931,0.883,0.897,0.924,0.909,0.894,0.742
19,A1_1,0.926,1.0,0.915,0.957,0.925,0.902,0.877,0.918,0.9,0.906,0.831,0.948,0.906,0.941,0.925,0.756
19,A1_2,0.837,0.915,1.0,0.85,0.848,0.837,0.863,0.84,0.806,0.873,0.84,0.937,0.807,0.961,0.958,0.823
19,A1_3,0.858,0.957,0.85,1.0,0.887,0.886,0.812,0.882,0.808,0.914,0.778,0.892,0.847,0.881,0.84,0.747
19,B1_1,0.858,0.925,0.848,0.887,1.0,0.953,0.966,0.911,0.919,0.784,0.908,0.873,0.933,0.896,0.831,0.861
19,B1_2,0.807,0.902,0.837,0.886,0.953,1.0,0.95,0.884,0.869,0.765,0.884,0.831,0.918,0.847,0.794,0.854
19,B1_3,0.809,0.877,0.863,0.812,0.966,0.95,1.0,0.871,0.883,0.723,0.926,0.83,0.904,0.865,0.794,0.919
19,A2_1,0.958,0.918,0.84,0.882,0.911,0.884,0.871,1.0,0.964,0.9,0.912,0.923,0.975,0.925,0.877,0.843
19,A2_2,0.957,0.9,0.806,0.808,0.919,0.869,0.883,0.964,1.0,0.826,0.916,0.88,0.977,0.894,0.864,0.784
19,A2_3,0.931,0.906,0.873,0.914,0.784,0.765,0.723,0.9,0.826,1.0,0.815,0.896,0.814,0.912,0.9,0.731
19,B2_1,0.883,0.831,0.84,0.778,0.908,0.884,0.926,0.912,0.916,0.815,1.0,0.801,0.91,0.862,0.808,0.933
19,B2_2,0.897,0.948,0.937,0.892,0.873,0.831,0.83,0.923,0.88,0.896,0.801,1.0,0.889,0.982,0.97,0.767
19,B2_3,0.924,0.906,0.807,0.847,0.933,0.918,0.904,0.975,0.977,0.814,0.91,0.889,1.0,0.881,0.84,0.831
19,y1,0.909,0.941,0.961,0.881,0.896,0.847,0.865,0.925,0.894,0.912,0.862,0.982,0.881,1.0,0.976,0.814
19,y2,0.894,0.925,0.958,0.84,0.831,0.794,0.794,0.877,0.864,0.9,0.808,0.97,0.84,0.976,1.0,0.722
19,y3,0.742,0.756,0.823,0.747,0.861,0.854,0.919,0.843,0.784,0.731,0.933,0.767,0.831,0.814,0.722,1.0
20,.,1.0,0.92,0.828,0.848,0.837,0.783,0.785,0.954,0.952,0.927,0.869,0.891,0.91,0.9,0.887,0.718
20,A1_1,0.92,1.0,0.912,0.955,0.915,0.891,0.865,0.916,0.895,0.901,0.822,0.949,0.898,0.936,0.922,0.737
20,A1_2,0.828,0.912,1.0,0.844,0.836,0.822,0.85,0.835,0.799,0.868,0.831,0.936,0.795,0.961,0.958,0.811
20,A1_3,0.848,0.955,0.844,1.0,0.876,0.874,0.799,0.879,0.8,0.91,0.768,0.891,0.838,0.874,0.834,0.729
20,B1_1,0.837,0.915,0.836,0.876,1.0,0.953,0.966,0.906,0.914,0.762,0.907,0.867,0.933,0.884,0.816,0.852
20,B1_2,0.783,0.891,0.822,0.874,0.953,1.0,0.949,0.877,0.861,0.739,0.88,0.824,0.917,0.831,0.776,0.844
20,B1_3,0.785,0.865,0.85,0.799,0.966,0.949,1.0,0.864,0.876,0.698,0.924,0.823,0.904,0.852,0.778,0.911
20,A2_1,0.954,0.916,0.835,0.879,0.906,0.877,0.864,1.0,0.963,0.894,0.909,0.923,0.971,0.92,0.872,0.832
20,A2_2,0.952,0.895,0.799,0.8,0.914,0.861,0.876,0.963,1.0,0.815,0.914,0.877,0.974,0.887,0.857,0.771
20,A2_3,0.927,0.901,0.868,0.91,0.762,0.739,0.698,0.894,0.815,1.0,0.798,0.89,0.794,0.906,0.893,0.712
20,B2_1,0.869,0.822,0.831,0.768,0.907,0.88,0.924,0.909,0.914,0.798,1.0,0.796,0.909,0.853,0.796,0.93
20,B2_2,0.891,0.949,0.936,0.891,0.867,0.824,0.823,0.923,0.877,0.89,0.796,1.0,0.883,0.981,0.968,0.756
20,B2_3,0.91,0.898,0.795,0.838,0.933,0.917,0.904,0.971,0.974,0.794,0.909,0.883,1.0,0.869,0.826,0.82
20,y1,0.9,0.936,0.961,0.874,0.884,0.831,0.852,0.92,0.887,0.906,0.853,0.981,0.869,1.0,0.976,0.801
20,y2,0.887,0.922,0.958,0.834,0.816,0.776,0.778,0.872,0.857,0.893,0.796,0.968,0.826,0.976,1.0,0.706
20,y3,0.718,0.737,0.811,0.729,0.852,0.844,0.911,0.832,0.771,0.712,0.93,0.756,0.82,0.801,0.706,1.0
21,.,1.0,0.912,0.818,0.837,0.812,0.752,0.757,0.949,0.946,0.923,0.852,0.884,0.892,0.891,0.88,0.692
21,A1_1,0.912,1.0,0.909,0.953,0.902,0.877,0.85,0.913,0.889,0.895,0.811,0.949,0.889,0.931,0.92,0.715
21,A1_2,0.818,0.909,1.0,0.838,0.821,0.802,0.833,0.83,0.791,0.862,0.821,0.935,0.781,0.961,0.959,0.798
21,A1_3,0.837,0.953,0.838,1.0,0.863,0.86,0.783,0.875,0.791,0.905,0.756,0.89,0.828,0.866,0.828,0.71
21,B1_1,0.812,0.902,0.821,0.863,1.0,0.952,0.966,0.898,0.908,0.735,0.905,0.861,0.933,0.869,0.8,0.841
21,B1_2,0.752,0.877,0.802,0.86,0.952,1.0,0.949,0.867,0.851,0.709,0.876,0.815,0.916,0.811,0.756,0.83
21,B1_3,0.757,0.85,0.833,0.783,0.966,0.949,1.0,0.855,0.868,0.668,0.922,0.815,0.903,0.836,0.761,0.901
21,A2_1,0.949,0.913,0.83,0.875,0.898,0.867,0.855,1.0,0.961,0.887,0.905,0.922,0.967,0.915,0.867,0.819
21,A2_2,0.946,0.889,0.791,0.791,0.908,0.851,0.868,0.961,1.0,0.804,0.913,0.874,0.971,0.879,0.849,0.756
21,A2_3,0.923,0.895,0.862,0.905,0.735,0.709,0.668,0.887,0.804,1.0,0.779,0.882,0.771,0.898,0.887,0.692
21,B2_1,0.852,0.811,0.821,0.756,0.905,0.876,0.922,0.905,0.913,0.779,1.0,0.791,0.907,0.843,0.783,0.927
21,B2_2,0.884,0.949,0.935,0.89,0.861,0.815,0.815,0.922,0.874,0.882,0.791,1.0,0.876,0.981,0.966,0.745
21,B2_3,0.892,0.889,0.781,0.828,0.933,0.916,0.903,0.967,0.971,0.771,0.907,0.876,1.0,0.854,0.812,0.807
21,y1,0.891,0.931,0.961,0.866,0.869,0.811,0.836,0.915,0.879,0.898,0.843,0.981,0.854,1.0,0.976,0.788
21,y2,0.88,0.92,0.959,0.828,0.8,0.756,0.761,0.867,0.849,0.887,0.783,0.966,0.812,0.976,1.0,0.69
21,y3,0.692,0.715,0.798,0.71,0.841,0.83,0.901,0.819,0.756,0.692,0.927,0.745,0.807,0.788,0.69,1.0
22,.,1.0,0.904,0.808,0.825,0.782,0.718,0.724,0.943,0.939,0.919,0.832,0.875,0.871,0.881,0.872,0.663
22,A1_1,0.904,1.0,0.906,0.951,0.888,0.86,0.833,0.91,0.883,0.889,0.8,0.949,0.878,0.926,0.917,0.692
22,A1_2,0.808,0.906,1.0,0.832,0.803,0.781,0.814,0.825,0.783,0.856,0.809,0.934,0.765,0.962,0.959,0.784
22,A1_3,0.825,0.951,0.832,1.0,0.849,0.845,0.766,0.872,0.782,0.9,0.743,0.888,0.816,0.858,0.821,0.689
22,B1_1,0.782,0.888,0.803,0.849,1.0,0.951,0.966,0.89,0.9,0.705,0.904,0.853,0.933,0.851,0.781,0.828
22,B1_2,0.718,0.86,0.781,0.845,0.951,1.0,0.948,0.856,0.84,0.676,0.872,0.805,0.915,0.789,0.733,0.813
22,B1_3,0.724,0.833,0.814,0.766,0.966,0.948,1.0,0.844,0.858,0.636,0.92,0.807,0.903,0.817,0.741,0.889
22,A2_1,0.943,0.91,0.825,0.872,0.89,0.856,0.844,1.0,0.96,0.879,0.9,0.921,0.961,0.909,0.862,0.805
22,A2_2,0.939,0.883,0.783,0.782,0.9,0.84,0.858,0.96,1.0,0.792,0.91,0.87,0.967,0.87,0.842,0.74
22,A2_3,0.919,0.889,0.856,0.9,0.705,0.676,0.636,0.879,0.792,1.0,0.757,0.873,0.745,0.891,0.88,0.671
22,B2_1,0.832,0.8,0.809,0.743,0.904,0.872,0.92,0.9,0.91,0.757,1.0,0.785,0.906,0.831,0.769,0.923
22,B2_2,0.875,0.949,0.934,0.888,0.853,0.805,0.807,0.921,0.87,0.873,0.785,1.0,0.869,0.979,0.964,0.732
22,B2_3,0.871,0.878,0.765,0.816,0.933,0.915,0.903,0.961,0.967,0.745,0.906,0.869,1.0,0.838,0.795,0.792
22,y1,0.881,0.926,0.962,0.858,0.851,0.789,0.817,0.909,0.87,0.891,0.831,0.979,0.838,1.0,0.976,0.773
22,y2,0.872,0.917,0.959,0.821,0.781,0.733,0.741,0.862,0.842,0.88,0.769,0.964,0.795,0.976,1.0,0.673
22,y3,0.663,0.692,0.784,0.689,0.828,0.813,0.889,0.805,0.74,0.671,0.923,0.732,0.792,0.773,0.673,1.0
23,.,1.0,0.894,0.798,0.811,0.745,0.676,0.685,0.935,0.93,0.914,0.806,0.864,0.843,0.869,0.864,0.629
23,A1_1,0.894,1.0,0.902,0.949,0.87,0.841,0.813,0.907,0.876,0.883,0.785,0.948,0.864,0.92,0.914,0.665
23,A1_2,0.798,0.902,1.0,0.825,0.783,0.756,0.791,0.82,0.775,0.851,0.794,0.932,0.747,0.962,0.96,0.769
23,A1_3,0.811,0.949,0.825,1.0,0.831,0.826,0.745,0.868,0.771,0.895,0.728,0.887,0.802,0.849,0.815,0.664
23,B1_1,0.745,0.87,0.783,0.831,1.0,0.95,0.965,0.879,0.89,0.671,0.902,0.845,0.933,0.83,0.76,0.811
23,B1_2,0.676,0.841,0.756,0.826,0.95,1.0,0.947,0.843,0.826,0.639,0.867,0.795,0.915,0.762,0.708,0.793
23,B1_3,0.685,0.813,0.791,0.745,0.965,0.947,1.0,0.831,0.847,0.599,0.919,0.797,0.902,0.795,0.718,0.874
23,A2_1,0.935,0.907,0.82,0.868,0.879,0.843,0.831,1.0,0.958,0.871,0.894,0.921,0.954,0.903,0.857,0.787
23,A2_2,0.93,0.876,0.775,0.771,0.89,0.826,0.847,0.958,1.0,0.779,0.907,0.866,0.961,0.861,0.834,0.721
23,A2_3,0.914,0.883,0.851,0.895,0.671,0.639,0.599,0.871,0.779,1.0,0.731,0.863,0.714,0.883,0.872,0.648
23,B2_1,0.806,0.785,0.794,0.728,0.902,0.867,0.919,0.894,0.907,0.731,1.0,0.779,0.904,0.816,0.753,0.917
23,B2_2,0.864,0.948,0.932,0.887,0.845,0.795,0.797,0.921,0.866,0.863,0.779,1.0,0.861,0.977,0.962,0.719
23,B2_3,0.843,0.864,0.747,0.802,0.933,0.915,0.902,0.954,0.961,0.714,0.904,0.861,1.0,0.817,0.776,0.773
23,y1,0.869,0.92,0.962,0.849,0.83,0.762,0.795,0.903,0.861,0.883,0.816,0.977,0.817,1.0,0.976,0.758
23,y2,0.864,0.914,0.96,0.815,0.76,0.708,0.718,0.857,0.834,0.872,0.753,0.962,0.776,0.976,1.0,0.655
23,y3,0.629,0.665,0.769,0.664,0.811,0.793,0.874,0.787,0.721,0.648,0.917,0.719,0.773,0.758,0.655,1.0
24,.,1.0,0.884,0.787,0.797,0.703,0.629,0.64,0.926,0.92,0.91,0.777,0.85,0.81,0.856,0.854,0.594
24,A1_1,0.884,1.0,0.899,0.946,0.85,0.818,0.789,0.904,0.868,0.877,0.769,0.948,0.848,0.913,0.912,0.636
24,A1_2,0.787,0.899,1.0,0.82,0.76,0.727,0.766,0.814,0.766,0.846,0.778,0.93,0.725,0.962,0.96,0.753
24,A1_3,0.797,0.946,0.82,1.0,0.811,0.804,0.721,0.864,0.76,0.89,0.711,0.885,0.785,0.84,0.81,0.637
24,B1_1,0.703,0.85,0.76,0.811,1.0,0.95,0.965,0.866,0.878,0.633,0.901,0.836,0.933,0.805,0.736,0.791
24,B1_2,0.629,0.818,0.727,0.804,0.95,1.0,0.946,0.826,0.81,0.597,0.863,0.783,0.915,0.731,0.68,0.768
24,B1_3,0.64,0.789,0.766,0.721,0.965,0.946,1.0,0.815,0.833,0.558,0.916,0.787,0.902,0.768,0.693,0.855
24,A2_1,0.926,0.904,0.814,0.864,0.866,0.826,0.815,1.0,0.957,0.863,0.886,0.921,0.944,0.896,0.852,0.769
24,A2_2,0.92,0.868,0.766,0.76,0.878,0.81,0.833,0.957,1.0,0.766,0.903,0.863,0.953,0.85,0.826,0.701
24,A2_3,0.91,0.877,0.846,0.89,0.633,0.597,0.558,0.863,0.766,1.0,0.702,0.851,0.679,0.875,0.865,0.627
24,B2_1,0.777,0.769,0.778,0.711,0.901,0.863,0.916,0.886,0.903,0.702,1.0,0.772,0.903,0.799,0.735,0.909
24,B2_2,0.85,0.948,0.93,0.885,0.836,0.783,0.787,0.921,0.863,0.851,0.772,1.0,0.852,0.975,0.959,0.704
24,B2_3,0.81,0.848,0.725,0.785,0.933,0.915,0.902,0.944,0.953,0.679,0.903,0.852,1.0,0.794,0.754,0.751
24,y1,0.856,0.913,0.962,0.84,0.805,0.731,0.768,0.896,0.85,0.875,0.799,0.975,0.794,1.0,0.976,0.742
24,y2,0.854,0.912,0.96,0.81,0.736,0.68,0.693,0.852,0.826,0.865,0.735,0.959,0.754,0.976,1.0,0.637
24,y3,0.594,0.636,0.753,0.637,0.791,0.768,0.855,0.769,0.701,0.627,0.909,0.704,0.751,0.742,0.637,1.0
25,.,1.0,0.872,0.774,0.782,0.655,0.579,0.59,0.915,0.908,0.905,0.742,0.832,0.771,0.841,0.842,0.556
25,A1_1,0.872,1.0,0.895,0.944,0.827,0.795,0.764,0.9,0.861,0.87,0.752,0.946,0.83,0.905,0.908,0.605
25,A1_2,0.774,0.895,1.0,0.814,0.735,0.698,0.738,0.808,0.757,0.84,0.759,0.927,0.701,0.963,0.96,0.737
25,A1_3,0.782,0.944,0.814,1.0,0.788,0.781,0.695,0.86,0.749,0.885,0.693,0.883,0.765,0.83,0.803,0.609
25,B1_1,0.655,0.827,0.735,0.788,1.0,0.949,0.965,0.852,0.865,0.591,0.9,0.827,0.933,0.777,0.71,0.768
25,B1_2,0.579,0.795,0.698,0.781,0.949,1.0,0.946,0.81,0.794,0.553,0.86,0.773,0.915,0.698,0.65,0.741
25,B1_3,0.59,0.764,0.738,0.695,0.965,0.946,1.0,0.797,0.819,0.513,0.915,0.776,0.902,0.739,0.665,0.833
25,A2_1,0.915,0.9,0.808,0.86,0.852,0.81,0.797,1.0,0.955,0.855,0.877,0.92,0.932,0.888,0.846,0.748
25,A2_2,0.908,0.861,0.757,0.749,0.865,0.794,0.819,0.955,1.0,0.751,0.898,0.858,0.944,0.838,0.816,0.679
25,A2_3,0.905,0.87,0.84,0.885,0.591,0.553,0.513,0.855,0.751,1.0,0.67,0.837,0.64,0.866,0.857,0.604
25,B2_1,0.742,0.752,0.759,0.693,0.9,0.86,0.915,0.877,0.898,0.67,1.0,0.765,0.902,0.779,0.714,0.9
25,B2_2,0.832,0.946,0.927,0.883,0.827,0.773,0.776,0.92,0.858,0.837,0.765,1.0,0.842,0.971,0.955,0.689
25,B2_3,0.771,0.83,0.701,0.765,0.933,0.915,0.902,0.932,0.944,0.64,0.902,0.842,1.0,0.766,0.729,0.726
25,y1,0.841,0.905,0.963,0.83,0.777,0.698,0.739,0.888,0.838,0.866,0.779,0.971,0.766,1.0,0.975,0.725
25,y2,0.842,0.908,0.96,0.803,0.71,0.65,0.665,0.846,0.816,0.857,0.714,0.955,0.729,0.975,1.0,0.617
25,y3,0.556,0.605,0.737,0.609,0.768,0.741,0.833,0.748,0.679,0.604,0.9,0.689,0.726,0.725,0.617,1.0
26,.,1.0,0.86,0.762,0.766,0.602,0.522,0.535,0.903,0.894,0.901,0.701,0.811,0.724,0.826,0.83,0.518
