,,.,A1_1,A1_2,A1_3,B1_1,B1_2,B1_3,A2_1,A2_2,A2_3,B2_1,B2_2,B2_3,y1,y2,y3
1,.,1.0,0.519,0.053,0.037,-0.118,-0.007,0.185,-0.054,-0.032,0.164,0.31,0.167,0.274,-0.255,0.119,-0.146
1,A1_1,0.519,1.0,0.486,0.448,-0.417,0.046,0.282,-0.028,-0.178,-0.06,-0.252,0.417,0.448,-0.239,0.424,-0.268
1,A1_2,0.053,0.486,1.0,0.019,-0.522,0.308,0.389,-0.136,-0.219,-0.286,-0.109,0.393,0.249,0.291,0.588,0.21
1,A1_3,0.037,0.448,0.019,1.0,-0.165,0.074,-0.247,0.042,-0.604,0.535,-0.104,-0.06,0.021,-0.4,-0.115,-0.175
1,B1_1,-0.118,-0.417,-0.522,-0.165,1.0,0.098,0.022,-0.071,0.283,-0.166,0.376,-0.512,-0.622,-0.278,-0.47,-0.187
1,B1_2,-0.007,0.046,0.308,0.074,0.098,1.0,0.407,0.306,-0.046,-0.192,0.29,-0.252,0.344,-0.13,-0.051,0.013
1,B1_3,0.185,0.282,0.389,-0.247,0.022,0.407,1.0,0.069,0.123,-0.489,0.383,-0.164,0.333,-0.114,0.081,0.344
1,A2_1,-0.054,-0.028,-0.136,0.042,-0.071,0.306,0.069,1.0,0.359,0.04,0.018,-0.096,0.346,0.003,-0.24,-0.025
1,A2_2,-0.032,-0.178,-0.219,-0.604,0.283,-0.046,0.123,0.359,1.0,-0.443,-0.258,0.319,0.102,0.111,-0.045,0.04
1,A2_3,0.164,-0.06,-0.286,0.535,-0.166,-0.192,-0.489,0.04,-0.443,1.0,-0.052,-0.002,-0.286,0.214,-0.139,-0.272
1,B2_1,0.31,-0.252,-0.109,-0.104,0.376,0.29,0.383,0.018,-0.258,-0.052,1.0,-0.789,-0.123,-0.264,-0.186,0.196
1,B2_2,0.167,0.417,0.393,-0.06,-0.512,-0.252,-0.164,-0.096,0.319,-0.002,-0.789,1.0,0.249,0.249,0.288,0.053
1,B2_3,0.274,0.448,0.249,0.021,-0.622,0.344,0.333,0.346,0.102,-0.286,-0.123,0.249,1.0,-0.266,0.172,0.21
1,y1,-0.255,-0.239,0.291,-0.4,-0.278,-0.13,-0.114,0.003,0.111,0.214,-0.264,0.249,-0.266,1.0,0.544,-0.226
1,y2,0.119,0.424,0.588,-0.115,-0.47,-0.051,0.081,-0.24,-0.045,-0.139,-0.186,0.288,0.172,0.544,1.0,-0.351
1,y3,-0.146,-0.268,0.21,-0.175,-0.187,0.013,0.344,-0.025,0.04,-0.272,0.196,0.053,0.21,-0.226,-0.351,1.0
2,.,1.0,0.518,0.053,0.037,-0.122,-0.01,0.181,-0.052,-0.031,0.166,0.308,0.171,0.276,-0.254,0.118,-0.145
2,A1_1,0.518,1.0,0.486,0.448,-0.416,0.047,0.283,-0.029,-0.178,-0.059,-0.251,0.417,0.448,-0.239,0.424,-0.269
2,A1_2,0.053,0.486,1.0,0.02,-0.522,0.309,0.389,-0.136,-0.219,-0.285,-0.11,0.392,0.248,0.291,0.589,0.209
2,A1_3,0.037,0.448,0.02,1.0,-0.165,0.074,-0.246,0.041,-0.605,0.535,-0.104,-0.06,0.02,-0.401,-0.115,-0.176
2,B1_1,-0.122,-0.416,-0.522,-0.165,1.0,0.097,0.022,-0.071,0.285,-0.166,0.375,-0.512,-0.622,-0.277,-0.469,-0.187
2,B1_2,-0.01,0.047,0.309,0.074,0.097,1.0,0.408,0.306,-0.044,-0.192,0.289,-0.252,0.344,-0.129,-0.049,0.013
2,B1_3,0.181,0.283,0.389,-0.246,0.022,0.408,1.0,0.069,0.124,-0.488,0.383,-0.162,0.334,-0.113,0.082,0.343
2,A2_1,-0.052,-0.029,-0.136,0.041,-0.071,0.306,0.069,1.0,0.357,0.039,0.017,-0.096,0.345,0.003,-0.24,-0.025
2,A2_2,-0.031,-0.178,-0.219,-0.605,0.285,-0.044,0.124,0.357,1.0,-0.443,-0.257,0.32,0.102,0.111,-0.045,0.039
2,A2_3,0.166,-0.059,-0.285,0.535,-0.166,-0.192,-0.488,0.039,-0.443,1.0,-0.053,-0.002,-0.287,0.213,-0.14,-0.273
2,B2_1,0.308,-0.251,-0.11,-0.104,0.375,0.289,0.383,0.017,-0.257,-0.053,1.0,-0.79,-0.123,-0.263,-0.184,0.197
2,B2_2,0.171,0.417,0.392,-0.06,-0.512,-0.252,-0.162,-0.096,0.32,-0.002,-0.79,1.0,0.25,0.248,0.288,0.051
2,B2_3,0.276,0.448,0.248,0.02,-0.622,0.344,0.334,0.345,0.102,-0.287,-0.123,0.25,1.0,-0.267,0.173,0.209
2,y1,-0.254,-0.239,0.291,-0.401,-0.277,-0.129,-0.113,0.003,0.111,0.213,-0.263,0.248,-0.267,1.0,0.543,-0.226
2,y2,0.118,0.424,0.589,-0.115,-0.469,-0.049,0.082,-0.24,-0.045,-0.14,-0.184,0.288,0.173,0.543,1.0,-0.351
2,y3,-0.145,-0.269,0.209,-0.176,-0.187,0.013,0.343,-0.025,0.039,-0.273,0.197,0.051,0.209,-0.226,-0.351,1.0
3,.,1.0,0.517,0.053,0.037,-0.126,-0.012,0.177,-0.049,-0.031,0.167,0.306,0.174,0.278,-0.254,0.117,-0.144
3,A1_1,0.517,1.0,0.487,0.449,-0.414,0.048,0.284,-0.03,-0.179,-0.058,-0.25,0.418,0.447,-0.239,0.424,-0.27
3,A1_2,0.053,0.487,1.0,0.021,-0.522,0.309,0.388,-0.136,-0.22,-0.284,-0.11,0.391,0.247,0.292,0.589,0.207
3,A1_3,0.037,0.449,0.021,1.0,-0.165,0.074,-0.246,0.041,-0.605,0.536,-0.104,-0.061,0.019,-0.401,-0.115,-0.176
3,B1_1,-0.126,-0.414,-0.522,-0.165,1.0,0.097,0.022,-0.071,0.286,-0.166,0.375,-0.512,-0.621,-0.276,-0.467,-0.188
3,B1_2,-0.012,0.048,0.309,0.074,0.097,1.0,0.409,0.307,-0.043,-0.192,0.289,-0.252,0.344,-0.128,-0.048,0.013
3,B1_3,0.177,0.284,0.388,-0.246,0.022,0.409,1.0,0.069,0.125,-0.488,0.383,-0.161,0.335,-0.112,0.084,0.342
3,A2_1,-0.049,-0.03,-0.136,0.041,-0.071,0.307,0.069,1.0,0.356,0.038,0.017,-0.097,0.344,0.004,-0.24,-0.025
3,A2_2,-0.031,-0.179,-0.22,-0.605,0.286,-0.043,0.125,0.356,1.0,-0.444,-0.257,0.322,0.102,0.112,-0.044,0.039
3,A2_3,0.167,-0.058,-0.284,0.536,-0.166,-0.192,-0.488,0.038,-0.444,1.0,-0.053,-0.002,-0.288,0.213,-0.14,-0.273
3,B2_1,0.306,-0.25,-0.11,-0.104,0.375,0.289,0.383,0.017,-0.257,-0.053,1.0,-0.79,-0.123,-0.262,-0.182,0.197
3,B2_2,0.174,0.418,0.391,-0.061,-0.512,-0.252,-0.161,-0.097,0.322,-0.002,-0.79,1.0,0.251,0.247,0.288,0.05
3,B2_3,0.278,0.447,0.247,0.019,-0.621,0.344,0.335,0.344,0.102,-0.288,-0.123,0.251,1.0,-0.267,0.173,0.208
3,y1,-0.254,-0.239,0.292,-0.401,-0.276,-0.128,-0.112,0.004,0.112,0.213,-0.262,0.247,-0.267,1.0,0.543,-0.226
3,y2,0.117,0.424,0.589,-0.115,-0.467,-0.048,0.084,-0.24,-0.044,-0.14,-0.182,0.288,0.173,0.543,1.0,-0.352
3,y3,-0.144,-0.27,0.207,-0.176,-0.188,0.013,0.342,-0.025,0.039,-0.273,0.197,0.05,0.208,-0.226,-0.352,1.0
4,.,1.0,0.515,0.052,0.036,-0.129,-0.014,0.173,-0.046,-0.031,0.168,0.304,0.176,0.279,-0.254,0.115,-0.143
4,A1_1,0.515,1.0,0.488,0.45,-0.413,0.049,0.285,-0.031,-0.179,-0.057,-0.25,0.418,0.447,-0.24,0.423,-0.271
4,A1_2,0.052,0.488,1.0,0.022,-0.522,0.309,0.388,-0.136,-0.22,-0.282,-0.111,0.39,0.246,0.292,0.589,0.206
4,A1_3,0.036,0.45,0.022,1.0,-0.165,0.074,-0.245,0.04,-0.606,0.536,-0.105,-0.061,0.018,-0.401,-0.115,-0.177
4,B1_1,-0.129,-0.413,-0.522,-0.165,1.0,0.097,0.023,-0.071,0.287,-0.166,0.374,-0.512,-0.62,-0.275,-0.465,-0.188
4,B1_2,-0.014,0.049,0.309,0.074,0.097,1.0,0.41,0.307,-0.042,-0.192,0.288,-0.252,0.344,-0.127,-0.046,0.013
4,B1_3,0.173,0.285,0.388,-0.245,0.023,0.41,1.0,0.068,0.126,-0.487,0.383,-0.159,0.336,-0.112,0.085,0.34
4,A2_1,-0.046,-0.031,-0.136,0.04,-0.071,0.307,0.068,1.0,0.355,0.038,0.016,-0.097,0.343,0.005,-0.239,-0.025
4,A2_2,-0.031,-0.179,-0.22,-0.606,0.287,-0.042,0.126,0.355,1.0,-0.444,-0.257,0.323,0.102,0.113,-0.044,0.038
4,A2_3,0.168,-0.057,-0.282,0.536,-0.166,-0.192,-0.487,0.038,-0.444,1.0,-0.054,-0.002,-0.289,0.212,-0.141,-0.274
4,B2_1,0.304,-0.25,-0.111,-0.105,0.374,0.288,0.383,0.016,-0.257,-0.054,1.0,-0.79,-0.123,-0.261,-0.18,0.196
4,B2_2,0.176,0.418,0.39,-0.061,-0.512,-0.252,-0.159,-0.097,0.323,-0.002,-0.79,1.0,0.253,0.246,0.288,0.049
4,B2_3,0.279,0.447,0.246,0.018,-0.62,0.344,0.336,0.343,0.102,-0.289,-0.123,0.253,1.0,-0.267,0.174,0.207
4,y1,-0.254,-0.24,0.292,-0.401,-0.275,-0.127,-0.112,0.005,0.113,0.212,-0.261,0.246,-0.267,1.0,0.542,-0.226
4,y2,0.115,0.423,0.589,-0.115,-0.465,-0.046,0.085,-0.239,-0.044,-0.141,-0.18,0.288,0.174,0.542,1.0,-0.352
4,y3,-0.143,-0.271,0.206,-0.177,-0.188,0.013,0.34,-0.025,0.038,-0.274,0.196,0.049,0.207,-0.226,-0.352,1.0
5,.,1.0,0.513,0.051,0.035,-0.132,-0.017,0.168,-0.043,-0.03,0.169,0.302,0.179,0.281,-0.254,0.113,-0.141
5,A1_1,0.513,1.0,0.488,0.45,-0.412,0.05,0.285,-0.032,-0.18,-0.055,-0.249,0.418,0.446,-0.24,0.423,-0.273
5,A1_2,0.051,0.488,1.0,0.023,-0.522,0.309,0.387,-0.136,-0.22,-0.281,-0.112,0.39,0.245,0.293,0.589,0.205
5,A1_3,0.035,0.45,0.023,1.0,-0.164,0.074,-0.244,0.04,-0.606,0.537,-0.105,-0.061,0.017,-0.401,-0.115,-0.177
5,B1_1,-0.132,-0.412,-0.522,-0.164,1.0,0.097,0.024,-0.071,0.289,-0.165,0.374,-0.512,-0.619,-0.274,-0.464,-0.188
5,B1_2,-0.017,0.05,0.309,0.074,0.097,1.0,0.411,0.308,-0.04,-0.192,0.288,-0.251,0.344,-0.127,-0.045,0.013
5,B1_3,0.168,0.285,0.387,-0.244,0.024,0.411,1.0,0.068,0.127,-0.487,0.383,-0.158,0.337,-0.112,0.086,0.338
5,A2_1,-0.043,-0.032,-0.136,0.04,-0.071,0.308,0.068,1.0,0.354,0.037,0.015,-0.097,0.342,0.006,-0.239,-0.025
5,A2_2,-0.03,-0.18,-0.22,-0.606,0.289,-0.04,0.127,0.354,1.0,-0.445,-0.257,0.324,0.101,0.113,-0.044,0.037
5,A2_3,0.169,-0.055,-0.281,0.537,-0.165,-0.192,-0.487,0.037,-0.445,1.0,-0.055,-0.002,-0.29,0.211,-0.141,-0.274
5,B2_1,0.302,-0.249,-0.112,-0.105,0.374,0.288,0.383,0.015,-0.257,-0.055,1.0,-0.791,-0.123,-0.26,-0.179,0.196
5,B2_2,0.179,0.418,0.39,-0.061,-0.512,-0.251,-0.158,-0.097,0.324,-0.002,-0.791,1.0,0.254,0.245,0.288,0.048
5,B2_3,0.281,0.446,0.245,0.017,-0.619,0.344,0.337,0.342,0.101,-0.29,-0.123,0.254,1.0,-0.268,0.175,0.206
5,y1,-0.254,-0.24,0.293,-0.401,-0.274,-0.127,-0.112,0.006,0.113,0.211,-0.26,0.245,-0.268,1.0,0.541,-0.225
5,y2,0.113,0.423,0.589,-0.115,-0.464,-0.045,0.086,-0.239,-0.044,-0.141,-0.179,0.288,0.175,0.541,1.0,-0.352
5,y3,-0.141,-0.273,0.205,-0.177,-0.188,0.013,0.338,-0.025,0.037,-0.274,0.196,0.048,0.206,-0.225,-0.352,1.0
6,.,1.0,0.51,0.05,0.035,-0.135,-0.02,0.164,-0.04,-0.03,0.17,0.301,0.181,0.282,-0.255,0.11,-0.14
6,A1_1,0.51,1.0,0.489,0.451,-0.411,0.051,0.286,-0.032,-0.181,-0.054,-0.248,0.419,0.446,-0.241,0.423,-0.274
6,A1_2,0.05,0.489,1.0,0.024,-0.522,0.31,0.386,-0.137,-0.22,-0.279,-0.112,0.389,0.244,0.293,0.59,0.204
6,A1_3,0.035,0.451,0.024,1.0,-0.164,0.074,-0.244,0.039,-0.607,0.537,-0.105,-0.061,0.016,-0.402,-0.116,-0.177
6,B1_1,-0.135,-0.411,-0.522,-0.164,1.0,0.098,0.025,-0.071,0.29,-0.165,0.374,-0.511,-0.618,-0.274,-0.463,-0.188
6,B1_2,-0.02,0.051,0.31,0.074,0.098,1.0,0.412,0.308,-0.039,-0.191,0.288,-0.251,0.344,-0.127,-0.044,0.013
6,B1_3,0.164,0.286,0.386,-0.244,0.025,0.412,1.0,0.068,0.127,-0.486,0.384,-0.156,0.338,-0.112,0.087,0.336
6,A2_1,-0.04,-0.032,-0.137,0.039,-0.071,0.308,0.068,1.0,0.353,0.036,0.014,-0.097,0.341,0.007,-0.239,-0.025
6,A2_2,-0.03,-0.181,-0.22,-0.607,0.29,-0.039,0.127,0.353,1.0,-0.445,-0.257,0.326,0.101,0.114,-0.043,0.036
6,A2_3,0.17,-0.054,-0.279,0.537,-0.165,-0.191,-0.486,0.036,-0.445,1.0,-0.056,-0.002,-0.291,0.21,-0.142,-0.275
6,B2_1,0.301,-0.248,-0.112,-0.105,0.374,0.288,0.384,0.014,-0.257,-0.056,1.0,-0.791,-0.123,-0.259,-0.177,0.196
6,B2_2,0.181,0.419,0.389,-0.061,-0.511,-0.251,-0.156,-0.097,0.326,-0.002,-0.791,1.0,0.255,0.245,0.289,0.046
6,B2_3,0.282,0.446,0.244,0.016,-0.618,0.344,0.338,0.341,0.101,-0.291,-0.123,0.255,1.0,-0.268,0.175,0.204
6,y1,-0.255,-0.241,0.293,-0.402,-0.274,-0.127,-0.112,0.007,0.114,0.21,-0.259,0.245,-0.268,1.0,0.541,-0.224
6,y2,0.11,0.423,0.59,-0.116,-0.463,-0.044,0.087,-0.239,-0.043,-0.142,-0.177,0.289,0.175,0.541,1.0,-0.353
6,y3,-0.14,-0.274,0.204,-0.177,-0.188,0.013,0.336,-0.025,0.036,-0.275,0.196,0.046,0.204,-0.224,-0.353,1.0
7,.,1.0,0.507,0.049,0.034,-0.139,-0.023,0.158,-0.038,-0.031,0.172,0.299,0.184,0.283,-0.255,0.108,-0.138
7,A1_1,0.507,1.0,0.489,0.452,-0.409,0.052,0.286,-0.033,-0.181,-0.053,-0.247,0.419,0.445,-0.241,0.423,-0.276
7,A1_2,0.049,0.489,1.0,0.025,-0.522,0.31,0.386,-0.137,-0.219,-0.278,-0.113,0.389,0.243,0.294,0.59,0.202
7,A1_3,0.034,0.452,0.025,1.0,-0.164,0.074,-0.243,0.039,-0.607,0.538,-0.105,-0.06,0.016,-0.402,-0.116,-0.178
7,B1_1,-0.139,-0.409,-0.522,-0.164,1.0,0.099,0.026,-0.072,0.291,-0.165,0.375,-0.511,-0.617,-0.274,-0.461,-0.188
7,B1_2,-0.023,0.052,0.31,0.074,0.099,1.0,0.414,0.308,-0.038,-0.191,0.289,-0.25,0.344,-0.127,-0.044,0.012
7,B1_3,0.158,0.286,0.386,-0.243,0.026,0.414,1.0,0.067,0.128,-0.486,0.385,-0.154,0.339,-0.113,0.087,0.334
7,A2_1,-0.038,-0.033,-0.137,0.039,-0.072,0.308,0.067,1.0,0.351,0.036,0.013,-0.097,0.341,0.008,-0.238,-0.025
7,A2_2,-0.031,-0.181,-0.219,-0.607,0.291,-0.038,0.128,0.351,1.0,-0.446,-0.257,0.328,0.101,0.114,-0.043,0.035
7,A2_3,0.172,-0.053,-0.278,0.538,-0.165,-0.191,-0.486,0.036,-0.446,1.0,-0.057,-0.002,-0.292,0.21,-0.142,-0.275
7,B2_1,0.299,-0.247,-0.113,-0.105,0.375,0.289,0.385,0.013,-0.257,-0.057,1.0,-0.792,-0.123,-0.258,-0.176,0.196
7,B2_2,0.184,0.419,0.389,-0.06,-0.511,-0.25,-0.154,-0.097,0.328,-0.002,-0.792,1.0,0.255,0.244,0.289,0.045
7,B2_3,0.283,0.445,0.243,0.016,-0.617,0.344,0.339,0.341,0.101,-0.292,-0.123,0.255,1.0,-0.269,0.175,0.203
7,y1,-0.255,-0.241,0.294,-0.402,-0.274,-0.127,-0.113,0.008,0.114,0.21,-0.258,0.244,-0.269,1.0,0.54,-0.223
7,y2,0.108,0.423,0.59,-0.116,-0.461,-0.044,0.087,-0.238,-0.043,-0.142,-0.176,0.289,0.175,0.54,1.0,-0.353
7,y3,-0.138,-0.276,0.202,-0.178,-0.188,0.012,0.334,-0.025,0.035,-0.275,0.196,0.045,0.203,-0.223,-0.353,1.0
8,.,1.0,0.504,0.048,0.032,-0.143,-0.026,0.151,-0.035,-0.031,0.173,0.296,0.186,0.284,-0.254,0.106,-0.136
8,A1_1,0.504,1.0,0.49,0.452,-0.408,0.052,0.287,-0.034,-0.182,-0.052,-0.247,0.42,0.444,-0.242,0.422,-0.278
8,A1_2,0.048,0.49,1.0,0.026,-0.521,0.309,0.384,-0.137,-0.219,-0.276,-0.113,0.388,0.242,0.295,0.591,0.201
8,A1_3,0.032,0.452,0.026,1.0,-0.163,0.074,-0.243,0.039,-0.607,0.539,-0.106,-0.06,0.015,-0.402,-0.116,-0.178
8,B1_1,-0.143,-0.408,-0.521,-0.163,1.0,0.1,0.028,-0.072,0.292,-0.165,0.375,-0.511,-0.615,-0.274,-0.46,-0.189
8,B1_2,-0.026,0.052,0.309,0.074,0.1,1.0,0.415,0.308,-0.037,-0.191,0.289,-0.25,0.344,-0.128,-0.043,0.012
8,B1_3,0.151,0.287,0.384,-0.243,0.028,0.415,1.0,0.067,0.128,-0.485,0.386,-0.152,0.341,-0.113,0.087,0.332
8,A2_1,-0.035,-0.034,-0.137,0.039,-0.072,0.308,0.067,1.0,0.35,0.035,0.012,-0.097,0.34,0.009,-0.238,-0.025
8,A2_2,-0.031,-0.182,-0.219,-0.607,0.292,-0.037,0.128,0.35,1.0,-0.446,-0.257,0.329,0.1,0.115,-0.042,0.034
8,A2_3,0.173,-0.052,-0.276,0.539,-0.165,-0.191,-0.485,0.035,-0.446,1.0,-0.058,-0.002,-0.293,0.209,-0.143,-0.275
8,B2_1,0.296,-0.247,-0.113,-0.106,0.375,0.289,0.386,0.012,-0.257,-0.058,1.0,-0.793,-0.122,-0.257,-0.175,0.195
8,B2_2,0.186,0.42,0.388,-0.06,-0.511,-0.25,-0.152,-0.097,0.329,-0.002,-0.793,1.0,0.256,0.243,0.289,0.044
8,B2_3,0.284,0.444,0.242,0.015,-0.615,0.344,0.341,0.34,0.1,-0.293,-0.122,0.256,1.0,-0.27,0.175,0.202
8,y1,-0.254,-0.242,0.295,-0.402,-0.274,-0.128,-0.113,0.009,0.115,0.209,-0.257,0.243,-0.27,1.0,0.54,-0.222
8,y2,0.106,0.422,0.591,-0.116,-0.46,-0.043,0.087,-0.238,-0.042,-0.143,-0.175,0.289,0.175,0.54,1.0,-0.353
8,y3,-0.136,-0.278,0.201,-0.178,-0.189,0.012,0.332,-0.025,0.034,-0.275,0.195,0.044,0.202,-0.222,-0.353,1.0
9,.,1.0,0.5,0.046,0.031,-0.147,-0.03,0.145,-0.031,-0.031,0.174,0.294,0.188,0.285,-0.254,0.103,-0.134
9,A1_1,0.5,1.0,0.491,0.453,-0.407,0.053,0.287,-0.034,-0.182,-0.05,-0.246,0.42,0.444,-0.242,0.422,-0.279
9,A1_2,0.046,0.491,1.0,0.028,-0.521,0.309,0.383,-0.137,-0.219,-0.275,-0.114,0.388,0.241,0.296,0.592,0.2
9,A1_3,0.031,0.453,0.028,1.0,-0.163,0.074,-0.242,0.038,-0.608,0.54,-0.106,-0.06,0.014,-0.402,-0.116,-0.179
9,B1_1,-0.147,-0.407,-0.521,-0.163,1.0,0.101,0.03,-0.072,0.293,-0.166,0.376,-0.51,-0.614,-0.274,-0.46,-0.189
9,B1_2,-0.03,0.053,0.309,0.074,0.101,1.0,0.417,0.308,-0.036,-0.191,0.29,-0.249,0.344,-0.128,-0.044,0.011
9,B1_3,0.145,0.287,0.383,-0.242,0.03,0.417,1.0,0.066,0.129,-0.485,0.388,-0.15,0.342,-0.115,0.087,0.33
9,A2_1,-0.031,-0.034,-0.137,0.038,-0.072,0.308,0.066,1.0,0.349,0.035,0.011,-0.097,0.339,0.01,-0.237,-0.025
9,A2_2,-0.031,-0.182,-0.219,-0.608,0.293,-0.036,0.129,0.349,1.0,-0.447,-0.257,0.331,0.1,0.115,-0.042,0.033
9,A2_3,0.174,-0.05,-0.275,0.54,-0.166,-0.191,-0.485,0.035,-0.447,1.0,-0.059,-0.002,-0.294,0.208,-0.143,-0.275
9,B2_1,0.294,-0.246,-0.114,-0.106,0.376,0.29,0.388,0.011,-0.257,-0.059,1.0,-0.793,-0.122,-0.257,-0.174,0.195
9,B2_2,0.188,0.42,0.388,-0.06,-0.51,-0.249,-0.15,-0.097,0.331,-0.002,-0.793,1.0,0.257,0.242,0.289,0.044
9,B2_3,0.285,0.444,0.241,0.014,-0.614,0.344,0.342,0.339,0.1,-0.294,-0.122,0.257,1.0,-0.271,0.175,0.2
9,y1,-0.254,-0.242,0.296,-0.402,-0.274,-0.128,-0.115,0.01,0.115,0.208,-0.257,0.242,-0.271,1.0,0.539,-0.22
9,y2,0.103,0.422,0.592,-0.116,-0.46,-0.044,0.087,-0.237,-0.042,-0.143,-0.174,0.289,0.175,0.539,1.0,-0.353
9,y3,-0.134,-0.279,0.2,-0.179,-0.189,0.011,0.33,-0.025,0.033,-0.275,0.195,0.044,0.2,-0.22,-0.353,1.0
10,.,1.0,0.495,0.045,0.029,-0.152,-0.035,0.136,-0.028,-0.031,0.175,0.29,0.191,0.286,-0.253,0.1,-0.131
10,A1_1,0.495,1.0,0.492,0.454,-0.406,0.053,0.287,-0.035,-0.183,-0.048,-0.246,0.421,0.443,-0.242,0.422,-0.281
10,A1_2,0.045,0.492,1.0,0.029,-0.521,0.309,0.382,-0.136,-0.219,-0.273,-0.115,0.387,0.24,0.297,0.592,0.198
10,A1_3,0.029,0.454,0.029,1.0,-0.162,0.074,-0.241,0.038,-0.608,0.541,-0.106,-0.059,0.014,-0.402,-0.117,-0.179
10,B1_1,-0.152,-0.406,-0.521,-0.162,1.0,0.103,0.032,-0.073,0.294,-0.166,0.377,-0.51,-0.611,-0.275,-0.459,-0.189
10,B1_2,-0.035,0.053,0.309,0.074,0.103,1.0,0.419,0.308,-0.035,-0.192,0.291,-0.248,0.345,-0.13,-0.044,0.01
10,B1_3,0.136,0.287,0.382,-0.241,0.032,0.419,1.0,0.065,0.129,-0.485,0.389,-0.148,0.344,-0.116,0.086,0.327
10,A2_1,-0.028,-0.035,-0.136,0.038,-0.073,0.308,0.065,1.0,0.347,0.035,0.01,-0.096,0.338,0.011,-0.237,-0.026
10,A2_2,-0.031,-0.183,-0.219,-0.608,0.294,-0.035,0.129,0.347,1.0,-0.447,-0.257,0.334,0.099,0.115,-0.042,0.031
10,A2_3,0.175,-0.048,-0.273,0.541,-0.166,-0.192,-0.485,0.035,-0.447,1.0,-0.06,-0.002,-0.295,0.208,-0.144,-0.275
10,B2_1,0.29,-0.246,-0.115,-0.106,0.377,0.291,0.389,0.01,-0.257,-0.06,1.0,-0.794,-0.121,-0.257,-0.173,0.194
10,B2_2,0.191,0.421,0.387,-0.059,-0.51,-0.248,-0.148,-0.096,0.334,-0.002,-0.794,1.0,0.258,0.241,0.29,0.043
10,B2_3,0.286,0.443,0.24,0.014,-0.611,0.345,0.344,0.338,0.099,-0.295,-0.121,0.258,1.0,-0.272,0.175,0.199
10,y1,-0.253,-0.242,0.297,-0.402,-0.275,-0.13,-0.116,0.011,0.115,0.208,-0.257,0.241,-0.272,1.0,0.539,-0.218
10,y2,0.1,0.422,0.592,-0.117,-0.459,-0.044,0.086,-0.237,-0.042,-0.144,-0.173,0.29,0.175,0.539,1.0,-0.352
10,y3,-0.131,-0.281,0.198,-0.179,-0.189,0.01,0.327,-0.026,0.031,-0.275,0.194,0.043,0.199,-0.218,-0.352,1.0
11,.,1.0,0.491,0.043,0.028,-0.157,-0.039,0.128,-0.025,-0.031,0.177,0.287,0.193,0.286,-0.251,0.097,-0.129
11,A1_1,0.491,1.0,0.492,0.455,-0.405,0.054,0.286,-0.036,-0.184,-0.047,-0.245,0.421,0.442,-0.242,0.421,-0.283
11,A1_2,0.043,0.492,1.0,0.03,-0.521,0.308,0.38,-0.136,-0.219,-0.271,-0.116,0.387,0.239,0.298,0.593,0.197
11,A1_3,0.028,0.455,0.03,1.0,-0.162,0.073,-0.241,0.038,-0.608,0.541,-0.107,-0.059,0.013,-0.402,-0.117,-0.18
11,B1_1,-0.157,-0.405,-0.521,-0.162,1.0,0.105,0.035,-0.073,0.295,-0.167,0.378,-0.509,-0.609,-0.276,-0.459,-0.189
11,B1_2,-0.039,0.054,0.308,0.073,0.105,1.0,0.422,0.308,-0.033,-0.192,0.292,-0.247,0.346,-0.131,-0.044,0.009
11,B1_3,0.128,0.286,0.38,-0.241,0.035,0.422,1.0,0.065,0.13,-0.484,0.391,-0.146,0.345,-0.118,0.085,0.324
11,A2_1,-0.025,-0.036,-0.136,0.038,-0.073,0.308,0.065,1.0,0.346,0.034,0.009,-0.096,0.337,0.012,-0.236,-0.026
11,A2_2,-0.031,-0.184,-0.219,-0.608,0.295,-0.033,0.13,0.346,1.0,-0.448,-0.257,0.336,0.099,0.115,-0.041,0.03
11,A2_3,0.177,-0.047,-0.271,0.541,-0.167,-0.192,-0.484,0.034,-0.448,1.0,-0.062,-0.003,-0.296,0.207,-0.144,-0.275
11,B2_1,0.287,-0.245,-0.116,-0.107,0.378,0.292,0.391,0.009,-0.257,-0.062,1.0,-0.795,-0.12,-0.257,-0.173,0.194
11,B2_2,0.193,0.421,0.387,-0.059,-0.509,-0.247,-0.146,-0.096,0.336,-0.003,-0.795,1.0,0.259,0.24,0.29,0.042
11,B2_3,0.286,0.442,0.239,0.013,-0.609,0.346,0.345,0.337,0.099,-0.296,-0.12,0.259,1.0,-0.273,0.175,0.198
11,y1,-0.251,-0.242,0.298,-0.402,-0.276,-0.131,-0.118,0.012,0.115,0.207,-0.257,0.24,-0.273,1.0,0.539,-0.216
11,y2,0.097,0.421,0.593,-0.117,-0.459,-0.044,0.085,-0.236,-0.041,-0.144,-0.173,0.29,0.175,0.539,1.0,-0.352
11,y3,-0.129,-0.283,0.197,-0.18,-0.189,0.009,0.324,-0.026,0.03,-0.275,0.194,0.042,0.198,-0.216,-0.352,1.0
12,.,1.0,0.486,0.042,0.026,-0.162,-0.044,0.12,-0.021,-0.031,0.178,0.283,0.195,0.286,-0.25,0.095,-0.126
12,A1_1,0.486,1.0,0.493,0.456,-0.403,0.054,0.286,-0.036,-0.184,-0.045,-0.245,0.422,0.441,-0.242,0.421,-0.285
12,A1_2,0.042,0.493,1.0,0.032,-0.52,0.307,0.379,-0.136,-0.219,-0.269,-0.117,0.387,0.238,0.299,0.594,0.196
12,A1_3,0.026,0.456,0.032,1.0,-0.162,0.073,-0.24,0.038,-0.609,0.542,-0.107,-0.059,0.012,-0.402,-0.117,-0.18
12,B1_1,-0.162,-0.403,-0.52,-0.162,1.0,0.107,0.038,-0.073,0.296,-0.167,0.379,-0.508,-0.606,-0.277,-0.458,-0.19
12,B1_2,-0.044,0.054,0.307,0.073,0.107,1.0,0.424,0.308,-0.032,-0.192,0.294,-0.246,0.346,-0.133,-0.045,0.008
12,B1_3,0.12,0.286,0.379,-0.24,0.038,0.424,1.0,0.064,0.13,-0.484,0.393,-0.144,0.347,-0.12,0.084,0.321
12,A2_1,-0.021,-0.036,-0.136,0.038,-0.073,0.308,0.064,1.0,0.345,0.034,0.008,-0.096,0.336,0.013,-0.235,-0.026
12,A2_2,-0.031,-0.184,-0.219,-0.609,0.296,-0.032,0.13,0.345,1.0,-0.448,-0.257,0.338,0.099,0.115,-0.041,0.029
12,A2_3,0.178,-0.045,-0.269,0.542,-0.167,-0.192,-0.484,0.034,-0.448,1.0,-0.064,-0.003,-0.298,0.206,-0.144,-0.275
12,B2_1,0.283,-0.245,-0.117,-0.107,0.379,0.294,0.393,0.008,-0.257,-0.064,1.0,-0.796,-0.119,-0.257,-0.172,0.193
12,B2_2,0.195,0.422,0.387,-0.059,-0.508,-0.246,-0.144,-0.096,0.338,-0.003,-0.796,1.0,0.26,0.24,0.29,0.042
12,B2_3,0.286,0.441,0.238,0.012,-0.606,0.346,0.347,0.336,0.099,-0.298,-0.119,0.26,1.0,-0.275,0.174,0.196
12,y1,-0.25,-0.242,0.299,-0.402,-0.277,-0.133,-0.12,0.013,0.115,0.206,-0.257,0.24,-0.275,1.0,0.539,-0.214
12,y2,0.095,0.421,0.594,-0.117,-0.458,-0.045,0.084,-0.235,-0.041,-0.144,-0.172,0.29,0.174,0.539,1.0,-0.351
12,y3,-0.126,-0.285,0.196,-0.18,-0.19,0.008,0.321,-0.026,0.029,-0.275,0.193,0.042,0.196,-0.214,-0.351,1.0
13,.,1.0,0.481,0.04,0.024,-0.168,-0.05,0.111,-0.018,-0.031,0.18,0.279,0.197,0.285,-0.248,0.092,-0.123
13,A1_1,0.481,1.0,0.494,0.457,-0.402,0.054,0.285,-0.037,-0.185,-0.043,-0.245,0.423,0.44,-0.242,0.421,-0.287
13,A1_2,0.04,0.494,1.0,0.033,-0.52,0.307,0.377,-0.136,-0.219,-0.267,-0.118,0.386,0.236,0.301,0.594,0.195
13,A1_3,0.024,0.457,0.033,1.0,-0.161,0.073,-0.239,0.037,-0.609,0.544,-0.108,-0.058,0.011,-0.402,-0.118,-0.181
13,B1_1,-0.168,-0.402,-0.52,-0.161,1.0,0.11,0.042,-0.073,0.297,-0.168,0.381,-0.508,-0.603,-0.278,-0.458,-0.19
13,B1_2,-0.05,0.054,0.307,0.073,0.11,1.0,0.427,0.308,-0.031,-0.193,0.296,-0.244,0.347,-0.136,-0.047,0.007
13,B1_3,0.111,0.285,0.377,-0.239,0.042,0.427,1.0,0.063,0.13,-0.484,0.395,-0.142,0.349,-0.123,0.083,0.318
13,A2_1,-0.018,-0.037,-0.136,0.037,-0.073,0.308,0.063,1.0,0.343,0.034,0.007,-0.095,0.335,0.014,-0.235,-0.026
13,A2_2,-0.031,-0.185,-0.219,-0.609,0.297,-0.031,0.13,0.343,1.0,-0.448,-0.257,0.341,0.098,0.115,-0.041,0.027
13,A2_3,0.18,-0.043,-0.267,0.544,-0.168,-0.193,-0.484,0.034,-0.448,1.0,-0.066,-0.004,-0.299,0.206,-0.144,-0.275
13,B2_1,0.279,-0.245,-0.118,-0.108,0.381,0.296,0.395,0.007,-0.257,-0.066,1.0,-0.797,-0.118,-0.258,-0.172,0.193
13,B2_2,0.197,0.423,0.386,-0.058,-0.508,-0.244,-0.142,-0.095,0.341,-0.004,-0.797,1.0,0.26,0.239,0.29,0.042
13,B2_3,0.285,0.44,0.236,0.011,-0.603,0.347,0.349,0.335,0.098,-0.299,-0.118,0.26,1.0,-0.276,0.174,0.195
13,y1,-0.248,-0.242,0.301,-0.402,-0.278,-0.136,-0.123,0.014,0.115,0.206,-0.258,0.239,-0.276,1.0,0.539,-0.211
13,y2,0.092,0.421,0.594,-0.118,-0.458,-0.047,0.083,-0.235,-0.041,-0.144,-0.172,0.29,0.174,0.539,1.0,-0.351
13,y3,-0.123,-0.287,0.195,-0.181,-0.19,0.007,0.318,-0.026,0.027,-0.275,0.193,0.042,0.195,-0.211,-0.351,1.0
14,.,1.0,0.476,0.038,0.022,-0.174,-0.056,0.1,-0.015,-0.031,0.182,0.273,0.199,0.284,-0.244,0.09,-0.12
14,A1_1,0.476,1.0,0.495,0.458,-0.401,0.054,0.284,-0.037,-0.186,-0.04,-0.245,0.424,0.438,-0.242,0.42,-0.289
14,A1_2,0.038,0.495,1.0,0.035,-0.519,0.306,0.375,-0.136,-0.219,-0.265,-0.119,0.386,0.235,0.302,0.595,0.193
14,A1_3,0.022,0.458,0.035,1.0,-0.161,0.072,-0.239,0.037,-0.609,0.545,-0.108,-0.058,0.01,-0.401,-0.118,-0.181
14,B1_1,-0.174,-0.401,-0.519,-0.161,1.0,0.113,0.046,-0.073,0.298,-0.169,0.383,-0.507,-0.6,-0.28,-0.458,-0.191
14,B1_2,-0.056,0.054,0.306,0.072,0.113,1.0,0.43,0.308,-0.03,-0.194,0.298,-0.243,0.348,-0.139,-0.048,0.006
14,B1_3,0.1,0.284,0.375,-0.239,0.046,0.43,1.0,0.062,0.131,-0.484,0.397,-0.139,0.352,-0.126,0.081,0.315
14,A2_1,-0.015,-0.037,-0.136,0.037,-0.073,0.308,0.062,1.0,0.342,0.034,0.006,-0.094,0.334,0.015,-0.234,-0.027
14,A2_2,-0.031,-0.186,-0.219,-0.609,0.298,-0.03,0.131,0.342,1.0,-0.449,-0.257,0.344,0.098,0.115,-0.04,0.025
14,A2_3,0.182,-0.04,-0.265,0.545,-0.169,-0.194,-0.484,0.034,-0.449,1.0,-0.069,-0.004,-0.301,0.206,-0.144,-0.274
14,B2_1,0.273,-0.245,-0.119,-0.108,0.383,0.298,0.397,0.006,-0.257,-0.069,1.0,-0.798,-0.117,-0.258,-0.172,0.192
14,B2_2,0.199,0.424,0.386,-0.058,-0.507,-0.243,-0.139,-0.094,0.344,-0.004,-0.798,1.0,0.261,0.238,0.29,0.042
14,B2_3,0.284,0.438,0.235,0.01,-0.6,0.348,0.352,0.334,0.098,-0.301,-0.117,0.261,1.0,-0.278,0.173,0.193
14,y1,-0.244,-0.242,0.302,-0.401,-0.28,-0.139,-0.126,0.015,0.115,0.206,-0.258,0.238,-0.278,1.0,0.54,-0.208
14,y2,0.09,0.42,0.595,-0.118,-0.458,-0.048,0.081,-0.234,-0.04,-0.144,-0.172,0.29,0.173,0.54,1.0,-0.35
14,y3,-0.12,-0.289,0.193,-0.181,-0.191,0.006,0.315,-0.027,0.025,-0.274,0.192,0.042,0.193,-0.208,-0.35,1.0
15,.,1.0,0.47,0.036,0.02,-0.18,-0.063,0.09,-0.012,-0.031,0.184,0.268,0.2,0.282,-0.241,0.088,-0.117
15,A1_1,0.47,1.0,0.496,0.459,-0.4,0.054,0.283,-0.038,-0.186,-0.038,-0.245,0.424,0.437,-0.241,0.42,-0.291
15,A1_2,0.036,0.496,1.0,0.036,-0.519,0.305,0.373,-0.136,-0.219,-0.262,-0.12,0.386,0.234,0.304,0.596,0.192
15,A1_3,0.02,0.459,0.036,1.0,-0.161,0.071,-0.238,0.037,-0.609,0.546,-0.109,-0.058,0.009,-0.4,-0.118,-0.182
15,B1_1,-0.18,-0.4,-0.519,-0.161,1.0,0.117,0.05,-0.074,0.299,-0.17,0.385,-0.506,-0.596,-0.282,-0.458,-0.191
15,B1_2,-0.063,0.054,0.305,0.071,0.117,1.0,0.433,0.308,-0.028,-0.195,0.3,-0.241,0.35,-0.142,-0.05,0.004
15,B1_3,0.09,0.283,0.373,-0.238,0.05,0.433,1.0,0.062,0.131,-0.484,0.4,-0.136,0.354,-0.129,0.079,0.311
15,A2_1,-0.012,-0.038,-0.136,0.037,-0.074,0.308,0.062,1.0,0.34,0.034,0.005,-0.094,0.333,0.015,-0.234,-0.027
15,A2_2,-0.031,-0.186,-0.219,-0.609,0.299,-0.028,0.131,0.34,1.0,-0.449,-0.256,0.348,0.098,0.114,-0.04,0.023
15,A2_3,0.184,-0.038,-0.262,0.546,-0.17,-0.195,-0.484,0.034,-0.449,1.0,-0.071,-0.005,-0.303,0.206,-0.143,-0.274
15,B2_1,0.268,-0.245,-0.12,-0.109,0.385,0.3,0.4,0.005,-0.256,-0.071,1.0,-0.799,-0.115,-0.259,-0.173,0.192
15,B2_2,0.2,0.424,0.386,-0.058,-0.506,-0.241,-0.136,-0.094,0.348,-0.005,-0.799,1.0,0.262,0.237,0.29,0.042
15,B2_3,0.282,0.437,0.234,0.009,-0.596,0.35,0.354,0.333,0.098,-0.303,-0.115,0.262,1.0,-0.28,0.171,0.192
15,y1,-0.241,-0.241,0.304,-0.4,-0.282,-0.142,-0.129,0.015,0.114,0.206,-0.259,0.237,-0.28,1.0,0.54,-0.204
15,y2,0.088,0.42,0.596,-0.118,-0.458,-0.05,0.079,-0.234,-0.04,-0.143,-0.173,0.29,0.171,0.54,1.0,-0.348
15,y3,-0.117,-0.291,0.192,-0.182,-0.191,0.004,0.311,-0.027,0.023,-0.274,0.192,0.042,0.192,-0.204,-0.348,1.0
16,.,1.0,0.465,0.035,0.018,-0.187,-0.071,0.078,-0.009,-0.032,0.186,0.261,0.202,0.28,-0.236,0.087,-0.114
16,A1_1,0.465,1.0,0.497,0.46,-0.399,0.053,0.282,-0.038,-0.187,-0.036,-0.245,0.425,0.435,-0.241,0.419,-0.293
16,A1_2,0.035,0.497,1.0,0.038,-0.518,0.304,0.37,-0.136,-0.219,-0.26,-0.121,0.385,0.233,0.305,0.597,0.191
16,A1_3,0.018,0.46,0.038,1.0,-0.161,0.071,-0.238,0.037,-0.61,0.547,-0.109,-0.057,0.009,-0.4,-0.118,-0.183
16,B1_1,-0.187,-0.399,-0.518,-0.161,1.0,0.12,0.055,-0.074,0.299,-0.172,0.387,-0.504,-0.592,-0.285,-0.459,-0.192
16,B1_2,-0.071,0.053,0.304,0.071,0.12,1.0,0.436,0.307,-0.027,-0.196,0.303,-0.239,0.351,-0.145,-0.052,0.002
16,B1_3,0.078,0.282,0.37,-0.238,0.055,0.436,1.0,0.061,0.131,-0.484,0.403,-0.133,0.357,-0.133,0.077,0.307
16,A2_1,-0.009,-0.038,-0.136,0.037,-0.074,0.307,0.061,1.0,0.339,0.034,0.004,-0.093,0.332,0.016,-0.233,-0.028
16,A2_2,-0.032,-0.187,-0.219,-0.61,0.299,-0.027,0.131,0.339,1.0,-0.449,-0.256,0.351,0.098,0.114,-0.04,0.021
16,A2_3,0.186,-0.036,-0.26,0.547,-0.172,-0.196,-0.484,0.034,-0.449,1.0,-0.074,-0.006,-0.305,0.206,-0.143,-0.273
16,B2_1,0.261,-0.245,-0.121,-0.109,0.387,0.303,0.403,0.004,-0.256,-0.074,1.0,-0.8,-0.114,-0.26,-0.173,0.191
16,B2_2,0.202,0.425,0.385,-0.057,-0.504,-0.239,-0.133,-0.093,0.351,-0.006,-0.8,1.0,0.262,0.236,0.29,0.042
16,B2_3,0.28,0.435,0.233,0.009,-0.592,0.351,0.357,0.332,0.098,-0.305,-0.114,0.262,1.0,-0.281,0.17,0.19
16,y1,-0.236,-0.241,0.305,-0.4,-0.285,-0.145,-0.133,0.016,0.114,0.206,-0.26,0.236,-0.281,1.0,0.541,-0.201
16,y2,0.087,0.419,0.597,-0.118,-0.459,-0.052,0.077,-0.233,-0.04,-0.143,-0.173,0.29,0.17,0.541,1.0,-0.347
16,y3,-0.114,-0.293,0.191,-0.183,-0.192,0.002,0.307,-0.028,0.021,-0.273,0.191,0.042,0.19,-0.201,-0.347,1.0
17,.,1.0,0.458,0.033,0.016,-0.194,-0.079,0.065,-0.007,-0.032,0.189,0.254,0.203,0.277,-0.231,0.086,-0.111
17,A1_1,0.458,1.0,0.498,0.461,-0.398,0.053,0.28,-0.039,-0.188,-0.033,-0.245,0.426,0.434,-0.24,0.419,-0.295
17,A1_2,0.033,0.498,1.0,0.04,-0.517,0.302,0.368,-0.136,-0.219,-0.258,-0.123,0.385,0.231,0.307,0.598,0.19
17,A1_3,0.016,0.461,0.04,1.0,-0.161,0.07,-0.237,0.037,-0.61,0.548,-0.11,-0.057,0.008,-0.399,-0.118,-0.183
17,B1_1,-0.194,-0.398,-0.517,-0.161,1.0,0.125,0.06,-0.074,0.3,-0.173,0.39,-0.503,-0.587,-0.288,-0.459,-0.193
17,B1_2,-0.079,0.053,0.302,0.07,0.125,1.0,0.44,0.307,-0.026,-0.197,0.306,-0.237,0.353,-0.149,-0.054,0.001
17,B1_3,0.065,0.28,0.368,-0.237,0.06,0.44,1.0,0.06,0.131,-0.485,0.406,-0.13,0.36,-0.137,0.074,0.303
17,A2_1,-0.007,-0.039,-0.136,0.037,-0.074,0.307,0.06,1.0,0.337,0.034,0.003,-0.092,0.331,0.017,-0.232,-0.029
17,A2_2,-0.032,-0.188,-0.219,-0.61,0.3,-0.026,0.131,0.337,1.0,-0.449,-0.255,0.355,0.098,0.114,-0.039,0.019
17,A2_3,0.189,-0.033,-0.258,0.548,-0.173,-0.197,-0.485,0.034,-0.449,1.0,-0.078,-0.008,-0.307,0.205,-0.142,-0.272
17,B2_1,0.254,-0.245,-0.123,-0.11,0.39,0.306,0.406,0.003,-0.255,-0.078,1.0,-0.801,-0.112,-0.261,-0.174,0.19
17,B2_2,0.203,0.426,0.385,-0.057,-0.503,-0.237,-0.13,-0.092,0.355,-0.008,-0.801,1.0,0.263,0.235,0.29,0.042
17,B2_3,0.277,0.434,0.231,0.008,-0.587,0.353,0.36,0.331,0.098,-0.307,-0.112,0.263,1.0,-0.284,0.168,0.188
17,y1,-0.231,-0.24,0.307,-0.399,-0.288,-0.149,-0.137,0.017,0.114,0.205,-0.261,0.235,-0.284,1.0,0.541,-0.196
17,y2,0.086,0.419,0.598,-0.118,-0.459,-0.054,0.074,-0.232,-0.039,-0.142,-0.174,0.29,0.168,0.541,1.0,-0.345
17,y3,-0.111,-0.295,0.19,-0.183,-0.193,0.001,0.303,-0.029,0.019,-0.272,0.19,0.042,0.188,-0.196,-0.345,1.0
18,.,1.0,0.452,0.031,0.015,-0.202,-0.088,0.052,-0.004,-0.033,0.192,0.246,0.204,0.273,-0.224,0.085,-0.107
18,A1_1,0.452,1.0,0.499,0.463,-0.397,0.052,0.279,-0.039,-0.188,-0.03,-0.245,0.426,0.432,-0.239,0.418,-0.297
18,A1_2,0.031,0.499,1.0,0.041,-0.517,0.301,0.365,-0.135,-0.219,-0.255,-0.124,0.385,0.229,0.308,0.598,0.188
18,A1_3,0.015,0.463,0.041,1.0,-0.161,0.069,-0.237,0.037,-0.61,0.55,-0.111,-0.057,0.007,-0.398,-0.118,-0.184
18,B1_1,-0.202,-0.397,-0.517,-0.161,1.0,0.13,0.066,-0.074,0.301,-0.175,0.393,-0.501,-0.581,-0.291,-0.46,-0.194
18,B1_2,-0.088,0.052,0.301,0.069,0.13,1.0,0.444,0.306,-0.024,-0.198,0.31,-0.234,0.355,-0.154,-0.057,-0.002
18,B1_3,0.052,0.279,0.365,-0.237,0.066,0.444,1.0,0.058,0.131,-0.485,0.41,-0.127,0.363,-0.141,0.071,0.299
18,A2_1,-0.004,-0.039,-0.135,0.037,-0.074,0.306,0.058,1.0,0.336,0.034,0.002,-0.091,0.33,0.018,-0.231,-0.03
18,A2_2,-0.033,-0.188,-0.219,-0.61,0.301,-0.024,0.131,0.336,1.0,-0.449,-0.255,0.359,0.098,0.113,-0.039,0.017
18,A2_3,0.192,-0.03,-0.255,0.55,-0.175,-0.198,-0.485,0.034,-0.449,1.0,-0.081,-0.009,-0.309,0.206,-0.142,-0.272
18,B2_1,0.246,-0.245,-0.124,-0.111,0.393,0.31,0.41,0.002,-0.255,-0.081,1.0,-0.803,-0.109,-0.263,-0.175,0.189
18,B2_2,0.204,0.426,0.385,-0.057,-0.501,-0.234,-0.127,-0.091,0.359,-0.009,-0.803,1.0,0.264,0.234,0.289,0.043
18,B2_3,0.273,0.432,0.229,0.007,-0.581,0.355,0.363,0.33,0.098,-0.309,-0.109,0.264,1.0,-0.286,0.166,0.186
18,y1,-0.224,-0.239,0.308,-0.398,-0.291,-0.154,-0.141,0.018,0.113,0.206,-0.263,0.234,-0.286,1.0,0.542,-0.192
18,y2,0.085,0.418,0.598,-0.118,-0.46,-0.057,0.071,-0.231,-0.039,-0.142,-0.175,0.289,0.166,0.542,1.0,-0.343
18,y3,-0.107,-0.297,0.188,-0.184,-0.194,-0.002,0.299,-0.03,0.017,-0.272,0.189,0.043,0.186,-0.192,-0.343,1.0
19,.,1.0,0.446,0.03,0.013,-0.21,-0.098,0.038,-0.002,-0.034,0.195,0.237,0.204,0.268,-0.217,0.085,-0.103
19,A1_1,0.446,1.0,0.5,0.464,-0.396,0.051,0.277,-0.039,-0.189,-0.027,-0.245,0.427,0.43,-0.238,0.418,-0.299
19,A1_2,0.03,0.5,1.0,0.043,-0.516,0.299,0.362,-0.135,-0.219,-0.252,-0.126,0.384,0.228,0.31,0.599,0.187
19,A1_3,0.013,0.464,0.043,1.0,-0.161,0.068,-0.236,0.037,-0.61,0.551,-0.112,-0.057,0.005,-0.396,-0.118,-0.185
19,B1_1,-0.21,-0.396,-0.516,-0.161,1.0,0.135,0.072,-0.075,0.301,-0.177,0.396,-0.499,-0.575,-0.295,-0.461,-0.195
19,B1_2,-0.098,0.051,0.299,0.068,0.135,1.0,0.448,0.306,-0.023,-0.199,0.314,-0.232,0.358,-0.159,-0.06,-0.004
19,B1_3,0.038,0.277,0.362,-0.236,0.072,0.448,1.0,0.057,0.131,-0.486,0.414,-0.123,0.366,-0.146,0.067,0.294
19,A2_1,-0.002,-0.039,-0.135,0.037,-0.075,0.306,0.057,1.0,0.334,0.034,0.001,-0.089,0.329,0.019,-0.23,-0.031
19,A2_2,-0.034,-0.189,-0.219,-0.61,0.301,-0.023,0.131,0.334,1.0,-0.449,-0.254,0.364,0.098,0.112,-0.039,0.014
19,A2_3,0.195,-0.027,-0.252,0.551,-0.177,-0.199,-0.486,0.034,-0.449,1.0,-0.085,-0.011,-0.311,0.206,-0.141,-0.27
19,B2_1,0.237,-0.245,-0.126,-0.112,0.396,0.314,0.414,0.001,-0.254,-0.085,1.0,-0.804,-0.107,-0.265,-0.176,0.188
19,B2_2,0.204,0.427,0.384,-0.057,-0.499,-0.232,-0.123,-0.089,0.364,-0.011,-0.804,1.0,0.264,0.233,0.289,0.044
19,B2_3,0.268,0.43,0.228,0.005,-0.575,0.358,0.366,0.329,0.098,-0.311,-0.107,0.264,1.0,-0.289,0.164,0.184
19,y1,-0.217,-0.238,0.31,-0.396,-0.295,-0.159,-0.146,0.019,0.112,0.206,-0.265,0.233,-0.289,1.0,0.543,-0.187
19,y2,0.085,0.418,0.599,-0.118,-0.461,-0.06,0.067,-0.23,-0.039,-0.141,-0.176,0.289,0.164,0.543,1.0,-0.341
19,y3,-0.103,-0.299,0.187,-0.185,-0.195,-0.004,0.294,-0.031,0.014,-0.27,0.188,0.044,0.184,-0.187,-0.341,1.0
20,.,1.0,0.439,0.028,0.011,-0.219,-0.108,0.025,0.001,-0.035,0.199,0.228,0.204,0.264,-0.21,0.085,-0.098
20,A1_1,0.439,1.0,0.501,0.465,-0.396,0.05,0.274,-0.04,-0.19,-0.024,-0.246,0.428,0.428,-0.237,0.417,-0.301
20,A1_2,0.028,0.501,1.0,0.045,-0.515,0.297,0.359,-0.135,-0.219,-0.25,-0.127,0.384,0.226,0.312,0.6,0.186
20,A1_3,0.011,0.465,0.045,1.0,-0.161,0.066,-0.236,0.038,-0.61,0.553,-0.113,-0.056,0.004,-0.395,-0.118,-0.186
20,B1_1,-0.219,-0.396,-0.515,-0.161,1.0,0.141,0.079,-0.075,0.302,-0.179,0.4,-0.496,-0.568,-0.299,-0.462,-0.196
20,B1_2,-0.108,0.05,0.297,0.066,0.141,1.0,0.453,0.305,-0.022,-0.201,0.318,-0.228,0.36,-0.164,-0.064,-0.007
20,B1_3,0.025,0.274,0.359,-0.236,0.079,0.453,1.0,0.056,0.131,-0.486,0.419,-0.118,0.37,-0.151,0.063,0.289
20,A2_1,0.001,-0.04,-0.135,0.038,-0.075,0.305,0.056,1.0,0.333,0.034,-0.0,-0.088,0.328,0.019,-0.229,-0.032
20,A2_2,-0.035,-0.19,-0.219,-0.61,0.302,-0.022,0.131,0.333,1.0,-0.449,-0.253,0.369,0.098,0.111,-0.039,0.012
20,A2_3,0.199,-0.024,-0.25,0.553,-0.179,-0.201,-0.486,0.034,-0.449,1.0,-0.089,-0.014,-0.314,0.206,-0.14,-0.269
20,B2_1,0.228,-0.246,-0.127,-0.113,0.4,0.318,0.419,-0.0,-0.253,-0.089,1.0,-0.805,-0.104,-0.267,-0.178,0.187
20,B2_2,0.204,0.428,0.384,-0.056,-0.496,-0.228,-0.118,-0.088,0.369,-0.014,-0.805,1.0,0.265,0.231,0.288,0.044
20,B2_3,0.264,0.428,0.226,0.004,-0.568,0.36,0.37,0.328,0.098,-0.314,-0.104,0.265,1.0,-0.292,0.161,0.182
20,y1,-0.21,-0.237,0.312,-0.395,-0.299,-0.164,-0.151,0.019,0.111,0.206,-0.267,0.231,-0.292,1.0,0.545,-0.181
20,y2,0.085,0.417,0.6,-0.118,-0.462,-0.064,0.063,-0.229,-0.039,-0.14,-0.178,0.288,0.161,0.545,1.0,-0.338
20,y3,-0.098,-0.301,0.186,-0.186,-0.196,-0.007,0.289,-0.032,0.012,-0.269,0.187,0.044,0.182,-0.181,-0.338,1.0
21,.,1.0,0.432,0.027,0.01,-0.228,-0.118,0.01,0.003,-0.035,0.202,0.218,0.202,0.257,-0.202,0.085,-0.094
21,A1_1,0.432,1.0,0.502,0.467,-0.395,0.049,0.272,-0.04,-0.19,-0.021,-0.246,0.428,0.425,-0.236,0.417,-0.303
21,A1_2,0.027,0.502,1.0,0.047,-0.514,0.295,0.355,-0.134,-0.219,-0.247,-0.129,0.383,0.224,0.314,0.601,0.185
21,A1_3,0.01,0.467,0.047,1.0,-0.161,0.065,-0.236,0.038,-0.61,0.554,-0.114,-0.056,0.003,-0.393,-0.118,-0.187
21,B1_1,-0.228,-0.395,-0.514,-0.161,1.0,0.147,0.086,-0.075,0.302,-0.182,0.404,-0.493,-0.561,-0.304,-0.464,-0.197
21,B1_2,-0.118,0.049,0.295,0.065,0.147,1.0,0.458,0.304,-0.02,-0.203,0.323,-0.225,0.363,-0.17,-0.068,-0.01
21,B1_3,0.01,0.272,0.355,-0.236,0.086,0.458,1.0,0.055,0.131,-0.487,0.423,-0.114,0.374,-0.157,0.059,0.284
21,A2_1,0.003,-0.04,-0.134,0.038,-0.075,0.304,0.055,1.0,0.331,0.035,-0.001,-0.086,0.327,0.02,-0.228,-0.033
21,A2_2,-0.035,-0.19,-0.219,-0.61,0.302,-0.02,0.131,0.331,1.0,-0.449,-0.252,0.375,0.098,0.11,-0.039,0.009
21,A2_3,0.202,-0.021,-0.247,0.554,-0.182,-0.203,-0.487,0.035,-0.449,1.0,-0.094,-0.016,-0.317,0.207,-0.139,-0.268
21,B2_1,0.218,-0.246,-0.129,-0.114,0.404,0.323,0.423,-0.001,-0.252,-0.094,1.0,-0.806,-0.101,-0.27,-0.179,0.186
21,B2_2,0.202,0.428,0.383,-0.056,-0.493,-0.225,-0.114,-0.086,0.375,-0.016,-0.806,1.0,0.266,0.229,0.287,0.045
21,B2_3,0.257,0.425,0.224,0.003,-0.561,0.363,0.374,0.327,0.098,-0.317,-0.101,0.266,1.0,-0.295,0.158,0.18
21,y1,-0.202,-0.236,0.314,-0.393,-0.304,-0.17,-0.157,0.02,0.11,0.207,-0.27,0.229,-0.295,1.0,0.546,-0.175
21,y2,0.085,0.417,0.601,-0.118,-0.464,-0.068,0.059,-0.228,-0.039,-0.139,-0.179,0.287,0.158,0.546,1.0,-0.335
21,y3,-0.094,-0.303,0.185,-0.187,-0.197,-0.01,0.284,-0.033,0.009,-0.268,0.186,0.045,0.18,-0.175,-0.335,1.0
22,.,1.0,0.425,0.025,0.008,-0.237,-0.129,-0.005,0.005,-0.036,0.206,0.207,0.2,0.25,-0.193,0.085,-0.088
22,A1_1,0.425,1.0,0.503,0.469,-0.394,0.047,0.269,-0.04,-0.191,-0.018,-0.247,0.429,0.423,-0.234,0.416,-0.305
22,A1_2,0.025,0.503,1.0,0.049,-0.513,0.293,0.352,-0.134,-0.218,-0.244,-0.131,0.383,0.222,0.316,0.602,0.184
22,A1_3,0.008,0.469,0.049,1.0,-0.161,0.063,-0.235,0.038,-0.61,0.556,-0.115,-0.056,0.002,-0.391,-0.117,-0.187
22,B1_1,-0.237,-0.394,-0.513,-0.161,1.0,0.154,0.094,-0.075,0.302,-0.185,0.409,-0.49,-0.552,-0.309,-0.466,-0.199
22,B1_2,-0.129,0.047,0.293,0.063,0.154,1.0,0.464,0.303,-0.019,-0.205,0.329,-0.22,0.367,-0.177,-0.072,-0.013
22,B1_3,-0.005,0.269,0.352,-0.235,0.094,0.464,1.0,0.053,0.13,-0.488,0.429,-0.108,0.378,-0.163,0.054,0.278
22,A2_1,0.005,-0.04,-0.134,0.038,-0.075,0.303,0.053,1.0,0.329,0.035,-0.002,-0.085,0.326,0.021,-0.227,-0.034
22,A2_2,-0.036,-0.191,-0.218,-0.61,0.302,-0.019,0.13,0.329,1.0,-0.448,-0.251,0.381,0.099,0.109,-0.038,0.006
22,A2_3,0.206,-0.018,-0.244,0.556,-0.185,-0.205,-0.488,0.035,-0.448,1.0,-0.099,-0.019,-0.32,0.208,-0.137,-0.266
22,B2_1,0.207,-0.247,-0.131,-0.115,0.409,0.329,0.429,-0.002,-0.251,-0.099,1.0,-0.808,-0.097,-0.273,-0.182,0.184
22,B2_2,0.2,0.429,0.383,-0.056,-0.49,-0.22,-0.108,-0.085,0.381,-0.019,-0.808,1.0,0.267,0.227,0.285,0.046
22,B2_3,0.25,0.423,0.222,0.002,-0.552,0.367,0.378,0.326,0.099,-0.32,-0.097,0.267,1.0,-0.298,0.155,0.178
22,y1,-0.193,-0.234,0.316,-0.391,-0.309,-0.177,-0.163,0.021,0.109,0.208,-0.273,0.227,-0.298,1.0,0.548,-0.169
22,y2,0.085,0.416,0.602,-0.117,-0.466,-0.072,0.054,-0.227,-0.038,-0.137,-0.182,0.285,0.155,0.548,1.0,-0.332
22,y3,-0.088,-0.305,0.184,-0.187,-0.199,-0.013,0.278,-0.034,0.006,-0.266,0.184,0.046,0.178,-0.169,-0.332,1.0
23,.,1.0,0.418,0.024,0.007,-0.247,-0.141,-0.021,0.007,-0.036,0.21,0.194,0.198,0.242,-0.182,0.086,-0.082
23,A1_1,0.418,1.0,0.505,0.47,-0.393,0.045,0.265,-0.04,-0.192,-0.014,-0.248,0.43,0.42,-0.232,0.416,-0.307
23,A1_2,0.024,0.505,1.0,0.052,-0.512,0.291,0.348,-0.133,-0.218,-0.241,-0.132,0.382,0.22,0.318,0.603,0.183
23,A1_3,0.007,0.47,0.052,1.0,-0.161,0.061,-0.235,0.038,-0.61,0.558,-0.116,-0.056,0.001,-0.389,-0.117,-0.188
23,B1_1,-0.247,-0.393,-0.512,-0.161,1.0,0.162,0.103,-0.076,0.303,-0.188,0.414,-0.485,-0.543,-0.314,-0.467,-0.201
23,B1_2,-0.141,0.045,0.291,0.061,0.162,1.0,0.469,0.301,-0.018,-0.207,0.335,-0.215,0.371,-0.184,-0.077,-0.017
23,B1_3,-0.021,0.265,0.348,-0.235,0.103,0.469,1.0,0.051,0.13,-0.488,0.435,-0.102,0.383,-0.17,0.049,0.272
23,A2_1,0.007,-0.04,-0.133,0.038,-0.076,0.301,0.051,1.0,0.327,0.036,-0.003,-0.083,0.325,0.021,-0.226,-0.036
23,A2_2,-0.036,-0.192,-0.218,-0.61,0.303,-0.018,0.13,0.327,1.0,-0.448,-0.25,0.387,0.099,0.108,-0.038,0.003
23,A2_3,0.21,-0.014,-0.241,0.558,-0.188,-0.207,-0.488,0.036,-0.448,1.0,-0.105,-0.023,-0.324,0.209,-0.136,-0.264
23,B2_1,0.194,-0.248,-0.132,-0.116,0.414,0.335,0.435,-0.003,-0.25,-0.105,1.0,-0.808,-0.093,-0.276,-0.184,0.182
23,B2_2,0.198,0.43,0.382,-0.056,-0.485,-0.215,-0.102,-0.083,0.387,-0.023,-0.808,1.0,0.268,0.224,0.283,0.048
23,B2_3,0.242,0.42,0.22,0.001,-0.543,0.371,0.383,0.325,0.099,-0.324,-0.093,0.268,1.0,-0.302,0.151,0.175
23,y1,-0.182,-0.232,0.318,-0.389,-0.314,-0.184,-0.17,0.021,0.108,0.209,-0.276,0.224,-0.302,1.0,0.549,-0.162
23,y2,0.086,0.416,0.603,-0.117,-0.467,-0.077,0.049,-0.226,-0.038,-0.136,-0.184,0.283,0.151,0.549,1.0,-0.328
23,y3,-0.082,-0.307,0.183,-0.188,-0.201,-0.017,0.272,-0.036,0.003,-0.264,0.182,0.048,0.175,-0.162,-0.328,1.0
24,.,1.0,0.412,0.023,0.005,-0.258,-0.153,-0.037,0.009,-0.036,0.214,0.18,0.195,0.233,-0.171,0.087,-0.075
24,A1_1,0.412,1.0,0.506,0.472,-0.392,0.044,0.262,-0.041,-0.192,-0.01,-0.249,0.43,0.416,-0.23,0.415,-0.309
24,A1_2,0.023,0.506,1.0,0.054,-0.51,0.288,0.343,-0.133,-0.218,-0.237,-0.134,0.382,0.218,0.32,0.604,0.182
24,A1_3,0.005,0.472,0.054,1.0,-0.161,0.059,-0.235,0.039,-0.611,0.56,-0.117,-0.056,-0.001,-0.387,-0.116,-0.189
24,B1_1,-0.258,-0.392,-0.51,-0.161,1.0,0.17,0.112,-0.077,0.302,-0.191,0.42,-0.48,-0.533,-0.32,-0.469,-0.203
