,,.,A1_1,A1_2,A1_3,B1_1,B1_2,B1_3,A2_1,A2_2,A2_3,B2_1,B2_2,B2_3,y1,y2,y3
1,.,1.0,0.924,0.947,0.907,0.841,0.919,0.974,0.938,0.937,0.935,0.91,0.802,0.927,0.889,0.903,0.975
1,A1_1,0.924,1.0,0.834,0.79,0.789,0.96,0.909,0.849,0.883,0.886,0.849,0.773,0.847,0.801,0.95,0.862
1,A1_2,0.947,0.834,1.0,0.946,0.905,0.866,0.929,0.933,0.921,0.945,0.924,0.85,0.936,0.92,0.88,0.962
1,A1_3,0.907,0.79,0.946,1.0,0.871,0.808,0.93,0.956,0.928,0.924,0.924,0.872,0.952,0.913,0.868,0.944
1,B1_1,0.841,0.789,0.905,0.871,1.0,0.856,0.837,0.871,0.903,0.954,0.966,0.942,0.873,0.937,0.884,0.862
1,B1_2,0.919,0.96,0.866,0.808,0.856,1.0,0.864,0.845,0.882,0.909,0.873,0.823,0.878,0.85,0.944,0.858
1,B1_3,0.974,0.909,0.929,0.93,0.837,0.864,1.0,0.956,0.953,0.941,0.923,0.825,0.916,0.884,0.908,0.979
1,A2_1,0.938,0.849,0.933,0.956,0.871,0.845,0.956,1.0,0.973,0.937,0.948,0.878,0.963,0.894,0.901,0.968
1,A2_2,0.937,0.883,0.921,0.928,0.903,0.882,0.953,0.973,1.0,0.942,0.968,0.878,0.932,0.874,0.946,0.954
1,A2_3,0.935,0.886,0.945,0.924,0.954,0.909,0.941,0.937,0.942,1.0,0.976,0.946,0.925,0.963,0.923,0.948
1,B2_1,0.91,0.849,0.924,0.924,0.966,0.873,0.923,0.948,0.968,0.976,1.0,0.942,0.917,0.946,0.92,0.931
1,B2_2,0.802,0.773,0.85,0.872,0.942,0.823,0.825,0.878,0.878,0.946,0.942,1.0,0.854,0.931,0.86,0.831
1,B2_3,0.927,0.847,0.936,0.952,0.873,0.878,0.916,0.963,0.932,0.925,0.917,0.854,1.0,0.907,0.908,0.944
1,y1,0.889,0.801,0.92,0.913,0.937,0.85,0.884,0.894,0.874,0.963,0.946,0.931,0.907,1.0,0.841,0.902
1,y2,0.903,0.95,0.88,0.868,0.884,0.944,0.908,0.901,0.946,0.923,0.92,0.86,0.908,0.841,1.0,0.882
1,y3,0.975,0.862,0.962,0.944,0.862,0.858,0.979,0.968,0.954,0.948,0.931,0.831,0.944,0.902,0.882,1.0
2,.,1.0,0.927,0.949,0.912,0.85,0.923,0.976,0.942,0.94,0.938,0.915,0.815,0.93,0.895,0.907,0.977
2,A1_1,0.927,1.0,0.844,0.801,0.804,0.962,0.914,0.858,0.891,0.894,0.86,0.788,0.855,0.814,0.952,0.871
2,A1_2,0.949,0.844,1.0,0.95,0.91,0.874,0.934,0.938,0.926,0.949,0.929,0.862,0.94,0.926,0.888,0.964
2,A1_3,0.912,0.801,0.95,1.0,0.882,0.821,0.933,0.96,0.932,0.93,0.93,0.884,0.955,0.92,0.876,0.947
2,B1_1,0.85,0.804,0.91,0.882,1.0,0.867,0.849,0.881,0.91,0.958,0.969,0.949,0.885,0.944,0.894,0.869
2,B1_2,0.923,0.962,0.874,0.821,0.867,1.0,0.873,0.856,0.889,0.915,0.883,0.836,0.886,0.861,0.948,0.868
2,B1_3,0.976,0.914,0.934,0.933,0.849,0.873,1.0,0.958,0.957,0.945,0.929,0.837,0.921,0.891,0.913,0.98
2,A2_1,0.942,0.858,0.938,0.96,0.881,0.856,0.958,1.0,0.974,0.942,0.952,0.889,0.966,0.904,0.907,0.969
2,A2_2,0.94,0.891,0.926,0.932,0.91,0.889,0.957,0.974,1.0,0.946,0.971,0.888,0.937,0.885,0.95,0.958
2,A2_3,0.938,0.894,0.949,0.93,0.958,0.915,0.945,0.942,0.946,1.0,0.978,0.95,0.931,0.966,0.929,0.951
2,B2_1,0.915,0.86,0.929,0.93,0.969,0.883,0.929,0.952,0.971,0.978,1.0,0.947,0.924,0.951,0.926,0.935
2,B2_2,0.815,0.788,0.862,0.884,0.949,0.836,0.837,0.889,0.888,0.95,0.947,1.0,0.868,0.938,0.871,0.842
2,B2_3,0.93,0.855,0.94,0.955,0.885,0.886,0.921,0.966,0.937,0.931,0.924,0.868,1.0,0.916,0.914,0.947
2,y1,0.895,0.814,0.926,0.92,0.944,0.861,0.891,0.904,0.885,0.966,0.951,0.938,0.916,1.0,0.853,0.908
2,y2,0.907,0.952,0.888,0.876,0.894,0.948,0.913,0.907,0.95,0.929,0.926,0.871,0.914,0.853,1.0,0.889
2,y3,0.977,0.871,0.964,0.947,0.869,0.868,0.98,0.969,0.958,0.951,0.935,0.842,0.947,0.908,0.889,1.0
3,.,1.0,0.932,0.952,0.917,0.859,0.927,0.978,0.945,0.944,0.942,0.92,0.826,0.933,0.901,0.912,0.979
3,A1_1,0.932,1.0,0.854,0.814,0.819,0.965,0.919,0.867,0.898,0.901,0.871,0.804,0.864,0.828,0.955,0.88
3,A1_2,0.952,0.854,1.0,0.954,0.916,0.883,0.939,0.943,0.931,0.952,0.933,0.873,0.945,0.931,0.895,0.966
3,A1_3,0.917,0.814,0.954,1.0,0.892,0.833,0.937,0.963,0.937,0.935,0.936,0.894,0.959,0.926,0.885,0.95
3,B1_1,0.859,0.819,0.916,0.892,1.0,0.878,0.86,0.891,0.916,0.962,0.971,0.954,0.895,0.949,0.903,0.877
3,B1_2,0.927,0.965,0.883,0.833,0.878,1.0,0.881,0.866,0.897,0.922,0.893,0.849,0.894,0.872,0.952,0.877
3,B1_3,0.978,0.919,0.939,0.937,0.86,0.881,1.0,0.961,0.961,0.949,0.935,0.849,0.926,0.899,0.918,0.982
3,A2_1,0.945,0.867,0.943,0.963,0.891,0.866,0.961,1.0,0.976,0.946,0.956,0.899,0.968,0.912,0.913,0.971
3,A2_2,0.944,0.898,0.931,0.937,0.916,0.897,0.961,0.976,1.0,0.951,0.973,0.897,0.941,0.895,0.953,0.96
3,A2_3,0.942,0.901,0.952,0.935,0.962,0.922,0.949,0.946,0.951,1.0,0.98,0.954,0.937,0.97,0.934,0.953
3,B2_1,0.92,0.871,0.933,0.936,0.971,0.893,0.935,0.956,0.973,0.98,1.0,0.952,0.931,0.956,0.932,0.938
3,B2_2,0.826,0.804,0.873,0.894,0.954,0.849,0.849,0.899,0.897,0.954,0.952,1.0,0.881,0.944,0.882,0.852
3,B2_3,0.933,0.864,0.945,0.959,0.895,0.894,0.926,0.968,0.941,0.937,0.931,0.881,1.0,0.924,0.92,0.95
3,y1,0.901,0.828,0.931,0.926,0.949,0.872,0.899,0.912,0.895,0.97,0.956,0.944,0.924,1.0,0.864,0.914
3,y2,0.912,0.955,0.895,0.885,0.903,0.952,0.918,0.913,0.953,0.934,0.932,0.882,0.92,0.864,1.0,0.896
3,y3,0.979,0.88,0.966,0.95,0.877,0.877,0.982,0.971,0.96,0.953,0.938,0.852,0.95,0.914,0.896,1.0
4,.,1.0,0.936,0.955,0.921,0.867,0.931,0.98,0.948,0.946,0.945,0.924,0.837,0.936,0.907,0.916,0.981
4,A1_1,0.936,1.0,0.864,0.826,0.833,0.967,0.925,0.875,0.905,0.909,0.881,0.819,0.873,0.841,0.957,0.888
4,A1_2,0.955,0.864,1.0,0.958,0.921,0.891,0.943,0.947,0.935,0.956,0.937,0.882,0.949,0.936,0.902,0.968
4,A1_3,0.921,0.826,0.958,1.0,0.901,0.845,0.941,0.966,0.941,0.94,0.941,0.904,0.962,0.932,0.893,0.953
4,B1_1,0.867,0.833,0.921,0.901,1.0,0.888,0.87,0.9,0.922,0.965,0.973,0.959,0.905,0.954,0.911,0.884
4,B1_2,0.931,0.967,0.891,0.845,0.888,1.0,0.89,0.876,0.904,0.928,0.902,0.861,0.901,0.882,0.955,0.886
4,B1_3,0.98,0.925,0.943,0.941,0.87,0.89,1.0,0.964,0.964,0.952,0.94,0.86,0.931,0.907,0.923,0.984
4,A2_1,0.948,0.875,0.947,0.966,0.9,0.876,0.964,1.0,0.977,0.95,0.96,0.908,0.971,0.92,0.919,0.972
4,A2_2,0.946,0.905,0.935,0.941,0.922,0.904,0.964,0.977,1.0,0.954,0.975,0.905,0.945,0.903,0.956,0.963
4,A2_3,0.945,0.909,0.956,0.94,0.965,0.928,0.952,0.95,0.954,1.0,0.981,0.958,0.943,0.973,0.939,0.955
4,B2_1,0.924,0.881,0.937,0.941,0.973,0.902,0.94,0.96,0.975,0.981,1.0,0.956,0.937,0.96,0.938,0.942
4,B2_2,0.837,0.819,0.882,0.904,0.959,0.861,0.86,0.908,0.905,0.958,0.956,1.0,0.892,0.949,0.892,0.861
4,B2_3,0.936,0.873,0.949,0.962,0.905,0.901,0.931,0.971,0.945,0.943,0.937,0.892,1.0,0.931,0.926,0.953
4,y1,0.907,0.841,0.936,0.932,0.954,0.882,0.907,0.92,0.903,0.973,0.96,0.949,0.931,1.0,0.876,0.919
4,y2,0.916,0.957,0.902,0.893,0.911,0.955,0.923,0.919,0.956,0.939,0.938,0.892,0.926,0.876,1.0,0.902
4,y3,0.981,0.888,0.968,0.953,0.884,0.886,0.984,0.972,0.963,0.955,0.942,0.861,0.953,0.919,0.902,1.0
5,.,1.0,0.939,0.957,0.924,0.872,0.934,0.981,0.95,0.948,0.947,0.927,0.845,0.938,0.912,0.919,0.982
5,A1_1,0.939,1.0,0.872,0.836,0.844,0.969,0.929,0.882,0.911,0.915,0.889,0.83,0.88,0.851,0.959,0.894
5,A1_2,0.957,0.872,1.0,0.96,0.924,0.898,0.946,0.95,0.938,0.958,0.94,0.889,0.952,0.94,0.907,0.969
5,A1_3,0.924,0.836,0.96,1.0,0.908,0.855,0.944,0.969,0.944,0.944,0.945,0.91,0.964,0.937,0.9,0.955
5,B1_1,0.872,0.844,0.924,0.908,1.0,0.897,0.878,0.907,0.926,0.967,0.975,0.963,0.912,0.958,0.918,0.889
5,B1_2,0.934,0.969,0.898,0.855,0.897,1.0,0.896,0.884,0.91,0.933,0.909,0.871,0.907,0.89,0.958,0.892
5,B1_3,0.981,0.929,0.946,0.944,0.878,0.896,1.0,0.966,0.967,0.955,0.943,0.869,0.934,0.912,0.927,0.985
5,A2_1,0.95,0.882,0.95,0.969,0.907,0.884,0.966,1.0,0.978,0.953,0.962,0.914,0.972,0.926,0.924,0.973
5,A2_2,0.948,0.911,0.938,0.944,0.926,0.91,0.967,0.978,1.0,0.957,0.977,0.912,0.948,0.91,0.958,0.965
5,A2_3,0.947,0.915,0.958,0.944,0.967,0.933,0.955,0.953,0.957,1.0,0.983,0.96,0.947,0.975,0.943,0.957
5,B2_1,0.927,0.889,0.94,0.945,0.975,0.909,0.943,0.962,0.977,0.983,1.0,0.96,0.942,0.963,0.942,0.944
5,B2_2,0.845,0.83,0.889,0.91,0.963,0.871,0.869,0.914,0.912,0.96,0.96,1.0,0.9,0.953,0.9,0.868
5,B2_3,0.938,0.88,0.952,0.964,0.912,0.907,0.934,0.972,0.948,0.947,0.942,0.9,1.0,0.937,0.93,0.955
5,y1,0.912,0.851,0.94,0.937,0.958,0.89,0.912,0.926,0.91,0.975,0.963,0.953,0.937,1.0,0.884,0.924
5,y2,0.919,0.959,0.907,0.9,0.918,0.958,0.927,0.924,0.958,0.943,0.942,0.9,0.93,0.884,1.0,0.907
5,y3,0.982,0.894,0.969,0.955,0.889,0.892,0.985,0.973,0.965,0.957,0.944,0.868,0.955,0.924,0.907,1.0
6,.,1.0,0.941,0.958,0.926,0.875,0.936,0.982,0.951,0.949,0.948,0.928,0.849,0.939,0.914,0.921,0.983
6,A1_1,0.941,1.0,0.877,0.843,0.852,0.97,0.932,0.887,0.915,0.92,0.894,0.839,0.885,0.858,0.96,0.899
6,A1_2,0.958,0.877,1.0,0.962,0.926,0.903,0.949,0.952,0.941,0.96,0.942,0.894,0.954,0.943,0.911,0.971
6,A1_3,0.926,0.843,0.962,1.0,0.912,0.862,0.946,0.971,0.947,0.947,0.947,0.915,0.966,0.94,0.904,0.956
6,B1_1,0.875,0.852,0.926,0.912,1.0,0.903,0.883,0.911,0.929,0.969,0.976,0.966,0.917,0.961,0.923,0.892
6,B1_2,0.936,0.97,0.903,0.862,0.903,1.0,0.901,0.89,0.915,0.938,0.915,0.879,0.911,0.896,0.96,0.897
6,B1_3,0.982,0.932,0.949,0.946,0.883,0.901,1.0,0.967,0.969,0.957,0.946,0.874,0.937,0.917,0.93,0.985
6,A2_1,0.951,0.887,0.952,0.971,0.911,0.89,0.967,1.0,0.979,0.956,0.964,0.919,0.974,0.93,0.927,0.973
6,A2_2,0.949,0.915,0.941,0.947,0.929,0.915,0.969,0.979,1.0,0.959,0.977,0.916,0.951,0.915,0.96,0.966
6,A2_3,0.948,0.92,0.96,0.947,0.969,0.938,0.957,0.956,0.959,1.0,0.983,0.962,0.95,0.976,0.946,0.958
6,B2_1,0.928,0.894,0.942,0.947,0.976,0.915,0.946,0.964,0.977,0.983,1.0,0.962,0.945,0.965,0.945,0.945
6,B2_2,0.849,0.839,0.894,0.915,0.966,0.879,0.874,0.919,0.916,0.962,0.962,1.0,0.906,0.955,0.906,0.873
6,B2_3,0.939,0.885,0.954,0.966,0.917,0.911,0.937,0.974,0.951,0.95,0.945,0.906,1.0,0.941,0.934,0.957
6,y1,0.914,0.858,0.943,0.94,0.961,0.896,0.917,0.93,0.915,0.976,0.965,0.955,0.941,1.0,0.891,0.926
6,y2,0.921,0.96,0.911,0.904,0.923,0.96,0.93,0.927,0.96,0.946,0.945,0.906,0.934,0.891,1.0,0.91
6,y3,0.983,0.899,0.971,0.956,0.892,0.897,0.985,0.973,0.966,0.958,0.945,0.873,0.957,0.926,0.91,1.0
7,.,1.0,0.943,0.959,0.928,0.877,0.937,0.982,0.951,0.95,0.949,0.929,0.853,0.939,0.916,0.922,0.983
7,A1_1,0.943,1.0,0.882,0.849,0.859,0.971,0.934,0.892,0.918,0.923,0.899,0.845,0.889,0.865,0.961,0.903
7,A1_2,0.959,0.882,1.0,0.964,0.928,0.907,0.951,0.954,0.943,0.961,0.944,0.898,0.955,0.945,0.914,0.972
7,A1_3,0.928,0.849,0.964,1.0,0.916,0.868,0.948,0.972,0.949,0.949,0.95,0.919,0.968,0.943,0.908,0.957
7,B1_1,0.877,0.859,0.928,0.916,1.0,0.908,0.888,0.915,0.932,0.97,0.978,0.968,0.922,0.963,0.927,0.895
7,B1_2,0.937,0.971,0.907,0.868,0.908,1.0,0.905,0.895,0.919,0.941,0.919,0.885,0.915,0.902,0.962,0.901
7,B1_3,0.982,0.934,0.951,0.948,0.888,0.905,1.0,0.968,0.971,0.959,0.948,0.879,0.939,0.92,0.932,0.986
7,A2_1,0.951,0.892,0.954,0.972,0.915,0.895,0.968,1.0,0.98,0.958,0.966,0.923,0.975,0.934,0.93,0.973
7,A2_2,0.95,0.918,0.943,0.949,0.932,0.919,0.971,0.98,1.0,0.961,0.978,0.92,0.953,0.919,0.961,0.967
7,A2_3,0.949,0.923,0.961,0.949,0.97,0.941,0.959,0.958,0.961,1.0,0.984,0.964,0.953,0.978,0.949,0.959
7,B2_1,0.929,0.899,0.944,0.95,0.978,0.919,0.948,0.966,0.978,0.984,1.0,0.964,0.948,0.967,0.948,0.946
7,B2_2,0.853,0.845,0.898,0.919,0.968,0.885,0.879,0.923,0.92,0.964,0.964,1.0,0.912,0.958,0.911,0.876
7,B2_3,0.939,0.889,0.955,0.968,0.922,0.915,0.939,0.975,0.953,0.953,0.948,0.912,1.0,0.945,0.937,0.958
7,y1,0.916,0.865,0.945,0.943,0.963,0.902,0.92,0.934,0.919,0.978,0.967,0.958,0.945,1.0,0.896,0.928
7,y2,0.922,0.961,0.914,0.908,0.927,0.962,0.932,0.93,0.961,0.949,0.948,0.911,0.937,0.896,1.0,0.913
7,y3,0.983,0.903,0.972,0.957,0.895,0.901,0.986,0.973,0.967,0.959,0.946,0.876,0.958,0.928,0.913,1.0
8,.,1.0,0.944,0.959,0.927,0.876,0.937,0.983,0.95,0.95,0.948,0.927,0.853,0.939,0.915,0.922,0.983
8,A1_1,0.944,1.0,0.884,0.852,0.862,0.971,0.936,0.894,0.92,0.925,0.901,0.849,0.891,0.868,0.962,0.905
8,A1_2,0.959,0.884,1.0,0.965,0.928,0.909,0.953,0.955,0.944,0.962,0.944,0.9,0.956,0.946,0.916,0.972
8,A1_3,0.927,0.852,0.965,1.0,0.918,0.872,0.949,0.973,0.95,0.95,0.95,0.921,0.969,0.945,0.91,0.957
8,B1_1,0.876,0.862,0.928,0.918,1.0,0.912,0.89,0.917,0.933,0.971,0.978,0.97,0.925,0.964,0.929,0.895
8,B1_2,0.937,0.971,0.909,0.872,0.912,1.0,0.908,0.898,0.921,0.943,0.923,0.889,0.918,0.905,0.964,0.903
8,B1_3,0.983,0.936,0.953,0.949,0.89,0.908,1.0,0.969,0.972,0.96,0.948,0.881,0.94,0.922,0.933,0.986
8,A2_1,0.95,0.894,0.955,0.973,0.917,0.898,0.969,1.0,0.98,0.959,0.966,0.925,0.976,0.936,0.931,0.973
8,A2_2,0.95,0.92,0.944,0.95,0.933,0.921,0.972,0.98,1.0,0.962,0.978,0.922,0.954,0.921,0.962,0.968
8,A2_3,0.948,0.925,0.962,0.95,0.971,0.943,0.96,0.959,0.962,1.0,0.984,0.965,0.954,0.978,0.95,0.959
8,B2_1,0.927,0.901,0.944,0.95,0.978,0.923,0.948,0.966,0.978,0.984,1.0,0.966,0.95,0.968,0.95,0.945
8,B2_2,0.853,0.849,0.9,0.921,0.97,0.889,0.881,0.925,0.922,0.965,0.966,1.0,0.915,0.959,0.914,0.877
8,B2_3,0.939,0.891,0.956,0.969,0.925,0.918,0.94,0.976,0.954,0.954,0.95,0.915,1.0,0.947,0.938,0.958
8,y1,0.915,0.868,0.946,0.945,0.964,0.905,0.922,0.936,0.921,0.978,0.968,0.959,0.947,1.0,0.9,0.929
8,y2,0.922,0.962,0.916,0.91,0.929,0.964,0.933,0.931,0.962,0.95,0.95,0.914,0.938,0.9,1.0,0.914
8,y3,0.983,0.905,0.972,0.957,0.895,0.903,0.986,0.973,0.968,0.959,0.945,0.877,0.958,0.929,0.914,1.0
9,.,1.0,0.944,0.959,0.926,0.873,0.937,0.982,0.949,0.949,0.947,0.925,0.851,0.937,0.914,0.92,0.983
9,A1_1,0.944,1.0,0.886,0.853,0.863,0.971,0.936,0.895,0.921,0.926,0.901,0.851,0.892,0.869,0.961,0.905
9,A1_2,0.959,0.886,1.0,0.965,0.928,0.91,0.954,0.956,0.944,0.962,0.944,0.901,0.957,0.947,0.917,0.973
9,A1_3,0.926,0.853,0.965,1.0,0.919,0.874,0.949,0.973,0.95,0.951,0.951,0.922,0.969,0.945,0.911,0.957
9,B1_1,0.873,0.863,0.928,0.919,1.0,0.914,0.891,0.918,0.933,0.971,0.979,0.971,0.927,0.965,0.93,0.895
9,B1_2,0.937,0.971,0.91,0.874,0.914,1.0,0.909,0.9,0.923,0.945,0.925,0.892,0.92,0.907,0.964,0.904
9,B1_3,0.982,0.936,0.954,0.949,0.891,0.909,1.0,0.969,0.972,0.96,0.948,0.882,0.941,0.922,0.933,0.987
9,A2_1,0.949,0.895,0.956,0.973,0.918,0.9,0.969,1.0,0.98,0.959,0.966,0.927,0.976,0.937,0.932,0.973
9,A2_2,0.949,0.921,0.944,0.95,0.933,0.923,0.972,0.98,1.0,0.963,0.978,0.923,0.955,0.922,0.962,0.968
9,A2_3,0.947,0.926,0.962,0.951,0.971,0.945,0.96,0.959,0.963,1.0,0.984,0.965,0.955,0.978,0.951,0.959
9,B2_1,0.925,0.901,0.944,0.951,0.979,0.925,0.948,0.966,0.978,0.984,1.0,0.967,0.951,0.969,0.95,0.944
9,B2_2,0.851,0.851,0.901,0.922,0.971,0.892,0.882,0.927,0.923,0.965,0.967,1.0,0.917,0.959,0.915,0.877
9,B2_3,0.937,0.892,0.957,0.969,0.927,0.92,0.941,0.976,0.955,0.955,0.951,0.917,1.0,0.949,0.939,0.957
9,y1,0.914,0.869,0.947,0.945,0.965,0.907,0.922,0.937,0.922,0.978,0.969,0.959,0.949,1.0,0.902,0.929
9,y2,0.92,0.961,0.917,0.911,0.93,0.964,0.933,0.932,0.962,0.951,0.95,0.915,0.939,0.902,1.0,0.914
9,y3,0.983,0.905,0.973,0.957,0.895,0.904,0.987,0.973,0.968,0.959,0.944,0.877,0.957,0.929,0.914,1.0
10,.,1.0,0.944,0.958,0.924,0.869,0.935,0.982,0.947,0.947,0.944,0.921,0.847,0.934,0.911,0.918,0.982
10,A1_1,0.944,1.0,0.886,0.853,0.862,0.971,0.936,0.895,0.921,0.926,0.901,0.851,0.891,0.869,0.961,0.905
10,A1_2,0.958,0.886,1.0,0.965,0.927,0.911,0.954,0.955,0.944,0.962,0.943,0.9,0.957,0.947,0.917,0.973
10,A1_3,0.924,0.853,0.965,1.0,0.919,0.875,0.949,0.974,0.95,0.951,0.951,0.923,0.969,0.946,0.912,0.956
10,B1_1,0.869,0.862,0.927,0.919,1.0,0.916,0.89,0.918,0.933,0.971,0.979,0.972,0.928,0.965,0.931,0.893
10,B1_2,0.935,0.971,0.911,0.875,0.916,1.0,0.909,0.901,0.924,0.946,0.926,0.894,0.921,0.909,0.965,0.904
10,B1_3,0.982,0.936,0.954,0.949,0.89,0.909,1.0,0.969,0.972,0.96,0.947,0.882,0.941,0.922,0.933,0.987
10,A2_1,0.947,0.895,0.955,0.974,0.918,0.901,0.969,1.0,0.98,0.96,0.966,0.927,0.976,0.937,0.932,0.972
10,A2_2,0.947,0.921,0.944,0.95,0.933,0.924,0.972,0.98,1.0,0.963,0.978,0.923,0.955,0.923,0.962,0.967
10,A2_3,0.944,0.926,0.962,0.951,0.971,0.946,0.96,0.96,0.963,1.0,0.984,0.965,0.956,0.979,0.952,0.958
10,B2_1,0.921,0.901,0.943,0.951,0.979,0.926,0.947,0.966,0.978,0.984,1.0,0.968,0.952,0.969,0.951,0.943
10,B2_2,0.847,0.851,0.9,0.923,0.972,0.894,0.882,0.927,0.923,0.965,0.968,1.0,0.919,0.959,0.916,0.875
10,B2_3,0.934,0.891,0.957,0.969,0.928,0.921,0.941,0.976,0.955,0.956,0.952,0.919,1.0,0.95,0.94,0.957
10,y1,0.911,0.869,0.947,0.946,0.965,0.909,0.922,0.937,0.923,0.979,0.969,0.959,0.95,1.0,0.903,0.928
10,y2,0.918,0.961,0.917,0.912,0.931,0.965,0.933,0.932,0.962,0.952,0.951,0.916,0.94,0.903,1.0,0.913
10,y3,0.982,0.905,0.973,0.956,0.893,0.904,0.987,0.972,0.967,0.958,0.943,0.875,0.957,0.928,0.913,1.0
11,.,1.0,0.943,0.956,0.921,0.863,0.933,0.981,0.944,0.945,0.941,0.916,0.841,0.931,0.907,0.915,0.982
11,A1_1,0.943,1.0,0.885,0.852,0.861,0.97,0.936,0.894,0.921,0.926,0.899,0.849,0.89,0.868,0.96,0.904
11,A1_2,0.956,0.885,1.0,0.964,0.925,0.911,0.954,0.955,0.944,0.961,0.942,0.899,0.956,0.946,0.916,0.973
11,A1_3,0.921,0.852,0.964,1.0,0.918,0.875,0.949,0.974,0.95,0.951,0.95,0.922,0.969,0.946,0.911,0.955
11,B1_1,0.863,0.861,0.925,0.918,1.0,0.917,0.889,0.918,0.932,0.97,0.98,0.973,0.929,0.965,0.931,0.891
11,B1_2,0.933,0.97,0.911,0.875,0.917,1.0,0.909,0.901,0.924,0.947,0.927,0.896,0.921,0.91,0.965,0.903
11,B1_3,0.981,0.936,0.954,0.949,0.889,0.909,1.0,0.969,0.973,0.96,0.946,0.881,0.94,0.922,0.932,0.986
11,A2_1,0.944,0.894,0.955,0.974,0.918,0.901,0.969,1.0,0.98,0.959,0.966,0.927,0.976,0.937,0.931,0.971
11,A2_2,0.945,0.921,0.944,0.95,0.932,0.924,0.973,0.98,1.0,0.963,0.977,0.922,0.955,0.923,0.962,0.967
11,A2_3,0.941,0.926,0.961,0.951,0.97,0.947,0.96,0.959,0.963,1.0,0.984,0.965,0.956,0.978,0.952,0.957
11,B2_1,0.916,0.899,0.942,0.95,0.98,0.927,0.946,0.966,0.977,0.984,1.0,0.969,0.952,0.969,0.951,0.94
11,B2_2,0.841,0.849,0.899,0.922,0.973,0.896,0.881,0.927,0.922,0.965,0.969,1.0,0.92,0.959,0.917,0.873
11,B2_3,0.931,0.89,0.956,0.969,0.929,0.921,0.94,0.976,0.955,0.956,0.952,0.92,1.0,0.95,0.94,0.955
11,y1,0.907,0.868,0.946,0.946,0.965,0.91,0.922,0.937,0.923,0.978,0.969,0.959,0.95,1.0,0.903,0.926
11,y2,0.915,0.96,0.916,0.911,0.931,0.965,0.932,0.931,0.962,0.952,0.951,0.917,0.94,0.903,1.0,0.912
11,y3,0.982,0.904,0.973,0.955,0.891,0.903,0.986,0.971,0.967,0.957,0.94,0.873,0.955,0.926,0.912,1.0
12,.,1.0,0.942,0.954,0.917,0.856,0.93,0.98,0.941,0.943,0.938,0.91,0.834,0.926,0.902,0.911,0.981
12,A1_1,0.942,1.0,0.883,0.85,0.858,0.969,0.935,0.893,0.92,0.925,0.897,0.847,0.888,0.866,0.959,0.902
12,A1_2,0.954,0.883,1.0,0.964,0.923,0.91,0.954,0.955,0.944,0.96,0.941,0.897,0.956,0.945,0.915,0.973
12,A1_3,0.917,0.85,0.964,1.0,0.917,0.874,0.948,0.973,0.95,0.951,0.95,0.921,0.969,0.945,0.91,0.954
12,B1_1,0.856,0.858,0.923,0.917,1.0,0.918,0.888,0.917,0.931,0.97,0.98,0.973,0.929,0.965,0.931,0.887
12,B1_2,0.93,0.969,0.91,0.874,0.918,1.0,0.908,0.901,0.925,0.948,0.928,0.897,0.922,0.91,0.966,0.902
12,B1_3,0.98,0.935,0.954,0.948,0.888,0.908,1.0,0.969,0.973,0.96,0.945,0.879,0.939,0.921,0.931,0.986
12,A2_1,0.941,0.893,0.955,0.973,0.917,0.901,0.969,1.0,0.98,0.959,0.965,0.926,0.976,0.937,0.93,0.97
12,A2_2,0.943,0.92,0.944,0.95,0.931,0.925,0.973,0.98,1.0,0.963,0.976,0.922,0.955,0.922,0.962,0.966
12,A2_3,0.938,0.925,0.96,0.951,0.97,0.948,0.96,0.959,0.963,1.0,0.984,0.965,0.957,0.978,0.952,0.955
12,B2_1,0.91,0.897,0.941,0.95,0.98,0.928,0.945,0.965,0.976,0.984,1.0,0.969,0.952,0.969,0.95,0.937
12,B2_2,0.834,0.847,0.897,0.921,0.973,0.897,0.879,0.926,0.922,0.965,0.969,1.0,0.92,0.959,0.916,0.869
12,B2_3,0.926,0.888,0.956,0.969,0.929,0.922,0.939,0.976,0.955,0.957,0.952,0.92,1.0,0.951,0.94,0.954
12,y1,0.902,0.866,0.945,0.945,0.965,0.91,0.921,0.937,0.922,0.978,0.969,0.959,0.951,1.0,0.903,0.924
12,y2,0.911,0.959,0.915,0.91,0.931,0.966,0.931,0.93,0.962,0.952,0.95,0.916,0.94,0.903,1.0,0.91
12,y3,0.981,0.902,0.973,0.954,0.887,0.902,0.986,0.97,0.966,0.955,0.937,0.869,0.954,0.924,0.91,1.0
13,.,1.0,0.94,0.952,0.913,0.847,0.926,0.979,0.937,0.939,0.934,0.903,0.825,0.921,0.896,0.907,0.979
13,A1_1,0.94,1.0,0.881,0.847,0.855,0.967,0.934,0.891,0.919,0.923,0.894,0.844,0.886,0.864,0.957,0.9
13,A1_2,0.952,0.881,1.0,0.963,0.92,0.91,0.954,0.954,0.943,0.96,0.939,0.894,0.955,0.944,0.913,0.973
13,A1_3,0.913,0.847,0.963,1.0,0.915,0.874,0.948,0.973,0.949,0.95,0.949,0.92,0.968,0.944,0.909,0.952
13,B1_1,0.847,0.855,0.92,0.915,1.0,0.918,0.885,0.915,0.929,0.969,0.98,0.974,0.929,0.965,0.93,0.883
13,B1_2,0.926,0.967,0.91,0.874,0.918,1.0,0.907,0.901,0.925,0.949,0.928,0.897,0.922,0.911,0.966,0.9
13,B1_3,0.979,0.934,0.954,0.948,0.885,0.907,1.0,0.968,0.972,0.959,0.943,0.877,0.937,0.92,0.93,0.986
13,A2_1,0.937,0.891,0.954,0.973,0.915,0.901,0.968,1.0,0.98,0.959,0.964,0.925,0.975,0.936,0.929,0.968
13,A2_2,0.939,0.919,0.943,0.949,0.929,0.925,0.972,0.98,1.0,0.963,0.975,0.92,0.954,0.921,0.961,0.964
13,A2_3,0.934,0.923,0.96,0.95,0.969,0.949,0.959,0.959,0.963,1.0,0.984,0.964,0.957,0.978,0.952,0.954
13,B2_1,0.903,0.894,0.939,0.949,0.98,0.928,0.943,0.964,0.975,0.984,1.0,0.969,0.952,0.969,0.949,0.933
13,B2_2,0.825,0.844,0.894,0.92,0.974,0.897,0.877,0.925,0.92,0.964,0.969,1.0,0.92,0.958,0.916,0.864
13,B2_3,0.921,0.886,0.955,0.968,0.929,0.922,0.937,0.975,0.954,0.957,0.952,0.92,1.0,0.951,0.939,0.951
13,y1,0.896,0.864,0.944,0.944,0.965,0.911,0.92,0.936,0.921,0.978,0.969,0.958,0.951,1.0,0.902,0.921
13,y2,0.907,0.957,0.913,0.909,0.93,0.966,0.93,0.929,0.961,0.952,0.949,0.916,0.939,0.902,1.0,0.907
13,y3,0.979,0.9,0.973,0.952,0.883,0.9,0.986,0.968,0.964,0.954,0.933,0.864,0.951,0.921,0.907,1.0
14,.,1.0,0.938,0.949,0.907,0.836,0.921,0.977,0.932,0.935,0.928,0.893,0.814,0.914,0.888,0.9,0.978
14,A1_1,0.938,1.0,0.878,0.843,0.849,0.965,0.932,0.888,0.917,0.921,0.889,0.839,0.882,0.859,0.955,0.897
14,A1_2,0.949,0.878,1.0,0.962,0.916,0.908,0.954,0.952,0.942,0.958,0.936,0.89,0.954,0.942,0.911,0.972
14,A1_3,0.907,0.843,0.962,1.0,0.913,0.872,0.946,0.973,0.948,0.949,0.947,0.918,0.967,0.943,0.907,0.95
14,B1_1,0.836,0.849,0.916,0.913,1.0,0.918,0.881,0.913,0.927,0.968,0.98,0.974,0.929,0.964,0.929,0.877
14,B1_2,0.921,0.965,0.908,0.872,0.918,1.0,0.905,0.9,0.924,0.949,0.928,0.897,0.921,0.91,0.966,0.897
14,B1_3,0.977,0.932,0.954,0.946,0.881,0.905,1.0,0.968,0.972,0.958,0.94,0.873,0.935,0.918,0.928,0.985
14,A2_1,0.932,0.888,0.952,0.973,0.913,0.9,0.968,1.0,0.979,0.958,0.963,0.923,0.974,0.934,0.927,0.966
14,A2_2,0.935,0.917,0.942,0.948,0.927,0.924,0.972,0.979,1.0,0.962,0.973,0.918,0.953,0.919,0.96,0.963
14,A2_3,0.928,0.921,0.958,0.949,0.968,0.949,0.958,0.958,0.962,1.0,0.983,0.963,0.956,0.977,0.951,0.951
14,B2_1,0.893,0.889,0.936,0.947,0.98,0.928,0.94,0.963,0.973,0.983,1.0,0.97,0.952,0.968,0.948,0.929
14,B2_2,0.814,0.839,0.89,0.918,0.974,0.897,0.873,0.923,0.918,0.963,0.97,1.0,0.92,0.957,0.914,0.858
14,B2_3,0.914,0.882,0.954,0.967,0.929,0.921,0.935,0.974,0.953,0.956,0.952,0.92,1.0,0.95,0.938,0.949
14,y1,0.888,0.859,0.942,0.943,0.964,0.91,0.918,0.934,0.919,0.977,0.968,0.957,0.95,1.0,0.9,0.918
14,y2,0.9,0.955,0.911,0.907,0.929,0.966,0.928,0.927,0.96,0.951,0.948,0.914,0.938,0.9,1.0,0.904
14,y3,0.978,0.897,0.972,0.95,0.877,0.897,0.985,0.966,0.963,0.951,0.929,0.858,0.949,0.918,0.904,1.0
15,.,1.0,0.935,0.945,0.9,0.822,0.914,0.974,0.925,0.929,0.921,0.882,0.799,0.905,0.878,0.893,0.976
15,A1_1,0.935,1.0,0.874,0.838,0.842,0.963,0.93,0.885,0.915,0.918,0.884,0.832,0.877,0.854,0.953,0.893
15,A1_2,0.945,0.874,1.0,0.96,0.912,0.905,0.953,0.951,0.94,0.957,0.933,0.885,0.952,0.94,0.908,0.971
15,A1_3,0.9,0.838,0.96,1.0,0.909,0.869,0.945,0.972,0.947,0.947,0.945,0.914,0.966,0.941,0.904,0.948
15,B1_1,0.822,0.842,0.912,0.909,1.0,0.918,0.877,0.91,0.923,0.966,0.98,0.974,0.928,0.963,0.927,0.87
15,B1_2,0.914,0.963,0.905,0.869,0.918,1.0,0.903,0.898,0.923,0.949,0.928,0.897,0.92,0.909,0.965,0.892
15,B1_3,0.974,0.93,0.953,0.945,0.877,0.903,1.0,0.967,0.972,0.957,0.936,0.868,0.933,0.915,0.925,0.985
15,A2_1,0.925,0.885,0.951,0.972,0.91,0.898,0.967,1.0,0.979,0.957,0.961,0.921,0.973,0.931,0.925,0.963
15,A2_2,0.929,0.915,0.94,0.947,0.923,0.923,0.972,0.979,1.0,0.961,0.971,0.915,0.952,0.916,0.959,0.961
15,A2_3,0.921,0.918,0.957,0.947,0.966,0.949,0.957,0.957,0.961,1.0,0.982,0.961,0.956,0.976,0.95,0.948
15,B2_1,0.882,0.884,0.933,0.945,0.98,0.928,0.936,0.961,0.971,0.982,1.0,0.97,0.951,0.967,0.946,0.923
15,B2_2,0.799,0.832,0.885,0.914,0.974,0.897,0.868,0.921,0.915,0.961,0.97,1.0,0.919,0.955,0.912,0.849
15,B2_3,0.905,0.877,0.952,0.966,0.928,0.92,0.933,0.973,0.952,0.956,0.951,0.919,1.0,0.95,0.937,0.945
15,y1,0.878,0.854,0.94,0.941,0.963,0.909,0.915,0.931,0.916,0.976,0.967,0.955,0.95,1.0,0.898,0.913
15,y2,0.893,0.953,0.908,0.904,0.927,0.965,0.925,0.925,0.959,0.95,0.946,0.912,0.937,0.898,1.0,0.899
15,y3,0.976,0.893,0.971,0.948,0.87,0.892,0.985,0.963,0.961,0.948,0.923,0.849,0.945,0.913,0.899,1.0
16,.,1.0,0.931,0.94,0.891,0.804,0.905,0.971,0.918,0.923,0.912,0.867,0.782,0.895,0.866,0.883,0.973
16,A1_1,0.931,1.0,0.869,0.831,0.834,0.96,0.927,0.88,0.912,0.914,0.877,0.824,0.871,0.847,0.95,0.889
16,A1_2,0.94,0.869,1.0,0.958,0.906,0.902,0.952,0.949,0.939,0.954,0.928,0.879,0.949,0.937,0.904,0.971
16,A1_3,0.891,0.831,0.958,1.0,0.905,0.866,0.943,0.971,0.945,0.945,0.942,0.91,0.965,0.939,0.9,0.944
16,B1_1,0.804,0.834,0.906,0.905,1.0,0.917,0.871,0.905,0.919,0.965,0.98,0.974,0.927,0.961,0.924,0.86
16,B1_2,0.905,0.96,0.902,0.866,0.917,1.0,0.899,0.896,0.922,0.949,0.927,0.896,0.919,0.908,0.965,0.887
16,B1_3,0.971,0.927,0.952,0.943,0.871,0.899,1.0,0.966,0.971,0.956,0.932,0.862,0.93,0.912,0.922,0.984
16,A2_1,0.918,0.88,0.949,0.971,0.905,0.896,0.966,1.0,0.978,0.955,0.958,0.917,0.972,0.929,0.922,0.96
16,A2_2,0.923,0.912,0.939,0.945,0.919,0.922,0.971,0.978,1.0,0.96,0.969,0.911,0.95,0.913,0.957,0.958
16,A2_3,0.912,0.914,0.954,0.945,0.965,0.949,0.956,0.955,0.96,1.0,0.981,0.959,0.955,0.975,0.948,0.944
16,B2_1,0.867,0.877,0.928,0.942,0.98,0.927,0.932,0.958,0.969,0.981,1.0,0.97,0.95,0.966,0.944,0.915
16,B2_2,0.782,0.824,0.879,0.91,0.974,0.896,0.862,0.917,0.911,0.959,0.97,1.0,0.917,0.953,0.909,0.839
16,B2_3,0.895,0.871,0.949,0.965,0.927,0.919,0.93,0.972,0.95,0.955,0.95,0.917,1.0,0.949,0.935,0.94
16,y1,0.866,0.847,0.937,0.939,0.961,0.908,0.912,0.929,0.913,0.975,0.966,0.953,0.949,1.0,0.895,0.907
16,y2,0.883,0.95,0.904,0.9,0.924,0.965,0.922,0.922,0.957,0.948,0.944,0.909,0.935,0.895,1.0,0.893
16,y3,0.973,0.889,0.971,0.944,0.86,0.887,0.984,0.96,0.958,0.944,0.915,0.839,0.94,0.907,0.893,1.0
17,.,1.0,0.927,0.934,0.88,0.783,0.894,0.967,0.908,0.914,0.901,0.849,0.76,0.882,0.852,0.872,0.97
17,A1_1,0.927,1.0,0.864,0.824,0.824,0.956,0.924,0.875,0.908,0.91,0.868,0.814,0.864,0.839,0.947,0.883
17,A1_2,0.934,0.864,1.0,0.956,0.899,0.899,0.951,0.946,0.936,0.952,0.923,0.872,0.946,0.933,0.899,0.969
17,A1_3,0.88,0.824,0.956,1.0,0.9,0.862,0.941,0.97,0.943,0.943,0.938,0.905,0.963,0.936,0.896,0.941
17,B1_1,0.783,0.824,0.899,0.9,1.0,0.915,0.864,0.901,0.915,0.962,0.979,0.974,0.925,0.96,0.921,0.849
17,B1_2,0.894,0.956,0.899,0.862,0.915,1.0,0.896,0.893,0.92,0.948,0.926,0.894,0.918,0.907,0.964,0.88
17,B1_3,0.967,0.924,0.951,0.941,0.864,0.896,1.0,0.965,0.97,0.954,0.927,0.855,0.926,0.908,0.918,0.983
17,A2_1,0.908,0.875,0.946,0.97,0.901,0.893,0.965,1.0,0.977,0.953,0.955,0.913,0.971,0.925,0.919,0.957
17,A2_2,0.914,0.908,0.936,0.943,0.915,0.92,0.97,0.977,1.0,0.958,0.966,0.906,0.949,0.909,0.955,0.955
17,A2_3,0.901,0.91,0.952,0.943,0.962,0.948,0.954,0.953,0.958,1.0,0.98,0.957,0.954,0.974,0.947,0.94
17,B2_1,0.849,0.868,0.923,0.938,0.979,0.926,0.927,0.955,0.966,0.98,1.0,0.97,0.949,0.965,0.941,0.906
17,B2_2,0.76,0.814,0.872,0.905,0.974,0.894,0.855,0.913,0.906,0.957,0.97,1.0,0.916,0.95,0.905,0.827
17,B2_3,0.882,0.864,0.946,0.963,0.925,0.918,0.926,0.971,0.949,0.954,0.949,0.916,1.0,0.948,0.933,0.935
17,y1,0.852,0.839,0.933,0.936,0.96,0.907,0.908,0.925,0.909,0.974,0.965,0.95,0.948,1.0,0.891,0.9
17,y2,0.872,0.947,0.899,0.896,0.921,0.964,0.918,0.919,0.955,0.947,0.941,0.905,0.933,0.891,1.0,0.887
17,y3,0.97,0.883,0.969,0.941,0.849,0.88,0.983,0.957,0.955,0.94,0.906,0.827,0.935,0.9,0.887,1.0
18,.,1.0,0.921,0.927,0.868,0.76,0.882,0.961,0.897,0.905,0.889,0.829,0.736,0.866,0.836,0.859,0.966
18,A1_1,0.921,1.0,0.858,0.816,0.813,0.952,0.921,0.87,0.905,0.906,0.859,0.804,0.857,0.831,0.943,0.877
18,A1_2,0.927,0.858,1.0,0.954,0.892,0.895,0.949,0.944,0.934,0.949,0.917,0.864,0.943,0.929,0.894,0.968
18,A1_3,0.868,0.816,0.954,1.0,0.894,0.857,0.939,0.969,0.941,0.941,0.935,0.9,0.961,0.933,0.891,0.936
18,B1_1,0.76,0.813,0.892,0.894,1.0,0.915,0.858,0.895,0.91,0.96,0.979,0.974,0.924,0.958,0.917,0.837
18,B1_2,0.882,0.952,0.895,0.857,0.915,1.0,0.892,0.89,0.918,0.948,0.925,0.893,0.917,0.905,0.963,0.873
18,B1_3,0.961,0.921,0.949,0.939,0.858,0.892,1.0,0.963,0.969,0.952,0.922,0.848,0.922,0.904,0.915,0.982
18,A2_1,0.897,0.87,0.944,0.969,0.895,0.89,0.963,1.0,0.977,0.952,0.952,0.908,0.969,0.921,0.915,0.952
18,A2_2,0.905,0.905,0.934,0.941,0.91,0.918,0.969,0.977,1.0,0.956,0.963,0.902,0.946,0.904,0.953,0.951
18,A2_3,0.889,0.906,0.949,0.941,0.96,0.948,0.952,0.952,0.956,1.0,0.979,0.955,0.953,0.973,0.945,0.934
18,B2_1,0.829,0.859,0.917,0.935,0.979,0.925,0.922,0.952,0.963,0.979,1.0,0.97,0.948,0.963,0.939,0.895
18,B2_2,0.736,0.804,0.864,0.9,0.974,0.893,0.848,0.908,0.902,0.955,0.97,1.0,0.914,0.948,0.901,0.813
18,B2_3,0.866,0.857,0.943,0.961,0.924,0.917,0.922,0.969,0.946,0.953,0.948,0.914,1.0,0.946,0.931,0.928
18,y1,0.836,0.831,0.929,0.933,0.958,0.905,0.904,0.921,0.904,0.973,0.963,0.948,0.946,1.0,0.887,0.892
18,y2,0.859,0.943,0.894,0.891,0.917,0.963,0.915,0.915,0.953,0.945,0.939,0.901,0.931,0.887,1.0,0.879
18,y3,0.966,0.877,0.968,0.936,0.837,0.873,0.982,0.952,0.951,0.934,0.895,0.813,0.928,0.892,0.879,1.0
19,.,1.0,0.915,0.918,0.853,0.73,0.865,0.954,0.884,0.893,0.873,0.803,0.706,0.847,0.815,0.842,0.962
19,A1_1,0.915,1.0,0.851,0.806,0.8,0.947,0.917,0.863,0.9,0.9,0.848,0.79,0.847,0.821,0.939,0.87
19,A1_2,0.918,0.851,1.0,0.951,0.882,0.889,0.948,0.94,0.931,0.946,0.91,0.853,0.939,0.924,0.888,0.966
19,A1_3,0.853,0.806,0.951,1.0,0.887,0.852,0.937,0.967,0.938,0.937,0.93,0.893,0.959,0.929,0.885,0.93
19,B1_1,0.73,0.8,0.882,0.887,1.0,0.913,0.849,0.889,0.903,0.957,0.979,0.974,0.922,0.955,0.913,0.821
19,B1_2,0.865,0.947,0.889,0.852,0.913,1.0,0.887,0.886,0.916,0.947,0.924,0.892,0.915,0.903,0.962,0.863
19,B1_3,0.954,0.917,0.948,0.937,0.849,0.887,1.0,0.962,0.968,0.95,0.915,0.839,0.917,0.899,0.911,0.98
19,A2_1,0.884,0.863,0.94,0.967,0.889,0.886,0.962,1.0,0.976,0.949,0.947,0.902,0.967,0.916,0.91,0.947
19,A2_2,0.893,0.9,0.931,0.938,0.903,0.916,0.968,0.976,1.0,0.954,0.959,0.895,0.944,0.899,0.951,0.946
19,A2_3,0.873,0.9,0.946,0.937,0.957,0.947,0.95,0.949,0.954,1.0,0.977,0.952,0.951,0.971,0.942,0.927
19,B2_1,0.803,0.848,0.91,0.93,0.979,0.924,0.915,0.947,0.959,0.977,1.0,0.97,0.947,0.961,0.935,0.881
19,B2_2,0.706,0.79,0.853,0.893,0.974,0.892,0.839,0.902,0.895,0.952,0.97,1.0,0.912,0.944,0.896,0.796
19,B2_3,0.847,0.847,0.939,0.959,0.922,0.915,0.917,0.967,0.944,0.951,0.947,0.912,1.0,0.945,0.928,0.919
19,y1,0.815,0.821,0.924,0.929,0.955,0.903,0.899,0.916,0.899,0.971,0.961,0.944,0.945,1.0,0.883,0.882
19,y2,0.842,0.939,0.888,0.885,0.913,0.962,0.911,0.91,0.951,0.942,0.935,0.896,0.928,0.883,1.0,0.869
19,y3,0.962,0.87,0.966,0.93,0.821,0.863,0.98,0.947,0.946,0.927,0.881,0.796,0.919,0.882,0.869,1.0
20,.,1.0,0.907,0.908,0.836,0.696,0.845,0.945,0.868,0.878,0.855,0.773,0.671,0.824,0.791,0.823,0.957
20,A1_1,0.907,1.0,0.843,0.796,0.785,0.94,0.912,0.856,0.895,0.894,0.835,0.776,0.837,0.81,0.935,0.862
20,A1_2,0.908,0.843,1.0,0.947,0.872,0.884,0.946,0.937,0.928,0.942,0.901,0.842,0.934,0.918,0.882,0.964
20,A1_3,0.836,0.796,0.947,1.0,0.879,0.846,0.935,0.965,0.935,0.934,0.924,0.886,0.956,0.924,0.879,0.924
20,B1_1,0.696,0.785,0.872,0.879,1.0,0.912,0.84,0.881,0.896,0.954,0.979,0.974,0.921,0.953,0.908,0.803
20,B1_2,0.845,0.94,0.884,0.846,0.912,1.0,0.881,0.882,0.913,0.947,0.923,0.891,0.914,0.902,0.961,0.851
20,B1_3,0.945,0.912,0.946,0.935,0.84,0.881,1.0,0.961,0.967,0.948,0.908,0.83,0.912,0.895,0.906,0.978
20,A2_1,0.868,0.856,0.937,0.965,0.881,0.882,0.961,1.0,0.975,0.947,0.943,0.895,0.965,0.911,0.905,0.941
20,A2_2,0.878,0.895,0.928,0.935,0.896,0.913,0.967,0.975,1.0,0.952,0.954,0.888,0.941,0.893,0.948,0.941
20,A2_3,0.855,0.894,0.942,0.934,0.954,0.947,0.948,0.947,0.952,1.0,0.975,0.948,0.95,0.969,0.94,0.919
20,B2_1,0.773,0.835,0.901,0.924,0.979,0.923,0.908,0.943,0.954,0.975,1.0,0.97,0.945,0.959,0.93,0.866
20,B2_2,0.671,0.776,0.842,0.886,0.974,0.891,0.83,0.895,0.888,0.948,0.97,1.0,0.91,0.94,0.89,0.776
20,B2_3,0.824,0.837,0.934,0.956,0.921,0.914,0.912,0.965,0.941,0.95,0.945,0.91,1.0,0.943,0.925,0.909
20,y1,0.791,0.81,0.918,0.924,0.953,0.902,0.895,0.911,0.893,0.969,0.959,0.94,0.943,1.0,0.877,0.871
20,y2,0.823,0.935,0.882,0.879,0.908,0.961,0.906,0.905,0.948,0.94,0.93,0.89,0.925,0.877,1.0,0.859
20,y3,0.957,0.862,0.964,0.924,0.803,0.851,0.978,0.941,0.941,0.919,0.866,0.776,0.909,0.871,0.859,1.0
21,.,1.0,0.897,0.896,0.815,0.655,0.819,0.933,0.848,0.86,0.832,0.735,0.628,0.795,0.762,0.8,0.951
21,A1_1,0.897,1.0,0.834,0.783,0.768,0.933,0.907,0.848,0.889,0.886,0.82,0.758,0.825,0.796,0.929,0.853
21,A1_2,0.896,0.834,1.0,0.943,0.859,0.876,0.944,0.932,0.923,0.937,0.89,0.827,0.928,0.911,0.873,0.961
21,A1_3,0.815,0.783,0.943,1.0,0.87,0.838,0.932,0.963,0.932,0.93,0.917,0.876,0.952,0.919,0.871,0.916
21,B1_1,0.655,0.768,0.859,0.87,1.0,0.91,0.83,0.872,0.887,0.95,0.979,0.974,0.919,0.949,0.901,0.78
21,B1_2,0.819,0.933,0.876,0.838,0.91,1.0,0.875,0.877,0.909,0.946,0.921,0.889,0.912,0.899,0.96,0.836
21,B1_3,0.933,0.907,0.944,0.932,0.83,0.875,1.0,0.959,0.966,0.946,0.9,0.819,0.906,0.889,0.901,0.975
21,A2_1,0.848,0.848,0.932,0.963,0.872,0.877,0.959,1.0,0.973,0.943,0.937,0.887,0.962,0.904,0.899,0.933
21,A2_2,0.86,0.889,0.923,0.932,0.887,0.909,0.966,0.973,1.0,0.949,0.948,0.879,0.937,0.885,0.944,0.933
21,A2_3,0.832,0.886,0.937,0.93,0.95,0.946,0.946,0.943,0.949,1.0,0.972,0.944,0.948,0.967,0.937,0.909
21,B2_1,0.735,0.82,0.89,0.917,0.979,0.921,0.9,0.937,0.948,0.972,1.0,0.97,0.944,0.956,0.925,0.845
21,B2_2,0.628,0.758,0.827,0.876,0.974,0.889,0.819,0.887,0.879,0.944,0.97,1.0,0.908,0.935,0.883,0.751
21,B2_3,0.795,0.825,0.928,0.952,0.919,0.912,0.906,0.962,0.937,0.948,0.944,0.908,1.0,0.941,0.921,0.896
21,y1,0.762,0.796,0.911,0.919,0.949,0.899,0.889,0.904,0.885,0.967,0.956,0.935,0.941,1.0,0.87,0.856
21,y2,0.8,0.929,0.873,0.871,0.901,0.96,0.901,0.899,0.944,0.937,0.925,0.883,0.921,0.87,1.0,0.845
21,y3,0.951,0.853,0.961,0.916,0.78,0.836,0.975,0.933,0.933,0.909,0.845,0.751,0.896,0.856,0.845,1.0
22,.,1.0,0.885,0.881,0.791,0.607,0.788,0.918,0.825,0.84,0.806,0.692,0.58,0.761,0.729,0.773,0.944
22,A1_1,0.885,1.0,0.824,0.77,0.748,0.924,0.901,0.839,0.883,0.878,0.803,0.739,0.811,0.782,0.924,0.843
22,A1_2,0.881,0.824,1.0,0.939,0.844,0.867,0.942,0.928,0.919,0.932,0.878,0.811,0.92,0.904,0.865,0.958
22,A1_3,0.791,0.77,0.939,1.0,0.859,0.83,0.929,0.961,0.928,0.925,0.909,0.865,0.948,0.912,0.862,0.906
22,B1_1,0.607,0.748,0.844,0.859,1.0,0.909,0.819,0.862,0.878,0.946,0.978,0.974,0.917,0.945,0.894,0.753
22,B1_2,0.788,0.924,0.867,0.83,0.909,1.0,0.868,0.871,0.905,0.946,0.92,0.888,0.91,0.897,0.958,0.819
22,B1_3,0.918,0.901,0.942,0.929,0.819,0.868,1.0,0.958,0.965,0.944,0.89,0.807,0.9,0.883,0.896,0.971
22,A2_1,0.825,0.839,0.928,0.961,0.862,0.871,0.958,1.0,0.972,0.94,0.93,0.878,0.958,0.897,0.893,0.924
22,A2_2,0.84,0.883,0.919,0.928,0.878,0.905,0.965,0.972,1.0,0.946,0.941,0.869,0.933,0.877,0.941,0.925
22,A2_3,0.806,0.878,0.932,0.925,0.946,0.946,0.944,0.94,0.946,1.0,0.969,0.939,0.946,0.964,0.933,0.897
22,B2_1,0.692,0.803,0.878,0.909,0.978,0.92,0.89,0.93,0.941,0.969,1.0,0.97,0.942,0.952,0.919,0.821
22,B2_2,0.58,0.739,0.811,0.865,0.974,0.888,0.807,0.878,0.869,0.939,0.97,1.0,0.906,0.93,0.875,0.722
22,B2_3,0.761,0.811,0.92,0.948,0.917,0.91,0.9,0.958,0.933,0.946,0.942,0.906,1.0,0.938,0.916,0.879
22,y1,0.729,0.782,0.904,0.912,0.945,0.897,0.883,0.897,0.877,0.964,0.952,0.93,0.938,1.0,0.863,0.84
22,y2,0.773,0.924,0.865,0.862,0.894,0.958,0.896,0.893,0.941,0.933,0.919,0.875,0.916,0.863,1.0,0.831
22,y3,0.944,0.843,0.958,0.906,0.753,0.819,0.971,0.924,0.925,0.897,0.821,0.722,0.879,0.84,0.831,1.0
23,.,1.0,0.871,0.864,0.762,0.55,0.749,0.898,0.797,0.814,0.773,0.638,0.521,0.719,0.688,0.74,0.936
23,A1_1,0.871,1.0,0.813,0.753,0.725,0.913,0.895,0.829,0.876,0.868,0.782,0.716,0.795,0.764,0.917,0.83
23,A1_2,0.864,0.813,1.0,0.934,0.826,0.856,0.94,0.922,0.913,0.925,0.862,0.791,0.911,0.894,0.854,0.954
23,A1_3,0.762,0.753,0.934,1.0,0.846,0.82,0.926,0.958,0.923,0.919,0.899,0.852,0.943,0.904,0.852,0.894
23,B1_1,0.55,0.725,0.826,0.846,1.0,0.907,0.806,0.851,0.866,0.94,0.978,0.974,0.915,0.941,0.885,0.72
23,B1_2,0.749,0.913,0.856,0.82,0.907,1.0,0.86,0.864,0.9,0.945,0.918,0.886,0.909,0.894,0.955,0.796
23,B1_3,0.898,0.895,0.94,0.926,0.806,0.86,1.0,0.956,0.964,0.941,0.88,0.794,0.892,0.876,0.89,0.965
23,A2_1,0.797,0.829,0.922,0.958,0.851,0.864,0.956,1.0,0.97,0.935,0.921,0.866,0.954,0.887,0.885,0.912
23,A2_2,0.814,0.876,0.913,0.923,0.866,0.9,0.964,0.97,1.0,0.942,0.932,0.857,0.927,0.867,0.936,0.914
23,A2_3,0.773,0.868,0.925,0.919,0.94,0.945,0.941,0.935,0.942,1.0,0.965,0.933,0.943,0.961,0.929,0.882
23,B2_1,0.638,0.782,0.862,0.899,0.978,0.918,0.88,0.921,0.932,0.965,1.0,0.97,0.94,0.948,0.911,0.79
23,B2_2,0.521,0.716,0.791,0.852,0.974,0.886,0.794,0.866,0.857,0.933,0.97,1.0,0.903,0.923,0.865,0.686
23,B2_3,0.719,0.795,0.911,0.943,0.915,0.909,0.892,0.954,0.927,0.943,0.94,0.903,1.0,0.936,0.911,0.858
23,y1,0.688,0.764,0.894,0.904,0.941,0.894,0.876,0.887,0.867,0.961,0.948,0.923,0.936,1.0,0.854,0.819
23,y2,0.74,0.917,0.854,0.852,0.885,0.955,0.89,0.885,0.936,0.929,0.911,0.865,0.911,0.854,1.0,0.812
23,y3,0.936,0.83,0.954,0.894,0.72,0.796,0.965,0.912,0.914,0.882,0.79,0.686,0.858,0.819,0.812,1.0
24,.,1.0,0.854,0.844,0.729,0.486,0.703,0.875,0.766,0.785,0.736,0.577,0.456,0.671,0.644,0.704,0.927
24,A1_1,0.854,1.0,0.802,0.737,0.701,0.9,0.888,0.819,0.869,0.859,0.76,0.691,0.777,0.747,0.91,0.818
24,A1_2,0.844,0.802,1.0,0.928,0.806,0.844,0.937,0.916,0.907,0.918,0.844,0.769,0.9,0.883,0.842,0.949
24,A1_3,0.729,0.737,0.928,1.0,0.831,0.81,0.923,0.955,0.918,0.913,0.887,0.837,0.937,0.895,0.84,0.881
24,B1_1,0.486,0.701,0.806,0.831,1.0,0.907,0.794,0.838,0.854,0.935,0.978,0.974,0.913,0.935,0.875,0.682
24,B1_2,0.703,0.9,0.844,0.81,0.907,1.0,0.852,0.857,0.894,0.944,0.917,0.885,0.907,0.891,0.952,0.769
24,B1_3,0.875,0.888,0.937,0.923,0.794,0.852,1.0,0.955,0.963,0.939,0.869,0.781,0.885,0.87,0.884,0.958
24,A2_1,0.766,0.819,0.916,0.955,0.838,0.857,0.955,1.0,0.969,0.931,0.911,0.854,0.949,0.878,0.877,0.898
24,A2_2,0.785,0.869,0.907,0.918,0.854,0.894,0.963,0.969,1.0,0.938,0.923,0.844,0.921,0.856,0.932,0.9
24,A2_3,0.736,0.859,0.918,0.913,0.935,0.944,0.939,0.931,0.938,1.0,0.961,0.927,0.941,0.957,0.925,0.863
24,B2_1,0.577,0.76,0.844,0.887,0.978,0.917,0.869,0.911,0.923,0.961,1.0,0.97,0.938,0.943,0.902,0.754
24,B2_2,0.456,0.691,0.769,0.837,0.974,0.885,0.781,0.854,0.844,0.927,0.97,1.0,0.901,0.915,0.853,0.645
24,B2_3,0.671,0.777,0.9,0.937,0.913,0.907,0.885,0.949,0.921,0.941,0.938,0.901,1.0,0.933,0.905,0.833
24,y1,0.644,0.747,0.883,0.895,0.935,0.891,0.87,0.878,0.856,0.957,0.943,0.915,0.933,1.0,0.845,0.795
24,y2,0.704,0.91,0.842,0.84,0.875,0.952,0.884,0.877,0.932,0.925,0.902,0.853,0.905,0.845,1.0,0.791
24,y3,0.927,0.818,0.949,0.881,0.682,0.769,0.958,0.898,0.9,0.863,0.754,0.645,0.833,0.795,0.791,1.0
25,.,1.0,0.834,0.821,0.69,0.408,0.646,0.844,0.728,0.749,0.69,0.502,0.377,0.611,0.589,0.66,0.918
25,A1_1,0.834,1.0,0.787,0.716,0.67,0.883,0.879,0.805,0.86,0.846,0.732,0.66,0.755,0.724,0.902,0.802
25,A1_2,0.821,0.787,1.0,0.92,0.78,0.827,0.933,0.907,0.899,0.908,0.82,0.741,0.886,0.869,0.827,0.942
25,A1_3,0.69,0.716,0.92,1.0,0.812,0.795,0.919,0.951,0.911,0.904,0.871,0.818,0.929,0.884,0.825,0.863
25,B1_1,0.408,0.67,0.78,0.812,1.0,0.905,0.778,0.821,0.837,0.927,0.978,0.974,0.91,0.928,0.862,0.631
25,B1_2,0.646,0.883,0.827,0.795,0.905,1.0,0.842,0.847,0.887,0.942,0.916,0.883,0.905,0.887,0.948,0.733
25,B1_3,0.844,0.879,0.933,0.919,0.778,0.842,1.0,0.954,0.961,0.936,0.855,0.764,0.876,0.862,0.877,0.947
25,A2_1,0.728,0.805,0.907,0.951,0.821,0.847,0.954,1.0,0.967,0.925,0.898,0.838,0.942,0.865,0.866,0.88
25,A2_2,0.749,0.86,0.899,0.911,0.837,0.887,0.961,0.967,1.0,0.933,0.91,0.828,0.913,0.841,0.926,0.883
25,A2_3,0.69,0.846,0.908,0.904,0.927,0.942,0.936,0.925,0.933,1.0,0.955,0.919,0.937,0.953,0.919,0.839
25,B2_1,0.502,0.732,0.82,0.871,0.978,0.916,0.855,0.898,0.91,0.955,1.0,0.97,0.936,0.935,0.889,0.706
25,B2_2,0.377,0.66,0.741,0.818,0.974,0.883,0.764,0.838,0.828,0.919,0.97,1.0,0.898,0.905,0.838,0.591
25,B2_3,0.611,0.755,0.886,0.929,0.91,0.905,0.876,0.942,0.913,0.937,0.936,0.898,1.0,0.929,0.898,0.8
25,y1,0.589,0.724,0.869,0.884,0.928,0.887,0.862,0.865,0.841,0.953,0.935,0.905,0.929,1.0,0.832,0.765
25,y2,0.66,0.902,0.827,0.825,0.862,0.948,0.877,0.866,0.926,0.919,0.889,0.838,0.898,0.832,1.0,0.764
25,y3,0.918,0.802,0.942,0.863,0.631,0.733,0.947,0.88,0.883,0.839,0.706,0.591,0.8,0.765,0.764,1.0
26,.,1.0,0.811,0.796,0.649,0.325,0.581,0.807,0.686,0.709,0.64,0.421,0.293,0.544,0.532,0.613,0.909
