,,.,A1_1,A1_2,A1_3,B1_1,B1_2,B1_3,A2_1,A2_2,A2_3,B2_1,B2_2,B2_3,y1,y2,y3
1,.,1.0,-0.027,0.071,-0.278,-0.324,0.135,0.363,-0.246,-0.094,-0.322,-0.297,-0.512,0.34,-0.073,-0.367,0.387
1,A1_1,-0.027,1.0,-0.344,-0.329,0.253,0.212,-0.186,-0.262,0.219,0.118,-0.002,0.095,0.068,-0.12,0.606,-0.393
1,A1_2,0.071,-0.344,1.0,0.225,-0.027,-0.048,0.14,-0.064,-0.195,0.046,0.088,-0.242,0.118,0.04,-0.36,0.368
1,A1_3,-0.278,-0.329,0.225,1.0,-0.07,-0.217,0.208,0.281,-0.008,0.061,0.234,0.085,0.121,0.132,-0.083,-0.121
1,B1_1,-0.324,0.253,-0.027,-0.07,1.0,0.206,-0.579,-0.111,0.003,0.215,0.572,0.605,0.088,0.262,0.351,-0.469
1,B1_2,0.135,0.212,-0.048,-0.217,0.206,1.0,-0.18,-0.522,-0.01,0.31,0.127,0.072,0.18,0.406,0.261,-0.351
1,B1_3,0.363,-0.186,0.14,0.208,-0.579,-0.18,1.0,-0.056,-0.108,0.1,-0.095,-0.339,0.204,0.259,-0.353,0.441
1,A2_1,-0.246,-0.262,-0.064,0.281,-0.111,-0.522,-0.056,1.0,0.444,-0.396,0.221,-0.179,0.104,-0.501,-0.015,0.084
1,A2_2,-0.094,0.219,-0.195,-0.008,0.003,-0.01,-0.108,0.444,1.0,-0.212,0.25,0.181,0.233,-0.224,0.02,-0.227
1,A2_3,-0.322,0.118,0.046,0.061,0.215,0.31,0.1,-0.396,-0.212,1.0,0.117,0.249,0.207,0.551,0.092,0.072
1,B2_1,-0.297,-0.002,0.088,0.234,0.572,0.127,-0.095,0.221,0.25,0.117,1.0,0.471,-0.003,0.195,0.098,-0.247
1,B2_2,-0.512,0.095,-0.242,0.085,0.605,0.072,-0.339,-0.179,0.181,0.249,0.471,1.0,-0.27,0.286,0.181,-0.618
1,B2_3,0.34,0.068,0.118,0.121,0.088,0.18,0.204,0.104,0.233,0.207,-0.003,-0.27,1.0,0.142,0.195,0.231
1,y1,-0.073,-0.12,0.04,0.132,0.262,0.406,0.259,-0.501,-0.224,0.551,0.195,0.286,0.142,1.0,-0.02,0.002
1,y2,-0.367,0.606,-0.36,-0.083,0.351,0.261,-0.353,-0.015,0.02,0.092,0.098,0.181,0.195,-0.02,1.0,-0.495
1,y3,0.387,-0.393,0.368,-0.121,-0.469,-0.351,0.441,0.084,-0.227,0.072,-0.247,-0.618,0.231,0.002,-0.495,1.0
2,.,1.0,-0.026,0.068,-0.279,-0.327,0.133,0.364,-0.247,-0.095,-0.323,-0.298,-0.513,0.337,-0.075,-0.367,0.388
2,A1_1,-0.026,1.0,-0.344,-0.329,0.253,0.211,-0.188,-0.263,0.219,0.118,-0.003,0.094,0.067,-0.119,0.606,-0.393
2,A1_2,0.068,-0.344,1.0,0.225,-0.026,-0.048,0.14,-0.064,-0.194,0.047,0.088,-0.24,0.118,0.041,-0.36,0.368
2,A1_3,-0.279,-0.329,0.225,1.0,-0.069,-0.218,0.207,0.282,-0.007,0.062,0.234,0.085,0.121,0.133,-0.083,-0.121
2,B1_1,-0.327,0.253,-0.026,-0.069,1.0,0.207,-0.578,-0.109,0.005,0.216,0.574,0.606,0.089,0.261,0.349,-0.469
2,B1_2,0.133,0.211,-0.048,-0.218,0.207,1.0,-0.182,-0.521,-0.009,0.311,0.129,0.074,0.18,0.406,0.26,-0.351
2,B1_3,0.364,-0.188,0.14,0.207,-0.578,-0.182,1.0,-0.055,-0.107,0.101,-0.094,-0.338,0.202,0.259,-0.355,0.441
2,A2_1,-0.247,-0.263,-0.064,0.282,-0.109,-0.521,-0.055,1.0,0.444,-0.395,0.222,-0.177,0.105,-0.501,-0.016,0.083
2,A2_2,-0.095,0.219,-0.194,-0.007,0.005,-0.009,-0.107,0.444,1.0,-0.211,0.252,0.183,0.234,-0.224,0.018,-0.228
2,A2_3,-0.323,0.118,0.047,0.062,0.216,0.311,0.101,-0.395,-0.211,1.0,0.119,0.25,0.208,0.552,0.091,0.072
2,B2_1,-0.298,-0.003,0.088,0.234,0.574,0.129,-0.094,0.222,0.252,0.119,1.0,0.473,-0.001,0.193,0.095,-0.248
2,B2_2,-0.513,0.094,-0.24,0.085,0.606,0.074,-0.338,-0.177,0.183,0.25,0.473,1.0,-0.268,0.284,0.178,-0.618
2,B2_3,0.337,0.067,0.118,0.121,0.089,0.18,0.202,0.105,0.234,0.208,-0.001,-0.268,1.0,0.143,0.194,0.232
2,y1,-0.075,-0.119,0.041,0.133,0.261,0.406,0.259,-0.501,-0.224,0.552,0.193,0.284,0.143,1.0,-0.018,0.001
2,y2,-0.367,0.606,-0.36,-0.083,0.349,0.26,-0.355,-0.016,0.018,0.091,0.095,0.178,0.194,-0.018,1.0,-0.493
2,y3,0.388,-0.393,0.368,-0.121,-0.469,-0.351,0.441,0.083,-0.228,0.072,-0.248,-0.618,0.232,0.001,-0.493,1.0
3,.,1.0,-0.025,0.065,-0.279,-0.331,0.13,0.365,-0.248,-0.096,-0.324,-0.3,-0.514,0.333,-0.077,-0.366,0.388
3,A1_1,-0.025,1.0,-0.344,-0.329,0.252,0.209,-0.19,-0.264,0.219,0.118,-0.004,0.094,0.066,-0.117,0.606,-0.392
3,A1_2,0.065,-0.344,1.0,0.226,-0.025,-0.047,0.141,-0.063,-0.193,0.047,0.089,-0.239,0.119,0.042,-0.359,0.369
3,A1_3,-0.279,-0.329,0.226,1.0,-0.069,-0.219,0.207,0.282,-0.006,0.063,0.233,0.085,0.12,0.135,-0.083,-0.121
3,B1_1,-0.331,0.252,-0.025,-0.069,1.0,0.208,-0.577,-0.108,0.007,0.217,0.576,0.608,0.091,0.261,0.346,-0.468
3,B1_2,0.13,0.209,-0.047,-0.219,0.208,1.0,-0.183,-0.52,-0.008,0.312,0.131,0.075,0.179,0.406,0.258,-0.35
3,B1_3,0.365,-0.19,0.141,0.207,-0.577,-0.183,1.0,-0.054,-0.105,0.102,-0.091,-0.337,0.201,0.259,-0.357,0.442
3,A2_1,-0.248,-0.264,-0.063,0.282,-0.108,-0.52,-0.054,1.0,0.445,-0.395,0.223,-0.175,0.106,-0.501,-0.016,0.083
3,A2_2,-0.096,0.219,-0.193,-0.006,0.007,-0.008,-0.105,0.445,1.0,-0.21,0.253,0.185,0.235,-0.224,0.017,-0.229
3,A2_3,-0.324,0.118,0.047,0.063,0.217,0.312,0.102,-0.395,-0.21,1.0,0.12,0.252,0.209,0.552,0.091,0.071
3,B2_1,-0.3,-0.004,0.089,0.233,0.576,0.131,-0.091,0.223,0.253,0.12,1.0,0.476,0.002,0.191,0.092,-0.249
3,B2_2,-0.514,0.094,-0.239,0.085,0.608,0.075,-0.337,-0.175,0.185,0.252,0.476,1.0,-0.267,0.283,0.175,-0.619
3,B2_3,0.333,0.066,0.119,0.12,0.091,0.179,0.201,0.106,0.235,0.209,0.002,-0.267,1.0,0.143,0.193,0.233
3,y1,-0.077,-0.117,0.042,0.135,0.261,0.406,0.259,-0.501,-0.224,0.552,0.191,0.283,0.143,1.0,-0.016,0.0
3,y2,-0.366,0.606,-0.359,-0.083,0.346,0.258,-0.357,-0.016,0.017,0.091,0.092,0.175,0.193,-0.016,1.0,-0.491
3,y3,0.388,-0.392,0.369,-0.121,-0.468,-0.35,0.442,0.083,-0.229,0.071,-0.249,-0.619,0.233,0.0,-0.491,1.0
4,.,1.0,-0.024,0.062,-0.28,-0.335,0.127,0.367,-0.249,-0.099,-0.325,-0.303,-0.514,0.329,-0.078,-0.365,0.389
4,A1_1,-0.024,1.0,-0.344,-0.328,0.251,0.208,-0.192,-0.264,0.219,0.118,-0.005,0.093,0.064,-0.116,0.606,-0.392
4,A1_2,0.062,-0.344,1.0,0.227,-0.024,-0.047,0.142,-0.063,-0.192,0.048,0.09,-0.237,0.119,0.043,-0.359,0.369
4,A1_3,-0.28,-0.328,0.227,1.0,-0.069,-0.22,0.206,0.282,-0.005,0.064,0.231,0.084,0.119,0.136,-0.082,-0.12
4,B1_1,-0.335,0.251,-0.024,-0.069,1.0,0.21,-0.576,-0.106,0.009,0.218,0.577,0.609,0.092,0.26,0.344,-0.468
4,B1_2,0.127,0.208,-0.047,-0.22,0.21,1.0,-0.184,-0.52,-0.007,0.312,0.134,0.077,0.179,0.406,0.257,-0.35
4,B1_3,0.367,-0.192,0.142,0.206,-0.576,-0.184,1.0,-0.053,-0.104,0.103,-0.089,-0.337,0.2,0.259,-0.359,0.442
4,A2_1,-0.249,-0.264,-0.063,0.282,-0.106,-0.52,-0.053,1.0,0.445,-0.394,0.223,-0.173,0.107,-0.5,-0.017,0.082
4,A2_2,-0.099,0.219,-0.192,-0.005,0.009,-0.007,-0.104,0.445,1.0,-0.209,0.254,0.187,0.237,-0.224,0.016,-0.231
4,A2_3,-0.325,0.118,0.048,0.064,0.218,0.312,0.103,-0.394,-0.209,1.0,0.121,0.252,0.21,0.552,0.09,0.071
4,B2_1,-0.303,-0.005,0.09,0.231,0.577,0.134,-0.089,0.223,0.254,0.121,1.0,0.479,0.004,0.189,0.089,-0.25
4,B2_2,-0.514,0.093,-0.237,0.084,0.609,0.077,-0.337,-0.173,0.187,0.252,0.479,1.0,-0.265,0.281,0.173,-0.619
4,B2_3,0.329,0.064,0.119,0.119,0.092,0.179,0.2,0.107,0.237,0.21,0.004,-0.265,1.0,0.144,0.192,0.234
4,y1,-0.078,-0.116,0.043,0.136,0.26,0.406,0.259,-0.5,-0.224,0.552,0.189,0.281,0.144,1.0,-0.015,-0.001
4,y2,-0.365,0.606,-0.359,-0.082,0.344,0.257,-0.359,-0.017,0.016,0.09,0.089,0.173,0.192,-0.015,1.0,-0.489
4,y3,0.389,-0.392,0.369,-0.12,-0.468,-0.35,0.442,0.082,-0.231,0.071,-0.25,-0.619,0.234,-0.001,-0.489,1.0
5,.,1.0,-0.022,0.058,-0.28,-0.339,0.124,0.369,-0.251,-0.101,-0.326,-0.307,-0.516,0.325,-0.08,-0.364,0.388
5,A1_1,-0.022,1.0,-0.344,-0.328,0.251,0.206,-0.194,-0.265,0.219,0.118,-0.006,0.092,0.063,-0.114,0.605,-0.391
5,A1_2,0.058,-0.344,1.0,0.227,-0.023,-0.047,0.142,-0.062,-0.192,0.048,0.09,-0.235,0.12,0.044,-0.358,0.369
5,A1_3,-0.28,-0.328,0.227,1.0,-0.069,-0.221,0.205,0.283,-0.004,0.064,0.229,0.084,0.118,0.138,-0.081,-0.12
5,B1_1,-0.339,0.251,-0.023,-0.069,1.0,0.212,-0.574,-0.105,0.011,0.219,0.579,0.611,0.094,0.259,0.341,-0.468
5,B1_2,0.124,0.206,-0.047,-0.221,0.212,1.0,-0.184,-0.519,-0.006,0.313,0.138,0.079,0.18,0.406,0.256,-0.35
5,B1_3,0.369,-0.194,0.142,0.205,-0.574,-0.184,1.0,-0.052,-0.102,0.104,-0.086,-0.336,0.199,0.259,-0.361,0.443
5,A2_1,-0.251,-0.265,-0.062,0.283,-0.105,-0.519,-0.052,1.0,0.445,-0.394,0.224,-0.171,0.108,-0.5,-0.018,0.081
5,A2_2,-0.101,0.219,-0.192,-0.004,0.011,-0.006,-0.102,0.445,1.0,-0.208,0.255,0.188,0.238,-0.224,0.014,-0.233
5,A2_3,-0.326,0.118,0.048,0.064,0.219,0.313,0.104,-0.394,-0.208,1.0,0.122,0.253,0.211,0.553,0.089,0.07
5,B2_1,-0.307,-0.006,0.09,0.229,0.579,0.138,-0.086,0.224,0.255,0.122,1.0,0.481,0.008,0.187,0.085,-0.251
5,B2_2,-0.516,0.092,-0.235,0.084,0.611,0.079,-0.336,-0.171,0.188,0.253,0.481,1.0,-0.263,0.28,0.17,-0.62
5,B2_3,0.325,0.063,0.12,0.118,0.094,0.18,0.199,0.108,0.238,0.211,0.008,-0.263,1.0,0.144,0.191,0.235
5,y1,-0.08,-0.114,0.044,0.138,0.259,0.406,0.259,-0.5,-0.224,0.553,0.187,0.28,0.144,1.0,-0.013,-0.001
5,y2,-0.364,0.605,-0.358,-0.081,0.341,0.256,-0.361,-0.018,0.014,0.089,0.085,0.17,0.191,-0.013,1.0,-0.487
5,y3,0.388,-0.391,0.369,-0.12,-0.468,-0.35,0.443,0.081,-0.233,0.07,-0.251,-0.62,0.235,-0.001,-0.487,1.0
6,.,1.0,-0.02,0.055,-0.28,-0.344,0.121,0.372,-0.252,-0.105,-0.328,-0.311,-0.518,0.321,-0.082,-0.362,0.389
6,A1_1,-0.02,1.0,-0.344,-0.328,0.25,0.205,-0.196,-0.265,0.218,0.118,-0.007,0.092,0.062,-0.113,0.605,-0.39
6,A1_2,0.055,-0.344,1.0,0.228,-0.023,-0.047,0.143,-0.062,-0.191,0.049,0.091,-0.234,0.121,0.044,-0.357,0.369
6,A1_3,-0.28,-0.328,0.228,1.0,-0.07,-0.222,0.204,0.283,-0.003,0.065,0.227,0.082,0.117,0.14,-0.081,-0.119
6,B1_1,-0.344,0.25,-0.023,-0.07,1.0,0.215,-0.573,-0.103,0.013,0.219,0.582,0.613,0.096,0.258,0.338,-0.469
6,B1_2,0.121,0.205,-0.047,-0.222,0.215,1.0,-0.185,-0.518,-0.005,0.314,0.142,0.082,0.18,0.406,0.254,-0.35
6,B1_3,0.372,-0.196,0.143,0.204,-0.573,-0.185,1.0,-0.051,-0.1,0.106,-0.083,-0.335,0.198,0.259,-0.362,0.443
6,A2_1,-0.252,-0.265,-0.062,0.283,-0.103,-0.518,-0.051,1.0,0.445,-0.394,0.224,-0.169,0.109,-0.5,-0.019,0.081
6,A2_2,-0.105,0.218,-0.191,-0.003,0.013,-0.005,-0.1,0.445,1.0,-0.208,0.256,0.19,0.24,-0.225,0.012,-0.235
6,A2_3,-0.328,0.118,0.049,0.065,0.219,0.314,0.106,-0.394,-0.208,1.0,0.123,0.254,0.212,0.553,0.088,0.07
6,B2_1,-0.311,-0.007,0.091,0.227,0.582,0.142,-0.083,0.224,0.256,0.123,1.0,0.484,0.011,0.184,0.081,-0.253
6,B2_2,-0.518,0.092,-0.234,0.082,0.613,0.082,-0.335,-0.169,0.19,0.254,0.484,1.0,-0.261,0.278,0.167,-0.621
6,B2_3,0.321,0.062,0.121,0.117,0.096,0.18,0.198,0.109,0.24,0.212,0.011,-0.261,1.0,0.145,0.19,0.235
6,y1,-0.082,-0.113,0.044,0.14,0.258,0.406,0.259,-0.5,-0.225,0.553,0.184,0.278,0.145,1.0,-0.011,-0.002
6,y2,-0.362,0.605,-0.357,-0.081,0.338,0.254,-0.362,-0.019,0.012,0.088,0.081,0.167,0.19,-0.011,1.0,-0.484
6,y3,0.389,-0.39,0.369,-0.119,-0.469,-0.35,0.443,0.081,-0.235,0.07,-0.253,-0.621,0.235,-0.002,-0.484,1.0
7,.,1.0,-0.017,0.051,-0.279,-0.35,0.117,0.374,-0.254,-0.108,-0.329,-0.316,-0.52,0.316,-0.085,-0.359,0.389
7,A1_1,-0.017,1.0,-0.344,-0.328,0.249,0.203,-0.198,-0.266,0.218,0.118,-0.008,0.091,0.061,-0.111,0.605,-0.389
7,A1_2,0.051,-0.344,1.0,0.228,-0.022,-0.046,0.144,-0.062,-0.19,0.049,0.091,-0.232,0.121,0.045,-0.357,0.369
7,A1_3,-0.279,-0.328,0.228,1.0,-0.07,-0.223,0.203,0.284,-0.002,0.066,0.225,0.081,0.116,0.142,-0.08,-0.118
7,B1_1,-0.35,0.249,-0.022,-0.07,1.0,0.218,-0.57,-0.102,0.015,0.22,0.584,0.615,0.098,0.256,0.334,-0.469
7,B1_2,0.117,0.203,-0.046,-0.223,0.218,1.0,-0.185,-0.517,-0.004,0.314,0.146,0.085,0.181,0.405,0.252,-0.35
7,B1_3,0.374,-0.198,0.144,0.203,-0.57,-0.185,1.0,-0.05,-0.098,0.107,-0.08,-0.334,0.197,0.259,-0.364,0.444
7,A2_1,-0.254,-0.266,-0.062,0.284,-0.102,-0.517,-0.05,1.0,0.445,-0.393,0.224,-0.167,0.109,-0.5,-0.02,0.08
7,A2_2,-0.108,0.218,-0.19,-0.002,0.015,-0.004,-0.098,0.445,1.0,-0.207,0.257,0.192,0.242,-0.225,0.011,-0.237
7,A2_3,-0.329,0.118,0.049,0.066,0.22,0.314,0.107,-0.393,-0.207,1.0,0.123,0.255,0.213,0.553,0.087,0.069
7,B2_1,-0.316,-0.008,0.091,0.225,0.584,0.146,-0.08,0.224,0.257,0.123,1.0,0.488,0.015,0.182,0.077,-0.256
7,B2_2,-0.52,0.091,-0.232,0.081,0.615,0.085,-0.334,-0.167,0.192,0.255,0.488,1.0,-0.258,0.276,0.164,-0.622
7,B2_3,0.316,0.061,0.121,0.116,0.098,0.181,0.197,0.109,0.242,0.213,0.015,-0.258,1.0,0.145,0.189,0.235
7,y1,-0.085,-0.111,0.045,0.142,0.256,0.405,0.259,-0.5,-0.225,0.553,0.182,0.276,0.145,1.0,-0.009,-0.003
7,y2,-0.359,0.605,-0.357,-0.08,0.334,0.252,-0.364,-0.02,0.011,0.087,0.077,0.164,0.189,-0.009,1.0,-0.481
7,y3,0.389,-0.389,0.369,-0.118,-0.469,-0.35,0.444,0.08,-0.237,0.069,-0.256,-0.622,0.235,-0.003,-0.481,1.0
8,.,1.0,-0.015,0.047,-0.278,-0.356,0.112,0.376,-0.255,-0.112,-0.331,-0.323,-0.523,0.311,-0.087,-0.356,0.39
8,A1_1,-0.015,1.0,-0.344,-0.327,0.248,0.202,-0.2,-0.266,0.218,0.118,-0.009,0.09,0.06,-0.11,0.605,-0.388
8,A1_2,0.047,-0.344,1.0,0.229,-0.021,-0.046,0.145,-0.061,-0.189,0.049,0.092,-0.231,0.122,0.046,-0.356,0.369
8,A1_3,-0.278,-0.327,0.229,1.0,-0.071,-0.225,0.202,0.284,-0.001,0.067,0.223,0.08,0.115,0.144,-0.078,-0.117
8,B1_1,-0.356,0.248,-0.021,-0.071,1.0,0.221,-0.568,-0.101,0.017,0.221,0.586,0.617,0.101,0.255,0.331,-0.47
8,B1_2,0.112,0.202,-0.046,-0.225,0.221,1.0,-0.185,-0.516,-0.003,0.315,0.151,0.088,0.181,0.405,0.25,-0.351
8,B1_3,0.376,-0.2,0.145,0.202,-0.568,-0.185,1.0,-0.049,-0.096,0.109,-0.077,-0.333,0.196,0.26,-0.365,0.444
8,A2_1,-0.255,-0.266,-0.061,0.284,-0.101,-0.516,-0.049,1.0,0.445,-0.393,0.224,-0.165,0.11,-0.5,-0.021,0.079
8,A2_2,-0.112,0.218,-0.189,-0.001,0.017,-0.003,-0.096,0.445,1.0,-0.207,0.258,0.194,0.244,-0.226,0.009,-0.24
8,A2_3,-0.331,0.118,0.049,0.067,0.221,0.315,0.109,-0.393,-0.207,1.0,0.124,0.256,0.214,0.553,0.086,0.069
8,B2_1,-0.323,-0.009,0.092,0.223,0.586,0.151,-0.077,0.224,0.258,0.124,1.0,0.491,0.019,0.178,0.072,-0.259
8,B2_2,-0.523,0.09,-0.231,0.08,0.617,0.088,-0.333,-0.165,0.194,0.256,0.491,1.0,-0.255,0.274,0.16,-0.623
8,B2_3,0.311,0.06,0.122,0.115,0.101,0.181,0.196,0.11,0.244,0.214,0.019,-0.255,1.0,0.145,0.188,0.235
8,y1,-0.087,-0.11,0.046,0.144,0.255,0.405,0.26,-0.5,-0.226,0.553,0.178,0.274,0.145,1.0,-0.007,-0.003
8,y2,-0.356,0.605,-0.356,-0.078,0.331,0.25,-0.365,-0.021,0.009,0.086,0.072,0.16,0.188,-0.007,1.0,-0.478
8,y3,0.39,-0.388,0.369,-0.117,-0.47,-0.351,0.444,0.079,-0.24,0.069,-0.259,-0.623,0.235,-0.003,-0.478,1.0
9,.,1.0,-0.012,0.043,-0.277,-0.363,0.108,0.378,-0.257,-0.117,-0.333,-0.329,-0.526,0.305,-0.089,-0.352,0.39
9,A1_1,-0.012,1.0,-0.344,-0.327,0.247,0.2,-0.202,-0.267,0.218,0.118,-0.01,0.09,0.059,-0.108,0.604,-0.387
9,A1_2,0.043,-0.344,1.0,0.23,-0.02,-0.046,0.147,-0.061,-0.189,0.049,0.092,-0.229,0.123,0.047,-0.356,0.369
9,A1_3,-0.277,-0.327,0.23,1.0,-0.072,-0.226,0.201,0.285,0.0,0.067,0.22,0.078,0.114,0.146,-0.077,-0.116
9,B1_1,-0.363,0.247,-0.02,-0.072,1.0,0.224,-0.565,-0.1,0.019,0.221,0.589,0.619,0.104,0.253,0.327,-0.471
9,B1_2,0.108,0.2,-0.046,-0.226,0.224,1.0,-0.185,-0.514,-0.001,0.315,0.156,0.092,0.182,0.404,0.248,-0.352
9,B1_3,0.378,-0.202,0.147,0.201,-0.565,-0.185,1.0,-0.048,-0.093,0.111,-0.073,-0.331,0.194,0.26,-0.367,0.444
9,A2_1,-0.257,-0.267,-0.061,0.285,-0.1,-0.514,-0.048,1.0,0.445,-0.393,0.223,-0.164,0.111,-0.5,-0.022,0.078
9,A2_2,-0.117,0.218,-0.189,0.0,0.019,-0.001,-0.093,0.445,1.0,-0.206,0.259,0.196,0.246,-0.227,0.007,-0.242
9,A2_3,-0.333,0.118,0.049,0.067,0.221,0.315,0.111,-0.393,-0.206,1.0,0.125,0.256,0.216,0.553,0.085,0.068
9,B2_1,-0.329,-0.01,0.092,0.22,0.589,0.156,-0.073,0.223,0.259,0.125,1.0,0.495,0.023,0.175,0.068,-0.262
9,B2_2,-0.526,0.09,-0.229,0.078,0.619,0.092,-0.331,-0.164,0.196,0.256,0.495,1.0,-0.252,0.272,0.157,-0.625
9,B2_3,0.305,0.059,0.123,0.114,0.104,0.182,0.194,0.111,0.246,0.216,0.023,-0.252,1.0,0.146,0.187,0.235
9,y1,-0.089,-0.108,0.047,0.146,0.253,0.404,0.26,-0.5,-0.227,0.553,0.175,0.272,0.146,1.0,-0.005,-0.004
9,y2,-0.352,0.604,-0.356,-0.077,0.327,0.248,-0.367,-0.022,0.007,0.085,0.068,0.157,0.187,-0.005,1.0,-0.475
9,y3,0.39,-0.387,0.369,-0.116,-0.471,-0.352,0.444,0.078,-0.242,0.068,-0.262,-0.625,0.235,-0.004,-0.475,1.0
10,.,1.0,-0.009,0.039,-0.275,-0.371,0.102,0.379,-0.258,-0.122,-0.335,-0.337,-0.53,0.299,-0.091,-0.348,0.391
10,A1_1,-0.009,1.0,-0.344,-0.326,0.246,0.199,-0.204,-0.267,0.218,0.118,-0.011,0.089,0.058,-0.107,0.604,-0.385
10,A1_2,0.039,-0.344,1.0,0.23,-0.02,-0.046,0.148,-0.061,-0.188,0.05,0.092,-0.228,0.123,0.047,-0.355,0.369
10,A1_3,-0.275,-0.326,0.23,1.0,-0.073,-0.227,0.2,0.285,0.001,0.068,0.218,0.077,0.113,0.148,-0.076,-0.114
10,B1_1,-0.371,0.246,-0.02,-0.073,1.0,0.228,-0.562,-0.099,0.021,0.222,0.592,0.621,0.107,0.25,0.323,-0.472
10,B1_2,0.102,0.199,-0.046,-0.227,0.228,1.0,-0.185,-0.513,0.0,0.316,0.161,0.096,0.183,0.403,0.246,-0.353
10,B1_3,0.379,-0.204,0.148,0.2,-0.562,-0.185,1.0,-0.047,-0.09,0.113,-0.069,-0.33,0.193,0.261,-0.368,0.444
10,A2_1,-0.258,-0.267,-0.061,0.285,-0.099,-0.513,-0.047,1.0,0.445,-0.392,0.223,-0.162,0.112,-0.501,-0.023,0.077
10,A2_2,-0.122,0.218,-0.188,0.001,0.021,0.0,-0.09,0.445,1.0,-0.206,0.261,0.198,0.248,-0.228,0.004,-0.245
10,A2_3,-0.335,0.118,0.05,0.068,0.222,0.316,0.113,-0.392,-0.206,1.0,0.126,0.257,0.217,0.553,0.084,0.067
10,B2_1,-0.337,-0.011,0.092,0.218,0.592,0.161,-0.069,0.223,0.261,0.126,1.0,0.498,0.027,0.171,0.063,-0.266
10,B2_2,-0.53,0.089,-0.228,0.077,0.621,0.096,-0.33,-0.162,0.198,0.257,0.498,1.0,-0.248,0.27,0.153,-0.626
10,B2_3,0.299,0.058,0.123,0.113,0.107,0.183,0.193,0.112,0.248,0.217,0.027,-0.248,1.0,0.146,0.186,0.235
10,y1,-0.091,-0.107,0.047,0.148,0.25,0.403,0.261,-0.501,-0.228,0.553,0.171,0.27,0.146,1.0,-0.003,-0.004
10,y2,-0.348,0.604,-0.355,-0.076,0.323,0.246,-0.368,-0.023,0.004,0.084,0.063,0.153,0.186,-0.003,1.0,-0.471
10,y3,0.391,-0.385,0.369,-0.114,-0.472,-0.353,0.444,0.077,-0.245,0.067,-0.266,-0.626,0.235,-0.004,-0.471,1.0
11,.,1.0,-0.005,0.034,-0.273,-0.379,0.095,0.38,-0.259,-0.127,-0.337,-0.346,-0.535,0.292,-0.094,-0.343,0.392
11,A1_1,-0.005,1.0,-0.344,-0.326,0.244,0.197,-0.205,-0.267,0.218,0.118,-0.012,0.088,0.057,-0.106,0.604,-0.384
11,A1_2,0.034,-0.344,1.0,0.231,-0.019,-0.046,0.149,-0.06,-0.187,0.05,0.093,-0.227,0.124,0.048,-0.354,0.369
11,A1_3,-0.273,-0.326,0.231,1.0,-0.074,-0.229,0.199,0.286,0.002,0.069,0.215,0.075,0.112,0.15,-0.075,-0.113
11,B1_1,-0.379,0.244,-0.019,-0.074,1.0,0.232,-0.559,-0.098,0.023,0.222,0.595,0.624,0.11,0.248,0.318,-0.474
11,B1_2,0.095,0.197,-0.046,-0.229,0.232,1.0,-0.185,-0.512,0.002,0.316,0.167,0.1,0.185,0.402,0.244,-0.354
11,B1_3,0.38,-0.205,0.149,0.199,-0.559,-0.185,1.0,-0.045,-0.088,0.115,-0.065,-0.327,0.192,0.262,-0.369,0.443
11,A2_1,-0.259,-0.267,-0.06,0.286,-0.098,-0.512,-0.045,1.0,0.446,-0.392,0.222,-0.16,0.113,-0.501,-0.024,0.076
11,A2_2,-0.127,0.218,-0.187,0.002,0.023,0.002,-0.088,0.446,1.0,-0.205,0.262,0.199,0.25,-0.229,0.002,-0.248
11,A2_3,-0.337,0.118,0.05,0.069,0.222,0.316,0.115,-0.392,-0.205,1.0,0.126,0.257,0.218,0.553,0.083,0.066
11,B2_1,-0.346,-0.012,0.093,0.215,0.595,0.167,-0.065,0.222,0.262,0.126,1.0,0.503,0.032,0.167,0.058,-0.27
11,B2_2,-0.535,0.088,-0.227,0.075,0.624,0.1,-0.327,-0.16,0.199,0.257,0.503,1.0,-0.244,0.267,0.149,-0.628
11,B2_3,0.292,0.057,0.124,0.112,0.11,0.185,0.192,0.113,0.25,0.218,0.032,-0.244,1.0,0.147,0.185,0.234
11,y1,-0.094,-0.106,0.048,0.15,0.248,0.402,0.262,-0.501,-0.229,0.553,0.167,0.267,0.147,1.0,-0.001,-0.005
11,y2,-0.343,0.604,-0.354,-0.075,0.318,0.244,-0.369,-0.024,0.002,0.083,0.058,0.149,0.185,-0.001,1.0,-0.466
11,y3,0.392,-0.384,0.369,-0.113,-0.474,-0.354,0.443,0.076,-0.248,0.066,-0.27,-0.628,0.234,-0.005,-0.466,1.0
12,.,1.0,-0.002,0.03,-0.272,-0.387,0.089,0.381,-0.26,-0.133,-0.339,-0.354,-0.539,0.285,-0.095,-0.338,0.394
12,A1_1,-0.002,1.0,-0.344,-0.325,0.243,0.195,-0.207,-0.268,0.218,0.117,-0.013,0.087,0.056,-0.104,0.603,-0.382
12,A1_2,0.03,-0.344,1.0,0.232,-0.019,-0.045,0.151,-0.06,-0.187,0.05,0.093,-0.225,0.125,0.048,-0.354,0.368
12,A1_3,-0.272,-0.325,0.232,1.0,-0.075,-0.23,0.198,0.286,0.003,0.069,0.212,0.073,0.11,0.153,-0.074,-0.111
12,B1_1,-0.387,0.243,-0.019,-0.075,1.0,0.236,-0.555,-0.096,0.025,0.222,0.598,0.627,0.114,0.245,0.313,-0.476
12,B1_2,0.089,0.195,-0.045,-0.23,0.236,1.0,-0.185,-0.511,0.003,0.317,0.173,0.105,0.186,0.4,0.241,-0.355
12,B1_3,0.381,-0.207,0.151,0.198,-0.555,-0.185,1.0,-0.044,-0.084,0.118,-0.061,-0.325,0.191,0.263,-0.37,0.443
12,A2_1,-0.26,-0.268,-0.06,0.286,-0.096,-0.511,-0.044,1.0,0.446,-0.392,0.222,-0.159,0.114,-0.502,-0.026,0.075
12,A2_2,-0.133,0.218,-0.187,0.003,0.025,0.003,-0.084,0.446,1.0,-0.205,0.263,0.201,0.252,-0.231,-0.001,-0.251
12,A2_3,-0.339,0.117,0.05,0.069,0.222,0.317,0.118,-0.392,-0.205,1.0,0.127,0.258,0.22,0.553,0.082,0.066
12,B2_1,-0.354,-0.013,0.093,0.212,0.598,0.173,-0.061,0.222,0.263,0.127,1.0,0.507,0.037,0.163,0.052,-0.275
12,B2_2,-0.539,0.087,-0.225,0.073,0.627,0.105,-0.325,-0.159,0.201,0.258,0.507,1.0,-0.24,0.265,0.145,-0.63
12,B2_3,0.285,0.056,0.125,0.11,0.114,0.186,0.191,0.114,0.252,0.22,0.037,-0.24,1.0,0.147,0.184,0.232
12,y1,-0.095,-0.104,0.048,0.153,0.245,0.4,0.263,-0.502,-0.231,0.553,0.163,0.265,0.147,1.0,0.002,-0.005
12,y2,-0.338,0.603,-0.354,-0.074,0.313,0.241,-0.37,-0.026,-0.001,0.082,0.052,0.145,0.184,0.002,1.0,-0.462
12,y3,0.394,-0.382,0.368,-0.111,-0.476,-0.355,0.443,0.075,-0.251,0.066,-0.275,-0.63,0.232,-0.005,-0.462,1.0
13,.,1.0,0.001,0.026,-0.27,-0.396,0.081,0.381,-0.261,-0.138,-0.34,-0.364,-0.545,0.276,-0.097,-0.332,0.396
13,A1_1,0.001,1.0,-0.344,-0.325,0.241,0.194,-0.209,-0.268,0.217,0.117,-0.014,0.086,0.055,-0.103,0.603,-0.38
13,A1_2,0.026,-0.344,1.0,0.232,-0.019,-0.045,0.152,-0.059,-0.186,0.05,0.093,-0.224,0.126,0.049,-0.353,0.368
13,A1_3,-0.27,-0.325,0.232,1.0,-0.076,-0.231,0.198,0.287,0.004,0.07,0.209,0.071,0.109,0.155,-0.072,-0.11
13,B1_1,-0.396,0.241,-0.019,-0.076,1.0,0.241,-0.551,-0.096,0.026,0.223,0.601,0.63,0.118,0.242,0.308,-0.478
13,B1_2,0.081,0.194,-0.045,-0.231,0.241,1.0,-0.184,-0.509,0.005,0.317,0.179,0.11,0.188,0.399,0.238,-0.357
13,B1_3,0.381,-0.209,0.152,0.198,-0.551,-0.184,1.0,-0.043,-0.081,0.121,-0.056,-0.322,0.19,0.265,-0.371,0.442
13,A2_1,-0.261,-0.268,-0.059,0.287,-0.096,-0.509,-0.043,1.0,0.446,-0.392,0.221,-0.157,0.115,-0.502,-0.027,0.074
13,A2_2,-0.138,0.217,-0.186,0.004,0.026,0.005,-0.081,0.446,1.0,-0.205,0.264,0.203,0.254,-0.233,-0.004,-0.254
13,A2_3,-0.34,0.117,0.05,0.07,0.223,0.317,0.121,-0.392,-0.205,1.0,0.128,0.258,0.222,0.552,0.081,0.065
13,B2_1,-0.364,-0.014,0.093,0.209,0.601,0.179,-0.056,0.221,0.264,0.128,1.0,0.511,0.043,0.158,0.047,-0.28
13,B2_2,-0.545,0.086,-0.224,0.071,0.63,0.11,-0.322,-0.157,0.203,0.258,0.511,1.0,-0.235,0.261,0.14,-0.633
13,B2_3,0.276,0.055,0.126,0.109,0.118,0.188,0.19,0.115,0.254,0.222,0.043,-0.235,1.0,0.147,0.182,0.231
13,y1,-0.097,-0.103,0.049,0.155,0.242,0.399,0.265,-0.502,-0.233,0.552,0.158,0.261,0.147,1.0,0.004,-0.004
13,y2,-0.332,0.603,-0.353,-0.072,0.308,0.238,-0.371,-0.027,-0.004,0.081,0.047,0.14,0.182,0.004,1.0,-0.457
13,y3,0.396,-0.38,0.368,-0.11,-0.478,-0.357,0.442,0.074,-0.254,0.065,-0.28,-0.633,0.231,-0.004,-0.457,1.0
14,.,1.0,0.005,0.021,-0.268,-0.405,0.073,0.38,-0.261,-0.144,-0.342,-0.374,-0.55,0.267,-0.099,-0.326,0.399
14,A1_1,0.005,1.0,-0.344,-0.324,0.24,0.192,-0.21,-0.268,0.217,0.117,-0.015,0.085,0.054,-0.102,0.603,-0.378
14,A1_2,0.021,-0.344,1.0,0.233,-0.018,-0.045,0.154,-0.059,-0.185,0.05,0.093,-0.222,0.126,0.049,-0.353,0.368
14,A1_3,-0.268,-0.324,0.233,1.0,-0.077,-0.232,0.197,0.287,0.005,0.071,0.206,0.069,0.108,0.157,-0.071,-0.108
14,B1_1,-0.405,0.24,-0.018,-0.077,1.0,0.246,-0.546,-0.095,0.028,0.223,0.605,0.633,0.122,0.239,0.303,-0.48
14,B1_2,0.073,0.192,-0.045,-0.232,0.246,1.0,-0.184,-0.508,0.007,0.318,0.186,0.116,0.19,0.397,0.236,-0.359
14,B1_3,0.38,-0.21,0.154,0.197,-0.546,-0.184,1.0,-0.041,-0.077,0.124,-0.051,-0.319,0.189,0.266,-0.371,0.44
14,A2_1,-0.261,-0.268,-0.059,0.287,-0.095,-0.508,-0.041,1.0,0.446,-0.391,0.22,-0.156,0.116,-0.503,-0.029,0.073
14,A2_2,-0.144,0.217,-0.185,0.005,0.028,0.007,-0.077,0.446,1.0,-0.205,0.265,0.204,0.257,-0.234,-0.007,-0.257
14,A2_3,-0.342,0.117,0.05,0.071,0.223,0.318,0.124,-0.391,-0.205,1.0,0.129,0.259,0.223,0.552,0.079,0.064
14,B2_1,-0.374,-0.015,0.093,0.206,0.605,0.186,-0.051,0.22,0.265,0.129,1.0,0.516,0.049,0.154,0.041,-0.286
14,B2_2,-0.55,0.085,-0.222,0.069,0.633,0.116,-0.319,-0.156,0.204,0.259,0.516,1.0,-0.23,0.258,0.136,-0.635
14,B2_3,0.267,0.054,0.126,0.108,0.122,0.19,0.189,0.116,0.257,0.223,0.049,-0.23,1.0,0.147,0.181,0.229
14,y1,-0.099,-0.102,0.049,0.157,0.239,0.397,0.266,-0.503,-0.234,0.552,0.154,0.258,0.147,1.0,0.006,-0.004
14,y2,-0.326,0.603,-0.353,-0.071,0.303,0.236,-0.371,-0.029,-0.007,0.079,0.041,0.136,0.181,0.006,1.0,-0.451
14,y3,0.399,-0.378,0.368,-0.108,-0.48,-0.359,0.44,0.073,-0.257,0.064,-0.286,-0.635,0.229,-0.004,-0.451,1.0
15,.,1.0,0.009,0.017,-0.266,-0.415,0.064,0.379,-0.262,-0.15,-0.344,-0.384,-0.556,0.257,-0.1,-0.319,0.402
15,A1_1,0.009,1.0,-0.344,-0.324,0.238,0.19,-0.212,-0.268,0.217,0.117,-0.016,0.084,0.053,-0.1,0.603,-0.375
15,A1_2,0.017,-0.344,1.0,0.234,-0.018,-0.045,0.155,-0.058,-0.185,0.05,0.093,-0.221,0.127,0.049,-0.352,0.367
15,A1_3,-0.266,-0.324,0.234,1.0,-0.078,-0.233,0.197,0.288,0.007,0.072,0.203,0.067,0.107,0.159,-0.07,-0.107
15,B1_1,-0.415,0.238,-0.018,-0.078,1.0,0.251,-0.541,-0.094,0.03,0.223,0.609,0.636,0.127,0.235,0.297,-0.483
15,B1_2,0.064,0.19,-0.045,-0.233,0.251,1.0,-0.183,-0.506,0.009,0.319,0.193,0.122,0.192,0.396,0.232,-0.361
15,B1_3,0.379,-0.212,0.155,0.197,-0.541,-0.183,1.0,-0.039,-0.073,0.127,-0.046,-0.315,0.188,0.267,-0.372,0.439
15,A2_1,-0.262,-0.268,-0.058,0.288,-0.094,-0.506,-0.039,1.0,0.446,-0.391,0.219,-0.154,0.117,-0.503,-0.03,0.072
15,A2_2,-0.15,0.217,-0.185,0.007,0.03,0.009,-0.073,0.446,1.0,-0.204,0.266,0.206,0.26,-0.237,-0.01,-0.26
15,A2_3,-0.344,0.117,0.05,0.072,0.223,0.319,0.127,-0.391,-0.204,1.0,0.13,0.259,0.225,0.551,0.078,0.063
15,B2_1,-0.384,-0.016,0.093,0.203,0.609,0.193,-0.046,0.219,0.266,0.13,1.0,0.521,0.055,0.149,0.035,-0.292
15,B2_2,-0.556,0.084,-0.221,0.067,0.636,0.122,-0.315,-0.154,0.206,0.259,0.521,1.0,-0.224,0.254,0.131,-0.638
15,B2_3,0.257,0.053,0.127,0.107,0.127,0.192,0.188,0.117,0.26,0.225,0.055,-0.224,1.0,0.148,0.18,0.226
15,y1,-0.1,-0.1,0.049,0.159,0.235,0.396,0.267,-0.503,-0.237,0.551,0.149,0.254,0.148,1.0,0.009,-0.003
15,y2,-0.319,0.603,-0.352,-0.07,0.297,0.232,-0.372,-0.03,-0.01,0.078,0.035,0.131,0.18,0.009,1.0,-0.445
15,y3,0.402,-0.375,0.367,-0.107,-0.483,-0.361,0.439,0.072,-0.26,0.063,-0.292,-0.638,0.226,-0.003,-0.445,1.0
16,.,1.0,0.012,0.013,-0.263,-0.425,0.054,0.377,-0.262,-0.156,-0.346,-0.395,-0.563,0.247,-0.101,-0.311,0.406
16,A1_1,0.012,1.0,-0.343,-0.323,0.236,0.188,-0.214,-0.269,0.217,0.116,-0.017,0.083,0.052,-0.099,0.602,-0.373
16,A1_2,0.013,-0.343,1.0,0.235,-0.018,-0.045,0.157,-0.058,-0.184,0.05,0.092,-0.219,0.128,0.05,-0.352,0.367
16,A1_3,-0.263,-0.323,0.235,1.0,-0.079,-0.235,0.196,0.289,0.008,0.072,0.2,0.065,0.106,0.161,-0.069,-0.105
16,B1_1,-0.425,0.236,-0.018,-0.079,1.0,0.257,-0.535,-0.093,0.032,0.223,0.613,0.64,0.132,0.231,0.291,-0.486
16,B1_2,0.054,0.188,-0.045,-0.235,0.257,1.0,-0.182,-0.505,0.011,0.32,0.2,0.128,0.194,0.394,0.229,-0.364
16,B1_3,0.377,-0.214,0.157,0.196,-0.535,-0.182,1.0,-0.038,-0.069,0.13,-0.04,-0.31,0.187,0.269,-0.373,0.436
16,A2_1,-0.262,-0.269,-0.058,0.289,-0.093,-0.505,-0.038,1.0,0.447,-0.391,0.218,-0.152,0.118,-0.504,-0.032,0.07
16,A2_2,-0.156,0.217,-0.184,0.008,0.032,0.011,-0.069,0.447,1.0,-0.204,0.267,0.208,0.263,-0.239,-0.013,-0.263
16,A2_3,-0.346,0.116,0.05,0.072,0.223,0.32,0.13,-0.391,-0.204,1.0,0.13,0.259,0.227,0.551,0.076,0.061
16,B2_1,-0.395,-0.017,0.092,0.2,0.613,0.2,-0.04,0.218,0.267,0.13,1.0,0.527,0.061,0.143,0.028,-0.298
16,B2_2,-0.563,0.083,-0.219,0.065,0.64,0.128,-0.31,-0.152,0.208,0.259,0.527,1.0,-0.218,0.25,0.125,-0.641
16,B2_3,0.247,0.052,0.128,0.106,0.132,0.194,0.187,0.118,0.263,0.227,0.061,-0.218,1.0,0.148,0.179,0.223
16,y1,-0.101,-0.099,0.05,0.161,0.231,0.394,0.269,-0.504,-0.239,0.551,0.143,0.25,0.148,1.0,0.012,-0.002
16,y2,-0.311,0.602,-0.352,-0.069,0.291,0.229,-0.373,-0.032,-0.013,0.076,0.028,0.125,0.179,0.012,1.0,-0.439
16,y3,0.406,-0.373,0.367,-0.105,-0.486,-0.364,0.436,0.07,-0.263,0.061,-0.298,-0.641,0.223,-0.002,-0.439,1.0
17,.,1.0,0.016,0.008,-0.261,-0.435,0.044,0.374,-0.262,-0.163,-0.347,-0.407,-0.57,0.235,-0.101,-0.303,0.41
17,A1_1,0.016,1.0,-0.343,-0.323,0.235,0.186,-0.216,-0.269,0.217,0.116,-0.018,0.082,0.051,-0.097,0.602,-0.37
17,A1_2,0.008,-0.343,1.0,0.235,-0.018,-0.045,0.159,-0.057,-0.184,0.05,0.092,-0.218,0.128,0.05,-0.351,0.366
17,A1_3,-0.261,-0.323,0.235,1.0,-0.08,-0.236,0.196,0.289,0.009,0.073,0.197,0.063,0.105,0.163,-0.067,-0.103
17,B1_1,-0.435,0.235,-0.018,-0.08,1.0,0.262,-0.529,-0.092,0.034,0.224,0.617,0.644,0.138,0.227,0.284,-0.489
17,B1_2,0.044,0.186,-0.045,-0.236,0.262,1.0,-0.181,-0.503,0.013,0.32,0.208,0.135,0.196,0.391,0.226,-0.367
17,B1_3,0.374,-0.216,0.159,0.196,-0.529,-0.181,1.0,-0.036,-0.065,0.134,-0.034,-0.305,0.186,0.27,-0.374,0.433
17,A2_1,-0.262,-0.269,-0.057,0.289,-0.092,-0.503,-0.036,1.0,0.447,-0.391,0.217,-0.151,0.119,-0.505,-0.034,0.069
17,A2_2,-0.163,0.217,-0.184,0.009,0.034,0.013,-0.065,0.447,1.0,-0.205,0.268,0.209,0.266,-0.241,-0.017,-0.267
17,A2_3,-0.347,0.116,0.05,0.073,0.224,0.32,0.134,-0.391,-0.205,1.0,0.131,0.259,0.23,0.55,0.074,0.06
17,B2_1,-0.407,-0.018,0.092,0.197,0.617,0.208,-0.034,0.217,0.268,0.131,1.0,0.533,0.068,0.137,0.022,-0.306
17,B2_2,-0.57,0.082,-0.218,0.063,0.644,0.135,-0.305,-0.151,0.209,0.259,0.533,1.0,-0.21,0.245,0.12,-0.644
17,B2_3,0.235,0.051,0.128,0.105,0.138,0.196,0.186,0.119,0.266,0.23,0.068,-0.21,1.0,0.148,0.177,0.22
17,y1,-0.101,-0.097,0.05,0.163,0.227,0.391,0.27,-0.505,-0.241,0.55,0.137,0.245,0.148,1.0,0.015,-0.001
17,y2,-0.303,0.602,-0.351,-0.067,0.284,0.226,-0.374,-0.034,-0.017,0.074,0.022,0.12,0.177,0.015,1.0,-0.432
17,y3,0.41,-0.37,0.366,-0.103,-0.489,-0.367,0.433,0.069,-0.267,0.06,-0.306,-0.644,0.22,-0.001,-0.432,1.0
18,.,1.0,0.02,0.004,-0.258,-0.445,0.033,0.369,-0.262,-0.169,-0.349,-0.418,-0.577,0.223,-0.101,-0.294,0.414
18,A1_1,0.02,1.0,-0.343,-0.322,0.232,0.184,-0.217,-0.269,0.216,0.115,-0.019,0.08,0.05,-0.096,0.601,-0.367
18,A1_2,0.004,-0.343,1.0,0.236,-0.018,-0.045,0.161,-0.057,-0.183,0.05,0.092,-0.216,0.129,0.05,-0.35,0.366
18,A1_3,-0.258,-0.322,0.236,1.0,-0.081,-0.237,0.196,0.29,0.01,0.073,0.194,0.061,0.104,0.164,-0.066,-0.102
18,B1_1,-0.445,0.232,-0.018,-0.081,1.0,0.269,-0.522,-0.091,0.036,0.224,0.622,0.648,0.144,0.223,0.277,-0.492
18,B1_2,0.033,0.184,-0.045,-0.237,0.269,1.0,-0.18,-0.501,0.015,0.321,0.216,0.142,0.199,0.389,0.222,-0.37
18,B1_3,0.369,-0.217,0.161,0.196,-0.522,-0.18,1.0,-0.034,-0.06,0.139,-0.027,-0.3,0.185,0.272,-0.375,0.43
18,A2_1,-0.262,-0.269,-0.057,0.29,-0.091,-0.501,-0.034,1.0,0.447,-0.391,0.216,-0.149,0.121,-0.506,-0.035,0.067
18,A2_2,-0.169,0.216,-0.183,0.01,0.036,0.015,-0.06,0.447,1.0,-0.205,0.269,0.211,0.269,-0.244,-0.02,-0.27
18,A2_3,-0.349,0.115,0.05,0.073,0.224,0.321,0.139,-0.391,-0.205,1.0,0.132,0.26,0.232,0.548,0.073,0.059
18,B2_1,-0.418,-0.019,0.092,0.194,0.622,0.216,-0.027,0.216,0.269,0.132,1.0,0.539,0.076,0.131,0.015,-0.313
18,B2_2,-0.577,0.08,-0.216,0.061,0.648,0.142,-0.3,-0.149,0.211,0.26,0.539,1.0,-0.203,0.241,0.114,-0.648
18,B2_3,0.223,0.05,0.129,0.104,0.144,0.199,0.185,0.121,0.269,0.232,0.076,-0.203,1.0,0.148,0.175,0.216
18,y1,-0.101,-0.096,0.05,0.164,0.223,0.389,0.272,-0.506,-0.244,0.548,0.131,0.241,0.148,1.0,0.018,0.001
18,y2,-0.294,0.601,-0.35,-0.066,0.277,0.222,-0.375,-0.035,-0.02,0.073,0.015,0.114,0.175,0.018,1.0,-0.424
18,y3,0.414,-0.367,0.366,-0.102,-0.492,-0.37,0.43,0.067,-0.27,0.059,-0.313,-0.648,0.216,0.001,-0.424,1.0
19,.,1.0,0.023,0.001,-0.256,-0.456,0.021,0.364,-0.261,-0.175,-0.35,-0.43,-0.584,0.21,-0.1,-0.284,0.42
19,A1_1,0.023,1.0,-0.343,-0.321,0.23,0.182,-0.219,-0.269,0.216,0.115,-0.02,0.079,0.049,-0.094,0.601,-0.364
19,A1_2,0.001,-0.343,1.0,0.237,-0.018,-0.045,0.163,-0.056,-0.182,0.05,0.091,-0.215,0.13,0.051,-0.35,0.365
19,A1_3,-0.256,-0.321,0.237,1.0,-0.082,-0.238,0.196,0.291,0.011,0.074,0.191,0.059,0.103,0.166,-0.065,-0.1
19,B1_1,-0.456,0.23,-0.018,-0.082,1.0,0.276,-0.514,-0.09,0.038,0.224,0.626,0.652,0.15,0.218,0.27,-0.496
19,B1_2,0.021,0.182,-0.045,-0.238,0.276,1.0,-0.179,-0.499,0.017,0.322,0.224,0.15,0.202,0.386,0.218,-0.373
19,B1_3,0.364,-0.219,0.163,0.196,-0.514,-0.179,1.0,-0.031,-0.054,0.143,-0.019,-0.293,0.184,0.274,-0.376,0.426
19,A2_1,-0.261,-0.269,-0.056,0.291,-0.09,-0.499,-0.031,1.0,0.447,-0.391,0.215,-0.147,0.122,-0.507,-0.037,0.065
19,A2_2,-0.175,0.216,-0.182,0.011,0.038,0.017,-0.054,0.447,1.0,-0.205,0.27,0.212,0.272,-0.247,-0.024,-0.274
19,A2_3,-0.35,0.115,0.05,0.074,0.224,0.322,0.143,-0.391,-0.205,1.0,0.133,0.26,0.235,0.547,0.071,0.057
19,B2_1,-0.43,-0.02,0.091,0.191,0.626,0.224,-0.019,0.215,0.27,0.133,1.0,0.545,0.084,0.125,0.008,-0.321
19,B2_2,-0.584,0.079,-0.215,0.059,0.652,0.15,-0.293,-0.147,0.212,0.26,0.545,1.0,-0.194,0.235,0.107,-0.652
19,B2_3,0.21,0.049,0.13,0.103,0.15,0.202,0.184,0.122,0.272,0.235,0.084,-0.194,1.0,0.148,0.174,0.211
19,y1,-0.1,-0.094,0.051,0.166,0.218,0.386,0.274,-0.507,-0.247,0.547,0.125,0.235,0.148,1.0,0.021,0.003
19,y2,-0.284,0.601,-0.35,-0.065,0.27,0.218,-0.376,-0.037,-0.024,0.071,0.008,0.107,0.174,0.021,1.0,-0.416
19,y3,0.42,-0.364,0.365,-0.1,-0.496,-0.373,0.426,0.065,-0.274,0.057,-0.321,-0.652,0.211,0.003,-0.416,1.0
20,.,1.0,0.027,-0.003,-0.253,-0.467,0.009,0.357,-0.261,-0.181,-0.352,-0.442,-0.592,0.196,-0.098,-0.274,0.426
20,A1_1,0.027,1.0,-0.343,-0.321,0.228,0.179,-0.221,-0.269,0.216,0.114,-0.022,0.077,0.048,-0.093,0.6,-0.36
20,A1_2,-0.003,-0.343,1.0,0.237,-0.018,-0.045,0.165,-0.056,-0.182,0.05,0.091,-0.213,0.13,0.051,-0.349,0.364
20,A1_3,-0.253,-0.321,0.237,1.0,-0.083,-0.238,0.197,0.291,0.012,0.074,0.188,0.057,0.102,0.168,-0.064,-0.099
20,B1_1,-0.467,0.228,-0.018,-0.083,1.0,0.283,-0.506,-0.089,0.04,0.224,0.631,0.656,0.157,0.212,0.262,-0.5
20,B1_2,0.009,0.179,-0.045,-0.238,0.283,1.0,-0.177,-0.496,0.02,0.323,0.234,0.159,0.205,0.383,0.214,-0.377
20,B1_3,0.357,-0.221,0.165,0.197,-0.506,-0.177,1.0,-0.029,-0.048,0.148,-0.011,-0.286,0.183,0.275,-0.377,0.421
20,A2_1,-0.261,-0.269,-0.056,0.291,-0.089,-0.496,-0.029,1.0,0.447,-0.391,0.214,-0.146,0.123,-0.509,-0.039,0.063
20,A2_2,-0.181,0.216,-0.182,0.012,0.04,0.02,-0.048,0.447,1.0,-0.205,0.271,0.214,0.276,-0.25,-0.028,-0.277
20,A2_3,-0.352,0.114,0.05,0.074,0.224,0.323,0.148,-0.391,-0.205,1.0,0.134,0.26,0.237,0.546,0.068,0.056
20,B2_1,-0.442,-0.022,0.091,0.188,0.631,0.234,-0.011,0.214,0.271,0.134,1.0,0.552,0.092,0.118,-0.0,-0.329
20,B2_2,-0.592,0.077,-0.213,0.057,0.656,0.159,-0.286,-0.146,0.214,0.26,0.552,1.0,-0.185,0.229,0.1,-0.655
20,B2_3,0.196,0.048,0.13,0.102,0.157,0.205,0.183,0.123,0.276,0.237,0.092,-0.185,1.0,0.148,0.172,0.206
20,y1,-0.098,-0.093,0.051,0.168,0.212,0.383,0.275,-0.509,-0.25,0.546,0.118,0.229,0.148,1.0,0.024,0.006
20,y2,-0.274,0.6,-0.349,-0.064,0.262,0.214,-0.377,-0.039,-0.028,0.068,-0.0,0.1,0.172,0.024,1.0,-0.407
20,y3,0.426,-0.36,0.364,-0.099,-0.5,-0.377,0.421,0.063,-0.277,0.056,-0.329,-0.655,0.206,0.006,-0.407,1.0
21,.,1.0,0.03,-0.006,-0.25,-0.478,-0.004,0.349,-0.26,-0.188,-0.353,-0.454,-0.599,0.18,-0.096,-0.263,0.432
21,A1_1,0.03,1.0,-0.343,-0.32,0.225,0.177,-0.223,-0.27,0.216,0.114,-0.023,0.076,0.047,-0.091,0.6,-0.356
21,A1_2,-0.006,-0.343,1.0,0.238,-0.018,-0.045,0.167,-0.055,-0.182,0.05,0.09,-0.212,0.131,0.051,-0.348,0.363
21,A1_3,-0.25,-0.32,0.238,1.0,-0.084,-0.239,0.197,0.292,0.013,0.075,0.184,0.055,0.101,0.169,-0.063,-0.097
21,B1_1,-0.478,0.225,-0.018,-0.084,1.0,0.291,-0.496,-0.088,0.042,0.224,0.637,0.661,0.165,0.206,0.254,-0.505
21,B1_2,-0.004,0.177,-0.045,-0.239,0.291,1.0,-0.175,-0.494,0.023,0.324,0.243,0.168,0.209,0.38,0.21,-0.381
21,B1_3,0.349,-0.223,0.167,0.197,-0.496,-0.175,1.0,-0.026,-0.042,0.154,-0.002,-0.277,0.182,0.277,-0.378,0.415
21,A2_1,-0.26,-0.27,-0.055,0.292,-0.088,-0.494,-0.026,1.0,0.448,-0.391,0.212,-0.144,0.125,-0.51,-0.042,0.061
21,A2_2,-0.188,0.216,-0.182,0.013,0.042,0.023,-0.042,0.448,1.0,-0.206,0.272,0.215,0.28,-0.254,-0.033,-0.281
21,A2_3,-0.353,0.114,0.05,0.075,0.224,0.324,0.154,-0.391,-0.206,1.0,0.135,0.26,0.24,0.544,0.066,0.054
21,B2_1,-0.454,-0.023,0.09,0.184,0.637,0.243,-0.002,0.212,0.272,0.135,1.0,0.559,0.101,0.11,-0.008,-0.338
21,B2_2,-0.599,0.076,-0.212,0.055,0.661,0.168,-0.277,-0.144,0.215,0.26,0.559,1.0,-0.175,0.223,0.093,-0.66
21,B2_3,0.18,0.047,0.131,0.101,0.165,0.209,0.182,0.125,0.28,0.24,0.101,-0.175,1.0,0.148,0.17,0.199
21,y1,-0.096,-0.091,0.051,0.169,0.206,0.38,0.277,-0.51,-0.254,0.544,0.11,0.223,0.148,1.0,0.028,0.009
21,y2,-0.263,0.6,-0.348,-0.063,0.254,0.21,-0.378,-0.042,-0.033,0.066,-0.008,0.093,0.17,0.028,1.0,-0.397
21,y3,0.432,-0.356,0.363,-0.097,-0.505,-0.381,0.415,0.061,-0.281,0.054,-0.338,-0.66,0.199,0.009,-0.397,1.0
22,.,1.0,0.034,-0.009,-0.247,-0.489,-0.019,0.339,-0.259,-0.194,-0.354,-0.466,-0.607,0.164,-0.093,-0.251,0.439
22,A1_1,0.034,1.0,-0.343,-0.32,0.222,0.174,-0.225,-0.27,0.215,0.113,-0.025,0.074,0.045,-0.09,0.6,-0.352
22,A1_2,-0.009,-0.343,1.0,0.239,-0.019,-0.045,0.169,-0.055,-0.181,0.05,0.089,-0.21,0.132,0.051,-0.348,0.362
22,A1_3,-0.247,-0.32,0.239,1.0,-0.085,-0.24,0.198,0.293,0.014,0.075,0.181,0.052,0.101,0.17,-0.062,-0.095
22,B1_1,-0.489,0.222,-0.019,-0.085,1.0,0.299,-0.486,-0.088,0.045,0.224,0.642,0.666,0.174,0.2,0.245,-0.509
22,B1_2,-0.019,0.174,-0.045,-0.24,0.299,1.0,-0.172,-0.491,0.026,0.326,0.254,0.178,0.213,0.376,0.205,-0.386
22,B1_3,0.339,-0.225,0.169,0.198,-0.486,-0.172,1.0,-0.023,-0.035,0.16,0.008,-0.268,0.181,0.279,-0.379,0.408
22,A2_1,-0.259,-0.27,-0.055,0.293,-0.088,-0.491,-0.023,1.0,0.448,-0.391,0.211,-0.142,0.126,-0.512,-0.044,0.06
22,A2_2,-0.194,0.215,-0.181,0.014,0.045,0.026,-0.035,0.448,1.0,-0.206,0.273,0.217,0.284,-0.257,-0.037,-0.284
22,A2_3,-0.354,0.113,0.05,0.075,0.224,0.326,0.16,-0.391,-0.206,1.0,0.137,0.26,0.244,0.542,0.064,0.052
22,B2_1,-0.466,-0.025,0.089,0.181,0.642,0.254,0.008,0.211,0.273,0.137,1.0,0.567,0.111,0.102,-0.017,-0.348
22,B2_2,-0.607,0.074,-0.21,0.052,0.666,0.178,-0.268,-0.142,0.217,0.26,0.567,1.0,-0.163,0.216,0.084,-0.664
22,B2_3,0.164,0.045,0.132,0.101,0.174,0.213,0.181,0.126,0.284,0.244,0.111,-0.163,1.0,0.147,0.167,0.192
22,y1,-0.093,-0.09,0.051,0.17,0.2,0.376,0.279,-0.512,-0.257,0.542,0.102,0.216,0.147,1.0,0.032,0.013
22,y2,-0.251,0.6,-0.348,-0.062,0.245,0.205,-0.379,-0.044,-0.037,0.064,-0.017,0.084,0.167,0.032,1.0,-0.387
22,y3,0.439,-0.352,0.362,-0.095,-0.509,-0.386,0.408,0.06,-0.284,0.052,-0.348,-0.664,0.192,0.013,-0.387,1.0
23,.,1.0,0.037,-0.012,-0.244,-0.5,-0.033,0.327,-0.257,-0.199,-0.354,-0.479,-0.616,0.147,-0.089,-0.238,0.447
23,A1_1,0.037,1.0,-0.343,-0.319,0.219,0.171,-0.228,-0.27,0.215,0.113,-0.026,0.072,0.044,-0.088,0.599,-0.348
23,A1_2,-0.012,-0.343,1.0,0.239,-0.019,-0.045,0.171,-0.054,-0.181,0.049,0.089,-0.209,0.132,0.051,-0.347,0.361
23,A1_3,-0.244,-0.319,0.239,1.0,-0.086,-0.24,0.199,0.293,0.015,0.076,0.178,0.05,0.1,0.172,-0.061,-0.094
23,B1_1,-0.5,0.219,-0.019,-0.086,1.0,0.308,-0.474,-0.087,0.047,0.224,0.648,0.672,0.183,0.193,0.235,-0.514
23,B1_2,-0.033,0.171,-0.045,-0.24,0.308,1.0,-0.169,-0.488,0.029,0.327,0.265,0.189,0.218,0.372,0.199,-0.39
23,B1_3,0.327,-0.228,0.171,0.199,-0.474,-0.169,1.0,-0.019,-0.028,0.167,0.019,-0.257,0.181,0.28,-0.38,0.4
23,A2_1,-0.257,-0.27,-0.054,0.293,-0.087,-0.488,-0.019,1.0,0.448,-0.392,0.209,-0.141,0.128,-0.513,-0.047,0.057
23,A2_2,-0.199,0.215,-0.181,0.015,0.047,0.029,-0.028,0.448,1.0,-0.207,0.274,0.218,0.288,-0.261,-0.042,-0.288
23,A2_3,-0.354,0.113,0.049,0.076,0.224,0.327,0.167,-0.392,-0.207,1.0,0.138,0.26,0.247,0.54,0.061,0.051
23,B2_1,-0.479,-0.026,0.089,0.178,0.648,0.265,0.019,0.209,0.274,0.138,1.0,0.575,0.122,0.094,-0.026,-0.357
23,B2_2,-0.616,0.072,-0.209,0.05,0.672,0.189,-0.257,-0.141,0.218,0.26,0.575,1.0,-0.151,0.208,0.076,-0.669
23,B2_3,0.147,0.044,0.132,0.1,0.183,0.218,0.181,0.128,0.288,0.247,0.122,-0.151,1.0,0.146,0.164,0.184
23,y1,-0.089,-0.088,0.051,0.172,0.193,0.372,0.28,-0.513,-0.261,0.54,0.094,0.208,0.146,1.0,0.036,0.017
23,y2,-0.238,0.599,-0.347,-0.061,0.235,0.199,-0.38,-0.047,-0.042,0.061,-0.026,0.076,0.164,0.036,1.0,-0.376
23,y3,0.447,-0.348,0.361,-0.094,-0.514,-0.39,0.4,0.057,-0.288,0.051,-0.357,-0.669,0.184,0.017,-0.376,1.0
24,.,1.0,0.041,-0.015,-0.241,-0.511,-0.049,0.313,-0.256,-0.205,-0.355,-0.491,-0.624,0.129,-0.085,-0.225,0.455
24,A1_1,0.041,1.0,-0.343,-0.318,0.216,0.168,-0.23,-0.27,0.215,0.112,-0.028,0.069,0.042,-0.087,0.598,-0.343
24,A1_2,-0.015,-0.343,1.0,0.24,-0.02,-0.045,0.174,-0.054,-0.18,0.049,0.087,-0.207,0.133,0.051,-0.346,0.36
24,A1_3,-0.241,-0.318,0.24,1.0,-0.087,-0.241,0.2,0.294,0.016,0.076,0.174,0.048,0.099,0.173,-0.061,-0.092
24,B1_1,-0.511,0.216,-0.02,-0.087,1.0,0.318,-0.461,-0.086,0.049,0.223,0.654,0.677,0.192,0.185,0.225,-0.519
24,B1_2,-0.049,0.168,-0.045,-0.241,0.318,1.0,-0.165,-0.485,0.032,0.329,0.277,0.201,0.223,0.367,0.193,-0.396
24,B1_3,0.313,-0.23,0.174,0.2,-0.461,-0.165,1.0,-0.015,-0.02,0.174,0.031,-0.244,0.181,0.282,-0.382,0.391
24,A2_1,-0.256,-0.27,-0.054,0.294,-0.086,-0.485,-0.015,1.0,0.448,-0.392,0.207,-0.139,0.129,-0.515,-0.049,0.055
24,A2_2,-0.205,0.215,-0.18,0.016,0.049,0.032,-0.02,0.448,1.0,-0.208,0.275,0.22,0.293,-0.266,-0.048,-0.292
