,,.,A1_1,A1_2,A1_3,B1_1,B1_2,B1_3,A2_1,A2_2,A2_3,B2_1,B2_2,B2_3,y1,y2,y3
1,.,1.0,0.941,0.956,0.922,0.904,0.758,0.878,0.848,0.894,0.907,0.732,0.89,0.913,0.862,0.852,0.936
1,A1_1,0.941,1.0,0.928,0.913,0.926,0.726,0.814,0.746,0.928,0.904,0.61,0.856,0.897,0.925,0.884,0.825
1,A1_2,0.956,0.928,1.0,0.895,0.921,0.664,0.832,0.797,0.886,0.85,0.684,0.877,0.877,0.866,0.829,0.901
1,A1_3,0.922,0.913,0.895,1.0,0.813,0.759,0.832,0.694,0.842,0.77,0.597,0.957,0.769,0.857,0.736,0.857
1,B1_1,0.904,0.926,0.921,0.813,1.0,0.595,0.801,0.775,0.916,0.909,0.611,0.816,0.938,0.867,0.947,0.82
1,B1_2,0.758,0.726,0.664,0.759,0.595,1.0,0.885,0.834,0.738,0.588,0.865,0.77,0.714,0.804,0.616,0.666
1,B1_3,0.878,0.814,0.832,0.832,0.801,0.885,1.0,0.882,0.793,0.778,0.888,0.911,0.864,0.807,0.808,0.81
1,A2_1,0.848,0.746,0.797,0.694,0.775,0.834,0.882,1.0,0.771,0.729,0.942,0.711,0.845,0.758,0.767,0.741
1,A2_2,0.894,0.928,0.886,0.842,0.916,0.738,0.793,0.771,1.0,0.849,0.636,0.816,0.932,0.971,0.883,0.856
1,A2_3,0.907,0.904,0.85,0.77,0.909,0.588,0.778,0.729,0.849,1.0,0.592,0.748,0.947,0.772,0.951,0.815
1,B2_1,0.732,0.61,0.684,0.597,0.611,0.865,0.888,0.942,0.636,0.592,1.0,0.672,0.74,0.642,0.625,0.647
1,B2_2,0.89,0.856,0.877,0.957,0.816,0.77,0.911,0.711,0.816,0.748,0.672,1.0,0.79,0.825,0.75,0.867
1,B2_3,0.913,0.897,0.877,0.769,0.938,0.714,0.864,0.845,0.932,0.947,0.74,0.79,1.0,0.87,0.964,0.85
1,y1,0.862,0.925,0.866,0.857,0.867,0.804,0.807,0.758,0.971,0.772,0.642,0.825,0.87,1.0,0.829,0.8
1,y2,0.852,0.884,0.829,0.736,0.947,0.616,0.808,0.767,0.883,0.951,0.625,0.75,0.964,0.829,1.0,0.745
1,y3,0.936,0.825,0.901,0.857,0.82,0.666,0.81,0.741,0.856,0.815,0.647,0.867,0.85,0.8,0.745,1.0
2,.,1.0,0.948,0.958,0.924,0.91,0.756,0.87,0.839,0.906,0.903,0.718,0.89,0.914,0.879,0.856,0.93
2,A1_1,0.948,1.0,0.934,0.915,0.928,0.723,0.807,0.741,0.93,0.906,0.602,0.852,0.895,0.929,0.883,0.823
2,A1_2,0.958,0.934,1.0,0.898,0.928,0.668,0.829,0.793,0.893,0.849,0.678,0.877,0.879,0.877,0.83,0.897
2,A1_3,0.924,0.915,0.898,1.0,0.817,0.756,0.825,0.685,0.845,0.765,0.586,0.955,0.765,0.865,0.732,0.852
2,B1_1,0.91,0.928,0.928,0.817,1.0,0.597,0.797,0.772,0.919,0.91,0.61,0.814,0.936,0.873,0.943,0.822
2,B1_2,0.756,0.723,0.668,0.756,0.597,1.0,0.885,0.833,0.737,0.573,0.863,0.771,0.712,0.809,0.609,0.664
2,B1_3,0.87,0.807,0.829,0.825,0.797,0.885,1.0,0.878,0.789,0.759,0.888,0.91,0.859,0.809,0.796,0.807
2,A2_1,0.839,0.741,0.793,0.685,0.772,0.833,0.878,1.0,0.773,0.715,0.939,0.704,0.845,0.764,0.763,0.737
2,A2_2,0.906,0.93,0.893,0.845,0.919,0.737,0.789,0.773,1.0,0.857,0.633,0.813,0.933,0.971,0.883,0.862
2,A2_3,0.903,0.906,0.849,0.765,0.91,0.573,0.759,0.715,0.857,1.0,0.57,0.737,0.946,0.783,0.956,0.804
2,B2_1,0.718,0.602,0.678,0.586,0.61,0.863,0.888,0.939,0.633,0.57,1.0,0.669,0.737,0.644,0.616,0.643
2,B2_2,0.89,0.852,0.877,0.955,0.814,0.771,0.91,0.704,0.813,0.737,0.669,1.0,0.784,0.827,0.739,0.865
2,B2_3,0.914,0.895,0.879,0.765,0.936,0.712,0.859,0.845,0.933,0.946,0.737,0.784,1.0,0.873,0.962,0.852
2,y1,0.879,0.929,0.877,0.865,0.873,0.809,0.809,0.764,0.971,0.783,0.644,0.827,0.873,1.0,0.83,0.809
2,y2,0.856,0.883,0.83,0.732,0.943,0.609,0.796,0.763,0.883,0.956,0.616,0.739,0.962,0.83,1.0,0.743
2,y3,0.93,0.823,0.897,0.852,0.822,0.664,0.807,0.737,0.862,0.804,0.643,0.865,0.852,0.809,0.743,1.0
3,.,1.0,0.954,0.961,0.928,0.915,0.758,0.864,0.835,0.914,0.901,0.711,0.889,0.915,0.893,0.86,0.926
3,A1_1,0.954,1.0,0.939,0.917,0.931,0.725,0.804,0.743,0.932,0.908,0.604,0.851,0.896,0.933,0.884,0.825
3,A1_2,0.961,0.939,1.0,0.902,0.935,0.678,0.829,0.795,0.9,0.853,0.68,0.877,0.883,0.886,0.835,0.895
3,A1_3,0.928,0.917,0.902,1.0,0.823,0.757,0.822,0.684,0.849,0.766,0.584,0.953,0.766,0.872,0.734,0.849
3,B1_1,0.915,0.931,0.935,0.823,1.0,0.608,0.797,0.775,0.923,0.91,0.617,0.817,0.936,0.88,0.94,0.825
3,B1_2,0.758,0.725,0.678,0.757,0.608,1.0,0.888,0.836,0.74,0.568,0.865,0.777,0.717,0.816,0.611,0.667
3,B1_3,0.864,0.804,0.829,0.822,0.797,0.888,1.0,0.876,0.788,0.745,0.891,0.912,0.857,0.812,0.788,0.807
3,A2_1,0.835,0.743,0.795,0.684,0.775,0.836,0.876,1.0,0.778,0.709,0.939,0.705,0.847,0.773,0.764,0.737
3,A2_2,0.914,0.932,0.9,0.849,0.923,0.74,0.788,0.778,1.0,0.863,0.636,0.811,0.935,0.971,0.885,0.868
3,A2_3,0.901,0.908,0.853,0.766,0.91,0.568,0.745,0.709,0.863,1.0,0.559,0.731,0.943,0.794,0.96,0.797
3,B2_1,0.711,0.604,0.68,0.584,0.617,0.865,0.891,0.939,0.636,0.559,1.0,0.675,0.742,0.652,0.616,0.646
3,B2_2,0.889,0.851,0.877,0.953,0.817,0.777,0.912,0.705,0.811,0.731,0.675,1.0,0.784,0.83,0.734,0.865
3,B2_3,0.915,0.896,0.883,0.766,0.936,0.717,0.857,0.847,0.935,0.943,0.742,0.784,1.0,0.879,0.961,0.855
3,y1,0.893,0.933,0.886,0.872,0.88,0.816,0.812,0.773,0.971,0.794,0.652,0.83,0.879,1.0,0.834,0.818
3,y2,0.86,0.884,0.835,0.734,0.94,0.611,0.788,0.764,0.885,0.96,0.616,0.734,0.961,0.834,1.0,0.745
3,y3,0.926,0.825,0.895,0.849,0.825,0.667,0.807,0.737,0.868,0.797,0.646,0.865,0.855,0.818,0.745,1.0
4,.,1.0,0.958,0.963,0.931,0.919,0.762,0.858,0.832,0.92,0.901,0.707,0.888,0.915,0.903,0.864,0.921
4,A1_1,0.958,1.0,0.944,0.92,0.935,0.729,0.802,0.747,0.934,0.911,0.61,0.85,0.897,0.936,0.886,0.826
4,A1_2,0.963,0.944,1.0,0.905,0.941,0.688,0.829,0.798,0.907,0.857,0.684,0.877,0.887,0.894,0.841,0.894
4,A1_3,0.931,0.92,0.905,1.0,0.831,0.76,0.819,0.687,0.852,0.769,0.587,0.95,0.77,0.879,0.738,0.847
4,B1_1,0.919,0.935,0.941,0.831,1.0,0.622,0.8,0.78,0.926,0.91,0.629,0.82,0.936,0.887,0.938,0.829
4,B1_2,0.762,0.729,0.688,0.76,0.622,1.0,0.893,0.841,0.743,0.568,0.869,0.786,0.726,0.822,0.616,0.673
4,B1_3,0.858,0.802,0.829,0.819,0.8,0.893,1.0,0.876,0.786,0.733,0.896,0.914,0.856,0.816,0.783,0.806
4,A2_1,0.832,0.747,0.798,0.687,0.78,0.841,0.876,1.0,0.783,0.705,0.938,0.709,0.851,0.781,0.767,0.738
4,A2_2,0.92,0.934,0.907,0.852,0.926,0.743,0.786,0.783,1.0,0.869,0.642,0.81,0.938,0.972,0.887,0.873
4,A2_3,0.901,0.911,0.857,0.769,0.91,0.568,0.733,0.705,0.869,1.0,0.554,0.726,0.94,0.804,0.963,0.792
4,B2_1,0.707,0.61,0.684,0.587,0.629,0.869,0.896,0.938,0.642,0.554,1.0,0.685,0.749,0.662,0.62,0.651
4,B2_2,0.888,0.85,0.877,0.95,0.82,0.786,0.914,0.709,0.81,0.726,0.685,1.0,0.786,0.833,0.732,0.865
4,B2_3,0.915,0.897,0.887,0.77,0.936,0.726,0.856,0.851,0.938,0.94,0.749,0.786,1.0,0.885,0.959,0.859
4,y1,0.903,0.936,0.894,0.879,0.887,0.822,0.816,0.781,0.972,0.804,0.662,0.833,0.885,1.0,0.839,0.826
4,y2,0.864,0.886,0.841,0.738,0.938,0.616,0.783,0.767,0.887,0.963,0.62,0.732,0.959,0.839,1.0,0.747
4,y3,0.921,0.826,0.894,0.847,0.829,0.673,0.806,0.738,0.873,0.792,0.651,0.865,0.859,0.826,0.747,1.0
5,.,1.0,0.962,0.964,0.934,0.922,0.765,0.85,0.83,0.923,0.9,0.703,0.885,0.914,0.912,0.867,0.916
5,A1_1,0.962,1.0,0.949,0.922,0.937,0.733,0.799,0.751,0.935,0.913,0.616,0.849,0.898,0.939,0.887,0.827
5,A1_2,0.964,0.949,1.0,0.908,0.947,0.697,0.827,0.801,0.911,0.86,0.687,0.876,0.892,0.901,0.847,0.892
5,A1_3,0.934,0.922,0.908,1.0,0.837,0.763,0.816,0.69,0.854,0.771,0.59,0.947,0.773,0.884,0.743,0.844
5,B1_1,0.922,0.937,0.947,0.837,1.0,0.637,0.802,0.786,0.929,0.909,0.642,0.824,0.936,0.893,0.937,0.831
5,B1_2,0.765,0.733,0.697,0.763,0.637,1.0,0.899,0.846,0.745,0.569,0.874,0.794,0.735,0.827,0.623,0.678
5,B1_3,0.85,0.799,0.827,0.816,0.802,0.899,1.0,0.876,0.783,0.722,0.902,0.917,0.857,0.817,0.778,0.805
5,A2_1,0.83,0.751,0.801,0.69,0.786,0.846,0.876,1.0,0.787,0.703,0.938,0.714,0.855,0.789,0.77,0.74
5,A2_2,0.923,0.935,0.911,0.854,0.929,0.745,0.783,0.787,1.0,0.872,0.648,0.808,0.939,0.972,0.889,0.876
5,A2_3,0.9,0.913,0.86,0.771,0.909,0.569,0.722,0.703,0.872,1.0,0.55,0.721,0.935,0.811,0.964,0.786
5,B2_1,0.703,0.616,0.687,0.59,0.642,0.874,0.902,0.938,0.648,0.55,1.0,0.696,0.758,0.671,0.626,0.656
5,B2_2,0.885,0.849,0.876,0.947,0.824,0.794,0.917,0.714,0.808,0.721,0.696,1.0,0.79,0.835,0.731,0.864
5,B2_3,0.914,0.898,0.892,0.773,0.936,0.735,0.857,0.855,0.939,0.935,0.758,0.79,1.0,0.89,0.958,0.862
5,y1,0.912,0.939,0.901,0.884,0.893,0.827,0.817,0.789,0.972,0.811,0.671,0.835,0.89,1.0,0.843,0.832
5,y2,0.867,0.887,0.847,0.743,0.937,0.623,0.778,0.77,0.889,0.964,0.626,0.731,0.958,0.843,1.0,0.75
5,y3,0.916,0.827,0.892,0.844,0.831,0.678,0.805,0.74,0.876,0.786,0.656,0.864,0.862,0.832,0.75,1.0
6,.,1.0,0.965,0.964,0.935,0.924,0.763,0.839,0.828,0.925,0.901,0.696,0.878,0.914,0.916,0.872,0.911
6,A1_1,0.965,1.0,0.952,0.925,0.94,0.734,0.794,0.755,0.936,0.915,0.62,0.845,0.9,0.94,0.891,0.826
6,A1_2,0.964,0.952,1.0,0.91,0.952,0.7,0.821,0.804,0.916,0.865,0.687,0.872,0.898,0.906,0.856,0.89
6,A1_3,0.935,0.925,0.91,1.0,0.844,0.762,0.811,0.694,0.858,0.775,0.592,0.942,0.779,0.888,0.752,0.84
6,B1_1,0.924,0.94,0.952,0.844,1.0,0.65,0.803,0.792,0.931,0.907,0.653,0.826,0.937,0.898,0.937,0.832
6,B1_2,0.763,0.734,0.7,0.762,0.65,1.0,0.904,0.852,0.746,0.567,0.88,0.801,0.746,0.83,0.631,0.679
6,B1_3,0.839,0.794,0.821,0.811,0.803,0.904,1.0,0.876,0.779,0.707,0.907,0.919,0.859,0.817,0.776,0.8
6,A2_1,0.828,0.755,0.804,0.694,0.792,0.852,0.876,1.0,0.79,0.701,0.938,0.719,0.861,0.796,0.776,0.742
6,A2_2,0.925,0.936,0.916,0.858,0.931,0.746,0.779,0.79,1.0,0.873,0.652,0.806,0.94,0.973,0.891,0.877
6,A2_3,0.901,0.915,0.865,0.775,0.907,0.567,0.707,0.701,0.873,1.0,0.545,0.711,0.928,0.814,0.965,0.78
6,B2_1,0.696,0.62,0.687,0.592,0.653,0.88,0.907,0.938,0.652,0.545,1.0,0.707,0.768,0.68,0.634,0.658
6,B2_2,0.878,0.845,0.872,0.942,0.826,0.801,0.919,0.719,0.806,0.711,0.707,1.0,0.795,0.836,0.733,0.859
6,B2_3,0.914,0.9,0.898,0.779,0.937,0.746,0.859,0.861,0.94,0.928,0.768,0.795,1.0,0.895,0.956,0.866
6,y1,0.916,0.94,0.906,0.888,0.898,0.83,0.817,0.796,0.973,0.814,0.68,0.836,0.895,1.0,0.848,0.835
6,y2,0.872,0.891,0.856,0.752,0.937,0.631,0.776,0.776,0.891,0.965,0.634,0.733,0.956,0.848,1.0,0.753
6,y3,0.911,0.826,0.89,0.84,0.832,0.679,0.8,0.742,0.877,0.78,0.658,0.859,0.866,0.835,0.753,1.0
7,.,1.0,0.966,0.964,0.936,0.922,0.758,0.824,0.823,0.924,0.9,0.686,0.868,0.911,0.918,0.874,0.904
7,A1_1,0.966,1.0,0.955,0.926,0.94,0.732,0.785,0.756,0.937,0.915,0.621,0.839,0.9,0.941,0.893,0.822
7,A1_2,0.964,0.955,1.0,0.911,0.955,0.7,0.812,0.805,0.92,0.867,0.684,0.865,0.901,0.909,0.863,0.885
7,A1_3,0.936,0.926,0.911,1.0,0.848,0.76,0.803,0.695,0.859,0.775,0.59,0.935,0.782,0.89,0.757,0.833
7,B1_1,0.922,0.94,0.955,0.848,1.0,0.659,0.803,0.795,0.932,0.903,0.662,0.828,0.937,0.901,0.936,0.83
7,B1_2,0.758,0.732,0.7,0.76,0.659,1.0,0.908,0.856,0.744,0.561,0.885,0.807,0.754,0.83,0.636,0.677
7,B1_3,0.824,0.785,0.812,0.803,0.803,0.908,1.0,0.876,0.772,0.69,0.913,0.921,0.859,0.813,0.771,0.792
7,A2_1,0.823,0.756,0.805,0.695,0.795,0.856,0.876,1.0,0.791,0.696,0.937,0.723,0.864,0.8,0.779,0.74
7,A2_2,0.924,0.937,0.92,0.859,0.932,0.744,0.772,0.791,1.0,0.871,0.653,0.802,0.94,0.973,0.891,0.877
7,A2_3,0.9,0.915,0.867,0.775,0.903,0.561,0.69,0.696,0.871,1.0,0.536,0.699,0.92,0.815,0.965,0.771
7,B2_1,0.686,0.621,0.684,0.59,0.662,0.885,0.913,0.937,0.653,0.536,1.0,0.717,0.777,0.684,0.64,0.656
7,B2_2,0.868,0.839,0.865,0.935,0.828,0.807,0.921,0.723,0.802,0.699,0.717,1.0,0.799,0.835,0.732,0.852
7,B2_3,0.911,0.9,0.901,0.782,0.937,0.754,0.859,0.864,0.94,0.92,0.777,0.799,1.0,0.898,0.954,0.867
7,y1,0.918,0.941,0.909,0.89,0.901,0.83,0.813,0.8,0.973,0.815,0.684,0.835,0.898,1.0,0.85,0.836
7,y2,0.874,0.893,0.863,0.757,0.936,0.636,0.771,0.779,0.891,0.965,0.64,0.732,0.954,0.85,1.0,0.754
7,y3,0.904,0.822,0.885,0.833,0.83,0.677,0.792,0.74,0.877,0.771,0.656,0.852,0.867,0.836,0.754,1.0
8,.,1.0,0.967,0.962,0.935,0.918,0.746,0.801,0.816,0.922,0.901,0.668,0.851,0.905,0.917,0.876,0.895
8,A1_1,0.967,1.0,0.957,0.927,0.941,0.727,0.773,0.756,0.936,0.914,0.617,0.83,0.899,0.941,0.896,0.815
8,A1_2,0.962,0.957,1.0,0.91,0.957,0.692,0.796,0.804,0.922,0.869,0.674,0.854,0.903,0.91,0.87,0.879
8,A1_3,0.935,0.927,0.91,1.0,0.852,0.752,0.79,0.695,0.86,0.776,0.583,0.925,0.784,0.892,0.764,0.823
8,B1_1,0.918,0.941,0.957,0.852,1.0,0.665,0.8,0.798,0.932,0.896,0.667,0.827,0.938,0.903,0.937,0.826
8,B1_2,0.746,0.727,0.692,0.752,0.665,1.0,0.911,0.859,0.74,0.549,0.89,0.81,0.761,0.828,0.64,0.669
8,B1_3,0.801,0.773,0.796,0.79,0.8,0.911,1.0,0.874,0.762,0.666,0.918,0.921,0.86,0.807,0.767,0.778
8,A2_1,0.816,0.756,0.804,0.695,0.798,0.859,0.874,1.0,0.791,0.69,0.934,0.725,0.868,0.803,0.783,0.738
8,A2_2,0.922,0.936,0.922,0.86,0.932,0.74,0.762,0.791,1.0,0.867,0.651,0.796,0.939,0.974,0.892,0.875
8,A2_3,0.901,0.914,0.869,0.776,0.896,0.549,0.666,0.69,0.867,1.0,0.522,0.681,0.908,0.812,0.963,0.761
8,B2_1,0.668,0.617,0.674,0.583,0.667,0.89,0.918,0.934,0.651,0.522,1.0,0.725,0.785,0.685,0.644,0.65
8,B2_2,0.851,0.83,0.854,0.925,0.827,0.81,0.921,0.725,0.796,0.681,0.725,1.0,0.803,0.831,0.731,0.841
8,B2_3,0.905,0.899,0.903,0.784,0.938,0.761,0.86,0.868,0.939,0.908,0.785,0.803,1.0,0.901,0.952,0.867
8,y1,0.917,0.941,0.91,0.892,0.903,0.828,0.807,0.803,0.974,0.812,0.685,0.831,0.901,1.0,0.852,0.834
8,y2,0.876,0.896,0.87,0.764,0.937,0.64,0.767,0.783,0.892,0.963,0.644,0.731,0.952,0.852,1.0,0.754
8,y3,0.895,0.815,0.879,0.823,0.826,0.669,0.778,0.738,0.875,0.761,0.65,0.841,0.867,0.834,0.754,1.0
9,.,1.0,0.966,0.96,0.933,0.911,0.729,0.773,0.806,0.918,0.9,0.644,0.829,0.896,0.914,0.874,0.885
9,A1_1,0.966,1.0,0.958,0.928,0.94,0.719,0.757,0.753,0.936,0.912,0.609,0.818,0.896,0.941,0.897,0.806
9,A1_2,0.96,0.958,1.0,0.909,0.958,0.68,0.777,0.8,0.924,0.87,0.66,0.84,0.902,0.91,0.876,0.871
9,A1_3,0.933,0.928,0.909,1.0,0.854,0.742,0.773,0.692,0.861,0.775,0.571,0.914,0.784,0.892,0.768,0.811
9,B1_1,0.911,0.94,0.958,0.854,1.0,0.668,0.795,0.8,0.932,0.888,0.67,0.825,0.937,0.904,0.937,0.818
9,B1_2,0.729,0.719,0.68,0.742,0.668,1.0,0.914,0.861,0.734,0.533,0.894,0.812,0.767,0.823,0.641,0.656
9,B1_3,0.773,0.757,0.777,0.773,0.795,0.914,1.0,0.872,0.75,0.639,0.922,0.921,0.861,0.797,0.76,0.76
9,A2_1,0.806,0.753,0.8,0.692,0.8,0.861,0.872,1.0,0.79,0.68,0.932,0.725,0.87,0.804,0.785,0.732
9,A2_2,0.918,0.936,0.924,0.861,0.932,0.734,0.75,0.79,1.0,0.862,0.645,0.788,0.936,0.974,0.891,0.871
9,A2_3,0.9,0.912,0.87,0.775,0.888,0.533,0.639,0.68,0.862,1.0,0.503,0.659,0.894,0.808,0.96,0.749
9,B2_1,0.644,0.609,0.66,0.571,0.67,0.894,0.922,0.932,0.645,0.503,1.0,0.731,0.791,0.682,0.646,0.638
9,B2_2,0.829,0.818,0.84,0.914,0.825,0.812,0.921,0.725,0.788,0.659,0.731,1.0,0.806,0.825,0.728,0.826
9,B2_3,0.896,0.896,0.902,0.784,0.937,0.767,0.861,0.87,0.936,0.894,0.791,0.806,1.0,0.902,0.95,0.864
9,y1,0.914,0.941,0.91,0.892,0.904,0.823,0.797,0.804,0.974,0.808,0.682,0.825,0.902,1.0,0.853,0.829
9,y2,0.874,0.897,0.876,0.768,0.937,0.641,0.76,0.785,0.891,0.96,0.646,0.728,0.95,0.853,1.0,0.752
9,y3,0.885,0.806,0.871,0.811,0.818,0.656,0.76,0.732,0.871,0.749,0.638,0.826,0.864,0.829,0.752,1.0
10,.,1.0,0.964,0.956,0.93,0.898,0.705,0.735,0.792,0.912,0.899,0.612,0.799,0.879,0.909,0.869,0.872
10,A1_1,0.964,1.0,0.959,0.928,0.937,0.708,0.738,0.749,0.934,0.909,0.597,0.803,0.89,0.939,0.896,0.794
10,A1_2,0.956,0.959,1.0,0.907,0.957,0.662,0.75,0.793,0.925,0.871,0.638,0.819,0.898,0.909,0.88,0.861
10,A1_3,0.93,0.928,0.907,1.0,0.854,0.727,0.752,0.686,0.861,0.773,0.554,0.898,0.779,0.892,0.77,0.796
10,B1_1,0.898,0.937,0.957,0.854,1.0,0.668,0.789,0.799,0.93,0.878,0.67,0.822,0.936,0.903,0.936,0.808
10,B1_2,0.705,0.708,0.662,0.727,0.668,1.0,0.915,0.862,0.725,0.512,0.897,0.813,0.771,0.815,0.638,0.637
10,B1_3,0.735,0.738,0.75,0.752,0.789,0.915,1.0,0.867,0.735,0.606,0.926,0.921,0.86,0.783,0.751,0.735
10,A2_1,0.792,0.749,0.793,0.686,0.799,0.862,0.867,1.0,0.786,0.669,0.927,0.723,0.872,0.802,0.785,0.724
10,A2_2,0.912,0.934,0.925,0.861,0.93,0.725,0.735,0.786,1.0,0.854,0.636,0.778,0.932,0.975,0.889,0.865
10,A2_3,0.899,0.909,0.871,0.773,0.878,0.512,0.606,0.669,0.854,1.0,0.479,0.631,0.876,0.801,0.955,0.736
10,B2_1,0.612,0.597,0.638,0.554,0.67,0.897,0.926,0.927,0.636,0.479,1.0,0.737,0.796,0.675,0.645,0.619
10,B2_2,0.799,0.803,0.819,0.898,0.822,0.813,0.921,0.723,0.778,0.631,0.737,1.0,0.808,0.816,0.723,0.805
10,B2_3,0.879,0.89,0.898,0.779,0.936,0.771,0.86,0.872,0.932,0.876,0.796,0.808,1.0,0.9,0.946,0.857
10,y1,0.909,0.939,0.909,0.892,0.903,0.815,0.783,0.802,0.975,0.801,0.675,0.816,0.9,1.0,0.852,0.823
10,y2,0.869,0.896,0.88,0.77,0.936,0.638,0.751,0.785,0.889,0.955,0.645,0.723,0.946,0.852,1.0,0.747
10,y3,0.872,0.794,0.861,0.796,0.808,0.637,0.735,0.724,0.865,0.736,0.619,0.805,0.857,0.823,0.747,1.0
11,.,1.0,0.959,0.95,0.925,0.88,0.673,0.686,0.772,0.902,0.898,0.568,0.759,0.854,0.9,0.858,0.857
11,A1_1,0.959,1.0,0.959,0.929,0.933,0.693,0.713,0.742,0.932,0.906,0.579,0.784,0.88,0.938,0.894,0.78
11,A1_2,0.95,0.959,1.0,0.904,0.952,0.636,0.715,0.783,0.925,0.873,0.608,0.793,0.888,0.906,0.881,0.849
11,A1_3,0.925,0.929,0.904,1.0,0.851,0.708,0.725,0.678,0.859,0.771,0.532,0.878,0.771,0.89,0.771,0.779
11,B1_1,0.88,0.933,0.952,0.851,1.0,0.665,0.78,0.798,0.928,0.865,0.668,0.817,0.934,0.901,0.936,0.794
11,B1_2,0.673,0.693,0.636,0.708,0.665,1.0,0.915,0.861,0.713,0.486,0.899,0.812,0.774,0.805,0.634,0.612
11,B1_3,0.686,0.713,0.715,0.725,0.78,0.915,1.0,0.862,0.717,0.567,0.93,0.92,0.86,0.766,0.741,0.703
11,A2_1,0.772,0.742,0.783,0.678,0.798,0.861,0.862,1.0,0.782,0.654,0.922,0.72,0.873,0.8,0.785,0.712
11,A2_2,0.902,0.932,0.925,0.859,0.928,0.713,0.717,0.782,1.0,0.845,0.624,0.766,0.926,0.975,0.886,0.858
11,A2_3,0.898,0.906,0.873,0.771,0.865,0.486,0.567,0.654,0.845,1.0,0.449,0.598,0.854,0.793,0.948,0.722
11,B2_1,0.568,0.579,0.608,0.532,0.668,0.899,0.93,0.922,0.624,0.449,1.0,0.741,0.8,0.663,0.641,0.592
11,B2_2,0.759,0.784,0.793,0.878,0.817,0.812,0.92,0.72,0.766,0.598,0.741,1.0,0.809,0.804,0.716,0.778
11,B2_3,0.854,0.88,0.888,0.771,0.934,0.774,0.86,0.873,0.926,0.854,0.8,0.809,1.0,0.896,0.942,0.846
11,y1,0.9,0.938,0.906,0.89,0.901,0.805,0.766,0.8,0.975,0.793,0.663,0.804,0.896,1.0,0.849,0.814
11,y2,0.858,0.894,0.881,0.771,0.936,0.634,0.741,0.785,0.886,0.948,0.641,0.716,0.942,0.849,1.0,0.739
11,y3,0.857,0.78,0.849,0.779,0.794,0.612,0.703,0.712,0.858,0.722,0.592,0.778,0.846,0.814,0.739,1.0
12,.,1.0,0.951,0.942,0.918,0.849,0.629,0.623,0.743,0.884,0.894,0.511,0.706,0.815,0.885,0.837,0.84
12,A1_1,0.951,1.0,0.958,0.929,0.927,0.674,0.683,0.733,0.929,0.9,0.557,0.761,0.866,0.935,0.888,0.763
12,A1_2,0.942,0.958,1.0,0.901,0.944,0.603,0.67,0.767,0.921,0.873,0.569,0.757,0.869,0.9,0.878,0.835
12,A1_3,0.918,0.929,0.901,1.0,0.845,0.684,0.691,0.666,0.856,0.767,0.503,0.853,0.756,0.886,0.765,0.758
12,B1_1,0.849,0.927,0.944,0.845,1.0,0.659,0.77,0.794,0.924,0.847,0.663,0.81,0.931,0.897,0.934,0.774
12,B1_2,0.629,0.674,0.603,0.684,0.659,1.0,0.915,0.86,0.698,0.452,0.901,0.81,0.774,0.791,0.624,0.579
12,B1_3,0.623,0.683,0.67,0.691,0.77,0.915,1.0,0.855,0.695,0.52,0.934,0.919,0.858,0.743,0.728,0.662
12,A2_1,0.743,0.733,0.767,0.666,0.794,0.86,0.855,1.0,0.775,0.636,0.915,0.714,0.872,0.794,0.782,0.696
12,A2_2,0.884,0.929,0.921,0.856,0.924,0.698,0.695,0.775,1.0,0.833,0.607,0.751,0.917,0.976,0.88,0.848
12,A2_3,0.894,0.9,0.873,0.767,0.847,0.452,0.52,0.636,0.833,1.0,0.411,0.558,0.824,0.781,0.938,0.706
12,B2_1,0.511,0.557,0.569,0.503,0.663,0.901,0.934,0.915,0.607,0.411,1.0,0.743,0.804,0.647,0.635,0.557
12,B2_2,0.706,0.761,0.757,0.853,0.81,0.81,0.919,0.714,0.751,0.558,0.743,1.0,0.808,0.788,0.705,0.743
12,B2_3,0.815,0.866,0.869,0.756,0.931,0.774,0.858,0.872,0.917,0.824,0.804,0.808,1.0,0.889,0.937,0.828
12,y1,0.885,0.935,0.9,0.886,0.897,0.791,0.743,0.794,0.976,0.781,0.647,0.788,0.889,1.0,0.843,0.802
12,y2,0.837,0.888,0.878,0.765,0.934,0.624,0.728,0.782,0.88,0.938,0.635,0.705,0.937,0.843,1.0,0.726
12,y3,0.84,0.763,0.835,0.758,0.774,0.579,0.662,0.696,0.848,0.706,0.557,0.743,0.828,0.802,0.726,1.0
13,.,1.0,0.939,0.934,0.907,0.81,0.574,0.543,0.708,0.861,0.893,0.44,0.636,0.762,0.865,0.81,0.822
13,A1_1,0.939,1.0,0.956,0.93,0.919,0.651,0.648,0.723,0.926,0.895,0.529,0.734,0.848,0.933,0.883,0.746
13,A1_2,0.934,0.956,1.0,0.898,0.93,0.561,0.613,0.748,0.916,0.877,0.519,0.71,0.843,0.893,0.872,0.821
13,A1_3,0.907,0.93,0.898,1.0,0.838,0.655,0.65,0.653,0.853,0.768,0.468,0.821,0.738,0.883,0.763,0.737
13,B1_1,0.81,0.919,0.93,0.838,1.0,0.653,0.758,0.791,0.92,0.827,0.657,0.803,0.927,0.892,0.933,0.75
13,B1_2,0.574,0.651,0.561,0.655,0.653,1.0,0.914,0.858,0.682,0.417,0.903,0.807,0.775,0.773,0.615,0.539
13,B1_3,0.543,0.648,0.613,0.65,0.758,0.914,1.0,0.847,0.671,0.468,0.937,0.917,0.857,0.716,0.714,0.61
13,A2_1,0.708,0.723,0.748,0.653,0.791,0.858,0.847,1.0,0.768,0.618,0.907,0.707,0.871,0.788,0.78,0.677
13,A2_2,0.861,0.926,0.916,0.853,0.92,0.682,0.671,0.768,1.0,0.819,0.588,0.734,0.907,0.976,0.875,0.836
13,A2_3,0.893,0.895,0.877,0.768,0.827,0.417,0.468,0.618,0.819,1.0,0.369,0.512,0.789,0.77,0.925,0.696
13,B2_1,0.44,0.529,0.519,0.468,0.657,0.903,0.937,0.907,0.588,0.369,1.0,0.746,0.807,0.626,0.628,0.512
13,B2_2,0.636,0.734,0.71,0.821,0.803,0.807,0.917,0.707,0.734,0.512,0.746,1.0,0.809,0.767,0.695,0.697
13,B2_3,0.762,0.848,0.843,0.738,0.927,0.775,0.857,0.871,0.907,0.789,0.807,0.809,1.0,0.879,0.93,0.804
13,y1,0.865,0.933,0.893,0.883,0.892,0.773,0.716,0.788,0.976,0.77,0.626,0.767,0.879,1.0,0.838,0.79
13,y2,0.81,0.883,0.872,0.763,0.933,0.615,0.714,0.78,0.875,0.925,0.628,0.695,0.93,0.838,1.0,0.713
13,y3,0.822,0.746,0.821,0.737,0.75,0.539,0.61,0.677,0.836,0.696,0.512,0.697,0.804,0.79,0.713,1.0
14,.,1.0,0.922,0.923,0.894,0.757,0.51,0.451,0.664,0.83,0.888,0.357,0.553,0.693,0.841,0.77,0.805
14,A1_1,0.922,1.0,0.953,0.931,0.909,0.627,0.61,0.711,0.922,0.89,0.498,0.703,0.825,0.931,0.874,0.728
14,A1_2,0.923,0.953,1.0,0.894,0.909,0.512,0.547,0.724,0.907,0.881,0.46,0.655,0.806,0.884,0.86,0.807
14,A1_3,0.894,0.931,0.894,1.0,0.827,0.622,0.604,0.638,0.849,0.768,0.428,0.784,0.712,0.879,0.754,0.715
14,B1_1,0.757,0.909,0.909,0.827,1.0,0.645,0.746,0.786,0.915,0.803,0.65,0.794,0.922,0.885,0.931,0.719
14,B1_2,0.51,0.627,0.512,0.622,0.645,1.0,0.913,0.856,0.664,0.378,0.904,0.804,0.775,0.752,0.603,0.491
14,B1_3,0.451,0.61,0.547,0.604,0.746,0.913,1.0,0.837,0.644,0.412,0.94,0.916,0.856,0.684,0.697,0.547
14,A2_1,0.664,0.711,0.724,0.638,0.786,0.856,0.837,1.0,0.76,0.597,0.898,0.699,0.868,0.78,0.776,0.653
14,A2_2,0.83,0.922,0.907,0.849,0.915,0.664,0.644,0.76,1.0,0.803,0.567,0.714,0.893,0.977,0.867,0.822
14,A2_3,0.888,0.89,0.881,0.768,0.803,0.378,0.412,0.597,0.803,1.0,0.323,0.461,0.747,0.76,0.909,0.686
14,B2_1,0.357,0.498,0.46,0.428,0.65,0.904,0.94,0.898,0.567,0.323,1.0,0.749,0.811,0.601,0.618,0.457
14,B2_2,0.553,0.703,0.655,0.784,0.794,0.804,0.916,0.699,0.714,0.461,0.749,1.0,0.809,0.743,0.681,0.642
14,B2_3,0.693,0.825,0.806,0.712,0.922,0.775,0.856,0.868,0.893,0.747,0.811,0.809,1.0,0.865,0.922,0.769
14,y1,0.841,0.931,0.884,0.879,0.885,0.752,0.684,0.78,0.977,0.76,0.601,0.743,0.865,1.0,0.83,0.776
14,y2,0.77,0.874,0.86,0.754,0.931,0.603,0.697,0.776,0.867,0.909,0.618,0.681,0.922,0.83,1.0,0.694
14,y3,0.805,0.728,0.807,0.715,0.719,0.491,0.547,0.653,0.822,0.686,0.457,0.642,0.769,0.776,0.694,1.0
15,.,1.0,0.899,0.912,0.878,0.69,0.434,0.346,0.611,0.79,0.881,0.262,0.456,0.605,0.811,0.716,0.791
15,A1_1,0.899,1.0,0.947,0.931,0.896,0.599,0.567,0.698,0.917,0.883,0.462,0.667,0.797,0.929,0.862,0.709
15,A1_2,0.912,0.947,1.0,0.891,0.879,0.453,0.469,0.694,0.892,0.885,0.389,0.586,0.754,0.872,0.84,0.796
15,A1_3,0.878,0.931,0.891,1.0,0.812,0.585,0.552,0.621,0.843,0.768,0.383,0.741,0.678,0.874,0.741,0.694
15,B1_1,0.69,0.896,0.879,0.812,1.0,0.636,0.734,0.78,0.908,0.773,0.643,0.785,0.916,0.876,0.927,0.679
15,B1_2,0.434,0.599,0.453,0.585,0.636,1.0,0.912,0.851,0.642,0.333,0.905,0.801,0.774,0.726,0.587,0.433
15,B1_3,0.346,0.567,0.469,0.552,0.734,0.912,1.0,0.825,0.613,0.348,0.943,0.914,0.855,0.645,0.677,0.471
15,A2_1,0.611,0.698,0.694,0.621,0.78,0.851,0.825,1.0,0.751,0.573,0.886,0.688,0.864,0.771,0.77,0.624
15,A2_2,0.79,0.917,0.892,0.843,0.908,0.642,0.613,0.751,1.0,0.786,0.541,0.691,0.877,0.977,0.858,0.803
15,A2_3,0.881,0.883,0.885,0.768,0.773,0.333,0.348,0.573,0.786,1.0,0.27,0.403,0.697,0.749,0.89,0.679
15,B2_1,0.262,0.462,0.389,0.383,0.643,0.905,0.943,0.886,0.541,0.27,1.0,0.751,0.815,0.569,0.605,0.389
15,B2_2,0.456,0.667,0.586,0.741,0.785,0.801,0.914,0.688,0.691,0.403,0.751,1.0,0.807,0.712,0.663,0.573
15,B2_3,0.605,0.797,0.754,0.678,0.916,0.774,0.855,0.864,0.877,0.697,0.815,0.807,1.0,0.845,0.912,0.721
15,y1,0.811,0.929,0.872,0.874,0.876,0.726,0.645,0.771,0.977,0.749,0.569,0.712,0.845,1.0,0.819,0.76
15,y2,0.716,0.862,0.84,0.741,0.927,0.587,0.677,0.77,0.858,0.89,0.605,0.663,0.912,0.819,1.0,0.667
15,y3,0.791,0.709,0.796,0.694,0.679,0.433,0.471,0.624,0.803,0.679,0.389,0.573,0.721,0.76,0.667,1.0
16,.,1.0,0.873,0.903,0.859,0.616,0.354,0.238,0.558,0.747,0.874,0.166,0.353,0.511,0.781,0.66,0.785
16,A1_1,0.873,1.0,0.94,0.932,0.882,0.569,0.522,0.686,0.913,0.876,0.426,0.628,0.766,0.927,0.85,0.692
16,A1_2,0.903,0.94,1.0,0.887,0.841,0.388,0.383,0.661,0.875,0.89,0.313,0.509,0.692,0.86,0.816,0.791
16,A1_3,0.859,0.932,0.887,1.0,0.795,0.545,0.498,0.605,0.837,0.77,0.337,0.694,0.642,0.869,0.729,0.678
16,B1_1,0.616,0.882,0.841,0.795,1.0,0.63,0.722,0.776,0.901,0.74,0.637,0.776,0.91,0.865,0.924,0.634
16,B1_2,0.354,0.569,0.388,0.545,0.63,1.0,0.912,0.846,0.621,0.287,0.907,0.799,0.775,0.696,0.572,0.368
16,B1_3,0.238,0.522,0.383,0.498,0.722,0.912,1.0,0.812,0.581,0.284,0.946,0.913,0.856,0.602,0.657,0.386
16,A2_1,0.558,0.686,0.661,0.605,0.776,0.846,0.812,1.0,0.743,0.552,0.873,0.676,0.86,0.761,0.766,0.592
16,A2_2,0.747,0.913,0.875,0.837,0.901,0.621,0.581,0.743,1.0,0.769,0.514,0.665,0.858,0.978,0.849,0.782
16,A2_3,0.874,0.876,0.89,0.77,0.74,0.287,0.284,0.552,0.769,1.0,0.216,0.342,0.643,0.741,0.869,0.681
16,B2_1,0.166,0.426,0.313,0.337,0.637,0.907,0.946,0.873,0.514,0.216,1.0,0.755,0.819,0.533,0.592,0.313
16,B2_2,0.353,0.628,0.509,0.694,0.776,0.799,0.913,0.676,0.665,0.342,0.755,1.0,0.807,0.676,0.643,0.494
16,B2_3,0.511,0.766,0.692,0.642,0.91,0.775,0.856,0.86,0.858,0.643,0.819,0.807,1.0,0.821,0.9,0.663
16,y1,0.781,0.927,0.86,0.869,0.865,0.696,0.602,0.761,0.978,0.741,0.533,0.676,0.821,1.0,0.808,0.745
16,y2,0.66,0.85,0.816,0.729,0.924,0.572,0.657,0.766,0.849,0.869,0.592,0.643,0.9,0.808,1.0,0.64
16,y3,0.785,0.692,0.791,0.678,0.634,0.368,0.386,0.592,0.782,0.681,0.313,0.494,0.663,0.745,0.64,1.0
17,.,1.0,0.845,0.895,0.841,0.536,0.269,0.13,0.503,0.701,0.868,0.069,0.247,0.407,0.751,0.6,0.785
17,A1_1,0.845,1.0,0.93,0.934,0.865,0.535,0.475,0.673,0.908,0.87,0.386,0.585,0.728,0.927,0.836,0.678
17,A1_2,0.895,0.93,1.0,0.883,0.793,0.316,0.291,0.624,0.854,0.896,0.229,0.422,0.617,0.847,0.786,0.791
17,A1_3,0.841,0.934,0.883,1.0,0.776,0.5,0.44,0.588,0.831,0.773,0.288,0.641,0.6,0.866,0.714,0.665
17,B1_1,0.536,0.865,0.793,0.776,1.0,0.625,0.713,0.772,0.892,0.702,0.632,0.768,0.903,0.851,0.919,0.582
17,B1_2,0.269,0.535,0.316,0.5,0.625,1.0,0.913,0.84,0.595,0.237,0.91,0.799,0.777,0.659,0.554,0.297
17,B1_3,0.13,0.475,0.291,0.44,0.713,0.913,1.0,0.797,0.547,0.218,0.95,0.912,0.857,0.554,0.634,0.295
17,A2_1,0.503,0.673,0.624,0.588,0.772,0.84,0.797,1.0,0.735,0.53,0.858,0.664,0.854,0.75,0.761,0.558
17,A2_2,0.701,0.908,0.854,0.831,0.892,0.595,0.547,0.735,1.0,0.751,0.486,0.637,0.835,0.978,0.839,0.758
17,A2_3,0.868,0.87,0.896,0.773,0.702,0.237,0.218,0.53,0.751,1.0,0.16,0.277,0.58,0.735,0.846,0.688
17,B2_1,0.069,0.386,0.229,0.288,0.632,0.91,0.95,0.858,0.486,0.16,1.0,0.759,0.825,0.491,0.576,0.23
17,B2_2,0.247,0.585,0.422,0.641,0.768,0.799,0.912,0.664,0.637,0.277,0.759,1.0,0.807,0.633,0.62,0.407
17,B2_3,0.407,0.728,0.617,0.6,0.903,0.777,0.857,0.854,0.835,0.58,0.825,0.807,1.0,0.791,0.885,0.593
17,y1,0.751,0.927,0.847,0.866,0.851,0.659,0.554,0.75,0.978,0.735,0.491,0.633,0.791,1.0,0.796,0.732
17,y2,0.6,0.836,0.786,0.714,0.919,0.554,0.634,0.761,0.839,0.846,0.576,0.62,0.885,0.796,1.0,0.609
17,y3,0.785,0.678,0.791,0.665,0.582,0.297,0.295,0.558,0.758,0.688,0.23,0.407,0.593,0.732,0.609,1.0
18,.,1.0,0.817,0.891,0.822,0.45,0.183,0.024,0.45,0.655,0.863,-0.027,0.14,0.298,0.724,0.538,0.792
18,A1_1,0.817,1.0,0.917,0.934,0.844,0.498,0.424,0.661,0.903,0.863,0.343,0.538,0.685,0.926,0.82,0.665
18,A1_2,0.891,0.917,1.0,0.879,0.734,0.237,0.193,0.586,0.828,0.902,0.139,0.328,0.529,0.834,0.75,0.796
18,A1_3,0.822,0.934,0.879,1.0,0.751,0.452,0.379,0.571,0.825,0.777,0.236,0.584,0.55,0.863,0.696,0.657
18,B1_1,0.45,0.844,0.734,0.751,1.0,0.62,0.705,0.768,0.881,0.658,0.629,0.76,0.896,0.832,0.912,0.522
18,B1_2,0.183,0.498,0.237,0.452,0.62,1.0,0.914,0.831,0.567,0.184,0.912,0.798,0.78,0.616,0.533,0.219
18,B1_3,0.024,0.424,0.193,0.379,0.705,0.914,1.0,0.78,0.51,0.147,0.952,0.912,0.86,0.498,0.609,0.196
18,A2_1,0.45,0.661,0.586,0.571,0.768,0.831,0.78,1.0,0.727,0.509,0.84,0.649,0.846,0.737,0.755,0.522
18,A2_2,0.655,0.903,0.828,0.825,0.881,0.567,0.51,0.727,1.0,0.732,0.453,0.605,0.808,0.977,0.827,0.733
18,A2_3,0.863,0.863,0.902,0.777,0.658,0.184,0.147,0.509,0.732,1.0,0.099,0.206,0.51,0.731,0.821,0.699
18,B2_1,-0.027,0.343,0.139,0.236,0.629,0.912,0.952,0.84,0.453,0.099,1.0,0.763,0.832,0.443,0.558,0.139
18,B2_2,0.14,0.538,0.328,0.584,0.76,0.798,0.912,0.649,0.605,0.206,0.763,1.0,0.807,0.583,0.594,0.311
18,B2_3,0.298,0.685,0.529,0.55,0.896,0.78,0.86,0.846,0.808,0.51,0.832,0.807,1.0,0.753,0.866,0.51
18,y1,0.724,0.926,0.834,0.863,0.832,0.616,0.498,0.737,0.977,0.731,0.443,0.583,0.753,1.0,0.781,0.72
18,y2,0.538,0.82,0.75,0.696,0.912,0.533,0.609,0.755,0.827,0.821,0.558,0.594,0.866,0.781,1.0,0.574
18,y3,0.792,0.665,0.796,0.657,0.522,0.219,0.196,0.522,0.733,0.699,0.139,0.311,0.51,0.72,0.574,1.0
19,.,1.0,0.791,0.889,0.805,0.366,0.101,-0.07,0.406,0.614,0.86,-0.111,0.04,0.196,0.704,0.483,0.804
19,A1_1,0.791,1.0,0.903,0.935,0.82,0.457,0.373,0.65,0.899,0.857,0.301,0.487,0.639,0.927,0.804,0.655
19,A1_2,0.889,0.903,1.0,0.874,0.668,0.158,0.098,0.549,0.802,0.908,0.053,0.231,0.436,0.824,0.713,0.807
19,A1_3,0.805,0.935,0.874,1.0,0.724,0.402,0.321,0.558,0.819,0.781,0.186,0.525,0.498,0.861,0.68,0.653
19,B1_1,0.366,0.82,0.668,0.724,1.0,0.62,0.701,0.765,0.868,0.608,0.63,0.755,0.889,0.81,0.903,0.457
19,B1_2,0.101,0.457,0.158,0.402,0.62,1.0,0.916,0.82,0.536,0.129,0.917,0.8,0.785,0.566,0.51,0.14
19,B1_3,-0.07,0.373,0.098,0.321,0.701,0.916,1.0,0.761,0.473,0.079,0.955,0.912,0.864,0.439,0.582,0.098
19,A2_1,0.406,0.65,0.549,0.558,0.765,0.82,0.761,1.0,0.72,0.49,0.821,0.632,0.837,0.725,0.749,0.489
19,A2_2,0.614,0.899,0.802,0.819,0.868,0.536,0.473,0.72,1.0,0.715,0.421,0.57,0.777,0.977,0.815,0.707
19,A2_3,0.86,0.857,0.908,0.781,0.608,0.129,0.079,0.49,0.715,1.0,0.041,0.135,0.436,0.731,0.796,0.715
19,B2_1,-0.111,0.301,0.053,0.186,0.63,0.917,0.955,0.821,0.421,0.041,1.0,0.77,0.839,0.391,0.539,0.05
19,B2_2,0.04,0.487,0.231,0.525,0.755,0.8,0.912,0.632,0.57,0.135,0.77,1.0,0.809,0.527,0.564,0.212
19,B2_3,0.196,0.639,0.436,0.498,0.889,0.785,0.864,0.837,0.777,0.436,0.839,0.809,1.0,0.708,0.845,0.422
19,y1,0.704,0.927,0.824,0.861,0.81,0.566,0.439,0.725,0.977,0.731,0.391,0.527,0.708,1.0,0.766,0.712
19,y2,0.483,0.804,0.713,0.68,0.903,0.51,0.582,0.749,0.815,0.796,0.539,0.564,0.845,0.766,1.0,0.54
19,y3,0.804,0.655,0.807,0.653,0.457,0.14,0.098,0.489,0.707,0.715,0.05,0.212,0.422,0.712,0.54,1.0
20,.,1.0,0.771,0.891,0.794,0.292,0.026,-0.15,0.373,0.581,0.862,-0.183,-0.048,0.105,0.693,0.443,0.821
20,A1_1,0.771,1.0,0.89,0.936,0.796,0.416,0.324,0.643,0.896,0.852,0.258,0.437,0.592,0.928,0.792,0.653
20,A1_2,0.891,0.89,1.0,0.871,0.602,0.081,0.01,0.519,0.777,0.915,-0.027,0.139,0.345,0.819,0.682,0.824
20,A1_3,0.794,0.936,0.871,1.0,0.696,0.35,0.262,0.548,0.815,0.788,0.137,0.464,0.446,0.861,0.667,0.657
20,B1_1,0.292,0.796,0.602,0.696,1.0,0.622,0.7,0.764,0.854,0.56,0.633,0.752,0.882,0.784,0.892,0.397
20,B1_2,0.026,0.416,0.081,0.35,0.622,1.0,0.92,0.805,0.504,0.077,0.922,0.802,0.792,0.511,0.488,0.063
20,B1_3,-0.15,0.324,0.01,0.262,0.7,0.92,1.0,0.74,0.435,0.018,0.958,0.913,0.869,0.376,0.554,0.007
20,A2_1,0.373,0.643,0.519,0.548,0.764,0.805,0.74,1.0,0.716,0.479,0.799,0.615,0.826,0.714,0.747,0.462
20,A2_2,0.581,0.896,0.777,0.815,0.854,0.504,0.435,0.716,1.0,0.701,0.387,0.534,0.744,0.975,0.805,0.686
20,A2_3,0.862,0.852,0.915,0.788,0.56,0.077,0.018,0.479,0.701,1.0,-0.013,0.068,0.364,0.736,0.775,0.739
20,B2_1,-0.183,0.258,-0.027,0.137,0.633,0.922,0.958,0.799,0.387,-0.013,1.0,0.776,0.847,0.336,0.517,-0.034
20,B2_2,-0.048,0.437,0.139,0.464,0.752,0.802,0.913,0.615,0.534,0.068,0.776,1.0,0.812,0.466,0.533,0.118
20,B2_3,0.105,0.592,0.345,0.446,0.882,0.792,0.869,0.826,0.744,0.364,0.847,0.812,1.0,0.658,0.82,0.336
20,y1,0.693,0.928,0.819,0.861,0.784,0.511,0.376,0.714,0.975,0.736,0.336,0.466,0.658,1.0,0.753,0.713
20,y2,0.443,0.792,0.682,0.667,0.892,0.488,0.554,0.747,0.805,0.775,0.517,0.533,0.82,0.753,1.0,0.518
20,y3,0.821,0.653,0.824,0.657,0.397,0.063,0.007,0.462,0.686,0.739,-0.034,0.118,0.336,0.713,0.518,1.0
21,.,1.0,0.755,0.893,0.785,0.217,-0.046,-0.223,0.344,0.553,0.864,-0.249,-0.129,0.017,0.688,0.408,0.836
21,A1_1,0.755,1.0,0.878,0.937,0.766,0.37,0.275,0.636,0.893,0.848,0.215,0.384,0.54,0.93,0.778,0.652
21,A1_2,0.893,0.878,1.0,0.867,0.529,0.004,-0.073,0.492,0.755,0.921,-0.104,0.05,0.252,0.816,0.653,0.841
21,A1_3,0.785,0.937,0.867,1.0,0.663,0.296,0.205,0.539,0.811,0.793,0.088,0.402,0.389,0.862,0.653,0.662
21,B1_1,0.217,0.766,0.529,0.663,1.0,0.628,0.703,0.762,0.836,0.504,0.639,0.752,0.877,0.75,0.877,0.332
21,B1_2,-0.046,0.37,0.004,0.296,0.628,1.0,0.924,0.787,0.468,0.022,0.928,0.806,0.8,0.448,0.46,-0.013
21,B1_3,-0.223,0.275,-0.073,0.205,0.703,0.924,1.0,0.717,0.396,-0.044,0.961,0.915,0.875,0.311,0.523,-0.079
21,A2_1,0.344,0.636,0.492,0.539,0.762,0.787,0.717,1.0,0.713,0.467,0.774,0.594,0.813,0.703,0.743,0.439
21,A2_2,0.553,0.893,0.755,0.811,0.836,0.468,0.396,0.713,1.0,0.688,0.352,0.495,0.707,0.973,0.794,0.667
21,A2_3,0.864,0.848,0.921,0.793,0.504,0.022,-0.044,0.467,0.688,1.0,-0.068,0.001,0.289,0.743,0.756,0.761
21,B2_1,-0.249,0.215,-0.104,0.088,0.639,0.928,0.961,0.774,0.352,-0.068,1.0,0.784,0.855,0.276,0.491,-0.114
21,B2_2,-0.129,0.384,0.05,0.402,0.752,0.806,0.915,0.594,0.495,0.001,0.784,1.0,0.816,0.399,0.497,0.026
21,B2_3,0.017,0.54,0.252,0.389,0.877,0.8,0.875,0.813,0.707,0.289,0.855,0.816,1.0,0.6,0.789,0.247
21,y1,0.688,0.93,0.816,0.862,0.75,0.448,0.311,0.703,0.973,0.743,0.276,0.399,0.6,1.0,0.739,0.717
21,y2,0.408,0.778,0.653,0.653,0.877,0.46,0.523,0.743,0.794,0.756,0.491,0.497,0.789,0.739,1.0,0.497
21,y3,0.836,0.652,0.841,0.662,0.332,-0.013,-0.079,0.439,0.667,0.761,-0.114,0.026,0.247,0.717,0.497,1.0
22,.,1.0,0.744,0.896,0.78,0.151,-0.11,-0.283,0.329,0.534,0.868,-0.303,-0.199,-0.058,0.691,0.388,0.852
22,A1_1,0.744,1.0,0.868,0.938,0.735,0.323,0.226,0.634,0.892,0.846,0.173,0.331,0.488,0.932,0.769,0.657
22,A1_2,0.896,0.868,1.0,0.866,0.459,-0.066,-0.145,0.475,0.737,0.927,-0.171,-0.031,0.166,0.819,0.634,0.86
22,A1_3,0.78,0.938,0.866,1.0,0.629,0.241,0.151,0.536,0.809,0.801,0.042,0.34,0.335,0.865,0.645,0.672
22,B1_1,0.151,0.735,0.459,0.629,1.0,0.638,0.71,0.761,0.817,0.449,0.648,0.755,0.873,0.712,0.859,0.273
22,B1_2,-0.11,0.323,-0.066,0.241,0.638,1.0,0.93,0.765,0.43,-0.029,0.935,0.811,0.811,0.381,0.432,-0.084
22,B1_3,-0.283,0.226,-0.145,0.151,0.71,0.93,1.0,0.69,0.357,-0.098,0.964,0.917,0.882,0.243,0.489,-0.156
22,A2_1,0.329,0.634,0.475,0.536,0.761,0.765,0.69,1.0,0.713,0.464,0.745,0.572,0.797,0.695,0.741,0.426
22,A2_2,0.534,0.892,0.737,0.809,0.817,0.43,0.357,0.713,1.0,0.679,0.316,0.455,0.668,0.97,0.785,0.654
22,A2_3,0.868,0.846,0.927,0.801,0.449,-0.029,-0.098,0.464,0.679,1.0,-0.116,-0.06,0.218,0.755,0.743,0.785
22,B2_1,-0.303,0.173,-0.171,0.042,0.648,0.935,0.964,0.745,0.316,-0.116,1.0,0.792,0.864,0.215,0.462,-0.184
22,B2_2,-0.199,0.331,-0.031,0.34,0.755,0.811,0.917,0.572,0.455,-0.06,0.792,1.0,0.822,0.329,0.46,-0.057
22,B2_3,-0.058,0.488,0.166,0.335,0.873,0.811,0.882,0.797,0.668,0.218,0.864,0.822,1.0,0.538,0.755,0.164
22,y1,0.691,0.932,0.819,0.865,0.712,0.381,0.243,0.695,0.97,0.755,0.215,0.329,0.538,1.0,0.729,0.729
22,y2,0.388,0.769,0.634,0.645,0.859,0.432,0.489,0.741,0.785,0.743,0.462,0.46,0.755,0.729,1.0,0.489
22,y3,0.852,0.657,0.86,0.672,0.273,-0.084,-0.156,0.426,0.654,0.785,-0.184,-0.057,0.164,0.729,0.489,1.0
23,.,1.0,0.736,0.899,0.778,0.09,-0.17,-0.333,0.322,0.521,0.873,-0.349,-0.259,-0.123,0.697,0.38,0.866
23,A1_1,0.736,1.0,0.859,0.939,0.702,0.276,0.183,0.636,0.891,0.844,0.134,0.283,0.439,0.934,0.763,0.665
23,A1_2,0.899,0.859,1.0,0.866,0.391,-0.131,-0.207,0.468,0.723,0.933,-0.23,-0.102,0.089,0.824,0.624,0.878
23,A1_3,0.778,0.939,0.866,1.0,0.592,0.185,0.1,0.536,0.808,0.809,-0.002,0.281,0.281,0.868,0.641,0.685
23,B1_1,0.09,0.702,0.391,0.592,1.0,0.652,0.72,0.758,0.794,0.395,0.66,0.762,0.871,0.669,0.835,0.216
23,B1_2,-0.17,0.276,-0.131,0.185,0.652,1.0,0.936,0.737,0.391,-0.078,0.942,0.818,0.822,0.31,0.4,-0.15
23,B1_3,-0.333,0.183,-0.207,0.1,0.72,0.936,1.0,0.66,0.32,-0.146,0.966,0.919,0.889,0.178,0.452,-0.222
23,A2_1,0.322,0.636,0.468,0.536,0.758,0.737,0.66,1.0,0.716,0.468,0.712,0.547,0.778,0.691,0.742,0.422
23,A2_2,0.521,0.891,0.723,0.808,0.794,0.391,0.32,0.716,1.0,0.673,0.281,0.415,0.628,0.966,0.779,0.646
23,A2_3,0.873,0.844,0.933,0.809,0.395,-0.078,-0.146,0.468,0.673,1.0,-0.16,-0.115,0.153,0.768,0.737,0.809
23,B2_1,-0.349,0.134,-0.23,-0.002,0.66,0.942,0.966,0.712,0.281,-0.16,1.0,0.8,0.872,0.155,0.429,-0.246
23,B2_2,-0.259,0.283,-0.102,0.281,0.762,0.818,0.919,0.547,0.415,-0.115,0.8,1.0,0.828,0.26,0.419,-0.132
23,B2_3,-0.123,0.439,0.089,0.281,0.871,0.822,0.889,0.778,0.628,0.153,0.872,0.828,1.0,0.475,0.715,0.089
23,y1,0.697,0.934,0.824,0.868,0.669,0.31,0.178,0.691,0.966,0.768,0.155,0.26,0.475,1.0,0.722,0.744
23,y2,0.38,0.763,0.624,0.641,0.835,0.4,0.452,0.742,0.779,0.737,0.429,0.419,0.715,0.722,1.0,0.491
23,y3,0.866,0.665,0.878,0.685,0.216,-0.15,-0.222,0.422,0.646,0.809,-0.246,-0.132,0.089,0.744,0.491,1.0
24,.,1.0,0.729,0.9,0.777,0.026,-0.227,-0.377,0.319,0.509,0.876,-0.389,-0.314,-0.185,0.705,0.375,0.875
24,A1_1,0.729,1.0,0.853,0.94,0.663,0.228,0.141,0.64,0.891,0.842,0.097,0.234,0.388,0.935,0.758,0.673
24,A1_2,0.9,0.853,1.0,0.866,0.319,-0.192,-0.262,0.466,0.712,0.938,-0.282,-0.167,0.015,0.832,0.619,0.892
24,A1_3,0.777,0.94,0.866,1.0,0.55,0.129,0.052,0.54,0.808,0.815,-0.042,0.223,0.227,0.871,0.638,0.696
24,B1_1,0.026,0.663,0.319,0.55,1.0,0.671,0.736,0.753,0.767,0.334,0.678,0.775,0.872,0.617,0.803,0.156
24,B1_2,-0.227,0.228,-0.192,0.129,0.671,1.0,0.943,0.703,0.349,-0.127,0.95,0.826,0.835,0.238,0.365,-0.212
24,B1_3,-0.377,0.141,-0.262,0.052,0.736,0.943,1.0,0.627,0.284,-0.19,0.968,0.922,0.896,0.115,0.413,-0.28
24,A2_1,0.319,0.64,0.466,0.54,0.753,0.703,0.627,1.0,0.721,0.474,0.677,0.519,0.754,0.69,0.744,0.424
24,A2_2,0.509,0.891,0.712,0.808,0.767,0.349,0.284,0.721,1.0,0.668,0.247,0.376,0.585,0.962,0.772,0.64
24,A2_3,0.876,0.842,0.938,0.815,0.334,-0.127,-0.19,0.474,0.668,1.0,-0.201,-0.167,0.088,0.782,0.734,0.828
24,B2_1,-0.389,0.097,-0.282,-0.042,0.678,0.95,0.968,0.677,0.247,-0.201,1.0,0.809,0.881,0.096,0.393,-0.3
24,B2_2,-0.314,0.234,-0.167,0.223,0.775,0.826,0.922,0.519,0.376,-0.167,0.809,1.0,0.836,0.191,0.377,-0.199
24,B2_3,-0.185,0.388,0.015,0.227,0.872,0.835,0.896,0.754,0.585,0.088,0.881,0.836,1.0,0.408,0.671,0.018
24,y1,0.705,0.935,0.832,0.871,0.617,0.238,0.115,0.69,0.962,0.782,0.096,0.191,0.408,1.0,0.717,0.761
24,y2,0.375,0.758,0.619,0.638,0.803,0.365,0.413,0.744,0.772,0.734,0.393,0.377,0.671,0.717,1.0,0.497
24,y3,0.875,0.673,0.892,0.696,0.156,-0.212,-0.28,0.424,0.64,0.828,-0.3,-0.199,0.018,0.761,0.497,1.0
25,.,1.0,0.726,0.901,0.777,-0.032,-0.278,-0.415,0.328,0.505,0.879,-0.423,-0.362,-0.237,0.716,0.381,0.884
25,A1_1,0.726,1.0,0.849,0.941,0.622,0.18,0.1,0.65,0.893,0.842,0.06,0.186,0.34,0.936,0.757,0.683
25,A1_2,0.901,0.849,1.0,0.868,0.252,-0.246,-0.309,0.479,0.707,0.942,-0.326,-0.223,-0.049,0.843,0.624,0.906
25,A1_3,0.777,0.941,0.868,1.0,0.506,0.075,0.007,0.551,0.811,0.822,-0.081,0.168,0.177,0.876,0.64,0.711
25,B1_1,-0.032,0.622,0.252,0.506,1.0,0.691,0.752,0.743,0.736,0.277,0.696,0.788,0.874,0.561,0.765,0.101
25,B1_2,-0.278,0.18,-0.246,0.075,0.691,1.0,0.95,0.66,0.307,-0.171,0.958,0.833,0.848,0.167,0.326,-0.267
25,B1_3,-0.415,0.1,-0.309,0.007,0.752,0.95,1.0,0.586,0.246,-0.229,0.971,0.925,0.903,0.053,0.369,-0.33
25,A2_1,0.328,0.65,0.479,0.551,0.743,0.66,0.586,1.0,0.732,0.491,0.632,0.484,0.724,0.696,0.749,0.439
25,A2_2,0.505,0.893,0.707,0.811,0.736,0.307,0.246,0.732,1.0,0.668,0.212,0.334,0.541,0.957,0.768,0.64
25,A2_3,0.879,0.842,0.942,0.822,0.277,-0.171,-0.229,0.491,0.668,1.0,-0.238,-0.213,0.031,0.797,0.738,0.848
25,B2_1,-0.423,0.06,-0.326,-0.081,0.696,0.958,0.971,0.632,0.212,-0.238,1.0,0.818,0.888,0.038,0.352,-0.346
25,B2_2,-0.362,0.186,-0.223,0.168,0.788,0.833,0.925,0.484,0.334,-0.213,0.818,1.0,0.843,0.123,0.33,-0.258
25,B2_3,-0.237,0.34,-0.049,0.177,0.874,0.848,0.903,0.724,0.541,0.031,0.888,0.843,1.0,0.342,0.622,-0.044
25,y1,0.716,0.936,0.843,0.876,0.561,0.167,0.053,0.696,0.957,0.797,0.038,0.123,0.342,1.0,0.717,0.781
25,y2,0.381,0.757,0.624,0.64,0.765,0.326,0.369,0.749,0.768,0.738,0.352,0.33,0.622,0.717,1.0,0.515
25,y3,0.884,0.683,0.906,0.711,0.101,-0.267,-0.33,0.439,0.64,0.848,-0.346,-0.258,-0.044,0.781,0.515,1.0
