,,.,A1_1,A1_2,A1_3,B1_1,B1_2,B1_3,A2_1,A2_2,A2_3,B2_1,B2_2,B2_3,y1,y2,y3
1,.,0.077,0.06,0.058,0.059,0.062,0.062,0.063,0.063,0.061,0.057,0.06,0.061,0.059,0.063,0.068,0.067
1,A1_1,0.081,0.061,0.057,0.058,0.061,0.063,0.064,0.062,0.062,0.055,0.06,0.059,0.057,0.064,0.069,0.066
1,A1_2,0.082,0.06,0.057,0.058,0.06,0.062,0.064,0.062,0.062,0.054,0.062,0.057,0.057,0.065,0.07,0.069
1,A1_3,0.081,0.062,0.056,0.06,0.06,0.061,0.062,0.061,0.061,0.057,0.064,0.059,0.055,0.065,0.067,0.067
1,B1_1,0.081,0.062,0.055,0.059,0.059,0.063,0.063,0.063,0.063,0.054,0.062,0.057,0.055,0.065,0.069,0.07
1,B1_2,0.08,0.059,0.06,0.061,0.057,0.066,0.068,0.056,0.064,0.058,0.061,0.06,0.057,0.068,0.064,0.062
1,B1_3,0.08,0.058,0.06,0.06,0.057,0.068,0.071,0.055,0.065,0.057,0.061,0.059,0.058,0.066,0.063,0.061
1,A2_1,0.078,0.055,0.061,0.059,0.056,0.07,0.074,0.057,0.066,0.054,0.058,0.06,0.058,0.066,0.067,0.062
1,A2_2,0.081,0.055,0.057,0.054,0.056,0.067,0.072,0.058,0.066,0.053,0.059,0.056,0.056,0.071,0.071,0.068
1,A2_3,0.078,0.058,0.057,0.056,0.058,0.064,0.066,0.062,0.065,0.052,0.06,0.058,0.059,0.066,0.071,0.069
1,B2_1,0.078,0.053,0.063,0.058,0.057,0.069,0.075,0.056,0.065,0.053,0.058,0.06,0.061,0.066,0.066,0.062
1,B2_2,0.081,0.058,0.059,0.059,0.06,0.066,0.07,0.056,0.063,0.058,0.063,0.059,0.057,0.065,0.065,0.062
1,B2_3,0.078,0.056,0.056,0.055,0.06,0.068,0.07,0.061,0.066,0.051,0.059,0.058,0.06,0.064,0.07,0.068
1,y1,0.082,0.058,0.056,0.054,0.057,0.066,0.069,0.058,0.066,0.054,0.061,0.056,0.057,0.069,0.07,0.068
1,y2,0.078,0.059,0.055,0.055,0.056,0.067,0.067,0.063,0.068,0.049,0.06,0.056,0.059,0.066,0.072,0.073
1,y3,0.074,0.056,0.054,0.054,0.059,0.063,0.066,0.063,0.064,0.053,0.063,0.058,0.06,0.065,0.073,0.074
2,.,0.094,0.059,0.057,0.057,0.06,0.06,0.06,0.061,0.059,0.056,0.059,0.059,0.057,0.065,0.068,0.067
2,A1_1,0.1,0.059,0.055,0.056,0.06,0.061,0.062,0.06,0.06,0.054,0.059,0.057,0.055,0.066,0.07,0.067
2,A1_2,0.101,0.058,0.056,0.056,0.059,0.06,0.062,0.06,0.06,0.053,0.06,0.055,0.055,0.066,0.071,0.069
2,A1_3,0.1,0.06,0.055,0.058,0.059,0.059,0.06,0.059,0.059,0.056,0.062,0.057,0.053,0.066,0.068,0.068
2,B1_1,0.101,0.061,0.054,0.057,0.058,0.061,0.061,0.06,0.061,0.053,0.06,0.055,0.053,0.066,0.07,0.07
2,B1_2,0.099,0.058,0.059,0.058,0.056,0.064,0.066,0.054,0.062,0.057,0.059,0.058,0.055,0.069,0.064,0.062
2,B1_3,0.101,0.057,0.058,0.057,0.056,0.066,0.068,0.053,0.063,0.056,0.059,0.057,0.056,0.067,0.064,0.061
2,A2_1,0.099,0.054,0.059,0.056,0.055,0.067,0.072,0.055,0.064,0.053,0.056,0.058,0.056,0.067,0.068,0.062
2,A2_2,0.102,0.054,0.055,0.051,0.055,0.064,0.069,0.055,0.064,0.052,0.057,0.054,0.054,0.072,0.072,0.068
2,A2_3,0.098,0.056,0.055,0.054,0.057,0.062,0.064,0.059,0.063,0.051,0.058,0.056,0.057,0.068,0.072,0.07
2,B2_1,0.098,0.052,0.061,0.056,0.056,0.066,0.072,0.054,0.063,0.053,0.057,0.058,0.058,0.067,0.067,0.062
2,B2_2,0.102,0.056,0.057,0.056,0.059,0.064,0.067,0.054,0.061,0.057,0.061,0.057,0.055,0.066,0.065,0.063
2,B2_3,0.099,0.055,0.055,0.053,0.059,0.065,0.067,0.058,0.064,0.05,0.057,0.056,0.058,0.065,0.071,0.068
2,y1,0.103,0.056,0.054,0.051,0.056,0.063,0.067,0.056,0.064,0.053,0.059,0.054,0.055,0.07,0.071,0.068
2,y2,0.099,0.057,0.053,0.053,0.055,0.064,0.064,0.06,0.065,0.048,0.058,0.054,0.057,0.067,0.073,0.074
2,y3,0.092,0.055,0.052,0.052,0.058,0.061,0.064,0.061,0.062,0.052,0.061,0.056,0.058,0.066,0.074,0.074
3,.,0.112,0.057,0.055,0.056,0.059,0.058,0.058,0.06,0.057,0.055,0.057,0.058,0.056,0.065,0.069,0.068
3,A1_1,0.12,0.057,0.054,0.054,0.058,0.059,0.059,0.058,0.058,0.053,0.057,0.055,0.053,0.067,0.07,0.067
3,A1_2,0.121,0.056,0.054,0.054,0.057,0.057,0.059,0.058,0.058,0.052,0.059,0.053,0.053,0.067,0.071,0.07
3,A1_3,0.12,0.058,0.053,0.056,0.057,0.057,0.058,0.057,0.057,0.055,0.06,0.055,0.051,0.067,0.068,0.068
3,B1_1,0.122,0.058,0.052,0.055,0.056,0.059,0.058,0.058,0.059,0.052,0.058,0.053,0.051,0.067,0.07,0.071
3,B1_2,0.12,0.056,0.057,0.056,0.054,0.062,0.063,0.052,0.06,0.055,0.057,0.056,0.053,0.07,0.065,0.062
3,B1_3,0.123,0.055,0.057,0.055,0.055,0.064,0.066,0.051,0.061,0.055,0.057,0.055,0.053,0.067,0.064,0.061
3,A2_1,0.121,0.052,0.057,0.054,0.054,0.065,0.069,0.052,0.061,0.052,0.054,0.055,0.053,0.068,0.068,0.063
3,A2_2,0.125,0.052,0.053,0.049,0.054,0.062,0.067,0.053,0.061,0.051,0.055,0.052,0.052,0.073,0.073,0.069
3,A2_3,0.119,0.054,0.054,0.052,0.056,0.06,0.061,0.057,0.061,0.05,0.056,0.054,0.055,0.069,0.072,0.07
3,B2_1,0.121,0.05,0.06,0.054,0.054,0.064,0.07,0.052,0.061,0.051,0.055,0.055,0.056,0.068,0.068,0.062
3,B2_2,0.125,0.054,0.055,0.054,0.058,0.062,0.064,0.052,0.059,0.056,0.059,0.054,0.053,0.067,0.066,0.063
3,B2_3,0.122,0.053,0.053,0.051,0.057,0.063,0.065,0.056,0.062,0.049,0.055,0.054,0.055,0.066,0.071,0.068
3,y1,0.125,0.054,0.052,0.049,0.055,0.061,0.064,0.053,0.061,0.051,0.057,0.052,0.053,0.071,0.072,0.069
3,y2,0.121,0.055,0.051,0.051,0.054,0.062,0.062,0.058,0.063,0.047,0.056,0.052,0.055,0.068,0.073,0.074
3,y3,0.112,0.053,0.051,0.05,0.057,0.059,0.062,0.059,0.06,0.051,0.059,0.054,0.057,0.067,0.074,0.075
4,.,0.129,0.055,0.054,0.055,0.057,0.056,0.056,0.058,0.055,0.054,0.056,0.056,0.054,0.066,0.069,0.068
4,A1_1,0.14,0.055,0.052,0.053,0.056,0.057,0.057,0.056,0.056,0.051,0.055,0.054,0.052,0.067,0.07,0.068
4,A1_2,0.14,0.055,0.052,0.053,0.055,0.056,0.057,0.056,0.056,0.051,0.057,0.052,0.051,0.068,0.071,0.07
4,A1_3,0.14,0.057,0.052,0.055,0.056,0.056,0.056,0.055,0.055,0.054,0.058,0.053,0.05,0.068,0.068,0.069
4,B1_1,0.143,0.056,0.051,0.053,0.055,0.057,0.056,0.056,0.057,0.051,0.056,0.051,0.05,0.068,0.07,0.071
4,B1_2,0.141,0.054,0.055,0.054,0.053,0.06,0.061,0.05,0.058,0.054,0.055,0.054,0.051,0.071,0.065,0.062
4,B1_3,0.146,0.053,0.055,0.053,0.054,0.062,0.064,0.049,0.058,0.053,0.055,0.053,0.051,0.068,0.064,0.061
4,A2_1,0.144,0.05,0.056,0.052,0.053,0.063,0.067,0.05,0.059,0.05,0.052,0.053,0.051,0.069,0.068,0.062
4,A2_2,0.148,0.049,0.051,0.047,0.052,0.06,0.064,0.051,0.059,0.049,0.053,0.05,0.05,0.074,0.073,0.069
4,A2_3,0.14,0.052,0.052,0.05,0.054,0.058,0.059,0.055,0.059,0.049,0.054,0.052,0.053,0.069,0.072,0.071
4,B2_1,0.144,0.048,0.058,0.052,0.053,0.062,0.067,0.05,0.059,0.05,0.053,0.053,0.054,0.069,0.068,0.062
4,B2_2,0.148,0.052,0.054,0.052,0.056,0.059,0.062,0.05,0.057,0.054,0.057,0.052,0.051,0.068,0.066,0.063
4,B2_3,0.146,0.051,0.051,0.049,0.056,0.061,0.063,0.053,0.059,0.048,0.053,0.052,0.053,0.067,0.072,0.068
4,y1,0.148,0.052,0.05,0.048,0.053,0.059,0.062,0.051,0.059,0.05,0.055,0.05,0.051,0.072,0.072,0.069
4,y2,0.143,0.053,0.05,0.049,0.052,0.06,0.06,0.055,0.061,0.046,0.054,0.05,0.053,0.069,0.074,0.074
4,y3,0.132,0.051,0.05,0.049,0.055,0.057,0.06,0.057,0.058,0.05,0.057,0.052,0.055,0.068,0.075,0.075
5,.,0.145,0.054,0.053,0.054,0.056,0.054,0.054,0.056,0.054,0.053,0.054,0.055,0.053,0.067,0.069,0.069
5,A1_1,0.158,0.054,0.051,0.051,0.055,0.055,0.055,0.054,0.055,0.05,0.053,0.052,0.05,0.068,0.071,0.068
5,A1_2,0.159,0.053,0.051,0.051,0.054,0.054,0.055,0.054,0.054,0.05,0.055,0.05,0.05,0.068,0.072,0.071
5,A1_3,0.159,0.055,0.051,0.053,0.054,0.054,0.054,0.053,0.053,0.053,0.056,0.051,0.048,0.069,0.068,0.069
5,B1_1,0.162,0.055,0.049,0.051,0.053,0.055,0.054,0.054,0.055,0.049,0.054,0.049,0.048,0.068,0.07,0.071
5,B1_2,0.162,0.053,0.054,0.053,0.052,0.058,0.059,0.048,0.056,0.053,0.053,0.052,0.049,0.071,0.065,0.062
5,B1_3,0.169,0.051,0.053,0.051,0.052,0.06,0.062,0.047,0.056,0.052,0.053,0.05,0.049,0.068,0.065,0.061
5,A2_1,0.166,0.049,0.054,0.05,0.051,0.061,0.064,0.048,0.057,0.049,0.051,0.051,0.049,0.069,0.068,0.062
5,A2_2,0.17,0.048,0.05,0.045,0.051,0.057,0.062,0.049,0.056,0.048,0.051,0.048,0.048,0.074,0.074,0.069
5,A2_3,0.16,0.051,0.051,0.048,0.053,0.056,0.057,0.053,0.056,0.048,0.052,0.05,0.051,0.07,0.073,0.071
5,B2_1,0.166,0.047,0.056,0.05,0.051,0.06,0.065,0.047,0.057,0.049,0.051,0.051,0.051,0.069,0.068,0.062
5,B2_2,0.17,0.051,0.052,0.05,0.055,0.057,0.06,0.047,0.054,0.053,0.055,0.05,0.049,0.068,0.066,0.062
5,B2_3,0.169,0.049,0.05,0.047,0.054,0.059,0.06,0.051,0.057,0.047,0.051,0.05,0.051,0.067,0.072,0.067
5,y1,0.17,0.05,0.049,0.046,0.052,0.057,0.06,0.049,0.057,0.049,0.053,0.048,0.049,0.072,0.072,0.069
5,y2,0.165,0.051,0.048,0.047,0.051,0.058,0.058,0.053,0.058,0.044,0.052,0.048,0.051,0.069,0.074,0.074
5,y3,0.151,0.05,0.048,0.047,0.054,0.055,0.058,0.054,0.056,0.049,0.056,0.051,0.053,0.068,0.075,0.075
6,.,0.158,0.053,0.052,0.053,0.055,0.053,0.052,0.055,0.052,0.052,0.053,0.054,0.052,0.067,0.069,0.069
6,A1_1,0.175,0.052,0.05,0.05,0.053,0.053,0.053,0.052,0.053,0.049,0.052,0.051,0.049,0.068,0.071,0.068
6,A1_2,0.174,0.052,0.05,0.05,0.052,0.052,0.053,0.052,0.053,0.048,0.054,0.049,0.049,0.069,0.072,0.071
6,A1_3,0.175,0.054,0.049,0.052,0.053,0.052,0.052,0.052,0.051,0.051,0.055,0.05,0.047,0.07,0.069,0.069
6,B1_1,0.18,0.053,0.048,0.05,0.052,0.053,0.052,0.052,0.053,0.048,0.053,0.048,0.047,0.069,0.071,0.072
6,B1_2,0.181,0.051,0.052,0.051,0.05,0.057,0.057,0.046,0.054,0.051,0.052,0.05,0.048,0.071,0.065,0.062
6,B1_3,0.19,0.05,0.052,0.05,0.051,0.058,0.06,0.045,0.054,0.05,0.052,0.049,0.048,0.068,0.065,0.06
6,A2_1,0.187,0.047,0.052,0.048,0.05,0.059,0.062,0.046,0.055,0.047,0.049,0.049,0.048,0.069,0.069,0.062
6,A2_2,0.191,0.046,0.048,0.044,0.05,0.055,0.06,0.047,0.054,0.046,0.05,0.046,0.046,0.074,0.074,0.069
6,A2_3,0.178,0.049,0.049,0.047,0.051,0.054,0.055,0.051,0.055,0.046,0.051,0.049,0.05,0.071,0.073,0.071
6,B2_1,0.188,0.045,0.054,0.048,0.05,0.058,0.063,0.046,0.055,0.047,0.049,0.049,0.05,0.069,0.068,0.062
6,B2_2,0.192,0.049,0.05,0.049,0.053,0.055,0.058,0.046,0.053,0.051,0.053,0.048,0.047,0.068,0.066,0.062
6,B2_3,0.191,0.047,0.048,0.045,0.053,0.057,0.058,0.049,0.055,0.045,0.049,0.048,0.049,0.067,0.072,0.067
6,y1,0.191,0.048,0.047,0.044,0.05,0.055,0.058,0.047,0.055,0.047,0.052,0.046,0.047,0.073,0.072,0.069
6,y2,0.184,0.049,0.047,0.045,0.049,0.056,0.056,0.051,0.056,0.043,0.051,0.046,0.049,0.069,0.074,0.074
6,y3,0.168,0.048,0.047,0.046,0.053,0.053,0.056,0.053,0.054,0.047,0.054,0.05,0.052,0.069,0.075,0.075
7,.,0.169,0.052,0.051,0.052,0.053,0.052,0.051,0.054,0.051,0.051,0.052,0.053,0.051,0.068,0.07,0.07
7,A1_1,0.188,0.051,0.049,0.049,0.052,0.052,0.052,0.051,0.051,0.048,0.051,0.05,0.048,0.069,0.071,0.069
7,A1_2,0.188,0.051,0.049,0.049,0.051,0.051,0.051,0.051,0.051,0.047,0.052,0.048,0.048,0.07,0.072,0.072
7,A1_3,0.189,0.053,0.048,0.051,0.051,0.051,0.05,0.05,0.05,0.05,0.054,0.049,0.046,0.07,0.069,0.07
7,B1_1,0.195,0.052,0.047,0.049,0.05,0.052,0.051,0.05,0.051,0.047,0.051,0.047,0.045,0.07,0.071,0.072
7,B1_2,0.198,0.05,0.051,0.05,0.049,0.055,0.056,0.045,0.053,0.05,0.05,0.049,0.047,0.072,0.065,0.062
7,B1_3,0.21,0.048,0.05,0.048,0.05,0.056,0.058,0.043,0.053,0.049,0.05,0.047,0.046,0.068,0.064,0.06
7,A2_1,0.207,0.046,0.051,0.047,0.049,0.057,0.06,0.044,0.053,0.046,0.047,0.048,0.046,0.069,0.069,0.062
7,A2_2,0.209,0.045,0.046,0.042,0.048,0.053,0.058,0.045,0.053,0.045,0.048,0.045,0.045,0.074,0.074,0.069
7,A2_3,0.194,0.048,0.048,0.045,0.05,0.053,0.053,0.049,0.053,0.045,0.05,0.048,0.048,0.071,0.073,0.071
7,B2_1,0.208,0.044,0.052,0.046,0.049,0.056,0.061,0.044,0.053,0.045,0.048,0.047,0.048,0.069,0.068,0.061
7,B2_2,0.211,0.048,0.049,0.047,0.052,0.054,0.056,0.044,0.051,0.05,0.052,0.046,0.045,0.068,0.066,0.062
7,B2_3,0.211,0.046,0.046,0.043,0.051,0.055,0.057,0.047,0.053,0.044,0.048,0.046,0.047,0.068,0.072,0.067
7,y1,0.208,0.047,0.046,0.043,0.049,0.053,0.056,0.045,0.053,0.046,0.05,0.045,0.046,0.073,0.072,0.069
7,y2,0.202,0.048,0.045,0.044,0.048,0.054,0.054,0.049,0.054,0.042,0.049,0.045,0.048,0.07,0.074,0.074
7,y3,0.182,0.047,0.046,0.045,0.052,0.052,0.054,0.051,0.053,0.046,0.053,0.048,0.051,0.069,0.076,0.076
8,.,0.178,0.052,0.05,0.052,0.052,0.05,0.05,0.053,0.05,0.05,0.051,0.053,0.051,0.068,0.07,0.07
8,A1_1,0.199,0.051,0.048,0.048,0.051,0.05,0.05,0.05,0.05,0.046,0.05,0.049,0.047,0.07,0.072,0.07
8,A1_2,0.198,0.05,0.048,0.048,0.05,0.049,0.05,0.05,0.05,0.046,0.051,0.047,0.047,0.07,0.072,0.073
8,A1_3,0.199,0.052,0.047,0.05,0.05,0.049,0.049,0.049,0.049,0.049,0.052,0.048,0.045,0.071,0.069,0.071
8,B1_1,0.208,0.051,0.046,0.048,0.049,0.051,0.049,0.049,0.05,0.045,0.05,0.046,0.044,0.07,0.071,0.073
8,B1_2,0.213,0.049,0.05,0.048,0.048,0.054,0.054,0.043,0.051,0.049,0.049,0.047,0.045,0.072,0.065,0.062
8,B1_3,0.228,0.047,0.049,0.046,0.048,0.054,0.056,0.042,0.051,0.047,0.049,0.045,0.044,0.068,0.064,0.06
8,A2_1,0.224,0.045,0.049,0.045,0.047,0.055,0.059,0.043,0.052,0.044,0.046,0.046,0.045,0.07,0.069,0.061
8,A2_2,0.225,0.043,0.045,0.041,0.047,0.052,0.056,0.044,0.051,0.043,0.047,0.043,0.044,0.075,0.075,0.07
8,A2_3,0.207,0.047,0.047,0.044,0.049,0.051,0.052,0.048,0.052,0.044,0.048,0.047,0.047,0.072,0.074,0.072
8,B2_1,0.226,0.043,0.051,0.045,0.047,0.054,0.059,0.042,0.051,0.044,0.046,0.045,0.046,0.069,0.068,0.061
8,B2_2,0.229,0.047,0.047,0.046,0.05,0.052,0.054,0.042,0.049,0.048,0.05,0.045,0.044,0.068,0.066,0.062
8,B2_3,0.229,0.045,0.045,0.042,0.05,0.053,0.055,0.045,0.051,0.042,0.046,0.044,0.046,0.068,0.072,0.067
8,y1,0.223,0.046,0.045,0.042,0.048,0.051,0.054,0.044,0.051,0.044,0.049,0.044,0.045,0.073,0.073,0.069
8,y2,0.216,0.047,0.044,0.043,0.047,0.052,0.053,0.048,0.053,0.04,0.048,0.044,0.047,0.07,0.075,0.074
8,y3,0.194,0.046,0.045,0.044,0.051,0.051,0.053,0.05,0.051,0.045,0.052,0.048,0.05,0.069,0.076,0.076
9,.,0.183,0.051,0.05,0.051,0.052,0.049,0.048,0.053,0.049,0.05,0.05,0.052,0.05,0.069,0.071,0.071
9,A1_1,0.208,0.05,0.047,0.047,0.05,0.049,0.049,0.049,0.049,0.046,0.049,0.048,0.047,0.07,0.072,0.07
9,A1_2,0.206,0.049,0.047,0.047,0.049,0.048,0.049,0.05,0.049,0.045,0.05,0.047,0.046,0.071,0.073,0.074
9,A1_3,0.208,0.051,0.047,0.049,0.049,0.048,0.048,0.049,0.048,0.048,0.051,0.047,0.045,0.071,0.07,0.071
9,B1_1,0.219,0.05,0.045,0.046,0.048,0.049,0.048,0.048,0.049,0.044,0.049,0.045,0.044,0.071,0.072,0.073
9,B1_2,0.225,0.048,0.049,0.047,0.047,0.052,0.053,0.042,0.05,0.048,0.048,0.046,0.044,0.072,0.066,0.063
9,B1_3,0.244,0.046,0.047,0.045,0.047,0.053,0.055,0.04,0.05,0.046,0.047,0.044,0.043,0.068,0.064,0.059
9,A2_1,0.239,0.043,0.048,0.044,0.046,0.054,0.057,0.042,0.05,0.044,0.045,0.045,0.044,0.07,0.069,0.061
9,A2_2,0.239,0.042,0.044,0.039,0.046,0.05,0.055,0.043,0.049,0.042,0.046,0.042,0.043,0.075,0.075,0.07
9,A2_3,0.217,0.046,0.046,0.043,0.048,0.05,0.051,0.047,0.05,0.043,0.047,0.046,0.046,0.072,0.074,0.073
9,B2_1,0.243,0.042,0.049,0.043,0.046,0.053,0.058,0.041,0.05,0.043,0.045,0.044,0.045,0.069,0.068,0.061
9,B2_2,0.245,0.045,0.046,0.044,0.049,0.051,0.053,0.041,0.048,0.047,0.049,0.044,0.043,0.068,0.066,0.062
9,B2_3,0.244,0.043,0.044,0.04,0.049,0.052,0.053,0.044,0.05,0.041,0.045,0.043,0.045,0.068,0.072,0.067
9,y1,0.236,0.044,0.044,0.04,0.047,0.05,0.053,0.043,0.05,0.043,0.048,0.043,0.044,0.073,0.073,0.069
9,y2,0.229,0.045,0.043,0.041,0.046,0.051,0.051,0.046,0.051,0.04,0.047,0.043,0.046,0.07,0.075,0.075
9,y3,0.203,0.045,0.044,0.043,0.05,0.05,0.052,0.049,0.05,0.045,0.051,0.047,0.049,0.07,0.077,0.077
10,.,0.187,0.051,0.05,0.051,0.051,0.049,0.047,0.052,0.048,0.049,0.05,0.052,0.05,0.07,0.071,0.072
10,A1_1,0.214,0.049,0.046,0.046,0.049,0.049,0.048,0.049,0.048,0.045,0.048,0.048,0.046,0.071,0.073,0.071
10,A1_2,0.211,0.049,0.046,0.046,0.048,0.047,0.048,0.049,0.048,0.045,0.05,0.046,0.046,0.072,0.074,0.075
10,A1_3,0.214,0.051,0.046,0.048,0.048,0.048,0.046,0.048,0.047,0.048,0.051,0.047,0.044,0.072,0.07,0.072
10,B1_1,0.227,0.049,0.044,0.045,0.047,0.048,0.047,0.047,0.048,0.044,0.048,0.044,0.043,0.072,0.072,0.074
10,B1_2,0.237,0.047,0.048,0.046,0.046,0.051,0.052,0.042,0.049,0.047,0.047,0.045,0.043,0.073,0.066,0.063
10,B1_3,0.259,0.045,0.046,0.043,0.046,0.052,0.053,0.039,0.048,0.045,0.046,0.043,0.042,0.068,0.064,0.059
10,A2_1,0.253,0.042,0.047,0.042,0.045,0.052,0.056,0.041,0.049,0.043,0.044,0.044,0.043,0.07,0.069,0.061
10,A2_2,0.251,0.041,0.043,0.038,0.045,0.049,0.053,0.042,0.048,0.041,0.045,0.041,0.042,0.075,0.075,0.07
10,A2_3,0.226,0.045,0.045,0.042,0.047,0.049,0.049,0.046,0.049,0.043,0.047,0.045,0.046,0.073,0.075,0.073
10,B2_1,0.258,0.041,0.048,0.042,0.045,0.052,0.056,0.04,0.049,0.041,0.044,0.043,0.044,0.069,0.068,0.061
10,B2_2,0.259,0.044,0.045,0.042,0.048,0.049,0.052,0.04,0.047,0.046,0.048,0.042,0.042,0.068,0.066,0.062
10,B2_3,0.259,0.042,0.043,0.039,0.048,0.05,0.052,0.042,0.048,0.04,0.044,0.042,0.044,0.068,0.072,0.066
10,y1,0.247,0.043,0.043,0.039,0.046,0.049,0.051,0.042,0.049,0.042,0.047,0.042,0.043,0.074,0.073,0.07
10,y2,0.239,0.044,0.042,0.04,0.045,0.05,0.05,0.046,0.05,0.039,0.046,0.042,0.045,0.071,0.076,0.075
10,y3,0.211,0.045,0.043,0.042,0.049,0.049,0.051,0.048,0.049,0.044,0.05,0.047,0.049,0.07,0.077,0.077
11,.,0.189,0.051,0.049,0.05,0.05,0.048,0.047,0.052,0.048,0.049,0.049,0.052,0.05,0.071,0.072,0.073
11,A1_1,0.218,0.049,0.046,0.046,0.048,0.048,0.047,0.048,0.048,0.045,0.048,0.047,0.046,0.072,0.073,0.072
11,A1_2,0.215,0.048,0.046,0.046,0.047,0.047,0.047,0.049,0.047,0.045,0.049,0.046,0.046,0.073,0.074,0.076
11,A1_3,0.218,0.05,0.046,0.047,0.047,0.047,0.046,0.048,0.046,0.047,0.05,0.047,0.044,0.073,0.071,0.074
11,B1_1,0.234,0.049,0.043,0.044,0.046,0.048,0.046,0.047,0.047,0.043,0.048,0.043,0.042,0.073,0.072,0.075
11,B1_2,0.247,0.046,0.047,0.045,0.045,0.05,0.051,0.041,0.048,0.046,0.046,0.044,0.043,0.073,0.066,0.063
11,B1_3,0.273,0.044,0.045,0.042,0.045,0.051,0.052,0.038,0.047,0.044,0.045,0.042,0.041,0.068,0.064,0.059
11,A2_1,0.266,0.041,0.046,0.041,0.045,0.051,0.055,0.04,0.048,0.042,0.043,0.043,0.042,0.07,0.069,0.061
11,A2_2,0.261,0.04,0.042,0.037,0.044,0.048,0.052,0.041,0.047,0.04,0.044,0.04,0.041,0.076,0.076,0.071
11,A2_3,0.232,0.045,0.044,0.041,0.046,0.048,0.048,0.046,0.048,0.042,0.046,0.045,0.045,0.074,0.075,0.074
11,B2_1,0.273,0.04,0.047,0.04,0.044,0.05,0.055,0.038,0.047,0.04,0.043,0.041,0.043,0.07,0.068,0.061
11,B2_2,0.273,0.043,0.044,0.041,0.047,0.048,0.05,0.039,0.045,0.045,0.046,0.041,0.041,0.069,0.066,0.061
11,B2_3,0.272,0.041,0.042,0.037,0.047,0.049,0.051,0.041,0.047,0.039,0.043,0.041,0.042,0.068,0.072,0.066
11,y1,0.256,0.043,0.042,0.038,0.045,0.048,0.05,0.041,0.047,0.042,0.046,0.041,0.043,0.074,0.074,0.07
11,y2,0.247,0.044,0.041,0.039,0.044,0.049,0.049,0.045,0.049,0.038,0.045,0.042,0.045,0.071,0.076,0.076
11,y3,0.216,0.044,0.043,0.041,0.048,0.048,0.05,0.048,0.048,0.044,0.049,0.046,0.048,0.071,0.077,0.078
12,.,0.189,0.051,0.049,0.051,0.05,0.047,0.046,0.052,0.047,0.049,0.049,0.053,0.05,0.071,0.072,0.074
12,A1_1,0.221,0.049,0.045,0.046,0.048,0.047,0.046,0.048,0.047,0.045,0.047,0.047,0.045,0.073,0.074,0.073
12,A1_2,0.216,0.048,0.046,0.046,0.047,0.046,0.046,0.049,0.046,0.044,0.049,0.046,0.046,0.074,0.075,0.077
12,A1_3,0.22,0.05,0.045,0.047,0.047,0.046,0.045,0.048,0.045,0.047,0.049,0.046,0.043,0.074,0.071,0.075
12,B1_1,0.239,0.048,0.043,0.044,0.046,0.047,0.045,0.046,0.046,0.043,0.047,0.043,0.042,0.073,0.073,0.076
12,B1_2,0.257,0.046,0.046,0.044,0.044,0.05,0.05,0.04,0.047,0.045,0.045,0.044,0.042,0.074,0.066,0.063
12,B1_3,0.288,0.043,0.044,0.041,0.044,0.05,0.051,0.037,0.045,0.043,0.044,0.04,0.04,0.068,0.064,0.058
12,A2_1,0.278,0.041,0.045,0.04,0.044,0.05,0.053,0.039,0.046,0.041,0.042,0.042,0.041,0.07,0.069,0.061
12,A2_2,0.271,0.039,0.041,0.036,0.043,0.047,0.051,0.04,0.045,0.04,0.043,0.04,0.04,0.076,0.076,0.071
12,A2_3,0.237,0.044,0.044,0.041,0.046,0.047,0.048,0.045,0.047,0.042,0.045,0.044,0.045,0.074,0.076,0.075
12,B2_1,0.287,0.039,0.045,0.039,0.043,0.049,0.054,0.037,0.046,0.039,0.042,0.04,0.042,0.069,0.068,0.06
12,B2_2,0.286,0.042,0.043,0.04,0.046,0.047,0.049,0.038,0.044,0.044,0.045,0.04,0.04,0.069,0.065,0.061
12,B2_3,0.286,0.04,0.041,0.036,0.046,0.048,0.05,0.04,0.045,0.039,0.042,0.04,0.041,0.068,0.072,0.066
12,y1,0.264,0.042,0.041,0.037,0.045,0.047,0.049,0.041,0.046,0.041,0.045,0.041,0.042,0.075,0.074,0.07
12,y2,0.255,0.043,0.041,0.038,0.044,0.048,0.048,0.044,0.047,0.038,0.044,0.041,0.044,0.072,0.076,0.076
12,y3,0.22,0.044,0.043,0.041,0.048,0.047,0.049,0.048,0.047,0.043,0.049,0.046,0.048,0.071,0.078,0.078
13,.,0.187,0.051,0.049,0.051,0.049,0.047,0.045,0.053,0.047,0.049,0.049,0.053,0.05,0.072,0.073,0.075
13,A1_1,0.222,0.048,0.045,0.046,0.047,0.047,0.046,0.048,0.046,0.044,0.047,0.047,0.045,0.074,0.074,0.074
13,A1_2,0.216,0.048,0.045,0.046,0.046,0.046,0.045,0.049,0.046,0.044,0.048,0.046,0.046,0.075,0.076,0.078
13,A1_3,0.221,0.05,0.045,0.048,0.046,0.046,0.044,0.048,0.045,0.046,0.049,0.046,0.043,0.075,0.072,0.076
13,B1_1,0.244,0.048,0.042,0.043,0.045,0.046,0.045,0.046,0.045,0.042,0.046,0.042,0.041,0.074,0.073,0.077
13,B1_2,0.265,0.045,0.045,0.043,0.043,0.049,0.049,0.039,0.046,0.044,0.044,0.043,0.041,0.074,0.066,0.063
13,B1_3,0.302,0.042,0.043,0.04,0.043,0.048,0.05,0.036,0.044,0.042,0.043,0.039,0.039,0.068,0.063,0.058
13,A2_1,0.29,0.04,0.044,0.039,0.043,0.049,0.052,0.038,0.045,0.04,0.041,0.041,0.04,0.07,0.069,0.061
13,A2_2,0.28,0.039,0.04,0.035,0.043,0.046,0.05,0.039,0.044,0.039,0.042,0.039,0.04,0.077,0.076,0.071
13,A2_3,0.24,0.044,0.043,0.041,0.045,0.047,0.047,0.045,0.046,0.041,0.045,0.044,0.045,0.075,0.077,0.076
13,B2_1,0.301,0.038,0.044,0.038,0.042,0.048,0.053,0.036,0.045,0.038,0.041,0.039,0.041,0.069,0.067,0.06
13,B2_2,0.299,0.041,0.042,0.039,0.045,0.046,0.048,0.037,0.043,0.043,0.044,0.039,0.039,0.068,0.065,0.061
13,B2_3,0.299,0.039,0.04,0.035,0.045,0.047,0.049,0.039,0.044,0.037,0.041,0.039,0.041,0.068,0.072,0.065
13,y1,0.271,0.041,0.04,0.037,0.044,0.046,0.048,0.04,0.045,0.04,0.044,0.04,0.042,0.075,0.074,0.071
13,y2,0.261,0.042,0.04,0.038,0.043,0.047,0.048,0.043,0.046,0.037,0.044,0.041,0.044,0.072,0.077,0.076
13,y3,0.222,0.043,0.042,0.041,0.048,0.046,0.049,0.047,0.046,0.043,0.048,0.046,0.048,0.072,0.079,0.079
14,.,0.183,0.051,0.05,0.052,0.049,0.046,0.045,0.053,0.046,0.049,0.049,0.053,0.05,0.073,0.074,0.076
14,A1_1,0.221,0.048,0.045,0.046,0.046,0.046,0.045,0.048,0.046,0.044,0.047,0.047,0.045,0.075,0.075,0.075
14,A1_2,0.215,0.048,0.045,0.046,0.046,0.045,0.045,0.049,0.046,0.044,0.048,0.046,0.046,0.076,0.077,0.08
14,A1_3,0.221,0.05,0.045,0.048,0.046,0.045,0.043,0.047,0.045,0.046,0.049,0.046,0.043,0.077,0.073,0.077
14,B1_1,0.247,0.047,0.042,0.043,0.044,0.046,0.044,0.045,0.045,0.041,0.046,0.042,0.041,0.075,0.074,0.078
14,B1_2,0.274,0.044,0.045,0.043,0.043,0.048,0.048,0.038,0.045,0.044,0.044,0.042,0.041,0.074,0.066,0.063
14,B1_3,0.317,0.041,0.042,0.039,0.042,0.047,0.049,0.034,0.043,0.041,0.042,0.038,0.038,0.068,0.063,0.057
14,A2_1,0.302,0.039,0.043,0.038,0.042,0.048,0.051,0.036,0.044,0.039,0.04,0.04,0.039,0.069,0.069,0.06
14,A2_2,0.288,0.038,0.039,0.034,0.042,0.045,0.049,0.038,0.043,0.038,0.041,0.038,0.039,0.077,0.077,0.072
14,A2_3,0.243,0.043,0.043,0.041,0.045,0.046,0.046,0.044,0.046,0.041,0.045,0.044,0.044,0.076,0.077,0.077
14,B2_1,0.316,0.037,0.043,0.037,0.041,0.047,0.052,0.035,0.043,0.037,0.04,0.038,0.04,0.069,0.067,0.06
14,B2_2,0.313,0.04,0.041,0.038,0.044,0.045,0.047,0.035,0.042,0.042,0.043,0.038,0.038,0.068,0.065,0.06
14,B2_3,0.313,0.038,0.038,0.034,0.044,0.046,0.048,0.037,0.043,0.037,0.04,0.038,0.04,0.068,0.071,0.065
14,y1,0.277,0.041,0.04,0.036,0.044,0.045,0.048,0.039,0.044,0.04,0.044,0.04,0.041,0.076,0.075,0.071
14,y2,0.267,0.042,0.039,0.037,0.043,0.047,0.047,0.042,0.046,0.037,0.043,0.04,0.043,0.072,0.077,0.077
14,y3,0.223,0.043,0.042,0.041,0.047,0.046,0.048,0.047,0.046,0.043,0.048,0.046,0.048,0.072,0.08,0.08
15,.,0.179,0.051,0.05,0.053,0.049,0.046,0.044,0.053,0.046,0.05,0.049,0.054,0.051,0.074,0.074,0.077
15,A1_1,0.22,0.048,0.045,0.046,0.046,0.046,0.044,0.048,0.045,0.044,0.046,0.047,0.045,0.076,0.076,0.077
15,A1_2,0.212,0.048,0.045,0.047,0.045,0.045,0.044,0.049,0.045,0.044,0.048,0.046,0.046,0.077,0.077,0.081
15,A1_3,0.219,0.05,0.045,0.048,0.045,0.045,0.043,0.048,0.044,0.046,0.049,0.046,0.043,0.078,0.074,0.079
15,B1_1,0.251,0.047,0.041,0.043,0.044,0.045,0.043,0.044,0.044,0.041,0.045,0.042,0.041,0.076,0.074,0.078
15,B1_2,0.284,0.043,0.044,0.042,0.042,0.047,0.048,0.037,0.044,0.043,0.043,0.041,0.04,0.074,0.065,0.063
15,B1_3,0.333,0.04,0.041,0.037,0.041,0.046,0.048,0.033,0.042,0.04,0.04,0.037,0.037,0.067,0.062,0.056
15,A2_1,0.314,0.038,0.042,0.037,0.042,0.047,0.05,0.035,0.043,0.038,0.039,0.039,0.038,0.069,0.068,0.06
15,A2_2,0.297,0.037,0.038,0.034,0.042,0.044,0.048,0.038,0.042,0.037,0.041,0.038,0.039,0.077,0.077,0.072
15,A2_3,0.245,0.043,0.042,0.04,0.044,0.046,0.046,0.044,0.045,0.04,0.044,0.044,0.044,0.077,0.078,0.078
15,B2_1,0.332,0.036,0.042,0.036,0.04,0.046,0.05,0.034,0.042,0.036,0.039,0.037,0.038,0.068,0.066,0.059
15,B2_2,0.328,0.039,0.04,0.037,0.043,0.044,0.046,0.034,0.04,0.041,0.042,0.037,0.037,0.067,0.064,0.059
15,B2_3,0.328,0.037,0.037,0.033,0.043,0.045,0.047,0.036,0.041,0.036,0.039,0.037,0.038,0.067,0.071,0.064
15,y1,0.284,0.04,0.039,0.036,0.043,0.045,0.047,0.039,0.043,0.04,0.043,0.039,0.041,0.076,0.075,0.071
15,y2,0.272,0.041,0.039,0.037,0.043,0.046,0.046,0.042,0.045,0.036,0.043,0.04,0.043,0.073,0.078,0.077
15,y3,0.223,0.043,0.042,0.041,0.047,0.046,0.048,0.047,0.045,0.043,0.048,0.046,0.048,0.073,0.08,0.081
16,.,0.173,0.052,0.05,0.053,0.049,0.046,0.044,0.054,0.046,0.05,0.049,0.054,0.051,0.075,0.075,0.079
16,A1_1,0.218,0.049,0.045,0.046,0.046,0.045,0.044,0.048,0.045,0.044,0.046,0.047,0.045,0.077,0.077,0.078
16,A1_2,0.208,0.048,0.045,0.047,0.045,0.045,0.044,0.049,0.045,0.044,0.048,0.047,0.046,0.078,0.079,0.083
16,A1_3,0.217,0.05,0.045,0.048,0.045,0.045,0.042,0.048,0.044,0.046,0.048,0.046,0.043,0.079,0.075,0.08
16,B1_1,0.255,0.047,0.041,0.042,0.043,0.045,0.043,0.044,0.043,0.041,0.045,0.041,0.04,0.077,0.075,0.079
16,B1_2,0.294,0.043,0.043,0.041,0.041,0.047,0.047,0.036,0.043,0.042,0.042,0.04,0.039,0.074,0.065,0.062
16,B1_3,0.351,0.038,0.039,0.036,0.04,0.045,0.047,0.032,0.04,0.039,0.039,0.036,0.036,0.066,0.061,0.055
16,A2_1,0.328,0.037,0.04,0.036,0.041,0.046,0.049,0.034,0.041,0.038,0.038,0.038,0.037,0.068,0.068,0.059
16,A2_2,0.306,0.036,0.037,0.033,0.041,0.043,0.047,0.037,0.041,0.037,0.04,0.037,0.038,0.077,0.077,0.072
16,A2_3,0.246,0.043,0.042,0.04,0.044,0.045,0.045,0.044,0.044,0.04,0.044,0.043,0.044,0.077,0.079,0.079
16,B2_1,0.348,0.035,0.04,0.034,0.039,0.045,0.049,0.032,0.041,0.035,0.038,0.036,0.037,0.067,0.066,0.058
16,B2_2,0.344,0.038,0.039,0.035,0.042,0.043,0.045,0.033,0.039,0.04,0.041,0.036,0.036,0.067,0.063,0.058
16,B2_3,0.345,0.036,0.036,0.032,0.042,0.044,0.046,0.034,0.04,0.035,0.038,0.036,0.037,0.066,0.07,0.063
16,y1,0.29,0.039,0.039,0.035,0.043,0.044,0.046,0.038,0.042,0.039,0.043,0.039,0.04,0.076,0.076,0.071
16,y2,0.277,0.04,0.038,0.036,0.042,0.045,0.046,0.041,0.044,0.036,0.042,0.04,0.043,0.073,0.078,0.078
16,y3,0.222,0.043,0.042,0.041,0.047,0.045,0.047,0.047,0.045,0.042,0.048,0.047,0.048,0.073,0.081,0.082
17,.,0.167,0.052,0.05,0.054,0.049,0.046,0.044,0.055,0.046,0.05,0.049,0.055,0.052,0.076,0.076,0.08
17,A1_1,0.216,0.049,0.045,0.046,0.046,0.045,0.044,0.048,0.045,0.044,0.046,0.048,0.045,0.078,0.078,0.079
17,A1_2,0.204,0.049,0.045,0.047,0.045,0.044,0.043,0.05,0.045,0.044,0.048,0.047,0.046,0.079,0.08,0.084
17,A1_3,0.214,0.05,0.044,0.048,0.045,0.044,0.042,0.048,0.044,0.046,0.048,0.046,0.043,0.08,0.076,0.082
17,B1_1,0.259,0.046,0.04,0.042,0.043,0.044,0.042,0.043,0.043,0.04,0.045,0.041,0.04,0.077,0.075,0.08
17,B1_2,0.307,0.042,0.042,0.04,0.04,0.046,0.046,0.035,0.042,0.041,0.041,0.039,0.038,0.073,0.065,0.062
17,B1_3,0.371,0.037,0.038,0.034,0.039,0.044,0.045,0.03,0.039,0.037,0.038,0.034,0.034,0.064,0.06,0.054
17,A2_1,0.343,0.036,0.039,0.035,0.04,0.045,0.048,0.033,0.04,0.037,0.037,0.037,0.036,0.068,0.067,0.058
17,A2_2,0.316,0.035,0.036,0.032,0.04,0.043,0.047,0.036,0.04,0.036,0.039,0.036,0.037,0.077,0.078,0.072
17,A2_3,0.247,0.043,0.041,0.04,0.044,0.045,0.045,0.044,0.044,0.04,0.044,0.043,0.044,0.078,0.08,0.079
17,B2_1,0.368,0.033,0.039,0.033,0.038,0.044,0.048,0.031,0.039,0.034,0.036,0.034,0.036,0.066,0.065,0.057
17,B2_2,0.363,0.037,0.037,0.034,0.041,0.042,0.044,0.032,0.038,0.039,0.04,0.034,0.035,0.065,0.062,0.057
17,B2_3,0.365,0.034,0.035,0.03,0.041,0.043,0.045,0.033,0.039,0.034,0.037,0.034,0.036,0.065,0.069,0.061
17,y1,0.297,0.039,0.038,0.034,0.043,0.043,0.046,0.038,0.041,0.039,0.042,0.039,0.04,0.076,0.076,0.071
17,y2,0.283,0.04,0.037,0.036,0.042,0.045,0.045,0.041,0.043,0.035,0.042,0.039,0.042,0.073,0.079,0.078
17,y3,0.221,0.043,0.041,0.041,0.047,0.045,0.047,0.047,0.044,0.043,0.048,0.047,0.048,0.074,0.082,0.083
18,.,0.159,0.053,0.051,0.055,0.049,0.045,0.043,0.056,0.046,0.051,0.05,0.056,0.052,0.076,0.077,0.081
18,A1_1,0.212,0.049,0.045,0.047,0.045,0.045,0.043,0.048,0.044,0.044,0.046,0.048,0.045,0.079,0.078,0.08
18,A1_2,0.198,0.049,0.045,0.048,0.045,0.044,0.043,0.05,0.044,0.044,0.048,0.047,0.046,0.08,0.081,0.086
18,A1_3,0.21,0.05,0.044,0.049,0.044,0.044,0.042,0.049,0.043,0.046,0.048,0.047,0.043,0.081,0.076,0.083
18,B1_1,0.264,0.046,0.039,0.041,0.042,0.044,0.042,0.043,0.042,0.04,0.044,0.04,0.039,0.078,0.076,0.08
18,B1_2,0.321,0.041,0.041,0.039,0.04,0.045,0.045,0.034,0.041,0.04,0.04,0.038,0.037,0.073,0.064,0.061
18,B1_3,0.394,0.035,0.036,0.033,0.038,0.042,0.044,0.029,0.037,0.036,0.036,0.033,0.033,0.063,0.058,0.052
18,A2_1,0.359,0.035,0.038,0.033,0.039,0.044,0.047,0.032,0.039,0.036,0.036,0.036,0.036,0.066,0.067,0.057
18,A2_2,0.327,0.034,0.035,0.031,0.04,0.042,0.046,0.035,0.039,0.035,0.039,0.036,0.037,0.076,0.077,0.072
18,A2_3,0.248,0.042,0.041,0.04,0.044,0.044,0.044,0.044,0.043,0.04,0.044,0.043,0.044,0.078,0.08,0.08
18,B2_1,0.389,0.032,0.037,0.032,0.036,0.042,0.046,0.03,0.038,0.032,0.035,0.033,0.035,0.065,0.063,0.055
18,B2_2,0.385,0.035,0.036,0.033,0.04,0.041,0.043,0.03,0.036,0.037,0.038,0.033,0.033,0.064,0.061,0.055
18,B2_3,0.388,0.033,0.033,0.029,0.04,0.041,0.044,0.031,0.037,0.032,0.036,0.033,0.035,0.063,0.067,0.059
18,y1,0.304,0.038,0.037,0.034,0.042,0.043,0.045,0.037,0.04,0.038,0.042,0.038,0.04,0.076,0.076,0.071
18,y2,0.289,0.039,0.037,0.035,0.042,0.044,0.045,0.04,0.042,0.035,0.041,0.039,0.042,0.073,0.079,0.078
18,y3,0.218,0.043,0.041,0.041,0.047,0.045,0.046,0.048,0.044,0.043,0.048,0.047,0.049,0.074,0.083,0.084
19,.,0.151,0.053,0.052,0.057,0.049,0.045,0.043,0.057,0.046,0.052,0.05,0.057,0.053,0.077,0.078,0.082
19,A1_1,0.208,0.049,0.045,0.047,0.045,0.045,0.043,0.049,0.044,0.044,0.046,0.048,0.046,0.08,0.079,0.081
19,A1_2,0.192,0.049,0.046,0.049,0.045,0.044,0.043,0.051,0.045,0.044,0.048,0.048,0.047,0.081,0.082,0.088
19,A1_3,0.206,0.05,0.044,0.049,0.044,0.044,0.041,0.049,0.043,0.046,0.048,0.047,0.043,0.082,0.077,0.085
19,B1_1,0.27,0.044,0.039,0.041,0.042,0.043,0.041,0.042,0.041,0.039,0.044,0.04,0.039,0.078,0.076,0.081
19,B1_2,0.338,0.039,0.04,0.038,0.039,0.044,0.044,0.033,0.04,0.039,0.039,0.037,0.036,0.072,0.063,0.06
19,B1_3,0.421,0.033,0.034,0.031,0.037,0.041,0.042,0.027,0.035,0.034,0.035,0.031,0.032,0.061,0.057,0.05
19,A2_1,0.377,0.033,0.037,0.032,0.038,0.043,0.046,0.031,0.037,0.034,0.035,0.035,0.034,0.065,0.066,0.056
19,A2_2,0.339,0.033,0.034,0.03,0.039,0.041,0.045,0.034,0.038,0.034,0.038,0.035,0.036,0.076,0.077,0.071
19,A2_3,0.248,0.042,0.041,0.04,0.043,0.044,0.044,0.044,0.043,0.04,0.043,0.043,0.044,0.079,0.081,0.081
19,B2_1,0.413,0.03,0.035,0.03,0.035,0.041,0.045,0.028,0.036,0.031,0.034,0.031,0.033,0.063,0.061,0.053
19,B2_2,0.409,0.033,0.034,0.031,0.039,0.039,0.041,0.029,0.034,0.036,0.037,0.032,0.032,0.062,0.059,0.053
19,B2_3,0.414,0.031,0.031,0.027,0.039,0.04,0.042,0.029,0.035,0.031,0.034,0.031,0.033,0.061,0.065,0.056
19,y1,0.312,0.037,0.036,0.033,0.042,0.042,0.044,0.036,0.04,0.038,0.041,0.038,0.039,0.076,0.076,0.071
19,y2,0.295,0.038,0.036,0.034,0.042,0.044,0.044,0.04,0.041,0.035,0.041,0.039,0.042,0.073,0.079,0.078
19,y3,0.215,0.042,0.041,0.042,0.047,0.044,0.046,0.048,0.044,0.043,0.048,0.048,0.049,0.075,0.084,0.084
20,.,0.142,0.053,0.052,0.058,0.049,0.045,0.043,0.058,0.046,0.053,0.05,0.058,0.053,0.078,0.079,0.084
20,A1_1,0.203,0.049,0.045,0.048,0.045,0.045,0.043,0.049,0.044,0.045,0.046,0.048,0.046,0.081,0.08,0.083
20,A1_2,0.185,0.049,0.045,0.049,0.045,0.044,0.043,0.052,0.045,0.045,0.048,0.048,0.047,0.082,0.083,0.09
20,A1_3,0.201,0.05,0.044,0.049,0.044,0.044,0.041,0.049,0.043,0.046,0.048,0.047,0.044,0.084,0.079,0.087
20,B1_1,0.277,0.044,0.038,0.04,0.041,0.043,0.041,0.041,0.041,0.039,0.043,0.039,0.038,0.079,0.076,0.081
20,B1_2,0.357,0.038,0.038,0.036,0.038,0.043,0.043,0.032,0.039,0.038,0.038,0.036,0.035,0.07,0.062,0.058
20,B1_3,0.45,0.031,0.032,0.029,0.035,0.039,0.041,0.025,0.033,0.032,0.033,0.029,0.03,0.058,0.054,0.047
20,A2_1,0.397,0.032,0.035,0.031,0.037,0.041,0.045,0.03,0.036,0.033,0.034,0.034,0.033,0.064,0.064,0.055
20,A2_2,0.352,0.032,0.033,0.029,0.038,0.04,0.044,0.033,0.037,0.033,0.037,0.034,0.035,0.075,0.077,0.071
20,A2_3,0.248,0.041,0.04,0.039,0.043,0.044,0.044,0.044,0.043,0.039,0.043,0.043,0.044,0.08,0.082,0.082
20,B2_1,0.438,0.029,0.033,0.028,0.033,0.039,0.043,0.026,0.034,0.029,0.032,0.03,0.032,0.061,0.059,0.051
20,B2_2,0.436,0.031,0.032,0.029,0.037,0.038,0.04,0.027,0.033,0.034,0.035,0.03,0.031,0.06,0.057,0.051
20,B2_3,0.443,0.029,0.029,0.025,0.037,0.038,0.04,0.027,0.033,0.029,0.032,0.029,0.032,0.058,0.063,0.054
20,y1,0.32,0.036,0.036,0.032,0.042,0.041,0.044,0.036,0.039,0.037,0.04,0.037,0.039,0.075,0.076,0.07
20,y2,0.3,0.037,0.036,0.034,0.041,0.043,0.044,0.04,0.041,0.034,0.04,0.039,0.041,0.072,0.08,0.078
20,y3,0.21,0.042,0.041,0.042,0.047,0.044,0.046,0.049,0.044,0.043,0.048,0.048,0.049,0.075,0.085,0.086
21,.,0.132,0.054,0.053,0.059,0.049,0.045,0.043,0.059,0.046,0.053,0.05,0.058,0.054,0.079,0.08,0.085
21,A1_1,0.198,0.049,0.045,0.048,0.045,0.045,0.043,0.05,0.044,0.045,0.046,0.049,0.046,0.083,0.081,0.084
21,A1_2,0.178,0.05,0.046,0.05,0.045,0.044,0.042,0.052,0.044,0.045,0.048,0.049,0.047,0.084,0.084,0.091
21,A1_3,0.195,0.051,0.044,0.05,0.044,0.044,0.041,0.05,0.043,0.046,0.048,0.047,0.044,0.085,0.08,0.089
21,B1_1,0.286,0.043,0.037,0.039,0.041,0.042,0.04,0.04,0.04,0.038,0.042,0.038,0.038,0.079,0.076,0.081
21,B1_2,0.381,0.036,0.036,0.034,0.036,0.042,0.042,0.03,0.037,0.037,0.036,0.034,0.034,0.069,0.06,0.056
21,B1_3,0.484,0.029,0.03,0.027,0.033,0.037,0.039,0.024,0.031,0.03,0.031,0.027,0.028,0.055,0.052,0.045
21,A2_1,0.418,0.03,0.033,0.029,0.036,0.04,0.043,0.029,0.034,0.032,0.033,0.032,0.032,0.062,0.063,0.053
21,A2_2,0.365,0.031,0.032,0.028,0.038,0.039,0.043,0.032,0.035,0.032,0.036,0.033,0.035,0.074,0.076,0.07
21,A2_3,0.247,0.041,0.04,0.039,0.043,0.043,0.043,0.044,0.042,0.039,0.043,0.043,0.044,0.08,0.083,0.083
21,B2_1,0.467,0.027,0.031,0.027,0.032,0.038,0.041,0.025,0.032,0.028,0.03,0.028,0.03,0.059,0.057,0.049
21,B2_2,0.467,0.03,0.03,0.027,0.035,0.036,0.038,0.025,0.031,0.032,0.033,0.028,0.029,0.057,0.054,0.048
21,B2_3,0.476,0.027,0.027,0.024,0.035,0.036,0.039,0.025,0.031,0.027,0.03,0.027,0.03,0.055,0.06,0.051
21,y1,0.328,0.036,0.035,0.032,0.041,0.041,0.043,0.035,0.038,0.037,0.04,0.037,0.038,0.075,0.076,0.07
21,y2,0.306,0.037,0.035,0.033,0.041,0.043,0.043,0.039,0.04,0.034,0.04,0.038,0.041,0.072,0.08,0.078
21,y3,0.205,0.043,0.042,0.042,0.048,0.044,0.046,0.049,0.043,0.044,0.048,0.049,0.05,0.076,0.086,0.087
22,.,0.123,0.055,0.054,0.06,0.049,0.045,0.043,0.06,0.047,0.054,0.051,0.059,0.054,0.08,0.081,0.086
22,A1_1,0.191,0.049,0.045,0.049,0.045,0.045,0.042,0.05,0.044,0.045,0.046,0.049,0.046,0.084,0.083,0.086
22,A1_2,0.169,0.05,0.046,0.05,0.045,0.044,0.042,0.053,0.045,0.046,0.049,0.049,0.048,0.085,0.086,0.093
22,A1_3,0.189,0.051,0.044,0.05,0.044,0.044,0.041,0.051,0.043,0.047,0.048,0.047,0.044,0.087,0.081,0.091
22,B1_1,0.297,0.042,0.036,0.038,0.04,0.042,0.04,0.039,0.039,0.037,0.042,0.037,0.037,0.079,0.075,0.08
22,B1_2,0.408,0.034,0.035,0.032,0.035,0.04,0.041,0.028,0.035,0.035,0.035,0.032,0.032,0.066,0.058,0.054
22,B1_3,0.52,0.026,0.028,0.024,0.031,0.035,0.036,0.021,0.029,0.028,0.029,0.025,0.026,0.052,0.049,0.042
22,A2_1,0.441,0.029,0.032,0.028,0.035,0.038,0.042,0.027,0.033,0.03,0.031,0.031,0.031,0.06,0.061,0.051
22,A2_2,0.379,0.03,0.031,0.027,0.037,0.038,0.042,0.031,0.034,0.031,0.035,0.032,0.034,0.073,0.076,0.069
22,A2_3,0.246,0.041,0.04,0.039,0.043,0.043,0.043,0.044,0.042,0.039,0.043,0.043,0.044,0.081,0.084,0.084
22,B2_1,0.497,0.025,0.029,0.025,0.03,0.036,0.039,0.023,0.03,0.026,0.029,0.026,0.028,0.056,0.054,0.046
22,B2_2,0.501,0.027,0.028,0.025,0.033,0.034,0.036,0.023,0.029,0.03,0.031,0.026,0.027,0.054,0.052,0.045
22,B2_3,0.512,0.024,0.025,0.022,0.033,0.034,0.036,0.023,0.028,0.025,0.028,0.025,0.028,0.052,0.056,0.047
22,y1,0.336,0.035,0.034,0.031,0.041,0.04,0.042,0.035,0.037,0.036,0.039,0.036,0.038,0.074,0.076,0.069
22,y2,0.31,0.036,0.035,0.033,0.041,0.042,0.043,0.039,0.039,0.033,0.04,0.038,0.041,0.072,0.08,0.078
22,y3,0.197,0.043,0.042,0.043,0.048,0.044,0.046,0.05,0.044,0.044,0.048,0.05,0.05,0.077,0.087,0.088
23,.,0.113,0.056,0.054,0.062,0.05,0.045,0.043,0.061,0.047,0.055,0.051,0.06,0.055,0.08,0.082,0.087
23,A1_1,0.185,0.05,0.045,0.049,0.045,0.045,0.042,0.051,0.045,0.046,0.047,0.049,0.046,0.085,0.084,0.087
23,A1_2,0.16,0.05,0.046,0.051,0.045,0.044,0.042,0.054,0.045,0.046,0.049,0.05,0.048,0.086,0.088,0.095
23,A1_3,0.182,0.051,0.044,0.051,0.044,0.044,0.04,0.051,0.043,0.047,0.048,0.048,0.044,0.088,0.083,0.093
23,B1_1,0.31,0.041,0.035,0.037,0.039,0.041,0.039,0.038,0.038,0.036,0.041,0.036,0.036,0.078,0.075,0.079
23,B1_2,0.44,0.032,0.032,0.03,0.033,0.039,0.039,0.026,0.033,0.033,0.033,0.03,0.03,0.063,0.056,0.051
23,B1_3,0.56,0.024,0.025,0.022,0.029,0.032,0.034,0.019,0.026,0.025,0.026,0.023,0.024,0.048,0.045,0.038
23,A2_1,0.464,0.027,0.03,0.026,0.034,0.037,0.04,0.026,0.031,0.029,0.03,0.03,0.03,0.057,0.06,0.049
23,A2_2,0.393,0.029,0.029,0.026,0.036,0.037,0.041,0.03,0.033,0.03,0.035,0.031,0.033,0.072,0.075,0.068
23,A2_3,0.243,0.041,0.04,0.039,0.043,0.043,0.043,0.044,0.042,0.039,0.043,0.044,0.044,0.082,0.085,0.085
23,B2_1,0.53,0.023,0.027,0.023,0.028,0.034,0.037,0.021,0.028,0.024,0.027,0.024,0.027,0.053,0.051,0.044
23,B2_2,0.537,0.025,0.026,0.023,0.031,0.032,0.033,0.021,0.027,0.027,0.029,0.024,0.025,0.05,0.048,0.042
23,B2_3,0.552,0.022,0.023,0.019,0.031,0.032,0.034,0.021,0.026,0.023,0.026,0.023,0.025,0.048,0.052,0.043
23,y1,0.344,0.034,0.033,0.031,0.041,0.039,0.042,0.034,0.036,0.036,0.039,0.036,0.037,0.074,0.075,0.069
23,y2,0.313,0.036,0.034,0.033,0.041,0.042,0.043,0.039,0.039,0.033,0.04,0.038,0.041,0.072,0.081,0.078
23,y3,0.189,0.043,0.042,0.044,0.048,0.044,0.046,0.051,0.044,0.044,0.048,0.05,0.051,0.078,0.089,0.089
24,.,0.103,0.056,0.055,0.063,0.05,0.045,0.043,0.062,0.048,0.056,0.051,0.06,0.055,0.081,0.083,0.088
24,A1_1,0.178,0.05,0.045,0.049,0.046,0.045,0.042,0.051,0.045,0.046,0.047,0.05,0.046,0.086,0.085,0.089
24,A1_2,0.151,0.051,0.046,0.052,0.045,0.044,0.042,0.055,0.045,0.046,0.049,0.05,0.048,0.088,0.089,0.097
24,A1_3,0.175,0.051,0.044,0.051,0.044,0.044,0.04,0.051,0.044,0.047,0.048,0.048,0.044,0.09,0.084,0.095
24,B1_1,0.327,0.039,0.034,0.036,0.038,0.04,0.038,0.036,0.037,0.035,0.04,0.035,0.035,0.078,0.074,0.078
24,B1_2,0.477,0.03,0.03,0.028,0.031,0.036,0.037,0.024,0.031,0.03,0.031,0.028,0.028,0.06,0.053,0.048
24,B1_3,0.602,0.021,0.022,0.019,0.026,0.029,0.031,0.017,0.024,0.023,0.024,0.02,0.022,0.043,0.041,0.035
24,A2_1,0.489,0.026,0.028,0.025,0.033,0.035,0.039,0.024,0.03,0.027,0.029,0.028,0.028,0.055,0.058,0.047
24,A2_2,0.408,0.028,0.028,0.025,0.035,0.036,0.04,0.029,0.032,0.029,0.034,0.03,0.032,0.071,0.074,0.068
24,A2_3,0.24,0.041,0.04,0.039,0.043,0.043,0.043,0.044,0.042,0.039,0.043,0.044,0.044,0.082,0.086,0.086
24,B2_1,0.565,0.021,0.025,0.021,0.026,0.031,0.035,0.019,0.026,0.022,0.025,0.022,0.025,0.049,0.048,0.041
24,B2_2,0.576,0.023,0.023,0.021,0.029,0.029,0.031,0.019,0.024,0.025,0.026,0.022,0.023,0.047,0.045,0.039
24,B2_3,0.594,0.02,0.02,0.017,0.028,0.029,0.031,0.018,0.023,0.02,0.024,0.021,0.023,0.044,0.048,0.039
24,y1,0.353,0.033,0.033,0.03,0.04,0.039,0.041,0.033,0.036,0.035,0.038,0.035,0.037,0.073,0.075,0.068
24,y2,0.316,0.035,0.034,0.032,0.041,0.041,0.042,0.038,0.038,0.033,0.039,0.038,0.041,0.071,0.081,0.078
24,y3,0.18,0.044,0.042,0.044,0.049,0.044,0.046,0.051,0.044,0.045,0.049,0.051,0.052,0.078,0.09,0.091
25,.,0.094,0.057,0.056,0.065,0.05,0.044,0.043,0.063,0.048,0.057,0.052,0.061,0.055,0.082,0.084,0.089
25,A1_1,0.17,0.05,0.045,0.05,0.046,0.045,0.042,0.052,0.045,0.046,0.047,0.05,0.047,0.088,0.087,0.09
25,A1_2,0.141,0.051,0.047,0.052,0.046,0.044,0.042,0.056,0.046,0.047,0.049,0.051,0.048,0.089,0.091,0.1
25,A1_3,0.166,0.051,0.045,0.051,0.044,0.044,0.04,0.052,0.044,0.047,0.049,0.048,0.044,0.092,0.086,0.097
25,B1_1,0.346,0.037,0.032,0.034,0.037,0.04,0.038,0.035,0.036,0.034,0.039,0.034,0.034,0.077,0.072,0.076
25,B1_2,0.517,0.027,0.027,0.025,0.029,0.034,0.035,0.022,0.029,0.028,0.028,0.025,0.026,0.055,0.049,0.044
25,B1_3,0.644,0.019,0.02,0.017,0.023,0.027,0.028,0.015,0.021,0.02,0.021,0.018,0.019,0.039,0.037,0.031
25,A2_1,0.512,0.024,0.027,0.023,0.031,0.034,0.037,0.023,0.028,0.026,0.027,0.027,0.027,0.053,0.056,0.045
25,A2_2,0.42,0.026,0.027,0.024,0.035,0.035,0.039,0.028,0.031,0.028,0.033,0.03,0.032,0.07,0.074,0.067
