,,.,A1_1,A1_2,A1_3,B1_1,B1_2,B1_3,A2_1,A2_2,A2_3,B2_1,B2_2,B2_3,y1,y2,y3
0,.,1.0,0.645,0.481,0.467,0.442,0.354,0.588,0.623,0.37,0.58,0.559,0.469,0.053,0.367,0.661,0.731
0,A1_1,0.645,1.0,0.852,0.89,0.814,0.744,0.745,0.491,0.844,0.736,0.859,0.19,0.301,0.578,0.637,0.706
0,A1_2,0.481,0.852,1.0,0.883,0.852,0.871,0.714,0.664,0.866,0.843,0.788,0.494,0.481,0.855,0.551,0.74
0,A1_3,0.467,0.89,0.883,1.0,0.925,0.827,0.722,0.559,0.787,0.841,0.864,0.216,0.305,0.746,0.579,0.647
0,B1_1,0.442,0.814,0.852,0.925,1.0,0.735,0.653,0.662,0.693,0.72,0.82,0.308,0.457,0.71,0.671,0.71
0,B1_2,0.354,0.744,0.871,0.827,0.735,1.0,0.629,0.488,0.811,0.79,0.69,0.489,0.452,0.774,0.302,0.689
0,B1_3,0.588,0.745,0.714,0.722,0.653,0.629,1.0,0.379,0.537,0.847,0.721,0.455,-0.033,0.698,0.579,0.516
0,A2_1,0.623,0.491,0.664,0.559,0.662,0.488,0.379,1.0,0.346,0.541,0.41,0.626,0.599,0.701,0.53,0.743
0,A2_2,0.37,0.844,0.866,0.787,0.693,0.811,0.537,0.346,1.0,0.66,0.791,0.173,0.379,0.539,0.352,0.544
0,A2_3,0.58,0.736,0.843,0.841,0.72,0.79,0.847,0.541,0.66,1.0,0.742,0.546,0.023,0.827,0.528,0.627
0,B2_1,0.559,0.859,0.788,0.864,0.82,0.69,0.721,0.41,0.791,0.742,1.0,0.207,0.233,0.612,0.762,0.619
0,B2_2,0.469,0.19,0.494,0.216,0.308,0.489,0.455,0.626,0.173,0.546,0.207,1.0,0.301,0.653,0.343,0.643
0,B2_3,0.053,0.301,0.481,0.305,0.457,0.452,-0.033,0.599,0.379,0.023,0.233,0.301,1.0,0.438,0.203,0.508
0,y1,0.367,0.578,0.855,0.746,0.71,0.774,0.698,0.701,0.539,0.827,0.612,0.653,0.438,1.0,0.505,0.644
0,y2,0.661,0.637,0.551,0.579,0.671,0.302,0.579,0.53,0.352,0.528,0.762,0.343,0.203,0.505,1.0,0.693
0,y3,0.731,0.706,0.74,0.647,0.71,0.689,0.516,0.743,0.544,0.627,0.619,0.643,0.508,0.644,0.693,1.0
500,.,1.0,-0.142,-0.166,-0.053,-0.168,-0.067,-0.033,-0.154,-0.256,-0.227,0.069,-0.053,-0.085,-0.884,-0.862,-0.885
500,A1_1,-0.142,1.0,0.963,0.896,-0.449,-0.595,-0.535,0.968,0.928,0.976,-0.734,-0.469,-0.552,0.014,-0.003,0.008
500,A1_2,-0.166,0.963,1.0,0.972,-0.484,-0.598,-0.604,0.975,0.89,0.961,-0.853,-0.52,-0.649,0.054,0.047,0.049
500,A1_3,-0.053,0.896,0.972,1.0,-0.503,-0.579,-0.629,0.942,0.797,0.882,-0.884,-0.52,-0.683,-0.019,-0.013,-0.021
500,B1_1,-0.168,-0.449,-0.484,-0.503,1.0,0.924,0.942,-0.533,-0.582,-0.539,0.767,0.945,0.875,-0.053,-0.083,-0.067
500,B1_2,-0.067,-0.595,-0.598,-0.579,0.924,1.0,0.949,-0.653,-0.726,-0.674,0.807,0.958,0.868,-0.034,-0.041,-0.05
500,B1_3,-0.033,-0.535,-0.604,-0.629,0.942,0.949,1.0,-0.658,-0.685,-0.63,0.877,0.944,0.88,-0.079,-0.108,-0.104
500,A2_1,-0.154,0.968,0.975,0.942,-0.533,-0.653,-0.658,1.0,0.946,0.967,-0.836,-0.536,-0.622,0.025,0.022,0.028
500,A2_2,-0.256,0.928,0.89,0.797,-0.582,-0.726,-0.685,0.946,1.0,0.969,-0.772,-0.595,-0.602,0.111,0.098,0.116
500,A2_3,-0.227,0.976,0.961,0.882,-0.539,-0.674,-0.63,0.967,0.969,1.0,-0.809,-0.575,-0.65,0.103,0.084,0.096
500,B2_1,0.069,-0.734,-0.853,-0.884,0.767,0.807,0.877,-0.836,-0.772,-0.809,1.0,0.807,0.906,-0.079,-0.091,-0.085
500,B2_2,-0.053,-0.469,-0.52,-0.52,0.945,0.958,0.944,-0.536,-0.595,-0.575,0.807,1.0,0.926,-0.128,-0.14,-0.139
500,B2_3,-0.085,-0.552,-0.649,-0.683,0.875,0.868,0.88,-0.622,-0.602,-0.65,0.906,0.926,1.0,-0.061,-0.062,-0.053
500,y1,-0.884,0.014,0.054,-0.019,-0.053,-0.034,-0.079,0.025,0.111,0.103,-0.079,-0.128,-0.061,1.0,0.993,0.996
500,y2,-0.862,-0.003,0.047,-0.013,-0.083,-0.041,-0.108,0.022,0.098,0.084,-0.091,-0.14,-0.062,0.993,1.0,0.997
500,y3,-0.885,0.008,0.049,-0.021,-0.067,-0.05,-0.104,0.028,0.116,0.096,-0.085,-0.139,-0.053,0.996,0.997,1.0
1000,.,1.0,-0.228,-0.291,-0.309,-0.229,-0.277,-0.174,-0.266,-0.269,-0.234,-0.217,-0.307,-0.392,-0.855,-0.86,-0.845
1000,A1_1,-0.228,1.0,0.984,0.982,-0.401,-0.411,-0.392,0.922,0.979,0.99,-0.423,-0.319,-0.299,0.068,0.075,0.058
1000,A1_2,-0.291,0.984,1.0,0.993,-0.436,-0.431,-0.436,0.934,0.98,0.987,-0.456,-0.345,-0.3,0.134,0.158,0.139
1000,A1_3,-0.309,0.982,0.993,1.0,-0.409,-0.423,-0.413,0.962,0.995,0.977,-0.443,-0.328,-0.29,0.15,0.175,0.154
1000,B1_1,-0.229,-0.401,-0.436,-0.409,1.0,0.977,0.994,-0.295,-0.373,-0.497,0.988,0.967,0.909,0.085,0.078,0.048
1000,B1_2,-0.277,-0.411,-0.431,-0.423,0.977,1.0,0.972,-0.354,-0.406,-0.491,0.994,0.98,0.94,0.125,0.113,0.097
1000,B1_3,-0.174,-0.392,-0.436,-0.413,0.994,0.972,1.0,-0.308,-0.375,-0.489,0.989,0.968,0.904,0.021,0.013,-0.018
1000,A2_1,-0.266,0.922,0.934,0.962,-0.295,-0.354,-0.308,1.0,0.978,0.902,-0.357,-0.263,-0.255,0.139,0.177,0.137
1000,A2_2,-0.269,0.979,0.98,0.995,-0.373,-0.406,-0.375,0.978,1.0,0.965,-0.417,-0.306,-0.282,0.109,0.135,0.11
1000,A2_3,-0.234,0.99,0.987,0.977,-0.497,-0.491,-0.489,0.902,0.965,1.0,-0.508,-0.414,-0.388,0.111,0.119,0.107
1000,B2_1,-0.217,-0.423,-0.456,-0.443,0.988,0.994,0.989,-0.357,-0.417,-0.508,1.0,0.972,0.912,0.08,0.065,0.042
1000,B2_2,-0.307,-0.319,-0.345,-0.328,0.967,0.98,0.968,-0.263,-0.306,-0.414,0.972,1.0,0.974,0.093,0.085,0.068
1000,B2_3,-0.392,-0.299,-0.3,-0.29,0.909,0.94,0.904,-0.255,-0.282,-0.388,0.912,0.974,1.0,0.13,0.136,0.126
1000,y1,-0.855,0.068,0.134,0.15,0.085,0.125,0.021,0.139,0.109,0.111,0.08,0.093,0.13,1.0,0.99,0.986
1000,y2,-0.86,0.075,0.158,0.175,0.078,0.113,0.013,0.177,0.135,0.119,0.065,0.085,0.136,0.99,1.0,0.991
1000,y3,-0.845,0.058,0.139,0.154,0.048,0.097,-0.018,0.137,0.11,0.107,0.042,0.068,0.126,0.986,0.991,1.0
1500,.,1.0,-0.255,-0.416,-0.303,-0.178,-0.426,-0.275,-0.358,-0.233,-0.349,-0.251,-0.377,-0.337,-0.706,-0.712,-0.762
1500,A1_1,-0.255,1.0,0.924,0.97,-0.305,-0.245,-0.158,0.962,0.962,0.953,-0.273,-0.338,-0.287,-0.027,-0.055,-0.027
1500,A1_2,-0.416,0.924,1.0,0.925,-0.333,-0.188,-0.155,0.906,0.974,0.964,-0.282,-0.254,-0.261,0.054,0.05,0.065
1500,A1_3,-0.303,0.97,0.925,1.0,-0.412,-0.342,-0.28,0.961,0.952,0.969,-0.374,-0.452,-0.384,0.128,0.101,0.127
1500,B1_1,-0.178,-0.305,-0.333,-0.412,1.0,0.886,0.975,-0.373,-0.376,-0.4,0.974,0.859,0.951,0.136,0.134,0.125
1500,B1_2,-0.426,-0.245,-0.188,-0.342,0.886,1.0,0.923,-0.281,-0.298,-0.329,0.94,0.978,0.971,0.137,0.15,0.186
1500,B1_3,-0.275,-0.158,-0.155,-0.28,0.975,0.923,1.0,-0.237,-0.216,-0.255,0.972,0.896,0.958,0.101,0.102,0.104
1500,A2_1,-0.358,0.962,0.906,0.961,-0.373,-0.281,-0.237,1.0,0.911,0.967,-0.333,-0.368,-0.352,0.123,0.108,0.122
1500,A2_2,-0.233,0.962,0.974,0.952,-0.376,-0.298,-0.216,0.911,1.0,0.965,-0.343,-0.374,-0.342,-0.065,-0.082,-0.069
1500,A2_3,-0.349,0.953,0.964,0.969,-0.4,-0.329,-0.255,0.967,0.965,1.0,-0.375,-0.406,-0.382,0.125,0.115,0.113
1500,B2_1,-0.251,-0.273,-0.282,-0.374,0.974,0.94,0.972,-0.333,-0.343,-0.375,1.0,0.911,0.98,0.117,0.125,0.13
1500,B2_2,-0.377,-0.338,-0.254,-0.452,0.859,0.978,0.896,-0.368,-0.374,-0.406,0.911,1.0,0.945,0.05,0.074,0.1
1500,B2_3,-0.337,-0.287,-0.261,-0.384,0.951,0.971,0.958,-0.352,-0.342,-0.382,0.98,0.945,1.0,0.136,0.142,0.165
1500,y1,-0.706,-0.027,0.054,0.128,0.136,0.137,0.101,0.123,-0.065,0.125,0.117,0.05,0.136,1.0,0.994,0.99
1500,y2,-0.712,-0.055,0.05,0.101,0.134,0.15,0.102,0.108,-0.082,0.115,0.125,0.074,0.142,0.994,1.0,0.985
1500,y3,-0.762,-0.027,0.065,0.127,0.125,0.186,0.104,0.122,-0.069,0.113,0.13,0.1,0.165,0.99,0.985,1.0
2000,.,1.0,-0.156,-0.237,-0.171,-0.231,-0.174,-0.144,-0.269,-0.069,-0.222,-0.227,-0.299,-0.271,-0.629,-0.671,-0.657
2000,A1_1,-0.156,1.0,0.985,0.98,-0.214,-0.329,-0.201,0.936,0.982,0.976,-0.235,-0.264,-0.303,-0.008,-0.012,-0.038
2000,A1_2,-0.237,0.985,1.0,0.981,-0.288,-0.396,-0.287,0.944,0.963,0.991,-0.305,-0.324,-0.357,0.106,0.096,0.064
2000,A1_3,-0.171,0.98,0.981,1.0,-0.353,-0.469,-0.352,0.919,0.979,0.994,-0.368,-0.413,-0.452,0.084,0.065,0.057
2000,B1_1,-0.231,-0.214,-0.288,-0.353,1.0,0.974,0.984,-0.212,-0.313,-0.371,0.995,0.949,0.915,-0.267,-0.185,-0.227
2000,B1_2,-0.174,-0.329,-0.396,-0.469,0.974,1.0,0.967,-0.333,-0.441,-0.485,0.973,0.943,0.947,-0.203,-0.125,-0.17
2000,B1_3,-0.144,-0.201,-0.287,-0.352,0.984,0.967,1.0,-0.192,-0.298,-0.371,0.983,0.949,0.892,-0.344,-0.262,-0.306
2000,A2_1,-0.269,0.936,0.944,0.919,-0.212,-0.333,-0.192,1.0,0.907,0.94,-0.238,-0.26,-0.327,0.032,0.016,-0.016
2000,A2_2,-0.069,0.982,0.963,0.979,-0.313,-0.441,-0.298,0.907,1.0,0.969,-0.334,-0.369,-0.417,-0.085,-0.092,-0.104
2000,A2_3,-0.222,0.976,0.991,0.994,-0.371,-0.485,-0.371,0.94,0.969,1.0,-0.387,-0.413,-0.454,0.129,0.108,0.092
2000,B2_1,-0.227,-0.235,-0.305,-0.368,0.995,0.973,0.983,-0.238,-0.334,-0.387,1.0,0.947,0.895,-0.244,-0.159,-0.203
2000,B2_2,-0.299,-0.264,-0.324,-0.413,0.949,0.943,0.949,-0.26,-0.369,-0.413,0.947,1.0,0.947,-0.159,-0.064,-0.116
2000,B2_3,-0.271,-0.303,-0.357,-0.452,0.915,0.947,0.892,-0.327,-0.417,-0.454,0.895,0.947,1.0,-0.116,-0.033,-0.081
2000,y1,-0.629,-0.008,0.106,0.084,-0.267,-0.203,-0.344,0.032,-0.085,0.129,-0.244,-0.159,-0.116,1.0,0.989,0.987
2000,y2,-0.671,-0.012,0.096,0.065,-0.185,-0.125,-0.262,0.016,-0.092,0.108,-0.159,-0.064,-0.033,0.989,1.0,0.989
2000,y3,-0.657,-0.038,0.064,0.057,-0.227,-0.17,-0.306,-0.016,-0.104,0.092,-0.203,-0.116,-0.081,0.987,0.989,1.0
2500,.,1.0,-0.152,-0.205,-0.135,-0.256,-0.265,-0.225,-0.28,-0.165,-0.167,-0.251,-0.269,-0.328,-0.703,-0.722,-0.737
2500,A1_1,-0.152,1.0,0.988,0.995,-0.437,-0.516,-0.447,0.938,0.977,0.985,-0.448,-0.509,-0.55,0.008,0.092,0.079
2500,A1_2,-0.205,0.988,1.0,0.978,-0.42,-0.486,-0.436,0.955,0.986,0.975,-0.424,-0.493,-0.512,0.049,0.128,0.12
2500,A1_3,-0.135,0.995,0.978,1.0,-0.477,-0.557,-0.487,0.922,0.972,0.992,-0.487,-0.551,-0.595,-0.003,0.086,0.073
2500,B1_1,-0.256,-0.437,-0.42,-0.477,1.0,0.983,0.976,-0.332,-0.402,-0.542,0.99,0.976,0.932,0.058,0.012,0.138
2500,B1_2,-0.265,-0.516,-0.486,-0.557,0.983,1.0,0.973,-0.41,-0.483,-0.612,0.989,0.988,0.973,0.125,0.074,0.182
2500,B1_3,-0.225,-0.447,-0.436,-0.487,0.976,0.973,1.0,-0.355,-0.422,-0.557,0.989,0.99,0.931,0.027,-0.016,0.092
2500,A2_1,-0.28,0.938,0.955,0.922,-0.332,-0.41,-0.355,1.0,0.969,0.919,-0.342,-0.42,-0.464,0.071,0.128,0.152
2500,A2_2,-0.165,0.977,0.986,0.972,-0.402,-0.483,-0.422,0.969,1.0,0.96,-0.407,-0.49,-0.524,-0.06,0.015,0.025
2500,A2_3,-0.167,0.985,0.975,0.992,-0.542,-0.612,-0.557,0.919,0.96,1.0,-0.551,-0.613,-0.642,0.08,0.167,0.145
2500,B2_1,-0.251,-0.448,-0.424,-0.487,0.99,0.989,0.989,-0.342,-0.407,-0.551,1.0,0.986,0.944,0.056,0.012,0.133
2500,B2_2,-0.269,-0.509,-0.493,-0.551,0.976,0.988,0.99,-0.42,-0.49,-0.613,0.986,1.0,0.97,0.091,0.044,0.138
2500,B2_3,-0.328,-0.55,-0.512,-0.595,0.932,0.973,0.931,-0.464,-0.524,-0.642,0.944,0.97,1.0,0.15,0.102,0.174
2500,y1,-0.703,0.008,0.049,-0.003,0.058,0.125,0.027,0.071,-0.06,0.08,0.056,0.091,0.15,1.0,0.985,0.969
2500,y2,-0.722,0.092,0.128,0.086,0.012,0.074,-0.016,0.128,0.015,0.167,0.012,0.044,0.102,0.985,1.0,0.979
2500,y3,-0.737,0.079,0.12,0.073,0.138,0.182,0.092,0.152,0.025,0.145,0.133,0.138,0.174,0.969,0.979,1.0
3000,.,1.0,-0.073,-0.15,-0.097,-0.123,-0.11,-0.038,-0.106,-0.105,-0.156,-0.04,-0.173,-0.117,-0.516,-0.598,-0.543
3000,A1_1,-0.073,1.0,0.953,0.978,-0.578,-0.633,-0.539,0.984,0.98,0.842,-0.576,-0.564,-0.669,0.001,0.002,0.012
3000,A1_2,-0.15,0.953,1.0,0.977,-0.62,-0.644,-0.577,0.951,0.982,0.956,-0.611,-0.595,-0.67,0.076,0.106,0.118
3000,A1_3,-0.097,0.978,0.977,1.0,-0.687,-0.719,-0.648,0.987,0.998,0.897,-0.682,-0.666,-0.746,0.038,0.047,0.058
3000,B1_1,-0.123,-0.578,-0.62,-0.687,1.0,0.985,0.968,-0.685,-0.661,-0.565,0.972,0.989,0.976,0.038,0.072,0.094
3000,B1_2,-0.11,-0.633,-0.644,-0.719,0.985,1.0,0.972,-0.73,-0.693,-0.561,0.981,0.986,0.994,0.08,0.122,0.15
3000,B1_3,-0.038,-0.539,-0.577,-0.648,0.968,0.972,1.0,-0.651,-0.616,-0.512,0.993,0.978,0.946,-0.071,-0.024,-0.0
3000,A2_1,-0.106,0.984,0.951,0.987,-0.685,-0.73,-0.651,1.0,0.982,0.839,-0.681,-0.668,-0.755,0.068,0.061,0.062
3000,A2_2,-0.105,0.98,0.982,0.998,-0.661,-0.693,-0.616,0.982,1.0,0.905,-0.653,-0.635,-0.722,0.014,0.028,0.041
3000,A2_3,-0.156,0.842,0.956,0.897,-0.565,-0.561,-0.512,0.839,0.905,1.0,-0.558,-0.533,-0.591,0.075,0.134,0.159
3000,B2_1,-0.04,-0.576,-0.611,-0.682,0.972,0.981,0.993,-0.681,-0.653,-0.558,1.0,0.979,0.966,-0.012,0.026,0.049
3000,B2_2,-0.173,-0.564,-0.595,-0.666,0.989,0.986,0.978,-0.668,-0.635,-0.533,0.979,1.0,0.971,0.026,0.073,0.092
3000,B2_3,-0.117,-0.669,-0.67,-0.746,0.976,0.994,0.946,-0.755,-0.722,-0.591,0.966,0.971,1.0,0.134,0.169,0.196
3000,y1,-0.516,0.001,0.076,0.038,0.038,0.08,-0.071,0.068,0.014,0.075,-0.012,0.026,0.134,1.0,0.986,0.977
3000,y2,-0.598,0.002,0.106,0.047,0.072,0.122,-0.024,0.061,0.028,0.134,0.026,0.073,0.169,0.986,1.0,0.992
3000,y3,-0.543,0.012,0.118,0.058,0.094,0.15,-0.0,0.062,0.041,0.159,0.049,0.092,0.196,0.977,0.992,1.0
3500,.,1.0,0.111,0.057,0.167,-0.215,-0.214,-0.193,0.152,0.014,0.08,-0.183,-0.174,-0.246,-0.539,-0.543,-0.679
3500,A1_1,0.111,1.0,0.985,0.986,-0.342,-0.407,-0.33,0.985,0.969,0.993,-0.427,-0.426,-0.529,0.007,0.016,-0.016
3500,A1_2,0.057,0.985,1.0,0.978,-0.439,-0.505,-0.436,0.975,0.993,0.99,-0.521,-0.515,-0.606,0.102,0.105,0.083
3500,A1_3,0.167,0.986,0.978,1.0,-0.408,-0.473,-0.408,0.994,0.957,0.983,-0.498,-0.486,-0.586,0.017,0.018,-0.015
3500,B1_1,-0.215,-0.342,-0.439,-0.408,1.0,0.978,0.933,-0.415,-0.481,-0.422,0.922,0.971,0.952,-0.023,-0.001,0.011
3500,B1_2,-0.214,-0.407,-0.505,-0.473,0.978,1.0,0.977,-0.485,-0.546,-0.48,0.977,0.981,0.981,-0.044,-0.002,0.002
3500,B1_3,-0.193,-0.33,-0.436,-0.408,0.933,0.977,1.0,-0.417,-0.471,-0.403,0.99,0.954,0.933,-0.143,-0.084,-0.081
3500,A2_1,0.152,0.985,0.975,0.994,-0.415,-0.485,-0.417,1.0,0.964,0.986,-0.512,-0.496,-0.6,0.018,0.016,-0.018
3500,A2_2,0.014,0.969,0.993,0.957,-0.481,-0.546,-0.471,0.964,1.0,0.98,-0.556,-0.559,-0.641,0.106,0.108,0.093
3500,A2_3,0.08,0.993,0.99,0.983,-0.422,-0.48,-0.403,0.986,0.98,1.0,-0.494,-0.496,-0.594,0.053,0.061,0.029
3500,B2_1,-0.183,-0.427,-0.521,-0.498,0.922,0.977,0.99,-0.512,-0.556,-0.494,1.0,0.963,0.96,-0.115,-0.058,-0.054
3500,B2_2,-0.174,-0.426,-0.515,-0.486,0.971,0.981,0.954,-0.496,-0.559,-0.496,0.963,1.0,0.967,-0.011,0.019,0.025
3500,B2_3,-0.246,-0.529,-0.606,-0.586,0.952,0.981,0.933,-0.6,-0.641,-0.594,0.96,0.967,1.0,0.022,0.056,0.071
3500,y1,-0.539,0.007,0.102,0.017,-0.023,-0.044,-0.143,0.018,0.106,0.053,-0.115,-0.011,0.022,1.0,0.99,0.976
3500,y2,-0.543,0.016,0.105,0.018,-0.001,-0.002,-0.084,0.016,0.108,0.061,-0.058,0.019,0.056,0.99,1.0,0.967
3500,y3,-0.679,-0.016,0.083,-0.015,0.011,0.002,-0.081,-0.018,0.093,0.029,-0.054,0.025,0.071,0.976,0.967,1.0
4000,.,1.0,0.013,-0.115,-0.045,-0.097,-0.199,-0.197,0.121,0.025,-0.03,-0.236,-0.217,-0.217,-0.596,-0.719,-0.648
4000,A1_1,0.013,1.0,0.94,0.959,-0.217,-0.193,-0.227,0.954,0.91,0.991,-0.193,-0.231,-0.23,0.114,0.139,0.128
4000,A1_2,-0.115,0.94,1.0,0.971,-0.356,-0.333,-0.341,0.919,0.964,0.943,-0.33,-0.353,-0.35,0.236,0.293,0.266
4000,A1_3,-0.045,0.959,0.971,1.0,-0.44,-0.406,-0.437,0.963,0.948,0.97,-0.402,-0.437,-0.429,0.169,0.216,0.182
4000,B1_1,-0.097,-0.217,-0.356,-0.44,1.0,0.978,0.975,-0.342,-0.351,-0.306,0.968,0.981,0.981,0.124,0.028,0.098
4000,B1_2,-0.199,-0.193,-0.333,-0.406,0.978,1.0,0.989,-0.305,-0.318,-0.271,0.995,0.997,0.991,0.187,0.098,0.143
4000,B1_3,-0.197,-0.227,-0.341,-0.437,0.975,0.989,1.0,-0.345,-0.33,-0.306,0.981,0.995,0.982,0.142,0.063,0.115
4000,A2_1,0.121,0.954,0.919,0.963,-0.342,-0.305,-0.345,1.0,0.958,0.947,-0.314,-0.347,-0.334,0.096,0.092,0.06
4000,A2_2,0.025,0.91,0.964,0.948,-0.351,-0.318,-0.33,0.958,1.0,0.904,-0.327,-0.344,-0.337,0.175,0.191,0.155
4000,A2_3,-0.03,0.991,0.943,0.97,-0.306,-0.271,-0.306,0.947,0.904,1.0,-0.271,-0.31,-0.312,0.13,0.169,0.151
4000,B2_1,-0.236,-0.193,-0.33,-0.402,0.968,0.995,0.981,-0.314,-0.327,-0.271,1.0,0.991,0.985,0.197,0.121,0.156
4000,B2_2,-0.217,-0.231,-0.353,-0.437,0.981,0.997,0.995,-0.347,-0.344,-0.31,0.991,1.0,0.994,0.195,0.11,0.16
4000,B2_3,-0.217,-0.23,-0.35,-0.429,0.981,0.991,0.982,-0.334,-0.337,-0.312,0.985,0.994,1.0,0.245,0.15,0.2
4000,y1,-0.596,0.114,0.236,0.169,0.124,0.187,0.142,0.096,0.175,0.13,0.197,0.195,0.245,1.0,0.974,0.971
4000,y2,-0.719,0.139,0.293,0.216,0.028,0.098,0.063,0.092,0.191,0.169,0.121,0.11,0.15,0.974,1.0,0.98
4000,y3,-0.648,0.128,0.266,0.182,0.098,0.143,0.115,0.06,0.155,0.151,0.156,0.16,0.2,0.971,0.98,1.0
4500,.,1.0,-0.085,-0.102,-0.181,-0.319,-0.242,-0.328,-0.177,-0.189,-0.166,-0.265,-0.317,-0.308,-0.823,-0.861,-0.868
4500,A1_1,-0.085,1.0,0.916,0.979,-0.344,-0.349,-0.364,0.969,0.978,0.967,-0.393,-0.449,-0.46,0.276,0.245,0.221
4500,A1_2,-0.102,0.916,1.0,0.953,-0.432,-0.472,-0.444,0.942,0.941,0.904,-0.504,-0.553,-0.569,0.262,0.242,0.22
4500,A1_3,-0.181,0.979,0.953,1.0,-0.329,-0.364,-0.347,0.981,0.997,0.98,-0.395,-0.437,-0.453,0.34,0.318,0.297
4500,B1_1,-0.319,-0.344,-0.432,-0.329,1.0,0.981,0.976,-0.37,-0.324,-0.333,0.95,0.932,0.965,0.371,0.363,0.396
4500,B1_2,-0.242,-0.349,-0.472,-0.364,0.981,1.0,0.966,-0.404,-0.36,-0.357,0.966,0.922,0.967,0.306,0.291,0.325
4500,B1_3,-0.328,-0.364,-0.444,-0.347,0.976,0.966,1.0,-0.378,-0.337,-0.351,0.986,0.95,0.97,0.305,0.314,0.355
4500,A2_1,-0.177,0.969,0.942,0.981,-0.37,-0.404,-0.378,1.0,0.977,0.941,-0.418,-0.502,-0.498,0.355,0.341,0.318
4500,A2_2,-0.189,0.978,0.941,0.997,-0.324,-0.36,-0.337,0.977,1.0,0.987,-0.385,-0.413,-0.448,0.339,0.319,0.299
4500,A2_3,-0.166,0.967,0.904,0.98,-0.333,-0.357,-0.351,0.941,0.987,1.0,-0.392,-0.395,-0.442,0.318,0.292,0.273
4500,B2_1,-0.265,-0.393,-0.504,-0.395,0.95,0.966,0.986,-0.418,-0.385,-0.392,1.0,0.932,0.974,0.231,0.243,0.284
4500,B2_2,-0.317,-0.449,-0.553,-0.437,0.932,0.922,0.95,-0.502,-0.413,-0.395,0.932,1.0,0.958,0.209,0.215,0.255
4500,B2_3,-0.308,-0.46,-0.569,-0.453,0.965,0.967,0.97,-0.498,-0.448,-0.442,0.974,0.958,1.0,0.242,0.247,0.286
4500,y1,-0.823,0.276,0.262,0.34,0.371,0.306,0.305,0.355,0.339,0.318,0.231,0.209,0.242,1.0,0.993,0.99
4500,y2,-0.861,0.245,0.242,0.318,0.363,0.291,0.314,0.341,0.319,0.292,0.243,0.215,0.247,0.993,1.0,0.998
4500,y3,-0.868,0.221,0.22,0.297,0.396,0.325,0.355,0.318,0.299,0.273,0.284,0.255,0.286,0.99,0.998,1.0
5000,.,1.0,-0.199,-0.08,-0.101,-0.524,-0.271,-0.476,-0.285,-0.276,-0.282,-0.094,-0.124,-0.13,-0.877,-0.908,-0.912
5000,A1_1,-0.199,1.0,0.949,0.922,-0.128,-0.324,-0.175,0.936,0.931,0.935,-0.517,-0.493,-0.497,0.104,0.077,0.113
5000,A1_2,-0.08,0.949,1.0,0.948,-0.199,-0.325,-0.212,0.814,0.82,0.819,-0.469,-0.451,-0.467,-0.058,-0.077,-0.021
5000,A1_3,-0.101,0.922,0.948,1.0,-0.107,-0.223,-0.131,0.785,0.781,0.785,-0.377,-0.357,-0.37,-0.034,-0.06,-0.006
5000,B1_1,-0.524,-0.128,-0.199,-0.107,1.0,0.927,0.978,-0.24,-0.263,-0.244,0.743,0.77,0.789,0.519,0.475,0.502
5000,B1_2,-0.271,-0.324,-0.325,-0.223,0.927,1.0,0.929,-0.492,-0.519,-0.499,0.905,0.923,0.94,0.299,0.243,0.285
5000,B1_3,-0.476,-0.175,-0.212,-0.131,0.978,0.929,1.0,-0.3,-0.313,-0.297,0.733,0.76,0.777,0.413,0.381,0.414
5000,A2_1,-0.285,0.936,0.814,0.785,-0.24,-0.492,-0.3,1.0,0.997,0.999,-0.67,-0.649,-0.648,0.185,0.182,0.187
5000,A2_2,-0.276,0.931,0.82,0.781,-0.263,-0.519,-0.313,0.997,1.0,0.999,-0.699,-0.679,-0.68,0.154,0.158,0.161
5000,A2_3,-0.282,0.935,0.819,0.785,-0.244,-0.499,-0.297,0.999,0.999,1.0,-0.679,-0.658,-0.659,0.166,0.166,0.171
5000,B2_1,-0.094,-0.517,-0.469,-0.377,0.743,0.905,0.733,-0.67,-0.699,-0.679,1.0,0.999,0.993,0.131,0.08,0.114
5000,B2_2,-0.124,-0.493,-0.451,-0.357,0.77,0.923,0.76,-0.649,-0.679,-0.658,0.999,1.0,0.996,0.16,0.107,0.143
5000,B2_3,-0.13,-0.497,-0.467,-0.37,0.789,0.94,0.777,-0.648,-0.68,-0.659,0.993,0.996,1.0,0.181,0.127,0.161
5000,y1,-0.877,0.104,-0.058,-0.034,0.519,0.299,0.413,0.185,0.154,0.166,0.131,0.16,0.181,1.0,0.992,0.99
5000,y2,-0.908,0.077,-0.077,-0.06,0.475,0.243,0.381,0.182,0.158,0.166,0.08,0.107,0.127,0.992,1.0,0.994
5000,y3,-0.912,0.113,-0.021,-0.006,0.502,0.285,0.414,0.187,0.161,0.171,0.114,0.143,0.161,0.99,0.994,1.0
5500,.,1.0,-0.254,-0.263,-0.247,-0.277,-0.197,-0.238,-0.198,-0.254,-0.265,-0.223,-0.258,-0.268,-0.846,-0.868,-0.879
5500,A1_1,-0.254,1.0,0.992,0.993,-0.293,-0.323,-0.331,0.985,0.991,0.989,-0.367,-0.305,-0.313,0.275,0.206,0.198
5500,A1_2,-0.263,0.992,1.0,0.988,-0.351,-0.377,-0.392,0.977,0.998,0.998,-0.424,-0.365,-0.369,0.282,0.206,0.201
5500,A1_3,-0.247,0.993,0.988,1.0,-0.359,-0.391,-0.397,0.991,0.991,0.989,-0.43,-0.37,-0.377,0.231,0.163,0.156
5500,B1_1,-0.277,-0.293,-0.351,-0.359,1.0,0.993,0.992,-0.387,-0.369,-0.377,0.992,0.998,0.998,0.269,0.319,0.337
5500,B1_2,-0.197,-0.323,-0.377,-0.391,0.993,1.0,0.987,-0.416,-0.395,-0.404,0.99,0.992,0.992,0.222,0.262,0.281
5500,B1_3,-0.238,-0.331,-0.392,-0.397,0.992,0.987,1.0,-0.426,-0.414,-0.413,0.998,0.998,0.986,0.208,0.26,0.277
5500,A2_1,-0.198,0.985,0.977,0.991,-0.387,-0.416,-0.426,1.0,0.982,0.979,-0.461,-0.397,-0.405,0.208,0.136,0.125
5500,A2_2,-0.254,0.991,0.998,0.991,-0.369,-0.395,-0.414,0.982,1.0,0.994,-0.444,-0.385,-0.384,0.281,0.205,0.199
5500,A2_3,-0.265,0.989,0.998,0.989,-0.377,-0.404,-0.413,0.979,0.994,1.0,-0.447,-0.388,-0.397,0.267,0.192,0.186
5500,B2_1,-0.223,-0.367,-0.424,-0.43,0.992,0.99,0.998,-0.461,-0.444,-0.447,1.0,0.996,0.99,0.195,0.248,0.267
5500,B2_2,-0.258,-0.305,-0.365,-0.37,0.998,0.992,0.998,-0.397,-0.385,-0.388,0.996,1.0,0.993,0.235,0.286,0.303
5500,B2_3,-0.268,-0.313,-0.369,-0.377,0.998,0.992,0.986,-0.405,-0.384,-0.397,0.99,0.993,1.0,0.266,0.316,0.335
5500,y1,-0.846,0.275,0.282,0.231,0.269,0.222,0.208,0.208,0.281,0.267,0.195,0.235,0.266,1.0,0.988,0.986
5500,y2,-0.868,0.206,0.206,0.163,0.319,0.262,0.26,0.136,0.205,0.192,0.248,0.286,0.316,0.988,1.0,0.998
5500,y3,-0.879,0.198,0.201,0.156,0.337,0.281,0.277,0.125,0.199,0.186,0.267,0.303,0.335,0.986,0.998,1.0
6000,.,1.0,-0.171,0.132,0.045,-0.366,-0.335,-0.362,-0.133,-0.004,-0.1,-0.381,-0.411,-0.388,-0.799,-0.817,-0.77
6000,A1_1,-0.171,1.0,0.905,0.865,-0.327,-0.376,-0.375,0.977,0.979,0.943,-0.373,-0.446,-0.487,0.347,0.339,0.378
6000,A1_2,0.132,0.905,1.0,0.971,-0.381,-0.446,-0.441,0.881,0.935,0.832,-0.464,-0.569,-0.593,0.094,0.093,0.145
6000,A1_3,0.045,0.865,0.971,1.0,-0.421,-0.488,-0.487,0.821,0.879,0.761,-0.489,-0.569,-0.604,0.157,0.164,0.216
6000,B1_1,-0.366,-0.327,-0.381,-0.421,1.0,0.985,0.95,-0.323,-0.447,-0.371,0.957,0.823,0.902,0.224,0.243,0.209
6000,B1_2,-0.335,-0.376,-0.446,-0.488,0.985,1.0,0.912,-0.364,-0.493,-0.41,0.975,0.844,0.932,0.178,0.194,0.162
6000,B1_3,-0.362,-0.375,-0.441,-0.487,0.95,0.912,1.0,-0.375,-0.484,-0.378,0.898,0.841,0.877,0.181,0.185,0.151
6000,A2_1,-0.133,0.977,0.881,0.821,-0.323,-0.364,-0.375,1.0,0.975,0.979,-0.405,-0.521,-0.524,0.276,0.27,0.306
6000,A2_2,-0.004,0.979,0.935,0.879,-0.447,-0.493,-0.484,0.975,1.0,0.959,-0.509,-0.582,-0.615,0.201,0.188,0.233
6000,A2_3,-0.1,0.943,0.832,0.761,-0.371,-0.41,-0.378,0.979,0.959,1.0,-0.455,-0.531,-0.542,0.209,0.191,0.228
6000,B2_1,-0.381,-0.373,-0.464,-0.489,0.957,0.975,0.898,-0.405,-0.509,-0.455,1.0,0.93,0.974,0.25,0.26,0.228
6000,B2_2,-0.411,-0.446,-0.569,-0.569,0.823,0.844,0.841,-0.521,-0.582,-0.531,0.93,1.0,0.973,0.274,0.264,0.232
6000,B2_3,-0.388,-0.487,-0.593,-0.604,0.902,0.932,0.877,-0.524,-0.615,-0.542,0.974,0.973,1.0,0.229,0.228,0.193
6000,y1,-0.799,0.347,0.094,0.157,0.224,0.178,0.181,0.276,0.201,0.209,0.25,0.274,0.229,1.0,0.996,0.995
6000,y2,-0.817,0.339,0.093,0.164,0.243,0.194,0.185,0.27,0.188,0.191,0.26,0.264,0.228,0.996,1.0,0.994
6000,y3,-0.77,0.378,0.145,0.216,0.209,0.162,0.151,0.306,0.233,0.228,0.228,0.232,0.193,0.995,0.994,1.0
6500,.,1.0,-0.215,-0.206,-0.091,-0.341,-0.238,-0.278,-0.07,-0.098,-0.1,-0.279,-0.291,-0.368,-0.739,-0.719,-0.815
6500,A1_1,-0.215,1.0,0.972,0.972,-0.409,-0.317,-0.411,0.98,0.974,0.966,-0.317,-0.412,-0.299,0.188,0.272,0.208
6500,A1_2,-0.206,0.972,1.0,0.961,-0.507,-0.414,-0.507,0.958,0.963,0.961,-0.401,-0.495,-0.378,0.242,0.314,0.251
6500,A1_3,-0.091,0.972,0.961,1.0,-0.504,-0.436,-0.479,0.989,0.998,0.954,-0.431,-0.506,-0.422,0.067,0.152,0.083
6500,B1_1,-0.341,-0.409,-0.507,-0.504,1.0,0.942,0.967,-0.457,-0.491,-0.471,0.934,0.983,0.949,0.168,0.12,0.158
6500,B1_2,-0.238,-0.317,-0.414,-0.436,0.942,1.0,0.877,-0.37,-0.422,-0.38,0.99,0.965,0.981,0.142,0.094,0.12
6500,B1_3,-0.278,-0.411,-0.507,-0.479,0.967,0.877,1.0,-0.449,-0.467,-0.466,0.867,0.957,0.865,0.151,0.115,0.13
6500,A2_1,-0.07,0.98,0.958,0.989,-0.457,-0.37,-0.449,1.0,0.986,0.955,-0.366,-0.456,-0.362,0.042,0.126,0.054
6500,A2_2,-0.098,0.974,0.963,0.998,-0.491,-0.422,-0.467,0.986,1.0,0.962,-0.416,-0.491,-0.407,0.062,0.147,0.078
6500,A2_3,-0.1,0.966,0.961,0.954,-0.471,-0.38,-0.466,0.955,0.962,1.0,-0.388,-0.474,-0.361,0.104,0.188,0.108
6500,B2_1,-0.279,-0.317,-0.401,-0.431,0.934,0.99,0.867,-0.366,-0.416,-0.388,1.0,0.97,0.983,0.128,0.074,0.117
6500,B2_2,-0.291,-0.412,-0.495,-0.506,0.983,0.965,0.957,-0.456,-0.491,-0.474,0.97,1.0,0.96,0.138,0.085,0.122
6500,B2_3,-0.368,-0.299,-0.378,-0.422,0.949,0.981,0.865,-0.362,-0.407,-0.361,0.983,0.96,1.0,0.22,0.162,0.209
6500,y1,-0.739,0.188,0.242,0.067,0.168,0.142,0.151,0.042,0.062,0.104,0.128,0.138,0.22,1.0,0.993,0.989
6500,y2,-0.719,0.272,0.314,0.152,0.12,0.094,0.115,0.126,0.147,0.188,0.074,0.085,0.162,0.993,1.0,0.98
6500,y3,-0.815,0.208,0.251,0.083,0.158,0.12,0.13,0.054,0.078,0.108,0.117,0.122,0.209,0.989,0.98,1.0
7000,.,1.0,-0.171,-0.108,0.024,-0.505,-0.357,-0.411,-0.033,-0.063,-0.183,-0.37,-0.423,-0.462,-0.554,-0.738,-0.697
7000,A1_1,-0.171,1.0,0.993,0.957,-0.081,-0.211,-0.183,0.97,0.968,0.952,-0.257,-0.257,-0.145,0.276,0.252,0.363
7000,A1_2,-0.108,0.993,1.0,0.974,-0.114,-0.256,-0.219,0.986,0.977,0.946,-0.296,-0.305,-0.178,0.202,0.189,0.291
7000,A1_3,0.024,0.957,0.974,1.0,-0.288,-0.404,-0.384,0.982,0.981,0.906,-0.444,-0.467,-0.336,0.132,0.116,0.194
7000,B1_1,-0.505,-0.081,-0.114,-0.288,1.0,0.939,0.965,-0.198,-0.276,-0.059,0.933,0.921,0.993,0.065,0.175,0.244
7000,B1_2,-0.357,-0.211,-0.256,-0.404,0.939,1.0,0.985,-0.338,-0.416,-0.178,0.992,0.968,0.961,0.015,0.046,0.151
7000,B1_3,-0.411,-0.183,-0.219,-0.384,0.965,0.985,1.0,-0.312,-0.378,-0.154,0.987,0.972,0.976,0.006,0.072,0.151
7000,A2_1,-0.033,0.97,0.986,0.982,-0.198,-0.338,-0.312,1.0,0.973,0.934,-0.377,-0.394,-0.26,0.135,0.119,0.223
7000,A2_2,-0.063,0.968,0.977,0.981,-0.276,-0.416,-0.378,0.973,1.0,0.917,-0.455,-0.443,-0.339,0.24,0.231,0.292
7000,A2_3,-0.183,0.952,0.946,0.906,-0.059,-0.178,-0.154,0.934,0.917,1.0,-0.216,-0.18,-0.132,0.257,0.19,0.354
7000,B2_1,-0.37,-0.257,-0.296,-0.444,0.933,0.992,0.987,-0.377,-0.455,-0.216,1.0,0.974,0.957,-0.057,-0.004,0.083
7000,B2_2,-0.423,-0.257,-0.305,-0.467,0.921,0.968,0.972,-0.394,-0.443,-0.18,0.974,1.0,0.929,0.052,0.084,0.174
7000,B2_3,-0.462,-0.145,-0.178,-0.336,0.993,0.961,0.976,-0.26,-0.339,-0.132,0.957,0.929,1.0,0.019,0.133,0.192
7000,y1,-0.554,0.276,0.202,0.132,0.065,0.015,0.006,0.135,0.24,0.257,-0.057,0.052,0.019,1.0,0.914,0.964
7000,y2,-0.738,0.252,0.189,0.116,0.175,0.046,0.072,0.119,0.231,0.19,-0.004,0.084,0.133,0.914,1.0,0.937
7000,y3,-0.697,0.363,0.291,0.194,0.244,0.151,0.151,0.223,0.292,0.354,0.083,0.174,0.192,0.964,0.937,1.0
7500,.,1.0,-0.066,-0.019,0.164,-0.425,-0.394,-0.184,0.019,0.048,0.023,-0.242,-0.326,-0.419,-0.533,-0.632,-0.562
7500,A1_1,-0.066,1.0,0.981,0.921,0.022,-0.037,-0.115,0.976,0.964,0.982,-0.139,-0.065,-0.081,0.318,0.246,0.304
7500,A1_2,-0.019,0.981,1.0,0.935,-0.065,-0.114,-0.177,0.989,0.983,0.983,-0.208,-0.155,-0.143,0.294,0.216,0.281
7500,A1_3,0.164,0.921,0.935,1.0,-0.245,-0.307,-0.357,0.965,0.973,0.961,-0.385,-0.326,-0.347,0.226,0.103,0.152
7500,B1_1,-0.425,0.022,-0.065,-0.245,1.0,0.971,0.758,-0.109,-0.16,-0.138,0.813,0.927,0.956,0.065,0.174,0.139
7500,B1_2,-0.394,-0.037,-0.114,-0.307,0.971,1.0,0.879,-0.165,-0.215,-0.207,0.919,0.983,0.989,0.089,0.206,0.187
7500,B1_3,-0.184,-0.115,-0.177,-0.357,0.758,0.879,1.0,-0.237,-0.285,-0.282,0.99,0.929,0.872,-0.023,0.063,0.111
7500,A2_1,0.019,0.976,0.989,0.965,-0.109,-0.165,-0.237,1.0,0.996,0.991,-0.267,-0.203,-0.2,0.312,0.22,0.28
7500,A2_2,0.048,0.964,0.983,0.973,-0.16,-0.215,-0.285,0.996,1.0,0.989,-0.315,-0.252,-0.25,0.307,0.209,0.272
7500,A2_3,0.023,0.982,0.983,0.961,-0.138,-0.207,-0.282,0.991,0.989,1.0,-0.312,-0.241,-0.247,0.277,0.187,0.248
7500,B2_1,-0.242,-0.139,-0.208,-0.385,0.813,0.919,0.99,-0.267,-0.315,-0.312,1.0,0.963,0.905,-0.02,0.085,0.097
7500,B2_2,-0.326,-0.065,-0.155,-0.326,0.927,0.983,0.929,-0.203,-0.252,-0.241,0.963,1.0,0.959,0.051,0.165,0.148
7500,B2_3,-0.419,-0.081,-0.143,-0.347,0.956,0.989,0.872,-0.2,-0.25,-0.247,0.905,0.959,1.0,0.125,0.235,0.229
7500,y1,-0.533,0.318,0.294,0.226,0.065,0.089,-0.023,0.312,0.307,0.277,-0.02,0.051,0.125,1.0,0.97,0.968
7500,y2,-0.632,0.246,0.216,0.103,0.174,0.206,0.063,0.22,0.209,0.187,0.085,0.165,0.235,0.97,1.0,0.96
7500,y3,-0.562,0.304,0.281,0.152,0.139,0.187,0.111,0.28,0.272,0.248,0.097,0.148,0.229,0.968,0.96,1.0
8000,.,1.0,0.037,0.045,0.082,-0.483,-0.473,-0.464,0.01,0.032,-0.12,-0.329,-0.433,-0.466,-0.565,-0.555,-0.554
8000,A1_1,0.037,1.0,0.971,0.985,-0.239,-0.208,-0.208,0.93,0.802,0.453,-0.438,-0.421,-0.392,0.111,0.132,0.066
8000,A1_2,0.045,0.971,1.0,0.988,-0.327,-0.301,-0.323,0.986,0.875,0.512,-0.512,-0.497,-0.463,0.195,0.234,0.154
8000,A1_3,0.082,0.985,0.988,1.0,-0.311,-0.284,-0.282,0.954,0.814,0.425,-0.49,-0.48,-0.453,0.102,0.145,0.062
8000,B1_1,-0.483,-0.239,-0.327,-0.311,1.0,0.996,0.973,-0.32,-0.303,-0.011,0.826,0.885,0.967,-0.061,-0.086,-0.023
8000,B1_2,-0.473,-0.208,-0.301,-0.284,0.996,1.0,0.974,-0.295,-0.292,-0.009,0.794,0.858,0.953,-0.042,-0.072,-0.005
8000,B1_3,-0.464,-0.208,-0.323,-0.282,0.973,0.974,1.0,-0.335,-0.357,-0.118,0.814,0.879,0.927,-0.106,-0.12,-0.055
8000,A2_1,0.01,0.93,0.986,0.954,-0.32,-0.295,-0.335,1.0,0.924,0.606,-0.486,-0.468,-0.438,0.276,0.317,0.248
8000,A2_2,0.032,0.802,0.875,0.814,-0.303,-0.292,-0.357,0.924,1.0,0.838,-0.367,-0.392,-0.385,0.29,0.33,0.292
8000,A2_3,-0.12,0.453,0.512,0.425,-0.011,-0.009,-0.118,0.606,0.838,1.0,-0.008,-0.06,-0.035,0.308,0.319,0.348
8000,B2_1,-0.329,-0.438,-0.512,-0.49,0.826,0.794,0.814,-0.486,-0.367,-0.008,1.0,0.974,0.916,-0.035,-0.025,0.049
8000,B2_2,-0.433,-0.421,-0.497,-0.48,0.885,0.858,0.879,-0.468,-0.392,-0.06,0.974,1.0,0.953,0.025,0.019,0.098
8000,B2_3,-0.466,-0.392,-0.463,-0.453,0.967,0.953,0.927,-0.438,-0.385,-0.035,0.916,0.953,1.0,-0.006,-0.029,0.044
8000,y1,-0.565,0.111,0.195,0.102,-0.061,-0.042,-0.106,0.276,0.29,0.308,-0.035,0.025,-0.006,1.0,0.984,0.985
8000,y2,-0.555,0.132,0.234,0.145,-0.086,-0.072,-0.12,0.317,0.33,0.319,-0.025,0.019,-0.029,0.984,1.0,0.985
8000,y3,-0.554,0.066,0.154,0.062,-0.023,-0.005,-0.055,0.248,0.292,0.348,0.049,0.098,0.044,0.985,0.985,1.0
8500,.,1.0,0.022,0.126,0.097,0.25,0.155,0.198,0.148,0.161,0.063,0.279,0.256,0.281,-0.08,-0.11,-0.097
8500,A1_1,0.022,1.0,0.978,0.992,0.038,0.005,0.013,0.974,0.965,0.977,0.068,0.058,0.066,0.51,0.5,0.501
8500,A1_2,0.126,0.978,1.0,0.978,0.172,0.129,0.143,0.985,0.994,0.992,0.205,0.195,0.202,0.553,0.54,0.539
8500,A1_3,0.097,0.992,0.978,1.0,0.046,0.002,0.015,0.985,0.964,0.968,0.079,0.068,0.079,0.524,0.517,0.515
8500,B1_1,0.25,0.038,0.172,0.046,1.0,0.986,0.99,0.135,0.171,0.181,0.989,0.993,0.998,0.192,0.19,0.145
8500,B1_2,0.155,0.005,0.129,0.002,0.986,1.0,0.992,0.083,0.13,0.149,0.975,0.986,0.98,0.199,0.19,0.151
8500,B1_3,0.198,0.013,0.143,0.015,0.99,0.992,1.0,0.109,0.144,0.163,0.989,0.995,0.987,0.153,0.147,0.11
8500,A2_1,0.148,0.974,0.985,0.985,0.135,0.083,0.109,1.0,0.971,0.98,0.179,0.161,0.17,0.515,0.506,0.506
8500,A2_2,0.161,0.965,0.994,0.964,0.171,0.13,0.144,0.971,1.0,0.984,0.207,0.196,0.202,0.541,0.527,0.526
8500,A2_3,0.063,0.977,0.992,0.968,0.181,0.149,0.163,0.98,0.984,1.0,0.212,0.208,0.209,0.509,0.492,0.491
8500,B2_1,0.279,0.068,0.205,0.079,0.989,0.975,0.989,0.179,0.207,0.212,1.0,0.992,0.992,0.217,0.216,0.178
8500,B2_2,0.256,0.058,0.195,0.068,0.993,0.986,0.995,0.161,0.196,0.208,0.992,1.0,0.995,0.179,0.172,0.133
8500,B2_3,0.281,0.066,0.202,0.079,0.998,0.98,0.987,0.17,0.202,0.209,0.992,0.995,1.0,0.208,0.205,0.161
8500,y1,-0.08,0.51,0.553,0.524,0.192,0.199,0.153,0.515,0.541,0.509,0.217,0.179,0.208,1.0,0.994,0.996
8500,y2,-0.11,0.5,0.54,0.517,0.19,0.19,0.147,0.506,0.527,0.492,0.216,0.172,0.205,0.994,1.0,0.994
8500,y3,-0.097,0.501,0.539,0.515,0.145,0.151,0.11,0.506,0.526,0.491,0.178,0.133,0.161,0.996,0.994,1.0
9000,.,1.0,-0.316,-0.162,-0.284,-0.452,-0.39,-0.535,-0.184,-0.116,-0.172,-0.484,-0.496,-0.477,-0.653,-0.633,-0.562
9000,A1_1,-0.316,1.0,0.901,0.914,0.101,0.049,0.085,0.949,0.911,0.92,0.098,0.064,0.045,0.303,0.156,0.258
9000,A1_2,-0.162,0.901,1.0,0.948,-0.07,-0.114,-0.206,0.972,0.937,0.984,-0.197,-0.144,-0.15,0.282,0.175,0.201
9000,A1_3,-0.284,0.914,0.948,1.0,0.034,0.012,-0.061,0.966,0.864,0.964,-0.094,0.002,-0.028,0.265,0.18,0.127
9000,B1_1,-0.452,0.101,-0.07,0.034,1.0,0.898,0.896,-0.03,-0.048,-0.042,0.889,0.983,0.963,0.14,0.043,-0.012
9000,B1_2,-0.39,0.049,-0.114,0.012,0.898,1.0,0.908,-0.05,-0.114,-0.073,0.857,0.933,0.969,0.146,0.09,0.027
9000,B1_3,-0.535,0.085,-0.206,-0.061,0.896,0.908,1.0,-0.107,-0.165,-0.165,0.981,0.944,0.959,0.157,0.105,0.089
9000,A2_1,-0.184,0.949,0.972,0.966,-0.03,-0.05,-0.107,1.0,0.923,0.983,-0.116,-0.081,-0.092,0.308,0.2,0.22
9000,A2_2,-0.116,0.911,0.937,0.864,-0.048,-0.114,-0.165,0.923,1.0,0.936,-0.132,-0.126,-0.138,0.265,0.07,0.227
9000,A2_3,-0.172,0.92,0.984,0.964,-0.042,-0.073,-0.165,0.983,0.936,1.0,-0.168,-0.101,-0.122,0.299,0.176,0.213
9000,B2_1,-0.484,0.098,-0.197,-0.094,0.889,0.857,0.981,-0.116,-0.132,-0.168,1.0,0.917,0.934,0.104,0.033,0.074
9000,B2_2,-0.496,0.064,-0.144,0.002,0.983,0.933,0.944,-0.081,-0.126,-0.101,0.917,1.0,0.983,0.132,0.057,-0.012
9000,B2_3,-0.477,0.045,-0.15,-0.028,0.963,0.969,0.959,-0.092,-0.138,-0.122,0.934,0.983,1.0,0.15,0.09,0.031
9000,y1,-0.653,0.303,0.282,0.265,0.14,0.146,0.157,0.308,0.265,0.299,0.104,0.132,0.15,1.0,0.949,0.941
9000,y2,-0.633,0.156,0.175,0.18,0.043,0.09,0.105,0.2,0.07,0.176,0.033,0.057,0.09,0.949,1.0,0.885
9000,y3,-0.562,0.258,0.201,0.127,-0.012,0.027,0.089,0.22,0.227,0.213,0.074,-0.012,0.031,0.941,0.885,1.0
9500,.,1.0,-0.199,0.009,0.09,-0.378,-0.342,-0.338,0.113,0.138,0.146,-0.336,-0.338,-0.371,-0.893,-0.924,-0.919
9500,A1_1,-0.199,1.0,0.92,0.867,-0.254,-0.241,-0.226,0.842,0.822,0.817,-0.325,-0.331,-0.33,0.087,0.098,0.052
9500,A1_2,0.009,0.92,1.0,0.93,-0.488,-0.474,-0.467,0.944,0.933,0.927,-0.562,-0.564,-0.553,0.024,-0.011,-0.059
9500,A1_3,0.09,0.867,0.93,1.0,-0.582,-0.575,-0.549,0.982,0.975,0.981,-0.646,-0.648,-0.64,-0.067,-0.081,-0.102
9500,B1_1,-0.378,-0.254,-0.488,-0.582,1.0,0.993,0.963,-0.649,-0.661,-0.669,0.982,0.981,0.989,0.193,0.262,0.262
9500,B1_2,-0.342,-0.241,-0.474,-0.575,0.993,1.0,0.977,-0.63,-0.642,-0.648,0.986,0.985,0.984,0.156,0.219,0.211
9500,B1_3,-0.338,-0.226,-0.467,-0.549,0.963,0.977,1.0,-0.591,-0.603,-0.614,0.956,0.95,0.942,0.163,0.22,0.213
9500,A2_1,0.113,0.842,0.944,0.982,-0.649,-0.63,-0.591,1.0,0.99,0.991,-0.7,-0.703,-0.7,-0.043,-0.078,-0.105
9500,A2_2,0.138,0.822,0.933,0.975,-0.661,-0.642,-0.603,0.99,1.0,0.994,-0.708,-0.711,-0.708,-0.066,-0.104,-0.136
9500,A2_3,0.146,0.817,0.927,0.981,-0.669,-0.648,-0.614,0.991,0.994,1.0,-0.716,-0.719,-0.717,-0.085,-0.12,-0.152
9500,B2_1,-0.336,-0.325,-0.562,-0.646,0.982,0.986,0.956,-0.7,-0.708,-0.716,1.0,1.0,0.994,0.149,0.213,0.214
9500,B2_2,-0.338,-0.331,-0.564,-0.648,0.981,0.985,0.95,-0.703,-0.711,-0.719,1.0,1.0,0.995,0.154,0.218,0.218
9500,B2_3,-0.371,-0.33,-0.553,-0.64,0.989,0.984,0.942,-0.7,-0.708,-0.717,0.994,0.995,1.0,0.202,0.265,0.269
9500,y1,-0.893,0.087,0.024,-0.067,0.193,0.156,0.163,-0.043,-0.066,-0.085,0.149,0.154,0.202,1.0,0.989,0.976
9500,y2,-0.924,0.098,-0.011,-0.081,0.262,0.219,0.22,-0.078,-0.104,-0.12,0.213,0.218,0.265,0.989,1.0,0.99
9500,y3,-0.919,0.052,-0.059,-0.102,0.262,0.211,0.213,-0.105,-0.136,-0.152,0.214,0.218,0.269,0.976,0.99,1.0
10000,.,1.0,-0.19,-0.083,-0.022,-0.436,-0.324,-0.305,-0.006,-0.001,-0.075,-0.541,-0.383,-0.25,-0.534,-0.596,-0.557
10000,A1_1,-0.19,1.0,0.957,0.965,-0.161,-0.225,-0.278,0.925,0.941,0.956,-0.059,-0.147,-0.286,0.106,0.147,0.15
10000,A1_2,-0.083,0.957,1.0,0.975,-0.239,-0.223,-0.298,0.964,0.989,0.994,-0.167,-0.182,-0.252,0.059,0.089,0.09
10000,A1_3,-0.022,0.965,0.975,1.0,-0.331,-0.358,-0.418,0.938,0.979,0.968,-0.25,-0.299,-0.377,0.085,0.114,0.133
10000,B1_1,-0.436,-0.161,-0.239,-0.331,1.0,0.952,0.932,-0.283,-0.339,-0.196,0.973,0.984,0.903,0.194,0.218,0.166
10000,B1_2,-0.324,-0.225,-0.223,-0.358,0.952,1.0,0.97,-0.273,-0.326,-0.183,0.889,0.985,0.969,0.11,0.121,0.064
10000,B1_3,-0.305,-0.278,-0.298,-0.418,0.932,0.97,1.0,-0.349,-0.398,-0.254,0.87,0.951,0.952,0.055,0.064,0.01
10000,A2_1,-0.006,0.925,0.964,0.938,-0.283,-0.273,-0.349,1.0,0.954,0.954,-0.199,-0.23,-0.332,-0.036,-0.011,-0.02
10000,A2_2,-0.001,0.941,0.989,0.979,-0.339,-0.326,-0.398,0.954,1.0,0.987,-0.263,-0.282,-0.348,0.04,0.062,0.072
10000,A2_3,-0.075,0.956,0.994,0.968,-0.196,-0.183,-0.254,0.954,0.987,1.0,-0.119,-0.137,-0.217,0.06,0.087,0.088
10000,B2_1,-0.541,-0.059,-0.167,-0.25,0.973,0.889,0.87,-0.199,-0.263,-0.119,1.0,0.946,0.802,0.32,0.347,0.29
10000,B2_2,-0.383,-0.147,-0.182,-0.299,0.984,0.985,0.951,-0.23,-0.282,-0.137,0.946,1.0,0.936,0.17,0.187,0.134
10000,B2_3,-0.25,-0.286,-0.252,-0.377,0.903,0.969,0.952,-0.332,-0.348,-0.217,0.802,0.936,1.0,0.061,0.07,0.024
10000,y1,-0.534,0.106,0.059,0.085,0.194,0.11,0.055,-0.036,0.04,0.06,0.32,0.17,0.061,1.0,0.996,0.99
10000,y2,-0.596,0.147,0.089,0.114,0.218,0.121,0.064,-0.011,0.062,0.087,0.347,0.187,0.07,0.996,1.0,0.993
10000,y3,-0.557,0.15,0.09,0.133,0.166,0.064,0.01,-0.02,0.072,0.088,0.29,0.134,0.024,0.99,0.993,1.0
