,,.,A1_1,A1_2,A1_3,B1_1,B1_2,B1_3,A2_1,A2_2,A2_3,B2_1,B2_2,B2_3,y1,y2,y3
2,.,0.087,0.026,0.021,0.038,0.021,0.031,0.031,0.029,0.029,0.049,0.035,0.034,0.034,0.196,0.204,0.135
2,A1_1,0.213,0.019,0.021,0.023,0.035,0.101,0.174,0.02,0.022,0.024,0.037,0.019,0.017,0.081,0.066,0.127
2,A1_2,0.136,0.018,0.012,0.019,0.062,0.067,0.117,0.016,0.02,0.016,0.044,0.068,0.096,0.077,0.156,0.077
2,A1_3,0.381,0.019,0.018,0.016,0.046,0.064,0.121,0.023,0.025,0.024,0.03,0.029,0.036,0.05,0.049,0.067
2,B1_1,0.226,0.046,0.104,0.08,0.008,0.012,0.01,0.026,0.036,0.177,0.022,0.011,0.013,0.114,0.04,0.078
2,B1_2,0.513,0.033,0.046,0.031,0.01,0.01,0.009,0.023,0.027,0.128,0.015,0.013,0.016,0.061,0.025,0.04
2,B1_3,0.297,0.043,0.046,0.041,0.019,0.021,0.02,0.019,0.03,0.104,0.031,0.026,0.038,0.118,0.076,0.072
2,A2_1,0.134,0.018,0.01,0.014,0.053,0.026,0.038,0.011,0.02,0.024,0.035,0.106,0.228,0.071,0.173,0.04
2,A2_2,0.276,0.019,0.013,0.013,0.064,0.047,0.083,0.013,0.02,0.022,0.037,0.073,0.127,0.053,0.095,0.045
2,A2_3,0.255,0.014,0.012,0.01,0.059,0.097,0.224,0.014,0.02,0.014,0.033,0.03,0.041,0.047,0.059,0.072
2,B2_1,0.233,0.031,0.066,0.045,0.007,0.01,0.008,0.044,0.054,0.212,0.016,0.01,0.011,0.129,0.041,0.084
2,B2_2,0.384,0.027,0.035,0.031,0.011,0.011,0.011,0.071,0.049,0.124,0.015,0.015,0.014,0.095,0.04,0.067
2,B2_3,0.455,0.014,0.02,0.02,0.015,0.012,0.016,0.176,0.059,0.056,0.009,0.016,0.011,0.047,0.024,0.05
2,y1,0.515,0.034,0.042,0.023,0.025,0.015,0.019,0.008,0.02,0.07,0.024,0.034,0.085,0.035,0.03,0.022
2,y2,0.473,0.026,0.032,0.021,0.037,0.028,0.045,0.015,0.027,0.047,0.027,0.036,0.072,0.041,0.038,0.036
2,y3,0.59,0.018,0.02,0.014,0.034,0.019,0.033,0.025,0.027,0.036,0.017,0.036,0.057,0.026,0.025,0.024
4,.,0.113,0.048,0.042,0.058,0.048,0.028,0.035,0.029,0.02,0.029,0.042,0.043,0.038,0.163,0.164,0.1
4,A1_1,0.133,0.014,0.007,0.011,0.118,0.141,0.191,0.009,0.011,0.008,0.077,0.04,0.019,0.12,0.058,0.043
4,A1_2,0.159,0.025,0.016,0.034,0.088,0.074,0.095,0.01,0.012,0.013,0.073,0.07,0.086,0.125,0.075,0.045
4,A1_3,0.132,0.017,0.01,0.019,0.125,0.116,0.12,0.012,0.013,0.012,0.077,0.06,0.05,0.103,0.088,0.044
4,B1_1,0.223,0.226,0.121,0.083,0.008,0.006,0.008,0.048,0.043,0.055,0.011,0.012,0.011,0.069,0.03,0.046
4,B1_2,0.132,0.547,0.109,0.049,0.004,0.004,0.005,0.01,0.011,0.043,0.006,0.005,0.003,0.041,0.011,0.02
4,B1_3,0.121,0.533,0.142,0.033,0.003,0.002,0.003,0.022,0.021,0.048,0.004,0.003,0.001,0.026,0.01,0.027
4,A2_1,0.109,0.011,0.016,0.028,0.028,0.019,0.028,0.01,0.013,0.008,0.037,0.057,0.529,0.034,0.039,0.031
4,A2_2,0.122,0.008,0.008,0.015,0.037,0.034,0.056,0.006,0.01,0.005,0.049,0.06,0.509,0.03,0.027,0.022
4,A2_3,0.178,0.013,0.008,0.017,0.08,0.094,0.141,0.008,0.012,0.008,0.081,0.069,0.137,0.081,0.042,0.031
4,B2_1,0.249,0.146,0.103,0.082,0.007,0.005,0.008,0.07,0.061,0.053,0.012,0.012,0.014,0.089,0.032,0.057
4,B2_2,0.194,0.057,0.054,0.074,0.021,0.015,0.014,0.117,0.068,0.049,0.02,0.022,0.015,0.12,0.095,0.064
4,B2_3,0.198,0.016,0.028,0.05,0.026,0.02,0.021,0.156,0.092,0.027,0.027,0.029,0.031,0.109,0.099,0.07
4,y1,0.378,0.054,0.043,0.039,0.02,0.021,0.019,0.11,0.113,0.037,0.019,0.018,0.027,0.042,0.026,0.034
4,y2,0.445,0.025,0.017,0.019,0.037,0.054,0.054,0.052,0.081,0.018,0.035,0.029,0.063,0.032,0.017,0.022
4,y3,0.4,0.026,0.013,0.018,0.05,0.071,0.08,0.018,0.036,0.013,0.048,0.042,0.12,0.033,0.015,0.017
6,.,0.066,0.032,0.035,0.018,0.027,0.016,0.017,0.027,0.022,0.037,0.019,0.018,0.025,0.144,0.256,0.24
6,A1_1,0.187,0.009,0.017,0.012,0.072,0.113,0.178,0.015,0.023,0.007,0.062,0.05,0.018,0.073,0.064,0.098
6,A1_2,0.126,0.011,0.01,0.008,0.142,0.054,0.077,0.013,0.01,0.008,0.191,0.098,0.086,0.052,0.053,0.062
6,A1_3,0.24,0.021,0.005,0.009,0.118,0.113,0.079,0.007,0.007,0.034,0.04,0.079,0.03,0.059,0.094,0.064
6,B1_1,0.251,0.109,0.16,0.075,0.014,0.01,0.01,0.051,0.075,0.072,0.009,0.012,0.018,0.038,0.047,0.049
6,B1_2,0.23,0.144,0.052,0.042,0.03,0.018,0.012,0.018,0.024,0.139,0.009,0.018,0.021,0.059,0.112,0.073
6,B1_3,0.279,0.188,0.068,0.056,0.019,0.011,0.007,0.02,0.026,0.171,0.006,0.013,0.016,0.03,0.055,0.035
6,A2_1,0.15,0.013,0.012,0.01,0.116,0.039,0.044,0.018,0.011,0.014,0.169,0.112,0.16,0.042,0.045,0.044
6,A2_2,0.198,0.011,0.015,0.012,0.095,0.046,0.052,0.022,0.017,0.011,0.174,0.111,0.14,0.033,0.029,0.033
6,A2_3,0.225,0.013,0.007,0.01,0.116,0.111,0.103,0.011,0.01,0.014,0.081,0.101,0.043,0.05,0.054,0.051
6,B2_1,0.124,0.054,0.244,0.053,0.01,0.009,0.015,0.054,0.113,0.029,0.01,0.007,0.014,0.07,0.076,0.119
6,B2_2,0.28,0.081,0.068,0.041,0.02,0.016,0.011,0.04,0.042,0.148,0.009,0.018,0.026,0.048,0.088,0.064
6,B2_3,0.111,0.026,0.145,0.038,0.011,0.015,0.022,0.07,0.109,0.021,0.014,0.01,0.014,0.103,0.111,0.179
6,y1,0.438,0.032,0.019,0.02,0.072,0.051,0.041,0.018,0.017,0.045,0.042,0.069,0.062,0.023,0.027,0.022
6,y2,0.433,0.028,0.036,0.027,0.053,0.054,0.056,0.023,0.036,0.027,0.043,0.051,0.046,0.029,0.027,0.03
6,y3,0.395,0.033,0.058,0.032,0.054,0.03,0.038,0.036,0.042,0.027,0.062,0.051,0.075,0.023,0.02,0.025
8,.,0.073,0.01,0.015,0.029,0.028,0.027,0.013,0.043,0.045,0.035,0.011,0.015,0.012,0.242,0.149,0.25
8,A1_1,0.365,0.019,0.01,0.01,0.037,0.059,0.055,0.009,0.013,0.014,0.032,0.059,0.015,0.114,0.107,0.082
8,A1_2,0.345,0.018,0.015,0.013,0.118,0.045,0.052,0.01,0.01,0.012,0.061,0.062,0.058,0.068,0.056,0.058
8,A1_3,0.278,0.007,0.007,0.008,0.114,0.082,0.05,0.013,0.013,0.01,0.042,0.072,0.04,0.128,0.051,0.085
8,B1_1,0.089,0.017,0.048,0.098,0.008,0.007,0.006,0.332,0.147,0.071,0.007,0.006,0.008,0.048,0.048,0.061
8,B1_2,0.358,0.088,0.046,0.092,0.022,0.015,0.01,0.013,0.042,0.098,0.022,0.012,0.011,0.047,0.074,0.05
8,B1_3,0.227,0.059,0.058,0.101,0.015,0.013,0.007,0.037,0.087,0.131,0.014,0.011,0.01,0.071,0.082,0.076
8,A2_1,0.402,0.027,0.021,0.011,0.08,0.021,0.034,0.02,0.009,0.011,0.054,0.08,0.116,0.041,0.041,0.033
8,A2_2,0.337,0.012,0.012,0.01,0.128,0.033,0.035,0.018,0.009,0.01,0.048,0.078,0.111,0.068,0.04,0.05
8,A2_3,0.441,0.018,0.011,0.01,0.07,0.053,0.046,0.008,0.01,0.012,0.046,0.07,0.033,0.071,0.052,0.049
8,B2_1,0.273,0.039,0.047,0.092,0.015,0.019,0.009,0.037,0.111,0.132,0.014,0.012,0.007,0.067,0.06,0.065
8,B2_2,0.097,0.023,0.074,0.193,0.008,0.009,0.006,0.093,0.221,0.146,0.009,0.003,0.003,0.032,0.034,0.049
8,B2_3,0.094,0.009,0.05,0.071,0.015,0.015,0.013,0.301,0.186,0.056,0.012,0.009,0.011,0.055,0.034,0.069
8,y1,0.521,0.024,0.031,0.039,0.037,0.026,0.035,0.059,0.039,0.026,0.039,0.03,0.024,0.025,0.023,0.022
8,y2,0.565,0.02,0.025,0.033,0.033,0.028,0.048,0.05,0.034,0.02,0.041,0.029,0.018,0.019,0.019,0.017
8,y3,0.448,0.018,0.039,0.042,0.036,0.025,0.054,0.113,0.052,0.022,0.045,0.027,0.024,0.019,0.019,0.019
10,.,0.113,0.065,0.057,0.139,0.051,0.022,0.031,0.05,0.099,0.045,0.023,0.017,0.017,0.124,0.086,0.063
10,A1_1,0.221,0.015,0.008,0.012,0.112,0.174,0.102,0.011,0.019,0.018,0.065,0.042,0.006,0.07,0.06,0.064
10,A1_2,0.162,0.02,0.019,0.016,0.146,0.042,0.043,0.019,0.016,0.015,0.064,0.164,0.048,0.107,0.058,0.062
10,A1_3,0.11,0.01,0.011,0.004,0.117,0.062,0.036,0.012,0.008,0.007,0.077,0.288,0.036,0.103,0.059,0.061
10,B1_1,0.089,0.112,0.082,0.2,0.014,0.007,0.009,0.062,0.081,0.086,0.012,0.009,0.017,0.093,0.076,0.051
10,B1_2,0.177,0.115,0.035,0.269,0.02,0.012,0.012,0.021,0.039,0.147,0.012,0.005,0.01,0.045,0.046,0.036
10,B1_3,0.084,0.338,0.056,0.152,0.009,0.006,0.006,0.014,0.019,0.147,0.005,0.004,0.008,0.061,0.065,0.027
10,A2_1,0.114,0.018,0.02,0.025,0.187,0.025,0.031,0.017,0.016,0.013,0.055,0.198,0.082,0.097,0.049,0.052
10,A2_2,0.125,0.012,0.015,0.012,0.16,0.029,0.03,0.013,0.01,0.01,0.056,0.246,0.073,0.104,0.047,0.059
10,A2_3,0.107,0.004,0.006,0.006,0.094,0.061,0.035,0.011,0.013,0.007,0.053,0.185,0.033,0.118,0.07,0.197
10,B2_1,0.118,0.168,0.108,0.076,0.022,0.009,0.015,0.039,0.054,0.041,0.01,0.014,0.015,0.18,0.079,0.052
10,B2_2,0.168,0.075,0.065,0.125,0.025,0.015,0.02,0.064,0.095,0.06,0.02,0.012,0.014,0.108,0.07,0.063
10,B2_3,0.102,0.027,0.068,0.046,0.015,0.009,0.014,0.132,0.145,0.02,0.018,0.022,0.019,0.166,0.073,0.125
10,y1,0.293,0.03,0.021,0.029,0.129,0.035,0.047,0.032,0.025,0.026,0.078,0.092,0.038,0.051,0.034,0.041
10,y2,0.307,0.045,0.036,0.029,0.06,0.036,0.038,0.087,0.045,0.038,0.103,0.054,0.021,0.04,0.034,0.025
10,y3,0.255,0.019,0.026,0.019,0.078,0.03,0.032,0.07,0.034,0.022,0.108,0.129,0.045,0.053,0.035,0.046
12,.,0.105,0.012,0.025,0.025,0.047,0.019,0.028,0.027,0.029,0.026,0.03,0.039,0.071,0.205,0.153,0.161
12,A1_1,0.123,0.008,0.011,0.007,0.048,0.155,0.135,0.011,0.009,0.014,0.083,0.087,0.017,0.073,0.086,0.132
12,A1_2,0.161,0.01,0.009,0.008,0.079,0.084,0.093,0.01,0.01,0.011,0.114,0.099,0.056,0.077,0.066,0.115
12,A1_3,0.276,0.012,0.014,0.01,0.062,0.109,0.078,0.015,0.011,0.014,0.08,0.088,0.038,0.057,0.06,0.075
12,B1_1,0.406,0.094,0.051,0.127,0.013,0.012,0.011,0.028,0.029,0.106,0.012,0.011,0.018,0.02,0.032,0.028
12,B1_2,0.402,0.177,0.043,0.128,0.009,0.007,0.006,0.011,0.013,0.101,0.009,0.007,0.017,0.017,0.023,0.031
12,B1_3,0.352,0.122,0.043,0.117,0.015,0.017,0.019,0.019,0.023,0.11,0.021,0.016,0.019,0.024,0.039,0.047
12,A2_1,0.26,0.009,0.009,0.008,0.129,0.017,0.021,0.011,0.011,0.006,0.071,0.062,0.281,0.048,0.023,0.036
12,A2_2,0.076,0.007,0.012,0.011,0.048,0.02,0.033,0.021,0.029,0.012,0.054,0.071,0.105,0.214,0.159,0.127
12,A2_3,0.361,0.018,0.013,0.012,0.065,0.087,0.064,0.012,0.01,0.014,0.09,0.084,0.046,0.037,0.036,0.051
12,B2_1,0.477,0.097,0.055,0.11,0.009,0.012,0.008,0.021,0.016,0.103,0.007,0.007,0.011,0.016,0.026,0.026
12,B2_2,0.206,0.072,0.069,0.224,0.006,0.007,0.008,0.053,0.053,0.194,0.005,0.006,0.008,0.018,0.044,0.026
12,B2_3,0.251,0.023,0.053,0.085,0.017,0.016,0.019,0.118,0.117,0.078,0.015,0.021,0.028,0.041,0.086,0.032
12,y1,0.268,0.015,0.012,0.016,0.07,0.078,0.093,0.018,0.02,0.017,0.13,0.107,0.055,0.026,0.033,0.041
12,y2,0.361,0.017,0.011,0.017,0.071,0.069,0.074,0.017,0.017,0.016,0.12,0.091,0.058,0.016,0.02,0.026
12,y3,0.569,0.04,0.024,0.042,0.039,0.023,0.024,0.024,0.028,0.033,0.038,0.029,0.045,0.012,0.015,0.015
14,.,0.064,0.02,0.025,0.032,0.035,0.029,0.036,0.054,0.063,0.041,0.02,0.023,0.029,0.107,0.314,0.107
14,A1_1,0.267,0.01,0.012,0.012,0.08,0.214,0.116,0.016,0.012,0.008,0.056,0.033,0.023,0.037,0.067,0.037
14,A1_2,0.201,0.013,0.012,0.014,0.149,0.072,0.071,0.024,0.015,0.012,0.066,0.056,0.135,0.05,0.075,0.037
14,A1_3,0.313,0.012,0.008,0.01,0.068,0.244,0.09,0.007,0.006,0.005,0.063,0.031,0.015,0.037,0.046,0.044
14,B1_1,0.228,0.052,0.061,0.049,0.016,0.018,0.02,0.051,0.086,0.082,0.019,0.014,0.019,0.09,0.118,0.076
14,B1_2,0.373,0.142,0.059,0.038,0.014,0.013,0.013,0.009,0.028,0.064,0.019,0.008,0.011,0.116,0.03,0.063
14,B1_3,0.249,0.1,0.089,0.052,0.011,0.009,0.012,0.031,0.079,0.12,0.013,0.008,0.015,0.102,0.058,0.051
14,A2_1,0.2,0.017,0.011,0.011,0.067,0.02,0.02,0.015,0.019,0.014,0.113,0.105,0.112,0.083,0.052,0.14
14,A2_2,0.167,0.014,0.01,0.012,0.155,0.042,0.046,0.018,0.012,0.011,0.072,0.065,0.206,0.058,0.067,0.043
14,A2_3,0.196,0.014,0.009,0.01,0.116,0.217,0.118,0.008,0.006,0.005,0.064,0.035,0.033,0.055,0.078,0.036
14,B2_1,0.15,0.061,0.078,0.045,0.008,0.005,0.009,0.042,0.142,0.143,0.012,0.01,0.011,0.107,0.068,0.11
14,B2_2,0.242,0.061,0.074,0.046,0.011,0.01,0.012,0.043,0.107,0.107,0.017,0.012,0.015,0.088,0.069,0.085
14,B2_3,0.51,0.015,0.025,0.011,0.008,0.014,0.009,0.016,0.052,0.025,0.046,0.028,0.006,0.033,0.014,0.188
14,y1,0.475,0.021,0.034,0.029,0.04,0.037,0.035,0.057,0.049,0.041,0.028,0.021,0.049,0.025,0.038,0.021
14,y2,0.618,0.017,0.024,0.015,0.037,0.037,0.033,0.023,0.025,0.021,0.04,0.023,0.033,0.02,0.015,0.02
14,y3,0.543,0.02,0.029,0.025,0.04,0.055,0.044,0.04,0.029,0.026,0.029,0.018,0.038,0.02,0.033,0.014
16,.,0.084,0.025,0.02,0.02,0.046,0.041,0.044,0.03,0.035,0.024,0.047,0.06,0.052,0.166,0.177,0.131
16,A1_1,0.159,0.011,0.009,0.014,0.049,0.14,0.099,0.016,0.014,0.012,0.107,0.089,0.028,0.083,0.102,0.067
16,A1_2,0.064,0.01,0.008,0.01,0.067,0.034,0.042,0.016,0.022,0.008,0.112,0.105,0.216,0.095,0.131,0.061
16,A1_3,0.212,0.008,0.011,0.011,0.06,0.075,0.058,0.011,0.012,0.014,0.09,0.145,0.027,0.109,0.092,0.064
16,B1_1,0.282,0.046,0.06,0.076,0.01,0.015,0.014,0.082,0.072,0.134,0.008,0.015,0.009,0.055,0.049,0.072
16,B1_2,0.088,0.348,0.032,0.097,0.004,0.008,0.006,0.017,0.017,0.203,0.006,0.004,0.005,0.039,0.039,0.084
16,B1_3,0.292,0.1,0.054,0.079,0.009,0.012,0.013,0.026,0.032,0.157,0.01,0.02,0.01,0.056,0.05,0.078
16,A2_1,0.08,0.007,0.008,0.008,0.036,0.01,0.029,0.006,0.015,0.006,0.06,0.201,0.338,0.062,0.093,0.041
16,A2_2,0.087,0.009,0.009,0.012,0.05,0.038,0.057,0.02,0.029,0.009,0.09,0.11,0.195,0.084,0.139,0.06
16,A2_3,0.166,0.008,0.008,0.011,0.053,0.069,0.078,0.007,0.01,0.008,0.118,0.183,0.066,0.073,0.09,0.051
16,B2_1,0.135,0.074,0.052,0.074,0.01,0.012,0.011,0.12,0.099,0.162,0.007,0.007,0.012,0.067,0.071,0.087
16,B2_2,0.262,0.075,0.06,0.088,0.008,0.011,0.009,0.063,0.052,0.204,0.006,0.009,0.005,0.046,0.039,0.063
16,B2_3,0.2,0.01,0.041,0.042,0.016,0.014,0.014,0.266,0.167,0.066,0.008,0.012,0.018,0.041,0.046,0.038
16,y1,0.307,0.019,0.021,0.063,0.034,0.027,0.023,0.111,0.069,0.045,0.055,0.032,0.107,0.024,0.038,0.026
16,y2,0.504,0.025,0.03,0.072,0.017,0.022,0.02,0.052,0.038,0.074,0.023,0.029,0.023,0.021,0.026,0.026
16,y3,0.559,0.012,0.022,0.061,0.019,0.023,0.017,0.075,0.038,0.058,0.023,0.026,0.019,0.015,0.017,0.016
18,.,0.032,0.032,0.016,0.033,0.026,0.012,0.027,0.014,0.018,0.03,0.031,0.026,0.031,0.161,0.251,0.26
18,A1_1,0.224,0.008,0.01,0.016,0.092,0.12,0.073,0.035,0.018,0.013,0.056,0.069,0.036,0.065,0.083,0.08
18,A1_2,0.149,0.006,0.008,0.009,0.126,0.069,0.105,0.013,0.01,0.007,0.104,0.098,0.095,0.064,0.058,0.08
18,A1_3,0.114,0.006,0.004,0.009,0.062,0.156,0.119,0.012,0.008,0.006,0.113,0.171,0.035,0.049,0.063,0.072
18,B1_1,0.232,0.027,0.055,0.086,0.013,0.015,0.009,0.215,0.105,0.066,0.005,0.008,0.013,0.045,0.055,0.051
18,B1_2,0.025,0.304,0.028,0.135,0.002,0.002,0.003,0.01,0.021,0.245,0.005,0.004,0.007,0.036,0.099,0.074
18,B1_3,0.084,0.132,0.049,0.102,0.006,0.011,0.008,0.047,0.077,0.221,0.008,0.007,0.008,0.049,0.094,0.099
18,A2_1,0.056,0.004,0.006,0.005,0.036,0.005,0.015,0.002,0.002,0.003,0.028,0.037,0.719,0.031,0.019,0.032
18,A2_2,0.083,0.02,0.011,0.017,0.045,0.037,0.076,0.007,0.011,0.012,0.115,0.137,0.158,0.076,0.074,0.122
18,A2_3,0.185,0.009,0.01,0.012,0.098,0.114,0.089,0.022,0.016,0.011,0.083,0.086,0.045,0.065,0.069,0.087
18,B2_1,0.102,0.058,0.058,0.112,0.005,0.011,0.006,0.16,0.153,0.125,0.004,0.007,0.005,0.046,0.071,0.076
18,B2_2,0.128,0.035,0.039,0.108,0.008,0.018,0.009,0.222,0.109,0.076,0.005,0.009,0.005,0.056,0.098,0.075
18,B2_3,0.174,0.005,0.025,0.031,0.007,0.027,0.007,0.468,0.158,0.019,0.003,0.006,0.002,0.021,0.022,0.025
18,y1,0.484,0.02,0.025,0.056,0.019,0.053,0.023,0.101,0.042,0.037,0.015,0.031,0.029,0.019,0.024,0.022
18,y2,0.46,0.02,0.021,0.059,0.018,0.065,0.029,0.118,0.042,0.033,0.017,0.035,0.018,0.019,0.025,0.021
18,y3,0.423,0.014,0.013,0.028,0.03,0.07,0.042,0.026,0.013,0.013,0.041,0.095,0.13,0.02,0.02,0.022
20,.,0.065,0.051,0.028,0.029,0.028,0.029,0.035,0.039,0.023,0.034,0.052,0.019,0.018,0.114,0.173,0.261
20,A1_1,0.273,0.01,0.005,0.006,0.05,0.135,0.187,0.014,0.011,0.009,0.04,0.07,0.012,0.074,0.07,0.033
20,A1_2,0.188,0.013,0.012,0.013,0.049,0.058,0.078,0.02,0.019,0.011,0.084,0.082,0.045,0.143,0.118,0.065
20,A1_3,0.261,0.015,0.007,0.009,0.067,0.096,0.149,0.016,0.012,0.012,0.058,0.105,0.027,0.063,0.061,0.043
20,B1_1,0.273,0.074,0.061,0.06,0.013,0.029,0.021,0.042,0.062,0.066,0.019,0.017,0.01,0.093,0.077,0.083
20,B1_2,0.075,0.317,0.035,0.096,0.008,0.008,0.008,0.021,0.02,0.127,0.012,0.011,0.009,0.037,0.049,0.168
20,B1_3,0.25,0.146,0.041,0.082,0.012,0.018,0.016,0.027,0.042,0.082,0.012,0.023,0.01,0.082,0.065,0.091
20,A2_1,0.122,0.019,0.011,0.015,0.085,0.03,0.055,0.023,0.015,0.013,0.132,0.141,0.133,0.061,0.064,0.082
20,A2_2,0.057,0.014,0.013,0.011,0.048,0.036,0.042,0.016,0.009,0.01,0.344,0.057,0.123,0.059,0.073,0.088
20,A2_3,0.17,0.016,0.01,0.01,0.06,0.104,0.125,0.016,0.01,0.012,0.13,0.072,0.037,0.079,0.083,0.067
20,B2_1,0.151,0.1,0.101,0.103,0.009,0.009,0.006,0.051,0.087,0.079,0.019,0.013,0.017,0.085,0.068,0.103
20,B2_2,0.235,0.068,0.085,0.075,0.009,0.015,0.011,0.085,0.123,0.085,0.011,0.012,0.008,0.055,0.056,0.066
20,B2_3,0.128,0.029,0.065,0.033,0.026,0.028,0.026,0.095,0.081,0.037,0.036,0.016,0.015,0.106,0.128,0.151
20,y1,0.599,0.018,0.012,0.022,0.021,0.026,0.028,0.018,0.032,0.02,0.02,0.105,0.03,0.023,0.014,0.009
20,y2,0.376,0.036,0.015,0.026,0.037,0.045,0.05,0.018,0.02,0.028,0.074,0.123,0.062,0.033,0.028,0.027
20,y3,0.42,0.048,0.029,0.04,0.03,0.032,0.032,0.035,0.043,0.043,0.039,0.077,0.039,0.034,0.028,0.032
22,.,0.104,0.022,0.013,0.042,0.091,0.039,0.042,0.025,0.035,0.029,0.042,0.049,0.04,0.158,0.22,0.048
22,A1_1,0.144,0.011,0.009,0.014,0.154,0.128,0.124,0.015,0.016,0.011,0.108,0.056,0.016,0.102,0.048,0.044
22,A1_2,0.14,0.008,0.003,0.011,0.254,0.046,0.081,0.008,0.009,0.008,0.133,0.062,0.045,0.107,0.056,0.031
22,A1_3,0.17,0.014,0.012,0.012,0.095,0.051,0.079,0.012,0.009,0.009,0.109,0.061,0.025,0.159,0.063,0.119
22,B1_1,0.184,0.047,0.082,0.105,0.015,0.016,0.013,0.09,0.067,0.092,0.013,0.014,0.017,0.08,0.108,0.055
22,B1_2,0.183,0.132,0.051,0.141,0.014,0.011,0.01,0.015,0.033,0.148,0.01,0.013,0.01,0.104,0.094,0.032
22,B1_3,0.163,0.104,0.141,0.125,0.008,0.013,0.009,0.035,0.037,0.091,0.008,0.016,0.012,0.067,0.105,0.067
22,A2_1,0.225,0.013,0.011,0.017,0.097,0.015,0.032,0.02,0.013,0.012,0.081,0.079,0.123,0.093,0.102,0.068
22,A2_2,0.218,0.016,0.019,0.022,0.064,0.021,0.037,0.032,0.018,0.017,0.072,0.048,0.055,0.143,0.097,0.121
22,A2_3,0.181,0.018,0.012,0.015,0.096,0.06,0.07,0.011,0.015,0.012,0.082,0.131,0.039,0.105,0.093,0.059
22,B2_1,0.199,0.047,0.079,0.081,0.014,0.016,0.015,0.066,0.046,0.077,0.017,0.012,0.012,0.126,0.092,0.1
22,B2_2,0.265,0.048,0.12,0.078,0.008,0.012,0.01,0.087,0.051,0.085,0.012,0.013,0.013,0.064,0.062,0.073
22,B2_3,0.184,0.019,0.099,0.045,0.014,0.02,0.018,0.186,0.06,0.035,0.02,0.018,0.022,0.064,0.082,0.113
22,y1,0.51,0.024,0.027,0.019,0.043,0.028,0.033,0.022,0.018,0.021,0.058,0.084,0.036,0.029,0.022,0.026
22,y2,0.45,0.018,0.024,0.023,0.074,0.044,0.043,0.037,0.026,0.022,0.066,0.074,0.042,0.021,0.021,0.015
22,y3,0.534,0.021,0.028,0.023,0.041,0.026,0.027,0.036,0.027,0.027,0.047,0.068,0.038,0.021,0.02,0.016
24,.,0.078,0.031,0.036,0.023,0.028,0.027,0.022,0.027,0.036,0.044,0.03,0.045,0.03,0.289,0.101,0.154
24,A1_1,0.274,0.018,0.012,0.021,0.113,0.093,0.074,0.016,0.013,0.018,0.043,0.038,0.015,0.123,0.058,0.071
24,A1_2,0.138,0.01,0.004,0.006,0.283,0.061,0.049,0.009,0.015,0.008,0.074,0.083,0.068,0.075,0.059,0.058
24,A1_3,0.195,0.013,0.004,0.011,0.268,0.118,0.085,0.002,0.006,0.011,0.052,0.06,0.025,0.058,0.031,0.059
24,B1_1,0.171,0.096,0.07,0.104,0.015,0.01,0.013,0.053,0.057,0.125,0.01,0.01,0.011,0.085,0.095,0.076
24,B1_2,0.148,0.15,0.099,0.204,0.005,0.008,0.011,0.01,0.017,0.233,0.004,0.004,0.003,0.03,0.027,0.048
24,B1_3,0.131,0.097,0.285,0.077,0.003,0.007,0.009,0.026,0.032,0.197,0.008,0.011,0.01,0.044,0.026,0.035
24,A2_1,0.066,0.008,0.013,0.006,0.044,0.02,0.024,0.01,0.02,0.011,0.068,0.207,0.287,0.103,0.043,0.071
24,A2_2,0.047,0.011,0.01,0.005,0.061,0.013,0.015,0.01,0.026,0.012,0.062,0.151,0.303,0.115,0.075,0.085
24,A2_3,0.22,0.012,0.012,0.016,0.112,0.074,0.066,0.017,0.017,0.014,0.062,0.084,0.048,0.119,0.053,0.072
24,B2_1,0.211,0.074,0.138,0.096,0.007,0.011,0.012,0.085,0.062,0.131,0.008,0.008,0.007,0.066,0.048,0.039
24,B2_2,0.215,0.046,0.062,0.154,0.01,0.011,0.019,0.076,0.046,0.075,0.011,0.016,0.014,0.096,0.068,0.082
24,B2_3,0.103,0.016,0.067,0.038,0.005,0.007,0.008,0.351,0.114,0.033,0.011,0.014,0.015,0.121,0.058,0.04
24,y1,0.424,0.054,0.069,0.075,0.029,0.026,0.03,0.02,0.04,0.093,0.02,0.031,0.028,0.02,0.019,0.023
24,y2,0.587,0.025,0.028,0.062,0.038,0.037,0.049,0.014,0.014,0.034,0.019,0.023,0.015,0.018,0.015,0.019
24,y3,0.41,0.032,0.047,0.053,0.045,0.037,0.037,0.036,0.05,0.054,0.028,0.042,0.034,0.037,0.027,0.03
26,.,0.094,0.038,0.017,0.031,0.031,0.028,0.043,0.019,0.015,0.018,0.044,0.047,0.034,0.187,0.164,0.191
26,A1_1,0.138,0.012,0.014,0.015,0.036,0.089,0.117,0.014,0.025,0.024,0.023,0.034,0.008,0.163,0.139,0.151
26,A1_2,0.158,0.014,0.012,0.016,0.05,0.07,0.102,0.015,0.013,0.012,0.044,0.068,0.031,0.129,0.145,0.12
26,A1_3,0.143,0.011,0.01,0.011,0.049,0.141,0.107,0.008,0.006,0.008,0.051,0.065,0.029,0.103,0.186,0.071
26,B1_1,0.209,0.052,0.088,0.049,0.007,0.008,0.009,0.143,0.188,0.065,0.013,0.009,0.016,0.041,0.057,0.046
26,B1_2,0.427,0.119,0.05,0.059,0.01,0.015,0.015,0.025,0.029,0.096,0.025,0.013,0.015,0.032,0.032,0.038
26,B1_3,0.311,0.107,0.06,0.066,0.008,0.011,0.014,0.04,0.07,0.14,0.016,0.01,0.008,0.046,0.033,0.059
26,A2_1,0.232,0.013,0.017,0.019,0.062,0.022,0.05,0.035,0.017,0.008,0.067,0.17,0.167,0.037,0.045,0.04
26,A2_2,0.188,0.016,0.013,0.016,0.056,0.031,0.053,0.029,0.009,0.006,0.076,0.123,0.181,0.05,0.104,0.05
26,A2_3,0.111,0.011,0.006,0.012,0.073,0.056,0.131,0.007,0.005,0.007,0.056,0.111,0.04,0.128,0.103,0.143
26,B2_1,0.24,0.054,0.054,0.052,0.008,0.011,0.02,0.05,0.156,0.146,0.01,0.008,0.004,0.065,0.031,0.092
26,B2_2,0.092,0.027,0.099,0.039,0.003,0.006,0.005,0.074,0.449,0.092,0.005,0.004,0.003,0.037,0.029,0.035
26,B2_3,0.107,0.015,0.063,0.032,0.011,0.007,0.013,0.143,0.384,0.041,0.01,0.018,0.012,0.051,0.036,0.057
26,y1,0.529,0.022,0.032,0.026,0.029,0.025,0.037,0.039,0.034,0.027,0.037,0.057,0.046,0.019,0.021,0.021
26,y2,0.529,0.033,0.041,0.032,0.021,0.017,0.023,0.049,0.036,0.032,0.038,0.042,0.053,0.015,0.021,0.018
26,y3,0.569,0.016,0.02,0.02,0.034,0.027,0.056,0.027,0.024,0.026,0.032,0.059,0.032,0.019,0.015,0.025
28,.,0.076,0.024,0.027,0.022,0.043,0.044,0.041,0.03,0.026,0.043,0.042,0.051,0.05,0.229,0.107,0.145
28,A1_1,0.261,0.012,0.011,0.013,0.098,0.132,0.129,0.012,0.013,0.008,0.048,0.055,0.011,0.093,0.063,0.044
28,A1_2,0.154,0.006,0.007,0.008,0.115,0.082,0.073,0.009,0.008,0.004,0.072,0.195,0.086,0.066,0.057,0.06
28,A1_3,0.262,0.01,0.012,0.011,0.087,0.143,0.07,0.008,0.008,0.007,0.05,0.15,0.04,0.052,0.042,0.047
28,B1_1,0.107,0.033,0.089,0.377,0.008,0.014,0.008,0.064,0.044,0.055,0.005,0.006,0.006,0.049,0.054,0.081
28,B1_2,0.117,0.095,0.073,0.131,0.009,0.022,0.014,0.023,0.031,0.118,0.008,0.015,0.016,0.127,0.082,0.118
28,B1_3,0.084,0.118,0.052,0.055,0.008,0.019,0.018,0.017,0.031,0.154,0.008,0.009,0.009,0.207,0.099,0.11
28,A2_1,0.1,0.012,0.012,0.01,0.058,0.039,0.032,0.01,0.01,0.012,0.06,0.198,0.231,0.077,0.054,0.086
28,A2_2,0.13,0.015,0.016,0.021,0.056,0.051,0.034,0.012,0.012,0.012,0.054,0.174,0.172,0.075,0.066,0.098
28,A2_3,0.158,0.013,0.013,0.025,0.074,0.111,0.077,0.011,0.01,0.007,0.044,0.113,0.042,0.109,0.096,0.095
28,B2_1,0.216,0.046,0.06,0.068,0.016,0.015,0.016,0.064,0.09,0.091,0.013,0.011,0.011,0.096,0.091,0.096
28,B2_2,0.121,0.047,0.086,0.068,0.01,0.009,0.01,0.109,0.1,0.196,0.012,0.006,0.009,0.091,0.052,0.074
28,B2_3,0.34,0.015,0.039,0.034,0.032,0.019,0.022,0.098,0.115,0.04,0.02,0.014,0.009,0.062,0.074,0.068
28,y1,0.499,0.032,0.048,0.039,0.033,0.03,0.019,0.03,0.032,0.041,0.031,0.049,0.04,0.023,0.023,0.033
28,y2,0.472,0.021,0.044,0.028,0.045,0.024,0.021,0.059,0.048,0.041,0.049,0.038,0.037,0.023,0.021,0.029
28,y3,0.547,0.02,0.026,0.017,0.042,0.034,0.022,0.018,0.022,0.021,0.038,0.076,0.053,0.018,0.02,0.027
30,.,0.053,0.018,0.011,0.016,0.039,0.018,0.042,0.012,0.011,0.021,0.061,0.048,0.056,0.129,0.177,0.29
30,A1_1,0.151,0.016,0.005,0.009,0.067,0.225,0.221,0.005,0.006,0.011,0.043,0.058,0.005,0.055,0.07,0.054
30,A1_2,0.127,0.01,0.007,0.014,0.051,0.038,0.111,0.011,0.007,0.007,0.076,0.167,0.048,0.061,0.138,0.126
30,A1_3,0.171,0.01,0.008,0.012,0.08,0.076,0.099,0.014,0.013,0.007,0.071,0.192,0.031,0.051,0.105,0.059
30,B1_1,0.102,0.072,0.087,0.073,0.007,0.008,0.014,0.066,0.074,0.101,0.009,0.007,0.013,0.084,0.089,0.193
30,B1_2,0.167,0.288,0.051,0.09,0.009,0.011,0.014,0.016,0.032,0.137,0.009,0.008,0.008,0.063,0.042,0.055
30,B1_3,0.186,0.225,0.058,0.076,0.014,0.013,0.013,0.025,0.047,0.124,0.012,0.009,0.011,0.077,0.044,0.067
30,A2_1,0.129,0.014,0.016,0.023,0.032,0.015,0.049,0.02,0.014,0.01,0.06,0.119,0.096,0.074,0.126,0.202
30,A2_2,0.161,0.016,0.012,0.016,0.09,0.041,0.055,0.016,0.016,0.01,0.097,0.145,0.077,0.067,0.091,0.09
30,A2_3,0.106,0.012,0.008,0.016,0.042,0.042,0.11,0.012,0.009,0.01,0.064,0.143,0.04,0.07,0.178,0.14
30,B2_1,0.151,0.062,0.072,0.058,0.016,0.023,0.024,0.07,0.085,0.079,0.013,0.017,0.012,0.086,0.107,0.125
30,B2_2,0.135,0.026,0.125,0.054,0.006,0.009,0.007,0.206,0.203,0.047,0.004,0.009,0.007,0.038,0.06,0.063
30,B2_3,0.126,0.008,0.1,0.028,0.011,0.012,0.009,0.262,0.212,0.02,0.007,0.013,0.012,0.036,0.057,0.086
30,y1,0.474,0.045,0.058,0.055,0.027,0.022,0.018,0.053,0.076,0.023,0.02,0.035,0.024,0.024,0.021,0.025
30,y2,0.5,0.036,0.035,0.047,0.035,0.029,0.031,0.037,0.046,0.018,0.028,0.054,0.025,0.025,0.026,0.028
30,y3,0.393,0.061,0.089,0.072,0.016,0.021,0.014,0.07,0.11,0.039,0.011,0.02,0.013,0.023,0.023,0.024
32,.,0.051,0.062,0.033,0.024,0.022,0.016,0.036,0.034,0.025,0.072,0.074,0.028,0.127,0.098,0.13,0.168
32,A1_1,0.186,0.004,0.007,0.01,0.094,0.09,0.154,0.016,0.012,0.007,0.152,0.046,0.009,0.093,0.036,0.085
32,A1_2,0.103,0.006,0.004,0.009,0.131,0.038,0.14,0.008,0.009,0.003,0.116,0.052,0.018,0.111,0.109,0.143
32,A1_3,0.255,0.011,0.009,0.013,0.081,0.067,0.067,0.018,0.016,0.011,0.141,0.077,0.042,0.081,0.048,0.065
32,B1_1,0.134,0.072,0.13,0.05,0.007,0.01,0.007,0.113,0.153,0.068,0.011,0.005,0.009,0.074,0.069,0.088
32,B1_2,0.097,0.486,0.082,0.08,0.006,0.009,0.006,0.011,0.023,0.092,0.004,0.012,0.008,0.016,0.033,0.035
32,B1_3,0.148,0.084,0.037,0.059,0.021,0.015,0.022,0.03,0.055,0.024,0.013,0.011,0.008,0.109,0.196,0.167
32,A2_1,0.073,0.018,0.008,0.013,0.045,0.01,0.039,0.017,0.019,0.01,0.069,0.028,0.152,0.12,0.223,0.156
32,A2_2,0.117,0.007,0.006,0.007,0.033,0.01,0.026,0.02,0.015,0.01,0.131,0.032,0.408,0.068,0.062,0.048
32,A2_3,0.095,0.007,0.006,0.009,0.09,0.045,0.142,0.012,0.009,0.008,0.186,0.055,0.039,0.102,0.073,0.122
32,B2_1,0.137,0.026,0.074,0.043,0.01,0.01,0.013,0.115,0.172,0.039,0.01,0.004,0.005,0.113,0.096,0.133
32,B2_2,0.119,0.044,0.13,0.052,0.007,0.008,0.013,0.118,0.156,0.119,0.01,0.004,0.013,0.064,0.051,0.091
32,B2_3,0.123,0.009,0.073,0.019,0.005,0.005,0.007,0.242,0.229,0.042,0.018,0.002,0.022,0.092,0.047,0.066
32,y1,0.399,0.072,0.076,0.047,0.026,0.017,0.029,0.029,0.043,0.072,0.032,0.028,0.052,0.028,0.02,0.031
32,y2,0.441,0.047,0.118,0.036,0.018,0.014,0.014,0.05,0.077,0.055,0.026,0.017,0.03,0.024,0.012,0.021
32,y3,0.364,0.068,0.088,0.047,0.036,0.018,0.034,0.031,0.054,0.054,0.031,0.031,0.04,0.033,0.027,0.043
34,.,0.064,0.03,0.016,0.031,0.031,0.021,0.024,0.022,0.03,0.031,0.024,0.045,0.037,0.203,0.2,0.19
34,A1_1,0.267,0.007,0.011,0.006,0.047,0.096,0.281,0.007,0.011,0.008,0.059,0.027,0.011,0.034,0.07,0.058
34,A1_2,0.258,0.009,0.009,0.01,0.07,0.071,0.184,0.013,0.013,0.008,0.094,0.055,0.051,0.043,0.065,0.05
34,A1_3,0.241,0.013,0.008,0.009,0.138,0.065,0.144,0.009,0.01,0.009,0.061,0.099,0.053,0.029,0.055,0.057
34,B1_1,0.202,0.056,0.094,0.079,0.008,0.01,0.008,0.062,0.101,0.101,0.015,0.01,0.021,0.093,0.079,0.061
34,B1_2,0.093,0.14,0.044,0.244,0.012,0.012,0.007,0.02,0.029,0.12,0.01,0.007,0.016,0.089,0.076,0.081
34,B1_3,0.135,0.082,0.073,0.092,0.011,0.01,0.008,0.032,0.063,0.103,0.014,0.013,0.023,0.126,0.115,0.099
34,A2_1,0.088,0.021,0.004,0.014,0.115,0.018,0.026,0.009,0.007,0.008,0.051,0.156,0.381,0.034,0.035,0.034
34,A2_2,0.186,0.015,0.01,0.009,0.094,0.031,0.066,0.01,0.014,0.011,0.072,0.137,0.145,0.06,0.075,0.066
34,A2_3,0.205,0.008,0.008,0.005,0.11,0.044,0.117,0.01,0.013,0.007,0.073,0.145,0.092,0.041,0.066,0.058
34,B2_1,0.211,0.037,0.102,0.056,0.007,0.012,0.011,0.083,0.135,0.101,0.011,0.008,0.008,0.076,0.077,0.065
34,B2_2,0.201,0.023,0.075,0.061,0.006,0.01,0.008,0.247,0.159,0.064,0.01,0.007,0.011,0.042,0.044,0.033
34,B2_3,0.17,0.008,0.049,0.015,0.006,0.011,0.012,0.3,0.223,0.037,0.011,0.013,0.01,0.049,0.048,0.038
34,y1,0.297,0.043,0.021,0.058,0.063,0.025,0.025,0.072,0.042,0.036,0.036,0.058,0.152,0.024,0.023,0.024
34,y2,0.533,0.025,0.037,0.032,0.029,0.025,0.036,0.041,0.039,0.028,0.041,0.022,0.056,0.017,0.021,0.017
34,y3,0.415,0.023,0.022,0.031,0.05,0.035,0.05,0.054,0.038,0.024,0.052,0.043,0.098,0.021,0.023,0.02
36,.,0.065,0.037,0.031,0.053,0.02,0.016,0.019,0.028,0.049,0.064,0.013,0.017,0.017,0.176,0.181,0.213
36,A1_1,0.391,0.012,0.009,0.01,0.048,0.124,0.117,0.015,0.007,0.007,0.04,0.035,0.012,0.039,0.099,0.036
36,A1_2,0.235,0.009,0.009,0.005,0.063,0.058,0.087,0.014,0.01,0.005,0.078,0.055,0.143,0.077,0.086,0.066
36,A1_3,0.294,0.01,0.007,0.013,0.059,0.087,0.097,0.015,0.012,0.008,0.048,0.056,0.043,0.063,0.128,0.061
36,B1_1,0.194,0.075,0.055,0.127,0.006,0.008,0.006,0.083,0.088,0.188,0.005,0.007,0.006,0.039,0.044,0.07
36,B1_2,0.229,0.11,0.028,0.241,0.01,0.013,0.008,0.023,0.033,0.16,0.01,0.014,0.006,0.023,0.052,0.042
36,B1_3,0.55,0.083,0.073,0.041,0.009,0.014,0.012,0.035,0.028,0.055,0.007,0.007,0.005,0.021,0.025,0.034
36,A2_1,0.106,0.011,0.009,0.008,0.025,0.01,0.015,0.011,0.018,0.006,0.037,0.039,0.47,0.082,0.058,0.094
36,A2_2,0.192,0.019,0.011,0.018,0.053,0.03,0.033,0.016,0.017,0.013,0.079,0.077,0.215,0.068,0.088,0.073
36,A2_3,0.347,0.012,0.009,0.01,0.052,0.097,0.112,0.012,0.007,0.006,0.057,0.046,0.032,0.049,0.105,0.048
36,B2_1,0.248,0.059,0.066,0.07,0.008,0.008,0.008,0.093,0.103,0.122,0.006,0.008,0.013,0.053,0.043,0.091
36,B2_2,0.169,0.057,0.047,0.108,0.007,0.01,0.007,0.16,0.076,0.182,0.006,0.008,0.005,0.037,0.055,0.067
36,B2_3,0.234,0.017,0.041,0.017,0.013,0.016,0.017,0.194,0.101,0.039,0.009,0.011,0.029,0.087,0.06,0.114
36,y1,0.63,0.026,0.018,0.023,0.03,0.024,0.023,0.034,0.024,0.025,0.028,0.029,0.033,0.015,0.019,0.018
36,y2,0.652,0.027,0.017,0.031,0.019,0.027,0.024,0.048,0.021,0.034,0.022,0.02,0.014,0.011,0.019,0.016
36,y3,0.653,0.042,0.026,0.029,0.023,0.016,0.014,0.027,0.023,0.033,0.024,0.024,0.027,0.011,0.014,0.015
38,.,0.042,0.016,0.017,0.02,0.029,0.041,0.028,0.016,0.016,0.02,0.02,0.025,0.017,0.261,0.202,0.228
38,A1_1,0.09,0.013,0.005,0.016,0.039,0.332,0.163,0.008,0.009,0.017,0.038,0.03,0.007,0.09,0.067,0.076
38,A1_2,0.053,0.005,0.005,0.007,0.078,0.086,0.065,0.018,0.013,0.004,0.043,0.045,0.024,0.195,0.18,0.178
38,A1_3,0.09,0.009,0.007,0.012,0.049,0.096,0.06,0.012,0.008,0.007,0.036,0.132,0.067,0.102,0.13,0.181
38,B1_1,0.175,0.068,0.143,0.086,0.008,0.009,0.007,0.065,0.093,0.123,0.01,0.01,0.012,0.073,0.061,0.059
38,B1_2,0.076,0.082,0.059,0.105,0.007,0.02,0.014,0.013,0.023,0.227,0.006,0.01,0.009,0.159,0.08,0.109
38,B1_3,0.173,0.084,0.106,0.083,0.014,0.013,0.011,0.039,0.059,0.113,0.013,0.017,0.022,0.098,0.072,0.082
38,A2_1,0.082,0.015,0.017,0.014,0.046,0.025,0.022,0.014,0.011,0.009,0.043,0.154,0.206,0.078,0.1,0.164
38,A2_2,0.084,0.013,0.012,0.012,0.048,0.035,0.03,0.011,0.009,0.008,0.04,0.17,0.185,0.079,0.099,0.164
38,A2_3,0.116,0.011,0.007,0.016,0.04,0.209,0.103,0.012,0.01,0.012,0.038,0.087,0.028,0.084,0.099,0.129
38,B2_1,0.17,0.045,0.07,0.063,0.014,0.021,0.016,0.065,0.078,0.086,0.01,0.01,0.007,0.149,0.109,0.089
38,B2_2,0.196,0.035,0.095,0.054,0.01,0.01,0.01,0.115,0.116,0.079,0.01,0.01,0.012,0.097,0.086,0.066
38,B2_3,0.255,0.013,0.057,0.028,0.01,0.012,0.011,0.206,0.13,0.031,0.009,0.012,0.01,0.069,0.092,0.055
38,y1,0.473,0.037,0.051,0.03,0.028,0.016,0.019,0.061,0.071,0.026,0.042,0.038,0.054,0.016,0.018,0.019
38,y2,0.398,0.027,0.028,0.025,0.058,0.039,0.043,0.058,0.064,0.019,0.071,0.039,0.041,0.032,0.03,0.028
38,y3,0.405,0.05,0.05,0.053,0.024,0.037,0.031,0.053,0.076,0.059,0.031,0.02,0.017,0.035,0.029,0.028
40,.,0.11,0.066,0.039,0.07,0.035,0.039,0.027,0.032,0.023,0.043,0.035,0.034,0.022,0.147,0.159,0.12
40,A1_1,0.101,0.011,0.005,0.012,0.049,0.124,0.274,0.02,0.01,0.007,0.032,0.074,0.005,0.056,0.083,0.137
40,A1_2,0.2,0.019,0.011,0.014,0.082,0.056,0.077,0.018,0.016,0.012,0.077,0.135,0.046,0.064,0.081,0.091
40,A1_3,0.189,0.021,0.007,0.012,0.103,0.124,0.095,0.013,0.008,0.008,0.101,0.149,0.021,0.039,0.057,0.053
40,B1_1,0.27,0.07,0.138,0.109,0.008,0.009,0.008,0.068,0.071,0.082,0.011,0.013,0.011,0.054,0.043,0.034
40,B1_2,0.259,0.211,0.053,0.199,0.006,0.012,0.01,0.02,0.012,0.092,0.008,0.014,0.006,0.03,0.038,0.029
40,B1_3,0.345,0.142,0.079,0.112,0.007,0.009,0.009,0.024,0.032,0.132,0.009,0.014,0.01,0.022,0.032,0.021
40,A2_1,0.199,0.017,0.013,0.015,0.08,0.024,0.024,0.017,0.016,0.009,0.093,0.147,0.127,0.081,0.067,0.071
40,A2_2,0.178,0.01,0.005,0.007,0.072,0.029,0.08,0.01,0.019,0.008,0.073,0.199,0.128,0.041,0.059,0.081
40,A2_3,0.167,0.021,0.007,0.012,0.092,0.089,0.106,0.011,0.009,0.009,0.088,0.161,0.033,0.05,0.072,0.077
40,B2_1,0.325,0.05,0.1,0.06,0.006,0.008,0.016,0.057,0.135,0.136,0.007,0.011,0.01,0.021,0.031,0.026
40,B2_2,0.217,0.063,0.089,0.171,0.004,0.006,0.012,0.095,0.068,0.093,0.004,0.008,0.006,0.054,0.051,0.059
40,B2_3,0.159,0.008,0.093,0.021,0.008,0.006,0.018,0.15,0.339,0.044,0.007,0.009,0.01,0.044,0.039,0.046
40,y1,0.568,0.03,0.021,0.018,0.023,0.027,0.058,0.02,0.03,0.027,0.031,0.079,0.019,0.011,0.018,0.018
40,y2,0.589,0.039,0.027,0.024,0.022,0.031,0.042,0.024,0.028,0.033,0.029,0.057,0.012,0.01,0.017,0.015
40,y3,0.535,0.036,0.032,0.025,0.032,0.033,0.036,0.028,0.027,0.026,0.042,0.069,0.017,0.019,0.024,0.021
42,.,0.061,0.129,0.035,0.024,0.022,0.051,0.021,0.014,0.018,0.025,0.016,0.028,0.022,0.172,0.248,0.114
42,A1_1,0.423,0.016,0.009,0.02,0.063,0.046,0.062,0.02,0.011,0.021,0.085,0.034,0.016,0.046,0.048,0.08
42,A1_2,0.121,0.017,0.01,0.014,0.072,0.039,0.049,0.008,0.013,0.01,0.07,0.057,0.066,0.152,0.175,0.128
42,A1_3,0.253,0.016,0.009,0.012,0.086,0.1,0.07,0.016,0.01,0.012,0.081,0.06,0.027,0.087,0.067,0.095
42,B1_1,0.171,0.04,0.084,0.077,0.011,0.011,0.01,0.114,0.09,0.054,0.011,0.01,0.015,0.067,0.136,0.097
42,B1_2,0.304,0.118,0.055,0.19,0.009,0.005,0.007,0.027,0.026,0.092,0.009,0.01,0.014,0.04,0.057,0.039
42,B1_3,0.084,0.492,0.095,0.047,0.004,0.012,0.004,0.013,0.017,0.042,0.003,0.008,0.006,0.052,0.092,0.029
42,A2_1,0.265,0.017,0.01,0.027,0.056,0.021,0.037,0.013,0.014,0.012,0.066,0.063,0.119,0.112,0.095,0.073
42,A2_2,0.335,0.02,0.009,0.03,0.055,0.019,0.042,0.013,0.013,0.016,0.078,0.053,0.09,0.082,0.078,0.066
42,A2_3,0.206,0.023,0.009,0.012,0.08,0.09,0.069,0.011,0.01,0.011,0.084,0.065,0.041,0.104,0.091,0.093
42,B2_1,0.237,0.049,0.071,0.084,0.011,0.01,0.012,0.105,0.086,0.058,0.014,0.012,0.02,0.054,0.105,0.071
42,B2_2,0.208,0.03,0.083,0.122,0.008,0.005,0.008,0.125,0.114,0.07,0.009,0.007,0.015,0.04,0.09,0.066
42,B2_3,0.132,0.008,0.046,0.036,0.012,0.008,0.012,0.217,0.141,0.029,0.015,0.009,0.016,0.057,0.136,0.126
42,y1,0.65,0.023,0.014,0.049,0.023,0.016,0.025,0.028,0.015,0.032,0.036,0.017,0.017,0.017,0.016,0.023
42,y2,0.623,0.031,0.021,0.041,0.02,0.022,0.023,0.034,0.019,0.023,0.033,0.022,0.03,0.021,0.019,0.019
42,y3,0.54,0.015,0.023,0.063,0.022,0.013,0.023,0.065,0.038,0.038,0.034,0.015,0.021,0.023,0.028,0.038
44,.,0.058,0.026,0.04,0.026,0.026,0.017,0.02,0.051,0.082,0.039,0.021,0.027,0.013,0.156,0.217,0.182
44,A1_1,0.226,0.024,0.009,0.017,0.108,0.102,0.148,0.015,0.022,0.012,0.066,0.066,0.016,0.041,0.075,0.053
44,A1_2,0.2,0.01,0.006,0.011,0.19,0.041,0.125,0.011,0.011,0.007,0.093,0.082,0.052,0.041,0.059,0.06
44,A1_3,0.212,0.007,0.007,0.01,0.224,0.047,0.113,0.016,0.018,0.007,0.076,0.088,0.034,0.03,0.054,0.056
44,B1_1,0.237,0.061,0.095,0.048,0.009,0.007,0.005,0.052,0.092,0.079,0.009,0.012,0.019,0.101,0.089,0.085
44,B1_2,0.155,0.277,0.038,0.166,0.005,0.012,0.01,0.015,0.038,0.062,0.01,0.009,0.007,0.072,0.083,0.042
44,B1_3,0.436,0.152,0.033,0.044,0.007,0.016,0.013,0.018,0.052,0.044,0.01,0.012,0.008,0.058,0.061,0.037
44,A2_1,0.248,0.011,0.014,0.011,0.114,0.015,0.035,0.019,0.012,0.015,0.073,0.086,0.146,0.079,0.051,0.071
44,A2_2,0.212,0.014,0.008,0.009,0.103,0.018,0.054,0.008,0.005,0.013,0.111,0.078,0.212,0.07,0.037,0.048
44,A2_3,0.251,0.015,0.011,0.012,0.136,0.061,0.091,0.02,0.021,0.016,0.081,0.094,0.033,0.045,0.06,0.052
44,B2_1,0.137,0.042,0.128,0.064,0.007,0.005,0.004,0.077,0.177,0.105,0.005,0.007,0.008,0.058,0.093,0.082
44,B2_2,0.204,0.042,0.087,0.041,0.015,0.01,0.008,0.068,0.105,0.091,0.013,0.017,0.02,0.09,0.099,0.091
44,B2_3,0.125,0.009,0.098,0.023,0.025,0.008,0.008,0.113,0.204,0.046,0.008,0.014,0.012,0.056,0.112,0.139
44,y1,0.629,0.025,0.013,0.018,0.052,0.024,0.033,0.012,0.016,0.02,0.036,0.034,0.033,0.017,0.02,0.018
44,y2,0.472,0.038,0.057,0.036,0.025,0.022,0.013,0.042,0.055,0.096,0.022,0.022,0.023,0.023,0.03,0.025
44,y3,0.448,0.014,0.025,0.017,0.094,0.028,0.033,0.031,0.029,0.039,0.055,0.055,0.053,0.021,0.028,0.03
46,.,0.057,0.051,0.063,0.062,0.034,0.017,0.033,0.025,0.044,0.041,0.05,0.044,0.023,0.24,0.131,0.083
46,A1_1,0.465,0.012,0.004,0.018,0.032,0.077,0.058,0.014,0.011,0.019,0.047,0.035,0.012,0.033,0.083,0.08
46,A1_2,0.192,0.012,0.006,0.012,0.099,0.084,0.124,0.011,0.015,0.007,0.128,0.139,0.037,0.054,0.042,0.036
46,A1_3,0.475,0.016,0.008,0.016,0.044,0.06,0.05,0.01,0.012,0.018,0.044,0.069,0.025,0.032,0.066,0.055
46,B1_1,0.196,0.037,0.119,0.07,0.006,0.008,0.007,0.064,0.083,0.087,0.006,0.006,0.009,0.08,0.128,0.094
46,B1_2,0.23,0.093,0.083,0.094,0.009,0.01,0.007,0.019,0.031,0.135,0.009,0.013,0.011,0.062,0.107,0.087
46,B1_3,0.122,0.095,0.225,0.097,0.007,0.006,0.005,0.032,0.077,0.102,0.006,0.011,0.011,0.078,0.075,0.054
46,A2_1,0.266,0.012,0.01,0.013,0.074,0.011,0.021,0.01,0.006,0.015,0.051,0.069,0.181,0.054,0.099,0.107
46,A2_2,0.27,0.01,0.006,0.011,0.092,0.016,0.032,0.011,0.006,0.011,0.076,0.075,0.155,0.052,0.076,0.1
46,A2_3,0.284,0.017,0.008,0.016,0.062,0.044,0.049,0.006,0.006,0.019,0.063,0.111,0.048,0.055,0.125,0.088
46,B2_1,0.199,0.049,0.115,0.06,0.011,0.016,0.015,0.09,0.223,0.051,0.01,0.011,0.007,0.067,0.039,0.038
46,B2_2,0.295,0.03,0.06,0.058,0.008,0.014,0.011,0.065,0.075,0.077,0.008,0.007,0.008,0.064,0.119,0.101
46,B2_3,0.381,0.007,0.022,0.017,0.012,0.014,0.012,0.069,0.047,0.031,0.008,0.007,0.014,0.051,0.162,0.147
46,y1,0.468,0.053,0.035,0.044,0.034,0.05,0.043,0.027,0.06,0.019,0.03,0.056,0.025,0.024,0.015,0.018
46,y2,0.515,0.04,0.03,0.055,0.028,0.037,0.034,0.034,0.044,0.021,0.021,0.033,0.033,0.023,0.024,0.026
46,y3,0.537,0.033,0.022,0.029,0.034,0.055,0.045,0.025,0.05,0.014,0.03,0.051,0.023,0.019,0.015,0.017
48,.,0.05,0.046,0.051,0.056,0.041,0.019,0.063,0.026,0.041,0.019,0.061,0.057,0.022,0.088,0.161,0.2
48,A1_1,0.227,0.014,0.022,0.012,0.037,0.075,0.14,0.015,0.012,0.009,0.057,0.092,0.011,0.08,0.096,0.102
48,A1_2,0.137,0.014,0.019,0.015,0.081,0.025,0.13,0.012,0.014,0.007,0.187,0.144,0.04,0.037,0.064,0.073
48,A1_3,0.249,0.013,0.012,0.01,0.056,0.074,0.137,0.008,0.008,0.007,0.08,0.121,0.016,0.064,0.071,0.074
48,B1_1,0.17,0.087,0.151,0.077,0.004,0.007,0.008,0.064,0.182,0.063,0.004,0.008,0.005,0.075,0.045,0.047
48,B1_2,0.329,0.115,0.055,0.107,0.014,0.023,0.012,0.02,0.019,0.09,0.016,0.019,0.023,0.068,0.048,0.043
48,B1_3,0.122,0.384,0.056,0.064,0.003,0.004,0.005,0.017,0.095,0.043,0.007,0.007,0.01,0.09,0.042,0.05
48,A2_1,0.333,0.01,0.007,0.012,0.087,0.019,0.036,0.009,0.013,0.01,0.127,0.105,0.092,0.048,0.041,0.048
48,A2_2,0.255,0.013,0.006,0.01,0.075,0.02,0.041,0.008,0.009,0.007,0.197,0.093,0.106,0.051,0.049,0.061
48,A2_3,0.169,0.008,0.01,0.008,0.069,0.067,0.162,0.006,0.007,0.005,0.085,0.155,0.013,0.065,0.08,0.09
48,B2_1,0.179,0.128,0.072,0.057,0.005,0.007,0.007,0.052,0.194,0.055,0.006,0.009,0.009,0.11,0.053,0.059
48,B2_2,0.174,0.061,0.071,0.091,0.008,0.011,0.006,0.089,0.152,0.098,0.006,0.008,0.015,0.095,0.057,0.058
48,B2_3,0.101,0.012,0.054,0.016,0.004,0.004,0.007,0.168,0.469,0.02,0.006,0.007,0.007,0.05,0.034,0.041
48,y1,0.574,0.016,0.029,0.033,0.031,0.029,0.022,0.031,0.024,0.046,0.034,0.039,0.035,0.024,0.018,0.014
48,y2,0.534,0.019,0.073,0.03,0.022,0.022,0.047,0.032,0.041,0.03,0.03,0.054,0.013,0.02,0.018,0.014
48,y3,0.347,0.021,0.1,0.044,0.041,0.02,0.077,0.038,0.039,0.03,0.074,0.085,0.025,0.017,0.024,0.02
50,.,0.059,0.022,0.026,0.031,0.02,0.023,0.023,0.066,0.071,0.041,0.019,0.022,0.034,0.117,0.155,0.269
50,A1_1,0.09,0.013,0.022,0.016,0.108,0.212,0.117,0.012,0.009,0.005,0.04,0.04,0.008,0.088,0.11,0.109
50,A1_2,0.141,0.02,0.006,0.011,0.309,0.044,0.037,0.005,0.005,0.006,0.074,0.062,0.032,0.091,0.101,0.056
50,A1_3,0.192,0.011,0.013,0.014,0.203,0.146,0.083,0.007,0.005,0.006,0.053,0.063,0.019,0.051,0.077,0.056
50,B1_1,0.282,0.046,0.175,0.115,0.007,0.023,0.011,0.061,0.066,0.048,0.006,0.008,0.005,0.038,0.033,0.077
50,B1_2,0.264,0.086,0.093,0.185,0.008,0.008,0.005,0.016,0.031,0.121,0.007,0.008,0.031,0.021,0.041,0.075
50,B1_3,0.177,0.16,0.152,0.204,0.006,0.01,0.005,0.014,0.034,0.081,0.005,0.004,0.01,0.029,0.036,0.072
50,A2_1,0.377,0.009,0.004,0.004,0.162,0.015,0.024,0.018,0.018,0.006,0.06,0.072,0.048,0.082,0.07,0.031
50,A2_2,0.283,0.012,0.004,0.007,0.201,0.025,0.035,0.007,0.006,0.005,0.082,0.072,0.044,0.076,0.099,0.041
