,,.,A1_1,A1_2,A1_3,B1_1,B1_2,B1_3,A2_1,A2_2,A2_3,B2_1,B2_2,B2_3,y1,y2,y3
0,.,1.0,0.112,0.36,-0.363,-0.271,-0.072,-0.299,-0.408,0.161,-0.116,0.022,-0.626,-0.29,-0.346,-0.439,0.217
0,A1_1,0.112,1.0,-0.189,-0.489,-0.477,-0.059,-0.14,0.06,-0.071,-0.083,0.105,0.084,0.107,0.238,-0.659,-0.615
0,A1_2,0.36,-0.189,1.0,0.407,-0.237,0.042,-0.087,-0.818,-0.011,0.107,0.466,-0.565,-0.274,-0.793,-0.263,0.556
0,A1_3,-0.363,-0.489,0.407,1.0,0.432,0.035,0.657,-0.02,-0.443,0.218,-0.069,0.13,0.513,-0.481,0.092,0.298
0,B1_1,-0.271,-0.477,-0.237,0.432,1.0,0.333,0.4,0.393,-0.222,0.014,-0.349,0.289,0.578,0.173,0.249,0.005
0,B1_2,-0.072,-0.059,0.042,0.035,0.333,1.0,0.078,-0.23,0.187,0.482,-0.134,-0.3,0.193,-0.295,-0.027,0.234
0,B1_3,-0.299,-0.14,-0.087,0.657,0.4,0.078,1.0,0.333,-0.396,-0.139,-0.0,0.1,0.775,-0.2,-0.246,-0.293
0,A2_1,-0.408,0.06,-0.818,-0.02,0.393,-0.23,0.333,1.0,-0.527,-0.116,-0.481,0.604,0.472,0.77,0.142,-0.425
0,A2_2,0.161,-0.071,-0.011,-0.443,-0.222,0.187,-0.396,-0.527,1.0,-0.171,0.158,-0.262,-0.394,-0.158,0.343,0.023
0,A2_3,-0.116,-0.083,0.107,0.218,0.014,0.482,-0.139,-0.116,-0.171,1.0,-0.446,0.197,-0.059,-0.349,0.108,0.412
0,B2_1,0.022,0.105,0.466,-0.069,-0.349,-0.134,-0.0,-0.481,0.158,-0.446,1.0,-0.307,-0.412,-0.198,-0.373,-0.215
0,B2_2,-0.626,0.084,-0.565,0.13,0.289,-0.3,0.1,0.604,-0.262,0.197,-0.307,1.0,0.236,0.518,0.249,-0.487
0,B2_3,-0.29,0.107,-0.274,0.513,0.578,0.193,0.775,0.472,-0.394,-0.059,-0.412,0.236,1.0,0.042,-0.186,-0.311
0,y1,-0.346,0.238,-0.793,-0.481,0.173,-0.295,-0.2,0.77,-0.158,-0.349,-0.198,0.518,0.042,1.0,0.229,-0.481
0,y2,-0.439,-0.659,-0.263,0.092,0.249,-0.027,-0.246,0.142,0.343,0.108,-0.373,0.249,-0.186,0.229,1.0,0.427
0,y3,0.217,-0.615,0.556,0.298,0.005,0.234,-0.293,-0.425,0.023,0.412,-0.215,-0.487,-0.311,-0.481,0.427,1.0
500,.,1.0,-0.345,0.354,-0.219,-0.139,0.174,-0.323,-0.47,0.185,0.239,-0.161,-0.65,-0.511,-0.37,-0.18,0.045
500,A1_1,-0.345,1.0,-0.065,-0.273,-0.391,-0.036,0.087,0.264,0.125,-0.004,0.342,0.18,0.261,-0.308,-0.561,-0.682
500,A1_2,0.354,-0.065,1.0,0.438,-0.443,-0.173,-0.072,-0.602,0.183,0.012,0.477,-0.651,-0.315,-0.512,-0.281,-0.006
500,A1_3,-0.219,-0.273,0.438,1.0,0.181,-0.148,0.684,0.148,-0.12,0.016,0.124,-0.081,0.431,-0.215,-0.137,-0.059
500,B1_1,-0.139,-0.391,-0.443,0.181,1.0,0.407,0.483,0.227,-0.416,-0.196,-0.236,0.397,0.628,0.376,0.107,0.071
500,B1_2,0.174,-0.036,-0.173,-0.148,0.407,1.0,0.235,-0.326,-0.069,0.449,-0.002,0.02,0.327,-0.215,-0.196,-0.01
500,B1_3,-0.323,0.087,-0.072,0.684,0.483,0.235,1.0,0.479,-0.33,0.124,0.212,0.339,0.789,-0.337,-0.538,-0.473
500,A2_1,-0.47,0.264,-0.602,0.148,0.227,-0.326,0.479,1.0,-0.318,-0.209,-0.268,0.441,0.504,0.278,-0.105,-0.29
500,A2_2,0.185,0.125,0.183,-0.12,-0.416,-0.069,-0.33,-0.318,1.0,-0.133,0.034,-0.414,-0.365,-0.195,0.098,-0.305
500,A2_3,0.239,-0.004,0.012,0.016,-0.196,0.449,0.124,-0.209,-0.133,1.0,-0.198,0.142,0.043,-0.529,-0.192,0.028
500,B2_1,-0.161,0.342,0.477,0.124,-0.236,-0.002,0.212,-0.268,0.034,-0.198,1.0,-0.021,-0.106,-0.508,-0.565,-0.376
500,B2_2,-0.65,0.18,-0.651,-0.081,0.397,0.02,0.339,0.441,-0.414,0.142,-0.021,1.0,0.477,0.194,0.046,-0.129
500,B2_3,-0.511,0.261,-0.315,0.431,0.628,0.327,0.789,0.504,-0.365,0.043,-0.106,0.477,1.0,0.041,-0.28,-0.36
500,y1,-0.37,-0.308,-0.512,-0.215,0.376,-0.215,-0.337,0.278,-0.195,-0.529,-0.508,0.194,0.041,1.0,0.805,0.603
500,y2,-0.18,-0.561,-0.281,-0.137,0.107,-0.196,-0.538,-0.105,0.098,-0.192,-0.565,0.046,-0.28,0.805,1.0,0.791
500,y3,0.045,-0.682,-0.006,-0.059,0.071,-0.01,-0.473,-0.29,-0.305,0.028,-0.376,-0.129,-0.36,0.603,0.791,1.0
1000,.,1.0,-0.307,0.331,-0.302,-0.171,0.143,-0.437,-0.494,0.224,0.15,-0.245,-0.686,-0.551,-0.235,-0.198,-0.01
1000,A1_1,-0.307,1.0,-0.021,-0.22,-0.394,-0.013,0.119,0.265,0.172,0.057,0.421,0.194,0.26,-0.48,-0.504,-0.668
1000,A1_2,0.331,-0.021,1.0,0.432,-0.47,-0.17,-0.06,-0.575,0.227,0.024,0.502,-0.655,-0.325,-0.452,-0.439,-0.139
1000,A1_3,-0.302,-0.22,0.432,1.0,0.145,-0.148,0.693,0.18,-0.032,0.053,0.166,-0.072,0.418,-0.144,-0.203,-0.095
1000,B1_1,-0.171,-0.394,-0.47,0.145,1.0,0.405,0.484,0.216,-0.42,-0.253,-0.217,0.395,0.621,0.329,0.126,0.084
1000,B1_2,0.143,-0.013,-0.17,-0.148,0.405,1.0,0.24,-0.31,-0.085,0.421,0.029,0.043,0.337,-0.263,-0.119,-0.006
1000,B1_3,-0.437,0.119,-0.06,0.693,0.484,0.24,1.0,0.504,-0.305,0.165,0.255,0.359,0.793,-0.354,-0.47,-0.421
1000,A2_1,-0.494,0.265,-0.575,0.18,0.216,-0.31,0.504,1.0,-0.274,-0.157,-0.232,0.428,0.503,0.176,0.006,-0.205
1000,A2_2,0.224,0.172,0.227,-0.032,-0.42,-0.085,-0.305,-0.274,1.0,-0.08,0.044,-0.394,-0.355,-0.163,-0.039,-0.348
1000,A2_3,0.15,0.057,0.024,0.053,-0.253,0.421,0.165,-0.157,-0.08,1.0,-0.083,0.169,0.03,-0.538,-0.211,-0.029
1000,B2_1,-0.245,0.421,0.502,0.166,-0.217,0.029,0.255,-0.232,0.044,-0.083,1.0,0.015,-0.036,-0.598,-0.63,-0.484
1000,B2_2,-0.686,0.194,-0.655,-0.072,0.395,0.043,0.359,0.428,-0.394,0.169,0.015,1.0,0.507,0.096,0.094,-0.089
1000,B2_3,-0.551,0.26,-0.325,0.418,0.621,0.337,0.793,0.503,-0.355,0.03,-0.036,0.507,1.0,-0.025,-0.177,-0.267
1000,y1,-0.235,-0.48,-0.452,-0.144,0.329,-0.263,-0.354,0.176,-0.163,-0.538,-0.598,0.096,-0.025,1.0,0.907,0.733
1000,y2,-0.198,-0.504,-0.439,-0.203,0.126,-0.119,-0.47,0.006,-0.039,-0.211,-0.63,0.094,-0.177,0.907,1.0,0.848
1000,y3,-0.01,-0.668,-0.139,-0.095,0.084,-0.006,-0.421,-0.205,-0.348,-0.029,-0.484,-0.089,-0.267,0.733,0.848,1.0
1500,.,1.0,-0.364,0.157,-0.361,-0.176,0.147,-0.446,-0.556,0.082,-0.162,-0.194,-0.669,-0.577,-0.126,-0.098,0.005
1500,A1_1,-0.364,1.0,0.155,-0.057,-0.328,-0.01,0.178,0.374,0.353,0.254,0.499,0.221,0.339,-0.55,-0.602,-0.658
1500,A1_2,0.157,0.155,1.0,0.523,-0.465,-0.18,0.099,-0.31,0.271,0.134,0.569,-0.518,-0.149,-0.486,-0.479,-0.297
1500,A1_3,-0.361,-0.057,0.523,1.0,0.086,-0.184,0.694,0.367,0.147,0.257,0.178,-0.064,0.414,-0.204,-0.24,-0.214
1500,B1_1,-0.176,-0.328,-0.465,0.086,1.0,0.461,0.537,0.136,-0.445,-0.204,-0.148,0.406,0.635,0.198,0.069,0.015
1500,B1_2,0.147,-0.01,-0.18,-0.184,0.461,1.0,0.287,-0.312,-0.139,0.317,0.127,0.09,0.379,-0.274,-0.129,-0.101
1500,B1_3,-0.446,0.178,0.099,0.694,0.537,0.287,1.0,0.515,-0.121,0.423,0.323,0.408,0.822,-0.456,-0.514,-0.536
1500,A2_1,-0.556,0.374,-0.31,0.367,0.136,-0.312,0.515,1.0,-0.032,0.122,-0.147,0.354,0.495,0.003,-0.151,-0.271
1500,A2_2,0.082,0.353,0.271,0.147,-0.445,-0.139,-0.121,-0.032,1.0,-0.012,0.171,-0.265,-0.183,-0.302,-0.23,-0.384
1500,A2_3,-0.162,0.254,0.134,0.257,-0.204,0.317,0.423,0.122,-0.012,1.0,0.192,0.349,0.288,-0.571,-0.327,-0.316
1500,B2_1,-0.194,0.499,0.569,0.178,-0.148,0.127,0.323,-0.147,0.171,0.192,1.0,0.11,0.098,-0.738,-0.717,-0.632
1500,B2_2,-0.669,0.221,-0.518,-0.064,0.406,0.09,0.408,0.354,-0.265,0.349,0.11,1.0,0.54,-0.049,-0.017,-0.17
1500,B2_3,-0.577,0.339,-0.149,0.414,0.635,0.379,0.822,0.495,-0.183,0.288,0.098,0.54,1.0,-0.194,-0.296,-0.367
1500,y1,-0.126,-0.55,-0.486,-0.204,0.198,-0.274,-0.456,0.003,-0.302,-0.571,-0.738,-0.049,-0.194,1.0,0.929,0.885
1500,y2,-0.098,-0.602,-0.479,-0.24,0.069,-0.129,-0.514,-0.151,-0.23,-0.327,-0.717,-0.017,-0.296,0.929,1.0,0.953
1500,y3,0.005,-0.658,-0.297,-0.214,0.015,-0.101,-0.536,-0.271,-0.384,-0.316,-0.632,-0.17,-0.367,0.885,0.953,1.0
2000,.,1.0,-0.421,0.092,-0.366,-0.259,0.074,-0.483,-0.602,-0.009,-0.273,-0.156,-0.693,-0.64,0.002,0.002,-0.009
2000,A1_1,-0.421,1.0,0.303,0.152,-0.268,-0.045,0.21,0.468,0.516,0.378,0.485,0.163,0.338,-0.682,-0.622,-0.693
2000,A1_2,0.092,0.303,1.0,0.596,-0.409,-0.232,0.152,-0.078,0.333,0.181,0.563,-0.471,-0.075,-0.496,-0.489,-0.379
2000,A1_3,-0.366,0.152,0.596,1.0,0.07,-0.212,0.658,0.532,0.314,0.349,0.176,-0.045,0.418,-0.291,-0.345,-0.257
2000,B1_1,-0.259,-0.268,-0.409,0.07,1.0,0.541,0.63,0.081,-0.416,-0.154,-0.045,0.468,0.721,0.058,-0.045,0.049
2000,B1_2,0.074,-0.045,-0.232,-0.212,0.541,1.0,0.363,-0.292,-0.165,0.246,0.165,0.147,0.426,-0.268,-0.147,-0.099
2000,B1_3,-0.483,0.21,0.152,0.658,0.63,0.363,1.0,0.487,-0.017,0.491,0.361,0.477,0.843,-0.513,-0.571,-0.485
2000,A2_1,-0.602,0.468,-0.078,0.532,0.081,-0.292,0.487,1.0,0.203,0.341,-0.115,0.305,0.469,-0.166,-0.265,-0.329
2000,A2_2,-0.009,0.516,0.333,0.314,-0.416,-0.165,-0.017,0.203,1.0,0.132,0.186,-0.222,-0.06,-0.437,-0.316,-0.397
2000,A2_3,-0.273,0.378,0.181,0.349,-0.154,0.246,0.491,0.341,0.132,1.0,0.232,0.35,0.333,-0.549,-0.412,-0.468
2000,B2_1,-0.156,0.485,0.563,0.176,-0.045,0.165,0.361,-0.115,0.186,0.232,1.0,0.14,0.142,-0.744,-0.738,-0.638
2000,B2_2,-0.693,0.163,-0.471,-0.045,0.468,0.147,0.477,0.305,-0.222,0.35,0.14,1.0,0.582,-0.075,-0.068,-0.107
2000,B2_3,-0.64,0.338,-0.075,0.418,0.721,0.426,0.843,0.469,-0.06,0.333,0.142,0.582,1.0,-0.329,-0.347,-0.302
2000,y1,0.002,-0.682,-0.496,-0.291,0.058,-0.268,-0.513,-0.166,-0.437,-0.549,-0.744,-0.075,-0.329,1.0,0.955,0.952
2000,y2,0.002,-0.622,-0.489,-0.345,-0.045,-0.147,-0.571,-0.265,-0.316,-0.412,-0.738,-0.068,-0.347,0.955,1.0,0.973
2000,y3,-0.009,-0.693,-0.379,-0.257,0.049,-0.099,-0.485,-0.329,-0.397,-0.468,-0.638,-0.107,-0.302,0.952,0.973,1.0
2500,.,1.0,-0.398,0.096,-0.325,-0.298,0.068,-0.477,-0.556,0.006,-0.275,-0.148,-0.759,-0.648,-0.048,-0.058,-0.006
2500,A1_1,-0.398,1.0,0.358,0.211,-0.228,-0.025,0.24,0.489,0.561,0.434,0.505,0.219,0.339,-0.699,-0.635,-0.675
2500,A1_2,0.096,0.358,1.0,0.62,-0.394,-0.238,0.163,0.002,0.38,0.208,0.564,-0.431,-0.063,-0.449,-0.495,-0.411
2500,A1_3,-0.325,0.211,0.62,1.0,0.059,-0.204,0.641,0.579,0.35,0.411,0.191,-0.013,0.402,-0.249,-0.321,-0.328
2500,B1_1,-0.298,-0.228,-0.394,0.059,1.0,0.572,0.662,0.081,-0.41,-0.124,0.002,0.506,0.753,0.017,-0.041,-0.06
2500,B1_2,0.068,-0.025,-0.238,-0.204,0.572,1.0,0.397,-0.275,-0.156,0.241,0.191,0.219,0.447,-0.329,-0.177,-0.205
2500,B1_3,-0.477,0.24,0.163,0.641,0.662,0.397,1.0,0.486,-0.001,0.52,0.386,0.549,0.856,-0.495,-0.528,-0.565
2500,A2_1,-0.556,0.489,0.002,0.579,0.081,-0.275,0.486,1.0,0.254,0.407,-0.07,0.325,0.452,-0.21,-0.273,-0.348
2500,A2_2,0.006,0.561,0.38,0.35,-0.41,-0.156,-0.001,0.254,1.0,0.228,0.209,-0.188,-0.055,-0.416,-0.336,-0.399
2500,A2_3,-0.275,0.434,0.208,0.411,-0.124,0.241,0.52,0.407,0.228,1.0,0.272,0.386,0.339,-0.591,-0.447,-0.53
2500,B2_1,-0.148,0.505,0.564,0.191,0.002,0.191,0.386,-0.07,0.209,0.272,1.0,0.191,0.17,-0.729,-0.755,-0.684
2500,B2_2,-0.759,0.219,-0.431,-0.013,0.506,0.219,0.549,0.325,-0.188,0.386,0.191,1.0,0.652,-0.128,-0.093,-0.175
2500,B2_3,-0.648,0.339,-0.063,0.402,0.753,0.447,0.856,0.452,-0.055,0.339,0.17,0.652,1.0,-0.31,-0.294,-0.359
2500,y1,-0.048,-0.699,-0.449,-0.249,0.017,-0.329,-0.495,-0.21,-0.416,-0.591,-0.729,-0.128,-0.31,1.0,0.957,0.97
2500,y2,-0.058,-0.635,-0.495,-0.321,-0.041,-0.177,-0.528,-0.273,-0.336,-0.447,-0.755,-0.093,-0.294,0.957,1.0,0.985
2500,y3,-0.006,-0.675,-0.411,-0.328,-0.06,-0.205,-0.565,-0.348,-0.399,-0.53,-0.684,-0.175,-0.359,0.97,0.985,1.0
3000,.,1.0,-0.413,0.069,-0.345,-0.293,0.07,-0.49,-0.568,-0.033,-0.301,-0.161,-0.756,-0.673,-0.002,-0.009,0.061
3000,A1_1,-0.413,1.0,0.384,0.22,-0.208,-0.014,0.243,0.504,0.582,0.481,0.528,0.242,0.345,-0.668,-0.654,-0.693
3000,A1_2,0.069,0.384,1.0,0.632,-0.368,-0.228,0.165,0.035,0.407,0.23,0.572,-0.398,-0.055,-0.512,-0.52,-0.503
3000,A1_3,-0.345,0.22,0.632,1.0,0.056,-0.2,0.62,0.582,0.37,0.433,0.202,-0.005,0.39,-0.391,-0.387,-0.401
3000,B1_1,-0.293,-0.208,-0.368,0.056,1.0,0.598,0.679,0.064,-0.392,-0.103,0.035,0.524,0.762,-0.047,-0.022,-0.063
3000,B1_2,0.07,-0.014,-0.228,-0.2,0.598,1.0,0.421,-0.267,-0.147,0.24,0.203,0.266,0.478,-0.265,-0.147,-0.187
3000,B1_3,-0.49,0.243,0.165,0.62,0.679,0.421,1.0,0.473,0.009,0.534,0.413,0.59,0.859,-0.584,-0.555,-0.595
3000,A2_1,-0.568,0.504,0.035,0.582,0.064,-0.267,0.473,1.0,0.286,0.445,-0.054,0.315,0.447,-0.314,-0.344,-0.393
3000,A2_2,-0.033,0.582,0.407,0.37,-0.392,-0.147,0.009,0.286,1.0,0.278,0.234,-0.168,-0.032,-0.436,-0.384,-0.381
3000,A2_3,-0.301,0.481,0.23,0.433,-0.103,0.24,0.534,0.445,0.278,1.0,0.286,0.395,0.383,-0.627,-0.565,-0.58
3000,B2_1,-0.161,0.528,0.572,0.202,0.035,0.203,0.413,-0.054,0.234,0.286,1.0,0.251,0.213,-0.715,-0.717,-0.729
3000,B2_2,-0.756,0.242,-0.398,-0.005,0.524,0.266,0.59,0.315,-0.168,0.395,0.251,1.0,0.691,-0.165,-0.153,-0.196
3000,B2_3,-0.673,0.345,-0.055,0.39,0.762,0.478,0.859,0.447,-0.032,0.383,0.213,0.691,1.0,-0.358,-0.311,-0.371
3000,y1,-0.002,-0.668,-0.512,-0.391,-0.047,-0.265,-0.584,-0.314,-0.436,-0.627,-0.715,-0.165,-0.358,1.0,0.987,0.987
3000,y2,-0.009,-0.654,-0.52,-0.387,-0.022,-0.147,-0.555,-0.344,-0.384,-0.565,-0.717,-0.153,-0.311,0.987,1.0,0.994
3000,y3,0.061,-0.693,-0.503,-0.401,-0.063,-0.187,-0.595,-0.393,-0.381,-0.58,-0.729,-0.196,-0.371,0.987,0.994,1.0
3500,.,1.0,-0.418,0.059,-0.335,-0.298,0.082,-0.49,-0.566,-0.025,-0.295,-0.168,-0.744,-0.668,-0.045,-0.047,-0.017
3500,A1_1,-0.418,1.0,0.418,0.277,-0.203,-0.017,0.249,0.525,0.599,0.545,0.527,0.255,0.353,-0.664,-0.673,-0.699
3500,A1_2,0.059,0.418,1.0,0.641,-0.383,-0.25,0.162,0.089,0.465,0.246,0.564,-0.389,-0.051,-0.524,-0.517,-0.531
3500,A1_3,-0.335,0.277,0.641,1.0,-0.003,-0.242,0.594,0.624,0.449,0.49,0.195,0.005,0.365,-0.45,-0.418,-0.447
3500,B1_1,-0.298,-0.203,-0.383,-0.003,1.0,0.603,0.68,0.048,-0.388,-0.119,0.05,0.521,0.76,0.01,0.028,-0.004
3500,B1_2,0.082,-0.017,-0.25,-0.242,0.603,1.0,0.423,-0.275,-0.141,0.214,0.212,0.271,0.484,-0.207,-0.15,-0.206
3500,B1_3,-0.49,0.249,0.162,0.594,0.68,0.423,1.0,0.465,0.017,0.525,0.424,0.601,0.866,-0.535,-0.506,-0.54
3500,A2_1,-0.566,0.525,0.089,0.624,0.048,-0.275,0.465,1.0,0.314,0.503,-0.05,0.31,0.445,-0.384,-0.38,-0.404
3500,A2_2,-0.025,0.599,0.465,0.449,-0.388,-0.141,0.017,0.314,1.0,0.367,0.239,-0.174,-0.026,-0.519,-0.488,-0.504
3500,A2_3,-0.295,0.545,0.246,0.49,-0.119,0.214,0.525,0.503,0.367,1.0,0.284,0.404,0.402,-0.633,-0.604,-0.628
3500,B2_1,-0.168,0.527,0.564,0.195,0.05,0.212,0.424,-0.05,0.239,0.284,1.0,0.269,0.233,-0.676,-0.682,-0.672
3500,B2_2,-0.744,0.255,-0.389,0.005,0.521,0.271,0.601,0.31,-0.174,0.404,0.269,1.0,0.694,-0.117,-0.128,-0.123
3500,B2_3,-0.668,0.353,-0.051,0.365,0.76,0.484,0.866,0.445,-0.026,0.402,0.233,0.694,1.0,-0.293,-0.27,-0.327
3500,y1,-0.045,-0.664,-0.524,-0.45,0.01,-0.207,-0.535,-0.384,-0.519,-0.633,-0.676,-0.117,-0.293,1.0,0.995,0.997
3500,y2,-0.047,-0.673,-0.517,-0.418,0.028,-0.15,-0.506,-0.38,-0.488,-0.604,-0.682,-0.128,-0.27,0.995,1.0,0.994
3500,y3,-0.017,-0.699,-0.531,-0.447,-0.004,-0.206,-0.54,-0.404,-0.504,-0.628,-0.672,-0.123,-0.327,0.997,0.994,1.0
4000,.,1.0,-0.41,0.038,-0.323,-0.288,0.07,-0.477,-0.527,-0.017,-0.302,-0.197,-0.729,-0.667,-0.091,-0.056,-0.073
4000,A1_1,-0.41,1.0,0.454,0.333,-0.229,-0.036,0.194,0.56,0.631,0.622,0.53,0.246,0.331,-0.662,-0.656,-0.68
4000,A1_2,0.038,0.454,1.0,0.656,-0.411,-0.291,0.113,0.165,0.502,0.282,0.546,-0.375,-0.075,-0.524,-0.532,-0.578
4000,A1_3,-0.323,0.333,0.656,1.0,-0.018,-0.257,0.545,0.676,0.499,0.531,0.209,0.004,0.356,-0.467,-0.476,-0.515
4000,B1_1,-0.288,-0.229,-0.411,-0.018,1.0,0.625,0.716,-0.002,-0.411,-0.108,0.075,0.528,0.772,0.019,-0.019,0.018
4000,B1_2,0.07,-0.036,-0.291,-0.257,0.625,1.0,0.457,-0.278,-0.186,0.168,0.231,0.308,0.494,-0.212,-0.18,-0.174
4000,B1_3,-0.477,0.194,0.113,0.545,0.716,0.457,1.0,0.404,-0.033,0.498,0.456,0.632,0.861,-0.462,-0.501,-0.474
4000,A2_1,-0.527,0.56,0.165,0.676,-0.002,-0.278,0.404,1.0,0.414,0.608,-0.026,0.268,0.418,-0.421,-0.42,-0.44
4000,A2_2,-0.017,0.631,0.502,0.499,-0.411,-0.186,-0.033,0.414,1.0,0.408,0.239,-0.19,-0.036,-0.569,-0.523,-0.567
4000,A2_3,-0.302,0.622,0.282,0.531,-0.108,0.168,0.498,0.608,0.408,1.0,0.319,0.412,0.403,-0.644,-0.626,-0.646
4000,B2_1,-0.197,0.53,0.546,0.209,0.075,0.231,0.456,-0.026,0.239,0.319,1.0,0.313,0.272,-0.658,-0.693,-0.648
4000,B2_2,-0.729,0.246,-0.375,0.004,0.528,0.308,0.632,0.268,-0.19,0.412,0.313,1.0,0.712,-0.067,-0.113,-0.048
4000,B2_3,-0.667,0.331,-0.075,0.356,0.772,0.494,0.861,0.418,-0.036,0.403,0.272,0.712,1.0,-0.25,-0.282,-0.279
4000,y1,-0.091,-0.662,-0.524,-0.467,0.019,-0.212,-0.462,-0.421,-0.569,-0.644,-0.658,-0.067,-0.25,1.0,0.994,0.994
4000,y2,-0.056,-0.656,-0.532,-0.476,-0.019,-0.18,-0.501,-0.42,-0.523,-0.626,-0.693,-0.113,-0.282,0.994,1.0,0.993
4000,y3,-0.073,-0.68,-0.578,-0.515,0.018,-0.174,-0.474,-0.44,-0.567,-0.646,-0.648,-0.048,-0.279,0.994,0.993,1.0
4500,.,1.0,-0.394,0.032,-0.293,-0.314,0.036,-0.484,-0.51,0.03,-0.294,-0.216,-0.719,-0.686,-0.09,-0.108,-0.084
4500,A1_1,-0.394,1.0,0.48,0.358,-0.234,-0.065,0.164,0.587,0.64,0.654,0.502,0.239,0.274,-0.666,-0.644,-0.653
4500,A1_2,0.032,0.48,1.0,0.68,-0.436,-0.342,0.078,0.216,0.518,0.32,0.488,-0.379,-0.141,-0.52,-0.525,-0.569
4500,A1_3,-0.293,0.358,0.68,1.0,-0.04,-0.279,0.507,0.681,0.523,0.552,0.197,-0.005,0.312,-0.509,-0.5,-0.572
4500,B1_1,-0.314,-0.234,-0.436,-0.04,1.0,0.641,0.729,-0.008,-0.418,-0.129,0.113,0.537,0.798,0.028,0.041,0.051
4500,B1_2,0.036,-0.065,-0.342,-0.279,0.641,1.0,0.475,-0.277,-0.216,0.109,0.255,0.334,0.527,-0.183,-0.148,-0.153
4500,B1_3,-0.484,0.164,0.078,0.507,0.729,0.475,1.0,0.379,-0.059,0.459,0.484,0.65,0.878,-0.447,-0.443,-0.455
4500,A2_1,-0.51,0.587,0.216,0.681,-0.008,-0.277,0.379,1.0,0.456,0.66,-0.021,0.27,0.394,-0.483,-0.457,-0.49
4500,A2_2,0.03,0.64,0.518,0.523,-0.418,-0.216,-0.059,0.456,1.0,0.421,0.206,-0.199,-0.077,-0.593,-0.571,-0.635
4500,A2_3,-0.294,0.654,0.32,0.552,-0.129,0.109,0.459,0.66,0.421,1.0,0.302,0.395,0.385,-0.685,-0.669,-0.688
4500,B2_1,-0.216,0.502,0.488,0.197,0.113,0.255,0.484,-0.021,0.206,0.302,1.0,0.356,0.31,-0.602,-0.628,-0.603
4500,B2_2,-0.719,0.239,-0.379,-0.005,0.537,0.334,0.65,0.27,-0.199,0.395,0.356,1.0,0.766,-0.076,-0.086,-0.053
4500,B2_3,-0.686,0.274,-0.141,0.312,0.798,0.527,0.878,0.394,-0.077,0.385,0.31,0.766,1.0,-0.234,-0.209,-0.226
4500,y1,-0.09,-0.666,-0.52,-0.509,0.028,-0.183,-0.447,-0.483,-0.593,-0.685,-0.602,-0.076,-0.234,1.0,0.996,0.995
4500,y2,-0.108,-0.644,-0.525,-0.5,0.041,-0.148,-0.443,-0.457,-0.571,-0.669,-0.628,-0.086,-0.209,0.996,1.0,0.991
4500,y3,-0.084,-0.653,-0.569,-0.572,0.051,-0.153,-0.455,-0.49,-0.635,-0.688,-0.603,-0.053,-0.226,0.995,0.991,1.0
5000,.,1.0,-0.387,0.025,-0.265,-0.308,0.045,-0.465,-0.494,0.052,-0.266,-0.213,-0.695,-0.672,-0.08,-0.133,-0.086
5000,A1_1,-0.387,1.0,0.512,0.395,-0.241,-0.088,0.162,0.621,0.655,0.687,0.491,0.226,0.25,-0.682,-0.669,-0.677
5000,A1_2,0.025,0.512,1.0,0.692,-0.457,-0.355,0.078,0.26,0.538,0.364,0.483,-0.373,-0.161,-0.546,-0.549,-0.582
5000,A1_3,-0.265,0.395,0.692,1.0,-0.064,-0.285,0.49,0.701,0.549,0.587,0.192,-0.015,0.285,-0.555,-0.527,-0.579
5000,B1_1,-0.308,-0.241,-0.457,-0.064,1.0,0.649,0.733,-0.016,-0.422,-0.148,0.119,0.537,0.801,0.006,0.053,0.075
5000,B1_2,0.045,-0.088,-0.355,-0.285,0.649,1.0,0.481,-0.272,-0.229,0.062,0.26,0.356,0.547,-0.205,-0.155,-0.126
5000,B1_3,-0.465,0.162,0.078,0.49,0.733,0.481,1.0,0.375,-0.072,0.43,0.487,0.648,0.887,-0.471,-0.424,-0.444
5000,A2_1,-0.494,0.621,0.26,0.701,-0.016,-0.272,0.375,1.0,0.486,0.715,-0.017,0.262,0.382,-0.512,-0.484,-0.523
5000,A2_2,0.052,0.655,0.538,0.549,-0.422,-0.229,-0.072,0.486,1.0,0.459,0.191,-0.205,-0.095,-0.615,-0.605,-0.617
5000,A2_3,-0.266,0.687,0.364,0.587,-0.148,0.062,0.43,0.715,0.459,1.0,0.276,0.376,0.369,-0.719,-0.703,-0.733
5000,B2_1,-0.213,0.491,0.483,0.192,0.119,0.26,0.487,-0.017,0.191,0.276,1.0,0.363,0.325,-0.593,-0.591,-0.6
5000,B2_2,-0.695,0.226,-0.373,-0.015,0.537,0.356,0.648,0.262,-0.205,0.376,0.363,1.0,0.784,-0.097,-0.073,-0.085
5000,B2_3,-0.672,0.25,-0.161,0.285,0.801,0.547,0.887,0.382,-0.095,0.369,0.325,0.784,1.0,-0.269,-0.205,-0.213
5000,y1,-0.08,-0.682,-0.546,-0.555,0.006,-0.205,-0.471,-0.512,-0.615,-0.719,-0.593,-0.097,-0.269,1.0,0.995,0.994
5000,y2,-0.133,-0.669,-0.549,-0.527,0.053,-0.155,-0.424,-0.484,-0.605,-0.703,-0.591,-0.073,-0.205,0.995,1.0,0.996
5000,y3,-0.086,-0.677,-0.582,-0.579,0.075,-0.126,-0.444,-0.523,-0.617,-0.733,-0.6,-0.085,-0.213,0.994,0.996,1.0
5500,.,1.0,-0.404,0.029,-0.252,-0.307,0.039,-0.464,-0.484,0.032,-0.255,-0.208,-0.626,-0.657,-0.082,-0.117,-0.069
5500,A1_1,-0.404,1.0,0.541,0.436,-0.237,-0.098,0.158,0.655,0.665,0.721,0.475,0.17,0.214,-0.657,-0.662,-0.686
5500,A1_2,0.029,0.541,1.0,0.712,-0.468,-0.362,0.068,0.311,0.576,0.43,0.48,-0.366,-0.202,-0.565,-0.57,-0.58
5500,A1_3,-0.252,0.436,0.712,1.0,-0.088,-0.305,0.453,0.724,0.59,0.621,0.182,-0.051,0.23,-0.581,-0.548,-0.609
5500,B1_1,-0.307,-0.237,-0.468,-0.088,1.0,0.654,0.741,-0.041,-0.429,-0.189,0.129,0.496,0.795,-0.001,0.031,0.045
5500,B1_2,0.039,-0.098,-0.362,-0.305,0.654,1.0,0.497,-0.28,-0.26,-0.003,0.275,0.399,0.585,-0.178,-0.174,-0.126
5500,B1_3,-0.464,0.158,0.068,0.453,0.741,0.497,1.0,0.341,-0.087,0.372,0.493,0.644,0.901,-0.474,-0.428,-0.445
5500,A2_1,-0.484,0.655,0.311,0.724,-0.041,-0.28,0.341,1.0,0.535,0.765,-0.022,0.19,0.329,-0.532,-0.486,-0.56
5500,A2_2,0.032,0.665,0.576,0.59,-0.429,-0.26,-0.087,0.535,1.0,0.499,0.174,-0.221,-0.128,-0.59,-0.627,-0.642
5500,A2_3,-0.255,0.721,0.43,0.621,-0.189,-0.003,0.372,0.765,0.499,1.0,0.24,0.322,0.329,-0.734,-0.699,-0.763
5500,B2_1,-0.208,0.475,0.48,0.182,0.129,0.275,0.493,-0.022,0.174,0.24,1.0,0.387,0.352,-0.585,-0.608,-0.561
5500,B2_2,-0.626,0.17,-0.366,-0.051,0.496,0.399,0.644,0.19,-0.221,0.322,0.387,1.0,0.796,-0.131,-0.109,-0.13
5500,B2_3,-0.657,0.214,-0.202,0.23,0.795,0.585,0.901,0.329,-0.128,0.329,0.352,0.796,1.0,-0.264,-0.223,-0.246
5500,y1,-0.082,-0.657,-0.565,-0.581,-0.001,-0.178,-0.474,-0.532,-0.59,-0.734,-0.585,-0.131,-0.264,1.0,0.996,0.996
5500,y2,-0.117,-0.662,-0.57,-0.548,0.031,-0.174,-0.428,-0.486,-0.627,-0.699,-0.608,-0.109,-0.223,0.996,1.0,0.994
5500,y3,-0.069,-0.686,-0.58,-0.609,0.045,-0.126,-0.445,-0.56,-0.642,-0.763,-0.561,-0.13,-0.246,0.996,0.994,1.0
6000,.,1.0,-0.418,0.037,-0.228,-0.288,0.053,-0.44,-0.488,0.018,-0.271,-0.193,-0.61,-0.639,-0.1,-0.053,-0.049
6000,A1_1,-0.418,1.0,0.55,0.438,-0.238,-0.108,0.157,0.664,0.669,0.734,0.47,0.169,0.211,-0.653,-0.681,-0.68
6000,A1_2,0.037,0.55,1.0,0.717,-0.476,-0.372,0.058,0.329,0.584,0.445,0.468,-0.36,-0.209,-0.554,-0.56,-0.581
6000,A1_3,-0.228,0.438,0.717,1.0,-0.097,-0.313,0.441,0.725,0.596,0.625,0.17,-0.061,0.214,-0.572,-0.572,-0.618
6000,B1_1,-0.288,-0.238,-0.476,-0.097,1.0,0.656,0.744,-0.052,-0.437,-0.204,0.131,0.486,0.795,0.021,0.035,0.038
6000,B1_2,0.053,-0.108,-0.372,-0.313,0.656,1.0,0.498,-0.28,-0.277,-0.042,0.275,0.399,0.586,-0.163,-0.154,-0.136
6000,B1_3,-0.44,0.157,0.058,0.441,0.744,0.498,1.0,0.332,-0.095,0.353,0.493,0.645,0.901,-0.445,-0.448,-0.454
6000,A2_1,-0.488,0.664,0.329,0.725,-0.052,-0.28,0.332,1.0,0.554,0.789,-0.023,0.183,0.319,-0.538,-0.532,-0.574
6000,A2_2,0.018,0.669,0.584,0.596,-0.437,-0.277,-0.095,0.554,1.0,0.503,0.164,-0.233,-0.139,-0.614,-0.647,-0.659
6000,A2_3,-0.271,0.734,0.445,0.625,-0.204,-0.042,0.353,0.789,0.503,1.0,0.231,0.322,0.311,-0.722,-0.721,-0.741
6000,B2_1,-0.193,0.47,0.468,0.17,0.131,0.275,0.493,-0.023,0.164,0.231,1.0,0.395,0.353,-0.573,-0.617,-0.575
6000,B2_2,-0.61,0.169,-0.36,-0.061,0.486,0.399,0.645,0.183,-0.233,0.322,0.395,1.0,0.792,-0.135,-0.181,-0.146
6000,B2_3,-0.639,0.211,-0.209,0.214,0.795,0.586,0.901,0.319,-0.139,0.311,0.353,0.792,1.0,-0.239,-0.258,-0.255
6000,y1,-0.1,-0.653,-0.554,-0.572,0.021,-0.163,-0.445,-0.538,-0.614,-0.722,-0.573,-0.135,-0.239,1.0,0.995,0.996
6000,y2,-0.053,-0.681,-0.56,-0.572,0.035,-0.154,-0.448,-0.532,-0.647,-0.721,-0.617,-0.181,-0.258,0.995,1.0,0.997
6000,y3,-0.049,-0.68,-0.581,-0.618,0.038,-0.136,-0.454,-0.574,-0.659,-0.741,-0.575,-0.146,-0.255,0.996,0.997,1.0
6500,.,1.0,-0.432,0.044,-0.223,-0.282,0.059,-0.434,-0.502,-0.006,-0.277,-0.184,-0.604,-0.635,-0.056,-0.049,-0.027
6500,A1_1,-0.432,1.0,0.563,0.465,-0.238,-0.118,0.159,0.684,0.676,0.743,0.45,0.163,0.211,-0.693,-0.683,-0.685
6500,A1_2,0.044,0.563,1.0,0.724,-0.481,-0.369,0.056,0.352,0.601,0.477,0.445,-0.357,-0.207,-0.591,-0.582,-0.591
6500,A1_3,-0.223,0.465,0.724,1.0,-0.113,-0.315,0.431,0.741,0.62,0.659,0.159,-0.051,0.208,-0.614,-0.6,-0.634
6500,B1_1,-0.282,-0.238,-0.481,-0.113,1.0,0.657,0.745,-0.063,-0.439,-0.221,0.141,0.484,0.795,0.031,0.041,0.032
6500,B1_2,0.059,-0.118,-0.369,-0.315,0.657,1.0,0.499,-0.272,-0.292,-0.078,0.284,0.404,0.588,-0.137,-0.151,-0.141
6500,B1_3,-0.434,0.159,0.056,0.431,0.745,0.499,1.0,0.327,-0.097,0.335,0.499,0.648,0.902,-0.433,-0.445,-0.465
6500,A2_1,-0.502,0.684,0.352,0.741,-0.063,-0.272,0.327,1.0,0.588,0.815,-0.022,0.183,0.315,-0.571,-0.551,-0.587
6500,A2_2,-0.006,0.676,0.601,0.62,-0.439,-0.292,-0.097,0.588,1.0,0.517,0.143,-0.232,-0.143,-0.663,-0.645,-0.642
6500,A2_3,-0.277,0.743,0.477,0.659,-0.221,-0.078,0.335,0.815,0.517,1.0,0.214,0.296,0.284,-0.725,-0.735,-0.757
6500,B2_1,-0.184,0.45,0.445,0.159,0.141,0.284,0.499,-0.022,0.143,0.214,1.0,0.413,0.361,-0.567,-0.599,-0.577
6500,B2_2,-0.604,0.163,-0.357,-0.051,0.484,0.404,0.648,0.183,-0.232,0.296,0.413,1.0,0.79,-0.123,-0.175,-0.171
6500,B2_3,-0.635,0.211,-0.207,0.208,0.795,0.588,0.902,0.315,-0.143,0.284,0.361,0.79,1.0,-0.239,-0.253,-0.268
6500,y1,-0.056,-0.693,-0.591,-0.614,0.031,-0.137,-0.433,-0.571,-0.663,-0.725,-0.567,-0.123,-0.239,1.0,0.997,0.996
6500,y2,-0.049,-0.683,-0.582,-0.6,0.041,-0.151,-0.445,-0.551,-0.645,-0.735,-0.599,-0.175,-0.253,0.997,1.0,0.998
6500,y3,-0.027,-0.685,-0.591,-0.634,0.032,-0.141,-0.465,-0.587,-0.642,-0.757,-0.577,-0.171,-0.268,0.996,0.998,1.0
7000,.,1.0,-0.422,0.053,-0.222,-0.297,0.053,-0.442,-0.506,0.003,-0.273,-0.177,-0.603,-0.641,-0.038,-0.044,-0.006
7000,A1_1,-0.422,1.0,0.573,0.473,-0.24,-0.131,0.153,0.696,0.677,0.746,0.437,0.155,0.205,-0.695,-0.678,-0.682
7000,A1_2,0.053,0.573,1.0,0.732,-0.485,-0.363,0.055,0.363,0.618,0.5,0.435,-0.353,-0.202,-0.583,-0.587,-0.574
7000,A1_3,-0.222,0.473,0.732,1.0,-0.117,-0.315,0.429,0.739,0.627,0.672,0.162,-0.049,0.207,-0.605,-0.599,-0.62
7000,B1_1,-0.297,-0.24,-0.485,-0.117,1.0,0.659,0.745,-0.069,-0.44,-0.228,0.145,0.486,0.796,0.039,0.049,0.024
7000,B1_2,0.053,-0.131,-0.363,-0.315,0.659,1.0,0.5,-0.263,-0.303,-0.104,0.287,0.408,0.589,-0.135,-0.157,-0.16
7000,B1_3,-0.442,0.153,0.055,0.429,0.745,0.5,1.0,0.322,-0.102,0.326,0.502,0.65,0.902,-0.435,-0.443,-0.474
7000,A2_1,-0.506,0.696,0.363,0.739,-0.069,-0.263,0.322,1.0,0.603,0.83,-0.021,0.187,0.316,-0.577,-0.546,-0.588
7000,A2_2,0.003,0.677,0.618,0.627,-0.44,-0.303,-0.102,0.603,1.0,0.517,0.134,-0.243,-0.15,-0.655,-0.649,-0.635
7000,A2_3,-0.273,0.746,0.5,0.672,-0.228,-0.104,0.326,0.83,0.517,1.0,0.204,0.278,0.268,-0.735,-0.727,-0.755
7000,B2_1,-0.177,0.437,0.435,0.162,0.145,0.287,0.502,-0.021,0.134,0.204,1.0,0.418,0.363,-0.583,-0.613,-0.593
7000,B2_2,-0.603,0.155,-0.353,-0.049,0.486,0.408,0.65,0.187,-0.243,0.278,0.418,1.0,0.79,-0.167,-0.194,-0.218
7000,B2_3,-0.641,0.205,-0.202,0.207,0.796,0.589,0.902,0.316,-0.15,0.268,0.363,0.79,1.0,-0.249,-0.256,-0.29
7000,y1,-0.038,-0.695,-0.583,-0.605,0.039,-0.135,-0.435,-0.577,-0.655,-0.735,-0.583,-0.167,-0.249,1.0,0.997,0.997
7000,y2,-0.044,-0.678,-0.587,-0.599,0.049,-0.157,-0.443,-0.546,-0.649,-0.727,-0.613,-0.194,-0.256,0.997,1.0,0.998
7000,y3,-0.006,-0.682,-0.574,-0.62,0.024,-0.16,-0.474,-0.588,-0.635,-0.755,-0.593,-0.218,-0.29,0.997,0.998,1.0
7500,.,1.0,-0.419,0.067,-0.219,-0.305,0.047,-0.448,-0.49,0.006,-0.258,-0.168,-0.6,-0.649,-0.062,-0.045,-0.032
7500,A1_1,-0.419,1.0,0.571,0.489,-0.24,-0.14,0.148,0.716,0.674,0.76,0.412,0.15,0.196,-0.687,-0.679,-0.666
7500,A1_2,0.067,0.571,1.0,0.739,-0.488,-0.362,0.04,0.388,0.621,0.526,0.407,-0.356,-0.219,-0.625,-0.585,-0.55
7500,A1_3,-0.219,0.489,0.739,1.0,-0.126,-0.322,0.411,0.752,0.641,0.686,0.151,-0.063,0.187,-0.623,-0.601,-0.614
7500,B1_1,-0.305,-0.24,-0.488,-0.126,1.0,0.662,0.754,-0.086,-0.436,-0.251,0.159,0.482,0.8,0.064,0.047,0.009
7500,B1_2,0.047,-0.14,-0.362,-0.322,0.662,1.0,0.504,-0.267,-0.306,-0.137,0.311,0.413,0.592,-0.111,-0.143,-0.173
7500,B1_3,-0.448,0.148,0.04,0.411,0.754,0.504,1.0,0.31,-0.105,0.295,0.507,0.65,0.901,-0.418,-0.43,-0.467
7500,A2_1,-0.49,0.716,0.388,0.752,-0.086,-0.267,0.31,1.0,0.617,0.848,-0.031,0.161,0.298,-0.569,-0.559,-0.594
7500,A2_2,0.006,0.674,0.621,0.641,-0.436,-0.306,-0.105,0.617,1.0,0.533,0.121,-0.254,-0.156,-0.648,-0.657,-0.631
7500,A2_3,-0.258,0.76,0.526,0.686,-0.251,-0.137,0.295,0.848,0.533,1.0,0.187,0.24,0.228,-0.732,-0.719,-0.752
7500,B2_1,-0.168,0.412,0.407,0.151,0.159,0.311,0.507,-0.031,0.121,0.187,1.0,0.443,0.373,-0.595,-0.609,-0.564
7500,B2_2,-0.6,0.15,-0.356,-0.063,0.482,0.413,0.65,0.161,-0.254,0.24,0.443,1.0,0.791,-0.137,-0.188,-0.215
7500,B2_3,-0.649,0.196,-0.219,0.187,0.8,0.592,0.901,0.298,-0.156,0.228,0.373,0.791,1.0,-0.21,-0.241,-0.283
7500,y1,-0.062,-0.687,-0.625,-0.623,0.064,-0.111,-0.418,-0.569,-0.648,-0.732,-0.595,-0.137,-0.21,1.0,0.996,0.992
7500,y2,-0.045,-0.679,-0.585,-0.601,0.047,-0.143,-0.43,-0.559,-0.657,-0.719,-0.609,-0.188,-0.241,0.996,1.0,0.995
7500,y3,-0.032,-0.666,-0.55,-0.614,0.009,-0.173,-0.467,-0.594,-0.631,-0.752,-0.564,-0.215,-0.283,0.992,0.995,1.0
8000,.,1.0,-0.421,0.073,-0.219,-0.308,0.055,-0.445,-0.489,0.014,-0.241,-0.165,-0.588,-0.643,-0.07,-0.057,-0.012
8000,A1_1,-0.421,1.0,0.58,0.498,-0.239,-0.155,0.152,0.728,0.67,0.765,0.408,0.147,0.194,-0.678,-0.669,-0.672
8000,A1_2,0.073,0.58,1.0,0.745,-0.489,-0.358,0.033,0.397,0.632,0.535,0.392,-0.368,-0.224,-0.574,-0.569,-0.515
8000,A1_3,-0.219,0.498,0.745,1.0,-0.127,-0.325,0.41,0.751,0.64,0.685,0.154,-0.071,0.183,-0.577,-0.578,-0.6
8000,B1_1,-0.308,-0.239,-0.489,-0.127,1.0,0.662,0.754,-0.087,-0.439,-0.262,0.161,0.482,0.8,0.078,0.054,0.046
8000,B1_2,0.055,-0.155,-0.358,-0.325,0.662,1.0,0.504,-0.261,-0.319,-0.159,0.312,0.413,0.592,-0.14,-0.158,-0.13
8000,B1_3,-0.445,0.152,0.033,0.41,0.754,0.504,1.0,0.312,-0.11,0.277,0.508,0.651,0.901,-0.405,-0.427,-0.437
8000,A2_1,-0.489,0.728,0.397,0.751,-0.087,-0.261,0.312,1.0,0.624,0.852,-0.023,0.16,0.3,-0.564,-0.551,-0.619
8000,A2_2,0.014,0.67,0.632,0.64,-0.439,-0.319,-0.11,0.624,1.0,0.534,0.115,-0.27,-0.166,-0.64,-0.643,-0.657
8000,A2_3,-0.241,0.765,0.535,0.685,-0.262,-0.159,0.277,0.852,0.534,1.0,0.167,0.216,0.209,-0.731,-0.707,-0.752
8000,B2_1,-0.165,0.408,0.392,0.154,0.161,0.312,0.508,-0.023,0.115,0.167,1.0,0.445,0.374,-0.594,-0.617,-0.547
8000,B2_2,-0.588,0.147,-0.368,-0.071,0.482,0.413,0.651,0.16,-0.27,0.216,0.445,1.0,0.791,-0.191,-0.208,-0.255
8000,B2_3,-0.643,0.194,-0.224,0.183,0.8,0.592,0.901,0.3,-0.166,0.209,0.374,0.791,1.0,-0.219,-0.242,-0.274
8000,y1,-0.07,-0.678,-0.574,-0.577,0.078,-0.14,-0.405,-0.564,-0.64,-0.731,-0.594,-0.191,-0.219,1.0,0.999,0.991
8000,y2,-0.057,-0.669,-0.569,-0.578,0.054,-0.158,-0.427,-0.551,-0.643,-0.707,-0.617,-0.208,-0.242,0.999,1.0,0.991
8000,y3,-0.012,-0.672,-0.515,-0.6,0.046,-0.13,-0.437,-0.619,-0.657,-0.752,-0.547,-0.255,-0.274,0.991,0.991,1.0
8500,.,1.0,-0.41,0.094,-0.204,-0.321,0.054,-0.446,-0.485,0.017,-0.216,-0.155,-0.587,-0.646,-0.057,-0.062,-0.062
8500,A1_1,-0.41,1.0,0.591,0.505,-0.238,-0.146,0.154,0.729,0.674,0.765,0.413,0.153,0.198,-0.655,-0.632,-0.642
8500,A1_2,0.094,0.591,1.0,0.751,-0.498,-0.352,0.026,0.414,0.657,0.547,0.383,-0.368,-0.226,-0.551,-0.535,-0.571
8500,A1_3,-0.204,0.505,0.751,1.0,-0.135,-0.313,0.403,0.757,0.663,0.691,0.15,-0.071,0.181,-0.577,-0.579,-0.618
8500,B1_1,-0.321,-0.238,-0.498,-0.135,1.0,0.663,0.755,-0.088,-0.434,-0.276,0.163,0.483,0.801,0.034,0.009,0.035
8500,B1_2,0.054,-0.146,-0.352,-0.313,0.663,1.0,0.504,-0.246,-0.317,-0.166,0.313,0.413,0.592,-0.173,-0.189,-0.169
8500,B1_3,-0.446,0.154,0.026,0.403,0.755,0.504,1.0,0.313,-0.101,0.258,0.509,0.651,0.901,-0.445,-0.458,-0.45
8500,A2_1,-0.485,0.729,0.414,0.757,-0.088,-0.246,0.313,1.0,0.632,0.858,-0.02,0.166,0.306,-0.558,-0.547,-0.58
8500,A2_2,0.017,0.674,0.657,0.663,-0.434,-0.317,-0.101,0.632,1.0,0.556,0.12,-0.264,-0.159,-0.62,-0.629,-0.646
8500,A2_3,-0.216,0.765,0.547,0.691,-0.276,-0.166,0.258,0.858,0.556,1.0,0.155,0.205,0.191,-0.717,-0.691,-0.721
8500,B2_1,-0.155,0.413,0.383,0.15,0.163,0.313,0.509,-0.02,0.12,0.155,1.0,0.445,0.375,-0.615,-0.613,-0.585
8500,B2_2,-0.587,0.153,-0.368,-0.071,0.483,0.413,0.651,0.166,-0.264,0.205,0.445,1.0,0.791,-0.243,-0.247,-0.213
8500,B2_3,-0.646,0.198,-0.226,0.181,0.801,0.592,0.901,0.306,-0.159,0.191,0.375,0.791,1.0,-0.261,-0.276,-0.259
8500,y1,-0.057,-0.655,-0.551,-0.577,0.034,-0.173,-0.445,-0.558,-0.62,-0.717,-0.615,-0.243,-0.261,1.0,0.998,0.997
8500,y2,-0.062,-0.632,-0.535,-0.579,0.009,-0.189,-0.458,-0.547,-0.629,-0.691,-0.613,-0.247,-0.276,0.998,1.0,0.998
8500,y3,-0.062,-0.642,-0.571,-0.618,0.035,-0.169,-0.45,-0.58,-0.646,-0.721,-0.585,-0.213,-0.259,0.997,0.998,1.0
9000,.,1.0,-0.413,0.101,-0.206,-0.325,0.053,-0.452,-0.486,0.011,-0.219,-0.16,-0.592,-0.649,-0.068,-0.045,-0.046
9000,A1_1,-0.413,1.0,0.59,0.503,-0.235,-0.142,0.154,0.727,0.673,0.763,0.42,0.155,0.204,-0.67,-0.663,-0.666
9000,A1_2,0.101,0.59,1.0,0.752,-0.5,-0.347,0.023,0.413,0.665,0.545,0.388,-0.367,-0.221,-0.573,-0.565,-0.588
9000,A1_3,-0.206,0.503,0.752,1.0,-0.137,-0.306,0.401,0.757,0.668,0.689,0.158,-0.07,0.187,-0.591,-0.584,-0.623
9000,B1_1,-0.325,-0.235,-0.5,-0.137,1.0,0.666,0.756,-0.089,-0.432,-0.274,0.163,0.485,0.796,0.059,0.019,0.045
9000,B1_2,0.053,-0.142,-0.347,-0.306,0.666,1.0,0.504,-0.236,-0.318,-0.162,0.313,0.414,0.597,-0.151,-0.184,-0.165
9000,B1_3,-0.452,0.154,0.023,0.401,0.756,0.504,1.0,0.311,-0.1,0.256,0.513,0.652,0.901,-0.415,-0.453,-0.446
9000,A2_1,-0.486,0.727,0.413,0.757,-0.089,-0.236,0.311,1.0,0.636,0.86,-0.012,0.168,0.313,-0.575,-0.556,-0.593
9000,A2_2,0.011,0.673,0.665,0.668,-0.432,-0.318,-0.1,0.636,1.0,0.555,0.128,-0.263,-0.154,-0.648,-0.63,-0.647
9000,A2_3,-0.219,0.763,0.545,0.689,-0.274,-0.162,0.256,0.86,0.555,1.0,0.163,0.207,0.2,-0.733,-0.707,-0.743
9000,B2_1,-0.16,0.42,0.388,0.158,0.163,0.313,0.513,-0.012,0.128,0.163,1.0,0.449,0.378,-0.59,-0.63,-0.59
9000,B2_2,-0.592,0.155,-0.367,-0.07,0.485,0.414,0.652,0.168,-0.263,0.207,0.449,1.0,0.791,-0.211,-0.238,-0.219
9000,B2_3,-0.649,0.204,-0.221,0.187,0.796,0.597,0.901,0.313,-0.154,0.2,0.378,0.791,1.0,-0.24,-0.277,-0.268
9000,y1,-0.068,-0.67,-0.573,-0.591,0.059,-0.151,-0.415,-0.575,-0.648,-0.733,-0.59,-0.211,-0.24,1.0,0.998,0.998
9000,y2,-0.045,-0.663,-0.565,-0.584,0.019,-0.184,-0.453,-0.556,-0.63,-0.707,-0.63,-0.238,-0.277,0.998,1.0,0.997
9000,y3,-0.046,-0.666,-0.588,-0.623,0.045,-0.165,-0.446,-0.593,-0.647,-0.743,-0.59,-0.219,-0.268,0.998,0.997,1.0
9500,.,1.0,-0.407,0.111,-0.201,-0.338,0.045,-0.46,-0.483,0.017,-0.221,-0.166,-0.595,-0.654,-0.064,-0.062,-0.046
9500,A1_1,-0.407,1.0,0.589,0.506,-0.23,-0.152,0.145,0.734,0.674,0.764,0.409,0.141,0.195,-0.673,-0.667,-0.641
9500,A1_2,0.111,0.589,1.0,0.756,-0.494,-0.346,0.019,0.418,0.682,0.546,0.38,-0.372,-0.224,-0.593,-0.58,-0.575
9500,A1_3,-0.201,0.506,0.756,1.0,-0.134,-0.307,0.397,0.758,0.68,0.687,0.157,-0.067,0.184,-0.596,-0.589,-0.614
9500,B1_1,-0.338,-0.23,-0.494,-0.134,1.0,0.679,0.767,-0.08,-0.43,-0.261,0.171,0.492,0.807,0.072,0.044,0.007
9500,B1_2,0.045,-0.152,-0.346,-0.307,0.679,1.0,0.505,-0.229,-0.322,-0.169,0.313,0.416,0.597,-0.141,-0.162,-0.197
9500,B1_3,-0.46,0.145,0.019,0.397,0.767,0.505,1.0,0.312,-0.095,0.248,0.513,0.651,0.901,-0.399,-0.42,-0.462
9500,A2_1,-0.483,0.734,0.418,0.758,-0.08,-0.229,0.312,1.0,0.639,0.863,-0.007,0.175,0.317,-0.578,-0.569,-0.585
9500,A2_2,0.017,0.674,0.682,0.68,-0.43,-0.322,-0.095,0.639,1.0,0.543,0.134,-0.269,-0.153,-0.661,-0.646,-0.634
9500,A2_3,-0.221,0.764,0.546,0.687,-0.261,-0.169,0.248,0.863,0.543,1.0,0.156,0.202,0.193,-0.722,-0.715,-0.713
9500,B2_1,-0.166,0.409,0.38,0.157,0.171,0.313,0.513,-0.007,0.134,0.156,1.0,0.445,0.379,-0.6,-0.608,-0.599
9500,B2_2,-0.595,0.141,-0.372,-0.067,0.492,0.416,0.651,0.175,-0.269,0.202,0.445,1.0,0.791,-0.203,-0.218,-0.227
9500,B2_3,-0.654,0.195,-0.224,0.184,0.807,0.597,0.901,0.317,-0.153,0.193,0.379,0.791,1.0,-0.226,-0.249,-0.284
9500,y1,-0.064,-0.673,-0.593,-0.596,0.072,-0.141,-0.399,-0.578,-0.661,-0.722,-0.6,-0.203,-0.226,1.0,0.999,0.996
9500,y2,-0.062,-0.667,-0.58,-0.589,0.044,-0.162,-0.42,-0.569,-0.646,-0.715,-0.608,-0.218,-0.249,0.999,1.0,0.996
9500,y3,-0.046,-0.641,-0.575,-0.614,0.007,-0.197,-0.462,-0.585,-0.634,-0.713,-0.599,-0.227,-0.284,0.996,0.996,1.0
10000,.,1.0,-0.403,0.107,-0.194,-0.344,0.04,-0.474,-0.471,0.03,-0.216,-0.192,-0.597,-0.659,-0.079,-0.054,-0.043
10000,A1_1,-0.403,1.0,0.593,0.504,-0.234,-0.16,0.139,0.741,0.671,0.77,0.399,0.14,0.19,-0.645,-0.656,-0.643
10000,A1_2,0.107,0.593,1.0,0.759,-0.503,-0.351,0.012,0.435,0.694,0.563,0.369,-0.368,-0.229,-0.577,-0.56,-0.55
10000,A1_3,-0.194,0.504,0.759,1.0,-0.136,-0.304,0.392,0.762,0.682,0.688,0.15,-0.067,0.18,-0.592,-0.574,-0.597
10000,B1_1,-0.344,-0.234,-0.503,-0.136,1.0,0.679,0.767,-0.081,-0.437,-0.269,0.171,0.489,0.807,0.059,0.046,0.02
10000,B1_2,0.04,-0.16,-0.351,-0.304,0.679,1.0,0.505,-0.226,-0.331,-0.178,0.314,0.419,0.597,-0.15,-0.17,-0.19
10000,B1_3,-0.474,0.139,0.012,0.392,0.767,0.505,1.0,0.312,-0.11,0.237,0.513,0.652,0.901,-0.398,-0.408,-0.437
10000,A2_1,-0.471,0.741,0.435,0.762,-0.081,-0.226,0.312,1.0,0.643,0.867,-0.003,0.18,0.319,-0.576,-0.573,-0.604
10000,A2_2,0.03,0.671,0.694,0.682,-0.437,-0.331,-0.11,0.643,1.0,0.541,0.115,-0.283,-0.167,-0.644,-0.638,-0.625
10000,A2_3,-0.216,0.77,0.563,0.688,-0.269,-0.178,0.237,0.867,0.541,1.0,0.149,0.197,0.183,-0.708,-0.702,-0.727
10000,B2_1,-0.192,0.399,0.369,0.15,0.171,0.314,0.513,-0.003,0.115,0.149,1.0,0.448,0.379,-0.578,-0.598,-0.565
10000,B2_2,-0.597,0.14,-0.368,-0.067,0.489,0.419,0.652,0.18,-0.283,0.197,0.448,1.0,0.791,-0.209,-0.242,-0.251
10000,B2_3,-0.659,0.19,-0.229,0.18,0.807,0.597,0.901,0.319,-0.167,0.183,0.379,0.791,1.0,-0.224,-0.248,-0.277
10000,y1,-0.079,-0.645,-0.577,-0.592,0.059,-0.15,-0.398,-0.576,-0.644,-0.708,-0.578,-0.209,-0.224,1.0,0.999,0.997
10000,y2,-0.054,-0.656,-0.56,-0.574,0.046,-0.17,-0.408,-0.573,-0.638,-0.702,-0.598,-0.242,-0.248,0.999,1.0,0.997
10000,y3,-0.043,-0.643,-0.55,-0.597,0.02,-0.19,-0.437,-0.604,-0.625,-0.727,-0.565,-0.251,-0.277,0.997,0.997,1.0
