,,.,A1_1,A1_2,A1_3,B1_1,B1_2,B1_3,A2_1,A2_2,A2_3,B2_1,B2_2,B2_3,y1,y2,y3
0,.,1.0,0.478,0.446,0.542,0.431,0.498,0.426,0.407,0.532,0.282,0.342,0.704,0.416,-0.026,-0.117,-0.027
0,A1_1,0.478,1.0,0.875,0.888,0.11,0.183,0.186,0.797,0.706,0.837,0.096,0.242,0.193,0.383,0.47,0.28
0,A1_2,0.446,0.875,1.0,0.92,0.106,0.143,0.097,0.911,0.879,0.864,-0.009,0.248,0.085,0.303,0.338,0.201
0,A1_3,0.542,0.888,0.92,1.0,0.054,0.115,0.093,0.789,0.861,0.873,0.018,0.194,0.116,0.115,0.193,0.049
0,B1_1,0.431,0.11,0.106,0.054,1.0,0.918,0.952,0.248,0.136,-0.009,0.927,0.907,0.902,0.515,0.365,0.514
0,B1_2,0.498,0.183,0.143,0.115,0.918,1.0,0.957,0.327,0.238,0.098,0.936,0.903,0.955,0.498,0.406,0.553
0,B1_3,0.426,0.186,0.097,0.093,0.952,0.957,1.0,0.283,0.124,0.068,0.982,0.857,0.974,0.565,0.449,0.604
0,A2_1,0.407,0.797,0.911,0.789,0.248,0.327,0.283,1.0,0.799,0.767,0.2,0.329,0.263,0.513,0.5,0.472
0,A2_2,0.532,0.706,0.879,0.861,0.136,0.238,0.124,0.799,1.0,0.821,0.062,0.299,0.185,0.154,0.163,0.056
0,A2_3,0.282,0.837,0.864,0.873,-0.009,0.098,0.068,0.767,0.821,1.0,0.012,0.055,0.137,0.256,0.304,0.149
0,B2_1,0.342,0.096,-0.009,0.018,0.927,0.936,0.982,0.2,0.062,0.012,1.0,0.788,0.974,0.542,0.428,0.596
0,B2_2,0.704,0.242,0.248,0.194,0.907,0.903,0.857,0.329,0.299,0.055,0.788,1.0,0.816,0.393,0.266,0.397
0,B2_3,0.416,0.193,0.085,0.116,0.902,0.955,0.974,0.263,0.185,0.137,0.974,0.816,1.0,0.543,0.453,0.572
0,y1,-0.026,0.383,0.303,0.115,0.515,0.498,0.565,0.513,0.154,0.256,0.542,0.393,0.543,1.0,0.914,0.942
0,y2,-0.117,0.47,0.338,0.193,0.365,0.406,0.449,0.5,0.163,0.304,0.428,0.266,0.453,0.914,1.0,0.866
0,y3,-0.027,0.28,0.201,0.049,0.514,0.553,0.604,0.472,0.056,0.149,0.596,0.397,0.572,0.942,0.866,1.0
500,.,1.0,-0.072,-0.14,-0.126,-0.033,0.015,0.005,-0.115,-0.216,-0.195,0.08,0.047,0.08,-0.042,-0.021,0.009
500,A1_1,-0.072,1.0,0.968,0.989,-0.013,0.109,0.013,0.958,0.94,0.981,-0.036,0.023,-0.018,0.035,-0.014,-0.014
500,A1_2,-0.14,0.968,1.0,0.97,0.128,0.24,0.153,0.998,0.989,0.98,0.119,0.155,0.139,0.071,0.012,0.02
500,A1_3,-0.126,0.989,0.97,1.0,-0.022,0.075,0.005,0.958,0.944,0.987,-0.045,0.01,-0.024,-0.026,-0.085,-0.082
500,B1_1,-0.033,-0.013,0.128,-0.022,1.0,0.954,0.996,0.157,0.148,0.022,0.981,0.993,0.969,0.124,0.127,0.125
500,B1_2,0.015,0.109,0.24,0.075,0.954,1.0,0.954,0.274,0.261,0.131,0.936,0.952,0.915,0.305,0.303,0.306
500,B1_3,0.005,0.013,0.153,0.005,0.996,0.954,1.0,0.182,0.171,0.047,0.986,0.997,0.977,0.142,0.143,0.144
500,A2_1,-0.115,0.958,0.998,0.958,0.157,0.274,0.182,1.0,0.987,0.968,0.153,0.185,0.172,0.078,0.018,0.029
500,A2_2,-0.216,0.94,0.989,0.944,0.148,0.261,0.171,0.987,1.0,0.97,0.136,0.167,0.155,0.147,0.085,0.092
500,A2_3,-0.195,0.981,0.98,0.987,0.022,0.131,0.047,0.968,0.97,1.0,-0.002,0.045,0.016,0.064,0.007,0.011
500,B2_1,0.08,-0.036,0.119,-0.045,0.981,0.936,0.986,0.153,0.136,-0.002,1.0,0.987,0.996,0.116,0.117,0.127
500,B2_2,0.047,0.023,0.155,0.01,0.993,0.952,0.997,0.185,0.167,0.045,0.987,1.0,0.979,0.112,0.112,0.114
500,B2_3,0.08,-0.018,0.139,-0.024,0.969,0.915,0.977,0.172,0.155,0.016,0.996,0.979,1.0,0.079,0.079,0.09
500,y1,-0.042,0.035,0.071,-0.026,0.124,0.305,0.142,0.078,0.147,0.064,0.116,0.112,0.079,1.0,0.991,0.995
500,y2,-0.021,-0.014,0.012,-0.085,0.127,0.303,0.143,0.018,0.085,0.007,0.117,0.112,0.079,0.991,1.0,0.996
500,y3,0.009,-0.014,0.02,-0.082,0.125,0.306,0.144,0.029,0.092,0.011,0.127,0.114,0.09,0.995,0.996,1.0
1000,.,1.0,-0.065,-0.148,-0.091,-0.025,-0.022,0.036,-0.122,-0.277,-0.212,0.137,0.077,0.142,-0.106,-0.06,-0.068
1000,A1_1,-0.065,1.0,0.966,0.98,0.074,0.127,0.047,0.969,0.895,0.975,0.116,0.056,0.158,-0.084,-0.153,-0.121
1000,A1_2,-0.148,0.966,1.0,0.964,0.201,0.242,0.169,0.998,0.961,0.979,0.227,0.175,0.27,-0.117,-0.194,-0.161
1000,A1_3,-0.091,0.98,0.964,1.0,0.031,0.056,0.011,0.959,0.88,0.97,0.092,0.017,0.139,-0.235,-0.308,-0.277
1000,B1_1,-0.025,0.074,0.201,0.031,1.0,0.977,0.987,0.206,0.261,0.106,0.96,0.99,0.94,0.109,0.108,0.103
1000,B1_2,-0.022,0.127,0.242,0.056,0.977,1.0,0.941,0.257,0.307,0.141,0.905,0.954,0.882,0.206,0.199,0.198
1000,B1_3,0.036,0.047,0.169,0.011,0.987,0.941,1.0,0.172,0.221,0.084,0.977,0.992,0.961,0.101,0.104,0.097
1000,A2_1,-0.122,0.969,0.998,0.959,0.206,0.257,0.172,1.0,0.959,0.977,0.229,0.18,0.27,-0.09,-0.167,-0.133
1000,A2_2,-0.277,0.895,0.961,0.88,0.261,0.307,0.221,0.959,1.0,0.945,0.25,0.219,0.284,0.036,-0.051,-0.016
1000,A2_3,-0.212,0.975,0.979,0.97,0.106,0.141,0.084,0.977,0.945,1.0,0.134,0.074,0.173,-0.078,-0.159,-0.125
1000,B2_1,0.137,0.116,0.227,0.092,0.96,0.905,0.977,0.229,0.25,0.134,1.0,0.98,0.992,-0.007,-0.009,-0.015
1000,B2_2,0.077,0.056,0.175,0.017,0.99,0.954,0.992,0.18,0.219,0.074,0.98,1.0,0.967,0.062,0.068,0.061
1000,B2_3,0.142,0.158,0.27,0.139,0.94,0.882,0.961,0.27,0.284,0.173,0.992,0.967,1.0,-0.054,-0.055,-0.064
1000,y1,-0.106,-0.084,-0.117,-0.235,0.109,0.206,0.101,-0.09,0.036,-0.078,-0.007,0.062,-0.054,1.0,0.992,0.995
1000,y2,-0.06,-0.153,-0.194,-0.308,0.108,0.199,0.104,-0.167,-0.051,-0.159,-0.009,0.068,-0.055,0.992,1.0,0.997
1000,y3,-0.068,-0.121,-0.161,-0.277,0.103,0.198,0.097,-0.133,-0.016,-0.125,-0.015,0.061,-0.064,0.995,0.997,1.0
1500,.,1.0,0.414,0.058,-0.002,0.111,0.122,0.124,-0.048,-0.187,-0.056,0.416,0.326,0.373,0.065,0.103,0.11
1500,A1_1,0.414,1.0,0.839,0.762,0.251,0.239,0.227,0.749,0.634,0.739,0.443,0.423,0.437,-0.026,-0.042,-0.019
1500,A1_2,0.058,0.839,1.0,0.979,0.45,0.42,0.385,0.981,0.917,0.973,0.407,0.479,0.405,-0.032,-0.091,-0.058
1500,A1_3,-0.002,0.762,0.979,1.0,0.428,0.384,0.341,0.971,0.893,0.964,0.325,0.418,0.324,-0.151,-0.215,-0.184
1500,B1_1,0.111,0.251,0.45,0.428,1.0,0.981,0.959,0.538,0.615,0.482,0.851,0.931,0.867,0.329,0.319,0.306
1500,B1_2,0.122,0.239,0.42,0.384,0.981,1.0,0.953,0.513,0.588,0.458,0.813,0.89,0.839,0.408,0.409,0.387
1500,B1_3,0.124,0.227,0.385,0.341,0.959,0.953,1.0,0.479,0.555,0.413,0.843,0.918,0.859,0.467,0.452,0.45
1500,A2_1,-0.048,0.749,0.981,0.971,0.538,0.513,0.479,1.0,0.965,0.987,0.421,0.519,0.428,0.04,-0.023,0.006
1500,A2_2,-0.187,0.634,0.917,0.893,0.615,0.588,0.555,0.965,1.0,0.943,0.477,0.578,0.494,0.141,0.078,0.1
1500,A2_3,-0.056,0.739,0.973,0.964,0.482,0.458,0.413,0.987,0.943,1.0,0.369,0.462,0.367,0.01,-0.051,-0.021
1500,B2_1,0.416,0.443,0.407,0.325,0.851,0.813,0.843,0.421,0.477,0.369,1.0,0.975,0.993,0.261,0.272,0.267
1500,B2_2,0.326,0.423,0.479,0.418,0.931,0.89,0.918,0.519,0.578,0.462,0.975,1.0,0.974,0.302,0.296,0.296
1500,B2_3,0.373,0.437,0.405,0.324,0.867,0.839,0.859,0.428,0.494,0.367,0.993,0.974,1.0,0.281,0.299,0.284
1500,y1,0.065,-0.026,-0.032,-0.151,0.329,0.408,0.467,0.04,0.141,0.01,0.261,0.302,0.281,1.0,0.99,0.998
1500,y2,0.103,-0.042,-0.091,-0.215,0.319,0.409,0.452,-0.023,0.078,-0.051,0.272,0.296,0.299,0.99,1.0,0.993
1500,y3,0.11,-0.019,-0.058,-0.184,0.306,0.387,0.45,0.006,0.1,-0.021,0.267,0.296,0.284,0.998,0.993,1.0
2000,.,1.0,-0.165,-0.099,-0.116,-0.009,-0.063,0.208,-0.074,-0.049,-0.122,0.077,0.097,0.093,0.088,0.09,0.066
2000,A1_1,-0.165,1.0,0.955,0.953,0.293,0.35,0.145,0.959,0.956,0.967,0.251,0.317,0.378,-0.338,-0.347,-0.374
2000,A1_2,-0.099,0.955,1.0,0.976,0.208,0.294,0.072,0.984,0.949,0.993,0.17,0.224,0.314,-0.374,-0.379,-0.408
2000,A1_3,-0.116,0.953,0.976,1.0,0.217,0.282,0.088,0.974,0.959,0.988,0.181,0.243,0.329,-0.454,-0.459,-0.483
2000,B1_1,-0.009,0.293,0.208,0.217,1.0,0.845,0.907,0.325,0.357,0.185,0.953,0.975,0.976,0.085,0.082,0.048
2000,B1_2,-0.063,0.35,0.294,0.282,0.845,1.0,0.737,0.39,0.388,0.244,0.728,0.782,0.844,-0.026,-0.043,-0.105
2000,B1_3,0.208,0.145,0.072,0.088,0.907,0.737,1.0,0.208,0.265,0.054,0.944,0.918,0.927,0.14,0.142,0.107
2000,A2_1,-0.074,0.959,0.984,0.974,0.325,0.39,0.208,1.0,0.986,0.979,0.307,0.355,0.431,-0.378,-0.386,-0.419
2000,A2_2,-0.049,0.956,0.949,0.959,0.357,0.388,0.265,0.986,1.0,0.957,0.363,0.407,0.465,-0.385,-0.394,-0.425
2000,A2_3,-0.122,0.967,0.993,0.988,0.185,0.244,0.054,0.979,0.957,1.0,0.157,0.211,0.293,-0.39,-0.395,-0.42
2000,B2_1,0.077,0.251,0.17,0.181,0.953,0.728,0.944,0.307,0.363,0.157,1.0,0.979,0.948,0.122,0.116,0.092
2000,B2_2,0.097,0.317,0.224,0.243,0.975,0.782,0.918,0.355,0.407,0.211,0.979,1.0,0.972,0.025,0.017,-0.01
2000,B2_3,0.093,0.378,0.314,0.329,0.976,0.844,0.927,0.431,0.465,0.293,0.948,0.972,1.0,0.034,0.028,-0.014
2000,y1,0.088,-0.338,-0.374,-0.454,0.085,-0.026,0.14,-0.378,-0.385,-0.39,0.122,0.025,0.034,1.0,0.998,0.991
2000,y2,0.09,-0.347,-0.379,-0.459,0.082,-0.043,0.142,-0.386,-0.394,-0.395,0.116,0.017,0.028,0.998,1.0,0.995
2000,y3,0.066,-0.374,-0.408,-0.483,0.048,-0.105,0.107,-0.419,-0.425,-0.42,0.092,-0.01,-0.014,0.991,0.995,1.0
2500,.,1.0,0.104,-0.08,0.051,0.119,-0.076,0.195,0.221,0.006,-0.075,0.093,0.169,0.193,0.05,0.034,0.031
2500,A1_1,0.104,1.0,0.95,0.98,0.189,0.195,0.06,0.94,0.962,0.954,0.211,0.298,0.253,-0.221,-0.236,-0.243
2500,A1_2,-0.08,0.95,1.0,0.925,0.196,0.226,0.055,0.836,0.949,0.999,0.222,0.271,0.226,-0.079,-0.093,-0.1
2500,A1_3,0.051,0.98,0.925,1.0,0.242,0.24,0.122,0.945,0.966,0.933,0.262,0.342,0.303,-0.302,-0.316,-0.324
2500,B1_1,0.119,0.189,0.196,0.242,1.0,0.921,0.961,0.333,0.349,0.178,0.956,0.974,0.988,0.065,0.039,0.044
2500,B1_2,-0.076,0.195,0.226,0.24,0.921,1.0,0.873,0.279,0.346,0.196,0.96,0.911,0.883,0.026,-0.009,0.009
2500,B1_3,0.195,0.06,0.055,0.122,0.961,0.873,1.0,0.24,0.228,0.039,0.938,0.899,0.943,0.075,0.051,0.055
2500,A2_1,0.221,0.94,0.836,0.945,0.333,0.279,0.24,1.0,0.948,0.843,0.34,0.414,0.41,-0.218,-0.234,-0.247
2500,A2_2,0.006,0.962,0.949,0.966,0.349,0.346,0.228,0.948,1.0,0.95,0.371,0.415,0.398,-0.12,-0.136,-0.145
2500,A2_3,-0.075,0.954,0.999,0.933,0.178,0.196,0.039,0.843,0.95,1.0,0.198,0.252,0.211,-0.102,-0.113,-0.123
2500,B2_1,0.093,0.211,0.222,0.262,0.956,0.96,0.938,0.34,0.371,0.198,1.0,0.933,0.93,0.005,-0.03,-0.019
2500,B2_2,0.169,0.298,0.271,0.342,0.974,0.911,0.899,0.414,0.415,0.252,0.933,1.0,0.981,-0.016,-0.045,-0.036
2500,B2_3,0.193,0.253,0.226,0.303,0.988,0.883,0.943,0.41,0.398,0.211,0.93,0.981,1.0,0.053,0.027,0.032
2500,y1,0.05,-0.221,-0.079,-0.302,0.065,0.026,0.075,-0.218,-0.12,-0.102,0.005,-0.016,0.053,1.0,0.998,0.998
2500,y2,0.034,-0.236,-0.093,-0.316,0.039,-0.009,0.051,-0.234,-0.136,-0.113,-0.03,-0.045,0.027,0.998,1.0,0.998
2500,y3,0.031,-0.243,-0.1,-0.324,0.044,0.009,0.055,-0.247,-0.145,-0.123,-0.019,-0.036,0.032,0.998,0.998,1.0
3000,.,1.0,-0.022,0.106,0.05,0.1,0.113,0.143,0.12,-0.015,-0.003,0.145,0.111,0.157,-0.01,-0.022,-0.011
3000,A1_1,-0.022,1.0,0.969,0.967,0.311,0.215,0.259,0.952,0.965,0.986,0.271,0.303,0.34,-0.117,-0.115,-0.119
3000,A1_2,0.106,0.969,1.0,0.977,0.275,0.179,0.226,0.99,0.962,0.981,0.236,0.269,0.311,-0.124,-0.121,-0.133
3000,A1_3,0.05,0.967,0.977,1.0,0.18,0.074,0.136,0.966,0.933,0.987,0.139,0.165,0.223,-0.175,-0.168,-0.181
3000,B1_1,0.1,0.311,0.275,0.18,1.0,0.98,0.976,0.335,0.461,0.253,0.988,0.995,0.986,-0.031,-0.018,-0.024
3000,B1_2,0.113,0.215,0.179,0.074,0.98,1.0,0.984,0.241,0.38,0.149,0.992,0.98,0.972,0.033,0.047,0.04
3000,B1_3,0.143,0.259,0.226,0.136,0.976,0.984,1.0,0.285,0.419,0.206,0.995,0.965,0.992,0.007,0.025,0.013
3000,A2_1,0.12,0.952,0.99,0.966,0.335,0.241,0.285,1.0,0.97,0.971,0.294,0.327,0.371,-0.117,-0.107,-0.124
3000,A2_2,-0.015,0.965,0.962,0.933,0.461,0.38,0.419,0.97,1.0,0.959,0.427,0.454,0.493,-0.061,-0.054,-0.066
3000,A2_3,-0.003,0.986,0.981,0.987,0.253,0.149,0.206,0.971,0.959,1.0,0.211,0.237,0.293,-0.113,-0.104,-0.118
3000,B2_1,0.145,0.271,0.236,0.139,0.988,0.992,0.995,0.294,0.427,0.211,1.0,0.983,0.992,-0.006,0.008,0.001
3000,B2_2,0.111,0.303,0.269,0.165,0.995,0.98,0.965,0.327,0.454,0.237,0.983,1.0,0.974,-0.019,-0.013,-0.014
3000,B2_3,0.157,0.34,0.311,0.223,0.986,0.972,0.992,0.371,0.493,0.293,0.992,0.974,1.0,-0.016,0.002,-0.01
3000,y1,-0.01,-0.117,-0.124,-0.175,-0.031,0.033,0.007,-0.117,-0.061,-0.113,-0.006,-0.019,-0.016,1.0,0.993,0.999
3000,y2,-0.022,-0.115,-0.121,-0.168,-0.018,0.047,0.025,-0.107,-0.054,-0.104,0.008,-0.013,0.002,0.993,1.0,0.994
3000,y3,-0.011,-0.119,-0.133,-0.181,-0.024,0.04,0.013,-0.124,-0.066,-0.118,0.001,-0.014,-0.01,0.999,0.994,1.0
3500,.,1.0,-0.084,0.051,0.016,0.107,0.12,0.178,0.115,0.109,-0.095,0.173,0.227,0.111,-0.229,-0.195,-0.146
3500,A1_1,-0.084,1.0,0.961,0.941,0.308,0.219,0.225,0.928,0.938,0.967,0.172,0.257,0.344,-0.08,-0.111,-0.174
3500,A1_2,0.051,0.961,1.0,0.949,0.349,0.269,0.274,0.991,0.99,0.93,0.275,0.321,0.374,-0.137,-0.16,-0.207
3500,A1_3,0.016,0.941,0.949,1.0,0.164,0.058,0.076,0.943,0.924,0.907,0.115,0.126,0.202,-0.19,-0.215,-0.241
3500,B1_1,0.107,0.308,0.349,0.164,1.0,0.982,0.969,0.363,0.405,0.282,0.926,0.982,0.995,-0.065,-0.074,-0.129
3500,B1_2,0.12,0.219,0.269,0.058,0.982,1.0,0.988,0.287,0.338,0.182,0.905,0.984,0.973,-0.058,-0.062,-0.125
3500,B1_3,0.178,0.225,0.274,0.076,0.969,0.988,1.0,0.292,0.34,0.195,0.913,0.983,0.972,-0.048,-0.049,-0.104
3500,A2_1,0.115,0.928,0.991,0.943,0.363,0.287,0.292,1.0,0.992,0.89,0.32,0.348,0.387,-0.172,-0.187,-0.227
3500,A2_2,0.109,0.938,0.99,0.924,0.405,0.338,0.34,0.992,1.0,0.904,0.329,0.388,0.429,-0.146,-0.165,-0.22
3500,A2_3,-0.095,0.967,0.93,0.907,0.282,0.182,0.195,0.89,0.904,1.0,0.166,0.224,0.32,0.036,0.011,-0.057
3500,B2_1,0.173,0.172,0.275,0.115,0.926,0.905,0.913,0.32,0.329,0.166,1.0,0.932,0.923,-0.023,-0.012,-0.018
3500,B2_2,0.227,0.257,0.321,0.126,0.982,0.984,0.983,0.348,0.388,0.224,0.932,1.0,0.977,-0.115,-0.111,-0.159
3500,B2_3,0.111,0.344,0.374,0.202,0.995,0.973,0.972,0.387,0.429,0.32,0.923,0.977,1.0,-0.052,-0.06,-0.115
3500,y1,-0.229,-0.08,-0.137,-0.19,-0.065,-0.058,-0.048,-0.172,-0.146,0.036,-0.023,-0.115,-0.052,1.0,0.995,0.974
3500,y2,-0.195,-0.111,-0.16,-0.215,-0.074,-0.062,-0.049,-0.187,-0.165,0.011,-0.012,-0.111,-0.06,0.995,1.0,0.984
3500,y3,-0.146,-0.174,-0.207,-0.241,-0.129,-0.125,-0.104,-0.227,-0.22,-0.057,-0.018,-0.159,-0.115,0.974,0.984,1.0
4000,.,1.0,-0.023,-0.031,0.001,-0.048,-0.041,-0.025,0.162,0.144,0.033,0.154,0.136,0.103,-0.208,-0.209,-0.203
4000,A1_1,-0.023,1.0,0.977,0.969,0.329,0.169,0.366,0.901,0.876,0.882,0.173,0.291,0.374,0.035,0.005,0.022
4000,A1_2,-0.031,0.977,1.0,0.948,0.39,0.326,0.428,0.892,0.897,0.842,0.3,0.413,0.471,0.072,0.043,0.077
4000,A1_3,0.001,0.969,0.948,1.0,0.248,0.099,0.269,0.915,0.884,0.868,0.124,0.23,0.297,-0.036,-0.065,-0.055
4000,B1_1,-0.048,0.329,0.39,0.248,1.0,0.753,0.979,0.258,0.278,0.281,0.774,0.876,0.935,0.233,0.218,0.244
4000,B1_2,-0.041,0.169,0.326,0.099,0.753,1.0,0.795,0.145,0.228,0.073,0.853,0.902,0.858,0.111,0.119,0.182
4000,B1_3,-0.025,0.366,0.428,0.269,0.979,0.795,1.0,0.259,0.269,0.277,0.759,0.869,0.929,0.233,0.223,0.246
4000,A2_1,0.162,0.901,0.892,0.915,0.258,0.145,0.259,1.0,0.979,0.909,0.306,0.348,0.361,-0.141,-0.185,-0.162
4000,A2_2,0.144,0.876,0.897,0.884,0.278,0.228,0.269,0.979,1.0,0.91,0.387,0.415,0.416,-0.076,-0.122,-0.082
4000,A2_3,0.033,0.882,0.842,0.868,0.281,0.073,0.277,0.909,0.91,1.0,0.275,0.29,0.337,-0.001,-0.048,-0.042
4000,B2_1,0.154,0.173,0.3,0.124,0.774,0.853,0.759,0.306,0.387,0.275,1.0,0.958,0.891,0.026,0.003,0.059
4000,B2_2,0.136,0.291,0.413,0.23,0.876,0.902,0.869,0.348,0.415,0.29,0.958,1.0,0.976,0.099,0.084,0.144
4000,B2_3,0.103,0.374,0.471,0.297,0.935,0.858,0.929,0.361,0.416,0.337,0.891,0.976,1.0,0.17,0.154,0.21
4000,y1,-0.208,0.035,0.072,-0.036,0.233,0.111,0.233,-0.141,-0.076,-0.001,0.026,0.099,0.17,1.0,0.996,0.991
4000,y2,-0.209,0.005,0.043,-0.065,0.218,0.119,0.223,-0.185,-0.122,-0.048,0.003,0.084,0.154,0.996,1.0,0.991
4000,y3,-0.203,0.022,0.077,-0.055,0.244,0.182,0.246,-0.162,-0.082,-0.042,0.059,0.144,0.21,0.991,0.991,1.0
4500,.,1.0,0.048,0.047,0.099,0.168,0.11,0.171,0.07,-0.085,-0.029,0.203,0.218,0.2,-0.134,-0.144,-0.137
4500,A1_1,0.048,1.0,0.981,0.96,0.473,0.406,0.463,0.97,0.873,0.948,0.499,0.492,0.538,0.058,0.071,0.047
4500,A1_2,0.047,0.981,1.0,0.989,0.429,0.394,0.434,0.995,0.908,0.974,0.458,0.46,0.497,-0.011,0.004,-0.024
4500,A1_3,0.099,0.96,0.989,1.0,0.38,0.332,0.379,0.989,0.904,0.968,0.418,0.408,0.459,-0.071,-0.056,-0.083
4500,B1_1,0.168,0.473,0.429,0.38,1.0,0.907,0.983,0.447,0.431,0.395,0.977,0.985,0.986,0.278,0.258,0.246
4500,B1_2,0.11,0.406,0.394,0.332,0.907,1.0,0.95,0.43,0.446,0.323,0.837,0.95,0.866,0.242,0.233,0.21
4500,B1_3,0.171,0.463,0.434,0.379,0.983,0.95,1.0,0.457,0.417,0.384,0.962,0.993,0.967,0.225,0.209,0.193
4500,A2_1,0.07,0.97,0.995,0.989,0.447,0.43,0.457,1.0,0.924,0.963,0.467,0.484,0.508,-0.05,-0.034,-0.063
4500,A2_2,-0.085,0.873,0.908,0.904,0.431,0.446,0.417,0.924,1.0,0.888,0.396,0.444,0.459,0.053,0.067,0.038
4500,A2_3,-0.029,0.948,0.974,0.968,0.395,0.323,0.384,0.963,0.888,1.0,0.438,0.408,0.471,-0.058,-0.046,-0.074
4500,B2_1,0.203,0.499,0.458,0.418,0.977,0.837,0.962,0.467,0.396,0.438,1.0,0.954,0.992,0.234,0.214,0.202
4500,B2_2,0.218,0.492,0.46,0.408,0.985,0.95,0.993,0.484,0.444,0.408,0.954,1.0,0.968,0.219,0.203,0.186
4500,B2_3,0.2,0.538,0.497,0.459,0.986,0.866,0.967,0.508,0.459,0.471,0.992,0.968,1.0,0.254,0.235,0.219
4500,y1,-0.134,0.058,-0.011,-0.071,0.278,0.242,0.225,-0.05,0.053,-0.058,0.234,0.219,0.254,1.0,0.998,0.998
4500,y2,-0.144,0.071,0.004,-0.056,0.258,0.233,0.209,-0.034,0.067,-0.046,0.214,0.203,0.235,0.998,1.0,0.998
4500,y3,-0.137,0.047,-0.024,-0.083,0.246,0.21,0.193,-0.063,0.038,-0.074,0.202,0.186,0.219,0.998,0.998,1.0
5000,.,1.0,-0.04,0.114,0.143,0.159,0.168,0.246,0.104,0.041,-0.034,0.235,0.312,0.208,-0.191,-0.162,-0.174
5000,A1_1,-0.04,1.0,0.879,0.876,0.331,0.246,0.244,0.816,0.788,0.889,0.329,0.309,0.361,-0.061,-0.08,-0.116
5000,A1_2,0.114,0.879,1.0,0.92,0.351,0.246,0.346,0.982,0.934,0.971,0.373,0.443,0.396,-0.221,-0.168,-0.231
5000,A1_3,0.143,0.876,0.92,1.0,0.183,0.072,0.146,0.877,0.895,0.891,0.194,0.259,0.226,-0.367,-0.345,-0.396
5000,B1_1,0.159,0.331,0.351,0.183,1.0,0.91,0.949,0.406,0.328,0.338,0.978,0.956,0.99,0.136,0.104,0.108
5000,B1_2,0.168,0.246,0.246,0.072,0.91,1.0,0.965,0.308,0.241,0.21,0.95,0.876,0.939,0.116,0.078,0.093
5000,B1_3,0.246,0.244,0.346,0.146,0.949,0.965,1.0,0.418,0.339,0.297,0.98,0.961,0.973,0.067,0.059,0.061
5000,A2_1,0.104,0.816,0.982,0.877,0.406,0.308,0.418,1.0,0.961,0.953,0.432,0.514,0.454,-0.218,-0.154,-0.227
5000,A2_2,0.041,0.788,0.934,0.895,0.328,0.241,0.339,0.961,1.0,0.925,0.358,0.439,0.373,-0.269,-0.22,-0.292
5000,A2_3,-0.034,0.889,0.971,0.891,0.338,0.21,0.297,0.953,0.925,1.0,0.333,0.387,0.366,-0.194,-0.154,-0.221
5000,B2_1,0.235,0.329,0.373,0.194,0.978,0.95,0.98,0.432,0.358,0.333,1.0,0.974,0.991,0.088,0.063,0.071
5000,B2_2,0.312,0.309,0.443,0.259,0.956,0.876,0.961,0.514,0.439,0.387,0.974,1.0,0.966,0.011,0.016,0.007
5000,B2_3,0.208,0.361,0.396,0.226,0.99,0.939,0.973,0.454,0.373,0.366,0.991,0.966,1.0,0.11,0.083,0.084
5000,y1,-0.191,-0.061,-0.221,-0.367,0.136,0.116,0.067,-0.218,-0.269,-0.194,0.088,0.011,0.11,1.0,0.983,0.988
5000,y2,-0.162,-0.08,-0.168,-0.345,0.104,0.078,0.059,-0.154,-0.22,-0.154,0.063,0.016,0.083,0.983,1.0,0.989
5000,y3,-0.174,-0.116,-0.231,-0.396,0.108,0.093,0.061,-0.227,-0.292,-0.221,0.071,0.007,0.084,0.988,0.989,1.0
5500,.,1.0,-0.027,0.13,0.038,0.1,0.137,0.162,0.108,-0.138,-0.106,0.099,0.164,0.155,-0.208,-0.253,-0.182
5500,A1_1,-0.027,1.0,0.841,0.882,0.468,0.346,0.42,0.81,0.789,0.938,0.307,0.449,0.499,0.069,0.048,0.072
5500,A1_2,0.13,0.841,1.0,0.853,0.398,0.331,0.424,0.98,0.827,0.835,0.216,0.444,0.414,-0.2,-0.202,-0.169
5500,A1_3,0.038,0.882,0.853,1.0,0.378,0.31,0.372,0.769,0.851,0.932,0.208,0.408,0.409,-0.077,-0.085,-0.037
5500,B1_1,0.1,0.468,0.398,0.378,1.0,0.946,0.986,0.421,0.444,0.403,0.927,0.982,0.983,0.171,0.172,0.202
5500,B1_2,0.137,0.346,0.331,0.31,0.946,1.0,0.973,0.353,0.421,0.306,0.962,0.957,0.946,0.139,0.139,0.163
5500,B1_3,0.162,0.42,0.424,0.372,0.986,0.973,1.0,0.445,0.461,0.368,0.933,0.995,0.975,0.118,0.122,0.155
5500,A2_1,0.108,0.81,0.98,0.769,0.421,0.353,0.445,1.0,0.796,0.762,0.252,0.46,0.437,-0.211,-0.214,-0.192
5500,A2_2,-0.138,0.789,0.827,0.851,0.444,0.421,0.461,0.796,1.0,0.853,0.285,0.487,0.455,0.051,0.054,0.093
5500,A2_3,-0.106,0.938,0.835,0.932,0.403,0.306,0.368,0.762,0.853,1.0,0.205,0.395,0.408,0.03,0.022,0.055
5500,B2_1,0.099,0.307,0.216,0.208,0.927,0.962,0.933,0.252,0.285,0.205,1.0,0.911,0.943,0.158,0.152,0.162
5500,B2_2,0.164,0.449,0.444,0.408,0.982,0.957,0.995,0.46,0.487,0.395,0.911,1.0,0.971,0.118,0.123,0.161
5500,B2_3,0.155,0.499,0.414,0.409,0.983,0.946,0.975,0.437,0.455,0.408,0.943,0.971,1.0,0.148,0.139,0.171
5500,y1,-0.208,0.069,-0.2,-0.077,0.171,0.139,0.118,-0.211,0.051,0.03,0.158,0.118,0.148,1.0,0.996,0.991
5500,y2,-0.253,0.048,-0.202,-0.085,0.172,0.139,0.122,-0.214,0.054,0.022,0.152,0.123,0.139,0.996,1.0,0.993
5500,y3,-0.182,0.072,-0.169,-0.037,0.202,0.163,0.155,-0.192,0.093,0.055,0.162,0.161,0.171,0.991,0.993,1.0
6000,.,1.0,0.18,0.011,0.07,0.083,0.1,0.187,0.176,0.07,0.071,0.027,0.022,0.042,-0.159,-0.217,-0.222
6000,A1_1,0.18,1.0,0.927,0.958,0.206,0.257,0.252,0.93,0.777,0.92,0.325,0.391,0.384,-0.037,-0.013,-0.09
6000,A1_2,0.011,0.927,1.0,0.981,0.304,0.394,0.358,0.878,0.731,0.872,0.487,0.511,0.539,0.181,0.214,0.149
6000,A1_3,0.07,0.958,0.981,1.0,0.203,0.285,0.253,0.859,0.673,0.853,0.382,0.413,0.444,0.138,0.165,0.094
6000,B1_1,0.083,0.206,0.304,0.203,1.0,0.921,0.951,0.42,0.434,0.409,0.832,0.905,0.679,0.111,0.118,0.114
6000,B1_2,0.1,0.257,0.394,0.285,0.921,1.0,0.96,0.469,0.486,0.468,0.94,0.93,0.835,0.127,0.147,0.158
6000,B1_3,0.187,0.252,0.358,0.253,0.951,0.96,1.0,0.48,0.475,0.436,0.876,0.892,0.774,0.078,0.079,0.082
6000,A2_1,0.176,0.93,0.878,0.859,0.42,0.469,0.48,1.0,0.923,0.959,0.489,0.552,0.51,-0.101,-0.077,-0.15
6000,A2_2,0.07,0.777,0.731,0.673,0.434,0.486,0.475,0.923,1.0,0.911,0.523,0.58,0.551,-0.171,-0.146,-0.196
6000,A2_3,0.071,0.92,0.872,0.853,0.409,0.468,0.436,0.959,0.911,1.0,0.526,0.576,0.561,-0.125,-0.084,-0.144
6000,B2_1,0.027,0.325,0.487,0.382,0.832,0.94,0.876,0.489,0.523,0.526,1.0,0.956,0.954,0.175,0.198,0.213
6000,B2_2,0.022,0.391,0.511,0.413,0.905,0.93,0.892,0.552,0.58,0.576,0.956,1.0,0.881,0.163,0.193,0.187
6000,B2_3,0.042,0.384,0.539,0.444,0.679,0.835,0.774,0.51,0.551,0.561,0.954,0.881,1.0,0.135,0.161,0.182
6000,y1,-0.159,-0.037,0.181,0.138,0.111,0.127,0.078,-0.101,-0.171,-0.125,0.175,0.163,0.135,1.0,0.992,0.988
6000,y2,-0.217,-0.013,0.214,0.165,0.118,0.147,0.079,-0.077,-0.146,-0.084,0.198,0.193,0.161,0.992,1.0,0.992
6000,y3,-0.222,-0.09,0.149,0.094,0.114,0.158,0.082,-0.15,-0.196,-0.144,0.213,0.187,0.182,0.988,0.992,1.0
6500,.,1.0,0.115,0.085,0.171,0.037,0.034,0.087,0.114,0.164,-0.067,-0.021,0.037,0.025,0.031,0.081,0.097
6500,A1_1,0.115,1.0,0.969,0.948,0.37,0.388,0.342,0.935,0.817,0.938,0.42,0.405,0.528,-0.206,-0.195,-0.205
6500,A1_2,0.085,0.969,1.0,0.921,0.53,0.545,0.499,0.952,0.865,0.966,0.574,0.561,0.668,-0.15,-0.131,-0.142
6500,A1_3,0.171,0.948,0.921,1.0,0.39,0.413,0.364,0.978,0.916,0.877,0.447,0.428,0.559,-0.341,-0.324,-0.326
6500,B1_1,0.037,0.37,0.53,0.39,1.0,0.943,0.993,0.508,0.557,0.476,0.975,0.993,0.899,-0.092,-0.054,-0.08
6500,B1_2,0.034,0.388,0.545,0.413,0.943,1.0,0.917,0.535,0.62,0.499,0.976,0.967,0.972,-0.129,-0.095,-0.098
6500,B1_3,0.087,0.342,0.499,0.364,0.993,0.917,1.0,0.477,0.527,0.435,0.951,0.978,0.867,-0.053,-0.013,-0.044
6500,A2_1,0.114,0.935,0.952,0.978,0.508,0.535,0.477,1.0,0.951,0.907,0.559,0.542,0.666,-0.273,-0.259,-0.26
6500,A2_2,0.164,0.817,0.865,0.916,0.557,0.62,0.527,0.951,1.0,0.824,0.631,0.6,0.748,-0.3,-0.278,-0.267
6500,A2_3,-0.067,0.938,0.966,0.877,0.476,0.499,0.435,0.907,0.824,1.0,0.549,0.522,0.621,-0.175,-0.159,-0.167
6500,B2_1,-0.021,0.42,0.574,0.447,0.975,0.976,0.951,0.559,0.631,0.549,1.0,0.991,0.957,-0.128,-0.09,-0.104
6500,B2_2,0.037,0.405,0.561,0.428,0.993,0.967,0.978,0.542,0.6,0.522,0.991,1.0,0.93,-0.11,-0.071,-0.09
6500,B2_3,0.025,0.528,0.668,0.559,0.899,0.972,0.867,0.666,0.748,0.621,0.957,0.93,1.0,-0.114,-0.08,-0.081
6500,y1,0.031,-0.206,-0.15,-0.341,-0.092,-0.129,-0.053,-0.273,-0.3,-0.175,-0.128,-0.11,-0.114,1.0,0.995,0.992
6500,y2,0.081,-0.195,-0.131,-0.324,-0.054,-0.095,-0.013,-0.259,-0.278,-0.159,-0.09,-0.071,-0.08,0.995,1.0,0.996
6500,y3,0.097,-0.205,-0.142,-0.326,-0.08,-0.098,-0.044,-0.26,-0.267,-0.167,-0.104,-0.09,-0.081,0.992,0.996,1.0
7000,.,1.0,0.002,-0.085,0.046,0.074,0.095,0.182,0.005,0.068,-0.18,-0.046,0.093,0.114,-0.018,-0.063,-0.035
7000,A1_1,0.002,1.0,0.975,0.946,0.137,0.043,0.121,0.981,0.971,0.887,0.218,0.16,0.309,-0.157,-0.16,-0.164
7000,A1_2,-0.085,0.975,1.0,0.877,0.22,0.11,0.208,0.935,0.942,0.956,0.306,0.252,0.383,-0.073,-0.073,-0.079
7000,A1_3,0.046,0.946,0.877,1.0,-0.02,-0.114,-0.027,0.975,0.96,0.746,0.066,0.004,0.157,-0.216,-0.218,-0.223
7000,B1_1,0.074,0.137,0.22,-0.02,1.0,0.927,0.972,0.128,0.19,0.254,0.967,0.987,0.941,-0.095,-0.133,-0.097
7000,B1_2,0.095,0.043,0.11,-0.114,0.927,1.0,0.903,0.034,0.078,0.143,0.838,0.882,0.901,-0.089,-0.128,-0.083
7000,B1_3,0.182,0.121,0.208,-0.027,0.972,0.903,1.0,0.115,0.189,0.233,0.922,0.983,0.94,0.017,-0.02,0.014
7000,A2_1,0.005,0.981,0.935,0.975,0.128,0.034,0.115,1.0,0.979,0.814,0.204,0.148,0.296,-0.184,-0.186,-0.19
7000,A2_2,0.068,0.971,0.942,0.96,0.19,0.078,0.189,0.979,1.0,0.84,0.263,0.222,0.361,-0.234,-0.24,-0.238
7000,A2_3,-0.18,0.887,0.956,0.746,0.254,0.143,0.233,0.814,0.84,1.0,0.368,0.292,0.406,0.009,0.009,0.011
7000,B2_1,-0.046,0.218,0.306,0.066,0.967,0.838,0.922,0.204,0.263,0.368,1.0,0.97,0.898,-0.096,-0.127,-0.096
7000,B2_2,0.093,0.16,0.252,0.004,0.987,0.882,0.983,0.148,0.222,0.292,0.97,1.0,0.936,-0.065,-0.099,-0.068
7000,B2_3,0.114,0.309,0.383,0.157,0.941,0.901,0.94,0.296,0.361,0.406,0.898,0.936,1.0,-0.054,-0.104,-0.063
7000,y1,-0.018,-0.157,-0.073,-0.216,-0.095,-0.089,0.017,-0.184,-0.234,0.009,-0.096,-0.065,-0.054,1.0,0.995,0.997
7000,y2,-0.063,-0.16,-0.073,-0.218,-0.133,-0.128,-0.02,-0.186,-0.24,0.009,-0.127,-0.099,-0.104,0.995,1.0,0.996
7000,y3,-0.035,-0.164,-0.079,-0.223,-0.097,-0.083,0.014,-0.19,-0.238,0.011,-0.096,-0.068,-0.063,0.997,0.996,1.0
7500,.,1.0,0.064,-0.043,0.001,-0.497,-0.449,-0.515,-0.054,0.113,-0.096,-0.507,-0.382,-0.439,-0.185,0.073,0.012
7500,A1_1,0.064,1.0,0.947,0.93,0.07,0.028,0.057,0.962,0.977,0.895,0.005,0.084,0.084,-0.496,-0.527,-0.409
7500,A1_2,-0.043,0.947,1.0,0.969,0.077,0.027,0.062,0.981,0.914,0.971,-0.009,0.085,0.084,-0.313,-0.375,-0.245
7500,A1_3,0.001,0.93,0.969,1.0,-0.064,-0.107,-0.073,0.959,0.934,0.942,-0.114,-0.052,-0.001,-0.308,-0.343,-0.191
7500,B1_1,-0.497,0.07,0.077,-0.064,1.0,0.976,0.979,0.086,-0.028,0.008,0.954,0.961,0.839,-0.272,-0.436,-0.447
7500,B1_2,-0.449,0.028,0.027,-0.107,0.976,1.0,0.976,0.04,-0.072,-0.045,0.967,0.962,0.869,-0.226,-0.387,-0.393
7500,B1_3,-0.515,0.057,0.062,-0.073,0.979,0.976,1.0,0.076,-0.042,-0.02,0.973,0.941,0.884,-0.232,-0.403,-0.414
7500,A2_1,-0.054,0.962,0.981,0.959,0.086,0.04,0.076,1.0,0.933,0.949,0.015,0.094,0.136,-0.354,-0.418,-0.29
7500,A2_2,0.113,0.977,0.914,0.934,-0.028,-0.072,-0.042,0.933,1.0,0.863,-0.072,-0.016,0.015,-0.545,-0.559,-0.433
7500,A2_3,-0.096,0.895,0.971,0.942,0.008,-0.045,-0.02,0.949,0.863,1.0,-0.101,-0.01,-0.047,-0.18,-0.265,-0.128
7500,B2_1,-0.507,0.005,-0.009,-0.114,0.954,0.967,0.973,0.015,-0.072,-0.101,1.0,0.933,0.915,-0.271,-0.449,-0.439
7500,B2_2,-0.382,0.084,0.085,-0.052,0.961,0.962,0.941,0.094,-0.016,-0.01,0.933,1.0,0.84,-0.336,-0.449,-0.475
7500,B2_3,-0.439,0.084,0.084,-0.001,0.839,0.869,0.884,0.136,0.015,-0.047,0.915,0.84,1.0,-0.207,-0.355,-0.323
7500,y1,-0.185,-0.496,-0.313,-0.308,-0.272,-0.226,-0.232,-0.354,-0.545,-0.18,-0.271,-0.336,-0.207,1.0,0.939,0.953
7500,y2,0.073,-0.527,-0.375,-0.343,-0.436,-0.387,-0.403,-0.418,-0.559,-0.265,-0.449,-0.449,-0.355,0.939,1.0,0.969
7500,y3,0.012,-0.409,-0.245,-0.191,-0.447,-0.393,-0.414,-0.29,-0.433,-0.128,-0.439,-0.475,-0.323,0.953,0.969,1.0
8000,.,1.0,0.034,-0.067,0.086,-0.276,-0.258,-0.347,0.194,0.168,-0.163,-0.274,-0.17,-0.208,-0.214,-0.201,-0.195
8000,A1_1,0.034,1.0,0.875,0.977,-0.423,-0.255,-0.424,0.932,0.885,0.865,-0.162,0.04,-0.086,-0.116,-0.054,-0.063
8000,A1_2,-0.067,0.875,1.0,0.922,-0.183,-0.093,-0.219,0.691,0.612,0.936,0.071,0.246,0.101,-0.09,-0.026,-0.038
8000,A1_3,0.086,0.977,0.922,1.0,-0.327,-0.189,-0.346,0.906,0.839,0.888,-0.061,0.133,0.003,-0.214,-0.155,-0.164
8000,B1_1,-0.276,-0.423,-0.183,-0.327,1.0,0.874,0.974,-0.524,-0.614,-0.11,0.857,0.761,0.627,-0.151,-0.193,-0.18
8000,B1_2,-0.258,-0.255,-0.093,-0.189,0.874,1.0,0.897,-0.342,-0.415,0.008,0.939,0.877,0.835,-0.18,-0.21,-0.204
8000,B1_3,-0.347,-0.424,-0.219,-0.346,0.974,0.897,1.0,-0.521,-0.603,-0.121,0.837,0.743,0.621,-0.112,-0.147,-0.134
8000,A2_1,0.194,0.932,0.691,0.906,-0.524,-0.342,-0.521,1.0,0.984,0.661,-0.27,-0.097,-0.145,-0.217,-0.16,-0.159
8000,A2_2,0.168,0.885,0.612,0.839,-0.614,-0.415,-0.603,0.984,1.0,0.577,-0.358,-0.199,-0.198,-0.148,-0.095,-0.093
8000,A2_3,-0.163,0.865,0.936,0.888,-0.11,0.008,-0.121,0.661,0.577,1.0,0.13,0.326,0.122,-0.15,-0.097,-0.135
8000,B2_1,-0.274,-0.162,0.071,-0.061,0.857,0.939,0.837,-0.27,-0.358,0.13,1.0,0.933,0.894,-0.28,-0.303,-0.297
8000,B2_2,-0.17,0.04,0.246,0.133,0.761,0.877,0.743,-0.097,-0.199,0.326,0.933,1.0,0.757,-0.322,-0.336,-0.334
8000,B2_3,-0.208,-0.086,0.101,0.003,0.627,0.835,0.621,-0.145,-0.198,0.122,0.894,0.757,1.0,-0.225,-0.23,-0.23
8000,y1,-0.214,-0.116,-0.09,-0.214,-0.151,-0.18,-0.112,-0.217,-0.148,-0.15,-0.28,-0.322,-0.225,1.0,0.989,0.977
8000,y2,-0.201,-0.054,-0.026,-0.155,-0.193,-0.21,-0.147,-0.16,-0.095,-0.097,-0.303,-0.336,-0.23,0.989,1.0,0.991
8000,y3,-0.195,-0.063,-0.038,-0.164,-0.18,-0.204,-0.134,-0.159,-0.093,-0.135,-0.297,-0.334,-0.23,0.977,0.991,1.0
8500,.,1.0,-0.05,-0.016,-0.034,-0.167,0.012,-0.068,-0.361,-0.194,-0.16,-0.066,0.11,-0.113,-0.362,-0.43,-0.292
8500,A1_1,-0.05,1.0,0.942,0.942,0.04,0.01,-0.029,0.912,0.963,0.916,-0.047,0.173,0.031,-0.319,-0.363,-0.432
8500,A1_2,-0.016,0.942,1.0,0.83,0.245,0.196,0.19,0.848,0.912,0.947,0.184,0.391,0.232,-0.385,-0.427,-0.45
8500,A1_3,-0.034,0.942,0.83,1.0,-0.133,-0.102,-0.192,0.852,0.896,0.775,-0.189,0.037,-0.094,-0.365,-0.395,-0.49
8500,B1_1,-0.167,0.04,0.245,-0.133,1.0,0.852,0.946,0.164,0.101,0.24,0.937,0.819,0.919,-0.136,-0.109,-0.07
8500,B1_2,0.012,0.01,0.196,-0.102,0.852,1.0,0.913,0.118,0.104,0.21,0.932,0.872,0.944,-0.015,0.02,0.079
8500,B1_3,-0.068,-0.029,0.19,-0.192,0.946,0.913,1.0,0.075,0.047,0.162,0.937,0.828,0.933,-0.076,-0.076,0.02
8500,A2_1,-0.361,0.912,0.848,0.852,0.164,0.118,0.075,1.0,0.967,0.895,0.081,0.17,0.156,-0.088,-0.118,-0.218
8500,A2_2,-0.194,0.963,0.912,0.896,0.101,0.104,0.047,0.967,1.0,0.924,0.046,0.191,0.113,-0.171,-0.215,-0.286
8500,A2_3,-0.16,0.916,0.947,0.775,0.24,0.21,0.162,0.895,0.924,1.0,0.18,0.319,0.229,-0.149,-0.165,-0.228
8500,B2_1,-0.066,-0.047,0.184,-0.189,0.937,0.932,0.937,0.081,0.046,0.18,1.0,0.881,0.968,-0.123,-0.065,-0.033
8500,B2_2,0.11,0.173,0.391,0.037,0.819,0.872,0.828,0.17,0.191,0.319,0.881,1.0,0.913,-0.388,-0.346,-0.305
8500,B2_3,-0.113,0.031,0.232,-0.094,0.919,0.944,0.933,0.156,0.113,0.229,0.968,0.913,1.0,-0.174,-0.114,-0.091
8500,y1,-0.362,-0.319,-0.385,-0.365,-0.136,-0.015,-0.076,-0.088,-0.171,-0.149,-0.123,-0.388,-0.174,1.0,0.968,0.979
8500,y2,-0.43,-0.363,-0.427,-0.395,-0.109,0.02,-0.076,-0.118,-0.215,-0.165,-0.065,-0.346,-0.114,0.968,1.0,0.953
8500,y3,-0.292,-0.432,-0.45,-0.49,-0.07,0.079,0.02,-0.218,-0.286,-0.228,-0.033,-0.305,-0.091,0.979,0.953,1.0
9000,.,1.0,0.098,-0.106,0.031,-0.242,-0.183,-0.122,-0.059,-0.025,-0.009,-0.247,0.009,-0.231,-0.343,-0.374,-0.327
9000,A1_1,0.098,1.0,0.919,0.949,-0.062,0.061,0.02,0.87,0.889,0.976,-0.066,0.055,-0.047,-0.234,-0.235,-0.21
9000,A1_2,-0.106,0.919,1.0,0.934,-0.161,-0.013,-0.071,0.902,0.977,0.922,-0.151,-0.072,-0.126,-0.065,-0.048,-0.028
9000,A1_3,0.031,0.949,0.934,1.0,-0.127,-0.023,-0.073,0.909,0.916,0.942,-0.146,-0.102,-0.144,-0.192,-0.207,-0.154
9000,B1_1,-0.242,-0.062,-0.161,-0.127,1.0,0.913,0.921,-0.279,-0.243,-0.04,0.976,0.847,0.899,-0.131,-0.117,-0.204
9000,B1_2,-0.183,0.061,-0.013,-0.023,0.913,1.0,0.972,-0.12,-0.059,0.047,0.941,0.845,0.948,-0.104,-0.085,-0.191
9000,B1_3,-0.122,0.02,-0.071,-0.073,0.921,0.972,1.0,-0.178,-0.104,0.009,0.931,0.864,0.949,-0.109,-0.067,-0.205
9000,A2_1,-0.059,0.87,0.902,0.909,-0.279,-0.12,-0.178,1.0,0.935,0.854,-0.302,-0.273,-0.287,0.086,0.064,0.104
9000,A2_2,-0.025,0.889,0.977,0.916,-0.243,-0.059,-0.104,0.935,1.0,0.866,-0.229,-0.152,-0.187,-0.011,0.009,0.019
9000,A2_3,-0.009,0.976,0.922,0.942,-0.04,0.047,0.009,0.854,0.866,1.0,-0.059,0.045,-0.058,-0.19,-0.199,-0.181
9000,B2_1,-0.247,-0.066,-0.151,-0.146,0.976,0.941,0.931,-0.302,-0.229,-0.059,1.0,0.863,0.953,-0.176,-0.153,-0.246
9000,B2_2,0.009,0.055,-0.072,-0.102,0.847,0.845,0.864,-0.273,-0.152,0.045,0.863,1.0,0.862,-0.408,-0.374,-0.482
9000,B2_3,-0.231,-0.047,-0.126,-0.144,0.899,0.948,0.949,-0.287,-0.187,-0.058,0.953,0.862,1.0,-0.181,-0.137,-0.253
9000,y1,-0.343,-0.234,-0.065,-0.192,-0.131,-0.104,-0.109,0.086,-0.011,-0.19,-0.176,-0.408,-0.181,1.0,0.979,0.977
9000,y2,-0.374,-0.235,-0.048,-0.207,-0.117,-0.085,-0.067,0.064,0.009,-0.199,-0.153,-0.374,-0.137,0.979,1.0,0.966
9000,y3,-0.327,-0.21,-0.028,-0.154,-0.204,-0.191,-0.205,0.104,0.019,-0.181,-0.246,-0.482,-0.253,0.977,0.966,1.0
9500,.,1.0,-0.0,-0.046,-0.101,-0.132,0.077,-0.049,-0.098,-0.147,-0.082,-0.14,-0.013,-0.063,-0.182,-0.2,-0.19
9500,A1_1,-0.0,1.0,0.902,0.977,-0.126,-0.144,-0.194,0.932,0.94,0.949,-0.1,-0.086,-0.258,-0.083,-0.105,-0.085
9500,A1_2,-0.046,0.902,1.0,0.892,-0.082,0.04,-0.085,0.84,0.821,0.962,-0.064,0.068,-0.06,-0.233,-0.245,-0.247
9500,A1_3,-0.101,0.977,0.892,1.0,-0.189,-0.149,-0.272,0.892,0.912,0.912,-0.193,-0.146,-0.253,-0.008,-0.032,-0.008
9500,B1_1,-0.132,-0.126,-0.082,-0.189,1.0,0.756,0.942,-0.025,0.054,-0.02,0.899,0.835,0.697,0.045,0.001,-0.05
9500,B1_2,0.077,-0.144,0.04,-0.149,0.756,1.0,0.777,-0.106,-0.02,-0.018,0.694,0.912,0.913,-0.141,-0.223,-0.247
9500,B1_3,-0.049,-0.194,-0.085,-0.272,0.942,0.777,1.0,-0.086,-0.043,-0.054,0.912,0.835,0.758,-0.12,-0.199,-0.232
9500,A2_1,-0.098,0.932,0.84,0.892,-0.025,-0.106,-0.086,1.0,0.97,0.942,0.025,0.013,-0.201,-0.056,-0.095,-0.08
9500,A2_2,-0.147,0.94,0.821,0.912,0.054,-0.02,-0.043,0.97,1.0,0.928,0.11,0.095,-0.128,-0.034,-0.077,-0.057
9500,A2_3,-0.082,0.949,0.962,0.912,-0.02,-0.018,-0.054,0.942,0.928,1.0,0.037,0.086,-0.123,-0.205,-0.227,-0.223
9500,B2_1,-0.14,-0.1,-0.064,-0.193,0.899,0.694,0.912,0.025,0.11,0.037,1.0,0.862,0.715,-0.146,-0.238,-0.239
9500,B2_2,-0.013,-0.086,0.068,-0.146,0.835,0.912,0.835,0.013,0.095,0.086,0.862,1.0,0.855,-0.285,-0.345,-0.378
9500,B2_3,-0.063,-0.258,-0.06,-0.253,0.697,0.913,0.758,-0.201,-0.128,-0.123,0.715,0.855,1.0,-0.15,-0.248,-0.249
9500,y1,-0.182,-0.083,-0.233,-0.008,0.045,-0.141,-0.12,-0.056,-0.034,-0.205,-0.146,-0.285,-0.15,1.0,0.971,0.982
9500,y2,-0.2,-0.105,-0.245,-0.032,0.001,-0.223,-0.199,-0.095,-0.077,-0.227,-0.238,-0.345,-0.248,0.971,1.0,0.986
9500,y3,-0.19,-0.085,-0.247,-0.008,-0.05,-0.247,-0.232,-0.08,-0.057,-0.223,-0.239,-0.378,-0.249,0.982,0.986,1.0
10000,.,1.0,0.057,0.047,-0.033,-0.036,-0.113,-0.121,-0.296,-0.057,-0.175,0.099,0.041,0.171,-0.292,-0.408,-0.318
10000,A1_1,0.057,1.0,0.959,0.928,-0.284,-0.248,-0.408,0.837,0.955,0.938,-0.311,-0.412,-0.194,0.087,0.001,-0.011
10000,A1_2,0.047,0.959,1.0,0.967,-0.213,-0.159,-0.291,0.816,0.935,0.962,-0.207,-0.31,-0.174,-0.066,-0.137,-0.161
10000,A1_3,-0.033,0.928,0.967,1.0,-0.317,-0.182,-0.284,0.902,0.904,0.951,-0.275,-0.339,-0.253,-0.066,-0.067,-0.135
10000,B1_1,-0.036,-0.284,-0.213,-0.317,1.0,0.913,0.875,-0.367,-0.267,-0.202,0.939,0.843,0.896,0.084,-0.088,0.061
10000,B1_2,-0.113,-0.248,-0.159,-0.182,0.913,1.0,0.941,-0.165,-0.21,-0.124,0.89,0.796,0.864,0.093,0.005,0.113
10000,B1_3,-0.121,-0.408,-0.291,-0.284,0.875,0.941,1.0,-0.271,-0.38,-0.258,0.914,0.91,0.811,-0.053,-0.088,-0.017
10000,A2_1,-0.296,0.837,0.816,0.902,-0.367,-0.165,-0.271,1.0,0.843,0.9,-0.355,-0.376,-0.299,0.156,0.192,0.124
10000,A2_2,-0.057,0.955,0.935,0.904,-0.267,-0.21,-0.38,0.843,1.0,0.943,-0.339,-0.442,-0.22,0.13,0.047,0.04
10000,A2_3,-0.175,0.938,0.962,0.951,-0.202,-0.124,-0.258,0.9,0.943,1.0,-0.234,-0.319,-0.217,0.086,0.03,0.001
10000,B2_1,0.099,-0.311,-0.207,-0.275,0.939,0.89,0.914,-0.355,-0.339,-0.234,1.0,0.95,0.892,-0.125,-0.259,-0.138
10000,B2_2,0.041,-0.412,-0.31,-0.339,0.843,0.796,0.91,-0.376,-0.442,-0.319,0.95,1.0,0.823,-0.218,-0.303,-0.209
10000,B2_3,0.171,-0.194,-0.174,-0.253,0.896,0.864,0.811,-0.299,-0.22,-0.217,0.892,0.823,1.0,-0.022,-0.204,-0.028
10000,y1,-0.292,0.087,-0.066,-0.066,0.084,0.093,-0.053,0.156,0.13,0.086,-0.125,-0.218,-0.022,1.0,0.935,0.982
10000,y2,-0.408,0.001,-0.137,-0.067,-0.088,0.005,-0.088,0.192,0.047,0.03,-0.259,-0.303,-0.204,0.935,1.0,0.957
10000,y3,-0.318,-0.011,-0.161,-0.135,0.061,0.113,-0.017,0.124,0.04,0.001,-0.138,-0.209,-0.028,0.982,0.957,1.0
