,,.,A1_1,A1_2,A1_3,B1_1,B1_2,B1_3,A2_1,A2_2,A2_3,B2_1,B2_2,B2_3,y1,y2,y3
0,.,1.0,-0.208,0.329,0.381,-0.12,-0.144,-0.565,0.543,0.252,-0.38,-0.178,0.47,-0.157,-0.333,-0.486,0.253
0,A1_1,-0.208,1.0,0.097,0.055,0.092,-0.37,0.06,-0.469,-0.418,-0.054,-0.187,0.328,-0.106,-0.125,0.064,-0.471
0,A1_2,0.329,0.097,1.0,0.106,0.462,-0.343,-0.176,0.516,-0.159,0.148,-0.217,0.386,-0.427,0.048,-0.27,-0.006
0,A1_3,0.381,0.055,0.106,1.0,-0.132,-0.357,-0.148,0.024,0.082,0.076,0.047,0.174,0.406,-0.317,0.055,0.165
0,B1_1,-0.12,0.092,0.462,-0.132,1.0,-0.122,0.24,0.297,-0.031,0.078,0.324,0.316,-0.597,0.033,-0.276,-0.427
0,B1_2,-0.144,-0.37,-0.343,-0.357,-0.122,1.0,0.017,0.128,0.155,-0.091,0.358,-0.056,-0.115,-0.215,0.259,0.111
0,B1_3,-0.565,0.06,-0.176,-0.148,0.24,0.017,1.0,-0.207,-0.248,0.102,0.544,-0.41,-0.082,0.113,-0.075,-0.192
0,A2_1,0.543,-0.469,0.516,0.024,0.297,0.128,-0.207,1.0,0.188,-0.429,0.127,0.254,-0.363,-0.041,-0.079,0.051
0,A2_2,0.252,-0.418,-0.159,0.082,-0.031,0.155,-0.248,0.188,1.0,-0.16,-0.023,-0.02,-0.2,-0.24,-0.043,-0.133
0,A2_3,-0.38,-0.054,0.148,0.076,0.078,-0.091,0.102,-0.429,-0.16,1.0,0.12,-0.329,0.222,0.125,-0.081,0.227
0,B2_1,-0.178,-0.187,-0.217,0.047,0.324,0.358,0.544,0.127,-0.023,0.12,1.0,-0.199,-0.101,-0.067,-0.14,0.065
0,B2_2,0.47,0.328,0.386,0.174,0.316,-0.056,-0.41,0.254,-0.02,-0.329,-0.199,1.0,-0.218,-0.127,-0.19,-0.288
0,B2_3,-0.157,-0.106,-0.427,0.406,-0.597,-0.115,-0.082,-0.363,-0.2,0.222,-0.101,-0.218,1.0,0.361,0.47,0.313
0,y1,-0.333,-0.125,0.048,-0.317,0.033,-0.215,0.113,-0.041,-0.24,0.125,-0.067,-0.127,0.361,1.0,0.196,0.253
0,y2,-0.486,0.064,-0.27,0.055,-0.276,0.259,-0.075,-0.079,-0.043,-0.081,-0.14,-0.19,0.47,0.196,1.0,-0.157
0,y3,0.253,-0.471,-0.006,0.165,-0.427,0.111,-0.192,0.051,-0.133,0.227,0.065,-0.288,0.313,0.253,-0.157,1.0
500,.,1.0,-0.142,0.098,0.138,-0.027,-0.172,-0.546,0.389,0.039,-0.539,-0.06,0.495,-0.203,-0.15,-0.561,0.131
500,A1_1,-0.142,1.0,0.319,0.17,0.099,-0.471,0.013,-0.409,-0.386,0.16,-0.29,0.313,-0.06,-0.355,-0.02,-0.138
500,A1_2,0.098,0.319,1.0,0.151,0.442,-0.327,-0.09,0.572,-0.116,0.279,-0.204,0.341,-0.33,-0.304,-0.224,-0.044
500,A1_3,0.138,0.17,0.151,1.0,-0.103,-0.337,-0.134,0.082,0.156,0.159,0.026,0.181,0.451,-0.118,-0.143,0.15
500,B1_1,-0.027,0.099,0.442,-0.103,1.0,-0.092,0.289,0.296,-0.016,0.071,0.347,0.368,-0.566,-0.388,-0.247,-0.273
500,B1_2,-0.172,-0.471,-0.327,-0.337,-0.092,1.0,0.027,0.191,0.175,-0.135,0.354,-0.036,-0.139,0.104,0.206,0.036
500,B1_3,-0.546,0.013,-0.09,-0.134,0.289,0.027,1.0,-0.141,-0.182,0.097,0.526,-0.36,-0.106,-0.04,0.018,-0.445
500,A2_1,0.389,-0.409,0.572,0.082,0.296,0.191,-0.141,1.0,0.13,-0.237,0.127,0.332,-0.21,0.008,-0.115,0.076
500,A2_2,0.039,-0.386,-0.116,0.156,-0.016,0.175,-0.182,0.13,1.0,-0.016,-0.022,0.048,-0.03,-0.069,-0.045,-0.28
500,A2_3,-0.539,0.16,0.279,0.159,0.071,-0.135,0.097,-0.237,-0.016,1.0,0.043,-0.301,0.227,-0.082,-0.024,0.176
500,B2_1,-0.06,-0.29,-0.204,0.026,0.347,0.354,0.526,0.127,-0.022,0.043,1.0,-0.155,-0.144,0.026,-0.087,-0.007
500,B2_2,0.495,0.313,0.341,0.181,0.368,-0.036,-0.36,0.332,0.048,-0.301,-0.155,1.0,-0.214,-0.293,-0.433,-0.022
500,B2_3,-0.203,-0.06,-0.33,0.451,-0.566,-0.139,-0.106,-0.21,-0.03,0.227,-0.144,-0.214,1.0,0.548,0.371,0.51
500,y1,-0.15,-0.355,-0.304,-0.118,-0.388,0.104,-0.04,0.008,-0.069,-0.082,0.026,-0.293,0.548,1.0,0.577,0.705
500,y2,-0.561,-0.02,-0.224,-0.143,-0.247,0.206,0.018,-0.115,-0.045,-0.024,-0.087,-0.433,0.371,0.577,1.0,0.289
500,y3,0.131,-0.138,-0.044,0.15,-0.273,0.036,-0.445,0.076,-0.28,0.176,-0.007,-0.022,0.51,0.705,0.289,1.0
1000,.,1.0,-0.163,0.047,0.084,-0.066,-0.113,-0.559,0.316,-0.007,-0.535,-0.079,0.463,-0.21,-0.134,-0.489,-0.044
1000,A1_1,-0.163,1.0,0.37,0.201,0.095,-0.498,0.002,-0.338,-0.327,0.19,-0.307,0.311,-0.079,-0.388,-0.115,-0.167
1000,A1_2,0.047,0.37,1.0,0.166,0.434,-0.332,-0.079,0.59,-0.092,0.32,-0.213,0.325,-0.312,-0.334,-0.185,-0.154
1000,A1_3,0.084,0.201,0.166,1.0,-0.097,-0.331,-0.129,0.091,0.176,0.199,0.026,0.181,0.469,-0.103,-0.05,0.095
1000,B1_1,-0.066,0.095,0.434,-0.097,1.0,-0.07,0.287,0.296,-0.005,0.065,0.34,0.382,-0.552,-0.388,-0.249,-0.264
1000,B1_2,-0.113,-0.498,-0.332,-0.331,-0.07,1.0,0.041,0.206,0.176,-0.15,0.36,-0.022,-0.134,0.061,0.153,0.053
1000,B1_3,-0.559,0.002,-0.079,-0.129,0.287,0.041,1.0,-0.128,-0.184,0.092,0.525,-0.351,-0.097,-0.078,-0.041,-0.314
1000,A2_1,0.316,-0.338,0.59,0.091,0.296,0.206,-0.128,1.0,0.12,-0.144,0.126,0.349,-0.144,0.01,-0.03,0.043
1000,A2_2,-0.007,-0.327,-0.092,0.176,-0.005,0.176,-0.184,0.12,1.0,0.036,-0.021,0.081,0.013,-0.037,-0.019,-0.221
1000,A2_3,-0.535,0.19,0.32,0.199,0.065,-0.15,0.092,-0.144,0.036,1.0,0.029,-0.29,0.213,-0.149,-0.044,0.13
1000,B2_1,-0.079,-0.307,-0.213,0.026,0.34,0.36,0.525,0.126,-0.021,0.029,1.0,-0.151,-0.144,0.008,-0.085,0.044
1000,B2_2,0.463,0.311,0.325,0.181,0.382,-0.022,-0.351,0.349,0.081,-0.29,-0.151,1.0,-0.208,-0.293,-0.46,-0.113
1000,B2_3,-0.21,-0.079,-0.312,0.469,-0.552,-0.134,-0.097,-0.144,0.013,0.213,-0.144,-0.208,1.0,0.519,0.392,0.47
1000,y1,-0.134,-0.388,-0.334,-0.103,-0.388,0.061,-0.078,0.01,-0.037,-0.149,0.008,-0.293,0.519,1.0,0.607,0.78
1000,y2,-0.489,-0.115,-0.185,-0.05,-0.249,0.153,-0.041,-0.03,-0.019,-0.044,-0.085,-0.46,0.392,0.607,1.0,0.446
1000,y3,-0.044,-0.167,-0.154,0.095,-0.264,0.053,-0.314,0.043,-0.221,0.13,0.044,-0.113,0.47,0.78,0.446,1.0
1500,.,1.0,-0.155,0.025,0.059,-0.074,-0.082,-0.536,0.23,-0.049,-0.558,-0.076,0.442,-0.235,-0.162,-0.421,0.048
1500,A1_1,-0.155,1.0,0.463,0.293,0.089,-0.523,-0.006,-0.187,-0.277,0.251,-0.331,0.315,-0.051,-0.44,-0.229,-0.326
1500,A1_2,0.025,0.463,1.0,0.188,0.406,-0.34,-0.061,0.636,-0.088,0.356,-0.216,0.301,-0.28,-0.361,-0.231,-0.289
1500,A1_3,0.059,0.293,0.188,1.0,-0.086,-0.353,-0.136,0.104,0.188,0.245,0.003,0.186,0.482,-0.122,-0.044,-0.004
1500,B1_1,-0.074,0.089,0.406,-0.086,1.0,-0.041,0.297,0.284,-0.02,0.054,0.344,0.394,-0.548,-0.328,-0.294,-0.214
1500,B1_2,-0.082,-0.523,-0.34,-0.353,-0.041,1.0,0.043,0.207,0.207,-0.167,0.383,-0.003,-0.15,0.104,0.118,0.067
1500,B1_3,-0.536,-0.006,-0.061,-0.136,0.297,0.043,1.0,-0.141,-0.179,0.094,0.526,-0.337,-0.1,-0.034,-0.118,-0.351
1500,A2_1,0.23,-0.187,0.636,0.104,0.284,0.207,-0.141,1.0,0.129,-0.014,0.074,0.381,-0.07,0.013,-0.03,0.04
1500,A2_2,-0.049,-0.277,-0.088,0.188,-0.02,0.207,-0.179,0.129,1.0,0.086,-0.018,0.079,0.058,-0.038,0.014,-0.203
1500,A2_3,-0.558,0.251,0.356,0.245,0.054,-0.167,0.094,-0.014,0.086,1.0,0.014,-0.298,0.224,-0.258,-0.017,-0.095
1500,B2_1,-0.076,-0.331,-0.216,0.003,0.344,0.383,0.526,0.074,-0.018,0.014,1.0,-0.14,-0.145,0.042,-0.049,0.082
1500,B2_2,0.442,0.315,0.301,0.186,0.394,-0.003,-0.337,0.381,0.079,-0.298,-0.14,1.0,-0.213,-0.277,-0.483,-0.11
1500,B2_3,-0.235,-0.051,-0.28,0.482,-0.548,-0.15,-0.1,-0.07,0.058,0.224,-0.145,-0.213,1.0,0.45,0.437,0.361
1500,y1,-0.162,-0.44,-0.361,-0.122,-0.328,0.104,-0.034,0.013,-0.038,-0.258,0.042,-0.277,0.45,1.0,0.694,0.785
1500,y2,-0.421,-0.229,-0.231,-0.044,-0.294,0.118,-0.118,-0.03,0.014,-0.017,-0.049,-0.483,0.437,0.694,1.0,0.576
1500,y3,0.048,-0.326,-0.289,-0.004,-0.214,0.067,-0.351,0.04,-0.203,-0.095,0.082,-0.11,0.361,0.785,0.576,1.0
2000,.,1.0,-0.117,-0.024,0.029,-0.072,-0.051,-0.519,0.108,-0.115,-0.578,-0.027,0.435,-0.257,-0.167,-0.386,-0.001
2000,A1_1,-0.117,1.0,0.541,0.396,0.067,-0.503,-0.036,-0.015,-0.192,0.307,-0.363,0.32,-0.006,-0.542,-0.282,-0.455
2000,A1_2,-0.024,0.541,1.0,0.223,0.386,-0.307,-0.065,0.667,-0.048,0.39,-0.244,0.287,-0.256,-0.418,-0.223,-0.299
2000,A1_3,0.029,0.396,0.223,1.0,-0.103,-0.367,-0.153,0.143,0.234,0.307,-0.032,0.163,0.506,-0.095,-0.039,-0.054
2000,B1_1,-0.072,0.067,0.386,-0.103,1.0,-0.015,0.309,0.256,-0.038,0.043,0.34,0.407,-0.546,-0.398,-0.337,-0.13
2000,B1_2,-0.051,-0.503,-0.307,-0.367,-0.015,1.0,0.042,0.21,0.244,-0.158,0.405,0.044,-0.164,0.056,0.096,0.071
2000,B1_3,-0.519,-0.036,-0.065,-0.153,0.309,0.042,1.0,-0.135,-0.175,0.096,0.528,-0.314,-0.089,-0.089,-0.192,-0.329
2000,A2_1,0.108,-0.015,0.667,0.143,0.256,0.21,-0.135,1.0,0.162,0.101,0.027,0.373,-0.0,-0.077,-0.055,-0.026
2000,A2_2,-0.115,-0.192,-0.048,0.234,-0.038,0.244,-0.175,0.162,1.0,0.149,-0.041,0.087,0.114,-0.03,0.046,-0.115
2000,A2_3,-0.578,0.307,0.39,0.307,0.043,-0.158,0.096,0.101,0.149,1.0,-0.006,-0.304,0.22,-0.205,-0.009,-0.129
2000,B2_1,-0.027,-0.363,-0.244,-0.032,0.34,0.405,0.528,0.027,-0.041,-0.006,1.0,-0.131,-0.149,-0.007,-0.119,0.03
2000,B2_2,0.435,0.32,0.287,0.163,0.407,0.044,-0.314,0.373,0.087,-0.304,-0.131,1.0,-0.219,-0.364,-0.491,-0.164
2000,B2_3,-0.257,-0.006,-0.256,0.506,-0.546,-0.164,-0.089,-0.0,0.114,0.22,-0.149,-0.219,1.0,0.48,0.407,0.202
2000,y1,-0.167,-0.542,-0.418,-0.095,-0.398,0.056,-0.089,-0.077,-0.03,-0.205,-0.007,-0.364,0.48,1.0,0.713,0.806
2000,y2,-0.386,-0.282,-0.223,-0.039,-0.337,0.096,-0.192,-0.055,0.046,-0.009,-0.119,-0.491,0.407,0.713,1.0,0.596
2000,y3,-0.001,-0.455,-0.299,-0.054,-0.13,0.071,-0.329,-0.026,-0.115,-0.129,0.03,-0.164,0.202,0.806,0.596,1.0
2500,.,1.0,-0.102,-0.054,0.027,-0.081,-0.026,-0.492,0.033,-0.163,-0.598,0.008,0.419,-0.274,-0.193,-0.348,-0.076
2500,A1_1,-0.102,1.0,0.575,0.436,0.043,-0.481,-0.05,0.086,-0.114,0.334,-0.378,0.326,0.018,-0.568,-0.415,-0.422
2500,A1_2,-0.054,0.575,1.0,0.244,0.373,-0.29,-0.077,0.691,0.001,0.408,-0.261,0.293,-0.246,-0.362,-0.266,-0.274
2500,A1_3,0.027,0.436,0.244,1.0,-0.103,-0.369,-0.159,0.183,0.266,0.322,-0.05,0.168,0.511,-0.116,-0.147,0.034
2500,B1_1,-0.081,0.043,0.373,-0.103,1.0,-0.01,0.311,0.242,-0.017,0.032,0.339,0.409,-0.547,-0.293,-0.268,-0.142
2500,B1_2,-0.026,-0.481,-0.29,-0.369,-0.01,1.0,0.041,0.19,0.237,-0.151,0.407,0.055,-0.167,0.012,0.075,0.116
2500,B1_3,-0.492,-0.05,-0.077,-0.159,0.311,0.041,1.0,-0.14,-0.177,0.087,0.527,-0.31,-0.088,-0.093,-0.153,-0.315
2500,A2_1,0.033,0.086,0.691,0.183,0.242,0.19,-0.14,1.0,0.208,0.173,-0.013,0.382,0.03,-0.072,-0.087,0.034
2500,A2_2,-0.163,-0.114,0.001,0.266,-0.017,0.237,-0.177,0.208,1.0,0.2,-0.071,0.116,0.135,0.012,0.039,-0.096
2500,A2_3,-0.598,0.334,0.408,0.322,0.032,-0.151,0.087,0.173,0.2,1.0,-0.016,-0.299,0.22,-0.168,-0.056,-0.081
2500,B2_1,0.008,-0.378,-0.261,-0.05,0.339,0.407,0.527,-0.013,-0.071,-0.016,1.0,-0.13,-0.148,0.001,-0.077,0.07
2500,B2_2,0.419,0.326,0.293,0.168,0.409,0.055,-0.31,0.382,0.116,-0.299,-0.13,1.0,-0.219,-0.372,-0.533,-0.13
2500,B2_3,-0.274,0.018,-0.246,0.511,-0.547,-0.167,-0.088,0.03,0.135,0.22,-0.148,-0.219,1.0,0.429,0.344,0.361
2500,y1,-0.193,-0.568,-0.362,-0.116,-0.293,0.012,-0.093,-0.072,0.012,-0.168,0.001,-0.372,0.429,1.0,0.75,0.843
2500,y2,-0.348,-0.415,-0.266,-0.147,-0.268,0.075,-0.153,-0.087,0.039,-0.056,-0.077,-0.533,0.344,0.75,1.0,0.656
2500,y3,-0.076,-0.422,-0.274,0.034,-0.142,0.116,-0.315,0.034,-0.096,-0.081,0.07,-0.13,0.361,0.843,0.656,1.0
3000,.,1.0,-0.096,-0.068,0.028,-0.061,-0.039,-0.464,-0.001,-0.212,-0.604,0.033,0.406,-0.282,-0.296,-0.425,-0.165
3000,A1_1,-0.096,1.0,0.589,0.455,0.037,-0.446,-0.053,0.132,-0.067,0.354,-0.388,0.326,0.023,-0.568,-0.396,-0.504
3000,A1_2,-0.068,0.589,1.0,0.259,0.37,-0.258,-0.071,0.706,0.026,0.429,-0.268,0.307,-0.234,-0.381,-0.254,-0.373
3000,A1_3,0.028,0.455,0.259,1.0,-0.106,-0.371,-0.176,0.221,0.285,0.335,-0.065,0.179,0.512,-0.117,-0.109,-0.068
3000,B1_1,-0.061,0.037,0.37,-0.106,1.0,-0.006,0.313,0.237,-0.016,0.037,0.335,0.413,-0.545,-0.344,-0.347,-0.266
3000,B1_2,-0.039,-0.446,-0.258,-0.371,-0.006,1.0,0.032,0.191,0.245,-0.143,0.405,0.069,-0.171,0.028,0.1,0.151
3000,B1_3,-0.464,-0.053,-0.071,-0.176,0.313,0.032,1.0,-0.138,-0.175,0.092,0.524,-0.302,-0.085,-0.062,-0.171,-0.299
3000,A2_1,-0.001,0.132,0.706,0.221,0.237,0.191,-0.138,1.0,0.23,0.214,-0.024,0.399,0.054,-0.072,-0.06,-0.011
3000,A2_2,-0.212,-0.067,0.026,0.285,-0.016,0.245,-0.175,0.23,1.0,0.228,-0.076,0.129,0.145,-0.003,0.074,-0.02
3000,A2_3,-0.604,0.354,0.429,0.335,0.037,-0.143,0.092,0.214,0.228,1.0,-0.022,-0.281,0.217,-0.096,0.038,-0.061
3000,B2_1,0.033,-0.388,-0.268,-0.065,0.335,0.405,0.524,-0.024,-0.076,-0.022,1.0,-0.131,-0.141,-0.016,-0.122,0.029
3000,B2_2,0.406,0.326,0.307,0.179,0.413,0.069,-0.302,0.399,0.129,-0.281,-0.131,1.0,-0.21,-0.425,-0.565,-0.257
3000,B2_3,-0.282,0.023,-0.234,0.512,-0.545,-0.171,-0.085,0.054,0.145,0.217,-0.141,-0.21,1.0,0.487,0.442,0.387
3000,y1,-0.296,-0.568,-0.381,-0.117,-0.344,0.028,-0.062,-0.072,-0.003,-0.096,-0.016,-0.425,0.487,1.0,0.774,0.889
3000,y2,-0.425,-0.396,-0.254,-0.109,-0.347,0.1,-0.171,-0.06,0.074,0.038,-0.122,-0.565,0.442,0.774,1.0,0.707
3000,y3,-0.165,-0.504,-0.373,-0.068,-0.266,0.151,-0.299,-0.011,-0.02,-0.061,0.029,-0.257,0.387,0.889,0.707,1.0
3500,.,1.0,-0.107,-0.071,0.025,-0.042,-0.056,-0.465,-0.003,-0.224,-0.602,0.039,0.399,-0.282,-0.252,-0.425,-0.164
3500,A1_1,-0.107,1.0,0.598,0.457,0.031,-0.438,-0.053,0.143,-0.042,0.358,-0.391,0.324,0.024,-0.641,-0.308,-0.481
3500,A1_2,-0.071,0.598,1.0,0.274,0.368,-0.251,-0.066,0.706,0.049,0.437,-0.271,0.306,-0.226,-0.452,-0.195,-0.363
3500,A1_3,0.025,0.457,0.274,1.0,-0.109,-0.369,-0.181,0.241,0.31,0.342,-0.074,0.179,0.512,-0.17,-0.099,-0.02
3500,B1_1,-0.042,0.031,0.368,-0.109,1.0,-0.005,0.312,0.24,-0.007,0.037,0.334,0.416,-0.545,-0.283,-0.348,-0.281
3500,B1_2,-0.056,-0.438,-0.251,-0.369,-0.005,1.0,0.035,0.186,0.248,-0.139,0.406,0.069,-0.168,0.048,0.085,0.07
3500,B1_3,-0.465,-0.053,-0.066,-0.181,0.312,0.035,1.0,-0.132,-0.168,0.101,0.527,-0.303,-0.079,-0.023,-0.244,-0.273
3500,A2_1,-0.003,0.143,0.706,0.241,0.24,0.186,-0.132,1.0,0.249,0.222,-0.021,0.402,0.062,-0.114,-0.06,-0.08
3500,A2_2,-0.224,-0.042,0.049,0.31,-0.007,0.248,-0.168,0.249,1.0,0.247,-0.08,0.145,0.152,-0.014,0.118,-0.074
3500,A2_3,-0.602,0.358,0.437,0.342,0.037,-0.139,0.101,0.222,0.247,1.0,-0.023,-0.274,0.217,-0.179,0.024,-0.04
3500,B2_1,0.039,-0.391,-0.271,-0.074,0.334,0.406,0.527,-0.021,-0.08,-0.023,1.0,-0.134,-0.136,0.059,-0.219,0.043
3500,B2_2,0.399,0.324,0.306,0.179,0.416,0.069,-0.303,0.402,0.145,-0.274,-0.134,1.0,-0.206,-0.441,-0.489,-0.324
3500,B2_3,-0.282,0.024,-0.226,0.512,-0.545,-0.168,-0.079,0.062,0.152,0.217,-0.136,-0.206,1.0,0.394,0.38,0.384
3500,y1,-0.252,-0.641,-0.452,-0.17,-0.283,0.048,-0.023,-0.114,-0.014,-0.179,0.059,-0.441,0.394,1.0,0.744,0.901
3500,y2,-0.425,-0.308,-0.195,-0.099,-0.348,0.085,-0.244,-0.06,0.118,0.024,-0.219,-0.489,0.38,0.744,1.0,0.715
3500,y3,-0.164,-0.481,-0.363,-0.02,-0.281,0.07,-0.273,-0.08,-0.074,-0.04,0.043,-0.324,0.384,0.901,0.715,1.0
4000,.,1.0,-0.115,-0.085,0.01,-0.038,-0.052,-0.434,-0.022,-0.248,-0.613,0.059,0.379,-0.299,-0.351,-0.489,-0.243
4000,A1_1,-0.115,1.0,0.613,0.467,0.034,-0.431,-0.04,0.164,-0.02,0.365,-0.386,0.319,0.031,-0.528,-0.34,-0.471
4000,A1_2,-0.085,0.613,1.0,0.279,0.364,-0.248,-0.061,0.711,0.069,0.442,-0.275,0.302,-0.218,-0.389,-0.186,-0.33
4000,A1_3,0.01,0.467,0.279,1.0,-0.114,-0.363,-0.187,0.254,0.333,0.349,-0.079,0.176,0.516,-0.125,-0.069,-0.076
4000,B1_1,-0.038,0.034,0.364,-0.114,1.0,-0.003,0.311,0.247,-0.003,0.04,0.331,0.417,-0.544,-0.293,-0.262,-0.218
4000,B1_2,-0.052,-0.431,-0.248,-0.363,-0.003,1.0,0.037,0.184,0.247,-0.141,0.407,0.075,-0.165,0.089,0.111,0.055
4000,B1_3,-0.434,-0.04,-0.061,-0.187,0.311,0.037,1.0,-0.12,-0.157,0.105,0.526,-0.3,-0.078,-0.055,-0.176,-0.311
4000,A2_1,-0.022,0.164,0.711,0.254,0.247,0.184,-0.12,1.0,0.268,0.237,-0.02,0.395,0.067,-0.103,-0.011,-0.017
4000,A2_2,-0.248,-0.02,0.069,0.333,-0.003,0.247,-0.157,0.268,1.0,0.273,-0.07,0.144,0.167,0.045,0.104,0.003
4000,A2_3,-0.613,0.365,0.442,0.349,0.04,-0.141,0.105,0.237,0.273,1.0,-0.025,-0.267,0.22,-0.11,0.045,-0.041
4000,B2_1,0.059,-0.386,-0.275,-0.079,0.331,0.407,0.526,-0.02,-0.07,-0.025,1.0,-0.136,-0.133,0.014,-0.159,-0.041
4000,B2_2,0.379,0.319,0.302,0.176,0.417,0.075,-0.3,0.395,0.144,-0.267,-0.136,1.0,-0.198,-0.381,-0.471,-0.231
4000,B2_3,-0.299,0.031,-0.218,0.516,-0.544,-0.165,-0.078,0.067,0.167,0.22,-0.133,-0.198,1.0,0.392,0.413,0.36
4000,y1,-0.351,-0.528,-0.389,-0.125,-0.293,0.089,-0.055,-0.103,0.045,-0.11,0.014,-0.381,0.392,1.0,0.779,0.918
4000,y2,-0.489,-0.34,-0.186,-0.069,-0.262,0.111,-0.176,-0.011,0.104,0.045,-0.159,-0.471,0.413,0.779,1.0,0.744
4000,y3,-0.243,-0.471,-0.33,-0.076,-0.218,0.055,-0.311,-0.017,0.003,-0.041,-0.041,-0.231,0.36,0.918,0.744,1.0
4500,.,1.0,-0.118,-0.077,-0.004,-0.039,-0.052,-0.434,-0.028,-0.25,-0.605,0.049,0.385,-0.304,-0.361,-0.475,-0.306
4500,A1_1,-0.118,1.0,0.618,0.475,0.034,-0.427,-0.035,0.174,-0.004,0.37,-0.386,0.312,0.033,-0.531,-0.351,-0.455
4500,A1_2,-0.077,0.618,1.0,0.287,0.365,-0.244,-0.067,0.716,0.083,0.439,-0.28,0.304,-0.219,-0.386,-0.219,-0.332
4500,A1_3,-0.004,0.475,0.287,1.0,-0.113,-0.364,-0.19,0.26,0.352,0.364,-0.085,0.168,0.509,-0.149,-0.094,-0.041
4500,B1_1,-0.039,0.034,0.365,-0.113,1.0,-0.002,0.311,0.252,-0.006,0.037,0.328,0.417,-0.545,-0.308,-0.274,-0.228
4500,B1_2,-0.052,-0.427,-0.244,-0.364,-0.002,1.0,0.037,0.184,0.248,-0.136,0.408,0.076,-0.164,0.087,0.102,0.108
4500,B1_3,-0.434,-0.035,-0.067,-0.19,0.311,0.037,1.0,-0.121,-0.175,0.106,0.527,-0.3,-0.078,-0.067,-0.187,-0.276
4500,A2_1,-0.028,0.174,0.716,0.26,0.252,0.184,-0.121,1.0,0.282,0.251,-0.021,0.389,0.067,-0.115,-0.031,0.026
4500,A2_2,-0.25,-0.004,0.083,0.352,-0.006,0.248,-0.175,0.282,1.0,0.293,-0.076,0.15,0.176,0.011,0.108,0.004
4500,A2_3,-0.605,0.37,0.439,0.364,0.037,-0.136,0.106,0.251,0.293,1.0,-0.024,-0.265,0.227,-0.134,-0.004,-0.075
4500,B2_1,0.049,-0.386,-0.28,-0.085,0.328,0.408,0.527,-0.021,-0.076,-0.024,1.0,-0.139,-0.132,-0.037,-0.156,-0.059
4500,B2_2,0.385,0.312,0.304,0.168,0.417,0.076,-0.3,0.389,0.15,-0.265,-0.139,1.0,-0.199,-0.38,-0.469,-0.196
4500,B2_3,-0.304,0.033,-0.219,0.509,-0.545,-0.164,-0.078,0.067,0.176,0.227,-0.132,-0.199,1.0,0.422,0.403,0.429
4500,y1,-0.361,-0.531,-0.386,-0.149,-0.308,0.087,-0.067,-0.115,0.011,-0.134,-0.037,-0.38,0.422,1.0,0.799,0.908
4500,y2,-0.475,-0.351,-0.219,-0.094,-0.274,0.102,-0.187,-0.031,0.108,-0.004,-0.156,-0.469,0.403,0.799,1.0,0.781
4500,y3,-0.306,-0.455,-0.332,-0.041,-0.228,0.108,-0.276,0.026,0.004,-0.075,-0.059,-0.196,0.429,0.908,0.781,1.0
5000,.,1.0,-0.136,-0.078,-0.004,-0.038,-0.056,-0.437,-0.039,-0.243,-0.599,0.05,0.374,-0.299,-0.361,-0.441,-0.234
5000,A1_1,-0.136,1.0,0.624,0.474,0.035,-0.414,-0.027,0.196,0.014,0.382,-0.386,0.309,0.03,-0.5,-0.329,-0.47
5000,A1_2,-0.078,0.624,1.0,0.291,0.368,-0.241,-0.06,0.727,0.101,0.446,-0.275,0.302,-0.219,-0.369,-0.197,-0.338
5000,A1_3,-0.004,0.474,0.291,1.0,-0.111,-0.352,-0.184,0.282,0.372,0.369,-0.086,0.147,0.51,-0.148,-0.098,-0.122
5000,B1_1,-0.038,0.035,0.368,-0.111,1.0,0.005,0.311,0.259,-0.006,0.031,0.328,0.421,-0.545,-0.232,-0.268,-0.191
5000,B1_2,-0.056,-0.414,-0.241,-0.352,0.005,1.0,0.041,0.18,0.257,-0.132,0.407,0.089,-0.17,0.043,0.08,0.081
5000,B1_3,-0.437,-0.027,-0.06,-0.184,0.311,0.041,1.0,-0.107,-0.18,0.106,0.532,-0.289,-0.079,-0.069,-0.193,-0.285
5000,A2_1,-0.039,0.196,0.727,0.282,0.259,0.18,-0.107,1.0,0.309,0.279,-0.028,0.376,0.065,-0.137,-0.045,-0.014
5000,A2_2,-0.243,0.014,0.101,0.372,-0.006,0.257,-0.18,0.309,1.0,0.305,-0.082,0.142,0.178,-0.013,0.108,-0.021
5000,A2_3,-0.599,0.382,0.446,0.369,0.031,-0.132,0.106,0.279,0.305,1.0,-0.029,-0.263,0.229,-0.135,-0.011,-0.159
5000,B2_1,0.05,-0.386,-0.275,-0.086,0.328,0.407,0.532,-0.028,-0.082,-0.029,1.0,-0.144,-0.135,-0.025,-0.124,-0.047
5000,B2_2,0.374,0.309,0.302,0.147,0.421,0.089,-0.289,0.376,0.142,-0.263,-0.144,1.0,-0.211,-0.329,-0.481,-0.198
5000,B2_3,-0.299,0.03,-0.219,0.51,-0.545,-0.17,-0.079,0.065,0.178,0.229,-0.135,-0.211,1.0,0.389,0.35,0.362
5000,y1,-0.361,-0.5,-0.369,-0.148,-0.232,0.043,-0.069,-0.137,-0.013,-0.135,-0.025,-0.329,0.389,1.0,0.815,0.926
5000,y2,-0.441,-0.329,-0.197,-0.098,-0.268,0.08,-0.193,-0.045,0.108,-0.011,-0.124,-0.481,0.35,0.815,1.0,0.813
5000,y3,-0.234,-0.47,-0.338,-0.122,-0.191,0.081,-0.285,-0.014,-0.021,-0.159,-0.047,-0.198,0.362,0.926,0.813,1.0
5500,.,1.0,-0.135,-0.083,-0.003,-0.065,-0.049,-0.443,-0.045,-0.232,-0.595,0.053,0.357,-0.286,-0.275,-0.44,-0.21
5500,A1_1,-0.135,1.0,0.63,0.48,0.045,-0.411,-0.012,0.21,0.034,0.391,-0.382,0.31,0.028,-0.511,-0.346,-0.492
5500,A1_2,-0.083,0.63,1.0,0.301,0.372,-0.239,-0.058,0.73,0.12,0.457,-0.273,0.305,-0.217,-0.368,-0.207,-0.301
5500,A1_3,-0.003,0.48,0.301,1.0,-0.109,-0.345,-0.175,0.299,0.397,0.388,-0.086,0.141,0.508,-0.127,-0.105,-0.118
5500,B1_1,-0.065,0.045,0.372,-0.109,1.0,0.005,0.31,0.267,-0.002,0.032,0.328,0.421,-0.546,-0.178,-0.218,-0.125
5500,B1_2,-0.049,-0.411,-0.239,-0.345,0.005,1.0,0.04,0.183,0.254,-0.129,0.407,0.088,-0.169,0.075,0.065,0.108
5500,B1_3,-0.443,-0.012,-0.058,-0.175,0.31,0.04,1.0,-0.102,-0.186,0.11,0.53,-0.289,-0.08,-0.101,-0.168,-0.308
5500,A2_1,-0.045,0.21,0.73,0.299,0.267,0.183,-0.102,1.0,0.334,0.298,-0.029,0.388,0.067,-0.121,-0.062,-0.053
5500,A2_2,-0.232,0.034,0.12,0.397,-0.002,0.254,-0.186,0.334,1.0,0.318,-0.084,0.15,0.184,0.0,0.081,0.034
5500,A2_3,-0.595,0.391,0.457,0.388,0.032,-0.129,0.11,0.298,0.318,1.0,-0.026,-0.26,0.236,-0.221,-0.01,-0.146
5500,B2_1,0.053,-0.382,-0.273,-0.086,0.328,0.407,0.53,-0.029,-0.084,-0.026,1.0,-0.145,-0.133,0.012,-0.095,-0.031
5500,B2_2,0.357,0.31,0.305,0.141,0.421,0.088,-0.289,0.388,0.15,-0.26,-0.145,1.0,-0.211,-0.253,-0.469,-0.178
5500,B2_3,-0.286,0.028,-0.217,0.508,-0.546,-0.169,-0.08,0.067,0.184,0.236,-0.133,-0.211,1.0,0.345,0.346,0.233
5500,y1,-0.275,-0.511,-0.368,-0.127,-0.178,0.075,-0.101,-0.121,0.0,-0.221,0.012,-0.253,0.345,1.0,0.808,0.945
5500,y2,-0.44,-0.346,-0.207,-0.105,-0.218,0.065,-0.168,-0.062,0.081,-0.01,-0.095,-0.469,0.346,0.808,1.0,0.81
5500,y3,-0.21,-0.492,-0.301,-0.118,-0.125,0.108,-0.308,-0.053,0.034,-0.146,-0.031,-0.178,0.233,0.945,0.81,1.0
6000,.,1.0,-0.131,-0.102,-0.01,-0.06,-0.056,-0.433,-0.063,-0.232,-0.604,0.046,0.364,-0.299,-0.242,-0.422,-0.192
6000,A1_1,-0.131,1.0,0.633,0.486,0.049,-0.406,0.001,0.226,0.045,0.401,-0.37,0.311,0.034,-0.585,-0.427,-0.528
6000,A1_2,-0.102,0.633,1.0,0.304,0.377,-0.233,-0.048,0.733,0.131,0.475,-0.262,0.305,-0.208,-0.4,-0.212,-0.258
6000,A1_3,-0.01,0.486,0.304,1.0,-0.115,-0.348,-0.171,0.307,0.407,0.396,-0.083,0.132,0.507,-0.182,-0.155,-0.244
6000,B1_1,-0.06,0.049,0.377,-0.115,1.0,0.007,0.308,0.276,0.002,0.043,0.325,0.421,-0.543,-0.174,-0.145,-0.046
6000,B1_2,-0.056,-0.406,-0.233,-0.348,0.007,1.0,0.039,0.187,0.26,-0.118,0.408,0.086,-0.166,0.04,0.056,0.016
6000,B1_3,-0.433,0.001,-0.048,-0.171,0.308,0.039,1.0,-0.096,-0.185,0.119,0.529,-0.29,-0.079,-0.088,-0.121,-0.244
6000,A2_1,-0.063,0.226,0.733,0.307,0.276,0.187,-0.096,1.0,0.35,0.308,-0.024,0.397,0.069,-0.147,-0.07,-0.05
6000,A2_2,-0.232,0.045,0.131,0.407,0.002,0.26,-0.185,0.35,1.0,0.319,-0.075,0.156,0.19,0.002,0.049,-0.01
6000,A2_3,-0.604,0.401,0.475,0.396,0.043,-0.118,0.119,0.308,0.319,1.0,-0.013,-0.25,0.243,-0.23,-0.045,-0.254
6000,B2_1,0.046,-0.37,-0.262,-0.083,0.325,0.408,0.529,-0.024,-0.075,-0.013,1.0,-0.149,-0.127,0.076,-0.05,-0.075
6000,B2_2,0.364,0.311,0.305,0.132,0.421,0.086,-0.29,0.397,0.156,-0.25,-0.149,1.0,-0.212,-0.327,-0.505,-0.188
6000,B2_3,-0.299,0.034,-0.208,0.507,-0.543,-0.166,-0.079,0.069,0.19,0.243,-0.127,-0.212,1.0,0.294,0.25,0.164
6000,y1,-0.242,-0.585,-0.4,-0.182,-0.174,0.04,-0.088,-0.147,0.002,-0.23,0.076,-0.327,0.294,1.0,0.813,0.954
6000,y2,-0.422,-0.427,-0.212,-0.155,-0.145,0.056,-0.121,-0.07,0.049,-0.045,-0.05,-0.505,0.25,0.813,1.0,0.841
6000,y3,-0.192,-0.528,-0.258,-0.244,-0.046,0.016,-0.244,-0.05,-0.01,-0.254,-0.075,-0.188,0.164,0.954,0.841,1.0
6500,.,1.0,-0.122,-0.115,-0.011,-0.061,-0.049,-0.42,-0.071,-0.233,-0.612,0.055,0.366,-0.303,-0.187,-0.375,-0.125
6500,A1_1,-0.122,1.0,0.639,0.493,0.05,-0.403,-0.003,0.246,0.064,0.414,-0.358,0.312,0.041,-0.527,-0.427,-0.532
6500,A1_2,-0.115,0.639,1.0,0.297,0.379,-0.23,-0.048,0.73,0.136,0.482,-0.258,0.303,-0.207,-0.33,-0.24,-0.269
6500,A1_3,-0.011,0.493,0.297,1.0,-0.114,-0.341,-0.173,0.326,0.416,0.397,-0.074,0.129,0.505,-0.177,-0.164,-0.228
6500,B1_1,-0.061,0.05,0.379,-0.114,1.0,0.007,0.309,0.272,0.005,0.038,0.324,0.422,-0.541,-0.234,-0.183,-0.068
6500,B1_2,-0.049,-0.403,-0.23,-0.341,0.007,1.0,0.04,0.183,0.253,-0.125,0.408,0.087,-0.166,0.038,0.084,-0.001
6500,B1_3,-0.42,-0.003,-0.048,-0.173,0.309,0.04,1.0,-0.099,-0.199,0.111,0.528,-0.288,-0.077,-0.165,-0.163,-0.232
6500,A2_1,-0.071,0.246,0.73,0.326,0.272,0.183,-0.099,1.0,0.367,0.316,-0.022,0.398,0.075,-0.125,-0.096,-0.085
6500,A2_2,-0.233,0.064,0.136,0.416,0.005,0.253,-0.199,0.367,1.0,0.32,-0.084,0.158,0.187,0.026,0.076,-0.03
6500,A2_3,-0.612,0.414,0.482,0.397,0.038,-0.125,0.111,0.316,0.32,1.0,-0.022,-0.25,0.247,-0.229,-0.076,-0.299
6500,B2_1,0.055,-0.358,-0.258,-0.074,0.324,0.408,0.528,-0.022,-0.084,-0.022,1.0,-0.148,-0.125,0.026,-0.027,-0.033
6500,B2_2,0.366,0.312,0.303,0.129,0.422,0.087,-0.288,0.398,0.158,-0.25,-0.148,1.0,-0.21,-0.344,-0.495,-0.236
6500,B2_3,-0.303,0.041,-0.207,0.505,-0.541,-0.166,-0.077,0.075,0.187,0.247,-0.125,-0.21,1.0,0.28,0.263,0.14
6500,y1,-0.187,-0.527,-0.33,-0.177,-0.234,0.038,-0.165,-0.125,0.026,-0.229,0.026,-0.344,0.28,1.0,0.859,0.965
6500,y2,-0.375,-0.427,-0.24,-0.164,-0.183,0.084,-0.163,-0.096,0.076,-0.076,-0.027,-0.495,0.263,0.859,1.0,0.856
6500,y3,-0.125,-0.532,-0.269,-0.228,-0.068,-0.001,-0.232,-0.085,-0.03,-0.299,-0.033,-0.236,0.14,0.965,0.856,1.0
7000,.,1.0,-0.131,-0.118,-0.024,-0.057,-0.049,-0.418,-0.065,-0.237,-0.609,0.054,0.358,-0.312,-0.14,-0.39,-0.152
7000,A1_1,-0.131,1.0,0.649,0.504,0.058,-0.4,-0.002,0.264,0.092,0.427,-0.355,0.307,0.031,-0.556,-0.393,-0.471
7000,A1_2,-0.118,0.649,1.0,0.307,0.381,-0.232,-0.046,0.731,0.155,0.496,-0.255,0.295,-0.218,-0.354,-0.259,-0.244
7000,A1_3,-0.024,0.504,0.307,1.0,-0.112,-0.343,-0.165,0.338,0.428,0.419,-0.079,0.111,0.489,-0.227,-0.129,-0.263
7000,B1_1,-0.057,0.058,0.381,-0.112,1.0,0.011,0.311,0.271,-0.004,0.04,0.329,0.427,-0.529,-0.209,-0.19,-0.131
7000,B1_2,-0.049,-0.4,-0.232,-0.343,0.011,1.0,0.042,0.175,0.244,-0.127,0.413,0.093,-0.143,0.024,0.03,0.028
7000,B1_3,-0.418,-0.002,-0.046,-0.165,0.311,0.042,1.0,-0.104,-0.218,0.104,0.528,-0.283,-0.057,-0.217,-0.167,-0.231
7000,A2_1,-0.065,0.264,0.731,0.338,0.271,0.175,-0.104,1.0,0.38,0.335,-0.022,0.389,0.075,-0.148,-0.131,-0.073
7000,A2_2,-0.237,0.092,0.155,0.428,-0.004,0.244,-0.218,0.38,1.0,0.335,-0.095,0.161,0.186,0.062,0.094,0.003
7000,A2_3,-0.609,0.427,0.496,0.419,0.04,-0.127,0.104,0.335,0.335,1.0,-0.02,-0.241,0.248,-0.279,-0.056,-0.29
7000,B2_1,0.054,-0.355,-0.255,-0.079,0.329,0.413,0.528,-0.022,-0.095,-0.02,1.0,-0.141,-0.101,-0.01,-0.043,-0.064
7000,B2_2,0.358,0.307,0.295,0.111,0.427,0.093,-0.283,0.389,0.161,-0.241,-0.141,1.0,-0.2,-0.304,-0.478,-0.241
7000,B2_3,-0.312,0.031,-0.218,0.489,-0.529,-0.143,-0.057,0.075,0.186,0.248,-0.101,-0.2,1.0,0.22,0.275,0.155
7000,y1,-0.14,-0.556,-0.354,-0.227,-0.209,0.024,-0.217,-0.148,0.062,-0.279,-0.01,-0.304,0.22,1.0,0.888,0.979
7000,y2,-0.39,-0.393,-0.259,-0.129,-0.19,0.03,-0.167,-0.131,0.094,-0.056,-0.043,-0.478,0.275,0.888,1.0,0.904
7000,y3,-0.152,-0.471,-0.244,-0.263,-0.131,0.028,-0.231,-0.073,0.003,-0.29,-0.064,-0.241,0.155,0.979,0.904,1.0
7500,.,1.0,-0.13,-0.111,-0.026,-0.043,-0.058,-0.416,-0.065,-0.239,-0.585,0.056,0.352,-0.323,-0.189,-0.359,-0.206
7500,A1_1,-0.13,1.0,0.668,0.51,0.057,-0.402,-0.012,0.312,0.116,0.445,-0.362,0.282,-0.011,-0.529,-0.48,-0.502
7500,A1_2,-0.111,0.668,1.0,0.318,0.367,-0.245,-0.048,0.741,0.185,0.514,-0.273,0.265,-0.236,-0.303,-0.359,-0.284
7500,A1_3,-0.026,0.51,0.318,1.0,-0.12,-0.349,-0.179,0.371,0.439,0.436,-0.094,0.087,0.45,-0.227,-0.179,-0.29
7500,B1_1,-0.043,0.057,0.367,-0.12,1.0,0.024,0.321,0.251,-0.005,0.033,0.336,0.432,-0.52,-0.073,-0.202,-0.127
7500,B1_2,-0.058,-0.402,-0.245,-0.349,0.024,1.0,0.065,0.148,0.24,-0.128,0.426,0.111,-0.108,0.005,-0.017,0.008
7500,B1_3,-0.416,-0.012,-0.048,-0.179,0.321,0.065,1.0,-0.112,-0.24,0.099,0.538,-0.264,-0.042,-0.117,-0.153,-0.222
7500,A2_1,-0.065,0.312,0.741,0.371,0.251,0.148,-0.112,1.0,0.426,0.379,-0.053,0.361,0.078,-0.192,-0.213,-0.165
7500,A2_2,-0.239,0.116,0.185,0.439,-0.005,0.24,-0.24,0.426,1.0,0.349,-0.109,0.155,0.149,-0.002,0.059,0.03
7500,A2_3,-0.585,0.445,0.514,0.436,0.033,-0.128,0.099,0.379,0.349,1.0,-0.029,-0.25,0.232,-0.258,-0.113,-0.28
7500,B2_1,0.056,-0.362,-0.273,-0.094,0.336,0.426,0.538,-0.053,-0.109,-0.029,1.0,-0.125,-0.068,0.075,-0.048,-0.056
7500,B2_2,0.352,0.282,0.265,0.087,0.432,0.111,-0.264,0.361,0.155,-0.25,-0.125,1.0,-0.192,-0.317,-0.446,-0.279
7500,B2_3,-0.323,-0.011,-0.236,0.45,-0.52,-0.108,-0.042,0.078,0.149,0.232,-0.068,-0.192,1.0,0.149,0.313,0.134
7500,y1,-0.189,-0.529,-0.303,-0.227,-0.073,0.005,-0.117,-0.192,-0.002,-0.258,0.075,-0.317,0.149,1.0,0.937,0.972
7500,y2,-0.359,-0.48,-0.359,-0.179,-0.202,-0.017,-0.153,-0.213,0.059,-0.113,-0.048,-0.446,0.313,0.937,1.0,0.943
7500,y3,-0.206,-0.502,-0.284,-0.29,-0.127,0.008,-0.222,-0.165,0.03,-0.28,-0.056,-0.279,0.134,0.972,0.943,1.0
8000,.,1.0,-0.131,-0.118,-0.061,-0.042,-0.05,-0.421,-0.088,-0.258,-0.594,0.025,0.348,-0.364,-0.233,-0.342,-0.212
8000,A1_1,-0.131,1.0,0.683,0.51,0.057,-0.401,-0.026,0.346,0.142,0.455,-0.378,0.282,-0.037,-0.548,-0.523,-0.523
8000,A1_2,-0.118,0.683,1.0,0.332,0.36,-0.246,-0.047,0.739,0.21,0.536,-0.271,0.266,-0.219,-0.341,-0.395,-0.317
8000,A1_3,-0.061,0.51,0.332,1.0,-0.121,-0.347,-0.19,0.407,0.452,0.443,-0.108,0.077,0.429,-0.222,-0.187,-0.196
8000,B1_1,-0.042,0.057,0.36,-0.121,1.0,0.032,0.332,0.235,-0.002,0.038,0.35,0.442,-0.492,-0.085,-0.23,-0.086
8000,B1_2,-0.05,-0.401,-0.246,-0.347,0.032,1.0,0.073,0.146,0.243,-0.122,0.437,0.12,-0.084,0.007,0.064,0.007
8000,B1_3,-0.421,-0.026,-0.047,-0.19,0.332,0.073,1.0,-0.1,-0.225,0.114,0.539,-0.259,-0.048,-0.084,-0.139,-0.19
8000,A2_1,-0.088,0.346,0.739,0.407,0.235,0.146,-0.1,1.0,0.483,0.417,-0.042,0.351,0.121,-0.236,-0.187,-0.196
8000,A2_2,-0.258,0.142,0.21,0.452,-0.002,0.243,-0.225,0.483,1.0,0.363,-0.082,0.171,0.19,-0.048,0.064,0.026
8000,A2_3,-0.594,0.455,0.536,0.443,0.038,-0.122,0.114,0.417,0.363,1.0,-0.002,-0.225,0.273,-0.237,-0.152,-0.259
8000,B2_1,0.025,-0.378,-0.271,-0.108,0.35,0.437,0.539,-0.042,-0.082,-0.002,1.0,-0.115,-0.046,0.12,0.0,0.035
8000,B2_2,0.348,0.282,0.266,0.077,0.442,0.12,-0.259,0.351,0.171,-0.225,-0.115,1.0,-0.185,-0.369,-0.445,-0.298
8000,B2_3,-0.364,-0.037,-0.219,0.429,-0.492,-0.084,-0.048,0.121,0.19,0.273,-0.046,-0.185,1.0,0.161,0.315,0.165
8000,y1,-0.233,-0.548,-0.341,-0.222,-0.085,0.007,-0.084,-0.236,-0.048,-0.237,0.12,-0.369,0.161,1.0,0.939,0.989
8000,y2,-0.342,-0.523,-0.395,-0.187,-0.23,0.064,-0.139,-0.187,0.064,-0.152,0.0,-0.445,0.315,0.939,1.0,0.943
8000,y3,-0.212,-0.523,-0.317,-0.196,-0.086,0.007,-0.19,-0.196,0.026,-0.259,0.035,-0.298,0.165,0.989,0.943,1.0
8500,.,1.0,-0.135,-0.129,-0.066,-0.057,-0.05,-0.432,-0.085,-0.249,-0.589,0.001,0.327,-0.343,-0.285,-0.396,-0.239
8500,A1_1,-0.135,1.0,0.697,0.51,0.059,-0.4,-0.022,0.368,0.168,0.469,-0.371,0.269,-0.05,-0.538,-0.475,-0.467
8500,A1_2,-0.129,0.697,1.0,0.34,0.356,-0.248,-0.042,0.743,0.239,0.549,-0.274,0.26,-0.22,-0.361,-0.324,-0.263
8500,A1_3,-0.066,0.51,0.34,1.0,-0.121,-0.348,-0.184,0.427,0.465,0.446,-0.107,0.063,0.425,-0.234,-0.173,-0.247
8500,B1_1,-0.057,0.059,0.356,-0.121,1.0,0.041,0.342,0.22,0.0,0.032,0.353,0.451,-0.47,-0.157,-0.116,-0.081
8500,B1_2,-0.05,-0.4,-0.248,-0.348,0.041,1.0,0.082,0.133,0.231,-0.127,0.438,0.147,-0.068,0.038,-0.029,0.02
8500,B1_3,-0.432,-0.022,-0.042,-0.184,0.342,0.082,1.0,-0.102,-0.226,0.115,0.541,-0.234,-0.031,-0.11,-0.125,-0.149
8500,A2_1,-0.085,0.368,0.743,0.427,0.22,0.133,-0.102,1.0,0.517,0.435,-0.055,0.337,0.121,-0.222,-0.186,-0.188
8500,A2_2,-0.249,0.168,0.239,0.465,0.0,0.231,-0.226,0.517,1.0,0.379,-0.088,0.172,0.181,0.003,0.066,0.013
8500,A2_3,-0.589,0.469,0.549,0.446,0.032,-0.127,0.115,0.435,0.379,1.0,-0.008,-0.225,0.266,-0.217,-0.109,-0.233
8500,B2_1,0.001,-0.371,-0.274,-0.107,0.353,0.438,0.541,-0.055,-0.088,-0.008,1.0,-0.106,-0.034,0.064,-0.014,0.05
8500,B2_2,0.327,0.269,0.26,0.063,0.451,0.147,-0.234,0.337,0.172,-0.225,-0.106,1.0,-0.169,-0.405,-0.414,-0.337
8500,B2_3,-0.343,-0.05,-0.22,0.425,-0.47,-0.068,-0.031,0.121,0.181,0.266,-0.034,-0.169,1.0,0.196,0.264,0.121
8500,y1,-0.285,-0.538,-0.361,-0.234,-0.157,0.038,-0.11,-0.222,0.003,-0.217,0.064,-0.405,0.196,1.0,0.973,0.981
8500,y2,-0.396,-0.475,-0.324,-0.173,-0.116,-0.029,-0.125,-0.186,0.066,-0.109,-0.014,-0.414,0.264,0.973,1.0,0.946
8500,y3,-0.239,-0.467,-0.263,-0.247,-0.081,0.02,-0.149,-0.188,0.013,-0.233,0.05,-0.337,0.121,0.981,0.946,1.0
9000,.,1.0,-0.134,-0.136,-0.076,-0.064,-0.055,-0.431,-0.096,-0.257,-0.591,-0.012,0.314,-0.343,-0.277,-0.353,-0.222
9000,A1_1,-0.134,1.0,0.707,0.521,0.064,-0.398,-0.028,0.39,0.184,0.473,-0.361,0.257,-0.051,-0.516,-0.504,-0.436
9000,A1_2,-0.136,0.707,1.0,0.358,0.353,-0.248,-0.046,0.744,0.262,0.552,-0.279,0.25,-0.216,-0.351,-0.351,-0.263
9000,A1_3,-0.076,0.521,0.358,1.0,-0.109,-0.34,-0.176,0.446,0.477,0.458,-0.103,0.055,0.415,-0.217,-0.171,-0.165
9000,B1_1,-0.064,0.064,0.353,-0.109,1.0,0.057,0.358,0.218,0.003,0.031,0.36,0.459,-0.446,-0.143,-0.162,-0.13
9000,B1_2,-0.055,-0.398,-0.248,-0.34,0.057,1.0,0.107,0.134,0.217,-0.128,0.447,0.176,-0.054,-0.018,-0.026,-0.073
9000,B1_3,-0.431,-0.028,-0.046,-0.176,0.358,0.107,1.0,-0.098,-0.232,0.115,0.55,-0.195,-0.004,-0.125,-0.146,-0.242
9000,A2_1,-0.096,0.39,0.744,0.446,0.218,0.134,-0.098,1.0,0.531,0.439,-0.054,0.329,0.132,-0.221,-0.207,-0.192
9000,A2_2,-0.257,0.184,0.262,0.477,0.003,0.217,-0.232,0.531,1.0,0.388,-0.098,0.171,0.18,-0.01,0.039,0.052
9000,A2_3,-0.591,0.473,0.552,0.458,0.031,-0.128,0.115,0.439,0.388,1.0,-0.006,-0.231,0.273,-0.181,-0.123,-0.205
9000,B2_1,-0.012,-0.361,-0.279,-0.103,0.36,0.447,0.55,-0.054,-0.098,-0.006,1.0,-0.088,-0.016,0.071,0.009,-0.045
9000,B2_2,0.314,0.257,0.25,0.055,0.459,0.176,-0.195,0.329,0.171,-0.231,-0.088,1.0,-0.148,-0.429,-0.424,-0.346
9000,B2_3,-0.343,-0.051,-0.216,0.415,-0.446,-0.054,-0.004,0.132,0.18,0.273,-0.016,-0.148,1.0,0.189,0.291,0.142
9000,y1,-0.277,-0.516,-0.351,-0.217,-0.143,-0.018,-0.125,-0.221,-0.01,-0.181,0.071,-0.429,0.189,1.0,0.987,0.977
9000,y2,-0.353,-0.504,-0.351,-0.171,-0.162,-0.026,-0.146,-0.207,0.039,-0.123,0.009,-0.424,0.291,0.987,1.0,0.969
9000,y3,-0.222,-0.436,-0.263,-0.165,-0.13,-0.073,-0.242,-0.192,0.052,-0.205,-0.045,-0.346,0.142,0.977,0.969,1.0
9500,.,1.0,-0.138,-0.151,-0.095,-0.062,-0.052,-0.421,-0.127,-0.271,-0.598,-0.012,0.307,-0.35,-0.28,-0.361,-0.261
9500,A1_1,-0.138,1.0,0.723,0.541,0.043,-0.411,-0.058,0.416,0.208,0.494,-0.373,0.218,-0.042,-0.464,-0.484,-0.408
9500,A1_2,-0.151,0.723,1.0,0.364,0.341,-0.25,-0.053,0.745,0.273,0.563,-0.286,0.234,-0.216,-0.327,-0.357,-0.28
9500,A1_3,-0.095,0.541,0.364,1.0,-0.111,-0.335,-0.182,0.459,0.482,0.471,-0.108,0.039,0.414,-0.213,-0.191,-0.157
9500,B1_1,-0.062,0.043,0.341,-0.111,1.0,0.069,0.366,0.214,-0.009,0.019,0.365,0.467,-0.43,-0.173,-0.169,-0.098
9500,B1_2,-0.052,-0.411,-0.25,-0.335,0.069,1.0,0.128,0.133,0.203,-0.132,0.457,0.2,-0.037,-0.131,-0.088,-0.131
9500,B1_3,-0.421,-0.058,-0.053,-0.182,0.366,0.128,1.0,-0.108,-0.256,0.099,0.559,-0.161,0.013,-0.162,-0.114,-0.195
9500,A2_1,-0.127,0.416,0.745,0.459,0.214,0.133,-0.108,1.0,0.55,0.466,-0.06,0.314,0.132,-0.237,-0.239,-0.209
9500,A2_2,-0.271,0.208,0.273,0.482,-0.009,0.203,-0.256,0.55,1.0,0.398,-0.12,0.159,0.178,-0.058,-0.041,0.033
9500,A2_3,-0.598,0.494,0.563,0.471,0.019,-0.132,0.099,0.466,0.398,1.0,-0.021,-0.239,0.281,-0.17,-0.153,-0.174
9500,B2_1,-0.012,-0.373,-0.286,-0.108,0.365,0.457,0.559,-0.06,-0.12,-0.021,1.0,-0.068,0.002,-0.028,-0.047,-0.031
9500,B2_2,0.307,0.218,0.234,0.039,0.467,0.2,-0.161,0.314,0.159,-0.239,-0.068,1.0,-0.129,-0.451,-0.431,-0.366
9500,B2_3,-0.35,-0.042,-0.216,0.414,-0.43,-0.037,0.013,0.132,0.178,0.281,0.002,-0.129,1.0,0.181,0.27,0.16
9500,y1,-0.28,-0.464,-0.327,-0.213,-0.173,-0.131,-0.162,-0.237,-0.058,-0.17,-0.028,-0.451,0.181,1.0,0.981,0.983
9500,y2,-0.361,-0.484,-0.357,-0.191,-0.169,-0.088,-0.114,-0.239,-0.041,-0.153,-0.047,-0.431,0.27,0.981,1.0,0.967
9500,y3,-0.261,-0.408,-0.28,-0.157,-0.098,-0.131,-0.195,-0.209,0.033,-0.174,-0.031,-0.366,0.16,0.983,0.967,1.0
10000,.,1.0,-0.156,-0.168,-0.123,-0.055,-0.049,-0.407,-0.15,-0.301,-0.607,-0.013,0.303,-0.359,-0.273,-0.306,-0.274
10000,A1_1,-0.156,1.0,0.741,0.559,0.039,-0.422,-0.081,0.443,0.233,0.505,-0.379,0.205,-0.041,-0.462,-0.468,-0.431
10000,A1_2,-0.168,0.741,1.0,0.388,0.33,-0.258,-0.066,0.746,0.302,0.577,-0.296,0.226,-0.217,-0.356,-0.345,-0.299
10000,A1_3,-0.123,0.559,0.388,1.0,-0.112,-0.35,-0.2,0.478,0.495,0.483,-0.126,0.025,0.398,-0.213,-0.154,-0.172
10000,B1_1,-0.055,0.039,0.33,-0.112,1.0,0.083,0.371,0.201,-0.02,0.013,0.369,0.47,-0.423,-0.157,-0.194,-0.126
10000,B1_2,-0.049,-0.422,-0.258,-0.35,0.083,1.0,0.154,0.117,0.169,-0.143,0.472,0.219,-0.032,-0.137,-0.117,-0.118
10000,B1_3,-0.407,-0.081,-0.066,-0.2,0.371,0.154,1.0,-0.134,-0.279,0.077,0.575,-0.144,0.022,-0.128,-0.154,-0.157
10000,A2_1,-0.15,0.443,0.746,0.478,0.201,0.117,-0.134,1.0,0.578,0.486,-0.079,0.296,0.126,-0.269,-0.226,-0.224
10000,A2_2,-0.301,0.233,0.302,0.495,-0.02,0.169,-0.279,0.578,1.0,0.413,-0.142,0.142,0.168,-0.086,-0.019,0.009
10000,A2_3,-0.607,0.505,0.577,0.483,0.013,-0.143,0.077,0.486,0.413,1.0,-0.038,-0.241,0.276,-0.181,-0.18,-0.16
10000,B2_1,-0.013,-0.379,-0.296,-0.126,0.369,0.472,0.575,-0.079,-0.142,-0.038,1.0,-0.05,0.009,-0.021,-0.069,-0.007
10000,B2_2,0.303,0.205,0.226,0.025,0.47,0.219,-0.144,0.296,0.142,-0.241,-0.05,1.0,-0.125,-0.477,-0.448,-0.428
10000,B2_3,-0.359,-0.041,-0.217,0.398,-0.423,-0.032,0.022,0.126,0.168,0.276,0.009,-0.125,1.0,0.153,0.219,0.138
10000,y1,-0.273,-0.462,-0.356,-0.213,-0.157,-0.137,-0.128,-0.269,-0.086,-0.181,-0.021,-0.477,0.153,1.0,0.988,0.986
10000,y2,-0.306,-0.468,-0.345,-0.154,-0.194,-0.117,-0.154,-0.226,-0.019,-0.18,-0.069,-0.448,0.219,0.988,1.0,0.982
10000,y3,-0.274,-0.431,-0.299,-0.172,-0.126,-0.118,-0.157,-0.224,0.009,-0.16,-0.007,-0.428,0.138,0.986,0.982,1.0
