,,.,A1_1,A1_2,A1_3,B1_1,B1_2,B1_3,A2_1,A2_2,A2_3,B2_1,B2_2,B2_3,y1,y2,y3
1,.,1.0,0.297,0.038,-0.018,-0.193,-0.173,-0.082,-0.304,0.074,0.165,0.084,0.123,0.004,0.035,-0.065,-0.089
1,A1_1,0.297,1.0,-0.08,0.142,0.137,0.005,-0.305,-0.099,-0.045,0.15,0.012,-0.004,-0.062,-0.206,-0.093,0.131
1,A1_2,0.038,-0.08,1.0,-0.022,-0.116,-0.045,0.029,-0.207,0.047,-0.015,0.076,-0.254,0.003,-0.156,0.229,0.148
1,A1_3,-0.018,0.142,-0.022,1.0,-0.062,-0.038,0.016,0.132,0.108,-0.023,0.08,-0.137,0.05,0.056,-0.016,-0.046
1,B1_1,-0.193,0.137,-0.116,-0.062,1.0,0.314,0.201,0.074,-0.205,0.073,0.079,0.054,0.042,0.068,0.09,-0.028
1,B1_2,-0.173,0.005,-0.045,-0.038,0.314,1.0,-0.128,-0.104,0.003,0.061,-0.027,0.005,0.24,0.161,-0.107,-0.052
1,B1_3,-0.082,-0.305,0.029,0.016,0.201,-0.128,1.0,0.135,-0.216,0.156,0.011,-0.076,-0.236,-0.008,-0.226,0.012
1,A2_1,-0.304,-0.099,-0.207,0.132,0.074,-0.104,0.135,1.0,-0.106,-0.095,0.106,-0.016,-0.048,0.039,0.085,-0.184
1,A2_2,0.074,-0.045,0.047,0.108,-0.205,0.003,-0.216,-0.106,1.0,-0.078,0.066,0.021,-0.032,-0.063,0.068,0.217
1,A2_3,0.165,0.15,-0.015,-0.023,0.073,0.061,0.156,-0.095,-0.078,1.0,0.113,-0.067,0.162,0.124,-0.056,0.018
1,B2_1,0.084,0.012,0.076,0.08,0.079,-0.027,0.011,0.106,0.066,0.113,1.0,-0.085,0.094,0.15,-0.103,-0.119
1,B2_2,0.123,-0.004,-0.254,-0.137,0.054,0.005,-0.076,-0.016,0.021,-0.067,-0.085,1.0,-0.031,0.134,0.053,-0.238
1,B2_3,0.004,-0.062,0.003,0.05,0.042,0.24,-0.236,-0.048,-0.032,0.162,0.094,-0.031,1.0,0.331,0.226,-0.04
1,y1,0.035,-0.206,-0.156,0.056,0.068,0.161,-0.008,0.039,-0.063,0.124,0.15,0.134,0.331,1.0,-0.249,-0.236
1,y2,-0.065,-0.093,0.229,-0.016,0.09,-0.107,-0.226,0.085,0.068,-0.056,-0.103,0.053,0.226,-0.249,1.0,-0.031
1,y3,-0.089,0.131,0.148,-0.046,-0.028,-0.052,0.012,-0.184,0.217,0.018,-0.119,-0.238,-0.04,-0.236,-0.031,1.0
2,.,1.0,0.272,0.043,0.011,-0.206,-0.212,-0.095,-0.285,0.073,0.163,0.085,0.093,-0.003,0.041,-0.061,-0.083
2,A1_1,0.272,1.0,-0.07,0.151,0.126,0.002,-0.304,-0.092,-0.037,0.159,-0.003,-0.01,-0.075,-0.205,-0.097,0.13
2,A1_2,0.043,-0.07,1.0,-0.02,-0.128,-0.051,0.018,-0.211,0.045,-0.015,0.057,-0.26,-0.016,-0.155,0.224,0.152
2,A1_3,0.011,0.151,-0.02,1.0,-0.064,-0.036,0.015,0.131,0.108,-0.021,0.072,-0.135,0.043,0.045,-0.033,-0.058
2,B1_1,-0.206,0.126,-0.128,-0.064,1.0,0.327,0.224,0.079,-0.207,0.07,0.09,0.079,0.061,0.076,0.084,-0.032
2,B1_2,-0.212,0.002,-0.051,-0.036,0.327,1.0,-0.106,-0.095,0.003,0.064,-0.02,0.025,0.25,0.174,-0.102,-0.047
2,B1_3,-0.095,-0.304,0.018,0.015,0.224,-0.106,1.0,0.141,-0.216,0.154,0.024,-0.045,-0.21,-0.003,-0.229,0.003
2,A2_1,-0.285,-0.092,-0.211,0.131,0.079,-0.095,0.141,1.0,-0.111,-0.099,0.106,-0.009,-0.046,0.036,0.073,-0.19
2,A2_2,0.073,-0.037,0.045,0.108,-0.207,0.003,-0.216,-0.111,1.0,-0.079,0.055,0.018,-0.041,-0.061,0.064,0.221
2,A2_3,0.163,0.159,-0.015,-0.021,0.07,0.064,0.154,-0.099,-0.079,1.0,0.105,-0.065,0.154,0.126,-0.063,0.019
2,B2_1,0.085,-0.003,0.057,0.072,0.09,-0.02,0.024,0.106,0.055,0.105,1.0,-0.071,0.097,0.165,-0.101,-0.118
2,B2_2,0.093,-0.01,-0.26,-0.135,0.079,0.025,-0.045,-0.009,0.018,-0.065,-0.071,1.0,-0.01,0.141,0.049,-0.239
2,B2_3,-0.003,-0.075,-0.016,0.043,0.061,0.25,-0.21,-0.046,-0.041,0.154,0.097,-0.01,1.0,0.343,0.221,-0.042
2,y1,0.041,-0.205,-0.155,0.045,0.076,0.174,-0.003,0.036,-0.061,0.126,0.165,0.141,0.343,1.0,-0.251,-0.247
2,y2,-0.061,-0.097,0.224,-0.033,0.084,-0.102,-0.229,0.073,0.064,-0.063,-0.101,0.049,0.221,-0.251,1.0,-0.026
2,y3,-0.083,0.13,0.152,-0.058,-0.032,-0.047,0.003,-0.19,0.221,0.019,-0.118,-0.239,-0.042,-0.247,-0.026,1.0
3,.,1.0,0.243,0.045,0.035,-0.219,-0.25,-0.11,-0.266,0.068,0.154,0.082,0.061,-0.012,0.041,-0.059,-0.079
3,A1_1,0.243,1.0,-0.059,0.161,0.114,-0.001,-0.303,-0.083,-0.027,0.169,-0.018,-0.016,-0.088,-0.204,-0.102,0.128
3,A1_2,0.045,-0.059,1.0,-0.017,-0.139,-0.058,0.006,-0.212,0.046,-0.012,0.038,-0.266,-0.034,-0.153,0.218,0.154
3,A1_3,0.035,0.161,-0.017,1.0,-0.065,-0.033,0.015,0.132,0.11,-0.017,0.063,-0.133,0.037,0.034,-0.05,-0.071
3,B1_1,-0.219,0.114,-0.139,-0.065,1.0,0.343,0.25,0.083,-0.209,0.067,0.105,0.107,0.085,0.081,0.076,-0.039
3,B1_2,-0.25,-0.001,-0.058,-0.033,0.343,1.0,-0.077,-0.086,0.003,0.066,-0.008,0.048,0.265,0.186,-0.098,-0.045
3,B1_3,-0.11,-0.303,0.006,0.015,0.25,-0.077,1.0,0.147,-0.215,0.152,0.041,-0.012,-0.177,0.0,-0.234,-0.008
3,A2_1,-0.266,-0.083,-0.212,0.132,0.083,-0.086,0.147,1.0,-0.113,-0.1,0.105,-0.003,-0.045,0.03,0.061,-0.196
3,A2_2,0.068,-0.027,0.046,0.11,-0.209,0.003,-0.215,-0.113,1.0,-0.078,0.044,0.015,-0.05,-0.06,0.058,0.222
3,A2_3,0.154,0.169,-0.012,-0.017,0.067,0.066,0.152,-0.1,-0.078,1.0,0.097,-0.064,0.147,0.126,-0.07,0.018
3,B2_1,0.082,-0.018,0.038,0.063,0.105,-0.008,0.041,0.105,0.044,0.097,1.0,-0.055,0.105,0.178,-0.1,-0.118
3,B2_2,0.061,-0.016,-0.266,-0.133,0.107,0.048,-0.012,-0.003,0.015,-0.064,-0.055,1.0,0.014,0.146,0.043,-0.241
3,B2_3,-0.012,-0.088,-0.034,0.037,0.085,0.265,-0.177,-0.045,-0.05,0.147,0.105,0.014,1.0,0.352,0.214,-0.046
3,y1,0.041,-0.204,-0.153,0.034,0.081,0.186,0.0,0.03,-0.06,0.126,0.178,0.146,0.352,1.0,-0.249,-0.254
3,y2,-0.059,-0.102,0.218,-0.05,0.076,-0.098,-0.234,0.061,0.058,-0.07,-0.1,0.043,0.214,-0.249,1.0,-0.017
3,y3,-0.079,0.128,0.154,-0.071,-0.039,-0.045,-0.008,-0.196,0.222,0.018,-0.118,-0.241,-0.046,-0.254,-0.017,1.0
4,.,1.0,0.21,0.045,0.054,-0.232,-0.286,-0.126,-0.248,0.061,0.141,0.077,0.028,-0.024,0.036,-0.06,-0.079
4,A1_1,0.21,1.0,-0.045,0.172,0.101,-0.005,-0.301,-0.073,-0.015,0.181,-0.033,-0.022,-0.1,-0.204,-0.107,0.126
4,A1_2,0.045,-0.045,1.0,-0.011,-0.149,-0.064,-0.005,-0.211,0.049,-0.007,0.018,-0.272,-0.052,-0.151,0.21,0.155
4,A1_3,0.054,0.172,-0.011,1.0,-0.066,-0.031,0.014,0.133,0.114,-0.011,0.055,-0.131,0.03,0.021,-0.068,-0.084
4,B1_1,-0.232,0.101,-0.149,-0.066,1.0,0.362,0.278,0.085,-0.21,0.063,0.124,0.136,0.114,0.084,0.066,-0.047
4,B1_2,-0.286,-0.005,-0.064,-0.031,0.362,1.0,-0.045,-0.077,0.003,0.068,0.01,0.073,0.284,0.194,-0.097,-0.045
4,B1_3,-0.126,-0.301,-0.005,0.014,0.278,-0.045,1.0,0.15,-0.213,0.149,0.063,0.022,-0.139,0.0,-0.239,-0.022
4,A2_1,-0.248,-0.073,-0.211,0.133,0.085,-0.077,0.15,1.0,-0.114,-0.098,0.103,0.003,-0.043,0.024,0.048,-0.203
4,A2_2,0.061,-0.015,0.049,0.114,-0.21,0.003,-0.213,-0.114,1.0,-0.074,0.033,0.012,-0.059,-0.059,0.052,0.223
4,A2_3,0.141,0.181,-0.007,-0.011,0.063,0.068,0.149,-0.098,-0.074,1.0,0.088,-0.062,0.138,0.124,-0.077,0.016
4,B2_1,0.077,-0.033,0.018,0.055,0.124,0.01,0.063,0.103,0.033,0.088,1.0,-0.035,0.118,0.189,-0.1,-0.119
4,B2_2,0.028,-0.022,-0.272,-0.131,0.136,0.073,0.022,0.003,0.012,-0.062,-0.035,1.0,0.042,0.149,0.036,-0.244
4,B2_3,-0.024,-0.1,-0.052,0.03,0.114,0.284,-0.139,-0.043,-0.059,0.138,0.118,0.042,1.0,0.356,0.204,-0.052
4,y1,0.036,-0.204,-0.151,0.021,0.084,0.194,0.0,0.024,-0.059,0.124,0.189,0.149,0.356,1.0,-0.243,-0.257
4,y2,-0.06,-0.107,0.21,-0.068,0.066,-0.097,-0.239,0.048,0.052,-0.077,-0.1,0.036,0.204,-0.243,1.0,-0.004
4,y3,-0.079,0.126,0.155,-0.084,-0.047,-0.045,-0.022,-0.203,0.223,0.016,-0.119,-0.244,-0.052,-0.257,-0.004,1.0
5,.,1.0,0.177,0.042,0.068,-0.244,-0.318,-0.144,-0.232,0.05,0.124,0.068,-0.005,-0.039,0.027,-0.062,-0.08
5,A1_1,0.177,1.0,-0.03,0.184,0.088,-0.009,-0.299,-0.06,-0.001,0.195,-0.048,-0.029,-0.112,-0.203,-0.112,0.122
5,A1_2,0.042,-0.03,1.0,-0.003,-0.159,-0.07,-0.016,-0.208,0.054,0.0,-0.001,-0.277,-0.069,-0.15,0.203,0.155
5,A1_3,0.068,0.184,-0.003,1.0,-0.068,-0.029,0.013,0.137,0.119,-0.002,0.047,-0.129,0.023,0.008,-0.086,-0.098
5,B1_1,-0.244,0.088,-0.159,-0.068,1.0,0.383,0.307,0.087,-0.212,0.059,0.146,0.166,0.145,0.084,0.054,-0.058
5,B1_2,-0.318,-0.009,-0.07,-0.029,0.383,1.0,-0.008,-0.07,0.002,0.069,0.031,0.101,0.306,0.198,-0.098,-0.048
5,B1_3,-0.144,-0.299,-0.016,0.013,0.307,-0.008,1.0,0.153,-0.212,0.145,0.088,0.058,-0.096,-0.003,-0.245,-0.037
5,A2_1,-0.232,-0.06,-0.208,0.137,0.087,-0.07,0.153,1.0,-0.113,-0.095,0.1,0.007,-0.043,0.017,0.035,-0.209
5,A2_2,0.05,-0.001,0.054,0.119,-0.212,0.002,-0.212,-0.113,1.0,-0.068,0.021,0.008,-0.068,-0.059,0.045,0.221
5,A2_3,0.124,0.195,0.0,-0.002,0.059,0.069,0.145,-0.095,-0.068,1.0,0.079,-0.061,0.129,0.121,-0.085,0.014
5,B2_1,0.068,-0.048,-0.001,0.047,0.146,0.031,0.088,0.1,0.021,0.079,1.0,-0.013,0.136,0.197,-0.102,-0.122
5,B2_2,-0.005,-0.029,-0.277,-0.129,0.166,0.101,0.058,0.007,0.008,-0.061,-0.013,1.0,0.072,0.15,0.027,-0.249
5,B2_3,-0.039,-0.112,-0.069,0.023,0.145,0.306,-0.096,-0.043,-0.068,0.129,0.136,0.072,1.0,0.356,0.19,-0.06
5,y1,0.027,-0.203,-0.15,0.008,0.084,0.198,-0.003,0.017,-0.059,0.121,0.197,0.15,0.356,1.0,-0.233,-0.254
5,y2,-0.062,-0.112,0.203,-0.086,0.054,-0.098,-0.245,0.035,0.045,-0.085,-0.102,0.027,0.19,-0.233,1.0,0.013
5,y3,-0.08,0.122,0.155,-0.098,-0.058,-0.048,-0.037,-0.209,0.221,0.014,-0.122,-0.249,-0.06,-0.254,0.013,1.0
6,.,1.0,0.143,0.037,0.076,-0.258,-0.348,-0.164,-0.217,0.038,0.104,0.055,-0.038,-0.058,0.016,-0.064,-0.082
6,A1_1,0.143,1.0,-0.013,0.198,0.075,-0.014,-0.296,-0.047,0.014,0.209,-0.063,-0.036,-0.123,-0.203,-0.117,0.118
6,A1_2,0.037,-0.013,1.0,0.006,-0.169,-0.076,-0.027,-0.202,0.061,0.01,-0.02,-0.282,-0.086,-0.149,0.194,0.155
6,A1_3,0.076,0.198,0.006,1.0,-0.069,-0.027,0.012,0.142,0.126,0.008,0.038,-0.128,0.016,-0.007,-0.104,-0.112
6,B1_1,-0.258,0.075,-0.169,-0.069,1.0,0.405,0.338,0.087,-0.213,0.055,0.171,0.196,0.179,0.081,0.04,-0.07
6,B1_2,-0.348,-0.014,-0.076,-0.027,0.405,1.0,0.031,-0.062,0.001,0.07,0.056,0.131,0.331,0.199,-0.101,-0.054
6,B1_3,-0.164,-0.296,-0.027,0.012,0.338,0.031,1.0,0.153,-0.211,0.141,0.116,0.095,-0.05,-0.008,-0.253,-0.056
6,A2_1,-0.217,-0.047,-0.202,0.142,0.087,-0.062,0.153,1.0,-0.109,-0.09,0.096,0.01,-0.043,0.009,0.02,-0.216
6,A2_2,0.038,0.014,0.061,0.126,-0.213,0.001,-0.211,-0.109,1.0,-0.059,0.009,0.004,-0.077,-0.059,0.038,0.219
6,A2_3,0.104,0.209,0.01,0.008,0.055,0.07,0.141,-0.09,-0.059,1.0,0.07,-0.061,0.12,0.117,-0.094,0.01
6,B2_1,0.055,-0.063,-0.02,0.038,0.171,0.056,0.116,0.096,0.009,0.07,1.0,0.012,0.157,0.203,-0.105,-0.126
6,B2_2,-0.038,-0.036,-0.282,-0.128,0.196,0.131,0.095,0.01,0.004,-0.061,0.012,1.0,0.104,0.148,0.016,-0.254
6,B2_3,-0.058,-0.123,-0.086,0.016,0.179,0.331,-0.05,-0.043,-0.077,0.12,0.157,0.104,1.0,0.352,0.173,-0.071
6,y1,0.016,-0.203,-0.149,-0.007,0.081,0.199,-0.008,0.009,-0.059,0.117,0.203,0.148,0.352,1.0,-0.219,-0.246
6,y2,-0.064,-0.117,0.194,-0.104,0.04,-0.101,-0.253,0.02,0.038,-0.094,-0.105,0.016,0.173,-0.219,1.0,0.035
6,y3,-0.082,0.118,0.155,-0.112,-0.07,-0.054,-0.056,-0.216,0.219,0.01,-0.126,-0.254,-0.071,-0.246,0.035,1.0
7,.,1.0,0.111,0.031,0.081,-0.271,-0.376,-0.184,-0.205,0.025,0.083,0.039,-0.071,-0.079,0.003,-0.065,-0.083
7,A1_1,0.111,1.0,0.006,0.212,0.062,-0.019,-0.294,-0.032,0.031,0.225,-0.078,-0.043,-0.134,-0.204,-0.121,0.113
7,A1_2,0.031,0.006,1.0,0.018,-0.178,-0.082,-0.038,-0.194,0.071,0.022,-0.039,-0.287,-0.102,-0.147,0.185,0.153
7,A1_3,0.081,0.212,0.018,1.0,-0.071,-0.026,0.01,0.148,0.135,0.02,0.03,-0.127,0.009,-0.022,-0.121,-0.126
7,B1_1,-0.271,0.062,-0.178,-0.071,1.0,0.429,0.369,0.086,-0.215,0.05,0.198,0.228,0.214,0.074,0.023,-0.085
7,B1_2,-0.376,-0.019,-0.082,-0.026,0.429,1.0,0.072,-0.056,-0.001,0.07,0.085,0.162,0.358,0.195,-0.107,-0.062
7,B1_3,-0.184,-0.294,-0.038,0.01,0.369,0.072,1.0,0.152,-0.209,0.135,0.147,0.133,-0.002,-0.017,-0.263,-0.076
7,A2_1,-0.205,-0.032,-0.194,0.148,0.086,-0.056,0.152,1.0,-0.104,-0.082,0.091,0.012,-0.044,-0.001,0.006,-0.223
7,A2_2,0.025,0.031,0.071,0.135,-0.215,-0.001,-0.209,-0.104,1.0,-0.048,-0.003,-0.001,-0.085,-0.06,0.031,0.215
7,A2_3,0.083,0.225,0.022,0.02,0.05,0.07,0.135,-0.082,-0.048,1.0,0.06,-0.061,0.11,0.111,-0.102,0.005
7,B2_1,0.039,-0.078,-0.039,0.03,0.198,0.085,0.147,0.091,-0.003,0.06,1.0,0.04,0.182,0.205,-0.11,-0.132
7,B2_2,-0.071,-0.043,-0.287,-0.127,0.228,0.162,0.133,0.012,-0.001,-0.061,0.04,1.0,0.138,0.143,0.003,-0.262
7,B2_3,-0.079,-0.134,-0.102,0.009,0.214,0.358,-0.002,-0.044,-0.085,0.11,0.182,0.138,1.0,0.343,0.153,-0.084
7,y1,0.003,-0.204,-0.147,-0.022,0.074,0.195,-0.017,-0.001,-0.06,0.111,0.205,0.143,0.343,1.0,-0.199,-0.233
7,y2,-0.065,-0.121,0.185,-0.121,0.023,-0.107,-0.263,0.006,0.031,-0.102,-0.11,0.003,0.153,-0.199,1.0,0.06
7,y3,-0.083,0.113,0.153,-0.126,-0.085,-0.062,-0.076,-0.223,0.215,0.005,-0.132,-0.262,-0.084,-0.233,0.06,1.0
8,.,1.0,0.081,0.025,0.081,-0.286,-0.402,-0.206,-0.194,0.011,0.061,0.019,-0.104,-0.103,-0.009,-0.065,-0.082
8,A1_1,0.081,1.0,0.026,0.228,0.049,-0.024,-0.292,-0.015,0.049,0.242,-0.092,-0.051,-0.144,-0.204,-0.125,0.107
8,A1_2,0.025,0.026,1.0,0.031,-0.187,-0.088,-0.049,-0.184,0.082,0.036,-0.058,-0.292,-0.118,-0.146,0.175,0.151
8,A1_3,0.081,0.228,0.031,1.0,-0.073,-0.025,0.007,0.155,0.145,0.033,0.021,-0.126,0.002,-0.039,-0.138,-0.14
8,B1_1,-0.286,0.049,-0.187,-0.073,1.0,0.454,0.4,0.083,-0.216,0.045,0.227,0.26,0.251,0.065,0.005,-0.103
8,B1_2,-0.402,-0.024,-0.088,-0.025,0.454,1.0,0.113,-0.051,-0.004,0.069,0.116,0.194,0.386,0.188,-0.115,-0.074
8,B1_3,-0.206,-0.292,-0.049,0.007,0.4,0.113,1.0,0.15,-0.209,0.129,0.18,0.17,0.048,-0.029,-0.274,-0.098
8,A2_1,-0.194,-0.015,-0.184,0.155,0.083,-0.051,0.15,1.0,-0.096,-0.073,0.085,0.013,-0.046,-0.011,-0.009,-0.229
8,A2_2,0.011,0.049,0.082,0.145,-0.216,-0.004,-0.209,-0.096,1.0,-0.036,-0.015,-0.007,-0.094,-0.062,0.023,0.209
8,A2_3,0.061,0.242,0.036,0.033,0.045,0.069,0.129,-0.073,-0.036,1.0,0.051,-0.061,0.1,0.104,-0.111,-0.001
8,B2_1,0.019,-0.092,-0.058,0.021,0.227,0.116,0.18,0.085,-0.015,0.051,1.0,0.07,0.21,0.203,-0.117,-0.141
8,B2_2,-0.104,-0.051,-0.292,-0.126,0.26,0.194,0.17,0.013,-0.007,-0.061,0.07,1.0,0.173,0.135,-0.012,-0.27
8,B2_3,-0.103,-0.144,-0.118,0.002,0.251,0.386,0.048,-0.046,-0.094,0.1,0.21,0.173,1.0,0.329,0.13,-0.101
8,y1,-0.009,-0.204,-0.146,-0.039,0.065,0.188,-0.029,-0.011,-0.062,0.104,0.203,0.135,0.329,1.0,-0.175,-0.214
8,y2,-0.065,-0.125,0.175,-0.138,0.005,-0.115,-0.274,-0.009,0.023,-0.111,-0.117,-0.012,0.13,-0.175,1.0,0.089
8,y3,-0.082,0.107,0.151,-0.14,-0.103,-0.074,-0.098,-0.229,0.209,-0.001,-0.141,-0.27,-0.101,-0.214,0.089,1.0
9,.,1.0,0.053,0.018,0.079,-0.302,-0.426,-0.229,-0.186,-0.002,0.039,-0.003,-0.135,-0.128,-0.019,-0.063,-0.08
9,A1_1,0.053,1.0,0.047,0.244,0.035,-0.029,-0.29,0.003,0.069,0.26,-0.106,-0.059,-0.153,-0.204,-0.129,0.101
9,A1_2,0.018,0.047,1.0,0.045,-0.196,-0.094,-0.061,-0.171,0.095,0.051,-0.076,-0.296,-0.133,-0.144,0.165,0.148
9,A1_3,0.079,0.244,0.045,1.0,-0.075,-0.024,0.004,0.164,0.156,0.048,0.012,-0.125,-0.006,-0.055,-0.155,-0.154
9,B1_1,-0.302,0.035,-0.196,-0.075,1.0,0.478,0.431,0.08,-0.218,0.039,0.257,0.292,0.288,0.052,-0.016,-0.122
9,B1_2,-0.426,-0.029,-0.094,-0.024,0.478,1.0,0.155,-0.047,-0.007,0.067,0.15,0.227,0.414,0.176,-0.125,-0.088
9,B1_3,-0.229,-0.29,-0.061,0.004,0.431,0.155,1.0,0.146,-0.208,0.122,0.214,0.208,0.097,-0.043,-0.287,-0.123
9,A2_1,-0.186,0.003,-0.171,0.164,0.08,-0.047,0.146,1.0,-0.087,-0.061,0.078,0.013,-0.049,-0.021,-0.023,-0.235
9,A2_2,-0.002,0.069,0.095,0.156,-0.218,-0.007,-0.208,-0.087,1.0,-0.021,-0.028,-0.013,-0.103,-0.064,0.015,0.203
9,A2_3,0.039,0.26,0.051,0.048,0.039,0.067,0.122,-0.061,-0.021,1.0,0.04,-0.062,0.089,0.095,-0.12,-0.007
9,B2_1,-0.003,-0.106,-0.076,0.012,0.257,0.15,0.214,0.078,-0.028,0.04,1.0,0.101,0.241,0.198,-0.126,-0.151
9,B2_2,-0.135,-0.059,-0.296,-0.125,0.292,0.227,0.208,0.013,-0.013,-0.062,0.101,1.0,0.209,0.123,-0.028,-0.281
9,B2_3,-0.128,-0.153,-0.133,-0.006,0.288,0.414,0.097,-0.049,-0.103,0.089,0.241,0.209,1.0,0.31,0.105,-0.119
9,y1,-0.019,-0.204,-0.144,-0.055,0.052,0.176,-0.043,-0.021,-0.064,0.095,0.198,0.123,0.31,1.0,-0.147,-0.189
9,y2,-0.063,-0.129,0.165,-0.155,-0.016,-0.125,-0.287,-0.023,0.015,-0.12,-0.126,-0.028,0.105,-0.147,1.0,0.121
9,y3,-0.08,0.101,0.148,-0.154,-0.122,-0.088,-0.123,-0.235,0.203,-0.007,-0.151,-0.281,-0.119,-0.189,0.121,1.0
10,.,1.0,0.028,0.01,0.075,-0.318,-0.449,-0.252,-0.178,-0.015,0.017,-0.027,-0.166,-0.155,-0.027,-0.059,-0.076
10,A1_1,0.028,1.0,0.069,0.261,0.022,-0.035,-0.288,0.022,0.089,0.278,-0.119,-0.066,-0.162,-0.204,-0.133,0.094
10,A1_2,0.01,0.069,1.0,0.061,-0.204,-0.1,-0.071,-0.157,0.109,0.068,-0.094,-0.3,-0.147,-0.143,0.155,0.144
10,A1_3,0.075,0.261,0.061,1.0,-0.078,-0.025,0.001,0.174,0.169,0.064,0.003,-0.125,-0.013,-0.072,-0.17,-0.167
10,B1_1,-0.318,0.022,-0.204,-0.078,1.0,0.503,0.461,0.075,-0.22,0.032,0.289,0.324,0.325,0.036,-0.038,-0.143
10,B1_2,-0.449,-0.035,-0.1,-0.025,0.503,1.0,0.197,-0.044,-0.011,0.064,0.185,0.26,0.443,0.161,-0.138,-0.105
10,B1_3,-0.252,-0.288,-0.071,0.001,0.461,0.197,1.0,0.141,-0.208,0.114,0.249,0.245,0.146,-0.061,-0.3,-0.148
10,A2_1,-0.178,0.022,-0.157,0.174,0.075,-0.044,0.141,1.0,-0.075,-0.049,0.07,0.012,-0.052,-0.032,-0.037,-0.241
10,A2_2,-0.015,0.089,0.109,0.169,-0.22,-0.011,-0.208,-0.075,1.0,-0.005,-0.04,-0.02,-0.112,-0.066,0.007,0.196
10,A2_3,0.017,0.278,0.068,0.064,0.032,0.064,0.114,-0.049,-0.005,1.0,0.03,-0.063,0.078,0.086,-0.128,-0.013
10,B2_1,-0.027,-0.119,-0.094,0.003,0.289,0.185,0.249,0.07,-0.04,0.03,1.0,0.135,0.273,0.188,-0.137,-0.164
10,B2_2,-0.166,-0.066,-0.3,-0.125,0.324,0.26,0.245,0.012,-0.02,-0.063,0.135,1.0,0.245,0.109,-0.047,-0.292
10,B2_3,-0.155,-0.162,-0.147,-0.013,0.325,0.443,0.146,-0.052,-0.112,0.078,0.273,0.245,1.0,0.286,0.077,-0.14
10,y1,-0.027,-0.204,-0.143,-0.072,0.036,0.161,-0.061,-0.032,-0.066,0.086,0.188,0.109,0.286,1.0,-0.114,-0.159
10,y2,-0.059,-0.133,0.155,-0.17,-0.038,-0.138,-0.3,-0.037,0.007,-0.128,-0.137,-0.047,0.077,-0.114,1.0,0.155
10,y3,-0.076,0.094,0.144,-0.167,-0.143,-0.105,-0.148,-0.241,0.196,-0.013,-0.164,-0.292,-0.14,-0.159,0.155,1.0
11,.,1.0,0.005,0.003,0.069,-0.335,-0.47,-0.275,-0.173,-0.028,-0.003,-0.054,-0.196,-0.182,-0.033,-0.052,-0.069
11,A1_1,0.005,1.0,0.092,0.278,0.009,-0.041,-0.286,0.042,0.11,0.296,-0.132,-0.074,-0.171,-0.203,-0.136,0.087
11,A1_2,0.003,0.092,1.0,0.079,-0.212,-0.107,-0.082,-0.14,0.124,0.087,-0.112,-0.304,-0.16,-0.141,0.145,0.14
11,A1_3,0.069,0.278,0.079,1.0,-0.081,-0.026,-0.003,0.185,0.182,0.082,-0.007,-0.126,-0.021,-0.088,-0.185,-0.179
11,B1_1,-0.335,0.009,-0.212,-0.081,1.0,0.528,0.49,0.069,-0.222,0.025,0.321,0.355,0.362,0.016,-0.062,-0.166
11,B1_2,-0.47,-0.041,-0.107,-0.026,0.528,1.0,0.238,-0.042,-0.015,0.061,0.22,0.293,0.472,0.141,-0.153,-0.124
11,B1_3,-0.275,-0.286,-0.082,-0.003,0.49,0.238,1.0,0.135,-0.208,0.106,0.285,0.282,0.194,-0.081,-0.315,-0.175
11,A2_1,-0.173,0.042,-0.14,0.185,0.069,-0.042,0.135,1.0,-0.062,-0.034,0.062,0.01,-0.056,-0.044,-0.051,-0.245
11,A2_2,-0.028,0.11,0.124,0.182,-0.222,-0.015,-0.208,-0.062,1.0,0.013,-0.053,-0.027,-0.12,-0.069,-0.0,0.187
11,A2_3,-0.003,0.296,0.087,0.082,0.025,0.061,0.106,-0.034,0.013,1.0,0.019,-0.065,0.066,0.076,-0.136,-0.02
11,B2_1,-0.054,-0.132,-0.112,-0.007,0.321,0.22,0.285,0.062,-0.053,0.019,1.0,0.169,0.306,0.174,-0.151,-0.179
11,B2_2,-0.196,-0.074,-0.304,-0.126,0.355,0.293,0.282,0.01,-0.027,-0.065,0.169,1.0,0.282,0.091,-0.067,-0.305
11,B2_3,-0.182,-0.171,-0.16,-0.021,0.362,0.472,0.194,-0.056,-0.12,0.066,0.306,0.282,1.0,0.259,0.047,-0.162
11,y1,-0.033,-0.203,-0.141,-0.088,0.016,0.141,-0.081,-0.044,-0.069,0.076,0.174,0.091,0.259,1.0,-0.077,-0.123
11,y2,-0.052,-0.136,0.145,-0.185,-0.062,-0.153,-0.315,-0.051,-0.0,-0.136,-0.151,-0.067,0.047,-0.077,1.0,0.192
11,y3,-0.069,0.087,0.14,-0.179,-0.166,-0.124,-0.175,-0.245,0.187,-0.02,-0.179,-0.305,-0.162,-0.123,0.192,1.0
12,.,1.0,-0.015,-0.004,0.062,-0.352,-0.49,-0.298,-0.168,-0.039,-0.022,-0.081,-0.225,-0.209,-0.035,-0.044,-0.06
12,A1_1,-0.015,1.0,0.115,0.295,-0.003,-0.047,-0.285,0.062,0.132,0.315,-0.144,-0.082,-0.179,-0.203,-0.138,0.08
12,A1_2,-0.004,0.115,1.0,0.097,-0.22,-0.113,-0.093,-0.123,0.141,0.106,-0.129,-0.307,-0.173,-0.139,0.135,0.135
12,A1_3,0.062,0.295,0.097,1.0,-0.084,-0.027,-0.008,0.197,0.197,0.1,-0.016,-0.127,-0.029,-0.104,-0.199,-0.19
12,B1_1,-0.352,-0.003,-0.22,-0.084,1.0,0.552,0.518,0.063,-0.224,0.017,0.354,0.386,0.397,-0.006,-0.087,-0.189
12,B1_2,-0.49,-0.047,-0.113,-0.027,0.552,1.0,0.278,-0.041,-0.02,0.057,0.256,0.325,0.5,0.119,-0.169,-0.145
12,B1_3,-0.298,-0.285,-0.093,-0.008,0.518,0.278,1.0,0.128,-0.209,0.097,0.32,0.318,0.241,-0.104,-0.331,-0.203
12,A2_1,-0.168,0.062,-0.123,0.197,0.063,-0.041,0.128,1.0,-0.048,-0.018,0.052,0.007,-0.061,-0.055,-0.064,-0.249
12,A2_2,-0.039,0.132,0.141,0.197,-0.224,-0.02,-0.209,-0.048,1.0,0.032,-0.066,-0.034,-0.129,-0.071,-0.008,0.179
12,A2_3,-0.022,0.315,0.106,0.1,0.017,0.057,0.097,-0.018,0.032,1.0,0.008,-0.068,0.055,0.064,-0.144,-0.028
12,B2_1,-0.081,-0.144,-0.129,-0.016,0.354,0.256,0.32,0.052,-0.066,0.008,1.0,0.204,0.339,0.156,-0.165,-0.195
12,B2_2,-0.225,-0.082,-0.307,-0.127,0.386,0.325,0.318,0.007,-0.034,-0.068,0.204,1.0,0.317,0.07,-0.088,-0.319
12,B2_3,-0.209,-0.179,-0.173,-0.029,0.397,0.5,0.241,-0.061,-0.129,0.055,0.339,0.317,1.0,0.228,0.016,-0.186
12,y1,-0.035,-0.203,-0.139,-0.104,-0.006,0.119,-0.104,-0.055,-0.071,0.064,0.156,0.07,0.228,1.0,-0.037,-0.084
12,y2,-0.044,-0.138,0.135,-0.199,-0.087,-0.169,-0.331,-0.064,-0.008,-0.144,-0.165,-0.088,0.016,-0.037,1.0,0.23
12,y3,-0.06,0.08,0.135,-0.19,-0.189,-0.145,-0.203,-0.249,0.179,-0.028,-0.195,-0.319,-0.186,-0.084,0.23,1.0
13,.,1.0,-0.033,-0.011,0.055,-0.369,-0.508,-0.32,-0.165,-0.05,-0.04,-0.109,-0.253,-0.236,-0.035,-0.034,-0.049
13,A1_1,-0.033,1.0,0.138,0.313,-0.016,-0.053,-0.283,0.084,0.154,0.335,-0.156,-0.09,-0.187,-0.202,-0.141,0.073
13,A1_2,-0.011,0.138,1.0,0.116,-0.227,-0.12,-0.104,-0.103,0.159,0.127,-0.145,-0.311,-0.186,-0.137,0.125,0.13
13,A1_3,0.055,0.313,0.116,1.0,-0.088,-0.029,-0.013,0.21,0.213,0.119,-0.026,-0.128,-0.037,-0.12,-0.211,-0.2
13,B1_1,-0.369,-0.016,-0.227,-0.088,1.0,0.575,0.546,0.056,-0.227,0.01,0.386,0.416,0.431,-0.03,-0.113,-0.214
13,B1_2,-0.508,-0.053,-0.12,-0.029,0.575,1.0,0.317,-0.04,-0.025,0.052,0.292,0.357,0.527,0.093,-0.187,-0.167
13,B1_3,-0.32,-0.283,-0.104,-0.013,0.546,0.317,1.0,0.12,-0.21,0.088,0.355,0.353,0.286,-0.128,-0.347,-0.231
13,A2_1,-0.165,0.084,-0.103,0.21,0.056,-0.04,0.12,1.0,-0.032,-0.0,0.042,0.003,-0.066,-0.066,-0.077,-0.252
13,A2_2,-0.05,0.154,0.159,0.213,-0.227,-0.025,-0.21,-0.032,1.0,0.052,-0.078,-0.042,-0.137,-0.074,-0.015,0.169
13,A2_3,-0.04,0.335,0.127,0.119,0.01,0.052,0.088,-0.0,0.052,1.0,-0.003,-0.071,0.043,0.053,-0.151,-0.035
13,B2_1,-0.109,-0.156,-0.145,-0.026,0.386,0.292,0.355,0.042,-0.078,-0.003,1.0,0.24,0.373,0.134,-0.182,-0.213
13,B2_2,-0.253,-0.09,-0.311,-0.128,0.416,0.357,0.353,0.003,-0.042,-0.071,0.24,1.0,0.353,0.047,-0.11,-0.334
13,B2_3,-0.236,-0.187,-0.186,-0.037,0.431,0.527,0.286,-0.066,-0.137,0.043,0.373,0.353,1.0,0.193,-0.015,-0.211
13,y1,-0.035,-0.202,-0.137,-0.12,-0.03,0.093,-0.128,-0.066,-0.074,0.053,0.134,0.047,0.193,1.0,0.005,-0.04
13,y2,-0.034,-0.141,0.125,-0.211,-0.113,-0.187,-0.347,-0.077,-0.015,-0.151,-0.182,-0.11,-0.015,0.005,1.0,0.27
13,y3,-0.049,0.073,0.13,-0.2,-0.214,-0.167,-0.231,-0.252,0.169,-0.035,-0.213,-0.334,-0.211,-0.04,0.27,1.0
14,.,1.0,-0.05,-0.018,0.047,-0.386,-0.525,-0.342,-0.162,-0.061,-0.056,-0.138,-0.28,-0.263,-0.032,-0.023,-0.036
14,A1_1,-0.05,1.0,0.162,0.331,-0.028,-0.059,-0.282,0.106,0.176,0.354,-0.167,-0.098,-0.194,-0.201,-0.142,0.066
14,A1_2,-0.018,0.162,1.0,0.136,-0.234,-0.127,-0.114,-0.082,0.178,0.148,-0.161,-0.314,-0.197,-0.135,0.115,0.124
14,A1_3,0.047,0.331,0.136,1.0,-0.092,-0.032,-0.018,0.224,0.229,0.139,-0.036,-0.13,-0.045,-0.135,-0.223,-0.209
14,B1_1,-0.386,-0.028,-0.234,-0.092,1.0,0.597,0.571,0.048,-0.229,0.002,0.418,0.446,0.464,-0.056,-0.139,-0.238
14,B1_2,-0.525,-0.059,-0.127,-0.032,0.597,1.0,0.354,-0.041,-0.031,0.047,0.328,0.388,0.553,0.066,-0.205,-0.19
14,B1_3,-0.342,-0.282,-0.114,-0.018,0.571,0.354,1.0,0.112,-0.211,0.078,0.39,0.386,0.329,-0.154,-0.364,-0.259
14,A2_1,-0.162,0.106,-0.082,0.224,0.048,-0.041,0.112,1.0,-0.014,0.018,0.032,-0.002,-0.072,-0.077,-0.089,-0.254
14,A2_2,-0.061,0.176,0.178,0.229,-0.229,-0.031,-0.211,-0.014,1.0,0.074,-0.091,-0.05,-0.145,-0.076,-0.022,0.16
14,A2_3,-0.056,0.354,0.148,0.139,0.002,0.047,0.078,0.018,0.074,1.0,-0.014,-0.074,0.031,0.041,-0.158,-0.042
14,B2_1,-0.138,-0.167,-0.161,-0.036,0.418,0.328,0.39,0.032,-0.091,-0.014,1.0,0.275,0.406,0.109,-0.199,-0.232
14,B2_2,-0.28,-0.098,-0.314,-0.13,0.446,0.388,0.386,-0.002,-0.05,-0.074,0.275,1.0,0.387,0.022,-0.133,-0.349
14,B2_3,-0.263,-0.194,-0.197,-0.045,0.464,0.553,0.329,-0.072,-0.145,0.031,0.406,0.387,1.0,0.157,-0.048,-0.237
14,y1,-0.032,-0.201,-0.135,-0.135,-0.056,0.066,-0.154,-0.077,-0.076,0.041,0.109,0.022,0.157,1.0,0.05,0.006
14,y2,-0.023,-0.142,0.115,-0.223,-0.139,-0.205,-0.364,-0.089,-0.022,-0.158,-0.199,-0.133,-0.048,0.05,1.0,0.309
14,y3,-0.036,0.066,0.124,-0.209,-0.238,-0.19,-0.259,-0.254,0.16,-0.042,-0.232,-0.349,-0.237,0.006,0.309,1.0
15,.,1.0,-0.064,-0.024,0.038,-0.402,-0.541,-0.363,-0.16,-0.07,-0.071,-0.166,-0.305,-0.288,-0.026,-0.01,-0.022
15,A1_1,-0.064,1.0,0.186,0.349,-0.04,-0.065,-0.281,0.128,0.199,0.373,-0.177,-0.105,-0.2,-0.199,-0.144,0.058
15,A1_2,-0.024,0.186,1.0,0.156,-0.241,-0.133,-0.124,-0.061,0.197,0.17,-0.175,-0.317,-0.208,-0.133,0.105,0.119
15,A1_3,0.038,0.349,0.156,1.0,-0.096,-0.035,-0.024,0.238,0.246,0.16,-0.046,-0.132,-0.053,-0.15,-0.233,-0.218
15,B1_1,-0.402,-0.04,-0.241,-0.096,1.0,0.619,0.596,0.04,-0.232,-0.007,0.449,0.474,0.496,-0.083,-0.165,-0.263
15,B1_2,-0.541,-0.065,-0.133,-0.035,0.619,1.0,0.389,-0.042,-0.037,0.041,0.362,0.419,0.579,0.036,-0.224,-0.213
15,B1_3,-0.363,-0.281,-0.124,-0.024,0.596,0.389,1.0,0.102,-0.212,0.068,0.423,0.419,0.369,-0.181,-0.381,-0.286
15,A2_1,-0.16,0.128,-0.061,0.238,0.04,-0.042,0.102,1.0,0.004,0.038,0.021,-0.007,-0.078,-0.088,-0.1,-0.256
15,A2_2,-0.07,0.199,0.197,0.246,-0.232,-0.037,-0.212,0.004,1.0,0.096,-0.103,-0.058,-0.154,-0.079,-0.029,0.15
15,A2_3,-0.071,0.373,0.17,0.16,-0.007,0.041,0.068,0.038,0.096,1.0,-0.025,-0.078,0.019,0.029,-0.164,-0.049
15,B2_1,-0.166,-0.177,-0.175,-0.046,0.449,0.362,0.423,0.021,-0.103,-0.025,1.0,0.31,0.439,0.082,-0.217,-0.252
15,B2_2,-0.305,-0.105,-0.317,-0.132,0.474,0.419,0.419,-0.007,-0.058,-0.078,0.31,1.0,0.42,-0.005,-0.157,-0.365
15,B2_3,-0.288,-0.2,-0.208,-0.053,0.496,0.579,0.369,-0.078,-0.154,0.019,0.439,0.42,1.0,0.119,-0.08,-0.262
15,y1,-0.026,-0.199,-0.133,-0.15,-0.083,0.036,-0.181,-0.088,-0.079,0.029,0.082,-0.005,0.119,1.0,0.096,0.055
15,y2,-0.01,-0.144,0.105,-0.233,-0.165,-0.224,-0.381,-0.1,-0.029,-0.164,-0.217,-0.157,-0.08,0.096,1.0,0.348
15,y3,-0.022,0.058,0.119,-0.218,-0.263,-0.213,-0.286,-0.256,0.15,-0.049,-0.252,-0.365,-0.262,0.055,0.348,1.0
16,.,1.0,-0.077,-0.03,0.03,-0.418,-0.555,-0.382,-0.159,-0.079,-0.085,-0.193,-0.329,-0.312,-0.018,0.004,-0.007
16,A1_1,-0.077,1.0,0.21,0.367,-0.051,-0.072,-0.28,0.151,0.222,0.393,-0.187,-0.113,-0.207,-0.198,-0.145,0.051
16,A1_2,-0.03,0.21,1.0,0.177,-0.248,-0.14,-0.134,-0.038,0.217,0.192,-0.19,-0.32,-0.218,-0.13,0.096,0.113
16,A1_3,0.03,0.367,0.177,1.0,-0.101,-0.038,-0.03,0.254,0.263,0.181,-0.056,-0.134,-0.062,-0.163,-0.242,-0.225
16,B1_1,-0.418,-0.051,-0.248,-0.101,1.0,0.639,0.619,0.031,-0.234,-0.015,0.479,0.502,0.526,-0.111,-0.191,-0.288
16,B1_2,-0.555,-0.072,-0.14,-0.038,0.639,1.0,0.423,-0.044,-0.043,0.035,0.396,0.448,0.602,0.006,-0.244,-0.237
16,B1_3,-0.382,-0.28,-0.134,-0.03,0.619,0.423,1.0,0.093,-0.214,0.059,0.455,0.45,0.408,-0.208,-0.398,-0.313
16,A2_1,-0.159,0.151,-0.038,0.254,0.031,-0.044,0.093,1.0,0.024,0.059,0.01,-0.012,-0.084,-0.098,-0.111,-0.257
16,A2_2,-0.079,0.222,0.217,0.263,-0.234,-0.043,-0.214,0.024,1.0,0.118,-0.115,-0.066,-0.161,-0.081,-0.035,0.14
16,A2_3,-0.085,0.393,0.192,0.181,-0.015,0.035,0.059,0.059,0.118,1.0,-0.036,-0.082,0.007,0.018,-0.17,-0.055
16,B2_1,-0.193,-0.187,-0.19,-0.056,0.479,0.396,0.455,0.01,-0.115,-0.036,1.0,0.344,0.471,0.053,-0.236,-0.273
16,B2_2,-0.329,-0.113,-0.32,-0.134,0.502,0.448,0.45,-0.012,-0.066,-0.082,0.344,1.0,0.451,-0.033,-0.18,-0.381
16,B2_3,-0.312,-0.207,-0.218,-0.062,0.526,0.602,0.408,-0.084,-0.161,0.007,0.471,0.451,1.0,0.08,-0.111,-0.287
16,y1,-0.018,-0.198,-0.13,-0.163,-0.111,0.006,-0.208,-0.098,-0.081,0.018,0.053,-0.033,0.08,1.0,0.143,0.104
16,y2,0.004,-0.145,0.096,-0.242,-0.191,-0.244,-0.398,-0.111,-0.035,-0.17,-0.236,-0.18,-0.111,0.143,1.0,0.387
16,y3,-0.007,0.051,0.113,-0.225,-0.288,-0.237,-0.313,-0.257,0.14,-0.055,-0.273,-0.381,-0.287,0.104,0.387,1.0
17,.,1.0,-0.088,-0.036,0.022,-0.434,-0.569,-0.401,-0.158,-0.087,-0.097,-0.22,-0.351,-0.336,-0.008,0.018,0.008
17,A1_1,-0.088,1.0,0.233,0.385,-0.062,-0.078,-0.279,0.173,0.244,0.412,-0.196,-0.12,-0.212,-0.196,-0.146,0.044
17,A1_2,-0.036,0.233,1.0,0.198,-0.254,-0.146,-0.143,-0.014,0.237,0.214,-0.203,-0.323,-0.228,-0.128,0.087,0.107
17,A1_3,0.022,0.385,0.198,1.0,-0.106,-0.042,-0.036,0.27,0.281,0.202,-0.066,-0.136,-0.07,-0.176,-0.25,-0.231
17,B1_1,-0.434,-0.062,-0.254,-0.106,1.0,0.659,0.641,0.022,-0.237,-0.023,0.508,0.528,0.554,-0.14,-0.216,-0.312
17,B1_2,-0.569,-0.078,-0.146,-0.042,0.659,1.0,0.455,-0.046,-0.049,0.029,0.429,0.476,0.625,-0.026,-0.263,-0.26
17,B1_3,-0.401,-0.279,-0.143,-0.036,0.641,0.455,1.0,0.083,-0.215,0.049,0.486,0.48,0.444,-0.235,-0.414,-0.339
17,A2_1,-0.158,0.173,-0.014,0.27,0.022,-0.046,0.083,1.0,0.045,0.08,-0.002,-0.018,-0.09,-0.108,-0.12,-0.257
17,A2_2,-0.087,0.244,0.237,0.281,-0.237,-0.049,-0.215,0.045,1.0,0.141,-0.126,-0.074,-0.169,-0.084,-0.041,0.13
17,A2_3,-0.097,0.412,0.214,0.202,-0.023,0.029,0.049,0.08,0.141,1.0,-0.047,-0.086,-0.004,0.006,-0.175,-0.062
17,B2_1,-0.22,-0.196,-0.203,-0.066,0.508,0.429,0.486,-0.002,-0.126,-0.047,1.0,0.378,0.501,0.022,-0.255,-0.294
17,B2_2,-0.351,-0.12,-0.323,-0.136,0.528,0.476,0.48,-0.018,-0.074,-0.086,0.378,1.0,0.481,-0.062,-0.203,-0.397
17,B2_3,-0.336,-0.212,-0.228,-0.07,0.554,0.625,0.444,-0.09,-0.169,-0.004,0.501,0.481,1.0,0.04,-0.142,-0.312
17,y1,-0.008,-0.196,-0.128,-0.176,-0.14,-0.026,-0.235,-0.108,-0.084,0.006,0.022,-0.062,0.04,1.0,0.19,0.154
17,y2,0.018,-0.146,0.087,-0.25,-0.216,-0.263,-0.414,-0.12,-0.041,-0.175,-0.255,-0.203,-0.142,0.19,1.0,0.424
17,y3,0.008,0.044,0.107,-0.231,-0.312,-0.26,-0.339,-0.257,0.13,-0.062,-0.294,-0.397,-0.312,0.154,0.424,1.0
18,.,1.0,-0.099,-0.041,0.014,-0.449,-0.582,-0.419,-0.158,-0.095,-0.109,-0.245,-0.373,-0.357,0.003,0.032,0.024
18,A1_1,-0.099,1.0,0.256,0.402,-0.072,-0.083,-0.278,0.196,0.267,0.431,-0.205,-0.127,-0.217,-0.194,-0.147,0.037
18,A1_2,-0.041,0.256,1.0,0.219,-0.26,-0.152,-0.152,0.01,0.258,0.237,-0.215,-0.325,-0.236,-0.125,0.078,0.101
18,A1_3,0.014,0.402,0.219,1.0,-0.11,-0.046,-0.042,0.286,0.299,0.224,-0.075,-0.139,-0.077,-0.187,-0.257,-0.237
18,B1_1,-0.449,-0.072,-0.26,-0.11,1.0,0.678,0.662,0.013,-0.239,-0.031,0.535,0.553,0.581,-0.168,-0.241,-0.335
18,B1_2,-0.582,-0.083,-0.152,-0.046,0.678,1.0,0.485,-0.048,-0.055,0.022,0.46,0.503,0.647,-0.057,-0.283,-0.284
18,B1_3,-0.419,-0.278,-0.152,-0.042,0.662,0.485,1.0,0.073,-0.217,0.039,0.516,0.508,0.478,-0.262,-0.43,-0.364
18,A2_1,-0.158,0.196,0.01,0.286,0.013,-0.048,0.073,1.0,0.066,0.102,-0.013,-0.025,-0.097,-0.117,-0.129,-0.257
18,A2_2,-0.095,0.267,0.258,0.299,-0.239,-0.055,-0.217,0.066,1.0,0.164,-0.137,-0.083,-0.176,-0.086,-0.047,0.121
18,A2_3,-0.109,0.431,0.237,0.224,-0.031,0.022,0.039,0.102,0.164,1.0,-0.058,-0.091,-0.015,-0.005,-0.179,-0.068
18,B2_1,-0.245,-0.205,-0.215,-0.075,0.535,0.46,0.516,-0.013,-0.137,-0.058,1.0,0.41,0.53,-0.01,-0.275,-0.314
18,B2_2,-0.373,-0.127,-0.325,-0.139,0.553,0.503,0.508,-0.025,-0.083,-0.091,0.41,1.0,0.51,-0.092,-0.227,-0.413
18,B2_3,-0.357,-0.217,-0.236,-0.077,0.581,0.647,0.478,-0.097,-0.176,-0.015,0.53,0.51,1.0,0.001,-0.173,-0.336
18,y1,0.003,-0.194,-0.125,-0.187,-0.168,-0.057,-0.262,-0.117,-0.086,-0.005,-0.01,-0.092,0.001,1.0,0.236,0.203
18,y2,0.032,-0.147,0.078,-0.257,-0.241,-0.283,-0.43,-0.129,-0.047,-0.179,-0.275,-0.227,-0.173,0.236,1.0,0.46
18,y3,0.024,0.037,0.101,-0.237,-0.335,-0.284,-0.364,-0.257,0.121,-0.068,-0.314,-0.413,-0.336,0.203,0.46,1.0
19,.,1.0,-0.108,-0.047,0.007,-0.463,-0.593,-0.436,-0.158,-0.102,-0.119,-0.27,-0.393,-0.378,0.015,0.046,0.04
19,A1_1,-0.108,1.0,0.279,0.42,-0.082,-0.089,-0.277,0.219,0.289,0.449,-0.212,-0.133,-0.222,-0.192,-0.148,0.031
19,A1_2,-0.047,0.279,1.0,0.24,-0.265,-0.158,-0.16,0.035,0.278,0.259,-0.227,-0.327,-0.245,-0.123,0.07,0.095
19,A1_3,0.007,0.42,0.24,1.0,-0.115,-0.05,-0.048,0.303,0.317,0.245,-0.084,-0.142,-0.085,-0.197,-0.264,-0.241
19,B1_1,-0.463,-0.082,-0.265,-0.115,1.0,0.695,0.682,0.004,-0.242,-0.04,0.562,0.577,0.606,-0.196,-0.265,-0.357
19,B1_2,-0.593,-0.089,-0.158,-0.05,0.695,1.0,0.513,-0.051,-0.061,0.016,0.49,0.529,0.667,-0.089,-0.302,-0.306
19,B1_3,-0.436,-0.277,-0.16,-0.048,0.682,0.513,1.0,0.063,-0.219,0.029,0.544,0.535,0.51,-0.288,-0.446,-0.387
19,A2_1,-0.158,0.219,0.035,0.303,0.004,-0.051,0.063,1.0,0.088,0.125,-0.024,-0.031,-0.103,-0.126,-0.138,-0.257
19,A2_2,-0.102,0.289,0.278,0.317,-0.242,-0.061,-0.219,0.088,1.0,0.188,-0.148,-0.091,-0.183,-0.088,-0.052,0.111
19,A2_3,-0.119,0.449,0.259,0.245,-0.04,0.016,0.029,0.125,0.188,1.0,-0.068,-0.095,-0.026,-0.016,-0.183,-0.074
19,B2_1,-0.27,-0.212,-0.227,-0.084,0.562,0.49,0.544,-0.024,-0.148,-0.068,1.0,0.442,0.558,-0.042,-0.294,-0.335
19,B2_2,-0.393,-0.133,-0.327,-0.142,0.577,0.529,0.535,-0.031,-0.091,-0.095,0.442,1.0,0.538,-0.121,-0.249,-0.429
19,B2_3,-0.378,-0.222,-0.245,-0.085,0.606,0.667,0.51,-0.103,-0.183,-0.026,0.558,0.538,1.0,-0.037,-0.202,-0.359
19,y1,0.015,-0.192,-0.123,-0.197,-0.196,-0.089,-0.288,-0.126,-0.088,-0.016,-0.042,-0.121,-0.037,1.0,0.28,0.251
19,y2,0.046,-0.148,0.07,-0.264,-0.265,-0.302,-0.446,-0.138,-0.052,-0.183,-0.294,-0.249,-0.202,0.28,1.0,0.494
19,y3,0.04,0.031,0.095,-0.241,-0.357,-0.306,-0.387,-0.257,0.111,-0.074,-0.335,-0.429,-0.359,0.251,0.494,1.0
20,.,1.0,-0.116,-0.052,-0.001,-0.476,-0.604,-0.451,-0.159,-0.108,-0.128,-0.294,-0.412,-0.397,0.029,0.061,0.056
20,A1_1,-0.116,1.0,0.302,0.437,-0.091,-0.095,-0.276,0.242,0.311,0.467,-0.22,-0.14,-0.227,-0.19,-0.149,0.024
20,A1_2,-0.052,0.302,1.0,0.261,-0.27,-0.164,-0.168,0.06,0.299,0.282,-0.238,-0.329,-0.252,-0.121,0.061,0.088
20,A1_3,-0.001,0.437,0.261,1.0,-0.12,-0.054,-0.055,0.32,0.335,0.267,-0.093,-0.145,-0.093,-0.207,-0.269,-0.245
20,B1_1,-0.476,-0.091,-0.27,-0.12,1.0,0.712,0.7,-0.005,-0.244,-0.047,0.587,0.6,0.629,-0.224,-0.288,-0.379
20,B1_2,-0.604,-0.095,-0.164,-0.054,0.712,1.0,0.54,-0.055,-0.068,0.009,0.518,0.553,0.686,-0.12,-0.32,-0.328
20,B1_3,-0.451,-0.276,-0.168,-0.055,0.7,0.54,1.0,0.053,-0.221,0.019,0.571,0.56,0.539,-0.314,-0.461,-0.41
20,A2_1,-0.159,0.242,0.06,0.32,-0.005,-0.055,0.053,1.0,0.11,0.148,-0.035,-0.038,-0.109,-0.133,-0.145,-0.256
20,A2_2,-0.108,0.311,0.299,0.335,-0.244,-0.068,-0.221,0.11,1.0,0.212,-0.158,-0.099,-0.189,-0.091,-0.058,0.102
20,A2_3,-0.128,0.467,0.282,0.267,-0.047,0.009,0.019,0.148,0.212,1.0,-0.078,-0.1,-0.036,-0.027,-0.187,-0.079
20,B2_1,-0.294,-0.22,-0.238,-0.093,0.587,0.518,0.571,-0.035,-0.158,-0.078,1.0,0.472,0.584,-0.074,-0.313,-0.355
20,B2_2,-0.412,-0.14,-0.329,-0.145,0.6,0.553,0.56,-0.038,-0.099,-0.1,0.472,1.0,0.564,-0.15,-0.271,-0.444
20,B2_3,-0.397,-0.227,-0.252,-0.093,0.629,0.686,0.539,-0.109,-0.189,-0.036,0.584,0.564,1.0,-0.075,-0.23,-0.381
20,y1,0.029,-0.19,-0.121,-0.207,-0.224,-0.12,-0.314,-0.133,-0.091,-0.027,-0.074,-0.15,-0.075,1.0,0.324,0.297
20,y2,0.061,-0.149,0.061,-0.269,-0.288,-0.32,-0.461,-0.145,-0.058,-0.187,-0.313,-0.271,-0.23,0.324,1.0,0.526
20,y3,0.056,0.024,0.088,-0.245,-0.379,-0.328,-0.41,-0.256,0.102,-0.079,-0.355,-0.444,-0.381,0.297,0.526,1.0
21,.,1.0,-0.124,-0.057,-0.008,-0.489,-0.614,-0.466,-0.159,-0.114,-0.137,-0.316,-0.429,-0.416,0.042,0.075,0.072
21,A1_1,-0.124,1.0,0.324,0.454,-0.1,-0.1,-0.276,0.265,0.332,0.485,-0.226,-0.146,-0.231,-0.188,-0.149,0.018
21,A1_2,-0.057,0.324,1.0,0.283,-0.275,-0.169,-0.176,0.085,0.319,0.304,-0.248,-0.331,-0.259,-0.119,0.053,0.082
21,A1_3,-0.008,0.454,0.283,1.0,-0.124,-0.058,-0.061,0.337,0.354,0.288,-0.102,-0.148,-0.1,-0.215,-0.274,-0.248
21,B1_1,-0.489,-0.1,-0.275,-0.124,1.0,0.728,0.717,-0.014,-0.247,-0.055,0.611,0.621,0.651,-0.251,-0.311,-0.399
21,B1_2,-0.614,-0.1,-0.169,-0.058,0.728,1.0,0.566,-0.058,-0.074,0.002,0.545,0.577,0.704,-0.15,-0.339,-0.349
21,B1_3,-0.466,-0.276,-0.176,-0.061,0.717,0.566,1.0,0.043,-0.223,0.01,0.596,0.584,0.567,-0.338,-0.475,-0.431
21,A2_1,-0.159,0.265,0.085,0.337,-0.014,-0.058,0.043,1.0,0.133,0.171,-0.046,-0.044,-0.116,-0.141,-0.152,-0.255
21,A2_2,-0.114,0.332,0.319,0.354,-0.247,-0.074,-0.223,0.133,1.0,0.235,-0.167,-0.106,-0.195,-0.093,-0.062,0.092
21,A2_3,-0.137,0.485,0.304,0.288,-0.055,0.002,0.01,0.171,0.235,1.0,-0.088,-0.105,-0.046,-0.037,-0.19,-0.084
21,B2_1,-0.316,-0.226,-0.248,-0.102,0.611,0.545,0.596,-0.046,-0.167,-0.088,1.0,0.5,0.609,-0.106,-0.332,-0.374
21,B2_2,-0.429,-0.146,-0.331,-0.148,0.621,0.577,0.584,-0.044,-0.106,-0.105,0.5,1.0,0.588,-0.179,-0.293,-0.459
21,B2_3,-0.416,-0.231,-0.259,-0.1,0.651,0.704,0.567,-0.116,-0.195,-0.046,0.609,0.588,1.0,-0.112,-0.256,-0.402
21,y1,0.042,-0.188,-0.119,-0.215,-0.251,-0.15,-0.338,-0.141,-0.093,-0.037,-0.106,-0.179,-0.112,1.0,0.365,0.342
21,y2,0.075,-0.149,0.053,-0.274,-0.311,-0.339,-0.475,-0.152,-0.062,-0.19,-0.332,-0.293,-0.256,0.365,1.0,0.557
21,y3,0.072,0.018,0.082,-0.248,-0.399,-0.349,-0.431,-0.255,0.092,-0.084,-0.374,-0.459,-0.402,0.342,0.557,1.0
22,.,1.0,-0.131,-0.061,-0.015,-0.501,-0.623,-0.48,-0.16,-0.12,-0.145,-0.338,-0.446,-0.433,0.056,0.089,0.087
22,A1_1,-0.131,1.0,0.345,0.471,-0.108,-0.105,-0.275,0.287,0.353,0.502,-0.232,-0.152,-0.234,-0.186,-0.15,0.012
22,A1_2,-0.061,0.345,1.0,0.304,-0.279,-0.175,-0.183,0.11,0.339,0.326,-0.257,-0.333,-0.265,-0.117,0.046,0.076
22,A1_3,-0.015,0.471,0.304,1.0,-0.129,-0.063,-0.067,0.355,0.372,0.309,-0.11,-0.151,-0.107,-0.222,-0.278,-0.251
22,B1_1,-0.501,-0.108,-0.279,-0.129,1.0,0.742,0.734,-0.023,-0.249,-0.063,0.633,0.642,0.672,-0.277,-0.332,-0.419
22,B1_2,-0.623,-0.105,-0.175,-0.063,0.742,1.0,0.59,-0.062,-0.08,-0.004,0.57,0.599,0.721,-0.18,-0.356,-0.369
22,B1_3,-0.48,-0.275,-0.183,-0.067,0.734,0.59,1.0,0.033,-0.224,0.001,0.62,0.607,0.593,-0.362,-0.489,-0.451
22,A2_1,-0.16,0.287,0.11,0.355,-0.023,-0.062,0.033,1.0,0.156,0.194,-0.056,-0.051,-0.122,-0.147,-0.159,-0.254
22,A2_2,-0.12,0.353,0.339,0.372,-0.249,-0.08,-0.224,0.156,1.0,0.258,-0.176,-0.114,-0.201,-0.095,-0.067,0.084
22,A2_3,-0.145,0.502,0.326,0.309,-0.063,-0.004,0.001,0.194,0.258,1.0,-0.097,-0.109,-0.056,-0.046,-0.193,-0.089
22,B2_1,-0.338,-0.232,-0.257,-0.11,0.633,0.57,0.62,-0.056,-0.176,-0.097,1.0,0.528,0.633,-0.137,-0.35,-0.393
22,B2_2,-0.446,-0.152,-0.333,-0.151,0.642,0.599,0.607,-0.051,-0.114,-0.109,0.528,1.0,0.611,-0.206,-0.314,-0.473
22,B2_3,-0.433,-0.234,-0.265,-0.107,0.672,0.721,0.593,-0.122,-0.201,-0.056,0.633,0.611,1.0,-0.147,-0.282,-0.422
22,y1,0.056,-0.186,-0.117,-0.222,-0.277,-0.18,-0.362,-0.147,-0.095,-0.046,-0.137,-0.206,-0.147,1.0,0.405,0.385
22,y2,0.089,-0.15,0.046,-0.278,-0.332,-0.356,-0.489,-0.159,-0.067,-0.193,-0.35,-0.314,-0.282,0.405,1.0,0.586
22,y3,0.087,0.012,0.076,-0.251,-0.419,-0.369,-0.451,-0.254,0.084,-0.089,-0.393,-0.473,-0.422,0.385,0.586,1.0
23,.,1.0,-0.137,-0.066,-0.022,-0.513,-0.632,-0.494,-0.161,-0.125,-0.152,-0.358,-0.462,-0.449,0.07,0.103,0.102
23,A1_1,-0.137,1.0,0.366,0.487,-0.116,-0.11,-0.274,0.309,0.374,0.519,-0.238,-0.157,-0.238,-0.184,-0.15,0.006
23,A1_2,-0.066,0.366,1.0,0.324,-0.283,-0.18,-0.19,0.135,0.359,0.347,-0.265,-0.334,-0.271,-0.115,0.039,0.07
23,A1_3,-0.022,0.487,0.324,1.0,-0.133,-0.067,-0.073,0.372,0.39,0.33,-0.118,-0.154,-0.113,-0.229,-0.281,-0.253
23,B1_1,-0.513,-0.116,-0.283,-0.133,1.0,0.756,0.749,-0.031,-0.251,-0.07,0.655,0.661,0.691,-0.302,-0.353,-0.437
23,B1_2,-0.632,-0.11,-0.18,-0.067,0.756,1.0,0.612,-0.065,-0.086,-0.011,0.595,0.62,0.736,-0.208,-0.373,-0.388
23,B1_3,-0.494,-0.274,-0.19,-0.073,0.749,0.612,1.0,0.024,-0.226,-0.008,0.642,0.628,0.618,-0.384,-0.503,-0.469
23,A2_1,-0.161,0.309,0.135,0.372,-0.031,-0.065,0.024,1.0,0.179,0.217,-0.067,-0.058,-0.128,-0.154,-0.165,-0.252
23,A2_2,-0.125,0.374,0.359,0.39,-0.251,-0.086,-0.226,0.179,1.0,0.281,-0.185,-0.121,-0.207,-0.096,-0.071,0.075
23,A2_3,-0.152,0.519,0.347,0.33,-0.07,-0.011,-0.008,0.217,0.281,1.0,-0.106,-0.114,-0.065,-0.055,-0.195,-0.094
23,B2_1,-0.358,-0.238,-0.265,-0.118,0.655,0.595,0.642,-0.067,-0.185,-0.106,1.0,0.554,0.655,-0.167,-0.367,-0.411
23,B2_2,-0.462,-0.157,-0.334,-0.154,0.661,0.62,0.628,-0.058,-0.121,-0.114,0.554,1.0,0.633,-0.233,-0.334,-0.486
23,B2_3,-0.449,-0.238,-0.271,-0.113,0.691,0.736,0.618,-0.128,-0.207,-0.065,0.655,0.633,1.0,-0.18,-0.306,-0.44
23,y1,0.07,-0.184,-0.115,-0.229,-0.302,-0.208,-0.384,-0.154,-0.096,-0.055,-0.167,-0.233,-0.18,1.0,0.442,0.425
23,y2,0.103,-0.15,0.039,-0.281,-0.353,-0.373,-0.503,-0.165,-0.071,-0.195,-0.367,-0.334,-0.306,0.442,1.0,0.612
23,y3,0.102,0.006,0.07,-0.253,-0.437,-0.388,-0.469,-0.252,0.075,-0.094,-0.411,-0.486,-0.44,0.425,0.612,1.0
24,.,1.0,-0.143,-0.07,-0.028,-0.524,-0.64,-0.506,-0.163,-0.13,-0.159,-0.377,-0.477,-0.464,0.085,0.117,0.117
