,,.,A1_1,A1_2,A1_3,B1_1,B1_2,B1_3,A2_1,A2_2,A2_3,B2_1,B2_2,B2_3,y1,y2,y3
0,.,1.0,0.172,-0.324,-0.257,-0.466,0.09,-0.384,-0.147,-0.251,-0.167,0.297,-0.105,0.092,0.752,0.777,0.733
0,A1_1,0.172,1.0,0.367,0.561,0.321,0.275,0.298,0.629,0.45,0.404,0.278,0.208,0.325,0.381,0.282,0.509
0,A1_2,-0.324,0.367,1.0,0.871,0.548,0.505,0.711,0.692,0.25,0.453,0.628,0.712,0.793,-0.114,-0.369,-0.164
0,A1_3,-0.257,0.561,0.871,1.0,0.385,0.255,0.448,0.867,0.179,0.317,0.456,0.425,0.667,-0.105,-0.3,-0.14
0,B1_1,-0.466,0.321,0.548,0.385,1.0,0.674,0.892,0.412,0.676,0.702,0.296,0.554,0.362,0.116,-0.063,0.046
0,B1_2,0.09,0.275,0.505,0.255,0.674,1.0,0.711,0.158,0.442,0.659,0.583,0.643,0.472,0.452,0.264,0.487
0,B1_3,-0.384,0.298,0.711,0.448,0.892,0.711,1.0,0.417,0.692,0.757,0.523,0.854,0.579,0.162,-0.089,0.094
0,A2_1,-0.147,0.629,0.692,0.867,0.412,0.158,0.417,1.0,0.295,0.276,0.465,0.342,0.716,0.033,-0.188,-0.033
0,A2_2,-0.251,0.45,0.25,0.179,0.676,0.442,0.692,0.295,1.0,0.882,0.086,0.597,0.21,0.245,0.187,0.304
0,A2_3,-0.167,0.404,0.453,0.317,0.702,0.659,0.757,0.276,0.882,1.0,0.18,0.732,0.286,0.253,0.225,0.281
0,B2_1,0.297,0.278,0.628,0.456,0.296,0.583,0.523,0.465,0.086,0.18,1.0,0.643,0.894,0.516,0.177,0.396
0,B2_2,-0.105,0.208,0.712,0.425,0.554,0.643,0.854,0.342,0.597,0.732,0.643,1.0,0.7,0.249,0.012,0.192
0,B2_3,0.092,0.325,0.793,0.667,0.362,0.472,0.579,0.716,0.21,0.286,0.894,0.7,1.0,0.253,-0.087,0.147
0,y1,0.752,0.381,-0.114,-0.105,0.116,0.452,0.162,0.033,0.245,0.253,0.516,0.249,0.253,1.0,0.906,0.91
0,y2,0.777,0.282,-0.369,-0.3,-0.063,0.264,-0.089,-0.188,0.187,0.225,0.177,0.012,-0.087,0.906,1.0,0.832
0,y3,0.733,0.509,-0.164,-0.14,0.046,0.487,0.094,-0.033,0.304,0.281,0.396,0.192,0.147,0.91,0.832,1.0
1,.,1.0,0.183,-0.326,-0.273,-0.476,0.076,-0.383,-0.168,-0.261,-0.179,0.278,-0.151,0.062,0.754,0.779,0.73
1,A1_1,0.183,1.0,0.339,0.543,0.308,0.266,0.283,0.595,0.448,0.378,0.285,0.184,0.311,0.377,0.296,0.524
1,A1_2,-0.326,0.339,1.0,0.866,0.532,0.518,0.711,0.676,0.267,0.444,0.654,0.741,0.811,-0.129,-0.373,-0.166
1,A1_3,-0.273,0.543,0.866,1.0,0.39,0.264,0.452,0.873,0.197,0.309,0.473,0.451,0.681,-0.135,-0.314,-0.15
1,B1_1,-0.476,0.308,0.532,0.39,1.0,0.665,0.881,0.392,0.685,0.696,0.287,0.55,0.371,0.096,-0.07,0.031
1,B1_2,0.076,0.266,0.518,0.264,0.665,1.0,0.716,0.131,0.442,0.659,0.583,0.626,0.485,0.429,0.244,0.464
1,B1_3,-0.383,0.283,0.711,0.452,0.881,0.716,1.0,0.386,0.708,0.756,0.534,0.867,0.596,0.149,-0.091,0.09
1,A2_1,-0.168,0.595,0.676,0.873,0.392,0.131,0.386,1.0,0.277,0.219,0.467,0.332,0.712,-0.02,-0.221,-0.067
1,A2_2,-0.261,0.448,0.267,0.197,0.685,0.442,0.708,0.277,1.0,0.879,0.114,0.603,0.24,0.217,0.162,0.285
1,A2_3,-0.179,0.378,0.444,0.309,0.696,0.659,0.756,0.219,0.879,1.0,0.18,0.715,0.287,0.221,0.207,0.253
1,B2_1,0.278,0.285,0.654,0.473,0.287,0.583,0.534,0.467,0.114,0.18,1.0,0.649,0.895,0.498,0.162,0.391
1,B2_2,-0.151,0.184,0.741,0.451,0.55,0.626,0.867,0.332,0.603,0.715,0.649,1.0,0.717,0.189,-0.042,0.136
1,B2_3,0.062,0.311,0.811,0.681,0.371,0.485,0.596,0.712,0.24,0.287,0.895,0.717,1.0,0.222,-0.109,0.134
1,y1,0.754,0.377,-0.129,-0.135,0.096,0.429,0.149,-0.02,0.217,0.221,0.498,0.189,0.222,1.0,0.911,0.905
1,y2,0.779,0.296,-0.373,-0.314,-0.07,0.244,-0.091,-0.221,0.162,0.207,0.162,-0.042,-0.109,0.911,1.0,0.825
1,y3,0.73,0.524,-0.166,-0.15,0.031,0.464,0.09,-0.067,0.285,0.253,0.391,0.136,0.134,0.905,0.825,1.0
2,.,1.0,0.208,-0.349,-0.304,-0.489,0.057,-0.374,-0.245,-0.286,-0.198,0.245,-0.233,0.014,0.774,0.801,0.735
2,A1_1,0.208,1.0,0.3,0.511,0.289,0.253,0.268,0.539,0.4,0.345,0.309,0.159,0.315,0.371,0.313,0.541
2,A1_2,-0.349,0.3,1.0,0.868,0.532,0.535,0.715,0.685,0.302,0.468,0.677,0.793,0.822,-0.158,-0.384,-0.173
2,A1_3,-0.304,0.511,0.868,1.0,0.417,0.287,0.471,0.884,0.218,0.334,0.51,0.521,0.726,-0.176,-0.335,-0.166
2,B1_1,-0.489,0.289,0.532,0.417,1.0,0.648,0.871,0.438,0.707,0.687,0.28,0.564,0.376,0.049,-0.1,0.003
2,B1_2,0.057,0.253,0.535,0.287,0.648,1.0,0.731,0.139,0.47,0.658,0.578,0.604,0.461,0.398,0.218,0.442
2,B1_3,-0.374,0.268,0.715,0.471,0.871,0.731,1.0,0.4,0.74,0.77,0.544,0.883,0.585,0.127,-0.091,0.094
2,A2_1,-0.245,0.539,0.685,0.884,0.438,0.139,0.4,1.0,0.263,0.218,0.479,0.385,0.748,-0.105,-0.284,-0.128
2,A2_2,-0.286,0.4,0.302,0.218,0.707,0.47,0.74,0.263,1.0,0.887,0.128,0.611,0.239,0.142,0.099,0.238
2,A2_3,-0.198,0.345,0.468,0.334,0.687,0.658,0.77,0.218,0.887,1.0,0.186,0.701,0.272,0.146,0.153,0.199
2,B2_1,0.245,0.309,0.677,0.51,0.28,0.578,0.544,0.479,0.128,0.186,1.0,0.652,0.884,0.477,0.147,0.39
2,B2_2,-0.233,0.159,0.793,0.521,0.564,0.604,0.883,0.385,0.611,0.701,0.652,1.0,0.715,0.085,-0.135,0.047
2,B2_3,0.014,0.315,0.822,0.726,0.376,0.461,0.585,0.748,0.239,0.272,0.884,0.715,1.0,0.167,-0.149,0.104
2,y1,0.774,0.371,-0.158,-0.176,0.049,0.398,0.127,-0.105,0.142,0.146,0.477,0.085,0.167,1.0,0.916,0.899
2,y2,0.801,0.313,-0.384,-0.335,-0.1,0.218,-0.091,-0.284,0.099,0.153,0.147,-0.135,-0.149,0.916,1.0,0.814
2,y3,0.735,0.541,-0.173,-0.166,0.003,0.442,0.094,-0.128,0.238,0.199,0.39,0.047,0.104,0.899,0.814,1.0
3,.,1.0,0.248,-0.353,-0.315,-0.497,0.045,-0.348,-0.267,-0.294,-0.202,0.221,-0.249,-0.009,0.779,0.804,0.732
3,A1_1,0.248,1.0,0.255,0.469,0.267,0.234,0.258,0.486,0.377,0.303,0.298,0.127,0.29,0.385,0.341,0.565
3,A1_2,-0.353,0.255,1.0,0.866,0.527,0.551,0.718,0.676,0.312,0.461,0.695,0.819,0.828,-0.161,-0.382,-0.164
3,A1_3,-0.315,0.469,0.866,1.0,0.431,0.299,0.478,0.886,0.227,0.322,0.531,0.557,0.746,-0.194,-0.346,-0.174
3,B1_1,-0.497,0.267,0.527,0.431,1.0,0.626,0.852,0.454,0.711,0.677,0.274,0.547,0.382,0.028,-0.107,-0.008
3,B1_2,0.045,0.234,0.551,0.299,0.626,1.0,0.739,0.131,0.46,0.655,0.571,0.578,0.457,0.385,0.21,0.435
3,B1_3,-0.348,0.258,0.718,0.478,0.852,0.739,1.0,0.39,0.75,0.772,0.558,0.879,0.59,0.139,-0.063,0.124
3,A2_1,-0.267,0.486,0.676,0.886,0.454,0.131,0.39,1.0,0.253,0.181,0.486,0.408,0.759,-0.141,-0.315,-0.156
3,A2_2,-0.294,0.377,0.312,0.227,0.711,0.46,0.75,0.253,1.0,0.883,0.128,0.587,0.24,0.105,0.084,0.219
3,A2_3,-0.202,0.303,0.461,0.322,0.677,0.655,0.772,0.181,0.883,1.0,0.169,0.661,0.254,0.117,0.153,0.182
3,B2_1,0.221,0.298,0.695,0.531,0.274,0.571,0.558,0.486,0.128,0.169,1.0,0.668,0.881,0.462,0.127,0.383
3,B2_2,-0.249,0.127,0.819,0.557,0.547,0.578,0.879,0.408,0.587,0.661,0.668,1.0,0.736,0.048,-0.164,0.016
3,B2_3,-0.009,0.29,0.828,0.746,0.382,0.457,0.59,0.759,0.24,0.254,0.881,0.736,1.0,0.142,-0.17,0.093
3,y1,0.779,0.385,-0.161,-0.194,0.028,0.385,0.139,-0.141,0.105,0.117,0.462,0.048,0.142,1.0,0.912,0.894
3,y2,0.804,0.341,-0.382,-0.346,-0.107,0.21,-0.063,-0.315,0.084,0.153,0.127,-0.164,-0.17,0.912,1.0,0.803
3,y3,0.732,0.565,-0.164,-0.174,-0.008,0.435,0.124,-0.156,0.219,0.182,0.383,0.016,0.093,0.894,0.803,1.0
4,.,1.0,0.31,-0.379,-0.338,-0.497,0.034,-0.295,-0.326,-0.313,-0.209,0.19,-0.311,-0.044,0.801,0.83,0.737
4,A1_1,0.31,1.0,0.19,0.403,0.224,0.209,0.259,0.403,0.276,0.239,0.332,0.09,0.285,0.41,0.381,0.601
4,A1_2,-0.379,0.19,1.0,0.866,0.53,0.564,0.708,0.68,0.352,0.484,0.707,0.865,0.824,-0.183,-0.392,-0.164
4,A1_3,-0.338,0.403,0.866,1.0,0.452,0.311,0.479,0.887,0.227,0.33,0.581,0.637,0.785,-0.221,-0.362,-0.184
4,B1_1,-0.497,0.224,0.53,0.452,1.0,0.602,0.829,0.508,0.72,0.661,0.267,0.552,0.384,-0.019,-0.137,-0.031
4,B1_2,0.034,0.209,0.564,0.311,0.602,1.0,0.757,0.142,0.505,0.661,0.547,0.537,0.421,0.362,0.195,0.425
4,B1_3,-0.295,0.259,0.708,0.479,0.829,0.757,1.0,0.394,0.783,0.782,0.569,0.857,0.562,0.159,-0.022,0.181
4,A2_1,-0.326,0.403,0.68,0.887,0.508,0.142,0.394,1.0,0.227,0.183,0.512,0.49,0.791,-0.201,-0.363,-0.195
4,A2_2,-0.313,0.276,0.352,0.227,0.72,0.505,0.783,0.227,1.0,0.9,0.12,0.575,0.214,0.02,0.02,0.171
4,A2_3,-0.209,0.239,0.484,0.33,0.661,0.661,0.782,0.183,0.9,1.0,0.162,0.624,0.226,0.048,0.108,0.141
4,B2_1,0.19,0.332,0.707,0.581,0.267,0.547,0.569,0.512,0.12,0.162,1.0,0.672,0.875,0.443,0.113,0.388
4,B2_2,-0.311,0.09,0.865,0.637,0.552,0.537,0.857,0.49,0.575,0.624,0.672,1.0,0.749,-0.044,-0.244,-0.058
4,B2_3,-0.044,0.285,0.824,0.785,0.384,0.421,0.562,0.791,0.214,0.226,0.875,0.749,1.0,0.102,-0.196,0.08
4,y1,0.801,0.41,-0.183,-0.221,-0.019,0.362,0.159,-0.201,0.02,0.048,0.443,-0.044,0.102,1.0,0.91,0.887
4,y2,0.83,0.381,-0.392,-0.362,-0.137,0.195,-0.022,-0.363,0.02,0.108,0.113,-0.244,-0.196,0.91,1.0,0.788
4,y3,0.737,0.601,-0.164,-0.184,-0.031,0.425,0.181,-0.195,0.171,0.141,0.388,-0.058,0.08,0.887,0.788,1.0
5,.,1.0,0.375,-0.39,-0.348,-0.495,0.032,-0.202,-0.341,-0.333,-0.214,0.164,-0.342,-0.069,0.808,0.841,0.728
5,A1_1,0.375,1.0,0.126,0.328,0.167,0.184,0.272,0.321,0.193,0.163,0.337,0.038,0.249,0.448,0.43,0.64
5,A1_2,-0.39,0.126,1.0,0.869,0.528,0.572,0.668,0.671,0.376,0.492,0.717,0.881,0.825,-0.194,-0.396,-0.155
5,A1_3,-0.348,0.328,0.869,1.0,0.455,0.316,0.441,0.883,0.224,0.318,0.618,0.683,0.808,-0.238,-0.374,-0.188
5,B1_1,-0.495,0.167,0.528,0.455,1.0,0.582,0.79,0.512,0.725,0.656,0.27,0.552,0.396,-0.04,-0.15,-0.036
5,B1_2,0.032,0.184,0.572,0.316,0.582,1.0,0.772,0.126,0.511,0.668,0.53,0.496,0.41,0.349,0.187,0.426
5,B1_3,-0.202,0.272,0.668,0.441,0.79,0.772,1.0,0.335,0.792,0.782,0.579,0.803,0.539,0.231,0.063,0.285
5,A2_1,-0.341,0.321,0.671,0.883,0.512,0.126,0.335,1.0,0.194,0.145,0.536,0.526,0.805,-0.228,-0.387,-0.209
5,A2_2,-0.333,0.193,0.376,0.224,0.725,0.511,0.792,0.194,1.0,0.903,0.111,0.561,0.208,-0.034,-0.019,0.142
5,A2_3,-0.214,0.163,0.492,0.318,0.656,0.668,0.782,0.145,0.903,1.0,0.15,0.588,0.214,0.012,0.091,0.122
5,B2_1,0.164,0.337,0.717,0.618,0.27,0.53,0.579,0.536,0.111,0.15,1.0,0.672,0.875,0.422,0.09,0.385
5,B2_2,-0.342,0.038,0.881,0.683,0.552,0.496,0.803,0.526,0.561,0.588,0.672,1.0,0.769,-0.097,-0.29,-0.099
5,B2_3,-0.069,0.249,0.825,0.808,0.396,0.41,0.539,0.805,0.208,0.214,0.875,0.769,1.0,0.074,-0.219,0.073
5,y1,0.808,0.448,-0.194,-0.238,-0.04,0.349,0.231,-0.228,-0.034,0.012,0.422,-0.097,0.074,1.0,0.903,0.878
5,y2,0.841,0.43,-0.396,-0.374,-0.15,0.187,0.063,-0.387,-0.019,0.091,0.09,-0.29,-0.219,0.903,1.0,0.771
5,y3,0.728,0.64,-0.155,-0.188,-0.036,0.426,0.285,-0.209,0.142,0.122,0.385,-0.099,0.073,0.878,0.771,1.0
6,.,1.0,0.395,-0.412,-0.366,-0.493,0.021,-0.172,-0.388,-0.348,-0.216,0.127,-0.377,-0.107,0.816,0.863,0.729
6,A1_1,0.395,1.0,0.1,0.293,0.16,0.183,0.298,0.277,0.152,0.137,0.349,0.03,0.241,0.451,0.441,0.651
6,A1_2,-0.412,0.1,1.0,0.879,0.53,0.576,0.646,0.684,0.402,0.499,0.723,0.898,0.827,-0.21,-0.411,-0.164
6,A1_3,-0.366,0.293,0.879,1.0,0.47,0.339,0.445,0.882,0.242,0.33,0.655,0.735,0.83,-0.252,-0.387,-0.193
6,B1_1,-0.493,0.16,0.53,0.47,1.0,0.569,0.779,0.554,0.725,0.648,0.278,0.56,0.409,-0.067,-0.18,-0.051
6,B1_2,0.021,0.183,0.576,0.339,0.569,1.0,0.774,0.15,0.528,0.674,0.518,0.471,0.4,0.336,0.17,0.419
6,B1_3,-0.172,0.298,0.646,0.445,0.779,0.774,1.0,0.342,0.794,0.773,0.576,0.76,0.521,0.241,0.074,0.313
6,A2_1,-0.388,0.277,0.684,0.882,0.554,0.15,0.342,1.0,0.205,0.161,0.552,0.585,0.817,-0.268,-0.423,-0.234
6,A2_2,-0.348,0.152,0.402,0.242,0.725,0.528,0.794,0.205,1.0,0.912,0.104,0.546,0.198,-0.091,-0.068,0.1
6,A2_3,-0.216,0.137,0.499,0.33,0.648,0.674,0.773,0.161,0.912,1.0,0.142,0.558,0.203,-0.025,0.062,0.095
6,B2_1,0.127,0.349,0.723,0.655,0.278,0.518,0.576,0.552,0.104,0.142,1.0,0.678,0.875,0.399,0.068,0.375
6,B2_2,-0.377,0.03,0.898,0.735,0.56,0.471,0.76,0.585,0.546,0.558,0.678,1.0,0.789,-0.146,-0.341,-0.144
6,B2_3,-0.107,0.241,0.827,0.83,0.409,0.4,0.521,0.817,0.198,0.203,0.875,0.789,1.0,0.045,-0.245,0.055
6,y1,0.816,0.451,-0.21,-0.252,-0.067,0.336,0.241,-0.268,-0.091,-0.025,0.399,-0.146,0.045,1.0,0.897,0.872
6,y2,0.863,0.441,-0.411,-0.387,-0.18,0.17,0.074,-0.423,-0.068,0.062,0.068,-0.341,-0.245,0.897,1.0,0.76
6,y3,0.729,0.651,-0.164,-0.193,-0.051,0.419,0.313,-0.234,0.1,0.095,0.375,-0.144,0.055,0.872,0.76,1.0
7,.,1.0,0.422,-0.43,-0.381,-0.488,0.02,-0.133,-0.413,-0.362,-0.22,0.097,-0.416,-0.137,0.82,0.878,0.73
7,A1_1,0.422,1.0,0.068,0.255,0.126,0.179,0.318,0.229,0.106,0.104,0.362,0.005,0.226,0.47,0.46,0.67
7,A1_2,-0.43,0.068,1.0,0.885,0.533,0.571,0.606,0.692,0.415,0.504,0.728,0.904,0.829,-0.225,-0.427,-0.178
7,A1_3,-0.381,0.255,0.885,1.0,0.47,0.343,0.419,0.88,0.245,0.333,0.687,0.766,0.844,-0.263,-0.4,-0.203
7,B1_1,-0.488,0.126,0.533,0.47,1.0,0.563,0.77,0.564,0.721,0.644,0.293,0.577,0.424,-0.076,-0.202,-0.063
7,B1_2,0.02,0.179,0.571,0.343,0.563,1.0,0.767,0.152,0.534,0.682,0.501,0.439,0.387,0.329,0.157,0.413
7,B1_3,-0.133,0.318,0.606,0.419,0.77,0.767,1.0,0.316,0.79,0.762,0.56,0.707,0.493,0.266,0.095,0.347
7,A2_1,-0.413,0.229,0.692,0.88,0.564,0.152,0.316,1.0,0.198,0.16,0.576,0.624,0.83,-0.288,-0.447,-0.253
7,A2_2,-0.362,0.106,0.415,0.245,0.721,0.534,0.79,0.198,1.0,0.914,0.096,0.539,0.193,-0.131,-0.112,0.063
7,A2_3,-0.22,0.104,0.504,0.333,0.644,0.682,0.762,0.16,0.914,1.0,0.139,0.538,0.2,-0.054,0.03,0.069
7,B2_1,0.097,0.362,0.728,0.687,0.293,0.501,0.56,0.576,0.096,0.139,1.0,0.669,0.876,0.377,0.047,0.36
7,B2_2,-0.416,0.005,0.904,0.766,0.577,0.439,0.707,0.624,0.539,0.538,0.669,1.0,0.798,-0.196,-0.39,-0.195
7,B2_3,-0.137,0.226,0.829,0.844,0.424,0.387,0.493,0.83,0.193,0.2,0.876,0.798,1.0,0.021,-0.267,0.035
7,y1,0.82,0.47,-0.225,-0.263,-0.076,0.329,0.266,-0.288,-0.131,-0.054,0.377,-0.196,0.021,1.0,0.891,0.87
7,y2,0.878,0.46,-0.427,-0.4,-0.202,0.157,0.095,-0.447,-0.112,0.03,0.047,-0.39,-0.267,0.891,1.0,0.751
7,y3,0.73,0.67,-0.178,-0.203,-0.063,0.413,0.347,-0.253,0.063,0.069,0.36,-0.195,0.035,0.87,0.751,1.0
8,.,1.0,0.453,-0.441,-0.391,-0.478,0.024,-0.091,-0.439,-0.374,-0.215,0.065,-0.452,-0.171,0.82,0.893,0.73
8,A1_1,0.453,1.0,0.046,0.225,0.091,0.18,0.346,0.183,0.066,0.081,0.381,-0.015,0.212,0.495,0.481,0.695
8,A1_2,-0.441,0.046,1.0,0.891,0.532,0.562,0.548,0.696,0.425,0.506,0.736,0.907,0.833,-0.233,-0.441,-0.185
8,A1_3,-0.391,0.225,0.891,1.0,0.47,0.348,0.389,0.876,0.255,0.339,0.723,0.795,0.86,-0.264,-0.408,-0.205
8,B1_1,-0.478,0.091,0.532,0.47,1.0,0.561,0.768,0.575,0.722,0.64,0.309,0.592,0.438,-0.076,-0.221,-0.069
8,B1_2,0.024,0.18,0.562,0.348,0.561,1.0,0.746,0.149,0.539,0.692,0.48,0.405,0.371,0.322,0.142,0.406
8,B1_3,-0.091,0.346,0.548,0.389,0.768,0.746,1.0,0.285,0.788,0.756,0.523,0.645,0.447,0.29,0.12,0.372
8,A2_1,-0.439,0.183,0.696,0.876,0.575,0.149,0.285,1.0,0.202,0.163,0.597,0.661,0.839,-0.301,-0.468,-0.266
8,A2_2,-0.374,0.066,0.425,0.255,0.722,0.539,0.788,0.202,1.0,0.913,0.091,0.533,0.192,-0.169,-0.157,0.025
8,A2_3,-0.215,0.081,0.506,0.339,0.64,0.692,0.756,0.163,0.913,1.0,0.139,0.518,0.198,-0.077,0.006,0.045
8,B2_1,0.065,0.381,0.736,0.723,0.309,0.48,0.523,0.597,0.091,0.139,1.0,0.662,0.877,0.354,0.021,0.347
8,B2_2,-0.452,-0.015,0.907,0.795,0.592,0.405,0.645,0.661,0.533,0.518,0.662,1.0,0.807,-0.239,-0.434,-0.24
8,B2_3,-0.171,0.212,0.833,0.86,0.438,0.371,0.447,0.839,0.192,0.198,0.877,0.807,1.0,-0.001,-0.293,0.018
8,y1,0.82,0.495,-0.233,-0.264,-0.076,0.322,0.29,-0.301,-0.169,-0.077,0.354,-0.239,-0.001,1.0,0.881,0.868
8,y2,0.893,0.481,-0.441,-0.408,-0.221,0.142,0.12,-0.468,-0.157,0.006,0.021,-0.434,-0.293,0.881,1.0,0.736
8,y3,0.73,0.695,-0.185,-0.205,-0.069,0.406,0.372,-0.266,0.025,0.045,0.347,-0.24,0.018,0.868,0.736,1.0
9,.,1.0,0.464,-0.46,-0.413,-0.472,0.016,-0.074,-0.479,-0.384,-0.217,0.032,-0.495,-0.207,0.821,0.909,0.734
9,A1_1,0.464,1.0,0.038,0.199,0.096,0.19,0.385,0.157,0.042,0.077,0.409,-0.024,0.208,0.499,0.484,0.705
9,A1_2,-0.46,0.038,1.0,0.9,0.528,0.565,0.527,0.697,0.445,0.527,0.733,0.912,0.831,-0.239,-0.452,-0.192
9,A1_3,-0.413,0.199,0.9,1.0,0.482,0.367,0.397,0.869,0.277,0.368,0.753,0.826,0.874,-0.268,-0.423,-0.212
9,B1_1,-0.472,0.096,0.528,0.482,1.0,0.542,0.764,0.618,0.71,0.624,0.322,0.607,0.452,-0.093,-0.249,-0.084
9,B1_2,0.016,0.19,0.565,0.367,0.542,1.0,0.72,0.165,0.55,0.703,0.463,0.39,0.359,0.313,0.125,0.398
9,B1_3,-0.074,0.385,0.527,0.397,0.764,0.72,1.0,0.304,0.771,0.736,0.512,0.612,0.43,0.283,0.113,0.369
9,A2_1,-0.479,0.157,0.697,0.869,0.618,0.165,0.304,1.0,0.227,0.195,0.607,0.699,0.842,-0.324,-0.494,-0.285
9,A2_2,-0.384,0.042,0.445,0.277,0.71,0.55,0.771,0.227,1.0,0.913,0.082,0.528,0.185,-0.213,-0.206,-0.017
9,A2_3,-0.217,0.077,0.527,0.368,0.624,0.703,0.736,0.195,0.913,1.0,0.145,0.512,0.202,-0.108,-0.031,0.018
9,B2_1,0.032,0.409,0.733,0.753,0.322,0.463,0.512,0.607,0.082,0.145,1.0,0.652,0.876,0.336,0.007,0.335
9,B2_2,-0.495,-0.024,0.912,0.826,0.607,0.39,0.612,0.699,0.528,0.512,0.652,1.0,0.813,-0.282,-0.479,-0.284
9,B2_3,-0.207,0.208,0.831,0.874,0.452,0.359,0.43,0.842,0.185,0.202,0.876,0.813,1.0,-0.018,-0.313,-0.001
9,y1,0.821,0.499,-0.239,-0.268,-0.093,0.313,0.283,-0.324,-0.213,-0.108,0.336,-0.282,-0.018,1.0,0.875,0.868
9,y2,0.909,0.484,-0.452,-0.423,-0.249,0.125,0.113,-0.494,-0.206,-0.031,0.007,-0.479,-0.313,0.875,1.0,0.731
9,y3,0.734,0.705,-0.192,-0.212,-0.084,0.398,0.369,-0.285,-0.017,0.018,0.335,-0.284,-0.001,0.868,0.731,1.0
10,.,1.0,0.481,-0.472,-0.431,-0.46,0.017,-0.055,-0.515,-0.386,-0.216,-0.008,-0.522,-0.244,0.821,0.923,0.742
10,A1_1,0.481,1.0,0.029,0.16,0.115,0.21,0.425,0.129,0.036,0.084,0.414,-0.036,0.201,0.512,0.491,0.719
10,A1_2,-0.472,0.029,1.0,0.916,0.498,0.567,0.509,0.697,0.46,0.542,0.737,0.915,0.828,-0.231,-0.456,-0.193
10,A1_3,-0.431,0.16,0.916,1.0,0.474,0.394,0.407,0.853,0.297,0.393,0.784,0.848,0.89,-0.252,-0.434,-0.213
10,B1_1,-0.46,0.115,0.498,0.474,1.0,0.503,0.757,0.661,0.694,0.594,0.334,0.599,0.462,-0.103,-0.271,-0.092
10,B1_2,0.017,0.21,0.567,0.394,0.503,1.0,0.684,0.184,0.554,0.707,0.453,0.383,0.348,0.314,0.112,0.399
10,B1_3,-0.055,0.425,0.509,0.407,0.757,0.684,1.0,0.336,0.752,0.712,0.511,0.598,0.425,0.274,0.103,0.357
10,A2_1,-0.515,0.129,0.697,0.853,0.661,0.184,0.336,1.0,0.262,0.229,0.617,0.72,0.847,-0.331,-0.518,-0.3
10,A2_2,-0.386,0.036,0.46,0.297,0.694,0.554,0.752,0.262,1.0,0.913,0.09,0.53,0.191,-0.247,-0.243,-0.048
10,A2_3,-0.216,0.084,0.542,0.393,0.594,0.707,0.712,0.229,0.913,1.0,0.157,0.512,0.209,-0.134,-0.059,-0.002
10,B2_1,-0.008,0.414,0.737,0.784,0.334,0.453,0.511,0.617,0.09,0.157,1.0,0.657,0.875,0.324,-0.015,0.316
10,B2_2,-0.522,-0.036,0.915,0.848,0.599,0.383,0.598,0.72,0.53,0.512,0.657,1.0,0.816,-0.297,-0.504,-0.306
10,B2_3,-0.244,0.201,0.828,0.89,0.462,0.348,0.425,0.847,0.191,0.209,0.875,0.816,1.0,-0.026,-0.333,-0.018
10,y1,0.821,0.512,-0.231,-0.252,-0.103,0.314,0.274,-0.331,-0.247,-0.134,0.324,-0.297,-0.026,1.0,0.863,0.869
10,y2,0.923,0.491,-0.456,-0.434,-0.271,0.112,0.103,-0.518,-0.243,-0.059,-0.015,-0.504,-0.333,0.863,1.0,0.724
10,y3,0.742,0.719,-0.193,-0.213,-0.092,0.399,0.357,-0.3,-0.048,-0.002,0.316,-0.306,-0.018,0.869,0.724,1.0
11,.,1.0,0.499,-0.482,-0.444,-0.45,0.021,-0.04,-0.535,-0.392,-0.215,-0.04,-0.539,-0.274,0.816,0.933,0.744
11,A1_1,0.499,1.0,0.021,0.123,0.122,0.224,0.442,0.105,0.019,0.079,0.412,-0.048,0.19,0.528,0.501,0.731
11,A1_2,-0.482,0.021,1.0,0.926,0.486,0.569,0.497,0.696,0.478,0.554,0.738,0.913,0.824,-0.223,-0.457,-0.189
11,A1_3,-0.444,0.123,0.926,1.0,0.467,0.412,0.406,0.84,0.311,0.405,0.803,0.86,0.899,-0.238,-0.44,-0.211
11,B1_1,-0.45,0.122,0.486,0.467,1.0,0.474,0.753,0.686,0.677,0.569,0.355,0.599,0.482,-0.103,-0.287,-0.098
11,B1_2,0.021,0.224,0.569,0.412,0.474,1.0,0.658,0.194,0.557,0.709,0.446,0.372,0.34,0.322,0.109,0.405
11,B1_3,-0.04,0.442,0.497,0.406,0.753,0.658,1.0,0.348,0.733,0.693,0.51,0.59,0.422,0.272,0.095,0.345
11,A2_1,-0.535,0.105,0.696,0.84,0.686,0.194,0.348,1.0,0.278,0.243,0.631,0.734,0.856,-0.331,-0.532,-0.306
11,A2_2,-0.392,0.019,0.478,0.311,0.677,0.557,0.733,0.278,1.0,0.914,0.096,0.535,0.197,-0.27,-0.274,-0.077
11,A2_3,-0.215,0.079,0.554,0.405,0.569,0.709,0.693,0.243,0.914,1.0,0.161,0.509,0.213,-0.149,-0.079,-0.02
11,B2_1,-0.04,0.412,0.738,0.803,0.355,0.446,0.51,0.631,0.096,0.161,1.0,0.662,0.874,0.313,-0.033,0.301
11,B2_2,-0.539,-0.048,0.913,0.86,0.599,0.372,0.59,0.734,0.535,0.509,0.662,1.0,0.821,-0.303,-0.519,-0.318
11,B2_3,-0.274,0.19,0.824,0.899,0.482,0.34,0.422,0.856,0.197,0.213,0.874,0.821,1.0,-0.034,-0.347,-0.032
11,y1,0.816,0.528,-0.223,-0.238,-0.103,0.322,0.272,-0.331,-0.27,-0.149,0.313,-0.303,-0.034,1.0,0.855,0.871
11,y2,0.933,0.501,-0.457,-0.44,-0.287,0.109,0.095,-0.532,-0.274,-0.079,-0.033,-0.519,-0.347,0.855,1.0,0.719
11,y3,0.744,0.731,-0.189,-0.211,-0.098,0.405,0.345,-0.306,-0.077,-0.02,0.301,-0.318,-0.032,0.871,0.719,1.0
12,.,1.0,0.456,-0.501,-0.461,-0.463,0.005,-0.091,-0.549,-0.396,-0.213,-0.068,-0.557,-0.305,0.814,0.935,0.749
12,A1_1,0.456,1.0,0.019,0.153,0.163,0.256,0.464,0.14,0.07,0.129,0.419,-0.006,0.207,0.464,0.47,0.703
12,A1_2,-0.501,0.019,1.0,0.918,0.454,0.588,0.544,0.68,0.495,0.565,0.725,0.911,0.817,-0.236,-0.452,-0.211
12,A1_3,-0.461,0.153,0.918,1.0,0.466,0.428,0.468,0.84,0.322,0.41,0.809,0.864,0.903,-0.248,-0.432,-0.217
12,B1_1,-0.463,0.163,0.454,0.466,1.0,0.421,0.741,0.703,0.649,0.536,0.338,0.598,0.484,-0.172,-0.309,-0.158
12,B1_2,0.005,0.256,0.588,0.428,0.421,1.0,0.64,0.205,0.563,0.716,0.454,0.378,0.353,0.297,0.101,0.389
12,B1_3,-0.091,0.464,0.544,0.468,0.741,0.64,1.0,0.412,0.728,0.677,0.559,0.651,0.491,0.191,0.042,0.282
12,A2_1,-0.549,0.14,0.68,0.84,0.703,0.205,0.412,1.0,0.28,0.242,0.637,0.742,0.86,-0.35,-0.53,-0.316
12,A2_2,-0.396,0.07,0.495,0.322,0.649,0.563,0.728,0.28,1.0,0.913,0.102,0.543,0.207,-0.314,-0.286,-0.103
12,A2_3,-0.213,0.129,0.565,0.41,0.536,0.716,0.677,0.242,0.913,1.0,0.165,0.507,0.22,-0.177,-0.08,-0.035
12,B2_1,-0.068,0.419,0.725,0.809,0.338,0.454,0.559,0.637,0.102,0.165,1.0,0.665,0.874,0.292,-0.034,0.288
12,B2_2,-0.557,-0.006,0.911,0.864,0.598,0.378,0.651,0.742,0.543,0.507,0.665,1.0,0.827,-0.329,-0.517,-0.334
12,B2_3,-0.305,0.207,0.817,0.903,0.484,0.353,0.491,0.86,0.207,0.22,0.874,0.827,1.0,-0.057,-0.351,-0.044
12,y1,0.814,0.464,-0.236,-0.248,-0.172,0.297,0.191,-0.35,-0.314,-0.177,0.292,-0.329,-0.057,1.0,0.854,0.858
12,y2,0.935,0.47,-0.452,-0.432,-0.309,0.101,0.042,-0.53,-0.286,-0.08,-0.034,-0.517,-0.351,0.854,1.0,0.719
12,y3,0.749,0.703,-0.211,-0.217,-0.158,0.389,0.282,-0.316,-0.103,-0.035,0.288,-0.334,-0.044,0.858,0.719,1.0
13,.,1.0,0.466,-0.512,-0.476,-0.461,0.001,-0.088,-0.567,-0.404,-0.218,-0.095,-0.572,-0.33,0.81,0.939,0.749
13,A1_1,0.466,1.0,0.005,0.127,0.159,0.264,0.473,0.119,0.057,0.125,0.416,-0.018,0.194,0.469,0.477,0.707
13,A1_2,-0.512,0.005,1.0,0.925,0.449,0.59,0.539,0.683,0.51,0.575,0.725,0.911,0.815,-0.24,-0.454,-0.217
13,A1_3,-0.476,0.127,0.925,1.0,0.465,0.44,0.471,0.835,0.338,0.423,0.818,0.872,0.908,-0.25,-0.439,-0.224
13,B1_1,-0.461,0.159,0.449,0.465,1.0,0.405,0.741,0.719,0.635,0.522,0.355,0.605,0.498,-0.179,-0.324,-0.171
13,B1_2,0.001,0.264,0.59,0.44,0.405,1.0,0.627,0.216,0.566,0.717,0.45,0.375,0.35,0.298,0.096,0.39
13,B1_3,-0.088,0.473,0.539,0.471,0.741,0.627,1.0,0.426,0.71,0.661,0.567,0.648,0.495,0.185,0.032,0.272
13,A2_1,-0.567,0.119,0.683,0.835,0.719,0.216,0.426,1.0,0.295,0.261,0.647,0.756,0.866,-0.36,-0.541,-0.328
13,A2_2,-0.404,0.057,0.51,0.338,0.635,0.566,0.71,0.295,1.0,0.916,0.108,0.549,0.214,-0.332,-0.309,-0.126
13,A2_3,-0.218,0.125,0.575,0.423,0.522,0.717,0.661,0.261,0.916,1.0,0.172,0.51,0.228,-0.191,-0.1,-0.048
13,B2_1,-0.095,0.416,0.725,0.818,0.355,0.45,0.567,0.647,0.108,0.172,1.0,0.671,0.873,0.271,-0.048,0.268
13,B2_2,-0.572,-0.018,0.911,0.872,0.605,0.375,0.648,0.756,0.549,0.51,0.671,1.0,0.831,-0.34,-0.528,-0.347
13,B2_3,-0.33,0.194,0.815,0.908,0.498,0.35,0.495,0.866,0.214,0.228,0.873,0.831,1.0,-0.074,-0.362,-0.063
13,y1,0.81,0.469,-0.24,-0.25,-0.179,0.298,0.185,-0.36,-0.332,-0.191,0.271,-0.34,-0.074,1.0,0.853,0.858
13,y2,0.939,0.477,-0.454,-0.439,-0.324,0.096,0.032,-0.541,-0.309,-0.1,-0.048,-0.528,-0.362,0.853,1.0,0.719
13,y3,0.749,0.707,-0.217,-0.224,-0.171,0.39,0.272,-0.328,-0.126,-0.048,0.268,-0.347,-0.063,0.858,0.719,1.0
14,.,1.0,0.426,-0.524,-0.49,-0.442,-0.021,-0.115,-0.576,-0.408,-0.215,-0.124,-0.591,-0.357,0.792,0.943,0.743
14,A1_1,0.426,1.0,0.031,0.15,0.218,0.323,0.526,0.152,0.122,0.2,0.421,0.026,0.212,0.405,0.439,0.677
14,A1_2,-0.524,0.031,1.0,0.924,0.406,0.61,0.536,0.655,0.527,0.602,0.704,0.901,0.795,-0.239,-0.438,-0.223
14,A1_3,-0.49,0.15,0.924,1.0,0.454,0.467,0.517,0.819,0.347,0.436,0.826,0.875,0.909,-0.233,-0.422,-0.214
14,B1_1,-0.442,0.218,0.406,0.454,1.0,0.36,0.758,0.747,0.593,0.469,0.368,0.607,0.521,-0.208,-0.343,-0.198
14,B1_2,-0.021,0.323,0.61,0.467,0.36,1.0,0.559,0.233,0.571,0.724,0.462,0.381,0.359,0.284,0.088,0.382
14,B1_3,-0.115,0.526,0.536,0.517,0.758,0.559,1.0,0.508,0.666,0.604,0.614,0.689,0.563,0.122,-0.016,0.212
14,A2_1,-0.576,0.152,0.655,0.819,0.747,0.233,0.508,1.0,0.305,0.265,0.652,0.759,0.869,-0.363,-0.541,-0.328
14,A2_2,-0.408,0.122,0.527,0.347,0.593,0.571,0.666,0.305,1.0,0.911,0.115,0.555,0.22,-0.366,-0.332,-0.15
14,A2_3,-0.215,0.2,0.602,0.436,0.469,0.724,0.604,0.265,0.911,1.0,0.182,0.512,0.234,-0.209,-0.103,-0.06
14,B2_1,-0.124,0.421,0.704,0.826,0.368,0.462,0.614,0.652,0.115,0.182,1.0,0.671,0.873,0.265,-0.046,0.265
14,B2_2,-0.591,0.026,0.901,0.875,0.607,0.381,0.689,0.759,0.555,0.512,0.671,1.0,0.832,-0.354,-0.531,-0.356
14,B2_3,-0.357,0.212,0.795,0.909,0.521,0.359,0.563,0.869,0.22,0.234,0.873,0.832,1.0,-0.081,-0.361,-0.066
14,y1,0.792,0.405,-0.239,-0.233,-0.208,0.284,0.122,-0.363,-0.366,-0.209,0.265,-0.354,-0.081,1.0,0.845,0.849
14,y2,0.943,0.439,-0.438,-0.422,-0.343,0.088,-0.016,-0.541,-0.332,-0.103,-0.046,-0.531,-0.361,0.845,1.0,0.716
14,y3,0.743,0.677,-0.223,-0.214,-0.198,0.382,0.212,-0.328,-0.15,-0.06,0.265,-0.356,-0.066,0.849,0.716,1.0
15,.,1.0,0.422,-0.52,-0.502,-0.413,-0.03,-0.107,-0.582,-0.415,-0.209,-0.154,-0.604,-0.384,0.779,0.945,0.735
15,A1_1,0.422,1.0,0.031,0.141,0.241,0.357,0.551,0.145,0.145,0.231,0.41,0.034,0.204,0.388,0.437,0.673
15,A1_2,-0.52,0.031,1.0,0.923,0.356,0.62,0.489,0.624,0.542,0.624,0.693,0.881,0.777,-0.233,-0.415,-0.224
15,A1_3,-0.502,0.141,0.923,1.0,0.438,0.48,0.514,0.808,0.362,0.446,0.835,0.875,0.91,-0.223,-0.407,-0.208
15,B1_1,-0.413,0.241,0.356,0.438,1.0,0.327,0.774,0.756,0.563,0.424,0.383,0.609,0.541,-0.21,-0.34,-0.202
15,B1_2,-0.03,0.357,0.62,0.48,0.327,1.0,0.504,0.239,0.574,0.73,0.47,0.376,0.366,0.281,0.083,0.379
15,B1_3,-0.107,0.551,0.489,0.514,0.774,0.504,1.0,0.534,0.626,0.549,0.629,0.689,0.586,0.102,-0.026,0.193
15,A2_1,-0.582,0.145,0.624,0.808,0.756,0.239,0.534,1.0,0.315,0.26,0.664,0.762,0.876,-0.362,-0.535,-0.324
15,A2_2,-0.415,0.145,0.542,0.362,0.563,0.574,0.626,0.315,1.0,0.905,0.134,0.569,0.243,-0.384,-0.361,-0.171
15,A2_3,-0.209,0.231,0.624,0.446,0.424,0.73,0.549,0.26,0.905,1.0,0.195,0.511,0.245,-0.215,-0.114,-0.07
15,B2_1,-0.154,0.41,0.693,0.835,0.383,0.47,0.629,0.664,0.134,0.195,1.0,0.676,0.873,0.252,-0.046,0.256
15,B2_2,-0.604,0.034,0.881,0.875,0.609,0.376,0.689,0.762,0.569,0.511,0.676,1.0,0.836,-0.365,-0.532,-0.364
15,B2_3,-0.384,0.204,0.777,0.91,0.541,0.366,0.586,0.876,0.243,0.245,0.873,0.836,1.0,-0.094,-0.359,-0.072
15,y1,0.779,0.388,-0.233,-0.223,-0.21,0.281,0.102,-0.362,-0.384,-0.215,0.252,-0.365,-0.094,1.0,0.845,0.844
15,y2,0.945,0.437,-0.415,-0.407,-0.34,0.083,-0.026,-0.535,-0.361,-0.114,-0.046,-0.532,-0.359,0.845,1.0,0.715
15,y3,0.735,0.673,-0.224,-0.208,-0.202,0.379,0.193,-0.324,-0.171,-0.07,0.256,-0.364,-0.072,0.844,0.715,1.0
16,.,1.0,0.436,-0.518,-0.519,-0.388,-0.034,-0.101,-0.597,-0.425,-0.21,-0.19,-0.618,-0.413,0.765,0.943,0.727
16,A1_1,0.436,1.0,0.015,0.12,0.249,0.372,0.557,0.117,0.128,0.228,0.402,0.021,0.187,0.401,0.447,0.684
16,A1_2,-0.518,0.015,1.0,0.921,0.309,0.626,0.438,0.604,0.554,0.642,0.682,0.858,0.758,-0.223,-0.391,-0.225
16,A1_3,-0.519,0.12,0.921,1.0,0.429,0.484,0.495,0.804,0.379,0.457,0.841,0.876,0.912,-0.22,-0.399,-0.214
16,B1_1,-0.388,0.249,0.309,0.429,1.0,0.307,0.791,0.762,0.533,0.392,0.407,0.615,0.553,-0.197,-0.327,-0.199
16,B1_2,-0.034,0.372,0.626,0.484,0.307,1.0,0.479,0.248,0.577,0.731,0.466,0.367,0.363,0.286,0.08,0.376
16,B1_3,-0.101,0.557,0.438,0.495,0.791,0.479,1.0,0.538,0.601,0.519,0.624,0.676,0.576,0.097,-0.029,0.179
16,A2_1,-0.597,0.117,0.604,0.804,0.762,0.248,0.538,1.0,0.333,0.273,0.677,0.774,0.883,-0.364,-0.535,-0.332
16,A2_2,-0.425,0.128,0.554,0.379,0.533,0.577,0.601,0.333,1.0,0.904,0.146,0.58,0.258,-0.396,-0.396,-0.198
16,A2_3,-0.21,0.228,0.642,0.457,0.392,0.731,0.519,0.273,0.904,1.0,0.203,0.511,0.257,-0.222,-0.137,-0.085
16,B2_1,-0.19,0.402,0.682,0.841,0.407,0.466,0.624,0.677,0.146,0.203,1.0,0.684,0.874,0.233,-0.05,0.235
16,B2_2,-0.618,0.021,0.858,0.876,0.615,0.367,0.676,0.774,0.58,0.511,0.684,1.0,0.841,-0.372,-0.532,-0.377
16,B2_3,-0.413,0.187,0.758,0.912,0.553,0.363,0.576,0.883,0.258,0.257,0.874,0.841,1.0,-0.111,-0.36,-0.09
16,y1,0.765,0.401,-0.223,-0.22,-0.197,0.286,0.097,-0.364,-0.396,-0.222,0.233,-0.372,-0.111,1.0,0.849,0.844
16,y2,0.943,0.447,-0.391,-0.399,-0.327,0.08,-0.029,-0.535,-0.396,-0.137,-0.05,-0.532,-0.36,0.849,1.0,0.715
16,y3,0.727,0.684,-0.225,-0.214,-0.199,0.376,0.179,-0.332,-0.198,-0.085,0.235,-0.377,-0.09,0.844,0.715,1.0
17,.,1.0,0.431,-0.469,-0.528,-0.307,-0.04,-0.079,-0.599,-0.424,-0.203,-0.21,-0.617,-0.427,0.75,0.941,0.715
17,A1_1,0.431,1.0,0.07,0.115,0.32,0.4,0.578,0.103,0.143,0.252,0.393,0.024,0.177,0.407,0.439,0.681
17,A1_2,-0.469,0.07,1.0,0.905,0.199,0.675,0.353,0.543,0.534,0.649,0.685,0.798,0.711,-0.138,-0.306,-0.157
17,A1_3,-0.528,0.115,0.905,1.0,0.388,0.491,0.468,0.803,0.388,0.458,0.843,0.874,0.912,-0.201,-0.385,-0.216
17,B1_1,-0.307,0.32,0.199,0.388,1.0,0.306,0.824,0.729,0.498,0.364,0.42,0.577,0.533,-0.126,-0.246,-0.129
17,B1_2,-0.04,0.4,0.675,0.491,0.306,1.0,0.415,0.252,0.577,0.732,0.467,0.367,0.367,0.295,0.082,0.37
17,B1_3,-0.079,0.578,0.353,0.468,0.824,0.415,1.0,0.543,0.547,0.455,0.617,0.657,0.575,0.106,-0.018,0.165
17,A2_1,-0.599,0.103,0.543,0.803,0.729,0.252,0.543,1.0,0.333,0.27,0.686,0.776,0.89,-0.351,-0.528,-0.334
17,A2_2,-0.424,0.143,0.534,0.388,0.498,0.577,0.547,0.333,1.0,0.904,0.15,0.589,0.267,-0.393,-0.409,-0.217
17,A2_3,-0.203,0.252,0.649,0.458,0.364,0.732,0.455,0.27,0.904,1.0,0.202,0.509,0.26,-0.213,-0.139,-0.096
17,B2_1,-0.21,0.393,0.685,0.843,0.42,0.467,0.617,0.686,0.15,0.202,1.0,0.686,0.874,0.243,-0.046,0.227
17,B2_2,-0.617,0.024,0.798,0.874,0.577,0.367,0.657,0.776,0.589,0.509,0.686,1.0,0.844,-0.357,-0.522,-0.382
17,B2_3,-0.427,0.177,0.711,0.912,0.533,0.367,0.575,0.89,0.267,0.26,0.874,0.844,1.0,-0.104,-0.353,-0.099
17,y1,0.75,0.407,-0.138,-0.201,-0.126,0.295,0.106,-0.351,-0.393,-0.213,0.243,-0.357,-0.104,1.0,0.848,0.848
17,y2,0.941,0.439,-0.306,-0.385,-0.246,0.082,-0.018,-0.528,-0.409,-0.139,-0.046,-0.522,-0.353,0.848,1.0,0.709
17,y3,0.715,0.681,-0.157,-0.216,-0.129,0.37,0.165,-0.334,-0.217,-0.096,0.227,-0.382,-0.099,0.848,0.709,1.0
18,.,1.0,0.358,-0.516,-0.538,-0.387,-0.057,-0.149,-0.61,-0.433,-0.203,-0.225,-0.621,-0.447,0.764,0.95,0.722
18,A1_1,0.358,1.0,0.134,0.179,0.311,0.496,0.556,0.149,0.264,0.385,0.399,0.111,0.22,0.345,0.385,0.625
18,A1_2,-0.516,0.134,1.0,0.931,0.268,0.643,0.299,0.589,0.513,0.603,0.709,0.836,0.748,-0.18,-0.371,-0.202
18,A1_3,-0.538,0.179,0.931,1.0,0.396,0.512,0.445,0.795,0.385,0.45,0.846,0.871,0.906,-0.205,-0.399,-0.211
18,B1_1,-0.387,0.311,0.268,0.396,1.0,0.353,0.835,0.733,0.57,0.412,0.402,0.589,0.542,-0.202,-0.341,-0.193
18,B1_2,-0.057,0.496,0.643,0.512,0.353,1.0,0.279,0.271,0.579,0.728,0.487,0.383,0.385,0.266,0.037,0.352
18,B1_3,-0.149,0.556,0.299,0.445,0.835,0.279,1.0,0.61,0.472,0.339,0.599,0.656,0.603,-0.001,-0.109,0.063
18,A2_1,-0.61,0.149,0.589,0.795,0.733,0.271,0.61,1.0,0.327,0.251,0.695,0.762,0.898,-0.353,-0.528,-0.327
18,A2_2,-0.433,0.264,0.513,0.385,0.57,0.579,0.472,0.327,1.0,0.9,0.156,0.595,0.275,-0.425,-0.434,-0.241
18,A2_3,-0.203,0.385,0.603,0.45,0.412,0.728,0.339,0.251,0.9,1.0,0.198,0.507,0.253,-0.235,-0.156,-0.113
18,B2_1,-0.225,0.399,0.709,0.846,0.402,0.487,0.599,0.695,0.156,0.198,1.0,0.69,0.874,0.227,-0.067,0.224
18,B2_2,-0.621,0.111,0.836,0.871,0.589,0.383,0.656,0.762,0.595,0.507,0.69,1.0,0.842,-0.374,-0.54,-0.378
18,B2_3,-0.447,0.22,0.748,0.906,0.542,0.385,0.603,0.898,0.275,0.253,0.874,0.842,1.0,-0.124,-0.369,-0.101
18,y1,0.764,0.345,-0.18,-0.205,-0.202,0.266,-0.001,-0.353,-0.425,-0.235,0.227,-0.374,-0.124,1.0,0.844,0.847
18,y2,0.95,0.385,-0.371,-0.399,-0.341,0.037,-0.109,-0.528,-0.434,-0.156,-0.067,-0.54,-0.369,0.844,1.0,0.715
18,y3,0.722,0.625,-0.202,-0.211,-0.193,0.352,0.063,-0.327,-0.241,-0.113,0.224,-0.378,-0.101,0.847,0.715,1.0
19,.,1.0,0.293,-0.565,-0.553,-0.444,-0.074,-0.242,-0.633,-0.451,-0.22,-0.25,-0.638,-0.47,0.776,0.945,0.73
19,A1_1,0.293,1.0,0.164,0.229,0.281,0.533,0.535,0.193,0.323,0.449,0.416,0.174,0.258,0.275,0.341,0.565
19,A1_2,-0.565,0.164,1.0,0.947,0.335,0.607,0.363,0.645,0.533,0.591,0.712,0.874,0.783,-0.26,-0.417,-0.269
19,A1_3,-0.553,0.229,0.947,1.0,0.41,0.522,0.479,0.797,0.407,0.466,0.847,0.875,0.906,-0.239,-0.398,-0.23
19,B1_1,-0.444,0.281,0.335,0.41,1.0,0.335,0.841,0.748,0.58,0.42,0.391,0.614,0.551,-0.279,-0.402,-0.283
19,B1_2,-0.074,0.533,0.607,0.522,0.335,1.0,0.275,0.294,0.588,0.73,0.49,0.392,0.39,0.225,0.032,0.336
19,B1_3,-0.242,0.535,0.363,0.479,0.841,0.275,1.0,0.672,0.482,0.343,0.609,0.694,0.635,-0.103,-0.187,-0.027
19,A2_1,-0.633,0.193,0.645,0.797,0.748,0.294,0.672,1.0,0.351,0.277,0.704,0.778,0.902,-0.378,-0.534,-0.349
19,A2_2,-0.451,0.323,0.533,0.407,0.58,0.588,0.482,0.351,1.0,0.903,0.172,0.607,0.287,-0.463,-0.447,-0.268
19,A2_3,-0.22,0.449,0.591,0.466,0.42,0.73,0.343,0.277,0.903,1.0,0.211,0.516,0.266,-0.273,-0.168,-0.131
19,B2_1,-0.25,0.416,0.712,0.847,0.391,0.49,0.609,0.704,0.172,0.211,1.0,0.699,0.876,0.181,-0.077,0.193
19,B2_2,-0.638,0.174,0.874,0.875,0.614,0.392,0.694,0.778,0.607,0.516,0.699,1.0,0.845,-0.41,-0.541,-0.396
19,B2_3,-0.47,0.258,0.783,0.906,0.551,0.39,0.635,0.902,0.287,0.266,0.876,0.845,1.0,-0.161,-0.373,-0.124
19,y1,0.776,0.275,-0.26,-0.239,-0.279,0.225,-0.103,-0.378,-0.463,-0.273,0.181,-0.41,-0.161,1.0,0.857,0.844
19,y2,0.945,0.341,-0.417,-0.398,-0.402,0.032,-0.187,-0.534,-0.447,-0.168,-0.077,-0.541,-0.373,0.857,1.0,0.723
19,y3,0.73,0.565,-0.269,-0.23,-0.283,0.336,-0.027,-0.349,-0.268,-0.131,0.193,-0.396,-0.124,0.844,0.723,1.0
20,.,1.0,0.053,-0.586,-0.571,-0.457,-0.099,-0.496,-0.655,-0.49,-0.254,-0.283,-0.664,-0.499,0.788,0.95,0.769
20,A1_1,0.053,1.0,0.324,0.411,0.428,0.593,0.593,0.414,0.457,0.541,0.529,0.404,0.445,0.112,0.11,0.343
20,A1_2,-0.586,0.324,1.0,0.95,0.35,0.591,0.481,0.661,0.554,0.589,0.717,0.884,0.796,-0.279,-0.442,-0.344
20,A1_3,-0.571,0.411,0.95,1.0,0.41,0.543,0.577,0.796,0.449,0.493,0.851,0.882,0.907,-0.258,-0.42,-0.288
20,B1_1,-0.457,0.428,0.35,0.41,1.0,0.346,0.901,0.756,0.583,0.427,0.404,0.613,0.549,-0.301,-0.431,-0.339
20,B1_2,-0.099,0.593,0.591,0.543,0.346,1.0,0.295,0.327,0.603,0.738,0.502,0.409,0.406,0.208,-0.001,0.281
20,B1_3,-0.496,0.593,0.481,0.577,0.901,0.295,1.0,0.818,0.547,0.38,0.617,0.783,0.708,-0.311,-0.438,-0.294
20,A2_1,-0.655,0.414,0.661,0.796,0.756,0.327,0.818,1.0,0.403,0.32,0.716,0.799,0.905,-0.406,-0.558,-0.406
20,A2_2,-0.49,0.457,0.554,0.449,0.583,0.603,0.547,0.403,1.0,0.909,0.212,0.63,0.326,-0.477,-0.498,-0.328
20,A2_3,-0.254,0.541,0.589,0.493,0.427,0.738,0.38,0.32,0.909,1.0,0.238,0.53,0.297,-0.281,-0.219,-0.173
20,B2_1,-0.283,0.529,0.717,0.851,0.404,0.502,0.617,0.716,0.212,0.238,1.0,0.715,0.879,0.137,-0.116,0.115
20,B2_2,-0.664,0.404,0.884,0.882,0.613,0.409,0.783,0.799,0.63,0.53,0.715,1.0,0.858,-0.428,-0.57,-0.455
20,B2_3,-0.499,0.445,0.796,0.907,0.549,0.406,0.708,0.905,0.326,0.297,0.879,0.858,1.0,-0.2,-0.397,-0.194
20,y1,0.788,0.112,-0.279,-0.258,-0.301,0.208,-0.311,-0.406,-0.477,-0.281,0.137,-0.428,-0.2,1.0,0.875,0.864
20,y2,0.95,0.11,-0.442,-0.42,-0.431,-0.001,-0.438,-0.558,-0.498,-0.219,-0.116,-0.57,-0.397,0.875,1.0,0.764
20,y3,0.769,0.343,-0.344,-0.288,-0.339,0.281,-0.294,-0.406,-0.328,-0.173,0.115,-0.455,-0.194,0.864,0.764,1.0
21,.,1.0,-0.036,-0.594,-0.582,-0.468,-0.121,-0.562,-0.666,-0.521,-0.276,-0.313,-0.676,-0.516,0.788,0.949,0.777
21,A1_1,-0.036,1.0,0.365,0.444,0.53,0.594,0.67,0.504,0.501,0.545,0.568,0.48,0.51,0.05,0.016,0.26
21,A1_2,-0.594,0.365,1.0,0.954,0.361,0.598,0.537,0.67,0.587,0.611,0.722,0.884,0.795,-0.289,-0.445,-0.356
21,A1_3,-0.582,0.444,0.954,1.0,0.42,0.557,0.618,0.795,0.481,0.51,0.856,0.886,0.906,-0.266,-0.428,-0.304
21,B1_1,-0.468,0.53,0.361,0.42,1.0,0.352,0.91,0.779,0.582,0.415,0.436,0.627,0.572,-0.315,-0.453,-0.359
21,B1_2,-0.121,0.594,0.598,0.557,0.352,1.0,0.338,0.364,0.612,0.735,0.516,0.422,0.422,0.199,-0.022,0.273
21,B1_3,-0.562,0.67,0.537,0.618,0.91,0.338,1.0,0.855,0.594,0.417,0.644,0.82,0.742,-0.369,-0.506,-0.359
21,A2_1,-0.666,0.504,0.67,0.795,0.779,0.364,0.855,1.0,0.454,0.352,0.73,0.814,0.909,-0.422,-0.576,-0.432
21,A2_2,-0.521,0.501,0.587,0.481,0.582,0.612,0.594,0.454,1.0,0.909,0.253,0.651,0.364,-0.49,-0.532,-0.342
21,A2_3,-0.276,0.545,0.611,0.51,0.415,0.735,0.417,0.352,0.909,1.0,0.259,0.539,0.316,-0.296,-0.25,-0.178
21,B2_1,-0.313,0.568,0.722,0.856,0.436,0.516,0.644,0.73,0.253,0.259,1.0,0.734,0.883,0.1,-0.147,0.071
21,B2_2,-0.676,0.48,0.884,0.886,0.627,0.422,0.82,0.814,0.651,0.539,0.734,1.0,0.866,-0.435,-0.579,-0.463
21,B2_3,-0.516,0.51,0.795,0.906,0.572,0.422,0.742,0.909,0.364,0.316,0.883,0.866,1.0,-0.224,-0.412,-0.226
21,y1,0.788,0.05,-0.289,-0.266,-0.315,0.199,-0.369,-0.422,-0.49,-0.296,0.1,-0.435,-0.224,1.0,0.88,0.866
21,y2,0.949,0.016,-0.445,-0.428,-0.453,-0.022,-0.506,-0.576,-0.532,-0.25,-0.147,-0.579,-0.412,0.88,1.0,0.774
21,y3,0.777,0.26,-0.356,-0.304,-0.359,0.273,-0.359,-0.432,-0.342,-0.178,0.071,-0.463,-0.226,0.866,0.774,1.0
22,.,1.0,-0.133,-0.604,-0.589,-0.49,-0.145,-0.606,-0.684,-0.546,-0.286,-0.339,-0.68,-0.533,0.796,0.953,0.787
22,A1_1,-0.133,1.0,0.437,0.5,0.586,0.622,0.715,0.589,0.566,0.574,0.612,0.565,0.581,-0.02,-0.076,0.175
22,A1_2,-0.604,0.437,1.0,0.963,0.381,0.604,0.561,0.694,0.602,0.609,0.743,0.888,0.804,-0.305,-0.457,-0.366
22,A1_3,-0.589,0.5,0.963,1.0,0.425,0.577,0.619,0.796,0.508,0.519,0.86,0.888,0.902,-0.278,-0.438,-0.316
22,B1_1,-0.49,0.586,0.381,0.425,1.0,0.391,0.914,0.786,0.614,0.424,0.453,0.636,0.581,-0.332,-0.475,-0.376
22,B1_2,-0.145,0.622,0.604,0.577,0.391,1.0,0.372,0.413,0.623,0.731,0.54,0.442,0.446,0.176,-0.058,0.247
22,B1_3,-0.606,0.715,0.561,0.619,0.914,0.372,1.0,0.866,0.645,0.437,0.645,0.832,0.745,-0.409,-0.547,-0.4
22,A2_1,-0.684,0.589,0.694,0.796,0.786,0.413,0.866,1.0,0.508,0.379,0.741,0.829,0.913,-0.438,-0.592,-0.448
22,A2_2,-0.546,0.566,0.602,0.508,0.614,0.623,0.645,0.508,1.0,0.904,0.293,0.667,0.4,-0.506,-0.555,-0.364
22,A2_3,-0.286,0.574,0.609,0.519,0.424,0.731,0.437,0.379,0.904,1.0,0.273,0.537,0.327,-0.311,-0.265,-0.191
22,B2_1,-0.339,0.612,0.743,0.86,0.453,0.54,0.645,0.741,0.293,0.273,1.0,0.755,0.888,0.066,-0.177,0.039
22,B2_2,-0.68,0.565,0.888,0.888,0.636,0.442,0.832,0.829,0.667,0.537,0.755,1.0,0.875,-0.441,-0.58,-0.464
22,B2_3,-0.533,0.581,0.804,0.902,0.581,0.446,0.745,0.913,0.4,0.327,0.888,0.875,1.0,-0.247,-0.427,-0.244
22,y1,0.796,-0.02,-0.305,-0.278,-0.332,0.176,-0.409,-0.438,-0.506,-0.311,0.066,-0.441,-0.247,1.0,0.879,0.869
22,y2,0.953,-0.076,-0.457,-0.438,-0.475,-0.058,-0.547,-0.592,-0.555,-0.265,-0.177,-0.58,-0.427,0.879,1.0,0.776
22,y3,0.787,0.175,-0.366,-0.316,-0.376,0.247,-0.4,-0.448,-0.364,-0.191,0.039,-0.464,-0.244,0.869,0.776,1.0
23,.,1.0,-0.256,-0.613,-0.591,-0.51,-0.207,-0.688,-0.694,-0.567,-0.298,-0.352,-0.678,-0.54,0.815,0.955,0.802
23,A1_1,-0.256,1.0,0.511,0.553,0.672,0.655,0.759,0.68,0.622,0.578,0.666,0.641,0.645,-0.092,-0.173,0.062
23,A1_2,-0.613,0.511,1.0,0.972,0.394,0.638,0.636,0.721,0.604,0.589,0.773,0.9,0.824,-0.329,-0.468,-0.374
23,A1_3,-0.591,0.553,0.972,1.0,0.422,0.623,0.655,0.799,0.526,0.523,0.863,0.89,0.899,-0.305,-0.449,-0.333
23,B1_1,-0.51,0.672,0.394,0.422,1.0,0.451,0.905,0.774,0.647,0.444,0.453,0.633,0.574,-0.343,-0.482,-0.384
23,B1_2,-0.207,0.655,0.638,0.623,0.451,1.0,0.436,0.481,0.656,0.742,0.579,0.499,0.5,0.102,-0.118,0.18
23,B1_3,-0.688,0.759,0.636,0.655,0.905,0.436,1.0,0.882,0.704,0.477,0.639,0.864,0.76,-0.489,-0.614,-0.493
23,A2_1,-0.694,0.68,0.721,0.799,0.774,0.481,0.882,1.0,0.538,0.395,0.749,0.836,0.916,-0.457,-0.604,-0.464
23,A2_2,-0.567,0.622,0.604,0.526,0.647,0.656,0.704,0.538,1.0,0.902,0.321,0.679,0.426,-0.528,-0.551,-0.388
23,A2_3,-0.298,0.578,0.589,0.523,0.444,0.742,0.477,0.395,0.902,1.0,0.283,0.537,0.335,-0.332,-0.259,-0.207
23,B2_1,-0.352,0.666,0.773,0.863,0.453,0.579,0.639,0.749,0.321,0.283,1.0,0.77,0.89,0.03,-0.202,0.011
23,B2_2,-0.678,0.641,0.9,0.89,0.633,0.499,0.864,0.836,0.679,0.537,0.77,1.0,0.882,-0.453,-0.573,-0.467
23,B2_3,-0.54,0.645,0.824,0.899,0.574,0.5,0.76,0.916,0.426,0.335,0.89,0.882,1.0,-0.272,-0.445,-0.263
23,y1,0.815,-0.092,-0.329,-0.305,-0.343,0.102,-0.489,-0.457,-0.528,-0.332,0.03,-0.453,-0.272,1.0,0.881,0.879
23,y2,0.955,-0.173,-0.468,-0.449,-0.482,-0.118,-0.614,-0.604,-0.551,-0.259,-0.202,-0.573,-0.445,0.881,1.0,0.78
23,y3,0.802,0.062,-0.374,-0.333,-0.384,0.18,-0.493,-0.464,-0.388,-0.207,0.011,-0.467,-0.263,0.879,0.78,1.0
24,.,1.0,-0.288,-0.623,-0.6,-0.519,-0.249,-0.705,-0.705,-0.587,-0.316,-0.372,-0.681,-0.547,0.819,0.955,0.81
