,,.,A1_1,A1_2,A1_3,B1_1,B1_2,B1_3,A2_1,A2_2,A2_3,B2_1,B2_2,B2_3,y1,y2,y3
0,.,1.0,-0.272,0.127,-0.074,-0.149,-0.072,0.108,0.002,0.158,-0.29,-0.418,0.359,0.277,-0.228,-0.156,-0.217
0,A1_1,-0.272,1.0,-0.17,-0.433,0.372,0.412,0.273,-0.028,-0.32,-0.35,0.122,-0.339,-0.25,-0.006,-0.248,-0.024
0,A1_2,0.127,-0.17,1.0,0.712,-0.453,0.049,-0.353,-0.146,-0.029,0.245,0.271,0.187,-0.134,0.023,0.066,0.038
0,A1_3,-0.074,-0.433,0.712,1.0,-0.321,-0.001,-0.508,0.086,-0.175,0.165,0.527,-0.002,0.136,0.193,-0.003,-0.02
0,B1_1,-0.149,0.372,-0.453,-0.321,1.0,-0.058,0.181,0.668,0.022,0.009,0.075,-0.331,0.053,0.484,0.423,-0.353
0,B1_2,-0.072,0.412,0.049,-0.001,-0.058,1.0,-0.435,-0.039,-0.769,-0.201,0.274,-0.645,-0.11,-0.099,-0.657,0.402
0,B1_3,0.108,0.273,-0.353,-0.508,0.181,-0.435,1.0,-0.199,0.646,-0.545,-0.337,0.64,0.303,0.099,0.009,0.067
0,A2_1,0.002,-0.028,-0.146,0.086,0.668,-0.039,-0.199,1.0,-0.243,0.345,-0.129,-0.25,0.124,0.144,0.364,-0.679
0,A2_2,0.158,-0.32,-0.029,-0.175,0.022,-0.769,0.646,-0.243,1.0,-0.102,-0.353,0.719,0.226,0.109,0.436,0.056
0,A2_3,-0.29,-0.35,0.245,0.165,0.009,-0.201,-0.545,0.345,-0.102,1.0,0.009,-0.13,-0.358,0.06,0.594,-0.247
0,B2_1,-0.418,0.122,0.271,0.527,0.075,0.274,-0.337,-0.129,-0.353,0.009,1.0,-0.309,0.101,0.71,-0.051,0.385
0,B2_2,0.359,-0.339,0.187,-0.002,-0.331,-0.645,0.64,-0.25,0.719,-0.13,-0.309,1.0,0.493,0.029,0.131,0.021
0,B2_3,0.277,-0.25,-0.134,0.136,0.053,-0.11,0.303,0.124,0.226,-0.358,0.101,0.493,1.0,0.292,-0.222,0.112
0,y1,-0.228,-0.006,0.023,0.193,0.484,-0.099,0.099,0.144,0.109,0.06,0.71,0.029,0.292,1.0,0.364,0.276
0,y2,-0.156,-0.248,0.066,-0.003,0.423,-0.657,0.009,0.364,0.436,0.594,-0.051,0.131,-0.222,0.364,1.0,-0.428
0,y3,-0.217,-0.024,0.038,-0.02,-0.353,0.402,0.067,-0.679,0.056,-0.247,0.385,0.021,0.112,0.276,-0.428,1.0
1,.,1.0,-0.274,0.128,-0.074,-0.148,-0.074,0.108,0.003,0.16,-0.288,-0.419,0.36,0.276,-0.228,-0.155,-0.217
1,A1_1,-0.274,1.0,-0.17,-0.433,0.372,0.412,0.274,-0.028,-0.32,-0.35,0.123,-0.338,-0.25,-0.006,-0.247,-0.024
1,A1_2,0.128,-0.17,1.0,0.712,-0.452,0.048,-0.353,-0.146,-0.029,0.245,0.271,0.187,-0.134,0.024,0.066,0.039
1,A1_3,-0.074,-0.433,0.712,1.0,-0.322,-0.001,-0.508,0.086,-0.175,0.165,0.527,-0.003,0.136,0.193,-0.003,-0.02
1,B1_1,-0.148,0.372,-0.452,-0.322,1.0,-0.057,0.181,0.668,0.022,0.008,0.075,-0.33,0.054,0.484,0.423,-0.353
1,B1_2,-0.074,0.412,0.048,-0.001,-0.057,1.0,-0.433,-0.039,-0.769,-0.201,0.274,-0.643,-0.108,-0.098,-0.657,0.403
1,B1_3,0.108,0.274,-0.353,-0.508,0.181,-0.433,1.0,-0.198,0.646,-0.545,-0.337,0.64,0.304,0.097,0.008,0.066
1,A2_1,0.003,-0.028,-0.146,0.086,0.668,-0.039,-0.198,1.0,-0.243,0.345,-0.129,-0.249,0.124,0.144,0.365,-0.679
1,A2_2,0.16,-0.32,-0.029,-0.175,0.022,-0.769,0.646,-0.243,1.0,-0.102,-0.353,0.718,0.226,0.109,0.436,0.055
1,A2_3,-0.288,-0.35,0.245,0.165,0.008,-0.201,-0.545,0.345,-0.102,1.0,0.009,-0.131,-0.358,0.061,0.595,-0.246
1,B2_1,-0.419,0.123,0.271,0.527,0.075,0.274,-0.337,-0.129,-0.353,0.009,1.0,-0.31,0.101,0.71,-0.052,0.384
1,B2_2,0.36,-0.338,0.187,-0.003,-0.33,-0.643,0.64,-0.249,0.718,-0.131,-0.31,1.0,0.494,0.028,0.13,0.021
1,B2_3,0.276,-0.25,-0.134,0.136,0.054,-0.108,0.304,0.124,0.226,-0.358,0.101,0.494,1.0,0.291,-0.223,0.112
1,y1,-0.228,-0.006,0.024,0.193,0.484,-0.098,0.097,0.144,0.109,0.061,0.71,0.028,0.291,1.0,0.364,0.275
1,y2,-0.155,-0.247,0.066,-0.003,0.423,-0.657,0.008,0.365,0.436,0.595,-0.052,0.13,-0.223,0.364,1.0,-0.428
1,y3,-0.217,-0.024,0.039,-0.02,-0.353,0.403,0.066,-0.679,0.055,-0.246,0.384,0.021,0.112,0.275,-0.428,1.0
2,.,1.0,-0.275,0.127,-0.076,-0.148,-0.074,0.108,0.002,0.162,-0.286,-0.421,0.36,0.273,-0.23,-0.154,-0.217
2,A1_1,-0.275,1.0,-0.169,-0.433,0.372,0.412,0.274,-0.028,-0.32,-0.35,0.122,-0.337,-0.25,-0.006,-0.247,-0.024
2,A1_2,0.127,-0.169,1.0,0.713,-0.452,0.048,-0.354,-0.145,-0.028,0.245,0.27,0.187,-0.134,0.024,0.067,0.039
2,A1_3,-0.076,-0.433,0.713,1.0,-0.322,-0.002,-0.508,0.086,-0.174,0.164,0.527,-0.003,0.135,0.193,-0.002,-0.02
2,B1_1,-0.148,0.372,-0.452,-0.322,1.0,-0.056,0.182,0.669,0.021,0.008,0.075,-0.329,0.056,0.485,0.422,-0.353
2,B1_2,-0.074,0.412,0.048,-0.002,-0.056,1.0,-0.431,-0.039,-0.769,-0.201,0.273,-0.641,-0.107,-0.097,-0.656,0.403
2,B1_3,0.108,0.274,-0.354,-0.508,0.182,-0.431,1.0,-0.197,0.645,-0.545,-0.337,0.64,0.305,0.096,0.007,0.066
2,A2_1,0.002,-0.028,-0.145,0.086,0.669,-0.039,-0.197,1.0,-0.243,0.345,-0.129,-0.248,0.124,0.144,0.365,-0.679
2,A2_2,0.162,-0.32,-0.028,-0.174,0.021,-0.769,0.645,-0.243,1.0,-0.103,-0.353,0.718,0.226,0.108,0.436,0.055
2,A2_3,-0.286,-0.35,0.245,0.164,0.008,-0.201,-0.545,0.345,-0.103,1.0,0.008,-0.131,-0.359,0.061,0.595,-0.246
2,B2_1,-0.421,0.122,0.27,0.527,0.075,0.273,-0.337,-0.129,-0.353,0.008,1.0,-0.31,0.101,0.711,-0.053,0.385
2,B2_2,0.36,-0.337,0.187,-0.003,-0.329,-0.641,0.64,-0.248,0.718,-0.131,-0.31,1.0,0.494,0.026,0.129,0.02
2,B2_3,0.273,-0.25,-0.134,0.135,0.056,-0.107,0.305,0.124,0.226,-0.359,0.101,0.494,1.0,0.289,-0.224,0.111
2,y1,-0.23,-0.006,0.024,0.193,0.485,-0.097,0.096,0.144,0.108,0.061,0.711,0.026,0.289,1.0,0.364,0.275
2,y2,-0.154,-0.247,0.067,-0.002,0.422,-0.656,0.007,0.365,0.436,0.595,-0.053,0.129,-0.224,0.364,1.0,-0.427
2,y3,-0.217,-0.024,0.039,-0.02,-0.353,0.403,0.066,-0.679,0.055,-0.246,0.385,0.02,0.111,0.275,-0.427,1.0
3,.,1.0,-0.276,0.127,-0.077,-0.148,-0.076,0.11,0.002,0.165,-0.285,-0.423,0.362,0.273,-0.23,-0.151,-0.217
3,A1_1,-0.276,1.0,-0.169,-0.433,0.372,0.411,0.275,-0.028,-0.32,-0.349,0.123,-0.336,-0.249,-0.005,-0.247,-0.024
3,A1_2,0.127,-0.169,1.0,0.713,-0.452,0.047,-0.354,-0.144,-0.028,0.245,0.27,0.186,-0.135,0.025,0.067,0.039
3,A1_3,-0.077,-0.433,0.713,1.0,-0.322,-0.003,-0.508,0.086,-0.174,0.164,0.527,-0.003,0.134,0.193,-0.002,-0.021
3,B1_1,-0.148,0.372,-0.452,-0.322,1.0,-0.056,0.183,0.669,0.022,0.008,0.075,-0.328,0.057,0.485,0.421,-0.352
3,B1_2,-0.076,0.411,0.047,-0.003,-0.056,1.0,-0.43,-0.039,-0.768,-0.202,0.273,-0.64,-0.106,-0.096,-0.656,0.404
3,B1_3,0.11,0.275,-0.354,-0.508,0.183,-0.43,1.0,-0.197,0.645,-0.545,-0.337,0.64,0.306,0.096,0.005,0.065
3,A2_1,0.002,-0.028,-0.144,0.086,0.669,-0.039,-0.197,1.0,-0.242,0.346,-0.128,-0.247,0.124,0.145,0.366,-0.679
3,A2_2,0.165,-0.32,-0.028,-0.174,0.022,-0.768,0.645,-0.242,1.0,-0.103,-0.353,0.718,0.225,0.108,0.435,0.054
3,A2_3,-0.285,-0.349,0.245,0.164,0.008,-0.202,-0.545,0.346,-0.103,1.0,0.008,-0.131,-0.359,0.062,0.596,-0.245
3,B2_1,-0.423,0.123,0.27,0.527,0.075,0.273,-0.337,-0.128,-0.353,0.008,1.0,-0.31,0.102,0.711,-0.053,0.385
3,B2_2,0.362,-0.336,0.186,-0.003,-0.328,-0.64,0.64,-0.247,0.718,-0.131,-0.31,1.0,0.495,0.025,0.128,0.019
3,B2_3,0.273,-0.249,-0.135,0.134,0.057,-0.106,0.306,0.124,0.225,-0.359,0.102,0.495,1.0,0.288,-0.224,0.11
3,y1,-0.23,-0.005,0.025,0.193,0.485,-0.096,0.096,0.145,0.108,0.062,0.711,0.025,0.288,1.0,0.364,0.274
3,y2,-0.151,-0.247,0.067,-0.002,0.421,-0.656,0.005,0.366,0.435,0.596,-0.053,0.128,-0.224,0.364,1.0,-0.427
3,y3,-0.217,-0.024,0.039,-0.021,-0.352,0.404,0.065,-0.679,0.054,-0.245,0.385,0.019,0.11,0.274,-0.427,1.0
4,.,1.0,-0.275,0.127,-0.079,-0.147,-0.077,0.11,0.001,0.168,-0.283,-0.424,0.362,0.27,-0.231,-0.15,-0.216
4,A1_1,-0.275,1.0,-0.168,-0.432,0.372,0.41,0.276,-0.028,-0.319,-0.349,0.124,-0.335,-0.249,-0.004,-0.247,-0.024
4,A1_2,0.127,-0.168,1.0,0.713,-0.452,0.047,-0.354,-0.143,-0.027,0.245,0.27,0.186,-0.135,0.026,0.068,0.039
4,A1_3,-0.079,-0.432,0.713,1.0,-0.322,-0.003,-0.508,0.087,-0.173,0.164,0.526,-0.003,0.133,0.194,-0.001,-0.021
4,B1_1,-0.147,0.372,-0.452,-0.322,1.0,-0.055,0.184,0.669,0.021,0.008,0.075,-0.327,0.058,0.485,0.42,-0.352
4,B1_2,-0.077,0.41,0.047,-0.003,-0.055,1.0,-0.428,-0.039,-0.768,-0.202,0.274,-0.639,-0.105,-0.096,-0.655,0.405
4,B1_3,0.11,0.276,-0.354,-0.508,0.184,-0.428,1.0,-0.195,0.644,-0.545,-0.336,0.64,0.308,0.095,0.004,0.064
4,A2_1,0.001,-0.028,-0.143,0.087,0.669,-0.039,-0.195,1.0,-0.242,0.346,-0.128,-0.246,0.125,0.145,0.367,-0.679
4,A2_2,0.168,-0.319,-0.027,-0.173,0.021,-0.768,0.644,-0.242,1.0,-0.103,-0.353,0.718,0.226,0.108,0.435,0.053
4,A2_3,-0.283,-0.349,0.245,0.164,0.008,-0.202,-0.545,0.346,-0.103,1.0,0.007,-0.131,-0.359,0.062,0.596,-0.245
4,B2_1,-0.424,0.124,0.27,0.526,0.075,0.274,-0.336,-0.128,-0.353,0.007,1.0,-0.31,0.102,0.712,-0.054,0.385
4,B2_2,0.362,-0.335,0.186,-0.003,-0.327,-0.639,0.64,-0.246,0.718,-0.131,-0.31,1.0,0.496,0.025,0.127,0.018
4,B2_3,0.27,-0.249,-0.135,0.133,0.058,-0.105,0.308,0.125,0.226,-0.359,0.102,0.496,1.0,0.288,-0.224,0.109
4,y1,-0.231,-0.004,0.026,0.194,0.485,-0.096,0.095,0.145,0.108,0.062,0.712,0.025,0.288,1.0,0.364,0.274
4,y2,-0.15,-0.247,0.068,-0.001,0.42,-0.655,0.004,0.367,0.435,0.596,-0.054,0.127,-0.224,0.364,1.0,-0.427
4,y3,-0.216,-0.024,0.039,-0.021,-0.352,0.405,0.064,-0.679,0.053,-0.245,0.385,0.018,0.109,0.274,-0.427,1.0
5,.,1.0,-0.275,0.128,-0.08,-0.146,-0.077,0.111,0.001,0.171,-0.281,-0.425,0.363,0.269,-0.231,-0.148,-0.216
5,A1_1,-0.275,1.0,-0.168,-0.432,0.372,0.41,0.276,-0.028,-0.32,-0.35,0.124,-0.334,-0.248,-0.004,-0.246,-0.024
5,A1_2,0.128,-0.168,1.0,0.714,-0.452,0.046,-0.354,-0.143,-0.026,0.246,0.27,0.186,-0.136,0.027,0.069,0.04
5,A1_3,-0.08,-0.432,0.714,1.0,-0.322,-0.004,-0.508,0.087,-0.172,0.165,0.526,-0.003,0.132,0.195,-0.001,-0.021
5,B1_1,-0.146,0.372,-0.452,-0.322,1.0,-0.054,0.184,0.669,0.021,0.008,0.074,-0.326,0.06,0.486,0.42,-0.352
5,B1_2,-0.077,0.41,0.046,-0.004,-0.054,1.0,-0.427,-0.039,-0.769,-0.203,0.274,-0.638,-0.104,-0.096,-0.655,0.405
5,B1_3,0.111,0.276,-0.354,-0.508,0.184,-0.427,1.0,-0.195,0.644,-0.545,-0.336,0.641,0.309,0.096,0.003,0.063
5,A2_1,0.001,-0.028,-0.143,0.087,0.669,-0.039,-0.195,1.0,-0.242,0.347,-0.127,-0.245,0.124,0.146,0.367,-0.68
5,A2_2,0.171,-0.32,-0.026,-0.172,0.021,-0.769,0.644,-0.242,1.0,-0.103,-0.354,0.718,0.225,0.108,0.435,0.053
5,A2_3,-0.281,-0.35,0.246,0.165,0.008,-0.203,-0.545,0.347,-0.103,1.0,0.007,-0.131,-0.359,0.063,0.597,-0.245
5,B2_1,-0.425,0.124,0.27,0.526,0.074,0.274,-0.336,-0.127,-0.354,0.007,1.0,-0.31,0.102,0.712,-0.055,0.385
5,B2_2,0.363,-0.334,0.186,-0.003,-0.326,-0.638,0.641,-0.245,0.718,-0.131,-0.31,1.0,0.497,0.025,0.126,0.017
5,B2_3,0.269,-0.248,-0.136,0.132,0.06,-0.104,0.309,0.124,0.225,-0.359,0.102,0.497,1.0,0.287,-0.225,0.108
5,y1,-0.231,-0.004,0.027,0.195,0.486,-0.096,0.096,0.146,0.108,0.063,0.712,0.025,0.287,1.0,0.364,0.273
5,y2,-0.148,-0.246,0.069,-0.001,0.42,-0.655,0.003,0.367,0.435,0.597,-0.055,0.126,-0.225,0.364,1.0,-0.427
5,y3,-0.216,-0.024,0.04,-0.021,-0.352,0.405,0.063,-0.68,0.053,-0.245,0.385,0.017,0.108,0.273,-0.427,1.0
6,.,1.0,-0.275,0.129,-0.081,-0.145,-0.079,0.112,0.0,0.173,-0.279,-0.426,0.364,0.266,-0.231,-0.146,-0.216
6,A1_1,-0.275,1.0,-0.168,-0.432,0.371,0.41,0.277,-0.028,-0.32,-0.349,0.124,-0.334,-0.248,-0.004,-0.247,-0.025
6,A1_2,0.129,-0.168,1.0,0.714,-0.452,0.046,-0.354,-0.143,-0.026,0.246,0.27,0.186,-0.136,0.028,0.069,0.04
6,A1_3,-0.081,-0.432,0.714,1.0,-0.323,-0.004,-0.508,0.087,-0.172,0.165,0.526,-0.003,0.132,0.195,0.0,-0.021
6,B1_1,-0.145,0.371,-0.452,-0.323,1.0,-0.054,0.185,0.67,0.02,0.008,0.074,-0.325,0.061,0.486,0.419,-0.352
6,B1_2,-0.079,0.41,0.046,-0.004,-0.054,1.0,-0.426,-0.039,-0.768,-0.203,0.274,-0.636,-0.102,-0.095,-0.654,0.405
6,B1_3,0.112,0.277,-0.354,-0.508,0.185,-0.426,1.0,-0.194,0.643,-0.545,-0.336,0.641,0.31,0.095,0.002,0.063
6,A2_1,0.0,-0.028,-0.143,0.087,0.67,-0.039,-0.194,1.0,-0.242,0.347,-0.127,-0.244,0.124,0.146,0.368,-0.68
6,A2_2,0.173,-0.32,-0.026,-0.172,0.02,-0.768,0.643,-0.242,1.0,-0.103,-0.354,0.718,0.225,0.107,0.434,0.053
6,A2_3,-0.279,-0.349,0.246,0.165,0.008,-0.203,-0.545,0.347,-0.103,1.0,0.007,-0.131,-0.359,0.064,0.598,-0.244
6,B2_1,-0.426,0.124,0.27,0.526,0.074,0.274,-0.336,-0.127,-0.354,0.007,1.0,-0.31,0.103,0.712,-0.056,0.385
6,B2_2,0.364,-0.334,0.186,-0.003,-0.325,-0.636,0.641,-0.244,0.718,-0.131,-0.31,1.0,0.497,0.025,0.125,0.017
6,B2_3,0.266,-0.248,-0.136,0.132,0.061,-0.102,0.31,0.124,0.225,-0.359,0.103,0.497,1.0,0.286,-0.225,0.107
6,y1,-0.231,-0.004,0.028,0.195,0.486,-0.095,0.095,0.146,0.107,0.064,0.712,0.025,0.286,1.0,0.364,0.273
6,y2,-0.146,-0.247,0.069,0.0,0.419,-0.654,0.002,0.368,0.434,0.598,-0.056,0.125,-0.225,0.364,1.0,-0.426
6,y3,-0.216,-0.025,0.04,-0.021,-0.352,0.405,0.063,-0.68,0.053,-0.244,0.385,0.017,0.107,0.273,-0.426,1.0
7,.,1.0,-0.275,0.129,-0.082,-0.144,-0.08,0.113,-0.001,0.175,-0.277,-0.426,0.365,0.264,-0.23,-0.145,-0.215
7,A1_1,-0.275,1.0,-0.167,-0.432,0.371,0.41,0.277,-0.028,-0.32,-0.349,0.124,-0.333,-0.247,-0.003,-0.246,-0.025
7,A1_2,0.129,-0.167,1.0,0.714,-0.452,0.045,-0.354,-0.142,-0.024,0.246,0.27,0.186,-0.136,0.028,0.07,0.04
7,A1_3,-0.082,-0.432,0.714,1.0,-0.323,-0.005,-0.508,0.087,-0.17,0.164,0.526,-0.003,0.131,0.195,0.0,-0.021
7,B1_1,-0.144,0.371,-0.452,-0.323,1.0,-0.053,0.186,0.67,0.019,0.007,0.074,-0.324,0.062,0.486,0.418,-0.352
7,B1_2,-0.08,0.41,0.045,-0.005,-0.053,1.0,-0.425,-0.039,-0.768,-0.204,0.274,-0.635,-0.101,-0.095,-0.654,0.405
7,B1_3,0.113,0.277,-0.354,-0.508,0.186,-0.425,1.0,-0.194,0.642,-0.545,-0.336,0.641,0.311,0.095,0.001,0.062
7,A2_1,-0.001,-0.028,-0.142,0.087,0.67,-0.039,-0.194,1.0,-0.242,0.347,-0.126,-0.244,0.124,0.146,0.369,-0.68
7,A2_2,0.175,-0.32,-0.024,-0.17,0.019,-0.768,0.642,-0.242,1.0,-0.103,-0.355,0.718,0.225,0.107,0.434,0.053
7,A2_3,-0.277,-0.349,0.246,0.164,0.007,-0.204,-0.545,0.347,-0.103,1.0,0.007,-0.132,-0.36,0.065,0.598,-0.243
7,B2_1,-0.426,0.124,0.27,0.526,0.074,0.274,-0.336,-0.126,-0.355,0.007,1.0,-0.31,0.103,0.712,-0.056,0.384
7,B2_2,0.365,-0.333,0.186,-0.003,-0.324,-0.635,0.641,-0.244,0.718,-0.132,-0.31,1.0,0.498,0.024,0.124,0.017
7,B2_3,0.264,-0.247,-0.136,0.131,0.062,-0.101,0.311,0.124,0.225,-0.36,0.103,0.498,1.0,0.286,-0.226,0.106
7,y1,-0.23,-0.003,0.028,0.195,0.486,-0.095,0.095,0.146,0.107,0.065,0.712,0.024,0.286,1.0,0.364,0.273
7,y2,-0.145,-0.246,0.07,0.0,0.418,-0.654,0.001,0.369,0.434,0.598,-0.056,0.124,-0.226,0.364,1.0,-0.426
7,y3,-0.215,-0.025,0.04,-0.021,-0.352,0.405,0.062,-0.68,0.053,-0.243,0.384,0.017,0.106,0.273,-0.426,1.0
8,.,1.0,-0.275,0.129,-0.082,-0.144,-0.08,0.114,-0.002,0.176,-0.276,-0.426,0.365,0.262,-0.23,-0.143,-0.215
8,A1_1,-0.275,1.0,-0.167,-0.432,0.371,0.409,0.277,-0.028,-0.319,-0.349,0.125,-0.332,-0.247,-0.002,-0.246,-0.025
8,A1_2,0.129,-0.167,1.0,0.715,-0.452,0.045,-0.354,-0.141,-0.024,0.245,0.27,0.185,-0.136,0.029,0.07,0.041
8,A1_3,-0.082,-0.432,0.715,1.0,-0.323,-0.005,-0.508,0.087,-0.169,0.164,0.525,-0.003,0.131,0.195,0.001,-0.021
8,B1_1,-0.144,0.371,-0.452,-0.323,1.0,-0.053,0.186,0.67,0.02,0.007,0.074,-0.323,0.064,0.486,0.417,-0.351
8,B1_2,-0.08,0.409,0.045,-0.005,-0.053,1.0,-0.424,-0.039,-0.768,-0.204,0.274,-0.634,-0.1,-0.094,-0.654,0.405
8,B1_3,0.114,0.277,-0.354,-0.508,0.186,-0.424,1.0,-0.193,0.642,-0.546,-0.336,0.642,0.312,0.094,-0.0,0.061
8,A2_1,-0.002,-0.028,-0.141,0.087,0.67,-0.039,-0.193,1.0,-0.242,0.347,-0.126,-0.243,0.124,0.146,0.369,-0.68
8,A2_2,0.176,-0.319,-0.024,-0.169,0.02,-0.768,0.642,-0.242,1.0,-0.103,-0.354,0.718,0.224,0.108,0.434,0.053
8,A2_3,-0.276,-0.349,0.245,0.164,0.007,-0.204,-0.546,0.347,-0.103,1.0,0.006,-0.132,-0.36,0.065,0.599,-0.242
8,B2_1,-0.426,0.125,0.27,0.525,0.074,0.274,-0.336,-0.126,-0.354,0.006,1.0,-0.31,0.104,0.712,-0.057,0.384
8,B2_2,0.365,-0.332,0.185,-0.003,-0.323,-0.634,0.642,-0.243,0.718,-0.132,-0.31,1.0,0.498,0.023,0.124,0.016
8,B2_3,0.262,-0.247,-0.136,0.131,0.064,-0.1,0.312,0.124,0.224,-0.36,0.104,0.498,1.0,0.284,-0.227,0.106
8,y1,-0.23,-0.002,0.029,0.195,0.486,-0.094,0.094,0.146,0.108,0.065,0.712,0.023,0.284,1.0,0.364,0.273
8,y2,-0.143,-0.246,0.07,0.001,0.417,-0.654,-0.0,0.369,0.434,0.599,-0.057,0.124,-0.227,0.364,1.0,-0.425
8,y3,-0.215,-0.025,0.041,-0.021,-0.351,0.405,0.061,-0.68,0.053,-0.242,0.384,0.016,0.106,0.273,-0.425,1.0
9,.,1.0,-0.275,0.13,-0.083,-0.143,-0.082,0.115,-0.003,0.179,-0.275,-0.426,0.366,0.261,-0.23,-0.142,-0.214
9,A1_1,-0.275,1.0,-0.166,-0.431,0.371,0.409,0.278,-0.028,-0.319,-0.349,0.125,-0.331,-0.247,-0.002,-0.245,-0.026
9,A1_2,0.13,-0.166,1.0,0.715,-0.452,0.045,-0.354,-0.141,-0.023,0.245,0.269,0.185,-0.137,0.029,0.071,0.041
9,A1_3,-0.083,-0.431,0.715,1.0,-0.323,-0.006,-0.508,0.088,-0.169,0.164,0.525,-0.003,0.131,0.194,0.001,-0.021
9,B1_1,-0.143,0.371,-0.452,-0.323,1.0,-0.052,0.186,0.671,0.019,0.007,0.074,-0.322,0.066,0.487,0.416,-0.351
9,B1_2,-0.082,0.409,0.045,-0.006,-0.052,1.0,-0.422,-0.039,-0.768,-0.204,0.274,-0.633,-0.098,-0.094,-0.654,0.406
9,B1_3,0.115,0.278,-0.354,-0.508,0.186,-0.422,1.0,-0.193,0.641,-0.546,-0.336,0.642,0.312,0.093,-0.001,0.06
9,A2_1,-0.003,-0.028,-0.141,0.088,0.671,-0.039,-0.193,1.0,-0.242,0.347,-0.126,-0.242,0.125,0.146,0.369,-0.68
9,A2_2,0.179,-0.319,-0.023,-0.169,0.019,-0.768,0.641,-0.242,1.0,-0.103,-0.354,0.718,0.224,0.108,0.434,0.052
9,A2_3,-0.275,-0.349,0.245,0.164,0.007,-0.204,-0.546,0.347,-0.103,1.0,0.006,-0.133,-0.36,0.065,0.599,-0.242
9,B2_1,-0.426,0.125,0.269,0.525,0.074,0.274,-0.336,-0.126,-0.354,0.006,1.0,-0.31,0.104,0.712,-0.058,0.385
9,B2_2,0.366,-0.331,0.185,-0.003,-0.322,-0.633,0.642,-0.242,0.718,-0.133,-0.31,1.0,0.498,0.023,0.123,0.016
9,B2_3,0.261,-0.247,-0.137,0.131,0.066,-0.098,0.312,0.125,0.224,-0.36,0.104,0.498,1.0,0.284,-0.227,0.106
9,y1,-0.23,-0.002,0.029,0.194,0.487,-0.094,0.093,0.146,0.108,0.065,0.712,0.023,0.284,1.0,0.364,0.274
9,y2,-0.142,-0.245,0.071,0.001,0.416,-0.654,-0.001,0.369,0.434,0.599,-0.058,0.123,-0.227,0.364,1.0,-0.425
9,y3,-0.214,-0.026,0.041,-0.021,-0.351,0.406,0.06,-0.68,0.052,-0.242,0.385,0.016,0.106,0.274,-0.425,1.0
10,.,1.0,-0.276,0.131,-0.082,-0.144,-0.083,0.115,-0.004,0.18,-0.273,-0.426,0.367,0.259,-0.229,-0.141,-0.213
10,A1_1,-0.276,1.0,-0.166,-0.432,0.37,0.409,0.278,-0.028,-0.318,-0.348,0.125,-0.33,-0.247,-0.002,-0.245,-0.026
10,A1_2,0.131,-0.166,1.0,0.715,-0.452,0.044,-0.355,-0.14,-0.022,0.246,0.269,0.185,-0.137,0.029,0.071,0.042
10,A1_3,-0.082,-0.432,0.715,1.0,-0.323,-0.006,-0.508,0.088,-0.168,0.164,0.524,-0.003,0.13,0.194,0.001,-0.021
10,B1_1,-0.144,0.37,-0.452,-0.323,1.0,-0.051,0.187,0.671,0.02,0.006,0.073,-0.321,0.068,0.486,0.416,-0.351
10,B1_2,-0.083,0.409,0.044,-0.006,-0.051,1.0,-0.421,-0.039,-0.768,-0.204,0.275,-0.632,-0.097,-0.094,-0.653,0.406
10,B1_3,0.115,0.278,-0.355,-0.508,0.187,-0.421,1.0,-0.192,0.641,-0.546,-0.336,0.642,0.313,0.093,-0.002,0.06
10,A2_1,-0.004,-0.028,-0.14,0.088,0.671,-0.039,-0.192,1.0,-0.242,0.348,-0.126,-0.242,0.125,0.146,0.369,-0.68
10,A2_2,0.18,-0.318,-0.022,-0.168,0.02,-0.768,0.641,-0.242,1.0,-0.104,-0.354,0.717,0.223,0.108,0.434,0.052
10,A2_3,-0.273,-0.348,0.246,0.164,0.006,-0.204,-0.546,0.348,-0.104,1.0,0.006,-0.133,-0.361,0.066,0.599,-0.242
10,B2_1,-0.426,0.125,0.269,0.524,0.073,0.275,-0.336,-0.126,-0.354,0.006,1.0,-0.309,0.105,0.712,-0.059,0.385
10,B2_2,0.367,-0.33,0.185,-0.003,-0.321,-0.632,0.642,-0.242,0.717,-0.133,-0.309,1.0,0.498,0.023,0.123,0.015
10,B2_3,0.259,-0.247,-0.137,0.13,0.068,-0.097,0.313,0.125,0.223,-0.361,0.105,0.498,1.0,0.283,-0.228,0.105
10,y1,-0.229,-0.002,0.029,0.194,0.486,-0.094,0.093,0.146,0.108,0.066,0.712,0.023,0.283,1.0,0.364,0.273
10,y2,-0.141,-0.245,0.071,0.001,0.416,-0.653,-0.002,0.369,0.434,0.599,-0.059,0.123,-0.228,0.364,1.0,-0.424
10,y3,-0.213,-0.026,0.042,-0.021,-0.351,0.406,0.06,-0.68,0.052,-0.242,0.385,0.015,0.105,0.273,-0.424,1.0
11,.,1.0,-0.277,0.131,-0.083,-0.144,-0.084,0.116,-0.006,0.183,-0.271,-0.426,0.369,0.258,-0.23,-0.139,-0.212
11,A1_1,-0.277,1.0,-0.166,-0.431,0.37,0.409,0.278,-0.028,-0.318,-0.348,0.126,-0.33,-0.247,-0.001,-0.245,-0.026
11,A1_2,0.131,-0.166,1.0,0.716,-0.452,0.044,-0.355,-0.14,-0.022,0.246,0.269,0.185,-0.138,0.029,0.072,0.042
11,A1_3,-0.083,-0.431,0.716,1.0,-0.323,-0.007,-0.508,0.088,-0.167,0.164,0.524,-0.003,0.129,0.194,0.001,-0.021
11,B1_1,-0.144,0.37,-0.452,-0.323,1.0,-0.051,0.188,0.671,0.019,0.006,0.073,-0.32,0.069,0.487,0.415,-0.351
11,B1_2,-0.084,0.409,0.044,-0.007,-0.051,1.0,-0.42,-0.039,-0.768,-0.205,0.275,-0.631,-0.096,-0.093,-0.653,0.406
11,B1_3,0.116,0.278,-0.355,-0.508,0.188,-0.42,1.0,-0.192,0.641,-0.546,-0.335,0.643,0.314,0.093,-0.003,0.059
11,A2_1,-0.006,-0.028,-0.14,0.088,0.671,-0.039,-0.192,1.0,-0.242,0.348,-0.125,-0.241,0.124,0.146,0.369,-0.681
11,A2_2,0.183,-0.318,-0.022,-0.167,0.019,-0.768,0.641,-0.242,1.0,-0.104,-0.354,0.717,0.223,0.108,0.433,0.051
11,A2_3,-0.271,-0.348,0.246,0.164,0.006,-0.205,-0.546,0.348,-0.104,1.0,0.006,-0.133,-0.361,0.067,0.6,-0.241
11,B2_1,-0.426,0.126,0.269,0.524,0.073,0.275,-0.335,-0.125,-0.354,0.006,1.0,-0.309,0.105,0.713,-0.059,0.385
11,B2_2,0.369,-0.33,0.185,-0.003,-0.32,-0.631,0.643,-0.241,0.717,-0.133,-0.309,1.0,0.499,0.023,0.122,0.015
11,B2_3,0.258,-0.247,-0.138,0.129,0.069,-0.096,0.314,0.124,0.223,-0.361,0.105,0.499,1.0,0.283,-0.228,0.105
11,y1,-0.23,-0.001,0.029,0.194,0.487,-0.093,0.093,0.146,0.108,0.067,0.713,0.023,0.283,1.0,0.364,0.273
11,y2,-0.139,-0.245,0.072,0.001,0.415,-0.653,-0.003,0.369,0.433,0.6,-0.059,0.122,-0.228,0.364,1.0,-0.424
11,y3,-0.212,-0.026,0.042,-0.021,-0.351,0.406,0.059,-0.681,0.051,-0.241,0.385,0.015,0.105,0.273,-0.424,1.0
12,.,1.0,-0.277,0.132,-0.083,-0.145,-0.087,0.116,-0.008,0.185,-0.268,-0.428,0.369,0.254,-0.231,-0.137,-0.213
12,A1_1,-0.277,1.0,-0.165,-0.431,0.37,0.409,0.278,-0.028,-0.319,-0.348,0.126,-0.329,-0.246,-0.002,-0.245,-0.027
12,A1_2,0.132,-0.165,1.0,0.716,-0.452,0.043,-0.355,-0.139,-0.021,0.246,0.269,0.184,-0.138,0.031,0.073,0.042
12,A1_3,-0.083,-0.431,0.716,1.0,-0.323,-0.008,-0.508,0.088,-0.166,0.165,0.524,-0.003,0.129,0.195,0.002,-0.021
12,B1_1,-0.145,0.37,-0.452,-0.323,1.0,-0.05,0.189,0.672,0.02,0.006,0.073,-0.318,0.071,0.487,0.415,-0.351
12,B1_2,-0.087,0.409,0.043,-0.008,-0.05,1.0,-0.419,-0.039,-0.768,-0.205,0.275,-0.63,-0.094,-0.093,-0.653,0.406
12,B1_3,0.116,0.278,-0.355,-0.508,0.189,-0.419,1.0,-0.191,0.64,-0.546,-0.335,0.643,0.315,0.093,-0.004,0.059
12,A2_1,-0.008,-0.028,-0.139,0.088,0.672,-0.039,-0.191,1.0,-0.241,0.349,-0.125,-0.24,0.124,0.146,0.37,-0.681
12,A2_2,0.185,-0.319,-0.021,-0.166,0.02,-0.768,0.64,-0.241,1.0,-0.104,-0.354,0.717,0.222,0.108,0.433,0.051
12,A2_3,-0.268,-0.348,0.246,0.165,0.006,-0.205,-0.546,0.349,-0.104,1.0,0.006,-0.134,-0.361,0.068,0.601,-0.24
12,B2_1,-0.428,0.126,0.269,0.524,0.073,0.275,-0.335,-0.125,-0.354,0.006,1.0,-0.309,0.106,0.713,-0.06,0.385
12,B2_2,0.369,-0.329,0.184,-0.003,-0.318,-0.63,0.643,-0.24,0.717,-0.134,-0.309,1.0,0.499,0.023,0.121,0.015
12,B2_3,0.254,-0.246,-0.138,0.129,0.071,-0.094,0.315,0.124,0.222,-0.361,0.106,0.499,1.0,0.282,-0.229,0.104
12,y1,-0.231,-0.002,0.031,0.195,0.487,-0.093,0.093,0.146,0.108,0.068,0.713,0.023,0.282,1.0,0.363,0.273
12,y2,-0.137,-0.245,0.073,0.002,0.415,-0.653,-0.004,0.37,0.433,0.601,-0.06,0.121,-0.229,0.363,1.0,-0.424
12,y3,-0.213,-0.027,0.042,-0.021,-0.351,0.406,0.059,-0.681,0.051,-0.24,0.385,0.015,0.104,0.273,-0.424,1.0
13,.,1.0,-0.278,0.133,-0.084,-0.145,-0.09,0.117,-0.009,0.188,-0.266,-0.428,0.37,0.251,-0.231,-0.136,-0.214
13,A1_1,-0.278,1.0,-0.165,-0.43,0.37,0.409,0.279,-0.028,-0.319,-0.348,0.126,-0.329,-0.246,-0.001,-0.244,-0.027
13,A1_2,0.133,-0.165,1.0,0.716,-0.452,0.043,-0.355,-0.139,-0.02,0.247,0.269,0.184,-0.138,0.031,0.073,0.043
13,A1_3,-0.084,-0.43,0.716,1.0,-0.324,-0.008,-0.508,0.088,-0.165,0.165,0.524,-0.003,0.128,0.195,0.003,-0.021
13,B1_1,-0.145,0.37,-0.452,-0.324,1.0,-0.049,0.19,0.672,0.019,0.005,0.073,-0.317,0.072,0.487,0.414,-0.35
13,B1_2,-0.09,0.409,0.043,-0.008,-0.049,1.0,-0.417,-0.039,-0.768,-0.206,0.276,-0.628,-0.093,-0.092,-0.653,0.406
13,B1_3,0.117,0.279,-0.355,-0.508,0.19,-0.417,1.0,-0.19,0.639,-0.546,-0.335,0.643,0.316,0.093,-0.005,0.058
13,A2_1,-0.009,-0.028,-0.139,0.088,0.672,-0.039,-0.19,1.0,-0.242,0.349,-0.124,-0.24,0.124,0.146,0.37,-0.681
13,A2_2,0.188,-0.319,-0.02,-0.165,0.019,-0.768,0.639,-0.242,1.0,-0.104,-0.354,0.717,0.221,0.108,0.433,0.051
13,A2_3,-0.266,-0.348,0.247,0.165,0.005,-0.206,-0.546,0.349,-0.104,1.0,0.006,-0.134,-0.362,0.069,0.601,-0.24
13,B2_1,-0.428,0.126,0.269,0.524,0.073,0.276,-0.335,-0.124,-0.354,0.006,1.0,-0.309,0.107,0.713,-0.06,0.385
13,B2_2,0.37,-0.329,0.184,-0.003,-0.317,-0.628,0.643,-0.24,0.717,-0.134,-0.309,1.0,0.5,0.023,0.12,0.015
13,B2_3,0.251,-0.246,-0.138,0.128,0.072,-0.093,0.316,0.124,0.221,-0.362,0.107,0.5,1.0,0.282,-0.229,0.103
13,y1,-0.231,-0.001,0.031,0.195,0.487,-0.092,0.093,0.146,0.108,0.069,0.713,0.023,0.282,1.0,0.364,0.273
13,y2,-0.136,-0.244,0.073,0.003,0.414,-0.653,-0.005,0.37,0.433,0.601,-0.06,0.12,-0.229,0.364,1.0,-0.423
13,y3,-0.214,-0.027,0.043,-0.021,-0.35,0.406,0.058,-0.681,0.051,-0.24,0.385,0.015,0.103,0.273,-0.423,1.0
14,.,1.0,-0.278,0.133,-0.085,-0.145,-0.092,0.117,-0.01,0.189,-0.265,-0.43,0.37,0.249,-0.232,-0.134,-0.214
14,A1_1,-0.278,1.0,-0.165,-0.43,0.37,0.408,0.278,-0.028,-0.318,-0.348,0.126,-0.328,-0.246,-0.001,-0.243,-0.027
14,A1_2,0.133,-0.165,1.0,0.717,-0.452,0.043,-0.355,-0.139,-0.019,0.247,0.269,0.184,-0.138,0.032,0.073,0.043
14,A1_3,-0.085,-0.43,0.717,1.0,-0.324,-0.008,-0.508,0.088,-0.164,0.165,0.523,-0.003,0.127,0.195,0.002,-0.021
14,B1_1,-0.145,0.37,-0.452,-0.324,1.0,-0.049,0.191,0.672,0.019,0.005,0.073,-0.316,0.074,0.487,0.413,-0.35
14,B1_2,-0.092,0.408,0.043,-0.008,-0.049,1.0,-0.416,-0.039,-0.768,-0.206,0.276,-0.627,-0.092,-0.092,-0.652,0.407
14,B1_3,0.117,0.278,-0.355,-0.508,0.191,-0.416,1.0,-0.189,0.639,-0.546,-0.335,0.643,0.317,0.092,-0.006,0.058
14,A2_1,-0.01,-0.028,-0.139,0.088,0.672,-0.039,-0.189,1.0,-0.242,0.349,-0.124,-0.239,0.124,0.145,0.37,-0.681
14,A2_2,0.189,-0.318,-0.019,-0.164,0.019,-0.768,0.639,-0.242,1.0,-0.104,-0.354,0.716,0.221,0.108,0.433,0.051
14,A2_3,-0.265,-0.348,0.247,0.165,0.005,-0.206,-0.546,0.349,-0.104,1.0,0.006,-0.133,-0.362,0.07,0.602,-0.239
14,B2_1,-0.43,0.126,0.269,0.523,0.073,0.276,-0.335,-0.124,-0.354,0.006,1.0,-0.308,0.108,0.713,-0.061,0.385
14,B2_2,0.37,-0.328,0.184,-0.003,-0.316,-0.627,0.643,-0.239,0.716,-0.133,-0.308,1.0,0.501,0.023,0.119,0.015
14,B2_3,0.249,-0.246,-0.138,0.127,0.074,-0.092,0.317,0.124,0.221,-0.362,0.108,0.501,1.0,0.281,-0.23,0.103
14,y1,-0.232,-0.001,0.032,0.195,0.487,-0.092,0.092,0.145,0.108,0.07,0.713,0.023,0.281,1.0,0.363,0.273
14,y2,-0.134,-0.243,0.073,0.002,0.413,-0.652,-0.006,0.37,0.433,0.602,-0.061,0.119,-0.23,0.363,1.0,-0.423
14,y3,-0.214,-0.027,0.043,-0.021,-0.35,0.407,0.058,-0.681,0.051,-0.239,0.385,0.015,0.103,0.273,-0.423,1.0
15,.,1.0,-0.278,0.133,-0.086,-0.144,-0.093,0.118,-0.011,0.192,-0.264,-0.43,0.371,0.247,-0.232,-0.133,-0.213
15,A1_1,-0.278,1.0,-0.165,-0.43,0.37,0.408,0.278,-0.028,-0.319,-0.348,0.127,-0.328,-0.246,-0.001,-0.243,-0.028
15,A1_2,0.133,-0.165,1.0,0.717,-0.452,0.042,-0.355,-0.139,-0.018,0.247,0.268,0.184,-0.139,0.033,0.074,0.043
15,A1_3,-0.086,-0.43,0.717,1.0,-0.324,-0.009,-0.508,0.088,-0.163,0.166,0.523,-0.003,0.127,0.195,0.003,-0.021
15,B1_1,-0.144,0.37,-0.452,-0.324,1.0,-0.048,0.192,0.672,0.019,0.005,0.073,-0.315,0.075,0.487,0.412,-0.35
15,B1_2,-0.093,0.408,0.042,-0.009,-0.048,1.0,-0.415,-0.039,-0.768,-0.207,0.276,-0.626,-0.09,-0.092,-0.652,0.407
15,B1_3,0.118,0.278,-0.355,-0.508,0.192,-0.415,1.0,-0.189,0.638,-0.547,-0.334,0.643,0.318,0.092,-0.008,0.057
15,A2_1,-0.011,-0.028,-0.139,0.088,0.672,-0.039,-0.189,1.0,-0.241,0.349,-0.124,-0.239,0.124,0.146,0.371,-0.682
15,A2_2,0.192,-0.319,-0.018,-0.163,0.019,-0.768,0.638,-0.241,1.0,-0.104,-0.355,0.716,0.221,0.108,0.432,0.051
15,A2_3,-0.264,-0.348,0.247,0.166,0.005,-0.207,-0.547,0.349,-0.104,1.0,0.006,-0.134,-0.362,0.071,0.603,-0.239
15,B2_1,-0.43,0.127,0.268,0.523,0.073,0.276,-0.334,-0.124,-0.355,0.006,1.0,-0.308,0.108,0.713,-0.062,0.385
15,B2_2,0.371,-0.328,0.184,-0.003,-0.315,-0.626,0.643,-0.239,0.716,-0.134,-0.308,1.0,0.501,0.023,0.118,0.015
15,B2_3,0.247,-0.246,-0.139,0.127,0.075,-0.09,0.318,0.124,0.221,-0.362,0.108,0.501,1.0,0.281,-0.231,0.103
15,y1,-0.232,-0.001,0.033,0.195,0.487,-0.092,0.092,0.146,0.108,0.071,0.713,0.023,0.281,1.0,0.363,0.272
15,y2,-0.133,-0.243,0.074,0.003,0.412,-0.652,-0.008,0.371,0.432,0.603,-0.062,0.118,-0.231,0.363,1.0,-0.423
15,y3,-0.213,-0.028,0.043,-0.021,-0.35,0.407,0.057,-0.682,0.051,-0.239,0.385,0.015,0.103,0.272,-0.423,1.0
16,.,1.0,-0.278,0.134,-0.088,-0.144,-0.096,0.12,-0.012,0.195,-0.262,-0.432,0.372,0.244,-0.233,-0.131,-0.213
16,A1_1,-0.278,1.0,-0.164,-0.429,0.369,0.407,0.278,-0.028,-0.319,-0.347,0.127,-0.328,-0.246,-0.001,-0.243,-0.029
16,A1_2,0.134,-0.164,1.0,0.717,-0.452,0.042,-0.355,-0.138,-0.017,0.247,0.268,0.184,-0.139,0.033,0.075,0.044
16,A1_3,-0.088,-0.429,0.717,1.0,-0.324,-0.009,-0.508,0.088,-0.162,0.165,0.523,-0.003,0.126,0.195,0.004,-0.021
16,B1_1,-0.144,0.369,-0.452,-0.324,1.0,-0.048,0.193,0.672,0.018,0.004,0.073,-0.314,0.076,0.487,0.412,-0.35
16,B1_2,-0.096,0.407,0.042,-0.009,-0.048,1.0,-0.414,-0.039,-0.767,-0.206,0.277,-0.625,-0.089,-0.091,-0.651,0.407
16,B1_3,0.12,0.278,-0.355,-0.508,0.193,-0.414,1.0,-0.188,0.637,-0.547,-0.334,0.643,0.319,0.092,-0.009,0.057
16,A2_1,-0.012,-0.028,-0.138,0.088,0.672,-0.039,-0.188,1.0,-0.241,0.35,-0.124,-0.238,0.124,0.146,0.371,-0.682
16,A2_2,0.195,-0.319,-0.017,-0.162,0.018,-0.767,0.637,-0.241,1.0,-0.105,-0.355,0.716,0.221,0.108,0.431,0.051
16,A2_3,-0.262,-0.347,0.247,0.165,0.004,-0.206,-0.547,0.35,-0.105,1.0,0.005,-0.134,-0.362,0.071,0.604,-0.239
16,B2_1,-0.432,0.127,0.268,0.523,0.073,0.277,-0.334,-0.124,-0.355,0.005,1.0,-0.308,0.109,0.714,-0.062,0.385
16,B2_2,0.372,-0.328,0.184,-0.003,-0.314,-0.625,0.643,-0.238,0.716,-0.134,-0.308,1.0,0.501,0.022,0.117,0.014
16,B2_3,0.244,-0.246,-0.139,0.126,0.076,-0.089,0.319,0.124,0.221,-0.362,0.109,0.501,1.0,0.28,-0.231,0.102
16,y1,-0.233,-0.001,0.033,0.195,0.487,-0.091,0.092,0.146,0.108,0.071,0.714,0.022,0.28,1.0,0.363,0.273
16,y2,-0.131,-0.243,0.075,0.004,0.412,-0.651,-0.009,0.371,0.431,0.604,-0.062,0.117,-0.231,0.363,1.0,-0.422
16,y3,-0.213,-0.029,0.044,-0.021,-0.35,0.407,0.057,-0.682,0.051,-0.239,0.385,0.014,0.102,0.273,-0.422,1.0
17,.,1.0,-0.278,0.134,-0.089,-0.143,-0.099,0.121,-0.014,0.198,-0.261,-0.433,0.373,0.242,-0.233,-0.129,-0.214
17,A1_1,-0.278,1.0,-0.164,-0.429,0.369,0.407,0.279,-0.028,-0.319,-0.347,0.127,-0.327,-0.246,-0.002,-0.243,-0.029
17,A1_2,0.134,-0.164,1.0,0.717,-0.452,0.041,-0.356,-0.138,-0.016,0.247,0.268,0.184,-0.139,0.034,0.076,0.044
17,A1_3,-0.089,-0.429,0.717,1.0,-0.325,-0.01,-0.508,0.088,-0.161,0.165,0.523,-0.003,0.126,0.195,0.004,-0.021
17,B1_1,-0.143,0.369,-0.452,-0.325,1.0,-0.047,0.193,0.673,0.018,0.004,0.072,-0.313,0.078,0.487,0.411,-0.349
17,B1_2,-0.099,0.407,0.041,-0.01,-0.047,1.0,-0.412,-0.039,-0.767,-0.207,0.277,-0.624,-0.088,-0.091,-0.651,0.407
17,B1_3,0.121,0.279,-0.356,-0.508,0.193,-0.412,1.0,-0.188,0.637,-0.547,-0.334,0.643,0.32,0.091,-0.01,0.057
17,A2_1,-0.014,-0.028,-0.138,0.088,0.673,-0.039,-0.188,1.0,-0.241,0.35,-0.123,-0.238,0.124,0.146,0.372,-0.682
17,A2_2,0.198,-0.319,-0.016,-0.161,0.018,-0.767,0.637,-0.241,1.0,-0.105,-0.355,0.716,0.221,0.108,0.431,0.05
17,A2_3,-0.261,-0.347,0.247,0.165,0.004,-0.207,-0.547,0.35,-0.105,1.0,0.005,-0.134,-0.363,0.071,0.604,-0.238
17,B2_1,-0.433,0.127,0.268,0.523,0.072,0.277,-0.334,-0.123,-0.355,0.005,1.0,-0.308,0.109,0.714,-0.062,0.386
17,B2_2,0.373,-0.327,0.184,-0.003,-0.313,-0.624,0.643,-0.238,0.716,-0.134,-0.308,1.0,0.502,0.022,0.117,0.014
17,B2_3,0.242,-0.246,-0.139,0.126,0.078,-0.088,0.32,0.124,0.221,-0.363,0.109,0.502,1.0,0.279,-0.232,0.101
17,y1,-0.233,-0.002,0.034,0.195,0.487,-0.091,0.091,0.146,0.108,0.071,0.714,0.022,0.279,1.0,0.364,0.273
17,y2,-0.129,-0.243,0.076,0.004,0.411,-0.651,-0.01,0.372,0.431,0.604,-0.062,0.117,-0.232,0.364,1.0,-0.422
17,y3,-0.214,-0.029,0.044,-0.021,-0.349,0.407,0.057,-0.682,0.05,-0.238,0.386,0.014,0.101,0.273,-0.422,1.0
18,.,1.0,-0.279,0.134,-0.09,-0.144,-0.101,0.122,-0.015,0.201,-0.259,-0.434,0.375,0.239,-0.233,-0.127,-0.213
18,A1_1,-0.279,1.0,-0.163,-0.429,0.369,0.407,0.279,-0.028,-0.319,-0.347,0.128,-0.326,-0.246,-0.001,-0.242,-0.029
18,A1_2,0.134,-0.163,1.0,0.717,-0.452,0.041,-0.356,-0.137,-0.015,0.247,0.268,0.184,-0.14,0.034,0.077,0.045
18,A1_3,-0.09,-0.429,0.717,1.0,-0.325,-0.01,-0.508,0.088,-0.16,0.165,0.522,-0.003,0.125,0.195,0.004,-0.02
18,B1_1,-0.144,0.369,-0.452,-0.325,1.0,-0.046,0.195,0.673,0.018,0.003,0.072,-0.312,0.079,0.487,0.41,-0.349
18,B1_2,-0.101,0.407,0.041,-0.01,-0.046,1.0,-0.411,-0.039,-0.767,-0.207,0.278,-0.623,-0.086,-0.09,-0.65,0.407
18,B1_3,0.122,0.279,-0.356,-0.508,0.195,-0.411,1.0,-0.187,0.637,-0.547,-0.333,0.644,0.321,0.091,-0.011,0.056
18,A2_1,-0.015,-0.028,-0.137,0.088,0.673,-0.039,-0.187,1.0,-0.241,0.35,-0.123,-0.237,0.124,0.146,0.372,-0.683
18,A2_2,0.201,-0.319,-0.015,-0.16,0.018,-0.767,0.637,-0.241,1.0,-0.106,-0.354,0.716,0.22,0.108,0.431,0.05
18,A2_3,-0.259,-0.347,0.247,0.165,0.003,-0.207,-0.547,0.35,-0.106,1.0,0.004,-0.134,-0.363,0.072,0.604,-0.238
18,B2_1,-0.434,0.128,0.268,0.522,0.072,0.278,-0.333,-0.123,-0.354,0.004,1.0,-0.308,0.11,0.715,-0.062,0.386
18,B2_2,0.375,-0.326,0.184,-0.003,-0.312,-0.623,0.644,-0.237,0.716,-0.134,-0.308,1.0,0.502,0.022,0.116,0.014
18,B2_3,0.239,-0.246,-0.14,0.125,0.079,-0.086,0.321,0.124,0.22,-0.363,0.11,0.502,1.0,0.278,-0.232,0.101
18,y1,-0.233,-0.001,0.034,0.195,0.487,-0.09,0.091,0.146,0.108,0.072,0.715,0.022,0.278,1.0,0.364,0.273
18,y2,-0.127,-0.242,0.077,0.004,0.41,-0.65,-0.011,0.372,0.431,0.604,-0.062,0.116,-0.232,0.364,1.0,-0.421
18,y3,-0.213,-0.029,0.045,-0.02,-0.349,0.407,0.056,-0.683,0.05,-0.238,0.386,0.014,0.101,0.273,-0.421,1.0
19,.,1.0,-0.277,0.134,-0.091,-0.143,-0.104,0.125,-0.017,0.204,-0.258,-0.436,0.375,0.236,-0.233,-0.125,-0.213
19,A1_1,-0.277,1.0,-0.163,-0.429,0.369,0.406,0.279,-0.029,-0.318,-0.346,0.129,-0.326,-0.246,-0.001,-0.242,-0.03
19,A1_2,0.134,-0.163,1.0,0.718,-0.452,0.04,-0.356,-0.137,-0.015,0.248,0.268,0.183,-0.14,0.035,0.077,0.046
19,A1_3,-0.091,-0.429,0.718,1.0,-0.325,-0.011,-0.507,0.088,-0.16,0.165,0.522,-0.003,0.125,0.196,0.005,-0.02
19,B1_1,-0.143,0.369,-0.452,-0.325,1.0,-0.045,0.196,0.673,0.017,0.002,0.072,-0.311,0.081,0.486,0.409,-0.348
19,B1_2,-0.104,0.406,0.04,-0.011,-0.045,1.0,-0.41,-0.039,-0.767,-0.208,0.278,-0.622,-0.085,-0.09,-0.65,0.407
19,B1_3,0.125,0.279,-0.356,-0.507,0.196,-0.41,1.0,-0.187,0.636,-0.547,-0.333,0.644,0.322,0.091,-0.012,0.056
19,A2_1,-0.017,-0.029,-0.137,0.088,0.673,-0.039,-0.187,1.0,-0.241,0.35,-0.122,-0.236,0.124,0.146,0.373,-0.683
19,A2_2,0.204,-0.318,-0.015,-0.16,0.017,-0.767,0.636,-0.241,1.0,-0.106,-0.354,0.716,0.22,0.108,0.43,0.05
19,A2_3,-0.258,-0.346,0.248,0.165,0.002,-0.208,-0.547,0.35,-0.106,1.0,0.004,-0.134,-0.363,0.073,0.605,-0.237
19,B2_1,-0.436,0.129,0.268,0.522,0.072,0.278,-0.333,-0.122,-0.354,0.004,1.0,-0.307,0.111,0.715,-0.063,0.387
19,B2_2,0.375,-0.326,0.183,-0.003,-0.311,-0.622,0.644,-0.236,0.716,-0.134,-0.307,1.0,0.502,0.022,0.116,0.013
19,B2_3,0.236,-0.246,-0.14,0.125,0.081,-0.085,0.322,0.124,0.22,-0.363,0.111,0.502,1.0,0.278,-0.232,0.1
19,y1,-0.233,-0.001,0.035,0.196,0.486,-0.09,0.091,0.146,0.108,0.073,0.715,0.022,0.278,1.0,0.364,0.273
19,y2,-0.125,-0.242,0.077,0.005,0.409,-0.65,-0.012,0.373,0.43,0.605,-0.063,0.116,-0.232,0.364,1.0,-0.421
19,y3,-0.213,-0.03,0.046,-0.02,-0.348,0.407,0.056,-0.683,0.05,-0.237,0.387,0.013,0.1,0.273,-0.421,1.0
20,.,1.0,-0.277,0.134,-0.092,-0.143,-0.105,0.124,-0.018,0.206,-0.256,-0.435,0.375,0.233,-0.232,-0.123,-0.213
20,A1_1,-0.277,1.0,-0.163,-0.428,0.369,0.405,0.279,-0.029,-0.318,-0.347,0.129,-0.325,-0.246,-0.0,-0.242,-0.03
20,A1_2,0.134,-0.163,1.0,0.718,-0.452,0.04,-0.356,-0.137,-0.014,0.248,0.267,0.182,-0.141,0.035,0.078,0.046
20,A1_3,-0.092,-0.428,0.718,1.0,-0.325,-0.011,-0.507,0.088,-0.159,0.166,0.522,-0.003,0.125,0.196,0.005,-0.02
20,B1_1,-0.143,0.369,-0.452,-0.325,1.0,-0.044,0.196,0.673,0.017,0.001,0.072,-0.31,0.082,0.487,0.408,-0.348
20,B1_2,-0.105,0.405,0.04,-0.011,-0.044,1.0,-0.409,-0.039,-0.767,-0.208,0.279,-0.621,-0.084,-0.089,-0.65,0.407
20,B1_3,0.124,0.279,-0.356,-0.507,0.196,-0.409,1.0,-0.186,0.636,-0.547,-0.332,0.644,0.323,0.091,-0.012,0.055
20,A2_1,-0.018,-0.029,-0.137,0.088,0.673,-0.039,-0.186,1.0,-0.241,0.35,-0.122,-0.235,0.124,0.145,0.373,-0.683
20,A2_2,0.206,-0.318,-0.014,-0.159,0.017,-0.767,0.636,-0.241,1.0,-0.106,-0.354,0.716,0.22,0.108,0.43,0.05
20,A2_3,-0.256,-0.347,0.248,0.166,0.001,-0.208,-0.547,0.35,-0.106,1.0,0.004,-0.134,-0.363,0.073,0.605,-0.236
20,B2_1,-0.435,0.129,0.267,0.522,0.072,0.279,-0.332,-0.122,-0.354,0.004,1.0,-0.307,0.112,0.715,-0.063,0.387
20,B2_2,0.375,-0.325,0.182,-0.003,-0.31,-0.621,0.644,-0.235,0.716,-0.134,-0.307,1.0,0.503,0.022,0.115,0.013
20,B2_3,0.233,-0.246,-0.141,0.125,0.082,-0.084,0.323,0.124,0.22,-0.363,0.112,0.503,1.0,0.277,-0.233,0.099
20,y1,-0.232,-0.0,0.035,0.196,0.487,-0.089,0.091,0.145,0.108,0.073,0.715,0.022,0.277,1.0,0.364,0.274
20,y2,-0.123,-0.242,0.078,0.005,0.408,-0.65,-0.012,0.373,0.43,0.605,-0.063,0.115,-0.233,0.364,1.0,-0.42
20,y3,-0.213,-0.03,0.046,-0.02,-0.348,0.407,0.055,-0.683,0.05,-0.236,0.387,0.013,0.099,0.274,-0.42,1.0
21,.,1.0,-0.277,0.134,-0.092,-0.143,-0.107,0.124,-0.019,0.207,-0.255,-0.436,0.375,0.231,-0.233,-0.122,-0.213
21,A1_1,-0.277,1.0,-0.162,-0.428,0.368,0.405,0.28,-0.029,-0.318,-0.347,0.129,-0.324,-0.246,0.0,-0.242,-0.03
21,A1_2,0.134,-0.162,1.0,0.718,-0.452,0.039,-0.357,-0.136,-0.013,0.248,0.267,0.182,-0.141,0.035,0.078,0.046
21,A1_3,-0.092,-0.428,0.718,1.0,-0.326,-0.011,-0.507,0.089,-0.158,0.165,0.521,-0.004,0.124,0.195,0.006,-0.02
21,B1_1,-0.143,0.368,-0.452,-0.326,1.0,-0.043,0.198,0.673,0.017,0.001,0.072,-0.309,0.084,0.487,0.408,-0.347
21,B1_2,-0.107,0.405,0.039,-0.011,-0.043,1.0,-0.407,-0.039,-0.766,-0.208,0.279,-0.62,-0.083,-0.088,-0.65,0.407
21,B1_3,0.124,0.28,-0.357,-0.507,0.198,-0.407,1.0,-0.186,0.635,-0.547,-0.332,0.644,0.324,0.091,-0.013,0.055
21,A2_1,-0.019,-0.029,-0.136,0.089,0.673,-0.039,-0.186,1.0,-0.242,0.351,-0.122,-0.235,0.123,0.144,0.373,-0.684
21,A2_2,0.207,-0.318,-0.013,-0.158,0.017,-0.766,0.635,-0.242,1.0,-0.106,-0.355,0.716,0.22,0.108,0.43,0.05
21,A2_3,-0.255,-0.347,0.248,0.165,0.001,-0.208,-0.547,0.351,-0.106,1.0,0.004,-0.135,-0.364,0.073,0.605,-0.236
21,B2_1,-0.436,0.129,0.267,0.521,0.072,0.279,-0.332,-0.122,-0.355,0.004,1.0,-0.307,0.112,0.715,-0.063,0.387
21,B2_2,0.375,-0.324,0.182,-0.004,-0.309,-0.62,0.644,-0.235,0.716,-0.135,-0.307,1.0,0.503,0.022,0.115,0.013
21,B2_3,0.231,-0.246,-0.141,0.124,0.084,-0.083,0.324,0.123,0.22,-0.364,0.112,0.503,1.0,0.277,-0.233,0.099
21,y1,-0.233,0.0,0.035,0.195,0.487,-0.088,0.091,0.144,0.108,0.073,0.715,0.022,0.277,1.0,0.364,0.274
21,y2,-0.122,-0.242,0.078,0.006,0.408,-0.65,-0.013,0.373,0.43,0.605,-0.063,0.115,-0.233,0.364,1.0,-0.42
21,y3,-0.213,-0.03,0.046,-0.02,-0.347,0.407,0.055,-0.684,0.05,-0.236,0.387,0.013,0.099,0.274,-0.42,1.0
22,.,1.0,-0.277,0.134,-0.093,-0.143,-0.11,0.125,-0.02,0.21,-0.253,-0.436,0.376,0.229,-0.233,-0.121,-0.213
22,A1_1,-0.277,1.0,-0.162,-0.428,0.368,0.405,0.28,-0.029,-0.318,-0.346,0.13,-0.324,-0.246,-0.0,-0.242,-0.031
22,A1_2,0.134,-0.162,1.0,0.719,-0.453,0.039,-0.357,-0.135,-0.012,0.249,0.267,0.182,-0.142,0.035,0.079,0.047
22,A1_3,-0.093,-0.428,0.719,1.0,-0.326,-0.012,-0.508,0.089,-0.157,0.166,0.521,-0.004,0.123,0.195,0.007,-0.019
22,B1_1,-0.143,0.368,-0.453,-0.326,1.0,-0.043,0.199,0.672,0.016,0.001,0.072,-0.308,0.085,0.487,0.407,-0.348
22,B1_2,-0.11,0.405,0.039,-0.012,-0.043,1.0,-0.406,-0.039,-0.766,-0.209,0.28,-0.619,-0.081,-0.088,-0.65,0.408
22,B1_3,0.125,0.28,-0.357,-0.508,0.199,-0.406,1.0,-0.185,0.634,-0.547,-0.332,0.644,0.325,0.091,-0.014,0.054
22,A2_1,-0.02,-0.029,-0.135,0.089,0.672,-0.039,-0.185,1.0,-0.242,0.351,-0.122,-0.234,0.123,0.144,0.373,-0.684
22,A2_2,0.21,-0.318,-0.012,-0.157,0.016,-0.766,0.634,-0.242,1.0,-0.106,-0.355,0.716,0.219,0.107,0.429,0.049
22,A2_3,-0.253,-0.346,0.249,0.166,0.001,-0.209,-0.547,0.351,-0.106,1.0,0.003,-0.135,-0.364,0.074,0.606,-0.235
22,B2_1,-0.436,0.13,0.267,0.521,0.072,0.28,-0.332,-0.122,-0.355,0.003,1.0,-0.307,0.112,0.715,-0.064,0.387
22,B2_2,0.376,-0.324,0.182,-0.004,-0.308,-0.619,0.644,-0.234,0.716,-0.135,-0.307,1.0,0.504,0.022,0.114,0.012
22,B2_3,0.229,-0.246,-0.142,0.123,0.085,-0.081,0.325,0.123,0.219,-0.364,0.112,0.504,1.0,0.276,-0.233,0.099
22,y1,-0.233,-0.0,0.035,0.195,0.487,-0.088,0.091,0.144,0.107,0.074,0.715,0.022,0.276,1.0,0.364,0.274
22,y2,-0.121,-0.242,0.079,0.007,0.407,-0.65,-0.014,0.373,0.429,0.606,-0.064,0.114,-0.233,0.364,1.0,-0.419
22,y3,-0.213,-0.031,0.047,-0.019,-0.348,0.408,0.054,-0.684,0.049,-0.235,0.387,0.012,0.099,0.274,-0.419,1.0
23,.,1.0,-0.277,0.135,-0.094,-0.144,-0.111,0.125,-0.021,0.212,-0.252,-0.437,0.376,0.226,-0.233,-0.119,-0.213
23,A1_1,-0.277,1.0,-0.162,-0.428,0.368,0.404,0.28,-0.03,-0.318,-0.346,0.13,-0.323,-0.246,0.0,-0.242,-0.031
23,A1_2,0.135,-0.162,1.0,0.719,-0.453,0.038,-0.358,-0.135,-0.012,0.249,0.267,0.181,-0.142,0.036,0.079,0.047
23,A1_3,-0.094,-0.428,0.719,1.0,-0.326,-0.012,-0.507,0.089,-0.156,0.166,0.521,-0.003,0.123,0.196,0.007,-0.019
