,,.,A1_1,A1_2,A1_3,B1_1,B1_2,B1_3,A2_1,A2_2,A2_3,B2_1,B2_2,B2_3,y1,y2,y3
0,.,0.129,0.083,0.055,0.011,0.017,0.026,0.025,0.073,0.047,0.057,0.049,0.057,0.111,0.054,0.007,0.198
0,A1_1,0.275,0.025,0.038,0.016,0.013,0.076,0.004,0.06,0.043,0.014,0.015,0.014,0.067,0.011,0.013,0.316
0,A1_2,0.01,0.372,0.017,0.008,0.017,0.037,0.031,0.177,0.024,0.065,0.089,0.02,0.031,0.02,0.034,0.048
0,A1_3,0.054,0.172,0.019,0.005,0.026,0.052,0.003,0.058,0.037,0.105,0.028,0.006,0.227,0.052,0.017,0.137
0,B1_1,0.076,0.098,0.054,0.038,0.02,0.031,0.023,0.147,0.015,0.092,0.149,0.025,0.066,0.093,0.014,0.06
0,B1_2,0.208,0.037,0.02,0.005,0.01,0.033,0.029,0.013,0.087,0.009,0.014,0.015,0.395,0.036,0.011,0.077
0,B1_3,0.116,0.095,0.048,0.033,0.046,0.032,0.021,0.096,0.102,0.026,0.036,0.05,0.066,0.045,0.002,0.187
0,A2_1,0.086,0.167,0.055,0.009,0.025,0.052,0.009,0.084,0.072,0.009,0.014,0.019,0.115,0.022,0.019,0.244
0,A2_2,0.022,0.2,0.034,0.01,0.042,0.022,0.007,0.129,0.04,0.188,0.033,0.07,0.032,0.018,0.003,0.148
0,A2_3,0.149,0.035,0.003,0.005,0.013,0.104,0.002,0.284,0.021,0.023,0.003,0.004,0.255,0.059,0.011,0.03
0,B2_1,0.051,0.239,0.036,0.006,0.018,0.012,0.005,0.213,0.008,0.037,0.127,0.049,0.052,0.019,0.004,0.126
0,B2_2,0.184,0.06,0.032,0.047,0.144,0.029,0.003,0.109,0.103,0.037,0.013,0.012,0.054,0.076,0.016,0.079
0,B2_3,0.024,0.253,0.007,0.003,0.012,0.027,0.041,0.227,0.039,0.034,0.021,0.017,0.131,0.112,0.022,0.031
0,y1,0.28,0.027,0.018,0.022,0.026,0.082,0.001,0.16,0.023,0.036,0.01,0.008,0.123,0.043,0.004,0.134
0,y2,0.018,0.334,0.037,0.02,0.033,0.01,0.016,0.2,0.011,0.025,0.166,0.023,0.023,0.042,0.016,0.026
0,y3,0.097,0.108,0.028,0.013,0.037,0.06,0.009,0.029,0.084,0.049,0.025,0.011,0.288,0.041,0.013,0.107
1,.,0.135,0.079,0.056,0.012,0.017,0.027,0.025,0.071,0.047,0.058,0.049,0.058,0.111,0.054,0.007,0.194
1,A1_1,0.299,0.023,0.038,0.016,0.012,0.072,0.005,0.056,0.042,0.014,0.014,0.014,0.063,0.011,0.014,0.308
1,A1_2,0.01,0.363,0.018,0.009,0.017,0.039,0.035,0.168,0.024,0.065,0.098,0.021,0.031,0.02,0.034,0.047
1,A1_3,0.059,0.173,0.02,0.005,0.028,0.051,0.004,0.054,0.038,0.102,0.03,0.006,0.22,0.055,0.019,0.137
1,B1_1,0.076,0.093,0.056,0.041,0.02,0.033,0.027,0.132,0.017,0.095,0.153,0.026,0.065,0.091,0.014,0.06
1,B1_2,0.231,0.034,0.02,0.005,0.009,0.031,0.029,0.013,0.085,0.009,0.013,0.015,0.377,0.038,0.013,0.079
1,B1_3,0.128,0.086,0.046,0.037,0.045,0.035,0.024,0.096,0.106,0.024,0.036,0.052,0.069,0.045,0.002,0.17
1,A2_1,0.096,0.157,0.06,0.009,0.023,0.048,0.009,0.076,0.069,0.008,0.014,0.019,0.112,0.021,0.019,0.261
1,A2_2,0.022,0.191,0.037,0.011,0.045,0.022,0.008,0.122,0.042,0.197,0.036,0.075,0.029,0.018,0.003,0.144
1,A2_3,0.163,0.035,0.002,0.005,0.013,0.105,0.002,0.266,0.021,0.022,0.003,0.004,0.255,0.062,0.012,0.029
1,B2_1,0.056,0.225,0.041,0.006,0.019,0.012,0.006,0.195,0.008,0.038,0.135,0.053,0.053,0.019,0.004,0.13
1,B2_2,0.214,0.052,0.034,0.046,0.13,0.028,0.003,0.097,0.107,0.036,0.013,0.013,0.051,0.074,0.018,0.085
1,B2_3,0.025,0.239,0.007,0.003,0.011,0.03,0.049,0.222,0.04,0.035,0.023,0.018,0.131,0.113,0.023,0.03
1,y1,0.299,0.028,0.02,0.023,0.025,0.082,0.001,0.141,0.023,0.032,0.011,0.008,0.117,0.041,0.004,0.145
1,y2,0.017,0.329,0.04,0.023,0.036,0.01,0.018,0.177,0.012,0.027,0.184,0.023,0.022,0.042,0.017,0.025
1,y3,0.104,0.103,0.029,0.012,0.035,0.056,0.009,0.026,0.087,0.05,0.024,0.011,0.285,0.045,0.014,0.111
2,.,0.141,0.075,0.058,0.012,0.017,0.028,0.026,0.067,0.048,0.058,0.049,0.059,0.108,0.054,0.007,0.194
2,A1_1,0.325,0.02,0.038,0.015,0.012,0.068,0.005,0.049,0.041,0.013,0.014,0.014,0.059,0.011,0.014,0.303
2,A1_2,0.01,0.353,0.019,0.01,0.017,0.04,0.04,0.158,0.024,0.063,0.112,0.022,0.031,0.02,0.034,0.046
2,A1_3,0.063,0.173,0.022,0.006,0.029,0.049,0.004,0.049,0.038,0.098,0.032,0.006,0.214,0.058,0.02,0.14
2,B1_1,0.072,0.091,0.057,0.045,0.02,0.034,0.032,0.117,0.02,0.102,0.157,0.027,0.063,0.09,0.014,0.059
2,B1_2,0.253,0.031,0.019,0.004,0.008,0.028,0.028,0.012,0.081,0.008,0.012,0.014,0.369,0.042,0.015,0.074
2,B1_3,0.137,0.078,0.043,0.041,0.044,0.039,0.028,0.092,0.115,0.023,0.036,0.053,0.072,0.046,0.002,0.154
2,A2_1,0.109,0.137,0.067,0.009,0.02,0.044,0.009,0.063,0.068,0.007,0.013,0.02,0.107,0.02,0.02,0.287
2,A2_2,0.022,0.179,0.04,0.013,0.046,0.023,0.008,0.115,0.042,0.204,0.039,0.08,0.028,0.018,0.004,0.141
2,A2_3,0.182,0.035,0.003,0.005,0.013,0.103,0.002,0.245,0.021,0.021,0.004,0.004,0.254,0.066,0.014,0.029
2,B2_1,0.059,0.218,0.044,0.007,0.02,0.012,0.006,0.18,0.009,0.039,0.143,0.056,0.053,0.019,0.004,0.131
2,B2_2,0.253,0.042,0.037,0.043,0.112,0.027,0.003,0.081,0.11,0.034,0.012,0.013,0.049,0.071,0.02,0.093
2,B2_3,0.027,0.222,0.008,0.004,0.011,0.033,0.061,0.219,0.041,0.035,0.027,0.02,0.127,0.113,0.023,0.029
2,y1,0.311,0.03,0.022,0.023,0.026,0.082,0.001,0.119,0.024,0.028,0.013,0.007,0.114,0.039,0.005,0.156
2,y2,0.016,0.32,0.044,0.028,0.039,0.01,0.02,0.146,0.013,0.031,0.208,0.023,0.02,0.041,0.017,0.024
2,y3,0.109,0.094,0.029,0.01,0.031,0.051,0.01,0.021,0.09,0.048,0.022,0.011,0.295,0.051,0.014,0.114
3,.,0.148,0.072,0.059,0.013,0.017,0.028,0.027,0.065,0.048,0.059,0.049,0.059,0.108,0.054,0.007,0.187
3,A1_1,0.348,0.019,0.037,0.015,0.011,0.065,0.005,0.047,0.04,0.013,0.014,0.014,0.056,0.011,0.015,0.29
3,A1_2,0.01,0.351,0.02,0.011,0.018,0.04,0.043,0.148,0.025,0.063,0.12,0.023,0.031,0.019,0.035,0.043
3,A1_3,0.068,0.173,0.022,0.006,0.03,0.047,0.004,0.046,0.039,0.094,0.032,0.006,0.212,0.064,0.021,0.137
3,B1_1,0.072,0.085,0.058,0.048,0.021,0.037,0.037,0.107,0.022,0.104,0.157,0.027,0.064,0.089,0.013,0.058
3,B1_2,0.279,0.029,0.018,0.004,0.008,0.026,0.027,0.012,0.077,0.008,0.012,0.013,0.351,0.045,0.017,0.074
3,B1_3,0.141,0.072,0.042,0.046,0.043,0.043,0.031,0.091,0.119,0.023,0.036,0.053,0.07,0.044,0.002,0.144
3,A2_1,0.115,0.138,0.07,0.008,0.02,0.041,0.009,0.06,0.064,0.006,0.014,0.02,0.106,0.02,0.021,0.288
3,A2_2,0.023,0.171,0.043,0.014,0.048,0.023,0.009,0.108,0.042,0.209,0.042,0.084,0.028,0.018,0.004,0.134
3,A2_3,0.2,0.035,0.003,0.005,0.013,0.1,0.002,0.222,0.022,0.02,0.004,0.004,0.256,0.073,0.016,0.027
3,B2_1,0.063,0.215,0.046,0.008,0.021,0.013,0.007,0.171,0.009,0.038,0.144,0.059,0.054,0.019,0.004,0.129
3,B2_2,0.277,0.037,0.038,0.042,0.103,0.026,0.003,0.071,0.112,0.033,0.011,0.014,0.046,0.069,0.021,0.096
3,B2_3,0.028,0.211,0.008,0.005,0.011,0.036,0.069,0.217,0.04,0.035,0.03,0.021,0.126,0.112,0.024,0.027
3,y1,0.329,0.03,0.023,0.024,0.026,0.08,0.001,0.107,0.024,0.025,0.014,0.007,0.108,0.038,0.005,0.159
3,y2,0.015,0.312,0.047,0.031,0.042,0.01,0.022,0.13,0.014,0.033,0.223,0.023,0.019,0.04,0.018,0.022
3,y3,0.115,0.09,0.029,0.009,0.029,0.047,0.011,0.018,0.09,0.046,0.022,0.01,0.298,0.057,0.014,0.116
4,.,0.153,0.069,0.06,0.013,0.017,0.029,0.027,0.063,0.049,0.059,0.049,0.059,0.106,0.054,0.007,0.185
4,A1_1,0.373,0.017,0.037,0.015,0.011,0.062,0.005,0.043,0.038,0.012,0.014,0.014,0.053,0.011,0.016,0.278
4,A1_2,0.011,0.339,0.021,0.012,0.018,0.042,0.048,0.14,0.025,0.062,0.131,0.024,0.031,0.019,0.034,0.044
4,A1_3,0.072,0.176,0.023,0.006,0.032,0.045,0.004,0.043,0.038,0.09,0.034,0.006,0.206,0.068,0.022,0.135
4,B1_1,0.07,0.082,0.06,0.053,0.021,0.038,0.042,0.094,0.025,0.109,0.161,0.028,0.062,0.086,0.013,0.058
4,B1_2,0.302,0.027,0.017,0.004,0.007,0.024,0.026,0.012,0.072,0.008,0.011,0.012,0.338,0.05,0.02,0.069
4,B1_3,0.149,0.064,0.04,0.051,0.042,0.047,0.034,0.087,0.127,0.021,0.034,0.051,0.072,0.045,0.002,0.132
4,A2_1,0.123,0.131,0.074,0.008,0.018,0.037,0.009,0.054,0.061,0.006,0.014,0.02,0.105,0.02,0.022,0.298
4,A2_2,0.025,0.16,0.045,0.016,0.048,0.024,0.01,0.103,0.043,0.211,0.045,0.087,0.028,0.018,0.004,0.134
4,A2_3,0.216,0.035,0.003,0.005,0.013,0.094,0.003,0.207,0.022,0.019,0.004,0.003,0.253,0.079,0.019,0.026
4,B2_1,0.067,0.208,0.05,0.008,0.022,0.014,0.007,0.158,0.01,0.037,0.147,0.062,0.055,0.02,0.004,0.131
4,B2_2,0.312,0.031,0.039,0.039,0.088,0.025,0.004,0.061,0.114,0.032,0.01,0.014,0.043,0.065,0.022,0.101
4,B2_3,0.03,0.199,0.009,0.005,0.011,0.038,0.078,0.218,0.041,0.034,0.032,0.022,0.124,0.109,0.023,0.027
4,y1,0.34,0.031,0.026,0.024,0.026,0.078,0.002,0.094,0.024,0.022,0.015,0.007,0.104,0.037,0.006,0.165
4,y2,0.014,0.296,0.05,0.037,0.044,0.01,0.026,0.113,0.016,0.037,0.238,0.023,0.019,0.04,0.017,0.021
4,y3,0.125,0.081,0.028,0.008,0.026,0.043,0.011,0.016,0.091,0.043,0.019,0.01,0.305,0.064,0.015,0.115
5,.,0.158,0.067,0.06,0.014,0.018,0.029,0.028,0.062,0.049,0.059,0.049,0.06,0.105,0.054,0.008,0.179
5,A1_1,0.395,0.017,0.037,0.015,0.011,0.059,0.005,0.041,0.037,0.012,0.014,0.014,0.051,0.012,0.017,0.265
5,A1_2,0.01,0.337,0.022,0.013,0.018,0.041,0.052,0.13,0.026,0.061,0.14,0.025,0.031,0.018,0.033,0.041
5,A1_3,0.077,0.177,0.023,0.006,0.033,0.042,0.004,0.041,0.038,0.087,0.034,0.006,0.204,0.075,0.024,0.13
5,B1_1,0.069,0.078,0.061,0.057,0.022,0.041,0.047,0.087,0.027,0.109,0.16,0.029,0.062,0.082,0.012,0.058
5,B1_2,0.329,0.026,0.017,0.003,0.007,0.022,0.024,0.011,0.067,0.008,0.01,0.012,0.317,0.053,0.023,0.07
5,B1_3,0.151,0.058,0.039,0.057,0.04,0.053,0.038,0.087,0.129,0.021,0.034,0.05,0.071,0.044,0.002,0.124
5,A2_1,0.128,0.138,0.076,0.007,0.018,0.033,0.01,0.053,0.056,0.005,0.016,0.021,0.105,0.021,0.026,0.287
5,A2_2,0.025,0.155,0.047,0.018,0.051,0.024,0.011,0.095,0.045,0.213,0.049,0.09,0.028,0.018,0.004,0.126
5,A2_3,0.232,0.035,0.002,0.005,0.013,0.087,0.003,0.185,0.023,0.018,0.005,0.003,0.254,0.089,0.021,0.024
5,B2_1,0.068,0.208,0.052,0.009,0.023,0.014,0.008,0.149,0.011,0.036,0.145,0.065,0.057,0.02,0.003,0.129
5,B2_2,0.332,0.027,0.039,0.037,0.081,0.024,0.004,0.055,0.117,0.031,0.009,0.015,0.04,0.063,0.024,0.102
5,B2_3,0.03,0.191,0.009,0.006,0.011,0.04,0.084,0.219,0.04,0.033,0.034,0.023,0.124,0.107,0.023,0.024
5,y1,0.357,0.031,0.028,0.025,0.026,0.074,0.002,0.086,0.023,0.02,0.016,0.007,0.098,0.037,0.006,0.166
5,y2,0.013,0.285,0.051,0.041,0.047,0.01,0.028,0.101,0.017,0.039,0.25,0.023,0.018,0.038,0.017,0.02
5,y3,0.131,0.078,0.028,0.007,0.024,0.039,0.012,0.014,0.089,0.042,0.019,0.01,0.303,0.07,0.016,0.117
6,.,0.162,0.065,0.061,0.014,0.018,0.03,0.028,0.061,0.05,0.06,0.049,0.061,0.103,0.054,0.008,0.175
6,A1_1,0.41,0.016,0.036,0.015,0.01,0.057,0.005,0.039,0.036,0.012,0.014,0.013,0.049,0.012,0.018,0.257
6,A1_2,0.01,0.331,0.023,0.014,0.019,0.042,0.055,0.125,0.027,0.061,0.148,0.025,0.031,0.018,0.033,0.04
6,A1_3,0.082,0.175,0.023,0.006,0.033,0.041,0.004,0.039,0.039,0.084,0.035,0.006,0.201,0.08,0.025,0.127
6,B1_1,0.068,0.075,0.062,0.06,0.022,0.042,0.051,0.082,0.03,0.109,0.159,0.03,0.061,0.079,0.012,0.057
6,B1_2,0.353,0.024,0.016,0.003,0.006,0.021,0.023,0.011,0.065,0.008,0.01,0.011,0.298,0.055,0.026,0.07
6,B1_3,0.15,0.055,0.039,0.062,0.039,0.058,0.041,0.089,0.129,0.021,0.034,0.049,0.071,0.044,0.002,0.117
6,A2_1,0.138,0.133,0.078,0.007,0.017,0.031,0.009,0.05,0.053,0.005,0.016,0.02,0.103,0.022,0.028,0.289
6,A2_2,0.025,0.15,0.049,0.02,0.053,0.025,0.012,0.092,0.047,0.214,0.052,0.092,0.028,0.019,0.004,0.118
6,A2_3,0.249,0.035,0.003,0.005,0.014,0.084,0.003,0.167,0.024,0.017,0.005,0.003,0.251,0.094,0.024,0.023
6,B2_1,0.07,0.205,0.054,0.01,0.024,0.015,0.009,0.145,0.013,0.037,0.143,0.068,0.058,0.02,0.003,0.127
6,B2_2,0.354,0.024,0.037,0.034,0.073,0.023,0.004,0.05,0.118,0.031,0.008,0.015,0.039,0.062,0.026,0.101
6,B2_3,0.033,0.177,0.009,0.007,0.012,0.042,0.091,0.221,0.041,0.031,0.035,0.024,0.125,0.108,0.022,0.023
6,y1,0.371,0.031,0.03,0.025,0.026,0.071,0.002,0.076,0.022,0.018,0.017,0.006,0.093,0.035,0.006,0.17
6,y2,0.013,0.267,0.053,0.047,0.049,0.011,0.032,0.091,0.02,0.043,0.259,0.024,0.018,0.037,0.017,0.02
6,y3,0.144,0.072,0.027,0.007,0.023,0.037,0.012,0.014,0.088,0.04,0.017,0.009,0.301,0.077,0.017,0.115
7,.,0.165,0.065,0.062,0.015,0.018,0.03,0.028,0.061,0.05,0.061,0.05,0.062,0.102,0.054,0.008,0.17
7,A1_1,0.432,0.016,0.036,0.015,0.01,0.054,0.005,0.038,0.034,0.011,0.014,0.013,0.047,0.012,0.019,0.244
7,A1_2,0.01,0.33,0.023,0.015,0.02,0.041,0.058,0.118,0.027,0.06,0.154,0.026,0.03,0.018,0.032,0.037
7,A1_3,0.086,0.175,0.023,0.006,0.034,0.039,0.004,0.038,0.039,0.08,0.035,0.006,0.2,0.087,0.026,0.122
7,B1_1,0.066,0.073,0.063,0.063,0.022,0.044,0.056,0.077,0.032,0.11,0.158,0.031,0.06,0.074,0.011,0.058
7,B1_2,0.379,0.022,0.016,0.003,0.006,0.02,0.021,0.011,0.06,0.007,0.009,0.011,0.277,0.058,0.03,0.07
7,B1_3,0.152,0.052,0.038,0.067,0.037,0.064,0.043,0.091,0.125,0.022,0.034,0.049,0.069,0.041,0.002,0.113
7,A2_1,0.148,0.136,0.081,0.007,0.017,0.029,0.009,0.05,0.047,0.005,0.018,0.02,0.103,0.023,0.031,0.277
7,A2_2,0.025,0.146,0.051,0.022,0.055,0.026,0.013,0.086,0.049,0.216,0.057,0.093,0.028,0.019,0.004,0.112
7,A2_3,0.26,0.035,0.002,0.004,0.014,0.077,0.004,0.151,0.025,0.016,0.005,0.003,0.25,0.105,0.027,0.022
7,B2_1,0.07,0.205,0.057,0.01,0.026,0.015,0.01,0.134,0.014,0.036,0.139,0.072,0.059,0.021,0.003,0.129
7,B2_2,0.369,0.021,0.035,0.031,0.068,0.022,0.004,0.046,0.123,0.031,0.007,0.016,0.037,0.063,0.028,0.099
7,B2_3,0.035,0.167,0.009,0.008,0.012,0.044,0.094,0.226,0.041,0.029,0.035,0.025,0.126,0.106,0.021,0.021
7,y1,0.388,0.031,0.033,0.026,0.026,0.066,0.001,0.07,0.021,0.016,0.017,0.006,0.087,0.035,0.007,0.171
7,y2,0.012,0.255,0.054,0.051,0.05,0.011,0.036,0.085,0.022,0.047,0.263,0.025,0.018,0.036,0.017,0.019
7,y3,0.153,0.07,0.026,0.006,0.022,0.035,0.012,0.014,0.084,0.038,0.016,0.009,0.299,0.087,0.019,0.11
8,.,0.17,0.063,0.062,0.015,0.019,0.03,0.029,0.06,0.05,0.061,0.05,0.062,0.101,0.053,0.008,0.166
8,A1_1,0.454,0.015,0.036,0.014,0.01,0.051,0.005,0.036,0.033,0.011,0.014,0.013,0.045,0.012,0.019,0.232
8,A1_2,0.01,0.325,0.024,0.016,0.02,0.041,0.061,0.111,0.028,0.059,0.163,0.026,0.03,0.018,0.032,0.036
8,A1_3,0.088,0.176,0.024,0.006,0.035,0.037,0.004,0.036,0.038,0.078,0.035,0.006,0.197,0.094,0.028,0.12
8,B1_1,0.065,0.069,0.064,0.068,0.022,0.047,0.061,0.07,0.035,0.112,0.158,0.031,0.06,0.071,0.011,0.058
8,B1_2,0.398,0.022,0.015,0.002,0.006,0.018,0.021,0.011,0.055,0.007,0.009,0.01,0.263,0.062,0.033,0.068
8,B1_3,0.154,0.049,0.038,0.074,0.038,0.067,0.044,0.087,0.129,0.022,0.034,0.047,0.068,0.04,0.002,0.107
8,A2_1,0.148,0.147,0.082,0.006,0.016,0.025,0.01,0.05,0.044,0.005,0.02,0.02,0.104,0.025,0.035,0.262
8,A2_2,0.026,0.14,0.051,0.024,0.058,0.026,0.014,0.08,0.052,0.217,0.06,0.092,0.029,0.02,0.004,0.106
8,A2_3,0.266,0.034,0.002,0.004,0.014,0.071,0.004,0.136,0.026,0.015,0.005,0.003,0.25,0.12,0.03,0.02
8,B2_1,0.072,0.203,0.059,0.011,0.026,0.016,0.011,0.121,0.016,0.035,0.134,0.074,0.062,0.021,0.003,0.134
8,B2_2,0.382,0.019,0.033,0.028,0.061,0.021,0.005,0.043,0.13,0.031,0.006,0.016,0.034,0.06,0.029,0.101
8,B2_3,0.037,0.159,0.009,0.009,0.013,0.047,0.093,0.237,0.041,0.027,0.034,0.025,0.126,0.104,0.021,0.019
8,y1,0.399,0.031,0.037,0.027,0.026,0.062,0.001,0.067,0.019,0.015,0.018,0.006,0.081,0.033,0.007,0.171
8,y2,0.012,0.245,0.055,0.055,0.052,0.012,0.038,0.079,0.024,0.051,0.263,0.025,0.018,0.035,0.017,0.019
8,y3,0.157,0.072,0.025,0.006,0.022,0.032,0.012,0.014,0.08,0.037,0.017,0.009,0.298,0.097,0.02,0.105
9,.,0.173,0.062,0.063,0.015,0.019,0.031,0.029,0.059,0.05,0.061,0.05,0.063,0.099,0.053,0.008,0.164
9,A1_1,0.472,0.014,0.035,0.014,0.009,0.049,0.005,0.033,0.031,0.011,0.014,0.013,0.042,0.012,0.02,0.226
9,A1_2,0.01,0.321,0.024,0.016,0.02,0.041,0.064,0.108,0.028,0.058,0.169,0.027,0.03,0.017,0.031,0.035
9,A1_3,0.093,0.173,0.024,0.006,0.035,0.037,0.005,0.035,0.038,0.075,0.036,0.006,0.192,0.098,0.03,0.12
9,B1_1,0.062,0.068,0.065,0.07,0.023,0.048,0.063,0.067,0.036,0.112,0.159,0.032,0.058,0.067,0.01,0.058
9,B1_2,0.423,0.02,0.015,0.002,0.005,0.017,0.02,0.01,0.052,0.007,0.008,0.01,0.243,0.063,0.036,0.069
9,B1_3,0.153,0.048,0.038,0.078,0.037,0.072,0.045,0.089,0.127,0.022,0.034,0.047,0.067,0.039,0.002,0.103
9,A2_1,0.16,0.137,0.086,0.006,0.015,0.024,0.009,0.046,0.041,0.005,0.02,0.02,0.101,0.025,0.037,0.268
9,A2_2,0.026,0.135,0.053,0.027,0.059,0.027,0.016,0.078,0.054,0.217,0.064,0.091,0.029,0.02,0.004,0.101
9,A2_3,0.281,0.034,0.002,0.004,0.013,0.065,0.005,0.123,0.026,0.014,0.005,0.003,0.245,0.127,0.033,0.019
9,B2_1,0.074,0.197,0.062,0.012,0.027,0.017,0.012,0.114,0.019,0.036,0.13,0.077,0.064,0.021,0.003,0.136
9,B2_2,0.4,0.017,0.031,0.025,0.055,0.02,0.005,0.039,0.131,0.029,0.006,0.016,0.033,0.06,0.031,0.1
9,B2_3,0.04,0.15,0.009,0.01,0.013,0.049,0.093,0.244,0.041,0.025,0.034,0.026,0.126,0.102,0.02,0.018
9,y1,0.41,0.031,0.04,0.027,0.026,0.058,0.001,0.061,0.018,0.013,0.019,0.006,0.076,0.032,0.007,0.175
9,y2,0.012,0.231,0.055,0.059,0.053,0.013,0.042,0.075,0.027,0.057,0.262,0.027,0.018,0.034,0.016,0.02
9,y3,0.175,0.067,0.022,0.005,0.021,0.03,0.011,0.014,0.076,0.034,0.015,0.008,0.292,0.107,0.023,0.098
10,.,0.175,0.061,0.063,0.016,0.019,0.031,0.029,0.058,0.05,0.062,0.05,0.064,0.099,0.053,0.009,0.161
10,A1_1,0.488,0.013,0.034,0.014,0.009,0.047,0.005,0.032,0.03,0.01,0.013,0.013,0.041,0.012,0.021,0.217
10,A1_2,0.009,0.317,0.025,0.017,0.021,0.041,0.066,0.105,0.028,0.058,0.174,0.027,0.03,0.017,0.031,0.035
10,A1_3,0.096,0.173,0.024,0.006,0.035,0.035,0.005,0.034,0.037,0.072,0.036,0.006,0.189,0.105,0.031,0.118
10,B1_1,0.06,0.066,0.065,0.074,0.023,0.05,0.067,0.063,0.039,0.114,0.158,0.033,0.057,0.063,0.01,0.058
10,B1_2,0.439,0.019,0.014,0.002,0.005,0.016,0.019,0.01,0.049,0.007,0.008,0.009,0.23,0.067,0.039,0.068
10,B1_3,0.149,0.045,0.037,0.083,0.037,0.077,0.048,0.088,0.13,0.022,0.034,0.046,0.066,0.037,0.003,0.098
10,A2_1,0.17,0.138,0.085,0.006,0.015,0.022,0.009,0.046,0.038,0.005,0.021,0.02,0.103,0.027,0.039,0.258
10,A2_2,0.027,0.131,0.053,0.029,0.061,0.028,0.017,0.075,0.057,0.215,0.066,0.091,0.029,0.02,0.004,0.097
10,A2_3,0.285,0.035,0.002,0.004,0.014,0.06,0.005,0.113,0.027,0.013,0.006,0.003,0.242,0.138,0.036,0.018
10,B2_1,0.074,0.192,0.063,0.013,0.028,0.018,0.014,0.107,0.021,0.037,0.124,0.08,0.066,0.021,0.003,0.14
10,B2_2,0.416,0.016,0.028,0.023,0.05,0.02,0.005,0.038,0.131,0.029,0.005,0.016,0.033,0.061,0.033,0.096
10,B2_3,0.044,0.138,0.009,0.011,0.014,0.052,0.093,0.252,0.042,0.023,0.033,0.026,0.126,0.101,0.019,0.017
10,y1,0.42,0.031,0.044,0.027,0.025,0.054,0.001,0.056,0.017,0.012,0.019,0.006,0.073,0.031,0.007,0.177
10,y2,0.012,0.211,0.055,0.064,0.053,0.015,0.049,0.071,0.031,0.068,0.254,0.029,0.018,0.033,0.016,0.021
10,y3,0.193,0.066,0.019,0.005,0.02,0.027,0.011,0.016,0.067,0.03,0.015,0.007,0.288,0.125,0.027,0.085
11,.,0.176,0.061,0.063,0.016,0.02,0.032,0.03,0.058,0.051,0.063,0.05,0.065,0.098,0.053,0.009,0.157
11,A1_1,0.502,0.013,0.033,0.013,0.009,0.046,0.005,0.031,0.029,0.01,0.013,0.012,0.039,0.013,0.022,0.209
11,A1_2,0.009,0.314,0.025,0.018,0.022,0.042,0.068,0.101,0.029,0.058,0.176,0.028,0.03,0.017,0.031,0.034
11,A1_3,0.1,0.171,0.024,0.005,0.035,0.034,0.005,0.033,0.037,0.07,0.036,0.006,0.187,0.111,0.033,0.115
11,B1_1,0.059,0.063,0.066,0.077,0.023,0.053,0.07,0.061,0.041,0.112,0.154,0.034,0.057,0.06,0.01,0.058
11,B1_2,0.453,0.019,0.014,0.002,0.005,0.015,0.018,0.01,0.046,0.007,0.008,0.009,0.215,0.068,0.043,0.069
11,B1_3,0.147,0.043,0.037,0.089,0.036,0.083,0.049,0.087,0.13,0.023,0.034,0.045,0.064,0.036,0.003,0.094
11,A2_1,0.175,0.144,0.084,0.005,0.014,0.02,0.009,0.046,0.035,0.005,0.023,0.019,0.102,0.029,0.044,0.245
11,A2_2,0.027,0.127,0.053,0.031,0.065,0.028,0.018,0.071,0.061,0.215,0.068,0.089,0.03,0.021,0.004,0.091
11,A2_3,0.284,0.035,0.002,0.004,0.014,0.055,0.006,0.105,0.027,0.012,0.006,0.003,0.239,0.152,0.039,0.017
11,B2_1,0.073,0.189,0.065,0.013,0.029,0.019,0.015,0.098,0.025,0.037,0.117,0.082,0.069,0.022,0.003,0.146
11,B2_2,0.42,0.015,0.025,0.02,0.047,0.019,0.005,0.038,0.138,0.029,0.005,0.017,0.032,0.063,0.035,0.092
11,B2_3,0.049,0.125,0.008,0.012,0.015,0.055,0.088,0.266,0.043,0.02,0.03,0.025,0.13,0.101,0.019,0.016
11,y1,0.425,0.032,0.049,0.028,0.025,0.051,0.001,0.055,0.015,0.011,0.02,0.006,0.069,0.03,0.007,0.176
11,y2,0.012,0.197,0.054,0.067,0.054,0.017,0.053,0.068,0.036,0.077,0.245,0.03,0.018,0.032,0.016,0.022
11,y3,0.202,0.068,0.017,0.004,0.02,0.025,0.01,0.017,0.06,0.027,0.015,0.007,0.282,0.14,0.032,0.074
12,.,0.179,0.06,0.064,0.017,0.02,0.032,0.03,0.057,0.051,0.063,0.05,0.065,0.096,0.053,0.009,0.155
12,A1_1,0.505,0.013,0.033,0.013,0.009,0.045,0.005,0.031,0.029,0.01,0.014,0.012,0.039,0.013,0.023,0.205
12,A1_2,0.009,0.311,0.026,0.018,0.022,0.041,0.069,0.097,0.03,0.059,0.18,0.027,0.03,0.017,0.031,0.033
12,A1_3,0.1,0.172,0.023,0.005,0.035,0.032,0.005,0.032,0.036,0.071,0.036,0.006,0.185,0.116,0.034,0.111
12,B1_1,0.063,0.06,0.067,0.081,0.024,0.054,0.071,0.058,0.042,0.109,0.153,0.033,0.058,0.061,0.01,0.058
12,B1_2,0.45,0.02,0.015,0.002,0.005,0.015,0.019,0.01,0.045,0.007,0.008,0.009,0.208,0.07,0.046,0.071
12,B1_3,0.15,0.041,0.038,0.094,0.037,0.082,0.05,0.081,0.131,0.023,0.034,0.043,0.064,0.037,0.003,0.092
12,A2_1,0.166,0.157,0.082,0.005,0.015,0.019,0.01,0.046,0.037,0.005,0.025,0.02,0.101,0.032,0.048,0.232
12,A2_2,0.028,0.126,0.053,0.032,0.07,0.027,0.019,0.066,0.064,0.213,0.069,0.087,0.03,0.022,0.004,0.087
12,A2_3,0.272,0.036,0.002,0.004,0.014,0.055,0.006,0.101,0.029,0.012,0.006,0.003,0.236,0.166,0.041,0.016
12,B2_1,0.072,0.194,0.066,0.013,0.029,0.018,0.016,0.09,0.026,0.035,0.116,0.081,0.072,0.022,0.003,0.146
12,B2_2,0.419,0.013,0.023,0.02,0.045,0.019,0.006,0.036,0.147,0.031,0.004,0.017,0.03,0.063,0.034,0.091
12,B2_3,0.052,0.117,0.007,0.012,0.014,0.058,0.084,0.277,0.042,0.018,0.027,0.023,0.132,0.103,0.019,0.015
12,y1,0.418,0.033,0.051,0.03,0.027,0.051,0.001,0.056,0.014,0.011,0.022,0.007,0.067,0.03,0.007,0.175
12,y2,0.013,0.191,0.055,0.068,0.055,0.018,0.053,0.067,0.038,0.081,0.24,0.03,0.019,0.033,0.017,0.022
12,y3,0.195,0.074,0.016,0.004,0.02,0.024,0.01,0.018,0.057,0.028,0.016,0.007,0.28,0.148,0.032,0.07
13,.,0.178,0.06,0.064,0.017,0.021,0.032,0.03,0.057,0.051,0.063,0.051,0.066,0.095,0.053,0.009,0.153
13,A1_1,0.515,0.013,0.032,0.013,0.009,0.044,0.005,0.03,0.029,0.01,0.014,0.012,0.038,0.013,0.024,0.199
13,A1_2,0.009,0.313,0.026,0.019,0.023,0.041,0.07,0.093,0.03,0.058,0.181,0.028,0.029,0.017,0.031,0.032
13,A1_3,0.103,0.17,0.022,0.005,0.035,0.032,0.005,0.032,0.036,0.07,0.036,0.006,0.183,0.122,0.036,0.109
13,B1_1,0.062,0.059,0.069,0.084,0.024,0.056,0.072,0.058,0.042,0.106,0.151,0.034,0.057,0.058,0.009,0.058
13,B1_2,0.461,0.019,0.015,0.002,0.005,0.014,0.018,0.01,0.044,0.007,0.008,0.009,0.196,0.071,0.049,0.073
13,B1_3,0.146,0.04,0.038,0.099,0.037,0.086,0.051,0.081,0.129,0.023,0.035,0.043,0.062,0.036,0.003,0.09
13,A2_1,0.173,0.158,0.082,0.005,0.015,0.018,0.01,0.045,0.035,0.005,0.027,0.019,0.1,0.034,0.052,0.223
13,A2_2,0.028,0.124,0.053,0.035,0.073,0.028,0.02,0.063,0.067,0.212,0.072,0.086,0.03,0.023,0.004,0.083
13,A2_3,0.27,0.037,0.002,0.004,0.014,0.051,0.007,0.095,0.03,0.011,0.006,0.003,0.232,0.179,0.045,0.015
13,B2_1,0.07,0.195,0.068,0.013,0.03,0.019,0.018,0.083,0.029,0.035,0.111,0.083,0.074,0.022,0.002,0.148
13,B2_2,0.417,0.013,0.021,0.018,0.044,0.019,0.006,0.036,0.155,0.031,0.004,0.017,0.03,0.066,0.036,0.087
13,B2_3,0.057,0.109,0.007,0.013,0.015,0.06,0.081,0.286,0.042,0.017,0.025,0.023,0.132,0.102,0.018,0.014
13,y1,0.423,0.034,0.055,0.03,0.028,0.048,0.001,0.055,0.013,0.01,0.023,0.007,0.064,0.03,0.007,0.173
13,y2,0.012,0.184,0.055,0.071,0.056,0.019,0.057,0.065,0.04,0.087,0.234,0.03,0.019,0.033,0.017,0.023
13,y3,0.202,0.075,0.015,0.004,0.02,0.022,0.01,0.019,0.053,0.026,0.016,0.007,0.273,0.16,0.036,0.063
14,.,0.181,0.058,0.065,0.017,0.021,0.032,0.031,0.056,0.051,0.063,0.051,0.066,0.094,0.053,0.01,0.152
14,A1_1,0.52,0.012,0.031,0.013,0.009,0.044,0.005,0.028,0.028,0.01,0.014,0.012,0.036,0.013,0.025,0.199
14,A1_2,0.009,0.308,0.027,0.02,0.023,0.042,0.072,0.092,0.03,0.058,0.184,0.027,0.03,0.017,0.031,0.032
14,A1_3,0.103,0.17,0.023,0.005,0.035,0.031,0.005,0.031,0.035,0.07,0.037,0.006,0.176,0.123,0.037,0.112
14,B1_1,0.063,0.056,0.068,0.087,0.024,0.058,0.073,0.056,0.043,0.107,0.152,0.033,0.057,0.057,0.01,0.057
14,B1_2,0.458,0.02,0.015,0.002,0.005,0.013,0.019,0.01,0.043,0.007,0.009,0.01,0.191,0.073,0.051,0.074
14,B1_3,0.148,0.038,0.037,0.104,0.037,0.087,0.053,0.074,0.135,0.023,0.034,0.041,0.061,0.036,0.003,0.087
14,A2_1,0.167,0.164,0.082,0.005,0.015,0.017,0.011,0.043,0.036,0.005,0.028,0.019,0.099,0.035,0.053,0.22
14,A2_2,0.029,0.123,0.052,0.036,0.077,0.027,0.021,0.061,0.072,0.209,0.072,0.083,0.031,0.024,0.005,0.079
14,A2_3,0.259,0.038,0.002,0.004,0.014,0.05,0.008,0.091,0.031,0.011,0.006,0.003,0.229,0.192,0.046,0.014
14,B2_1,0.071,0.191,0.068,0.013,0.03,0.02,0.019,0.077,0.032,0.035,0.107,0.082,0.078,0.023,0.002,0.153
14,B2_2,0.425,0.012,0.019,0.017,0.041,0.019,0.006,0.035,0.156,0.032,0.004,0.017,0.029,0.066,0.035,0.087
14,B2_3,0.06,0.103,0.007,0.013,0.015,0.063,0.077,0.295,0.042,0.015,0.024,0.021,0.131,0.102,0.019,0.013
14,y1,0.415,0.035,0.059,0.031,0.028,0.048,0.001,0.054,0.013,0.01,0.024,0.007,0.062,0.028,0.007,0.178
14,y2,0.013,0.174,0.054,0.072,0.056,0.02,0.059,0.064,0.043,0.095,0.226,0.03,0.019,0.033,0.017,0.024
14,y3,0.203,0.078,0.014,0.004,0.02,0.02,0.01,0.02,0.049,0.025,0.017,0.007,0.267,0.171,0.038,0.057
15,.,0.181,0.058,0.065,0.018,0.021,0.033,0.031,0.056,0.052,0.064,0.051,0.066,0.093,0.053,0.01,0.15
15,A1_1,0.529,0.012,0.031,0.013,0.009,0.042,0.005,0.028,0.027,0.009,0.014,0.012,0.035,0.013,0.026,0.195
15,A1_2,0.009,0.303,0.028,0.021,0.024,0.043,0.074,0.089,0.031,0.058,0.187,0.028,0.03,0.016,0.03,0.031
15,A1_3,0.104,0.172,0.023,0.005,0.035,0.029,0.005,0.03,0.034,0.07,0.038,0.006,0.171,0.129,0.039,0.109
15,B1_1,0.064,0.054,0.068,0.093,0.025,0.061,0.075,0.054,0.045,0.105,0.146,0.033,0.058,0.056,0.01,0.056
15,B1_2,0.46,0.021,0.016,0.002,0.005,0.013,0.019,0.01,0.041,0.007,0.01,0.01,0.182,0.077,0.055,0.076
15,B1_3,0.146,0.036,0.037,0.11,0.038,0.09,0.054,0.071,0.139,0.023,0.034,0.039,0.061,0.036,0.003,0.083
15,A2_1,0.161,0.174,0.082,0.005,0.014,0.016,0.012,0.043,0.035,0.005,0.031,0.019,0.096,0.038,0.057,0.213
15,A2_2,0.03,0.12,0.05,0.038,0.083,0.027,0.022,0.058,0.077,0.207,0.073,0.081,0.031,0.025,0.005,0.074
15,A2_3,0.246,0.04,0.002,0.004,0.014,0.047,0.009,0.088,0.032,0.01,0.006,0.002,0.225,0.213,0.048,0.013
15,B2_1,0.069,0.188,0.068,0.013,0.03,0.021,0.021,0.069,0.037,0.035,0.1,0.082,0.082,0.023,0.002,0.159
15,B2_2,0.423,0.011,0.017,0.016,0.039,0.019,0.007,0.035,0.163,0.033,0.003,0.017,0.028,0.069,0.036,0.084
15,B2_3,0.066,0.092,0.006,0.014,0.015,0.066,0.072,0.308,0.042,0.013,0.021,0.02,0.133,0.101,0.018,0.012
15,y1,0.407,0.037,0.064,0.032,0.029,0.046,0.001,0.054,0.012,0.01,0.026,0.007,0.06,0.028,0.007,0.18
15,y2,0.013,0.162,0.053,0.074,0.056,0.022,0.063,0.062,0.048,0.106,0.214,0.031,0.02,0.033,0.018,0.025
15,y3,0.206,0.082,0.012,0.003,0.02,0.018,0.009,0.022,0.043,0.023,0.017,0.006,0.258,0.189,0.042,0.049
16,.,0.18,0.058,0.066,0.018,0.022,0.033,0.032,0.056,0.052,0.064,0.051,0.067,0.092,0.052,0.01,0.147
16,A1_1,0.534,0.012,0.03,0.013,0.009,0.041,0.005,0.027,0.027,0.009,0.014,0.012,0.034,0.013,0.027,0.192
16,A1_2,0.009,0.303,0.028,0.021,0.025,0.043,0.075,0.085,0.031,0.058,0.188,0.028,0.03,0.016,0.03,0.03
16,A1_3,0.106,0.171,0.022,0.005,0.034,0.028,0.005,0.03,0.034,0.069,0.038,0.006,0.168,0.137,0.041,0.106
16,B1_1,0.064,0.053,0.069,0.099,0.026,0.063,0.075,0.053,0.046,0.101,0.144,0.033,0.057,0.053,0.009,0.055
16,B1_2,0.459,0.022,0.017,0.002,0.004,0.012,0.019,0.009,0.039,0.007,0.01,0.01,0.174,0.079,0.058,0.08
16,B1_3,0.14,0.035,0.037,0.117,0.039,0.093,0.056,0.069,0.142,0.025,0.034,0.038,0.059,0.035,0.003,0.079
16,A2_1,0.162,0.18,0.079,0.005,0.014,0.014,0.012,0.042,0.034,0.005,0.033,0.018,0.097,0.042,0.062,0.2
16,A2_2,0.029,0.119,0.049,0.04,0.089,0.026,0.024,0.054,0.085,0.202,0.073,0.079,0.031,0.026,0.005,0.068
16,A2_3,0.231,0.043,0.002,0.004,0.015,0.043,0.009,0.084,0.034,0.009,0.007,0.002,0.221,0.232,0.05,0.012
16,B2_1,0.064,0.189,0.068,0.013,0.031,0.022,0.022,0.063,0.043,0.036,0.093,0.084,0.084,0.022,0.002,0.162
16,B2_2,0.423,0.011,0.015,0.014,0.037,0.018,0.007,0.036,0.165,0.034,0.003,0.017,0.029,0.074,0.039,0.078
16,B2_3,0.075,0.083,0.006,0.015,0.016,0.067,0.069,0.317,0.042,0.012,0.019,0.02,0.132,0.1,0.017,0.012
16,y1,0.407,0.037,0.07,0.032,0.029,0.043,0.001,0.052,0.011,0.009,0.027,0.008,0.058,0.027,0.007,0.183
16,y2,0.013,0.151,0.053,0.077,0.055,0.024,0.068,0.059,0.052,0.116,0.207,0.033,0.02,0.031,0.017,0.025
16,y3,0.218,0.08,0.011,0.003,0.019,0.016,0.009,0.023,0.039,0.02,0.017,0.006,0.246,0.205,0.046,0.043
17,.,0.181,0.059,0.066,0.018,0.022,0.033,0.032,0.056,0.052,0.064,0.052,0.068,0.091,0.052,0.01,0.144
17,A1_1,0.538,0.012,0.03,0.013,0.009,0.041,0.006,0.027,0.027,0.009,0.015,0.012,0.033,0.014,0.028,0.187
17,A1_2,0.008,0.303,0.028,0.022,0.026,0.042,0.076,0.082,0.032,0.059,0.189,0.028,0.03,0.016,0.03,0.029
17,A1_3,0.106,0.17,0.021,0.005,0.034,0.027,0.005,0.029,0.034,0.068,0.038,0.006,0.166,0.145,0.043,0.103
17,B1_1,0.066,0.051,0.07,0.102,0.026,0.065,0.075,0.052,0.047,0.098,0.142,0.033,0.058,0.052,0.009,0.054
17,B1_2,0.458,0.022,0.017,0.002,0.005,0.012,0.019,0.009,0.038,0.008,0.011,0.01,0.165,0.08,0.061,0.084
17,B1_3,0.14,0.034,0.038,0.12,0.039,0.094,0.057,0.067,0.141,0.026,0.035,0.037,0.058,0.034,0.003,0.078
17,A2_1,0.158,0.189,0.077,0.005,0.015,0.014,0.013,0.042,0.034,0.006,0.035,0.018,0.095,0.046,0.067,0.189
17,A2_2,0.029,0.119,0.048,0.041,0.094,0.025,0.025,0.051,0.089,0.199,0.074,0.077,0.032,0.027,0.005,0.064
17,A2_3,0.219,0.045,0.002,0.005,0.016,0.042,0.01,0.083,0.036,0.009,0.007,0.002,0.214,0.247,0.052,0.012
17,B2_1,0.063,0.194,0.068,0.013,0.032,0.022,0.023,0.059,0.044,0.036,0.091,0.082,0.089,0.023,0.002,0.16
17,B2_2,0.419,0.011,0.014,0.014,0.037,0.018,0.007,0.036,0.17,0.035,0.003,0.017,0.029,0.078,0.038,0.076
17,B2_3,0.079,0.079,0.005,0.015,0.016,0.068,0.066,0.323,0.042,0.011,0.017,0.019,0.132,0.101,0.016,0.011
17,y1,0.402,0.039,0.073,0.033,0.03,0.043,0.001,0.052,0.011,0.009,0.028,0.008,0.056,0.027,0.007,0.181
17,y2,0.013,0.147,0.052,0.076,0.056,0.024,0.069,0.058,0.054,0.119,0.203,0.033,0.02,0.032,0.018,0.025
17,y3,0.219,0.081,0.01,0.003,0.02,0.016,0.009,0.024,0.037,0.02,0.017,0.006,0.239,0.212,0.047,0.041
18,.,0.184,0.058,0.066,0.018,0.023,0.033,0.032,0.056,0.052,0.065,0.051,0.068,0.09,0.053,0.011,0.141
18,A1_1,0.546,0.012,0.029,0.012,0.009,0.04,0.006,0.027,0.026,0.009,0.015,0.012,0.033,0.014,0.029,0.181
18,A1_2,0.008,0.299,0.029,0.023,0.026,0.042,0.077,0.079,0.033,0.059,0.191,0.028,0.029,0.016,0.03,0.029
18,A1_3,0.104,0.172,0.021,0.004,0.034,0.025,0.005,0.029,0.033,0.068,0.039,0.006,0.163,0.152,0.045,0.099
18,B1_1,0.07,0.048,0.069,0.109,0.027,0.068,0.076,0.049,0.048,0.094,0.136,0.032,0.059,0.053,0.009,0.054
18,B1_2,0.446,0.024,0.019,0.002,0.005,0.011,0.02,0.009,0.037,0.008,0.012,0.011,0.163,0.082,0.064,0.088
18,B1_3,0.145,0.032,0.037,0.125,0.04,0.093,0.057,0.06,0.143,0.026,0.035,0.035,0.057,0.035,0.003,0.076
18,A2_1,0.147,0.203,0.073,0.005,0.015,0.013,0.014,0.044,0.037,0.006,0.037,0.018,0.096,0.051,0.071,0.172
18,A2_2,0.03,0.121,0.047,0.04,0.102,0.024,0.025,0.047,0.095,0.192,0.073,0.075,0.033,0.029,0.005,0.062
18,A2_3,0.201,0.046,0.002,0.005,0.016,0.043,0.012,0.085,0.04,0.009,0.007,0.002,0.208,0.261,0.053,0.011
18,B2_1,0.063,0.199,0.067,0.012,0.03,0.023,0.024,0.054,0.045,0.034,0.089,0.079,0.096,0.023,0.002,0.161
18,B2_2,0.42,0.01,0.013,0.014,0.037,0.018,0.007,0.036,0.168,0.037,0.003,0.016,0.028,0.081,0.035,0.075
18,B2_3,0.082,0.074,0.005,0.014,0.015,0.071,0.063,0.33,0.042,0.01,0.016,0.017,0.132,0.102,0.017,0.011
18,y1,0.392,0.042,0.075,0.034,0.031,0.043,0.001,0.054,0.01,0.01,0.03,0.008,0.057,0.027,0.007,0.18
18,y2,0.014,0.143,0.053,0.077,0.057,0.025,0.068,0.057,0.056,0.126,0.193,0.032,0.02,0.034,0.019,0.026
18,y3,0.212,0.085,0.009,0.003,0.02,0.015,0.009,0.025,0.036,0.02,0.018,0.006,0.235,0.22,0.048,0.039
19,.,0.183,0.059,0.066,0.019,0.023,0.033,0.032,0.056,0.052,0.065,0.052,0.069,0.089,0.053,0.011,0.139
19,A1_1,0.55,0.012,0.029,0.013,0.009,0.039,0.006,0.027,0.026,0.009,0.015,0.012,0.032,0.014,0.03,0.178
19,A1_2,0.008,0.3,0.03,0.023,0.027,0.041,0.077,0.076,0.033,0.059,0.192,0.028,0.029,0.016,0.03,0.028
19,A1_3,0.105,0.171,0.02,0.004,0.034,0.025,0.005,0.029,0.032,0.067,0.039,0.006,0.16,0.158,0.046,0.098
19,B1_1,0.071,0.048,0.07,0.113,0.028,0.069,0.076,0.049,0.049,0.091,0.134,0.032,0.058,0.052,0.009,0.052
19,B1_2,0.445,0.025,0.019,0.002,0.005,0.011,0.019,0.009,0.037,0.008,0.013,0.011,0.156,0.083,0.067,0.091
19,B1_3,0.14,0.033,0.038,0.128,0.041,0.094,0.058,0.059,0.144,0.027,0.036,0.035,0.056,0.035,0.003,0.073
19,A2_1,0.151,0.202,0.07,0.005,0.015,0.013,0.015,0.044,0.037,0.006,0.037,0.017,0.096,0.054,0.075,0.164
19,A2_2,0.03,0.123,0.047,0.04,0.106,0.023,0.025,0.046,0.098,0.187,0.072,0.075,0.033,0.03,0.005,0.059
19,A2_3,0.197,0.046,0.002,0.005,0.016,0.043,0.012,0.084,0.041,0.009,0.007,0.002,0.201,0.268,0.055,0.011
19,B2_1,0.06,0.206,0.066,0.012,0.031,0.023,0.024,0.054,0.045,0.034,0.089,0.079,0.097,0.022,0.002,0.156
19,B2_2,0.427,0.01,0.013,0.014,0.036,0.018,0.007,0.036,0.163,0.038,0.003,0.016,0.028,0.084,0.036,0.073
19,B2_3,0.083,0.072,0.005,0.015,0.015,0.07,0.064,0.331,0.042,0.01,0.015,0.017,0.131,0.103,0.017,0.01
19,y1,0.4,0.041,0.074,0.033,0.031,0.042,0.001,0.051,0.01,0.009,0.03,0.008,0.056,0.027,0.007,0.179
19,y2,0.013,0.142,0.054,0.079,0.058,0.026,0.069,0.055,0.055,0.125,0.194,0.033,0.02,0.033,0.017,0.025
19,y3,0.226,0.079,0.009,0.003,0.019,0.015,0.009,0.025,0.036,0.019,0.017,0.006,0.223,0.223,0.053,0.04
20,.,0.183,0.059,0.067,0.019,0.024,0.033,0.032,0.056,0.051,0.066,0.053,0.069,0.088,0.052,0.011,0.138
20,A1_1,0.559,0.012,0.028,0.012,0.009,0.038,0.006,0.026,0.025,0.009,0.015,0.012,0.031,0.014,0.031,0.173
20,A1_2,0.008,0.3,0.03,0.024,0.028,0.041,0.079,0.075,0.032,0.058,0.195,0.028,0.029,0.016,0.03,0.027
20,A1_3,0.108,0.167,0.02,0.004,0.034,0.025,0.005,0.028,0.033,0.065,0.038,0.006,0.157,0.163,0.048,0.099
20,B1_1,0.069,0.047,0.072,0.113,0.028,0.071,0.077,0.049,0.048,0.091,0.135,0.032,0.058,0.049,0.009,0.053
20,B1_2,0.46,0.023,0.018,0.002,0.004,0.011,0.018,0.009,0.036,0.008,0.012,0.01,0.145,0.084,0.07,0.09
20,B1_3,0.136,0.033,0.039,0.132,0.041,0.097,0.058,0.061,0.137,0.027,0.037,0.036,0.056,0.033,0.003,0.072
20,A2_1,0.164,0.188,0.072,0.005,0.014,0.013,0.014,0.041,0.035,0.006,0.038,0.017,0.093,0.055,0.079,0.167
20,A2_2,0.029,0.118,0.048,0.044,0.102,0.025,0.028,0.046,0.098,0.187,0.074,0.074,0.034,0.03,0.005,0.057
20,A2_3,0.208,0.045,0.002,0.005,0.016,0.039,0.012,0.077,0.039,0.009,0.007,0.002,0.197,0.273,0.058,0.012
20,B2_1,0.061,0.195,0.069,0.013,0.033,0.023,0.025,0.053,0.048,0.036,0.088,0.082,0.093,0.023,0.002,0.157
20,B2_2,0.428,0.01,0.012,0.013,0.036,0.017,0.007,0.035,0.163,0.035,0.003,0.016,0.028,0.086,0.04,0.07
20,B2_3,0.085,0.073,0.005,0.016,0.016,0.07,0.066,0.322,0.043,0.01,0.017,0.018,0.132,0.1,0.016,0.01
20,y1,0.423,0.037,0.073,0.032,0.029,0.04,0.001,0.047,0.01,0.009,0.028,0.008,0.052,0.027,0.008,0.177
20,y2,0.013,0.143,0.054,0.08,0.057,0.025,0.074,0.055,0.054,0.12,0.201,0.034,0.02,0.031,0.017,0.023
20,y3,0.246,0.07,0.009,0.003,0.018,0.015,0.009,0.023,0.036,0.017,0.016,0.006,0.211,0.225,0.056,0.04
21,.,0.183,0.058,0.067,0.019,0.024,0.033,0.032,0.056,0.052,0.066,0.053,0.07,0.088,0.052,0.011,0.136
21,A1_1,0.567,0.012,0.027,0.012,0.009,0.037,0.006,0.025,0.024,0.009,0.015,0.011,0.03,0.014,0.032,0.171
21,A1_2,0.008,0.298,0.03,0.024,0.028,0.041,0.079,0.075,0.033,0.057,0.197,0.029,0.029,0.016,0.029,0.026
21,A1_3,0.112,0.163,0.02,0.004,0.033,0.024,0.006,0.027,0.032,0.063,0.038,0.006,0.155,0.168,0.049,0.099
21,B1_1,0.066,0.047,0.073,0.115,0.028,0.072,0.079,0.048,0.049,0.09,0.136,0.033,0.057,0.047,0.009,0.053
21,B1_2,0.468,0.022,0.017,0.002,0.004,0.01,0.018,0.009,0.034,0.007,0.011,0.01,0.138,0.086,0.072,0.091
21,B1_3,0.131,0.033,0.039,0.135,0.041,0.101,0.06,0.063,0.136,0.028,0.038,0.036,0.055,0.032,0.003,0.07
21,A2_1,0.176,0.178,0.072,0.005,0.014,0.012,0.013,0.039,0.033,0.006,0.038,0.017,0.092,0.057,0.081,0.169
21,A2_2,0.029,0.113,0.048,0.047,0.101,0.027,0.031,0.046,0.102,0.184,0.075,0.073,0.034,0.03,0.005,0.054
21,A2_3,0.215,0.046,0.002,0.004,0.016,0.036,0.011,0.073,0.038,0.008,0.007,0.002,0.193,0.277,0.059,0.012
21,B2_1,0.061,0.183,0.07,0.014,0.034,0.024,0.026,0.052,0.053,0.04,0.084,0.086,0.091,0.023,0.002,0.157
21,B2_2,0.437,0.01,0.012,0.011,0.034,0.016,0.007,0.036,0.155,0.032,0.003,0.016,0.028,0.091,0.045,0.065
21,B2_3,0.092,0.071,0.006,0.019,0.018,0.068,0.068,0.315,0.044,0.01,0.018,0.02,0.13,0.096,0.014,0.011
21,y1,0.448,0.032,0.073,0.029,0.026,0.036,0.001,0.04,0.01,0.008,0.025,0.008,0.047,0.026,0.009,0.181
21,y2,0.012,0.137,0.053,0.081,0.056,0.026,0.08,0.053,0.055,0.122,0.202,0.036,0.02,0.028,0.016,0.022
21,y3,0.281,0.059,0.008,0.003,0.017,0.014,0.008,0.022,0.034,0.015,0.013,0.005,0.195,0.226,0.062,0.038
22,.,0.183,0.058,0.067,0.019,0.024,0.033,0.033,0.055,0.052,0.067,0.053,0.071,0.088,0.052,0.012,0.134
22,A1_1,0.571,0.011,0.027,0.012,0.009,0.037,0.006,0.024,0.024,0.008,0.015,0.011,0.029,0.015,0.032,0.169
22,A1_2,0.008,0.295,0.031,0.025,0.028,0.041,0.081,0.074,0.033,0.057,0.198,0.029,0.03,0.016,0.029,0.026
22,A1_3,0.114,0.162,0.02,0.004,0.033,0.023,0.006,0.027,0.032,0.061,0.038,0.006,0.152,0.176,0.05,0.097
22,B1_1,0.065,0.046,0.072,0.118,0.028,0.073,0.081,0.047,0.051,0.09,0.133,0.033,0.057,0.045,0.008,0.052
22,B1_2,0.47,0.022,0.018,0.002,0.004,0.01,0.017,0.009,0.032,0.007,0.011,0.01,0.133,0.09,0.074,0.091
22,B1_3,0.125,0.032,0.038,0.138,0.041,0.103,0.062,0.062,0.14,0.028,0.037,0.035,0.054,0.031,0.004,0.068
22,A2_1,0.183,0.174,0.071,0.004,0.014,0.012,0.013,0.037,0.032,0.006,0.038,0.016,0.092,0.06,0.082,0.165
22,A2_2,0.03,0.11,0.047,0.049,0.101,0.027,0.033,0.047,0.108,0.18,0.074,0.073,0.035,0.03,0.006,0.052
22,A2_3,0.215,0.047,0.002,0.004,0.016,0.033,0.011,0.071,0.037,0.008,0.007,0.002,0.187,0.287,0.059,0.012
22,B2_1,0.06,0.175,0.068,0.014,0.035,0.025,0.028,0.051,0.058,0.043,0.08,0.089,0.091,0.023,0.002,0.159
22,B2_2,0.448,0.01,0.011,0.01,0.033,0.015,0.007,0.037,0.147,0.03,0.003,0.016,0.029,0.097,0.048,0.06
22,B2_3,0.098,0.068,0.007,0.021,0.019,0.068,0.069,0.31,0.046,0.01,0.018,0.022,0.128,0.093,0.012,0.011
22,y1,0.462,0.029,0.074,0.027,0.023,0.034,0.001,0.035,0.01,0.007,0.024,0.007,0.044,0.024,0.011,0.188
22,y2,0.012,0.131,0.051,0.08,0.054,0.028,0.087,0.053,0.057,0.127,0.198,0.038,0.021,0.026,0.015,0.022
22,y3,0.308,0.052,0.008,0.002,0.016,0.013,0.008,0.022,0.032,0.012,0.012,0.005,0.179,0.229,0.067,0.034
23,.,0.182,0.058,0.068,0.019,0.024,0.033,0.033,0.054,0.052,0.067,0.053,0.072,0.087,0.052,0.012,0.134
23,A1_1,0.579,0.011,0.026,0.012,0.009,0.036,0.006,0.023,0.023,0.008,0.015,0.011,0.028,0.015,0.034,0.164
23,A1_2,0.008,0.294,0.031,0.025,0.028,0.041,0.082,0.072,0.033,0.057,0.2,0.028,0.03,0.016,0.029,0.026
23,A1_3,0.113,0.161,0.02,0.004,0.033,0.023,0.006,0.027,0.031,0.06,0.038,0.006,0.149,0.18,0.052,0.097
23,B1_1,0.066,0.045,0.072,0.116,0.028,0.075,0.083,0.045,0.051,0.09,0.132,0.033,0.058,0.045,0.008,0.053
23,B1_2,0.473,0.021,0.017,0.002,0.004,0.01,0.017,0.009,0.032,0.007,0.011,0.01,0.129,0.091,0.078,0.09
23,B1_3,0.129,0.032,0.039,0.135,0.041,0.102,0.062,0.06,0.139,0.028,0.037,0.035,0.055,0.032,0.004,0.068
23,A2_1,0.184,0.169,0.071,0.005,0.014,0.012,0.014,0.037,0.033,0.006,0.038,0.017,0.089,0.061,0.089,0.163
23,A2_2,0.03,0.11,0.047,0.048,0.099,0.028,0.034,0.046,0.106,0.181,0.074,0.072,0.036,0.032,0.006,0.053
23,A2_3,0.222,0.044,0.002,0.004,0.016,0.034,0.012,0.069,0.038,0.008,0.007,0.003,0.181,0.286,0.063,0.012
23,B2_1,0.062,0.178,0.069,0.014,0.034,0.024,0.027,0.051,0.056,0.041,0.083,0.087,0.092,0.023,0.002,0.157
23,B2_2,0.451,0.01,0.011,0.011,0.033,0.015,0.007,0.035,0.146,0.03,0.003,0.016,0.027,0.094,0.048,0.061
23,B2_3,0.094,0.07,0.006,0.02,0.019,0.069,0.071,0.306,0.046,0.01,0.018,0.021,0.131,0.094,0.013,0.011
23,y1,0.471,0.028,0.073,0.027,0.024,0.033,0.001,0.035,0.01,0.008,0.024,0.007,0.043,0.025,0.01,0.179
23,y2,0.012,0.134,0.052,0.08,0.055,0.027,0.087,0.052,0.057,0.123,0.201,0.037,0.021,0.027,0.015,0.021
23,y3,0.306,0.052,0.008,0.002,0.016,0.013,0.008,0.021,0.033,0.013,0.012,0.005,0.175,0.23,0.069,0.036
24,.,0.182,0.058,0.068,0.019,0.025,0.033,0.033,0.054,0.052,0.068,0.053,0.072,0.086,0.052,0.012,0.133
24,A1_1,0.583,0.011,0.026,0.012,0.009,0.036,0.006,0.023,0.023,0.008,0.015,0.011,0.028,0.015,0.035,0.161
24,A1_2,0.008,0.292,0.031,0.025,0.029,0.041,0.082,0.071,0.033,0.057,0.202,0.029,0.03,0.016,0.029,0.025
24,A1_3,0.114,0.159,0.02,0.004,0.033,0.022,0.006,0.027,0.031,0.059,0.038,0.006,0.147,0.185,0.055,0.095
24,B1_1,0.067,0.044,0.073,0.116,0.028,0.075,0.082,0.045,0.051,0.089,0.134,0.033,0.058,0.044,0.008,0.053
24,B1_2,0.472,0.021,0.017,0.002,0.004,0.01,0.017,0.009,0.032,0.007,0.011,0.01,0.125,0.093,0.082,0.089
24,B1_3,0.129,0.033,0.04,0.132,0.042,0.101,0.062,0.06,0.138,0.029,0.038,0.036,0.056,0.032,0.004,0.069
24,A2_1,0.194,0.162,0.069,0.005,0.014,0.012,0.014,0.037,0.033,0.006,0.037,0.016,0.088,0.063,0.093,0.158
24,A2_2,0.029,0.111,0.049,0.047,0.098,0.028,0.034,0.045,0.104,0.18,0.075,0.074,0.036,0.031,0.005,0.053
