,,.,A1_1,A1_2,A1_3,B1_1,B1_2,B1_3,A2_1,A2_2,A2_3,B2_1,B2_2,B2_3,y1,y2,y3
1,.,1.0,0.42,0.167,0.031,0.08,-0.198,-0.427,0.143,-0.162,0.372,0.235,-0.011,-0.119,0.042,0.382,-0.056
1,A1_1,0.42,1.0,0.143,0.095,0.08,-0.361,0.016,-0.127,-0.231,0.447,0.056,0.381,0.232,0.123,0.187,0.188
1,A1_2,0.167,0.143,1.0,-0.063,0.062,-0.052,-0.137,-0.068,-0.586,0.035,-0.051,0.392,-0.528,-0.416,-0.007,0.396
1,A1_3,0.031,0.095,-0.063,1.0,-0.007,-0.07,-0.315,0.046,-0.079,-0.255,0.004,-0.03,-0.017,-0.002,0.371,-0.031
1,B1_1,0.08,0.08,0.062,-0.007,1.0,0.249,-0.023,-0.162,0.045,0.3,-0.056,0.209,0.412,-0.214,0.234,0.459
1,B1_2,-0.198,-0.361,-0.052,-0.07,0.249,1.0,0.127,-0.221,0.195,0.072,0.424,-0.15,0.039,-0.43,-0.114,-0.083
1,B1_3,-0.427,0.016,-0.137,-0.315,-0.023,0.127,1.0,-0.29,0.213,-0.265,-0.132,0.016,0.322,0.173,0.144,0.433
1,A2_1,0.143,-0.127,-0.068,0.046,-0.162,-0.221,-0.29,1.0,-0.066,0.061,0.081,-0.329,-0.079,-0.21,0.15,-0.098
1,A2_2,-0.162,-0.231,-0.586,-0.079,0.045,0.195,0.213,-0.066,1.0,0.01,-0.126,-0.121,0.663,0.368,0.062,0.216
1,A2_3,0.372,0.447,0.035,-0.255,0.3,0.072,-0.265,0.061,0.01,1.0,0.001,0.133,0.279,-0.154,-0.312,0.051
1,B2_1,0.235,0.056,-0.051,0.004,-0.056,0.424,-0.132,0.081,-0.126,0.001,1.0,-0.252,-0.045,0.035,-0.059,-0.285
1,B2_2,-0.011,0.381,0.392,-0.03,0.209,-0.15,0.016,-0.329,-0.121,0.133,-0.252,1.0,0.171,0.141,-0.253,0.366
1,B2_3,-0.119,0.232,-0.528,-0.017,0.412,0.039,0.322,-0.079,0.663,0.279,-0.045,0.171,1.0,0.498,0.026,0.441
1,y1,0.042,0.123,-0.416,-0.002,-0.214,-0.43,0.173,-0.21,0.368,-0.154,0.035,0.141,0.498,1.0,-0.144,0.062
1,y2,0.382,0.187,-0.007,0.371,0.234,-0.114,0.144,0.15,0.062,-0.312,-0.059,-0.253,0.026,-0.144,1.0,0.33
1,y3,-0.056,0.188,0.396,-0.031,0.459,-0.083,0.433,-0.098,0.216,0.051,-0.285,0.366,0.441,0.062,0.33,1.0
2,.,1.0,0.421,0.167,0.031,0.08,-0.199,-0.428,0.139,-0.165,0.372,0.235,-0.011,-0.119,0.04,0.382,-0.056
2,A1_1,0.421,1.0,0.142,0.095,0.079,-0.362,0.015,-0.128,-0.232,0.447,0.056,0.381,0.23,0.122,0.186,0.187
2,A1_2,0.167,0.142,1.0,-0.063,0.06,-0.054,-0.138,-0.068,-0.586,0.035,-0.052,0.391,-0.528,-0.416,-0.008,0.396
2,A1_3,0.031,0.095,-0.063,1.0,-0.007,-0.07,-0.314,0.046,-0.079,-0.255,0.004,-0.03,-0.017,-0.002,0.369,-0.032
2,B1_1,0.08,0.079,0.06,-0.007,1.0,0.249,-0.022,-0.16,0.048,0.3,-0.056,0.207,0.414,-0.214,0.235,0.46
2,B1_2,-0.199,-0.362,-0.054,-0.07,0.249,1.0,0.127,-0.22,0.197,0.072,0.423,-0.153,0.04,-0.429,-0.113,-0.082
2,B1_3,-0.428,0.015,-0.138,-0.314,-0.022,0.127,1.0,-0.289,0.215,-0.265,-0.132,0.015,0.323,0.174,0.146,0.435
2,A2_1,0.139,-0.128,-0.068,0.046,-0.16,-0.22,-0.289,1.0,-0.066,0.061,0.082,-0.329,-0.077,-0.211,0.148,-0.099
2,A2_2,-0.165,-0.232,-0.586,-0.079,0.048,0.197,0.215,-0.066,1.0,0.01,-0.124,-0.119,0.664,0.368,0.06,0.216
2,A2_3,0.372,0.447,0.035,-0.255,0.3,0.072,-0.265,0.061,0.01,1.0,0.001,0.133,0.279,-0.155,-0.314,0.05
2,B2_1,0.235,0.056,-0.052,0.004,-0.056,0.423,-0.132,0.082,-0.124,0.001,1.0,-0.255,-0.044,0.036,-0.058,-0.285
2,B2_2,-0.011,0.381,0.391,-0.03,0.207,-0.153,0.015,-0.329,-0.119,0.133,-0.255,1.0,0.17,0.142,-0.252,0.368
2,B2_3,-0.119,0.23,-0.528,-0.017,0.414,0.04,0.323,-0.077,0.664,0.279,-0.044,0.17,1.0,0.497,0.027,0.44
2,y1,0.04,0.122,-0.416,-0.002,-0.214,-0.429,0.174,-0.211,0.368,-0.155,0.036,0.142,0.497,1.0,-0.143,0.062
2,y2,0.382,0.186,-0.008,0.369,0.235,-0.113,0.146,0.148,0.06,-0.314,-0.058,-0.252,0.027,-0.143,1.0,0.33
2,y3,-0.056,0.187,0.396,-0.032,0.46,-0.082,0.435,-0.099,0.216,0.05,-0.285,0.368,0.44,0.062,0.33,1.0
3,.,1.0,0.423,0.168,0.031,0.081,-0.199,-0.429,0.135,-0.167,0.372,0.235,-0.011,-0.119,0.038,0.381,-0.056
3,A1_1,0.423,1.0,0.142,0.095,0.078,-0.363,0.015,-0.129,-0.233,0.446,0.056,0.382,0.23,0.122,0.184,0.187
3,A1_2,0.168,0.142,1.0,-0.063,0.058,-0.055,-0.139,-0.068,-0.586,0.034,-0.053,0.391,-0.529,-0.416,-0.009,0.396
3,A1_3,0.031,0.095,-0.063,1.0,-0.007,-0.07,-0.314,0.047,-0.079,-0.254,0.004,-0.03,-0.017,-0.003,0.367,-0.033
3,B1_1,0.081,0.078,0.058,-0.007,1.0,0.249,-0.021,-0.159,0.05,0.3,-0.056,0.206,0.415,-0.213,0.236,0.46
3,B1_2,-0.199,-0.363,-0.055,-0.07,0.249,1.0,0.128,-0.219,0.2,0.072,0.422,-0.155,0.041,-0.428,-0.112,-0.081
3,B1_3,-0.429,0.015,-0.139,-0.314,-0.021,0.128,1.0,-0.288,0.217,-0.265,-0.132,0.015,0.324,0.176,0.149,0.437
3,A2_1,0.135,-0.129,-0.068,0.047,-0.159,-0.219,-0.288,1.0,-0.065,0.062,0.083,-0.328,-0.075,-0.211,0.146,-0.099
3,A2_2,-0.167,-0.233,-0.586,-0.079,0.05,0.2,0.217,-0.065,1.0,0.009,-0.122,-0.117,0.666,0.367,0.059,0.215
3,A2_3,0.372,0.446,0.034,-0.254,0.3,0.072,-0.265,0.062,0.009,1.0,0.002,0.133,0.278,-0.156,-0.316,0.049
3,B2_1,0.235,0.056,-0.053,0.004,-0.056,0.422,-0.132,0.083,-0.122,0.002,1.0,-0.257,-0.043,0.036,-0.058,-0.285
3,B2_2,-0.011,0.382,0.391,-0.03,0.206,-0.155,0.015,-0.328,-0.117,0.133,-0.257,1.0,0.17,0.144,-0.25,0.37
3,B2_3,-0.119,0.23,-0.529,-0.017,0.415,0.041,0.324,-0.075,0.666,0.278,-0.043,0.17,1.0,0.496,0.027,0.44
3,y1,0.038,0.122,-0.416,-0.003,-0.213,-0.428,0.176,-0.211,0.367,-0.156,0.036,0.144,0.496,1.0,-0.143,0.062
3,y2,0.381,0.184,-0.009,0.367,0.236,-0.112,0.149,0.146,0.059,-0.316,-0.058,-0.25,0.027,-0.143,1.0,0.329
3,y3,-0.056,0.187,0.396,-0.033,0.46,-0.081,0.437,-0.099,0.215,0.049,-0.285,0.37,0.44,0.062,0.329,1.0
4,.,1.0,0.425,0.169,0.03,0.082,-0.199,-0.431,0.131,-0.17,0.372,0.235,-0.011,-0.12,0.036,0.38,-0.057
4,A1_1,0.425,1.0,0.141,0.095,0.078,-0.363,0.014,-0.129,-0.234,0.446,0.056,0.383,0.229,0.121,0.182,0.186
4,A1_2,0.169,0.141,1.0,-0.062,0.056,-0.056,-0.14,-0.068,-0.586,0.034,-0.055,0.39,-0.529,-0.416,-0.009,0.397
4,A1_3,0.03,0.095,-0.062,1.0,-0.007,-0.07,-0.314,0.048,-0.079,-0.254,0.004,-0.03,-0.017,-0.004,0.366,-0.034
4,B1_1,0.082,0.078,0.056,-0.007,1.0,0.248,-0.02,-0.158,0.052,0.299,-0.056,0.205,0.417,-0.213,0.236,0.461
4,B1_2,-0.199,-0.363,-0.056,-0.07,0.248,1.0,0.129,-0.218,0.202,0.072,0.421,-0.157,0.042,-0.427,-0.11,-0.08
4,B1_3,-0.431,0.014,-0.14,-0.314,-0.02,0.129,1.0,-0.288,0.219,-0.265,-0.132,0.015,0.325,0.177,0.151,0.439
4,A2_1,0.131,-0.129,-0.068,0.048,-0.158,-0.218,-0.288,1.0,-0.065,0.062,0.084,-0.327,-0.074,-0.212,0.144,-0.1
4,A2_2,-0.17,-0.234,-0.586,-0.079,0.052,0.202,0.219,-0.065,1.0,0.009,-0.12,-0.115,0.667,0.367,0.058,0.215
4,A2_3,0.372,0.446,0.034,-0.254,0.299,0.072,-0.265,0.062,0.009,1.0,0.002,0.133,0.278,-0.157,-0.318,0.048
4,B2_1,0.235,0.056,-0.055,0.004,-0.056,0.421,-0.132,0.084,-0.12,0.002,1.0,-0.259,-0.042,0.037,-0.057,-0.285
4,B2_2,-0.011,0.383,0.39,-0.03,0.205,-0.157,0.015,-0.327,-0.115,0.133,-0.259,1.0,0.17,0.146,-0.249,0.372
4,B2_3,-0.12,0.229,-0.529,-0.017,0.417,0.042,0.325,-0.074,0.667,0.278,-0.042,0.17,1.0,0.495,0.028,0.44
4,y1,0.036,0.121,-0.416,-0.004,-0.213,-0.427,0.177,-0.212,0.367,-0.157,0.037,0.146,0.495,1.0,-0.143,0.061
4,y2,0.38,0.182,-0.009,0.366,0.236,-0.11,0.151,0.144,0.058,-0.318,-0.057,-0.249,0.028,-0.143,1.0,0.329
4,y3,-0.057,0.186,0.397,-0.034,0.461,-0.08,0.439,-0.1,0.215,0.048,-0.285,0.372,0.44,0.061,0.329,1.0
5,.,1.0,0.426,0.17,0.031,0.082,-0.198,-0.434,0.127,-0.173,0.372,0.235,-0.01,-0.121,0.033,0.378,-0.058
5,A1_1,0.426,1.0,0.141,0.095,0.077,-0.363,0.013,-0.129,-0.234,0.446,0.057,0.383,0.228,0.121,0.18,0.186
5,A1_2,0.17,0.141,1.0,-0.062,0.054,-0.057,-0.141,-0.068,-0.586,0.034,-0.056,0.389,-0.53,-0.416,-0.01,0.397
5,A1_3,0.031,0.095,-0.062,1.0,-0.008,-0.07,-0.314,0.048,-0.079,-0.253,0.004,-0.03,-0.017,-0.005,0.364,-0.035
5,B1_1,0.082,0.077,0.054,-0.008,1.0,0.248,-0.018,-0.157,0.054,0.299,-0.055,0.204,0.419,-0.212,0.237,0.461
5,B1_2,-0.198,-0.363,-0.057,-0.07,0.248,1.0,0.13,-0.217,0.205,0.072,0.421,-0.159,0.043,-0.426,-0.109,-0.078
5,B1_3,-0.434,0.013,-0.141,-0.314,-0.018,0.13,1.0,-0.287,0.221,-0.265,-0.131,0.015,0.327,0.179,0.153,0.441
5,A2_1,0.127,-0.129,-0.068,0.048,-0.157,-0.217,-0.287,1.0,-0.066,0.062,0.085,-0.327,-0.072,-0.212,0.142,-0.101
5,A2_2,-0.173,-0.234,-0.586,-0.079,0.054,0.205,0.221,-0.066,1.0,0.009,-0.118,-0.113,0.668,0.366,0.056,0.214
5,A2_3,0.372,0.446,0.034,-0.253,0.299,0.072,-0.265,0.062,0.009,1.0,0.002,0.134,0.278,-0.158,-0.321,0.047
5,B2_1,0.235,0.057,-0.056,0.004,-0.055,0.421,-0.131,0.085,-0.118,0.002,1.0,-0.261,-0.041,0.037,-0.057,-0.285
5,B2_2,-0.01,0.383,0.389,-0.03,0.204,-0.159,0.015,-0.327,-0.113,0.134,-0.261,1.0,0.171,0.147,-0.247,0.374
5,B2_3,-0.121,0.228,-0.53,-0.017,0.419,0.043,0.327,-0.072,0.668,0.278,-0.041,0.171,1.0,0.494,0.028,0.439
5,y1,0.033,0.121,-0.416,-0.005,-0.212,-0.426,0.179,-0.212,0.366,-0.158,0.037,0.147,0.494,1.0,-0.143,0.061
5,y2,0.378,0.18,-0.01,0.364,0.237,-0.109,0.153,0.142,0.056,-0.321,-0.057,-0.247,0.028,-0.143,1.0,0.329
5,y3,-0.058,0.186,0.397,-0.035,0.461,-0.078,0.441,-0.101,0.214,0.047,-0.285,0.374,0.439,0.061,0.329,1.0
6,.,1.0,0.428,0.172,0.031,0.082,-0.198,-0.436,0.123,-0.176,0.372,0.235,-0.009,-0.122,0.031,0.376,-0.059
6,A1_1,0.428,1.0,0.141,0.095,0.077,-0.364,0.013,-0.13,-0.235,0.446,0.057,0.384,0.227,0.12,0.179,0.185
6,A1_2,0.172,0.141,1.0,-0.062,0.053,-0.059,-0.142,-0.068,-0.586,0.033,-0.057,0.387,-0.53,-0.415,-0.011,0.397
6,A1_3,0.031,0.095,-0.062,1.0,-0.008,-0.07,-0.314,0.049,-0.079,-0.253,0.005,-0.03,-0.017,-0.006,0.362,-0.036
6,B1_1,0.082,0.077,0.053,-0.008,1.0,0.248,-0.016,-0.156,0.056,0.298,-0.055,0.204,0.421,-0.212,0.237,0.461
6,B1_2,-0.198,-0.364,-0.059,-0.07,0.248,1.0,0.131,-0.216,0.207,0.073,0.42,-0.161,0.044,-0.425,-0.108,-0.077
6,B1_3,-0.436,0.013,-0.142,-0.314,-0.016,0.131,1.0,-0.287,0.222,-0.265,-0.13,0.015,0.328,0.181,0.155,0.443
6,A2_1,0.123,-0.13,-0.068,0.049,-0.156,-0.216,-0.287,1.0,-0.066,0.063,0.086,-0.326,-0.071,-0.213,0.14,-0.103
6,A2_2,-0.176,-0.235,-0.586,-0.079,0.056,0.207,0.222,-0.066,1.0,0.008,-0.116,-0.111,0.668,0.365,0.054,0.213
6,A2_3,0.372,0.446,0.033,-0.253,0.298,0.073,-0.265,0.063,0.008,1.0,0.002,0.134,0.277,-0.159,-0.323,0.046
6,B2_1,0.235,0.057,-0.057,0.005,-0.055,0.42,-0.13,0.086,-0.116,0.002,1.0,-0.262,-0.039,0.038,-0.057,-0.284
6,B2_2,-0.009,0.384,0.387,-0.03,0.204,-0.161,0.015,-0.326,-0.111,0.134,-0.262,1.0,0.171,0.149,-0.246,0.376
6,B2_3,-0.122,0.227,-0.53,-0.017,0.421,0.044,0.328,-0.071,0.668,0.277,-0.039,0.171,1.0,0.493,0.028,0.439
6,y1,0.031,0.12,-0.415,-0.006,-0.212,-0.425,0.181,-0.213,0.365,-0.159,0.038,0.149,0.493,1.0,-0.143,0.061
6,y2,0.376,0.179,-0.011,0.362,0.237,-0.108,0.155,0.14,0.054,-0.323,-0.057,-0.246,0.028,-0.143,1.0,0.329
6,y3,-0.059,0.185,0.397,-0.036,0.461,-0.077,0.443,-0.103,0.213,0.046,-0.284,0.376,0.439,0.061,0.329,1.0
7,.,1.0,0.429,0.174,0.031,0.082,-0.197,-0.438,0.119,-0.18,0.372,0.235,-0.009,-0.124,0.028,0.375,-0.06
7,A1_1,0.429,1.0,0.14,0.094,0.076,-0.364,0.012,-0.13,-0.236,0.445,0.057,0.384,0.226,0.119,0.177,0.184
7,A1_2,0.174,0.14,1.0,-0.061,0.05,-0.06,-0.144,-0.067,-0.587,0.033,-0.058,0.386,-0.531,-0.415,-0.012,0.397
7,A1_3,0.031,0.094,-0.061,1.0,-0.008,-0.07,-0.313,0.05,-0.079,-0.252,0.005,-0.03,-0.017,-0.007,0.36,-0.037
7,B1_1,0.082,0.076,0.05,-0.008,1.0,0.248,-0.014,-0.155,0.058,0.298,-0.054,0.203,0.423,-0.211,0.237,0.462
7,B1_2,-0.197,-0.364,-0.06,-0.07,0.248,1.0,0.132,-0.215,0.21,0.073,0.42,-0.162,0.046,-0.424,-0.107,-0.076
7,B1_3,-0.438,0.012,-0.144,-0.313,-0.014,0.132,1.0,-0.286,0.223,-0.265,-0.128,0.015,0.33,0.182,0.157,0.444
7,A2_1,0.119,-0.13,-0.067,0.05,-0.155,-0.215,-0.286,1.0,-0.066,0.063,0.086,-0.325,-0.07,-0.214,0.138,-0.104
7,A2_2,-0.18,-0.236,-0.587,-0.079,0.058,0.21,0.223,-0.066,1.0,0.008,-0.114,-0.109,0.669,0.364,0.052,0.213
7,A2_3,0.372,0.445,0.033,-0.252,0.298,0.073,-0.265,0.063,0.008,1.0,0.002,0.134,0.276,-0.161,-0.325,0.045
7,B2_1,0.235,0.057,-0.058,0.005,-0.054,0.42,-0.128,0.086,-0.114,0.002,1.0,-0.264,-0.037,0.039,-0.057,-0.284
7,B2_2,-0.009,0.384,0.386,-0.03,0.203,-0.162,0.015,-0.325,-0.109,0.134,-0.264,1.0,0.172,0.151,-0.245,0.379
7,B2_3,-0.124,0.226,-0.531,-0.017,0.423,0.046,0.33,-0.07,0.669,0.276,-0.037,0.172,1.0,0.492,0.028,0.438
7,y1,0.028,0.119,-0.415,-0.007,-0.211,-0.424,0.182,-0.214,0.364,-0.161,0.039,0.151,0.492,1.0,-0.144,0.061
7,y2,0.375,0.177,-0.012,0.36,0.237,-0.107,0.157,0.138,0.052,-0.325,-0.057,-0.245,0.028,-0.144,1.0,0.328
7,y3,-0.06,0.184,0.397,-0.037,0.462,-0.076,0.444,-0.104,0.213,0.045,-0.284,0.379,0.438,0.061,0.328,1.0
8,.,1.0,0.43,0.176,0.031,0.081,-0.198,-0.441,0.115,-0.183,0.372,0.234,-0.008,-0.127,0.025,0.373,-0.062
8,A1_1,0.43,1.0,0.14,0.094,0.075,-0.364,0.011,-0.13,-0.237,0.445,0.057,0.385,0.225,0.119,0.175,0.183
8,A1_2,0.176,0.14,1.0,-0.06,0.048,-0.061,-0.145,-0.067,-0.587,0.033,-0.059,0.385,-0.531,-0.415,-0.012,0.398
8,A1_3,0.031,0.094,-0.06,1.0,-0.009,-0.07,-0.313,0.05,-0.079,-0.252,0.005,-0.03,-0.017,-0.008,0.358,-0.038
8,B1_1,0.081,0.075,0.048,-0.009,1.0,0.249,-0.012,-0.154,0.06,0.297,-0.053,0.203,0.425,-0.21,0.237,0.462
8,B1_2,-0.198,-0.364,-0.061,-0.07,0.249,1.0,0.134,-0.214,0.212,0.073,0.419,-0.164,0.048,-0.423,-0.106,-0.075
8,B1_3,-0.441,0.011,-0.145,-0.313,-0.012,0.134,1.0,-0.286,0.225,-0.266,-0.127,0.016,0.332,0.184,0.159,0.446
8,A2_1,0.115,-0.13,-0.067,0.05,-0.154,-0.214,-0.286,1.0,-0.066,0.063,0.087,-0.325,-0.069,-0.215,0.135,-0.105
8,A2_2,-0.183,-0.237,-0.587,-0.079,0.06,0.212,0.225,-0.066,1.0,0.008,-0.112,-0.107,0.67,0.363,0.051,0.212
8,A2_3,0.372,0.445,0.033,-0.252,0.297,0.073,-0.266,0.063,0.008,1.0,0.003,0.134,0.275,-0.162,-0.328,0.043
8,B2_1,0.234,0.057,-0.059,0.005,-0.053,0.419,-0.127,0.087,-0.112,0.003,1.0,-0.266,-0.035,0.039,-0.057,-0.284
8,B2_2,-0.008,0.385,0.385,-0.03,0.203,-0.164,0.016,-0.325,-0.107,0.134,-0.266,1.0,0.172,0.153,-0.243,0.381
8,B2_3,-0.127,0.225,-0.531,-0.017,0.425,0.048,0.332,-0.069,0.67,0.275,-0.035,0.172,1.0,0.491,0.028,0.437
8,y1,0.025,0.119,-0.415,-0.008,-0.21,-0.423,0.184,-0.215,0.363,-0.162,0.039,0.153,0.491,1.0,-0.143,0.06
8,y2,0.373,0.175,-0.012,0.358,0.237,-0.106,0.159,0.135,0.051,-0.328,-0.057,-0.243,0.028,-0.143,1.0,0.328
8,y3,-0.062,0.183,0.398,-0.038,0.462,-0.075,0.446,-0.105,0.212,0.043,-0.284,0.381,0.437,0.06,0.328,1.0
9,.,1.0,0.432,0.178,0.031,0.08,-0.198,-0.444,0.111,-0.187,0.372,0.233,-0.008,-0.13,0.021,0.371,-0.063
9,A1_1,0.432,1.0,0.14,0.094,0.074,-0.365,0.01,-0.131,-0.238,0.445,0.057,0.385,0.223,0.118,0.173,0.182
9,A1_2,0.178,0.14,1.0,-0.06,0.046,-0.063,-0.146,-0.067,-0.587,0.034,-0.061,0.384,-0.531,-0.415,-0.013,0.398
9,A1_3,0.031,0.094,-0.06,1.0,-0.009,-0.07,-0.314,0.051,-0.079,-0.251,0.005,-0.029,-0.018,-0.009,0.356,-0.039
9,B1_1,0.08,0.074,0.046,-0.009,1.0,0.249,-0.009,-0.153,0.062,0.296,-0.053,0.203,0.427,-0.21,0.237,0.462
9,B1_2,-0.198,-0.365,-0.063,-0.07,0.249,1.0,0.135,-0.214,0.214,0.073,0.419,-0.165,0.05,-0.422,-0.105,-0.074
9,B1_3,-0.444,0.01,-0.146,-0.314,-0.009,0.135,1.0,-0.286,0.226,-0.266,-0.125,0.017,0.334,0.185,0.161,0.447
9,A2_1,0.111,-0.131,-0.067,0.051,-0.153,-0.214,-0.286,1.0,-0.067,0.064,0.088,-0.324,-0.068,-0.216,0.133,-0.106
9,A2_2,-0.187,-0.238,-0.587,-0.079,0.062,0.214,0.226,-0.067,1.0,0.008,-0.11,-0.105,0.67,0.362,0.049,0.211
9,A2_3,0.372,0.445,0.034,-0.251,0.296,0.073,-0.266,0.064,0.008,1.0,0.003,0.134,0.274,-0.164,-0.33,0.042
9,B2_1,0.233,0.057,-0.061,0.005,-0.053,0.419,-0.125,0.088,-0.11,0.003,1.0,-0.267,-0.033,0.039,-0.057,-0.284
9,B2_2,-0.008,0.385,0.384,-0.029,0.203,-0.165,0.017,-0.324,-0.105,0.134,-0.267,1.0,0.173,0.155,-0.242,0.383
9,B2_3,-0.13,0.223,-0.531,-0.018,0.427,0.05,0.334,-0.068,0.67,0.274,-0.033,0.173,1.0,0.489,0.027,0.436
9,y1,0.021,0.118,-0.415,-0.009,-0.21,-0.422,0.185,-0.216,0.362,-0.164,0.039,0.155,0.489,1.0,-0.143,0.06
9,y2,0.371,0.173,-0.013,0.356,0.237,-0.105,0.161,0.133,0.049,-0.33,-0.057,-0.242,0.027,-0.143,1.0,0.328
9,y3,-0.063,0.182,0.398,-0.039,0.462,-0.074,0.447,-0.106,0.211,0.042,-0.284,0.383,0.436,0.06,0.328,1.0
10,.,1.0,0.433,0.181,0.032,0.078,-0.199,-0.448,0.107,-0.19,0.372,0.232,-0.008,-0.134,0.018,0.369,-0.065
10,A1_1,0.433,1.0,0.14,0.095,0.073,-0.365,0.009,-0.131,-0.239,0.445,0.056,0.385,0.222,0.117,0.171,0.181
10,A1_2,0.181,0.14,1.0,-0.059,0.044,-0.064,-0.147,-0.066,-0.587,0.034,-0.062,0.383,-0.532,-0.414,-0.013,0.398
10,A1_3,0.032,0.095,-0.059,1.0,-0.01,-0.071,-0.314,0.052,-0.08,-0.25,0.005,-0.029,-0.018,-0.01,0.354,-0.04
10,B1_1,0.078,0.073,0.044,-0.01,1.0,0.25,-0.006,-0.153,0.064,0.295,-0.052,0.202,0.429,-0.21,0.236,0.462
10,B1_2,-0.199,-0.365,-0.064,-0.071,0.25,1.0,0.137,-0.213,0.217,0.073,0.419,-0.166,0.052,-0.422,-0.104,-0.073
10,B1_3,-0.448,0.009,-0.147,-0.314,-0.006,0.137,1.0,-0.286,0.227,-0.266,-0.123,0.018,0.337,0.187,0.162,0.449
10,A2_1,0.107,-0.131,-0.066,0.052,-0.153,-0.213,-0.286,1.0,-0.067,0.065,0.088,-0.324,-0.068,-0.217,0.131,-0.108
10,A2_2,-0.19,-0.239,-0.587,-0.08,0.064,0.217,0.227,-0.067,1.0,0.007,-0.108,-0.103,0.671,0.361,0.047,0.21
10,A2_3,0.372,0.445,0.034,-0.25,0.295,0.073,-0.266,0.065,0.007,1.0,0.003,0.134,0.273,-0.165,-0.332,0.04
10,B2_1,0.232,0.056,-0.062,0.005,-0.052,0.419,-0.123,0.088,-0.108,0.003,1.0,-0.268,-0.031,0.039,-0.058,-0.284
10,B2_2,-0.008,0.385,0.383,-0.029,0.202,-0.166,0.018,-0.324,-0.103,0.134,-0.268,1.0,0.174,0.156,-0.241,0.385
10,B2_3,-0.134,0.222,-0.532,-0.018,0.429,0.052,0.337,-0.068,0.671,0.273,-0.031,0.174,1.0,0.487,0.026,0.436
10,y1,0.018,0.117,-0.414,-0.01,-0.21,-0.422,0.187,-0.217,0.361,-0.165,0.039,0.156,0.487,1.0,-0.143,0.06
10,y2,0.369,0.171,-0.013,0.354,0.236,-0.104,0.162,0.131,0.047,-0.332,-0.058,-0.241,0.026,-0.143,1.0,0.328
10,y3,-0.065,0.181,0.398,-0.04,0.462,-0.073,0.449,-0.108,0.21,0.04,-0.284,0.385,0.436,0.06,0.328,1.0
11,.,1.0,0.435,0.183,0.032,0.075,-0.2,-0.451,0.103,-0.193,0.372,0.229,-0.009,-0.139,0.016,0.367,-0.066
11,A1_1,0.435,1.0,0.14,0.095,0.072,-0.366,0.008,-0.131,-0.239,0.445,0.056,0.385,0.22,0.117,0.169,0.18
11,A1_2,0.183,0.14,1.0,-0.058,0.042,-0.066,-0.149,-0.066,-0.588,0.034,-0.063,0.381,-0.532,-0.414,-0.014,0.399
11,A1_3,0.032,0.095,-0.058,1.0,-0.01,-0.071,-0.314,0.052,-0.08,-0.249,0.005,-0.03,-0.019,-0.011,0.352,-0.041
11,B1_1,0.075,0.072,0.042,-0.01,1.0,0.251,-0.003,-0.152,0.066,0.294,-0.051,0.202,0.432,-0.209,0.235,0.462
11,B1_2,-0.2,-0.366,-0.066,-0.071,0.251,1.0,0.14,-0.212,0.219,0.073,0.418,-0.167,0.054,-0.421,-0.104,-0.072
11,B1_3,-0.451,0.008,-0.149,-0.314,-0.003,0.14,1.0,-0.286,0.228,-0.266,-0.121,0.019,0.34,0.188,0.163,0.45
11,A2_1,0.103,-0.131,-0.066,0.052,-0.152,-0.212,-0.286,1.0,-0.067,0.065,0.089,-0.323,-0.067,-0.218,0.128,-0.109
11,A2_2,-0.193,-0.239,-0.588,-0.08,0.066,0.219,0.228,-0.067,1.0,0.007,-0.106,-0.101,0.671,0.36,0.045,0.209
11,A2_3,0.372,0.445,0.034,-0.249,0.294,0.073,-0.266,0.065,0.007,1.0,0.003,0.134,0.272,-0.166,-0.334,0.038
11,B2_1,0.229,0.056,-0.063,0.005,-0.051,0.418,-0.121,0.089,-0.106,0.003,1.0,-0.27,-0.029,0.04,-0.058,-0.284
11,B2_2,-0.009,0.385,0.381,-0.03,0.202,-0.167,0.019,-0.323,-0.101,0.134,-0.27,1.0,0.175,0.158,-0.24,0.387
11,B2_3,-0.139,0.22,-0.532,-0.019,0.432,0.054,0.34,-0.067,0.671,0.272,-0.029,0.175,1.0,0.485,0.025,0.435
11,y1,0.016,0.117,-0.414,-0.011,-0.209,-0.421,0.188,-0.218,0.36,-0.166,0.04,0.158,0.485,1.0,-0.143,0.06
11,y2,0.367,0.169,-0.014,0.352,0.235,-0.104,0.163,0.128,0.045,-0.334,-0.058,-0.24,0.025,-0.143,1.0,0.329
11,y3,-0.066,0.18,0.399,-0.041,0.462,-0.072,0.45,-0.109,0.209,0.038,-0.284,0.387,0.435,0.06,0.329,1.0
12,.,1.0,0.436,0.185,0.033,0.071,-0.202,-0.455,0.099,-0.196,0.372,0.226,-0.01,-0.144,0.013,0.365,-0.068
12,A1_1,0.436,1.0,0.14,0.095,0.071,-0.366,0.007,-0.131,-0.24,0.445,0.056,0.385,0.218,0.116,0.168,0.179
12,A1_2,0.185,0.14,1.0,-0.058,0.039,-0.067,-0.15,-0.065,-0.588,0.034,-0.065,0.38,-0.533,-0.414,-0.014,0.399
12,A1_3,0.033,0.095,-0.058,1.0,-0.011,-0.072,-0.314,0.053,-0.08,-0.248,0.004,-0.03,-0.019,-0.012,0.35,-0.042
12,B1_1,0.071,0.071,0.039,-0.011,1.0,0.252,0.0,-0.152,0.068,0.293,-0.049,0.203,0.434,-0.209,0.234,0.462
12,B1_2,-0.202,-0.366,-0.067,-0.072,0.252,1.0,0.142,-0.212,0.221,0.072,0.418,-0.167,0.057,-0.42,-0.104,-0.071
12,B1_3,-0.455,0.007,-0.15,-0.314,0.0,0.142,1.0,-0.286,0.229,-0.267,-0.119,0.021,0.343,0.189,0.164,0.451
12,A2_1,0.099,-0.131,-0.065,0.053,-0.152,-0.212,-0.286,1.0,-0.068,0.066,0.09,-0.323,-0.067,-0.219,0.126,-0.111
12,A2_2,-0.196,-0.24,-0.588,-0.08,0.068,0.221,0.229,-0.068,1.0,0.007,-0.104,-0.099,0.672,0.359,0.043,0.208
12,A2_3,0.372,0.445,0.034,-0.248,0.293,0.072,-0.267,0.066,0.007,1.0,0.003,0.134,0.27,-0.168,-0.336,0.037
12,B2_1,0.226,0.056,-0.065,0.004,-0.049,0.418,-0.119,0.09,-0.104,0.003,1.0,-0.271,-0.026,0.04,-0.059,-0.284
12,B2_2,-0.01,0.385,0.38,-0.03,0.203,-0.167,0.021,-0.323,-0.099,0.134,-0.271,1.0,0.177,0.159,-0.239,0.39
12,B2_3,-0.144,0.218,-0.533,-0.019,0.434,0.057,0.343,-0.067,0.672,0.27,-0.026,0.177,1.0,0.483,0.024,0.434
12,y1,0.013,0.116,-0.414,-0.012,-0.209,-0.42,0.189,-0.219,0.359,-0.168,0.04,0.159,0.483,1.0,-0.142,0.059
12,y2,0.365,0.168,-0.014,0.35,0.234,-0.104,0.164,0.126,0.043,-0.336,-0.059,-0.239,0.024,-0.142,1.0,0.329
12,y3,-0.068,0.179,0.399,-0.042,0.462,-0.071,0.451,-0.111,0.208,0.037,-0.284,0.39,0.434,0.059,0.329,1.0
13,.,1.0,0.437,0.188,0.033,0.067,-0.204,-0.46,0.096,-0.2,0.371,0.222,-0.012,-0.15,0.01,0.364,-0.07
13,A1_1,0.437,1.0,0.14,0.095,0.069,-0.367,0.005,-0.131,-0.241,0.445,0.055,0.384,0.215,0.115,0.166,0.178
13,A1_2,0.188,0.14,1.0,-0.057,0.037,-0.069,-0.152,-0.065,-0.588,0.035,-0.066,0.378,-0.533,-0.413,-0.015,0.399
13,A1_3,0.033,0.095,-0.057,1.0,-0.012,-0.072,-0.314,0.054,-0.081,-0.247,0.004,-0.03,-0.02,-0.013,0.348,-0.043
13,B1_1,0.067,0.069,0.037,-0.012,1.0,0.253,0.004,-0.152,0.07,0.291,-0.048,0.203,0.437,-0.209,0.233,0.462
13,B1_2,-0.204,-0.367,-0.069,-0.072,0.253,1.0,0.145,-0.211,0.223,0.072,0.418,-0.167,0.06,-0.419,-0.104,-0.071
13,B1_3,-0.46,0.005,-0.152,-0.314,0.004,0.145,1.0,-0.286,0.23,-0.267,-0.116,0.023,0.346,0.19,0.164,0.452
13,A2_1,0.096,-0.131,-0.065,0.054,-0.152,-0.211,-0.286,1.0,-0.068,0.067,0.09,-0.322,-0.066,-0.22,0.123,-0.112
13,A2_2,-0.2,-0.241,-0.588,-0.081,0.07,0.223,0.23,-0.068,1.0,0.007,-0.102,-0.097,0.672,0.358,0.041,0.206
13,A2_3,0.371,0.445,0.035,-0.247,0.291,0.072,-0.267,0.067,0.007,1.0,0.002,0.133,0.268,-0.169,-0.338,0.035
13,B2_1,0.222,0.055,-0.066,0.004,-0.048,0.418,-0.116,0.09,-0.102,0.002,1.0,-0.272,-0.024,0.039,-0.06,-0.285
13,B2_2,-0.012,0.384,0.378,-0.03,0.203,-0.167,0.023,-0.322,-0.097,0.133,-0.272,1.0,0.178,0.161,-0.238,0.392
13,B2_3,-0.15,0.215,-0.533,-0.02,0.437,0.06,0.346,-0.066,0.672,0.268,-0.024,0.178,1.0,0.481,0.022,0.433
13,y1,0.01,0.115,-0.413,-0.013,-0.209,-0.419,0.19,-0.22,0.358,-0.169,0.039,0.161,0.481,1.0,-0.141,0.059
13,y2,0.364,0.166,-0.015,0.348,0.233,-0.104,0.164,0.123,0.041,-0.338,-0.06,-0.238,0.022,-0.141,1.0,0.329
13,y3,-0.07,0.178,0.399,-0.043,0.462,-0.071,0.452,-0.112,0.206,0.035,-0.285,0.392,0.433,0.059,0.329,1.0
14,.,1.0,0.438,0.19,0.034,0.062,-0.207,-0.464,0.092,-0.202,0.371,0.218,-0.014,-0.156,0.008,0.362,-0.072
14,A1_1,0.438,1.0,0.14,0.095,0.067,-0.368,0.003,-0.13,-0.241,0.445,0.054,0.384,0.213,0.115,0.164,0.178
14,A1_2,0.19,0.14,1.0,-0.056,0.034,-0.071,-0.154,-0.064,-0.588,0.035,-0.067,0.377,-0.534,-0.413,-0.015,0.4
14,A1_3,0.034,0.095,-0.056,1.0,-0.013,-0.073,-0.315,0.055,-0.081,-0.246,0.004,-0.03,-0.021,-0.014,0.346,-0.044
14,B1_1,0.062,0.067,0.034,-0.013,1.0,0.255,0.008,-0.151,0.072,0.289,-0.047,0.203,0.439,-0.209,0.231,0.462
14,B1_2,-0.207,-0.368,-0.071,-0.073,0.255,1.0,0.148,-0.211,0.225,0.071,0.419,-0.167,0.064,-0.419,-0.105,-0.07
14,B1_3,-0.464,0.003,-0.154,-0.315,0.008,0.148,1.0,-0.287,0.231,-0.268,-0.113,0.025,0.349,0.19,0.165,0.453
14,A2_1,0.092,-0.13,-0.064,0.055,-0.151,-0.211,-0.287,1.0,-0.069,0.068,0.09,-0.322,-0.066,-0.22,0.121,-0.114
14,A2_2,-0.202,-0.241,-0.588,-0.081,0.072,0.225,0.231,-0.069,1.0,0.007,-0.099,-0.094,0.672,0.357,0.039,0.205
14,A2_3,0.371,0.445,0.035,-0.246,0.289,0.071,-0.268,0.068,0.007,1.0,0.002,0.133,0.266,-0.171,-0.34,0.033
14,B2_1,0.218,0.054,-0.067,0.004,-0.047,0.419,-0.113,0.09,-0.099,0.002,1.0,-0.273,-0.021,0.039,-0.062,-0.285
14,B2_2,-0.014,0.384,0.377,-0.03,0.203,-0.167,0.025,-0.322,-0.094,0.133,-0.273,1.0,0.18,0.162,-0.237,0.394
14,B2_3,-0.156,0.213,-0.534,-0.021,0.439,0.064,0.349,-0.066,0.672,0.266,-0.021,0.18,1.0,0.479,0.02,0.431
14,y1,0.008,0.115,-0.413,-0.014,-0.209,-0.419,0.19,-0.22,0.357,-0.171,0.039,0.162,0.479,1.0,-0.14,0.059
14,y2,0.362,0.164,-0.015,0.346,0.231,-0.105,0.165,0.121,0.039,-0.34,-0.062,-0.237,0.02,-0.14,1.0,0.33
14,y3,-0.072,0.178,0.4,-0.044,0.462,-0.07,0.453,-0.114,0.205,0.033,-0.285,0.394,0.431,0.059,0.33,1.0
15,.,1.0,0.439,0.193,0.035,0.056,-0.211,-0.469,0.089,-0.205,0.371,0.213,-0.016,-0.163,0.006,0.361,-0.073
15,A1_1,0.439,1.0,0.141,0.096,0.065,-0.369,0.002,-0.13,-0.242,0.446,0.053,0.383,0.21,0.114,0.163,0.177
15,A1_2,0.193,0.141,1.0,-0.055,0.032,-0.072,-0.155,-0.063,-0.589,0.036,-0.069,0.375,-0.534,-0.412,-0.015,0.4
15,A1_3,0.035,0.096,-0.055,1.0,-0.014,-0.073,-0.315,0.055,-0.081,-0.245,0.004,-0.03,-0.022,-0.015,0.344,-0.046
15,B1_1,0.056,0.065,0.032,-0.014,1.0,0.257,0.013,-0.151,0.074,0.287,-0.045,0.204,0.442,-0.209,0.229,0.462
15,B1_2,-0.211,-0.369,-0.072,-0.073,0.257,1.0,0.152,-0.21,0.228,0.07,0.419,-0.167,0.068,-0.418,-0.106,-0.07
15,B1_3,-0.469,0.002,-0.155,-0.315,0.013,0.152,1.0,-0.287,0.232,-0.269,-0.11,0.027,0.353,0.191,0.165,0.454
15,A2_1,0.089,-0.13,-0.063,0.055,-0.151,-0.21,-0.287,1.0,-0.069,0.069,0.091,-0.322,-0.066,-0.221,0.119,-0.115
15,A2_2,-0.205,-0.242,-0.589,-0.081,0.074,0.228,0.232,-0.069,1.0,0.007,-0.097,-0.092,0.673,0.356,0.037,0.204
15,A2_3,0.371,0.446,0.036,-0.245,0.287,0.07,-0.269,0.069,0.007,1.0,0.002,0.133,0.264,-0.172,-0.342,0.031
15,B2_1,0.213,0.053,-0.069,0.004,-0.045,0.419,-0.11,0.091,-0.097,0.002,1.0,-0.274,-0.019,0.039,-0.063,-0.285
15,B2_2,-0.016,0.383,0.375,-0.03,0.204,-0.167,0.027,-0.322,-0.092,0.133,-0.274,1.0,0.181,0.164,-0.237,0.396
15,B2_3,-0.163,0.21,-0.534,-0.022,0.442,0.068,0.353,-0.066,0.673,0.264,-0.019,0.181,1.0,0.476,0.018,0.43
15,y1,0.006,0.114,-0.412,-0.015,-0.209,-0.418,0.191,-0.221,0.356,-0.172,0.039,0.164,0.476,1.0,-0.139,0.059
15,y2,0.361,0.163,-0.015,0.344,0.229,-0.106,0.165,0.119,0.037,-0.342,-0.063,-0.237,0.018,-0.139,1.0,0.33
15,y3,-0.073,0.177,0.4,-0.046,0.462,-0.07,0.454,-0.115,0.204,0.031,-0.285,0.396,0.43,0.059,0.33,1.0
16,.,1.0,0.44,0.196,0.037,0.05,-0.215,-0.475,0.086,-0.208,0.37,0.208,-0.02,-0.171,0.005,0.359,-0.074
16,A1_1,0.44,1.0,0.141,0.096,0.062,-0.37,-0.001,-0.129,-0.243,0.446,0.052,0.382,0.207,0.114,0.161,0.176
16,A1_2,0.196,0.141,1.0,-0.054,0.029,-0.074,-0.157,-0.063,-0.589,0.037,-0.071,0.373,-0.535,-0.411,-0.015,0.4
16,A1_3,0.037,0.096,-0.054,1.0,-0.015,-0.074,-0.316,0.056,-0.082,-0.243,0.003,-0.031,-0.023,-0.016,0.342,-0.047
16,B1_1,0.05,0.062,0.029,-0.015,1.0,0.259,0.018,-0.151,0.076,0.285,-0.043,0.204,0.445,-0.209,0.227,0.461
16,B1_2,-0.215,-0.37,-0.074,-0.074,0.259,1.0,0.156,-0.21,0.23,0.069,0.419,-0.166,0.072,-0.418,-0.107,-0.069
16,B1_3,-0.475,-0.001,-0.157,-0.316,0.018,0.156,1.0,-0.288,0.232,-0.27,-0.107,0.03,0.357,0.191,0.165,0.454
16,A2_1,0.086,-0.129,-0.063,0.056,-0.151,-0.21,-0.288,1.0,-0.07,0.07,0.091,-0.322,-0.066,-0.222,0.117,-0.116
16,A2_2,-0.208,-0.243,-0.589,-0.082,0.076,0.23,0.232,-0.07,1.0,0.007,-0.094,-0.09,0.673,0.355,0.035,0.202
16,A2_3,0.37,0.446,0.037,-0.243,0.285,0.069,-0.27,0.07,0.007,1.0,0.001,0.132,0.261,-0.173,-0.344,0.03
16,B2_1,0.208,0.052,-0.071,0.003,-0.043,0.419,-0.107,0.091,-0.094,0.001,1.0,-0.275,-0.016,0.038,-0.065,-0.285
16,B2_2,-0.02,0.382,0.373,-0.031,0.204,-0.166,0.03,-0.322,-0.09,0.132,-0.275,1.0,0.183,0.165,-0.236,0.398
16,B2_3,-0.171,0.207,-0.535,-0.023,0.445,0.072,0.357,-0.066,0.673,0.261,-0.016,0.183,1.0,0.473,0.016,0.429
16,y1,0.005,0.114,-0.411,-0.016,-0.209,-0.418,0.191,-0.222,0.355,-0.173,0.038,0.165,0.473,1.0,-0.137,0.06
16,y2,0.359,0.161,-0.015,0.342,0.227,-0.107,0.165,0.117,0.035,-0.344,-0.065,-0.236,0.016,-0.137,1.0,0.331
16,y3,-0.074,0.176,0.4,-0.047,0.461,-0.069,0.454,-0.116,0.202,0.03,-0.285,0.398,0.429,0.06,0.331,1.0
17,.,1.0,0.441,0.199,0.038,0.042,-0.22,-0.48,0.083,-0.21,0.37,0.201,-0.023,-0.18,0.003,0.358,-0.075
17,A1_1,0.441,1.0,0.141,0.097,0.06,-0.371,-0.003,-0.129,-0.243,0.446,0.051,0.381,0.203,0.113,0.159,0.175
17,A1_2,0.199,0.141,1.0,-0.053,0.026,-0.076,-0.159,-0.062,-0.589,0.038,-0.072,0.371,-0.535,-0.41,-0.015,0.401
17,A1_3,0.038,0.097,-0.053,1.0,-0.017,-0.075,-0.317,0.057,-0.082,-0.242,0.003,-0.031,-0.025,-0.017,0.34,-0.048
17,B1_1,0.042,0.06,0.026,-0.017,1.0,0.262,0.023,-0.151,0.078,0.282,-0.042,0.205,0.449,-0.209,0.224,0.461
17,B1_2,-0.22,-0.371,-0.076,-0.075,0.262,1.0,0.16,-0.21,0.232,0.068,0.42,-0.165,0.076,-0.418,-0.108,-0.069
17,B1_3,-0.48,-0.003,-0.159,-0.317,0.023,0.16,1.0,-0.288,0.233,-0.27,-0.103,0.033,0.362,0.191,0.164,0.455
17,A2_1,0.083,-0.129,-0.062,0.057,-0.151,-0.21,-0.288,1.0,-0.07,0.071,0.091,-0.322,-0.066,-0.223,0.114,-0.118
17,A2_2,-0.21,-0.243,-0.589,-0.082,0.078,0.232,0.233,-0.07,1.0,0.007,-0.092,-0.087,0.673,0.354,0.033,0.201
17,A2_3,0.37,0.446,0.038,-0.242,0.282,0.068,-0.27,0.071,0.007,1.0,0.0,0.131,0.258,-0.175,-0.346,0.028
17,B2_1,0.201,0.051,-0.072,0.003,-0.042,0.42,-0.103,0.091,-0.092,0.0,1.0,-0.276,-0.013,0.038,-0.067,-0.285
17,B2_2,-0.023,0.381,0.371,-0.031,0.205,-0.165,0.033,-0.322,-0.087,0.131,-0.276,1.0,0.185,0.166,-0.236,0.4
17,B2_3,-0.18,0.203,-0.535,-0.025,0.449,0.076,0.362,-0.066,0.673,0.258,-0.013,0.185,1.0,0.47,0.013,0.428
17,y1,0.003,0.113,-0.41,-0.017,-0.209,-0.418,0.191,-0.223,0.354,-0.175,0.038,0.166,0.47,1.0,-0.136,0.06
17,y2,0.358,0.159,-0.015,0.34,0.224,-0.108,0.164,0.114,0.033,-0.346,-0.067,-0.236,0.013,-0.136,1.0,0.332
17,y3,-0.075,0.175,0.401,-0.048,0.461,-0.069,0.455,-0.118,0.201,0.028,-0.285,0.4,0.428,0.06,0.332,1.0
18,.,1.0,0.442,0.202,0.04,0.033,-0.226,-0.486,0.081,-0.213,0.369,0.194,-0.028,-0.189,0.002,0.357,-0.076
18,A1_1,0.442,1.0,0.142,0.097,0.057,-0.373,-0.005,-0.128,-0.243,0.447,0.049,0.379,0.199,0.113,0.158,0.174
18,A1_2,0.202,0.142,1.0,-0.052,0.023,-0.079,-0.161,-0.061,-0.589,0.038,-0.074,0.369,-0.536,-0.41,-0.015,0.401
18,A1_3,0.04,0.097,-0.052,1.0,-0.018,-0.076,-0.317,0.058,-0.082,-0.24,0.002,-0.032,-0.026,-0.018,0.337,-0.049
18,B1_1,0.033,0.057,0.023,-0.018,1.0,0.264,0.029,-0.152,0.08,0.28,-0.039,0.206,0.452,-0.209,0.221,0.46
18,B1_2,-0.226,-0.373,-0.079,-0.076,0.264,1.0,0.165,-0.21,0.234,0.067,0.421,-0.164,0.082,-0.418,-0.109,-0.068
18,B1_3,-0.486,-0.005,-0.161,-0.317,0.029,0.165,1.0,-0.289,0.233,-0.271,-0.099,0.036,0.367,0.191,0.163,0.455
18,A2_1,0.081,-0.128,-0.061,0.058,-0.152,-0.21,-0.289,1.0,-0.071,0.072,0.091,-0.321,-0.067,-0.223,0.112,-0.119
18,A2_2,-0.213,-0.243,-0.589,-0.082,0.08,0.234,0.233,-0.071,1.0,0.007,-0.089,-0.085,0.674,0.352,0.031,0.199
18,A2_3,0.369,0.447,0.038,-0.24,0.28,0.067,-0.271,0.072,0.007,1.0,-0.001,0.13,0.255,-0.176,-0.347,0.026
18,B2_1,0.194,0.049,-0.074,0.002,-0.039,0.421,-0.099,0.091,-0.089,-0.001,1.0,-0.276,-0.009,0.037,-0.069,-0.285
18,B2_2,-0.028,0.379,0.369,-0.032,0.206,-0.164,0.036,-0.321,-0.085,0.13,-0.276,1.0,0.188,0.167,-0.235,0.403
18,B2_3,-0.189,0.199,-0.536,-0.026,0.452,0.082,0.367,-0.067,0.674,0.255,-0.009,0.188,1.0,0.467,0.01,0.426
18,y1,0.002,0.113,-0.41,-0.018,-0.209,-0.418,0.191,-0.223,0.352,-0.176,0.037,0.167,0.467,1.0,-0.134,0.06
18,y2,0.357,0.158,-0.015,0.337,0.221,-0.109,0.163,0.112,0.031,-0.347,-0.069,-0.235,0.01,-0.134,1.0,0.333
18,y3,-0.076,0.174,0.401,-0.049,0.46,-0.068,0.455,-0.119,0.199,0.026,-0.285,0.403,0.426,0.06,0.333,1.0
19,.,1.0,0.442,0.205,0.042,0.023,-0.233,-0.491,0.078,-0.215,0.369,0.186,-0.033,-0.199,0.002,0.357,-0.077
19,A1_1,0.442,1.0,0.143,0.098,0.053,-0.374,-0.008,-0.127,-0.243,0.447,0.047,0.377,0.195,0.113,0.157,0.174
19,A1_2,0.205,0.143,1.0,-0.051,0.019,-0.081,-0.164,-0.06,-0.59,0.039,-0.076,0.367,-0.536,-0.409,-0.015,0.401
19,A1_3,0.042,0.098,-0.051,1.0,-0.02,-0.077,-0.318,0.059,-0.083,-0.239,0.002,-0.033,-0.028,-0.019,0.335,-0.05
19,B1_1,0.023,0.053,0.019,-0.02,1.0,0.268,0.036,-0.152,0.083,0.276,-0.037,0.207,0.456,-0.21,0.218,0.46
19,B1_2,-0.233,-0.374,-0.081,-0.077,0.268,1.0,0.17,-0.21,0.236,0.065,0.422,-0.162,0.087,-0.417,-0.112,-0.068
19,B1_3,-0.491,-0.008,-0.164,-0.318,0.036,0.17,1.0,-0.29,0.234,-0.272,-0.094,0.04,0.372,0.191,0.162,0.455
19,A2_1,0.078,-0.127,-0.06,0.059,-0.152,-0.21,-0.29,1.0,-0.071,0.074,0.091,-0.322,-0.067,-0.224,0.11,-0.121
19,A2_2,-0.215,-0.243,-0.59,-0.083,0.083,0.236,0.234,-0.071,1.0,0.007,-0.086,-0.082,0.674,0.351,0.029,0.198
19,A2_3,0.369,0.447,0.039,-0.239,0.276,0.065,-0.272,0.074,0.007,1.0,-0.002,0.129,0.251,-0.177,-0.349,0.024
19,B2_1,0.186,0.047,-0.076,0.002,-0.037,0.422,-0.094,0.091,-0.086,-0.002,1.0,-0.277,-0.006,0.036,-0.072,-0.285
19,B2_2,-0.033,0.377,0.367,-0.033,0.207,-0.162,0.04,-0.322,-0.082,0.129,-0.277,1.0,0.19,0.168,-0.235,0.405
19,B2_3,-0.199,0.195,-0.536,-0.028,0.456,0.087,0.372,-0.067,0.674,0.251,-0.006,0.19,1.0,0.463,0.007,0.425
19,y1,0.002,0.113,-0.409,-0.019,-0.21,-0.417,0.191,-0.224,0.351,-0.177,0.036,0.168,0.463,1.0,-0.131,0.061
19,y2,0.357,0.157,-0.015,0.335,0.218,-0.112,0.162,0.11,0.029,-0.349,-0.072,-0.235,0.007,-0.131,1.0,0.334
19,y3,-0.077,0.174,0.401,-0.05,0.46,-0.068,0.455,-0.121,0.198,0.024,-0.285,0.405,0.425,0.061,0.334,1.0
20,.,1.0,0.443,0.208,0.043,0.013,-0.24,-0.497,0.076,-0.216,0.368,0.177,-0.039,-0.211,0.002,0.356,-0.077
20,A1_1,0.443,1.0,0.143,0.099,0.05,-0.376,-0.011,-0.127,-0.244,0.448,0.045,0.375,0.19,0.112,0.155,0.173
20,A1_2,0.208,0.143,1.0,-0.05,0.016,-0.084,-0.166,-0.059,-0.59,0.04,-0.078,0.364,-0.537,-0.407,-0.015,0.402
20,A1_3,0.043,0.099,-0.05,1.0,-0.022,-0.079,-0.319,0.06,-0.083,-0.237,0.001,-0.033,-0.029,-0.02,0.333,-0.051
20,B1_1,0.013,0.05,0.016,-0.022,1.0,0.271,0.043,-0.152,0.085,0.273,-0.034,0.209,0.46,-0.21,0.214,0.459
20,B1_2,-0.24,-0.376,-0.084,-0.079,0.271,1.0,0.175,-0.21,0.239,0.063,0.423,-0.16,0.094,-0.417,-0.114,-0.068
20,B1_3,-0.497,-0.011,-0.166,-0.319,0.043,0.175,1.0,-0.291,0.234,-0.273,-0.089,0.044,0.378,0.19,0.161,0.455
20,A2_1,0.076,-0.127,-0.059,0.06,-0.152,-0.21,-0.291,1.0,-0.072,0.075,0.091,-0.322,-0.068,-0.225,0.108,-0.122
20,A2_2,-0.216,-0.244,-0.59,-0.083,0.085,0.239,0.234,-0.072,1.0,0.007,-0.083,-0.079,0.674,0.35,0.027,0.196
20,A2_3,0.368,0.448,0.04,-0.237,0.273,0.063,-0.273,0.075,0.007,1.0,-0.003,0.127,0.248,-0.178,-0.35,0.022
20,B2_1,0.177,0.045,-0.078,0.001,-0.034,0.423,-0.089,0.091,-0.083,-0.003,1.0,-0.277,-0.002,0.035,-0.074,-0.285
20,B2_2,-0.039,0.375,0.364,-0.033,0.209,-0.16,0.044,-0.322,-0.079,0.127,-0.277,1.0,0.193,0.169,-0.235,0.407
20,B2_3,-0.211,0.19,-0.537,-0.029,0.46,0.094,0.378,-0.068,0.674,0.248,-0.002,0.193,1.0,0.459,0.004,0.423
20,y1,0.002,0.112,-0.407,-0.02,-0.21,-0.417,0.19,-0.225,0.35,-0.178,0.035,0.169,0.459,1.0,-0.129,0.061
20,y2,0.356,0.155,-0.015,0.333,0.214,-0.114,0.161,0.108,0.027,-0.35,-0.074,-0.235,0.004,-0.129,1.0,0.336
20,y3,-0.077,0.173,0.402,-0.051,0.459,-0.068,0.455,-0.122,0.196,0.022,-0.285,0.407,0.423,0.061,0.336,1.0
21,.,1.0,0.444,0.212,0.045,0.001,-0.248,-0.503,0.075,-0.218,0.368,0.168,-0.045,-0.222,0.003,0.356,-0.077
21,A1_1,0.444,1.0,0.144,0.099,0.045,-0.378,-0.014,-0.125,-0.244,0.449,0.042,0.373,0.185,0.112,0.154,0.172
21,A1_2,0.212,0.144,1.0,-0.049,0.012,-0.086,-0.169,-0.058,-0.59,0.042,-0.08,0.361,-0.538,-0.406,-0.014,0.402
21,A1_3,0.045,0.099,-0.049,1.0,-0.024,-0.08,-0.32,0.061,-0.084,-0.235,0.0,-0.034,-0.031,-0.021,0.331,-0.052
21,B1_1,0.001,0.045,0.012,-0.024,1.0,0.276,0.051,-0.153,0.088,0.269,-0.031,0.211,0.464,-0.211,0.209,0.458
21,B1_2,-0.248,-0.378,-0.086,-0.08,0.276,1.0,0.182,-0.211,0.241,0.061,0.425,-0.157,0.1,-0.417,-0.117,-0.069
21,B1_3,-0.503,-0.014,-0.169,-0.32,0.051,0.182,1.0,-0.292,0.235,-0.275,-0.083,0.048,0.384,0.19,0.159,0.454
21,A2_1,0.075,-0.125,-0.058,0.061,-0.153,-0.211,-0.292,1.0,-0.072,0.077,0.091,-0.322,-0.069,-0.225,0.106,-0.123
21,A2_2,-0.218,-0.244,-0.59,-0.084,0.088,0.241,0.235,-0.072,1.0,0.007,-0.08,-0.076,0.674,0.348,0.024,0.194
21,A2_3,0.368,0.449,0.042,-0.235,0.269,0.061,-0.275,0.077,0.007,1.0,-0.004,0.125,0.243,-0.179,-0.351,0.02
21,B2_1,0.168,0.042,-0.08,0.0,-0.031,0.425,-0.083,0.091,-0.08,-0.004,1.0,-0.277,0.003,0.034,-0.077,-0.285
21,B2_2,-0.045,0.373,0.361,-0.034,0.211,-0.157,0.048,-0.322,-0.076,0.125,-0.277,1.0,0.196,0.17,-0.236,0.409
21,B2_3,-0.222,0.185,-0.538,-0.031,0.464,0.1,0.384,-0.069,0.674,0.243,0.003,0.196,1.0,0.454,-0.0,0.421
21,y1,0.003,0.112,-0.406,-0.021,-0.211,-0.417,0.19,-0.225,0.348,-0.179,0.034,0.17,0.454,1.0,-0.126,0.062
21,y2,0.356,0.154,-0.014,0.331,0.209,-0.117,0.159,0.106,0.024,-0.351,-0.077,-0.236,-0.0,-0.126,1.0,0.337
21,y3,-0.077,0.172,0.402,-0.052,0.458,-0.069,0.454,-0.123,0.194,0.02,-0.285,0.409,0.421,0.062,0.337,1.0
22,.,1.0,0.444,0.215,0.048,-0.011,-0.257,-0.51,0.074,-0.219,0.367,0.156,-0.053,-0.235,0.004,0.357,-0.076
22,A1_1,0.444,1.0,0.145,0.1,0.041,-0.38,-0.018,-0.124,-0.244,0.45,0.04,0.37,0.179,0.112,0.153,0.172
22,A1_2,0.215,0.145,1.0,-0.048,0.008,-0.089,-0.171,-0.056,-0.591,0.043,-0.083,0.358,-0.538,-0.405,-0.014,0.402
22,A1_3,0.048,0.1,-0.048,1.0,-0.026,-0.082,-0.321,0.063,-0.084,-0.233,-0.001,-0.035,-0.034,-0.021,0.329,-0.053
22,B1_1,-0.011,0.041,0.008,-0.026,1.0,0.28,0.06,-0.154,0.091,0.265,-0.028,0.213,0.469,-0.211,0.205,0.456
22,B1_2,-0.257,-0.38,-0.089,-0.082,0.28,1.0,0.188,-0.211,0.243,0.058,0.427,-0.154,0.108,-0.418,-0.12,-0.069
22,B1_3,-0.51,-0.018,-0.171,-0.321,0.06,0.188,1.0,-0.293,0.235,-0.276,-0.077,0.053,0.391,0.188,0.156,0.453
22,A2_1,0.074,-0.124,-0.056,0.063,-0.154,-0.211,-0.293,1.0,-0.073,0.079,0.09,-0.322,-0.07,-0.226,0.104,-0.125
22,A2_2,-0.219,-0.244,-0.591,-0.084,0.091,0.243,0.235,-0.073,1.0,0.008,-0.076,-0.073,0.674,0.347,0.022,0.192
22,A2_3,0.367,0.45,0.043,-0.233,0.265,0.058,-0.276,0.079,0.008,1.0,-0.006,0.123,0.238,-0.18,-0.351,0.018
22,B2_1,0.156,0.04,-0.083,-0.001,-0.028,0.427,-0.077,0.09,-0.076,-0.006,1.0,-0.277,0.008,0.033,-0.081,-0.284
22,B2_2,-0.053,0.37,0.358,-0.035,0.213,-0.154,0.053,-0.322,-0.073,0.123,-0.277,1.0,0.2,0.17,-0.236,0.411
22,B2_3,-0.235,0.179,-0.538,-0.034,0.469,0.108,0.391,-0.07,0.674,0.238,0.008,0.2,1.0,0.449,-0.005,0.419
22,y1,0.004,0.112,-0.405,-0.021,-0.211,-0.418,0.188,-0.226,0.347,-0.18,0.033,0.17,0.449,1.0,-0.123,0.063
22,y2,0.357,0.153,-0.014,0.329,0.205,-0.12,0.156,0.104,0.022,-0.351,-0.081,-0.236,-0.005,-0.123,1.0,0.339
22,y3,-0.076,0.172,0.402,-0.053,0.456,-0.069,0.453,-0.125,0.192,0.018,-0.284,0.411,0.419,0.063,0.339,1.0
23,.,1.0,0.444,0.218,0.05,-0.025,-0.266,-0.517,0.073,-0.22,0.367,0.144,-0.061,-0.249,0.005,0.357,-0.076
23,A1_1,0.444,1.0,0.146,0.102,0.036,-0.382,-0.021,-0.123,-0.244,0.451,0.036,0.366,0.173,0.112,0.152,0.171
23,A1_2,0.218,0.146,1.0,-0.046,0.003,-0.092,-0.174,-0.055,-0.591,0.044,-0.085,0.355,-0.539,-0.403,-0.013,0.403
23,A1_3,0.05,0.102,-0.046,1.0,-0.029,-0.084,-0.322,0.064,-0.085,-0.231,-0.002,-0.037,-0.036,-0.022,0.327,-0.054
23,B1_1,-0.025,0.036,0.003,-0.029,1.0,0.286,0.069,-0.155,0.094,0.26,-0.024,0.215,0.474,-0.212,0.199,0.455
23,B1_2,-0.266,-0.382,-0.092,-0.084,0.286,1.0,0.196,-0.212,0.245,0.055,0.429,-0.149,0.116,-0.418,-0.123,-0.069
23,B1_3,-0.517,-0.021,-0.174,-0.322,0.069,0.196,1.0,-0.295,0.235,-0.278,-0.069,0.059,0.398,0.187,0.154,0.452
23,A2_1,0.073,-0.123,-0.055,0.064,-0.155,-0.212,-0.295,1.0,-0.073,0.08,0.089,-0.323,-0.072,-0.226,0.102,-0.126
23,A2_2,-0.22,-0.244,-0.591,-0.085,0.094,0.245,0.235,-0.073,1.0,0.008,-0.073,-0.07,0.674,0.345,0.02,0.189
23,A2_3,0.367,0.451,0.044,-0.231,0.26,0.055,-0.278,0.08,0.008,1.0,-0.008,0.121,0.233,-0.181,-0.352,0.016
23,B2_1,0.144,0.036,-0.085,-0.002,-0.024,0.429,-0.069,0.089,-0.073,-0.008,1.0,-0.276,0.013,0.032,-0.084,-0.284
23,B2_2,-0.061,0.366,0.355,-0.037,0.215,-0.149,0.059,-0.323,-0.07,0.121,-0.276,1.0,0.204,0.171,-0.237,0.413
23,B2_3,-0.249,0.173,-0.539,-0.036,0.474,0.116,0.398,-0.072,0.674,0.233,0.013,0.204,1.0,0.444,-0.01,0.417
23,y1,0.005,0.112,-0.403,-0.022,-0.212,-0.418,0.187,-0.226,0.345,-0.181,0.032,0.171,0.444,1.0,-0.119,0.064
23,y2,0.357,0.152,-0.013,0.327,0.199,-0.123,0.154,0.102,0.02,-0.352,-0.084,-0.237,-0.01,-0.119,1.0,0.341
23,y3,-0.076,0.171,0.403,-0.054,0.455,-0.069,0.452,-0.126,0.189,0.016,-0.284,0.413,0.417,0.064,0.341,1.0
24,.,1.0,0.445,0.221,0.053,-0.04,-0.277,-0.524,0.073,-0.221,0.366,0.13,-0.071,-0.263,0.008,0.359,-0.074
24,A1_1,0.445,1.0,0.147,0.103,0.03,-0.384,-0.026,-0.121,-0.243,0.452,0.033,0.362,0.166,0.112,0.151,0.171
24,A1_2,0.221,0.147,1.0,-0.045,-0.001,-0.096,-0.177,-0.054,-0.591,0.046,-0.088,0.351,-0.54,-0.402,-0.013,0.403
24,A1_3,0.053,0.103,-0.045,1.0,-0.031,-0.086,-0.324,0.066,-0.085,-0.228,-0.003,-0.038,-0.039,-0.023,0.325,-0.055
24,B1_1,-0.04,0.03,-0.001,-0.031,1.0,0.292,0.079,-0.157,0.097,0.255,-0.02,0.218,0.479,-0.213,0.193,0.453
24,B1_2,-0.277,-0.384,-0.096,-0.086,0.292,1.0,0.203,-0.213,0.247,0.052,0.432,-0.144,0.126,-0.418,-0.127,-0.07
24,B1_3,-0.524,-0.026,-0.177,-0.324,0.079,0.203,1.0,-0.296,0.235,-0.279,-0.061,0.066,0.406,0.185,0.15,0.45
