,,.,A1_1,A1_2,A1_3,B1_1,B1_2,B1_3,A2_1,A2_2,A2_3,B2_1,B2_2,B2_3,y1,y2,y3
1,.,1.0,0.989,0.935,0.957,0.926,0.929,0.806,0.962,0.935,0.985,0.942,0.947,0.917,0.955,0.972,0.938
1,A1_1,0.989,1.0,0.944,0.958,0.921,0.915,0.813,0.936,0.914,0.978,0.926,0.943,0.906,0.95,0.966,0.94
1,A1_2,0.935,0.944,1.0,0.939,0.923,0.909,0.867,0.882,0.827,0.932,0.882,0.979,0.848,0.906,0.916,0.938
1,A1_3,0.957,0.958,0.939,1.0,0.93,0.952,0.867,0.937,0.932,0.957,0.968,0.951,0.937,0.96,0.969,0.948
1,B1_1,0.926,0.921,0.923,0.93,1.0,0.946,0.86,0.918,0.877,0.928,0.894,0.963,0.941,0.906,0.935,0.983
1,B1_2,0.929,0.915,0.909,0.952,0.946,1.0,0.862,0.939,0.898,0.915,0.967,0.938,0.923,0.919,0.929,0.92
1,B1_3,0.806,0.813,0.867,0.867,0.86,0.862,1.0,0.779,0.856,0.777,0.812,0.901,0.887,0.899,0.891,0.895
1,A2_1,0.962,0.936,0.882,0.937,0.918,0.939,0.779,1.0,0.923,0.968,0.947,0.91,0.927,0.939,0.941,0.908
1,A2_2,0.935,0.914,0.827,0.932,0.877,0.898,0.856,0.923,1.0,0.917,0.928,0.879,0.972,0.972,0.97,0.91
1,A2_3,0.985,0.978,0.932,0.957,0.928,0.915,0.777,0.968,0.917,1.0,0.926,0.939,0.913,0.945,0.954,0.938
1,B2_1,0.942,0.926,0.882,0.968,0.894,0.967,0.812,0.947,0.928,0.926,1.0,0.897,0.92,0.935,0.938,0.895
1,B2_2,0.947,0.943,0.979,0.951,0.963,0.938,0.901,0.91,0.879,0.939,0.897,1.0,0.91,0.938,0.942,0.969
1,B2_3,0.917,0.906,0.848,0.937,0.941,0.923,0.887,0.927,0.972,0.913,0.92,0.91,1.0,0.964,0.964,0.956
1,y1,0.955,0.95,0.906,0.96,0.906,0.919,0.899,0.939,0.972,0.945,0.935,0.938,0.964,1.0,0.975,0.938
1,y2,0.972,0.966,0.916,0.969,0.935,0.929,0.891,0.941,0.97,0.954,0.938,0.942,0.964,0.975,1.0,0.962
1,y3,0.938,0.94,0.938,0.948,0.983,0.92,0.895,0.908,0.91,0.938,0.895,0.969,0.956,0.938,0.962,1.0
2,.,1.0,0.989,0.935,0.957,0.925,0.927,0.806,0.962,0.935,0.984,0.942,0.947,0.917,0.955,0.971,0.937
2,A1_1,0.989,1.0,0.945,0.958,0.919,0.912,0.812,0.935,0.913,0.978,0.925,0.944,0.904,0.949,0.964,0.939
2,A1_2,0.935,0.945,1.0,0.94,0.923,0.907,0.868,0.882,0.832,0.932,0.883,0.979,0.85,0.908,0.918,0.938
2,A1_3,0.957,0.958,0.94,1.0,0.931,0.952,0.869,0.938,0.935,0.958,0.969,0.952,0.939,0.962,0.97,0.949
2,B1_1,0.925,0.919,0.923,0.931,1.0,0.948,0.863,0.919,0.881,0.928,0.897,0.964,0.943,0.909,0.936,0.983
2,B1_2,0.927,0.912,0.907,0.952,0.948,1.0,0.864,0.94,0.904,0.915,0.968,0.938,0.927,0.922,0.93,0.922
2,B1_3,0.806,0.812,0.868,0.869,0.863,0.864,1.0,0.779,0.86,0.778,0.815,0.903,0.889,0.9,0.893,0.897
2,A2_1,0.962,0.935,0.882,0.938,0.919,0.94,0.779,1.0,0.926,0.969,0.948,0.911,0.928,0.94,0.941,0.907
2,A2_2,0.935,0.913,0.832,0.935,0.881,0.904,0.86,0.926,1.0,0.919,0.931,0.885,0.973,0.973,0.97,0.914
2,A2_3,0.984,0.978,0.932,0.958,0.928,0.915,0.778,0.969,0.919,1.0,0.927,0.939,0.914,0.946,0.953,0.937
2,B2_1,0.942,0.925,0.883,0.969,0.897,0.968,0.815,0.948,0.931,0.927,1.0,0.9,0.923,0.936,0.94,0.897
2,B2_2,0.947,0.944,0.979,0.952,0.964,0.938,0.903,0.911,0.885,0.939,0.9,1.0,0.914,0.942,0.944,0.97
2,B2_3,0.917,0.904,0.85,0.939,0.943,0.927,0.889,0.928,0.973,0.914,0.923,0.914,1.0,0.964,0.964,0.958
2,y1,0.955,0.949,0.908,0.962,0.909,0.922,0.9,0.94,0.973,0.946,0.936,0.942,0.964,1.0,0.975,0.94
2,y2,0.971,0.964,0.918,0.97,0.936,0.93,0.893,0.941,0.97,0.953,0.94,0.944,0.964,0.975,1.0,0.962
2,y3,0.937,0.939,0.938,0.949,0.983,0.922,0.897,0.907,0.914,0.937,0.897,0.97,0.958,0.94,0.962,1.0
3,.,1.0,0.989,0.936,0.958,0.925,0.927,0.809,0.963,0.936,0.984,0.942,0.948,0.917,0.956,0.97,0.936
3,A1_1,0.989,1.0,0.947,0.959,0.919,0.911,0.814,0.936,0.913,0.978,0.925,0.945,0.903,0.949,0.964,0.938
3,A1_2,0.936,0.947,1.0,0.942,0.924,0.907,0.872,0.883,0.839,0.933,0.886,0.979,0.856,0.913,0.921,0.939
3,A1_3,0.958,0.959,0.942,1.0,0.933,0.954,0.873,0.941,0.939,0.96,0.97,0.954,0.942,0.964,0.972,0.951
3,B1_1,0.925,0.919,0.924,0.933,1.0,0.95,0.867,0.921,0.888,0.929,0.901,0.965,0.946,0.912,0.937,0.983
3,B1_2,0.927,0.911,0.907,0.954,0.95,1.0,0.868,0.941,0.91,0.916,0.969,0.939,0.932,0.925,0.932,0.925
3,B1_3,0.809,0.814,0.872,0.873,0.867,0.868,1.0,0.783,0.865,0.782,0.82,0.906,0.892,0.903,0.897,0.902
3,A2_1,0.963,0.936,0.883,0.941,0.921,0.941,0.783,1.0,0.93,0.97,0.95,0.913,0.93,0.942,0.942,0.909
3,A2_2,0.936,0.913,0.839,0.939,0.888,0.91,0.865,0.93,1.0,0.922,0.935,0.892,0.974,0.974,0.972,0.919
3,A2_3,0.984,0.978,0.933,0.96,0.929,0.916,0.782,0.97,0.922,1.0,0.929,0.941,0.917,0.948,0.953,0.937
3,B2_1,0.942,0.925,0.886,0.97,0.901,0.969,0.82,0.95,0.935,0.929,1.0,0.903,0.926,0.938,0.942,0.9
3,B2_2,0.948,0.945,0.979,0.954,0.965,0.939,0.906,0.913,0.892,0.941,0.903,1.0,0.919,0.946,0.947,0.971
3,B2_3,0.917,0.903,0.856,0.942,0.946,0.932,0.892,0.93,0.974,0.917,0.926,0.919,1.0,0.965,0.965,0.96
3,y1,0.956,0.949,0.913,0.964,0.912,0.925,0.903,0.942,0.974,0.948,0.938,0.946,0.965,1.0,0.976,0.942
3,y2,0.97,0.964,0.921,0.972,0.937,0.932,0.897,0.942,0.972,0.953,0.942,0.947,0.965,0.976,1.0,0.963
3,y3,0.936,0.938,0.939,0.951,0.983,0.925,0.902,0.909,0.919,0.937,0.9,0.971,0.96,0.942,0.963,1.0
4,.,1.0,0.989,0.938,0.958,0.926,0.927,0.812,0.964,0.938,0.984,0.943,0.949,0.918,0.957,0.97,0.936
4,A1_1,0.989,1.0,0.949,0.959,0.919,0.911,0.817,0.936,0.915,0.978,0.926,0.946,0.904,0.95,0.964,0.938
4,A1_2,0.938,0.949,1.0,0.944,0.926,0.909,0.876,0.886,0.847,0.934,0.89,0.979,0.861,0.917,0.924,0.941
4,A1_3,0.958,0.959,0.944,1.0,0.936,0.955,0.877,0.943,0.943,0.961,0.971,0.957,0.945,0.966,0.973,0.953
4,B1_1,0.926,0.919,0.926,0.936,1.0,0.952,0.872,0.923,0.894,0.93,0.905,0.966,0.949,0.916,0.939,0.984
4,B1_2,0.927,0.911,0.909,0.955,0.952,1.0,0.872,0.943,0.916,0.918,0.971,0.941,0.937,0.928,0.935,0.928
4,B1_3,0.812,0.817,0.876,0.877,0.872,0.872,1.0,0.788,0.87,0.787,0.826,0.91,0.896,0.906,0.901,0.906
4,A2_1,0.964,0.936,0.886,0.943,0.923,0.943,0.788,1.0,0.933,0.971,0.952,0.916,0.932,0.943,0.943,0.91
4,A2_2,0.938,0.915,0.847,0.943,0.894,0.916,0.87,0.933,1.0,0.925,0.938,0.899,0.975,0.975,0.973,0.923
4,A2_3,0.984,0.978,0.934,0.961,0.93,0.918,0.787,0.971,0.925,1.0,0.932,0.942,0.919,0.949,0.954,0.938
4,B2_1,0.943,0.926,0.89,0.971,0.905,0.971,0.826,0.952,0.938,0.932,1.0,0.908,0.93,0.94,0.944,0.904
4,B2_2,0.949,0.946,0.979,0.957,0.966,0.941,0.91,0.916,0.899,0.942,0.908,1.0,0.924,0.95,0.95,0.972
4,B2_3,0.918,0.904,0.861,0.945,0.949,0.937,0.896,0.932,0.975,0.919,0.93,0.924,1.0,0.966,0.966,0.962
4,y1,0.957,0.95,0.917,0.966,0.916,0.928,0.906,0.943,0.975,0.949,0.94,0.95,0.966,1.0,0.977,0.945
4,y2,0.97,0.964,0.924,0.973,0.939,0.935,0.901,0.943,0.973,0.954,0.944,0.95,0.966,0.977,1.0,0.965
4,y3,0.936,0.938,0.941,0.953,0.984,0.928,0.906,0.91,0.923,0.938,0.904,0.972,0.962,0.945,0.965,1.0
5,.,1.0,0.989,0.939,0.959,0.927,0.928,0.814,0.964,0.939,0.984,0.944,0.95,0.919,0.957,0.97,0.936
5,A1_1,0.989,1.0,0.951,0.96,0.92,0.911,0.82,0.937,0.916,0.978,0.927,0.947,0.904,0.95,0.963,0.938
5,A1_2,0.939,0.951,1.0,0.947,0.928,0.91,0.879,0.889,0.853,0.936,0.894,0.979,0.867,0.921,0.927,0.942
5,A1_3,0.959,0.96,0.947,1.0,0.938,0.957,0.881,0.945,0.946,0.963,0.973,0.959,0.947,0.968,0.974,0.954
5,B1_1,0.927,0.92,0.928,0.938,1.0,0.954,0.877,0.925,0.899,0.932,0.909,0.967,0.952,0.92,0.941,0.985
5,B1_2,0.928,0.911,0.91,0.957,0.954,1.0,0.877,0.945,0.922,0.919,0.972,0.943,0.941,0.931,0.937,0.931
5,B1_3,0.814,0.82,0.879,0.881,0.877,0.877,1.0,0.792,0.875,0.791,0.832,0.913,0.9,0.909,0.905,0.91
5,A2_1,0.964,0.937,0.889,0.945,0.925,0.945,0.792,1.0,0.936,0.972,0.954,0.918,0.934,0.945,0.944,0.912
5,A2_2,0.939,0.916,0.853,0.946,0.899,0.922,0.875,0.936,1.0,0.927,0.941,0.905,0.976,0.976,0.974,0.927
5,A2_3,0.984,0.978,0.936,0.963,0.932,0.919,0.791,0.972,0.927,1.0,0.934,0.944,0.921,0.951,0.954,0.938
5,B2_1,0.944,0.927,0.894,0.973,0.909,0.972,0.832,0.954,0.941,0.934,1.0,0.912,0.933,0.942,0.946,0.908
5,B2_2,0.95,0.947,0.979,0.959,0.967,0.943,0.913,0.918,0.905,0.944,0.912,1.0,0.928,0.953,0.953,0.974
5,B2_3,0.919,0.904,0.867,0.947,0.952,0.941,0.9,0.934,0.976,0.921,0.933,0.928,1.0,0.966,0.966,0.964
5,y1,0.957,0.95,0.921,0.968,0.92,0.931,0.909,0.945,0.976,0.951,0.942,0.953,0.966,1.0,0.978,0.947
5,y2,0.97,0.963,0.927,0.974,0.941,0.937,0.905,0.944,0.974,0.954,0.946,0.953,0.966,0.978,1.0,0.966
5,y3,0.936,0.938,0.942,0.954,0.985,0.931,0.91,0.912,0.927,0.938,0.908,0.974,0.964,0.947,0.966,1.0
6,.,1.0,0.989,0.94,0.959,0.927,0.927,0.817,0.965,0.94,0.984,0.945,0.951,0.919,0.958,0.97,0.936
6,A1_1,0.989,1.0,0.953,0.961,0.92,0.91,0.822,0.938,0.917,0.978,0.928,0.948,0.905,0.951,0.963,0.938
6,A1_2,0.94,0.953,1.0,0.949,0.93,0.912,0.882,0.891,0.859,0.937,0.897,0.979,0.871,0.924,0.93,0.944
6,A1_3,0.959,0.961,0.949,1.0,0.941,0.958,0.884,0.947,0.948,0.964,0.974,0.961,0.949,0.969,0.974,0.956
6,B1_1,0.927,0.92,0.93,0.941,1.0,0.956,0.882,0.926,0.904,0.933,0.912,0.969,0.954,0.923,0.943,0.985
6,B1_2,0.927,0.91,0.912,0.958,0.956,1.0,0.882,0.946,0.926,0.921,0.973,0.945,0.945,0.934,0.939,0.934
6,B1_3,0.817,0.822,0.882,0.884,0.882,0.882,1.0,0.796,0.88,0.796,0.837,0.916,0.904,0.911,0.908,0.914
6,A2_1,0.965,0.938,0.891,0.947,0.926,0.946,0.796,1.0,0.938,0.972,0.955,0.92,0.935,0.946,0.945,0.913
6,A2_2,0.94,0.917,0.859,0.948,0.904,0.926,0.88,0.938,1.0,0.93,0.944,0.911,0.977,0.977,0.974,0.931
6,A2_3,0.984,0.978,0.937,0.964,0.933,0.921,0.796,0.972,0.93,1.0,0.936,0.945,0.923,0.952,0.954,0.939
6,B2_1,0.945,0.928,0.897,0.974,0.912,0.973,0.837,0.955,0.944,0.936,1.0,0.915,0.936,0.944,0.948,0.912
6,B2_2,0.951,0.948,0.979,0.961,0.969,0.945,0.916,0.92,0.911,0.945,0.915,1.0,0.932,0.956,0.956,0.975
6,B2_3,0.919,0.905,0.871,0.949,0.954,0.945,0.904,0.935,0.977,0.923,0.936,0.932,1.0,0.967,0.967,0.966
6,y1,0.958,0.951,0.924,0.969,0.923,0.934,0.911,0.946,0.977,0.952,0.944,0.956,0.967,1.0,0.979,0.949
6,y2,0.97,0.963,0.93,0.974,0.943,0.939,0.908,0.945,0.974,0.954,0.948,0.956,0.967,0.979,1.0,0.967
6,y3,0.936,0.938,0.944,0.956,0.985,0.934,0.914,0.913,0.931,0.939,0.912,0.975,0.966,0.949,0.967,1.0
7,.,1.0,0.989,0.941,0.959,0.927,0.927,0.818,0.965,0.94,0.984,0.945,0.951,0.919,0.958,0.97,0.936
7,A1_1,0.989,1.0,0.954,0.961,0.921,0.91,0.824,0.939,0.918,0.978,0.929,0.948,0.905,0.951,0.963,0.938
7,A1_2,0.941,0.954,1.0,0.951,0.932,0.913,0.884,0.894,0.864,0.939,0.9,0.979,0.875,0.927,0.933,0.945
7,A1_3,0.959,0.961,0.951,1.0,0.943,0.959,0.887,0.948,0.95,0.965,0.974,0.963,0.95,0.97,0.975,0.957
7,B1_1,0.927,0.921,0.932,0.943,1.0,0.958,0.886,0.928,0.908,0.933,0.916,0.97,0.956,0.925,0.945,0.986
7,B1_2,0.927,0.91,0.913,0.959,0.958,1.0,0.886,0.947,0.93,0.922,0.974,0.946,0.948,0.936,0.941,0.937
7,B1_3,0.818,0.824,0.884,0.887,0.886,0.886,1.0,0.799,0.884,0.799,0.842,0.919,0.907,0.914,0.911,0.917
7,A2_1,0.965,0.939,0.894,0.948,0.928,0.947,0.799,1.0,0.94,0.973,0.956,0.922,0.935,0.947,0.946,0.915
7,A2_2,0.94,0.918,0.864,0.95,0.908,0.93,0.884,0.94,1.0,0.931,0.947,0.915,0.978,0.978,0.975,0.934
7,A2_3,0.984,0.978,0.939,0.965,0.933,0.922,0.799,0.973,0.931,1.0,0.937,0.946,0.923,0.952,0.955,0.94
7,B2_1,0.945,0.929,0.9,0.974,0.916,0.974,0.842,0.956,0.947,0.937,1.0,0.918,0.938,0.945,0.949,0.915
7,B2_2,0.951,0.948,0.979,0.963,0.97,0.946,0.919,0.922,0.915,0.946,0.918,1.0,0.935,0.958,0.958,0.976
7,B2_3,0.919,0.905,0.875,0.95,0.956,0.948,0.907,0.935,0.978,0.923,0.938,0.935,1.0,0.968,0.967,0.967
7,y1,0.958,0.951,0.927,0.97,0.925,0.936,0.914,0.947,0.978,0.952,0.945,0.958,0.968,1.0,0.98,0.95
7,y2,0.97,0.963,0.933,0.975,0.945,0.941,0.911,0.946,0.975,0.955,0.949,0.958,0.967,0.98,1.0,0.968
7,y3,0.936,0.938,0.945,0.957,0.986,0.937,0.917,0.915,0.934,0.94,0.915,0.976,0.967,0.95,0.968,1.0
8,.,1.0,0.989,0.941,0.959,0.926,0.925,0.817,0.966,0.94,0.984,0.944,0.95,0.917,0.957,0.969,0.935
8,A1_1,0.989,1.0,0.955,0.961,0.921,0.91,0.824,0.94,0.918,0.978,0.929,0.948,0.904,0.951,0.963,0.937
8,A1_2,0.941,0.955,1.0,0.953,0.933,0.914,0.885,0.895,0.867,0.94,0.902,0.979,0.877,0.928,0.935,0.946
8,A1_3,0.959,0.961,0.953,1.0,0.944,0.96,0.888,0.949,0.951,0.966,0.975,0.964,0.95,0.971,0.975,0.958
8,B1_1,0.926,0.921,0.933,0.944,1.0,0.959,0.888,0.928,0.911,0.933,0.918,0.97,0.958,0.927,0.946,0.986
8,B1_2,0.925,0.91,0.914,0.96,0.959,1.0,0.889,0.947,0.933,0.922,0.975,0.947,0.95,0.937,0.943,0.939
8,B1_3,0.817,0.824,0.885,0.888,0.888,0.889,1.0,0.801,0.886,0.8,0.845,0.92,0.91,0.915,0.913,0.919
8,A2_1,0.966,0.94,0.895,0.949,0.928,0.947,0.801,1.0,0.941,0.974,0.957,0.923,0.935,0.947,0.946,0.915
8,A2_2,0.94,0.918,0.867,0.951,0.911,0.933,0.886,0.941,1.0,0.932,0.948,0.919,0.979,0.978,0.975,0.935
8,A2_3,0.984,0.978,0.94,0.966,0.933,0.922,0.8,0.974,0.932,1.0,0.938,0.946,0.923,0.953,0.954,0.939
8,B2_1,0.944,0.929,0.902,0.975,0.918,0.975,0.845,0.957,0.948,0.938,1.0,0.921,0.94,0.946,0.951,0.917
8,B2_2,0.95,0.948,0.979,0.964,0.97,0.947,0.92,0.923,0.919,0.946,0.921,1.0,0.937,0.96,0.96,0.977
8,B2_3,0.917,0.904,0.877,0.95,0.958,0.95,0.91,0.935,0.979,0.923,0.94,0.937,1.0,0.968,0.967,0.968
8,y1,0.957,0.951,0.928,0.971,0.927,0.937,0.915,0.947,0.978,0.953,0.946,0.96,0.968,1.0,0.98,0.951
8,y2,0.969,0.963,0.935,0.975,0.946,0.943,0.913,0.946,0.975,0.954,0.951,0.96,0.967,0.98,1.0,0.968
8,y3,0.935,0.937,0.946,0.958,0.986,0.939,0.919,0.915,0.935,0.939,0.917,0.977,0.968,0.951,0.968,1.0
9,.,1.0,0.989,0.941,0.958,0.925,0.923,0.816,0.966,0.939,0.983,0.944,0.95,0.915,0.956,0.968,0.933
9,A1_1,0.989,1.0,0.955,0.961,0.92,0.909,0.824,0.94,0.918,0.979,0.929,0.948,0.903,0.95,0.963,0.937
9,A1_2,0.941,0.955,1.0,0.954,0.933,0.914,0.885,0.897,0.869,0.94,0.903,0.979,0.878,0.93,0.936,0.947
9,A1_3,0.958,0.961,0.954,1.0,0.945,0.96,0.889,0.95,0.952,0.966,0.975,0.965,0.95,0.971,0.976,0.958
9,B1_1,0.925,0.92,0.933,0.945,1.0,0.96,0.891,0.928,0.914,0.933,0.92,0.971,0.959,0.928,0.947,0.987
9,B1_2,0.923,0.909,0.914,0.96,0.96,1.0,0.891,0.946,0.936,0.921,0.975,0.948,0.952,0.938,0.944,0.941
9,B1_3,0.816,0.824,0.885,0.889,0.891,0.891,1.0,0.801,0.888,0.801,0.848,0.922,0.912,0.916,0.915,0.921
9,A2_1,0.966,0.94,0.897,0.95,0.928,0.946,0.801,1.0,0.941,0.974,0.957,0.924,0.935,0.947,0.947,0.915
9,A2_2,0.939,0.918,0.869,0.952,0.914,0.936,0.888,0.941,1.0,0.932,0.95,0.921,0.979,0.978,0.975,0.937
9,A2_3,0.983,0.979,0.94,0.966,0.933,0.921,0.801,0.974,0.932,1.0,0.938,0.946,0.923,0.952,0.954,0.939
9,B2_1,0.944,0.929,0.903,0.975,0.92,0.975,0.848,0.957,0.95,0.938,1.0,0.922,0.941,0.947,0.952,0.919
9,B2_2,0.95,0.948,0.979,0.965,0.971,0.948,0.922,0.924,0.921,0.946,0.922,1.0,0.939,0.961,0.961,0.978
9,B2_3,0.915,0.903,0.878,0.95,0.959,0.952,0.912,0.935,0.979,0.923,0.941,0.939,1.0,0.968,0.967,0.968
9,y1,0.956,0.95,0.93,0.971,0.928,0.938,0.916,0.947,0.978,0.952,0.947,0.961,0.968,1.0,0.981,0.952
9,y2,0.968,0.963,0.936,0.976,0.947,0.944,0.915,0.947,0.975,0.954,0.952,0.961,0.967,0.981,1.0,0.969
9,y3,0.933,0.937,0.947,0.958,0.987,0.941,0.921,0.915,0.937,0.939,0.919,0.978,0.968,0.952,0.969,1.0
10,.,1.0,0.989,0.941,0.957,0.922,0.92,0.812,0.965,0.937,0.983,0.942,0.948,0.912,0.955,0.966,0.931
10,A1_1,0.989,1.0,0.956,0.961,0.919,0.907,0.821,0.941,0.917,0.979,0.929,0.947,0.901,0.95,0.962,0.935
10,A1_2,0.941,0.956,1.0,0.954,0.933,0.913,0.884,0.897,0.87,0.94,0.904,0.978,0.878,0.93,0.937,0.947
10,A1_3,0.957,0.961,0.954,1.0,0.945,0.96,0.888,0.95,0.952,0.966,0.975,0.966,0.95,0.971,0.975,0.958
10,B1_1,0.922,0.919,0.933,0.945,1.0,0.961,0.893,0.927,0.915,0.932,0.921,0.971,0.959,0.929,0.947,0.987
10,B1_2,0.92,0.907,0.913,0.96,0.961,1.0,0.893,0.945,0.937,0.92,0.975,0.949,0.953,0.939,0.944,0.942
10,B1_3,0.812,0.821,0.884,0.888,0.893,0.893,1.0,0.8,0.889,0.799,0.849,0.922,0.913,0.916,0.915,0.922
10,A2_1,0.965,0.941,0.897,0.95,0.927,0.945,0.8,1.0,0.941,0.974,0.957,0.923,0.933,0.947,0.946,0.914
10,A2_2,0.937,0.917,0.87,0.952,0.915,0.937,0.889,0.941,1.0,0.932,0.951,0.923,0.979,0.979,0.975,0.938
10,A2_3,0.983,0.979,0.94,0.966,0.932,0.92,0.799,0.974,0.932,1.0,0.938,0.945,0.921,0.952,0.953,0.938
10,B2_1,0.942,0.929,0.904,0.975,0.921,0.975,0.849,0.957,0.951,0.938,1.0,0.924,0.942,0.947,0.952,0.92
10,B2_2,0.948,0.947,0.978,0.966,0.971,0.949,0.922,0.923,0.923,0.945,0.924,1.0,0.94,0.962,0.962,0.979
10,B2_3,0.912,0.901,0.878,0.95,0.959,0.953,0.913,0.933,0.979,0.921,0.942,0.94,1.0,0.967,0.966,0.969
10,y1,0.955,0.95,0.93,0.971,0.929,0.939,0.916,0.947,0.979,0.952,0.947,0.962,0.967,1.0,0.981,0.953
10,y2,0.966,0.962,0.937,0.975,0.947,0.944,0.915,0.946,0.975,0.953,0.952,0.962,0.966,0.981,1.0,0.969
10,y3,0.931,0.935,0.947,0.958,0.987,0.942,0.922,0.914,0.938,0.938,0.92,0.979,0.969,0.953,0.969,1.0
11,.,1.0,0.989,0.94,0.956,0.919,0.916,0.807,0.965,0.935,0.982,0.94,0.946,0.908,0.953,0.965,0.928
11,A1_1,0.989,1.0,0.955,0.961,0.917,0.904,0.818,0.941,0.916,0.979,0.928,0.946,0.898,0.948,0.961,0.934
11,A1_2,0.94,0.955,1.0,0.955,0.932,0.912,0.882,0.897,0.87,0.94,0.904,0.977,0.877,0.93,0.937,0.947
11,A1_3,0.956,0.961,0.955,1.0,0.945,0.96,0.887,0.95,0.951,0.966,0.975,0.966,0.949,0.971,0.975,0.958
11,B1_1,0.919,0.917,0.932,0.945,1.0,0.961,0.894,0.926,0.916,0.93,0.922,0.972,0.96,0.929,0.947,0.987
11,B1_2,0.916,0.904,0.912,0.96,0.961,1.0,0.895,0.943,0.938,0.918,0.975,0.949,0.954,0.939,0.944,0.943
11,B1_3,0.807,0.818,0.882,0.887,0.894,0.895,1.0,0.797,0.889,0.796,0.85,0.923,0.914,0.916,0.915,0.923
11,A2_1,0.965,0.941,0.897,0.95,0.926,0.943,0.797,1.0,0.941,0.974,0.956,0.923,0.931,0.946,0.946,0.913
11,A2_2,0.935,0.916,0.87,0.951,0.916,0.938,0.889,0.941,1.0,0.931,0.952,0.924,0.979,0.979,0.975,0.938
11,A2_3,0.982,0.979,0.94,0.966,0.93,0.918,0.796,0.974,0.931,1.0,0.937,0.944,0.919,0.951,0.953,0.937
11,B2_1,0.94,0.928,0.904,0.975,0.922,0.975,0.85,0.956,0.952,0.937,1.0,0.924,0.942,0.948,0.952,0.921
11,B2_2,0.946,0.946,0.977,0.966,0.972,0.949,0.923,0.923,0.924,0.944,0.924,1.0,0.94,0.963,0.963,0.979
11,B2_3,0.908,0.898,0.877,0.949,0.96,0.954,0.914,0.931,0.979,0.919,0.942,0.94,1.0,0.967,0.965,0.968
11,y1,0.953,0.948,0.93,0.971,0.929,0.939,0.916,0.946,0.979,0.951,0.948,0.963,0.967,1.0,0.981,0.953
11,y2,0.965,0.961,0.937,0.975,0.947,0.944,0.915,0.946,0.975,0.953,0.952,0.963,0.965,0.981,1.0,0.969
11,y3,0.928,0.934,0.947,0.958,0.987,0.943,0.923,0.913,0.938,0.937,0.921,0.979,0.968,0.953,0.969,1.0
12,.,1.0,0.989,0.938,0.954,0.915,0.911,0.8,0.964,0.933,0.982,0.937,0.943,0.902,0.95,0.963,0.925
12,A1_1,0.989,1.0,0.955,0.961,0.914,0.901,0.813,0.941,0.915,0.979,0.927,0.944,0.895,0.947,0.961,0.932
12,A1_2,0.938,0.955,1.0,0.955,0.931,0.91,0.879,0.896,0.869,0.939,0.903,0.977,0.875,0.929,0.937,0.946
12,A1_3,0.954,0.961,0.955,1.0,0.944,0.959,0.884,0.95,0.951,0.966,0.975,0.966,0.947,0.97,0.975,0.957
12,B1_1,0.915,0.914,0.931,0.944,1.0,0.962,0.895,0.924,0.916,0.928,0.922,0.972,0.96,0.929,0.947,0.987
12,B1_2,0.911,0.901,0.91,0.959,0.962,1.0,0.896,0.941,0.939,0.915,0.975,0.949,0.955,0.938,0.944,0.944
12,B1_3,0.8,0.813,0.879,0.884,0.895,0.896,1.0,0.794,0.888,0.792,0.85,0.923,0.915,0.915,0.914,0.924
12,A2_1,0.964,0.941,0.896,0.95,0.924,0.941,0.794,1.0,0.94,0.974,0.955,0.922,0.928,0.945,0.945,0.912
12,A2_2,0.933,0.915,0.869,0.951,0.916,0.939,0.888,0.94,1.0,0.93,0.952,0.925,0.978,0.979,0.974,0.938
12,A2_3,0.982,0.979,0.939,0.966,0.928,0.915,0.792,0.974,0.93,1.0,0.936,0.943,0.916,0.95,0.951,0.935
12,B2_1,0.937,0.927,0.903,0.975,0.922,0.975,0.85,0.955,0.952,0.936,1.0,0.925,0.942,0.947,0.952,0.921
12,B2_2,0.943,0.944,0.977,0.966,0.972,0.949,0.923,0.922,0.925,0.943,0.925,1.0,0.941,0.963,0.964,0.98
12,B2_3,0.902,0.895,0.875,0.947,0.96,0.955,0.915,0.928,0.978,0.916,0.942,0.941,1.0,0.966,0.964,0.968
12,y1,0.95,0.947,0.929,0.97,0.929,0.938,0.915,0.945,0.979,0.95,0.947,0.963,0.966,1.0,0.981,0.952
12,y2,0.963,0.961,0.937,0.975,0.947,0.944,0.914,0.945,0.974,0.951,0.952,0.964,0.964,0.981,1.0,0.968
12,y3,0.925,0.932,0.946,0.957,0.987,0.944,0.924,0.912,0.938,0.935,0.921,0.98,0.968,0.952,0.968,1.0
13,.,1.0,0.989,0.936,0.952,0.91,0.905,0.791,0.963,0.929,0.981,0.934,0.939,0.896,0.947,0.96,0.921
13,A1_1,0.989,1.0,0.954,0.96,0.911,0.897,0.807,0.942,0.913,0.979,0.925,0.942,0.891,0.945,0.96,0.929
13,A1_2,0.936,0.954,1.0,0.954,0.929,0.908,0.875,0.895,0.867,0.938,0.902,0.975,0.872,0.928,0.936,0.945
13,A1_3,0.952,0.96,0.954,1.0,0.943,0.957,0.881,0.95,0.95,0.966,0.975,0.966,0.945,0.969,0.974,0.957
13,B1_1,0.91,0.911,0.929,0.943,1.0,0.962,0.895,0.922,0.916,0.925,0.923,0.972,0.96,0.928,0.946,0.987
13,B1_2,0.905,0.897,0.908,0.957,0.962,1.0,0.897,0.938,0.939,0.912,0.975,0.949,0.956,0.938,0.943,0.944
13,B1_3,0.791,0.807,0.875,0.881,0.895,0.897,1.0,0.789,0.887,0.787,0.85,0.922,0.915,0.914,0.912,0.924
13,A2_1,0.963,0.942,0.895,0.95,0.922,0.938,0.789,1.0,0.939,0.974,0.954,0.92,0.925,0.944,0.944,0.91
13,A2_2,0.929,0.913,0.867,0.95,0.916,0.939,0.887,0.939,1.0,0.929,0.952,0.925,0.978,0.978,0.973,0.938
13,A2_3,0.981,0.979,0.938,0.966,0.925,0.912,0.787,0.974,0.929,1.0,0.934,0.941,0.912,0.948,0.95,0.933
13,B2_1,0.934,0.925,0.902,0.975,0.923,0.975,0.85,0.954,0.952,0.934,1.0,0.925,0.942,0.947,0.952,0.922
13,B2_2,0.939,0.942,0.975,0.966,0.972,0.949,0.922,0.92,0.925,0.941,0.925,1.0,0.941,0.963,0.964,0.98
13,B2_3,0.896,0.891,0.872,0.945,0.96,0.956,0.915,0.925,0.978,0.912,0.942,0.941,1.0,0.965,0.962,0.968
13,y1,0.947,0.945,0.928,0.969,0.928,0.938,0.914,0.944,0.978,0.948,0.947,0.963,0.965,1.0,0.981,0.952
13,y2,0.96,0.96,0.936,0.974,0.946,0.943,0.912,0.944,0.973,0.95,0.952,0.964,0.962,0.981,1.0,0.968
13,y3,0.921,0.929,0.945,0.957,0.987,0.944,0.924,0.91,0.938,0.933,0.922,0.98,0.968,0.952,0.968,1.0
14,.,1.0,0.989,0.934,0.949,0.904,0.898,0.781,0.962,0.926,0.98,0.929,0.935,0.888,0.944,0.958,0.916
14,A1_1,0.989,1.0,0.953,0.959,0.907,0.893,0.801,0.942,0.911,0.978,0.923,0.939,0.886,0.943,0.958,0.927
14,A1_2,0.934,0.953,1.0,0.954,0.927,0.905,0.87,0.894,0.865,0.937,0.901,0.974,0.868,0.926,0.936,0.944
14,A1_3,0.949,0.959,0.954,1.0,0.942,0.956,0.877,0.949,0.948,0.965,0.974,0.965,0.942,0.968,0.974,0.956
14,B1_1,0.904,0.907,0.927,0.942,1.0,0.962,0.896,0.919,0.916,0.922,0.923,0.972,0.96,0.927,0.945,0.987
14,B1_2,0.898,0.893,0.905,0.956,0.962,1.0,0.897,0.934,0.939,0.908,0.975,0.948,0.956,0.936,0.942,0.944
14,B1_3,0.781,0.801,0.87,0.877,0.896,0.897,1.0,0.783,0.886,0.78,0.85,0.921,0.916,0.912,0.911,0.923
14,A2_1,0.962,0.942,0.894,0.949,0.919,0.934,0.783,1.0,0.937,0.974,0.953,0.919,0.921,0.942,0.943,0.907
14,A2_2,0.926,0.911,0.865,0.948,0.916,0.939,0.886,0.937,1.0,0.927,0.953,0.925,0.977,0.978,0.973,0.937
14,A2_3,0.98,0.978,0.937,0.965,0.922,0.908,0.78,0.974,0.927,1.0,0.932,0.939,0.907,0.946,0.949,0.93
14,B2_1,0.929,0.923,0.901,0.974,0.923,0.975,0.85,0.953,0.953,0.932,1.0,0.925,0.942,0.946,0.952,0.922
14,B2_2,0.935,0.939,0.974,0.965,0.972,0.948,0.921,0.919,0.925,0.939,0.925,1.0,0.94,0.963,0.964,0.98
14,B2_3,0.888,0.886,0.868,0.942,0.96,0.956,0.916,0.921,0.977,0.907,0.942,0.94,1.0,0.964,0.96,0.967
14,y1,0.944,0.943,0.926,0.968,0.927,0.936,0.912,0.942,0.978,0.946,0.946,0.963,0.964,1.0,0.981,0.951
14,y2,0.958,0.958,0.936,0.974,0.945,0.942,0.911,0.943,0.973,0.949,0.952,0.964,0.96,0.981,1.0,0.967
14,y3,0.916,0.927,0.944,0.956,0.987,0.944,0.923,0.907,0.937,0.93,0.922,0.98,0.967,0.951,0.967,1.0
15,.,1.0,0.989,0.931,0.946,0.897,0.889,0.77,0.961,0.921,0.979,0.924,0.929,0.879,0.94,0.954,0.91
15,A1_1,0.989,1.0,0.952,0.959,0.903,0.887,0.793,0.942,0.909,0.978,0.92,0.936,0.88,0.941,0.957,0.924
15,A1_2,0.931,0.952,1.0,0.954,0.925,0.901,0.865,0.893,0.862,0.936,0.899,0.972,0.864,0.925,0.935,0.943
15,A1_3,0.946,0.959,0.954,1.0,0.94,0.953,0.873,0.948,0.947,0.965,0.973,0.965,0.939,0.967,0.973,0.954
15,B1_1,0.897,0.903,0.925,0.94,1.0,0.962,0.896,0.915,0.915,0.918,0.923,0.971,0.96,0.926,0.944,0.987
15,B1_2,0.889,0.887,0.901,0.953,0.962,1.0,0.898,0.93,0.938,0.903,0.974,0.948,0.956,0.935,0.941,0.944
15,B1_3,0.77,0.793,0.865,0.873,0.896,0.898,1.0,0.777,0.884,0.773,0.849,0.921,0.916,0.91,0.908,0.923
15,A2_1,0.961,0.942,0.893,0.948,0.915,0.93,0.777,1.0,0.935,0.974,0.951,0.916,0.916,0.941,0.941,0.905
15,A2_2,0.921,0.909,0.862,0.947,0.915,0.938,0.884,0.935,1.0,0.924,0.953,0.925,0.976,0.978,0.972,0.936
15,A2_3,0.979,0.978,0.936,0.965,0.918,0.903,0.773,0.974,0.924,1.0,0.93,0.936,0.902,0.944,0.947,0.927
15,B2_1,0.924,0.92,0.899,0.973,0.923,0.974,0.849,0.951,0.953,0.93,1.0,0.925,0.942,0.946,0.951,0.922
15,B2_2,0.929,0.936,0.972,0.965,0.971,0.948,0.921,0.916,0.925,0.936,0.925,1.0,0.94,0.962,0.964,0.981
15,B2_3,0.879,0.88,0.864,0.939,0.96,0.956,0.916,0.916,0.976,0.902,0.942,0.94,1.0,0.962,0.958,0.966
15,y1,0.94,0.941,0.925,0.967,0.926,0.935,0.91,0.941,0.978,0.944,0.946,0.962,0.962,1.0,0.98,0.951
15,y2,0.954,0.957,0.935,0.973,0.944,0.941,0.908,0.941,0.972,0.947,0.951,0.964,0.958,0.98,1.0,0.967
15,y3,0.91,0.924,0.943,0.954,0.987,0.944,0.923,0.905,0.936,0.927,0.922,0.981,0.966,0.951,0.967,1.0
16,.,1.0,0.988,0.928,0.943,0.888,0.879,0.757,0.96,0.916,0.978,0.918,0.923,0.869,0.935,0.951,0.903
16,A1_1,0.988,1.0,0.951,0.958,0.897,0.881,0.784,0.942,0.906,0.978,0.917,0.932,0.873,0.939,0.956,0.92
16,A1_2,0.928,0.951,1.0,0.953,0.921,0.896,0.859,0.891,0.859,0.935,0.896,0.97,0.858,0.922,0.934,0.941
16,A1_3,0.943,0.958,0.953,1.0,0.938,0.951,0.868,0.947,0.945,0.964,0.972,0.963,0.935,0.966,0.972,0.953
16,B1_1,0.888,0.897,0.921,0.938,1.0,0.962,0.896,0.911,0.914,0.913,0.923,0.971,0.959,0.925,0.942,0.987
16,B1_2,0.879,0.881,0.896,0.951,0.962,1.0,0.899,0.925,0.938,0.896,0.974,0.947,0.957,0.933,0.938,0.944
16,B1_3,0.757,0.784,0.859,0.868,0.896,0.899,1.0,0.769,0.881,0.765,0.848,0.919,0.916,0.907,0.905,0.922
16,A2_1,0.96,0.942,0.891,0.947,0.911,0.925,0.769,1.0,0.933,0.974,0.948,0.914,0.911,0.939,0.94,0.901
16,A2_2,0.916,0.906,0.859,0.945,0.914,0.938,0.881,0.933,1.0,0.922,0.953,0.925,0.975,0.977,0.97,0.935
16,A2_3,0.978,0.978,0.935,0.964,0.913,0.896,0.765,0.974,0.922,1.0,0.927,0.933,0.895,0.941,0.945,0.924
16,B2_1,0.918,0.917,0.896,0.972,0.923,0.974,0.848,0.948,0.953,0.927,1.0,0.925,0.941,0.945,0.95,0.922
16,B2_2,0.923,0.932,0.97,0.963,0.971,0.947,0.919,0.914,0.925,0.933,0.925,1.0,0.939,0.962,0.964,0.981
16,B2_3,0.869,0.873,0.858,0.935,0.959,0.957,0.916,0.911,0.975,0.895,0.941,0.939,1.0,0.96,0.955,0.965
16,y1,0.935,0.939,0.922,0.966,0.925,0.933,0.907,0.939,0.977,0.941,0.945,0.962,0.96,1.0,0.98,0.95
16,y2,0.951,0.956,0.934,0.972,0.942,0.938,0.905,0.94,0.97,0.945,0.95,0.964,0.955,0.98,1.0,0.966
16,y3,0.903,0.92,0.941,0.953,0.987,0.944,0.922,0.901,0.935,0.924,0.922,0.981,0.965,0.95,0.966,1.0
17,.,1.0,0.988,0.924,0.938,0.878,0.866,0.74,0.958,0.909,0.977,0.91,0.915,0.856,0.929,0.946,0.895
17,A1_1,0.988,1.0,0.95,0.957,0.891,0.873,0.773,0.942,0.902,0.978,0.912,0.928,0.864,0.936,0.954,0.916
17,A1_2,0.924,0.95,1.0,0.952,0.917,0.891,0.851,0.889,0.854,0.933,0.893,0.968,0.851,0.919,0.932,0.939
17,A1_3,0.938,0.957,0.952,1.0,0.935,0.947,0.861,0.946,0.943,0.963,0.971,0.962,0.93,0.964,0.971,0.951
17,B1_1,0.878,0.891,0.917,0.935,1.0,0.962,0.896,0.906,0.913,0.907,0.922,0.971,0.959,0.923,0.94,0.987
17,B1_2,0.866,0.873,0.891,0.947,0.962,1.0,0.899,0.918,0.936,0.889,0.973,0.946,0.957,0.931,0.936,0.943
17,B1_3,0.74,0.773,0.851,0.861,0.896,0.899,1.0,0.76,0.878,0.754,0.846,0.918,0.916,0.904,0.901,0.921
17,A2_1,0.958,0.942,0.889,0.946,0.906,0.918,0.76,1.0,0.93,0.974,0.945,0.91,0.904,0.936,0.938,0.897
17,A2_2,0.909,0.902,0.854,0.943,0.913,0.936,0.878,0.93,1.0,0.918,0.952,0.924,0.974,0.977,0.969,0.934
17,A2_3,0.977,0.978,0.933,0.963,0.907,0.889,0.754,0.974,0.918,1.0,0.923,0.929,0.888,0.938,0.943,0.919
17,B2_1,0.91,0.912,0.893,0.971,0.922,0.973,0.846,0.945,0.952,0.923,1.0,0.924,0.94,0.943,0.949,0.921
17,B2_2,0.915,0.928,0.968,0.962,0.971,0.946,0.918,0.91,0.924,0.929,0.924,1.0,0.938,0.961,0.963,0.981
17,B2_3,0.856,0.864,0.851,0.93,0.959,0.957,0.916,0.904,0.974,0.888,0.94,0.938,1.0,0.958,0.951,0.963
17,y1,0.929,0.936,0.919,0.964,0.923,0.931,0.904,0.936,0.977,0.938,0.943,0.961,0.958,1.0,0.979,0.948
17,y2,0.946,0.954,0.932,0.971,0.94,0.936,0.901,0.938,0.969,0.943,0.949,0.963,0.951,0.979,1.0,0.965
17,y3,0.895,0.916,0.939,0.951,0.987,0.943,0.921,0.897,0.934,0.919,0.921,0.981,0.963,0.948,0.965,1.0
18,.,1.0,0.987,0.919,0.933,0.865,0.851,0.721,0.955,0.901,0.975,0.9,0.906,0.84,0.922,0.941,0.886
18,A1_1,0.987,1.0,0.948,0.956,0.883,0.864,0.76,0.942,0.898,0.978,0.907,0.922,0.855,0.932,0.952,0.911
18,A1_2,0.919,0.948,1.0,0.951,0.912,0.884,0.842,0.887,0.849,0.931,0.889,0.965,0.843,0.916,0.93,0.936
18,A1_3,0.933,0.956,0.951,1.0,0.931,0.942,0.853,0.945,0.94,0.962,0.969,0.96,0.925,0.962,0.969,0.948
18,B1_1,0.865,0.883,0.912,0.931,1.0,0.962,0.896,0.899,0.911,0.9,0.922,0.97,0.958,0.921,0.937,0.986
18,B1_2,0.851,0.864,0.884,0.942,0.962,1.0,0.899,0.91,0.935,0.88,0.972,0.945,0.956,0.928,0.932,0.942
18,B1_3,0.721,0.76,0.842,0.853,0.896,0.899,1.0,0.749,0.874,0.742,0.845,0.917,0.916,0.9,0.897,0.919
18,A2_1,0.955,0.942,0.887,0.945,0.899,0.91,0.749,1.0,0.927,0.974,0.942,0.906,0.895,0.933,0.936,0.893
18,A2_2,0.901,0.898,0.849,0.94,0.911,0.935,0.874,0.927,1.0,0.915,0.952,0.923,0.972,0.976,0.967,0.932
18,A2_3,0.975,0.978,0.931,0.962,0.9,0.88,0.742,0.974,0.915,1.0,0.919,0.924,0.879,0.935,0.94,0.915
18,B2_1,0.9,0.907,0.889,0.969,0.922,0.972,0.845,0.942,0.952,0.919,1.0,0.924,0.939,0.942,0.948,0.921
18,B2_2,0.906,0.922,0.965,0.96,0.97,0.945,0.917,0.906,0.923,0.924,0.924,1.0,0.937,0.961,0.962,0.981
18,B2_3,0.84,0.855,0.843,0.925,0.958,0.956,0.916,0.895,0.972,0.879,0.939,0.937,1.0,0.955,0.947,0.962
18,y1,0.922,0.932,0.916,0.962,0.921,0.928,0.9,0.933,0.976,0.935,0.942,0.961,0.955,1.0,0.979,0.947
18,y2,0.941,0.952,0.93,0.969,0.937,0.932,0.897,0.936,0.967,0.94,0.948,0.962,0.947,0.979,1.0,0.963
18,y3,0.886,0.911,0.936,0.948,0.986,0.942,0.919,0.893,0.932,0.915,0.921,0.981,0.962,0.947,0.963,1.0
19,.,1.0,0.987,0.914,0.928,0.85,0.832,0.699,0.953,0.893,0.973,0.888,0.894,0.822,0.914,0.935,0.875
19,A1_1,0.987,1.0,0.946,0.955,0.874,0.853,0.746,0.942,0.894,0.978,0.902,0.916,0.843,0.928,0.95,0.905
19,A1_2,0.914,0.946,1.0,0.949,0.906,0.876,0.832,0.884,0.844,0.929,0.885,0.961,0.834,0.912,0.928,0.933
19,A1_3,0.928,0.955,0.949,1.0,0.926,0.937,0.844,0.944,0.937,0.961,0.967,0.958,0.918,0.96,0.968,0.945
19,B1_1,0.85,0.874,0.906,0.926,1.0,0.962,0.896,0.892,0.909,0.891,0.921,0.97,0.958,0.918,0.934,0.986
19,B1_2,0.832,0.853,0.876,0.937,0.962,1.0,0.899,0.901,0.932,0.87,0.972,0.943,0.956,0.924,0.928,0.941
19,B1_3,0.699,0.746,0.832,0.844,0.896,0.899,1.0,0.736,0.87,0.729,0.843,0.915,0.916,0.896,0.891,0.918
19,A2_1,0.953,0.942,0.884,0.944,0.892,0.901,0.736,1.0,0.923,0.973,0.937,0.9,0.886,0.93,0.933,0.887
19,A2_2,0.893,0.894,0.844,0.937,0.909,0.932,0.87,0.923,1.0,0.91,0.951,0.921,0.97,0.975,0.965,0.93
19,A2_3,0.973,0.978,0.929,0.961,0.891,0.87,0.729,0.973,0.91,1.0,0.913,0.918,0.868,0.931,0.937,0.909
19,B2_1,0.888,0.902,0.885,0.967,0.921,0.972,0.843,0.937,0.951,0.913,1.0,0.923,0.938,0.94,0.946,0.92
19,B2_2,0.894,0.916,0.961,0.958,0.97,0.943,0.915,0.9,0.921,0.918,0.923,1.0,0.936,0.96,0.961,0.982
19,B2_3,0.822,0.843,0.834,0.918,0.958,0.956,0.916,0.886,0.97,0.868,0.938,0.936,1.0,0.952,0.942,0.959
19,y1,0.914,0.928,0.912,0.96,0.918,0.924,0.896,0.93,0.975,0.931,0.94,0.96,0.952,1.0,0.978,0.946
19,y2,0.935,0.95,0.928,0.968,0.934,0.928,0.891,0.933,0.965,0.937,0.946,0.961,0.942,0.978,1.0,0.962
19,y3,0.875,0.905,0.933,0.945,0.986,0.941,0.918,0.887,0.93,0.909,0.92,0.982,0.959,0.946,0.962,1.0
20,.,1.0,0.986,0.908,0.921,0.832,0.811,0.675,0.95,0.882,0.971,0.875,0.881,0.801,0.905,0.928,0.862
20,A1_1,0.986,1.0,0.943,0.954,0.864,0.84,0.73,0.943,0.889,0.978,0.895,0.908,0.83,0.923,0.948,0.899
20,A1_2,0.908,0.943,1.0,0.948,0.899,0.866,0.82,0.882,0.837,0.926,0.879,0.957,0.823,0.908,0.926,0.929
20,A1_3,0.921,0.954,0.948,1.0,0.921,0.93,0.834,0.942,0.934,0.96,0.964,0.955,0.91,0.957,0.966,0.942
20,B1_1,0.832,0.864,0.899,0.921,1.0,0.962,0.896,0.883,0.907,0.881,0.92,0.969,0.957,0.915,0.93,0.985
20,B1_2,0.811,0.84,0.866,0.93,0.962,1.0,0.9,0.89,0.93,0.858,0.971,0.942,0.956,0.92,0.922,0.939
20,B1_3,0.675,0.73,0.82,0.834,0.896,0.9,1.0,0.722,0.865,0.714,0.841,0.913,0.916,0.891,0.885,0.916
20,A2_1,0.95,0.943,0.882,0.942,0.883,0.89,0.722,1.0,0.919,0.973,0.931,0.894,0.874,0.926,0.93,0.881
20,A2_2,0.882,0.889,0.837,0.934,0.907,0.93,0.865,0.919,1.0,0.906,0.95,0.92,0.967,0.975,0.963,0.928
20,A2_3,0.971,0.978,0.926,0.96,0.881,0.858,0.714,0.973,0.906,1.0,0.907,0.911,0.856,0.927,0.934,0.903
20,B2_1,0.875,0.895,0.879,0.964,0.92,0.971,0.841,0.931,0.95,0.907,1.0,0.922,0.937,0.938,0.943,0.919
20,B2_2,0.881,0.908,0.957,0.955,0.969,0.942,0.913,0.894,0.92,0.911,0.922,1.0,0.934,0.959,0.96,0.982
20,B2_3,0.801,0.83,0.823,0.91,0.957,0.956,0.916,0.874,0.967,0.856,0.937,0.934,1.0,0.949,0.936,0.957
20,y1,0.905,0.923,0.908,0.957,0.915,0.92,0.891,0.926,0.975,0.927,0.938,0.959,0.949,1.0,0.977,0.944
20,y2,0.928,0.948,0.926,0.966,0.93,0.922,0.885,0.93,0.963,0.934,0.943,0.96,0.936,0.977,1.0,0.96
20,y3,0.862,0.899,0.929,0.942,0.985,0.939,0.916,0.881,0.928,0.903,0.919,0.982,0.957,0.944,0.96,1.0
21,.,1.0,0.984,0.901,0.914,0.811,0.786,0.647,0.946,0.87,0.968,0.858,0.865,0.776,0.894,0.919,0.847
21,A1_1,0.984,1.0,0.941,0.952,0.852,0.826,0.713,0.943,0.884,0.978,0.886,0.899,0.816,0.919,0.945,0.892
21,A1_2,0.901,0.941,1.0,0.946,0.891,0.856,0.807,0.879,0.83,0.924,0.873,0.952,0.811,0.904,0.924,0.925
21,A1_3,0.914,0.952,0.946,1.0,0.914,0.922,0.823,0.94,0.93,0.959,0.96,0.951,0.901,0.954,0.964,0.938
21,B1_1,0.811,0.852,0.891,0.914,1.0,0.961,0.896,0.872,0.904,0.87,0.92,0.969,0.957,0.911,0.925,0.984
21,B1_2,0.786,0.826,0.856,0.922,0.961,1.0,0.9,0.877,0.926,0.845,0.97,0.94,0.956,0.915,0.916,0.937
21,B1_3,0.647,0.713,0.807,0.823,0.896,0.9,1.0,0.707,0.86,0.697,0.84,0.912,0.917,0.886,0.878,0.914
21,A2_1,0.946,0.943,0.879,0.94,0.872,0.877,0.707,1.0,0.914,0.973,0.925,0.887,0.861,0.921,0.927,0.875
21,A2_2,0.87,0.884,0.83,0.93,0.904,0.926,0.86,0.914,1.0,0.901,0.95,0.919,0.964,0.974,0.961,0.926
21,A2_3,0.968,0.978,0.924,0.959,0.87,0.845,0.697,0.973,0.901,1.0,0.899,0.903,0.842,0.922,0.931,0.896
21,B2_1,0.858,0.886,0.873,0.96,0.92,0.97,0.84,0.925,0.95,0.899,1.0,0.922,0.936,0.935,0.941,0.918
21,B2_2,0.865,0.899,0.952,0.951,0.969,0.94,0.912,0.887,0.919,0.903,0.922,1.0,0.933,0.957,0.958,0.982
21,B2_3,0.776,0.816,0.811,0.901,0.957,0.956,0.917,0.861,0.964,0.842,0.936,0.933,1.0,0.944,0.929,0.955
21,y1,0.894,0.919,0.904,0.954,0.911,0.915,0.886,0.921,0.974,0.922,0.935,0.957,0.944,1.0,0.976,0.942
21,y2,0.919,0.945,0.924,0.964,0.925,0.916,0.878,0.927,0.961,0.931,0.941,0.958,0.929,0.976,1.0,0.958
21,y3,0.847,0.892,0.925,0.938,0.984,0.937,0.914,0.875,0.926,0.896,0.918,0.982,0.955,0.942,0.958,1.0
22,.,1.0,0.983,0.893,0.905,0.785,0.756,0.613,0.942,0.856,0.964,0.837,0.845,0.746,0.881,0.91,0.829
22,A1_1,0.983,1.0,0.938,0.951,0.837,0.809,0.692,0.943,0.878,0.978,0.876,0.889,0.798,0.913,0.943,0.883
22,A1_2,0.893,0.938,1.0,0.945,0.881,0.842,0.792,0.876,0.822,0.921,0.865,0.945,0.796,0.898,0.921,0.92
22,A1_3,0.905,0.951,0.945,1.0,0.906,0.912,0.809,0.938,0.925,0.957,0.956,0.946,0.889,0.95,0.962,0.934
22,B1_1,0.785,0.837,0.881,0.906,1.0,0.961,0.897,0.859,0.9,0.856,0.919,0.968,0.956,0.907,0.919,0.983
22,B1_2,0.756,0.809,0.842,0.912,0.961,1.0,0.901,0.861,0.922,0.828,0.969,0.938,0.956,0.909,0.908,0.935
22,B1_3,0.613,0.692,0.792,0.809,0.897,0.901,1.0,0.687,0.853,0.677,0.838,0.91,0.917,0.879,0.869,0.911
22,A2_1,0.942,0.943,0.876,0.938,0.859,0.861,0.687,1.0,0.908,0.973,0.916,0.878,0.844,0.916,0.924,0.866
22,A2_2,0.856,0.878,0.822,0.925,0.9,0.922,0.853,0.908,1.0,0.895,0.948,0.916,0.96,0.973,0.958,0.923
22,A2_3,0.964,0.978,0.921,0.957,0.856,0.828,0.677,0.973,0.895,1.0,0.889,0.893,0.825,0.916,0.927,0.888
22,B2_1,0.837,0.876,0.865,0.956,0.919,0.969,0.838,0.916,0.948,0.889,1.0,0.921,0.934,0.932,0.937,0.917
22,B2_2,0.845,0.889,0.945,0.946,0.968,0.938,0.91,0.878,0.916,0.893,0.921,1.0,0.931,0.955,0.955,0.982
22,B2_3,0.746,0.798,0.796,0.889,0.956,0.956,0.917,0.844,0.96,0.825,0.934,0.931,1.0,0.939,0.92,0.951
22,y1,0.881,0.913,0.898,0.95,0.907,0.909,0.879,0.916,0.973,0.916,0.932,0.955,0.939,1.0,0.974,0.94
22,y2,0.91,0.943,0.921,0.962,0.919,0.908,0.869,0.924,0.958,0.927,0.937,0.955,0.92,0.974,1.0,0.955
22,y3,0.829,0.883,0.92,0.934,0.983,0.935,0.911,0.866,0.923,0.888,0.917,0.982,0.951,0.94,0.955,1.0
23,.,1.0,0.98,0.883,0.895,0.754,0.72,0.575,0.937,0.84,0.96,0.812,0.821,0.711,0.865,0.899,0.809
23,A1_1,0.98,1.0,0.935,0.949,0.82,0.788,0.669,0.944,0.871,0.977,0.864,0.876,0.777,0.906,0.94,0.874
23,A1_2,0.883,0.935,1.0,0.942,0.868,0.827,0.774,0.872,0.813,0.918,0.856,0.937,0.779,0.891,0.917,0.915
23,A1_3,0.895,0.949,0.942,1.0,0.895,0.899,0.792,0.936,0.92,0.956,0.949,0.94,0.875,0.946,0.959,0.928
23,B1_1,0.754,0.82,0.868,0.895,1.0,0.961,0.897,0.843,0.895,0.84,0.918,0.967,0.956,0.901,0.911,0.981
23,B1_2,0.72,0.788,0.827,0.899,0.961,1.0,0.901,0.842,0.917,0.808,0.967,0.936,0.955,0.901,0.899,0.931
23,B1_3,0.575,0.669,0.774,0.792,0.897,0.901,1.0,0.666,0.846,0.655,0.836,0.908,0.917,0.872,0.858,0.907
23,A2_1,0.937,0.944,0.872,0.936,0.843,0.842,0.666,1.0,0.901,0.973,0.905,0.867,0.825,0.909,0.92,0.857
23,A2_2,0.84,0.871,0.813,0.92,0.895,0.917,0.846,0.901,1.0,0.888,0.946,0.914,0.955,0.972,0.955,0.919
23,A2_3,0.96,0.977,0.918,0.956,0.84,0.808,0.655,0.973,0.888,1.0,0.878,0.882,0.805,0.91,0.923,0.879
23,B2_1,0.812,0.864,0.856,0.949,0.918,0.967,0.836,0.905,0.946,0.878,1.0,0.919,0.933,0.928,0.932,0.916
23,B2_2,0.821,0.876,0.937,0.94,0.967,0.936,0.908,0.867,0.914,0.882,0.919,1.0,0.929,0.953,0.951,0.982
23,B2_3,0.711,0.777,0.779,0.875,0.956,0.955,0.917,0.825,0.955,0.805,0.933,0.929,1.0,0.933,0.91,0.947
23,y1,0.865,0.906,0.891,0.946,0.901,0.901,0.872,0.909,0.972,0.91,0.928,0.953,0.933,1.0,0.972,0.937
23,y2,0.899,0.94,0.917,0.959,0.911,0.899,0.858,0.92,0.955,0.923,0.932,0.951,0.91,0.972,1.0,0.953
23,y3,0.809,0.874,0.915,0.928,0.981,0.931,0.907,0.857,0.919,0.879,0.916,0.982,0.947,0.937,0.953,1.0
24,.,1.0,0.978,0.873,0.883,0.717,0.678,0.531,0.932,0.821,0.955,0.782,0.792,0.669,0.848,0.886,0.785
24,A1_1,0.978,1.0,0.931,0.947,0.799,0.765,0.642,0.945,0.864,0.977,0.849,0.861,0.753,0.898,0.937,0.863
24,A1_2,0.873,0.931,1.0,0.94,0.853,0.808,0.754,0.869,0.802,0.914,0.844,0.927,0.758,0.884,0.914,0.908
24,A1_3,0.883,0.947,0.94,1.0,0.882,0.884,0.773,0.934,0.914,0.954,0.941,0.932,0.858,0.941,0.956,0.921
24,B1_1,0.717,0.799,0.853,0.882,1.0,0.96,0.898,0.824,0.89,0.82,0.918,0.966,0.955,0.895,0.902,0.979
24,B1_2,0.678,0.765,0.808,0.884,0.96,1.0,0.902,0.82,0.91,0.786,0.966,0.934,0.955,0.893,0.887,0.927
24,B1_3,0.531,0.642,0.754,0.773,0.898,0.902,1.0,0.64,0.837,0.629,0.835,0.907,0.918,0.863,0.846,0.903
24,A2_1,0.932,0.945,0.869,0.934,0.824,0.82,0.64,1.0,0.893,0.972,0.892,0.853,0.801,0.902,0.915,0.846
24,A2_2,0.821,0.864,0.802,0.914,0.89,0.91,0.837,0.893,1.0,0.88,0.944,0.911,0.949,0.97,0.951,0.916
24,A2_3,0.955,0.977,0.914,0.954,0.82,0.786,0.629,0.972,0.88,1.0,0.864,0.868,0.782,0.902,0.918,0.869
24,B2_1,0.782,0.849,0.844,0.941,0.918,0.966,0.835,0.892,0.944,0.864,1.0,0.918,0.931,0.924,0.926,0.914
24,B2_2,0.792,0.861,0.927,0.932,0.966,0.934,0.907,0.853,0.911,0.868,0.918,1.0,0.926,0.95,0.947,0.982
24,B2_3,0.669,0.753,0.758,0.858,0.955,0.955,0.918,0.801,0.949,0.782,0.931,0.926,1.0,0.925,0.897,0.942
24,y1,0.848,0.898,0.884,0.941,0.895,0.893,0.863,0.902,0.97,0.902,0.924,0.95,0.925,1.0,0.97,0.934
24,y2,0.886,0.937,0.914,0.956,0.902,0.887,0.846,0.915,0.951,0.918,0.926,0.947,0.897,0.97,1.0,0.949
24,y3,0.785,0.863,0.908,0.921,0.979,0.927,0.903,0.846,0.916,0.869,0.914,0.982,0.942,0.934,0.949,1.0
25,.,1.0,0.974,0.861,0.871,0.676,0.632,0.485,0.926,0.8,0.95,0.747,0.759,0.623,0.828,0.872,0.759
25,A1_1,0.974,1.0,0.927,0.945,0.776,0.739,0.615,0.946,0.856,0.977,0.833,0.843,0.727,0.891,0.933,0.852
25,A1_2,0.861,0.927,1.0,0.938,0.837,0.788,0.732,0.866,0.792,0.911,0.832,0.916,0.736,0.876,0.91,0.902
25,A1_3,0.871,0.945,0.938,1.0,0.867,0.866,0.753,0.932,0.907,0.953,0.932,0.922,0.838,0.935,0.952,0.914
25,B1_1,0.676,0.776,0.837,0.867,1.0,0.96,0.9,0.802,0.884,0.798,0.917,0.965,0.955,0.888,0.891,0.977
25,B1_2,0.632,0.739,0.788,0.866,0.96,1.0,0.903,0.794,0.904,0.76,0.965,0.932,0.955,0.883,0.873,0.923
25,B1_3,0.485,0.615,0.732,0.753,0.9,0.903,1.0,0.614,0.829,0.603,0.835,0.906,0.92,0.854,0.833,0.899
25,A2_1,0.926,0.946,0.866,0.932,0.802,0.794,0.614,1.0,0.884,0.972,0.876,0.838,0.775,0.894,0.911,0.834
25,A2_2,0.8,0.856,0.792,0.907,0.884,0.904,0.829,0.884,1.0,0.872,0.942,0.908,0.943,0.969,0.947,0.912
25,A2_3,0.95,0.977,0.911,0.953,0.798,0.76,0.603,0.972,0.872,1.0,0.848,0.852,0.756,0.894,0.914,0.858
25,B2_1,0.747,0.833,0.832,0.932,0.917,0.965,0.835,0.876,0.942,0.848,1.0,0.918,0.93,0.919,0.919,0.913
25,B2_2,0.759,0.843,0.916,0.922,0.965,0.932,0.906,0.838,0.908,0.852,0.918,1.0,0.924,0.947,0.942,0.982
25,B2_3,0.623,0.727,0.736,0.838,0.955,0.955,0.92,0.775,0.943,0.756,0.93,0.924,1.0,0.916,0.883,0.937
25,y1,0.828,0.891,0.876,0.935,0.888,0.883,0.854,0.894,0.969,0.894,0.919,0.947,0.916,1.0,0.968,0.931
25,y2,0.872,0.933,0.91,0.952,0.891,0.873,0.833,0.911,0.947,0.914,0.919,0.942,0.883,0.968,1.0,0.946
25,y3,0.759,0.852,0.902,0.914,0.977,0.923,0.899,0.834,0.912,0.858,0.913,0.982,0.937,0.931,0.946,1.0
26,.,1.0,0.97,0.848,0.857,0.626,0.577,0.431,0.919,0.776,0.943,0.705,0.719,0.568,0.805,0.856,0.728
