,,.,A1_1,A1_2,A1_3,B1_1,B1_2,B1_3,A2_1,A2_2,A2_3,B2_1,B2_2,B2_3,y1,y2,y3
2,.,1.0,-0.149,0.371,0.692,-0.73,-0.808,-0.143,0.548,-0.057,-0.237,0.079,0.211,-0.041,0.128,-0.768,0.288
2,A1_1,-0.149,1.0,0.442,0.358,-0.088,0.031,-0.303,-0.608,0.192,0.421,-0.096,-0.635,-0.15,0.192,0.316,0.792
2,A1_2,0.371,0.442,1.0,0.889,-0.276,-0.348,-0.225,-0.14,-0.185,0.059,-0.301,-0.039,-0.17,-0.163,-0.242,0.561
2,A1_3,0.692,0.358,0.889,1.0,-0.664,-0.644,-0.35,0.082,-0.135,0.032,-0.151,0.032,-0.056,-0.012,-0.586,0.628
2,B1_1,-0.73,-0.088,-0.276,-0.664,1.0,0.701,0.587,-0.32,-0.085,-0.162,-0.188,-0.213,-0.219,-0.279,0.77,-0.48
2,B1_2,-0.808,0.031,-0.348,-0.644,0.701,1.0,0.391,-0.35,-0.308,-0.169,-0.141,-0.062,0.176,-0.47,0.725,-0.356
2,B1_3,-0.143,-0.303,-0.225,-0.35,0.587,0.391,1.0,0.111,-0.611,-0.83,-0.266,-0.146,0.016,-0.628,0.088,-0.606
2,A2_1,0.548,-0.608,-0.14,0.082,-0.32,-0.35,0.111,1.0,0.113,-0.199,-0.431,0.078,-0.388,0.219,-0.435,-0.494
2,A2_2,-0.057,0.192,-0.185,-0.135,-0.085,-0.308,-0.611,0.113,1.0,0.863,-0.04,-0.382,-0.62,0.972,0.306,0.194
2,A2_3,-0.237,0.421,0.059,0.032,-0.162,-0.169,-0.83,-0.199,0.863,1.0,-0.002,-0.275,-0.389,0.806,0.33,0.419
2,B2_1,0.079,-0.096,-0.301,-0.151,-0.188,-0.141,-0.266,-0.431,-0.04,-0.002,1.0,0.566,0.702,-0.025,-0.149,0.307
2,B2_2,0.211,-0.635,-0.039,0.032,-0.213,-0.062,-0.146,0.078,-0.382,-0.275,0.566,1.0,0.655,-0.388,-0.398,-0.154
2,B2_3,-0.041,-0.15,-0.17,-0.056,-0.219,0.176,0.016,-0.388,-0.62,-0.389,0.702,0.655,1.0,-0.584,-0.331,0.089
2,y1,0.128,0.192,-0.163,-0.012,-0.279,-0.47,-0.628,0.219,0.972,0.806,-0.025,-0.388,-0.584,1.0,0.108,0.247
2,y2,-0.768,0.316,-0.242,-0.586,0.77,0.725,0.088,-0.435,0.306,0.33,-0.149,-0.398,-0.331,0.108,1.0,-0.054
2,y3,0.288,0.792,0.561,0.628,-0.48,-0.356,-0.606,-0.494,0.194,0.419,0.307,-0.154,0.089,0.247,-0.054,1.0
4,.,1.0,0.473,0.271,0.788,-0.184,0.168,-0.515,-0.657,-0.141,-0.114,-0.068,-0.212,-0.245,-0.503,-0.892,-0.482
4,A1_1,0.473,1.0,0.802,0.602,-0.303,0.127,-0.617,-0.737,-0.546,-0.354,0.175,-0.033,0.039,-0.041,-0.411,-0.047
4,A1_2,0.271,0.802,1.0,0.588,-0.045,0.241,-0.349,-0.72,-0.764,-0.429,0.002,-0.261,-0.119,0.234,-0.096,-0.276
4,A1_3,0.788,0.602,0.588,1.0,-0.309,0.096,-0.699,-0.57,-0.38,-0.256,0.043,-0.305,-0.615,-0.118,-0.722,-0.721
4,B1_1,-0.184,-0.303,-0.045,-0.309,1.0,0.685,0.605,0.232,-0.025,-0.191,-0.548,-0.406,0.074,0.316,0.338,-0.258
4,B1_2,0.168,0.127,0.241,0.096,0.685,1.0,0.359,-0.153,-0.548,-0.647,-0.239,0.046,-0.155,-0.207,-0.208,-0.36
4,B1_3,-0.515,-0.617,-0.349,-0.699,0.605,0.359,1.0,0.41,0.112,0.201,-0.533,0.03,0.18,0.006,0.469,0.211
4,A2_1,-0.657,-0.737,-0.72,-0.57,0.232,-0.153,0.41,1.0,0.633,0.379,-0.183,-0.004,-0.207,0.364,0.447,0.047
4,A2_2,-0.141,-0.546,-0.764,-0.38,-0.025,-0.548,0.112,0.633,1.0,0.818,-0.317,-0.276,0.081,0.171,0.126,0.163
4,A2_3,-0.114,-0.354,-0.429,-0.256,-0.191,-0.647,0.201,0.379,0.818,1.0,-0.531,-0.397,0.028,0.204,0.142,0.179
4,B2_1,-0.068,0.175,0.002,0.043,-0.548,-0.239,-0.533,-0.183,-0.317,-0.531,1.0,0.713,0.221,-0.287,-0.041,0.34
4,B2_2,-0.212,-0.033,-0.261,-0.305,-0.406,0.046,0.03,-0.004,-0.276,-0.397,0.713,1.0,0.278,-0.638,-0.093,0.565
4,B2_3,-0.245,0.039,-0.119,-0.615,0.074,-0.155,0.18,-0.207,0.081,0.028,0.221,0.278,1.0,-0.101,0.4,0.841
4,y1,-0.503,-0.041,0.234,-0.118,0.316,-0.207,0.006,0.364,0.171,0.204,-0.287,-0.638,-0.101,1.0,0.677,-0.166
4,y2,-0.892,-0.411,-0.096,-0.722,0.338,-0.208,0.469,0.447,0.126,0.142,-0.041,-0.093,0.4,0.677,1.0,0.417
4,y3,-0.482,-0.047,-0.276,-0.721,-0.258,-0.36,0.211,0.047,0.163,0.179,0.34,0.565,0.841,-0.166,0.417,1.0
6,.,1.0,-0.068,0.419,0.059,0.607,0.459,0.722,-0.639,-0.758,-0.574,-0.164,0.15,0.417,0.246,0.059,-0.23
6,A1_1,-0.068,1.0,0.54,0.559,-0.135,-0.327,0.228,-0.184,-0.035,-0.485,-0.166,0.138,0.347,-0.11,0.138,-0.308
6,A1_2,0.419,0.54,1.0,0.175,0.476,0.497,0.844,-0.288,-0.465,-0.735,-0.568,-0.003,0.652,0.341,0.228,-0.187
6,A1_3,0.059,0.559,0.175,1.0,-0.447,-0.472,-0.075,-0.7,0.118,-0.295,0.029,0.144,0.047,-0.07,0.36,-0.03
6,B1_1,0.607,-0.135,0.476,-0.447,1.0,0.591,0.584,-0.045,-0.631,-0.361,-0.344,-0.231,0.087,0.347,-0.013,-0.139
6,B1_2,0.459,-0.327,0.497,-0.472,0.591,1.0,0.608,-0.032,-0.619,-0.419,-0.378,0.065,0.585,0.719,0.361,0.096
6,B1_3,0.722,0.228,0.844,-0.075,0.584,0.608,1.0,-0.288,-0.592,-0.641,-0.503,0.033,0.716,0.228,-0.075,-0.224
6,A2_1,-0.639,-0.184,-0.288,-0.7,-0.045,-0.032,-0.288,1.0,0.53,0.656,-0.202,-0.451,-0.182,-0.089,-0.475,0.34
6,A2_2,-0.758,-0.035,-0.465,0.118,-0.631,-0.619,-0.592,0.53,1.0,0.833,-0.147,-0.551,-0.438,-0.335,-0.424,0.562
6,A2_3,-0.574,-0.485,-0.735,-0.295,-0.361,-0.419,-0.641,0.656,0.833,1.0,-0.045,-0.599,-0.579,-0.249,-0.535,0.613
6,B2_1,-0.164,-0.166,-0.568,0.029,-0.344,-0.378,-0.503,-0.202,-0.147,-0.045,1.0,0.742,-0.436,-0.539,0.087,-0.647
6,B2_2,0.15,0.138,-0.003,0.144,-0.231,0.065,0.033,-0.451,-0.551,-0.599,0.742,1.0,0.246,-0.19,0.396,-0.764
6,B2_3,0.417,0.347,0.652,0.047,0.087,0.585,0.716,-0.182,-0.438,-0.579,-0.436,0.246,1.0,0.474,0.254,-0.009
6,y1,0.246,-0.11,0.341,-0.07,0.347,0.719,0.228,-0.089,-0.335,-0.249,-0.539,-0.19,0.474,1.0,0.671,0.515
6,y2,0.059,0.138,0.228,0.36,-0.013,0.361,-0.075,-0.475,-0.424,-0.535,0.087,0.396,0.254,0.671,1.0,-0.001
6,y3,-0.23,-0.308,-0.187,-0.03,-0.139,0.096,-0.224,0.34,0.562,0.613,-0.647,-0.764,-0.009,0.515,-0.001,1.0
8,.,1.0,-0.459,0.185,-0.412,0.42,0.22,0.038,0.009,0.025,0.389,-0.253,-0.26,-0.248,-0.504,-0.605,-0.591
8,A1_1,-0.459,1.0,0.336,0.714,-0.301,-0.377,-0.262,0.05,0.236,-0.147,-0.347,-0.517,-0.463,0.324,0.021,0.271
8,A1_2,0.185,0.336,1.0,0.502,0.022,-0.709,-0.728,-0.258,-0.37,0.061,0.136,-0.033,0.103,0.061,-0.139,0.163
8,A1_3,-0.412,0.714,0.502,1.0,-0.316,-0.798,-0.17,-0.124,-0.108,-0.136,0.019,-0.193,-0.007,-0.125,-0.294,-0.002
8,B1_1,0.42,-0.301,0.022,-0.316,1.0,0.377,0.027,-0.009,0.422,0.181,-0.4,0.228,-0.311,0.097,-0.226,-0.417
8,B1_2,0.22,-0.377,-0.709,-0.798,0.377,1.0,0.549,0.108,0.339,-0.179,-0.282,0.064,-0.356,0.058,0.176,-0.225
8,B1_3,0.038,-0.262,-0.728,-0.17,0.027,0.549,1.0,-0.131,0.139,-0.422,-0.008,0.096,-0.096,-0.601,-0.29,-0.671
8,A2_1,0.009,0.05,-0.258,-0.124,-0.009,0.108,-0.131,1.0,0.12,0.658,-0.673,-0.519,-0.522,0.164,-0.199,0.232
8,A2_2,0.025,0.236,-0.37,-0.108,0.422,0.339,0.139,0.12,1.0,0.325,-0.615,-0.399,-0.543,0.3,-0.09,-0.216
8,A2_3,0.389,-0.147,0.061,-0.136,0.181,-0.179,-0.422,0.658,0.325,1.0,-0.51,-0.511,-0.265,0.097,-0.354,0.058
8,B2_1,-0.253,-0.347,0.136,0.019,-0.4,-0.282,-0.008,-0.673,-0.615,-0.51,1.0,0.722,0.949,-0.125,0.444,0.197
8,B2_2,-0.26,-0.517,-0.033,-0.193,0.228,0.064,0.096,-0.519,-0.399,-0.511,0.722,1.0,0.738,0.075,0.462,0.08
8,B2_3,-0.248,-0.463,0.103,-0.007,-0.311,-0.356,-0.096,-0.522,-0.543,-0.265,0.949,0.738,1.0,-0.074,0.403,0.229
8,y1,-0.504,0.324,0.061,-0.125,0.097,0.058,-0.601,0.164,0.3,0.097,-0.125,0.075,-0.074,1.0,0.759,0.799
8,y2,-0.605,0.021,-0.139,-0.294,-0.226,0.176,-0.29,-0.199,-0.09,-0.354,0.444,0.462,0.403,0.759,1.0,0.786
8,y3,-0.591,0.271,0.163,-0.002,-0.417,-0.225,-0.671,0.232,-0.216,0.058,0.197,0.08,0.229,0.799,0.786,1.0
10,.,1.0,0.726,0.655,0.284,-0.281,-0.545,-0.211,0.469,-0.264,0.264,-0.273,-0.176,0.107,-0.406,-0.878,-0.807
10,A1_1,0.726,1.0,0.621,0.534,-0.074,-0.245,-0.114,0.154,-0.22,0.13,-0.408,-0.674,-0.305,-0.358,-0.707,-0.55
10,A1_2,0.655,0.621,1.0,0.444,-0.091,-0.362,-0.114,0.469,-0.577,0.273,-0.409,-0.184,-0.082,-0.031,-0.541,-0.423
10,A1_3,0.284,0.534,0.444,1.0,-0.526,-0.51,-0.726,0.304,-0.147,-0.174,0.023,-0.049,0.033,0.13,-0.432,0.207
10,B1_1,-0.281,-0.074,-0.091,-0.526,1.0,0.724,0.913,-0.385,-0.346,-0.084,-0.462,-0.267,-0.015,-0.19,0.35,-0.161
10,B1_2,-0.545,-0.245,-0.362,-0.51,0.724,1.0,0.578,-0.786,0.051,-0.424,-0.002,-0.214,-0.274,-0.376,0.333,0.161
10,B1_3,-0.211,-0.114,-0.114,-0.726,0.913,0.578,1.0,-0.242,-0.217,0.233,-0.507,-0.346,-0.134,-0.084,0.431,-0.3
10,A2_1,0.469,0.154,0.469,0.304,-0.385,-0.786,-0.242,1.0,0.031,0.729,-0.501,0.083,0.065,0.183,-0.146,-0.369
10,A2_2,-0.264,-0.22,-0.577,-0.147,-0.346,0.051,-0.217,0.031,1.0,0.268,0.036,-0.216,-0.529,-0.246,0.222,0.064
10,A2_3,0.264,0.13,0.273,-0.174,-0.084,-0.424,0.233,0.729,0.268,1.0,-0.653,-0.381,-0.434,0.155,0.167,-0.473
10,B2_1,-0.273,-0.408,-0.409,0.023,-0.462,-0.002,-0.507,-0.501,0.036,-0.653,1.0,0.583,0.374,0.241,-0.02,0.587
10,B2_2,-0.176,-0.674,-0.184,-0.049,-0.267,-0.214,-0.346,0.083,-0.216,-0.381,0.583,1.0,0.8,0.294,0.08,0.388
10,B2_3,0.107,-0.305,-0.082,0.033,-0.015,-0.274,-0.134,0.065,-0.529,-0.434,0.374,0.8,1.0,0.204,-0.137,0.11
10,y1,-0.406,-0.358,-0.031,0.13,-0.19,-0.376,-0.084,0.183,-0.246,0.155,0.241,0.294,0.204,1.0,0.576,0.617
10,y2,-0.878,-0.707,-0.541,-0.432,0.35,0.333,0.431,-0.146,0.222,0.167,-0.02,0.08,-0.137,0.576,1.0,0.586
10,y3,-0.807,-0.55,-0.423,0.207,-0.161,0.161,-0.3,-0.369,0.064,-0.473,0.587,0.388,0.11,0.617,0.586,1.0
12,.,1.0,0.156,0.158,0.069,0.339,-0.58,-0.138,0.089,-0.059,-0.282,-0.05,0.041,0.301,-0.812,0.178,-0.846
12,A1_1,0.156,1.0,0.81,0.598,-0.728,-0.381,-0.706,-0.094,-0.167,-0.569,0.296,0.453,0.676,-0.002,-0.275,-0.304
12,A1_2,0.158,0.81,1.0,0.804,-0.374,-0.238,-0.454,-0.091,-0.194,-0.685,-0.166,0.082,0.331,-0.11,0.089,-0.355
12,A1_3,0.069,0.598,0.804,1.0,-0.312,-0.211,-0.268,-0.108,-0.1,-0.44,-0.09,-0.192,0.077,0.062,0.16,-0.203
12,B1_1,0.339,-0.728,-0.374,-0.312,1.0,0.291,0.68,-0.198,-0.182,0.069,-0.303,-0.408,-0.474,-0.34,0.613,-0.296
12,B1_2,-0.58,-0.381,-0.238,-0.211,0.291,1.0,0.598,-0.71,-0.638,-0.208,0.12,0.199,-0.06,0.534,0.151,0.341
12,B1_3,-0.138,-0.706,-0.454,-0.268,0.68,0.598,1.0,-0.424,-0.142,0.239,0.001,-0.419,-0.487,-0.134,0.022,-0.102
12,A2_1,0.089,-0.094,-0.091,-0.108,-0.198,-0.71,-0.424,1.0,0.864,0.534,-0.558,-0.393,-0.353,-0.255,-0.087,0.261
12,A2_2,-0.059,-0.167,-0.194,-0.1,-0.182,-0.638,-0.142,0.864,1.0,0.795,-0.291,-0.632,-0.567,-0.234,-0.284,0.223
12,A2_3,-0.282,-0.569,-0.685,-0.44,0.069,-0.208,0.239,0.534,0.795,1.0,0.016,-0.577,-0.687,0.052,-0.232,0.418
12,B2_1,-0.05,0.296,-0.166,-0.09,-0.303,0.12,0.001,-0.558,-0.291,0.016,1.0,0.441,0.439,0.247,-0.411,-0.16
12,B2_2,0.041,0.453,0.082,-0.192,-0.408,0.199,-0.419,-0.393,-0.632,-0.577,0.441,1.0,0.914,0.221,-0.235,-0.028
12,B2_3,0.301,0.676,0.331,0.077,-0.474,-0.06,-0.487,-0.353,-0.567,-0.687,0.439,0.914,1.0,-0.051,-0.322,-0.333
12,y1,-0.812,-0.002,-0.11,0.062,-0.34,0.534,-0.134,-0.255,-0.234,0.052,0.247,0.221,-0.051,1.0,0.142,0.801
12,y2,0.178,-0.275,0.089,0.16,0.613,0.151,0.022,-0.087,-0.284,-0.232,-0.411,-0.235,-0.322,0.142,1.0,0.011
12,y3,-0.846,-0.304,-0.355,-0.203,-0.296,0.341,-0.102,0.261,0.223,0.418,-0.16,-0.028,-0.333,0.801,0.011,1.0
14,.,1.0,0.038,-0.138,-0.022,0.125,0.592,0.171,-0.573,-0.365,-0.732,0.188,0.127,0.276,-0.589,-0.25,-0.43
14,A1_1,0.038,1.0,0.361,0.882,-0.656,-0.484,-0.295,0.36,0.065,-0.193,0.05,0.05,0.43,-0.139,0.244,-0.658
14,A1_2,-0.138,0.361,1.0,0.74,-0.689,-0.773,-0.761,0.134,-0.123,0.07,-0.516,-0.384,-0.231,0.21,0.622,0.001
14,A1_3,-0.022,0.882,0.74,1.0,-0.822,-0.738,-0.645,0.23,-0.125,-0.17,-0.166,-0.131,0.228,0.042,0.509,-0.41
14,B1_1,0.125,-0.656,-0.689,-0.822,1.0,0.608,0.691,0.015,0.18,0.349,0.417,0.146,0.033,-0.215,-0.782,0.306
14,B1_2,0.592,-0.484,-0.773,-0.738,0.608,1.0,0.749,-0.406,0.022,-0.37,0.239,0.262,0.068,-0.466,-0.567,-0.178
14,B1_3,0.171,-0.295,-0.761,-0.645,0.691,0.749,1.0,0.218,0.375,0.126,0.309,0.246,0.176,-0.515,-0.856,-0.214
14,A2_1,-0.573,0.36,0.134,0.23,0.015,-0.406,0.218,1.0,0.793,0.777,-0.212,-0.268,-0.127,-0.112,-0.154,-0.285
14,A2_2,-0.365,0.065,-0.123,-0.125,0.18,0.022,0.375,0.793,1.0,0.656,-0.429,-0.332,-0.437,-0.192,-0.078,-0.411
14,A2_3,-0.732,-0.193,0.07,-0.17,0.349,-0.37,0.126,0.777,0.656,1.0,-0.157,-0.242,-0.328,0.251,-0.152,0.307
14,B2_1,0.188,0.05,-0.516,-0.166,0.417,0.239,0.309,-0.212,-0.429,-0.157,1.0,0.802,0.883,0.132,-0.615,0.233
14,B2_2,0.127,0.05,-0.384,-0.131,0.146,0.262,0.246,-0.268,-0.332,-0.242,0.802,1.0,0.813,0.391,-0.368,0.171
14,B2_3,0.276,0.43,-0.231,0.228,0.033,0.068,0.176,-0.127,-0.437,-0.328,0.883,0.813,1.0,0.048,-0.459,-0.075
14,y1,-0.589,-0.139,0.21,0.042,-0.215,-0.466,-0.515,-0.112,-0.192,0.251,0.132,0.391,0.048,1.0,0.446,0.666
14,y2,-0.25,0.244,0.622,0.509,-0.782,-0.567,-0.856,-0.154,-0.078,-0.152,-0.615,-0.368,-0.459,0.446,1.0,-0.001
14,y3,-0.43,-0.658,0.001,-0.41,0.306,-0.178,-0.214,-0.285,-0.411,0.307,0.233,0.171,-0.075,0.666,-0.001,1.0
16,.,1.0,0.078,0.139,0.15,-0.32,-0.284,0.428,-0.02,-0.382,0.21,0.219,0.236,-0.193,-0.77,-0.761,-0.918
16,A1_1,0.078,1.0,0.54,0.438,-0.45,-0.794,-0.079,0.725,-0.09,0.269,-0.313,-0.704,-0.369,-0.365,-0.122,0.056
16,A1_2,0.139,0.54,1.0,0.411,-0.818,-0.548,-0.272,0.463,-0.058,0.009,0.017,-0.068,-0.021,0.076,0.302,0.091
16,A1_3,0.15,0.438,0.411,1.0,-0.479,-0.321,0.147,0.368,-0.416,-0.157,-0.002,-0.004,-0.369,0.021,-0.003,-0.218
16,B1_1,-0.32,-0.45,-0.818,-0.479,1.0,0.595,0.349,-0.567,0.174,-0.144,-0.23,0.079,-0.168,0.181,-0.221,0.181
16,B1_2,-0.284,-0.794,-0.548,-0.321,0.595,1.0,-0.058,-0.897,-0.304,-0.73,0.268,0.747,0.371,0.561,0.184,0.252
16,B1_3,0.428,-0.079,-0.272,0.147,0.349,-0.058,1.0,0.021,0.09,0.309,-0.585,0.059,-0.857,-0.275,-0.518,-0.623
16,A2_1,-0.02,0.725,0.463,0.368,-0.567,-0.897,0.021,1.0,0.39,0.695,-0.463,-0.788,-0.39,-0.289,0.151,-0.049
16,A2_2,-0.382,-0.09,-0.058,-0.416,0.174,-0.304,0.09,0.39,1.0,0.717,-0.409,-0.509,-0.162,0.099,0.261,0.225
16,A2_3,0.21,0.269,0.009,-0.157,-0.144,-0.73,0.309,0.695,0.717,1.0,-0.388,-0.693,-0.369,-0.563,-0.239,-0.356
16,B2_1,0.219,-0.313,0.017,-0.002,-0.23,0.268,-0.585,-0.463,-0.409,-0.388,1.0,0.447,0.8,-0.088,-0.121,-0.083
16,B2_2,0.236,-0.704,-0.068,-0.004,0.079,0.747,0.059,-0.788,-0.509,-0.693,0.447,1.0,0.302,0.357,0.037,-0.179
16,B2_3,-0.193,-0.369,-0.021,-0.369,-0.168,0.371,-0.857,-0.39,-0.162,-0.369,0.8,0.302,1.0,0.189,0.32,0.347
16,y1,-0.77,-0.365,0.076,0.021,0.181,0.561,-0.275,-0.289,0.099,-0.563,-0.088,0.357,0.189,1.0,0.825,0.739
16,y2,-0.761,-0.122,0.302,-0.003,-0.221,0.184,-0.518,0.151,0.261,-0.239,-0.121,0.037,0.32,0.825,1.0,0.749
16,y3,-0.918,0.056,0.091,-0.218,0.181,0.252,-0.623,-0.049,0.225,-0.356,-0.083,-0.179,0.347,0.739,0.749,1.0
18,.,1.0,-0.082,-0.134,0.582,-0.519,0.226,-0.12,-0.112,-0.542,0.251,0.391,-0.224,0.677,-0.906,0.311,-0.952
18,A1_1,-0.082,1.0,0.652,0.415,-0.384,-0.71,-0.158,0.161,0.351,-0.18,-0.344,-0.415,-0.457,-0.151,-0.084,0.205
18,A1_2,-0.134,0.652,1.0,0.375,-0.403,-0.611,-0.446,0.412,0.247,-0.164,0.153,0.3,-0.139,-0.241,0.023,0.22
18,A1_3,0.582,0.415,0.375,1.0,-0.555,-0.168,0.018,-0.203,-0.472,0.022,-0.01,-0.122,0.335,-0.716,0.506,-0.633
18,B1_1,-0.519,-0.384,-0.403,-0.555,1.0,0.38,0.602,-0.499,-0.163,-0.517,-0.121,0.333,-0.324,0.542,-0.475,0.498
18,B1_2,0.226,-0.71,-0.611,-0.168,0.38,1.0,0.176,-0.338,-0.408,-0.13,0.14,0.222,0.28,-0.075,0.37,-0.34
18,B1_3,-0.12,-0.158,-0.446,0.018,0.602,0.176,1.0,-0.411,-0.21,0.031,-0.581,-0.225,-0.376,0.28,-0.414,0.121
18,A2_1,-0.112,0.161,0.412,-0.203,-0.499,-0.338,-0.411,1.0,0.791,0.661,-0.11,-0.152,-0.293,0.119,-0.145,0.249
18,A2_2,-0.542,0.351,0.247,-0.472,-0.163,-0.408,-0.21,0.791,1.0,0.391,-0.485,-0.364,-0.727,0.562,-0.316,0.663
18,A2_3,0.251,-0.18,-0.164,0.022,-0.517,-0.13,0.031,0.661,0.391,1.0,-0.268,-0.457,0.003,0.021,-0.023,-0.209
18,B2_1,0.391,-0.344,0.153,-0.01,-0.121,0.14,-0.581,-0.11,-0.485,-0.268,1.0,0.643,0.799,-0.515,0.143,-0.392
18,B2_2,-0.224,-0.415,0.3,-0.122,0.333,0.222,-0.225,-0.152,-0.364,-0.457,0.643,1.0,0.371,-0.007,0.108,0.129
18,B2_3,0.677,-0.457,-0.139,0.335,-0.324,0.28,-0.376,-0.293,-0.727,0.003,0.799,0.371,1.0,-0.65,0.481,-0.785
18,y1,-0.906,-0.151,-0.241,-0.716,0.542,-0.075,0.28,0.119,0.562,0.021,-0.515,-0.007,-0.65,1.0,-0.351,0.847
18,y2,0.311,-0.084,0.023,0.506,-0.475,0.37,-0.414,-0.145,-0.316,-0.023,0.143,0.108,0.481,-0.351,1.0,-0.532
18,y3,-0.952,0.205,0.22,-0.633,0.498,-0.34,0.121,0.249,0.663,-0.209,-0.392,0.129,-0.785,0.847,-0.532,1.0
20,.,1.0,-0.045,0.429,-0.414,0.637,-0.012,-0.324,0.068,-0.134,-0.406,-0.425,-0.136,-0.64,-0.502,-0.237,-0.532
20,A1_1,-0.045,1.0,0.714,0.615,-0.366,-0.34,-0.46,-0.04,-0.418,-0.304,-0.312,-0.409,-0.257,0.057,0.497,-0.404
20,A1_2,0.429,0.714,1.0,0.428,0.061,-0.413,-0.567,0.228,-0.443,-0.464,-0.288,-0.112,-0.273,-0.396,0.134,-0.45
20,A1_3,-0.414,0.615,0.428,1.0,-0.694,-0.533,-0.105,0.236,-0.1,0.358,0.246,-0.003,0.134,-0.149,0.014,0.265
20,B1_1,0.637,-0.366,0.061,-0.694,1.0,0.404,0.126,0.174,0.06,-0.225,-0.654,-0.218,-0.453,-0.448,-0.343,-0.039
20,B1_2,-0.012,-0.34,-0.413,-0.533,0.404,1.0,0.707,-0.554,0.082,-0.082,-0.373,0.037,0.043,0.21,-0.327,-0.03
20,B1_3,-0.324,-0.46,-0.567,-0.105,0.126,0.707,1.0,-0.385,0.079,0.42,-0.145,0.265,0.28,0.123,-0.526,0.543
20,A2_1,0.068,-0.04,0.228,0.236,0.174,-0.554,-0.385,1.0,0.569,0.464,0.111,-0.372,-0.323,-0.755,-0.288,0.469
20,A2_2,-0.134,-0.418,-0.443,-0.1,0.06,0.082,0.079,0.569,1.0,0.714,0.269,-0.393,-0.277,-0.452,-0.523,0.482
20,A2_3,-0.406,-0.304,-0.464,0.358,-0.225,-0.082,0.42,0.464,0.714,1.0,0.264,-0.197,-0.077,-0.379,-0.573,0.851
20,B2_1,-0.425,-0.312,-0.288,0.246,-0.654,-0.373,-0.145,0.111,0.269,0.264,1.0,0.562,0.629,0.206,0.002,0.175
20,B2_2,-0.136,-0.409,-0.112,-0.003,-0.218,0.037,0.265,-0.372,-0.393,-0.197,0.562,1.0,0.821,0.322,-0.091,0.009
20,B2_3,-0.64,-0.257,-0.273,0.134,-0.453,0.043,0.28,-0.323,-0.277,-0.077,0.629,0.821,1.0,0.581,0.186,0.202
20,y1,-0.502,0.057,-0.396,-0.149,-0.448,0.21,0.123,-0.755,-0.452,-0.379,0.206,0.322,0.581,1.0,0.697,-0.28
20,y2,-0.237,0.497,0.134,0.014,-0.343,-0.327,-0.526,-0.288,-0.523,-0.573,0.002,-0.091,0.186,0.697,1.0,-0.477
20,y3,-0.532,-0.404,-0.45,0.265,-0.039,-0.03,0.543,0.469,0.482,0.851,0.175,0.009,0.202,-0.28,-0.477,1.0
22,.,1.0,0.086,-0.438,0.063,-0.56,0.332,0.511,0.301,0.487,-0.363,0.252,-0.122,-0.039,-0.791,-0.758,-0.82
22,A1_1,0.086,1.0,0.438,0.783,-0.523,-0.339,-0.524,0.028,-0.342,-0.529,0.469,0.347,0.439,-0.398,-0.428,-0.155
22,A1_2,-0.438,0.438,1.0,0.634,0.127,-0.51,-0.36,-0.159,-0.297,-0.094,-0.408,-0.105,-0.359,0.037,0.183,0.151
22,A1_3,0.063,0.783,0.634,1.0,-0.321,-0.108,-0.432,0.134,-0.262,-0.306,0.113,-0.137,-0.056,-0.367,-0.117,0.025
22,B1_1,-0.56,-0.523,0.127,-0.321,1.0,0.369,0.387,-0.647,-0.527,0.028,-0.471,-0.107,-0.182,0.342,0.509,0.355
22,B1_2,0.332,-0.339,-0.51,-0.108,0.369,1.0,0.604,-0.268,-0.237,-0.266,0.203,-0.085,-0.035,-0.241,0.064,-0.069
22,B1_3,0.511,-0.524,-0.36,-0.432,0.387,0.604,1.0,-0.373,0.105,-0.326,-0.254,-0.166,-0.28,-0.471,-0.331,-0.611
22,A2_1,0.301,0.028,-0.159,0.134,-0.647,-0.268,-0.373,1.0,0.557,0.36,0.158,-0.194,-0.002,0.147,-0.117,-0.021
22,A2_2,0.487,-0.342,-0.297,-0.262,-0.527,-0.237,0.105,0.557,1.0,0.568,-0.296,-0.52,-0.452,-0.15,-0.164,-0.262
22,A2_3,-0.363,-0.529,-0.094,-0.306,0.028,-0.266,-0.326,0.36,0.568,1.0,-0.482,-0.569,-0.411,0.578,0.633,0.617
22,B2_1,0.252,0.469,-0.408,0.113,-0.471,0.203,-0.254,0.158,-0.296,-0.482,1.0,0.753,0.716,-0.063,-0.288,-0.113
22,B2_2,-0.122,0.347,-0.105,-0.137,-0.107,-0.085,-0.166,-0.194,-0.52,-0.569,0.753,1.0,0.659,0.173,-0.189,-0.124
22,B2_3,-0.039,0.439,-0.359,-0.056,-0.182,-0.035,-0.28,-0.002,-0.452,-0.411,0.716,0.659,1.0,0.024,-0.366,-0.016
22,y1,-0.791,-0.398,0.037,-0.367,0.342,-0.241,-0.471,0.147,-0.15,0.578,-0.063,0.173,0.024,1.0,0.789,0.782
22,y2,-0.758,-0.428,0.183,-0.117,0.509,0.064,-0.331,-0.117,-0.164,0.633,-0.288,-0.189,-0.366,0.789,1.0,0.894
22,y3,-0.82,-0.155,0.151,0.025,0.355,-0.069,-0.611,-0.021,-0.262,0.617,-0.113,-0.124,-0.016,0.782,0.894,1.0
24,.,1.0,0.399,0.294,0.536,-0.264,-0.098,0.465,-0.589,0.046,-0.706,0.11,0.2,0.148,-0.952,-0.724,-0.354
24,A1_1,0.399,1.0,0.802,0.654,-0.404,-0.392,-0.113,0.031,-0.114,-0.326,-0.01,-0.09,-0.019,-0.217,-0.017,0.159
24,A1_2,0.294,0.802,1.0,0.663,-0.076,-0.462,-0.519,-0.113,-0.276,-0.199,0.062,-0.176,0.142,-0.088,0.281,-0.099
24,A1_3,0.536,0.654,0.663,1.0,-0.242,-0.764,0.108,0.127,-0.002,-0.078,0.198,-0.013,0.001,-0.357,-0.264,0.165
24,B1_1,-0.264,-0.404,-0.076,-0.242,1.0,0.436,-0.086,-0.161,-0.715,0.269,-0.405,-0.31,-0.108,0.106,0.281,-0.557
24,B1_2,-0.098,-0.392,-0.462,-0.764,0.436,1.0,0.165,-0.415,-0.221,-0.151,-0.563,-0.309,-0.233,-0.066,0.082,-0.374
24,B1_3,0.465,-0.113,-0.519,0.108,-0.086,0.165,1.0,-0.128,0.034,-0.287,-0.005,0.229,-0.094,-0.582,-0.775,0.05
24,A2_1,-0.589,0.031,-0.113,0.127,-0.161,-0.415,-0.128,1.0,0.373,0.837,-0.215,-0.264,-0.555,0.624,0.226,0.649
24,A2_2,0.046,-0.114,-0.276,-0.002,-0.715,-0.221,0.034,0.373,1.0,0.239,0.004,-0.066,-0.352,0.049,-0.212,0.511
24,A2_3,-0.706,-0.326,-0.199,-0.078,0.269,-0.151,-0.287,0.837,0.239,1.0,-0.412,-0.516,-0.628,0.702,0.44,0.399
24,B2_1,0.11,-0.01,0.062,0.198,-0.405,-0.563,-0.005,-0.215,0.004,-0.412,1.0,0.816,0.88,-0.053,-0.146,0.114
24,B2_2,0.2,-0.09,-0.176,-0.013,-0.31,-0.309,0.229,-0.264,-0.066,-0.516,0.816,1.0,0.784,-0.297,-0.494,-0.217
24,B2_3,0.148,-0.019,0.142,0.001,-0.108,-0.233,-0.094,-0.555,-0.352,-0.628,0.88,0.784,1.0,-0.146,-0.046,-0.253
24,y1,-0.952,-0.217,-0.088,-0.357,0.106,-0.066,-0.582,0.624,0.049,0.702,-0.053,-0.297,-0.146,1.0,0.834,0.524
24,y2,-0.724,-0.017,0.281,-0.264,0.281,0.082,-0.775,0.226,-0.212,0.44,-0.146,-0.494,-0.046,0.834,1.0,0.26
24,y3,-0.354,0.159,-0.099,0.165,-0.557,-0.374,0.05,0.649,0.511,0.399,0.114,-0.217,-0.253,0.524,0.26,1.0
26,.,1.0,-0.398,-0.03,-0.014,-0.028,0.349,0.054,-0.797,-0.131,-0.342,-0.626,0.2,0.15,-0.461,-0.809,0.192
26,A1_1,-0.398,1.0,0.13,0.358,0.037,-0.495,-0.43,0.299,0.224,0.551,0.494,0.215,-0.233,-0.495,0.306,-0.807
26,A1_2,-0.03,0.13,1.0,0.806,-0.594,-0.448,-0.313,-0.003,-0.204,-0.482,-0.333,-0.357,-0.366,-0.324,-0.316,0.108
26,A1_3,-0.014,0.358,0.806,1.0,-0.457,-0.474,-0.327,-0.158,-0.161,-0.399,-0.2,-0.087,-0.21,-0.648,-0.494,-0.225
26,B1_1,-0.028,0.037,-0.594,-0.457,1.0,0.686,0.45,-0.035,-0.21,0.465,0.083,0.337,-0.209,0.162,0.326,0.074
26,B1_2,0.349,-0.495,-0.448,-0.474,0.686,1.0,0.858,-0.544,-0.581,-0.133,-0.394,0.123,-0.064,0.294,-0.055,0.312
26,B1_3,0.054,-0.43,-0.313,-0.327,0.45,0.858,1.0,-0.407,-0.517,-0.163,-0.419,-0.233,-0.201,0.362,0.042,0.112
26,A2_1,-0.797,0.299,-0.003,-0.158,-0.035,-0.544,-0.407,1.0,0.574,0.565,0.544,-0.301,-0.224,0.403,0.757,0.0
26,A2_2,-0.131,0.224,-0.204,-0.161,-0.21,-0.581,-0.517,0.574,1.0,0.647,0.149,-0.335,-0.147,-0.167,0.138,-0.276
26,A2_3,-0.342,0.551,-0.482,-0.399,0.465,-0.133,-0.163,0.565,0.647,1.0,0.363,-0.049,-0.373,-0.05,0.577,-0.467
26,B2_1,-0.626,0.494,-0.333,-0.2,0.083,-0.394,-0.419,0.544,0.149,0.363,1.0,0.536,0.491,0.288,0.661,-0.278
26,B2_2,0.2,0.215,-0.357,-0.087,0.337,0.123,-0.233,-0.301,-0.335,-0.049,0.536,1.0,0.664,-0.134,-0.043,-0.069
26,B2_3,0.15,-0.233,-0.366,-0.21,-0.209,-0.064,-0.201,-0.224,-0.147,-0.373,0.491,0.664,1.0,0.206,-0.116,0.109
26,y1,-0.461,-0.495,-0.324,-0.648,0.162,0.294,0.362,0.403,-0.167,-0.05,0.288,-0.134,0.206,1.0,0.651,0.532
26,y2,-0.809,0.306,-0.316,-0.494,0.326,-0.055,0.042,0.757,0.138,0.577,0.661,-0.043,-0.116,0.651,1.0,-0.091
26,y3,0.192,-0.807,0.108,-0.225,0.074,0.312,0.112,0.0,-0.276,-0.467,-0.278,-0.069,0.109,0.532,-0.091,1.0
28,.,1.0,-0.037,-0.217,0.216,-0.328,0.275,-0.013,0.319,-0.063,0.111,0.083,0.208,0.009,0.013,-0.688,0.111
28,A1_1,-0.037,1.0,0.89,0.703,-0.345,-0.451,-0.441,-0.346,0.198,0.347,0.203,0.147,0.196,-0.406,-0.249,-0.841
28,A1_2,-0.217,0.89,1.0,0.724,-0.081,-0.206,-0.303,-0.251,0.069,0.182,-0.037,-0.201,0.037,-0.536,-0.285,-0.575
28,A1_3,0.216,0.703,0.724,1.0,-0.233,0.093,-0.339,0.151,0.141,0.415,-0.217,-0.298,-0.183,-0.613,-0.568,-0.53
28,B1_1,-0.328,-0.345,-0.081,-0.233,1.0,0.711,0.865,-0.478,-0.431,-0.487,-0.264,-0.507,-0.176,-0.385,-0.174,0.299
28,B1_2,0.275,-0.451,-0.206,0.093,0.711,1.0,0.747,0.096,-0.504,-0.396,-0.395,-0.552,-0.383,-0.363,-0.573,0.509
28,B1_3,-0.013,-0.441,-0.303,-0.339,0.865,0.747,1.0,-0.422,-0.723,-0.68,0.074,-0.111,-0.044,-0.056,-0.195,0.367
28,A2_1,0.319,-0.346,-0.251,0.151,-0.478,0.096,-0.422,1.0,0.091,0.099,-0.355,-0.169,-0.401,0.27,0.016,0.506
28,A2_2,-0.063,0.198,0.069,0.141,-0.431,-0.504,-0.723,0.091,1.0,0.884,-0.313,-0.234,0.081,-0.29,0.049,-0.343
28,A2_3,0.111,0.347,0.182,0.415,-0.487,-0.396,-0.68,0.099,0.884,1.0,-0.09,-0.16,0.297,-0.305,-0.125,-0.466
28,B2_1,0.083,0.203,-0.037,-0.217,-0.264,-0.395,0.074,-0.355,-0.313,-0.09,1.0,0.845,0.822,0.628,0.299,-0.237
28,B2_2,0.208,0.147,-0.201,-0.298,-0.507,-0.552,-0.111,-0.169,-0.234,-0.16,0.845,1.0,0.491,0.725,0.372,-0.263
28,B2_3,0.009,0.196,0.037,-0.183,-0.176,-0.383,-0.044,-0.401,0.081,0.297,0.822,0.491,1.0,0.372,0.189,-0.201
28,y1,0.013,-0.406,-0.536,-0.613,-0.385,-0.363,-0.056,0.27,-0.29,-0.305,0.628,0.725,0.372,1.0,0.666,0.367
28,y2,-0.688,-0.249,-0.285,-0.568,-0.174,-0.573,-0.195,0.016,0.049,-0.125,0.299,0.372,0.189,0.666,1.0,0.075
28,y3,0.111,-0.841,-0.575,-0.53,0.299,0.509,0.367,0.506,-0.343,-0.466,-0.237,-0.263,-0.201,0.367,0.075,1.0
30,.,1.0,0.647,-0.162,0.177,0.299,0.007,0.204,-0.093,-0.007,-0.469,-0.058,-0.098,0.38,-0.352,-0.711,-0.617
30,A1_1,0.647,1.0,0.026,0.597,-0.014,-0.334,-0.132,-0.276,-0.211,-0.381,-0.229,-0.394,0.432,-0.29,-0.49,-0.049
30,A1_2,-0.162,0.026,1.0,0.146,0.002,-0.128,-0.307,0.013,0.069,-0.174,-0.06,-0.151,-0.437,-0.397,-0.28,0.281
30,A1_3,0.177,0.597,0.146,1.0,-0.603,-0.223,-0.782,0.132,0.375,-0.114,0.142,0.202,0.613,0.148,-0.145,-0.255
30,B1_1,0.299,-0.014,0.002,-0.603,1.0,0.039,0.842,-0.359,-0.242,-0.425,-0.088,-0.351,-0.47,-0.365,-0.253,0.115
30,B1_2,0.007,-0.334,-0.128,-0.223,0.039,1.0,0.332,-0.48,0.412,-0.008,0.219,0.682,0.185,-0.531,-0.449,-0.456
30,B1_3,0.204,-0.132,-0.307,-0.782,0.842,0.332,1.0,-0.57,-0.398,-0.285,-0.063,-0.198,-0.288,-0.408,-0.235,0.108
30,A2_1,-0.093,-0.276,0.013,0.132,-0.359,-0.48,-0.57,1.0,0.345,0.529,-0.186,-0.071,-0.204,0.634,0.538,-0.18
30,A2_2,-0.007,-0.211,0.069,0.375,-0.242,0.412,-0.398,0.345,1.0,0.318,0.007,0.551,0.076,-0.025,-0.051,-0.591
30,A2_3,-0.469,-0.381,-0.174,-0.114,-0.425,-0.008,-0.285,0.529,0.318,1.0,-0.627,-0.14,-0.358,0.237,0.612,0.17
30,B2_1,-0.058,-0.229,-0.06,0.142,-0.088,0.219,-0.063,-0.186,0.007,-0.627,1.0,0.724,0.53,0.299,-0.117,-0.326
30,B2_2,-0.098,-0.394,-0.151,0.202,-0.351,0.682,-0.198,-0.071,0.551,-0.14,0.724,1.0,0.541,0.092,-0.171,-0.642
30,B2_3,0.38,0.432,-0.437,0.613,-0.47,0.185,-0.288,-0.204,0.076,-0.358,0.53,0.541,1.0,0.162,-0.305,-0.552
30,y1,-0.352,-0.29,-0.397,0.148,-0.365,-0.531,-0.408,0.634,-0.025,0.237,0.299,0.092,0.162,1.0,0.8,0.057
30,y2,-0.711,-0.49,-0.28,-0.145,-0.253,-0.449,-0.235,0.538,-0.051,0.612,-0.117,-0.171,-0.305,0.8,1.0,0.468
30,y3,-0.617,-0.049,0.281,-0.255,0.115,-0.456,0.108,-0.18,-0.591,0.17,-0.326,-0.642,-0.552,0.057,0.468,1.0
32,.,1.0,0.504,0.257,0.579,-0.093,-0.439,-0.694,-0.03,-0.369,-0.21,0.272,0.499,0.143,-0.055,-0.506,-0.198
32,A1_1,0.504,1.0,0.522,0.971,-0.1,-0.053,-0.189,-0.228,-0.464,-0.31,0.012,-0.152,-0.192,-0.27,0.198,0.138
32,A1_2,0.257,0.522,1.0,0.618,-0.728,-0.526,-0.522,-0.092,-0.231,-0.086,0.162,-0.063,0.115,-0.248,-0.054,0.443
32,A1_3,0.579,0.971,0.618,1.0,-0.228,-0.21,-0.357,-0.081,-0.337,-0.199,-0.052,-0.142,-0.253,-0.191,0.056,0.182
32,B1_1,-0.093,-0.1,-0.728,-0.228,1.0,0.614,0.571,-0.047,-0.192,-0.227,-0.366,-0.345,-0.306,-0.287,-0.16,-0.825
32,B1_2,-0.439,-0.053,-0.526,-0.21,0.614,1.0,0.849,-0.529,-0.299,-0.583,-0.394,-0.369,-0.02,-0.431,0.36,-0.162
32,B1_3,-0.694,-0.189,-0.522,-0.357,0.571,0.849,1.0,-0.389,-0.121,-0.279,-0.26,-0.452,-0.041,-0.365,0.528,-0.102
32,A2_1,-0.03,-0.228,-0.092,-0.081,-0.047,-0.529,-0.389,1.0,0.85,0.897,-0.387,-0.24,-0.72,0.693,-0.35,-0.153
32,A2_2,-0.369,-0.464,-0.231,-0.337,-0.192,-0.299,-0.121,0.85,1.0,0.888,-0.37,-0.178,-0.555,0.792,-0.01,0.207
32,A2_3,-0.21,-0.31,-0.086,-0.199,-0.227,-0.583,-0.279,0.897,0.888,1.0,-0.081,-0.07,-0.5,0.803,-0.018,0.119
32,B2_1,0.272,0.012,0.162,-0.052,-0.366,-0.394,-0.26,-0.387,-0.37,-0.081,1.0,0.808,0.788,0.077,0.243,0.256
32,B2_2,0.499,-0.152,-0.063,-0.142,-0.345,-0.369,-0.452,-0.24,-0.178,-0.07,0.808,1.0,0.734,0.288,-0.036,0.219
32,B2_3,0.143,-0.192,0.115,-0.253,-0.306,-0.02,-0.041,-0.72,-0.555,-0.5,0.788,0.734,1.0,-0.294,0.12,0.255
32,y1,-0.055,-0.27,-0.248,-0.191,-0.287,-0.431,-0.365,0.693,0.792,0.803,0.077,0.288,-0.294,1.0,0.138,0.289
32,y2,-0.506,0.198,-0.054,0.056,-0.16,0.36,0.528,-0.35,-0.01,-0.018,0.243,-0.036,0.12,0.138,1.0,0.622
32,y3,-0.198,0.138,0.443,0.182,-0.825,-0.162,-0.102,-0.153,0.207,0.119,0.256,0.219,0.255,0.289,0.622,1.0
34,.,1.0,-0.344,0.256,0.06,0.179,-0.106,0.381,0.194,0.041,-0.255,0.215,-0.524,-0.322,-0.825,-0.752,-0.822
34,A1_1,-0.344,1.0,0.23,0.48,-0.216,-0.073,-0.237,-0.246,-0.3,-0.282,-0.202,0.478,0.168,-0.037,0.166,-0.08
34,A1_2,0.256,0.23,1.0,0.826,-0.472,-0.649,-0.055,-0.024,0.225,-0.138,0.002,0.074,-0.207,-0.309,-0.326,-0.506
34,A1_3,0.06,0.48,0.826,1.0,-0.753,-0.806,-0.421,0.208,0.418,0.13,-0.009,0.029,-0.079,-0.371,-0.084,-0.41
34,B1_1,0.179,-0.216,-0.472,-0.753,1.0,0.667,0.533,-0.642,-0.575,-0.538,-0.012,-0.136,-0.08,0.134,-0.003,0.084
34,B1_2,-0.106,-0.073,-0.649,-0.806,0.667,1.0,0.677,-0.129,-0.583,-0.324,-0.459,0.064,-0.252,0.311,0.01,0.39
34,B1_3,0.381,-0.237,-0.055,-0.421,0.533,0.677,1.0,-0.057,-0.551,-0.621,-0.43,-0.331,-0.641,0.035,-0.224,0.021
34,A2_1,0.194,-0.246,-0.024,0.208,-0.642,-0.129,-0.057,1.0,0.573,0.609,-0.252,-0.319,-0.332,-0.341,-0.254,-0.071
34,A2_2,0.041,-0.3,0.225,0.418,-0.575,-0.583,-0.551,0.573,1.0,0.883,-0.086,-0.245,-0.166,-0.308,-0.132,-0.109
34,A2_3,-0.255,-0.282,-0.138,0.13,-0.538,-0.324,-0.621,0.609,0.883,1.0,-0.085,0.002,0.062,-0.046,0.013,0.178
34,B2_1,0.215,-0.202,0.002,-0.009,-0.012,-0.459,-0.43,-0.252,-0.086,-0.085,1.0,0.135,0.788,-0.118,-0.068,-0.342
34,B2_2,-0.524,0.478,0.074,0.029,-0.136,0.064,-0.331,-0.319,-0.245,0.002,0.135,1.0,0.613,0.324,-0.056,0.084
34,B2_3,-0.322,0.168,-0.207,-0.079,-0.08,-0.252,-0.641,-0.332,-0.166,0.062,0.788,0.613,1.0,0.206,0.162,-0.0
34,y1,-0.825,-0.037,-0.309,-0.371,0.134,0.311,0.035,-0.341,-0.308,-0.046,-0.118,0.324,0.206,1.0,0.756,0.906
34,y2,-0.752,0.166,-0.326,-0.084,-0.003,0.01,-0.224,-0.254,-0.132,0.013,-0.068,-0.056,0.162,0.756,1.0,0.817
34,y3,-0.822,-0.08,-0.506,-0.41,0.084,0.39,0.021,-0.071,-0.109,0.178,-0.342,0.084,-0.0,0.906,0.817,1.0
36,.,1.0,0.894,0.718,0.775,0.213,-0.305,-0.136,-0.04,0.004,-0.471,-0.015,-0.458,-0.154,-0.835,-0.127,-0.804
36,A1_1,0.894,1.0,0.813,0.843,0.075,-0.476,-0.403,0.301,0.2,-0.388,0.028,-0.384,-0.15,-0.681,-0.111,-0.774
36,A1_2,0.718,0.813,1.0,0.782,0.157,-0.275,-0.273,0.125,0.111,-0.067,-0.251,-0.386,-0.221,-0.701,0.394,-0.456
36,A1_3,0.775,0.843,0.782,1.0,-0.209,-0.591,-0.609,0.153,-0.009,0.066,-0.162,-0.528,-0.058,-0.524,0.258,-0.489
36,B1_1,0.213,0.075,0.157,-0.209,1.0,-0.023,0.627,-0.193,-0.167,-0.379,-0.482,-0.264,-0.553,-0.173,-0.046,0.04
36,B1_2,-0.305,-0.476,-0.275,-0.591,-0.023,1.0,0.423,-0.381,0.109,-0.165,0.435,0.653,0.302,-0.217,0.009,0.043
36,B1_3,-0.136,-0.403,-0.273,-0.609,0.627,0.423,1.0,-0.476,-0.246,-0.378,-0.116,0.027,-0.176,-0.047,-0.24,0.07
36,A2_1,-0.04,0.301,0.125,0.153,-0.193,-0.381,-0.476,1.0,0.839,0.173,-0.093,-0.241,-0.476,0.128,-0.292,-0.173
36,A2_2,0.004,0.2,0.111,-0.009,-0.167,0.109,-0.246,0.839,1.0,0.072,0.045,-0.103,-0.475,-0.194,-0.32,-0.318
36,A2_3,-0.471,-0.388,-0.067,0.066,-0.379,-0.165,-0.378,0.173,0.072,1.0,-0.552,-0.289,-0.219,0.433,0.676,0.69
36,B2_1,-0.015,0.028,-0.251,-0.162,-0.482,0.435,-0.116,-0.093,0.045,-0.552,1.0,0.776,0.785,-0.11,-0.491,-0.444
36,B2_2,-0.458,-0.384,-0.386,-0.528,-0.264,0.653,0.027,-0.241,-0.103,-0.289,0.776,1.0,0.749,0.199,-0.099,0.115
36,B2_3,-0.154,-0.15,-0.221,-0.058,-0.553,0.302,-0.176,-0.476,-0.475,-0.219,0.785,0.749,1.0,0.108,0.008,-0.041
36,y1,-0.835,-0.681,-0.701,-0.524,-0.173,-0.217,-0.047,0.128,-0.194,0.433,-0.11,0.199,0.108,1.0,0.015,0.769
36,y2,-0.127,-0.111,0.394,0.258,-0.046,0.009,-0.24,-0.292,-0.32,0.676,-0.491,-0.099,0.008,0.015,1.0,0.552
36,y3,-0.804,-0.774,-0.456,-0.489,0.04,0.043,0.07,-0.173,-0.318,0.69,-0.444,0.115,-0.041,0.769,0.552,1.0
38,.,1.0,0.063,0.478,0.582,0.014,0.323,0.363,-0.132,-0.217,0.031,-0.355,-0.194,0.308,-0.908,-0.718,-0.685
38,A1_1,0.063,1.0,0.267,0.652,-0.201,0.073,-0.459,0.054,-0.178,-0.149,0.12,-0.529,-0.064,0.329,-0.205,-0.4
38,A1_2,0.478,0.267,1.0,0.816,-0.233,-0.008,-0.049,-0.064,-0.137,-0.108,-0.401,-0.629,0.117,-0.372,-0.292,0.026
38,A1_3,0.582,0.652,0.816,1.0,-0.391,-0.083,-0.239,0.04,-0.246,-0.021,-0.16,-0.598,0.153,-0.328,-0.322,-0.447
38,B1_1,0.014,-0.201,-0.233,-0.391,1.0,0.856,0.579,-0.808,-0.35,-0.592,0.02,0.191,-0.231,0.048,-0.211,0.015
38,B1_2,0.323,0.073,-0.008,-0.083,0.856,1.0,0.419,-0.605,-0.234,-0.503,-0.241,-0.103,-0.172,-0.139,-0.665,-0.183
38,B1_3,0.363,-0.459,-0.049,-0.239,0.579,0.419,1.0,-0.611,-0.282,-0.27,-0.122,0.22,0.228,-0.492,-0.155,-0.141
38,A2_1,-0.132,0.054,-0.064,0.04,-0.808,-0.605,-0.611,1.0,0.786,0.836,-0.346,-0.272,-0.142,0.04,0.019,0.174
38,A2_2,-0.217,-0.178,-0.137,-0.246,-0.35,-0.234,-0.282,0.786,1.0,0.843,-0.699,-0.438,-0.557,0.079,-0.036,0.474
38,A2_3,0.031,-0.149,-0.108,-0.021,-0.592,-0.503,-0.27,0.836,0.843,1.0,-0.526,-0.316,-0.406,-0.178,0.082,0.101
38,B2_1,-0.355,0.12,-0.401,-0.16,0.02,-0.241,-0.122,-0.346,-0.699,-0.526,1.0,0.718,0.449,0.391,0.513,-0.266
38,B2_2,-0.194,-0.529,-0.629,-0.598,0.191,-0.103,0.22,-0.272,-0.438,-0.316,0.718,1.0,0.485,-0.001,0.325,-0.141
38,B2_3,0.308,-0.064,0.117,0.153,-0.231,-0.172,0.228,-0.142,-0.557,-0.406,0.449,0.485,1.0,-0.363,-0.147,-0.367
38,y1,-0.908,0.329,-0.372,-0.328,0.048,-0.139,-0.492,0.04,0.079,-0.178,0.391,-0.001,-0.363,1.0,0.544,0.476
38,y2,-0.718,-0.205,-0.292,-0.322,-0.211,-0.665,-0.155,0.019,-0.036,0.082,0.513,0.325,-0.147,0.544,1.0,0.408
38,y3,-0.685,-0.4,0.026,-0.447,0.015,-0.183,-0.141,0.174,0.474,0.101,-0.266,-0.141,-0.367,0.476,0.408,1.0
40,.,1.0,0.206,0.375,0.34,0.556,0.339,0.147,0.108,-0.05,-0.096,-0.615,-0.255,-0.57,-0.587,-0.51,-0.345
40,A1_1,0.206,1.0,0.583,0.701,-0.399,-0.519,-0.306,0.335,-0.043,-0.638,-0.095,0.051,-0.142,0.111,0.148,-0.132
40,A1_2,0.375,0.583,1.0,0.303,-0.469,-0.22,-0.53,0.388,-0.008,-0.154,-0.35,-0.227,-0.276,0.194,-0.066,0.468
40,A1_3,0.34,0.701,0.303,1.0,-0.036,-0.272,-0.039,0.481,0.138,-0.143,-0.645,-0.149,-0.468,0.078,0.328,-0.319
40,B1_1,0.556,-0.399,-0.469,-0.036,1.0,0.522,0.493,-0.395,-0.076,0.019,-0.244,0.204,-0.132,-0.612,-0.403,-0.655
40,B1_2,0.339,-0.519,-0.22,-0.272,0.522,1.0,0.692,-0.64,-0.589,0.103,-0.269,0.064,-0.015,0.026,0.041,0.091
40,B1_3,0.147,-0.306,-0.53,-0.039,0.493,0.692,1.0,-0.499,-0.213,0.013,-0.128,-0.076,-0.249,-0.177,-0.03,-0.43
40,A2_1,0.108,0.335,0.388,0.481,-0.395,-0.64,-0.499,1.0,0.733,0.451,-0.413,-0.714,-0.607,-0.174,-0.118,0.018
40,A2_2,-0.05,-0.043,-0.008,0.138,-0.076,-0.589,-0.213,0.733,1.0,0.56,-0.168,-0.603,-0.588,-0.448,-0.45,-0.309
40,A2_3,-0.096,-0.638,-0.154,-0.143,0.019,0.103,0.013,0.451,0.56,1.0,-0.426,-0.649,-0.446,-0.064,-0.07,0.22
40,B2_1,-0.615,-0.095,-0.35,-0.645,-0.244,-0.269,-0.128,-0.413,-0.168,-0.426,1.0,0.472,0.727,0.049,-0.073,0.045
40,B2_2,-0.255,0.051,-0.227,-0.149,0.204,0.064,-0.076,-0.714,-0.603,-0.649,0.472,1.0,0.835,0.321,0.332,-0.044
40,B2_3,-0.57,-0.142,-0.276,-0.468,-0.132,-0.015,-0.249,-0.607,-0.588,-0.446,0.727,0.835,1.0,0.464,0.403,0.311
40,y1,-0.587,0.111,0.194,0.078,-0.612,0.026,-0.177,-0.174,-0.448,-0.064,0.049,0.321,0.464,1.0,0.888,0.712
40,y2,-0.51,0.148,-0.066,0.328,-0.403,0.041,-0.03,-0.118,-0.45,-0.07,-0.073,0.332,0.403,0.888,1.0,0.418
40,y3,-0.345,-0.132,0.468,-0.319,-0.655,0.091,-0.43,0.018,-0.309,0.22,0.045,-0.044,0.311,0.712,0.418,1.0
42,.,1.0,-0.059,-0.062,-0.157,-0.254,-0.274,-0.043,0.116,0.131,0.197,-0.137,-0.478,0.075,-0.562,-0.607,-0.555
42,A1_1,-0.059,1.0,0.406,0.759,-0.089,-0.014,-0.63,0.145,-0.081,-0.112,-0.049,-0.344,-0.441,-0.413,-0.328,-0.012
42,A1_2,-0.062,0.406,1.0,0.787,-0.353,-0.252,-0.11,-0.096,-0.223,-0.164,-0.108,-0.247,-0.375,-0.404,0.24,-0.246
42,A1_3,-0.157,0.759,0.787,1.0,-0.173,-0.261,-0.539,0.286,0.048,0.122,-0.155,-0.462,-0.543,-0.187,0.109,-0.047
42,B1_1,-0.254,-0.089,-0.353,-0.173,1.0,0.752,0.427,0.328,-0.079,0.106,-0.702,-0.182,-0.391,0.117,-0.12,-0.237
42,B1_2,-0.274,-0.014,-0.252,-0.261,0.752,1.0,0.56,0.092,-0.262,-0.284,-0.657,-0.105,-0.523,-0.206,0.041,-0.119
42,B1_3,-0.043,-0.63,-0.11,-0.539,0.427,0.56,1.0,-0.4,-0.095,-0.073,-0.424,0.122,-0.054,-0.139,0.179,-0.151
42,A2_1,0.116,0.145,-0.096,0.286,0.328,0.092,-0.4,1.0,0.226,0.365,-0.49,-0.634,-0.526,0.231,0.093,-0.186
42,A2_2,0.131,-0.081,-0.223,0.048,-0.079,-0.262,-0.095,0.226,1.0,0.93,-0.095,-0.45,-0.166,0.365,0.217,0.568
42,A2_3,0.197,-0.112,-0.164,0.122,0.106,-0.284,-0.073,0.365,0.93,1.0,-0.25,-0.546,-0.195,0.37,0.103,0.311
42,B2_1,-0.137,-0.049,-0.108,-0.155,-0.702,-0.657,-0.424,-0.49,-0.095,-0.25,1.0,0.732,0.823,0.308,-0.003,0.419
42,B2_2,-0.478,-0.344,-0.247,-0.462,-0.182,-0.105,0.122,-0.634,-0.45,-0.546,0.732,1.0,0.778,0.363,0.114,0.282
42,B2_3,0.075,-0.441,-0.375,-0.543,-0.391,-0.523,-0.054,-0.526,-0.166,-0.195,0.823,0.778,1.0,0.304,-0.223,0.111
42,y1,-0.562,-0.413,-0.404,-0.187,0.117,-0.206,-0.139,0.231,0.365,0.37,0.308,0.363,0.304,1.0,0.534,0.599
42,y2,-0.607,-0.328,0.24,0.109,-0.12,0.041,0.179,0.093,0.217,0.103,-0.003,0.114,-0.223,0.534,1.0,0.539
42,y3,-0.555,-0.012,-0.246,-0.047,-0.237,-0.119,-0.151,-0.186,0.568,0.311,0.419,0.282,0.111,0.599,0.539,1.0
44,.,1.0,-0.104,-0.197,0.058,0.552,0.52,-0.45,-0.108,-0.339,-0.228,0.258,-0.509,-0.489,-0.635,-0.701,-0.314
44,A1_1,-0.104,1.0,0.726,0.806,-0.324,-0.604,-0.058,-0.038,-0.136,-0.281,-0.062,-0.21,-0.098,0.105,0.003,-0.167
44,A1_2,-0.197,0.726,1.0,0.82,-0.252,-0.303,0.309,-0.444,-0.339,-0.303,-0.207,-0.114,-0.099,0.124,0.063,-0.472
44,A1_3,0.058,0.806,0.82,1.0,-0.225,-0.246,-0.157,0.004,-0.209,-0.069,-0.38,-0.423,-0.467,-0.062,-0.286,-0.455
44,B1_1,0.552,-0.324,-0.252,-0.225,1.0,0.785,0.163,-0.222,-0.307,0.007,-0.252,-0.273,-0.356,-0.424,-0.447,-0.419
44,B1_2,0.52,-0.604,-0.303,-0.246,0.785,1.0,0.201,-0.251,-0.335,0.04,-0.309,-0.227,-0.465,-0.349,-0.488,-0.345
44,B1_3,-0.45,-0.058,0.309,-0.157,0.163,0.201,1.0,-0.739,-0.358,-0.387,-0.129,0.418,0.326,0.368,0.409,-0.087
44,A2_1,-0.108,-0.038,-0.444,0.004,-0.222,-0.251,-0.739,1.0,0.636,0.737,-0.297,-0.205,-0.223,-0.023,-0.122,0.297
44,A2_2,-0.339,-0.136,-0.339,-0.209,-0.307,-0.335,-0.358,0.636,1.0,0.808,0.069,-0.36,-0.187,0.642,0.587,0.749
44,A2_3,-0.228,-0.281,-0.303,-0.069,0.007,0.04,-0.387,0.737,0.808,1.0,-0.438,-0.419,-0.432,0.303,0.182,0.291
44,B2_1,0.258,-0.062,-0.207,-0.38,-0.252,-0.309,-0.129,-0.297,0.069,-0.438,1.0,0.086,0.386,0.106,0.322,0.468
44,B2_2,-0.509,-0.21,-0.114,-0.423,-0.273,-0.227,0.418,-0.205,-0.36,-0.419,0.086,1.0,0.914,-0.129,0.154,-0.064
44,B2_3,-0.489,-0.098,-0.099,-0.467,-0.356,-0.465,0.326,-0.223,-0.187,-0.432,0.386,0.914,1.0,-0.003,0.365,0.114
44,y1,-0.635,0.105,0.124,-0.062,-0.424,-0.349,0.368,-0.023,0.642,0.303,0.106,-0.129,-0.003,1.0,0.897,0.73
44,y2,-0.701,0.003,0.063,-0.286,-0.447,-0.488,0.409,-0.122,0.587,0.182,0.322,0.154,0.365,0.897,1.0,0.696
44,y3,-0.314,-0.167,-0.472,-0.455,-0.419,-0.345,-0.087,0.297,0.749,0.291,0.468,-0.064,0.114,0.73,0.696,1.0
46,.,1.0,-0.005,-0.075,-0.335,0.096,-0.221,-0.083,-0.485,0.146,-0.006,0.345,0.484,0.042,-0.768,-0.24,-0.698
46,A1_1,-0.005,1.0,0.514,0.894,-0.156,-0.751,-0.213,0.184,-0.367,-0.306,-0.081,-0.373,-0.3,0.075,-0.082,-0.47
46,A1_2,-0.075,0.514,1.0,0.569,-0.218,-0.4,-0.305,0.185,-0.215,-0.406,-0.179,-0.231,-0.245,0.106,-0.025,-0.559
46,A1_3,-0.335,0.894,0.569,1.0,-0.284,-0.619,-0.402,0.198,-0.432,-0.378,-0.182,-0.399,-0.118,0.285,-0.055,-0.282
46,B1_1,0.096,-0.156,-0.218,-0.284,1.0,0.67,0.757,-0.254,-0.302,-0.105,-0.201,-0.346,-0.453,-0.276,-0.167,0.067
46,B1_2,-0.221,-0.751,-0.4,-0.619,0.67,1.0,0.487,-0.242,-0.03,0.076,-0.163,-0.031,-0.02,-0.062,-0.036,0.47
46,B1_3,-0.083,-0.213,-0.305,-0.402,0.757,0.487,1.0,0.158,-0.1,0.097,-0.111,-0.431,-0.492,0.134,0.186,0.426
46,A2_1,-0.485,0.184,0.185,0.198,-0.254,-0.242,0.158,1.0,0.566,0.635,-0.662,-0.689,-0.626,0.274,-0.229,0.249
46,A2_2,0.146,-0.367,-0.215,-0.432,-0.302,-0.03,-0.1,0.566,1.0,0.931,-0.456,-0.061,-0.315,-0.39,-0.529,-0.004
46,A2_3,-0.006,-0.306,-0.406,-0.378,-0.105,0.076,0.097,0.635,0.931,1.0,-0.564,-0.261,-0.446,-0.332,-0.564,0.181
46,B2_1,0.345,-0.081,-0.179,-0.182,-0.201,-0.163,-0.111,-0.662,-0.456,-0.564,1.0,0.818,0.748,0.212,0.759,0.008
46,B2_2,0.484,-0.373,-0.231,-0.399,-0.346,-0.031,-0.431,-0.689,-0.061,-0.261,0.818,1.0,0.811,-0.15,0.385,-0.147
46,B2_3,0.042,-0.3,-0.245,-0.118,-0.453,-0.02,-0.492,-0.626,-0.315,-0.446,0.748,0.811,1.0,0.276,0.548,0.19
46,y1,-0.768,0.075,0.106,0.285,-0.276,-0.062,0.134,0.274,-0.39,-0.332,0.212,-0.15,0.276,1.0,0.759,0.678
46,y2,-0.24,-0.082,-0.025,-0.055,-0.167,-0.036,0.186,-0.229,-0.529,-0.564,0.759,0.385,0.548,0.759,1.0,0.452
46,y3,-0.698,-0.47,-0.559,-0.282,0.067,0.47,0.426,0.249,-0.004,0.181,0.008,-0.147,0.19,0.678,0.452,1.0
