,,.,A1_1,A1_2,A1_3,B1_1,B1_2,B1_3,A2_1,A2_2,A2_3,B2_1,B2_2,B2_3,y1,y2,y3
0,.,1.0,0.345,0.363,0.429,0.643,0.646,0.747,0.528,0.629,0.551,0.712,0.535,0.536,0.374,0.553,0.579
0,A1_1,0.345,1.0,0.797,0.769,0.124,-0.055,0.127,0.731,0.595,0.768,0.122,0.005,0.239,0.721,0.587,0.565
0,A1_2,0.363,0.797,1.0,0.775,0.362,0.066,0.107,0.595,0.479,0.787,0.23,0.332,0.428,0.711,0.752,0.719
0,A1_3,0.429,0.769,0.775,1.0,0.117,0.012,0.245,0.875,0.46,0.833,0.353,0.029,0.171,0.432,0.494,0.406
0,B1_1,0.643,0.124,0.362,0.117,1.0,0.69,0.534,0.132,0.38,0.433,0.515,0.88,0.822,0.474,0.729,0.678
0,B1_2,0.646,-0.055,0.066,0.012,0.69,1.0,0.643,0.132,0.157,0.275,0.668,0.767,0.582,0.173,0.382,0.386
0,B1_3,0.747,0.127,0.107,0.245,0.534,0.643,1.0,0.439,0.554,0.43,0.767,0.587,0.42,-0.013,0.312,0.225
0,A2_1,0.528,0.731,0.595,0.875,0.132,0.132,0.439,1.0,0.616,0.85,0.54,0.067,0.296,0.423,0.471,0.398
0,A2_2,0.629,0.595,0.479,0.46,0.38,0.157,0.554,0.616,1.0,0.54,0.442,0.266,0.59,0.379,0.466,0.396
0,A2_3,0.551,0.768,0.787,0.833,0.433,0.275,0.43,0.85,0.54,1.0,0.565,0.331,0.455,0.613,0.686,0.595
0,B2_1,0.712,0.122,0.23,0.353,0.515,0.668,0.767,0.54,0.442,0.565,1.0,0.616,0.486,0.169,0.428,0.314
0,B2_2,0.535,0.005,0.332,0.029,0.88,0.767,0.587,0.067,0.266,0.331,0.616,1.0,0.764,0.372,0.692,0.624
0,B2_3,0.536,0.239,0.428,0.171,0.822,0.582,0.42,0.296,0.59,0.455,0.486,0.764,1.0,0.526,0.686,0.625
0,y1,0.374,0.721,0.711,0.432,0.474,0.173,-0.013,0.423,0.379,0.613,0.169,0.372,0.526,1.0,0.873,0.866
0,y2,0.553,0.587,0.752,0.494,0.729,0.382,0.312,0.471,0.466,0.686,0.428,0.692,0.686,0.873,1.0,0.928
0,y3,0.579,0.565,0.719,0.406,0.678,0.386,0.225,0.398,0.396,0.595,0.314,0.624,0.625,0.866,0.928,1.0
1,.,1.0,0.33,0.353,0.41,0.648,0.662,0.751,0.511,0.591,0.587,0.716,0.562,0.539,0.37,0.557,0.564
1,A1_1,0.33,1.0,0.777,0.765,0.112,-0.044,0.157,0.741,0.63,0.737,0.148,0.006,0.203,0.734,0.579,0.603
1,A1_2,0.353,0.777,1.0,0.756,0.383,0.106,0.135,0.59,0.478,0.751,0.287,0.355,0.414,0.726,0.762,0.755
1,A1_3,0.41,0.765,0.756,1.0,0.111,0.018,0.271,0.874,0.49,0.821,0.345,0.043,0.157,0.443,0.488,0.435
1,B1_1,0.648,0.112,0.383,0.111,1.0,0.709,0.548,0.137,0.337,0.446,0.57,0.881,0.815,0.475,0.743,0.662
1,B1_2,0.662,-0.044,0.106,0.018,0.709,1.0,0.628,0.134,0.132,0.325,0.685,0.788,0.613,0.197,0.416,0.372
1,B1_3,0.751,0.157,0.135,0.271,0.548,0.628,1.0,0.437,0.537,0.518,0.729,0.611,0.476,0.009,0.339,0.222
1,A2_1,0.511,0.741,0.59,0.874,0.137,0.134,0.437,1.0,0.636,0.866,0.519,0.089,0.302,0.455,0.483,0.442
1,A2_2,0.591,0.63,0.478,0.49,0.337,0.132,0.537,0.636,1.0,0.571,0.414,0.24,0.561,0.409,0.47,0.415
1,A2_3,0.587,0.737,0.751,0.821,0.446,0.325,0.518,0.866,0.571,1.0,0.624,0.36,0.455,0.59,0.675,0.596
1,B2_1,0.716,0.148,0.287,0.345,0.57,0.685,0.729,0.519,0.414,0.624,1.0,0.68,0.577,0.248,0.507,0.376
1,B2_2,0.562,0.006,0.355,0.043,0.881,0.788,0.611,0.089,0.24,0.36,0.68,1.0,0.791,0.356,0.698,0.596
1,B2_3,0.539,0.203,0.414,0.157,0.815,0.613,0.476,0.302,0.561,0.455,0.577,0.791,1.0,0.499,0.688,0.595
1,y1,0.37,0.734,0.726,0.443,0.475,0.197,0.009,0.455,0.409,0.59,0.248,0.356,0.499,1.0,0.869,0.882
1,y2,0.557,0.579,0.762,0.488,0.743,0.416,0.339,0.483,0.47,0.675,0.507,0.698,0.688,0.869,1.0,0.934
1,y3,0.564,0.603,0.755,0.435,0.662,0.372,0.222,0.442,0.415,0.596,0.376,0.596,0.595,0.882,0.934,1.0
2,.,1.0,0.312,0.357,0.393,0.653,0.675,0.743,0.478,0.583,0.594,0.713,0.584,0.508,0.38,0.561,0.554
2,A1_1,0.312,1.0,0.753,0.762,0.124,-0.032,0.171,0.759,0.619,0.735,0.143,0.008,0.24,0.734,0.581,0.64
2,A1_2,0.357,0.753,1.0,0.739,0.423,0.163,0.153,0.593,0.442,0.72,0.325,0.384,0.474,0.734,0.778,0.777
2,A1_3,0.393,0.762,0.739,1.0,0.115,0.016,0.273,0.874,0.475,0.811,0.324,0.045,0.192,0.44,0.49,0.458
2,B1_1,0.653,0.124,0.423,0.115,1.0,0.728,0.548,0.153,0.36,0.435,0.594,0.877,0.808,0.526,0.765,0.673
2,B1_2,0.675,-0.032,0.163,0.016,0.728,1.0,0.604,0.119,0.169,0.347,0.694,0.809,0.598,0.242,0.44,0.375
2,B1_3,0.743,0.171,0.153,0.273,0.548,0.604,1.0,0.402,0.581,0.543,0.71,0.625,0.451,0.037,0.348,0.215
2,A2_1,0.478,0.759,0.593,0.874,0.153,0.119,0.402,1.0,0.633,0.89,0.488,0.091,0.323,0.486,0.5,0.482
2,A2_2,0.583,0.619,0.442,0.475,0.36,0.169,0.581,0.633,1.0,0.589,0.432,0.272,0.566,0.421,0.483,0.437
2,A2_3,0.594,0.735,0.72,0.811,0.435,0.347,0.543,0.89,0.589,1.0,0.653,0.36,0.458,0.597,0.672,0.604
2,B2_1,0.713,0.143,0.325,0.324,0.594,0.694,0.71,0.488,0.432,0.653,1.0,0.709,0.588,0.268,0.528,0.373
2,B2_2,0.584,0.008,0.384,0.045,0.877,0.809,0.625,0.091,0.272,0.36,0.709,1.0,0.78,0.363,0.693,0.566
2,B2_3,0.508,0.24,0.474,0.192,0.808,0.598,0.451,0.323,0.566,0.458,0.588,0.78,1.0,0.561,0.727,0.621
2,y1,0.38,0.734,0.734,0.44,0.526,0.242,0.037,0.486,0.421,0.597,0.268,0.363,0.561,1.0,0.875,0.905
2,y2,0.561,0.581,0.778,0.49,0.765,0.44,0.348,0.5,0.483,0.672,0.528,0.693,0.727,0.875,1.0,0.939
2,y3,0.554,0.64,0.777,0.458,0.673,0.375,0.215,0.482,0.437,0.604,0.373,0.566,0.621,0.905,0.939,1.0
3,.,1.0,0.301,0.38,0.388,0.662,0.692,0.737,0.449,0.599,0.588,0.726,0.608,0.455,0.398,0.569,0.556
3,A1_1,0.301,1.0,0.731,0.756,0.128,-0.015,0.193,0.772,0.585,0.733,0.144,0.015,0.286,0.727,0.582,0.661
3,A1_2,0.38,0.731,1.0,0.722,0.469,0.222,0.188,0.598,0.4,0.718,0.367,0.418,0.548,0.743,0.797,0.792
3,A1_3,0.388,0.756,0.722,1.0,0.13,0.033,0.283,0.874,0.437,0.797,0.331,0.055,0.252,0.436,0.495,0.475
3,B1_1,0.662,0.128,0.469,0.13,1.0,0.75,0.572,0.17,0.411,0.431,0.62,0.882,0.786,0.563,0.78,0.691
3,B1_2,0.692,-0.015,0.222,0.033,0.75,1.0,0.604,0.115,0.243,0.371,0.699,0.826,0.566,0.288,0.462,0.397
3,B1_3,0.737,0.193,0.188,0.283,0.572,0.604,1.0,0.373,0.657,0.53,0.721,0.645,0.405,0.086,0.376,0.241
3,A2_1,0.449,0.772,0.598,0.874,0.17,0.115,0.373,1.0,0.614,0.894,0.475,0.092,0.354,0.511,0.515,0.516
3,A2_2,0.599,0.585,0.4,0.437,0.411,0.243,0.657,0.614,1.0,0.578,0.502,0.34,0.557,0.426,0.507,0.464
3,A2_3,0.588,0.733,0.718,0.797,0.431,0.371,0.53,0.894,0.578,1.0,0.682,0.371,0.463,0.621,0.682,0.633
3,B2_1,0.726,0.144,0.367,0.331,0.62,0.699,0.721,0.475,0.502,0.682,1.0,0.724,0.569,0.28,0.538,0.376
3,B2_2,0.608,0.015,0.418,0.055,0.882,0.826,0.645,0.092,0.34,0.371,0.724,1.0,0.747,0.38,0.692,0.56
3,B2_3,0.455,0.286,0.548,0.252,0.786,0.566,0.405,0.354,0.557,0.463,0.569,0.747,1.0,0.62,0.76,0.66
3,y1,0.398,0.727,0.743,0.436,0.563,0.288,0.086,0.511,0.426,0.621,0.28,0.38,0.62,1.0,0.881,0.92
3,y2,0.569,0.582,0.797,0.495,0.78,0.462,0.376,0.515,0.507,0.682,0.538,0.692,0.76,0.881,1.0,0.943
3,y3,0.556,0.661,0.792,0.475,0.691,0.397,0.241,0.516,0.464,0.633,0.376,0.56,0.66,0.92,0.943,1.0
4,.,1.0,0.333,0.387,0.405,0.678,0.697,0.713,0.468,0.653,0.495,0.732,0.649,0.455,0.515,0.565,0.564
4,A1_1,0.333,1.0,0.813,0.746,0.079,-0.008,0.195,0.78,0.504,0.689,0.014,0.111,0.4,0.626,0.576,0.656
4,A1_2,0.387,0.813,1.0,0.745,0.44,0.203,0.202,0.673,0.417,0.858,0.176,0.454,0.655,0.78,0.845,0.837
4,A1_3,0.405,0.746,0.745,1.0,0.172,0.058,0.246,0.869,0.335,0.805,0.271,0.107,0.362,0.374,0.507,0.487
4,B1_1,0.678,0.079,0.44,0.172,1.0,0.804,0.663,0.171,0.462,0.467,0.6,0.938,0.721,0.599,0.732,0.661
4,B1_2,0.697,-0.008,0.203,0.058,0.804,1.0,0.648,0.13,0.341,0.342,0.693,0.798,0.539,0.412,0.441,0.399
4,B1_3,0.713,0.195,0.202,0.246,0.663,0.648,1.0,0.329,0.74,0.311,0.822,0.679,0.416,0.214,0.386,0.274
4,A2_1,0.468,0.78,0.673,0.869,0.171,0.13,0.329,1.0,0.521,0.784,0.344,0.165,0.438,0.471,0.533,0.537
4,A2_2,0.653,0.504,0.417,0.335,0.462,0.341,0.74,0.521,1.0,0.34,0.554,0.482,0.547,0.412,0.514,0.468
4,A2_3,0.495,0.689,0.858,0.805,0.467,0.342,0.311,0.784,0.34,1.0,0.398,0.41,0.545,0.69,0.721,0.682
4,B2_1,0.732,0.014,0.176,0.271,0.6,0.693,0.822,0.344,0.554,0.398,1.0,0.641,0.406,0.114,0.325,0.16
4,B2_2,0.649,0.111,0.454,0.107,0.938,0.798,0.679,0.165,0.482,0.41,0.641,1.0,0.718,0.599,0.761,0.664
4,B2_3,0.455,0.4,0.655,0.362,0.721,0.539,0.416,0.438,0.547,0.545,0.406,0.718,1.0,0.692,0.809,0.727
4,y1,0.515,0.626,0.78,0.374,0.599,0.412,0.214,0.471,0.412,0.69,0.114,0.599,0.692,1.0,0.898,0.921
4,y2,0.565,0.576,0.845,0.507,0.732,0.441,0.386,0.533,0.514,0.721,0.325,0.761,0.809,0.898,1.0,0.938
4,y3,0.564,0.656,0.837,0.487,0.661,0.399,0.274,0.537,0.468,0.682,0.16,0.664,0.727,0.921,0.938,1.0
5,.,1.0,0.357,0.423,0.422,0.705,0.718,0.753,0.473,0.611,0.612,0.725,0.677,0.624,0.543,0.608,0.548
5,A1_1,0.357,1.0,0.702,0.808,0.025,0.014,0.228,0.78,0.477,0.644,-0.069,0.162,0.544,0.598,0.506,0.674
5,A1_2,0.423,0.702,1.0,0.685,0.485,0.255,0.345,0.598,0.504,0.815,0.277,0.524,0.662,0.758,0.831,0.824
5,A1_3,0.422,0.808,0.685,1.0,0.18,0.065,0.232,0.921,0.331,0.789,0.176,0.135,0.509,0.446,0.501,0.583
5,B1_1,0.705,0.025,0.485,0.18,1.0,0.812,0.849,0.193,0.572,0.55,0.786,0.888,0.651,0.52,0.702,0.521
5,B1_2,0.718,0.014,0.255,0.065,0.812,1.0,0.748,0.161,0.421,0.387,0.709,0.788,0.546,0.467,0.51,0.37
5,B1_3,0.753,0.228,0.345,0.232,0.849,0.748,1.0,0.333,0.726,0.497,0.698,0.833,0.678,0.509,0.622,0.481
5,A2_1,0.473,0.78,0.598,0.921,0.193,0.161,0.333,1.0,0.405,0.802,0.252,0.214,0.587,0.485,0.529,0.581
5,A2_2,0.611,0.477,0.504,0.331,0.572,0.421,0.726,0.405,1.0,0.456,0.466,0.622,0.769,0.566,0.627,0.614
5,A2_3,0.612,0.644,0.815,0.789,0.55,0.387,0.497,0.802,0.456,1.0,0.493,0.51,0.627,0.685,0.744,0.721
5,B2_1,0.725,-0.069,0.277,0.176,0.786,0.709,0.698,0.252,0.466,0.493,1.0,0.649,0.481,0.171,0.412,0.164
5,B2_2,0.677,0.162,0.524,0.135,0.888,0.788,0.833,0.214,0.622,0.51,0.649,1.0,0.768,0.661,0.812,0.666
5,B2_3,0.624,0.544,0.662,0.509,0.651,0.546,0.678,0.587,0.769,0.627,0.481,0.768,1.0,0.728,0.824,0.794
5,y1,0.543,0.598,0.758,0.446,0.52,0.467,0.509,0.485,0.566,0.685,0.171,0.661,0.728,1.0,0.899,0.919
5,y2,0.608,0.506,0.831,0.501,0.702,0.51,0.622,0.529,0.627,0.744,0.412,0.812,0.824,0.899,1.0,0.929
5,y3,0.548,0.674,0.824,0.583,0.521,0.37,0.481,0.581,0.614,0.721,0.164,0.666,0.794,0.919,0.929,1.0
6,.,1.0,0.354,0.448,0.403,0.735,0.746,0.745,0.453,0.577,0.772,0.702,0.728,0.662,0.529,0.675,0.587
6,A1_1,0.354,1.0,0.675,0.804,0.04,0.036,0.246,0.779,0.473,0.615,-0.056,0.286,0.599,0.627,0.493,0.686
6,A1_2,0.448,0.675,1.0,0.674,0.477,0.291,0.376,0.592,0.524,0.653,0.458,0.629,0.662,0.768,0.813,0.816
6,A1_3,0.403,0.804,0.674,1.0,0.194,0.081,0.238,0.925,0.318,0.721,0.175,0.29,0.563,0.499,0.502,0.616
6,B1_1,0.735,0.04,0.477,0.194,1.0,0.826,0.88,0.214,0.587,0.632,0.871,0.882,0.644,0.459,0.737,0.501
6,B1_2,0.746,0.036,0.291,0.081,0.826,1.0,0.753,0.167,0.438,0.543,0.714,0.787,0.541,0.432,0.573,0.392
6,B1_3,0.745,0.246,0.376,0.238,0.88,0.753,1.0,0.335,0.725,0.696,0.686,0.838,0.699,0.513,0.717,0.519
6,A2_1,0.453,0.779,0.592,0.925,0.214,0.167,0.335,1.0,0.381,0.79,0.238,0.334,0.614,0.515,0.524,0.611
6,A2_2,0.577,0.473,0.524,0.318,0.587,0.438,0.725,0.381,1.0,0.537,0.494,0.63,0.759,0.639,0.696,0.652
6,A2_3,0.772,0.615,0.653,0.721,0.632,0.543,0.696,0.79,0.537,1.0,0.588,0.67,0.705,0.652,0.746,0.719
6,B2_1,0.702,-0.056,0.458,0.175,0.871,0.714,0.686,0.238,0.494,0.588,1.0,0.75,0.548,0.314,0.618,0.34
6,B2_2,0.728,0.286,0.629,0.29,0.882,0.787,0.838,0.334,0.63,0.67,0.75,1.0,0.808,0.611,0.868,0.695
6,B2_3,0.662,0.599,0.662,0.563,0.644,0.541,0.699,0.614,0.759,0.705,0.548,0.808,1.0,0.705,0.816,0.793
6,y1,0.529,0.627,0.768,0.499,0.459,0.432,0.513,0.515,0.639,0.652,0.314,0.611,0.705,1.0,0.873,0.916
6,y2,0.675,0.493,0.813,0.502,0.737,0.573,0.717,0.524,0.696,0.746,0.618,0.868,0.816,0.873,1.0,0.92
6,y3,0.587,0.686,0.816,0.616,0.501,0.392,0.519,0.611,0.652,0.719,0.34,0.695,0.793,0.916,0.92,1.0
7,.,1.0,0.369,0.467,0.415,0.74,0.747,0.732,0.46,0.568,0.74,0.683,0.744,0.676,0.533,0.69,0.597
7,A1_1,0.369,1.0,0.65,0.799,0.062,0.055,0.26,0.776,0.478,0.636,-0.039,0.267,0.625,0.604,0.496,0.675
7,A1_2,0.467,0.65,1.0,0.664,0.471,0.328,0.408,0.592,0.545,0.653,0.532,0.614,0.647,0.763,0.814,0.811
7,A1_3,0.415,0.799,0.664,1.0,0.215,0.104,0.251,0.926,0.32,0.735,0.188,0.284,0.59,0.492,0.516,0.62
7,B1_1,0.74,0.062,0.471,0.215,1.0,0.833,0.901,0.242,0.596,0.634,0.872,0.89,0.65,0.447,0.736,0.497
7,B1_2,0.747,0.055,0.328,0.104,0.833,1.0,0.76,0.18,0.46,0.516,0.712,0.814,0.542,0.455,0.596,0.421
7,B1_3,0.732,0.26,0.408,0.251,0.901,0.76,1.0,0.344,0.736,0.698,0.702,0.842,0.707,0.547,0.752,0.552
7,A2_1,0.46,0.776,0.592,0.926,0.242,0.18,0.344,1.0,0.376,0.804,0.243,0.317,0.626,0.512,0.529,0.611
7,A2_2,0.568,0.478,0.545,0.32,0.596,0.46,0.736,0.376,1.0,0.557,0.522,0.603,0.731,0.695,0.732,0.688
7,A2_3,0.74,0.636,0.653,0.735,0.634,0.516,0.698,0.804,0.557,1.0,0.579,0.631,0.712,0.633,0.73,0.704
7,B2_1,0.683,-0.039,0.532,0.188,0.872,0.712,0.702,0.243,0.522,0.579,1.0,0.775,0.542,0.405,0.677,0.408
7,B2_2,0.744,0.267,0.614,0.284,0.89,0.814,0.842,0.317,0.603,0.631,0.775,1.0,0.781,0.557,0.836,0.646
7,B2_3,0.676,0.625,0.647,0.59,0.65,0.542,0.707,0.626,0.731,0.712,0.542,0.781,1.0,0.663,0.798,0.759
7,y1,0.533,0.604,0.763,0.492,0.447,0.455,0.547,0.512,0.695,0.633,0.405,0.557,0.663,1.0,0.873,0.922
7,y2,0.69,0.496,0.814,0.516,0.736,0.596,0.752,0.529,0.732,0.73,0.677,0.836,0.798,0.873,1.0,0.922
7,y3,0.597,0.675,0.811,0.62,0.497,0.421,0.552,0.611,0.688,0.704,0.408,0.646,0.759,0.922,0.922,1.0
8,.,1.0,0.376,0.485,0.424,0.746,0.75,0.727,0.461,0.571,0.737,0.679,0.756,0.676,0.546,0.704,0.591
8,A1_1,0.376,1.0,0.629,0.792,0.084,0.072,0.275,0.773,0.494,0.623,-0.035,0.272,0.637,0.585,0.502,0.667
8,A1_2,0.485,0.629,1.0,0.655,0.475,0.37,0.441,0.595,0.562,0.663,0.567,0.621,0.64,0.759,0.82,0.807
8,A1_3,0.424,0.792,0.655,1.0,0.235,0.125,0.268,0.928,0.328,0.727,0.194,0.29,0.607,0.48,0.526,0.621
8,B1_1,0.746,0.084,0.475,0.235,1.0,0.838,0.914,0.266,0.598,0.663,0.866,0.896,0.657,0.462,0.741,0.494
8,B1_2,0.75,0.072,0.37,0.125,0.838,1.0,0.77,0.193,0.48,0.534,0.719,0.827,0.533,0.493,0.617,0.44
8,B1_3,0.727,0.275,0.441,0.268,0.914,0.77,1.0,0.357,0.746,0.712,0.718,0.856,0.704,0.589,0.779,0.571
8,A2_1,0.461,0.773,0.595,0.928,0.266,0.193,0.357,1.0,0.385,0.799,0.246,0.322,0.627,0.514,0.537,0.619
8,A2_2,0.571,0.494,0.562,0.328,0.598,0.48,0.746,0.385,1.0,0.557,0.527,0.614,0.698,0.743,0.762,0.724
8,A2_3,0.737,0.623,0.663,0.727,0.663,0.534,0.712,0.799,0.557,1.0,0.601,0.645,0.703,0.629,0.736,0.689
8,B2_1,0.679,-0.035,0.567,0.194,0.866,0.719,0.718,0.246,0.527,0.601,1.0,0.78,0.52,0.445,0.696,0.427
8,B2_2,0.756,0.272,0.621,0.29,0.896,0.827,0.856,0.322,0.614,0.645,0.78,1.0,0.772,0.566,0.837,0.633
8,B2_3,0.676,0.637,0.64,0.607,0.657,0.533,0.704,0.627,0.698,0.703,0.52,0.772,1.0,0.628,0.785,0.725
8,y1,0.546,0.585,0.759,0.48,0.462,0.493,0.589,0.514,0.743,0.629,0.445,0.566,0.628,1.0,0.875,0.924
8,y2,0.704,0.502,0.82,0.526,0.741,0.617,0.779,0.537,0.762,0.736,0.696,0.837,0.785,0.875,1.0,0.918
8,y3,0.591,0.667,0.807,0.621,0.494,0.44,0.571,0.619,0.724,0.689,0.427,0.633,0.725,0.924,0.918,1.0
9,.,1.0,0.379,0.502,0.43,0.755,0.759,0.731,0.464,0.583,0.736,0.682,0.764,0.665,0.554,0.713,0.584
9,A1_1,0.379,1.0,0.622,0.787,0.107,0.09,0.288,0.771,0.51,0.622,-0.031,0.276,0.652,0.578,0.509,0.667
9,A1_2,0.502,0.622,1.0,0.654,0.488,0.406,0.471,0.605,0.572,0.676,0.585,0.634,0.658,0.765,0.827,0.81
9,A1_3,0.43,0.787,0.654,1.0,0.257,0.145,0.285,0.928,0.339,0.731,0.199,0.298,0.624,0.477,0.534,0.625
9,B1_1,0.755,0.107,0.488,0.257,1.0,0.843,0.923,0.291,0.612,0.678,0.862,0.902,0.659,0.483,0.75,0.501
9,B1_2,0.759,0.09,0.406,0.145,0.843,1.0,0.782,0.21,0.497,0.548,0.725,0.837,0.521,0.524,0.636,0.461
9,B1_3,0.731,0.288,0.471,0.285,0.923,0.782,1.0,0.372,0.759,0.716,0.732,0.869,0.701,0.614,0.796,0.584
9,A2_1,0.464,0.771,0.605,0.928,0.291,0.21,0.372,1.0,0.394,0.805,0.252,0.331,0.631,0.519,0.543,0.627
9,A2_2,0.583,0.51,0.572,0.339,0.612,0.497,0.759,0.394,1.0,0.564,0.535,0.633,0.697,0.758,0.779,0.737
9,A2_3,0.736,0.622,0.676,0.731,0.678,0.548,0.716,0.805,0.564,1.0,0.611,0.652,0.698,0.634,0.739,0.687
9,B2_1,0.682,-0.031,0.585,0.199,0.862,0.725,0.732,0.252,0.535,0.611,1.0,0.785,0.499,0.471,0.705,0.438
9,B2_2,0.764,0.276,0.634,0.298,0.902,0.837,0.869,0.331,0.633,0.652,0.785,1.0,0.759,0.579,0.84,0.629
9,B2_3,0.665,0.652,0.658,0.624,0.659,0.521,0.701,0.631,0.697,0.698,0.499,0.759,1.0,0.627,0.788,0.72
9,y1,0.554,0.578,0.765,0.477,0.483,0.524,0.614,0.519,0.758,0.634,0.471,0.579,0.627,1.0,0.879,0.926
9,y2,0.713,0.509,0.827,0.534,0.75,0.636,0.796,0.543,0.779,0.739,0.705,0.84,0.788,0.879,1.0,0.915
9,y3,0.584,0.667,0.81,0.625,0.501,0.461,0.584,0.627,0.737,0.687,0.438,0.629,0.72,0.926,0.915,1.0
10,.,1.0,0.382,0.523,0.432,0.759,0.766,0.732,0.461,0.592,0.731,0.685,0.774,0.651,0.562,0.72,0.579
10,A1_1,0.382,1.0,0.607,0.782,0.13,0.108,0.305,0.769,0.519,0.625,-0.026,0.284,0.66,0.572,0.517,0.665
10,A1_2,0.523,0.607,1.0,0.644,0.504,0.444,0.495,0.605,0.565,0.689,0.608,0.652,0.67,0.763,0.83,0.801
10,A1_3,0.432,0.782,0.644,1.0,0.278,0.162,0.301,0.927,0.339,0.737,0.2,0.305,0.63,0.47,0.539,0.624
10,B1_1,0.759,0.13,0.504,0.278,1.0,0.844,0.929,0.313,0.628,0.688,0.857,0.904,0.665,0.499,0.754,0.507
10,B1_2,0.766,0.108,0.444,0.162,0.844,1.0,0.79,0.221,0.513,0.555,0.729,0.846,0.515,0.549,0.65,0.479
10,B1_3,0.732,0.305,0.495,0.301,0.929,0.79,1.0,0.386,0.773,0.718,0.741,0.876,0.701,0.634,0.807,0.595
10,A2_1,0.461,0.769,0.605,0.927,0.313,0.221,0.386,1.0,0.394,0.81,0.256,0.338,0.627,0.518,0.548,0.631
10,A2_2,0.592,0.519,0.565,0.339,0.628,0.513,0.773,0.394,1.0,0.564,0.539,0.646,0.697,0.76,0.788,0.737
10,A2_3,0.731,0.625,0.689,0.737,0.688,0.555,0.718,0.81,0.564,1.0,0.617,0.656,0.692,0.637,0.742,0.685
10,B2_1,0.685,-0.026,0.608,0.2,0.857,0.729,0.741,0.256,0.539,0.617,1.0,0.79,0.486,0.489,0.708,0.444
10,B2_2,0.774,0.284,0.652,0.305,0.904,0.846,0.876,0.338,0.646,0.656,0.79,1.0,0.748,0.589,0.84,0.625
10,B2_3,0.651,0.66,0.67,0.63,0.665,0.515,0.701,0.627,0.697,0.692,0.486,0.748,1.0,0.63,0.793,0.718
10,y1,0.562,0.572,0.763,0.47,0.499,0.549,0.634,0.518,0.76,0.637,0.489,0.589,0.63,1.0,0.883,0.926
10,y2,0.72,0.517,0.83,0.539,0.754,0.65,0.807,0.548,0.788,0.742,0.708,0.84,0.793,0.883,1.0,0.914
10,y3,0.579,0.665,0.801,0.624,0.507,0.479,0.595,0.631,0.737,0.685,0.444,0.625,0.718,0.926,0.914,1.0
11,.,1.0,0.39,0.551,0.443,0.762,0.775,0.738,0.47,0.613,0.731,0.694,0.782,0.627,0.575,0.73,0.577
11,A1_1,0.39,1.0,0.594,0.778,0.159,0.13,0.326,0.768,0.532,0.631,-0.013,0.296,0.667,0.568,0.526,0.667
11,A1_2,0.551,0.594,1.0,0.635,0.529,0.485,0.526,0.606,0.559,0.71,0.63,0.676,0.684,0.76,0.833,0.793
11,A1_3,0.443,0.778,0.635,1.0,0.308,0.186,0.326,0.926,0.343,0.749,0.211,0.319,0.639,0.467,0.548,0.627
11,B1_1,0.762,0.159,0.529,0.308,1.0,0.844,0.934,0.347,0.651,0.699,0.856,0.903,0.665,0.523,0.763,0.52
11,B1_2,0.775,0.13,0.485,0.186,0.844,1.0,0.798,0.242,0.534,0.566,0.734,0.851,0.5,0.575,0.663,0.497
11,B1_3,0.738,0.326,0.526,0.326,0.934,0.798,1.0,0.409,0.792,0.719,0.756,0.885,0.698,0.656,0.819,0.608
11,A2_1,0.47,0.768,0.606,0.926,0.347,0.242,0.409,1.0,0.399,0.821,0.271,0.355,0.625,0.519,0.556,0.636
11,A2_2,0.613,0.532,0.559,0.343,0.651,0.534,0.792,0.399,1.0,0.568,0.552,0.67,0.698,0.76,0.797,0.733
11,A2_3,0.731,0.631,0.71,0.749,0.699,0.566,0.719,0.821,0.568,1.0,0.629,0.662,0.68,0.646,0.748,0.689
11,B2_1,0.694,-0.013,0.63,0.211,0.856,0.734,0.756,0.271,0.552,0.629,1.0,0.797,0.474,0.511,0.716,0.453
11,B2_2,0.782,0.296,0.676,0.319,0.903,0.851,0.885,0.355,0.67,0.662,0.797,1.0,0.728,0.605,0.845,0.629
11,B2_3,0.627,0.667,0.684,0.639,0.665,0.5,0.698,0.625,0.698,0.68,0.474,0.728,1.0,0.634,0.797,0.719
11,y1,0.575,0.568,0.76,0.467,0.523,0.575,0.656,0.519,0.76,0.646,0.511,0.605,0.634,1.0,0.884,0.924
11,y2,0.73,0.526,0.833,0.548,0.763,0.663,0.819,0.556,0.797,0.748,0.716,0.845,0.797,0.884,1.0,0.911
11,y3,0.577,0.667,0.793,0.627,0.52,0.497,0.608,0.636,0.733,0.689,0.453,0.629,0.719,0.924,0.911,1.0
12,.,1.0,0.393,0.571,0.453,0.766,0.779,0.748,0.472,0.625,0.729,0.699,0.791,0.626,0.588,0.739,0.582
12,A1_1,0.393,1.0,0.587,0.774,0.173,0.141,0.346,0.768,0.542,0.633,-0.001,0.301,0.66,0.563,0.529,0.662
12,A1_2,0.571,0.587,1.0,0.629,0.548,0.514,0.544,0.609,0.571,0.723,0.649,0.69,0.69,0.763,0.836,0.789
12,A1_3,0.453,0.774,0.629,1.0,0.325,0.199,0.349,0.926,0.342,0.753,0.225,0.33,0.634,0.454,0.55,0.616
12,B1_1,0.766,0.173,0.548,0.325,1.0,0.848,0.939,0.362,0.663,0.706,0.859,0.905,0.674,0.544,0.772,0.537
12,B1_2,0.779,0.141,0.514,0.199,0.848,1.0,0.801,0.25,0.552,0.571,0.741,0.855,0.506,0.595,0.673,0.516
12,B1_3,0.748,0.346,0.544,0.349,0.939,0.801,1.0,0.429,0.798,0.73,0.762,0.888,0.712,0.661,0.821,0.615
12,A2_1,0.472,0.768,0.609,0.926,0.362,0.25,0.429,1.0,0.402,0.824,0.284,0.363,0.617,0.517,0.559,0.636
12,A2_2,0.625,0.542,0.571,0.342,0.663,0.552,0.798,0.402,1.0,0.572,0.563,0.683,0.699,0.768,0.807,0.74
12,A2_3,0.729,0.633,0.723,0.753,0.706,0.571,0.73,0.824,0.572,1.0,0.639,0.667,0.678,0.65,0.75,0.69
12,B2_1,0.699,-0.001,0.649,0.225,0.859,0.741,0.762,0.284,0.563,0.639,1.0,0.801,0.482,0.533,0.726,0.468
12,B2_2,0.791,0.301,0.69,0.33,0.905,0.855,0.888,0.363,0.683,0.667,0.801,1.0,0.727,0.612,0.845,0.631
12,B2_3,0.626,0.66,0.69,0.634,0.674,0.506,0.712,0.617,0.699,0.678,0.482,0.727,1.0,0.633,0.801,0.711
12,y1,0.588,0.563,0.763,0.454,0.544,0.595,0.661,0.517,0.768,0.65,0.533,0.612,0.633,1.0,0.885,0.924
12,y2,0.739,0.529,0.836,0.55,0.772,0.673,0.821,0.559,0.807,0.75,0.726,0.845,0.801,0.885,1.0,0.91
12,y3,0.582,0.662,0.789,0.616,0.537,0.516,0.615,0.636,0.74,0.69,0.468,0.631,0.711,0.924,0.91,1.0
13,.,1.0,0.397,0.589,0.457,0.766,0.783,0.752,0.481,0.639,0.721,0.703,0.796,0.594,0.593,0.745,0.582
13,A1_1,0.397,1.0,0.58,0.771,0.186,0.156,0.366,0.767,0.544,0.643,0.006,0.31,0.659,0.562,0.535,0.665
13,A1_2,0.589,0.58,1.0,0.619,0.564,0.54,0.563,0.612,0.564,0.745,0.665,0.705,0.684,0.763,0.837,0.781
13,A1_3,0.457,0.771,0.619,1.0,0.338,0.208,0.366,0.923,0.332,0.765,0.224,0.337,0.631,0.442,0.548,0.61
13,B1_1,0.766,0.186,0.564,0.338,1.0,0.85,0.941,0.38,0.685,0.702,0.857,0.903,0.66,0.557,0.777,0.547
13,B1_2,0.783,0.156,0.54,0.208,0.85,1.0,0.804,0.267,0.565,0.571,0.741,0.857,0.483,0.609,0.68,0.528
13,B1_3,0.752,0.366,0.563,0.366,0.941,0.804,1.0,0.452,0.813,0.727,0.765,0.891,0.703,0.664,0.824,0.619
13,A2_1,0.481,0.767,0.612,0.923,0.38,0.267,0.452,1.0,0.397,0.837,0.292,0.378,0.605,0.52,0.563,0.643
13,A2_2,0.639,0.544,0.564,0.332,0.685,0.565,0.813,0.397,1.0,0.57,0.577,0.701,0.696,0.748,0.806,0.723
13,A2_3,0.721,0.643,0.745,0.765,0.702,0.571,0.727,0.837,0.57,1.0,0.639,0.665,0.663,0.659,0.754,0.7
13,B2_1,0.703,0.006,0.665,0.224,0.857,0.741,0.765,0.292,0.577,0.639,1.0,0.805,0.455,0.552,0.734,0.479
13,B2_2,0.796,0.31,0.705,0.337,0.903,0.857,0.891,0.378,0.701,0.665,0.805,1.0,0.699,0.614,0.845,0.63
13,B2_3,0.594,0.659,0.684,0.631,0.66,0.483,0.703,0.605,0.696,0.663,0.455,0.699,1.0,0.624,0.793,0.702
13,y1,0.593,0.562,0.763,0.442,0.557,0.609,0.664,0.52,0.748,0.659,0.552,0.614,0.624,1.0,0.883,0.92
13,y2,0.745,0.535,0.837,0.548,0.777,0.68,0.824,0.563,0.806,0.754,0.734,0.845,0.793,0.883,1.0,0.906
13,y3,0.582,0.665,0.781,0.61,0.547,0.528,0.619,0.643,0.723,0.7,0.479,0.63,0.702,0.92,0.906,1.0
14,.,1.0,0.405,0.602,0.467,0.774,0.789,0.763,0.484,0.645,0.723,0.709,0.801,0.598,0.608,0.755,0.595
14,A1_1,0.405,1.0,0.581,0.765,0.205,0.172,0.391,0.768,0.548,0.649,0.018,0.319,0.654,0.56,0.537,0.664
14,A1_2,0.602,0.581,1.0,0.618,0.584,0.561,0.575,0.615,0.575,0.749,0.674,0.716,0.691,0.775,0.842,0.787
14,A1_3,0.467,0.765,0.618,1.0,0.358,0.224,0.394,0.922,0.325,0.77,0.236,0.349,0.625,0.432,0.546,0.599
14,B1_1,0.774,0.205,0.584,0.358,1.0,0.856,0.942,0.397,0.696,0.71,0.86,0.905,0.669,0.584,0.791,0.576
14,B1_2,0.789,0.172,0.561,0.224,0.856,1.0,0.804,0.275,0.576,0.578,0.746,0.86,0.495,0.624,0.689,0.546
14,B1_3,0.763,0.391,0.575,0.394,0.942,0.804,1.0,0.473,0.813,0.738,0.763,0.891,0.718,0.661,0.821,0.622
14,A2_1,0.484,0.768,0.615,0.922,0.397,0.275,0.473,1.0,0.396,0.841,0.299,0.385,0.6,0.516,0.56,0.64
14,A2_2,0.645,0.548,0.575,0.325,0.696,0.576,0.813,0.396,1.0,0.569,0.585,0.711,0.703,0.751,0.81,0.727
14,A2_3,0.723,0.649,0.749,0.77,0.71,0.578,0.738,0.841,0.569,1.0,0.641,0.667,0.663,0.661,0.753,0.704
14,B2_1,0.709,0.018,0.674,0.236,0.86,0.746,0.763,0.299,0.585,0.641,1.0,0.809,0.464,0.57,0.741,0.494
14,B2_2,0.801,0.319,0.716,0.349,0.905,0.86,0.891,0.385,0.711,0.667,0.809,1.0,0.705,0.627,0.85,0.641
14,B2_3,0.598,0.654,0.691,0.625,0.669,0.495,0.718,0.6,0.703,0.663,0.464,0.705,1.0,0.631,0.799,0.704
14,y1,0.608,0.56,0.775,0.432,0.584,0.624,0.661,0.516,0.751,0.661,0.57,0.627,0.631,1.0,0.885,0.919
14,y2,0.755,0.537,0.842,0.546,0.791,0.689,0.821,0.56,0.81,0.753,0.741,0.85,0.799,0.885,1.0,0.906
14,y3,0.595,0.664,0.787,0.599,0.576,0.546,0.622,0.64,0.727,0.704,0.494,0.641,0.704,0.919,0.906,1.0
15,.,1.0,0.413,0.616,0.485,0.779,0.795,0.774,0.501,0.657,0.719,0.725,0.804,0.58,0.622,0.763,0.602
15,A1_1,0.413,1.0,0.588,0.755,0.225,0.187,0.422,0.767,0.549,0.66,0.035,0.326,0.65,0.557,0.543,0.666
15,A1_2,0.616,0.588,1.0,0.622,0.603,0.584,0.6,0.63,0.585,0.769,0.678,0.728,0.691,0.79,0.849,0.798
15,A1_3,0.485,0.755,0.622,1.0,0.385,0.247,0.435,0.92,0.317,0.788,0.259,0.367,0.62,0.418,0.549,0.586
15,B1_1,0.779,0.225,0.603,0.385,1.0,0.863,0.941,0.422,0.719,0.71,0.865,0.904,0.663,0.614,0.804,0.603
15,B1_2,0.795,0.187,0.584,0.247,0.863,1.0,0.802,0.297,0.59,0.58,0.755,0.864,0.488,0.641,0.697,0.562
15,B1_3,0.774,0.422,0.6,0.435,0.941,0.802,1.0,0.51,0.823,0.744,0.77,0.895,0.725,0.66,0.822,0.626
15,A2_1,0.501,0.767,0.63,0.92,0.422,0.297,0.51,1.0,0.394,0.856,0.319,0.402,0.592,0.517,0.565,0.643
15,A2_2,0.657,0.549,0.585,0.317,0.719,0.59,0.823,0.394,1.0,0.563,0.603,0.728,0.707,0.735,0.808,0.712
15,A2_3,0.719,0.66,0.769,0.788,0.71,0.58,0.744,0.856,0.563,1.0,0.644,0.665,0.657,0.668,0.754,0.711
15,B2_1,0.725,0.035,0.678,0.259,0.865,0.755,0.77,0.319,0.603,0.644,1.0,0.82,0.457,0.59,0.751,0.506
15,B2_2,0.804,0.326,0.728,0.367,0.904,0.864,0.895,0.402,0.728,0.665,0.82,1.0,0.688,0.638,0.854,0.649
15,B2_3,0.58,0.65,0.691,0.62,0.663,0.488,0.725,0.592,0.707,0.657,0.457,0.688,1.0,0.63,0.798,0.699
15,y1,0.622,0.557,0.79,0.418,0.614,0.641,0.66,0.517,0.735,0.668,0.59,0.638,0.63,1.0,0.883,0.914
15,y2,0.763,0.543,0.849,0.549,0.804,0.697,0.822,0.565,0.808,0.754,0.751,0.854,0.798,0.883,1.0,0.902
15,y3,0.602,0.666,0.798,0.586,0.603,0.562,0.626,0.643,0.712,0.711,0.506,0.649,0.699,0.914,0.902,1.0
16,.,1.0,0.414,0.625,0.493,0.781,0.8,0.773,0.505,0.659,0.715,0.734,0.809,0.575,0.632,0.769,0.608
16,A1_1,0.414,1.0,0.596,0.744,0.236,0.197,0.439,0.766,0.546,0.664,0.046,0.33,0.644,0.557,0.545,0.666
16,A1_2,0.625,0.596,1.0,0.626,0.609,0.592,0.605,0.641,0.587,0.781,0.68,0.73,0.684,0.794,0.848,0.799
16,A1_3,0.493,0.744,0.626,1.0,0.396,0.26,0.456,0.916,0.304,0.794,0.274,0.377,0.612,0.403,0.546,0.571
16,B1_1,0.781,0.236,0.609,0.396,1.0,0.867,0.938,0.434,0.732,0.71,0.867,0.903,0.662,0.632,0.81,0.622
16,B1_2,0.8,0.197,0.592,0.26,0.867,1.0,0.798,0.307,0.6,0.582,0.76,0.867,0.493,0.647,0.701,0.57
16,B1_3,0.773,0.439,0.605,0.456,0.938,0.798,1.0,0.528,0.828,0.748,0.769,0.891,0.734,0.656,0.82,0.625
16,A2_1,0.505,0.766,0.641,0.916,0.434,0.307,0.528,1.0,0.389,0.862,0.33,0.412,0.587,0.517,0.567,0.645
16,A2_2,0.659,0.546,0.587,0.304,0.732,0.6,0.828,0.389,1.0,0.558,0.612,0.736,0.71,0.728,0.807,0.705
16,A2_3,0.715,0.664,0.781,0.794,0.71,0.582,0.748,0.862,0.558,1.0,0.647,0.665,0.654,0.671,0.753,0.716
16,B2_1,0.734,0.046,0.68,0.274,0.867,0.76,0.769,0.33,0.612,0.647,1.0,0.825,0.457,0.602,0.756,0.515
16,B2_2,0.809,0.33,0.73,0.377,0.903,0.867,0.891,0.412,0.736,0.665,0.825,1.0,0.683,0.643,0.854,0.653
16,B2_3,0.575,0.644,0.684,0.612,0.662,0.493,0.734,0.587,0.71,0.654,0.457,0.683,1.0,0.627,0.798,0.695
16,y1,0.632,0.557,0.794,0.403,0.632,0.647,0.656,0.517,0.728,0.671,0.602,0.643,0.627,1.0,0.881,0.91
16,y2,0.769,0.545,0.848,0.546,0.81,0.701,0.82,0.567,0.807,0.753,0.756,0.854,0.798,0.881,1.0,0.899
16,y3,0.608,0.666,0.799,0.571,0.622,0.57,0.625,0.645,0.705,0.716,0.515,0.653,0.695,0.91,0.899,1.0
17,.,1.0,0.419,0.633,0.509,0.785,0.808,0.771,0.515,0.662,0.716,0.744,0.813,0.573,0.642,0.772,0.608
17,A1_1,0.419,1.0,0.61,0.734,0.253,0.214,0.449,0.765,0.545,0.669,0.059,0.34,0.643,0.561,0.548,0.67
17,A1_2,0.633,0.61,1.0,0.636,0.615,0.597,0.606,0.653,0.588,0.792,0.677,0.732,0.686,0.792,0.846,0.798
17,A1_3,0.509,0.734,0.636,1.0,0.416,0.284,0.477,0.912,0.298,0.802,0.297,0.395,0.604,0.397,0.55,0.564
17,B1_1,0.785,0.253,0.615,0.416,1.0,0.87,0.934,0.449,0.743,0.714,0.869,0.901,0.665,0.651,0.818,0.638
17,B1_2,0.808,0.214,0.597,0.284,0.87,1.0,0.794,0.324,0.613,0.592,0.767,0.869,0.503,0.66,0.707,0.579
17,B1_3,0.771,0.449,0.606,0.477,0.934,0.794,1.0,0.543,0.831,0.748,0.771,0.887,0.744,0.651,0.813,0.617
17,A2_1,0.515,0.765,0.653,0.912,0.449,0.324,0.543,1.0,0.386,0.868,0.343,0.426,0.585,0.518,0.57,0.646
17,A2_2,0.662,0.545,0.588,0.298,0.743,0.613,0.831,0.386,1.0,0.554,0.619,0.746,0.719,0.722,0.803,0.697
17,A2_3,0.716,0.669,0.792,0.802,0.714,0.592,0.748,0.868,0.554,1.0,0.65,0.668,0.653,0.676,0.753,0.718
17,B2_1,0.744,0.059,0.677,0.297,0.869,0.767,0.771,0.343,0.619,0.65,1.0,0.831,0.462,0.61,0.76,0.516
17,B2_2,0.813,0.34,0.732,0.395,0.901,0.869,0.887,0.426,0.746,0.668,0.831,1.0,0.686,0.651,0.857,0.657
17,B2_3,0.573,0.643,0.686,0.604,0.665,0.503,0.744,0.585,0.719,0.653,0.462,0.686,1.0,0.634,0.804,0.698
17,y1,0.642,0.561,0.792,0.397,0.651,0.66,0.651,0.518,0.722,0.676,0.61,0.651,0.634,1.0,0.878,0.905
17,y2,0.772,0.548,0.846,0.55,0.818,0.707,0.813,0.57,0.803,0.753,0.76,0.857,0.804,0.878,1.0,0.895
17,y3,0.608,0.67,0.798,0.564,0.638,0.579,0.617,0.646,0.697,0.718,0.516,0.657,0.698,0.905,0.895,1.0
18,.,1.0,0.419,0.644,0.514,0.784,0.814,0.763,0.518,0.664,0.711,0.76,0.814,0.562,0.644,0.775,0.605
18,A1_1,0.419,1.0,0.611,0.726,0.264,0.224,0.46,0.766,0.547,0.68,0.072,0.34,0.634,0.563,0.548,0.671
18,A1_2,0.644,0.611,1.0,0.642,0.618,0.605,0.605,0.654,0.581,0.801,0.676,0.737,0.681,0.782,0.838,0.787
18,A1_3,0.514,0.726,0.642,1.0,0.424,0.295,0.488,0.909,0.295,0.813,0.317,0.4,0.59,0.395,0.549,0.557
18,B1_1,0.784,0.264,0.618,0.424,1.0,0.87,0.928,0.456,0.752,0.706,0.872,0.899,0.665,0.665,0.824,0.652
18,B1_2,0.814,0.224,0.605,0.295,0.87,1.0,0.788,0.332,0.621,0.592,0.777,0.873,0.507,0.666,0.714,0.584
18,B1_3,0.763,0.46,0.605,0.488,0.928,0.788,1.0,0.553,0.836,0.74,0.773,0.882,0.748,0.648,0.812,0.615
18,A2_1,0.518,0.766,0.654,0.909,0.456,0.332,0.553,1.0,0.386,0.876,0.355,0.431,0.575,0.519,0.57,0.644
18,A2_2,0.664,0.547,0.581,0.295,0.752,0.621,0.836,0.386,1.0,0.546,0.623,0.75,0.719,0.716,0.799,0.691
18,A2_3,0.711,0.68,0.801,0.813,0.706,0.592,0.74,0.876,0.546,1.0,0.648,0.662,0.644,0.682,0.753,0.722
18,B2_1,0.76,0.072,0.676,0.317,0.872,0.777,0.773,0.355,0.623,0.648,1.0,0.841,0.464,0.608,0.761,0.512
18,B2_2,0.814,0.34,0.737,0.4,0.899,0.873,0.882,0.431,0.75,0.662,0.841,1.0,0.684,0.652,0.859,0.658
18,B2_3,0.562,0.634,0.681,0.59,0.665,0.507,0.748,0.575,0.719,0.644,0.464,0.684,1.0,0.639,0.804,0.701
18,y1,0.644,0.563,0.782,0.395,0.665,0.666,0.648,0.519,0.716,0.682,0.608,0.652,0.639,1.0,0.874,0.902
18,y2,0.775,0.548,0.838,0.549,0.824,0.714,0.812,0.57,0.799,0.753,0.761,0.859,0.804,0.874,1.0,0.892
18,y3,0.605,0.671,0.787,0.557,0.652,0.584,0.615,0.644,0.691,0.722,0.512,0.658,0.701,0.902,0.892,1.0
19,.,1.0,0.419,0.648,0.525,0.779,0.818,0.756,0.537,0.66,0.702,0.78,0.809,0.523,0.64,0.776,0.591
19,A1_1,0.419,1.0,0.615,0.724,0.272,0.233,0.464,0.766,0.541,0.692,0.09,0.335,0.624,0.566,0.55,0.672
19,A1_2,0.648,0.615,1.0,0.651,0.616,0.607,0.606,0.665,0.565,0.809,0.669,0.737,0.664,0.77,0.826,0.772
19,A1_3,0.525,0.724,0.651,1.0,0.433,0.31,0.498,0.91,0.296,0.829,0.343,0.404,0.571,0.398,0.555,0.554
19,B1_1,0.779,0.272,0.616,0.433,1.0,0.87,0.927,0.469,0.759,0.695,0.873,0.898,0.653,0.669,0.824,0.65
19,B1_2,0.818,0.233,0.607,0.31,0.87,1.0,0.789,0.356,0.629,0.59,0.787,0.876,0.49,0.671,0.717,0.583
19,B1_3,0.756,0.464,0.606,0.498,0.927,0.789,1.0,0.566,0.844,0.729,0.784,0.881,0.738,0.649,0.814,0.609
19,A2_1,0.537,0.766,0.665,0.91,0.469,0.356,0.566,1.0,0.382,0.89,0.382,0.444,0.556,0.524,0.577,0.641
19,A2_2,0.66,0.541,0.565,0.296,0.759,0.629,0.844,0.382,1.0,0.531,0.63,0.753,0.713,0.692,0.786,0.662
19,A2_3,0.702,0.692,0.809,0.829,0.695,0.59,0.729,0.89,0.531,1.0,0.644,0.651,0.624,0.681,0.748,0.718
19,B2_1,0.78,0.09,0.669,0.343,0.873,0.787,0.784,0.382,0.63,0.644,1.0,0.854,0.439,0.598,0.76,0.498
19,B2_2,0.809,0.335,0.737,0.404,0.898,0.876,0.881,0.444,0.753,0.651,0.854,1.0,0.659,0.652,0.86,0.651
19,B2_3,0.523,0.624,0.664,0.571,0.653,0.49,0.738,0.556,0.713,0.624,0.439,0.659,1.0,0.636,0.792,0.693
19,y1,0.64,0.566,0.77,0.398,0.669,0.671,0.649,0.524,0.692,0.681,0.598,0.652,0.636,1.0,0.867,0.897
19,y2,0.776,0.55,0.826,0.555,0.824,0.717,0.814,0.577,0.786,0.748,0.76,0.86,0.792,0.867,1.0,0.884
19,y3,0.591,0.672,0.772,0.554,0.65,0.583,0.609,0.641,0.662,0.718,0.498,0.651,0.693,0.897,0.884,1.0
20,.,1.0,0.417,0.649,0.539,0.778,0.823,0.743,0.546,0.66,0.697,0.787,0.807,0.511,0.644,0.775,0.588
20,A1_1,0.417,1.0,0.622,0.715,0.279,0.241,0.461,0.766,0.539,0.697,0.102,0.331,0.619,0.569,0.55,0.674
20,A1_2,0.649,0.622,1.0,0.663,0.608,0.603,0.588,0.669,0.558,0.811,0.665,0.729,0.652,0.761,0.814,0.76
20,A1_3,0.539,0.715,0.663,1.0,0.446,0.327,0.506,0.908,0.298,0.839,0.372,0.413,0.561,0.401,0.558,0.548
20,B1_1,0.778,0.279,0.608,0.446,1.0,0.87,0.923,0.476,0.766,0.69,0.872,0.898,0.653,0.673,0.824,0.654
20,B1_2,0.823,0.241,0.603,0.327,0.87,1.0,0.782,0.367,0.638,0.59,0.791,0.878,0.486,0.68,0.721,0.59
20,B1_3,0.743,0.461,0.588,0.506,0.923,0.782,1.0,0.569,0.845,0.719,0.781,0.873,0.74,0.638,0.803,0.596
20,A2_1,0.546,0.766,0.669,0.908,0.476,0.367,0.569,1.0,0.382,0.895,0.397,0.448,0.547,0.523,0.577,0.636
20,A2_2,0.66,0.539,0.558,0.298,0.766,0.638,0.845,0.382,1.0,0.526,0.634,0.757,0.712,0.687,0.783,0.656
20,A2_3,0.697,0.697,0.811,0.839,0.69,0.59,0.719,0.895,0.526,1.0,0.644,0.643,0.617,0.679,0.741,0.712
20,B2_1,0.787,0.102,0.665,0.372,0.872,0.791,0.781,0.397,0.634,0.644,1.0,0.858,0.434,0.598,0.76,0.495
20,B2_2,0.807,0.331,0.729,0.413,0.898,0.878,0.873,0.448,0.757,0.643,0.858,1.0,0.654,0.652,0.859,0.649
20,B2_3,0.511,0.619,0.652,0.561,0.653,0.486,0.74,0.547,0.712,0.617,0.434,0.654,1.0,0.636,0.787,0.691
20,y1,0.644,0.569,0.761,0.401,0.673,0.68,0.638,0.523,0.687,0.679,0.598,0.652,0.636,1.0,0.865,0.895
20,y2,0.775,0.55,0.814,0.558,0.824,0.721,0.803,0.577,0.783,0.741,0.76,0.859,0.787,0.865,1.0,0.882
20,y3,0.588,0.674,0.76,0.548,0.654,0.59,0.596,0.636,0.656,0.712,0.495,0.649,0.691,0.895,0.882,1.0
21,.,1.0,0.414,0.656,0.544,0.777,0.828,0.738,0.554,0.661,0.693,0.804,0.806,0.499,0.637,0.775,0.582
21,A1_1,0.414,1.0,0.616,0.708,0.285,0.246,0.469,0.766,0.545,0.704,0.119,0.324,0.605,0.573,0.552,0.673
21,A1_2,0.656,0.616,1.0,0.658,0.608,0.615,0.593,0.668,0.56,0.81,0.671,0.732,0.646,0.759,0.811,0.755
21,A1_3,0.544,0.708,0.658,1.0,0.45,0.333,0.513,0.906,0.301,0.845,0.397,0.41,0.537,0.397,0.555,0.536
21,B1_1,0.777,0.285,0.608,0.45,1.0,0.87,0.923,0.483,0.769,0.68,0.872,0.897,0.659,0.672,0.823,0.654
21,B1_2,0.828,0.246,0.615,0.333,0.87,1.0,0.779,0.377,0.645,0.59,0.801,0.882,0.498,0.682,0.726,0.593
21,B1_3,0.738,0.469,0.593,0.513,0.923,0.779,1.0,0.581,0.848,0.714,0.788,0.871,0.749,0.639,0.808,0.603
21,A2_1,0.554,0.766,0.668,0.906,0.483,0.377,0.581,1.0,0.39,0.903,0.421,0.45,0.532,0.524,0.579,0.631
21,A2_2,0.661,0.545,0.56,0.301,0.769,0.645,0.848,0.39,1.0,0.52,0.636,0.757,0.714,0.685,0.783,0.654
21,A2_3,0.693,0.704,0.81,0.845,0.68,0.59,0.714,0.903,0.52,1.0,0.646,0.632,0.602,0.679,0.738,0.711
21,B2_1,0.804,0.119,0.671,0.397,0.872,0.801,0.788,0.421,0.636,0.646,1.0,0.866,0.442,0.586,0.758,0.489
21,B2_2,0.806,0.324,0.732,0.41,0.897,0.882,0.871,0.45,0.757,0.632,0.866,1.0,0.657,0.649,0.858,0.647
21,B2_3,0.499,0.605,0.646,0.537,0.659,0.498,0.749,0.532,0.714,0.602,0.442,0.657,1.0,0.648,0.79,0.696
21,y1,0.637,0.573,0.759,0.397,0.672,0.682,0.639,0.524,0.685,0.679,0.586,0.649,0.648,1.0,0.861,0.894
21,y2,0.775,0.552,0.811,0.555,0.823,0.726,0.808,0.579,0.783,0.738,0.758,0.858,0.79,0.861,1.0,0.881
21,y3,0.582,0.673,0.755,0.536,0.654,0.593,0.603,0.631,0.654,0.711,0.489,0.647,0.696,0.894,0.881,1.0
22,.,1.0,0.415,0.658,0.562,0.777,0.833,0.728,0.569,0.665,0.688,0.819,0.804,0.482,0.635,0.776,0.578
22,A1_1,0.415,1.0,0.623,0.697,0.295,0.258,0.472,0.765,0.55,0.711,0.141,0.323,0.596,0.581,0.557,0.677
22,A1_2,0.658,0.623,1.0,0.669,0.603,0.616,0.582,0.675,0.556,0.812,0.669,0.727,0.634,0.753,0.803,0.748
22,A1_3,0.562,0.697,0.669,1.0,0.465,0.352,0.524,0.905,0.312,0.851,0.441,0.422,0.52,0.402,0.564,0.53
22,B1_1,0.777,0.295,0.603,0.465,1.0,0.871,0.921,0.493,0.774,0.672,0.87,0.897,0.66,0.673,0.823,0.655
22,B1_2,0.833,0.258,0.616,0.352,0.871,1.0,0.772,0.393,0.654,0.593,0.807,0.884,0.498,0.691,0.732,0.601
22,B1_3,0.728,0.472,0.582,0.524,0.921,0.772,1.0,0.587,0.851,0.703,0.789,0.864,0.752,0.634,0.804,0.596
22,A2_1,0.569,0.765,0.675,0.905,0.493,0.393,0.587,1.0,0.398,0.909,0.452,0.458,0.517,0.528,0.586,0.629
22,A2_2,0.665,0.55,0.556,0.312,0.774,0.654,0.851,0.398,1.0,0.515,0.639,0.76,0.713,0.675,0.777,0.645
22,A2_3,0.688,0.711,0.812,0.851,0.672,0.593,0.703,0.909,0.515,1.0,0.651,0.623,0.586,0.686,0.737,0.715
22,B2_1,0.819,0.141,0.669,0.441,0.87,0.807,0.789,0.452,0.639,0.651,1.0,0.871,0.437,0.575,0.756,0.48
22,B2_2,0.804,0.323,0.727,0.422,0.897,0.884,0.864,0.458,0.76,0.623,0.871,1.0,0.654,0.649,0.858,0.646
22,B2_3,0.482,0.596,0.634,0.52,0.66,0.498,0.752,0.517,0.713,0.586,0.437,0.654,1.0,0.656,0.787,0.699
22,y1,0.635,0.581,0.753,0.402,0.673,0.691,0.634,0.528,0.675,0.686,0.575,0.649,0.656,1.0,0.857,0.893
22,y2,0.776,0.557,0.803,0.564,0.823,0.732,0.804,0.586,0.777,0.737,0.756,0.858,0.787,0.857,1.0,0.879
22,y3,0.578,0.677,0.748,0.53,0.655,0.601,0.596,0.629,0.645,0.715,0.48,0.646,0.699,0.893,0.879,1.0
23,.,1.0,0.411,0.66,0.572,0.775,0.838,0.72,0.576,0.67,0.685,0.828,0.804,0.475,0.634,0.776,0.577
23,A1_1,0.411,1.0,0.622,0.683,0.301,0.264,0.474,0.765,0.557,0.716,0.154,0.32,0.588,0.589,0.557,0.681
23,A1_2,0.66,0.622,1.0,0.671,0.597,0.617,0.571,0.676,0.555,0.81,0.671,0.723,0.624,0.749,0.795,0.742
23,A1_3,0.572,0.683,0.671,1.0,0.474,0.364,0.53,0.9,0.32,0.849,0.474,0.429,0.503,0.4,0.563,0.518
23,B1_1,0.775,0.301,0.597,0.474,1.0,0.869,0.918,0.499,0.779,0.664,0.866,0.895,0.667,0.673,0.822,0.657
23,B1_2,0.838,0.264,0.617,0.364,0.869,1.0,0.764,0.403,0.66,0.595,0.81,0.884,0.503,0.695,0.736,0.606
23,B1_3,0.72,0.474,0.571,0.53,0.918,0.764,1.0,0.592,0.852,0.693,0.788,0.858,0.759,0.626,0.799,0.592
23,A2_1,0.576,0.765,0.676,0.9,0.499,0.403,0.592,1.0,0.408,0.913,0.475,0.462,0.505,0.529,0.588,0.626
23,A2_2,0.67,0.557,0.555,0.32,0.779,0.66,0.852,0.408,1.0,0.513,0.64,0.76,0.715,0.671,0.774,0.641
23,A2_3,0.685,0.716,0.81,0.849,0.664,0.595,0.693,0.913,0.513,1.0,0.656,0.615,0.572,0.692,0.734,0.718
23,B2_1,0.828,0.154,0.671,0.474,0.866,0.81,0.788,0.475,0.64,0.656,1.0,0.871,0.442,0.564,0.754,0.474
23,B2_2,0.804,0.32,0.723,0.429,0.895,0.884,0.858,0.462,0.76,0.615,0.871,1.0,0.659,0.645,0.858,0.646
23,B2_3,0.475,0.588,0.624,0.503,0.667,0.503,0.759,0.505,0.715,0.572,0.442,0.659,1.0,0.666,0.787,0.702
23,y1,0.634,0.589,0.749,0.4,0.673,0.695,0.626,0.529,0.671,0.692,0.564,0.645,0.666,1.0,0.853,0.893
23,y2,0.776,0.557,0.795,0.563,0.822,0.736,0.799,0.588,0.774,0.734,0.754,0.858,0.787,0.853,1.0,0.878
23,y3,0.577,0.681,0.742,0.518,0.657,0.606,0.592,0.626,0.641,0.718,0.474,0.646,0.702,0.893,0.878,1.0
24,.,1.0,0.405,0.657,0.575,0.772,0.842,0.712,0.579,0.678,0.67,0.839,0.796,0.454,0.622,0.773,0.568
24,A1_1,0.405,1.0,0.621,0.677,0.305,0.269,0.472,0.764,0.574,0.722,0.178,0.304,0.564,0.594,0.558,0.682
24,A1_2,0.657,0.621,1.0,0.675,0.59,0.619,0.565,0.678,0.553,0.803,0.669,0.711,0.611,0.74,0.786,0.736
24,A1_3,0.575,0.677,0.675,1.0,0.479,0.37,0.53,0.899,0.34,0.844,0.512,0.421,0.469,0.399,0.564,0.508
24,B1_1,0.772,0.305,0.59,0.479,1.0,0.868,0.918,0.503,0.775,0.637,0.854,0.894,0.673,0.667,0.819,0.653
24,B1_2,0.842,0.269,0.619,0.37,0.868,1.0,0.761,0.409,0.66,0.588,0.807,0.885,0.511,0.697,0.741,0.612
24,B1_3,0.712,0.472,0.565,0.53,0.918,0.761,1.0,0.593,0.853,0.667,0.794,0.856,0.761,0.624,0.798,0.59
24,A2_1,0.579,0.764,0.678,0.899,0.503,0.409,0.593,1.0,0.429,0.917,0.513,0.455,0.477,0.525,0.589,0.617
24,A2_2,0.678,0.574,0.553,0.34,0.775,0.66,0.853,0.429,1.0,0.504,0.636,0.753,0.708,0.661,0.767,0.633
24,A2_3,0.67,0.722,0.803,0.844,0.637,0.588,0.667,0.917,0.504,1.0,0.661,0.586,0.529,0.693,0.722,0.714
24,B2_1,0.839,0.178,0.669,0.512,0.854,0.807,0.794,0.513,0.636,0.661,1.0,0.868,0.44,0.538,0.743,0.456
24,B2_2,0.796,0.304,0.711,0.421,0.894,0.885,0.856,0.455,0.753,0.586,0.868,1.0,0.662,0.637,0.854,0.642
24,B2_3,0.454,0.564,0.611,0.469,0.673,0.511,0.761,0.477,0.708,0.529,0.44,0.662,1.0,0.684,0.786,0.708
24,y1,0.622,0.594,0.74,0.399,0.667,0.697,0.624,0.525,0.661,0.693,0.538,0.637,0.684,1.0,0.848,0.893
24,y2,0.773,0.558,0.786,0.564,0.819,0.741,0.798,0.589,0.767,0.722,0.743,0.854,0.786,0.848,1.0,0.878
24,y3,0.568,0.682,0.736,0.508,0.653,0.612,0.59,0.617,0.633,0.714,0.456,0.642,0.708,0.893,0.878,1.0
25,.,1.0,0.394,0.659,0.575,0.768,0.848,0.695,0.576,0.689,0.651,0.836,0.797,0.439,0.613,0.77,0.566
