,,.,A1_1,A1_2,A1_3,B1_1,B1_2,B1_3,A2_1,A2_2,A2_3,B2_1,B2_2,B2_3,y1,y2,y3
0,.,0.042,0.008,0.079,0.039,0.154,0.034,0.028,0.077,0.083,0.133,0.035,0.009,0.021,0.099,0.081,0.078
0,A1_1,0.012,0.006,0.008,0.084,0.011,0.667,0.044,0.001,0.062,0.005,0.039,0.01,0.0,0.034,0.005,0.012
0,A1_2,0.004,0.246,0.232,0.009,0.065,0.112,0.086,0.003,0.001,0.069,0.027,0.005,0.009,0.011,0.007,0.116
0,A1_3,0.005,0.001,0.014,0.005,0.457,0.031,0.016,0.001,0.02,0.036,0.008,0.037,0.02,0.203,0.035,0.11
0,B1_1,0.009,0.018,0.045,0.015,0.007,0.615,0.048,0.008,0.05,0.07,0.007,0.028,0.003,0.007,0.053,0.018
0,B1_2,0.005,0.05,0.286,0.019,0.022,0.048,0.192,0.007,0.004,0.076,0.154,0.004,0.003,0.029,0.043,0.059
0,B1_3,0.011,0.005,0.038,0.014,0.105,0.312,0.084,0.003,0.067,0.039,0.026,0.079,0.004,0.106,0.03,0.076
0,A2_1,0.004,0.068,0.156,0.013,0.061,0.171,0.141,0.003,0.008,0.216,0.03,0.014,0.007,0.033,0.04,0.034
0,A2_2,0.003,0.004,0.082,0.016,0.149,0.024,0.095,0.0,0.014,0.106,0.059,0.007,0.015,0.252,0.106,0.069
0,A2_3,0.007,0.009,0.031,0.038,0.071,0.297,0.096,0.005,0.072,0.03,0.094,0.024,0.006,0.034,0.164,0.023
0,B2_1,0.007,0.012,0.087,0.007,0.008,0.481,0.099,0.012,0.048,0.075,0.011,0.037,0.003,0.009,0.055,0.049
0,B2_2,0.005,0.025,0.216,0.021,0.066,0.035,0.117,0.002,0.002,0.072,0.165,0.008,0.006,0.087,0.031,0.14
0,B2_3,0.012,0.003,0.007,0.066,0.04,0.545,0.041,0.001,0.136,0.008,0.022,0.021,0.001,0.062,0.019,0.016
0,y1,0.002,0.069,0.28,0.006,0.007,0.167,0.086,0.003,0.003,0.253,0.033,0.008,0.004,0.01,0.022,0.049
0,y2,0.006,0.002,0.04,0.012,0.276,0.023,0.034,0.001,0.014,0.061,0.03,0.019,0.015,0.281,0.056,0.13
0,y3,0.005,0.011,0.009,0.04,0.003,0.824,0.016,0.001,0.039,0.012,0.012,0.006,0.001,0.006,0.011,0.005
1,.,0.052,0.008,0.076,0.04,0.148,0.029,0.026,0.084,0.087,0.125,0.033,0.009,0.022,0.099,0.084,0.079
1,A1_1,0.02,0.007,0.01,0.109,0.012,0.587,0.05,0.002,0.078,0.006,0.045,0.012,0.0,0.039,0.008,0.015
1,A1_2,0.006,0.251,0.219,0.01,0.065,0.106,0.086,0.004,0.001,0.065,0.03,0.006,0.009,0.012,0.007,0.123
1,A1_3,0.008,0.001,0.014,0.005,0.438,0.028,0.017,0.001,0.022,0.036,0.009,0.041,0.02,0.209,0.037,0.115
1,B1_1,0.016,0.02,0.051,0.019,0.009,0.522,0.055,0.014,0.065,0.074,0.007,0.037,0.004,0.008,0.075,0.024
1,B1_2,0.007,0.052,0.275,0.026,0.023,0.037,0.192,0.009,0.005,0.066,0.153,0.004,0.003,0.033,0.056,0.061
1,B1_3,0.018,0.005,0.036,0.019,0.113,0.242,0.084,0.004,0.086,0.039,0.025,0.081,0.005,0.118,0.041,0.086
1,A2_1,0.007,0.073,0.153,0.019,0.065,0.137,0.133,0.004,0.009,0.208,0.032,0.015,0.009,0.035,0.062,0.039
1,A2_2,0.004,0.004,0.073,0.02,0.142,0.02,0.097,0.0,0.018,0.089,0.058,0.007,0.016,0.245,0.141,0.067
1,A2_3,0.011,0.008,0.034,0.046,0.071,0.18,0.093,0.01,0.077,0.029,0.087,0.023,0.007,0.032,0.263,0.029
1,B2_1,0.013,0.01,0.071,0.009,0.008,0.434,0.096,0.017,0.079,0.061,0.011,0.046,0.003,0.01,0.077,0.058
1,B2_2,0.008,0.035,0.228,0.023,0.053,0.036,0.116,0.003,0.002,0.072,0.167,0.007,0.006,0.075,0.029,0.141
1,B2_3,0.02,0.003,0.009,0.073,0.06,0.412,0.048,0.001,0.162,0.011,0.023,0.03,0.002,0.088,0.029,0.027
1,y1,0.004,0.069,0.27,0.008,0.007,0.142,0.091,0.004,0.004,0.259,0.033,0.009,0.005,0.012,0.035,0.05
1,y2,0.009,0.002,0.041,0.016,0.254,0.015,0.037,0.001,0.015,0.055,0.034,0.016,0.015,0.28,0.077,0.133
1,y3,0.01,0.011,0.01,0.058,0.003,0.763,0.017,0.001,0.061,0.012,0.013,0.008,0.001,0.007,0.018,0.006
2,.,0.064,0.008,0.073,0.041,0.144,0.025,0.025,0.089,0.088,0.117,0.032,0.009,0.022,0.098,0.085,0.079
2,A1_1,0.032,0.008,0.01,0.131,0.013,0.52,0.053,0.002,0.092,0.006,0.049,0.014,0.001,0.043,0.01,0.017
2,A1_2,0.009,0.252,0.203,0.012,0.065,0.104,0.088,0.004,0.001,0.062,0.032,0.006,0.009,0.013,0.008,0.131
2,A1_3,0.011,0.001,0.014,0.006,0.416,0.027,0.017,0.001,0.024,0.037,0.009,0.045,0.021,0.216,0.037,0.118
2,B1_1,0.026,0.022,0.053,0.023,0.01,0.452,0.058,0.022,0.078,0.07,0.008,0.044,0.004,0.009,0.091,0.03
2,B1_2,0.011,0.056,0.26,0.032,0.023,0.031,0.189,0.01,0.005,0.059,0.154,0.004,0.004,0.035,0.064,0.062
2,B1_3,0.027,0.005,0.033,0.022,0.119,0.194,0.079,0.004,0.096,0.038,0.024,0.083,0.006,0.13,0.048,0.092
2,A2_1,0.011,0.076,0.142,0.026,0.067,0.119,0.121,0.006,0.012,0.191,0.033,0.018,0.01,0.036,0.088,0.042
2,A2_2,0.006,0.004,0.067,0.025,0.133,0.019,0.097,0.001,0.021,0.079,0.059,0.007,0.016,0.242,0.161,0.066
2,A2_3,0.018,0.007,0.032,0.051,0.068,0.115,0.082,0.016,0.077,0.025,0.075,0.022,0.007,0.029,0.343,0.033
2,B2_1,0.021,0.009,0.061,0.011,0.008,0.394,0.089,0.021,0.106,0.051,0.01,0.051,0.003,0.011,0.088,0.065
2,B2_2,0.011,0.046,0.228,0.026,0.05,0.036,0.111,0.003,0.002,0.074,0.159,0.007,0.006,0.069,0.027,0.143
2,B2_3,0.029,0.003,0.009,0.075,0.076,0.33,0.046,0.001,0.169,0.014,0.023,0.038,0.003,0.111,0.036,0.034
2,y1,0.006,0.07,0.254,0.01,0.008,0.125,0.095,0.004,0.005,0.259,0.034,0.01,0.006,0.013,0.05,0.05
2,y2,0.013,0.002,0.042,0.02,0.237,0.012,0.04,0.001,0.017,0.047,0.037,0.014,0.016,0.27,0.101,0.132
2,y3,0.02,0.012,0.011,0.082,0.004,0.682,0.018,0.003,0.086,0.012,0.015,0.01,0.001,0.009,0.027,0.009
3,.,0.078,0.008,0.069,0.042,0.14,0.023,0.023,0.094,0.09,0.111,0.03,0.009,0.023,0.097,0.084,0.08
3,A1_1,0.048,0.008,0.011,0.149,0.015,0.451,0.056,0.003,0.105,0.006,0.051,0.017,0.001,0.047,0.012,0.02
3,A1_2,0.013,0.248,0.187,0.014,0.066,0.106,0.089,0.005,0.001,0.061,0.034,0.007,0.009,0.015,0.009,0.138
3,A1_3,0.015,0.001,0.014,0.006,0.397,0.026,0.017,0.001,0.025,0.038,0.01,0.05,0.021,0.221,0.037,0.122
3,B1_1,0.041,0.023,0.052,0.025,0.011,0.383,0.059,0.032,0.09,0.067,0.008,0.052,0.004,0.01,0.109,0.035
3,B1_2,0.016,0.057,0.24,0.038,0.025,0.027,0.19,0.012,0.006,0.055,0.153,0.004,0.004,0.039,0.072,0.063
3,B1_3,0.039,0.004,0.031,0.024,0.129,0.146,0.073,0.005,0.102,0.038,0.022,0.084,0.007,0.141,0.055,0.1
3,A2_1,0.02,0.07,0.122,0.033,0.07,0.107,0.104,0.009,0.016,0.178,0.03,0.022,0.012,0.036,0.125,0.044
3,A2_2,0.008,0.004,0.065,0.027,0.123,0.017,0.097,0.001,0.024,0.078,0.057,0.007,0.017,0.229,0.179,0.067
3,A2_3,0.025,0.005,0.029,0.048,0.068,0.063,0.069,0.022,0.074,0.021,0.056,0.022,0.008,0.027,0.424,0.037
3,B2_1,0.032,0.008,0.053,0.013,0.009,0.346,0.083,0.023,0.132,0.048,0.009,0.057,0.004,0.012,0.101,0.072
3,B2_2,0.016,0.053,0.218,0.03,0.051,0.036,0.105,0.004,0.003,0.079,0.15,0.007,0.006,0.069,0.027,0.145
3,B2_3,0.04,0.003,0.01,0.075,0.089,0.265,0.045,0.001,0.172,0.017,0.023,0.046,0.004,0.128,0.042,0.04
3,y1,0.008,0.069,0.235,0.013,0.009,0.112,0.097,0.005,0.007,0.259,0.033,0.011,0.007,0.014,0.071,0.051
3,y2,0.018,0.002,0.041,0.023,0.223,0.009,0.043,0.002,0.018,0.041,0.039,0.012,0.017,0.257,0.126,0.128
3,y3,0.037,0.013,0.013,0.115,0.005,0.563,0.02,0.005,0.12,0.012,0.017,0.011,0.002,0.011,0.043,0.013
4,.,0.094,0.008,0.067,0.042,0.135,0.02,0.022,0.098,0.089,0.106,0.029,0.009,0.023,0.096,0.082,0.081
4,A1_1,0.07,0.008,0.012,0.163,0.016,0.391,0.058,0.004,0.113,0.007,0.053,0.019,0.001,0.05,0.014,0.023
4,A1_2,0.018,0.248,0.175,0.016,0.066,0.105,0.089,0.005,0.001,0.058,0.036,0.007,0.009,0.016,0.009,0.142
4,A1_3,0.019,0.001,0.014,0.006,0.376,0.025,0.017,0.001,0.025,0.038,0.01,0.055,0.022,0.227,0.034,0.128
4,B1_1,0.062,0.024,0.051,0.029,0.012,0.332,0.06,0.042,0.096,0.061,0.008,0.055,0.005,0.011,0.114,0.038
4,B1_2,0.023,0.062,0.226,0.043,0.025,0.024,0.186,0.014,0.007,0.053,0.15,0.004,0.004,0.041,0.074,0.063
4,B1_3,0.052,0.004,0.029,0.025,0.134,0.12,0.066,0.005,0.098,0.039,0.022,0.086,0.007,0.151,0.055,0.107
4,A2_1,0.03,0.068,0.107,0.038,0.073,0.099,0.092,0.012,0.02,0.163,0.028,0.026,0.014,0.037,0.148,0.045
4,A2_2,0.01,0.004,0.063,0.028,0.118,0.016,0.096,0.001,0.024,0.079,0.055,0.008,0.018,0.227,0.182,0.07
4,A2_3,0.036,0.005,0.027,0.049,0.068,0.042,0.06,0.025,0.071,0.019,0.047,0.021,0.008,0.028,0.455,0.04
4,B2_1,0.045,0.008,0.048,0.015,0.009,0.316,0.075,0.024,0.146,0.049,0.009,0.06,0.004,0.013,0.106,0.074
4,B2_2,0.022,0.057,0.208,0.033,0.054,0.033,0.099,0.004,0.003,0.084,0.145,0.007,0.007,0.074,0.027,0.145
4,B2_3,0.051,0.003,0.009,0.078,0.089,0.241,0.042,0.001,0.172,0.018,0.023,0.049,0.004,0.137,0.041,0.041
4,y1,0.012,0.074,0.228,0.016,0.009,0.103,0.097,0.007,0.008,0.24,0.035,0.011,0.007,0.015,0.084,0.054
4,y2,0.026,0.002,0.037,0.025,0.217,0.009,0.042,0.002,0.021,0.036,0.038,0.013,0.017,0.248,0.134,0.131
4,y3,0.061,0.014,0.014,0.143,0.005,0.475,0.021,0.008,0.133,0.012,0.017,0.012,0.002,0.011,0.055,0.016
5,.,0.111,0.007,0.064,0.041,0.131,0.019,0.021,0.103,0.089,0.101,0.028,0.009,0.024,0.095,0.078,0.08
5,A1_1,0.097,0.008,0.012,0.177,0.016,0.341,0.057,0.004,0.116,0.006,0.054,0.019,0.001,0.05,0.015,0.025
5,A1_2,0.025,0.245,0.161,0.018,0.068,0.105,0.087,0.006,0.001,0.056,0.037,0.008,0.009,0.018,0.01,0.145
5,A1_3,0.026,0.001,0.015,0.006,0.355,0.026,0.018,0.001,0.026,0.039,0.011,0.061,0.022,0.228,0.033,0.131
5,B1_1,0.089,0.026,0.05,0.032,0.013,0.289,0.061,0.054,0.098,0.054,0.009,0.055,0.005,0.012,0.113,0.041
5,B1_2,0.032,0.065,0.212,0.049,0.027,0.022,0.181,0.015,0.007,0.05,0.151,0.004,0.004,0.044,0.073,0.065
5,B1_3,0.068,0.004,0.028,0.026,0.134,0.106,0.062,0.006,0.096,0.038,0.022,0.088,0.008,0.153,0.054,0.108
5,A2_1,0.045,0.065,0.095,0.042,0.074,0.093,0.082,0.015,0.024,0.146,0.027,0.03,0.015,0.037,0.164,0.046
5,A2_2,0.014,0.005,0.063,0.029,0.115,0.016,0.095,0.001,0.025,0.079,0.055,0.008,0.019,0.225,0.179,0.072
5,A2_3,0.051,0.004,0.026,0.053,0.068,0.032,0.052,0.027,0.069,0.016,0.042,0.021,0.009,0.03,0.458,0.042
5,B2_1,0.062,0.008,0.043,0.017,0.009,0.297,0.067,0.025,0.155,0.049,0.008,0.062,0.004,0.014,0.107,0.073
5,B2_2,0.029,0.058,0.195,0.035,0.058,0.031,0.092,0.004,0.003,0.089,0.141,0.007,0.008,0.082,0.026,0.143
5,B2_3,0.064,0.003,0.009,0.084,0.081,0.238,0.039,0.001,0.173,0.017,0.024,0.049,0.004,0.135,0.039,0.037
5,y1,0.018,0.081,0.227,0.018,0.009,0.095,0.095,0.008,0.008,0.218,0.039,0.011,0.008,0.015,0.09,0.059
5,y2,0.04,0.002,0.032,0.026,0.219,0.009,0.039,0.003,0.028,0.03,0.035,0.017,0.018,0.229,0.14,0.134
5,y3,0.09,0.018,0.016,0.166,0.005,0.41,0.021,0.013,0.128,0.012,0.017,0.011,0.002,0.01,0.061,0.018
6,.,0.13,0.007,0.062,0.041,0.126,0.017,0.02,0.106,0.088,0.096,0.027,0.009,0.024,0.094,0.073,0.08
6,A1_1,0.127,0.008,0.012,0.179,0.016,0.303,0.056,0.005,0.118,0.006,0.054,0.021,0.001,0.051,0.015,0.028
6,A1_2,0.035,0.241,0.147,0.02,0.071,0.108,0.084,0.007,0.002,0.053,0.036,0.009,0.009,0.02,0.01,0.147
6,A1_3,0.033,0.001,0.015,0.006,0.333,0.027,0.019,0.001,0.027,0.039,0.012,0.067,0.023,0.23,0.031,0.136
6,B1_1,0.118,0.027,0.047,0.033,0.014,0.26,0.061,0.063,0.1,0.048,0.009,0.057,0.004,0.013,0.104,0.043
6,B1_2,0.042,0.07,0.2,0.053,0.028,0.021,0.173,0.017,0.007,0.049,0.149,0.004,0.005,0.048,0.068,0.066
6,B1_3,0.084,0.004,0.027,0.025,0.133,0.099,0.057,0.005,0.089,0.038,0.022,0.092,0.008,0.156,0.048,0.11
6,A2_1,0.063,0.062,0.083,0.042,0.078,0.093,0.073,0.018,0.027,0.135,0.024,0.036,0.016,0.038,0.163,0.048
6,A2_2,0.018,0.005,0.063,0.028,0.114,0.016,0.094,0.001,0.024,0.083,0.052,0.009,0.021,0.223,0.173,0.075
6,A2_3,0.072,0.004,0.024,0.057,0.071,0.025,0.046,0.026,0.07,0.015,0.037,0.021,0.009,0.035,0.445,0.044
6,B2_1,0.08,0.008,0.039,0.019,0.01,0.283,0.059,0.026,0.161,0.051,0.007,0.063,0.005,0.014,0.105,0.071
6,B2_2,0.037,0.057,0.182,0.037,0.061,0.029,0.086,0.004,0.003,0.095,0.137,0.007,0.009,0.091,0.025,0.139
6,B2_3,0.076,0.003,0.008,0.088,0.073,0.241,0.037,0.001,0.173,0.016,0.026,0.049,0.004,0.132,0.035,0.035
6,y1,0.025,0.089,0.223,0.02,0.009,0.092,0.094,0.01,0.008,0.198,0.042,0.012,0.008,0.016,0.088,0.064
6,y2,0.057,0.002,0.029,0.025,0.221,0.01,0.035,0.004,0.032,0.027,0.032,0.02,0.019,0.221,0.127,0.14
6,y3,0.125,0.02,0.017,0.173,0.005,0.361,0.022,0.019,0.124,0.012,0.017,0.012,0.002,0.01,0.063,0.019
7,.,0.148,0.007,0.06,0.039,0.122,0.016,0.019,0.108,0.086,0.093,0.027,0.009,0.024,0.093,0.07,0.079
7,A1_1,0.164,0.008,0.012,0.177,0.016,0.263,0.055,0.006,0.118,0.006,0.053,0.022,0.001,0.052,0.016,0.03
7,A1_2,0.046,0.238,0.138,0.021,0.07,0.108,0.081,0.008,0.002,0.051,0.037,0.01,0.009,0.021,0.01,0.148
7,A1_3,0.041,0.002,0.015,0.006,0.317,0.027,0.019,0.001,0.027,0.039,0.013,0.071,0.024,0.229,0.03,0.139
7,B1_1,0.15,0.028,0.045,0.034,0.014,0.23,0.06,0.072,0.099,0.044,0.009,0.056,0.004,0.013,0.098,0.044
7,B1_2,0.054,0.072,0.19,0.056,0.029,0.02,0.165,0.018,0.007,0.047,0.148,0.004,0.005,0.051,0.066,0.068
7,B1_3,0.104,0.004,0.026,0.024,0.132,0.089,0.054,0.006,0.084,0.038,0.022,0.094,0.009,0.156,0.047,0.113
7,A2_1,0.086,0.059,0.075,0.041,0.078,0.089,0.066,0.021,0.031,0.123,0.023,0.04,0.016,0.038,0.165,0.049
7,A2_2,0.022,0.005,0.064,0.026,0.114,0.015,0.092,0.001,0.024,0.087,0.049,0.01,0.023,0.218,0.174,0.078
7,A2_3,0.096,0.004,0.023,0.056,0.07,0.018,0.039,0.025,0.068,0.013,0.033,0.02,0.01,0.037,0.443,0.045
7,B2_1,0.101,0.008,0.036,0.021,0.01,0.259,0.053,0.028,0.168,0.051,0.007,0.064,0.005,0.015,0.106,0.07
7,B2_2,0.045,0.057,0.174,0.038,0.062,0.027,0.079,0.004,0.003,0.103,0.132,0.007,0.009,0.098,0.024,0.138
7,B2_3,0.092,0.003,0.008,0.089,0.07,0.229,0.035,0.001,0.174,0.016,0.026,0.05,0.004,0.133,0.034,0.034
7,y1,0.033,0.095,0.22,0.022,0.01,0.088,0.092,0.012,0.009,0.182,0.045,0.012,0.008,0.017,0.088,0.068
7,y2,0.078,0.002,0.026,0.024,0.217,0.01,0.032,0.005,0.036,0.024,0.03,0.023,0.02,0.211,0.121,0.143
7,y3,0.166,0.021,0.018,0.173,0.005,0.306,0.022,0.026,0.123,0.012,0.016,0.012,0.002,0.009,0.067,0.022
8,.,0.166,0.007,0.058,0.039,0.118,0.015,0.018,0.111,0.085,0.089,0.026,0.008,0.024,0.091,0.066,0.078
8,A1_1,0.196,0.008,0.012,0.173,0.016,0.237,0.053,0.006,0.117,0.006,0.053,0.022,0.001,0.052,0.016,0.031
8,A1_2,0.059,0.23,0.13,0.022,0.072,0.109,0.078,0.009,0.002,0.049,0.035,0.011,0.01,0.022,0.01,0.152
8,A1_3,0.05,0.002,0.015,0.006,0.301,0.027,0.019,0.001,0.027,0.038,0.014,0.074,0.024,0.232,0.028,0.14
8,B1_1,0.182,0.028,0.043,0.034,0.014,0.208,0.058,0.078,0.099,0.04,0.009,0.056,0.004,0.014,0.089,0.045
8,B1_2,0.065,0.074,0.182,0.057,0.03,0.019,0.16,0.019,0.007,0.046,0.146,0.004,0.005,0.053,0.063,0.069
8,B1_3,0.122,0.005,0.025,0.023,0.127,0.084,0.052,0.006,0.081,0.037,0.022,0.094,0.009,0.158,0.043,0.112
8,A2_1,0.11,0.056,0.068,0.041,0.078,0.084,0.06,0.024,0.034,0.112,0.021,0.044,0.017,0.038,0.162,0.05
8,A2_2,0.026,0.006,0.063,0.026,0.113,0.015,0.09,0.001,0.024,0.087,0.048,0.01,0.024,0.22,0.168,0.08
8,A2_3,0.12,0.003,0.021,0.057,0.07,0.016,0.035,0.025,0.069,0.013,0.031,0.021,0.011,0.039,0.424,0.046
8,B2_1,0.121,0.008,0.033,0.022,0.011,0.246,0.05,0.029,0.169,0.051,0.006,0.065,0.005,0.016,0.1,0.069
8,B2_2,0.055,0.057,0.168,0.038,0.063,0.025,0.075,0.004,0.003,0.105,0.126,0.008,0.01,0.102,0.023,0.138
8,B2_3,0.105,0.004,0.008,0.091,0.065,0.225,0.033,0.001,0.173,0.015,0.028,0.05,0.004,0.134,0.031,0.033
8,y1,0.042,0.096,0.214,0.023,0.01,0.085,0.09,0.014,0.009,0.171,0.045,0.013,0.009,0.018,0.09,0.073
8,y2,0.097,0.002,0.025,0.023,0.211,0.01,0.031,0.005,0.038,0.022,0.029,0.024,0.02,0.207,0.112,0.143
8,y3,0.209,0.021,0.017,0.173,0.005,0.259,0.022,0.032,0.121,0.012,0.015,0.012,0.002,0.009,0.067,0.023
9,.,0.181,0.007,0.057,0.037,0.114,0.014,0.017,0.113,0.084,0.087,0.026,0.008,0.024,0.089,0.063,0.077
9,A1_1,0.23,0.008,0.012,0.166,0.016,0.21,0.052,0.007,0.116,0.006,0.051,0.023,0.001,0.052,0.016,0.032
9,A1_2,0.073,0.224,0.123,0.023,0.072,0.108,0.074,0.01,0.003,0.048,0.034,0.012,0.01,0.023,0.011,0.152
9,A1_3,0.058,0.002,0.016,0.005,0.286,0.027,0.02,0.002,0.027,0.038,0.015,0.078,0.025,0.231,0.027,0.144
9,B1_1,0.209,0.028,0.042,0.033,0.014,0.188,0.057,0.084,0.096,0.037,0.009,0.055,0.004,0.014,0.083,0.045
9,B1_2,0.078,0.073,0.175,0.058,0.03,0.018,0.154,0.02,0.007,0.044,0.144,0.004,0.005,0.055,0.064,0.07
9,B1_3,0.141,0.005,0.025,0.022,0.124,0.077,0.051,0.006,0.078,0.035,0.023,0.093,0.009,0.155,0.042,0.114
9,A2_1,0.136,0.053,0.062,0.039,0.076,0.079,0.054,0.028,0.037,0.102,0.02,0.047,0.018,0.037,0.162,0.05
9,A2_2,0.03,0.006,0.064,0.025,0.11,0.014,0.088,0.002,0.024,0.09,0.046,0.011,0.026,0.211,0.171,0.083
9,A2_3,0.143,0.003,0.02,0.053,0.068,0.013,0.032,0.025,0.066,0.012,0.028,0.02,0.012,0.04,0.418,0.047
9,B2_1,0.141,0.008,0.031,0.022,0.011,0.228,0.047,0.03,0.172,0.049,0.006,0.065,0.006,0.017,0.098,0.07
9,B2_2,0.064,0.057,0.163,0.038,0.063,0.024,0.071,0.004,0.003,0.108,0.121,0.008,0.011,0.105,0.023,0.138
9,B2_3,0.119,0.004,0.008,0.087,0.064,0.214,0.033,0.001,0.169,0.015,0.029,0.051,0.005,0.137,0.03,0.034
9,y1,0.051,0.098,0.206,0.024,0.01,0.082,0.087,0.015,0.01,0.162,0.045,0.014,0.009,0.018,0.094,0.075
9,y2,0.116,0.002,0.024,0.023,0.203,0.01,0.03,0.006,0.04,0.02,0.029,0.025,0.02,0.199,0.11,0.144
9,y3,0.251,0.02,0.018,0.162,0.005,0.22,0.021,0.039,0.121,0.011,0.014,0.013,0.002,0.009,0.069,0.025
10,.,0.195,0.007,0.056,0.036,0.11,0.014,0.017,0.116,0.082,0.084,0.025,0.008,0.024,0.088,0.06,0.076
10,A1_1,0.26,0.008,0.012,0.159,0.015,0.189,0.052,0.008,0.114,0.006,0.051,0.023,0.001,0.052,0.016,0.034
10,A1_2,0.088,0.22,0.115,0.023,0.072,0.108,0.071,0.011,0.003,0.046,0.033,0.013,0.01,0.024,0.011,0.153
10,A1_3,0.065,0.002,0.017,0.005,0.272,0.028,0.021,0.002,0.026,0.037,0.016,0.08,0.025,0.231,0.026,0.147
10,B1_1,0.233,0.029,0.041,0.031,0.014,0.174,0.056,0.088,0.094,0.034,0.009,0.055,0.004,0.015,0.075,0.046
10,B1_2,0.09,0.075,0.168,0.059,0.03,0.017,0.149,0.022,0.008,0.042,0.142,0.004,0.005,0.056,0.062,0.072
10,B1_3,0.157,0.005,0.026,0.021,0.119,0.072,0.052,0.007,0.075,0.034,0.024,0.091,0.01,0.152,0.04,0.114
10,A2_1,0.162,0.051,0.058,0.038,0.075,0.074,0.051,0.031,0.039,0.091,0.019,0.049,0.018,0.037,0.156,0.051
10,A2_2,0.034,0.007,0.065,0.023,0.108,0.014,0.087,0.002,0.023,0.092,0.044,0.012,0.028,0.206,0.169,0.086
10,A2_3,0.166,0.003,0.02,0.051,0.067,0.011,0.029,0.025,0.064,0.011,0.027,0.02,0.012,0.041,0.403,0.048
10,B2_1,0.159,0.008,0.03,0.022,0.011,0.217,0.045,0.031,0.171,0.047,0.006,0.066,0.006,0.017,0.092,0.07
10,B2_2,0.074,0.058,0.158,0.038,0.063,0.024,0.068,0.004,0.003,0.106,0.117,0.008,0.011,0.107,0.022,0.139
10,B2_3,0.131,0.004,0.008,0.083,0.064,0.204,0.033,0.001,0.163,0.016,0.031,0.053,0.005,0.14,0.029,0.034
10,y1,0.062,0.099,0.197,0.024,0.011,0.082,0.086,0.018,0.011,0.151,0.044,0.015,0.01,0.019,0.096,0.077
10,y2,0.135,0.002,0.024,0.023,0.192,0.009,0.03,0.007,0.038,0.018,0.031,0.024,0.02,0.194,0.105,0.147
10,y3,0.287,0.019,0.017,0.153,0.005,0.193,0.021,0.044,0.121,0.011,0.013,0.013,0.002,0.009,0.066,0.026
11,.,0.206,0.007,0.055,0.036,0.107,0.013,0.017,0.116,0.081,0.083,0.025,0.008,0.025,0.087,0.058,0.076
11,A1_1,0.28,0.008,0.012,0.155,0.015,0.175,0.051,0.008,0.11,0.006,0.052,0.024,0.001,0.053,0.016,0.034
11,A1_2,0.099,0.216,0.11,0.022,0.073,0.106,0.068,0.012,0.003,0.044,0.032,0.014,0.01,0.025,0.011,0.153
11,A1_3,0.072,0.002,0.017,0.005,0.261,0.028,0.021,0.002,0.026,0.037,0.017,0.083,0.026,0.231,0.025,0.148
11,B1_1,0.248,0.03,0.041,0.03,0.015,0.162,0.055,0.089,0.091,0.034,0.01,0.056,0.005,0.015,0.071,0.047
11,B1_2,0.099,0.075,0.163,0.058,0.03,0.017,0.145,0.022,0.008,0.041,0.141,0.004,0.006,0.059,0.06,0.073
11,B1_3,0.17,0.005,0.026,0.02,0.116,0.069,0.051,0.007,0.072,0.033,0.025,0.091,0.01,0.151,0.038,0.115
11,A2_1,0.18,0.049,0.055,0.036,0.074,0.07,0.048,0.032,0.04,0.086,0.018,0.052,0.019,0.038,0.15,0.052
11,A2_2,0.037,0.007,0.065,0.023,0.109,0.014,0.085,0.002,0.022,0.092,0.044,0.012,0.03,0.207,0.164,0.087
11,A2_3,0.187,0.003,0.019,0.051,0.066,0.011,0.028,0.024,0.063,0.011,0.027,0.021,0.013,0.043,0.385,0.048
11,B2_1,0.172,0.009,0.029,0.023,0.011,0.208,0.044,0.031,0.169,0.048,0.006,0.068,0.006,0.018,0.089,0.07
11,B2_2,0.082,0.059,0.153,0.038,0.062,0.024,0.065,0.004,0.003,0.108,0.114,0.008,0.012,0.11,0.021,0.137
11,B2_3,0.139,0.004,0.008,0.083,0.062,0.199,0.033,0.002,0.16,0.016,0.033,0.054,0.005,0.14,0.029,0.034
11,y1,0.069,0.099,0.191,0.024,0.011,0.081,0.085,0.019,0.012,0.146,0.043,0.016,0.01,0.02,0.095,0.08
11,y2,0.15,0.002,0.024,0.023,0.186,0.009,0.029,0.007,0.037,0.018,0.032,0.024,0.021,0.192,0.1,0.147
11,y3,0.307,0.02,0.017,0.15,0.005,0.183,0.02,0.044,0.118,0.01,0.013,0.013,0.002,0.01,0.061,0.026
12,.,0.215,0.008,0.054,0.035,0.104,0.013,0.016,0.118,0.08,0.082,0.025,0.008,0.025,0.087,0.056,0.075
12,A1_1,0.3,0.008,0.012,0.149,0.015,0.161,0.051,0.008,0.109,0.006,0.051,0.025,0.001,0.054,0.016,0.036
12,A1_2,0.109,0.213,0.106,0.022,0.072,0.104,0.066,0.013,0.003,0.044,0.032,0.015,0.011,0.026,0.011,0.152
12,A1_3,0.077,0.002,0.017,0.005,0.251,0.028,0.021,0.002,0.026,0.037,0.018,0.085,0.026,0.231,0.025,0.149
12,B1_1,0.259,0.032,0.041,0.029,0.016,0.151,0.056,0.091,0.089,0.033,0.01,0.057,0.005,0.016,0.068,0.048
12,B1_2,0.108,0.075,0.157,0.057,0.03,0.017,0.141,0.022,0.008,0.039,0.14,0.005,0.006,0.061,0.06,0.075
12,B1_3,0.18,0.006,0.027,0.019,0.114,0.065,0.052,0.008,0.069,0.032,0.026,0.09,0.01,0.15,0.037,0.116
12,A2_1,0.196,0.047,0.052,0.035,0.074,0.065,0.046,0.033,0.042,0.081,0.018,0.053,0.02,0.039,0.146,0.053
12,A2_2,0.04,0.008,0.065,0.021,0.108,0.013,0.083,0.002,0.022,0.092,0.044,0.013,0.032,0.204,0.164,0.089
12,A2_3,0.203,0.003,0.019,0.049,0.065,0.009,0.026,0.024,0.061,0.01,0.026,0.021,0.014,0.044,0.376,0.048
12,B2_1,0.183,0.009,0.029,0.023,0.012,0.194,0.043,0.031,0.168,0.047,0.006,0.07,0.007,0.019,0.088,0.071
12,B2_2,0.09,0.059,0.148,0.037,0.061,0.023,0.063,0.004,0.003,0.108,0.112,0.008,0.012,0.114,0.021,0.136
12,B2_3,0.147,0.005,0.009,0.078,0.063,0.187,0.034,0.002,0.155,0.016,0.034,0.057,0.006,0.142,0.03,0.036
12,y1,0.077,0.098,0.184,0.024,0.012,0.078,0.085,0.02,0.013,0.14,0.043,0.017,0.011,0.021,0.097,0.081
12,y2,0.163,0.002,0.024,0.023,0.179,0.008,0.028,0.007,0.035,0.017,0.033,0.023,0.021,0.19,0.099,0.148
12,y3,0.326,0.019,0.016,0.144,0.005,0.169,0.02,0.046,0.118,0.01,0.013,0.014,0.002,0.01,0.06,0.027
13,.,0.222,0.008,0.054,0.034,0.102,0.013,0.016,0.12,0.078,0.081,0.024,0.008,0.026,0.086,0.055,0.074
13,A1_1,0.315,0.008,0.012,0.146,0.015,0.151,0.05,0.009,0.106,0.006,0.05,0.025,0.001,0.054,0.016,0.036
13,A1_2,0.118,0.212,0.103,0.022,0.071,0.102,0.064,0.014,0.004,0.044,0.032,0.016,0.011,0.026,0.011,0.15
13,A1_3,0.082,0.002,0.017,0.005,0.24,0.028,0.022,0.002,0.025,0.036,0.019,0.087,0.026,0.231,0.024,0.152
13,B1_1,0.266,0.033,0.042,0.028,0.016,0.14,0.055,0.096,0.084,0.033,0.011,0.057,0.005,0.017,0.069,0.048
13,B1_2,0.116,0.072,0.151,0.056,0.03,0.016,0.138,0.024,0.008,0.037,0.138,0.005,0.006,0.062,0.063,0.076
13,B1_3,0.194,0.006,0.027,0.02,0.109,0.061,0.052,0.009,0.068,0.03,0.027,0.087,0.01,0.145,0.038,0.117
13,A2_1,0.213,0.045,0.049,0.035,0.071,0.059,0.042,0.036,0.042,0.075,0.017,0.052,0.02,0.038,0.151,0.053
13,A2_2,0.042,0.008,0.065,0.021,0.105,0.014,0.081,0.002,0.022,0.092,0.043,0.014,0.035,0.197,0.168,0.091
13,A2_3,0.213,0.003,0.019,0.046,0.063,0.009,0.025,0.024,0.059,0.01,0.026,0.021,0.015,0.044,0.374,0.049
13,B2_1,0.19,0.009,0.029,0.023,0.012,0.184,0.042,0.032,0.165,0.047,0.006,0.072,0.007,0.02,0.089,0.074
13,B2_2,0.098,0.059,0.144,0.037,0.06,0.023,0.061,0.005,0.003,0.105,0.111,0.009,0.013,0.114,0.021,0.137
13,B2_3,0.154,0.005,0.009,0.075,0.064,0.178,0.035,0.002,0.149,0.016,0.035,0.059,0.006,0.146,0.03,0.038
13,y1,0.082,0.097,0.178,0.023,0.012,0.075,0.083,0.022,0.014,0.135,0.042,0.018,0.012,0.022,0.105,0.081
13,y2,0.177,0.002,0.024,0.023,0.17,0.008,0.028,0.008,0.035,0.016,0.033,0.023,0.022,0.183,0.103,0.147
13,y3,0.34,0.019,0.016,0.14,0.005,0.154,0.019,0.05,0.117,0.01,0.013,0.014,0.002,0.01,0.062,0.028
14,.,0.227,0.008,0.054,0.034,0.1,0.012,0.016,0.122,0.078,0.08,0.024,0.008,0.026,0.086,0.053,0.074
14,A1_1,0.327,0.008,0.012,0.142,0.015,0.143,0.05,0.009,0.103,0.006,0.05,0.026,0.001,0.055,0.016,0.037
14,A1_2,0.126,0.21,0.1,0.021,0.071,0.1,0.062,0.015,0.004,0.042,0.032,0.017,0.011,0.027,0.011,0.15
14,A1_3,0.086,0.003,0.018,0.005,0.231,0.028,0.022,0.002,0.025,0.036,0.02,0.089,0.027,0.231,0.024,0.154
14,B1_1,0.268,0.036,0.043,0.026,0.017,0.134,0.055,0.099,0.082,0.032,0.011,0.059,0.006,0.018,0.065,0.05
14,B1_2,0.122,0.071,0.146,0.055,0.031,0.016,0.136,0.024,0.009,0.035,0.138,0.005,0.006,0.066,0.062,0.079
14,B1_3,0.2,0.007,0.028,0.019,0.106,0.06,0.054,0.01,0.066,0.029,0.028,0.085,0.011,0.142,0.036,0.119
14,A2_1,0.226,0.043,0.048,0.035,0.071,0.056,0.041,0.038,0.043,0.069,0.018,0.053,0.021,0.04,0.143,0.056
14,A2_2,0.045,0.009,0.065,0.02,0.105,0.014,0.079,0.002,0.022,0.092,0.043,0.015,0.037,0.193,0.165,0.093
14,A2_3,0.226,0.003,0.019,0.045,0.063,0.008,0.025,0.025,0.057,0.01,0.026,0.022,0.016,0.045,0.359,0.051
14,B2_1,0.197,0.009,0.029,0.022,0.012,0.178,0.043,0.033,0.162,0.046,0.007,0.074,0.007,0.021,0.085,0.076
14,B2_2,0.105,0.06,0.14,0.037,0.059,0.024,0.059,0.005,0.003,0.1,0.11,0.009,0.013,0.116,0.021,0.139
14,B2_3,0.159,0.005,0.01,0.07,0.065,0.171,0.036,0.002,0.142,0.017,0.037,0.062,0.007,0.148,0.03,0.04
14,y1,0.088,0.097,0.171,0.022,0.013,0.075,0.084,0.024,0.015,0.129,0.041,0.02,0.013,0.023,0.103,0.083
14,y2,0.188,0.002,0.024,0.024,0.164,0.007,0.027,0.008,0.033,0.015,0.035,0.022,0.023,0.18,0.098,0.15
14,y3,0.344,0.02,0.016,0.136,0.005,0.157,0.02,0.049,0.116,0.01,0.014,0.014,0.002,0.011,0.056,0.028
15,.,0.231,0.008,0.053,0.033,0.098,0.012,0.015,0.124,0.077,0.079,0.024,0.008,0.026,0.085,0.051,0.073
15,A1_1,0.337,0.008,0.012,0.136,0.015,0.136,0.05,0.009,0.102,0.006,0.05,0.026,0.001,0.056,0.015,0.039
15,A1_2,0.135,0.206,0.095,0.021,0.072,0.1,0.059,0.016,0.004,0.042,0.031,0.018,0.012,0.028,0.011,0.15
15,A1_3,0.089,0.003,0.018,0.005,0.222,0.029,0.023,0.002,0.025,0.035,0.022,0.091,0.027,0.231,0.023,0.156
15,B1_1,0.269,0.037,0.044,0.025,0.017,0.129,0.056,0.1,0.08,0.032,0.012,0.06,0.006,0.019,0.062,0.051
15,B1_2,0.127,0.07,0.141,0.054,0.032,0.016,0.134,0.025,0.009,0.033,0.137,0.005,0.007,0.069,0.06,0.081
15,B1_3,0.205,0.008,0.03,0.018,0.103,0.059,0.056,0.011,0.063,0.028,0.03,0.083,0.011,0.141,0.034,0.12
15,A2_1,0.238,0.041,0.046,0.034,0.072,0.053,0.039,0.04,0.044,0.065,0.018,0.054,0.021,0.041,0.136,0.058
15,A2_2,0.048,0.009,0.064,0.019,0.106,0.015,0.077,0.003,0.023,0.091,0.042,0.016,0.04,0.192,0.162,0.094
15,A2_3,0.239,0.003,0.02,0.044,0.062,0.008,0.025,0.025,0.057,0.01,0.027,0.022,0.017,0.046,0.344,0.052
15,B2_1,0.203,0.009,0.029,0.023,0.013,0.169,0.043,0.033,0.16,0.045,0.007,0.075,0.008,0.023,0.083,0.078
15,B2_2,0.113,0.062,0.135,0.037,0.058,0.024,0.058,0.005,0.004,0.096,0.108,0.009,0.013,0.116,0.02,0.14
15,B2_3,0.164,0.006,0.01,0.065,0.067,0.161,0.037,0.002,0.136,0.017,0.038,0.065,0.007,0.152,0.03,0.043
15,y1,0.094,0.094,0.162,0.022,0.014,0.076,0.083,0.027,0.017,0.126,0.039,0.022,0.014,0.025,0.103,0.085
15,y2,0.198,0.002,0.025,0.024,0.156,0.007,0.027,0.009,0.031,0.014,0.038,0.021,0.023,0.18,0.093,0.152
15,y3,0.349,0.021,0.016,0.134,0.005,0.156,0.02,0.049,0.116,0.01,0.014,0.015,0.002,0.012,0.052,0.028
16,.,0.232,0.008,0.053,0.033,0.097,0.012,0.015,0.126,0.077,0.079,0.025,0.008,0.027,0.086,0.05,0.073
16,A1_1,0.339,0.008,0.013,0.131,0.015,0.132,0.051,0.01,0.102,0.006,0.051,0.027,0.001,0.058,0.015,0.04
16,A1_2,0.137,0.207,0.094,0.021,0.073,0.099,0.058,0.016,0.004,0.041,0.03,0.018,0.012,0.029,0.011,0.15
16,A1_3,0.09,0.003,0.019,0.005,0.216,0.028,0.023,0.002,0.024,0.035,0.022,0.091,0.028,0.234,0.022,0.158
16,B1_1,0.264,0.039,0.046,0.024,0.018,0.127,0.057,0.1,0.079,0.033,0.012,0.062,0.006,0.021,0.059,0.053
16,B1_2,0.128,0.068,0.138,0.052,0.033,0.015,0.134,0.025,0.009,0.032,0.138,0.005,0.007,0.072,0.06,0.083
16,B1_3,0.206,0.009,0.031,0.017,0.101,0.058,0.059,0.012,0.062,0.026,0.031,0.081,0.011,0.141,0.033,0.122
16,A2_1,0.243,0.04,0.046,0.033,0.073,0.051,0.039,0.041,0.044,0.06,0.018,0.054,0.022,0.044,0.13,0.061
16,A2_2,0.05,0.009,0.063,0.019,0.106,0.015,0.075,0.003,0.023,0.088,0.041,0.017,0.042,0.191,0.159,0.097
16,A2_3,0.247,0.003,0.021,0.043,0.061,0.008,0.025,0.026,0.056,0.01,0.028,0.023,0.017,0.048,0.327,0.054
16,B2_1,0.206,0.009,0.029,0.022,0.014,0.161,0.045,0.034,0.157,0.044,0.007,0.078,0.008,0.024,0.08,0.082
16,B2_2,0.119,0.063,0.132,0.037,0.058,0.025,0.058,0.005,0.004,0.091,0.108,0.01,0.013,0.117,0.02,0.141
16,B2_3,0.167,0.006,0.011,0.06,0.068,0.151,0.04,0.002,0.13,0.018,0.039,0.068,0.008,0.155,0.031,0.046
16,y1,0.095,0.092,0.156,0.021,0.015,0.077,0.085,0.027,0.019,0.124,0.038,0.024,0.015,0.027,0.1,0.086
16,y2,0.202,0.002,0.025,0.024,0.151,0.007,0.026,0.009,0.029,0.014,0.04,0.02,0.023,0.182,0.089,0.155
16,y3,0.34,0.022,0.017,0.132,0.006,0.166,0.021,0.046,0.118,0.01,0.016,0.016,0.002,0.013,0.047,0.028
17,.,0.233,0.008,0.053,0.033,0.095,0.012,0.015,0.126,0.076,0.08,0.025,0.008,0.027,0.086,0.048,0.073
17,A1_1,0.343,0.008,0.013,0.126,0.016,0.128,0.052,0.01,0.1,0.006,0.052,0.029,0.001,0.06,0.015,0.042
17,A1_2,0.14,0.207,0.091,0.02,0.073,0.098,0.056,0.017,0.004,0.041,0.029,0.019,0.012,0.03,0.011,0.15
17,A1_3,0.091,0.003,0.019,0.005,0.209,0.029,0.023,0.002,0.023,0.035,0.023,0.094,0.029,0.234,0.022,0.159
17,B1_1,0.256,0.042,0.047,0.023,0.02,0.125,0.059,0.1,0.077,0.033,0.013,0.066,0.007,0.022,0.057,0.054
17,B1_2,0.129,0.068,0.135,0.05,0.033,0.016,0.133,0.024,0.009,0.031,0.14,0.006,0.007,0.077,0.057,0.086
17,B1_3,0.205,0.01,0.033,0.016,0.098,0.058,0.06,0.012,0.059,0.026,0.033,0.081,0.011,0.142,0.03,0.125
17,A2_1,0.248,0.04,0.045,0.032,0.075,0.05,0.038,0.041,0.044,0.058,0.019,0.056,0.023,0.047,0.119,0.065
17,A2_2,0.052,0.01,0.062,0.018,0.107,0.015,0.074,0.003,0.024,0.088,0.041,0.019,0.044,0.191,0.153,0.099
17,A2_3,0.255,0.004,0.022,0.042,0.06,0.009,0.026,0.027,0.055,0.01,0.03,0.024,0.018,0.05,0.312,0.056
17,B2_1,0.21,0.009,0.029,0.022,0.014,0.154,0.046,0.035,0.154,0.043,0.008,0.08,0.008,0.026,0.077,0.084
17,B2_2,0.125,0.065,0.128,0.037,0.056,0.025,0.057,0.006,0.004,0.087,0.107,0.01,0.013,0.118,0.02,0.141
17,B2_3,0.168,0.006,0.012,0.054,0.072,0.14,0.041,0.003,0.124,0.018,0.041,0.071,0.009,0.158,0.032,0.05
17,y1,0.097,0.09,0.149,0.02,0.017,0.079,0.086,0.028,0.02,0.123,0.036,0.026,0.015,0.03,0.095,0.089
17,y2,0.207,0.003,0.026,0.025,0.146,0.007,0.025,0.008,0.025,0.015,0.043,0.02,0.024,0.186,0.082,0.16
17,y3,0.328,0.025,0.017,0.131,0.006,0.184,0.022,0.041,0.117,0.01,0.018,0.017,0.002,0.014,0.041,0.028
18,.,0.235,0.008,0.054,0.033,0.094,0.012,0.015,0.126,0.075,0.081,0.025,0.008,0.028,0.086,0.047,0.073
18,A1_1,0.342,0.008,0.013,0.123,0.016,0.128,0.051,0.009,0.1,0.007,0.052,0.03,0.001,0.062,0.015,0.043
18,A1_2,0.143,0.207,0.089,0.02,0.074,0.098,0.055,0.017,0.005,0.042,0.029,0.02,0.013,0.031,0.011,0.149
18,A1_3,0.091,0.003,0.019,0.005,0.202,0.03,0.023,0.002,0.023,0.037,0.024,0.099,0.03,0.234,0.022,0.158
18,B1_1,0.245,0.046,0.049,0.021,0.021,0.124,0.06,0.099,0.075,0.035,0.014,0.07,0.008,0.024,0.057,0.054
18,B1_2,0.13,0.067,0.133,0.048,0.034,0.016,0.132,0.024,0.01,0.031,0.138,0.006,0.008,0.08,0.057,0.087
18,B1_3,0.204,0.011,0.034,0.016,0.097,0.058,0.061,0.013,0.058,0.027,0.034,0.082,0.012,0.141,0.03,0.125
18,A2_1,0.245,0.038,0.044,0.031,0.076,0.049,0.037,0.038,0.045,0.06,0.019,0.059,0.025,0.05,0.12,0.065
18,A2_2,0.053,0.011,0.062,0.017,0.105,0.016,0.072,0.003,0.024,0.091,0.041,0.021,0.047,0.185,0.155,0.098
18,A2_3,0.254,0.004,0.022,0.041,0.06,0.009,0.027,0.026,0.054,0.011,0.031,0.026,0.019,0.051,0.308,0.056
18,B2_1,0.207,0.01,0.029,0.022,0.015,0.15,0.046,0.033,0.152,0.045,0.008,0.085,0.009,0.028,0.078,0.084
18,B2_2,0.13,0.067,0.125,0.037,0.055,0.026,0.056,0.006,0.004,0.089,0.104,0.011,0.013,0.118,0.021,0.138
18,B2_3,0.166,0.007,0.013,0.05,0.073,0.133,0.043,0.003,0.12,0.019,0.043,0.075,0.01,0.16,0.035,0.051
18,y1,0.097,0.087,0.142,0.019,0.018,0.08,0.086,0.028,0.023,0.125,0.034,0.029,0.017,0.032,0.095,0.089
18,y2,0.211,0.003,0.026,0.026,0.141,0.007,0.024,0.008,0.024,0.015,0.044,0.019,0.025,0.186,0.082,0.159
18,y3,0.307,0.028,0.017,0.128,0.006,0.206,0.023,0.035,0.118,0.011,0.019,0.019,0.003,0.015,0.037,0.027
19,.,0.235,0.009,0.054,0.033,0.092,0.012,0.015,0.127,0.075,0.082,0.025,0.008,0.028,0.087,0.046,0.073
19,A1_1,0.344,0.008,0.013,0.12,0.016,0.124,0.052,0.01,0.098,0.007,0.052,0.031,0.002,0.064,0.015,0.044
19,A1_2,0.143,0.209,0.088,0.019,0.074,0.097,0.054,0.017,0.005,0.041,0.029,0.02,0.013,0.032,0.011,0.148
19,A1_3,0.092,0.004,0.019,0.004,0.195,0.03,0.023,0.002,0.022,0.037,0.024,0.101,0.031,0.235,0.021,0.158
19,B1_1,0.236,0.049,0.052,0.02,0.022,0.122,0.061,0.1,0.073,0.036,0.014,0.072,0.009,0.025,0.055,0.054
19,B1_2,0.129,0.066,0.131,0.046,0.034,0.016,0.132,0.023,0.01,0.029,0.141,0.006,0.008,0.084,0.056,0.089
19,B1_3,0.204,0.012,0.035,0.016,0.093,0.059,0.063,0.014,0.056,0.026,0.035,0.081,0.012,0.139,0.029,0.125
19,A2_1,0.248,0.038,0.044,0.031,0.076,0.047,0.037,0.038,0.044,0.057,0.02,0.059,0.026,0.053,0.115,0.068
19,A2_2,0.055,0.011,0.061,0.017,0.104,0.018,0.07,0.004,0.025,0.089,0.04,0.024,0.049,0.182,0.152,0.099
19,A2_3,0.259,0.005,0.024,0.041,0.059,0.009,0.028,0.027,0.053,0.011,0.033,0.027,0.02,0.053,0.294,0.058
19,B2_1,0.209,0.01,0.03,0.022,0.016,0.143,0.048,0.034,0.148,0.043,0.008,0.086,0.009,0.03,0.076,0.087
19,B2_2,0.136,0.071,0.123,0.037,0.053,0.028,0.055,0.006,0.004,0.084,0.104,0.012,0.013,0.117,0.02,0.138
19,B2_3,0.166,0.007,0.014,0.045,0.076,0.121,0.045,0.003,0.113,0.02,0.043,0.08,0.011,0.163,0.036,0.055
19,y1,0.096,0.086,0.137,0.018,0.019,0.081,0.088,0.028,0.024,0.123,0.033,0.031,0.018,0.035,0.091,0.09
19,y2,0.215,0.003,0.027,0.026,0.136,0.007,0.023,0.008,0.022,0.015,0.046,0.019,0.026,0.189,0.079,0.16
19,y3,0.292,0.031,0.017,0.126,0.007,0.223,0.024,0.032,0.118,0.011,0.021,0.02,0.003,0.017,0.033,0.026
20,.,0.236,0.009,0.054,0.033,0.091,0.012,0.015,0.128,0.075,0.083,0.025,0.008,0.029,0.086,0.046,0.072
20,A1_1,0.343,0.008,0.013,0.118,0.016,0.123,0.052,0.01,0.097,0.007,0.053,0.032,0.002,0.066,0.015,0.045
20,A1_2,0.142,0.211,0.087,0.019,0.073,0.096,0.053,0.017,0.005,0.042,0.029,0.02,0.013,0.033,0.01,0.147
20,A1_3,0.092,0.004,0.019,0.004,0.189,0.031,0.023,0.002,0.022,0.037,0.025,0.104,0.032,0.235,0.021,0.158
20,B1_1,0.226,0.053,0.053,0.019,0.023,0.121,0.062,0.101,0.071,0.037,0.015,0.074,0.009,0.026,0.055,0.055
20,B1_2,0.128,0.065,0.128,0.045,0.034,0.016,0.132,0.023,0.01,0.029,0.142,0.007,0.008,0.087,0.055,0.091
20,B1_3,0.202,0.014,0.037,0.015,0.091,0.06,0.064,0.015,0.055,0.027,0.036,0.081,0.012,0.138,0.028,0.125
20,A2_1,0.245,0.037,0.043,0.031,0.078,0.046,0.036,0.036,0.044,0.057,0.02,0.06,0.027,0.056,0.114,0.07
20,A2_2,0.056,0.012,0.06,0.017,0.102,0.019,0.069,0.004,0.026,0.092,0.04,0.026,0.052,0.177,0.152,0.098
20,A2_3,0.258,0.005,0.025,0.04,0.058,0.009,0.028,0.026,0.051,0.012,0.034,0.028,0.021,0.055,0.291,0.059
20,B2_1,0.206,0.01,0.03,0.022,0.016,0.141,0.049,0.033,0.144,0.044,0.009,0.09,0.01,0.032,0.076,0.088
20,B2_2,0.139,0.072,0.12,0.037,0.052,0.028,0.054,0.006,0.004,0.084,0.103,0.012,0.014,0.117,0.021,0.137
20,B2_3,0.164,0.008,0.015,0.042,0.078,0.114,0.047,0.003,0.108,0.021,0.044,0.082,0.012,0.165,0.038,0.058
20,y1,0.093,0.085,0.133,0.018,0.02,0.081,0.089,0.029,0.025,0.123,0.033,0.032,0.019,0.037,0.09,0.091
20,y2,0.22,0.003,0.026,0.027,0.132,0.007,0.022,0.008,0.021,0.016,0.046,0.019,0.027,0.189,0.078,0.161
20,y3,0.276,0.035,0.017,0.124,0.007,0.239,0.024,0.03,0.116,0.012,0.023,0.021,0.003,0.018,0.031,0.026
21,.,0.238,0.009,0.054,0.033,0.089,0.012,0.014,0.128,0.073,0.085,0.025,0.008,0.029,0.086,0.045,0.071
21,A1_1,0.349,0.009,0.013,0.118,0.016,0.119,0.051,0.01,0.094,0.007,0.053,0.033,0.002,0.066,0.015,0.045
21,A1_2,0.145,0.213,0.087,0.019,0.071,0.095,0.053,0.018,0.005,0.043,0.029,0.021,0.014,0.033,0.011,0.145
21,A1_3,0.095,0.004,0.02,0.004,0.181,0.032,0.023,0.002,0.022,0.038,0.026,0.107,0.032,0.235,0.021,0.157
21,B1_1,0.223,0.056,0.054,0.019,0.023,0.118,0.062,0.103,0.068,0.037,0.016,0.075,0.01,0.027,0.055,0.055
21,B1_2,0.13,0.067,0.127,0.044,0.033,0.016,0.132,0.023,0.01,0.029,0.142,0.007,0.008,0.086,0.055,0.09
21,B1_3,0.204,0.015,0.038,0.015,0.089,0.06,0.065,0.016,0.053,0.027,0.037,0.081,0.012,0.135,0.028,0.124
21,A2_1,0.25,0.037,0.043,0.031,0.075,0.044,0.036,0.036,0.043,0.056,0.021,0.06,0.028,0.057,0.113,0.071
21,A2_2,0.058,0.013,0.061,0.016,0.097,0.021,0.069,0.004,0.026,0.093,0.04,0.028,0.053,0.17,0.152,0.098
21,A2_3,0.265,0.005,0.026,0.04,0.056,0.009,0.029,0.027,0.049,0.012,0.035,0.029,0.021,0.055,0.282,0.06
21,B2_1,0.207,0.011,0.031,0.022,0.017,0.138,0.051,0.034,0.14,0.044,0.009,0.092,0.01,0.033,0.073,0.089
21,B2_2,0.145,0.077,0.118,0.037,0.049,0.03,0.053,0.006,0.004,0.082,0.101,0.013,0.013,0.114,0.021,0.135
21,B2_3,0.165,0.008,0.016,0.038,0.081,0.104,0.048,0.004,0.101,0.022,0.045,0.086,0.013,0.167,0.041,0.061
21,y1,0.094,0.085,0.129,0.018,0.021,0.082,0.09,0.029,0.027,0.123,0.032,0.034,0.02,0.038,0.089,0.09
21,y2,0.226,0.003,0.027,0.028,0.125,0.007,0.022,0.008,0.019,0.016,0.048,0.018,0.028,0.188,0.077,0.159
21,y3,0.27,0.037,0.017,0.124,0.007,0.243,0.025,0.029,0.114,0.012,0.024,0.021,0.003,0.018,0.03,0.026
22,.,0.24,0.01,0.054,0.033,0.087,0.012,0.014,0.128,0.073,0.086,0.025,0.008,0.03,0.086,0.044,0.071
22,A1_1,0.353,0.009,0.014,0.115,0.016,0.115,0.051,0.01,0.093,0.007,0.053,0.034,0.002,0.068,0.016,0.046
22,A1_2,0.146,0.214,0.086,0.019,0.069,0.094,0.052,0.018,0.005,0.043,0.03,0.021,0.014,0.034,0.011,0.142
22,A1_3,0.097,0.004,0.02,0.004,0.174,0.032,0.023,0.002,0.021,0.038,0.027,0.109,0.033,0.236,0.021,0.157
22,B1_1,0.218,0.06,0.056,0.019,0.024,0.115,0.062,0.103,0.066,0.038,0.016,0.077,0.011,0.028,0.055,0.055
22,B1_2,0.132,0.066,0.124,0.043,0.033,0.016,0.131,0.023,0.011,0.028,0.144,0.007,0.009,0.087,0.056,0.091
22,B1_3,0.205,0.017,0.04,0.015,0.085,0.061,0.067,0.017,0.053,0.027,0.038,0.08,0.013,0.133,0.028,0.123
22,A2_1,0.253,0.035,0.043,0.031,0.074,0.042,0.035,0.034,0.042,0.055,0.022,0.06,0.029,0.059,0.114,0.072
22,A2_2,0.061,0.014,0.06,0.016,0.093,0.022,0.067,0.005,0.028,0.094,0.039,0.032,0.055,0.163,0.154,0.097
22,A2_3,0.267,0.006,0.027,0.039,0.054,0.01,0.03,0.027,0.047,0.013,0.037,0.029,0.022,0.056,0.276,0.06
22,B2_1,0.207,0.011,0.031,0.022,0.017,0.132,0.052,0.033,0.136,0.043,0.01,0.095,0.01,0.035,0.074,0.091
22,B2_2,0.153,0.08,0.115,0.038,0.048,0.031,0.052,0.007,0.004,0.08,0.099,0.014,0.014,0.111,0.021,0.133
22,B2_3,0.165,0.008,0.017,0.034,0.084,0.093,0.05,0.004,0.095,0.023,0.044,0.09,0.014,0.169,0.043,0.065
22,y1,0.094,0.083,0.124,0.017,0.022,0.082,0.089,0.029,0.028,0.123,0.031,0.036,0.021,0.041,0.09,0.09
22,y2,0.231,0.003,0.027,0.029,0.121,0.006,0.021,0.007,0.019,0.016,0.049,0.018,0.029,0.188,0.079,0.157
22,y3,0.262,0.039,0.018,0.12,0.007,0.249,0.026,0.027,0.113,0.012,0.025,0.023,0.003,0.02,0.029,0.026
23,.,0.241,0.01,0.054,0.033,0.085,0.012,0.014,0.129,0.073,0.086,0.025,0.008,0.03,0.086,0.043,0.07
23,A1_1,0.355,0.009,0.014,0.114,0.016,0.112,0.052,0.01,0.092,0.007,0.053,0.034,0.002,0.069,0.016,0.047
23,A1_2,0.147,0.216,0.085,0.019,0.069,0.094,0.052,0.018,0.005,0.043,0.029,0.021,0.014,0.035,0.011,0.141
23,A1_3,0.098,0.005,0.02,0.004,0.168,0.033,0.023,0.003,0.021,0.038,0.028,0.11,0.033,0.236,0.021,0.158
23,B1_1,0.214,0.063,0.057,0.018,0.024,0.114,0.062,0.103,0.065,0.038,0.017,0.077,0.011,0.029,0.053,0.055
23,B1_2,0.134,0.065,0.122,0.043,0.033,0.017,0.131,0.023,0.011,0.027,0.145,0.008,0.009,0.088,0.056,0.092
23,B1_3,0.205,0.019,0.041,0.015,0.082,0.062,0.069,0.019,0.052,0.026,0.039,0.079,0.013,0.131,0.028,0.122
23,A2_1,0.256,0.035,0.042,0.032,0.074,0.041,0.035,0.034,0.042,0.052,0.023,0.059,0.029,0.062,0.111,0.075
23,A2_2,0.064,0.015,0.059,0.016,0.091,0.024,0.066,0.005,0.029,0.092,0.038,0.035,0.057,0.158,0.152,0.098
23,A2_3,0.272,0.007,0.029,0.039,0.052,0.01,0.032,0.028,0.046,0.013,0.039,0.03,0.022,0.057,0.263,0.062
23,B2_1,0.208,0.011,0.031,0.022,0.018,0.129,0.053,0.032,0.134,0.042,0.011,0.096,0.011,0.037,0.071,0.093
23,B2_2,0.16,0.083,0.113,0.038,0.046,0.033,0.051,0.007,0.005,0.076,0.097,0.014,0.014,0.109,0.021,0.132
23,B2_3,0.165,0.009,0.018,0.031,0.085,0.086,0.051,0.004,0.091,0.023,0.045,0.091,0.016,0.17,0.045,0.069
23,y1,0.095,0.083,0.119,0.017,0.023,0.083,0.089,0.03,0.029,0.121,0.03,0.038,0.022,0.043,0.087,0.09
23,y2,0.234,0.004,0.028,0.029,0.117,0.007,0.021,0.007,0.018,0.017,0.05,0.018,0.029,0.189,0.077,0.156
23,y3,0.256,0.041,0.018,0.117,0.008,0.254,0.027,0.027,0.112,0.013,0.027,0.024,0.003,0.021,0.028,0.026
24,.,0.242,0.01,0.054,0.033,0.084,0.012,0.014,0.13,0.073,0.086,0.025,0.008,0.03,0.085,0.043,0.07
24,A1_1,0.358,0.009,0.014,0.113,0.016,0.109,0.051,0.01,0.092,0.007,0.053,0.034,0.002,0.069,0.016,0.047
24,A1_2,0.147,0.218,0.085,0.019,0.068,0.093,0.052,0.019,0.005,0.044,0.03,0.021,0.014,0.035,0.011,0.139
24,A1_3,0.1,0.005,0.02,0.004,0.165,0.032,0.023,0.003,0.021,0.038,0.028,0.109,0.034,0.237,0.022,0.159
24,B1_1,0.213,0.064,0.058,0.019,0.024,0.111,0.062,0.103,0.064,0.038,0.017,0.078,0.012,0.03,0.052,0.055
24,B1_2,0.137,0.062,0.119,0.042,0.032,0.016,0.13,0.023,0.011,0.025,0.146,0.008,0.009,0.089,0.057,0.092
24,B1_3,0.207,0.019,0.041,0.016,0.08,0.061,0.07,0.021,0.054,0.026,0.039,0.077,0.013,0.128,0.029,0.121
24,A2_1,0.26,0.032,0.041,0.032,0.073,0.037,0.034,0.034,0.042,0.049,0.023,0.056,0.031,0.063,0.116,0.076
24,A2_2,0.067,0.015,0.057,0.016,0.089,0.025,0.063,0.006,0.032,0.089,0.037,0.037,0.06,0.153,0.156,0.1
