,,.,A1_1,A1_2,A1_3,B1_1,B1_2,B1_3,A2_1,A2_2,A2_3,B2_1,B2_2,B2_3,y1,y2,y3
0,.,1.0,-0.247,-0.104,-0.264,-0.409,-0.121,-0.041,0.241,0.156,0.561,-0.347,0.159,-0.286,-0.31,0.111,0.055
0,A1_1,-0.247,1.0,0.056,-0.118,0.078,0.101,0.664,-0.289,-0.151,-0.401,0.126,-0.05,0.023,0.178,-0.227,0.015
0,A1_2,-0.104,0.056,1.0,-0.041,-0.174,0.008,0.12,0.313,0.27,0.087,0.405,0.62,0.295,-0.305,-0.228,-0.224
0,A1_3,-0.264,-0.118,-0.041,1.0,0.236,-0.08,0.323,-0.073,-0.328,-0.612,0.355,-0.036,-0.007,-0.213,0.348,-0.083
0,B1_1,-0.409,0.078,-0.174,0.236,1.0,0.032,-0.028,-0.055,-0.02,-0.41,-0.179,-0.684,-0.177,0.489,-0.222,0.306
0,B1_2,-0.121,0.101,0.008,-0.08,0.032,1.0,0.181,-0.258,0.115,0.223,-0.345,-0.019,-0.094,0.069,-0.026,0.038
0,B1_3,-0.041,0.664,0.12,0.323,-0.028,0.181,1.0,-0.303,-0.079,-0.469,0.184,-0.029,-0.009,-0.295,-0.107,-0.269
0,A2_1,0.241,-0.289,0.313,-0.073,-0.055,-0.258,-0.303,1.0,0.095,0.476,0.007,0.208,0.138,-0.104,0.177,-0.101
0,A2_2,0.156,-0.151,0.27,-0.328,-0.02,0.115,-0.079,0.095,1.0,0.311,0.143,0.096,0.058,0.185,0.078,0.154
0,A2_3,0.561,-0.401,0.087,-0.612,-0.41,0.223,-0.469,0.476,0.311,1.0,-0.474,0.173,-0.111,-0.206,0.039,0.098
0,B2_1,-0.347,0.126,0.405,0.355,-0.179,-0.345,0.184,0.007,0.143,-0.474,1.0,0.452,0.291,-0.064,0.098,-0.269
0,B2_2,0.159,-0.05,0.62,-0.036,-0.684,-0.019,-0.029,0.208,0.096,0.173,0.452,1.0,0.372,-0.388,0.058,-0.31
0,B2_3,-0.286,0.023,0.295,-0.007,-0.177,-0.094,-0.009,0.138,0.058,-0.111,0.291,0.372,1.0,-0.227,0.402,0.218
0,y1,-0.31,0.178,-0.305,-0.213,0.489,0.069,-0.295,-0.104,0.185,-0.206,-0.064,-0.388,-0.227,1.0,-0.043,0.216
0,y2,0.111,-0.227,-0.228,0.348,-0.222,-0.026,-0.107,0.177,0.078,0.039,0.098,0.058,0.402,-0.043,1.0,0.431
0,y3,0.055,0.015,-0.224,-0.083,0.306,0.038,-0.269,-0.101,0.154,0.098,-0.269,-0.31,0.218,0.216,0.431,1.0
1,.,1.0,-0.247,-0.107,-0.263,-0.407,-0.122,-0.04,0.239,0.152,0.56,-0.349,0.156,-0.288,-0.31,0.11,0.056
1,A1_1,-0.247,1.0,0.056,-0.118,0.078,0.102,0.664,-0.288,-0.151,-0.4,0.126,-0.05,0.024,0.179,-0.227,0.015
1,A1_2,-0.107,0.056,1.0,-0.041,-0.175,0.007,0.119,0.313,0.27,0.087,0.405,0.62,0.293,-0.305,-0.228,-0.225
1,A1_3,-0.263,-0.118,-0.041,1.0,0.236,-0.08,0.323,-0.072,-0.328,-0.612,0.355,-0.035,-0.007,-0.213,0.349,-0.083
1,B1_1,-0.407,0.078,-0.175,0.236,1.0,0.031,-0.027,-0.055,-0.021,-0.411,-0.179,-0.685,-0.176,0.489,-0.222,0.307
1,B1_2,-0.122,0.102,0.007,-0.08,0.031,1.0,0.181,-0.258,0.114,0.222,-0.347,-0.021,-0.095,0.07,-0.025,0.039
1,B1_3,-0.04,0.664,0.119,0.323,-0.027,0.181,1.0,-0.303,-0.08,-0.469,0.184,-0.03,-0.009,-0.295,-0.107,-0.268
1,A2_1,0.239,-0.288,0.313,-0.072,-0.055,-0.258,-0.303,1.0,0.096,0.476,0.007,0.208,0.137,-0.103,0.178,-0.1
1,A2_2,0.152,-0.151,0.27,-0.328,-0.021,0.114,-0.08,0.096,1.0,0.311,0.143,0.094,0.057,0.185,0.078,0.155
1,A2_3,0.56,-0.4,0.087,-0.612,-0.411,0.222,-0.469,0.476,0.311,1.0,-0.474,0.172,-0.112,-0.206,0.04,0.098
1,B2_1,-0.349,0.126,0.405,0.355,-0.179,-0.347,0.184,0.007,0.143,-0.474,1.0,0.452,0.291,-0.065,0.099,-0.269
1,B2_2,0.156,-0.05,0.62,-0.035,-0.685,-0.021,-0.03,0.208,0.094,0.172,0.452,1.0,0.372,-0.389,0.059,-0.309
1,B2_3,-0.288,0.024,0.293,-0.007,-0.176,-0.095,-0.009,0.137,0.057,-0.112,0.291,0.372,1.0,-0.227,0.403,0.219
1,y1,-0.31,0.179,-0.305,-0.213,0.489,0.07,-0.295,-0.103,0.185,-0.206,-0.065,-0.389,-0.227,1.0,-0.044,0.216
1,y2,0.11,-0.227,-0.228,0.349,-0.222,-0.025,-0.107,0.178,0.078,0.04,0.099,0.059,0.403,-0.044,1.0,0.431
1,y3,0.056,0.015,-0.225,-0.083,0.307,0.039,-0.268,-0.1,0.155,0.098,-0.269,-0.309,0.219,0.216,0.431,1.0
2,.,1.0,-0.246,-0.109,-0.263,-0.406,-0.121,-0.04,0.237,0.15,0.559,-0.351,0.154,-0.29,-0.31,0.11,0.057
2,A1_1,-0.246,1.0,0.056,-0.118,0.078,0.102,0.664,-0.287,-0.151,-0.4,0.127,-0.05,0.024,0.179,-0.227,0.015
2,A1_2,-0.109,0.056,1.0,-0.041,-0.176,0.005,0.118,0.314,0.269,0.087,0.405,0.62,0.292,-0.305,-0.228,-0.225
2,A1_3,-0.263,-0.118,-0.041,1.0,0.236,-0.08,0.322,-0.071,-0.327,-0.612,0.355,-0.035,-0.006,-0.213,0.35,-0.083
2,B1_1,-0.406,0.078,-0.176,0.236,1.0,0.031,-0.027,-0.056,-0.021,-0.412,-0.179,-0.686,-0.175,0.489,-0.222,0.308
2,B1_2,-0.121,0.102,0.005,-0.08,0.031,1.0,0.181,-0.259,0.113,0.222,-0.348,-0.022,-0.096,0.07,-0.025,0.04
2,B1_3,-0.04,0.664,0.118,0.322,-0.027,0.181,1.0,-0.303,-0.081,-0.469,0.183,-0.03,-0.009,-0.295,-0.106,-0.267
2,A2_1,0.237,-0.287,0.314,-0.071,-0.056,-0.259,-0.303,1.0,0.097,0.477,0.007,0.207,0.136,-0.103,0.179,-0.1
2,A2_2,0.15,-0.151,0.269,-0.327,-0.021,0.113,-0.081,0.097,1.0,0.311,0.142,0.092,0.056,0.186,0.078,0.155
2,A2_3,0.559,-0.4,0.087,-0.612,-0.412,0.222,-0.469,0.477,0.311,1.0,-0.474,0.172,-0.113,-0.206,0.04,0.098
2,B2_1,-0.351,0.127,0.405,0.355,-0.179,-0.348,0.183,0.007,0.142,-0.474,1.0,0.452,0.292,-0.065,0.1,-0.268
2,B2_2,0.154,-0.05,0.62,-0.035,-0.686,-0.022,-0.03,0.207,0.092,0.172,0.452,1.0,0.371,-0.389,0.059,-0.309
2,B2_3,-0.29,0.024,0.292,-0.006,-0.175,-0.096,-0.009,0.136,0.056,-0.113,0.292,0.371,1.0,-0.227,0.403,0.22
2,y1,-0.31,0.179,-0.305,-0.213,0.489,0.07,-0.295,-0.103,0.186,-0.206,-0.065,-0.389,-0.227,1.0,-0.045,0.215
2,y2,0.11,-0.227,-0.228,0.35,-0.222,-0.025,-0.106,0.179,0.078,0.04,0.1,0.059,0.403,-0.045,1.0,0.43
2,y3,0.057,0.015,-0.225,-0.083,0.308,0.04,-0.267,-0.1,0.155,0.098,-0.268,-0.309,0.22,0.215,0.43,1.0
3,.,1.0,-0.245,-0.11,-0.263,-0.405,-0.121,-0.038,0.236,0.147,0.558,-0.352,0.152,-0.292,-0.311,0.108,0.056
3,A1_1,-0.245,1.0,0.056,-0.119,0.079,0.101,0.664,-0.287,-0.151,-0.4,0.127,-0.049,0.024,0.179,-0.227,0.015
3,A1_2,-0.11,0.056,1.0,-0.041,-0.177,0.004,0.117,0.314,0.269,0.087,0.405,0.62,0.291,-0.305,-0.228,-0.225
3,A1_3,-0.263,-0.119,-0.041,1.0,0.236,-0.081,0.322,-0.07,-0.326,-0.611,0.356,-0.035,-0.006,-0.213,0.351,-0.082
3,B1_1,-0.405,0.079,-0.177,0.236,1.0,0.03,-0.026,-0.056,-0.021,-0.412,-0.18,-0.687,-0.174,0.488,-0.221,0.309
3,B1_2,-0.121,0.101,0.004,-0.081,0.03,1.0,0.18,-0.26,0.112,0.22,-0.349,-0.024,-0.098,0.071,-0.025,0.041
3,B1_3,-0.038,0.664,0.117,0.322,-0.026,0.18,1.0,-0.304,-0.082,-0.469,0.183,-0.031,-0.008,-0.294,-0.106,-0.266
3,A2_1,0.236,-0.287,0.314,-0.07,-0.056,-0.26,-0.304,1.0,0.097,0.478,0.007,0.207,0.136,-0.103,0.179,-0.099
3,A2_2,0.147,-0.151,0.269,-0.326,-0.021,0.112,-0.082,0.097,1.0,0.311,0.142,0.091,0.055,0.186,0.079,0.155
3,A2_3,0.558,-0.4,0.087,-0.611,-0.412,0.22,-0.469,0.478,0.311,1.0,-0.474,0.171,-0.114,-0.205,0.041,0.098
3,B2_1,-0.352,0.127,0.405,0.356,-0.18,-0.349,0.183,0.007,0.142,-0.474,1.0,0.452,0.292,-0.065,0.101,-0.267
3,B2_2,0.152,-0.049,0.62,-0.035,-0.687,-0.024,-0.031,0.207,0.091,0.171,0.452,1.0,0.37,-0.389,0.06,-0.309
3,B2_3,-0.292,0.024,0.291,-0.006,-0.174,-0.098,-0.008,0.136,0.055,-0.114,0.292,0.37,1.0,-0.227,0.403,0.221
3,y1,-0.311,0.179,-0.305,-0.213,0.488,0.071,-0.294,-0.103,0.186,-0.205,-0.065,-0.389,-0.227,1.0,-0.046,0.213
3,y2,0.108,-0.227,-0.228,0.351,-0.221,-0.025,-0.106,0.179,0.079,0.041,0.101,0.06,0.403,-0.046,1.0,0.43
3,y3,0.056,0.015,-0.225,-0.082,0.309,0.041,-0.266,-0.099,0.155,0.098,-0.267,-0.309,0.221,0.213,0.43,1.0
4,.,1.0,-0.244,-0.11,-0.263,-0.403,-0.121,-0.037,0.234,0.145,0.558,-0.354,0.151,-0.294,-0.31,0.107,0.055
4,A1_1,-0.244,1.0,0.056,-0.119,0.079,0.102,0.664,-0.287,-0.151,-0.399,0.128,-0.049,0.025,0.18,-0.227,0.015
4,A1_2,-0.11,0.056,1.0,-0.042,-0.178,0.002,0.116,0.314,0.268,0.087,0.405,0.62,0.29,-0.305,-0.227,-0.225
4,A1_3,-0.263,-0.119,-0.042,1.0,0.236,-0.081,0.321,-0.07,-0.326,-0.611,0.356,-0.035,-0.005,-0.212,0.352,-0.082
4,B1_1,-0.403,0.079,-0.178,0.236,1.0,0.03,-0.025,-0.057,-0.022,-0.413,-0.18,-0.688,-0.173,0.488,-0.221,0.309
4,B1_2,-0.121,0.102,0.002,-0.081,0.03,1.0,0.18,-0.26,0.111,0.219,-0.351,-0.026,-0.099,0.071,-0.024,0.042
4,B1_3,-0.037,0.664,0.116,0.321,-0.025,0.18,1.0,-0.304,-0.083,-0.47,0.183,-0.032,-0.008,-0.294,-0.105,-0.265
4,A2_1,0.234,-0.287,0.314,-0.07,-0.057,-0.26,-0.304,1.0,0.098,0.479,0.007,0.206,0.135,-0.103,0.179,-0.099
4,A2_2,0.145,-0.151,0.268,-0.326,-0.022,0.111,-0.083,0.098,1.0,0.312,0.142,0.09,0.055,0.186,0.079,0.156
4,A2_3,0.558,-0.399,0.087,-0.611,-0.413,0.219,-0.47,0.479,0.312,1.0,-0.474,0.171,-0.115,-0.205,0.041,0.098
4,B2_1,-0.354,0.128,0.405,0.356,-0.18,-0.351,0.183,0.007,0.142,-0.474,1.0,0.452,0.292,-0.065,0.102,-0.266
4,B2_2,0.151,-0.049,0.62,-0.035,-0.688,-0.026,-0.032,0.206,0.09,0.171,0.452,1.0,0.37,-0.39,0.061,-0.308
4,B2_3,-0.294,0.025,0.29,-0.005,-0.173,-0.099,-0.008,0.135,0.055,-0.115,0.292,0.37,1.0,-0.228,0.404,0.223
4,y1,-0.31,0.18,-0.305,-0.212,0.488,0.071,-0.294,-0.103,0.186,-0.205,-0.065,-0.39,-0.228,1.0,-0.047,0.213
4,y2,0.107,-0.227,-0.227,0.352,-0.221,-0.024,-0.105,0.179,0.079,0.041,0.102,0.061,0.404,-0.047,1.0,0.429
4,y3,0.055,0.015,-0.225,-0.082,0.309,0.042,-0.265,-0.099,0.156,0.098,-0.266,-0.308,0.223,0.213,0.429,1.0
5,.,1.0,-0.244,-0.111,-0.263,-0.402,-0.119,-0.036,0.233,0.143,0.558,-0.356,0.15,-0.295,-0.31,0.106,0.056
5,A1_1,-0.244,1.0,0.056,-0.119,0.079,0.102,0.664,-0.286,-0.152,-0.399,0.129,-0.049,0.025,0.18,-0.227,0.015
5,A1_2,-0.111,0.056,1.0,-0.042,-0.178,0.001,0.115,0.314,0.268,0.088,0.405,0.619,0.289,-0.304,-0.227,-0.225
5,A1_3,-0.263,-0.119,-0.042,1.0,0.236,-0.081,0.321,-0.069,-0.325,-0.611,0.356,-0.034,-0.005,-0.212,0.354,-0.081
5,B1_1,-0.402,0.079,-0.178,0.236,1.0,0.03,-0.024,-0.057,-0.022,-0.414,-0.18,-0.689,-0.172,0.488,-0.222,0.31
5,B1_2,-0.119,0.102,0.001,-0.081,0.03,1.0,0.18,-0.261,0.11,0.218,-0.352,-0.028,-0.1,0.071,-0.024,0.042
5,B1_3,-0.036,0.664,0.115,0.321,-0.024,0.18,1.0,-0.304,-0.084,-0.469,0.182,-0.032,-0.008,-0.294,-0.104,-0.264
5,A2_1,0.233,-0.286,0.314,-0.069,-0.057,-0.261,-0.304,1.0,0.098,0.479,0.007,0.206,0.135,-0.103,0.18,-0.098
5,A2_2,0.143,-0.152,0.268,-0.325,-0.022,0.11,-0.084,0.098,1.0,0.312,0.141,0.088,0.054,0.186,0.079,0.156
5,A2_3,0.558,-0.399,0.088,-0.611,-0.414,0.218,-0.469,0.479,0.312,1.0,-0.474,0.171,-0.115,-0.205,0.042,0.098
5,B2_1,-0.356,0.129,0.405,0.356,-0.18,-0.352,0.182,0.007,0.141,-0.474,1.0,0.452,0.293,-0.065,0.103,-0.265
5,B2_2,0.15,-0.049,0.619,-0.034,-0.689,-0.028,-0.032,0.206,0.088,0.171,0.452,1.0,0.37,-0.39,0.062,-0.308
5,B2_3,-0.295,0.025,0.289,-0.005,-0.172,-0.1,-0.008,0.135,0.054,-0.115,0.293,0.37,1.0,-0.228,0.404,0.224
5,y1,-0.31,0.18,-0.304,-0.212,0.488,0.071,-0.294,-0.103,0.186,-0.205,-0.065,-0.39,-0.228,1.0,-0.049,0.211
5,y2,0.106,-0.227,-0.227,0.354,-0.222,-0.024,-0.104,0.18,0.079,0.042,0.103,0.062,0.404,-0.049,1.0,0.429
5,y3,0.056,0.015,-0.225,-0.081,0.31,0.042,-0.264,-0.098,0.156,0.098,-0.265,-0.308,0.224,0.211,0.429,1.0
6,.,1.0,-0.244,-0.111,-0.264,-0.401,-0.117,-0.034,0.231,0.141,0.557,-0.358,0.149,-0.297,-0.311,0.104,0.055
6,A1_1,-0.244,1.0,0.056,-0.12,0.08,0.102,0.664,-0.286,-0.151,-0.398,0.13,-0.049,0.025,0.18,-0.227,0.015
6,A1_2,-0.111,0.056,1.0,-0.042,-0.179,-0.0,0.114,0.314,0.268,0.088,0.405,0.619,0.289,-0.304,-0.226,-0.224
6,A1_3,-0.264,-0.12,-0.042,1.0,0.236,-0.082,0.32,-0.068,-0.324,-0.61,0.357,-0.034,-0.004,-0.212,0.355,-0.081
6,B1_1,-0.401,0.08,-0.179,0.236,1.0,0.03,-0.024,-0.058,-0.022,-0.415,-0.18,-0.689,-0.171,0.487,-0.222,0.31
6,B1_2,-0.117,0.102,-0.0,-0.082,0.03,1.0,0.18,-0.262,0.108,0.217,-0.353,-0.029,-0.101,0.072,-0.023,0.044
6,B1_3,-0.034,0.664,0.114,0.32,-0.024,0.18,1.0,-0.305,-0.085,-0.469,0.182,-0.033,-0.008,-0.294,-0.104,-0.262
6,A2_1,0.231,-0.286,0.314,-0.068,-0.058,-0.262,-0.305,1.0,0.099,0.48,0.007,0.206,0.135,-0.103,0.18,-0.098
6,A2_2,0.141,-0.151,0.268,-0.324,-0.022,0.108,-0.085,0.099,1.0,0.312,0.141,0.088,0.054,0.186,0.079,0.157
6,A2_3,0.557,-0.398,0.088,-0.61,-0.415,0.217,-0.469,0.48,0.312,1.0,-0.474,0.171,-0.116,-0.205,0.042,0.098
6,B2_1,-0.358,0.13,0.405,0.357,-0.18,-0.353,0.182,0.007,0.141,-0.474,1.0,0.452,0.293,-0.066,0.104,-0.264
6,B2_2,0.149,-0.049,0.619,-0.034,-0.689,-0.029,-0.033,0.206,0.088,0.171,0.452,1.0,0.369,-0.391,0.063,-0.307
6,B2_3,-0.297,0.025,0.289,-0.004,-0.171,-0.101,-0.008,0.135,0.054,-0.116,0.293,0.369,1.0,-0.228,0.405,0.225
6,y1,-0.311,0.18,-0.304,-0.212,0.487,0.072,-0.294,-0.103,0.186,-0.205,-0.066,-0.391,-0.228,1.0,-0.05,0.21
6,y2,0.104,-0.227,-0.226,0.355,-0.222,-0.023,-0.104,0.18,0.079,0.042,0.104,0.063,0.405,-0.05,1.0,0.429
6,y3,0.055,0.015,-0.224,-0.081,0.31,0.044,-0.262,-0.098,0.157,0.098,-0.264,-0.307,0.225,0.21,0.429,1.0
7,.,1.0,-0.243,-0.111,-0.264,-0.4,-0.115,-0.033,0.231,0.14,0.557,-0.359,0.149,-0.298,-0.311,0.103,0.054
7,A1_1,-0.243,1.0,0.056,-0.12,0.08,0.102,0.664,-0.285,-0.151,-0.398,0.13,-0.049,0.026,0.181,-0.227,0.014
7,A1_2,-0.111,0.056,1.0,-0.043,-0.179,-0.002,0.113,0.314,0.268,0.088,0.405,0.619,0.288,-0.304,-0.226,-0.224
7,A1_3,-0.264,-0.12,-0.043,1.0,0.236,-0.082,0.32,-0.068,-0.323,-0.61,0.357,-0.034,-0.004,-0.212,0.356,-0.08
7,B1_1,-0.4,0.08,-0.179,0.236,1.0,0.03,-0.023,-0.058,-0.022,-0.415,-0.18,-0.69,-0.17,0.487,-0.222,0.311
7,B1_2,-0.115,0.102,-0.002,-0.082,0.03,1.0,0.18,-0.263,0.107,0.216,-0.354,-0.03,-0.103,0.072,-0.023,0.044
7,B1_3,-0.033,0.664,0.113,0.32,-0.023,0.18,1.0,-0.305,-0.086,-0.47,0.181,-0.033,-0.008,-0.293,-0.103,-0.261
7,A2_1,0.231,-0.285,0.314,-0.068,-0.058,-0.263,-0.305,1.0,0.1,0.48,0.007,0.205,0.135,-0.103,0.181,-0.097
7,A2_2,0.14,-0.151,0.268,-0.323,-0.022,0.107,-0.086,0.1,1.0,0.312,0.141,0.087,0.054,0.186,0.079,0.157
7,A2_3,0.557,-0.398,0.088,-0.61,-0.415,0.216,-0.47,0.48,0.312,1.0,-0.473,0.17,-0.116,-0.205,0.043,0.098
7,B2_1,-0.359,0.13,0.405,0.357,-0.18,-0.354,0.181,0.007,0.141,-0.473,1.0,0.452,0.293,-0.066,0.105,-0.264
7,B2_2,0.149,-0.049,0.619,-0.034,-0.69,-0.03,-0.033,0.205,0.087,0.17,0.452,1.0,0.369,-0.391,0.064,-0.307
7,B2_3,-0.298,0.026,0.288,-0.004,-0.17,-0.103,-0.008,0.135,0.054,-0.116,0.293,0.369,1.0,-0.228,0.405,0.226
7,y1,-0.311,0.181,-0.304,-0.212,0.487,0.072,-0.293,-0.103,0.186,-0.205,-0.066,-0.391,-0.228,1.0,-0.051,0.209
7,y2,0.103,-0.227,-0.226,0.356,-0.222,-0.023,-0.103,0.181,0.079,0.043,0.105,0.064,0.405,-0.051,1.0,0.428
7,y3,0.054,0.014,-0.224,-0.08,0.311,0.044,-0.261,-0.097,0.157,0.098,-0.264,-0.307,0.226,0.209,0.428,1.0
8,.,1.0,-0.243,-0.111,-0.264,-0.399,-0.114,-0.032,0.229,0.139,0.557,-0.361,0.149,-0.299,-0.311,0.101,0.054
8,A1_1,-0.243,1.0,0.056,-0.121,0.08,0.103,0.663,-0.285,-0.151,-0.398,0.131,-0.049,0.026,0.181,-0.227,0.014
8,A1_2,-0.111,0.056,1.0,-0.043,-0.179,-0.002,0.112,0.314,0.268,0.088,0.405,0.619,0.287,-0.303,-0.226,-0.224
8,A1_3,-0.264,-0.121,-0.043,1.0,0.236,-0.082,0.319,-0.067,-0.322,-0.609,0.358,-0.034,-0.003,-0.211,0.357,-0.079
8,B1_1,-0.399,0.08,-0.179,0.236,1.0,0.03,-0.022,-0.058,-0.023,-0.415,-0.18,-0.69,-0.169,0.487,-0.222,0.311
8,B1_2,-0.114,0.103,-0.002,-0.082,0.03,1.0,0.181,-0.263,0.106,0.215,-0.355,-0.032,-0.103,0.073,-0.022,0.046
8,B1_3,-0.032,0.663,0.112,0.319,-0.022,0.181,1.0,-0.306,-0.086,-0.47,0.181,-0.034,-0.008,-0.293,-0.102,-0.26
8,A2_1,0.229,-0.285,0.314,-0.067,-0.058,-0.263,-0.306,1.0,0.101,0.481,0.008,0.205,0.134,-0.102,0.181,-0.097
8,A2_2,0.139,-0.151,0.268,-0.322,-0.023,0.106,-0.086,0.101,1.0,0.312,0.14,0.086,0.053,0.186,0.079,0.158
8,A2_3,0.557,-0.398,0.088,-0.609,-0.415,0.215,-0.47,0.481,0.312,1.0,-0.473,0.17,-0.117,-0.205,0.043,0.098
8,B2_1,-0.361,0.131,0.405,0.358,-0.18,-0.355,0.181,0.008,0.14,-0.473,1.0,0.452,0.293,-0.066,0.106,-0.263
8,B2_2,0.149,-0.049,0.619,-0.034,-0.69,-0.032,-0.034,0.205,0.086,0.17,0.452,1.0,0.368,-0.391,0.065,-0.307
8,B2_3,-0.299,0.026,0.287,-0.003,-0.169,-0.103,-0.008,0.134,0.053,-0.117,0.293,0.368,1.0,-0.228,0.405,0.227
8,y1,-0.311,0.181,-0.303,-0.211,0.487,0.073,-0.293,-0.102,0.186,-0.205,-0.066,-0.391,-0.228,1.0,-0.051,0.208
8,y2,0.101,-0.227,-0.226,0.357,-0.222,-0.022,-0.102,0.181,0.079,0.043,0.106,0.065,0.405,-0.051,1.0,0.427
8,y3,0.054,0.014,-0.224,-0.079,0.311,0.046,-0.26,-0.097,0.158,0.098,-0.263,-0.307,0.227,0.208,0.427,1.0
9,.,1.0,-0.244,-0.111,-0.264,-0.398,-0.111,-0.03,0.227,0.137,0.556,-0.362,0.148,-0.301,-0.312,0.099,0.053
9,A1_1,-0.244,1.0,0.056,-0.121,0.08,0.103,0.663,-0.285,-0.151,-0.398,0.132,-0.049,0.027,0.182,-0.227,0.014
9,A1_2,-0.111,0.056,1.0,-0.043,-0.18,-0.004,0.111,0.315,0.267,0.088,0.405,0.619,0.287,-0.303,-0.225,-0.224
9,A1_3,-0.264,-0.121,-0.043,1.0,0.236,-0.082,0.318,-0.067,-0.322,-0.609,0.358,-0.033,-0.003,-0.211,0.358,-0.079
9,B1_1,-0.398,0.08,-0.18,0.236,1.0,0.03,-0.021,-0.059,-0.023,-0.415,-0.18,-0.69,-0.169,0.487,-0.222,0.311
9,B1_2,-0.111,0.103,-0.004,-0.082,0.03,1.0,0.181,-0.264,0.105,0.214,-0.356,-0.033,-0.105,0.073,-0.022,0.047
9,B1_3,-0.03,0.663,0.111,0.318,-0.021,0.181,1.0,-0.306,-0.087,-0.47,0.181,-0.034,-0.008,-0.293,-0.102,-0.258
9,A2_1,0.227,-0.285,0.315,-0.067,-0.059,-0.264,-0.306,1.0,0.102,0.481,0.008,0.205,0.134,-0.102,0.181,-0.097
9,A2_2,0.137,-0.151,0.267,-0.322,-0.023,0.105,-0.087,0.102,1.0,0.313,0.14,0.085,0.053,0.186,0.079,0.158
9,A2_3,0.556,-0.398,0.088,-0.609,-0.415,0.214,-0.47,0.481,0.313,1.0,-0.473,0.17,-0.117,-0.204,0.043,0.098
9,B2_1,-0.362,0.132,0.405,0.358,-0.18,-0.356,0.181,0.008,0.14,-0.473,1.0,0.452,0.293,-0.067,0.107,-0.262
9,B2_2,0.148,-0.049,0.619,-0.033,-0.69,-0.033,-0.034,0.205,0.085,0.17,0.452,1.0,0.368,-0.391,0.066,-0.306
9,B2_3,-0.301,0.027,0.287,-0.003,-0.169,-0.105,-0.008,0.134,0.053,-0.117,0.293,0.368,1.0,-0.228,0.406,0.229
9,y1,-0.312,0.182,-0.303,-0.211,0.487,0.073,-0.293,-0.102,0.186,-0.204,-0.067,-0.391,-0.228,1.0,-0.053,0.206
9,y2,0.099,-0.227,-0.225,0.358,-0.222,-0.022,-0.102,0.181,0.079,0.043,0.107,0.066,0.406,-0.053,1.0,0.427
9,y3,0.053,0.014,-0.224,-0.079,0.311,0.047,-0.258,-0.097,0.158,0.098,-0.262,-0.306,0.229,0.206,0.427,1.0
10,.,1.0,-0.243,-0.111,-0.265,-0.396,-0.109,-0.029,0.226,0.136,0.555,-0.364,0.147,-0.303,-0.312,0.097,0.05
10,A1_1,-0.243,1.0,0.056,-0.122,0.08,0.103,0.663,-0.284,-0.151,-0.398,0.133,-0.048,0.027,0.182,-0.227,0.014
10,A1_2,-0.111,0.056,1.0,-0.044,-0.18,-0.005,0.11,0.315,0.267,0.089,0.405,0.619,0.287,-0.303,-0.225,-0.223
10,A1_3,-0.265,-0.122,-0.044,1.0,0.236,-0.082,0.318,-0.067,-0.321,-0.609,0.358,-0.033,-0.003,-0.211,0.359,-0.078
10,B1_1,-0.396,0.08,-0.18,0.236,1.0,0.031,-0.021,-0.059,-0.023,-0.415,-0.181,-0.691,-0.168,0.486,-0.223,0.312
10,B1_2,-0.109,0.103,-0.005,-0.082,0.031,1.0,0.181,-0.264,0.104,0.214,-0.357,-0.034,-0.106,0.073,-0.021,0.048
10,B1_3,-0.029,0.663,0.11,0.318,-0.021,0.181,1.0,-0.306,-0.088,-0.471,0.18,-0.034,-0.008,-0.292,-0.101,-0.257
10,A2_1,0.226,-0.284,0.315,-0.067,-0.059,-0.264,-0.306,1.0,0.102,0.482,0.008,0.204,0.134,-0.102,0.181,-0.097
10,A2_2,0.136,-0.151,0.267,-0.321,-0.023,0.104,-0.088,0.102,1.0,0.313,0.14,0.084,0.053,0.186,0.079,0.159
10,A2_3,0.555,-0.398,0.089,-0.609,-0.415,0.214,-0.471,0.482,0.313,1.0,-0.473,0.169,-0.118,-0.204,0.043,0.098
10,B2_1,-0.364,0.133,0.405,0.358,-0.181,-0.357,0.18,0.008,0.14,-0.473,1.0,0.452,0.294,-0.067,0.108,-0.261
10,B2_2,0.147,-0.048,0.619,-0.033,-0.691,-0.034,-0.034,0.204,0.084,0.169,0.452,1.0,0.367,-0.392,0.066,-0.306
10,B2_3,-0.303,0.027,0.287,-0.003,-0.168,-0.106,-0.008,0.134,0.053,-0.118,0.294,0.367,1.0,-0.228,0.406,0.23
10,y1,-0.312,0.182,-0.303,-0.211,0.486,0.073,-0.292,-0.102,0.186,-0.204,-0.067,-0.392,-0.228,1.0,-0.054,0.205
10,y2,0.097,-0.227,-0.225,0.359,-0.223,-0.021,-0.101,0.181,0.079,0.043,0.108,0.066,0.406,-0.054,1.0,0.426
10,y3,0.05,0.014,-0.223,-0.078,0.312,0.048,-0.257,-0.097,0.159,0.098,-0.261,-0.306,0.23,0.205,0.426,1.0
11,.,1.0,-0.244,-0.111,-0.266,-0.396,-0.107,-0.027,0.223,0.134,0.555,-0.365,0.148,-0.303,-0.313,0.095,0.049
11,A1_1,-0.244,1.0,0.056,-0.122,0.08,0.103,0.663,-0.284,-0.151,-0.398,0.134,-0.048,0.028,0.182,-0.227,0.013
11,A1_2,-0.111,0.056,1.0,-0.044,-0.181,-0.006,0.109,0.316,0.267,0.089,0.405,0.619,0.286,-0.303,-0.225,-0.223
11,A1_3,-0.266,-0.122,-0.044,1.0,0.236,-0.082,0.317,-0.066,-0.32,-0.608,0.359,-0.033,-0.002,-0.21,0.36,-0.078
11,B1_1,-0.396,0.08,-0.181,0.236,1.0,0.031,-0.02,-0.059,-0.023,-0.416,-0.181,-0.691,-0.168,0.486,-0.223,0.312
11,B1_2,-0.107,0.103,-0.006,-0.082,0.031,1.0,0.181,-0.264,0.104,0.213,-0.358,-0.035,-0.106,0.074,-0.021,0.049
11,B1_3,-0.027,0.663,0.109,0.317,-0.02,0.181,1.0,-0.307,-0.089,-0.471,0.18,-0.034,-0.008,-0.292,-0.1,-0.256
11,A2_1,0.223,-0.284,0.316,-0.066,-0.059,-0.264,-0.307,1.0,0.103,0.483,0.008,0.204,0.134,-0.102,0.182,-0.097
11,A2_2,0.134,-0.151,0.267,-0.32,-0.023,0.104,-0.089,0.103,1.0,0.313,0.139,0.084,0.052,0.186,0.079,0.16
11,A2_3,0.555,-0.398,0.089,-0.608,-0.416,0.213,-0.471,0.483,0.313,1.0,-0.472,0.169,-0.118,-0.204,0.043,0.098
11,B2_1,-0.365,0.134,0.405,0.359,-0.181,-0.358,0.18,0.008,0.139,-0.472,1.0,0.453,0.294,-0.067,0.108,-0.261
11,B2_2,0.148,-0.048,0.619,-0.033,-0.691,-0.035,-0.034,0.204,0.084,0.169,0.453,1.0,0.367,-0.392,0.067,-0.306
11,B2_3,-0.303,0.028,0.286,-0.002,-0.168,-0.106,-0.008,0.134,0.052,-0.118,0.294,0.367,1.0,-0.228,0.406,0.231
11,y1,-0.313,0.182,-0.303,-0.21,0.486,0.074,-0.292,-0.102,0.186,-0.204,-0.067,-0.392,-0.228,1.0,-0.055,0.203
11,y2,0.095,-0.227,-0.225,0.36,-0.223,-0.021,-0.1,0.182,0.079,0.043,0.108,0.067,0.406,-0.055,1.0,0.425
11,y3,0.049,0.013,-0.223,-0.078,0.312,0.049,-0.256,-0.097,0.16,0.098,-0.261,-0.306,0.231,0.203,0.425,1.0
12,.,1.0,-0.243,-0.111,-0.266,-0.396,-0.105,-0.026,0.222,0.133,0.554,-0.366,0.148,-0.304,-0.314,0.093,0.047
12,A1_1,-0.243,1.0,0.056,-0.122,0.081,0.103,0.663,-0.284,-0.151,-0.397,0.134,-0.048,0.028,0.182,-0.227,0.013
12,A1_2,-0.111,0.056,1.0,-0.044,-0.181,-0.007,0.108,0.316,0.267,0.09,0.406,0.619,0.286,-0.303,-0.224,-0.223
12,A1_3,-0.266,-0.122,-0.044,1.0,0.236,-0.082,0.317,-0.065,-0.32,-0.608,0.359,-0.033,-0.002,-0.21,0.361,-0.078
12,B1_1,-0.396,0.081,-0.181,0.236,1.0,0.031,-0.02,-0.059,-0.023,-0.416,-0.181,-0.691,-0.167,0.486,-0.223,0.313
12,B1_2,-0.105,0.103,-0.007,-0.082,0.031,1.0,0.181,-0.264,0.103,0.212,-0.358,-0.036,-0.108,0.074,-0.02,0.051
12,B1_3,-0.026,0.663,0.108,0.317,-0.02,0.181,1.0,-0.307,-0.09,-0.471,0.18,-0.035,-0.008,-0.292,-0.099,-0.256
12,A2_1,0.222,-0.284,0.316,-0.065,-0.059,-0.264,-0.307,1.0,0.104,0.483,0.008,0.204,0.135,-0.102,0.182,-0.097
12,A2_2,0.133,-0.151,0.267,-0.32,-0.023,0.103,-0.09,0.104,1.0,0.314,0.139,0.083,0.052,0.186,0.079,0.161
12,A2_3,0.554,-0.397,0.09,-0.608,-0.416,0.212,-0.471,0.483,0.314,1.0,-0.472,0.169,-0.118,-0.204,0.044,0.098
12,B2_1,-0.366,0.134,0.406,0.359,-0.181,-0.358,0.18,0.008,0.139,-0.472,1.0,0.453,0.294,-0.068,0.109,-0.26
12,B2_2,0.148,-0.048,0.619,-0.033,-0.691,-0.036,-0.035,0.204,0.083,0.169,0.453,1.0,0.366,-0.392,0.067,-0.306
12,B2_3,-0.304,0.028,0.286,-0.002,-0.167,-0.108,-0.008,0.135,0.052,-0.118,0.294,0.366,1.0,-0.229,0.406,0.232
12,y1,-0.314,0.182,-0.303,-0.21,0.486,0.074,-0.292,-0.102,0.186,-0.204,-0.068,-0.392,-0.229,1.0,-0.056,0.203
12,y2,0.093,-0.227,-0.224,0.361,-0.223,-0.02,-0.099,0.182,0.079,0.044,0.109,0.067,0.406,-0.056,1.0,0.424
12,y3,0.047,0.013,-0.223,-0.078,0.313,0.051,-0.256,-0.097,0.161,0.098,-0.26,-0.306,0.232,0.203,0.424,1.0
13,.,1.0,-0.244,-0.112,-0.267,-0.395,-0.103,-0.025,0.221,0.131,0.554,-0.368,0.147,-0.306,-0.315,0.09,0.045
13,A1_1,-0.244,1.0,0.056,-0.123,0.08,0.103,0.663,-0.283,-0.15,-0.397,0.135,-0.047,0.029,0.182,-0.226,0.013
13,A1_2,-0.112,0.056,1.0,-0.044,-0.182,-0.008,0.107,0.317,0.267,0.09,0.406,0.619,0.285,-0.302,-0.223,-0.222
13,A1_3,-0.267,-0.123,-0.044,1.0,0.236,-0.082,0.316,-0.065,-0.319,-0.608,0.359,-0.032,-0.001,-0.21,0.362,-0.077
13,B1_1,-0.395,0.08,-0.182,0.236,1.0,0.031,-0.019,-0.059,-0.023,-0.416,-0.181,-0.692,-0.166,0.486,-0.223,0.313
13,B1_2,-0.103,0.103,-0.008,-0.082,0.031,1.0,0.181,-0.265,0.102,0.212,-0.359,-0.037,-0.108,0.075,-0.02,0.052
13,B1_3,-0.025,0.663,0.107,0.316,-0.019,0.181,1.0,-0.307,-0.091,-0.471,0.18,-0.035,-0.007,-0.292,-0.099,-0.255
13,A2_1,0.221,-0.283,0.317,-0.065,-0.059,-0.265,-0.307,1.0,0.105,0.484,0.008,0.204,0.135,-0.102,0.182,-0.096
13,A2_2,0.131,-0.15,0.267,-0.319,-0.023,0.102,-0.091,0.105,1.0,0.315,0.138,0.082,0.051,0.187,0.079,0.161
13,A2_3,0.554,-0.397,0.09,-0.608,-0.416,0.212,-0.471,0.484,0.315,1.0,-0.472,0.169,-0.119,-0.203,0.044,0.097
13,B2_1,-0.368,0.135,0.406,0.359,-0.181,-0.359,0.18,0.008,0.138,-0.472,1.0,0.453,0.294,-0.068,0.11,-0.26
13,B2_2,0.147,-0.047,0.619,-0.032,-0.692,-0.037,-0.035,0.204,0.082,0.169,0.453,1.0,0.366,-0.392,0.069,-0.305
13,B2_3,-0.306,0.029,0.285,-0.001,-0.166,-0.108,-0.007,0.135,0.051,-0.119,0.294,0.366,1.0,-0.229,0.406,0.233
13,y1,-0.315,0.182,-0.302,-0.21,0.486,0.075,-0.292,-0.102,0.187,-0.203,-0.068,-0.392,-0.229,1.0,-0.057,0.202
13,y2,0.09,-0.226,-0.223,0.362,-0.223,-0.02,-0.099,0.182,0.079,0.044,0.11,0.069,0.406,-0.057,1.0,0.424
13,y3,0.045,0.013,-0.222,-0.077,0.313,0.052,-0.255,-0.096,0.161,0.097,-0.26,-0.305,0.233,0.202,0.424,1.0
14,.,1.0,-0.244,-0.112,-0.268,-0.394,-0.101,-0.024,0.219,0.129,0.553,-0.369,0.146,-0.308,-0.316,0.087,0.043
14,A1_1,-0.244,1.0,0.056,-0.123,0.081,0.103,0.663,-0.283,-0.15,-0.397,0.136,-0.047,0.029,0.182,-0.226,0.012
14,A1_2,-0.112,0.056,1.0,-0.044,-0.182,-0.009,0.106,0.317,0.267,0.091,0.406,0.619,0.285,-0.302,-0.223,-0.222
14,A1_3,-0.268,-0.123,-0.044,1.0,0.236,-0.082,0.316,-0.064,-0.319,-0.607,0.36,-0.032,-0.001,-0.209,0.363,-0.077
14,B1_1,-0.394,0.081,-0.182,0.236,1.0,0.031,-0.019,-0.059,-0.023,-0.416,-0.181,-0.692,-0.166,0.486,-0.224,0.313
14,B1_2,-0.101,0.103,-0.009,-0.082,0.031,1.0,0.181,-0.265,0.102,0.211,-0.36,-0.038,-0.109,0.075,-0.019,0.053
14,B1_3,-0.024,0.663,0.106,0.316,-0.019,0.181,1.0,-0.307,-0.092,-0.471,0.18,-0.035,-0.007,-0.292,-0.098,-0.254
14,A2_1,0.219,-0.283,0.317,-0.064,-0.059,-0.265,-0.307,1.0,0.105,0.485,0.008,0.205,0.135,-0.102,0.183,-0.096
14,A2_2,0.129,-0.15,0.267,-0.319,-0.023,0.102,-0.092,0.105,1.0,0.315,0.138,0.082,0.051,0.187,0.079,0.162
14,A2_3,0.553,-0.397,0.091,-0.607,-0.416,0.211,-0.471,0.485,0.315,1.0,-0.471,0.169,-0.119,-0.203,0.044,0.097
14,B2_1,-0.369,0.136,0.406,0.36,-0.181,-0.36,0.18,0.008,0.138,-0.471,1.0,0.453,0.294,-0.068,0.111,-0.259
14,B2_2,0.146,-0.047,0.619,-0.032,-0.692,-0.038,-0.035,0.205,0.082,0.169,0.453,1.0,0.366,-0.392,0.069,-0.305
14,B2_3,-0.308,0.029,0.285,-0.001,-0.166,-0.109,-0.007,0.135,0.051,-0.119,0.294,0.366,1.0,-0.229,0.407,0.234
14,y1,-0.316,0.182,-0.302,-0.209,0.486,0.075,-0.292,-0.102,0.187,-0.203,-0.068,-0.392,-0.229,1.0,-0.058,0.2
14,y2,0.087,-0.226,-0.223,0.363,-0.224,-0.019,-0.098,0.183,0.079,0.044,0.111,0.069,0.407,-0.058,1.0,0.423
14,y3,0.043,0.012,-0.222,-0.077,0.313,0.053,-0.254,-0.096,0.162,0.097,-0.259,-0.305,0.234,0.2,0.423,1.0
15,.,1.0,-0.244,-0.113,-0.268,-0.393,-0.1,-0.022,0.217,0.127,0.552,-0.371,0.145,-0.309,-0.316,0.084,0.042
15,A1_1,-0.244,1.0,0.056,-0.123,0.081,0.103,0.663,-0.282,-0.15,-0.397,0.137,-0.047,0.03,0.182,-0.226,0.012
15,A1_2,-0.113,0.056,1.0,-0.044,-0.182,-0.01,0.105,0.318,0.266,0.091,0.406,0.619,0.284,-0.302,-0.222,-0.222
15,A1_3,-0.268,-0.123,-0.044,1.0,0.236,-0.082,0.315,-0.064,-0.318,-0.607,0.36,-0.032,-0.0,-0.209,0.364,-0.077
15,B1_1,-0.393,0.081,-0.182,0.236,1.0,0.031,-0.018,-0.059,-0.023,-0.417,-0.181,-0.692,-0.165,0.486,-0.224,0.314
15,B1_2,-0.1,0.103,-0.01,-0.082,0.031,1.0,0.181,-0.265,0.101,0.211,-0.361,-0.039,-0.11,0.076,-0.018,0.054
15,B1_3,-0.022,0.663,0.105,0.315,-0.018,0.181,1.0,-0.308,-0.093,-0.472,0.18,-0.035,-0.007,-0.292,-0.098,-0.253
15,A2_1,0.217,-0.282,0.318,-0.064,-0.059,-0.265,-0.308,1.0,0.106,0.485,0.009,0.205,0.135,-0.102,0.183,-0.096
15,A2_2,0.127,-0.15,0.266,-0.318,-0.023,0.101,-0.093,0.106,1.0,0.316,0.138,0.081,0.051,0.187,0.079,0.162
15,A2_3,0.552,-0.397,0.091,-0.607,-0.417,0.211,-0.472,0.485,0.316,1.0,-0.471,0.169,-0.119,-0.203,0.044,0.098
15,B2_1,-0.371,0.137,0.406,0.36,-0.181,-0.361,0.18,0.009,0.138,-0.471,1.0,0.453,0.295,-0.068,0.111,-0.259
15,B2_2,0.145,-0.047,0.619,-0.032,-0.692,-0.039,-0.035,0.205,0.081,0.169,0.453,1.0,0.365,-0.392,0.07,-0.305
15,B2_3,-0.309,0.03,0.284,-0.0,-0.165,-0.11,-0.007,0.135,0.051,-0.119,0.295,0.365,1.0,-0.229,0.407,0.235
15,y1,-0.316,0.182,-0.302,-0.209,0.486,0.076,-0.292,-0.102,0.187,-0.203,-0.068,-0.392,-0.229,1.0,-0.059,0.199
15,y2,0.084,-0.226,-0.222,0.364,-0.224,-0.018,-0.098,0.183,0.079,0.044,0.111,0.07,0.407,-0.059,1.0,0.423
15,y3,0.042,0.012,-0.222,-0.077,0.314,0.054,-0.253,-0.096,0.162,0.098,-0.259,-0.305,0.235,0.199,0.423,1.0
16,.,1.0,-0.244,-0.113,-0.269,-0.392,-0.097,-0.021,0.215,0.125,0.552,-0.372,0.145,-0.31,-0.317,0.082,0.04
16,A1_1,-0.244,1.0,0.056,-0.124,0.081,0.104,0.663,-0.282,-0.149,-0.397,0.137,-0.047,0.03,0.183,-0.226,0.011
16,A1_2,-0.113,0.056,1.0,-0.045,-0.182,-0.011,0.104,0.318,0.267,0.092,0.407,0.619,0.284,-0.301,-0.222,-0.221
16,A1_3,-0.269,-0.124,-0.045,1.0,0.236,-0.082,0.315,-0.064,-0.318,-0.606,0.36,-0.032,-0.0,-0.209,0.365,-0.076
16,B1_1,-0.392,0.081,-0.182,0.236,1.0,0.031,-0.018,-0.059,-0.024,-0.417,-0.181,-0.692,-0.165,0.485,-0.224,0.314
16,B1_2,-0.097,0.104,-0.011,-0.082,0.031,1.0,0.182,-0.265,0.1,0.211,-0.361,-0.04,-0.111,0.076,-0.018,0.056
16,B1_3,-0.021,0.663,0.104,0.315,-0.018,0.182,1.0,-0.308,-0.093,-0.472,0.18,-0.035,-0.007,-0.291,-0.097,-0.252
16,A2_1,0.215,-0.282,0.318,-0.064,-0.059,-0.265,-0.308,1.0,0.107,0.486,0.009,0.205,0.135,-0.102,0.183,-0.095
16,A2_2,0.125,-0.149,0.267,-0.318,-0.024,0.1,-0.093,0.107,1.0,0.316,0.138,0.081,0.05,0.187,0.079,0.163
16,A2_3,0.552,-0.397,0.092,-0.606,-0.417,0.211,-0.472,0.486,0.316,1.0,-0.471,0.169,-0.119,-0.203,0.045,0.098
16,B2_1,-0.372,0.137,0.407,0.36,-0.181,-0.361,0.18,0.009,0.138,-0.471,1.0,0.453,0.295,-0.069,0.112,-0.258
16,B2_2,0.145,-0.047,0.619,-0.032,-0.692,-0.04,-0.035,0.205,0.081,0.169,0.453,1.0,0.365,-0.393,0.07,-0.305
16,B2_3,-0.31,0.03,0.284,-0.0,-0.165,-0.111,-0.007,0.135,0.05,-0.119,0.295,0.365,1.0,-0.23,0.407,0.236
16,y1,-0.317,0.183,-0.301,-0.209,0.485,0.076,-0.291,-0.102,0.187,-0.203,-0.069,-0.393,-0.23,1.0,-0.06,0.197
16,y2,0.082,-0.226,-0.222,0.365,-0.224,-0.018,-0.097,0.183,0.079,0.045,0.112,0.07,0.407,-0.06,1.0,0.422
16,y3,0.04,0.011,-0.221,-0.076,0.314,0.056,-0.252,-0.095,0.163,0.098,-0.258,-0.305,0.236,0.197,0.422,1.0
17,.,1.0,-0.244,-0.112,-0.269,-0.391,-0.096,-0.02,0.214,0.123,0.551,-0.373,0.145,-0.311,-0.318,0.08,0.038
17,A1_1,-0.244,1.0,0.056,-0.124,0.081,0.104,0.663,-0.282,-0.149,-0.396,0.138,-0.046,0.031,0.183,-0.226,0.011
17,A1_2,-0.112,0.056,1.0,-0.045,-0.183,-0.012,0.104,0.318,0.267,0.092,0.407,0.619,0.284,-0.301,-0.221,-0.221
17,A1_3,-0.269,-0.124,-0.045,1.0,0.236,-0.082,0.314,-0.063,-0.316,-0.606,0.361,-0.031,0.0,-0.208,0.366,-0.076
17,B1_1,-0.391,0.081,-0.183,0.236,1.0,0.031,-0.018,-0.06,-0.024,-0.417,-0.181,-0.692,-0.164,0.485,-0.224,0.314
17,B1_2,-0.096,0.104,-0.012,-0.082,0.031,1.0,0.182,-0.265,0.1,0.21,-0.362,-0.04,-0.111,0.077,-0.017,0.057
17,B1_3,-0.02,0.663,0.104,0.314,-0.018,0.182,1.0,-0.309,-0.094,-0.472,0.179,-0.035,-0.007,-0.291,-0.096,-0.251
17,A2_1,0.214,-0.282,0.318,-0.063,-0.06,-0.265,-0.309,1.0,0.107,0.486,0.009,0.204,0.135,-0.102,0.184,-0.095
17,A2_2,0.123,-0.149,0.267,-0.316,-0.024,0.1,-0.094,0.107,1.0,0.316,0.138,0.081,0.05,0.187,0.079,0.163
17,A2_3,0.551,-0.396,0.092,-0.606,-0.417,0.21,-0.472,0.486,0.316,1.0,-0.47,0.169,-0.119,-0.202,0.045,0.098
17,B2_1,-0.373,0.138,0.407,0.361,-0.181,-0.362,0.179,0.009,0.138,-0.47,1.0,0.453,0.295,-0.069,0.113,-0.258
17,B2_2,0.145,-0.046,0.619,-0.031,-0.692,-0.04,-0.035,0.204,0.081,0.169,0.453,1.0,0.365,-0.393,0.071,-0.305
17,B2_3,-0.311,0.031,0.284,0.0,-0.164,-0.111,-0.007,0.135,0.05,-0.119,0.295,0.365,1.0,-0.23,0.408,0.237
17,y1,-0.318,0.183,-0.301,-0.208,0.485,0.077,-0.291,-0.102,0.187,-0.202,-0.069,-0.393,-0.23,1.0,-0.061,0.197
17,y2,0.08,-0.226,-0.221,0.366,-0.224,-0.017,-0.096,0.184,0.079,0.045,0.113,0.071,0.408,-0.061,1.0,0.421
17,y3,0.038,0.011,-0.221,-0.076,0.314,0.057,-0.251,-0.095,0.163,0.098,-0.258,-0.305,0.237,0.197,0.421,1.0
18,.,1.0,-0.243,-0.112,-0.27,-0.39,-0.094,-0.018,0.212,0.122,0.549,-0.374,0.146,-0.312,-0.319,0.077,0.035
18,A1_1,-0.243,1.0,0.056,-0.124,0.081,0.104,0.663,-0.281,-0.149,-0.396,0.139,-0.046,0.032,0.183,-0.225,0.01
18,A1_2,-0.112,0.056,1.0,-0.045,-0.183,-0.013,0.103,0.319,0.267,0.093,0.407,0.619,0.283,-0.301,-0.221,-0.22
18,A1_3,-0.27,-0.124,-0.045,1.0,0.236,-0.082,0.313,-0.063,-0.316,-0.606,0.361,-0.031,0.001,-0.208,0.368,-0.075
18,B1_1,-0.39,0.081,-0.183,0.236,1.0,0.031,-0.017,-0.06,-0.024,-0.417,-0.181,-0.692,-0.164,0.485,-0.224,0.315
18,B1_2,-0.094,0.104,-0.013,-0.082,0.031,1.0,0.182,-0.266,0.099,0.21,-0.362,-0.041,-0.112,0.077,-0.017,0.059
18,B1_3,-0.018,0.663,0.103,0.313,-0.017,0.182,1.0,-0.309,-0.094,-0.472,0.179,-0.035,-0.007,-0.291,-0.096,-0.25
18,A2_1,0.212,-0.281,0.319,-0.063,-0.06,-0.266,-0.309,1.0,0.108,0.487,0.009,0.205,0.135,-0.102,0.184,-0.095
18,A2_2,0.122,-0.149,0.267,-0.316,-0.024,0.099,-0.094,0.108,1.0,0.317,0.137,0.08,0.05,0.187,0.079,0.164
18,A2_3,0.549,-0.396,0.093,-0.606,-0.417,0.21,-0.472,0.487,0.317,1.0,-0.47,0.169,-0.119,-0.202,0.045,0.098
18,B2_1,-0.374,0.139,0.407,0.361,-0.181,-0.362,0.179,0.009,0.137,-0.47,1.0,0.453,0.295,-0.07,0.114,-0.257
18,B2_2,0.146,-0.046,0.619,-0.031,-0.692,-0.041,-0.035,0.205,0.08,0.169,0.453,1.0,0.364,-0.393,0.071,-0.305
18,B2_3,-0.312,0.032,0.283,0.001,-0.164,-0.112,-0.007,0.135,0.05,-0.119,0.295,0.364,1.0,-0.23,0.408,0.238
18,y1,-0.319,0.183,-0.301,-0.208,0.485,0.077,-0.291,-0.102,0.187,-0.202,-0.07,-0.393,-0.23,1.0,-0.062,0.195
18,y2,0.077,-0.225,-0.221,0.368,-0.224,-0.017,-0.096,0.184,0.079,0.045,0.114,0.071,0.408,-0.062,1.0,0.42
18,y3,0.035,0.01,-0.22,-0.075,0.315,0.059,-0.25,-0.095,0.164,0.098,-0.257,-0.305,0.238,0.195,0.42,1.0
19,.,1.0,-0.243,-0.112,-0.27,-0.389,-0.092,-0.017,0.21,0.12,0.548,-0.375,0.145,-0.313,-0.32,0.074,0.033
19,A1_1,-0.243,1.0,0.056,-0.125,0.081,0.104,0.663,-0.281,-0.149,-0.396,0.14,-0.045,0.032,0.183,-0.225,0.01
19,A1_2,-0.112,0.056,1.0,-0.045,-0.183,-0.014,0.102,0.319,0.267,0.093,0.407,0.619,0.283,-0.3,-0.22,-0.22
19,A1_3,-0.27,-0.125,-0.045,1.0,0.235,-0.082,0.313,-0.062,-0.315,-0.605,0.361,-0.031,0.001,-0.207,0.369,-0.075
19,B1_1,-0.389,0.081,-0.183,0.235,1.0,0.031,-0.017,-0.06,-0.024,-0.418,-0.181,-0.693,-0.163,0.485,-0.225,0.316
19,B1_2,-0.092,0.104,-0.014,-0.082,0.031,1.0,0.182,-0.266,0.099,0.21,-0.363,-0.042,-0.113,0.078,-0.017,0.06
19,B1_3,-0.017,0.663,0.102,0.313,-0.017,0.182,1.0,-0.309,-0.095,-0.472,0.179,-0.035,-0.007,-0.291,-0.095,-0.25
19,A2_1,0.21,-0.281,0.319,-0.062,-0.06,-0.266,-0.309,1.0,0.109,0.487,0.009,0.205,0.135,-0.101,0.184,-0.095
19,A2_2,0.12,-0.149,0.267,-0.315,-0.024,0.099,-0.095,0.109,1.0,0.318,0.137,0.079,0.049,0.187,0.079,0.165
19,A2_3,0.548,-0.396,0.093,-0.605,-0.418,0.21,-0.472,0.487,0.318,1.0,-0.469,0.169,-0.119,-0.202,0.045,0.098
19,B2_1,-0.375,0.14,0.407,0.361,-0.181,-0.363,0.179,0.009,0.137,-0.469,1.0,0.453,0.296,-0.07,0.115,-0.257
19,B2_2,0.145,-0.045,0.619,-0.031,-0.693,-0.042,-0.035,0.205,0.079,0.169,0.453,1.0,0.364,-0.393,0.072,-0.305
19,B2_3,-0.313,0.032,0.283,0.001,-0.163,-0.113,-0.007,0.135,0.049,-0.119,0.296,0.364,1.0,-0.23,0.408,0.239
19,y1,-0.32,0.183,-0.3,-0.207,0.485,0.078,-0.291,-0.101,0.187,-0.202,-0.07,-0.393,-0.23,1.0,-0.063,0.195
19,y2,0.074,-0.225,-0.22,0.369,-0.225,-0.017,-0.095,0.184,0.079,0.045,0.115,0.072,0.408,-0.063,1.0,0.419
19,y3,0.033,0.01,-0.22,-0.075,0.316,0.06,-0.25,-0.095,0.165,0.098,-0.257,-0.305,0.239,0.195,0.419,1.0
20,.,1.0,-0.243,-0.113,-0.271,-0.388,-0.091,-0.015,0.208,0.118,0.547,-0.377,0.144,-0.314,-0.32,0.071,0.031
20,A1_1,-0.243,1.0,0.056,-0.125,0.081,0.104,0.663,-0.28,-0.148,-0.396,0.141,-0.045,0.033,0.183,-0.225,0.01
20,A1_2,-0.113,0.056,1.0,-0.045,-0.184,-0.015,0.101,0.32,0.267,0.093,0.407,0.619,0.283,-0.3,-0.219,-0.219
20,A1_3,-0.271,-0.125,-0.045,1.0,0.235,-0.082,0.312,-0.062,-0.315,-0.605,0.362,-0.031,0.001,-0.207,0.37,-0.074
20,B1_1,-0.388,0.081,-0.184,0.235,1.0,0.03,-0.016,-0.06,-0.024,-0.418,-0.181,-0.693,-0.163,0.485,-0.225,0.316
20,B1_2,-0.091,0.104,-0.015,-0.082,0.03,1.0,0.182,-0.266,0.098,0.21,-0.364,-0.042,-0.113,0.078,-0.016,0.061
20,B1_3,-0.015,0.663,0.101,0.312,-0.016,0.182,1.0,-0.31,-0.096,-0.472,0.179,-0.035,-0.006,-0.291,-0.094,-0.249
20,A2_1,0.208,-0.28,0.32,-0.062,-0.06,-0.266,-0.31,1.0,0.11,0.488,0.009,0.205,0.135,-0.101,0.185,-0.094
20,A2_2,0.118,-0.148,0.267,-0.315,-0.024,0.098,-0.096,0.11,1.0,0.318,0.137,0.079,0.049,0.187,0.079,0.165
20,A2_3,0.547,-0.396,0.093,-0.605,-0.418,0.21,-0.472,0.488,0.318,1.0,-0.469,0.169,-0.119,-0.201,0.045,0.098
20,B2_1,-0.377,0.141,0.407,0.362,-0.181,-0.364,0.179,0.009,0.137,-0.469,1.0,0.453,0.296,-0.07,0.116,-0.256
20,B2_2,0.144,-0.045,0.619,-0.031,-0.693,-0.042,-0.035,0.205,0.079,0.169,0.453,1.0,0.363,-0.394,0.073,-0.304
20,B2_3,-0.314,0.033,0.283,0.001,-0.163,-0.113,-0.006,0.135,0.049,-0.119,0.296,0.363,1.0,-0.231,0.408,0.24
20,y1,-0.32,0.183,-0.3,-0.207,0.485,0.078,-0.291,-0.101,0.187,-0.201,-0.07,-0.394,-0.231,1.0,-0.064,0.194
20,y2,0.071,-0.225,-0.219,0.37,-0.225,-0.016,-0.094,0.185,0.079,0.045,0.116,0.073,0.408,-0.064,1.0,0.418
20,y3,0.031,0.01,-0.219,-0.074,0.316,0.061,-0.249,-0.094,0.165,0.098,-0.256,-0.304,0.24,0.194,0.418,1.0
21,.,1.0,-0.243,-0.113,-0.271,-0.387,-0.089,-0.014,0.206,0.115,0.545,-0.378,0.145,-0.315,-0.321,0.068,0.029
21,A1_1,-0.243,1.0,0.056,-0.125,0.081,0.104,0.663,-0.28,-0.148,-0.395,0.142,-0.045,0.033,0.183,-0.224,0.009
21,A1_2,-0.113,0.056,1.0,-0.046,-0.184,-0.016,0.1,0.32,0.267,0.094,0.408,0.619,0.282,-0.299,-0.219,-0.219
21,A1_3,-0.271,-0.125,-0.046,1.0,0.235,-0.083,0.311,-0.062,-0.314,-0.605,0.362,-0.031,0.001,-0.206,0.371,-0.074
21,B1_1,-0.387,0.081,-0.184,0.235,1.0,0.03,-0.016,-0.06,-0.024,-0.418,-0.181,-0.693,-0.162,0.485,-0.225,0.317
21,B1_2,-0.089,0.104,-0.016,-0.083,0.03,1.0,0.182,-0.266,0.097,0.209,-0.365,-0.043,-0.114,0.079,-0.016,0.062
21,B1_3,-0.014,0.663,0.1,0.311,-0.016,0.182,1.0,-0.31,-0.097,-0.472,0.178,-0.035,-0.006,-0.291,-0.094,-0.248
21,A2_1,0.206,-0.28,0.32,-0.062,-0.06,-0.266,-0.31,1.0,0.11,0.488,0.009,0.205,0.135,-0.101,0.185,-0.094
21,A2_2,0.115,-0.148,0.267,-0.314,-0.024,0.097,-0.097,0.11,1.0,0.319,0.137,0.078,0.049,0.187,0.079,0.166
21,A2_3,0.545,-0.395,0.094,-0.605,-0.418,0.209,-0.472,0.488,0.319,1.0,-0.468,0.169,-0.119,-0.201,0.045,0.098
21,B2_1,-0.378,0.142,0.408,0.362,-0.181,-0.365,0.178,0.009,0.137,-0.468,1.0,0.453,0.296,-0.071,0.117,-0.255
21,B2_2,0.145,-0.045,0.619,-0.031,-0.693,-0.043,-0.035,0.205,0.078,0.169,0.453,1.0,0.363,-0.394,0.074,-0.305
21,B2_3,-0.315,0.033,0.282,0.001,-0.162,-0.114,-0.006,0.135,0.049,-0.119,0.296,0.363,1.0,-0.231,0.408,0.241
21,y1,-0.321,0.183,-0.299,-0.206,0.485,0.079,-0.291,-0.101,0.187,-0.201,-0.071,-0.394,-0.231,1.0,-0.065,0.193
21,y2,0.068,-0.224,-0.219,0.371,-0.225,-0.016,-0.094,0.185,0.079,0.045,0.117,0.074,0.408,-0.065,1.0,0.418
21,y3,0.029,0.009,-0.219,-0.074,0.317,0.062,-0.248,-0.094,0.166,0.098,-0.255,-0.305,0.241,0.193,0.418,1.0
22,.,1.0,-0.242,-0.113,-0.272,-0.386,-0.087,-0.012,0.204,0.113,0.544,-0.379,0.145,-0.316,-0.321,0.065,0.028
22,A1_1,-0.242,1.0,0.056,-0.126,0.081,0.104,0.663,-0.279,-0.148,-0.395,0.142,-0.044,0.034,0.183,-0.224,0.009
22,A1_2,-0.113,0.056,1.0,-0.046,-0.184,-0.017,0.099,0.321,0.267,0.095,0.408,0.619,0.282,-0.299,-0.218,-0.219
22,A1_3,-0.272,-0.126,-0.046,1.0,0.235,-0.083,0.311,-0.061,-0.314,-0.605,0.363,-0.03,0.002,-0.206,0.372,-0.073
22,B1_1,-0.386,0.081,-0.184,0.235,1.0,0.03,-0.016,-0.06,-0.024,-0.418,-0.182,-0.693,-0.161,0.484,-0.225,0.317
22,B1_2,-0.087,0.104,-0.017,-0.083,0.03,1.0,0.182,-0.266,0.097,0.209,-0.365,-0.044,-0.115,0.079,-0.015,0.063
22,B1_3,-0.012,0.663,0.099,0.311,-0.016,0.182,1.0,-0.31,-0.097,-0.473,0.178,-0.035,-0.006,-0.291,-0.093,-0.247
22,A2_1,0.204,-0.279,0.321,-0.061,-0.06,-0.266,-0.31,1.0,0.111,0.489,0.01,0.205,0.136,-0.101,0.185,-0.094
22,A2_2,0.113,-0.148,0.267,-0.314,-0.024,0.097,-0.097,0.111,1.0,0.32,0.136,0.078,0.049,0.187,0.079,0.167
22,A2_3,0.544,-0.395,0.095,-0.605,-0.418,0.209,-0.473,0.489,0.32,1.0,-0.468,0.17,-0.119,-0.201,0.045,0.098
22,B2_1,-0.379,0.142,0.408,0.363,-0.182,-0.365,0.178,0.01,0.136,-0.468,1.0,0.453,0.296,-0.071,0.117,-0.255
22,B2_2,0.145,-0.044,0.619,-0.03,-0.693,-0.044,-0.035,0.205,0.078,0.17,0.453,1.0,0.363,-0.394,0.074,-0.304
22,B2_3,-0.316,0.034,0.282,0.002,-0.161,-0.115,-0.006,0.136,0.049,-0.119,0.296,0.363,1.0,-0.232,0.409,0.241
22,y1,-0.321,0.183,-0.299,-0.206,0.484,0.079,-0.291,-0.101,0.187,-0.201,-0.071,-0.394,-0.232,1.0,-0.065,0.192
22,y2,0.065,-0.224,-0.218,0.372,-0.225,-0.015,-0.093,0.185,0.079,0.045,0.117,0.074,0.409,-0.065,1.0,0.417
22,y3,0.028,0.009,-0.219,-0.073,0.317,0.063,-0.247,-0.094,0.167,0.098,-0.255,-0.304,0.241,0.192,0.417,1.0
23,.,1.0,-0.242,-0.114,-0.273,-0.384,-0.085,-0.011,0.202,0.111,0.542,-0.381,0.144,-0.318,-0.322,0.062,0.026
23,A1_1,-0.242,1.0,0.056,-0.126,0.081,0.105,0.663,-0.279,-0.148,-0.395,0.143,-0.044,0.034,0.183,-0.224,0.008
23,A1_2,-0.114,0.056,1.0,-0.046,-0.184,-0.018,0.099,0.321,0.267,0.095,0.408,0.619,0.281,-0.299,-0.218,-0.218
23,A1_3,-0.273,-0.126,-0.046,1.0,0.235,-0.083,0.31,-0.061,-0.313,-0.604,0.363,-0.03,0.002,-0.206,0.373,-0.073
