,,.,A1_1,A1_2,A1_3,B1_1,B1_2,B1_3,A2_1,A2_2,A2_3,B2_1,B2_2,B2_3,y1,y2,y3
0,.,1.0,0.757,0.53,0.249,0.625,0.363,0.392,0.425,0.643,0.602,0.589,0.535,0.075,0.516,0.72,0.662
0,A1_1,0.757,1.0,0.401,0.353,0.565,0.564,0.297,0.576,0.652,0.698,0.633,0.591,0.412,0.516,0.707,0.517
0,A1_2,0.53,0.401,1.0,0.837,0.775,0.766,0.872,0.428,0.8,0.723,0.777,0.772,0.563,0.685,0.453,0.3
0,A1_3,0.249,0.353,0.837,1.0,0.696,0.767,0.71,0.381,0.781,0.613,0.642,0.701,0.745,0.623,0.255,-0.136
0,B1_1,0.625,0.565,0.775,0.696,1.0,0.551,0.712,0.257,0.8,0.628,0.678,0.724,0.537,0.46,0.489,0.189
0,B1_2,0.363,0.564,0.766,0.767,0.551,1.0,0.702,0.687,0.691,0.749,0.702,0.851,0.662,0.803,0.566,0.218
0,B1_3,0.392,0.297,0.872,0.71,0.712,0.702,1.0,0.3,0.608,0.767,0.75,0.787,0.571,0.636,0.46,0.187
0,A2_1,0.425,0.576,0.428,0.381,0.257,0.687,0.3,1.0,0.536,0.52,0.54,0.712,0.514,0.753,0.613,0.426
0,A2_2,0.643,0.652,0.8,0.781,0.8,0.691,0.608,0.536,1.0,0.724,0.82,0.725,0.546,0.653,0.549,0.318
0,A2_3,0.602,0.698,0.723,0.613,0.628,0.749,0.767,0.52,0.724,1.0,0.899,0.817,0.595,0.776,0.645,0.446
0,B2_1,0.589,0.633,0.777,0.642,0.678,0.702,0.75,0.54,0.82,0.899,1.0,0.733,0.675,0.754,0.643,0.483
0,B2_2,0.535,0.591,0.772,0.701,0.724,0.851,0.787,0.712,0.725,0.817,0.733,1.0,0.632,0.82,0.648,0.3
0,B2_3,0.075,0.412,0.563,0.745,0.537,0.662,0.571,0.514,0.546,0.595,0.675,0.632,1.0,0.595,0.254,-0.074
0,y1,0.516,0.516,0.685,0.623,0.46,0.803,0.636,0.753,0.653,0.776,0.754,0.82,0.595,1.0,0.563,0.352
0,y2,0.72,0.707,0.453,0.255,0.489,0.566,0.46,0.613,0.549,0.645,0.643,0.648,0.254,0.563,1.0,0.445
0,y3,0.662,0.517,0.3,-0.136,0.189,0.218,0.187,0.426,0.318,0.446,0.483,0.3,-0.074,0.352,0.445,1.0
500,.,1.0,-0.143,-0.225,-0.24,0.09,-0.069,-0.006,-0.254,-0.184,-0.221,-0.169,-0.039,-0.223,-0.223,-0.249,-0.236
500,A1_1,-0.143,1.0,0.933,0.976,0.107,0.173,0.135,0.957,0.95,0.968,0.176,0.115,0.349,-0.328,-0.308,-0.344
500,A1_2,-0.225,0.933,1.0,0.958,0.161,0.248,0.219,0.953,0.893,0.946,0.242,0.174,0.387,-0.287,-0.255,-0.297
500,A1_3,-0.24,0.976,0.958,1.0,0.037,0.11,0.077,0.942,0.922,0.971,0.133,0.05,0.276,-0.321,-0.289,-0.333
500,B1_1,0.09,0.107,0.161,0.037,1.0,0.946,0.962,0.114,-0.025,0.082,0.915,0.966,0.885,-0.157,-0.184,-0.173
500,B1_2,-0.069,0.173,0.248,0.11,0.946,1.0,0.987,0.196,0.023,0.142,0.956,0.98,0.952,-0.073,-0.084,-0.087
500,B1_3,-0.006,0.135,0.219,0.077,0.962,0.987,1.0,0.162,-0.008,0.108,0.92,0.963,0.915,-0.158,-0.169,-0.173
500,A2_1,-0.254,0.957,0.953,0.942,0.114,0.196,0.162,1.0,0.948,0.932,0.184,0.125,0.382,-0.288,-0.27,-0.303
500,A2_2,-0.184,0.95,0.893,0.922,-0.025,0.023,-0.008,0.948,1.0,0.927,-0.001,-0.046,0.225,-0.301,-0.28,-0.315
500,A2_3,-0.221,0.968,0.946,0.971,0.082,0.142,0.108,0.932,0.927,1.0,0.164,0.089,0.322,-0.327,-0.31,-0.346
500,B2_1,-0.169,0.176,0.242,0.133,0.915,0.956,0.92,0.184,-0.001,0.164,1.0,0.981,0.94,0.021,0.003,0.01
500,B2_2,-0.039,0.115,0.174,0.05,0.966,0.98,0.963,0.125,-0.046,0.089,0.981,1.0,0.934,-0.032,-0.053,-0.044
500,B2_3,-0.223,0.349,0.387,0.276,0.885,0.952,0.915,0.382,0.225,0.322,0.94,0.934,1.0,-0.047,-0.065,-0.065
500,y1,-0.223,-0.328,-0.287,-0.321,-0.157,-0.073,-0.158,-0.288,-0.301,-0.327,0.021,-0.032,-0.047,1.0,0.994,0.995
500,y2,-0.249,-0.308,-0.255,-0.289,-0.184,-0.084,-0.169,-0.27,-0.28,-0.31,0.003,-0.053,-0.065,0.994,1.0,0.995
500,y3,-0.236,-0.344,-0.297,-0.333,-0.173,-0.087,-0.173,-0.303,-0.315,-0.346,0.01,-0.044,-0.065,0.995,0.995,1.0
1000,.,1.0,-0.118,-0.148,-0.179,0.141,0.08,0.098,-0.176,-0.185,-0.228,0.115,0.174,0.142,-0.318,-0.357,-0.366
1000,A1_1,-0.118,1.0,0.941,0.964,0.237,0.227,0.197,0.945,0.983,0.982,0.166,0.124,0.171,-0.329,-0.341,-0.358
1000,A1_2,-0.148,0.941,1.0,0.991,0.168,0.131,0.114,0.982,0.943,0.936,0.038,0.045,0.093,-0.398,-0.407,-0.415
1000,A1_3,-0.179,0.964,0.991,1.0,0.156,0.126,0.106,0.986,0.968,0.969,0.046,0.039,0.085,-0.39,-0.395,-0.403
1000,B1_1,0.141,0.237,0.168,0.156,1.0,0.983,0.988,0.101,0.105,0.119,0.901,0.95,0.985,-0.08,-0.103,-0.141
1000,B1_2,0.08,0.227,0.131,0.126,0.983,1.0,0.994,0.07,0.088,0.106,0.953,0.966,0.982,-0.002,-0.023,-0.062
1000,B1_3,0.098,0.197,0.114,0.106,0.988,0.994,1.0,0.049,0.059,0.078,0.944,0.969,0.994,-0.051,-0.073,-0.109
1000,A2_1,-0.176,0.945,0.982,0.986,0.101,0.07,0.049,1.0,0.945,0.955,-0.017,-0.028,0.033,-0.379,-0.384,-0.388
1000,A2_2,-0.185,0.983,0.943,0.968,0.105,0.088,0.059,0.945,1.0,0.989,0.02,-0.017,0.031,-0.339,-0.344,-0.357
1000,A2_3,-0.228,0.982,0.936,0.969,0.119,0.106,0.078,0.955,0.989,1.0,0.045,0.003,0.055,-0.312,-0.317,-0.328
1000,B2_1,0.115,0.166,0.038,0.046,0.901,0.953,0.944,-0.017,0.02,0.045,1.0,0.969,0.937,-0.011,-0.034,-0.072
1000,B2_2,0.174,0.124,0.045,0.039,0.95,0.966,0.969,-0.028,-0.017,0.003,0.969,1.0,0.972,-0.096,-0.122,-0.157
1000,B2_3,0.142,0.171,0.093,0.085,0.985,0.982,0.994,0.033,0.031,0.055,0.937,0.972,1.0,-0.112,-0.135,-0.169
1000,y1,-0.318,-0.329,-0.398,-0.39,-0.08,-0.002,-0.051,-0.379,-0.339,-0.312,-0.011,-0.096,-0.112,1.0,0.997,0.996
1000,y2,-0.357,-0.341,-0.407,-0.395,-0.103,-0.023,-0.073,-0.384,-0.344,-0.317,-0.034,-0.122,-0.135,0.997,1.0,0.998
1000,y3,-0.366,-0.358,-0.415,-0.403,-0.141,-0.062,-0.109,-0.388,-0.357,-0.328,-0.072,-0.157,-0.169,0.996,0.998,1.0
1500,.,1.0,-0.225,-0.328,-0.328,0.166,0.134,0.144,-0.398,-0.354,-0.376,0.158,0.193,0.19,-0.268,-0.292,-0.309
1500,A1_1,-0.225,1.0,0.923,0.961,0.059,0.052,0.058,0.953,0.972,0.976,0.019,-0.006,0.033,-0.245,-0.291,-0.288
1500,A1_2,-0.328,0.923,1.0,0.984,0.021,-0.022,0.002,0.981,0.925,0.914,-0.063,-0.072,-0.034,-0.317,-0.341,-0.333
1500,A1_3,-0.328,0.961,0.984,1.0,-0.008,-0.039,-0.021,0.991,0.962,0.953,-0.08,-0.093,-0.051,-0.333,-0.366,-0.355
1500,B1_1,0.166,0.059,0.021,-0.008,1.0,0.977,0.99,0.026,0.013,0.027,0.969,0.978,0.976,-0.067,-0.067,-0.125
1500,B1_2,0.134,0.052,-0.022,-0.039,0.977,1.0,0.995,-0.001,-0.002,0.016,0.994,0.994,0.99,0.021,0.019,-0.033
1500,B1_3,0.144,0.058,0.002,-0.021,0.99,0.995,1.0,0.017,0.008,0.025,0.988,0.991,0.989,-0.028,-0.03,-0.083
1500,A2_1,-0.398,0.953,0.981,0.991,0.026,-0.001,0.017,1.0,0.953,0.954,-0.04,-0.058,-0.017,-0.286,-0.318,-0.305
1500,A2_2,-0.354,0.972,0.925,0.962,0.013,-0.002,0.008,0.953,1.0,0.993,-0.036,-0.06,-0.022,-0.288,-0.323,-0.324
1500,A2_3,-0.376,0.976,0.914,0.953,0.027,0.016,0.025,0.954,0.993,1.0,-0.016,-0.044,-0.003,-0.236,-0.278,-0.278
1500,B2_1,0.158,0.019,-0.063,-0.08,0.969,0.994,0.988,-0.04,-0.036,-0.016,1.0,0.996,0.986,0.011,0.012,-0.042
1500,B2_2,0.193,-0.006,-0.072,-0.093,0.978,0.994,0.991,-0.058,-0.06,-0.044,0.996,1.0,0.99,-0.019,-0.018,-0.073
1500,B2_3,0.19,0.033,-0.034,-0.051,0.976,0.99,0.989,-0.017,-0.022,-0.003,0.986,0.99,1.0,-0.066,-0.071,-0.124
1500,y1,-0.268,-0.245,-0.317,-0.333,-0.067,0.021,-0.028,-0.286,-0.288,-0.236,0.011,-0.019,-0.066,1.0,0.994,0.99
1500,y2,-0.292,-0.291,-0.341,-0.366,-0.067,0.019,-0.03,-0.318,-0.323,-0.278,0.012,-0.018,-0.071,0.994,1.0,0.995
1500,y3,-0.309,-0.288,-0.333,-0.355,-0.125,-0.033,-0.083,-0.305,-0.324,-0.278,-0.042,-0.073,-0.124,0.99,0.995,1.0
2000,.,1.0,-0.215,-0.51,-0.584,-0.26,-0.064,-0.14,-0.548,-0.46,-0.38,-0.054,-0.031,-0.009,0.069,0.069,0.057
2000,A1_1,-0.215,1.0,0.854,0.806,0.486,0.227,0.404,0.851,0.758,0.959,0.154,0.206,0.231,-0.279,-0.337,-0.326
2000,A1_2,-0.51,0.854,1.0,0.883,0.59,0.325,0.507,0.884,0.663,0.854,0.248,0.355,0.224,-0.395,-0.444,-0.431
2000,A1_3,-0.584,0.806,0.883,1.0,0.437,0.139,0.319,0.972,0.885,0.874,0.069,0.111,0.116,-0.414,-0.468,-0.443
2000,B1_1,-0.26,0.486,0.59,0.437,1.0,0.858,0.94,0.395,0.185,0.393,0.771,0.833,0.721,-0.001,-0.034,-0.028
2000,B1_2,-0.064,0.227,0.325,0.139,0.858,1.0,0.882,0.071,-0.112,0.076,0.975,0.955,0.912,0.17,0.184,0.158
2000,B1_3,-0.14,0.404,0.507,0.319,0.94,0.882,1.0,0.273,0.04,0.266,0.85,0.922,0.743,-0.027,-0.041,-0.049
2000,A2_1,-0.548,0.851,0.884,0.972,0.395,0.071,0.273,1.0,0.906,0.927,-0.005,0.041,0.054,-0.364,-0.433,-0.395
2000,A2_2,-0.46,0.758,0.663,0.885,0.185,-0.112,0.04,0.906,1.0,0.852,-0.18,-0.195,-0.076,-0.261,-0.326,-0.284
2000,A2_3,-0.38,0.959,0.854,0.874,0.393,0.076,0.266,0.927,0.852,1.0,-0.002,0.039,0.108,-0.333,-0.4,-0.376
2000,B2_1,-0.054,0.154,0.248,0.069,0.771,0.975,0.85,-0.005,-0.18,-0.002,1.0,0.961,0.932,0.214,0.238,0.202
2000,B2_2,-0.031,0.206,0.355,0.111,0.833,0.955,0.922,0.041,-0.195,0.039,0.961,1.0,0.853,0.081,0.088,0.062
2000,B2_3,-0.009,0.231,0.224,0.116,0.721,0.912,0.743,0.054,-0.076,0.108,0.932,0.853,1.0,0.292,0.292,0.264
2000,y1,0.069,-0.279,-0.395,-0.414,-0.001,0.17,-0.027,-0.364,-0.261,-0.333,0.214,0.081,0.292,1.0,0.989,0.996
2000,y2,0.069,-0.337,-0.444,-0.468,-0.034,0.184,-0.041,-0.433,-0.326,-0.4,0.238,0.088,0.292,0.989,1.0,0.994
2000,y3,0.057,-0.326,-0.431,-0.443,-0.028,0.158,-0.049,-0.395,-0.284,-0.376,0.202,0.062,0.264,0.996,0.994,1.0
2500,.,1.0,-0.146,-0.402,-0.306,-0.142,-0.061,-0.028,-0.186,-0.279,-0.204,-0.098,-0.057,-0.038,0.042,0.021,0.048
2500,A1_1,-0.146,1.0,0.938,0.932,0.357,0.285,0.335,0.953,0.953,0.97,0.24,0.192,0.226,-0.519,-0.494,-0.511
2500,A1_2,-0.402,0.938,1.0,0.959,0.297,0.186,0.209,0.959,0.97,0.96,0.142,0.101,0.146,-0.574,-0.545,-0.56
2500,A1_3,-0.306,0.932,0.959,1.0,0.379,0.246,0.303,0.954,0.972,0.948,0.22,0.178,0.213,-0.694,-0.674,-0.69
2500,B1_1,-0.142,0.357,0.297,0.379,1.0,0.941,0.965,0.223,0.268,0.252,0.938,0.936,0.939,-0.198,-0.219,-0.264
2500,B1_2,-0.061,0.285,0.186,0.246,0.941,1.0,0.97,0.106,0.14,0.141,0.974,0.97,0.984,0.011,-0.001,-0.04
2500,B1_3,-0.028,0.335,0.209,0.303,0.965,0.97,1.0,0.156,0.197,0.198,0.958,0.954,0.949,-0.105,-0.123,-0.168
2500,A2_1,-0.186,0.953,0.959,0.954,0.223,0.106,0.156,1.0,0.989,0.992,0.055,0.021,0.072,-0.62,-0.6,-0.605
2500,A2_2,-0.279,0.953,0.97,0.972,0.268,0.14,0.197,0.989,1.0,0.988,0.104,0.057,0.098,-0.621,-0.599,-0.612
2500,A2_3,-0.204,0.97,0.96,0.948,0.252,0.141,0.198,0.992,0.988,1.0,0.085,0.047,0.094,-0.595,-0.571,-0.581
2500,B2_1,-0.098,0.24,0.142,0.22,0.938,0.974,0.958,0.055,0.104,0.085,1.0,0.986,0.97,0.01,-0.005,-0.048
2500,B2_2,-0.057,0.192,0.101,0.178,0.936,0.97,0.954,0.021,0.057,0.047,0.986,1.0,0.986,-0.024,-0.041,-0.08
2500,B2_3,-0.038,0.226,0.146,0.213,0.939,0.984,0.949,0.072,0.098,0.094,0.97,0.986,1.0,-0.041,-0.056,-0.09
2500,y1,0.042,-0.519,-0.574,-0.694,-0.198,0.011,-0.105,-0.62,-0.621,-0.595,0.01,-0.024,-0.041,1.0,0.989,0.99
2500,y2,0.021,-0.494,-0.545,-0.674,-0.219,-0.001,-0.123,-0.6,-0.599,-0.571,-0.005,-0.041,-0.056,0.989,1.0,0.997
2500,y3,0.048,-0.511,-0.56,-0.69,-0.264,-0.04,-0.168,-0.605,-0.612,-0.581,-0.048,-0.08,-0.09,0.99,0.997,1.0
3000,.,1.0,0.172,0.013,0.019,0.01,-0.022,0.012,0.079,0.074,0.109,-0.062,0.006,0.019,-0.271,-0.338,-0.322
3000,A1_1,0.172,1.0,0.977,0.969,-0.18,-0.181,-0.201,0.98,0.981,0.984,-0.15,-0.209,-0.198,-0.373,-0.414,-0.412
3000,A1_2,0.013,0.977,1.0,0.989,-0.245,-0.241,-0.265,0.99,0.985,0.98,-0.203,-0.266,-0.26,-0.335,-0.373,-0.367
3000,A1_3,0.019,0.969,0.989,1.0,-0.261,-0.263,-0.28,0.985,0.99,0.988,-0.217,-0.286,-0.276,-0.429,-0.473,-0.462
3000,B1_1,0.01,-0.18,-0.245,-0.261,1.0,0.996,0.999,-0.322,-0.254,-0.267,0.971,0.993,0.997,-0.197,-0.12,-0.162
3000,B1_2,-0.022,-0.181,-0.241,-0.263,0.996,1.0,0.995,-0.322,-0.262,-0.273,0.982,0.994,0.994,-0.147,-0.066,-0.112
3000,B1_3,0.012,-0.201,-0.265,-0.28,0.999,0.995,1.0,-0.342,-0.274,-0.286,0.967,0.995,0.999,-0.203,-0.124,-0.166
3000,A2_1,0.079,0.98,0.99,0.985,-0.322,-0.322,-0.342,1.0,0.988,0.987,-0.284,-0.348,-0.338,-0.338,-0.385,-0.375
3000,A2_2,0.074,0.981,0.985,0.99,-0.254,-0.262,-0.274,0.988,1.0,0.994,-0.233,-0.288,-0.273,-0.414,-0.46,-0.447
3000,A2_3,0.109,0.984,0.98,0.988,-0.267,-0.273,-0.286,0.987,0.994,1.0,-0.234,-0.297,-0.285,-0.425,-0.473,-0.457
3000,B2_1,-0.062,-0.15,-0.203,-0.217,0.971,0.982,0.967,-0.284,-0.233,-0.234,1.0,0.97,0.966,-0.146,-0.067,-0.108
3000,B2_2,0.006,-0.209,-0.266,-0.286,0.993,0.994,0.995,-0.348,-0.288,-0.297,0.97,1.0,0.998,-0.175,-0.096,-0.141
3000,B2_3,0.019,-0.198,-0.26,-0.276,0.997,0.994,0.999,-0.338,-0.273,-0.285,0.966,0.998,1.0,-0.2,-0.123,-0.167
3000,y1,-0.271,-0.373,-0.335,-0.429,-0.197,-0.147,-0.203,-0.338,-0.414,-0.425,-0.146,-0.175,-0.2,1.0,0.984,0.991
3000,y2,-0.338,-0.414,-0.373,-0.473,-0.12,-0.066,-0.124,-0.385,-0.46,-0.473,-0.067,-0.096,-0.123,0.984,1.0,0.987
3000,y3,-0.322,-0.412,-0.367,-0.462,-0.162,-0.112,-0.166,-0.375,-0.447,-0.457,-0.108,-0.141,-0.167,0.991,0.987,1.0
3500,.,1.0,0.005,-0.261,-0.227,-0.077,-0.092,-0.106,-0.266,-0.224,-0.154,-0.065,-0.033,-0.066,-0.047,-0.084,-0.117
3500,A1_1,0.005,1.0,0.863,0.909,-0.096,-0.078,-0.084,0.893,0.886,0.893,-0.052,-0.106,-0.075,-0.355,-0.412,-0.428
3500,A1_2,-0.261,0.863,1.0,0.977,-0.091,-0.077,-0.092,0.98,0.961,0.944,-0.059,-0.103,-0.07,-0.206,-0.235,-0.233
3500,A1_3,-0.227,0.909,0.977,1.0,-0.142,-0.132,-0.14,0.997,0.988,0.968,-0.137,-0.165,-0.127,-0.315,-0.354,-0.358
3500,B1_1,-0.077,-0.096,-0.091,-0.142,1.0,0.998,0.995,-0.149,-0.125,-0.174,0.932,0.983,0.991,-0.358,-0.214,-0.252
3500,B1_2,-0.092,-0.078,-0.077,-0.132,0.998,1.0,0.995,-0.139,-0.121,-0.173,0.945,0.984,0.99,-0.334,-0.188,-0.228
3500,B1_3,-0.106,-0.084,-0.092,-0.14,0.995,0.995,1.0,-0.146,-0.116,-0.165,0.914,0.966,0.979,-0.355,-0.219,-0.253
3500,A2_1,-0.266,0.893,0.98,0.997,-0.149,-0.139,-0.146,1.0,0.988,0.967,-0.141,-0.173,-0.131,-0.27,-0.311,-0.311
3500,A2_2,-0.224,0.886,0.961,0.988,-0.125,-0.121,-0.116,0.988,1.0,0.983,-0.166,-0.17,-0.119,-0.339,-0.388,-0.385
3500,A2_3,-0.154,0.893,0.944,0.968,-0.174,-0.173,-0.165,0.967,0.983,1.0,-0.205,-0.214,-0.163,-0.322,-0.388,-0.379
3500,B2_1,-0.065,-0.052,-0.059,-0.137,0.932,0.945,0.914,-0.141,-0.166,-0.205,1.0,0.973,0.961,-0.213,-0.055,-0.102
3500,B2_2,-0.033,-0.106,-0.103,-0.165,0.983,0.984,0.966,-0.173,-0.17,-0.214,0.973,1.0,0.991,-0.321,-0.168,-0.211
3500,B2_3,-0.066,-0.075,-0.07,-0.127,0.991,0.99,0.979,-0.131,-0.119,-0.163,0.961,0.991,1.0,-0.318,-0.165,-0.207
3500,y1,-0.047,-0.355,-0.206,-0.315,-0.358,-0.334,-0.355,-0.27,-0.339,-0.322,-0.213,-0.321,-0.318,1.0,0.967,0.984
3500,y2,-0.084,-0.412,-0.235,-0.354,-0.214,-0.188,-0.219,-0.311,-0.388,-0.388,-0.055,-0.168,-0.165,0.967,1.0,0.99
3500,y3,-0.117,-0.428,-0.233,-0.358,-0.252,-0.228,-0.253,-0.311,-0.385,-0.379,-0.102,-0.211,-0.207,0.984,0.99,1.0
4000,.,1.0,0.039,0.071,-0.021,0.072,0.088,0.032,-0.023,0.031,-0.112,0.11,0.115,0.16,-0.196,-0.201,-0.209
4000,A1_1,0.039,1.0,0.866,0.895,0.046,0.07,0.075,0.899,0.869,0.926,-0.007,-0.036,0.03,-0.217,-0.173,-0.177
4000,A1_2,0.071,0.866,1.0,0.902,0.083,-0.011,0.049,0.942,0.896,0.872,-0.064,-0.084,-0.023,-0.009,-0.002,0.005
4000,A1_3,-0.021,0.895,0.902,1.0,-0.093,-0.143,-0.131,0.983,0.988,0.972,-0.187,-0.209,-0.147,-0.106,-0.068,-0.077
4000,B1_1,0.072,0.046,0.083,-0.093,1.0,0.859,0.952,-0.089,-0.111,-0.073,0.877,0.888,0.904,-0.264,-0.298,-0.28
4000,B1_2,0.088,0.07,-0.011,-0.143,0.859,1.0,0.88,-0.14,-0.144,-0.093,0.914,0.884,0.908,-0.159,-0.158,-0.165
4000,B1_3,0.032,0.075,0.049,-0.131,0.952,0.88,1.0,-0.125,-0.151,-0.081,0.821,0.804,0.83,-0.131,-0.148,-0.132
4000,A2_1,-0.023,0.899,0.942,0.983,-0.089,-0.14,-0.125,1.0,0.972,0.966,-0.185,-0.201,-0.139,-0.058,-0.027,-0.028
4000,A2_2,0.031,0.869,0.896,0.988,-0.111,-0.144,-0.151,0.972,1.0,0.96,-0.192,-0.213,-0.148,-0.082,-0.046,-0.058
4000,A2_3,-0.112,0.926,0.872,0.972,-0.073,-0.093,-0.081,0.966,0.96,1.0,-0.142,-0.163,-0.104,-0.133,-0.09,-0.094
4000,B2_1,0.11,-0.007,-0.064,-0.187,0.877,0.914,0.821,-0.185,-0.192,-0.142,1.0,0.986,0.983,-0.275,-0.295,-0.291
4000,B2_2,0.115,-0.036,-0.084,-0.209,0.888,0.884,0.804,-0.201,-0.213,-0.163,0.986,1.0,0.989,-0.329,-0.363,-0.351
4000,B2_3,0.16,0.03,-0.023,-0.147,0.904,0.908,0.83,-0.139,-0.148,-0.104,0.983,0.989,1.0,-0.325,-0.347,-0.341
4000,y1,-0.196,-0.217,-0.009,-0.106,-0.264,-0.159,-0.131,-0.058,-0.082,-0.133,-0.275,-0.329,-0.325,1.0,0.99,0.996
4000,y2,-0.201,-0.173,-0.002,-0.068,-0.298,-0.158,-0.148,-0.027,-0.046,-0.09,-0.295,-0.363,-0.347,0.99,1.0,0.996
4000,y3,-0.209,-0.177,0.005,-0.077,-0.28,-0.165,-0.132,-0.028,-0.058,-0.094,-0.291,-0.351,-0.341,0.996,0.996,1.0
4500,.,1.0,0.137,0.114,-0.128,-0.014,-0.081,-0.115,-0.034,0.012,-0.074,0.048,0.042,-0.008,0.049,0.002,-0.045
4500,A1_1,0.137,1.0,0.842,0.804,0.112,0.092,0.058,0.787,0.865,0.802,0.117,0.059,0.042,0.01,0.015,-0.072
4500,A1_2,0.114,0.842,1.0,0.849,0.185,0.153,0.193,0.799,0.876,0.791,0.147,0.144,0.121,-0.267,-0.181,-0.311
4500,A1_3,-0.128,0.804,0.849,1.0,0.219,0.225,0.247,0.883,0.963,0.945,0.183,0.173,0.175,0.013,0.101,-0.002
4500,B1_1,-0.014,0.112,0.185,0.219,1.0,0.981,0.963,-0.07,0.117,0.052,0.972,0.956,0.962,-0.4,-0.337,-0.336
4500,B1_2,-0.081,0.092,0.153,0.225,0.981,1.0,0.959,-0.049,0.104,0.081,0.966,0.955,0.96,-0.289,-0.207,-0.206
4500,B1_3,-0.115,0.058,0.193,0.247,0.963,0.959,1.0,-0.037,0.141,0.07,0.9,0.897,0.917,-0.362,-0.271,-0.263
4500,A2_1,-0.034,0.787,0.799,0.883,-0.07,-0.049,-0.037,1.0,0.919,0.953,-0.091,-0.082,-0.084,0.074,0.104,0.045
4500,A2_2,0.012,0.865,0.876,0.963,0.117,0.104,0.141,0.919,1.0,0.928,0.086,0.07,0.069,0.036,0.097,0.004
4500,A2_3,-0.074,0.802,0.791,0.945,0.052,0.081,0.07,0.953,0.928,1.0,0.029,0.043,0.049,0.071,0.137,0.052
4500,B2_1,0.048,0.117,0.147,0.183,0.972,0.966,0.9,-0.091,0.086,0.029,1.0,0.98,0.964,-0.282,-0.243,-0.242
4500,B2_2,0.042,0.059,0.144,0.173,0.956,0.955,0.897,-0.082,0.07,0.043,0.98,1.0,0.992,-0.321,-0.274,-0.278
4500,B2_3,-0.008,0.042,0.121,0.175,0.962,0.96,0.917,-0.084,0.069,0.049,0.964,0.992,1.0,-0.341,-0.291,-0.289
4500,y1,0.049,0.01,-0.267,0.013,-0.4,-0.289,-0.362,0.074,0.036,0.071,-0.282,-0.321,-0.341,1.0,0.957,0.971
4500,y2,0.002,0.015,-0.181,0.101,-0.337,-0.207,-0.271,0.104,0.097,0.137,-0.243,-0.274,-0.291,0.957,1.0,0.976
4500,y3,-0.045,-0.072,-0.311,-0.002,-0.336,-0.206,-0.263,0.045,0.004,0.052,-0.242,-0.278,-0.289,0.971,0.976,1.0
5000,.,1.0,0.116,-0.143,-0.27,-0.074,-0.095,0.016,-0.148,-0.111,-0.059,-0.093,0.01,-0.024,0.06,0.014,0.009
5000,A1_1,0.116,1.0,0.933,0.791,0.053,0.11,0.041,0.926,0.906,0.944,0.066,0.02,0.093,0.029,-0.085,0.011
5000,A1_2,-0.143,0.933,1.0,0.904,-0.015,0.046,-0.045,0.996,0.97,0.982,-0.027,-0.085,0.043,0.07,-0.036,0.056
5000,A1_3,-0.27,0.791,0.904,1.0,0.007,0.05,-0.013,0.927,0.952,0.914,-0.025,-0.06,0.066,-0.11,-0.201,-0.114
5000,B1_1,-0.074,0.053,-0.015,0.007,1.0,0.98,0.987,-0.012,-0.067,-0.017,0.965,0.969,0.967,-0.26,-0.186,-0.183
5000,B1_2,-0.095,0.11,0.046,0.05,0.98,1.0,0.969,0.044,-0.025,0.028,0.964,0.94,0.95,-0.214,-0.128,-0.132
5000,B1_3,0.016,0.041,-0.045,-0.013,0.987,0.969,1.0,-0.04,-0.092,-0.037,0.949,0.968,0.947,-0.287,-0.22,-0.21
5000,A2_1,-0.148,0.926,0.996,0.927,-0.012,0.044,-0.04,1.0,0.982,0.991,-0.028,-0.083,0.043,0.045,-0.058,0.034
5000,A2_2,-0.111,0.906,0.97,0.952,-0.067,-0.025,-0.092,0.982,1.0,0.985,-0.104,-0.141,0.001,-0.024,-0.141,-0.043
5000,A2_3,-0.059,0.944,0.982,0.914,-0.017,0.028,-0.037,0.991,0.985,1.0,-0.039,-0.078,0.04,0.002,-0.11,-0.013
5000,B2_1,-0.093,0.066,-0.027,-0.025,0.965,0.964,0.949,-0.028,-0.104,-0.039,1.0,0.977,0.929,-0.127,-0.04,-0.044
5000,B2_2,0.01,0.02,-0.085,-0.06,0.969,0.94,0.968,-0.083,-0.141,-0.078,0.977,1.0,0.944,-0.199,-0.121,-0.125
5000,B2_3,-0.024,0.093,0.043,0.066,0.967,0.95,0.947,0.043,0.001,0.04,0.929,0.944,1.0,-0.19,-0.118,-0.122
5000,y1,0.06,0.029,0.07,-0.11,-0.26,-0.214,-0.287,0.045,-0.024,0.002,-0.127,-0.199,-0.19,1.0,0.968,0.99
5000,y2,0.014,-0.085,-0.036,-0.201,-0.186,-0.128,-0.22,-0.058,-0.141,-0.11,-0.04,-0.121,-0.118,0.968,1.0,0.979
5000,y3,0.009,0.011,0.056,-0.114,-0.183,-0.132,-0.21,0.034,-0.043,-0.013,-0.044,-0.125,-0.122,0.99,0.979,1.0
5500,.,1.0,0.048,-0.145,-0.167,0.177,0.115,0.155,-0.063,-0.117,-0.161,0.194,0.235,0.213,0.07,0.042,0.109
5500,A1_1,0.048,1.0,0.874,0.893,0.272,0.345,0.303,0.816,0.843,0.848,0.336,0.313,0.237,-0.138,-0.13,-0.068
5500,A1_2,-0.145,0.874,1.0,0.978,0.05,0.138,0.1,0.981,0.979,0.988,0.108,0.088,-0.011,0.004,-0.002,0.054
5500,A1_3,-0.167,0.893,0.978,1.0,0.101,0.209,0.151,0.958,0.983,0.968,0.167,0.14,0.042,-0.024,-0.021,0.037
5500,B1_1,0.177,0.272,0.05,0.101,1.0,0.98,0.987,0.042,0.045,0.045,0.981,0.975,0.975,-0.128,-0.126,-0.187
5500,B1_2,0.115,0.345,0.138,0.209,0.98,1.0,0.977,0.126,0.147,0.125,0.984,0.964,0.945,-0.092,-0.074,-0.133
5500,B1_3,0.155,0.303,0.1,0.151,0.987,0.977,1.0,0.091,0.096,0.092,0.961,0.95,0.932,-0.138,-0.139,-0.194
5500,A2_1,-0.063,0.816,0.981,0.958,0.042,0.126,0.091,1.0,0.984,0.971,0.099,0.085,-0.019,0.025,0.015,0.075
5500,A2_2,-0.117,0.843,0.979,0.983,0.045,0.147,0.096,0.984,1.0,0.978,0.107,0.086,-0.012,-0.009,-0.014,0.044
5500,A2_3,-0.161,0.848,0.988,0.968,0.045,0.125,0.092,0.971,0.978,1.0,0.099,0.088,-0.01,0.007,-0.005,0.047
5500,B2_1,0.194,0.336,0.108,0.167,0.981,0.984,0.961,0.099,0.107,0.099,1.0,0.989,0.966,-0.117,-0.092,-0.148
5500,B2_2,0.235,0.313,0.088,0.14,0.975,0.964,0.95,0.085,0.086,0.088,0.989,1.0,0.955,-0.152,-0.138,-0.195
5500,B2_3,0.213,0.237,-0.011,0.042,0.975,0.945,0.932,-0.019,-0.012,-0.01,0.966,0.955,1.0,-0.081,-0.073,-0.131
5500,y1,0.07,-0.138,0.004,-0.024,-0.128,-0.092,-0.138,0.025,-0.009,0.007,-0.117,-0.152,-0.081,1.0,0.988,0.977
5500,y2,0.042,-0.13,-0.002,-0.021,-0.126,-0.074,-0.139,0.015,-0.014,-0.005,-0.092,-0.138,-0.073,0.988,1.0,0.986
5500,y3,0.109,-0.068,0.054,0.037,-0.187,-0.133,-0.194,0.075,0.044,0.047,-0.148,-0.195,-0.131,0.977,0.986,1.0
6000,.,1.0,-0.07,-0.094,-0.158,0.215,0.115,0.188,-0.122,-0.113,-0.081,0.238,0.255,0.252,-0.031,-0.054,0.003
6000,A1_1,-0.07,1.0,0.944,0.878,0.275,0.329,0.184,0.942,0.853,0.859,0.311,0.28,0.285,-0.052,-0.08,-0.066
6000,A1_2,-0.094,0.944,1.0,0.904,0.144,0.197,0.051,0.988,0.912,0.933,0.19,0.156,0.157,0.149,0.122,0.133
6000,A1_3,-0.158,0.878,0.904,1.0,0.245,0.253,0.165,0.957,0.987,0.961,0.288,0.266,0.262,0.017,-0.02,-0.009
6000,B1_1,0.215,0.275,0.144,0.245,1.0,0.983,0.972,0.191,0.221,0.239,0.989,0.993,0.996,-0.154,-0.179,-0.197
6000,B1_2,0.115,0.329,0.197,0.253,0.983,1.0,0.942,0.231,0.228,0.257,0.975,0.971,0.976,-0.115,-0.134,-0.158
6000,B1_3,0.188,0.184,0.051,0.165,0.972,0.942,1.0,0.099,0.142,0.159,0.926,0.944,0.949,-0.196,-0.22,-0.236
6000,A2_1,-0.122,0.942,0.988,0.957,0.191,0.231,0.099,1.0,0.959,0.967,0.236,0.205,0.205,0.118,0.088,0.098
6000,A2_2,-0.113,0.853,0.912,0.987,0.221,0.228,0.142,0.959,1.0,0.988,0.265,0.243,0.239,0.1,0.06,0.069
6000,A2_3,-0.081,0.859,0.933,0.961,0.239,0.257,0.159,0.967,0.988,1.0,0.28,0.257,0.255,0.173,0.137,0.142
6000,B2_1,0.238,0.311,0.19,0.288,0.989,0.975,0.926,0.236,0.265,0.28,1.0,0.998,0.997,-0.124,-0.149,-0.166
6000,B2_2,0.255,0.28,0.156,0.266,0.993,0.971,0.944,0.205,0.243,0.257,0.998,1.0,0.999,-0.139,-0.164,-0.18
6000,B2_3,0.252,0.285,0.157,0.262,0.996,0.976,0.949,0.205,0.239,0.255,0.997,0.999,1.0,-0.135,-0.161,-0.177
6000,y1,-0.031,-0.052,0.149,0.017,-0.154,-0.115,-0.196,0.118,0.1,0.173,-0.124,-0.139,-0.135,1.0,0.996,0.994
6000,y2,-0.054,-0.08,0.122,-0.02,-0.179,-0.134,-0.22,0.088,0.06,0.137,-0.149,-0.164,-0.161,0.996,1.0,0.994
6000,y3,0.003,-0.066,0.133,-0.009,-0.197,-0.158,-0.236,0.098,0.069,0.142,-0.166,-0.18,-0.177,0.994,0.994,1.0
6500,.,1.0,-0.077,-0.193,-0.057,0.191,0.156,0.186,-0.156,-0.141,-0.059,0.22,0.219,0.195,-0.153,-0.222,-0.219
6500,A1_1,-0.077,1.0,0.957,0.958,0.173,0.256,0.107,0.974,0.943,0.954,0.092,0.149,0.093,-0.221,-0.171,-0.116
6500,A1_2,-0.193,0.957,1.0,0.956,0.039,0.133,0.003,0.983,0.952,0.947,-0.041,0.005,-0.021,-0.091,-0.052,0.014
6500,A1_3,-0.057,0.958,0.956,1.0,0.146,0.229,0.108,0.965,0.971,0.952,0.069,0.118,0.073,-0.195,-0.156,-0.095
6500,B1_1,0.191,0.173,0.039,0.146,1.0,0.985,0.97,0.034,-0.038,0.089,0.986,0.99,0.983,-0.337,-0.302,-0.32
6500,B1_2,0.156,0.256,0.133,0.229,0.985,1.0,0.946,0.129,0.05,0.18,0.973,0.984,0.952,-0.358,-0.325,-0.324
6500,B1_3,0.186,0.107,0.003,0.108,0.97,0.946,1.0,-0.017,-0.085,0.049,0.938,0.938,0.983,-0.394,-0.382,-0.404
6500,A2_1,-0.156,0.974,0.983,0.965,0.034,0.129,-0.017,1.0,0.968,0.967,-0.042,0.007,-0.04,-0.185,-0.143,-0.079
6500,A2_2,-0.141,0.943,0.952,0.971,-0.038,0.05,-0.085,0.968,1.0,0.926,-0.116,-0.065,-0.114,-0.109,-0.076,-0.017
6500,A2_3,-0.059,0.954,0.947,0.952,0.089,0.18,0.049,0.967,0.926,1.0,0.01,0.057,0.018,-0.25,-0.208,-0.151
6500,B2_1,0.22,0.092,-0.041,0.069,0.986,0.973,0.938,-0.042,-0.116,0.01,1.0,0.994,0.968,-0.274,-0.237,-0.25
6500,B2_2,0.219,0.149,0.005,0.118,0.99,0.984,0.938,0.007,-0.065,0.057,0.994,1.0,0.959,-0.329,-0.289,-0.297
6500,B2_3,0.195,0.093,-0.021,0.073,0.983,0.952,0.983,-0.04,-0.114,0.018,0.968,0.959,1.0,-0.309,-0.283,-0.312
6500,y1,-0.153,-0.221,-0.091,-0.195,-0.337,-0.358,-0.394,-0.185,-0.109,-0.25,-0.274,-0.329,-0.309,1.0,0.98,0.976
6500,y2,-0.222,-0.171,-0.052,-0.156,-0.302,-0.325,-0.382,-0.143,-0.076,-0.208,-0.237,-0.289,-0.283,0.98,1.0,0.989
6500,y3,-0.219,-0.116,0.014,-0.095,-0.32,-0.324,-0.404,-0.079,-0.017,-0.151,-0.25,-0.297,-0.312,0.976,0.989,1.0
7000,.,1.0,-0.112,-0.162,-0.249,0.167,0.252,0.157,-0.192,-0.169,-0.231,0.185,0.149,0.149,0.005,-0.016,0.001
7000,A1_1,-0.112,1.0,0.956,0.976,0.223,0.161,0.209,0.954,0.954,0.969,0.207,0.222,0.205,-0.13,-0.067,-0.087
7000,A1_2,-0.162,0.956,1.0,0.977,0.292,0.211,0.275,0.917,0.972,0.931,0.276,0.301,0.262,-0.167,-0.103,-0.124
7000,A1_3,-0.249,0.976,0.977,1.0,0.185,0.107,0.17,0.946,0.969,0.971,0.164,0.19,0.169,-0.13,-0.064,-0.084
7000,B1_1,0.167,0.223,0.292,0.185,1.0,0.985,0.996,0.069,0.188,0.092,0.996,0.993,0.991,-0.244,-0.3,-0.319
7000,B1_2,0.252,0.161,0.211,0.107,0.985,1.0,0.987,0.007,0.125,0.023,0.99,0.974,0.978,-0.226,-0.283,-0.301
7000,B1_3,0.157,0.209,0.275,0.17,0.996,0.987,1.0,0.058,0.169,0.077,0.995,0.995,0.994,-0.198,-0.256,-0.276
7000,A2_1,-0.192,0.954,0.917,0.946,0.069,0.007,0.058,1.0,0.941,0.976,0.049,0.086,0.047,-0.196,-0.115,-0.134
7000,A2_2,-0.169,0.954,0.972,0.969,0.188,0.125,0.169,0.941,1.0,0.962,0.174,0.187,0.154,-0.271,-0.196,-0.216
7000,A2_3,-0.231,0.969,0.931,0.971,0.092,0.023,0.077,0.976,0.962,1.0,0.072,0.094,0.074,-0.204,-0.133,-0.153
7000,B2_1,0.185,0.207,0.276,0.164,0.996,0.99,0.995,0.049,0.174,0.072,1.0,0.988,0.985,-0.217,-0.271,-0.292
7000,B2_2,0.149,0.222,0.301,0.19,0.993,0.974,0.995,0.086,0.187,0.094,0.988,1.0,0.988,-0.221,-0.273,-0.291
7000,B2_3,0.149,0.205,0.262,0.169,0.991,0.978,0.994,0.047,0.154,0.074,0.985,0.988,1.0,-0.183,-0.248,-0.266
7000,y1,0.005,-0.13,-0.167,-0.13,-0.244,-0.226,-0.198,-0.196,-0.271,-0.204,-0.217,-0.221,-0.183,1.0,0.988,0.986
7000,y2,-0.016,-0.067,-0.103,-0.064,-0.3,-0.283,-0.256,-0.115,-0.196,-0.133,-0.271,-0.273,-0.248,0.988,1.0,0.997
7000,y3,0.001,-0.087,-0.124,-0.084,-0.319,-0.301,-0.276,-0.134,-0.216,-0.153,-0.292,-0.291,-0.266,0.986,0.997,1.0
7500,.,1.0,-0.042,-0.056,-0.167,-0.065,-0.008,-0.027,-0.154,-0.065,-0.062,0.051,-0.039,0.003,0.018,0.004,0.038
7500,A1_1,-0.042,1.0,0.858,0.77,-0.013,-0.015,0.032,0.754,0.94,0.955,-0.048,-0.036,-0.002,-0.002,0.044,0.032
7500,A1_2,-0.056,0.858,1.0,0.945,-0.032,-0.1,-0.066,0.942,0.939,0.754,-0.13,-0.118,-0.093,0.202,0.231,0.248
7500,A1_3,-0.167,0.77,0.945,1.0,0.189,0.108,0.142,0.992,0.872,0.635,0.06,0.092,0.121,0.135,0.142,0.149
7500,B1_1,-0.065,-0.013,-0.032,0.189,1.0,0.965,0.954,0.178,-0.044,-0.135,0.939,0.963,0.964,-0.362,-0.444,-0.418
7500,B1_2,-0.008,-0.015,-0.1,0.108,0.965,1.0,0.993,0.094,-0.097,-0.12,0.982,0.99,0.993,-0.385,-0.443,-0.436
7500,B1_3,-0.027,0.032,-0.066,0.142,0.954,0.993,1.0,0.123,-0.052,-0.082,0.978,0.982,0.993,-0.383,-0.447,-0.439
7500,A2_1,-0.154,0.754,0.942,0.992,0.178,0.094,0.123,1.0,0.866,0.627,0.041,0.076,0.099,0.18,0.182,0.197
7500,A2_2,-0.065,0.94,0.939,0.872,-0.044,-0.097,-0.052,0.866,1.0,0.896,-0.152,-0.126,-0.089,0.076,0.107,0.117
7500,A2_3,-0.062,0.955,0.754,0.635,-0.135,-0.12,-0.082,0.627,0.896,1.0,-0.172,-0.149,-0.124,-0.035,0.045,0.026
7500,B2_1,0.051,-0.048,-0.13,0.06,0.939,0.982,0.978,0.041,-0.152,-0.172,1.0,0.989,0.985,-0.319,-0.387,-0.375
7500,B2_2,-0.039,-0.036,-0.118,0.092,0.963,0.99,0.982,0.076,-0.126,-0.149,0.989,1.0,0.992,-0.321,-0.385,-0.38
7500,B2_3,0.003,-0.002,-0.093,0.121,0.964,0.993,0.993,0.099,-0.089,-0.124,0.985,0.992,1.0,-0.372,-0.439,-0.435
7500,y1,0.018,-0.002,0.202,0.135,-0.362,-0.385,-0.383,0.18,0.076,-0.035,-0.319,-0.321,-0.372,1.0,0.971,0.983
7500,y2,0.004,0.044,0.231,0.142,-0.444,-0.443,-0.447,0.182,0.107,0.045,-0.387,-0.385,-0.439,0.971,1.0,0.989
7500,y3,0.038,0.032,0.248,0.149,-0.418,-0.436,-0.439,0.197,0.117,0.026,-0.375,-0.38,-0.435,0.983,0.989,1.0
8000,.,1.0,-0.145,-0.247,-0.294,0.048,-0.015,-0.057,-0.291,-0.198,-0.239,0.034,0.021,0.052,-0.045,-0.067,-0.042
8000,A1_1,-0.145,1.0,0.902,0.883,0.32,0.407,0.323,0.887,0.835,0.854,0.305,0.262,0.319,-0.057,-0.079,-0.013
8000,A1_2,-0.247,0.902,1.0,0.984,0.054,0.149,0.082,0.983,0.941,0.968,0.038,0.006,0.049,-0.12,-0.149,-0.098
8000,A1_3,-0.294,0.883,0.984,1.0,-0.01,0.086,0.02,0.99,0.953,0.982,-0.027,-0.058,-0.015,-0.091,-0.12,-0.071
8000,B1_1,0.048,0.32,0.054,-0.01,1.0,0.968,0.98,-0.016,0.012,-0.047,0.992,0.993,0.998,-0.312,-0.299,-0.263
8000,B1_2,-0.015,0.407,0.149,0.086,0.968,1.0,0.979,0.087,0.112,0.037,0.947,0.952,0.961,-0.268,-0.262,-0.224
8000,B1_3,-0.057,0.323,0.082,0.02,0.98,0.979,1.0,0.015,0.04,-0.031,0.974,0.984,0.974,-0.332,-0.317,-0.291
8000,A2_1,-0.291,0.887,0.983,0.99,-0.016,0.087,0.015,1.0,0.945,0.974,-0.036,-0.066,-0.024,-0.045,-0.076,-0.028
8000,A2_2,-0.198,0.835,0.941,0.953,0.012,0.112,0.04,0.945,1.0,0.973,-0.018,-0.04,0.007,-0.059,-0.076,-0.04
8000,A2_3,-0.239,0.854,0.968,0.982,-0.047,0.037,-0.031,0.974,0.973,1.0,-0.072,-0.1,-0.049,-0.021,-0.05,-0.003
8000,B2_1,0.034,0.305,0.038,-0.027,0.992,0.947,0.974,-0.036,-0.018,-0.072,1.0,0.994,0.993,-0.316,-0.302,-0.269
8000,B2_2,0.021,0.262,0.006,-0.058,0.993,0.952,0.984,-0.066,-0.04,-0.1,0.994,1.0,0.99,-0.322,-0.305,-0.28
8000,B2_3,0.052,0.319,0.049,-0.015,0.998,0.961,0.974,-0.024,0.007,-0.049,0.993,0.99,1.0,-0.292,-0.277,-0.241
8000,y1,-0.045,-0.057,-0.12,-0.091,-0.312,-0.268,-0.332,-0.045,-0.059,-0.021,-0.316,-0.322,-0.292,1.0,0.994,0.995
8000,y2,-0.067,-0.079,-0.149,-0.12,-0.299,-0.262,-0.317,-0.076,-0.076,-0.05,-0.302,-0.305,-0.277,0.994,1.0,0.993
8000,y3,-0.042,-0.013,-0.098,-0.071,-0.263,-0.224,-0.291,-0.028,-0.04,-0.003,-0.269,-0.28,-0.241,0.995,0.993,1.0
8500,.,1.0,0.212,0.002,-0.023,0.077,0.104,0.108,-0.13,0.105,0.042,0.117,0.049,0.056,0.148,0.107,0.16
8500,A1_1,0.212,1.0,0.715,0.649,0.47,0.548,0.512,0.828,0.66,0.762,0.48,0.488,0.467,-0.234,-0.215,-0.231
8500,A1_2,0.002,0.715,1.0,0.945,-0.044,0.074,0.025,0.888,0.948,0.961,-0.066,-0.014,-0.026,0.101,0.144,0.079
8500,A1_3,-0.023,0.649,0.945,1.0,-0.03,0.054,0.041,0.908,0.974,0.952,-0.073,-0.014,-0.014,0.07,0.108,0.056
8500,B1_1,0.077,0.47,-0.044,-0.03,1.0,0.974,0.978,0.151,-0.024,0.162,0.985,0.995,0.996,-0.411,-0.399,-0.401
8500,B1_2,0.104,0.548,0.074,0.054,0.974,1.0,0.981,0.232,0.077,0.248,0.968,0.987,0.983,-0.424,-0.416,-0.426
8500,B1_3,0.108,0.512,0.025,0.041,0.978,0.981,1.0,0.212,0.055,0.214,0.969,0.983,0.984,-0.407,-0.413,-0.405
8500,A2_1,-0.13,0.828,0.888,0.908,0.151,0.232,0.212,1.0,0.856,0.896,0.125,0.179,0.165,-0.127,-0.095,-0.127
8500,A2_2,0.105,0.66,0.948,0.974,-0.024,0.077,0.055,0.856,1.0,0.947,-0.046,-0.007,-0.007,0.057,0.084,0.034
8500,A2_3,0.042,0.762,0.961,0.952,0.162,0.248,0.214,0.896,0.947,1.0,0.118,0.177,0.175,0.032,0.075,0.016
8500,B2_1,0.117,0.48,-0.066,-0.073,0.985,0.968,0.969,0.125,-0.046,0.118,1.0,0.986,0.979,-0.453,-0.439,-0.44
8500,B2_2,0.049,0.488,-0.014,-0.014,0.995,0.987,0.983,0.179,-0.007,0.177,0.986,1.0,0.997,-0.426,-0.414,-0.418
8500,B2_3,0.056,0.467,-0.026,-0.014,0.996,0.983,0.984,0.165,-0.007,0.175,0.979,0.997,1.0,-0.425,-0.419,-0.421
8500,y1,0.148,-0.234,0.101,0.07,-0.411,-0.424,-0.407,-0.127,0.057,0.032,-0.453,-0.426,-0.425,1.0,0.982,0.994
8500,y2,0.107,-0.215,0.144,0.108,-0.399,-0.416,-0.413,-0.095,0.084,0.075,-0.439,-0.414,-0.419,0.982,1.0,0.987
8500,y3,0.16,-0.231,0.079,0.056,-0.401,-0.426,-0.405,-0.127,0.034,0.016,-0.44,-0.418,-0.421,0.994,0.987,1.0
9000,.,1.0,0.09,-0.045,-0.086,0.041,0.1,0.095,-0.078,0.003,-0.103,0.123,0.066,0.09,0.101,0.063,0.073
9000,A1_1,0.09,1.0,0.958,0.946,0.163,0.214,0.2,0.821,0.971,0.938,0.198,0.173,0.165,-0.165,-0.193,-0.188
9000,A1_2,-0.045,0.958,1.0,0.961,0.047,0.086,0.074,0.851,0.959,0.976,0.057,0.056,0.041,-0.032,-0.055,-0.056
9000,A1_3,-0.086,0.946,0.961,1.0,0.121,0.163,0.152,0.829,0.984,0.95,0.135,0.128,0.118,-0.082,-0.099,-0.104
9000,B1_1,0.041,0.163,0.047,0.121,1.0,0.988,0.976,-0.279,0.162,0.144,0.967,0.993,0.984,-0.382,-0.387,-0.363
9000,B1_2,0.1,0.214,0.086,0.163,0.988,1.0,0.996,-0.244,0.208,0.169,0.978,0.994,0.994,-0.374,-0.383,-0.352
9000,B1_3,0.095,0.2,0.074,0.152,0.976,0.996,1.0,-0.252,0.194,0.153,0.972,0.988,0.995,-0.383,-0.387,-0.355
9000,A2_1,-0.078,0.821,0.851,0.829,-0.279,-0.244,-0.252,1.0,0.802,0.82,-0.266,-0.277,-0.286,-0.075,-0.094,-0.1
9000,A2_2,0.003,0.971,0.959,0.984,0.162,0.208,0.194,0.802,1.0,0.941,0.203,0.164,0.155,-0.139,-0.158,-0.163
9000,A2_3,-0.103,0.938,0.976,0.95,0.144,0.169,0.153,0.82,0.941,1.0,0.149,0.147,0.124,-0.131,-0.163,-0.161
9000,B2_1,0.123,0.198,0.057,0.135,0.967,0.978,0.972,-0.266,0.203,0.149,1.0,0.965,0.961,-0.436,-0.446,-0.422
9000,B2_2,0.066,0.173,0.056,0.128,0.993,0.994,0.988,-0.277,0.164,0.147,0.965,1.0,0.993,-0.365,-0.371,-0.344
9000,B2_3,0.09,0.165,0.041,0.118,0.984,0.994,0.995,-0.286,0.155,0.124,0.961,0.993,1.0,-0.369,-0.373,-0.341
9000,y1,0.101,-0.165,-0.032,-0.082,-0.382,-0.374,-0.383,-0.075,-0.139,-0.131,-0.436,-0.365,-0.369,1.0,0.993,0.995
9000,y2,0.063,-0.193,-0.055,-0.099,-0.387,-0.383,-0.387,-0.094,-0.158,-0.163,-0.446,-0.371,-0.373,0.993,1.0,0.996
9000,y3,0.073,-0.188,-0.056,-0.104,-0.363,-0.352,-0.355,-0.1,-0.163,-0.161,-0.422,-0.344,-0.341,0.995,0.996,1.0
9500,.,1.0,0.059,-0.161,-0.183,0.23,0.162,0.087,-0.199,-0.24,-0.286,0.198,0.173,0.147,-0.031,0.057,0.038
9500,A1_1,0.059,1.0,0.923,0.925,0.272,0.361,0.357,0.933,0.91,0.868,0.313,0.272,0.332,-0.11,-0.129,-0.157
9500,A1_2,-0.161,0.923,1.0,0.973,0.056,0.163,0.201,0.99,0.959,0.953,0.116,0.062,0.127,-0.085,-0.119,-0.198
9500,A1_3,-0.183,0.925,0.973,1.0,0.063,0.173,0.196,0.981,0.966,0.949,0.119,0.066,0.143,-0.064,-0.087,-0.152
9500,B1_1,0.23,0.272,0.056,0.063,1.0,0.957,0.964,0.108,0.089,-0.047,0.984,0.989,0.985,-0.141,-0.121,-0.055
9500,B1_2,0.162,0.361,0.163,0.173,0.957,1.0,0.973,0.215,0.179,0.034,0.95,0.958,0.981,-0.087,-0.075,-0.02
9500,B1_3,0.087,0.357,0.201,0.196,0.964,0.973,1.0,0.249,0.223,0.084,0.963,0.967,0.98,-0.042,-0.038,0.004
9500,A2_1,-0.199,0.933,0.99,0.981,0.108,0.215,0.249,1.0,0.964,0.949,0.166,0.115,0.183,-0.098,-0.129,-0.203
9500,A2_2,-0.24,0.91,0.959,0.966,0.089,0.179,0.223,0.964,1.0,0.979,0.125,0.085,0.157,-0.034,-0.061,-0.115
9500,A2_3,-0.286,0.868,0.953,0.949,-0.047,0.034,0.084,0.949,0.979,1.0,-0.006,-0.052,0.017,-0.108,-0.145,-0.207
9500,B2_1,0.198,0.313,0.116,0.119,0.984,0.95,0.963,0.166,0.125,-0.006,1.0,0.994,0.985,-0.135,-0.127,-0.061
9500,B2_2,0.173,0.272,0.062,0.066,0.989,0.958,0.967,0.115,0.085,-0.052,0.994,1.0,0.989,-0.099,-0.095,-0.017
9500,B2_3,0.147,0.332,0.127,0.143,0.985,0.981,0.98,0.183,0.157,0.017,0.985,0.989,1.0,-0.109,-0.099,-0.03
9500,y1,-0.031,-0.11,-0.085,-0.064,-0.141,-0.087,-0.042,-0.098,-0.034,-0.108,-0.135,-0.099,-0.109,1.0,0.987,0.973
9500,y2,0.057,-0.129,-0.119,-0.087,-0.121,-0.075,-0.038,-0.129,-0.061,-0.145,-0.127,-0.095,-0.099,0.987,1.0,0.974
9500,y3,0.038,-0.157,-0.198,-0.152,-0.055,-0.02,0.004,-0.203,-0.115,-0.207,-0.061,-0.017,-0.03,0.973,0.974,1.0
10000,.,1.0,0.039,-0.168,-0.131,0.11,0.037,0.085,0.026,-0.064,-0.234,0.167,0.119,0.111,0.228,0.224,0.218
10000,A1_1,0.039,1.0,0.923,0.959,0.47,0.497,0.466,0.971,0.939,0.852,0.484,0.459,0.443,-0.123,-0.154,-0.119
10000,A1_2,-0.168,0.923,1.0,0.925,0.25,0.311,0.25,0.885,0.929,0.899,0.293,0.234,0.214,-0.152,-0.22,-0.165
10000,A1_3,-0.131,0.959,0.925,1.0,0.397,0.451,0.417,0.959,0.947,0.915,0.426,0.401,0.37,-0.151,-0.192,-0.151
10000,B1_1,0.11,0.47,0.25,0.397,1.0,0.973,0.992,0.467,0.355,0.253,0.937,0.985,0.995,-0.133,-0.089,-0.122
10000,B1_2,0.037,0.497,0.311,0.451,0.973,1.0,0.975,0.515,0.395,0.297,0.893,0.949,0.956,-0.176,-0.136,-0.167
10000,B1_3,0.085,0.466,0.25,0.417,0.992,0.975,1.0,0.48,0.368,0.286,0.919,0.99,0.987,-0.101,-0.063,-0.092
10000,A2_1,0.026,0.971,0.885,0.959,0.467,0.515,0.48,1.0,0.893,0.808,0.444,0.453,0.431,-0.068,-0.083,-0.05
10000,A2_2,-0.064,0.939,0.929,0.947,0.355,0.395,0.368,0.893,1.0,0.952,0.426,0.376,0.343,-0.105,-0.177,-0.134
10000,A2_3,-0.234,0.852,0.899,0.915,0.253,0.297,0.286,0.808,0.952,1.0,0.331,0.289,0.247,-0.069,-0.161,-0.109
10000,B2_1,0.167,0.484,0.293,0.426,0.937,0.893,0.919,0.444,0.426,0.331,1.0,0.925,0.946,-0.118,-0.112,-0.141
10000,B2_2,0.119,0.459,0.234,0.401,0.985,0.949,0.99,0.453,0.376,0.289,0.925,1.0,0.99,-0.102,-0.07,-0.095
10000,B2_3,0.111,0.443,0.214,0.37,0.995,0.956,0.987,0.431,0.343,0.247,0.946,0.99,1.0,-0.099,-0.059,-0.093
10000,y1,0.228,-0.123,-0.152,-0.151,-0.133,-0.176,-0.101,-0.068,-0.105,-0.069,-0.118,-0.102,-0.099,1.0,0.984,0.991
10000,y2,0.224,-0.154,-0.22,-0.192,-0.089,-0.136,-0.063,-0.083,-0.177,-0.161,-0.112,-0.07,-0.059,0.984,1.0,0.993
10000,y3,0.218,-0.119,-0.165,-0.151,-0.122,-0.167,-0.092,-0.05,-0.134,-0.109,-0.141,-0.095,-0.093,0.991,0.993,1.0
