,,.,A1_1,A1_2,A1_3,B1_1,B1_2,B1_3,A2_1,A2_2,A2_3,B2_1,B2_2,B2_3,y1,y2,y3
1,.,1.0,0.699,0.786,0.761,0.52,-0.009,0.465,0.746,0.707,0.627,0.521,0.245,0.257,0.59,0.455,0.524
1,A1_1,0.699,1.0,0.541,0.363,0.311,0.019,0.551,0.509,0.469,0.44,0.258,0.121,0.038,0.187,0.388,0.439
1,A1_2,0.786,0.541,1.0,0.682,0.845,0.404,0.845,0.824,0.656,0.469,0.767,0.442,0.738,0.73,0.548,0.819
1,A1_3,0.761,0.363,0.682,1.0,0.582,0.075,0.288,0.732,0.836,0.698,0.78,0.509,0.451,0.862,0.41,0.598
1,B1_1,0.52,0.311,0.845,0.582,1.0,0.662,0.723,0.629,0.577,0.425,0.862,0.386,0.823,0.697,0.451,0.927
1,B1_2,-0.009,0.019,0.404,0.075,0.662,1.0,0.579,0.185,0.059,-0.112,0.343,0.486,0.672,0.395,0.528,0.68
1,B1_3,0.465,0.551,0.845,0.288,0.723,0.579,1.0,0.683,0.414,0.201,0.548,0.429,0.69,0.472,0.476,0.754
1,A2_1,0.746,0.509,0.824,0.732,0.629,0.185,0.683,1.0,0.889,0.643,0.703,0.615,0.481,0.806,0.388,0.711
1,A2_2,0.707,0.469,0.656,0.836,0.577,0.059,0.414,0.889,1.0,0.889,0.784,0.522,0.385,0.782,0.275,0.657
1,A2_3,0.627,0.44,0.469,0.698,0.425,-0.112,0.201,0.643,0.889,1.0,0.666,0.266,0.265,0.531,0.165,0.456
1,B2_1,0.521,0.258,0.767,0.78,0.862,0.343,0.548,0.703,0.784,0.666,1.0,0.372,0.739,0.759,0.234,0.808
1,B2_2,0.245,0.121,0.442,0.509,0.386,0.486,0.429,0.615,0.522,0.266,0.372,1.0,0.551,0.808,0.715,0.581
1,B2_3,0.257,0.038,0.738,0.451,0.823,0.672,0.69,0.481,0.385,0.265,0.739,0.551,1.0,0.687,0.575,0.771
1,y1,0.59,0.187,0.73,0.862,0.697,0.395,0.472,0.806,0.782,0.531,0.759,0.808,0.687,1.0,0.609,0.752
1,y2,0.455,0.388,0.548,0.41,0.451,0.528,0.476,0.388,0.275,0.165,0.234,0.715,0.575,0.609,1.0,0.589
1,y3,0.524,0.439,0.819,0.598,0.927,0.68,0.754,0.711,0.657,0.456,0.808,0.581,0.771,0.752,0.589,1.0
2,.,1.0,0.71,0.79,0.77,0.539,0.049,0.487,0.755,0.723,0.651,0.534,0.277,0.29,0.601,0.483,0.527
2,A1_1,0.71,1.0,0.555,0.386,0.33,0.055,0.566,0.522,0.488,0.47,0.275,0.15,0.07,0.207,0.418,0.445
2,A1_2,0.79,0.555,1.0,0.698,0.854,0.448,0.856,0.827,0.667,0.487,0.775,0.466,0.748,0.738,0.564,0.822
2,A1_3,0.77,0.386,0.698,1.0,0.612,0.151,0.328,0.738,0.842,0.703,0.791,0.538,0.493,0.872,0.452,0.612
2,B1_1,0.539,0.33,0.854,0.612,1.0,0.676,0.732,0.636,0.588,0.444,0.871,0.396,0.818,0.703,0.451,0.921
2,B1_2,0.049,0.055,0.448,0.151,0.676,1.0,0.593,0.208,0.094,-0.046,0.38,0.505,0.688,0.428,0.538,0.678
2,B1_3,0.487,0.566,0.856,0.328,0.732,0.593,1.0,0.693,0.433,0.23,0.565,0.446,0.69,0.489,0.484,0.756
2,A2_1,0.755,0.522,0.827,0.738,0.636,0.208,0.693,1.0,0.89,0.647,0.701,0.622,0.485,0.804,0.396,0.712
2,A2_2,0.723,0.488,0.667,0.842,0.588,0.094,0.433,0.89,1.0,0.89,0.782,0.532,0.402,0.781,0.3,0.655
2,A2_3,0.651,0.47,0.487,0.703,0.444,-0.046,0.23,0.647,0.89,1.0,0.664,0.291,0.302,0.539,0.224,0.46
2,B2_1,0.534,0.275,0.775,0.791,0.871,0.38,0.565,0.701,0.782,0.664,1.0,0.39,0.752,0.764,0.262,0.807
2,B2_2,0.277,0.15,0.466,0.538,0.396,0.505,0.446,0.622,0.532,0.291,0.39,1.0,0.564,0.816,0.72,0.581
2,B2_3,0.29,0.07,0.748,0.493,0.818,0.688,0.69,0.485,0.402,0.302,0.752,0.564,1.0,0.698,0.59,0.755
2,y1,0.601,0.207,0.738,0.872,0.703,0.428,0.489,0.804,0.781,0.539,0.764,0.816,0.698,1.0,0.619,0.75
2,y2,0.483,0.418,0.564,0.452,0.451,0.538,0.484,0.396,0.3,0.224,0.262,0.72,0.59,0.619,1.0,0.577
2,y3,0.527,0.445,0.822,0.612,0.921,0.678,0.756,0.712,0.655,0.46,0.807,0.581,0.755,0.75,0.577,1.0
3,.,1.0,0.721,0.796,0.778,0.562,0.127,0.511,0.763,0.739,0.673,0.549,0.31,0.327,0.613,0.51,0.538
3,A1_1,0.721,1.0,0.572,0.408,0.358,0.113,0.585,0.537,0.51,0.499,0.299,0.182,0.112,0.232,0.449,0.459
3,A1_2,0.796,0.572,1.0,0.714,0.863,0.503,0.867,0.831,0.68,0.509,0.785,0.495,0.758,0.748,0.587,0.827
3,A1_3,0.778,0.408,0.714,1.0,0.64,0.237,0.37,0.745,0.847,0.708,0.803,0.566,0.531,0.88,0.492,0.628
3,B1_1,0.562,0.358,0.863,0.64,1.0,0.703,0.746,0.645,0.604,0.469,0.88,0.42,0.82,0.715,0.472,0.916
3,B1_2,0.127,0.113,0.503,0.237,0.703,1.0,0.619,0.246,0.152,0.043,0.435,0.535,0.721,0.473,0.573,0.681
3,B1_3,0.511,0.585,0.867,0.37,0.746,0.619,1.0,0.702,0.458,0.267,0.589,0.473,0.698,0.514,0.508,0.762
3,A2_1,0.763,0.537,0.831,0.745,0.645,0.246,0.702,1.0,0.892,0.654,0.702,0.63,0.491,0.803,0.41,0.716
3,A2_2,0.739,0.51,0.68,0.847,0.604,0.152,0.458,0.892,1.0,0.893,0.783,0.545,0.425,0.782,0.332,0.659
3,A2_3,0.673,0.499,0.509,0.708,0.469,0.043,0.267,0.654,0.893,1.0,0.666,0.319,0.343,0.55,0.284,0.472
3,B2_1,0.549,0.299,0.785,0.803,0.88,0.435,0.589,0.702,0.783,0.666,1.0,0.417,0.766,0.772,0.305,0.809
3,B2_2,0.31,0.182,0.495,0.566,0.42,0.535,0.473,0.63,0.545,0.319,0.417,1.0,0.587,0.827,0.729,0.59
3,B2_3,0.327,0.112,0.758,0.531,0.82,0.721,0.698,0.491,0.425,0.343,0.766,0.587,1.0,0.711,0.62,0.745
3,y1,0.613,0.232,0.748,0.88,0.715,0.473,0.514,0.803,0.782,0.55,0.772,0.827,0.711,1.0,0.634,0.753
3,y2,0.51,0.449,0.587,0.492,0.472,0.573,0.508,0.41,0.332,0.284,0.305,0.729,0.62,0.634,1.0,0.579
3,y3,0.538,0.459,0.827,0.628,0.916,0.681,0.762,0.716,0.659,0.472,0.809,0.59,0.745,0.753,0.579,1.0
4,.,1.0,0.726,0.798,0.783,0.574,0.182,0.528,0.773,0.754,0.691,0.56,0.337,0.349,0.621,0.521,0.541
4,A1_1,0.726,1.0,0.583,0.423,0.375,0.153,0.598,0.551,0.528,0.521,0.317,0.211,0.143,0.251,0.466,0.467
4,A1_2,0.798,0.583,1.0,0.726,0.87,0.545,0.877,0.833,0.69,0.524,0.794,0.523,0.764,0.757,0.604,0.831
4,A1_3,0.783,0.423,0.726,1.0,0.662,0.304,0.405,0.749,0.85,0.71,0.811,0.59,0.557,0.886,0.518,0.639
4,B1_1,0.574,0.375,0.87,0.662,1.0,0.725,0.761,0.649,0.615,0.486,0.889,0.447,0.824,0.726,0.492,0.911
4,B1_2,0.182,0.153,0.545,0.304,0.725,1.0,0.645,0.278,0.206,0.119,0.485,0.571,0.756,0.514,0.606,0.677
4,B1_3,0.528,0.598,0.877,0.405,0.761,0.645,1.0,0.708,0.479,0.298,0.613,0.501,0.709,0.537,0.532,0.768
4,A2_1,0.773,0.551,0.833,0.749,0.649,0.278,0.708,1.0,0.893,0.66,0.7,0.636,0.491,0.801,0.419,0.717
4,A2_2,0.754,0.528,0.69,0.85,0.615,0.206,0.479,0.893,1.0,0.895,0.782,0.557,0.442,0.783,0.357,0.661
4,A2_3,0.691,0.521,0.524,0.71,0.486,0.119,0.298,0.66,0.895,1.0,0.665,0.343,0.373,0.556,0.327,0.478
4,B2_1,0.56,0.317,0.794,0.811,0.889,0.485,0.613,0.7,0.782,0.665,1.0,0.445,0.778,0.779,0.343,0.811
4,B2_2,0.337,0.211,0.523,0.59,0.447,0.571,0.501,0.636,0.557,0.343,0.445,1.0,0.611,0.837,0.743,0.599
4,B2_3,0.349,0.143,0.764,0.557,0.824,0.756,0.709,0.491,0.442,0.373,0.778,0.611,1.0,0.722,0.648,0.735
4,y1,0.621,0.251,0.757,0.886,0.726,0.514,0.537,0.801,0.783,0.556,0.779,0.837,0.722,1.0,0.648,0.755
4,y2,0.521,0.466,0.604,0.518,0.492,0.606,0.532,0.419,0.357,0.327,0.343,0.743,0.648,0.648,1.0,0.58
4,y3,0.541,0.467,0.831,0.639,0.911,0.677,0.768,0.717,0.661,0.478,0.811,0.599,0.735,0.755,0.58,1.0
5,.,1.0,0.731,0.798,0.786,0.585,0.233,0.541,0.779,0.765,0.707,0.567,0.359,0.368,0.625,0.529,0.544
5,A1_1,0.731,1.0,0.595,0.436,0.394,0.193,0.611,0.562,0.544,0.542,0.335,0.236,0.173,0.267,0.481,0.478
5,A1_2,0.798,0.595,1.0,0.736,0.877,0.581,0.885,0.834,0.7,0.539,0.803,0.551,0.769,0.766,0.623,0.835
5,A1_3,0.786,0.436,0.736,1.0,0.68,0.36,0.436,0.753,0.853,0.711,0.817,0.61,0.576,0.891,0.541,0.65
5,B1_1,0.585,0.394,0.877,0.68,1.0,0.749,0.777,0.651,0.626,0.503,0.897,0.479,0.831,0.737,0.52,0.906
5,B1_2,0.233,0.193,0.581,0.36,0.749,1.0,0.67,0.304,0.256,0.191,0.533,0.604,0.791,0.55,0.643,0.673
5,B1_3,0.541,0.611,0.885,0.436,0.777,0.67,1.0,0.712,0.5,0.329,0.637,0.533,0.723,0.561,0.56,0.776
5,A2_1,0.779,0.562,0.834,0.753,0.651,0.304,0.712,1.0,0.894,0.665,0.698,0.64,0.49,0.797,0.427,0.718
5,A2_2,0.765,0.544,0.7,0.853,0.626,0.256,0.5,0.894,1.0,0.897,0.781,0.568,0.458,0.782,0.381,0.664
5,A2_3,0.707,0.542,0.539,0.711,0.503,0.191,0.329,0.665,0.897,1.0,0.663,0.365,0.399,0.562,0.366,0.487
5,B2_1,0.567,0.335,0.803,0.817,0.897,0.533,0.637,0.698,0.781,0.663,1.0,0.475,0.789,0.788,0.384,0.814
5,B2_2,0.359,0.236,0.551,0.61,0.479,0.604,0.533,0.64,0.568,0.365,0.475,1.0,0.638,0.848,0.758,0.613
5,B2_3,0.368,0.173,0.769,0.576,0.831,0.791,0.723,0.49,0.458,0.399,0.789,0.638,1.0,0.732,0.679,0.729
5,y1,0.625,0.267,0.766,0.891,0.737,0.55,0.561,0.797,0.782,0.562,0.788,0.848,0.732,1.0,0.662,0.759
5,y2,0.529,0.481,0.623,0.541,0.52,0.643,0.56,0.427,0.381,0.366,0.384,0.758,0.679,0.662,1.0,0.588
5,y3,0.544,0.478,0.835,0.65,0.906,0.673,0.776,0.718,0.664,0.487,0.814,0.613,0.729,0.759,0.588,1.0
6,.,1.0,0.733,0.797,0.786,0.589,0.265,0.549,0.784,0.772,0.718,0.569,0.373,0.376,0.624,0.529,0.544
6,A1_1,0.733,1.0,0.603,0.444,0.406,0.221,0.619,0.571,0.557,0.56,0.347,0.256,0.196,0.278,0.489,0.485
6,A1_2,0.797,0.603,1.0,0.744,0.882,0.609,0.893,0.833,0.707,0.55,0.811,0.576,0.773,0.773,0.638,0.838
6,A1_3,0.786,0.444,0.744,1.0,0.693,0.397,0.462,0.755,0.855,0.711,0.821,0.626,0.588,0.893,0.555,0.657
6,B1_1,0.589,0.406,0.882,0.693,1.0,0.77,0.793,0.65,0.633,0.515,0.904,0.51,0.838,0.747,0.546,0.901
6,B1_2,0.265,0.221,0.609,0.397,0.77,1.0,0.692,0.32,0.293,0.244,0.571,0.631,0.82,0.577,0.675,0.669
6,B1_3,0.549,0.619,0.893,0.462,0.793,0.692,1.0,0.712,0.517,0.353,0.66,0.563,0.737,0.583,0.586,0.782
6,A2_1,0.784,0.571,0.833,0.755,0.65,0.32,0.712,1.0,0.895,0.669,0.694,0.641,0.484,0.792,0.429,0.717
6,A2_2,0.772,0.557,0.707,0.855,0.633,0.293,0.517,0.895,1.0,0.898,0.778,0.576,0.468,0.78,0.399,0.665
6,A2_3,0.718,0.56,0.55,0.711,0.515,0.244,0.353,0.669,0.898,1.0,0.659,0.382,0.417,0.564,0.395,0.493
6,B2_1,0.569,0.347,0.811,0.821,0.904,0.571,0.66,0.694,0.778,0.659,1.0,0.503,0.799,0.794,0.419,0.816
6,B2_2,0.373,0.256,0.576,0.626,0.51,0.631,0.563,0.641,0.576,0.382,0.503,1.0,0.661,0.857,0.771,0.626
6,B2_3,0.376,0.196,0.773,0.588,0.838,0.82,0.737,0.484,0.468,0.417,0.799,0.661,1.0,0.74,0.707,0.724
6,y1,0.624,0.278,0.773,0.893,0.747,0.577,0.583,0.792,0.78,0.564,0.794,0.857,0.74,1.0,0.674,0.763
6,y2,0.529,0.489,0.638,0.555,0.546,0.675,0.586,0.429,0.399,0.395,0.419,0.771,0.707,0.674,1.0,0.595
6,y3,0.544,0.485,0.838,0.657,0.901,0.669,0.782,0.717,0.665,0.493,0.816,0.626,0.724,0.763,0.595,1.0
7,.,1.0,0.733,0.793,0.783,0.587,0.28,0.551,0.786,0.776,0.725,0.565,0.376,0.375,0.616,0.521,0.542
7,A1_1,0.733,1.0,0.607,0.447,0.413,0.237,0.622,0.576,0.565,0.572,0.354,0.268,0.208,0.282,0.491,0.49
7,A1_2,0.793,0.607,1.0,0.749,0.885,0.628,0.898,0.83,0.711,0.557,0.817,0.595,0.774,0.777,0.648,0.84
7,A1_3,0.783,0.447,0.749,1.0,0.7,0.416,0.482,0.755,0.855,0.707,0.822,0.636,0.592,0.893,0.561,0.662
7,B1_1,0.587,0.413,0.885,0.7,1.0,0.787,0.807,0.644,0.635,0.52,0.909,0.537,0.845,0.755,0.569,0.896
7,B1_2,0.28,0.237,0.628,0.416,0.787,1.0,0.712,0.324,0.315,0.277,0.601,0.65,0.843,0.593,0.7,0.666
7,B1_3,0.551,0.622,0.898,0.482,0.807,0.712,1.0,0.708,0.529,0.372,0.681,0.589,0.75,0.601,0.609,0.788
7,A2_1,0.786,0.576,0.83,0.755,0.644,0.324,0.708,1.0,0.895,0.671,0.687,0.638,0.473,0.785,0.424,0.714
7,A2_2,0.776,0.565,0.711,0.855,0.635,0.315,0.529,0.895,1.0,0.899,0.773,0.579,0.471,0.775,0.407,0.665
7,A2_3,0.725,0.572,0.557,0.707,0.52,0.277,0.372,0.671,0.899,1.0,0.652,0.39,0.425,0.56,0.412,0.495
7,B2_1,0.565,0.354,0.817,0.822,0.909,0.601,0.681,0.687,0.773,0.652,1.0,0.528,0.806,0.8,0.448,0.817
7,B2_2,0.376,0.268,0.595,0.636,0.537,0.65,0.589,0.638,0.579,0.39,0.528,1.0,0.681,0.865,0.782,0.637
7,B2_3,0.375,0.208,0.774,0.592,0.845,0.843,0.75,0.473,0.471,0.425,0.806,0.681,1.0,0.744,0.729,0.719
7,y1,0.616,0.282,0.777,0.893,0.755,0.593,0.601,0.785,0.775,0.56,0.8,0.865,0.744,1.0,0.681,0.765
7,y2,0.521,0.491,0.648,0.561,0.569,0.7,0.609,0.424,0.407,0.412,0.448,0.782,0.729,0.681,1.0,0.601
7,y3,0.542,0.49,0.84,0.662,0.896,0.666,0.788,0.714,0.665,0.495,0.817,0.637,0.719,0.765,0.601,1.0
8,.,1.0,0.732,0.785,0.778,0.579,0.284,0.544,0.786,0.778,0.73,0.555,0.371,0.365,0.604,0.508,0.534
8,A1_1,0.732,1.0,0.609,0.447,0.415,0.243,0.62,0.58,0.571,0.582,0.355,0.272,0.212,0.28,0.487,0.491
8,A1_2,0.785,0.609,1.0,0.752,0.887,0.641,0.902,0.825,0.713,0.561,0.821,0.611,0.774,0.779,0.656,0.84
8,A1_3,0.778,0.447,0.752,1.0,0.703,0.426,0.495,0.754,0.855,0.703,0.821,0.641,0.591,0.891,0.562,0.663
8,B1_1,0.579,0.415,0.887,0.703,1.0,0.802,0.819,0.634,0.634,0.52,0.914,0.56,0.851,0.76,0.588,0.89
8,B1_2,0.284,0.243,0.641,0.426,0.802,1.0,0.728,0.32,0.329,0.3,0.624,0.665,0.861,0.605,0.72,0.661
8,B1_3,0.544,0.62,0.902,0.495,0.819,0.728,1.0,0.7,0.536,0.384,0.699,0.613,0.762,0.616,0.629,0.791
8,A2_1,0.786,0.58,0.825,0.754,0.634,0.32,0.7,1.0,0.894,0.672,0.677,0.63,0.457,0.775,0.415,0.71
8,A2_2,0.778,0.571,0.713,0.855,0.634,0.329,0.536,0.894,1.0,0.899,0.767,0.578,0.469,0.769,0.411,0.664
8,A2_3,0.73,0.582,0.561,0.703,0.52,0.3,0.384,0.672,0.899,1.0,0.642,0.393,0.425,0.554,0.423,0.496
8,B2_1,0.555,0.355,0.821,0.821,0.914,0.624,0.699,0.677,0.767,0.642,1.0,0.549,0.812,0.803,0.472,0.817
8,B2_2,0.371,0.272,0.611,0.641,0.56,0.665,0.613,0.63,0.578,0.393,0.549,1.0,0.698,0.871,0.79,0.646
8,B2_3,0.365,0.212,0.774,0.591,0.851,0.861,0.762,0.457,0.469,0.425,0.812,0.698,1.0,0.747,0.747,0.712
8,y1,0.604,0.28,0.779,0.891,0.76,0.605,0.616,0.775,0.769,0.554,0.803,0.871,0.747,1.0,0.686,0.767
8,y2,0.508,0.487,0.656,0.562,0.588,0.72,0.629,0.415,0.411,0.423,0.472,0.79,0.747,0.686,1.0,0.605
8,y3,0.534,0.491,0.84,0.663,0.89,0.661,0.791,0.71,0.664,0.496,0.817,0.646,0.712,0.767,0.605,1.0
9,.,1.0,0.728,0.774,0.771,0.563,0.275,0.53,0.784,0.777,0.733,0.538,0.358,0.346,0.585,0.486,0.521
9,A1_1,0.728,1.0,0.606,0.443,0.409,0.239,0.613,0.58,0.574,0.589,0.351,0.269,0.208,0.271,0.478,0.487
9,A1_2,0.774,0.606,1.0,0.752,0.887,0.649,0.905,0.818,0.713,0.56,0.825,0.622,0.771,0.779,0.66,0.839
9,A1_3,0.771,0.443,0.752,1.0,0.701,0.425,0.502,0.752,0.853,0.697,0.817,0.641,0.583,0.888,0.557,0.662
9,B1_1,0.563,0.409,0.887,0.701,1.0,0.814,0.83,0.619,0.628,0.515,0.917,0.58,0.857,0.763,0.604,0.883
9,B1_2,0.275,0.239,0.649,0.425,0.814,1.0,0.741,0.307,0.331,0.309,0.642,0.676,0.875,0.61,0.734,0.654
9,B1_3,0.53,0.613,0.905,0.502,0.83,0.741,1.0,0.687,0.538,0.39,0.715,0.633,0.773,0.627,0.646,0.792
9,A2_1,0.784,0.58,0.818,0.752,0.619,0.307,0.687,1.0,0.893,0.67,0.663,0.617,0.436,0.763,0.4,0.702
9,A2_2,0.777,0.574,0.713,0.853,0.628,0.331,0.538,0.893,1.0,0.899,0.757,0.572,0.461,0.76,0.408,0.66
9,A2_3,0.733,0.589,0.56,0.697,0.515,0.309,0.39,0.67,0.899,1.0,0.628,0.389,0.418,0.542,0.425,0.491
9,B2_1,0.538,0.351,0.825,0.817,0.917,0.642,0.715,0.663,0.757,0.628,1.0,0.567,0.816,0.805,0.49,0.816
9,B2_2,0.358,0.269,0.622,0.641,0.58,0.676,0.633,0.617,0.572,0.389,0.567,1.0,0.713,0.875,0.796,0.653
9,B2_3,0.346,0.208,0.771,0.583,0.857,0.875,0.773,0.436,0.461,0.418,0.816,0.713,1.0,0.746,0.761,0.705
9,y1,0.585,0.271,0.779,0.888,0.763,0.61,0.627,0.763,0.76,0.542,0.805,0.875,0.746,1.0,0.687,0.767
9,y2,0.486,0.478,0.66,0.557,0.604,0.734,0.646,0.4,0.408,0.425,0.49,0.796,0.761,0.687,1.0,0.606
9,y3,0.521,0.487,0.839,0.662,0.883,0.654,0.792,0.702,0.66,0.491,0.816,0.653,0.705,0.767,0.606,1.0
10,.,1.0,0.72,0.756,0.76,0.533,0.245,0.503,0.783,0.776,0.734,0.508,0.332,0.31,0.558,0.45,0.495
10,A1_1,0.72,1.0,0.596,0.432,0.389,0.215,0.595,0.579,0.573,0.592,0.333,0.256,0.186,0.251,0.457,0.472
10,A1_2,0.756,0.596,1.0,0.747,0.886,0.648,0.906,0.807,0.707,0.551,0.825,0.628,0.765,0.775,0.656,0.835
10,A1_3,0.76,0.432,0.747,1.0,0.69,0.408,0.499,0.748,0.85,0.686,0.806,0.635,0.564,0.881,0.541,0.652
10,B1_1,0.533,0.389,0.886,0.69,1.0,0.82,0.838,0.596,0.613,0.497,0.919,0.594,0.86,0.76,0.61,0.873
10,B1_2,0.245,0.215,0.648,0.408,0.82,1.0,0.75,0.283,0.32,0.3,0.651,0.684,0.884,0.607,0.74,0.639
10,B1_3,0.503,0.595,0.906,0.499,0.838,0.75,1.0,0.667,0.53,0.384,0.728,0.647,0.782,0.631,0.655,0.79
10,A2_1,0.783,0.579,0.807,0.748,0.596,0.283,0.667,1.0,0.892,0.668,0.642,0.597,0.404,0.747,0.374,0.69
10,A2_2,0.776,0.573,0.707,0.85,0.613,0.32,0.53,0.892,1.0,0.897,0.74,0.559,0.442,0.746,0.393,0.649
10,A2_3,0.734,0.592,0.551,0.686,0.497,0.3,0.384,0.668,0.897,1.0,0.605,0.375,0.397,0.522,0.412,0.477
10,B2_1,0.508,0.333,0.825,0.806,0.919,0.651,0.728,0.642,0.74,0.605,1.0,0.578,0.818,0.802,0.496,0.811
10,B2_2,0.332,0.256,0.628,0.635,0.594,0.684,0.647,0.597,0.559,0.375,0.578,1.0,0.722,0.878,0.801,0.654
10,B2_3,0.31,0.186,0.765,0.564,0.86,0.884,0.782,0.404,0.442,0.397,0.818,0.722,1.0,0.74,0.768,0.693
10,y1,0.558,0.251,0.775,0.881,0.76,0.607,0.631,0.747,0.746,0.522,0.802,0.878,0.74,1.0,0.682,0.763
10,y2,0.45,0.457,0.656,0.541,0.61,0.74,0.655,0.374,0.393,0.412,0.496,0.801,0.768,0.682,1.0,0.598
10,y3,0.495,0.472,0.835,0.652,0.873,0.639,0.79,0.69,0.649,0.477,0.811,0.654,0.693,0.763,0.598,1.0
11,.,1.0,0.711,0.734,0.747,0.499,0.208,0.47,0.778,0.771,0.732,0.474,0.298,0.269,0.524,0.408,0.468
11,A1_1,0.711,1.0,0.584,0.419,0.367,0.19,0.573,0.575,0.57,0.594,0.313,0.237,0.162,0.226,0.433,0.457
11,A1_2,0.734,0.584,1.0,0.74,0.883,0.644,0.905,0.793,0.7,0.541,0.825,0.631,0.759,0.769,0.65,0.831
11,A1_3,0.747,0.419,0.74,1.0,0.675,0.383,0.492,0.742,0.847,0.674,0.793,0.624,0.541,0.873,0.52,0.641
11,B1_1,0.499,0.367,0.883,0.675,1.0,0.826,0.846,0.568,0.595,0.476,0.92,0.606,0.864,0.756,0.616,0.862
11,B1_2,0.208,0.19,0.644,0.383,0.826,1.0,0.758,0.25,0.302,0.286,0.658,0.688,0.892,0.599,0.745,0.624
11,B1_3,0.47,0.573,0.905,0.492,0.846,0.758,1.0,0.642,0.52,0.375,0.74,0.662,0.791,0.634,0.665,0.787
11,A2_1,0.778,0.575,0.793,0.742,0.568,0.25,0.642,1.0,0.889,0.664,0.618,0.573,0.369,0.727,0.343,0.675
11,A2_2,0.771,0.57,0.7,0.847,0.595,0.302,0.52,0.889,1.0,0.896,0.722,0.542,0.419,0.73,0.374,0.638
11,A2_3,0.732,0.594,0.541,0.674,0.476,0.286,0.375,0.664,0.896,1.0,0.579,0.355,0.372,0.498,0.396,0.463
11,B2_1,0.474,0.313,0.825,0.793,0.92,0.658,0.74,0.618,0.722,0.579,1.0,0.589,0.82,0.799,0.502,0.807
11,B2_2,0.298,0.237,0.631,0.624,0.606,0.688,0.662,0.573,0.542,0.355,0.589,1.0,0.73,0.88,0.804,0.654
11,B2_3,0.269,0.162,0.759,0.541,0.864,0.892,0.791,0.369,0.419,0.372,0.82,0.73,1.0,0.733,0.774,0.68
11,y1,0.524,0.226,0.769,0.873,0.756,0.599,0.634,0.727,0.73,0.498,0.799,0.88,0.733,1.0,0.675,0.758
11,y2,0.408,0.433,0.65,0.52,0.616,0.745,0.665,0.343,0.374,0.396,0.502,0.804,0.774,0.675,1.0,0.59
11,y3,0.468,0.457,0.831,0.641,0.862,0.624,0.787,0.675,0.638,0.463,0.807,0.654,0.68,0.758,0.59,1.0
12,.,1.0,0.705,0.708,0.734,0.456,0.165,0.429,0.774,0.765,0.731,0.43,0.257,0.219,0.484,0.363,0.436
12,A1_1,0.705,1.0,0.57,0.407,0.338,0.161,0.546,0.574,0.569,0.598,0.287,0.213,0.131,0.199,0.407,0.439
12,A1_2,0.708,0.57,1.0,0.731,0.879,0.639,0.904,0.777,0.69,0.528,0.823,0.632,0.75,0.761,0.643,0.825
12,A1_3,0.734,0.407,0.731,1.0,0.654,0.35,0.478,0.738,0.843,0.662,0.774,0.607,0.51,0.861,0.494,0.627
12,B1_1,0.456,0.338,0.879,0.654,1.0,0.831,0.853,0.535,0.572,0.449,0.921,0.616,0.867,0.749,0.619,0.85
12,B1_2,0.165,0.161,0.639,0.35,0.831,1.0,0.766,0.212,0.278,0.265,0.662,0.691,0.899,0.588,0.749,0.607
12,B1_3,0.429,0.546,0.904,0.478,0.853,0.766,1.0,0.612,0.504,0.36,0.75,0.674,0.8,0.635,0.672,0.781
12,A2_1,0.774,0.574,0.777,0.738,0.535,0.212,0.612,1.0,0.887,0.661,0.589,0.543,0.327,0.704,0.308,0.659
12,A2_2,0.765,0.569,0.69,0.843,0.572,0.278,0.504,0.887,1.0,0.894,0.699,0.52,0.39,0.711,0.352,0.625
12,A2_3,0.731,0.598,0.528,0.662,0.449,0.265,0.36,0.661,0.894,1.0,0.548,0.331,0.34,0.47,0.377,0.446
12,B2_1,0.43,0.287,0.823,0.774,0.921,0.662,0.75,0.589,0.699,0.548,1.0,0.597,0.82,0.793,0.503,0.799
12,B2_2,0.257,0.213,0.632,0.607,0.616,0.691,0.674,0.543,0.52,0.331,0.597,1.0,0.738,0.881,0.805,0.653
12,B2_3,0.219,0.131,0.75,0.51,0.867,0.899,0.8,0.327,0.39,0.34,0.82,0.738,1.0,0.724,0.778,0.665
12,y1,0.484,0.199,0.761,0.861,0.749,0.588,0.635,0.704,0.711,0.47,0.793,0.881,0.724,1.0,0.665,0.751
12,y2,0.363,0.407,0.643,0.494,0.619,0.749,0.672,0.308,0.352,0.377,0.503,0.805,0.778,0.665,1.0,0.58
12,y3,0.436,0.439,0.825,0.627,0.85,0.607,0.781,0.659,0.625,0.446,0.799,0.653,0.665,0.751,0.58,1.0
13,.,1.0,0.695,0.676,0.718,0.401,0.108,0.377,0.768,0.757,0.727,0.376,0.203,0.159,0.434,0.305,0.396
13,A1_1,0.695,1.0,0.549,0.391,0.301,0.119,0.51,0.569,0.563,0.598,0.252,0.18,0.091,0.161,0.373,0.415
13,A1_2,0.676,0.549,1.0,0.716,0.874,0.628,0.901,0.756,0.676,0.508,0.819,0.629,0.74,0.749,0.631,0.817
13,A1_3,0.718,0.391,0.716,1.0,0.623,0.303,0.455,0.731,0.839,0.647,0.748,0.582,0.47,0.844,0.457,0.606
13,B1_1,0.401,0.301,0.874,0.623,1.0,0.834,0.859,0.493,0.54,0.412,0.921,0.623,0.87,0.738,0.619,0.835
13,B1_2,0.108,0.119,0.628,0.303,0.834,1.0,0.77,0.162,0.242,0.231,0.662,0.69,0.903,0.571,0.75,0.584
13,B1_3,0.377,0.51,0.901,0.455,0.859,0.77,1.0,0.574,0.481,0.335,0.76,0.684,0.807,0.631,0.676,0.773
13,A2_1,0.768,0.569,0.756,0.731,0.493,0.162,0.574,1.0,0.884,0.656,0.552,0.505,0.277,0.676,0.262,0.637
13,A2_2,0.757,0.563,0.676,0.839,0.54,0.242,0.481,0.884,1.0,0.891,0.671,0.491,0.354,0.686,0.319,0.607
13,A2_3,0.727,0.598,0.508,0.647,0.412,0.231,0.335,0.656,0.891,1.0,0.509,0.296,0.299,0.434,0.346,0.422
13,B2_1,0.376,0.252,0.819,0.748,0.921,0.662,0.76,0.552,0.671,0.509,1.0,0.603,0.82,0.784,0.499,0.789
13,B2_2,0.203,0.18,0.629,0.582,0.623,0.69,0.684,0.505,0.491,0.296,0.603,1.0,0.743,0.881,0.804,0.647
13,B2_3,0.159,0.091,0.74,0.47,0.87,0.903,0.807,0.277,0.354,0.299,0.82,0.743,1.0,0.711,0.779,0.647
13,y1,0.434,0.161,0.749,0.844,0.738,0.571,0.631,0.676,0.686,0.434,0.784,0.881,0.711,1.0,0.651,0.742
13,y2,0.305,0.373,0.631,0.457,0.619,0.75,0.676,0.262,0.319,0.346,0.499,0.804,0.779,0.651,1.0,0.564
13,y3,0.396,0.415,0.817,0.606,0.835,0.584,0.773,0.637,0.607,0.422,0.789,0.647,0.647,0.742,0.564,1.0
14,.,1.0,0.688,0.638,0.706,0.339,0.047,0.316,0.765,0.75,0.725,0.315,0.146,0.092,0.384,0.245,0.354
14,A1_1,0.688,1.0,0.528,0.38,0.257,0.073,0.468,0.569,0.561,0.602,0.212,0.144,0.046,0.124,0.336,0.39
14,A1_2,0.638,0.528,1.0,0.699,0.867,0.616,0.896,0.734,0.661,0.487,0.814,0.624,0.728,0.736,0.617,0.807
14,A1_3,0.706,0.38,0.699,1.0,0.584,0.249,0.423,0.729,0.836,0.636,0.714,0.552,0.42,0.825,0.415,0.582
14,B1_1,0.339,0.257,0.867,0.584,1.0,0.837,0.865,0.445,0.504,0.37,0.92,0.631,0.872,0.725,0.616,0.816
14,B1_2,0.047,0.073,0.616,0.249,0.837,1.0,0.775,0.11,0.202,0.193,0.662,0.692,0.908,0.553,0.749,0.56
14,B1_3,0.316,0.468,0.896,0.423,0.865,0.775,1.0,0.529,0.452,0.305,0.768,0.693,0.815,0.624,0.678,0.762
14,A2_1,0.765,0.569,0.734,0.729,0.445,0.11,0.529,1.0,0.882,0.654,0.51,0.463,0.222,0.647,0.216,0.615
14,A2_2,0.75,0.561,0.661,0.836,0.504,0.202,0.452,0.882,1.0,0.889,0.636,0.458,0.311,0.661,0.284,0.588
14,A2_3,0.725,0.602,0.487,0.636,0.37,0.193,0.305,0.654,0.889,1.0,0.465,0.259,0.252,0.397,0.313,0.398
14,B2_1,0.315,0.212,0.814,0.714,0.92,0.662,0.768,0.51,0.636,0.465,1.0,0.608,0.819,0.772,0.492,0.777
14,B2_2,0.146,0.144,0.624,0.552,0.631,0.692,0.693,0.463,0.458,0.259,0.608,1.0,0.748,0.879,0.804,0.64
14,B2_3,0.092,0.046,0.728,0.42,0.872,0.908,0.815,0.222,0.311,0.252,0.819,0.748,1.0,0.695,0.777,0.626
14,y1,0.384,0.124,0.736,0.825,0.725,0.553,0.624,0.647,0.661,0.397,0.772,0.879,0.695,1.0,0.635,0.731
14,y2,0.245,0.336,0.617,0.415,0.616,0.749,0.678,0.216,0.284,0.313,0.492,0.804,0.777,0.635,1.0,0.546
14,y3,0.354,0.39,0.807,0.582,0.816,0.56,0.762,0.615,0.588,0.398,0.777,0.64,0.626,0.731,0.546,1.0
15,.,1.0,0.683,0.598,0.697,0.27,-0.016,0.248,0.763,0.744,0.726,0.247,0.084,0.021,0.331,0.182,0.31
15,A1_1,0.683,1.0,0.506,0.373,0.209,0.023,0.421,0.572,0.562,0.607,0.169,0.105,-0.003,0.087,0.297,0.364
15,A1_2,0.598,0.506,1.0,0.676,0.859,0.602,0.89,0.708,0.643,0.464,0.808,0.619,0.715,0.72,0.602,0.796
15,A1_3,0.697,0.373,0.676,1.0,0.534,0.186,0.382,0.729,0.835,0.627,0.67,0.512,0.361,0.8,0.365,0.553
15,B1_1,0.27,0.209,0.859,0.534,1.0,0.84,0.871,0.391,0.461,0.323,0.92,0.639,0.876,0.709,0.612,0.796
15,B1_2,-0.016,0.023,0.602,0.186,0.84,1.0,0.779,0.054,0.157,0.15,0.661,0.692,0.911,0.531,0.748,0.533
15,B1_3,0.248,0.421,0.89,0.382,0.871,0.779,1.0,0.477,0.417,0.27,0.776,0.703,0.823,0.614,0.68,0.748
15,A2_1,0.763,0.572,0.708,0.729,0.391,0.054,0.477,1.0,0.881,0.654,0.462,0.416,0.163,0.616,0.167,0.59
15,A2_2,0.744,0.562,0.643,0.835,0.461,0.157,0.417,0.881,1.0,0.888,0.596,0.419,0.263,0.632,0.245,0.567
15,A2_3,0.726,0.607,0.464,0.627,0.323,0.15,0.27,0.654,0.888,1.0,0.415,0.217,0.2,0.358,0.276,0.373
15,B2_1,0.247,0.169,0.808,0.67,0.92,0.661,0.776,0.462,0.596,0.415,1.0,0.613,0.819,0.758,0.484,0.762
15,B2_2,0.084,0.105,0.619,0.512,0.639,0.692,0.703,0.416,0.419,0.217,0.613,1.0,0.753,0.876,0.803,0.632
15,B2_3,0.021,-0.003,0.715,0.361,0.876,0.911,0.823,0.163,0.263,0.2,0.819,0.753,1.0,0.676,0.775,0.603
15,y1,0.331,0.087,0.72,0.8,0.709,0.531,0.614,0.616,0.632,0.358,0.758,0.876,0.676,1.0,0.616,0.718
15,y2,0.182,0.297,0.602,0.365,0.612,0.748,0.68,0.167,0.245,0.276,0.484,0.803,0.775,0.616,1.0,0.526
15,y3,0.31,0.364,0.796,0.553,0.796,0.533,0.748,0.59,0.567,0.373,0.762,0.632,0.603,0.718,0.526,1.0
16,.,1.0,0.677,0.55,0.69,0.192,-0.085,0.169,0.759,0.737,0.725,0.169,0.012,-0.056,0.271,0.113,0.26
16,A1_1,0.677,1.0,0.477,0.367,0.153,-0.033,0.363,0.573,0.56,0.612,0.117,0.056,-0.059,0.04,0.252,0.331
16,A1_2,0.55,0.477,1.0,0.644,0.848,0.583,0.881,0.676,0.619,0.435,0.799,0.608,0.7,0.698,0.581,0.782
16,A1_3,0.69,0.367,0.644,1.0,0.47,0.11,0.325,0.728,0.832,0.618,0.613,0.459,0.288,0.767,0.303,0.515
16,B1_1,0.192,0.153,0.848,0.47,1.0,0.841,0.876,0.326,0.408,0.266,0.918,0.644,0.879,0.686,0.606,0.77
16,B1_2,-0.085,-0.033,0.583,0.11,0.841,1.0,0.78,-0.015,0.103,0.101,0.657,0.69,0.913,0.504,0.744,0.499
16,B1_3,0.169,0.363,0.881,0.325,0.876,0.78,1.0,0.415,0.371,0.223,0.784,0.711,0.831,0.598,0.678,0.73
16,A2_1,0.759,0.573,0.676,0.728,0.326,-0.015,0.415,1.0,0.879,0.654,0.404,0.358,0.094,0.577,0.106,0.56
16,A2_2,0.737,0.56,0.619,0.832,0.408,0.103,0.371,0.879,1.0,0.886,0.548,0.371,0.207,0.597,0.197,0.541
16,A2_3,0.725,0.612,0.435,0.618,0.266,0.101,0.223,0.654,0.886,1.0,0.357,0.166,0.14,0.311,0.233,0.342
16,B2_1,0.169,0.117,0.799,0.613,0.918,0.657,0.784,0.404,0.548,0.357,1.0,0.617,0.818,0.739,0.471,0.743
16,B2_2,0.012,0.056,0.608,0.459,0.644,0.69,0.711,0.358,0.371,0.166,0.617,1.0,0.757,0.871,0.799,0.619
16,B2_3,-0.056,-0.059,0.7,0.288,0.879,0.913,0.831,0.094,0.207,0.14,0.818,0.757,1.0,0.653,0.77,0.576
16,y1,0.271,0.04,0.698,0.767,0.686,0.504,0.598,0.577,0.597,0.311,0.739,0.871,0.653,1.0,0.592,0.701
16,y2,0.113,0.252,0.581,0.303,0.606,0.744,0.678,0.106,0.197,0.233,0.471,0.799,0.77,0.592,1.0,0.499
16,y3,0.26,0.331,0.782,0.515,0.77,0.499,0.73,0.56,0.541,0.342,0.743,0.619,0.576,0.701,0.499,1.0
17,.,1.0,0.675,0.501,0.691,0.11,-0.155,0.086,0.758,0.733,0.729,0.088,-0.063,-0.134,0.21,0.045,0.211
17,A1_1,0.675,1.0,0.449,0.371,0.093,-0.09,0.301,0.58,0.563,0.621,0.063,0.005,-0.117,-0.005,0.207,0.302
17,A1_2,0.501,0.449,1.0,0.606,0.836,0.562,0.871,0.641,0.594,0.405,0.789,0.596,0.683,0.673,0.558,0.765
17,A1_3,0.691,0.371,0.606,1.0,0.391,0.021,0.256,0.732,0.832,0.614,0.541,0.394,0.202,0.727,0.232,0.472
17,B1_1,0.11,0.093,0.836,0.391,1.0,0.843,0.881,0.254,0.348,0.203,0.917,0.649,0.883,0.659,0.597,0.739
17,B1_2,-0.155,-0.09,0.562,0.021,0.843,1.0,0.783,-0.087,0.044,0.046,0.654,0.688,0.915,0.471,0.74,0.462
17,B1_3,0.086,0.301,0.871,0.256,0.881,0.783,1.0,0.345,0.319,0.173,0.791,0.719,0.839,0.578,0.675,0.707
17,A2_1,0.758,0.58,0.641,0.732,0.254,-0.087,0.345,1.0,0.878,0.657,0.34,0.294,0.021,0.536,0.044,0.529
17,A2_2,0.733,0.563,0.594,0.832,0.348,0.044,0.319,0.878,1.0,0.885,0.493,0.318,0.146,0.56,0.146,0.514
17,A2_3,0.729,0.621,0.405,0.614,0.203,0.046,0.173,0.657,0.885,1.0,0.293,0.111,0.075,0.263,0.188,0.312
17,B2_1,0.088,0.063,0.789,0.541,0.917,0.654,0.791,0.34,0.493,0.293,1.0,0.621,0.817,0.717,0.457,0.72
17,B2_2,-0.063,0.005,0.596,0.394,0.649,0.688,0.719,0.294,0.318,0.111,0.621,1.0,0.762,0.864,0.794,0.603
17,B2_3,-0.134,-0.117,0.683,0.202,0.883,0.915,0.839,0.021,0.146,0.075,0.817,0.762,1.0,0.627,0.764,0.544
17,y1,0.21,-0.005,0.673,0.727,0.659,0.471,0.578,0.536,0.56,0.263,0.717,0.864,0.627,1.0,0.565,0.682
17,y2,0.045,0.207,0.558,0.232,0.597,0.74,0.675,0.044,0.146,0.188,0.457,0.794,0.764,0.565,1.0,0.469
17,y3,0.211,0.302,0.765,0.472,0.739,0.462,0.707,0.529,0.514,0.312,0.72,0.603,0.544,0.682,0.469,1.0
18,.,1.0,0.676,0.451,0.699,0.023,-0.226,0.001,0.761,0.732,0.734,0.004,-0.137,-0.212,0.155,-0.024,0.166
18,A1_1,0.676,1.0,0.419,0.383,0.026,-0.153,0.233,0.591,0.57,0.632,0.004,-0.048,-0.179,-0.047,0.16,0.273
18,A1_2,0.451,0.419,1.0,0.56,0.82,0.539,0.858,0.604,0.565,0.372,0.776,0.583,0.665,0.643,0.532,0.746
18,A1_3,0.699,0.383,0.56,1.0,0.294,-0.079,0.173,0.742,0.834,0.615,0.452,0.316,0.102,0.679,0.151,0.423
18,B1_1,0.023,0.026,0.82,0.294,1.0,0.844,0.887,0.175,0.28,0.132,0.915,0.656,0.887,0.626,0.586,0.702
18,B1_2,-0.226,-0.153,0.539,-0.079,0.844,1.0,0.785,-0.161,-0.022,-0.015,0.652,0.689,0.917,0.435,0.735,0.42
18,B1_3,0.001,0.233,0.858,0.173,0.887,0.785,1.0,0.268,0.259,0.115,0.798,0.727,0.847,0.552,0.67,0.679
18,A2_1,0.761,0.591,0.604,0.742,0.175,-0.161,0.268,1.0,0.879,0.664,0.269,0.226,-0.056,0.495,-0.02,0.498
18,A2_2,0.732,0.57,0.565,0.834,0.28,-0.022,0.259,0.879,1.0,0.885,0.43,0.259,0.078,0.52,0.09,0.485
18,A2_3,0.734,0.632,0.372,0.615,0.132,-0.015,0.115,0.664,0.885,1.0,0.223,0.051,0.005,0.214,0.138,0.282
18,B2_1,0.004,0.004,0.776,0.452,0.915,0.652,0.798,0.269,0.43,0.223,1.0,0.625,0.817,0.687,0.439,0.691
18,B2_2,-0.137,-0.048,0.583,0.316,0.656,0.689,0.727,0.226,0.259,0.051,0.625,1.0,0.767,0.854,0.79,0.583
18,B2_3,-0.212,-0.179,0.665,0.102,0.887,0.917,0.847,-0.056,0.078,0.005,0.817,0.767,1.0,0.593,0.755,0.507
18,y1,0.155,-0.047,0.643,0.679,0.626,0.435,0.552,0.495,0.52,0.214,0.687,0.854,0.593,1.0,0.534,0.659
18,y2,-0.024,0.16,0.532,0.151,0.586,0.735,0.67,-0.02,0.09,0.138,0.439,0.79,0.755,0.534,1.0,0.435
18,y3,0.166,0.273,0.746,0.423,0.702,0.42,0.679,0.498,0.485,0.282,0.691,0.583,0.507,0.659,0.435,1.0
19,.,1.0,0.678,0.397,0.713,-0.071,-0.299,-0.091,0.766,0.735,0.742,-0.088,-0.215,-0.293,0.098,-0.095,0.117
19,A1_1,0.678,1.0,0.385,0.402,-0.05,-0.22,0.155,0.605,0.579,0.645,-0.064,-0.107,-0.247,-0.092,0.108,0.24
19,A1_2,0.397,0.385,1.0,0.5,0.8,0.509,0.842,0.561,0.531,0.334,0.76,0.565,0.643,0.603,0.497,0.72
19,A1_3,0.713,0.402,0.5,1.0,0.176,-0.193,0.069,0.755,0.837,0.621,0.341,0.221,-0.016,0.622,0.056,0.362
19,B1_1,-0.071,-0.05,0.8,0.176,1.0,0.845,0.892,0.085,0.199,0.051,0.913,0.662,0.891,0.581,0.57,0.655
19,B1_2,-0.299,-0.22,0.509,-0.193,0.845,1.0,0.786,-0.242,-0.095,-0.081,0.648,0.688,0.917,0.39,0.725,0.367
19,B1_3,-0.091,0.155,0.842,0.069,0.892,0.786,1.0,0.181,0.187,0.048,0.806,0.733,0.856,0.515,0.661,0.643
19,A2_1,0.766,0.605,0.561,0.755,0.085,-0.242,0.181,1.0,0.88,0.674,0.187,0.148,-0.14,0.451,-0.09,0.464
19,A2_2,0.735,0.579,0.531,0.837,0.199,-0.095,0.187,0.88,1.0,0.886,0.354,0.19,0.001,0.476,0.026,0.451
19,A2_3,0.742,0.645,0.334,0.621,0.051,-0.081,0.048,0.674,0.886,1.0,0.143,-0.016,-0.072,0.162,0.081,0.247
19,B2_1,-0.088,-0.064,0.76,0.341,0.913,0.648,0.806,0.187,0.354,0.143,1.0,0.627,0.817,0.646,0.414,0.654
19,B2_2,-0.215,-0.107,0.565,0.221,0.662,0.688,0.733,0.148,0.19,-0.016,0.627,1.0,0.771,0.839,0.783,0.558
19,B2_3,-0.293,-0.247,0.643,-0.016,0.891,0.917,0.856,-0.14,0.001,-0.072,0.817,0.771,1.0,0.551,0.742,0.462
19,y1,0.098,-0.092,0.603,0.622,0.581,0.39,0.515,0.451,0.476,0.162,0.646,0.839,0.551,1.0,0.493,0.629
19,y2,-0.095,0.108,0.497,0.056,0.57,0.725,0.661,-0.09,0.026,0.081,0.414,0.783,0.742,0.493,1.0,0.39
19,y3,0.117,0.24,0.72,0.362,0.655,0.367,0.643,0.464,0.451,0.247,0.654,0.558,0.462,0.629,0.39,1.0
20,.,1.0,0.682,0.344,0.735,-0.164,-0.366,-0.182,0.774,0.741,0.752,-0.18,-0.291,-0.37,0.049,-0.161,0.074
20,A1_1,0.682,1.0,0.35,0.432,-0.129,-0.288,0.074,0.623,0.593,0.66,-0.134,-0.167,-0.315,-0.131,0.058,0.211
20,A1_2,0.344,0.35,1.0,0.429,0.777,0.475,0.823,0.515,0.493,0.294,0.74,0.544,0.619,0.552,0.456,0.687
20,A1_3,0.735,0.432,0.429,1.0,0.042,-0.312,-0.048,0.772,0.841,0.634,0.211,0.113,-0.143,0.559,-0.044,0.298
20,B1_1,-0.164,-0.129,0.777,0.042,1.0,0.846,0.897,-0.012,0.11,-0.035,0.911,0.668,0.896,0.524,0.55,0.598
20,B1_2,-0.366,-0.288,0.475,-0.312,0.846,1.0,0.787,-0.323,-0.172,-0.15,0.645,0.688,0.916,0.337,0.715,0.307
20,B1_3,-0.182,0.074,0.823,-0.048,0.897,0.787,1.0,0.087,0.108,-0.024,0.813,0.74,0.864,0.468,0.648,0.598
20,A2_1,0.774,0.623,0.515,0.772,-0.012,-0.323,0.087,1.0,0.883,0.687,0.098,0.067,-0.226,0.41,-0.159,0.431
20,A2_2,0.741,0.593,0.493,0.841,0.11,-0.172,0.108,0.883,1.0,0.888,0.27,0.115,-0.081,0.431,-0.039,0.418
20,A2_3,0.752,0.66,0.294,0.634,-0.035,-0.15,-0.024,0.687,0.888,1.0,0.057,-0.085,-0.152,0.113,0.026,0.217
20,B2_1,-0.18,-0.134,0.74,0.211,0.911,0.645,0.813,0.098,0.27,0.057,1.0,0.631,0.818,0.595,0.385,0.607
20,B2_2,-0.291,-0.167,0.544,0.113,0.668,0.688,0.74,0.067,0.115,-0.085,0.631,1.0,0.775,0.818,0.775,0.526
20,B2_3,-0.37,-0.315,0.619,-0.143,0.896,0.916,0.864,-0.226,-0.081,-0.152,0.818,0.775,1.0,0.498,0.726,0.409
20,y1,0.049,-0.131,0.552,0.559,0.524,0.337,0.468,0.41,0.431,0.113,0.595,0.818,0.498,1.0,0.447,0.593
20,y2,-0.161,0.058,0.456,-0.044,0.55,0.715,0.648,-0.159,-0.039,0.026,0.385,0.775,0.726,0.447,1.0,0.338
20,y3,0.074,0.211,0.687,0.298,0.598,0.307,0.598,0.431,0.418,0.217,0.607,0.526,0.409,0.593,0.338,1.0
21,.,1.0,0.69,0.3,0.758,-0.247,-0.421,-0.264,0.781,0.748,0.763,-0.265,-0.36,-0.434,0.011,-0.212,0.045
21,A1_1,0.69,1.0,0.322,0.469,-0.201,-0.345,-0.003,0.644,0.609,0.677,-0.2,-0.223,-0.374,-0.159,0.015,0.193
21,A1_2,0.3,0.322,1.0,0.36,0.752,0.447,0.802,0.472,0.457,0.26,0.718,0.524,0.597,0.498,0.419,0.652
21,A1_3,0.758,0.469,0.36,1.0,-0.091,-0.418,-0.163,0.79,0.845,0.65,0.077,0.004,-0.263,0.497,-0.134,0.244
21,B1_1,-0.247,-0.201,0.752,-0.091,1.0,0.85,0.902,-0.106,0.02,-0.118,0.909,0.678,0.902,0.463,0.534,0.535
21,B1_2,-0.421,-0.345,0.447,-0.418,0.85,1.0,0.791,-0.397,-0.244,-0.214,0.648,0.692,0.917,0.285,0.708,0.25
21,B1_3,-0.264,-0.003,0.802,-0.163,0.902,0.791,1.0,-0.004,0.029,-0.094,0.822,0.75,0.874,0.417,0.636,0.547
21,A2_1,0.781,0.644,0.472,0.79,-0.106,-0.397,-0.004,1.0,0.887,0.702,0.009,-0.014,-0.305,0.371,-0.22,0.404
21,A2_2,0.748,0.609,0.457,0.845,0.02,-0.244,0.029,0.887,1.0,0.891,0.182,0.04,-0.159,0.387,-0.1,0.39
21,A2_3,0.763,0.677,0.26,0.65,-0.118,-0.214,-0.094,0.702,0.891,1.0,-0.028,-0.153,-0.225,0.069,-0.023,0.194
21,B2_1,-0.265,-0.2,0.718,0.077,0.909,0.648,0.822,0.009,0.182,-0.028,1.0,0.639,0.821,0.537,0.36,0.555
21,B2_2,-0.36,-0.223,0.524,0.004,0.678,0.692,0.75,-0.014,0.04,-0.153,0.639,1.0,0.782,0.792,0.766,0.492
21,B2_3,-0.434,-0.374,0.597,-0.263,0.902,0.917,0.874,-0.305,-0.159,-0.225,0.821,0.782,1.0,0.444,0.712,0.354
21,y1,0.011,-0.159,0.498,0.497,0.463,0.285,0.417,0.371,0.387,0.069,0.537,0.792,0.444,1.0,0.402,0.558
21,y2,-0.212,0.015,0.419,-0.134,0.534,0.708,0.636,-0.22,-0.1,-0.023,0.36,0.766,0.712,0.402,1.0,0.291
21,y3,0.045,0.193,0.652,0.244,0.535,0.25,0.547,0.404,0.39,0.194,0.555,0.492,0.354,0.558,0.291,1.0
22,.,1.0,0.699,0.259,0.784,-0.327,-0.47,-0.34,0.791,0.758,0.776,-0.349,-0.422,-0.492,-0.016,-0.255,0.024
22,A1_1,0.699,1.0,0.296,0.512,-0.273,-0.4,-0.079,0.666,0.629,0.696,-0.267,-0.276,-0.43,-0.176,-0.021,0.182
22,A1_2,0.259,0.296,1.0,0.288,0.722,0.416,0.778,0.428,0.421,0.226,0.691,0.503,0.572,0.433,0.377,0.609
22,A1_3,0.784,0.512,0.288,1.0,-0.227,-0.517,-0.279,0.811,0.85,0.671,-0.065,-0.107,-0.38,0.44,-0.215,0.197
22,B1_1,-0.327,-0.273,0.722,-0.227,1.0,0.855,0.908,-0.201,-0.073,-0.202,0.908,0.691,0.909,0.389,0.515,0.46
22,B1_2,-0.47,-0.4,0.416,-0.517,0.855,1.0,0.796,-0.466,-0.316,-0.276,0.653,0.698,0.918,0.228,0.698,0.187
22,B1_3,-0.34,-0.079,0.778,-0.279,0.908,0.796,1.0,-0.096,-0.053,-0.165,0.831,0.76,0.883,0.354,0.621,0.487
22,A2_1,0.791,0.666,0.428,0.811,-0.201,-0.466,-0.096,1.0,0.893,0.72,-0.084,-0.094,-0.381,0.34,-0.273,0.383
22,A2_2,0.758,0.629,0.421,0.85,-0.073,-0.316,-0.053,0.893,1.0,0.895,0.088,-0.037,-0.237,0.347,-0.157,0.365
22,A2_3,0.776,0.696,0.226,0.671,-0.202,-0.276,-0.165,0.72,0.895,1.0,-0.116,-0.218,-0.297,0.034,-0.067,0.179
22,B2_1,-0.349,-0.267,0.691,-0.065,0.908,0.653,0.831,-0.084,0.088,-0.116,1.0,0.649,0.825,0.465,0.333,0.49
22,B2_2,-0.422,-0.276,0.503,-0.107,0.691,0.698,0.76,-0.094,-0.037,-0.218,0.649,1.0,0.789,0.757,0.756,0.452
22,B2_3,-0.492,-0.43,0.572,-0.38,0.909,0.918,0.883,-0.381,-0.237,-0.297,0.825,0.789,1.0,0.378,0.693,0.29
22,y1,-0.016,-0.176,0.433,0.44,0.389,0.228,0.354,0.34,0.347,0.034,0.465,0.757,0.378,1.0,0.355,0.521
22,y2,-0.255,-0.021,0.377,-0.215,0.515,0.698,0.621,-0.273,-0.157,-0.067,0.333,0.756,0.693,0.355,1.0,0.239
22,y3,0.024,0.182,0.609,0.197,0.46,0.187,0.487,0.383,0.365,0.179,0.49,0.452,0.29,0.521,0.239,1.0
23,.,1.0,0.71,0.225,0.808,-0.403,-0.516,-0.411,0.802,0.771,0.79,-0.429,-0.482,-0.545,-0.029,-0.289,0.018
23,A1_1,0.71,1.0,0.274,0.559,-0.344,-0.451,-0.154,0.692,0.653,0.716,-0.331,-0.328,-0.484,-0.174,-0.049,0.185
23,A1_2,0.225,0.274,1.0,0.219,0.688,0.382,0.75,0.388,0.384,0.194,0.66,0.477,0.544,0.354,0.327,0.558
23,A1_3,0.808,0.559,0.219,1.0,-0.361,-0.609,-0.39,0.833,0.856,0.695,-0.208,-0.217,-0.492,0.395,-0.283,0.166
23,B1_1,-0.403,-0.344,0.688,-0.361,1.0,0.86,0.913,-0.294,-0.171,-0.289,0.908,0.702,0.915,0.295,0.487,0.368
23,B1_2,-0.516,-0.451,0.382,-0.609,0.86,1.0,0.801,-0.531,-0.39,-0.342,0.66,0.705,0.918,0.156,0.683,0.114
23,B1_3,-0.411,-0.154,0.75,-0.39,0.913,0.801,1.0,-0.186,-0.137,-0.237,0.841,0.77,0.892,0.274,0.599,0.413
23,A2_1,0.802,0.692,0.388,0.833,-0.294,-0.531,-0.186,1.0,0.9,0.74,-0.177,-0.172,-0.454,0.321,-0.318,0.374
23,A2_2,0.771,0.653,0.384,0.856,-0.171,-0.39,-0.137,0.9,1.0,0.9,-0.012,-0.116,-0.318,0.313,-0.211,0.348
23,A2_3,0.79,0.716,0.194,0.695,-0.289,-0.342,-0.237,0.74,0.9,1.0,-0.206,-0.285,-0.37,0.01,-0.109,0.173
23,B2_1,-0.429,-0.331,0.66,-0.208,0.908,0.66,0.841,-0.177,-0.012,-0.206,1.0,0.659,0.83,0.373,0.298,0.41
23,B2_2,-0.482,-0.328,0.477,-0.217,0.702,0.705,0.77,-0.172,-0.116,-0.285,0.659,1.0,0.796,0.708,0.742,0.4
23,B2_3,-0.545,-0.484,0.544,-0.492,0.915,0.918,0.892,-0.454,-0.318,-0.37,0.83,0.796,1.0,0.293,0.666,0.212
23,y1,-0.029,-0.174,0.354,0.395,0.295,0.156,0.274,0.321,0.313,0.01,0.373,0.708,0.293,1.0,0.301,0.482
23,y2,-0.289,-0.049,0.327,-0.283,0.487,0.683,0.599,-0.318,-0.211,-0.109,0.298,0.742,0.666,0.301,1.0,0.182
23,y3,0.018,0.185,0.558,0.166,0.368,0.114,0.413,0.374,0.348,0.173,0.41,0.4,0.212,0.482,0.182,1.0
24,.,1.0,0.722,0.201,0.83,-0.468,-0.551,-0.472,0.813,0.786,0.805,-0.501,-0.532,-0.589,-0.02,-0.307,0.029
24,A1_1,0.722,1.0,0.259,0.607,-0.41,-0.498,-0.225,0.719,0.679,0.737,-0.393,-0.376,-0.533,-0.152,-0.07,0.199
24,A1_2,0.201,0.259,1.0,0.163,0.649,0.349,0.719,0.355,0.353,0.169,0.624,0.451,0.514,0.269,0.278,0.5
24,A1_3,0.83,0.607,0.163,1.0,-0.477,-0.68,-0.487,0.853,0.864,0.722,-0.339,-0.314,-0.585,0.373,-0.327,0.16
24,B1_1,-0.468,-0.41,0.649,-0.477,1.0,0.867,0.919,-0.38,-0.266,-0.37,0.908,0.716,0.922,0.19,0.459,0.266
24,B1_2,-0.551,-0.498,0.349,-0.68,0.867,1.0,0.807,-0.587,-0.457,-0.401,0.67,0.714,0.919,0.079,0.665,0.037
24,B1_3,-0.472,-0.225,0.719,-0.487,0.919,0.807,1.0,-0.27,-0.22,-0.306,0.852,0.781,0.9,0.182,0.573,0.327
24,A2_1,0.813,0.719,0.355,0.853,-0.38,-0.587,-0.27,1.0,0.909,0.762,-0.266,-0.246,-0.519,0.317,-0.348,0.376
24,A2_2,0.786,0.679,0.353,0.864,-0.266,-0.457,-0.22,0.909,1.0,0.905,-0.112,-0.194,-0.393,0.291,-0.254,0.341
24,A2_3,0.805,0.737,0.169,0.722,-0.37,-0.401,-0.306,0.762,0.905,1.0,-0.292,-0.348,-0.437,0.004,-0.139,0.182
24,B2_1,-0.501,-0.393,0.624,-0.339,0.908,0.67,0.852,-0.266,-0.112,-0.292,1.0,0.673,0.836,0.267,0.264,0.318
24,B2_2,-0.532,-0.376,0.451,-0.314,0.716,0.714,0.781,-0.246,-0.194,-0.348,0.673,1.0,0.804,0.643,0.725,0.341
24,B2_3,-0.589,-0.533,0.514,-0.585,0.922,0.919,0.9,-0.519,-0.393,-0.437,0.836,0.804,1.0,0.198,0.636,0.127
24,y1,-0.02,-0.152,0.269,0.373,0.19,0.079,0.182,0.317,0.291,0.004,0.267,0.643,0.198,1.0,0.251,0.451
24,y2,-0.307,-0.07,0.278,-0.327,0.459,0.665,0.573,-0.348,-0.254,-0.139,0.264,0.725,0.636,0.251,1.0,0.128
24,y3,0.029,0.199,0.5,0.16,0.266,0.037,0.327,0.376,0.341,0.182,0.318,0.341,0.127,0.451,0.128,1.0
25,.,1.0,0.735,0.187,0.847,-0.529,-0.585,-0.528,0.823,0.801,0.82,-0.569,-0.579,-0.628,0.006,-0.315,0.053
25,A1_1,0.735,1.0,0.253,0.654,-0.472,-0.542,-0.292,0.746,0.707,0.758,-0.452,-0.418,-0.579,-0.104,-0.076,0.23
25,A1_2,0.187,0.253,1.0,0.119,0.602,0.307,0.681,0.331,0.326,0.151,0.579,0.418,0.477,0.172,0.219,0.432
25,A1_3,0.847,0.654,0.119,1.0,-0.582,-0.741,-0.572,0.872,0.873,0.749,-0.459,-0.401,-0.666,0.374,-0.349,0.176
25,B1_1,-0.529,-0.472,0.602,-0.582,1.0,0.874,0.923,-0.462,-0.36,-0.449,0.908,0.729,0.928,0.063,0.418,0.144
25,B1_2,-0.585,-0.542,0.307,-0.741,0.874,1.0,0.814,-0.638,-0.525,-0.461,0.682,0.723,0.921,-0.015,0.638,-0.054
25,B1_3,-0.528,-0.292,0.681,-0.572,0.923,0.814,1.0,-0.348,-0.302,-0.373,0.862,0.791,0.908,0.07,0.537,0.225
25,A2_1,0.823,0.746,0.331,0.872,-0.462,-0.638,-0.348,1.0,0.919,0.785,-0.352,-0.314,-0.579,0.331,-0.363,0.394
25,A2_2,0.801,0.707,0.326,0.873,-0.36,-0.525,-0.302,0.919,1.0,0.912,-0.214,-0.27,-0.468,0.284,-0.287,0.347
25,A2_3,0.82,0.758,0.151,0.749,-0.449,-0.461,-0.373,0.785,0.912,1.0,-0.377,-0.407,-0.501,0.018,-0.161,0.204
25,B2_1,-0.569,-0.452,0.579,-0.459,0.908,0.682,0.862,-0.352,-0.214,-0.377,1.0,0.686,0.842,0.138,0.219,0.206
25,B2_2,-0.579,-0.418,0.418,-0.401,0.729,0.723,0.791,-0.314,-0.27,-0.407,0.686,1.0,0.811,0.559,0.702,0.269
