,,.,A1_1,A1_2,A1_3,B1_1,B1_2,B1_3,A2_1,A2_2,A2_3,B2_1,B2_2,B2_3,y1,y2,y3
1,.,1.0,0.375,-0.317,0.374,-0.085,0.105,-0.294,0.259,0.513,0.342,-0.06,-0.411,-0.264,-0.071,-0.254,-0.15
1,A1_1,0.375,1.0,-0.154,-0.064,-0.032,0.002,0.187,-0.11,0.021,0.201,-0.198,-0.207,-0.349,-0.655,0.065,-0.077
1,A1_2,-0.317,-0.154,1.0,-0.412,0.457,-0.411,-0.001,0.261,-0.407,-0.482,-0.047,0.067,0.059,-0.134,0.182,-0.101
1,A1_3,0.374,-0.064,-0.412,1.0,-0.367,-0.159,-0.336,0.339,0.402,0.376,0.573,-0.029,-0.674,0.548,-0.692,0.426
1,B1_1,-0.085,-0.032,0.457,-0.367,1.0,-0.135,-0.168,-0.229,0.042,-0.413,-0.187,-0.292,0.128,-0.455,0.18,-0.048
1,B1_2,0.105,0.002,-0.411,-0.159,-0.135,1.0,-0.105,0.004,-0.052,0.178,-0.133,-0.0,0.413,0.089,0.244,-0.304
1,B1_3,-0.294,0.187,-0.001,-0.336,-0.168,-0.105,1.0,-0.259,0.021,-0.083,-0.012,0.097,0.326,-0.389,-0.077,-0.198
1,A2_1,0.259,-0.11,0.261,0.339,-0.229,0.004,-0.259,1.0,0.283,0.21,0.327,-0.077,-0.511,0.465,-0.529,0.17
1,A2_2,0.513,0.021,-0.407,0.402,0.042,-0.052,0.021,0.283,1.0,0.237,0.052,-0.074,-0.395,0.001,-0.678,0.077
1,A2_3,0.342,0.201,-0.482,0.376,-0.413,0.178,-0.083,0.21,0.237,1.0,0.479,-0.307,-0.226,0.022,-0.329,-0.099
1,B2_1,-0.06,-0.198,-0.047,0.573,-0.187,-0.133,-0.012,0.327,0.052,0.479,1.0,-0.374,-0.326,0.257,-0.702,0.54
1,B2_2,-0.411,-0.207,0.067,-0.029,-0.292,-0.0,0.097,-0.077,-0.074,-0.307,-0.374,1.0,0.016,0.243,0.187,-0.295
1,B2_3,-0.264,-0.349,0.059,-0.674,0.128,0.413,0.326,-0.511,-0.395,-0.226,-0.326,0.016,1.0,-0.156,0.62,-0.519
1,y1,-0.071,-0.655,-0.134,0.548,-0.455,0.089,-0.389,0.465,0.001,0.022,0.257,0.243,-0.156,1.0,-0.22,0.232
1,y2,-0.254,0.065,0.182,-0.692,0.18,0.244,-0.077,-0.529,-0.678,-0.329,-0.702,0.187,0.62,-0.22,1.0,-0.518
1,y3,-0.15,-0.077,-0.101,0.426,-0.048,-0.304,-0.198,0.17,0.077,-0.099,0.54,-0.295,-0.519,0.232,-0.518,1.0
2,.,1.0,0.374,-0.318,0.374,-0.082,0.106,-0.294,0.26,0.515,0.343,-0.059,-0.411,-0.264,-0.071,-0.256,-0.149
2,A1_1,0.374,1.0,-0.153,-0.064,-0.032,0.002,0.188,-0.109,0.022,0.2,-0.198,-0.207,-0.348,-0.655,0.065,-0.077
2,A1_2,-0.318,-0.153,1.0,-0.413,0.457,-0.411,0.0,0.261,-0.407,-0.483,-0.048,0.068,0.059,-0.135,0.182,-0.101
2,A1_3,0.374,-0.064,-0.413,1.0,-0.367,-0.158,-0.335,0.339,0.401,0.376,0.573,-0.028,-0.674,0.548,-0.691,0.427
2,B1_1,-0.082,-0.032,0.457,-0.367,1.0,-0.135,-0.167,-0.23,0.041,-0.413,-0.187,-0.292,0.128,-0.455,0.179,-0.05
2,B1_2,0.106,0.002,-0.411,-0.158,-0.135,1.0,-0.105,0.004,-0.052,0.178,-0.133,-0.001,0.413,0.089,0.244,-0.305
2,B1_3,-0.294,0.188,0.0,-0.335,-0.167,-0.105,1.0,-0.259,0.021,-0.083,-0.012,0.098,0.326,-0.388,-0.077,-0.199
2,A2_1,0.26,-0.109,0.261,0.339,-0.23,0.004,-0.259,1.0,0.283,0.21,0.326,-0.077,-0.512,0.464,-0.529,0.169
2,A2_2,0.515,0.022,-0.407,0.401,0.041,-0.052,0.021,0.283,1.0,0.236,0.051,-0.073,-0.395,0.0,-0.677,0.077
2,A2_3,0.343,0.2,-0.483,0.376,-0.413,0.178,-0.083,0.21,0.236,1.0,0.479,-0.307,-0.227,0.022,-0.329,-0.099
2,B2_1,-0.059,-0.198,-0.048,0.573,-0.187,-0.133,-0.012,0.326,0.051,0.479,1.0,-0.373,-0.326,0.257,-0.701,0.539
2,B2_2,-0.411,-0.207,0.068,-0.028,-0.292,-0.001,0.098,-0.077,-0.073,-0.307,-0.373,1.0,0.016,0.243,0.187,-0.296
2,B2_3,-0.264,-0.348,0.059,-0.674,0.128,0.413,0.326,-0.512,-0.395,-0.227,-0.326,0.016,1.0,-0.155,0.62,-0.52
2,y1,-0.071,-0.655,-0.135,0.548,-0.455,0.089,-0.388,0.464,0.0,0.022,0.257,0.243,-0.155,1.0,-0.219,0.233
2,y2,-0.256,0.065,0.182,-0.691,0.179,0.244,-0.077,-0.529,-0.677,-0.329,-0.701,0.187,0.62,-0.219,1.0,-0.518
2,y3,-0.149,-0.077,-0.101,0.427,-0.05,-0.305,-0.199,0.169,0.077,-0.099,0.539,-0.296,-0.52,0.233,-0.518,1.0
3,.,1.0,0.372,-0.319,0.373,-0.08,0.107,-0.294,0.261,0.517,0.345,-0.057,-0.412,-0.264,-0.072,-0.257,-0.148
3,A1_1,0.372,1.0,-0.152,-0.064,-0.031,0.002,0.188,-0.109,0.023,0.2,-0.199,-0.206,-0.348,-0.655,0.064,-0.078
3,A1_2,-0.319,-0.152,1.0,-0.414,0.457,-0.411,0.002,0.261,-0.407,-0.484,-0.048,0.07,0.059,-0.135,0.182,-0.101
3,A1_3,0.373,-0.064,-0.414,1.0,-0.366,-0.158,-0.335,0.339,0.4,0.375,0.573,-0.026,-0.673,0.548,-0.69,0.428
3,B1_1,-0.08,-0.031,0.457,-0.366,1.0,-0.136,-0.165,-0.23,0.041,-0.414,-0.186,-0.291,0.128,-0.455,0.178,-0.051
3,B1_2,0.107,0.002,-0.411,-0.158,-0.136,1.0,-0.105,0.004,-0.053,0.178,-0.132,-0.001,0.413,0.089,0.244,-0.305
3,B1_3,-0.294,0.188,0.002,-0.335,-0.165,-0.105,1.0,-0.259,0.021,-0.083,-0.011,0.099,0.327,-0.388,-0.078,-0.2
3,A2_1,0.261,-0.109,0.261,0.339,-0.23,0.004,-0.259,1.0,0.283,0.21,0.325,-0.076,-0.512,0.463,-0.529,0.169
3,A2_2,0.517,0.023,-0.407,0.4,0.041,-0.053,0.021,0.283,1.0,0.235,0.049,-0.072,-0.396,-0.001,-0.677,0.077
3,A2_3,0.345,0.2,-0.484,0.375,-0.414,0.178,-0.083,0.21,0.235,1.0,0.478,-0.307,-0.227,0.022,-0.328,-0.098
3,B2_1,-0.057,-0.199,-0.048,0.573,-0.186,-0.132,-0.011,0.325,0.049,0.478,1.0,-0.372,-0.325,0.257,-0.701,0.539
3,B2_2,-0.412,-0.206,0.07,-0.026,-0.291,-0.001,0.099,-0.076,-0.072,-0.307,-0.372,1.0,0.017,0.242,0.186,-0.297
3,B2_3,-0.264,-0.348,0.059,-0.673,0.128,0.413,0.327,-0.512,-0.396,-0.227,-0.325,0.017,1.0,-0.155,0.62,-0.52
3,y1,-0.072,-0.655,-0.135,0.548,-0.455,0.089,-0.388,0.463,-0.001,0.022,0.257,0.242,-0.155,1.0,-0.217,0.233
3,y2,-0.257,0.064,0.182,-0.69,0.178,0.244,-0.078,-0.529,-0.677,-0.328,-0.701,0.186,0.62,-0.217,1.0,-0.518
3,y3,-0.148,-0.078,-0.101,0.428,-0.051,-0.305,-0.2,0.169,0.077,-0.098,0.539,-0.297,-0.52,0.233,-0.518,1.0
4,.,1.0,0.371,-0.321,0.373,-0.079,0.109,-0.295,0.262,0.52,0.347,-0.056,-0.413,-0.265,-0.072,-0.259,-0.148
4,A1_1,0.371,1.0,-0.152,-0.064,-0.032,0.001,0.188,-0.108,0.023,0.2,-0.199,-0.206,-0.348,-0.655,0.064,-0.078
4,A1_2,-0.321,-0.152,1.0,-0.414,0.458,-0.41,0.003,0.261,-0.407,-0.485,-0.048,0.072,0.06,-0.136,0.181,-0.102
4,A1_3,0.373,-0.064,-0.414,1.0,-0.366,-0.157,-0.334,0.338,0.399,0.375,0.573,-0.025,-0.673,0.548,-0.689,0.429
4,B1_1,-0.079,-0.032,0.458,-0.366,1.0,-0.136,-0.164,-0.231,0.04,-0.415,-0.185,-0.29,0.128,-0.455,0.177,-0.053
4,B1_2,0.109,0.001,-0.41,-0.157,-0.136,1.0,-0.105,0.003,-0.053,0.178,-0.132,-0.002,0.413,0.09,0.245,-0.306
4,B1_3,-0.295,0.188,0.003,-0.334,-0.164,-0.105,1.0,-0.259,0.02,-0.084,-0.01,0.1,0.328,-0.388,-0.078,-0.201
4,A2_1,0.262,-0.108,0.261,0.338,-0.231,0.003,-0.259,1.0,0.283,0.21,0.324,-0.076,-0.512,0.462,-0.529,0.169
4,A2_2,0.52,0.023,-0.407,0.399,0.04,-0.053,0.02,0.283,1.0,0.234,0.048,-0.072,-0.396,-0.002,-0.677,0.077
4,A2_3,0.347,0.2,-0.485,0.375,-0.415,0.178,-0.084,0.21,0.234,1.0,0.477,-0.307,-0.227,0.022,-0.328,-0.098
4,B2_1,-0.056,-0.199,-0.048,0.573,-0.185,-0.132,-0.01,0.324,0.048,0.477,1.0,-0.371,-0.324,0.257,-0.7,0.538
4,B2_2,-0.413,-0.206,0.072,-0.025,-0.29,-0.002,0.1,-0.076,-0.072,-0.307,-0.371,1.0,0.017,0.242,0.186,-0.298
4,B2_3,-0.265,-0.348,0.06,-0.673,0.128,0.413,0.328,-0.512,-0.396,-0.227,-0.324,0.017,1.0,-0.154,0.62,-0.52
4,y1,-0.072,-0.655,-0.136,0.548,-0.455,0.09,-0.388,0.462,-0.002,0.022,0.257,0.242,-0.154,1.0,-0.216,0.234
4,y2,-0.259,0.064,0.181,-0.689,0.177,0.245,-0.078,-0.529,-0.677,-0.328,-0.7,0.186,0.62,-0.216,1.0,-0.518
4,y3,-0.148,-0.078,-0.102,0.429,-0.053,-0.306,-0.201,0.169,0.077,-0.098,0.538,-0.298,-0.52,0.234,-0.518,1.0
5,.,1.0,0.371,-0.322,0.372,-0.078,0.109,-0.296,0.263,0.522,0.349,-0.055,-0.414,-0.265,-0.073,-0.26,-0.147
5,A1_1,0.371,1.0,-0.151,-0.064,-0.032,0.001,0.187,-0.107,0.024,0.2,-0.2,-0.206,-0.348,-0.655,0.063,-0.079
5,A1_2,-0.322,-0.151,1.0,-0.415,0.458,-0.41,0.005,0.262,-0.407,-0.486,-0.048,0.074,0.06,-0.137,0.181,-0.102
5,A1_3,0.372,-0.064,-0.415,1.0,-0.366,-0.157,-0.333,0.338,0.398,0.374,0.573,-0.024,-0.673,0.548,-0.689,0.43
5,B1_1,-0.078,-0.032,0.458,-0.366,1.0,-0.136,-0.162,-0.231,0.039,-0.416,-0.184,-0.289,0.129,-0.455,0.175,-0.054
5,B1_2,0.109,0.001,-0.41,-0.157,-0.136,1.0,-0.104,0.003,-0.054,0.178,-0.131,-0.003,0.413,0.09,0.245,-0.306
5,B1_3,-0.296,0.187,0.005,-0.333,-0.162,-0.104,1.0,-0.259,0.02,-0.084,-0.008,0.102,0.329,-0.388,-0.078,-0.202
5,A2_1,0.263,-0.107,0.262,0.338,-0.231,0.003,-0.259,1.0,0.283,0.21,0.323,-0.076,-0.512,0.46,-0.529,0.168
5,A2_2,0.522,0.024,-0.407,0.398,0.039,-0.054,0.02,0.283,1.0,0.233,0.046,-0.072,-0.397,-0.003,-0.677,0.077
5,A2_3,0.349,0.2,-0.486,0.374,-0.416,0.178,-0.084,0.21,0.233,1.0,0.476,-0.307,-0.228,0.021,-0.327,-0.098
5,B2_1,-0.055,-0.2,-0.048,0.573,-0.184,-0.131,-0.008,0.323,0.046,0.476,1.0,-0.369,-0.322,0.256,-0.7,0.537
5,B2_2,-0.414,-0.206,0.074,-0.024,-0.289,-0.003,0.102,-0.076,-0.072,-0.307,-0.369,1.0,0.018,0.242,0.186,-0.299
5,B2_3,-0.265,-0.348,0.06,-0.673,0.129,0.413,0.329,-0.512,-0.397,-0.228,-0.322,0.018,1.0,-0.154,0.619,-0.52
5,y1,-0.073,-0.655,-0.137,0.548,-0.455,0.09,-0.388,0.46,-0.003,0.021,0.256,0.242,-0.154,1.0,-0.214,0.235
5,y2,-0.26,0.063,0.181,-0.689,0.175,0.245,-0.078,-0.529,-0.677,-0.327,-0.7,0.186,0.619,-0.214,1.0,-0.517
5,y3,-0.147,-0.079,-0.102,0.43,-0.054,-0.306,-0.202,0.168,0.077,-0.098,0.537,-0.299,-0.52,0.235,-0.517,1.0
6,.,1.0,0.37,-0.324,0.371,-0.077,0.11,-0.297,0.264,0.524,0.351,-0.055,-0.416,-0.266,-0.074,-0.262,-0.147
6,A1_1,0.37,1.0,-0.15,-0.063,-0.032,-0.0,0.187,-0.107,0.025,0.2,-0.2,-0.206,-0.349,-0.655,0.063,-0.079
6,A1_2,-0.324,-0.15,1.0,-0.415,0.459,-0.409,0.006,0.262,-0.407,-0.486,-0.048,0.076,0.06,-0.139,0.18,-0.103
6,A1_3,0.371,-0.063,-0.415,1.0,-0.366,-0.157,-0.333,0.338,0.398,0.374,0.573,-0.023,-0.673,0.548,-0.688,0.43
6,B1_1,-0.077,-0.032,0.459,-0.366,1.0,-0.136,-0.159,-0.231,0.038,-0.417,-0.182,-0.288,0.13,-0.456,0.174,-0.056
6,B1_2,0.11,-0.0,-0.409,-0.157,-0.136,1.0,-0.104,0.002,-0.055,0.177,-0.131,-0.004,0.413,0.091,0.245,-0.306
6,B1_3,-0.297,0.187,0.006,-0.333,-0.159,-0.104,1.0,-0.259,0.02,-0.085,-0.007,0.103,0.33,-0.388,-0.079,-0.203
6,A2_1,0.264,-0.107,0.262,0.338,-0.231,0.002,-0.259,1.0,0.283,0.21,0.322,-0.076,-0.513,0.459,-0.529,0.168
6,A2_2,0.524,0.025,-0.407,0.398,0.038,-0.055,0.02,0.283,1.0,0.233,0.044,-0.072,-0.398,-0.004,-0.676,0.077
6,A2_3,0.351,0.2,-0.486,0.374,-0.417,0.177,-0.085,0.21,0.233,1.0,0.474,-0.308,-0.229,0.021,-0.326,-0.097
6,B2_1,-0.055,-0.2,-0.048,0.573,-0.182,-0.131,-0.007,0.322,0.044,0.474,1.0,-0.367,-0.321,0.256,-0.699,0.536
6,B2_2,-0.416,-0.206,0.076,-0.023,-0.288,-0.004,0.103,-0.076,-0.072,-0.308,-0.367,1.0,0.019,0.241,0.185,-0.3
6,B2_3,-0.266,-0.349,0.06,-0.673,0.13,0.413,0.33,-0.513,-0.398,-0.229,-0.321,0.019,1.0,-0.153,0.619,-0.52
6,y1,-0.074,-0.655,-0.139,0.548,-0.456,0.091,-0.388,0.459,-0.004,0.021,0.256,0.241,-0.153,1.0,-0.212,0.237
6,y2,-0.262,0.063,0.18,-0.688,0.174,0.245,-0.079,-0.529,-0.676,-0.326,-0.699,0.185,0.619,-0.212,1.0,-0.516
6,y3,-0.147,-0.079,-0.103,0.43,-0.056,-0.306,-0.203,0.168,0.077,-0.097,0.536,-0.3,-0.52,0.237,-0.516,1.0
7,.,1.0,0.37,-0.326,0.37,-0.077,0.111,-0.298,0.265,0.526,0.354,-0.055,-0.418,-0.267,-0.075,-0.263,-0.146
7,A1_1,0.37,1.0,-0.149,-0.063,-0.033,-0.001,0.186,-0.106,0.027,0.2,-0.201,-0.206,-0.349,-0.654,0.062,-0.08
7,A1_2,-0.326,-0.149,1.0,-0.416,0.459,-0.409,0.007,0.262,-0.407,-0.487,-0.048,0.078,0.061,-0.14,0.178,-0.103
7,A1_3,0.37,-0.063,-0.416,1.0,-0.366,-0.157,-0.333,0.338,0.397,0.373,0.572,-0.023,-0.673,0.548,-0.687,0.431
7,B1_1,-0.077,-0.033,0.459,-0.366,1.0,-0.135,-0.157,-0.232,0.036,-0.418,-0.181,-0.286,0.131,-0.456,0.173,-0.057
7,B1_2,0.111,-0.001,-0.409,-0.157,-0.135,1.0,-0.104,0.002,-0.056,0.177,-0.13,-0.005,0.414,0.091,0.246,-0.306
7,B1_3,-0.298,0.186,0.007,-0.333,-0.157,-0.104,1.0,-0.26,0.019,-0.086,-0.006,0.105,0.331,-0.388,-0.079,-0.204
7,A2_1,0.265,-0.106,0.262,0.338,-0.232,0.002,-0.26,1.0,0.283,0.21,0.321,-0.076,-0.513,0.457,-0.529,0.168
7,A2_2,0.526,0.027,-0.407,0.397,0.036,-0.056,0.019,0.283,1.0,0.232,0.043,-0.072,-0.399,-0.005,-0.676,0.077
7,A2_3,0.354,0.2,-0.487,0.373,-0.418,0.177,-0.086,0.21,0.232,1.0,0.473,-0.309,-0.23,0.021,-0.326,-0.097
7,B2_1,-0.055,-0.201,-0.048,0.572,-0.181,-0.13,-0.006,0.321,0.043,0.473,1.0,-0.365,-0.319,0.255,-0.699,0.535
7,B2_2,-0.418,-0.206,0.078,-0.023,-0.286,-0.005,0.105,-0.076,-0.072,-0.309,-0.365,1.0,0.02,0.241,0.185,-0.3
7,B2_3,-0.267,-0.349,0.061,-0.673,0.131,0.414,0.331,-0.513,-0.399,-0.23,-0.319,0.02,1.0,-0.153,0.619,-0.52
7,y1,-0.075,-0.654,-0.14,0.548,-0.456,0.091,-0.388,0.457,-0.005,0.021,0.255,0.241,-0.153,1.0,-0.21,0.238
7,y2,-0.263,0.062,0.178,-0.687,0.173,0.246,-0.079,-0.529,-0.676,-0.326,-0.699,0.185,0.619,-0.21,1.0,-0.515
7,y3,-0.146,-0.08,-0.103,0.431,-0.057,-0.306,-0.204,0.168,0.077,-0.097,0.535,-0.3,-0.52,0.238,-0.515,1.0
8,.,1.0,0.37,-0.327,0.369,-0.076,0.111,-0.3,0.265,0.528,0.356,-0.056,-0.42,-0.268,-0.077,-0.264,-0.145
8,A1_1,0.37,1.0,-0.148,-0.063,-0.033,-0.002,0.185,-0.105,0.028,0.2,-0.202,-0.206,-0.35,-0.654,0.061,-0.08
8,A1_2,-0.327,-0.148,1.0,-0.416,0.46,-0.408,0.009,0.262,-0.406,-0.487,-0.048,0.08,0.061,-0.141,0.177,-0.104
8,A1_3,0.369,-0.063,-0.416,1.0,-0.366,-0.158,-0.332,0.338,0.397,0.373,0.571,-0.022,-0.673,0.547,-0.686,0.432
8,B1_1,-0.076,-0.033,0.46,-0.366,1.0,-0.135,-0.154,-0.233,0.035,-0.419,-0.179,-0.284,0.133,-0.456,0.172,-0.059
8,B1_2,0.111,-0.002,-0.408,-0.158,-0.135,1.0,-0.103,0.001,-0.057,0.176,-0.129,-0.005,0.414,0.092,0.247,-0.306
8,B1_3,-0.3,0.185,0.009,-0.332,-0.154,-0.103,1.0,-0.26,0.018,-0.087,-0.004,0.108,0.332,-0.388,-0.079,-0.205
8,A2_1,0.265,-0.105,0.262,0.338,-0.233,0.001,-0.26,1.0,0.284,0.21,0.319,-0.076,-0.514,0.456,-0.529,0.167
8,A2_2,0.528,0.028,-0.406,0.397,0.035,-0.057,0.018,0.284,1.0,0.232,0.041,-0.073,-0.4,-0.006,-0.676,0.078
8,A2_3,0.356,0.2,-0.487,0.373,-0.419,0.176,-0.087,0.21,0.232,1.0,0.471,-0.31,-0.231,0.021,-0.325,-0.096
8,B2_1,-0.056,-0.202,-0.048,0.571,-0.179,-0.129,-0.004,0.319,0.041,0.471,1.0,-0.363,-0.317,0.255,-0.698,0.534
8,B2_2,-0.42,-0.206,0.08,-0.022,-0.284,-0.005,0.108,-0.076,-0.073,-0.31,-0.363,1.0,0.022,0.24,0.185,-0.301
8,B2_3,-0.268,-0.35,0.061,-0.673,0.133,0.414,0.332,-0.514,-0.4,-0.231,-0.317,0.022,1.0,-0.152,0.618,-0.519
8,y1,-0.077,-0.654,-0.141,0.547,-0.456,0.092,-0.388,0.456,-0.006,0.021,0.255,0.24,-0.152,1.0,-0.208,0.239
8,y2,-0.264,0.061,0.177,-0.686,0.172,0.247,-0.079,-0.529,-0.676,-0.325,-0.698,0.185,0.618,-0.208,1.0,-0.514
8,y3,-0.145,-0.08,-0.104,0.432,-0.059,-0.306,-0.205,0.167,0.078,-0.096,0.534,-0.301,-0.519,0.239,-0.514,1.0
9,.,1.0,0.37,-0.329,0.369,-0.077,0.111,-0.302,0.266,0.531,0.359,-0.056,-0.423,-0.27,-0.078,-0.265,-0.144
9,A1_1,0.37,1.0,-0.147,-0.062,-0.034,-0.004,0.184,-0.103,0.03,0.2,-0.203,-0.207,-0.35,-0.654,0.06,-0.081
9,A1_2,-0.329,-0.147,1.0,-0.416,0.46,-0.407,0.01,0.263,-0.406,-0.488,-0.048,0.083,0.062,-0.143,0.175,-0.105
9,A1_3,0.369,-0.062,-0.416,1.0,-0.366,-0.158,-0.332,0.338,0.396,0.373,0.571,-0.022,-0.673,0.547,-0.686,0.432
9,B1_1,-0.077,-0.034,0.46,-0.366,1.0,-0.134,-0.151,-0.234,0.033,-0.42,-0.178,-0.282,0.135,-0.456,0.17,-0.06
9,B1_2,0.111,-0.004,-0.407,-0.158,-0.134,1.0,-0.102,0.0,-0.058,0.174,-0.129,-0.006,0.415,0.092,0.248,-0.306
9,B1_3,-0.302,0.184,0.01,-0.332,-0.151,-0.102,1.0,-0.26,0.017,-0.088,-0.002,0.11,0.334,-0.389,-0.08,-0.206
9,A2_1,0.266,-0.103,0.263,0.338,-0.234,0.0,-0.26,1.0,0.284,0.21,0.318,-0.077,-0.514,0.454,-0.529,0.166
9,A2_2,0.531,0.03,-0.406,0.396,0.033,-0.058,0.017,0.284,1.0,0.232,0.039,-0.073,-0.402,-0.007,-0.675,0.078
9,A2_3,0.359,0.2,-0.488,0.373,-0.42,0.174,-0.088,0.21,0.232,1.0,0.47,-0.311,-0.233,0.021,-0.325,-0.096
9,B2_1,-0.056,-0.203,-0.048,0.571,-0.178,-0.129,-0.002,0.318,0.039,0.47,1.0,-0.361,-0.315,0.254,-0.697,0.533
9,B2_2,-0.423,-0.207,0.083,-0.022,-0.282,-0.006,0.11,-0.077,-0.073,-0.311,-0.361,1.0,0.024,0.24,0.185,-0.301
9,B2_3,-0.27,-0.35,0.062,-0.673,0.135,0.415,0.334,-0.514,-0.402,-0.233,-0.315,0.024,1.0,-0.152,0.617,-0.519
9,y1,-0.078,-0.654,-0.143,0.547,-0.456,0.092,-0.389,0.454,-0.007,0.021,0.254,0.24,-0.152,1.0,-0.205,0.24
9,y2,-0.265,0.06,0.175,-0.686,0.17,0.248,-0.08,-0.529,-0.675,-0.325,-0.697,0.185,0.617,-0.205,1.0,-0.513
9,y3,-0.144,-0.081,-0.105,0.432,-0.06,-0.306,-0.206,0.166,0.078,-0.096,0.533,-0.301,-0.519,0.24,-0.513,1.0
10,.,1.0,0.37,-0.331,0.368,-0.078,0.111,-0.305,0.267,0.533,0.362,-0.058,-0.427,-0.272,-0.079,-0.266,-0.143
10,A1_1,0.37,1.0,-0.146,-0.061,-0.035,-0.005,0.183,-0.102,0.031,0.201,-0.204,-0.208,-0.351,-0.653,0.059,-0.081
10,A1_2,-0.331,-0.146,1.0,-0.416,0.461,-0.406,0.012,0.263,-0.405,-0.488,-0.047,0.085,0.062,-0.144,0.173,-0.106
10,A1_3,0.368,-0.061,-0.416,1.0,-0.367,-0.159,-0.333,0.338,0.396,0.373,0.57,-0.022,-0.674,0.547,-0.685,0.433
10,B1_1,-0.078,-0.035,0.461,-0.367,1.0,-0.133,-0.147,-0.234,0.031,-0.422,-0.176,-0.28,0.137,-0.456,0.169,-0.061
10,B1_2,0.111,-0.005,-0.406,-0.159,-0.133,1.0,-0.101,-0.001,-0.06,0.173,-0.128,-0.006,0.415,0.093,0.248,-0.306
10,B1_3,-0.305,0.183,0.012,-0.333,-0.147,-0.101,1.0,-0.261,0.016,-0.089,-0.001,0.113,0.336,-0.389,-0.08,-0.207
10,A2_1,0.267,-0.102,0.263,0.338,-0.234,-0.001,-0.261,1.0,0.285,0.211,0.316,-0.078,-0.515,0.452,-0.529,0.166
10,A2_2,0.533,0.031,-0.405,0.396,0.031,-0.06,0.016,0.285,1.0,0.232,0.037,-0.074,-0.403,-0.008,-0.675,0.078
10,A2_3,0.362,0.201,-0.488,0.373,-0.422,0.173,-0.089,0.211,0.232,1.0,0.468,-0.312,-0.234,0.021,-0.324,-0.095
10,B2_1,-0.058,-0.204,-0.047,0.57,-0.176,-0.128,-0.001,0.316,0.037,0.468,1.0,-0.359,-0.313,0.253,-0.697,0.532
10,B2_2,-0.427,-0.208,0.085,-0.022,-0.28,-0.006,0.113,-0.078,-0.074,-0.312,-0.359,1.0,0.026,0.239,0.185,-0.301
10,B2_3,-0.272,-0.351,0.062,-0.674,0.137,0.415,0.336,-0.515,-0.403,-0.234,-0.313,0.026,1.0,-0.152,0.617,-0.518
10,y1,-0.079,-0.653,-0.144,0.547,-0.456,0.093,-0.389,0.452,-0.008,0.021,0.253,0.239,-0.152,1.0,-0.203,0.242
10,y2,-0.266,0.059,0.173,-0.685,0.169,0.248,-0.08,-0.529,-0.675,-0.324,-0.697,0.185,0.617,-0.203,1.0,-0.512
10,y3,-0.143,-0.081,-0.106,0.433,-0.061,-0.306,-0.207,0.166,0.078,-0.095,0.532,-0.301,-0.518,0.242,-0.512,1.0
11,.,1.0,0.371,-0.332,0.367,-0.079,0.11,-0.308,0.267,0.536,0.366,-0.059,-0.431,-0.275,-0.08,-0.266,-0.142
11,A1_1,0.371,1.0,-0.145,-0.061,-0.037,-0.007,0.181,-0.101,0.033,0.201,-0.205,-0.209,-0.352,-0.653,0.059,-0.082
11,A1_2,-0.332,-0.145,1.0,-0.417,0.462,-0.405,0.013,0.264,-0.404,-0.488,-0.047,0.088,0.062,-0.146,0.171,-0.107
11,A1_3,0.367,-0.061,-0.417,1.0,-0.367,-0.16,-0.333,0.338,0.396,0.373,0.568,-0.023,-0.674,0.546,-0.684,0.434
11,B1_1,-0.079,-0.037,0.462,-0.367,1.0,-0.132,-0.144,-0.235,0.029,-0.423,-0.174,-0.277,0.139,-0.456,0.168,-0.063
11,B1_2,0.11,-0.007,-0.405,-0.16,-0.132,1.0,-0.099,-0.002,-0.062,0.171,-0.127,-0.006,0.417,0.094,0.25,-0.306
11,B1_3,-0.308,0.181,0.013,-0.333,-0.144,-0.099,1.0,-0.261,0.014,-0.091,0.001,0.116,0.338,-0.389,-0.08,-0.208
11,A2_1,0.267,-0.101,0.264,0.338,-0.235,-0.002,-0.261,1.0,0.286,0.211,0.315,-0.079,-0.515,0.451,-0.529,0.165
11,A2_2,0.536,0.033,-0.404,0.396,0.029,-0.062,0.014,0.286,1.0,0.232,0.034,-0.076,-0.405,-0.009,-0.674,0.078
11,A2_3,0.366,0.201,-0.488,0.373,-0.423,0.171,-0.091,0.211,0.232,1.0,0.466,-0.313,-0.236,0.021,-0.324,-0.095
11,B2_1,-0.059,-0.205,-0.047,0.568,-0.174,-0.127,0.001,0.315,0.034,0.466,1.0,-0.356,-0.31,0.252,-0.696,0.531
11,B2_2,-0.431,-0.209,0.088,-0.023,-0.277,-0.006,0.116,-0.079,-0.076,-0.313,-0.356,1.0,0.029,0.238,0.185,-0.302
11,B2_3,-0.275,-0.352,0.062,-0.674,0.139,0.417,0.338,-0.515,-0.405,-0.236,-0.31,0.029,1.0,-0.151,0.616,-0.517
11,y1,-0.08,-0.653,-0.146,0.546,-0.456,0.094,-0.389,0.451,-0.009,0.021,0.252,0.238,-0.151,1.0,-0.2,0.243
11,y2,-0.266,0.059,0.171,-0.684,0.168,0.25,-0.08,-0.529,-0.674,-0.324,-0.696,0.185,0.616,-0.2,1.0,-0.51
11,y3,-0.142,-0.082,-0.107,0.434,-0.063,-0.306,-0.208,0.165,0.078,-0.095,0.531,-0.302,-0.517,0.243,-0.51,1.0
12,.,1.0,0.372,-0.334,0.366,-0.08,0.108,-0.311,0.268,0.538,0.369,-0.061,-0.435,-0.277,-0.082,-0.266,-0.14
12,A1_1,0.372,1.0,-0.144,-0.06,-0.038,-0.009,0.18,-0.099,0.035,0.202,-0.206,-0.21,-0.353,-0.652,0.058,-0.082
12,A1_2,-0.334,-0.144,1.0,-0.417,0.462,-0.404,0.015,0.264,-0.403,-0.488,-0.046,0.091,0.062,-0.148,0.169,-0.108
12,A1_3,0.366,-0.06,-0.417,1.0,-0.368,-0.161,-0.333,0.338,0.396,0.373,0.567,-0.024,-0.675,0.545,-0.683,0.434
12,B1_1,-0.08,-0.038,0.462,-0.368,1.0,-0.131,-0.14,-0.237,0.026,-0.425,-0.172,-0.273,0.142,-0.456,0.166,-0.065
12,B1_2,0.108,-0.009,-0.404,-0.161,-0.131,1.0,-0.098,-0.003,-0.064,0.17,-0.125,-0.006,0.418,0.094,0.251,-0.305
12,B1_3,-0.311,0.18,0.015,-0.333,-0.14,-0.098,1.0,-0.262,0.013,-0.092,0.004,0.119,0.34,-0.389,-0.081,-0.209
12,A2_1,0.268,-0.099,0.264,0.338,-0.237,-0.003,-0.262,1.0,0.287,0.212,0.313,-0.08,-0.516,0.449,-0.529,0.164
12,A2_2,0.538,0.035,-0.403,0.396,0.026,-0.064,0.013,0.287,1.0,0.233,0.031,-0.077,-0.407,-0.01,-0.673,0.078
12,A2_3,0.369,0.202,-0.488,0.373,-0.425,0.17,-0.092,0.212,0.233,1.0,0.463,-0.315,-0.238,0.021,-0.323,-0.094
12,B2_1,-0.061,-0.206,-0.046,0.567,-0.172,-0.125,0.004,0.313,0.031,0.463,1.0,-0.354,-0.307,0.25,-0.695,0.529
12,B2_2,-0.435,-0.21,0.091,-0.024,-0.273,-0.006,0.119,-0.08,-0.077,-0.315,-0.354,1.0,0.032,0.237,0.185,-0.302
12,B2_3,-0.277,-0.353,0.062,-0.675,0.142,0.418,0.34,-0.516,-0.407,-0.238,-0.307,0.032,1.0,-0.151,0.615,-0.516
12,y1,-0.082,-0.652,-0.148,0.545,-0.456,0.094,-0.389,0.449,-0.01,0.021,0.25,0.237,-0.151,1.0,-0.197,0.245
12,y2,-0.266,0.058,0.169,-0.683,0.166,0.251,-0.081,-0.529,-0.673,-0.323,-0.695,0.185,0.615,-0.197,1.0,-0.508
12,y3,-0.14,-0.082,-0.108,0.434,-0.065,-0.305,-0.209,0.164,0.078,-0.094,0.529,-0.302,-0.516,0.245,-0.508,1.0
13,.,1.0,0.373,-0.336,0.366,-0.082,0.106,-0.315,0.268,0.541,0.372,-0.064,-0.44,-0.281,-0.083,-0.266,-0.139
13,A1_1,0.373,1.0,-0.143,-0.059,-0.04,-0.011,0.178,-0.097,0.038,0.203,-0.207,-0.212,-0.354,-0.651,0.057,-0.083
13,A1_2,-0.336,-0.143,1.0,-0.417,0.463,-0.403,0.016,0.265,-0.402,-0.488,-0.045,0.093,0.062,-0.15,0.166,-0.11
13,A1_3,0.366,-0.059,-0.417,1.0,-0.369,-0.162,-0.334,0.339,0.396,0.374,0.565,-0.025,-0.675,0.545,-0.682,0.435
13,B1_1,-0.082,-0.04,0.463,-0.369,1.0,-0.129,-0.135,-0.238,0.023,-0.427,-0.169,-0.27,0.145,-0.457,0.165,-0.066
13,B1_2,0.106,-0.011,-0.403,-0.162,-0.129,1.0,-0.095,-0.005,-0.066,0.167,-0.124,-0.006,0.419,0.095,0.252,-0.305
13,B1_3,-0.315,0.178,0.016,-0.334,-0.135,-0.095,1.0,-0.263,0.01,-0.094,0.006,0.122,0.343,-0.39,-0.081,-0.211
13,A2_1,0.268,-0.097,0.265,0.339,-0.238,-0.005,-0.263,1.0,0.288,0.213,0.311,-0.081,-0.517,0.447,-0.529,0.164
13,A2_2,0.541,0.038,-0.402,0.396,0.023,-0.066,0.01,0.288,1.0,0.233,0.029,-0.079,-0.409,-0.011,-0.672,0.078
13,A2_3,0.372,0.203,-0.488,0.374,-0.427,0.167,-0.094,0.213,0.233,1.0,0.461,-0.317,-0.24,0.021,-0.323,-0.093
13,B2_1,-0.064,-0.207,-0.045,0.565,-0.169,-0.124,0.006,0.311,0.029,0.461,1.0,-0.351,-0.304,0.249,-0.694,0.528
13,B2_2,-0.44,-0.212,0.093,-0.025,-0.27,-0.006,0.122,-0.081,-0.079,-0.317,-0.351,1.0,0.035,0.236,0.186,-0.302
13,B2_3,-0.281,-0.354,0.062,-0.675,0.145,0.419,0.343,-0.517,-0.409,-0.24,-0.304,0.035,1.0,-0.151,0.613,-0.515
13,y1,-0.083,-0.651,-0.15,0.545,-0.457,0.095,-0.39,0.447,-0.011,0.021,0.249,0.236,-0.151,1.0,-0.194,0.247
13,y2,-0.266,0.057,0.166,-0.682,0.165,0.252,-0.081,-0.529,-0.672,-0.323,-0.694,0.186,0.613,-0.194,1.0,-0.507
13,y3,-0.139,-0.083,-0.11,0.435,-0.066,-0.305,-0.211,0.164,0.078,-0.093,0.528,-0.302,-0.515,0.247,-0.507,1.0
14,.,1.0,0.375,-0.337,0.365,-0.085,0.103,-0.319,0.269,0.544,0.376,-0.066,-0.446,-0.285,-0.084,-0.266,-0.137
14,A1_1,0.375,1.0,-0.141,-0.057,-0.042,-0.014,0.175,-0.095,0.04,0.204,-0.209,-0.214,-0.356,-0.65,0.056,-0.083
14,A1_2,-0.337,-0.141,1.0,-0.417,0.464,-0.402,0.017,0.266,-0.401,-0.488,-0.045,0.096,0.062,-0.152,0.163,-0.111
14,A1_3,0.365,-0.057,-0.417,1.0,-0.371,-0.164,-0.335,0.339,0.396,0.374,0.563,-0.026,-0.676,0.544,-0.681,0.435
14,B1_1,-0.085,-0.042,0.464,-0.371,1.0,-0.127,-0.13,-0.24,0.02,-0.429,-0.167,-0.265,0.149,-0.457,0.164,-0.068
14,B1_2,0.103,-0.014,-0.402,-0.164,-0.127,1.0,-0.093,-0.007,-0.069,0.165,-0.123,-0.005,0.421,0.096,0.253,-0.305
14,B1_3,-0.319,0.175,0.017,-0.335,-0.13,-0.093,1.0,-0.264,0.008,-0.096,0.008,0.127,0.346,-0.39,-0.082,-0.212
14,A2_1,0.269,-0.095,0.266,0.339,-0.24,-0.007,-0.264,1.0,0.289,0.214,0.308,-0.083,-0.518,0.445,-0.529,0.163
14,A2_2,0.544,0.04,-0.401,0.396,0.02,-0.069,0.008,0.289,1.0,0.234,0.026,-0.082,-0.411,-0.012,-0.671,0.078
14,A2_3,0.376,0.204,-0.488,0.374,-0.429,0.165,-0.096,0.214,0.234,1.0,0.458,-0.32,-0.243,0.021,-0.322,-0.092
14,B2_1,-0.066,-0.209,-0.045,0.563,-0.167,-0.123,0.008,0.308,0.026,0.458,1.0,-0.348,-0.3,0.247,-0.694,0.526
14,B2_2,-0.446,-0.214,0.096,-0.026,-0.265,-0.005,0.127,-0.083,-0.082,-0.32,-0.348,1.0,0.039,0.235,0.186,-0.303
14,B2_3,-0.285,-0.356,0.062,-0.676,0.149,0.421,0.346,-0.518,-0.411,-0.243,-0.3,0.039,1.0,-0.151,0.612,-0.515
14,y1,-0.084,-0.65,-0.152,0.544,-0.457,0.096,-0.39,0.445,-0.012,0.021,0.247,0.235,-0.151,1.0,-0.191,0.248
14,y2,-0.266,0.056,0.163,-0.681,0.164,0.253,-0.082,-0.529,-0.671,-0.322,-0.694,0.186,0.612,-0.191,1.0,-0.504
14,y3,-0.137,-0.083,-0.111,0.435,-0.068,-0.305,-0.212,0.163,0.078,-0.092,0.526,-0.303,-0.515,0.248,-0.504,1.0
15,.,1.0,0.377,-0.337,0.365,-0.088,0.1,-0.324,0.27,0.547,0.38,-0.069,-0.452,-0.289,-0.086,-0.266,-0.134
15,A1_1,0.377,1.0,-0.14,-0.056,-0.044,-0.017,0.172,-0.093,0.043,0.205,-0.21,-0.216,-0.357,-0.649,0.055,-0.084
15,A1_2,-0.337,-0.14,1.0,-0.417,0.465,-0.401,0.019,0.267,-0.399,-0.487,-0.044,0.099,0.062,-0.154,0.16,-0.113
15,A1_3,0.365,-0.056,-0.417,1.0,-0.372,-0.166,-0.336,0.34,0.396,0.375,0.561,-0.029,-0.677,0.544,-0.679,0.436
15,B1_1,-0.088,-0.044,0.465,-0.372,1.0,-0.125,-0.125,-0.241,0.017,-0.431,-0.164,-0.26,0.153,-0.457,0.163,-0.07
15,B1_2,0.1,-0.017,-0.401,-0.166,-0.125,1.0,-0.09,-0.009,-0.072,0.162,-0.121,-0.004,0.423,0.096,0.255,-0.304
15,B1_3,-0.324,0.172,0.019,-0.336,-0.125,-0.09,1.0,-0.266,0.005,-0.098,0.011,0.131,0.349,-0.391,-0.082,-0.214
15,A2_1,0.27,-0.093,0.267,0.34,-0.241,-0.009,-0.266,1.0,0.29,0.215,0.306,-0.086,-0.519,0.443,-0.528,0.162
15,A2_2,0.547,0.043,-0.399,0.396,0.017,-0.072,0.005,0.29,1.0,0.235,0.022,-0.085,-0.413,-0.012,-0.67,0.078
15,A2_3,0.38,0.205,-0.487,0.375,-0.431,0.162,-0.098,0.215,0.235,1.0,0.455,-0.322,-0.245,0.022,-0.322,-0.091
15,B2_1,-0.069,-0.21,-0.044,0.561,-0.164,-0.121,0.011,0.306,0.022,0.455,1.0,-0.344,-0.296,0.246,-0.693,0.524
15,B2_2,-0.452,-0.216,0.099,-0.029,-0.26,-0.004,0.131,-0.086,-0.085,-0.322,-0.344,1.0,0.044,0.234,0.187,-0.303
15,B2_3,-0.289,-0.357,0.062,-0.677,0.153,0.423,0.349,-0.519,-0.413,-0.245,-0.296,0.044,1.0,-0.151,0.61,-0.514
15,y1,-0.086,-0.649,-0.154,0.544,-0.457,0.096,-0.391,0.443,-0.012,0.022,0.246,0.234,-0.151,1.0,-0.188,0.25
15,y2,-0.266,0.055,0.16,-0.679,0.163,0.255,-0.082,-0.528,-0.67,-0.322,-0.693,0.187,0.61,-0.188,1.0,-0.502
15,y3,-0.134,-0.084,-0.113,0.436,-0.07,-0.304,-0.214,0.162,0.078,-0.091,0.524,-0.303,-0.514,0.25,-0.502,1.0
16,.,1.0,0.379,-0.338,0.365,-0.091,0.096,-0.329,0.271,0.549,0.385,-0.073,-0.459,-0.294,-0.087,-0.265,-0.132
16,A1_1,0.379,1.0,-0.138,-0.054,-0.047,-0.02,0.169,-0.09,0.046,0.206,-0.212,-0.219,-0.359,-0.648,0.054,-0.084
16,A1_2,-0.338,-0.138,1.0,-0.416,0.466,-0.399,0.02,0.268,-0.398,-0.487,-0.043,0.102,0.061,-0.157,0.156,-0.114
16,A1_3,0.365,-0.054,-0.416,1.0,-0.374,-0.168,-0.337,0.34,0.397,0.376,0.559,-0.031,-0.678,0.543,-0.678,0.436
16,B1_1,-0.091,-0.047,0.466,-0.374,1.0,-0.122,-0.119,-0.243,0.012,-0.433,-0.161,-0.255,0.157,-0.457,0.161,-0.072
16,B1_2,0.096,-0.02,-0.399,-0.168,-0.122,1.0,-0.087,-0.011,-0.076,0.159,-0.119,-0.003,0.426,0.096,0.256,-0.304
16,B1_3,-0.329,0.169,0.02,-0.337,-0.119,-0.087,1.0,-0.268,0.002,-0.101,0.014,0.136,0.353,-0.392,-0.083,-0.215
16,A2_1,0.271,-0.09,0.268,0.34,-0.243,-0.011,-0.268,1.0,0.292,0.216,0.303,-0.088,-0.52,0.441,-0.528,0.162
16,A2_2,0.549,0.046,-0.398,0.397,0.012,-0.076,0.002,0.292,1.0,0.237,0.019,-0.088,-0.416,-0.013,-0.669,0.078
16,A2_3,0.385,0.206,-0.487,0.376,-0.433,0.159,-0.101,0.216,0.237,1.0,0.452,-0.325,-0.248,0.022,-0.321,-0.09
16,B2_1,-0.073,-0.212,-0.043,0.559,-0.161,-0.119,0.014,0.303,0.019,0.452,1.0,-0.34,-0.292,0.244,-0.692,0.522
16,B2_2,-0.459,-0.219,0.102,-0.031,-0.255,-0.003,0.136,-0.088,-0.088,-0.325,-0.34,1.0,0.049,0.232,0.188,-0.303
16,B2_3,-0.294,-0.359,0.061,-0.678,0.157,0.426,0.353,-0.52,-0.416,-0.248,-0.292,0.049,1.0,-0.151,0.608,-0.512
16,y1,-0.087,-0.648,-0.157,0.543,-0.457,0.096,-0.392,0.441,-0.013,0.022,0.244,0.232,-0.151,1.0,-0.184,0.252
16,y2,-0.265,0.054,0.156,-0.678,0.161,0.256,-0.083,-0.528,-0.669,-0.321,-0.692,0.188,0.608,-0.184,1.0,-0.5
16,y3,-0.132,-0.084,-0.114,0.436,-0.072,-0.304,-0.215,0.162,0.078,-0.09,0.522,-0.303,-0.512,0.252,-0.5,1.0
17,.,1.0,0.382,-0.339,0.365,-0.095,0.09,-0.335,0.272,0.552,0.389,-0.077,-0.466,-0.299,-0.088,-0.264,-0.129
17,A1_1,0.382,1.0,-0.137,-0.052,-0.049,-0.023,0.166,-0.087,0.05,0.208,-0.214,-0.222,-0.361,-0.646,0.053,-0.084
17,A1_2,-0.339,-0.137,1.0,-0.416,0.466,-0.398,0.021,0.269,-0.396,-0.486,-0.042,0.105,0.061,-0.159,0.153,-0.116
17,A1_3,0.365,-0.052,-0.416,1.0,-0.376,-0.171,-0.339,0.341,0.397,0.376,0.556,-0.034,-0.679,0.542,-0.676,0.437
17,B1_1,-0.095,-0.049,0.466,-0.376,1.0,-0.119,-0.113,-0.246,0.008,-0.436,-0.158,-0.249,0.162,-0.457,0.16,-0.074
17,B1_2,0.09,-0.023,-0.398,-0.171,-0.119,1.0,-0.082,-0.014,-0.08,0.155,-0.117,-0.001,0.429,0.097,0.258,-0.304
17,B1_3,-0.335,0.166,0.021,-0.339,-0.113,-0.082,1.0,-0.269,-0.002,-0.104,0.017,0.141,0.357,-0.392,-0.083,-0.217
17,A2_1,0.272,-0.087,0.269,0.341,-0.246,-0.014,-0.269,1.0,0.294,0.218,0.3,-0.091,-0.522,0.439,-0.528,0.161
17,A2_2,0.552,0.05,-0.396,0.397,0.008,-0.08,-0.002,0.294,1.0,0.238,0.015,-0.092,-0.419,-0.014,-0.667,0.079
17,A2_3,0.389,0.208,-0.486,0.376,-0.436,0.155,-0.104,0.218,0.238,1.0,0.448,-0.328,-0.251,0.022,-0.32,-0.089
17,B2_1,-0.077,-0.214,-0.042,0.556,-0.158,-0.117,0.017,0.3,0.015,0.448,1.0,-0.336,-0.287,0.242,-0.691,0.52
17,B2_2,-0.466,-0.222,0.105,-0.034,-0.249,-0.001,0.141,-0.091,-0.092,-0.328,-0.336,1.0,0.055,0.23,0.188,-0.304
17,B2_3,-0.299,-0.361,0.061,-0.679,0.162,0.429,0.357,-0.522,-0.419,-0.251,-0.287,0.055,1.0,-0.152,0.606,-0.511
17,y1,-0.088,-0.646,-0.159,0.542,-0.457,0.097,-0.392,0.439,-0.014,0.022,0.242,0.23,-0.152,1.0,-0.181,0.254
17,y2,-0.264,0.053,0.153,-0.676,0.16,0.258,-0.083,-0.528,-0.667,-0.32,-0.691,0.188,0.606,-0.181,1.0,-0.498
17,y3,-0.129,-0.084,-0.116,0.437,-0.074,-0.304,-0.217,0.161,0.079,-0.089,0.52,-0.304,-0.511,0.254,-0.498,1.0
18,.,1.0,0.385,-0.339,0.366,-0.1,0.084,-0.341,0.272,0.556,0.393,-0.082,-0.475,-0.305,-0.089,-0.262,-0.126
18,A1_1,0.385,1.0,-0.135,-0.05,-0.053,-0.027,0.162,-0.084,0.054,0.209,-0.216,-0.225,-0.363,-0.644,0.053,-0.084
18,A1_2,-0.339,-0.135,1.0,-0.415,0.467,-0.396,0.022,0.271,-0.394,-0.485,-0.041,0.108,0.06,-0.162,0.149,-0.118
18,A1_3,0.366,-0.05,-0.415,1.0,-0.378,-0.174,-0.341,0.342,0.398,0.378,0.552,-0.037,-0.68,0.542,-0.675,0.437
18,B1_1,-0.1,-0.053,0.467,-0.378,1.0,-0.115,-0.105,-0.248,0.003,-0.439,-0.154,-0.242,0.168,-0.458,0.159,-0.077
18,B1_2,0.084,-0.027,-0.396,-0.174,-0.115,1.0,-0.078,-0.017,-0.084,0.151,-0.114,0.001,0.432,0.097,0.26,-0.303
18,B1_3,-0.341,0.162,0.022,-0.341,-0.105,-0.078,1.0,-0.272,-0.006,-0.107,0.021,0.147,0.361,-0.393,-0.084,-0.219
18,A2_1,0.272,-0.084,0.271,0.342,-0.248,-0.017,-0.272,1.0,0.295,0.219,0.296,-0.095,-0.523,0.436,-0.527,0.16
18,A2_2,0.556,0.054,-0.394,0.398,0.003,-0.084,-0.006,0.295,1.0,0.24,0.01,-0.096,-0.422,-0.014,-0.666,0.079
18,A2_3,0.393,0.209,-0.485,0.378,-0.439,0.151,-0.107,0.219,0.24,1.0,0.444,-0.332,-0.255,0.023,-0.319,-0.088
18,B2_1,-0.082,-0.216,-0.041,0.552,-0.154,-0.114,0.021,0.296,0.01,0.444,1.0,-0.332,-0.282,0.24,-0.69,0.518
18,B2_2,-0.475,-0.225,0.108,-0.037,-0.242,0.001,0.147,-0.095,-0.096,-0.332,-0.332,1.0,0.061,0.228,0.189,-0.304
18,B2_3,-0.305,-0.363,0.06,-0.68,0.168,0.432,0.361,-0.523,-0.422,-0.255,-0.282,0.061,1.0,-0.152,0.604,-0.51
18,y1,-0.089,-0.644,-0.162,0.542,-0.458,0.097,-0.393,0.436,-0.014,0.023,0.24,0.228,-0.152,1.0,-0.177,0.257
18,y2,-0.262,0.053,0.149,-0.675,0.159,0.26,-0.084,-0.527,-0.666,-0.319,-0.69,0.189,0.604,-0.177,1.0,-0.495
18,y3,-0.126,-0.084,-0.118,0.437,-0.077,-0.303,-0.219,0.16,0.079,-0.088,0.518,-0.304,-0.51,0.257,-0.495,1.0
19,.,1.0,0.388,-0.339,0.367,-0.106,0.077,-0.347,0.273,0.559,0.398,-0.087,-0.484,-0.311,-0.089,-0.26,-0.122
19,A1_1,0.388,1.0,-0.133,-0.047,-0.056,-0.032,0.158,-0.081,0.058,0.211,-0.218,-0.229,-0.365,-0.642,0.052,-0.084
19,A1_2,-0.339,-0.133,1.0,-0.415,0.468,-0.394,0.023,0.272,-0.391,-0.484,-0.04,0.111,0.059,-0.165,0.144,-0.12
19,A1_3,0.367,-0.047,-0.415,1.0,-0.381,-0.177,-0.343,0.343,0.399,0.379,0.548,-0.042,-0.682,0.541,-0.673,0.438
19,B1_1,-0.106,-0.056,0.468,-0.381,1.0,-0.111,-0.098,-0.251,-0.003,-0.442,-0.15,-0.234,0.174,-0.458,0.157,-0.079
19,B1_2,0.077,-0.032,-0.394,-0.177,-0.111,1.0,-0.072,-0.021,-0.089,0.146,-0.112,0.004,0.436,0.097,0.262,-0.303
19,B1_3,-0.347,0.158,0.023,-0.343,-0.098,-0.072,1.0,-0.274,-0.01,-0.11,0.025,0.154,0.366,-0.394,-0.084,-0.221
19,A2_1,0.273,-0.081,0.272,0.343,-0.251,-0.021,-0.274,1.0,0.298,0.221,0.292,-0.099,-0.525,0.434,-0.526,0.16
19,A2_2,0.559,0.058,-0.391,0.399,-0.003,-0.089,-0.01,0.298,1.0,0.242,0.005,-0.102,-0.426,-0.015,-0.664,0.08
19,A2_3,0.398,0.211,-0.484,0.379,-0.442,0.146,-0.11,0.221,0.242,1.0,0.439,-0.336,-0.259,0.023,-0.318,-0.087
19,B2_1,-0.087,-0.218,-0.04,0.548,-0.15,-0.112,0.025,0.292,0.005,0.439,1.0,-0.326,-0.276,0.237,-0.688,0.515
19,B2_2,-0.484,-0.229,0.111,-0.042,-0.234,0.004,0.154,-0.099,-0.102,-0.336,-0.326,1.0,0.069,0.226,0.19,-0.304
19,B2_3,-0.311,-0.365,0.059,-0.682,0.174,0.436,0.366,-0.525,-0.426,-0.259,-0.276,0.069,1.0,-0.153,0.601,-0.509
19,y1,-0.089,-0.642,-0.165,0.541,-0.458,0.097,-0.394,0.434,-0.015,0.023,0.237,0.226,-0.153,1.0,-0.173,0.259
19,y2,-0.26,0.052,0.144,-0.673,0.157,0.262,-0.084,-0.526,-0.664,-0.318,-0.688,0.19,0.601,-0.173,1.0,-0.492
19,y3,-0.122,-0.084,-0.12,0.438,-0.079,-0.303,-0.221,0.16,0.08,-0.087,0.515,-0.304,-0.509,0.259,-0.492,1.0
20,.,1.0,0.392,-0.338,0.368,-0.112,0.069,-0.354,0.274,0.563,0.403,-0.093,-0.493,-0.318,-0.089,-0.258,-0.118
20,A1_1,0.392,1.0,-0.131,-0.044,-0.061,-0.037,0.153,-0.077,0.063,0.213,-0.221,-0.233,-0.367,-0.639,0.051,-0.084
20,A1_2,-0.338,-0.131,1.0,-0.414,0.468,-0.393,0.024,0.274,-0.388,-0.483,-0.038,0.114,0.057,-0.168,0.139,-0.122
20,A1_3,0.368,-0.044,-0.414,1.0,-0.384,-0.181,-0.345,0.344,0.401,0.38,0.544,-0.047,-0.683,0.54,-0.671,0.439
20,B1_1,-0.112,-0.061,0.468,-0.384,1.0,-0.106,-0.089,-0.255,-0.009,-0.446,-0.146,-0.225,0.181,-0.458,0.156,-0.082
20,B1_2,0.069,-0.037,-0.393,-0.181,-0.106,1.0,-0.066,-0.025,-0.095,0.141,-0.108,0.008,0.441,0.097,0.264,-0.303
20,B1_3,-0.354,0.153,0.024,-0.345,-0.089,-0.066,1.0,-0.277,-0.016,-0.114,0.03,0.162,0.372,-0.395,-0.085,-0.224
20,A2_1,0.274,-0.077,0.274,0.344,-0.255,-0.025,-0.277,1.0,0.3,0.223,0.288,-0.104,-0.527,0.432,-0.525,0.159
20,A2_2,0.563,0.063,-0.388,0.401,-0.009,-0.095,-0.016,0.3,1.0,0.245,0.0,-0.107,-0.43,-0.015,-0.662,0.08
20,A2_3,0.403,0.213,-0.483,0.38,-0.446,0.141,-0.114,0.223,0.245,1.0,0.434,-0.341,-0.263,0.024,-0.317,-0.085
20,B2_1,-0.093,-0.221,-0.038,0.544,-0.146,-0.108,0.03,0.288,0.0,0.434,1.0,-0.321,-0.269,0.235,-0.687,0.512
20,B2_2,-0.493,-0.233,0.114,-0.047,-0.225,0.008,0.162,-0.104,-0.107,-0.341,-0.321,1.0,0.077,0.223,0.191,-0.305
20,B2_3,-0.318,-0.367,0.057,-0.683,0.181,0.441,0.372,-0.527,-0.43,-0.263,-0.269,0.077,1.0,-0.154,0.597,-0.509
20,y1,-0.089,-0.639,-0.168,0.54,-0.458,0.097,-0.395,0.432,-0.015,0.024,0.235,0.223,-0.154,1.0,-0.169,0.262
20,y2,-0.258,0.051,0.139,-0.671,0.156,0.264,-0.085,-0.525,-0.662,-0.317,-0.687,0.191,0.597,-0.169,1.0,-0.489
20,y3,-0.118,-0.084,-0.122,0.439,-0.082,-0.303,-0.224,0.159,0.08,-0.085,0.512,-0.305,-0.509,0.262,-0.489,1.0
21,.,1.0,0.396,-0.336,0.369,-0.119,0.06,-0.362,0.275,0.567,0.408,-0.1,-0.504,-0.324,-0.089,-0.255,-0.114
21,A1_1,0.396,1.0,-0.128,-0.04,-0.065,-0.042,0.147,-0.073,0.068,0.216,-0.224,-0.238,-0.37,-0.637,0.051,-0.084
21,A1_2,-0.336,-0.128,1.0,-0.412,0.469,-0.391,0.024,0.277,-0.385,-0.481,-0.037,0.116,0.055,-0.171,0.134,-0.124
21,A1_3,0.369,-0.04,-0.412,1.0,-0.388,-0.186,-0.348,0.345,0.402,0.382,0.539,-0.052,-0.685,0.54,-0.668,0.439
21,B1_1,-0.119,-0.065,0.469,-0.388,1.0,-0.1,-0.079,-0.258,-0.016,-0.45,-0.141,-0.216,0.189,-0.459,0.155,-0.085
21,B1_2,0.06,-0.042,-0.391,-0.186,-0.1,1.0,-0.059,-0.029,-0.102,0.134,-0.105,0.012,0.446,0.096,0.266,-0.303
21,B1_3,-0.362,0.147,0.024,-0.348,-0.079,-0.059,1.0,-0.28,-0.021,-0.118,0.035,0.17,0.378,-0.397,-0.086,-0.226
21,A2_1,0.275,-0.073,0.277,0.345,-0.258,-0.029,-0.28,1.0,0.303,0.226,0.283,-0.109,-0.529,0.43,-0.524,0.159
21,A2_2,0.567,0.068,-0.385,0.402,-0.016,-0.102,-0.021,0.303,1.0,0.247,-0.006,-0.114,-0.434,-0.016,-0.659,0.081
21,A2_3,0.408,0.216,-0.481,0.382,-0.45,0.134,-0.118,0.226,0.247,1.0,0.429,-0.346,-0.267,0.024,-0.316,-0.083
21,B2_1,-0.1,-0.224,-0.037,0.539,-0.141,-0.105,0.035,0.283,-0.006,0.429,1.0,-0.314,-0.262,0.232,-0.686,0.509
21,B2_2,-0.504,-0.238,0.116,-0.052,-0.216,0.012,0.17,-0.109,-0.114,-0.346,-0.314,1.0,0.086,0.22,0.193,-0.306
21,B2_3,-0.324,-0.37,0.055,-0.685,0.189,0.446,0.378,-0.529,-0.434,-0.267,-0.262,0.086,1.0,-0.156,0.593,-0.508
21,y1,-0.089,-0.637,-0.171,0.54,-0.459,0.096,-0.397,0.43,-0.016,0.024,0.232,0.22,-0.156,1.0,-0.165,0.264
21,y2,-0.255,0.051,0.134,-0.668,0.155,0.266,-0.086,-0.524,-0.659,-0.316,-0.686,0.193,0.593,-0.165,1.0,-0.486
21,y3,-0.114,-0.084,-0.124,0.439,-0.085,-0.303,-0.226,0.159,0.081,-0.083,0.509,-0.306,-0.508,0.264,-0.486,1.0
22,.,1.0,0.401,-0.334,0.37,-0.126,0.05,-0.37,0.276,0.57,0.413,-0.108,-0.515,-0.331,-0.089,-0.251,-0.11
22,A1_1,0.401,1.0,-0.125,-0.037,-0.07,-0.048,0.142,-0.069,0.073,0.219,-0.228,-0.243,-0.373,-0.633,0.051,-0.083
22,A1_2,-0.334,-0.125,1.0,-0.411,0.469,-0.389,0.024,0.279,-0.381,-0.479,-0.036,0.119,0.052,-0.174,0.128,-0.126
22,A1_3,0.37,-0.037,-0.411,1.0,-0.391,-0.191,-0.351,0.347,0.404,0.384,0.533,-0.059,-0.687,0.539,-0.665,0.44
22,B1_1,-0.126,-0.07,0.469,-0.391,1.0,-0.093,-0.069,-0.262,-0.023,-0.454,-0.135,-0.204,0.197,-0.459,0.153,-0.088
22,B1_2,0.05,-0.048,-0.389,-0.191,-0.093,1.0,-0.051,-0.035,-0.109,0.128,-0.1,0.018,0.452,0.095,0.267,-0.303
22,B1_3,-0.37,0.142,0.024,-0.351,-0.069,-0.051,1.0,-0.283,-0.028,-0.123,0.04,0.179,0.384,-0.398,-0.087,-0.229
22,A2_1,0.276,-0.069,0.279,0.347,-0.262,-0.035,-0.283,1.0,0.306,0.228,0.278,-0.115,-0.531,0.428,-0.523,0.158
22,A2_2,0.57,0.073,-0.381,0.404,-0.023,-0.109,-0.028,0.306,1.0,0.25,-0.012,-0.121,-0.438,-0.016,-0.656,0.082
22,A2_3,0.413,0.219,-0.479,0.384,-0.454,0.128,-0.123,0.228,0.25,1.0,0.423,-0.351,-0.272,0.025,-0.314,-0.082
22,B2_1,-0.108,-0.228,-0.036,0.533,-0.135,-0.1,0.04,0.278,-0.012,0.423,1.0,-0.307,-0.254,0.229,-0.684,0.505
22,B2_2,-0.515,-0.243,0.119,-0.059,-0.204,0.018,0.179,-0.115,-0.121,-0.351,-0.307,1.0,0.097,0.216,0.194,-0.307
22,B2_3,-0.331,-0.373,0.052,-0.687,0.197,0.452,0.384,-0.531,-0.438,-0.272,-0.254,0.097,1.0,-0.158,0.589,-0.507
22,y1,-0.089,-0.633,-0.174,0.539,-0.459,0.095,-0.398,0.428,-0.016,0.025,0.229,0.216,-0.158,1.0,-0.16,0.267
22,y2,-0.251,0.051,0.128,-0.665,0.153,0.267,-0.087,-0.523,-0.656,-0.314,-0.684,0.194,0.589,-0.16,1.0,-0.483
22,y3,-0.11,-0.083,-0.126,0.44,-0.088,-0.303,-0.229,0.158,0.082,-0.082,0.505,-0.307,-0.507,0.267,-0.483,1.0
23,.,1.0,0.406,-0.331,0.372,-0.134,0.039,-0.378,0.277,0.574,0.419,-0.116,-0.528,-0.338,-0.088,-0.246,-0.105
23,A1_1,0.406,1.0,-0.122,-0.033,-0.076,-0.055,0.135,-0.064,0.079,0.222,-0.231,-0.249,-0.376,-0.63,0.051,-0.082
23,A1_2,-0.331,-0.122,1.0,-0.409,0.469,-0.387,0.024,0.282,-0.377,-0.477,-0.035,0.122,0.049,-0.177,0.122,-0.129
23,A1_3,0.372,-0.033,-0.409,1.0,-0.396,-0.197,-0.355,0.348,0.406,0.386,0.526,-0.066,-0.689,0.539,-0.662,0.441
23,B1_1,-0.134,-0.076,0.469,-0.396,1.0,-0.085,-0.058,-0.267,-0.032,-0.458,-0.129,-0.192,0.207,-0.46,0.151,-0.092
23,B1_2,0.039,-0.055,-0.387,-0.197,-0.085,1.0,-0.042,-0.04,-0.116,0.12,-0.096,0.024,0.458,0.094,0.269,-0.303
23,B1_3,-0.378,0.135,0.024,-0.355,-0.058,-0.042,1.0,-0.287,-0.034,-0.128,0.046,0.189,0.391,-0.4,-0.088,-0.232
23,A2_1,0.277,-0.064,0.282,0.348,-0.267,-0.04,-0.287,1.0,0.309,0.231,0.272,-0.122,-0.533,0.426,-0.521,0.158
23,A2_2,0.574,0.079,-0.377,0.406,-0.032,-0.116,-0.034,0.309,1.0,0.254,-0.019,-0.13,-0.443,-0.015,-0.653,0.083
23,A2_3,0.419,0.222,-0.477,0.386,-0.458,0.12,-0.128,0.231,0.254,1.0,0.416,-0.357,-0.277,0.026,-0.313,-0.08
23,B2_1,-0.116,-0.231,-0.035,0.526,-0.129,-0.096,0.046,0.272,-0.019,0.416,1.0,-0.299,-0.245,0.225,-0.683,0.501
23,B2_2,-0.528,-0.249,0.122,-0.066,-0.192,0.024,0.189,-0.122,-0.13,-0.357,-0.299,1.0,0.108,0.211,0.195,-0.308
23,B2_3,-0.338,-0.376,0.049,-0.689,0.207,0.458,0.391,-0.533,-0.443,-0.277,-0.245,0.108,1.0,-0.16,0.584,-0.506
23,y1,-0.088,-0.63,-0.177,0.539,-0.46,0.094,-0.4,0.426,-0.015,0.026,0.225,0.211,-0.16,1.0,-0.155,0.27
23,y2,-0.246,0.051,0.122,-0.662,0.151,0.269,-0.088,-0.521,-0.653,-0.313,-0.683,0.195,0.584,-0.155,1.0,-0.479
23,y3,-0.105,-0.082,-0.129,0.441,-0.092,-0.303,-0.232,0.158,0.083,-0.08,0.501,-0.308,-0.506,0.27,-0.479,1.0
