,,.,A1_1,A1_2,A1_3,B1_1,B1_2,B1_3,A2_1,A2_2,A2_3,B2_1,B2_2,B2_3,y1,y2,y3
1,.,1.0,0.022,-0.263,-0.328,0.488,-0.23,-0.202,-0.479,-0.045,-0.173,0.047,0.135,-0.087,-0.257,-0.166,-0.131
1,A1_1,0.022,1.0,0.181,0.281,0.188,0.604,0.184,-0.347,0.213,0.092,-0.248,-0.038,0.342,0.338,0.03,0.433
1,A1_2,-0.263,0.181,1.0,0.54,-0.235,0.136,-0.426,0.061,0.204,0.665,0.097,0.406,-0.113,-0.129,-0.075,0.19
1,A1_3,-0.328,0.281,0.54,1.0,-0.126,0.066,-0.149,0.227,0.072,0.306,0.405,0.132,-0.053,0.175,-0.29,-0.256
1,B1_1,0.488,0.188,-0.235,-0.126,1.0,0.237,-0.14,0.007,-0.077,-0.559,-0.088,0.124,0.016,-0.165,-0.075,-0.233
1,B1_2,-0.23,0.604,0.136,0.066,0.237,1.0,0.433,-0.275,0.124,-0.154,-0.231,0.007,0.82,0.001,0.347,0.518
1,B1_3,-0.202,0.184,-0.426,-0.149,-0.14,0.433,1.0,-0.123,-0.086,-0.322,-0.051,-0.29,0.532,0.232,0.356,0.276
1,A2_1,-0.479,-0.347,0.061,0.227,0.007,-0.275,-0.123,1.0,-0.299,-0.122,0.358,-0.263,-0.419,-0.132,-0.27,-0.311
1,A2_2,-0.045,0.213,0.204,0.072,-0.077,0.124,-0.086,-0.299,1.0,-0.14,-0.168,-0.421,0.156,-0.338,-0.158,-0.039
1,A2_3,-0.173,0.092,0.665,0.306,-0.559,-0.154,-0.322,-0.122,-0.14,1.0,0.255,0.387,-0.217,0.367,0.205,0.103
1,B2_1,0.047,-0.248,0.097,0.405,-0.088,-0.231,-0.051,0.358,-0.168,0.255,1.0,-0.308,-0.099,-0.049,-0.138,-0.655
1,B2_2,0.135,-0.038,0.406,0.132,0.124,0.007,-0.29,-0.263,-0.421,0.387,-0.308,1.0,-0.134,0.206,0.254,0.227
1,B2_3,-0.087,0.342,-0.113,-0.053,0.016,0.82,0.532,-0.419,0.156,-0.217,-0.099,-0.134,1.0,-0.187,0.483,0.456
1,y1,-0.257,0.338,-0.129,0.175,-0.165,0.001,0.232,-0.132,-0.338,0.367,-0.049,0.206,-0.187,1.0,0.222,-0.065
1,y2,-0.166,0.03,-0.075,-0.29,-0.075,0.347,0.356,-0.27,-0.158,0.205,-0.138,0.254,0.483,0.222,1.0,0.282
1,y3,-0.131,0.433,0.19,-0.256,-0.233,0.518,0.276,-0.311,-0.039,0.103,-0.655,0.227,0.456,-0.065,0.282,1.0
2,.,1.0,0.021,-0.26,-0.328,0.488,-0.231,-0.205,-0.479,-0.044,-0.172,0.048,0.138,-0.088,-0.259,-0.17,-0.132
2,A1_1,0.021,1.0,0.181,0.282,0.188,0.604,0.184,-0.346,0.214,0.092,-0.249,-0.038,0.342,0.337,0.03,0.433
2,A1_2,-0.26,0.181,1.0,0.54,-0.235,0.136,-0.426,0.061,0.204,0.665,0.095,0.406,-0.113,-0.13,-0.075,0.19
2,A1_3,-0.328,0.282,0.54,1.0,-0.127,0.067,-0.15,0.227,0.072,0.305,0.403,0.131,-0.054,0.174,-0.289,-0.255
2,B1_1,0.488,0.188,-0.235,-0.127,1.0,0.237,-0.139,0.007,-0.077,-0.558,-0.086,0.125,0.016,-0.165,-0.075,-0.234
2,B1_2,-0.231,0.604,0.136,0.067,0.237,1.0,0.433,-0.275,0.124,-0.153,-0.231,0.007,0.82,0.001,0.348,0.517
2,B1_3,-0.205,0.184,-0.426,-0.15,-0.139,0.433,1.0,-0.123,-0.087,-0.322,-0.05,-0.29,0.532,0.234,0.358,0.277
2,A2_1,-0.479,-0.346,0.061,0.227,0.007,-0.275,-0.123,1.0,-0.299,-0.122,0.356,-0.264,-0.419,-0.132,-0.269,-0.31
2,A2_2,-0.044,0.214,0.204,0.072,-0.077,0.124,-0.087,-0.299,1.0,-0.14,-0.169,-0.421,0.155,-0.338,-0.157,-0.039
2,A2_3,-0.172,0.092,0.665,0.305,-0.558,-0.153,-0.322,-0.122,-0.14,1.0,0.254,0.388,-0.216,0.367,0.206,0.103
2,B2_1,0.048,-0.249,0.095,0.403,-0.086,-0.231,-0.05,0.356,-0.169,0.254,1.0,-0.307,-0.098,-0.049,-0.136,-0.655
2,B2_2,0.138,-0.038,0.406,0.131,0.125,0.007,-0.29,-0.264,-0.421,0.388,-0.307,1.0,-0.133,0.206,0.254,0.226
2,B2_3,-0.088,0.342,-0.113,-0.054,0.016,0.82,0.532,-0.419,0.155,-0.216,-0.098,-0.133,1.0,-0.186,0.484,0.456
2,y1,-0.259,0.337,-0.13,0.174,-0.165,0.001,0.234,-0.132,-0.338,0.367,-0.049,0.206,-0.186,1.0,0.223,-0.065
2,y2,-0.17,0.03,-0.075,-0.289,-0.075,0.348,0.358,-0.269,-0.157,0.206,-0.136,0.254,0.484,0.223,1.0,0.283
2,y3,-0.132,0.433,0.19,-0.255,-0.234,0.517,0.277,-0.31,-0.039,0.103,-0.655,0.226,0.456,-0.065,0.283,1.0
3,.,1.0,0.02,-0.257,-0.327,0.488,-0.231,-0.207,-0.479,-0.044,-0.17,0.049,0.14,-0.089,-0.261,-0.174,-0.132
3,A1_1,0.02,1.0,0.181,0.282,0.189,0.604,0.184,-0.344,0.214,0.092,-0.249,-0.037,0.341,0.336,0.03,0.432
3,A1_2,-0.257,0.181,1.0,0.541,-0.235,0.136,-0.427,0.062,0.204,0.665,0.093,0.405,-0.114,-0.13,-0.074,0.189
3,A1_3,-0.327,0.282,0.541,1.0,-0.127,0.067,-0.15,0.228,0.072,0.305,0.401,0.131,-0.054,0.174,-0.289,-0.254
3,B1_1,0.488,0.189,-0.235,-0.127,1.0,0.237,-0.138,0.007,-0.078,-0.556,-0.083,0.126,0.017,-0.166,-0.075,-0.236
3,B1_2,-0.231,0.604,0.136,0.067,0.237,1.0,0.432,-0.275,0.123,-0.152,-0.23,0.007,0.82,0.001,0.349,0.517
3,B1_3,-0.207,0.184,-0.427,-0.15,-0.138,0.432,1.0,-0.123,-0.088,-0.321,-0.049,-0.29,0.532,0.236,0.36,0.277
3,A2_1,-0.479,-0.344,0.062,0.228,0.007,-0.275,-0.123,1.0,-0.298,-0.122,0.354,-0.264,-0.419,-0.132,-0.269,-0.309
3,A2_2,-0.044,0.214,0.204,0.072,-0.078,0.123,-0.088,-0.298,1.0,-0.141,-0.17,-0.422,0.154,-0.338,-0.157,-0.038
3,A2_3,-0.17,0.092,0.665,0.305,-0.556,-0.152,-0.321,-0.122,-0.141,1.0,0.253,0.388,-0.216,0.366,0.207,0.103
3,B2_1,0.049,-0.249,0.093,0.401,-0.083,-0.23,-0.049,0.354,-0.17,0.253,1.0,-0.306,-0.096,-0.049,-0.135,-0.655
3,B2_2,0.14,-0.037,0.405,0.131,0.126,0.007,-0.29,-0.264,-0.422,0.388,-0.306,1.0,-0.133,0.205,0.254,0.225
3,B2_3,-0.089,0.341,-0.114,-0.054,0.017,0.82,0.532,-0.419,0.154,-0.216,-0.096,-0.133,1.0,-0.185,0.485,0.455
3,y1,-0.261,0.336,-0.13,0.174,-0.166,0.001,0.236,-0.132,-0.338,0.366,-0.049,0.205,-0.185,1.0,0.223,-0.064
3,y2,-0.174,0.03,-0.074,-0.289,-0.075,0.349,0.36,-0.269,-0.157,0.207,-0.135,0.254,0.485,0.223,1.0,0.283
3,y3,-0.132,0.432,0.189,-0.254,-0.236,0.517,0.277,-0.309,-0.038,0.103,-0.655,0.225,0.455,-0.064,0.283,1.0
4,.,1.0,0.019,-0.254,-0.327,0.488,-0.231,-0.21,-0.479,-0.043,-0.169,0.051,0.143,-0.09,-0.264,-0.179,-0.134
4,A1_1,0.019,1.0,0.181,0.282,0.189,0.604,0.184,-0.343,0.214,0.092,-0.249,-0.037,0.341,0.335,0.03,0.432
4,A1_2,-0.254,0.181,1.0,0.541,-0.235,0.135,-0.428,0.063,0.204,0.665,0.092,0.404,-0.114,-0.131,-0.074,0.189
4,A1_3,-0.327,0.282,0.541,1.0,-0.127,0.067,-0.151,0.229,0.072,0.305,0.399,0.13,-0.054,0.174,-0.288,-0.253
4,B1_1,0.488,0.189,-0.235,-0.127,1.0,0.237,-0.137,0.007,-0.078,-0.555,-0.081,0.128,0.018,-0.167,-0.075,-0.238
4,B1_2,-0.231,0.604,0.135,0.067,0.237,1.0,0.432,-0.274,0.122,-0.151,-0.228,0.008,0.82,0.001,0.35,0.516
4,B1_3,-0.21,0.184,-0.428,-0.151,-0.137,0.432,1.0,-0.124,-0.09,-0.321,-0.047,-0.29,0.532,0.238,0.362,0.278
4,A2_1,-0.479,-0.343,0.063,0.229,0.007,-0.274,-0.124,1.0,-0.297,-0.122,0.352,-0.265,-0.419,-0.133,-0.268,-0.308
4,A2_2,-0.043,0.214,0.204,0.072,-0.078,0.122,-0.09,-0.297,1.0,-0.141,-0.171,-0.422,0.153,-0.337,-0.156,-0.038
4,A2_3,-0.169,0.092,0.665,0.305,-0.555,-0.151,-0.321,-0.122,-0.141,1.0,0.252,0.389,-0.215,0.366,0.207,0.103
4,B2_1,0.051,-0.249,0.092,0.399,-0.081,-0.228,-0.047,0.352,-0.171,0.252,1.0,-0.304,-0.094,-0.049,-0.134,-0.654
4,B2_2,0.143,-0.037,0.404,0.13,0.128,0.008,-0.29,-0.265,-0.422,0.389,-0.304,1.0,-0.132,0.205,0.254,0.224
4,B2_3,-0.09,0.341,-0.114,-0.054,0.018,0.82,0.532,-0.419,0.153,-0.215,-0.094,-0.132,1.0,-0.184,0.486,0.455
4,y1,-0.264,0.335,-0.131,0.174,-0.167,0.001,0.238,-0.133,-0.337,0.366,-0.049,0.205,-0.184,1.0,0.224,-0.063
4,y2,-0.179,0.03,-0.074,-0.288,-0.075,0.35,0.362,-0.268,-0.156,0.207,-0.134,0.254,0.486,0.224,1.0,0.284
4,y3,-0.134,0.432,0.189,-0.253,-0.238,0.516,0.278,-0.308,-0.038,0.103,-0.654,0.224,0.455,-0.063,0.284,1.0
5,.,1.0,0.017,-0.251,-0.326,0.487,-0.232,-0.214,-0.478,-0.042,-0.168,0.052,0.145,-0.092,-0.267,-0.185,-0.135
5,A1_1,0.017,1.0,0.182,0.283,0.189,0.604,0.183,-0.342,0.214,0.092,-0.249,-0.037,0.341,0.334,0.03,0.431
5,A1_2,-0.251,0.182,1.0,0.541,-0.235,0.135,-0.429,0.064,0.204,0.665,0.09,0.404,-0.115,-0.132,-0.074,0.189
5,A1_3,-0.326,0.283,0.541,1.0,-0.127,0.067,-0.152,0.23,0.073,0.305,0.397,0.129,-0.055,0.174,-0.288,-0.252
5,B1_1,0.487,0.189,-0.235,-0.127,1.0,0.238,-0.135,0.007,-0.078,-0.554,-0.078,0.129,0.019,-0.168,-0.075,-0.24
5,B1_2,-0.232,0.604,0.135,0.067,0.238,1.0,0.432,-0.274,0.122,-0.15,-0.227,0.008,0.82,0.002,0.351,0.515
5,B1_3,-0.214,0.183,-0.429,-0.152,-0.135,0.432,1.0,-0.125,-0.091,-0.321,-0.045,-0.289,0.532,0.24,0.364,0.279
5,A2_1,-0.478,-0.342,0.064,0.23,0.007,-0.274,-0.125,1.0,-0.296,-0.121,0.35,-0.265,-0.419,-0.133,-0.268,-0.307
5,A2_2,-0.042,0.214,0.204,0.073,-0.078,0.122,-0.091,-0.296,1.0,-0.141,-0.173,-0.422,0.152,-0.337,-0.156,-0.038
5,A2_3,-0.168,0.092,0.665,0.305,-0.554,-0.15,-0.321,-0.121,-0.141,1.0,0.251,0.389,-0.215,0.366,0.208,0.103
5,B2_1,0.052,-0.249,0.09,0.397,-0.078,-0.227,-0.045,0.35,-0.173,0.251,1.0,-0.303,-0.092,-0.049,-0.133,-0.654
5,B2_2,0.145,-0.037,0.404,0.129,0.129,0.008,-0.289,-0.265,-0.422,0.389,-0.303,1.0,-0.132,0.204,0.255,0.223
5,B2_3,-0.092,0.341,-0.115,-0.055,0.019,0.82,0.532,-0.419,0.152,-0.215,-0.092,-0.132,1.0,-0.183,0.486,0.454
5,y1,-0.267,0.334,-0.132,0.174,-0.168,0.002,0.24,-0.133,-0.337,0.366,-0.049,0.204,-0.183,1.0,0.224,-0.062
5,y2,-0.185,0.03,-0.074,-0.288,-0.075,0.351,0.364,-0.268,-0.156,0.208,-0.133,0.255,0.486,0.224,1.0,0.285
5,y3,-0.135,0.431,0.189,-0.252,-0.24,0.515,0.279,-0.307,-0.038,0.103,-0.654,0.223,0.454,-0.062,0.285,1.0
6,.,1.0,0.015,-0.248,-0.326,0.486,-0.233,-0.217,-0.478,-0.041,-0.167,0.053,0.148,-0.094,-0.271,-0.191,-0.136
6,A1_1,0.015,1.0,0.182,0.283,0.189,0.604,0.183,-0.34,0.214,0.092,-0.249,-0.037,0.34,0.333,0.03,0.431
6,A1_2,-0.248,0.182,1.0,0.542,-0.235,0.134,-0.429,0.065,0.205,0.665,0.088,0.403,-0.116,-0.132,-0.074,0.188
6,A1_3,-0.326,0.283,0.542,1.0,-0.128,0.066,-0.153,0.231,0.074,0.306,0.395,0.128,-0.055,0.173,-0.287,-0.252
6,B1_1,0.486,0.189,-0.235,-0.128,1.0,0.239,-0.133,0.007,-0.079,-0.552,-0.075,0.13,0.021,-0.169,-0.075,-0.242
6,B1_2,-0.233,0.604,0.134,0.066,0.239,1.0,0.432,-0.274,0.121,-0.149,-0.225,0.009,0.821,0.002,0.352,0.514
6,B1_3,-0.217,0.183,-0.429,-0.153,-0.133,0.432,1.0,-0.125,-0.092,-0.321,-0.043,-0.288,0.532,0.241,0.366,0.279
6,A2_1,-0.478,-0.34,0.065,0.231,0.007,-0.274,-0.125,1.0,-0.294,-0.121,0.348,-0.266,-0.419,-0.133,-0.268,-0.306
6,A2_2,-0.041,0.214,0.205,0.074,-0.079,0.121,-0.092,-0.294,1.0,-0.141,-0.174,-0.423,0.151,-0.337,-0.156,-0.038
6,A2_3,-0.167,0.092,0.665,0.306,-0.552,-0.149,-0.321,-0.121,-0.141,1.0,0.25,0.389,-0.215,0.366,0.208,0.103
6,B2_1,0.053,-0.249,0.088,0.395,-0.075,-0.225,-0.043,0.348,-0.174,0.25,1.0,-0.302,-0.09,-0.049,-0.131,-0.654
6,B2_2,0.148,-0.037,0.403,0.128,0.13,0.009,-0.288,-0.266,-0.423,0.389,-0.302,1.0,-0.131,0.203,0.255,0.221
6,B2_3,-0.094,0.34,-0.116,-0.055,0.021,0.821,0.532,-0.419,0.151,-0.215,-0.09,-0.131,1.0,-0.182,0.487,0.454
6,y1,-0.271,0.333,-0.132,0.173,-0.169,0.002,0.241,-0.133,-0.337,0.366,-0.049,0.203,-0.182,1.0,0.224,-0.061
6,y2,-0.191,0.03,-0.074,-0.287,-0.075,0.352,0.366,-0.268,-0.156,0.208,-0.131,0.255,0.487,0.224,1.0,0.286
6,y3,-0.136,0.431,0.188,-0.252,-0.242,0.514,0.279,-0.306,-0.038,0.103,-0.654,0.221,0.454,-0.061,0.286,1.0
7,.,1.0,0.013,-0.245,-0.325,0.486,-0.234,-0.221,-0.477,-0.04,-0.166,0.054,0.15,-0.096,-0.275,-0.198,-0.138
7,A1_1,0.013,1.0,0.183,0.284,0.19,0.603,0.182,-0.338,0.215,0.092,-0.249,-0.036,0.34,0.331,0.029,0.43
7,A1_2,-0.245,0.183,1.0,0.543,-0.235,0.134,-0.43,0.067,0.205,0.665,0.086,0.402,-0.117,-0.133,-0.074,0.187
7,A1_3,-0.325,0.284,0.543,1.0,-0.128,0.066,-0.154,0.233,0.074,0.306,0.392,0.128,-0.056,0.173,-0.287,-0.251
7,B1_1,0.486,0.19,-0.235,-0.128,1.0,0.24,-0.131,0.007,-0.079,-0.551,-0.072,0.132,0.022,-0.17,-0.075,-0.244
7,B1_2,-0.234,0.603,0.134,0.066,0.24,1.0,0.432,-0.274,0.12,-0.148,-0.222,0.01,0.821,0.002,0.353,0.513
7,B1_3,-0.221,0.182,-0.43,-0.154,-0.131,0.432,1.0,-0.126,-0.093,-0.321,-0.04,-0.287,0.533,0.243,0.368,0.28
7,A2_1,-0.477,-0.338,0.067,0.233,0.007,-0.274,-0.126,1.0,-0.293,-0.121,0.346,-0.266,-0.419,-0.133,-0.268,-0.305
7,A2_2,-0.04,0.215,0.205,0.074,-0.079,0.12,-0.093,-0.293,1.0,-0.141,-0.175,-0.423,0.149,-0.336,-0.155,-0.038
7,A2_3,-0.166,0.092,0.665,0.306,-0.551,-0.148,-0.321,-0.121,-0.141,1.0,0.249,0.389,-0.214,0.365,0.208,0.103
7,B2_1,0.054,-0.249,0.086,0.392,-0.072,-0.222,-0.04,0.346,-0.175,0.249,1.0,-0.301,-0.087,-0.049,-0.13,-0.654
7,B2_2,0.15,-0.036,0.402,0.128,0.132,0.01,-0.287,-0.266,-0.423,0.389,-0.301,1.0,-0.13,0.203,0.256,0.22
7,B2_3,-0.096,0.34,-0.117,-0.056,0.022,0.821,0.533,-0.419,0.149,-0.214,-0.087,-0.13,1.0,-0.181,0.488,0.453
7,y1,-0.275,0.331,-0.133,0.173,-0.17,0.002,0.243,-0.133,-0.336,0.365,-0.049,0.203,-0.181,1.0,0.225,-0.06
7,y2,-0.198,0.029,-0.074,-0.287,-0.075,0.353,0.368,-0.268,-0.155,0.208,-0.13,0.256,0.488,0.225,1.0,0.287
7,y3,-0.138,0.43,0.187,-0.251,-0.244,0.513,0.28,-0.305,-0.038,0.103,-0.654,0.22,0.453,-0.06,0.287,1.0
8,.,1.0,0.011,-0.242,-0.324,0.485,-0.236,-0.225,-0.476,-0.039,-0.165,0.054,0.153,-0.099,-0.28,-0.205,-0.14
8,A1_1,0.011,1.0,0.183,0.285,0.19,0.603,0.181,-0.337,0.215,0.092,-0.248,-0.036,0.339,0.33,0.028,0.429
8,A1_2,-0.242,0.183,1.0,0.544,-0.236,0.133,-0.431,0.068,0.206,0.666,0.084,0.401,-0.118,-0.133,-0.074,0.187
8,A1_3,-0.324,0.285,0.544,1.0,-0.128,0.065,-0.155,0.234,0.075,0.306,0.39,0.127,-0.057,0.172,-0.287,-0.25
8,B1_1,0.485,0.19,-0.236,-0.128,1.0,0.24,-0.129,0.006,-0.08,-0.55,-0.069,0.133,0.024,-0.172,-0.074,-0.246
8,B1_2,-0.236,0.603,0.133,0.065,0.24,1.0,0.433,-0.274,0.119,-0.148,-0.22,0.011,0.821,0.002,0.354,0.512
8,B1_3,-0.225,0.181,-0.431,-0.155,-0.129,0.433,1.0,-0.127,-0.095,-0.321,-0.037,-0.286,0.534,0.245,0.37,0.28
8,A2_1,-0.476,-0.337,0.068,0.234,0.006,-0.274,-0.127,1.0,-0.291,-0.12,0.344,-0.267,-0.419,-0.133,-0.268,-0.304
8,A2_2,-0.039,0.215,0.206,0.075,-0.08,0.119,-0.095,-0.291,1.0,-0.141,-0.176,-0.423,0.148,-0.336,-0.155,-0.037
8,A2_3,-0.165,0.092,0.666,0.306,-0.55,-0.148,-0.321,-0.12,-0.141,1.0,0.247,0.389,-0.214,0.365,0.209,0.103
8,B2_1,0.054,-0.248,0.084,0.39,-0.069,-0.22,-0.037,0.344,-0.176,0.247,1.0,-0.3,-0.084,-0.05,-0.128,-0.654
8,B2_2,0.153,-0.036,0.401,0.127,0.133,0.011,-0.286,-0.267,-0.423,0.389,-0.3,1.0,-0.128,0.202,0.256,0.219
8,B2_3,-0.099,0.339,-0.118,-0.057,0.024,0.821,0.534,-0.419,0.148,-0.214,-0.084,-0.128,1.0,-0.18,0.489,0.452
8,y1,-0.28,0.33,-0.133,0.172,-0.172,0.002,0.245,-0.133,-0.336,0.365,-0.05,0.202,-0.18,1.0,0.225,-0.059
8,y2,-0.205,0.028,-0.074,-0.287,-0.074,0.354,0.37,-0.268,-0.155,0.209,-0.128,0.256,0.489,0.225,1.0,0.288
8,y3,-0.14,0.429,0.187,-0.25,-0.246,0.512,0.28,-0.304,-0.037,0.103,-0.654,0.219,0.452,-0.059,0.288,1.0
9,.,1.0,0.008,-0.238,-0.324,0.483,-0.238,-0.23,-0.475,-0.038,-0.165,0.054,0.155,-0.102,-0.285,-0.212,-0.142
9,A1_1,0.008,1.0,0.184,0.286,0.19,0.602,0.18,-0.335,0.216,0.093,-0.248,-0.036,0.338,0.329,0.028,0.427
9,A1_2,-0.238,0.184,1.0,0.544,-0.236,0.132,-0.432,0.07,0.206,0.666,0.082,0.4,-0.119,-0.133,-0.074,0.186
9,A1_3,-0.324,0.286,0.544,1.0,-0.128,0.065,-0.156,0.236,0.076,0.307,0.388,0.126,-0.057,0.172,-0.288,-0.249
9,B1_1,0.483,0.19,-0.236,-0.128,1.0,0.242,-0.126,0.006,-0.08,-0.549,-0.066,0.134,0.026,-0.174,-0.074,-0.248
9,B1_2,-0.238,0.602,0.132,0.065,0.242,1.0,0.434,-0.274,0.118,-0.147,-0.217,0.012,0.822,0.002,0.355,0.51
9,B1_3,-0.23,0.18,-0.432,-0.156,-0.126,0.434,1.0,-0.128,-0.096,-0.322,-0.034,-0.285,0.534,0.246,0.372,0.281
9,A2_1,-0.475,-0.335,0.07,0.236,0.006,-0.274,-0.128,1.0,-0.289,-0.119,0.342,-0.267,-0.419,-0.133,-0.268,-0.303
9,A2_2,-0.038,0.216,0.206,0.076,-0.08,0.118,-0.096,-0.289,1.0,-0.141,-0.177,-0.424,0.146,-0.336,-0.155,-0.037
9,A2_3,-0.165,0.093,0.666,0.307,-0.549,-0.147,-0.322,-0.119,-0.141,1.0,0.246,0.389,-0.215,0.365,0.209,0.103
9,B2_1,0.054,-0.248,0.082,0.388,-0.066,-0.217,-0.034,0.342,-0.177,0.246,1.0,-0.298,-0.081,-0.05,-0.127,-0.654
9,B2_2,0.155,-0.036,0.4,0.126,0.134,0.012,-0.285,-0.267,-0.424,0.389,-0.298,1.0,-0.127,0.201,0.257,0.217
9,B2_3,-0.102,0.338,-0.119,-0.057,0.026,0.822,0.534,-0.419,0.146,-0.215,-0.081,-0.127,1.0,-0.179,0.49,0.451
9,y1,-0.285,0.329,-0.133,0.172,-0.174,0.002,0.246,-0.133,-0.336,0.365,-0.05,0.201,-0.179,1.0,0.226,-0.057
9,y2,-0.212,0.028,-0.074,-0.288,-0.074,0.355,0.372,-0.268,-0.155,0.209,-0.127,0.257,0.49,0.226,1.0,0.289
9,y3,-0.142,0.427,0.186,-0.249,-0.248,0.51,0.281,-0.303,-0.037,0.103,-0.654,0.217,0.451,-0.057,0.289,1.0
10,.,1.0,0.005,-0.235,-0.323,0.481,-0.241,-0.235,-0.474,-0.036,-0.163,0.054,0.156,-0.106,-0.29,-0.22,-0.144
10,A1_1,0.005,1.0,0.184,0.287,0.19,0.601,0.179,-0.333,0.216,0.093,-0.248,-0.036,0.337,0.328,0.027,0.426
10,A1_2,-0.235,0.184,1.0,0.545,-0.236,0.131,-0.433,0.073,0.207,0.666,0.08,0.398,-0.12,-0.134,-0.074,0.185
10,A1_3,-0.323,0.287,0.545,1.0,-0.129,0.064,-0.158,0.238,0.077,0.308,0.385,0.125,-0.058,0.171,-0.288,-0.249
10,B1_1,0.481,0.19,-0.236,-0.129,1.0,0.243,-0.123,0.006,-0.081,-0.548,-0.063,0.136,0.028,-0.175,-0.074,-0.251
10,B1_2,-0.241,0.601,0.131,0.064,0.243,1.0,0.435,-0.274,0.116,-0.147,-0.214,0.013,0.822,0.001,0.356,0.509
10,B1_3,-0.235,0.179,-0.433,-0.158,-0.123,0.435,1.0,-0.13,-0.098,-0.322,-0.031,-0.283,0.535,0.248,0.374,0.281
10,A2_1,-0.474,-0.333,0.073,0.238,0.006,-0.274,-0.13,1.0,-0.287,-0.118,0.34,-0.268,-0.419,-0.133,-0.269,-0.302
10,A2_2,-0.036,0.216,0.207,0.077,-0.081,0.116,-0.098,-0.287,1.0,-0.141,-0.179,-0.424,0.144,-0.335,-0.155,-0.037
10,A2_3,-0.163,0.093,0.666,0.308,-0.548,-0.147,-0.322,-0.118,-0.141,1.0,0.245,0.388,-0.215,0.364,0.209,0.103
10,B2_1,0.054,-0.248,0.08,0.385,-0.063,-0.214,-0.031,0.34,-0.179,0.245,1.0,-0.297,-0.077,-0.051,-0.125,-0.653
10,B2_2,0.156,-0.036,0.398,0.125,0.136,0.013,-0.283,-0.268,-0.424,0.388,-0.297,1.0,-0.126,0.201,0.258,0.216
10,B2_3,-0.106,0.337,-0.12,-0.058,0.028,0.822,0.535,-0.419,0.144,-0.215,-0.077,-0.126,1.0,-0.178,0.49,0.449
10,y1,-0.29,0.328,-0.134,0.171,-0.175,0.001,0.248,-0.133,-0.335,0.364,-0.051,0.201,-0.178,1.0,0.226,-0.055
10,y2,-0.22,0.027,-0.074,-0.288,-0.074,0.356,0.374,-0.269,-0.155,0.209,-0.125,0.258,0.49,0.226,1.0,0.29
10,y3,-0.144,0.426,0.185,-0.249,-0.251,0.509,0.281,-0.302,-0.037,0.103,-0.653,0.216,0.449,-0.055,0.29,1.0
11,.,1.0,0.002,-0.231,-0.323,0.478,-0.244,-0.241,-0.472,-0.035,-0.162,0.054,0.158,-0.11,-0.295,-0.228,-0.145
11,A1_1,0.002,1.0,0.185,0.288,0.191,0.599,0.178,-0.331,0.217,0.094,-0.247,-0.035,0.336,0.326,0.025,0.424
11,A1_2,-0.231,0.185,1.0,0.547,-0.236,0.129,-0.434,0.075,0.208,0.667,0.078,0.397,-0.121,-0.134,-0.075,0.184
11,A1_3,-0.323,0.288,0.547,1.0,-0.129,0.063,-0.159,0.24,0.079,0.308,0.383,0.124,-0.06,0.171,-0.289,-0.248
11,B1_1,0.478,0.191,-0.236,-0.129,1.0,0.245,-0.119,0.005,-0.082,-0.547,-0.06,0.137,0.03,-0.177,-0.074,-0.253
11,B1_2,-0.244,0.599,0.129,0.063,0.245,1.0,0.436,-0.274,0.115,-0.147,-0.211,0.015,0.823,0.001,0.357,0.507
11,B1_3,-0.241,0.178,-0.434,-0.159,-0.119,0.436,1.0,-0.131,-0.1,-0.323,-0.027,-0.282,0.537,0.249,0.376,0.281
11,A2_1,-0.472,-0.331,0.075,0.24,0.005,-0.274,-0.131,1.0,-0.285,-0.117,0.338,-0.268,-0.419,-0.133,-0.269,-0.3
11,A2_2,-0.035,0.217,0.208,0.079,-0.082,0.115,-0.1,-0.285,1.0,-0.14,-0.18,-0.425,0.142,-0.335,-0.155,-0.037
11,A2_3,-0.162,0.094,0.667,0.308,-0.547,-0.147,-0.323,-0.117,-0.14,1.0,0.243,0.388,-0.215,0.364,0.209,0.103
11,B2_1,0.054,-0.247,0.078,0.383,-0.06,-0.211,-0.027,0.338,-0.18,0.243,1.0,-0.296,-0.074,-0.051,-0.124,-0.653
11,B2_2,0.158,-0.035,0.397,0.124,0.137,0.015,-0.282,-0.268,-0.425,0.388,-0.296,1.0,-0.124,0.2,0.259,0.215
11,B2_3,-0.11,0.336,-0.121,-0.06,0.03,0.823,0.537,-0.419,0.142,-0.215,-0.074,-0.124,1.0,-0.178,0.491,0.448
11,y1,-0.295,0.326,-0.134,0.171,-0.177,0.001,0.249,-0.133,-0.335,0.364,-0.051,0.2,-0.178,1.0,0.226,-0.054
11,y2,-0.228,0.025,-0.075,-0.289,-0.074,0.357,0.376,-0.269,-0.155,0.209,-0.124,0.259,0.491,0.226,1.0,0.291
11,y3,-0.145,0.424,0.184,-0.248,-0.253,0.507,0.281,-0.3,-0.037,0.103,-0.653,0.215,0.448,-0.054,0.291,1.0
12,.,1.0,-0.002,-0.228,-0.322,0.475,-0.248,-0.247,-0.47,-0.034,-0.161,0.053,0.159,-0.115,-0.301,-0.236,-0.147
12,A1_1,-0.002,1.0,0.186,0.289,0.191,0.598,0.177,-0.328,0.217,0.094,-0.247,-0.035,0.334,0.325,0.024,0.423
12,A1_2,-0.228,0.186,1.0,0.548,-0.237,0.128,-0.435,0.078,0.209,0.667,0.075,0.395,-0.122,-0.134,-0.075,0.183
12,A1_3,-0.322,0.289,0.548,1.0,-0.13,0.062,-0.161,0.242,0.081,0.309,0.381,0.123,-0.061,0.17,-0.29,-0.248
12,B1_1,0.475,0.191,-0.237,-0.13,1.0,0.246,-0.116,0.005,-0.082,-0.546,-0.057,0.139,0.033,-0.179,-0.073,-0.255
12,B1_2,-0.248,0.598,0.128,0.062,0.246,1.0,0.438,-0.273,0.113,-0.147,-0.207,0.016,0.824,0.001,0.358,0.505
12,B1_3,-0.247,0.177,-0.435,-0.161,-0.116,0.438,1.0,-0.132,-0.102,-0.324,-0.022,-0.279,0.538,0.25,0.378,0.281
12,A2_1,-0.47,-0.328,0.078,0.242,0.005,-0.273,-0.132,1.0,-0.283,-0.116,0.336,-0.269,-0.42,-0.133,-0.27,-0.299
12,A2_2,-0.034,0.217,0.209,0.081,-0.082,0.113,-0.102,-0.283,1.0,-0.14,-0.181,-0.425,0.14,-0.334,-0.156,-0.037
12,A2_3,-0.161,0.094,0.667,0.309,-0.546,-0.147,-0.324,-0.116,-0.14,1.0,0.242,0.388,-0.216,0.364,0.209,0.103
12,B2_1,0.053,-0.247,0.075,0.381,-0.057,-0.207,-0.022,0.336,-0.181,0.242,1.0,-0.295,-0.07,-0.051,-0.122,-0.653
12,B2_2,0.159,-0.035,0.395,0.123,0.139,0.016,-0.279,-0.269,-0.425,0.388,-0.295,1.0,-0.122,0.2,0.26,0.214
12,B2_3,-0.115,0.334,-0.122,-0.061,0.033,0.824,0.538,-0.42,0.14,-0.216,-0.07,-0.122,1.0,-0.177,0.492,0.447
12,y1,-0.301,0.325,-0.134,0.17,-0.179,0.001,0.25,-0.133,-0.334,0.364,-0.051,0.2,-0.177,1.0,0.227,-0.052
12,y2,-0.236,0.024,-0.075,-0.29,-0.073,0.358,0.378,-0.27,-0.156,0.209,-0.122,0.26,0.492,0.227,1.0,0.292
12,y3,-0.147,0.423,0.183,-0.248,-0.255,0.505,0.281,-0.299,-0.037,0.103,-0.653,0.214,0.447,-0.052,0.292,1.0
13,.,1.0,-0.007,-0.224,-0.322,0.47,-0.253,-0.254,-0.467,-0.032,-0.16,0.051,0.16,-0.121,-0.306,-0.245,-0.149
13,A1_1,-0.007,1.0,0.187,0.29,0.191,0.596,0.175,-0.326,0.218,0.094,-0.246,-0.035,0.333,0.323,0.023,0.421
13,A1_2,-0.224,0.187,1.0,0.549,-0.238,0.126,-0.435,0.08,0.21,0.668,0.073,0.394,-0.124,-0.135,-0.076,0.182
13,A1_3,-0.322,0.29,0.549,1.0,-0.13,0.061,-0.162,0.244,0.082,0.31,0.378,0.122,-0.062,0.168,-0.292,-0.248
13,B1_1,0.47,0.191,-0.238,-0.13,1.0,0.248,-0.112,0.005,-0.083,-0.545,-0.054,0.14,0.036,-0.18,-0.073,-0.257
13,B1_2,-0.253,0.596,0.126,0.061,0.248,1.0,0.44,-0.273,0.111,-0.147,-0.203,0.018,0.825,0.001,0.359,0.503
13,B1_3,-0.254,0.175,-0.435,-0.162,-0.112,0.44,1.0,-0.134,-0.104,-0.325,-0.018,-0.277,0.54,0.251,0.38,0.281
13,A2_1,-0.467,-0.326,0.08,0.244,0.005,-0.273,-0.134,1.0,-0.28,-0.114,0.334,-0.269,-0.42,-0.134,-0.271,-0.298
13,A2_2,-0.032,0.218,0.21,0.082,-0.083,0.111,-0.104,-0.28,1.0,-0.139,-0.182,-0.426,0.138,-0.334,-0.156,-0.038
13,A2_3,-0.16,0.094,0.668,0.31,-0.545,-0.147,-0.325,-0.114,-0.139,1.0,0.24,0.387,-0.216,0.363,0.208,0.102
13,B2_1,0.051,-0.246,0.073,0.378,-0.054,-0.203,-0.018,0.334,-0.182,0.24,1.0,-0.294,-0.065,-0.052,-0.119,-0.652
13,B2_2,0.16,-0.035,0.394,0.122,0.14,0.018,-0.277,-0.269,-0.426,0.387,-0.294,1.0,-0.12,0.199,0.262,0.213
13,B2_3,-0.121,0.333,-0.124,-0.062,0.036,0.825,0.54,-0.42,0.138,-0.216,-0.065,-0.12,1.0,-0.176,0.492,0.445
13,y1,-0.306,0.323,-0.135,0.168,-0.18,0.001,0.251,-0.134,-0.334,0.363,-0.052,0.199,-0.176,1.0,0.227,-0.05
13,y2,-0.245,0.023,-0.076,-0.292,-0.073,0.359,0.38,-0.271,-0.156,0.208,-0.119,0.262,0.492,0.227,1.0,0.294
13,y3,-0.149,0.421,0.182,-0.248,-0.257,0.503,0.281,-0.298,-0.038,0.102,-0.652,0.213,0.445,-0.05,0.294,1.0
14,.,1.0,-0.011,-0.22,-0.321,0.465,-0.258,-0.261,-0.464,-0.031,-0.158,0.049,0.16,-0.127,-0.312,-0.253,-0.151
14,A1_1,-0.011,1.0,0.188,0.291,0.191,0.594,0.174,-0.323,0.219,0.095,-0.246,-0.035,0.331,0.321,0.021,0.419
14,A1_2,-0.22,0.188,1.0,0.551,-0.238,0.124,-0.436,0.083,0.211,0.668,0.071,0.392,-0.125,-0.135,-0.077,0.181
14,A1_3,-0.321,0.291,0.551,1.0,-0.13,0.059,-0.164,0.247,0.084,0.311,0.376,0.121,-0.064,0.167,-0.293,-0.248
14,B1_1,0.465,0.191,-0.238,-0.13,1.0,0.251,-0.107,0.004,-0.084,-0.544,-0.051,0.141,0.039,-0.182,-0.072,-0.259
14,B1_2,-0.258,0.594,0.124,0.059,0.251,1.0,0.442,-0.274,0.109,-0.147,-0.198,0.021,0.825,0.001,0.36,0.501
14,B1_3,-0.261,0.174,-0.436,-0.164,-0.107,0.442,1.0,-0.136,-0.106,-0.326,-0.012,-0.274,0.542,0.252,0.381,0.281
14,A2_1,-0.464,-0.323,0.083,0.247,0.004,-0.274,-0.136,1.0,-0.277,-0.113,0.332,-0.269,-0.42,-0.134,-0.273,-0.298
14,A2_2,-0.031,0.219,0.211,0.084,-0.084,0.109,-0.106,-0.277,1.0,-0.138,-0.184,-0.426,0.135,-0.334,-0.157,-0.038
14,A2_3,-0.158,0.095,0.668,0.311,-0.544,-0.147,-0.326,-0.113,-0.138,1.0,0.238,0.386,-0.217,0.363,0.208,0.102
14,B2_1,0.049,-0.246,0.071,0.376,-0.051,-0.198,-0.012,0.332,-0.184,0.238,1.0,-0.293,-0.06,-0.052,-0.117,-0.651
14,B2_2,0.16,-0.035,0.392,0.121,0.141,0.021,-0.274,-0.269,-0.426,0.386,-0.293,1.0,-0.117,0.199,0.263,0.212
14,B2_3,-0.127,0.331,-0.125,-0.064,0.039,0.825,0.542,-0.42,0.135,-0.217,-0.06,-0.117,1.0,-0.175,0.493,0.443
14,y1,-0.312,0.321,-0.135,0.167,-0.182,0.001,0.252,-0.134,-0.334,0.363,-0.052,0.199,-0.175,1.0,0.227,-0.048
14,y2,-0.253,0.021,-0.077,-0.293,-0.072,0.36,0.381,-0.273,-0.157,0.208,-0.117,0.263,0.493,0.227,1.0,0.295
14,y3,-0.151,0.419,0.181,-0.248,-0.259,0.501,0.281,-0.298,-0.038,0.102,-0.651,0.212,0.443,-0.048,0.295,1.0
15,.,1.0,-0.016,-0.216,-0.321,0.46,-0.264,-0.268,-0.46,-0.03,-0.156,0.047,0.16,-0.134,-0.317,-0.261,-0.153
15,A1_1,-0.016,1.0,0.189,0.292,0.192,0.592,0.172,-0.321,0.219,0.096,-0.245,-0.034,0.329,0.319,0.019,0.416
15,A1_2,-0.216,0.189,1.0,0.552,-0.239,0.122,-0.437,0.087,0.213,0.669,0.068,0.39,-0.127,-0.136,-0.078,0.18
15,A1_3,-0.321,0.292,0.552,1.0,-0.131,0.058,-0.165,0.25,0.086,0.313,0.374,0.12,-0.065,0.166,-0.295,-0.248
15,B1_1,0.46,0.192,-0.239,-0.131,1.0,0.253,-0.102,0.004,-0.085,-0.544,-0.048,0.143,0.043,-0.184,-0.071,-0.261
15,B1_2,-0.264,0.592,0.122,0.058,0.253,1.0,0.445,-0.273,0.107,-0.147,-0.193,0.023,0.826,0.0,0.361,0.498
15,B1_3,-0.268,0.172,-0.437,-0.165,-0.102,0.445,1.0,-0.137,-0.109,-0.327,-0.007,-0.271,0.544,0.253,0.383,0.281
15,A2_1,-0.46,-0.321,0.087,0.25,0.004,-0.273,-0.137,1.0,-0.274,-0.111,0.33,-0.27,-0.42,-0.135,-0.274,-0.297
15,A2_2,-0.03,0.219,0.213,0.086,-0.085,0.107,-0.109,-0.274,1.0,-0.137,-0.185,-0.427,0.132,-0.333,-0.158,-0.038
15,A2_3,-0.156,0.096,0.669,0.313,-0.544,-0.147,-0.327,-0.111,-0.137,1.0,0.236,0.385,-0.218,0.363,0.207,0.102
15,B2_1,0.047,-0.245,0.068,0.374,-0.048,-0.193,-0.007,0.33,-0.185,0.236,1.0,-0.292,-0.055,-0.052,-0.114,-0.651
15,B2_2,0.16,-0.034,0.39,0.12,0.143,0.023,-0.271,-0.27,-0.427,0.385,-0.292,1.0,-0.115,0.199,0.265,0.211
15,B2_3,-0.134,0.329,-0.127,-0.065,0.043,0.826,0.544,-0.42,0.132,-0.218,-0.055,-0.115,1.0,-0.173,0.493,0.441
15,y1,-0.317,0.319,-0.136,0.166,-0.184,0.0,0.253,-0.135,-0.333,0.363,-0.052,0.199,-0.173,1.0,0.228,-0.046
15,y2,-0.261,0.019,-0.078,-0.295,-0.071,0.361,0.383,-0.274,-0.158,0.207,-0.114,0.265,0.493,0.228,1.0,0.297
15,y3,-0.153,0.416,0.18,-0.248,-0.261,0.498,0.281,-0.297,-0.038,0.102,-0.651,0.211,0.441,-0.046,0.297,1.0
16,.,1.0,-0.021,-0.212,-0.32,0.453,-0.271,-0.277,-0.457,-0.028,-0.153,0.044,0.159,-0.141,-0.323,-0.27,-0.154
16,A1_1,-0.021,1.0,0.19,0.294,0.192,0.589,0.17,-0.318,0.22,0.096,-0.244,-0.034,0.327,0.317,0.017,0.414
16,A1_2,-0.212,0.19,1.0,0.554,-0.24,0.12,-0.438,0.09,0.214,0.67,0.066,0.388,-0.129,-0.136,-0.079,0.178
16,A1_3,-0.32,0.294,0.554,1.0,-0.131,0.056,-0.167,0.253,0.089,0.314,0.372,0.118,-0.067,0.164,-0.298,-0.249
16,B1_1,0.453,0.192,-0.24,-0.131,1.0,0.256,-0.096,0.003,-0.086,-0.543,-0.046,0.144,0.047,-0.185,-0.069,-0.263
16,B1_2,-0.271,0.589,0.12,0.056,0.256,1.0,0.448,-0.273,0.104,-0.148,-0.187,0.026,0.828,-0.0,0.362,0.495
16,B1_3,-0.277,0.17,-0.438,-0.167,-0.096,0.448,1.0,-0.139,-0.111,-0.328,-0.0,-0.268,0.547,0.254,0.385,0.28
16,A2_1,-0.457,-0.318,0.09,0.253,0.003,-0.273,-0.139,1.0,-0.271,-0.109,0.329,-0.27,-0.42,-0.135,-0.277,-0.296
16,A2_2,-0.028,0.22,0.214,0.089,-0.086,0.104,-0.111,-0.271,1.0,-0.136,-0.186,-0.428,0.129,-0.333,-0.158,-0.039
16,A2_3,-0.153,0.096,0.67,0.314,-0.543,-0.148,-0.328,-0.109,-0.136,1.0,0.234,0.384,-0.219,0.363,0.207,0.101
16,B2_1,0.044,-0.244,0.066,0.372,-0.046,-0.187,-0.0,0.329,-0.186,0.234,1.0,-0.291,-0.049,-0.052,-0.111,-0.65
16,B2_2,0.159,-0.034,0.388,0.118,0.144,0.026,-0.268,-0.27,-0.428,0.384,-0.291,1.0,-0.112,0.199,0.268,0.21
16,B2_3,-0.141,0.327,-0.129,-0.067,0.047,0.828,0.547,-0.42,0.129,-0.219,-0.049,-0.112,1.0,-0.172,0.494,0.439
16,y1,-0.323,0.317,-0.136,0.164,-0.185,-0.0,0.254,-0.135,-0.333,0.363,-0.052,0.199,-0.172,1.0,0.228,-0.044
16,y2,-0.27,0.017,-0.079,-0.298,-0.069,0.362,0.385,-0.277,-0.158,0.207,-0.111,0.268,0.494,0.228,1.0,0.298
16,y3,-0.154,0.414,0.178,-0.249,-0.263,0.495,0.28,-0.296,-0.039,0.101,-0.65,0.21,0.439,-0.044,0.298,1.0
17,.,1.0,-0.027,-0.207,-0.32,0.445,-0.279,-0.285,-0.452,-0.027,-0.151,0.041,0.158,-0.15,-0.328,-0.278,-0.155
17,A1_1,-0.027,1.0,0.192,0.295,0.193,0.586,0.168,-0.315,0.221,0.097,-0.243,-0.033,0.325,0.315,0.014,0.411
17,A1_2,-0.207,0.192,1.0,0.556,-0.241,0.117,-0.439,0.094,0.216,0.671,0.063,0.386,-0.131,-0.137,-0.081,0.176
17,A1_3,-0.32,0.295,0.556,1.0,-0.132,0.054,-0.169,0.256,0.091,0.316,0.369,0.117,-0.069,0.162,-0.3,-0.249
17,B1_1,0.445,0.193,-0.241,-0.132,1.0,0.26,-0.09,0.003,-0.087,-0.543,-0.043,0.145,0.052,-0.187,-0.068,-0.265
17,B1_2,-0.279,0.586,0.117,0.054,0.26,1.0,0.451,-0.274,0.102,-0.149,-0.181,0.029,0.829,-0.001,0.363,0.492
17,B1_3,-0.285,0.168,-0.439,-0.169,-0.09,0.451,1.0,-0.141,-0.114,-0.33,0.006,-0.264,0.549,0.255,0.386,0.28
17,A2_1,-0.452,-0.315,0.094,0.256,0.003,-0.274,-0.141,1.0,-0.267,-0.107,0.327,-0.27,-0.421,-0.136,-0.279,-0.296
17,A2_2,-0.027,0.221,0.216,0.091,-0.087,0.102,-0.114,-0.267,1.0,-0.135,-0.188,-0.428,0.126,-0.333,-0.16,-0.039
17,A2_3,-0.151,0.097,0.671,0.316,-0.543,-0.149,-0.33,-0.107,-0.135,1.0,0.232,0.383,-0.22,0.362,0.206,0.101
17,B2_1,0.041,-0.243,0.063,0.369,-0.043,-0.181,0.006,0.327,-0.188,0.232,1.0,-0.29,-0.042,-0.052,-0.108,-0.649
17,B2_2,0.158,-0.033,0.386,0.117,0.145,0.029,-0.264,-0.27,-0.428,0.383,-0.29,1.0,-0.108,0.2,0.27,0.21
17,B2_3,-0.15,0.325,-0.131,-0.069,0.052,0.829,0.549,-0.421,0.126,-0.22,-0.042,-0.108,1.0,-0.171,0.494,0.437
17,y1,-0.328,0.315,-0.137,0.162,-0.187,-0.001,0.255,-0.136,-0.333,0.362,-0.052,0.2,-0.171,1.0,0.229,-0.042
17,y2,-0.278,0.014,-0.081,-0.3,-0.068,0.363,0.386,-0.279,-0.16,0.206,-0.108,0.27,0.494,0.229,1.0,0.3
17,y3,-0.155,0.411,0.176,-0.249,-0.265,0.492,0.28,-0.296,-0.039,0.101,-0.649,0.21,0.437,-0.042,0.3,1.0
18,.,1.0,-0.032,-0.202,-0.319,0.436,-0.287,-0.294,-0.448,-0.025,-0.147,0.036,0.156,-0.159,-0.334,-0.286,-0.156
18,A1_1,-0.032,1.0,0.193,0.297,0.193,0.583,0.165,-0.312,0.222,0.098,-0.242,-0.033,0.322,0.313,0.011,0.408
18,A1_2,-0.202,0.193,1.0,0.558,-0.242,0.114,-0.44,0.098,0.218,0.671,0.06,0.384,-0.133,-0.137,-0.082,0.175
18,A1_3,-0.319,0.297,0.558,1.0,-0.132,0.052,-0.171,0.26,0.094,0.318,0.367,0.116,-0.071,0.16,-0.303,-0.25
18,B1_1,0.436,0.193,-0.242,-0.132,1.0,0.263,-0.084,0.002,-0.089,-0.543,-0.04,0.147,0.057,-0.188,-0.066,-0.267
18,B1_2,-0.287,0.583,0.114,0.052,0.263,1.0,0.455,-0.274,0.098,-0.149,-0.174,0.033,0.83,-0.001,0.364,0.489
18,B1_3,-0.294,0.165,-0.44,-0.171,-0.084,0.455,1.0,-0.143,-0.117,-0.331,0.014,-0.259,0.552,0.255,0.388,0.279
18,A2_1,-0.448,-0.312,0.098,0.26,0.002,-0.274,-0.143,1.0,-0.264,-0.105,0.325,-0.271,-0.421,-0.137,-0.282,-0.295
18,A2_2,-0.025,0.222,0.218,0.094,-0.089,0.098,-0.117,-0.264,1.0,-0.134,-0.19,-0.429,0.122,-0.333,-0.161,-0.04
18,A2_3,-0.147,0.098,0.671,0.318,-0.543,-0.149,-0.331,-0.105,-0.134,1.0,0.229,0.382,-0.222,0.362,0.205,0.101
18,B2_1,0.036,-0.242,0.06,0.367,-0.04,-0.174,0.014,0.325,-0.19,0.229,1.0,-0.289,-0.035,-0.052,-0.104,-0.648
18,B2_2,0.156,-0.033,0.384,0.116,0.147,0.033,-0.259,-0.271,-0.429,0.382,-0.289,1.0,-0.105,0.2,0.273,0.209
18,B2_3,-0.159,0.322,-0.133,-0.071,0.057,0.83,0.552,-0.421,0.122,-0.222,-0.035,-0.105,1.0,-0.17,0.495,0.434
18,y1,-0.334,0.313,-0.137,0.16,-0.188,-0.001,0.255,-0.137,-0.333,0.362,-0.052,0.2,-0.17,1.0,0.229,-0.04
18,y2,-0.286,0.011,-0.082,-0.303,-0.066,0.364,0.388,-0.282,-0.161,0.205,-0.104,0.273,0.495,0.229,1.0,0.301
18,y3,-0.156,0.408,0.175,-0.25,-0.267,0.489,0.279,-0.295,-0.04,0.101,-0.648,0.209,0.434,-0.04,0.301,1.0
19,.,1.0,-0.038,-0.198,-0.319,0.425,-0.296,-0.303,-0.443,-0.023,-0.144,0.031,0.153,-0.168,-0.339,-0.293,-0.156
19,A1_1,-0.038,1.0,0.195,0.299,0.193,0.58,0.163,-0.308,0.223,0.099,-0.241,-0.033,0.32,0.31,0.008,0.405
19,A1_2,-0.198,0.195,1.0,0.56,-0.244,0.111,-0.441,0.102,0.22,0.672,0.057,0.381,-0.135,-0.138,-0.084,0.173
19,A1_3,-0.319,0.299,0.56,1.0,-0.132,0.05,-0.173,0.264,0.097,0.32,0.365,0.114,-0.073,0.157,-0.307,-0.251
19,B1_1,0.425,0.193,-0.244,-0.132,1.0,0.268,-0.076,0.002,-0.091,-0.543,-0.036,0.148,0.063,-0.189,-0.063,-0.269
19,B1_2,-0.296,0.58,0.111,0.05,0.268,1.0,0.459,-0.274,0.095,-0.151,-0.166,0.037,0.832,-0.002,0.364,0.485
19,B1_3,-0.303,0.163,-0.441,-0.173,-0.076,0.459,1.0,-0.145,-0.12,-0.333,0.022,-0.254,0.556,0.256,0.389,0.278
19,A2_1,-0.443,-0.308,0.102,0.264,0.002,-0.274,-0.145,1.0,-0.259,-0.103,0.324,-0.271,-0.421,-0.138,-0.285,-0.295
19,A2_2,-0.023,0.223,0.22,0.097,-0.091,0.095,-0.12,-0.259,1.0,-0.132,-0.191,-0.43,0.119,-0.333,-0.163,-0.041
19,A2_3,-0.144,0.099,0.672,0.32,-0.543,-0.151,-0.333,-0.103,-0.132,1.0,0.227,0.38,-0.223,0.362,0.204,0.1
19,B2_1,0.031,-0.241,0.057,0.365,-0.036,-0.166,0.022,0.324,-0.191,0.227,1.0,-0.288,-0.028,-0.052,-0.1,-0.646
19,B2_2,0.153,-0.033,0.381,0.114,0.148,0.037,-0.254,-0.271,-0.43,0.38,-0.288,1.0,-0.101,0.201,0.277,0.209
19,B2_3,-0.168,0.32,-0.135,-0.073,0.063,0.832,0.556,-0.421,0.119,-0.223,-0.028,-0.101,1.0,-0.169,0.495,0.432
19,y1,-0.339,0.31,-0.138,0.157,-0.189,-0.002,0.256,-0.138,-0.333,0.362,-0.052,0.201,-0.169,1.0,0.229,-0.038
19,y2,-0.293,0.008,-0.084,-0.307,-0.063,0.364,0.389,-0.285,-0.163,0.204,-0.1,0.277,0.495,0.229,1.0,0.303
19,y3,-0.156,0.405,0.173,-0.251,-0.269,0.485,0.278,-0.295,-0.041,0.1,-0.646,0.209,0.432,-0.038,0.303,1.0
20,.,1.0,-0.044,-0.193,-0.318,0.414,-0.305,-0.313,-0.437,-0.021,-0.14,0.025,0.149,-0.178,-0.343,-0.3,-0.157
20,A1_1,-0.044,1.0,0.196,0.301,0.194,0.576,0.16,-0.305,0.225,0.1,-0.24,-0.032,0.317,0.308,0.005,0.401
20,A1_2,-0.193,0.196,1.0,0.562,-0.245,0.108,-0.442,0.107,0.222,0.673,0.054,0.378,-0.137,-0.139,-0.086,0.171
20,A1_3,-0.318,0.301,0.562,1.0,-0.133,0.047,-0.175,0.268,0.101,0.322,0.363,0.113,-0.075,0.155,-0.311,-0.253
20,B1_1,0.414,0.194,-0.245,-0.133,1.0,0.273,-0.068,0.001,-0.092,-0.543,-0.033,0.15,0.069,-0.19,-0.06,-0.27
20,B1_2,-0.305,0.576,0.108,0.047,0.273,1.0,0.464,-0.274,0.091,-0.152,-0.158,0.041,0.834,-0.002,0.365,0.481
20,B1_3,-0.313,0.16,-0.442,-0.175,-0.068,0.464,1.0,-0.148,-0.123,-0.335,0.032,-0.249,0.559,0.256,0.39,0.277
20,A2_1,-0.437,-0.305,0.107,0.268,0.001,-0.274,-0.148,1.0,-0.255,-0.1,0.322,-0.271,-0.421,-0.14,-0.289,-0.295
20,A2_2,-0.021,0.225,0.222,0.101,-0.092,0.091,-0.123,-0.255,1.0,-0.13,-0.193,-0.432,0.115,-0.333,-0.164,-0.042
20,A2_3,-0.14,0.1,0.673,0.322,-0.543,-0.152,-0.335,-0.1,-0.13,1.0,0.224,0.378,-0.225,0.362,0.203,0.1
20,B2_1,0.025,-0.24,0.054,0.363,-0.033,-0.158,0.032,0.322,-0.193,0.224,1.0,-0.286,-0.019,-0.051,-0.095,-0.645
20,B2_2,0.149,-0.032,0.378,0.113,0.15,0.041,-0.249,-0.271,-0.432,0.378,-0.286,1.0,-0.096,0.202,0.28,0.209
20,B2_3,-0.178,0.317,-0.137,-0.075,0.069,0.834,0.559,-0.421,0.115,-0.225,-0.019,-0.096,1.0,-0.168,0.495,0.429
20,y1,-0.343,0.308,-0.139,0.155,-0.19,-0.002,0.256,-0.14,-0.333,0.362,-0.051,0.202,-0.168,1.0,0.23,-0.036
20,y2,-0.3,0.005,-0.086,-0.311,-0.06,0.365,0.39,-0.289,-0.164,0.203,-0.095,0.28,0.495,0.23,1.0,0.305
20,y3,-0.157,0.401,0.171,-0.253,-0.27,0.481,0.277,-0.295,-0.042,0.1,-0.645,0.209,0.429,-0.036,0.305,1.0
21,.,1.0,-0.049,-0.188,-0.318,0.401,-0.315,-0.322,-0.431,-0.019,-0.136,0.019,0.145,-0.188,-0.348,-0.307,-0.157
21,A1_1,-0.049,1.0,0.198,0.303,0.194,0.571,0.157,-0.301,0.226,0.102,-0.238,-0.032,0.314,0.305,0.001,0.398
21,A1_2,-0.188,0.198,1.0,0.564,-0.247,0.104,-0.442,0.112,0.225,0.674,0.051,0.375,-0.139,-0.139,-0.088,0.168
21,A1_3,-0.318,0.303,0.564,1.0,-0.133,0.044,-0.177,0.272,0.104,0.324,0.36,0.111,-0.077,0.152,-0.315,-0.254
21,B1_1,0.401,0.194,-0.247,-0.133,1.0,0.279,-0.058,0.001,-0.095,-0.543,-0.029,0.152,0.077,-0.191,-0.057,-0.272
21,B1_2,-0.315,0.571,0.104,0.044,0.279,1.0,0.469,-0.274,0.087,-0.153,-0.148,0.047,0.835,-0.003,0.365,0.476
21,B1_3,-0.322,0.157,-0.442,-0.177,-0.058,0.469,1.0,-0.15,-0.127,-0.337,0.041,-0.243,0.563,0.256,0.391,0.276
21,A2_1,-0.431,-0.301,0.112,0.272,0.001,-0.274,-0.15,1.0,-0.25,-0.097,0.321,-0.271,-0.422,-0.141,-0.293,-0.295
21,A2_2,-0.019,0.226,0.225,0.104,-0.095,0.087,-0.127,-0.25,1.0,-0.128,-0.195,-0.433,0.11,-0.333,-0.166,-0.043
21,A2_3,-0.136,0.102,0.674,0.324,-0.543,-0.153,-0.337,-0.097,-0.128,1.0,0.221,0.376,-0.227,0.362,0.202,0.1
21,B2_1,0.019,-0.238,0.051,0.36,-0.029,-0.148,0.041,0.321,-0.195,0.221,1.0,-0.285,-0.01,-0.05,-0.09,-0.643
21,B2_2,0.145,-0.032,0.375,0.111,0.152,0.047,-0.243,-0.271,-0.433,0.376,-0.285,1.0,-0.091,0.203,0.284,0.209
21,B2_3,-0.188,0.314,-0.139,-0.077,0.077,0.835,0.563,-0.422,0.11,-0.227,-0.01,-0.091,1.0,-0.167,0.495,0.425
21,y1,-0.348,0.305,-0.139,0.152,-0.191,-0.003,0.256,-0.141,-0.333,0.362,-0.05,0.203,-0.167,1.0,0.23,-0.034
21,y2,-0.307,0.001,-0.088,-0.315,-0.057,0.365,0.391,-0.293,-0.166,0.202,-0.09,0.284,0.495,0.23,1.0,0.306
21,y3,-0.157,0.398,0.168,-0.254,-0.272,0.476,0.276,-0.295,-0.043,0.1,-0.643,0.209,0.425,-0.034,0.306,1.0
22,.,1.0,-0.055,-0.183,-0.317,0.387,-0.325,-0.332,-0.425,-0.017,-0.132,0.012,0.139,-0.199,-0.352,-0.312,-0.156
22,A1_1,-0.055,1.0,0.201,0.305,0.194,0.567,0.154,-0.297,0.228,0.103,-0.237,-0.031,0.311,0.302,-0.003,0.394
22,A1_2,-0.183,0.201,1.0,0.567,-0.249,0.1,-0.443,0.117,0.227,0.675,0.048,0.372,-0.142,-0.14,-0.091,0.166
22,A1_3,-0.317,0.305,0.567,1.0,-0.134,0.042,-0.179,0.277,0.108,0.327,0.358,0.11,-0.079,0.148,-0.32,-0.256
22,B1_1,0.387,0.194,-0.249,-0.134,1.0,0.286,-0.048,-0.0,-0.097,-0.544,-0.025,0.154,0.085,-0.191,-0.053,-0.273
22,B1_2,-0.325,0.567,0.1,0.042,0.286,1.0,0.475,-0.274,0.083,-0.155,-0.138,0.052,0.837,-0.004,0.365,0.471
22,B1_3,-0.332,0.154,-0.443,-0.179,-0.048,0.475,1.0,-0.153,-0.131,-0.339,0.052,-0.236,0.567,0.256,0.392,0.274
22,A2_1,-0.425,-0.297,0.117,0.277,-0.0,-0.274,-0.153,1.0,-0.245,-0.093,0.319,-0.271,-0.422,-0.143,-0.298,-0.295
22,A2_2,-0.017,0.228,0.227,0.108,-0.097,0.083,-0.131,-0.245,1.0,-0.126,-0.198,-0.435,0.105,-0.333,-0.169,-0.044
22,A2_3,-0.132,0.103,0.675,0.327,-0.544,-0.155,-0.339,-0.093,-0.126,1.0,0.217,0.373,-0.229,0.362,0.2,0.099
22,B2_1,0.012,-0.237,0.048,0.358,-0.025,-0.138,0.052,0.319,-0.198,0.217,1.0,-0.283,0.0,-0.05,-0.085,-0.641
22,B2_2,0.139,-0.031,0.372,0.11,0.154,0.052,-0.236,-0.271,-0.435,0.373,-0.283,1.0,-0.085,0.205,0.289,0.208
22,B2_3,-0.199,0.311,-0.142,-0.079,0.085,0.837,0.567,-0.422,0.105,-0.229,0.0,-0.085,1.0,-0.166,0.494,0.422
22,y1,-0.352,0.302,-0.14,0.148,-0.191,-0.004,0.256,-0.143,-0.333,0.362,-0.05,0.205,-0.166,1.0,0.23,-0.032
22,y2,-0.312,-0.003,-0.091,-0.32,-0.053,0.365,0.392,-0.298,-0.169,0.2,-0.085,0.289,0.494,0.23,1.0,0.308
22,y3,-0.156,0.394,0.166,-0.256,-0.273,0.471,0.274,-0.295,-0.044,0.099,-0.641,0.208,0.422,-0.032,0.308,1.0
23,.,1.0,-0.06,-0.178,-0.316,0.372,-0.334,-0.341,-0.418,-0.015,-0.127,0.003,0.132,-0.21,-0.355,-0.318,-0.155
23,A1_1,-0.06,1.0,0.203,0.308,0.195,0.561,0.151,-0.293,0.229,0.104,-0.235,-0.031,0.307,0.299,-0.008,0.389
23,A1_2,-0.178,0.203,1.0,0.569,-0.252,0.096,-0.444,0.123,0.23,0.677,0.044,0.368,-0.144,-0.141,-0.094,0.164
23,A1_3,-0.316,0.308,0.569,1.0,-0.134,0.039,-0.181,0.282,0.113,0.329,0.355,0.108,-0.081,0.145,-0.325,-0.258
23,B1_1,0.372,0.195,-0.252,-0.134,1.0,0.293,-0.036,-0.001,-0.101,-0.545,-0.02,0.156,0.094,-0.192,-0.048,-0.275
23,B1_2,-0.334,0.561,0.096,0.039,0.293,1.0,0.481,-0.275,0.078,-0.157,-0.126,0.059,0.839,-0.006,0.365,0.466
23,B1_3,-0.341,0.151,-0.444,-0.181,-0.036,0.481,1.0,-0.156,-0.134,-0.342,0.064,-0.228,0.572,0.255,0.392,0.272
23,A2_1,-0.418,-0.293,0.123,0.282,-0.001,-0.275,-0.156,1.0,-0.239,-0.09,0.317,-0.271,-0.422,-0.145,-0.303,-0.296
23,A2_2,-0.015,0.229,0.23,0.113,-0.101,0.078,-0.134,-0.239,1.0,-0.123,-0.2,-0.436,0.101,-0.333,-0.171,-0.045
23,A2_3,-0.127,0.104,0.677,0.329,-0.545,-0.157,-0.342,-0.09,-0.123,1.0,0.213,0.37,-0.231,0.362,0.198,0.098
23,B2_1,0.003,-0.235,0.044,0.355,-0.02,-0.126,0.064,0.317,-0.2,0.213,1.0,-0.281,0.011,-0.049,-0.08,-0.639
23,B2_2,0.132,-0.031,0.368,0.108,0.156,0.059,-0.228,-0.271,-0.436,0.37,-0.281,1.0,-0.078,0.206,0.294,0.208
23,B2_3,-0.21,0.307,-0.144,-0.081,0.094,0.839,0.572,-0.422,0.101,-0.231,0.011,-0.078,1.0,-0.165,0.493,0.418
23,y1,-0.355,0.299,-0.141,0.145,-0.192,-0.006,0.255,-0.145,-0.333,0.362,-0.049,0.206,-0.165,1.0,0.23,-0.03
23,y2,-0.318,-0.008,-0.094,-0.325,-0.048,0.365,0.392,-0.303,-0.171,0.198,-0.08,0.294,0.493,0.23,1.0,0.31
23,y3,-0.155,0.389,0.164,-0.258,-0.275,0.466,0.272,-0.296,-0.045,0.098,-0.639,0.208,0.418,-0.03,0.31,1.0
24,.,1.0,-0.065,-0.172,-0.315,0.355,-0.344,-0.351,-0.412,-0.012,-0.122,-0.006,0.125,-0.221,-0.358,-0.322,-0.153
24,A1_1,-0.065,1.0,0.205,0.31,0.195,0.556,0.147,-0.288,0.231,0.106,-0.234,-0.03,0.304,0.295,-0.013,0.385
24,A1_2,-0.172,0.205,1.0,0.572,-0.255,0.092,-0.444,0.129,0.233,0.678,0.04,0.364,-0.147,-0.142,-0.097,0.161
24,A1_3,-0.315,0.31,0.572,1.0,-0.135,0.035,-0.183,0.287,0.117,0.332,0.352,0.106,-0.083,0.141,-0.331,-0.26
