,,.,A1_1,A1_2,A1_3,B1_1,B1_2,B1_3,A2_1,A2_2,A2_3,B2_1,B2_2,B2_3,y1,y2,y3
1,.,1.0,0.198,-0.043,0.33,-0.057,0.059,0.005,0.184,-0.227,-0.191,0.196,-0.282,-0.108,-0.366,0.157,-0.015
1,A1_1,0.198,1.0,-0.049,0.005,-0.146,0.009,-0.407,-0.005,0.104,0.011,-0.335,-0.128,-0.088,0.072,0.287,0.065
1,A1_2,-0.043,-0.049,1.0,-0.066,0.122,0.125,-0.314,-0.02,0.168,0.068,0.034,-0.52,0.002,-0.007,0.025,0.101
1,A1_3,0.33,0.005,-0.066,1.0,0.077,-0.052,0.191,0.204,0.054,-0.064,0.147,-0.401,0.132,-0.134,-0.113,-0.4
1,B1_1,-0.057,-0.146,0.122,0.077,1.0,-0.106,-0.1,0.284,0.173,0.077,-0.25,0.187,-0.126,-0.106,-0.111,-0.204
1,B1_2,0.059,0.009,0.125,-0.052,-0.106,1.0,-0.34,0.064,-0.087,0.094,-0.171,-0.13,-0.113,-0.326,0.157,-0.174
1,B1_3,0.005,-0.407,-0.314,0.191,-0.1,-0.34,1.0,-0.27,0.165,-0.045,0.23,-0.027,0.207,-0.157,0.0,-0.248
1,A2_1,0.184,-0.005,-0.02,0.204,0.284,0.064,-0.27,1.0,-0.281,-0.117,0.033,0.012,0.021,0.204,-0.144,-0.186
1,A2_2,-0.227,0.104,0.168,0.054,0.173,-0.087,0.165,-0.281,1.0,0.009,-0.383,-0.032,-0.14,-0.08,-0.13,-0.022
1,A2_3,-0.191,0.011,0.068,-0.064,0.077,0.094,-0.045,-0.117,0.009,1.0,-0.177,-0.157,-0.219,-0.059,0.307,0.037
1,B2_1,0.196,-0.335,0.034,0.147,-0.25,-0.171,0.23,0.033,-0.383,-0.177,1.0,-0.105,0.171,0.099,-0.034,-0.055
1,B2_2,-0.282,-0.128,-0.52,-0.401,0.187,-0.13,-0.027,0.012,-0.032,-0.157,-0.105,1.0,-0.186,0.219,-0.088,0.079
1,B2_3,-0.108,-0.088,0.002,0.132,-0.126,-0.113,0.207,0.021,-0.14,-0.219,0.171,-0.186,1.0,0.177,-0.317,-0.245
1,y1,-0.366,0.072,-0.007,-0.134,-0.106,-0.326,-0.157,0.204,-0.08,-0.059,0.099,0.219,0.177,1.0,-0.03,0.279
1,y2,0.157,0.287,0.025,-0.113,-0.111,0.157,0.0,-0.144,-0.13,0.307,-0.034,-0.088,-0.317,-0.03,1.0,0.26
1,y3,-0.015,0.065,0.101,-0.4,-0.204,-0.174,-0.248,-0.186,-0.022,0.037,-0.055,0.079,-0.245,0.279,0.26,1.0
2,.,1.0,0.198,-0.042,0.331,-0.058,0.06,0.006,0.184,-0.226,-0.191,0.197,-0.282,-0.109,-0.366,0.157,-0.015
2,A1_1,0.198,1.0,-0.049,0.005,-0.147,0.009,-0.408,-0.005,0.104,0.011,-0.335,-0.128,-0.088,0.072,0.287,0.065
2,A1_2,-0.042,-0.049,1.0,-0.066,0.122,0.125,-0.314,-0.02,0.168,0.068,0.034,-0.52,0.002,-0.007,0.025,0.101
2,A1_3,0.331,0.005,-0.066,1.0,0.077,-0.052,0.191,0.204,0.054,-0.064,0.147,-0.401,0.133,-0.134,-0.114,-0.4
2,B1_1,-0.058,-0.147,0.122,0.077,1.0,-0.106,-0.1,0.284,0.173,0.077,-0.25,0.186,-0.126,-0.106,-0.111,-0.204
2,B1_2,0.06,0.009,0.125,-0.052,-0.106,1.0,-0.34,0.064,-0.087,0.094,-0.171,-0.13,-0.113,-0.326,0.156,-0.174
2,B1_3,0.006,-0.408,-0.314,0.191,-0.1,-0.34,1.0,-0.27,0.165,-0.045,0.23,-0.027,0.207,-0.157,-0.0,-0.248
2,A2_1,0.184,-0.005,-0.02,0.204,0.284,0.064,-0.27,1.0,-0.282,-0.117,0.033,0.012,0.022,0.204,-0.144,-0.186
2,A2_2,-0.226,0.104,0.168,0.054,0.173,-0.087,0.165,-0.282,1.0,0.009,-0.383,-0.032,-0.14,-0.08,-0.13,-0.022
2,A2_3,-0.191,0.011,0.068,-0.064,0.077,0.094,-0.045,-0.117,0.009,1.0,-0.177,-0.157,-0.219,-0.059,0.307,0.037
2,B2_1,0.197,-0.335,0.034,0.147,-0.25,-0.171,0.23,0.033,-0.383,-0.177,1.0,-0.105,0.171,0.099,-0.034,-0.055
2,B2_2,-0.282,-0.128,-0.52,-0.401,0.186,-0.13,-0.027,0.012,-0.032,-0.157,-0.105,1.0,-0.186,0.219,-0.088,0.08
2,B2_3,-0.109,-0.088,0.002,0.133,-0.126,-0.113,0.207,0.022,-0.14,-0.219,0.171,-0.186,1.0,0.177,-0.317,-0.245
2,y1,-0.366,0.072,-0.007,-0.134,-0.106,-0.326,-0.157,0.204,-0.08,-0.059,0.099,0.219,0.177,1.0,-0.03,0.279
2,y2,0.157,0.287,0.025,-0.114,-0.111,0.156,-0.0,-0.144,-0.13,0.307,-0.034,-0.088,-0.317,-0.03,1.0,0.26
2,y3,-0.015,0.065,0.101,-0.4,-0.204,-0.174,-0.248,-0.186,-0.022,0.037,-0.055,0.08,-0.245,0.279,0.26,1.0
3,.,1.0,0.198,-0.042,0.331,-0.058,0.06,0.006,0.184,-0.226,-0.191,0.197,-0.282,-0.109,-0.367,0.157,-0.015
3,A1_1,0.198,1.0,-0.049,0.005,-0.147,0.009,-0.408,-0.005,0.104,0.011,-0.335,-0.128,-0.089,0.073,0.287,0.065
3,A1_2,-0.042,-0.049,1.0,-0.066,0.122,0.125,-0.314,-0.02,0.168,0.068,0.034,-0.52,0.003,-0.007,0.025,0.101
3,A1_3,0.331,0.005,-0.066,1.0,0.077,-0.052,0.191,0.204,0.053,-0.064,0.147,-0.401,0.133,-0.134,-0.114,-0.4
3,B1_1,-0.058,-0.147,0.122,0.077,1.0,-0.106,-0.1,0.284,0.173,0.077,-0.25,0.186,-0.127,-0.105,-0.111,-0.203
3,B1_2,0.06,0.009,0.125,-0.052,-0.106,1.0,-0.34,0.065,-0.087,0.094,-0.171,-0.13,-0.114,-0.326,0.156,-0.174
3,B1_3,0.006,-0.408,-0.314,0.191,-0.1,-0.34,1.0,-0.269,0.165,-0.045,0.23,-0.027,0.206,-0.157,-0.0,-0.248
3,A2_1,0.184,-0.005,-0.02,0.204,0.284,0.065,-0.269,1.0,-0.282,-0.117,0.033,0.013,0.022,0.204,-0.144,-0.186
3,A2_2,-0.226,0.104,0.168,0.053,0.173,-0.087,0.165,-0.282,1.0,0.009,-0.383,-0.032,-0.14,-0.08,-0.131,-0.022
3,A2_3,-0.191,0.011,0.068,-0.064,0.077,0.094,-0.045,-0.117,0.009,1.0,-0.177,-0.157,-0.219,-0.059,0.306,0.037
3,B2_1,0.197,-0.335,0.034,0.147,-0.25,-0.171,0.23,0.033,-0.383,-0.177,1.0,-0.105,0.171,0.098,-0.034,-0.056
3,B2_2,-0.282,-0.128,-0.52,-0.401,0.186,-0.13,-0.027,0.013,-0.032,-0.157,-0.105,1.0,-0.186,0.219,-0.088,0.08
3,B2_3,-0.109,-0.089,0.003,0.133,-0.127,-0.114,0.206,0.022,-0.14,-0.219,0.171,-0.186,1.0,0.177,-0.318,-0.245
3,y1,-0.367,0.073,-0.007,-0.134,-0.105,-0.326,-0.157,0.204,-0.08,-0.059,0.098,0.219,0.177,1.0,-0.03,0.279
3,y2,0.157,0.287,0.025,-0.114,-0.111,0.156,-0.0,-0.144,-0.131,0.306,-0.034,-0.088,-0.318,-0.03,1.0,0.26
3,y3,-0.015,0.065,0.101,-0.4,-0.203,-0.174,-0.248,-0.186,-0.022,0.037,-0.056,0.08,-0.245,0.279,0.26,1.0
4,.,1.0,0.198,-0.042,0.332,-0.059,0.06,0.006,0.184,-0.225,-0.191,0.197,-0.282,-0.11,-0.368,0.157,-0.016
4,A1_1,0.198,1.0,-0.049,0.005,-0.147,0.008,-0.409,-0.005,0.104,0.011,-0.336,-0.129,-0.089,0.073,0.287,0.065
4,A1_2,-0.042,-0.049,1.0,-0.066,0.122,0.124,-0.314,-0.02,0.168,0.068,0.034,-0.52,0.003,-0.007,0.024,0.101
4,A1_3,0.332,0.005,-0.066,1.0,0.077,-0.052,0.192,0.204,0.053,-0.064,0.147,-0.4,0.134,-0.134,-0.114,-0.4
4,B1_1,-0.059,-0.147,0.122,0.077,1.0,-0.106,-0.1,0.285,0.173,0.077,-0.25,0.186,-0.126,-0.105,-0.111,-0.203
4,B1_2,0.06,0.008,0.124,-0.052,-0.106,1.0,-0.34,0.065,-0.087,0.094,-0.171,-0.13,-0.114,-0.326,0.156,-0.174
4,B1_3,0.006,-0.409,-0.314,0.192,-0.1,-0.34,1.0,-0.269,0.165,-0.045,0.231,-0.027,0.206,-0.158,-0.0,-0.248
4,A2_1,0.184,-0.005,-0.02,0.204,0.285,0.065,-0.269,1.0,-0.282,-0.117,0.034,0.013,0.023,0.204,-0.144,-0.186
4,A2_2,-0.225,0.104,0.168,0.053,0.173,-0.087,0.165,-0.282,1.0,0.008,-0.383,-0.032,-0.139,-0.08,-0.131,-0.022
4,A2_3,-0.191,0.011,0.068,-0.064,0.077,0.094,-0.045,-0.117,0.008,1.0,-0.177,-0.157,-0.218,-0.059,0.306,0.037
4,B2_1,0.197,-0.336,0.034,0.147,-0.25,-0.171,0.231,0.034,-0.383,-0.177,1.0,-0.104,0.171,0.098,-0.034,-0.056
4,B2_2,-0.282,-0.129,-0.52,-0.4,0.186,-0.13,-0.027,0.013,-0.032,-0.157,-0.104,1.0,-0.186,0.219,-0.088,0.08
4,B2_3,-0.11,-0.089,0.003,0.134,-0.126,-0.114,0.206,0.023,-0.139,-0.218,0.171,-0.186,1.0,0.177,-0.318,-0.245
4,y1,-0.368,0.073,-0.007,-0.134,-0.105,-0.326,-0.158,0.204,-0.08,-0.059,0.098,0.219,0.177,1.0,-0.03,0.279
4,y2,0.157,0.287,0.024,-0.114,-0.111,0.156,-0.0,-0.144,-0.131,0.306,-0.034,-0.088,-0.318,-0.03,1.0,0.26
4,y3,-0.016,0.065,0.101,-0.4,-0.203,-0.174,-0.248,-0.186,-0.022,0.037,-0.056,0.08,-0.245,0.279,0.26,1.0
5,.,1.0,0.198,-0.042,0.332,-0.059,0.061,0.007,0.183,-0.225,-0.191,0.198,-0.282,-0.111,-0.368,0.157,-0.016
5,A1_1,0.198,1.0,-0.048,0.005,-0.148,0.008,-0.409,-0.005,0.104,0.012,-0.336,-0.129,-0.089,0.073,0.287,0.066
5,A1_2,-0.042,-0.048,1.0,-0.066,0.122,0.124,-0.314,-0.02,0.168,0.068,0.034,-0.52,0.003,-0.008,0.024,0.101
5,A1_3,0.332,0.005,-0.066,1.0,0.077,-0.052,0.192,0.204,0.053,-0.064,0.147,-0.4,0.134,-0.134,-0.114,-0.401
5,B1_1,-0.059,-0.148,0.122,0.077,1.0,-0.106,-0.1,0.285,0.173,0.077,-0.25,0.187,-0.126,-0.105,-0.111,-0.203
5,B1_2,0.061,0.008,0.124,-0.052,-0.106,1.0,-0.34,0.065,-0.087,0.094,-0.171,-0.13,-0.114,-0.326,0.156,-0.174
5,B1_3,0.007,-0.409,-0.314,0.192,-0.1,-0.34,1.0,-0.268,0.165,-0.045,0.231,-0.027,0.206,-0.158,-0.001,-0.248
5,A2_1,0.183,-0.005,-0.02,0.204,0.285,0.065,-0.268,1.0,-0.282,-0.117,0.034,0.013,0.024,0.204,-0.145,-0.186
5,A2_2,-0.225,0.104,0.168,0.053,0.173,-0.087,0.165,-0.282,1.0,0.008,-0.383,-0.032,-0.139,-0.08,-0.131,-0.022
5,A2_3,-0.191,0.012,0.068,-0.064,0.077,0.094,-0.045,-0.117,0.008,1.0,-0.177,-0.157,-0.218,-0.059,0.306,0.037
5,B2_1,0.198,-0.336,0.034,0.147,-0.25,-0.171,0.231,0.034,-0.383,-0.177,1.0,-0.104,0.171,0.098,-0.035,-0.056
5,B2_2,-0.282,-0.129,-0.52,-0.4,0.187,-0.13,-0.027,0.013,-0.032,-0.157,-0.104,1.0,-0.186,0.219,-0.088,0.08
5,B2_3,-0.111,-0.089,0.003,0.134,-0.126,-0.114,0.206,0.024,-0.139,-0.218,0.171,-0.186,1.0,0.177,-0.318,-0.245
5,y1,-0.368,0.073,-0.008,-0.134,-0.105,-0.326,-0.158,0.204,-0.08,-0.059,0.098,0.219,0.177,1.0,-0.03,0.279
5,y2,0.157,0.287,0.024,-0.114,-0.111,0.156,-0.001,-0.145,-0.131,0.306,-0.035,-0.088,-0.318,-0.03,1.0,0.26
5,y3,-0.016,0.066,0.101,-0.401,-0.203,-0.174,-0.248,-0.186,-0.022,0.037,-0.056,0.08,-0.245,0.279,0.26,1.0
6,.,1.0,0.198,-0.042,0.332,-0.06,0.061,0.007,0.183,-0.224,-0.191,0.198,-0.283,-0.112,-0.369,0.157,-0.016
6,A1_1,0.198,1.0,-0.048,0.005,-0.148,0.007,-0.41,-0.005,0.104,0.012,-0.336,-0.129,-0.089,0.073,0.287,0.066
6,A1_2,-0.042,-0.048,1.0,-0.066,0.122,0.124,-0.314,-0.02,0.168,0.069,0.034,-0.52,0.004,-0.008,0.024,0.101
6,A1_3,0.332,0.005,-0.066,1.0,0.077,-0.052,0.192,0.204,0.053,-0.064,0.147,-0.4,0.135,-0.134,-0.115,-0.401
6,B1_1,-0.06,-0.148,0.122,0.077,1.0,-0.106,-0.1,0.286,0.173,0.077,-0.25,0.187,-0.126,-0.105,-0.111,-0.203
6,B1_2,0.061,0.007,0.124,-0.052,-0.106,1.0,-0.34,0.065,-0.087,0.094,-0.17,-0.13,-0.114,-0.326,0.156,-0.174
6,B1_3,0.007,-0.41,-0.314,0.192,-0.1,-0.34,1.0,-0.268,0.165,-0.045,0.231,-0.027,0.206,-0.158,-0.001,-0.248
6,A2_1,0.183,-0.005,-0.02,0.204,0.286,0.065,-0.268,1.0,-0.282,-0.116,0.034,0.014,0.024,0.204,-0.145,-0.186
6,A2_2,-0.224,0.104,0.168,0.053,0.173,-0.087,0.165,-0.282,1.0,0.008,-0.383,-0.032,-0.139,-0.08,-0.131,-0.022
6,A2_3,-0.191,0.012,0.069,-0.064,0.077,0.094,-0.045,-0.116,0.008,1.0,-0.177,-0.157,-0.218,-0.059,0.306,0.038
6,B2_1,0.198,-0.336,0.034,0.147,-0.25,-0.17,0.231,0.034,-0.383,-0.177,1.0,-0.104,0.171,0.098,-0.035,-0.056
6,B2_2,-0.283,-0.129,-0.52,-0.4,0.187,-0.13,-0.027,0.014,-0.032,-0.157,-0.104,1.0,-0.186,0.22,-0.088,0.08
6,B2_3,-0.112,-0.089,0.004,0.135,-0.126,-0.114,0.206,0.024,-0.139,-0.218,0.171,-0.186,1.0,0.177,-0.318,-0.245
6,y1,-0.369,0.073,-0.008,-0.134,-0.105,-0.326,-0.158,0.204,-0.08,-0.059,0.098,0.22,0.177,1.0,-0.03,0.279
6,y2,0.157,0.287,0.024,-0.115,-0.111,0.156,-0.001,-0.145,-0.131,0.306,-0.035,-0.088,-0.318,-0.03,1.0,0.261
6,y3,-0.016,0.066,0.101,-0.401,-0.203,-0.174,-0.248,-0.186,-0.022,0.038,-0.056,0.08,-0.245,0.279,0.261,1.0
7,.,1.0,0.198,-0.042,0.332,-0.061,0.061,0.007,0.182,-0.223,-0.191,0.198,-0.283,-0.113,-0.37,0.157,-0.016
7,A1_1,0.198,1.0,-0.048,0.005,-0.148,0.007,-0.41,-0.005,0.105,0.012,-0.337,-0.13,-0.089,0.073,0.287,0.066
7,A1_2,-0.042,-0.048,1.0,-0.066,0.122,0.124,-0.314,-0.02,0.168,0.069,0.034,-0.52,0.004,-0.008,0.024,0.101
7,A1_3,0.332,0.005,-0.066,1.0,0.077,-0.052,0.192,0.204,0.053,-0.064,0.147,-0.4,0.135,-0.134,-0.115,-0.401
7,B1_1,-0.061,-0.148,0.122,0.077,1.0,-0.106,-0.099,0.286,0.173,0.077,-0.249,0.187,-0.126,-0.105,-0.111,-0.203
7,B1_2,0.061,0.007,0.124,-0.052,-0.106,1.0,-0.34,0.065,-0.088,0.094,-0.17,-0.13,-0.115,-0.326,0.156,-0.174
7,B1_3,0.007,-0.41,-0.314,0.192,-0.099,-0.34,1.0,-0.267,0.165,-0.045,0.231,-0.026,0.206,-0.158,-0.001,-0.248
7,A2_1,0.182,-0.005,-0.02,0.204,0.286,0.065,-0.267,1.0,-0.282,-0.116,0.035,0.014,0.025,0.204,-0.145,-0.186
7,A2_2,-0.223,0.105,0.168,0.053,0.173,-0.088,0.165,-0.282,1.0,0.009,-0.383,-0.032,-0.139,-0.08,-0.131,-0.022
7,A2_3,-0.191,0.012,0.069,-0.064,0.077,0.094,-0.045,-0.116,0.009,1.0,-0.177,-0.157,-0.217,-0.059,0.306,0.038
7,B2_1,0.198,-0.337,0.034,0.147,-0.249,-0.17,0.231,0.035,-0.383,-0.177,1.0,-0.104,0.171,0.098,-0.035,-0.056
7,B2_2,-0.283,-0.13,-0.52,-0.4,0.187,-0.13,-0.026,0.014,-0.032,-0.157,-0.104,1.0,-0.186,0.22,-0.088,0.08
7,B2_3,-0.113,-0.089,0.004,0.135,-0.126,-0.115,0.206,0.025,-0.139,-0.217,0.171,-0.186,1.0,0.177,-0.318,-0.245
7,y1,-0.37,0.073,-0.008,-0.134,-0.105,-0.326,-0.158,0.204,-0.08,-0.059,0.098,0.22,0.177,1.0,-0.03,0.279
7,y2,0.157,0.287,0.024,-0.115,-0.111,0.156,-0.001,-0.145,-0.131,0.306,-0.035,-0.088,-0.318,-0.03,1.0,0.261
7,y3,-0.016,0.066,0.101,-0.401,-0.203,-0.174,-0.248,-0.186,-0.022,0.038,-0.056,0.08,-0.245,0.279,0.261,1.0
8,.,1.0,0.198,-0.042,0.332,-0.062,0.062,0.007,0.182,-0.223,-0.191,0.198,-0.283,-0.114,-0.37,0.157,-0.017
8,A1_1,0.198,1.0,-0.048,0.005,-0.149,0.006,-0.411,-0.005,0.105,0.013,-0.337,-0.13,-0.089,0.074,0.286,0.066
8,A1_2,-0.042,-0.048,1.0,-0.066,0.122,0.124,-0.314,-0.019,0.168,0.069,0.034,-0.52,0.004,-0.008,0.023,0.1
8,A1_3,0.332,0.005,-0.066,1.0,0.077,-0.052,0.192,0.204,0.053,-0.064,0.147,-0.4,0.136,-0.134,-0.115,-0.401
8,B1_1,-0.062,-0.149,0.122,0.077,1.0,-0.106,-0.099,0.286,0.172,0.077,-0.249,0.187,-0.126,-0.105,-0.111,-0.203
8,B1_2,0.062,0.006,0.124,-0.052,-0.106,1.0,-0.34,0.065,-0.088,0.094,-0.17,-0.13,-0.115,-0.326,0.156,-0.175
8,B1_3,0.007,-0.411,-0.314,0.192,-0.099,-0.34,1.0,-0.267,0.165,-0.045,0.231,-0.026,0.206,-0.158,-0.001,-0.248
8,A2_1,0.182,-0.005,-0.019,0.204,0.286,0.065,-0.267,1.0,-0.282,-0.116,0.035,0.014,0.026,0.203,-0.146,-0.186
8,A2_2,-0.223,0.105,0.168,0.053,0.172,-0.088,0.165,-0.282,1.0,0.009,-0.383,-0.032,-0.139,-0.08,-0.132,-0.021
8,A2_3,-0.191,0.013,0.069,-0.064,0.077,0.094,-0.045,-0.116,0.009,1.0,-0.177,-0.157,-0.217,-0.059,0.305,0.038
8,B2_1,0.198,-0.337,0.034,0.147,-0.249,-0.17,0.231,0.035,-0.383,-0.177,1.0,-0.103,0.171,0.097,-0.035,-0.057
8,B2_2,-0.283,-0.13,-0.52,-0.4,0.187,-0.13,-0.026,0.014,-0.032,-0.157,-0.103,1.0,-0.186,0.22,-0.088,0.08
8,B2_3,-0.114,-0.089,0.004,0.136,-0.126,-0.115,0.206,0.026,-0.139,-0.217,0.171,-0.186,1.0,0.177,-0.318,-0.245
8,y1,-0.37,0.074,-0.008,-0.134,-0.105,-0.326,-0.158,0.203,-0.08,-0.059,0.097,0.22,0.177,1.0,-0.029,0.279
8,y2,0.157,0.286,0.023,-0.115,-0.111,0.156,-0.001,-0.146,-0.132,0.305,-0.035,-0.088,-0.318,-0.029,1.0,0.261
8,y3,-0.017,0.066,0.1,-0.401,-0.203,-0.175,-0.248,-0.186,-0.021,0.038,-0.057,0.08,-0.245,0.279,0.261,1.0
9,.,1.0,0.198,-0.042,0.332,-0.063,0.062,0.007,0.181,-0.222,-0.191,0.198,-0.283,-0.115,-0.371,0.157,-0.017
9,A1_1,0.198,1.0,-0.047,0.005,-0.149,0.006,-0.411,-0.004,0.105,0.013,-0.338,-0.131,-0.09,0.074,0.286,0.067
9,A1_2,-0.042,-0.047,1.0,-0.065,0.122,0.124,-0.314,-0.019,0.168,0.069,0.034,-0.52,0.004,-0.008,0.023,0.1
9,A1_3,0.332,0.005,-0.065,1.0,0.078,-0.052,0.192,0.204,0.052,-0.064,0.147,-0.4,0.136,-0.134,-0.115,-0.401
9,B1_1,-0.063,-0.149,0.122,0.078,1.0,-0.106,-0.099,0.287,0.172,0.077,-0.249,0.187,-0.126,-0.104,-0.111,-0.203
9,B1_2,0.062,0.006,0.124,-0.052,-0.106,1.0,-0.34,0.066,-0.088,0.094,-0.17,-0.13,-0.115,-0.326,0.155,-0.175
9,B1_3,0.007,-0.411,-0.314,0.192,-0.099,-0.34,1.0,-0.267,0.164,-0.045,0.232,-0.026,0.206,-0.157,-0.001,-0.248
9,A2_1,0.181,-0.004,-0.019,0.204,0.287,0.066,-0.267,1.0,-0.282,-0.116,0.035,0.015,0.026,0.203,-0.146,-0.187
9,A2_2,-0.222,0.105,0.168,0.052,0.172,-0.088,0.164,-0.282,1.0,0.009,-0.383,-0.032,-0.138,-0.08,-0.132,-0.021
9,A2_3,-0.191,0.013,0.069,-0.064,0.077,0.094,-0.045,-0.116,0.009,1.0,-0.176,-0.157,-0.217,-0.059,0.305,0.038
9,B2_1,0.198,-0.338,0.034,0.147,-0.249,-0.17,0.232,0.035,-0.383,-0.176,1.0,-0.103,0.171,0.097,-0.036,-0.057
9,B2_2,-0.283,-0.131,-0.52,-0.4,0.187,-0.13,-0.026,0.015,-0.032,-0.157,-0.103,1.0,-0.186,0.22,-0.089,0.08
9,B2_3,-0.115,-0.09,0.004,0.136,-0.126,-0.115,0.206,0.026,-0.138,-0.217,0.171,-0.186,1.0,0.177,-0.318,-0.245
9,y1,-0.371,0.074,-0.008,-0.134,-0.104,-0.326,-0.157,0.203,-0.08,-0.059,0.097,0.22,0.177,1.0,-0.029,0.28
9,y2,0.157,0.286,0.023,-0.115,-0.111,0.155,-0.001,-0.146,-0.132,0.305,-0.036,-0.089,-0.318,-0.029,1.0,0.261
9,y3,-0.017,0.067,0.1,-0.401,-0.203,-0.175,-0.248,-0.187,-0.021,0.038,-0.057,0.08,-0.245,0.28,0.261,1.0
10,.,1.0,0.198,-0.042,0.332,-0.063,0.062,0.007,0.181,-0.221,-0.191,0.197,-0.283,-0.116,-0.372,0.157,-0.017
10,A1_1,0.198,1.0,-0.047,0.005,-0.15,0.005,-0.412,-0.004,0.105,0.014,-0.338,-0.132,-0.09,0.074,0.286,0.067
10,A1_2,-0.042,-0.047,1.0,-0.065,0.122,0.124,-0.314,-0.019,0.168,0.069,0.034,-0.52,0.004,-0.008,0.023,0.1
10,A1_3,0.332,0.005,-0.065,1.0,0.077,-0.052,0.192,0.204,0.052,-0.064,0.147,-0.4,0.136,-0.134,-0.116,-0.401
10,B1_1,-0.063,-0.15,0.122,0.077,1.0,-0.106,-0.098,0.287,0.172,0.077,-0.248,0.188,-0.125,-0.104,-0.112,-0.203
10,B1_2,0.062,0.005,0.124,-0.052,-0.106,1.0,-0.34,0.066,-0.088,0.094,-0.17,-0.13,-0.115,-0.326,0.155,-0.175
10,B1_3,0.007,-0.412,-0.314,0.192,-0.098,-0.34,1.0,-0.266,0.164,-0.045,0.232,-0.026,0.207,-0.157,-0.002,-0.248
10,A2_1,0.181,-0.004,-0.019,0.204,0.287,0.066,-0.266,1.0,-0.282,-0.116,0.036,0.015,0.027,0.203,-0.146,-0.187
10,A2_2,-0.221,0.105,0.168,0.052,0.172,-0.088,0.164,-0.282,1.0,0.009,-0.383,-0.032,-0.138,-0.08,-0.132,-0.021
10,A2_3,-0.191,0.014,0.069,-0.064,0.077,0.094,-0.045,-0.116,0.009,1.0,-0.176,-0.157,-0.216,-0.059,0.305,0.038
10,B2_1,0.197,-0.338,0.034,0.147,-0.248,-0.17,0.232,0.036,-0.383,-0.176,1.0,-0.102,0.172,0.097,-0.036,-0.057
10,B2_2,-0.283,-0.132,-0.52,-0.4,0.188,-0.13,-0.026,0.015,-0.032,-0.157,-0.102,1.0,-0.185,0.22,-0.089,0.08
10,B2_3,-0.116,-0.09,0.004,0.136,-0.125,-0.115,0.207,0.027,-0.138,-0.216,0.172,-0.185,1.0,0.177,-0.318,-0.245
10,y1,-0.372,0.074,-0.008,-0.134,-0.104,-0.326,-0.157,0.203,-0.08,-0.059,0.097,0.22,0.177,1.0,-0.028,0.28
10,y2,0.157,0.286,0.023,-0.116,-0.112,0.155,-0.002,-0.146,-0.132,0.305,-0.036,-0.089,-0.318,-0.028,1.0,0.261
10,y3,-0.017,0.067,0.1,-0.401,-0.203,-0.175,-0.248,-0.187,-0.021,0.038,-0.057,0.08,-0.245,0.28,0.261,1.0
11,.,1.0,0.198,-0.042,0.332,-0.065,0.062,0.007,0.18,-0.22,-0.192,0.197,-0.284,-0.117,-0.372,0.157,-0.017
11,A1_1,0.198,1.0,-0.046,0.005,-0.151,0.004,-0.413,-0.004,0.105,0.014,-0.339,-0.132,-0.091,0.074,0.286,0.067
11,A1_2,-0.042,-0.046,1.0,-0.065,0.122,0.123,-0.314,-0.019,0.168,0.07,0.034,-0.52,0.005,-0.008,0.023,0.1
11,A1_3,0.332,0.005,-0.065,1.0,0.077,-0.052,0.191,0.204,0.052,-0.064,0.147,-0.4,0.136,-0.134,-0.116,-0.401
11,B1_1,-0.065,-0.151,0.122,0.077,1.0,-0.106,-0.098,0.287,0.172,0.077,-0.248,0.188,-0.125,-0.104,-0.112,-0.203
11,B1_2,0.062,0.004,0.123,-0.052,-0.106,1.0,-0.34,0.066,-0.088,0.094,-0.17,-0.13,-0.115,-0.326,0.155,-0.175
11,B1_3,0.007,-0.413,-0.314,0.191,-0.098,-0.34,1.0,-0.266,0.164,-0.045,0.232,-0.025,0.207,-0.157,-0.002,-0.248
11,A2_1,0.18,-0.004,-0.019,0.204,0.287,0.066,-0.266,1.0,-0.282,-0.116,0.036,0.015,0.028,0.203,-0.147,-0.187
11,A2_2,-0.22,0.105,0.168,0.052,0.172,-0.088,0.164,-0.282,1.0,0.009,-0.383,-0.033,-0.138,-0.08,-0.132,-0.021
11,A2_3,-0.192,0.014,0.07,-0.064,0.077,0.094,-0.045,-0.116,0.009,1.0,-0.176,-0.157,-0.216,-0.059,0.305,0.038
11,B2_1,0.197,-0.339,0.034,0.147,-0.248,-0.17,0.232,0.036,-0.383,-0.176,1.0,-0.102,0.172,0.096,-0.037,-0.058
11,B2_2,-0.284,-0.132,-0.52,-0.4,0.188,-0.13,-0.025,0.015,-0.033,-0.157,-0.102,1.0,-0.185,0.22,-0.089,0.08
11,B2_3,-0.117,-0.091,0.005,0.136,-0.125,-0.115,0.207,0.028,-0.138,-0.216,0.172,-0.185,1.0,0.177,-0.319,-0.246
11,y1,-0.372,0.074,-0.008,-0.134,-0.104,-0.326,-0.157,0.203,-0.08,-0.059,0.096,0.22,0.177,1.0,-0.028,0.28
11,y2,0.157,0.286,0.023,-0.116,-0.112,0.155,-0.002,-0.147,-0.132,0.305,-0.037,-0.089,-0.319,-0.028,1.0,0.262
11,y3,-0.017,0.067,0.1,-0.401,-0.203,-0.175,-0.248,-0.187,-0.021,0.038,-0.058,0.08,-0.246,0.28,0.262,1.0
12,.,1.0,0.199,-0.042,0.332,-0.066,0.062,0.007,0.179,-0.22,-0.192,0.197,-0.284,-0.118,-0.373,0.157,-0.017
12,A1_1,0.199,1.0,-0.046,0.006,-0.151,0.004,-0.413,-0.004,0.106,0.014,-0.339,-0.133,-0.091,0.075,0.286,0.067
12,A1_2,-0.042,-0.046,1.0,-0.065,0.122,0.123,-0.314,-0.018,0.168,0.07,0.034,-0.52,0.005,-0.008,0.022,0.1
12,A1_3,0.332,0.006,-0.065,1.0,0.077,-0.052,0.191,0.204,0.052,-0.063,0.147,-0.4,0.137,-0.134,-0.116,-0.401
12,B1_1,-0.066,-0.151,0.122,0.077,1.0,-0.106,-0.097,0.287,0.172,0.077,-0.247,0.189,-0.124,-0.104,-0.112,-0.203
12,B1_2,0.062,0.004,0.123,-0.052,-0.106,1.0,-0.34,0.066,-0.088,0.094,-0.17,-0.13,-0.115,-0.326,0.155,-0.175
12,B1_3,0.007,-0.413,-0.314,0.191,-0.097,-0.34,1.0,-0.266,0.164,-0.045,0.233,-0.025,0.207,-0.157,-0.002,-0.249
12,A2_1,0.179,-0.004,-0.018,0.204,0.287,0.066,-0.266,1.0,-0.282,-0.116,0.036,0.015,0.028,0.202,-0.147,-0.187
12,A2_2,-0.22,0.106,0.168,0.052,0.172,-0.088,0.164,-0.282,1.0,0.009,-0.383,-0.033,-0.138,-0.08,-0.132,-0.021
12,A2_3,-0.192,0.014,0.07,-0.063,0.077,0.094,-0.045,-0.116,0.009,1.0,-0.176,-0.157,-0.216,-0.059,0.304,0.038
12,B2_1,0.197,-0.339,0.034,0.147,-0.247,-0.17,0.233,0.036,-0.383,-0.176,1.0,-0.101,0.172,0.096,-0.037,-0.058
12,B2_2,-0.284,-0.133,-0.52,-0.4,0.189,-0.13,-0.025,0.015,-0.033,-0.157,-0.101,1.0,-0.185,0.22,-0.089,0.08
12,B2_3,-0.118,-0.091,0.005,0.137,-0.124,-0.115,0.207,0.028,-0.138,-0.216,0.172,-0.185,1.0,0.177,-0.319,-0.246
12,y1,-0.373,0.075,-0.008,-0.134,-0.104,-0.326,-0.157,0.202,-0.08,-0.059,0.096,0.22,0.177,1.0,-0.027,0.281
12,y2,0.157,0.286,0.022,-0.116,-0.112,0.155,-0.002,-0.147,-0.132,0.304,-0.037,-0.089,-0.319,-0.027,1.0,0.262
12,y3,-0.017,0.067,0.1,-0.401,-0.203,-0.175,-0.249,-0.187,-0.021,0.038,-0.058,0.08,-0.246,0.281,0.262,1.0
13,.,1.0,0.199,-0.042,0.332,-0.067,0.062,0.006,0.178,-0.219,-0.192,0.196,-0.284,-0.12,-0.373,0.157,-0.017
13,A1_1,0.199,1.0,-0.046,0.006,-0.152,0.003,-0.414,-0.003,0.106,0.015,-0.34,-0.134,-0.091,0.075,0.286,0.068
13,A1_2,-0.042,-0.046,1.0,-0.064,0.122,0.123,-0.314,-0.018,0.169,0.07,0.033,-0.52,0.005,-0.008,0.022,0.1
13,A1_3,0.332,0.006,-0.064,1.0,0.077,-0.052,0.191,0.204,0.052,-0.063,0.147,-0.401,0.137,-0.134,-0.117,-0.401
13,B1_1,-0.067,-0.152,0.122,0.077,1.0,-0.106,-0.097,0.288,0.172,0.077,-0.246,0.189,-0.124,-0.104,-0.112,-0.203
13,B1_2,0.062,0.003,0.123,-0.052,-0.106,1.0,-0.34,0.066,-0.089,0.094,-0.169,-0.13,-0.115,-0.325,0.154,-0.176
13,B1_3,0.006,-0.414,-0.314,0.191,-0.097,-0.34,1.0,-0.265,0.163,-0.045,0.233,-0.024,0.207,-0.157,-0.003,-0.249
13,A2_1,0.178,-0.003,-0.018,0.204,0.288,0.066,-0.265,1.0,-0.282,-0.116,0.036,0.015,0.029,0.202,-0.148,-0.187
13,A2_2,-0.219,0.106,0.169,0.052,0.172,-0.089,0.163,-0.282,1.0,0.009,-0.383,-0.033,-0.138,-0.08,-0.132,-0.021
13,A2_3,-0.192,0.015,0.07,-0.063,0.077,0.094,-0.045,-0.116,0.009,1.0,-0.176,-0.157,-0.215,-0.059,0.304,0.038
13,B2_1,0.196,-0.34,0.033,0.147,-0.246,-0.169,0.233,0.036,-0.383,-0.176,1.0,-0.1,0.173,0.096,-0.037,-0.059
13,B2_2,-0.284,-0.134,-0.52,-0.401,0.189,-0.13,-0.024,0.015,-0.033,-0.157,-0.1,1.0,-0.184,0.22,-0.089,0.08
13,B2_3,-0.12,-0.091,0.005,0.137,-0.124,-0.115,0.207,0.029,-0.138,-0.215,0.173,-0.184,1.0,0.177,-0.319,-0.246
13,y1,-0.373,0.075,-0.008,-0.134,-0.104,-0.325,-0.157,0.202,-0.08,-0.059,0.096,0.22,0.177,1.0,-0.027,0.281
13,y2,0.157,0.286,0.022,-0.117,-0.112,0.154,-0.003,-0.148,-0.132,0.304,-0.037,-0.089,-0.319,-0.027,1.0,0.263
13,y3,-0.017,0.068,0.1,-0.401,-0.203,-0.176,-0.249,-0.187,-0.021,0.038,-0.059,0.08,-0.246,0.281,0.263,1.0
14,.,1.0,0.2,-0.042,0.332,-0.068,0.062,0.006,0.177,-0.218,-0.193,0.195,-0.284,-0.121,-0.374,0.156,-0.017
14,A1_1,0.2,1.0,-0.045,0.006,-0.153,0.002,-0.415,-0.003,0.106,0.016,-0.341,-0.135,-0.092,0.075,0.287,0.068
14,A1_2,-0.042,-0.045,1.0,-0.064,0.122,0.123,-0.315,-0.018,0.169,0.07,0.033,-0.52,0.005,-0.009,0.022,0.1
14,A1_3,0.332,0.006,-0.064,1.0,0.077,-0.052,0.191,0.204,0.052,-0.063,0.147,-0.401,0.137,-0.134,-0.117,-0.401
14,B1_1,-0.068,-0.153,0.122,0.077,1.0,-0.106,-0.096,0.288,0.172,0.077,-0.246,0.19,-0.123,-0.103,-0.113,-0.203
14,B1_2,0.062,0.002,0.123,-0.052,-0.106,1.0,-0.34,0.066,-0.089,0.094,-0.169,-0.129,-0.115,-0.325,0.154,-0.176
14,B1_3,0.006,-0.415,-0.315,0.191,-0.096,-0.34,1.0,-0.265,0.163,-0.045,0.234,-0.024,0.208,-0.157,-0.003,-0.249
14,A2_1,0.177,-0.003,-0.018,0.204,0.288,0.066,-0.265,1.0,-0.282,-0.116,0.036,0.015,0.029,0.202,-0.148,-0.187
14,A2_2,-0.218,0.106,0.169,0.052,0.172,-0.089,0.163,-0.282,1.0,0.009,-0.383,-0.033,-0.138,-0.08,-0.132,-0.021
14,A2_3,-0.193,0.016,0.07,-0.063,0.077,0.094,-0.045,-0.116,0.009,1.0,-0.176,-0.157,-0.215,-0.059,0.304,0.038
14,B2_1,0.195,-0.341,0.033,0.147,-0.246,-0.169,0.234,0.036,-0.383,-0.176,1.0,-0.1,0.173,0.096,-0.038,-0.06
14,B2_2,-0.284,-0.135,-0.52,-0.401,0.19,-0.129,-0.024,0.015,-0.033,-0.157,-0.1,1.0,-0.183,0.22,-0.089,0.079
14,B2_3,-0.121,-0.092,0.005,0.137,-0.123,-0.115,0.208,0.029,-0.138,-0.215,0.173,-0.183,1.0,0.177,-0.319,-0.246
14,y1,-0.374,0.075,-0.009,-0.134,-0.103,-0.325,-0.157,0.202,-0.08,-0.059,0.096,0.22,0.177,1.0,-0.026,0.282
14,y2,0.156,0.287,0.022,-0.117,-0.113,0.154,-0.003,-0.148,-0.132,0.304,-0.038,-0.089,-0.319,-0.026,1.0,0.263
14,y3,-0.017,0.068,0.1,-0.401,-0.203,-0.176,-0.249,-0.187,-0.021,0.038,-0.06,0.079,-0.246,0.282,0.263,1.0
15,.,1.0,0.2,-0.042,0.331,-0.07,0.062,0.005,0.177,-0.217,-0.193,0.194,-0.285,-0.123,-0.374,0.156,-0.017
15,A1_1,0.2,1.0,-0.044,0.007,-0.153,0.001,-0.415,-0.003,0.107,0.016,-0.341,-0.136,-0.093,0.076,0.287,0.069
15,A1_2,-0.042,-0.044,1.0,-0.064,0.121,0.123,-0.315,-0.018,0.169,0.071,0.033,-0.52,0.005,-0.009,0.022,0.099
15,A1_3,0.331,0.007,-0.064,1.0,0.077,-0.053,0.19,0.204,0.052,-0.063,0.146,-0.401,0.137,-0.135,-0.118,-0.401
15,B1_1,-0.07,-0.153,0.121,0.077,1.0,-0.106,-0.095,0.288,0.171,0.077,-0.245,0.19,-0.123,-0.103,-0.113,-0.204
15,B1_2,0.062,0.001,0.123,-0.053,-0.106,1.0,-0.339,0.066,-0.089,0.094,-0.169,-0.129,-0.115,-0.325,0.154,-0.176
15,B1_3,0.005,-0.415,-0.315,0.19,-0.095,-0.339,1.0,-0.265,0.163,-0.045,0.234,-0.023,0.208,-0.157,-0.003,-0.249
15,A2_1,0.177,-0.003,-0.018,0.204,0.288,0.066,-0.265,1.0,-0.282,-0.115,0.036,0.015,0.03,0.201,-0.148,-0.187
15,A2_2,-0.217,0.107,0.169,0.052,0.171,-0.089,0.163,-0.282,1.0,0.009,-0.383,-0.034,-0.138,-0.08,-0.132,-0.021
15,A2_3,-0.193,0.016,0.071,-0.063,0.077,0.094,-0.045,-0.115,0.009,1.0,-0.176,-0.157,-0.215,-0.059,0.303,0.038
15,B2_1,0.194,-0.341,0.033,0.146,-0.245,-0.169,0.234,0.036,-0.383,-0.176,1.0,-0.099,0.174,0.095,-0.038,-0.06
15,B2_2,-0.285,-0.136,-0.52,-0.401,0.19,-0.129,-0.023,0.015,-0.034,-0.157,-0.099,1.0,-0.183,0.22,-0.09,0.079
15,B2_3,-0.123,-0.093,0.005,0.137,-0.123,-0.115,0.208,0.03,-0.138,-0.215,0.174,-0.183,1.0,0.177,-0.32,-0.247
15,y1,-0.374,0.076,-0.009,-0.135,-0.103,-0.325,-0.157,0.201,-0.08,-0.059,0.095,0.22,0.177,1.0,-0.025,0.282
15,y2,0.156,0.287,0.022,-0.118,-0.113,0.154,-0.003,-0.148,-0.132,0.303,-0.038,-0.09,-0.32,-0.025,1.0,0.264
15,y3,-0.017,0.069,0.099,-0.401,-0.204,-0.176,-0.249,-0.187,-0.021,0.038,-0.06,0.079,-0.247,0.282,0.264,1.0
16,.,1.0,0.201,-0.042,0.331,-0.071,0.062,0.004,0.176,-0.216,-0.193,0.193,-0.285,-0.125,-0.374,0.156,-0.017
16,A1_1,0.201,1.0,-0.044,0.007,-0.154,0.0,-0.416,-0.002,0.107,0.017,-0.342,-0.137,-0.093,0.076,0.287,0.069
16,A1_2,-0.042,-0.044,1.0,-0.063,0.121,0.122,-0.315,-0.017,0.169,0.071,0.033,-0.52,0.005,-0.009,0.021,0.099
16,A1_3,0.331,0.007,-0.063,1.0,0.077,-0.053,0.19,0.204,0.052,-0.063,0.146,-0.401,0.137,-0.135,-0.118,-0.401
16,B1_1,-0.071,-0.154,0.121,0.077,1.0,-0.106,-0.095,0.288,0.171,0.077,-0.244,0.191,-0.122,-0.103,-0.113,-0.204
16,B1_2,0.062,0.0,0.122,-0.053,-0.106,1.0,-0.339,0.066,-0.089,0.094,-0.169,-0.129,-0.115,-0.325,0.153,-0.177
16,B1_3,0.004,-0.416,-0.315,0.19,-0.095,-0.339,1.0,-0.265,0.162,-0.045,0.235,-0.022,0.208,-0.157,-0.004,-0.25
16,A2_1,0.176,-0.002,-0.017,0.204,0.288,0.066,-0.265,1.0,-0.281,-0.115,0.036,0.015,0.03,0.201,-0.149,-0.188
16,A2_2,-0.216,0.107,0.169,0.052,0.171,-0.089,0.162,-0.281,1.0,0.01,-0.383,-0.034,-0.138,-0.08,-0.132,-0.021
16,A2_3,-0.193,0.017,0.071,-0.063,0.077,0.094,-0.045,-0.115,0.01,1.0,-0.177,-0.157,-0.214,-0.059,0.303,0.038
16,B2_1,0.193,-0.342,0.033,0.146,-0.244,-0.169,0.235,0.036,-0.383,-0.177,1.0,-0.098,0.174,0.095,-0.039,-0.061
16,B2_2,-0.285,-0.137,-0.52,-0.401,0.191,-0.129,-0.022,0.015,-0.034,-0.157,-0.098,1.0,-0.182,0.22,-0.09,0.079
16,B2_3,-0.125,-0.093,0.005,0.137,-0.122,-0.115,0.208,0.03,-0.138,-0.214,0.174,-0.182,1.0,0.177,-0.32,-0.247
16,y1,-0.374,0.076,-0.009,-0.135,-0.103,-0.325,-0.157,0.201,-0.08,-0.059,0.095,0.22,0.177,1.0,-0.025,0.283
16,y2,0.156,0.287,0.021,-0.118,-0.113,0.153,-0.004,-0.149,-0.132,0.303,-0.039,-0.09,-0.32,-0.025,1.0,0.265
16,y3,-0.017,0.069,0.099,-0.401,-0.204,-0.177,-0.25,-0.188,-0.021,0.038,-0.061,0.079,-0.247,0.283,0.265,1.0
17,.,1.0,0.201,-0.041,0.331,-0.073,0.062,0.004,0.175,-0.215,-0.193,0.192,-0.286,-0.127,-0.375,0.156,-0.016
17,A1_1,0.201,1.0,-0.043,0.008,-0.155,-0.001,-0.417,-0.002,0.108,0.017,-0.343,-0.138,-0.094,0.077,0.287,0.069
17,A1_2,-0.041,-0.043,1.0,-0.063,0.121,0.122,-0.315,-0.017,0.169,0.072,0.032,-0.52,0.005,-0.009,0.021,0.099
17,A1_3,0.331,0.008,-0.063,1.0,0.077,-0.053,0.19,0.204,0.053,-0.062,0.146,-0.401,0.137,-0.135,-0.118,-0.401
17,B1_1,-0.073,-0.155,0.121,0.077,1.0,-0.106,-0.094,0.288,0.171,0.077,-0.243,0.192,-0.121,-0.103,-0.114,-0.204
17,B1_2,0.062,-0.001,0.122,-0.053,-0.106,1.0,-0.339,0.066,-0.089,0.094,-0.168,-0.128,-0.115,-0.325,0.153,-0.177
17,B1_3,0.004,-0.417,-0.315,0.19,-0.094,-0.339,1.0,-0.264,0.162,-0.045,0.236,-0.021,0.209,-0.157,-0.004,-0.25
17,A2_1,0.175,-0.002,-0.017,0.204,0.288,0.066,-0.264,1.0,-0.281,-0.115,0.037,0.015,0.031,0.2,-0.149,-0.188
17,A2_2,-0.215,0.108,0.169,0.053,0.171,-0.089,0.162,-0.281,1.0,0.01,-0.384,-0.034,-0.138,-0.08,-0.133,-0.021
17,A2_3,-0.193,0.017,0.072,-0.062,0.077,0.094,-0.045,-0.115,0.01,1.0,-0.177,-0.157,-0.214,-0.059,0.303,0.038
17,B2_1,0.192,-0.343,0.032,0.146,-0.243,-0.168,0.236,0.037,-0.384,-0.177,1.0,-0.097,0.175,0.094,-0.04,-0.062
17,B2_2,-0.286,-0.138,-0.52,-0.401,0.192,-0.128,-0.021,0.015,-0.034,-0.157,-0.097,1.0,-0.181,0.22,-0.09,0.078
17,B2_3,-0.127,-0.094,0.005,0.137,-0.121,-0.115,0.209,0.031,-0.138,-0.214,0.175,-0.181,1.0,0.177,-0.32,-0.247
17,y1,-0.375,0.077,-0.009,-0.135,-0.103,-0.325,-0.157,0.2,-0.08,-0.059,0.094,0.22,0.177,1.0,-0.024,0.283
17,y2,0.156,0.287,0.021,-0.118,-0.114,0.153,-0.004,-0.149,-0.133,0.303,-0.04,-0.09,-0.32,-0.024,1.0,0.265
17,y3,-0.016,0.069,0.099,-0.401,-0.204,-0.177,-0.25,-0.188,-0.021,0.038,-0.062,0.078,-0.247,0.283,0.265,1.0
18,.,1.0,0.202,-0.041,0.33,-0.075,0.061,0.002,0.174,-0.214,-0.193,0.19,-0.286,-0.129,-0.375,0.156,-0.016
18,A1_1,0.202,1.0,-0.043,0.008,-0.156,-0.001,-0.418,-0.001,0.108,0.018,-0.344,-0.139,-0.095,0.077,0.287,0.07
18,A1_2,-0.041,-0.043,1.0,-0.062,0.12,0.122,-0.315,-0.016,0.17,0.072,0.032,-0.52,0.005,-0.009,0.021,0.099
18,A1_3,0.33,0.008,-0.062,1.0,0.076,-0.053,0.189,0.205,0.053,-0.062,0.145,-0.401,0.137,-0.135,-0.119,-0.401
18,B1_1,-0.075,-0.156,0.12,0.076,1.0,-0.106,-0.093,0.288,0.171,0.076,-0.242,0.193,-0.12,-0.103,-0.114,-0.204
18,B1_2,0.061,-0.001,0.122,-0.053,-0.106,1.0,-0.338,0.067,-0.09,0.094,-0.168,-0.128,-0.115,-0.325,0.152,-0.178
18,B1_3,0.002,-0.418,-0.315,0.189,-0.093,-0.338,1.0,-0.264,0.161,-0.046,0.236,-0.021,0.209,-0.157,-0.005,-0.25
18,A2_1,0.174,-0.001,-0.016,0.205,0.288,0.067,-0.264,1.0,-0.281,-0.115,0.037,0.015,0.031,0.2,-0.15,-0.188
18,A2_2,-0.214,0.108,0.17,0.053,0.171,-0.09,0.161,-0.281,1.0,0.01,-0.384,-0.035,-0.138,-0.08,-0.133,-0.021
18,A2_3,-0.193,0.018,0.072,-0.062,0.076,0.094,-0.046,-0.115,0.01,1.0,-0.177,-0.158,-0.214,-0.059,0.302,0.038
18,B2_1,0.19,-0.344,0.032,0.145,-0.242,-0.168,0.236,0.037,-0.384,-0.177,1.0,-0.096,0.175,0.094,-0.04,-0.063
18,B2_2,-0.286,-0.139,-0.52,-0.401,0.193,-0.128,-0.021,0.015,-0.035,-0.158,-0.096,1.0,-0.18,0.22,-0.091,0.078
18,B2_3,-0.129,-0.095,0.005,0.137,-0.12,-0.115,0.209,0.031,-0.138,-0.214,0.175,-0.18,1.0,0.176,-0.321,-0.248
18,y1,-0.375,0.077,-0.009,-0.135,-0.103,-0.325,-0.157,0.2,-0.08,-0.059,0.094,0.22,0.176,1.0,-0.023,0.284
18,y2,0.156,0.287,0.021,-0.119,-0.114,0.152,-0.005,-0.15,-0.133,0.302,-0.04,-0.091,-0.321,-0.023,1.0,0.266
18,y3,-0.016,0.07,0.099,-0.401,-0.204,-0.178,-0.25,-0.188,-0.021,0.038,-0.063,0.078,-0.248,0.284,0.266,1.0
19,.,1.0,0.203,-0.041,0.33,-0.077,0.061,0.001,0.173,-0.212,-0.194,0.189,-0.287,-0.131,-0.375,0.156,-0.015
19,A1_1,0.203,1.0,-0.042,0.009,-0.157,-0.003,-0.419,-0.001,0.109,0.019,-0.345,-0.14,-0.096,0.078,0.287,0.071
19,A1_2,-0.041,-0.042,1.0,-0.062,0.12,0.121,-0.315,-0.016,0.17,0.072,0.032,-0.52,0.005,-0.009,0.02,0.099
19,A1_3,0.33,0.009,-0.062,1.0,0.076,-0.053,0.189,0.205,0.053,-0.062,0.145,-0.402,0.137,-0.135,-0.119,-0.401
19,B1_1,-0.077,-0.157,0.12,0.076,1.0,-0.105,-0.092,0.288,0.17,0.076,-0.241,0.194,-0.119,-0.103,-0.115,-0.205
19,B1_2,0.061,-0.003,0.121,-0.053,-0.105,1.0,-0.338,0.067,-0.09,0.094,-0.168,-0.127,-0.115,-0.325,0.152,-0.178
19,B1_3,0.001,-0.419,-0.315,0.189,-0.092,-0.338,1.0,-0.264,0.161,-0.046,0.237,-0.02,0.21,-0.157,-0.006,-0.251
19,A2_1,0.173,-0.001,-0.016,0.205,0.288,0.067,-0.264,1.0,-0.281,-0.114,0.036,0.015,0.032,0.199,-0.15,-0.188
19,A2_2,-0.212,0.109,0.17,0.053,0.17,-0.09,0.161,-0.281,1.0,0.011,-0.384,-0.035,-0.138,-0.08,-0.133,-0.02
19,A2_3,-0.194,0.019,0.072,-0.062,0.076,0.094,-0.046,-0.114,0.011,1.0,-0.177,-0.158,-0.214,-0.059,0.302,0.038
19,B2_1,0.189,-0.345,0.032,0.145,-0.241,-0.168,0.237,0.036,-0.384,-0.177,1.0,-0.095,0.176,0.094,-0.041,-0.064
19,B2_2,-0.287,-0.14,-0.52,-0.402,0.194,-0.127,-0.02,0.015,-0.035,-0.158,-0.095,1.0,-0.178,0.219,-0.091,0.077
19,B2_3,-0.131,-0.096,0.005,0.137,-0.119,-0.115,0.21,0.032,-0.138,-0.214,0.176,-0.178,1.0,0.176,-0.321,-0.248
19,y1,-0.375,0.078,-0.009,-0.135,-0.103,-0.325,-0.157,0.199,-0.08,-0.059,0.094,0.219,0.176,1.0,-0.022,0.285
19,y2,0.156,0.287,0.02,-0.119,-0.115,0.152,-0.006,-0.15,-0.133,0.302,-0.041,-0.091,-0.321,-0.022,1.0,0.267
19,y3,-0.015,0.071,0.099,-0.401,-0.205,-0.178,-0.251,-0.188,-0.02,0.038,-0.064,0.077,-0.248,0.285,0.267,1.0
20,.,1.0,0.204,-0.04,0.329,-0.079,0.06,-0.0,0.172,-0.211,-0.194,0.187,-0.288,-0.133,-0.375,0.156,-0.014
20,A1_1,0.204,1.0,-0.041,0.009,-0.158,-0.004,-0.42,0.0,0.109,0.02,-0.346,-0.141,-0.096,0.078,0.287,0.071
20,A1_2,-0.04,-0.041,1.0,-0.061,0.12,0.121,-0.316,-0.015,0.171,0.073,0.031,-0.52,0.005,-0.009,0.02,0.099
20,A1_3,0.329,0.009,-0.061,1.0,0.076,-0.053,0.188,0.205,0.053,-0.061,0.144,-0.402,0.137,-0.135,-0.119,-0.401
20,B1_1,-0.079,-0.158,0.12,0.076,1.0,-0.105,-0.09,0.288,0.17,0.076,-0.24,0.195,-0.118,-0.103,-0.115,-0.205
20,B1_2,0.06,-0.004,0.121,-0.053,-0.105,1.0,-0.338,0.067,-0.09,0.094,-0.167,-0.127,-0.115,-0.324,0.151,-0.179
20,B1_3,-0.0,-0.42,-0.316,0.188,-0.09,-0.338,1.0,-0.264,0.16,-0.046,0.238,-0.018,0.211,-0.157,-0.006,-0.251
20,A2_1,0.172,0.0,-0.015,0.205,0.288,0.067,-0.264,1.0,-0.28,-0.114,0.036,0.015,0.032,0.198,-0.151,-0.188
20,A2_2,-0.211,0.109,0.171,0.053,0.17,-0.09,0.16,-0.28,1.0,0.011,-0.384,-0.036,-0.138,-0.08,-0.133,-0.02
20,A2_3,-0.194,0.02,0.073,-0.061,0.076,0.094,-0.046,-0.114,0.011,1.0,-0.177,-0.158,-0.213,-0.059,0.302,0.039
20,B2_1,0.187,-0.346,0.031,0.144,-0.24,-0.167,0.238,0.036,-0.384,-0.177,1.0,-0.093,0.177,0.093,-0.042,-0.065
20,B2_2,-0.288,-0.141,-0.52,-0.402,0.195,-0.127,-0.018,0.015,-0.036,-0.158,-0.093,1.0,-0.177,0.219,-0.092,0.076
20,B2_3,-0.133,-0.096,0.005,0.137,-0.118,-0.115,0.211,0.032,-0.138,-0.213,0.177,-0.177,1.0,0.176,-0.321,-0.249
20,y1,-0.375,0.078,-0.009,-0.135,-0.103,-0.324,-0.157,0.198,-0.08,-0.059,0.093,0.219,0.176,1.0,-0.021,0.286
20,y2,0.156,0.287,0.02,-0.119,-0.115,0.151,-0.006,-0.151,-0.133,0.302,-0.042,-0.092,-0.321,-0.021,1.0,0.268
20,y3,-0.014,0.071,0.099,-0.401,-0.205,-0.179,-0.251,-0.188,-0.02,0.039,-0.065,0.076,-0.249,0.286,0.268,1.0
21,.,1.0,0.205,-0.04,0.329,-0.082,0.06,-0.002,0.171,-0.21,-0.194,0.185,-0.289,-0.136,-0.374,0.156,-0.013
21,A1_1,0.205,1.0,-0.04,0.01,-0.159,-0.005,-0.421,0.001,0.11,0.02,-0.347,-0.142,-0.097,0.079,0.288,0.072
21,A1_2,-0.04,-0.04,1.0,-0.061,0.119,0.121,-0.316,-0.015,0.171,0.073,0.031,-0.521,0.004,-0.01,0.02,0.098
21,A1_3,0.329,0.01,-0.061,1.0,0.075,-0.054,0.187,0.205,0.054,-0.061,0.144,-0.402,0.136,-0.136,-0.12,-0.401
21,B1_1,-0.082,-0.159,0.119,0.075,1.0,-0.105,-0.089,0.288,0.169,0.076,-0.239,0.196,-0.117,-0.103,-0.116,-0.206
21,B1_2,0.06,-0.005,0.121,-0.054,-0.105,1.0,-0.337,0.067,-0.09,0.094,-0.167,-0.126,-0.114,-0.324,0.15,-0.179
21,B1_3,-0.002,-0.421,-0.316,0.187,-0.089,-0.337,1.0,-0.264,0.16,-0.046,0.239,-0.017,0.212,-0.157,-0.007,-0.251
21,A2_1,0.171,0.001,-0.015,0.205,0.288,0.067,-0.264,1.0,-0.28,-0.114,0.036,0.015,0.032,0.198,-0.151,-0.188
21,A2_2,-0.21,0.11,0.171,0.054,0.169,-0.09,0.16,-0.28,1.0,0.011,-0.384,-0.036,-0.138,-0.08,-0.133,-0.02
21,A2_3,-0.194,0.02,0.073,-0.061,0.076,0.094,-0.046,-0.114,0.011,1.0,-0.177,-0.159,-0.213,-0.059,0.301,0.039
21,B2_1,0.185,-0.347,0.031,0.144,-0.239,-0.167,0.239,0.036,-0.384,-0.177,1.0,-0.092,0.178,0.093,-0.043,-0.066
21,B2_2,-0.289,-0.142,-0.521,-0.402,0.196,-0.126,-0.017,0.015,-0.036,-0.159,-0.092,1.0,-0.175,0.219,-0.092,0.075
21,B2_3,-0.136,-0.097,0.004,0.136,-0.117,-0.114,0.212,0.032,-0.138,-0.213,0.178,-0.175,1.0,0.176,-0.322,-0.249
21,y1,-0.374,0.079,-0.01,-0.136,-0.103,-0.324,-0.157,0.198,-0.08,-0.059,0.093,0.219,0.176,1.0,-0.019,0.287
21,y2,0.156,0.288,0.02,-0.12,-0.116,0.15,-0.007,-0.151,-0.133,0.301,-0.043,-0.092,-0.322,-0.019,1.0,0.269
21,y3,-0.013,0.072,0.098,-0.401,-0.206,-0.179,-0.251,-0.188,-0.02,0.039,-0.066,0.075,-0.249,0.287,0.269,1.0
22,.,1.0,0.206,-0.039,0.328,-0.084,0.059,-0.004,0.17,-0.209,-0.194,0.183,-0.29,-0.138,-0.374,0.156,-0.012
22,A1_1,0.206,1.0,-0.04,0.011,-0.16,-0.006,-0.422,0.001,0.111,0.021,-0.348,-0.144,-0.099,0.08,0.288,0.072
22,A1_2,-0.039,-0.04,1.0,-0.06,0.118,0.12,-0.316,-0.014,0.171,0.074,0.03,-0.521,0.004,-0.01,0.02,0.098
22,A1_3,0.328,0.011,-0.06,1.0,0.075,-0.054,0.187,0.206,0.054,-0.06,0.143,-0.403,0.136,-0.136,-0.12,-0.4
22,B1_1,-0.084,-0.16,0.118,0.075,1.0,-0.105,-0.088,0.288,0.169,0.075,-0.237,0.197,-0.115,-0.103,-0.117,-0.206
22,B1_2,0.059,-0.006,0.12,-0.054,-0.105,1.0,-0.337,0.067,-0.091,0.094,-0.166,-0.125,-0.114,-0.324,0.149,-0.18
22,B1_3,-0.004,-0.422,-0.316,0.187,-0.088,-0.337,1.0,-0.264,0.159,-0.047,0.24,-0.016,0.212,-0.157,-0.008,-0.252
22,A2_1,0.17,0.001,-0.014,0.206,0.288,0.067,-0.264,1.0,-0.28,-0.113,0.036,0.014,0.033,0.197,-0.152,-0.189
22,A2_2,-0.209,0.111,0.171,0.054,0.169,-0.091,0.159,-0.28,1.0,0.012,-0.384,-0.037,-0.138,-0.08,-0.133,-0.02
22,A2_3,-0.194,0.021,0.074,-0.06,0.075,0.094,-0.047,-0.113,0.012,1.0,-0.177,-0.159,-0.213,-0.059,0.301,0.039
22,B2_1,0.183,-0.348,0.03,0.143,-0.237,-0.166,0.24,0.036,-0.384,-0.177,1.0,-0.091,0.179,0.092,-0.044,-0.067
22,B2_2,-0.29,-0.144,-0.521,-0.403,0.197,-0.125,-0.016,0.014,-0.037,-0.159,-0.091,1.0,-0.174,0.219,-0.093,0.075
22,B2_3,-0.138,-0.099,0.004,0.136,-0.115,-0.114,0.212,0.033,-0.138,-0.213,0.179,-0.174,1.0,0.175,-0.322,-0.25
22,y1,-0.374,0.08,-0.01,-0.136,-0.103,-0.324,-0.157,0.197,-0.08,-0.059,0.092,0.219,0.175,1.0,-0.018,0.288
22,y2,0.156,0.288,0.02,-0.12,-0.117,0.149,-0.008,-0.152,-0.133,0.301,-0.044,-0.093,-0.322,-0.018,1.0,0.27
22,y3,-0.012,0.072,0.098,-0.4,-0.206,-0.18,-0.252,-0.189,-0.02,0.039,-0.067,0.075,-0.25,0.288,0.27,1.0
23,.,1.0,0.208,-0.039,0.327,-0.087,0.057,-0.006,0.169,-0.207,-0.194,0.181,-0.291,-0.141,-0.373,0.157,-0.011
23,A1_1,0.208,1.0,-0.039,0.011,-0.162,-0.008,-0.423,0.002,0.111,0.022,-0.35,-0.145,-0.1,0.08,0.288,0.073
23,A1_2,-0.039,-0.039,1.0,-0.059,0.118,0.12,-0.317,-0.014,0.172,0.074,0.03,-0.521,0.004,-0.01,0.019,0.098
23,A1_3,0.327,0.011,-0.059,1.0,0.074,-0.054,0.186,0.206,0.054,-0.06,0.142,-0.403,0.136,-0.136,-0.12,-0.4
23,B1_1,-0.087,-0.162,0.118,0.074,1.0,-0.104,-0.086,0.288,0.169,0.075,-0.236,0.199,-0.114,-0.103,-0.117,-0.207
23,B1_2,0.057,-0.008,0.12,-0.054,-0.104,1.0,-0.336,0.067,-0.091,0.093,-0.166,-0.124,-0.114,-0.324,0.149,-0.18
23,B1_3,-0.006,-0.423,-0.317,0.186,-0.086,-0.336,1.0,-0.264,0.159,-0.047,0.241,-0.014,0.213,-0.157,-0.009,-0.252
23,A2_1,0.169,0.002,-0.014,0.206,0.288,0.067,-0.264,1.0,-0.279,-0.113,0.036,0.014,0.033,0.196,-0.152,-0.189
23,A2_2,-0.207,0.111,0.172,0.054,0.169,-0.091,0.159,-0.279,1.0,0.012,-0.384,-0.037,-0.138,-0.08,-0.133,-0.02
23,A2_3,-0.194,0.022,0.074,-0.06,0.075,0.093,-0.047,-0.113,0.012,1.0,-0.178,-0.159,-0.213,-0.058,0.301,0.039
23,B2_1,0.181,-0.35,0.03,0.142,-0.236,-0.166,0.241,0.036,-0.384,-0.178,1.0,-0.089,0.18,0.092,-0.045,-0.068
23,B2_2,-0.291,-0.145,-0.521,-0.403,0.199,-0.124,-0.014,0.014,-0.037,-0.159,-0.089,1.0,-0.172,0.218,-0.093,0.074
23,B2_3,-0.141,-0.1,0.004,0.136,-0.114,-0.114,0.213,0.033,-0.138,-0.213,0.18,-0.172,1.0,0.175,-0.323,-0.251
23,y1,-0.373,0.08,-0.01,-0.136,-0.103,-0.324,-0.157,0.196,-0.08,-0.058,0.092,0.218,0.175,1.0,-0.016,0.289
23,y2,0.157,0.288,0.019,-0.12,-0.117,0.149,-0.009,-0.152,-0.133,0.301,-0.045,-0.093,-0.323,-0.016,1.0,0.272
23,y3,-0.011,0.073,0.098,-0.4,-0.207,-0.18,-0.252,-0.189,-0.02,0.039,-0.068,0.074,-0.251,0.289,0.272,1.0
24,.,1.0,0.209,-0.038,0.327,-0.09,0.056,-0.008,0.168,-0.206,-0.194,0.178,-0.292,-0.144,-0.373,0.157,-0.009
24,A1_1,0.209,1.0,-0.038,0.012,-0.163,-0.009,-0.425,0.003,0.112,0.023,-0.351,-0.147,-0.101,0.081,0.288,0.074
