,,.,A1_1,A1_2,A1_3,B1_1,B1_2,B1_3,A2_1,A2_2,A2_3,B2_1,B2_2,B2_3,y1,y2,y3
1,.,1.0,0.816,0.836,0.865,0.675,0.856,0.604,0.857,0.699,0.795,0.709,0.545,0.691,0.652,0.719,0.692
1,A1_1,0.816,1.0,0.743,0.698,0.619,0.84,0.58,0.651,0.709,0.781,0.567,0.486,0.575,0.69,0.746,0.728
1,A1_2,0.836,0.743,1.0,0.774,0.74,0.816,0.673,0.747,0.751,0.787,0.796,0.384,0.704,0.724,0.785,0.692
1,A1_3,0.865,0.698,0.774,1.0,0.678,0.72,0.613,0.875,0.753,0.724,0.646,0.443,0.63,0.657,0.643,0.668
1,B1_1,0.675,0.619,0.74,0.678,1.0,0.674,0.667,0.665,0.579,0.638,0.661,0.652,0.654,0.829,0.613,0.559
1,B1_2,0.856,0.84,0.816,0.72,0.674,1.0,0.632,0.693,0.677,0.814,0.729,0.565,0.634,0.654,0.822,0.695
1,B1_3,0.604,0.58,0.673,0.613,0.667,0.632,1.0,0.501,0.634,0.737,0.716,0.54,0.788,0.687,0.771,0.589
1,A2_1,0.857,0.651,0.747,0.875,0.665,0.693,0.501,1.0,0.673,0.719,0.683,0.597,0.63,0.685,0.641,0.655
1,A2_2,0.699,0.709,0.751,0.753,0.579,0.677,0.634,0.673,1.0,0.648,0.714,0.477,0.542,0.721,0.645,0.779
1,A2_3,0.795,0.781,0.787,0.724,0.638,0.814,0.737,0.719,0.648,1.0,0.73,0.55,0.702,0.641,0.888,0.762
1,B2_1,0.709,0.567,0.796,0.646,0.661,0.729,0.716,0.683,0.714,0.73,1.0,0.638,0.698,0.738,0.756,0.668
1,B2_2,0.545,0.486,0.384,0.443,0.652,0.565,0.54,0.597,0.477,0.55,0.638,1.0,0.531,0.74,0.574,0.626
1,B2_3,0.691,0.575,0.704,0.63,0.654,0.634,0.788,0.63,0.542,0.702,0.698,0.531,1.0,0.747,0.738,0.686
1,y1,0.652,0.69,0.724,0.657,0.829,0.654,0.687,0.685,0.721,0.641,0.738,0.74,0.747,1.0,0.693,0.803
1,y2,0.719,0.746,0.785,0.643,0.613,0.822,0.771,0.641,0.645,0.888,0.756,0.574,0.738,0.693,1.0,0.756
1,y3,0.692,0.728,0.692,0.668,0.559,0.695,0.589,0.655,0.779,0.762,0.668,0.626,0.686,0.803,0.756,1.0
2,.,1.0,0.811,0.834,0.865,0.665,0.854,0.597,0.855,0.696,0.795,0.707,0.535,0.683,0.645,0.716,0.689
2,A1_1,0.811,1.0,0.737,0.692,0.609,0.836,0.568,0.642,0.703,0.777,0.557,0.471,0.565,0.682,0.741,0.724
2,A1_2,0.834,0.737,1.0,0.771,0.737,0.811,0.668,0.743,0.747,0.785,0.793,0.374,0.7,0.72,0.782,0.689
2,A1_3,0.865,0.692,0.771,1.0,0.672,0.714,0.61,0.874,0.752,0.723,0.644,0.436,0.627,0.651,0.639,0.666
2,B1_1,0.665,0.609,0.737,0.672,1.0,0.665,0.66,0.662,0.57,0.633,0.655,0.646,0.65,0.828,0.607,0.559
2,B1_2,0.854,0.836,0.811,0.714,0.665,1.0,0.623,0.687,0.666,0.811,0.723,0.554,0.626,0.645,0.818,0.691
2,B1_3,0.597,0.568,0.668,0.61,0.66,0.623,1.0,0.502,0.625,0.735,0.711,0.533,0.784,0.681,0.767,0.587
2,A2_1,0.855,0.642,0.743,0.874,0.662,0.687,0.502,1.0,0.675,0.717,0.683,0.596,0.631,0.682,0.637,0.654
2,A2_2,0.696,0.703,0.747,0.752,0.57,0.666,0.625,0.675,1.0,0.642,0.708,0.469,0.537,0.717,0.638,0.78
2,A2_3,0.795,0.777,0.785,0.723,0.633,0.811,0.735,0.717,0.642,1.0,0.726,0.544,0.7,0.636,0.886,0.76
2,B2_1,0.707,0.557,0.793,0.644,0.655,0.723,0.711,0.683,0.708,0.726,1.0,0.633,0.692,0.732,0.752,0.665
2,B2_2,0.535,0.471,0.374,0.436,0.646,0.554,0.533,0.596,0.469,0.544,0.633,1.0,0.527,0.737,0.566,0.625
2,B2_3,0.683,0.565,0.7,0.627,0.65,0.626,0.784,0.631,0.537,0.7,0.692,0.527,1.0,0.746,0.735,0.684
2,y1,0.645,0.682,0.72,0.651,0.828,0.645,0.681,0.682,0.717,0.636,0.732,0.737,0.746,1.0,0.688,0.802
2,y2,0.716,0.741,0.782,0.639,0.607,0.818,0.767,0.637,0.638,0.886,0.752,0.566,0.735,0.688,1.0,0.754
2,y3,0.689,0.724,0.689,0.666,0.559,0.691,0.587,0.654,0.78,0.76,0.665,0.625,0.684,0.802,0.754,1.0
3,.,1.0,0.806,0.832,0.866,0.658,0.853,0.593,0.854,0.695,0.795,0.706,0.528,0.677,0.64,0.714,0.688
3,A1_1,0.806,1.0,0.733,0.687,0.599,0.832,0.558,0.635,0.699,0.774,0.55,0.459,0.557,0.675,0.737,0.722
3,A1_2,0.832,0.733,1.0,0.769,0.735,0.808,0.665,0.742,0.744,0.783,0.79,0.369,0.697,0.718,0.779,0.688
3,A1_3,0.866,0.687,0.769,1.0,0.668,0.71,0.61,0.874,0.751,0.722,0.645,0.433,0.626,0.647,0.637,0.666
3,B1_1,0.658,0.599,0.735,0.668,1.0,0.658,0.656,0.662,0.565,0.631,0.652,0.643,0.65,0.829,0.603,0.561
3,B1_2,0.853,0.832,0.808,0.71,0.658,1.0,0.617,0.684,0.659,0.81,0.719,0.547,0.621,0.638,0.815,0.688
3,B1_3,0.593,0.558,0.665,0.61,0.656,0.617,1.0,0.507,0.62,0.733,0.708,0.531,0.782,0.678,0.764,0.587
3,A2_1,0.854,0.635,0.742,0.874,0.662,0.684,0.507,1.0,0.678,0.717,0.686,0.598,0.635,0.682,0.636,0.654
3,A2_2,0.695,0.699,0.744,0.751,0.565,0.659,0.62,0.678,1.0,0.639,0.705,0.466,0.535,0.715,0.633,0.782
3,A2_3,0.795,0.774,0.783,0.722,0.631,0.81,0.733,0.717,0.639,1.0,0.723,0.541,0.699,0.633,0.886,0.758
3,B2_1,0.706,0.55,0.79,0.645,0.652,0.719,0.708,0.686,0.705,0.723,1.0,0.631,0.688,0.728,0.749,0.663
3,B2_2,0.528,0.459,0.369,0.433,0.643,0.547,0.531,0.598,0.466,0.541,0.631,1.0,0.528,0.736,0.561,0.625
3,B2_3,0.677,0.557,0.697,0.626,0.65,0.621,0.782,0.635,0.535,0.699,0.688,0.528,1.0,0.747,0.733,0.684
3,y1,0.64,0.675,0.718,0.647,0.829,0.638,0.678,0.682,0.715,0.633,0.728,0.736,0.747,1.0,0.685,0.802
3,y2,0.714,0.737,0.779,0.637,0.603,0.815,0.764,0.636,0.633,0.886,0.749,0.561,0.733,0.685,1.0,0.753
3,y3,0.688,0.722,0.688,0.666,0.561,0.688,0.587,0.654,0.782,0.758,0.663,0.625,0.684,0.802,0.753,1.0
4,.,1.0,0.802,0.831,0.867,0.652,0.852,0.591,0.854,0.695,0.795,0.707,0.523,0.672,0.635,0.712,0.687
4,A1_1,0.802,1.0,0.729,0.682,0.591,0.828,0.549,0.629,0.695,0.772,0.543,0.449,0.549,0.669,0.733,0.72
4,A1_2,0.831,0.729,1.0,0.767,0.734,0.805,0.662,0.741,0.743,0.782,0.789,0.366,0.696,0.716,0.776,0.687
4,A1_3,0.867,0.682,0.767,1.0,0.664,0.708,0.611,0.874,0.752,0.723,0.646,0.431,0.627,0.644,0.635,0.666
4,B1_1,0.652,0.591,0.734,0.664,1.0,0.653,0.655,0.663,0.562,0.629,0.65,0.643,0.651,0.831,0.601,0.565
4,B1_2,0.852,0.828,0.805,0.708,0.653,1.0,0.613,0.682,0.653,0.808,0.717,0.543,0.618,0.633,0.812,0.687
4,B1_3,0.591,0.549,0.662,0.611,0.655,0.613,1.0,0.514,0.617,0.733,0.708,0.533,0.782,0.676,0.762,0.589
4,A2_1,0.854,0.629,0.741,0.874,0.663,0.682,0.514,1.0,0.682,0.717,0.689,0.601,0.639,0.682,0.635,0.654
4,A2_2,0.695,0.695,0.743,0.752,0.562,0.653,0.617,0.682,1.0,0.638,0.702,0.465,0.536,0.713,0.629,0.783
4,A2_3,0.795,0.772,0.782,0.723,0.629,0.808,0.733,0.717,0.638,1.0,0.722,0.539,0.699,0.631,0.885,0.757
4,B2_1,0.707,0.543,0.789,0.646,0.65,0.717,0.708,0.689,0.702,0.722,1.0,0.631,0.687,0.724,0.747,0.662
4,B2_2,0.523,0.449,0.366,0.431,0.643,0.543,0.533,0.601,0.465,0.539,0.631,1.0,0.532,0.736,0.558,0.627
4,B2_3,0.672,0.549,0.696,0.627,0.651,0.618,0.782,0.639,0.536,0.699,0.687,0.532,1.0,0.749,0.732,0.685
4,y1,0.635,0.669,0.716,0.644,0.831,0.633,0.676,0.682,0.713,0.631,0.724,0.736,0.749,1.0,0.683,0.803
4,y2,0.712,0.733,0.776,0.635,0.601,0.812,0.762,0.635,0.629,0.885,0.747,0.558,0.732,0.683,1.0,0.752
4,y3,0.687,0.72,0.687,0.666,0.565,0.687,0.589,0.654,0.783,0.757,0.662,0.627,0.685,0.803,0.752,1.0
5,.,1.0,0.799,0.83,0.869,0.647,0.852,0.592,0.853,0.696,0.796,0.708,0.519,0.668,0.631,0.711,0.686
5,A1_1,0.799,1.0,0.726,0.679,0.585,0.825,0.542,0.624,0.693,0.771,0.538,0.441,0.544,0.664,0.73,0.719
5,A1_2,0.83,0.726,1.0,0.767,0.733,0.804,0.662,0.741,0.743,0.782,0.788,0.366,0.696,0.715,0.775,0.687
5,A1_3,0.869,0.679,0.767,1.0,0.662,0.707,0.613,0.875,0.753,0.724,0.649,0.431,0.628,0.641,0.635,0.667
5,B1_1,0.647,0.585,0.733,0.662,1.0,0.65,0.657,0.666,0.561,0.629,0.651,0.646,0.656,0.833,0.6,0.57
5,B1_2,0.852,0.825,0.804,0.707,0.65,1.0,0.612,0.682,0.649,0.808,0.716,0.541,0.618,0.631,0.811,0.687
5,B1_3,0.592,0.542,0.662,0.613,0.657,0.612,1.0,0.523,0.617,0.734,0.71,0.537,0.783,0.677,0.761,0.592
5,A2_1,0.853,0.624,0.741,0.875,0.666,0.682,0.523,1.0,0.688,0.719,0.694,0.605,0.646,0.683,0.635,0.655
5,A2_2,0.696,0.693,0.743,0.753,0.561,0.649,0.617,0.688,1.0,0.638,0.702,0.466,0.54,0.712,0.627,0.785
5,A2_3,0.796,0.771,0.782,0.724,0.629,0.808,0.734,0.719,0.638,1.0,0.721,0.539,0.701,0.63,0.885,0.757
5,B2_1,0.708,0.538,0.788,0.649,0.651,0.716,0.71,0.694,0.702,0.721,1.0,0.634,0.688,0.723,0.746,0.663
5,B2_2,0.519,0.441,0.366,0.431,0.646,0.541,0.537,0.605,0.466,0.539,0.634,1.0,0.539,0.738,0.556,0.63
5,B2_3,0.668,0.544,0.696,0.628,0.656,0.618,0.783,0.646,0.54,0.701,0.688,0.539,1.0,0.753,0.732,0.687
5,y1,0.631,0.664,0.715,0.641,0.833,0.631,0.677,0.683,0.712,0.63,0.723,0.738,0.753,1.0,0.682,0.803
5,y2,0.711,0.73,0.775,0.635,0.6,0.811,0.761,0.635,0.627,0.885,0.746,0.556,0.732,0.682,1.0,0.752
5,y3,0.686,0.719,0.687,0.667,0.57,0.687,0.592,0.655,0.785,0.757,0.663,0.63,0.687,0.803,0.752,1.0
6,.,1.0,0.795,0.829,0.871,0.643,0.852,0.593,0.853,0.698,0.797,0.71,0.516,0.665,0.627,0.71,0.685
6,A1_1,0.795,1.0,0.724,0.676,0.578,0.822,0.536,0.62,0.691,0.77,0.534,0.433,0.539,0.659,0.728,0.718
6,A1_2,0.829,0.724,1.0,0.768,0.733,0.803,0.662,0.742,0.743,0.782,0.787,0.367,0.696,0.714,0.774,0.687
6,A1_3,0.871,0.676,0.768,1.0,0.661,0.706,0.617,0.876,0.755,0.725,0.652,0.433,0.631,0.639,0.634,0.667
6,B1_1,0.643,0.578,0.733,0.661,1.0,0.649,0.66,0.669,0.562,0.63,0.654,0.65,0.661,0.836,0.601,0.576
6,B1_2,0.852,0.822,0.803,0.706,0.649,1.0,0.612,0.682,0.647,0.808,0.716,0.542,0.619,0.629,0.81,0.687
6,B1_3,0.593,0.536,0.662,0.617,0.66,0.612,1.0,0.533,0.618,0.735,0.714,0.544,0.785,0.678,0.761,0.595
6,A2_1,0.853,0.62,0.742,0.876,0.669,0.682,0.533,1.0,0.694,0.721,0.698,0.61,0.652,0.684,0.635,0.655
6,A2_2,0.698,0.691,0.743,0.755,0.562,0.647,0.618,0.694,1.0,0.639,0.702,0.47,0.545,0.713,0.626,0.787
6,A2_3,0.797,0.77,0.782,0.725,0.63,0.808,0.735,0.721,0.639,1.0,0.721,0.539,0.703,0.63,0.884,0.757
6,B2_1,0.71,0.534,0.787,0.652,0.654,0.716,0.714,0.698,0.702,0.721,1.0,0.637,0.69,0.722,0.745,0.663
6,B2_2,0.516,0.433,0.367,0.433,0.65,0.542,0.544,0.61,0.47,0.539,0.637,1.0,0.548,0.741,0.556,0.633
6,B2_3,0.665,0.539,0.696,0.631,0.661,0.619,0.785,0.652,0.545,0.703,0.69,0.548,1.0,0.757,0.732,0.689
6,y1,0.627,0.659,0.714,0.639,0.836,0.629,0.678,0.684,0.713,0.63,0.722,0.741,0.757,1.0,0.682,0.804
6,y2,0.71,0.728,0.774,0.634,0.601,0.81,0.761,0.635,0.626,0.884,0.745,0.556,0.732,0.682,1.0,0.753
6,y3,0.685,0.718,0.687,0.667,0.576,0.687,0.595,0.655,0.787,0.757,0.663,0.633,0.689,0.804,0.753,1.0
7,.,1.0,0.792,0.829,0.872,0.639,0.852,0.594,0.853,0.701,0.797,0.712,0.513,0.661,0.622,0.709,0.683
7,A1_1,0.792,1.0,0.722,0.673,0.572,0.819,0.531,0.617,0.689,0.769,0.53,0.426,0.535,0.654,0.726,0.717
7,A1_2,0.829,0.722,1.0,0.768,0.733,0.803,0.662,0.743,0.745,0.782,0.787,0.369,0.697,0.713,0.773,0.688
7,A1_3,0.872,0.673,0.768,1.0,0.66,0.706,0.62,0.877,0.758,0.727,0.655,0.434,0.633,0.637,0.634,0.667
7,B1_1,0.639,0.572,0.733,0.66,1.0,0.649,0.665,0.673,0.564,0.631,0.657,0.655,0.667,0.838,0.602,0.581
7,B1_2,0.852,0.819,0.803,0.706,0.649,1.0,0.614,0.684,0.647,0.808,0.717,0.543,0.621,0.629,0.809,0.688
7,B1_3,0.594,0.531,0.662,0.62,0.665,0.614,1.0,0.542,0.62,0.736,0.718,0.552,0.788,0.68,0.76,0.598
7,A2_1,0.853,0.617,0.743,0.877,0.673,0.684,0.542,1.0,0.699,0.722,0.703,0.614,0.659,0.684,0.635,0.655
7,A2_2,0.701,0.689,0.745,0.758,0.564,0.647,0.62,0.699,1.0,0.641,0.703,0.473,0.55,0.713,0.625,0.788
7,A2_3,0.797,0.769,0.782,0.727,0.631,0.808,0.736,0.722,0.641,1.0,0.721,0.54,0.705,0.63,0.884,0.758
7,B2_1,0.712,0.53,0.787,0.655,0.657,0.717,0.718,0.703,0.703,0.721,1.0,0.642,0.693,0.722,0.745,0.663
7,B2_2,0.513,0.426,0.369,0.434,0.655,0.543,0.552,0.614,0.473,0.54,0.642,1.0,0.557,0.744,0.556,0.635
7,B2_3,0.661,0.535,0.697,0.633,0.667,0.621,0.788,0.659,0.55,0.705,0.693,0.557,1.0,0.761,0.733,0.691
7,y1,0.622,0.654,0.713,0.637,0.838,0.629,0.68,0.684,0.713,0.63,0.722,0.744,0.761,1.0,0.682,0.805
7,y2,0.709,0.726,0.773,0.634,0.602,0.809,0.76,0.635,0.625,0.884,0.745,0.556,0.733,0.682,1.0,0.754
7,y3,0.683,0.717,0.688,0.667,0.581,0.688,0.598,0.655,0.788,0.758,0.663,0.635,0.691,0.805,0.754,1.0
8,.,1.0,0.789,0.828,0.874,0.635,0.852,0.595,0.852,0.703,0.797,0.714,0.51,0.658,0.617,0.707,0.681
8,A1_1,0.789,1.0,0.72,0.67,0.566,0.816,0.525,0.613,0.688,0.768,0.526,0.419,0.53,0.649,0.723,0.716
8,A1_2,0.828,0.72,1.0,0.769,0.733,0.802,0.663,0.744,0.746,0.783,0.786,0.371,0.697,0.712,0.772,0.688
8,A1_3,0.874,0.67,0.769,1.0,0.659,0.706,0.622,0.878,0.76,0.728,0.659,0.435,0.635,0.633,0.633,0.667
8,B1_1,0.635,0.566,0.733,0.659,1.0,0.649,0.67,0.676,0.567,0.632,0.661,0.661,0.674,0.841,0.602,0.586
8,B1_2,0.852,0.816,0.802,0.706,0.649,1.0,0.616,0.685,0.646,0.809,0.719,0.544,0.624,0.628,0.809,0.688
8,B1_3,0.595,0.525,0.663,0.622,0.67,0.616,1.0,0.551,0.622,0.736,0.723,0.561,0.791,0.682,0.76,0.601
8,A2_1,0.852,0.613,0.744,0.878,0.676,0.685,0.551,1.0,0.705,0.724,0.707,0.617,0.665,0.684,0.635,0.655
8,A2_2,0.703,0.688,0.746,0.76,0.567,0.646,0.622,0.705,1.0,0.643,0.703,0.477,0.556,0.712,0.624,0.788
8,A2_3,0.797,0.768,0.783,0.728,0.632,0.809,0.736,0.724,0.643,1.0,0.721,0.541,0.707,0.63,0.884,0.757
8,B2_1,0.714,0.526,0.786,0.659,0.661,0.719,0.723,0.707,0.703,0.721,1.0,0.647,0.697,0.721,0.744,0.663
8,B2_2,0.51,0.419,0.371,0.435,0.661,0.544,0.561,0.617,0.477,0.541,0.647,1.0,0.568,0.746,0.556,0.637
8,B2_3,0.658,0.53,0.697,0.635,0.674,0.624,0.791,0.665,0.556,0.707,0.697,0.568,1.0,0.765,0.733,0.693
8,y1,0.617,0.649,0.712,0.633,0.841,0.628,0.682,0.684,0.712,0.63,0.721,0.746,0.765,1.0,0.682,0.805
8,y2,0.707,0.723,0.772,0.633,0.602,0.809,0.76,0.635,0.624,0.884,0.744,0.556,0.733,0.682,1.0,0.754
8,y3,0.681,0.716,0.688,0.667,0.586,0.688,0.601,0.655,0.788,0.757,0.663,0.637,0.693,0.805,0.754,1.0
9,.,1.0,0.785,0.827,0.874,0.63,0.851,0.595,0.851,0.704,0.796,0.714,0.505,0.653,0.609,0.704,0.677
9,A1_1,0.785,1.0,0.718,0.667,0.559,0.813,0.518,0.609,0.686,0.767,0.521,0.41,0.524,0.643,0.721,0.714
9,A1_2,0.827,0.718,1.0,0.77,0.733,0.802,0.662,0.744,0.748,0.783,0.785,0.372,0.697,0.71,0.771,0.688
9,A1_3,0.874,0.667,0.77,1.0,0.657,0.706,0.624,0.879,0.762,0.729,0.661,0.434,0.635,0.629,0.631,0.665
9,B1_1,0.63,0.559,0.733,0.657,1.0,0.65,0.675,0.678,0.569,0.633,0.665,0.666,0.681,0.843,0.603,0.59
9,B1_2,0.851,0.813,0.802,0.706,0.65,1.0,0.618,0.687,0.646,0.809,0.721,0.546,0.627,0.628,0.808,0.689
9,B1_3,0.595,0.518,0.662,0.624,0.675,0.618,1.0,0.558,0.623,0.737,0.728,0.57,0.794,0.683,0.759,0.603
9,A2_1,0.851,0.609,0.744,0.879,0.678,0.687,0.558,1.0,0.71,0.726,0.711,0.619,0.669,0.683,0.634,0.653
9,A2_2,0.704,0.686,0.748,0.762,0.569,0.646,0.623,0.71,1.0,0.644,0.704,0.48,0.561,0.711,0.623,0.788
9,A2_3,0.796,0.767,0.783,0.729,0.633,0.809,0.737,0.726,0.644,1.0,0.721,0.542,0.709,0.63,0.883,0.757
9,B2_1,0.714,0.521,0.785,0.661,0.665,0.721,0.728,0.711,0.704,0.721,1.0,0.651,0.7,0.721,0.743,0.662
9,B2_2,0.505,0.41,0.372,0.434,0.666,0.546,0.57,0.619,0.48,0.542,0.651,1.0,0.578,0.749,0.555,0.638
9,B2_3,0.653,0.524,0.697,0.635,0.681,0.627,0.794,0.669,0.561,0.709,0.7,0.578,1.0,0.769,0.733,0.694
9,y1,0.609,0.643,0.71,0.629,0.843,0.628,0.683,0.683,0.711,0.63,0.721,0.749,0.769,1.0,0.681,0.806
9,y2,0.704,0.721,0.771,0.631,0.603,0.808,0.759,0.634,0.623,0.883,0.743,0.555,0.733,0.681,1.0,0.754
9,y3,0.677,0.714,0.688,0.665,0.59,0.689,0.603,0.653,0.788,0.757,0.662,0.638,0.694,0.806,0.754,1.0
10,.,1.0,0.781,0.825,0.875,0.624,0.85,0.594,0.849,0.705,0.795,0.714,0.499,0.647,0.601,0.7,0.672
10,A1_1,0.781,1.0,0.716,0.663,0.551,0.808,0.51,0.604,0.684,0.766,0.515,0.4,0.517,0.636,0.718,0.712
10,A1_2,0.825,0.716,1.0,0.77,0.732,0.802,0.662,0.745,0.749,0.783,0.783,0.372,0.697,0.708,0.769,0.686
10,A1_3,0.875,0.663,0.77,1.0,0.655,0.706,0.625,0.879,0.763,0.729,0.662,0.433,0.635,0.624,0.628,0.662
10,B1_1,0.624,0.551,0.732,0.655,1.0,0.651,0.68,0.68,0.57,0.633,0.669,0.672,0.687,0.845,0.602,0.593
10,B1_2,0.85,0.808,0.802,0.706,0.651,1.0,0.621,0.688,0.646,0.809,0.722,0.548,0.63,0.628,0.807,0.688
10,B1_3,0.594,0.51,0.662,0.625,0.68,0.621,1.0,0.564,0.624,0.737,0.733,0.578,0.797,0.684,0.757,0.603
10,A2_1,0.849,0.604,0.745,0.879,0.68,0.688,0.564,1.0,0.714,0.727,0.714,0.62,0.674,0.681,0.632,0.651
10,A2_2,0.705,0.684,0.749,0.763,0.57,0.646,0.624,0.714,1.0,0.646,0.704,0.481,0.565,0.71,0.621,0.787
10,A2_3,0.795,0.766,0.783,0.729,0.633,0.809,0.737,0.727,0.646,1.0,0.721,0.541,0.71,0.629,0.882,0.756
10,B2_1,0.714,0.515,0.783,0.662,0.669,0.722,0.733,0.714,0.704,0.721,1.0,0.656,0.704,0.72,0.741,0.66
10,B2_2,0.499,0.4,0.372,0.433,0.672,0.548,0.578,0.62,0.481,0.541,0.656,1.0,0.587,0.751,0.554,0.638
10,B2_3,0.647,0.517,0.697,0.635,0.687,0.63,0.797,0.674,0.565,0.71,0.704,0.587,1.0,0.773,0.733,0.693
10,y1,0.601,0.636,0.708,0.624,0.845,0.628,0.684,0.681,0.71,0.629,0.72,0.751,0.773,1.0,0.68,0.805
10,y2,0.7,0.718,0.769,0.628,0.602,0.807,0.757,0.632,0.621,0.882,0.741,0.554,0.733,0.68,1.0,0.754
10,y3,0.672,0.712,0.686,0.662,0.593,0.688,0.603,0.651,0.787,0.756,0.66,0.638,0.693,0.805,0.754,1.0
11,.,1.0,0.776,0.822,0.875,0.616,0.848,0.59,0.847,0.705,0.792,0.712,0.491,0.638,0.59,0.694,0.665
11,A1_1,0.776,1.0,0.713,0.658,0.541,0.804,0.5,0.598,0.681,0.763,0.508,0.388,0.508,0.627,0.714,0.709
11,A1_2,0.822,0.713,1.0,0.77,0.729,0.801,0.659,0.745,0.75,0.783,0.781,0.37,0.695,0.704,0.766,0.684
11,A1_3,0.875,0.658,0.77,1.0,0.651,0.705,0.624,0.88,0.764,0.728,0.662,0.429,0.634,0.617,0.624,0.657
11,B1_1,0.616,0.541,0.729,0.651,1.0,0.651,0.684,0.68,0.571,0.632,0.672,0.677,0.693,0.846,0.601,0.595
11,B1_2,0.848,0.804,0.801,0.705,0.651,1.0,0.622,0.689,0.645,0.809,0.723,0.548,0.632,0.627,0.806,0.687
11,B1_3,0.59,0.5,0.659,0.624,0.684,0.622,1.0,0.568,0.623,0.735,0.737,0.586,0.8,0.684,0.754,0.602
11,A2_1,0.847,0.598,0.745,0.88,0.68,0.689,0.568,1.0,0.717,0.727,0.715,0.62,0.676,0.677,0.629,0.646
11,A2_2,0.705,0.681,0.75,0.764,0.571,0.645,0.623,0.717,1.0,0.647,0.703,0.481,0.568,0.707,0.619,0.785
11,A2_3,0.792,0.763,0.783,0.728,0.632,0.809,0.735,0.727,0.647,1.0,0.719,0.54,0.71,0.627,0.881,0.754
11,B2_1,0.712,0.508,0.781,0.662,0.672,0.723,0.737,0.715,0.703,0.719,1.0,0.66,0.707,0.718,0.739,0.656
11,B2_2,0.491,0.388,0.37,0.429,0.677,0.548,0.586,0.62,0.481,0.54,0.66,1.0,0.596,0.752,0.552,0.636
11,B2_3,0.638,0.508,0.695,0.634,0.693,0.632,0.8,0.676,0.568,0.71,0.707,0.596,1.0,0.775,0.731,0.692
11,y1,0.59,0.627,0.704,0.617,0.846,0.627,0.684,0.677,0.707,0.627,0.718,0.752,0.775,1.0,0.678,0.804
11,y2,0.694,0.714,0.766,0.624,0.601,0.806,0.754,0.629,0.619,0.881,0.739,0.552,0.731,0.678,1.0,0.753
11,y3,0.665,0.709,0.684,0.657,0.595,0.687,0.602,0.646,0.785,0.754,0.656,0.636,0.692,0.804,0.753,1.0
12,.,1.0,0.771,0.819,0.874,0.607,0.846,0.586,0.844,0.703,0.789,0.708,0.481,0.628,0.577,0.687,0.657
12,A1_1,0.771,1.0,0.71,0.653,0.53,0.798,0.489,0.592,0.677,0.761,0.499,0.374,0.498,0.618,0.71,0.705
12,A1_2,0.819,0.71,1.0,0.77,0.727,0.8,0.657,0.744,0.751,0.783,0.778,0.367,0.693,0.7,0.764,0.681
12,A1_3,0.874,0.653,0.77,1.0,0.646,0.703,0.622,0.88,0.764,0.728,0.661,0.424,0.631,0.609,0.618,0.651
12,B1_1,0.607,0.53,0.727,0.646,1.0,0.651,0.689,0.68,0.57,0.631,0.676,0.682,0.698,0.847,0.598,0.595
12,B1_2,0.846,0.798,0.8,0.703,0.651,1.0,0.623,0.689,0.644,0.808,0.724,0.549,0.633,0.625,0.804,0.686
12,B1_3,0.586,0.489,0.657,0.622,0.689,0.623,1.0,0.571,0.622,0.733,0.741,0.593,0.802,0.683,0.751,0.6
12,A2_1,0.844,0.592,0.744,0.88,0.68,0.689,0.571,1.0,0.72,0.727,0.716,0.618,0.677,0.673,0.624,0.641
12,A2_2,0.703,0.677,0.751,0.764,0.57,0.644,0.622,0.72,1.0,0.648,0.701,0.48,0.57,0.704,0.615,0.782
12,A2_3,0.789,0.761,0.783,0.728,0.631,0.808,0.733,0.727,0.648,1.0,0.717,0.537,0.71,0.624,0.879,0.751
12,B2_1,0.708,0.499,0.778,0.661,0.676,0.724,0.741,0.716,0.701,0.717,1.0,0.663,0.709,0.715,0.735,0.652
12,B2_2,0.481,0.374,0.367,0.424,0.682,0.549,0.593,0.618,0.48,0.537,0.663,1.0,0.604,0.753,0.548,0.633
12,B2_3,0.628,0.498,0.693,0.631,0.698,0.633,0.802,0.677,0.57,0.71,0.709,0.604,1.0,0.777,0.728,0.689
12,y1,0.577,0.618,0.7,0.609,0.847,0.625,0.683,0.673,0.704,0.624,0.715,0.753,0.777,1.0,0.675,0.802
12,y2,0.687,0.71,0.764,0.618,0.598,0.804,0.751,0.624,0.615,0.879,0.735,0.548,0.728,0.675,1.0,0.751
12,y3,0.657,0.705,0.681,0.651,0.595,0.686,0.6,0.641,0.782,0.751,0.652,0.633,0.689,0.802,0.751,1.0
13,.,1.0,0.765,0.816,0.873,0.596,0.842,0.579,0.84,0.702,0.785,0.704,0.468,0.616,0.562,0.68,0.647
13,A1_1,0.765,1.0,0.707,0.648,0.518,0.792,0.477,0.585,0.674,0.758,0.489,0.358,0.486,0.607,0.705,0.701
13,A1_2,0.816,0.707,1.0,0.77,0.723,0.8,0.653,0.743,0.751,0.782,0.775,0.363,0.689,0.695,0.76,0.678
13,A1_3,0.873,0.648,0.77,1.0,0.64,0.701,0.618,0.88,0.765,0.726,0.659,0.416,0.627,0.599,0.612,0.644
13,B1_1,0.596,0.518,0.723,0.64,1.0,0.651,0.693,0.679,0.569,0.629,0.679,0.686,0.703,0.848,0.595,0.594
13,B1_2,0.842,0.792,0.8,0.701,0.651,1.0,0.624,0.69,0.643,0.808,0.724,0.548,0.634,0.624,0.802,0.684
13,B1_3,0.579,0.477,0.653,0.618,0.693,0.624,1.0,0.572,0.62,0.731,0.744,0.599,0.803,0.681,0.747,0.596
13,A2_1,0.84,0.585,0.743,0.88,0.679,0.69,0.572,1.0,0.722,0.727,0.716,0.614,0.677,0.667,0.619,0.634
13,A2_2,0.702,0.674,0.751,0.765,0.569,0.643,0.62,0.722,1.0,0.648,0.699,0.477,0.571,0.699,0.611,0.778
13,A2_3,0.785,0.758,0.782,0.726,0.629,0.808,0.731,0.727,0.648,1.0,0.715,0.533,0.709,0.621,0.877,0.748
13,B2_1,0.704,0.489,0.775,0.659,0.679,0.724,0.744,0.716,0.699,0.715,1.0,0.666,0.711,0.713,0.731,0.647
13,B2_2,0.468,0.358,0.363,0.416,0.686,0.548,0.599,0.614,0.477,0.533,0.666,1.0,0.611,0.753,0.543,0.629
13,B2_3,0.616,0.486,0.689,0.627,0.703,0.634,0.803,0.677,0.571,0.709,0.711,0.611,1.0,0.779,0.725,0.685
13,y1,0.562,0.607,0.695,0.599,0.848,0.624,0.681,0.667,0.699,0.621,0.713,0.753,0.779,1.0,0.672,0.8
13,y2,0.68,0.705,0.76,0.612,0.595,0.802,0.747,0.619,0.611,0.877,0.731,0.543,0.725,0.672,1.0,0.75
13,y3,0.647,0.701,0.678,0.644,0.594,0.684,0.596,0.634,0.778,0.748,0.647,0.629,0.685,0.8,0.75,1.0
14,.,1.0,0.759,0.812,0.872,0.583,0.837,0.57,0.835,0.699,0.78,0.697,0.453,0.602,0.545,0.67,0.636
14,A1_1,0.759,1.0,0.703,0.641,0.504,0.785,0.462,0.577,0.669,0.754,0.477,0.34,0.471,0.595,0.699,0.696
14,A1_2,0.812,0.703,1.0,0.77,0.719,0.798,0.648,0.742,0.752,0.781,0.77,0.357,0.685,0.689,0.756,0.673
14,A1_3,0.872,0.641,0.77,1.0,0.634,0.698,0.613,0.879,0.764,0.724,0.656,0.407,0.621,0.588,0.604,0.635
14,B1_1,0.583,0.504,0.719,0.634,1.0,0.651,0.696,0.677,0.567,0.627,0.681,0.69,0.708,0.847,0.591,0.591
14,B1_2,0.837,0.785,0.798,0.698,0.651,1.0,0.625,0.689,0.641,0.807,0.724,0.547,0.635,0.621,0.799,0.68
14,B1_3,0.57,0.462,0.648,0.613,0.696,0.625,1.0,0.572,0.616,0.727,0.747,0.604,0.805,0.679,0.742,0.59
14,A2_1,0.835,0.577,0.742,0.879,0.677,0.689,0.572,1.0,0.723,0.726,0.715,0.61,0.676,0.659,0.612,0.626
14,A2_2,0.699,0.669,0.752,0.764,0.567,0.641,0.616,0.723,1.0,0.648,0.696,0.472,0.57,0.694,0.606,0.773
14,A2_3,0.78,0.754,0.781,0.724,0.627,0.807,0.727,0.726,0.648,1.0,0.711,0.528,0.707,0.616,0.875,0.744
14,B2_1,0.697,0.477,0.77,0.656,0.681,0.724,0.747,0.715,0.696,0.711,1.0,0.668,0.713,0.709,0.726,0.64
14,B2_2,0.453,0.34,0.357,0.407,0.69,0.547,0.604,0.61,0.472,0.528,0.668,1.0,0.617,0.752,0.537,0.623
14,B2_3,0.602,0.471,0.685,0.621,0.708,0.635,0.805,0.676,0.57,0.707,0.713,0.617,1.0,0.779,0.72,0.679
14,y1,0.545,0.595,0.689,0.588,0.847,0.621,0.679,0.659,0.694,0.616,0.709,0.752,0.779,1.0,0.667,0.797
14,y2,0.67,0.699,0.756,0.604,0.591,0.799,0.742,0.612,0.606,0.875,0.726,0.537,0.72,0.667,1.0,0.747
14,y3,0.636,0.696,0.673,0.635,0.591,0.68,0.59,0.626,0.773,0.744,0.64,0.623,0.679,0.797,0.747,1.0
15,.,1.0,0.753,0.807,0.87,0.568,0.831,0.558,0.83,0.694,0.773,0.689,0.435,0.585,0.525,0.658,0.622
15,A1_1,0.753,1.0,0.699,0.635,0.488,0.777,0.445,0.568,0.663,0.749,0.463,0.32,0.455,0.581,0.693,0.69
15,A1_2,0.807,0.699,1.0,0.769,0.714,0.796,0.642,0.74,0.751,0.78,0.765,0.349,0.679,0.682,0.752,0.667
15,A1_3,0.87,0.635,0.769,1.0,0.625,0.695,0.606,0.878,0.763,0.721,0.651,0.395,0.613,0.575,0.595,0.625
15,B1_1,0.568,0.488,0.714,0.625,1.0,0.65,0.699,0.673,0.563,0.623,0.683,0.693,0.712,0.847,0.585,0.587
15,B1_2,0.831,0.777,0.796,0.695,0.65,1.0,0.624,0.688,0.638,0.805,0.724,0.545,0.635,0.618,0.796,0.676
15,B1_3,0.558,0.445,0.642,0.606,0.699,0.624,1.0,0.57,0.611,0.723,0.75,0.609,0.806,0.675,0.735,0.583
15,A2_1,0.83,0.568,0.74,0.878,0.673,0.688,0.57,1.0,0.723,0.724,0.712,0.603,0.673,0.65,0.603,0.616
15,A2_2,0.694,0.663,0.751,0.763,0.563,0.638,0.611,0.723,1.0,0.647,0.692,0.466,0.568,0.687,0.599,0.767
15,A2_3,0.773,0.749,0.78,0.721,0.623,0.805,0.723,0.724,0.647,1.0,0.707,0.522,0.703,0.611,0.872,0.739
15,B2_1,0.689,0.463,0.765,0.651,0.683,0.724,0.75,0.712,0.692,0.707,1.0,0.67,0.714,0.704,0.72,0.631
15,B2_2,0.435,0.32,0.349,0.395,0.693,0.545,0.609,0.603,0.466,0.522,0.67,1.0,0.623,0.751,0.529,0.616
15,B2_3,0.585,0.455,0.679,0.613,0.712,0.635,0.806,0.673,0.568,0.703,0.714,0.623,1.0,0.779,0.714,0.672
15,y1,0.525,0.581,0.682,0.575,0.847,0.618,0.675,0.65,0.687,0.611,0.704,0.751,0.779,1.0,0.662,0.793
15,y2,0.658,0.693,0.752,0.595,0.585,0.796,0.735,0.603,0.599,0.872,0.72,0.529,0.714,0.662,1.0,0.744
15,y3,0.622,0.69,0.667,0.625,0.587,0.676,0.583,0.616,0.767,0.739,0.631,0.616,0.672,0.793,0.744,1.0
16,.,1.0,0.746,0.802,0.867,0.551,0.825,0.545,0.823,0.69,0.766,0.679,0.414,0.566,0.502,0.646,0.608
16,A1_1,0.746,1.0,0.695,0.628,0.471,0.768,0.427,0.559,0.658,0.744,0.447,0.297,0.436,0.566,0.686,0.685
16,A1_2,0.802,0.695,1.0,0.768,0.707,0.794,0.635,0.738,0.751,0.778,0.759,0.339,0.673,0.674,0.747,0.661
16,A1_3,0.867,0.628,0.768,1.0,0.616,0.691,0.598,0.878,0.762,0.718,0.646,0.381,0.604,0.56,0.585,0.614
16,B1_1,0.551,0.471,0.707,0.616,1.0,0.649,0.702,0.669,0.559,0.619,0.685,0.696,0.716,0.845,0.578,0.582
16,B1_2,0.825,0.768,0.794,0.691,0.649,1.0,0.623,0.687,0.636,0.803,0.723,0.542,0.634,0.614,0.792,0.671
16,B1_3,0.545,0.427,0.635,0.598,0.702,0.623,1.0,0.566,0.605,0.717,0.752,0.613,0.806,0.671,0.727,0.574
16,A2_1,0.823,0.559,0.738,0.878,0.669,0.687,0.566,1.0,0.724,0.722,0.709,0.594,0.67,0.641,0.594,0.606
16,A2_2,0.69,0.658,0.751,0.762,0.559,0.636,0.605,0.724,1.0,0.646,0.687,0.457,0.564,0.679,0.592,0.76
16,A2_3,0.766,0.744,0.778,0.718,0.619,0.803,0.717,0.722,0.646,1.0,0.703,0.515,0.7,0.605,0.869,0.734
16,B2_1,0.679,0.447,0.759,0.646,0.685,0.723,0.752,0.709,0.687,0.703,1.0,0.671,0.715,0.699,0.713,0.621
16,B2_2,0.414,0.297,0.339,0.381,0.696,0.542,0.613,0.594,0.457,0.515,0.671,1.0,0.628,0.749,0.52,0.607
16,B2_3,0.566,0.436,0.673,0.604,0.716,0.634,0.806,0.67,0.564,0.7,0.715,0.628,1.0,0.778,0.707,0.663
16,y1,0.502,0.566,0.674,0.56,0.845,0.614,0.671,0.641,0.679,0.605,0.699,0.749,0.778,1.0,0.656,0.789
16,y2,0.646,0.686,0.747,0.585,0.578,0.792,0.727,0.594,0.592,0.869,0.713,0.52,0.707,0.656,1.0,0.741
16,y3,0.608,0.685,0.661,0.614,0.582,0.671,0.574,0.606,0.76,0.734,0.621,0.607,0.663,0.789,0.741,1.0
17,.,1.0,0.739,0.795,0.864,0.532,0.816,0.528,0.816,0.683,0.758,0.667,0.391,0.544,0.477,0.632,0.591
17,A1_1,0.739,1.0,0.69,0.62,0.452,0.757,0.405,0.548,0.651,0.739,0.43,0.271,0.415,0.549,0.679,0.677
17,A1_2,0.795,0.69,1.0,0.767,0.7,0.792,0.626,0.736,0.751,0.777,0.752,0.328,0.664,0.664,0.741,0.654
17,A1_3,0.864,0.62,0.767,1.0,0.605,0.686,0.587,0.877,0.76,0.714,0.638,0.364,0.594,0.544,0.574,0.6
17,B1_1,0.532,0.452,0.7,0.605,1.0,0.647,0.704,0.664,0.553,0.614,0.686,0.698,0.719,0.843,0.57,0.575
17,B1_2,0.816,0.757,0.792,0.686,0.647,1.0,0.621,0.684,0.632,0.801,0.722,0.538,0.633,0.609,0.788,0.665
17,B1_3,0.528,0.405,0.626,0.587,0.704,0.621,1.0,0.561,0.597,0.711,0.754,0.616,0.807,0.666,0.718,0.563
17,A2_1,0.816,0.548,0.736,0.877,0.664,0.684,0.561,1.0,0.723,0.72,0.705,0.585,0.664,0.629,0.583,0.594
17,A2_2,0.683,0.651,0.751,0.76,0.553,0.632,0.597,0.723,1.0,0.644,0.681,0.447,0.559,0.67,0.584,0.752
17,A2_3,0.758,0.739,0.777,0.714,0.614,0.801,0.711,0.72,0.644,1.0,0.697,0.506,0.695,0.598,0.865,0.727
17,B2_1,0.667,0.43,0.752,0.638,0.686,0.722,0.754,0.705,0.681,0.697,1.0,0.672,0.715,0.693,0.704,0.61
17,B2_2,0.391,0.271,0.328,0.364,0.698,0.538,0.616,0.585,0.447,0.506,0.672,1.0,0.632,0.746,0.509,0.596
17,B2_3,0.544,0.415,0.664,0.594,0.719,0.633,0.807,0.664,0.559,0.695,0.715,0.632,1.0,0.776,0.698,0.653
17,y1,0.477,0.549,0.664,0.544,0.843,0.609,0.666,0.629,0.67,0.598,0.693,0.746,0.776,1.0,0.649,0.785
17,y2,0.632,0.679,0.741,0.574,0.57,0.788,0.718,0.583,0.584,0.865,0.704,0.509,0.698,0.649,1.0,0.737
17,y3,0.591,0.677,0.654,0.6,0.575,0.665,0.563,0.594,0.752,0.727,0.61,0.596,0.653,0.785,0.737,1.0
18,.,1.0,0.731,0.788,0.86,0.51,0.806,0.508,0.808,0.676,0.748,0.652,0.364,0.518,0.449,0.616,0.573
18,A1_1,0.731,1.0,0.685,0.612,0.43,0.746,0.382,0.538,0.644,0.732,0.41,0.243,0.391,0.531,0.671,0.67
18,A1_2,0.788,0.685,1.0,0.766,0.692,0.789,0.616,0.733,0.75,0.775,0.743,0.314,0.655,0.654,0.734,0.646
18,A1_3,0.86,0.612,0.766,1.0,0.592,0.68,0.575,0.875,0.758,0.71,0.629,0.346,0.581,0.525,0.561,0.586
18,B1_1,0.51,0.43,0.692,0.592,1.0,0.645,0.706,0.657,0.546,0.607,0.686,0.699,0.722,0.841,0.559,0.565
18,B1_2,0.806,0.746,0.789,0.68,0.645,1.0,0.619,0.682,0.628,0.798,0.72,0.534,0.631,0.604,0.783,0.658
18,B1_3,0.508,0.382,0.616,0.575,0.706,0.619,1.0,0.554,0.588,0.703,0.756,0.619,0.806,0.659,0.708,0.551
18,A2_1,0.808,0.538,0.733,0.875,0.657,0.682,0.554,1.0,0.722,0.717,0.699,0.573,0.657,0.615,0.571,0.58
18,A2_2,0.676,0.644,0.75,0.758,0.546,0.628,0.588,0.722,1.0,0.642,0.673,0.435,0.552,0.66,0.575,0.743
18,A2_3,0.748,0.732,0.775,0.71,0.607,0.798,0.703,0.717,0.642,1.0,0.691,0.496,0.688,0.59,0.861,0.72
18,B2_1,0.652,0.41,0.743,0.629,0.686,0.72,0.756,0.699,0.673,0.691,1.0,0.672,0.714,0.686,0.694,0.597
18,B2_2,0.364,0.243,0.314,0.346,0.699,0.534,0.619,0.573,0.435,0.496,0.672,1.0,0.636,0.743,0.496,0.584
18,B2_3,0.518,0.391,0.655,0.581,0.722,0.631,0.806,0.657,0.552,0.688,0.714,0.636,1.0,0.774,0.687,0.64
18,y1,0.449,0.531,0.654,0.525,0.841,0.604,0.659,0.615,0.66,0.59,0.686,0.743,0.774,1.0,0.641,0.779
18,y2,0.616,0.671,0.734,0.561,0.559,0.783,0.708,0.571,0.575,0.861,0.694,0.496,0.687,0.641,1.0,0.733
18,y3,0.573,0.67,0.646,0.586,0.565,0.658,0.551,0.58,0.743,0.72,0.597,0.584,0.64,0.779,0.733,1.0
19,.,1.0,0.724,0.781,0.857,0.486,0.795,0.488,0.799,0.668,0.738,0.636,0.336,0.491,0.419,0.6,0.554
19,A1_1,0.724,1.0,0.681,0.605,0.407,0.733,0.358,0.527,0.637,0.726,0.389,0.214,0.366,0.513,0.664,0.663
19,A1_2,0.781,0.681,1.0,0.765,0.683,0.786,0.606,0.73,0.75,0.773,0.734,0.299,0.644,0.643,0.728,0.638
19,A1_3,0.857,0.605,0.765,1.0,0.579,0.674,0.562,0.874,0.756,0.706,0.62,0.326,0.567,0.506,0.547,0.571
19,B1_1,0.486,0.407,0.683,0.579,1.0,0.643,0.708,0.65,0.538,0.601,0.687,0.701,0.725,0.838,0.549,0.555
19,B1_2,0.795,0.733,0.786,0.674,0.643,1.0,0.617,0.679,0.623,0.795,0.718,0.529,0.628,0.599,0.777,0.65
19,B1_3,0.488,0.358,0.606,0.562,0.708,0.617,1.0,0.546,0.578,0.695,0.758,0.621,0.806,0.653,0.696,0.537
19,A2_1,0.799,0.527,0.73,0.874,0.65,0.679,0.546,1.0,0.721,0.714,0.693,0.56,0.649,0.602,0.558,0.566
19,A2_2,0.668,0.637,0.75,0.756,0.538,0.623,0.578,0.721,1.0,0.641,0.665,0.422,0.545,0.65,0.566,0.733
19,A2_3,0.738,0.726,0.773,0.706,0.601,0.795,0.695,0.714,0.641,1.0,0.684,0.485,0.681,0.582,0.857,0.712
19,B2_1,0.636,0.389,0.734,0.62,0.687,0.718,0.758,0.693,0.665,0.684,1.0,0.672,0.714,0.679,0.684,0.583
19,B2_2,0.336,0.214,0.299,0.326,0.701,0.529,0.621,0.56,0.422,0.485,0.672,1.0,0.64,0.739,0.482,0.57
19,B2_3,0.491,0.366,0.644,0.567,0.725,0.628,0.806,0.649,0.545,0.681,0.714,0.64,1.0,0.771,0.676,0.626
19,y1,0.419,0.513,0.643,0.506,0.838,0.599,0.653,0.602,0.65,0.582,0.679,0.739,0.771,1.0,0.633,0.773
19,y2,0.6,0.664,0.728,0.547,0.549,0.777,0.696,0.558,0.566,0.857,0.684,0.482,0.676,0.633,1.0,0.729
19,y3,0.554,0.663,0.638,0.571,0.555,0.65,0.537,0.566,0.733,0.712,0.583,0.57,0.626,0.773,0.729,1.0
20,.,1.0,0.717,0.772,0.852,0.46,0.782,0.463,0.79,0.659,0.726,0.618,0.304,0.46,0.386,0.581,0.533
20,A1_1,0.717,1.0,0.676,0.597,0.382,0.719,0.331,0.516,0.63,0.719,0.367,0.182,0.338,0.492,0.656,0.655
20,A1_2,0.772,0.676,1.0,0.764,0.672,0.782,0.593,0.727,0.749,0.771,0.724,0.283,0.632,0.631,0.72,0.629
20,A1_3,0.852,0.597,0.764,1.0,0.564,0.667,0.547,0.873,0.754,0.701,0.608,0.303,0.55,0.485,0.532,0.554
20,B1_1,0.46,0.382,0.672,0.564,1.0,0.641,0.709,0.641,0.529,0.593,0.688,0.702,0.727,0.834,0.536,0.543
20,B1_2,0.782,0.719,0.782,0.667,0.641,1.0,0.614,0.676,0.618,0.792,0.715,0.523,0.626,0.593,0.771,0.642
20,B1_3,0.463,0.331,0.593,0.547,0.709,0.614,1.0,0.536,0.566,0.685,0.759,0.623,0.806,0.644,0.683,0.521
20,A2_1,0.79,0.516,0.727,0.873,0.641,0.676,0.536,1.0,0.72,0.711,0.686,0.545,0.64,0.585,0.544,0.55
20,A2_2,0.659,0.63,0.749,0.754,0.529,0.618,0.566,0.72,1.0,0.638,0.656,0.406,0.535,0.638,0.555,0.721
20,A2_3,0.726,0.719,0.771,0.701,0.593,0.792,0.685,0.711,0.638,1.0,0.676,0.472,0.673,0.572,0.852,0.704
20,B2_1,0.618,0.367,0.724,0.608,0.688,0.715,0.759,0.686,0.656,0.676,1.0,0.672,0.713,0.671,0.671,0.567
20,B2_2,0.304,0.182,0.283,0.303,0.702,0.523,0.623,0.545,0.406,0.472,0.672,1.0,0.643,0.734,0.467,0.554
20,B2_3,0.46,0.338,0.632,0.55,0.727,0.626,0.806,0.64,0.535,0.673,0.713,0.643,1.0,0.767,0.662,0.61
20,y1,0.386,0.492,0.631,0.485,0.834,0.593,0.644,0.585,0.638,0.572,0.671,0.734,0.767,1.0,0.624,0.767
20,y2,0.581,0.656,0.72,0.532,0.536,0.771,0.683,0.544,0.555,0.852,0.671,0.467,0.662,0.624,1.0,0.725
20,y3,0.533,0.655,0.629,0.554,0.543,0.642,0.521,0.55,0.721,0.704,0.567,0.554,0.61,0.767,0.725,1.0
21,.,1.0,0.711,0.764,0.847,0.43,0.767,0.436,0.779,0.649,0.713,0.597,0.269,0.425,0.351,0.562,0.511
21,A1_1,0.711,1.0,0.671,0.59,0.356,0.704,0.302,0.505,0.622,0.711,0.342,0.148,0.308,0.47,0.647,0.647
21,A1_2,0.764,0.671,1.0,0.763,0.66,0.778,0.579,0.724,0.749,0.769,0.713,0.264,0.618,0.617,0.712,0.619
21,A1_3,0.847,0.59,0.763,1.0,0.547,0.659,0.529,0.871,0.752,0.696,0.595,0.278,0.532,0.462,0.516,0.536
21,B1_1,0.43,0.356,0.66,0.547,1.0,0.638,0.711,0.63,0.518,0.584,0.688,0.702,0.729,0.83,0.521,0.529
21,B1_2,0.767,0.704,0.778,0.659,0.638,1.0,0.61,0.672,0.613,0.788,0.713,0.517,0.622,0.586,0.763,0.632
21,B1_3,0.436,0.302,0.579,0.529,0.711,0.61,1.0,0.525,0.552,0.675,0.76,0.625,0.805,0.636,0.667,0.503
21,A2_1,0.779,0.505,0.724,0.871,0.63,0.672,0.525,1.0,0.718,0.707,0.678,0.529,0.628,0.568,0.528,0.532
21,A2_2,0.649,0.622,0.749,0.752,0.518,0.613,0.552,0.718,1.0,0.636,0.645,0.389,0.524,0.625,0.544,0.709
21,A2_3,0.713,0.711,0.769,0.696,0.584,0.788,0.675,0.707,0.636,1.0,0.667,0.458,0.664,0.562,0.846,0.695
21,B2_1,0.597,0.342,0.713,0.595,0.688,0.713,0.76,0.678,0.645,0.667,1.0,0.671,0.711,0.662,0.658,0.55
21,B2_2,0.269,0.148,0.264,0.278,0.702,0.517,0.625,0.529,0.389,0.458,0.671,1.0,0.646,0.728,0.449,0.536
21,B2_3,0.425,0.308,0.618,0.532,0.729,0.622,0.805,0.628,0.524,0.664,0.711,0.646,1.0,0.762,0.646,0.592
21,y1,0.351,0.47,0.617,0.462,0.83,0.586,0.636,0.568,0.625,0.562,0.662,0.728,0.762,1.0,0.614,0.759
21,y2,0.562,0.647,0.712,0.516,0.521,0.763,0.667,0.528,0.544,0.846,0.658,0.449,0.646,0.614,1.0,0.721
21,y3,0.511,0.647,0.619,0.536,0.529,0.632,0.503,0.532,0.709,0.695,0.55,0.536,0.592,0.759,0.721,1.0
22,.,1.0,0.705,0.755,0.842,0.399,0.751,0.408,0.769,0.639,0.7,0.574,0.233,0.389,0.315,0.542,0.49
22,A1_1,0.705,1.0,0.667,0.584,0.327,0.688,0.272,0.494,0.615,0.703,0.317,0.112,0.276,0.449,0.64,0.64
22,A1_2,0.755,0.667,1.0,0.763,0.647,0.773,0.564,0.721,0.749,0.767,0.7,0.245,0.603,0.603,0.704,0.609
22,A1_3,0.842,0.584,0.763,1.0,0.53,0.65,0.511,0.869,0.75,0.69,0.581,0.252,0.512,0.438,0.5,0.517
22,B1_1,0.399,0.327,0.647,0.53,1.0,0.636,0.712,0.62,0.507,0.575,0.688,0.703,0.732,0.825,0.505,0.513
22,B1_2,0.751,0.688,0.773,0.65,0.636,1.0,0.607,0.667,0.606,0.784,0.71,0.511,0.618,0.579,0.755,0.621
22,B1_3,0.408,0.272,0.564,0.511,0.712,0.607,1.0,0.513,0.538,0.663,0.761,0.627,0.804,0.626,0.651,0.484
22,A2_1,0.769,0.494,0.721,0.869,0.62,0.667,0.513,1.0,0.716,0.704,0.668,0.511,0.616,0.55,0.512,0.515
22,A2_2,0.639,0.615,0.749,0.75,0.507,0.606,0.538,0.716,1.0,0.634,0.633,0.371,0.511,0.611,0.532,0.696
22,A2_3,0.7,0.703,0.767,0.69,0.575,0.784,0.663,0.704,0.634,1.0,0.657,0.443,0.653,0.551,0.84,0.685
22,B2_1,0.574,0.317,0.7,0.581,0.688,0.71,0.761,0.668,0.633,0.657,1.0,0.671,0.71,0.653,0.643,0.531
22,B2_2,0.233,0.112,0.245,0.252,0.703,0.511,0.627,0.511,0.371,0.443,0.671,1.0,0.649,0.722,0.43,0.517
22,B2_3,0.389,0.276,0.603,0.512,0.732,0.618,0.804,0.616,0.511,0.653,0.71,0.649,1.0,0.757,0.628,0.572
22,y1,0.315,0.449,0.603,0.438,0.825,0.579,0.626,0.55,0.611,0.551,0.653,0.722,0.757,1.0,0.604,0.752
22,y2,0.542,0.64,0.704,0.5,0.505,0.755,0.651,0.512,0.532,0.84,0.643,0.43,0.628,0.604,1.0,0.718
22,y3,0.49,0.64,0.609,0.517,0.513,0.621,0.484,0.515,0.696,0.685,0.531,0.517,0.572,0.752,0.718,1.0
23,.,1.0,0.7,0.745,0.836,0.366,0.732,0.376,0.757,0.628,0.685,0.548,0.194,0.349,0.276,0.522,0.467
23,A1_1,0.7,1.0,0.663,0.578,0.298,0.67,0.24,0.484,0.608,0.695,0.289,0.075,0.242,0.426,0.633,0.633
23,A1_2,0.745,0.663,1.0,0.762,0.633,0.768,0.548,0.718,0.748,0.764,0.686,0.224,0.586,0.588,0.695,0.598
23,A1_3,0.836,0.578,0.762,1.0,0.51,0.64,0.49,0.868,0.748,0.684,0.564,0.223,0.489,0.412,0.482,0.498
23,B1_1,0.366,0.298,0.633,0.51,1.0,0.633,0.714,0.607,0.494,0.565,0.688,0.703,0.734,0.819,0.487,0.496
23,B1_2,0.732,0.67,0.768,0.64,0.633,1.0,0.602,0.662,0.599,0.779,0.707,0.504,0.614,0.571,0.745,0.609
23,B1_3,0.376,0.24,0.548,0.49,0.714,0.602,1.0,0.499,0.522,0.65,0.762,0.629,0.803,0.616,0.632,0.463
23,A2_1,0.757,0.484,0.718,0.868,0.607,0.662,0.499,1.0,0.715,0.7,0.658,0.491,0.602,0.53,0.494,0.496
23,A2_2,0.628,0.608,0.748,0.748,0.494,0.599,0.522,0.715,1.0,0.631,0.62,0.351,0.497,0.597,0.52,0.682
23,A2_3,0.685,0.695,0.764,0.684,0.565,0.779,0.65,0.7,0.631,1.0,0.647,0.427,0.641,0.54,0.834,0.674
23,B2_1,0.548,0.289,0.686,0.564,0.688,0.707,0.762,0.658,0.62,0.647,1.0,0.67,0.709,0.643,0.626,0.51
23,B2_2,0.194,0.075,0.224,0.223,0.703,0.504,0.629,0.491,0.351,0.427,0.67,1.0,0.651,0.715,0.409,0.495
23,B2_3,0.349,0.242,0.586,0.489,0.734,0.614,0.803,0.602,0.497,0.641,0.709,0.651,1.0,0.751,0.608,0.55
23,y1,0.276,0.426,0.588,0.412,0.819,0.571,0.616,0.53,0.597,0.54,0.643,0.715,0.751,1.0,0.593,0.744
23,y2,0.522,0.633,0.695,0.482,0.487,0.745,0.632,0.494,0.52,0.834,0.626,0.409,0.608,0.593,1.0,0.714
23,y3,0.467,0.633,0.598,0.498,0.496,0.609,0.463,0.496,0.682,0.674,0.51,0.495,0.55,0.744,0.714,1.0
24,.,1.0,0.695,0.734,0.83,0.329,0.71,0.341,0.744,0.616,0.668,0.519,0.151,0.306,0.234,0.5,0.443
24,A1_1,0.695,1.0,0.66,0.572,0.266,0.65,0.205,0.473,0.601,0.686,0.259,0.036,0.205,0.402,0.625,0.626
24,A1_2,0.734,0.66,1.0,0.762,0.617,0.762,0.529,0.715,0.748,0.762,0.671,0.2,0.567,0.572,0.686,0.587
24,A1_3,0.83,0.572,0.762,1.0,0.488,0.629,0.467,0.866,0.745,0.677,0.545,0.191,0.464,0.384,0.464,0.477
24,B1_1,0.329,0.266,0.617,0.488,1.0,0.629,0.715,0.593,0.48,0.553,0.688,0.703,0.736,0.812,0.467,0.476
24,B1_2,0.71,0.65,0.762,0.629,0.629,1.0,0.598,0.656,0.591,0.773,0.703,0.496,0.609,0.563,0.735,0.595
24,B1_3,0.341,0.205,0.529,0.467,0.715,0.598,1.0,0.483,0.504,0.635,0.763,0.63,0.802,0.604,0.611,0.44
24,A2_1,0.744,0.473,0.715,0.866,0.593,0.656,0.483,1.0,0.712,0.695,0.645,0.469,0.585,0.508,0.475,0.475
24,A2_2,0.616,0.601,0.748,0.745,0.48,0.591,0.504,0.712,1.0,0.628,0.605,0.328,0.481,0.58,0.506,0.667
24,A2_3,0.668,0.686,0.762,0.677,0.553,0.773,0.635,0.695,0.628,1.0,0.635,0.409,0.628,0.527,0.826,0.663
24,B2_1,0.519,0.259,0.671,0.545,0.688,0.703,0.763,0.645,0.605,0.635,1.0,0.669,0.707,0.632,0.607,0.487
24,B2_2,0.151,0.036,0.2,0.191,0.703,0.496,0.63,0.469,0.328,0.409,0.669,1.0,0.654,0.707,0.385,0.472
24,B2_3,0.306,0.205,0.567,0.464,0.736,0.609,0.802,0.585,0.481,0.628,0.707,0.654,1.0,0.744,0.586,0.525
24,y1,0.234,0.402,0.572,0.384,0.812,0.563,0.604,0.508,0.58,0.527,0.632,0.707,0.744,1.0,0.581,0.735
24,y2,0.5,0.625,0.686,0.464,0.467,0.735,0.611,0.475,0.506,0.826,0.607,0.385,0.586,0.581,1.0,0.711
24,y3,0.443,0.626,0.587,0.477,0.476,0.595,0.44,0.475,0.667,0.663,0.487,0.472,0.525,0.735,0.711,1.0
25,.,1.0,0.691,0.724,0.823,0.29,0.687,0.304,0.731,0.604,0.651,0.488,0.107,0.26,0.191,0.478,0.42
25,A1_1,0.691,1.0,0.657,0.568,0.232,0.629,0.17,0.464,0.594,0.678,0.228,-0.005,0.166,0.378,0.619,0.62
25,A1_2,0.724,0.657,1.0,0.762,0.6,0.755,0.509,0.712,0.748,0.759,0.654,0.175,0.546,0.555,0.676,0.576
25,A1_3,0.823,0.568,0.762,1.0,0.465,0.616,0.442,0.864,0.743,0.671,0.525,0.158,0.437,0.355,0.444,0.455
25,B1_1,0.29,0.232,0.6,0.465,1.0,0.626,0.716,0.578,0.465,0.54,0.688,0.703,0.739,0.805,0.445,0.454
25,B1_2,0.687,0.629,0.755,0.616,0.626,1.0,0.593,0.649,0.583,0.767,0.699,0.489,0.605,0.554,0.722,0.58
25,B1_3,0.304,0.17,0.509,0.442,0.716,0.593,1.0,0.465,0.484,0.62,0.764,0.632,0.801,0.592,0.588,0.415
25,A2_1,0.731,0.464,0.712,0.864,0.578,0.649,0.465,1.0,0.71,0.691,0.631,0.446,0.567,0.485,0.455,0.454
25,A2_2,0.604,0.594,0.748,0.743,0.465,0.583,0.484,0.71,1.0,0.626,0.589,0.304,0.463,0.563,0.493,0.651
25,A2_3,0.651,0.678,0.759,0.671,0.54,0.767,0.62,0.691,0.626,1.0,0.622,0.389,0.613,0.514,0.818,0.651
25,B2_1,0.488,0.228,0.654,0.525,0.688,0.699,0.764,0.631,0.589,0.622,1.0,0.668,0.705,0.62,0.586,0.463
25,B2_2,0.107,-0.005,0.175,0.158,0.703,0.489,0.632,0.446,0.304,0.389,0.668,1.0,0.657,0.698,0.36,0.446
25,B2_3,0.26,0.166,0.546,0.437,0.739,0.605,0.801,0.567,0.463,0.613,0.705,0.657,1.0,0.736,0.561,0.498
25,y1,0.191,0.378,0.555,0.355,0.805,0.554,0.592,0.485,0.563,0.514,0.62,0.698,0.736,1.0,0.568,0.726
25,y2,0.478,0.619,0.676,0.444,0.445,0.722,0.588,0.455,0.493,0.818,0.586,0.36,0.561,0.568,1.0,0.708
25,y3,0.42,0.62,0.576,0.455,0.454,0.58,0.415,0.454,0.651,0.651,0.463,0.446,0.498,0.726,0.708,1.0
