,,.,A1_1,A1_2,A1_3,B1_1,B1_2,B1_3,A2_1,A2_2,A2_3,B2_1,B2_2,B2_3,y1,y2,y3
1,.,1.0,0.874,0.927,0.896,0.751,0.832,0.759,0.772,0.852,0.865,0.726,0.781,0.707,0.693,0.837,0.739
1,A1_1,0.874,1.0,0.847,0.806,0.742,0.8,0.807,0.752,0.776,0.741,0.792,0.812,0.804,0.718,0.833,0.713
1,A1_2,0.927,0.847,1.0,0.91,0.819,0.875,0.831,0.798,0.841,0.849,0.754,0.843,0.751,0.828,0.909,0.811
1,A1_3,0.896,0.806,0.91,1.0,0.847,0.79,0.783,0.754,0.83,0.884,0.656,0.773,0.679,0.739,0.916,0.743
1,B1_1,0.751,0.742,0.819,0.847,1.0,0.79,0.753,0.667,0.779,0.802,0.635,0.812,0.714,0.69,0.865,0.75
1,B1_2,0.832,0.8,0.875,0.79,0.79,1.0,0.803,0.623,0.792,0.781,0.717,0.832,0.677,0.728,0.849,0.803
1,B1_3,0.759,0.807,0.831,0.783,0.753,0.803,1.0,0.742,0.805,0.66,0.785,0.837,0.808,0.839,0.823,0.753
1,A2_1,0.772,0.752,0.798,0.754,0.667,0.623,0.742,1.0,0.828,0.646,0.756,0.753,0.851,0.791,0.702,0.835
1,A2_2,0.852,0.776,0.841,0.83,0.779,0.792,0.805,0.828,1.0,0.777,0.721,0.76,0.829,0.721,0.845,0.787
1,A2_3,0.865,0.741,0.849,0.884,0.802,0.781,0.66,0.646,0.777,1.0,0.576,0.69,0.598,0.611,0.863,0.706
1,B2_1,0.726,0.792,0.754,0.656,0.635,0.717,0.785,0.756,0.721,0.576,1.0,0.812,0.833,0.814,0.687,0.801
1,B2_2,0.781,0.812,0.843,0.773,0.812,0.832,0.837,0.753,0.76,0.69,0.812,1.0,0.809,0.851,0.823,0.806
1,B2_3,0.707,0.804,0.751,0.679,0.714,0.677,0.808,0.851,0.829,0.598,0.833,0.809,1.0,0.835,0.719,0.787
1,y1,0.693,0.718,0.828,0.739,0.69,0.728,0.839,0.791,0.721,0.611,0.814,0.851,0.835,1.0,0.747,0.833
1,y2,0.837,0.833,0.909,0.916,0.865,0.849,0.823,0.702,0.845,0.863,0.687,0.823,0.719,0.747,1.0,0.721
1,y3,0.739,0.713,0.811,0.743,0.75,0.803,0.753,0.835,0.787,0.706,0.801,0.806,0.787,0.833,0.721,1.0
2,.,1.0,0.877,0.927,0.897,0.754,0.831,0.759,0.776,0.851,0.865,0.732,0.785,0.713,0.694,0.836,0.74
2,A1_1,0.877,1.0,0.849,0.808,0.746,0.802,0.807,0.757,0.777,0.745,0.795,0.815,0.806,0.72,0.834,0.715
2,A1_2,0.927,0.849,1.0,0.91,0.824,0.878,0.834,0.802,0.842,0.85,0.759,0.848,0.757,0.829,0.91,0.813
2,A1_3,0.897,0.808,0.91,1.0,0.849,0.791,0.782,0.757,0.829,0.886,0.659,0.775,0.683,0.738,0.916,0.742
2,B1_1,0.754,0.746,0.824,0.849,1.0,0.795,0.755,0.675,0.781,0.805,0.639,0.815,0.719,0.694,0.868,0.753
2,B1_2,0.831,0.802,0.878,0.791,0.795,1.0,0.807,0.632,0.795,0.783,0.722,0.836,0.686,0.733,0.851,0.808
2,B1_3,0.759,0.807,0.834,0.782,0.755,0.807,1.0,0.748,0.807,0.661,0.788,0.839,0.813,0.842,0.823,0.758
2,A2_1,0.776,0.757,0.802,0.757,0.675,0.632,0.748,1.0,0.83,0.651,0.763,0.758,0.856,0.793,0.706,0.838
2,A2_2,0.851,0.777,0.842,0.829,0.781,0.795,0.807,0.83,1.0,0.778,0.725,0.761,0.832,0.722,0.845,0.79
2,A2_3,0.865,0.745,0.85,0.886,0.805,0.783,0.661,0.651,0.778,1.0,0.581,0.695,0.604,0.613,0.864,0.706
2,B2_1,0.732,0.795,0.759,0.659,0.639,0.722,0.788,0.763,0.725,0.581,1.0,0.814,0.836,0.816,0.69,0.803
2,B2_2,0.785,0.815,0.848,0.775,0.815,0.836,0.839,0.758,0.761,0.695,0.814,1.0,0.812,0.852,0.824,0.809
2,B2_3,0.713,0.806,0.757,0.683,0.719,0.686,0.813,0.856,0.832,0.604,0.836,0.812,1.0,0.837,0.722,0.793
2,y1,0.694,0.72,0.829,0.738,0.694,0.733,0.842,0.793,0.722,0.613,0.816,0.852,0.837,1.0,0.748,0.834
2,y2,0.836,0.834,0.91,0.916,0.868,0.851,0.823,0.706,0.845,0.864,0.69,0.824,0.722,0.748,1.0,0.722
2,y3,0.74,0.715,0.813,0.742,0.753,0.808,0.758,0.838,0.79,0.706,0.803,0.809,0.793,0.834,0.722,1.0
3,.,1.0,0.88,0.927,0.898,0.758,0.831,0.76,0.779,0.849,0.866,0.737,0.789,0.718,0.695,0.836,0.74
3,A1_1,0.88,1.0,0.852,0.811,0.751,0.806,0.809,0.761,0.779,0.748,0.798,0.818,0.809,0.722,0.835,0.718
3,A1_2,0.927,0.852,1.0,0.91,0.829,0.88,0.837,0.807,0.844,0.851,0.765,0.853,0.764,0.831,0.91,0.816
3,A1_3,0.898,0.811,0.91,1.0,0.85,0.792,0.782,0.76,0.83,0.887,0.663,0.776,0.687,0.738,0.916,0.742
3,B1_1,0.758,0.751,0.829,0.85,1.0,0.801,0.759,0.683,0.785,0.809,0.646,0.819,0.725,0.699,0.871,0.758
3,B1_2,0.831,0.806,0.88,0.792,0.801,1.0,0.813,0.642,0.798,0.784,0.728,0.841,0.697,0.739,0.852,0.813
3,B1_3,0.76,0.809,0.837,0.782,0.759,0.813,1.0,0.754,0.809,0.663,0.792,0.841,0.818,0.845,0.825,0.764
3,A2_1,0.779,0.761,0.807,0.76,0.683,0.642,0.754,1.0,0.833,0.655,0.77,0.763,0.861,0.796,0.71,0.841
3,A2_2,0.849,0.779,0.844,0.83,0.785,0.798,0.809,0.833,1.0,0.778,0.73,0.763,0.836,0.725,0.846,0.793
3,A2_3,0.866,0.748,0.851,0.887,0.809,0.784,0.663,0.655,0.778,1.0,0.587,0.699,0.61,0.615,0.865,0.707
3,B2_1,0.737,0.798,0.765,0.663,0.646,0.728,0.792,0.77,0.73,0.587,1.0,0.817,0.84,0.818,0.694,0.807
3,B2_2,0.789,0.818,0.853,0.776,0.819,0.841,0.841,0.763,0.763,0.699,0.817,1.0,0.816,0.853,0.825,0.813
3,B2_3,0.718,0.809,0.764,0.687,0.725,0.697,0.818,0.861,0.836,0.61,0.84,0.816,1.0,0.839,0.726,0.8
3,y1,0.695,0.722,0.831,0.738,0.699,0.739,0.845,0.796,0.725,0.615,0.818,0.853,0.839,1.0,0.75,0.837
3,y2,0.836,0.835,0.91,0.916,0.871,0.852,0.825,0.71,0.846,0.865,0.694,0.825,0.726,0.75,1.0,0.724
3,y3,0.74,0.718,0.816,0.742,0.758,0.813,0.764,0.841,0.793,0.707,0.807,0.813,0.8,0.837,0.724,1.0
4,.,1.0,0.883,0.927,0.899,0.762,0.831,0.759,0.782,0.848,0.867,0.743,0.793,0.723,0.697,0.836,0.74
4,A1_1,0.883,1.0,0.855,0.814,0.756,0.81,0.81,0.767,0.781,0.752,0.802,0.821,0.811,0.725,0.837,0.721
4,A1_2,0.927,0.855,1.0,0.911,0.835,0.883,0.84,0.811,0.846,0.852,0.771,0.857,0.771,0.833,0.911,0.819
4,A1_3,0.899,0.814,0.911,1.0,0.852,0.794,0.781,0.764,0.83,0.889,0.668,0.777,0.691,0.738,0.916,0.742
4,B1_1,0.762,0.756,0.835,0.852,1.0,0.808,0.764,0.693,0.789,0.812,0.654,0.824,0.733,0.705,0.874,0.764
4,B1_2,0.831,0.81,0.883,0.794,0.808,1.0,0.819,0.652,0.802,0.786,0.735,0.846,0.708,0.745,0.855,0.819
4,B1_3,0.759,0.81,0.84,0.781,0.764,0.819,1.0,0.761,0.812,0.665,0.797,0.845,0.824,0.849,0.827,0.771
4,A2_1,0.782,0.767,0.811,0.764,0.693,0.652,0.761,1.0,0.836,0.661,0.777,0.769,0.866,0.799,0.716,0.844
4,A2_2,0.848,0.781,0.846,0.83,0.789,0.802,0.812,0.836,1.0,0.78,0.735,0.766,0.84,0.728,0.847,0.796
4,A2_3,0.867,0.752,0.852,0.889,0.812,0.786,0.665,0.661,0.78,1.0,0.594,0.704,0.616,0.618,0.866,0.708
4,B2_1,0.743,0.802,0.771,0.668,0.654,0.735,0.797,0.777,0.735,0.594,1.0,0.821,0.844,0.821,0.699,0.811
4,B2_2,0.793,0.821,0.857,0.777,0.824,0.846,0.845,0.769,0.766,0.704,0.821,1.0,0.821,0.855,0.827,0.817
4,B2_3,0.723,0.811,0.771,0.691,0.733,0.708,0.824,0.866,0.84,0.616,0.844,0.821,1.0,0.842,0.731,0.807
4,y1,0.697,0.725,0.833,0.738,0.705,0.745,0.849,0.799,0.728,0.618,0.821,0.855,0.842,1.0,0.752,0.84
4,y2,0.836,0.837,0.911,0.916,0.874,0.855,0.827,0.716,0.847,0.866,0.699,0.827,0.731,0.752,1.0,0.726
4,y3,0.74,0.721,0.819,0.742,0.764,0.819,0.771,0.844,0.796,0.708,0.811,0.817,0.807,0.84,0.726,1.0
5,.,1.0,0.886,0.927,0.9,0.766,0.83,0.758,0.785,0.846,0.868,0.748,0.796,0.726,0.697,0.835,0.74
5,A1_1,0.886,1.0,0.858,0.817,0.762,0.813,0.811,0.772,0.784,0.756,0.806,0.824,0.813,0.727,0.839,0.724
5,A1_2,0.927,0.858,1.0,0.911,0.841,0.886,0.843,0.816,0.848,0.853,0.778,0.862,0.777,0.835,0.912,0.821
5,A1_3,0.9,0.817,0.911,1.0,0.853,0.795,0.781,0.767,0.83,0.891,0.673,0.778,0.694,0.738,0.916,0.741
5,B1_1,0.766,0.762,0.841,0.853,1.0,0.814,0.77,0.702,0.793,0.815,0.663,0.829,0.741,0.712,0.877,0.769
5,B1_2,0.83,0.813,0.886,0.795,0.814,1.0,0.825,0.662,0.805,0.787,0.743,0.852,0.72,0.751,0.857,0.824
5,B1_3,0.758,0.811,0.843,0.781,0.77,0.825,1.0,0.767,0.815,0.667,0.802,0.848,0.83,0.853,0.829,0.778
5,A2_1,0.785,0.772,0.816,0.767,0.702,0.662,0.767,1.0,0.84,0.666,0.784,0.774,0.87,0.801,0.721,0.847
5,A2_2,0.846,0.784,0.848,0.83,0.793,0.805,0.815,0.84,1.0,0.781,0.741,0.769,0.844,0.731,0.849,0.799
5,A2_3,0.868,0.756,0.853,0.891,0.815,0.787,0.667,0.666,0.781,1.0,0.6,0.707,0.622,0.619,0.867,0.708
5,B2_1,0.748,0.806,0.778,0.673,0.663,0.743,0.802,0.784,0.741,0.6,1.0,0.826,0.849,0.824,0.705,0.815
5,B2_2,0.796,0.824,0.862,0.778,0.829,0.852,0.848,0.774,0.769,0.707,0.826,1.0,0.825,0.857,0.828,0.822
5,B2_3,0.726,0.813,0.777,0.694,0.741,0.72,0.83,0.87,0.844,0.622,0.849,0.825,1.0,0.845,0.736,0.814
5,y1,0.697,0.727,0.835,0.738,0.712,0.751,0.853,0.801,0.731,0.619,0.824,0.857,0.845,1.0,0.755,0.844
5,y2,0.835,0.839,0.912,0.916,0.877,0.857,0.829,0.721,0.849,0.867,0.705,0.828,0.736,0.755,1.0,0.729
5,y3,0.74,0.724,0.821,0.741,0.769,0.824,0.778,0.847,0.799,0.708,0.815,0.822,0.814,0.844,0.729,1.0
6,.,1.0,0.888,0.927,0.9,0.768,0.829,0.757,0.787,0.845,0.868,0.752,0.797,0.729,0.697,0.834,0.738
6,A1_1,0.888,1.0,0.861,0.82,0.767,0.817,0.812,0.777,0.787,0.76,0.81,0.827,0.815,0.729,0.84,0.727
6,A1_2,0.927,0.861,1.0,0.911,0.846,0.888,0.846,0.82,0.85,0.853,0.784,0.865,0.783,0.836,0.912,0.823
6,A1_3,0.9,0.82,0.911,1.0,0.854,0.795,0.78,0.77,0.831,0.892,0.677,0.778,0.697,0.737,0.917,0.741
6,B1_1,0.768,0.767,0.846,0.854,1.0,0.821,0.776,0.711,0.797,0.818,0.672,0.834,0.749,0.719,0.88,0.776
6,B1_2,0.829,0.817,0.888,0.795,0.821,1.0,0.831,0.671,0.809,0.787,0.751,0.857,0.73,0.757,0.858,0.829
6,B1_3,0.757,0.812,0.846,0.78,0.776,0.831,1.0,0.773,0.818,0.669,0.807,0.852,0.836,0.857,0.831,0.785
6,A2_1,0.787,0.777,0.82,0.77,0.711,0.671,0.773,1.0,0.843,0.671,0.791,0.779,0.874,0.804,0.726,0.85
6,A2_2,0.845,0.787,0.85,0.831,0.797,0.809,0.818,0.843,1.0,0.782,0.746,0.771,0.847,0.734,0.851,0.802
6,A2_3,0.868,0.76,0.853,0.892,0.818,0.787,0.669,0.671,0.782,1.0,0.606,0.71,0.627,0.621,0.868,0.709
6,B2_1,0.752,0.81,0.784,0.677,0.672,0.751,0.807,0.791,0.746,0.606,1.0,0.83,0.853,0.827,0.71,0.819
6,B2_2,0.797,0.827,0.865,0.778,0.834,0.857,0.852,0.779,0.771,0.71,0.83,1.0,0.83,0.859,0.829,0.826
6,B2_3,0.729,0.815,0.783,0.697,0.749,0.73,0.836,0.874,0.847,0.627,0.853,0.83,1.0,0.847,0.741,0.821
6,y1,0.697,0.729,0.836,0.737,0.719,0.757,0.857,0.804,0.734,0.621,0.827,0.859,0.847,1.0,0.757,0.847
6,y2,0.834,0.84,0.912,0.917,0.88,0.858,0.831,0.726,0.851,0.868,0.71,0.829,0.741,0.757,1.0,0.732
6,y3,0.738,0.727,0.823,0.741,0.776,0.829,0.785,0.85,0.802,0.709,0.819,0.826,0.821,0.847,0.732,1.0
7,.,1.0,0.89,0.926,0.9,0.769,0.826,0.753,0.788,0.843,0.868,0.754,0.796,0.729,0.695,0.832,0.735
7,A1_1,0.89,1.0,0.864,0.822,0.772,0.82,0.813,0.781,0.789,0.763,0.813,0.828,0.817,0.731,0.842,0.728
7,A1_2,0.926,0.864,1.0,0.911,0.85,0.89,0.847,0.824,0.851,0.854,0.789,0.868,0.788,0.836,0.913,0.825
7,A1_3,0.9,0.822,0.911,1.0,0.854,0.795,0.777,0.773,0.831,0.894,0.68,0.777,0.698,0.735,0.916,0.739
7,B1_1,0.769,0.772,0.85,0.854,1.0,0.826,0.782,0.719,0.801,0.819,0.68,0.839,0.756,0.725,0.882,0.781
7,B1_2,0.826,0.82,0.89,0.795,0.826,1.0,0.836,0.679,0.811,0.787,0.758,0.862,0.74,0.762,0.86,0.833
7,B1_3,0.753,0.813,0.847,0.777,0.782,0.836,1.0,0.777,0.819,0.669,0.811,0.855,0.842,0.86,0.832,0.791
7,A2_1,0.788,0.781,0.824,0.773,0.719,0.679,0.777,1.0,0.846,0.674,0.797,0.782,0.877,0.805,0.73,0.852
7,A2_2,0.843,0.789,0.851,0.831,0.801,0.811,0.819,0.846,1.0,0.782,0.751,0.773,0.849,0.736,0.852,0.804
7,A2_3,0.868,0.763,0.854,0.894,0.819,0.787,0.669,0.674,0.782,1.0,0.61,0.711,0.629,0.621,0.868,0.707
7,B2_1,0.754,0.813,0.789,0.68,0.68,0.758,0.811,0.797,0.751,0.61,1.0,0.834,0.858,0.83,0.715,0.823
7,B2_2,0.796,0.828,0.868,0.777,0.839,0.862,0.855,0.782,0.773,0.711,0.834,1.0,0.835,0.86,0.83,0.829
7,B2_3,0.729,0.817,0.788,0.698,0.756,0.74,0.842,0.877,0.849,0.629,0.858,0.835,1.0,0.85,0.744,0.827
7,y1,0.695,0.731,0.836,0.735,0.725,0.762,0.86,0.805,0.736,0.621,0.83,0.86,0.85,1.0,0.759,0.85
7,y2,0.832,0.842,0.913,0.916,0.882,0.86,0.832,0.73,0.852,0.868,0.715,0.83,0.744,0.759,1.0,0.734
7,y3,0.735,0.728,0.825,0.739,0.781,0.833,0.791,0.852,0.804,0.707,0.823,0.829,0.827,0.85,0.734,1.0
8,.,1.0,0.891,0.925,0.9,0.768,0.823,0.748,0.788,0.84,0.868,0.756,0.794,0.727,0.691,0.83,0.731
8,A1_1,0.891,1.0,0.867,0.823,0.775,0.822,0.813,0.785,0.791,0.765,0.816,0.829,0.817,0.731,0.843,0.73
8,A1_2,0.925,0.867,1.0,0.911,0.854,0.891,0.848,0.827,0.853,0.854,0.794,0.869,0.792,0.836,0.913,0.825
8,A1_3,0.9,0.823,0.911,1.0,0.853,0.794,0.774,0.775,0.831,0.894,0.682,0.773,0.697,0.732,0.916,0.737
8,B1_1,0.768,0.775,0.854,0.853,1.0,0.831,0.788,0.725,0.804,0.819,0.688,0.843,0.762,0.73,0.884,0.785
8,B1_2,0.823,0.822,0.891,0.794,0.831,1.0,0.841,0.686,0.813,0.786,0.764,0.866,0.749,0.767,0.861,0.836
8,B1_3,0.748,0.813,0.848,0.774,0.788,0.841,1.0,0.781,0.821,0.668,0.816,0.859,0.847,0.863,0.833,0.796
8,A2_1,0.788,0.785,0.827,0.775,0.725,0.686,0.781,1.0,0.848,0.677,0.802,0.784,0.879,0.806,0.734,0.853
8,A2_2,0.84,0.791,0.853,0.831,0.804,0.813,0.821,0.848,1.0,0.782,0.755,0.773,0.851,0.738,0.853,0.806
8,A2_3,0.868,0.765,0.854,0.894,0.819,0.786,0.668,0.677,0.782,1.0,0.614,0.71,0.63,0.619,0.868,0.705
8,B2_1,0.756,0.816,0.794,0.682,0.688,0.764,0.816,0.802,0.755,0.614,1.0,0.838,0.861,0.833,0.718,0.827
8,B2_2,0.794,0.829,0.869,0.773,0.843,0.866,0.859,0.784,0.773,0.71,0.838,1.0,0.839,0.862,0.829,0.832
8,B2_3,0.727,0.817,0.792,0.697,0.762,0.749,0.847,0.879,0.851,0.63,0.861,0.839,1.0,0.852,0.747,0.832
8,y1,0.691,0.731,0.836,0.732,0.73,0.767,0.863,0.806,0.738,0.619,0.833,0.862,0.852,1.0,0.76,0.852
8,y2,0.83,0.843,0.913,0.916,0.884,0.861,0.833,0.734,0.853,0.868,0.718,0.829,0.747,0.76,1.0,0.736
8,y3,0.731,0.73,0.825,0.737,0.785,0.836,0.796,0.853,0.806,0.705,0.827,0.832,0.832,0.852,0.736,1.0
9,.,1.0,0.892,0.923,0.899,0.766,0.818,0.741,0.787,0.836,0.867,0.755,0.789,0.723,0.684,0.826,0.725
9,A1_1,0.892,1.0,0.869,0.824,0.778,0.824,0.812,0.788,0.792,0.766,0.818,0.829,0.817,0.73,0.843,0.73
9,A1_2,0.923,0.869,1.0,0.91,0.857,0.892,0.848,0.829,0.853,0.854,0.797,0.87,0.794,0.835,0.913,0.825
9,A1_3,0.899,0.824,0.91,1.0,0.851,0.791,0.769,0.775,0.83,0.895,0.682,0.768,0.694,0.728,0.914,0.733
9,B1_1,0.766,0.778,0.857,0.851,1.0,0.836,0.793,0.731,0.806,0.819,0.694,0.846,0.768,0.734,0.886,0.789
9,B1_2,0.818,0.824,0.892,0.791,0.836,1.0,0.845,0.691,0.814,0.783,0.77,0.87,0.756,0.77,0.861,0.839
9,B1_3,0.741,0.812,0.848,0.769,0.793,0.845,1.0,0.784,0.821,0.665,0.82,0.862,0.851,0.865,0.833,0.801
9,A2_1,0.787,0.788,0.829,0.775,0.731,0.691,0.784,1.0,0.85,0.679,0.806,0.785,0.88,0.806,0.737,0.854
9,A2_2,0.836,0.792,0.853,0.83,0.806,0.814,0.821,0.85,1.0,0.781,0.758,0.773,0.851,0.738,0.854,0.807
9,A2_3,0.867,0.766,0.854,0.895,0.819,0.783,0.665,0.679,0.781,1.0,0.615,0.708,0.629,0.616,0.867,0.702
9,B2_1,0.755,0.818,0.797,0.682,0.694,0.77,0.82,0.806,0.758,0.615,1.0,0.842,0.864,0.834,0.721,0.83
9,B2_2,0.789,0.829,0.87,0.768,0.846,0.87,0.862,0.785,0.773,0.708,0.842,1.0,0.843,0.862,0.828,0.834
9,B2_3,0.723,0.817,0.794,0.694,0.768,0.756,0.851,0.88,0.851,0.629,0.864,0.843,1.0,0.853,0.748,0.836
9,y1,0.684,0.73,0.835,0.728,0.734,0.77,0.865,0.806,0.738,0.616,0.834,0.862,0.853,1.0,0.76,0.854
9,y2,0.826,0.843,0.913,0.914,0.886,0.861,0.833,0.737,0.854,0.867,0.721,0.828,0.748,0.76,1.0,0.736
9,y3,0.725,0.73,0.825,0.733,0.789,0.839,0.801,0.854,0.807,0.702,0.83,0.834,0.836,0.854,0.736,1.0
10,.,1.0,0.891,0.921,0.898,0.761,0.812,0.732,0.785,0.831,0.866,0.753,0.783,0.717,0.676,0.822,0.717
10,A1_1,0.891,1.0,0.87,0.823,0.78,0.825,0.811,0.79,0.792,0.767,0.819,0.829,0.815,0.729,0.843,0.729
10,A1_2,0.921,0.87,1.0,0.909,0.858,0.891,0.847,0.831,0.853,0.853,0.8,0.869,0.795,0.833,0.913,0.824
10,A1_3,0.898,0.823,0.909,1.0,0.848,0.787,0.762,0.776,0.828,0.895,0.681,0.761,0.69,0.721,0.913,0.728
10,B1_1,0.761,0.78,0.858,0.848,1.0,0.839,0.797,0.735,0.808,0.817,0.7,0.849,0.773,0.737,0.887,0.792
10,B1_2,0.812,0.825,0.891,0.787,0.839,1.0,0.848,0.694,0.815,0.78,0.775,0.873,0.762,0.772,0.86,0.841
10,B1_3,0.732,0.811,0.847,0.762,0.797,0.848,1.0,0.786,0.821,0.661,0.823,0.864,0.855,0.867,0.832,0.805
10,A2_1,0.785,0.79,0.831,0.776,0.735,0.694,0.786,1.0,0.851,0.68,0.809,0.786,0.88,0.805,0.739,0.854
10,A2_2,0.831,0.792,0.853,0.828,0.808,0.815,0.821,0.851,1.0,0.779,0.76,0.772,0.851,0.737,0.854,0.807
10,A2_3,0.866,0.767,0.853,0.895,0.817,0.78,0.661,0.68,0.779,1.0,0.615,0.704,0.626,0.611,0.865,0.697
10,B2_1,0.753,0.819,0.8,0.681,0.7,0.775,0.823,0.809,0.76,0.615,1.0,0.845,0.867,0.836,0.723,0.832
10,B2_2,0.783,0.829,0.869,0.761,0.849,0.873,0.864,0.786,0.772,0.704,0.845,1.0,0.846,0.862,0.825,0.835
10,B2_3,0.717,0.815,0.795,0.69,0.773,0.762,0.855,0.88,0.851,0.626,0.867,0.846,1.0,0.854,0.749,0.839
10,y1,0.676,0.729,0.833,0.721,0.737,0.772,0.867,0.805,0.737,0.611,0.836,0.862,0.854,1.0,0.759,0.855
10,y2,0.822,0.843,0.913,0.913,0.887,0.86,0.832,0.739,0.854,0.865,0.723,0.825,0.749,0.759,1.0,0.735
10,y3,0.717,0.729,0.824,0.728,0.792,0.841,0.805,0.854,0.807,0.697,0.832,0.835,0.839,0.855,0.735,1.0
11,.,1.0,0.89,0.918,0.896,0.755,0.805,0.721,0.782,0.825,0.864,0.749,0.774,0.708,0.666,0.816,0.706
11,A1_1,0.89,1.0,0.871,0.822,0.781,0.826,0.809,0.792,0.792,0.766,0.819,0.827,0.813,0.725,0.843,0.727
11,A1_2,0.918,0.871,1.0,0.907,0.859,0.891,0.845,0.832,0.853,0.851,0.801,0.867,0.794,0.829,0.912,0.822
11,A1_3,0.896,0.822,0.907,1.0,0.844,0.782,0.753,0.774,0.826,0.895,0.677,0.752,0.683,0.713,0.911,0.721
11,B1_1,0.755,0.781,0.859,0.844,1.0,0.841,0.801,0.738,0.809,0.813,0.704,0.85,0.777,0.739,0.887,0.793
11,B1_2,0.805,0.826,0.891,0.782,0.841,1.0,0.851,0.697,0.814,0.774,0.779,0.875,0.767,0.773,0.859,0.841
11,B1_3,0.721,0.809,0.845,0.753,0.801,0.851,1.0,0.787,0.82,0.654,0.825,0.866,0.859,0.867,0.83,0.808
11,A2_1,0.782,0.792,0.832,0.774,0.738,0.697,0.787,1.0,0.852,0.679,0.811,0.784,0.88,0.803,0.74,0.853
11,A2_2,0.825,0.792,0.853,0.826,0.809,0.814,0.82,0.852,1.0,0.777,0.761,0.769,0.85,0.734,0.854,0.806
11,A2_3,0.864,0.766,0.851,0.895,0.813,0.774,0.654,0.679,0.777,1.0,0.613,0.697,0.621,0.603,0.863,0.691
11,B2_1,0.749,0.819,0.801,0.677,0.704,0.779,0.825,0.811,0.761,0.613,1.0,0.847,0.869,0.836,0.723,0.833
11,B2_2,0.774,0.827,0.867,0.752,0.85,0.875,0.866,0.784,0.769,0.697,0.847,1.0,0.849,0.861,0.822,0.835
11,B2_3,0.708,0.813,0.794,0.683,0.777,0.767,0.859,0.88,0.85,0.621,0.869,0.849,1.0,0.854,0.748,0.842
11,y1,0.666,0.725,0.829,0.713,0.739,0.773,0.867,0.803,0.734,0.603,0.836,0.861,0.854,1.0,0.756,0.856
11,y2,0.816,0.843,0.912,0.911,0.887,0.859,0.83,0.74,0.854,0.863,0.723,0.822,0.748,0.756,1.0,0.734
11,y3,0.706,0.727,0.822,0.721,0.793,0.841,0.808,0.853,0.806,0.691,0.833,0.835,0.842,0.856,0.734,1.0
12,.,1.0,0.888,0.915,0.893,0.747,0.795,0.707,0.777,0.818,0.861,0.742,0.763,0.696,0.652,0.809,0.693
12,A1_1,0.888,1.0,0.872,0.819,0.78,0.825,0.805,0.793,0.791,0.764,0.819,0.825,0.81,0.721,0.841,0.723
12,A1_2,0.915,0.872,1.0,0.904,0.859,0.889,0.841,0.832,0.852,0.848,0.801,0.864,0.793,0.825,0.911,0.818
12,A1_3,0.893,0.819,0.904,1.0,0.838,0.774,0.742,0.772,0.822,0.895,0.671,0.741,0.673,0.702,0.908,0.712
12,B1_1,0.747,0.78,0.859,0.838,1.0,0.843,0.803,0.74,0.808,0.808,0.708,0.852,0.779,0.739,0.886,0.794
12,B1_2,0.795,0.825,0.889,0.774,0.843,1.0,0.853,0.698,0.813,0.768,0.781,0.876,0.771,0.773,0.857,0.841
12,B1_3,0.707,0.805,0.841,0.742,0.803,0.853,1.0,0.786,0.817,0.645,0.827,0.867,0.862,0.867,0.827,0.81
12,A2_1,0.777,0.793,0.832,0.772,0.74,0.698,0.786,1.0,0.852,0.677,0.812,0.782,0.878,0.8,0.74,0.851
12,A2_2,0.818,0.791,0.852,0.822,0.808,0.813,0.817,0.852,1.0,0.773,0.761,0.766,0.848,0.731,0.853,0.804
12,A2_3,0.861,0.764,0.848,0.895,0.808,0.768,0.645,0.677,0.773,1.0,0.608,0.689,0.612,0.594,0.86,0.682
12,B2_1,0.742,0.819,0.801,0.671,0.708,0.781,0.827,0.812,0.761,0.608,1.0,0.849,0.871,0.836,0.722,0.834
12,B2_2,0.763,0.825,0.864,0.741,0.852,0.876,0.867,0.782,0.766,0.689,0.849,1.0,0.851,0.86,0.817,0.835
12,B2_3,0.696,0.81,0.793,0.673,0.779,0.771,0.862,0.878,0.848,0.612,0.871,0.851,1.0,0.854,0.745,0.843
12,y1,0.652,0.721,0.825,0.702,0.739,0.773,0.867,0.8,0.731,0.594,0.836,0.86,0.854,1.0,0.753,0.856
12,y2,0.809,0.841,0.911,0.908,0.886,0.857,0.827,0.74,0.853,0.86,0.722,0.817,0.745,0.753,1.0,0.731
12,y3,0.693,0.723,0.818,0.712,0.794,0.841,0.81,0.851,0.804,0.682,0.834,0.835,0.843,0.856,0.731,1.0
13,.,1.0,0.884,0.911,0.89,0.736,0.784,0.69,0.77,0.81,0.859,0.733,0.75,0.681,0.636,0.8,0.679
13,A1_1,0.884,1.0,0.872,0.816,0.779,0.824,0.801,0.793,0.79,0.761,0.818,0.822,0.806,0.716,0.839,0.719
13,A1_2,0.911,0.872,1.0,0.901,0.858,0.887,0.837,0.832,0.851,0.846,0.801,0.86,0.789,0.819,0.909,0.813
13,A1_3,0.89,0.816,0.901,1.0,0.831,0.765,0.729,0.769,0.818,0.894,0.663,0.728,0.66,0.69,0.904,0.702
13,B1_1,0.736,0.779,0.858,0.831,1.0,0.845,0.805,0.741,0.807,0.802,0.71,0.852,0.782,0.739,0.885,0.794
13,B1_2,0.784,0.824,0.887,0.765,0.845,1.0,0.854,0.697,0.811,0.759,0.784,0.877,0.774,0.772,0.855,0.84
13,B1_3,0.69,0.801,0.837,0.729,0.805,0.854,1.0,0.784,0.814,0.634,0.829,0.868,0.865,0.867,0.823,0.811
13,A2_1,0.77,0.793,0.832,0.769,0.741,0.697,0.784,1.0,0.852,0.674,0.812,0.779,0.875,0.796,0.74,0.849
13,A2_2,0.81,0.79,0.851,0.818,0.807,0.811,0.814,0.852,1.0,0.768,0.759,0.761,0.844,0.726,0.853,0.801
13,A2_3,0.859,0.761,0.846,0.894,0.802,0.759,0.634,0.674,0.768,1.0,0.601,0.678,0.602,0.582,0.857,0.673
13,B2_1,0.733,0.818,0.801,0.663,0.71,0.784,0.829,0.812,0.759,0.601,1.0,0.85,0.872,0.835,0.72,0.834
13,B2_2,0.75,0.822,0.86,0.728,0.852,0.877,0.868,0.779,0.761,0.678,0.85,1.0,0.853,0.857,0.812,0.833
13,B2_3,0.681,0.806,0.789,0.66,0.782,0.774,0.865,0.875,0.844,0.602,0.872,0.853,1.0,0.853,0.741,0.844
13,y1,0.636,0.716,0.819,0.69,0.739,0.772,0.867,0.796,0.726,0.582,0.835,0.857,0.853,1.0,0.748,0.856
13,y2,0.8,0.839,0.909,0.904,0.885,0.855,0.823,0.74,0.853,0.857,0.72,0.812,0.741,0.748,1.0,0.727
13,y3,0.679,0.719,0.813,0.702,0.794,0.84,0.811,0.849,0.801,0.673,0.834,0.833,0.844,0.856,0.727,1.0
14,.,1.0,0.88,0.906,0.887,0.723,0.77,0.67,0.763,0.801,0.855,0.722,0.734,0.663,0.618,0.791,0.662
14,A1_1,0.88,1.0,0.872,0.811,0.778,0.823,0.796,0.792,0.788,0.757,0.816,0.818,0.801,0.709,0.837,0.713
14,A1_2,0.906,0.872,1.0,0.897,0.857,0.884,0.831,0.831,0.849,0.842,0.799,0.855,0.784,0.812,0.907,0.808
14,A1_3,0.887,0.811,0.897,1.0,0.822,0.754,0.713,0.765,0.813,0.893,0.653,0.712,0.646,0.676,0.9,0.69
14,B1_1,0.723,0.778,0.857,0.822,1.0,0.845,0.807,0.741,0.806,0.795,0.711,0.852,0.783,0.738,0.884,0.794
14,B1_2,0.77,0.823,0.884,0.754,0.845,1.0,0.855,0.696,0.808,0.75,0.785,0.878,0.777,0.77,0.851,0.839
14,B1_3,0.67,0.796,0.831,0.713,0.807,0.855,1.0,0.781,0.809,0.62,0.83,0.869,0.868,0.866,0.818,0.811
14,A2_1,0.763,0.792,0.831,0.765,0.741,0.696,0.781,1.0,0.852,0.67,0.811,0.774,0.872,0.791,0.739,0.846
14,A2_2,0.801,0.788,0.849,0.813,0.806,0.808,0.809,0.852,1.0,0.763,0.757,0.755,0.84,0.72,0.851,0.797
14,A2_3,0.855,0.757,0.842,0.893,0.795,0.75,0.62,0.67,0.763,1.0,0.593,0.665,0.589,0.569,0.853,0.662
14,B2_1,0.722,0.816,0.799,0.653,0.711,0.785,0.83,0.811,0.757,0.593,1.0,0.851,0.873,0.834,0.716,0.833
14,B2_2,0.734,0.818,0.855,0.712,0.852,0.878,0.869,0.774,0.755,0.665,0.851,1.0,0.855,0.855,0.805,0.831
14,B2_3,0.663,0.801,0.784,0.646,0.783,0.777,0.868,0.872,0.84,0.589,0.873,0.855,1.0,0.851,0.737,0.844
14,y1,0.618,0.709,0.812,0.676,0.738,0.77,0.866,0.791,0.72,0.569,0.834,0.855,0.851,1.0,0.742,0.855
14,y2,0.791,0.837,0.907,0.9,0.884,0.851,0.818,0.739,0.851,0.853,0.716,0.805,0.737,0.742,1.0,0.723
14,y3,0.662,0.713,0.808,0.69,0.794,0.839,0.811,0.846,0.797,0.662,0.833,0.831,0.844,0.855,0.723,1.0
15,.,1.0,0.875,0.901,0.883,0.708,0.755,0.648,0.755,0.791,0.851,0.709,0.715,0.643,0.598,0.78,0.643
15,A1_1,0.875,1.0,0.871,0.806,0.775,0.82,0.79,0.792,0.785,0.752,0.814,0.813,0.796,0.701,0.834,0.707
15,A1_2,0.901,0.871,1.0,0.893,0.854,0.88,0.824,0.83,0.846,0.839,0.796,0.849,0.778,0.804,0.904,0.801
15,A1_3,0.883,0.806,0.893,1.0,0.811,0.742,0.695,0.761,0.808,0.892,0.641,0.693,0.629,0.66,0.895,0.676
15,B1_1,0.708,0.775,0.854,0.811,1.0,0.845,0.808,0.74,0.803,0.785,0.712,0.852,0.784,0.736,0.882,0.792
15,B1_2,0.755,0.82,0.88,0.742,0.845,1.0,0.856,0.693,0.804,0.739,0.787,0.878,0.778,0.768,0.847,0.837
15,B1_3,0.648,0.79,0.824,0.695,0.808,0.856,1.0,0.777,0.804,0.605,0.83,0.87,0.87,0.864,0.812,0.811
15,A2_1,0.755,0.792,0.83,0.761,0.74,0.693,0.777,1.0,0.851,0.666,0.809,0.768,0.867,0.785,0.737,0.842
15,A2_2,0.791,0.785,0.846,0.808,0.803,0.804,0.804,0.851,1.0,0.758,0.754,0.748,0.835,0.713,0.85,0.793
15,A2_3,0.851,0.752,0.839,0.892,0.785,0.739,0.605,0.666,0.758,1.0,0.583,0.65,0.574,0.554,0.848,0.649
15,B2_1,0.709,0.814,0.796,0.641,0.712,0.787,0.83,0.809,0.754,0.583,1.0,0.852,0.873,0.832,0.712,0.832
15,B2_2,0.715,0.813,0.849,0.693,0.852,0.878,0.87,0.768,0.748,0.65,0.852,1.0,0.856,0.851,0.797,0.828
15,B2_3,0.643,0.796,0.778,0.629,0.784,0.778,0.87,0.867,0.835,0.574,0.873,0.856,1.0,0.849,0.73,0.843
15,y1,0.598,0.701,0.804,0.66,0.736,0.768,0.864,0.785,0.713,0.554,0.832,0.851,0.849,1.0,0.735,0.854
15,y2,0.78,0.834,0.904,0.895,0.882,0.847,0.812,0.737,0.85,0.848,0.712,0.797,0.73,0.735,1.0,0.717
15,y3,0.643,0.707,0.801,0.676,0.792,0.837,0.811,0.842,0.793,0.649,0.832,0.828,0.843,0.854,0.717,1.0
16,.,1.0,0.868,0.895,0.879,0.691,0.738,0.623,0.746,0.779,0.847,0.693,0.694,0.619,0.574,0.768,0.621
16,A1_1,0.868,1.0,0.87,0.799,0.772,0.817,0.783,0.79,0.782,0.746,0.811,0.807,0.789,0.692,0.83,0.699
16,A1_2,0.895,0.87,1.0,0.889,0.85,0.875,0.815,0.828,0.843,0.834,0.791,0.841,0.77,0.795,0.901,0.794
16,A1_3,0.879,0.799,0.889,1.0,0.799,0.727,0.674,0.755,0.801,0.891,0.625,0.672,0.609,0.641,0.89,0.661
16,B1_1,0.691,0.772,0.85,0.799,1.0,0.845,0.808,0.738,0.8,0.774,0.712,0.851,0.784,0.733,0.879,0.79
16,B1_2,0.738,0.817,0.875,0.727,0.845,1.0,0.856,0.689,0.8,0.725,0.787,0.878,0.779,0.764,0.842,0.834
16,B1_3,0.623,0.783,0.815,0.674,0.808,0.856,1.0,0.771,0.797,0.586,0.83,0.87,0.872,0.861,0.805,0.809
16,A2_1,0.746,0.79,0.828,0.755,0.738,0.689,0.771,1.0,0.85,0.66,0.806,0.761,0.862,0.778,0.734,0.838
16,A2_2,0.779,0.782,0.843,0.801,0.8,0.8,0.797,0.85,1.0,0.751,0.749,0.74,0.828,0.705,0.848,0.788
16,A2_3,0.847,0.746,0.834,0.891,0.774,0.725,0.586,0.66,0.751,1.0,0.569,0.632,0.556,0.536,0.842,0.635
16,B2_1,0.693,0.811,0.791,0.625,0.712,0.787,0.83,0.806,0.749,0.569,1.0,0.852,0.873,0.829,0.706,0.83
16,B2_2,0.694,0.807,0.841,0.672,0.851,0.878,0.87,0.761,0.74,0.632,0.852,1.0,0.857,0.847,0.787,0.824
16,B2_3,0.619,0.789,0.77,0.609,0.784,0.779,0.872,0.862,0.828,0.556,0.873,0.857,1.0,0.846,0.722,0.842
16,y1,0.574,0.692,0.795,0.641,0.733,0.764,0.861,0.778,0.705,0.536,0.829,0.847,0.846,1.0,0.727,0.853
16,y2,0.768,0.83,0.901,0.89,0.879,0.842,0.805,0.734,0.848,0.842,0.706,0.787,0.722,0.727,1.0,0.71
16,y3,0.621,0.699,0.794,0.661,0.79,0.834,0.809,0.838,0.788,0.635,0.83,0.824,0.842,0.853,0.71,1.0
17,.,1.0,0.861,0.889,0.874,0.671,0.718,0.595,0.735,0.767,0.843,0.675,0.67,0.593,0.549,0.754,0.597
17,A1_1,0.861,1.0,0.869,0.792,0.767,0.814,0.775,0.788,0.778,0.74,0.807,0.801,0.781,0.681,0.826,0.691
17,A1_2,0.889,0.869,1.0,0.884,0.845,0.87,0.805,0.826,0.84,0.83,0.786,0.832,0.761,0.785,0.898,0.785
17,A1_3,0.874,0.792,0.884,1.0,0.784,0.711,0.651,0.749,0.795,0.89,0.609,0.649,0.586,0.621,0.884,0.644
17,B1_1,0.671,0.767,0.845,0.784,1.0,0.844,0.808,0.735,0.796,0.762,0.712,0.849,0.784,0.729,0.875,0.788
17,B1_2,0.718,0.814,0.87,0.711,0.844,1.0,0.856,0.685,0.794,0.711,0.787,0.878,0.78,0.76,0.836,0.83
17,B1_3,0.595,0.775,0.805,0.651,0.808,0.856,1.0,0.765,0.789,0.566,0.83,0.87,0.874,0.858,0.796,0.807
17,A2_1,0.735,0.788,0.826,0.749,0.735,0.685,0.765,1.0,0.848,0.654,0.803,0.753,0.855,0.771,0.731,0.833
17,A2_2,0.767,0.778,0.84,0.795,0.796,0.794,0.789,0.848,1.0,0.744,0.744,0.73,0.821,0.696,0.846,0.782
17,A2_3,0.843,0.74,0.83,0.89,0.762,0.711,0.566,0.654,0.744,1.0,0.555,0.613,0.535,0.517,0.837,0.619
17,B2_1,0.675,0.807,0.786,0.609,0.712,0.787,0.83,0.803,0.744,0.555,1.0,0.852,0.873,0.826,0.699,0.828
17,B2_2,0.67,0.801,0.832,0.649,0.849,0.878,0.87,0.753,0.73,0.613,0.852,1.0,0.858,0.842,0.776,0.819
17,B2_3,0.593,0.781,0.761,0.586,0.784,0.78,0.874,0.855,0.821,0.535,0.873,0.858,1.0,0.843,0.713,0.839
17,y1,0.549,0.681,0.785,0.621,0.729,0.76,0.858,0.771,0.696,0.517,0.826,0.842,0.843,1.0,0.718,0.851
17,y2,0.754,0.826,0.898,0.884,0.875,0.836,0.796,0.731,0.846,0.837,0.699,0.776,0.713,0.718,1.0,0.703
17,y3,0.597,0.691,0.785,0.644,0.788,0.83,0.807,0.833,0.782,0.619,0.828,0.819,0.839,0.851,0.703,1.0
18,.,1.0,0.853,0.882,0.869,0.648,0.696,0.563,0.724,0.753,0.839,0.654,0.643,0.563,0.521,0.74,0.571
18,A1_1,0.853,1.0,0.867,0.783,0.763,0.81,0.766,0.786,0.774,0.732,0.802,0.793,0.773,0.67,0.821,0.681
18,A1_2,0.882,0.867,1.0,0.878,0.84,0.863,0.793,0.823,0.837,0.825,0.779,0.821,0.75,0.773,0.894,0.775
18,A1_3,0.869,0.783,0.878,1.0,0.768,0.692,0.624,0.742,0.787,0.889,0.589,0.622,0.56,0.599,0.877,0.626
18,B1_1,0.648,0.763,0.84,0.768,1.0,0.843,0.808,0.731,0.791,0.748,0.711,0.848,0.783,0.725,0.871,0.784
18,B1_2,0.696,0.81,0.863,0.692,0.843,1.0,0.855,0.679,0.788,0.694,0.787,0.877,0.78,0.755,0.829,0.826
18,B1_3,0.563,0.766,0.793,0.624,0.808,0.855,1.0,0.757,0.78,0.543,0.83,0.869,0.876,0.854,0.786,0.805
18,A2_1,0.724,0.786,0.823,0.742,0.731,0.679,0.757,1.0,0.846,0.647,0.798,0.743,0.847,0.762,0.728,0.827
18,A2_2,0.753,0.774,0.837,0.787,0.791,0.788,0.78,0.846,1.0,0.736,0.737,0.719,0.812,0.685,0.843,0.775
18,A2_3,0.839,0.732,0.825,0.889,0.748,0.694,0.543,0.647,0.736,1.0,0.538,0.591,0.512,0.496,0.83,0.602
18,B2_1,0.654,0.802,0.779,0.589,0.711,0.787,0.83,0.798,0.737,0.538,1.0,0.852,0.873,0.823,0.69,0.824
18,B2_2,0.643,0.793,0.821,0.622,0.848,0.877,0.869,0.743,0.719,0.591,0.852,1.0,0.858,0.837,0.764,0.813
18,B2_3,0.563,0.773,0.75,0.56,0.783,0.78,0.876,0.847,0.812,0.512,0.873,0.858,1.0,0.839,0.702,0.836
18,y1,0.521,0.67,0.773,0.599,0.725,0.755,0.854,0.762,0.685,0.496,0.823,0.837,0.839,1.0,0.708,0.848
18,y2,0.74,0.821,0.894,0.877,0.871,0.829,0.786,0.728,0.843,0.83,0.69,0.764,0.702,0.708,1.0,0.695
18,y3,0.571,0.681,0.775,0.626,0.784,0.826,0.805,0.827,0.775,0.602,0.824,0.813,0.836,0.848,0.695,1.0
19,.,1.0,0.843,0.875,0.864,0.623,0.671,0.528,0.711,0.738,0.834,0.63,0.613,0.53,0.49,0.724,0.543
19,A1_1,0.843,1.0,0.865,0.774,0.757,0.805,0.756,0.783,0.769,0.724,0.797,0.785,0.763,0.657,0.816,0.671
19,A1_2,0.875,0.865,1.0,0.872,0.833,0.855,0.779,0.82,0.833,0.82,0.771,0.808,0.737,0.76,0.89,0.764
19,A1_3,0.864,0.774,0.872,1.0,0.749,0.671,0.595,0.735,0.779,0.888,0.568,0.593,0.532,0.575,0.87,0.606
19,B1_1,0.623,0.757,0.833,0.749,1.0,0.842,0.807,0.727,0.786,0.732,0.709,0.846,0.782,0.72,0.866,0.78
19,B1_2,0.671,0.805,0.855,0.671,0.842,1.0,0.854,0.672,0.781,0.675,0.786,0.877,0.78,0.749,0.821,0.821
19,B1_3,0.528,0.756,0.779,0.595,0.807,0.854,1.0,0.748,0.769,0.517,0.829,0.869,0.877,0.85,0.774,0.801
19,A2_1,0.711,0.783,0.82,0.735,0.727,0.672,0.748,1.0,0.845,0.64,0.793,0.733,0.838,0.753,0.724,0.82
19,A2_2,0.738,0.769,0.833,0.779,0.786,0.781,0.769,0.845,1.0,0.728,0.73,0.707,0.802,0.673,0.84,0.767
19,A2_3,0.834,0.724,0.82,0.888,0.732,0.675,0.517,0.64,0.728,1.0,0.519,0.566,0.487,0.474,0.823,0.584
19,B2_1,0.63,0.797,0.771,0.568,0.709,0.786,0.829,0.793,0.73,0.519,1.0,0.852,0.873,0.818,0.681,0.821
19,B2_2,0.613,0.785,0.808,0.593,0.846,0.877,0.869,0.733,0.707,0.566,0.852,1.0,0.858,0.83,0.75,0.807
19,B2_3,0.53,0.763,0.737,0.532,0.782,0.78,0.877,0.838,0.802,0.487,0.873,0.858,1.0,0.834,0.69,0.832
19,y1,0.49,0.657,0.76,0.575,0.72,0.749,0.85,0.753,0.673,0.474,0.818,0.83,0.834,1.0,0.697,0.846
19,y2,0.724,0.816,0.89,0.87,0.866,0.821,0.774,0.724,0.84,0.823,0.681,0.75,0.69,0.697,1.0,0.685
19,y3,0.543,0.671,0.764,0.606,0.78,0.821,0.801,0.82,0.767,0.584,0.821,0.807,0.832,0.846,0.685,1.0
20,.,1.0,0.833,0.867,0.859,0.595,0.645,0.491,0.699,0.723,0.83,0.604,0.581,0.495,0.459,0.707,0.514
20,A1_1,0.833,1.0,0.863,0.764,0.751,0.8,0.746,0.781,0.765,0.715,0.791,0.776,0.753,0.644,0.81,0.659
20,A1_2,0.867,0.863,1.0,0.866,0.825,0.847,0.764,0.818,0.828,0.815,0.762,0.795,0.723,0.746,0.886,0.752
20,A1_3,0.859,0.764,0.866,1.0,0.728,0.648,0.564,0.728,0.77,0.887,0.544,0.561,0.501,0.55,0.863,0.585
20,B1_1,0.595,0.751,0.825,0.728,1.0,0.84,0.807,0.721,0.779,0.713,0.707,0.844,0.781,0.714,0.86,0.776
20,B1_2,0.645,0.8,0.847,0.648,0.84,1.0,0.853,0.664,0.773,0.655,0.786,0.876,0.779,0.742,0.813,0.815
20,B1_3,0.491,0.746,0.764,0.564,0.807,0.853,1.0,0.737,0.758,0.49,0.829,0.869,0.879,0.845,0.761,0.797
20,A2_1,0.699,0.781,0.818,0.728,0.721,0.664,0.737,1.0,0.843,0.633,0.786,0.721,0.828,0.742,0.72,0.813
20,A2_2,0.723,0.765,0.828,0.77,0.779,0.773,0.758,0.843,1.0,0.719,0.721,0.694,0.791,0.661,0.838,0.759
20,A2_3,0.83,0.715,0.815,0.887,0.713,0.655,0.49,0.633,0.719,1.0,0.499,0.54,0.459,0.451,0.816,0.564
20,B2_1,0.604,0.791,0.762,0.544,0.707,0.786,0.829,0.786,0.721,0.499,1.0,0.852,0.872,0.814,0.67,0.816
20,B2_2,0.581,0.776,0.795,0.561,0.844,0.876,0.869,0.721,0.694,0.54,0.852,1.0,0.859,0.823,0.735,0.799
20,B2_3,0.495,0.753,0.723,0.501,0.781,0.779,0.879,0.828,0.791,0.459,0.872,0.859,1.0,0.829,0.677,0.828
20,y1,0.459,0.644,0.746,0.55,0.714,0.742,0.845,0.742,0.661,0.451,0.814,0.823,0.829,1.0,0.685,0.843
20,y2,0.707,0.81,0.886,0.863,0.86,0.813,0.761,0.72,0.838,0.816,0.67,0.735,0.677,0.685,1.0,0.676
20,y3,0.514,0.659,0.752,0.585,0.776,0.815,0.797,0.813,0.759,0.564,0.816,0.799,0.828,0.843,0.676,1.0
21,.,1.0,0.822,0.859,0.854,0.565,0.616,0.452,0.686,0.707,0.826,0.577,0.547,0.457,0.426,0.69,0.483
21,A1_1,0.822,1.0,0.861,0.753,0.744,0.794,0.734,0.778,0.76,0.706,0.785,0.766,0.741,0.629,0.804,0.647
21,A1_2,0.859,0.861,1.0,0.86,0.816,0.836,0.747,0.815,0.824,0.81,0.752,0.779,0.707,0.731,0.881,0.739
21,A1_3,0.854,0.753,0.86,1.0,0.706,0.623,0.53,0.72,0.762,0.886,0.519,0.527,0.468,0.523,0.855,0.563
21,B1_1,0.565,0.744,0.816,0.706,1.0,0.839,0.806,0.715,0.772,0.694,0.706,0.842,0.78,0.708,0.853,0.771
21,B1_2,0.616,0.794,0.836,0.623,0.839,1.0,0.852,0.656,0.763,0.633,0.785,0.875,0.779,0.735,0.803,0.809
21,B1_3,0.452,0.734,0.747,0.53,0.806,0.852,1.0,0.726,0.745,0.46,0.828,0.868,0.881,0.839,0.747,0.792
21,A2_1,0.686,0.778,0.815,0.72,0.715,0.656,0.726,1.0,0.841,0.626,0.779,0.707,0.816,0.731,0.716,0.806
21,A2_2,0.707,0.76,0.824,0.762,0.772,0.763,0.745,0.841,1.0,0.711,0.712,0.679,0.778,0.648,0.835,0.75
21,A2_3,0.826,0.706,0.81,0.886,0.694,0.633,0.46,0.626,0.711,1.0,0.477,0.511,0.429,0.426,0.809,0.545
21,B2_1,0.577,0.785,0.752,0.519,0.706,0.785,0.828,0.779,0.712,0.477,1.0,0.851,0.871,0.808,0.658,0.812
21,B2_2,0.547,0.766,0.779,0.527,0.842,0.875,0.868,0.707,0.679,0.511,0.851,1.0,0.859,0.815,0.718,0.791
21,B2_3,0.457,0.741,0.707,0.468,0.78,0.779,0.881,0.816,0.778,0.429,0.871,0.859,1.0,0.823,0.661,0.822
21,y1,0.426,0.629,0.731,0.523,0.708,0.735,0.839,0.731,0.648,0.426,0.808,0.815,0.823,1.0,0.672,0.84
21,y2,0.69,0.804,0.881,0.855,0.853,0.803,0.747,0.716,0.835,0.809,0.658,0.718,0.661,0.672,1.0,0.665
21,y3,0.483,0.647,0.739,0.563,0.771,0.809,0.792,0.806,0.75,0.545,0.812,0.791,0.822,0.84,0.665,1.0
22,.,1.0,0.81,0.851,0.849,0.533,0.585,0.41,0.672,0.691,0.822,0.546,0.51,0.417,0.391,0.671,0.452
22,A1_1,0.81,1.0,0.859,0.742,0.736,0.787,0.722,0.775,0.754,0.697,0.777,0.755,0.728,0.614,0.797,0.634
22,A1_2,0.851,0.859,1.0,0.854,0.806,0.825,0.729,0.812,0.819,0.805,0.74,0.762,0.689,0.714,0.876,0.726
22,A1_3,0.849,0.742,0.854,1.0,0.68,0.595,0.494,0.713,0.753,0.886,0.491,0.491,0.432,0.496,0.847,0.541
22,B1_1,0.533,0.736,0.806,0.68,1.0,0.837,0.805,0.708,0.764,0.672,0.704,0.84,0.779,0.701,0.845,0.766
22,B1_2,0.585,0.787,0.825,0.595,0.837,1.0,0.851,0.646,0.753,0.609,0.784,0.874,0.778,0.727,0.791,0.801
22,B1_3,0.41,0.722,0.729,0.494,0.805,0.851,1.0,0.713,0.73,0.429,0.828,0.868,0.882,0.832,0.731,0.786
22,A2_1,0.672,0.775,0.812,0.713,0.708,0.646,0.713,1.0,0.839,0.619,0.771,0.693,0.803,0.72,0.712,0.798
22,A2_2,0.691,0.754,0.819,0.753,0.764,0.753,0.73,0.839,1.0,0.702,0.701,0.662,0.764,0.633,0.832,0.741
22,A2_3,0.822,0.697,0.805,0.886,0.672,0.609,0.429,0.619,0.702,1.0,0.453,0.48,0.398,0.401,0.801,0.524
22,B2_1,0.546,0.777,0.74,0.491,0.704,0.784,0.828,0.771,0.701,0.453,1.0,0.851,0.871,0.803,0.644,0.806
22,B2_2,0.51,0.755,0.762,0.491,0.84,0.874,0.868,0.693,0.662,0.48,0.851,1.0,0.859,0.807,0.699,0.781
22,B2_3,0.417,0.728,0.689,0.432,0.779,0.778,0.882,0.803,0.764,0.398,0.871,0.859,1.0,0.816,0.644,0.816
22,y1,0.391,0.614,0.714,0.496,0.701,0.727,0.832,0.72,0.633,0.401,0.803,0.807,0.816,1.0,0.659,0.837
22,y2,0.671,0.797,0.876,0.847,0.845,0.791,0.731,0.712,0.832,0.801,0.644,0.699,0.644,0.659,1.0,0.654
22,y3,0.452,0.634,0.726,0.541,0.766,0.801,0.786,0.798,0.741,0.524,0.806,0.781,0.816,0.837,0.654,1.0
23,.,1.0,0.797,0.843,0.845,0.499,0.552,0.367,0.658,0.675,0.819,0.514,0.47,0.374,0.356,0.653,0.42
23,A1_1,0.797,1.0,0.856,0.73,0.728,0.78,0.708,0.772,0.749,0.687,0.769,0.743,0.715,0.597,0.79,0.62
23,A1_2,0.843,0.856,1.0,0.848,0.794,0.812,0.708,0.809,0.815,0.801,0.727,0.742,0.669,0.696,0.871,0.711
23,A1_3,0.845,0.73,0.848,1.0,0.653,0.566,0.456,0.705,0.745,0.886,0.461,0.451,0.394,0.468,0.839,0.518
23,B1_1,0.499,0.728,0.794,0.653,1.0,0.835,0.805,0.7,0.754,0.648,0.702,0.838,0.778,0.694,0.836,0.761
23,B1_2,0.552,0.78,0.812,0.566,0.835,1.0,0.85,0.635,0.741,0.583,0.784,0.873,0.777,0.719,0.778,0.794
23,B1_3,0.367,0.708,0.708,0.456,0.805,0.85,1.0,0.699,0.714,0.396,0.827,0.868,0.884,0.825,0.713,0.779
23,A2_1,0.658,0.772,0.809,0.705,0.7,0.635,0.699,1.0,0.837,0.613,0.761,0.676,0.789,0.707,0.708,0.789
23,A2_2,0.675,0.749,0.815,0.745,0.754,0.741,0.714,0.837,1.0,0.695,0.689,0.644,0.748,0.618,0.829,0.731
23,A2_3,0.819,0.687,0.801,0.886,0.648,0.583,0.396,0.613,0.695,1.0,0.428,0.448,0.364,0.376,0.794,0.504
23,B2_1,0.514,0.769,0.727,0.461,0.702,0.784,0.827,0.761,0.689,0.428,1.0,0.851,0.87,0.796,0.629,0.8
23,B2_2,0.47,0.743,0.742,0.451,0.838,0.873,0.868,0.676,0.644,0.448,0.851,1.0,0.859,0.797,0.679,0.771
23,B2_3,0.374,0.715,0.669,0.394,0.778,0.777,0.884,0.789,0.748,0.364,0.87,0.859,1.0,0.808,0.625,0.809
23,y1,0.356,0.597,0.696,0.468,0.694,0.719,0.825,0.707,0.618,0.376,0.796,0.797,0.808,1.0,0.644,0.834
23,y2,0.653,0.79,0.871,0.839,0.836,0.778,0.713,0.708,0.829,0.794,0.629,0.679,0.625,0.644,1.0,0.643
23,y3,0.42,0.62,0.711,0.518,0.761,0.794,0.779,0.789,0.731,0.504,0.8,0.771,0.809,0.834,0.643,1.0
24,.,1.0,0.784,0.834,0.84,0.463,0.517,0.321,0.645,0.658,0.816,0.48,0.429,0.329,0.32,0.635,0.387
24,A1_1,0.784,1.0,0.853,0.718,0.719,0.772,0.694,0.768,0.743,0.677,0.76,0.73,0.7,0.58,0.782,0.605
24,A1_2,0.834,0.853,1.0,0.843,0.78,0.797,0.685,0.806,0.81,0.797,0.712,0.721,0.647,0.677,0.865,0.695
24,A1_3,0.84,0.718,0.843,1.0,0.624,0.534,0.415,0.698,0.736,0.886,0.429,0.411,0.355,0.439,0.832,0.495
24,B1_1,0.463,0.719,0.78,0.624,1.0,0.833,0.804,0.691,0.744,0.623,0.7,0.836,0.776,0.687,0.826,0.754
24,B1_2,0.517,0.772,0.797,0.534,0.833,1.0,0.849,0.623,0.728,0.555,0.783,0.873,0.776,0.71,0.764,0.785
24,B1_3,0.321,0.694,0.685,0.415,0.804,0.849,1.0,0.683,0.697,0.36,0.826,0.867,0.886,0.816,0.694,0.771
24,A2_1,0.645,0.768,0.806,0.698,0.691,0.623,0.683,1.0,0.835,0.607,0.751,0.658,0.773,0.694,0.704,0.78
24,A2_2,0.658,0.743,0.81,0.736,0.744,0.728,0.697,0.835,1.0,0.687,0.676,0.625,0.731,0.602,0.825,0.72
24,A2_3,0.816,0.677,0.797,0.886,0.623,0.555,0.36,0.607,0.687,1.0,0.4,0.413,0.328,0.35,0.787,0.482
24,B2_1,0.48,0.76,0.712,0.429,0.7,0.783,0.826,0.751,0.676,0.4,1.0,0.85,0.87,0.789,0.612,0.793
24,B2_2,0.429,0.73,0.721,0.411,0.836,0.873,0.867,0.658,0.625,0.413,0.85,1.0,0.859,0.786,0.656,0.759
24,B2_3,0.329,0.7,0.647,0.355,0.776,0.776,0.886,0.773,0.731,0.328,0.87,0.859,1.0,0.8,0.605,0.8
24,y1,0.32,0.58,0.677,0.439,0.687,0.71,0.816,0.694,0.602,0.35,0.789,0.786,0.8,1.0,0.629,0.831
24,y2,0.635,0.782,0.865,0.832,0.826,0.764,0.694,0.704,0.825,0.787,0.612,0.656,0.605,0.629,1.0,0.631
24,y3,0.387,0.605,0.695,0.495,0.754,0.785,0.771,0.78,0.72,0.482,0.793,0.759,0.8,0.831,0.631,1.0
25,.,1.0,0.771,0.827,0.836,0.425,0.481,0.276,0.632,0.643,0.813,0.444,0.386,0.284,0.284,0.617,0.355
25,A1_1,0.771,1.0,0.85,0.705,0.709,0.763,0.679,0.765,0.737,0.667,0.75,0.716,0.684,0.561,0.774,0.59
25,A1_2,0.827,0.85,1.0,0.837,0.766,0.781,0.662,0.803,0.805,0.793,0.695,0.698,0.623,0.657,0.859,0.679
25,A1_3,0.836,0.705,0.837,1.0,0.594,0.5,0.374,0.691,0.729,0.887,0.396,0.368,0.313,0.411,0.825,0.473
25,B1_1,0.425,0.709,0.766,0.594,1.0,0.831,0.804,0.681,0.733,0.596,0.698,0.834,0.775,0.679,0.814,0.748
25,B1_2,0.481,0.763,0.781,0.5,0.831,1.0,0.848,0.611,0.714,0.525,0.782,0.872,0.776,0.7,0.748,0.775
25,B1_3,0.276,0.679,0.662,0.374,0.804,0.848,1.0,0.666,0.678,0.325,0.826,0.867,0.887,0.807,0.673,0.762
25,A2_1,0.632,0.765,0.803,0.691,0.681,0.611,0.666,1.0,0.833,0.601,0.739,0.639,0.755,0.68,0.7,0.771
25,A2_2,0.643,0.737,0.805,0.729,0.733,0.714,0.678,0.833,1.0,0.68,0.661,0.603,0.711,0.585,0.822,0.71
25,A2_3,0.813,0.667,0.793,0.887,0.596,0.525,0.325,0.601,0.68,1.0,0.372,0.378,0.291,0.325,0.78,0.463
25,B2_1,0.444,0.75,0.695,0.396,0.698,0.782,0.826,0.739,0.661,0.372,1.0,0.85,0.869,0.781,0.594,0.785
25,B2_2,0.386,0.716,0.698,0.368,0.834,0.872,0.867,0.639,0.603,0.378,0.85,1.0,0.86,0.774,0.632,0.747
25,B2_3,0.284,0.684,0.623,0.313,0.775,0.776,0.887,0.755,0.711,0.291,0.869,0.86,1.0,0.791,0.583,0.791
25,y1,0.284,0.561,0.657,0.411,0.679,0.7,0.807,0.68,0.585,0.325,0.781,0.774,0.791,1.0,0.614,0.827
25,y2,0.617,0.774,0.859,0.825,0.814,0.748,0.673,0.7,0.822,0.78,0.594,0.632,0.583,0.614,1.0,0.62
25,y3,0.355,0.59,0.679,0.473,0.748,0.775,0.762,0.771,0.71,0.463,0.785,0.747,0.791,0.827,0.62,1.0
26,.,1.0,0.757,0.819,0.832,0.386,0.442,0.229,0.62,0.628,0.811,0.407,0.342,0.237,0.249,0.6,0.323
