,,.,A1_1,A1_2,A1_3,B1_1,B1_2,B1_3,A2_1,A2_2,A2_3,B2_1,B2_2,B2_3,y1,y2,y3
1,.,1.0,-0.1,0.152,0.328,-0.051,0.289,-0.285,-0.156,-0.168,0.345,0.042,0.079,-0.28,-0.239,0.212,-0.115
1,A1_1,-0.1,1.0,-0.2,0.035,-0.033,-0.063,0.234,-0.171,-0.291,-0.075,0.208,-0.236,0.042,-0.157,0.137,-0.129
1,A1_2,0.152,-0.2,1.0,0.33,0.087,0.349,0.081,0.096,-0.125,-0.112,-0.121,-0.041,0.062,0.087,0.104,0.171
1,A1_3,0.328,0.035,0.33,1.0,0.201,0.078,-0.099,-0.016,-0.104,0.292,-0.12,0.043,-0.202,0.023,0.501,0.113
1,B1_1,-0.051,-0.033,0.087,0.201,1.0,-0.162,-0.053,-0.111,-0.078,0.174,-0.333,0.209,-0.298,-0.196,-0.037,-0.148
1,B1_2,0.289,-0.063,0.349,0.078,-0.162,1.0,-0.279,-0.141,-0.119,-0.072,-0.122,0.196,-0.155,-0.031,0.118,0.201
1,B1_3,-0.285,0.234,0.081,-0.099,-0.053,-0.279,1.0,-0.048,0.125,-0.104,-0.03,-0.103,0.066,0.001,0.029,-0.185
1,A2_1,-0.156,-0.171,0.096,-0.016,-0.111,-0.141,-0.048,1.0,0.111,-0.213,0.052,-0.222,0.181,-0.166,-0.169,0.317
1,A2_2,-0.168,-0.291,-0.125,-0.104,-0.078,-0.119,0.125,0.111,1.0,-0.126,-0.326,-0.13,0.118,0.179,0.129,-0.04
1,A2_3,0.345,-0.075,-0.112,0.292,0.174,-0.072,-0.104,-0.213,-0.126,1.0,-0.213,0.0,-0.298,-0.252,0.255,0.057
1,B2_1,0.042,0.208,-0.121,-0.12,-0.333,-0.122,-0.03,0.052,-0.326,-0.213,1.0,-0.069,0.135,0.049,-0.078,0.024
1,B2_2,0.079,-0.236,-0.041,0.043,0.209,0.196,-0.103,-0.222,-0.13,0.0,-0.069,1.0,0.029,0.09,-0.144,0.058
1,B2_3,-0.28,0.042,0.062,-0.202,-0.298,-0.155,0.066,0.181,0.118,-0.298,0.135,0.029,1.0,0.097,-0.04,0.029
1,y1,-0.239,-0.157,0.087,0.023,-0.196,-0.031,0.001,-0.166,0.179,-0.252,0.049,0.09,0.097,1.0,-0.11,0.206
1,y2,0.212,0.137,0.104,0.501,-0.037,0.118,0.029,-0.169,0.129,0.255,-0.078,-0.144,-0.04,-0.11,1.0,-0.224
1,y3,-0.115,-0.129,0.171,0.113,-0.148,0.201,-0.185,0.317,-0.04,0.057,0.024,0.058,0.029,0.206,-0.224,1.0
2,.,1.0,-0.1,0.152,0.328,-0.05,0.288,-0.285,-0.156,-0.169,0.345,0.042,0.079,-0.279,-0.24,0.211,-0.115
2,A1_1,-0.1,1.0,-0.2,0.035,-0.032,-0.062,0.234,-0.171,-0.291,-0.075,0.209,-0.236,0.042,-0.157,0.137,-0.129
2,A1_2,0.152,-0.2,1.0,0.33,0.087,0.349,0.081,0.096,-0.125,-0.112,-0.121,-0.041,0.062,0.087,0.104,0.171
2,A1_3,0.328,0.035,0.33,1.0,0.201,0.077,-0.099,-0.015,-0.104,0.292,-0.12,0.042,-0.202,0.023,0.501,0.113
2,B1_1,-0.05,-0.032,0.087,0.201,1.0,-0.162,-0.053,-0.11,-0.078,0.174,-0.333,0.21,-0.298,-0.196,-0.037,-0.148
2,B1_2,0.288,-0.062,0.349,0.077,-0.162,1.0,-0.279,-0.14,-0.119,-0.072,-0.122,0.196,-0.155,-0.031,0.118,0.201
2,B1_3,-0.285,0.234,0.081,-0.099,-0.053,-0.279,1.0,-0.048,0.125,-0.104,-0.03,-0.103,0.067,0.001,0.029,-0.184
2,A2_1,-0.156,-0.171,0.096,-0.015,-0.11,-0.14,-0.048,1.0,0.111,-0.213,0.052,-0.222,0.181,-0.166,-0.169,0.317
2,A2_2,-0.169,-0.291,-0.125,-0.104,-0.078,-0.119,0.125,0.111,1.0,-0.125,-0.327,-0.13,0.118,0.178,0.129,-0.04
2,A2_3,0.345,-0.075,-0.112,0.292,0.174,-0.072,-0.104,-0.213,-0.125,1.0,-0.213,0.0,-0.298,-0.252,0.255,0.057
2,B2_1,0.042,0.209,-0.121,-0.12,-0.333,-0.122,-0.03,0.052,-0.327,-0.213,1.0,-0.068,0.136,0.048,-0.078,0.024
2,B2_2,0.079,-0.236,-0.041,0.042,0.21,0.196,-0.103,-0.222,-0.13,0.0,-0.068,1.0,0.03,0.09,-0.144,0.058
2,B2_3,-0.279,0.042,0.062,-0.202,-0.298,-0.155,0.067,0.181,0.118,-0.298,0.136,0.03,1.0,0.097,-0.04,0.029
2,y1,-0.24,-0.157,0.087,0.023,-0.196,-0.031,0.001,-0.166,0.178,-0.252,0.048,0.09,0.097,1.0,-0.11,0.206
2,y2,0.211,0.137,0.104,0.501,-0.037,0.118,0.029,-0.169,0.129,0.255,-0.078,-0.144,-0.04,-0.11,1.0,-0.224
2,y3,-0.115,-0.129,0.171,0.113,-0.148,0.201,-0.184,0.317,-0.04,0.057,0.024,0.058,0.029,0.206,-0.224,1.0
3,.,1.0,-0.1,0.152,0.328,-0.05,0.288,-0.285,-0.156,-0.169,0.345,0.043,0.079,-0.279,-0.24,0.211,-0.116
3,A1_1,-0.1,1.0,-0.2,0.035,-0.032,-0.062,0.234,-0.171,-0.291,-0.075,0.209,-0.235,0.042,-0.157,0.137,-0.129
3,A1_2,0.152,-0.2,1.0,0.33,0.087,0.349,0.081,0.096,-0.125,-0.111,-0.121,-0.041,0.062,0.087,0.104,0.171
3,A1_3,0.328,0.035,0.33,1.0,0.201,0.077,-0.099,-0.015,-0.104,0.292,-0.121,0.042,-0.202,0.022,0.501,0.113
3,B1_1,-0.05,-0.032,0.087,0.201,1.0,-0.163,-0.053,-0.11,-0.078,0.174,-0.333,0.21,-0.298,-0.196,-0.037,-0.148
3,B1_2,0.288,-0.062,0.349,0.077,-0.163,1.0,-0.279,-0.14,-0.119,-0.072,-0.121,0.196,-0.154,-0.031,0.118,0.201
3,B1_3,-0.285,0.234,0.081,-0.099,-0.053,-0.279,1.0,-0.047,0.125,-0.103,-0.03,-0.102,0.067,0.001,0.029,-0.184
3,A2_1,-0.156,-0.171,0.096,-0.015,-0.11,-0.14,-0.047,1.0,0.111,-0.212,0.052,-0.222,0.181,-0.166,-0.169,0.317
3,A2_2,-0.169,-0.291,-0.125,-0.104,-0.078,-0.119,0.125,0.111,1.0,-0.125,-0.327,-0.13,0.118,0.178,0.129,-0.04
3,A2_3,0.345,-0.075,-0.111,0.292,0.174,-0.072,-0.103,-0.212,-0.125,1.0,-0.213,0.0,-0.298,-0.253,0.255,0.057
3,B2_1,0.043,0.209,-0.121,-0.121,-0.333,-0.121,-0.03,0.052,-0.327,-0.213,1.0,-0.068,0.136,0.048,-0.078,0.024
3,B2_2,0.079,-0.235,-0.041,0.042,0.21,0.196,-0.102,-0.222,-0.13,0.0,-0.068,1.0,0.03,0.089,-0.144,0.059
3,B2_3,-0.279,0.042,0.062,-0.202,-0.298,-0.154,0.067,0.181,0.118,-0.298,0.136,0.03,1.0,0.096,-0.04,0.029
3,y1,-0.24,-0.157,0.087,0.022,-0.196,-0.031,0.001,-0.166,0.178,-0.253,0.048,0.089,0.096,1.0,-0.11,0.207
3,y2,0.211,0.137,0.104,0.501,-0.037,0.118,0.029,-0.169,0.129,0.255,-0.078,-0.144,-0.04,-0.11,1.0,-0.223
3,y3,-0.116,-0.129,0.171,0.113,-0.148,0.201,-0.184,0.317,-0.04,0.057,0.024,0.059,0.029,0.207,-0.223,1.0
4,.,1.0,-0.1,0.152,0.328,-0.049,0.287,-0.285,-0.156,-0.169,0.345,0.044,0.079,-0.279,-0.241,0.21,-0.116
4,A1_1,-0.1,1.0,-0.201,0.035,-0.032,-0.062,0.234,-0.171,-0.29,-0.075,0.209,-0.235,0.042,-0.157,0.136,-0.129
4,A1_2,0.152,-0.201,1.0,0.33,0.087,0.349,0.082,0.096,-0.125,-0.111,-0.121,-0.041,0.062,0.087,0.104,0.171
4,A1_3,0.328,0.035,0.33,1.0,0.201,0.077,-0.099,-0.015,-0.104,0.292,-0.121,0.042,-0.202,0.022,0.501,0.113
4,B1_1,-0.049,-0.032,0.087,0.201,1.0,-0.163,-0.054,-0.11,-0.078,0.174,-0.334,0.21,-0.298,-0.197,-0.037,-0.147
4,B1_2,0.287,-0.062,0.349,0.077,-0.163,1.0,-0.279,-0.14,-0.119,-0.072,-0.121,0.197,-0.153,-0.031,0.118,0.201
4,B1_3,-0.285,0.234,0.082,-0.099,-0.054,-0.279,1.0,-0.047,0.125,-0.103,-0.03,-0.102,0.067,0.001,0.029,-0.184
4,A2_1,-0.156,-0.171,0.096,-0.015,-0.11,-0.14,-0.047,1.0,0.111,-0.212,0.052,-0.222,0.181,-0.166,-0.169,0.317
4,A2_2,-0.169,-0.29,-0.125,-0.104,-0.078,-0.119,0.125,0.111,1.0,-0.125,-0.327,-0.131,0.117,0.178,0.129,-0.04
4,A2_3,0.345,-0.075,-0.111,0.292,0.174,-0.072,-0.103,-0.212,-0.125,1.0,-0.213,0.0,-0.298,-0.253,0.255,0.057
4,B2_1,0.044,0.209,-0.121,-0.121,-0.334,-0.121,-0.03,0.052,-0.327,-0.213,1.0,-0.067,0.137,0.048,-0.078,0.024
4,B2_2,0.079,-0.235,-0.041,0.042,0.21,0.197,-0.102,-0.222,-0.131,0.0,-0.067,1.0,0.03,0.089,-0.144,0.059
4,B2_3,-0.279,0.042,0.062,-0.202,-0.298,-0.153,0.067,0.181,0.117,-0.298,0.137,0.03,1.0,0.096,-0.041,0.029
4,y1,-0.241,-0.157,0.087,0.022,-0.197,-0.031,0.001,-0.166,0.178,-0.253,0.048,0.089,0.096,1.0,-0.109,0.207
4,y2,0.21,0.136,0.104,0.501,-0.037,0.118,0.029,-0.169,0.129,0.255,-0.078,-0.144,-0.041,-0.109,1.0,-0.223
4,y3,-0.116,-0.129,0.171,0.113,-0.147,0.201,-0.184,0.317,-0.04,0.057,0.024,0.059,0.029,0.207,-0.223,1.0
5,.,1.0,-0.099,0.152,0.328,-0.049,0.286,-0.285,-0.156,-0.169,0.344,0.044,0.078,-0.278,-0.241,0.21,-0.117
5,A1_1,-0.099,1.0,-0.201,0.035,-0.031,-0.062,0.235,-0.171,-0.29,-0.075,0.209,-0.235,0.042,-0.157,0.136,-0.129
5,A1_2,0.152,-0.201,1.0,0.33,0.087,0.349,0.082,0.096,-0.125,-0.111,-0.121,-0.041,0.063,0.087,0.104,0.171
5,A1_3,0.328,0.035,0.33,1.0,0.2,0.077,-0.099,-0.015,-0.103,0.292,-0.121,0.042,-0.202,0.022,0.501,0.113
5,B1_1,-0.049,-0.031,0.087,0.2,1.0,-0.163,-0.054,-0.11,-0.078,0.175,-0.334,0.211,-0.298,-0.197,-0.037,-0.147
5,B1_2,0.286,-0.062,0.349,0.077,-0.163,1.0,-0.278,-0.139,-0.119,-0.072,-0.121,0.198,-0.153,-0.031,0.118,0.202
5,B1_3,-0.285,0.235,0.082,-0.099,-0.054,-0.278,1.0,-0.047,0.125,-0.103,-0.03,-0.102,0.067,0.001,0.029,-0.184
5,A2_1,-0.156,-0.171,0.096,-0.015,-0.11,-0.139,-0.047,1.0,0.111,-0.212,0.053,-0.222,0.181,-0.166,-0.169,0.317
5,A2_2,-0.169,-0.29,-0.125,-0.103,-0.078,-0.119,0.125,0.111,1.0,-0.124,-0.327,-0.131,0.117,0.178,0.129,-0.04
5,A2_3,0.344,-0.075,-0.111,0.292,0.175,-0.072,-0.103,-0.212,-0.124,1.0,-0.213,0.0,-0.298,-0.253,0.254,0.056
5,B2_1,0.044,0.209,-0.121,-0.121,-0.334,-0.121,-0.03,0.053,-0.327,-0.213,1.0,-0.067,0.137,0.047,-0.078,0.024
5,B2_2,0.078,-0.235,-0.041,0.042,0.211,0.198,-0.102,-0.222,-0.131,0.0,-0.067,1.0,0.031,0.089,-0.144,0.059
5,B2_3,-0.278,0.042,0.063,-0.202,-0.298,-0.153,0.067,0.181,0.117,-0.298,0.137,0.031,1.0,0.095,-0.041,0.029
5,y1,-0.241,-0.157,0.087,0.022,-0.197,-0.031,0.001,-0.166,0.178,-0.253,0.047,0.089,0.095,1.0,-0.109,0.208
5,y2,0.21,0.136,0.104,0.501,-0.037,0.118,0.029,-0.169,0.129,0.254,-0.078,-0.144,-0.041,-0.109,1.0,-0.223
5,y3,-0.117,-0.129,0.171,0.113,-0.147,0.202,-0.184,0.317,-0.04,0.056,0.024,0.059,0.029,0.208,-0.223,1.0
6,.,1.0,-0.099,0.151,0.328,-0.048,0.286,-0.286,-0.156,-0.17,0.344,0.045,0.078,-0.278,-0.242,0.209,-0.118
6,A1_1,-0.099,1.0,-0.201,0.035,-0.031,-0.062,0.235,-0.172,-0.29,-0.074,0.209,-0.235,0.042,-0.158,0.136,-0.13
6,A1_2,0.151,-0.201,1.0,0.33,0.087,0.349,0.082,0.096,-0.125,-0.111,-0.121,-0.041,0.063,0.086,0.104,0.171
6,A1_3,0.328,0.035,0.33,1.0,0.2,0.076,-0.099,-0.015,-0.103,0.293,-0.121,0.041,-0.202,0.022,0.501,0.113
6,B1_1,-0.048,-0.031,0.087,0.2,1.0,-0.163,-0.054,-0.109,-0.078,0.175,-0.334,0.211,-0.297,-0.197,-0.037,-0.147
6,B1_2,0.286,-0.062,0.349,0.076,-0.163,1.0,-0.278,-0.139,-0.12,-0.072,-0.12,0.198,-0.152,-0.031,0.118,0.202
6,B1_3,-0.286,0.235,0.082,-0.099,-0.054,-0.278,1.0,-0.047,0.125,-0.103,-0.029,-0.101,0.068,0.001,0.029,-0.183
6,A2_1,-0.156,-0.172,0.096,-0.015,-0.109,-0.139,-0.047,1.0,0.112,-0.212,0.053,-0.222,0.181,-0.166,-0.169,0.317
6,A2_2,-0.17,-0.29,-0.125,-0.103,-0.078,-0.12,0.125,0.112,1.0,-0.124,-0.327,-0.131,0.117,0.178,0.13,-0.04
6,A2_3,0.344,-0.074,-0.111,0.293,0.175,-0.072,-0.103,-0.212,-0.124,1.0,-0.214,-0.0,-0.298,-0.253,0.254,0.056
6,B2_1,0.045,0.209,-0.121,-0.121,-0.334,-0.12,-0.029,0.053,-0.327,-0.214,1.0,-0.066,0.138,0.047,-0.079,0.024
6,B2_2,0.078,-0.235,-0.041,0.041,0.211,0.198,-0.101,-0.222,-0.131,-0.0,-0.066,1.0,0.031,0.089,-0.144,0.059
6,B2_3,-0.278,0.042,0.063,-0.202,-0.297,-0.152,0.068,0.181,0.117,-0.298,0.138,0.031,1.0,0.095,-0.041,0.029
6,y1,-0.242,-0.158,0.086,0.022,-0.197,-0.031,0.001,-0.166,0.178,-0.253,0.047,0.089,0.095,1.0,-0.108,0.208
6,y2,0.209,0.136,0.104,0.501,-0.037,0.118,0.029,-0.169,0.13,0.254,-0.079,-0.144,-0.041,-0.108,1.0,-0.222
6,y3,-0.118,-0.13,0.171,0.113,-0.147,0.202,-0.183,0.317,-0.04,0.056,0.024,0.059,0.029,0.208,-0.222,1.0
7,.,1.0,-0.099,0.151,0.328,-0.048,0.285,-0.286,-0.157,-0.17,0.344,0.046,0.078,-0.278,-0.242,0.208,-0.118
7,A1_1,-0.099,1.0,-0.201,0.036,-0.031,-0.061,0.235,-0.172,-0.29,-0.074,0.209,-0.235,0.042,-0.158,0.136,-0.13
7,A1_2,0.151,-0.201,1.0,0.33,0.088,0.349,0.082,0.096,-0.125,-0.111,-0.121,-0.041,0.063,0.086,0.105,0.171
7,A1_3,0.328,0.036,0.33,1.0,0.2,0.076,-0.099,-0.015,-0.103,0.293,-0.122,0.041,-0.203,0.022,0.501,0.112
7,B1_1,-0.048,-0.031,0.088,0.2,1.0,-0.163,-0.054,-0.109,-0.079,0.175,-0.334,0.212,-0.297,-0.197,-0.037,-0.147
7,B1_2,0.285,-0.061,0.349,0.076,-0.163,1.0,-0.278,-0.139,-0.12,-0.072,-0.12,0.199,-0.151,-0.031,0.118,0.202
7,B1_3,-0.286,0.235,0.082,-0.099,-0.054,-0.278,1.0,-0.047,0.125,-0.103,-0.029,-0.101,0.068,0.001,0.029,-0.183
7,A2_1,-0.157,-0.172,0.096,-0.015,-0.109,-0.139,-0.047,1.0,0.112,-0.211,0.053,-0.222,0.181,-0.166,-0.168,0.317
7,A2_2,-0.17,-0.29,-0.125,-0.103,-0.079,-0.12,0.125,0.112,1.0,-0.124,-0.327,-0.131,0.117,0.178,0.13,-0.04
7,A2_3,0.344,-0.074,-0.111,0.293,0.175,-0.072,-0.103,-0.211,-0.124,1.0,-0.214,-0.0,-0.298,-0.253,0.254,0.056
7,B2_1,0.046,0.209,-0.121,-0.122,-0.334,-0.12,-0.029,0.053,-0.327,-0.214,1.0,-0.066,0.138,0.047,-0.079,0.023
7,B2_2,0.078,-0.235,-0.041,0.041,0.212,0.199,-0.101,-0.222,-0.131,-0.0,-0.066,1.0,0.032,0.088,-0.144,0.059
7,B2_3,-0.278,0.042,0.063,-0.203,-0.297,-0.151,0.068,0.181,0.117,-0.298,0.138,0.032,1.0,0.095,-0.041,0.029
7,y1,-0.242,-0.158,0.086,0.022,-0.197,-0.031,0.001,-0.166,0.178,-0.253,0.047,0.088,0.095,1.0,-0.108,0.209
7,y2,0.208,0.136,0.105,0.501,-0.037,0.118,0.029,-0.168,0.13,0.254,-0.079,-0.144,-0.041,-0.108,1.0,-0.222
7,y3,-0.118,-0.13,0.171,0.112,-0.147,0.202,-0.183,0.317,-0.04,0.056,0.023,0.059,0.029,0.209,-0.222,1.0
8,.,1.0,-0.099,0.151,0.328,-0.048,0.284,-0.286,-0.157,-0.17,0.344,0.046,0.077,-0.278,-0.243,0.208,-0.119
8,A1_1,-0.099,1.0,-0.201,0.036,-0.03,-0.061,0.236,-0.172,-0.29,-0.074,0.209,-0.235,0.043,-0.158,0.136,-0.13
8,A1_2,0.151,-0.201,1.0,0.33,0.088,0.349,0.082,0.096,-0.125,-0.111,-0.121,-0.041,0.063,0.086,0.105,0.171
8,A1_3,0.328,0.036,0.33,1.0,0.2,0.076,-0.099,-0.014,-0.102,0.293,-0.122,0.041,-0.203,0.022,0.501,0.112
8,B1_1,-0.048,-0.03,0.088,0.2,1.0,-0.163,-0.054,-0.109,-0.079,0.174,-0.334,0.212,-0.297,-0.197,-0.037,-0.147
8,B1_2,0.284,-0.061,0.349,0.076,-0.163,1.0,-0.277,-0.139,-0.12,-0.072,-0.119,0.2,-0.15,-0.031,0.118,0.202
8,B1_3,-0.286,0.236,0.082,-0.099,-0.054,-0.277,1.0,-0.046,0.124,-0.103,-0.029,-0.1,0.069,0.001,0.029,-0.183
8,A2_1,-0.157,-0.172,0.096,-0.014,-0.109,-0.139,-0.046,1.0,0.112,-0.211,0.053,-0.222,0.181,-0.166,-0.168,0.317
8,A2_2,-0.17,-0.29,-0.125,-0.102,-0.079,-0.12,0.124,0.112,1.0,-0.123,-0.327,-0.132,0.116,0.178,0.13,-0.04
8,A2_3,0.344,-0.074,-0.111,0.293,0.174,-0.072,-0.103,-0.211,-0.123,1.0,-0.214,-0.0,-0.298,-0.253,0.254,0.055
8,B2_1,0.046,0.209,-0.121,-0.122,-0.334,-0.119,-0.029,0.053,-0.327,-0.214,1.0,-0.065,0.139,0.046,-0.079,0.023
8,B2_2,0.077,-0.235,-0.041,0.041,0.212,0.2,-0.1,-0.222,-0.132,-0.0,-0.065,1.0,0.033,0.088,-0.144,0.059
8,B2_3,-0.278,0.043,0.063,-0.203,-0.297,-0.15,0.069,0.181,0.116,-0.298,0.139,0.033,1.0,0.094,-0.041,0.029
8,y1,-0.243,-0.158,0.086,0.022,-0.197,-0.031,0.001,-0.166,0.178,-0.253,0.046,0.088,0.094,1.0,-0.107,0.21
8,y2,0.208,0.136,0.105,0.501,-0.037,0.118,0.029,-0.168,0.13,0.254,-0.079,-0.144,-0.041,-0.107,1.0,-0.222
8,y3,-0.119,-0.13,0.171,0.112,-0.147,0.202,-0.183,0.317,-0.04,0.055,0.023,0.059,0.029,0.21,-0.222,1.0
9,.,1.0,-0.099,0.151,0.328,-0.047,0.282,-0.287,-0.157,-0.17,0.344,0.047,0.076,-0.278,-0.244,0.207,-0.12
9,A1_1,-0.099,1.0,-0.201,0.036,-0.03,-0.061,0.236,-0.172,-0.29,-0.074,0.209,-0.235,0.043,-0.158,0.136,-0.13
9,A1_2,0.151,-0.201,1.0,0.33,0.088,0.349,0.082,0.096,-0.124,-0.111,-0.121,-0.041,0.063,0.086,0.105,0.171
9,A1_3,0.328,0.036,0.33,1.0,0.199,0.075,-0.099,-0.014,-0.102,0.293,-0.123,0.04,-0.203,0.021,0.501,0.112
9,B1_1,-0.047,-0.03,0.088,0.199,1.0,-0.163,-0.054,-0.109,-0.079,0.174,-0.334,0.213,-0.296,-0.197,-0.037,-0.147
9,B1_2,0.282,-0.061,0.349,0.075,-0.163,1.0,-0.277,-0.139,-0.12,-0.072,-0.118,0.2,-0.149,-0.031,0.118,0.202
9,B1_3,-0.287,0.236,0.082,-0.099,-0.054,-0.277,1.0,-0.046,0.124,-0.103,-0.029,-0.099,0.069,0.001,0.029,-0.183
9,A2_1,-0.157,-0.172,0.096,-0.014,-0.109,-0.139,-0.046,1.0,0.112,-0.211,0.053,-0.222,0.181,-0.166,-0.168,0.316
9,A2_2,-0.17,-0.29,-0.124,-0.102,-0.079,-0.12,0.124,0.112,1.0,-0.123,-0.327,-0.132,0.116,0.177,0.13,-0.04
9,A2_3,0.344,-0.074,-0.111,0.293,0.174,-0.072,-0.103,-0.211,-0.123,1.0,-0.214,-0.001,-0.298,-0.253,0.254,0.055
9,B2_1,0.047,0.209,-0.121,-0.123,-0.334,-0.118,-0.029,0.053,-0.327,-0.214,1.0,-0.064,0.139,0.046,-0.079,0.023
9,B2_2,0.076,-0.235,-0.041,0.04,0.213,0.2,-0.099,-0.222,-0.132,-0.001,-0.064,1.0,0.033,0.088,-0.144,0.058
9,B2_3,-0.278,0.043,0.063,-0.203,-0.296,-0.149,0.069,0.181,0.116,-0.298,0.139,0.033,1.0,0.094,-0.042,0.029
9,y1,-0.244,-0.158,0.086,0.021,-0.197,-0.031,0.001,-0.166,0.177,-0.253,0.046,0.088,0.094,1.0,-0.106,0.21
9,y2,0.207,0.136,0.105,0.501,-0.037,0.118,0.029,-0.168,0.13,0.254,-0.079,-0.144,-0.042,-0.106,1.0,-0.221
9,y3,-0.12,-0.13,0.171,0.112,-0.147,0.202,-0.183,0.316,-0.04,0.055,0.023,0.058,0.029,0.21,-0.221,1.0
10,.,1.0,-0.099,0.15,0.328,-0.047,0.281,-0.287,-0.157,-0.17,0.344,0.047,0.075,-0.278,-0.244,0.206,-0.121
10,A1_1,-0.099,1.0,-0.201,0.036,-0.03,-0.061,0.236,-0.172,-0.289,-0.074,0.209,-0.235,0.043,-0.159,0.136,-0.131
10,A1_2,0.15,-0.201,1.0,0.33,0.088,0.349,0.083,0.096,-0.124,-0.11,-0.121,-0.041,0.063,0.086,0.105,0.171
10,A1_3,0.328,0.036,0.33,1.0,0.199,0.075,-0.1,-0.014,-0.101,0.294,-0.123,0.04,-0.204,0.021,0.501,0.112
10,B1_1,-0.047,-0.03,0.088,0.199,1.0,-0.162,-0.054,-0.109,-0.079,0.174,-0.334,0.213,-0.296,-0.197,-0.037,-0.147
10,B1_2,0.281,-0.061,0.349,0.075,-0.162,1.0,-0.276,-0.138,-0.12,-0.072,-0.118,0.201,-0.148,-0.031,0.118,0.201
10,B1_3,-0.287,0.236,0.083,-0.1,-0.054,-0.276,1.0,-0.046,0.124,-0.103,-0.028,-0.099,0.07,0.0,0.028,-0.183
10,A2_1,-0.157,-0.172,0.096,-0.014,-0.109,-0.138,-0.046,1.0,0.112,-0.21,0.053,-0.222,0.181,-0.166,-0.168,0.316
10,A2_2,-0.17,-0.289,-0.124,-0.101,-0.079,-0.12,0.124,0.112,1.0,-0.122,-0.327,-0.132,0.116,0.177,0.131,-0.04
10,A2_3,0.344,-0.074,-0.11,0.294,0.174,-0.072,-0.103,-0.21,-0.122,1.0,-0.214,-0.001,-0.298,-0.254,0.253,0.055
10,B2_1,0.047,0.209,-0.121,-0.123,-0.334,-0.118,-0.028,0.053,-0.327,-0.214,1.0,-0.063,0.14,0.046,-0.08,0.023
10,B2_2,0.075,-0.235,-0.041,0.04,0.213,0.201,-0.099,-0.222,-0.132,-0.001,-0.063,1.0,0.034,0.087,-0.144,0.058
10,B2_3,-0.278,0.043,0.063,-0.204,-0.296,-0.148,0.07,0.181,0.116,-0.298,0.14,0.034,1.0,0.093,-0.042,0.029
10,y1,-0.244,-0.159,0.086,0.021,-0.197,-0.031,0.0,-0.166,0.177,-0.254,0.046,0.087,0.093,1.0,-0.106,0.211
10,y2,0.206,0.136,0.105,0.501,-0.037,0.118,0.028,-0.168,0.131,0.253,-0.08,-0.144,-0.042,-0.106,1.0,-0.221
10,y3,-0.121,-0.131,0.171,0.112,-0.147,0.201,-0.183,0.316,-0.04,0.055,0.023,0.058,0.029,0.211,-0.221,1.0
11,.,1.0,-0.098,0.15,0.328,-0.047,0.28,-0.288,-0.157,-0.169,0.344,0.047,0.074,-0.279,-0.245,0.205,-0.121
11,A1_1,-0.098,1.0,-0.201,0.036,-0.029,-0.06,0.236,-0.172,-0.289,-0.074,0.209,-0.235,0.043,-0.159,0.135,-0.131
11,A1_2,0.15,-0.201,1.0,0.331,0.088,0.349,0.083,0.096,-0.124,-0.11,-0.121,-0.041,0.063,0.086,0.105,0.171
11,A1_3,0.328,0.036,0.331,1.0,0.198,0.074,-0.1,-0.013,-0.101,0.294,-0.124,0.039,-0.204,0.021,0.501,0.112
11,B1_1,-0.047,-0.029,0.088,0.198,1.0,-0.162,-0.054,-0.108,-0.08,0.174,-0.334,0.214,-0.295,-0.197,-0.037,-0.147
11,B1_2,0.28,-0.06,0.349,0.074,-0.162,1.0,-0.276,-0.138,-0.121,-0.072,-0.117,0.202,-0.147,-0.031,0.117,0.201
11,B1_3,-0.288,0.236,0.083,-0.1,-0.054,-0.276,1.0,-0.046,0.124,-0.103,-0.028,-0.098,0.07,0.0,0.028,-0.183
11,A2_1,-0.157,-0.172,0.096,-0.013,-0.108,-0.138,-0.046,1.0,0.112,-0.21,0.053,-0.223,0.181,-0.166,-0.168,0.316
11,A2_2,-0.169,-0.289,-0.124,-0.101,-0.08,-0.121,0.124,0.112,1.0,-0.122,-0.328,-0.132,0.115,0.177,0.131,-0.04
11,A2_3,0.344,-0.074,-0.11,0.294,0.174,-0.072,-0.103,-0.21,-0.122,1.0,-0.215,-0.001,-0.298,-0.254,0.253,0.054
11,B2_1,0.047,0.209,-0.121,-0.124,-0.334,-0.117,-0.028,0.053,-0.328,-0.215,1.0,-0.062,0.141,0.045,-0.08,0.023
11,B2_2,0.074,-0.235,-0.041,0.039,0.214,0.202,-0.098,-0.223,-0.132,-0.001,-0.062,1.0,0.035,0.087,-0.144,0.058
11,B2_3,-0.279,0.043,0.063,-0.204,-0.295,-0.147,0.07,0.181,0.115,-0.298,0.141,0.035,1.0,0.093,-0.043,0.029
11,y1,-0.245,-0.159,0.086,0.021,-0.197,-0.031,0.0,-0.166,0.177,-0.254,0.045,0.087,0.093,1.0,-0.105,0.212
11,y2,0.205,0.135,0.105,0.501,-0.037,0.117,0.028,-0.168,0.131,0.253,-0.08,-0.144,-0.043,-0.105,1.0,-0.22
11,y3,-0.121,-0.131,0.171,0.112,-0.147,0.201,-0.183,0.316,-0.04,0.054,0.023,0.058,0.029,0.212,-0.22,1.0
12,.,1.0,-0.098,0.15,0.328,-0.047,0.278,-0.289,-0.157,-0.169,0.344,0.047,0.072,-0.279,-0.245,0.205,-0.122
12,A1_1,-0.098,1.0,-0.201,0.037,-0.029,-0.06,0.236,-0.172,-0.289,-0.073,0.209,-0.235,0.043,-0.159,0.135,-0.131
12,A1_2,0.15,-0.201,1.0,0.331,0.088,0.349,0.083,0.096,-0.124,-0.11,-0.121,-0.041,0.063,0.085,0.106,0.171
12,A1_3,0.328,0.037,0.331,1.0,0.198,0.074,-0.1,-0.013,-0.1,0.294,-0.124,0.038,-0.204,0.021,0.501,0.112
12,B1_1,-0.047,-0.029,0.088,0.198,1.0,-0.162,-0.053,-0.108,-0.08,0.174,-0.333,0.215,-0.295,-0.197,-0.038,-0.147
12,B1_2,0.278,-0.06,0.349,0.074,-0.162,1.0,-0.275,-0.138,-0.121,-0.073,-0.117,0.203,-0.146,-0.031,0.117,0.201
12,B1_3,-0.289,0.236,0.083,-0.1,-0.053,-0.275,1.0,-0.046,0.124,-0.103,-0.027,-0.097,0.071,0.0,0.028,-0.182
12,A2_1,-0.157,-0.172,0.096,-0.013,-0.108,-0.138,-0.046,1.0,0.112,-0.209,0.053,-0.223,0.181,-0.166,-0.168,0.316
12,A2_2,-0.169,-0.289,-0.124,-0.1,-0.08,-0.121,0.124,0.112,1.0,-0.121,-0.328,-0.133,0.115,0.177,0.131,-0.039
12,A2_3,0.344,-0.073,-0.11,0.294,0.174,-0.073,-0.103,-0.209,-0.121,1.0,-0.215,-0.002,-0.298,-0.254,0.253,0.054
12,B2_1,0.047,0.209,-0.121,-0.124,-0.333,-0.117,-0.027,0.053,-0.328,-0.215,1.0,-0.062,0.141,0.045,-0.08,0.022
12,B2_2,0.072,-0.235,-0.041,0.038,0.215,0.203,-0.097,-0.223,-0.133,-0.002,-0.062,1.0,0.036,0.086,-0.144,0.058
12,B2_3,-0.279,0.043,0.063,-0.204,-0.295,-0.146,0.071,0.181,0.115,-0.298,0.141,0.036,1.0,0.092,-0.043,0.029
12,y1,-0.245,-0.159,0.085,0.021,-0.197,-0.031,0.0,-0.166,0.177,-0.254,0.045,0.086,0.092,1.0,-0.104,0.213
12,y2,0.205,0.135,0.106,0.501,-0.038,0.117,0.028,-0.168,0.131,0.253,-0.08,-0.144,-0.043,-0.104,1.0,-0.22
12,y3,-0.122,-0.131,0.171,0.112,-0.147,0.201,-0.182,0.316,-0.039,0.054,0.022,0.058,0.029,0.213,-0.22,1.0
13,.,1.0,-0.098,0.15,0.328,-0.047,0.276,-0.29,-0.157,-0.169,0.344,0.047,0.071,-0.28,-0.246,0.204,-0.122
13,A1_1,-0.098,1.0,-0.201,0.037,-0.028,-0.06,0.237,-0.172,-0.289,-0.073,0.209,-0.235,0.043,-0.16,0.135,-0.132
13,A1_2,0.15,-0.201,1.0,0.331,0.088,0.349,0.083,0.096,-0.124,-0.11,-0.121,-0.041,0.063,0.085,0.106,0.171
13,A1_3,0.328,0.037,0.331,1.0,0.197,0.073,-0.101,-0.013,-0.1,0.295,-0.125,0.038,-0.205,0.021,0.501,0.112
13,B1_1,-0.047,-0.028,0.088,0.197,1.0,-0.162,-0.053,-0.108,-0.08,0.173,-0.333,0.216,-0.294,-0.197,-0.038,-0.147
13,B1_2,0.276,-0.06,0.349,0.073,-0.162,1.0,-0.274,-0.138,-0.121,-0.073,-0.116,0.204,-0.144,-0.031,0.117,0.201
13,B1_3,-0.29,0.237,0.083,-0.101,-0.053,-0.274,1.0,-0.046,0.123,-0.104,-0.027,-0.096,0.072,-0.0,0.028,-0.182
13,A2_1,-0.157,-0.172,0.096,-0.013,-0.108,-0.138,-0.046,1.0,0.112,-0.209,0.053,-0.223,0.181,-0.166,-0.167,0.316
13,A2_2,-0.169,-0.289,-0.124,-0.1,-0.08,-0.121,0.123,0.112,1.0,-0.121,-0.328,-0.133,0.114,0.177,0.132,-0.039
13,A2_3,0.344,-0.073,-0.11,0.295,0.173,-0.073,-0.104,-0.209,-0.121,1.0,-0.215,-0.002,-0.298,-0.254,0.253,0.054
13,B2_1,0.047,0.209,-0.121,-0.125,-0.333,-0.116,-0.027,0.053,-0.328,-0.215,1.0,-0.061,0.142,0.045,-0.081,0.022
13,B2_2,0.071,-0.235,-0.041,0.038,0.216,0.204,-0.096,-0.223,-0.133,-0.002,-0.061,1.0,0.037,0.086,-0.145,0.057
13,B2_3,-0.28,0.043,0.063,-0.205,-0.294,-0.144,0.072,0.181,0.114,-0.298,0.142,0.037,1.0,0.092,-0.044,0.029
13,y1,-0.246,-0.16,0.085,0.021,-0.197,-0.031,-0.0,-0.166,0.177,-0.254,0.045,0.086,0.092,1.0,-0.103,0.214
13,y2,0.204,0.135,0.106,0.501,-0.038,0.117,0.028,-0.167,0.132,0.253,-0.081,-0.145,-0.044,-0.103,1.0,-0.219
13,y3,-0.122,-0.132,0.171,0.112,-0.147,0.201,-0.182,0.316,-0.039,0.054,0.022,0.057,0.029,0.214,-0.219,1.0
14,.,1.0,-0.098,0.149,0.329,-0.048,0.274,-0.29,-0.156,-0.168,0.344,0.047,0.069,-0.281,-0.246,0.203,-0.123
14,A1_1,-0.098,1.0,-0.201,0.037,-0.028,-0.06,0.237,-0.172,-0.288,-0.073,0.209,-0.235,0.043,-0.16,0.135,-0.132
14,A1_2,0.149,-0.201,1.0,0.331,0.088,0.349,0.083,0.096,-0.124,-0.109,-0.121,-0.042,0.063,0.085,0.106,0.17
14,A1_3,0.329,0.037,0.331,1.0,0.197,0.072,-0.101,-0.012,-0.099,0.295,-0.125,0.037,-0.205,0.021,0.501,0.112
14,B1_1,-0.048,-0.028,0.088,0.197,1.0,-0.162,-0.053,-0.108,-0.08,0.173,-0.333,0.217,-0.293,-0.197,-0.038,-0.147
14,B1_2,0.274,-0.06,0.349,0.072,-0.162,1.0,-0.273,-0.138,-0.121,-0.074,-0.115,0.205,-0.143,-0.031,0.117,0.201
14,B1_3,-0.29,0.237,0.083,-0.101,-0.053,-0.273,1.0,-0.045,0.123,-0.104,-0.026,-0.095,0.072,-0.0,0.027,-0.182
14,A2_1,-0.156,-0.172,0.096,-0.012,-0.108,-0.138,-0.045,1.0,0.112,-0.209,0.053,-0.223,0.181,-0.166,-0.167,0.316
14,A2_2,-0.168,-0.288,-0.124,-0.099,-0.08,-0.121,0.123,0.112,1.0,-0.12,-0.328,-0.134,0.114,0.177,0.132,-0.039
14,A2_3,0.344,-0.073,-0.109,0.295,0.173,-0.074,-0.104,-0.209,-0.12,1.0,-0.216,-0.002,-0.299,-0.254,0.253,0.054
14,B2_1,0.047,0.209,-0.121,-0.125,-0.333,-0.115,-0.026,0.053,-0.328,-0.216,1.0,-0.059,0.143,0.044,-0.081,0.022
14,B2_2,0.069,-0.235,-0.042,0.037,0.217,0.205,-0.095,-0.223,-0.134,-0.002,-0.059,1.0,0.038,0.085,-0.145,0.057
14,B2_3,-0.281,0.043,0.063,-0.205,-0.293,-0.143,0.072,0.181,0.114,-0.299,0.143,0.038,1.0,0.091,-0.044,0.028
14,y1,-0.246,-0.16,0.085,0.021,-0.197,-0.031,-0.0,-0.166,0.177,-0.254,0.044,0.085,0.091,1.0,-0.103,0.215
14,y2,0.203,0.135,0.106,0.501,-0.038,0.117,0.027,-0.167,0.132,0.253,-0.081,-0.145,-0.044,-0.103,1.0,-0.219
14,y3,-0.123,-0.132,0.17,0.112,-0.147,0.201,-0.182,0.316,-0.039,0.054,0.022,0.057,0.028,0.215,-0.219,1.0
15,.,1.0,-0.098,0.149,0.329,-0.048,0.272,-0.292,-0.156,-0.168,0.344,0.046,0.067,-0.281,-0.246,0.202,-0.123
15,A1_1,-0.098,1.0,-0.201,0.037,-0.027,-0.059,0.237,-0.172,-0.288,-0.072,0.209,-0.235,0.043,-0.161,0.135,-0.133
15,A1_2,0.149,-0.201,1.0,0.331,0.089,0.349,0.083,0.096,-0.123,-0.109,-0.121,-0.042,0.062,0.085,0.106,0.17
15,A1_3,0.329,0.037,0.331,1.0,0.196,0.072,-0.102,-0.012,-0.098,0.296,-0.126,0.036,-0.206,0.021,0.501,0.112
15,B1_1,-0.048,-0.027,0.089,0.196,1.0,-0.162,-0.052,-0.108,-0.081,0.172,-0.333,0.218,-0.292,-0.197,-0.039,-0.147
15,B1_2,0.272,-0.059,0.349,0.072,-0.162,1.0,-0.272,-0.138,-0.122,-0.074,-0.114,0.206,-0.142,-0.031,0.116,0.2
15,B1_3,-0.292,0.237,0.083,-0.102,-0.052,-0.272,1.0,-0.045,0.123,-0.104,-0.025,-0.094,0.073,-0.0,0.027,-0.182
15,A2_1,-0.156,-0.172,0.096,-0.012,-0.108,-0.138,-0.045,1.0,0.113,-0.208,0.053,-0.223,0.18,-0.166,-0.167,0.316
15,A2_2,-0.168,-0.288,-0.123,-0.098,-0.081,-0.122,0.123,0.113,1.0,-0.119,-0.329,-0.134,0.113,0.177,0.133,-0.039
15,A2_3,0.344,-0.072,-0.109,0.296,0.172,-0.074,-0.104,-0.208,-0.119,1.0,-0.216,-0.003,-0.299,-0.254,0.253,0.053
15,B2_1,0.046,0.209,-0.121,-0.126,-0.333,-0.114,-0.025,0.053,-0.329,-0.216,1.0,-0.058,0.144,0.044,-0.082,0.022
15,B2_2,0.067,-0.235,-0.042,0.036,0.218,0.206,-0.094,-0.223,-0.134,-0.003,-0.058,1.0,0.039,0.085,-0.145,0.056
15,B2_3,-0.281,0.043,0.062,-0.206,-0.292,-0.142,0.073,0.18,0.113,-0.299,0.144,0.039,1.0,0.091,-0.045,0.028
15,y1,-0.246,-0.161,0.085,0.021,-0.197,-0.031,-0.0,-0.166,0.177,-0.254,0.044,0.085,0.091,1.0,-0.102,0.216
15,y2,0.202,0.135,0.106,0.501,-0.039,0.116,0.027,-0.167,0.133,0.253,-0.082,-0.145,-0.045,-0.102,1.0,-0.218
15,y3,-0.123,-0.133,0.17,0.112,-0.147,0.2,-0.182,0.316,-0.039,0.053,0.022,0.056,0.028,0.216,-0.218,1.0
16,.,1.0,-0.099,0.149,0.329,-0.049,0.27,-0.293,-0.156,-0.167,0.344,0.046,0.065,-0.283,-0.247,0.201,-0.124
16,A1_1,-0.099,1.0,-0.201,0.038,-0.027,-0.059,0.237,-0.172,-0.288,-0.072,0.21,-0.235,0.043,-0.161,0.134,-0.133
16,A1_2,0.149,-0.201,1.0,0.332,0.089,0.349,0.083,0.096,-0.123,-0.108,-0.121,-0.042,0.062,0.084,0.106,0.17
16,A1_3,0.329,0.038,0.332,1.0,0.195,0.071,-0.102,-0.012,-0.098,0.296,-0.127,0.035,-0.207,0.02,0.501,0.112
16,B1_1,-0.049,-0.027,0.089,0.195,1.0,-0.162,-0.052,-0.108,-0.081,0.172,-0.332,0.219,-0.291,-0.197,-0.039,-0.147
16,B1_2,0.27,-0.059,0.349,0.071,-0.162,1.0,-0.271,-0.138,-0.122,-0.075,-0.113,0.207,-0.14,-0.031,0.116,0.2
16,B1_3,-0.293,0.237,0.083,-0.102,-0.052,-0.271,1.0,-0.045,0.123,-0.104,-0.025,-0.093,0.074,-0.001,0.026,-0.182
16,A2_1,-0.156,-0.172,0.096,-0.012,-0.108,-0.138,-0.045,1.0,0.113,-0.207,0.052,-0.223,0.18,-0.166,-0.166,0.315
16,A2_2,-0.167,-0.288,-0.123,-0.098,-0.081,-0.122,0.123,0.113,1.0,-0.118,-0.329,-0.135,0.113,0.176,0.133,-0.039
16,A2_3,0.344,-0.072,-0.108,0.296,0.172,-0.075,-0.104,-0.207,-0.118,1.0,-0.217,-0.004,-0.299,-0.254,0.252,0.053
16,B2_1,0.046,0.21,-0.121,-0.127,-0.332,-0.113,-0.025,0.052,-0.329,-0.217,1.0,-0.057,0.145,0.044,-0.082,0.021
16,B2_2,0.065,-0.235,-0.042,0.035,0.219,0.207,-0.093,-0.223,-0.135,-0.004,-0.057,1.0,0.04,0.084,-0.146,0.056
16,B2_3,-0.283,0.043,0.062,-0.207,-0.291,-0.14,0.074,0.18,0.113,-0.299,0.145,0.04,1.0,0.09,-0.046,0.027
16,y1,-0.247,-0.161,0.084,0.02,-0.197,-0.031,-0.001,-0.166,0.176,-0.254,0.044,0.084,0.09,1.0,-0.101,0.217
16,y2,0.201,0.134,0.106,0.501,-0.039,0.116,0.026,-0.166,0.133,0.252,-0.082,-0.146,-0.046,-0.101,1.0,-0.217
16,y3,-0.124,-0.133,0.17,0.112,-0.147,0.2,-0.182,0.315,-0.039,0.053,0.021,0.056,0.027,0.217,-0.217,1.0
17,.,1.0,-0.099,0.149,0.329,-0.049,0.268,-0.294,-0.156,-0.166,0.344,0.045,0.062,-0.284,-0.247,0.2,-0.124
17,A1_1,-0.099,1.0,-0.201,0.038,-0.026,-0.059,0.237,-0.172,-0.288,-0.072,0.21,-0.235,0.043,-0.162,0.134,-0.133
17,A1_2,0.149,-0.201,1.0,0.332,0.089,0.348,0.083,0.096,-0.123,-0.108,-0.121,-0.042,0.062,0.084,0.107,0.17
17,A1_3,0.329,0.038,0.332,1.0,0.194,0.07,-0.103,-0.011,-0.097,0.297,-0.128,0.035,-0.207,0.02,0.502,0.112
17,B1_1,-0.049,-0.026,0.089,0.194,1.0,-0.161,-0.051,-0.107,-0.081,0.171,-0.332,0.22,-0.29,-0.197,-0.039,-0.147
17,B1_2,0.268,-0.059,0.348,0.07,-0.161,1.0,-0.27,-0.137,-0.122,-0.076,-0.112,0.208,-0.139,-0.031,0.115,0.2
17,B1_3,-0.294,0.237,0.083,-0.103,-0.051,-0.27,1.0,-0.045,0.122,-0.105,-0.024,-0.091,0.075,-0.001,0.026,-0.182
17,A2_1,-0.156,-0.172,0.096,-0.011,-0.107,-0.137,-0.045,1.0,0.113,-0.207,0.052,-0.223,0.18,-0.166,-0.166,0.315
17,A2_2,-0.166,-0.288,-0.123,-0.097,-0.081,-0.122,0.122,0.113,1.0,-0.118,-0.329,-0.135,0.112,0.176,0.134,-0.039
17,A2_3,0.344,-0.072,-0.108,0.297,0.171,-0.076,-0.105,-0.207,-0.118,1.0,-0.218,-0.004,-0.3,-0.254,0.252,0.053
17,B2_1,0.045,0.21,-0.121,-0.128,-0.332,-0.112,-0.024,0.052,-0.329,-0.218,1.0,-0.056,0.146,0.043,-0.083,0.021
17,B2_2,0.062,-0.235,-0.042,0.035,0.22,0.208,-0.091,-0.223,-0.135,-0.004,-0.056,1.0,0.041,0.083,-0.146,0.055
17,B2_3,-0.284,0.043,0.062,-0.207,-0.29,-0.139,0.075,0.18,0.112,-0.3,0.146,0.041,1.0,0.089,-0.046,0.027
17,y1,-0.247,-0.162,0.084,0.02,-0.197,-0.031,-0.001,-0.166,0.176,-0.254,0.043,0.083,0.089,1.0,-0.099,0.218
17,y2,0.2,0.134,0.107,0.502,-0.039,0.115,0.026,-0.166,0.134,0.252,-0.083,-0.146,-0.046,-0.099,1.0,-0.216
17,y3,-0.124,-0.133,0.17,0.112,-0.147,0.2,-0.182,0.315,-0.039,0.053,0.021,0.055,0.027,0.218,-0.216,1.0
18,.,1.0,-0.099,0.149,0.329,-0.05,0.265,-0.295,-0.155,-0.165,0.344,0.044,0.059,-0.285,-0.247,0.2,-0.124
18,A1_1,-0.099,1.0,-0.201,0.038,-0.026,-0.058,0.238,-0.172,-0.287,-0.071,0.21,-0.235,0.043,-0.162,0.134,-0.134
18,A1_2,0.149,-0.201,1.0,0.332,0.089,0.348,0.083,0.096,-0.122,-0.108,-0.121,-0.043,0.062,0.084,0.107,0.17
18,A1_3,0.329,0.038,0.332,1.0,0.193,0.069,-0.103,-0.011,-0.096,0.298,-0.129,0.034,-0.208,0.02,0.502,0.112
18,B1_1,-0.05,-0.026,0.089,0.193,1.0,-0.161,-0.05,-0.107,-0.082,0.17,-0.331,0.221,-0.289,-0.196,-0.04,-0.147
18,B1_2,0.265,-0.058,0.348,0.069,-0.161,1.0,-0.269,-0.137,-0.123,-0.076,-0.111,0.21,-0.137,-0.031,0.115,0.199
18,B1_3,-0.295,0.238,0.083,-0.103,-0.05,-0.269,1.0,-0.045,0.122,-0.105,-0.023,-0.09,0.076,-0.001,0.025,-0.182
18,A2_1,-0.155,-0.172,0.096,-0.011,-0.107,-0.137,-0.045,1.0,0.113,-0.206,0.052,-0.224,0.179,-0.166,-0.166,0.315
18,A2_2,-0.165,-0.287,-0.122,-0.096,-0.082,-0.123,0.122,0.113,1.0,-0.117,-0.329,-0.136,0.112,0.176,0.134,-0.038
18,A2_3,0.344,-0.071,-0.108,0.298,0.17,-0.076,-0.105,-0.206,-0.117,1.0,-0.219,-0.005,-0.3,-0.253,0.252,0.053
18,B2_1,0.044,0.21,-0.121,-0.129,-0.331,-0.111,-0.023,0.052,-0.329,-0.219,1.0,-0.054,0.147,0.043,-0.084,0.02
18,B2_2,0.059,-0.235,-0.043,0.034,0.221,0.21,-0.09,-0.224,-0.136,-0.005,-0.054,1.0,0.043,0.083,-0.147,0.054
18,B2_3,-0.285,0.043,0.062,-0.208,-0.289,-0.137,0.076,0.179,0.112,-0.3,0.147,0.043,1.0,0.089,-0.047,0.026
18,y1,-0.247,-0.162,0.084,0.02,-0.196,-0.031,-0.001,-0.166,0.176,-0.253,0.043,0.083,0.089,1.0,-0.098,0.219
18,y2,0.2,0.134,0.107,0.502,-0.04,0.115,0.025,-0.166,0.134,0.252,-0.084,-0.147,-0.047,-0.098,1.0,-0.215
18,y3,-0.124,-0.134,0.17,0.112,-0.147,0.199,-0.182,0.315,-0.038,0.053,0.02,0.054,0.026,0.219,-0.215,1.0
19,.,1.0,-0.099,0.149,0.33,-0.052,0.262,-0.297,-0.155,-0.164,0.345,0.042,0.057,-0.287,-0.247,0.199,-0.124
19,A1_1,-0.099,1.0,-0.201,0.039,-0.025,-0.058,0.238,-0.172,-0.287,-0.071,0.21,-0.235,0.043,-0.163,0.134,-0.135
19,A1_2,0.149,-0.201,1.0,0.332,0.089,0.348,0.083,0.096,-0.122,-0.107,-0.122,-0.043,0.062,0.084,0.107,0.17
19,A1_3,0.33,0.039,0.332,1.0,0.192,0.068,-0.104,-0.01,-0.096,0.298,-0.13,0.033,-0.209,0.02,0.502,0.112
19,B1_1,-0.052,-0.025,0.089,0.192,1.0,-0.161,-0.049,-0.107,-0.082,0.169,-0.331,0.223,-0.287,-0.196,-0.041,-0.147
19,B1_2,0.262,-0.058,0.348,0.068,-0.161,1.0,-0.268,-0.137,-0.123,-0.077,-0.11,0.211,-0.136,-0.031,0.114,0.199
19,B1_3,-0.297,0.238,0.083,-0.104,-0.049,-0.268,1.0,-0.045,0.121,-0.106,-0.022,-0.088,0.078,-0.001,0.024,-0.182
19,A2_1,-0.155,-0.172,0.096,-0.01,-0.107,-0.137,-0.045,1.0,0.113,-0.205,0.052,-0.224,0.179,-0.166,-0.165,0.315
19,A2_2,-0.164,-0.287,-0.122,-0.096,-0.082,-0.123,0.121,0.113,1.0,-0.116,-0.33,-0.136,0.111,0.176,0.135,-0.038
19,A2_3,0.345,-0.071,-0.107,0.298,0.169,-0.077,-0.106,-0.205,-0.116,1.0,-0.219,-0.006,-0.301,-0.253,0.252,0.053
19,B2_1,0.042,0.21,-0.122,-0.13,-0.331,-0.11,-0.022,0.052,-0.33,-0.219,1.0,-0.053,0.149,0.043,-0.085,0.02
19,B2_2,0.057,-0.235,-0.043,0.033,0.223,0.211,-0.088,-0.224,-0.136,-0.006,-0.053,1.0,0.044,0.082,-0.148,0.053
19,B2_3,-0.287,0.043,0.062,-0.209,-0.287,-0.136,0.078,0.179,0.111,-0.301,0.149,0.044,1.0,0.088,-0.048,0.026
19,y1,-0.247,-0.163,0.084,0.02,-0.196,-0.031,-0.001,-0.166,0.176,-0.253,0.043,0.082,0.088,1.0,-0.097,0.22
19,y2,0.199,0.134,0.107,0.502,-0.041,0.114,0.024,-0.165,0.135,0.252,-0.085,-0.148,-0.048,-0.097,1.0,-0.214
19,y3,-0.124,-0.135,0.17,0.112,-0.147,0.199,-0.182,0.315,-0.038,0.053,0.02,0.053,0.026,0.22,-0.214,1.0
20,.,1.0,-0.099,0.149,0.33,-0.053,0.259,-0.299,-0.154,-0.163,0.345,0.041,0.054,-0.289,-0.247,0.198,-0.124
20,A1_1,-0.099,1.0,-0.201,0.039,-0.024,-0.058,0.238,-0.172,-0.287,-0.07,0.21,-0.235,0.043,-0.164,0.133,-0.135
20,A1_2,0.149,-0.201,1.0,0.333,0.089,0.348,0.083,0.096,-0.122,-0.106,-0.122,-0.043,0.061,0.083,0.108,0.169
20,A1_3,0.33,0.039,0.333,1.0,0.19,0.067,-0.105,-0.009,-0.095,0.299,-0.131,0.031,-0.21,0.021,0.502,0.112
20,B1_1,-0.053,-0.024,0.089,0.19,1.0,-0.16,-0.048,-0.107,-0.083,0.168,-0.33,0.224,-0.286,-0.196,-0.041,-0.147
20,B1_2,0.259,-0.058,0.348,0.067,-0.16,1.0,-0.267,-0.137,-0.124,-0.078,-0.109,0.212,-0.134,-0.031,0.113,0.199
20,B1_3,-0.299,0.238,0.083,-0.105,-0.048,-0.267,1.0,-0.045,0.121,-0.106,-0.021,-0.087,0.079,-0.002,0.023,-0.182
20,A2_1,-0.154,-0.172,0.096,-0.009,-0.107,-0.137,-0.045,1.0,0.114,-0.205,0.052,-0.224,0.179,-0.166,-0.165,0.314
20,A2_2,-0.163,-0.287,-0.122,-0.095,-0.083,-0.124,0.121,0.114,1.0,-0.115,-0.33,-0.137,0.11,0.176,0.136,-0.038
20,A2_3,0.345,-0.07,-0.106,0.299,0.168,-0.078,-0.106,-0.205,-0.115,1.0,-0.22,-0.007,-0.301,-0.253,0.253,0.053
20,B2_1,0.041,0.21,-0.122,-0.131,-0.33,-0.109,-0.021,0.052,-0.33,-0.22,1.0,-0.051,0.15,0.042,-0.086,0.019
20,B2_2,0.054,-0.235,-0.043,0.031,0.224,0.212,-0.087,-0.224,-0.137,-0.007,-0.051,1.0,0.046,0.081,-0.148,0.053
20,B2_3,-0.289,0.043,0.061,-0.21,-0.286,-0.134,0.079,0.179,0.11,-0.301,0.15,0.046,1.0,0.087,-0.05,0.025
20,y1,-0.247,-0.164,0.083,0.021,-0.196,-0.031,-0.002,-0.166,0.176,-0.253,0.042,0.081,0.087,1.0,-0.096,0.221
20,y2,0.198,0.133,0.108,0.502,-0.041,0.113,0.023,-0.165,0.136,0.253,-0.086,-0.148,-0.05,-0.096,1.0,-0.213
20,y3,-0.124,-0.135,0.169,0.112,-0.147,0.199,-0.182,0.314,-0.038,0.053,0.019,0.053,0.025,0.221,-0.213,1.0
21,.,1.0,-0.099,0.148,0.33,-0.055,0.255,-0.3,-0.153,-0.162,0.346,0.04,0.05,-0.29,-0.247,0.198,-0.124
21,A1_1,-0.099,1.0,-0.201,0.04,-0.024,-0.057,0.238,-0.172,-0.287,-0.07,0.21,-0.235,0.043,-0.164,0.133,-0.136
21,A1_2,0.148,-0.201,1.0,0.333,0.088,0.347,0.083,0.096,-0.122,-0.106,-0.122,-0.044,0.061,0.083,0.108,0.169
21,A1_3,0.33,0.04,0.333,1.0,0.189,0.065,-0.106,-0.009,-0.094,0.3,-0.132,0.03,-0.211,0.021,0.503,0.113
21,B1_1,-0.055,-0.024,0.088,0.189,1.0,-0.16,-0.047,-0.107,-0.083,0.167,-0.329,0.226,-0.284,-0.196,-0.042,-0.148
21,B1_2,0.255,-0.057,0.347,0.065,-0.16,1.0,-0.265,-0.137,-0.124,-0.079,-0.108,0.214,-0.132,-0.031,0.112,0.198
21,B1_3,-0.3,0.238,0.083,-0.106,-0.047,-0.265,1.0,-0.045,0.12,-0.107,-0.02,-0.085,0.08,-0.002,0.022,-0.183
21,A2_1,-0.153,-0.172,0.096,-0.009,-0.107,-0.137,-0.045,1.0,0.114,-0.204,0.051,-0.224,0.178,-0.166,-0.165,0.314
21,A2_2,-0.162,-0.287,-0.122,-0.094,-0.083,-0.124,0.12,0.114,1.0,-0.114,-0.331,-0.137,0.109,0.176,0.136,-0.038
21,A2_3,0.346,-0.07,-0.106,0.3,0.167,-0.079,-0.107,-0.204,-0.114,1.0,-0.221,-0.008,-0.302,-0.253,0.253,0.053
21,B2_1,0.04,0.21,-0.122,-0.132,-0.329,-0.108,-0.02,0.051,-0.331,-0.221,1.0,-0.05,0.151,0.042,-0.086,0.019
21,B2_2,0.05,-0.235,-0.044,0.03,0.226,0.214,-0.085,-0.224,-0.137,-0.008,-0.05,1.0,0.047,0.08,-0.149,0.052
21,B2_3,-0.29,0.043,0.061,-0.211,-0.284,-0.132,0.08,0.178,0.109,-0.302,0.151,0.047,1.0,0.086,-0.051,0.025
21,y1,-0.247,-0.164,0.083,0.021,-0.196,-0.031,-0.002,-0.166,0.176,-0.253,0.042,0.08,0.086,1.0,-0.094,0.223
21,y2,0.198,0.133,0.108,0.503,-0.042,0.112,0.022,-0.165,0.136,0.253,-0.086,-0.149,-0.051,-0.094,1.0,-0.212
21,y3,-0.124,-0.136,0.169,0.113,-0.148,0.198,-0.183,0.314,-0.038,0.053,0.019,0.052,0.025,0.223,-0.212,1.0
22,.,1.0,-0.099,0.148,0.331,-0.057,0.252,-0.302,-0.153,-0.161,0.346,0.038,0.047,-0.293,-0.246,0.197,-0.123
22,A1_1,-0.099,1.0,-0.201,0.04,-0.023,-0.057,0.238,-0.172,-0.286,-0.069,0.21,-0.235,0.043,-0.165,0.133,-0.136
22,A1_2,0.148,-0.201,1.0,0.334,0.088,0.347,0.082,0.096,-0.121,-0.105,-0.122,-0.044,0.061,0.083,0.109,0.169
22,A1_3,0.331,0.04,0.334,1.0,0.188,0.064,-0.107,-0.008,-0.093,0.3,-0.134,0.029,-0.212,0.021,0.503,0.113
22,B1_1,-0.057,-0.023,0.088,0.188,1.0,-0.159,-0.046,-0.107,-0.083,0.166,-0.328,0.227,-0.282,-0.196,-0.043,-0.148
22,B1_2,0.252,-0.057,0.347,0.064,-0.159,1.0,-0.264,-0.137,-0.125,-0.081,-0.107,0.216,-0.13,-0.031,0.111,0.198
22,B1_3,-0.302,0.238,0.082,-0.107,-0.046,-0.264,1.0,-0.045,0.12,-0.108,-0.018,-0.083,0.082,-0.003,0.021,-0.183
22,A2_1,-0.153,-0.172,0.096,-0.008,-0.107,-0.137,-0.045,1.0,0.114,-0.203,0.051,-0.225,0.178,-0.166,-0.164,0.314
22,A2_2,-0.161,-0.286,-0.121,-0.093,-0.083,-0.125,0.12,0.114,1.0,-0.113,-0.331,-0.138,0.109,0.176,0.137,-0.037
22,A2_3,0.346,-0.069,-0.105,0.3,0.166,-0.081,-0.108,-0.203,-0.113,1.0,-0.223,-0.009,-0.303,-0.252,0.253,0.053
22,B2_1,0.038,0.21,-0.122,-0.134,-0.328,-0.107,-0.018,0.051,-0.331,-0.223,1.0,-0.048,0.153,0.041,-0.088,0.018
22,B2_2,0.047,-0.235,-0.044,0.029,0.227,0.216,-0.083,-0.225,-0.138,-0.009,-0.048,1.0,0.049,0.079,-0.15,0.051
22,B2_3,-0.293,0.043,0.061,-0.212,-0.282,-0.13,0.082,0.178,0.109,-0.303,0.153,0.049,1.0,0.085,-0.052,0.024
22,y1,-0.246,-0.165,0.083,0.021,-0.196,-0.031,-0.003,-0.166,0.176,-0.252,0.041,0.079,0.085,1.0,-0.093,0.224
22,y2,0.197,0.133,0.109,0.503,-0.043,0.111,0.021,-0.164,0.137,0.253,-0.088,-0.15,-0.052,-0.093,1.0,-0.21
22,y3,-0.123,-0.136,0.169,0.113,-0.148,0.198,-0.183,0.314,-0.037,0.053,0.018,0.051,0.024,0.224,-0.21,1.0
23,.,1.0,-0.099,0.149,0.331,-0.059,0.248,-0.304,-0.152,-0.159,0.347,0.036,0.043,-0.295,-0.246,0.196,-0.123
23,A1_1,-0.099,1.0,-0.201,0.041,-0.022,-0.056,0.238,-0.172,-0.286,-0.069,0.21,-0.235,0.042,-0.166,0.133,-0.137
23,A1_2,0.149,-0.201,1.0,0.334,0.088,0.346,0.082,0.096,-0.121,-0.104,-0.123,-0.045,0.06,0.082,0.109,0.169
23,A1_3,0.331,0.041,0.334,1.0,0.186,0.062,-0.108,-0.007,-0.092,0.301,-0.135,0.028,-0.213,0.021,0.503,0.113
23,B1_1,-0.059,-0.022,0.088,0.186,1.0,-0.159,-0.045,-0.107,-0.084,0.164,-0.327,0.229,-0.28,-0.196,-0.044,-0.148
23,B1_2,0.248,-0.056,0.346,0.062,-0.159,1.0,-0.262,-0.137,-0.125,-0.082,-0.106,0.217,-0.128,-0.032,0.11,0.197
23,B1_3,-0.304,0.238,0.082,-0.108,-0.045,-0.262,1.0,-0.045,0.119,-0.109,-0.017,-0.081,0.084,-0.003,0.02,-0.183
23,A2_1,-0.152,-0.172,0.096,-0.007,-0.107,-0.137,-0.045,1.0,0.114,-0.202,0.051,-0.225,0.177,-0.166,-0.164,0.314
23,A2_2,-0.159,-0.286,-0.121,-0.092,-0.084,-0.125,0.119,0.114,1.0,-0.112,-0.331,-0.139,0.108,0.175,0.138,-0.037
23,A2_3,0.347,-0.069,-0.104,0.301,0.164,-0.082,-0.109,-0.202,-0.112,1.0,-0.224,-0.01,-0.304,-0.252,0.253,0.053
23,B2_1,0.036,0.21,-0.123,-0.135,-0.327,-0.106,-0.017,0.051,-0.331,-0.224,1.0,-0.046,0.155,0.041,-0.089,0.018
23,B2_2,0.043,-0.235,-0.045,0.028,0.229,0.217,-0.081,-0.225,-0.139,-0.01,-0.046,1.0,0.051,0.078,-0.151,0.05
23,B2_3,-0.295,0.042,0.06,-0.213,-0.28,-0.128,0.084,0.177,0.108,-0.304,0.155,0.051,1.0,0.084,-0.053,0.023
23,y1,-0.246,-0.166,0.082,0.021,-0.196,-0.032,-0.003,-0.166,0.175,-0.252,0.041,0.078,0.084,1.0,-0.091,0.225
23,y2,0.196,0.133,0.109,0.503,-0.044,0.11,0.02,-0.164,0.138,0.253,-0.089,-0.151,-0.053,-0.091,1.0,-0.209
23,y3,-0.123,-0.137,0.169,0.113,-0.148,0.197,-0.183,0.314,-0.037,0.053,0.018,0.05,0.023,0.225,-0.209,1.0
24,.,1.0,-0.099,0.149,0.331,-0.062,0.243,-0.307,-0.151,-0.158,0.347,0.033,0.039,-0.297,-0.245,0.196,-0.122
24,A1_1,-0.099,1.0,-0.201,0.041,-0.022,-0.056,0.238,-0.172,-0.286,-0.068,0.21,-0.235,0.042,-0.167,0.132,-0.138
