,,.,A1_1,A1_2,A1_3,B1_1,B1_2,B1_3,A2_1,A2_2,A2_3,B2_1,B2_2,B2_3,y1,y2,y3
2,.,1.0,0.023,-0.434,0.506,-0.382,0.738,-0.2,-0.37,0.127,-0.136,0.213,-0.438,0.481,-0.293,-0.552,-0.889
2,A1_1,0.023,1.0,0.788,0.46,-0.291,-0.098,-0.213,0.167,-0.216,-0.308,0.012,-0.011,-0.248,0.334,-0.684,0.051
2,A1_2,-0.434,0.788,1.0,0.023,0.014,-0.331,-0.027,0.306,-0.293,-0.249,-0.109,0.083,-0.417,0.277,-0.313,0.439
2,A1_3,0.506,0.46,0.023,1.0,-0.457,0.302,-0.337,-0.093,-0.105,-0.034,0.309,-0.019,-0.112,0.541,-0.412,-0.301
2,B1_1,-0.382,-0.291,0.014,-0.457,1.0,0.185,0.348,-0.139,0.044,-0.079,-0.147,-0.074,-0.061,-0.081,0.229,0.105
2,B1_2,0.738,-0.098,-0.331,0.302,0.185,1.0,-0.311,-0.406,0.258,-0.112,0.399,-0.377,0.512,-0.214,-0.382,-0.811
2,B1_3,-0.2,-0.213,-0.027,-0.337,0.348,-0.311,1.0,-0.386,-0.561,-0.392,-0.33,-0.033,-0.07,-0.278,0.109,0.134
2,A2_1,-0.37,0.167,0.306,-0.093,-0.139,-0.406,-0.386,1.0,0.398,0.629,-0.108,-0.32,-0.526,0.025,0.279,0.414
2,A2_2,0.127,-0.216,-0.293,-0.105,0.044,0.258,-0.561,0.398,1.0,0.823,-0.282,-0.482,-0.253,0.057,0.346,0.018
2,A2_3,-0.136,-0.308,-0.249,-0.034,-0.079,-0.112,-0.392,0.629,0.823,1.0,-0.278,-0.405,-0.565,0.221,0.679,0.359
2,B2_1,0.213,0.012,-0.109,0.309,-0.147,0.399,-0.33,-0.108,-0.282,-0.278,1.0,0.227,0.6,-0.133,-0.22,-0.43
2,B2_2,-0.438,-0.011,0.083,-0.019,-0.074,-0.377,-0.033,-0.32,-0.482,-0.405,0.227,1.0,0.204,0.416,0.077,0.341
2,B2_3,0.481,-0.248,-0.417,-0.112,-0.061,0.512,-0.07,-0.526,-0.253,-0.565,0.6,0.204,1.0,-0.593,-0.42,-0.744
2,y1,-0.293,0.334,0.277,0.541,-0.081,-0.214,-0.278,0.025,0.057,0.221,-0.133,0.416,-0.593,1.0,0.171,0.516
2,y2,-0.552,-0.684,-0.313,-0.412,0.229,-0.382,0.109,0.279,0.346,0.679,-0.22,0.077,-0.42,0.171,1.0,0.626
2,y3,-0.889,0.051,0.439,-0.301,0.105,-0.811,0.134,0.414,0.018,0.359,-0.43,0.341,-0.744,0.516,0.626,1.0
4,.,1.0,0.326,-0.547,0.729,0.549,-0.077,0.375,0.19,-0.575,-0.151,0.07,0.157,0.598,-0.65,-0.359,-0.467
4,A1_1,0.326,1.0,0.386,0.582,-0.253,-0.065,-0.456,0.039,-0.38,-0.344,-0.172,0.302,0.164,-0.101,-0.1,-0.13
4,A1_2,-0.547,0.386,1.0,-0.129,-0.492,-0.097,-0.679,0.025,-0.004,-0.158,-0.211,0.014,-0.244,0.207,-0.175,-0.006
4,A1_3,0.729,0.582,-0.129,1.0,0.499,-0.312,-0.002,0.245,-0.589,-0.45,0.144,0.228,0.567,-0.274,-0.196,-0.4
4,B1_1,0.549,-0.253,-0.492,0.499,1.0,-0.068,0.69,0.193,-0.4,-0.206,-0.021,-0.238,0.178,-0.358,-0.155,-0.542
4,B1_2,-0.077,-0.065,-0.097,-0.312,-0.068,1.0,0.434,-0.893,-0.161,-0.101,-0.176,0.052,-0.307,-0.355,-0.275,0.122
4,B1_3,0.375,-0.456,-0.679,-0.002,0.69,0.434,1.0,-0.242,-0.066,-0.014,-0.18,-0.435,-0.205,-0.431,-0.02,-0.34
4,A2_1,0.19,0.039,0.025,0.245,0.193,-0.893,-0.242,1.0,0.229,0.321,-0.06,-0.317,0.195,0.059,0.212,-0.443
4,A2_2,-0.575,-0.38,-0.004,-0.589,-0.4,-0.161,-0.066,0.229,1.0,0.456,0.014,-0.499,-0.422,0.367,0.572,0.149
4,A2_3,-0.151,-0.344,-0.158,-0.45,-0.206,-0.101,-0.014,0.321,0.456,1.0,-0.451,-0.503,-0.266,-0.12,0.349,-0.246
4,B2_1,0.07,-0.172,-0.211,0.144,-0.021,-0.176,-0.18,-0.06,0.014,-0.451,1.0,0.654,0.725,0.152,-0.321,0.493
4,B2_2,0.157,0.302,0.014,0.228,-0.238,0.052,-0.435,-0.317,-0.499,-0.503,0.654,1.0,0.642,0.16,-0.401,0.631
4,B2_3,0.598,0.164,-0.244,0.567,0.178,-0.307,-0.205,0.195,-0.422,-0.266,0.725,0.642,1.0,-0.318,-0.566,0.008
4,y1,-0.65,-0.101,0.207,-0.274,-0.358,-0.355,-0.431,0.059,0.367,-0.12,0.152,0.16,-0.318,1.0,0.674,0.696
4,y2,-0.359,-0.1,-0.175,-0.196,-0.155,-0.275,-0.02,0.212,0.572,0.349,-0.321,-0.401,-0.566,0.674,1.0,0.219
4,y3,-0.467,-0.13,-0.006,-0.4,-0.542,0.122,-0.34,-0.443,0.149,-0.246,0.493,0.631,0.008,0.696,0.219,1.0
6,.,1.0,-0.469,-0.478,0.104,0.74,0.287,0.526,-0.197,0.134,0.581,0.315,0.35,0.402,-0.41,-0.598,-0.448
6,A1_1,-0.469,1.0,0.181,0.576,-0.16,-0.218,-0.333,-0.303,-0.042,-0.519,0.067,-0.526,-0.303,0.032,0.121,0.053
6,A1_2,-0.478,0.181,1.0,0.101,-0.518,-0.248,-0.123,0.172,-0.301,-0.129,-0.13,-0.18,-0.377,-0.34,-0.066,-0.329
6,A1_3,0.104,0.576,0.101,1.0,0.281,-0.018,-0.005,-0.364,-0.378,-0.31,0.434,-0.369,-0.185,-0.232,-0.142,-0.156
6,B1_1,0.74,-0.16,-0.518,0.281,1.0,0.329,0.811,-0.569,-0.049,0.382,0.602,0.333,0.547,-0.028,-0.237,-0.175
6,B1_2,0.287,-0.218,-0.248,-0.018,0.329,1.0,0.323,-0.504,-0.487,-0.039,0.181,0.197,0.257,-0.315,0.185,-0.098
6,B1_3,0.526,-0.333,-0.123,-0.005,0.811,0.323,1.0,-0.587,-0.086,0.365,0.543,0.367,0.473,0.037,-0.018,-0.165
6,A2_1,-0.197,-0.303,0.172,-0.364,-0.569,-0.504,-0.587,1.0,0.39,0.27,-0.748,-0.068,-0.354,-0.055,-0.301,-0.185
6,A2_2,0.134,-0.042,-0.301,-0.378,-0.049,-0.487,-0.086,0.39,1.0,0.224,-0.566,-0.307,-0.299,0.227,-0.159,-0.118
6,A2_3,0.581,-0.519,-0.129,-0.31,0.382,-0.039,0.365,0.27,0.224,1.0,-0.005,0.696,0.576,-0.241,-0.622,-0.548
6,B2_1,0.315,0.067,-0.13,0.434,0.602,0.181,0.543,-0.748,-0.566,-0.005,1.0,0.443,0.637,0.091,0.039,0.253
6,B2_2,0.35,-0.526,-0.18,-0.369,0.333,0.197,0.367,-0.068,-0.307,0.696,0.443,1.0,0.927,0.005,-0.226,0.004
6,B2_3,0.402,-0.303,-0.377,-0.185,0.547,0.257,0.473,-0.354,-0.299,0.576,0.637,0.927,1.0,0.116,-0.138,0.112
6,y1,-0.41,0.032,-0.34,-0.232,-0.028,-0.315,0.037,-0.055,0.227,-0.241,0.091,0.005,0.116,1.0,0.729,0.826
6,y2,-0.598,0.121,-0.066,-0.142,-0.237,0.185,-0.018,-0.301,-0.159,-0.622,0.039,-0.226,-0.138,0.729,1.0,0.776
6,y3,-0.448,0.053,-0.329,-0.156,-0.175,-0.098,-0.165,-0.185,-0.118,-0.548,0.253,0.004,0.112,0.826,0.776,1.0
8,.,1.0,0.197,0.216,0.27,0.247,0.4,0.215,0.093,-0.09,-0.513,-0.064,0.081,0.004,-0.636,-0.868,-0.181
8,A1_1,0.197,1.0,0.335,0.534,-0.463,0.44,-0.113,0.391,0.198,-0.158,0.161,-0.573,0.335,0.263,-0.604,0.209
8,A1_2,0.216,0.335,1.0,0.848,-0.533,0.078,-0.598,0.197,-0.271,-0.378,-0.213,-0.113,-0.064,0.321,-0.339,0.279
8,A1_3,0.27,0.534,0.848,1.0,-0.721,-0.043,-0.697,0.316,-0.131,-0.168,-0.107,-0.319,-0.035,0.162,-0.467,0.215
8,B1_1,0.247,-0.463,-0.533,-0.721,1.0,0.042,0.773,-0.413,0.267,-0.116,-0.055,0.132,-0.22,-0.326,0.119,-0.4
8,B1_2,0.4,0.44,0.078,-0.043,0.042,1.0,0.176,0.271,-0.244,-0.431,-0.2,0.042,0.139,-0.233,-0.539,0.331
8,B1_3,0.215,-0.113,-0.598,-0.697,0.773,0.176,1.0,-0.186,0.339,-0.188,0.247,-0.007,0.174,-0.098,-0.077,-0.247
8,A2_1,0.093,0.391,0.197,0.316,-0.413,0.271,-0.186,1.0,0.294,0.464,-0.479,-0.535,0.026,-0.02,-0.224,-0.096
8,A2_2,-0.09,0.198,-0.271,-0.131,0.267,-0.244,0.339,0.294,1.0,0.437,-0.301,-0.673,-0.376,0.272,0.147,-0.182
8,A2_3,-0.513,-0.158,-0.378,-0.168,-0.116,-0.431,-0.188,0.464,0.437,1.0,-0.249,-0.44,-0.103,-0.01,0.544,-0.467
8,B2_1,-0.064,0.161,-0.213,-0.107,-0.055,-0.2,0.247,-0.479,-0.301,-0.249,1.0,0.252,0.799,0.079,-0.154,-0.185
8,B2_2,0.081,-0.573,-0.113,-0.319,0.132,0.042,-0.007,-0.535,-0.673,-0.44,0.252,1.0,0.136,-0.315,0.045,0.174
8,B2_3,0.004,0.335,-0.064,-0.035,-0.22,0.139,0.174,0.026,-0.376,-0.103,0.799,0.136,1.0,0.015,-0.307,-0.296
8,y1,-0.636,0.263,0.321,0.162,-0.326,-0.233,-0.098,-0.02,0.272,-0.01,0.079,-0.315,0.015,1.0,0.397,0.422
8,y2,-0.868,-0.604,-0.339,-0.467,0.119,-0.539,-0.077,-0.224,0.147,0.544,-0.154,0.045,-0.307,0.397,1.0,0.002
8,y3,-0.181,0.209,0.279,0.215,-0.4,0.331,-0.247,-0.096,-0.182,-0.467,-0.185,0.174,-0.296,0.422,0.002,1.0
10,.,1.0,0.369,0.283,0.335,0.135,-0.267,0.183,-0.304,-0.482,-0.459,0.058,0.071,0.343,-0.121,-0.287,0.018
10,A1_1,0.369,1.0,-0.021,0.558,0.089,-0.439,-0.1,-0.511,-0.191,-0.555,0.543,0.437,0.676,0.508,0.121,0.519
10,A1_2,0.283,-0.021,1.0,0.401,-0.286,0.224,-0.073,-0.138,-0.161,-0.368,-0.191,0.061,-0.453,-0.603,-0.204,-0.363
10,A1_3,0.335,0.558,0.401,1.0,0.025,-0.185,-0.569,-0.5,0.303,-0.653,0.2,0.385,0.071,0.203,0.266,-0.099
10,B1_1,0.135,0.089,-0.286,0.025,1.0,0.56,0.405,-0.453,-0.162,-0.346,-0.0,0.058,0.362,0.029,0.492,0.11
10,B1_2,-0.267,-0.439,0.224,-0.185,0.56,1.0,0.262,-0.355,-0.056,-0.228,-0.069,0.181,-0.146,-0.435,0.336,-0.386
10,B1_3,0.183,-0.1,-0.073,-0.569,0.405,0.262,1.0,0.08,-0.766,0.104,-0.218,-0.473,0.18,-0.25,-0.327,0.34
10,A2_1,-0.304,-0.511,-0.138,-0.5,-0.453,-0.355,0.08,1.0,0.127,0.727,-0.522,-0.732,-0.587,-0.188,-0.237,0.002
10,A2_2,-0.482,-0.191,-0.161,0.303,-0.162,-0.056,-0.766,0.127,1.0,0.132,-0.194,0.06,-0.318,0.005,0.22,-0.511
10,A2_3,-0.459,-0.555,-0.368,-0.653,-0.346,-0.228,0.104,0.727,0.132,1.0,-0.541,-0.616,-0.504,-0.055,-0.243,0.196
10,B2_1,0.058,0.543,-0.191,0.2,-0.0,-0.069,-0.218,-0.522,-0.194,-0.541,1.0,0.833,0.722,0.663,0.345,0.246
10,B2_2,0.071,0.437,0.061,0.385,0.058,0.181,-0.473,-0.732,0.06,-0.616,0.833,1.0,0.523,0.368,0.436,-0.075
10,B2_3,0.343,0.676,-0.453,0.071,0.362,-0.146,0.18,-0.587,-0.318,-0.504,0.722,0.523,1.0,0.53,0.06,0.343
10,y1,-0.121,0.508,-0.603,0.203,0.029,-0.435,-0.25,-0.188,0.005,-0.055,0.663,0.368,0.53,1.0,0.423,0.637
10,y2,-0.287,0.121,-0.204,0.266,0.492,0.336,-0.327,-0.237,0.22,-0.243,0.345,0.436,0.06,0.423,1.0,0.178
10,y3,0.018,0.519,-0.363,-0.099,0.11,-0.386,0.34,0.002,-0.511,0.196,0.246,-0.075,0.343,0.637,0.178,1.0
12,.,1.0,-0.117,0.299,-0.552,0.117,0.514,-0.086,-0.084,-0.315,-0.358,0.206,-0.469,0.086,-0.404,-0.498,-0.36
12,A1_1,-0.117,1.0,0.443,0.479,-0.6,-0.305,-0.349,0.376,-0.586,-0.269,-0.13,-0.432,-0.311,-0.116,-0.129,-0.319
12,A1_2,0.299,0.443,1.0,0.516,-0.176,0.101,0.213,-0.1,-0.652,-0.505,-0.098,-0.047,-0.196,0.261,-0.172,0.267
12,A1_3,-0.552,0.479,0.516,1.0,-0.388,-0.54,0.16,0.057,-0.198,0.094,-0.371,0.289,-0.469,0.217,0.131,0.304
12,B1_1,0.117,-0.6,-0.176,-0.388,1.0,0.667,0.603,-0.557,-0.078,-0.157,-0.193,0.145,-0.056,0.311,0.434,0.289
12,B1_2,0.514,-0.305,0.101,-0.54,0.667,1.0,-0.008,-0.456,-0.337,-0.323,-0.178,-0.262,0.056,0.321,-0.066,0.033
12,B1_3,-0.086,-0.349,0.213,0.16,0.603,-0.008,1.0,-0.24,-0.064,-0.224,-0.035,0.442,-0.09,0.265,0.584,0.504
12,A2_1,-0.084,0.376,-0.1,0.057,-0.557,-0.456,-0.24,1.0,0.213,0.246,-0.193,-0.316,-0.126,-0.311,0.11,-0.578
12,A2_2,-0.315,-0.586,-0.652,-0.198,-0.078,-0.337,-0.064,0.213,1.0,0.732,0.077,0.23,0.175,-0.015,0.289,0.124
12,A2_3,-0.358,-0.269,-0.505,0.094,-0.157,-0.323,-0.224,0.246,0.732,1.0,-0.418,-0.149,-0.382,-0.1,0.17,-0.174
12,B2_1,0.206,-0.13,-0.098,-0.371,-0.193,-0.178,-0.035,-0.193,0.077,-0.418,1.0,0.31,0.852,-0.134,-0.351,0.225
12,B2_2,-0.469,-0.432,-0.047,0.289,0.145,-0.262,0.442,-0.316,0.23,-0.149,0.31,1.0,0.448,0.324,0.115,0.669
12,B2_3,0.086,-0.311,-0.196,-0.469,-0.056,0.056,-0.09,-0.126,0.175,-0.382,0.852,0.448,1.0,0.17,-0.278,0.293
12,y1,-0.404,-0.116,0.261,0.217,0.311,0.321,0.265,-0.311,-0.015,-0.1,-0.134,0.324,0.17,1.0,0.443,0.758
12,y2,-0.498,-0.129,-0.172,0.131,0.434,-0.066,0.584,0.11,0.289,0.17,-0.351,0.115,-0.278,0.443,1.0,0.369
12,y3,-0.36,-0.319,0.267,0.304,0.289,0.033,0.504,-0.578,0.124,-0.174,0.225,0.669,0.293,0.758,0.369,1.0
14,.,1.0,-0.134,0.419,0.661,-0.39,0.175,0.103,0.173,-0.183,0.147,-0.372,-0.4,0.365,-0.665,-0.772,-0.82
14,A1_1,-0.134,1.0,0.077,0.175,-0.282,-0.597,-0.287,0.072,0.137,-0.244,0.531,-0.465,-0.368,-0.284,0.51,0.047
14,A1_2,0.419,0.077,1.0,0.689,-0.356,0.279,0.339,0.013,-0.052,-0.008,0.031,0.017,0.05,-0.372,-0.337,-0.3
14,A1_3,0.661,0.175,0.689,1.0,-0.397,0.37,0.539,-0.11,-0.49,-0.214,-0.002,-0.364,0.436,-0.453,-0.46,-0.399
14,B1_1,-0.39,-0.282,-0.356,-0.397,1.0,0.105,0.056,-0.672,-0.222,-0.213,0.125,0.353,-0.028,0.875,0.041,0.548
14,B1_2,0.175,-0.597,0.279,0.37,0.105,1.0,0.729,-0.512,-0.764,-0.385,-0.199,0.254,0.569,0.091,-0.319,0.259
14,B1_3,0.103,-0.287,0.339,0.539,0.056,0.729,1.0,-0.422,-0.717,-0.636,0.071,0.302,0.599,0.182,-0.026,0.212
14,A2_1,0.173,0.072,0.013,-0.11,-0.672,-0.512,-0.422,1.0,0.756,0.655,-0.426,-0.335,-0.422,-0.566,-0.031,-0.595
14,A2_2,-0.183,0.137,-0.052,-0.49,-0.222,-0.764,-0.717,0.756,1.0,0.736,-0.168,-0.01,-0.667,-0.133,0.123,-0.321
14,A2_3,0.147,-0.244,-0.008,-0.214,-0.213,-0.385,-0.636,0.655,0.736,1.0,-0.484,-0.159,-0.322,-0.186,-0.466,-0.514
14,B2_1,-0.372,0.531,0.031,-0.002,0.125,-0.199,0.071,-0.426,-0.168,-0.484,1.0,0.311,0.207,0.272,0.446,0.29
14,B2_2,-0.4,-0.465,0.017,-0.364,0.353,0.254,0.302,-0.335,-0.01,-0.159,0.311,1.0,0.343,0.579,0.167,0.337
14,B2_3,0.365,-0.368,0.05,0.436,-0.028,0.569,0.599,-0.422,-0.667,-0.322,0.207,0.343,1.0,0.051,-0.39,-0.161
14,y1,-0.665,-0.284,-0.372,-0.453,0.875,0.091,0.182,-0.566,-0.133,-0.186,0.272,0.579,0.051,1.0,0.248,0.668
14,y2,-0.772,0.51,-0.337,-0.46,0.041,-0.319,-0.026,-0.031,0.123,-0.466,0.446,0.167,-0.39,0.248,1.0,0.655
14,y3,-0.82,0.047,-0.3,-0.399,0.548,0.259,0.212,-0.595,-0.321,-0.514,0.29,0.337,-0.161,0.668,0.655,1.0
16,.,1.0,0.179,0.114,0.15,-0.371,-0.146,-0.181,-0.249,-0.344,0.154,-0.01,0.438,-0.205,-0.263,-0.444,-0.951
16,A1_1,0.179,1.0,0.326,0.153,-0.444,-0.189,-0.328,-0.17,-0.174,-0.391,0.316,0.461,-0.118,0.114,0.245,-0.09
16,A1_2,0.114,0.326,1.0,0.423,-0.681,-0.386,-0.076,-0.454,0.248,0.344,0.501,0.402,-0.125,0.231,-0.264,-0.157
16,A1_3,0.15,0.153,0.423,1.0,0.199,-0.494,0.035,-0.72,0.49,-0.306,0.103,-0.288,-0.416,-0.366,-0.584,-0.301
16,B1_1,-0.371,-0.444,-0.681,0.199,1.0,0.238,0.157,-0.068,0.205,-0.489,-0.505,-0.774,-0.083,-0.371,0.023,0.22
16,B1_2,-0.146,-0.189,-0.386,-0.494,0.238,1.0,0.197,-0.021,-0.393,-0.151,-0.19,-0.092,0.208,0.319,0.514,0.11
16,B1_3,-0.181,-0.328,-0.076,0.035,0.157,0.197,1.0,-0.178,0.569,-0.091,0.008,-0.061,-0.105,-0.318,-0.291,0.251
16,A2_1,-0.249,-0.17,-0.454,-0.72,-0.068,-0.021,-0.178,1.0,-0.368,0.359,-0.278,-0.109,0.083,0.349,0.259,0.408
16,A2_2,-0.344,-0.174,0.248,0.49,0.205,-0.393,0.569,-0.368,1.0,-0.01,-0.036,-0.207,-0.273,-0.609,-0.491,0.344
16,A2_3,0.154,-0.391,0.344,-0.306,-0.489,-0.151,-0.091,0.359,-0.01,1.0,-0.228,0.11,-0.212,0.194,-0.364,-0.091
16,B2_1,-0.01,0.316,0.501,0.103,-0.505,-0.19,0.008,-0.278,-0.036,-0.228,1.0,0.603,0.667,0.311,0.317,0.016
16,B2_2,0.438,0.461,0.402,-0.288,-0.774,-0.092,-0.061,-0.109,-0.207,0.11,0.603,1.0,0.418,0.04,0.222,-0.31
16,B2_3,-0.205,-0.118,-0.125,-0.416,-0.083,0.208,-0.105,0.083,-0.273,-0.212,0.667,0.418,1.0,0.265,0.696,0.188
16,y1,-0.263,0.114,0.231,-0.366,-0.371,0.319,-0.318,0.349,-0.609,0.194,0.311,0.04,0.265,1.0,0.515,0.24
16,y2,-0.444,0.245,-0.264,-0.584,0.023,0.514,-0.291,0.259,-0.491,-0.364,0.317,0.222,0.696,0.515,1.0,0.435
16,y3,-0.951,-0.09,-0.157,-0.301,0.22,0.11,0.251,0.408,0.344,-0.091,0.016,-0.31,0.188,0.24,0.435,1.0
18,.,1.0,-0.201,0.49,0.482,-0.002,-0.141,0.174,-0.555,-0.055,0.418,-0.322,-0.575,-0.545,-0.446,-0.734,-0.487
18,A1_1,-0.201,1.0,0.497,0.498,-0.413,-0.537,-0.492,0.202,0.108,-0.278,0.103,-0.39,0.054,-0.138,-0.116,0.092
18,A1_2,0.49,0.497,1.0,0.89,-0.251,-0.447,-0.218,-0.369,0.014,0.241,0.143,-0.62,-0.13,-0.161,-0.331,-0.18
18,A1_3,0.482,0.498,0.89,1.0,-0.39,-0.442,-0.348,-0.349,-0.002,0.066,0.188,-0.597,-0.01,-0.234,-0.241,-0.044
18,B1_1,-0.002,-0.413,-0.251,-0.39,1.0,0.705,0.655,-0.44,-0.799,-0.386,-0.004,0.54,0.144,0.123,-0.123,-0.178
18,B1_2,-0.141,-0.537,-0.447,-0.442,0.705,1.0,0.846,-0.092,-0.459,-0.195,-0.154,0.503,-0.015,0.606,0.368,0.446
18,B1_3,0.174,-0.492,-0.218,-0.348,0.655,0.846,1.0,-0.13,-0.306,0.056,-0.194,0.221,-0.307,0.411,-0.001,0.243
18,A2_1,-0.555,0.202,-0.369,-0.349,-0.44,-0.092,-0.13,1.0,0.7,0.003,-0.262,-0.199,-0.259,0.342,0.451,0.489
18,A2_2,-0.055,0.108,0.014,-0.002,-0.799,-0.459,-0.306,0.7,1.0,0.472,-0.242,-0.521,-0.436,0.156,0.206,0.281
18,A2_3,0.418,-0.278,0.241,0.066,-0.386,-0.195,0.056,0.003,0.472,1.0,-0.218,-0.391,-0.461,-0.018,-0.115,-0.209
18,B2_1,-0.322,0.103,0.143,0.188,-0.004,-0.154,-0.194,-0.262,-0.242,-0.218,1.0,0.5,0.86,-0.171,0.195,0.003
18,B2_2,-0.575,-0.39,-0.62,-0.597,0.54,0.503,0.221,-0.199,-0.521,-0.391,0.5,1.0,0.735,0.197,0.414,0.115
18,B2_3,-0.545,0.054,-0.13,-0.01,0.144,-0.015,-0.307,-0.259,-0.436,-0.461,0.86,0.735,1.0,-0.071,0.371,0.04
18,y1,-0.446,-0.138,-0.161,-0.234,0.123,0.606,0.411,0.342,0.156,-0.018,-0.171,0.197,-0.071,1.0,0.796,0.828
18,y2,-0.734,-0.116,-0.331,-0.241,-0.123,0.368,-0.001,0.451,0.206,-0.115,0.195,0.414,0.371,0.796,1.0,0.798
18,y3,-0.487,0.092,-0.18,-0.044,-0.178,0.446,0.243,0.489,0.281,-0.209,0.003,0.115,0.04,0.828,0.798,1.0
20,.,1.0,-0.592,-0.36,-0.438,-0.448,0.201,-0.698,-0.288,-0.125,-0.068,-0.029,-0.691,-0.114,-0.619,-0.007,-0.565
20,A1_1,-0.592,1.0,0.709,0.583,0.498,0.038,0.594,0.009,0.5,-0.202,-0.387,0.246,-0.309,0.55,-0.198,0.485
20,A1_2,-0.36,0.709,1.0,0.737,0.089,-0.126,0.146,-0.255,0.14,-0.398,-0.062,-0.04,-0.089,0.52,0.376,0.22
20,A1_3,-0.438,0.583,0.737,1.0,0.147,-0.299,-0.097,0.078,0.047,0.139,-0.087,0.422,-0.064,0.471,0.022,-0.057
20,B1_1,-0.448,0.498,0.089,0.147,1.0,0.486,0.525,-0.309,-0.191,-0.085,-0.121,0.547,-0.108,0.159,-0.171,-0.038
20,B1_2,0.201,0.038,-0.126,-0.299,0.486,1.0,0.292,-0.517,0.012,-0.281,-0.554,-0.264,-0.468,0.039,0.103,-0.119
20,B1_3,-0.698,0.594,0.146,-0.097,0.525,0.292,1.0,0.011,0.405,-0.325,-0.316,0.258,-0.103,0.442,-0.082,0.73
20,A2_1,-0.288,0.009,-0.255,0.078,-0.309,-0.517,0.011,1.0,0.47,0.804,-0.175,0.19,-0.295,0.116,-0.478,0.376
20,A2_2,-0.125,0.5,0.14,0.047,-0.191,0.012,0.405,0.47,1.0,0.071,-0.733,-0.29,-0.556,0.41,-0.367,0.711
20,A2_3,-0.068,-0.202,-0.398,0.139,-0.085,-0.281,-0.325,0.804,0.071,1.0,-0.108,0.298,-0.347,-0.055,-0.465,-0.138
20,B2_1,-0.029,-0.387,-0.062,-0.087,-0.121,-0.554,-0.316,-0.175,-0.733,-0.108,1.0,0.281,0.831,-0.279,0.306,-0.29
20,B2_2,-0.691,0.246,-0.04,0.422,0.547,-0.264,0.258,0.19,-0.29,0.298,0.281,1.0,0.39,0.165,-0.307,-0.058
20,B2_3,-0.114,-0.309,-0.089,-0.064,-0.108,-0.468,-0.103,-0.295,-0.556,-0.347,0.831,0.39,1.0,-0.123,0.281,-0.138
20,y1,-0.619,0.55,0.52,0.471,0.159,0.039,0.442,0.116,0.41,-0.055,-0.279,0.165,-0.123,1.0,0.368,0.654
20,y2,-0.007,-0.198,0.376,0.022,-0.171,0.103,-0.082,-0.478,-0.367,-0.465,0.306,-0.307,0.281,0.368,1.0,0.073
20,y3,-0.565,0.485,0.22,-0.057,-0.038,-0.119,0.73,0.376,0.711,-0.138,-0.29,-0.058,-0.138,0.654,0.073,1.0
22,.,1.0,-0.248,0.054,-0.155,0.116,-0.305,-0.655,-0.377,-0.506,-0.234,0.433,-0.199,0.319,-0.64,-0.577,-0.611
22,A1_1,-0.248,1.0,0.607,0.397,-0.332,-0.522,-0.086,0.275,0.018,-0.042,-0.024,-0.345,-0.236,-0.154,0.607,0.443
22,A1_2,0.054,0.607,1.0,0.762,0.039,-0.291,-0.092,-0.172,-0.129,-0.348,-0.132,-0.577,-0.012,-0.02,0.366,0.156
22,A1_3,-0.155,0.397,0.762,1.0,0.046,-0.025,0.113,-0.011,0.049,-0.128,-0.569,-0.757,-0.491,0.238,0.235,0.006
22,B1_1,0.116,-0.332,0.039,0.046,1.0,0.599,0.315,-0.675,-0.654,-0.597,-0.17,0.029,0.03,0.003,-0.469,-0.172
22,B1_2,-0.305,-0.522,-0.291,-0.025,0.599,1.0,0.662,-0.392,-0.265,-0.353,-0.336,0.353,-0.076,0.669,-0.231,-0.023
22,B1_3,-0.655,-0.086,-0.092,0.113,0.315,0.662,1.0,-0.243,-0.136,-0.404,-0.131,0.227,-0.088,0.766,0.346,0.575
22,A2_1,-0.377,0.275,-0.172,-0.011,-0.675,-0.392,-0.243,1.0,0.805,0.831,-0.415,-0.249,-0.558,0.065,0.336,0.138
22,A2_2,-0.506,0.018,-0.129,0.049,-0.654,-0.265,-0.136,0.805,1.0,0.859,-0.363,-0.027,-0.245,0.235,0.366,0.142
22,A2_3,-0.234,-0.042,-0.348,-0.128,-0.597,-0.353,-0.404,0.831,0.859,1.0,-0.306,-0.05,-0.329,-0.039,0.158,-0.026
22,B2_1,0.433,-0.024,-0.132,-0.569,-0.17,-0.336,-0.131,-0.415,-0.363,-0.306,1.0,0.493,0.832,-0.355,0.076,0.189
22,B2_2,-0.199,-0.345,-0.577,-0.757,0.029,0.353,0.227,-0.249,-0.027,-0.05,0.493,1.0,0.64,0.144,-0.023,0.172
22,B2_3,0.319,-0.236,-0.012,-0.491,0.03,-0.076,-0.088,-0.558,-0.245,-0.329,0.832,0.64,1.0,-0.173,0.007,0.099
22,y1,-0.64,-0.154,-0.02,0.238,0.003,0.669,0.766,0.065,0.235,-0.039,-0.355,0.144,-0.173,1.0,0.469,0.489
22,y2,-0.577,0.607,0.366,0.235,-0.469,-0.231,0.346,0.336,0.366,0.158,0.076,-0.023,0.007,0.469,1.0,0.903
22,y3,-0.611,0.443,0.156,0.006,-0.172,-0.023,0.575,0.138,0.142,-0.026,0.189,0.172,0.099,0.489,0.903,1.0
24,.,1.0,-0.008,-0.087,-0.075,-0.104,0.045,-0.09,0.065,0.4,-0.365,0.192,0.211,0.237,-0.61,-0.635,-0.729
24,A1_1,-0.008,1.0,0.801,0.352,-0.012,-0.343,-0.263,0.37,0.37,0.216,-0.34,-0.428,-0.412,0.136,-0.509,0.045
24,A1_2,-0.087,0.801,1.0,0.767,-0.15,-0.232,-0.269,0.119,-0.001,-0.128,-0.089,-0.304,-0.236,0.071,-0.291,0.243
24,A1_3,-0.075,0.352,0.767,1.0,-0.389,-0.226,-0.271,-0.153,-0.179,-0.148,-0.125,0.0,-0.208,0.256,-0.038,0.499
24,B1_1,-0.104,-0.012,-0.15,-0.389,1.0,0.806,0.289,0.019,-0.147,-0.198,-0.236,-0.516,-0.217,-0.084,0.124,-0.378
24,B1_2,0.045,-0.343,-0.232,-0.226,0.806,1.0,0.611,-0.352,-0.4,-0.539,0.092,-0.17,-0.031,-0.279,0.072,-0.332
24,B1_3,-0.09,-0.263,-0.269,-0.271,0.289,0.611,1.0,-0.265,-0.104,-0.231,0.215,0.077,-0.199,-0.243,-0.124,-0.099
24,A2_1,0.065,0.37,0.119,-0.153,0.019,-0.352,-0.265,1.0,0.798,0.529,-0.46,-0.722,-0.511,-0.005,-0.005,-0.289
24,A2_2,0.4,0.37,-0.001,-0.179,-0.147,-0.4,-0.104,0.798,1.0,0.413,-0.367,-0.367,-0.494,-0.042,-0.303,-0.359
24,A2_3,-0.365,0.216,-0.128,-0.148,-0.198,-0.539,-0.231,0.529,0.413,1.0,-0.712,-0.294,-0.524,0.498,0.048,0.265
24,B2_1,0.192,-0.34,-0.089,-0.125,-0.236,0.092,0.215,-0.46,-0.367,-0.712,1.0,0.615,0.821,-0.597,-0.021,-0.182
24,B2_2,0.211,-0.428,-0.304,0.0,-0.516,-0.17,0.077,-0.722,-0.367,-0.294,0.615,1.0,0.686,-0.21,-0.149,0.105
24,B2_3,0.237,-0.412,-0.236,-0.208,-0.217,-0.031,-0.199,-0.511,-0.494,-0.524,0.821,0.686,1.0,-0.487,0.015,-0.21
24,y1,-0.61,0.136,0.071,0.256,-0.084,-0.279,-0.243,-0.005,-0.042,0.498,-0.597,-0.21,-0.487,1.0,0.485,0.82
24,y2,-0.635,-0.509,-0.291,-0.038,0.124,0.072,-0.124,-0.005,-0.303,0.048,-0.021,-0.149,0.015,0.485,1.0,0.482
24,y3,-0.729,0.045,0.243,0.499,-0.378,-0.332,-0.099,-0.289,-0.359,0.265,-0.182,0.105,-0.21,0.82,0.482,1.0
26,.,1.0,0.073,-0.341,-0.452,-0.235,-0.287,-0.117,0.844,0.254,0.018,0.064,-0.476,-0.162,-0.494,-0.518,-0.32
26,A1_1,0.073,1.0,0.696,0.169,-0.034,-0.211,-0.536,-0.073,0.075,-0.284,-0.03,-0.392,-0.056,-0.277,-0.45,0.402
26,A1_2,-0.341,0.696,1.0,0.624,0.284,-0.096,-0.355,-0.346,-0.095,-0.322,-0.168,-0.03,0.039,-0.094,-0.28,0.069
26,A1_3,-0.452,0.169,0.624,1.0,0.153,-0.446,-0.46,-0.314,0.074,0.074,0.121,0.147,0.285,0.166,0.223,-0.207
26,B1_1,-0.235,-0.034,0.284,0.153,1.0,0.526,0.386,-0.285,-0.091,0.193,-0.161,-0.353,-0.222,0.329,-0.321,-0.181
26,B1_2,-0.287,-0.211,-0.096,-0.446,0.526,1.0,0.867,-0.379,-0.619,-0.124,-0.253,0.034,-0.21,0.014,-0.142,0.071
26,B1_3,-0.117,-0.536,-0.355,-0.46,0.386,0.867,1.0,-0.156,-0.713,-0.243,-0.054,0.091,0.072,-0.036,0.003,-0.234
26,A2_1,0.844,-0.073,-0.346,-0.314,-0.285,-0.379,-0.156,1.0,0.363,0.158,-0.276,-0.462,-0.294,-0.114,-0.095,-0.162
26,A2_2,0.254,0.075,-0.095,0.074,-0.091,-0.619,-0.713,0.363,1.0,0.682,-0.212,-0.191,-0.491,0.398,0.016,0.198
26,A2_3,0.018,-0.284,-0.322,0.074,0.193,-0.124,-0.243,0.158,0.682,1.0,-0.357,-0.102,-0.673,0.478,0.175,0.095
26,B2_1,0.064,-0.03,-0.168,0.121,-0.161,-0.253,-0.054,-0.276,-0.212,-0.357,1.0,0.054,0.827,-0.35,-0.128,-0.332
26,B2_2,-0.476,-0.392,-0.03,0.147,-0.353,0.034,0.091,-0.462,-0.191,-0.102,0.054,1.0,0.192,-0.138,0.286,-0.221
26,B2_3,-0.162,-0.056,0.039,0.285,-0.222,-0.21,0.072,-0.294,-0.491,-0.673,0.827,0.192,1.0,-0.253,0.151,-0.304
26,y1,-0.494,-0.277,-0.094,0.166,0.329,0.014,-0.036,-0.114,0.398,0.478,-0.35,-0.138,-0.253,1.0,0.641,0.462
26,y2,-0.518,-0.45,-0.28,0.223,-0.321,-0.142,0.003,-0.095,0.016,0.175,-0.128,0.286,0.151,0.641,1.0,0.368
26,y3,-0.32,0.402,0.069,-0.207,-0.181,0.071,-0.234,-0.162,0.198,0.095,-0.332,-0.221,-0.304,0.462,0.368,1.0
28,.,1.0,-0.189,-0.228,0.018,-0.01,0.099,-0.127,-0.393,0.237,-0.145,-0.05,0.098,0.161,-0.593,-0.777,0.152
28,A1_1,-0.189,1.0,0.633,0.491,-0.099,-0.108,-0.444,0.151,-0.158,-0.252,0.461,-0.135,-0.135,-0.266,0.562,-0.363
28,A1_2,-0.228,0.633,1.0,0.479,-0.422,-0.334,-0.24,-0.245,-0.429,-0.464,0.332,0.221,0.173,0.151,0.352,0.269
28,A1_3,0.018,0.491,0.479,1.0,0.021,-0.018,0.065,0.106,-0.052,-0.425,-0.246,-0.372,-0.183,-0.245,0.228,-0.23
28,B1_1,-0.01,-0.099,-0.422,0.021,1.0,0.589,0.734,-0.158,-0.365,-0.331,-0.409,-0.126,-0.106,-0.398,-0.226,-0.559
28,B1_2,0.099,-0.108,-0.334,-0.018,0.589,1.0,0.575,-0.352,-0.133,-0.375,-0.447,-0.383,-0.137,-0.022,-0.325,-0.434
28,B1_3,-0.127,-0.444,-0.24,0.065,0.734,0.575,1.0,-0.393,-0.419,-0.383,-0.742,-0.165,-0.1,-0.016,-0.389,-0.229
28,A2_1,-0.393,0.151,-0.245,0.106,-0.158,-0.352,-0.393,1.0,0.273,0.452,0.227,-0.125,-0.052,0.142,0.697,-0.165
28,A2_2,0.237,-0.158,-0.429,-0.052,-0.365,-0.133,-0.419,0.273,1.0,0.753,-0.139,-0.593,-0.577,-0.111,-0.08,-0.199
28,A2_3,-0.145,-0.252,-0.464,-0.425,-0.331,-0.375,-0.383,0.452,0.753,1.0,-0.055,-0.324,-0.542,0.023,0.121,-0.193
28,B2_1,-0.05,0.461,0.332,-0.246,-0.409,-0.447,-0.742,0.227,-0.139,-0.055,1.0,0.589,0.553,0.168,0.452,0.412
28,B2_2,0.098,-0.135,0.221,-0.372,-0.126,-0.383,-0.165,-0.125,-0.593,-0.324,0.589,1.0,0.876,0.216,-0.024,0.728
28,B2_3,0.161,-0.135,0.173,-0.183,-0.106,-0.137,-0.1,-0.052,-0.577,-0.542,0.553,0.876,1.0,0.33,-0.005,0.766
28,y1,-0.593,-0.266,0.151,-0.245,-0.398,-0.022,-0.016,0.142,-0.111,0.023,0.168,0.216,0.33,1.0,0.417,0.527
28,y2,-0.777,0.562,0.352,0.228,-0.226,-0.325,-0.389,0.697,-0.08,0.121,0.452,-0.024,-0.005,0.417,1.0,-0.108
28,y3,0.152,-0.363,0.269,-0.23,-0.559,-0.434,-0.229,-0.165,-0.199,-0.193,0.412,0.728,0.766,0.527,-0.108,1.0
30,.,1.0,0.288,-0.375,0.445,0.421,-0.11,0.084,-0.205,-0.692,0.262,-0.186,0.201,-0.081,-0.744,-0.311,-0.594
30,A1_1,0.288,1.0,0.524,0.879,-0.061,-0.236,-0.136,-0.042,-0.274,-0.139,-0.357,0.078,-0.357,-0.624,-0.048,-0.614
30,A1_2,-0.375,0.524,1.0,0.373,-0.438,0.124,-0.386,-0.042,-0.088,-0.155,0.092,-0.033,-0.1,0.076,0.468,-0.259
30,A1_3,0.445,0.879,0.373,1.0,-0.07,-0.299,-0.34,0.105,-0.278,0.234,-0.464,0.379,-0.483,-0.693,-0.024,-0.545
30,B1_1,0.421,-0.061,-0.438,-0.07,1.0,0.411,0.606,-0.561,-0.312,-0.222,-0.036,-0.292,-0.15,-0.216,0.004,-0.221
30,B1_2,-0.11,-0.236,0.124,-0.299,0.411,1.0,0.05,-0.264,-0.116,-0.246,0.162,-0.119,0.039,0.153,-0.038,-0.161
30,B1_3,0.084,-0.136,-0.386,-0.34,0.606,0.05,1.0,-0.496,-0.213,-0.388,0.033,-0.492,-0.171,0.278,0.081,0.112
30,A2_1,-0.205,-0.042,-0.042,0.105,-0.561,-0.264,-0.496,1.0,0.697,0.377,-0.601,-0.004,-0.336,-0.042,-0.478,-0.07
30,A2_2,-0.692,-0.274,-0.088,-0.278,-0.312,-0.116,-0.213,0.697,1.0,-0.011,-0.315,-0.231,-0.139,0.33,-0.217,0.375
30,A2_3,0.262,-0.139,-0.155,0.234,-0.222,-0.246,-0.388,0.377,-0.011,1.0,0.018,0.415,-0.378,0.025,0.166,0.02
30,B2_1,-0.186,-0.357,0.092,-0.464,-0.036,0.162,0.033,-0.601,-0.315,0.018,1.0,0.109,0.626,0.432,0.521,0.401
30,B2_2,0.201,0.078,-0.033,0.379,-0.292,-0.119,-0.492,-0.004,-0.231,0.415,0.109,1.0,0.118,-0.194,-0.006,0.297
30,B2_3,-0.081,-0.357,-0.1,-0.483,-0.15,0.039,-0.171,-0.336,-0.139,-0.378,0.626,0.118,1.0,0.018,-0.07,0.3
30,y1,-0.744,-0.624,0.076,-0.693,-0.216,0.153,0.278,-0.042,0.33,0.025,0.432,-0.194,0.018,1.0,0.503,0.703
30,y2,-0.311,-0.048,0.468,-0.024,0.004,-0.038,0.081,-0.478,-0.217,0.166,0.521,-0.006,-0.07,0.503,1.0,0.299
30,y3,-0.594,-0.614,-0.259,-0.545,-0.221,-0.161,0.112,-0.07,0.375,0.02,0.401,0.297,0.3,0.703,0.299,1.0
32,.,1.0,0.033,0.255,0.15,0.528,0.239,0.494,0.115,-0.45,-0.508,0.178,0.26,0.123,-0.9,-0.404,-0.82
32,A1_1,0.033,1.0,0.752,0.78,0.069,-0.123,-0.084,0.246,-0.456,-0.259,-0.34,-0.188,-0.311,-0.26,-0.299,0.046
32,A1_2,0.255,0.752,1.0,0.504,-0.153,-0.229,-0.34,0.591,-0.253,-0.263,-0.18,0.213,-0.298,-0.306,-0.418,-0.32
32,A1_3,0.15,0.78,0.504,1.0,0.444,-0.261,0.074,-0.11,-0.719,-0.405,0.01,-0.142,0.137,-0.359,-0.567,-0.217
32,B1_1,0.528,0.069,-0.153,0.444,1.0,0.294,0.805,-0.317,-0.337,-0.536,0.083,0.055,0.273,-0.475,-0.07,-0.587
32,B1_2,0.239,-0.123,-0.229,-0.261,0.294,1.0,0.714,-0.287,0.323,-0.527,-0.473,-0.051,-0.378,-0.151,0.584,-0.047
32,B1_3,0.494,-0.084,-0.34,0.074,0.805,0.714,1.0,-0.383,-0.032,-0.478,-0.259,-0.071,-0.123,-0.444,0.292,-0.379
32,A2_1,0.115,0.246,0.591,-0.11,-0.317,-0.287,-0.383,1.0,0.256,0.376,-0.35,-0.087,-0.464,-0.154,-0.19,-0.141
32,A2_2,-0.45,-0.456,-0.253,-0.719,-0.337,0.323,-0.032,0.256,1.0,0.34,-0.453,0.07,-0.496,0.611,0.761,0.244
32,A2_3,-0.508,-0.259,-0.263,-0.405,-0.536,-0.527,-0.478,0.376,0.34,1.0,-0.125,-0.35,-0.155,0.408,0.072,0.475
32,B2_1,0.178,-0.34,-0.18,0.01,0.083,-0.473,-0.259,-0.35,-0.453,-0.125,1.0,0.536,0.913,0.002,-0.365,-0.253
32,B2_2,0.26,-0.188,0.213,-0.142,0.055,-0.051,-0.071,-0.087,0.07,-0.35,0.536,1.0,0.37,0.131,0.153,-0.544
32,B2_3,0.123,-0.311,-0.298,0.137,0.273,-0.378,-0.123,-0.464,-0.496,-0.155,0.913,0.37,1.0,0.027,-0.317,-0.216
32,y1,-0.9,-0.26,-0.306,-0.359,-0.475,-0.151,-0.444,-0.154,0.611,0.408,0.002,0.131,0.027,1.0,0.6,0.605
32,y2,-0.404,-0.299,-0.418,-0.567,-0.07,0.584,0.292,-0.19,0.761,0.072,-0.365,0.153,-0.317,0.6,1.0,0.335
32,y3,-0.82,0.046,-0.32,-0.217,-0.587,-0.047,-0.379,-0.141,0.244,0.475,-0.253,-0.544,-0.216,0.605,0.335,1.0
34,.,1.0,-0.386,-0.429,-0.14,0.181,-0.177,0.076,-0.317,-0.112,0.307,0.609,0.164,0.315,-0.592,-0.174,-0.713
34,A1_1,-0.386,1.0,0.546,0.707,-0.115,-0.207,-0.118,0.143,-0.347,-0.25,-0.095,-0.404,-0.385,-0.428,-0.474,-0.169
34,A1_2,-0.429,0.546,1.0,0.774,-0.291,-0.04,-0.297,0.012,-0.621,-0.436,-0.239,-0.357,0.111,0.091,-0.092,0.152
34,A1_3,-0.14,0.707,0.774,1.0,-0.414,-0.199,-0.507,-0.112,-0.615,-0.218,0.031,-0.349,0.046,-0.239,-0.323,-0.077
34,B1_1,0.181,-0.115,-0.291,-0.414,1.0,0.537,0.761,-0.118,-0.298,-0.313,-0.166,-0.205,0.156,-0.141,0.363,0.015
34,B1_2,-0.177,-0.207,-0.04,-0.199,0.537,1.0,0.36,-0.478,-0.368,-0.303,-0.545,0.359,-0.01,0.485,0.174,0.439
34,B1_3,0.076,-0.118,-0.297,-0.507,0.761,0.36,1.0,-0.347,-0.152,-0.612,0.098,0.117,0.231,-0.099,0.3,-0.145
34,A2_1,-0.317,0.143,0.012,-0.112,-0.118,-0.478,-0.347,1.0,0.46,0.499,-0.206,-0.54,-0.299,-0.036,0.121,0.207
34,A2_2,-0.112,-0.347,-0.621,-0.615,-0.298,-0.368,-0.152,0.46,1.0,0.585,-0.011,0.185,-0.442,0.195,-0.021,0.102
34,A2_3,0.307,-0.25,-0.436,-0.218,-0.313,-0.303,-0.612,0.499,0.585,1.0,0.018,0.101,-0.437,-0.148,-0.35,-0.15
34,B2_1,0.609,-0.095,-0.239,0.031,-0.166,-0.545,0.098,-0.206,-0.011,0.018,1.0,0.094,0.525,-0.618,-0.069,-0.69
34,B2_2,0.164,-0.404,-0.357,-0.349,-0.205,0.359,0.117,-0.54,0.185,0.101,0.094,1.0,-0.124,0.234,-0.339,-0.165
34,B2_3,0.315,-0.385,0.111,0.046,0.156,-0.01,0.231,-0.299,-0.442,-0.437,0.525,-0.124,1.0,0.022,0.655,0.006
34,y1,-0.592,-0.428,0.091,-0.239,-0.141,0.485,-0.099,-0.036,0.195,-0.148,-0.618,0.234,0.022,1.0,0.49,0.876
34,y2,-0.174,-0.474,-0.092,-0.323,0.363,0.174,0.3,0.121,-0.021,-0.35,-0.069,-0.339,0.655,0.49,1.0,0.611
34,y3,-0.713,-0.169,0.152,-0.077,0.015,0.439,-0.145,0.207,0.102,-0.15,-0.69,-0.165,0.006,0.876,0.611,1.0
36,.,1.0,-0.673,-0.203,-0.041,0.11,0.551,-0.176,0.529,0.125,0.041,-0.269,-0.077,-0.371,-0.448,-0.733,-0.317
36,A1_1,-0.673,1.0,0.639,0.442,0.028,-0.423,0.276,-0.541,-0.429,-0.449,0.079,-0.051,0.184,0.019,0.336,0.235
36,A1_2,-0.203,0.639,1.0,0.551,-0.313,-0.526,-0.273,-0.027,-0.125,-0.202,-0.353,-0.15,-0.111,-0.487,0.219,0.369
36,A1_3,-0.041,0.442,0.551,1.0,-0.463,-0.092,-0.073,0.451,-0.024,-0.331,-0.252,-0.434,-0.433,-0.384,-0.023,0.577
36,B1_1,0.11,0.028,-0.313,-0.463,1.0,0.452,0.794,-0.434,-0.313,-0.044,0.056,0.091,-0.037,0.558,0.007,-0.62
36,B1_2,0.551,-0.423,-0.526,-0.092,0.452,1.0,0.319,0.275,0.041,-0.322,-0.259,-0.249,-0.182,0.053,-0.609,-0.42
36,B1_3,-0.176,0.276,-0.273,-0.073,0.794,0.319,1.0,-0.392,-0.547,-0.25,0.318,0.133,-0.023,0.736,0.199,-0.181
36,A2_1,0.529,-0.541,-0.027,0.451,-0.434,0.275,-0.392,1.0,0.587,0.316,-0.476,-0.465,-0.731,-0.376,-0.208,0.216
36,A2_2,0.125,-0.429,-0.125,-0.024,-0.313,0.041,-0.547,0.587,1.0,0.618,-0.376,-0.685,-0.521,-0.263,0.026,-0.251
36,A2_3,0.041,-0.449,-0.202,-0.331,-0.044,-0.322,-0.25,0.316,0.618,1.0,-0.142,-0.042,-0.458,0.167,0.424,-0.146
36,B2_1,-0.269,0.079,-0.353,-0.252,0.056,-0.259,0.318,-0.476,-0.376,-0.142,1.0,0.328,0.448,0.333,0.028,-0.078
36,B2_2,-0.077,-0.051,-0.15,-0.434,0.091,-0.249,0.133,-0.465,-0.685,-0.042,0.328,1.0,0.608,0.298,0.117,0.25
36,B2_3,-0.371,0.184,-0.111,-0.433,-0.037,-0.182,-0.023,-0.731,-0.521,-0.458,0.448,0.608,1.0,0.175,0.001,0.121
36,y1,-0.448,0.019,-0.487,-0.384,0.558,0.053,0.736,-0.376,-0.263,0.167,0.333,0.298,0.175,1.0,0.609,0.022
36,y2,-0.733,0.336,0.219,-0.023,0.007,-0.609,0.199,-0.208,0.026,0.424,0.028,0.117,0.001,0.609,1.0,0.411
36,y3,-0.317,0.235,0.369,0.577,-0.62,-0.42,-0.181,0.216,-0.251,-0.146,-0.078,0.25,0.121,0.022,0.411,1.0
38,.,1.0,-0.087,0.212,0.035,0.019,-0.506,0.052,0.421,0.243,0.535,-0.279,0.356,-0.716,-0.643,-0.614,-0.763
38,A1_1,-0.087,1.0,0.596,0.49,-0.369,-0.186,-0.356,-0.381,-0.394,-0.414,-0.168,-0.642,0.23,-0.167,0.334,-0.243
38,A1_2,0.212,0.596,1.0,0.729,-0.225,-0.447,0.121,0.09,-0.438,-0.108,-0.21,-0.202,-0.271,-0.37,0.278,-0.414
38,A1_3,0.035,0.49,0.729,1.0,0.044,-0.215,0.028,0.027,-0.448,-0.45,0.054,-0.019,-0.083,-0.301,0.028,-0.376
38,B1_1,0.019,-0.369,-0.225,0.044,1.0,0.244,0.481,-0.133,0.135,-0.364,-0.256,0.242,-0.172,-0.342,-0.391,-0.371
38,B1_2,-0.506,-0.186,-0.447,-0.215,0.244,1.0,0.467,-0.454,-0.23,-0.245,0.015,-0.046,0.573,0.699,0.12,0.423
38,B1_3,0.052,-0.356,0.121,0.028,0.481,0.467,1.0,0.13,-0.028,0.208,-0.454,0.139,-0.286,0.068,0.04,-0.039
38,A2_1,0.421,-0.381,0.09,0.027,-0.133,-0.454,0.13,1.0,0.64,0.71,-0.288,0.042,-0.807,-0.385,-0.057,0.014
38,A2_2,0.243,-0.394,-0.438,-0.448,0.135,-0.23,-0.028,0.64,1.0,0.543,-0.517,-0.186,-0.617,-0.413,-0.31,0.049
38,A2_3,0.535,-0.414,-0.108,-0.45,-0.364,-0.245,0.208,0.71,0.543,1.0,-0.27,0.143,-0.619,-0.072,-0.092,0.098
38,B2_1,-0.279,-0.168,-0.21,0.054,-0.256,0.015,-0.454,-0.288,-0.517,-0.27,1.0,0.557,0.594,0.524,0.056,0.326
38,B2_2,0.356,-0.642,-0.202,-0.019,0.242,-0.046,0.139,0.042,-0.186,0.143,0.557,1.0,-0.067,0.072,-0.559,-0.195
38,B2_3,-0.716,0.23,-0.271,-0.083,-0.172,0.573,-0.286,-0.807,-0.617,-0.619,0.594,-0.067,1.0,0.768,0.332,0.481
38,y1,-0.643,-0.167,-0.37,-0.301,-0.342,0.699,0.068,-0.385,-0.413,-0.072,0.524,0.072,0.768,1.0,0.443,0.793
38,y2,-0.614,0.334,0.278,0.028,-0.391,0.12,0.04,-0.057,-0.31,-0.092,0.056,-0.559,0.332,0.443,1.0,0.606
38,y3,-0.763,-0.243,-0.414,-0.376,-0.371,0.423,-0.039,0.014,0.049,0.098,0.326,-0.195,0.481,0.793,0.606,1.0
40,.,1.0,0.359,0.349,0.072,0.324,0.194,0.382,-0.167,-0.37,-0.341,-0.551,-0.446,-0.245,-0.226,-0.648,-0.709
40,A1_1,0.359,1.0,0.677,0.68,-0.409,-0.173,-0.087,0.189,-0.284,-0.592,-0.239,-0.169,-0.295,-0.569,-0.246,-0.642
40,A1_2,0.349,0.677,1.0,0.693,-0.148,-0.499,-0.224,-0.034,-0.324,-0.521,-0.195,-0.317,0.03,0.135,-0.455,-0.716
40,A1_3,0.072,0.68,0.693,1.0,-0.479,-0.264,-0.074,0.12,-0.068,-0.314,-0.223,-0.089,-0.324,-0.106,-0.041,-0.28
40,B1_1,0.324,-0.409,-0.148,-0.479,1.0,0.515,0.578,-0.474,-0.568,-0.198,0.119,0.129,0.232,0.387,0.033,-0.035
40,B1_2,0.194,-0.173,-0.499,-0.264,0.515,1.0,0.868,-0.587,-0.465,-0.224,0.121,0.533,0.027,-0.343,0.421,0.254
40,B1_3,0.382,-0.087,-0.224,-0.074,0.578,0.868,1.0,-0.577,-0.425,-0.187,-0.223,0.222,-0.184,-0.104,0.364,0.136
40,A2_1,-0.167,0.189,-0.034,0.12,-0.474,-0.587,-0.577,1.0,0.628,0.307,-0.279,-0.574,-0.645,-0.055,-0.08,0.096
40,A2_2,-0.37,-0.284,-0.324,-0.068,-0.568,-0.465,-0.425,0.628,1.0,0.798,-0.426,-0.341,-0.43,0.074,0.171,0.424
40,A2_3,-0.341,-0.592,-0.521,-0.314,-0.198,-0.224,-0.187,0.307,0.798,1.0,-0.312,-0.106,-0.157,0.246,0.168,0.431
40,B2_1,-0.551,-0.239,-0.195,-0.223,0.119,0.121,-0.223,-0.279,-0.426,-0.312,1.0,0.594,0.696,0.114,0.16,0.281
40,B2_2,-0.446,-0.169,-0.317,-0.089,0.129,0.533,0.222,-0.574,-0.341,-0.106,0.594,1.0,0.583,-0.254,0.522,0.25
40,B2_3,-0.245,-0.295,0.03,-0.324,0.232,0.027,-0.184,-0.645,-0.43,-0.157,0.696,0.583,1.0,0.185,-0.132,-0.125
40,y1,-0.226,-0.569,0.135,-0.106,0.387,-0.343,-0.104,-0.055,0.074,0.246,0.114,-0.254,0.185,1.0,-0.005,0.255
40,y2,-0.648,-0.246,-0.455,-0.041,0.033,0.421,0.364,-0.08,0.171,0.168,0.16,0.522,-0.132,-0.005,1.0,0.751
40,y3,-0.709,-0.642,-0.716,-0.28,-0.035,0.254,0.136,0.096,0.424,0.431,0.281,0.25,-0.125,0.255,0.751,1.0
42,.,1.0,-0.129,-0.289,-0.392,0.452,-0.299,-0.119,0.146,0.124,0.209,0.083,-0.119,-0.004,-0.261,-0.608,-0.608
42,A1_1,-0.129,1.0,0.541,0.824,-0.089,-0.238,0.117,-0.503,-0.758,-0.327,-0.321,-0.178,-0.204,-0.524,-0.164,-0.466
42,A1_2,-0.289,0.541,1.0,0.678,-0.343,-0.104,-0.243,-0.183,-0.265,-0.36,-0.234,0.309,-0.053,-0.408,-0.005,0.135
42,A1_3,-0.392,0.824,0.678,1.0,-0.496,-0.416,-0.222,-0.369,-0.453,-0.038,-0.233,-0.25,-0.155,-0.259,0.043,-0.217
42,B1_1,0.452,-0.089,-0.343,-0.496,1.0,0.422,0.611,-0.298,-0.262,-0.3,0.012,0.032,-0.208,0.088,-0.059,-0.02
42,B1_2,-0.299,-0.238,-0.104,-0.416,0.422,1.0,0.725,-0.015,0.054,-0.388,-0.396,0.297,-0.398,-0.046,0.246,0.445
42,B1_3,-0.119,0.117,-0.243,-0.222,0.611,0.725,1.0,-0.426,-0.319,-0.311,-0.37,-0.175,-0.298,-0.049,0.151,0.157
42,A2_1,0.146,-0.503,-0.183,-0.369,-0.298,-0.015,-0.426,1.0,0.82,0.55,-0.3,0.029,-0.254,0.207,0.108,0.098
42,A2_2,0.124,-0.758,-0.265,-0.453,-0.262,0.054,-0.319,0.82,1.0,0.721,-0.187,-0.139,-0.203,0.406,0.169,0.3
42,A2_3,0.209,-0.327,-0.36,-0.038,-0.3,-0.388,-0.311,0.55,0.721,1.0,-0.227,-0.713,-0.285,0.471,0.138,-0.088
42,B2_1,0.083,-0.321,-0.234,-0.233,0.012,-0.396,-0.37,-0.3,-0.187,-0.227,1.0,0.354,0.845,0.244,-0.09,0.076
42,B2_2,-0.119,-0.178,0.309,-0.25,0.032,0.297,-0.175,0.029,-0.139,-0.713,0.354,1.0,0.344,-0.284,0.021,0.299
42,B2_3,-0.004,-0.204,-0.053,-0.155,-0.208,-0.398,-0.298,-0.254,-0.203,-0.285,0.845,0.344,1.0,0.03,-0.19,0.095
42,y1,-0.261,-0.524,-0.408,-0.259,0.088,-0.046,-0.049,0.207,0.406,0.471,0.244,-0.284,0.03,1.0,0.677,0.607
42,y2,-0.608,-0.164,-0.005,0.043,-0.059,0.246,0.151,0.108,0.169,0.138,-0.09,0.021,-0.19,0.677,1.0,0.753
42,y3,-0.608,-0.466,0.135,-0.217,-0.02,0.445,0.157,0.098,0.3,-0.088,0.076,0.299,0.095,0.607,0.753,1.0
44,.,1.0,0.114,0.057,0.268,0.212,-0.144,0.265,-0.496,-0.538,-0.475,0.585,-0.061,-0.099,-0.607,-0.536,-0.18
44,A1_1,0.114,1.0,0.435,0.307,-0.363,-0.051,-0.147,-0.451,0.127,-0.199,-0.017,-0.014,0.109,-0.652,-0.372,-0.291
44,A1_2,0.057,0.435,1.0,0.447,-0.163,-0.424,-0.512,-0.203,-0.335,-0.319,0.259,0.169,0.381,-0.032,0.171,0.024
44,A1_3,0.268,0.307,0.447,1.0,-0.418,-0.361,-0.323,-0.094,-0.248,-0.2,-0.055,-0.316,0.011,-0.228,0.35,0.398
44,B1_1,0.212,-0.363,-0.163,-0.418,1.0,0.283,0.749,-0.292,-0.328,-0.38,-0.096,-0.1,-0.473,0.126,-0.29,-0.064
44,B1_2,-0.144,-0.051,-0.424,-0.361,0.283,1.0,0.692,-0.319,-0.154,-0.467,-0.198,0.354,-0.008,-0.017,-0.194,-0.474
44,B1_3,0.265,-0.147,-0.512,-0.323,0.749,0.692,1.0,-0.475,-0.316,-0.526,-0.217,-0.02,-0.484,-0.162,-0.402,-0.204
44,A2_1,-0.496,-0.451,-0.203,-0.094,-0.292,-0.319,-0.475,1.0,0.535,0.797,-0.396,-0.385,-0.235,0.268,0.271,0.07
44,A2_2,-0.538,0.127,-0.335,-0.248,-0.328,-0.154,-0.316,0.535,1.0,0.84,-0.467,-0.476,-0.246,0.008,-0.065,-0.036
44,A2_3,-0.475,-0.199,-0.319,-0.2,-0.38,-0.467,-0.526,0.797,0.84,1.0,-0.285,-0.416,-0.153,0.207,0.161,0.202
44,B2_1,0.585,-0.017,0.259,-0.055,-0.096,-0.198,-0.217,-0.396,-0.467,-0.285,1.0,0.6,0.676,-0.06,-0.151,-0.131
44,B2_2,-0.061,-0.014,0.169,-0.316,-0.1,0.354,-0.02,-0.385,-0.476,-0.416,0.6,1.0,0.835,0.294,0.16,-0.173
44,B2_3,-0.099,0.109,0.381,0.011,-0.473,-0.008,-0.484,-0.235,-0.246,-0.153,0.676,0.835,1.0,0.318,0.363,0.022
44,y1,-0.607,-0.652,-0.032,-0.228,0.126,-0.017,-0.162,0.268,0.008,0.207,-0.06,0.294,0.318,1.0,0.797,0.578
44,y2,-0.536,-0.372,0.171,0.35,-0.29,-0.194,-0.402,0.271,-0.065,0.161,-0.151,0.16,0.363,0.797,1.0,0.768
44,y3,-0.18,-0.291,0.024,0.398,-0.064,-0.474,-0.204,0.07,-0.036,0.202,-0.131,-0.173,0.022,0.578,0.768,1.0
46,.,1.0,0.261,0.063,-0.007,-0.033,-0.107,0.166,0.071,-0.327,-0.235,-0.348,-0.158,0.017,-0.795,-0.524,-0.603
46,A1_1,0.261,1.0,0.727,0.434,0.006,-0.105,0.129,-0.334,-0.294,-0.263,-0.075,-0.309,-0.158,-0.152,-0.371,0.073
46,A1_2,0.063,0.727,1.0,0.872,-0.072,-0.067,-0.34,-0.359,-0.362,-0.055,-0.021,0.223,-0.089,-0.247,-0.566,0.074
46,A1_3,-0.007,0.434,0.872,1.0,-0.281,-0.24,-0.645,-0.084,-0.089,0.293,0.124,0.311,-0.049,-0.381,-0.436,-0.049
46,B1_1,-0.033,0.006,-0.072,-0.281,1.0,0.904,0.785,-0.36,-0.367,-0.103,-0.432,-0.065,0.003,0.167,-0.307,-0.195
46,B1_2,-0.107,-0.105,-0.067,-0.24,0.904,1.0,0.582,-0.461,-0.439,-0.299,-0.348,0.075,0.146,0.097,-0.415,-0.058
46,B1_3,0.166,0.129,-0.34,-0.645,0.785,0.582,1.0,-0.242,-0.295,-0.28,-0.335,-0.353,-0.03,0.258,-0.041,-0.155
46,A2_1,0.071,-0.334,-0.359,-0.084,-0.36,-0.461,-0.242,1.0,0.541,0.514,-0.303,-0.524,-0.7,-0.114,0.406,0.055
46,A2_2,-0.327,-0.294,-0.362,-0.089,-0.367,-0.439,-0.295,0.541,1.0,0.726,-0.012,-0.345,-0.22,0.111,0.82,-0.129
46,A2_3,-0.235,-0.263,-0.055,0.293,-0.103,-0.299,-0.28,0.514,0.726,1.0,-0.03,-0.073,-0.226,-0.028,0.443,-0.368
46,B2_1,-0.348,-0.075,-0.021,0.124,-0.432,-0.348,-0.335,-0.303,-0.012,-0.03,1.0,0.459,0.664,0.302,0.165,0.222
46,B2_2,-0.158,-0.309,0.223,0.311,-0.065,0.075,-0.353,-0.524,-0.345,-0.073,0.459,1.0,0.655,-0.028,-0.267,-0.137
46,B2_3,0.017,-0.158,-0.089,-0.049,0.003,0.146,-0.03,-0.7,-0.22,-0.226,0.664,0.655,1.0,-0.061,-0.161,-0.315
46,y1,-0.795,-0.152,-0.247,-0.381,0.167,0.097,0.258,-0.114,0.111,-0.028,0.302,-0.028,-0.061,1.0,0.55,0.66
46,y2,-0.524,-0.371,-0.566,-0.436,-0.307,-0.415,-0.041,0.406,0.82,0.443,0.165,-0.267,-0.161,0.55,1.0,0.178
46,y3,-0.603,0.073,0.074,-0.049,-0.195,-0.058,-0.155,0.055,-0.129,-0.368,0.222,-0.137,-0.315,0.66,0.178,1.0
48,.,1.0,-0.213,0.208,0.037,0.461,0.238,0.134,-0.416,-0.153,-0.066,0.061,0.213,0.059,-0.894,-0.739,-0.638
