,,.,A1_1,A1_2,A1_3,B1_1,B1_2,B1_3,A2_1,A2_2,A2_3,B2_1,B2_2,B2_3,y1,y2,y3
2,.,0.149,0.019,0.018,0.015,0.044,0.065,0.011,0.014,0.018,0.021,0.013,0.011,0.02,0.142,0.092,0.349
2,A1_1,0.29,0.009,0.029,0.029,0.072,0.067,0.147,0.022,0.01,0.021,0.015,0.02,0.021,0.114,0.038,0.097
2,A1_2,0.298,0.008,0.036,0.05,0.043,0.04,0.31,0.024,0.006,0.013,0.013,0.024,0.017,0.057,0.024,0.039
2,A1_3,0.268,0.01,0.02,0.022,0.254,0.094,0.043,0.011,0.007,0.012,0.007,0.006,0.008,0.087,0.019,0.133
2,B1_1,0.149,0.021,0.061,0.546,0.012,0.009,0.014,0.019,0.013,0.009,0.009,0.011,0.006,0.025,0.033,0.064
2,B1_2,0.082,0.008,0.007,0.022,0.02,0.029,0.004,0.007,0.012,0.012,0.007,0.007,0.012,0.087,0.107,0.576
2,B1_3,0.159,0.173,0.328,0.156,0.008,0.009,0.013,0.049,0.016,0.012,0.005,0.006,0.003,0.018,0.025,0.019
2,A2_1,0.17,0.009,0.006,0.011,0.01,0.029,0.039,0.018,0.016,0.016,0.184,0.218,0.102,0.074,0.037,0.061
2,A2_2,0.21,0.016,0.01,0.026,0.023,0.042,0.024,0.02,0.024,0.021,0.13,0.077,0.06,0.094,0.066,0.159
2,A2_3,0.108,0.009,0.002,0.006,0.009,0.021,0.011,0.008,0.011,0.007,0.455,0.17,0.079,0.034,0.021,0.05
2,B2_1,0.245,0.016,0.013,0.023,0.023,0.033,0.023,0.036,0.051,0.033,0.024,0.034,0.024,0.116,0.084,0.222
2,B2_2,0.435,0.019,0.021,0.034,0.028,0.024,0.042,0.072,0.052,0.046,0.025,0.024,0.014,0.062,0.043,0.059
2,B2_3,0.14,0.018,0.016,0.02,0.009,0.019,0.006,0.041,0.084,0.045,0.007,0.011,0.013,0.124,0.162,0.283
2,y1,0.429,0.013,0.02,0.048,0.118,0.052,0.077,0.023,0.011,0.016,0.032,0.019,0.014,0.051,0.018,0.059
2,y2,0.232,0.04,0.01,0.037,0.008,0.012,0.012,0.034,0.035,0.013,0.334,0.122,0.034,0.022,0.023,0.031
2,y3,0.392,0.024,0.027,0.055,0.027,0.026,0.094,0.043,0.019,0.018,0.1,0.066,0.026,0.037,0.02,0.026
4,.,0.059,0.061,0.014,0.016,0.008,0.057,0.004,0.012,0.056,0.015,0.008,0.032,0.014,0.565,0.046,0.032
4,A1_1,0.022,0.003,0.0,0.001,0.005,0.843,0.061,0.007,0.004,0.002,0.003,0.003,0.002,0.011,0.014,0.017
4,A1_2,0.057,0.001,0.001,0.002,0.022,0.036,0.823,0.005,0.001,0.002,0.01,0.001,0.007,0.001,0.011,0.02
4,A1_3,0.15,0.044,0.015,0.027,0.016,0.134,0.025,0.022,0.054,0.025,0.017,0.027,0.03,0.299,0.071,0.044
4,B1_1,0.027,0.048,0.026,0.052,0.003,0.007,0.001,0.001,0.012,0.003,0.003,0.006,0.008,0.784,0.011,0.006
4,B1_2,0.195,0.094,0.073,0.07,0.039,0.034,0.058,0.038,0.015,0.047,0.022,0.015,0.009,0.132,0.044,0.117
4,B1_3,0.068,0.088,0.088,0.068,0.008,0.007,0.003,0.005,0.009,0.011,0.009,0.014,0.009,0.577,0.017,0.02
4,A2_1,0.252,0.016,0.01,0.01,0.011,0.048,0.024,0.015,0.037,0.016,0.052,0.091,0.132,0.142,0.106,0.039
4,A2_2,0.441,0.01,0.022,0.01,0.012,0.015,0.042,0.023,0.01,0.039,0.086,0.05,0.092,0.028,0.079,0.042
4,A2_3,0.331,0.022,0.019,0.014,0.017,0.019,0.026,0.016,0.018,0.02,0.076,0.146,0.061,0.078,0.072,0.065
4,B2_1,0.161,0.015,0.011,0.008,0.007,0.013,0.01,0.113,0.143,0.202,0.015,0.019,0.038,0.058,0.14,0.048
4,B2_2,0.184,0.027,0.008,0.011,0.017,0.05,0.035,0.149,0.1,0.127,0.015,0.02,0.021,0.054,0.095,0.088
4,B2_3,0.063,0.027,0.004,0.006,0.006,0.03,0.004,0.051,0.334,0.07,0.007,0.025,0.021,0.189,0.122,0.04
4,y1,0.47,0.013,0.013,0.019,0.018,0.039,0.085,0.05,0.016,0.047,0.042,0.017,0.064,0.024,0.046,0.036
4,y2,0.415,0.03,0.024,0.032,0.019,0.058,0.05,0.024,0.014,0.027,0.05,0.033,0.056,0.083,0.045,0.039
4,y3,0.349,0.019,0.015,0.014,0.018,0.025,0.053,0.122,0.032,0.121,0.029,0.018,0.032,0.025,0.061,0.066
6,.,0.083,0.047,0.052,0.03,0.021,0.016,0.007,0.046,0.067,0.077,0.034,0.015,0.029,0.162,0.182,0.135
6,A1_1,0.668,0.004,0.002,0.011,0.024,0.06,0.041,0.007,0.007,0.013,0.006,0.013,0.016,0.069,0.025,0.034
6,A1_2,0.189,0.006,0.013,0.015,0.089,0.03,0.206,0.007,0.006,0.01,0.016,0.044,0.013,0.053,0.022,0.28
6,A1_3,0.395,0.02,0.017,0.04,0.036,0.033,0.034,0.03,0.02,0.031,0.014,0.03,0.02,0.126,0.058,0.096
6,B1_1,0.215,0.057,0.03,0.06,0.015,0.024,0.011,0.125,0.027,0.036,0.013,0.013,0.016,0.164,0.129,0.064
6,B1_2,0.177,0.032,0.05,0.39,0.011,0.015,0.01,0.062,0.015,0.012,0.006,0.008,0.004,0.146,0.03,0.033
6,B1_3,0.1,0.097,0.033,0.049,0.011,0.015,0.012,0.172,0.029,0.033,0.01,0.004,0.007,0.156,0.226,0.046
6,A2_1,0.068,0.007,0.02,0.008,0.022,0.007,0.018,0.009,0.005,0.013,0.055,0.216,0.122,0.014,0.016,0.4
6,A2_2,0.104,0.032,0.011,0.008,0.013,0.012,0.009,0.013,0.016,0.027,0.082,0.039,0.348,0.027,0.122,0.136
6,A2_3,0.047,0.027,0.046,0.018,0.016,0.014,0.007,0.124,0.023,0.037,0.041,0.022,0.034,0.103,0.105,0.335
6,B2_1,0.176,0.019,0.013,0.018,0.015,0.023,0.013,0.146,0.056,0.147,0.006,0.005,0.005,0.218,0.105,0.037
6,B2_2,0.004,0.003,0.011,0.004,0.001,0.002,0.0,0.855,0.006,0.031,0.002,0.001,0.001,0.037,0.011,0.031
6,B2_3,0.027,0.007,0.009,0.01,0.002,0.006,0.001,0.762,0.01,0.037,0.002,0.002,0.002,0.076,0.026,0.021
6,y1,0.477,0.02,0.005,0.022,0.006,0.012,0.019,0.208,0.007,0.043,0.01,0.029,0.047,0.032,0.034,0.029
6,y2,0.525,0.021,0.011,0.061,0.015,0.018,0.038,0.073,0.01,0.03,0.011,0.027,0.026,0.057,0.032,0.043
6,y3,0.486,0.015,0.007,0.026,0.008,0.014,0.02,0.143,0.016,0.099,0.009,0.026,0.029,0.048,0.03,0.025
8,.,0.109,0.066,0.037,0.033,0.044,0.058,0.054,0.028,0.031,0.01,0.008,0.019,0.007,0.199,0.086,0.209
8,A1_1,0.261,0.04,0.007,0.015,0.104,0.222,0.009,0.003,0.033,0.038,0.018,0.008,0.006,0.064,0.063,0.11
8,A1_2,0.388,0.024,0.003,0.006,0.263,0.093,0.024,0.007,0.011,0.011,0.012,0.013,0.006,0.06,0.027,0.051
8,A1_3,0.324,0.021,0.002,0.004,0.245,0.19,0.021,0.004,0.012,0.011,0.011,0.015,0.008,0.053,0.035,0.043
8,B1_1,0.01,0.012,0.639,0.168,0.001,0.001,0.013,0.009,0.004,0.002,0.007,0.011,0.015,0.04,0.02,0.047
8,B1_2,0.238,0.21,0.029,0.061,0.019,0.044,0.017,0.013,0.013,0.012,0.013,0.011,0.005,0.09,0.052,0.175
8,B1_3,0.025,0.025,0.515,0.197,0.003,0.006,0.008,0.007,0.01,0.01,0.013,0.015,0.014,0.061,0.033,0.058
8,A2_1,0.27,0.038,0.012,0.016,0.076,0.084,0.012,0.01,0.011,0.019,0.057,0.022,0.045,0.098,0.097,0.133
8,A2_2,0.139,0.016,0.074,0.041,0.054,0.041,0.017,0.013,0.035,0.032,0.075,0.029,0.104,0.1,0.08,0.15
8,A2_3,0.106,0.005,0.014,0.009,0.027,0.02,0.008,0.007,0.007,0.018,0.152,0.038,0.378,0.029,0.138,0.046
8,B2_1,0.05,0.007,0.02,0.016,0.022,0.017,0.034,0.037,0.33,0.107,0.015,0.023,0.006,0.049,0.209,0.057
8,B2_2,0.107,0.04,0.023,0.021,0.01,0.006,0.12,0.299,0.085,0.017,0.008,0.043,0.008,0.067,0.079,0.066
8,B2_3,0.113,0.021,0.019,0.024,0.036,0.041,0.022,0.022,0.089,0.09,0.027,0.023,0.008,0.077,0.296,0.091
8,y1,0.344,0.015,0.023,0.026,0.099,0.037,0.016,0.012,0.046,0.066,0.08,0.031,0.049,0.046,0.053,0.057
8,y2,0.2,0.009,0.051,0.032,0.019,0.008,0.014,0.011,0.007,0.017,0.123,0.072,0.36,0.017,0.042,0.018
8,y3,0.497,0.075,0.012,0.022,0.049,0.046,0.026,0.019,0.035,0.023,0.022,0.028,0.019,0.046,0.025,0.056
10,.,0.219,0.03,0.043,0.04,0.029,0.052,0.077,0.041,0.054,0.053,0.022,0.02,0.02,0.134,0.08,0.085
10,A1_1,0.405,0.026,0.031,0.03,0.021,0.046,0.045,0.037,0.087,0.089,0.017,0.011,0.021,0.046,0.05,0.039
10,A1_2,0.215,0.008,0.021,0.03,0.092,0.058,0.124,0.019,0.019,0.023,0.011,0.016,0.031,0.143,0.05,0.138
10,A1_3,0.433,0.021,0.031,0.03,0.032,0.051,0.058,0.021,0.06,0.057,0.017,0.011,0.042,0.047,0.045,0.045
10,B1_1,0.336,0.042,0.139,0.095,0.008,0.017,0.047,0.032,0.069,0.029,0.015,0.009,0.013,0.035,0.054,0.06
10,B1_2,0.245,0.011,0.059,0.092,0.021,0.01,0.047,0.041,0.035,0.02,0.019,0.026,0.021,0.089,0.05,0.215
10,B1_3,0.133,0.053,0.146,0.08,0.02,0.05,0.079,0.032,0.028,0.012,0.015,0.034,0.008,0.116,0.08,0.114
10,A2_1,0.071,0.01,0.016,0.017,0.019,0.034,0.028,0.012,0.007,0.006,0.043,0.421,0.093,0.112,0.048,0.064
10,A2_2,0.271,0.008,0.007,0.015,0.013,0.012,0.011,0.013,0.025,0.019,0.077,0.079,0.341,0.039,0.031,0.038
10,A2_3,0.106,0.019,0.022,0.022,0.017,0.03,0.026,0.018,0.012,0.008,0.067,0.348,0.049,0.143,0.045,0.07
10,B2_1,0.319,0.006,0.01,0.019,0.01,0.008,0.01,0.062,0.163,0.293,0.01,0.006,0.009,0.019,0.025,0.032
10,B2_2,0.359,0.003,0.006,0.017,0.01,0.004,0.011,0.062,0.139,0.281,0.01,0.003,0.009,0.023,0.02,0.043
10,B2_3,0.266,0.031,0.035,0.037,0.007,0.015,0.018,0.087,0.176,0.157,0.019,0.008,0.008,0.04,0.056,0.041
10,y1,0.45,0.028,0.034,0.028,0.015,0.035,0.025,0.028,0.098,0.091,0.024,0.022,0.029,0.028,0.037,0.027
10,y2,0.482,0.01,0.033,0.045,0.012,0.013,0.03,0.034,0.069,0.067,0.022,0.027,0.038,0.03,0.034,0.055
10,y3,0.387,0.04,0.059,0.039,0.022,0.061,0.055,0.024,0.058,0.045,0.021,0.028,0.022,0.05,0.049,0.042
12,.,0.126,0.071,0.094,0.047,0.018,0.075,0.062,0.02,0.044,0.021,0.025,0.02,0.044,0.097,0.135,0.101
12,A1_1,0.214,0.009,0.012,0.016,0.083,0.215,0.059,0.013,0.019,0.011,0.016,0.022,0.018,0.086,0.125,0.08
12,A1_2,0.389,0.039,0.037,0.029,0.065,0.077,0.129,0.028,0.02,0.016,0.007,0.013,0.014,0.035,0.049,0.052
12,A1_3,0.668,0.003,0.005,0.006,0.102,0.031,0.057,0.014,0.006,0.007,0.014,0.02,0.009,0.016,0.018,0.024
12,B1_1,0.257,0.081,0.25,0.192,0.007,0.011,0.04,0.021,0.012,0.013,0.014,0.012,0.011,0.018,0.028,0.032
12,B1_2,0.107,0.266,0.151,0.179,0.007,0.029,0.045,0.028,0.011,0.019,0.01,0.012,0.013,0.023,0.07,0.029
12,B1_3,0.497,0.025,0.114,0.048,0.013,0.019,0.058,0.028,0.022,0.013,0.015,0.016,0.017,0.041,0.022,0.052
12,A2_1,0.137,0.005,0.016,0.007,0.021,0.128,0.021,0.011,0.015,0.008,0.048,0.063,0.124,0.194,0.129,0.071
12,A2_2,0.259,0.018,0.033,0.021,0.011,0.02,0.028,0.03,0.028,0.019,0.131,0.065,0.116,0.086,0.047,0.088
12,A2_3,0.18,0.009,0.015,0.009,0.014,0.018,0.013,0.008,0.008,0.008,0.359,0.116,0.111,0.043,0.053,0.035
12,B2_1,0.078,0.018,0.017,0.016,0.006,0.018,0.038,0.072,0.197,0.042,0.013,0.007,0.026,0.186,0.035,0.233
12,B2_2,0.369,0.012,0.017,0.014,0.009,0.011,0.038,0.119,0.055,0.041,0.034,0.025,0.032,0.108,0.024,0.092
12,B2_3,0.114,0.034,0.021,0.029,0.006,0.017,0.042,0.147,0.111,0.062,0.013,0.011,0.036,0.155,0.038,0.163
12,y1,0.589,0.048,0.018,0.039,0.014,0.012,0.06,0.105,0.008,0.023,0.009,0.02,0.01,0.015,0.01,0.02
12,y2,0.567,0.016,0.064,0.039,0.009,0.025,0.032,0.023,0.01,0.008,0.034,0.04,0.027,0.043,0.022,0.04
12,y3,0.499,0.034,0.031,0.034,0.017,0.016,0.071,0.07,0.029,0.026,0.018,0.019,0.018,0.037,0.019,0.061
14,.,0.085,0.066,0.013,0.004,0.044,0.031,0.081,0.023,0.017,0.016,0.013,0.017,0.015,0.296,0.179,0.099
14,A1_1,0.767,0.026,0.009,0.007,0.03,0.031,0.019,0.002,0.004,0.01,0.002,0.009,0.006,0.03,0.008,0.039
14,A1_2,0.194,0.085,0.015,0.008,0.116,0.02,0.054,0.02,0.026,0.028,0.014,0.018,0.018,0.225,0.086,0.073
14,A1_3,0.171,0.118,0.014,0.006,0.084,0.029,0.076,0.024,0.023,0.023,0.008,0.012,0.008,0.204,0.131,0.068
14,B1_1,0.038,0.007,0.007,0.931,0.001,0.0,0.0,0.001,0.002,0.002,0.002,0.001,0.001,0.002,0.001,0.002
14,B1_2,0.212,0.302,0.023,0.044,0.05,0.026,0.032,0.035,0.01,0.027,0.01,0.011,0.007,0.108,0.074,0.031
14,B1_3,0.249,0.242,0.042,0.039,0.047,0.016,0.034,0.048,0.021,0.034,0.006,0.008,0.006,0.103,0.08,0.026
14,A2_1,0.178,0.019,0.018,0.003,0.026,0.025,0.035,0.02,0.022,0.019,0.059,0.079,0.123,0.17,0.084,0.119
14,A2_2,0.237,0.008,0.02,0.011,0.018,0.012,0.013,0.009,0.022,0.015,0.098,0.091,0.197,0.106,0.029,0.113
14,A2_3,0.101,0.013,0.012,0.01,0.022,0.014,0.02,0.018,0.03,0.015,0.143,0.081,0.125,0.178,0.085,0.133
14,B2_1,0.344,0.015,0.019,0.034,0.014,0.008,0.006,0.041,0.227,0.141,0.007,0.009,0.013,0.054,0.041,0.028
14,B2_2,0.22,0.046,0.053,0.104,0.018,0.008,0.01,0.085,0.09,0.076,0.031,0.021,0.034,0.104,0.066,0.035
14,B2_3,0.047,0.057,0.017,0.012,0.013,0.01,0.019,0.164,0.119,0.063,0.008,0.007,0.006,0.158,0.272,0.028
14,y1,0.245,0.036,0.035,0.558,0.007,0.003,0.003,0.014,0.017,0.016,0.013,0.007,0.007,0.019,0.011,0.011
14,y2,0.775,0.022,0.027,0.038,0.01,0.012,0.005,0.008,0.009,0.028,0.006,0.012,0.013,0.014,0.007,0.015
14,y3,0.541,0.033,0.022,0.268,0.01,0.006,0.003,0.013,0.013,0.042,0.009,0.008,0.007,0.01,0.007,0.008
16,.,0.133,0.024,0.012,0.023,0.053,0.068,0.037,0.029,0.041,0.027,0.017,0.026,0.019,0.175,0.09,0.228
16,A1_1,0.158,0.011,0.012,0.028,0.062,0.319,0.087,0.024,0.022,0.034,0.012,0.016,0.019,0.072,0.069,0.057
16,A1_2,0.249,0.01,0.014,0.012,0.097,0.049,0.078,0.022,0.05,0.052,0.022,0.037,0.016,0.122,0.059,0.113
16,A1_3,0.331,0.009,0.02,0.019,0.103,0.047,0.044,0.015,0.016,0.025,0.007,0.007,0.01,0.167,0.129,0.052
16,B1_1,0.401,0.046,0.05,0.068,0.014,0.021,0.026,0.046,0.017,0.019,0.016,0.016,0.032,0.089,0.095,0.045
16,B1_2,0.13,0.255,0.04,0.08,0.005,0.016,0.025,0.134,0.05,0.021,0.027,0.031,0.019,0.062,0.018,0.087
16,B1_3,0.256,0.062,0.026,0.035,0.03,0.016,0.041,0.04,0.032,0.042,0.019,0.03,0.033,0.09,0.09,0.157
16,A2_1,0.089,0.013,0.014,0.02,0.005,0.022,0.043,0.029,0.038,0.024,0.097,0.372,0.101,0.024,0.034,0.076
16,A2_2,0.488,0.01,0.009,0.011,0.043,0.009,0.023,0.017,0.016,0.051,0.013,0.015,0.033,0.058,0.091,0.111
16,A2_3,0.192,0.015,0.014,0.014,0.037,0.028,0.053,0.019,0.029,0.02,0.077,0.147,0.04,0.109,0.058,0.148
16,B2_1,0.121,0.011,0.009,0.008,0.023,0.012,0.031,0.046,0.272,0.186,0.009,0.03,0.011,0.044,0.022,0.164
16,B2_2,0.089,0.017,0.004,0.009,0.019,0.018,0.022,0.044,0.142,0.103,0.015,0.041,0.022,0.048,0.026,0.382
16,B2_3,0.153,0.025,0.015,0.018,0.008,0.009,0.02,0.08,0.245,0.129,0.015,0.048,0.021,0.037,0.019,0.158
16,y1,0.13,0.031,0.034,0.027,0.015,0.028,0.084,0.07,0.135,0.054,0.055,0.154,0.025,0.063,0.022,0.072
16,y2,0.225,0.039,0.025,0.039,0.014,0.035,0.045,0.081,0.092,0.069,0.029,0.058,0.037,0.06,0.038,0.113
16,y3,0.362,0.024,0.03,0.032,0.013,0.019,0.054,0.049,0.04,0.059,0.043,0.079,0.061,0.035,0.044,0.055
18,.,0.134,0.1,0.036,0.036,0.099,0.153,0.029,0.014,0.008,0.011,0.019,0.027,0.026,0.104,0.151,0.052
18,A1_1,0.261,0.006,0.007,0.012,0.068,0.152,0.225,0.007,0.015,0.013,0.016,0.021,0.035,0.048,0.055,0.06
18,A1_2,0.157,0.026,0.015,0.016,0.149,0.254,0.081,0.009,0.013,0.006,0.017,0.023,0.02,0.058,0.092,0.065
18,A1_3,0.147,0.014,0.007,0.011,0.127,0.332,0.075,0.009,0.012,0.009,0.013,0.022,0.02,0.038,0.096,0.067
18,B1_1,0.184,0.114,0.346,0.042,0.015,0.009,0.009,0.035,0.01,0.013,0.005,0.01,0.003,0.163,0.021,0.02
18,B1_2,0.399,0.077,0.253,0.034,0.01,0.009,0.008,0.033,0.012,0.017,0.018,0.017,0.009,0.063,0.023,0.02
18,B1_3,0.213,0.172,0.393,0.037,0.013,0.011,0.007,0.011,0.005,0.005,0.011,0.012,0.005,0.063,0.025,0.016
18,A2_1,0.461,0.005,0.016,0.009,0.006,0.01,0.014,0.013,0.012,0.023,0.088,0.042,0.201,0.023,0.046,0.03
18,A2_2,0.255,0.006,0.004,0.006,0.014,0.028,0.013,0.007,0.008,0.011,0.164,0.04,0.311,0.014,0.082,0.037
18,A2_3,0.264,0.021,0.027,0.014,0.029,0.037,0.018,0.036,0.02,0.028,0.085,0.05,0.079,0.07,0.163,0.058
18,B2_1,0.438,0.011,0.022,0.009,0.019,0.023,0.028,0.057,0.069,0.025,0.021,0.023,0.013,0.1,0.034,0.107
18,B2_2,0.417,0.006,0.053,0.007,0.002,0.002,0.005,0.185,0.049,0.093,0.024,0.017,0.011,0.075,0.021,0.033
18,B2_3,0.46,0.014,0.028,0.014,0.017,0.018,0.024,0.07,0.059,0.035,0.021,0.021,0.015,0.103,0.029,0.072
18,y1,0.595,0.041,0.092,0.026,0.016,0.016,0.015,0.017,0.015,0.009,0.046,0.019,0.021,0.031,0.018,0.023
18,y2,0.679,0.013,0.035,0.013,0.008,0.008,0.011,0.026,0.028,0.015,0.052,0.02,0.026,0.025,0.013,0.028
18,y3,0.672,0.022,0.046,0.018,0.013,0.019,0.018,0.014,0.015,0.012,0.041,0.02,0.025,0.021,0.018,0.027
20,.,0.14,0.058,0.018,0.036,0.028,0.017,0.026,0.029,0.029,0.013,0.065,0.037,0.081,0.058,0.114,0.25
20,A1_1,0.761,0.002,0.011,0.007,0.01,0.059,0.095,0.003,0.006,0.005,0.002,0.003,0.007,0.011,0.011,0.006
20,A1_2,0.413,0.009,0.014,0.024,0.063,0.115,0.195,0.014,0.031,0.011,0.013,0.008,0.021,0.021,0.028,0.021
20,A1_3,0.322,0.002,0.004,0.012,0.136,0.29,0.128,0.007,0.014,0.008,0.005,0.017,0.007,0.026,0.012,0.01
20,B1_1,0.478,0.023,0.08,0.05,0.041,0.043,0.035,0.02,0.02,0.022,0.005,0.018,0.011,0.063,0.048,0.045
20,B1_2,0.347,0.09,0.05,0.057,0.025,0.019,0.033,0.023,0.019,0.015,0.02,0.016,0.035,0.05,0.08,0.121
20,B1_3,0.721,0.011,0.121,0.018,0.007,0.014,0.022,0.007,0.011,0.008,0.003,0.006,0.012,0.014,0.017,0.008
20,A2_1,0.295,0.003,0.011,0.004,0.011,0.02,0.006,0.004,0.008,0.007,0.023,0.483,0.066,0.034,0.015,0.01
20,A2_2,0.655,0.01,0.017,0.006,0.004,0.021,0.024,0.002,0.004,0.002,0.023,0.033,0.153,0.012,0.022,0.011
20,A2_3,0.213,0.01,0.01,0.009,0.029,0.026,0.008,0.01,0.013,0.015,0.025,0.427,0.039,0.087,0.033,0.045
20,B2_1,0.114,0.009,0.018,0.023,0.034,0.016,0.024,0.121,0.221,0.072,0.027,0.021,0.016,0.058,0.059,0.165
20,B2_2,0.448,0.004,0.023,0.016,0.039,0.038,0.022,0.05,0.06,0.066,0.004,0.03,0.005,0.091,0.033,0.071
20,B2_3,0.19,0.01,0.022,0.026,0.029,0.018,0.028,0.111,0.163,0.058,0.023,0.013,0.019,0.051,0.061,0.178
20,y1,0.575,0.015,0.027,0.023,0.03,0.053,0.053,0.019,0.032,0.019,0.018,0.022,0.036,0.028,0.027,0.024
20,y2,0.296,0.045,0.038,0.056,0.059,0.042,0.068,0.046,0.072,0.026,0.04,0.019,0.043,0.034,0.052,0.064
20,y3,0.699,0.009,0.054,0.012,0.007,0.021,0.028,0.008,0.019,0.009,0.016,0.02,0.061,0.013,0.017,0.008
22,.,0.083,0.034,0.023,0.014,0.023,0.024,0.028,0.045,0.08,0.114,0.035,0.018,0.027,0.161,0.111,0.178
22,A1_1,0.277,0.007,0.013,0.011,0.047,0.241,0.249,0.007,0.016,0.015,0.01,0.015,0.04,0.022,0.02,0.01
22,A1_2,0.344,0.018,0.022,0.023,0.103,0.088,0.198,0.009,0.025,0.012,0.01,0.007,0.017,0.044,0.047,0.032
22,A1_3,0.53,0.04,0.026,0.029,0.066,0.048,0.095,0.006,0.006,0.004,0.013,0.009,0.027,0.036,0.033,0.033
22,B1_1,0.182,0.061,0.098,0.314,0.026,0.01,0.02,0.042,0.012,0.007,0.005,0.007,0.003,0.054,0.089,0.069
22,B1_2,0.285,0.128,0.069,0.093,0.009,0.007,0.008,0.194,0.017,0.014,0.015,0.008,0.016,0.042,0.041,0.054
22,B1_3,0.427,0.058,0.06,0.081,0.021,0.028,0.031,0.082,0.022,0.021,0.016,0.014,0.026,0.045,0.029,0.038
22,A2_1,0.097,0.005,0.002,0.001,0.004,0.025,0.014,0.004,0.003,0.005,0.063,0.051,0.703,0.012,0.006,0.006
22,A2_2,0.216,0.012,0.007,0.008,0.01,0.027,0.023,0.023,0.013,0.011,0.086,0.049,0.448,0.037,0.014,0.016
22,A2_3,0.149,0.015,0.008,0.009,0.009,0.029,0.019,0.02,0.013,0.016,0.11,0.071,0.425,0.057,0.021,0.027
22,B2_1,0.021,0.005,0.008,0.004,0.006,0.016,0.012,0.089,0.247,0.44,0.011,0.005,0.007,0.066,0.022,0.04
22,B2_2,0.021,0.005,0.011,0.015,0.001,0.003,0.002,0.719,0.082,0.08,0.008,0.006,0.008,0.022,0.008,0.01
22,B2_3,0.06,0.011,0.021,0.022,0.016,0.02,0.023,0.178,0.243,0.178,0.015,0.008,0.01,0.098,0.042,0.056
22,y1,0.502,0.078,0.038,0.037,0.016,0.02,0.022,0.09,0.018,0.016,0.025,0.011,0.046,0.034,0.019,0.03
22,y2,0.454,0.015,0.02,0.022,0.035,0.12,0.112,0.025,0.027,0.021,0.02,0.016,0.058,0.03,0.012,0.013
22,y3,0.419,0.023,0.034,0.046,0.029,0.084,0.078,0.05,0.039,0.035,0.021,0.018,0.043,0.041,0.019,0.021
24,.,0.098,0.035,0.037,0.033,0.035,0.031,0.026,0.042,0.019,0.031,0.015,0.032,0.072,0.092,0.209,0.192
24,A1_1,0.152,0.012,0.017,0.018,0.052,0.039,0.167,0.008,0.013,0.01,0.047,0.042,0.017,0.253,0.063,0.089
24,A1_2,0.216,0.024,0.025,0.025,0.114,0.109,0.103,0.012,0.019,0.013,0.017,0.029,0.013,0.158,0.053,0.069
24,A1_3,0.195,0.013,0.017,0.008,0.24,0.342,0.048,0.005,0.011,0.006,0.007,0.028,0.006,0.036,0.02,0.018
24,B1_1,0.043,0.435,0.118,0.332,0.001,0.001,0.003,0.002,0.001,0.001,0.001,0.004,0.003,0.02,0.018,0.015
24,B1_2,0.103,0.424,0.108,0.175,0.009,0.011,0.006,0.01,0.007,0.008,0.002,0.008,0.009,0.026,0.048,0.045
24,B1_3,0.223,0.255,0.06,0.065,0.027,0.019,0.018,0.02,0.017,0.021,0.014,0.015,0.022,0.041,0.079,0.106
24,A2_1,0.214,0.015,0.021,0.022,0.025,0.019,0.036,0.016,0.016,0.019,0.139,0.049,0.094,0.132,0.075,0.107
24,A2_2,0.143,0.014,0.022,0.013,0.031,0.019,0.049,0.011,0.007,0.011,0.089,0.064,0.157,0.087,0.134,0.149
24,A2_3,0.088,0.001,0.002,0.001,0.003,0.003,0.009,0.002,0.004,0.004,0.797,0.041,0.013,0.021,0.005,0.006
24,B2_1,0.127,0.015,0.012,0.018,0.023,0.013,0.011,0.147,0.109,0.188,0.011,0.006,0.032,0.082,0.07,0.137
24,B2_2,0.203,0.016,0.019,0.013,0.037,0.028,0.018,0.142,0.086,0.151,0.03,0.021,0.031,0.056,0.069,0.08
24,B2_3,0.144,0.019,0.023,0.027,0.02,0.016,0.012,0.2,0.094,0.161,0.012,0.012,0.029,0.078,0.068,0.085
24,y1,0.499,0.014,0.043,0.014,0.052,0.035,0.038,0.01,0.011,0.012,0.114,0.092,0.016,0.029,0.011,0.01
24,y2,0.487,0.045,0.061,0.041,0.032,0.026,0.015,0.031,0.026,0.032,0.044,0.034,0.037,0.038,0.025,0.027
24,y3,0.528,0.007,0.016,0.007,0.076,0.047,0.031,0.019,0.033,0.031,0.103,0.041,0.01,0.032,0.008,0.011
26,.,0.074,0.01,0.019,0.022,0.013,0.039,0.024,0.017,0.023,0.02,0.023,0.104,0.066,0.331,0.152,0.065
26,A1_1,0.037,0.001,0.008,0.003,0.017,0.034,0.828,0.002,0.003,0.004,0.002,0.002,0.026,0.01,0.015,0.007
26,A1_2,0.145,0.008,0.041,0.013,0.075,0.037,0.385,0.012,0.013,0.014,0.009,0.007,0.02,0.028,0.052,0.14
26,A1_3,0.489,0.009,0.028,0.005,0.153,0.032,0.095,0.018,0.014,0.012,0.017,0.014,0.009,0.014,0.034,0.057
26,B1_1,0.212,0.069,0.443,0.085,0.015,0.014,0.031,0.004,0.004,0.007,0.009,0.011,0.008,0.015,0.038,0.034
26,B1_2,0.175,0.23,0.101,0.252,0.008,0.013,0.013,0.011,0.012,0.024,0.012,0.02,0.017,0.025,0.02,0.067
26,B1_3,0.176,0.243,0.081,0.206,0.01,0.015,0.007,0.016,0.02,0.032,0.013,0.029,0.013,0.043,0.028,0.068
26,A2_1,0.07,0.007,0.011,0.013,0.01,0.025,0.013,0.016,0.014,0.011,0.023,0.187,0.077,0.362,0.115,0.047
26,A2_2,0.274,0.008,0.026,0.015,0.021,0.044,0.043,0.022,0.019,0.017,0.054,0.128,0.078,0.1,0.091,0.06
26,A2_3,0.398,0.017,0.033,0.022,0.017,0.021,0.015,0.017,0.01,0.01,0.067,0.159,0.058,0.055,0.049,0.052
26,B2_1,0.172,0.018,0.021,0.019,0.026,0.065,0.042,0.032,0.119,0.059,0.022,0.02,0.016,0.13,0.147,0.092
26,B2_2,0.099,0.014,0.005,0.021,0.01,0.011,0.004,0.046,0.054,0.032,0.038,0.038,0.013,0.069,0.039,0.506
26,B2_3,0.202,0.027,0.021,0.023,0.035,0.053,0.042,0.042,0.114,0.059,0.018,0.019,0.014,0.106,0.1,0.125
26,y1,0.553,0.036,0.057,0.031,0.022,0.027,0.032,0.018,0.014,0.016,0.029,0.055,0.031,0.023,0.028,0.028
26,y2,0.577,0.033,0.012,0.018,0.02,0.017,0.012,0.042,0.032,0.02,0.035,0.067,0.023,0.027,0.019,0.046
26,y3,0.434,0.032,0.031,0.036,0.02,0.042,0.107,0.021,0.019,0.022,0.026,0.048,0.077,0.03,0.027,0.029
28,.,0.187,0.035,0.051,0.031,0.026,0.03,0.015,0.056,0.071,0.087,0.032,0.032,0.035,0.133,0.103,0.077
28,A1_1,0.086,0.009,0.003,0.009,0.238,0.111,0.328,0.011,0.009,0.008,0.011,0.006,0.013,0.034,0.103,0.023
28,A1_2,0.287,0.015,0.012,0.009,0.115,0.115,0.086,0.026,0.054,0.055,0.019,0.013,0.014,0.054,0.062,0.063
28,A1_3,0.141,0.018,0.016,0.018,0.344,0.127,0.071,0.013,0.01,0.009,0.01,0.006,0.021,0.108,0.044,0.044
28,B1_1,0.061,0.051,0.197,0.406,0.017,0.012,0.013,0.017,0.006,0.007,0.008,0.011,0.013,0.085,0.041,0.057
28,B1_2,0.083,0.346,0.146,0.179,0.018,0.01,0.01,0.041,0.008,0.008,0.01,0.011,0.015,0.052,0.023,0.042
28,B1_3,0.105,0.074,0.364,0.182,0.012,0.01,0.004,0.019,0.009,0.011,0.009,0.014,0.011,0.069,0.017,0.091
28,A2_1,0.278,0.015,0.021,0.023,0.065,0.042,0.029,0.028,0.035,0.025,0.07,0.085,0.056,0.065,0.119,0.044
28,A2_2,0.162,0.021,0.018,0.012,0.035,0.031,0.014,0.018,0.014,0.025,0.149,0.154,0.123,0.053,0.137,0.035
28,A2_3,0.068,0.002,0.004,0.003,0.006,0.005,0.004,0.004,0.004,0.009,0.234,0.438,0.083,0.013,0.106,0.016
28,B2_1,0.226,0.005,0.006,0.006,0.025,0.029,0.029,0.04,0.256,0.086,0.027,0.023,0.017,0.038,0.153,0.033
28,B2_2,0.308,0.009,0.024,0.016,0.014,0.03,0.012,0.051,0.196,0.145,0.019,0.021,0.011,0.051,0.049,0.045
28,B2_3,0.292,0.014,0.029,0.017,0.014,0.023,0.008,0.065,0.268,0.108,0.011,0.012,0.009,0.054,0.036,0.039
28,y1,0.466,0.036,0.028,0.017,0.037,0.059,0.019,0.037,0.042,0.045,0.05,0.05,0.028,0.026,0.031,0.03
28,y2,0.316,0.013,0.011,0.017,0.119,0.084,0.074,0.02,0.025,0.018,0.054,0.051,0.038,0.037,0.09,0.032
28,y3,0.399,0.009,0.016,0.004,0.012,0.046,0.006,0.042,0.174,0.184,0.019,0.016,0.01,0.024,0.017,0.021
30,.,0.165,0.04,0.037,0.045,0.015,0.033,0.022,0.043,0.035,0.057,0.01,0.032,0.024,0.12,0.218,0.105
30,A1_1,0.08,0.013,0.008,0.013,0.057,0.215,0.091,0.012,0.009,0.016,0.007,0.019,0.012,0.081,0.319,0.047
30,A1_2,0.082,0.004,0.004,0.004,0.262,0.057,0.402,0.009,0.012,0.011,0.008,0.006,0.005,0.036,0.083,0.015
30,A1_3,0.095,0.01,0.008,0.01,0.038,0.217,0.053,0.011,0.006,0.018,0.006,0.026,0.018,0.064,0.392,0.028
30,B1_1,0.224,0.148,0.093,0.128,0.013,0.016,0.011,0.034,0.02,0.019,0.014,0.011,0.01,0.088,0.086,0.086
30,B1_2,0.356,0.082,0.06,0.04,0.036,0.017,0.035,0.041,0.024,0.023,0.024,0.014,0.019,0.077,0.093,0.059
30,B1_3,0.091,0.419,0.13,0.163,0.009,0.005,0.005,0.019,0.017,0.008,0.007,0.006,0.003,0.033,0.016,0.068
30,A2_1,0.18,0.015,0.015,0.007,0.021,0.026,0.023,0.022,0.011,0.02,0.076,0.115,0.231,0.055,0.135,0.048
30,A2_2,0.239,0.021,0.019,0.009,0.021,0.012,0.017,0.025,0.013,0.01,0.243,0.072,0.187,0.025,0.039,0.047
30,A2_3,0.266,0.024,0.027,0.02,0.027,0.032,0.029,0.033,0.037,0.068,0.027,0.063,0.065,0.065,0.161,0.056
30,B2_1,0.206,0.019,0.023,0.028,0.027,0.007,0.049,0.082,0.263,0.109,0.013,0.009,0.006,0.037,0.033,0.091
30,B2_2,0.307,0.025,0.025,0.016,0.025,0.043,0.036,0.055,0.043,0.071,0.019,0.04,0.036,0.046,0.16,0.053
30,B2_3,0.283,0.026,0.028,0.022,0.015,0.009,0.03,0.142,0.13,0.065,0.017,0.015,0.018,0.041,0.054,0.105
30,y1,0.351,0.082,0.057,0.033,0.059,0.01,0.045,0.047,0.058,0.031,0.053,0.025,0.028,0.034,0.033,0.056
30,y2,0.273,0.04,0.034,0.044,0.101,0.028,0.097,0.041,0.063,0.044,0.022,0.017,0.012,0.053,0.074,0.057
30,y3,0.392,0.063,0.048,0.026,0.029,0.014,0.026,0.064,0.054,0.038,0.047,0.032,0.039,0.026,0.045,0.056
32,.,0.059,0.033,0.017,0.03,0.038,0.028,0.016,0.017,0.021,0.052,0.018,0.01,0.009,0.271,0.203,0.177
32,A1_1,0.115,0.011,0.018,0.016,0.12,0.129,0.113,0.017,0.006,0.014,0.014,0.028,0.016,0.053,0.168,0.165
32,A1_2,0.104,0.005,0.006,0.01,0.219,0.087,0.096,0.017,0.014,0.02,0.014,0.027,0.011,0.111,0.144,0.114
32,A1_3,0.089,0.01,0.024,0.016,0.061,0.073,0.059,0.015,0.015,0.029,0.012,0.015,0.007,0.07,0.198,0.305
32,B1_1,0.074,0.086,0.038,0.052,0.017,0.018,0.008,0.01,0.015,0.04,0.01,0.006,0.006,0.166,0.23,0.224
32,B1_2,0.192,0.196,0.049,0.138,0.032,0.034,0.015,0.015,0.006,0.015,0.009,0.01,0.022,0.126,0.089,0.052
32,B1_3,0.098,0.263,0.048,0.105,0.014,0.019,0.007,0.007,0.005,0.015,0.012,0.005,0.013,0.117,0.172,0.099
32,A2_1,0.262,0.017,0.01,0.019,0.078,0.042,0.043,0.02,0.015,0.02,0.056,0.083,0.038,0.108,0.097,0.093
32,A2_2,0.597,0.062,0.013,0.036,0.022,0.013,0.012,0.013,0.007,0.009,0.033,0.042,0.045,0.047,0.028,0.02
32,A2_3,0.386,0.011,0.009,0.008,0.011,0.012,0.018,0.019,0.011,0.016,0.146,0.189,0.057,0.028,0.023,0.056
32,B2_1,0.202,0.011,0.013,0.009,0.017,0.016,0.014,0.059,0.101,0.185,0.029,0.025,0.011,0.118,0.08,0.108
32,B2_2,0.307,0.034,0.01,0.021,0.047,0.021,0.019,0.033,0.044,0.073,0.021,0.016,0.014,0.158,0.12,0.062
32,B2_3,0.201,0.014,0.02,0.015,0.021,0.019,0.018,0.051,0.075,0.14,0.025,0.036,0.013,0.129,0.073,0.151
32,y1,0.697,0.017,0.011,0.012,0.014,0.012,0.015,0.023,0.014,0.017,0.025,0.058,0.031,0.02,0.015,0.02
32,y2,0.558,0.149,0.02,0.053,0.014,0.013,0.009,0.013,0.004,0.008,0.017,0.021,0.038,0.034,0.033,0.015
32,y3,0.497,0.019,0.027,0.018,0.018,0.033,0.033,0.037,0.009,0.016,0.039,0.107,0.062,0.022,0.021,0.043
34,.,0.124,0.018,0.034,0.035,0.02,0.016,0.029,0.051,0.087,0.03,0.073,0.029,0.026,0.188,0.104,0.135
34,A1_1,0.096,0.021,0.016,0.016,0.144,0.077,0.12,0.023,0.021,0.015,0.019,0.048,0.046,0.173,0.08,0.086
34,A1_2,0.058,0.02,0.022,0.013,0.317,0.068,0.195,0.013,0.036,0.007,0.004,0.033,0.02,0.113,0.02,0.06
34,A1_3,0.033,0.006,0.007,0.009,0.195,0.06,0.157,0.019,0.059,0.012,0.013,0.021,0.017,0.305,0.023,0.063
34,B1_1,0.059,0.042,0.296,0.263,0.007,0.003,0.015,0.043,0.04,0.005,0.009,0.017,0.015,0.036,0.085,0.067
34,B1_2,0.282,0.059,0.098,0.063,0.054,0.023,0.032,0.059,0.029,0.019,0.012,0.017,0.011,0.034,0.049,0.159
34,B1_3,0.218,0.092,0.137,0.078,0.013,0.011,0.019,0.037,0.032,0.023,0.008,0.01,0.012,0.031,0.201,0.078
34,A2_1,0.063,0.005,0.004,0.006,0.012,0.008,0.014,0.004,0.008,0.002,0.076,0.538,0.208,0.026,0.011,0.013
34,A2_2,0.533,0.03,0.013,0.012,0.017,0.025,0.01,0.015,0.009,0.027,0.075,0.052,0.041,0.018,0.072,0.05
34,A2_3,0.198,0.008,0.008,0.01,0.018,0.02,0.014,0.02,0.016,0.019,0.299,0.094,0.061,0.079,0.039,0.097
34,B2_1,0.074,0.012,0.011,0.015,0.005,0.008,0.014,0.025,0.192,0.069,0.053,0.008,0.015,0.24,0.205,0.054
34,B2_2,0.234,0.026,0.028,0.013,0.02,0.02,0.018,0.096,0.043,0.035,0.03,0.016,0.01,0.089,0.074,0.247
34,B2_3,0.041,0.015,0.043,0.048,0.006,0.003,0.017,0.035,0.593,0.018,0.008,0.009,0.008,0.092,0.036,0.029
34,y1,0.478,0.058,0.044,0.029,0.057,0.032,0.028,0.03,0.024,0.021,0.016,0.034,0.019,0.019,0.036,0.075
34,y2,0.241,0.055,0.088,0.091,0.023,0.011,0.03,0.045,0.149,0.02,0.019,0.061,0.036,0.039,0.048,0.046
34,y3,0.39,0.052,0.049,0.042,0.079,0.03,0.041,0.037,0.035,0.013,0.015,0.084,0.034,0.02,0.02,0.058
36,.,0.146,0.013,0.032,0.065,0.02,0.036,0.02,0.075,0.044,0.042,0.038,0.082,0.017,0.146,0.119,0.103
36,A1_1,0.441,0.027,0.016,0.007,0.101,0.055,0.186,0.024,0.013,0.023,0.009,0.006,0.013,0.018,0.017,0.045
36,A1_2,0.192,0.011,0.007,0.007,0.162,0.115,0.295,0.023,0.015,0.008,0.021,0.012,0.022,0.039,0.034,0.035
36,A1_3,0.069,0.007,0.002,0.011,0.116,0.617,0.061,0.01,0.005,0.005,0.006,0.016,0.014,0.026,0.024,0.011
36,B1_1,0.189,0.067,0.332,0.12,0.005,0.002,0.013,0.012,0.006,0.034,0.019,0.012,0.006,0.024,0.036,0.123
36,B1_2,0.111,0.086,0.087,0.243,0.01,0.017,0.012,0.012,0.019,0.018,0.018,0.024,0.019,0.108,0.131,0.084
36,B1_3,0.36,0.08,0.137,0.092,0.016,0.012,0.029,0.02,0.011,0.058,0.017,0.018,0.011,0.026,0.032,0.079
36,A2_1,0.085,0.011,0.011,0.043,0.028,0.145,0.02,0.033,0.021,0.017,0.068,0.189,0.049,0.117,0.122,0.041
36,A2_2,0.08,0.016,0.01,0.013,0.018,0.04,0.02,0.007,0.012,0.009,0.25,0.125,0.182,0.066,0.111,0.04
36,A2_3,0.156,0.013,0.021,0.011,0.011,0.013,0.022,0.02,0.014,0.026,0.337,0.153,0.079,0.03,0.048,0.046
36,B2_1,0.379,0.014,0.021,0.021,0.013,0.008,0.015,0.061,0.053,0.216,0.019,0.027,0.011,0.039,0.03,0.076
36,B2_2,0.302,0.007,0.02,0.015,0.007,0.005,0.015,0.272,0.102,0.096,0.011,0.026,0.004,0.045,0.02,0.052
36,B2_3,0.435,0.027,0.02,0.017,0.015,0.005,0.032,0.073,0.131,0.069,0.01,0.009,0.011,0.061,0.029,0.057
36,y1,0.453,0.068,0.095,0.043,0.01,0.007,0.023,0.027,0.017,0.069,0.035,0.031,0.022,0.023,0.024,0.053
36,y2,0.476,0.031,0.031,0.011,0.031,0.023,0.075,0.032,0.017,0.039,0.067,0.044,0.044,0.022,0.021,0.037
36,y3,0.352,0.019,0.011,0.018,0.058,0.098,0.073,0.079,0.05,0.035,0.023,0.041,0.027,0.056,0.032,0.027
38,.,0.131,0.009,0.016,0.021,0.034,0.027,0.035,0.021,0.044,0.037,0.038,0.04,0.064,0.183,0.142,0.158
38,A1_1,0.177,0.034,0.008,0.025,0.082,0.396,0.131,0.016,0.004,0.017,0.011,0.022,0.013,0.021,0.024,0.019
38,A1_2,0.066,0.009,0.006,0.01,0.186,0.125,0.377,0.006,0.013,0.014,0.008,0.02,0.009,0.091,0.036,0.022
38,A1_3,0.155,0.021,0.021,0.029,0.106,0.081,0.18,0.017,0.022,0.03,0.014,0.024,0.015,0.097,0.135,0.053
38,B1_1,0.11,0.028,0.112,0.104,0.014,0.01,0.015,0.017,0.018,0.016,0.053,0.007,0.023,0.15,0.114,0.209
38,B1_2,0.312,0.154,0.072,0.122,0.008,0.016,0.01,0.047,0.008,0.031,0.011,0.016,0.027,0.061,0.065,0.041
38,B1_3,0.112,0.056,0.1,0.083,0.018,0.009,0.027,0.012,0.014,0.015,0.019,0.013,0.036,0.352,0.065,0.068
38,A2_1,0.123,0.005,0.012,0.016,0.032,0.012,0.028,0.01,0.039,0.02,0.062,0.096,0.116,0.177,0.144,0.108
38,A2_2,0.137,0.007,0.018,0.029,0.012,0.012,0.008,0.01,0.014,0.011,0.158,0.07,0.202,0.091,0.08,0.142
38,A2_3,0.157,0.008,0.01,0.014,0.018,0.01,0.015,0.013,0.035,0.027,0.049,0.093,0.203,0.178,0.078,0.091
38,B2_1,0.355,0.019,0.01,0.017,0.017,0.01,0.019,0.059,0.076,0.129,0.01,0.032,0.015,0.041,0.144,0.047
38,B2_2,0.165,0.011,0.02,0.019,0.017,0.007,0.019,0.033,0.087,0.072,0.02,0.023,0.031,0.157,0.193,0.126
38,B2_3,0.472,0.113,0.023,0.058,0.012,0.031,0.016,0.071,0.011,0.064,0.007,0.018,0.011,0.019,0.049,0.023
38,y1,0.458,0.092,0.026,0.055,0.013,0.019,0.016,0.048,0.015,0.053,0.012,0.034,0.033,0.042,0.055,0.029
38,y2,0.397,0.068,0.021,0.055,0.041,0.053,0.05,0.025,0.013,0.032,0.024,0.053,0.041,0.05,0.043,0.033
38,y3,0.499,0.06,0.02,0.049,0.013,0.015,0.014,0.034,0.014,0.039,0.023,0.063,0.048,0.035,0.051,0.025
40,.,0.11,0.024,0.097,0.063,0.048,0.039,0.1,0.029,0.014,0.019,0.014,0.016,0.023,0.071,0.235,0.099
40,A1_1,0.07,0.014,0.019,0.013,0.127,0.168,0.2,0.015,0.012,0.025,0.009,0.016,0.028,0.043,0.12,0.121
40,A1_2,0.087,0.006,0.01,0.015,0.27,0.086,0.365,0.017,0.004,0.008,0.004,0.005,0.009,0.013,0.073,0.027
40,A1_3,0.132,0.018,0.017,0.017,0.185,0.194,0.093,0.017,0.011,0.024,0.021,0.016,0.042,0.059,0.075,0.079
40,B1_1,0.293,0.095,0.28,0.095,0.016,0.005,0.026,0.037,0.015,0.015,0.015,0.009,0.006,0.02,0.045,0.028
40,B1_2,0.188,0.111,0.221,0.04,0.016,0.02,0.015,0.034,0.023,0.043,0.031,0.016,0.017,0.076,0.045,0.104
40,B1_3,0.16,0.103,0.283,0.065,0.03,0.028,0.023,0.021,0.01,0.024,0.029,0.014,0.015,0.065,0.049,0.081
40,A2_1,0.083,0.013,0.006,0.017,0.025,0.061,0.017,0.008,0.022,0.014,0.118,0.067,0.334,0.044,0.114,0.056
40,A2_2,0.047,0.007,0.004,0.008,0.008,0.021,0.003,0.008,0.005,0.006,0.302,0.039,0.433,0.049,0.037,0.024
40,A2_3,0.133,0.021,0.017,0.024,0.012,0.017,0.005,0.024,0.009,0.009,0.34,0.029,0.196,0.081,0.047,0.035
40,B2_1,0.372,0.029,0.017,0.008,0.009,0.007,0.013,0.123,0.219,0.067,0.019,0.013,0.014,0.026,0.022,0.041
40,B2_2,0.302,0.053,0.059,0.013,0.018,0.02,0.017,0.101,0.059,0.065,0.045,0.017,0.027,0.076,0.036,0.093
40,B2_3,0.362,0.018,0.03,0.01,0.014,0.005,0.036,0.301,0.066,0.035,0.014,0.006,0.008,0.028,0.033,0.033
40,y1,0.387,0.04,0.042,0.055,0.049,0.022,0.031,0.052,0.025,0.019,0.073,0.023,0.05,0.038,0.061,0.032
40,y2,0.242,0.132,0.049,0.013,0.019,0.031,0.004,0.018,0.014,0.032,0.234,0.033,0.087,0.038,0.008,0.046
40,y3,0.27,0.082,0.032,0.023,0.015,0.022,0.004,0.025,0.024,0.028,0.228,0.036,0.109,0.046,0.018,0.039
42,.,0.141,0.024,0.049,0.054,0.015,0.018,0.012,0.024,0.064,0.018,0.083,0.028,0.072,0.154,0.106,0.138
42,A1_1,0.124,0.026,0.043,0.014,0.1,0.185,0.196,0.019,0.009,0.005,0.008,0.022,0.009,0.041,0.137,0.063
42,A1_2,0.025,0.006,0.01,0.002,0.074,0.023,0.799,0.008,0.001,0.002,0.001,0.002,0.005,0.006,0.026,0.011
42,A1_3,0.146,0.012,0.013,0.005,0.156,0.175,0.158,0.015,0.013,0.007,0.019,0.018,0.014,0.04,0.14,0.07
42,B1_1,0.094,0.072,0.423,0.251,0.003,0.006,0.02,0.02,0.02,0.004,0.005,0.006,0.011,0.024,0.021,0.019
42,B1_2,0.252,0.263,0.115,0.098,0.006,0.005,0.04,0.06,0.008,0.012,0.012,0.016,0.05,0.018,0.021,0.022
42,B1_3,0.267,0.165,0.136,0.067,0.014,0.021,0.03,0.037,0.023,0.015,0.022,0.021,0.024,0.037,0.069,0.052
42,A2_1,0.209,0.008,0.01,0.017,0.007,0.006,0.009,0.012,0.013,0.005,0.104,0.03,0.485,0.038,0.017,0.031
42,A2_2,0.179,0.008,0.007,0.012,0.005,0.003,0.004,0.008,0.022,0.009,0.215,0.016,0.434,0.032,0.015,0.032
42,A2_3,0.19,0.004,0.005,0.007,0.01,0.014,0.002,0.003,0.032,0.006,0.392,0.02,0.188,0.04,0.032,0.056
42,B2_1,0.151,0.009,0.019,0.013,0.012,0.01,0.007,0.043,0.316,0.068,0.022,0.013,0.022,0.127,0.099,0.07
42,B2_2,0.214,0.042,0.045,0.038,0.019,0.011,0.052,0.117,0.057,0.045,0.018,0.022,0.063,0.112,0.078,0.068
42,B2_3,0.162,0.013,0.019,0.009,0.019,0.015,0.012,0.045,0.196,0.071,0.027,0.018,0.03,0.125,0.146,0.093
42,y1,0.512,0.014,0.04,0.022,0.014,0.017,0.018,0.018,0.085,0.014,0.05,0.014,0.099,0.028,0.03,0.025
42,y2,0.653,0.019,0.036,0.012,0.018,0.021,0.063,0.023,0.021,0.007,0.018,0.01,0.061,0.011,0.016,0.01
42,y3,0.443,0.04,0.063,0.024,0.023,0.014,0.095,0.043,0.035,0.018,0.021,0.013,0.087,0.023,0.035,0.023
44,.,0.104,0.013,0.036,0.041,0.024,0.041,0.031,0.027,0.075,0.059,0.015,0.009,0.049,0.151,0.243,0.079
44,A1_1,0.267,0.024,0.007,0.025,0.066,0.056,0.245,0.015,0.025,0.026,0.017,0.008,0.015,0.087,0.053,0.064
44,A1_2,0.369,0.009,0.019,0.014,0.057,0.057,0.047,0.032,0.032,0.044,0.015,0.019,0.027,0.068,0.125,0.066
44,A1_3,0.162,0.006,0.003,0.008,0.206,0.228,0.063,0.008,0.016,0.016,0.009,0.018,0.073,0.036,0.078,0.07
44,B1_1,0.018,0.009,0.79,0.091,0.0,0.002,0.002,0.004,0.004,0.003,0.002,0.002,0.008,0.037,0.024,0.006
44,B1_2,0.129,0.401,0.072,0.168,0.005,0.013,0.014,0.021,0.011,0.034,0.008,0.006,0.007,0.071,0.019,0.022
44,B1_3,0.121,0.091,0.195,0.179,0.008,0.023,0.023,0.019,0.022,0.025,0.013,0.011,0.034,0.132,0.062,0.041
44,A2_1,0.335,0.024,0.028,0.019,0.027,0.045,0.014,0.026,0.014,0.021,0.089,0.081,0.071,0.063,0.076,0.069
44,A2_2,0.278,0.016,0.011,0.011,0.016,0.014,0.01,0.02,0.013,0.014,0.393,0.035,0.036,0.042,0.037,0.053
44,A2_3,0.316,0.011,0.012,0.007,0.021,0.025,0.009,0.017,0.011,0.011,0.271,0.102,0.075,0.032,0.04,0.041
44,B2_1,0.153,0.008,0.015,0.012,0.015,0.018,0.012,0.072,0.181,0.187,0.015,0.007,0.02,0.073,0.176,0.034
44,B2_2,0.281,0.039,0.018,0.018,0.008,0.011,0.009,0.125,0.092,0.238,0.013,0.008,0.008,0.056,0.052,0.024
44,B2_3,0.386,0.017,0.004,0.005,0.025,0.021,0.012,0.092,0.1,0.213,0.015,0.011,0.01,0.026,0.044,0.018
44,y1,0.446,0.034,0.057,0.025,0.021,0.036,0.011,0.039,0.025,0.035,0.04,0.056,0.057,0.042,0.047,0.029
44,y2,0.467,0.026,0.019,0.015,0.051,0.08,0.018,0.025,0.018,0.026,0.026,0.067,0.072,0.028,0.035,0.029
44,y3,0.357,0.011,0.025,0.015,0.056,0.084,0.02,0.02,0.029,0.02,0.034,0.061,0.16,0.032,0.047,0.031
46,.,0.15,0.028,0.045,0.034,0.023,0.032,0.02,0.031,0.025,0.035,0.024,0.043,0.045,0.128,0.208,0.128
46,A1_1,0.153,0.009,0.028,0.016,0.16,0.174,0.266,0.004,0.008,0.015,0.004,0.027,0.014,0.064,0.034,0.024
46,A1_2,0.301,0.007,0.007,0.018,0.318,0.043,0.179,0.011,0.006,0.011,0.005,0.017,0.019,0.031,0.013,0.013
46,A1_3,0.296,0.005,0.005,0.014,0.269,0.038,0.09,0.029,0.016,0.026,0.016,0.023,0.037,0.072,0.029,0.035
46,B1_1,0.195,0.043,0.294,0.174,0.019,0.018,0.018,0.02,0.012,0.01,0.013,0.015,0.017,0.049,0.06,0.044
46,B1_2,0.156,0.037,0.262,0.169,0.01,0.013,0.008,0.038,0.016,0.019,0.012,0.012,0.011,0.05,0.12,0.067
46,B1_3,0.067,0.047,0.621,0.099,0.003,0.013,0.008,0.005,0.007,0.005,0.005,0.01,0.007,0.027,0.045,0.031
46,A2_1,0.256,0.017,0.011,0.018,0.027,0.018,0.012,0.008,0.013,0.012,0.113,0.095,0.254,0.034,0.052,0.06
46,A2_2,0.224,0.016,0.017,0.015,0.016,0.018,0.009,0.019,0.036,0.016,0.246,0.038,0.107,0.073,0.055,0.095
46,A2_3,0.168,0.011,0.021,0.02,0.02,0.014,0.007,0.033,0.044,0.02,0.193,0.029,0.094,0.142,0.065,0.122
46,B2_1,0.105,0.004,0.015,0.005,0.003,0.01,0.003,0.093,0.211,0.16,0.034,0.007,0.008,0.073,0.099,0.171
46,B2_2,0.41,0.015,0.01,0.028,0.05,0.005,0.018,0.22,0.039,0.049,0.012,0.006,0.011,0.046,0.03,0.05
46,B2_3,0.139,0.017,0.045,0.024,0.008,0.013,0.007,0.113,0.084,0.073,0.025,0.01,0.011,0.117,0.16,0.155
46,y1,0.616,0.02,0.072,0.04,0.018,0.015,0.018,0.015,0.031,0.019,0.044,0.018,0.023,0.012,0.013,0.029
46,y2,0.427,0.027,0.03,0.025,0.022,0.018,0.017,0.018,0.033,0.017,0.123,0.037,0.078,0.036,0.031,0.061
46,y3,0.602,0.013,0.022,0.025,0.039,0.028,0.032,0.013,0.022,0.034,0.026,0.038,0.036,0.012,0.026,0.033
48,.,0.105,0.038,0.083,0.05,0.072,0.036,0.021,0.026,0.05,0.022,0.018,0.043,0.024,0.186,0.129,0.096
48,A1_1,0.152,0.008,0.006,0.008,0.167,0.08,0.267,0.016,0.017,0.017,0.019,0.02,0.013,0.073,0.104,0.034
48,A1_2,0.049,0.008,0.008,0.008,0.351,0.038,0.088,0.011,0.043,0.016,0.004,0.012,0.004,0.067,0.268,0.027
48,A1_3,0.137,0.01,0.013,0.021,0.225,0.236,0.063,0.009,0.006,0.006,0.015,0.047,0.021,0.104,0.046,0.04
48,B1_1,0.137,0.028,0.177,0.227,0.018,0.019,0.005,0.018,0.012,0.012,0.01,0.013,0.018,0.166,0.045,0.094
48,B1_2,0.329,0.024,0.067,0.191,0.026,0.028,0.01,0.034,0.019,0.024,0.007,0.013,0.02,0.086,0.059,0.063
48,B1_3,0.39,0.039,0.111,0.146,0.014,0.024,0.014,0.023,0.01,0.011,0.014,0.011,0.026,0.082,0.025,0.059
48,A2_1,0.315,0.014,0.012,0.022,0.019,0.093,0.027,0.017,0.008,0.012,0.107,0.152,0.091,0.056,0.016,0.039
48,A2_2,0.088,0.01,0.012,0.009,0.007,0.015,0.032,0.028,0.015,0.02,0.391,0.097,0.052,0.111,0.032,0.081
48,A2_3,0.086,0.021,0.015,0.007,0.024,0.024,0.041,0.019,0.028,0.014,0.231,0.219,0.049,0.108,0.053,0.059
48,B2_1,0.091,0.008,0.011,0.025,0.022,0.003,0.018,0.048,0.195,0.118,0.005,0.006,0.005,0.041,0.366,0.036
48,B2_2,0.12,0.011,0.012,0.024,0.012,0.003,0.014,0.094,0.21,0.121,0.007,0.008,0.009,0.04,0.269,0.045
48,B2_3,0.222,0.026,0.022,0.027,0.023,0.007,0.025,0.055,0.224,0.075,0.008,0.013,0.012,0.034,0.193,0.033
48,y1,0.565,0.013,0.008,0.018,0.04,0.086,0.097,0.013,0.009,0.015,0.035,0.023,0.023,0.021,0.017,0.016
48,y2,0.76,0.013,0.01,0.042,0.008,0.023,0.02,0.018,0.009,0.017,0.014,0.011,0.02,0.011,0.011,0.012
48,y3,0.46,0.017,0.019,0.052,0.067,0.107,0.039,0.017,0.015,0.021,0.019,0.034,0.027,0.042,0.036,0.029
50,.,0.141,0.038,0.023,0.03,0.043,0.062,0.049,0.077,0.033,0.043,0.02,0.053,0.042,0.115,0.146,0.085
50,A1_1,0.203,0.004,0.01,0.009,0.191,0.157,0.142,0.019,0.018,0.012,0.016,0.025,0.025,0.102,0.042,0.026
50,A1_2,0.132,0.003,0.02,0.012,0.186,0.073,0.141,0.016,0.018,0.014,0.014,0.014,0.017,0.197,0.061,0.083
50,A1_3,0.32,0.005,0.024,0.014,0.193,0.086,0.109,0.014,0.017,0.014,0.015,0.037,0.02,0.069,0.034,0.029
50,B1_1,0.095,0.243,0.194,0.158,0.014,0.016,0.011,0.015,0.019,0.025,0.007,0.01,0.013,0.028,0.072,0.079
50,B1_2,0.154,0.133,0.07,0.086,0.02,0.028,0.014,0.039,0.042,0.042,0.017,0.019,0.025,0.067,0.126,0.118
50,B1_3,0.143,0.132,0.087,0.097,0.025,0.031,0.016,0.03,0.034,0.033,0.015,0.02,0.024,0.065,0.127,0.124
50,A2_1,0.101,0.005,0.003,0.004,0.008,0.003,0.011,0.017,0.002,0.012,0.021,0.711,0.061,0.012,0.021,0.008
