,,.,A1_1,A1_2,A1_3,B1_1,B1_2,B1_3,A2_1,A2_2,A2_3,B2_1,B2_2,B2_3,y1,y2,y3
2,.,1.0,-0.166,0.168,-0.06,-0.263,-0.015,0.185,-0.153,0.036,0.025,0.194,0.001,0.393,-0.664,-0.703,-0.746
2,A1_1,-0.166,1.0,0.792,0.733,-0.537,-0.548,-0.47,-0.133,-0.384,-0.179,0.147,-0.172,-0.132,0.355,0.236,0.155
2,A1_2,0.168,0.792,1.0,0.879,-0.253,-0.215,-0.36,-0.296,-0.576,-0.454,0.033,-0.182,-0.083,0.056,0.105,-0.36
2,A1_3,-0.06,0.733,0.879,1.0,-0.237,-0.184,-0.468,-0.075,-0.299,-0.34,-0.339,-0.213,-0.22,0.38,0.424,-0.073
2,B1_1,-0.263,-0.537,-0.253,-0.237,1.0,0.712,0.599,-0.014,-0.282,-0.114,-0.335,-0.234,-0.53,-0.055,0.184,-0.25
2,B1_2,-0.015,-0.548,-0.215,-0.184,0.712,1.0,0.622,-0.281,-0.116,-0.473,-0.528,0.277,-0.273,0.162,0.345,-0.469
2,B1_3,0.185,-0.47,-0.36,-0.468,0.599,0.622,1.0,0.155,0.058,0.203,-0.284,-0.297,-0.558,-0.065,-0.151,-0.473
2,A2_1,-0.153,-0.133,-0.296,-0.075,-0.014,-0.281,0.155,1.0,0.74,0.848,-0.256,-0.674,-0.426,0.127,-0.154,0.337
2,A2_2,0.036,-0.384,-0.576,-0.299,-0.282,-0.116,0.058,0.74,1.0,0.646,-0.304,-0.07,0.038,0.183,-0.089,0.357
2,A2_3,0.025,-0.179,-0.454,-0.34,-0.114,-0.473,0.203,0.848,0.646,1.0,0.011,-0.654,-0.27,-0.12,-0.404,0.361
2,B2_1,0.194,0.147,0.033,-0.339,-0.335,-0.528,-0.284,-0.256,-0.304,0.011,1.0,0.164,0.593,-0.651,-0.664,-0.011
2,B2_2,0.001,-0.172,-0.182,-0.213,-0.234,0.277,-0.297,-0.674,-0.07,-0.654,0.164,1.0,0.697,0.079,0.228,0.041
2,B2_3,0.393,-0.132,-0.083,-0.22,-0.53,-0.273,-0.558,-0.426,0.038,-0.27,0.593,0.697,1.0,-0.487,-0.394,-0.018
2,y1,-0.664,0.355,0.056,0.38,-0.055,0.162,-0.065,0.127,0.183,-0.12,-0.651,0.079,-0.487,1.0,0.897,0.502
2,y2,-0.703,0.236,0.105,0.424,0.184,0.345,-0.151,-0.154,-0.089,-0.404,-0.664,0.228,-0.394,0.897,1.0,0.414
2,y3,-0.746,0.155,-0.36,-0.073,-0.25,-0.469,-0.473,0.337,0.357,0.361,-0.011,0.041,-0.018,0.502,0.414,1.0
4,.,1.0,0.008,-0.129,-0.309,-0.069,-0.399,-0.332,0.244,-0.049,-0.089,0.564,0.151,0.236,-0.786,-0.841,-0.789
4,A1_1,0.008,1.0,0.851,0.637,-0.352,-0.404,-0.235,-0.081,-0.264,0.007,0.452,0.025,-0.379,-0.077,-0.368,-0.169
4,A1_2,-0.129,0.851,1.0,0.844,-0.151,-0.6,-0.368,-0.098,-0.374,-0.103,0.33,-0.334,-0.27,0.294,-0.045,0.208
4,A1_3,-0.309,0.637,0.844,1.0,0.025,-0.214,-0.18,-0.17,-0.578,-0.382,0.017,-0.203,-0.132,0.373,0.293,0.45
4,B1_1,-0.069,-0.352,-0.151,0.025,1.0,0.212,0.574,-0.198,-0.399,-0.287,-0.196,-0.418,-0.18,-0.087,0.318,0.084
4,B1_2,-0.399,-0.404,-0.6,-0.214,0.212,1.0,0.724,-0.31,-0.096,-0.213,-0.604,0.458,-0.003,-0.099,0.403,0.059
4,B1_3,-0.332,-0.235,-0.368,-0.18,0.574,0.724,1.0,-0.668,-0.415,-0.405,-0.182,0.295,-0.022,-0.158,0.332,-0.095
4,A2_1,0.244,-0.081,-0.098,-0.17,-0.198,-0.31,-0.668,1.0,0.725,0.722,-0.097,-0.323,-0.323,-0.087,-0.289,0.035
4,A2_2,-0.049,-0.264,-0.374,-0.578,-0.399,-0.096,-0.415,0.725,1.0,0.921,-0.236,-0.184,-0.298,0.106,-0.155,0.041
4,A2_3,-0.089,0.007,-0.103,-0.382,-0.287,-0.213,-0.405,0.722,0.921,1.0,-0.216,-0.404,-0.621,0.082,-0.23,0.001
4,B2_1,0.564,0.452,0.33,0.017,-0.196,-0.604,-0.182,-0.097,-0.236,-0.216,1.0,0.3,0.335,-0.385,-0.594,-0.49
4,B2_2,0.151,0.025,-0.334,-0.203,-0.418,0.458,0.295,-0.323,-0.184,-0.404,0.3,1.0,0.542,-0.383,-0.184,-0.353
4,B2_3,0.236,-0.379,-0.27,-0.132,-0.18,-0.003,-0.022,-0.323,-0.298,-0.621,0.335,0.542,1.0,0.057,0.134,0.051
4,y1,-0.786,-0.077,0.294,0.373,-0.087,-0.099,-0.158,-0.087,0.106,0.082,-0.385,-0.383,0.057,1.0,0.804,0.929
4,y2,-0.841,-0.368,-0.045,0.293,0.318,0.403,0.332,-0.289,-0.155,-0.23,-0.594,-0.184,0.134,0.804,1.0,0.892
4,y3,-0.789,-0.169,0.208,0.45,0.084,0.059,-0.095,0.035,0.041,0.001,-0.49,-0.353,0.051,0.929,0.892,1.0
6,.,1.0,0.409,0.178,0.048,-0.6,-0.241,-0.236,0.216,0.267,0.339,-0.171,-0.16,-0.307,-0.478,-0.317,-0.332
6,A1_1,0.409,1.0,0.589,0.619,-0.544,-0.435,-0.208,-0.155,-0.325,-0.242,0.241,0.434,-0.052,-0.462,-0.492,-0.063
6,A1_2,0.178,0.589,1.0,0.575,-0.676,-0.235,0.088,-0.18,-0.324,0.108,0.1,-0.152,-0.136,0.065,0.158,0.484
6,A1_3,0.048,0.619,0.575,1.0,-0.504,-0.63,-0.458,0.124,-0.679,-0.401,0.143,-0.089,0.158,0.045,0.208,0.342
6,B1_1,-0.6,-0.544,-0.676,-0.504,1.0,0.666,0.49,-0.309,-0.026,-0.356,-0.412,0.301,-0.126,0.382,-0.176,-0.222
6,B1_2,-0.241,-0.435,-0.235,-0.63,0.666,1.0,0.668,-0.688,-0.009,-0.208,-0.565,0.265,-0.213,0.557,-0.212,-0.132
6,B1_3,-0.236,-0.208,0.088,-0.458,0.49,0.668,1.0,-0.512,0.036,0.175,-0.429,-0.016,-0.488,0.177,-0.286,-0.163
6,A2_1,0.216,-0.155,-0.18,0.124,-0.309,-0.688,-0.512,1.0,0.529,0.542,0.129,-0.513,-0.195,-0.304,0.492,0.271
6,A2_2,0.267,-0.325,-0.324,-0.679,-0.026,-0.009,0.036,0.529,1.0,0.791,0.056,-0.13,-0.373,-0.381,0.051,-0.0
6,A2_3,0.339,-0.242,0.108,-0.401,-0.356,-0.208,0.175,0.542,0.791,1.0,0.103,-0.58,-0.381,-0.386,0.241,0.095
6,B2_1,-0.171,0.241,0.1,0.143,-0.412,-0.565,-0.429,0.129,0.056,0.103,1.0,0.174,0.716,-0.535,-0.01,-0.043
6,B2_2,-0.16,0.434,-0.152,-0.089,0.301,0.265,-0.016,-0.513,-0.13,-0.58,0.174,1.0,0.161,-0.135,-0.649,-0.222
6,B2_3,-0.307,-0.052,-0.136,0.158,-0.126,-0.213,-0.488,-0.195,-0.373,-0.381,0.716,0.161,1.0,-0.045,0.075,-0.163
6,y1,-0.478,-0.462,0.065,0.045,0.382,0.557,0.177,-0.304,-0.381,-0.386,-0.535,-0.135,-0.045,1.0,0.549,0.552
6,y2,-0.317,-0.492,0.158,0.208,-0.176,-0.212,-0.286,0.492,0.051,0.241,-0.01,-0.649,0.075,0.549,1.0,0.785
6,y3,-0.332,-0.063,0.484,0.342,-0.222,-0.132,-0.163,0.271,-0.0,0.095,-0.043,-0.222,-0.163,0.552,0.785,1.0
8,.,1.0,0.612,0.08,0.388,-0.379,-0.623,-0.832,0.419,-0.046,-0.357,0.411,-0.091,-0.062,-0.174,-0.265,-0.329
8,A1_1,0.612,1.0,0.748,0.629,-0.498,-0.177,-0.322,-0.247,-0.365,-0.594,0.399,0.017,-0.068,0.059,-0.094,-0.246
8,A1_2,0.08,0.748,1.0,0.732,-0.532,-0.15,0.126,-0.395,-0.31,-0.131,0.145,-0.197,-0.039,0.497,0.305,0.107
8,A1_3,0.388,0.629,0.732,1.0,-0.215,-0.532,-0.197,0.131,-0.445,0.001,-0.157,-0.547,-0.227,0.625,0.392,0.395
8,B1_1,-0.379,-0.498,-0.532,-0.215,1.0,0.493,0.284,0.102,-0.118,-0.046,-0.757,-0.225,-0.459,-0.005,-0.037,0.223
8,B1_2,-0.623,-0.177,-0.15,-0.532,0.493,1.0,0.652,-0.7,-0.155,-0.399,-0.171,0.431,-0.088,-0.321,-0.263,-0.169
8,B1_3,-0.832,-0.322,0.126,-0.197,0.284,0.652,1.0,-0.635,-0.174,0.29,-0.182,0.104,-0.143,-0.006,-0.099,0.169
8,A2_1,0.419,-0.247,-0.395,0.131,0.102,-0.7,-0.635,1.0,0.415,0.412,-0.153,-0.463,-0.144,0.069,0.105,0.073
8,A2_2,-0.046,-0.365,-0.31,-0.445,-0.118,-0.155,-0.174,0.415,1.0,0.409,0.029,-0.293,-0.274,-0.097,-0.194,-0.583
8,A2_3,-0.357,-0.594,-0.131,0.001,-0.046,-0.399,0.29,0.412,0.409,1.0,-0.133,-0.413,-0.083,0.229,0.154,0.272
8,B2_1,0.411,0.399,0.145,-0.157,-0.757,-0.171,-0.182,-0.153,0.029,-0.133,1.0,0.624,0.458,-0.634,-0.502,-0.466
8,B2_2,-0.091,0.017,-0.197,-0.547,-0.225,0.431,0.104,-0.463,-0.293,-0.413,0.624,1.0,0.733,-0.666,-0.267,-0.11
8,B2_3,-0.062,-0.068,-0.039,-0.227,-0.459,-0.088,-0.143,-0.144,-0.274,-0.083,0.458,0.733,1.0,-0.132,0.346,0.355
8,y1,-0.174,0.059,0.497,0.625,-0.005,-0.321,-0.006,0.069,-0.097,0.229,-0.634,-0.666,-0.132,1.0,0.844,0.576
8,y2,-0.265,-0.094,0.305,0.392,-0.037,-0.263,-0.099,0.105,-0.194,0.154,-0.502,-0.267,0.346,0.844,1.0,0.762
8,y3,-0.329,-0.246,0.107,0.395,0.223,-0.169,0.169,0.073,-0.583,0.272,-0.466,-0.11,0.355,0.576,0.762,1.0
10,.,1.0,-0.165,-0.615,-0.429,-0.058,-0.443,-0.207,0.819,0.118,0.255,0.163,0.247,-0.034,-0.561,-0.355,-0.327
10,A1_1,-0.165,1.0,0.723,0.898,-0.112,-0.265,-0.19,-0.254,-0.502,-0.111,-0.179,-0.395,-0.102,0.123,0.082,0.014
10,A1_2,-0.615,0.723,1.0,0.854,-0.304,-0.059,0.011,-0.533,-0.393,0.056,0.06,-0.363,0.125,0.194,0.239,-0.017
10,A1_3,-0.429,0.898,0.854,1.0,-0.214,-0.298,-0.265,-0.339,-0.312,0.088,-0.226,-0.654,-0.09,0.412,0.432,0.209
10,B1_1,-0.058,-0.112,-0.304,-0.214,1.0,0.441,0.706,0.043,0.114,-0.141,-0.785,-0.128,-0.829,-0.083,-0.21,-0.023
10,B1_2,-0.443,-0.265,-0.059,-0.298,0.441,1.0,0.667,-0.345,-0.038,-0.442,-0.178,0.385,-0.157,-0.044,-0.281,-0.128
10,B1_3,-0.207,-0.19,0.011,-0.265,0.706,0.667,1.0,-0.043,0.096,0.011,-0.301,0.197,-0.455,-0.48,-0.497,-0.517
10,A2_1,0.819,-0.254,-0.533,-0.339,0.043,-0.345,-0.043,1.0,0.578,0.679,-0.06,-0.111,-0.234,-0.441,-0.124,-0.396
10,A2_2,0.118,-0.502,-0.393,-0.312,0.114,-0.038,0.096,0.578,1.0,0.677,-0.101,-0.263,-0.086,-0.035,0.09,-0.245
10,A2_3,0.255,-0.111,0.056,0.088,-0.141,-0.442,0.011,0.679,0.677,1.0,-0.039,-0.519,-0.159,-0.174,0.252,-0.323
10,B2_1,0.163,-0.179,0.06,-0.226,-0.785,-0.178,-0.301,-0.06,-0.101,-0.039,1.0,0.643,0.944,-0.395,-0.365,-0.38
10,B2_2,0.247,-0.395,-0.363,-0.654,-0.128,0.385,0.197,-0.111,-0.263,-0.519,0.643,1.0,0.536,-0.582,-0.757,-0.414
10,B2_3,-0.034,-0.102,0.125,-0.09,-0.829,-0.157,-0.455,-0.234,-0.086,-0.159,0.944,0.536,1.0,-0.122,-0.202,-0.176
10,y1,-0.561,0.123,0.194,0.412,-0.083,-0.044,-0.48,-0.441,-0.035,-0.174,-0.395,-0.582,-0.122,1.0,0.869,0.907
10,y2,-0.355,0.082,0.239,0.432,-0.21,-0.281,-0.497,-0.124,0.09,0.252,-0.365,-0.757,-0.202,0.869,1.0,0.794
10,y3,-0.327,0.014,-0.017,0.209,-0.023,-0.128,-0.517,-0.396,-0.245,-0.323,-0.38,-0.414,-0.176,0.907,0.794,1.0
12,.,1.0,0.402,-0.028,0.274,0.26,-0.128,-0.232,0.29,-0.1,0.238,0.088,0.073,0.187,-0.513,-0.668,-0.747
12,A1_1,0.402,1.0,0.567,0.763,0.154,-0.43,-0.316,-0.19,-0.645,-0.493,0.054,-0.115,0.033,0.291,-0.105,-0.101
12,A1_2,-0.028,0.567,1.0,0.793,-0.165,-0.372,-0.262,0.01,-0.051,0.021,0.287,-0.215,-0.204,0.217,-0.051,-0.27
12,A1_3,0.274,0.763,0.793,1.0,-0.079,-0.509,-0.664,0.154,-0.333,0.021,0.191,-0.286,-0.037,0.32,-0.094,-0.263
12,B1_1,0.26,0.154,-0.165,-0.079,1.0,0.727,0.541,-0.049,-0.447,-0.022,-0.59,-0.203,-0.578,-0.557,-0.446,-0.069
12,B1_2,-0.128,-0.43,-0.372,-0.509,0.727,1.0,0.73,-0.222,-0.139,0.103,-0.243,0.223,-0.342,-0.679,-0.464,-0.039
12,B1_3,-0.232,-0.316,-0.262,-0.664,0.541,0.73,1.0,-0.273,0.066,-0.196,-0.339,0.127,-0.443,-0.497,-0.138,0.143
12,A2_1,0.29,-0.19,0.01,0.154,-0.049,-0.222,-0.273,1.0,0.638,0.668,-0.372,-0.583,-0.431,-0.145,0.098,-0.216
12,A2_2,-0.1,-0.645,-0.051,-0.333,-0.447,-0.139,0.066,0.638,1.0,0.632,0.02,-0.171,-0.162,-0.191,0.177,-0.199
12,A2_3,0.238,-0.493,0.021,0.021,-0.022,0.103,-0.196,0.668,0.632,1.0,-0.047,-0.319,-0.232,-0.468,-0.292,-0.553
12,B2_1,0.088,0.054,0.287,0.191,-0.59,-0.243,-0.339,-0.372,0.02,-0.047,1.0,0.771,0.788,-0.003,-0.359,-0.458
12,B2_2,0.073,-0.115,-0.215,-0.286,-0.203,0.223,0.127,-0.583,-0.171,-0.319,0.771,1.0,0.751,-0.255,-0.46,-0.257
12,B2_3,0.187,0.033,-0.204,-0.037,-0.578,-0.342,-0.443,-0.431,-0.162,-0.232,0.788,0.751,1.0,0.166,-0.165,-0.193
12,y1,-0.513,0.291,0.217,0.32,-0.557,-0.679,-0.497,-0.145,-0.191,-0.468,-0.003,-0.255,0.166,1.0,0.833,0.694
12,y2,-0.668,-0.105,-0.051,-0.094,-0.446,-0.464,-0.138,0.098,0.177,-0.292,-0.359,-0.46,-0.165,0.833,1.0,0.844
12,y3,-0.747,-0.101,-0.27,-0.263,-0.069,-0.039,0.143,-0.216,-0.199,-0.553,-0.458,-0.257,-0.193,0.694,0.844,1.0
14,.,1.0,-0.02,-0.348,-0.193,-0.143,-0.394,-0.462,0.156,0.018,-0.164,0.417,0.475,0.488,-0.681,-0.631,-0.787
14,A1_1,-0.02,1.0,0.735,0.807,0.065,-0.084,-0.228,0.105,-0.467,-0.439,-0.057,0.042,-0.05,0.223,-0.246,-0.117
14,A1_2,-0.348,0.735,1.0,0.869,-0.336,0.087,-0.228,0.156,-0.269,-0.161,0.02,-0.102,0.185,0.408,-0.084,-0.041
14,A1_3,-0.193,0.807,0.869,1.0,-0.305,-0.166,-0.303,0.4,-0.123,0.036,-0.066,-0.361,-0.063,0.404,-0.144,-0.027
14,B1_1,-0.143,0.065,-0.336,-0.305,1.0,0.555,0.774,-0.323,-0.187,-0.173,-0.48,0.163,-0.663,-0.351,-0.209,0.112
14,B1_2,-0.394,-0.084,0.087,-0.166,0.555,1.0,0.573,-0.024,0.036,0.177,-0.647,0.06,-0.176,-0.2,-0.282,0.055
14,B1_3,-0.462,-0.228,-0.228,-0.303,0.774,0.573,1.0,-0.468,-0.055,0.024,-0.281,0.015,-0.697,-0.247,0.005,0.229
14,A2_1,0.156,0.105,0.156,0.4,-0.323,-0.024,-0.468,1.0,0.717,0.723,-0.377,-0.427,0.072,0.051,-0.279,-0.166
14,A2_2,0.018,-0.467,-0.269,-0.123,-0.187,0.036,-0.055,0.717,1.0,0.807,-0.161,-0.245,-0.055,-0.153,-0.039,-0.098
14,A2_3,-0.164,-0.439,-0.161,0.036,-0.173,0.177,0.024,0.723,0.807,1.0,-0.485,-0.68,-0.244,0.061,-0.029,0.154
14,B2_1,0.417,-0.057,0.02,-0.066,-0.48,-0.647,-0.281,-0.377,-0.161,-0.485,1.0,0.557,0.512,-0.231,0.028,-0.462
14,B2_2,0.475,0.042,-0.102,-0.361,0.163,0.06,0.015,-0.427,-0.245,-0.68,0.557,1.0,0.508,-0.629,-0.369,-0.65
14,B2_3,0.488,-0.05,0.185,-0.063,-0.663,-0.176,-0.697,0.072,-0.055,-0.244,0.512,0.508,1.0,-0.164,-0.212,-0.538
14,y1,-0.681,0.223,0.408,0.404,-0.351,-0.2,-0.247,0.051,-0.153,0.061,-0.231,-0.629,-0.164,1.0,0.787,0.817
14,y2,-0.631,-0.246,-0.084,-0.144,-0.209,-0.282,0.005,-0.279,-0.039,-0.029,0.028,-0.369,-0.212,0.787,1.0,0.846
14,y3,-0.787,-0.117,-0.041,-0.027,0.112,0.055,0.229,-0.166,-0.098,0.154,-0.462,-0.65,-0.538,0.817,0.846,1.0
16,.,1.0,-0.013,-0.182,-0.374,0.091,0.204,-0.173,0.056,-0.369,-0.248,0.333,0.177,0.169,-0.5,-0.684,-0.627
16,A1_1,-0.013,1.0,0.912,0.628,0.02,-0.354,-0.556,0.023,-0.633,-0.529,0.197,-0.13,-0.104,0.18,0.246,-0.052
16,A1_2,-0.182,0.912,1.0,0.717,0.015,-0.101,-0.394,-0.247,-0.692,-0.569,0.114,-0.054,0.128,0.33,0.272,0.091
16,A1_3,-0.374,0.628,0.717,1.0,0.098,-0.287,-0.278,0.156,-0.109,0.008,-0.085,-0.301,-0.248,-0.028,0.066,-0.162
16,B1_1,0.091,0.02,0.015,0.098,1.0,0.539,0.724,-0.355,-0.178,-0.237,-0.478,0.493,-0.316,-0.147,-0.121,-0.13
16,B1_2,0.204,-0.354,-0.101,-0.287,0.539,1.0,0.749,-0.814,-0.385,-0.336,-0.323,0.571,0.438,0.143,-0.201,0.126
16,B1_3,-0.173,-0.556,-0.394,-0.278,0.724,0.749,1.0,-0.561,0.156,-0.019,-0.479,0.594,0.034,0.005,-0.053,0.169
16,A2_1,0.056,0.023,-0.247,0.156,-0.355,-0.814,-0.561,1.0,0.577,0.579,0.071,-0.619,-0.663,-0.333,-0.077,-0.276
16,A2_2,-0.369,-0.633,-0.692,-0.109,-0.178,-0.385,0.156,0.577,1.0,0.762,-0.085,-0.212,-0.385,-0.33,-0.073,-0.061
16,A2_3,-0.248,-0.529,-0.569,0.008,-0.237,-0.336,-0.019,0.579,0.762,1.0,-0.4,-0.684,-0.491,-0.11,0.074,0.024
16,B2_1,0.333,0.197,0.114,-0.085,-0.478,-0.323,-0.479,0.071,-0.085,-0.4,1.0,0.319,0.573,-0.504,-0.493,-0.538
16,B2_2,0.177,-0.13,-0.054,-0.301,0.493,0.571,0.594,-0.619,-0.212,-0.684,0.319,1.0,0.483,-0.267,-0.375,-0.193
16,B2_3,0.169,-0.104,0.128,-0.248,-0.316,0.438,0.034,-0.663,-0.385,-0.491,0.573,0.483,1.0,-0.001,-0.291,-0.061
16,y1,-0.5,0.18,0.33,-0.028,-0.147,0.143,0.005,-0.333,-0.33,-0.11,-0.504,-0.267,-0.001,1.0,0.881,0.949
16,y2,-0.684,0.246,0.272,0.066,-0.121,-0.201,-0.053,-0.077,-0.073,0.074,-0.493,-0.375,-0.291,0.881,1.0,0.893
16,y3,-0.627,-0.052,0.091,-0.162,-0.13,0.126,0.169,-0.276,-0.061,0.024,-0.538,-0.193,-0.061,0.949,0.893,1.0
18,.,1.0,-0.42,-0.055,-0.686,-0.621,-0.233,-0.352,-0.341,-0.101,-0.268,0.559,0.132,0.51,-0.298,-0.416,-0.301
18,A1_1,-0.42,1.0,0.656,0.876,0.072,-0.225,-0.506,0.086,-0.501,-0.182,-0.002,0.152,-0.137,0.223,0.316,0.271
18,A1_2,-0.055,0.656,1.0,0.668,-0.178,-0.044,-0.604,-0.439,-0.337,-0.25,0.379,0.305,0.447,-0.042,0.03,-0.004
18,A1_3,-0.686,0.876,0.668,1.0,0.216,-0.006,-0.295,0.017,-0.271,-0.091,-0.125,0.119,-0.11,0.325,0.366,0.37
18,B1_1,-0.621,0.072,-0.178,0.216,1.0,0.704,0.755,0.074,-0.148,-0.193,-0.532,0.372,-0.448,-0.133,-0.04,-0.143
18,B1_2,-0.233,-0.225,-0.044,-0.006,0.704,1.0,0.727,-0.259,-0.199,-0.221,-0.568,0.206,-0.303,-0.035,-0.135,-0.034
18,B1_3,-0.352,-0.506,-0.604,-0.295,0.755,0.727,1.0,-0.008,0.047,-0.033,-0.64,0.026,-0.485,0.081,0.087,0.038
18,A2_1,-0.341,0.086,-0.439,0.017,0.074,-0.259,-0.008,1.0,0.478,0.74,-0.388,-0.547,-0.57,-0.147,-0.136,-0.127
18,A2_2,-0.101,-0.501,-0.337,-0.271,-0.148,-0.199,0.047,0.478,1.0,0.691,0.132,-0.314,0.191,-0.384,-0.419,-0.394
18,A2_3,-0.268,-0.182,-0.25,-0.091,-0.193,-0.221,-0.033,0.74,0.691,1.0,-0.314,-0.816,-0.348,-0.085,-0.015,-0.089
18,B2_1,0.559,-0.002,0.379,-0.125,-0.532,-0.568,-0.64,-0.388,0.132,-0.314,1.0,0.504,0.931,-0.444,-0.396,-0.444
18,B2_2,0.132,0.152,0.305,0.119,0.372,0.206,0.026,-0.547,-0.314,-0.816,0.504,1.0,0.537,-0.413,-0.388,-0.407
18,B2_3,0.51,-0.137,0.447,-0.11,-0.448,-0.303,-0.485,-0.57,0.191,-0.348,0.931,0.537,1.0,-0.411,-0.424,-0.412
18,y1,-0.298,0.223,-0.042,0.325,-0.133,-0.035,0.081,-0.147,-0.384,-0.085,-0.444,-0.413,-0.411,1.0,0.902,0.996
18,y2,-0.416,0.316,0.03,0.366,-0.04,-0.135,0.087,-0.136,-0.419,-0.015,-0.396,-0.388,-0.424,0.902,1.0,0.876
18,y3,-0.301,0.271,-0.004,0.37,-0.143,-0.034,0.038,-0.127,-0.394,-0.089,-0.444,-0.407,-0.412,0.996,0.876,1.0
20,.,1.0,-0.084,-0.476,-0.432,-0.297,-0.422,-0.445,0.129,-0.358,0.202,-0.089,-0.456,-0.205,0.031,-0.489,-0.031
20,A1_1,-0.084,1.0,0.672,0.787,-0.265,-0.428,-0.241,0.115,-0.252,-0.138,0.41,0.089,0.293,-0.497,-0.077,-0.438
20,A1_2,-0.476,0.672,1.0,0.742,-0.368,-0.041,0.079,-0.198,-0.048,-0.266,0.119,0.177,0.477,-0.332,0.184,-0.264
20,A1_3,-0.432,0.787,0.742,1.0,-0.055,-0.151,0.001,0.023,-0.185,-0.16,0.026,-0.139,0.121,-0.121,0.295,-0.043
20,B1_1,-0.297,-0.265,-0.368,-0.055,1.0,0.725,0.783,0.092,-0.115,0.078,-0.35,0.054,-0.247,0.091,-0.005,-0.098
20,B1_2,-0.422,-0.428,-0.041,-0.151,0.725,1.0,0.941,-0.416,-0.091,-0.149,-0.384,0.288,0.237,-0.015,-0.114,-0.221
20,B1_3,-0.445,-0.241,0.079,0.001,0.783,0.941,1.0,-0.19,-0.132,-0.072,-0.46,0.188,0.095,-0.047,-0.028,-0.264
20,A2_1,0.129,0.115,-0.198,0.023,0.092,-0.416,-0.19,1.0,0.447,0.76,-0.266,-0.452,-0.777,-0.012,0.148,0.134
20,A2_2,-0.358,-0.252,-0.048,-0.185,-0.115,-0.091,-0.132,0.447,1.0,0.661,-0.007,0.151,-0.177,-0.24,0.027,0.037
20,A2_3,0.202,-0.138,-0.266,-0.16,0.078,-0.149,-0.072,0.76,0.661,1.0,-0.437,-0.406,-0.526,-0.259,-0.295,-0.072
20,B2_1,-0.089,0.41,0.119,0.026,-0.35,-0.384,-0.46,-0.266,-0.007,-0.437,1.0,0.731,0.57,-0.413,-0.154,-0.359
20,B2_2,-0.456,0.089,0.177,-0.139,0.054,0.288,0.188,-0.452,0.151,-0.406,0.731,1.0,0.743,-0.532,-0.235,-0.569
20,B2_3,-0.205,0.293,0.477,0.121,-0.247,0.237,0.095,-0.777,-0.177,-0.526,0.57,0.743,1.0,-0.584,-0.44,-0.634
20,y1,0.031,-0.497,-0.332,-0.121,0.091,-0.015,-0.047,-0.012,-0.24,-0.259,-0.413,-0.532,-0.584,1.0,0.741,0.936
20,y2,-0.489,-0.077,0.184,0.295,-0.005,-0.114,-0.028,0.148,0.027,-0.295,-0.154,-0.235,-0.44,0.741,1.0,0.781
20,y3,-0.031,-0.438,-0.264,-0.043,-0.098,-0.221,-0.264,0.134,0.037,-0.072,-0.359,-0.569,-0.634,0.936,0.781,1.0
22,.,1.0,-0.502,-0.611,-0.531,-0.038,-0.102,-0.124,-0.101,0.039,-0.034,0.202,-0.096,-0.133,-0.437,-0.193,-0.24
22,A1_1,-0.502,1.0,0.738,0.899,-0.25,-0.569,-0.454,0.179,-0.428,0.004,0.365,-0.014,-0.352,0.159,-0.105,-0.207
22,A1_2,-0.611,0.738,1.0,0.916,-0.139,-0.128,-0.104,-0.267,-0.417,-0.146,0.436,0.07,0.046,0.002,-0.099,-0.17
22,A1_3,-0.531,0.899,0.916,1.0,-0.175,-0.415,-0.237,-0.031,-0.402,-0.011,0.37,-0.164,-0.315,0.139,0.002,-0.092
22,B1_1,-0.038,-0.25,-0.139,-0.175,1.0,0.737,0.869,-0.364,-0.093,0.016,-0.273,-0.075,-0.199,-0.3,-0.07,-0.019
22,B1_2,-0.102,-0.569,-0.128,-0.415,0.737,1.0,0.806,-0.534,0.02,-0.136,-0.255,0.252,0.434,-0.371,-0.19,-0.086
22,B1_3,-0.124,-0.454,-0.104,-0.237,0.869,0.806,1.0,-0.43,0.129,-0.016,-0.28,-0.051,0.048,-0.145,0.213,0.284
22,A2_1,-0.101,0.179,-0.267,-0.031,-0.364,-0.534,-0.43,1.0,0.667,0.791,-0.446,-0.349,-0.407,0.261,-0.018,0.053
22,A2_2,0.039,-0.428,-0.417,-0.402,-0.093,0.02,0.129,0.667,1.0,0.79,-0.463,-0.212,0.006,-0.001,0.058,0.189
22,A2_3,-0.034,0.004,-0.146,-0.011,0.016,-0.136,-0.016,0.791,0.79,1.0,-0.458,-0.459,-0.42,-0.157,-0.264,-0.156
22,B2_1,0.202,0.365,0.436,0.37,-0.273,-0.255,-0.28,-0.446,-0.463,-0.458,1.0,0.58,0.305,-0.429,-0.245,-0.404
22,B2_2,-0.096,-0.014,0.07,-0.164,-0.075,0.252,-0.051,-0.349,-0.212,-0.459,0.58,1.0,0.801,-0.364,-0.32,-0.357
22,B2_3,-0.133,-0.352,0.046,-0.315,-0.199,0.434,0.048,-0.407,0.006,-0.42,0.305,0.801,1.0,-0.205,-0.154,-0.124
22,y1,-0.437,0.159,0.002,0.139,-0.3,-0.371,-0.145,0.261,-0.001,-0.157,-0.429,-0.364,-0.205,1.0,0.835,0.841
22,y2,-0.193,-0.105,-0.099,0.002,-0.07,-0.19,0.213,-0.018,0.058,-0.264,-0.245,-0.32,-0.154,0.835,1.0,0.981
22,y3,-0.24,-0.207,-0.17,-0.092,-0.019,-0.086,0.284,0.053,0.189,-0.156,-0.404,-0.357,-0.124,0.841,0.981,1.0
24,.,1.0,-0.119,-0.506,-0.517,0.009,0.029,-0.489,0.292,-0.15,0.036,0.132,0.112,-0.107,-0.502,-0.363,-0.37
24,A1_1,-0.119,1.0,0.539,0.603,0.016,-0.492,-0.096,0.368,-0.085,-0.247,-0.046,-0.238,-0.318,0.118,0.02,-0.013
24,A1_2,-0.506,0.539,1.0,0.667,-0.041,0.027,0.048,-0.375,-0.458,-0.612,0.091,-0.086,0.308,0.295,0.022,0.122
24,A1_3,-0.517,0.603,0.667,1.0,0.06,-0.124,0.254,-0.042,-0.34,-0.116,-0.004,0.036,0.041,0.542,-0.062,0.259
24,B1_1,0.009,0.016,-0.041,0.06,1.0,0.672,0.73,0.112,-0.058,0.003,-0.602,-0.199,-0.613,0.107,-0.099,-0.106
24,B1_2,0.029,-0.492,0.027,-0.124,0.672,1.0,0.59,-0.425,-0.169,-0.069,-0.151,0.279,0.131,-0.184,-0.447,-0.356
24,B1_3,-0.489,-0.096,0.048,0.254,0.73,0.59,1.0,-0.293,0.05,0.0,-0.214,0.193,-0.272,0.183,-0.076,-0.099
24,A2_1,0.292,0.368,-0.375,-0.042,0.112,-0.425,-0.293,1.0,0.512,0.632,-0.589,-0.545,-0.654,-0.016,0.098,0.091
24,A2_2,-0.15,-0.085,-0.458,-0.34,-0.058,-0.169,0.05,0.512,1.0,0.745,-0.235,-0.067,-0.182,-0.42,-0.07,-0.296
24,A2_3,0.036,-0.247,-0.612,-0.116,0.003,-0.069,0.0,0.632,0.745,1.0,-0.346,-0.028,-0.182,-0.139,-0.186,-0.068
24,B2_1,0.132,-0.046,0.091,-0.004,-0.602,-0.151,-0.214,-0.589,-0.235,-0.346,1.0,0.822,0.725,-0.423,-0.42,-0.439
24,B2_2,0.112,-0.238,-0.086,0.036,-0.199,0.279,0.193,-0.545,-0.067,-0.028,0.822,1.0,0.637,-0.519,-0.737,-0.659
24,B2_3,-0.107,-0.318,0.308,0.041,-0.613,0.131,-0.272,-0.654,-0.182,-0.182,0.725,0.637,1.0,-0.296,-0.421,-0.28
24,y1,-0.502,0.118,0.295,0.542,0.107,-0.184,0.183,-0.016,-0.42,-0.139,-0.423,-0.519,-0.296,1.0,0.7,0.925
24,y2,-0.363,0.02,0.022,-0.062,-0.099,-0.447,-0.076,0.098,-0.07,-0.186,-0.42,-0.737,-0.421,0.7,1.0,0.856
24,y3,-0.37,-0.013,0.122,0.259,-0.106,-0.356,-0.099,0.091,-0.296,-0.068,-0.439,-0.659,-0.28,0.925,0.856,1.0
26,.,1.0,-0.549,-0.507,-0.486,-0.314,0.323,0.092,-0.269,-0.154,0.088,0.092,-0.107,0.083,-0.575,-0.33,-0.618
26,A1_1,-0.549,1.0,0.513,0.624,-0.052,-0.447,0.034,0.197,-0.284,-0.08,0.083,0.095,-0.392,0.346,-0.165,0.264
26,A1_2,-0.507,0.513,1.0,0.638,0.334,0.096,-0.13,-0.151,-0.045,-0.474,0.534,0.406,0.221,0.002,-0.249,0.106
26,A1_3,-0.486,0.624,0.638,1.0,-0.01,-0.232,-0.33,-0.177,-0.535,-0.709,0.305,0.579,0.26,0.356,-0.042,0.21
26,B1_1,-0.314,-0.052,0.334,-0.01,1.0,0.572,0.466,0.022,0.458,0.018,-0.382,0.032,-0.239,-0.169,-0.166,-0.168
26,B1_2,0.323,-0.447,0.096,-0.232,0.572,1.0,0.626,-0.574,0.147,-0.106,0.131,0.47,0.111,-0.522,-0.328,-0.506
26,B1_3,0.092,0.034,-0.13,-0.33,0.466,0.626,1.0,-0.388,-0.002,0.202,-0.324,0.094,-0.646,-0.051,-0.057,-0.102
26,A2_1,-0.269,0.197,-0.151,-0.177,0.022,-0.574,-0.388,1.0,0.652,0.69,-0.346,-0.629,-0.151,-0.126,-0.205,-0.091
26,A2_2,-0.154,-0.284,-0.045,-0.535,0.458,0.147,-0.002,0.652,1.0,0.729,-0.175,-0.391,0.035,-0.489,-0.293,-0.308
26,A2_3,0.088,-0.08,-0.474,-0.709,0.018,-0.106,0.202,0.69,0.729,1.0,-0.327,-0.569,-0.359,-0.369,-0.269,-0.284
26,B2_1,0.092,0.083,0.534,0.305,-0.382,0.131,-0.324,-0.346,-0.175,-0.327,1.0,0.591,0.68,-0.323,-0.348,-0.177
26,B2_2,-0.107,0.095,0.406,0.579,0.032,0.47,0.094,-0.629,-0.391,-0.569,0.591,1.0,0.526,-0.08,-0.203,-0.161
26,B2_3,0.083,-0.392,0.221,0.26,-0.239,0.111,-0.646,-0.151,0.035,-0.359,0.68,0.526,1.0,-0.302,-0.138,-0.22
26,y1,-0.575,0.346,0.002,0.356,-0.169,-0.522,-0.051,-0.126,-0.489,-0.369,-0.323,-0.08,-0.302,1.0,0.857,0.938
26,y2,-0.33,-0.165,-0.249,-0.042,-0.166,-0.328,-0.057,-0.205,-0.293,-0.269,-0.348,-0.203,-0.138,0.857,1.0,0.884
26,y3,-0.618,0.264,0.106,0.21,-0.168,-0.506,-0.102,-0.091,-0.308,-0.284,-0.177,-0.161,-0.22,0.938,0.884,1.0
28,.,1.0,-0.221,-0.338,-0.399,0.04,-0.17,-0.28,-0.148,-0.369,-0.254,0.01,-0.004,0.16,-0.658,-0.429,-0.363
28,A1_1,-0.221,1.0,0.502,0.597,-0.175,-0.414,-0.15,0.291,0.045,0.029,0.06,-0.091,-0.379,-0.043,-0.347,-0.27
28,A1_2,-0.338,0.502,1.0,0.784,-0.231,-0.171,-0.095,-0.28,-0.262,-0.432,0.604,0.449,0.195,0.143,-0.123,-0.264
28,A1_3,-0.399,0.597,0.784,1.0,-0.247,-0.54,-0.457,0.361,0.075,-0.114,0.443,0.223,-0.316,0.213,-0.023,-0.093
28,B1_1,0.04,-0.175,-0.231,-0.247,1.0,0.674,0.603,-0.037,0.326,-0.268,-0.475,-0.016,-0.363,-0.299,-0.33,-0.017
28,B1_2,-0.17,-0.414,-0.171,-0.54,0.674,1.0,0.942,-0.555,0.223,-0.097,-0.249,0.105,0.3,-0.141,-0.118,-0.068
28,B1_3,-0.28,-0.15,-0.095,-0.457,0.603,0.942,1.0,-0.513,0.241,-0.01,-0.365,-0.094,0.19,-0.06,-0.094,-0.048
28,A2_1,-0.148,0.291,-0.28,0.361,-0.037,-0.555,-0.513,1.0,0.584,0.547,-0.19,-0.278,-0.766,0.031,0.021,0.137
28,A2_2,-0.369,0.045,-0.262,0.075,0.326,0.223,0.241,0.584,1.0,0.744,-0.093,-0.057,-0.34,-0.239,-0.21,-0.229
28,A2_3,-0.254,0.029,-0.432,-0.114,-0.268,-0.097,-0.01,0.547,0.744,1.0,-0.081,-0.315,-0.111,-0.046,0.092,-0.091
28,B2_1,0.01,0.06,0.604,0.443,-0.475,-0.249,-0.365,-0.19,-0.093,-0.081,1.0,0.828,0.609,-0.265,-0.329,-0.6
28,B2_2,-0.004,-0.091,0.449,0.223,-0.016,0.105,-0.094,-0.278,-0.057,-0.315,0.828,1.0,0.533,-0.353,-0.485,-0.547
28,B2_3,0.16,-0.379,0.195,-0.316,-0.363,0.3,0.19,-0.766,-0.34,-0.111,0.609,0.533,1.0,-0.186,-0.093,-0.393
28,y1,-0.658,-0.043,0.143,0.213,-0.299,-0.141,-0.06,0.031,-0.239,-0.046,-0.265,-0.353,-0.186,1.0,0.911,0.868
28,y2,-0.429,-0.347,-0.123,-0.023,-0.33,-0.118,-0.094,0.021,-0.21,0.092,-0.329,-0.485,-0.093,0.911,1.0,0.887
28,y3,-0.363,-0.27,-0.264,-0.093,-0.017,-0.068,-0.048,0.137,-0.229,-0.091,-0.6,-0.547,-0.393,0.868,0.887,1.0
30,.,1.0,-0.196,-0.35,-0.417,-0.07,0.009,-0.247,-0.102,-0.164,-0.207,0.468,-0.077,0.217,-0.58,-0.596,-0.624
30,A1_1,-0.196,1.0,0.648,0.814,0.071,-0.385,-0.048,0.259,-0.478,-0.214,0.197,-0.019,-0.206,0.121,-0.131,-0.065
30,A1_2,-0.35,0.648,1.0,0.657,-0.33,-0.091,0.037,-0.38,-0.548,-0.446,0.335,0.248,0.352,0.319,0.143,0.215
30,A1_3,-0.417,0.814,0.657,1.0,-0.127,-0.231,-0.192,0.093,-0.509,-0.282,0.234,-0.049,-0.229,0.299,0.193,0.125
30,B1_1,-0.07,0.071,-0.33,-0.127,1.0,0.493,0.764,0.049,0.068,0.17,-0.672,0.206,-0.513,-0.059,-0.21,-0.155
30,B1_2,0.009,-0.385,-0.091,-0.231,0.493,1.0,0.761,-0.622,-0.091,0.055,-0.18,0.607,0.241,-0.217,-0.165,-0.254
30,B1_3,-0.247,-0.048,0.037,-0.192,0.764,0.761,1.0,-0.334,0.093,0.223,-0.509,0.534,0.041,-0.128,-0.244,-0.156
30,A2_1,-0.102,0.259,-0.38,0.093,0.049,-0.622,-0.334,1.0,0.36,0.623,-0.041,-0.299,-0.381,-0.18,-0.119,-0.136
30,A2_2,-0.164,-0.478,-0.548,-0.509,0.068,-0.091,0.093,0.36,1.0,0.651,-0.467,-0.464,-0.159,-0.296,-0.179,-0.065
30,A2_3,-0.207,-0.214,-0.446,-0.282,0.17,0.055,0.223,0.623,0.651,1.0,-0.105,0.157,0.109,-0.525,-0.336,-0.377
30,B2_1,0.468,0.197,0.335,0.234,-0.672,-0.18,-0.509,-0.041,-0.467,-0.105,1.0,0.236,0.667,-0.406,-0.312,-0.457
30,B2_2,-0.077,-0.019,0.248,-0.049,0.206,0.607,0.534,-0.299,-0.464,0.157,0.236,1.0,0.578,-0.097,-0.049,-0.163
30,B2_3,0.217,-0.206,0.352,-0.229,-0.513,0.241,0.041,-0.381,-0.159,0.109,0.667,0.578,1.0,-0.381,-0.268,-0.309
30,y1,-0.58,0.121,0.319,0.299,-0.059,-0.217,-0.128,-0.18,-0.296,-0.525,-0.406,-0.097,-0.381,1.0,0.925,0.961
30,y2,-0.596,-0.131,0.143,0.193,-0.21,-0.165,-0.244,-0.119,-0.179,-0.336,-0.312,-0.049,-0.268,0.925,1.0,0.944
30,y3,-0.624,-0.065,0.215,0.125,-0.155,-0.254,-0.156,-0.136,-0.065,-0.377,-0.457,-0.163,-0.309,0.961,0.944,1.0
32,.,1.0,-0.217,-0.168,-0.541,-0.046,-0.131,0.015,-0.05,-0.124,-0.008,0.211,0.006,-0.015,-0.4,-0.677,-0.611
32,A1_1,-0.217,1.0,0.519,0.772,0.122,-0.504,-0.224,0.071,-0.377,-0.514,0.139,-0.135,-0.169,-0.059,-0.113,-0.029
32,A1_2,-0.168,0.519,1.0,0.528,0.125,0.107,0.105,-0.515,-0.555,-0.638,0.578,0.044,0.475,-0.351,-0.339,-0.2
32,A1_3,-0.541,0.772,0.528,1.0,-0.106,-0.481,-0.454,0.218,-0.046,-0.256,0.325,-0.256,-0.014,-0.195,0.179,0.136
32,B1_1,-0.046,0.122,0.125,-0.106,1.0,0.627,0.817,0.197,-0.04,0.031,-0.327,-0.126,-0.512,0.252,-0.043,-0.09
32,B1_2,-0.131,-0.504,0.107,-0.481,0.627,1.0,0.818,-0.293,-0.13,0.02,-0.12,0.205,0.065,0.285,0.084,0.091
32,B1_3,0.015,-0.224,0.105,-0.454,0.817,0.818,1.0,-0.109,-0.032,0.14,-0.364,0.23,-0.077,0.147,-0.238,-0.247
32,A2_1,-0.05,0.071,-0.515,0.218,0.197,-0.293,-0.109,1.0,0.687,0.699,-0.249,-0.201,-0.582,-0.149,0.122,-0.162
32,A2_2,-0.124,-0.377,-0.555,-0.046,-0.04,-0.13,-0.032,0.687,1.0,0.934,-0.475,-0.353,-0.315,-0.117,0.224,-0.063
32,A2_3,-0.008,-0.514,-0.638,-0.256,0.031,0.02,0.14,0.699,0.934,1.0,-0.439,-0.049,-0.211,-0.189,0.055,-0.236
32,B2_1,0.211,0.139,0.578,0.325,-0.327,-0.12,-0.364,-0.249,-0.475,-0.439,1.0,0.257,0.585,-0.636,-0.395,-0.327
32,B2_2,0.006,-0.135,0.044,-0.256,-0.126,0.205,0.23,-0.201,-0.353,-0.049,0.257,1.0,0.634,-0.245,-0.408,-0.353
32,B2_3,-0.015,-0.169,0.475,-0.014,-0.512,0.065,-0.077,-0.582,-0.315,-0.211,0.585,0.634,1.0,-0.522,-0.425,-0.324
32,y1,-0.4,-0.059,-0.351,-0.195,0.252,0.285,0.147,-0.149,-0.117,-0.189,-0.636,-0.245,-0.522,1.0,0.767,0.851
32,y2,-0.677,-0.113,-0.339,0.179,-0.043,0.084,-0.238,0.122,0.224,0.055,-0.395,-0.408,-0.425,0.767,1.0,0.945
32,y3,-0.611,-0.029,-0.2,0.136,-0.09,0.091,-0.247,-0.162,-0.063,-0.236,-0.327,-0.353,-0.324,0.851,0.945,1.0
34,.,1.0,-0.406,-0.48,-0.678,-0.065,0.022,-0.065,-0.201,0.027,0.069,0.318,0.016,0.237,-0.455,-0.47,-0.625
34,A1_1,-0.406,1.0,0.598,0.691,0.168,-0.556,-0.233,0.086,-0.153,-0.242,-0.246,0.128,-0.363,-0.08,-0.183,0.123
34,A1_2,-0.48,0.598,1.0,0.871,0.358,-0.093,-0.078,-0.416,-0.347,-0.562,0.297,0.319,0.277,-0.12,-0.187,0.017
34,A1_3,-0.678,0.691,0.871,1.0,0.034,-0.249,-0.181,-0.112,-0.206,-0.285,0.188,0.419,0.171,-0.192,-0.135,0.019
34,B1_1,-0.065,0.168,0.358,0.034,1.0,0.586,0.614,-0.459,-0.373,-0.447,-0.171,0.037,-0.381,0.156,-0.109,0.114
34,B1_2,0.022,-0.556,-0.093,-0.249,0.586,1.0,0.787,-0.262,-0.073,0.046,0.092,0.117,-0.049,-0.016,-0.076,-0.105
34,B1_3,-0.065,-0.233,-0.078,-0.181,0.614,0.787,1.0,-0.01,0.308,0.324,-0.373,-0.052,-0.433,0.023,-0.192,-0.105
34,A2_1,-0.201,0.086,-0.416,-0.112,-0.459,-0.262,-0.01,1.0,0.765,0.815,-0.346,-0.609,-0.37,0.025,-0.033,0.276
34,A2_2,0.027,-0.153,-0.347,-0.206,-0.373,-0.073,0.308,0.765,1.0,0.897,-0.29,-0.572,-0.15,-0.102,-0.247,-0.052
34,A2_3,0.069,-0.242,-0.562,-0.285,-0.447,0.046,0.324,0.815,0.897,1.0,-0.27,-0.355,-0.239,-0.234,-0.259,-0.169
34,B2_1,0.318,-0.246,0.297,0.188,-0.171,0.092,-0.373,-0.346,-0.29,-0.27,1.0,0.35,0.882,-0.603,-0.43,-0.478
34,B2_2,0.016,0.128,0.319,0.419,0.037,0.117,-0.052,-0.609,-0.572,-0.355,0.35,1.0,0.272,-0.485,-0.225,-0.595
34,B2_3,0.237,-0.363,0.277,0.171,-0.381,-0.049,-0.433,-0.37,-0.15,-0.239,0.882,0.272,1.0,-0.38,-0.187,-0.382
34,y1,-0.455,-0.08,-0.12,-0.192,0.156,-0.016,0.023,0.025,-0.102,-0.234,-0.603,-0.485,-0.38,1.0,0.909,0.891
34,y2,-0.47,-0.183,-0.187,-0.135,-0.109,-0.076,-0.192,-0.033,-0.247,-0.259,-0.43,-0.225,-0.187,0.909,1.0,0.79
34,y3,-0.625,0.123,0.017,0.019,0.114,-0.105,-0.105,0.276,-0.052,-0.169,-0.478,-0.595,-0.382,0.891,0.79,1.0
36,.,1.0,-0.116,-0.369,-0.437,0.115,-0.086,-0.099,-0.297,-0.021,0.008,-0.038,-0.143,-0.104,-0.629,-0.771,-0.749
36,A1_1,-0.116,1.0,0.516,0.743,-0.301,-0.482,-0.049,0.138,-0.408,-0.04,0.083,-0.052,-0.149,0.086,-0.048,-0.042
36,A1_2,-0.369,0.516,1.0,0.793,0.036,-0.011,0.149,-0.368,-0.593,-0.701,0.439,0.601,0.466,0.002,0.118,0.045
36,A1_3,-0.437,0.743,0.793,1.0,-0.075,-0.072,0.217,0.11,-0.195,-0.144,0.168,0.43,0.302,-0.048,-0.039,-0.058
36,B1_1,0.115,-0.301,0.036,-0.075,1.0,0.884,0.924,-0.385,-0.16,-0.024,-0.405,0.254,0.213,-0.431,-0.13,-0.067
36,B1_2,-0.086,-0.482,-0.011,-0.072,0.884,1.0,0.831,-0.101,0.187,0.032,-0.286,0.195,0.345,-0.457,-0.075,-0.052
36,B1_3,-0.099,-0.049,0.149,0.217,0.924,0.831,1.0,-0.139,-0.097,0.146,-0.54,0.221,0.111,-0.327,-0.048,0.029
36,A2_1,-0.297,0.138,-0.368,0.11,-0.385,-0.101,-0.139,1.0,0.717,0.696,-0.344,-0.627,-0.441,0.152,0.117,0.126
36,A2_2,-0.021,-0.408,-0.593,-0.195,-0.16,0.187,-0.097,0.717,1.0,0.69,-0.185,-0.256,-0.002,-0.228,-0.259,-0.245
36,A2_3,0.008,-0.04,-0.701,-0.144,-0.024,0.032,0.146,0.696,0.69,1.0,-0.678,-0.447,-0.482,0.041,-0.108,0.004
36,B2_1,-0.038,0.083,0.439,0.168,-0.405,-0.286,-0.54,-0.344,-0.185,-0.678,1.0,0.379,0.704,-0.144,-0.141,-0.259
36,B2_2,-0.143,-0.052,0.601,0.43,0.254,0.195,0.221,-0.627,-0.256,-0.447,0.379,1.0,0.758,-0.191,-0.18,-0.195
36,B2_3,-0.104,-0.149,0.466,0.302,0.213,0.345,0.111,-0.441,-0.002,-0.482,0.704,0.758,1.0,-0.477,-0.327,-0.39
36,y1,-0.629,0.086,0.002,-0.048,-0.431,-0.457,-0.327,0.152,-0.228,0.041,-0.144,-0.191,-0.477,1.0,0.892,0.9
36,y2,-0.771,-0.048,0.118,-0.039,-0.13,-0.075,-0.048,0.117,-0.259,-0.108,-0.141,-0.18,-0.327,0.892,1.0,0.988
36,y3,-0.749,-0.042,0.045,-0.058,-0.067,-0.052,0.029,0.126,-0.245,0.004,-0.259,-0.195,-0.39,0.9,0.988,1.0
38,.,1.0,-0.15,-0.557,-0.317,-0.349,-0.27,-0.471,0.033,0.165,0.078,0.235,-0.204,-0.012,-0.515,-0.603,-0.442
38,A1_1,-0.15,1.0,0.686,0.71,-0.093,-0.355,-0.413,0.527,0.007,0.233,0.178,0.066,-0.099,-0.293,-0.152,-0.141
38,A1_2,-0.557,0.686,1.0,0.832,0.128,0.018,-0.045,-0.07,-0.543,-0.406,0.307,0.409,0.09,-0.025,0.164,0.038
38,A1_3,-0.317,0.71,0.832,1.0,-0.207,-0.363,-0.274,0.106,-0.346,-0.378,0.525,0.284,0.094,-0.245,-0.012,0.007
38,B1_1,-0.349,-0.093,0.128,-0.207,1.0,0.705,0.715,0.178,-0.125,0.168,-0.412,-0.16,-0.366,0.021,-0.138,-0.183
38,B1_2,-0.27,-0.355,0.018,-0.363,0.705,1.0,0.598,-0.326,0.024,-0.061,-0.026,0.404,0.351,-0.007,-0.115,-0.365
38,B1_3,-0.471,-0.413,-0.045,-0.274,0.715,0.598,1.0,-0.179,-0.091,-0.041,-0.546,0.122,-0.239,0.026,-0.062,-0.146
38,A2_1,0.033,0.527,-0.07,0.106,0.178,-0.326,-0.179,1.0,0.53,0.813,-0.266,-0.638,-0.504,-0.133,-0.203,0.008
38,A2_2,0.165,0.007,-0.543,-0.346,-0.125,0.024,-0.091,0.53,1.0,0.795,-0.088,-0.105,0.216,-0.202,-0.271,-0.254
38,A2_3,0.078,0.233,-0.406,-0.378,0.168,-0.061,-0.041,0.813,0.795,1.0,-0.492,-0.487,-0.302,-0.018,-0.154,-0.067
38,B2_1,0.235,0.178,0.307,0.525,-0.412,-0.026,-0.546,-0.266,-0.088,-0.492,1.0,0.475,0.705,-0.352,-0.202,-0.259
38,B2_2,-0.204,0.066,0.409,0.284,-0.16,0.404,0.122,-0.638,-0.105,-0.487,0.475,1.0,0.784,-0.324,-0.155,-0.46
38,B2_3,-0.012,-0.099,0.09,0.094,-0.366,0.351,-0.239,-0.504,0.216,-0.302,0.705,0.784,1.0,-0.133,-0.014,-0.273
38,y1,-0.515,-0.293,-0.025,-0.245,0.021,-0.007,0.026,-0.133,-0.202,-0.018,-0.352,-0.324,-0.133,1.0,0.96,0.916
38,y2,-0.603,-0.152,0.164,-0.012,-0.138,-0.115,-0.062,-0.203,-0.271,-0.154,-0.202,-0.155,-0.014,0.96,1.0,0.929
38,y3,-0.442,-0.141,0.038,0.007,-0.183,-0.365,-0.146,0.008,-0.254,-0.067,-0.259,-0.46,-0.273,0.916,0.929,1.0
40,.,1.0,-0.519,-0.642,-0.55,-0.2,-0.134,-0.379,-0.428,0.259,0.128,-0.133,-0.087,-0.14,-0.432,-0.135,-0.556
40,A1_1,-0.519,1.0,0.638,0.719,-0.341,-0.487,-0.291,0.537,-0.211,-0.076,0.203,0.019,-0.104,-0.121,-0.148,-0.004
40,A1_2,-0.642,0.638,1.0,0.856,-0.008,0.087,0.321,-0.083,-0.784,-0.695,0.525,0.368,0.265,0.076,0.074,0.098
40,A1_3,-0.55,0.719,0.856,1.0,-0.349,-0.375,-0.02,0.144,-0.585,-0.629,0.526,0.234,0.093,0.091,-0.012,0.18
40,B1_1,-0.2,-0.341,-0.008,-0.349,1.0,0.62,0.784,-0.192,0.028,0.186,-0.248,-0.202,-0.067,0.003,-0.049,0.048
40,B1_2,-0.134,-0.487,0.087,-0.375,0.62,1.0,0.77,-0.465,-0.217,-0.119,-0.029,0.446,0.396,0.111,0.155,-0.067
40,B1_3,-0.379,-0.291,0.321,-0.02,0.784,0.77,1.0,-0.225,-0.217,-0.171,0.236,0.368,0.411,-0.064,-0.204,-0.056
40,A2_1,-0.428,0.537,-0.083,0.144,-0.192,-0.465,-0.225,1.0,0.611,0.641,-0.068,-0.107,-0.084,-0.156,-0.473,0.054
40,A2_2,0.259,-0.211,-0.784,-0.585,0.028,-0.217,-0.217,0.611,1.0,0.931,-0.497,-0.212,-0.306,-0.249,-0.449,-0.186
40,A2_3,0.128,-0.076,-0.695,-0.629,0.186,-0.119,-0.171,0.641,0.931,1.0,-0.571,-0.329,-0.323,-0.229,-0.369,-0.147
40,B2_1,-0.133,0.203,0.525,0.526,-0.248,-0.029,0.236,-0.068,-0.497,-0.571,1.0,0.491,0.82,-0.399,-0.391,-0.279
40,B2_2,-0.087,0.019,0.368,0.234,-0.202,0.446,0.368,-0.107,-0.212,-0.329,0.491,1.0,0.612,-0.291,-0.322,-0.465
40,B2_3,-0.14,-0.104,0.265,0.093,-0.067,0.396,0.411,-0.084,-0.306,-0.323,0.82,0.612,1.0,-0.291,-0.3,-0.249
40,y1,-0.432,-0.121,0.076,0.091,0.003,0.111,-0.064,-0.156,-0.249,-0.229,-0.399,-0.291,-0.291,1.0,0.876,0.932
40,y2,-0.135,-0.148,0.074,-0.012,-0.049,0.155,-0.204,-0.473,-0.449,-0.369,-0.391,-0.322,-0.3,0.876,1.0,0.73
40,y3,-0.556,-0.004,0.098,0.18,0.048,-0.067,-0.056,0.054,-0.186,-0.147,-0.279,-0.465,-0.249,0.932,0.73,1.0
42,.,1.0,-0.337,-0.402,-0.492,-0.311,-0.243,-0.289,-0.134,0.143,0.185,0.235,-0.187,0.11,-0.58,-0.575,-0.585
42,A1_1,-0.337,1.0,0.597,0.675,-0.247,-0.115,-0.597,0.124,-0.202,-0.24,0.033,0.372,-0.149,-0.283,-0.001,-0.205
42,A1_2,-0.402,0.597,1.0,0.866,0.365,0.052,-0.002,-0.232,-0.223,-0.547,0.206,0.266,0.042,-0.245,-0.295,-0.246
42,A1_3,-0.492,0.675,0.866,1.0,-0.026,-0.331,-0.236,0.098,-0.041,-0.392,0.144,0.087,0.005,-0.077,-0.062,0.057
42,B1_1,-0.311,-0.247,0.365,-0.026,1.0,0.67,0.809,-0.513,-0.196,-0.149,-0.215,-0.008,-0.13,0.143,-0.122,-0.052
42,B1_2,-0.243,-0.115,0.052,-0.331,0.67,1.0,0.629,-0.399,-0.326,-0.105,0.18,0.578,0.289,-0.025,-0.132,-0.261
42,B1_3,-0.289,-0.597,-0.002,-0.236,0.809,0.629,1.0,-0.232,0.092,0.151,-0.046,-0.072,0.142,0.283,-0.069,0.165
42,A2_1,-0.134,0.124,-0.232,0.098,-0.513,-0.399,-0.232,1.0,0.832,0.636,-0.071,-0.08,-0.236,-0.123,0.069,0.141
42,A2_2,0.143,-0.202,-0.223,-0.041,-0.196,-0.326,0.092,0.832,1.0,0.794,-0.091,-0.337,-0.273,-0.299,-0.285,-0.059
42,A2_3,0.185,-0.24,-0.547,-0.392,-0.149,-0.105,0.151,0.636,0.794,1.0,-0.345,-0.436,-0.366,-0.124,-0.089,0.05
42,B2_1,0.235,0.033,0.206,0.144,-0.215,0.18,-0.046,-0.071,-0.091,-0.345,1.0,0.675,0.912,-0.507,-0.578,-0.515
42,B2_2,-0.187,0.372,0.266,0.087,-0.008,0.578,-0.072,-0.08,-0.337,-0.436,0.675,1.0,0.588,-0.335,-0.213,-0.453
42,B2_3,0.11,-0.149,0.042,0.005,-0.13,0.289,0.142,-0.236,-0.273,-0.366,0.912,0.588,1.0,-0.17,-0.327,-0.226
42,y1,-0.58,-0.283,-0.245,-0.077,0.143,-0.025,0.283,-0.123,-0.299,-0.124,-0.507,-0.335,-0.17,1.0,0.902,0.946
42,y2,-0.575,-0.001,-0.295,-0.062,-0.122,-0.132,-0.069,0.069,-0.285,-0.089,-0.578,-0.213,-0.327,0.902,1.0,0.881
42,y3,-0.585,-0.205,-0.246,0.057,-0.052,-0.261,0.165,0.141,-0.059,0.05,-0.515,-0.453,-0.226,0.946,0.881,1.0
44,.,1.0,-0.415,-0.337,-0.39,0.132,-0.084,-0.049,-0.294,-0.229,-0.21,0.312,0.277,-0.09,-0.377,-0.629,-0.673
44,A1_1,-0.415,1.0,0.783,0.835,-0.2,-0.208,-0.444,0.294,-0.113,-0.295,0.113,0.004,-0.06,-0.13,0.168,0.159
44,A1_2,-0.337,0.783,1.0,0.844,0.286,0.092,0.033,-0.258,-0.276,-0.609,0.251,0.083,0.102,-0.139,0.05,0.011
44,A1_3,-0.39,0.835,0.844,1.0,0.181,-0.105,0.023,0.218,0.032,-0.377,0.164,-0.378,-0.175,-0.058,-0.12,0.062
44,B1_1,0.132,-0.2,0.286,0.181,1.0,0.6,0.776,-0.384,0.139,-0.064,-0.18,-0.148,-0.226,-0.08,-0.396,-0.363
44,B1_2,-0.084,-0.208,0.092,-0.105,0.6,1.0,0.65,-0.237,-0.069,0.077,0.028,0.304,0.346,-0.147,-0.155,-0.245
44,B1_3,-0.049,-0.444,0.033,0.023,0.776,0.65,1.0,-0.274,0.283,0.052,0.088,-0.279,0.163,-0.077,-0.435,-0.303
44,A2_1,-0.294,0.294,-0.258,0.218,-0.384,-0.237,-0.274,1.0,0.573,0.627,-0.285,-0.521,-0.365,0.034,-0.052,0.164
44,A2_2,-0.229,-0.113,-0.276,0.032,0.139,-0.069,0.283,0.573,1.0,0.804,-0.349,-0.513,-0.239,-0.279,-0.285,-0.217
44,A2_3,-0.21,-0.295,-0.609,-0.377,-0.064,0.077,0.052,0.627,0.804,1.0,-0.6,-0.25,-0.25,-0.051,0.036,0.009
44,B2_1,0.312,0.113,0.251,0.164,-0.18,0.028,0.088,-0.285,-0.349,-0.6,1.0,0.322,0.718,-0.543,-0.487,-0.488
44,B2_2,0.277,0.004,0.083,-0.378,-0.148,0.304,-0.279,-0.521,-0.513,-0.25,0.322,1.0,0.601,-0.425,0.141,-0.29
44,B2_3,-0.09,-0.06,0.102,-0.175,-0.226,0.346,0.163,-0.365,-0.239,-0.25,0.718,0.601,1.0,-0.455,-0.033,-0.245
44,y1,-0.377,-0.13,-0.139,-0.058,-0.08,-0.147,-0.077,0.034,-0.279,-0.051,-0.543,-0.425,-0.455,1.0,0.658,0.884
44,y2,-0.629,0.168,0.05,-0.12,-0.396,-0.155,-0.435,-0.052,-0.285,0.036,-0.487,0.141,-0.033,0.658,1.0,0.876
44,y3,-0.673,0.159,0.011,0.062,-0.363,-0.245,-0.303,0.164,-0.217,0.009,-0.488,-0.29,-0.245,0.884,0.876,1.0
46,.,1.0,-0.47,-0.369,-0.613,-0.086,-0.358,-0.095,-0.268,-0.244,-0.109,0.273,0.084,-0.355,-0.386,-0.237,-0.411
46,A1_1,-0.47,1.0,0.743,0.771,-0.385,-0.255,-0.397,0.135,0.036,-0.324,0.164,0.362,0.3,0.036,-0.261,-0.117
46,A1_2,-0.369,0.743,1.0,0.713,0.135,0.143,0.234,-0.354,-0.178,-0.672,0.291,0.438,0.281,-0.117,-0.338,-0.265
46,A1_3,-0.613,0.771,0.713,1.0,0.123,-0.082,-0.111,0.367,0.265,-0.087,-0.165,0.015,-0.011,-0.237,-0.388,-0.185
46,B1_1,-0.086,-0.385,0.135,0.123,1.0,0.507,0.605,-0.211,0.376,0.132,-0.311,-0.145,-0.211,-0.324,-0.189,-0.186
46,B1_2,-0.358,-0.255,0.143,-0.082,0.507,1.0,0.626,-0.351,-0.027,0.003,-0.088,0.408,0.462,0.073,-0.083,0.067
46,B1_3,-0.095,-0.397,0.234,-0.111,0.605,0.626,1.0,-0.5,-0.257,-0.347,0.312,-0.089,0.219,-0.113,0.089,-0.104
46,A2_1,-0.268,0.135,-0.354,0.367,-0.211,-0.351,-0.5,1.0,0.548,0.747,-0.361,-0.451,-0.192,-0.262,-0.178,-0.059
46,A2_2,-0.244,0.036,-0.178,0.265,0.376,-0.027,-0.257,0.548,1.0,0.78,-0.306,-0.194,0.051,-0.356,-0.279,-0.278
46,A2_3,-0.109,-0.324,-0.672,-0.087,0.132,0.003,-0.347,0.747,0.78,1.0,-0.484,-0.338,-0.096,-0.199,-0.092,-0.014
46,B2_1,0.273,0.164,0.291,-0.165,-0.311,-0.088,0.312,-0.361,-0.306,-0.484,1.0,0.258,0.604,-0.255,-0.142,-0.512
46,B2_2,0.084,0.362,0.438,0.015,-0.145,0.408,-0.089,-0.451,-0.194,-0.338,0.258,1.0,0.526,-0.071,-0.497,-0.298
46,B2_3,-0.355,0.3,0.281,-0.011,-0.211,0.462,0.219,-0.192,0.051,-0.096,0.604,0.526,1.0,0.062,-0.086,-0.193
46,y1,-0.386,0.036,-0.117,-0.237,-0.324,0.073,-0.113,-0.262,-0.356,-0.199,-0.255,-0.071,0.062,1.0,0.86,0.935
