,,.,A1_1,A1_2,A1_3,B1_1,B1_2,B1_3,A2_1,A2_2,A2_3,B2_1,B2_2,B2_3,y1,y2,y3
1,.,1.0,0.941,0.965,0.961,0.966,0.943,0.892,0.916,0.916,0.899,0.861,0.856,0.923,0.882,0.953,0.91
1,A1_1,0.941,1.0,0.923,0.922,0.944,0.962,0.954,0.959,0.912,0.921,0.888,0.854,0.927,0.9,0.917,0.909
1,A1_2,0.965,0.923,1.0,0.889,0.947,0.9,0.881,0.927,0.896,0.828,0.833,0.766,0.853,0.792,0.901,0.82
1,A1_3,0.961,0.922,0.889,1.0,0.93,0.946,0.87,0.891,0.912,0.91,0.866,0.897,0.932,0.891,0.933,0.94
1,B1_1,0.966,0.944,0.947,0.93,1.0,0.947,0.897,0.892,0.869,0.875,0.907,0.811,0.881,0.861,0.936,0.907
1,B1_2,0.943,0.962,0.9,0.946,0.947,1.0,0.966,0.942,0.89,0.93,0.935,0.849,0.938,0.928,0.896,0.945
1,B1_3,0.892,0.954,0.881,0.87,0.897,0.966,1.0,0.951,0.826,0.912,0.932,0.788,0.903,0.905,0.82,0.901
1,A2_1,0.916,0.959,0.927,0.891,0.892,0.942,0.951,1.0,0.915,0.906,0.856,0.845,0.919,0.866,0.884,0.864
1,A2_2,0.916,0.912,0.896,0.912,0.869,0.89,0.826,0.915,1.0,0.836,0.76,0.9,0.905,0.853,0.921,0.865
1,A2_3,0.899,0.921,0.828,0.91,0.875,0.93,0.912,0.906,0.836,1.0,0.909,0.917,0.982,0.944,0.909,0.931
1,B2_1,0.861,0.888,0.833,0.866,0.907,0.935,0.932,0.856,0.76,0.909,1.0,0.786,0.888,0.889,0.813,0.905
1,B2_2,0.856,0.854,0.766,0.897,0.811,0.849,0.788,0.845,0.9,0.917,0.786,1.0,0.953,0.921,0.926,0.923
1,B2_3,0.923,0.927,0.853,0.932,0.881,0.938,0.903,0.919,0.905,0.982,0.888,0.953,1.0,0.966,0.927,0.943
1,y1,0.882,0.9,0.792,0.891,0.861,0.928,0.905,0.866,0.853,0.944,0.889,0.921,0.966,1.0,0.871,0.961
1,y2,0.953,0.917,0.901,0.933,0.936,0.896,0.82,0.884,0.921,0.909,0.813,0.926,0.927,0.871,1.0,0.91
1,y3,0.91,0.909,0.82,0.94,0.907,0.945,0.901,0.864,0.865,0.931,0.905,0.923,0.943,0.961,0.91,1.0
2,.,1.0,0.943,0.966,0.962,0.967,0.945,0.895,0.918,0.918,0.903,0.865,0.86,0.926,0.886,0.953,0.912
2,A1_1,0.943,1.0,0.925,0.924,0.946,0.962,0.955,0.96,0.914,0.922,0.89,0.858,0.928,0.901,0.919,0.911
2,A1_2,0.966,0.925,1.0,0.891,0.949,0.902,0.883,0.928,0.897,0.832,0.836,0.771,0.856,0.797,0.902,0.823
2,A1_3,0.962,0.924,0.891,1.0,0.931,0.947,0.873,0.893,0.915,0.911,0.868,0.899,0.933,0.893,0.934,0.941
2,B1_1,0.967,0.946,0.949,0.931,1.0,0.948,0.9,0.895,0.871,0.879,0.91,0.815,0.884,0.864,0.937,0.909
2,B1_2,0.945,0.962,0.902,0.947,0.948,1.0,0.966,0.945,0.893,0.932,0.937,0.854,0.94,0.93,0.898,0.946
2,B1_3,0.895,0.955,0.883,0.873,0.9,0.966,1.0,0.952,0.829,0.915,0.934,0.795,0.905,0.907,0.823,0.904
2,A2_1,0.918,0.96,0.928,0.893,0.895,0.945,0.952,1.0,0.916,0.91,0.862,0.851,0.922,0.871,0.887,0.868
2,A2_2,0.918,0.914,0.897,0.915,0.871,0.893,0.829,0.916,1.0,0.839,0.765,0.903,0.908,0.857,0.922,0.868
2,A2_3,0.903,0.922,0.832,0.911,0.879,0.932,0.915,0.91,0.839,1.0,0.912,0.92,0.982,0.945,0.911,0.933
2,B2_1,0.865,0.89,0.836,0.868,0.91,0.937,0.934,0.862,0.765,0.912,1.0,0.793,0.891,0.892,0.817,0.908
2,B2_2,0.86,0.858,0.771,0.899,0.815,0.854,0.795,0.851,0.903,0.92,0.793,1.0,0.954,0.923,0.927,0.925
2,B2_3,0.926,0.928,0.856,0.933,0.884,0.94,0.905,0.922,0.908,0.982,0.891,0.954,1.0,0.967,0.928,0.944
2,y1,0.886,0.901,0.797,0.893,0.864,0.93,0.907,0.871,0.857,0.945,0.892,0.923,0.967,1.0,0.874,0.962
2,y2,0.953,0.919,0.902,0.934,0.937,0.898,0.823,0.887,0.922,0.911,0.817,0.927,0.928,0.874,1.0,0.911
2,y3,0.912,0.911,0.823,0.941,0.909,0.946,0.904,0.868,0.868,0.933,0.908,0.925,0.944,0.962,0.911,1.0
3,.,1.0,0.945,0.967,0.964,0.968,0.947,0.898,0.921,0.921,0.907,0.87,0.866,0.93,0.891,0.955,0.915
3,A1_1,0.945,1.0,0.928,0.927,0.949,0.963,0.955,0.962,0.916,0.925,0.894,0.863,0.931,0.904,0.921,0.913
3,A1_2,0.967,0.928,1.0,0.894,0.95,0.904,0.886,0.93,0.899,0.838,0.842,0.779,0.861,0.804,0.904,0.828
3,A1_3,0.964,0.927,0.894,1.0,0.933,0.949,0.876,0.897,0.917,0.913,0.871,0.902,0.935,0.897,0.936,0.942
3,B1_1,0.968,0.949,0.95,0.933,1.0,0.95,0.904,0.901,0.875,0.884,0.913,0.822,0.888,0.869,0.938,0.912
3,B1_2,0.947,0.963,0.904,0.949,0.95,1.0,0.968,0.948,0.896,0.935,0.94,0.86,0.943,0.932,0.901,0.948
3,B1_3,0.898,0.955,0.886,0.876,0.904,0.968,1.0,0.954,0.833,0.918,0.937,0.803,0.909,0.911,0.828,0.908
3,A2_1,0.921,0.962,0.93,0.897,0.901,0.948,0.954,1.0,0.919,0.914,0.869,0.858,0.927,0.876,0.891,0.874
3,A2_2,0.921,0.916,0.899,0.917,0.875,0.896,0.833,0.919,1.0,0.845,0.772,0.907,0.912,0.862,0.924,0.872
3,A2_3,0.907,0.925,0.838,0.913,0.884,0.935,0.918,0.914,0.845,1.0,0.916,0.924,0.983,0.947,0.914,0.935
3,B2_1,0.87,0.894,0.842,0.871,0.913,0.94,0.937,0.869,0.772,0.916,1.0,0.801,0.894,0.896,0.822,0.911
3,B2_2,0.866,0.863,0.779,0.902,0.822,0.86,0.803,0.858,0.907,0.924,0.801,1.0,0.956,0.926,0.93,0.927
3,B2_3,0.93,0.931,0.861,0.935,0.888,0.943,0.909,0.927,0.912,0.983,0.894,0.956,1.0,0.968,0.93,0.946
3,y1,0.891,0.904,0.804,0.897,0.869,0.932,0.911,0.876,0.862,0.947,0.896,0.926,0.968,1.0,0.878,0.964
3,y2,0.955,0.921,0.904,0.936,0.938,0.901,0.828,0.891,0.924,0.914,0.822,0.93,0.93,0.878,1.0,0.914
3,y3,0.915,0.913,0.828,0.942,0.912,0.948,0.908,0.874,0.872,0.935,0.911,0.927,0.946,0.964,0.914,1.0
4,.,1.0,0.948,0.967,0.965,0.969,0.949,0.903,0.925,0.924,0.912,0.876,0.873,0.934,0.896,0.956,0.919
4,A1_1,0.948,1.0,0.93,0.929,0.951,0.964,0.957,0.964,0.919,0.928,0.898,0.869,0.933,0.907,0.924,0.916
4,A1_2,0.967,0.93,1.0,0.897,0.952,0.908,0.89,0.932,0.902,0.844,0.848,0.788,0.867,0.811,0.906,0.834
4,A1_3,0.965,0.929,0.897,1.0,0.936,0.95,0.88,0.901,0.921,0.916,0.875,0.906,0.938,0.901,0.938,0.944
4,B1_1,0.969,0.951,0.952,0.936,1.0,0.952,0.909,0.906,0.879,0.89,0.918,0.83,0.893,0.874,0.94,0.916
4,B1_2,0.949,0.964,0.908,0.95,0.952,1.0,0.969,0.951,0.899,0.938,0.943,0.866,0.946,0.935,0.904,0.95
4,B1_3,0.903,0.957,0.89,0.88,0.909,0.969,1.0,0.956,0.838,0.922,0.94,0.812,0.913,0.915,0.834,0.912
4,A2_1,0.925,0.964,0.932,0.901,0.906,0.951,0.956,1.0,0.922,0.919,0.876,0.866,0.931,0.883,0.895,0.88
4,A2_2,0.924,0.919,0.902,0.921,0.879,0.899,0.838,0.922,1.0,0.851,0.78,0.911,0.915,0.868,0.926,0.877
4,A2_3,0.912,0.928,0.844,0.916,0.89,0.938,0.922,0.919,0.851,1.0,0.92,0.928,0.984,0.95,0.918,0.938
4,B2_1,0.876,0.898,0.848,0.875,0.918,0.943,0.94,0.876,0.78,0.92,1.0,0.81,0.899,0.9,0.829,0.915
4,B2_2,0.873,0.869,0.788,0.906,0.83,0.866,0.812,0.866,0.911,0.928,0.81,1.0,0.958,0.93,0.933,0.93
4,B2_3,0.934,0.933,0.867,0.938,0.893,0.946,0.913,0.931,0.915,0.984,0.899,0.958,1.0,0.969,0.933,0.948
4,y1,0.896,0.907,0.811,0.901,0.874,0.935,0.915,0.883,0.868,0.95,0.9,0.93,0.969,1.0,0.883,0.965
4,y2,0.956,0.924,0.906,0.938,0.94,0.904,0.834,0.895,0.926,0.918,0.829,0.933,0.933,0.883,1.0,0.917
4,y3,0.919,0.916,0.834,0.944,0.916,0.95,0.912,0.88,0.877,0.938,0.915,0.93,0.948,0.965,0.917,1.0
5,.,1.0,0.95,0.968,0.967,0.97,0.952,0.906,0.928,0.927,0.916,0.882,0.879,0.938,0.902,0.958,0.923
5,A1_1,0.95,1.0,0.933,0.932,0.953,0.965,0.958,0.965,0.922,0.931,0.902,0.875,0.936,0.911,0.927,0.919
5,A1_2,0.968,0.933,1.0,0.9,0.954,0.911,0.893,0.935,0.905,0.851,0.854,0.797,0.872,0.819,0.909,0.84
5,A1_3,0.967,0.932,0.9,1.0,0.938,0.952,0.884,0.905,0.924,0.919,0.879,0.91,0.94,0.905,0.94,0.946
5,B1_1,0.97,0.953,0.954,0.938,1.0,0.954,0.913,0.912,0.883,0.895,0.922,0.838,0.898,0.88,0.942,0.919
5,B1_2,0.952,0.965,0.911,0.952,0.954,1.0,0.97,0.954,0.903,0.941,0.946,0.873,0.948,0.937,0.908,0.952
5,B1_3,0.906,0.958,0.893,0.884,0.913,0.97,1.0,0.957,0.843,0.925,0.943,0.821,0.916,0.919,0.84,0.916
5,A2_1,0.928,0.965,0.935,0.905,0.912,0.954,0.957,1.0,0.925,0.923,0.883,0.874,0.935,0.889,0.899,0.886
5,A2_2,0.927,0.922,0.905,0.924,0.883,0.903,0.843,0.925,1.0,0.857,0.788,0.916,0.919,0.873,0.929,0.881
5,A2_3,0.916,0.931,0.851,0.919,0.895,0.941,0.925,0.923,0.857,1.0,0.923,0.931,0.984,0.952,0.921,0.941
5,B2_1,0.882,0.902,0.854,0.879,0.922,0.946,0.943,0.883,0.788,0.923,1.0,0.819,0.903,0.904,0.835,0.918
5,B2_2,0.879,0.875,0.797,0.91,0.838,0.873,0.821,0.874,0.916,0.931,0.819,1.0,0.96,0.933,0.935,0.933
5,B2_3,0.938,0.936,0.872,0.94,0.898,0.948,0.916,0.935,0.919,0.984,0.903,0.96,1.0,0.97,0.936,0.95
5,y1,0.902,0.911,0.819,0.905,0.88,0.937,0.919,0.889,0.873,0.952,0.904,0.933,0.97,1.0,0.888,0.967
5,y2,0.958,0.927,0.909,0.94,0.942,0.908,0.84,0.899,0.929,0.921,0.835,0.935,0.936,0.888,1.0,0.92
5,y3,0.923,0.919,0.84,0.946,0.919,0.952,0.916,0.886,0.881,0.941,0.918,0.933,0.95,0.967,0.92,1.0
6,.,1.0,0.953,0.969,0.968,0.971,0.954,0.91,0.932,0.931,0.921,0.887,0.885,0.941,0.907,0.96,0.926
6,A1_1,0.953,1.0,0.936,0.935,0.956,0.967,0.959,0.967,0.925,0.934,0.906,0.881,0.939,0.914,0.929,0.923
6,A1_2,0.969,0.936,1.0,0.904,0.956,0.914,0.897,0.937,0.908,0.857,0.86,0.806,0.878,0.827,0.912,0.846
6,A1_3,0.968,0.935,0.904,1.0,0.94,0.954,0.888,0.909,0.927,0.922,0.883,0.914,0.943,0.909,0.942,0.948
6,B1_1,0.971,0.956,0.956,0.94,1.0,0.956,0.918,0.917,0.888,0.901,0.926,0.846,0.904,0.886,0.944,0.923
6,B1_2,0.954,0.967,0.914,0.954,0.956,1.0,0.971,0.957,0.906,0.944,0.948,0.88,0.951,0.94,0.911,0.954
6,B1_3,0.91,0.959,0.897,0.888,0.918,0.971,1.0,0.959,0.848,0.929,0.946,0.83,0.92,0.923,0.847,0.92
6,A2_1,0.932,0.967,0.937,0.909,0.917,0.957,0.959,1.0,0.928,0.927,0.89,0.881,0.939,0.894,0.904,0.891
6,A2_2,0.931,0.925,0.908,0.927,0.888,0.906,0.848,0.928,1.0,0.863,0.797,0.92,0.923,0.879,0.931,0.886
6,A2_3,0.921,0.934,0.857,0.922,0.901,0.944,0.929,0.927,0.863,1.0,0.927,0.935,0.985,0.954,0.925,0.943
6,B2_1,0.887,0.906,0.86,0.883,0.926,0.948,0.946,0.89,0.797,0.927,1.0,0.827,0.908,0.909,0.841,0.922
6,B2_2,0.885,0.881,0.806,0.914,0.846,0.88,0.83,0.881,0.92,0.935,0.827,1.0,0.962,0.936,0.938,0.936
6,B2_3,0.941,0.939,0.878,0.943,0.904,0.951,0.92,0.939,0.923,0.985,0.908,0.962,1.0,0.971,0.938,0.952
6,y1,0.907,0.914,0.827,0.909,0.886,0.94,0.923,0.894,0.879,0.954,0.909,0.936,0.971,1.0,0.893,0.969
6,y2,0.96,0.929,0.912,0.942,0.944,0.911,0.847,0.904,0.931,0.925,0.841,0.938,0.938,0.893,1.0,0.923
6,y3,0.926,0.923,0.846,0.948,0.923,0.954,0.92,0.891,0.886,0.943,0.922,0.936,0.952,0.969,0.923,1.0
7,.,1.0,0.955,0.97,0.969,0.972,0.956,0.914,0.935,0.933,0.925,0.892,0.891,0.944,0.911,0.961,0.929
7,A1_1,0.955,1.0,0.938,0.937,0.958,0.968,0.96,0.969,0.927,0.937,0.91,0.887,0.942,0.918,0.932,0.925
7,A1_2,0.97,0.938,1.0,0.907,0.958,0.918,0.9,0.94,0.911,0.864,0.866,0.815,0.884,0.834,0.915,0.852
7,A1_3,0.969,0.937,0.907,1.0,0.943,0.955,0.892,0.913,0.93,0.925,0.887,0.918,0.945,0.913,0.943,0.95
7,B1_1,0.972,0.958,0.958,0.943,1.0,0.959,0.922,0.922,0.892,0.906,0.93,0.853,0.908,0.891,0.946,0.927
7,B1_2,0.956,0.968,0.918,0.955,0.959,1.0,0.973,0.96,0.91,0.947,0.951,0.885,0.953,0.943,0.914,0.955
7,B1_3,0.914,0.96,0.9,0.892,0.922,0.973,1.0,0.961,0.853,0.932,0.949,0.838,0.924,0.926,0.852,0.923
7,A2_1,0.935,0.969,0.94,0.913,0.922,0.96,0.961,1.0,0.931,0.931,0.895,0.887,0.942,0.899,0.908,0.896
7,A2_2,0.933,0.927,0.911,0.93,0.892,0.91,0.853,0.931,1.0,0.868,0.804,0.924,0.926,0.883,0.934,0.89
7,A2_3,0.925,0.937,0.864,0.925,0.906,0.947,0.932,0.931,0.868,1.0,0.93,0.938,0.986,0.956,0.928,0.946
7,B2_1,0.892,0.91,0.866,0.887,0.93,0.951,0.949,0.895,0.804,0.93,1.0,0.835,0.912,0.912,0.847,0.925
7,B2_2,0.891,0.887,0.815,0.918,0.853,0.885,0.838,0.887,0.924,0.938,0.835,1.0,0.964,0.939,0.941,0.939
7,B2_3,0.944,0.942,0.884,0.945,0.908,0.953,0.924,0.942,0.926,0.986,0.912,0.964,1.0,0.972,0.941,0.953
7,y1,0.911,0.918,0.834,0.913,0.891,0.943,0.926,0.899,0.883,0.956,0.912,0.939,0.972,1.0,0.897,0.97
7,y2,0.961,0.932,0.915,0.943,0.946,0.914,0.852,0.908,0.934,0.928,0.847,0.941,0.941,0.897,1.0,0.926
7,y3,0.929,0.925,0.852,0.95,0.927,0.955,0.923,0.896,0.89,0.946,0.925,0.939,0.953,0.97,0.926,1.0
8,.,1.0,0.957,0.971,0.97,0.974,0.958,0.917,0.938,0.936,0.928,0.897,0.896,0.947,0.915,0.963,0.932
8,A1_1,0.957,1.0,0.94,0.939,0.96,0.969,0.961,0.97,0.929,0.939,0.913,0.891,0.945,0.921,0.934,0.928
8,A1_2,0.971,0.94,1.0,0.91,0.959,0.92,0.903,0.942,0.914,0.869,0.87,0.822,0.888,0.84,0.918,0.857
8,A1_3,0.97,0.939,0.91,1.0,0.945,0.956,0.895,0.916,0.932,0.928,0.891,0.921,0.947,0.916,0.945,0.951
8,B1_1,0.974,0.96,0.959,0.945,1.0,0.961,0.926,0.926,0.896,0.911,0.933,0.86,0.913,0.896,0.948,0.93
8,B1_2,0.958,0.969,0.92,0.956,0.961,1.0,0.974,0.962,0.912,0.949,0.953,0.891,0.955,0.945,0.917,0.957
8,B1_3,0.917,0.961,0.903,0.895,0.926,0.974,1.0,0.962,0.857,0.934,0.951,0.845,0.927,0.929,0.856,0.926
8,A2_1,0.938,0.97,0.942,0.916,0.926,0.962,0.962,1.0,0.934,0.934,0.9,0.893,0.945,0.903,0.911,0.9
8,A2_2,0.936,0.929,0.914,0.932,0.896,0.912,0.857,0.934,1.0,0.873,0.811,0.927,0.929,0.887,0.935,0.893
8,A2_3,0.928,0.939,0.869,0.928,0.911,0.949,0.934,0.934,0.873,1.0,0.933,0.941,0.986,0.958,0.931,0.947
8,B2_1,0.897,0.913,0.87,0.891,0.933,0.953,0.951,0.9,0.811,0.933,1.0,0.842,0.915,0.916,0.852,0.928
8,B2_2,0.896,0.891,0.822,0.921,0.86,0.891,0.845,0.893,0.927,0.941,0.842,1.0,0.966,0.942,0.943,0.941
8,B2_3,0.947,0.945,0.888,0.947,0.913,0.955,0.927,0.945,0.929,0.986,0.915,0.966,1.0,0.973,0.943,0.955
8,y1,0.915,0.921,0.84,0.916,0.896,0.945,0.929,0.903,0.887,0.958,0.916,0.942,0.973,1.0,0.901,0.971
8,y2,0.963,0.934,0.918,0.945,0.948,0.917,0.856,0.911,0.935,0.931,0.852,0.943,0.943,0.901,1.0,0.929
8,y3,0.932,0.928,0.857,0.951,0.93,0.957,0.926,0.9,0.893,0.947,0.928,0.941,0.955,0.971,0.929,1.0
9,.,1.0,0.958,0.972,0.971,0.974,0.959,0.919,0.94,0.937,0.931,0.9,0.9,0.949,0.918,0.964,0.934
9,A1_1,0.958,1.0,0.942,0.941,0.962,0.97,0.962,0.972,0.931,0.941,0.916,0.896,0.947,0.923,0.936,0.93
9,A1_2,0.972,0.942,1.0,0.912,0.96,0.922,0.906,0.944,0.916,0.873,0.875,0.828,0.892,0.845,0.92,0.861
9,A1_3,0.971,0.941,0.912,1.0,0.946,0.957,0.897,0.919,0.934,0.93,0.894,0.924,0.949,0.919,0.946,0.952
9,B1_1,0.974,0.962,0.96,0.946,1.0,0.962,0.929,0.93,0.899,0.915,0.936,0.865,0.916,0.9,0.949,0.933
9,B1_2,0.959,0.97,0.922,0.957,0.962,1.0,0.975,0.964,0.914,0.951,0.955,0.895,0.957,0.946,0.919,0.958
9,B1_3,0.919,0.962,0.906,0.897,0.929,0.975,1.0,0.963,0.86,0.936,0.953,0.851,0.929,0.931,0.86,0.928
9,A2_1,0.94,0.972,0.944,0.919,0.93,0.964,0.963,1.0,0.935,0.936,0.905,0.897,0.948,0.907,0.914,0.904
9,A2_2,0.937,0.931,0.916,0.934,0.899,0.914,0.86,0.935,1.0,0.876,0.816,0.93,0.932,0.891,0.937,0.896
9,A2_3,0.931,0.941,0.873,0.93,0.915,0.951,0.936,0.936,0.876,1.0,0.935,0.943,0.987,0.959,0.933,0.949
9,B2_1,0.9,0.916,0.875,0.894,0.936,0.955,0.953,0.905,0.816,0.935,1.0,0.847,0.918,0.918,0.856,0.93
9,B2_2,0.9,0.896,0.828,0.924,0.865,0.895,0.851,0.897,0.93,0.943,0.847,1.0,0.967,0.944,0.944,0.943
9,B2_3,0.949,0.947,0.892,0.949,0.916,0.957,0.929,0.948,0.932,0.987,0.918,0.967,1.0,0.974,0.944,0.956
9,y1,0.918,0.923,0.845,0.919,0.9,0.946,0.931,0.907,0.891,0.959,0.918,0.944,0.974,1.0,0.904,0.972
9,y2,0.964,0.936,0.92,0.946,0.949,0.919,0.86,0.914,0.937,0.933,0.856,0.944,0.944,0.904,1.0,0.931
9,y3,0.934,0.93,0.861,0.952,0.933,0.958,0.928,0.904,0.896,0.949,0.93,0.943,0.956,0.972,0.931,1.0
10,.,1.0,0.958,0.972,0.971,0.975,0.959,0.92,0.941,0.939,0.932,0.902,0.902,0.95,0.92,0.965,0.936
10,A1_1,0.958,1.0,0.943,0.942,0.963,0.97,0.962,0.972,0.932,0.943,0.918,0.899,0.949,0.925,0.937,0.931
10,A1_2,0.972,0.943,1.0,0.914,0.961,0.924,0.907,0.945,0.918,0.876,0.878,0.833,0.895,0.848,0.922,0.864
10,A1_3,0.971,0.942,0.914,1.0,0.948,0.958,0.899,0.921,0.935,0.931,0.896,0.926,0.95,0.921,0.948,0.953
10,B1_1,0.975,0.963,0.961,0.948,1.0,0.963,0.931,0.933,0.901,0.918,0.938,0.87,0.919,0.903,0.95,0.935
10,B1_2,0.959,0.97,0.924,0.958,0.963,1.0,0.976,0.965,0.916,0.953,0.956,0.898,0.958,0.948,0.92,0.959
10,B1_3,0.92,0.962,0.907,0.899,0.931,0.976,1.0,0.964,0.862,0.938,0.955,0.855,0.931,0.933,0.862,0.93
10,A2_1,0.941,0.972,0.945,0.921,0.933,0.965,0.964,1.0,0.937,0.938,0.908,0.901,0.95,0.909,0.916,0.906
10,A2_2,0.939,0.932,0.918,0.935,0.901,0.916,0.862,0.937,1.0,0.879,0.82,0.932,0.933,0.893,0.938,0.898
10,A2_3,0.932,0.943,0.876,0.931,0.918,0.953,0.938,0.938,0.879,1.0,0.937,0.945,0.987,0.96,0.934,0.95
10,B2_1,0.902,0.918,0.878,0.896,0.938,0.956,0.955,0.908,0.82,0.937,1.0,0.852,0.92,0.92,0.859,0.931
10,B2_2,0.902,0.899,0.833,0.926,0.87,0.898,0.855,0.901,0.932,0.945,0.852,1.0,0.968,0.946,0.945,0.945
10,B2_3,0.95,0.949,0.895,0.95,0.919,0.958,0.931,0.95,0.933,0.987,0.92,0.968,1.0,0.974,0.945,0.957
10,y1,0.92,0.925,0.848,0.921,0.903,0.948,0.933,0.909,0.893,0.96,0.92,0.946,0.974,1.0,0.906,0.973
10,y2,0.965,0.937,0.922,0.948,0.95,0.92,0.862,0.916,0.938,0.934,0.859,0.945,0.945,0.906,1.0,0.932
10,y3,0.936,0.931,0.864,0.953,0.935,0.959,0.93,0.906,0.898,0.95,0.931,0.945,0.957,0.973,0.932,1.0
11,.,1.0,0.959,0.972,0.972,0.976,0.959,0.92,0.942,0.94,0.933,0.904,0.904,0.951,0.922,0.966,0.937
11,A1_1,0.959,1.0,0.944,0.943,0.964,0.971,0.963,0.973,0.933,0.944,0.92,0.902,0.95,0.926,0.938,0.932
11,A1_2,0.972,0.944,1.0,0.916,0.962,0.925,0.908,0.946,0.919,0.879,0.88,0.837,0.897,0.851,0.923,0.866
11,A1_3,0.972,0.943,0.916,1.0,0.949,0.958,0.9,0.922,0.936,0.932,0.898,0.928,0.951,0.922,0.949,0.954
11,B1_1,0.976,0.964,0.962,0.949,1.0,0.964,0.933,0.936,0.903,0.92,0.94,0.874,0.921,0.906,0.951,0.937
11,B1_2,0.959,0.971,0.925,0.958,0.964,1.0,0.976,0.967,0.917,0.954,0.958,0.901,0.96,0.948,0.92,0.959
11,B1_3,0.92,0.963,0.908,0.9,0.933,0.976,1.0,0.964,0.864,0.939,0.956,0.859,0.933,0.934,0.864,0.931
11,A2_1,0.942,0.973,0.946,0.922,0.936,0.967,0.964,1.0,0.938,0.94,0.911,0.904,0.951,0.911,0.917,0.908
11,A2_2,0.94,0.933,0.919,0.936,0.903,0.917,0.864,0.938,1.0,0.881,0.823,0.933,0.934,0.895,0.939,0.9
11,A2_3,0.933,0.944,0.879,0.932,0.92,0.954,0.939,0.94,0.881,1.0,0.939,0.946,0.987,0.96,0.935,0.951
11,B2_1,0.904,0.92,0.88,0.898,0.94,0.958,0.956,0.911,0.823,0.939,1.0,0.856,0.922,0.922,0.86,0.932
11,B2_2,0.904,0.902,0.837,0.928,0.874,0.901,0.859,0.904,0.933,0.946,0.856,1.0,0.969,0.947,0.946,0.946
11,B2_3,0.951,0.95,0.897,0.951,0.921,0.96,0.933,0.951,0.934,0.987,0.922,0.969,1.0,0.974,0.945,0.957
11,y1,0.922,0.926,0.851,0.922,0.906,0.948,0.934,0.911,0.895,0.96,0.922,0.947,0.974,1.0,0.908,0.973
11,y2,0.966,0.938,0.923,0.949,0.951,0.92,0.864,0.917,0.939,0.935,0.86,0.946,0.945,0.908,1.0,0.933
11,y3,0.937,0.932,0.866,0.954,0.937,0.959,0.931,0.908,0.9,0.951,0.932,0.946,0.957,0.973,0.933,1.0
12,.,1.0,0.959,0.972,0.972,0.976,0.959,0.92,0.942,0.94,0.934,0.905,0.906,0.951,0.923,0.966,0.937
12,A1_1,0.959,1.0,0.945,0.944,0.965,0.971,0.963,0.974,0.933,0.945,0.921,0.904,0.951,0.927,0.939,0.933
12,A1_2,0.972,0.945,1.0,0.917,0.962,0.925,0.909,0.947,0.92,0.881,0.882,0.84,0.899,0.853,0.924,0.868
12,A1_3,0.972,0.944,0.917,1.0,0.95,0.958,0.901,0.924,0.937,0.933,0.899,0.929,0.952,0.923,0.949,0.954
12,B1_1,0.976,0.965,0.962,0.95,1.0,0.965,0.934,0.938,0.905,0.923,0.941,0.877,0.923,0.908,0.951,0.939
12,B1_2,0.959,0.971,0.925,0.958,0.965,1.0,0.977,0.968,0.917,0.955,0.959,0.903,0.96,0.949,0.92,0.959
12,B1_3,0.92,0.963,0.909,0.901,0.934,0.977,1.0,0.965,0.865,0.94,0.958,0.862,0.934,0.935,0.865,0.931
12,A2_1,0.942,0.974,0.947,0.924,0.938,0.968,0.965,1.0,0.938,0.941,0.913,0.907,0.952,0.912,0.918,0.909
12,A2_2,0.94,0.933,0.92,0.937,0.905,0.917,0.865,0.938,1.0,0.882,0.826,0.934,0.935,0.896,0.94,0.9
12,A2_3,0.934,0.945,0.881,0.933,0.923,0.955,0.94,0.941,0.882,1.0,0.94,0.947,0.987,0.961,0.935,0.951
12,B2_1,0.905,0.921,0.882,0.899,0.941,0.959,0.958,0.913,0.826,0.94,1.0,0.859,0.924,0.923,0.862,0.933
12,B2_2,0.906,0.904,0.84,0.929,0.877,0.903,0.862,0.907,0.934,0.947,0.859,1.0,0.969,0.948,0.946,0.947
12,B2_3,0.951,0.951,0.899,0.952,0.923,0.96,0.934,0.952,0.935,0.987,0.924,0.969,1.0,0.975,0.945,0.957
12,y1,0.923,0.927,0.853,0.923,0.908,0.949,0.935,0.912,0.896,0.961,0.923,0.948,0.975,1.0,0.909,0.974
12,y2,0.966,0.939,0.924,0.949,0.951,0.92,0.865,0.918,0.94,0.935,0.862,0.946,0.945,0.909,1.0,0.934
12,y3,0.937,0.933,0.868,0.954,0.939,0.959,0.931,0.909,0.9,0.951,0.933,0.947,0.957,0.974,0.934,1.0
13,.,1.0,0.959,0.973,0.972,0.976,0.958,0.92,0.942,0.94,0.934,0.905,0.907,0.951,0.923,0.966,0.938
13,A1_1,0.959,1.0,0.945,0.944,0.966,0.971,0.963,0.974,0.934,0.946,0.923,0.906,0.952,0.928,0.939,0.934
13,A1_2,0.973,0.945,1.0,0.917,0.963,0.926,0.909,0.948,0.921,0.882,0.883,0.842,0.9,0.854,0.925,0.869
13,A1_3,0.972,0.944,0.917,1.0,0.95,0.958,0.901,0.924,0.938,0.934,0.899,0.93,0.952,0.924,0.95,0.955
13,B1_1,0.976,0.966,0.963,0.95,1.0,0.966,0.936,0.939,0.906,0.925,0.942,0.879,0.925,0.91,0.952,0.94
13,B1_2,0.958,0.971,0.926,0.958,0.966,1.0,0.977,0.968,0.918,0.956,0.96,0.905,0.961,0.95,0.92,0.959
13,B1_3,0.92,0.963,0.909,0.901,0.936,0.977,1.0,0.965,0.866,0.941,0.959,0.865,0.935,0.935,0.865,0.931
13,A2_1,0.942,0.974,0.948,0.924,0.939,0.968,0.965,1.0,0.939,0.942,0.915,0.909,0.953,0.913,0.918,0.91
13,A2_2,0.94,0.934,0.921,0.938,0.906,0.918,0.866,0.939,1.0,0.883,0.827,0.935,0.935,0.896,0.94,0.901
13,A2_3,0.934,0.946,0.882,0.934,0.925,0.956,0.941,0.942,0.883,1.0,0.941,0.948,0.988,0.961,0.936,0.951
13,B2_1,0.905,0.923,0.883,0.899,0.942,0.96,0.959,0.915,0.827,0.941,1.0,0.862,0.925,0.924,0.862,0.933
13,B2_2,0.907,0.906,0.842,0.93,0.879,0.905,0.865,0.909,0.935,0.948,0.862,1.0,0.97,0.949,0.946,0.948
13,B2_3,0.951,0.952,0.9,0.952,0.925,0.961,0.935,0.953,0.935,0.988,0.925,0.97,1.0,0.975,0.945,0.957
13,y1,0.923,0.928,0.854,0.924,0.91,0.95,0.935,0.913,0.896,0.961,0.924,0.949,0.975,1.0,0.91,0.974
13,y2,0.966,0.939,0.925,0.95,0.952,0.92,0.865,0.918,0.94,0.936,0.862,0.946,0.945,0.91,1.0,0.935
13,y3,0.938,0.934,0.869,0.955,0.94,0.959,0.931,0.91,0.901,0.951,0.933,0.948,0.957,0.974,0.935,1.0
14,.,1.0,0.958,0.973,0.972,0.976,0.957,0.919,0.941,0.94,0.934,0.905,0.907,0.95,0.923,0.966,0.937
14,A1_1,0.958,1.0,0.945,0.944,0.966,0.972,0.963,0.974,0.934,0.947,0.923,0.907,0.953,0.928,0.939,0.934
14,A1_2,0.973,0.945,1.0,0.918,0.963,0.925,0.909,0.948,0.921,0.883,0.883,0.843,0.901,0.855,0.925,0.869
14,A1_3,0.972,0.944,0.918,1.0,0.951,0.957,0.901,0.924,0.938,0.934,0.899,0.93,0.952,0.924,0.95,0.955
14,B1_1,0.976,0.966,0.963,0.951,1.0,0.966,0.937,0.941,0.907,0.926,0.943,0.881,0.926,0.911,0.952,0.94
14,B1_2,0.957,0.972,0.925,0.957,0.966,1.0,0.978,0.969,0.917,0.956,0.96,0.907,0.962,0.95,0.919,0.959
14,B1_3,0.919,0.963,0.909,0.901,0.937,0.978,1.0,0.965,0.865,0.941,0.959,0.866,0.936,0.935,0.864,0.931
14,A2_1,0.941,0.974,0.948,0.924,0.941,0.969,0.965,1.0,0.939,0.942,0.916,0.91,0.954,0.913,0.918,0.91
14,A2_2,0.94,0.934,0.921,0.938,0.907,0.917,0.865,0.939,1.0,0.883,0.828,0.935,0.935,0.896,0.94,0.901
14,A2_3,0.934,0.947,0.883,0.934,0.926,0.956,0.941,0.942,0.883,1.0,0.942,0.948,0.988,0.961,0.935,0.951
14,B2_1,0.905,0.923,0.883,0.899,0.943,0.96,0.959,0.916,0.828,0.942,1.0,0.863,0.926,0.924,0.862,0.933
14,B2_2,0.907,0.907,0.843,0.93,0.881,0.907,0.866,0.91,0.935,0.948,0.863,1.0,0.97,0.95,0.946,0.948
14,B2_3,0.95,0.953,0.901,0.952,0.926,0.962,0.936,0.954,0.935,0.988,0.926,0.97,1.0,0.975,0.944,0.957
14,y1,0.923,0.928,0.855,0.924,0.911,0.95,0.935,0.913,0.896,0.961,0.924,0.95,0.975,1.0,0.91,0.974
14,y2,0.966,0.939,0.925,0.95,0.952,0.919,0.864,0.918,0.94,0.935,0.862,0.946,0.944,0.91,1.0,0.935
14,y3,0.937,0.934,0.869,0.955,0.94,0.959,0.931,0.91,0.901,0.951,0.933,0.948,0.957,0.974,0.935,1.0
15,.,1.0,0.958,0.972,0.972,0.976,0.956,0.917,0.94,0.94,0.933,0.904,0.906,0.949,0.922,0.966,0.937
15,A1_1,0.958,1.0,0.945,0.944,0.967,0.972,0.963,0.975,0.934,0.947,0.924,0.908,0.954,0.928,0.938,0.933
15,A1_2,0.972,0.945,1.0,0.918,0.963,0.925,0.908,0.948,0.921,0.883,0.883,0.844,0.901,0.854,0.924,0.868
15,A1_3,0.972,0.944,0.918,1.0,0.951,0.957,0.9,0.924,0.938,0.934,0.899,0.93,0.952,0.924,0.95,0.954
15,B1_1,0.976,0.967,0.963,0.951,1.0,0.966,0.937,0.942,0.907,0.927,0.944,0.882,0.927,0.912,0.951,0.941
15,B1_2,0.956,0.972,0.925,0.957,0.966,1.0,0.978,0.969,0.916,0.956,0.961,0.908,0.962,0.949,0.918,0.958
15,B1_3,0.917,0.963,0.908,0.9,0.937,0.978,1.0,0.965,0.864,0.941,0.96,0.868,0.937,0.935,0.863,0.93
15,A2_1,0.94,0.975,0.948,0.924,0.942,0.969,0.965,1.0,0.939,0.942,0.917,0.911,0.954,0.913,0.917,0.909
15,A2_2,0.94,0.934,0.921,0.938,0.907,0.916,0.864,0.939,1.0,0.883,0.827,0.935,0.935,0.895,0.94,0.9
15,A2_3,0.933,0.947,0.883,0.934,0.927,0.956,0.941,0.942,0.883,1.0,0.942,0.949,0.988,0.961,0.934,0.951
15,B2_1,0.904,0.924,0.883,0.899,0.944,0.961,0.96,0.917,0.827,0.942,1.0,0.864,0.927,0.924,0.86,0.932
15,B2_2,0.906,0.908,0.844,0.93,0.882,0.908,0.868,0.911,0.935,0.949,0.864,1.0,0.97,0.95,0.945,0.948
15,B2_3,0.949,0.954,0.901,0.952,0.927,0.962,0.937,0.954,0.935,0.988,0.927,0.97,1.0,0.974,0.943,0.957
15,y1,0.922,0.928,0.854,0.924,0.912,0.949,0.935,0.913,0.895,0.961,0.924,0.95,0.974,1.0,0.909,0.974
15,y2,0.966,0.938,0.924,0.95,0.951,0.918,0.863,0.917,0.94,0.934,0.86,0.945,0.943,0.909,1.0,0.935
15,y3,0.937,0.933,0.868,0.954,0.941,0.958,0.93,0.909,0.9,0.951,0.932,0.948,0.957,0.974,0.935,1.0
16,.,1.0,0.957,0.972,0.971,0.976,0.954,0.915,0.939,0.939,0.932,0.902,0.905,0.948,0.921,0.966,0.936
16,A1_1,0.957,1.0,0.945,0.944,0.967,0.971,0.962,0.975,0.933,0.948,0.924,0.909,0.954,0.928,0.938,0.933
16,A1_2,0.972,0.945,1.0,0.917,0.963,0.924,0.907,0.947,0.921,0.882,0.883,0.844,0.9,0.854,0.924,0.867
16,A1_3,0.971,0.944,0.917,1.0,0.951,0.956,0.899,0.924,0.938,0.933,0.898,0.93,0.951,0.924,0.95,0.954
16,B1_1,0.976,0.967,0.963,0.951,1.0,0.966,0.938,0.943,0.907,0.928,0.944,0.883,0.928,0.912,0.951,0.941
16,B1_2,0.954,0.971,0.924,0.956,0.966,1.0,0.978,0.97,0.915,0.957,0.961,0.908,0.962,0.949,0.916,0.957
16,B1_3,0.915,0.962,0.907,0.899,0.938,0.978,1.0,0.965,0.863,0.941,0.96,0.869,0.937,0.935,0.861,0.929
16,A2_1,0.939,0.975,0.947,0.924,0.943,0.97,0.965,1.0,0.938,0.942,0.917,0.912,0.955,0.912,0.916,0.908
16,A2_2,0.939,0.933,0.921,0.938,0.907,0.915,0.863,0.938,1.0,0.882,0.827,0.935,0.934,0.895,0.94,0.899
16,A2_3,0.932,0.948,0.882,0.933,0.928,0.957,0.941,0.942,0.882,1.0,0.942,0.949,0.988,0.961,0.933,0.95
16,B2_1,0.902,0.924,0.883,0.898,0.944,0.961,0.96,0.917,0.827,0.942,1.0,0.866,0.927,0.924,0.859,0.931
16,B2_2,0.905,0.909,0.844,0.93,0.883,0.908,0.869,0.912,0.935,0.949,0.866,1.0,0.97,0.95,0.944,0.948
16,B2_3,0.948,0.954,0.9,0.951,0.928,0.962,0.937,0.955,0.934,0.988,0.927,0.97,1.0,0.974,0.942,0.956
16,y1,0.921,0.928,0.854,0.924,0.912,0.949,0.935,0.912,0.895,0.961,0.924,0.95,0.974,1.0,0.909,0.974
16,y2,0.966,0.938,0.924,0.95,0.951,0.916,0.861,0.916,0.94,0.933,0.859,0.944,0.942,0.909,1.0,0.934
16,y3,0.936,0.933,0.867,0.954,0.941,0.957,0.929,0.908,0.899,0.95,0.931,0.948,0.956,0.974,0.934,1.0
17,.,1.0,0.955,0.972,0.971,0.975,0.951,0.912,0.937,0.939,0.93,0.9,0.904,0.946,0.92,0.966,0.935
17,A1_1,0.955,1.0,0.944,0.943,0.968,0.971,0.962,0.975,0.933,0.948,0.924,0.909,0.954,0.928,0.937,0.932
17,A1_2,0.972,0.944,1.0,0.917,0.962,0.923,0.905,0.947,0.921,0.882,0.882,0.844,0.9,0.853,0.924,0.866
17,A1_3,0.971,0.943,0.917,1.0,0.951,0.955,0.898,0.923,0.937,0.933,0.897,0.93,0.951,0.923,0.949,0.953
17,B1_1,0.975,0.968,0.962,0.951,1.0,0.966,0.938,0.943,0.907,0.928,0.944,0.884,0.928,0.913,0.95,0.941
17,B1_2,0.951,0.971,0.923,0.955,0.966,1.0,0.979,0.97,0.914,0.957,0.962,0.909,0.963,0.948,0.914,0.956
17,B1_3,0.912,0.962,0.905,0.898,0.938,0.979,1.0,0.964,0.861,0.941,0.961,0.87,0.937,0.934,0.859,0.928
17,A2_1,0.937,0.975,0.947,0.923,0.943,0.97,0.964,1.0,0.937,0.942,0.917,0.913,0.955,0.911,0.915,0.907
17,A2_2,0.939,0.933,0.921,0.937,0.907,0.914,0.861,0.937,1.0,0.881,0.825,0.934,0.933,0.893,0.939,0.898
17,A2_3,0.93,0.948,0.882,0.933,0.928,0.957,0.941,0.942,0.881,1.0,0.942,0.949,0.988,0.96,0.932,0.95
17,B2_1,0.9,0.924,0.882,0.897,0.944,0.962,0.961,0.917,0.825,0.942,1.0,0.866,0.928,0.923,0.857,0.93
17,B2_2,0.904,0.909,0.844,0.93,0.884,0.909,0.87,0.913,0.934,0.949,0.866,1.0,0.97,0.95,0.943,0.948
17,B2_3,0.946,0.954,0.9,0.951,0.928,0.963,0.937,0.955,0.933,0.988,0.928,0.97,1.0,0.974,0.94,0.955
17,y1,0.92,0.928,0.853,0.923,0.913,0.948,0.934,0.911,0.893,0.96,0.923,0.95,0.974,1.0,0.908,0.974
17,y2,0.966,0.937,0.924,0.949,0.95,0.914,0.859,0.915,0.939,0.932,0.857,0.943,0.94,0.908,1.0,0.934
17,y3,0.935,0.932,0.866,0.953,0.941,0.956,0.928,0.907,0.898,0.95,0.93,0.948,0.955,0.974,0.934,1.0
18,.,1.0,0.954,0.971,0.97,0.974,0.949,0.909,0.935,0.938,0.928,0.897,0.902,0.944,0.918,0.965,0.933
18,A1_1,0.954,1.0,0.944,0.943,0.968,0.971,0.961,0.975,0.932,0.948,0.924,0.91,0.954,0.927,0.936,0.931
18,A1_2,0.971,0.944,1.0,0.916,0.962,0.921,0.903,0.946,0.921,0.881,0.88,0.843,0.899,0.851,0.923,0.864
18,A1_3,0.97,0.943,0.916,1.0,0.951,0.953,0.896,0.923,0.937,0.932,0.896,0.93,0.95,0.922,0.949,0.953
18,B1_1,0.974,0.968,0.962,0.951,1.0,0.966,0.938,0.944,0.906,0.929,0.945,0.885,0.928,0.913,0.949,0.941
18,B1_2,0.949,0.971,0.921,0.953,0.966,1.0,0.979,0.97,0.912,0.957,0.962,0.909,0.963,0.948,0.911,0.955
18,B1_3,0.909,0.961,0.903,0.896,0.938,0.979,1.0,0.964,0.859,0.941,0.961,0.87,0.938,0.933,0.856,0.926
18,A2_1,0.935,0.975,0.946,0.923,0.944,0.97,0.964,1.0,0.936,0.942,0.917,0.913,0.955,0.909,0.913,0.905
18,A2_2,0.938,0.932,0.921,0.937,0.906,0.912,0.859,0.936,1.0,0.879,0.823,0.933,0.932,0.892,0.938,0.897
18,A2_3,0.928,0.948,0.881,0.932,0.929,0.957,0.941,0.942,0.879,1.0,0.942,0.949,0.987,0.96,0.931,0.949
18,B2_1,0.897,0.924,0.88,0.896,0.945,0.962,0.961,0.917,0.823,0.942,1.0,0.866,0.928,0.922,0.854,0.929
18,B2_2,0.902,0.91,0.843,0.93,0.885,0.909,0.87,0.913,0.933,0.949,0.866,1.0,0.97,0.95,0.942,0.948
18,B2_3,0.944,0.954,0.899,0.95,0.928,0.963,0.938,0.955,0.932,0.987,0.928,0.97,1.0,0.973,0.938,0.954
18,y1,0.918,0.927,0.851,0.922,0.913,0.948,0.933,0.909,0.892,0.96,0.922,0.95,0.973,1.0,0.906,0.973
18,y2,0.965,0.936,0.923,0.949,0.949,0.911,0.856,0.913,0.938,0.931,0.854,0.942,0.938,0.906,1.0,0.933
18,y3,0.933,0.931,0.864,0.953,0.941,0.955,0.926,0.905,0.897,0.949,0.929,0.948,0.954,0.973,0.933,1.0
19,.,1.0,0.952,0.971,0.969,0.973,0.945,0.905,0.932,0.936,0.926,0.894,0.9,0.942,0.916,0.965,0.931
19,A1_1,0.952,1.0,0.943,0.942,0.968,0.971,0.961,0.974,0.931,0.947,0.924,0.91,0.954,0.926,0.934,0.93
19,A1_2,0.971,0.943,1.0,0.916,0.961,0.919,0.901,0.945,0.92,0.879,0.878,0.842,0.898,0.849,0.922,0.862
19,A1_3,0.969,0.942,0.916,1.0,0.95,0.951,0.894,0.921,0.936,0.931,0.894,0.929,0.949,0.921,0.948,0.952
19,B1_1,0.973,0.968,0.961,0.95,1.0,0.966,0.938,0.944,0.905,0.929,0.945,0.885,0.929,0.913,0.947,0.94
19,B1_2,0.945,0.971,0.919,0.951,0.966,1.0,0.979,0.97,0.91,0.956,0.962,0.909,0.963,0.947,0.908,0.953
19,B1_3,0.905,0.961,0.901,0.894,0.938,0.979,1.0,0.963,0.856,0.94,0.961,0.87,0.938,0.931,0.852,0.924
19,A2_1,0.932,0.974,0.945,0.921,0.944,0.97,0.963,1.0,0.935,0.941,0.917,0.914,0.955,0.908,0.911,0.903
19,A2_2,0.936,0.931,0.92,0.936,0.905,0.91,0.856,0.935,1.0,0.877,0.821,0.932,0.93,0.89,0.937,0.895
19,A2_3,0.926,0.947,0.879,0.931,0.929,0.956,0.94,0.941,0.877,1.0,0.942,0.95,0.987,0.959,0.929,0.948
19,B2_1,0.894,0.924,0.878,0.894,0.945,0.962,0.961,0.917,0.821,0.942,1.0,0.867,0.928,0.921,0.85,0.927
19,B2_2,0.9,0.91,0.842,0.929,0.885,0.909,0.87,0.914,0.932,0.95,0.867,1.0,0.97,0.95,0.94,0.948
19,B2_3,0.942,0.954,0.898,0.949,0.929,0.963,0.938,0.955,0.93,0.987,0.928,0.97,1.0,0.972,0.936,0.953
19,y1,0.916,0.926,0.849,0.921,0.913,0.947,0.931,0.908,0.89,0.959,0.921,0.95,0.972,1.0,0.905,0.973
19,y2,0.965,0.934,0.922,0.948,0.947,0.908,0.852,0.911,0.937,0.929,0.85,0.94,0.936,0.905,1.0,0.932
19,y3,0.931,0.93,0.862,0.952,0.94,0.953,0.924,0.903,0.895,0.948,0.927,0.948,0.953,0.973,0.932,1.0
20,.,1.0,0.949,0.97,0.969,0.972,0.941,0.9,0.929,0.935,0.923,0.89,0.897,0.939,0.913,0.964,0.929
20,A1_1,0.949,1.0,0.942,0.941,0.969,0.97,0.96,0.974,0.93,0.947,0.923,0.91,0.954,0.925,0.933,0.929
20,A1_2,0.97,0.942,1.0,0.915,0.961,0.917,0.899,0.944,0.919,0.878,0.876,0.84,0.896,0.846,0.92,0.859
20,A1_3,0.969,0.941,0.915,1.0,0.95,0.949,0.891,0.92,0.935,0.93,0.892,0.928,0.947,0.919,0.948,0.951
20,B1_1,0.972,0.969,0.961,0.95,1.0,0.966,0.938,0.945,0.904,0.929,0.944,0.885,0.929,0.912,0.946,0.94
20,B1_2,0.941,0.97,0.917,0.949,0.966,1.0,0.979,0.97,0.907,0.956,0.962,0.909,0.963,0.945,0.904,0.951
20,B1_3,0.9,0.96,0.899,0.891,0.938,0.979,1.0,0.962,0.853,0.939,0.961,0.87,0.937,0.93,0.848,0.922
20,A2_1,0.929,0.974,0.944,0.92,0.945,0.97,0.962,1.0,0.934,0.94,0.916,0.914,0.955,0.905,0.908,0.901
20,A2_2,0.935,0.93,0.919,0.935,0.904,0.907,0.853,0.934,1.0,0.875,0.818,0.931,0.928,0.887,0.936,0.892
20,A2_3,0.923,0.947,0.878,0.93,0.929,0.956,0.939,0.94,0.875,1.0,0.941,0.949,0.987,0.958,0.927,0.946
20,B2_1,0.89,0.923,0.876,0.892,0.944,0.962,0.961,0.916,0.818,0.941,1.0,0.866,0.928,0.919,0.846,0.924
20,B2_2,0.897,0.91,0.84,0.928,0.885,0.909,0.87,0.914,0.931,0.949,0.866,1.0,0.97,0.95,0.938,0.947
20,B2_3,0.939,0.954,0.896,0.947,0.929,0.963,0.937,0.955,0.928,0.987,0.928,0.97,1.0,0.972,0.933,0.952
20,y1,0.913,0.925,0.846,0.919,0.912,0.945,0.93,0.905,0.887,0.958,0.919,0.95,0.972,1.0,0.903,0.973
20,y2,0.964,0.933,0.92,0.948,0.946,0.904,0.848,0.908,0.936,0.927,0.846,0.938,0.933,0.903,1.0,0.931
20,y3,0.929,0.929,0.859,0.951,0.94,0.951,0.922,0.901,0.892,0.946,0.924,0.947,0.952,0.973,0.931,1.0
21,.,1.0,0.947,0.969,0.967,0.97,0.937,0.895,0.925,0.933,0.919,0.885,0.893,0.935,0.91,0.963,0.926
21,A1_1,0.947,1.0,0.94,0.94,0.969,0.97,0.959,0.974,0.928,0.946,0.922,0.91,0.954,0.924,0.931,0.927
21,A1_2,0.969,0.94,1.0,0.913,0.96,0.914,0.896,0.943,0.918,0.876,0.873,0.838,0.894,0.843,0.919,0.856
21,A1_3,0.967,0.94,0.913,1.0,0.949,0.947,0.888,0.918,0.934,0.929,0.889,0.926,0.946,0.917,0.947,0.95
21,B1_1,0.97,0.969,0.96,0.949,1.0,0.965,0.938,0.945,0.903,0.93,0.944,0.885,0.929,0.912,0.944,0.939
21,B1_2,0.937,0.97,0.914,0.947,0.965,1.0,0.979,0.969,0.904,0.956,0.962,0.909,0.963,0.944,0.899,0.948
21,B1_3,0.895,0.959,0.896,0.888,0.938,0.979,1.0,0.962,0.849,0.938,0.962,0.87,0.937,0.928,0.842,0.919
21,A2_1,0.925,0.974,0.943,0.918,0.945,0.969,0.962,1.0,0.932,0.939,0.916,0.914,0.955,0.903,0.905,0.898
21,A2_2,0.933,0.928,0.918,0.934,0.903,0.904,0.849,0.932,1.0,0.872,0.814,0.929,0.926,0.884,0.935,0.89
21,A2_3,0.919,0.946,0.876,0.929,0.93,0.956,0.938,0.939,0.872,1.0,0.941,0.949,0.987,0.957,0.924,0.945
21,B2_1,0.885,0.922,0.873,0.889,0.944,0.962,0.962,0.916,0.814,0.941,1.0,0.866,0.928,0.917,0.841,0.922
21,B2_2,0.893,0.91,0.838,0.926,0.885,0.909,0.87,0.914,0.929,0.949,0.866,1.0,0.97,0.949,0.935,0.946
21,B2_3,0.935,0.954,0.894,0.946,0.929,0.963,0.937,0.955,0.926,0.987,0.928,0.97,1.0,0.971,0.93,0.95
21,y1,0.91,0.924,0.843,0.917,0.912,0.944,0.928,0.903,0.884,0.957,0.917,0.949,0.971,1.0,0.901,0.972
21,y2,0.963,0.931,0.919,0.947,0.944,0.899,0.842,0.905,0.935,0.924,0.841,0.935,0.93,0.901,1.0,0.929
21,y3,0.926,0.927,0.856,0.95,0.939,0.948,0.919,0.898,0.89,0.945,0.922,0.946,0.95,0.972,0.929,1.0
22,.,1.0,0.944,0.968,0.966,0.969,0.932,0.889,0.921,0.931,0.916,0.88,0.889,0.931,0.906,0.962,0.923
22,A1_1,0.944,1.0,0.939,0.939,0.969,0.969,0.958,0.973,0.927,0.946,0.921,0.91,0.953,0.922,0.929,0.925
22,A1_2,0.968,0.939,1.0,0.912,0.959,0.912,0.893,0.942,0.917,0.874,0.871,0.836,0.892,0.84,0.917,0.853
22,A1_3,0.966,0.939,0.912,1.0,0.948,0.945,0.885,0.916,0.933,0.927,0.886,0.925,0.944,0.916,0.946,0.948
22,B1_1,0.969,0.969,0.959,0.948,1.0,0.965,0.938,0.945,0.901,0.93,0.944,0.884,0.929,0.911,0.942,0.938
22,B1_2,0.932,0.969,0.912,0.945,0.965,1.0,0.979,0.969,0.901,0.955,0.963,0.909,0.963,0.942,0.895,0.946
22,B1_3,0.889,0.958,0.893,0.885,0.938,0.979,1.0,0.961,0.845,0.937,0.962,0.87,0.937,0.926,0.837,0.916
22,A2_1,0.921,0.973,0.942,0.916,0.945,0.969,0.961,1.0,0.93,0.938,0.915,0.914,0.954,0.9,0.902,0.895
22,A2_2,0.931,0.927,0.917,0.933,0.901,0.901,0.845,0.93,1.0,0.869,0.81,0.927,0.924,0.881,0.934,0.887
22,A2_3,0.916,0.946,0.874,0.927,0.93,0.955,0.937,0.938,0.869,1.0,0.94,0.949,0.987,0.956,0.922,0.943
22,B2_1,0.88,0.921,0.871,0.886,0.944,0.963,0.962,0.915,0.81,0.94,1.0,0.866,0.928,0.915,0.836,0.919
22,B2_2,0.889,0.91,0.836,0.925,0.884,0.909,0.87,0.914,0.927,0.949,0.866,1.0,0.97,0.949,0.933,0.946
22,B2_3,0.931,0.953,0.892,0.944,0.929,0.963,0.937,0.954,0.924,0.987,0.928,0.97,1.0,0.97,0.927,0.948
22,y1,0.906,0.922,0.84,0.916,0.911,0.942,0.926,0.9,0.881,0.956,0.915,0.949,0.97,1.0,0.898,0.971
22,y2,0.962,0.929,0.917,0.946,0.942,0.895,0.837,0.902,0.934,0.922,0.836,0.933,0.927,0.898,1.0,0.928
22,y3,0.923,0.925,0.853,0.948,0.938,0.946,0.916,0.895,0.887,0.943,0.919,0.946,0.948,0.971,0.928,1.0
23,.,1.0,0.94,0.967,0.965,0.966,0.926,0.882,0.916,0.929,0.912,0.874,0.885,0.927,0.902,0.961,0.92
23,A1_1,0.94,1.0,0.938,0.938,0.969,0.968,0.957,0.973,0.925,0.945,0.92,0.909,0.953,0.92,0.926,0.923
23,A1_2,0.967,0.938,1.0,0.911,0.958,0.909,0.889,0.94,0.916,0.871,0.867,0.833,0.89,0.836,0.915,0.849
23,A1_3,0.965,0.938,0.911,1.0,0.947,0.942,0.881,0.914,0.931,0.925,0.882,0.923,0.942,0.913,0.945,0.947
23,B1_1,0.966,0.969,0.958,0.947,1.0,0.964,0.938,0.945,0.899,0.93,0.944,0.884,0.928,0.91,0.939,0.936
23,B1_2,0.926,0.968,0.909,0.942,0.964,1.0,0.98,0.969,0.897,0.955,0.963,0.909,0.962,0.94,0.889,0.943
23,B1_3,0.882,0.957,0.889,0.881,0.938,0.98,1.0,0.96,0.841,0.936,0.962,0.869,0.937,0.923,0.831,0.912
23,A2_1,0.916,0.973,0.94,0.914,0.945,0.969,0.96,1.0,0.928,0.937,0.914,0.913,0.954,0.897,0.898,0.891
23,A2_2,0.929,0.925,0.916,0.931,0.899,0.897,0.841,0.928,1.0,0.866,0.805,0.925,0.921,0.878,0.932,0.884
23,A2_3,0.912,0.945,0.871,0.925,0.93,0.955,0.936,0.937,0.866,1.0,0.939,0.949,0.987,0.954,0.919,0.941
23,B2_1,0.874,0.92,0.867,0.882,0.944,0.963,0.962,0.914,0.805,0.939,1.0,0.865,0.927,0.913,0.83,0.915
23,B2_2,0.885,0.909,0.833,0.923,0.884,0.909,0.869,0.913,0.925,0.949,0.865,1.0,0.969,0.948,0.929,0.945
23,B2_3,0.927,0.953,0.89,0.942,0.928,0.962,0.937,0.954,0.921,0.987,0.927,0.969,1.0,0.968,0.923,0.946
23,y1,0.902,0.92,0.836,0.913,0.91,0.94,0.923,0.897,0.878,0.954,0.913,0.948,0.968,1.0,0.895,0.971
23,y2,0.961,0.926,0.915,0.945,0.939,0.889,0.831,0.898,0.932,0.919,0.83,0.929,0.923,0.895,1.0,0.926
23,y3,0.92,0.923,0.849,0.947,0.936,0.943,0.912,0.891,0.884,0.941,0.915,0.945,0.946,0.971,0.926,1.0
24,.,1.0,0.936,0.966,0.963,0.963,0.919,0.874,0.91,0.927,0.906,0.866,0.879,0.921,0.897,0.96,0.916
24,A1_1,0.936,1.0,0.936,0.936,0.969,0.967,0.956,0.972,0.923,0.944,0.919,0.909,0.952,0.918,0.923,0.921
24,A1_2,0.966,0.936,1.0,0.909,0.956,0.905,0.885,0.939,0.914,0.868,0.863,0.83,0.887,0.831,0.912,0.844
24,A1_3,0.963,0.936,0.909,1.0,0.945,0.938,0.877,0.912,0.929,0.923,0.878,0.921,0.939,0.911,0.943,0.945
24,B1_1,0.963,0.969,0.956,0.945,1.0,0.964,0.937,0.945,0.896,0.93,0.943,0.883,0.928,0.909,0.935,0.934
24,B1_2,0.919,0.967,0.905,0.938,0.964,1.0,0.98,0.968,0.892,0.954,0.963,0.908,0.962,0.938,0.883,0.939
24,B1_3,0.874,0.956,0.885,0.877,0.937,0.98,1.0,0.958,0.835,0.934,0.962,0.868,0.936,0.92,0.823,0.907
24,A2_1,0.91,0.972,0.939,0.912,0.945,0.968,0.958,1.0,0.925,0.936,0.912,0.913,0.954,0.893,0.894,0.887
24,A2_2,0.927,0.923,0.914,0.929,0.896,0.892,0.835,0.925,1.0,0.862,0.8,0.922,0.918,0.874,0.93,0.88
24,A2_3,0.906,0.944,0.868,0.923,0.93,0.954,0.934,0.936,0.862,1.0,0.938,0.948,0.986,0.953,0.915,0.939
24,B2_1,0.866,0.919,0.863,0.878,0.943,0.963,0.962,0.912,0.8,0.938,1.0,0.864,0.927,0.91,0.822,0.911
24,B2_2,0.879,0.909,0.83,0.921,0.883,0.908,0.868,0.913,0.922,0.948,0.864,1.0,0.969,0.947,0.926,0.943
24,B2_3,0.921,0.952,0.887,0.939,0.928,0.962,0.936,0.954,0.918,0.986,0.927,0.969,1.0,0.967,0.918,0.944
24,y1,0.897,0.918,0.831,0.911,0.909,0.938,0.92,0.893,0.874,0.953,0.91,0.947,0.967,1.0,0.892,0.97
24,y2,0.96,0.923,0.912,0.943,0.935,0.883,0.823,0.894,0.93,0.915,0.822,0.926,0.918,0.892,1.0,0.924
24,y3,0.916,0.921,0.844,0.945,0.934,0.939,0.907,0.887,0.88,0.939,0.911,0.943,0.944,0.97,0.924,1.0
25,.,1.0,0.931,0.964,0.961,0.959,0.91,0.864,0.904,0.924,0.9,0.857,0.872,0.914,0.891,0.958,0.911
25,A1_1,0.931,1.0,0.934,0.934,0.969,0.966,0.954,0.972,0.92,0.943,0.917,0.908,0.951,0.916,0.919,0.917
25,A1_2,0.964,0.934,1.0,0.907,0.954,0.9,0.88,0.936,0.912,0.864,0.858,0.825,0.883,0.825,0.909,0.839
25,A1_3,0.961,0.934,0.907,1.0,0.944,0.934,0.872,0.909,0.928,0.921,0.873,0.918,0.937,0.908,0.942,0.943
25,B1_1,0.959,0.969,0.954,0.944,1.0,0.963,0.937,0.944,0.893,0.929,0.943,0.882,0.927,0.907,0.932,0.932
25,B1_2,0.91,0.966,0.9,0.934,0.963,1.0,0.98,0.967,0.887,0.953,0.963,0.907,0.962,0.935,0.875,0.934
25,B1_3,0.864,0.954,0.88,0.872,0.937,0.98,1.0,0.957,0.829,0.933,0.962,0.867,0.936,0.917,0.815,0.902
25,A2_1,0.904,0.972,0.936,0.909,0.944,0.967,0.957,1.0,0.922,0.934,0.911,0.912,0.953,0.889,0.889,0.882
25,A2_2,0.924,0.92,0.912,0.928,0.893,0.887,0.829,0.922,1.0,0.857,0.793,0.918,0.914,0.869,0.928,0.876
25,A2_3,0.9,0.943,0.864,0.921,0.929,0.953,0.933,0.934,0.857,1.0,0.937,0.948,0.986,0.951,0.911,0.936
25,B2_1,0.857,0.917,0.858,0.873,0.943,0.963,0.962,0.911,0.793,0.937,1.0,0.863,0.926,0.907,0.814,0.906
25,B2_2,0.872,0.908,0.825,0.918,0.882,0.907,0.867,0.912,0.918,0.948,0.863,1.0,0.969,0.946,0.921,0.941
25,B2_3,0.914,0.951,0.883,0.937,0.927,0.962,0.936,0.953,0.914,0.986,0.926,0.969,1.0,0.965,0.913,0.941
25,y1,0.891,0.916,0.825,0.908,0.907,0.935,0.917,0.889,0.869,0.951,0.907,0.946,0.965,1.0,0.888,0.969
25,y2,0.958,0.919,0.909,0.942,0.932,0.875,0.815,0.889,0.928,0.911,0.814,0.921,0.913,0.888,1.0,0.921
25,y3,0.911,0.917,0.839,0.943,0.932,0.934,0.902,0.882,0.876,0.936,0.906,0.941,0.941,0.969,0.921,1.0
26,.,1.0,0.925,0.962,0.959,0.955,0.9,0.853,0.896,0.92,0.893,0.847,0.864,0.906,0.885,0.957,0.906
