,,.,A1_1,A1_2,A1_3,B1_1,B1_2,B1_3,A2_1,A2_2,A2_3,B2_1,B2_2,B2_3,y1,y2,y3
0,.,1.0,-0.107,0.559,-0.288,-0.153,0.177,0.026,0.142,0.07,-0.22,-0.153,0.088,-0.105,0.382,0.313,0.144
0,A1_1,-0.107,1.0,-0.338,-0.294,-0.001,0.227,-0.467,0.212,-0.187,-0.022,-0.269,-0.406,-0.15,-0.221,0.1,-0.339
0,A1_2,0.559,-0.338,1.0,-0.085,0.328,-0.043,0.029,-0.053,-0.008,-0.095,0.233,-0.145,-0.122,-0.017,0.261,0.583
0,A1_3,-0.288,-0.294,-0.085,1.0,0.255,-0.022,0.474,0.211,-0.094,-0.053,0.122,0.07,0.175,-0.435,0.13,-0.129
0,B1_1,-0.153,-0.001,0.328,0.255,1.0,-0.164,-0.182,-0.035,0.091,0.278,-0.052,-0.163,0.151,0.088,0.391,0.304
0,B1_2,0.177,0.227,-0.043,-0.022,-0.164,1.0,0.153,0.119,0.221,0.26,-0.192,-0.152,0.237,-0.234,0.266,-0.088
0,B1_3,0.026,-0.467,0.029,0.474,-0.182,0.153,1.0,0.027,0.174,0.081,0.337,0.105,0.209,-0.305,-0.072,0.176
0,A2_1,0.142,0.212,-0.053,0.211,-0.035,0.119,0.027,1.0,-0.524,-0.16,0.407,-0.124,0.16,-0.196,-0.35,-0.22
0,A2_2,0.07,-0.187,-0.008,-0.094,0.091,0.221,0.174,-0.524,1.0,0.547,-0.55,0.154,0.505,0.281,0.449,0.231
0,A2_3,-0.22,-0.022,-0.095,-0.053,0.278,0.26,0.081,-0.16,0.547,1.0,-0.361,-0.026,0.631,0.186,0.215,-0.199
0,B2_1,-0.153,-0.269,0.233,0.122,-0.052,-0.192,0.337,0.407,-0.55,-0.361,1.0,-0.15,-0.219,-0.381,-0.645,0.392
0,B2_2,0.088,-0.406,-0.145,0.07,-0.163,-0.152,0.105,-0.124,0.154,-0.026,-0.15,1.0,-0.105,0.365,-0.062,0.179
0,B2_3,-0.105,-0.15,-0.122,0.175,0.151,0.237,0.209,0.16,0.505,0.631,-0.219,-0.105,1.0,0.188,0.345,-0.142
0,y1,0.382,-0.221,-0.017,-0.435,0.088,-0.234,-0.305,-0.196,0.281,0.186,-0.381,0.365,0.188,1.0,0.195,-0.06
0,y2,0.313,0.1,0.261,0.13,0.391,0.266,-0.072,-0.35,0.449,0.215,-0.645,-0.062,0.345,0.195,1.0,0.039
0,y3,0.144,-0.339,0.583,-0.129,0.304,-0.088,0.176,-0.22,0.231,-0.199,0.392,0.179,-0.142,-0.06,0.039,1.0
500,.,1.0,-0.241,0.364,-0.564,-0.218,0.067,-0.07,-0.059,-0.291,-0.321,0.0,-0.063,-0.229,0.281,0.127,0.098
500,A1_1,-0.241,1.0,-0.206,-0.074,-0.005,0.142,-0.437,0.36,0.026,0.129,-0.255,-0.492,-0.17,-0.365,0.005,-0.211
500,A1_2,0.364,-0.206,1.0,0.051,0.32,-0.056,0.129,-0.02,0.162,0.087,0.21,-0.319,-0.063,-0.043,0.203,0.41
500,A1_3,-0.564,-0.074,0.051,1.0,0.309,0.062,0.507,0.255,0.048,0.14,0.12,-0.045,0.212,-0.343,-0.046,-0.172
500,B1_1,-0.218,-0.005,0.32,0.309,1.0,-0.062,-0.062,0.024,0.052,0.261,0.021,-0.036,0.253,0.08,0.283,0.486
500,B1_2,0.067,0.142,-0.056,0.062,-0.062,1.0,0.168,0.143,0.19,0.21,-0.15,-0.041,0.301,-0.089,0.149,0.324
500,B1_3,-0.07,-0.437,0.129,0.507,-0.062,0.168,1.0,0.066,0.164,0.114,0.396,0.21,0.289,-0.18,-0.199,0.056
500,A2_1,-0.059,0.36,-0.02,0.255,0.024,0.143,0.066,1.0,-0.301,0.009,0.364,-0.351,0.199,-0.487,-0.446,-0.318
500,A2_2,-0.291,0.026,0.162,0.048,0.052,0.19,0.164,-0.301,1.0,0.661,-0.524,-0.026,0.424,0.22,0.439,0.366
500,A2_3,-0.321,0.129,0.087,0.14,0.261,0.21,0.114,0.009,0.661,1.0,-0.326,-0.115,0.526,-0.207,0.018,0.124
500,B2_1,0.0,-0.255,0.21,0.12,0.021,-0.15,0.396,0.364,-0.524,-0.326,1.0,-0.04,-0.133,-0.362,-0.63,-0.016
500,B2_2,-0.063,-0.492,-0.319,-0.045,-0.036,-0.041,0.21,-0.351,-0.026,-0.115,-0.04,1.0,0.024,0.274,0.092,0.139
500,B2_3,-0.229,-0.17,-0.063,0.212,0.253,0.301,0.289,0.199,0.424,0.526,-0.133,0.024,1.0,0.213,0.225,0.228
500,y1,0.281,-0.365,-0.043,-0.343,0.08,-0.089,-0.18,-0.487,0.22,-0.207,-0.362,0.274,0.213,1.0,0.746,0.516
500,y2,0.127,0.005,0.203,-0.046,0.283,0.149,-0.199,-0.446,0.439,0.018,-0.63,0.092,0.225,0.746,1.0,0.552
500,y3,0.098,-0.211,0.41,-0.172,0.486,0.324,0.056,-0.318,0.366,0.124,-0.016,0.139,0.228,0.516,0.552,1.0
1000,.,1.0,-0.23,0.336,-0.587,-0.245,0.046,-0.073,-0.093,-0.315,-0.343,0.034,-0.089,-0.239,0.077,0.116,-0.022
1000,A1_1,-0.23,1.0,-0.192,-0.058,-0.003,0.151,-0.422,0.374,0.039,0.142,-0.245,-0.49,-0.169,-0.225,-0.073,-0.163
1000,A1_2,0.336,-0.192,1.0,0.074,0.316,-0.055,0.149,0.002,0.222,0.107,0.189,-0.334,-0.048,-0.027,0.162,0.362
1000,A1_3,-0.587,-0.058,0.074,1.0,0.314,0.069,0.497,0.284,0.079,0.175,0.103,-0.043,0.222,-0.123,-0.085,-0.17
1000,B1_1,-0.245,-0.003,0.316,0.314,1.0,-0.058,-0.057,0.02,0.046,0.259,0.026,-0.029,0.255,0.271,0.251,0.449
1000,B1_2,0.046,0.151,-0.055,0.069,-0.058,1.0,0.17,0.148,0.192,0.23,-0.145,-0.036,0.304,0.097,0.159,0.339
1000,B1_3,-0.073,-0.422,0.149,0.497,-0.057,0.17,1.0,0.073,0.164,0.132,0.398,0.217,0.295,-0.271,-0.166,-0.062
1000,A2_1,-0.093,0.374,0.002,0.284,0.02,0.148,0.073,1.0,-0.261,0.019,0.354,-0.367,0.206,-0.43,-0.477,-0.292
1000,A2_2,-0.315,0.039,0.222,0.079,0.046,0.192,0.164,-0.261,1.0,0.684,-0.526,-0.049,0.401,0.169,0.48,0.456
1000,A2_3,-0.343,0.142,0.107,0.175,0.259,0.23,0.132,0.019,0.684,1.0,-0.33,-0.107,0.522,-0.107,0.077,0.273
1000,B2_1,0.034,-0.245,0.189,0.103,0.026,-0.145,0.398,0.354,-0.526,-0.33,1.0,-0.03,-0.122,-0.447,-0.668,-0.148
1000,B2_2,-0.089,-0.49,-0.334,-0.043,-0.029,-0.036,0.217,-0.367,-0.049,-0.107,-0.03,1.0,0.035,0.279,0.132,0.091
1000,B2_3,-0.239,-0.169,-0.048,0.222,0.255,0.304,0.295,0.206,0.401,0.522,-0.122,0.035,1.0,0.212,0.257,0.401
1000,y1,0.077,-0.225,-0.027,-0.123,0.271,0.097,-0.271,-0.43,0.169,-0.107,-0.447,0.279,0.212,1.0,0.872,0.662
1000,y2,0.116,-0.073,0.162,-0.085,0.251,0.159,-0.166,-0.477,0.48,0.077,-0.668,0.132,0.257,0.872,1.0,0.644
1000,y3,-0.022,-0.163,0.362,-0.17,0.449,0.339,-0.062,-0.292,0.456,0.273,-0.148,0.091,0.401,0.662,0.644,1.0
1500,.,1.0,-0.224,0.319,-0.596,-0.249,0.029,-0.041,-0.147,-0.357,-0.362,0.083,-0.113,-0.254,-0.012,-0.047,-0.054
1500,A1_1,-0.224,1.0,-0.173,-0.049,0.001,0.14,-0.424,0.377,0.049,0.167,-0.246,-0.504,-0.165,-0.224,-0.199,-0.124
1500,A1_2,0.319,-0.173,1.0,0.077,0.32,-0.048,0.164,0.025,0.254,0.135,0.178,-0.348,-0.02,0.083,0.142,0.299
1500,A1_3,-0.596,-0.049,0.077,1.0,0.308,0.071,0.489,0.289,0.106,0.193,0.084,-0.044,0.226,-0.138,-0.115,-0.095
1500,B1_1,-0.249,0.001,0.32,0.308,1.0,-0.058,-0.05,0.033,0.05,0.25,0.034,-0.019,0.255,0.261,0.192,0.44
1500,B1_2,0.029,0.14,-0.048,0.071,-0.058,1.0,0.172,0.148,0.188,0.233,-0.14,-0.033,0.304,0.137,0.165,0.249
1500,B1_3,-0.041,-0.424,0.164,0.489,-0.05,0.172,1.0,0.078,0.171,0.141,0.4,0.22,0.298,-0.243,-0.188,-0.231
1500,A2_1,-0.147,0.377,0.025,0.289,0.033,0.148,0.078,1.0,-0.243,0.051,0.35,-0.375,0.227,-0.376,-0.553,-0.28
1500,A2_2,-0.357,0.049,0.254,0.106,0.05,0.188,0.171,-0.243,1.0,0.688,-0.515,-0.06,0.393,0.225,0.493,0.413
1500,A2_3,-0.362,0.167,0.135,0.193,0.25,0.233,0.141,0.051,0.688,1.0,-0.327,-0.111,0.509,-0.11,0.106,0.162
1500,B2_1,0.083,-0.246,0.178,0.084,0.034,-0.14,0.4,0.35,-0.515,-0.327,1.0,-0.024,-0.116,-0.355,-0.595,-0.346
1500,B2_2,-0.113,-0.504,-0.348,-0.044,-0.019,-0.033,0.22,-0.375,-0.06,-0.111,-0.024,1.0,0.042,0.279,0.319,-0.041
1500,B2_3,-0.254,-0.165,-0.02,0.226,0.255,0.304,0.298,0.227,0.393,0.509,-0.116,0.042,1.0,0.294,0.214,0.405
1500,y1,-0.012,-0.224,0.083,-0.138,0.261,0.137,-0.243,-0.376,0.225,-0.11,-0.355,0.279,0.294,1.0,0.899,0.868
1500,y2,-0.047,-0.199,0.142,-0.115,0.192,0.165,-0.188,-0.553,0.493,0.106,-0.595,0.319,0.214,0.899,1.0,0.838
1500,y3,-0.054,-0.124,0.299,-0.095,0.44,0.249,-0.231,-0.28,0.413,0.162,-0.346,-0.041,0.405,0.868,0.838,1.0
2000,.,1.0,-0.231,0.312,-0.591,-0.217,0.034,-0.065,-0.15,-0.386,-0.359,0.088,-0.121,-0.241,-0.158,-0.109,-0.177
2000,A1_1,-0.231,1.0,-0.143,-0.039,-0.0,0.147,-0.415,0.382,0.063,0.174,-0.241,-0.519,-0.165,-0.167,-0.157,-0.108
2000,A1_2,0.312,-0.143,1.0,0.086,0.329,-0.054,0.167,0.047,0.297,0.176,0.158,-0.352,0.003,0.027,0.187,0.179
2000,A1_3,-0.591,-0.039,0.086,1.0,0.303,0.073,0.494,0.308,0.131,0.218,0.08,-0.028,0.238,0.02,0.008,-0.046
2000,B1_1,-0.217,-0.0,0.329,0.303,1.0,-0.055,-0.036,0.031,0.054,0.235,0.042,0.009,0.263,0.299,0.196,0.429
2000,B1_2,0.034,0.147,-0.054,0.073,-0.055,1.0,0.177,0.156,0.174,0.247,-0.131,-0.032,0.304,0.171,0.256,0.143
2000,B1_3,-0.065,-0.415,0.167,0.494,-0.036,0.177,1.0,0.092,0.169,0.15,0.405,0.225,0.303,-0.243,-0.177,-0.253
2000,A2_1,-0.15,0.382,0.047,0.308,0.031,0.156,0.092,1.0,-0.225,0.051,0.35,-0.373,0.246,-0.45,-0.428,-0.438
2000,A2_2,-0.386,0.063,0.297,0.131,0.054,0.174,0.169,-0.225,1.0,0.702,-0.511,-0.076,0.374,0.24,0.423,0.404
2000,A2_3,-0.359,0.174,0.176,0.218,0.235,0.247,0.15,0.051,0.702,1.0,-0.332,-0.115,0.496,-0.131,0.022,0.113
2000,B2_1,0.088,-0.241,0.158,0.08,0.042,-0.131,0.405,0.35,-0.511,-0.332,1.0,-0.013,-0.107,-0.426,-0.481,-0.388
2000,B2_2,-0.121,-0.519,-0.352,-0.028,0.009,-0.032,0.225,-0.373,-0.076,-0.115,-0.013,1.0,0.057,0.326,0.263,0.116
2000,B2_3,-0.241,-0.165,0.003,0.238,0.263,0.304,0.303,0.246,0.374,0.496,-0.107,0.057,1.0,0.164,0.21,0.3
2000,y1,-0.158,-0.167,0.027,0.02,0.299,0.171,-0.243,-0.45,0.24,-0.131,-0.426,0.326,0.164,1.0,0.955,0.916
2000,y2,-0.109,-0.157,0.187,0.008,0.196,0.256,-0.177,-0.428,0.423,0.022,-0.481,0.263,0.21,0.955,1.0,0.897
2000,y3,-0.177,-0.108,0.179,-0.046,0.429,0.143,-0.253,-0.438,0.404,0.113,-0.388,0.116,0.3,0.916,0.897,1.0
2500,.,1.0,-0.233,0.295,-0.609,-0.231,0.004,-0.054,-0.177,-0.371,-0.357,0.075,-0.133,-0.224,-0.096,-0.071,-0.15
2500,A1_1,-0.233,1.0,-0.116,-0.031,0.012,0.138,-0.421,0.41,0.076,0.194,-0.234,-0.53,-0.165,-0.138,-0.249,-0.137
2500,A1_2,0.295,-0.116,1.0,0.1,0.334,-0.053,0.165,0.061,0.319,0.19,0.147,-0.349,0.02,0.141,0.208,0.215
2500,A1_3,-0.609,-0.031,0.1,1.0,0.301,0.075,0.488,0.321,0.156,0.221,0.074,-0.017,0.236,-0.074,-0.029,-0.067
2500,B1_1,-0.231,0.012,0.334,0.301,1.0,-0.044,-0.027,0.045,0.061,0.236,0.052,0.026,0.268,0.265,0.104,0.378
2500,B1_2,0.004,0.138,-0.053,0.075,-0.044,1.0,0.182,0.15,0.156,0.237,-0.118,-0.027,0.308,0.098,0.117,0.08
2500,B1_3,-0.054,-0.421,0.165,0.488,-0.027,0.182,1.0,0.085,0.165,0.143,0.408,0.232,0.308,-0.315,-0.148,-0.306
2500,A2_1,-0.177,0.41,0.061,0.321,0.045,0.15,0.085,1.0,-0.188,0.098,0.335,-0.383,0.257,-0.4,-0.473,-0.391
2500,A2_2,-0.371,0.076,0.319,0.156,0.061,0.156,0.165,-0.188,1.0,0.702,-0.502,-0.092,0.368,0.296,0.387,0.363
2500,A2_3,-0.357,0.194,0.19,0.221,0.236,0.237,0.143,0.098,0.702,1.0,-0.323,-0.109,0.488,-0.151,-0.039,0.007
2500,B2_1,0.075,-0.234,0.147,0.074,0.052,-0.118,0.408,0.335,-0.502,-0.323,1.0,-0.001,-0.099,-0.458,-0.415,-0.371
2500,B2_2,-0.133,-0.53,-0.349,-0.017,0.026,-0.027,0.232,-0.383,-0.092,-0.109,-0.001,1.0,0.068,0.201,0.266,0.081
2500,B2_3,-0.224,-0.165,0.02,0.236,0.268,0.308,0.308,0.257,0.368,0.488,-0.099,0.068,1.0,0.161,0.198,0.264
2500,y1,-0.096,-0.138,0.141,-0.074,0.265,0.098,-0.315,-0.4,0.296,-0.151,-0.458,0.201,0.161,1.0,0.936,0.948
2500,y2,-0.071,-0.249,0.208,-0.029,0.104,0.117,-0.148,-0.473,0.387,-0.039,-0.415,0.266,0.198,0.936,1.0,0.895
2500,y3,-0.15,-0.137,0.215,-0.067,0.378,0.08,-0.306,-0.391,0.363,0.007,-0.371,0.081,0.264,0.948,0.895,1.0
3000,.,1.0,-0.25,0.268,-0.615,-0.2,0.027,-0.038,-0.192,-0.388,-0.378,0.085,-0.124,-0.244,-0.159,-0.094,-0.167
3000,A1_1,-0.25,1.0,-0.067,0.008,0.017,0.12,-0.402,0.445,0.092,0.23,-0.221,-0.539,-0.154,-0.203,-0.288,-0.137
3000,A1_2,0.268,-0.067,1.0,0.111,0.324,-0.062,0.169,0.097,0.334,0.202,0.135,-0.358,0.025,0.105,0.16,0.295
3000,A1_3,-0.615,0.008,0.111,1.0,0.283,0.073,0.483,0.342,0.179,0.232,0.062,-0.015,0.23,-0.087,-0.085,0.001
3000,B1_1,-0.2,0.017,0.324,0.283,1.0,-0.044,0.005,0.076,0.038,0.198,0.073,0.049,0.274,0.243,0.087,0.389
3000,B1_2,0.027,0.12,-0.062,0.073,-0.044,1.0,0.195,0.137,0.125,0.222,-0.106,-0.02,0.31,0.1,0.11,0.075
3000,B1_3,-0.038,-0.402,0.169,0.483,0.005,0.195,1.0,0.081,0.158,0.134,0.411,0.235,0.31,-0.324,-0.182,-0.244
3000,A2_1,-0.192,0.445,0.097,0.342,0.076,0.137,0.081,1.0,-0.153,0.143,0.315,-0.393,0.265,-0.378,-0.439,-0.336
3000,A2_2,-0.388,0.092,0.334,0.179,0.038,0.125,0.158,-0.153,1.0,0.708,-0.506,-0.099,0.364,0.305,0.396,0.396
3000,A2_3,-0.378,0.23,0.202,0.232,0.198,0.222,0.134,0.143,0.708,1.0,-0.327,-0.111,0.483,-0.06,-0.006,0.084
3000,B2_1,0.085,-0.221,0.135,0.062,0.073,-0.106,0.411,0.315,-0.506,-0.327,1.0,0.003,-0.096,-0.429,-0.419,-0.367
3000,B2_2,-0.124,-0.539,-0.358,-0.015,0.049,-0.02,0.235,-0.393,-0.099,-0.111,0.003,1.0,0.071,0.241,0.27,0.066
3000,B2_3,-0.244,-0.154,0.025,0.23,0.274,0.31,0.31,0.265,0.364,0.483,-0.096,0.071,1.0,0.279,0.289,0.321
3000,y1,-0.159,-0.203,0.105,-0.087,0.243,0.1,-0.324,-0.378,0.305,-0.06,-0.429,0.241,0.279,1.0,0.954,0.95
3000,y2,-0.094,-0.288,0.16,-0.085,0.087,0.11,-0.182,-0.439,0.396,-0.006,-0.419,0.27,0.289,0.954,1.0,0.913
3000,y3,-0.167,-0.137,0.295,0.001,0.389,0.075,-0.244,-0.336,0.396,0.084,-0.367,0.066,0.321,0.95,0.913,1.0
3500,.,1.0,-0.239,0.251,-0.611,-0.185,0.021,-0.046,-0.19,-0.403,-0.373,0.066,-0.133,-0.257,-0.195,-0.125,-0.112
3500,A1_1,-0.239,1.0,-0.041,0.025,0.011,0.112,-0.391,0.473,0.109,0.25,-0.207,-0.545,-0.151,-0.278,-0.27,-0.172
3500,A1_2,0.251,-0.041,1.0,0.115,0.323,-0.061,0.172,0.103,0.349,0.217,0.127,-0.364,0.028,0.075,0.198,0.217
3500,A1_3,-0.611,0.025,0.115,1.0,0.272,0.074,0.471,0.351,0.194,0.248,0.053,-0.023,0.233,-0.051,-0.027,-0.076
3500,B1_1,-0.185,0.011,0.323,0.272,1.0,-0.038,0.013,0.076,0.041,0.192,0.081,0.065,0.28,0.172,0.184,0.342
3500,B1_2,0.021,0.112,-0.061,0.074,-0.038,1.0,0.2,0.133,0.1,0.213,-0.101,-0.016,0.314,0.104,0.091,0.121
3500,B1_3,-0.046,-0.391,0.172,0.471,0.013,0.2,1.0,0.074,0.149,0.134,0.415,0.239,0.314,-0.29,-0.208,-0.261
3500,A2_1,-0.19,0.473,0.103,0.351,0.076,0.133,0.074,1.0,-0.124,0.168,0.301,-0.393,0.257,-0.342,-0.386,-0.384
3500,A2_2,-0.403,0.109,0.349,0.194,0.041,0.1,0.149,-0.124,1.0,0.712,-0.501,-0.103,0.357,0.313,0.305,0.348
3500,A2_3,-0.373,0.25,0.217,0.248,0.192,0.213,0.134,0.168,0.712,1.0,-0.321,-0.113,0.47,-0.019,-0.049,0.03
3500,B2_1,0.066,-0.207,0.127,0.053,0.081,-0.101,0.415,0.301,-0.501,-0.321,1.0,0.008,-0.088,-0.405,-0.362,-0.386
3500,B2_2,-0.133,-0.545,-0.364,-0.023,0.065,-0.016,0.239,-0.393,-0.103,-0.113,0.008,1.0,0.079,0.26,0.231,0.085
3500,B2_3,-0.257,-0.151,0.028,0.233,0.28,0.314,0.314,0.257,0.357,0.47,-0.088,0.079,1.0,0.314,0.263,0.333
3500,y1,-0.195,-0.278,0.075,-0.051,0.172,0.104,-0.29,-0.342,0.313,-0.019,-0.405,0.26,0.314,1.0,0.962,0.931
3500,y2,-0.125,-0.27,0.198,-0.027,0.184,0.091,-0.208,-0.386,0.305,-0.049,-0.362,0.231,0.263,0.962,1.0,0.955
3500,y3,-0.112,-0.172,0.217,-0.076,0.342,0.121,-0.261,-0.384,0.348,0.03,-0.386,0.085,0.333,0.931,0.955,1.0
4000,.,1.0,-0.243,0.239,-0.616,-0.184,0.022,-0.075,-0.204,-0.412,-0.372,0.031,-0.13,-0.244,-0.108,-0.129,-0.128
4000,A1_1,-0.243,1.0,-0.001,0.044,0.02,0.107,-0.382,0.498,0.12,0.272,-0.197,-0.553,-0.153,-0.262,-0.265,-0.241
4000,A1_2,0.239,-0.001,1.0,0.141,0.313,-0.065,0.173,0.134,0.36,0.23,0.134,-0.38,0.015,0.105,0.151,0.192
4000,A1_3,-0.616,0.044,0.141,1.0,0.252,0.077,0.469,0.369,0.235,0.295,0.039,-0.038,0.237,-0.079,-0.082,-0.024
4000,B1_1,-0.184,0.02,0.313,0.252,1.0,-0.034,0.026,0.07,0.056,0.193,0.096,0.076,0.295,0.237,0.174,0.28
4000,B1_2,0.022,0.107,-0.065,0.077,-0.034,1.0,0.203,0.136,0.084,0.215,-0.095,-0.015,0.318,0.102,0.081,0.099
4000,B1_3,-0.075,-0.382,0.173,0.469,0.026,0.203,1.0,0.081,0.159,0.156,0.426,0.245,0.33,-0.32,-0.248,-0.204
4000,A2_1,-0.204,0.498,0.134,0.369,0.07,0.136,0.081,1.0,-0.097,0.192,0.295,-0.413,0.24,-0.389,-0.379,-0.394
4000,A2_2,-0.412,0.12,0.36,0.235,0.056,0.084,0.159,-0.097,1.0,0.709,-0.474,-0.11,0.345,0.25,0.363,0.329
4000,A2_3,-0.372,0.272,0.23,0.295,0.193,0.215,0.156,0.192,0.709,1.0,-0.291,-0.127,0.46,-0.065,-0.042,-0.026
4000,B2_1,0.031,-0.197,0.134,0.039,0.096,-0.095,0.426,0.295,-0.474,-0.291,1.0,0.015,-0.057,-0.4,-0.413,-0.347
4000,B2_2,-0.13,-0.553,-0.38,-0.038,0.076,-0.015,0.245,-0.413,-0.11,-0.127,0.015,1.0,0.093,0.251,0.236,0.146
4000,B2_3,-0.244,-0.153,0.015,0.237,0.295,0.318,0.33,0.24,0.345,0.46,-0.057,0.093,1.0,0.247,0.296,0.311
4000,y1,-0.108,-0.262,0.105,-0.079,0.237,0.102,-0.32,-0.389,0.25,-0.065,-0.4,0.251,0.247,1.0,0.977,0.968
4000,y2,-0.129,-0.265,0.151,-0.082,0.174,0.081,-0.248,-0.379,0.363,-0.042,-0.413,0.236,0.296,0.977,1.0,0.972
4000,y3,-0.128,-0.241,0.192,-0.024,0.28,0.099,-0.204,-0.394,0.329,-0.026,-0.347,0.146,0.311,0.968,0.972,1.0
4500,.,1.0,-0.222,0.244,-0.585,-0.142,-0.007,-0.076,-0.154,-0.414,-0.333,0.04,-0.155,-0.245,-0.142,-0.157,-0.129
4500,A1_1,-0.222,1.0,0.058,0.088,0.003,0.092,-0.38,0.531,0.147,0.291,-0.21,-0.562,-0.163,-0.27,-0.233,-0.21
4500,A1_2,0.244,0.058,1.0,0.178,0.265,-0.09,0.146,0.201,0.399,0.256,0.117,-0.426,-0.018,0.035,0.097,0.152
4500,A1_3,-0.585,0.088,0.178,1.0,0.218,0.064,0.457,0.404,0.275,0.325,0.029,-0.071,0.224,-0.13,-0.125,-0.111
4500,B1_1,-0.142,0.003,0.265,0.218,1.0,-0.027,0.038,0.046,0.03,0.158,0.115,0.105,0.308,0.247,0.185,0.246
4500,B1_2,-0.007,0.092,-0.09,0.064,-0.027,1.0,0.207,0.134,0.053,0.2,-0.077,-0.003,0.327,0.114,0.14,0.196
4500,B1_3,-0.076,-0.38,0.146,0.457,0.038,0.207,1.0,0.071,0.14,0.135,0.441,0.262,0.341,-0.305,-0.242,-0.199
4500,A2_1,-0.154,0.531,0.201,0.404,0.046,0.134,0.071,1.0,-0.038,0.233,0.265,-0.446,0.208,-0.409,-0.421,-0.415
4500,A2_2,-0.414,0.147,0.399,0.275,0.03,0.053,0.14,-0.038,1.0,0.713,-0.473,-0.138,0.318,0.188,0.301,0.282
4500,A2_3,-0.333,0.291,0.256,0.325,0.158,0.2,0.135,0.233,0.713,1.0,-0.305,-0.137,0.429,-0.129,-0.079,-0.026
4500,B2_1,0.04,-0.21,0.117,0.029,0.115,-0.077,0.441,0.265,-0.473,-0.305,1.0,0.046,-0.032,-0.364,-0.399,-0.313
4500,B2_2,-0.155,-0.562,-0.426,-0.071,0.105,-0.003,0.262,-0.446,-0.138,-0.137,0.046,1.0,0.118,0.245,0.228,0.124
4500,B2_3,-0.245,-0.163,-0.018,0.224,0.308,0.327,0.341,0.208,0.318,0.429,-0.032,0.118,1.0,0.265,0.273,0.288
4500,y1,-0.142,-0.27,0.035,-0.13,0.247,0.114,-0.305,-0.409,0.188,-0.129,-0.364,0.245,0.265,1.0,0.979,0.963
4500,y2,-0.157,-0.233,0.097,-0.125,0.185,0.14,-0.242,-0.421,0.301,-0.079,-0.399,0.228,0.273,0.979,1.0,0.968
4500,y3,-0.129,-0.21,0.152,-0.111,0.246,0.196,-0.199,-0.415,0.282,-0.026,-0.313,0.124,0.288,0.963,0.968,1.0
5000,.,1.0,-0.188,0.277,-0.569,-0.11,-0.019,-0.077,-0.134,-0.393,-0.306,0.034,-0.175,-0.245,-0.189,-0.159,-0.12
5000,A1_1,-0.188,1.0,0.069,0.107,0.008,0.077,-0.377,0.538,0.158,0.298,-0.206,-0.569,-0.168,-0.285,-0.308,-0.261
5000,A1_2,0.277,0.069,1.0,0.178,0.241,-0.098,0.143,0.207,0.41,0.274,0.106,-0.435,-0.027,-0.008,0.088,0.158
5000,A1_3,-0.569,0.107,0.178,1.0,0.206,0.064,0.448,0.409,0.28,0.337,0.023,-0.079,0.216,-0.137,-0.098,-0.086
5000,B1_1,-0.11,0.008,0.241,0.206,1.0,-0.022,0.042,0.041,0.025,0.16,0.12,0.117,0.312,0.268,0.224,0.267
5000,B1_2,-0.019,0.077,-0.098,0.064,-0.022,1.0,0.207,0.134,0.042,0.194,-0.073,-0.006,0.33,0.185,0.137,0.191
5000,B1_3,-0.077,-0.377,0.143,0.448,0.042,0.207,1.0,0.07,0.144,0.137,0.444,0.265,0.343,-0.268,-0.226,-0.181
5000,A2_1,-0.134,0.538,0.207,0.409,0.041,0.134,0.07,1.0,-0.023,0.242,0.259,-0.449,0.208,-0.439,-0.419,-0.39
5000,A2_2,-0.393,0.158,0.41,0.28,0.025,0.042,0.144,-0.023,1.0,0.72,-0.467,-0.143,0.308,0.19,0.237,0.248
5000,A2_3,-0.306,0.298,0.274,0.337,0.16,0.194,0.137,0.242,0.72,1.0,-0.302,-0.137,0.419,-0.102,-0.09,-0.046
5000,B2_1,0.034,-0.206,0.106,0.023,0.12,-0.073,0.444,0.259,-0.467,-0.302,1.0,0.052,-0.027,-0.364,-0.364,-0.303
5000,B2_2,-0.175,-0.569,-0.435,-0.079,0.117,-0.006,0.265,-0.449,-0.143,-0.137,0.052,1.0,0.125,0.313,0.251,0.114
5000,B2_3,-0.245,-0.168,-0.027,0.216,0.312,0.33,0.343,0.208,0.308,0.419,-0.027,0.125,1.0,0.197,0.288,0.322
5000,y1,-0.189,-0.285,-0.008,-0.137,0.268,0.185,-0.268,-0.439,0.19,-0.102,-0.364,0.313,0.197,1.0,0.973,0.943
5000,y2,-0.159,-0.308,0.088,-0.098,0.224,0.137,-0.226,-0.419,0.237,-0.09,-0.364,0.251,0.288,0.973,1.0,0.975
5000,y3,-0.12,-0.261,0.158,-0.086,0.267,0.191,-0.181,-0.39,0.248,-0.046,-0.303,0.114,0.322,0.943,0.975,1.0
5500,.,1.0,-0.184,0.247,-0.556,-0.083,-0.047,-0.099,-0.135,-0.399,-0.286,0.031,-0.186,-0.245,-0.178,-0.148,-0.175
5500,A1_1,-0.184,1.0,0.103,0.133,-0.008,0.056,-0.364,0.555,0.18,0.311,-0.2,-0.583,-0.184,-0.31,-0.336,-0.242
5500,A1_2,0.247,0.103,1.0,0.221,0.201,-0.116,0.147,0.241,0.442,0.308,0.102,-0.457,-0.046,0.02,-0.023,0.071
5500,A1_3,-0.556,0.133,0.221,1.0,0.205,0.058,0.438,0.431,0.301,0.356,0.014,-0.095,0.201,-0.15,-0.157,-0.128
5500,B1_1,-0.083,-0.008,0.201,0.205,1.0,-0.005,0.059,0.029,0.026,0.155,0.134,0.158,0.33,0.211,0.229,0.195
5500,B1_2,-0.047,0.056,-0.116,0.058,-0.005,1.0,0.212,0.135,0.028,0.193,-0.054,-0.001,0.338,0.116,0.183,0.205
5500,B1_3,-0.099,-0.364,0.147,0.438,0.059,0.212,1.0,0.066,0.152,0.13,0.45,0.275,0.349,-0.275,-0.23,-0.238
5500,A2_1,-0.135,0.555,0.241,0.431,0.029,0.135,0.066,1.0,0.012,0.267,0.241,-0.473,0.196,-0.43,-0.395,-0.415
5500,A2_2,-0.399,0.18,0.442,0.301,0.026,0.028,0.152,0.012,1.0,0.734,-0.454,-0.154,0.299,0.14,0.094,0.208
5500,A2_3,-0.286,0.311,0.308,0.356,0.155,0.193,0.13,0.267,0.734,1.0,-0.306,-0.155,0.407,-0.16,-0.158,-0.061
5500,B2_1,0.031,-0.2,0.102,0.014,0.134,-0.054,0.45,0.241,-0.454,-0.306,1.0,0.078,-0.009,-0.322,-0.299,-0.331
5500,B2_2,-0.186,-0.583,-0.457,-0.095,0.158,-0.001,0.275,-0.473,-0.154,-0.155,0.078,1.0,0.144,0.25,0.271,0.127
5500,B2_3,-0.245,-0.184,-0.046,0.201,0.33,0.338,0.349,0.196,0.299,0.407,-0.009,0.144,1.0,0.2,0.271,0.268
5500,y1,-0.178,-0.31,0.02,-0.15,0.211,0.116,-0.275,-0.43,0.14,-0.16,-0.322,0.25,0.2,1.0,0.989,0.976
5500,y2,-0.148,-0.336,-0.023,-0.157,0.229,0.183,-0.23,-0.395,0.094,-0.158,-0.299,0.271,0.271,0.989,1.0,0.967
5500,y3,-0.175,-0.242,0.071,-0.128,0.195,0.205,-0.238,-0.415,0.208,-0.061,-0.331,0.127,0.268,0.976,0.967,1.0
6000,.,1.0,-0.189,0.245,-0.558,-0.089,-0.071,-0.107,-0.135,-0.39,-0.289,0.024,-0.206,-0.242,-0.208,-0.203,-0.181
6000,A1_1,-0.189,1.0,0.126,0.162,-0.013,0.038,-0.361,0.564,0.203,0.32,-0.2,-0.593,-0.18,-0.257,-0.328,-0.274
6000,A1_2,0.245,0.126,1.0,0.235,0.183,-0.116,0.141,0.269,0.452,0.32,0.097,-0.485,-0.054,-0.065,-0.005,0.048
6000,A1_3,-0.558,0.162,0.235,1.0,0.203,0.065,0.427,0.452,0.306,0.366,0.02,-0.112,0.194,-0.178,-0.134,-0.144
6000,B1_1,-0.089,-0.013,0.183,0.203,1.0,0.022,0.08,0.02,0.025,0.143,0.153,0.171,0.341,0.221,0.155,0.17
6000,B1_2,-0.071,0.038,-0.116,0.065,0.022,1.0,0.223,0.119,0.022,0.18,-0.039,0.006,0.353,0.238,0.194,0.252
6000,B1_3,-0.107,-0.361,0.141,0.427,0.08,0.223,1.0,0.073,0.131,0.132,0.451,0.285,0.356,-0.257,-0.235,-0.172
6000,A2_1,-0.135,0.564,0.269,0.452,0.02,0.119,0.073,1.0,0.045,0.279,0.228,-0.485,0.2,-0.393,-0.354,-0.408
6000,A2_2,-0.39,0.203,0.452,0.306,0.025,0.022,0.131,0.045,1.0,0.748,-0.463,-0.174,0.29,0.102,0.204,0.231
6000,A2_3,-0.289,0.32,0.32,0.366,0.143,0.18,0.132,0.279,0.748,1.0,-0.304,-0.163,0.395,-0.152,-0.089,-0.061
6000,B2_1,0.024,-0.2,0.097,0.02,0.153,-0.039,0.451,0.228,-0.463,-0.304,1.0,0.095,-0.001,-0.299,-0.359,-0.329
6000,B2_2,-0.206,-0.593,-0.485,-0.112,0.171,0.006,0.285,-0.485,-0.174,-0.163,0.095,1.0,0.154,0.255,0.227,0.163
6000,B2_3,-0.242,-0.18,-0.054,0.194,0.341,0.353,0.356,0.2,0.29,0.395,-0.001,0.154,1.0,0.248,0.312,0.3
6000,y1,-0.208,-0.257,-0.065,-0.178,0.221,0.238,-0.257,-0.393,0.102,-0.152,-0.299,0.255,0.248,1.0,0.974,0.974
6000,y2,-0.203,-0.328,-0.005,-0.134,0.155,0.194,-0.235,-0.354,0.204,-0.089,-0.359,0.227,0.312,0.974,1.0,0.969
6000,y3,-0.181,-0.274,0.048,-0.144,0.17,0.252,-0.172,-0.408,0.231,-0.061,-0.329,0.163,0.3,0.974,0.969,1.0
6500,.,1.0,-0.176,0.225,-0.566,-0.065,-0.096,-0.13,-0.136,-0.391,-0.302,0.016,-0.208,-0.226,-0.188,-0.212,-0.206
6500,A1_1,-0.176,1.0,0.159,0.178,-0.02,0.037,-0.351,0.584,0.208,0.34,-0.189,-0.6,-0.186,-0.323,-0.331,-0.316
6500,A1_2,0.225,0.159,1.0,0.264,0.193,-0.14,0.158,0.303,0.475,0.349,0.1,-0.496,-0.042,-0.077,-0.053,0.024
6500,A1_3,-0.566,0.178,0.264,1.0,0.199,0.057,0.427,0.456,0.325,0.401,0.027,-0.112,0.181,-0.167,-0.157,-0.133
6500,B1_1,-0.065,-0.02,0.193,0.199,1.0,0.041,0.093,0.021,0.019,0.14,0.165,0.182,0.35,0.171,0.151,0.154
6500,B1_2,-0.096,0.037,-0.14,0.057,0.041,1.0,0.231,0.111,-0.005,0.181,-0.019,0.016,0.359,0.228,0.211,0.158
6500,B1_3,-0.13,-0.351,0.158,0.427,0.093,0.231,1.0,0.066,0.134,0.143,0.456,0.29,0.364,-0.243,-0.225,-0.165
6500,A2_1,-0.136,0.584,0.303,0.456,0.021,0.111,0.066,1.0,0.076,0.31,0.215,-0.486,0.187,-0.402,-0.365,-0.425
6500,A2_2,-0.391,0.208,0.475,0.325,0.019,-0.005,0.134,0.076,1.0,0.752,-0.454,-0.193,0.271,0.055,0.15,0.227
6500,A2_3,-0.302,0.34,0.349,0.401,0.14,0.181,0.143,0.31,0.752,1.0,-0.3,-0.17,0.381,-0.183,-0.104,-0.075
6500,B2_1,0.016,-0.189,0.1,0.027,0.165,-0.019,0.456,0.215,-0.454,-0.3,1.0,0.11,0.009,-0.295,-0.331,-0.327
6500,B2_2,-0.208,-0.6,-0.496,-0.112,0.182,0.016,0.29,-0.486,-0.193,-0.17,0.11,1.0,0.163,0.231,0.223,0.157
6500,B2_3,-0.226,-0.186,-0.042,0.181,0.35,0.359,0.364,0.187,0.271,0.381,0.009,0.163,1.0,0.208,0.318,0.305
6500,y1,-0.188,-0.323,-0.077,-0.167,0.171,0.228,-0.243,-0.402,0.055,-0.183,-0.295,0.231,0.208,1.0,0.986,0.961
6500,y2,-0.212,-0.331,-0.053,-0.157,0.151,0.211,-0.225,-0.365,0.15,-0.104,-0.331,0.223,0.318,0.986,1.0,0.978
6500,y3,-0.206,-0.316,0.024,-0.133,0.154,0.158,-0.165,-0.425,0.227,-0.075,-0.327,0.157,0.305,0.961,0.978,1.0
7000,.,1.0,-0.199,0.195,-0.574,-0.072,-0.105,-0.146,-0.155,-0.411,-0.334,0.004,-0.205,-0.236,-0.166,-0.21,-0.172
7000,A1_1,-0.199,1.0,0.188,0.214,-0.033,0.046,-0.341,0.605,0.236,0.358,-0.191,-0.605,-0.193,-0.342,-0.357,-0.321
7000,A1_2,0.195,0.188,1.0,0.298,0.192,-0.137,0.176,0.326,0.491,0.372,0.093,-0.494,-0.03,-0.111,-0.107,-0.071
7000,A1_3,-0.574,0.214,0.298,1.0,0.183,0.054,0.415,0.462,0.356,0.43,0.013,-0.132,0.177,-0.171,-0.182,-0.196
7000,B1_1,-0.072,-0.033,0.192,0.183,1.0,0.052,0.102,0.007,0.01,0.116,0.173,0.196,0.357,0.167,0.089,0.162
7000,B1_2,-0.105,0.046,-0.137,0.054,0.052,1.0,0.233,0.093,0.0,0.188,-0.014,0.022,0.363,0.246,0.156,0.201
7000,B1_3,-0.146,-0.341,0.176,0.415,0.102,0.233,1.0,0.049,0.148,0.149,0.459,0.292,0.366,-0.243,-0.243,-0.207
7000,A2_1,-0.155,0.605,0.326,0.462,0.007,0.093,0.049,1.0,0.098,0.325,0.206,-0.496,0.161,-0.421,-0.426,-0.474
7000,A2_2,-0.411,0.236,0.491,0.356,0.01,0.0,0.148,0.098,1.0,0.759,-0.441,-0.2,0.265,0.055,0.128,0.16
7000,A2_3,-0.334,0.358,0.372,0.43,0.116,0.188,0.149,0.325,0.759,1.0,-0.301,-0.18,0.377,-0.158,-0.103,-0.102
7000,B2_1,0.004,-0.191,0.093,0.013,0.173,-0.014,0.459,0.206,-0.441,-0.301,1.0,0.117,0.014,-0.328,-0.334,-0.347
7000,B2_2,-0.205,-0.605,-0.494,-0.132,0.196,0.022,0.292,-0.496,-0.2,-0.18,0.117,1.0,0.168,0.223,0.227,0.173
7000,B2_3,-0.236,-0.193,-0.03,0.177,0.357,0.363,0.366,0.161,0.265,0.377,0.014,0.168,1.0,0.228,0.293,0.275
7000,y1,-0.166,-0.342,-0.111,-0.171,0.167,0.246,-0.243,-0.421,0.055,-0.158,-0.328,0.223,0.228,1.0,0.979,0.977
7000,y2,-0.21,-0.357,-0.107,-0.182,0.089,0.156,-0.243,-0.426,0.128,-0.103,-0.334,0.227,0.293,0.979,1.0,0.979
7000,y3,-0.172,-0.321,-0.071,-0.196,0.162,0.201,-0.207,-0.474,0.16,-0.102,-0.347,0.173,0.275,0.977,0.979,1.0
7500,.,1.0,-0.233,0.152,-0.575,-0.093,-0.124,-0.139,-0.204,-0.424,-0.367,-0.005,-0.191,-0.245,-0.158,-0.162,-0.169
7500,A1_1,-0.233,1.0,0.219,0.235,-0.036,0.045,-0.321,0.62,0.257,0.381,-0.188,-0.597,-0.183,-0.385,-0.378,-0.313
7500,A1_2,0.152,0.219,1.0,0.333,0.191,-0.121,0.191,0.357,0.503,0.391,0.097,-0.495,-0.021,-0.181,-0.107,-0.139
7500,A1_3,-0.575,0.235,0.333,1.0,0.182,0.047,0.411,0.476,0.371,0.449,0.009,-0.137,0.172,-0.229,-0.175,-0.203
7500,B1_1,-0.093,-0.036,0.191,0.182,1.0,0.063,0.108,0.006,0.014,0.114,0.178,0.206,0.365,0.146,0.095,0.055
7500,B1_2,-0.124,0.045,-0.121,0.047,0.063,1.0,0.238,0.105,0.003,0.196,-0.005,0.027,0.369,0.198,0.128,0.203
7500,B1_3,-0.139,-0.321,0.191,0.411,0.108,0.238,1.0,0.057,0.157,0.161,0.461,0.296,0.37,-0.259,-0.244,-0.233
7500,A2_1,-0.204,0.62,0.357,0.476,0.006,0.105,0.057,1.0,0.138,0.356,0.198,-0.487,0.16,-0.502,-0.443,-0.468
7500,A2_2,-0.424,0.257,0.503,0.371,0.014,0.003,0.157,0.138,1.0,0.769,-0.426,-0.194,0.264,0.035,0.08,0.133
7500,A2_3,-0.367,0.381,0.391,0.449,0.114,0.196,0.161,0.356,0.769,1.0,-0.291,-0.185,0.381,-0.189,-0.161,-0.103
7500,B2_1,-0.005,-0.188,0.097,0.009,0.178,-0.005,0.461,0.198,-0.426,-0.291,1.0,0.126,0.022,-0.318,-0.321,-0.377
7500,B2_2,-0.191,-0.597,-0.495,-0.137,0.206,0.027,0.296,-0.487,-0.194,-0.185,0.126,1.0,0.176,0.255,0.218,0.154
7500,B2_3,-0.245,-0.183,-0.021,0.172,0.365,0.369,0.37,0.16,0.264,0.381,0.022,0.176,1.0,0.216,0.237,0.242
7500,y1,-0.158,-0.385,-0.181,-0.229,0.146,0.198,-0.259,-0.502,0.035,-0.189,-0.318,0.255,0.216,1.0,0.984,0.978
7500,y2,-0.162,-0.378,-0.107,-0.175,0.095,0.128,-0.244,-0.443,0.08,-0.161,-0.321,0.218,0.237,0.984,1.0,0.982
7500,y3,-0.169,-0.313,-0.139,-0.203,0.055,0.203,-0.233,-0.468,0.133,-0.103,-0.377,0.154,0.242,0.978,0.982,1.0
8000,.,1.0,-0.265,0.136,-0.582,-0.094,-0.137,-0.122,-0.223,-0.446,-0.382,0.009,-0.179,-0.251,-0.087,-0.153,-0.191
8000,A1_1,-0.265,1.0,0.237,0.264,-0.039,0.045,-0.314,0.631,0.273,0.395,-0.19,-0.592,-0.176,-0.364,-0.397,-0.322
8000,A1_2,0.136,0.237,1.0,0.35,0.177,-0.125,0.192,0.381,0.506,0.403,0.1,-0.497,-0.02,-0.165,-0.137,-0.172
8000,A1_3,-0.582,0.264,0.35,1.0,0.194,0.035,0.402,0.505,0.395,0.477,0.009,-0.13,0.181,-0.269,-0.187,-0.202
8000,B1_1,-0.094,-0.039,0.177,0.194,1.0,0.079,0.122,0.007,0.015,0.11,0.191,0.232,0.379,0.112,0.055,0.062
8000,B1_2,-0.137,0.045,-0.125,0.035,0.079,1.0,0.246,0.089,0.012,0.208,0.0,0.035,0.373,0.177,0.137,0.198
8000,B1_3,-0.122,-0.314,0.192,0.402,0.122,0.246,1.0,0.053,0.159,0.161,0.463,0.32,0.376,-0.286,-0.239,-0.241
8000,A2_1,-0.223,0.631,0.381,0.505,0.007,0.089,0.053,1.0,0.159,0.36,0.193,-0.484,0.149,-0.511,-0.442,-0.48
8000,A2_2,-0.446,0.273,0.506,0.395,0.015,0.012,0.159,0.159,1.0,0.778,-0.415,-0.192,0.263,0.019,0.068,0.127
8000,A2_3,-0.382,0.395,0.403,0.477,0.11,0.208,0.161,0.36,0.778,1.0,-0.294,-0.185,0.376,-0.181,-0.147,-0.124
8000,B2_1,0.009,-0.19,0.1,0.009,0.191,0.0,0.463,0.193,-0.415,-0.294,1.0,0.146,0.033,-0.359,-0.331,-0.377
8000,B2_2,-0.179,-0.592,-0.497,-0.13,0.232,0.035,0.32,-0.484,-0.192,-0.185,0.146,1.0,0.195,0.202,0.209,0.128
8000,B2_3,-0.251,-0.176,-0.02,0.181,0.379,0.373,0.376,0.149,0.263,0.376,0.033,0.195,1.0,0.186,0.24,0.219
8000,y1,-0.087,-0.364,-0.165,-0.269,0.112,0.177,-0.286,-0.511,0.019,-0.181,-0.359,0.202,0.186,1.0,0.981,0.975
8000,y2,-0.153,-0.397,-0.137,-0.187,0.055,0.137,-0.239,-0.442,0.068,-0.147,-0.331,0.209,0.24,0.981,1.0,0.971
8000,y3,-0.191,-0.322,-0.172,-0.202,0.062,0.198,-0.241,-0.48,0.127,-0.124,-0.377,0.128,0.219,0.975,0.971,1.0
8500,.,1.0,-0.276,0.108,-0.584,-0.094,-0.157,-0.147,-0.254,-0.45,-0.381,-0.023,-0.18,-0.261,-0.059,-0.152,-0.119
8500,A1_1,-0.276,1.0,0.27,0.29,-0.048,0.062,-0.3,0.643,0.298,0.414,-0.19,-0.591,-0.169,-0.38,-0.372,-0.345
8500,A1_2,0.108,0.27,1.0,0.384,0.177,-0.122,0.204,0.415,0.515,0.433,0.107,-0.489,-0.017,-0.202,-0.206,-0.181
8500,A1_3,-0.584,0.29,0.384,1.0,0.198,0.029,0.398,0.532,0.423,0.497,0.012,-0.135,0.172,-0.275,-0.234,-0.22
8500,B1_1,-0.094,-0.048,0.177,0.198,1.0,0.089,0.131,-0.0,0.016,0.101,0.199,0.245,0.388,0.078,0.025,0.089
8500,B1_2,-0.157,0.062,-0.122,0.029,0.089,1.0,0.249,0.098,0.018,0.218,0.005,0.043,0.378,0.144,0.185,0.235
8500,B1_3,-0.147,-0.3,0.204,0.398,0.131,0.249,1.0,0.067,0.168,0.174,0.465,0.322,0.381,-0.278,-0.265,-0.226
8500,A2_1,-0.254,0.643,0.415,0.532,-0.0,0.098,0.067,1.0,0.193,0.376,0.196,-0.489,0.15,-0.535,-0.44,-0.482
8500,A2_2,-0.45,0.298,0.515,0.423,0.016,0.018,0.168,0.193,1.0,0.788,-0.405,-0.191,0.265,0.014,0.071,0.077
8500,A2_3,-0.381,0.414,0.433,0.497,0.101,0.218,0.174,0.376,0.788,1.0,-0.296,-0.191,0.377,-0.198,-0.118,-0.126
8500,B2_1,-0.023,-0.19,0.107,0.012,0.199,0.005,0.465,0.196,-0.405,-0.296,1.0,0.151,0.039,-0.382,-0.364,-0.35
8500,B2_2,-0.18,-0.591,-0.489,-0.135,0.245,0.043,0.322,-0.489,-0.191,-0.191,0.151,1.0,0.201,0.186,0.205,0.095
8500,B2_3,-0.261,-0.169,-0.017,0.172,0.388,0.378,0.381,0.15,0.265,0.377,0.039,0.201,1.0,0.164,0.251,0.215
8500,y1,-0.059,-0.38,-0.202,-0.275,0.078,0.144,-0.278,-0.535,0.014,-0.198,-0.382,0.186,0.164,1.0,0.98,0.978
8500,y2,-0.152,-0.372,-0.206,-0.234,0.025,0.185,-0.265,-0.44,0.071,-0.118,-0.364,0.205,0.251,0.98,1.0,0.963
8500,y3,-0.119,-0.345,-0.181,-0.22,0.089,0.235,-0.226,-0.482,0.077,-0.126,-0.35,0.095,0.215,0.978,0.963,1.0
9000,.,1.0,-0.248,0.117,-0.578,-0.079,-0.165,-0.174,-0.227,-0.434,-0.352,-0.051,-0.201,-0.256,-0.062,-0.084,-0.124
9000,A1_1,-0.248,1.0,0.273,0.291,-0.045,0.067,-0.295,0.646,0.308,0.424,-0.178,-0.582,-0.165,-0.431,-0.407,-0.396
9000,A1_2,0.117,0.273,1.0,0.389,0.166,-0.139,0.204,0.43,0.512,0.435,0.111,-0.486,-0.022,-0.207,-0.217,-0.191
9000,A1_3,-0.578,0.291,0.389,1.0,0.195,0.027,0.392,0.539,0.43,0.501,0.019,-0.136,0.169,-0.299,-0.301,-0.253
9000,B1_1,-0.079,-0.045,0.166,0.195,1.0,0.104,0.139,-0.015,0.001,0.098,0.213,0.255,0.393,0.029,-0.026,0.031
9000,B1_2,-0.165,0.067,-0.139,0.027,0.104,1.0,0.254,0.102,0.02,0.206,0.012,0.05,0.385,0.094,0.174,0.191
9000,B1_3,-0.174,-0.295,0.204,0.392,0.139,0.254,1.0,0.069,0.166,0.159,0.471,0.324,0.384,-0.273,-0.284,-0.226
9000,A2_1,-0.227,0.646,0.43,0.539,-0.015,0.102,0.069,1.0,0.205,0.391,0.194,-0.502,0.142,-0.573,-0.512,-0.535
9000,A2_2,-0.434,0.308,0.512,0.43,0.001,0.02,0.166,0.205,1.0,0.787,-0.402,-0.2,0.251,-0.021,0.037,0.065
9000,A2_3,-0.352,0.424,0.435,0.501,0.098,0.206,0.159,0.391,0.787,1.0,-0.305,-0.199,0.365,-0.251,-0.149,-0.141
9000,B2_1,-0.051,-0.178,0.111,0.019,0.213,0.012,0.471,0.194,-0.402,-0.305,1.0,0.153,0.05,-0.35,-0.398,-0.34
9000,B2_2,-0.201,-0.582,-0.486,-0.136,0.255,0.05,0.324,-0.502,-0.2,-0.199,0.153,1.0,0.204,0.195,0.195,0.119
9000,B2_3,-0.256,-0.165,-0.022,0.169,0.393,0.385,0.384,0.142,0.251,0.365,0.05,0.204,1.0,0.097,0.179,0.176
9000,y1,-0.062,-0.431,-0.207,-0.299,0.029,0.094,-0.273,-0.573,-0.021,-0.251,-0.35,0.195,0.097,1.0,0.983,0.979
9000,y2,-0.084,-0.407,-0.217,-0.301,-0.026,0.174,-0.284,-0.512,0.037,-0.149,-0.398,0.195,0.179,0.983,1.0,0.974
9000,y3,-0.124,-0.396,-0.191,-0.253,0.031,0.191,-0.226,-0.535,0.065,-0.141,-0.34,0.119,0.176,0.979,0.974,1.0
9500,.,1.0,-0.249,0.137,-0.581,-0.078,-0.166,-0.179,-0.207,-0.434,-0.346,-0.049,-0.204,-0.251,-0.062,-0.028,-0.16
9500,A1_1,-0.249,1.0,0.295,0.314,-0.041,0.077,-0.275,0.66,0.33,0.45,-0.168,-0.577,-0.163,-0.46,-0.43,-0.429
9500,A1_2,0.137,0.295,1.0,0.387,0.166,-0.153,0.193,0.434,0.515,0.441,0.098,-0.493,-0.037,-0.264,-0.212,-0.195
9500,A1_3,-0.581,0.314,0.387,1.0,0.185,0.032,0.386,0.55,0.447,0.508,0.008,-0.136,0.154,-0.328,-0.33,-0.215
9500,B1_1,-0.078,-0.041,0.166,0.185,1.0,0.115,0.148,-0.027,0.007,0.087,0.217,0.261,0.399,0.003,-0.011,0.028
9500,B1_2,-0.166,0.077,-0.153,0.032,0.115,1.0,0.257,0.104,0.006,0.192,0.031,0.054,0.386,0.083,0.158,0.199
9500,B1_3,-0.179,-0.275,0.193,0.386,0.148,0.257,1.0,0.072,0.154,0.134,0.481,0.331,0.387,-0.301,-0.312,-0.186
9500,A2_1,-0.207,0.66,0.434,0.55,-0.027,0.104,0.072,1.0,0.217,0.39,0.183,-0.511,0.126,-0.622,-0.534,-0.509
9500,A2_2,-0.434,0.33,0.515,0.447,0.007,0.006,0.154,0.217,1.0,0.793,-0.408,-0.202,0.228,-0.029,-0.005,0.064
9500,A2_3,-0.346,0.45,0.441,0.508,0.087,0.192,0.134,0.39,0.793,1.0,-0.33,-0.209,0.333,-0.243,-0.169,-0.139
9500,B2_1,-0.049,-0.168,0.098,0.008,0.217,0.031,0.481,0.183,-0.408,-0.33,1.0,0.166,0.066,-0.377,-0.394,-0.322
9500,B2_2,-0.204,-0.577,-0.493,-0.136,0.261,0.054,0.331,-0.511,-0.202,-0.209,0.166,1.0,0.212,0.213,0.163,0.157
9500,B2_3,-0.251,-0.163,-0.037,0.154,0.399,0.386,0.387,0.126,0.228,0.333,0.066,0.212,1.0,0.083,0.149,0.205
9500,y1,-0.062,-0.46,-0.264,-0.328,0.003,0.083,-0.301,-0.622,-0.029,-0.243,-0.377,0.213,0.083,1.0,0.985,0.974
9500,y2,-0.028,-0.43,-0.212,-0.33,-0.011,0.158,-0.312,-0.534,-0.005,-0.169,-0.394,0.163,0.149,0.985,1.0,0.977
9500,y3,-0.16,-0.429,-0.195,-0.215,0.028,0.199,-0.186,-0.509,0.064,-0.139,-0.322,0.157,0.205,0.974,0.977,1.0
10000,.,1.0,-0.236,0.14,-0.589,-0.082,-0.181,-0.184,-0.194,-0.444,-0.351,-0.042,-0.219,-0.242,-0.083,-0.083,-0.129
10000,A1_1,-0.236,1.0,0.318,0.33,-0.062,0.081,-0.269,0.678,0.336,0.465,-0.169,-0.574,-0.164,-0.47,-0.462,-0.427
10000,A1_2,0.14,0.318,1.0,0.4,0.151,-0.142,0.198,0.46,0.513,0.451,0.096,-0.49,-0.039,-0.304,-0.266,-0.252
10000,A1_3,-0.589,0.33,0.4,1.0,0.177,0.047,0.385,0.562,0.466,0.538,0.005,-0.129,0.163,-0.338,-0.311,-0.255
10000,B1_1,-0.082,-0.062,0.151,0.177,1.0,0.142,0.167,-0.031,-0.006,0.069,0.246,0.301,0.419,-0.046,-0.024,0.013
10000,B1_2,-0.181,0.081,-0.142,0.047,0.142,1.0,0.274,0.111,0.0,0.177,0.069,0.068,0.395,0.077,0.127,0.187
10000,B1_3,-0.184,-0.269,0.198,0.385,0.167,0.274,1.0,0.064,0.15,0.13,0.488,0.342,0.39,-0.278,-0.286,-0.224
10000,A2_1,-0.194,0.678,0.46,0.562,-0.031,0.111,0.064,1.0,0.235,0.409,0.173,-0.507,0.112,-0.61,-0.522,-0.534
10000,A2_2,-0.444,0.336,0.513,0.466,-0.006,0.0,0.15,0.235,1.0,0.802,-0.41,-0.197,0.219,-0.01,0.012,0.038
10000,A2_3,-0.351,0.465,0.451,0.538,0.069,0.177,0.13,0.409,0.802,1.0,-0.341,-0.214,0.312,-0.222,-0.19,-0.154
10000,B2_1,-0.042,-0.169,0.096,0.005,0.246,0.069,0.488,0.173,-0.41,-0.341,1.0,0.194,0.08,-0.383,-0.373,-0.361
10000,B2_2,-0.219,-0.574,-0.49,-0.129,0.301,0.068,0.342,-0.507,-0.197,-0.214,0.194,1.0,0.232,0.213,0.158,0.136
10000,B2_3,-0.242,-0.164,-0.039,0.163,0.419,0.395,0.39,0.112,0.219,0.312,0.08,0.232,1.0,0.083,0.169,0.168
10000,y1,-0.083,-0.47,-0.304,-0.338,-0.046,0.077,-0.278,-0.61,-0.01,-0.222,-0.383,0.213,0.083,1.0,0.987,0.983
10000,y2,-0.083,-0.462,-0.266,-0.311,-0.024,0.127,-0.286,-0.522,0.012,-0.19,-0.373,0.158,0.169,0.987,1.0,0.988
10000,y3,-0.129,-0.427,-0.252,-0.255,0.013,0.187,-0.224,-0.534,0.038,-0.154,-0.361,0.136,0.168,0.983,0.988,1.0
