,,.,A1_1,A1_2,A1_3,B1_1,B1_2,B1_3,A2_1,A2_2,A2_3,B2_1,B2_2,B2_3,y1,y2,y3
0,.,1.0,0.384,0.611,0.461,0.415,0.635,0.433,0.479,0.372,0.254,0.428,0.403,0.371,0.778,0.576,0.548
0,A1_1,0.384,1.0,0.734,0.498,0.373,0.741,0.554,0.759,0.224,0.572,0.605,0.442,0.303,0.131,-0.226,0.0
0,A1_2,0.611,0.734,1.0,0.605,0.575,0.632,0.48,0.724,0.631,0.802,0.55,0.457,0.4,0.421,0.212,0.493
0,A1_3,0.461,0.498,0.605,1.0,0.562,0.586,0.808,0.82,0.075,0.7,0.408,0.758,0.242,0.546,0.019,0.292
0,B1_1,0.415,0.373,0.575,0.562,1.0,0.655,0.541,0.548,0.159,0.55,0.534,0.757,0.551,0.407,0.089,0.381
0,B1_2,0.635,0.741,0.632,0.586,0.655,1.0,0.629,0.735,0.004,0.477,0.562,0.691,0.438,0.376,0.064,0.225
0,B1_3,0.433,0.554,0.48,0.808,0.541,0.629,1.0,0.718,0.021,0.577,0.472,0.814,0.34,0.434,-0.091,0.195
0,A2_1,0.479,0.759,0.724,0.82,0.548,0.735,0.718,1.0,0.169,0.76,0.654,0.666,0.457,0.431,-0.124,0.144
0,A2_2,0.372,0.224,0.631,0.075,0.159,0.004,0.021,0.169,1.0,0.471,0.393,-0.151,0.46,0.318,0.487,0.515
0,A2_3,0.254,0.572,0.802,0.7,0.55,0.477,0.577,0.76,0.471,1.0,0.472,0.523,0.403,0.322,0.046,0.344
0,B2_1,0.428,0.605,0.55,0.408,0.534,0.562,0.472,0.654,0.393,0.472,1.0,0.355,0.832,0.259,-0.044,0.133
0,B2_2,0.403,0.442,0.457,0.758,0.757,0.691,0.814,0.666,-0.151,0.523,0.355,1.0,0.303,0.526,-0.019,0.333
0,B2_3,0.371,0.303,0.4,0.242,0.551,0.438,0.34,0.457,0.46,0.403,0.832,0.303,1.0,0.289,0.19,0.148
0,y1,0.778,0.131,0.421,0.546,0.407,0.376,0.434,0.431,0.318,0.322,0.259,0.526,0.289,1.0,0.681,0.681
0,y2,0.576,-0.226,0.212,0.019,0.089,0.064,-0.091,-0.124,0.487,0.046,-0.044,-0.019,0.19,0.681,1.0,0.724
0,y3,0.548,0.0,0.493,0.292,0.381,0.225,0.195,0.144,0.515,0.344,0.133,0.333,0.148,0.681,0.724,1.0
500,.,1.0,-0.102,-0.022,-0.124,-0.244,-0.156,-0.283,-0.057,-0.157,-0.095,-0.183,-0.278,-0.219,-0.363,-0.492,-0.457
500,A1_1,-0.102,1.0,0.951,0.961,-0.22,-0.145,-0.245,0.981,0.946,0.939,-0.205,-0.221,-0.195,-0.447,-0.355,-0.425
500,A1_2,-0.022,0.951,1.0,0.98,-0.27,-0.218,-0.27,0.986,0.955,0.96,-0.267,-0.262,-0.26,-0.482,-0.409,-0.484
500,A1_3,-0.124,0.961,0.98,1.0,-0.192,-0.15,-0.192,0.984,0.961,0.964,-0.196,-0.185,-0.184,-0.462,-0.37,-0.452
500,B1_1,-0.244,-0.22,-0.27,-0.192,1.0,0.952,0.971,-0.271,-0.323,-0.288,0.886,0.97,0.963,-0.216,-0.167,-0.198
500,B1_2,-0.156,-0.145,-0.218,-0.15,0.952,1.0,0.926,-0.216,-0.269,-0.237,0.831,0.901,0.917,-0.294,-0.253,-0.291
500,B1_3,-0.283,-0.245,-0.27,-0.192,0.971,0.926,1.0,-0.291,-0.32,-0.305,0.789,0.92,0.888,-0.198,-0.151,-0.204
500,A2_1,-0.057,0.981,0.986,0.984,-0.271,-0.216,-0.291,1.0,0.973,0.977,-0.241,-0.256,-0.24,-0.465,-0.39,-0.448
500,A2_2,-0.157,0.946,0.955,0.961,-0.323,-0.269,-0.32,0.973,1.0,0.99,-0.315,-0.305,-0.299,-0.363,-0.304,-0.352
500,A2_3,-0.095,0.939,0.96,0.964,-0.288,-0.237,-0.305,0.977,0.99,1.0,-0.262,-0.264,-0.25,-0.403,-0.351,-0.388
500,B2_1,-0.183,-0.205,-0.267,-0.196,0.886,0.831,0.789,-0.241,-0.315,-0.262,1.0,0.954,0.972,-0.288,-0.25,-0.236
500,B2_2,-0.278,-0.221,-0.262,-0.185,0.97,0.901,0.92,-0.256,-0.305,-0.264,0.954,1.0,0.989,-0.254,-0.208,-0.214
500,B2_3,-0.219,-0.195,-0.26,-0.184,0.963,0.917,0.888,-0.24,-0.299,-0.25,0.972,0.989,1.0,-0.264,-0.226,-0.223
500,y1,-0.363,-0.447,-0.482,-0.462,-0.216,-0.294,-0.198,-0.465,-0.363,-0.403,-0.288,-0.254,-0.264,1.0,0.972,0.975
500,y2,-0.492,-0.355,-0.409,-0.37,-0.167,-0.253,-0.151,-0.39,-0.304,-0.351,-0.25,-0.208,-0.226,0.972,1.0,0.966
500,y3,-0.457,-0.425,-0.484,-0.452,-0.198,-0.291,-0.204,-0.448,-0.352,-0.388,-0.236,-0.214,-0.223,0.975,0.966,1.0
1000,.,1.0,-0.27,-0.206,-0.288,-0.023,-0.046,-0.153,-0.22,-0.348,-0.168,-0.144,-0.345,-0.019,-0.454,-0.448,-0.466
1000,A1_1,-0.27,1.0,0.96,0.959,-0.34,-0.199,-0.254,0.954,0.956,0.905,-0.307,-0.269,-0.33,-0.25,-0.217,-0.232
1000,A1_2,-0.206,0.96,1.0,0.979,-0.384,-0.236,-0.315,0.99,0.958,0.977,-0.347,-0.304,-0.382,-0.312,-0.292,-0.296
1000,A1_3,-0.288,0.959,0.979,1.0,-0.303,-0.169,-0.231,0.978,0.959,0.951,-0.273,-0.215,-0.307,-0.253,-0.228,-0.232
1000,B1_1,-0.023,-0.34,-0.384,-0.303,1.0,0.95,0.949,-0.382,-0.405,-0.338,0.939,0.864,0.984,-0.113,-0.105,-0.097
1000,B1_2,-0.046,-0.199,-0.236,-0.169,0.95,1.0,0.929,-0.235,-0.249,-0.179,0.876,0.824,0.943,-0.228,-0.222,-0.21
1000,B1_3,-0.153,-0.254,-0.315,-0.231,0.949,0.929,1.0,-0.332,-0.315,-0.294,0.958,0.948,0.96,-0.122,-0.123,-0.129
1000,A2_1,-0.22,0.954,0.99,0.978,-0.382,-0.235,-0.332,1.0,0.956,0.984,-0.346,-0.317,-0.38,-0.321,-0.298,-0.297
1000,A2_2,-0.348,0.956,0.958,0.959,-0.405,-0.249,-0.315,0.956,1.0,0.924,-0.369,-0.301,-0.401,-0.146,-0.125,-0.123
1000,A2_3,-0.168,0.905,0.977,0.951,-0.338,-0.179,-0.294,0.984,0.924,1.0,-0.305,-0.28,-0.337,-0.352,-0.335,-0.331
1000,B2_1,-0.144,-0.307,-0.347,-0.273,0.939,0.876,0.958,-0.346,-0.369,-0.305,1.0,0.93,0.969,-0.133,-0.143,-0.141
1000,B2_2,-0.345,-0.269,-0.304,-0.215,0.864,0.824,0.948,-0.317,-0.301,-0.28,0.93,1.0,0.869,-0.049,-0.056,-0.063
1000,B2_3,-0.019,-0.33,-0.382,-0.307,0.984,0.943,0.96,-0.38,-0.401,-0.337,0.969,0.869,1.0,-0.142,-0.141,-0.136
1000,y1,-0.454,-0.25,-0.312,-0.253,-0.113,-0.228,-0.122,-0.321,-0.146,-0.352,-0.133,-0.049,-0.142,1.0,0.994,0.989
1000,y2,-0.448,-0.217,-0.292,-0.228,-0.105,-0.222,-0.123,-0.298,-0.125,-0.335,-0.143,-0.056,-0.141,0.994,1.0,0.992
1000,y3,-0.466,-0.232,-0.296,-0.232,-0.097,-0.21,-0.129,-0.297,-0.123,-0.331,-0.141,-0.063,-0.136,0.989,0.992,1.0
1500,.,1.0,-0.28,-0.17,-0.241,-0.158,-0.118,-0.069,-0.205,-0.272,-0.289,0.019,-0.086,-0.133,-0.485,-0.443,-0.455
1500,A1_1,-0.28,1.0,0.898,0.937,-0.364,-0.221,-0.358,0.939,0.963,0.858,-0.43,-0.375,-0.276,-0.226,-0.203,-0.211
1500,A1_2,-0.17,0.898,1.0,0.964,-0.48,-0.364,-0.54,0.963,0.969,0.944,-0.611,-0.55,-0.445,-0.262,-0.237,-0.267
1500,A1_3,-0.241,0.937,0.964,1.0,-0.403,-0.277,-0.427,0.992,0.979,0.942,-0.496,-0.437,-0.341,-0.32,-0.305,-0.32
1500,B1_1,-0.158,-0.364,-0.48,-0.403,1.0,0.943,0.935,-0.47,-0.407,-0.299,0.838,0.938,0.959,-0.029,-0.078,-0.079
1500,B1_2,-0.118,-0.221,-0.364,-0.277,0.943,1.0,0.95,-0.323,-0.267,-0.2,0.833,0.942,0.989,-0.213,-0.262,-0.261
1500,B1_3,-0.069,-0.358,-0.54,-0.427,0.935,0.95,1.0,-0.468,-0.428,-0.373,0.96,0.997,0.981,-0.145,-0.181,-0.169
1500,A2_1,-0.205,0.939,0.963,0.992,-0.47,-0.323,-0.468,1.0,0.974,0.91,-0.524,-0.48,-0.389,-0.351,-0.329,-0.343
1500,A2_2,-0.272,0.963,0.969,0.979,-0.407,-0.267,-0.428,0.974,1.0,0.952,-0.501,-0.44,-0.338,-0.236,-0.22,-0.238
1500,A2_3,-0.289,0.858,0.944,0.942,-0.299,-0.2,-0.373,0.91,0.952,1.0,-0.458,-0.384,-0.278,-0.224,-0.222,-0.247
1500,B2_1,0.019,-0.43,-0.611,-0.496,0.838,0.833,0.96,-0.524,-0.501,-0.458,1.0,0.957,0.89,-0.118,-0.138,-0.12
1500,B2_2,-0.086,-0.375,-0.55,-0.437,0.938,0.942,0.997,-0.48,-0.44,-0.384,0.957,1.0,0.979,-0.123,-0.159,-0.147
1500,B2_3,-0.133,-0.276,-0.445,-0.341,0.959,0.989,0.981,-0.389,-0.338,-0.278,0.89,0.979,1.0,-0.158,-0.203,-0.196
1500,y1,-0.485,-0.226,-0.262,-0.32,-0.029,-0.213,-0.145,-0.351,-0.236,-0.224,-0.118,-0.123,-0.158,1.0,0.992,0.993
1500,y2,-0.443,-0.203,-0.237,-0.305,-0.078,-0.262,-0.181,-0.329,-0.22,-0.222,-0.138,-0.159,-0.203,0.992,1.0,0.995
1500,y3,-0.455,-0.211,-0.267,-0.32,-0.079,-0.261,-0.169,-0.343,-0.238,-0.247,-0.12,-0.147,-0.196,0.993,0.995,1.0
2000,.,1.0,-0.351,-0.267,-0.185,-0.344,-0.274,-0.337,-0.206,-0.288,-0.341,-0.154,-0.344,-0.245,-0.374,-0.382,-0.344
2000,A1_1,-0.351,1.0,0.958,0.899,-0.112,-0.096,-0.037,0.963,0.915,0.861,-0.32,-0.195,-0.14,-0.139,-0.133,-0.141
2000,A1_2,-0.267,0.958,1.0,0.936,-0.2,-0.208,-0.172,0.987,0.931,0.911,-0.418,-0.304,-0.259,-0.2,-0.184,-0.214
2000,A1_3,-0.185,0.899,0.936,1.0,-0.201,-0.228,-0.195,0.947,0.937,0.877,-0.376,-0.29,-0.236,-0.175,-0.169,-0.176
2000,B1_1,-0.344,-0.112,-0.2,-0.201,1.0,0.978,0.952,-0.246,-0.188,-0.166,0.877,0.951,0.971,-0.061,-0.039,-0.046
2000,B1_2,-0.274,-0.096,-0.208,-0.228,0.978,1.0,0.966,-0.243,-0.209,-0.19,0.892,0.945,0.987,-0.098,-0.078,-0.065
2000,B1_3,-0.337,-0.037,-0.172,-0.195,0.952,0.966,1.0,-0.194,-0.188,-0.19,0.866,0.949,0.962,-0.1,-0.091,-0.073
2000,A2_1,-0.206,0.963,0.987,0.947,-0.246,-0.243,-0.194,1.0,0.936,0.896,-0.433,-0.336,-0.279,-0.252,-0.24,-0.258
2000,A2_2,-0.288,0.915,0.931,0.937,-0.188,-0.209,-0.188,0.936,1.0,0.971,-0.397,-0.293,-0.221,-0.219,-0.193,-0.231
2000,A2_3,-0.341,0.861,0.911,0.877,-0.166,-0.19,-0.19,0.896,0.971,1.0,-0.377,-0.288,-0.213,-0.24,-0.199,-0.252
2000,B2_1,-0.154,-0.32,-0.418,-0.376,0.877,0.892,0.866,-0.433,-0.397,-0.377,1.0,0.934,0.932,-0.045,-0.002,0.007
2000,B2_2,-0.344,-0.195,-0.304,-0.29,0.951,0.945,0.949,-0.336,-0.293,-0.288,0.934,1.0,0.962,0.016,0.04,0.049
2000,B2_3,-0.245,-0.14,-0.259,-0.236,0.971,0.987,0.962,-0.279,-0.221,-0.213,0.932,0.962,1.0,-0.11,-0.086,-0.07
2000,y1,-0.374,-0.139,-0.2,-0.175,-0.061,-0.098,-0.1,-0.252,-0.219,-0.24,-0.045,0.016,-0.11,1.0,0.989,0.988
2000,y2,-0.382,-0.133,-0.184,-0.169,-0.039,-0.078,-0.091,-0.24,-0.193,-0.199,-0.002,0.04,-0.086,0.989,1.0,0.977
2000,y3,-0.344,-0.141,-0.214,-0.176,-0.046,-0.065,-0.073,-0.258,-0.231,-0.252,0.007,0.049,-0.07,0.988,0.977,1.0
2500,.,1.0,-0.286,-0.099,-0.139,-0.106,-0.121,-0.084,-0.131,-0.24,-0.187,-0.099,-0.11,-0.11,-0.19,-0.216,-0.215
2500,A1_1,-0.286,1.0,0.878,0.896,0.1,0.187,0.174,0.915,0.972,0.952,0.142,0.145,0.141,-0.013,-0.007,-0.001
2500,A1_2,-0.099,0.878,1.0,0.991,-0.211,-0.131,-0.139,0.987,0.949,0.978,-0.173,-0.171,-0.175,-0.081,-0.077,-0.069
2500,A1_3,-0.139,0.896,0.991,1.0,-0.144,-0.063,-0.071,0.99,0.95,0.979,-0.104,-0.102,-0.106,-0.101,-0.098,-0.09
2500,B1_1,-0.106,0.1,-0.211,-0.144,1.0,0.986,0.982,-0.128,-0.058,-0.101,0.99,0.988,0.99,-0.175,-0.173,-0.156
2500,B1_2,-0.121,0.187,-0.131,-0.063,0.986,1.0,0.994,-0.046,0.025,-0.018,0.996,0.996,0.996,-0.179,-0.179,-0.166
2500,B1_3,-0.084,0.174,-0.139,-0.071,0.982,0.994,1.0,-0.056,0.016,-0.027,0.997,0.996,0.995,-0.215,-0.216,-0.207
2500,A2_1,-0.131,0.915,0.987,0.99,-0.128,-0.046,-0.056,1.0,0.965,0.985,-0.088,-0.087,-0.09,-0.073,-0.071,-0.064
2500,A2_2,-0.24,0.972,0.949,0.95,-0.058,0.025,0.016,0.965,1.0,0.992,-0.019,-0.014,-0.019,-0.027,-0.019,-0.014
2500,A2_3,-0.187,0.952,0.978,0.979,-0.101,-0.018,-0.027,0.985,0.992,1.0,-0.062,-0.058,-0.063,-0.057,-0.052,-0.046
2500,B2_1,-0.099,0.142,-0.173,-0.104,0.99,0.996,0.997,-0.088,-0.019,-0.062,1.0,0.999,0.999,-0.203,-0.202,-0.192
2500,B2_2,-0.11,0.145,-0.171,-0.102,0.988,0.996,0.996,-0.087,-0.014,-0.058,0.999,1.0,0.999,-0.185,-0.185,-0.176
2500,B2_3,-0.11,0.141,-0.175,-0.106,0.99,0.996,0.995,-0.09,-0.019,-0.063,0.999,0.999,1.0,-0.192,-0.191,-0.182
2500,y1,-0.19,-0.013,-0.081,-0.101,-0.175,-0.179,-0.215,-0.073,-0.027,-0.057,-0.203,-0.185,-0.192,1.0,0.998,0.992
2500,y2,-0.216,-0.007,-0.077,-0.098,-0.173,-0.179,-0.216,-0.071,-0.019,-0.052,-0.202,-0.185,-0.191,0.998,1.0,0.995
2500,y3,-0.215,-0.001,-0.069,-0.09,-0.156,-0.166,-0.207,-0.064,-0.014,-0.046,-0.192,-0.176,-0.182,0.992,0.995,1.0
3000,.,1.0,-0.592,-0.266,-0.302,-0.337,-0.324,-0.255,-0.282,-0.256,-0.192,-0.056,-0.254,-0.171,-0.057,-0.078,-0.028
3000,A1_1,-0.592,1.0,0.756,0.784,0.471,0.504,0.448,0.759,0.687,0.622,0.143,0.337,0.294,-0.16,-0.15,-0.2
3000,A1_2,-0.266,0.756,1.0,0.984,0.05,0.146,0.076,0.99,0.965,0.957,-0.29,-0.11,-0.158,-0.084,-0.088,-0.101
3000,A1_3,-0.302,0.784,0.984,1.0,0.084,0.163,0.098,0.992,0.923,0.902,-0.251,-0.073,-0.123,-0.136,-0.143,-0.149
3000,B1_1,-0.337,0.471,0.05,0.084,1.0,0.896,0.921,0.05,-0.047,-0.083,0.84,0.972,0.962,-0.321,-0.294,-0.38
3000,B1_2,-0.324,0.504,0.146,0.163,0.896,1.0,0.989,0.134,0.079,0.045,0.764,0.885,0.845,-0.462,-0.45,-0.537
3000,B1_3,-0.255,0.448,0.076,0.098,0.921,0.989,1.0,0.064,0.006,-0.031,0.839,0.926,0.897,-0.432,-0.419,-0.505
3000,A2_1,-0.282,0.759,0.99,0.992,0.05,0.134,0.064,1.0,0.931,0.915,-0.288,-0.107,-0.157,-0.085,-0.094,-0.097
3000,A2_2,-0.256,0.687,0.965,0.923,-0.047,0.079,0.006,0.931,1.0,0.983,-0.385,-0.208,-0.25,-0.021,-0.021,-0.041
3000,A2_3,-0.192,0.622,0.957,0.902,-0.083,0.045,-0.031,0.915,0.983,1.0,-0.419,-0.246,-0.286,-0.049,-0.051,-0.07
3000,B2_1,-0.056,0.143,-0.29,-0.251,0.84,0.764,0.839,-0.288,-0.385,-0.419,1.0,0.931,0.934,-0.255,-0.237,-0.309
3000,B2_2,-0.254,0.337,-0.11,-0.073,0.972,0.885,0.926,-0.107,-0.208,-0.246,0.931,1.0,0.988,-0.325,-0.301,-0.384
3000,B2_3,-0.171,0.294,-0.158,-0.123,0.962,0.845,0.897,-0.157,-0.25,-0.286,0.934,0.988,1.0,-0.284,-0.259,-0.343
3000,y1,-0.057,-0.16,-0.084,-0.136,-0.321,-0.462,-0.432,-0.085,-0.021,-0.049,-0.255,-0.325,-0.284,1.0,0.997,0.991
3000,y2,-0.078,-0.15,-0.088,-0.143,-0.294,-0.45,-0.419,-0.094,-0.021,-0.051,-0.237,-0.301,-0.259,0.997,1.0,0.989
3000,y3,-0.028,-0.2,-0.101,-0.149,-0.38,-0.537,-0.505,-0.097,-0.041,-0.07,-0.309,-0.384,-0.343,0.991,0.989,1.0
3500,.,1.0,-0.477,-0.457,-0.47,-0.082,-0.218,0.034,-0.393,-0.458,-0.425,0.03,-0.149,-0.148,-0.312,-0.319,-0.306
3500,A1_1,-0.477,1.0,0.922,0.942,-0.264,-0.109,-0.342,0.941,0.855,0.821,-0.361,-0.239,-0.219,-0.153,-0.147,-0.158
3500,A1_2,-0.457,0.922,1.0,0.954,-0.313,-0.141,-0.396,0.918,0.979,0.965,-0.385,-0.276,-0.289,-0.252,-0.242,-0.258
3500,A1_3,-0.47,0.942,0.954,1.0,-0.319,-0.154,-0.388,0.979,0.934,0.903,-0.399,-0.282,-0.279,-0.238,-0.227,-0.242
3500,B1_1,-0.082,-0.264,-0.313,-0.319,1.0,0.916,0.948,-0.382,-0.35,-0.322,0.906,0.952,0.961,-0.058,-0.063,-0.071
3500,B1_2,-0.218,-0.109,-0.141,-0.154,0.916,1.0,0.868,-0.221,-0.182,-0.168,0.786,0.928,0.954,-0.062,-0.069,-0.074
3500,B1_3,0.034,-0.342,-0.396,-0.388,0.948,0.868,1.0,-0.462,-0.442,-0.422,0.94,0.936,0.95,-0.097,-0.106,-0.114
3500,A2_1,-0.393,0.941,0.918,0.979,-0.382,-0.221,-0.462,1.0,0.895,0.859,-0.467,-0.354,-0.353,-0.264,-0.256,-0.266
3500,A2_2,-0.458,0.855,0.979,0.934,-0.35,-0.182,-0.442,0.895,1.0,0.993,-0.421,-0.323,-0.347,-0.263,-0.252,-0.27
3500,A2_3,-0.425,0.821,0.965,0.903,-0.322,-0.168,-0.422,0.859,0.993,1.0,-0.404,-0.317,-0.337,-0.298,-0.287,-0.305
3500,B2_1,0.03,-0.361,-0.385,-0.399,0.906,0.786,0.94,-0.467,-0.421,-0.404,1.0,0.946,0.902,0.033,0.019,0.011
3500,B2_2,-0.149,-0.239,-0.276,-0.282,0.952,0.928,0.936,-0.354,-0.323,-0.317,0.946,1.0,0.979,0.063,0.053,0.045
3500,B2_3,-0.148,-0.219,-0.289,-0.279,0.961,0.954,0.95,-0.353,-0.347,-0.337,0.902,0.979,1.0,0.034,0.026,0.02
3500,y1,-0.312,-0.153,-0.252,-0.238,-0.058,-0.062,-0.097,-0.264,-0.263,-0.298,0.033,0.063,0.034,1.0,0.999,0.999
3500,y2,-0.319,-0.147,-0.242,-0.227,-0.063,-0.069,-0.106,-0.256,-0.252,-0.287,0.019,0.053,0.026,0.999,1.0,0.999
3500,y3,-0.306,-0.158,-0.258,-0.242,-0.071,-0.074,-0.114,-0.266,-0.27,-0.305,0.011,0.045,0.02,0.999,0.999,1.0
4000,.,1.0,-0.277,-0.18,-0.303,-0.098,-0.146,-0.193,-0.158,-0.265,-0.056,-0.192,-0.191,-0.118,-0.509,-0.507,-0.516
4000,A1_1,-0.277,1.0,0.928,0.913,-0.245,-0.204,-0.194,0.966,0.926,0.667,-0.147,-0.213,-0.288,-0.129,-0.109,-0.094
4000,A1_2,-0.18,0.928,1.0,0.951,-0.381,-0.33,-0.38,0.946,0.946,0.876,-0.322,-0.389,-0.443,-0.239,-0.219,-0.205
4000,A1_3,-0.303,0.913,0.951,1.0,-0.284,-0.249,-0.282,0.893,0.943,0.843,-0.233,-0.299,-0.352,-0.261,-0.245,-0.229
4000,B1_1,-0.098,-0.245,-0.381,-0.284,1.0,0.977,0.924,-0.406,-0.316,-0.434,0.844,0.887,0.981,-0.243,-0.268,-0.267
4000,B1_2,-0.146,-0.204,-0.33,-0.249,0.977,1.0,0.889,-0.365,-0.269,-0.383,0.766,0.826,0.956,-0.254,-0.273,-0.279
4000,B1_3,-0.193,-0.194,-0.38,-0.282,0.924,0.889,1.0,-0.361,-0.345,-0.532,0.928,0.968,0.963,-0.096,-0.127,-0.122
4000,A2_1,-0.158,0.966,0.946,0.893,-0.406,-0.365,-0.361,1.0,0.907,0.724,-0.311,-0.376,-0.456,-0.187,-0.166,-0.15
4000,A2_2,-0.265,0.926,0.946,0.943,-0.316,-0.269,-0.345,0.907,1.0,0.828,-0.312,-0.374,-0.393,-0.155,-0.135,-0.127
4000,A2_3,-0.056,0.667,0.876,0.843,-0.434,-0.383,-0.532,0.724,0.828,1.0,-0.467,-0.524,-0.519,-0.326,-0.31,-0.307
4000,B2_1,-0.192,-0.147,-0.322,-0.233,0.844,0.766,0.928,-0.311,-0.312,-0.467,1.0,0.988,0.902,0.032,-0.007,0.013
4000,B2_2,-0.191,-0.213,-0.389,-0.299,0.887,0.826,0.968,-0.376,-0.374,-0.524,0.988,1.0,0.944,-0.0,-0.038,-0.025
4000,B2_3,-0.118,-0.288,-0.443,-0.352,0.981,0.956,0.963,-0.456,-0.393,-0.519,0.902,0.944,1.0,-0.14,-0.17,-0.169
4000,y1,-0.509,-0.129,-0.239,-0.261,-0.243,-0.254,-0.096,-0.187,-0.155,-0.326,0.032,-0.0,-0.14,1.0,0.998,0.996
4000,y2,-0.507,-0.109,-0.219,-0.245,-0.268,-0.273,-0.127,-0.166,-0.135,-0.31,-0.007,-0.038,-0.17,0.998,1.0,0.998
4000,y3,-0.516,-0.094,-0.205,-0.229,-0.267,-0.279,-0.122,-0.15,-0.127,-0.307,0.013,-0.025,-0.169,0.996,0.998,1.0
4500,.,1.0,-0.439,-0.262,-0.409,-0.266,-0.094,-0.332,-0.026,-0.33,-0.328,-0.258,-0.322,-0.313,-0.226,-0.25,-0.235
4500,A1_1,-0.439,1.0,0.889,0.869,-0.094,-0.165,-0.103,0.781,0.829,0.763,-0.2,-0.146,-0.139,-0.297,-0.272,-0.263
4500,A1_2,-0.262,0.889,1.0,0.953,-0.271,-0.353,-0.294,0.824,0.971,0.941,-0.35,-0.293,-0.3,-0.39,-0.367,-0.365
4500,A1_3,-0.409,0.869,0.953,1.0,-0.227,-0.352,-0.199,0.754,0.987,0.974,-0.237,-0.204,-0.221,-0.27,-0.244,-0.243
4500,B1_1,-0.266,-0.094,-0.271,-0.227,1.0,0.921,0.936,-0.254,-0.294,-0.277,0.942,0.951,0.954,-0.155,-0.152,-0.158
4500,B1_2,-0.094,-0.165,-0.353,-0.352,0.921,1.0,0.91,-0.24,-0.391,-0.406,0.839,0.911,0.924,-0.227,-0.232,-0.23
4500,B1_3,-0.332,-0.103,-0.294,-0.199,0.936,0.91,1.0,-0.238,-0.269,-0.262,0.92,0.988,0.99,-0.071,-0.075,-0.071
4500,A2_1,-0.026,0.781,0.824,0.754,-0.254,-0.24,-0.238,1.0,0.762,0.685,-0.388,-0.275,-0.266,-0.396,-0.39,-0.372
4500,A2_2,-0.33,0.829,0.971,0.987,-0.294,-0.391,-0.269,0.762,1.0,0.987,-0.316,-0.265,-0.282,-0.32,-0.297,-0.296
4500,A2_3,-0.328,0.763,0.941,0.974,-0.277,-0.406,-0.262,0.685,0.987,1.0,-0.263,-0.243,-0.267,-0.308,-0.282,-0.287
4500,B2_1,-0.258,-0.2,-0.35,-0.237,0.942,0.839,0.92,-0.388,-0.316,-0.263,1.0,0.932,0.926,-0.064,-0.065,-0.073
4500,B2_2,-0.322,-0.146,-0.293,-0.204,0.951,0.911,0.988,-0.275,-0.265,-0.243,0.932,1.0,0.998,-0.066,-0.065,-0.065
4500,B2_3,-0.313,-0.139,-0.3,-0.221,0.954,0.924,0.99,-0.266,-0.282,-0.267,0.926,0.998,1.0,-0.065,-0.064,-0.063
4500,y1,-0.226,-0.297,-0.39,-0.27,-0.155,-0.227,-0.071,-0.396,-0.32,-0.308,-0.064,-0.066,-0.065,1.0,0.995,0.996
4500,y2,-0.25,-0.272,-0.367,-0.244,-0.152,-0.232,-0.075,-0.39,-0.297,-0.282,-0.065,-0.065,-0.064,0.995,1.0,0.996
4500,y3,-0.235,-0.263,-0.365,-0.243,-0.158,-0.23,-0.071,-0.372,-0.296,-0.287,-0.073,-0.065,-0.063,0.996,0.996,1.0
5000,.,1.0,-0.419,-0.309,-0.328,-0.285,-0.338,-0.281,-0.297,-0.285,-0.283,-0.416,-0.382,-0.303,-0.199,-0.238,-0.284
5000,A1_1,-0.419,1.0,0.962,0.966,-0.182,-0.16,-0.168,0.846,0.853,0.74,-0.025,-0.045,-0.15,-0.291,-0.272,-0.293
5000,A1_2,-0.309,0.962,1.0,0.984,-0.245,-0.246,-0.213,0.757,0.799,0.653,-0.111,-0.188,-0.26,-0.301,-0.285,-0.325
5000,A1_3,-0.328,0.966,0.984,1.0,-0.246,-0.229,-0.217,0.837,0.867,0.737,-0.064,-0.119,-0.232,-0.301,-0.295,-0.322
5000,B1_1,-0.285,-0.182,-0.245,-0.246,1.0,0.955,0.985,-0.287,-0.27,-0.21,0.79,0.757,0.918,-0.102,-0.101,-0.053
5000,B1_2,-0.338,-0.16,-0.246,-0.229,0.955,1.0,0.943,-0.167,-0.179,-0.09,0.902,0.852,0.96,-0.116,-0.118,-0.069
5000,B1_3,-0.281,-0.168,-0.213,-0.217,0.985,0.943,1.0,-0.282,-0.247,-0.199,0.805,0.696,0.88,-0.093,-0.092,-0.046
5000,A2_1,-0.297,0.846,0.757,0.837,-0.287,-0.167,-0.282,1.0,0.969,0.946,0.041,0.108,-0.098,-0.357,-0.364,-0.349
5000,A2_2,-0.285,0.853,0.799,0.867,-0.27,-0.179,-0.247,0.969,1.0,0.97,0.008,0.021,-0.137,-0.347,-0.355,-0.328
5000,A2_3,-0.283,0.74,0.653,0.737,-0.21,-0.09,-0.199,0.946,0.97,1.0,0.082,0.132,-0.025,-0.366,-0.377,-0.332
5000,B2_1,-0.416,-0.025,-0.111,-0.064,0.79,0.902,0.805,0.041,0.008,0.082,1.0,0.838,0.836,-0.084,-0.09,-0.058
5000,B2_2,-0.382,-0.045,-0.188,-0.119,0.757,0.852,0.696,0.108,0.021,0.132,0.838,1.0,0.92,-0.229,-0.242,-0.192
5000,B2_3,-0.303,-0.15,-0.26,-0.232,0.918,0.96,0.88,-0.098,-0.137,-0.025,0.836,0.92,1.0,-0.294,-0.297,-0.239
5000,y1,-0.199,-0.291,-0.301,-0.301,-0.102,-0.116,-0.093,-0.357,-0.347,-0.366,-0.084,-0.229,-0.294,1.0,0.995,0.984
5000,y2,-0.238,-0.272,-0.285,-0.295,-0.101,-0.118,-0.092,-0.364,-0.355,-0.377,-0.09,-0.242,-0.297,0.995,1.0,0.984
5000,y3,-0.284,-0.293,-0.325,-0.322,-0.053,-0.069,-0.046,-0.349,-0.328,-0.332,-0.058,-0.192,-0.239,0.984,0.984,1.0
5500,.,1.0,-0.324,-0.201,-0.255,-0.323,-0.317,-0.311,-0.235,-0.341,-0.289,-0.207,-0.097,-0.259,-0.427,-0.416,-0.424
5500,A1_1,-0.324,1.0,0.906,0.94,-0.127,-0.006,-0.13,0.965,0.898,0.949,-0.025,-0.109,-0.083,-0.305,-0.318,-0.31
5500,A1_2,-0.201,0.906,1.0,0.98,-0.244,-0.138,-0.228,0.919,0.684,0.919,-0.077,-0.103,-0.171,-0.384,-0.395,-0.383
5500,A1_3,-0.255,0.94,0.98,1.0,-0.228,-0.12,-0.214,0.962,0.781,0.962,-0.066,-0.128,-0.159,-0.35,-0.357,-0.35
5500,B1_1,-0.323,-0.127,-0.244,-0.228,1.0,0.933,0.996,-0.273,-0.044,-0.227,0.895,0.901,0.971,0.018,0.011,0.006
5500,B1_2,-0.317,-0.006,-0.138,-0.12,0.933,1.0,0.917,-0.148,0.058,-0.136,0.938,0.892,0.933,-0.1,-0.109,-0.102
5500,B1_3,-0.311,-0.13,-0.228,-0.214,0.996,0.917,1.0,-0.27,-0.057,-0.22,0.895,0.903,0.96,0.03,0.022,0.017
5500,A2_1,-0.235,0.965,0.919,0.962,-0.273,-0.148,-0.27,1.0,0.881,0.986,-0.133,-0.228,-0.22,-0.298,-0.294,-0.301
5500,A2_2,-0.341,0.898,0.684,0.781,-0.044,0.058,-0.057,0.881,1.0,0.872,-0.014,-0.152,-0.041,-0.196,-0.194,-0.203
5500,A2_3,-0.289,0.949,0.919,0.962,-0.227,-0.136,-0.22,0.986,0.872,1.0,-0.118,-0.198,-0.176,-0.253,-0.252,-0.256
5500,B2_1,-0.207,-0.025,-0.077,-0.066,0.895,0.938,0.895,-0.133,-0.014,-0.118,1.0,0.936,0.912,-0.043,-0.062,-0.044
5500,B2_2,-0.097,-0.109,-0.103,-0.128,0.901,0.892,0.903,-0.228,-0.152,-0.198,0.936,1.0,0.95,-0.185,-0.21,-0.191
5500,B2_3,-0.259,-0.083,-0.171,-0.159,0.971,0.933,0.96,-0.22,-0.041,-0.176,0.912,0.95,1.0,-0.12,-0.129,-0.131
5500,y1,-0.427,-0.305,-0.384,-0.35,0.018,-0.1,0.03,-0.298,-0.196,-0.253,-0.043,-0.185,-0.12,1.0,0.986,0.999
5500,y2,-0.416,-0.318,-0.395,-0.357,0.011,-0.109,0.022,-0.294,-0.194,-0.252,-0.062,-0.21,-0.129,0.986,1.0,0.982
5500,y3,-0.424,-0.31,-0.383,-0.35,0.006,-0.102,0.017,-0.301,-0.203,-0.256,-0.044,-0.191,-0.131,0.999,0.982,1.0
6000,.,1.0,-0.353,-0.184,-0.239,-0.334,-0.283,-0.329,-0.202,-0.251,-0.194,-0.36,-0.353,-0.271,-0.635,-0.578,-0.588
6000,A1_1,-0.353,1.0,0.81,0.866,0.082,0.022,0.089,0.851,0.793,0.812,0.057,0.043,0.025,-0.169,-0.21,-0.175
6000,A1_2,-0.184,0.81,1.0,0.977,-0.198,-0.29,-0.2,0.973,0.925,0.89,-0.195,-0.258,-0.239,-0.336,-0.333,-0.333
6000,A1_3,-0.239,0.866,0.977,1.0,-0.179,-0.244,-0.177,0.99,0.965,0.943,-0.17,-0.231,-0.225,-0.293,-0.301,-0.28
6000,B1_1,-0.334,0.082,-0.198,-0.179,1.0,0.96,0.991,-0.194,-0.277,-0.185,0.95,0.971,0.961,-0.007,-0.088,-0.09
6000,B1_2,-0.283,0.022,-0.29,-0.244,0.96,1.0,0.975,-0.251,-0.308,-0.18,0.914,0.98,0.948,0.015,-0.073,-0.067
6000,B1_3,-0.329,0.089,-0.2,-0.177,0.991,0.975,1.0,-0.196,-0.266,-0.17,0.938,0.982,0.966,0.006,-0.074,-0.08
6000,A2_1,-0.202,0.851,0.973,0.99,-0.194,-0.251,-0.196,1.0,0.953,0.96,-0.209,-0.251,-0.257,-0.353,-0.363,-0.34
6000,A2_2,-0.251,0.793,0.925,0.965,-0.277,-0.308,-0.266,0.953,1.0,0.948,-0.265,-0.307,-0.322,-0.211,-0.221,-0.185
6000,A2_3,-0.194,0.812,0.89,0.943,-0.185,-0.18,-0.17,0.96,0.948,1.0,-0.223,-0.222,-0.254,-0.332,-0.355,-0.312
6000,B2_1,-0.36,0.057,-0.195,-0.17,0.95,0.914,0.938,-0.209,-0.265,-0.223,1.0,0.962,0.978,0.106,0.032,0.027
6000,B2_2,-0.353,0.043,-0.258,-0.231,0.971,0.98,0.982,-0.251,-0.307,-0.222,0.962,1.0,0.982,0.105,0.025,0.02
6000,B2_3,-0.271,0.025,-0.239,-0.225,0.961,0.948,0.966,-0.257,-0.322,-0.254,0.978,0.982,1.0,0.066,0.003,-0.013
6000,y1,-0.635,-0.169,-0.336,-0.293,-0.007,0.015,0.006,-0.353,-0.211,-0.332,0.106,0.105,0.066,1.0,0.982,0.986
6000,y2,-0.578,-0.21,-0.333,-0.301,-0.088,-0.073,-0.074,-0.363,-0.221,-0.355,0.032,0.025,0.003,0.982,1.0,0.991
6000,y3,-0.588,-0.175,-0.333,-0.28,-0.09,-0.067,-0.08,-0.34,-0.185,-0.312,0.027,0.02,-0.013,0.986,0.991,1.0
6500,.,1.0,-0.117,-0.007,-0.165,-0.055,-0.005,-0.172,-0.163,-0.284,-0.178,0.019,-0.02,0.082,-0.672,-0.67,-0.725
6500,A1_1,-0.117,1.0,0.732,0.879,-0.07,-0.143,-0.086,0.824,0.878,0.816,-0.083,-0.096,-0.076,-0.154,-0.212,-0.157
6500,A1_2,-0.007,0.732,1.0,0.853,-0.462,-0.645,-0.535,0.817,0.853,0.867,-0.509,-0.503,-0.485,-0.192,-0.237,-0.228
6500,A1_3,-0.165,0.879,0.853,1.0,-0.316,-0.378,-0.325,0.975,0.917,0.959,-0.332,-0.354,-0.347,-0.236,-0.282,-0.226
6500,B1_1,-0.055,-0.07,-0.462,-0.316,1.0,0.824,0.957,-0.302,-0.254,-0.3,0.978,0.967,0.963,0.159,0.087,0.154
6500,B1_2,-0.005,-0.143,-0.645,-0.378,0.824,1.0,0.868,-0.4,-0.377,-0.441,0.862,0.825,0.824,-0.046,-0.064,-0.022
6500,B1_3,-0.172,-0.086,-0.535,-0.325,0.957,0.868,1.0,-0.323,-0.262,-0.339,0.952,0.932,0.914,0.168,0.127,0.181
6500,A2_1,-0.163,0.824,0.817,0.975,-0.302,-0.4,-0.323,1.0,0.911,0.978,-0.316,-0.331,-0.324,-0.171,-0.221,-0.169
6500,A2_2,-0.284,0.878,0.853,0.917,-0.254,-0.377,-0.262,0.911,1.0,0.942,-0.264,-0.258,-0.256,-0.056,-0.104,-0.061
6500,A2_3,-0.178,0.816,0.867,0.959,-0.3,-0.441,-0.339,0.978,0.942,1.0,-0.321,-0.306,-0.318,-0.189,-0.246,-0.192
6500,B2_1,0.019,-0.083,-0.509,-0.332,0.978,0.862,0.952,-0.316,-0.264,-0.321,1.0,0.98,0.99,0.064,0.009,0.07
6500,B2_2,-0.02,-0.096,-0.503,-0.354,0.967,0.825,0.932,-0.331,-0.258,-0.306,0.98,1.0,0.977,0.09,0.033,0.094
6500,B2_3,0.082,-0.076,-0.485,-0.347,0.963,0.824,0.914,-0.324,-0.256,-0.318,0.99,0.977,1.0,0.062,0.005,0.058
6500,y1,-0.672,-0.154,-0.192,-0.236,0.159,-0.046,0.168,-0.171,-0.056,-0.189,0.064,0.09,0.062,1.0,0.987,0.989
6500,y2,-0.67,-0.212,-0.237,-0.282,0.087,-0.064,0.127,-0.221,-0.104,-0.246,0.009,0.033,0.005,0.987,1.0,0.988
6500,y3,-0.725,-0.157,-0.228,-0.226,0.154,-0.022,0.181,-0.169,-0.061,-0.192,0.07,0.094,0.058,0.989,0.988,1.0
7000,.,1.0,-0.237,-0.009,-0.156,-0.117,-0.077,-0.155,-0.054,-0.066,-0.075,-0.234,-0.127,-0.09,-0.576,-0.6,-0.6
7000,A1_1,-0.237,1.0,0.884,0.965,-0.254,-0.299,-0.259,0.925,0.921,0.867,-0.139,-0.34,-0.29,-0.184,-0.186,-0.19
7000,A1_2,-0.009,0.884,1.0,0.957,-0.422,-0.414,-0.431,0.93,0.97,0.972,-0.337,-0.47,-0.431,-0.372,-0.347,-0.373
7000,A1_3,-0.156,0.965,0.957,1.0,-0.322,-0.359,-0.327,0.947,0.954,0.949,-0.201,-0.391,-0.352,-0.328,-0.319,-0.33
7000,B1_1,-0.117,-0.254,-0.422,-0.322,1.0,0.921,0.974,-0.418,-0.397,-0.384,0.943,0.98,0.963,-0.106,0.006,-0.052
7000,B1_2,-0.077,-0.299,-0.414,-0.359,0.921,1.0,0.919,-0.498,-0.408,-0.42,0.797,0.959,0.955,-0.063,0.08,-0.018
7000,B1_3,-0.155,-0.259,-0.431,-0.327,0.974,0.919,1.0,-0.454,-0.41,-0.391,0.958,0.979,0.988,-0.102,0.01,-0.039
7000,A2_1,-0.054,0.925,0.93,0.947,-0.418,-0.498,-0.454,1.0,0.939,0.914,-0.31,-0.514,-0.481,-0.306,-0.329,-0.314
7000,A2_2,-0.066,0.921,0.97,0.954,-0.397,-0.408,-0.41,0.939,1.0,0.952,-0.293,-0.468,-0.415,-0.333,-0.319,-0.345
7000,A2_3,-0.075,0.867,0.972,0.949,-0.384,-0.42,-0.391,0.914,0.952,1.0,-0.253,-0.433,-0.412,-0.416,-0.394,-0.405
7000,B2_1,-0.234,-0.139,-0.337,-0.201,0.943,0.797,0.958,-0.31,-0.293,-0.253,1.0,0.912,0.913,-0.156,-0.067,-0.087
7000,B2_2,-0.127,-0.34,-0.47,-0.391,0.98,0.959,0.979,-0.514,-0.468,-0.433,0.912,1.0,0.982,-0.078,0.053,-0.016
7000,B2_3,-0.09,-0.29,-0.431,-0.352,0.963,0.955,0.988,-0.481,-0.415,-0.412,0.913,0.982,1.0,-0.122,0.01,-0.064
7000,y1,-0.576,-0.184,-0.372,-0.328,-0.106,-0.063,-0.102,-0.306,-0.333,-0.416,-0.156,-0.078,-0.122,1.0,0.97,0.991
7000,y2,-0.6,-0.186,-0.347,-0.319,0.006,0.08,0.01,-0.329,-0.319,-0.394,-0.067,0.053,0.01,0.97,1.0,0.975
7000,y3,-0.6,-0.19,-0.373,-0.33,-0.052,-0.018,-0.039,-0.314,-0.345,-0.405,-0.087,-0.016,-0.064,0.991,0.975,1.0
7500,.,1.0,-0.15,0.068,-0.162,-0.179,-0.042,-0.031,-0.152,-0.168,-0.305,-0.051,-0.042,-0.172,-0.545,-0.597,-0.592
7500,A1_1,-0.15,1.0,0.911,0.879,-0.274,-0.341,-0.367,0.896,0.942,0.916,-0.301,-0.358,-0.339,-0.147,-0.151,-0.126
7500,A1_2,0.068,0.911,1.0,0.794,-0.31,-0.359,-0.392,0.831,0.91,0.854,-0.313,-0.383,-0.361,-0.311,-0.328,-0.317
7500,A1_3,-0.162,0.879,0.794,1.0,-0.406,-0.501,-0.498,0.962,0.938,0.884,-0.437,-0.511,-0.412,-0.302,-0.252,-0.27
7500,B1_1,-0.179,-0.274,-0.31,-0.406,1.0,0.933,0.939,-0.423,-0.338,-0.265,0.921,0.947,0.949,0.105,0.035,0.101
7500,B1_2,-0.042,-0.341,-0.359,-0.501,0.933,1.0,0.974,-0.528,-0.413,-0.301,0.9,0.982,0.943,0.086,-0.002,0.088
7500,B1_3,-0.031,-0.367,-0.392,-0.498,0.939,0.974,1.0,-0.536,-0.444,-0.34,0.923,0.957,0.932,0.127,0.038,0.121
7500,A2_1,-0.152,0.896,0.831,0.962,-0.423,-0.528,-0.536,1.0,0.956,0.879,-0.43,-0.527,-0.443,-0.312,-0.252,-0.284
7500,A2_2,-0.168,0.942,0.91,0.938,-0.338,-0.413,-0.444,0.956,1.0,0.945,-0.349,-0.426,-0.351,-0.28,-0.253,-0.261
7500,A2_3,-0.305,0.916,0.854,0.884,-0.265,-0.301,-0.34,0.879,0.945,1.0,-0.32,-0.335,-0.256,-0.173,-0.173,-0.146
7500,B2_1,-0.051,-0.301,-0.313,-0.437,0.921,0.9,0.923,-0.43,-0.349,-0.32,1.0,0.905,0.871,0.096,0.053,0.076
7500,B2_2,-0.042,-0.358,-0.383,-0.511,0.947,0.982,0.957,-0.527,-0.426,-0.335,0.905,1.0,0.966,0.018,-0.063,0.024
7500,B2_3,-0.172,-0.339,-0.361,-0.412,0.949,0.943,0.932,-0.443,-0.351,-0.256,0.871,0.966,1.0,-0.023,-0.091,-0.008
7500,y1,-0.545,-0.147,-0.311,-0.302,0.105,0.086,0.127,-0.312,-0.28,-0.173,0.096,0.018,-0.023,1.0,0.976,0.993
7500,y2,-0.597,-0.151,-0.328,-0.252,0.035,-0.002,0.038,-0.252,-0.253,-0.173,0.053,-0.063,-0.091,0.976,1.0,0.977
7500,y3,-0.592,-0.126,-0.317,-0.27,0.101,0.088,0.121,-0.284,-0.261,-0.146,0.076,0.024,-0.008,0.993,0.977,1.0
8000,.,1.0,-0.287,-0.144,-0.185,-0.105,-0.027,0.01,-0.182,-0.195,-0.141,-0.06,-0.161,-0.045,-0.496,-0.497,-0.547
8000,A1_1,-0.287,1.0,0.923,0.972,-0.418,-0.423,-0.455,0.961,0.901,0.903,-0.344,-0.315,-0.448,-0.141,-0.145,-0.068
8000,A1_2,-0.144,0.923,1.0,0.972,-0.368,-0.345,-0.406,0.913,0.966,0.977,-0.361,-0.28,-0.375,-0.235,-0.26,-0.221
8000,A1_3,-0.185,0.972,0.972,1.0,-0.366,-0.365,-0.408,0.953,0.927,0.948,-0.319,-0.274,-0.393,-0.266,-0.27,-0.215
8000,B1_1,-0.105,-0.418,-0.368,-0.366,1.0,0.979,0.975,-0.505,-0.438,-0.41,0.938,0.968,0.986,0.001,-0.025,-0.095
8000,B1_2,-0.027,-0.423,-0.345,-0.365,0.979,1.0,0.977,-0.528,-0.431,-0.391,0.924,0.964,0.989,0.022,-0.021,-0.094
8000,B1_3,0.01,-0.455,-0.406,-0.408,0.975,0.977,1.0,-0.56,-0.485,-0.463,0.962,0.954,0.983,0.052,0.027,-0.046
8000,A2_1,-0.182,0.961,0.913,0.953,-0.505,-0.528,-0.56,1.0,0.907,0.905,-0.467,-0.434,-0.548,-0.312,-0.278,-0.221
8000,A2_2,-0.195,0.901,0.966,0.927,-0.438,-0.431,-0.485,0.907,1.0,0.964,-0.442,-0.351,-0.439,-0.139,-0.178,-0.133
8000,A2_3,-0.141,0.903,0.977,0.948,-0.41,-0.391,-0.463,0.905,0.964,1.0,-0.415,-0.336,-0.431,-0.239,-0.286,-0.246
8000,B2_1,-0.06,-0.344,-0.361,-0.319,0.938,0.924,0.962,-0.467,-0.442,-0.415,1.0,0.958,0.931,0.124,0.129,0.058
8000,B2_2,-0.161,-0.315,-0.28,-0.274,0.968,0.964,0.954,-0.434,-0.351,-0.336,0.958,1.0,0.971,0.116,0.097,0.025
8000,B2_3,-0.045,-0.448,-0.375,-0.393,0.986,0.989,0.983,-0.548,-0.439,-0.431,0.931,0.971,1.0,0.054,0.014,-0.056
8000,y1,-0.496,-0.141,-0.235,-0.266,0.001,0.022,0.052,-0.312,-0.139,-0.239,0.124,0.116,0.054,1.0,0.957,0.967
8000,y2,-0.497,-0.145,-0.26,-0.27,-0.025,-0.021,0.027,-0.278,-0.178,-0.286,0.129,0.097,0.014,0.957,1.0,0.978
8000,y3,-0.547,-0.068,-0.221,-0.215,-0.095,-0.094,-0.046,-0.221,-0.133,-0.246,0.058,0.025,-0.056,0.967,0.978,1.0
8500,.,1.0,-0.298,-0.266,-0.132,0.008,-0.016,0.061,-0.199,-0.274,-0.172,0.023,-0.101,0.079,-0.562,-0.538,-0.575
8500,A1_1,-0.298,1.0,0.952,0.902,-0.323,-0.288,-0.327,0.957,0.922,0.945,-0.327,-0.24,-0.352,0.008,-0.003,0.054
8500,A1_2,-0.266,0.952,1.0,0.93,-0.498,-0.466,-0.509,0.932,0.985,0.967,-0.498,-0.419,-0.521,-0.061,-0.049,-0.012
8500,A1_3,-0.132,0.902,0.93,1.0,-0.592,-0.569,-0.608,0.938,0.954,0.921,-0.603,-0.514,-0.642,-0.216,-0.196,-0.16
8500,B1_1,0.008,-0.323,-0.498,-0.592,1.0,0.987,0.979,-0.385,-0.591,-0.47,0.984,0.959,0.971,0.143,0.05,0.085
8500,B1_2,-0.016,-0.288,-0.466,-0.569,0.987,1.0,0.976,-0.38,-0.551,-0.449,0.977,0.969,0.969,0.223,0.117,0.148
8500,B1_3,0.061,-0.327,-0.509,-0.608,0.979,0.976,1.0,-0.404,-0.6,-0.477,0.984,0.956,0.974,0.157,0.081,0.111
8500,A2_1,-0.199,0.957,0.932,0.938,-0.385,-0.38,-0.404,1.0,0.909,0.951,-0.396,-0.316,-0.434,-0.148,-0.123,-0.057
8500,A2_2,-0.274,0.922,0.985,0.954,-0.591,-0.551,-0.6,0.909,1.0,0.945,-0.591,-0.508,-0.612,-0.059,-0.033,-0.002
8500,A2_3,-0.172,0.945,0.967,0.921,-0.47,-0.449,-0.477,0.951,0.945,1.0,-0.477,-0.405,-0.492,-0.13,-0.092,-0.054
8500,B2_1,0.023,-0.327,-0.498,-0.603,0.984,0.977,0.984,-0.396,-0.591,-0.477,1.0,0.961,0.977,0.207,0.138,0.165
8500,B2_2,-0.101,-0.24,-0.419,-0.514,0.959,0.969,0.956,-0.316,-0.508,-0.405,0.961,1.0,0.908,0.197,0.112,0.145
8500,B2_3,0.079,-0.352,-0.521,-0.642,0.971,0.969,0.974,-0.434,-0.612,-0.492,0.977,0.908,1.0,0.244,0.165,0.195
8500,y1,-0.562,0.008,-0.061,-0.216,0.143,0.223,0.157,-0.148,-0.059,-0.13,0.207,0.197,0.244,1.0,0.954,0.935
8500,y2,-0.538,-0.003,-0.049,-0.196,0.05,0.117,0.081,-0.123,-0.033,-0.092,0.138,0.112,0.165,0.954,1.0,0.986
8500,y3,-0.575,0.054,-0.012,-0.16,0.085,0.148,0.111,-0.057,-0.002,-0.054,0.165,0.145,0.195,0.935,0.986,1.0
9000,.,1.0,-0.442,-0.319,-0.308,-0.21,-0.179,-0.128,-0.338,-0.246,-0.136,-0.247,-0.169,-0.177,-0.03,-0.098,-0.128
9000,A1_1,-0.442,1.0,0.917,0.902,-0.08,-0.067,-0.163,0.901,0.773,0.724,0.009,-0.131,-0.15,-0.218,-0.214,-0.236
9000,A1_2,-0.319,0.917,1.0,0.966,-0.088,-0.113,-0.171,0.928,0.942,0.92,0.035,-0.099,-0.16,-0.256,-0.215,-0.263
9000,A1_3,-0.308,0.902,0.966,1.0,-0.111,-0.125,-0.205,0.935,0.896,0.876,0.029,-0.13,-0.188,-0.199,-0.192,-0.199
9000,B1_1,-0.21,-0.08,-0.088,-0.111,1.0,0.956,0.955,-0.177,0.006,-0.013,0.942,0.982,0.977,-0.186,-0.125,-0.148
9000,B1_2,-0.179,-0.067,-0.113,-0.125,0.956,1.0,0.969,-0.223,-0.045,-0.05,0.866,0.939,0.972,-0.342,-0.276,-0.293
9000,B1_3,-0.128,-0.163,-0.171,-0.205,0.955,0.969,1.0,-0.331,-0.053,-0.066,0.828,0.945,0.988,-0.284,-0.21,-0.223
9000,A2_1,-0.338,0.901,0.928,0.935,-0.177,-0.223,-0.331,1.0,0.795,0.774,0.016,-0.195,-0.289,-0.142,-0.158,-0.188
9000,A2_2,-0.246,0.773,0.942,0.896,0.006,-0.045,-0.053,0.795,1.0,0.959,0.098,0.009,-0.045,-0.165,-0.081,-0.144
9000,A2_3,-0.136,0.724,0.92,0.876,-0.013,-0.05,-0.066,0.774,0.959,1.0,0.078,-0.018,-0.078,-0.313,-0.231,-0.287
9000,B2_1,-0.247,0.009,0.035,0.029,0.942,0.866,0.828,0.016,0.098,0.078,1.0,0.942,0.875,-0.12,-0.075,-0.114
9000,B2_2,-0.169,-0.131,-0.099,-0.13,0.982,0.939,0.945,-0.195,0.009,-0.018,0.942,1.0,0.976,-0.19,-0.117,-0.155
9000,B2_3,-0.177,-0.15,-0.16,-0.188,0.977,0.972,0.988,-0.289,-0.045,-0.078,0.875,0.976,1.0,-0.228,-0.156,-0.175
9000,y1,-0.03,-0.218,-0.256,-0.199,-0.186,-0.342,-0.284,-0.142,-0.165,-0.313,-0.12,-0.19,-0.228,1.0,0.964,0.978
9000,y2,-0.098,-0.214,-0.215,-0.192,-0.125,-0.276,-0.21,-0.158,-0.081,-0.231,-0.075,-0.117,-0.156,0.964,1.0,0.972
9000,y3,-0.128,-0.236,-0.263,-0.199,-0.148,-0.293,-0.223,-0.188,-0.144,-0.287,-0.114,-0.155,-0.175,0.978,0.972,1.0
9500,.,1.0,-0.45,-0.376,-0.394,-0.282,-0.237,-0.249,-0.384,-0.417,-0.404,-0.36,-0.314,-0.263,-0.362,-0.358,-0.364
9500,A1_1,-0.45,1.0,0.983,0.983,-0.216,-0.208,-0.237,0.983,0.985,0.973,-0.136,-0.19,-0.241,-0.225,-0.24,-0.239
9500,A1_2,-0.376,0.983,1.0,0.992,-0.285,-0.293,-0.297,0.997,0.989,0.981,-0.217,-0.262,-0.326,-0.277,-0.297,-0.299
9500,A1_3,-0.394,0.983,0.992,1.0,-0.227,-0.23,-0.237,0.991,0.98,0.967,-0.161,-0.202,-0.265,-0.283,-0.299,-0.302
9500,B1_1,-0.282,-0.216,-0.285,-0.227,1.0,0.97,0.99,-0.261,-0.313,-0.3,0.963,0.989,0.989,-0.252,-0.233,-0.232
9500,B1_2,-0.237,-0.208,-0.293,-0.23,0.97,1.0,0.955,-0.266,-0.313,-0.296,0.927,0.978,0.985,-0.297,-0.269,-0.268
9500,B1_3,-0.249,-0.237,-0.297,-0.237,0.99,0.955,1.0,-0.278,-0.328,-0.303,0.944,0.983,0.971,-0.249,-0.233,-0.23
9500,A2_1,-0.384,0.983,0.997,0.991,-0.261,-0.266,-0.278,1.0,0.982,0.972,-0.2,-0.236,-0.302,-0.31,-0.327,-0.33
9500,A2_2,-0.417,0.985,0.989,0.98,-0.313,-0.313,-0.328,0.982,1.0,0.989,-0.233,-0.287,-0.344,-0.2,-0.218,-0.218
9500,A2_3,-0.404,0.973,0.981,0.967,-0.3,-0.296,-0.303,0.972,0.989,1.0,-0.23,-0.27,-0.334,-0.22,-0.24,-0.24
9500,B2_1,-0.36,-0.136,-0.217,-0.161,0.963,0.927,0.944,-0.2,-0.233,-0.23,1.0,0.957,0.956,-0.137,-0.12,-0.119
9500,B2_2,-0.314,-0.19,-0.262,-0.202,0.989,0.978,0.983,-0.236,-0.287,-0.27,0.957,1.0,0.981,-0.262,-0.236,-0.234
9500,B2_3,-0.263,-0.241,-0.326,-0.265,0.989,0.985,0.971,-0.302,-0.344,-0.334,0.956,0.981,1.0,-0.209,-0.182,-0.185
9500,y1,-0.362,-0.225,-0.277,-0.283,-0.252,-0.297,-0.249,-0.31,-0.2,-0.22,-0.137,-0.262,-0.209,1.0,0.994,0.995
9500,y2,-0.358,-0.24,-0.297,-0.299,-0.233,-0.269,-0.233,-0.327,-0.218,-0.24,-0.12,-0.236,-0.182,0.994,1.0,0.997
9500,y3,-0.364,-0.239,-0.299,-0.302,-0.232,-0.268,-0.23,-0.33,-0.218,-0.24,-0.119,-0.234,-0.185,0.995,0.997,1.0
10000,.,1.0,-0.452,-0.398,-0.402,-0.273,-0.153,-0.196,-0.366,-0.418,-0.256,-0.392,-0.335,-0.31,-0.353,-0.382,-0.347
10000,A1_1,-0.452,1.0,0.987,0.968,-0.192,-0.259,-0.229,0.982,0.942,0.899,-0.083,-0.159,-0.168,-0.194,-0.166,-0.199
10000,A1_2,-0.398,0.987,1.0,0.955,-0.174,-0.225,-0.203,0.973,0.94,0.909,-0.054,-0.13,-0.136,-0.227,-0.201,-0.23
10000,A1_3,-0.402,0.968,0.955,1.0,-0.291,-0.36,-0.317,0.984,0.952,0.85,-0.199,-0.265,-0.282,-0.164,-0.155,-0.179
10000,B1_1,-0.273,-0.192,-0.174,-0.291,1.0,0.962,0.965,-0.294,-0.239,-0.222,0.945,0.942,0.963,-0.285,-0.248,-0.307
10000,B1_2,-0.153,-0.259,-0.225,-0.36,0.962,1.0,0.992,-0.357,-0.26,-0.206,0.907,0.934,0.973,-0.259,-0.21,-0.268
10000,B1_3,-0.196,-0.229,-0.203,-0.317,0.965,0.992,1.0,-0.323,-0.218,-0.176,0.913,0.945,0.967,-0.255,-0.207,-0.269
10000,A2_1,-0.366,0.982,0.973,0.984,-0.294,-0.357,-0.323,1.0,0.936,0.894,-0.18,-0.257,-0.276,-0.214,-0.2,-0.222
10000,A2_2,-0.418,0.942,0.94,0.952,-0.239,-0.26,-0.218,0.936,1.0,0.915,-0.124,-0.156,-0.174,-0.131,-0.099,-0.134
10000,A2_3,-0.256,0.899,0.909,0.85,-0.222,-0.206,-0.176,0.894,0.915,1.0,-0.102,-0.125,-0.141,-0.29,-0.234,-0.272
10000,B2_1,-0.392,-0.083,-0.054,-0.199,0.945,0.907,0.913,-0.18,-0.124,-0.102,1.0,0.98,0.959,-0.14,-0.109,-0.166
10000,B2_2,-0.335,-0.159,-0.13,-0.265,0.942,0.934,0.945,-0.257,-0.156,-0.125,0.98,1.0,0.973,-0.111,-0.066,-0.135
10000,B2_3,-0.31,-0.168,-0.136,-0.282,0.963,0.973,0.967,-0.276,-0.174,-0.141,0.959,0.973,1.0,-0.177,-0.126,-0.19
10000,y1,-0.353,-0.194,-0.227,-0.164,-0.285,-0.259,-0.255,-0.214,-0.131,-0.29,-0.14,-0.111,-0.177,1.0,0.99,0.994
10000,y2,-0.382,-0.166,-0.201,-0.155,-0.248,-0.21,-0.207,-0.2,-0.099,-0.234,-0.109,-0.066,-0.126,0.99,1.0,0.991
10000,y3,-0.347,-0.199,-0.23,-0.179,-0.307,-0.268,-0.269,-0.222,-0.134,-0.272,-0.166,-0.135,-0.19,0.994,0.991,1.0
