,,.,A1_1,A1_2,A1_3,B1_1,B1_2,B1_3,A2_1,A2_2,A2_3,B2_1,B2_2,B2_3,y1,y2,y3
0,.,1.0,-0.08,-0.075,0.094,-0.646,0.097,0.062,0.286,-0.08,0.105,0.399,-0.115,-0.479,0.037,0.545,0.205
0,A1_1,-0.08,1.0,0.198,-0.001,0.257,-0.238,0.241,0.168,0.119,-0.154,0.125,-0.037,-0.362,-0.02,-0.111,-0.146
0,A1_2,-0.075,0.198,1.0,-0.213,0.291,-0.133,0.27,0.028,0.044,0.529,-0.01,0.384,0.07,-0.224,0.461,-0.226
0,A1_3,0.094,-0.001,-0.213,1.0,0.036,-0.083,-0.499,0.396,0.077,0.008,-0.109,0.047,-0.121,0.173,-0.534,-0.022
0,B1_1,-0.646,0.257,0.291,0.036,1.0,-0.264,0.182,-0.132,-0.013,-0.092,-0.574,0.18,0.122,0.172,-0.445,0.006
0,B1_2,0.097,-0.238,-0.133,-0.083,-0.264,1.0,0.009,-0.215,0.051,0.084,0.226,-0.261,-0.205,-0.152,0.005,-0.056
0,B1_3,0.062,0.241,0.27,-0.499,0.182,0.009,1.0,-0.138,0.003,0.229,-0.119,-0.133,-0.127,0.18,0.29,0.489
0,A2_1,0.286,0.168,0.028,0.396,-0.132,-0.215,-0.138,1.0,-0.505,-0.157,0.072,-0.29,-0.254,-0.456,0.134,-0.469
0,A2_2,-0.08,0.119,0.044,0.077,-0.013,0.051,0.003,-0.505,1.0,0.189,0.516,0.163,0.03,0.522,-0.086,0.277
0,A2_3,0.105,-0.154,0.529,0.008,-0.092,0.084,0.229,-0.157,0.189,1.0,0.07,0.616,0.427,-0.005,0.406,0.035
0,B2_1,0.399,0.125,-0.01,-0.109,-0.574,0.226,-0.119,0.072,0.516,0.07,1.0,-0.16,-0.274,-0.224,0.474,-0.229
0,B2_2,-0.115,-0.037,0.384,0.047,0.18,-0.261,-0.133,-0.29,0.163,0.616,-0.16,1.0,0.269,0.154,0.145,-0.107
0,B2_3,-0.479,-0.362,0.07,-0.121,0.122,-0.205,-0.127,-0.254,0.03,0.427,-0.274,0.269,1.0,0.054,-0.08,-0.046
0,y1,0.037,-0.02,-0.224,0.173,0.172,-0.152,0.18,-0.456,0.522,-0.005,-0.224,0.154,0.054,1.0,-0.374,0.761
0,y2,0.545,-0.111,0.461,-0.534,-0.445,0.005,0.29,0.134,-0.086,0.406,0.474,0.145,-0.08,-0.374,1.0,-0.163
0,y3,0.205,-0.146,-0.226,-0.022,0.006,-0.056,0.489,-0.469,0.277,0.035,-0.229,-0.107,-0.046,0.761,-0.163,1.0
1,.,1.0,-0.082,-0.078,0.095,-0.647,0.098,0.06,0.285,-0.082,0.103,0.398,-0.116,-0.479,0.036,0.543,0.206
1,A1_1,-0.082,1.0,0.199,0.0,0.259,-0.238,0.242,0.168,0.12,-0.154,0.124,-0.037,-0.361,-0.019,-0.112,-0.145
1,A1_2,-0.078,0.199,1.0,-0.214,0.294,-0.132,0.272,0.027,0.044,0.529,-0.01,0.385,0.071,-0.223,0.46,-0.225
1,A1_3,0.095,0.0,-0.214,1.0,0.035,-0.086,-0.501,0.396,0.077,0.007,-0.111,0.044,-0.123,0.173,-0.535,-0.023
1,B1_1,-0.647,0.259,0.294,0.035,1.0,-0.263,0.183,-0.131,-0.011,-0.089,-0.573,0.181,0.123,0.172,-0.442,0.005
1,B1_2,0.098,-0.238,-0.132,-0.086,-0.263,1.0,0.01,-0.217,0.05,0.084,0.226,-0.259,-0.204,-0.152,0.005,-0.057
1,B1_3,0.06,0.242,0.272,-0.501,0.183,0.01,1.0,-0.138,0.003,0.23,-0.119,-0.131,-0.126,0.18,0.291,0.489
1,A2_1,0.285,0.168,0.027,0.396,-0.131,-0.217,-0.138,1.0,-0.505,-0.158,0.07,-0.291,-0.255,-0.455,0.133,-0.468
1,A2_2,-0.082,0.12,0.044,0.077,-0.011,0.05,0.003,-0.505,1.0,0.188,0.515,0.162,0.03,0.523,-0.087,0.278
1,A2_3,0.103,-0.154,0.529,0.007,-0.089,0.084,0.23,-0.158,0.188,1.0,0.07,0.616,0.428,-0.004,0.405,0.036
1,B2_1,0.398,0.124,-0.01,-0.111,-0.573,0.226,-0.119,0.07,0.515,0.07,1.0,-0.159,-0.274,-0.223,0.476,-0.229
1,B2_2,-0.116,-0.037,0.385,0.044,0.181,-0.259,-0.131,-0.291,0.162,0.616,-0.159,1.0,0.271,0.154,0.146,-0.108
1,B2_3,-0.479,-0.361,0.071,-0.123,0.123,-0.204,-0.126,-0.255,0.03,0.428,-0.274,0.271,1.0,0.053,-0.08,-0.046
1,y1,0.036,-0.019,-0.223,0.173,0.172,-0.152,0.18,-0.455,0.523,-0.004,-0.223,0.154,0.053,1.0,-0.373,0.76
1,y2,0.543,-0.112,0.46,-0.535,-0.442,0.005,0.291,0.133,-0.087,0.405,0.476,0.146,-0.08,-0.373,1.0,-0.162
1,y3,0.206,-0.145,-0.225,-0.023,0.005,-0.057,0.489,-0.468,0.278,0.036,-0.229,-0.108,-0.046,0.76,-0.162,1.0
2,.,1.0,-0.086,-0.081,0.097,-0.649,0.1,0.058,0.285,-0.083,0.102,0.398,-0.118,-0.478,0.036,0.541,0.207
2,A1_1,-0.086,1.0,0.199,0.001,0.261,-0.238,0.242,0.168,0.121,-0.154,0.124,-0.036,-0.36,-0.018,-0.113,-0.145
2,A1_2,-0.081,0.199,1.0,-0.214,0.298,-0.131,0.274,0.027,0.044,0.528,-0.009,0.386,0.072,-0.222,0.459,-0.224
2,A1_3,0.097,0.001,-0.214,1.0,0.034,-0.088,-0.502,0.396,0.077,0.006,-0.114,0.042,-0.124,0.174,-0.536,-0.023
2,B1_1,-0.649,0.261,0.298,0.034,1.0,-0.262,0.184,-0.13,-0.01,-0.087,-0.573,0.183,0.125,0.171,-0.44,0.004
2,B1_2,0.1,-0.238,-0.131,-0.088,-0.262,1.0,0.01,-0.219,0.049,0.084,0.226,-0.258,-0.203,-0.152,0.006,-0.057
2,B1_3,0.058,0.242,0.274,-0.502,0.184,0.01,1.0,-0.139,0.004,0.232,-0.119,-0.129,-0.125,0.179,0.292,0.488
2,A2_1,0.285,0.168,0.027,0.396,-0.13,-0.219,-0.139,1.0,-0.506,-0.159,0.067,-0.291,-0.256,-0.454,0.132,-0.468
2,A2_2,-0.083,0.121,0.044,0.077,-0.01,0.049,0.004,-0.506,1.0,0.188,0.514,0.16,0.029,0.524,-0.088,0.28
2,A2_3,0.102,-0.154,0.528,0.006,-0.087,0.084,0.232,-0.159,0.188,1.0,0.07,0.616,0.429,-0.003,0.404,0.037
2,B2_1,0.398,0.124,-0.009,-0.114,-0.573,0.226,-0.119,0.067,0.514,0.07,1.0,-0.158,-0.274,-0.223,0.478,-0.228
2,B2_2,-0.118,-0.036,0.386,0.042,0.183,-0.258,-0.129,-0.291,0.16,0.616,-0.158,1.0,0.272,0.153,0.148,-0.108
2,B2_3,-0.478,-0.36,0.072,-0.124,0.125,-0.203,-0.125,-0.256,0.029,0.429,-0.274,0.272,1.0,0.053,-0.079,-0.047
2,y1,0.036,-0.018,-0.222,0.174,0.171,-0.152,0.179,-0.454,0.524,-0.003,-0.223,0.153,0.053,1.0,-0.373,0.76
2,y2,0.541,-0.113,0.459,-0.536,-0.44,0.006,0.292,0.132,-0.088,0.404,0.478,0.148,-0.079,-0.373,1.0,-0.161
2,y3,0.207,-0.145,-0.224,-0.023,0.004,-0.057,0.488,-0.468,0.28,0.037,-0.228,-0.108,-0.047,0.76,-0.161,1.0
3,.,1.0,-0.089,-0.084,0.099,-0.65,0.101,0.055,0.284,-0.085,0.101,0.397,-0.119,-0.478,0.036,0.539,0.208
3,A1_1,-0.089,1.0,0.199,0.001,0.263,-0.238,0.243,0.169,0.123,-0.154,0.123,-0.036,-0.359,-0.018,-0.114,-0.144
3,A1_2,-0.084,0.199,1.0,-0.214,0.301,-0.131,0.276,0.026,0.044,0.528,-0.009,0.387,0.074,-0.22,0.458,-0.222
3,A1_3,0.099,0.001,-0.214,1.0,0.033,-0.09,-0.503,0.396,0.077,0.005,-0.116,0.04,-0.126,0.174,-0.537,-0.023
3,B1_1,-0.65,0.263,0.301,0.033,1.0,-0.261,0.185,-0.129,-0.008,-0.085,-0.573,0.185,0.126,0.171,-0.438,0.002
3,B1_2,0.101,-0.238,-0.131,-0.09,-0.261,1.0,0.011,-0.221,0.049,0.085,0.225,-0.256,-0.202,-0.152,0.007,-0.057
3,B1_3,0.055,0.243,0.276,-0.503,0.185,0.011,1.0,-0.139,0.004,0.233,-0.119,-0.127,-0.124,0.179,0.293,0.487
3,A2_1,0.284,0.169,0.026,0.396,-0.129,-0.221,-0.139,1.0,-0.506,-0.161,0.066,-0.292,-0.257,-0.453,0.131,-0.468
3,A2_2,-0.085,0.123,0.044,0.077,-0.008,0.049,0.004,-0.506,1.0,0.187,0.513,0.159,0.029,0.526,-0.088,0.281
3,A2_3,0.101,-0.154,0.528,0.005,-0.085,0.085,0.233,-0.161,0.187,1.0,0.07,0.616,0.429,-0.002,0.403,0.038
3,B2_1,0.397,0.123,-0.009,-0.116,-0.573,0.225,-0.119,0.066,0.513,0.07,1.0,-0.157,-0.273,-0.222,0.48,-0.227
3,B2_2,-0.119,-0.036,0.387,0.04,0.185,-0.256,-0.127,-0.292,0.159,0.616,-0.157,1.0,0.273,0.153,0.149,-0.109
3,B2_3,-0.478,-0.359,0.074,-0.126,0.126,-0.202,-0.124,-0.257,0.029,0.429,-0.273,0.273,1.0,0.052,-0.078,-0.048
3,y1,0.036,-0.018,-0.22,0.174,0.171,-0.152,0.179,-0.453,0.526,-0.002,-0.222,0.153,0.052,1.0,-0.372,0.76
3,y2,0.539,-0.114,0.458,-0.537,-0.438,0.007,0.293,0.131,-0.088,0.403,0.48,0.149,-0.078,-0.372,1.0,-0.16
3,y3,0.208,-0.144,-0.222,-0.023,0.002,-0.057,0.487,-0.468,0.281,0.038,-0.227,-0.109,-0.048,0.76,-0.16,1.0
4,.,1.0,-0.093,-0.087,0.102,-0.652,0.103,0.053,0.283,-0.086,0.1,0.397,-0.121,-0.477,0.036,0.537,0.21
4,A1_1,-0.093,1.0,0.199,0.002,0.264,-0.238,0.244,0.169,0.124,-0.154,0.123,-0.035,-0.358,-0.017,-0.115,-0.144
4,A1_2,-0.087,0.199,1.0,-0.214,0.304,-0.13,0.278,0.026,0.044,0.528,-0.008,0.388,0.075,-0.219,0.456,-0.221
4,A1_3,0.102,0.002,-0.214,1.0,0.033,-0.093,-0.505,0.395,0.077,0.005,-0.118,0.038,-0.127,0.174,-0.538,-0.023
4,B1_1,-0.652,0.264,0.304,0.033,1.0,-0.26,0.186,-0.128,-0.007,-0.082,-0.572,0.187,0.127,0.17,-0.436,0.001
4,B1_2,0.103,-0.238,-0.13,-0.093,-0.26,1.0,0.012,-0.223,0.048,0.085,0.225,-0.254,-0.201,-0.152,0.008,-0.058
4,B1_3,0.053,0.244,0.278,-0.505,0.186,0.012,1.0,-0.139,0.004,0.235,-0.118,-0.125,-0.122,0.179,0.294,0.487
4,A2_1,0.283,0.169,0.026,0.395,-0.128,-0.223,-0.139,1.0,-0.506,-0.162,0.064,-0.293,-0.258,-0.452,0.13,-0.467
4,A2_2,-0.086,0.124,0.044,0.077,-0.007,0.048,0.004,-0.506,1.0,0.187,0.512,0.157,0.028,0.527,-0.089,0.282
4,A2_3,0.1,-0.154,0.528,0.005,-0.082,0.085,0.235,-0.162,0.187,1.0,0.071,0.616,0.43,-0.001,0.402,0.039
4,B2_1,0.397,0.123,-0.008,-0.118,-0.572,0.225,-0.118,0.064,0.512,0.071,1.0,-0.156,-0.272,-0.221,0.483,-0.227
4,B2_2,-0.121,-0.035,0.388,0.038,0.187,-0.254,-0.125,-0.293,0.157,0.616,-0.156,1.0,0.274,0.152,0.151,-0.109
4,B2_3,-0.477,-0.358,0.075,-0.127,0.127,-0.201,-0.122,-0.258,0.028,0.43,-0.272,0.274,1.0,0.052,-0.078,-0.049
4,y1,0.036,-0.017,-0.219,0.174,0.17,-0.152,0.179,-0.452,0.527,-0.001,-0.221,0.152,0.052,1.0,-0.371,0.76
4,y2,0.537,-0.115,0.456,-0.538,-0.436,0.008,0.294,0.13,-0.089,0.402,0.483,0.151,-0.078,-0.371,1.0,-0.159
4,y3,0.21,-0.144,-0.221,-0.023,0.001,-0.058,0.487,-0.467,0.282,0.039,-0.227,-0.109,-0.049,0.76,-0.159,1.0
5,.,1.0,-0.096,-0.09,0.104,-0.654,0.104,0.051,0.282,-0.088,0.098,0.396,-0.122,-0.477,0.037,0.535,0.211
5,A1_1,-0.096,1.0,0.199,0.003,0.266,-0.238,0.244,0.169,0.125,-0.154,0.122,-0.035,-0.358,-0.016,-0.116,-0.143
5,A1_2,-0.09,0.199,1.0,-0.215,0.307,-0.13,0.279,0.025,0.045,0.527,-0.008,0.389,0.076,-0.218,0.455,-0.219
5,A1_3,0.104,0.003,-0.215,1.0,0.032,-0.095,-0.506,0.395,0.077,0.004,-0.12,0.035,-0.129,0.174,-0.538,-0.023
5,B1_1,-0.654,0.266,0.307,0.032,1.0,-0.259,0.187,-0.127,-0.006,-0.08,-0.572,0.189,0.128,0.169,-0.434,-0.0
5,B1_2,0.104,-0.238,-0.13,-0.095,-0.259,1.0,0.013,-0.225,0.047,0.085,0.225,-0.252,-0.2,-0.152,0.009,-0.058
5,B1_3,0.051,0.244,0.279,-0.506,0.187,0.013,1.0,-0.139,0.004,0.236,-0.119,-0.123,-0.121,0.178,0.295,0.486
5,A2_1,0.282,0.169,0.025,0.395,-0.127,-0.225,-0.139,1.0,-0.506,-0.163,0.062,-0.293,-0.259,-0.451,0.129,-0.467
5,A2_2,-0.088,0.125,0.045,0.077,-0.006,0.047,0.004,-0.506,1.0,0.186,0.511,0.156,0.028,0.528,-0.089,0.284
5,A2_3,0.098,-0.154,0.527,0.004,-0.08,0.085,0.236,-0.163,0.186,1.0,0.071,0.616,0.431,-0.0,0.401,0.04
5,B2_1,0.396,0.122,-0.008,-0.12,-0.572,0.225,-0.119,0.062,0.511,0.071,1.0,-0.155,-0.272,-0.221,0.485,-0.226
5,B2_2,-0.122,-0.035,0.389,0.035,0.189,-0.252,-0.123,-0.293,0.156,0.616,-0.155,1.0,0.275,0.151,0.152,-0.11
5,B2_3,-0.477,-0.358,0.076,-0.129,0.128,-0.2,-0.121,-0.259,0.028,0.431,-0.272,0.275,1.0,0.051,-0.077,-0.05
5,y1,0.037,-0.016,-0.218,0.174,0.169,-0.152,0.178,-0.451,0.528,-0.0,-0.221,0.151,0.051,1.0,-0.37,0.759
5,y2,0.535,-0.116,0.455,-0.538,-0.434,0.009,0.295,0.129,-0.089,0.401,0.485,0.152,-0.077,-0.37,1.0,-0.158
5,y3,0.211,-0.143,-0.219,-0.023,-0.0,-0.058,0.486,-0.467,0.284,0.04,-0.226,-0.11,-0.05,0.759,-0.158,1.0
6,.,1.0,-0.101,-0.095,0.107,-0.657,0.106,0.047,0.282,-0.089,0.096,0.396,-0.125,-0.476,0.037,0.533,0.213
6,A1_1,-0.101,1.0,0.199,0.004,0.267,-0.237,0.244,0.17,0.127,-0.154,0.122,-0.034,-0.357,-0.016,-0.117,-0.143
6,A1_2,-0.095,0.199,1.0,-0.215,0.31,-0.129,0.281,0.025,0.045,0.527,-0.007,0.39,0.077,-0.216,0.454,-0.218
6,A1_3,0.107,0.004,-0.215,1.0,0.031,-0.097,-0.507,0.395,0.078,0.004,-0.123,0.033,-0.13,0.175,-0.539,-0.023
6,B1_1,-0.657,0.267,0.31,0.031,1.0,-0.258,0.188,-0.126,-0.005,-0.077,-0.572,0.19,0.129,0.168,-0.433,-0.002
6,B1_2,0.106,-0.237,-0.129,-0.097,-0.258,1.0,0.014,-0.227,0.046,0.085,0.225,-0.25,-0.199,-0.152,0.01,-0.059
6,B1_3,0.047,0.244,0.281,-0.507,0.188,0.014,1.0,-0.14,0.005,0.237,-0.118,-0.121,-0.12,0.178,0.296,0.485
6,A2_1,0.282,0.17,0.025,0.395,-0.126,-0.227,-0.14,1.0,-0.506,-0.164,0.06,-0.294,-0.26,-0.451,0.128,-0.466
6,A2_2,-0.089,0.127,0.045,0.078,-0.005,0.046,0.005,-0.506,1.0,0.185,0.51,0.155,0.027,0.529,-0.09,0.285
6,A2_3,0.096,-0.154,0.527,0.004,-0.077,0.085,0.237,-0.164,0.185,1.0,0.071,0.617,0.431,0.0,0.4,0.041
6,B2_1,0.396,0.122,-0.007,-0.123,-0.572,0.225,-0.118,0.06,0.51,0.071,1.0,-0.154,-0.271,-0.22,0.487,-0.225
6,B2_2,-0.125,-0.034,0.39,0.033,0.19,-0.25,-0.121,-0.294,0.155,0.617,-0.154,1.0,0.276,0.151,0.153,-0.11
6,B2_3,-0.476,-0.357,0.077,-0.13,0.129,-0.199,-0.12,-0.26,0.027,0.431,-0.271,0.276,1.0,0.05,-0.077,-0.051
6,y1,0.037,-0.016,-0.216,0.175,0.168,-0.152,0.178,-0.451,0.529,0.0,-0.22,0.151,0.05,1.0,-0.369,0.759
6,y2,0.533,-0.117,0.454,-0.539,-0.433,0.01,0.296,0.128,-0.09,0.4,0.487,0.153,-0.077,-0.369,1.0,-0.157
6,y3,0.213,-0.143,-0.218,-0.023,-0.002,-0.059,0.485,-0.466,0.285,0.041,-0.225,-0.11,-0.051,0.759,-0.157,1.0
7,.,1.0,-0.104,-0.099,0.109,-0.659,0.107,0.045,0.281,-0.091,0.095,0.395,-0.127,-0.476,0.037,0.53,0.215
7,A1_1,-0.104,1.0,0.2,0.005,0.269,-0.237,0.245,0.17,0.128,-0.154,0.121,-0.034,-0.356,-0.015,-0.118,-0.142
7,A1_2,-0.099,0.2,1.0,-0.215,0.313,-0.128,0.283,0.024,0.045,0.527,-0.006,0.39,0.078,-0.215,0.452,-0.217
7,A1_3,0.109,0.005,-0.215,1.0,0.031,-0.099,-0.508,0.395,0.078,0.003,-0.125,0.032,-0.131,0.175,-0.54,-0.023
7,B1_1,-0.659,0.269,0.313,0.031,1.0,-0.257,0.188,-0.125,-0.003,-0.075,-0.572,0.192,0.13,0.167,-0.431,-0.003
7,B1_2,0.107,-0.237,-0.128,-0.099,-0.257,1.0,0.015,-0.229,0.046,0.085,0.224,-0.248,-0.197,-0.152,0.011,-0.06
7,B1_3,0.045,0.245,0.283,-0.508,0.188,0.015,1.0,-0.14,0.005,0.239,-0.118,-0.119,-0.119,0.178,0.297,0.484
7,A2_1,0.281,0.17,0.024,0.395,-0.125,-0.229,-0.14,1.0,-0.507,-0.165,0.058,-0.294,-0.26,-0.45,0.127,-0.465
7,A2_2,-0.091,0.128,0.045,0.078,-0.003,0.046,0.005,-0.507,1.0,0.185,0.509,0.153,0.026,0.53,-0.091,0.286
7,A2_3,0.095,-0.154,0.527,0.003,-0.075,0.085,0.239,-0.165,0.185,1.0,0.072,0.617,0.432,0.001,0.398,0.042
7,B2_1,0.395,0.121,-0.006,-0.125,-0.572,0.224,-0.118,0.058,0.509,0.072,1.0,-0.152,-0.27,-0.219,0.49,-0.225
7,B2_2,-0.127,-0.034,0.39,0.032,0.192,-0.248,-0.119,-0.294,0.153,0.617,-0.152,1.0,0.277,0.15,0.154,-0.111
7,B2_3,-0.476,-0.356,0.078,-0.131,0.13,-0.197,-0.119,-0.26,0.026,0.432,-0.27,0.277,1.0,0.05,-0.076,-0.053
7,y1,0.037,-0.015,-0.215,0.175,0.167,-0.152,0.178,-0.45,0.53,0.001,-0.219,0.15,0.05,1.0,-0.368,0.759
7,y2,0.53,-0.118,0.452,-0.54,-0.431,0.011,0.297,0.127,-0.091,0.398,0.49,0.154,-0.076,-0.368,1.0,-0.156
7,y3,0.215,-0.142,-0.217,-0.023,-0.003,-0.06,0.484,-0.465,0.286,0.042,-0.225,-0.111,-0.053,0.759,-0.156,1.0
8,.,1.0,-0.108,-0.103,0.111,-0.661,0.109,0.042,0.281,-0.092,0.093,0.395,-0.13,-0.475,0.037,0.528,0.217
8,A1_1,-0.108,1.0,0.199,0.006,0.27,-0.237,0.245,0.17,0.129,-0.154,0.121,-0.034,-0.356,-0.014,-0.12,-0.142
8,A1_2,-0.103,0.199,1.0,-0.215,0.315,-0.128,0.285,0.024,0.045,0.526,-0.006,0.391,0.079,-0.214,0.451,-0.215
8,A1_3,0.111,0.006,-0.215,1.0,0.03,-0.101,-0.509,0.395,0.078,0.003,-0.127,0.03,-0.132,0.175,-0.54,-0.023
8,B1_1,-0.661,0.27,0.315,0.03,1.0,-0.256,0.189,-0.125,-0.002,-0.073,-0.572,0.194,0.131,0.166,-0.43,-0.005
8,B1_2,0.109,-0.237,-0.128,-0.101,-0.256,1.0,0.015,-0.23,0.045,0.086,0.224,-0.246,-0.196,-0.152,0.011,-0.06
8,B1_3,0.042,0.245,0.285,-0.509,0.189,0.015,1.0,-0.14,0.005,0.24,-0.118,-0.117,-0.118,0.177,0.298,0.483
8,A2_1,0.281,0.17,0.024,0.395,-0.125,-0.23,-0.14,1.0,-0.507,-0.166,0.056,-0.294,-0.261,-0.449,0.126,-0.465
8,A2_2,-0.092,0.129,0.045,0.078,-0.002,0.045,0.005,-0.507,1.0,0.185,0.507,0.152,0.026,0.531,-0.091,0.287
8,A2_3,0.093,-0.154,0.526,0.003,-0.073,0.086,0.24,-0.166,0.185,1.0,0.072,0.617,0.432,0.002,0.397,0.044
8,B2_1,0.395,0.121,-0.006,-0.127,-0.572,0.224,-0.118,0.056,0.507,0.072,1.0,-0.151,-0.27,-0.218,0.492,-0.224
8,B2_2,-0.13,-0.034,0.391,0.03,0.194,-0.246,-0.117,-0.294,0.152,0.617,-0.151,1.0,0.278,0.149,0.155,-0.112
8,B2_3,-0.475,-0.356,0.079,-0.132,0.131,-0.196,-0.118,-0.261,0.026,0.432,-0.27,0.278,1.0,0.049,-0.076,-0.054
8,y1,0.037,-0.014,-0.214,0.175,0.166,-0.152,0.177,-0.449,0.531,0.002,-0.218,0.149,0.049,1.0,-0.367,0.759
8,y2,0.528,-0.12,0.451,-0.54,-0.43,0.011,0.298,0.126,-0.091,0.397,0.492,0.155,-0.076,-0.367,1.0,-0.154
8,y3,0.217,-0.142,-0.215,-0.023,-0.005,-0.06,0.483,-0.465,0.287,0.044,-0.224,-0.112,-0.054,0.759,-0.154,1.0
9,.,1.0,-0.112,-0.107,0.114,-0.664,0.111,0.039,0.28,-0.094,0.091,0.394,-0.132,-0.475,0.037,0.526,0.218
9,A1_1,-0.112,1.0,0.199,0.006,0.271,-0.237,0.245,0.17,0.13,-0.154,0.121,-0.034,-0.355,-0.014,-0.121,-0.141
9,A1_2,-0.107,0.199,1.0,-0.215,0.318,-0.127,0.287,0.024,0.045,0.526,-0.005,0.392,0.08,-0.213,0.45,-0.214
9,A1_3,0.114,0.006,-0.215,1.0,0.03,-0.103,-0.51,0.395,0.078,0.003,-0.129,0.028,-0.133,0.176,-0.541,-0.023
9,B1_1,-0.664,0.271,0.318,0.03,1.0,-0.255,0.19,-0.124,-0.001,-0.07,-0.571,0.195,0.132,0.165,-0.429,-0.007
9,B1_2,0.111,-0.237,-0.127,-0.103,-0.255,1.0,0.016,-0.232,0.044,0.086,0.224,-0.244,-0.195,-0.152,0.012,-0.061
9,B1_3,0.039,0.245,0.287,-0.51,0.19,0.016,1.0,-0.14,0.006,0.242,-0.118,-0.115,-0.117,0.177,0.299,0.482
9,A2_1,0.28,0.17,0.024,0.395,-0.124,-0.232,-0.14,1.0,-0.506,-0.167,0.055,-0.295,-0.262,-0.448,0.125,-0.464
9,A2_2,-0.094,0.13,0.045,0.078,-0.001,0.044,0.006,-0.506,1.0,0.184,0.506,0.15,0.025,0.532,-0.092,0.289
9,A2_3,0.091,-0.154,0.526,0.003,-0.07,0.086,0.242,-0.167,0.184,1.0,0.073,0.617,0.433,0.003,0.396,0.045
9,B2_1,0.394,0.121,-0.005,-0.129,-0.571,0.224,-0.118,0.055,0.506,0.073,1.0,-0.15,-0.269,-0.218,0.495,-0.223
9,B2_2,-0.132,-0.034,0.392,0.028,0.195,-0.244,-0.115,-0.295,0.15,0.617,-0.15,1.0,0.28,0.149,0.156,-0.112
9,B2_3,-0.475,-0.355,0.08,-0.133,0.132,-0.195,-0.117,-0.262,0.025,0.433,-0.269,0.28,1.0,0.048,-0.076,-0.055
9,y1,0.037,-0.014,-0.213,0.176,0.165,-0.152,0.177,-0.448,0.532,0.003,-0.218,0.149,0.048,1.0,-0.367,0.759
9,y2,0.526,-0.121,0.45,-0.541,-0.429,0.012,0.299,0.125,-0.092,0.396,0.495,0.156,-0.076,-0.367,1.0,-0.153
9,y3,0.218,-0.141,-0.214,-0.023,-0.007,-0.061,0.482,-0.464,0.289,0.045,-0.223,-0.112,-0.055,0.759,-0.153,1.0
10,.,1.0,-0.116,-0.112,0.117,-0.667,0.112,0.036,0.28,-0.095,0.089,0.394,-0.135,-0.475,0.037,0.523,0.22
10,A1_1,-0.116,1.0,0.199,0.007,0.272,-0.237,0.246,0.17,0.132,-0.154,0.12,-0.034,-0.354,-0.013,-0.122,-0.141
10,A1_2,-0.112,0.199,1.0,-0.214,0.321,-0.127,0.289,0.023,0.045,0.526,-0.004,0.393,0.081,-0.212,0.448,-0.213
10,A1_3,0.117,0.007,-0.214,1.0,0.029,-0.105,-0.511,0.395,0.079,0.003,-0.131,0.026,-0.134,0.176,-0.541,-0.023
10,B1_1,-0.667,0.272,0.321,0.029,1.0,-0.254,0.191,-0.123,-0.0,-0.068,-0.571,0.197,0.133,0.164,-0.427,-0.008
10,B1_2,0.112,-0.237,-0.127,-0.105,-0.254,1.0,0.017,-0.234,0.043,0.086,0.224,-0.242,-0.194,-0.152,0.013,-0.062
10,B1_3,0.036,0.246,0.289,-0.511,0.191,0.017,1.0,-0.141,0.006,0.243,-0.118,-0.113,-0.116,0.176,0.299,0.481
10,A2_1,0.28,0.17,0.023,0.395,-0.123,-0.234,-0.141,1.0,-0.506,-0.168,0.053,-0.295,-0.262,-0.446,0.125,-0.463
10,A2_2,-0.095,0.132,0.045,0.079,-0.0,0.043,0.006,-0.506,1.0,0.184,0.505,0.149,0.025,0.533,-0.093,0.29
10,A2_3,0.089,-0.154,0.526,0.003,-0.068,0.086,0.243,-0.168,0.184,1.0,0.073,0.617,0.434,0.003,0.395,0.046
10,B2_1,0.394,0.12,-0.004,-0.131,-0.571,0.224,-0.118,0.053,0.505,0.073,1.0,-0.149,-0.268,-0.217,0.497,-0.222
10,B2_2,-0.135,-0.034,0.393,0.026,0.197,-0.242,-0.113,-0.295,0.149,0.617,-0.149,1.0,0.281,0.148,0.157,-0.113
10,B2_3,-0.475,-0.354,0.081,-0.134,0.133,-0.194,-0.116,-0.262,0.025,0.434,-0.268,0.281,1.0,0.048,-0.075,-0.056
10,y1,0.037,-0.013,-0.212,0.176,0.164,-0.152,0.176,-0.446,0.533,0.003,-0.217,0.148,0.048,1.0,-0.366,0.759
10,y2,0.523,-0.122,0.448,-0.541,-0.427,0.013,0.299,0.125,-0.093,0.395,0.497,0.157,-0.075,-0.366,1.0,-0.152
10,y3,0.22,-0.141,-0.213,-0.023,-0.008,-0.062,0.481,-0.463,0.29,0.046,-0.222,-0.113,-0.056,0.759,-0.152,1.0
11,.,1.0,-0.12,-0.116,0.12,-0.669,0.114,0.032,0.28,-0.097,0.086,0.393,-0.139,-0.475,0.036,0.521,0.222
11,A1_1,-0.12,1.0,0.199,0.008,0.273,-0.237,0.246,0.171,0.133,-0.154,0.12,-0.034,-0.354,-0.013,-0.124,-0.14
11,A1_2,-0.116,0.199,1.0,-0.214,0.323,-0.126,0.29,0.022,0.045,0.525,-0.004,0.393,0.082,-0.211,0.447,-0.212
11,A1_3,0.12,0.008,-0.214,1.0,0.029,-0.107,-0.512,0.395,0.08,0.002,-0.133,0.025,-0.136,0.177,-0.541,-0.022
11,B1_1,-0.669,0.273,0.323,0.029,1.0,-0.253,0.191,-0.122,0.001,-0.066,-0.571,0.199,0.134,0.163,-0.426,-0.01
11,B1_2,0.114,-0.237,-0.126,-0.107,-0.253,1.0,0.018,-0.235,0.043,0.087,0.224,-0.239,-0.193,-0.152,0.013,-0.063
11,B1_3,0.032,0.246,0.29,-0.512,0.191,0.018,1.0,-0.141,0.006,0.245,-0.118,-0.111,-0.115,0.176,0.3,0.481
11,A2_1,0.28,0.171,0.022,0.395,-0.122,-0.235,-0.141,1.0,-0.506,-0.169,0.051,-0.296,-0.263,-0.445,0.124,-0.462
11,A2_2,-0.097,0.133,0.045,0.08,0.001,0.043,0.006,-0.506,1.0,0.183,0.504,0.147,0.024,0.534,-0.093,0.291
11,A2_3,0.086,-0.154,0.525,0.002,-0.066,0.087,0.245,-0.169,0.183,1.0,0.074,0.617,0.434,0.004,0.393,0.047
11,B2_1,0.393,0.12,-0.004,-0.133,-0.571,0.224,-0.118,0.051,0.504,0.074,1.0,-0.148,-0.268,-0.216,0.5,-0.222
11,B2_2,-0.139,-0.034,0.393,0.025,0.199,-0.239,-0.111,-0.296,0.147,0.617,-0.148,1.0,0.282,0.148,0.158,-0.113
11,B2_3,-0.475,-0.354,0.082,-0.136,0.134,-0.193,-0.115,-0.263,0.024,0.434,-0.268,0.282,1.0,0.047,-0.075,-0.057
11,y1,0.036,-0.013,-0.211,0.177,0.163,-0.152,0.176,-0.445,0.534,0.004,-0.216,0.148,0.047,1.0,-0.365,0.759
11,y2,0.521,-0.124,0.447,-0.541,-0.426,0.013,0.3,0.124,-0.093,0.393,0.5,0.158,-0.075,-0.365,1.0,-0.15
11,y3,0.222,-0.14,-0.212,-0.022,-0.01,-0.063,0.481,-0.462,0.291,0.047,-0.222,-0.113,-0.057,0.759,-0.15,1.0
12,.,1.0,-0.125,-0.122,0.123,-0.672,0.116,0.029,0.28,-0.099,0.083,0.392,-0.143,-0.474,0.036,0.518,0.224
12,A1_1,-0.125,1.0,0.199,0.009,0.274,-0.237,0.246,0.171,0.134,-0.154,0.119,-0.034,-0.354,-0.012,-0.125,-0.14
12,A1_2,-0.122,0.199,1.0,-0.214,0.326,-0.125,0.292,0.022,0.045,0.525,-0.003,0.394,0.083,-0.211,0.445,-0.211
12,A1_3,0.123,0.009,-0.214,1.0,0.029,-0.109,-0.513,0.395,0.08,0.002,-0.135,0.023,-0.137,0.178,-0.542,-0.022
12,B1_1,-0.672,0.274,0.326,0.029,1.0,-0.252,0.192,-0.122,0.002,-0.063,-0.571,0.2,0.135,0.162,-0.426,-0.012
12,B1_2,0.116,-0.237,-0.125,-0.109,-0.252,1.0,0.019,-0.237,0.042,0.087,0.224,-0.237,-0.191,-0.152,0.014,-0.064
12,B1_3,0.029,0.246,0.292,-0.513,0.192,0.019,1.0,-0.141,0.006,0.246,-0.118,-0.109,-0.114,0.175,0.301,0.48
12,A2_1,0.28,0.171,0.022,0.395,-0.122,-0.237,-0.141,1.0,-0.506,-0.17,0.05,-0.296,-0.263,-0.444,0.123,-0.461
12,A2_2,-0.099,0.134,0.045,0.08,0.002,0.042,0.006,-0.506,1.0,0.183,0.503,0.146,0.023,0.535,-0.094,0.293
12,A2_3,0.083,-0.154,0.525,0.002,-0.063,0.087,0.246,-0.17,0.183,1.0,0.074,0.617,0.435,0.005,0.392,0.048
12,B2_1,0.392,0.119,-0.003,-0.135,-0.571,0.224,-0.118,0.05,0.503,0.074,1.0,-0.146,-0.267,-0.215,0.502,-0.221
12,B2_2,-0.143,-0.034,0.394,0.023,0.2,-0.237,-0.109,-0.296,0.146,0.617,-0.146,1.0,0.283,0.147,0.159,-0.114
12,B2_3,-0.474,-0.354,0.083,-0.137,0.135,-0.191,-0.114,-0.263,0.023,0.435,-0.267,0.283,1.0,0.046,-0.075,-0.059
12,y1,0.036,-0.012,-0.211,0.178,0.162,-0.152,0.175,-0.444,0.535,0.005,-0.215,0.147,0.046,1.0,-0.364,0.758
12,y2,0.518,-0.125,0.445,-0.542,-0.426,0.014,0.301,0.123,-0.094,0.392,0.502,0.159,-0.075,-0.364,1.0,-0.149
12,y3,0.224,-0.14,-0.211,-0.022,-0.012,-0.064,0.48,-0.461,0.293,0.048,-0.221,-0.114,-0.059,0.758,-0.149,1.0
13,.,1.0,-0.128,-0.127,0.126,-0.675,0.117,0.026,0.279,-0.1,0.08,0.391,-0.146,-0.474,0.037,0.515,0.226
13,A1_1,-0.128,1.0,0.199,0.01,0.274,-0.237,0.246,0.171,0.136,-0.154,0.119,-0.034,-0.353,-0.011,-0.126,-0.139
13,A1_2,-0.127,0.199,1.0,-0.214,0.328,-0.125,0.294,0.021,0.046,0.525,-0.002,0.395,0.084,-0.21,0.443,-0.21
13,A1_3,0.126,0.01,-0.214,1.0,0.028,-0.11,-0.514,0.395,0.081,0.002,-0.137,0.021,-0.138,0.178,-0.542,-0.022
13,B1_1,-0.675,0.274,0.328,0.028,1.0,-0.251,0.193,-0.121,0.003,-0.061,-0.57,0.202,0.136,0.161,-0.425,-0.014
13,B1_2,0.117,-0.237,-0.125,-0.11,-0.251,1.0,0.02,-0.238,0.041,0.088,0.223,-0.235,-0.19,-0.153,0.015,-0.065
13,B1_3,0.026,0.246,0.294,-0.514,0.193,0.02,1.0,-0.141,0.006,0.247,-0.117,-0.107,-0.113,0.175,0.301,0.479
13,A2_1,0.279,0.171,0.021,0.395,-0.121,-0.238,-0.141,1.0,-0.506,-0.171,0.048,-0.297,-0.264,-0.443,0.122,-0.46
13,A2_2,-0.1,0.136,0.046,0.081,0.003,0.041,0.006,-0.506,1.0,0.183,0.502,0.144,0.022,0.536,-0.095,0.294
13,A2_3,0.08,-0.154,0.525,0.002,-0.061,0.088,0.247,-0.171,0.183,1.0,0.075,0.618,0.435,0.005,0.391,0.049
13,B2_1,0.391,0.119,-0.002,-0.137,-0.57,0.223,-0.117,0.048,0.502,0.075,1.0,-0.145,-0.267,-0.214,0.505,-0.22
13,B2_2,-0.146,-0.034,0.395,0.021,0.202,-0.235,-0.107,-0.297,0.144,0.618,-0.145,1.0,0.284,0.146,0.159,-0.115
13,B2_3,-0.474,-0.353,0.084,-0.138,0.136,-0.19,-0.113,-0.264,0.022,0.435,-0.267,0.284,1.0,0.045,-0.075,-0.06
13,y1,0.037,-0.011,-0.21,0.178,0.161,-0.153,0.175,-0.443,0.536,0.005,-0.214,0.146,0.045,1.0,-0.363,0.758
13,y2,0.515,-0.126,0.443,-0.542,-0.425,0.015,0.301,0.122,-0.095,0.391,0.505,0.159,-0.075,-0.363,1.0,-0.148
13,y3,0.226,-0.139,-0.21,-0.022,-0.014,-0.065,0.479,-0.46,0.294,0.049,-0.22,-0.115,-0.06,0.758,-0.148,1.0
14,.,1.0,-0.132,-0.131,0.128,-0.677,0.119,0.022,0.279,-0.103,0.077,0.39,-0.15,-0.474,0.036,0.512,0.228
14,A1_1,-0.132,1.0,0.199,0.011,0.275,-0.237,0.246,0.171,0.137,-0.154,0.118,-0.034,-0.353,-0.011,-0.127,-0.139
14,A1_2,-0.131,0.199,1.0,-0.214,0.33,-0.124,0.295,0.021,0.046,0.524,-0.001,0.395,0.085,-0.209,0.441,-0.209
14,A1_3,0.128,0.011,-0.214,1.0,0.028,-0.112,-0.514,0.395,0.081,0.002,-0.139,0.02,-0.139,0.179,-0.543,-0.021
14,B1_1,-0.677,0.275,0.33,0.028,1.0,-0.249,0.194,-0.12,0.003,-0.059,-0.57,0.203,0.137,0.159,-0.424,-0.016
14,B1_2,0.119,-0.237,-0.124,-0.112,-0.249,1.0,0.02,-0.24,0.041,0.088,0.223,-0.233,-0.188,-0.153,0.015,-0.066
14,B1_3,0.022,0.246,0.295,-0.514,0.194,0.02,1.0,-0.142,0.007,0.249,-0.117,-0.105,-0.112,0.174,0.302,0.478
14,A2_1,0.279,0.171,0.021,0.395,-0.12,-0.24,-0.142,1.0,-0.506,-0.172,0.046,-0.297,-0.264,-0.442,0.122,-0.458
14,A2_2,-0.103,0.137,0.046,0.081,0.003,0.041,0.007,-0.506,1.0,0.182,0.501,0.143,0.022,0.537,-0.096,0.295
14,A2_3,0.077,-0.154,0.524,0.002,-0.059,0.088,0.249,-0.172,0.182,1.0,0.076,0.618,0.436,0.006,0.389,0.05
14,B2_1,0.39,0.118,-0.001,-0.139,-0.57,0.223,-0.117,0.046,0.501,0.076,1.0,-0.144,-0.266,-0.214,0.507,-0.219
14,B2_2,-0.15,-0.034,0.395,0.02,0.203,-0.233,-0.105,-0.297,0.143,0.618,-0.144,1.0,0.286,0.146,0.16,-0.115
14,B2_3,-0.474,-0.353,0.085,-0.139,0.137,-0.188,-0.112,-0.264,0.022,0.436,-0.266,0.286,1.0,0.044,-0.075,-0.062
14,y1,0.036,-0.011,-0.209,0.179,0.159,-0.153,0.174,-0.442,0.537,0.006,-0.214,0.146,0.044,1.0,-0.363,0.758
14,y2,0.512,-0.127,0.441,-0.543,-0.424,0.015,0.302,0.122,-0.096,0.389,0.507,0.16,-0.075,-0.363,1.0,-0.146
14,y3,0.228,-0.139,-0.209,-0.021,-0.016,-0.066,0.478,-0.458,0.295,0.05,-0.219,-0.115,-0.062,0.758,-0.146,1.0
15,.,1.0,-0.136,-0.136,0.131,-0.68,0.121,0.019,0.278,-0.104,0.075,0.39,-0.154,-0.474,0.036,0.51,0.23
15,A1_1,-0.136,1.0,0.199,0.012,0.276,-0.237,0.246,0.171,0.139,-0.154,0.118,-0.034,-0.352,-0.01,-0.129,-0.138
15,A1_2,-0.136,0.199,1.0,-0.213,0.333,-0.124,0.297,0.021,0.046,0.524,-0.001,0.396,0.085,-0.208,0.44,-0.208
15,A1_3,0.131,0.012,-0.213,1.0,0.028,-0.114,-0.515,0.395,0.082,0.002,-0.141,0.018,-0.14,0.18,-0.543,-0.021
15,B1_1,-0.68,0.276,0.333,0.028,1.0,-0.248,0.195,-0.119,0.004,-0.057,-0.57,0.205,0.139,0.158,-0.423,-0.018
15,B1_2,0.121,-0.237,-0.124,-0.114,-0.248,1.0,0.021,-0.241,0.04,0.088,0.223,-0.231,-0.187,-0.153,0.016,-0.067
15,B1_3,0.019,0.246,0.297,-0.515,0.195,0.021,1.0,-0.142,0.007,0.25,-0.117,-0.103,-0.11,0.173,0.302,0.477
15,A2_1,0.278,0.171,0.021,0.395,-0.119,-0.241,-0.142,1.0,-0.505,-0.172,0.045,-0.298,-0.265,-0.441,0.121,-0.457
15,A2_2,-0.104,0.139,0.046,0.082,0.004,0.04,0.007,-0.505,1.0,0.182,0.5,0.141,0.021,0.538,-0.096,0.296
15,A2_3,0.075,-0.154,0.524,0.002,-0.057,0.088,0.25,-0.172,0.182,1.0,0.076,0.618,0.436,0.007,0.388,0.051
15,B2_1,0.39,0.118,-0.001,-0.141,-0.57,0.223,-0.117,0.045,0.5,0.076,1.0,-0.143,-0.265,-0.213,0.51,-0.218
15,B2_2,-0.154,-0.034,0.396,0.018,0.205,-0.231,-0.103,-0.298,0.141,0.618,-0.143,1.0,0.287,0.145,0.161,-0.116
15,B2_3,-0.474,-0.352,0.085,-0.14,0.139,-0.187,-0.11,-0.265,0.021,0.436,-0.265,0.287,1.0,0.043,-0.075,-0.063
15,y1,0.036,-0.01,-0.208,0.18,0.158,-0.153,0.173,-0.441,0.538,0.007,-0.213,0.145,0.043,1.0,-0.362,0.758
15,y2,0.51,-0.129,0.44,-0.543,-0.423,0.016,0.302,0.121,-0.096,0.388,0.51,0.161,-0.075,-0.362,1.0,-0.145
15,y3,0.23,-0.138,-0.208,-0.021,-0.018,-0.067,0.477,-0.457,0.296,0.051,-0.218,-0.116,-0.063,0.758,-0.145,1.0
16,.,1.0,-0.14,-0.142,0.134,-0.683,0.122,0.015,0.278,-0.105,0.072,0.389,-0.157,-0.474,0.036,0.507,0.232
16,A1_1,-0.14,1.0,0.199,0.013,0.277,-0.237,0.246,0.172,0.14,-0.154,0.118,-0.034,-0.352,-0.009,-0.13,-0.137
16,A1_2,-0.142,0.199,1.0,-0.213,0.335,-0.123,0.299,0.02,0.046,0.524,0.0,0.396,0.086,-0.207,0.438,-0.206
16,A1_3,0.134,0.013,-0.213,1.0,0.027,-0.116,-0.516,0.395,0.082,0.002,-0.143,0.016,-0.141,0.18,-0.543,-0.02
16,B1_1,-0.683,0.277,0.335,0.027,1.0,-0.247,0.195,-0.118,0.005,-0.055,-0.57,0.206,0.14,0.156,-0.423,-0.02
16,B1_2,0.122,-0.237,-0.123,-0.116,-0.247,1.0,0.022,-0.243,0.039,0.089,0.223,-0.229,-0.186,-0.153,0.016,-0.068
16,B1_3,0.015,0.246,0.299,-0.516,0.195,0.022,1.0,-0.142,0.007,0.252,-0.117,-0.101,-0.109,0.173,0.303,0.476
16,A2_1,0.278,0.172,0.02,0.395,-0.118,-0.243,-0.142,1.0,-0.505,-0.173,0.043,-0.298,-0.265,-0.439,0.12,-0.456
16,A2_2,-0.105,0.14,0.046,0.082,0.005,0.039,0.007,-0.505,1.0,0.181,0.499,0.14,0.02,0.539,-0.097,0.298
16,A2_3,0.072,-0.154,0.524,0.002,-0.055,0.089,0.252,-0.173,0.181,1.0,0.077,0.618,0.437,0.007,0.386,0.052
16,B2_1,0.389,0.118,0.0,-0.143,-0.57,0.223,-0.117,0.043,0.499,0.077,1.0,-0.142,-0.265,-0.212,0.512,-0.217
16,B2_2,-0.157,-0.034,0.396,0.016,0.206,-0.229,-0.101,-0.298,0.14,0.618,-0.142,1.0,0.288,0.144,0.161,-0.117
16,B2_3,-0.474,-0.352,0.086,-0.141,0.14,-0.186,-0.109,-0.265,0.02,0.437,-0.265,0.288,1.0,0.042,-0.076,-0.065
16,y1,0.036,-0.009,-0.207,0.18,0.156,-0.153,0.173,-0.439,0.539,0.007,-0.212,0.144,0.042,1.0,-0.361,0.758
16,y2,0.507,-0.13,0.438,-0.543,-0.423,0.016,0.303,0.12,-0.097,0.386,0.512,0.161,-0.076,-0.361,1.0,-0.143
16,y3,0.232,-0.137,-0.206,-0.02,-0.02,-0.068,0.476,-0.456,0.298,0.052,-0.217,-0.117,-0.065,0.758,-0.143,1.0
17,.,1.0,-0.143,-0.146,0.137,-0.686,0.123,0.012,0.278,-0.107,0.069,0.388,-0.161,-0.475,0.036,0.505,0.233
17,A1_1,-0.143,1.0,0.199,0.014,0.277,-0.237,0.246,0.172,0.141,-0.154,0.117,-0.034,-0.352,-0.009,-0.131,-0.137
17,A1_2,-0.146,0.199,1.0,-0.213,0.337,-0.122,0.3,0.02,0.046,0.523,0.001,0.397,0.087,-0.207,0.436,-0.205
17,A1_3,0.137,0.014,-0.213,1.0,0.027,-0.117,-0.517,0.395,0.083,0.002,-0.144,0.015,-0.142,0.181,-0.543,-0.02
17,B1_1,-0.686,0.277,0.337,0.027,1.0,-0.245,0.196,-0.117,0.006,-0.053,-0.569,0.208,0.141,0.155,-0.422,-0.022
17,B1_2,0.123,-0.237,-0.122,-0.117,-0.245,1.0,0.023,-0.244,0.038,0.089,0.223,-0.227,-0.184,-0.154,0.017,-0.069
17,B1_3,0.012,0.246,0.3,-0.517,0.196,0.023,1.0,-0.142,0.007,0.253,-0.117,-0.099,-0.108,0.172,0.303,0.475
17,A2_1,0.278,0.172,0.02,0.395,-0.117,-0.244,-0.142,1.0,-0.505,-0.174,0.041,-0.298,-0.266,-0.438,0.12,-0.455
17,A2_2,-0.107,0.141,0.046,0.083,0.006,0.038,0.007,-0.505,1.0,0.181,0.497,0.138,0.019,0.54,-0.097,0.299
17,A2_3,0.069,-0.154,0.523,0.002,-0.053,0.089,0.253,-0.174,0.181,1.0,0.078,0.618,0.437,0.008,0.385,0.053
17,B2_1,0.388,0.117,0.001,-0.144,-0.569,0.223,-0.117,0.041,0.497,0.078,1.0,-0.14,-0.264,-0.211,0.515,-0.216
17,B2_2,-0.161,-0.034,0.397,0.015,0.208,-0.227,-0.099,-0.298,0.138,0.618,-0.14,1.0,0.289,0.143,0.162,-0.118
17,B2_3,-0.475,-0.352,0.087,-0.142,0.141,-0.184,-0.108,-0.266,0.019,0.437,-0.264,0.289,1.0,0.041,-0.076,-0.066
17,y1,0.036,-0.009,-0.207,0.181,0.155,-0.154,0.172,-0.438,0.54,0.008,-0.211,0.143,0.041,1.0,-0.36,0.758
17,y2,0.505,-0.131,0.436,-0.543,-0.422,0.017,0.303,0.12,-0.097,0.385,0.515,0.162,-0.076,-0.36,1.0,-0.141
17,y3,0.233,-0.137,-0.205,-0.02,-0.022,-0.069,0.475,-0.455,0.299,0.053,-0.216,-0.118,-0.066,0.758,-0.141,1.0
18,.,1.0,-0.146,-0.151,0.139,-0.689,0.124,0.009,0.278,-0.109,0.066,0.387,-0.164,-0.475,0.037,0.502,0.235
18,A1_1,-0.146,1.0,0.199,0.016,0.278,-0.237,0.246,0.172,0.143,-0.154,0.117,-0.034,-0.352,-0.008,-0.132,-0.136
18,A1_2,-0.151,0.199,1.0,-0.212,0.34,-0.122,0.302,0.019,0.046,0.523,0.001,0.398,0.088,-0.206,0.434,-0.204
18,A1_3,0.139,0.016,-0.212,1.0,0.027,-0.119,-0.517,0.395,0.084,0.002,-0.146,0.013,-0.143,0.182,-0.543,-0.019
18,B1_1,-0.689,0.278,0.34,0.027,1.0,-0.244,0.197,-0.116,0.007,-0.051,-0.569,0.209,0.142,0.153,-0.422,-0.024
18,B1_2,0.124,-0.237,-0.122,-0.119,-0.244,1.0,0.024,-0.245,0.037,0.09,0.223,-0.225,-0.183,-0.154,0.017,-0.07
18,B1_3,0.009,0.246,0.302,-0.517,0.197,0.024,1.0,-0.143,0.007,0.254,-0.117,-0.097,-0.107,0.171,0.303,0.474
18,A2_1,0.278,0.172,0.019,0.395,-0.116,-0.245,-0.143,1.0,-0.505,-0.175,0.04,-0.299,-0.266,-0.437,0.119,-0.453
18,A2_2,-0.109,0.143,0.046,0.084,0.007,0.037,0.007,-0.505,1.0,0.181,0.496,0.137,0.019,0.541,-0.098,0.3
18,A2_3,0.066,-0.154,0.523,0.002,-0.051,0.09,0.254,-0.175,0.181,1.0,0.079,0.618,0.438,0.008,0.383,0.054
18,B2_1,0.387,0.117,0.001,-0.146,-0.569,0.223,-0.117,0.04,0.496,0.079,1.0,-0.139,-0.263,-0.211,0.517,-0.215
18,B2_2,-0.164,-0.034,0.398,0.013,0.209,-0.225,-0.097,-0.299,0.137,0.618,-0.139,1.0,0.29,0.142,0.162,-0.118
18,B2_3,-0.475,-0.352,0.088,-0.143,0.142,-0.183,-0.107,-0.266,0.019,0.438,-0.263,0.29,1.0,0.04,-0.076,-0.068
18,y1,0.037,-0.008,-0.206,0.182,0.153,-0.154,0.171,-0.437,0.541,0.008,-0.211,0.142,0.04,1.0,-0.359,0.758
18,y2,0.502,-0.132,0.434,-0.543,-0.422,0.017,0.303,0.119,-0.098,0.383,0.517,0.162,-0.076,-0.359,1.0,-0.14
18,y3,0.235,-0.136,-0.204,-0.019,-0.024,-0.07,0.474,-0.453,0.3,0.054,-0.215,-0.118,-0.068,0.758,-0.14,1.0
19,.,1.0,-0.15,-0.155,0.141,-0.692,0.125,0.005,0.277,-0.11,0.063,0.387,-0.168,-0.475,0.037,0.5,0.238
19,A1_1,-0.15,1.0,0.198,0.017,0.278,-0.237,0.246,0.172,0.144,-0.154,0.117,-0.035,-0.351,-0.008,-0.134,-0.136
19,A1_2,-0.155,0.198,1.0,-0.212,0.342,-0.121,0.303,0.019,0.047,0.523,0.002,0.398,0.089,-0.205,0.432,-0.203
19,A1_3,0.141,0.017,-0.212,1.0,0.026,-0.121,-0.518,0.395,0.084,0.002,-0.148,0.012,-0.144,0.182,-0.544,-0.019
19,B1_1,-0.692,0.278,0.342,0.026,1.0,-0.243,0.198,-0.116,0.007,-0.049,-0.569,0.211,0.143,0.152,-0.421,-0.026
19,B1_2,0.125,-0.237,-0.121,-0.121,-0.243,1.0,0.025,-0.247,0.036,0.09,0.223,-0.222,-0.181,-0.154,0.017,-0.071
19,B1_3,0.005,0.246,0.303,-0.518,0.198,0.025,1.0,-0.143,0.007,0.256,-0.116,-0.095,-0.106,0.17,0.304,0.472
19,A2_1,0.277,0.172,0.019,0.395,-0.116,-0.247,-0.143,1.0,-0.504,-0.175,0.038,-0.299,-0.267,-0.435,0.118,-0.452
19,A2_2,-0.11,0.144,0.047,0.084,0.007,0.036,0.007,-0.504,1.0,0.181,0.495,0.135,0.018,0.542,-0.099,0.301
19,A2_3,0.063,-0.154,0.523,0.002,-0.049,0.09,0.256,-0.175,0.181,1.0,0.079,0.618,0.438,0.009,0.381,0.055
19,B2_1,0.387,0.117,0.002,-0.148,-0.569,0.223,-0.116,0.038,0.495,0.079,1.0,-0.138,-0.262,-0.21,0.52,-0.214
19,B2_2,-0.168,-0.035,0.398,0.012,0.211,-0.222,-0.095,-0.299,0.135,0.618,-0.138,1.0,0.291,0.141,0.162,-0.119
19,B2_3,-0.475,-0.351,0.089,-0.144,0.143,-0.181,-0.106,-0.267,0.018,0.438,-0.262,0.291,1.0,0.039,-0.077,-0.069
19,y1,0.037,-0.008,-0.205,0.182,0.152,-0.154,0.17,-0.435,0.542,0.009,-0.21,0.141,0.039,1.0,-0.358,0.757
19,y2,0.5,-0.134,0.432,-0.544,-0.421,0.017,0.304,0.118,-0.099,0.381,0.52,0.162,-0.077,-0.358,1.0,-0.138
19,y3,0.238,-0.136,-0.203,-0.019,-0.026,-0.071,0.472,-0.452,0.301,0.055,-0.214,-0.119,-0.069,0.757,-0.138,1.0
20,.,1.0,-0.153,-0.16,0.145,-0.695,0.126,0.001,0.277,-0.111,0.06,0.386,-0.171,-0.475,0.037,0.497,0.24
20,A1_1,-0.153,1.0,0.198,0.018,0.279,-0.237,0.245,0.173,0.146,-0.154,0.116,-0.035,-0.351,-0.007,-0.135,-0.135
20,A1_2,-0.16,0.198,1.0,-0.212,0.344,-0.121,0.305,0.018,0.047,0.522,0.003,0.399,0.089,-0.204,0.431,-0.202
20,A1_3,0.145,0.018,-0.212,1.0,0.026,-0.122,-0.519,0.395,0.085,0.002,-0.15,0.01,-0.145,0.183,-0.544,-0.019
20,B1_1,-0.695,0.279,0.344,0.026,1.0,-0.241,0.199,-0.115,0.008,-0.047,-0.568,0.212,0.144,0.15,-0.421,-0.029
20,B1_2,0.126,-0.237,-0.121,-0.122,-0.241,1.0,0.026,-0.248,0.035,0.091,0.223,-0.22,-0.18,-0.155,0.018,-0.072
20,B1_3,0.001,0.245,0.305,-0.519,0.199,0.026,1.0,-0.143,0.007,0.257,-0.116,-0.094,-0.105,0.17,0.304,0.471
20,A2_1,0.277,0.173,0.018,0.395,-0.115,-0.248,-0.143,1.0,-0.504,-0.176,0.037,-0.299,-0.267,-0.434,0.118,-0.451
20,A2_2,-0.111,0.146,0.047,0.085,0.008,0.035,0.007,-0.504,1.0,0.18,0.493,0.134,0.017,0.543,-0.099,0.302
20,A2_3,0.06,-0.154,0.522,0.002,-0.047,0.091,0.257,-0.176,0.18,1.0,0.08,0.618,0.438,0.01,0.379,0.056
20,B2_1,0.386,0.116,0.003,-0.15,-0.568,0.223,-0.116,0.037,0.493,0.08,1.0,-0.137,-0.262,-0.209,0.522,-0.214
20,B2_2,-0.171,-0.035,0.399,0.01,0.212,-0.22,-0.094,-0.299,0.134,0.618,-0.137,1.0,0.293,0.14,0.162,-0.12
20,B2_3,-0.475,-0.351,0.089,-0.145,0.144,-0.18,-0.105,-0.267,0.017,0.438,-0.262,0.293,1.0,0.038,-0.077,-0.071
20,y1,0.037,-0.007,-0.204,0.183,0.15,-0.155,0.17,-0.434,0.543,0.01,-0.209,0.14,0.038,1.0,-0.357,0.757
20,y2,0.497,-0.135,0.431,-0.544,-0.421,0.018,0.304,0.118,-0.099,0.379,0.522,0.162,-0.077,-0.357,1.0,-0.136
20,y3,0.24,-0.135,-0.202,-0.019,-0.029,-0.072,0.471,-0.451,0.302,0.056,-0.214,-0.12,-0.071,0.757,-0.136,1.0
21,.,1.0,-0.156,-0.165,0.148,-0.698,0.128,-0.003,0.276,-0.113,0.057,0.384,-0.175,-0.475,0.037,0.494,0.241
21,A1_1,-0.156,1.0,0.198,0.019,0.279,-0.237,0.245,0.173,0.147,-0.154,0.116,-0.035,-0.351,-0.007,-0.136,-0.134
21,A1_2,-0.165,0.198,1.0,-0.211,0.346,-0.12,0.306,0.018,0.048,0.522,0.004,0.4,0.09,-0.203,0.429,-0.201
21,A1_3,0.148,0.019,-0.211,1.0,0.026,-0.124,-0.519,0.396,0.086,0.002,-0.152,0.009,-0.146,0.184,-0.544,-0.018
21,B1_1,-0.698,0.279,0.346,0.026,1.0,-0.24,0.2,-0.114,0.009,-0.045,-0.568,0.214,0.146,0.149,-0.42,-0.031
21,B1_2,0.128,-0.237,-0.12,-0.124,-0.24,1.0,0.027,-0.249,0.034,0.091,0.223,-0.218,-0.178,-0.155,0.018,-0.073
21,B1_3,-0.003,0.245,0.306,-0.519,0.2,0.027,1.0,-0.143,0.007,0.258,-0.116,-0.092,-0.103,0.169,0.304,0.47
21,A2_1,0.276,0.173,0.018,0.396,-0.114,-0.249,-0.143,1.0,-0.504,-0.177,0.035,-0.3,-0.267,-0.433,0.117,-0.45
21,A2_2,-0.113,0.147,0.048,0.086,0.009,0.034,0.007,-0.504,1.0,0.18,0.492,0.132,0.016,0.543,-0.1,0.303
21,A2_3,0.057,-0.154,0.522,0.002,-0.045,0.091,0.258,-0.177,0.18,1.0,0.081,0.618,0.439,0.01,0.378,0.057
21,B2_1,0.384,0.116,0.004,-0.152,-0.568,0.223,-0.116,0.035,0.492,0.081,1.0,-0.136,-0.261,-0.209,0.524,-0.213
21,B2_2,-0.175,-0.035,0.4,0.009,0.214,-0.218,-0.092,-0.3,0.132,0.618,-0.136,1.0,0.294,0.139,0.162,-0.121
21,B2_3,-0.475,-0.351,0.09,-0.146,0.146,-0.178,-0.103,-0.267,0.016,0.439,-0.261,0.294,1.0,0.037,-0.078,-0.072
21,y1,0.037,-0.007,-0.203,0.184,0.149,-0.155,0.169,-0.433,0.543,0.01,-0.209,0.139,0.037,1.0,-0.356,0.757
21,y2,0.494,-0.136,0.429,-0.544,-0.42,0.018,0.304,0.117,-0.1,0.378,0.524,0.162,-0.078,-0.356,1.0,-0.134
21,y3,0.241,-0.134,-0.201,-0.018,-0.031,-0.073,0.47,-0.45,0.303,0.057,-0.213,-0.121,-0.072,0.757,-0.134,1.0
22,.,1.0,-0.16,-0.171,0.15,-0.701,0.129,-0.007,0.276,-0.115,0.054,0.383,-0.179,-0.476,0.037,0.491,0.243
22,A1_1,-0.16,1.0,0.198,0.02,0.28,-0.237,0.245,0.173,0.149,-0.153,0.116,-0.035,-0.35,-0.006,-0.137,-0.134
22,A1_2,-0.171,0.198,1.0,-0.211,0.348,-0.12,0.308,0.017,0.048,0.522,0.005,0.4,0.091,-0.203,0.427,-0.2
22,A1_3,0.15,0.02,-0.211,1.0,0.025,-0.125,-0.52,0.396,0.087,0.002,-0.154,0.008,-0.147,0.184,-0.544,-0.018
22,B1_1,-0.701,0.28,0.348,0.025,1.0,-0.238,0.201,-0.114,0.009,-0.043,-0.567,0.216,0.147,0.147,-0.42,-0.033
22,B1_2,0.129,-0.237,-0.12,-0.125,-0.238,1.0,0.028,-0.25,0.033,0.091,0.223,-0.216,-0.177,-0.155,0.018,-0.074
22,B1_3,-0.007,0.245,0.308,-0.52,0.201,0.028,1.0,-0.144,0.007,0.26,-0.116,-0.09,-0.102,0.168,0.305,0.469
22,A2_1,0.276,0.173,0.017,0.396,-0.114,-0.25,-0.144,1.0,-0.503,-0.177,0.034,-0.3,-0.268,-0.431,0.116,-0.448
22,A2_2,-0.115,0.149,0.048,0.087,0.009,0.033,0.007,-0.503,1.0,0.18,0.491,0.131,0.016,0.544,-0.101,0.305
22,A2_3,0.054,-0.153,0.522,0.002,-0.043,0.091,0.26,-0.177,0.18,1.0,0.081,0.618,0.439,0.011,0.376,0.058
22,B2_1,0.383,0.116,0.005,-0.154,-0.567,0.223,-0.116,0.034,0.491,0.081,1.0,-0.135,-0.26,-0.208,0.527,-0.212
22,B2_2,-0.179,-0.035,0.4,0.008,0.216,-0.216,-0.09,-0.3,0.131,0.618,-0.135,1.0,0.295,0.138,0.162,-0.121
22,B2_3,-0.476,-0.35,0.091,-0.147,0.147,-0.177,-0.102,-0.268,0.016,0.439,-0.26,0.295,1.0,0.035,-0.078,-0.074
22,y1,0.037,-0.006,-0.203,0.184,0.147,-0.155,0.168,-0.431,0.544,0.011,-0.208,0.138,0.035,1.0,-0.355,0.757
22,y2,0.491,-0.137,0.427,-0.544,-0.42,0.018,0.305,0.116,-0.101,0.376,0.527,0.162,-0.078,-0.355,1.0,-0.132
22,y3,0.243,-0.134,-0.2,-0.018,-0.033,-0.074,0.469,-0.448,0.305,0.058,-0.212,-0.121,-0.074,0.757,-0.132,1.0
23,.,1.0,-0.163,-0.175,0.153,-0.703,0.13,-0.011,0.276,-0.117,0.051,0.382,-0.183,-0.476,0.037,0.489,0.245
23,A1_1,-0.163,1.0,0.198,0.021,0.28,-0.237,0.245,0.173,0.15,-0.153,0.115,-0.036,-0.35,-0.006,-0.139,-0.133
23,A1_2,-0.175,0.198,1.0,-0.211,0.351,-0.119,0.309,0.017,0.048,0.522,0.006,0.401,0.092,-0.202,0.425,-0.199
23,A1_3,0.153,0.021,-0.211,1.0,0.025,-0.127,-0.521,0.396,0.087,0.002,-0.156,0.006,-0.148,0.185,-0.544,-0.017
23,B1_1,-0.703,0.28,0.351,0.025,1.0,-0.237,0.202,-0.113,0.01,-0.041,-0.567,0.217,0.148,0.145,-0.42,-0.035
23,B1_2,0.13,-0.237,-0.119,-0.127,-0.237,1.0,0.029,-0.251,0.033,0.092,0.224,-0.214,-0.175,-0.156,0.018,-0.075
23,B1_3,-0.011,0.245,0.309,-0.521,0.202,0.029,1.0,-0.144,0.007,0.261,-0.116,-0.088,-0.101,0.167,0.305,0.467
