,,.,A1_1,A1_2,A1_3,B1_1,B1_2,B1_3,A2_1,A2_2,A2_3,B2_1,B2_2,B2_3,y1,y2,y3
1,.,1.0,0.977,0.973,0.977,0.977,0.952,0.973,0.966,0.955,0.98,0.956,0.971,0.936,0.988,0.966,0.975
1,A1_1,0.977,1.0,0.958,0.969,0.961,0.962,0.963,0.956,0.971,0.967,0.97,0.959,0.941,0.984,0.979,0.972
1,A1_2,0.973,0.958,1.0,0.97,0.985,0.953,0.962,0.97,0.958,0.968,0.951,0.971,0.945,0.971,0.967,0.941
1,A1_3,0.977,0.969,0.97,1.0,0.978,0.939,0.962,0.964,0.955,0.985,0.983,0.973,0.932,0.981,0.968,0.975
1,B1_1,0.977,0.961,0.985,0.978,1.0,0.955,0.97,0.978,0.959,0.962,0.96,0.969,0.96,0.975,0.97,0.952
1,B1_2,0.952,0.962,0.953,0.939,0.955,1.0,0.978,0.98,0.953,0.93,0.933,0.922,0.962,0.965,0.983,0.945
1,B1_3,0.973,0.963,0.962,0.962,0.97,0.978,1.0,0.983,0.947,0.951,0.947,0.93,0.936,0.966,0.98,0.947
1,A2_1,0.966,0.956,0.97,0.964,0.978,0.98,0.983,1.0,0.943,0.939,0.96,0.935,0.956,0.96,0.979,0.943
1,A2_2,0.955,0.971,0.958,0.955,0.959,0.953,0.947,0.943,1.0,0.952,0.941,0.946,0.972,0.968,0.964,0.962
1,A2_3,0.98,0.967,0.968,0.985,0.962,0.93,0.951,0.939,0.952,1.0,0.957,0.987,0.91,0.988,0.963,0.971
1,B2_1,0.956,0.97,0.951,0.983,0.96,0.933,0.947,0.96,0.941,0.957,1.0,0.949,0.93,0.96,0.971,0.955
1,B2_2,0.971,0.959,0.971,0.973,0.969,0.922,0.93,0.935,0.946,0.987,0.949,1.0,0.92,0.983,0.958,0.956
1,B2_3,0.936,0.941,0.945,0.932,0.96,0.962,0.936,0.956,0.972,0.91,0.93,0.92,1.0,0.948,0.957,0.94
1,y1,0.988,0.984,0.971,0.981,0.975,0.965,0.966,0.96,0.968,0.988,0.96,0.983,0.948,1.0,0.978,0.986
1,y2,0.966,0.979,0.967,0.968,0.97,0.983,0.98,0.979,0.964,0.963,0.971,0.958,0.957,0.978,1.0,0.953
1,y3,0.975,0.972,0.941,0.975,0.952,0.945,0.947,0.943,0.962,0.971,0.955,0.956,0.94,0.986,0.953,1.0
2,.,1.0,0.979,0.975,0.979,0.978,0.955,0.975,0.969,0.957,0.981,0.96,0.973,0.939,0.988,0.968,0.976
2,A1_1,0.979,1.0,0.96,0.97,0.962,0.964,0.965,0.958,0.972,0.969,0.972,0.961,0.944,0.984,0.98,0.973
2,A1_2,0.975,0.96,1.0,0.972,0.986,0.956,0.964,0.971,0.96,0.97,0.955,0.972,0.948,0.973,0.969,0.943
2,A1_3,0.979,0.97,0.972,1.0,0.979,0.942,0.965,0.966,0.957,0.986,0.984,0.974,0.936,0.982,0.97,0.976
2,B1_1,0.978,0.962,0.986,0.979,1.0,0.957,0.972,0.979,0.961,0.963,0.962,0.971,0.962,0.976,0.971,0.953
2,B1_2,0.955,0.964,0.956,0.942,0.957,1.0,0.979,0.981,0.955,0.933,0.936,0.926,0.964,0.967,0.983,0.948
2,B1_3,0.975,0.965,0.964,0.965,0.972,0.979,1.0,0.984,0.95,0.953,0.95,0.933,0.939,0.967,0.98,0.949
2,A2_1,0.969,0.958,0.971,0.966,0.979,0.981,0.984,1.0,0.946,0.943,0.962,0.938,0.958,0.962,0.979,0.945
2,A2_2,0.957,0.972,0.96,0.957,0.961,0.955,0.95,0.946,1.0,0.955,0.944,0.948,0.973,0.97,0.966,0.964
2,A2_3,0.981,0.969,0.97,0.986,0.963,0.933,0.953,0.943,0.955,1.0,0.96,0.987,0.915,0.988,0.965,0.971
2,B2_1,0.96,0.972,0.955,0.984,0.962,0.936,0.95,0.962,0.944,0.96,1.0,0.952,0.934,0.962,0.972,0.957
2,B2_2,0.973,0.961,0.972,0.974,0.971,0.926,0.933,0.938,0.948,0.987,0.952,1.0,0.925,0.984,0.961,0.956
2,B2_3,0.939,0.944,0.948,0.936,0.962,0.964,0.939,0.958,0.973,0.915,0.934,0.925,1.0,0.952,0.96,0.943
2,y1,0.988,0.984,0.973,0.982,0.976,0.967,0.967,0.962,0.97,0.988,0.962,0.984,0.952,1.0,0.979,0.986
2,y2,0.968,0.98,0.969,0.97,0.971,0.983,0.98,0.979,0.966,0.965,0.972,0.961,0.96,0.979,1.0,0.955
2,y3,0.976,0.973,0.943,0.976,0.953,0.948,0.949,0.945,0.964,0.971,0.957,0.956,0.943,0.986,0.955,1.0
3,.,1.0,0.98,0.977,0.981,0.979,0.958,0.977,0.971,0.959,0.982,0.963,0.974,0.942,0.989,0.971,0.977
3,A1_1,0.98,1.0,0.963,0.972,0.964,0.966,0.967,0.961,0.973,0.97,0.974,0.962,0.947,0.985,0.981,0.974
3,A1_2,0.977,0.963,1.0,0.973,0.986,0.958,0.966,0.973,0.962,0.972,0.958,0.974,0.951,0.975,0.972,0.945
3,A1_3,0.981,0.972,0.973,1.0,0.98,0.946,0.967,0.968,0.96,0.987,0.985,0.975,0.94,0.983,0.972,0.977
3,B1_1,0.979,0.964,0.986,0.98,1.0,0.96,0.973,0.98,0.963,0.965,0.964,0.973,0.965,0.978,0.973,0.955
3,B1_2,0.958,0.966,0.958,0.946,0.96,1.0,0.98,0.982,0.958,0.937,0.94,0.931,0.966,0.969,0.984,0.951
3,B1_3,0.977,0.967,0.966,0.967,0.973,0.98,1.0,0.985,0.953,0.956,0.953,0.937,0.943,0.969,0.981,0.952
3,A2_1,0.971,0.961,0.973,0.968,0.98,0.982,0.985,1.0,0.948,0.946,0.965,0.941,0.96,0.964,0.98,0.948
3,A2_2,0.959,0.973,0.962,0.96,0.963,0.958,0.953,0.948,1.0,0.957,0.948,0.951,0.975,0.971,0.968,0.965
3,A2_3,0.982,0.97,0.972,0.987,0.965,0.937,0.956,0.946,0.957,1.0,0.962,0.987,0.92,0.988,0.967,0.972
3,B2_1,0.963,0.974,0.958,0.985,0.964,0.94,0.953,0.965,0.948,0.962,1.0,0.955,0.938,0.964,0.974,0.959
3,B2_2,0.974,0.962,0.974,0.975,0.973,0.931,0.937,0.941,0.951,0.987,0.955,1.0,0.93,0.984,0.963,0.958
3,B2_3,0.942,0.947,0.951,0.94,0.965,0.966,0.943,0.96,0.975,0.92,0.938,0.93,1.0,0.955,0.962,0.946
3,y1,0.989,0.985,0.975,0.983,0.978,0.969,0.969,0.964,0.971,0.988,0.964,0.984,0.955,1.0,0.98,0.987
3,y2,0.971,0.981,0.972,0.972,0.973,0.984,0.981,0.98,0.968,0.967,0.974,0.963,0.962,0.98,1.0,0.957
3,y3,0.977,0.974,0.945,0.977,0.955,0.951,0.952,0.948,0.965,0.972,0.959,0.958,0.946,0.987,0.957,1.0
4,.,1.0,0.982,0.978,0.982,0.98,0.961,0.978,0.973,0.96,0.983,0.967,0.975,0.946,0.99,0.973,0.978
4,A1_1,0.982,1.0,0.965,0.974,0.966,0.967,0.969,0.963,0.974,0.972,0.975,0.964,0.949,0.986,0.982,0.976
4,A1_2,0.978,0.965,1.0,0.975,0.987,0.961,0.968,0.974,0.964,0.974,0.962,0.976,0.953,0.976,0.974,0.948
4,A1_3,0.982,0.974,0.975,1.0,0.981,0.949,0.97,0.97,0.962,0.988,0.986,0.976,0.943,0.984,0.973,0.978
4,B1_1,0.98,0.966,0.987,0.981,1.0,0.963,0.974,0.98,0.964,0.967,0.966,0.975,0.967,0.979,0.975,0.956
4,B1_2,0.961,0.967,0.961,0.949,0.963,1.0,0.982,0.983,0.96,0.941,0.943,0.935,0.968,0.971,0.985,0.953
4,B1_3,0.978,0.969,0.968,0.97,0.974,0.982,1.0,0.986,0.955,0.959,0.956,0.94,0.947,0.971,0.982,0.954
4,A2_1,0.973,0.963,0.974,0.97,0.98,0.983,0.986,1.0,0.951,0.949,0.967,0.944,0.962,0.966,0.981,0.951
4,A2_2,0.96,0.974,0.964,0.962,0.964,0.96,0.955,0.951,1.0,0.959,0.951,0.953,0.976,0.973,0.97,0.967
4,A2_3,0.983,0.972,0.974,0.988,0.967,0.941,0.959,0.949,0.959,1.0,0.965,0.988,0.925,0.988,0.969,0.973
4,B2_1,0.967,0.975,0.962,0.986,0.966,0.943,0.956,0.967,0.951,0.965,1.0,0.957,0.942,0.966,0.975,0.961
4,B2_2,0.975,0.964,0.976,0.976,0.975,0.935,0.94,0.944,0.953,0.988,0.957,1.0,0.934,0.985,0.965,0.959
4,B2_3,0.946,0.949,0.953,0.943,0.967,0.968,0.947,0.962,0.976,0.925,0.942,0.934,1.0,0.958,0.965,0.948
4,y1,0.99,0.986,0.976,0.984,0.979,0.971,0.971,0.966,0.973,0.988,0.966,0.985,0.958,1.0,0.981,0.987
4,y2,0.973,0.982,0.974,0.973,0.975,0.985,0.982,0.981,0.97,0.969,0.975,0.965,0.965,0.981,1.0,0.959
4,y3,0.978,0.976,0.948,0.978,0.956,0.953,0.954,0.951,0.967,0.973,0.961,0.959,0.948,0.987,0.959,1.0
5,.,1.0,0.983,0.98,0.984,0.981,0.963,0.98,0.975,0.962,0.984,0.969,0.976,0.948,0.99,0.975,0.978
5,A1_1,0.983,1.0,0.967,0.976,0.967,0.969,0.971,0.965,0.975,0.973,0.977,0.965,0.951,0.986,0.983,0.977
5,A1_2,0.98,0.967,1.0,0.976,0.987,0.963,0.97,0.975,0.965,0.976,0.964,0.977,0.956,0.977,0.975,0.95
5,A1_3,0.984,0.976,0.976,1.0,0.982,0.952,0.972,0.972,0.964,0.988,0.987,0.977,0.946,0.985,0.975,0.979
5,B1_1,0.981,0.967,0.987,0.982,1.0,0.965,0.976,0.981,0.966,0.968,0.968,0.976,0.969,0.98,0.976,0.957
5,B1_2,0.963,0.969,0.963,0.952,0.965,1.0,0.983,0.984,0.962,0.944,0.946,0.938,0.97,0.973,0.985,0.956
5,B1_3,0.98,0.971,0.97,0.972,0.976,0.983,1.0,0.987,0.958,0.961,0.959,0.944,0.95,0.972,0.983,0.957
5,A2_1,0.975,0.965,0.975,0.972,0.981,0.984,0.987,1.0,0.953,0.952,0.969,0.947,0.964,0.968,0.982,0.953
5,A2_2,0.962,0.975,0.965,0.964,0.966,0.962,0.958,0.953,1.0,0.961,0.954,0.956,0.978,0.974,0.972,0.968
5,A2_3,0.984,0.973,0.976,0.988,0.968,0.944,0.961,0.952,0.961,1.0,0.967,0.988,0.929,0.989,0.971,0.974
5,B2_1,0.969,0.977,0.964,0.987,0.968,0.946,0.959,0.969,0.954,0.967,1.0,0.96,0.945,0.968,0.976,0.963
5,B2_2,0.976,0.965,0.977,0.977,0.976,0.938,0.944,0.947,0.956,0.988,0.96,1.0,0.938,0.986,0.967,0.96
5,B2_3,0.948,0.951,0.956,0.946,0.969,0.97,0.95,0.964,0.978,0.929,0.945,0.938,1.0,0.96,0.967,0.95
5,y1,0.99,0.986,0.977,0.985,0.98,0.973,0.972,0.968,0.974,0.989,0.968,0.986,0.96,1.0,0.982,0.987
5,y2,0.975,0.983,0.975,0.975,0.976,0.985,0.983,0.982,0.972,0.971,0.976,0.967,0.967,0.982,1.0,0.96
5,y3,0.978,0.977,0.95,0.979,0.957,0.956,0.957,0.953,0.968,0.974,0.963,0.96,0.95,0.987,0.96,1.0
6,.,1.0,0.984,0.981,0.985,0.982,0.965,0.981,0.976,0.963,0.985,0.971,0.977,0.951,0.991,0.977,0.979
6,A1_1,0.984,1.0,0.969,0.977,0.968,0.97,0.973,0.966,0.976,0.975,0.978,0.966,0.953,0.987,0.984,0.977
6,A1_2,0.981,0.969,1.0,0.978,0.988,0.964,0.971,0.976,0.967,0.978,0.966,0.979,0.957,0.978,0.977,0.951
6,A1_3,0.985,0.977,0.978,1.0,0.983,0.955,0.973,0.973,0.966,0.989,0.988,0.978,0.949,0.986,0.976,0.979
6,B1_1,0.982,0.968,0.988,0.983,1.0,0.967,0.977,0.982,0.967,0.97,0.97,0.978,0.97,0.981,0.977,0.958
6,B1_2,0.965,0.97,0.964,0.955,0.967,1.0,0.983,0.984,0.963,0.946,0.949,0.941,0.972,0.974,0.986,0.958
6,B1_3,0.981,0.973,0.971,0.973,0.977,0.983,1.0,0.988,0.959,0.963,0.961,0.946,0.953,0.974,0.984,0.958
6,A2_1,0.976,0.966,0.976,0.973,0.982,0.984,0.988,1.0,0.955,0.954,0.971,0.949,0.965,0.969,0.983,0.955
6,A2_2,0.963,0.976,0.967,0.966,0.967,0.963,0.959,0.955,1.0,0.963,0.956,0.957,0.978,0.975,0.973,0.969
6,A2_3,0.985,0.975,0.978,0.989,0.97,0.946,0.963,0.954,0.963,1.0,0.969,0.988,0.932,0.989,0.972,0.974
6,B2_1,0.971,0.978,0.966,0.988,0.97,0.949,0.961,0.971,0.956,0.969,1.0,0.961,0.947,0.969,0.977,0.965
6,B2_2,0.977,0.966,0.979,0.978,0.978,0.941,0.946,0.949,0.957,0.988,0.961,1.0,0.942,0.986,0.969,0.961
6,B2_3,0.951,0.953,0.957,0.949,0.97,0.972,0.953,0.965,0.978,0.932,0.947,0.942,1.0,0.962,0.969,0.952
6,y1,0.991,0.987,0.978,0.986,0.981,0.974,0.974,0.969,0.975,0.989,0.969,0.986,0.962,1.0,0.983,0.988
6,y2,0.977,0.984,0.977,0.976,0.977,0.986,0.984,0.983,0.973,0.972,0.977,0.969,0.969,0.983,1.0,0.962
6,y3,0.979,0.977,0.951,0.979,0.958,0.958,0.958,0.955,0.969,0.974,0.965,0.961,0.952,0.988,0.962,1.0
7,.,1.0,0.985,0.982,0.986,0.982,0.967,0.982,0.977,0.964,0.986,0.973,0.978,0.952,0.991,0.978,0.979
7,A1_1,0.985,1.0,0.97,0.978,0.969,0.971,0.974,0.967,0.977,0.975,0.979,0.967,0.954,0.987,0.984,0.978
7,A1_2,0.982,0.97,1.0,0.978,0.988,0.965,0.972,0.976,0.968,0.979,0.968,0.979,0.958,0.979,0.978,0.952
7,A1_3,0.986,0.978,0.978,1.0,0.983,0.956,0.975,0.974,0.967,0.989,0.988,0.978,0.95,0.986,0.977,0.98
7,B1_1,0.982,0.969,0.988,0.983,1.0,0.968,0.978,0.982,0.968,0.97,0.971,0.979,0.972,0.982,0.978,0.959
7,B1_2,0.967,0.971,0.965,0.956,0.968,1.0,0.984,0.985,0.965,0.948,0.951,0.943,0.973,0.975,0.986,0.959
7,B1_3,0.982,0.974,0.972,0.975,0.978,0.984,1.0,0.988,0.961,0.964,0.962,0.948,0.955,0.975,0.985,0.96
7,A2_1,0.977,0.967,0.976,0.974,0.982,0.985,0.988,1.0,0.956,0.956,0.972,0.951,0.966,0.97,0.983,0.956
7,A2_2,0.964,0.977,0.968,0.967,0.968,0.965,0.961,0.956,1.0,0.964,0.958,0.959,0.979,0.975,0.975,0.969
7,A2_3,0.986,0.975,0.979,0.989,0.97,0.948,0.964,0.956,0.964,1.0,0.97,0.988,0.934,0.989,0.973,0.974
7,B2_1,0.973,0.979,0.968,0.988,0.971,0.951,0.962,0.972,0.958,0.97,1.0,0.963,0.949,0.97,0.978,0.966
7,B2_2,0.978,0.967,0.979,0.978,0.979,0.943,0.948,0.951,0.959,0.988,0.963,1.0,0.944,0.986,0.97,0.961
7,B2_3,0.952,0.954,0.958,0.95,0.972,0.973,0.955,0.966,0.979,0.934,0.949,0.944,1.0,0.964,0.97,0.954
7,y1,0.991,0.987,0.979,0.986,0.982,0.975,0.975,0.97,0.975,0.989,0.97,0.986,0.964,1.0,0.983,0.988
7,y2,0.978,0.984,0.978,0.977,0.978,0.986,0.985,0.983,0.975,0.973,0.978,0.97,0.97,0.983,1.0,0.963
7,y3,0.979,0.978,0.952,0.98,0.959,0.959,0.96,0.956,0.969,0.974,0.966,0.961,0.954,0.988,0.963,1.0
8,.,1.0,0.985,0.983,0.986,0.982,0.968,0.983,0.978,0.964,0.986,0.975,0.978,0.953,0.991,0.978,0.979
8,A1_1,0.985,1.0,0.971,0.979,0.97,0.972,0.975,0.968,0.977,0.976,0.98,0.968,0.955,0.987,0.985,0.978
8,A1_2,0.983,0.971,1.0,0.979,0.988,0.966,0.974,0.977,0.969,0.979,0.969,0.98,0.959,0.979,0.979,0.953
8,A1_3,0.986,0.979,0.979,1.0,0.983,0.958,0.976,0.975,0.968,0.99,0.989,0.979,0.952,0.986,0.978,0.98
8,B1_1,0.982,0.97,0.988,0.983,1.0,0.969,0.978,0.983,0.969,0.971,0.972,0.98,0.973,0.982,0.979,0.959
8,B1_2,0.968,0.972,0.966,0.958,0.969,1.0,0.985,0.985,0.966,0.949,0.952,0.945,0.974,0.976,0.986,0.96
8,B1_3,0.983,0.975,0.974,0.976,0.978,0.985,1.0,0.989,0.963,0.965,0.964,0.95,0.956,0.976,0.985,0.961
8,A2_1,0.978,0.968,0.977,0.975,0.983,0.985,0.989,1.0,0.957,0.957,0.973,0.953,0.967,0.971,0.984,0.957
8,A2_2,0.964,0.977,0.969,0.968,0.969,0.966,0.963,0.957,1.0,0.965,0.959,0.96,0.98,0.976,0.976,0.97
8,A2_3,0.986,0.976,0.979,0.99,0.971,0.949,0.965,0.957,0.965,1.0,0.971,0.988,0.936,0.989,0.974,0.974
8,B2_1,0.975,0.98,0.969,0.989,0.972,0.952,0.964,0.973,0.959,0.971,1.0,0.964,0.951,0.971,0.979,0.966
8,B2_2,0.978,0.968,0.98,0.979,0.98,0.945,0.95,0.953,0.96,0.988,0.964,1.0,0.946,0.986,0.971,0.961
8,B2_3,0.953,0.955,0.959,0.952,0.973,0.974,0.956,0.967,0.98,0.936,0.951,0.946,1.0,0.965,0.971,0.954
8,y1,0.991,0.987,0.979,0.986,0.982,0.976,0.976,0.971,0.976,0.989,0.971,0.986,0.965,1.0,0.984,0.988
8,y2,0.978,0.985,0.979,0.978,0.979,0.986,0.985,0.984,0.976,0.974,0.979,0.971,0.971,0.984,1.0,0.964
8,y3,0.979,0.978,0.953,0.98,0.959,0.96,0.961,0.957,0.97,0.974,0.966,0.961,0.954,0.988,0.964,1.0
9,.,1.0,0.986,0.983,0.987,0.982,0.968,0.983,0.978,0.965,0.986,0.976,0.978,0.953,0.991,0.979,0.979
9,A1_1,0.986,1.0,0.972,0.979,0.97,0.972,0.975,0.968,0.978,0.977,0.98,0.968,0.956,0.987,0.985,0.978
9,A1_2,0.983,0.972,1.0,0.98,0.988,0.967,0.974,0.977,0.969,0.98,0.971,0.981,0.96,0.979,0.979,0.953
9,A1_3,0.987,0.979,0.98,1.0,0.983,0.959,0.976,0.976,0.969,0.99,0.989,0.979,0.953,0.987,0.978,0.98
9,B1_1,0.982,0.97,0.988,0.983,1.0,0.97,0.979,0.983,0.969,0.971,0.973,0.98,0.973,0.982,0.979,0.959
9,B1_2,0.968,0.972,0.967,0.959,0.97,1.0,0.985,0.986,0.967,0.95,0.953,0.946,0.975,0.977,0.987,0.961
9,B1_3,0.983,0.975,0.974,0.976,0.979,0.985,1.0,0.989,0.964,0.966,0.965,0.951,0.958,0.976,0.986,0.961
9,A2_1,0.978,0.968,0.977,0.976,0.983,0.986,0.989,1.0,0.958,0.958,0.974,0.954,0.967,0.971,0.984,0.957
9,A2_2,0.965,0.978,0.969,0.969,0.969,0.967,0.964,0.958,1.0,0.965,0.961,0.961,0.98,0.977,0.976,0.97
9,A2_3,0.986,0.977,0.98,0.99,0.971,0.95,0.966,0.958,0.965,1.0,0.972,0.988,0.937,0.989,0.974,0.974
9,B2_1,0.976,0.98,0.971,0.989,0.973,0.953,0.965,0.974,0.961,0.972,1.0,0.965,0.952,0.972,0.979,0.967
9,B2_2,0.978,0.968,0.981,0.979,0.98,0.946,0.951,0.954,0.961,0.988,0.965,1.0,0.948,0.986,0.972,0.961
9,B2_3,0.953,0.956,0.96,0.953,0.973,0.975,0.958,0.967,0.98,0.937,0.952,0.948,1.0,0.966,0.972,0.955
9,y1,0.991,0.987,0.979,0.987,0.982,0.977,0.976,0.971,0.977,0.989,0.972,0.986,0.966,1.0,0.984,0.988
9,y2,0.979,0.985,0.979,0.978,0.979,0.987,0.986,0.984,0.976,0.974,0.979,0.972,0.972,0.984,1.0,0.964
9,y3,0.979,0.978,0.953,0.98,0.959,0.961,0.961,0.957,0.97,0.974,0.967,0.961,0.955,0.988,0.964,1.0
10,.,1.0,0.986,0.983,0.987,0.981,0.968,0.984,0.978,0.965,0.987,0.976,0.978,0.953,0.991,0.979,0.979
10,A1_1,0.986,1.0,0.972,0.979,0.97,0.972,0.976,0.969,0.978,0.977,0.98,0.968,0.956,0.987,0.985,0.978
10,A1_2,0.983,0.972,1.0,0.98,0.988,0.967,0.975,0.977,0.969,0.98,0.971,0.981,0.96,0.979,0.98,0.953
10,A1_3,0.987,0.979,0.98,1.0,0.983,0.959,0.977,0.976,0.969,0.99,0.989,0.979,0.953,0.987,0.979,0.98
10,B1_1,0.981,0.97,0.988,0.983,1.0,0.971,0.979,0.983,0.97,0.971,0.973,0.981,0.974,0.982,0.98,0.959
10,B1_2,0.968,0.972,0.967,0.959,0.971,1.0,0.985,0.986,0.967,0.95,0.954,0.947,0.975,0.977,0.987,0.961
10,B1_3,0.984,0.976,0.975,0.977,0.979,0.985,1.0,0.99,0.965,0.966,0.966,0.952,0.959,0.977,0.986,0.962
10,A2_1,0.978,0.969,0.977,0.976,0.983,0.986,0.99,1.0,0.959,0.958,0.974,0.954,0.968,0.972,0.984,0.957
10,A2_2,0.965,0.978,0.969,0.969,0.97,0.967,0.965,0.959,1.0,0.966,0.961,0.961,0.98,0.977,0.977,0.97
10,A2_3,0.987,0.977,0.98,0.99,0.971,0.95,0.966,0.958,0.966,1.0,0.972,0.988,0.937,0.988,0.975,0.974
10,B2_1,0.976,0.98,0.971,0.989,0.973,0.954,0.966,0.974,0.961,0.972,1.0,0.966,0.953,0.972,0.98,0.967
10,B2_2,0.978,0.968,0.981,0.979,0.981,0.947,0.952,0.954,0.961,0.988,0.966,1.0,0.949,0.986,0.972,0.961
10,B2_3,0.953,0.956,0.96,0.953,0.974,0.975,0.959,0.968,0.98,0.937,0.953,0.949,1.0,0.966,0.973,0.955
10,y1,0.991,0.987,0.979,0.987,0.982,0.977,0.977,0.972,0.977,0.988,0.972,0.986,0.966,1.0,0.984,0.988
10,y2,0.979,0.985,0.98,0.979,0.98,0.987,0.986,0.984,0.977,0.975,0.98,0.972,0.973,0.984,1.0,0.964
10,y3,0.979,0.978,0.953,0.98,0.959,0.961,0.962,0.957,0.97,0.974,0.967,0.961,0.955,0.988,0.964,1.0
11,.,1.0,0.986,0.983,0.987,0.981,0.969,0.984,0.978,0.965,0.987,0.977,0.978,0.952,0.991,0.979,0.979
11,A1_1,0.986,1.0,0.972,0.98,0.969,0.972,0.976,0.969,0.978,0.977,0.981,0.968,0.955,0.987,0.985,0.978
11,A1_2,0.983,0.972,1.0,0.98,0.988,0.968,0.976,0.977,0.969,0.98,0.972,0.981,0.96,0.979,0.98,0.952
11,A1_3,0.987,0.98,0.98,1.0,0.983,0.96,0.977,0.977,0.969,0.99,0.989,0.979,0.953,0.987,0.979,0.979
11,B1_1,0.981,0.969,0.988,0.983,1.0,0.971,0.98,0.983,0.97,0.971,0.973,0.981,0.974,0.982,0.98,0.958
11,B1_2,0.969,0.972,0.968,0.96,0.971,1.0,0.986,0.986,0.968,0.95,0.955,0.948,0.976,0.977,0.987,0.962
11,B1_3,0.984,0.976,0.976,0.977,0.98,0.986,1.0,0.99,0.965,0.967,0.967,0.953,0.959,0.977,0.986,0.962
11,A2_1,0.978,0.969,0.977,0.977,0.983,0.986,0.99,1.0,0.959,0.958,0.975,0.955,0.968,0.972,0.985,0.957
11,A2_2,0.965,0.978,0.969,0.969,0.97,0.968,0.965,0.959,1.0,0.966,0.962,0.962,0.98,0.977,0.978,0.971
11,A2_3,0.987,0.977,0.98,0.99,0.971,0.95,0.967,0.958,0.966,1.0,0.972,0.988,0.937,0.988,0.975,0.974
11,B2_1,0.977,0.981,0.972,0.989,0.973,0.955,0.967,0.975,0.962,0.972,1.0,0.966,0.954,0.972,0.98,0.967
11,B2_2,0.978,0.968,0.981,0.979,0.981,0.948,0.953,0.955,0.962,0.988,0.966,1.0,0.95,0.986,0.973,0.961
11,B2_3,0.952,0.955,0.96,0.953,0.974,0.976,0.959,0.968,0.98,0.937,0.954,0.95,1.0,0.966,0.974,0.955
11,y1,0.991,0.987,0.979,0.987,0.982,0.977,0.977,0.972,0.977,0.988,0.972,0.986,0.966,1.0,0.984,0.988
11,y2,0.979,0.985,0.98,0.979,0.98,0.987,0.986,0.985,0.978,0.975,0.98,0.973,0.974,0.984,1.0,0.964
11,y3,0.979,0.978,0.952,0.979,0.958,0.962,0.962,0.957,0.971,0.974,0.967,0.961,0.955,0.988,0.964,1.0
12,.,1.0,0.986,0.983,0.987,0.98,0.968,0.984,0.978,0.964,0.987,0.977,0.977,0.951,0.991,0.979,0.978
12,A1_1,0.986,1.0,0.972,0.98,0.969,0.972,0.976,0.969,0.978,0.977,0.981,0.968,0.955,0.987,0.985,0.978
12,A1_2,0.983,0.972,1.0,0.98,0.988,0.968,0.976,0.977,0.969,0.98,0.972,0.981,0.959,0.979,0.98,0.952
12,A1_3,0.987,0.98,0.98,1.0,0.983,0.96,0.978,0.977,0.97,0.99,0.989,0.979,0.953,0.986,0.979,0.979
12,B1_1,0.98,0.969,0.988,0.983,1.0,0.971,0.98,0.983,0.97,0.97,0.974,0.981,0.974,0.982,0.98,0.958
12,B1_2,0.968,0.972,0.968,0.96,0.971,1.0,0.986,0.986,0.968,0.95,0.955,0.948,0.976,0.977,0.987,0.961
12,B1_3,0.984,0.976,0.976,0.978,0.98,0.986,1.0,0.99,0.966,0.967,0.967,0.953,0.96,0.977,0.987,0.962
12,A2_1,0.978,0.969,0.977,0.977,0.983,0.986,0.99,1.0,0.959,0.958,0.975,0.955,0.968,0.972,0.985,0.957
12,A2_2,0.964,0.978,0.969,0.97,0.97,0.968,0.966,0.959,1.0,0.966,0.963,0.962,0.98,0.977,0.978,0.97
12,A2_3,0.987,0.977,0.98,0.99,0.97,0.95,0.967,0.958,0.966,1.0,0.972,0.987,0.936,0.988,0.974,0.973
12,B2_1,0.977,0.981,0.972,0.989,0.974,0.955,0.967,0.975,0.963,0.972,1.0,0.967,0.954,0.973,0.98,0.967
12,B2_2,0.977,0.968,0.981,0.979,0.981,0.948,0.953,0.955,0.962,0.987,0.967,1.0,0.95,0.986,0.973,0.96
12,B2_3,0.951,0.955,0.959,0.953,0.974,0.976,0.96,0.968,0.98,0.936,0.954,0.95,1.0,0.966,0.974,0.955
12,y1,0.991,0.987,0.979,0.986,0.982,0.977,0.977,0.972,0.977,0.988,0.973,0.986,0.966,1.0,0.984,0.988
12,y2,0.979,0.985,0.98,0.979,0.98,0.987,0.987,0.985,0.978,0.974,0.98,0.973,0.974,0.984,1.0,0.964
12,y3,0.978,0.978,0.952,0.979,0.958,0.961,0.962,0.957,0.97,0.973,0.967,0.96,0.955,0.988,0.964,1.0
13,.,1.0,0.986,0.983,0.987,0.979,0.968,0.984,0.978,0.964,0.987,0.977,0.977,0.949,0.99,0.979,0.978
13,A1_1,0.986,1.0,0.972,0.98,0.968,0.972,0.976,0.968,0.978,0.977,0.981,0.967,0.954,0.987,0.985,0.978
13,A1_2,0.983,0.972,1.0,0.98,0.987,0.967,0.976,0.977,0.969,0.98,0.973,0.981,0.959,0.979,0.98,0.951
13,A1_3,0.987,0.98,0.98,1.0,0.983,0.96,0.978,0.977,0.97,0.99,0.989,0.979,0.953,0.986,0.979,0.979
13,B1_1,0.979,0.968,0.987,0.983,1.0,0.971,0.98,0.983,0.97,0.969,0.974,0.981,0.975,0.981,0.98,0.957
13,B1_2,0.968,0.972,0.967,0.96,0.971,1.0,0.986,0.986,0.968,0.949,0.955,0.948,0.976,0.977,0.987,0.961
13,B1_3,0.984,0.976,0.976,0.978,0.98,0.986,1.0,0.99,0.966,0.966,0.968,0.954,0.96,0.978,0.987,0.961
13,A2_1,0.978,0.968,0.977,0.977,0.983,0.986,0.99,1.0,0.959,0.957,0.975,0.955,0.968,0.971,0.985,0.956
13,A2_2,0.964,0.978,0.969,0.97,0.97,0.968,0.966,0.959,1.0,0.965,0.963,0.962,0.979,0.977,0.978,0.97
13,A2_3,0.987,0.977,0.98,0.99,0.969,0.949,0.966,0.957,0.965,1.0,0.972,0.987,0.935,0.987,0.974,0.972
13,B2_1,0.977,0.981,0.973,0.989,0.974,0.955,0.968,0.975,0.963,0.972,1.0,0.967,0.954,0.973,0.98,0.966
13,B2_2,0.977,0.967,0.981,0.979,0.981,0.948,0.954,0.955,0.962,0.987,0.967,1.0,0.951,0.986,0.973,0.959
13,B2_3,0.949,0.954,0.959,0.953,0.975,0.976,0.96,0.968,0.979,0.935,0.954,0.951,1.0,0.966,0.974,0.954
13,y1,0.99,0.987,0.979,0.986,0.981,0.977,0.978,0.971,0.977,0.987,0.973,0.986,0.966,1.0,0.984,0.988
13,y2,0.979,0.985,0.98,0.979,0.98,0.987,0.987,0.985,0.978,0.974,0.98,0.973,0.974,0.984,1.0,0.964
13,y3,0.978,0.978,0.951,0.979,0.957,0.961,0.961,0.956,0.97,0.972,0.966,0.959,0.954,0.988,0.964,1.0
14,.,1.0,0.986,0.983,0.987,0.977,0.966,0.983,0.977,0.963,0.987,0.977,0.976,0.947,0.99,0.978,0.977
14,A1_1,0.986,1.0,0.972,0.979,0.967,0.971,0.976,0.968,0.977,0.977,0.981,0.967,0.952,0.987,0.984,0.977
14,A1_2,0.983,0.972,1.0,0.98,0.987,0.967,0.977,0.977,0.969,0.98,0.973,0.981,0.958,0.978,0.98,0.949
14,A1_3,0.987,0.979,0.98,1.0,0.982,0.959,0.978,0.976,0.97,0.99,0.989,0.979,0.952,0.986,0.979,0.978
14,B1_1,0.977,0.967,0.987,0.982,1.0,0.971,0.98,0.983,0.969,0.968,0.974,0.981,0.975,0.981,0.98,0.955
14,B1_2,0.966,0.971,0.967,0.959,0.971,1.0,0.986,0.986,0.968,0.948,0.955,0.948,0.976,0.977,0.987,0.96
14,B1_3,0.983,0.976,0.977,0.978,0.98,0.986,1.0,0.991,0.967,0.966,0.968,0.954,0.961,0.977,0.987,0.961
14,A2_1,0.977,0.968,0.977,0.976,0.983,0.986,0.991,1.0,0.959,0.956,0.975,0.955,0.968,0.971,0.985,0.955
14,A2_2,0.963,0.977,0.969,0.97,0.969,0.968,0.967,0.959,1.0,0.965,0.963,0.962,0.979,0.977,0.979,0.97
14,A2_3,0.987,0.977,0.98,0.99,0.968,0.948,0.966,0.956,0.965,1.0,0.972,0.986,0.933,0.987,0.973,0.971
14,B2_1,0.977,0.981,0.973,0.989,0.974,0.955,0.968,0.975,0.963,0.972,1.0,0.967,0.954,0.972,0.981,0.966
14,B2_2,0.976,0.967,0.981,0.979,0.981,0.948,0.954,0.955,0.962,0.986,0.967,1.0,0.951,0.985,0.973,0.959
14,B2_3,0.947,0.952,0.958,0.952,0.975,0.976,0.961,0.968,0.979,0.933,0.954,0.951,1.0,0.965,0.974,0.953
14,y1,0.99,0.987,0.978,0.986,0.981,0.977,0.977,0.971,0.977,0.987,0.972,0.985,0.965,1.0,0.984,0.988
14,y2,0.978,0.984,0.98,0.979,0.98,0.987,0.987,0.985,0.979,0.973,0.981,0.973,0.974,0.984,1.0,0.963
14,y3,0.977,0.977,0.949,0.978,0.955,0.96,0.961,0.955,0.97,0.971,0.966,0.959,0.953,0.988,0.963,1.0
15,.,1.0,0.986,0.982,0.987,0.976,0.965,0.983,0.976,0.962,0.986,0.977,0.974,0.945,0.989,0.977,0.976
15,A1_1,0.986,1.0,0.972,0.979,0.966,0.97,0.975,0.967,0.977,0.976,0.98,0.966,0.951,0.987,0.984,0.977
15,A1_2,0.982,0.972,1.0,0.98,0.987,0.967,0.977,0.977,0.968,0.979,0.973,0.981,0.956,0.978,0.98,0.948
15,A1_3,0.987,0.979,0.98,1.0,0.981,0.959,0.978,0.976,0.969,0.99,0.989,0.979,0.951,0.986,0.979,0.977
15,B1_1,0.976,0.966,0.987,0.981,1.0,0.971,0.98,0.983,0.969,0.967,0.974,0.981,0.975,0.98,0.98,0.954
15,B1_2,0.965,0.97,0.967,0.959,0.971,1.0,0.986,0.986,0.968,0.946,0.955,0.948,0.976,0.976,0.987,0.959
15,B1_3,0.983,0.975,0.977,0.978,0.98,0.986,1.0,0.991,0.967,0.965,0.968,0.954,0.961,0.977,0.987,0.96
15,A2_1,0.976,0.967,0.977,0.976,0.983,0.986,0.991,1.0,0.958,0.955,0.975,0.955,0.967,0.97,0.985,0.954
15,A2_2,0.962,0.977,0.968,0.969,0.969,0.968,0.967,0.958,1.0,0.964,0.963,0.962,0.978,0.977,0.979,0.969
15,A2_3,0.986,0.976,0.979,0.99,0.967,0.946,0.965,0.955,0.964,1.0,0.971,0.985,0.931,0.986,0.972,0.97
15,B2_1,0.977,0.98,0.973,0.989,0.974,0.955,0.968,0.975,0.963,0.971,1.0,0.967,0.954,0.972,0.981,0.965
15,B2_2,0.974,0.966,0.981,0.979,0.981,0.948,0.954,0.955,0.962,0.985,0.967,1.0,0.95,0.985,0.972,0.957
15,B2_3,0.945,0.951,0.956,0.951,0.975,0.976,0.961,0.967,0.978,0.931,0.954,0.95,1.0,0.964,0.974,0.952
15,y1,0.989,0.987,0.978,0.986,0.98,0.976,0.977,0.97,0.977,0.986,0.972,0.985,0.964,1.0,0.984,0.987
15,y2,0.977,0.984,0.98,0.979,0.98,0.987,0.987,0.985,0.979,0.972,0.981,0.972,0.974,0.984,1.0,0.963
15,y3,0.976,0.977,0.948,0.977,0.954,0.959,0.96,0.954,0.969,0.97,0.965,0.957,0.952,0.987,0.963,1.0
16,.,1.0,0.986,0.981,0.986,0.974,0.964,0.982,0.975,0.961,0.986,0.976,0.973,0.942,0.989,0.976,0.975
16,A1_1,0.986,1.0,0.971,0.979,0.965,0.969,0.975,0.966,0.977,0.976,0.98,0.965,0.949,0.986,0.983,0.976
16,A1_2,0.981,0.971,1.0,0.98,0.986,0.966,0.977,0.976,0.967,0.979,0.973,0.98,0.955,0.977,0.98,0.946
16,A1_3,0.986,0.979,0.98,1.0,0.981,0.958,0.978,0.976,0.969,0.989,0.989,0.979,0.95,0.985,0.979,0.976
16,B1_1,0.974,0.965,0.986,0.981,1.0,0.971,0.98,0.982,0.968,0.965,0.974,0.981,0.974,0.979,0.98,0.952
16,B1_2,0.964,0.969,0.966,0.958,0.971,1.0,0.986,0.986,0.967,0.945,0.955,0.948,0.976,0.976,0.987,0.958
16,B1_3,0.982,0.975,0.977,0.978,0.98,0.986,1.0,0.991,0.967,0.964,0.968,0.954,0.961,0.977,0.987,0.959
16,A2_1,0.975,0.966,0.976,0.976,0.982,0.986,0.991,1.0,0.958,0.954,0.975,0.955,0.967,0.97,0.985,0.953
16,A2_2,0.961,0.977,0.967,0.969,0.968,0.967,0.967,0.958,1.0,0.964,0.963,0.961,0.977,0.977,0.979,0.968
16,A2_3,0.986,0.976,0.979,0.989,0.965,0.945,0.964,0.954,0.964,1.0,0.97,0.984,0.928,0.986,0.971,0.969
16,B2_1,0.976,0.98,0.973,0.989,0.974,0.955,0.968,0.975,0.963,0.97,1.0,0.967,0.954,0.972,0.981,0.964
16,B2_2,0.973,0.965,0.98,0.979,0.981,0.948,0.954,0.955,0.961,0.984,0.967,1.0,0.95,0.984,0.972,0.956
16,B2_3,0.942,0.949,0.955,0.95,0.974,0.976,0.961,0.967,0.977,0.928,0.954,0.95,1.0,0.963,0.974,0.95
16,y1,0.989,0.986,0.977,0.985,0.979,0.976,0.977,0.97,0.977,0.986,0.972,0.984,0.963,1.0,0.983,0.987
16,y2,0.976,0.983,0.98,0.979,0.98,0.987,0.987,0.985,0.979,0.971,0.981,0.972,0.974,0.983,1.0,0.962
16,y3,0.975,0.976,0.946,0.976,0.952,0.958,0.959,0.953,0.968,0.969,0.964,0.956,0.95,0.987,0.962,1.0
17,.,1.0,0.985,0.98,0.986,0.971,0.962,0.981,0.973,0.959,0.986,0.975,0.971,0.938,0.988,0.975,0.973
17,A1_1,0.985,1.0,0.97,0.979,0.963,0.968,0.974,0.965,0.976,0.975,0.98,0.964,0.947,0.986,0.983,0.975
17,A1_2,0.98,0.97,1.0,0.979,0.985,0.965,0.977,0.976,0.967,0.978,0.973,0.98,0.953,0.976,0.979,0.944
17,A1_3,0.986,0.979,0.979,1.0,0.98,0.957,0.978,0.975,0.969,0.989,0.989,0.978,0.948,0.985,0.978,0.976
17,B1_1,0.971,0.963,0.985,0.98,1.0,0.971,0.98,0.982,0.968,0.963,0.973,0.981,0.974,0.978,0.98,0.95
17,B1_2,0.962,0.968,0.965,0.957,0.971,1.0,0.986,0.985,0.967,0.943,0.955,0.947,0.976,0.975,0.987,0.957
17,B1_3,0.981,0.974,0.977,0.978,0.98,0.986,1.0,0.991,0.967,0.963,0.969,0.954,0.961,0.977,0.987,0.958
17,A2_1,0.973,0.965,0.976,0.975,0.982,0.985,0.991,1.0,0.957,0.953,0.975,0.954,0.966,0.969,0.985,0.951
17,A2_2,0.959,0.976,0.967,0.969,0.968,0.967,0.967,0.957,1.0,0.963,0.963,0.961,0.976,0.977,0.979,0.968
17,A2_3,0.986,0.975,0.978,0.989,0.963,0.943,0.963,0.953,0.963,1.0,0.969,0.983,0.925,0.985,0.97,0.967
17,B2_1,0.975,0.98,0.973,0.989,0.973,0.955,0.969,0.975,0.963,0.969,1.0,0.967,0.953,0.971,0.981,0.963
17,B2_2,0.971,0.964,0.98,0.978,0.981,0.947,0.954,0.954,0.961,0.983,0.967,1.0,0.95,0.984,0.972,0.955
17,B2_3,0.938,0.947,0.953,0.948,0.974,0.976,0.961,0.966,0.976,0.925,0.953,0.95,1.0,0.962,0.974,0.948
17,y1,0.988,0.986,0.976,0.985,0.978,0.975,0.977,0.969,0.977,0.985,0.971,0.984,0.962,1.0,0.983,0.987
17,y2,0.975,0.983,0.979,0.978,0.98,0.987,0.987,0.985,0.979,0.97,0.981,0.972,0.974,0.983,1.0,0.961
17,y3,0.973,0.975,0.944,0.976,0.95,0.957,0.958,0.951,0.968,0.967,0.963,0.955,0.948,0.987,0.961,1.0
18,.,1.0,0.985,0.979,0.985,0.968,0.959,0.98,0.972,0.958,0.985,0.974,0.969,0.933,0.987,0.973,0.972
18,A1_1,0.985,1.0,0.97,0.978,0.961,0.966,0.973,0.963,0.976,0.975,0.979,0.963,0.944,0.985,0.982,0.974
18,A1_2,0.979,0.97,1.0,0.979,0.985,0.964,0.977,0.975,0.966,0.977,0.972,0.979,0.952,0.975,0.979,0.942
18,A1_3,0.985,0.978,0.979,1.0,0.979,0.956,0.977,0.975,0.969,0.988,0.989,0.978,0.947,0.985,0.978,0.975
18,B1_1,0.968,0.961,0.985,0.979,1.0,0.971,0.98,0.982,0.967,0.961,0.973,0.981,0.974,0.976,0.979,0.948
18,B1_2,0.959,0.966,0.964,0.956,0.971,1.0,0.986,0.985,0.966,0.94,0.954,0.947,0.976,0.974,0.986,0.956
18,B1_3,0.98,0.973,0.977,0.977,0.98,0.986,1.0,0.991,0.968,0.962,0.969,0.953,0.96,0.977,0.987,0.957
18,A2_1,0.972,0.963,0.975,0.975,0.982,0.985,0.991,1.0,0.956,0.951,0.975,0.954,0.965,0.968,0.984,0.95
18,A2_2,0.958,0.976,0.966,0.969,0.967,0.966,0.968,0.956,1.0,0.962,0.963,0.96,0.975,0.976,0.979,0.967
18,A2_3,0.985,0.975,0.977,0.988,0.961,0.94,0.962,0.951,0.962,1.0,0.968,0.982,0.922,0.984,0.968,0.966
18,B2_1,0.974,0.979,0.972,0.989,0.973,0.954,0.969,0.975,0.963,0.968,1.0,0.967,0.953,0.97,0.981,0.962
18,B2_2,0.969,0.963,0.979,0.978,0.981,0.947,0.953,0.954,0.96,0.982,0.967,1.0,0.949,0.983,0.971,0.953
18,B2_3,0.933,0.944,0.952,0.947,0.974,0.976,0.96,0.965,0.975,0.922,0.953,0.949,1.0,0.96,0.973,0.946
18,y1,0.987,0.985,0.975,0.985,0.976,0.974,0.977,0.968,0.976,0.984,0.97,0.983,0.96,1.0,0.982,0.986
18,y2,0.973,0.982,0.979,0.978,0.979,0.986,0.987,0.984,0.979,0.968,0.981,0.971,0.973,0.982,1.0,0.96
18,y3,0.972,0.974,0.942,0.975,0.948,0.956,0.957,0.95,0.967,0.966,0.962,0.953,0.946,0.986,0.96,1.0
19,.,1.0,0.984,0.978,0.984,0.965,0.956,0.978,0.969,0.956,0.985,0.973,0.966,0.928,0.986,0.971,0.97
19,A1_1,0.984,1.0,0.969,0.977,0.959,0.964,0.972,0.962,0.975,0.974,0.978,0.962,0.941,0.985,0.981,0.973
19,A1_2,0.978,0.969,1.0,0.978,0.984,0.963,0.977,0.975,0.965,0.976,0.972,0.979,0.949,0.974,0.978,0.939
19,A1_3,0.984,0.977,0.978,1.0,0.978,0.955,0.977,0.974,0.968,0.988,0.989,0.977,0.945,0.984,0.977,0.973
19,B1_1,0.965,0.959,0.984,0.978,1.0,0.971,0.98,0.982,0.966,0.958,0.973,0.981,0.974,0.975,0.979,0.945
19,B1_2,0.956,0.964,0.963,0.955,0.971,1.0,0.986,0.985,0.966,0.937,0.954,0.946,0.976,0.973,0.986,0.954
19,B1_3,0.978,0.972,0.977,0.977,0.98,0.986,1.0,0.991,0.968,0.96,0.969,0.953,0.96,0.976,0.987,0.955
19,A2_1,0.969,0.962,0.975,0.974,0.982,0.985,0.991,1.0,0.955,0.949,0.975,0.953,0.965,0.967,0.984,0.948
19,A2_2,0.956,0.975,0.965,0.968,0.966,0.966,0.968,0.955,1.0,0.961,0.963,0.96,0.973,0.976,0.979,0.966
19,A2_3,0.985,0.974,0.976,0.988,0.958,0.937,0.96,0.949,0.961,1.0,0.967,0.98,0.918,0.984,0.967,0.964
19,B2_1,0.973,0.978,0.972,0.989,0.973,0.954,0.969,0.975,0.963,0.967,1.0,0.966,0.952,0.97,0.981,0.96
19,B2_2,0.966,0.962,0.979,0.977,0.981,0.946,0.953,0.953,0.96,0.98,0.966,1.0,0.949,0.982,0.971,0.952
19,B2_3,0.928,0.941,0.949,0.945,0.974,0.976,0.96,0.965,0.973,0.918,0.952,0.949,1.0,0.958,0.973,0.943
19,y1,0.986,0.985,0.974,0.984,0.975,0.973,0.976,0.967,0.976,0.984,0.97,0.982,0.958,1.0,0.982,0.986
19,y2,0.971,0.981,0.978,0.977,0.979,0.986,0.987,0.984,0.979,0.967,0.981,0.971,0.973,0.982,1.0,0.958
19,y3,0.97,0.973,0.939,0.973,0.945,0.954,0.955,0.948,0.966,0.964,0.96,0.952,0.943,0.986,0.958,1.0
20,.,1.0,0.984,0.977,0.983,0.96,0.953,0.976,0.967,0.954,0.984,0.971,0.963,0.922,0.985,0.969,0.968
20,A1_1,0.984,1.0,0.968,0.977,0.956,0.962,0.971,0.96,0.974,0.973,0.977,0.96,0.937,0.984,0.98,0.972
20,A1_2,0.977,0.968,1.0,0.978,0.983,0.962,0.977,0.974,0.964,0.975,0.972,0.978,0.947,0.973,0.978,0.936
20,A1_3,0.983,0.977,0.978,1.0,0.976,0.954,0.977,0.973,0.968,0.987,0.988,0.977,0.942,0.983,0.977,0.972
20,B1_1,0.96,0.956,0.983,0.976,1.0,0.97,0.98,0.981,0.964,0.954,0.972,0.98,0.974,0.973,0.979,0.942
20,B1_2,0.953,0.962,0.962,0.954,0.97,1.0,0.986,0.984,0.965,0.934,0.953,0.946,0.976,0.972,0.986,0.952
20,B1_3,0.976,0.971,0.977,0.977,0.98,0.986,1.0,0.992,0.968,0.958,0.969,0.953,0.96,0.975,0.987,0.954
20,A2_1,0.967,0.96,0.974,0.973,0.981,0.984,0.992,1.0,0.954,0.946,0.975,0.953,0.964,0.965,0.984,0.945
20,A2_2,0.954,0.974,0.964,0.968,0.964,0.965,0.968,0.954,1.0,0.959,0.962,0.959,0.971,0.976,0.978,0.965
20,A2_3,0.984,0.973,0.975,0.987,0.954,0.934,0.958,0.946,0.959,1.0,0.965,0.978,0.913,0.983,0.965,0.962
20,B2_1,0.971,0.977,0.972,0.988,0.972,0.953,0.969,0.975,0.962,0.965,1.0,0.966,0.951,0.969,0.981,0.959
20,B2_2,0.963,0.96,0.978,0.977,0.98,0.946,0.953,0.953,0.959,0.978,0.966,1.0,0.948,0.981,0.97,0.95
20,B2_3,0.922,0.937,0.947,0.942,0.974,0.976,0.96,0.964,0.971,0.913,0.951,0.948,1.0,0.956,0.972,0.941
20,y1,0.985,0.984,0.973,0.983,0.973,0.972,0.975,0.965,0.976,0.983,0.969,0.981,0.956,1.0,0.981,0.986
20,y2,0.969,0.98,0.978,0.977,0.979,0.986,0.987,0.984,0.978,0.965,0.981,0.97,0.972,0.981,1.0,0.957
20,y3,0.968,0.972,0.936,0.972,0.942,0.952,0.954,0.945,0.965,0.962,0.959,0.95,0.941,0.986,0.957,1.0
21,.,1.0,0.983,0.975,0.981,0.955,0.948,0.973,0.963,0.951,0.983,0.968,0.959,0.915,0.983,0.966,0.966
21,A1_1,0.983,1.0,0.967,0.976,0.953,0.96,0.969,0.958,0.974,0.972,0.976,0.958,0.933,0.984,0.979,0.97
21,A1_2,0.975,0.967,1.0,0.977,0.981,0.961,0.976,0.973,0.963,0.974,0.971,0.977,0.944,0.971,0.977,0.933
21,A1_3,0.981,0.976,0.977,1.0,0.975,0.952,0.976,0.972,0.967,0.986,0.988,0.976,0.94,0.983,0.976,0.971
21,B1_1,0.955,0.953,0.981,0.975,1.0,0.97,0.98,0.981,0.963,0.95,0.972,0.98,0.973,0.971,0.978,0.939
21,B1_2,0.948,0.96,0.961,0.952,0.97,1.0,0.986,0.984,0.964,0.93,0.952,0.945,0.975,0.971,0.986,0.95
21,B1_3,0.973,0.969,0.976,0.976,0.98,0.986,1.0,0.992,0.967,0.955,0.969,0.952,0.96,0.974,0.987,0.952
21,A2_1,0.963,0.958,0.973,0.972,0.981,0.984,0.992,1.0,0.953,0.943,0.975,0.952,0.963,0.964,0.984,0.943
21,A2_2,0.951,0.974,0.963,0.967,0.963,0.964,0.967,0.953,1.0,0.958,0.962,0.958,0.969,0.975,0.978,0.963
21,A2_3,0.983,0.972,0.974,0.986,0.95,0.93,0.955,0.943,0.958,1.0,0.963,0.976,0.907,0.982,0.962,0.96
21,B2_1,0.968,0.976,0.971,0.988,0.972,0.952,0.969,0.975,0.962,0.963,1.0,0.966,0.95,0.968,0.98,0.957
21,B2_2,0.959,0.958,0.977,0.976,0.98,0.945,0.952,0.952,0.958,0.976,0.966,1.0,0.947,0.98,0.97,0.947
21,B2_3,0.915,0.933,0.944,0.94,0.973,0.975,0.96,0.963,0.969,0.907,0.95,0.947,1.0,0.953,0.971,0.937
21,y1,0.983,0.984,0.971,0.983,0.971,0.971,0.974,0.964,0.975,0.982,0.968,0.98,0.953,1.0,0.98,0.985
21,y2,0.966,0.979,0.977,0.976,0.978,0.986,0.987,0.984,0.978,0.962,0.98,0.97,0.971,0.98,1.0,0.955
21,y3,0.966,0.97,0.933,0.971,0.939,0.95,0.952,0.943,0.963,0.96,0.957,0.947,0.937,0.985,0.955,1.0
22,.,1.0,0.982,0.972,0.98,0.949,0.943,0.969,0.959,0.948,0.982,0.965,0.954,0.906,0.981,0.962,0.963
22,A1_1,0.982,1.0,0.966,0.975,0.949,0.957,0.967,0.956,0.973,0.971,0.975,0.956,0.929,0.983,0.978,0.969
22,A1_2,0.972,0.966,1.0,0.977,0.98,0.959,0.976,0.972,0.962,0.973,0.97,0.976,0.941,0.97,0.976,0.93
22,A1_3,0.98,0.975,0.977,1.0,0.973,0.951,0.975,0.972,0.967,0.985,0.988,0.975,0.937,0.982,0.975,0.969
22,B1_1,0.949,0.949,0.98,0.973,1.0,0.969,0.98,0.98,0.961,0.946,0.971,0.98,0.973,0.968,0.977,0.935
22,B1_2,0.943,0.957,0.959,0.951,0.969,1.0,0.986,0.984,0.963,0.926,0.952,0.944,0.975,0.969,0.986,0.947
22,B1_3,0.969,0.967,0.976,0.975,0.98,0.986,1.0,0.992,0.967,0.952,0.969,0.952,0.959,0.973,0.987,0.95
22,A2_1,0.959,0.956,0.972,0.972,0.98,0.984,0.992,1.0,0.952,0.94,0.975,0.952,0.961,0.962,0.984,0.94
22,A2_2,0.948,0.973,0.962,0.967,0.961,0.963,0.967,0.952,1.0,0.957,0.961,0.957,0.967,0.975,0.978,0.962
22,A2_3,0.982,0.971,0.973,0.985,0.946,0.926,0.952,0.94,0.957,1.0,0.961,0.973,0.901,0.981,0.96,0.958
22,B2_1,0.965,0.975,0.97,0.988,0.971,0.952,0.969,0.975,0.961,0.961,1.0,0.965,0.95,0.966,0.98,0.955
22,B2_2,0.954,0.956,0.976,0.975,0.98,0.944,0.952,0.952,0.957,0.973,0.965,1.0,0.947,0.979,0.969,0.945
22,B2_3,0.906,0.929,0.941,0.937,0.973,0.975,0.959,0.961,0.967,0.901,0.95,0.947,1.0,0.95,0.971,0.933
22,y1,0.981,0.983,0.97,0.982,0.968,0.969,0.973,0.962,0.975,0.981,0.966,0.979,0.95,1.0,0.979,0.985
22,y2,0.962,0.978,0.976,0.975,0.977,0.986,0.987,0.984,0.978,0.96,0.98,0.969,0.971,0.979,1.0,0.954
22,y3,0.963,0.969,0.93,0.969,0.935,0.947,0.95,0.94,0.962,0.958,0.955,0.945,0.933,0.985,0.954,1.0
23,.,1.0,0.981,0.97,0.977,0.941,0.937,0.965,0.955,0.945,0.981,0.961,0.949,0.897,0.979,0.958,0.96
23,A1_1,0.981,1.0,0.964,0.974,0.945,0.954,0.965,0.953,0.972,0.97,0.973,0.953,0.923,0.982,0.976,0.967
23,A1_2,0.97,0.964,1.0,0.976,0.978,0.958,0.975,0.971,0.96,0.971,0.969,0.975,0.937,0.968,0.975,0.926
23,A1_3,0.977,0.974,0.976,1.0,0.971,0.949,0.974,0.971,0.966,0.984,0.987,0.974,0.934,0.981,0.975,0.967
23,B1_1,0.941,0.945,0.978,0.971,1.0,0.969,0.979,0.98,0.959,0.941,0.971,0.979,0.973,0.965,0.976,0.93
23,B1_2,0.937,0.954,0.958,0.949,0.969,1.0,0.986,0.983,0.962,0.922,0.951,0.943,0.975,0.967,0.985,0.944
23,B1_3,0.965,0.965,0.975,0.974,0.979,0.986,1.0,0.992,0.966,0.949,0.969,0.952,0.959,0.972,0.987,0.947
23,A2_1,0.955,0.953,0.971,0.971,0.98,0.983,0.992,1.0,0.95,0.936,0.974,0.951,0.96,0.96,0.983,0.937
23,A2_2,0.945,0.972,0.96,0.966,0.959,0.962,0.966,0.95,1.0,0.955,0.961,0.956,0.964,0.974,0.977,0.961
23,A2_3,0.981,0.97,0.971,0.984,0.941,0.922,0.949,0.936,0.955,1.0,0.958,0.97,0.894,0.98,0.957,0.955
23,B2_1,0.961,0.973,0.969,0.987,0.971,0.951,0.969,0.974,0.961,0.958,1.0,0.965,0.949,0.965,0.98,0.952
23,B2_2,0.949,0.953,0.975,0.974,0.979,0.943,0.952,0.951,0.956,0.97,0.965,1.0,0.946,0.977,0.968,0.942
23,B2_3,0.897,0.923,0.937,0.934,0.973,0.975,0.959,0.96,0.964,0.894,0.949,0.946,1.0,0.946,0.97,0.929
23,y1,0.979,0.982,0.968,0.981,0.965,0.967,0.972,0.96,0.974,0.98,0.965,0.977,0.946,1.0,0.978,0.984
23,y2,0.958,0.976,0.975,0.975,0.976,0.985,0.987,0.983,0.977,0.957,0.98,0.968,0.97,0.978,1.0,0.952
23,y3,0.96,0.967,0.926,0.967,0.93,0.944,0.947,0.937,0.961,0.955,0.952,0.942,0.929,0.984,0.952,1.0
24,.,1.0,0.979,0.967,0.975,0.932,0.93,0.959,0.949,0.941,0.98,0.956,0.942,0.885,0.977,0.952,0.957
24,A1_1,0.979,1.0,0.963,0.973,0.94,0.95,0.962,0.95,0.971,0.969,0.971,0.95,0.917,0.981,0.974,0.965
24,A1_2,0.967,0.963,1.0,0.975,0.976,0.956,0.974,0.97,0.959,0.97,0.968,0.974,0.933,0.967,0.974,0.922
24,A1_3,0.975,0.973,0.975,1.0,0.969,0.947,0.973,0.969,0.965,0.983,0.986,0.973,0.93,0.98,0.974,0.966
24,B1_1,0.932,0.94,0.976,0.969,1.0,0.969,0.979,0.979,0.956,0.934,0.97,0.979,0.972,0.961,0.975,0.925
24,B1_2,0.93,0.95,0.956,0.947,0.969,1.0,0.986,0.983,0.96,0.916,0.95,0.943,0.974,0.965,0.985,0.941
24,B1_3,0.959,0.962,0.974,0.973,0.979,0.986,1.0,0.992,0.966,0.944,0.969,0.951,0.959,0.97,0.987,0.944
24,A2_1,0.949,0.95,0.97,0.969,0.979,0.983,0.992,1.0,0.949,0.932,0.974,0.95,0.959,0.957,0.983,0.934
24,A2_2,0.941,0.971,0.959,0.965,0.956,0.96,0.966,0.949,1.0,0.953,0.96,0.954,0.96,0.973,0.977,0.959
24,A2_3,0.98,0.969,0.97,0.983,0.934,0.916,0.944,0.932,0.953,1.0,0.955,0.966,0.885,0.979,0.953,0.953
24,B2_1,0.956,0.971,0.968,0.986,0.97,0.95,0.969,0.974,0.96,0.955,1.0,0.965,0.947,0.963,0.98,0.95
24,B2_2,0.942,0.95,0.974,0.973,0.979,0.943,0.951,0.95,0.954,0.966,0.965,1.0,0.945,0.975,0.968,0.939
24,B2_3,0.885,0.917,0.933,0.93,0.972,0.974,0.959,0.959,0.96,0.885,0.947,0.945,1.0,0.941,0.969,0.924
24,y1,0.977,0.981,0.967,0.98,0.961,0.965,0.97,0.957,0.973,0.979,0.963,0.975,0.941,1.0,0.977,0.983
24,y2,0.952,0.974,0.974,0.974,0.975,0.985,0.987,0.983,0.977,0.953,0.98,0.968,0.969,0.977,1.0,0.949
24,y3,0.957,0.965,0.922,0.966,0.925,0.941,0.944,0.934,0.959,0.953,0.95,0.939,0.924,0.983,0.949,1.0
25,.,1.0,0.978,0.963,0.971,0.922,0.921,0.952,0.943,0.937,0.979,0.951,0.934,0.871,0.974,0.946,0.953
25,A1_1,0.978,1.0,0.961,0.972,0.935,0.946,0.959,0.947,0.97,0.968,0.969,0.947,0.91,0.98,0.972,0.963
25,A1_2,0.963,0.961,1.0,0.975,0.973,0.953,0.973,0.969,0.957,0.968,0.967,0.972,0.929,0.965,0.972,0.918
25,A1_3,0.971,0.972,0.975,1.0,0.966,0.945,0.972,0.968,0.965,0.982,0.986,0.972,0.926,0.979,0.973,0.964
25,B1_1,0.922,0.935,0.973,0.966,1.0,0.968,0.979,0.978,0.953,0.928,0.97,0.979,0.972,0.957,0.974,0.92
25,B1_2,0.921,0.946,0.953,0.945,0.968,1.0,0.986,0.982,0.958,0.911,0.95,0.942,0.974,0.962,0.985,0.937
25,B1_3,0.952,0.959,0.973,0.972,0.979,0.986,1.0,0.992,0.965,0.94,0.969,0.951,0.959,0.968,0.987,0.941
25,A2_1,0.943,0.947,0.969,0.968,0.978,0.982,0.992,1.0,0.947,0.928,0.974,0.95,0.957,0.955,0.983,0.93
25,A2_2,0.937,0.97,0.957,0.965,0.953,0.958,0.965,0.947,1.0,0.952,0.959,0.953,0.956,0.973,0.976,0.958
25,A2_3,0.979,0.968,0.968,0.982,0.928,0.911,0.94,0.928,0.952,1.0,0.951,0.962,0.877,0.977,0.949,0.95
25,B2_1,0.951,0.969,0.967,0.986,0.97,0.95,0.969,0.974,0.959,0.951,1.0,0.964,0.946,0.961,0.98,0.947
25,B2_2,0.934,0.947,0.972,0.972,0.979,0.942,0.951,0.95,0.953,0.962,0.964,1.0,0.944,0.972,0.967,0.935
25,B2_3,0.871,0.91,0.929,0.926,0.972,0.974,0.959,0.957,0.956,0.877,0.946,0.944,1.0,0.936,0.967,0.918
25,y1,0.974,0.98,0.965,0.979,0.957,0.962,0.968,0.955,0.973,0.977,0.961,0.972,0.936,1.0,0.975,0.983
25,y2,0.946,0.972,0.972,0.973,0.974,0.985,0.987,0.983,0.976,0.949,0.98,0.967,0.967,0.975,1.0,0.947
25,y3,0.953,0.963,0.918,0.964,0.92,0.937,0.941,0.93,0.958,0.95,0.947,0.935,0.918,0.983,0.947,1.0
26,.,1.0,0.976,0.958,0.967,0.909,0.911,0.943,0.934,0.932,0.977,0.944,0.924,0.856,0.971,0.939,0.949
