,,.,A1_1,A1_2,A1_3,B1_1,B1_2,B1_3,A2_1,A2_2,A2_3,B2_1,B2_2,B2_3,y1,y2,y3
1,.,1.0,0.074,-0.087,0.042,0.028,-0.099,-0.036,0.031,0.047,0.137,-0.087,0.15,-0.05,-0.192,-0.08,-0.064
1,A1_1,0.074,1.0,-0.165,-0.022,-0.091,-0.167,0.142,0.099,-0.014,0.171,0.171,0.188,-0.005,-0.011,0.189,-0.162
1,A1_2,-0.087,-0.165,1.0,0.035,-0.029,-0.176,0.02,0.1,0.031,0.13,0.028,-0.008,0.008,-0.077,0.124,0.042
1,A1_3,0.042,-0.022,0.035,1.0,-0.04,0.132,-0.013,0.005,-0.108,-0.154,-0.004,-0.105,0.034,-0.022,0.132,-0.238
1,B1_1,0.028,-0.091,-0.029,-0.04,1.0,-0.091,-0.101,-0.021,-0.184,0.029,-0.107,0.055,0.017,-0.116,-0.064,0.043
1,B1_2,-0.099,-0.167,-0.176,0.132,-0.091,1.0,0.122,-0.041,-0.126,-0.0,-0.063,0.049,-0.082,0.081,-0.105,0.117
1,B1_3,-0.036,0.142,0.02,-0.013,-0.101,0.122,1.0,-0.036,-0.003,0.039,-0.068,-0.042,-0.063,-0.086,0.077,0.063
1,A2_1,0.031,0.099,0.1,0.005,-0.021,-0.041,-0.036,1.0,-0.033,0.114,-0.159,-0.002,0.103,0.11,-0.102,0.049
1,A2_2,0.047,-0.014,0.031,-0.108,-0.184,-0.126,-0.003,-0.033,1.0,0.116,0.154,0.105,-0.007,0.096,-0.172,-0.019
1,A2_3,0.137,0.171,0.13,-0.154,0.029,-0.0,0.039,0.114,0.116,1.0,0.356,0.163,-0.016,0.004,0.08,0.045
1,B2_1,-0.087,0.171,0.028,-0.004,-0.107,-0.063,-0.068,-0.159,0.154,0.356,1.0,0.0,-0.001,0.093,0.044,-0.144
1,B2_2,0.15,0.188,-0.008,-0.105,0.055,0.049,-0.042,-0.002,0.105,0.163,0.0,1.0,0.019,-0.106,0.161,-0.131
1,B2_3,-0.05,-0.005,0.008,0.034,0.017,-0.082,-0.063,0.103,-0.007,-0.016,-0.001,0.019,1.0,-0.23,-0.062,-0.168
1,y1,-0.192,-0.011,-0.077,-0.022,-0.116,0.081,-0.086,0.11,0.096,0.004,0.093,-0.106,-0.23,1.0,-0.107,0.088
1,y2,-0.08,0.189,0.124,0.132,-0.064,-0.105,0.077,-0.102,-0.172,0.08,0.044,0.161,-0.062,-0.107,1.0,-0.186
1,y3,-0.064,-0.162,0.042,-0.238,0.043,0.117,0.063,0.049,-0.019,0.045,-0.144,-0.131,-0.168,0.088,-0.186,1.0
2,.,1.0,0.073,-0.11,0.024,0.002,-0.09,-0.025,0.021,0.049,0.149,-0.095,0.145,-0.063,-0.181,-0.093,-0.041
2,A1_1,0.073,1.0,-0.155,-0.018,-0.081,-0.156,0.15,0.109,-0.018,0.168,0.176,0.197,0.01,-0.019,0.184,-0.17
2,A1_2,-0.11,-0.155,1.0,0.046,-0.026,-0.17,0.022,0.117,0.035,0.134,0.025,-0.006,0.016,-0.08,0.123,0.04
2,A1_3,0.024,-0.018,0.046,1.0,-0.044,0.128,-0.018,0.02,-0.108,-0.155,-0.014,-0.11,0.035,-0.021,0.137,-0.235
2,B1_1,0.002,-0.081,-0.026,-0.044,1.0,-0.08,-0.087,-0.021,-0.188,0.021,-0.101,0.06,0.022,-0.102,-0.063,0.04
2,B1_2,-0.09,-0.156,-0.17,0.128,-0.08,1.0,0.134,-0.039,-0.129,-0.006,-0.056,0.055,-0.075,0.082,-0.117,0.1
2,B1_3,-0.025,0.15,0.022,-0.018,-0.087,0.134,1.0,-0.036,-0.008,0.03,-0.057,-0.031,-0.052,-0.085,0.061,0.044
2,A2_1,0.021,0.109,0.117,0.02,-0.021,-0.039,-0.036,1.0,-0.026,0.12,-0.162,-0.004,0.106,0.098,-0.108,0.038
2,A2_2,0.049,-0.018,0.035,-0.108,-0.188,-0.129,-0.008,-0.026,1.0,0.11,0.144,0.099,-0.007,0.099,-0.165,-0.016
2,A2_3,0.149,0.168,0.134,-0.155,0.021,-0.006,0.03,0.12,0.11,1.0,0.345,0.155,-0.019,0.003,0.083,0.046
2,B2_1,-0.095,0.176,0.025,-0.014,-0.101,-0.056,-0.057,-0.162,0.144,0.345,1.0,0.002,0.002,0.11,0.045,-0.146
2,B2_2,0.145,0.197,-0.006,-0.11,0.06,0.055,-0.031,-0.004,0.099,0.155,0.002,1.0,0.021,-0.096,0.156,-0.139
2,B2_3,-0.063,0.01,0.016,0.035,0.022,-0.075,-0.052,0.106,-0.007,-0.019,0.002,0.021,1.0,-0.224,-0.069,-0.18
2,y1,-0.181,-0.019,-0.08,-0.021,-0.102,0.082,-0.085,0.098,0.099,0.003,0.11,-0.096,-0.224,1.0,-0.108,0.078
2,y2,-0.093,0.184,0.123,0.137,-0.063,-0.117,0.061,-0.108,-0.165,0.083,0.045,0.156,-0.069,-0.108,1.0,-0.185
2,y3,-0.041,-0.17,0.04,-0.235,0.04,0.1,0.044,0.038,-0.016,0.046,-0.146,-0.139,-0.18,0.078,-0.185,1.0
3,.,1.0,0.065,-0.134,0.004,-0.025,-0.083,-0.019,0.008,0.05,0.158,-0.105,0.135,-0.078,-0.17,-0.103,-0.018
3,A1_1,0.065,1.0,-0.144,-0.013,-0.07,-0.143,0.157,0.121,-0.019,0.167,0.181,0.206,0.026,-0.029,0.176,-0.179
3,A1_2,-0.134,-0.144,1.0,0.058,-0.024,-0.165,0.022,0.135,0.041,0.139,0.021,-0.006,0.021,-0.084,0.12,0.036
3,A1_3,0.004,-0.013,0.058,1.0,-0.048,0.122,-0.024,0.036,-0.106,-0.153,-0.024,-0.116,0.034,-0.02,0.14,-0.233
3,B1_1,-0.025,-0.07,-0.024,-0.048,1.0,-0.064,-0.066,-0.022,-0.193,0.014,-0.088,0.07,0.033,-0.089,-0.064,0.035
3,B1_2,-0.083,-0.143,-0.165,0.122,-0.064,1.0,0.151,-0.038,-0.133,-0.013,-0.043,0.066,-0.062,0.082,-0.13,0.081
3,B1_3,-0.019,0.157,0.022,-0.024,-0.066,0.151,1.0,-0.037,-0.015,0.021,-0.038,-0.014,-0.034,-0.087,0.043,0.023
3,A2_1,0.008,0.121,0.135,0.036,-0.022,-0.038,-0.037,1.0,-0.016,0.128,-0.165,-0.006,0.108,0.084,-0.116,0.025
3,A2_2,0.05,-0.019,0.041,-0.106,-0.193,-0.133,-0.015,-0.016,1.0,0.106,0.133,0.092,-0.008,0.101,-0.159,-0.013
3,A2_3,0.158,0.167,0.139,-0.153,0.014,-0.013,0.021,0.128,0.106,1.0,0.332,0.146,-0.022,0.001,0.084,0.045
3,B2_1,-0.105,0.181,0.021,-0.024,-0.088,-0.043,-0.038,-0.165,0.133,0.332,1.0,0.011,0.011,0.125,0.044,-0.15
3,B2_2,0.135,0.206,-0.006,-0.116,0.07,0.066,-0.014,-0.006,0.092,0.146,0.011,1.0,0.028,-0.087,0.148,-0.15
3,B2_3,-0.078,0.026,0.021,0.034,0.033,-0.062,-0.034,0.108,-0.008,-0.022,0.011,0.028,1.0,-0.218,-0.078,-0.193
3,y1,-0.17,-0.029,-0.084,-0.02,-0.089,0.082,-0.087,0.084,0.101,0.001,0.125,-0.087,-0.218,1.0,-0.107,0.071
3,y2,-0.103,0.176,0.12,0.14,-0.064,-0.13,0.043,-0.116,-0.159,0.084,0.044,0.148,-0.078,-0.107,1.0,-0.179
3,y3,-0.018,-0.179,0.036,-0.233,0.035,0.081,0.023,0.025,-0.013,0.045,-0.15,-0.15,-0.193,0.071,-0.179,1.0
4,.,1.0,0.053,-0.157,-0.017,-0.054,-0.08,-0.018,-0.007,0.049,0.163,-0.117,0.122,-0.094,-0.16,-0.112,0.006
4,A1_1,0.053,1.0,-0.129,-0.005,-0.058,-0.13,0.165,0.135,-0.018,0.168,0.185,0.214,0.042,-0.041,0.166,-0.19
4,A1_2,-0.157,-0.129,1.0,0.073,-0.023,-0.16,0.021,0.155,0.049,0.146,0.016,-0.008,0.026,-0.089,0.116,0.031
4,A1_3,-0.017,-0.005,0.073,1.0,-0.054,0.116,-0.03,0.054,-0.102,-0.148,-0.035,-0.122,0.032,-0.021,0.141,-0.23
4,B1_1,-0.054,-0.058,-0.023,-0.054,1.0,-0.043,-0.039,-0.023,-0.199,0.006,-0.069,0.085,0.049,-0.077,-0.066,0.027
4,B1_2,-0.08,-0.13,-0.16,0.116,-0.043,1.0,0.174,-0.038,-0.137,-0.02,-0.023,0.083,-0.043,0.08,-0.145,0.059
4,B1_3,-0.018,0.165,0.021,-0.03,-0.039,0.174,1.0,-0.038,-0.022,0.012,-0.012,0.01,-0.01,-0.09,0.022,-0.002
4,A2_1,-0.007,0.135,0.155,0.054,-0.023,-0.038,-0.038,1.0,-0.005,0.138,-0.169,-0.009,0.109,0.069,-0.123,0.012
4,A2_2,0.049,-0.018,0.049,-0.102,-0.199,-0.137,-0.022,-0.005,1.0,0.104,0.12,0.082,-0.01,0.102,-0.154,-0.011
4,A2_3,0.163,0.168,0.146,-0.148,0.006,-0.02,0.012,0.138,0.104,1.0,0.316,0.135,-0.025,-0.002,0.084,0.044
4,B2_1,-0.117,0.185,0.016,-0.035,-0.069,-0.023,-0.012,-0.169,0.12,0.316,1.0,0.027,0.027,0.136,0.04,-0.156
4,B2_2,0.122,0.214,-0.008,-0.122,0.085,0.083,0.01,-0.009,0.082,0.135,0.027,1.0,0.042,-0.079,0.137,-0.162
4,B2_3,-0.094,0.042,0.026,0.032,0.049,-0.043,-0.01,0.109,-0.01,-0.025,0.027,0.042,1.0,-0.214,-0.089,-0.208
4,y1,-0.16,-0.041,-0.089,-0.021,-0.077,0.08,-0.09,0.069,0.102,-0.002,0.136,-0.079,-0.214,1.0,-0.104,0.066
4,y2,-0.112,0.166,0.116,0.141,-0.066,-0.145,0.022,-0.123,-0.154,0.084,0.04,0.137,-0.089,-0.104,1.0,-0.17
4,y3,0.006,-0.19,0.031,-0.23,0.027,0.059,-0.002,0.012,-0.011,0.044,-0.156,-0.162,-0.208,0.066,-0.17,1.0
5,.,1.0,0.035,-0.18,-0.038,-0.084,-0.082,-0.023,-0.022,0.046,0.165,-0.132,0.104,-0.114,-0.15,-0.116,0.031
5,A1_1,0.035,1.0,-0.113,0.006,-0.046,-0.115,0.171,0.15,-0.015,0.171,0.19,0.222,0.058,-0.055,0.153,-0.202
5,A1_2,-0.18,-0.113,1.0,0.089,-0.024,-0.156,0.019,0.175,0.059,0.155,0.01,-0.01,0.029,-0.096,0.111,0.025
5,A1_3,-0.038,0.006,0.089,1.0,-0.06,0.107,-0.037,0.073,-0.095,-0.14,-0.046,-0.129,0.029,-0.022,0.142,-0.228
5,B1_1,-0.084,-0.046,-0.024,-0.06,1.0,-0.016,-0.006,-0.025,-0.204,-0.003,-0.043,0.105,0.07,-0.067,-0.072,0.016
5,B1_2,-0.082,-0.115,-0.156,0.107,-0.016,1.0,0.201,-0.039,-0.142,-0.027,0.004,0.105,-0.017,0.074,-0.162,0.033
5,B1_3,-0.023,0.171,0.019,-0.037,-0.006,0.201,1.0,-0.041,-0.031,0.002,0.021,0.04,0.021,-0.096,-0.002,-0.03
5,A2_1,-0.022,0.15,0.175,0.073,-0.025,-0.039,-0.041,1.0,0.009,0.15,-0.172,-0.013,0.108,0.053,-0.132,-0.003
5,A2_2,0.046,-0.015,0.059,-0.095,-0.204,-0.142,-0.031,0.009,1.0,0.105,0.105,0.072,-0.014,0.102,-0.148,-0.009
5,A2_3,0.165,0.171,0.155,-0.14,-0.003,-0.027,0.002,0.15,0.105,1.0,0.299,0.124,-0.029,-0.006,0.083,0.042
5,B2_1,-0.132,0.19,0.01,-0.046,-0.043,0.004,0.021,-0.172,0.105,0.299,1.0,0.049,0.05,0.145,0.032,-0.165
5,B2_2,0.104,0.222,-0.01,-0.129,0.105,0.105,0.04,-0.013,0.072,0.124,0.049,1.0,0.062,-0.074,0.122,-0.177
5,B2_3,-0.114,0.058,0.029,0.029,0.07,-0.017,0.021,0.108,-0.014,-0.029,0.05,0.062,1.0,-0.211,-0.102,-0.225
5,y1,-0.15,-0.055,-0.096,-0.022,-0.067,0.074,-0.096,0.053,0.102,-0.006,0.145,-0.074,-0.211,1.0,-0.097,0.064
5,y2,-0.116,0.153,0.111,0.142,-0.072,-0.162,-0.002,-0.132,-0.148,0.083,0.032,0.122,-0.102,-0.097,1.0,-0.156
5,y3,0.031,-0.202,0.025,-0.228,0.016,0.033,-0.03,-0.003,-0.009,0.042,-0.165,-0.177,-0.225,0.064,-0.156,1.0
6,.,1.0,0.014,-0.201,-0.059,-0.117,-0.089,-0.036,-0.039,0.042,0.164,-0.151,0.081,-0.136,-0.138,-0.117,0.056
6,A1_1,0.014,1.0,-0.096,0.018,-0.034,-0.101,0.177,0.166,-0.01,0.175,0.193,0.229,0.074,-0.071,0.139,-0.215
6,A1_2,-0.201,-0.096,1.0,0.106,-0.025,-0.153,0.015,0.196,0.07,0.165,0.003,-0.013,0.03,-0.103,0.105,0.019
6,A1_3,-0.059,0.018,0.106,1.0,-0.066,0.098,-0.045,0.094,-0.085,-0.13,-0.057,-0.135,0.025,-0.024,0.141,-0.225
6,B1_1,-0.117,-0.034,-0.025,-0.066,1.0,0.016,0.031,-0.029,-0.211,-0.012,-0.01,0.131,0.097,-0.061,-0.08,0.001
6,B1_2,-0.089,-0.101,-0.153,0.098,0.016,1.0,0.232,-0.04,-0.148,-0.035,0.037,0.132,0.014,0.065,-0.18,0.004
6,B1_3,-0.036,0.177,0.015,-0.045,0.031,0.232,1.0,-0.044,-0.04,-0.008,0.059,0.076,0.058,-0.105,-0.028,-0.061
6,A2_1,-0.039,0.166,0.196,0.094,-0.029,-0.04,-0.044,1.0,0.024,0.163,-0.175,-0.018,0.105,0.036,-0.14,-0.017
6,A2_2,0.042,-0.01,0.07,-0.085,-0.211,-0.148,-0.04,0.024,1.0,0.107,0.089,0.06,-0.019,0.102,-0.143,-0.008
6,A2_3,0.164,0.175,0.165,-0.13,-0.012,-0.035,-0.008,0.163,0.107,1.0,0.28,0.111,-0.034,-0.01,0.082,0.039
6,B2_1,-0.151,0.193,0.003,-0.057,-0.01,0.037,0.059,-0.175,0.089,0.28,1.0,0.077,0.079,0.148,0.021,-0.177
6,B2_2,0.081,0.229,-0.013,-0.135,0.131,0.132,0.076,-0.018,0.06,0.111,0.077,1.0,0.088,-0.072,0.104,-0.194
6,B2_3,-0.136,0.074,0.03,0.025,0.097,0.014,0.058,0.105,-0.019,-0.034,0.079,0.088,1.0,-0.211,-0.118,-0.244
6,y1,-0.138,-0.071,-0.103,-0.024,-0.061,0.065,-0.105,0.036,0.102,-0.01,0.148,-0.072,-0.211,1.0,-0.086,0.066
6,y2,-0.117,0.139,0.105,0.141,-0.08,-0.18,-0.028,-0.14,-0.143,0.082,0.021,0.104,-0.118,-0.086,1.0,-0.137
6,y3,0.056,-0.215,0.019,-0.225,0.001,0.004,-0.061,-0.017,-0.008,0.039,-0.177,-0.194,-0.244,0.066,-0.137,1.0
7,.,1.0,-0.009,-0.22,-0.078,-0.15,-0.101,-0.054,-0.055,0.038,0.161,-0.174,0.052,-0.161,-0.125,-0.113,0.084
7,A1_1,-0.009,1.0,-0.077,0.032,-0.022,-0.087,0.181,0.183,-0.002,0.181,0.194,0.235,0.088,-0.09,0.123,-0.229
7,A1_2,-0.22,-0.077,1.0,0.125,-0.028,-0.151,0.01,0.218,0.084,0.177,-0.005,-0.018,0.03,-0.11,0.098,0.012
7,A1_3,-0.078,0.032,0.125,1.0,-0.073,0.088,-0.053,0.116,-0.073,-0.117,-0.069,-0.142,0.02,-0.027,0.139,-0.222
7,B1_1,-0.15,-0.022,-0.028,-0.073,1.0,0.052,0.073,-0.033,-0.217,-0.022,0.028,0.161,0.129,-0.058,-0.092,-0.018
7,B1_2,-0.101,-0.087,-0.151,0.088,0.052,1.0,0.266,-0.043,-0.154,-0.043,0.074,0.164,0.05,0.052,-0.201,-0.028
7,B1_3,-0.054,0.181,0.01,-0.053,0.073,0.266,1.0,-0.048,-0.051,-0.019,0.102,0.116,0.099,-0.117,-0.057,-0.095
7,A2_1,-0.055,0.183,0.218,0.116,-0.033,-0.043,-0.048,1.0,0.042,0.177,-0.178,-0.024,0.101,0.019,-0.148,-0.032
7,A2_2,0.038,-0.002,0.084,-0.073,-0.217,-0.154,-0.051,0.042,1.0,0.112,0.072,0.046,-0.025,0.1,-0.137,-0.006
7,A2_3,0.161,0.181,0.177,-0.117,-0.022,-0.043,-0.019,0.177,0.112,1.0,0.259,0.097,-0.039,-0.015,0.08,0.035
7,B2_1,-0.174,0.194,-0.005,-0.069,0.028,0.074,0.102,-0.178,0.072,0.259,1.0,0.111,0.113,0.146,0.005,-0.192
7,B2_2,0.052,0.235,-0.018,-0.142,0.161,0.164,0.116,-0.024,0.046,0.097,0.111,1.0,0.119,-0.073,0.081,-0.214
7,B2_3,-0.161,0.088,0.03,0.02,0.129,0.05,0.099,0.101,-0.025,-0.039,0.113,0.119,1.0,-0.214,-0.137,-0.266
7,y1,-0.125,-0.09,-0.11,-0.027,-0.058,0.052,-0.117,0.019,0.1,-0.015,0.146,-0.073,-0.214,1.0,-0.071,0.072
7,y2,-0.113,0.123,0.098,0.139,-0.092,-0.201,-0.057,-0.148,-0.137,0.08,0.005,0.081,-0.137,-0.071,1.0,-0.113
7,y3,0.084,-0.229,0.012,-0.222,-0.018,-0.028,-0.095,-0.032,-0.006,0.035,-0.192,-0.214,-0.266,0.072,-0.113,1.0
8,.,1.0,-0.035,-0.236,-0.095,-0.186,-0.118,-0.079,-0.07,0.034,0.155,-0.199,0.019,-0.189,-0.109,-0.103,0.113
8,A1_1,-0.035,1.0,-0.056,0.047,-0.012,-0.074,0.184,0.201,0.007,0.189,0.195,0.239,0.101,-0.109,0.105,-0.243
8,A1_2,-0.236,-0.056,1.0,0.145,-0.032,-0.15,0.004,0.24,0.099,0.19,-0.014,-0.023,0.029,-0.118,0.091,0.005
8,A1_3,-0.095,0.047,0.145,1.0,-0.081,0.076,-0.061,0.138,-0.058,-0.102,-0.081,-0.149,0.014,-0.031,0.137,-0.219
8,B1_1,-0.186,-0.012,-0.032,-0.081,1.0,0.092,0.118,-0.038,-0.224,-0.033,0.07,0.194,0.164,-0.06,-0.107,-0.041
8,B1_2,-0.118,-0.074,-0.15,0.076,0.092,1.0,0.303,-0.046,-0.161,-0.052,0.116,0.199,0.09,0.035,-0.224,-0.064
8,B1_3,-0.079,0.184,0.004,-0.061,0.118,0.303,1.0,-0.053,-0.062,-0.03,0.148,0.159,0.143,-0.134,-0.089,-0.131
8,A2_1,-0.07,0.201,0.24,0.138,-0.038,-0.046,-0.053,1.0,0.06,0.193,-0.181,-0.03,0.096,0.001,-0.156,-0.047
8,A2_2,0.034,0.007,0.099,-0.058,-0.224,-0.161,-0.062,0.06,1.0,0.118,0.053,0.031,-0.032,0.098,-0.132,-0.005
8,A2_3,0.155,0.189,0.19,-0.102,-0.033,-0.052,-0.03,0.193,0.118,1.0,0.237,0.083,-0.045,-0.021,0.077,0.031
8,B2_1,-0.199,0.195,-0.014,-0.081,0.07,0.116,0.148,-0.181,0.053,0.237,1.0,0.15,0.152,0.139,-0.014,-0.21
8,B2_2,0.019,0.239,-0.023,-0.149,0.194,0.199,0.159,-0.03,0.031,0.083,0.15,1.0,0.155,-0.08,0.055,-0.237
8,B2_3,-0.189,0.101,0.029,0.014,0.164,0.09,0.143,0.096,-0.032,-0.045,0.152,0.155,1.0,-0.221,-0.158,-0.291
8,y1,-0.109,-0.109,-0.118,-0.031,-0.06,0.035,-0.134,0.001,0.098,-0.021,0.139,-0.08,-0.221,1.0,-0.052,0.083
8,y2,-0.103,0.105,0.091,0.137,-0.107,-0.224,-0.089,-0.156,-0.132,0.077,-0.014,0.055,-0.158,-0.052,1.0,-0.084
8,y3,0.113,-0.243,0.005,-0.219,-0.041,-0.064,-0.131,-0.047,-0.005,0.031,-0.21,-0.237,-0.291,0.083,-0.084,1.0
9,.,1.0,-0.06,-0.249,-0.111,-0.222,-0.14,-0.108,-0.083,0.029,0.149,-0.228,-0.018,-0.22,-0.089,-0.088,0.144
9,A1_1,-0.06,1.0,-0.034,0.064,-0.002,-0.062,0.185,0.22,0.019,0.198,0.194,0.24,0.112,-0.131,0.086,-0.258
9,A1_2,-0.249,-0.034,1.0,0.165,-0.037,-0.149,-0.003,0.262,0.115,0.205,-0.023,-0.029,0.026,-0.126,0.083,-0.003
9,A1_3,-0.111,0.064,0.165,1.0,-0.089,0.064,-0.071,0.161,-0.042,-0.086,-0.093,-0.156,0.006,-0.035,0.134,-0.215
9,B1_1,-0.222,-0.002,-0.037,-0.089,1.0,0.135,0.165,-0.044,-0.231,-0.044,0.115,0.231,0.203,-0.066,-0.125,-0.068
9,B1_2,-0.14,-0.062,-0.149,0.064,0.135,1.0,0.34,-0.051,-0.168,-0.062,0.16,0.237,0.134,0.013,-0.249,-0.102
9,B1_3,-0.108,0.185,-0.003,-0.071,0.165,0.34,1.0,-0.058,-0.073,-0.042,0.196,0.204,0.189,-0.155,-0.123,-0.17
9,A2_1,-0.083,0.22,0.262,0.161,-0.044,-0.051,-0.058,1.0,0.08,0.209,-0.185,-0.037,0.089,-0.017,-0.163,-0.061
9,A2_2,0.029,0.019,0.115,-0.042,-0.231,-0.168,-0.073,0.08,1.0,0.127,0.034,0.016,-0.041,0.095,-0.126,-0.004
9,A2_3,0.149,0.198,0.205,-0.086,-0.044,-0.062,-0.042,0.209,0.127,1.0,0.214,0.067,-0.052,-0.027,0.074,0.027
9,B2_1,-0.228,0.194,-0.023,-0.093,0.115,0.16,0.196,-0.185,0.034,0.214,1.0,0.192,0.194,0.125,-0.038,-0.232
9,B2_2,-0.018,0.24,-0.029,-0.156,0.231,0.237,0.204,-0.037,0.016,0.067,0.192,1.0,0.194,-0.09,0.025,-0.263
9,B2_3,-0.22,0.112,0.026,0.006,0.203,0.134,0.189,0.089,-0.041,-0.052,0.194,0.194,1.0,-0.232,-0.182,-0.317
9,y1,-0.089,-0.131,-0.126,-0.035,-0.066,0.013,-0.155,-0.017,0.095,-0.027,0.125,-0.09,-0.232,1.0,-0.028,0.099
9,y2,-0.088,0.086,0.083,0.134,-0.125,-0.249,-0.123,-0.163,-0.126,0.074,-0.038,0.025,-0.182,-0.028,1.0,-0.049
9,y3,0.144,-0.258,-0.003,-0.215,-0.068,-0.102,-0.17,-0.061,-0.004,0.027,-0.232,-0.263,-0.317,0.099,-0.049,1.0
10,.,1.0,-0.086,-0.26,-0.124,-0.259,-0.166,-0.141,-0.096,0.025,0.141,-0.259,-0.058,-0.253,-0.066,-0.068,0.176
10,A1_1,-0.086,1.0,-0.012,0.082,0.006,-0.051,0.184,0.239,0.032,0.208,0.191,0.24,0.121,-0.152,0.066,-0.272
10,A1_2,-0.26,-0.012,1.0,0.187,-0.042,-0.149,-0.01,0.284,0.133,0.22,-0.033,-0.036,0.021,-0.134,0.075,-0.01
10,A1_3,-0.124,0.082,0.187,1.0,-0.098,0.051,-0.08,0.185,-0.024,-0.067,-0.105,-0.164,-0.002,-0.039,0.13,-0.21
10,B1_1,-0.259,0.006,-0.042,-0.098,1.0,0.179,0.212,-0.05,-0.238,-0.055,0.162,0.27,0.243,-0.078,-0.146,-0.098
10,B1_2,-0.166,-0.051,-0.149,0.051,0.179,1.0,0.379,-0.056,-0.176,-0.072,0.205,0.277,0.179,-0.014,-0.276,-0.142
10,B1_3,-0.141,0.184,-0.01,-0.08,0.212,0.379,1.0,-0.064,-0.086,-0.054,0.245,0.251,0.237,-0.179,-0.158,-0.211
10,A2_1,-0.096,0.239,0.284,0.185,-0.05,-0.056,-0.064,1.0,0.101,0.227,-0.188,-0.045,0.08,-0.035,-0.17,-0.074
10,A2_2,0.025,0.032,0.133,-0.024,-0.238,-0.176,-0.086,0.101,1.0,0.137,0.015,-0.0,-0.05,0.092,-0.12,-0.003
10,A2_3,0.141,0.208,0.22,-0.067,-0.055,-0.072,-0.054,0.227,0.137,1.0,0.19,0.051,-0.059,-0.034,0.07,0.023
10,B2_1,-0.259,0.191,-0.033,-0.105,0.162,0.205,0.245,-0.188,0.015,0.19,1.0,0.235,0.237,0.106,-0.064,-0.256
10,B2_2,-0.058,0.24,-0.036,-0.164,0.27,0.277,0.251,-0.045,-0.0,0.051,0.235,1.0,0.235,-0.106,-0.009,-0.291
10,B2_3,-0.253,0.121,0.021,-0.002,0.243,0.179,0.237,0.08,-0.05,-0.059,0.237,0.235,1.0,-0.246,-0.209,-0.345
10,y1,-0.066,-0.152,-0.134,-0.039,-0.078,-0.014,-0.179,-0.035,0.092,-0.034,0.106,-0.106,-0.246,1.0,0.0,0.12
10,y2,-0.068,0.066,0.075,0.13,-0.146,-0.276,-0.158,-0.17,-0.12,0.07,-0.064,-0.009,-0.209,0.0,1.0,-0.01
10,y3,0.176,-0.272,-0.01,-0.21,-0.098,-0.142,-0.211,-0.074,-0.003,0.023,-0.256,-0.291,-0.345,0.12,-0.01,1.0
11,.,1.0,-0.11,-0.267,-0.135,-0.296,-0.195,-0.176,-0.106,0.021,0.133,-0.291,-0.101,-0.287,-0.039,-0.043,0.209
11,A1_1,-0.11,1.0,0.012,0.101,0.013,-0.041,0.182,0.259,0.047,0.22,0.187,0.238,0.127,-0.174,0.046,-0.286
11,A1_2,-0.267,0.012,1.0,0.208,-0.049,-0.15,-0.019,0.306,0.152,0.237,-0.044,-0.044,0.016,-0.141,0.067,-0.017
11,A1_3,-0.135,0.101,0.208,1.0,-0.107,0.037,-0.09,0.209,-0.004,-0.047,-0.117,-0.171,-0.011,-0.043,0.125,-0.205
11,B1_1,-0.296,0.013,-0.049,-0.107,1.0,0.224,0.26,-0.057,-0.245,-0.067,0.209,0.31,0.285,-0.094,-0.17,-0.13
11,B1_2,-0.195,-0.041,-0.15,0.037,0.224,1.0,0.416,-0.062,-0.184,-0.082,0.251,0.317,0.225,-0.045,-0.304,-0.184
11,B1_3,-0.176,0.182,-0.019,-0.09,0.26,0.416,1.0,-0.071,-0.098,-0.066,0.292,0.297,0.284,-0.207,-0.195,-0.252
11,A2_1,-0.106,0.259,0.306,0.209,-0.057,-0.062,-0.071,1.0,0.123,0.245,-0.192,-0.053,0.071,-0.053,-0.176,-0.087
11,A2_2,0.021,0.047,0.152,-0.004,-0.245,-0.184,-0.098,0.123,1.0,0.149,-0.005,-0.017,-0.06,0.088,-0.114,-0.002
11,A2_3,0.133,0.22,0.237,-0.047,-0.067,-0.082,-0.066,0.245,0.149,1.0,0.166,0.034,-0.067,-0.04,0.066,0.019
11,B2_1,-0.291,0.187,-0.044,-0.117,0.209,0.251,0.292,-0.192,-0.005,0.166,1.0,0.28,0.282,0.081,-0.094,-0.282
11,B2_2,-0.101,0.238,-0.044,-0.171,0.31,0.317,0.297,-0.053,-0.017,0.034,0.28,1.0,0.278,-0.126,-0.045,-0.32
11,B2_3,-0.287,0.127,0.016,-0.011,0.285,0.225,0.284,0.071,-0.06,-0.067,0.282,0.278,1.0,-0.264,-0.237,-0.374
11,y1,-0.039,-0.174,-0.141,-0.043,-0.094,-0.045,-0.207,-0.053,0.088,-0.04,0.081,-0.126,-0.264,1.0,0.034,0.147
11,y2,-0.043,0.046,0.067,0.125,-0.17,-0.304,-0.195,-0.176,-0.114,0.066,-0.094,-0.045,-0.237,0.034,1.0,0.034
11,y3,0.209,-0.286,-0.017,-0.205,-0.13,-0.184,-0.252,-0.087,-0.002,0.019,-0.282,-0.32,-0.374,0.147,0.034,1.0
12,.,1.0,-0.132,-0.273,-0.144,-0.333,-0.226,-0.212,-0.115,0.018,0.125,-0.324,-0.144,-0.321,-0.009,-0.015,0.243
12,A1_1,-0.132,1.0,0.036,0.121,0.018,-0.034,0.179,0.279,0.063,0.233,0.181,0.234,0.132,-0.196,0.026,-0.298
12,A1_2,-0.273,0.036,1.0,0.231,-0.056,-0.152,-0.028,0.328,0.172,0.254,-0.054,-0.052,0.009,-0.148,0.059,-0.024
12,A1_3,-0.144,0.121,0.231,1.0,-0.117,0.022,-0.1,0.233,0.018,-0.025,-0.129,-0.179,-0.021,-0.047,0.121,-0.199
12,B1_1,-0.333,0.018,-0.056,-0.117,1.0,0.269,0.306,-0.065,-0.253,-0.079,0.257,0.35,0.327,-0.114,-0.196,-0.165
12,B1_2,-0.226,-0.034,-0.152,0.022,0.269,1.0,0.453,-0.068,-0.192,-0.092,0.297,0.358,0.27,-0.079,-0.332,-0.227
12,B1_3,-0.212,0.179,-0.028,-0.1,0.306,0.453,1.0,-0.078,-0.111,-0.078,0.339,0.343,0.33,-0.237,-0.232,-0.294
12,A2_1,-0.115,0.279,0.328,0.233,-0.065,-0.068,-0.078,1.0,0.146,0.264,-0.197,-0.062,0.061,-0.07,-0.181,-0.098
12,A2_2,0.018,0.063,0.172,0.018,-0.253,-0.192,-0.111,0.146,1.0,0.163,-0.025,-0.034,-0.071,0.084,-0.108,-0.001
12,A2_3,0.125,0.233,0.254,-0.025,-0.079,-0.092,-0.078,0.264,0.163,1.0,0.141,0.017,-0.076,-0.046,0.062,0.015
12,B2_1,-0.324,0.181,-0.054,-0.129,0.257,0.297,0.339,-0.197,-0.025,0.141,1.0,0.324,0.326,0.051,-0.125,-0.31
12,B2_2,-0.144,0.234,-0.052,-0.179,0.35,0.358,0.343,-0.062,-0.034,0.017,0.324,1.0,0.321,-0.15,-0.082,-0.351
12,B2_3,-0.321,0.132,0.009,-0.021,0.327,0.27,0.33,0.061,-0.071,-0.076,0.326,0.321,1.0,-0.285,-0.267,-0.404
12,y1,-0.009,-0.196,-0.148,-0.047,-0.114,-0.079,-0.237,-0.07,0.084,-0.046,0.051,-0.15,-0.285,1.0,0.071,0.178
12,y2,-0.015,0.026,0.059,0.121,-0.196,-0.332,-0.232,-0.181,-0.108,0.062,-0.125,-0.082,-0.267,0.071,1.0,0.08
12,y3,0.243,-0.298,-0.024,-0.199,-0.165,-0.227,-0.294,-0.098,-0.001,0.015,-0.31,-0.351,-0.404,0.178,0.08,1.0
13,.,1.0,-0.153,-0.276,-0.15,-0.368,-0.258,-0.249,-0.122,0.015,0.117,-0.356,-0.187,-0.355,0.024,0.015,0.277
13,A1_1,-0.153,1.0,0.06,0.142,0.021,-0.027,0.173,0.299,0.081,0.247,0.174,0.228,0.135,-0.217,0.006,-0.309
13,A1_2,-0.276,0.06,1.0,0.253,-0.064,-0.155,-0.038,0.35,0.192,0.272,-0.065,-0.061,0.002,-0.155,0.051,-0.03
13,A1_3,-0.15,0.142,0.253,1.0,-0.126,0.008,-0.11,0.257,0.04,-0.002,-0.141,-0.187,-0.031,-0.05,0.116,-0.193
13,B1_1,-0.368,0.021,-0.064,-0.126,1.0,0.314,0.352,-0.073,-0.26,-0.092,0.304,0.39,0.368,-0.138,-0.223,-0.201
13,B1_2,-0.258,-0.027,-0.155,0.008,0.314,1.0,0.489,-0.075,-0.201,-0.103,0.341,0.398,0.315,-0.115,-0.362,-0.27
13,B1_3,-0.249,0.173,-0.038,-0.11,0.352,0.489,1.0,-0.086,-0.124,-0.091,0.384,0.387,0.375,-0.269,-0.269,-0.335
13,A2_1,-0.122,0.299,0.35,0.257,-0.073,-0.075,-0.086,1.0,0.169,0.284,-0.201,-0.071,0.05,-0.086,-0.184,-0.108
13,A2_2,0.015,0.081,0.192,0.04,-0.26,-0.201,-0.124,0.169,1.0,0.178,-0.044,-0.052,-0.082,0.079,-0.101,0.0
13,A2_3,0.117,0.247,0.272,-0.002,-0.092,-0.103,-0.091,0.284,0.178,1.0,0.117,-0.0,-0.085,-0.052,0.058,0.011
13,B2_1,-0.356,0.174,-0.065,-0.141,0.304,0.341,0.384,-0.201,-0.044,0.117,1.0,0.368,0.369,0.017,-0.158,-0.339
13,B2_2,-0.187,0.228,-0.061,-0.187,0.39,0.398,0.387,-0.071,-0.052,-0.0,0.368,1.0,0.363,-0.178,-0.122,-0.382
13,B2_3,-0.355,0.135,0.002,-0.031,0.368,0.315,0.375,0.05,-0.082,-0.085,0.369,0.363,1.0,-0.309,-0.298,-0.435
13,y1,0.024,-0.217,-0.155,-0.05,-0.138,-0.115,-0.269,-0.086,0.079,-0.052,0.017,-0.178,-0.309,1.0,0.112,0.213
13,y2,0.015,0.006,0.051,0.116,-0.223,-0.362,-0.269,-0.184,-0.101,0.058,-0.158,-0.122,-0.298,0.112,1.0,0.129
13,y3,0.277,-0.309,-0.03,-0.193,-0.201,-0.27,-0.335,-0.108,0.0,0.011,-0.339,-0.382,-0.435,0.213,0.129,1.0
14,.,1.0,-0.171,-0.277,-0.155,-0.402,-0.29,-0.285,-0.128,0.012,0.11,-0.388,-0.229,-0.387,0.059,0.048,0.31
14,A1_1,-0.171,1.0,0.085,0.163,0.023,-0.023,0.167,0.319,0.099,0.262,0.165,0.221,0.136,-0.237,-0.013,-0.319
14,A1_2,-0.277,0.085,1.0,0.275,-0.072,-0.158,-0.048,0.371,0.214,0.291,-0.076,-0.07,-0.007,-0.16,0.044,-0.036
14,A1_3,-0.155,0.163,0.275,1.0,-0.136,-0.007,-0.121,0.281,0.064,0.022,-0.152,-0.194,-0.042,-0.054,0.111,-0.186
14,B1_1,-0.402,0.023,-0.072,-0.136,1.0,0.357,0.395,-0.081,-0.267,-0.104,0.349,0.429,0.408,-0.165,-0.252,-0.238
14,B1_2,-0.29,-0.023,-0.158,-0.007,0.357,1.0,0.523,-0.082,-0.209,-0.114,0.384,0.436,0.359,-0.154,-0.391,-0.312
14,B1_3,-0.285,0.167,-0.048,-0.121,0.395,0.523,1.0,-0.094,-0.136,-0.103,0.426,0.429,0.417,-0.303,-0.306,-0.375
14,A2_1,-0.128,0.319,0.371,0.281,-0.081,-0.082,-0.094,1.0,0.193,0.304,-0.205,-0.08,0.038,-0.1,-0.187,-0.117
14,A2_2,0.012,0.099,0.214,0.064,-0.267,-0.209,-0.136,0.193,1.0,0.194,-0.064,-0.069,-0.093,0.075,-0.095,0.001
14,A2_3,0.11,0.262,0.291,0.022,-0.104,-0.114,-0.103,0.304,0.194,1.0,0.093,-0.017,-0.094,-0.057,0.055,0.007
14,B2_1,-0.388,0.165,-0.076,-0.152,0.349,0.384,0.426,-0.205,-0.064,0.093,1.0,0.41,0.41,-0.02,-0.192,-0.368
14,B2_2,-0.229,0.221,-0.07,-0.194,0.429,0.436,0.429,-0.08,-0.069,-0.017,0.41,1.0,0.404,-0.208,-0.161,-0.413
14,B2_3,-0.387,0.136,-0.007,-0.042,0.408,0.359,0.417,0.038,-0.093,-0.094,0.41,0.404,1.0,-0.336,-0.328,-0.465
14,y1,0.059,-0.237,-0.16,-0.054,-0.165,-0.154,-0.303,-0.1,0.075,-0.057,-0.02,-0.208,-0.336,1.0,0.156,0.251
14,y2,0.048,-0.013,0.044,0.111,-0.252,-0.391,-0.306,-0.187,-0.095,0.055,-0.192,-0.161,-0.328,0.156,1.0,0.178
14,y3,0.31,-0.319,-0.036,-0.186,-0.238,-0.312,-0.375,-0.117,0.001,0.007,-0.368,-0.413,-0.465,0.251,0.178,1.0
15,.,1.0,-0.187,-0.276,-0.159,-0.434,-0.322,-0.319,-0.132,0.01,0.102,-0.418,-0.27,-0.419,0.096,0.082,0.342
15,A1_1,-0.187,1.0,0.111,0.185,0.024,-0.019,0.16,0.34,0.119,0.278,0.156,0.212,0.135,-0.255,-0.032,-0.327
15,A1_2,-0.276,0.111,1.0,0.298,-0.081,-0.161,-0.058,0.392,0.235,0.309,-0.087,-0.08,-0.015,-0.164,0.037,-0.041
15,A1_3,-0.159,0.185,0.298,1.0,-0.146,-0.021,-0.131,0.304,0.088,0.046,-0.164,-0.202,-0.053,-0.057,0.106,-0.179
15,B1_1,-0.434,0.024,-0.081,-0.146,1.0,0.398,0.436,-0.09,-0.275,-0.116,0.392,0.466,0.446,-0.194,-0.281,-0.274
15,B1_2,-0.322,-0.019,-0.161,-0.021,0.398,1.0,0.556,-0.09,-0.218,-0.125,0.425,0.474,0.401,-0.194,-0.419,-0.353
15,B1_3,-0.319,0.16,-0.058,-0.131,0.436,0.556,1.0,-0.102,-0.149,-0.116,0.466,0.469,0.457,-0.337,-0.341,-0.413
15,A2_1,-0.132,0.34,0.392,0.304,-0.09,-0.09,-0.102,1.0,0.217,0.324,-0.21,-0.09,0.027,-0.114,-0.19,-0.125
15,A2_2,0.01,0.119,0.235,0.088,-0.275,-0.218,-0.149,0.217,1.0,0.211,-0.082,-0.086,-0.105,0.07,-0.088,0.003
15,A2_3,0.102,0.278,0.309,0.046,-0.116,-0.125,-0.116,0.324,0.211,1.0,0.069,-0.034,-0.104,-0.062,0.051,0.004
15,B2_1,-0.418,0.156,-0.087,-0.164,0.392,0.425,0.466,-0.21,-0.082,0.069,1.0,0.45,0.45,-0.059,-0.225,-0.397
15,B2_2,-0.27,0.212,-0.08,-0.202,0.466,0.474,0.469,-0.09,-0.086,-0.034,0.45,1.0,0.444,-0.24,-0.2,-0.443
15,B2_3,-0.419,0.135,-0.015,-0.053,0.446,0.401,0.457,0.027,-0.105,-0.104,0.45,0.444,1.0,-0.363,-0.359,-0.494
15,y1,0.096,-0.255,-0.164,-0.057,-0.194,-0.194,-0.337,-0.114,0.07,-0.062,-0.059,-0.24,-0.363,1.0,0.202,0.291
15,y2,0.082,-0.032,0.037,0.106,-0.281,-0.419,-0.341,-0.19,-0.088,0.051,-0.225,-0.2,-0.359,0.202,1.0,0.229
15,y3,0.342,-0.327,-0.041,-0.179,-0.274,-0.353,-0.413,-0.125,0.003,0.004,-0.397,-0.443,-0.494,0.291,0.229,1.0
16,.,1.0,-0.2,-0.275,-0.161,-0.464,-0.352,-0.352,-0.135,0.008,0.096,-0.447,-0.308,-0.449,0.133,0.116,0.373
16,A1_1,-0.2,1.0,0.136,0.208,0.023,-0.017,0.152,0.36,0.14,0.294,0.146,0.203,0.132,-0.272,-0.049,-0.334
16,A1_2,-0.275,0.136,1.0,0.32,-0.09,-0.165,-0.068,0.413,0.257,0.328,-0.098,-0.089,-0.024,-0.168,0.03,-0.046
16,A1_3,-0.161,0.208,0.32,1.0,-0.155,-0.036,-0.141,0.328,0.112,0.072,-0.175,-0.209,-0.064,-0.059,0.101,-0.171
16,B1_1,-0.464,0.023,-0.09,-0.155,1.0,0.438,0.474,-0.099,-0.282,-0.129,0.433,0.502,0.483,-0.225,-0.31,-0.31
16,B1_2,-0.352,-0.017,-0.165,-0.036,0.438,1.0,0.586,-0.097,-0.226,-0.136,0.463,0.509,0.441,-0.234,-0.447,-0.391
16,B1_3,-0.352,0.152,-0.068,-0.141,0.474,0.586,1.0,-0.11,-0.161,-0.128,0.504,0.506,0.495,-0.371,-0.376,-0.45
16,A2_1,-0.135,0.36,0.413,0.328,-0.099,-0.097,-0.11,1.0,0.24,0.344,-0.215,-0.099,0.015,-0.125,-0.191,-0.131
16,A2_2,0.008,0.14,0.257,0.112,-0.282,-0.226,-0.161,0.24,1.0,0.229,-0.1,-0.102,-0.116,0.066,-0.082,0.004
16,A2_3,0.096,0.294,0.328,0.072,-0.129,-0.136,-0.128,0.344,0.229,1.0,0.046,-0.051,-0.113,-0.066,0.047,0.001
16,B2_1,-0.447,0.146,-0.098,-0.175,0.433,0.463,0.504,-0.215,-0.1,0.046,1.0,0.488,0.488,-0.099,-0.259,-0.426
16,B2_2,-0.308,0.203,-0.089,-0.209,0.502,0.509,0.506,-0.099,-0.102,-0.051,0.488,1.0,0.482,-0.273,-0.239,-0.472
16,B2_3,-0.449,0.132,-0.024,-0.064,0.483,0.441,0.495,0.015,-0.116,-0.113,0.488,0.482,1.0,-0.391,-0.389,-0.522
16,y1,0.133,-0.272,-0.168,-0.059,-0.225,-0.234,-0.371,-0.125,0.066,-0.066,-0.099,-0.273,-0.391,1.0,0.248,0.333
16,y2,0.116,-0.049,0.03,0.101,-0.31,-0.447,-0.376,-0.191,-0.082,0.047,-0.259,-0.239,-0.389,0.248,1.0,0.278
16,y3,0.373,-0.334,-0.046,-0.171,-0.31,-0.391,-0.45,-0.131,0.004,0.001,-0.426,-0.472,-0.522,0.333,0.278,1.0
17,.,1.0,-0.212,-0.272,-0.162,-0.492,-0.381,-0.383,-0.138,0.007,0.089,-0.474,-0.344,-0.477,0.17,0.149,0.402
17,A1_1,-0.212,1.0,0.162,0.23,0.021,-0.016,0.143,0.38,0.161,0.311,0.136,0.192,0.129,-0.287,-0.065,-0.339
17,A1_2,-0.272,0.162,1.0,0.342,-0.098,-0.169,-0.077,0.433,0.278,0.348,-0.108,-0.099,-0.033,-0.17,0.024,-0.05
17,A1_3,-0.162,0.23,0.342,1.0,-0.164,-0.05,-0.15,0.351,0.137,0.097,-0.185,-0.217,-0.075,-0.062,0.096,-0.164
17,B1_1,-0.492,0.021,-0.098,-0.164,1.0,0.475,0.51,-0.107,-0.289,-0.141,0.471,0.535,0.518,-0.257,-0.338,-0.345
17,B1_2,-0.381,-0.016,-0.169,-0.05,0.475,1.0,0.614,-0.105,-0.235,-0.146,0.5,0.542,0.478,-0.274,-0.474,-0.428
17,B1_3,-0.383,0.143,-0.077,-0.15,0.51,0.614,1.0,-0.118,-0.173,-0.139,0.539,0.541,0.53,-0.404,-0.408,-0.484
17,A2_1,-0.138,0.38,0.433,0.351,-0.107,-0.105,-0.118,1.0,0.264,0.364,-0.219,-0.108,0.003,-0.136,-0.192,-0.137
17,A2_2,0.007,0.161,0.278,0.137,-0.289,-0.235,-0.173,0.264,1.0,0.247,-0.118,-0.118,-0.127,0.061,-0.076,0.005
17,A2_3,0.089,0.311,0.348,0.097,-0.141,-0.146,-0.139,0.364,0.247,1.0,0.024,-0.068,-0.123,-0.07,0.044,-0.002
17,B2_1,-0.474,0.136,-0.108,-0.185,0.471,0.5,0.539,-0.219,-0.118,0.024,1.0,0.523,0.523,-0.14,-0.292,-0.453
17,B2_2,-0.344,0.192,-0.099,-0.217,0.535,0.542,0.541,-0.108,-0.118,-0.068,0.523,1.0,0.517,-0.306,-0.276,-0.501
17,B2_3,-0.477,0.129,-0.033,-0.075,0.518,0.478,0.53,0.003,-0.127,-0.123,0.523,0.517,1.0,-0.419,-0.418,-0.548
17,y1,0.17,-0.287,-0.17,-0.062,-0.257,-0.274,-0.404,-0.136,0.061,-0.07,-0.14,-0.306,-0.419,1.0,0.295,0.375
17,y2,0.149,-0.065,0.024,0.096,-0.338,-0.474,-0.408,-0.192,-0.076,0.044,-0.292,-0.276,-0.418,0.295,1.0,0.326
17,y3,0.402,-0.339,-0.05,-0.164,-0.345,-0.428,-0.484,-0.137,0.005,-0.002,-0.453,-0.501,-0.548,0.375,0.326,1.0
18,.,1.0,-0.222,-0.269,-0.162,-0.518,-0.409,-0.412,-0.139,0.005,0.083,-0.499,-0.378,-0.503,0.207,0.182,0.429
18,A1_1,-0.222,1.0,0.187,0.253,0.019,-0.016,0.134,0.4,0.182,0.328,0.125,0.181,0.124,-0.3,-0.08,-0.343
18,A1_2,-0.269,0.187,1.0,0.364,-0.107,-0.174,-0.087,0.453,0.3,0.367,-0.118,-0.108,-0.043,-0.172,0.018,-0.053
18,A1_3,-0.162,0.253,0.364,1.0,-0.174,-0.064,-0.16,0.373,0.163,0.123,-0.195,-0.224,-0.086,-0.063,0.091,-0.157
18,B1_1,-0.518,0.019,-0.107,-0.174,1.0,0.51,0.544,-0.116,-0.295,-0.152,0.507,0.567,0.55,-0.289,-0.366,-0.378
18,B1_2,-0.409,-0.016,-0.174,-0.064,0.51,1.0,0.64,-0.113,-0.243,-0.156,0.534,0.573,0.513,-0.313,-0.5,-0.463
18,B1_3,-0.412,0.134,-0.087,-0.16,0.544,0.64,1.0,-0.125,-0.185,-0.151,0.571,0.573,0.563,-0.436,-0.439,-0.515
18,A2_1,-0.139,0.4,0.453,0.373,-0.116,-0.113,-0.125,1.0,0.288,0.383,-0.224,-0.117,-0.008,-0.145,-0.192,-0.141
18,A2_2,0.005,0.182,0.3,0.163,-0.295,-0.243,-0.185,0.288,1.0,0.266,-0.135,-0.134,-0.139,0.057,-0.07,0.006
18,A2_3,0.083,0.328,0.367,0.123,-0.152,-0.156,-0.151,0.383,0.266,1.0,0.002,-0.083,-0.133,-0.073,0.04,-0.005
18,B2_1,-0.499,0.125,-0.118,-0.195,0.507,0.534,0.571,-0.224,-0.135,0.002,1.0,0.557,0.556,-0.181,-0.323,-0.479
18,B2_2,-0.378,0.181,-0.108,-0.224,0.567,0.573,0.573,-0.117,-0.134,-0.083,0.557,1.0,0.551,-0.339,-0.313,-0.527
18,B2_3,-0.503,0.124,-0.043,-0.086,0.55,0.513,0.563,-0.008,-0.139,-0.133,0.556,0.551,1.0,-0.447,-0.446,-0.573
18,y1,0.207,-0.3,-0.172,-0.063,-0.289,-0.313,-0.436,-0.145,0.057,-0.073,-0.181,-0.339,-0.447,1.0,0.34,0.416
18,y2,0.182,-0.08,0.018,0.091,-0.366,-0.5,-0.439,-0.192,-0.07,0.04,-0.323,-0.313,-0.446,0.34,1.0,0.372
18,y3,0.429,-0.343,-0.053,-0.157,-0.378,-0.463,-0.515,-0.141,0.006,-0.005,-0.479,-0.527,-0.573,0.416,0.372,1.0
19,.,1.0,-0.231,-0.266,-0.162,-0.542,-0.435,-0.439,-0.14,0.004,0.077,-0.522,-0.41,-0.527,0.242,0.214,0.455
19,A1_1,-0.231,1.0,0.212,0.275,0.016,-0.017,0.124,0.42,0.204,0.346,0.114,0.169,0.119,-0.311,-0.094,-0.345
19,A1_2,-0.266,0.212,1.0,0.385,-0.116,-0.178,-0.097,0.472,0.322,0.386,-0.128,-0.117,-0.052,-0.173,0.012,-0.056
19,A1_3,-0.162,0.275,0.385,1.0,-0.182,-0.077,-0.169,0.395,0.188,0.148,-0.205,-0.23,-0.096,-0.065,0.086,-0.15
19,B1_1,-0.542,0.016,-0.116,-0.182,1.0,0.542,0.575,-0.124,-0.302,-0.163,0.541,0.597,0.581,-0.32,-0.393,-0.41
19,B1_2,-0.435,-0.017,-0.178,-0.077,0.542,1.0,0.665,-0.12,-0.25,-0.167,0.565,0.602,0.546,-0.35,-0.524,-0.496
19,B1_3,-0.439,0.124,-0.097,-0.169,0.575,0.665,1.0,-0.133,-0.196,-0.162,0.601,0.603,0.594,-0.467,-0.469,-0.545
19,A2_1,-0.14,0.42,0.472,0.395,-0.124,-0.12,-0.133,1.0,0.311,0.403,-0.228,-0.126,-0.02,-0.153,-0.191,-0.145
19,A2_2,0.004,0.204,0.322,0.188,-0.302,-0.25,-0.196,0.311,1.0,0.285,-0.15,-0.148,-0.15,0.053,-0.064,0.007
19,A2_3,0.077,0.346,0.386,0.148,-0.163,-0.167,-0.162,0.403,0.285,1.0,-0.018,-0.099,-0.142,-0.075,0.037,-0.007
19,B2_1,-0.522,0.114,-0.128,-0.205,0.541,0.565,0.601,-0.228,-0.15,-0.018,1.0,0.588,0.587,-0.22,-0.354,-0.504
19,B2_2,-0.41,0.169,-0.117,-0.23,0.597,0.602,0.603,-0.126,-0.148,-0.099,0.588,1.0,0.582,-0.371,-0.347,-0.552
19,B2_3,-0.527,0.119,-0.052,-0.096,0.581,0.546,0.594,-0.02,-0.15,-0.142,0.587,0.582,1.0,-0.474,-0.473,-0.596
19,y1,0.242,-0.311,-0.173,-0.065,-0.32,-0.35,-0.467,-0.153,0.053,-0.075,-0.22,-0.371,-0.474,1.0,0.385,0.457
19,y2,0.214,-0.094,0.012,0.086,-0.393,-0.524,-0.469,-0.191,-0.064,0.037,-0.354,-0.347,-0.473,0.385,1.0,0.417
19,y3,0.455,-0.345,-0.056,-0.15,-0.41,-0.496,-0.545,-0.145,0.007,-0.007,-0.504,-0.552,-0.596,0.457,0.417,1.0
20,.,1.0,-0.238,-0.262,-0.161,-0.564,-0.46,-0.465,-0.141,0.003,0.072,-0.544,-0.439,-0.549,0.276,0.245,0.479
20,A1_1,-0.238,1.0,0.237,0.297,0.012,-0.019,0.114,0.439,0.226,0.363,0.103,0.157,0.112,-0.32,-0.107,-0.347
20,A1_2,-0.262,0.237,1.0,0.406,-0.124,-0.182,-0.106,0.491,0.343,0.405,-0.138,-0.126,-0.061,-0.173,0.007,-0.059
20,A1_3,-0.161,0.297,0.406,1.0,-0.191,-0.09,-0.178,0.416,0.213,0.174,-0.214,-0.237,-0.106,-0.066,0.082,-0.143
20,B1_1,-0.564,0.012,-0.124,-0.191,1.0,0.573,0.604,-0.132,-0.308,-0.174,0.572,0.624,0.609,-0.351,-0.419,-0.44
20,B1_2,-0.46,-0.019,-0.182,-0.09,0.573,1.0,0.688,-0.127,-0.258,-0.176,0.595,0.63,0.577,-0.386,-0.547,-0.526
20,B1_3,-0.465,0.114,-0.106,-0.178,0.604,0.688,1.0,-0.14,-0.206,-0.172,0.628,0.631,0.622,-0.496,-0.496,-0.572
20,A2_1,-0.141,0.439,0.491,0.416,-0.132,-0.127,-0.14,1.0,0.334,0.422,-0.232,-0.135,-0.031,-0.159,-0.19,-0.147
20,A2_2,0.003,0.226,0.343,0.213,-0.308,-0.258,-0.206,0.334,1.0,0.305,-0.165,-0.162,-0.16,0.049,-0.059,0.008
20,A2_3,0.072,0.363,0.405,0.174,-0.174,-0.176,-0.172,0.422,0.305,1.0,-0.038,-0.113,-0.151,-0.077,0.034,-0.009
20,B2_1,-0.544,0.103,-0.138,-0.214,0.572,0.595,0.628,-0.232,-0.165,-0.038,1.0,0.616,0.615,-0.259,-0.383,-0.528
20,B2_2,-0.439,0.157,-0.126,-0.237,0.624,0.63,0.631,-0.135,-0.162,-0.113,0.616,1.0,0.611,-0.402,-0.379,-0.576
20,B2_3,-0.549,0.112,-0.061,-0.106,0.609,0.577,0.622,-0.031,-0.16,-0.151,0.615,0.611,1.0,-0.5,-0.498,-0.618
20,y1,0.276,-0.32,-0.173,-0.066,-0.351,-0.386,-0.496,-0.159,0.049,-0.077,-0.259,-0.402,-0.5,1.0,0.428,0.495
20,y2,0.245,-0.107,0.007,0.082,-0.419,-0.547,-0.496,-0.19,-0.059,0.034,-0.383,-0.379,-0.498,0.428,1.0,0.458
20,y3,0.479,-0.347,-0.059,-0.143,-0.44,-0.526,-0.572,-0.147,0.008,-0.009,-0.528,-0.576,-0.618,0.495,0.458,1.0
21,.,1.0,-0.244,-0.257,-0.16,-0.584,-0.483,-0.488,-0.141,0.002,0.067,-0.564,-0.466,-0.57,0.309,0.274,0.501
21,A1_1,-0.244,1.0,0.261,0.32,0.007,-0.021,0.104,0.458,0.249,0.381,0.092,0.145,0.106,-0.328,-0.118,-0.348
21,A1_2,-0.257,0.261,1.0,0.426,-0.132,-0.187,-0.115,0.508,0.364,0.423,-0.147,-0.134,-0.07,-0.173,0.002,-0.061
21,A1_3,-0.16,0.32,0.426,1.0,-0.199,-0.102,-0.186,0.437,0.238,0.199,-0.222,-0.243,-0.116,-0.067,0.077,-0.137
21,B1_1,-0.584,0.007,-0.132,-0.199,1.0,0.601,0.631,-0.14,-0.313,-0.185,0.601,0.65,0.636,-0.381,-0.444,-0.468
21,B1_2,-0.483,-0.021,-0.187,-0.102,0.601,1.0,0.709,-0.135,-0.265,-0.186,0.622,0.655,0.605,-0.42,-0.569,-0.553
21,B1_3,-0.488,0.104,-0.115,-0.186,0.631,0.709,1.0,-0.148,-0.216,-0.182,0.654,0.657,0.648,-0.523,-0.521,-0.597
21,A2_1,-0.141,0.458,0.508,0.437,-0.14,-0.135,-0.148,1.0,0.356,0.441,-0.236,-0.143,-0.042,-0.165,-0.189,-0.15
21,A2_2,0.002,0.249,0.364,0.238,-0.313,-0.265,-0.216,0.356,1.0,0.325,-0.18,-0.176,-0.17,0.045,-0.054,0.009
21,A2_3,0.067,0.381,0.423,0.199,-0.185,-0.186,-0.182,0.441,0.325,1.0,-0.056,-0.127,-0.16,-0.079,0.031,-0.011
21,B2_1,-0.564,0.092,-0.147,-0.222,0.601,0.622,0.654,-0.236,-0.18,-0.056,1.0,0.643,0.642,-0.295,-0.411,-0.55
21,B2_2,-0.466,0.145,-0.134,-0.243,0.65,0.655,0.657,-0.143,-0.176,-0.127,0.643,1.0,0.638,-0.432,-0.41,-0.598
21,B2_3,-0.57,0.106,-0.07,-0.116,0.636,0.605,0.648,-0.042,-0.17,-0.16,0.642,0.638,1.0,-0.525,-0.522,-0.638
21,y1,0.309,-0.328,-0.173,-0.067,-0.381,-0.42,-0.523,-0.165,0.045,-0.079,-0.295,-0.432,-0.525,1.0,0.468,0.532
21,y2,0.274,-0.118,0.002,0.077,-0.444,-0.569,-0.521,-0.189,-0.054,0.031,-0.411,-0.41,-0.522,0.468,1.0,0.497
21,y3,0.501,-0.348,-0.061,-0.137,-0.468,-0.553,-0.597,-0.15,0.009,-0.011,-0.55,-0.598,-0.638,0.532,0.497,1.0
22,.,1.0,-0.248,-0.253,-0.159,-0.603,-0.504,-0.51,-0.141,0.001,0.062,-0.582,-0.491,-0.589,0.339,0.302,0.522
22,A1_1,-0.248,1.0,0.285,0.341,0.002,-0.024,0.094,0.477,0.271,0.399,0.081,0.133,0.098,-0.334,-0.129,-0.348
22,A1_2,-0.253,0.285,1.0,0.445,-0.14,-0.191,-0.123,0.526,0.385,0.442,-0.155,-0.142,-0.079,-0.172,-0.002,-0.064
22,A1_3,-0.159,0.341,0.445,1.0,-0.207,-0.114,-0.194,0.457,0.262,0.224,-0.23,-0.249,-0.126,-0.067,0.073,-0.13
22,B1_1,-0.603,0.002,-0.14,-0.207,1.0,0.628,0.656,-0.148,-0.319,-0.195,0.628,0.674,0.66,-0.409,-0.468,-0.494
22,B1_2,-0.504,-0.024,-0.191,-0.114,0.628,1.0,0.728,-0.142,-0.271,-0.195,0.647,0.678,0.632,-0.451,-0.589,-0.579
22,B1_3,-0.51,0.094,-0.123,-0.194,0.656,0.728,1.0,-0.154,-0.226,-0.192,0.677,0.68,0.672,-0.549,-0.545,-0.62
22,A2_1,-0.141,0.477,0.526,0.457,-0.148,-0.142,-0.154,1.0,0.378,0.46,-0.24,-0.151,-0.052,-0.169,-0.188,-0.151
22,A2_2,0.001,0.271,0.385,0.262,-0.319,-0.271,-0.226,0.378,1.0,0.344,-0.193,-0.188,-0.18,0.041,-0.049,0.01
22,A2_3,0.062,0.399,0.442,0.224,-0.195,-0.195,-0.192,0.46,0.344,1.0,-0.074,-0.14,-0.169,-0.08,0.028,-0.013
22,B2_1,-0.582,0.081,-0.155,-0.23,0.628,0.647,0.677,-0.24,-0.193,-0.074,1.0,0.667,0.666,-0.33,-0.437,-0.571
22,B2_2,-0.491,0.133,-0.142,-0.249,0.674,0.678,0.68,-0.151,-0.188,-0.14,0.667,1.0,0.663,-0.46,-0.439,-0.618
22,B2_3,-0.589,0.098,-0.079,-0.126,0.66,0.632,0.672,-0.052,-0.18,-0.169,0.666,0.663,1.0,-0.548,-0.544,-0.657
22,y1,0.339,-0.334,-0.172,-0.067,-0.409,-0.451,-0.549,-0.169,0.041,-0.08,-0.33,-0.46,-0.548,1.0,0.506,0.567
22,y2,0.302,-0.129,-0.002,0.073,-0.468,-0.589,-0.545,-0.188,-0.049,0.028,-0.437,-0.439,-0.544,0.506,1.0,0.534
22,y3,0.522,-0.348,-0.064,-0.13,-0.494,-0.579,-0.62,-0.151,0.01,-0.013,-0.571,-0.618,-0.657,0.567,0.534,1.0
23,.,1.0,-0.252,-0.249,-0.157,-0.62,-0.524,-0.53,-0.14,-0.0,0.058,-0.599,-0.514,-0.607,0.368,0.328,0.541
23,A1_1,-0.252,1.0,0.309,0.363,-0.003,-0.027,0.084,0.495,0.293,0.417,0.07,0.121,0.091,-0.338,-0.138,-0.347
23,A1_2,-0.249,0.309,1.0,0.465,-0.148,-0.195,-0.131,0.543,0.405,0.46,-0.163,-0.15,-0.088,-0.171,-0.006,-0.065
23,A1_3,-0.157,0.363,0.465,1.0,-0.214,-0.125,-0.202,0.476,0.286,0.249,-0.238,-0.255,-0.135,-0.068,0.068,-0.125
23,B1_1,-0.62,-0.003,-0.148,-0.214,1.0,0.652,0.679,-0.155,-0.324,-0.204,0.653,0.696,0.683,-0.436,-0.49,-0.519
23,B1_2,-0.524,-0.027,-0.195,-0.125,0.652,1.0,0.746,-0.148,-0.278,-0.203,0.671,0.7,0.656,-0.481,-0.608,-0.603
23,B1_3,-0.53,0.084,-0.131,-0.202,0.679,0.746,1.0,-0.161,-0.234,-0.201,0.699,0.702,0.694,-0.573,-0.567,-0.64
23,A2_1,-0.14,0.495,0.543,0.476,-0.155,-0.148,-0.161,1.0,0.4,0.478,-0.244,-0.158,-0.063,-0.173,-0.186,-0.152
23,A2_2,-0.0,0.293,0.405,0.286,-0.324,-0.278,-0.234,0.4,1.0,0.364,-0.205,-0.2,-0.189,0.037,-0.045,0.01
23,A2_3,0.058,0.417,0.46,0.249,-0.204,-0.203,-0.201,0.478,0.364,1.0,-0.09,-0.153,-0.177,-0.081,0.025,-0.015
23,B2_1,-0.599,0.07,-0.163,-0.238,0.653,0.671,0.699,-0.244,-0.205,-0.09,1.0,0.69,0.689,-0.363,-0.461,-0.59
23,B2_2,-0.514,0.121,-0.15,-0.255,0.696,0.7,0.702,-0.158,-0.2,-0.153,0.69,1.0,0.686,-0.487,-0.466,-0.637
23,B2_3,-0.607,0.091,-0.088,-0.135,0.683,0.656,0.694,-0.063,-0.189,-0.177,0.689,0.686,1.0,-0.57,-0.565,-0.674
23,y1,0.368,-0.338,-0.171,-0.068,-0.436,-0.481,-0.573,-0.173,0.037,-0.081,-0.363,-0.487,-0.57,1.0,0.542,0.6
23,y2,0.328,-0.138,-0.006,0.068,-0.49,-0.608,-0.567,-0.186,-0.045,0.025,-0.461,-0.466,-0.565,0.542,1.0,0.568
23,y3,0.541,-0.347,-0.065,-0.125,-0.519,-0.603,-0.64,-0.152,0.01,-0.015,-0.59,-0.637,-0.674,0.6,0.568,1.0
24,.,1.0,-0.255,-0.244,-0.156,-0.636,-0.543,-0.548,-0.14,-0.001,0.054,-0.615,-0.535,-0.623,0.395,0.353,0.558
24,A1_1,-0.255,1.0,0.332,0.384,-0.008,-0.031,0.074,0.512,0.315,0.434,0.059,0.109,0.083,-0.342,-0.147,-0.346
