,,.,A1_1,A1_2,A1_3,B1_1,B1_2,B1_3,A2_1,A2_2,A2_3,B2_1,B2_2,B2_3,y1,y2,y3
0,.,1.0,0.03,0.393,0.217,-0.507,0.665,-0.179,-0.134,0.203,-0.029,0.193,-0.044,0.195,0.148,0.136,0.049
0,A1_1,0.03,1.0,-0.309,-0.468,-0.15,-0.497,-0.282,-0.467,-0.016,0.157,-0.015,-0.39,0.505,0.504,0.235,-0.021
0,A1_2,0.393,-0.309,1.0,0.534,-0.39,0.479,-0.194,0.08,0.673,-0.035,-0.046,0.201,-0.373,0.18,0.225,0.307
0,A1_3,0.217,-0.468,0.534,1.0,-0.366,0.343,0.289,0.062,0.312,0.126,-0.015,-0.079,-0.577,0.038,-0.025,0.365
0,B1_1,-0.507,-0.15,-0.39,-0.366,1.0,-0.041,-0.055,0.333,0.086,-0.076,-0.164,-0.078,0.235,-0.257,-0.248,0.012
0,B1_2,0.665,-0.497,0.479,0.343,-0.041,1.0,0.058,0.316,0.272,-0.264,-0.131,0.071,-0.12,-0.411,0.044,0.267
0,B1_3,-0.179,-0.282,-0.194,0.289,-0.055,0.058,1.0,0.351,-0.322,-0.215,0.036,-0.198,-0.294,-0.505,0.093,-0.249
0,A2_1,-0.134,-0.467,0.08,0.062,0.333,0.316,0.351,1.0,0.31,-0.296,0.013,-0.449,0.154,-0.398,-0.199,-0.308
0,A2_2,0.203,-0.016,0.673,0.312,0.086,0.272,-0.322,0.31,1.0,-0.08,0.088,-0.361,0.129,0.265,0.17,0.24
0,A2_3,-0.029,0.157,-0.035,0.126,-0.076,-0.264,-0.215,-0.296,-0.08,1.0,0.198,-0.034,-0.312,0.568,0.304,-0.195
0,B2_1,0.193,-0.015,-0.046,-0.015,-0.164,-0.131,0.036,0.013,0.088,0.198,1.0,-0.029,0.218,0.307,0.439,-0.728
0,B2_2,-0.044,-0.39,0.201,-0.079,-0.078,0.071,-0.198,-0.449,-0.361,-0.034,-0.029,1.0,-0.444,-0.125,0.015,0.11
0,B2_3,0.195,0.505,-0.373,-0.577,0.235,-0.12,-0.294,0.154,0.129,-0.312,0.218,-0.444,1.0,0.251,-0.275,-0.328
0,y1,0.148,0.504,0.18,0.038,-0.257,-0.411,-0.505,-0.398,0.265,0.568,0.307,-0.125,0.251,1.0,0.047,-0.182
0,y2,0.136,0.235,0.225,-0.025,-0.248,0.044,0.093,-0.199,0.17,0.304,0.439,0.015,-0.275,0.047,1.0,-0.208
0,y3,0.049,-0.021,0.307,0.365,0.012,0.267,-0.249,-0.308,0.24,-0.195,-0.728,0.11,-0.328,-0.182,-0.208,1.0
1,.,1.0,0.029,0.392,0.215,-0.505,0.668,-0.179,-0.136,0.201,-0.031,0.19,-0.041,0.196,0.146,0.132,0.053
1,A1_1,0.029,1.0,-0.308,-0.468,-0.149,-0.495,-0.28,-0.467,-0.016,0.157,-0.013,-0.388,0.506,0.504,0.235,-0.021
1,A1_2,0.392,-0.308,1.0,0.534,-0.391,0.477,-0.195,0.081,0.674,-0.034,-0.048,0.201,-0.374,0.18,0.224,0.307
1,A1_3,0.215,-0.468,0.534,1.0,-0.367,0.341,0.289,0.062,0.312,0.126,-0.016,-0.078,-0.578,0.038,-0.026,0.365
1,B1_1,-0.505,-0.149,-0.391,-0.367,1.0,-0.042,-0.057,0.332,0.087,-0.076,-0.166,-0.08,0.235,-0.256,-0.247,0.013
1,B1_2,0.668,-0.495,0.477,0.341,-0.042,1.0,0.057,0.313,0.273,-0.264,-0.132,0.069,-0.118,-0.411,0.045,0.269
1,B1_3,-0.179,-0.28,-0.195,0.289,-0.057,0.057,1.0,0.35,-0.322,-0.216,0.034,-0.201,-0.294,-0.506,0.094,-0.248
1,A2_1,-0.136,-0.467,0.081,0.062,0.332,0.313,0.35,1.0,0.31,-0.296,0.011,-0.45,0.153,-0.398,-0.2,-0.308
1,A2_2,0.201,-0.016,0.674,0.312,0.087,0.273,-0.322,0.31,1.0,-0.08,0.087,-0.36,0.128,0.266,0.17,0.24
1,A2_3,-0.031,0.157,-0.034,0.126,-0.076,-0.264,-0.216,-0.296,-0.08,1.0,0.197,-0.033,-0.312,0.569,0.303,-0.195
1,B2_1,0.19,-0.013,-0.048,-0.016,-0.166,-0.132,0.034,0.011,0.087,0.197,1.0,-0.031,0.219,0.307,0.439,-0.727
1,B2_2,-0.041,-0.388,0.201,-0.078,-0.08,0.069,-0.201,-0.45,-0.36,-0.033,-0.031,1.0,-0.445,-0.124,0.015,0.112
1,B2_3,0.196,0.506,-0.374,-0.578,0.235,-0.118,-0.294,0.153,0.128,-0.312,0.219,-0.445,1.0,0.251,-0.274,-0.326
1,y1,0.146,0.504,0.18,0.038,-0.256,-0.411,-0.506,-0.398,0.266,0.569,0.307,-0.124,0.251,1.0,0.046,-0.181
1,y2,0.132,0.235,0.224,-0.026,-0.247,0.045,0.094,-0.2,0.17,0.303,0.439,0.015,-0.274,0.046,1.0,-0.207
1,y3,0.053,-0.021,0.307,0.365,0.013,0.269,-0.248,-0.308,0.24,-0.195,-0.727,0.112,-0.326,-0.181,-0.207,1.0
2,.,1.0,0.028,0.391,0.213,-0.503,0.671,-0.179,-0.137,0.199,-0.033,0.186,-0.038,0.197,0.145,0.128,0.055
2,A1_1,0.028,1.0,-0.308,-0.469,-0.147,-0.492,-0.279,-0.467,-0.017,0.156,-0.012,-0.386,0.508,0.504,0.234,-0.021
2,A1_2,0.391,-0.308,1.0,0.534,-0.391,0.475,-0.197,0.081,0.674,-0.033,-0.05,0.202,-0.375,0.18,0.223,0.307
2,A1_3,0.213,-0.469,0.534,1.0,-0.368,0.34,0.288,0.062,0.312,0.126,-0.017,-0.078,-0.579,0.039,-0.026,0.365
2,B1_1,-0.503,-0.147,-0.391,-0.368,1.0,-0.043,-0.06,0.331,0.087,-0.076,-0.167,-0.082,0.235,-0.255,-0.246,0.014
2,B1_2,0.671,-0.492,0.475,0.34,-0.043,1.0,0.055,0.311,0.273,-0.264,-0.134,0.067,-0.117,-0.411,0.046,0.271
2,B1_3,-0.179,-0.279,-0.197,0.288,-0.06,0.055,1.0,0.349,-0.323,-0.216,0.033,-0.204,-0.294,-0.507,0.095,-0.247
2,A2_1,-0.137,-0.467,0.081,0.062,0.331,0.311,0.349,1.0,0.311,-0.297,0.009,-0.45,0.151,-0.398,-0.201,-0.308
2,A2_2,0.199,-0.017,0.674,0.312,0.087,0.273,-0.323,0.311,1.0,-0.08,0.086,-0.359,0.128,0.266,0.169,0.24
2,A2_3,-0.033,0.156,-0.033,0.126,-0.076,-0.264,-0.216,-0.297,-0.08,1.0,0.197,-0.032,-0.313,0.569,0.303,-0.194
2,B2_1,0.186,-0.012,-0.05,-0.017,-0.167,-0.134,0.033,0.009,0.086,0.197,1.0,-0.033,0.219,0.307,0.439,-0.726
2,B2_2,-0.038,-0.386,0.202,-0.078,-0.082,0.067,-0.204,-0.45,-0.359,-0.032,-0.033,1.0,-0.445,-0.124,0.016,0.113
2,B2_3,0.197,0.508,-0.375,-0.579,0.235,-0.117,-0.294,0.151,0.128,-0.313,0.219,-0.445,1.0,0.251,-0.274,-0.325
2,y1,0.145,0.504,0.18,0.039,-0.255,-0.411,-0.507,-0.398,0.266,0.569,0.307,-0.124,0.251,1.0,0.045,-0.181
2,y2,0.128,0.234,0.223,-0.026,-0.246,0.046,0.095,-0.201,0.169,0.303,0.439,0.016,-0.274,0.045,1.0,-0.206
2,y3,0.055,-0.021,0.307,0.365,0.014,0.271,-0.247,-0.308,0.24,-0.194,-0.726,0.113,-0.325,-0.181,-0.206,1.0
3,.,1.0,0.028,0.39,0.21,-0.501,0.674,-0.179,-0.137,0.198,-0.036,0.183,-0.036,0.199,0.143,0.124,0.057
3,A1_1,0.028,1.0,-0.308,-0.469,-0.145,-0.49,-0.277,-0.467,-0.017,0.155,-0.01,-0.385,0.509,0.504,0.234,-0.022
3,A1_2,0.39,-0.308,1.0,0.534,-0.392,0.473,-0.198,0.082,0.675,-0.032,-0.051,0.202,-0.376,0.18,0.222,0.307
3,A1_3,0.21,-0.469,0.534,1.0,-0.37,0.338,0.287,0.061,0.312,0.126,-0.018,-0.078,-0.58,0.039,-0.027,0.366
3,B1_1,-0.501,-0.145,-0.392,-0.37,1.0,-0.044,-0.062,0.33,0.086,-0.077,-0.168,-0.083,0.236,-0.255,-0.245,0.016
3,B1_2,0.674,-0.49,0.473,0.338,-0.044,1.0,0.053,0.309,0.273,-0.263,-0.135,0.065,-0.116,-0.411,0.046,0.273
3,B1_3,-0.179,-0.277,-0.198,0.287,-0.062,0.053,1.0,0.348,-0.323,-0.216,0.032,-0.207,-0.294,-0.507,0.096,-0.246
3,A2_1,-0.137,-0.467,0.082,0.061,0.33,0.309,0.348,1.0,0.311,-0.297,0.008,-0.451,0.149,-0.398,-0.201,-0.308
3,A2_2,0.198,-0.017,0.675,0.312,0.086,0.273,-0.323,0.311,1.0,-0.08,0.086,-0.358,0.127,0.266,0.169,0.24
3,A2_3,-0.036,0.155,-0.032,0.126,-0.077,-0.263,-0.216,-0.297,-0.08,1.0,0.197,-0.031,-0.313,0.569,0.303,-0.194
3,B2_1,0.183,-0.01,-0.051,-0.018,-0.168,-0.135,0.032,0.008,0.086,0.197,1.0,-0.035,0.219,0.307,0.439,-0.725
3,B2_2,-0.036,-0.385,0.202,-0.078,-0.083,0.065,-0.207,-0.451,-0.358,-0.031,-0.035,1.0,-0.445,-0.124,0.017,0.115
3,B2_3,0.199,0.509,-0.376,-0.58,0.236,-0.116,-0.294,0.149,0.127,-0.313,0.219,-0.445,1.0,0.251,-0.273,-0.324
3,y1,0.143,0.504,0.18,0.039,-0.255,-0.411,-0.507,-0.398,0.266,0.569,0.307,-0.124,0.251,1.0,0.044,-0.18
3,y2,0.124,0.234,0.222,-0.027,-0.245,0.046,0.096,-0.201,0.169,0.303,0.439,0.017,-0.273,0.044,1.0,-0.205
3,y3,0.057,-0.022,0.307,0.366,0.016,0.273,-0.246,-0.308,0.24,-0.194,-0.725,0.115,-0.324,-0.18,-0.205,1.0
4,.,1.0,0.027,0.388,0.207,-0.499,0.676,-0.179,-0.137,0.195,-0.038,0.179,-0.033,0.201,0.142,0.12,0.059
4,A1_1,0.027,1.0,-0.307,-0.47,-0.144,-0.488,-0.275,-0.467,-0.017,0.155,-0.009,-0.383,0.51,0.504,0.233,-0.023
4,A1_2,0.388,-0.307,1.0,0.535,-0.392,0.471,-0.199,0.083,0.675,-0.032,-0.052,0.203,-0.376,0.18,0.222,0.306
4,A1_3,0.207,-0.47,0.535,1.0,-0.371,0.337,0.286,0.061,0.313,0.126,-0.019,-0.078,-0.581,0.04,-0.027,0.366
4,B1_1,-0.499,-0.144,-0.392,-0.371,1.0,-0.044,-0.064,0.329,0.086,-0.077,-0.169,-0.085,0.236,-0.254,-0.244,0.017
4,B1_2,0.676,-0.488,0.471,0.337,-0.044,1.0,0.051,0.307,0.273,-0.263,-0.136,0.063,-0.115,-0.411,0.047,0.275
4,B1_3,-0.179,-0.275,-0.199,0.286,-0.064,0.051,1.0,0.347,-0.324,-0.217,0.031,-0.211,-0.294,-0.508,0.097,-0.245
4,A2_1,-0.137,-0.467,0.083,0.061,0.329,0.307,0.347,1.0,0.311,-0.297,0.006,-0.452,0.148,-0.398,-0.202,-0.309
4,A2_2,0.195,-0.017,0.675,0.313,0.086,0.273,-0.324,0.311,1.0,-0.08,0.086,-0.357,0.126,0.267,0.168,0.24
4,A2_3,-0.038,0.155,-0.032,0.126,-0.077,-0.263,-0.217,-0.297,-0.08,1.0,0.196,-0.03,-0.313,0.57,0.302,-0.194
4,B2_1,0.179,-0.009,-0.052,-0.019,-0.169,-0.136,0.031,0.006,0.086,0.196,1.0,-0.037,0.22,0.308,0.44,-0.723
4,B2_2,-0.033,-0.383,0.203,-0.078,-0.085,0.063,-0.211,-0.452,-0.357,-0.03,-0.037,1.0,-0.445,-0.123,0.017,0.116
4,B2_3,0.201,0.51,-0.376,-0.581,0.236,-0.115,-0.294,0.148,0.126,-0.313,0.22,-0.445,1.0,0.251,-0.273,-0.323
4,y1,0.142,0.504,0.18,0.04,-0.254,-0.411,-0.508,-0.398,0.267,0.57,0.308,-0.123,0.251,1.0,0.043,-0.18
4,y2,0.12,0.233,0.222,-0.027,-0.244,0.047,0.097,-0.202,0.168,0.302,0.44,0.017,-0.273,0.043,1.0,-0.205
4,y3,0.059,-0.023,0.306,0.366,0.017,0.275,-0.245,-0.309,0.24,-0.194,-0.723,0.116,-0.323,-0.18,-0.205,1.0
5,.,1.0,0.026,0.387,0.205,-0.497,0.679,-0.179,-0.136,0.193,-0.041,0.176,-0.031,0.203,0.14,0.116,0.061
5,A1_1,0.026,1.0,-0.307,-0.47,-0.143,-0.485,-0.274,-0.468,-0.018,0.154,-0.007,-0.381,0.511,0.505,0.232,-0.023
5,A1_2,0.387,-0.307,1.0,0.535,-0.393,0.469,-0.2,0.083,0.675,-0.031,-0.053,0.204,-0.377,0.179,0.221,0.306
5,A1_3,0.205,-0.47,0.535,1.0,-0.372,0.336,0.285,0.061,0.313,0.125,-0.02,-0.078,-0.582,0.04,-0.027,0.367
5,B1_1,-0.497,-0.143,-0.393,-0.372,1.0,-0.044,-0.066,0.327,0.086,-0.077,-0.17,-0.086,0.237,-0.254,-0.243,0.018
5,B1_2,0.679,-0.485,0.469,0.336,-0.044,1.0,0.05,0.304,0.273,-0.262,-0.137,0.061,-0.114,-0.411,0.048,0.277
5,B1_3,-0.179,-0.274,-0.2,0.285,-0.066,0.05,1.0,0.346,-0.324,-0.217,0.03,-0.214,-0.294,-0.508,0.098,-0.244
5,A2_1,-0.136,-0.468,0.083,0.061,0.327,0.304,0.346,1.0,0.311,-0.297,0.005,-0.452,0.146,-0.398,-0.203,-0.309
5,A2_2,0.193,-0.018,0.675,0.313,0.086,0.273,-0.324,0.311,1.0,-0.08,0.085,-0.356,0.126,0.267,0.167,0.24
5,A2_3,-0.041,0.154,-0.031,0.125,-0.077,-0.262,-0.217,-0.297,-0.08,1.0,0.196,-0.029,-0.313,0.57,0.302,-0.194
5,B2_1,0.176,-0.007,-0.053,-0.02,-0.17,-0.137,0.03,0.005,0.085,0.196,1.0,-0.038,0.22,0.308,0.441,-0.722
5,B2_2,-0.031,-0.381,0.204,-0.078,-0.086,0.061,-0.214,-0.452,-0.356,-0.029,-0.038,1.0,-0.445,-0.123,0.018,0.118
5,B2_3,0.203,0.511,-0.377,-0.582,0.237,-0.114,-0.294,0.146,0.126,-0.313,0.22,-0.445,1.0,0.251,-0.272,-0.323
5,y1,0.14,0.505,0.179,0.04,-0.254,-0.411,-0.508,-0.398,0.267,0.57,0.308,-0.123,0.251,1.0,0.043,-0.18
5,y2,0.116,0.232,0.221,-0.027,-0.243,0.048,0.098,-0.203,0.167,0.302,0.441,0.018,-0.272,0.043,1.0,-0.205
5,y3,0.061,-0.023,0.306,0.367,0.018,0.277,-0.244,-0.309,0.24,-0.194,-0.722,0.118,-0.323,-0.18,-0.205,1.0
6,.,1.0,0.025,0.386,0.202,-0.495,0.681,-0.179,-0.136,0.192,-0.043,0.173,-0.029,0.205,0.139,0.112,0.062
6,A1_1,0.025,1.0,-0.306,-0.47,-0.142,-0.483,-0.272,-0.468,-0.018,0.153,-0.006,-0.379,0.512,0.505,0.232,-0.024
6,A1_2,0.386,-0.306,1.0,0.536,-0.394,0.467,-0.201,0.084,0.676,-0.03,-0.054,0.204,-0.378,0.179,0.221,0.306
6,A1_3,0.202,-0.47,0.536,1.0,-0.374,0.334,0.284,0.061,0.313,0.126,-0.021,-0.078,-0.582,0.041,-0.027,0.367
6,B1_1,-0.495,-0.142,-0.394,-0.374,1.0,-0.044,-0.068,0.326,0.086,-0.077,-0.17,-0.087,0.237,-0.253,-0.242,0.019
6,B1_2,0.681,-0.483,0.467,0.334,-0.044,1.0,0.048,0.302,0.273,-0.262,-0.138,0.059,-0.112,-0.411,0.049,0.279
6,B1_3,-0.179,-0.272,-0.201,0.284,-0.068,0.048,1.0,0.345,-0.325,-0.217,0.029,-0.217,-0.294,-0.509,0.1,-0.243
6,A2_1,-0.136,-0.468,0.084,0.061,0.326,0.302,0.345,1.0,0.311,-0.297,0.004,-0.453,0.144,-0.398,-0.203,-0.309
6,A2_2,0.192,-0.018,0.676,0.313,0.086,0.273,-0.325,0.311,1.0,-0.08,0.085,-0.354,0.125,0.267,0.167,0.24
6,A2_3,-0.043,0.153,-0.03,0.126,-0.077,-0.262,-0.217,-0.297,-0.08,1.0,0.195,-0.027,-0.313,0.571,0.301,-0.194
6,B2_1,0.173,-0.006,-0.054,-0.021,-0.17,-0.138,0.029,0.004,0.085,0.195,1.0,-0.04,0.221,0.308,0.441,-0.721
6,B2_2,-0.029,-0.379,0.204,-0.078,-0.087,0.059,-0.217,-0.453,-0.354,-0.027,-0.04,1.0,-0.445,-0.123,0.019,0.119
6,B2_3,0.205,0.512,-0.378,-0.582,0.237,-0.112,-0.294,0.144,0.125,-0.313,0.221,-0.445,1.0,0.25,-0.272,-0.322
6,y1,0.139,0.505,0.179,0.041,-0.253,-0.411,-0.509,-0.398,0.267,0.571,0.308,-0.123,0.25,1.0,0.043,-0.181
6,y2,0.112,0.232,0.221,-0.027,-0.242,0.049,0.1,-0.203,0.167,0.301,0.441,0.019,-0.272,0.043,1.0,-0.204
6,y3,0.062,-0.024,0.306,0.367,0.019,0.279,-0.243,-0.309,0.24,-0.194,-0.721,0.119,-0.322,-0.181,-0.204,1.0
7,.,1.0,0.025,0.385,0.199,-0.493,0.684,-0.179,-0.135,0.19,-0.046,0.169,-0.027,0.208,0.138,0.107,0.063
7,A1_1,0.025,1.0,-0.306,-0.471,-0.141,-0.481,-0.271,-0.469,-0.019,0.152,-0.005,-0.377,0.513,0.505,0.232,-0.024
7,A1_2,0.385,-0.306,1.0,0.536,-0.395,0.465,-0.202,0.085,0.676,-0.029,-0.055,0.205,-0.379,0.179,0.22,0.305
7,A1_3,0.199,-0.471,0.536,1.0,-0.375,0.333,0.284,0.061,0.314,0.125,-0.023,-0.078,-0.583,0.041,-0.027,0.367
7,B1_1,-0.493,-0.141,-0.395,-0.375,1.0,-0.045,-0.07,0.325,0.086,-0.078,-0.171,-0.089,0.237,-0.253,-0.241,0.02
7,B1_2,0.684,-0.481,0.465,0.333,-0.045,1.0,0.047,0.3,0.273,-0.262,-0.139,0.058,-0.111,-0.411,0.05,0.281
7,B1_3,-0.179,-0.271,-0.202,0.284,-0.07,0.047,1.0,0.344,-0.325,-0.218,0.028,-0.219,-0.295,-0.51,0.101,-0.242
7,A2_1,-0.135,-0.469,0.085,0.061,0.325,0.3,0.344,1.0,0.312,-0.297,0.002,-0.454,0.143,-0.397,-0.204,-0.31
7,A2_2,0.19,-0.019,0.676,0.314,0.086,0.273,-0.325,0.312,1.0,-0.081,0.085,-0.353,0.124,0.268,0.166,0.24
7,A2_3,-0.046,0.152,-0.029,0.125,-0.078,-0.262,-0.218,-0.297,-0.081,1.0,0.195,-0.026,-0.314,0.571,0.301,-0.194
7,B2_1,0.169,-0.005,-0.055,-0.023,-0.171,-0.139,0.028,0.002,0.085,0.195,1.0,-0.041,0.222,0.309,0.442,-0.72
7,B2_2,-0.027,-0.377,0.205,-0.078,-0.089,0.058,-0.219,-0.454,-0.353,-0.026,-0.041,1.0,-0.445,-0.123,0.019,0.121
7,B2_3,0.208,0.513,-0.379,-0.583,0.237,-0.111,-0.295,0.143,0.124,-0.314,0.222,-0.445,1.0,0.25,-0.271,-0.321
7,y1,0.138,0.505,0.179,0.041,-0.253,-0.411,-0.51,-0.397,0.268,0.571,0.309,-0.123,0.25,1.0,0.042,-0.181
7,y2,0.107,0.232,0.22,-0.027,-0.241,0.05,0.101,-0.204,0.166,0.301,0.442,0.019,-0.271,0.042,1.0,-0.204
7,y3,0.063,-0.024,0.305,0.367,0.02,0.281,-0.242,-0.31,0.24,-0.194,-0.72,0.121,-0.321,-0.181,-0.204,1.0
8,.,1.0,0.024,0.384,0.197,-0.49,0.686,-0.179,-0.134,0.187,-0.048,0.166,-0.026,0.211,0.137,0.102,0.064
8,A1_1,0.024,1.0,-0.305,-0.471,-0.14,-0.479,-0.269,-0.469,-0.02,0.151,-0.003,-0.375,0.514,0.505,0.231,-0.025
8,A1_2,0.384,-0.305,1.0,0.537,-0.396,0.463,-0.203,0.086,0.677,-0.027,-0.056,0.205,-0.379,0.179,0.219,0.305
8,A1_3,0.197,-0.471,0.537,1.0,-0.376,0.332,0.283,0.062,0.314,0.125,-0.024,-0.078,-0.584,0.042,-0.028,0.368
8,B1_1,-0.49,-0.14,-0.396,-0.376,1.0,-0.045,-0.072,0.323,0.085,-0.078,-0.171,-0.089,0.237,-0.253,-0.24,0.021
8,B1_2,0.686,-0.479,0.463,0.332,-0.045,1.0,0.045,0.297,0.273,-0.261,-0.139,0.057,-0.11,-0.411,0.051,0.282
8,B1_3,-0.179,-0.269,-0.203,0.283,-0.072,0.045,1.0,0.343,-0.325,-0.218,0.026,-0.222,-0.295,-0.51,0.102,-0.241
8,A2_1,-0.134,-0.469,0.086,0.062,0.323,0.297,0.343,1.0,0.312,-0.297,0.001,-0.454,0.141,-0.397,-0.204,-0.31
8,A2_2,0.187,-0.02,0.677,0.314,0.085,0.273,-0.325,0.312,1.0,-0.081,0.085,-0.352,0.123,0.268,0.165,0.239
8,A2_3,-0.048,0.151,-0.027,0.125,-0.078,-0.261,-0.218,-0.297,-0.081,1.0,0.195,-0.025,-0.314,0.572,0.301,-0.194
8,B2_1,0.166,-0.003,-0.056,-0.024,-0.171,-0.139,0.026,0.001,0.085,0.195,1.0,-0.043,0.223,0.309,0.443,-0.719
8,B2_2,-0.026,-0.375,0.205,-0.078,-0.089,0.057,-0.222,-0.454,-0.352,-0.025,-0.043,1.0,-0.444,-0.123,0.02,0.122
8,B2_3,0.211,0.514,-0.379,-0.584,0.237,-0.11,-0.295,0.141,0.123,-0.314,0.223,-0.444,1.0,0.25,-0.271,-0.321
8,y1,0.137,0.505,0.179,0.042,-0.253,-0.411,-0.51,-0.397,0.268,0.572,0.309,-0.123,0.25,1.0,0.042,-0.181
8,y2,0.102,0.231,0.219,-0.028,-0.24,0.051,0.102,-0.204,0.165,0.301,0.443,0.02,-0.271,0.042,1.0,-0.204
8,y3,0.064,-0.025,0.305,0.368,0.021,0.282,-0.241,-0.31,0.239,-0.194,-0.719,0.122,-0.321,-0.181,-0.204,1.0
9,.,1.0,0.023,0.382,0.194,-0.488,0.688,-0.179,-0.133,0.185,-0.05,0.163,-0.024,0.213,0.136,0.098,0.064
9,A1_1,0.023,1.0,-0.304,-0.472,-0.139,-0.477,-0.268,-0.47,-0.02,0.15,-0.002,-0.373,0.515,0.505,0.23,-0.025
9,A1_2,0.382,-0.304,1.0,0.537,-0.397,0.462,-0.204,0.087,0.678,-0.027,-0.057,0.205,-0.38,0.179,0.219,0.304
9,A1_3,0.194,-0.472,0.537,1.0,-0.377,0.33,0.282,0.062,0.315,0.125,-0.025,-0.078,-0.585,0.042,-0.028,0.368
9,B1_1,-0.488,-0.139,-0.397,-0.377,1.0,-0.045,-0.074,0.322,0.085,-0.078,-0.172,-0.091,0.238,-0.253,-0.239,0.022
9,B1_2,0.688,-0.477,0.462,0.33,-0.045,1.0,0.043,0.295,0.273,-0.261,-0.14,0.055,-0.108,-0.41,0.051,0.284
9,B1_3,-0.179,-0.268,-0.204,0.282,-0.074,0.043,1.0,0.342,-0.325,-0.218,0.025,-0.225,-0.295,-0.511,0.104,-0.24
9,A2_1,-0.133,-0.47,0.087,0.062,0.322,0.295,0.342,1.0,0.312,-0.297,-0.0,-0.455,0.139,-0.397,-0.205,-0.311
9,A2_2,0.185,-0.02,0.678,0.315,0.085,0.273,-0.325,0.312,1.0,-0.081,0.085,-0.351,0.122,0.268,0.165,0.239
9,A2_3,-0.05,0.15,-0.027,0.125,-0.078,-0.261,-0.218,-0.297,-0.081,1.0,0.195,-0.024,-0.315,0.572,0.301,-0.194
9,B2_1,0.163,-0.002,-0.057,-0.025,-0.172,-0.14,0.025,-0.0,0.085,0.195,1.0,-0.044,0.223,0.31,0.444,-0.717
9,B2_2,-0.024,-0.373,0.205,-0.078,-0.091,0.055,-0.225,-0.455,-0.351,-0.024,-0.044,1.0,-0.444,-0.123,0.021,0.124
9,B2_3,0.213,0.515,-0.38,-0.585,0.238,-0.108,-0.295,0.139,0.122,-0.315,0.223,-0.444,1.0,0.25,-0.27,-0.32
9,y1,0.136,0.505,0.179,0.042,-0.253,-0.41,-0.511,-0.397,0.268,0.572,0.31,-0.123,0.25,1.0,0.042,-0.181
9,y2,0.098,0.23,0.219,-0.028,-0.239,0.051,0.104,-0.205,0.165,0.301,0.444,0.021,-0.27,0.042,1.0,-0.204
9,y3,0.064,-0.025,0.304,0.368,0.022,0.284,-0.24,-0.311,0.239,-0.194,-0.717,0.124,-0.32,-0.181,-0.204,1.0
10,.,1.0,0.022,0.381,0.191,-0.487,0.69,-0.178,-0.132,0.183,-0.053,0.159,-0.022,0.215,0.135,0.093,0.065
10,A1_1,0.022,1.0,-0.304,-0.472,-0.139,-0.475,-0.267,-0.47,-0.021,0.149,-0.0,-0.371,0.515,0.506,0.229,-0.026
10,A1_2,0.381,-0.304,1.0,0.538,-0.398,0.46,-0.205,0.088,0.678,-0.026,-0.058,0.206,-0.381,0.178,0.218,0.304
10,A1_3,0.191,-0.472,0.538,1.0,-0.379,0.329,0.281,0.062,0.315,0.125,-0.026,-0.078,-0.586,0.042,-0.028,0.369
10,B1_1,-0.487,-0.139,-0.398,-0.379,1.0,-0.045,-0.076,0.32,0.084,-0.079,-0.172,-0.091,0.238,-0.252,-0.238,0.022
10,B1_2,0.69,-0.475,0.46,0.329,-0.045,1.0,0.042,0.293,0.273,-0.261,-0.14,0.054,-0.107,-0.41,0.052,0.286
10,B1_3,-0.178,-0.267,-0.205,0.281,-0.076,0.042,1.0,0.341,-0.325,-0.219,0.024,-0.228,-0.295,-0.511,0.105,-0.238
10,A2_1,-0.132,-0.47,0.088,0.062,0.32,0.293,0.341,1.0,0.312,-0.297,-0.001,-0.455,0.137,-0.397,-0.205,-0.311
10,A2_2,0.183,-0.021,0.678,0.315,0.084,0.273,-0.325,0.312,1.0,-0.081,0.085,-0.35,0.121,0.268,0.164,0.239
10,A2_3,-0.053,0.149,-0.026,0.125,-0.079,-0.261,-0.219,-0.297,-0.081,1.0,0.194,-0.023,-0.315,0.572,0.301,-0.194
10,B2_1,0.159,-0.0,-0.058,-0.026,-0.172,-0.14,0.024,-0.001,0.085,0.194,1.0,-0.045,0.224,0.31,0.444,-0.716
10,B2_2,-0.022,-0.371,0.206,-0.078,-0.091,0.054,-0.228,-0.455,-0.35,-0.023,-0.045,1.0,-0.443,-0.123,0.021,0.125
10,B2_3,0.215,0.515,-0.381,-0.586,0.238,-0.107,-0.295,0.137,0.121,-0.315,0.224,-0.443,1.0,0.249,-0.269,-0.32
10,y1,0.135,0.506,0.178,0.042,-0.252,-0.41,-0.511,-0.397,0.268,0.572,0.31,-0.123,0.249,1.0,0.042,-0.182
10,y2,0.093,0.229,0.218,-0.028,-0.238,0.052,0.105,-0.205,0.164,0.301,0.444,0.021,-0.269,0.042,1.0,-0.204
10,y3,0.065,-0.026,0.304,0.369,0.022,0.286,-0.238,-0.311,0.239,-0.194,-0.716,0.125,-0.32,-0.182,-0.204,1.0
11,.,1.0,0.022,0.379,0.189,-0.485,0.692,-0.178,-0.13,0.181,-0.055,0.156,-0.021,0.218,0.134,0.088,0.066
11,A1_1,0.022,1.0,-0.303,-0.473,-0.138,-0.474,-0.265,-0.471,-0.021,0.148,0.001,-0.369,0.516,0.506,0.229,-0.026
11,A1_2,0.379,-0.303,1.0,0.538,-0.398,0.458,-0.206,0.089,0.679,-0.025,-0.058,0.206,-0.381,0.178,0.217,0.303
11,A1_3,0.189,-0.473,0.538,1.0,-0.38,0.328,0.28,0.062,0.315,0.125,-0.027,-0.077,-0.587,0.043,-0.028,0.369
11,B1_1,-0.485,-0.138,-0.398,-0.38,1.0,-0.045,-0.078,0.319,0.084,-0.079,-0.172,-0.092,0.238,-0.252,-0.237,0.023
11,B1_2,0.692,-0.474,0.458,0.328,-0.045,1.0,0.041,0.29,0.273,-0.26,-0.14,0.053,-0.105,-0.41,0.053,0.287
11,B1_3,-0.178,-0.265,-0.206,0.28,-0.078,0.041,1.0,0.34,-0.326,-0.219,0.023,-0.231,-0.295,-0.511,0.107,-0.237
11,A2_1,-0.13,-0.471,0.089,0.062,0.319,0.29,0.34,1.0,0.313,-0.297,-0.002,-0.456,0.136,-0.396,-0.205,-0.312
11,A2_2,0.181,-0.021,0.679,0.315,0.084,0.273,-0.326,0.313,1.0,-0.081,0.085,-0.349,0.12,0.269,0.164,0.239
11,A2_3,-0.055,0.148,-0.025,0.125,-0.079,-0.26,-0.219,-0.297,-0.081,1.0,0.194,-0.022,-0.316,0.573,0.3,-0.194
11,B2_1,0.156,0.001,-0.058,-0.027,-0.172,-0.14,0.023,-0.002,0.085,0.194,1.0,-0.046,0.225,0.31,0.445,-0.715
11,B2_2,-0.021,-0.369,0.206,-0.077,-0.092,0.053,-0.231,-0.456,-0.349,-0.022,-0.046,1.0,-0.443,-0.123,0.022,0.126
11,B2_3,0.218,0.516,-0.381,-0.587,0.238,-0.105,-0.295,0.136,0.12,-0.316,0.225,-0.443,1.0,0.249,-0.269,-0.319
11,y1,0.134,0.506,0.178,0.043,-0.252,-0.41,-0.511,-0.396,0.269,0.573,0.31,-0.123,0.249,1.0,0.042,-0.182
11,y2,0.088,0.229,0.217,-0.028,-0.237,0.053,0.107,-0.205,0.164,0.3,0.445,0.022,-0.269,0.042,1.0,-0.204
11,y3,0.066,-0.026,0.303,0.369,0.023,0.287,-0.237,-0.312,0.239,-0.194,-0.715,0.126,-0.319,-0.182,-0.204,1.0
12,.,1.0,0.021,0.378,0.186,-0.483,0.693,-0.176,-0.128,0.179,-0.058,0.153,-0.02,0.221,0.133,0.084,0.066
12,A1_1,0.021,1.0,-0.303,-0.473,-0.137,-0.472,-0.264,-0.471,-0.022,0.147,0.002,-0.367,0.516,0.506,0.228,-0.027
12,A1_2,0.378,-0.303,1.0,0.539,-0.399,0.456,-0.207,0.09,0.679,-0.023,-0.059,0.206,-0.382,0.178,0.217,0.303
12,A1_3,0.186,-0.473,0.539,1.0,-0.381,0.326,0.279,0.062,0.316,0.125,-0.028,-0.077,-0.588,0.044,-0.028,0.37
12,B1_1,-0.483,-0.137,-0.399,-0.381,1.0,-0.045,-0.079,0.317,0.083,-0.08,-0.173,-0.093,0.239,-0.252,-0.236,0.024
12,B1_2,0.693,-0.472,0.456,0.326,-0.045,1.0,0.039,0.288,0.273,-0.26,-0.141,0.052,-0.104,-0.409,0.054,0.289
12,B1_3,-0.176,-0.264,-0.207,0.279,-0.079,0.039,1.0,0.339,-0.326,-0.22,0.022,-0.234,-0.295,-0.512,0.109,-0.236
12,A2_1,-0.128,-0.471,0.09,0.062,0.317,0.288,0.339,1.0,0.313,-0.297,-0.004,-0.456,0.134,-0.396,-0.205,-0.312
12,A2_2,0.179,-0.022,0.679,0.316,0.083,0.273,-0.326,0.313,1.0,-0.081,0.085,-0.347,0.119,0.269,0.163,0.238
12,A2_3,-0.058,0.147,-0.023,0.125,-0.08,-0.26,-0.22,-0.297,-0.081,1.0,0.193,-0.021,-0.316,0.573,0.3,-0.194
12,B2_1,0.153,0.002,-0.059,-0.028,-0.173,-0.141,0.022,-0.004,0.085,0.193,1.0,-0.047,0.226,0.311,0.446,-0.714
12,B2_2,-0.02,-0.367,0.206,-0.077,-0.093,0.052,-0.234,-0.456,-0.347,-0.021,-0.047,1.0,-0.442,-0.123,0.023,0.128
12,B2_3,0.221,0.516,-0.382,-0.588,0.239,-0.104,-0.295,0.134,0.119,-0.316,0.226,-0.442,1.0,0.249,-0.268,-0.319
12,y1,0.133,0.506,0.178,0.044,-0.252,-0.409,-0.512,-0.396,0.269,0.573,0.311,-0.123,0.249,1.0,0.041,-0.182
12,y2,0.084,0.228,0.217,-0.028,-0.236,0.054,0.109,-0.205,0.163,0.3,0.446,0.023,-0.268,0.041,1.0,-0.204
12,y3,0.066,-0.027,0.303,0.37,0.024,0.289,-0.236,-0.312,0.238,-0.194,-0.714,0.128,-0.319,-0.182,-0.204,1.0
13,.,1.0,0.02,0.376,0.184,-0.481,0.695,-0.175,-0.126,0.177,-0.06,0.151,-0.019,0.223,0.132,0.079,0.066
13,A1_1,0.02,1.0,-0.302,-0.473,-0.137,-0.47,-0.262,-0.472,-0.022,0.146,0.003,-0.365,0.517,0.507,0.227,-0.027
13,A1_2,0.376,-0.302,1.0,0.539,-0.4,0.454,-0.208,0.091,0.68,-0.022,-0.06,0.207,-0.383,0.178,0.217,0.302
13,A1_3,0.184,-0.473,0.539,1.0,-0.383,0.325,0.279,0.063,0.316,0.125,-0.029,-0.077,-0.588,0.044,-0.028,0.37
13,B1_1,-0.481,-0.137,-0.4,-0.383,1.0,-0.045,-0.081,0.316,0.083,-0.081,-0.173,-0.094,0.239,-0.252,-0.236,0.024
13,B1_2,0.695,-0.47,0.454,0.325,-0.045,1.0,0.038,0.286,0.273,-0.26,-0.141,0.051,-0.102,-0.409,0.055,0.291
13,B1_3,-0.175,-0.262,-0.208,0.279,-0.081,0.038,1.0,0.338,-0.327,-0.22,0.021,-0.236,-0.295,-0.512,0.11,-0.235
13,A2_1,-0.126,-0.472,0.091,0.063,0.316,0.286,0.338,1.0,0.313,-0.297,-0.005,-0.456,0.132,-0.395,-0.206,-0.312
13,A2_2,0.177,-0.022,0.68,0.316,0.083,0.273,-0.327,0.313,1.0,-0.081,0.085,-0.346,0.118,0.269,0.163,0.238
13,A2_3,-0.06,0.146,-0.022,0.125,-0.081,-0.26,-0.22,-0.297,-0.081,1.0,0.193,-0.019,-0.317,0.574,0.3,-0.195
13,B2_1,0.151,0.003,-0.06,-0.029,-0.173,-0.141,0.021,-0.005,0.085,0.193,1.0,-0.047,0.227,0.311,0.447,-0.712
13,B2_2,-0.019,-0.365,0.207,-0.077,-0.094,0.051,-0.236,-0.456,-0.346,-0.019,-0.047,1.0,-0.441,-0.123,0.024,0.129
13,B2_3,0.223,0.517,-0.383,-0.588,0.239,-0.102,-0.295,0.132,0.118,-0.317,0.227,-0.441,1.0,0.248,-0.268,-0.319
13,y1,0.132,0.507,0.178,0.044,-0.252,-0.409,-0.512,-0.395,0.269,0.574,0.311,-0.123,0.248,1.0,0.042,-0.183
13,y2,0.079,0.227,0.217,-0.028,-0.236,0.055,0.11,-0.206,0.163,0.3,0.447,0.024,-0.268,0.042,1.0,-0.204
13,y3,0.066,-0.027,0.302,0.37,0.024,0.291,-0.235,-0.312,0.238,-0.195,-0.712,0.129,-0.319,-0.183,-0.204,1.0
14,.,1.0,0.019,0.375,0.182,-0.479,0.697,-0.174,-0.125,0.174,-0.063,0.147,-0.018,0.226,0.131,0.074,0.066
14,A1_1,0.019,1.0,-0.302,-0.474,-0.136,-0.468,-0.261,-0.472,-0.023,0.145,0.004,-0.364,0.517,0.507,0.227,-0.028
14,A1_2,0.375,-0.302,1.0,0.54,-0.401,0.452,-0.21,0.092,0.681,-0.021,-0.06,0.207,-0.383,0.178,0.216,0.302
14,A1_3,0.182,-0.474,0.54,1.0,-0.384,0.324,0.278,0.063,0.317,0.125,-0.03,-0.077,-0.589,0.045,-0.028,0.371
14,B1_1,-0.479,-0.136,-0.401,-0.384,1.0,-0.044,-0.083,0.314,0.082,-0.081,-0.173,-0.094,0.239,-0.251,-0.235,0.025
14,B1_2,0.697,-0.468,0.452,0.324,-0.044,1.0,0.036,0.284,0.273,-0.26,-0.141,0.05,-0.101,-0.409,0.056,0.293
14,B1_3,-0.174,-0.261,-0.21,0.278,-0.083,0.036,1.0,0.337,-0.327,-0.221,0.02,-0.239,-0.294,-0.512,0.112,-0.234
14,A2_1,-0.125,-0.472,0.092,0.063,0.314,0.284,0.337,1.0,0.314,-0.297,-0.006,-0.457,0.13,-0.395,-0.206,-0.312
14,A2_2,0.174,-0.023,0.681,0.317,0.082,0.273,-0.327,0.314,1.0,-0.081,0.085,-0.345,0.116,0.269,0.162,0.238
14,A2_3,-0.063,0.145,-0.021,0.125,-0.081,-0.26,-0.221,-0.297,-0.081,1.0,0.193,-0.018,-0.317,0.574,0.3,-0.195
14,B2_1,0.147,0.004,-0.06,-0.03,-0.173,-0.141,0.02,-0.006,0.085,0.193,1.0,-0.048,0.228,0.312,0.448,-0.711
14,B2_2,-0.018,-0.364,0.207,-0.077,-0.094,0.05,-0.239,-0.457,-0.345,-0.018,-0.048,1.0,-0.44,-0.123,0.025,0.13
14,B2_3,0.226,0.517,-0.383,-0.589,0.239,-0.101,-0.294,0.13,0.116,-0.317,0.228,-0.44,1.0,0.248,-0.268,-0.318
14,y1,0.131,0.507,0.178,0.045,-0.251,-0.409,-0.512,-0.395,0.269,0.574,0.312,-0.123,0.248,1.0,0.041,-0.183
14,y2,0.074,0.227,0.216,-0.028,-0.235,0.056,0.112,-0.206,0.162,0.3,0.448,0.025,-0.268,0.041,1.0,-0.204
14,y3,0.066,-0.028,0.302,0.371,0.025,0.293,-0.234,-0.312,0.238,-0.195,-0.711,0.13,-0.318,-0.183,-0.204,1.0
15,.,1.0,0.018,0.373,0.179,-0.478,0.698,-0.173,-0.122,0.172,-0.065,0.144,-0.016,0.228,0.13,0.07,0.066
15,A1_1,0.018,1.0,-0.301,-0.474,-0.136,-0.467,-0.259,-0.472,-0.023,0.144,0.005,-0.362,0.518,0.507,0.226,-0.028
15,A1_2,0.373,-0.301,1.0,0.54,-0.401,0.449,-0.211,0.093,0.681,-0.02,-0.061,0.208,-0.384,0.178,0.215,0.301
15,A1_3,0.179,-0.474,0.54,1.0,-0.385,0.322,0.277,0.063,0.317,0.125,-0.031,-0.077,-0.59,0.045,-0.028,0.371
15,B1_1,-0.478,-0.136,-0.401,-0.385,1.0,-0.044,-0.085,0.313,0.082,-0.082,-0.173,-0.095,0.24,-0.252,-0.234,0.025
15,B1_2,0.698,-0.467,0.449,0.322,-0.044,1.0,0.035,0.282,0.273,-0.26,-0.141,0.049,-0.1,-0.409,0.057,0.294
15,B1_3,-0.173,-0.259,-0.211,0.277,-0.085,0.035,1.0,0.335,-0.327,-0.221,0.019,-0.241,-0.294,-0.512,0.114,-0.232
15,A2_1,-0.122,-0.472,0.093,0.063,0.313,0.282,0.335,1.0,0.315,-0.297,-0.007,-0.457,0.128,-0.395,-0.206,-0.313
15,A2_2,0.172,-0.023,0.681,0.317,0.082,0.273,-0.327,0.315,1.0,-0.081,0.085,-0.344,0.115,0.269,0.161,0.238
15,A2_3,-0.065,0.144,-0.02,0.125,-0.082,-0.26,-0.221,-0.297,-0.081,1.0,0.192,-0.017,-0.318,0.575,0.3,-0.195
15,B2_1,0.144,0.005,-0.061,-0.031,-0.173,-0.141,0.019,-0.007,0.085,0.192,1.0,-0.049,0.229,0.312,0.448,-0.71
15,B2_2,-0.016,-0.362,0.208,-0.077,-0.095,0.049,-0.241,-0.457,-0.344,-0.017,-0.049,1.0,-0.439,-0.124,0.025,0.131
15,B2_3,0.228,0.518,-0.384,-0.59,0.24,-0.1,-0.294,0.128,0.115,-0.318,0.229,-0.439,1.0,0.248,-0.267,-0.318
15,y1,0.13,0.507,0.178,0.045,-0.252,-0.409,-0.512,-0.395,0.269,0.575,0.312,-0.124,0.248,1.0,0.042,-0.184
15,y2,0.07,0.226,0.215,-0.028,-0.234,0.057,0.114,-0.206,0.161,0.3,0.448,0.025,-0.267,0.042,1.0,-0.204
15,y3,0.066,-0.028,0.301,0.371,0.025,0.294,-0.232,-0.313,0.238,-0.195,-0.71,0.131,-0.318,-0.184,-0.204,1.0
16,.,1.0,0.017,0.372,0.177,-0.476,0.699,-0.171,-0.121,0.169,-0.068,0.141,-0.015,0.23,0.128,0.065,0.065
16,A1_1,0.017,1.0,-0.301,-0.475,-0.135,-0.465,-0.258,-0.473,-0.024,0.143,0.006,-0.36,0.518,0.507,0.226,-0.029
16,A1_2,0.372,-0.301,1.0,0.541,-0.402,0.448,-0.212,0.094,0.681,-0.019,-0.061,0.208,-0.385,0.178,0.215,0.301
16,A1_3,0.177,-0.475,0.541,1.0,-0.386,0.321,0.276,0.064,0.318,0.125,-0.032,-0.077,-0.591,0.046,-0.028,0.372
16,B1_1,-0.476,-0.135,-0.402,-0.386,1.0,-0.043,-0.087,0.311,0.081,-0.082,-0.173,-0.095,0.24,-0.251,-0.233,0.026
16,B1_2,0.699,-0.465,0.448,0.321,-0.043,1.0,0.034,0.279,0.273,-0.26,-0.141,0.048,-0.098,-0.408,0.058,0.296
16,B1_3,-0.171,-0.258,-0.212,0.276,-0.087,0.034,1.0,0.334,-0.327,-0.221,0.019,-0.244,-0.294,-0.512,0.115,-0.231
16,A2_1,-0.121,-0.473,0.094,0.064,0.311,0.279,0.334,1.0,0.315,-0.297,-0.008,-0.457,0.126,-0.394,-0.207,-0.313
16,A2_2,0.169,-0.024,0.681,0.318,0.081,0.273,-0.327,0.315,1.0,-0.081,0.085,-0.343,0.114,0.27,0.161,0.237
16,A2_3,-0.068,0.143,-0.019,0.125,-0.082,-0.26,-0.221,-0.297,-0.081,1.0,0.192,-0.016,-0.319,0.575,0.3,-0.194
16,B2_1,0.141,0.006,-0.061,-0.032,-0.173,-0.141,0.019,-0.008,0.085,0.192,1.0,-0.049,0.23,0.313,0.449,-0.708
16,B2_2,-0.015,-0.36,0.208,-0.077,-0.095,0.048,-0.244,-0.457,-0.343,-0.016,-0.049,1.0,-0.438,-0.124,0.026,0.132
16,B2_3,0.23,0.518,-0.385,-0.591,0.24,-0.098,-0.294,0.126,0.114,-0.319,0.23,-0.438,1.0,0.247,-0.267,-0.318
16,y1,0.128,0.507,0.178,0.046,-0.251,-0.408,-0.512,-0.394,0.27,0.575,0.313,-0.124,0.247,1.0,0.042,-0.184
16,y2,0.065,0.226,0.215,-0.028,-0.233,0.058,0.115,-0.207,0.161,0.3,0.449,0.026,-0.267,0.042,1.0,-0.204
16,y3,0.065,-0.029,0.301,0.372,0.026,0.296,-0.231,-0.313,0.237,-0.194,-0.708,0.132,-0.318,-0.184,-0.204,1.0
17,.,1.0,0.016,0.37,0.174,-0.474,0.7,-0.17,-0.118,0.167,-0.071,0.138,-0.014,0.233,0.127,0.06,0.065
17,A1_1,0.016,1.0,-0.3,-0.475,-0.135,-0.464,-0.257,-0.474,-0.024,0.143,0.007,-0.358,0.518,0.508,0.225,-0.029
17,A1_2,0.37,-0.3,1.0,0.541,-0.403,0.446,-0.213,0.095,0.682,-0.018,-0.062,0.208,-0.385,0.177,0.214,0.301
17,A1_3,0.174,-0.475,0.541,1.0,-0.387,0.32,0.275,0.064,0.318,0.125,-0.033,-0.077,-0.592,0.047,-0.028,0.372
17,B1_1,-0.474,-0.135,-0.403,-0.387,1.0,-0.043,-0.088,0.309,0.081,-0.083,-0.173,-0.095,0.241,-0.251,-0.233,0.026
17,B1_2,0.7,-0.464,0.446,0.32,-0.043,1.0,0.033,0.277,0.273,-0.26,-0.141,0.047,-0.097,-0.408,0.059,0.297
17,B1_3,-0.17,-0.257,-0.213,0.275,-0.088,0.033,1.0,0.333,-0.328,-0.222,0.018,-0.246,-0.294,-0.513,0.117,-0.23
17,A2_1,-0.118,-0.474,0.095,0.064,0.309,0.277,0.333,1.0,0.315,-0.296,-0.009,-0.458,0.124,-0.394,-0.207,-0.314
17,A2_2,0.167,-0.024,0.682,0.318,0.081,0.273,-0.328,0.315,1.0,-0.081,0.085,-0.342,0.113,0.269,0.16,0.237
17,A2_3,-0.071,0.143,-0.018,0.125,-0.083,-0.26,-0.222,-0.296,-0.081,1.0,0.191,-0.015,-0.32,0.576,0.3,-0.195
17,B2_1,0.138,0.007,-0.062,-0.033,-0.173,-0.141,0.018,-0.009,0.085,0.191,1.0,-0.05,0.231,0.314,0.45,-0.707
17,B2_2,-0.014,-0.358,0.208,-0.077,-0.095,0.047,-0.246,-0.458,-0.342,-0.015,-0.05,1.0,-0.437,-0.124,0.027,0.133
17,B2_3,0.233,0.518,-0.385,-0.592,0.241,-0.097,-0.294,0.124,0.113,-0.32,0.231,-0.437,1.0,0.247,-0.266,-0.317
17,y1,0.127,0.508,0.177,0.047,-0.251,-0.408,-0.513,-0.394,0.269,0.576,0.314,-0.124,0.247,1.0,0.042,-0.185
17,y2,0.06,0.225,0.214,-0.028,-0.233,0.059,0.117,-0.207,0.16,0.3,0.45,0.027,-0.266,0.042,1.0,-0.204
17,y3,0.065,-0.029,0.301,0.372,0.026,0.297,-0.23,-0.314,0.237,-0.195,-0.707,0.133,-0.317,-0.185,-0.204,1.0
18,.,1.0,0.015,0.368,0.172,-0.473,0.701,-0.169,-0.117,0.164,-0.073,0.134,-0.013,0.235,0.126,0.055,0.066
18,A1_1,0.015,1.0,-0.3,-0.475,-0.134,-0.463,-0.255,-0.474,-0.025,0.142,0.009,-0.357,0.518,0.508,0.225,-0.03
18,A1_2,0.368,-0.3,1.0,0.542,-0.403,0.444,-0.214,0.096,0.683,-0.016,-0.063,0.208,-0.386,0.177,0.214,0.3
18,A1_3,0.172,-0.475,0.542,1.0,-0.389,0.318,0.274,0.064,0.319,0.126,-0.034,-0.077,-0.593,0.047,-0.027,0.373
18,B1_1,-0.473,-0.134,-0.403,-0.389,1.0,-0.042,-0.09,0.308,0.08,-0.083,-0.173,-0.096,0.241,-0.251,-0.232,0.026
18,B1_2,0.701,-0.463,0.444,0.318,-0.042,1.0,0.032,0.275,0.273,-0.26,-0.14,0.047,-0.095,-0.407,0.06,0.298
18,B1_3,-0.169,-0.255,-0.214,0.274,-0.09,0.032,1.0,0.331,-0.328,-0.222,0.017,-0.248,-0.294,-0.513,0.119,-0.229
18,A2_1,-0.117,-0.474,0.096,0.064,0.308,0.275,0.331,1.0,0.316,-0.296,-0.01,-0.458,0.122,-0.393,-0.207,-0.314
18,A2_2,0.164,-0.025,0.683,0.319,0.08,0.273,-0.328,0.316,1.0,-0.081,0.085,-0.341,0.112,0.27,0.159,0.236
18,A2_3,-0.073,0.142,-0.016,0.126,-0.083,-0.26,-0.222,-0.296,-0.081,1.0,0.191,-0.014,-0.32,0.576,0.3,-0.195
18,B2_1,0.134,0.009,-0.063,-0.034,-0.173,-0.14,0.017,-0.01,0.085,0.191,1.0,-0.05,0.232,0.314,0.45,-0.706
18,B2_2,-0.013,-0.357,0.208,-0.077,-0.096,0.047,-0.248,-0.458,-0.341,-0.014,-0.05,1.0,-0.436,-0.124,0.027,0.135
18,B2_3,0.235,0.518,-0.386,-0.593,0.241,-0.095,-0.294,0.122,0.112,-0.32,0.232,-0.436,1.0,0.247,-0.266,-0.317
18,y1,0.126,0.508,0.177,0.047,-0.251,-0.407,-0.513,-0.393,0.27,0.576,0.314,-0.124,0.247,1.0,0.042,-0.185
18,y2,0.055,0.225,0.214,-0.027,-0.232,0.06,0.119,-0.207,0.159,0.3,0.45,0.027,-0.266,0.042,1.0,-0.204
18,y3,0.066,-0.03,0.3,0.373,0.026,0.298,-0.229,-0.314,0.236,-0.195,-0.706,0.135,-0.317,-0.185,-0.204,1.0
19,.,1.0,0.015,0.366,0.169,-0.471,0.702,-0.167,-0.115,0.162,-0.075,0.132,-0.013,0.237,0.126,0.052,0.065
19,A1_1,0.015,1.0,-0.299,-0.475,-0.134,-0.462,-0.254,-0.474,-0.025,0.141,0.01,-0.355,0.519,0.508,0.224,-0.031
19,A1_2,0.366,-0.299,1.0,0.542,-0.404,0.442,-0.215,0.097,0.683,-0.015,-0.063,0.209,-0.387,0.177,0.213,0.3
19,A1_3,0.169,-0.475,0.542,1.0,-0.39,0.316,0.273,0.065,0.319,0.126,-0.035,-0.077,-0.594,0.048,-0.027,0.373
19,B1_1,-0.471,-0.134,-0.404,-0.39,1.0,-0.042,-0.092,0.306,0.079,-0.084,-0.172,-0.096,0.242,-0.251,-0.231,0.027
19,B1_2,0.702,-0.462,0.442,0.316,-0.042,1.0,0.03,0.272,0.273,-0.26,-0.14,0.046,-0.094,-0.407,0.061,0.3
19,B1_3,-0.167,-0.254,-0.215,0.273,-0.092,0.03,1.0,0.33,-0.328,-0.223,0.017,-0.25,-0.294,-0.513,0.121,-0.228
19,A2_1,-0.115,-0.474,0.097,0.065,0.306,0.272,0.33,1.0,0.316,-0.296,-0.011,-0.458,0.121,-0.392,-0.207,-0.315
19,A2_2,0.162,-0.025,0.683,0.319,0.079,0.273,-0.328,0.316,1.0,-0.08,0.085,-0.339,0.111,0.27,0.159,0.236
19,A2_3,-0.075,0.141,-0.015,0.126,-0.084,-0.26,-0.223,-0.296,-0.08,1.0,0.19,-0.013,-0.321,0.577,0.299,-0.195
19,B2_1,0.132,0.01,-0.063,-0.035,-0.172,-0.14,0.017,-0.011,0.085,0.19,1.0,-0.05,0.233,0.315,0.451,-0.704
19,B2_2,-0.013,-0.355,0.209,-0.077,-0.096,0.046,-0.25,-0.458,-0.339,-0.013,-0.05,1.0,-0.435,-0.124,0.028,0.136
19,B2_3,0.237,0.519,-0.387,-0.594,0.242,-0.094,-0.294,0.121,0.111,-0.321,0.233,-0.435,1.0,0.247,-0.265,-0.317
19,y1,0.126,0.508,0.177,0.048,-0.251,-0.407,-0.513,-0.392,0.27,0.577,0.315,-0.124,0.247,1.0,0.042,-0.185
19,y2,0.052,0.224,0.213,-0.027,-0.231,0.061,0.121,-0.207,0.159,0.299,0.451,0.028,-0.265,0.042,1.0,-0.204
19,y3,0.065,-0.031,0.3,0.373,0.027,0.3,-0.228,-0.315,0.236,-0.195,-0.704,0.136,-0.317,-0.185,-0.204,1.0
20,.,1.0,0.014,0.363,0.167,-0.47,0.703,-0.166,-0.113,0.159,-0.078,0.128,-0.012,0.239,0.124,0.047,0.065
20,A1_1,0.014,1.0,-0.298,-0.475,-0.134,-0.461,-0.252,-0.475,-0.025,0.14,0.01,-0.353,0.519,0.508,0.224,-0.031
20,A1_2,0.363,-0.298,1.0,0.543,-0.404,0.439,-0.216,0.098,0.684,-0.014,-0.064,0.209,-0.388,0.177,0.213,0.299
20,A1_3,0.167,-0.475,0.543,1.0,-0.391,0.315,0.271,0.065,0.32,0.126,-0.036,-0.077,-0.594,0.049,-0.027,0.374
20,B1_1,-0.47,-0.134,-0.404,-0.391,1.0,-0.041,-0.093,0.304,0.078,-0.084,-0.172,-0.096,0.242,-0.251,-0.23,0.027
20,B1_2,0.703,-0.461,0.439,0.315,-0.041,1.0,0.029,0.27,0.273,-0.26,-0.14,0.045,-0.092,-0.406,0.061,0.301
20,B1_3,-0.166,-0.252,-0.216,0.271,-0.093,0.029,1.0,0.329,-0.329,-0.223,0.016,-0.252,-0.294,-0.514,0.123,-0.227
20,A2_1,-0.113,-0.475,0.098,0.065,0.304,0.27,0.329,1.0,0.316,-0.295,-0.012,-0.458,0.119,-0.392,-0.207,-0.316
20,A2_2,0.159,-0.025,0.684,0.32,0.078,0.273,-0.329,0.316,1.0,-0.08,0.085,-0.338,0.11,0.27,0.158,0.236
20,A2_3,-0.078,0.14,-0.014,0.126,-0.084,-0.26,-0.223,-0.295,-0.08,1.0,0.19,-0.012,-0.322,0.577,0.299,-0.194
20,B2_1,0.128,0.01,-0.064,-0.036,-0.172,-0.14,0.016,-0.012,0.085,0.19,1.0,-0.051,0.233,0.315,0.451,-0.703
20,B2_2,-0.012,-0.353,0.209,-0.077,-0.096,0.045,-0.252,-0.458,-0.338,-0.012,-0.051,1.0,-0.435,-0.125,0.028,0.136
20,B2_3,0.239,0.519,-0.388,-0.594,0.242,-0.092,-0.294,0.119,0.11,-0.322,0.233,-0.435,1.0,0.246,-0.265,-0.317
20,y1,0.124,0.508,0.177,0.049,-0.251,-0.406,-0.514,-0.392,0.27,0.577,0.315,-0.125,0.246,1.0,0.042,-0.186
20,y2,0.047,0.224,0.213,-0.027,-0.23,0.061,0.123,-0.207,0.158,0.299,0.451,0.028,-0.265,0.042,1.0,-0.204
20,y3,0.065,-0.031,0.299,0.374,0.027,0.301,-0.227,-0.316,0.236,-0.194,-0.703,0.136,-0.317,-0.186,-0.204,1.0
21,.,1.0,0.013,0.362,0.164,-0.468,0.703,-0.164,-0.111,0.157,-0.08,0.125,-0.011,0.241,0.124,0.043,0.064
21,A1_1,0.013,1.0,-0.298,-0.476,-0.133,-0.459,-0.251,-0.475,-0.026,0.139,0.012,-0.352,0.519,0.508,0.224,-0.032
21,A1_2,0.362,-0.298,1.0,0.544,-0.405,0.437,-0.217,0.1,0.685,-0.012,-0.064,0.209,-0.388,0.177,0.213,0.299
21,A1_3,0.164,-0.476,0.544,1.0,-0.392,0.314,0.27,0.066,0.321,0.127,-0.036,-0.077,-0.595,0.05,-0.027,0.374
21,B1_1,-0.468,-0.133,-0.405,-0.392,1.0,-0.041,-0.095,0.303,0.078,-0.085,-0.172,-0.096,0.242,-0.251,-0.23,0.027
21,B1_2,0.703,-0.459,0.437,0.314,-0.041,1.0,0.028,0.268,0.272,-0.259,-0.139,0.045,-0.091,-0.406,0.063,0.302
21,B1_3,-0.164,-0.251,-0.217,0.27,-0.095,0.028,1.0,0.328,-0.329,-0.223,0.016,-0.255,-0.293,-0.514,0.124,-0.226
21,A2_1,-0.111,-0.475,0.1,0.066,0.303,0.268,0.328,1.0,0.317,-0.295,-0.013,-0.458,0.117,-0.392,-0.207,-0.316
21,A2_2,0.157,-0.026,0.685,0.321,0.078,0.272,-0.329,0.317,1.0,-0.08,0.084,-0.337,0.109,0.27,0.157,0.236
21,A2_3,-0.08,0.139,-0.012,0.127,-0.085,-0.259,-0.223,-0.295,-0.08,1.0,0.189,-0.012,-0.323,0.578,0.299,-0.194
21,B2_1,0.125,0.012,-0.064,-0.036,-0.172,-0.139,0.016,-0.013,0.084,0.189,1.0,-0.051,0.234,0.316,0.452,-0.701
21,B2_2,-0.011,-0.352,0.209,-0.077,-0.096,0.045,-0.255,-0.458,-0.337,-0.012,-0.051,1.0,-0.433,-0.125,0.029,0.137
21,B2_3,0.241,0.519,-0.388,-0.595,0.242,-0.091,-0.293,0.117,0.109,-0.323,0.234,-0.433,1.0,0.246,-0.265,-0.317
21,y1,0.124,0.508,0.177,0.05,-0.251,-0.406,-0.514,-0.392,0.27,0.578,0.316,-0.125,0.246,1.0,0.043,-0.186
21,y2,0.043,0.224,0.213,-0.027,-0.23,0.063,0.124,-0.207,0.157,0.299,0.452,0.029,-0.265,0.043,1.0,-0.204
21,y3,0.064,-0.032,0.299,0.374,0.027,0.302,-0.226,-0.316,0.236,-0.194,-0.701,0.137,-0.317,-0.186,-0.204,1.0
22,.,1.0,0.012,0.36,0.162,-0.467,0.704,-0.163,-0.109,0.155,-0.082,0.122,-0.011,0.244,0.123,0.039,0.063
22,A1_1,0.012,1.0,-0.298,-0.476,-0.133,-0.459,-0.25,-0.475,-0.026,0.138,0.013,-0.35,0.519,0.509,0.223,-0.033
22,A1_2,0.36,-0.298,1.0,0.544,-0.406,0.435,-0.218,0.101,0.685,-0.011,-0.065,0.209,-0.389,0.176,0.212,0.298
22,A1_3,0.162,-0.476,0.544,1.0,-0.393,0.312,0.269,0.066,0.321,0.127,-0.037,-0.077,-0.596,0.05,-0.027,0.375
22,B1_1,-0.467,-0.133,-0.406,-0.393,1.0,-0.04,-0.096,0.301,0.077,-0.085,-0.172,-0.096,0.243,-0.251,-0.229,0.028
22,B1_2,0.704,-0.459,0.435,0.312,-0.04,1.0,0.027,0.266,0.272,-0.259,-0.139,0.045,-0.089,-0.405,0.063,0.304
22,B1_3,-0.163,-0.25,-0.218,0.269,-0.096,0.027,1.0,0.327,-0.329,-0.224,0.015,-0.257,-0.293,-0.514,0.126,-0.224
22,A2_1,-0.109,-0.475,0.101,0.066,0.301,0.266,0.327,1.0,0.317,-0.294,-0.014,-0.459,0.115,-0.391,-0.208,-0.316
22,A2_2,0.155,-0.026,0.685,0.321,0.077,0.272,-0.329,0.317,1.0,-0.08,0.084,-0.336,0.108,0.27,0.157,0.235
22,A2_3,-0.082,0.138,-0.011,0.127,-0.085,-0.259,-0.224,-0.294,-0.08,1.0,0.189,-0.011,-0.323,0.578,0.299,-0.194
22,B2_1,0.122,0.013,-0.065,-0.037,-0.172,-0.139,0.015,-0.014,0.084,0.189,1.0,-0.051,0.235,0.316,0.452,-0.7
22,B2_2,-0.011,-0.35,0.209,-0.077,-0.096,0.045,-0.257,-0.459,-0.336,-0.011,-0.051,1.0,-0.432,-0.125,0.03,0.138
22,B2_3,0.244,0.519,-0.389,-0.596,0.243,-0.089,-0.293,0.115,0.108,-0.323,0.235,-0.432,1.0,0.245,-0.264,-0.317
22,y1,0.123,0.509,0.176,0.05,-0.251,-0.405,-0.514,-0.391,0.27,0.578,0.316,-0.125,0.245,1.0,0.043,-0.186
22,y2,0.039,0.223,0.212,-0.027,-0.229,0.063,0.126,-0.208,0.157,0.299,0.452,0.03,-0.264,0.043,1.0,-0.203
22,y3,0.063,-0.033,0.298,0.375,0.028,0.304,-0.224,-0.316,0.235,-0.194,-0.7,0.138,-0.317,-0.186,-0.203,1.0
23,.,1.0,0.011,0.358,0.16,-0.465,0.705,-0.162,-0.106,0.152,-0.084,0.119,-0.011,0.245,0.122,0.036,0.063
23,A1_1,0.011,1.0,-0.297,-0.476,-0.133,-0.458,-0.249,-0.476,-0.027,0.138,0.013,-0.349,0.519,0.509,0.222,-0.033
23,A1_2,0.358,-0.297,1.0,0.545,-0.407,0.434,-0.219,0.102,0.686,-0.01,-0.065,0.209,-0.39,0.176,0.212,0.297
23,A1_3,0.16,-0.476,0.545,1.0,-0.395,0.311,0.268,0.067,0.322,0.128,-0.038,-0.077,-0.596,0.051,-0.027,0.375
