,,.,A1_1,A1_2,A1_3,B1_1,B1_2,B1_3,A2_1,A2_2,A2_3,B2_1,B2_2,B2_3,y1,y2,y3
0,.,0.097,0.016,0.031,0.049,0.026,0.13,0.045,0.053,0.044,0.039,0.055,0.146,0.153,0.066,0.018,0.033
0,A1_1,0.068,0.027,0.017,0.049,0.024,0.076,0.078,0.062,0.033,0.037,0.096,0.089,0.127,0.148,0.017,0.052
0,A1_2,0.051,0.025,0.023,0.108,0.013,0.044,0.033,0.029,0.019,0.028,0.023,0.179,0.294,0.084,0.02,0.027
0,A1_3,0.032,0.013,0.03,0.06,0.015,0.086,0.058,0.03,0.025,0.027,0.094,0.133,0.11,0.239,0.03,0.018
0,B1_1,0.041,0.008,0.012,0.04,0.014,0.114,0.121,0.044,0.051,0.023,0.201,0.02,0.151,0.124,0.022,0.013
0,B1_2,0.082,0.018,0.01,0.035,0.014,0.085,0.068,0.058,0.052,0.029,0.087,0.111,0.192,0.124,0.017,0.017
0,B1_3,0.044,0.02,0.016,0.088,0.02,0.079,0.047,0.031,0.011,0.018,0.106,0.134,0.122,0.226,0.021,0.016
0,A2_1,0.033,0.018,0.018,0.047,0.009,0.046,0.084,0.058,0.075,0.032,0.059,0.042,0.296,0.118,0.043,0.022
0,A2_2,0.063,0.027,0.017,0.046,0.017,0.151,0.038,0.048,0.02,0.014,0.149,0.134,0.095,0.135,0.023,0.022
0,A2_3,0.083,0.012,0.023,0.048,0.023,0.121,0.093,0.044,0.03,0.02,0.152,0.043,0.105,0.158,0.016,0.027
0,B2_1,0.089,0.014,0.011,0.049,0.011,0.083,0.041,0.053,0.019,0.014,0.064,0.163,0.232,0.132,0.008,0.016
0,B2_2,0.038,0.027,0.041,0.144,0.028,0.071,0.062,0.015,0.009,0.037,0.05,0.067,0.173,0.155,0.034,0.05
0,B2_3,0.089,0.011,0.02,0.11,0.009,0.047,0.061,0.052,0.077,0.015,0.045,0.073,0.303,0.061,0.014,0.014
0,y1,0.057,0.016,0.017,0.033,0.024,0.11,0.079,0.053,0.025,0.027,0.165,0.066,0.072,0.204,0.02,0.033
0,y2,0.074,0.014,0.006,0.046,0.009,0.06,0.037,0.084,0.021,0.014,0.058,0.148,0.292,0.112,0.011,0.014
0,y3,0.054,0.038,0.041,0.103,0.025,0.07,0.054,0.02,0.016,0.037,0.051,0.13,0.116,0.145,0.036,0.061
1,.,0.106,0.016,0.032,0.049,0.027,0.131,0.046,0.052,0.045,0.041,0.055,0.141,0.142,0.064,0.018,0.035
1,A1_1,0.08,0.029,0.018,0.049,0.027,0.077,0.079,0.062,0.035,0.038,0.098,0.085,0.114,0.137,0.017,0.056
1,A1_2,0.062,0.029,0.025,0.109,0.014,0.047,0.035,0.03,0.022,0.029,0.024,0.175,0.27,0.078,0.021,0.031
1,A1_3,0.039,0.015,0.033,0.061,0.017,0.092,0.057,0.03,0.026,0.028,0.095,0.133,0.099,0.224,0.032,0.019
1,B1_1,0.048,0.009,0.013,0.039,0.016,0.12,0.123,0.044,0.055,0.023,0.21,0.019,0.135,0.111,0.022,0.014
1,B1_2,0.106,0.021,0.011,0.034,0.015,0.089,0.069,0.058,0.06,0.03,0.089,0.105,0.168,0.109,0.018,0.018
1,B1_3,0.057,0.024,0.017,0.091,0.024,0.089,0.046,0.03,0.011,0.017,0.115,0.132,0.104,0.204,0.021,0.017
1,A2_1,0.043,0.021,0.019,0.046,0.01,0.048,0.092,0.059,0.092,0.033,0.064,0.037,0.261,0.104,0.044,0.025
1,A2_2,0.083,0.03,0.018,0.044,0.02,0.173,0.036,0.046,0.021,0.013,0.158,0.129,0.079,0.108,0.021,0.022
1,A2_3,0.102,0.014,0.024,0.044,0.027,0.127,0.096,0.044,0.033,0.021,0.158,0.037,0.089,0.136,0.017,0.032
1,B2_1,0.117,0.017,0.012,0.052,0.013,0.09,0.041,0.051,0.021,0.014,0.065,0.167,0.202,0.112,0.008,0.018
1,B2_2,0.046,0.03,0.044,0.146,0.032,0.072,0.064,0.015,0.01,0.039,0.05,0.06,0.158,0.139,0.036,0.057
1,B2_3,0.11,0.012,0.022,0.111,0.011,0.049,0.063,0.052,0.091,0.016,0.047,0.071,0.261,0.054,0.014,0.015
1,y1,0.072,0.018,0.018,0.031,0.029,0.116,0.08,0.053,0.027,0.027,0.176,0.059,0.06,0.177,0.02,0.037
1,y2,0.1,0.018,0.006,0.045,0.01,0.064,0.038,0.087,0.025,0.015,0.06,0.146,0.261,0.096,0.011,0.016
1,y3,0.067,0.044,0.043,0.103,0.029,0.074,0.053,0.021,0.017,0.037,0.053,0.119,0.102,0.129,0.038,0.07
2,.,0.114,0.017,0.033,0.049,0.028,0.131,0.046,0.052,0.046,0.041,0.054,0.137,0.133,0.061,0.019,0.037
2,A1_1,0.092,0.03,0.019,0.048,0.029,0.077,0.08,0.062,0.037,0.038,0.098,0.082,0.103,0.127,0.017,0.06
2,A1_2,0.073,0.033,0.026,0.108,0.016,0.049,0.036,0.031,0.024,0.031,0.025,0.169,0.25,0.073,0.022,0.035
2,A1_3,0.045,0.017,0.037,0.062,0.019,0.096,0.057,0.029,0.027,0.029,0.094,0.133,0.09,0.21,0.033,0.021
2,B1_1,0.055,0.01,0.013,0.039,0.017,0.123,0.124,0.044,0.059,0.023,0.216,0.017,0.123,0.1,0.023,0.015
2,B1_2,0.132,0.023,0.011,0.032,0.017,0.091,0.07,0.059,0.066,0.03,0.09,0.099,0.148,0.096,0.018,0.02
2,B1_3,0.07,0.028,0.018,0.091,0.028,0.096,0.045,0.029,0.011,0.017,0.121,0.128,0.09,0.188,0.02,0.018
2,A2_1,0.053,0.024,0.021,0.046,0.011,0.05,0.097,0.059,0.106,0.033,0.067,0.033,0.232,0.093,0.046,0.028
2,A2_2,0.102,0.031,0.018,0.042,0.023,0.19,0.034,0.045,0.022,0.012,0.165,0.12,0.067,0.089,0.02,0.022
2,A2_3,0.123,0.016,0.024,0.04,0.03,0.128,0.098,0.044,0.037,0.022,0.159,0.032,0.076,0.117,0.017,0.037
2,B2_1,0.142,0.019,0.013,0.054,0.015,0.094,0.041,0.05,0.023,0.015,0.065,0.165,0.179,0.097,0.007,0.02
2,B2_2,0.055,0.034,0.046,0.145,0.034,0.071,0.065,0.016,0.011,0.041,0.049,0.055,0.147,0.127,0.039,0.065
2,B2_3,0.128,0.014,0.024,0.112,0.012,0.051,0.064,0.052,0.101,0.016,0.048,0.07,0.23,0.049,0.013,0.016
2,y1,0.085,0.02,0.018,0.029,0.032,0.118,0.082,0.053,0.03,0.028,0.18,0.053,0.052,0.159,0.02,0.04
2,y2,0.127,0.021,0.007,0.046,0.012,0.068,0.038,0.087,0.028,0.015,0.061,0.146,0.233,0.084,0.011,0.018
2,y3,0.08,0.049,0.045,0.102,0.033,0.075,0.054,0.021,0.018,0.038,0.053,0.105,0.094,0.115,0.04,0.079
3,.,0.121,0.018,0.035,0.049,0.029,0.13,0.046,0.052,0.047,0.042,0.053,0.133,0.126,0.06,0.019,0.039
3,A1_1,0.103,0.032,0.019,0.048,0.03,0.077,0.079,0.062,0.039,0.039,0.097,0.079,0.096,0.12,0.017,0.063
3,A1_2,0.083,0.036,0.027,0.108,0.017,0.05,0.036,0.032,0.026,0.033,0.025,0.163,0.233,0.07,0.023,0.038
3,A1_3,0.051,0.018,0.04,0.063,0.021,0.098,0.056,0.028,0.027,0.03,0.092,0.132,0.084,0.201,0.035,0.023
3,B1_1,0.061,0.01,0.013,0.038,0.018,0.125,0.125,0.043,0.063,0.023,0.218,0.017,0.115,0.092,0.023,0.016
3,B1_2,0.156,0.025,0.011,0.031,0.018,0.09,0.069,0.058,0.071,0.03,0.088,0.093,0.133,0.086,0.018,0.021
3,B1_3,0.08,0.03,0.02,0.091,0.031,0.1,0.044,0.028,0.012,0.017,0.125,0.124,0.081,0.178,0.02,0.019
3,A2_1,0.063,0.026,0.022,0.046,0.012,0.051,0.099,0.06,0.116,0.032,0.068,0.031,0.211,0.086,0.046,0.031
3,A2_2,0.116,0.032,0.018,0.041,0.025,0.199,0.033,0.043,0.022,0.011,0.169,0.112,0.059,0.078,0.019,0.022
3,A2_3,0.143,0.018,0.024,0.038,0.032,0.125,0.098,0.044,0.04,0.022,0.156,0.03,0.068,0.104,0.017,0.042
3,B2_1,0.164,0.021,0.014,0.055,0.017,0.097,0.041,0.048,0.025,0.016,0.065,0.159,0.163,0.087,0.007,0.021
3,B2_2,0.063,0.038,0.047,0.14,0.036,0.068,0.066,0.016,0.013,0.043,0.048,0.052,0.138,0.118,0.041,0.072
3,B2_3,0.145,0.015,0.025,0.112,0.014,0.052,0.063,0.05,0.105,0.017,0.048,0.069,0.209,0.046,0.013,0.017
3,y1,0.096,0.022,0.019,0.028,0.035,0.114,0.083,0.054,0.033,0.028,0.18,0.049,0.047,0.148,0.02,0.044
3,y2,0.15,0.023,0.007,0.047,0.013,0.069,0.037,0.086,0.029,0.015,0.06,0.148,0.211,0.075,0.011,0.018
3,y3,0.092,0.053,0.046,0.1,0.035,0.073,0.055,0.022,0.019,0.039,0.052,0.092,0.088,0.105,0.043,0.087
4,.,0.128,0.018,0.036,0.049,0.031,0.129,0.046,0.051,0.048,0.044,0.053,0.129,0.12,0.058,0.02,0.041
4,A1_1,0.115,0.033,0.02,0.048,0.032,0.076,0.079,0.061,0.041,0.039,0.096,0.077,0.088,0.113,0.017,0.066
4,A1_2,0.093,0.04,0.028,0.107,0.019,0.051,0.037,0.032,0.028,0.034,0.026,0.156,0.218,0.066,0.023,0.041
4,A1_3,0.056,0.02,0.044,0.063,0.023,0.1,0.055,0.027,0.028,0.031,0.091,0.131,0.078,0.194,0.036,0.025
4,B1_1,0.067,0.011,0.014,0.038,0.019,0.125,0.125,0.043,0.066,0.023,0.219,0.016,0.107,0.086,0.024,0.017
4,B1_2,0.18,0.027,0.011,0.03,0.019,0.09,0.068,0.057,0.076,0.03,0.087,0.088,0.121,0.078,0.018,0.022
4,B1_3,0.089,0.033,0.021,0.09,0.034,0.103,0.044,0.027,0.012,0.017,0.128,0.119,0.073,0.17,0.02,0.02
4,A2_1,0.073,0.028,0.023,0.046,0.013,0.051,0.1,0.059,0.124,0.032,0.069,0.029,0.192,0.081,0.047,0.033
4,A2_2,0.128,0.033,0.018,0.039,0.027,0.207,0.033,0.042,0.023,0.011,0.172,0.104,0.052,0.07,0.018,0.023
4,A2_3,0.164,0.019,0.024,0.036,0.034,0.122,0.097,0.044,0.043,0.022,0.151,0.027,0.061,0.093,0.017,0.046
4,B2_1,0.183,0.023,0.015,0.055,0.019,0.099,0.041,0.047,0.027,0.018,0.065,0.153,0.149,0.078,0.007,0.022
4,B2_2,0.072,0.043,0.048,0.134,0.038,0.064,0.066,0.017,0.014,0.045,0.046,0.049,0.129,0.11,0.043,0.081
4,B2_3,0.158,0.016,0.027,0.113,0.015,0.053,0.062,0.049,0.108,0.017,0.048,0.069,0.191,0.043,0.013,0.017
4,y1,0.106,0.024,0.019,0.026,0.037,0.109,0.084,0.055,0.035,0.029,0.177,0.045,0.043,0.139,0.021,0.049
4,y2,0.172,0.026,0.007,0.049,0.014,0.07,0.035,0.083,0.03,0.015,0.058,0.152,0.192,0.067,0.01,0.019
4,y3,0.104,0.058,0.046,0.096,0.037,0.069,0.056,0.023,0.021,0.04,0.051,0.08,0.083,0.095,0.046,0.096
5,.,0.134,0.019,0.037,0.049,0.032,0.127,0.046,0.051,0.049,0.044,0.052,0.126,0.115,0.057,0.02,0.042
5,A1_1,0.126,0.034,0.02,0.047,0.033,0.075,0.078,0.06,0.042,0.039,0.095,0.074,0.082,0.107,0.017,0.068
5,A1_2,0.103,0.044,0.029,0.106,0.02,0.052,0.037,0.033,0.03,0.036,0.026,0.149,0.204,0.063,0.024,0.044
5,A1_3,0.06,0.021,0.047,0.064,0.025,0.101,0.053,0.027,0.028,0.031,0.089,0.13,0.073,0.186,0.038,0.027
5,B1_1,0.073,0.012,0.014,0.038,0.02,0.126,0.125,0.042,0.07,0.023,0.22,0.015,0.1,0.08,0.024,0.018
5,B1_2,0.205,0.028,0.011,0.029,0.02,0.088,0.067,0.056,0.081,0.03,0.084,0.082,0.11,0.069,0.017,0.022
5,B1_3,0.098,0.035,0.022,0.088,0.037,0.106,0.043,0.026,0.012,0.016,0.13,0.114,0.067,0.164,0.02,0.021
5,A2_1,0.084,0.029,0.023,0.047,0.013,0.052,0.1,0.058,0.131,0.031,0.07,0.028,0.176,0.075,0.047,0.035
5,A2_2,0.138,0.034,0.019,0.038,0.028,0.212,0.033,0.042,0.024,0.011,0.175,0.096,0.047,0.063,0.018,0.023
5,A2_3,0.185,0.02,0.024,0.034,0.036,0.117,0.096,0.044,0.046,0.023,0.147,0.025,0.055,0.084,0.016,0.049
5,B2_1,0.201,0.025,0.015,0.055,0.021,0.1,0.041,0.046,0.029,0.019,0.064,0.146,0.138,0.07,0.007,0.024
5,B2_2,0.081,0.047,0.047,0.127,0.039,0.06,0.067,0.018,0.016,0.047,0.045,0.046,0.121,0.103,0.046,0.09
5,B2_3,0.169,0.018,0.029,0.114,0.017,0.055,0.061,0.047,0.109,0.018,0.048,0.069,0.176,0.041,0.013,0.017
5,y1,0.116,0.025,0.019,0.025,0.038,0.103,0.086,0.056,0.039,0.03,0.173,0.041,0.04,0.131,0.022,0.054
5,y2,0.193,0.028,0.008,0.05,0.016,0.071,0.034,0.08,0.031,0.015,0.057,0.154,0.175,0.06,0.01,0.019
5,y3,0.115,0.062,0.045,0.092,0.038,0.064,0.057,0.023,0.024,0.041,0.049,0.07,0.079,0.087,0.049,0.104
6,.,0.139,0.019,0.038,0.049,0.033,0.126,0.046,0.05,0.05,0.045,0.051,0.123,0.11,0.056,0.021,0.044
6,A1_1,0.137,0.035,0.02,0.047,0.034,0.073,0.078,0.06,0.044,0.039,0.093,0.073,0.077,0.103,0.017,0.07
6,A1_2,0.112,0.047,0.03,0.104,0.021,0.052,0.038,0.033,0.032,0.037,0.026,0.143,0.193,0.061,0.025,0.047
6,A1_3,0.064,0.023,0.05,0.063,0.026,0.102,0.052,0.027,0.028,0.031,0.087,0.129,0.069,0.181,0.04,0.028
6,B1_1,0.078,0.012,0.015,0.038,0.021,0.126,0.125,0.042,0.073,0.024,0.221,0.014,0.094,0.075,0.025,0.019
6,B1_2,0.227,0.029,0.011,0.028,0.021,0.086,0.065,0.054,0.085,0.029,0.081,0.077,0.102,0.063,0.017,0.022
6,B1_3,0.104,0.038,0.023,0.086,0.04,0.107,0.043,0.026,0.012,0.016,0.132,0.11,0.062,0.162,0.021,0.021
6,A2_1,0.094,0.031,0.024,0.047,0.014,0.052,0.1,0.057,0.136,0.031,0.071,0.027,0.162,0.072,0.047,0.037
6,A2_2,0.145,0.034,0.019,0.037,0.03,0.215,0.033,0.041,0.025,0.011,0.178,0.089,0.044,0.058,0.017,0.024
6,A2_3,0.204,0.021,0.024,0.032,0.037,0.113,0.095,0.043,0.049,0.023,0.142,0.023,0.049,0.076,0.016,0.053
6,B2_1,0.216,0.026,0.016,0.055,0.023,0.099,0.041,0.045,0.031,0.019,0.063,0.14,0.129,0.064,0.007,0.025
6,B2_2,0.09,0.052,0.047,0.119,0.04,0.057,0.067,0.019,0.018,0.049,0.043,0.044,0.114,0.097,0.048,0.097
6,B2_3,0.176,0.019,0.032,0.115,0.019,0.056,0.06,0.046,0.108,0.018,0.048,0.069,0.165,0.041,0.013,0.017
6,y1,0.124,0.027,0.019,0.024,0.039,0.098,0.088,0.057,0.042,0.031,0.169,0.038,0.038,0.125,0.023,0.059
6,y2,0.209,0.029,0.008,0.052,0.017,0.071,0.033,0.077,0.031,0.015,0.056,0.155,0.161,0.056,0.009,0.02
6,y3,0.125,0.066,0.045,0.088,0.039,0.06,0.057,0.024,0.025,0.041,0.048,0.063,0.075,0.082,0.051,0.11
7,.,0.145,0.02,0.039,0.049,0.034,0.124,0.046,0.05,0.051,0.046,0.05,0.12,0.106,0.054,0.021,0.045
7,A1_1,0.148,0.036,0.021,0.046,0.035,0.072,0.077,0.059,0.045,0.039,0.091,0.071,0.073,0.098,0.017,0.072
7,A1_2,0.12,0.05,0.031,0.103,0.022,0.051,0.038,0.034,0.033,0.038,0.027,0.137,0.182,0.059,0.026,0.049
7,A1_3,0.067,0.024,0.054,0.063,0.028,0.101,0.051,0.026,0.028,0.032,0.085,0.127,0.066,0.176,0.042,0.03
7,B1_1,0.083,0.013,0.015,0.037,0.021,0.125,0.125,0.042,0.077,0.024,0.22,0.014,0.089,0.071,0.025,0.02
7,B1_2,0.251,0.03,0.011,0.027,0.022,0.084,0.064,0.053,0.088,0.029,0.078,0.072,0.094,0.057,0.016,0.022
7,B1_3,0.11,0.04,0.024,0.084,0.043,0.108,0.043,0.025,0.012,0.017,0.132,0.106,0.058,0.158,0.021,0.022
7,A2_1,0.105,0.032,0.025,0.047,0.014,0.051,0.099,0.056,0.138,0.03,0.07,0.026,0.151,0.069,0.047,0.038
7,A2_2,0.151,0.035,0.019,0.036,0.031,0.216,0.033,0.04,0.026,0.011,0.18,0.084,0.041,0.054,0.017,0.025
7,A2_3,0.225,0.021,0.024,0.03,0.038,0.108,0.093,0.043,0.051,0.023,0.136,0.022,0.045,0.07,0.016,0.055
7,B2_1,0.229,0.028,0.016,0.055,0.025,0.099,0.042,0.045,0.032,0.02,0.062,0.134,0.121,0.059,0.006,0.025
7,B2_2,0.1,0.056,0.046,0.113,0.04,0.053,0.066,0.02,0.019,0.05,0.042,0.042,0.107,0.091,0.05,0.105
7,B2_3,0.181,0.02,0.035,0.116,0.02,0.057,0.059,0.045,0.108,0.019,0.048,0.068,0.155,0.04,0.012,0.018
7,y1,0.132,0.028,0.019,0.023,0.04,0.093,0.089,0.058,0.046,0.032,0.163,0.035,0.036,0.119,0.024,0.063
7,y2,0.223,0.031,0.009,0.053,0.018,0.071,0.032,0.075,0.032,0.016,0.055,0.155,0.149,0.052,0.009,0.02
7,y3,0.136,0.069,0.044,0.085,0.039,0.057,0.057,0.025,0.027,0.042,0.046,0.058,0.072,0.077,0.054,0.115
8,.,0.149,0.02,0.041,0.049,0.034,0.121,0.046,0.05,0.051,0.047,0.049,0.118,0.102,0.053,0.021,0.047
8,A1_1,0.158,0.037,0.021,0.046,0.036,0.07,0.076,0.059,0.045,0.039,0.089,0.069,0.069,0.094,0.017,0.074
8,A1_2,0.128,0.053,0.032,0.102,0.023,0.051,0.038,0.034,0.035,0.039,0.026,0.132,0.173,0.057,0.027,0.052
8,A1_3,0.069,0.025,0.057,0.063,0.029,0.101,0.05,0.026,0.029,0.032,0.083,0.126,0.063,0.172,0.043,0.031
8,B1_1,0.088,0.013,0.015,0.037,0.022,0.125,0.125,0.041,0.079,0.024,0.22,0.013,0.084,0.068,0.025,0.021
8,B1_2,0.272,0.03,0.011,0.027,0.022,0.082,0.062,0.051,0.09,0.029,0.075,0.068,0.088,0.053,0.016,0.023
8,B1_3,0.114,0.042,0.025,0.083,0.045,0.108,0.042,0.024,0.012,0.017,0.132,0.102,0.055,0.155,0.022,0.022
8,A2_1,0.116,0.034,0.026,0.048,0.015,0.051,0.097,0.054,0.139,0.029,0.069,0.025,0.141,0.067,0.048,0.04
8,A2_2,0.155,0.036,0.02,0.036,0.032,0.217,0.033,0.04,0.027,0.011,0.182,0.079,0.038,0.051,0.017,0.025
8,A2_3,0.245,0.022,0.024,0.029,0.039,0.103,0.091,0.042,0.052,0.023,0.13,0.021,0.042,0.064,0.016,0.058
8,B2_1,0.241,0.029,0.017,0.055,0.027,0.099,0.042,0.044,0.034,0.021,0.062,0.128,0.115,0.055,0.006,0.026
8,B2_2,0.109,0.06,0.045,0.107,0.04,0.05,0.065,0.02,0.021,0.051,0.04,0.04,0.101,0.086,0.052,0.112
8,B2_3,0.184,0.021,0.038,0.118,0.022,0.058,0.058,0.043,0.106,0.019,0.047,0.068,0.147,0.04,0.012,0.018
8,y1,0.139,0.03,0.019,0.022,0.041,0.088,0.09,0.058,0.048,0.033,0.157,0.033,0.035,0.114,0.025,0.068
8,y2,0.233,0.032,0.009,0.054,0.019,0.071,0.032,0.074,0.033,0.016,0.054,0.155,0.139,0.049,0.009,0.02
8,y3,0.145,0.071,0.043,0.082,0.039,0.053,0.056,0.025,0.028,0.042,0.044,0.054,0.069,0.073,0.056,0.12
9,.,0.154,0.021,0.042,0.049,0.035,0.119,0.046,0.049,0.052,0.048,0.048,0.115,0.099,0.053,0.022,0.048
9,A1_1,0.168,0.037,0.021,0.046,0.037,0.069,0.075,0.058,0.046,0.039,0.087,0.068,0.066,0.09,0.017,0.075
9,A1_2,0.135,0.056,0.033,0.1,0.024,0.05,0.038,0.035,0.036,0.04,0.026,0.126,0.164,0.055,0.027,0.054
9,A1_3,0.07,0.027,0.06,0.063,0.031,0.101,0.049,0.026,0.029,0.033,0.082,0.124,0.06,0.169,0.045,0.033
9,B1_1,0.092,0.014,0.016,0.037,0.023,0.124,0.124,0.04,0.081,0.024,0.219,0.013,0.08,0.065,0.026,0.022
9,B1_2,0.294,0.031,0.011,0.026,0.023,0.079,0.061,0.049,0.092,0.029,0.072,0.064,0.082,0.048,0.016,0.023
9,B1_3,0.118,0.044,0.026,0.081,0.047,0.108,0.042,0.024,0.012,0.017,0.133,0.099,0.052,0.152,0.022,0.023
9,A2_1,0.128,0.035,0.027,0.048,0.016,0.05,0.096,0.053,0.139,0.029,0.069,0.025,0.132,0.066,0.048,0.041
9,A2_2,0.158,0.037,0.021,0.035,0.034,0.217,0.033,0.039,0.029,0.011,0.185,0.074,0.036,0.048,0.017,0.026
9,A2_3,0.265,0.022,0.024,0.027,0.04,0.098,0.089,0.041,0.054,0.022,0.124,0.019,0.038,0.059,0.015,0.06
9,B2_1,0.251,0.03,0.017,0.055,0.028,0.098,0.042,0.043,0.035,0.022,0.06,0.124,0.11,0.051,0.006,0.027
9,B2_2,0.118,0.063,0.045,0.101,0.041,0.047,0.064,0.021,0.022,0.052,0.039,0.038,0.095,0.083,0.053,0.118
9,B2_3,0.184,0.023,0.041,0.118,0.024,0.059,0.057,0.042,0.105,0.02,0.048,0.067,0.141,0.04,0.013,0.018
9,y1,0.146,0.031,0.02,0.022,0.041,0.084,0.091,0.058,0.051,0.033,0.152,0.031,0.034,0.109,0.025,0.073
9,y2,0.244,0.033,0.009,0.054,0.021,0.071,0.032,0.073,0.035,0.016,0.054,0.152,0.131,0.046,0.008,0.02
9,y3,0.155,0.073,0.042,0.079,0.039,0.051,0.055,0.025,0.029,0.042,0.042,0.051,0.066,0.071,0.057,0.124
10,.,0.158,0.021,0.043,0.05,0.036,0.117,0.046,0.048,0.052,0.049,0.047,0.113,0.096,0.052,0.022,0.049
10,A1_1,0.177,0.038,0.022,0.046,0.038,0.067,0.074,0.057,0.047,0.039,0.085,0.066,0.063,0.087,0.017,0.076
10,A1_2,0.142,0.058,0.033,0.099,0.025,0.05,0.039,0.035,0.037,0.041,0.026,0.122,0.156,0.054,0.028,0.056
10,A1_3,0.071,0.028,0.064,0.063,0.032,0.101,0.048,0.025,0.029,0.033,0.08,0.122,0.057,0.166,0.048,0.034
10,B1_1,0.095,0.014,0.016,0.036,0.023,0.124,0.124,0.04,0.083,0.024,0.22,0.012,0.076,0.063,0.026,0.023
10,B1_2,0.313,0.031,0.011,0.026,0.023,0.077,0.059,0.048,0.094,0.028,0.069,0.061,0.077,0.045,0.015,0.022
10,B1_3,0.121,0.046,0.027,0.079,0.049,0.108,0.042,0.024,0.012,0.017,0.133,0.096,0.05,0.15,0.023,0.023
10,A2_1,0.137,0.036,0.028,0.047,0.016,0.05,0.094,0.052,0.139,0.028,0.068,0.024,0.125,0.065,0.049,0.042
10,A2_2,0.16,0.038,0.022,0.035,0.035,0.216,0.034,0.039,0.03,0.011,0.185,0.071,0.035,0.046,0.017,0.027
10,A2_3,0.281,0.022,0.024,0.026,0.041,0.094,0.088,0.041,0.056,0.022,0.12,0.018,0.036,0.055,0.015,0.061
10,B2_1,0.261,0.032,0.017,0.055,0.029,0.097,0.042,0.043,0.036,0.023,0.059,0.119,0.106,0.049,0.006,0.027
10,B2_2,0.127,0.066,0.044,0.096,0.041,0.045,0.063,0.021,0.023,0.052,0.037,0.037,0.09,0.08,0.055,0.124
10,B2_3,0.184,0.024,0.045,0.12,0.026,0.06,0.057,0.041,0.104,0.02,0.047,0.066,0.135,0.039,0.013,0.019
10,y1,0.152,0.031,0.02,0.021,0.042,0.081,0.091,0.058,0.054,0.034,0.148,0.029,0.033,0.105,0.026,0.075
10,y2,0.252,0.034,0.01,0.054,0.022,0.071,0.032,0.072,0.036,0.017,0.054,0.149,0.123,0.045,0.008,0.021
10,y3,0.163,0.075,0.042,0.076,0.038,0.048,0.054,0.025,0.03,0.043,0.04,0.048,0.064,0.069,0.058,0.126
11,.,0.161,0.022,0.044,0.05,0.037,0.115,0.046,0.048,0.053,0.05,0.046,0.111,0.093,0.051,0.022,0.051
11,A1_1,0.186,0.038,0.022,0.046,0.039,0.065,0.073,0.056,0.048,0.039,0.083,0.065,0.061,0.084,0.017,0.077
11,A1_2,0.148,0.061,0.034,0.097,0.026,0.049,0.039,0.035,0.039,0.042,0.026,0.117,0.149,0.052,0.029,0.058
11,A1_3,0.071,0.029,0.067,0.062,0.033,0.1,0.047,0.025,0.029,0.033,0.079,0.12,0.056,0.163,0.05,0.035
11,B1_1,0.099,0.014,0.017,0.036,0.024,0.123,0.124,0.04,0.086,0.024,0.219,0.012,0.073,0.06,0.027,0.024
11,B1_2,0.334,0.031,0.011,0.025,0.023,0.075,0.058,0.046,0.096,0.028,0.066,0.057,0.072,0.041,0.015,0.022
11,B1_3,0.124,0.048,0.027,0.077,0.051,0.108,0.042,0.023,0.013,0.017,0.132,0.093,0.048,0.148,0.023,0.024
11,A2_1,0.149,0.037,0.029,0.047,0.017,0.049,0.092,0.051,0.138,0.027,0.067,0.023,0.118,0.064,0.049,0.043
11,A2_2,0.16,0.04,0.022,0.035,0.036,0.216,0.034,0.039,0.031,0.011,0.187,0.067,0.033,0.044,0.018,0.028
11,A2_3,0.299,0.022,0.024,0.025,0.041,0.09,0.085,0.04,0.057,0.022,0.114,0.017,0.033,0.051,0.015,0.063
11,B2_1,0.269,0.033,0.018,0.054,0.031,0.096,0.042,0.042,0.038,0.024,0.058,0.115,0.102,0.046,0.006,0.028
11,B2_2,0.135,0.069,0.044,0.092,0.04,0.042,0.061,0.021,0.024,0.053,0.036,0.035,0.085,0.077,0.056,0.129
11,B2_3,0.181,0.025,0.049,0.122,0.028,0.06,0.057,0.04,0.104,0.021,0.047,0.065,0.13,0.039,0.013,0.019
11,y1,0.157,0.031,0.021,0.021,0.042,0.079,0.091,0.057,0.057,0.034,0.143,0.028,0.032,0.101,0.027,0.078
11,y2,0.259,0.035,0.01,0.054,0.023,0.07,0.033,0.071,0.037,0.018,0.054,0.146,0.117,0.043,0.008,0.021
11,y3,0.171,0.076,0.042,0.074,0.038,0.046,0.053,0.025,0.03,0.043,0.039,0.046,0.062,0.067,0.06,0.129
12,.,0.165,0.022,0.045,0.05,0.037,0.113,0.046,0.048,0.053,0.05,0.046,0.109,0.091,0.05,0.023,0.052
12,A1_1,0.195,0.039,0.022,0.046,0.039,0.064,0.072,0.056,0.048,0.039,0.081,0.064,0.058,0.082,0.017,0.078
12,A1_2,0.154,0.063,0.035,0.096,0.026,0.048,0.038,0.035,0.04,0.042,0.026,0.113,0.143,0.051,0.029,0.06
12,A1_3,0.071,0.03,0.071,0.062,0.034,0.1,0.046,0.025,0.029,0.033,0.078,0.118,0.054,0.16,0.052,0.037
12,B1_1,0.102,0.015,0.017,0.036,0.024,0.123,0.123,0.039,0.087,0.024,0.219,0.012,0.07,0.058,0.027,0.025
12,B1_2,0.353,0.031,0.011,0.024,0.024,0.072,0.056,0.044,0.096,0.028,0.063,0.054,0.069,0.039,0.015,0.022
12,B1_3,0.126,0.05,0.028,0.076,0.053,0.107,0.042,0.023,0.013,0.018,0.131,0.091,0.047,0.146,0.024,0.025
12,A2_1,0.16,0.038,0.03,0.048,0.017,0.048,0.09,0.049,0.136,0.027,0.066,0.023,0.111,0.063,0.049,0.044
12,A2_2,0.16,0.041,0.023,0.035,0.037,0.215,0.034,0.039,0.032,0.011,0.189,0.064,0.032,0.041,0.018,0.029
12,A2_3,0.318,0.022,0.024,0.024,0.042,0.086,0.083,0.038,0.058,0.022,0.11,0.016,0.031,0.048,0.014,0.064
12,B2_1,0.277,0.034,0.018,0.054,0.032,0.094,0.042,0.042,0.039,0.024,0.057,0.111,0.099,0.043,0.006,0.028
12,B2_2,0.144,0.072,0.043,0.088,0.04,0.04,0.059,0.021,0.024,0.053,0.034,0.034,0.081,0.075,0.057,0.133
12,B2_3,0.177,0.027,0.053,0.125,0.03,0.061,0.056,0.039,0.103,0.021,0.047,0.063,0.126,0.038,0.014,0.019
12,y1,0.164,0.032,0.021,0.02,0.042,0.076,0.091,0.056,0.059,0.035,0.139,0.027,0.031,0.097,0.027,0.081
12,y2,0.266,0.036,0.01,0.054,0.024,0.07,0.033,0.071,0.039,0.018,0.054,0.143,0.112,0.041,0.008,0.022
12,y3,0.18,0.077,0.041,0.072,0.038,0.044,0.051,0.025,0.03,0.043,0.037,0.044,0.06,0.066,0.06,0.131
13,.,0.168,0.023,0.046,0.05,0.038,0.111,0.046,0.047,0.053,0.051,0.045,0.108,0.089,0.05,0.023,0.053
13,A1_1,0.203,0.039,0.023,0.046,0.04,0.062,0.071,0.055,0.048,0.039,0.079,0.063,0.057,0.08,0.018,0.079
13,A1_2,0.159,0.066,0.035,0.095,0.027,0.047,0.038,0.035,0.041,0.043,0.026,0.109,0.137,0.051,0.03,0.061
13,A1_3,0.07,0.032,0.074,0.062,0.035,0.1,0.045,0.025,0.029,0.033,0.077,0.116,0.052,0.158,0.054,0.038
13,B1_1,0.106,0.015,0.017,0.035,0.025,0.122,0.122,0.038,0.089,0.024,0.218,0.012,0.068,0.056,0.027,0.025
13,B1_2,0.371,0.031,0.011,0.024,0.024,0.069,0.055,0.043,0.097,0.028,0.059,0.051,0.066,0.036,0.014,0.022
13,B1_3,0.127,0.053,0.029,0.075,0.055,0.106,0.042,0.023,0.013,0.018,0.131,0.089,0.045,0.146,0.024,0.025
13,A2_1,0.17,0.039,0.031,0.048,0.017,0.048,0.088,0.048,0.134,0.026,0.065,0.022,0.105,0.063,0.05,0.045
13,A2_2,0.158,0.042,0.024,0.035,0.038,0.214,0.035,0.038,0.033,0.011,0.192,0.061,0.031,0.04,0.018,0.03
13,A2_3,0.336,0.022,0.024,0.023,0.042,0.083,0.081,0.037,0.058,0.022,0.105,0.016,0.029,0.045,0.014,0.064
13,B2_1,0.284,0.035,0.018,0.053,0.032,0.093,0.042,0.042,0.04,0.025,0.056,0.108,0.097,0.041,0.006,0.028
13,B2_2,0.152,0.074,0.043,0.085,0.04,0.039,0.058,0.021,0.024,0.053,0.033,0.033,0.077,0.074,0.059,0.136
13,B2_3,0.174,0.028,0.056,0.126,0.031,0.061,0.056,0.039,0.103,0.022,0.048,0.061,0.122,0.038,0.014,0.02
13,y1,0.171,0.031,0.022,0.02,0.043,0.074,0.091,0.056,0.062,0.035,0.135,0.026,0.03,0.095,0.028,0.082
13,y2,0.272,0.037,0.011,0.054,0.025,0.07,0.033,0.071,0.04,0.018,0.054,0.139,0.107,0.04,0.008,0.022
13,y3,0.188,0.078,0.041,0.07,0.037,0.043,0.05,0.025,0.03,0.043,0.036,0.043,0.058,0.065,0.062,0.132
14,.,0.172,0.023,0.047,0.051,0.039,0.109,0.045,0.047,0.053,0.052,0.044,0.106,0.087,0.049,0.023,0.054
14,A1_1,0.21,0.039,0.023,0.045,0.04,0.061,0.07,0.055,0.048,0.039,0.078,0.062,0.055,0.078,0.018,0.08
14,A1_2,0.164,0.067,0.036,0.094,0.027,0.047,0.038,0.035,0.041,0.043,0.026,0.106,0.132,0.05,0.031,0.063
14,A1_3,0.069,0.032,0.078,0.062,0.036,0.099,0.045,0.024,0.029,0.034,0.076,0.113,0.05,0.157,0.056,0.039
14,B1_1,0.11,0.015,0.018,0.035,0.025,0.121,0.122,0.038,0.091,0.024,0.217,0.011,0.065,0.055,0.027,0.026
14,B1_2,0.388,0.031,0.011,0.024,0.024,0.067,0.053,0.041,0.096,0.028,0.057,0.048,0.062,0.034,0.014,0.022
14,B1_3,0.128,0.054,0.03,0.074,0.056,0.105,0.041,0.023,0.013,0.018,0.13,0.087,0.045,0.145,0.025,0.025
14,A2_1,0.18,0.04,0.032,0.047,0.018,0.047,0.086,0.047,0.131,0.026,0.064,0.022,0.1,0.063,0.051,0.046
14,A2_2,0.156,0.043,0.025,0.035,0.039,0.213,0.035,0.038,0.034,0.011,0.193,0.059,0.03,0.039,0.018,0.031
14,A2_3,0.353,0.022,0.023,0.022,0.042,0.079,0.079,0.037,0.058,0.021,0.101,0.015,0.027,0.043,0.014,0.064
14,B2_1,0.291,0.036,0.018,0.053,0.033,0.092,0.042,0.042,0.04,0.025,0.056,0.104,0.094,0.04,0.006,0.029
14,B2_2,0.16,0.075,0.043,0.082,0.04,0.037,0.056,0.021,0.025,0.052,0.032,0.032,0.073,0.072,0.059,0.14
14,B2_3,0.17,0.029,0.06,0.128,0.033,0.061,0.056,0.038,0.103,0.022,0.048,0.06,0.119,0.038,0.014,0.021
14,y1,0.177,0.031,0.022,0.02,0.043,0.073,0.091,0.055,0.064,0.035,0.132,0.025,0.03,0.092,0.028,0.083
14,y2,0.277,0.037,0.011,0.053,0.026,0.069,0.033,0.071,0.041,0.019,0.054,0.136,0.103,0.039,0.008,0.022
14,y3,0.197,0.078,0.041,0.068,0.037,0.041,0.048,0.024,0.03,0.043,0.034,0.042,0.056,0.064,0.062,0.134
15,.,0.174,0.023,0.048,0.051,0.039,0.107,0.045,0.046,0.053,0.052,0.043,0.105,0.086,0.049,0.024,0.055
15,A1_1,0.217,0.04,0.023,0.046,0.04,0.06,0.069,0.054,0.048,0.039,0.076,0.061,0.053,0.077,0.018,0.08
15,A1_2,0.168,0.069,0.037,0.093,0.027,0.046,0.038,0.035,0.042,0.044,0.025,0.102,0.127,0.05,0.032,0.064
15,A1_3,0.067,0.034,0.081,0.061,0.037,0.098,0.044,0.024,0.029,0.033,0.076,0.111,0.049,0.157,0.058,0.04
15,B1_1,0.114,0.016,0.018,0.034,0.026,0.12,0.121,0.038,0.092,0.024,0.216,0.011,0.063,0.053,0.028,0.027
15,B1_2,0.406,0.03,0.011,0.023,0.024,0.065,0.051,0.04,0.096,0.027,0.054,0.046,0.059,0.032,0.014,0.021
15,B1_3,0.128,0.056,0.031,0.072,0.058,0.104,0.041,0.023,0.013,0.018,0.129,0.085,0.044,0.146,0.026,0.026
15,A2_1,0.189,0.041,0.033,0.047,0.018,0.046,0.083,0.046,0.128,0.025,0.063,0.022,0.095,0.063,0.052,0.047
15,A2_2,0.154,0.044,0.025,0.036,0.04,0.211,0.036,0.038,0.035,0.011,0.196,0.056,0.03,0.037,0.019,0.032
15,A2_3,0.369,0.022,0.023,0.021,0.042,0.076,0.077,0.035,0.059,0.021,0.097,0.014,0.026,0.04,0.013,0.064
15,B2_1,0.297,0.036,0.018,0.053,0.034,0.09,0.041,0.042,0.041,0.026,0.055,0.102,0.092,0.038,0.006,0.028
15,B2_2,0.167,0.076,0.043,0.08,0.039,0.036,0.054,0.021,0.024,0.052,0.031,0.031,0.07,0.072,0.061,0.143
15,B2_3,0.165,0.031,0.064,0.129,0.034,0.061,0.056,0.038,0.103,0.023,0.048,0.059,0.116,0.038,0.015,0.021
15,y1,0.184,0.031,0.023,0.02,0.043,0.071,0.091,0.054,0.065,0.035,0.129,0.024,0.029,0.089,0.028,0.085
15,y2,0.283,0.038,0.011,0.052,0.026,0.069,0.034,0.072,0.043,0.019,0.054,0.131,0.099,0.038,0.008,0.022
15,y3,0.205,0.079,0.041,0.067,0.037,0.04,0.047,0.024,0.029,0.043,0.033,0.04,0.054,0.063,0.063,0.136
16,.,0.176,0.024,0.049,0.051,0.04,0.105,0.045,0.046,0.053,0.053,0.042,0.103,0.084,0.048,0.024,0.057
16,A1_1,0.223,0.04,0.023,0.046,0.041,0.058,0.068,0.053,0.049,0.039,0.074,0.06,0.052,0.075,0.018,0.081
16,A1_2,0.17,0.071,0.038,0.093,0.028,0.045,0.037,0.036,0.042,0.044,0.025,0.1,0.123,0.05,0.033,0.066
16,A1_3,0.065,0.035,0.084,0.061,0.038,0.098,0.043,0.024,0.029,0.033,0.076,0.108,0.048,0.157,0.061,0.042
16,B1_1,0.116,0.016,0.018,0.034,0.026,0.12,0.121,0.037,0.093,0.024,0.217,0.011,0.061,0.051,0.028,0.028
16,B1_2,0.423,0.03,0.011,0.023,0.024,0.062,0.05,0.038,0.096,0.027,0.052,0.043,0.057,0.03,0.013,0.021
16,B1_3,0.128,0.058,0.032,0.071,0.059,0.103,0.041,0.023,0.013,0.019,0.128,0.083,0.043,0.146,0.026,0.026
16,A2_1,0.196,0.043,0.034,0.047,0.018,0.046,0.082,0.045,0.125,0.025,0.063,0.021,0.091,0.063,0.053,0.048
16,A2_2,0.15,0.046,0.027,0.036,0.041,0.211,0.036,0.038,0.037,0.011,0.199,0.054,0.029,0.036,0.019,0.033
16,A2_3,0.384,0.021,0.023,0.02,0.042,0.074,0.075,0.034,0.059,0.021,0.094,0.013,0.024,0.038,0.013,0.064
16,B2_1,0.303,0.037,0.019,0.053,0.035,0.089,0.041,0.042,0.042,0.027,0.054,0.099,0.09,0.037,0.006,0.029
16,B2_2,0.174,0.077,0.043,0.078,0.039,0.034,0.052,0.021,0.024,0.052,0.03,0.03,0.067,0.071,0.062,0.145
16,B2_3,0.159,0.032,0.068,0.131,0.035,0.061,0.056,0.037,0.102,0.023,0.048,0.057,0.113,0.038,0.015,0.022
16,y1,0.19,0.03,0.023,0.019,0.043,0.07,0.091,0.053,0.068,0.035,0.127,0.023,0.028,0.086,0.029,0.086
16,y2,0.289,0.038,0.011,0.052,0.027,0.069,0.034,0.072,0.044,0.02,0.055,0.127,0.095,0.037,0.008,0.022
16,y3,0.212,0.079,0.04,0.065,0.036,0.038,0.045,0.024,0.029,0.043,0.032,0.039,0.053,0.062,0.064,0.137
17,.,0.179,0.024,0.05,0.052,0.04,0.103,0.045,0.045,0.053,0.054,0.041,0.102,0.082,0.048,0.024,0.058
17,A1_1,0.229,0.04,0.024,0.046,0.041,0.057,0.067,0.053,0.049,0.039,0.072,0.059,0.051,0.074,0.018,0.082
17,A1_2,0.174,0.073,0.038,0.092,0.028,0.044,0.037,0.036,0.043,0.045,0.025,0.097,0.119,0.05,0.033,0.067
17,A1_3,0.063,0.036,0.087,0.06,0.038,0.097,0.043,0.024,0.029,0.033,0.075,0.105,0.046,0.157,0.064,0.043
17,B1_1,0.119,0.016,0.018,0.034,0.026,0.12,0.12,0.037,0.095,0.024,0.216,0.011,0.059,0.05,0.028,0.028
17,B1_2,0.44,0.03,0.011,0.022,0.024,0.06,0.049,0.037,0.095,0.027,0.049,0.041,0.054,0.029,0.013,0.021
17,B1_3,0.128,0.061,0.033,0.07,0.061,0.102,0.041,0.023,0.014,0.019,0.127,0.081,0.042,0.145,0.027,0.027
17,A2_1,0.206,0.044,0.035,0.048,0.019,0.045,0.079,0.043,0.121,0.024,0.061,0.021,0.087,0.064,0.054,0.049
17,A2_2,0.146,0.047,0.028,0.036,0.042,0.21,0.037,0.037,0.038,0.011,0.2,0.051,0.028,0.035,0.02,0.034
17,A2_3,0.4,0.021,0.023,0.019,0.042,0.071,0.073,0.033,0.059,0.021,0.09,0.013,0.023,0.036,0.013,0.065
17,B2_1,0.309,0.038,0.019,0.052,0.035,0.087,0.041,0.041,0.043,0.027,0.053,0.096,0.088,0.035,0.006,0.029
17,B2_2,0.18,0.078,0.043,0.076,0.038,0.033,0.051,0.021,0.024,0.052,0.029,0.029,0.064,0.07,0.063,0.148
17,B2_3,0.153,0.034,0.073,0.133,0.036,0.061,0.057,0.036,0.103,0.024,0.048,0.056,0.111,0.038,0.016,0.022
17,y1,0.196,0.03,0.024,0.019,0.043,0.069,0.09,0.052,0.069,0.035,0.124,0.022,0.028,0.084,0.029,0.086
17,y2,0.294,0.039,0.011,0.051,0.028,0.068,0.035,0.072,0.046,0.02,0.055,0.124,0.092,0.036,0.008,0.023
17,y3,0.22,0.08,0.04,0.064,0.036,0.037,0.044,0.024,0.028,0.042,0.031,0.038,0.051,0.062,0.064,0.139
18,.,0.181,0.024,0.052,0.052,0.041,0.101,0.045,0.045,0.053,0.055,0.04,0.1,0.081,0.047,0.025,0.059
18,A1_1,0.235,0.04,0.024,0.046,0.041,0.056,0.066,0.052,0.049,0.039,0.071,0.058,0.05,0.072,0.018,0.082
18,A1_2,0.177,0.074,0.039,0.091,0.028,0.043,0.037,0.035,0.044,0.046,0.025,0.094,0.115,0.049,0.034,0.068
18,A1_3,0.06,0.036,0.091,0.06,0.039,0.096,0.043,0.023,0.029,0.034,0.075,0.103,0.045,0.156,0.066,0.044
18,B1_1,0.122,0.016,0.019,0.033,0.026,0.119,0.12,0.036,0.096,0.024,0.215,0.01,0.058,0.049,0.028,0.029
18,B1_2,0.455,0.029,0.011,0.021,0.024,0.058,0.047,0.036,0.094,0.027,0.047,0.039,0.051,0.027,0.013,0.02
18,B1_3,0.128,0.063,0.034,0.069,0.062,0.1,0.041,0.023,0.014,0.019,0.126,0.079,0.042,0.144,0.028,0.027
18,A2_1,0.212,0.045,0.036,0.048,0.019,0.044,0.077,0.042,0.119,0.024,0.06,0.02,0.083,0.064,0.055,0.05
18,A2_2,0.143,0.048,0.029,0.036,0.043,0.208,0.037,0.037,0.04,0.011,0.202,0.05,0.028,0.034,0.02,0.035
18,A2_3,0.415,0.021,0.022,0.018,0.042,0.068,0.071,0.032,0.059,0.02,0.087,0.012,0.021,0.034,0.012,0.064
18,B2_1,0.315,0.039,0.019,0.051,0.036,0.086,0.041,0.041,0.044,0.028,0.052,0.093,0.086,0.034,0.006,0.029
18,B2_2,0.187,0.079,0.043,0.074,0.038,0.032,0.049,0.021,0.024,0.052,0.028,0.028,0.062,0.07,0.064,0.15
18,B2_3,0.147,0.035,0.078,0.135,0.038,0.061,0.057,0.035,0.103,0.024,0.048,0.054,0.108,0.038,0.016,0.023
18,y1,0.202,0.029,0.024,0.019,0.043,0.068,0.09,0.052,0.072,0.035,0.122,0.021,0.027,0.081,0.029,0.086
18,y2,0.299,0.04,0.011,0.05,0.029,0.067,0.035,0.071,0.047,0.021,0.055,0.121,0.088,0.035,0.008,0.023
18,y3,0.227,0.08,0.04,0.063,0.035,0.036,0.043,0.023,0.028,0.042,0.03,0.037,0.05,0.061,0.065,0.14
19,.,0.184,0.025,0.053,0.052,0.041,0.099,0.044,0.044,0.053,0.055,0.04,0.099,0.08,0.047,0.025,0.06
19,A1_1,0.24,0.04,0.024,0.046,0.041,0.054,0.065,0.052,0.049,0.039,0.069,0.058,0.049,0.072,0.018,0.083
19,A1_2,0.179,0.075,0.04,0.091,0.028,0.042,0.037,0.035,0.044,0.046,0.024,0.092,0.112,0.049,0.035,0.069
19,A1_3,0.058,0.037,0.094,0.06,0.039,0.095,0.042,0.023,0.029,0.034,0.074,0.101,0.045,0.156,0.069,0.045
19,B1_1,0.125,0.016,0.019,0.033,0.027,0.118,0.12,0.036,0.097,0.024,0.213,0.01,0.057,0.048,0.028,0.029
19,B1_2,0.471,0.029,0.011,0.021,0.023,0.056,0.046,0.035,0.093,0.026,0.045,0.037,0.049,0.026,0.012,0.02
19,B1_3,0.127,0.066,0.035,0.068,0.063,0.099,0.041,0.023,0.014,0.02,0.125,0.078,0.041,0.145,0.028,0.028
19,A2_1,0.219,0.046,0.037,0.048,0.019,0.043,0.075,0.041,0.116,0.023,0.059,0.02,0.081,0.065,0.056,0.051
19,A2_2,0.139,0.05,0.03,0.036,0.044,0.207,0.038,0.036,0.04,0.011,0.203,0.048,0.027,0.033,0.02,0.036
19,A2_3,0.43,0.02,0.022,0.018,0.041,0.066,0.069,0.031,0.059,0.02,0.083,0.012,0.021,0.033,0.012,0.064
19,B2_1,0.321,0.04,0.019,0.051,0.036,0.084,0.041,0.041,0.045,0.028,0.051,0.091,0.084,0.033,0.006,0.029
19,B2_2,0.193,0.08,0.043,0.073,0.038,0.031,0.047,0.02,0.024,0.051,0.027,0.028,0.06,0.069,0.064,0.152
19,B2_3,0.142,0.036,0.082,0.137,0.039,0.06,0.057,0.035,0.102,0.025,0.048,0.053,0.106,0.038,0.017,0.024
19,y1,0.208,0.029,0.024,0.019,0.043,0.067,0.089,0.051,0.074,0.035,0.119,0.02,0.027,0.079,0.029,0.086
19,y2,0.304,0.04,0.012,0.049,0.03,0.067,0.035,0.071,0.048,0.021,0.056,0.117,0.085,0.035,0.008,0.023
19,y3,0.235,0.081,0.04,0.062,0.035,0.035,0.041,0.023,0.028,0.042,0.029,0.036,0.048,0.06,0.065,0.141
20,.,0.186,0.025,0.054,0.053,0.042,0.097,0.044,0.044,0.053,0.056,0.039,0.098,0.078,0.047,0.025,0.061
20,A1_1,0.245,0.04,0.025,0.046,0.041,0.053,0.065,0.051,0.049,0.039,0.068,0.057,0.048,0.071,0.019,0.083
20,A1_2,0.181,0.077,0.041,0.09,0.029,0.042,0.036,0.036,0.045,0.046,0.024,0.089,0.109,0.05,0.036,0.07
20,A1_3,0.056,0.038,0.096,0.06,0.04,0.095,0.042,0.023,0.029,0.033,0.075,0.098,0.043,0.156,0.071,0.046
20,B1_1,0.13,0.016,0.019,0.032,0.027,0.118,0.119,0.035,0.098,0.024,0.212,0.01,0.056,0.046,0.028,0.03
20,B1_2,0.486,0.028,0.011,0.02,0.023,0.054,0.044,0.033,0.092,0.026,0.043,0.035,0.047,0.025,0.012,0.019
20,B1_3,0.126,0.068,0.036,0.067,0.064,0.098,0.041,0.023,0.014,0.02,0.124,0.077,0.041,0.145,0.029,0.028
20,A2_1,0.225,0.047,0.038,0.047,0.02,0.043,0.074,0.04,0.113,0.023,0.058,0.019,0.077,0.065,0.058,0.052
20,A2_2,0.136,0.051,0.031,0.037,0.045,0.206,0.038,0.036,0.042,0.011,0.205,0.047,0.027,0.032,0.02,0.036
20,A2_3,0.446,0.02,0.021,0.017,0.041,0.063,0.067,0.03,0.058,0.02,0.08,0.011,0.02,0.031,0.012,0.063
20,B2_1,0.326,0.04,0.019,0.05,0.037,0.083,0.041,0.041,0.045,0.029,0.051,0.089,0.082,0.032,0.006,0.029
20,B2_2,0.2,0.08,0.044,0.071,0.037,0.03,0.046,0.02,0.024,0.05,0.026,0.027,0.057,0.069,0.065,0.153
20,B2_3,0.137,0.038,0.086,0.138,0.039,0.06,0.057,0.034,0.103,0.025,0.048,0.052,0.103,0.037,0.017,0.024
20,y1,0.216,0.028,0.025,0.018,0.043,0.066,0.089,0.05,0.076,0.034,0.117,0.02,0.026,0.077,0.029,0.086
20,y2,0.309,0.04,0.012,0.048,0.03,0.067,0.036,0.071,0.049,0.021,0.056,0.114,0.083,0.034,0.007,0.023
20,y3,0.242,0.08,0.04,0.061,0.034,0.034,0.04,0.023,0.028,0.042,0.028,0.035,0.047,0.06,0.066,0.142
21,.,0.187,0.025,0.055,0.053,0.042,0.095,0.044,0.044,0.053,0.057,0.038,0.096,0.078,0.047,0.026,0.062
21,A1_1,0.248,0.04,0.025,0.046,0.041,0.052,0.064,0.051,0.049,0.039,0.066,0.057,0.047,0.07,0.019,0.084
21,A1_2,0.181,0.078,0.042,0.09,0.029,0.041,0.036,0.036,0.045,0.047,0.024,0.088,0.107,0.05,0.037,0.071
21,A1_3,0.053,0.038,0.099,0.059,0.04,0.094,0.041,0.023,0.029,0.033,0.074,0.096,0.043,0.156,0.075,0.047
21,B1_1,0.132,0.016,0.019,0.032,0.027,0.117,0.119,0.035,0.099,0.023,0.212,0.01,0.054,0.045,0.028,0.03
21,B1_2,0.501,0.028,0.01,0.02,0.023,0.052,0.043,0.032,0.09,0.026,0.041,0.034,0.046,0.024,0.012,0.019
21,B1_3,0.125,0.07,0.037,0.066,0.065,0.097,0.041,0.023,0.014,0.02,0.122,0.075,0.04,0.146,0.03,0.029
21,A2_1,0.228,0.048,0.04,0.048,0.02,0.042,0.072,0.039,0.11,0.022,0.058,0.019,0.074,0.066,0.06,0.053
21,A2_2,0.131,0.052,0.033,0.037,0.046,0.205,0.039,0.036,0.043,0.011,0.207,0.045,0.027,0.031,0.021,0.037
21,A2_3,0.46,0.019,0.021,0.016,0.04,0.061,0.065,0.03,0.058,0.019,0.078,0.011,0.019,0.03,0.011,0.062
21,B2_1,0.33,0.041,0.02,0.05,0.037,0.082,0.041,0.041,0.046,0.029,0.05,0.087,0.081,0.031,0.006,0.029
21,B2_2,0.204,0.081,0.044,0.069,0.036,0.029,0.044,0.02,0.023,0.05,0.025,0.026,0.056,0.069,0.066,0.155
21,B2_3,0.13,0.039,0.092,0.141,0.04,0.06,0.057,0.033,0.102,0.025,0.048,0.051,0.101,0.038,0.018,0.025
21,y1,0.221,0.028,0.025,0.018,0.042,0.065,0.089,0.05,0.078,0.034,0.116,0.019,0.026,0.075,0.029,0.085
21,y2,0.313,0.041,0.012,0.048,0.031,0.066,0.036,0.071,0.05,0.022,0.057,0.111,0.08,0.033,0.007,0.023
21,y3,0.249,0.081,0.039,0.06,0.033,0.032,0.039,0.023,0.027,0.041,0.027,0.034,0.046,0.06,0.066,0.143
22,.,0.19,0.026,0.055,0.053,0.042,0.093,0.044,0.043,0.053,0.057,0.037,0.095,0.077,0.046,0.026,0.063
22,A1_1,0.252,0.04,0.025,0.046,0.041,0.051,0.063,0.051,0.049,0.039,0.065,0.056,0.046,0.069,0.019,0.085
22,A1_2,0.182,0.08,0.043,0.09,0.029,0.04,0.036,0.036,0.045,0.047,0.024,0.086,0.104,0.05,0.037,0.071
22,A1_3,0.05,0.039,0.102,0.058,0.04,0.093,0.041,0.023,0.029,0.033,0.074,0.093,0.042,0.157,0.078,0.048
22,B1_1,0.134,0.016,0.019,0.032,0.027,0.117,0.118,0.035,0.1,0.023,0.211,0.01,0.053,0.044,0.029,0.03
22,B1_2,0.517,0.027,0.01,0.019,0.022,0.05,0.042,0.031,0.089,0.025,0.039,0.032,0.044,0.022,0.011,0.019
22,B1_3,0.124,0.073,0.037,0.065,0.066,0.095,0.04,0.023,0.014,0.021,0.121,0.074,0.04,0.146,0.031,0.029
22,A2_1,0.232,0.049,0.041,0.048,0.02,0.041,0.07,0.039,0.107,0.022,0.057,0.019,0.072,0.067,0.062,0.054
22,A2_2,0.126,0.053,0.034,0.037,0.046,0.205,0.039,0.036,0.045,0.011,0.21,0.043,0.026,0.03,0.021,0.037
22,A2_3,0.476,0.019,0.02,0.016,0.04,0.059,0.063,0.029,0.057,0.019,0.075,0.01,0.018,0.028,0.011,0.061
22,B2_1,0.336,0.042,0.02,0.05,0.037,0.08,0.041,0.04,0.047,0.03,0.049,0.085,0.08,0.03,0.006,0.029
22,B2_2,0.21,0.082,0.044,0.068,0.036,0.028,0.043,0.02,0.023,0.049,0.025,0.025,0.054,0.069,0.068,0.157
22,B2_3,0.123,0.04,0.098,0.143,0.041,0.06,0.057,0.032,0.101,0.026,0.048,0.05,0.099,0.038,0.019,0.026
22,y1,0.227,0.027,0.025,0.018,0.041,0.064,0.089,0.05,0.081,0.033,0.115,0.018,0.026,0.072,0.029,0.085
22,y2,0.319,0.041,0.012,0.047,0.031,0.066,0.037,0.071,0.051,0.022,0.057,0.108,0.077,0.033,0.007,0.023
22,y3,0.257,0.081,0.039,0.059,0.033,0.031,0.037,0.022,0.026,0.041,0.026,0.033,0.045,0.059,0.067,0.144
23,.,0.192,0.026,0.056,0.054,0.043,0.092,0.043,0.043,0.053,0.058,0.037,0.094,0.076,0.046,0.026,0.063
23,A1_1,0.255,0.041,0.026,0.046,0.041,0.05,0.063,0.05,0.049,0.04,0.064,0.056,0.046,0.069,0.019,0.086
23,A1_2,0.183,0.081,0.043,0.09,0.029,0.04,0.035,0.036,0.045,0.047,0.024,0.084,0.102,0.05,0.038,0.072
23,A1_3,0.048,0.039,0.105,0.057,0.04,0.093,0.04,0.023,0.028,0.033,0.074,0.091,0.041,0.158,0.081,0.049
23,B1_1,0.137,0.016,0.019,0.031,0.028,0.118,0.118,0.034,0.101,0.023,0.211,0.01,0.052,0.043,0.028,0.031
23,B1_2,0.533,0.027,0.01,0.019,0.022,0.048,0.04,0.03,0.087,0.025,0.037,0.03,0.042,0.021,0.011,0.018
23,B1_3,0.122,0.075,0.038,0.064,0.066,0.094,0.04,0.023,0.015,0.021,0.12,0.073,0.04,0.148,0.031,0.029
23,A2_1,0.234,0.051,0.043,0.048,0.02,0.041,0.069,0.038,0.105,0.022,0.056,0.018,0.069,0.068,0.064,0.055
23,A2_2,0.123,0.053,0.035,0.037,0.047,0.204,0.04,0.036,0.046,0.011,0.211,0.042,0.026,0.029,0.021,0.038
23,A2_3,0.489,0.018,0.02,0.015,0.039,0.058,0.061,0.028,0.056,0.018,0.072,0.01,0.017,0.027,0.011,0.061
23,B2_1,0.341,0.042,0.02,0.05,0.037,0.079,0.041,0.04,0.047,0.03,0.048,0.083,0.079,0.029,0.006,0.028
23,B2_2,0.215,0.083,0.044,0.066,0.035,0.028,0.042,0.02,0.023,0.049,0.024,0.025,0.052,0.07,0.069,0.158
23,B2_3,0.116,0.042,0.103,0.144,0.042,0.06,0.057,0.032,0.1,0.026,0.048,0.049,0.097,0.038,0.02,0.026
23,y1,0.231,0.026,0.025,0.018,0.041,0.064,0.089,0.049,0.082,0.033,0.114,0.018,0.025,0.071,0.03,0.085
23,y2,0.324,0.041,0.012,0.046,0.032,0.066,0.037,0.072,0.052,0.022,0.057,0.105,0.075,0.032,0.007,0.023
23,y3,0.265,0.081,0.038,0.058,0.032,0.03,0.036,0.022,0.026,0.041,0.025,0.032,0.044,0.059,0.067,0.145
24,.,0.194,0.026,0.057,0.054,0.043,0.09,0.043,0.043,0.052,0.059,0.036,0.093,0.075,0.045,0.026,0.064
24,A1_1,0.258,0.041,0.026,0.047,0.041,0.049,0.062,0.05,0.049,0.04,0.063,0.055,0.045,0.069,0.02,0.087
24,A1_2,0.183,0.082,0.044,0.09,0.029,0.039,0.035,0.036,0.046,0.048,0.023,0.083,0.1,0.051,0.039,0.072
24,A1_3,0.045,0.04,0.108,0.056,0.04,0.092,0.04,0.022,0.028,0.033,0.074,0.09,0.04,0.158,0.084,0.05
24,B1_1,0.139,0.016,0.019,0.031,0.028,0.117,0.118,0.034,0.101,0.023,0.211,0.01,0.051,0.043,0.028,0.031
24,B1_2,0.548,0.026,0.01,0.019,0.022,0.046,0.039,0.029,0.085,0.024,0.035,0.029,0.041,0.02,0.011,0.018
24,B1_3,0.121,0.078,0.04,0.064,0.067,0.092,0.04,0.023,0.015,0.021,0.118,0.072,0.04,0.147,0.032,0.03
24,A2_1,0.236,0.052,0.044,0.047,0.021,0.04,0.067,0.037,0.102,0.021,0.056,0.018,0.067,0.07,0.066,0.056
24,A2_2,0.119,0.054,0.036,0.037,0.047,0.203,0.04,0.036,0.048,0.011,0.212,0.041,0.026,0.028,0.021,0.038
