,,.,A1_1,A1_2,A1_3,B1_1,B1_2,B1_3,A2_1,A2_2,A2_3,B2_1,B2_2,B2_3,y1,y2,y3
0,.,1.0,0.586,0.745,0.72,0.567,0.857,0.759,0.704,0.848,0.59,0.866,0.641,0.853,0.809,0.709,0.711
0,A1_1,0.586,1.0,0.692,0.698,0.725,0.702,0.781,0.581,0.633,0.815,0.796,0.786,0.736,0.76,0.833,0.638
0,A1_2,0.745,0.692,1.0,0.939,0.643,0.869,0.782,0.905,0.86,0.763,0.781,0.871,0.642,0.648,0.651,0.61
0,A1_3,0.72,0.698,0.939,1.0,0.707,0.848,0.861,0.909,0.877,0.836,0.794,0.85,0.653,0.731,0.682,0.735
0,B1_1,0.567,0.725,0.643,0.707,1.0,0.852,0.784,0.75,0.794,0.773,0.818,0.842,0.794,0.692,0.734,0.625
0,B1_2,0.857,0.702,0.869,0.848,0.852,1.0,0.847,0.9,0.923,0.741,0.883,0.896,0.859,0.752,0.727,0.726
0,B1_3,0.759,0.781,0.782,0.861,0.784,0.847,1.0,0.779,0.769,0.817,0.85,0.846,0.747,0.762,0.881,0.827
0,A2_1,0.704,0.581,0.905,0.909,0.75,0.9,0.779,1.0,0.881,0.735,0.766,0.837,0.679,0.643,0.608,0.538
0,A2_2,0.848,0.633,0.86,0.877,0.794,0.923,0.769,0.881,1.0,0.71,0.901,0.765,0.85,0.817,0.651,0.668
0,A2_3,0.59,0.815,0.763,0.836,0.773,0.741,0.817,0.735,0.71,1.0,0.82,0.866,0.661,0.752,0.815,0.652
0,B2_1,0.866,0.796,0.781,0.794,0.818,0.883,0.85,0.766,0.901,0.82,1.0,0.8,0.944,0.93,0.856,0.67
0,B2_2,0.641,0.786,0.871,0.85,0.842,0.896,0.846,0.837,0.765,0.866,0.8,1.0,0.707,0.659,0.752,0.676
0,B2_3,0.853,0.736,0.642,0.653,0.794,0.859,0.747,0.679,0.85,0.661,0.944,0.707,1.0,0.928,0.747,0.63
0,y1,0.809,0.76,0.648,0.731,0.692,0.752,0.762,0.643,0.817,0.752,0.93,0.659,0.928,1.0,0.745,0.672
0,y2,0.709,0.833,0.651,0.682,0.734,0.727,0.881,0.608,0.651,0.815,0.856,0.752,0.747,0.745,1.0,0.626
0,y3,0.711,0.638,0.61,0.735,0.625,0.726,0.827,0.538,0.668,0.652,0.67,0.676,0.63,0.672,0.626,1.0
1,.,1.0,0.536,0.711,0.684,0.533,0.842,0.755,0.672,0.823,0.54,0.847,0.618,0.823,0.782,0.681,0.702
1,A1_1,0.536,1.0,0.658,0.669,0.716,0.675,0.768,0.555,0.605,0.804,0.777,0.773,0.717,0.727,0.816,0.606
1,A1_2,0.711,0.658,1.0,0.926,0.592,0.849,0.753,0.89,0.853,0.745,0.76,0.859,0.596,0.589,0.609,0.568
1,A1_3,0.684,0.669,0.926,1.0,0.664,0.817,0.844,0.897,0.868,0.824,0.779,0.834,0.616,0.694,0.657,0.694
1,B1_1,0.533,0.716,0.592,0.664,1.0,0.833,0.775,0.723,0.774,0.745,0.811,0.822,0.8,0.652,0.717,0.582
1,B1_2,0.842,0.675,0.849,0.817,0.833,1.0,0.833,0.888,0.922,0.705,0.874,0.884,0.848,0.708,0.686,0.686
1,B1_3,0.755,0.768,0.753,0.844,0.775,0.833,1.0,0.765,0.761,0.789,0.851,0.837,0.743,0.749,0.865,0.825
1,A2_1,0.672,0.555,0.89,0.897,0.723,0.888,0.765,1.0,0.884,0.717,0.761,0.825,0.66,0.596,0.574,0.484
1,A2_2,0.823,0.605,0.853,0.868,0.774,0.922,0.761,0.884,1.0,0.688,0.891,0.759,0.828,0.771,0.617,0.623
1,A2_3,0.54,0.804,0.745,0.824,0.745,0.705,0.789,0.717,0.688,1.0,0.799,0.857,0.624,0.707,0.793,0.608
1,B2_1,0.847,0.777,0.76,0.779,0.811,0.874,0.851,0.761,0.891,0.799,1.0,0.795,0.935,0.909,0.838,0.64
1,B2_2,0.618,0.773,0.859,0.834,0.822,0.884,0.837,0.825,0.759,0.857,0.795,1.0,0.692,0.62,0.731,0.645
1,B2_3,0.823,0.717,0.596,0.616,0.8,0.848,0.743,0.66,0.828,0.624,0.935,0.692,1.0,0.91,0.717,0.591
1,y1,0.782,0.727,0.589,0.694,0.652,0.708,0.749,0.596,0.771,0.707,0.909,0.62,0.91,1.0,0.712,0.643
1,y2,0.681,0.816,0.609,0.657,0.717,0.686,0.865,0.574,0.617,0.793,0.838,0.731,0.717,0.712,1.0,0.611
1,y3,0.702,0.606,0.568,0.694,0.582,0.686,0.825,0.484,0.623,0.608,0.64,0.645,0.591,0.643,0.611,1.0
2,.,1.0,0.497,0.682,0.651,0.503,0.827,0.752,0.639,0.795,0.498,0.83,0.602,0.792,0.757,0.659,0.694
2,A1_1,0.497,1.0,0.628,0.643,0.709,0.654,0.756,0.537,0.581,0.795,0.762,0.763,0.703,0.7,0.805,0.578
2,A1_2,0.682,0.628,1.0,0.912,0.546,0.831,0.718,0.877,0.848,0.729,0.737,0.845,0.553,0.536,0.568,0.531
2,A1_3,0.651,0.643,0.912,1.0,0.623,0.786,0.82,0.883,0.857,0.81,0.761,0.816,0.582,0.661,0.633,0.654
2,B1_1,0.503,0.709,0.546,0.623,1.0,0.816,0.767,0.701,0.754,0.719,0.803,0.805,0.805,0.613,0.699,0.541
2,B1_2,0.827,0.654,0.831,0.786,0.816,1.0,0.819,0.877,0.92,0.674,0.864,0.874,0.839,0.665,0.65,0.646
2,B1_3,0.752,0.756,0.718,0.82,0.767,0.819,1.0,0.748,0.748,0.759,0.85,0.826,0.743,0.74,0.851,0.82
2,A2_1,0.639,0.537,0.877,0.883,0.701,0.877,0.748,1.0,0.888,0.701,0.753,0.814,0.642,0.547,0.541,0.431
2,A2_2,0.795,0.581,0.848,0.857,0.754,0.92,0.748,0.888,1.0,0.667,0.878,0.753,0.806,0.719,0.584,0.571
2,A2_3,0.498,0.795,0.729,0.81,0.719,0.674,0.759,0.701,0.667,1.0,0.779,0.849,0.592,0.665,0.774,0.567
2,B2_1,0.83,0.762,0.737,0.761,0.803,0.864,0.85,0.753,0.878,0.779,1.0,0.789,0.927,0.889,0.824,0.61
2,B2_2,0.602,0.763,0.845,0.816,0.805,0.874,0.826,0.814,0.753,0.849,0.789,1.0,0.68,0.588,0.713,0.623
2,B2_3,0.792,0.703,0.553,0.582,0.805,0.839,0.743,0.642,0.806,0.592,0.927,0.68,1.0,0.889,0.691,0.551
2,y1,0.757,0.7,0.536,0.661,0.613,0.665,0.74,0.547,0.719,0.665,0.889,0.588,0.889,1.0,0.687,0.62
2,y2,0.659,0.805,0.568,0.633,0.699,0.65,0.851,0.541,0.584,0.774,0.824,0.713,0.691,0.687,1.0,0.603
2,y3,0.694,0.578,0.531,0.654,0.541,0.646,0.82,0.431,0.571,0.567,0.61,0.623,0.551,0.62,0.603,1.0
3,.,1.0,0.464,0.656,0.621,0.48,0.812,0.75,0.607,0.766,0.463,0.815,0.59,0.764,0.735,0.642,0.689
3,A1_1,0.464,1.0,0.607,0.622,0.703,0.638,0.746,0.526,0.561,0.788,0.748,0.757,0.69,0.68,0.793,0.554
3,A1_2,0.656,0.607,1.0,0.901,0.515,0.817,0.688,0.868,0.84,0.716,0.714,0.834,0.517,0.492,0.534,0.5
3,A1_3,0.621,0.622,0.901,1.0,0.593,0.758,0.796,0.869,0.844,0.798,0.744,0.801,0.552,0.631,0.613,0.62
3,B1_1,0.48,0.703,0.515,0.593,1.0,0.807,0.761,0.689,0.744,0.697,0.797,0.794,0.812,0.582,0.678,0.504
3,B1_2,0.812,0.638,0.817,0.758,0.807,1.0,0.808,0.868,0.917,0.648,0.854,0.867,0.83,0.628,0.618,0.611
3,B1_3,0.75,0.746,0.688,0.796,0.761,0.808,1.0,0.732,0.733,0.732,0.848,0.816,0.742,0.732,0.839,0.813
3,A2_1,0.607,0.526,0.868,0.869,0.689,0.868,0.732,1.0,0.889,0.69,0.744,0.807,0.627,0.501,0.512,0.385
3,A2_2,0.766,0.561,0.84,0.844,0.744,0.917,0.733,0.889,1.0,0.648,0.866,0.745,0.789,0.671,0.552,0.521
3,A2_3,0.463,0.788,0.716,0.798,0.697,0.648,0.732,0.69,0.648,1.0,0.759,0.839,0.565,0.631,0.756,0.532
3,B2_1,0.815,0.748,0.714,0.744,0.797,0.854,0.848,0.744,0.866,0.759,1.0,0.782,0.921,0.873,0.81,0.584
3,B2_2,0.59,0.757,0.834,0.801,0.794,0.867,0.816,0.807,0.745,0.839,0.782,1.0,0.672,0.566,0.694,0.604
3,B2_3,0.764,0.69,0.517,0.552,0.812,0.83,0.742,0.627,0.789,0.565,0.921,0.672,1.0,0.869,0.666,0.515
3,y1,0.735,0.68,0.492,0.631,0.582,0.628,0.732,0.501,0.671,0.631,0.873,0.566,0.869,1.0,0.67,0.605
3,y2,0.642,0.793,0.534,0.613,0.678,0.618,0.839,0.512,0.552,0.756,0.81,0.694,0.666,0.67,1.0,0.598
3,y3,0.689,0.554,0.5,0.62,0.504,0.611,0.813,0.385,0.521,0.532,0.584,0.604,0.515,0.605,0.598,1.0
4,.,1.0,0.432,0.63,0.591,0.457,0.797,0.746,0.573,0.732,0.426,0.799,0.577,0.731,0.712,0.623,0.685
4,A1_1,0.432,1.0,0.585,0.602,0.697,0.623,0.735,0.516,0.54,0.782,0.733,0.751,0.678,0.659,0.78,0.528
4,A1_2,0.63,0.585,1.0,0.889,0.486,0.803,0.654,0.858,0.83,0.704,0.688,0.823,0.481,0.447,0.496,0.467
4,A1_3,0.591,0.602,0.889,1.0,0.564,0.731,0.768,0.854,0.829,0.785,0.725,0.784,0.524,0.6,0.59,0.587
4,B1_1,0.457,0.697,0.486,0.564,1.0,0.8,0.757,0.68,0.737,0.675,0.793,0.786,0.82,0.55,0.653,0.467
4,B1_2,0.797,0.623,0.803,0.731,0.8,1.0,0.799,0.858,0.913,0.624,0.844,0.862,0.822,0.588,0.582,0.576
4,B1_3,0.746,0.735,0.654,0.768,0.757,0.799,1.0,0.713,0.713,0.702,0.845,0.805,0.741,0.723,0.826,0.804
4,A2_1,0.573,0.516,0.858,0.854,0.68,0.858,0.713,1.0,0.889,0.679,0.734,0.801,0.614,0.452,0.478,0.338
4,A2_2,0.732,0.54,0.83,0.829,0.737,0.913,0.713,0.889,1.0,0.629,0.851,0.737,0.773,0.616,0.512,0.467
4,A2_3,0.426,0.782,0.704,0.785,0.675,0.624,0.702,0.679,0.629,1.0,0.737,0.83,0.539,0.596,0.735,0.495
4,B2_1,0.799,0.733,0.688,0.725,0.793,0.844,0.845,0.734,0.851,0.737,1.0,0.774,0.915,0.856,0.793,0.556
4,B2_2,0.577,0.751,0.823,0.784,0.786,0.862,0.805,0.801,0.737,0.83,0.774,1.0,0.664,0.542,0.674,0.583
4,B2_3,0.731,0.678,0.481,0.524,0.82,0.822,0.741,0.614,0.773,0.539,0.915,0.664,1.0,0.844,0.638,0.476
4,y1,0.712,0.659,0.447,0.6,0.55,0.588,0.723,0.452,0.616,0.596,0.856,0.542,0.844,1.0,0.653,0.592
4,y2,0.623,0.78,0.496,0.59,0.653,0.582,0.826,0.478,0.512,0.735,0.793,0.674,0.638,0.653,1.0,0.594
4,y3,0.685,0.528,0.467,0.587,0.467,0.576,0.804,0.338,0.467,0.495,0.556,0.583,0.476,0.592,0.594,1.0
5,.,1.0,0.4,0.603,0.557,0.432,0.779,0.739,0.534,0.689,0.389,0.78,0.564,0.694,0.691,0.607,0.682
5,A1_1,0.4,1.0,0.566,0.584,0.692,0.61,0.725,0.509,0.521,0.777,0.72,0.747,0.669,0.641,0.765,0.502
5,A1_2,0.603,0.566,1.0,0.876,0.462,0.791,0.618,0.85,0.821,0.692,0.663,0.812,0.451,0.404,0.455,0.433
5,A1_3,0.557,0.584,0.876,1.0,0.539,0.703,0.738,0.837,0.813,0.771,0.706,0.766,0.499,0.568,0.565,0.554
5,B1_1,0.432,0.692,0.462,0.539,1.0,0.795,0.754,0.675,0.732,0.656,0.791,0.781,0.831,0.518,0.622,0.429
5,B1_2,0.779,0.61,0.791,0.703,0.795,1.0,0.789,0.849,0.908,0.603,0.836,0.859,0.816,0.551,0.545,0.54
5,B1_3,0.739,0.725,0.618,0.738,0.754,0.789,1.0,0.691,0.688,0.671,0.842,0.794,0.74,0.713,0.812,0.793
5,A2_1,0.534,0.509,0.85,0.837,0.675,0.849,0.691,1.0,0.891,0.672,0.723,0.795,0.606,0.4,0.44,0.289
5,A2_2,0.689,0.521,0.821,0.813,0.732,0.908,0.688,0.891,1.0,0.61,0.834,0.73,0.759,0.555,0.464,0.405
5,A2_3,0.389,0.777,0.692,0.771,0.656,0.603,0.671,0.672,0.61,1.0,0.717,0.82,0.518,0.559,0.71,0.456
5,B2_1,0.78,0.72,0.663,0.706,0.791,0.836,0.842,0.723,0.834,0.717,1.0,0.768,0.909,0.837,0.774,0.526
5,B2_2,0.564,0.747,0.812,0.766,0.781,0.859,0.794,0.795,0.73,0.82,0.768,1.0,0.663,0.521,0.649,0.56
5,B2_3,0.694,0.669,0.451,0.499,0.831,0.816,0.74,0.606,0.759,0.518,0.909,0.663,1.0,0.815,0.606,0.435
5,y1,0.691,0.641,0.404,0.568,0.518,0.551,0.713,0.4,0.555,0.559,0.837,0.521,0.815,1.0,0.638,0.584
5,y2,0.607,0.765,0.455,0.565,0.622,0.545,0.812,0.44,0.464,0.71,0.774,0.649,0.606,0.638,1.0,0.592
5,y3,0.682,0.502,0.433,0.554,0.429,0.54,0.793,0.289,0.405,0.456,0.526,0.56,0.435,0.584,0.592,1.0
6,.,1.0,0.373,0.58,0.525,0.411,0.766,0.732,0.499,0.647,0.354,0.761,0.555,0.659,0.67,0.591,0.678
6,A1_1,0.373,1.0,0.545,0.567,0.683,0.594,0.714,0.497,0.5,0.769,0.708,0.741,0.659,0.629,0.75,0.481
6,A1_2,0.58,0.545,1.0,0.863,0.441,0.779,0.581,0.84,0.812,0.682,0.636,0.8,0.421,0.364,0.414,0.403
6,A1_3,0.525,0.567,0.863,1.0,0.518,0.677,0.705,0.82,0.796,0.757,0.686,0.749,0.475,0.537,0.539,0.525
6,B1_1,0.411,0.683,0.441,0.518,1.0,0.79,0.75,0.671,0.729,0.638,0.792,0.779,0.841,0.493,0.593,0.395
6,B1_2,0.766,0.594,0.779,0.677,0.79,1.0,0.78,0.839,0.901,0.582,0.828,0.858,0.809,0.518,0.51,0.511
6,B1_3,0.732,0.714,0.581,0.705,0.75,0.78,1.0,0.667,0.659,0.639,0.837,0.783,0.736,0.704,0.799,0.781
6,A2_1,0.499,0.497,0.84,0.82,0.671,0.839,0.667,1.0,0.892,0.664,0.712,0.79,0.597,0.355,0.4,0.243
6,A2_2,0.647,0.5,0.812,0.796,0.729,0.901,0.659,0.892,1.0,0.593,0.817,0.724,0.745,0.497,0.413,0.348
6,A2_3,0.354,0.769,0.682,0.757,0.638,0.582,0.639,0.664,0.593,1.0,0.697,0.81,0.497,0.525,0.684,0.419
6,B2_1,0.761,0.708,0.636,0.686,0.792,0.828,0.837,0.712,0.817,0.697,1.0,0.763,0.905,0.82,0.754,0.499
6,B2_2,0.555,0.741,0.8,0.749,0.779,0.858,0.783,0.79,0.724,0.81,0.763,1.0,0.66,0.504,0.627,0.54
6,B2_3,0.659,0.659,0.421,0.475,0.841,0.809,0.736,0.597,0.745,0.497,0.905,0.66,1.0,0.787,0.574,0.397
6,y1,0.67,0.629,0.364,0.537,0.493,0.518,0.704,0.355,0.497,0.525,0.82,0.504,0.787,1.0,0.626,0.578
6,y2,0.591,0.75,0.414,0.539,0.593,0.51,0.799,0.4,0.413,0.684,0.754,0.627,0.574,0.626,1.0,0.59
6,y3,0.678,0.481,0.403,0.525,0.395,0.511,0.781,0.243,0.348,0.419,0.499,0.54,0.397,0.578,0.59,1.0
7,.,1.0,0.344,0.555,0.491,0.386,0.75,0.722,0.46,0.603,0.318,0.739,0.54,0.622,0.652,0.572,0.674
7,A1_1,0.344,1.0,0.527,0.551,0.675,0.581,0.705,0.487,0.48,0.763,0.695,0.736,0.651,0.614,0.732,0.456
7,A1_2,0.555,0.527,1.0,0.85,0.428,0.771,0.549,0.833,0.805,0.671,0.613,0.791,0.4,0.324,0.368,0.369
7,A1_3,0.491,0.551,0.85,1.0,0.502,0.653,0.674,0.804,0.78,0.744,0.667,0.731,0.455,0.505,0.509,0.494
7,B1_1,0.386,0.675,0.428,0.502,1.0,0.788,0.748,0.671,0.727,0.626,0.793,0.78,0.85,0.465,0.558,0.357
7,B1_2,0.75,0.581,0.771,0.653,0.788,1.0,0.772,0.83,0.895,0.565,0.822,0.858,0.804,0.486,0.47,0.478
7,B1_3,0.722,0.705,0.549,0.674,0.748,0.772,1.0,0.645,0.634,0.61,0.833,0.772,0.734,0.693,0.783,0.766
7,A2_1,0.46,0.487,0.833,0.804,0.671,0.83,0.645,1.0,0.893,0.658,0.701,0.786,0.593,0.307,0.355,0.195
7,A2_2,0.603,0.48,0.805,0.78,0.727,0.895,0.634,0.893,1.0,0.579,0.8,0.718,0.736,0.438,0.356,0.29
7,A2_3,0.318,0.763,0.671,0.744,0.626,0.565,0.61,0.658,0.579,1.0,0.678,0.8,0.483,0.491,0.654,0.381
7,B2_1,0.739,0.695,0.613,0.667,0.793,0.822,0.833,0.701,0.8,0.678,1.0,0.758,0.901,0.8,0.729,0.469
7,B2_2,0.54,0.736,0.791,0.731,0.78,0.858,0.772,0.786,0.718,0.8,0.758,1.0,0.662,0.482,0.598,0.511
7,B2_3,0.622,0.651,0.4,0.455,0.85,0.804,0.734,0.593,0.736,0.483,0.901,0.662,1.0,0.755,0.537,0.356
7,y1,0.652,0.614,0.324,0.505,0.465,0.486,0.693,0.307,0.438,0.491,0.8,0.482,0.755,1.0,0.613,0.573
7,y2,0.572,0.732,0.368,0.509,0.558,0.47,0.783,0.355,0.356,0.654,0.729,0.598,0.537,0.613,1.0,0.589
7,y3,0.674,0.456,0.369,0.494,0.357,0.478,0.766,0.195,0.29,0.381,0.469,0.511,0.356,0.573,0.589,1.0
8,.,1.0,0.316,0.533,0.459,0.361,0.734,0.712,0.424,0.558,0.282,0.717,0.525,0.586,0.635,0.553,0.671
8,A1_1,0.316,1.0,0.506,0.536,0.667,0.566,0.696,0.475,0.458,0.755,0.684,0.73,0.643,0.601,0.71,0.433
8,A1_2,0.533,0.506,1.0,0.838,0.415,0.765,0.517,0.826,0.798,0.659,0.591,0.782,0.383,0.284,0.319,0.336
8,A1_3,0.459,0.536,0.838,1.0,0.488,0.631,0.642,0.789,0.766,0.732,0.649,0.713,0.437,0.471,0.476,0.466
8,B1_1,0.361,0.667,0.415,0.488,1.0,0.784,0.745,0.672,0.725,0.616,0.795,0.783,0.858,0.436,0.522,0.323
8,B1_2,0.734,0.566,0.765,0.631,0.784,1.0,0.765,0.822,0.887,0.55,0.817,0.859,0.801,0.454,0.428,0.447
8,B1_3,0.712,0.696,0.517,0.642,0.745,0.765,1.0,0.623,0.606,0.581,0.828,0.761,0.731,0.68,0.767,0.75
8,A2_1,0.424,0.475,0.826,0.789,0.672,0.822,0.623,1.0,0.894,0.653,0.693,0.782,0.591,0.261,0.307,0.15
8,A2_2,0.558,0.458,0.798,0.766,0.725,0.887,0.606,0.894,1.0,0.567,0.785,0.714,0.729,0.379,0.295,0.233
8,A2_3,0.282,0.755,0.659,0.732,0.616,0.55,0.581,0.653,0.567,1.0,0.661,0.789,0.471,0.456,0.62,0.342
8,B2_1,0.717,0.684,0.591,0.649,0.795,0.817,0.828,0.693,0.785,0.661,1.0,0.754,0.899,0.777,0.7,0.439
8,B2_2,0.525,0.73,0.782,0.713,0.783,0.859,0.761,0.782,0.714,0.789,0.754,1.0,0.664,0.457,0.566,0.483
8,B2_3,0.586,0.643,0.383,0.437,0.858,0.801,0.731,0.591,0.729,0.471,0.899,0.664,1.0,0.721,0.498,0.317
8,y1,0.635,0.601,0.284,0.471,0.436,0.454,0.68,0.261,0.379,0.456,0.777,0.457,0.721,1.0,0.6,0.572
8,y2,0.553,0.71,0.319,0.476,0.522,0.428,0.767,0.307,0.295,0.62,0.7,0.566,0.498,0.6,1.0,0.589
8,y3,0.671,0.433,0.336,0.466,0.323,0.447,0.75,0.15,0.233,0.342,0.439,0.483,0.317,0.572,0.589,1.0
9,.,1.0,0.285,0.506,0.42,0.335,0.716,0.7,0.383,0.508,0.241,0.688,0.505,0.546,0.619,0.538,0.669
9,A1_1,0.285,1.0,0.49,0.524,0.66,0.554,0.687,0.466,0.442,0.748,0.673,0.726,0.637,0.587,0.684,0.409
9,A1_2,0.506,0.49,1.0,0.825,0.405,0.759,0.486,0.82,0.795,0.651,0.57,0.772,0.367,0.242,0.267,0.302
9,A1_3,0.42,0.524,0.825,1.0,0.477,0.61,0.61,0.775,0.752,0.721,0.631,0.697,0.421,0.434,0.439,0.436
9,B1_1,0.335,0.66,0.405,0.477,1.0,0.782,0.745,0.672,0.723,0.61,0.802,0.787,0.868,0.409,0.479,0.29
9,B1_2,0.716,0.554,0.759,0.61,0.782,1.0,0.76,0.814,0.879,0.538,0.814,0.86,0.797,0.422,0.385,0.419
9,B1_3,0.7,0.687,0.486,0.61,0.745,0.76,1.0,0.6,0.581,0.552,0.822,0.751,0.73,0.668,0.748,0.734
9,A2_1,0.383,0.466,0.82,0.775,0.672,0.814,0.6,1.0,0.898,0.653,0.687,0.779,0.59,0.212,0.252,0.104
9,A2_2,0.508,0.442,0.795,0.752,0.723,0.879,0.581,0.898,1.0,0.564,0.772,0.713,0.72,0.315,0.228,0.177
9,A2_3,0.241,0.748,0.651,0.721,0.61,0.538,0.552,0.653,0.564,1.0,0.646,0.782,0.464,0.414,0.577,0.297
9,B2_1,0.688,0.673,0.57,0.631,0.802,0.814,0.822,0.687,0.772,0.646,1.0,0.752,0.898,0.75,0.665,0.406
9,B2_2,0.505,0.726,0.772,0.697,0.787,0.86,0.751,0.779,0.713,0.782,0.752,1.0,0.67,0.43,0.529,0.452
9,B2_3,0.546,0.637,0.367,0.421,0.868,0.797,0.73,0.59,0.72,0.464,0.898,0.67,1.0,0.685,0.453,0.282
9,y1,0.619,0.587,0.242,0.434,0.409,0.422,0.668,0.212,0.315,0.414,0.75,0.43,0.685,1.0,0.593,0.572
9,y2,0.538,0.684,0.267,0.439,0.479,0.385,0.748,0.252,0.228,0.577,0.665,0.529,0.453,0.593,1.0,0.592
9,y3,0.669,0.409,0.302,0.436,0.29,0.419,0.734,0.104,0.177,0.297,0.406,0.452,0.282,0.572,0.592,1.0
10,.,1.0,0.257,0.485,0.382,0.308,0.704,0.685,0.346,0.464,0.199,0.659,0.491,0.512,0.601,0.514,0.663
10,A1_1,0.257,1.0,0.464,0.506,0.647,0.534,0.675,0.447,0.416,0.736,0.661,0.715,0.627,0.58,0.664,0.388
10,A1_2,0.485,0.464,1.0,0.808,0.391,0.751,0.448,0.809,0.792,0.638,0.545,0.761,0.346,0.204,0.213,0.27
10,A1_3,0.382,0.506,0.808,1.0,0.469,0.586,0.576,0.761,0.739,0.708,0.613,0.678,0.405,0.401,0.405,0.405
10,B1_1,0.308,0.647,0.391,0.469,1.0,0.777,0.744,0.672,0.72,0.602,0.807,0.79,0.872,0.385,0.443,0.255
10,B1_2,0.704,0.534,0.751,0.586,0.777,1.0,0.751,0.803,0.871,0.52,0.809,0.861,0.79,0.396,0.341,0.389
10,B1_3,0.685,0.675,0.448,0.576,0.744,0.751,1.0,0.576,0.552,0.52,0.816,0.74,0.728,0.655,0.729,0.714
10,A2_1,0.346,0.447,0.809,0.761,0.672,0.803,0.576,1.0,0.901,0.648,0.68,0.774,0.586,0.169,0.201,0.057
10,A2_2,0.464,0.416,0.792,0.739,0.72,0.871,0.552,0.901,1.0,0.556,0.758,0.712,0.708,0.258,0.164,0.123
10,A2_3,0.199,0.736,0.638,0.708,0.602,0.52,0.52,0.648,0.556,1.0,0.629,0.771,0.451,0.376,0.536,0.252
10,B2_1,0.659,0.661,0.545,0.613,0.807,0.809,0.816,0.68,0.758,0.629,1.0,0.751,0.897,0.725,0.632,0.37
10,B2_2,0.491,0.715,0.761,0.678,0.79,0.861,0.74,0.774,0.712,0.771,0.751,1.0,0.672,0.409,0.495,0.422
10,B2_3,0.512,0.627,0.346,0.405,0.872,0.79,0.728,0.586,0.708,0.451,0.897,0.672,1.0,0.656,0.414,0.245
10,y1,0.601,0.58,0.204,0.401,0.385,0.396,0.655,0.169,0.258,0.376,0.725,0.409,0.656,1.0,0.581,0.57
10,y2,0.514,0.664,0.213,0.405,0.443,0.341,0.729,0.201,0.164,0.536,0.632,0.495,0.414,0.581,1.0,0.588
10,y3,0.663,0.388,0.27,0.405,0.255,0.389,0.714,0.057,0.123,0.252,0.37,0.422,0.245,0.57,0.588,1.0
11,.,1.0,0.23,0.465,0.346,0.285,0.693,0.671,0.313,0.424,0.159,0.628,0.471,0.479,0.583,0.49,0.654
11,A1_1,0.23,1.0,0.439,0.49,0.634,0.517,0.662,0.429,0.393,0.722,0.65,0.707,0.618,0.568,0.639,0.366
11,A1_2,0.465,0.439,1.0,0.794,0.372,0.743,0.408,0.8,0.79,0.628,0.521,0.748,0.327,0.163,0.154,0.235
11,A1_3,0.346,0.49,0.794,1.0,0.456,0.567,0.539,0.749,0.729,0.697,0.595,0.661,0.389,0.365,0.364,0.376
11,B1_1,0.285,0.634,0.372,0.456,1.0,0.773,0.742,0.667,0.711,0.592,0.814,0.793,0.879,0.362,0.406,0.226
11,B1_2,0.693,0.517,0.743,0.567,0.773,1.0,0.742,0.794,0.863,0.508,0.806,0.861,0.786,0.369,0.299,0.36
11,B1_3,0.671,0.662,0.408,0.539,0.742,0.742,1.0,0.548,0.52,0.485,0.808,0.725,0.725,0.64,0.71,0.696
11,A2_1,0.313,0.429,0.8,0.749,0.667,0.794,0.548,1.0,0.904,0.648,0.674,0.768,0.584,0.125,0.145,0.012
11,A2_2,0.424,0.393,0.79,0.729,0.711,0.863,0.52,0.904,1.0,0.554,0.744,0.71,0.696,0.202,0.096,0.07
11,A2_3,0.159,0.722,0.628,0.697,0.592,0.508,0.485,0.648,0.554,1.0,0.615,0.764,0.443,0.331,0.487,0.205
11,B2_1,0.628,0.65,0.521,0.595,0.814,0.806,0.808,0.674,0.744,0.615,1.0,0.75,0.897,0.696,0.596,0.334
11,B2_2,0.471,0.707,0.748,0.661,0.793,0.861,0.725,0.768,0.71,0.764,0.75,1.0,0.676,0.381,0.457,0.388
11,B2_3,0.479,0.618,0.327,0.389,0.879,0.786,0.725,0.584,0.696,0.443,0.897,0.676,1.0,0.626,0.374,0.212
11,y1,0.583,0.568,0.163,0.365,0.362,0.369,0.64,0.125,0.202,0.331,0.696,0.381,0.626,1.0,0.569,0.567
11,y2,0.49,0.639,0.154,0.364,0.406,0.299,0.71,0.145,0.096,0.487,0.596,0.457,0.374,0.569,1.0,0.585
11,y3,0.654,0.366,0.235,0.376,0.226,0.36,0.696,0.012,0.07,0.205,0.334,0.388,0.212,0.567,0.585,1.0
12,.,1.0,0.197,0.44,0.306,0.257,0.675,0.653,0.274,0.376,0.114,0.592,0.448,0.443,0.568,0.473,0.649
12,A1_1,0.197,1.0,0.419,0.478,0.628,0.503,0.653,0.417,0.377,0.712,0.642,0.7,0.614,0.552,0.604,0.34
12,A1_2,0.44,0.419,1.0,0.782,0.362,0.74,0.381,0.795,0.791,0.621,0.504,0.739,0.317,0.12,0.091,0.2
12,A1_3,0.306,0.478,0.782,1.0,0.449,0.552,0.51,0.74,0.721,0.689,0.582,0.647,0.38,0.324,0.316,0.344
12,B1_1,0.257,0.628,0.362,0.449,1.0,0.768,0.746,0.666,0.705,0.591,0.824,0.798,0.885,0.335,0.361,0.197
12,B1_2,0.675,0.503,0.74,0.552,0.768,1.0,0.739,0.787,0.856,0.501,0.805,0.862,0.783,0.338,0.25,0.332
12,B1_3,0.653,0.653,0.381,0.51,0.746,0.739,1.0,0.53,0.5,0.46,0.804,0.719,0.728,0.622,0.685,0.674
12,A2_1,0.274,0.417,0.795,0.74,0.666,0.787,0.53,1.0,0.909,0.652,0.671,0.765,0.584,0.076,0.08,-0.032
12,A2_2,0.376,0.377,0.791,0.721,0.705,0.856,0.5,0.909,1.0,0.559,0.735,0.711,0.688,0.14,0.022,0.019
12,A2_3,0.114,0.712,0.621,0.689,0.591,0.501,0.46,0.652,0.559,1.0,0.607,0.758,0.443,0.283,0.428,0.155
12,B2_1,0.592,0.642,0.504,0.582,0.824,0.805,0.804,0.671,0.735,0.607,1.0,0.753,0.898,0.658,0.551,0.296
12,B2_2,0.448,0.7,0.739,0.647,0.798,0.862,0.719,0.765,0.711,0.758,0.753,1.0,0.683,0.349,0.41,0.353
12,B2_3,0.443,0.614,0.317,0.38,0.885,0.783,0.728,0.584,0.688,0.443,0.898,0.683,1.0,0.59,0.326,0.181
12,y1,0.568,0.552,0.12,0.324,0.335,0.338,0.622,0.076,0.14,0.283,0.658,0.349,0.59,1.0,0.563,0.569
12,y2,0.473,0.604,0.091,0.316,0.361,0.25,0.685,0.08,0.022,0.428,0.551,0.41,0.326,0.563,1.0,0.589
12,y3,0.649,0.34,0.2,0.344,0.197,0.332,0.674,-0.032,0.019,0.155,0.296,0.353,0.181,0.569,0.589,1.0
13,.,1.0,0.167,0.417,0.269,0.232,0.661,0.637,0.24,0.333,0.072,0.557,0.428,0.41,0.553,0.456,0.642
13,A1_1,0.167,1.0,0.399,0.467,0.619,0.488,0.643,0.403,0.361,0.7,0.632,0.691,0.607,0.539,0.573,0.318
13,A1_2,0.417,0.399,1.0,0.77,0.352,0.735,0.354,0.791,0.791,0.615,0.487,0.729,0.305,0.079,0.033,0.166
13,A1_3,0.269,0.467,0.77,1.0,0.446,0.54,0.484,0.733,0.715,0.682,0.571,0.636,0.372,0.286,0.27,0.314
13,B1_1,0.232,0.619,0.352,0.446,1.0,0.765,0.749,0.663,0.701,0.589,0.833,0.803,0.89,0.31,0.318,0.17
13,B1_2,0.661,0.488,0.735,0.54,0.765,1.0,0.736,0.78,0.848,0.493,0.805,0.863,0.781,0.309,0.205,0.304
13,B1_3,0.637,0.643,0.354,0.484,0.749,0.736,1.0,0.512,0.48,0.436,0.8,0.713,0.729,0.606,0.66,0.652
13,A2_1,0.24,0.403,0.791,0.733,0.663,0.78,0.512,1.0,0.912,0.656,0.669,0.762,0.582,0.03,0.02,-0.073
13,A2_2,0.333,0.361,0.791,0.715,0.701,0.848,0.48,0.912,1.0,0.565,0.728,0.712,0.679,0.083,-0.046,-0.029
13,A2_3,0.072,0.7,0.615,0.682,0.589,0.493,0.436,0.656,0.565,1.0,0.599,0.753,0.44,0.237,0.37,0.107
13,B2_1,0.557,0.632,0.487,0.571,0.833,0.805,0.8,0.669,0.728,0.599,1.0,0.757,0.9,0.621,0.505,0.258
13,B2_2,0.428,0.691,0.729,0.636,0.803,0.863,0.713,0.762,0.712,0.753,0.757,1.0,0.689,0.32,0.366,0.321
13,B2_3,0.41,0.607,0.305,0.372,0.89,0.781,0.729,0.582,0.679,0.44,0.9,0.689,1.0,0.556,0.281,0.151
13,y1,0.553,0.539,0.079,0.286,0.31,0.309,0.606,0.03,0.083,0.237,0.621,0.32,0.556,1.0,0.558,0.571
13,y2,0.456,0.573,0.033,0.27,0.318,0.205,0.66,0.02,-0.046,0.37,0.505,0.366,0.281,0.558,1.0,0.59
13,y3,0.642,0.318,0.166,0.314,0.17,0.304,0.652,-0.073,-0.029,0.107,0.258,0.321,0.151,0.571,0.59,1.0
14,.,1.0,0.137,0.396,0.23,0.209,0.649,0.622,0.207,0.294,0.03,0.524,0.408,0.382,0.539,0.433,0.635
14,A1_1,0.137,1.0,0.375,0.455,0.61,0.47,0.632,0.387,0.342,0.688,0.624,0.68,0.602,0.527,0.546,0.299
14,A1_2,0.396,0.375,1.0,0.759,0.343,0.73,0.327,0.785,0.791,0.606,0.471,0.72,0.295,0.04,-0.021,0.135
14,A1_3,0.23,0.455,0.759,1.0,0.443,0.526,0.457,0.727,0.71,0.676,0.558,0.625,0.364,0.248,0.229,0.286
14,B1_1,0.209,0.61,0.343,0.443,1.0,0.761,0.749,0.662,0.696,0.588,0.84,0.807,0.895,0.286,0.282,0.146
14,B1_2,0.649,0.47,0.73,0.526,0.761,1.0,0.73,0.771,0.84,0.482,0.803,0.864,0.778,0.283,0.162,0.28
14,B1_3,0.622,0.632,0.327,0.457,0.749,0.73,1.0,0.493,0.458,0.411,0.795,0.705,0.729,0.591,0.637,0.635
14,A2_1,0.207,0.387,0.785,0.727,0.662,0.771,0.493,1.0,0.915,0.659,0.665,0.758,0.581,-0.013,-0.031,-0.11
14,A2_2,0.294,0.342,0.791,0.71,0.696,0.84,0.458,0.915,1.0,0.569,0.718,0.713,0.671,0.031,-0.106,-0.07
14,A2_3,0.03,0.688,0.606,0.676,0.588,0.482,0.411,0.659,0.569,1.0,0.592,0.746,0.44,0.193,0.32,0.064
14,B2_1,0.524,0.624,0.471,0.558,0.84,0.803,0.795,0.665,0.718,0.592,1.0,0.761,0.901,0.587,0.465,0.227
14,B2_2,0.408,0.68,0.72,0.625,0.807,0.864,0.705,0.758,0.713,0.746,0.761,1.0,0.696,0.291,0.325,0.291
14,B2_3,0.382,0.602,0.295,0.364,0.895,0.778,0.729,0.581,0.671,0.44,0.901,0.696,1.0,0.525,0.242,0.126
14,y1,0.539,0.527,0.04,0.248,0.286,0.283,0.591,-0.013,0.031,0.193,0.587,0.291,0.525,1.0,0.549,0.573
14,y2,0.433,0.546,-0.021,0.229,0.282,0.162,0.637,-0.031,-0.106,0.32,0.465,0.325,0.242,0.549,1.0,0.589
14,y3,0.635,0.299,0.135,0.286,0.146,0.28,0.635,-0.11,-0.07,0.064,0.227,0.291,0.126,0.573,0.589,1.0
15,.,1.0,0.112,0.374,0.198,0.189,0.636,0.609,0.18,0.26,-0.005,0.493,0.388,0.357,0.527,0.416,0.627
15,A1_1,0.112,1.0,0.356,0.445,0.601,0.457,0.622,0.374,0.327,0.676,0.617,0.672,0.598,0.516,0.518,0.281
15,A1_2,0.374,0.356,1.0,0.753,0.329,0.724,0.301,0.783,0.794,0.605,0.454,0.709,0.282,0.003,-0.073,0.104
15,A1_3,0.198,0.445,0.753,1.0,0.437,0.518,0.431,0.724,0.708,0.673,0.547,0.617,0.356,0.213,0.186,0.26
15,B1_1,0.189,0.601,0.329,0.437,1.0,0.758,0.751,0.653,0.686,0.583,0.848,0.809,0.9,0.266,0.246,0.129
15,B1_2,0.636,0.457,0.724,0.518,0.758,1.0,0.727,0.764,0.833,0.478,0.802,0.863,0.775,0.258,0.124,0.258
15,B1_3,0.609,0.622,0.301,0.431,0.751,0.727,1.0,0.474,0.438,0.389,0.79,0.699,0.731,0.577,0.614,0.62
15,A2_1,0.18,0.374,0.783,0.724,0.653,0.764,0.474,1.0,0.919,0.666,0.66,0.753,0.575,-0.051,-0.083,-0.142
15,A2_2,0.26,0.327,0.794,0.708,0.686,0.833,0.438,0.919,1.0,0.577,0.709,0.712,0.659,-0.017,-0.164,-0.108
15,A2_3,-0.005,0.676,0.605,0.673,0.583,0.478,0.389,0.666,0.577,1.0,0.588,0.743,0.439,0.151,0.266,0.023
15,B2_1,0.493,0.617,0.454,0.547,0.848,0.802,0.79,0.66,0.709,0.588,1.0,0.765,0.903,0.553,0.425,0.197
15,B2_2,0.388,0.672,0.709,0.617,0.809,0.863,0.699,0.753,0.712,0.743,0.765,1.0,0.701,0.264,0.286,0.264
15,B2_3,0.357,0.598,0.282,0.356,0.9,0.775,0.731,0.575,0.659,0.439,0.903,0.701,1.0,0.498,0.206,0.107
15,y1,0.527,0.516,0.003,0.213,0.266,0.258,0.577,-0.051,-0.017,0.151,0.553,0.264,0.498,1.0,0.545,0.574
15,y2,0.416,0.518,-0.073,0.186,0.246,0.124,0.614,-0.083,-0.164,0.266,0.425,0.286,0.206,0.545,1.0,0.589
15,y3,0.627,0.281,0.104,0.26,0.129,0.258,0.62,-0.142,-0.108,0.023,0.197,0.264,0.107,0.574,0.589,1.0
16,.,1.0,0.077,0.35,0.155,0.163,0.624,0.59,0.146,0.222,-0.049,0.456,0.366,0.327,0.508,0.39,0.613
16,A1_1,0.077,1.0,0.326,0.431,0.589,0.433,0.608,0.353,0.303,0.658,0.604,0.656,0.59,0.505,0.488,0.261
16,A1_2,0.35,0.326,1.0,0.741,0.311,0.714,0.266,0.777,0.796,0.599,0.431,0.695,0.263,-0.043,-0.134,0.065
16,A1_3,0.155,0.431,0.741,1.0,0.431,0.502,0.401,0.72,0.705,0.668,0.533,0.606,0.346,0.172,0.139,0.227
16,B1_1,0.163,0.589,0.311,0.431,1.0,0.752,0.753,0.646,0.673,0.575,0.855,0.812,0.903,0.241,0.21,0.105
16,B1_2,0.624,0.433,0.714,0.502,0.752,1.0,0.721,0.753,0.824,0.465,0.798,0.862,0.77,0.227,0.078,0.229
16,B1_3,0.59,0.608,0.266,0.401,0.753,0.721,1.0,0.451,0.414,0.361,0.786,0.692,0.733,0.557,0.588,0.598
16,A2_1,0.146,0.353,0.777,0.72,0.646,0.753,0.451,1.0,0.922,0.67,0.651,0.747,0.568,-0.098,-0.139,-0.183
16,A2_2,0.222,0.303,0.796,0.705,0.673,0.824,0.414,0.922,1.0,0.582,0.695,0.71,0.644,-0.073,-0.228,-0.152
16,A2_3,-0.049,0.658,0.599,0.668,0.575,0.465,0.361,0.67,0.582,1.0,0.578,0.735,0.432,0.103,0.209,-0.023
16,B2_1,0.456,0.604,0.431,0.533,0.855,0.798,0.786,0.651,0.695,0.578,1.0,0.769,0.904,0.515,0.383,0.162
16,B2_2,0.366,0.656,0.695,0.606,0.812,0.862,0.692,0.747,0.71,0.735,0.769,1.0,0.706,0.232,0.243,0.231
16,B2_3,0.327,0.59,0.263,0.346,0.903,0.77,0.733,0.568,0.644,0.432,0.904,0.706,1.0,0.467,0.168,0.081
16,y1,0.508,0.505,-0.043,0.172,0.241,0.227,0.557,-0.098,-0.073,0.103,0.515,0.232,0.467,1.0,0.54,0.576
16,y2,0.39,0.488,-0.134,0.139,0.21,0.078,0.588,-0.139,-0.228,0.209,0.383,0.243,0.168,0.54,1.0,0.586
16,y3,0.613,0.261,0.065,0.227,0.105,0.229,0.598,-0.183,-0.152,-0.023,0.162,0.231,0.081,0.576,0.586,1.0
17,.,1.0,0.051,0.337,0.129,0.15,0.62,0.577,0.13,0.204,-0.075,0.43,0.352,0.31,0.494,0.362,0.6
17,A1_1,0.051,1.0,0.296,0.415,0.577,0.414,0.595,0.334,0.282,0.642,0.595,0.643,0.586,0.495,0.462,0.244
17,A1_2,0.337,0.296,1.0,0.734,0.289,0.705,0.234,0.774,0.801,0.598,0.407,0.679,0.245,-0.079,-0.191,0.035
17,A1_3,0.129,0.415,0.734,1.0,0.421,0.495,0.374,0.717,0.704,0.663,0.521,0.598,0.336,0.139,0.095,0.203
17,B1_1,0.15,0.577,0.289,0.421,1.0,0.747,0.754,0.634,0.657,0.566,0.86,0.813,0.906,0.225,0.183,0.089
17,B1_2,0.62,0.414,0.705,0.495,0.747,1.0,0.714,0.745,0.818,0.46,0.795,0.861,0.766,0.205,0.039,0.208
17,B1_3,0.577,0.595,0.234,0.374,0.754,0.714,1.0,0.43,0.391,0.337,0.782,0.684,0.734,0.542,0.568,0.581
17,A2_1,0.13,0.334,0.774,0.717,0.634,0.745,0.43,1.0,0.925,0.676,0.642,0.74,0.559,-0.132,-0.188,-0.212
17,A2_2,0.204,0.282,0.801,0.704,0.657,0.818,0.391,0.925,1.0,0.589,0.68,0.708,0.627,-0.114,-0.283,-0.184
17,A2_3,-0.075,0.642,0.598,0.663,0.566,0.46,0.337,0.676,0.589,1.0,0.571,0.732,0.429,0.064,0.156,-0.061
17,B2_1,0.43,0.595,0.407,0.521,0.86,0.795,0.782,0.642,0.68,0.571,1.0,0.773,0.904,0.486,0.35,0.135
17,B2_2,0.352,0.643,0.679,0.598,0.813,0.861,0.684,0.74,0.708,0.732,0.773,1.0,0.71,0.208,0.206,0.204
17,B2_3,0.31,0.586,0.245,0.336,0.906,0.766,0.734,0.559,0.627,0.429,0.904,0.71,1.0,0.446,0.14,0.064
17,y1,0.494,0.495,-0.079,0.139,0.225,0.205,0.542,-0.132,-0.114,0.064,0.486,0.208,0.446,1.0,0.531,0.575
17,y2,0.362,0.462,-0.191,0.095,0.183,0.039,0.568,-0.188,-0.283,0.156,0.35,0.206,0.14,0.531,1.0,0.58
17,y3,0.6,0.244,0.035,0.203,0.089,0.208,0.581,-0.212,-0.184,-0.061,0.135,0.204,0.064,0.575,0.58,1.0
18,.,1.0,0.021,0.321,0.098,0.133,0.615,0.563,0.107,0.183,-0.108,0.403,0.337,0.29,0.476,0.331,0.586
18,A1_1,0.021,1.0,0.259,0.396,0.563,0.387,0.579,0.31,0.256,0.623,0.583,0.623,0.578,0.487,0.441,0.228
18,A1_2,0.321,0.259,1.0,0.724,0.267,0.694,0.197,0.768,0.804,0.591,0.381,0.662,0.225,-0.118,-0.246,0.005
18,A1_3,0.098,0.396,0.724,1.0,0.412,0.481,0.343,0.713,0.701,0.657,0.505,0.588,0.324,0.105,0.057,0.177
18,B1_1,0.133,0.563,0.267,0.412,1.0,0.74,0.755,0.625,0.641,0.554,0.865,0.814,0.909,0.205,0.159,0.071
18,B1_2,0.615,0.387,0.694,0.481,0.74,1.0,0.706,0.735,0.811,0.445,0.79,0.858,0.761,0.179,0.001,0.184
18,B1_3,0.563,0.579,0.197,0.343,0.755,0.706,1.0,0.408,0.366,0.308,0.779,0.674,0.734,0.525,0.549,0.563
18,A2_1,0.107,0.31,0.768,0.713,0.625,0.735,0.408,1.0,0.927,0.677,0.631,0.734,0.552,-0.17,-0.23,-0.244
18,A2_2,0.183,0.256,0.804,0.701,0.641,0.811,0.366,0.927,1.0,0.591,0.663,0.705,0.61,-0.157,-0.332,-0.217
18,A2_3,-0.108,0.623,0.591,0.657,0.554,0.445,0.308,0.677,0.591,1.0,0.56,0.723,0.422,0.026,0.111,-0.099
18,B2_1,0.403,0.583,0.381,0.505,0.865,0.79,0.779,0.631,0.663,0.56,1.0,0.776,0.904,0.455,0.321,0.108
18,B2_2,0.337,0.623,0.662,0.588,0.814,0.858,0.674,0.734,0.705,0.723,0.776,1.0,0.714,0.18,0.171,0.176
18,B2_3,0.29,0.578,0.225,0.324,0.909,0.761,0.734,0.552,0.61,0.422,0.904,0.714,1.0,0.422,0.114,0.045
18,y1,0.476,0.487,-0.118,0.105,0.205,0.179,0.525,-0.17,-0.157,0.026,0.455,0.18,0.422,1.0,0.523,0.576
18,y2,0.331,0.441,-0.246,0.057,0.159,0.001,0.549,-0.23,-0.332,0.111,0.321,0.171,0.114,0.523,1.0,0.573
18,y3,0.586,0.228,0.005,0.177,0.071,0.184,0.563,-0.244,-0.217,-0.099,0.108,0.176,0.045,0.576,0.573,1.0
19,.,1.0,-0.003,0.309,0.074,0.118,0.611,0.552,0.094,0.168,-0.129,0.381,0.323,0.273,0.46,0.304,0.569
19,A1_1,-0.003,1.0,0.23,0.378,0.549,0.365,0.562,0.288,0.234,0.604,0.571,0.606,0.572,0.481,0.42,0.212
19,A1_2,0.309,0.23,1.0,0.719,0.247,0.683,0.165,0.766,0.81,0.591,0.356,0.645,0.204,-0.149,-0.296,-0.026
19,A1_3,0.074,0.378,0.719,1.0,0.404,0.475,0.315,0.711,0.702,0.652,0.492,0.581,0.314,0.076,0.016,0.149
19,B1_1,0.118,0.549,0.247,0.404,1.0,0.735,0.754,0.614,0.625,0.543,0.868,0.815,0.91,0.187,0.138,0.052
19,B1_2,0.611,0.365,0.683,0.475,0.735,1.0,0.7,0.728,0.805,0.439,0.786,0.856,0.757,0.156,-0.034,0.159
19,B1_3,0.552,0.562,0.165,0.315,0.754,0.7,1.0,0.386,0.343,0.284,0.777,0.667,0.734,0.508,0.531,0.545
19,A2_1,0.094,0.288,0.766,0.711,0.614,0.728,0.386,1.0,0.93,0.679,0.618,0.726,0.541,-0.2,-0.273,-0.275
19,A2_2,0.168,0.234,0.81,0.702,0.625,0.805,0.343,0.93,1.0,0.596,0.645,0.702,0.591,-0.193,-0.378,-0.248
19,A2_3,-0.129,0.604,0.591,0.652,0.543,0.439,0.284,0.679,0.596,1.0,0.549,0.718,0.412,-0.006,0.068,-0.131
19,B2_1,0.381,0.571,0.356,0.492,0.868,0.786,0.777,0.618,0.645,0.549,1.0,0.779,0.904,0.431,0.296,0.083
19,B2_2,0.323,0.606,0.645,0.581,0.815,0.856,0.667,0.726,0.702,0.718,0.779,1.0,0.717,0.157,0.141,0.15
19,B2_3,0.273,0.572,0.204,0.314,0.91,0.757,0.734,0.541,0.591,0.412,0.904,0.717,1.0,0.403,0.092,0.026
19,y1,0.46,0.481,-0.149,0.076,0.187,0.156,0.508,-0.2,-0.193,-0.006,0.431,0.157,0.403,1.0,0.516,0.575
19,y2,0.304,0.42,-0.296,0.016,0.138,-0.034,0.531,-0.273,-0.378,0.068,0.296,0.141,0.092,0.516,1.0,0.567
19,y3,0.569,0.212,-0.026,0.149,0.052,0.159,0.545,-0.275,-0.248,-0.131,0.083,0.15,0.026,0.575,0.567,1.0
20,.,1.0,-0.029,0.289,0.045,0.102,0.601,0.54,0.073,0.145,-0.154,0.354,0.306,0.256,0.449,0.287,0.561
20,A1_1,-0.029,1.0,0.213,0.372,0.545,0.351,0.555,0.28,0.225,0.597,0.566,0.597,0.571,0.467,0.394,0.196
20,A1_2,0.289,0.213,1.0,0.717,0.24,0.678,0.151,0.767,0.816,0.593,0.342,0.636,0.196,-0.184,-0.337,-0.053
20,A1_3,0.045,0.372,0.717,1.0,0.404,0.471,0.301,0.713,0.705,0.653,0.485,0.578,0.311,0.042,-0.023,0.125
20,B1_1,0.102,0.545,0.24,0.404,1.0,0.732,0.758,0.608,0.615,0.541,0.874,0.818,0.913,0.167,0.111,0.038
20,B1_2,0.601,0.351,0.678,0.471,0.732,1.0,0.7,0.722,0.799,0.436,0.784,0.854,0.755,0.132,-0.067,0.14
20,B1_3,0.54,0.555,0.151,0.301,0.758,0.7,1.0,0.376,0.334,0.275,0.778,0.668,0.74,0.491,0.507,0.528
20,A2_1,0.073,0.28,0.767,0.713,0.608,0.722,0.376,1.0,0.932,0.686,0.611,0.722,0.535,-0.235,-0.31,-0.299
20,A2_2,0.145,0.225,0.816,0.705,0.615,0.799,0.334,0.932,1.0,0.603,0.632,0.699,0.579,-0.233,-0.42,-0.274
20,A2_3,-0.154,0.597,0.593,0.653,0.541,0.436,0.275,0.686,0.603,1.0,0.547,0.716,0.414,-0.041,0.026,-0.16
20,B2_1,0.354,0.566,0.342,0.485,0.874,0.784,0.778,0.611,0.632,0.547,1.0,0.784,0.905,0.4,0.264,0.062
20,B2_2,0.306,0.597,0.636,0.578,0.818,0.854,0.668,0.722,0.699,0.716,0.784,1.0,0.722,0.131,0.108,0.127
20,B2_3,0.256,0.571,0.196,0.311,0.913,0.755,0.74,0.535,0.579,0.414,0.905,0.722,1.0,0.378,0.065,0.013
20,y1,0.449,0.467,-0.184,0.042,0.167,0.132,0.491,-0.235,-0.233,-0.041,0.4,0.131,0.378,1.0,0.513,0.58
20,y2,0.287,0.394,-0.337,-0.023,0.111,-0.067,0.507,-0.31,-0.42,0.026,0.264,0.108,0.065,0.513,1.0,0.566
20,y3,0.561,0.196,-0.053,0.125,0.038,0.14,0.528,-0.299,-0.274,-0.16,0.062,0.127,0.013,0.58,0.566,1.0
21,.,1.0,-0.066,0.273,0.016,0.08,0.593,0.521,0.056,0.13,-0.181,0.322,0.285,0.23,0.427,0.253,0.54
21,A1_1,-0.066,1.0,0.179,0.356,0.534,0.323,0.537,0.261,0.205,0.578,0.556,0.578,0.567,0.451,0.364,0.173
21,A1_2,0.273,0.179,1.0,0.713,0.213,0.664,0.116,0.766,0.824,0.596,0.311,0.614,0.171,-0.226,-0.394,-0.088
21,A1_3,0.016,0.356,0.713,1.0,0.39,0.46,0.271,0.713,0.705,0.652,0.468,0.569,0.298,0.003,-0.07,0.095
21,B1_1,0.08,0.534,0.213,0.39,1.0,0.724,0.761,0.593,0.592,0.527,0.879,0.819,0.916,0.14,0.082,0.014
21,B1_2,0.593,0.323,0.664,0.46,0.724,1.0,0.694,0.713,0.792,0.427,0.775,0.85,0.747,0.096,-0.114,0.109
21,B1_3,0.521,0.537,0.116,0.271,0.761,0.694,1.0,0.355,0.311,0.249,0.779,0.663,0.743,0.465,0.479,0.502
21,A2_1,0.056,0.261,0.766,0.713,0.593,0.713,0.355,1.0,0.934,0.693,0.596,0.712,0.521,-0.276,-0.357,-0.332
21,A2_2,0.13,0.205,0.824,0.705,0.592,0.792,0.311,0.934,1.0,0.613,0.609,0.693,0.555,-0.28,-0.473,-0.307
21,A2_3,-0.181,0.578,0.596,0.652,0.527,0.427,0.249,0.693,0.613,1.0,0.535,0.709,0.404,-0.084,-0.027,-0.198
21,B2_1,0.322,0.556,0.311,0.468,0.879,0.775,0.779,0.596,0.609,0.535,1.0,0.788,0.904,0.363,0.231,0.031
21,B2_2,0.285,0.578,0.614,0.569,0.819,0.85,0.663,0.712,0.693,0.709,0.788,1.0,0.725,0.096,0.068,0.094
21,B2_3,0.23,0.567,0.171,0.298,0.916,0.747,0.743,0.521,0.555,0.404,0.904,0.725,1.0,0.348,0.034,-0.009
21,y1,0.427,0.451,-0.226,0.003,0.14,0.096,0.465,-0.276,-0.28,-0.084,0.363,0.096,0.348,1.0,0.508,0.58
21,y2,0.253,0.364,-0.394,-0.07,0.082,-0.114,0.479,-0.357,-0.473,-0.027,0.231,0.068,0.034,0.508,1.0,0.56
21,y3,0.54,0.173,-0.088,0.095,0.014,0.109,0.502,-0.332,-0.307,-0.198,0.031,0.094,-0.009,0.58,0.56,1.0
22,.,1.0,-0.098,0.26,-0.009,0.062,0.587,0.504,0.044,0.12,-0.2,0.294,0.267,0.21,0.406,0.223,0.521
22,A1_1,-0.098,1.0,0.15,0.341,0.52,0.296,0.52,0.242,0.185,0.56,0.545,0.559,0.561,0.438,0.337,0.154
22,A1_2,0.26,0.15,1.0,0.711,0.191,0.653,0.085,0.767,0.833,0.602,0.283,0.594,0.149,-0.265,-0.444,-0.119
22,A1_3,-0.009,0.341,0.711,1.0,0.378,0.452,0.244,0.714,0.706,0.652,0.452,0.562,0.285,-0.035,-0.114,0.068
22,B1_1,0.062,0.52,0.191,0.378,1.0,0.716,0.764,0.578,0.569,0.511,0.883,0.82,0.918,0.114,0.054,-0.005
22,B1_2,0.587,0.296,0.653,0.452,0.716,1.0,0.687,0.705,0.786,0.42,0.769,0.846,0.739,0.061,-0.158,0.081
22,B1_3,0.504,0.52,0.085,0.244,0.764,0.687,1.0,0.336,0.29,0.226,0.779,0.66,0.745,0.438,0.453,0.479
22,A2_1,0.044,0.242,0.767,0.714,0.578,0.705,0.336,1.0,0.936,0.698,0.581,0.704,0.507,-0.315,-0.4,-0.36
22,A2_2,0.12,0.185,0.833,0.706,0.569,0.786,0.29,0.936,1.0,0.621,0.586,0.687,0.531,-0.323,-0.52,-0.335
22,A2_3,-0.2,0.56,0.602,0.652,0.511,0.42,0.226,0.698,0.621,1.0,0.523,0.702,0.393,-0.123,-0.074,-0.229
22,B2_1,0.294,0.545,0.283,0.452,0.883,0.769,0.779,0.581,0.586,0.523,1.0,0.793,0.903,0.327,0.199,0.005
22,B2_2,0.267,0.559,0.594,0.562,0.82,0.846,0.66,0.704,0.687,0.702,0.793,1.0,0.728,0.063,0.031,0.064
22,B2_3,0.21,0.561,0.149,0.285,0.918,0.739,0.745,0.507,0.531,0.393,0.903,0.728,1.0,0.32,0.006,-0.026
22,y1,0.406,0.438,-0.265,-0.035,0.114,0.061,0.438,-0.315,-0.323,-0.123,0.327,0.063,0.32,1.0,0.503,0.581
22,y2,0.223,0.337,-0.444,-0.114,0.054,-0.158,0.453,-0.4,-0.52,-0.074,0.199,0.031,0.006,0.503,1.0,0.554
22,y3,0.521,0.154,-0.119,0.068,-0.005,0.081,0.479,-0.36,-0.335,-0.229,0.005,0.064,-0.026,0.581,0.554,1.0
23,.,1.0,-0.136,0.241,-0.038,0.043,0.577,0.483,0.029,0.108,-0.22,0.262,0.244,0.186,0.387,0.198,0.503
23,A1_1,-0.136,1.0,0.132,0.333,0.512,0.274,0.505,0.233,0.175,0.549,0.537,0.548,0.558,0.414,0.302,0.131
23,A1_2,0.241,0.132,1.0,0.711,0.17,0.642,0.06,0.769,0.843,0.613,0.258,0.575,0.129,-0.304,-0.486,-0.152
23,A1_3,-0.038,0.333,0.711,1.0,0.365,0.444,0.222,0.716,0.707,0.656,0.436,0.554,0.271,-0.075,-0.157,0.04
23,B1_1,0.043,0.512,0.17,0.365,1.0,0.71,0.77,0.564,0.547,0.495,0.888,0.821,0.921,0.086,0.023,-0.026
23,B1_2,0.577,0.274,0.642,0.444,0.71,1.0,0.684,0.698,0.781,0.414,0.76,0.841,0.731,0.025,-0.201,0.052
23,B1_3,0.483,0.505,0.06,0.222,0.77,0.684,1.0,0.322,0.276,0.207,0.781,0.66,0.752,0.407,0.419,0.452
23,A2_1,0.029,0.233,0.769,0.716,0.564,0.698,0.322,1.0,0.937,0.705,0.566,0.695,0.493,-0.354,-0.44,-0.388
23,A2_2,0.108,0.175,0.843,0.707,0.547,0.781,0.276,0.937,1.0,0.632,0.564,0.679,0.507,-0.366,-0.562,-0.362
23,A2_3,-0.22,0.549,0.613,0.656,0.495,0.414,0.207,0.705,0.632,1.0,0.511,0.697,0.381,-0.164,-0.121,-0.26
23,B2_1,0.262,0.537,0.258,0.436,0.888,0.76,0.781,0.566,0.564,0.511,1.0,0.797,0.902,0.289,0.165,-0.023
23,B2_2,0.244,0.548,0.575,0.554,0.821,0.841,0.66,0.695,0.679,0.697,0.797,1.0,0.731,0.027,-0.007,0.033
23,B2_3,0.186,0.558,0.129,0.271,0.921,0.731,0.752,0.493,0.507,0.381,0.902,0.731,1.0,0.29,-0.024,-0.044
23,y1,0.387,0.414,-0.304,-0.075,0.086,0.025,0.407,-0.354,-0.366,-0.164,0.289,0.027,0.29,1.0,0.5,0.583
23,y2,0.198,0.302,-0.486,-0.157,0.023,-0.201,0.419,-0.44,-0.562,-0.121,0.165,-0.007,-0.024,0.5,1.0,0.551
23,y3,0.503,0.131,-0.152,0.04,-0.026,0.052,0.452,-0.388,-0.362,-0.26,-0.023,0.033,-0.044,0.583,0.551,1.0
24,.,1.0,-0.176,0.22,-0.066,0.02,0.564,0.46,0.011,0.093,-0.242,0.225,0.216,0.157,0.371,0.175,0.486
24,A1_1,-0.176,1.0,0.114,0.326,0.508,0.254,0.491,0.227,0.168,0.54,0.534,0.537,0.559,0.387,0.267,0.103
24,A1_2,0.22,0.114,1.0,0.716,0.154,0.631,0.041,0.773,0.853,0.624,0.234,0.556,0.111,-0.341,-0.529,-0.184
24,A1_3,-0.066,0.326,0.716,1.0,0.353,0.437,0.201,0.72,0.711,0.661,0.422,0.546,0.262,-0.116,-0.201,0.008
24,B1_1,0.02,0.508,0.154,0.353,1.0,0.704,0.777,0.551,0.527,0.485,0.894,0.825,0.924,0.053,-0.008,-0.051
24,B1_2,0.564,0.254,0.631,0.437,0.704,1.0,0.685,0.692,0.775,0.412,0.75,0.836,0.724,-0.013,-0.245,0.021
24,B1_3,0.46,0.491,0.041,0.201,0.777,0.685,1.0,0.313,0.266,0.195,0.786,0.665,0.759,0.372,0.381,0.419
24,A2_1,0.011,0.227,0.773,0.72,0.551,0.692,0.313,1.0,0.939,0.714,0.552,0.686,0.481,-0.393,-0.479,-0.417
24,A2_2,0.093,0.168,0.853,0.711,0.527,0.775,0.266,0.939,1.0,0.645,0.541,0.671,0.485,-0.408,-0.604,-0.39
24,A2_3,-0.242,0.54,0.624,0.661,0.485,0.412,0.195,0.714,0.645,1.0,0.503,0.692,0.375,-0.207,-0.17,-0.294
24,B2_1,0.225,0.534,0.234,0.422,0.894,0.75,0.786,0.552,0.541,0.503,1.0,0.802,0.901,0.248,0.131,-0.052
24,B2_2,0.216,0.537,0.556,0.546,0.825,0.836,0.665,0.686,0.671,0.692,0.802,1.0,0.735,-0.012,-0.046,0.0
24,B2_3,0.157,0.559,0.111,0.262,0.924,0.724,0.759,0.481,0.485,0.375,0.901,0.735,1.0,0.256,-0.055,-0.065
24,y1,0.371,0.387,-0.341,-0.116,0.053,-0.013,0.372,-0.393,-0.408,-0.207,0.248,-0.012,0.256,1.0,0.5,0.586
24,y2,0.175,0.267,-0.529,-0.201,-0.008,-0.245,0.381,-0.479,-0.604,-0.17,0.131,-0.046,-0.055,0.5,1.0,0.549
