,,.,A1_1,A1_2,A1_3,B1_1,B1_2,B1_3,A2_1,A2_2,A2_3,B2_1,B2_2,B2_3,y1,y2,y3
2,.,0.073,0.024,0.027,0.03,0.038,0.023,0.021,0.031,0.024,0.027,0.049,0.04,0.048,0.221,0.177,0.147
2,A1_1,0.41,0.021,0.018,0.04,0.037,0.048,0.035,0.026,0.027,0.026,0.093,0.043,0.028,0.038,0.076,0.033
2,A1_2,0.226,0.022,0.008,0.024,0.09,0.051,0.057,0.021,0.028,0.026,0.083,0.039,0.043,0.1,0.139,0.043
2,A1_3,0.281,0.021,0.019,0.039,0.044,0.051,0.037,0.026,0.023,0.023,0.098,0.05,0.045,0.071,0.125,0.047
2,B1_1,0.26,0.032,0.125,0.095,0.011,0.024,0.012,0.059,0.038,0.051,0.035,0.024,0.015,0.052,0.055,0.113
2,B1_2,0.192,0.04,0.033,0.105,0.021,0.03,0.023,0.031,0.019,0.09,0.037,0.022,0.024,0.096,0.126,0.11
2,B1_3,0.064,0.029,0.039,0.039,0.023,0.013,0.014,0.039,0.031,0.049,0.026,0.027,0.035,0.24,0.106,0.226
2,A2_1,0.25,0.015,0.007,0.015,0.048,0.034,0.04,0.016,0.021,0.011,0.142,0.121,0.129,0.056,0.07,0.026
2,A2_2,0.158,0.018,0.009,0.022,0.037,0.027,0.034,0.016,0.017,0.013,0.095,0.112,0.216,0.094,0.09,0.041
2,A2_3,0.21,0.008,0.009,0.014,0.023,0.034,0.022,0.015,0.01,0.004,0.273,0.162,0.083,0.031,0.083,0.018
2,B2_1,0.206,0.043,0.052,0.069,0.022,0.018,0.016,0.05,0.066,0.135,0.015,0.01,0.011,0.097,0.041,0.149
2,B2_2,0.117,0.043,0.043,0.072,0.02,0.014,0.014,0.048,0.044,0.151,0.015,0.01,0.008,0.132,0.065,0.204
2,B2_3,0.108,0.037,0.095,0.045,0.017,0.01,0.009,0.072,0.091,0.085,0.01,0.011,0.009,0.128,0.033,0.237
2,y1,0.577,0.021,0.019,0.033,0.029,0.035,0.028,0.027,0.046,0.031,0.05,0.024,0.015,0.019,0.025,0.022
2,y2,0.466,0.032,0.045,0.051,0.021,0.024,0.019,0.045,0.066,0.054,0.038,0.023,0.014,0.028,0.024,0.05
2,y3,0.57,0.022,0.017,0.039,0.026,0.037,0.028,0.023,0.034,0.033,0.06,0.026,0.016,0.018,0.029,0.021
4,.,0.154,0.032,0.025,0.016,0.102,0.038,0.069,0.023,0.016,0.048,0.057,0.028,0.058,0.09,0.108,0.135
4,A1_1,0.284,0.025,0.042,0.012,0.09,0.044,0.054,0.015,0.012,0.031,0.058,0.051,0.057,0.053,0.075,0.098
4,A1_2,0.215,0.016,0.017,0.008,0.161,0.042,0.112,0.011,0.006,0.041,0.064,0.027,0.091,0.034,0.049,0.106
4,A1_3,0.234,0.015,0.029,0.008,0.179,0.067,0.056,0.01,0.008,0.021,0.073,0.04,0.064,0.035,0.09,0.072
4,B1_1,0.161,0.067,0.091,0.039,0.018,0.033,0.017,0.096,0.074,0.035,0.024,0.03,0.007,0.103,0.134,0.07
4,B1_2,0.145,0.09,0.043,0.059,0.017,0.019,0.032,0.106,0.074,0.075,0.019,0.016,0.014,0.118,0.069,0.103
4,B1_3,0.267,0.071,0.061,0.038,0.026,0.024,0.039,0.072,0.048,0.075,0.024,0.024,0.019,0.068,0.05,0.095
4,A2_1,0.232,0.021,0.02,0.014,0.095,0.036,0.053,0.018,0.013,0.035,0.07,0.036,0.102,0.064,0.064,0.127
4,A2_2,0.309,0.006,0.018,0.004,0.168,0.049,0.027,0.004,0.004,0.011,0.096,0.046,0.122,0.023,0.047,0.066
4,A2_3,0.322,0.025,0.04,0.021,0.062,0.045,0.035,0.033,0.024,0.028,0.066,0.046,0.047,0.053,0.064,0.087
4,B2_1,0.087,0.054,0.03,0.04,0.015,0.023,0.017,0.239,0.112,0.053,0.016,0.011,0.007,0.103,0.112,0.08
4,B2_2,0.061,0.061,0.03,0.037,0.007,0.014,0.015,0.384,0.133,0.054,0.008,0.008,0.003,0.071,0.067,0.05
4,B2_3,0.065,0.041,0.03,0.036,0.003,0.01,0.004,0.43,0.238,0.022,0.006,0.009,0.002,0.044,0.038,0.022
4,y1,0.41,0.036,0.036,0.029,0.057,0.041,0.042,0.073,0.049,0.042,0.027,0.026,0.046,0.022,0.025,0.039
4,y2,0.395,0.046,0.048,0.026,0.07,0.042,0.067,0.037,0.029,0.049,0.025,0.028,0.043,0.024,0.028,0.042
4,y3,0.418,0.045,0.057,0.04,0.033,0.042,0.03,0.089,0.063,0.035,0.021,0.026,0.022,0.022,0.027,0.031
6,.,0.065,0.043,0.042,0.047,0.026,0.038,0.029,0.04,0.038,0.03,0.026,0.027,0.026,0.149,0.197,0.177
6,A1_1,0.427,0.007,0.009,0.007,0.052,0.137,0.042,0.006,0.005,0.006,0.049,0.07,0.069,0.023,0.052,0.039
6,A1_2,0.21,0.007,0.015,0.01,0.127,0.082,0.082,0.016,0.013,0.019,0.103,0.028,0.106,0.04,0.055,0.088
6,A1_3,0.442,0.02,0.018,0.016,0.053,0.057,0.042,0.011,0.012,0.016,0.043,0.055,0.037,0.046,0.067,0.065
6,B1_1,0.218,0.075,0.159,0.133,0.021,0.017,0.022,0.05,0.071,0.045,0.01,0.011,0.007,0.058,0.056,0.046
6,B1_2,0.244,0.1,0.051,0.082,0.018,0.01,0.027,0.051,0.069,0.095,0.012,0.02,0.011,0.074,0.061,0.074
6,B1_3,0.17,0.097,0.061,0.091,0.02,0.023,0.027,0.029,0.045,0.044,0.014,0.029,0.009,0.094,0.15,0.097
6,A2_1,0.256,0.027,0.011,0.012,0.048,0.058,0.068,0.012,0.01,0.023,0.055,0.095,0.087,0.054,0.093,0.091
6,A2_2,0.601,0.009,0.005,0.006,0.025,0.033,0.025,0.007,0.006,0.013,0.049,0.061,0.071,0.022,0.026,0.042
6,A2_3,0.29,0.015,0.013,0.015,0.04,0.072,0.041,0.013,0.012,0.018,0.068,0.063,0.074,0.053,0.102,0.11
6,B2_1,0.132,0.064,0.097,0.17,0.009,0.006,0.011,0.087,0.153,0.099,0.006,0.004,0.004,0.057,0.044,0.056
6,B2_2,0.214,0.037,0.048,0.065,0.025,0.02,0.025,0.088,0.103,0.081,0.02,0.013,0.023,0.08,0.058,0.101
6,B2_3,0.098,0.059,0.109,0.124,0.015,0.016,0.014,0.072,0.094,0.045,0.011,0.009,0.007,0.118,0.103,0.107
6,y1,0.607,0.006,0.013,0.009,0.047,0.063,0.044,0.011,0.011,0.013,0.036,0.026,0.069,0.01,0.015,0.019
6,y2,0.742,0.013,0.028,0.015,0.039,0.028,0.035,0.009,0.013,0.012,0.011,0.016,0.014,0.008,0.009,0.008
6,y3,0.618,0.012,0.021,0.014,0.059,0.048,0.065,0.01,0.013,0.018,0.023,0.025,0.039,0.009,0.014,0.013
8,.,0.064,0.037,0.045,0.053,0.017,0.017,0.015,0.076,0.061,0.045,0.015,0.014,0.023,0.382,0.081,0.056
8,A1_1,0.419,0.01,0.016,0.014,0.049,0.069,0.139,0.011,0.008,0.008,0.024,0.049,0.076,0.034,0.031,0.043
8,A1_2,0.309,0.009,0.012,0.013,0.167,0.039,0.244,0.007,0.008,0.007,0.024,0.024,0.051,0.025,0.024,0.038
8,A1_3,0.382,0.013,0.018,0.02,0.123,0.045,0.124,0.013,0.017,0.01,0.021,0.022,0.034,0.052,0.045,0.062
8,B1_1,0.208,0.055,0.109,0.094,0.008,0.01,0.014,0.098,0.094,0.062,0.006,0.01,0.01,0.138,0.036,0.048
8,B1_2,0.219,0.045,0.041,0.046,0.008,0.01,0.009,0.053,0.15,0.171,0.011,0.01,0.008,0.107,0.07,0.042
8,B1_3,0.333,0.048,0.079,0.067,0.01,0.011,0.016,0.085,0.11,0.082,0.007,0.01,0.009,0.072,0.026,0.035
8,A2_1,0.226,0.017,0.018,0.018,0.065,0.071,0.138,0.015,0.009,0.01,0.051,0.064,0.145,0.063,0.045,0.042
8,A2_2,0.266,0.018,0.015,0.017,0.047,0.083,0.077,0.024,0.017,0.015,0.062,0.063,0.117,0.075,0.058,0.046
8,A2_3,0.393,0.007,0.008,0.01,0.052,0.084,0.101,0.014,0.012,0.009,0.035,0.045,0.067,0.047,0.052,0.063
8,B2_1,0.112,0.034,0.023,0.032,0.004,0.003,0.003,0.053,0.237,0.327,0.006,0.003,0.002,0.084,0.049,0.027
8,B2_2,0.129,0.036,0.026,0.031,0.004,0.006,0.006,0.053,0.144,0.358,0.009,0.007,0.006,0.102,0.055,0.028
8,B2_3,0.346,0.022,0.039,0.042,0.007,0.014,0.011,0.164,0.136,0.048,0.005,0.008,0.006,0.079,0.023,0.048
8,y1,0.431,0.03,0.036,0.03,0.05,0.041,0.082,0.037,0.034,0.031,0.027,0.032,0.049,0.042,0.022,0.026
8,y2,0.628,0.026,0.034,0.023,0.025,0.027,0.051,0.022,0.029,0.029,0.017,0.025,0.027,0.013,0.011,0.013
8,y3,0.539,0.038,0.051,0.034,0.018,0.024,0.037,0.049,0.05,0.047,0.016,0.023,0.025,0.023,0.012,0.014
10,.,0.059,0.014,0.016,0.021,0.068,0.072,0.046,0.015,0.014,0.015,0.071,0.043,0.043,0.178,0.076,0.248
10,A1_1,0.243,0.012,0.012,0.013,0.098,0.142,0.082,0.008,0.009,0.01,0.119,0.068,0.042,0.054,0.033,0.056
10,A1_2,0.178,0.012,0.011,0.01,0.279,0.063,0.088,0.01,0.018,0.016,0.059,0.031,0.052,0.069,0.045,0.059
10,A1_3,0.228,0.016,0.008,0.015,0.182,0.087,0.073,0.013,0.015,0.015,0.075,0.057,0.048,0.056,0.033,0.08
10,B1_1,0.143,0.053,0.216,0.088,0.006,0.007,0.014,0.123,0.083,0.055,0.004,0.007,0.008,0.087,0.064,0.041
10,B1_2,0.193,0.101,0.053,0.05,0.005,0.007,0.008,0.084,0.05,0.239,0.006,0.01,0.01,0.076,0.06,0.049
10,B1_3,0.141,0.071,0.099,0.082,0.005,0.006,0.009,0.189,0.07,0.077,0.004,0.008,0.006,0.1,0.072,0.061
10,A2_1,0.198,0.017,0.01,0.018,0.063,0.044,0.049,0.017,0.014,0.028,0.115,0.064,0.14,0.075,0.049,0.097
10,A2_2,0.163,0.011,0.005,0.01,0.095,0.1,0.06,0.007,0.007,0.016,0.169,0.073,0.091,0.066,0.039,0.091
10,A2_3,0.179,0.009,0.003,0.007,0.052,0.074,0.038,0.005,0.004,0.01,0.291,0.077,0.084,0.058,0.036,0.072
10,B2_1,0.175,0.065,0.04,0.041,0.017,0.011,0.015,0.084,0.05,0.135,0.013,0.015,0.02,0.135,0.098,0.087
10,B2_2,0.128,0.093,0.033,0.047,0.005,0.005,0.005,0.141,0.048,0.219,0.005,0.009,0.008,0.103,0.077,0.075
10,B2_3,0.128,0.077,0.034,0.057,0.007,0.006,0.007,0.152,0.049,0.1,0.009,0.01,0.011,0.142,0.1,0.11
10,y1,0.625,0.022,0.031,0.023,0.035,0.019,0.046,0.023,0.03,0.028,0.016,0.026,0.04,0.013,0.013,0.009
10,y2,0.555,0.024,0.021,0.02,0.054,0.026,0.051,0.021,0.029,0.046,0.02,0.035,0.05,0.016,0.016,0.015
10,y3,0.601,0.028,0.026,0.03,0.046,0.017,0.039,0.043,0.039,0.024,0.012,0.023,0.026,0.016,0.016,0.014
12,.,0.129,0.03,0.045,0.037,0.038,0.051,0.04,0.052,0.037,0.06,0.048,0.019,0.042,0.153,0.129,0.091
12,A1_1,0.078,0.011,0.016,0.006,0.124,0.115,0.335,0.01,0.012,0.004,0.043,0.046,0.074,0.03,0.035,0.061
12,A1_2,0.179,0.03,0.014,0.019,0.071,0.046,0.052,0.019,0.021,0.023,0.104,0.061,0.061,0.095,0.091,0.115
12,A1_3,0.224,0.021,0.016,0.02,0.081,0.04,0.052,0.018,0.024,0.022,0.126,0.06,0.113,0.064,0.045,0.074
12,B1_1,0.149,0.064,0.086,0.111,0.014,0.021,0.013,0.039,0.06,0.105,0.009,0.018,0.012,0.128,0.102,0.071
12,B1_2,0.142,0.177,0.042,0.078,0.008,0.008,0.008,0.039,0.035,0.14,0.005,0.015,0.007,0.15,0.082,0.063
12,B1_3,0.164,0.157,0.056,0.057,0.011,0.009,0.007,0.048,0.037,0.104,0.008,0.021,0.005,0.16,0.108,0.045
12,A2_1,0.102,0.008,0.006,0.011,0.084,0.029,0.076,0.006,0.011,0.007,0.118,0.06,0.361,0.033,0.023,0.066
12,A2_2,0.164,0.017,0.014,0.022,0.085,0.058,0.078,0.013,0.024,0.016,0.1,0.061,0.123,0.06,0.054,0.111
12,A2_3,0.166,0.007,0.003,0.01,0.029,0.023,0.016,0.007,0.01,0.016,0.462,0.051,0.088,0.037,0.027,0.047
12,B2_1,0.193,0.084,0.05,0.112,0.003,0.004,0.001,0.05,0.055,0.276,0.005,0.006,0.003,0.095,0.04,0.024
12,B2_2,0.225,0.074,0.035,0.146,0.003,0.003,0.001,0.028,0.044,0.271,0.007,0.01,0.007,0.084,0.03,0.03
12,B2_3,0.177,0.075,0.099,0.087,0.012,0.012,0.006,0.072,0.075,0.133,0.008,0.011,0.007,0.121,0.073,0.033
12,y1,0.367,0.035,0.066,0.032,0.085,0.042,0.051,0.029,0.064,0.022,0.031,0.053,0.037,0.034,0.022,0.031
12,y2,0.539,0.019,0.055,0.024,0.062,0.03,0.021,0.027,0.072,0.022,0.039,0.034,0.021,0.015,0.007,0.013
12,y3,0.484,0.05,0.063,0.03,0.047,0.021,0.019,0.036,0.058,0.035,0.029,0.044,0.017,0.033,0.017,0.017
14,.,0.091,0.035,0.04,0.04,0.038,0.044,0.052,0.015,0.019,0.014,0.098,0.052,0.061,0.173,0.123,0.104
14,A1_1,0.182,0.016,0.013,0.015,0.047,0.063,0.092,0.027,0.022,0.02,0.084,0.063,0.124,0.069,0.085,0.079
14,A1_2,0.212,0.009,0.007,0.008,0.067,0.036,0.093,0.011,0.011,0.01,0.123,0.098,0.181,0.048,0.052,0.035
14,A1_3,0.209,0.021,0.021,0.019,0.045,0.043,0.068,0.034,0.027,0.023,0.064,0.061,0.096,0.082,0.096,0.092
14,B1_1,0.128,0.075,0.206,0.081,0.011,0.014,0.013,0.06,0.08,0.027,0.009,0.015,0.011,0.093,0.096,0.08
14,B1_2,0.197,0.09,0.072,0.094,0.013,0.024,0.016,0.053,0.036,0.055,0.016,0.018,0.021,0.092,0.069,0.133
14,B1_3,0.11,0.066,0.107,0.083,0.011,0.015,0.01,0.084,0.046,0.05,0.007,0.01,0.008,0.093,0.075,0.225
14,A2_1,0.198,0.021,0.018,0.02,0.042,0.038,0.074,0.014,0.017,0.014,0.111,0.087,0.123,0.087,0.082,0.053
14,A2_2,0.194,0.013,0.007,0.01,0.041,0.041,0.079,0.011,0.01,0.013,0.13,0.09,0.182,0.066,0.068,0.043
14,A2_3,0.185,0.016,0.007,0.014,0.04,0.049,0.088,0.007,0.008,0.01,0.166,0.088,0.173,0.059,0.054,0.036
14,B2_1,0.205,0.054,0.105,0.045,0.01,0.011,0.013,0.108,0.073,0.053,0.008,0.016,0.015,0.079,0.089,0.115
14,B2_2,0.11,0.027,0.035,0.028,0.012,0.014,0.011,0.147,0.036,0.077,0.005,0.009,0.01,0.067,0.068,0.344
14,B2_3,0.135,0.04,0.122,0.041,0.014,0.013,0.015,0.122,0.085,0.043,0.007,0.015,0.012,0.085,0.105,0.145
14,y1,0.501,0.048,0.051,0.068,0.026,0.029,0.04,0.028,0.042,0.019,0.02,0.029,0.037,0.018,0.022,0.022
14,y2,0.425,0.044,0.036,0.06,0.035,0.051,0.066,0.022,0.034,0.017,0.042,0.037,0.06,0.022,0.026,0.023
14,y3,0.364,0.036,0.03,0.058,0.05,0.06,0.079,0.021,0.026,0.017,0.057,0.042,0.068,0.028,0.028,0.036
16,.,0.059,0.023,0.009,0.016,0.025,0.02,0.08,0.027,0.024,0.022,0.06,0.038,0.043,0.154,0.275,0.124
16,A1_1,0.275,0.013,0.016,0.022,0.027,0.09,0.03,0.016,0.01,0.016,0.036,0.028,0.032,0.137,0.121,0.131
16,A1_2,0.115,0.009,0.017,0.007,0.084,0.022,0.085,0.019,0.024,0.014,0.243,0.108,0.109,0.037,0.073,0.034
16,A1_3,0.176,0.014,0.02,0.014,0.058,0.044,0.071,0.021,0.022,0.018,0.138,0.078,0.083,0.073,0.105,0.065
16,B1_1,0.45,0.037,0.168,0.052,0.006,0.005,0.003,0.075,0.038,0.026,0.01,0.005,0.007,0.018,0.038,0.058
16,B1_2,0.186,0.076,0.03,0.067,0.008,0.014,0.016,0.057,0.027,0.044,0.009,0.009,0.01,0.11,0.154,0.185
16,B1_3,0.244,0.052,0.129,0.038,0.008,0.003,0.007,0.159,0.164,0.041,0.01,0.007,0.017,0.024,0.046,0.049
16,A2_1,0.061,0.003,0.006,0.002,0.041,0.02,0.054,0.007,0.011,0.004,0.246,0.234,0.243,0.017,0.035,0.015
16,A2_2,0.204,0.014,0.013,0.019,0.023,0.08,0.039,0.013,0.008,0.012,0.064,0.067,0.063,0.116,0.139,0.125
16,A2_3,0.271,0.011,0.03,0.017,0.03,0.032,0.037,0.016,0.01,0.011,0.199,0.076,0.052,0.043,0.099,0.068
16,B2_1,0.221,0.055,0.029,0.035,0.013,0.007,0.016,0.096,0.053,0.049,0.013,0.014,0.021,0.078,0.14,0.159
16,B2_2,0.255,0.076,0.048,0.057,0.011,0.008,0.014,0.088,0.046,0.054,0.011,0.01,0.013,0.064,0.109,0.136
16,B2_3,0.188,0.058,0.062,0.037,0.008,0.004,0.011,0.17,0.198,0.052,0.007,0.007,0.016,0.043,0.069,0.071
16,y1,0.577,0.024,0.091,0.027,0.023,0.02,0.01,0.035,0.039,0.023,0.029,0.028,0.032,0.011,0.011,0.02
16,y2,0.55,0.03,0.063,0.028,0.02,0.023,0.01,0.045,0.048,0.027,0.02,0.03,0.041,0.018,0.017,0.031
16,y3,0.317,0.025,0.061,0.018,0.048,0.021,0.037,0.036,0.069,0.025,0.104,0.097,0.097,0.013,0.016,0.015
18,.,0.096,0.021,0.025,0.027,0.025,0.038,0.039,0.034,0.016,0.021,0.03,0.06,0.027,0.14,0.169,0.233
18,A1_1,0.13,0.01,0.013,0.014,0.062,0.123,0.101,0.024,0.012,0.015,0.059,0.105,0.05,0.06,0.086,0.137
18,A1_2,0.203,0.01,0.012,0.02,0.118,0.08,0.138,0.014,0.014,0.014,0.053,0.049,0.068,0.059,0.066,0.083
18,A1_3,0.191,0.012,0.01,0.015,0.083,0.1,0.104,0.016,0.015,0.021,0.06,0.073,0.053,0.071,0.069,0.105
18,B1_1,0.285,0.037,0.209,0.186,0.014,0.007,0.011,0.054,0.041,0.027,0.005,0.003,0.007,0.047,0.039,0.028
18,B1_2,0.236,0.098,0.051,0.057,0.01,0.007,0.007,0.038,0.054,0.186,0.01,0.01,0.007,0.106,0.06,0.063
18,B1_3,0.3,0.064,0.102,0.082,0.013,0.01,0.013,0.05,0.033,0.064,0.014,0.013,0.018,0.12,0.053,0.053
18,A2_1,0.216,0.012,0.017,0.018,0.079,0.069,0.12,0.015,0.009,0.017,0.076,0.068,0.123,0.055,0.045,0.061
18,A2_2,0.208,0.012,0.017,0.018,0.084,0.08,0.124,0.016,0.01,0.018,0.072,0.07,0.107,0.05,0.049,0.065
18,A2_3,0.185,0.015,0.014,0.015,0.054,0.09,0.089,0.019,0.009,0.018,0.07,0.1,0.074,0.09,0.06,0.097
18,B2_1,0.138,0.036,0.03,0.038,0.013,0.019,0.009,0.071,0.108,0.164,0.009,0.015,0.004,0.066,0.125,0.154
18,B2_2,0.176,0.05,0.037,0.037,0.013,0.016,0.01,0.063,0.079,0.213,0.013,0.018,0.007,0.07,0.09,0.109
18,B2_3,0.302,0.051,0.05,0.059,0.015,0.012,0.014,0.043,0.044,0.064,0.015,0.015,0.014,0.164,0.062,0.075
18,y1,0.437,0.023,0.04,0.032,0.052,0.046,0.046,0.032,0.034,0.089,0.036,0.023,0.041,0.022,0.022,0.025
18,y2,0.492,0.021,0.049,0.039,0.055,0.038,0.057,0.02,0.018,0.041,0.038,0.018,0.066,0.019,0.014,0.014
18,y3,0.363,0.023,0.066,0.047,0.052,0.061,0.053,0.049,0.031,0.054,0.031,0.028,0.036,0.028,0.037,0.039
20,.,0.106,0.031,0.047,0.06,0.018,0.022,0.027,0.072,0.074,0.065,0.019,0.018,0.024,0.098,0.162,0.158
20,A1_1,0.229,0.008,0.008,0.007,0.039,0.168,0.174,0.015,0.016,0.012,0.084,0.054,0.043,0.035,0.062,0.048
20,A1_2,0.248,0.009,0.01,0.009,0.053,0.093,0.187,0.015,0.013,0.016,0.053,0.058,0.082,0.049,0.057,0.05
20,A1_3,0.244,0.013,0.01,0.01,0.048,0.096,0.141,0.017,0.015,0.015,0.059,0.062,0.068,0.051,0.08,0.069
20,B1_1,0.162,0.054,0.074,0.091,0.014,0.011,0.01,0.095,0.103,0.103,0.01,0.011,0.013,0.059,0.091,0.1
20,B1_2,0.196,0.075,0.045,0.067,0.032,0.02,0.018,0.061,0.052,0.06,0.018,0.015,0.021,0.06,0.113,0.147
20,B1_3,0.199,0.044,0.046,0.066,0.006,0.011,0.008,0.114,0.129,0.174,0.004,0.008,0.006,0.05,0.073,0.061
20,A2_1,0.207,0.012,0.016,0.014,0.061,0.05,0.118,0.017,0.014,0.013,0.052,0.079,0.14,0.063,0.073,0.071
20,A2_2,0.229,0.015,0.014,0.013,0.059,0.067,0.148,0.021,0.016,0.016,0.035,0.065,0.075,0.059,0.09,0.078
20,A2_3,0.211,0.013,0.008,0.011,0.042,0.084,0.054,0.009,0.013,0.011,0.318,0.038,0.063,0.03,0.04,0.056
20,B2_1,0.205,0.054,0.055,0.096,0.005,0.006,0.003,0.087,0.128,0.233,0.005,0.004,0.005,0.035,0.037,0.042
20,B2_2,0.3,0.051,0.038,0.062,0.013,0.015,0.013,0.073,0.078,0.136,0.012,0.012,0.016,0.055,0.061,0.066
20,B2_3,0.123,0.051,0.093,0.099,0.008,0.009,0.005,0.125,0.148,0.111,0.006,0.007,0.006,0.042,0.083,0.085
20,y1,0.607,0.022,0.018,0.019,0.029,0.052,0.025,0.02,0.029,0.04,0.05,0.019,0.021,0.015,0.016,0.019
20,y2,0.562,0.024,0.032,0.025,0.031,0.037,0.027,0.033,0.037,0.045,0.027,0.025,0.029,0.021,0.022,0.023
20,y3,0.707,0.014,0.01,0.009,0.025,0.049,0.029,0.014,0.017,0.026,0.029,0.022,0.021,0.01,0.01,0.01
22,.,0.057,0.044,0.016,0.018,0.033,0.017,0.019,0.024,0.031,0.032,0.026,0.021,0.052,0.187,0.327,0.097
22,A1_1,0.186,0.011,0.011,0.018,0.096,0.091,0.079,0.019,0.019,0.011,0.085,0.067,0.091,0.071,0.089,0.058
22,A1_2,0.093,0.026,0.012,0.013,0.061,0.033,0.045,0.017,0.02,0.014,0.052,0.039,0.107,0.14,0.25,0.078
22,A1_3,0.134,0.013,0.01,0.014,0.083,0.063,0.062,0.016,0.02,0.01,0.093,0.07,0.121,0.093,0.137,0.062
22,B1_1,0.192,0.056,0.073,0.05,0.027,0.019,0.013,0.055,0.058,0.042,0.022,0.019,0.019,0.132,0.14,0.084
22,B1_2,0.13,0.108,0.043,0.038,0.016,0.009,0.008,0.06,0.138,0.056,0.01,0.011,0.015,0.108,0.14,0.112
22,B1_3,0.129,0.114,0.061,0.064,0.012,0.007,0.007,0.109,0.068,0.157,0.006,0.004,0.009,0.096,0.086,0.071
22,A2_1,0.171,0.013,0.007,0.012,0.108,0.058,0.066,0.013,0.016,0.008,0.101,0.075,0.159,0.057,0.082,0.056
22,A2_2,0.143,0.01,0.008,0.009,0.072,0.05,0.051,0.013,0.017,0.007,0.139,0.089,0.159,0.081,0.112,0.041
22,A2_3,0.189,0.003,0.011,0.009,0.058,0.077,0.028,0.008,0.022,0.003,0.214,0.186,0.073,0.044,0.048,0.026
22,B2_1,0.126,0.087,0.04,0.072,0.015,0.008,0.009,0.12,0.05,0.262,0.006,0.004,0.009,0.072,0.055,0.063
22,B2_2,0.109,0.076,0.027,0.028,0.013,0.008,0.008,0.074,0.2,0.071,0.012,0.01,0.02,0.11,0.129,0.105
22,B2_3,0.108,0.036,0.039,0.033,0.009,0.011,0.006,0.086,0.306,0.054,0.011,0.011,0.009,0.098,0.094,0.088
22,y1,0.48,0.033,0.024,0.041,0.059,0.037,0.028,0.04,0.027,0.028,0.048,0.036,0.038,0.027,0.021,0.033
22,y2,0.484,0.027,0.021,0.05,0.059,0.041,0.035,0.054,0.016,0.051,0.044,0.025,0.034,0.023,0.014,0.023
22,y3,0.403,0.052,0.016,0.039,0.069,0.035,0.05,0.049,0.018,0.049,0.039,0.023,0.06,0.033,0.03,0.034
24,.,0.109,0.026,0.023,0.026,0.057,0.058,0.038,0.039,0.031,0.024,0.046,0.033,0.036,0.193,0.132,0.13
24,A1_1,0.162,0.016,0.008,0.013,0.079,0.112,0.092,0.018,0.017,0.012,0.102,0.058,0.065,0.098,0.065,0.083
24,A1_2,0.133,0.014,0.013,0.013,0.111,0.091,0.07,0.018,0.02,0.012,0.086,0.042,0.08,0.124,0.072,0.101
24,A1_3,0.219,0.018,0.012,0.015,0.091,0.093,0.083,0.018,0.02,0.013,0.092,0.051,0.073,0.077,0.051,0.074
24,B1_1,0.333,0.063,0.072,0.062,0.029,0.018,0.012,0.084,0.075,0.059,0.012,0.02,0.009,0.049,0.044,0.06
24,B1_2,0.236,0.145,0.043,0.074,0.014,0.012,0.008,0.059,0.04,0.052,0.012,0.021,0.017,0.098,0.087,0.084
24,B1_3,0.284,0.056,0.162,0.092,0.012,0.008,0.009,0.073,0.092,0.089,0.008,0.01,0.007,0.032,0.035,0.034
24,A2_1,0.12,0.017,0.007,0.013,0.041,0.051,0.085,0.01,0.013,0.011,0.103,0.036,0.176,0.125,0.093,0.096
24,A2_2,0.141,0.013,0.01,0.012,0.042,0.033,0.085,0.006,0.012,0.009,0.104,0.025,0.327,0.071,0.051,0.057
24,A2_3,0.238,0.028,0.011,0.02,0.045,0.07,0.076,0.023,0.02,0.018,0.085,0.053,0.062,0.092,0.077,0.084
24,B2_1,0.242,0.053,0.149,0.105,0.007,0.006,0.012,0.06,0.1,0.112,0.009,0.01,0.012,0.038,0.045,0.04
24,B2_2,0.242,0.06,0.126,0.093,0.01,0.007,0.007,0.107,0.111,0.095,0.006,0.01,0.005,0.037,0.043,0.041
24,B2_3,0.265,0.068,0.065,0.076,0.013,0.01,0.011,0.09,0.091,0.079,0.01,0.015,0.009,0.058,0.065,0.076
24,y1,0.527,0.028,0.061,0.043,0.021,0.02,0.043,0.025,0.054,0.043,0.031,0.023,0.031,0.015,0.016,0.021
24,y2,0.529,0.048,0.047,0.045,0.022,0.02,0.031,0.029,0.045,0.037,0.026,0.026,0.03,0.02,0.019,0.025
24,y3,0.49,0.028,0.085,0.046,0.025,0.021,0.044,0.022,0.054,0.041,0.033,0.021,0.041,0.015,0.015,0.018
26,.,0.081,0.024,0.012,0.019,0.049,0.02,0.031,0.019,0.03,0.023,0.022,0.046,0.038,0.254,0.19,0.142
26,A1_1,0.168,0.022,0.02,0.02,0.085,0.074,0.072,0.023,0.023,0.016,0.053,0.083,0.057,0.091,0.091,0.103
26,A1_2,0.152,0.007,0.012,0.009,0.277,0.075,0.037,0.011,0.017,0.006,0.025,0.076,0.105,0.067,0.04,0.083
26,A1_3,0.136,0.007,0.008,0.008,0.151,0.11,0.108,0.007,0.007,0.005,0.075,0.127,0.084,0.046,0.042,0.08
26,B1_1,0.234,0.073,0.177,0.185,0.006,0.007,0.008,0.087,0.052,0.025,0.006,0.008,0.006,0.041,0.042,0.043
26,B1_2,0.278,0.107,0.054,0.078,0.009,0.009,0.013,0.069,0.09,0.058,0.013,0.013,0.013,0.08,0.073,0.043
26,B1_3,0.216,0.115,0.124,0.108,0.005,0.008,0.007,0.111,0.09,0.052,0.008,0.007,0.006,0.052,0.059,0.03
26,A2_1,0.164,0.009,0.007,0.013,0.06,0.055,0.167,0.012,0.012,0.008,0.051,0.199,0.062,0.043,0.043,0.096
26,A2_2,0.142,0.014,0.007,0.009,0.115,0.065,0.094,0.008,0.013,0.014,0.077,0.117,0.094,0.085,0.066,0.081
26,A2_3,0.142,0.013,0.008,0.018,0.047,0.062,0.188,0.015,0.009,0.008,0.07,0.168,0.047,0.043,0.056,0.105
26,B2_1,0.253,0.05,0.056,0.034,0.018,0.011,0.006,0.077,0.183,0.06,0.006,0.01,0.017,0.109,0.072,0.037
26,B2_2,0.229,0.089,0.047,0.06,0.011,0.009,0.011,0.072,0.108,0.069,0.011,0.013,0.013,0.113,0.097,0.049
26,B2_3,0.209,0.062,0.096,0.085,0.006,0.013,0.008,0.269,0.116,0.034,0.004,0.008,0.005,0.023,0.036,0.026
26,y1,0.318,0.014,0.02,0.01,0.117,0.101,0.044,0.034,0.057,0.026,0.027,0.077,0.087,0.022,0.019,0.024
26,y2,0.334,0.036,0.045,0.025,0.053,0.057,0.036,0.062,0.089,0.053,0.023,0.053,0.057,0.028,0.025,0.025
26,y3,0.425,0.019,0.049,0.025,0.051,0.071,0.041,0.059,0.06,0.023,0.02,0.058,0.046,0.015,0.015,0.024
28,.,0.064,0.015,0.014,0.021,0.05,0.03,0.039,0.025,0.019,0.018,0.04,0.03,0.037,0.08,0.212,0.307
28,A1_1,0.239,0.014,0.02,0.015,0.086,0.147,0.049,0.016,0.02,0.01,0.048,0.079,0.037,0.06,0.075,0.087
28,A1_2,0.127,0.012,0.021,0.019,0.097,0.049,0.072,0.019,0.024,0.011,0.065,0.037,0.056,0.067,0.133,0.192
28,A1_3,0.292,0.008,0.008,0.006,0.105,0.17,0.044,0.011,0.012,0.009,0.044,0.085,0.033,0.038,0.066,0.07
28,B1_1,0.058,0.094,0.167,0.343,0.004,0.004,0.009,0.051,0.058,0.054,0.009,0.006,0.006,0.05,0.049,0.035
28,B1_2,0.122,0.203,0.063,0.188,0.005,0.005,0.005,0.076,0.056,0.11,0.007,0.007,0.007,0.052,0.052,0.042
28,B1_3,0.165,0.079,0.126,0.164,0.008,0.008,0.011,0.082,0.085,0.058,0.01,0.01,0.01,0.065,0.066,0.054
28,A2_1,0.327,0.013,0.015,0.015,0.053,0.059,0.025,0.02,0.009,0.013,0.05,0.066,0.046,0.04,0.093,0.155
28,A2_2,0.22,0.01,0.009,0.012,0.08,0.052,0.039,0.014,0.007,0.011,0.08,0.061,0.082,0.037,0.094,0.192
28,A2_3,0.246,0.015,0.021,0.019,0.048,0.054,0.03,0.021,0.011,0.013,0.066,0.066,0.037,0.055,0.125,0.172
28,B2_1,0.273,0.08,0.065,0.106,0.013,0.01,0.013,0.085,0.093,0.083,0.009,0.011,0.014,0.049,0.051,0.044
28,B2_2,0.546,0.06,0.02,0.04,0.008,0.009,0.005,0.073,0.032,0.084,0.006,0.014,0.011,0.024,0.034,0.034
28,B2_3,0.065,0.048,0.137,0.103,0.012,0.011,0.023,0.064,0.219,0.026,0.012,0.009,0.01,0.14,0.069,0.052
28,y1,0.623,0.035,0.034,0.044,0.023,0.023,0.017,0.019,0.018,0.023,0.03,0.027,0.032,0.017,0.015,0.018
28,y2,0.695,0.029,0.027,0.031,0.018,0.031,0.011,0.018,0.016,0.02,0.017,0.03,0.018,0.014,0.012,0.012
28,y3,0.622,0.031,0.043,0.042,0.023,0.037,0.017,0.019,0.023,0.019,0.022,0.033,0.021,0.02,0.014,0.014
30,.,0.08,0.027,0.04,0.032,0.029,0.027,0.033,0.048,0.041,0.035,0.028,0.03,0.019,0.226,0.161,0.144
30,A1_1,0.157,0.01,0.011,0.017,0.081,0.075,0.202,0.026,0.016,0.01,0.05,0.042,0.032,0.091,0.094,0.085
30,A1_2,0.1,0.006,0.007,0.016,0.097,0.058,0.299,0.022,0.012,0.012,0.051,0.034,0.028,0.069,0.103,0.086
30,A1_3,0.2,0.01,0.017,0.019,0.084,0.11,0.159,0.026,0.012,0.012,0.087,0.049,0.036,0.056,0.069,0.054
30,B1_1,0.08,0.088,0.398,0.046,0.004,0.011,0.003,0.047,0.064,0.041,0.011,0.009,0.005,0.079,0.056,0.058
30,B1_2,0.237,0.085,0.055,0.032,0.01,0.008,0.011,0.032,0.102,0.045,0.008,0.016,0.016,0.187,0.073,0.084
30,B1_3,0.228,0.099,0.12,0.042,0.008,0.012,0.009,0.048,0.095,0.042,0.01,0.014,0.01,0.13,0.066,0.068
30,A2_1,0.288,0.015,0.01,0.015,0.064,0.048,0.102,0.018,0.021,0.015,0.039,0.045,0.057,0.118,0.075,0.07
30,A2_2,0.203,0.01,0.007,0.012,0.089,0.057,0.138,0.011,0.011,0.015,0.063,0.046,0.076,0.103,0.091,0.068
30,A2_3,0.171,0.009,0.02,0.017,0.087,0.121,0.109,0.018,0.009,0.014,0.133,0.066,0.051,0.059,0.065,0.051
30,B2_1,0.207,0.078,0.057,0.043,0.01,0.007,0.009,0.061,0.109,0.084,0.009,0.015,0.016,0.148,0.073,0.074
30,B2_2,0.107,0.032,0.048,0.065,0.014,0.011,0.01,0.297,0.071,0.126,0.015,0.015,0.008,0.067,0.067,0.047
30,B2_3,0.36,0.063,0.046,0.04,0.011,0.012,0.015,0.091,0.116,0.035,0.009,0.018,0.012,0.084,0.039,0.049
30,y1,0.536,0.025,0.021,0.034,0.026,0.025,0.06,0.079,0.047,0.025,0.02,0.021,0.017,0.02,0.02,0.023
30,y2,0.559,0.034,0.027,0.031,0.022,0.019,0.03,0.047,0.05,0.04,0.022,0.023,0.024,0.028,0.022,0.023
30,y3,0.734,0.024,0.013,0.015,0.015,0.015,0.039,0.017,0.034,0.011,0.011,0.015,0.021,0.013,0.009,0.013
32,.,0.112,0.035,0.017,0.06,0.058,0.029,0.04,0.038,0.048,0.033,0.046,0.048,0.027,0.123,0.148,0.137
32,A1_1,0.218,0.009,0.02,0.011,0.069,0.1,0.12,0.022,0.007,0.011,0.076,0.067,0.055,0.073,0.054,0.088
32,A1_2,0.147,0.008,0.008,0.012,0.123,0.074,0.173,0.013,0.005,0.008,0.054,0.076,0.059,0.076,0.055,0.108
32,A1_3,0.183,0.014,0.013,0.018,0.076,0.067,0.1,0.022,0.01,0.014,0.099,0.077,0.05,0.083,0.074,0.101
32,B1_1,0.232,0.037,0.127,0.073,0.014,0.026,0.02,0.092,0.05,0.063,0.009,0.013,0.013,0.079,0.066,0.085
32,B1_2,0.156,0.097,0.033,0.254,0.006,0.005,0.009,0.066,0.042,0.136,0.006,0.009,0.01,0.075,0.041,0.056
32,B1_3,0.234,0.045,0.108,0.105,0.008,0.017,0.012,0.123,0.073,0.066,0.009,0.011,0.009,0.066,0.055,0.058
32,A2_1,0.133,0.01,0.007,0.008,0.043,0.054,0.089,0.008,0.005,0.009,0.297,0.089,0.073,0.064,0.049,0.061
32,A2_2,0.105,0.01,0.005,0.009,0.029,0.038,0.048,0.007,0.007,0.008,0.456,0.094,0.057,0.047,0.041,0.036
32,A2_3,0.092,0.009,0.004,0.008,0.028,0.029,0.033,0.008,0.007,0.007,0.545,0.088,0.033,0.034,0.043,0.031
32,B2_1,0.225,0.056,0.036,0.206,0.016,0.011,0.012,0.093,0.112,0.074,0.008,0.018,0.008,0.045,0.04,0.04
32,B2_2,0.182,0.05,0.041,0.151,0.014,0.014,0.021,0.121,0.046,0.047,0.004,0.011,0.011,0.112,0.068,0.107
32,B2_3,0.167,0.057,0.042,0.172,0.011,0.011,0.013,0.115,0.118,0.046,0.008,0.013,0.01,0.087,0.064,0.066
32,y1,0.52,0.017,0.03,0.04,0.02,0.035,0.024,0.048,0.03,0.026,0.091,0.058,0.016,0.017,0.016,0.014
32,y2,0.402,0.014,0.015,0.024,0.023,0.036,0.037,0.019,0.016,0.018,0.228,0.089,0.031,0.018,0.015,0.014
32,y3,0.549,0.021,0.016,0.075,0.018,0.021,0.026,0.058,0.034,0.021,0.051,0.052,0.015,0.018,0.012,0.013
34,.,0.122,0.05,0.026,0.044,0.031,0.029,0.059,0.026,0.034,0.025,0.042,0.049,0.058,0.116,0.127,0.162
34,A1_1,0.199,0.009,0.01,0.012,0.082,0.089,0.141,0.012,0.009,0.008,0.107,0.079,0.091,0.039,0.054,0.059
34,A1_2,0.201,0.011,0.008,0.015,0.083,0.047,0.139,0.011,0.009,0.009,0.098,0.051,0.097,0.045,0.091,0.084
34,A1_3,0.205,0.013,0.011,0.018,0.079,0.052,0.118,0.014,0.012,0.015,0.087,0.048,0.084,0.05,0.097,0.095
34,B1_1,0.244,0.064,0.085,0.083,0.016,0.021,0.016,0.052,0.034,0.064,0.031,0.016,0.017,0.066,0.096,0.093
34,B1_2,0.27,0.178,0.045,0.057,0.014,0.01,0.011,0.051,0.042,0.037,0.014,0.013,0.013,0.086,0.072,0.088
34,B1_3,0.245,0.15,0.085,0.078,0.013,0.014,0.009,0.069,0.052,0.052,0.013,0.01,0.008,0.066,0.062,0.073
34,A2_1,0.275,0.016,0.009,0.013,0.045,0.036,0.084,0.014,0.01,0.017,0.074,0.076,0.119,0.061,0.065,0.086
34,A2_2,0.215,0.01,0.006,0.011,0.065,0.037,0.146,0.01,0.01,0.013,0.086,0.073,0.173,0.035,0.054,0.054
34,A2_3,0.295,0.011,0.013,0.013,0.047,0.07,0.084,0.014,0.007,0.009,0.106,0.075,0.076,0.051,0.06,0.069
34,B2_1,0.163,0.084,0.049,0.087,0.017,0.007,0.01,0.064,0.093,0.263,0.008,0.007,0.013,0.032,0.046,0.057
34,B2_2,0.306,0.098,0.048,0.063,0.019,0.012,0.015,0.058,0.048,0.092,0.018,0.014,0.02,0.055,0.062,0.074
34,B2_3,0.207,0.114,0.093,0.087,0.017,0.017,0.016,0.069,0.057,0.056,0.017,0.013,0.012,0.065,0.077,0.082
34,y1,0.494,0.052,0.023,0.03,0.058,0.029,0.042,0.039,0.039,0.04,0.034,0.028,0.041,0.017,0.017,0.017
34,y2,0.478,0.045,0.027,0.037,0.061,0.027,0.038,0.043,0.038,0.057,0.034,0.022,0.033,0.018,0.022,0.021
34,y3,0.434,0.042,0.026,0.034,0.061,0.033,0.048,0.04,0.042,0.057,0.038,0.031,0.047,0.021,0.023,0.024
36,.,0.114,0.025,0.039,0.043,0.048,0.054,0.038,0.023,0.025,0.065,0.038,0.068,0.031,0.117,0.089,0.182
36,A1_1,0.143,0.007,0.014,0.009,0.091,0.147,0.135,0.01,0.006,0.009,0.045,0.156,0.044,0.054,0.084,0.046
36,A1_2,0.158,0.01,0.015,0.009,0.239,0.075,0.13,0.015,0.011,0.011,0.025,0.061,0.048,0.06,0.083,0.049
36,A1_3,0.178,0.009,0.014,0.012,0.12,0.084,0.107,0.014,0.015,0.014,0.045,0.102,0.038,0.081,0.095,0.071
36,B1_1,0.171,0.044,0.332,0.072,0.008,0.023,0.011,0.047,0.058,0.036,0.012,0.008,0.008,0.05,0.056,0.066
36,B1_2,0.183,0.077,0.075,0.089,0.013,0.01,0.017,0.045,0.084,0.059,0.015,0.01,0.015,0.107,0.071,0.129
36,B1_3,0.211,0.056,0.271,0.077,0.014,0.023,0.013,0.058,0.065,0.047,0.01,0.007,0.01,0.043,0.043,0.051
36,A2_1,0.164,0.014,0.006,0.01,0.058,0.054,0.149,0.008,0.009,0.009,0.071,0.117,0.073,0.083,0.102,0.075
36,A2_2,0.191,0.011,0.007,0.009,0.049,0.084,0.128,0.007,0.008,0.009,0.112,0.127,0.073,0.058,0.071,0.056
36,A2_3,0.263,0.01,0.017,0.012,0.038,0.167,0.079,0.012,0.008,0.014,0.112,0.103,0.054,0.037,0.043,0.032
36,B2_1,0.156,0.058,0.074,0.106,0.011,0.007,0.008,0.049,0.137,0.089,0.012,0.006,0.008,0.099,0.05,0.131
36,B2_2,0.139,0.059,0.051,0.124,0.007,0.006,0.007,0.044,0.132,0.117,0.013,0.007,0.007,0.104,0.041,0.143
36,B2_3,0.202,0.045,0.178,0.098,0.016,0.02,0.011,0.065,0.085,0.078,0.011,0.01,0.008,0.06,0.041,0.072
36,y1,0.369,0.023,0.072,0.024,0.097,0.133,0.073,0.031,0.019,0.027,0.022,0.034,0.033,0.014,0.019,0.012
36,y2,0.352,0.033,0.044,0.02,0.095,0.11,0.115,0.024,0.014,0.02,0.026,0.031,0.061,0.017,0.025,0.013
36,y3,0.357,0.025,0.034,0.039,0.105,0.08,0.058,0.035,0.034,0.064,0.026,0.046,0.031,0.026,0.018,0.024
38,.,0.086,0.025,0.016,0.022,0.029,0.041,0.038,0.02,0.02,0.02,0.061,0.065,0.062,0.211,0.134,0.149
38,A1_1,0.127,0.005,0.016,0.013,0.041,0.261,0.106,0.01,0.015,0.008,0.069,0.104,0.047,0.067,0.065,0.046
38,A1_2,0.135,0.012,0.012,0.015,0.131,0.069,0.131,0.013,0.018,0.016,0.062,0.042,0.057,0.157,0.08,0.052
38,A1_3,0.14,0.008,0.011,0.014,0.069,0.132,0.113,0.009,0.015,0.011,0.085,0.08,0.075,0.116,0.071,0.052
38,B1_1,0.197,0.096,0.079,0.132,0.01,0.02,0.013,0.072,0.076,0.028,0.014,0.02,0.014,0.079,0.064,0.087
38,B1_2,0.237,0.212,0.042,0.107,0.009,0.005,0.008,0.065,0.05,0.043,0.01,0.013,0.02,0.064,0.048,0.067
38,B1_3,0.204,0.066,0.069,0.083,0.011,0.014,0.013,0.14,0.091,0.055,0.01,0.016,0.011,0.08,0.066,0.07
38,A2_1,0.174,0.02,0.008,0.011,0.027,0.041,0.053,0.011,0.01,0.013,0.104,0.132,0.184,0.078,0.048,0.086
38,A2_2,0.114,0.013,0.008,0.008,0.018,0.056,0.046,0.009,0.008,0.007,0.127,0.167,0.186,0.077,0.044,0.113
38,A2_3,0.175,0.009,0.012,0.012,0.029,0.172,0.081,0.013,0.011,0.014,0.076,0.155,0.076,0.051,0.069,0.046
38,B2_1,0.243,0.054,0.063,0.086,0.013,0.017,0.014,0.106,0.104,0.058,0.01,0.015,0.01,0.086,0.066,0.052
38,B2_2,0.261,0.088,0.055,0.066,0.009,0.008,0.01,0.203,0.066,0.085,0.006,0.012,0.008,0.037,0.047,0.039
38,B2_3,0.223,0.049,0.08,0.061,0.008,0.01,0.011,0.261,0.097,0.052,0.007,0.013,0.007,0.036,0.032,0.055
38,y1,0.562,0.031,0.022,0.026,0.029,0.034,0.049,0.044,0.024,0.033,0.021,0.038,0.034,0.017,0.022,0.016
38,y2,0.587,0.026,0.019,0.026,0.031,0.034,0.048,0.033,0.027,0.03,0.021,0.031,0.034,0.021,0.02,0.013
38,y3,0.547,0.055,0.036,0.044,0.017,0.02,0.028,0.072,0.034,0.033,0.013,0.025,0.022,0.014,0.018,0.02
40,.,0.074,0.043,0.041,0.037,0.021,0.024,0.023,0.035,0.042,0.031,0.032,0.037,0.036,0.154,0.26,0.109
40,A1_1,0.401,0.019,0.013,0.022,0.055,0.067,0.062,0.016,0.018,0.026,0.045,0.057,0.036,0.072,0.057,0.035
40,A1_2,0.275,0.019,0.01,0.015,0.082,0.043,0.099,0.012,0.016,0.016,0.035,0.059,0.118,0.087,0.068,0.046
40,A1_3,0.261,0.014,0.011,0.016,0.058,0.06,0.063,0.018,0.021,0.022,0.065,0.073,0.067,0.095,0.087,0.071
40,B1_1,0.138,0.111,0.108,0.165,0.005,0.01,0.009,0.126,0.093,0.058,0.007,0.012,0.009,0.041,0.067,0.039
40,B1_2,0.211,0.201,0.066,0.148,0.009,0.006,0.01,0.066,0.052,0.064,0.008,0.009,0.009,0.057,0.055,0.031
40,B1_3,0.283,0.093,0.058,0.119,0.01,0.011,0.013,0.101,0.081,0.065,0.01,0.012,0.011,0.045,0.046,0.043
40,A2_1,0.051,0.008,0.008,0.007,0.032,0.052,0.082,0.006,0.007,0.004,0.048,0.192,0.346,0.042,0.081,0.035
40,A2_2,0.085,0.007,0.007,0.007,0.033,0.061,0.074,0.007,0.007,0.004,0.088,0.138,0.257,0.066,0.099,0.06
40,A2_3,0.194,0.012,0.01,0.013,0.032,0.063,0.044,0.011,0.009,0.011,0.157,0.141,0.066,0.086,0.093,0.059
40,B2_1,0.149,0.07,0.069,0.105,0.01,0.012,0.01,0.13,0.133,0.116,0.008,0.015,0.009,0.045,0.063,0.055
40,B2_2,0.232,0.08,0.04,0.084,0.014,0.009,0.01,0.093,0.114,0.159,0.007,0.008,0.005,0.051,0.046,0.049
40,B2_3,0.27,0.045,0.036,0.062,0.015,0.012,0.013,0.11,0.122,0.074,0.012,0.011,0.011,0.057,0.058,0.092
40,y1,0.198,0.043,0.034,0.051,0.026,0.056,0.071,0.044,0.034,0.029,0.022,0.144,0.152,0.026,0.044,0.026
40,y2,0.162,0.052,0.046,0.066,0.019,0.056,0.06,0.057,0.04,0.032,0.019,0.156,0.145,0.021,0.045,0.024
40,y3,0.367,0.044,0.033,0.066,0.02,0.058,0.041,0.057,0.04,0.052,0.022,0.09,0.039,0.021,0.029,0.021
42,.,0.098,0.04,0.028,0.056,0.045,0.023,0.027,0.038,0.034,0.021,0.022,0.029,0.026,0.181,0.135,0.198
42,A1_1,0.339,0.027,0.017,0.028,0.067,0.098,0.057,0.018,0.013,0.01,0.056,0.072,0.056,0.038,0.061,0.045
42,A1_2,0.163,0.01,0.009,0.009,0.244,0.041,0.109,0.012,0.009,0.008,0.032,0.029,0.073,0.114,0.055,0.083
42,A1_3,0.208,0.015,0.013,0.014,0.13,0.069,0.08,0.017,0.01,0.008,0.051,0.067,0.054,0.08,0.104,0.082
42,B1_1,0.288,0.13,0.078,0.181,0.007,0.011,0.006,0.06,0.063,0.017,0.012,0.012,0.007,0.022,0.071,0.035
42,B1_2,0.307,0.15,0.051,0.174,0.008,0.009,0.007,0.044,0.061,0.026,0.009,0.01,0.006,0.03,0.06,0.048
42,B1_3,0.276,0.142,0.07,0.166,0.006,0.007,0.005,0.071,0.068,0.017,0.009,0.01,0.005,0.024,0.086,0.039
42,A2_1,0.224,0.012,0.01,0.012,0.087,0.056,0.109,0.011,0.012,0.016,0.069,0.054,0.1,0.102,0.051,0.074
42,A2_2,0.181,0.01,0.009,0.008,0.108,0.05,0.118,0.012,0.009,0.009,0.068,0.046,0.151,0.101,0.053,0.067
42,A2_3,0.201,0.014,0.01,0.013,0.048,0.108,0.084,0.009,0.008,0.008,0.103,0.109,0.076,0.054,0.084,0.071
42,B2_1,0.263,0.1,0.073,0.218,0.007,0.007,0.005,0.049,0.1,0.044,0.009,0.008,0.004,0.033,0.042,0.038
42,B2_2,0.285,0.072,0.054,0.122,0.019,0.01,0.014,0.053,0.091,0.053,0.013,0.011,0.01,0.073,0.056,0.064
42,B2_3,0.209,0.099,0.081,0.163,0.01,0.008,0.006,0.093,0.099,0.029,0.01,0.009,0.008,0.048,0.075,0.052
42,y1,0.622,0.037,0.025,0.048,0.033,0.044,0.025,0.02,0.02,0.013,0.025,0.019,0.031,0.011,0.015,0.011
42,y2,0.636,0.036,0.025,0.044,0.024,0.041,0.025,0.018,0.02,0.013,0.03,0.021,0.026,0.01,0.017,0.011
42,y3,0.701,0.029,0.025,0.042,0.03,0.029,0.02,0.015,0.019,0.012,0.02,0.013,0.018,0.008,0.011,0.007
44,.,0.062,0.024,0.019,0.021,0.032,0.035,0.04,0.027,0.028,0.031,0.026,0.031,0.039,0.186,0.198,0.201
44,A1_1,0.198,0.014,0.012,0.011,0.083,0.085,0.097,0.012,0.008,0.012,0.051,0.074,0.103,0.061,0.118,0.059
44,A1_2,0.15,0.013,0.009,0.006,0.169,0.036,0.174,0.01,0.006,0.008,0.024,0.033,0.128,0.088,0.079,0.067
44,A1_3,0.303,0.015,0.019,0.015,0.134,0.047,0.089,0.013,0.009,0.009,0.035,0.042,0.1,0.048,0.069,0.053
44,B1_1,0.232,0.061,0.057,0.07,0.017,0.014,0.011,0.063,0.038,0.054,0.017,0.013,0.014,0.115,0.124,0.1
44,B1_2,0.243,0.18,0.048,0.079,0.006,0.004,0.005,0.105,0.059,0.116,0.005,0.005,0.005,0.054,0.04,0.048
44,B1_3,0.225,0.093,0.057,0.071,0.012,0.009,0.008,0.082,0.044,0.08,0.01,0.009,0.009,0.113,0.096,0.08
44,A2_1,0.163,0.024,0.009,0.011,0.047,0.032,0.084,0.014,0.007,0.016,0.054,0.058,0.095,0.108,0.186,0.092
44,A2_2,0.124,0.01,0.009,0.01,0.081,0.046,0.107,0.009,0.009,0.008,0.07,0.075,0.137,0.073,0.122,0.108
44,A2_3,0.118,0.008,0.006,0.008,0.052,0.064,0.094,0.007,0.006,0.007,0.111,0.117,0.125,0.056,0.147,0.076
44,B2_1,0.172,0.074,0.037,0.052,0.007,0.015,0.008,0.078,0.035,0.092,0.017,0.014,0.009,0.145,0.169,0.078
44,B2_2,0.229,0.115,0.034,0.056,0.01,0.014,0.012,0.114,0.077,0.111,0.011,0.015,0.01,0.071,0.059,0.064
44,B2_3,0.158,0.057,0.06,0.105,0.007,0.01,0.005,0.12,0.194,0.073,0.011,0.01,0.006,0.05,0.036,0.097
44,y1,0.446,0.033,0.027,0.035,0.027,0.064,0.025,0.061,0.067,0.038,0.031,0.054,0.026,0.018,0.023,0.024
44,y2,0.656,0.035,0.031,0.035,0.035,0.016,0.018,0.035,0.03,0.019,0.014,0.02,0.022,0.01,0.011,0.014
44,y3,0.53,0.046,0.026,0.038,0.021,0.028,0.019,0.067,0.078,0.039,0.018,0.033,0.019,0.011,0.011,0.017
46,.,0.097,0.034,0.028,0.033,0.028,0.025,0.026,0.031,0.027,0.031,0.039,0.04,0.049,0.213,0.165,0.132
46,A1_1,0.282,0.016,0.008,0.015,0.062,0.099,0.087,0.008,0.01,0.019,0.085,0.088,0.078,0.041,0.037,0.065
46,A1_2,0.34,0.015,0.012,0.014,0.086,0.042,0.087,0.021,0.014,0.012,0.048,0.054,0.068,0.067,0.056,0.065
46,A1_3,0.227,0.015,0.011,0.012,0.08,0.086,0.074,0.01,0.008,0.01,0.119,0.109,0.095,0.047,0.048,0.05
46,B1_1,0.192,0.071,0.091,0.097,0.011,0.009,0.007,0.079,0.067,0.049,0.014,0.007,0.006,0.132,0.094,0.076
46,B1_2,0.314,0.068,0.036,0.079,0.006,0.007,0.009,0.047,0.065,0.095,0.008,0.006,0.006,0.081,0.061,0.11
46,B1_3,0.177,0.082,0.11,0.077,0.01,0.007,0.006,0.104,0.08,0.033,0.014,0.006,0.005,0.127,0.102,0.059
46,A2_1,0.205,0.009,0.005,0.008,0.04,0.054,0.084,0.005,0.006,0.011,0.108,0.185,0.165,0.031,0.032,0.051
46,A2_2,0.281,0.017,0.01,0.011,0.043,0.049,0.092,0.012,0.011,0.011,0.095,0.104,0.116,0.042,0.044,0.063
46,A2_3,0.231,0.02,0.021,0.02,0.035,0.055,0.039,0.012,0.008,0.01,0.192,0.104,0.063,0.055,0.064,0.072
46,B2_1,0.199,0.08,0.033,0.08,0.007,0.007,0.007,0.057,0.143,0.182,0.004,0.006,0.007,0.08,0.05,0.057
46,B2_2,0.225,0.078,0.038,0.067,0.014,0.015,0.014,0.054,0.103,0.111,0.013,0.015,0.017,0.096,0.069,0.069
46,B2_3,0.184,0.082,0.071,0.068,0.014,0.009,0.01,0.103,0.114,0.054,0.01,0.007,0.009,0.123,0.085,0.057
46,y1,0.468,0.058,0.024,0.033,0.026,0.04,0.036,0.032,0.074,0.047,0.034,0.037,0.036,0.019,0.017,0.018
46,y2,0.576,0.035,0.018,0.025,0.039,0.049,0.038,0.022,0.041,0.031,0.031,0.029,0.024,0.014,0.012,0.014
46,y3,0.521,0.062,0.029,0.037,0.018,0.028,0.028,0.039,0.082,0.043,0.025,0.023,0.022,0.016,0.013,0.015
48,.,0.051,0.031,0.02,0.027,0.026,0.025,0.03,0.056,0.081,0.025,0.02,0.01,0.034,0.2,0.264,0.101
48,A1_1,0.114,0.013,0.006,0.014,0.046,0.09,0.134,0.007,0.013,0.022,0.028,0.156,0.069,0.108,0.078,0.103
48,A1_2,0.081,0.007,0.006,0.006,0.302,0.067,0.124,0.016,0.007,0.004,0.033,0.042,0.041,0.084,0.131,0.048
48,A1_3,0.153,0.013,0.01,0.016,0.103,0.087,0.109,0.013,0.015,0.012,0.049,0.09,0.066,0.084,0.107,0.073
48,B1_1,0.38,0.026,0.059,0.073,0.015,0.01,0.009,0.069,0.03,0.023,0.013,0.01,0.01,0.065,0.104,0.103
48,B1_2,0.392,0.03,0.028,0.07,0.006,0.008,0.007,0.042,0.027,0.05,0.007,0.014,0.01,0.079,0.071,0.161
48,B1_3,0.241,0.066,0.08,0.095,0.014,0.009,0.007,0.172,0.061,0.05,0.012,0.008,0.007,0.054,0.075,0.05
48,A2_1,0.17,0.006,0.006,0.009,0.057,0.044,0.09,0.005,0.004,0.008,0.036,0.427,0.043,0.034,0.028,0.034
48,A2_2,0.098,0.009,0.006,0.008,0.127,0.096,0.129,0.009,0.01,0.007,0.049,0.088,0.074,0.093,0.127,0.072
48,A2_3,0.156,0.009,0.006,0.01,0.027,0.032,0.056,0.006,0.004,0.012,0.035,0.549,0.035,0.024,0.017,0.023
48,B2_1,0.321,0.031,0.052,0.097,0.007,0.007,0.007,0.103,0.067,0.05,0.007,0.007,0.01,0.061,0.075,0.098
48,B2_2,0.157,0.081,0.06,0.1,0.011,0.009,0.008,0.188,0.097,0.085,0.009,0.008,0.008,0.065,0.067,0.047
48,B2_3,0.199,0.035,0.034,0.042,0.016,0.006,0.006,0.31,0.092,0.028,0.007,0.003,0.009,0.058,0.101,0.053
48,y1,0.337,0.039,0.029,0.065,0.037,0.038,0.039,0.06,0.053,0.055,0.041,0.091,0.038,0.025,0.028,0.023
48,y2,0.479,0.035,0.032,0.044,0.055,0.028,0.026,0.067,0.018,0.03,0.035,0.094,0.017,0.012,0.016,0.013
48,y3,0.29,0.052,0.03,0.069,0.043,0.046,0.039,0.071,0.072,0.062,0.048,0.065,0.04,0.024,0.029,0.02
50,.,0.082,0.028,0.018,0.022,0.043,0.068,0.034,0.042,0.033,0.087,0.022,0.033,0.054,0.115,0.17,0.15
50,A1_1,0.272,0.01,0.007,0.01,0.071,0.139,0.055,0.005,0.009,0.021,0.032,0.048,0.061,0.074,0.093,0.093
50,A1_2,0.314,0.017,0.009,0.007,0.188,0.059,0.087,0.01,0.011,0.007,0.066,0.028,0.045,0.062,0.046,0.044
50,A1_3,0.377,0.012,0.011,0.01,0.087,0.08,0.066,0.007,0.01,0.007,0.061,0.051,0.051,0.061,0.047,0.063
50,B1_1,0.185,0.036,0.086,0.078,0.008,0.005,0.006,0.107,0.054,0.031,0.008,0.009,0.008,0.098,0.052,0.228
50,B1_2,0.201,0.081,0.026,0.058,0.01,0.009,0.004,0.047,0.036,0.154,0.004,0.005,0.008,0.089,0.131,0.135
50,B1_3,0.198,0.107,0.114,0.059,0.012,0.011,0.006,0.168,0.058,0.06,0.011,0.008,0.011,0.056,0.048,0.073
50,A2_1,0.342,0.005,0.01,0.014,0.038,0.063,0.048,0.006,0.01,0.009,0.036,0.076,0.049,0.077,0.064,0.154
50,A2_2,0.417,0.008,0.018,0.018,0.031,0.064,0.044,0.009,0.011,0.008,0.048,0.091,0.045,0.058,0.038,0.093
