,,.,A1_1,A1_2,A1_3,B1_1,B1_2,B1_3,A2_1,A2_2,A2_3,B2_1,B2_2,B2_3,y1,y2,y3
1,.,1.0,0.024,-0.1,-0.256,0.004,-0.355,-0.111,0.296,-0.058,0.314,-0.288,-0.185,0.097,0.063,-0.172,0.466
1,A1_1,0.024,1.0,0.385,-0.233,0.086,-0.209,-0.08,-0.237,0.205,-0.221,0.193,-0.242,0.108,-0.238,-0.47,-0.052
1,A1_2,-0.1,0.385,1.0,0.267,-0.353,0.088,0.355,-0.058,0.59,-0.429,0.334,-0.225,-0.407,0.313,-0.495,-0.181
1,A1_3,-0.256,-0.233,0.267,1.0,-0.232,-0.32,0.663,-0.211,0.255,-0.703,0.743,0.039,-0.603,-0.03,0.265,-0.158
1,B1_1,0.004,0.086,-0.353,-0.232,1.0,0.187,-0.192,0.384,-0.507,-0.082,-0.099,-0.044,0.052,-0.543,0.111,0.554
1,B1_2,-0.355,-0.209,0.088,-0.32,0.187,1.0,-0.383,-0.25,-0.301,0.143,-0.509,-0.006,0.063,0.355,-0.286,-0.023
1,B1_3,-0.111,-0.08,0.355,0.663,-0.192,-0.383,1.0,0.025,0.449,-0.229,0.554,-0.068,-0.66,0.135,0.413,0.022
1,A2_1,0.296,-0.237,-0.058,-0.211,0.384,-0.25,0.025,1.0,-0.025,0.161,-0.064,0.178,-0.039,-0.287,0.191,0.354
1,A2_2,-0.058,0.205,0.59,0.255,-0.507,-0.301,0.449,-0.025,1.0,-0.3,0.213,-0.542,-0.121,0.179,-0.008,0.064
1,A2_3,0.314,-0.221,-0.429,-0.703,-0.082,0.143,-0.229,0.161,-0.3,1.0,-0.654,0.198,0.449,0.401,0.162,0.009
1,B2_1,-0.288,0.193,0.334,0.743,-0.099,-0.509,0.554,-0.064,0.213,-0.654,1.0,-0.029,-0.47,-0.403,0.082,-0.372
1,B2_2,-0.185,-0.242,-0.225,0.039,-0.044,-0.006,-0.068,0.178,-0.542,0.198,-0.029,1.0,-0.139,0.072,0.218,-0.455
1,B2_3,0.097,0.108,-0.407,-0.603,0.052,0.063,-0.66,-0.039,-0.121,0.449,-0.47,-0.139,1.0,0.107,0.068,-0.001
1,y1,0.063,-0.238,0.313,-0.03,-0.543,0.355,0.135,-0.287,0.179,0.401,-0.403,0.072,0.107,1.0,-0.066,-0.11
1,y2,-0.172,-0.47,-0.495,0.265,0.111,-0.286,0.413,0.191,-0.008,0.162,0.082,0.218,0.068,-0.066,1.0,0.01
1,y3,0.466,-0.052,-0.181,-0.158,0.554,-0.023,0.022,0.354,0.064,0.009,-0.372,-0.455,-0.001,-0.11,0.01,1.0
2,.,1.0,0.023,-0.102,-0.257,0.004,-0.354,-0.112,0.295,-0.057,0.316,-0.292,-0.187,0.097,0.063,-0.173,0.468
2,A1_1,0.023,1.0,0.385,-0.232,0.087,-0.208,-0.078,-0.237,0.206,-0.221,0.195,-0.24,0.109,-0.238,-0.471,-0.053
2,A1_2,-0.102,0.385,1.0,0.267,-0.353,0.087,0.356,-0.058,0.59,-0.428,0.334,-0.226,-0.407,0.313,-0.495,-0.181
2,A1_3,-0.257,-0.232,0.267,1.0,-0.234,-0.321,0.662,-0.211,0.255,-0.703,0.74,0.038,-0.603,-0.029,0.267,-0.158
2,B1_1,0.004,0.087,-0.353,-0.234,1.0,0.189,-0.19,0.385,-0.507,-0.081,-0.098,-0.042,0.054,-0.544,0.111,0.553
2,B1_2,-0.354,-0.208,0.087,-0.321,0.189,1.0,-0.383,-0.249,-0.302,0.143,-0.509,-0.007,0.062,0.354,-0.284,-0.023
2,B1_3,-0.112,-0.078,0.356,0.662,-0.19,-0.383,1.0,0.027,0.449,-0.228,0.555,-0.067,-0.659,0.133,0.414,0.022
2,A2_1,0.295,-0.237,-0.058,-0.211,0.385,-0.249,0.027,1.0,-0.024,0.161,-0.062,0.18,-0.037,-0.287,0.19,0.353
2,A2_2,-0.057,0.206,0.59,0.255,-0.507,-0.302,0.449,-0.024,1.0,-0.3,0.213,-0.542,-0.121,0.178,-0.009,0.063
2,A2_3,0.316,-0.221,-0.428,-0.703,-0.081,0.143,-0.228,0.161,-0.3,1.0,-0.652,0.198,0.449,0.4,0.161,0.008
2,B2_1,-0.292,0.195,0.334,0.74,-0.098,-0.509,0.555,-0.062,0.213,-0.652,1.0,-0.027,-0.467,-0.403,0.083,-0.372
2,B2_2,-0.187,-0.24,-0.226,0.038,-0.042,-0.007,-0.067,0.18,-0.542,0.198,-0.027,1.0,-0.139,0.07,0.219,-0.454
2,B2_3,0.097,0.109,-0.407,-0.603,0.054,0.062,-0.659,-0.037,-0.121,0.449,-0.467,-0.139,1.0,0.104,0.068,-0.002
2,y1,0.063,-0.238,0.313,-0.029,-0.544,0.354,0.133,-0.287,0.178,0.4,-0.403,0.07,0.104,1.0,-0.067,-0.111
2,y2,-0.173,-0.471,-0.495,0.267,0.111,-0.284,0.414,0.19,-0.009,0.161,0.083,0.219,0.068,-0.067,1.0,0.009
2,y3,0.468,-0.053,-0.181,-0.158,0.553,-0.023,0.022,0.353,0.063,0.008,-0.372,-0.454,-0.002,-0.111,0.009,1.0
3,.,1.0,0.022,-0.104,-0.259,0.002,-0.353,-0.114,0.292,-0.056,0.319,-0.297,-0.19,0.096,0.065,-0.174,0.471
3,A1_1,0.022,1.0,0.385,-0.232,0.088,-0.207,-0.076,-0.236,0.206,-0.22,0.196,-0.239,0.111,-0.239,-0.471,-0.054
3,A1_2,-0.104,0.385,1.0,0.267,-0.353,0.086,0.356,-0.058,0.591,-0.428,0.334,-0.226,-0.407,0.313,-0.495,-0.182
3,A1_3,-0.259,-0.232,0.267,1.0,-0.235,-0.323,0.66,-0.211,0.255,-0.703,0.738,0.037,-0.604,-0.028,0.269,-0.157
3,B1_1,0.002,0.088,-0.353,-0.235,1.0,0.191,-0.188,0.385,-0.507,-0.081,-0.096,-0.039,0.057,-0.544,0.11,0.551
3,B1_2,-0.353,-0.207,0.086,-0.323,0.191,1.0,-0.383,-0.248,-0.304,0.143,-0.508,-0.007,0.062,0.352,-0.283,-0.022
3,B1_3,-0.114,-0.076,0.356,0.66,-0.188,-0.383,1.0,0.03,0.449,-0.227,0.555,-0.066,-0.657,0.131,0.414,0.02
3,A2_1,0.292,-0.236,-0.058,-0.211,0.385,-0.248,0.03,1.0,-0.024,0.161,-0.059,0.182,-0.036,-0.289,0.189,0.351
3,A2_2,-0.056,0.206,0.591,0.255,-0.507,-0.304,0.449,-0.024,1.0,-0.3,0.213,-0.542,-0.121,0.178,-0.009,0.062
3,A2_3,0.319,-0.22,-0.428,-0.703,-0.081,0.143,-0.227,0.161,-0.3,1.0,-0.65,0.199,0.449,0.399,0.16,0.006
3,B2_1,-0.297,0.196,0.334,0.738,-0.096,-0.508,0.555,-0.059,0.213,-0.65,1.0,-0.025,-0.465,-0.403,0.084,-0.373
3,B2_2,-0.19,-0.239,-0.226,0.037,-0.039,-0.007,-0.066,0.182,-0.542,0.199,-0.025,1.0,-0.139,0.068,0.22,-0.454
3,B2_3,0.096,0.111,-0.407,-0.604,0.057,0.062,-0.657,-0.036,-0.121,0.449,-0.465,-0.139,1.0,0.102,0.068,-0.003
3,y1,0.065,-0.239,0.313,-0.028,-0.544,0.352,0.131,-0.289,0.178,0.399,-0.403,0.068,0.102,1.0,-0.068,-0.111
3,y2,-0.174,-0.471,-0.495,0.269,0.11,-0.283,0.414,0.189,-0.009,0.16,0.084,0.22,0.068,-0.068,1.0,0.009
3,y3,0.471,-0.054,-0.182,-0.157,0.551,-0.022,0.02,0.351,0.062,0.006,-0.373,-0.454,-0.003,-0.111,0.009,1.0
4,.,1.0,0.021,-0.106,-0.26,0.001,-0.352,-0.116,0.29,-0.055,0.321,-0.302,-0.193,0.096,0.065,-0.175,0.474
4,A1_1,0.021,1.0,0.386,-0.231,0.088,-0.206,-0.074,-0.236,0.207,-0.22,0.198,-0.238,0.112,-0.24,-0.472,-0.055
4,A1_2,-0.106,0.386,1.0,0.267,-0.352,0.086,0.357,-0.058,0.591,-0.428,0.335,-0.226,-0.406,0.312,-0.496,-0.182
4,A1_3,-0.26,-0.231,0.267,1.0,-0.236,-0.324,0.659,-0.211,0.256,-0.702,0.736,0.037,-0.604,-0.027,0.27,-0.156
4,B1_1,0.001,0.088,-0.352,-0.236,1.0,0.194,-0.186,0.386,-0.507,-0.08,-0.094,-0.037,0.059,-0.545,0.11,0.55
4,B1_2,-0.352,-0.206,0.086,-0.324,0.194,1.0,-0.382,-0.246,-0.304,0.142,-0.507,-0.008,0.061,0.351,-0.281,-0.022
4,B1_3,-0.116,-0.074,0.357,0.659,-0.186,-0.382,1.0,0.032,0.448,-0.226,0.557,-0.065,-0.656,0.128,0.414,0.019
4,A2_1,0.29,-0.236,-0.058,-0.211,0.386,-0.246,0.032,1.0,-0.024,0.161,-0.056,0.183,-0.034,-0.29,0.188,0.35
4,A2_2,-0.055,0.207,0.591,0.256,-0.507,-0.304,0.448,-0.024,1.0,-0.3,0.213,-0.543,-0.121,0.177,-0.009,0.062
4,A2_3,0.321,-0.22,-0.428,-0.702,-0.08,0.142,-0.226,0.161,-0.3,1.0,-0.647,0.199,0.449,0.398,0.159,0.005
4,B2_1,-0.302,0.198,0.335,0.736,-0.094,-0.507,0.557,-0.056,0.213,-0.647,1.0,-0.022,-0.462,-0.404,0.085,-0.374
4,B2_2,-0.193,-0.238,-0.226,0.037,-0.037,-0.008,-0.065,0.183,-0.543,0.199,-0.022,1.0,-0.139,0.066,0.221,-0.455
4,B2_3,0.096,0.112,-0.406,-0.604,0.059,0.061,-0.656,-0.034,-0.121,0.449,-0.462,-0.139,1.0,0.099,0.069,-0.004
4,y1,0.065,-0.24,0.312,-0.027,-0.545,0.351,0.128,-0.29,0.177,0.398,-0.404,0.066,0.099,1.0,-0.068,-0.112
4,y2,-0.175,-0.472,-0.496,0.27,0.11,-0.281,0.414,0.188,-0.009,0.159,0.085,0.221,0.069,-0.068,1.0,0.008
4,y3,0.474,-0.055,-0.182,-0.156,0.55,-0.022,0.019,0.35,0.062,0.005,-0.374,-0.455,-0.004,-0.112,0.008,1.0
5,.,1.0,0.019,-0.11,-0.262,-0.001,-0.351,-0.119,0.287,-0.054,0.324,-0.308,-0.197,0.095,0.067,-0.176,0.477
5,A1_1,0.019,1.0,0.386,-0.23,0.088,-0.206,-0.072,-0.235,0.208,-0.219,0.199,-0.236,0.114,-0.24,-0.473,-0.056
5,A1_2,-0.11,0.386,1.0,0.268,-0.351,0.086,0.357,-0.057,0.591,-0.427,0.336,-0.225,-0.405,0.312,-0.496,-0.183
5,A1_3,-0.262,-0.23,0.268,1.0,-0.237,-0.325,0.658,-0.21,0.256,-0.702,0.734,0.036,-0.605,-0.027,0.272,-0.155
5,B1_1,-0.001,0.088,-0.351,-0.237,1.0,0.196,-0.183,0.387,-0.507,-0.08,-0.092,-0.034,0.061,-0.546,0.11,0.548
5,B1_2,-0.351,-0.206,0.086,-0.325,0.196,1.0,-0.382,-0.245,-0.305,0.141,-0.505,-0.009,0.061,0.35,-0.28,-0.021
5,B1_3,-0.119,-0.072,0.357,0.658,-0.183,-0.382,1.0,0.034,0.447,-0.226,0.558,-0.063,-0.654,0.125,0.413,0.017
5,A2_1,0.287,-0.235,-0.057,-0.21,0.387,-0.245,0.034,1.0,-0.024,0.16,-0.053,0.185,-0.032,-0.291,0.186,0.348
5,A2_2,-0.054,0.208,0.591,0.256,-0.507,-0.305,0.447,-0.024,1.0,-0.3,0.213,-0.542,-0.121,0.177,-0.01,0.061
5,A2_3,0.324,-0.219,-0.427,-0.702,-0.08,0.141,-0.226,0.16,-0.3,1.0,-0.645,0.199,0.449,0.398,0.158,0.004
5,B2_1,-0.308,0.199,0.336,0.734,-0.092,-0.505,0.558,-0.053,0.213,-0.645,1.0,-0.019,-0.459,-0.404,0.085,-0.375
5,B2_2,-0.197,-0.236,-0.225,0.036,-0.034,-0.009,-0.063,0.185,-0.542,0.199,-0.019,1.0,-0.139,0.065,0.221,-0.455
5,B2_3,0.095,0.114,-0.405,-0.605,0.061,0.061,-0.654,-0.032,-0.121,0.449,-0.459,-0.139,1.0,0.097,0.069,-0.005
5,y1,0.067,-0.24,0.312,-0.027,-0.546,0.35,0.125,-0.291,0.177,0.398,-0.404,0.065,0.097,1.0,-0.069,-0.112
5,y2,-0.176,-0.473,-0.496,0.272,0.11,-0.28,0.413,0.186,-0.01,0.158,0.085,0.221,0.069,-0.069,1.0,0.007
5,y3,0.477,-0.056,-0.183,-0.155,0.548,-0.021,0.017,0.348,0.061,0.004,-0.375,-0.455,-0.005,-0.112,0.007,1.0
6,.,1.0,0.016,-0.114,-0.263,-0.003,-0.349,-0.122,0.283,-0.053,0.326,-0.315,-0.201,0.095,0.069,-0.176,0.481
6,A1_1,0.016,1.0,0.387,-0.23,0.088,-0.205,-0.07,-0.235,0.208,-0.219,0.2,-0.235,0.116,-0.241,-0.475,-0.057
6,A1_2,-0.114,0.387,1.0,0.268,-0.35,0.085,0.358,-0.057,0.592,-0.427,0.337,-0.225,-0.404,0.311,-0.497,-0.184
6,A1_3,-0.263,-0.23,0.268,1.0,-0.237,-0.326,0.656,-0.21,0.256,-0.702,0.731,0.036,-0.605,-0.026,0.274,-0.155
6,B1_1,-0.003,0.088,-0.35,-0.237,1.0,0.198,-0.18,0.388,-0.507,-0.08,-0.09,-0.032,0.063,-0.546,0.109,0.545
6,B1_2,-0.349,-0.205,0.085,-0.326,0.198,1.0,-0.381,-0.244,-0.306,0.141,-0.503,-0.009,0.061,0.348,-0.278,-0.021
6,B1_3,-0.122,-0.07,0.358,0.656,-0.18,-0.381,1.0,0.037,0.447,-0.225,0.56,-0.062,-0.653,0.122,0.413,0.015
6,A2_1,0.283,-0.235,-0.057,-0.21,0.388,-0.244,0.037,1.0,-0.023,0.16,-0.051,0.187,-0.03,-0.292,0.184,0.346
6,A2_2,-0.053,0.208,0.592,0.256,-0.507,-0.306,0.447,-0.023,1.0,-0.299,0.213,-0.542,-0.121,0.176,-0.011,0.06
6,A2_3,0.326,-0.219,-0.427,-0.702,-0.08,0.141,-0.225,0.16,-0.299,1.0,-0.643,0.199,0.449,0.397,0.157,0.002
6,B2_1,-0.315,0.2,0.337,0.731,-0.09,-0.503,0.56,-0.051,0.213,-0.643,1.0,-0.016,-0.456,-0.404,0.085,-0.377
6,B2_2,-0.201,-0.235,-0.225,0.036,-0.032,-0.009,-0.062,0.187,-0.542,0.199,-0.016,1.0,-0.14,0.063,0.222,-0.455
6,B2_3,0.095,0.116,-0.404,-0.605,0.063,0.061,-0.653,-0.03,-0.121,0.449,-0.456,-0.14,1.0,0.094,0.069,-0.006
6,y1,0.069,-0.241,0.311,-0.026,-0.546,0.348,0.122,-0.292,0.176,0.397,-0.404,0.063,0.094,1.0,-0.069,-0.112
6,y2,-0.176,-0.475,-0.497,0.274,0.109,-0.278,0.413,0.184,-0.011,0.157,0.085,0.222,0.069,-0.069,1.0,0.007
6,y3,0.481,-0.057,-0.184,-0.155,0.545,-0.021,0.015,0.346,0.06,0.002,-0.377,-0.455,-0.006,-0.112,0.007,1.0
7,.,1.0,0.014,-0.118,-0.264,-0.006,-0.349,-0.126,0.279,-0.053,0.328,-0.323,-0.205,0.093,0.071,-0.176,0.485
7,A1_1,0.014,1.0,0.387,-0.229,0.089,-0.204,-0.069,-0.234,0.209,-0.218,0.202,-0.234,0.117,-0.243,-0.476,-0.059
7,A1_2,-0.118,0.387,1.0,0.269,-0.35,0.085,0.359,-0.057,0.592,-0.427,0.338,-0.224,-0.403,0.31,-0.498,-0.185
7,A1_3,-0.264,-0.229,0.269,1.0,-0.238,-0.327,0.655,-0.21,0.257,-0.702,0.729,0.036,-0.606,-0.025,0.275,-0.154
7,B1_1,-0.006,0.089,-0.35,-0.238,1.0,0.201,-0.178,0.389,-0.508,-0.08,-0.088,-0.029,0.066,-0.547,0.108,0.543
7,B1_2,-0.349,-0.204,0.085,-0.327,0.201,1.0,-0.379,-0.243,-0.307,0.14,-0.5,-0.009,0.06,0.346,-0.276,-0.022
7,B1_3,-0.126,-0.069,0.359,0.655,-0.178,-0.379,1.0,0.039,0.446,-0.225,0.561,-0.06,-0.651,0.119,0.412,0.013
7,A2_1,0.279,-0.234,-0.057,-0.21,0.389,-0.243,0.039,1.0,-0.023,0.16,-0.048,0.189,-0.028,-0.293,0.182,0.344
7,A2_2,-0.053,0.209,0.592,0.257,-0.508,-0.307,0.446,-0.023,1.0,-0.299,0.212,-0.542,-0.122,0.176,-0.012,0.059
7,A2_3,0.328,-0.218,-0.427,-0.702,-0.08,0.14,-0.225,0.16,-0.299,1.0,-0.641,0.199,0.448,0.397,0.156,0.001
7,B2_1,-0.323,0.202,0.338,0.729,-0.088,-0.5,0.561,-0.048,0.212,-0.641,1.0,-0.013,-0.452,-0.405,0.085,-0.379
7,B2_2,-0.205,-0.234,-0.224,0.036,-0.029,-0.009,-0.06,0.189,-0.542,0.199,-0.013,1.0,-0.14,0.061,0.223,-0.456
7,B2_3,0.093,0.117,-0.403,-0.606,0.066,0.06,-0.651,-0.028,-0.122,0.448,-0.452,-0.14,1.0,0.092,0.069,-0.008
7,y1,0.071,-0.243,0.31,-0.025,-0.547,0.346,0.119,-0.293,0.176,0.397,-0.405,0.061,0.092,1.0,-0.07,-0.112
7,y2,-0.176,-0.476,-0.498,0.275,0.108,-0.276,0.412,0.182,-0.012,0.156,0.085,0.223,0.069,-0.07,1.0,0.007
7,y3,0.485,-0.059,-0.185,-0.154,0.543,-0.022,0.013,0.344,0.059,0.001,-0.379,-0.456,-0.008,-0.112,0.007,1.0
8,.,1.0,0.011,-0.123,-0.265,-0.009,-0.348,-0.131,0.274,-0.052,0.33,-0.332,-0.209,0.091,0.074,-0.176,0.49
8,A1_1,0.011,1.0,0.388,-0.228,0.089,-0.203,-0.067,-0.234,0.209,-0.218,0.203,-0.233,0.119,-0.244,-0.478,-0.06
8,A1_2,-0.123,0.388,1.0,0.269,-0.349,0.085,0.36,-0.056,0.593,-0.426,0.339,-0.223,-0.402,0.309,-0.499,-0.186
8,A1_3,-0.265,-0.228,0.269,1.0,-0.239,-0.327,0.654,-0.21,0.257,-0.702,0.727,0.035,-0.606,-0.024,0.276,-0.153
8,B1_1,-0.009,0.089,-0.349,-0.239,1.0,0.204,-0.175,0.389,-0.508,-0.08,-0.085,-0.026,0.068,-0.548,0.107,0.539
8,B1_2,-0.348,-0.203,0.085,-0.327,0.204,1.0,-0.378,-0.241,-0.308,0.138,-0.496,-0.008,0.06,0.344,-0.274,-0.022
8,B1_3,-0.131,-0.067,0.36,0.654,-0.175,-0.378,1.0,0.041,0.445,-0.225,0.563,-0.058,-0.649,0.116,0.412,0.01
8,A2_1,0.274,-0.234,-0.056,-0.21,0.389,-0.241,0.041,1.0,-0.023,0.159,-0.045,0.19,-0.026,-0.295,0.18,0.342
8,A2_2,-0.052,0.209,0.593,0.257,-0.508,-0.308,0.445,-0.023,1.0,-0.299,0.212,-0.542,-0.122,0.175,-0.013,0.059
8,A2_3,0.33,-0.218,-0.426,-0.702,-0.08,0.138,-0.225,0.159,-0.299,1.0,-0.639,0.198,0.447,0.396,0.155,-0.0
8,B2_1,-0.332,0.203,0.339,0.727,-0.085,-0.496,0.563,-0.045,0.212,-0.639,1.0,-0.01,-0.449,-0.406,0.085,-0.382
8,B2_2,-0.209,-0.233,-0.223,0.035,-0.026,-0.008,-0.058,0.19,-0.542,0.198,-0.01,1.0,-0.14,0.059,0.223,-0.457
8,B2_3,0.091,0.119,-0.402,-0.606,0.068,0.06,-0.649,-0.026,-0.122,0.447,-0.449,-0.14,1.0,0.089,0.07,-0.01
8,y1,0.074,-0.244,0.309,-0.024,-0.548,0.344,0.116,-0.295,0.175,0.396,-0.406,0.059,0.089,1.0,-0.07,-0.111
8,y2,-0.176,-0.478,-0.499,0.276,0.107,-0.274,0.412,0.18,-0.013,0.155,0.085,0.223,0.07,-0.07,1.0,0.007
8,y3,0.49,-0.06,-0.186,-0.153,0.539,-0.022,0.01,0.342,0.059,-0.0,-0.382,-0.457,-0.01,-0.111,0.007,1.0
9,.,1.0,0.007,-0.127,-0.265,-0.013,-0.348,-0.136,0.268,-0.05,0.332,-0.341,-0.215,0.089,0.077,-0.174,0.495
9,A1_1,0.007,1.0,0.388,-0.227,0.089,-0.203,-0.065,-0.233,0.21,-0.218,0.204,-0.231,0.12,-0.245,-0.479,-0.062
9,A1_2,-0.127,0.388,1.0,0.269,-0.348,0.085,0.361,-0.056,0.593,-0.426,0.34,-0.222,-0.4,0.308,-0.501,-0.187
9,A1_3,-0.265,-0.227,0.269,1.0,-0.24,-0.328,0.653,-0.21,0.258,-0.702,0.724,0.035,-0.606,-0.024,0.278,-0.152
9,B1_1,-0.013,0.089,-0.348,-0.24,1.0,0.207,-0.172,0.39,-0.508,-0.08,-0.082,-0.023,0.071,-0.549,0.106,0.536
9,B1_2,-0.348,-0.203,0.085,-0.328,0.207,1.0,-0.376,-0.24,-0.308,0.137,-0.492,-0.008,0.06,0.341,-0.273,-0.023
9,B1_3,-0.136,-0.065,0.361,0.653,-0.172,-0.376,1.0,0.043,0.445,-0.225,0.565,-0.056,-0.648,0.112,0.411,0.007
9,A2_1,0.268,-0.233,-0.056,-0.21,0.39,-0.24,0.043,1.0,-0.022,0.159,-0.042,0.192,-0.025,-0.296,0.178,0.34
9,A2_2,-0.05,0.21,0.593,0.258,-0.508,-0.308,0.445,-0.022,1.0,-0.298,0.212,-0.542,-0.122,0.174,-0.013,0.058
9,A2_3,0.332,-0.218,-0.426,-0.702,-0.08,0.137,-0.225,0.159,-0.298,1.0,-0.636,0.198,0.447,0.396,0.155,-0.001
9,B2_1,-0.341,0.204,0.34,0.724,-0.082,-0.492,0.565,-0.042,0.212,-0.636,1.0,-0.006,-0.445,-0.407,0.084,-0.385
9,B2_2,-0.215,-0.231,-0.222,0.035,-0.023,-0.008,-0.056,0.192,-0.542,0.198,-0.006,1.0,-0.14,0.057,0.224,-0.458
9,B2_3,0.089,0.12,-0.4,-0.606,0.071,0.06,-0.648,-0.025,-0.122,0.447,-0.445,-0.14,1.0,0.087,0.07,-0.012
9,y1,0.077,-0.245,0.308,-0.024,-0.549,0.341,0.112,-0.296,0.174,0.396,-0.407,0.057,0.087,1.0,-0.07,-0.11
9,y2,-0.174,-0.479,-0.501,0.278,0.106,-0.273,0.411,0.178,-0.013,0.155,0.084,0.224,0.07,-0.07,1.0,0.008
9,y3,0.495,-0.062,-0.187,-0.152,0.536,-0.023,0.007,0.34,0.058,-0.001,-0.385,-0.458,-0.012,-0.11,0.008,1.0
10,.,1.0,0.004,-0.133,-0.265,-0.018,-0.348,-0.141,0.263,-0.049,0.335,-0.351,-0.22,0.086,0.081,-0.172,0.501
10,A1_1,0.004,1.0,0.388,-0.227,0.089,-0.202,-0.063,-0.232,0.211,-0.217,0.205,-0.23,0.122,-0.246,-0.481,-0.063
10,A1_2,-0.133,0.388,1.0,0.27,-0.347,0.085,0.362,-0.055,0.594,-0.425,0.341,-0.221,-0.399,0.307,-0.502,-0.188
10,A1_3,-0.265,-0.227,0.27,1.0,-0.241,-0.328,0.652,-0.209,0.259,-0.702,0.721,0.035,-0.607,-0.023,0.279,-0.151
10,B1_1,-0.018,0.089,-0.347,-0.241,1.0,0.21,-0.169,0.39,-0.508,-0.081,-0.079,-0.02,0.073,-0.55,0.105,0.532
10,B1_2,-0.348,-0.202,0.085,-0.328,0.21,1.0,-0.373,-0.239,-0.309,0.135,-0.487,-0.007,0.061,0.338,-0.271,-0.025
10,B1_3,-0.141,-0.063,0.362,0.652,-0.169,-0.373,1.0,0.046,0.444,-0.225,0.567,-0.053,-0.646,0.108,0.41,0.003
10,A2_1,0.263,-0.232,-0.055,-0.209,0.39,-0.239,0.046,1.0,-0.022,0.158,-0.04,0.193,-0.023,-0.297,0.175,0.337
10,A2_2,-0.049,0.211,0.594,0.259,-0.508,-0.309,0.444,-0.022,1.0,-0.298,0.212,-0.541,-0.122,0.174,-0.014,0.057
10,A2_3,0.335,-0.217,-0.425,-0.702,-0.081,0.135,-0.225,0.158,-0.298,1.0,-0.634,0.197,0.446,0.396,0.154,-0.002
10,B2_1,-0.351,0.205,0.341,0.721,-0.079,-0.487,0.567,-0.04,0.212,-0.634,1.0,-0.001,-0.44,-0.408,0.082,-0.388
10,B2_2,-0.22,-0.23,-0.221,0.035,-0.02,-0.007,-0.053,0.193,-0.541,0.197,-0.001,1.0,-0.14,0.054,0.224,-0.459
10,B2_3,0.086,0.122,-0.399,-0.607,0.073,0.061,-0.646,-0.023,-0.122,0.446,-0.44,-0.14,1.0,0.084,0.07,-0.014
10,y1,0.081,-0.246,0.307,-0.023,-0.55,0.338,0.108,-0.297,0.174,0.396,-0.408,0.054,0.084,1.0,-0.069,-0.108
10,y2,-0.172,-0.481,-0.502,0.279,0.105,-0.271,0.41,0.175,-0.014,0.154,0.082,0.224,0.07,-0.069,1.0,0.009
10,y3,0.501,-0.063,-0.188,-0.151,0.532,-0.025,0.003,0.337,0.057,-0.002,-0.388,-0.459,-0.014,-0.108,0.009,1.0
11,.,1.0,-0.0,-0.139,-0.265,-0.023,-0.349,-0.147,0.257,-0.048,0.337,-0.362,-0.226,0.082,0.085,-0.169,0.507
11,A1_1,-0.0,1.0,0.389,-0.226,0.089,-0.201,-0.061,-0.232,0.211,-0.217,0.206,-0.229,0.124,-0.247,-0.484,-0.065
11,A1_2,-0.139,0.389,1.0,0.27,-0.346,0.085,0.363,-0.055,0.595,-0.425,0.342,-0.22,-0.397,0.305,-0.504,-0.189
11,A1_3,-0.265,-0.226,0.27,1.0,-0.242,-0.329,0.651,-0.209,0.259,-0.702,0.719,0.035,-0.607,-0.023,0.28,-0.15
11,B1_1,-0.023,0.089,-0.346,-0.242,1.0,0.213,-0.166,0.391,-0.508,-0.081,-0.076,-0.016,0.076,-0.552,0.104,0.527
11,B1_2,-0.349,-0.201,0.085,-0.329,0.213,1.0,-0.371,-0.238,-0.31,0.134,-0.481,-0.005,0.062,0.335,-0.27,-0.027
11,B1_3,-0.147,-0.061,0.363,0.651,-0.166,-0.371,1.0,0.048,0.443,-0.225,0.569,-0.05,-0.644,0.104,0.408,-0.0
11,A2_1,0.257,-0.232,-0.055,-0.209,0.391,-0.238,0.048,1.0,-0.021,0.158,-0.037,0.194,-0.022,-0.298,0.172,0.335
11,A2_2,-0.048,0.211,0.595,0.259,-0.508,-0.31,0.443,-0.021,1.0,-0.297,0.211,-0.541,-0.123,0.173,-0.015,0.056
11,A2_3,0.337,-0.217,-0.425,-0.702,-0.081,0.134,-0.225,0.158,-0.297,1.0,-0.632,0.196,0.444,0.396,0.153,-0.003
11,B2_1,-0.362,0.206,0.342,0.719,-0.076,-0.481,0.569,-0.037,0.211,-0.632,1.0,0.004,-0.435,-0.409,0.08,-0.392
11,B2_2,-0.226,-0.229,-0.22,0.035,-0.016,-0.005,-0.05,0.194,-0.541,0.196,0.004,1.0,-0.14,0.052,0.223,-0.461
11,B2_3,0.082,0.124,-0.397,-0.607,0.076,0.062,-0.644,-0.022,-0.123,0.444,-0.435,-0.14,1.0,0.081,0.071,-0.017
11,y1,0.085,-0.247,0.305,-0.023,-0.552,0.335,0.104,-0.298,0.173,0.396,-0.409,0.052,0.081,1.0,-0.069,-0.106
11,y2,-0.169,-0.484,-0.504,0.28,0.104,-0.27,0.408,0.172,-0.015,0.153,0.08,0.223,0.071,-0.069,1.0,0.01
11,y3,0.507,-0.065,-0.189,-0.15,0.527,-0.027,-0.0,0.335,0.056,-0.003,-0.392,-0.461,-0.017,-0.106,0.01,1.0
12,.,1.0,-0.004,-0.144,-0.264,-0.028,-0.351,-0.154,0.251,-0.046,0.338,-0.373,-0.233,0.076,0.089,-0.165,0.514
12,A1_1,-0.004,1.0,0.389,-0.225,0.089,-0.2,-0.059,-0.231,0.212,-0.216,0.207,-0.227,0.126,-0.249,-0.486,-0.067
12,A1_2,-0.144,0.389,1.0,0.271,-0.345,0.086,0.365,-0.054,0.595,-0.424,0.343,-0.219,-0.395,0.303,-0.507,-0.191
12,A1_3,-0.264,-0.225,0.271,1.0,-0.242,-0.329,0.651,-0.209,0.26,-0.701,0.716,0.034,-0.607,-0.022,0.281,-0.149
12,B1_1,-0.028,0.089,-0.345,-0.242,1.0,0.216,-0.163,0.391,-0.509,-0.082,-0.072,-0.013,0.079,-0.553,0.103,0.522
12,B1_2,-0.351,-0.2,0.086,-0.329,0.216,1.0,-0.368,-0.237,-0.311,0.132,-0.474,-0.004,0.063,0.332,-0.268,-0.029
12,B1_3,-0.154,-0.059,0.365,0.651,-0.163,-0.368,1.0,0.05,0.442,-0.225,0.571,-0.048,-0.642,0.099,0.407,-0.005
12,A2_1,0.251,-0.231,-0.054,-0.209,0.391,-0.237,0.05,1.0,-0.021,0.157,-0.035,0.196,-0.021,-0.299,0.17,0.332
12,A2_2,-0.046,0.212,0.595,0.26,-0.509,-0.311,0.442,-0.021,1.0,-0.297,0.21,-0.541,-0.123,0.173,-0.016,0.056
12,A2_3,0.338,-0.216,-0.424,-0.701,-0.082,0.132,-0.225,0.157,-0.297,1.0,-0.63,0.195,0.443,0.396,0.153,-0.004
12,B2_1,-0.373,0.207,0.343,0.716,-0.072,-0.474,0.571,-0.035,0.21,-0.63,1.0,0.009,-0.43,-0.411,0.078,-0.396
12,B2_2,-0.233,-0.227,-0.219,0.034,-0.013,-0.004,-0.048,0.196,-0.541,0.195,0.009,1.0,-0.139,0.049,0.223,-0.462
12,B2_3,0.076,0.126,-0.395,-0.607,0.079,0.063,-0.642,-0.021,-0.123,0.443,-0.43,-0.139,1.0,0.078,0.071,-0.02
12,y1,0.089,-0.249,0.303,-0.022,-0.553,0.332,0.099,-0.299,0.173,0.396,-0.411,0.049,0.078,1.0,-0.068,-0.104
12,y2,-0.165,-0.486,-0.507,0.281,0.103,-0.268,0.407,0.17,-0.016,0.153,0.078,0.223,0.071,-0.068,1.0,0.012
12,y3,0.514,-0.067,-0.191,-0.149,0.522,-0.029,-0.005,0.332,0.056,-0.004,-0.396,-0.462,-0.02,-0.104,0.012,1.0
13,.,1.0,-0.009,-0.149,-0.262,-0.035,-0.353,-0.16,0.245,-0.043,0.339,-0.385,-0.241,0.07,0.095,-0.159,0.521
13,A1_1,-0.009,1.0,0.39,-0.224,0.09,-0.199,-0.057,-0.231,0.213,-0.216,0.208,-0.226,0.127,-0.25,-0.488,-0.068
13,A1_2,-0.149,0.39,1.0,0.272,-0.344,0.086,0.366,-0.054,0.596,-0.423,0.344,-0.217,-0.394,0.301,-0.509,-0.192
13,A1_3,-0.262,-0.224,0.272,1.0,-0.243,-0.329,0.65,-0.208,0.261,-0.701,0.713,0.034,-0.607,-0.022,0.282,-0.147
13,B1_1,-0.035,0.09,-0.344,-0.243,1.0,0.22,-0.159,0.391,-0.509,-0.083,-0.068,-0.009,0.082,-0.554,0.101,0.516
13,B1_2,-0.353,-0.199,0.086,-0.329,0.22,1.0,-0.364,-0.236,-0.312,0.129,-0.466,-0.001,0.064,0.327,-0.267,-0.032
13,B1_3,-0.16,-0.057,0.366,0.65,-0.159,-0.364,1.0,0.052,0.441,-0.225,0.573,-0.044,-0.64,0.094,0.405,-0.01
13,A2_1,0.245,-0.231,-0.054,-0.208,0.391,-0.236,0.052,1.0,-0.02,0.157,-0.033,0.197,-0.02,-0.3,0.167,0.33
13,A2_2,-0.043,0.213,0.596,0.261,-0.509,-0.312,0.441,-0.02,1.0,-0.296,0.209,-0.54,-0.124,0.172,-0.017,0.055
13,A2_3,0.339,-0.216,-0.423,-0.701,-0.083,0.129,-0.225,0.157,-0.296,1.0,-0.628,0.194,0.441,0.396,0.153,-0.004
13,B2_1,-0.385,0.208,0.344,0.713,-0.068,-0.466,0.573,-0.033,0.209,-0.628,1.0,0.015,-0.424,-0.412,0.075,-0.401
13,B2_2,-0.241,-0.226,-0.217,0.034,-0.009,-0.001,-0.044,0.197,-0.54,0.194,0.015,1.0,-0.138,0.045,0.222,-0.464
13,B2_3,0.07,0.127,-0.394,-0.607,0.082,0.064,-0.64,-0.02,-0.124,0.441,-0.424,-0.138,1.0,0.074,0.072,-0.024
13,y1,0.095,-0.25,0.301,-0.022,-0.554,0.327,0.094,-0.3,0.172,0.396,-0.412,0.045,0.074,1.0,-0.067,-0.101
13,y2,-0.159,-0.488,-0.509,0.282,0.101,-0.267,0.405,0.167,-0.017,0.153,0.075,0.222,0.072,-0.067,1.0,0.015
13,y3,0.521,-0.068,-0.192,-0.147,0.516,-0.032,-0.01,0.33,0.055,-0.004,-0.401,-0.464,-0.024,-0.101,0.015,1.0
14,.,1.0,-0.013,-0.154,-0.26,-0.042,-0.356,-0.167,0.24,-0.04,0.34,-0.397,-0.249,0.063,0.101,-0.153,0.528
14,A1_1,-0.013,1.0,0.39,-0.223,0.09,-0.197,-0.054,-0.23,0.214,-0.215,0.21,-0.224,0.129,-0.252,-0.491,-0.07
14,A1_2,-0.154,0.39,1.0,0.272,-0.342,0.086,0.367,-0.053,0.597,-0.422,0.345,-0.216,-0.392,0.299,-0.511,-0.193
14,A1_3,-0.26,-0.223,0.272,1.0,-0.244,-0.33,0.649,-0.208,0.262,-0.701,0.709,0.034,-0.607,-0.022,0.283,-0.146
14,B1_1,-0.042,0.09,-0.342,-0.244,1.0,0.224,-0.155,0.391,-0.509,-0.084,-0.064,-0.004,0.085,-0.555,0.099,0.509
14,B1_2,-0.356,-0.197,0.086,-0.33,0.224,1.0,-0.36,-0.236,-0.313,0.127,-0.457,0.001,0.066,0.323,-0.266,-0.036
14,B1_3,-0.167,-0.054,0.367,0.649,-0.155,-0.36,1.0,0.054,0.439,-0.226,0.575,-0.041,-0.638,0.089,0.404,-0.015
14,A2_1,0.24,-0.23,-0.053,-0.208,0.391,-0.236,0.054,1.0,-0.019,0.156,-0.031,0.198,-0.019,-0.301,0.164,0.327
14,A2_2,-0.04,0.214,0.597,0.262,-0.509,-0.313,0.439,-0.019,1.0,-0.296,0.208,-0.54,-0.125,0.171,-0.018,0.055
14,A2_3,0.34,-0.215,-0.422,-0.701,-0.084,0.127,-0.226,0.156,-0.296,1.0,-0.626,0.192,0.439,0.396,0.153,-0.005
14,B2_1,-0.397,0.21,0.345,0.709,-0.064,-0.457,0.575,-0.031,0.208,-0.626,1.0,0.021,-0.417,-0.415,0.072,-0.406
14,B2_2,-0.249,-0.224,-0.216,0.034,-0.004,0.001,-0.041,0.198,-0.54,0.192,0.021,1.0,-0.137,0.042,0.221,-0.467
14,B2_3,0.063,0.129,-0.392,-0.607,0.085,0.066,-0.638,-0.019,-0.125,0.439,-0.417,-0.137,1.0,0.071,0.072,-0.028
14,y1,0.101,-0.252,0.299,-0.022,-0.555,0.323,0.089,-0.301,0.171,0.396,-0.415,0.042,0.071,1.0,-0.065,-0.097
14,y2,-0.153,-0.491,-0.511,0.283,0.099,-0.266,0.404,0.164,-0.018,0.153,0.072,0.221,0.072,-0.065,1.0,0.018
14,y3,0.528,-0.07,-0.193,-0.146,0.509,-0.036,-0.015,0.327,0.055,-0.005,-0.406,-0.467,-0.028,-0.097,0.018,1.0
15,.,1.0,-0.017,-0.158,-0.258,-0.05,-0.36,-0.175,0.234,-0.037,0.34,-0.41,-0.258,0.054,0.107,-0.145,0.536
15,A1_1,-0.017,1.0,0.391,-0.222,0.09,-0.196,-0.052,-0.229,0.215,-0.215,0.211,-0.223,0.131,-0.253,-0.494,-0.072
15,A1_2,-0.158,0.391,1.0,0.273,-0.341,0.086,0.369,-0.052,0.598,-0.421,0.346,-0.215,-0.39,0.297,-0.514,-0.194
15,A1_3,-0.258,-0.222,0.273,1.0,-0.244,-0.33,0.648,-0.207,0.262,-0.701,0.706,0.034,-0.607,-0.021,0.283,-0.145
15,B1_1,-0.05,0.09,-0.341,-0.244,1.0,0.229,-0.151,0.39,-0.51,-0.085,-0.058,0.001,0.089,-0.557,0.097,0.501
15,B1_2,-0.36,-0.196,0.086,-0.33,0.229,1.0,-0.356,-0.235,-0.314,0.124,-0.448,0.004,0.068,0.317,-0.265,-0.04
15,B1_3,-0.175,-0.052,0.369,0.648,-0.151,-0.356,1.0,0.056,0.438,-0.227,0.578,-0.036,-0.636,0.084,0.402,-0.022
15,A2_1,0.234,-0.229,-0.052,-0.207,0.39,-0.235,0.056,1.0,-0.018,0.156,-0.029,0.198,-0.018,-0.301,0.161,0.324
15,A2_2,-0.037,0.215,0.598,0.262,-0.51,-0.314,0.438,-0.018,1.0,-0.295,0.206,-0.54,-0.126,0.171,-0.019,0.055
15,A2_3,0.34,-0.215,-0.421,-0.701,-0.085,0.124,-0.227,0.156,-0.295,1.0,-0.624,0.19,0.436,0.397,0.153,-0.005
15,B2_1,-0.41,0.211,0.346,0.706,-0.058,-0.448,0.578,-0.029,0.206,-0.624,1.0,0.028,-0.41,-0.417,0.069,-0.412
15,B2_2,-0.258,-0.223,-0.215,0.034,0.001,0.004,-0.036,0.198,-0.54,0.19,0.028,1.0,-0.135,0.038,0.219,-0.469
15,B2_3,0.054,0.131,-0.39,-0.607,0.089,0.068,-0.636,-0.018,-0.126,0.436,-0.41,-0.135,1.0,0.067,0.072,-0.033
15,y1,0.107,-0.253,0.297,-0.021,-0.557,0.317,0.084,-0.301,0.171,0.397,-0.417,0.038,0.067,1.0,-0.063,-0.093
15,y2,-0.145,-0.494,-0.514,0.283,0.097,-0.265,0.402,0.161,-0.019,0.153,0.069,0.219,0.072,-0.063,1.0,0.021
15,y3,0.536,-0.072,-0.194,-0.145,0.501,-0.04,-0.022,0.324,0.055,-0.005,-0.412,-0.469,-0.033,-0.093,0.021,1.0
16,.,1.0,-0.022,-0.162,-0.255,-0.059,-0.364,-0.183,0.228,-0.033,0.341,-0.423,-0.268,0.044,0.114,-0.136,0.544
16,A1_1,-0.022,1.0,0.392,-0.221,0.09,-0.195,-0.049,-0.228,0.216,-0.214,0.212,-0.221,0.134,-0.255,-0.497,-0.074
16,A1_2,-0.162,0.392,1.0,0.274,-0.34,0.085,0.37,-0.051,0.598,-0.42,0.347,-0.213,-0.388,0.295,-0.517,-0.195
16,A1_3,-0.255,-0.221,0.274,1.0,-0.245,-0.33,0.648,-0.207,0.263,-0.7,0.702,0.034,-0.607,-0.021,0.284,-0.144
16,B1_1,-0.059,0.09,-0.34,-0.245,1.0,0.234,-0.147,0.389,-0.51,-0.087,-0.053,0.006,0.093,-0.558,0.095,0.493
16,B1_2,-0.364,-0.195,0.085,-0.33,0.234,1.0,-0.35,-0.234,-0.315,0.12,-0.437,0.008,0.071,0.311,-0.265,-0.045
16,B1_3,-0.183,-0.049,0.37,0.648,-0.147,-0.35,1.0,0.057,0.436,-0.228,0.581,-0.032,-0.633,0.078,0.4,-0.028
16,A2_1,0.228,-0.228,-0.051,-0.207,0.389,-0.234,0.057,1.0,-0.017,0.155,-0.027,0.199,-0.018,-0.302,0.159,0.321
16,A2_2,-0.033,0.216,0.598,0.263,-0.51,-0.315,0.436,-0.017,1.0,-0.294,0.205,-0.539,-0.127,0.17,-0.019,0.054
16,A2_3,0.341,-0.214,-0.42,-0.7,-0.087,0.12,-0.228,0.155,-0.294,1.0,-0.622,0.188,0.433,0.398,0.154,-0.005
16,B2_1,-0.423,0.212,0.347,0.702,-0.053,-0.437,0.581,-0.027,0.205,-0.622,1.0,0.036,-0.401,-0.42,0.064,-0.418
16,B2_2,-0.268,-0.221,-0.213,0.034,0.006,0.008,-0.032,0.199,-0.539,0.188,0.036,1.0,-0.133,0.033,0.217,-0.472
16,B2_3,0.044,0.134,-0.388,-0.607,0.093,0.071,-0.633,-0.018,-0.127,0.433,-0.401,-0.133,1.0,0.062,0.073,-0.039
16,y1,0.114,-0.255,0.295,-0.021,-0.558,0.311,0.078,-0.302,0.17,0.398,-0.42,0.033,0.062,1.0,-0.061,-0.088
16,y2,-0.136,-0.497,-0.517,0.284,0.095,-0.265,0.4,0.159,-0.019,0.154,0.064,0.217,0.073,-0.061,1.0,0.025
16,y3,0.544,-0.074,-0.195,-0.144,0.493,-0.045,-0.028,0.321,0.054,-0.005,-0.418,-0.472,-0.039,-0.088,0.025,1.0
17,.,1.0,-0.026,-0.166,-0.251,-0.069,-0.37,-0.191,0.223,-0.029,0.341,-0.436,-0.279,0.033,0.121,-0.126,0.552
17,A1_1,-0.026,1.0,0.392,-0.22,0.09,-0.193,-0.046,-0.227,0.217,-0.213,0.213,-0.219,0.136,-0.257,-0.501,-0.076
17,A1_2,-0.166,0.392,1.0,0.274,-0.339,0.085,0.372,-0.05,0.599,-0.419,0.347,-0.212,-0.386,0.292,-0.52,-0.196
17,A1_3,-0.251,-0.22,0.274,1.0,-0.246,-0.329,0.647,-0.206,0.264,-0.7,0.698,0.033,-0.607,-0.021,0.284,-0.142
17,B1_1,-0.069,0.09,-0.339,-0.246,1.0,0.239,-0.142,0.388,-0.511,-0.089,-0.046,0.011,0.098,-0.56,0.092,0.484
17,B1_2,-0.37,-0.193,0.085,-0.329,0.239,1.0,-0.344,-0.234,-0.316,0.117,-0.424,0.013,0.074,0.304,-0.265,-0.05
17,B1_3,-0.191,-0.046,0.372,0.647,-0.142,-0.344,1.0,0.059,0.434,-0.229,0.584,-0.027,-0.629,0.072,0.397,-0.036
17,A2_1,0.223,-0.227,-0.05,-0.206,0.388,-0.234,0.059,1.0,-0.015,0.155,-0.025,0.199,-0.017,-0.302,0.156,0.319
17,A2_2,-0.029,0.217,0.599,0.264,-0.511,-0.316,0.434,-0.015,1.0,-0.293,0.203,-0.539,-0.129,0.17,-0.02,0.054
17,A2_3,0.341,-0.213,-0.419,-0.7,-0.089,0.117,-0.229,0.155,-0.293,1.0,-0.619,0.186,0.43,0.398,0.154,-0.005
17,B2_1,-0.436,0.213,0.347,0.698,-0.046,-0.424,0.584,-0.025,0.203,-0.619,1.0,0.044,-0.392,-0.423,0.059,-0.425
17,B2_2,-0.279,-0.219,-0.212,0.033,0.011,0.013,-0.027,0.199,-0.539,0.186,0.044,1.0,-0.13,0.028,0.214,-0.476
17,B2_3,0.033,0.136,-0.386,-0.607,0.098,0.074,-0.629,-0.017,-0.129,0.43,-0.392,-0.13,1.0,0.057,0.073,-0.045
17,y1,0.121,-0.257,0.292,-0.021,-0.56,0.304,0.072,-0.302,0.17,0.398,-0.423,0.028,0.057,1.0,-0.058,-0.082
17,y2,-0.126,-0.501,-0.52,0.284,0.092,-0.265,0.397,0.156,-0.02,0.154,0.059,0.214,0.073,-0.058,1.0,0.03
17,y3,0.552,-0.076,-0.196,-0.142,0.484,-0.05,-0.036,0.319,0.054,-0.005,-0.425,-0.476,-0.045,-0.082,0.03,1.0
18,.,1.0,-0.03,-0.169,-0.247,-0.08,-0.376,-0.201,0.217,-0.024,0.341,-0.451,-0.29,0.02,0.13,-0.115,0.561
18,A1_1,-0.03,1.0,0.393,-0.219,0.09,-0.192,-0.044,-0.226,0.218,-0.212,0.214,-0.217,0.138,-0.258,-0.504,-0.078
18,A1_2,-0.169,0.393,1.0,0.275,-0.337,0.085,0.373,-0.049,0.6,-0.417,0.347,-0.21,-0.383,0.29,-0.523,-0.197
18,A1_3,-0.247,-0.219,0.275,1.0,-0.246,-0.329,0.647,-0.205,0.265,-0.7,0.693,0.033,-0.606,-0.021,0.284,-0.141
18,B1_1,-0.08,0.09,-0.337,-0.246,1.0,0.245,-0.136,0.387,-0.511,-0.091,-0.039,0.018,0.103,-0.562,0.089,0.474
18,B1_2,-0.376,-0.192,0.085,-0.329,0.245,1.0,-0.338,-0.233,-0.317,0.113,-0.411,0.018,0.078,0.297,-0.265,-0.056
18,B1_3,-0.201,-0.044,0.373,0.647,-0.136,-0.338,1.0,0.061,0.432,-0.231,0.588,-0.021,-0.625,0.065,0.394,-0.044
18,A2_1,0.217,-0.226,-0.049,-0.205,0.387,-0.233,0.061,1.0,-0.014,0.154,-0.024,0.199,-0.017,-0.302,0.153,0.316
18,A2_2,-0.024,0.218,0.6,0.265,-0.511,-0.317,0.432,-0.014,1.0,-0.291,0.2,-0.538,-0.131,0.169,-0.02,0.054
18,A2_3,0.341,-0.212,-0.417,-0.7,-0.091,0.113,-0.231,0.154,-0.291,1.0,-0.617,0.183,0.425,0.4,0.155,-0.004
18,B2_1,-0.451,0.214,0.347,0.693,-0.039,-0.411,0.588,-0.024,0.2,-0.617,1.0,0.053,-0.382,-0.427,0.054,-0.432
18,B2_2,-0.29,-0.217,-0.21,0.033,0.018,0.018,-0.021,0.199,-0.538,0.183,0.053,1.0,-0.126,0.022,0.211,-0.479
18,B2_3,0.02,0.138,-0.383,-0.606,0.103,0.078,-0.625,-0.017,-0.131,0.425,-0.382,-0.126,1.0,0.052,0.073,-0.052
18,y1,0.13,-0.258,0.29,-0.021,-0.562,0.297,0.065,-0.302,0.169,0.4,-0.427,0.022,0.052,1.0,-0.054,-0.075
18,y2,-0.115,-0.504,-0.523,0.284,0.089,-0.265,0.394,0.153,-0.02,0.155,0.054,0.211,0.073,-0.054,1.0,0.036
18,y3,0.561,-0.078,-0.197,-0.141,0.474,-0.056,-0.044,0.316,0.054,-0.004,-0.432,-0.479,-0.052,-0.075,0.036,1.0
19,.,1.0,-0.034,-0.171,-0.242,-0.091,-0.384,-0.211,0.213,-0.02,0.341,-0.465,-0.302,0.005,0.139,-0.102,0.569
19,A1_1,-0.034,1.0,0.393,-0.218,0.09,-0.19,-0.04,-0.225,0.22,-0.211,0.214,-0.216,0.141,-0.26,-0.508,-0.079
19,A1_2,-0.171,0.393,1.0,0.276,-0.336,0.085,0.375,-0.048,0.602,-0.416,0.347,-0.209,-0.381,0.287,-0.526,-0.198
19,A1_3,-0.242,-0.218,0.276,1.0,-0.247,-0.329,0.646,-0.205,0.266,-0.699,0.688,0.033,-0.606,-0.021,0.284,-0.14
19,B1_1,-0.091,0.09,-0.336,-0.247,1.0,0.252,-0.13,0.386,-0.512,-0.093,-0.031,0.025,0.109,-0.564,0.085,0.462
19,B1_2,-0.384,-0.19,0.085,-0.329,0.252,1.0,-0.33,-0.233,-0.319,0.108,-0.395,0.024,0.083,0.288,-0.266,-0.064
19,B1_3,-0.211,-0.04,0.375,0.646,-0.13,-0.33,1.0,0.062,0.429,-0.232,0.592,-0.014,-0.62,0.057,0.391,-0.053
19,A2_1,0.213,-0.225,-0.048,-0.205,0.386,-0.233,0.062,1.0,-0.012,0.154,-0.023,0.199,-0.017,-0.301,0.15,0.313
19,A2_2,-0.02,0.22,0.602,0.266,-0.512,-0.319,0.429,-0.012,1.0,-0.29,0.197,-0.538,-0.133,0.169,-0.02,0.054
19,A2_3,0.341,-0.211,-0.416,-0.699,-0.093,0.108,-0.232,0.154,-0.29,1.0,-0.615,0.18,0.421,0.401,0.156,-0.004
19,B2_1,-0.465,0.214,0.347,0.688,-0.031,-0.395,0.592,-0.023,0.197,-0.615,1.0,0.064,-0.37,-0.431,0.047,-0.441
19,B2_2,-0.302,-0.216,-0.209,0.033,0.025,0.024,-0.014,0.199,-0.538,0.18,0.064,1.0,-0.121,0.016,0.206,-0.483
19,B2_3,0.005,0.141,-0.381,-0.606,0.109,0.083,-0.62,-0.017,-0.133,0.421,-0.37,-0.121,1.0,0.045,0.072,-0.06
19,y1,0.139,-0.26,0.287,-0.021,-0.564,0.288,0.057,-0.301,0.169,0.401,-0.431,0.016,0.045,1.0,-0.05,-0.068
19,y2,-0.102,-0.508,-0.526,0.284,0.085,-0.266,0.391,0.15,-0.02,0.156,0.047,0.206,0.072,-0.05,1.0,0.042
19,y3,0.569,-0.079,-0.198,-0.14,0.462,-0.064,-0.053,0.313,0.054,-0.004,-0.441,-0.483,-0.06,-0.068,0.042,1.0
20,.,1.0,-0.039,-0.174,-0.237,-0.104,-0.392,-0.223,0.208,-0.014,0.341,-0.48,-0.314,-0.012,0.149,-0.086,0.578
20,A1_1,-0.039,1.0,0.394,-0.217,0.09,-0.188,-0.037,-0.224,0.221,-0.21,0.215,-0.214,0.144,-0.261,-0.512,-0.081
20,A1_2,-0.174,0.394,1.0,0.277,-0.334,0.085,0.376,-0.046,0.603,-0.414,0.347,-0.207,-0.378,0.284,-0.529,-0.199
20,A1_3,-0.237,-0.217,0.277,1.0,-0.247,-0.328,0.645,-0.204,0.267,-0.699,0.683,0.032,-0.605,-0.021,0.284,-0.138
20,B1_1,-0.104,0.09,-0.334,-0.247,1.0,0.259,-0.123,0.384,-0.512,-0.095,-0.022,0.032,0.115,-0.566,0.08,0.45
20,B1_2,-0.392,-0.188,0.085,-0.328,0.259,1.0,-0.321,-0.233,-0.32,0.104,-0.378,0.031,0.089,0.279,-0.267,-0.071
20,B1_3,-0.223,-0.037,0.376,0.645,-0.123,-0.321,1.0,0.063,0.426,-0.234,0.596,-0.007,-0.614,0.048,0.386,-0.063
20,A2_1,0.208,-0.224,-0.046,-0.204,0.384,-0.233,0.063,1.0,-0.01,0.153,-0.022,0.199,-0.018,-0.301,0.147,0.31
20,A2_2,-0.014,0.221,0.603,0.267,-0.512,-0.32,0.426,-0.01,1.0,-0.289,0.194,-0.537,-0.136,0.169,-0.02,0.054
20,A2_3,0.341,-0.21,-0.414,-0.699,-0.095,0.104,-0.234,0.153,-0.289,1.0,-0.612,0.177,0.415,0.402,0.158,-0.003
20,B2_1,-0.48,0.215,0.347,0.683,-0.022,-0.378,0.596,-0.022,0.194,-0.612,1.0,0.075,-0.356,-0.436,0.039,-0.449
20,B2_2,-0.314,-0.214,-0.207,0.032,0.032,0.031,-0.007,0.199,-0.537,0.177,0.075,1.0,-0.116,0.009,0.201,-0.488
20,B2_3,-0.012,0.144,-0.378,-0.605,0.115,0.089,-0.614,-0.018,-0.136,0.415,-0.356,-0.116,1.0,0.038,0.072,-0.069
20,y1,0.149,-0.261,0.284,-0.021,-0.566,0.279,0.048,-0.301,0.169,0.402,-0.436,0.009,0.038,1.0,-0.045,-0.06
20,y2,-0.086,-0.512,-0.529,0.284,0.08,-0.267,0.386,0.147,-0.02,0.158,0.039,0.201,0.072,-0.045,1.0,0.05
20,y3,0.578,-0.081,-0.199,-0.138,0.45,-0.071,-0.063,0.31,0.054,-0.003,-0.449,-0.488,-0.069,-0.06,0.05,1.0
21,.,1.0,-0.042,-0.175,-0.232,-0.117,-0.402,-0.235,0.205,-0.009,0.34,-0.495,-0.327,-0.03,0.159,-0.07,0.587
21,A1_1,-0.042,1.0,0.395,-0.216,0.09,-0.186,-0.033,-0.222,0.223,-0.209,0.216,-0.212,0.146,-0.263,-0.516,-0.083
21,A1_2,-0.175,0.395,1.0,0.278,-0.333,0.084,0.378,-0.045,0.604,-0.412,0.346,-0.205,-0.375,0.281,-0.532,-0.2
21,A1_3,-0.232,-0.216,0.278,1.0,-0.248,-0.328,0.644,-0.203,0.269,-0.698,0.676,0.032,-0.604,-0.021,0.284,-0.136
21,B1_1,-0.117,0.09,-0.333,-0.248,1.0,0.266,-0.115,0.381,-0.513,-0.098,-0.011,0.04,0.123,-0.568,0.075,0.437
21,B1_2,-0.402,-0.186,0.084,-0.328,0.266,1.0,-0.31,-0.233,-0.322,0.099,-0.359,0.038,0.096,0.268,-0.269,-0.08
21,B1_3,-0.235,-0.033,0.378,0.644,-0.115,-0.31,1.0,0.064,0.422,-0.237,0.601,0.002,-0.607,0.039,0.381,-0.075
21,A2_1,0.205,-0.222,-0.045,-0.203,0.381,-0.233,0.064,1.0,-0.008,0.153,-0.021,0.198,-0.019,-0.299,0.144,0.308
21,A2_2,-0.009,0.223,0.604,0.269,-0.513,-0.322,0.422,-0.008,1.0,-0.287,0.19,-0.536,-0.138,0.168,-0.019,0.055
21,A2_3,0.34,-0.209,-0.412,-0.698,-0.098,0.099,-0.237,0.153,-0.287,1.0,-0.609,0.173,0.409,0.404,0.16,-0.001
21,B2_1,-0.495,0.216,0.346,0.676,-0.011,-0.359,0.601,-0.021,0.19,-0.609,1.0,0.087,-0.341,-0.441,0.031,-0.459
21,B2_2,-0.327,-0.212,-0.205,0.032,0.04,0.038,0.002,0.198,-0.536,0.173,0.087,1.0,-0.109,0.001,0.195,-0.493
21,B2_3,-0.03,0.146,-0.375,-0.604,0.123,0.096,-0.607,-0.019,-0.138,0.409,-0.341,-0.109,1.0,0.03,0.07,-0.079
21,y1,0.159,-0.263,0.281,-0.021,-0.568,0.268,0.039,-0.299,0.168,0.404,-0.441,0.001,0.03,1.0,-0.04,-0.05
21,y2,-0.07,-0.516,-0.532,0.284,0.075,-0.269,0.381,0.144,-0.019,0.16,0.031,0.195,0.07,-0.04,1.0,0.058
21,y3,0.587,-0.083,-0.2,-0.136,0.437,-0.08,-0.075,0.308,0.055,-0.001,-0.459,-0.493,-0.079,-0.05,0.058,1.0
22,.,1.0,-0.045,-0.176,-0.226,-0.132,-0.412,-0.249,0.201,-0.004,0.34,-0.512,-0.34,-0.05,0.17,-0.052,0.596
22,A1_1,-0.045,1.0,0.395,-0.215,0.09,-0.184,-0.03,-0.221,0.224,-0.208,0.216,-0.21,0.149,-0.265,-0.521,-0.085
22,A1_2,-0.176,0.395,1.0,0.279,-0.331,0.083,0.379,-0.043,0.606,-0.41,0.345,-0.204,-0.372,0.278,-0.536,-0.2
22,A1_3,-0.226,-0.215,0.279,1.0,-0.248,-0.327,0.643,-0.202,0.27,-0.698,0.67,0.032,-0.602,-0.021,0.283,-0.134
22,B1_1,-0.132,0.09,-0.331,-0.248,1.0,0.275,-0.106,0.379,-0.513,-0.101,0.0,0.049,0.131,-0.57,0.069,0.422
22,B1_2,-0.412,-0.184,0.083,-0.327,0.275,1.0,-0.299,-0.233,-0.323,0.093,-0.339,0.046,0.103,0.257,-0.271,-0.09
22,B1_3,-0.249,-0.03,0.379,0.643,-0.106,-0.299,1.0,0.065,0.418,-0.239,0.606,0.011,-0.599,0.029,0.375,-0.087
22,A2_1,0.201,-0.221,-0.043,-0.202,0.379,-0.233,0.065,1.0,-0.006,0.153,-0.021,0.197,-0.019,-0.298,0.141,0.305
22,A2_2,-0.004,0.224,0.606,0.27,-0.513,-0.323,0.418,-0.006,1.0,-0.286,0.186,-0.536,-0.141,0.168,-0.019,0.055
22,A2_3,0.34,-0.208,-0.41,-0.698,-0.101,0.093,-0.239,0.153,-0.286,1.0,-0.607,0.169,0.403,0.405,0.162,-0.0
22,B2_1,-0.512,0.216,0.345,0.67,0.0,-0.339,0.606,-0.021,0.186,-0.607,1.0,0.1,-0.323,-0.447,0.021,-0.469
22,B2_2,-0.34,-0.21,-0.204,0.032,0.049,0.046,0.011,0.197,-0.536,0.169,0.1,1.0,-0.102,-0.007,0.188,-0.498
22,B2_3,-0.05,0.149,-0.372,-0.602,0.131,0.103,-0.599,-0.019,-0.141,0.403,-0.323,-0.102,1.0,0.021,0.068,-0.091
22,y1,0.17,-0.265,0.278,-0.021,-0.57,0.257,0.029,-0.298,0.168,0.405,-0.447,-0.007,0.021,1.0,-0.033,-0.04
22,y2,-0.052,-0.521,-0.536,0.283,0.069,-0.271,0.375,0.141,-0.019,0.162,0.021,0.188,0.068,-0.033,1.0,0.069
22,y3,0.596,-0.085,-0.2,-0.134,0.422,-0.09,-0.087,0.305,0.055,-0.0,-0.469,-0.498,-0.091,-0.04,0.069,1.0
23,.,1.0,-0.048,-0.177,-0.22,-0.148,-0.424,-0.263,0.199,0.002,0.34,-0.528,-0.353,-0.071,0.182,-0.031,0.605
23,A1_1,-0.048,1.0,0.396,-0.214,0.09,-0.182,-0.026,-0.22,0.226,-0.206,0.216,-0.208,0.152,-0.266,-0.525,-0.086
23,A1_2,-0.177,0.396,1.0,0.279,-0.329,0.082,0.38,-0.041,0.607,-0.408,0.343,-0.202,-0.369,0.275,-0.539,-0.2
23,A1_3,-0.22,-0.214,0.279,1.0,-0.248,-0.326,0.641,-0.201,0.271,-0.697,0.662,0.031,-0.6,-0.021,0.283,-0.132
23,B1_1,-0.148,0.09,-0.329,-0.248,1.0,0.284,-0.096,0.375,-0.513,-0.104,0.013,0.059,0.14,-0.573,0.062,0.406
23,B1_2,-0.424,-0.182,0.082,-0.326,0.284,1.0,-0.286,-0.233,-0.325,0.087,-0.316,0.056,0.112,0.244,-0.275,-0.1
23,B1_3,-0.263,-0.026,0.38,0.641,-0.096,-0.286,1.0,0.066,0.413,-0.242,0.612,0.022,-0.588,0.017,0.368,-0.1
23,A2_1,0.199,-0.22,-0.041,-0.201,0.375,-0.233,0.066,1.0,-0.003,0.153,-0.021,0.195,-0.021,-0.296,0.138,0.303
23,A2_2,0.002,0.226,0.607,0.271,-0.513,-0.325,0.413,-0.003,1.0,-0.284,0.181,-0.535,-0.145,0.168,-0.018,0.056
23,A2_3,0.34,-0.206,-0.408,-0.697,-0.104,0.087,-0.242,0.153,-0.284,1.0,-0.604,0.165,0.395,0.407,0.165,0.002
23,B2_1,-0.528,0.216,0.343,0.662,0.013,-0.316,0.612,-0.021,0.181,-0.604,1.0,0.115,-0.304,-0.454,0.009,-0.48
23,B2_2,-0.353,-0.208,-0.202,0.031,0.059,0.056,0.022,0.195,-0.535,0.165,0.115,1.0,-0.093,-0.016,0.179,-0.503
23,B2_3,-0.071,0.152,-0.369,-0.6,0.14,0.112,-0.588,-0.021,-0.145,0.395,-0.304,-0.093,1.0,0.011,0.065,-0.103
23,y1,0.182,-0.266,0.275,-0.021,-0.573,0.244,0.017,-0.296,0.168,0.407,-0.454,-0.016,0.011,1.0,-0.025,-0.029
23,y2,-0.031,-0.525,-0.539,0.283,0.062,-0.275,0.368,0.138,-0.018,0.165,0.009,0.179,0.065,-0.025,1.0,0.08
23,y3,0.605,-0.086,-0.2,-0.132,0.406,-0.1,-0.1,0.303,0.056,0.002,-0.48,-0.503,-0.103,-0.029,0.08,1.0
24,.,1.0,-0.05,-0.177,-0.214,-0.164,-0.437,-0.28,0.197,0.007,0.34,-0.545,-0.366,-0.095,0.195,-0.008,0.613
24,A1_1,-0.05,1.0,0.397,-0.213,0.089,-0.18,-0.022,-0.218,0.228,-0.204,0.216,-0.206,0.155,-0.268,-0.53,-0.087
24,A1_2,-0.177,0.397,1.0,0.28,-0.328,0.081,0.381,-0.039,0.609,-0.405,0.341,-0.201,-0.365,0.272,-0.542,-0.2
