,,.,A1_1,A1_2,A1_3,B1_1,B1_2,B1_3,A2_1,A2_2,A2_3,B2_1,B2_2,B2_3,y1,y2,y3
1,.,1.0,0.83,0.929,0.865,0.937,0.717,0.944,0.958,0.948,0.976,0.914,0.856,0.926,0.867,0.958,0.976
1,A1_1,0.83,1.0,0.957,0.833,0.867,0.829,0.913,0.847,0.888,0.818,0.939,0.844,0.86,0.81,0.861,0.75
1,A1_2,0.929,0.957,1.0,0.911,0.925,0.872,0.98,0.913,0.966,0.914,0.987,0.906,0.946,0.912,0.952,0.87
1,A1_3,0.865,0.833,0.911,1.0,0.849,0.852,0.938,0.874,0.855,0.802,0.896,0.922,0.874,0.907,0.875,0.834
1,B1_1,0.937,0.867,0.925,0.849,1.0,0.781,0.906,0.97,0.878,0.902,0.913,0.888,0.902,0.79,0.952,0.925
1,B1_2,0.717,0.829,0.872,0.852,0.781,1.0,0.88,0.734,0.829,0.727,0.869,0.807,0.888,0.896,0.818,0.697
1,B1_3,0.944,0.913,0.98,0.938,0.906,0.88,1.0,0.924,0.97,0.933,0.965,0.905,0.968,0.961,0.957,0.903
1,A2_1,0.958,0.847,0.913,0.874,0.97,0.734,0.924,1.0,0.88,0.921,0.901,0.916,0.907,0.808,0.958,0.941
1,A2_2,0.948,0.888,0.966,0.855,0.878,0.829,0.97,0.88,1.0,0.961,0.958,0.824,0.957,0.933,0.939,0.903
1,A2_3,0.976,0.818,0.914,0.802,0.902,0.727,0.933,0.921,0.961,1.0,0.918,0.826,0.947,0.867,0.96,0.941
1,B2_1,0.914,0.939,0.987,0.896,0.913,0.869,0.965,0.901,0.958,0.918,1.0,0.925,0.958,0.891,0.961,0.839
1,B2_2,0.856,0.844,0.906,0.922,0.888,0.807,0.905,0.916,0.824,0.826,0.925,1.0,0.899,0.81,0.934,0.789
1,B2_3,0.926,0.86,0.946,0.874,0.902,0.888,0.968,0.907,0.957,0.947,0.958,0.899,1.0,0.932,0.976,0.886
1,y1,0.867,0.81,0.912,0.907,0.79,0.896,0.961,0.808,0.933,0.867,0.891,0.81,0.932,1.0,0.882,0.843
1,y2,0.958,0.861,0.952,0.875,0.952,0.818,0.957,0.958,0.939,0.96,0.961,0.934,0.976,0.882,1.0,0.914
1,y3,0.976,0.75,0.87,0.834,0.925,0.697,0.903,0.941,0.903,0.941,0.839,0.789,0.886,0.843,0.914,1.0
2,.,1.0,0.831,0.93,0.858,0.936,0.717,0.942,0.957,0.948,0.973,0.914,0.853,0.925,0.87,0.957,0.976
2,A1_1,0.831,1.0,0.955,0.826,0.867,0.829,0.915,0.849,0.889,0.822,0.939,0.847,0.863,0.813,0.862,0.751
2,A1_2,0.93,0.955,1.0,0.906,0.925,0.872,0.981,0.914,0.968,0.914,0.987,0.902,0.947,0.915,0.952,0.872
2,A1_3,0.858,0.826,0.906,1.0,0.845,0.849,0.935,0.867,0.851,0.787,0.892,0.908,0.867,0.905,0.869,0.831
2,B1_1,0.936,0.867,0.925,0.845,1.0,0.784,0.907,0.97,0.878,0.899,0.915,0.889,0.904,0.793,0.953,0.923
2,B1_2,0.717,0.829,0.872,0.849,0.784,1.0,0.882,0.733,0.829,0.724,0.872,0.801,0.888,0.894,0.819,0.696
2,B1_3,0.942,0.915,0.981,0.935,0.907,0.882,1.0,0.923,0.969,0.927,0.966,0.901,0.966,0.962,0.956,0.902
2,A2_1,0.957,0.849,0.914,0.867,0.97,0.733,0.923,1.0,0.88,0.92,0.903,0.918,0.907,0.807,0.958,0.939
2,A2_2,0.948,0.889,0.968,0.851,0.878,0.829,0.969,0.88,1.0,0.957,0.957,0.82,0.955,0.936,0.936,0.903
2,A2_3,0.973,0.822,0.914,0.787,0.899,0.724,0.927,0.92,0.957,1.0,0.916,0.826,0.945,0.863,0.957,0.935
2,B2_1,0.914,0.939,0.987,0.892,0.915,0.872,0.966,0.903,0.957,0.916,1.0,0.925,0.96,0.893,0.961,0.839
2,B2_2,0.853,0.847,0.902,0.908,0.889,0.801,0.901,0.918,0.82,0.826,0.925,1.0,0.899,0.8,0.934,0.783
2,B2_3,0.925,0.863,0.947,0.867,0.904,0.888,0.966,0.907,0.955,0.945,0.96,0.899,1.0,0.93,0.975,0.883
2,y1,0.87,0.813,0.915,0.905,0.793,0.894,0.962,0.807,0.936,0.863,0.893,0.8,0.93,1.0,0.881,0.845
2,y2,0.957,0.862,0.952,0.869,0.953,0.819,0.956,0.958,0.936,0.957,0.961,0.934,0.975,0.881,1.0,0.912
2,y3,0.976,0.751,0.872,0.831,0.923,0.696,0.902,0.939,0.903,0.935,0.839,0.783,0.883,0.845,0.912,1.0
3,.,1.0,0.834,0.932,0.854,0.935,0.721,0.942,0.957,0.949,0.971,0.914,0.852,0.925,0.873,0.956,0.976
3,A1_1,0.834,1.0,0.955,0.823,0.87,0.832,0.918,0.854,0.892,0.827,0.94,0.853,0.868,0.819,0.864,0.755
3,A1_2,0.932,0.955,1.0,0.904,0.927,0.873,0.982,0.916,0.97,0.914,0.987,0.9,0.948,0.918,0.952,0.875
3,A1_3,0.854,0.823,0.904,1.0,0.844,0.849,0.933,0.862,0.849,0.777,0.889,0.898,0.862,0.904,0.865,0.83
3,B1_1,0.935,0.87,0.927,0.844,1.0,0.789,0.91,0.969,0.879,0.898,0.918,0.89,0.906,0.798,0.954,0.922
3,B1_2,0.721,0.832,0.873,0.849,0.789,1.0,0.885,0.736,0.832,0.726,0.877,0.801,0.891,0.894,0.823,0.698
3,B1_3,0.942,0.918,0.982,0.933,0.91,0.885,1.0,0.924,0.968,0.923,0.966,0.9,0.965,0.963,0.955,0.902
3,A2_1,0.957,0.854,0.916,0.862,0.969,0.736,0.924,1.0,0.882,0.92,0.906,0.919,0.908,0.809,0.958,0.938
3,A2_2,0.949,0.892,0.97,0.849,0.879,0.832,0.968,0.882,1.0,0.955,0.957,0.821,0.954,0.939,0.935,0.904
3,A2_3,0.971,0.827,0.914,0.777,0.898,0.726,0.923,0.92,0.955,1.0,0.916,0.83,0.945,0.862,0.955,0.93
3,B2_1,0.914,0.94,0.987,0.889,0.918,0.877,0.966,0.906,0.957,0.916,1.0,0.926,0.961,0.897,0.962,0.84
3,B2_2,0.852,0.853,0.9,0.898,0.89,0.801,0.9,0.919,0.821,0.83,0.926,1.0,0.902,0.796,0.935,0.781
3,B2_3,0.925,0.868,0.948,0.862,0.906,0.891,0.965,0.908,0.954,0.945,0.961,0.902,1.0,0.93,0.976,0.882
3,y1,0.873,0.819,0.918,0.904,0.798,0.894,0.963,0.809,0.939,0.862,0.897,0.796,0.93,1.0,0.883,0.849
3,y2,0.956,0.864,0.952,0.865,0.954,0.823,0.955,0.958,0.935,0.955,0.962,0.935,0.976,0.883,1.0,0.911
3,y3,0.976,0.755,0.875,0.83,0.922,0.698,0.902,0.938,0.904,0.93,0.84,0.781,0.882,0.849,0.911,1.0
4,.,1.0,0.839,0.934,0.851,0.936,0.726,0.941,0.957,0.95,0.97,0.915,0.852,0.926,0.877,0.956,0.977
4,A1_1,0.839,1.0,0.956,0.824,0.875,0.838,0.922,0.86,0.896,0.833,0.942,0.86,0.874,0.827,0.868,0.762
4,A1_2,0.934,0.956,1.0,0.903,0.929,0.877,0.983,0.919,0.971,0.915,0.987,0.9,0.949,0.922,0.952,0.879
4,A1_3,0.851,0.824,0.903,1.0,0.845,0.85,0.933,0.859,0.849,0.771,0.888,0.89,0.86,0.905,0.864,0.83
4,B1_1,0.936,0.875,0.929,0.845,1.0,0.798,0.914,0.97,0.881,0.898,0.921,0.894,0.909,0.805,0.956,0.922
4,B1_2,0.726,0.838,0.877,0.85,0.798,1.0,0.889,0.742,0.836,0.732,0.883,0.805,0.895,0.896,0.829,0.703
4,B1_3,0.941,0.922,0.983,0.933,0.914,0.889,1.0,0.926,0.968,0.921,0.968,0.9,0.965,0.964,0.955,0.903
4,A2_1,0.957,0.86,0.919,0.859,0.97,0.742,0.926,1.0,0.885,0.921,0.909,0.922,0.91,0.813,0.959,0.937
4,A2_2,0.95,0.896,0.971,0.849,0.881,0.836,0.968,0.885,1.0,0.953,0.957,0.823,0.954,0.942,0.934,0.905
4,A2_3,0.97,0.833,0.915,0.771,0.898,0.732,0.921,0.921,0.953,1.0,0.917,0.836,0.946,0.863,0.954,0.927
4,B2_1,0.915,0.942,0.987,0.888,0.921,0.883,0.968,0.909,0.957,0.917,1.0,0.928,0.963,0.901,0.963,0.843
4,B2_2,0.852,0.86,0.9,0.89,0.894,0.805,0.9,0.922,0.823,0.836,0.928,1.0,0.906,0.796,0.937,0.782
4,B2_3,0.926,0.874,0.949,0.86,0.909,0.895,0.965,0.91,0.954,0.946,0.963,0.906,1.0,0.931,0.976,0.881
4,y1,0.877,0.827,0.922,0.905,0.805,0.896,0.964,0.813,0.942,0.863,0.901,0.796,0.931,1.0,0.885,0.853
4,y2,0.956,0.868,0.952,0.864,0.956,0.829,0.955,0.959,0.934,0.954,0.963,0.937,0.976,0.885,1.0,0.911
4,y3,0.977,0.762,0.879,0.83,0.922,0.703,0.903,0.937,0.905,0.927,0.843,0.782,0.881,0.853,0.911,1.0
5,.,1.0,0.841,0.935,0.849,0.935,0.731,0.94,0.956,0.95,0.969,0.915,0.851,0.925,0.879,0.955,0.977
5,A1_1,0.841,1.0,0.957,0.826,0.879,0.843,0.925,0.865,0.899,0.838,0.944,0.865,0.879,0.832,0.872,0.767
5,A1_2,0.935,0.957,1.0,0.902,0.931,0.879,0.983,0.921,0.973,0.915,0.987,0.899,0.95,0.925,0.952,0.882
5,A1_3,0.849,0.826,0.902,1.0,0.845,0.852,0.933,0.857,0.849,0.767,0.887,0.884,0.859,0.905,0.863,0.831
5,B1_1,0.935,0.879,0.931,0.845,1.0,0.805,0.917,0.97,0.882,0.898,0.924,0.897,0.912,0.81,0.958,0.921
5,B1_2,0.731,0.843,0.879,0.852,0.805,1.0,0.892,0.748,0.84,0.737,0.888,0.81,0.899,0.897,0.835,0.707
5,B1_3,0.94,0.925,0.983,0.933,0.917,0.892,1.0,0.927,0.968,0.918,0.969,0.9,0.964,0.965,0.956,0.903
5,A2_1,0.956,0.865,0.921,0.857,0.97,0.748,0.927,1.0,0.887,0.922,0.912,0.923,0.912,0.815,0.96,0.937
5,A2_2,0.95,0.899,0.973,0.849,0.882,0.84,0.968,0.887,1.0,0.951,0.957,0.824,0.953,0.944,0.933,0.906
5,A2_3,0.969,0.838,0.915,0.767,0.898,0.737,0.918,0.922,0.951,1.0,0.917,0.839,0.945,0.863,0.952,0.924
5,B2_1,0.915,0.944,0.987,0.887,0.924,0.888,0.969,0.912,0.957,0.917,1.0,0.93,0.965,0.904,0.964,0.845
5,B2_2,0.851,0.865,0.899,0.884,0.897,0.81,0.9,0.923,0.824,0.839,0.93,1.0,0.909,0.795,0.938,0.781
5,B2_3,0.925,0.879,0.95,0.859,0.912,0.899,0.964,0.912,0.953,0.945,0.965,0.909,1.0,0.93,0.976,0.88
5,y1,0.879,0.832,0.925,0.905,0.81,0.897,0.965,0.815,0.944,0.863,0.904,0.795,0.93,1.0,0.887,0.856
5,y2,0.955,0.872,0.952,0.863,0.958,0.835,0.956,0.96,0.933,0.952,0.964,0.938,0.976,0.887,1.0,0.91
5,y3,0.977,0.767,0.882,0.831,0.921,0.707,0.903,0.937,0.906,0.924,0.845,0.781,0.88,0.856,0.91,1.0
6,.,1.0,0.842,0.935,0.846,0.933,0.734,0.939,0.955,0.951,0.968,0.914,0.848,0.924,0.881,0.954,0.978
6,A1_1,0.842,1.0,0.957,0.828,0.883,0.848,0.928,0.869,0.901,0.842,0.946,0.87,0.884,0.837,0.874,0.771
6,A1_2,0.935,0.957,1.0,0.903,0.932,0.882,0.984,0.922,0.974,0.915,0.986,0.899,0.951,0.927,0.952,0.885
6,A1_3,0.846,0.828,0.903,1.0,0.846,0.853,0.933,0.856,0.85,0.763,0.887,0.879,0.859,0.906,0.863,0.831
6,B1_1,0.933,0.883,0.932,0.846,1.0,0.812,0.919,0.969,0.883,0.897,0.927,0.899,0.915,0.813,0.959,0.919
6,B1_2,0.734,0.848,0.882,0.853,0.812,1.0,0.895,0.753,0.842,0.742,0.893,0.816,0.903,0.898,0.84,0.71
6,B1_3,0.939,0.928,0.984,0.933,0.919,0.895,1.0,0.928,0.967,0.916,0.969,0.901,0.963,0.964,0.956,0.903
6,A2_1,0.955,0.869,0.922,0.856,0.969,0.753,0.928,1.0,0.888,0.922,0.914,0.925,0.913,0.817,0.96,0.936
6,A2_2,0.951,0.901,0.974,0.85,0.883,0.842,0.967,0.888,1.0,0.95,0.957,0.825,0.951,0.946,0.932,0.907
6,A2_3,0.968,0.842,0.915,0.763,0.897,0.742,0.916,0.922,0.95,1.0,0.917,0.842,0.945,0.863,0.951,0.921
6,B2_1,0.914,0.946,0.986,0.887,0.927,0.893,0.969,0.914,0.957,0.917,1.0,0.932,0.967,0.906,0.965,0.846
6,B2_2,0.848,0.87,0.899,0.879,0.899,0.816,0.901,0.925,0.825,0.842,0.932,1.0,0.912,0.795,0.939,0.78
6,B2_3,0.924,0.884,0.951,0.859,0.915,0.903,0.963,0.913,0.951,0.945,0.967,0.912,1.0,0.93,0.976,0.879
6,y1,0.881,0.837,0.927,0.906,0.813,0.898,0.964,0.817,0.946,0.863,0.906,0.795,0.93,1.0,0.887,0.858
6,y2,0.954,0.874,0.952,0.863,0.959,0.84,0.956,0.96,0.932,0.951,0.965,0.939,0.976,0.887,1.0,0.909
6,y3,0.978,0.771,0.885,0.831,0.919,0.71,0.903,0.936,0.907,0.921,0.846,0.78,0.879,0.858,0.909,1.0
7,.,1.0,0.842,0.935,0.844,0.931,0.735,0.937,0.954,0.951,0.967,0.913,0.845,0.922,0.881,0.952,0.978
7,A1_1,0.842,1.0,0.958,0.83,0.886,0.852,0.931,0.873,0.903,0.844,0.947,0.874,0.887,0.84,0.877,0.774
7,A1_2,0.935,0.958,1.0,0.903,0.933,0.884,0.984,0.924,0.974,0.915,0.986,0.899,0.951,0.928,0.952,0.886
7,A1_3,0.844,0.83,0.903,1.0,0.847,0.855,0.934,0.855,0.851,0.761,0.888,0.876,0.859,0.908,0.864,0.831
7,B1_1,0.931,0.886,0.933,0.847,1.0,0.818,0.922,0.969,0.883,0.896,0.929,0.902,0.917,0.816,0.961,0.917
7,B1_2,0.735,0.852,0.884,0.855,0.818,1.0,0.898,0.757,0.844,0.745,0.897,0.821,0.906,0.898,0.844,0.712
7,B1_3,0.937,0.931,0.984,0.934,0.922,0.898,1.0,0.929,0.966,0.914,0.97,0.902,0.963,0.964,0.956,0.902
7,A2_1,0.954,0.873,0.924,0.855,0.969,0.757,0.929,1.0,0.889,0.923,0.915,0.925,0.914,0.818,0.961,0.935
7,A2_2,0.951,0.903,0.974,0.851,0.883,0.844,0.966,0.889,1.0,0.948,0.956,0.825,0.95,0.947,0.93,0.908
7,A2_3,0.967,0.844,0.915,0.761,0.896,0.745,0.914,0.923,0.948,1.0,0.917,0.844,0.944,0.862,0.95,0.919
7,B2_1,0.913,0.947,0.986,0.888,0.929,0.897,0.97,0.915,0.956,0.917,1.0,0.933,0.968,0.907,0.965,0.846
7,B2_2,0.845,0.874,0.899,0.876,0.902,0.821,0.902,0.925,0.825,0.844,0.933,1.0,0.915,0.796,0.939,0.778
7,B2_3,0.922,0.887,0.951,0.859,0.917,0.906,0.963,0.914,0.95,0.944,0.968,0.915,1.0,0.929,0.976,0.877
7,y1,0.881,0.84,0.928,0.908,0.816,0.898,0.964,0.818,0.947,0.862,0.907,0.796,0.929,1.0,0.888,0.859
7,y2,0.952,0.877,0.952,0.864,0.961,0.844,0.956,0.961,0.93,0.95,0.965,0.939,0.976,0.888,1.0,0.908
7,y3,0.978,0.774,0.886,0.831,0.917,0.712,0.902,0.935,0.908,0.919,0.846,0.778,0.877,0.859,0.908,1.0
8,.,1.0,0.84,0.933,0.84,0.927,0.733,0.933,0.952,0.95,0.965,0.909,0.838,0.918,0.88,0.949,0.978
8,A1_1,0.84,1.0,0.958,0.831,0.889,0.855,0.933,0.875,0.903,0.844,0.948,0.876,0.89,0.841,0.877,0.774
8,A1_2,0.933,0.958,1.0,0.903,0.933,0.884,0.984,0.924,0.974,0.913,0.985,0.897,0.951,0.929,0.951,0.886
8,A1_3,0.84,0.831,0.903,1.0,0.846,0.855,0.934,0.854,0.851,0.757,0.888,0.872,0.858,0.908,0.863,0.829
8,B1_1,0.927,0.889,0.933,0.846,1.0,0.823,0.923,0.969,0.882,0.894,0.931,0.904,0.919,0.815,0.962,0.913
8,B1_2,0.733,0.855,0.884,0.855,0.823,1.0,0.9,0.759,0.843,0.746,0.9,0.825,0.909,0.897,0.847,0.71
8,B1_3,0.933,0.933,0.984,0.934,0.923,0.9,1.0,0.929,0.965,0.91,0.97,0.902,0.962,0.963,0.955,0.9
8,A2_1,0.952,0.875,0.924,0.854,0.969,0.759,0.929,1.0,0.889,0.922,0.916,0.925,0.913,0.817,0.96,0.933
8,A2_2,0.95,0.903,0.974,0.851,0.882,0.843,0.965,0.889,1.0,0.946,0.954,0.822,0.947,0.947,0.927,0.908
8,A2_3,0.965,0.844,0.913,0.757,0.894,0.746,0.91,0.922,0.946,1.0,0.915,0.843,0.942,0.859,0.947,0.916
8,B2_1,0.909,0.948,0.985,0.888,0.931,0.9,0.97,0.916,0.954,0.915,1.0,0.934,0.969,0.907,0.965,0.844
8,B2_2,0.838,0.876,0.897,0.872,0.904,0.825,0.902,0.925,0.822,0.843,0.934,1.0,0.917,0.793,0.939,0.773
8,B2_3,0.918,0.89,0.951,0.858,0.919,0.909,0.962,0.913,0.947,0.942,0.969,0.917,1.0,0.927,0.976,0.873
8,y1,0.88,0.841,0.929,0.908,0.815,0.897,0.963,0.817,0.947,0.859,0.907,0.793,0.927,1.0,0.886,0.858
8,y2,0.949,0.877,0.951,0.863,0.962,0.847,0.955,0.96,0.927,0.947,0.965,0.939,0.976,0.886,1.0,0.906
8,y3,0.978,0.774,0.886,0.829,0.913,0.71,0.9,0.933,0.908,0.916,0.844,0.773,0.873,0.858,0.906,1.0
9,.,1.0,0.835,0.93,0.835,0.921,0.728,0.928,0.95,0.949,0.964,0.904,0.83,0.914,0.877,0.945,0.979
9,A1_1,0.835,1.0,0.958,0.831,0.89,0.856,0.935,0.876,0.903,0.842,0.948,0.878,0.891,0.84,0.877,0.772
9,A1_2,0.93,0.958,1.0,0.903,0.933,0.884,0.985,0.924,0.974,0.911,0.984,0.895,0.95,0.928,0.95,0.885
9,A1_3,0.835,0.831,0.903,1.0,0.846,0.855,0.935,0.852,0.851,0.754,0.888,0.869,0.858,0.909,0.863,0.827
9,B1_1,0.921,0.89,0.933,0.846,1.0,0.827,0.924,0.968,0.879,0.891,0.932,0.905,0.92,0.813,0.962,0.908
9,B1_2,0.728,0.856,0.884,0.855,0.827,1.0,0.901,0.76,0.841,0.744,0.903,0.828,0.911,0.895,0.849,0.707
9,B1_3,0.928,0.935,0.985,0.935,0.924,0.901,1.0,0.929,0.963,0.906,0.97,0.901,0.961,0.961,0.955,0.897
9,A2_1,0.95,0.876,0.924,0.852,0.968,0.76,0.929,1.0,0.887,0.92,0.916,0.923,0.913,0.815,0.96,0.931
9,A2_2,0.949,0.903,0.974,0.851,0.879,0.841,0.963,0.887,1.0,0.943,0.952,0.818,0.944,0.946,0.924,0.907
9,A2_3,0.964,0.842,0.911,0.754,0.891,0.744,0.906,0.92,0.943,1.0,0.912,0.84,0.939,0.856,0.945,0.913
9,B2_1,0.904,0.948,0.984,0.888,0.932,0.903,0.97,0.916,0.952,0.912,1.0,0.934,0.97,0.906,0.965,0.84
9,B2_2,0.83,0.878,0.895,0.869,0.905,0.828,0.901,0.923,0.818,0.84,0.934,1.0,0.918,0.789,0.939,0.766
9,B2_3,0.914,0.891,0.95,0.858,0.92,0.911,0.961,0.913,0.944,0.939,0.97,0.918,1.0,0.925,0.976,0.868
9,y1,0.877,0.84,0.928,0.909,0.813,0.895,0.961,0.815,0.946,0.856,0.906,0.789,0.925,1.0,0.884,0.855
9,y2,0.945,0.877,0.95,0.863,0.962,0.849,0.955,0.96,0.924,0.945,0.965,0.939,0.976,0.884,1.0,0.902
9,y3,0.979,0.772,0.885,0.827,0.908,0.707,0.897,0.931,0.907,0.913,0.84,0.766,0.868,0.855,0.902,1.0
10,.,1.0,0.828,0.926,0.829,0.914,0.72,0.922,0.946,0.947,0.962,0.897,0.818,0.907,0.873,0.94,0.979
10,A1_1,0.828,1.0,0.958,0.831,0.891,0.857,0.936,0.876,0.901,0.839,0.948,0.879,0.892,0.838,0.876,0.768
10,A1_2,0.926,0.958,1.0,0.903,0.932,0.882,0.984,0.924,0.973,0.907,0.983,0.892,0.948,0.926,0.948,0.883
10,A1_3,0.829,0.831,0.903,1.0,0.845,0.854,0.935,0.85,0.85,0.748,0.887,0.865,0.857,0.909,0.862,0.823
10,B1_1,0.914,0.891,0.932,0.845,1.0,0.831,0.925,0.967,0.875,0.886,0.933,0.906,0.921,0.81,0.963,0.901
10,B1_2,0.72,0.857,0.882,0.854,0.831,1.0,0.901,0.759,0.838,0.74,0.905,0.831,0.913,0.891,0.85,0.7
10,B1_3,0.922,0.936,0.984,0.935,0.925,0.901,1.0,0.928,0.96,0.901,0.97,0.9,0.96,0.959,0.954,0.892
10,A2_1,0.946,0.876,0.924,0.85,0.967,0.759,0.928,1.0,0.885,0.917,0.915,0.921,0.911,0.81,0.959,0.928
10,A2_2,0.947,0.901,0.973,0.85,0.875,0.838,0.96,0.885,1.0,0.94,0.948,0.812,0.94,0.945,0.92,0.906
10,A2_3,0.962,0.839,0.907,0.748,0.886,0.74,0.901,0.917,0.94,1.0,0.909,0.835,0.936,0.85,0.941,0.909
10,B2_1,0.897,0.948,0.983,0.887,0.933,0.905,0.97,0.915,0.948,0.909,1.0,0.934,0.97,0.903,0.964,0.835
10,B2_2,0.818,0.879,0.892,0.865,0.906,0.831,0.9,0.921,0.812,0.835,0.934,1.0,0.918,0.783,0.938,0.756
10,B2_3,0.907,0.892,0.948,0.857,0.921,0.913,0.96,0.911,0.94,0.936,0.97,0.918,1.0,0.921,0.975,0.862
10,y1,0.873,0.838,0.926,0.909,0.81,0.891,0.959,0.81,0.945,0.85,0.903,0.783,0.921,1.0,0.881,0.852
10,y2,0.94,0.876,0.948,0.862,0.963,0.85,0.954,0.959,0.92,0.941,0.964,0.938,0.975,0.881,1.0,0.898
10,y3,0.979,0.768,0.883,0.823,0.901,0.7,0.892,0.928,0.906,0.909,0.835,0.756,0.862,0.852,0.898,1.0
11,.,1.0,0.818,0.921,0.82,0.904,0.708,0.914,0.941,0.945,0.959,0.887,0.803,0.898,0.866,0.934,0.979
11,A1_1,0.818,1.0,0.957,0.83,0.892,0.857,0.937,0.876,0.899,0.835,0.948,0.878,0.892,0.834,0.874,0.762
11,A1_2,0.921,0.957,1.0,0.902,0.931,0.88,0.984,0.923,0.972,0.903,0.982,0.888,0.946,0.924,0.946,0.879
11,A1_3,0.82,0.83,0.902,1.0,0.843,0.852,0.935,0.847,0.848,0.741,0.886,0.86,0.856,0.908,0.861,0.818
11,B1_1,0.904,0.892,0.931,0.843,1.0,0.834,0.924,0.965,0.869,0.88,0.934,0.907,0.921,0.804,0.963,0.892
11,B1_2,0.708,0.857,0.88,0.852,0.834,1.0,0.901,0.756,0.832,0.734,0.907,0.833,0.915,0.887,0.851,0.692
11,B1_3,0.914,0.937,0.984,0.935,0.924,0.901,1.0,0.927,0.956,0.895,0.97,0.898,0.959,0.956,0.952,0.886
11,A2_1,0.941,0.876,0.923,0.847,0.965,0.756,0.927,1.0,0.881,0.914,0.913,0.918,0.909,0.805,0.958,0.923
11,A2_2,0.945,0.899,0.972,0.848,0.869,0.832,0.956,0.881,1.0,0.937,0.944,0.803,0.934,0.943,0.915,0.904
11,A2_3,0.959,0.835,0.903,0.741,0.88,0.734,0.895,0.914,0.937,1.0,0.903,0.828,0.931,0.844,0.937,0.904
11,B2_1,0.887,0.948,0.982,0.886,0.934,0.907,0.97,0.913,0.944,0.903,1.0,0.934,0.97,0.899,0.963,0.827
11,B2_2,0.803,0.878,0.888,0.86,0.907,0.833,0.898,0.918,0.803,0.828,0.934,1.0,0.918,0.775,0.936,0.744
11,B2_3,0.898,0.892,0.946,0.856,0.921,0.915,0.959,0.909,0.934,0.931,0.97,0.918,1.0,0.916,0.975,0.853
11,y1,0.866,0.834,0.924,0.908,0.804,0.887,0.956,0.805,0.943,0.844,0.899,0.775,0.916,1.0,0.876,0.847
11,y2,0.934,0.874,0.946,0.861,0.963,0.851,0.952,0.958,0.915,0.937,0.963,0.936,0.975,0.876,1.0,0.892
11,y3,0.979,0.762,0.879,0.818,0.892,0.692,0.886,0.923,0.904,0.904,0.827,0.744,0.853,0.847,0.892,1.0
12,.,1.0,0.807,0.914,0.811,0.892,0.694,0.904,0.935,0.942,0.956,0.876,0.785,0.887,0.859,0.926,0.979
12,A1_1,0.807,1.0,0.957,0.829,0.891,0.855,0.937,0.875,0.895,0.83,0.947,0.877,0.892,0.83,0.872,0.754
12,A1_2,0.914,0.957,1.0,0.902,0.929,0.877,0.984,0.922,0.97,0.898,0.98,0.884,0.944,0.922,0.943,0.875
12,A1_3,0.811,0.829,0.902,1.0,0.841,0.85,0.936,0.845,0.845,0.734,0.885,0.856,0.855,0.908,0.86,0.813
12,B1_1,0.892,0.891,0.929,0.841,1.0,0.836,0.924,0.963,0.862,0.872,0.934,0.908,0.921,0.797,0.963,0.882
12,B1_2,0.694,0.855,0.877,0.85,0.836,1.0,0.901,0.753,0.825,0.726,0.908,0.835,0.916,0.881,0.85,0.68
12,B1_3,0.904,0.937,0.984,0.936,0.924,0.901,1.0,0.926,0.952,0.887,0.969,0.897,0.957,0.953,0.951,0.878
12,A2_1,0.935,0.875,0.922,0.845,0.963,0.753,0.926,1.0,0.878,0.91,0.911,0.914,0.906,0.798,0.957,0.919
12,A2_2,0.942,0.895,0.97,0.845,0.862,0.825,0.952,0.878,1.0,0.933,0.939,0.793,0.928,0.941,0.909,0.901
12,A2_3,0.956,0.83,0.898,0.734,0.872,0.726,0.887,0.91,0.933,1.0,0.898,0.819,0.925,0.837,0.932,0.899
12,B2_1,0.876,0.947,0.98,0.885,0.934,0.908,0.969,0.911,0.939,0.898,1.0,0.933,0.971,0.895,0.962,0.818
12,B2_2,0.785,0.877,0.884,0.856,0.908,0.835,0.897,0.914,0.793,0.819,0.933,1.0,0.918,0.766,0.934,0.729
12,B2_3,0.887,0.892,0.944,0.855,0.921,0.916,0.957,0.906,0.928,0.925,0.971,0.918,1.0,0.911,0.974,0.843
12,y1,0.859,0.83,0.922,0.908,0.797,0.881,0.953,0.798,0.941,0.837,0.895,0.766,0.911,1.0,0.871,0.841
12,y2,0.926,0.872,0.943,0.86,0.963,0.85,0.951,0.957,0.909,0.932,0.962,0.934,0.974,0.871,1.0,0.886
12,y3,0.979,0.754,0.875,0.813,0.882,0.68,0.878,0.919,0.901,0.899,0.818,0.729,0.843,0.841,0.886,1.0
13,.,1.0,0.791,0.905,0.798,0.876,0.674,0.89,0.927,0.938,0.952,0.861,0.763,0.873,0.85,0.916,0.979
13,A1_1,0.791,1.0,0.956,0.827,0.891,0.854,0.937,0.874,0.89,0.822,0.947,0.876,0.891,0.823,0.868,0.743
13,A1_2,0.905,0.956,1.0,0.901,0.926,0.873,0.983,0.92,0.968,0.892,0.978,0.878,0.941,0.918,0.94,0.868
13,A1_3,0.798,0.827,0.901,1.0,0.838,0.848,0.936,0.842,0.842,0.726,0.884,0.851,0.853,0.907,0.859,0.805
13,B1_1,0.876,0.891,0.926,0.838,1.0,0.839,0.923,0.96,0.852,0.862,0.934,0.908,0.921,0.788,0.962,0.868
13,B1_2,0.674,0.854,0.873,0.848,0.839,1.0,0.901,0.749,0.815,0.716,0.909,0.836,0.917,0.874,0.849,0.665
13,B1_3,0.89,0.937,0.983,0.936,0.923,0.901,1.0,0.924,0.947,0.878,0.969,0.895,0.955,0.948,0.949,0.868
13,A2_1,0.927,0.874,0.92,0.842,0.96,0.749,0.924,1.0,0.873,0.905,0.909,0.909,0.903,0.791,0.955,0.913
13,A2_2,0.938,0.89,0.968,0.842,0.852,0.815,0.947,0.873,1.0,0.929,0.932,0.78,0.921,0.938,0.902,0.898
13,A2_3,0.952,0.822,0.892,0.726,0.862,0.716,0.878,0.905,0.929,1.0,0.89,0.807,0.918,0.83,0.926,0.893
13,B2_1,0.861,0.947,0.978,0.884,0.934,0.909,0.969,0.909,0.932,0.89,1.0,0.933,0.971,0.889,0.961,0.806
13,B2_2,0.763,0.876,0.878,0.851,0.908,0.836,0.895,0.909,0.78,0.807,0.933,1.0,0.918,0.755,0.931,0.711
13,B2_3,0.873,0.891,0.941,0.853,0.921,0.917,0.955,0.903,0.921,0.918,0.971,0.918,1.0,0.905,0.972,0.831
13,y1,0.85,0.823,0.918,0.907,0.788,0.874,0.948,0.791,0.938,0.83,0.889,0.755,0.905,1.0,0.865,0.834
13,y2,0.916,0.868,0.94,0.859,0.962,0.849,0.949,0.955,0.902,0.926,0.961,0.931,0.972,0.865,1.0,0.878
13,y3,0.979,0.743,0.868,0.805,0.868,0.665,0.868,0.913,0.898,0.893,0.806,0.711,0.831,0.834,0.878,1.0
14,.,1.0,0.772,0.893,0.783,0.854,0.65,0.872,0.916,0.933,0.947,0.841,0.734,0.855,0.839,0.903,0.978
14,A1_1,0.772,1.0,0.955,0.825,0.889,0.851,0.938,0.872,0.884,0.812,0.946,0.873,0.889,0.816,0.864,0.73
14,A1_2,0.893,0.955,1.0,0.899,0.922,0.867,0.982,0.918,0.966,0.885,0.976,0.871,0.937,0.914,0.937,0.86
14,A1_3,0.783,0.825,0.899,1.0,0.834,0.844,0.935,0.839,0.837,0.716,0.883,0.846,0.85,0.905,0.857,0.796
14,B1_1,0.854,0.889,0.922,0.834,1.0,0.841,0.922,0.957,0.841,0.85,0.934,0.908,0.921,0.777,0.961,0.851
14,B1_2,0.65,0.851,0.867,0.844,0.841,1.0,0.9,0.743,0.803,0.703,0.91,0.838,0.918,0.865,0.847,0.647
14,B1_3,0.872,0.938,0.982,0.935,0.922,0.9,1.0,0.922,0.94,0.867,0.968,0.892,0.953,0.943,0.946,0.856
14,A2_1,0.916,0.872,0.918,0.839,0.957,0.743,0.922,1.0,0.867,0.898,0.906,0.903,0.898,0.782,0.953,0.905
14,A2_2,0.933,0.884,0.966,0.837,0.841,0.803,0.94,0.867,1.0,0.924,0.924,0.764,0.912,0.935,0.893,0.895
14,A2_3,0.947,0.812,0.885,0.716,0.85,0.703,0.867,0.898,0.924,1.0,0.88,0.793,0.909,0.821,0.918,0.886
14,B2_1,0.841,0.946,0.976,0.883,0.934,0.91,0.968,0.906,0.924,0.88,1.0,0.932,0.97,0.882,0.959,0.791
14,B2_2,0.734,0.873,0.871,0.846,0.908,0.838,0.892,0.903,0.764,0.793,0.932,1.0,0.917,0.742,0.928,0.688
14,B2_3,0.855,0.889,0.937,0.85,0.921,0.918,0.953,0.898,0.912,0.909,0.97,0.917,1.0,0.897,0.971,0.816
14,y1,0.839,0.816,0.914,0.905,0.777,0.865,0.943,0.782,0.935,0.821,0.882,0.742,0.897,1.0,0.857,0.825
14,y2,0.903,0.864,0.937,0.857,0.961,0.847,0.946,0.953,0.893,0.918,0.959,0.928,0.971,0.857,1.0,0.868
14,y3,0.978,0.73,0.86,0.796,0.851,0.647,0.856,0.905,0.895,0.886,0.791,0.688,0.816,0.825,0.868,1.0
15,.,1.0,0.749,0.879,0.764,0.828,0.621,0.85,0.903,0.928,0.942,0.817,0.7,0.833,0.826,0.887,0.978
15,A1_1,0.749,1.0,0.954,0.822,0.888,0.848,0.938,0.87,0.877,0.802,0.944,0.871,0.887,0.806,0.858,0.715
15,A1_2,0.879,0.954,1.0,0.898,0.917,0.861,0.98,0.916,0.962,0.877,0.973,0.864,0.933,0.909,0.933,0.851
15,A1_3,0.764,0.822,0.898,1.0,0.83,0.84,0.935,0.835,0.832,0.704,0.881,0.84,0.848,0.903,0.855,0.785
15,B1_1,0.828,0.888,0.917,0.83,1.0,0.844,0.921,0.953,0.826,0.834,0.934,0.909,0.92,0.764,0.959,0.831
15,B1_2,0.621,0.848,0.861,0.84,0.844,1.0,0.899,0.736,0.788,0.686,0.911,0.84,0.919,0.853,0.843,0.625
15,B1_3,0.85,0.938,0.98,0.935,0.921,0.899,1.0,0.919,0.931,0.854,0.967,0.889,0.951,0.936,0.944,0.84
15,A2_1,0.903,0.87,0.916,0.835,0.953,0.736,0.919,1.0,0.861,0.891,0.902,0.896,0.893,0.772,0.951,0.896
15,A2_2,0.928,0.877,0.962,0.832,0.826,0.788,0.931,0.861,1.0,0.919,0.914,0.746,0.901,0.931,0.884,0.891
15,A2_3,0.942,0.802,0.877,0.704,0.834,0.686,0.854,0.891,0.919,1.0,0.868,0.775,0.898,0.811,0.91,0.879
15,B2_1,0.817,0.944,0.973,0.881,0.934,0.911,0.967,0.902,0.914,0.868,1.0,0.931,0.97,0.874,0.956,0.774
15,B2_2,0.7,0.871,0.864,0.84,0.909,0.84,0.889,0.896,0.746,0.775,0.931,1.0,0.916,0.727,0.924,0.663
15,B2_3,0.833,0.887,0.933,0.848,0.92,0.919,0.951,0.893,0.901,0.898,0.97,0.916,1.0,0.888,0.969,0.798
15,y1,0.826,0.806,0.909,0.903,0.764,0.853,0.936,0.772,0.931,0.811,0.874,0.727,0.888,1.0,0.849,0.816
15,y2,0.887,0.858,0.933,0.855,0.959,0.843,0.944,0.951,0.884,0.91,0.956,0.924,0.969,0.849,1.0,0.857
15,y3,0.978,0.715,0.851,0.785,0.831,0.625,0.84,0.896,0.891,0.879,0.774,0.663,0.798,0.816,0.857,1.0
16,.,1.0,0.718,0.86,0.739,0.792,0.583,0.821,0.885,0.921,0.935,0.786,0.657,0.804,0.811,0.866,0.977
16,A1_1,0.718,1.0,0.953,0.818,0.885,0.844,0.937,0.868,0.867,0.787,0.943,0.867,0.885,0.795,0.851,0.695
16,A1_2,0.86,0.953,1.0,0.896,0.91,0.853,0.978,0.914,0.958,0.867,0.97,0.855,0.928,0.902,0.928,0.839
16,A1_3,0.739,0.818,0.896,1.0,0.825,0.835,0.935,0.83,0.824,0.69,0.879,0.834,0.844,0.899,0.852,0.771
16,B1_1,0.792,0.885,0.91,0.825,1.0,0.846,0.919,0.947,0.807,0.813,0.933,0.91,0.918,0.746,0.957,0.803
16,B1_2,0.583,0.844,0.853,0.835,0.846,1.0,0.897,0.728,0.77,0.666,0.911,0.842,0.919,0.839,0.84,0.598
16,B1_3,0.821,0.937,0.978,0.935,0.919,0.897,1.0,0.916,0.92,0.838,0.966,0.887,0.949,0.927,0.94,0.821
16,A2_1,0.885,0.868,0.914,0.83,0.947,0.728,0.916,1.0,0.853,0.88,0.898,0.888,0.887,0.76,0.948,0.885
16,A2_2,0.921,0.867,0.958,0.824,0.807,0.77,0.92,0.853,1.0,0.914,0.901,0.724,0.888,0.926,0.873,0.887
16,A2_3,0.935,0.787,0.867,0.69,0.813,0.666,0.838,0.88,0.914,1.0,0.853,0.752,0.884,0.8,0.899,0.87
16,B2_1,0.786,0.943,0.97,0.879,0.933,0.911,0.966,0.898,0.901,0.853,1.0,0.93,0.97,0.863,0.953,0.752
16,B2_2,0.657,0.867,0.855,0.834,0.91,0.842,0.887,0.888,0.724,0.752,0.93,1.0,0.915,0.709,0.918,0.63
16,B2_3,0.804,0.885,0.928,0.844,0.918,0.919,0.949,0.887,0.888,0.884,0.97,0.915,1.0,0.878,0.966,0.776
16,y1,0.811,0.795,0.902,0.899,0.746,0.839,0.927,0.76,0.926,0.8,0.863,0.709,0.878,1.0,0.839,0.805
16,y2,0.866,0.851,0.928,0.852,0.957,0.84,0.94,0.948,0.873,0.899,0.953,0.918,0.966,0.839,1.0,0.842
16,y3,0.977,0.695,0.839,0.771,0.803,0.598,0.821,0.885,0.887,0.87,0.752,0.63,0.776,0.805,0.842,1.0
17,.,1.0,0.684,0.837,0.711,0.749,0.539,0.785,0.864,0.912,0.926,0.749,0.606,0.769,0.792,0.842,0.975
17,A1_1,0.684,1.0,0.951,0.814,0.883,0.839,0.937,0.865,0.857,0.772,0.941,0.863,0.882,0.782,0.844,0.673
17,A1_2,0.837,0.951,1.0,0.894,0.903,0.844,0.976,0.911,0.953,0.856,0.965,0.845,0.922,0.896,0.922,0.826
17,A1_3,0.711,0.814,0.894,1.0,0.819,0.829,0.934,0.826,0.817,0.674,0.877,0.827,0.841,0.895,0.849,0.755
17,B1_1,0.749,0.883,0.903,0.819,1.0,0.849,0.918,0.941,0.786,0.789,0.933,0.911,0.917,0.727,0.953,0.772
17,B1_2,0.539,0.839,0.844,0.829,0.849,1.0,0.896,0.719,0.748,0.643,0.912,0.844,0.92,0.823,0.835,0.567
17,B1_3,0.785,0.937,0.976,0.934,0.918,0.896,1.0,0.912,0.907,0.818,0.965,0.884,0.946,0.917,0.936,0.797
17,A2_1,0.864,0.865,0.911,0.826,0.941,0.719,0.912,1.0,0.844,0.869,0.893,0.878,0.88,0.747,0.945,0.871
17,A2_2,0.912,0.857,0.953,0.817,0.786,0.748,0.907,0.844,1.0,0.908,0.886,0.699,0.872,0.921,0.861,0.882
17,A2_3,0.926,0.772,0.856,0.674,0.789,0.643,0.818,0.869,0.908,1.0,0.835,0.727,0.868,0.788,0.887,0.861
17,B2_1,0.749,0.941,0.965,0.877,0.933,0.912,0.965,0.893,0.886,0.835,1.0,0.929,0.97,0.851,0.95,0.727
17,B2_2,0.606,0.863,0.845,0.827,0.911,0.844,0.884,0.878,0.699,0.727,0.929,1.0,0.914,0.689,0.912,0.594
17,B2_3,0.769,0.882,0.922,0.841,0.917,0.92,0.946,0.88,0.872,0.868,0.97,0.914,1.0,0.865,0.963,0.749
17,y1,0.792,0.782,0.896,0.895,0.727,0.823,0.917,0.747,0.921,0.788,0.851,0.689,0.865,1.0,0.829,0.793
17,y2,0.842,0.844,0.922,0.849,0.953,0.835,0.936,0.945,0.861,0.887,0.95,0.912,0.963,0.829,1.0,0.826
17,y3,0.975,0.673,0.826,0.755,0.772,0.567,0.797,0.871,0.882,0.861,0.727,0.594,0.749,0.793,0.826,1.0
18,.,1.0,0.64,0.807,0.676,0.693,0.485,0.739,0.836,0.901,0.916,0.701,0.545,0.725,0.771,0.812,0.974
18,A1_1,0.64,1.0,0.949,0.809,0.879,0.834,0.936,0.862,0.844,0.752,0.939,0.858,0.879,0.766,0.835,0.646
18,A1_2,0.807,0.949,1.0,0.892,0.893,0.834,0.973,0.908,0.947,0.842,0.96,0.834,0.915,0.887,0.916,0.809
18,A1_3,0.676,0.809,0.892,1.0,0.812,0.822,0.933,0.821,0.807,0.655,0.874,0.819,0.836,0.89,0.845,0.736
18,B1_1,0.693,0.879,0.893,0.812,1.0,0.853,0.915,0.932,0.758,0.757,0.932,0.912,0.915,0.704,0.948,0.731
18,B1_2,0.485,0.834,0.834,0.822,0.853,1.0,0.895,0.709,0.723,0.614,0.913,0.847,0.921,0.803,0.829,0.53
18,B1_3,0.739,0.936,0.973,0.933,0.915,0.895,1.0,0.907,0.89,0.793,0.964,0.882,0.943,0.904,0.931,0.768
18,A2_1,0.836,0.862,0.908,0.821,0.932,0.709,0.907,1.0,0.834,0.855,0.887,0.867,0.872,0.732,0.941,0.855
18,A2_2,0.901,0.844,0.947,0.807,0.758,0.723,0.89,0.834,1.0,0.902,0.868,0.67,0.853,0.916,0.846,0.877
18,A2_3,0.916,0.752,0.842,0.655,0.757,0.614,0.793,0.855,0.902,1.0,0.812,0.695,0.848,0.777,0.872,0.851
18,B2_1,0.701,0.939,0.96,0.874,0.932,0.913,0.964,0.887,0.868,0.812,1.0,0.929,0.97,0.837,0.945,0.695
18,B2_2,0.545,0.858,0.834,0.819,0.912,0.847,0.882,0.867,0.67,0.695,0.929,1.0,0.913,0.665,0.904,0.55
18,B2_3,0.725,0.879,0.915,0.836,0.915,0.921,0.943,0.872,0.853,0.848,0.97,0.913,1.0,0.851,0.959,0.717
18,y1,0.771,0.766,0.887,0.89,0.704,0.803,0.904,0.732,0.916,0.777,0.837,0.665,0.851,1.0,0.818,0.781
18,y2,0.812,0.835,0.916,0.845,0.948,0.829,0.931,0.941,0.846,0.872,0.945,0.904,0.959,0.818,1.0,0.807
18,y3,0.974,0.646,0.809,0.736,0.731,0.53,0.768,0.855,0.877,0.851,0.695,0.55,0.717,0.781,0.807,1.0
19,.,1.0,0.592,0.773,0.637,0.629,0.426,0.685,0.805,0.889,0.904,0.646,0.477,0.672,0.749,0.778,0.972
19,A1_1,0.592,1.0,0.947,0.806,0.876,0.829,0.936,0.86,0.83,0.732,0.937,0.853,0.876,0.75,0.826,0.617
19,A1_2,0.773,0.947,1.0,0.89,0.882,0.822,0.969,0.905,0.941,0.827,0.954,0.821,0.907,0.879,0.909,0.79
19,A1_3,0.637,0.806,0.89,1.0,0.805,0.815,0.932,0.816,0.797,0.637,0.872,0.811,0.832,0.885,0.842,0.715
19,B1_1,0.629,0.876,0.882,0.805,1.0,0.858,0.914,0.922,0.729,0.722,0.932,0.915,0.914,0.679,0.942,0.686
19,B1_2,0.426,0.829,0.822,0.815,0.858,1.0,0.894,0.698,0.695,0.584,0.914,0.85,0.923,0.781,0.822,0.489
19,B1_3,0.685,0.936,0.969,0.932,0.914,0.894,1.0,0.902,0.871,0.766,0.963,0.879,0.939,0.889,0.925,0.734
19,A2_1,0.805,0.86,0.905,0.816,0.922,0.698,0.902,1.0,0.824,0.84,0.88,0.856,0.863,0.717,0.937,0.837
19,A2_2,0.889,0.83,0.941,0.797,0.729,0.695,0.871,0.824,1.0,0.896,0.846,0.638,0.832,0.911,0.832,0.873
19,A2_3,0.904,0.732,0.827,0.637,0.722,0.584,0.766,0.84,0.896,1.0,0.787,0.661,0.824,0.764,0.857,0.841
19,B2_1,0.646,0.937,0.954,0.872,0.932,0.914,0.963,0.88,0.846,0.787,1.0,0.929,0.97,0.82,0.94,0.659
19,B2_2,0.477,0.853,0.821,0.811,0.915,0.85,0.879,0.856,0.638,0.661,0.929,1.0,0.912,0.639,0.895,0.503
19,B2_3,0.672,0.876,0.907,0.832,0.914,0.923,0.939,0.863,0.832,0.824,0.97,0.912,1.0,0.834,0.955,0.681
19,y1,0.749,0.75,0.879,0.885,0.679,0.781,0.889,0.717,0.911,0.764,0.82,0.639,0.834,1.0,0.806,0.768
19,y2,0.778,0.826,0.909,0.842,0.942,0.822,0.925,0.937,0.832,0.857,0.94,0.895,0.955,0.806,1.0,0.787
19,y3,0.972,0.617,0.79,0.715,0.686,0.489,0.734,0.837,0.873,0.841,0.659,0.503,0.681,0.768,0.787,1.0
20,.,1.0,0.534,0.731,0.591,0.551,0.355,0.619,0.766,0.872,0.89,0.578,0.397,0.607,0.722,0.738,0.969
20,A1_1,0.534,1.0,0.945,0.801,0.871,0.823,0.935,0.856,0.814,0.707,0.934,0.847,0.873,0.73,0.815,0.582
20,A1_2,0.731,0.945,1.0,0.888,0.868,0.809,0.963,0.902,0.933,0.809,0.947,0.806,0.897,0.869,0.901,0.767
20,A1_3,0.591,0.801,0.888,1.0,0.797,0.807,0.931,0.811,0.786,0.616,0.869,0.801,0.828,0.878,0.839,0.691
20,B1_1,0.551,0.871,0.868,0.797,1.0,0.863,0.911,0.909,0.692,0.678,0.932,0.917,0.912,0.647,0.933,0.628
20,B1_2,0.355,0.823,0.809,0.807,0.863,1.0,0.894,0.685,0.662,0.547,0.916,0.853,0.925,0.753,0.814,0.439
20,B1_3,0.619,0.935,0.963,0.931,0.911,0.894,1.0,0.896,0.847,0.732,0.962,0.877,0.936,0.87,0.918,0.692
20,A2_1,0.766,0.856,0.902,0.811,0.909,0.685,0.896,1.0,0.811,0.822,0.872,0.842,0.851,0.7,0.932,0.814
20,A2_2,0.872,0.814,0.933,0.786,0.692,0.662,0.847,0.811,1.0,0.889,0.82,0.601,0.805,0.905,0.815,0.867
20,A2_3,0.89,0.707,0.809,0.616,0.678,0.547,0.732,0.822,0.889,1.0,0.755,0.619,0.793,0.751,0.838,0.829
20,B2_1,0.578,0.934,0.947,0.869,0.932,0.916,0.962,0.872,0.82,0.755,1.0,0.929,0.97,0.799,0.933,0.615
20,B2_2,0.397,0.847,0.806,0.801,0.917,0.853,0.877,0.842,0.601,0.619,0.929,1.0,0.912,0.607,0.884,0.446
20,B2_3,0.607,0.873,0.897,0.828,0.912,0.925,0.936,0.851,0.805,0.793,0.97,0.912,1.0,0.812,0.948,0.635
20,y1,0.722,0.73,0.869,0.878,0.647,0.753,0.87,0.7,0.905,0.751,0.799,0.607,0.812,1.0,0.792,0.754
20,y2,0.738,0.815,0.901,0.839,0.933,0.814,0.918,0.932,0.815,0.838,0.933,0.884,0.948,0.792,1.0,0.762
20,y3,0.969,0.582,0.767,0.691,0.628,0.439,0.692,0.814,0.867,0.829,0.615,0.446,0.635,0.754,0.762,1.0
21,.,1.0,0.473,0.685,0.542,0.464,0.28,0.545,0.723,0.855,0.875,0.503,0.312,0.534,0.696,0.695,0.966
21,A1_1,0.473,1.0,0.943,0.798,0.866,0.817,0.935,0.854,0.797,0.683,0.932,0.842,0.871,0.709,0.804,0.546
21,A1_2,0.685,0.943,1.0,0.886,0.852,0.795,0.957,0.899,0.925,0.791,0.938,0.791,0.886,0.858,0.892,0.742
21,A1_3,0.542,0.798,0.886,1.0,0.789,0.798,0.929,0.807,0.774,0.594,0.866,0.792,0.823,0.87,0.836,0.664
21,B1_1,0.464,0.866,0.852,0.789,1.0,0.87,0.91,0.894,0.652,0.631,0.932,0.921,0.912,0.613,0.922,0.565
21,B1_2,0.28,0.817,0.795,0.798,0.87,1.0,0.894,0.672,0.627,0.509,0.919,0.858,0.928,0.724,0.805,0.387
21,B1_3,0.545,0.935,0.957,0.929,0.91,0.894,1.0,0.888,0.821,0.694,0.962,0.876,0.933,0.848,0.909,0.644
21,A2_1,0.723,0.854,0.899,0.807,0.894,0.672,0.888,1.0,0.8,0.804,0.863,0.827,0.839,0.682,0.926,0.789
21,A2_2,0.855,0.797,0.925,0.774,0.652,0.627,0.821,0.8,1.0,0.882,0.791,0.563,0.776,0.899,0.799,0.861
21,A2_3,0.875,0.683,0.791,0.594,0.631,0.509,0.694,0.804,0.882,1.0,0.718,0.575,0.759,0.738,0.819,0.819
21,B2_1,0.503,0.932,0.938,0.866,0.932,0.919,0.962,0.863,0.791,0.718,1.0,0.929,0.971,0.775,0.925,0.565
21,B2_2,0.312,0.842,0.791,0.792,0.921,0.858,0.876,0.827,0.563,0.575,0.929,1.0,0.913,0.574,0.871,0.386
21,B2_3,0.534,0.871,0.886,0.823,0.912,0.928,0.933,0.839,0.776,0.759,0.971,0.913,1.0,0.788,0.94,0.583
21,y1,0.696,0.709,0.858,0.87,0.613,0.724,0.848,0.682,0.899,0.738,0.775,0.574,0.788,1.0,0.779,0.741
21,y2,0.695,0.804,0.892,0.836,0.922,0.805,0.909,0.926,0.799,0.819,0.925,0.871,0.94,0.779,1.0,0.736
21,y3,0.966,0.546,0.742,0.664,0.565,0.387,0.644,0.789,0.861,0.819,0.565,0.386,0.583,0.741,0.736,1.0
22,.,1.0,0.403,0.631,0.485,0.362,0.196,0.458,0.672,0.834,0.859,0.415,0.217,0.451,0.67,0.649,0.962
22,A1_1,0.403,1.0,0.94,0.793,0.859,0.81,0.934,0.851,0.777,0.652,0.928,0.835,0.867,0.684,0.789,0.501
22,A1_2,0.631,0.94,1.0,0.884,0.832,0.779,0.949,0.895,0.916,0.769,0.927,0.773,0.873,0.845,0.881,0.711
22,A1_3,0.485,0.793,0.884,1.0,0.777,0.788,0.926,0.802,0.76,0.568,0.862,0.78,0.816,0.859,0.832,0.631
22,B1_1,0.362,0.859,0.832,0.777,1.0,0.878,0.908,0.875,0.604,0.572,0.933,0.925,0.91,0.571,0.906,0.486
22,B1_2,0.196,0.81,0.779,0.788,0.878,1.0,0.894,0.658,0.587,0.463,0.922,0.862,0.931,0.688,0.793,0.325
22,B1_3,0.458,0.934,0.949,0.926,0.908,0.894,1.0,0.879,0.789,0.648,0.961,0.875,0.929,0.819,0.897,0.585
22,A2_1,0.672,0.851,0.895,0.802,0.875,0.658,0.879,1.0,0.788,0.781,0.852,0.81,0.824,0.663,0.919,0.759
22,A2_2,0.834,0.777,0.916,0.76,0.604,0.587,0.789,0.788,1.0,0.876,0.755,0.519,0.741,0.894,0.782,0.856
22,A2_3,0.859,0.652,0.769,0.568,0.572,0.463,0.648,0.781,0.876,1.0,0.674,0.522,0.718,0.727,0.798,0.808
22,B2_1,0.415,0.928,0.927,0.862,0.933,0.922,0.961,0.852,0.755,0.674,1.0,0.931,0.971,0.745,0.914,0.505
22,B2_2,0.217,0.835,0.773,0.78,0.925,0.862,0.875,0.81,0.519,0.522,0.931,1.0,0.913,0.534,0.854,0.315
22,B2_3,0.451,0.867,0.873,0.816,0.91,0.931,0.929,0.824,0.741,0.718,0.971,0.913,1.0,0.759,0.929,0.522
22,y1,0.67,0.684,0.845,0.859,0.571,0.688,0.819,0.663,0.894,0.727,0.745,0.534,0.759,1.0,0.765,0.728
22,y2,0.649,0.789,0.881,0.832,0.906,0.793,0.897,0.919,0.782,0.798,0.914,0.854,0.929,0.765,1.0,0.708
22,y3,0.962,0.501,0.711,0.631,0.486,0.325,0.585,0.759,0.856,0.808,0.505,0.315,0.522,0.728,0.708,1.0
23,.,1.0,0.33,0.574,0.428,0.256,0.111,0.365,0.62,0.812,0.843,0.322,0.121,0.36,0.645,0.606,0.959
23,A1_1,0.33,1.0,0.937,0.789,0.851,0.803,0.933,0.848,0.756,0.62,0.925,0.828,0.863,0.657,0.772,0.454
23,A1_2,0.574,0.937,1.0,0.882,0.81,0.761,0.939,0.892,0.907,0.746,0.914,0.754,0.857,0.831,0.869,0.678
23,A1_3,0.428,0.789,0.882,1.0,0.766,0.778,0.922,0.798,0.747,0.542,0.858,0.768,0.81,0.847,0.828,0.597
23,B1_1,0.256,0.851,0.81,0.766,1.0,0.886,0.907,0.853,0.554,0.51,0.934,0.93,0.91,0.527,0.885,0.402
23,B1_2,0.111,0.803,0.761,0.778,0.886,1.0,0.895,0.642,0.545,0.417,0.925,0.868,0.935,0.648,0.777,0.26
23,B1_3,0.365,0.933,0.939,0.922,0.907,0.895,1.0,0.869,0.753,0.599,0.961,0.875,0.926,0.786,0.882,0.52
23,A2_1,0.62,0.848,0.892,0.798,0.853,0.642,0.869,1.0,0.777,0.759,0.839,0.791,0.808,0.644,0.912,0.726
23,A2_2,0.812,0.756,0.907,0.747,0.554,0.545,0.753,0.777,1.0,0.868,0.716,0.473,0.702,0.888,0.766,0.85
23,A2_3,0.843,0.62,0.746,0.542,0.51,0.417,0.599,0.759,0.868,1.0,0.625,0.468,0.671,0.717,0.778,0.798
23,B2_1,0.322,0.925,0.914,0.858,0.934,0.925,0.961,0.839,0.716,0.625,1.0,0.932,0.971,0.71,0.898,0.439
23,B2_2,0.121,0.828,0.754,0.768,0.93,0.868,0.875,0.791,0.473,0.468,0.932,1.0,0.915,0.491,0.833,0.242
23,B2_3,0.36,0.863,0.857,0.81,0.91,0.935,0.926,0.808,0.702,0.671,0.971,0.915,1.0,0.725,0.914,0.454
23,y1,0.645,0.657,0.831,0.847,0.527,0.648,0.786,0.644,0.888,0.717,0.71,0.491,0.725,1.0,0.752,0.718
23,y2,0.606,0.772,0.869,0.828,0.885,0.777,0.882,0.912,0.766,0.778,0.898,0.833,0.914,0.752,1.0,0.681
23,y3,0.959,0.454,0.678,0.597,0.402,0.26,0.52,0.726,0.85,0.798,0.439,0.242,0.454,0.718,0.681,1.0
24,.,1.0,0.257,0.515,0.37,0.147,0.025,0.268,0.567,0.788,0.828,0.225,0.025,0.263,0.624,0.567,0.956
24,A1_1,0.257,1.0,0.934,0.786,0.843,0.796,0.931,0.846,0.735,0.587,0.92,0.821,0.86,0.626,0.752,0.405
24,A1_2,0.515,0.934,1.0,0.88,0.786,0.743,0.928,0.889,0.897,0.723,0.899,0.734,0.84,0.815,0.856,0.642
24,A1_3,0.37,0.786,0.88,1.0,0.754,0.766,0.917,0.794,0.734,0.517,0.853,0.756,0.802,0.833,0.823,0.56
24,B1_1,0.147,0.843,0.786,0.754,1.0,0.896,0.907,0.827,0.499,0.443,0.936,0.935,0.912,0.476,0.858,0.311
24,B1_2,0.025,0.796,0.743,0.766,0.896,1.0,0.896,0.627,0.5,0.367,0.929,0.874,0.939,0.603,0.757,0.191
24,B1_3,0.268,0.931,0.928,0.917,0.907,0.896,1.0,0.857,0.714,0.544,0.962,0.876,0.924,0.746,0.862,0.448
24,A2_1,0.567,0.846,0.889,0.794,0.827,0.627,0.857,1.0,0.766,0.735,0.825,0.772,0.789,0.624,0.903,0.691
24,A2_2,0.788,0.735,0.897,0.734,0.499,0.5,0.714,0.766,1.0,0.861,0.673,0.426,0.658,0.883,0.752,0.843
24,A2_3,0.828,0.587,0.723,0.517,0.443,0.367,0.544,0.735,0.861,1.0,0.571,0.411,0.619,0.708,0.76,0.789
24,B2_1,0.225,0.92,0.899,0.853,0.936,0.929,0.962,0.825,0.673,0.571,1.0,0.935,0.971,0.67,0.878,0.366
24,B2_2,0.025,0.821,0.734,0.756,0.935,0.874,0.876,0.772,0.426,0.411,0.935,1.0,0.918,0.443,0.807,0.165
24,B2_3,0.263,0.86,0.84,0.802,0.912,0.939,0.924,0.789,0.658,0.619,0.971,0.918,1.0,0.684,0.895,0.379
24,y1,0.624,0.626,0.815,0.833,0.476,0.603,0.746,0.624,0.883,0.708,0.67,0.443,0.684,1.0,0.741,0.709
24,y2,0.567,0.752,0.856,0.823,0.858,0.757,0.862,0.903,0.752,0.76,0.878,0.807,0.895,0.741,1.0,0.657
24,y3,0.956,0.405,0.642,0.56,0.311,0.191,0.448,0.691,0.843,0.789,0.366,0.165,0.379,0.709,0.657,1.0
25,.,1.0,0.188,0.459,0.315,0.041,-0.057,0.172,0.516,0.766,0.813,0.13,-0.063,0.166,0.609,0.539,0.954
25,A1_1,0.188,1.0,0.931,0.783,0.834,0.789,0.929,0.845,0.714,0.556,0.915,0.814,0.856,0.594,0.728,0.355
25,A1_2,0.459,0.931,1.0,0.879,0.759,0.724,0.915,0.887,0.887,0.701,0.883,0.714,0.822,0.798,0.841,0.606
25,A1_3,0.315,0.783,0.879,1.0,0.741,0.754,0.911,0.791,0.721,0.494,0.848,0.744,0.794,0.818,0.817,0.523
25,B1_1,0.041,0.834,0.759,0.741,1.0,0.905,0.907,0.8,0.443,0.377,0.938,0.941,0.914,0.422,0.823,0.218
25,B1_2,-0.057,0.789,0.724,0.754,0.905,1.0,0.899,0.611,0.455,0.319,0.933,0.881,0.944,0.552,0.731,0.12
25,B1_3,0.172,0.929,0.915,0.911,0.907,0.899,1.0,0.843,0.672,0.489,0.963,0.878,0.922,0.701,0.836,0.372
25,A2_1,0.516,0.845,0.887,0.791,0.8,0.611,0.843,1.0,0.756,0.714,0.81,0.752,0.77,0.604,0.893,0.655
25,A2_2,0.766,0.714,0.887,0.721,0.443,0.455,0.672,0.756,1.0,0.855,0.628,0.38,0.61,0.879,0.741,0.837
25,A2_3,0.813,0.556,0.701,0.494,0.377,0.319,0.489,0.714,0.855,1.0,0.516,0.357,0.564,0.702,0.748,0.782
25,B2_1,0.13,0.915,0.883,0.848,0.938,0.933,0.963,0.81,0.628,0.516,1.0,0.937,0.972,0.625,0.852,0.292
25,B2_2,-0.063,0.814,0.714,0.744,0.941,0.881,0.878,0.752,0.38,0.357,0.937,1.0,0.923,0.394,0.776,0.09
25,B2_3,0.166,0.856,0.822,0.794,0.914,0.944,0.922,0.77,0.61,0.564,0.972,0.923,1.0,0.636,0.868,0.3
25,y1,0.609,0.594,0.798,0.818,0.422,0.552,0.701,0.604,0.879,0.702,0.625,0.394,0.636,1.0,0.731,0.704
25,y2,0.539,0.728,0.841,0.817,0.823,0.731,0.836,0.893,0.741,0.748,0.852,0.776,0.868,0.731,1.0,0.637
25,y3,0.954,0.355,0.606,0.523,0.218,0.12,0.372,0.655,0.837,0.782,0.292,0.09,0.3,0.704,0.637,1.0
