,,.,A1_1,A1_2,A1_3,B1_1,B1_2,B1_3,A2_1,A2_2,A2_3,B2_1,B2_2,B2_3,y1,y2,y3
0,.,1.0,0.109,0.494,-0.01,0.277,0.24,0.23,0.455,0.037,0.29,0.163,-0.255,-0.279,0.338,-0.334,-0.154
0,A1_1,0.109,1.0,-0.408,0.352,-0.009,0.238,0.048,-0.134,-0.608,-0.074,0.056,-0.543,0.417,0.5,-0.255,0.656
0,A1_2,0.494,-0.408,1.0,-0.043,-0.208,0.253,0.037,0.097,0.644,-0.032,-0.223,0.422,-0.095,-0.237,-0.198,-0.152
0,A1_3,-0.01,0.352,-0.043,1.0,-0.425,0.542,0.244,-0.127,0.054,0.091,0.194,0.006,-0.114,0.416,-0.019,0.354
0,B1_1,0.277,-0.009,-0.208,-0.425,1.0,-0.55,0.481,0.237,-0.356,0.261,0.348,-0.093,0.167,-0.112,0.326,-0.242
0,B1_2,0.24,0.238,0.253,0.542,-0.55,1.0,0.08,-0.177,-0.03,0.072,0.135,-0.033,-0.189,0.215,-0.386,-0.1
0,B1_3,0.23,0.048,0.037,0.244,0.481,0.08,1.0,0.004,-0.107,0.564,0.788,0.182,-0.168,0.053,0.254,-0.207
0,A2_1,0.455,-0.134,0.097,-0.127,0.237,-0.177,0.004,1.0,0.145,0.227,0.302,0.264,-0.391,0.037,0.096,-0.149
0,A2_2,0.037,-0.608,0.644,0.054,-0.356,-0.03,-0.107,0.145,1.0,0.3,-0.217,0.563,-0.191,-0.303,-0.3,-0.142
0,A2_3,0.29,-0.074,-0.032,0.091,0.261,0.072,0.564,0.227,0.3,1.0,0.627,0.083,-0.32,0.119,-0.377,-0.4
0,B2_1,0.163,0.056,-0.223,0.194,0.348,0.135,0.788,0.302,-0.217,0.627,1.0,0.202,-0.353,0.278,0.254,-0.389
0,B2_2,-0.255,-0.543,0.422,0.006,-0.093,-0.033,0.182,0.264,0.563,0.083,0.202,1.0,-0.005,-0.556,0.348,-0.282
0,B2_3,-0.279,0.417,-0.095,-0.114,0.167,-0.189,-0.168,-0.391,-0.191,-0.32,-0.353,-0.005,1.0,-0.068,-0.112,0.495
0,y1,0.338,0.5,-0.237,0.416,-0.112,0.215,0.053,0.037,-0.303,0.119,0.278,-0.556,-0.068,1.0,-0.257,0.287
0,y2,-0.334,-0.255,-0.198,-0.019,0.326,-0.386,0.254,0.096,-0.3,-0.377,0.254,0.348,-0.112,-0.257,1.0,-0.137
0,y3,-0.154,0.656,-0.152,0.354,-0.242,-0.1,-0.207,-0.149,-0.142,-0.4,-0.389,-0.282,0.495,0.287,-0.137,1.0
1,.,1.0,0.111,0.492,-0.008,0.271,0.245,0.227,0.452,0.034,0.289,0.163,-0.261,-0.283,0.343,-0.338,-0.154
1,A1_1,0.111,1.0,-0.408,0.352,-0.009,0.237,0.049,-0.134,-0.608,-0.074,0.056,-0.543,0.417,0.5,-0.255,0.656
1,A1_2,0.492,-0.408,1.0,-0.043,-0.208,0.253,0.038,0.098,0.644,-0.032,-0.223,0.423,-0.095,-0.237,-0.197,-0.151
1,A1_3,-0.008,0.352,-0.043,1.0,-0.424,0.543,0.246,-0.126,0.054,0.091,0.196,0.008,-0.113,0.417,-0.019,0.354
1,B1_1,0.271,-0.009,-0.208,-0.424,1.0,-0.552,0.48,0.236,-0.356,0.261,0.347,-0.094,0.166,-0.112,0.328,-0.241
1,B1_2,0.245,0.237,0.253,0.543,-0.552,1.0,0.079,-0.178,-0.03,0.071,0.134,-0.033,-0.189,0.216,-0.386,-0.099
1,B1_3,0.227,0.049,0.038,0.246,0.48,0.079,1.0,0.004,-0.106,0.565,0.787,0.181,-0.17,0.054,0.255,-0.207
1,A2_1,0.452,-0.134,0.098,-0.126,0.236,-0.178,0.004,1.0,0.146,0.228,0.302,0.264,-0.392,0.035,0.094,-0.15
1,A2_2,0.034,-0.608,0.644,0.054,-0.356,-0.03,-0.106,0.146,1.0,0.301,-0.216,0.565,-0.191,-0.303,-0.299,-0.141
1,A2_3,0.289,-0.074,-0.032,0.091,0.261,0.071,0.565,0.228,0.301,1.0,0.627,0.084,-0.321,0.118,-0.377,-0.399
1,B2_1,0.163,0.056,-0.223,0.196,0.347,0.134,0.787,0.302,-0.216,0.627,1.0,0.201,-0.355,0.277,0.254,-0.39
1,B2_2,-0.261,-0.543,0.423,0.008,-0.094,-0.033,0.181,0.264,0.565,0.084,0.201,1.0,-0.006,-0.557,0.348,-0.283
1,B2_3,-0.283,0.417,-0.095,-0.113,0.166,-0.189,-0.17,-0.392,-0.191,-0.321,-0.355,-0.006,1.0,-0.066,-0.111,0.497
1,y1,0.343,0.5,-0.237,0.417,-0.112,0.216,0.054,0.035,-0.303,0.118,0.277,-0.557,-0.066,1.0,-0.259,0.287
1,y2,-0.338,-0.255,-0.197,-0.019,0.328,-0.386,0.255,0.094,-0.299,-0.377,0.254,0.348,-0.111,-0.259,1.0,-0.138
1,y3,-0.154,0.656,-0.151,0.354,-0.241,-0.099,-0.207,-0.15,-0.141,-0.399,-0.39,-0.283,0.497,0.287,-0.138,1.0
2,.,1.0,0.113,0.489,-0.006,0.267,0.249,0.226,0.449,0.031,0.288,0.163,-0.267,-0.287,0.348,-0.341,-0.153
2,A1_1,0.113,1.0,-0.407,0.352,-0.008,0.237,0.049,-0.134,-0.608,-0.074,0.057,-0.542,0.418,0.5,-0.255,0.656
2,A1_2,0.489,-0.407,1.0,-0.043,-0.208,0.252,0.038,0.099,0.644,-0.031,-0.223,0.424,-0.096,-0.236,-0.196,-0.15
2,A1_3,-0.006,0.352,-0.043,1.0,-0.423,0.543,0.249,-0.126,0.054,0.092,0.198,0.009,-0.112,0.417,-0.02,0.354
2,B1_1,0.267,-0.008,-0.208,-0.423,1.0,-0.553,0.479,0.236,-0.356,0.261,0.346,-0.096,0.164,-0.112,0.329,-0.241
2,B1_2,0.249,0.237,0.252,0.543,-0.553,1.0,0.079,-0.179,-0.03,0.069,0.134,-0.033,-0.189,0.217,-0.386,-0.098
2,B1_3,0.226,0.049,0.038,0.249,0.479,0.079,1.0,0.003,-0.106,0.565,0.787,0.18,-0.173,0.055,0.256,-0.207
2,A2_1,0.449,-0.134,0.099,-0.126,0.236,-0.179,0.003,1.0,0.147,0.229,0.301,0.265,-0.393,0.033,0.092,-0.151
2,A2_2,0.031,-0.608,0.644,0.054,-0.356,-0.03,-0.106,0.147,1.0,0.302,-0.216,0.566,-0.191,-0.303,-0.298,-0.141
2,A2_3,0.288,-0.074,-0.031,0.092,0.261,0.069,0.565,0.229,0.302,1.0,0.627,0.084,-0.322,0.117,-0.376,-0.399
2,B2_1,0.163,0.057,-0.223,0.198,0.346,0.134,0.787,0.301,-0.216,0.627,1.0,0.2,-0.358,0.277,0.254,-0.39
2,B2_2,-0.267,-0.542,0.424,0.009,-0.096,-0.033,0.18,0.265,0.566,0.084,0.2,1.0,-0.008,-0.558,0.349,-0.283
2,B2_3,-0.287,0.418,-0.096,-0.112,0.164,-0.189,-0.173,-0.393,-0.191,-0.322,-0.358,-0.008,1.0,-0.065,-0.11,0.498
2,y1,0.348,0.5,-0.236,0.417,-0.112,0.217,0.055,0.033,-0.303,0.117,0.277,-0.558,-0.065,1.0,-0.261,0.287
2,y2,-0.341,-0.255,-0.196,-0.02,0.329,-0.386,0.256,0.092,-0.298,-0.376,0.254,0.349,-0.11,-0.261,1.0,-0.139
2,y3,-0.153,0.656,-0.15,0.354,-0.241,-0.098,-0.207,-0.151,-0.141,-0.399,-0.39,-0.283,0.498,0.287,-0.139,1.0
3,.,1.0,0.115,0.486,-0.005,0.263,0.252,0.224,0.448,0.028,0.287,0.163,-0.272,-0.29,0.353,-0.343,-0.153
3,A1_1,0.115,1.0,-0.407,0.352,-0.008,0.236,0.05,-0.134,-0.607,-0.074,0.057,-0.542,0.419,0.5,-0.255,0.656
3,A1_2,0.486,-0.407,1.0,-0.043,-0.208,0.252,0.039,0.101,0.644,-0.029,-0.222,0.425,-0.096,-0.236,-0.194,-0.15
3,A1_3,-0.005,0.352,-0.043,1.0,-0.423,0.544,0.251,-0.126,0.054,0.092,0.2,0.01,-0.111,0.417,-0.02,0.353
3,B1_1,0.263,-0.008,-0.208,-0.423,1.0,-0.555,0.478,0.236,-0.356,0.261,0.344,-0.098,0.163,-0.112,0.33,-0.241
3,B1_2,0.252,0.236,0.252,0.544,-0.555,1.0,0.078,-0.179,-0.031,0.068,0.133,-0.033,-0.189,0.217,-0.386,-0.098
3,B1_3,0.224,0.05,0.039,0.251,0.478,0.078,1.0,0.004,-0.105,0.566,0.786,0.178,-0.174,0.055,0.257,-0.206
3,A2_1,0.448,-0.134,0.101,-0.126,0.236,-0.179,0.004,1.0,0.148,0.23,0.301,0.265,-0.393,0.032,0.091,-0.152
3,A2_2,0.028,-0.607,0.644,0.054,-0.356,-0.031,-0.105,0.148,1.0,0.303,-0.215,0.567,-0.192,-0.303,-0.297,-0.141
3,A2_3,0.287,-0.074,-0.029,0.092,0.261,0.068,0.566,0.23,0.303,1.0,0.627,0.085,-0.322,0.117,-0.376,-0.398
3,B2_1,0.163,0.057,-0.222,0.2,0.344,0.133,0.786,0.301,-0.215,0.627,1.0,0.199,-0.36,0.277,0.254,-0.391
3,B2_2,-0.272,-0.542,0.425,0.01,-0.098,-0.033,0.178,0.265,0.567,0.085,0.199,1.0,-0.009,-0.558,0.35,-0.284
3,B2_3,-0.29,0.419,-0.096,-0.111,0.163,-0.189,-0.174,-0.393,-0.192,-0.322,-0.36,-0.009,1.0,-0.064,-0.108,0.499
3,y1,0.353,0.5,-0.236,0.417,-0.112,0.217,0.055,0.032,-0.303,0.117,0.277,-0.558,-0.064,1.0,-0.263,0.287
3,y2,-0.343,-0.255,-0.194,-0.02,0.33,-0.386,0.257,0.091,-0.297,-0.376,0.254,0.35,-0.108,-0.263,1.0,-0.139
3,y3,-0.153,0.656,-0.15,0.353,-0.241,-0.098,-0.206,-0.152,-0.141,-0.398,-0.391,-0.284,0.499,0.287,-0.139,1.0
4,.,1.0,0.117,0.484,-0.003,0.259,0.256,0.223,0.447,0.025,0.287,0.164,-0.277,-0.294,0.358,-0.346,-0.153
4,A1_1,0.117,1.0,-0.406,0.352,-0.007,0.236,0.051,-0.133,-0.606,-0.073,0.058,-0.541,0.419,0.5,-0.254,0.656
4,A1_2,0.484,-0.406,1.0,-0.043,-0.208,0.251,0.04,0.102,0.644,-0.029,-0.222,0.426,-0.097,-0.235,-0.193,-0.149
4,A1_3,-0.003,0.352,-0.043,1.0,-0.422,0.544,0.253,-0.126,0.053,0.092,0.202,0.012,-0.11,0.418,-0.021,0.354
4,B1_1,0.259,-0.007,-0.208,-0.422,1.0,-0.556,0.477,0.236,-0.356,0.261,0.343,-0.099,0.162,-0.112,0.332,-0.241
4,B1_2,0.256,0.236,0.251,0.544,-0.556,1.0,0.077,-0.18,-0.031,0.066,0.133,-0.032,-0.189,0.218,-0.386,-0.098
4,B1_3,0.223,0.051,0.04,0.253,0.477,0.077,1.0,0.004,-0.104,0.566,0.786,0.177,-0.177,0.056,0.26,-0.206
4,A2_1,0.447,-0.133,0.102,-0.126,0.236,-0.18,0.004,1.0,0.15,0.232,0.302,0.266,-0.394,0.031,0.09,-0.153
4,A2_2,0.025,-0.606,0.644,0.053,-0.356,-0.031,-0.104,0.15,1.0,0.304,-0.214,0.568,-0.192,-0.302,-0.297,-0.141
4,A2_3,0.287,-0.073,-0.029,0.092,0.261,0.066,0.566,0.232,0.304,1.0,0.627,0.085,-0.322,0.117,-0.375,-0.398
4,B2_1,0.164,0.058,-0.222,0.202,0.343,0.133,0.786,0.302,-0.214,0.627,1.0,0.198,-0.361,0.277,0.254,-0.392
4,B2_2,-0.277,-0.541,0.426,0.012,-0.099,-0.032,0.177,0.266,0.568,0.085,0.198,1.0,-0.011,-0.559,0.351,-0.284
4,B2_3,-0.294,0.419,-0.097,-0.11,0.162,-0.189,-0.177,-0.394,-0.192,-0.322,-0.361,-0.011,1.0,-0.063,-0.107,0.5
4,y1,0.358,0.5,-0.235,0.418,-0.112,0.218,0.056,0.031,-0.302,0.117,0.277,-0.559,-0.063,1.0,-0.265,0.287
4,y2,-0.346,-0.254,-0.193,-0.021,0.332,-0.386,0.26,0.09,-0.297,-0.375,0.254,0.351,-0.107,-0.265,1.0,-0.139
4,y3,-0.153,0.656,-0.149,0.354,-0.241,-0.098,-0.206,-0.153,-0.141,-0.398,-0.392,-0.284,0.5,0.287,-0.139,1.0
5,.,1.0,0.119,0.481,-0.002,0.255,0.26,0.222,0.445,0.022,0.286,0.165,-0.281,-0.297,0.363,-0.349,-0.152
5,A1_1,0.119,1.0,-0.406,0.352,-0.007,0.236,0.052,-0.133,-0.606,-0.073,0.059,-0.541,0.42,0.5,-0.254,0.656
5,A1_2,0.481,-0.406,1.0,-0.043,-0.208,0.251,0.04,0.103,0.644,-0.027,-0.221,0.426,-0.097,-0.234,-0.192,-0.148
5,A1_3,-0.002,0.352,-0.043,1.0,-0.421,0.544,0.255,-0.126,0.053,0.092,0.204,0.013,-0.11,0.418,-0.022,0.353
5,B1_1,0.255,-0.007,-0.208,-0.421,1.0,-0.557,0.476,0.236,-0.355,0.261,0.342,-0.101,0.161,-0.112,0.333,-0.241
5,B1_2,0.26,0.236,0.251,0.544,-0.557,1.0,0.076,-0.181,-0.031,0.064,0.132,-0.032,-0.19,0.218,-0.386,-0.097
5,B1_3,0.222,0.052,0.04,0.255,0.476,0.076,1.0,0.004,-0.103,0.567,0.785,0.176,-0.179,0.057,0.261,-0.205
5,A2_1,0.445,-0.133,0.103,-0.126,0.236,-0.181,0.004,1.0,0.151,0.233,0.302,0.266,-0.394,0.029,0.088,-0.154
5,A2_2,0.022,-0.606,0.644,0.053,-0.355,-0.031,-0.103,0.151,1.0,0.305,-0.213,0.569,-0.192,-0.303,-0.296,-0.141
5,A2_3,0.286,-0.073,-0.027,0.092,0.261,0.064,0.567,0.233,0.305,1.0,0.627,0.086,-0.323,0.116,-0.375,-0.397
5,B2_1,0.165,0.059,-0.221,0.204,0.342,0.132,0.785,0.302,-0.213,0.627,1.0,0.198,-0.363,0.278,0.254,-0.393
5,B2_2,-0.281,-0.541,0.426,0.013,-0.101,-0.032,0.176,0.266,0.569,0.086,0.198,1.0,-0.012,-0.559,0.352,-0.284
5,B2_3,-0.297,0.42,-0.097,-0.11,0.161,-0.19,-0.179,-0.394,-0.192,-0.323,-0.363,-0.012,1.0,-0.062,-0.105,0.501
5,y1,0.363,0.5,-0.234,0.418,-0.112,0.218,0.057,0.029,-0.303,0.116,0.278,-0.559,-0.062,1.0,-0.267,0.286
5,y2,-0.349,-0.254,-0.192,-0.022,0.333,-0.386,0.261,0.088,-0.296,-0.375,0.254,0.352,-0.105,-0.267,1.0,-0.139
5,y3,-0.152,0.656,-0.148,0.353,-0.241,-0.097,-0.205,-0.154,-0.141,-0.397,-0.393,-0.284,0.501,0.286,-0.139,1.0
6,.,1.0,0.121,0.477,-0.002,0.252,0.263,0.221,0.443,0.019,0.285,0.166,-0.287,-0.3,0.368,-0.353,-0.152
6,A1_1,0.121,1.0,-0.405,0.351,-0.006,0.235,0.053,-0.133,-0.606,-0.073,0.059,-0.54,0.421,0.5,-0.254,0.656
6,A1_2,0.477,-0.405,1.0,-0.044,-0.208,0.25,0.041,0.105,0.645,-0.026,-0.221,0.427,-0.097,-0.234,-0.191,-0.148
6,A1_3,-0.002,0.351,-0.044,1.0,-0.42,0.544,0.257,-0.126,0.053,0.092,0.206,0.014,-0.108,0.418,-0.022,0.353
6,B1_1,0.252,-0.006,-0.208,-0.42,1.0,-0.558,0.475,0.236,-0.355,0.262,0.341,-0.102,0.159,-0.111,0.334,-0.24
6,B1_2,0.263,0.235,0.25,0.544,-0.558,1.0,0.076,-0.181,-0.031,0.063,0.132,-0.032,-0.19,0.218,-0.386,-0.097
6,B1_3,0.221,0.053,0.041,0.257,0.475,0.076,1.0,0.005,-0.102,0.567,0.785,0.175,-0.18,0.058,0.262,-0.205
6,A2_1,0.443,-0.133,0.105,-0.126,0.236,-0.181,0.005,1.0,0.152,0.235,0.302,0.267,-0.395,0.028,0.087,-0.155
6,A2_2,0.019,-0.606,0.645,0.053,-0.355,-0.031,-0.102,0.152,1.0,0.306,-0.212,0.57,-0.192,-0.303,-0.296,-0.14
6,A2_3,0.285,-0.073,-0.026,0.092,0.262,0.063,0.567,0.235,0.306,1.0,0.628,0.087,-0.323,0.115,-0.374,-0.397
6,B2_1,0.166,0.059,-0.221,0.206,0.341,0.132,0.785,0.302,-0.212,0.628,1.0,0.197,-0.365,0.278,0.254,-0.393
6,B2_2,-0.287,-0.54,0.427,0.014,-0.102,-0.032,0.175,0.267,0.57,0.087,0.197,1.0,-0.013,-0.559,0.352,-0.285
6,B2_3,-0.3,0.421,-0.097,-0.108,0.159,-0.19,-0.18,-0.395,-0.192,-0.323,-0.365,-0.013,1.0,-0.061,-0.104,0.502
6,y1,0.368,0.5,-0.234,0.418,-0.111,0.218,0.058,0.028,-0.303,0.115,0.278,-0.559,-0.061,1.0,-0.269,0.286
6,y2,-0.353,-0.254,-0.191,-0.022,0.334,-0.386,0.262,0.087,-0.296,-0.374,0.254,0.352,-0.104,-0.269,1.0,-0.139
6,y3,-0.152,0.656,-0.148,0.353,-0.24,-0.097,-0.205,-0.155,-0.14,-0.397,-0.393,-0.285,0.502,0.286,-0.139,1.0
7,.,1.0,0.122,0.474,-0.001,0.249,0.266,0.22,0.442,0.015,0.285,0.167,-0.291,-0.303,0.372,-0.355,-0.152
7,A1_1,0.122,1.0,-0.405,0.351,-0.005,0.234,0.054,-0.132,-0.605,-0.072,0.06,-0.54,0.421,0.5,-0.254,0.656
7,A1_2,0.474,-0.405,1.0,-0.044,-0.208,0.249,0.041,0.106,0.645,-0.025,-0.22,0.428,-0.098,-0.234,-0.19,-0.147
7,A1_3,-0.001,0.351,-0.044,1.0,-0.419,0.545,0.259,-0.126,0.052,0.092,0.207,0.015,-0.108,0.418,-0.022,0.353
7,B1_1,0.249,-0.005,-0.208,-0.419,1.0,-0.559,0.475,0.236,-0.354,0.262,0.34,-0.103,0.158,-0.111,0.336,-0.24
7,B1_2,0.266,0.234,0.249,0.545,-0.559,1.0,0.075,-0.182,-0.032,0.062,0.132,-0.032,-0.19,0.219,-0.386,-0.097
7,B1_3,0.22,0.054,0.041,0.259,0.475,0.075,1.0,0.006,-0.101,0.568,0.784,0.174,-0.182,0.059,0.263,-0.205
7,A2_1,0.442,-0.132,0.106,-0.126,0.236,-0.182,0.006,1.0,0.153,0.236,0.302,0.267,-0.395,0.027,0.086,-0.156
7,A2_2,0.015,-0.605,0.645,0.052,-0.354,-0.032,-0.101,0.153,1.0,0.306,-0.211,0.571,-0.191,-0.303,-0.295,-0.14
7,A2_3,0.285,-0.072,-0.025,0.092,0.262,0.062,0.568,0.236,0.306,1.0,0.628,0.087,-0.324,0.115,-0.373,-0.397
7,B2_1,0.167,0.06,-0.22,0.207,0.34,0.132,0.784,0.302,-0.211,0.628,1.0,0.196,-0.367,0.278,0.254,-0.394
7,B2_2,-0.291,-0.54,0.428,0.015,-0.103,-0.032,0.174,0.267,0.571,0.087,0.196,1.0,-0.014,-0.559,0.353,-0.284
7,B2_3,-0.303,0.421,-0.098,-0.108,0.158,-0.19,-0.182,-0.395,-0.191,-0.324,-0.367,-0.014,1.0,-0.059,-0.102,0.503
7,y1,0.372,0.5,-0.234,0.418,-0.111,0.219,0.059,0.027,-0.303,0.115,0.278,-0.559,-0.059,1.0,-0.27,0.286
7,y2,-0.355,-0.254,-0.19,-0.022,0.336,-0.386,0.263,0.086,-0.295,-0.373,0.254,0.353,-0.102,-0.27,1.0,-0.139
7,y3,-0.152,0.656,-0.147,0.353,-0.24,-0.097,-0.205,-0.156,-0.14,-0.397,-0.394,-0.284,0.503,0.286,-0.139,1.0
8,.,1.0,0.124,0.471,-0.0,0.245,0.269,0.219,0.441,0.012,0.285,0.168,-0.296,-0.306,0.376,-0.359,-0.151
8,A1_1,0.124,1.0,-0.405,0.351,-0.005,0.233,0.054,-0.131,-0.604,-0.072,0.06,-0.539,0.422,0.501,-0.253,0.657
8,A1_2,0.471,-0.405,1.0,-0.044,-0.208,0.249,0.042,0.107,0.645,-0.024,-0.22,0.429,-0.098,-0.234,-0.189,-0.147
8,A1_3,-0.0,0.351,-0.044,1.0,-0.418,0.545,0.262,-0.125,0.052,0.092,0.209,0.017,-0.107,0.419,-0.023,0.353
8,B1_1,0.245,-0.005,-0.208,-0.418,1.0,-0.559,0.474,0.236,-0.354,0.262,0.339,-0.105,0.157,-0.111,0.337,-0.24
8,B1_2,0.269,0.233,0.249,0.545,-0.559,1.0,0.075,-0.182,-0.032,0.06,0.132,-0.031,-0.19,0.219,-0.386,-0.097
8,B1_3,0.219,0.054,0.042,0.262,0.474,0.075,1.0,0.006,-0.101,0.568,0.784,0.173,-0.184,0.06,0.265,-0.205
8,A2_1,0.441,-0.131,0.107,-0.125,0.236,-0.182,0.006,1.0,0.154,0.237,0.303,0.267,-0.395,0.025,0.084,-0.156
8,A2_2,0.012,-0.604,0.645,0.052,-0.354,-0.032,-0.101,0.154,1.0,0.307,-0.211,0.572,-0.191,-0.303,-0.295,-0.14
8,A2_3,0.285,-0.072,-0.024,0.092,0.262,0.06,0.568,0.237,0.307,1.0,0.628,0.088,-0.324,0.114,-0.373,-0.396
8,B2_1,0.168,0.06,-0.22,0.209,0.339,0.132,0.784,0.303,-0.211,0.628,1.0,0.196,-0.368,0.278,0.255,-0.394
8,B2_2,-0.296,-0.539,0.429,0.017,-0.105,-0.031,0.173,0.267,0.572,0.088,0.196,1.0,-0.016,-0.56,0.354,-0.285
8,B2_3,-0.306,0.422,-0.098,-0.107,0.157,-0.19,-0.184,-0.395,-0.191,-0.324,-0.368,-0.016,1.0,-0.058,-0.1,0.503
8,y1,0.376,0.501,-0.234,0.419,-0.111,0.219,0.06,0.025,-0.303,0.114,0.278,-0.56,-0.058,1.0,-0.272,0.287
8,y2,-0.359,-0.253,-0.189,-0.023,0.337,-0.386,0.265,0.084,-0.295,-0.373,0.255,0.354,-0.1,-0.272,1.0,-0.139
8,y3,-0.151,0.657,-0.147,0.353,-0.24,-0.097,-0.205,-0.156,-0.14,-0.396,-0.394,-0.285,0.503,0.287,-0.139,1.0
9,.,1.0,0.126,0.467,-0.0,0.243,0.272,0.217,0.44,0.009,0.285,0.169,-0.3,-0.308,0.381,-0.362,-0.151
9,A1_1,0.126,1.0,-0.404,0.35,-0.004,0.232,0.055,-0.131,-0.603,-0.071,0.06,-0.539,0.423,0.501,-0.253,0.657
9,A1_2,0.467,-0.404,1.0,-0.044,-0.208,0.248,0.043,0.108,0.645,-0.023,-0.219,0.43,-0.098,-0.234,-0.189,-0.146
9,A1_3,-0.0,0.35,-0.044,1.0,-0.417,0.545,0.264,-0.125,0.052,0.092,0.211,0.018,-0.106,0.419,-0.023,0.353
9,B1_1,0.243,-0.004,-0.208,-0.417,1.0,-0.56,0.473,0.236,-0.353,0.262,0.338,-0.106,0.157,-0.11,0.339,-0.24
9,B1_2,0.272,0.232,0.248,0.545,-0.56,1.0,0.075,-0.183,-0.032,0.059,0.131,-0.031,-0.191,0.219,-0.386,-0.097
9,B1_3,0.217,0.055,0.043,0.264,0.473,0.075,1.0,0.007,-0.099,0.569,0.784,0.172,-0.185,0.061,0.266,-0.204
9,A2_1,0.44,-0.131,0.108,-0.125,0.236,-0.183,0.007,1.0,0.156,0.239,0.303,0.268,-0.396,0.024,0.083,-0.156
9,A2_2,0.009,-0.603,0.645,0.052,-0.353,-0.032,-0.099,0.156,1.0,0.309,-0.209,0.573,-0.191,-0.304,-0.295,-0.14
9,A2_3,0.285,-0.071,-0.023,0.092,0.262,0.059,0.569,0.239,0.309,1.0,0.628,0.089,-0.324,0.114,-0.372,-0.395
9,B2_1,0.169,0.06,-0.219,0.211,0.338,0.131,0.784,0.303,-0.209,0.628,1.0,0.195,-0.37,0.278,0.255,-0.395
9,B2_2,-0.3,-0.539,0.43,0.018,-0.106,-0.031,0.172,0.268,0.573,0.089,0.195,1.0,-0.017,-0.56,0.354,-0.285
9,B2_3,-0.308,0.423,-0.098,-0.106,0.157,-0.191,-0.185,-0.396,-0.191,-0.324,-0.37,-0.017,1.0,-0.057,-0.098,0.504
9,y1,0.381,0.501,-0.234,0.419,-0.11,0.219,0.061,0.024,-0.304,0.114,0.278,-0.56,-0.057,1.0,-0.274,0.287
9,y2,-0.362,-0.253,-0.189,-0.023,0.339,-0.386,0.266,0.083,-0.295,-0.372,0.255,0.354,-0.098,-0.274,1.0,-0.139
9,y3,-0.151,0.657,-0.146,0.353,-0.24,-0.097,-0.204,-0.156,-0.14,-0.395,-0.395,-0.285,0.504,0.287,-0.139,1.0
10,.,1.0,0.128,0.464,-0.001,0.24,0.274,0.217,0.439,0.005,0.285,0.17,-0.305,-0.31,0.385,-0.365,-0.151
10,A1_1,0.128,1.0,-0.403,0.35,-0.004,0.231,0.056,-0.131,-0.602,-0.07,0.061,-0.538,0.423,0.501,-0.253,0.657
10,A1_2,0.464,-0.403,1.0,-0.044,-0.208,0.248,0.043,0.11,0.645,-0.021,-0.219,0.43,-0.098,-0.234,-0.188,-0.146
10,A1_3,-0.001,0.35,-0.044,1.0,-0.416,0.545,0.265,-0.125,0.052,0.093,0.212,0.018,-0.106,0.419,-0.024,0.353
10,B1_1,0.24,-0.004,-0.208,-0.416,1.0,-0.561,0.473,0.236,-0.353,0.262,0.338,-0.107,0.156,-0.11,0.34,-0.239
10,B1_2,0.274,0.231,0.248,0.545,-0.561,1.0,0.074,-0.183,-0.032,0.058,0.131,-0.031,-0.191,0.219,-0.386,-0.098
10,B1_3,0.217,0.056,0.043,0.265,0.473,0.074,1.0,0.008,-0.098,0.569,0.784,0.172,-0.187,0.061,0.267,-0.204
10,A2_1,0.439,-0.131,0.11,-0.125,0.236,-0.183,0.008,1.0,0.157,0.24,0.304,0.269,-0.396,0.023,0.082,-0.157
10,A2_2,0.005,-0.602,0.645,0.052,-0.353,-0.032,-0.098,0.157,1.0,0.31,-0.208,0.574,-0.191,-0.304,-0.294,-0.139
10,A2_3,0.285,-0.07,-0.021,0.093,0.262,0.058,0.569,0.24,0.31,1.0,0.628,0.089,-0.324,0.113,-0.372,-0.394
10,B2_1,0.17,0.061,-0.219,0.212,0.338,0.131,0.784,0.304,-0.208,0.628,1.0,0.195,-0.371,0.278,0.255,-0.395
10,B2_2,-0.305,-0.538,0.43,0.018,-0.107,-0.031,0.172,0.269,0.574,0.089,0.195,1.0,-0.018,-0.56,0.355,-0.285
10,B2_3,-0.31,0.423,-0.098,-0.106,0.156,-0.191,-0.187,-0.396,-0.191,-0.324,-0.371,-0.018,1.0,-0.056,-0.096,0.505
10,y1,0.385,0.501,-0.234,0.419,-0.11,0.219,0.061,0.023,-0.304,0.113,0.278,-0.56,-0.056,1.0,-0.275,0.287
10,y2,-0.365,-0.253,-0.188,-0.024,0.34,-0.386,0.267,0.082,-0.294,-0.372,0.255,0.355,-0.096,-0.275,1.0,-0.139
10,y3,-0.151,0.657,-0.146,0.353,-0.239,-0.098,-0.204,-0.157,-0.139,-0.394,-0.395,-0.285,0.505,0.287,-0.139,1.0
11,.,1.0,0.13,0.461,-0.0,0.238,0.276,0.216,0.438,0.003,0.285,0.172,-0.309,-0.313,0.389,-0.368,-0.15
11,A1_1,0.13,1.0,-0.402,0.35,-0.003,0.23,0.057,-0.13,-0.601,-0.07,0.061,-0.538,0.424,0.501,-0.253,0.657
11,A1_2,0.461,-0.402,1.0,-0.044,-0.207,0.247,0.044,0.111,0.646,-0.02,-0.218,0.431,-0.098,-0.234,-0.188,-0.145
11,A1_3,-0.0,0.35,-0.044,1.0,-0.415,0.545,0.267,-0.125,0.052,0.093,0.214,0.02,-0.105,0.419,-0.025,0.352
11,B1_1,0.238,-0.003,-0.207,-0.415,1.0,-0.561,0.472,0.236,-0.352,0.263,0.337,-0.108,0.155,-0.11,0.341,-0.239
11,B1_2,0.276,0.23,0.247,0.545,-0.561,1.0,0.074,-0.184,-0.033,0.057,0.131,-0.03,-0.191,0.219,-0.387,-0.098
11,B1_3,0.216,0.057,0.044,0.267,0.472,0.074,1.0,0.008,-0.097,0.569,0.783,0.171,-0.188,0.062,0.269,-0.204
11,A2_1,0.438,-0.13,0.111,-0.125,0.236,-0.184,0.008,1.0,0.159,0.241,0.304,0.269,-0.396,0.022,0.081,-0.157
11,A2_2,0.003,-0.601,0.646,0.052,-0.352,-0.033,-0.097,0.159,1.0,0.312,-0.207,0.575,-0.191,-0.304,-0.294,-0.139
11,A2_3,0.285,-0.07,-0.02,0.093,0.263,0.057,0.569,0.241,0.312,1.0,0.628,0.09,-0.324,0.112,-0.371,-0.394
11,B2_1,0.172,0.061,-0.218,0.214,0.337,0.131,0.783,0.304,-0.207,0.628,1.0,0.194,-0.372,0.278,0.256,-0.396
11,B2_2,-0.309,-0.538,0.431,0.02,-0.108,-0.03,0.171,0.269,0.575,0.09,0.194,1.0,-0.019,-0.561,0.356,-0.286
11,B2_3,-0.313,0.424,-0.098,-0.105,0.155,-0.191,-0.188,-0.396,-0.191,-0.324,-0.372,-0.019,1.0,-0.056,-0.094,0.505
11,y1,0.389,0.501,-0.234,0.419,-0.11,0.219,0.062,0.022,-0.304,0.112,0.278,-0.561,-0.056,1.0,-0.277,0.287
11,y2,-0.368,-0.253,-0.188,-0.025,0.341,-0.387,0.269,0.081,-0.294,-0.371,0.256,0.356,-0.094,-0.277,1.0,-0.138
11,y3,-0.15,0.657,-0.145,0.352,-0.239,-0.098,-0.204,-0.157,-0.139,-0.394,-0.396,-0.286,0.505,0.287,-0.138,1.0
12,.,1.0,0.131,0.458,0.0,0.235,0.279,0.215,0.436,-0.0,0.284,0.173,-0.313,-0.315,0.393,-0.371,-0.15
12,A1_1,0.131,1.0,-0.401,0.35,-0.002,0.229,0.057,-0.13,-0.6,-0.069,0.061,-0.537,0.425,0.501,-0.253,0.657
12,A1_2,0.458,-0.401,1.0,-0.044,-0.207,0.247,0.045,0.113,0.646,-0.019,-0.217,0.432,-0.098,-0.233,-0.187,-0.144
12,A1_3,0.0,0.35,-0.044,1.0,-0.414,0.545,0.269,-0.124,0.052,0.093,0.215,0.02,-0.104,0.419,-0.026,0.352
12,B1_1,0.235,-0.002,-0.207,-0.414,1.0,-0.562,0.472,0.236,-0.352,0.263,0.336,-0.109,0.154,-0.109,0.343,-0.239
12,B1_2,0.279,0.229,0.247,0.545,-0.562,1.0,0.074,-0.184,-0.033,0.055,0.131,-0.03,-0.192,0.219,-0.387,-0.098
12,B1_3,0.215,0.057,0.045,0.269,0.472,0.074,1.0,0.009,-0.096,0.57,0.783,0.17,-0.19,0.063,0.271,-0.203
12,A2_1,0.436,-0.13,0.113,-0.124,0.236,-0.184,0.009,1.0,0.16,0.242,0.304,0.27,-0.396,0.021,0.08,-0.157
12,A2_2,-0.0,-0.6,0.646,0.052,-0.352,-0.033,-0.096,0.16,1.0,0.313,-0.206,0.576,-0.19,-0.304,-0.294,-0.138
12,A2_3,0.284,-0.069,-0.019,0.093,0.263,0.055,0.57,0.242,0.313,1.0,0.628,0.09,-0.324,0.112,-0.371,-0.392
12,B2_1,0.173,0.061,-0.217,0.215,0.336,0.131,0.783,0.304,-0.206,0.628,1.0,0.194,-0.374,0.278,0.256,-0.397
12,B2_2,-0.313,-0.537,0.432,0.02,-0.109,-0.03,0.17,0.27,0.576,0.09,0.194,1.0,-0.02,-0.561,0.357,-0.286
12,B2_3,-0.315,0.425,-0.098,-0.104,0.154,-0.192,-0.19,-0.396,-0.19,-0.324,-0.374,-0.02,1.0,-0.055,-0.092,0.506
12,y1,0.393,0.501,-0.233,0.419,-0.109,0.219,0.063,0.021,-0.304,0.112,0.278,-0.561,-0.055,1.0,-0.278,0.287
12,y2,-0.371,-0.253,-0.187,-0.026,0.343,-0.387,0.271,0.08,-0.294,-0.371,0.256,0.357,-0.092,-0.278,1.0,-0.138
12,y3,-0.15,0.657,-0.144,0.352,-0.239,-0.098,-0.203,-0.157,-0.138,-0.392,-0.397,-0.286,0.506,0.287,-0.138,1.0
13,.,1.0,0.133,0.455,0.0,0.232,0.281,0.214,0.435,-0.003,0.284,0.173,-0.317,-0.317,0.397,-0.374,-0.149
13,A1_1,0.133,1.0,-0.401,0.349,-0.002,0.228,0.058,-0.129,-0.599,-0.068,0.062,-0.537,0.425,0.501,-0.252,0.657
13,A1_2,0.455,-0.401,1.0,-0.044,-0.207,0.247,0.045,0.114,0.646,-0.017,-0.217,0.432,-0.099,-0.233,-0.187,-0.143
13,A1_3,0.0,0.349,-0.044,1.0,-0.413,0.545,0.271,-0.124,0.052,0.094,0.217,0.021,-0.103,0.42,-0.026,0.351
13,B1_1,0.232,-0.002,-0.207,-0.413,1.0,-0.563,0.471,0.236,-0.351,0.263,0.335,-0.11,0.154,-0.109,0.344,-0.238
13,B1_2,0.281,0.228,0.247,0.545,-0.563,1.0,0.073,-0.185,-0.034,0.054,0.131,-0.03,-0.192,0.219,-0.387,-0.099
13,B1_3,0.214,0.058,0.045,0.271,0.471,0.073,1.0,0.01,-0.095,0.57,0.783,0.169,-0.191,0.064,0.272,-0.203
13,A2_1,0.435,-0.129,0.114,-0.124,0.236,-0.185,0.01,1.0,0.161,0.243,0.305,0.27,-0.396,0.02,0.079,-0.158
13,A2_2,-0.003,-0.599,0.646,0.052,-0.351,-0.034,-0.095,0.161,1.0,0.314,-0.205,0.577,-0.19,-0.304,-0.294,-0.138
13,A2_3,0.284,-0.068,-0.017,0.094,0.263,0.054,0.57,0.243,0.314,1.0,0.628,0.091,-0.324,0.112,-0.371,-0.391
13,B2_1,0.173,0.062,-0.217,0.217,0.335,0.131,0.783,0.305,-0.205,0.628,1.0,0.194,-0.375,0.278,0.256,-0.397
13,B2_2,-0.317,-0.537,0.432,0.021,-0.11,-0.03,0.169,0.27,0.577,0.091,0.194,1.0,-0.021,-0.561,0.358,-0.286
13,B2_3,-0.317,0.425,-0.099,-0.103,0.154,-0.192,-0.191,-0.396,-0.19,-0.324,-0.375,-0.021,1.0,-0.053,-0.09,0.507
13,y1,0.397,0.501,-0.233,0.42,-0.109,0.219,0.064,0.02,-0.304,0.112,0.278,-0.561,-0.053,1.0,-0.279,0.287
13,y2,-0.374,-0.252,-0.187,-0.026,0.344,-0.387,0.272,0.079,-0.294,-0.371,0.256,0.358,-0.09,-0.279,1.0,-0.137
13,y3,-0.149,0.657,-0.143,0.351,-0.238,-0.099,-0.203,-0.158,-0.138,-0.391,-0.397,-0.286,0.507,0.287,-0.137,1.0
14,.,1.0,0.135,0.451,0.0,0.23,0.283,0.213,0.434,-0.007,0.283,0.174,-0.321,-0.319,0.4,-0.376,-0.149
14,A1_1,0.135,1.0,-0.4,0.35,-0.001,0.227,0.059,-0.128,-0.598,-0.067,0.062,-0.536,0.425,0.501,-0.252,0.657
14,A1_2,0.451,-0.4,1.0,-0.044,-0.207,0.246,0.046,0.115,0.646,-0.016,-0.216,0.433,-0.099,-0.233,-0.187,-0.143
14,A1_3,0.0,0.35,-0.044,1.0,-0.412,0.546,0.273,-0.124,0.051,0.094,0.218,0.022,-0.103,0.42,-0.027,0.351
14,B1_1,0.23,-0.001,-0.207,-0.412,1.0,-0.563,0.471,0.236,-0.35,0.263,0.335,-0.111,0.153,-0.109,0.346,-0.238
14,B1_2,0.283,0.227,0.246,0.546,-0.563,1.0,0.073,-0.185,-0.034,0.053,0.13,-0.029,-0.193,0.22,-0.386,-0.1
14,B1_3,0.213,0.059,0.046,0.273,0.471,0.073,1.0,0.01,-0.094,0.571,0.782,0.169,-0.192,0.065,0.274,-0.203
14,A2_1,0.434,-0.128,0.115,-0.124,0.236,-0.185,0.01,1.0,0.163,0.244,0.305,0.271,-0.396,0.019,0.078,-0.158
14,A2_2,-0.007,-0.598,0.646,0.051,-0.35,-0.034,-0.094,0.163,1.0,0.315,-0.204,0.577,-0.19,-0.304,-0.294,-0.137
14,A2_3,0.283,-0.067,-0.016,0.094,0.263,0.053,0.571,0.244,0.315,1.0,0.628,0.091,-0.324,0.111,-0.371,-0.391
14,B2_1,0.174,0.062,-0.216,0.218,0.335,0.13,0.782,0.305,-0.204,0.628,1.0,0.193,-0.376,0.278,0.256,-0.398
14,B2_2,-0.321,-0.536,0.433,0.022,-0.111,-0.029,0.169,0.271,0.577,0.091,0.193,1.0,-0.022,-0.562,0.358,-0.286
14,B2_3,-0.319,0.425,-0.099,-0.103,0.153,-0.193,-0.192,-0.396,-0.19,-0.324,-0.376,-0.022,1.0,-0.053,-0.088,0.507
14,y1,0.4,0.501,-0.233,0.42,-0.109,0.22,0.065,0.019,-0.304,0.111,0.278,-0.562,-0.053,1.0,-0.281,0.286
14,y2,-0.376,-0.252,-0.187,-0.027,0.346,-0.386,0.274,0.078,-0.294,-0.371,0.256,0.358,-0.088,-0.281,1.0,-0.137
14,y3,-0.149,0.657,-0.143,0.351,-0.238,-0.1,-0.203,-0.158,-0.137,-0.391,-0.398,-0.286,0.507,0.286,-0.137,1.0
15,.,1.0,0.136,0.448,-0.0,0.227,0.285,0.213,0.433,-0.01,0.283,0.176,-0.325,-0.322,0.404,-0.379,-0.149
15,A1_1,0.136,1.0,-0.399,0.35,-0.001,0.226,0.059,-0.127,-0.597,-0.067,0.062,-0.536,0.426,0.501,-0.252,0.657
15,A1_2,0.448,-0.399,1.0,-0.045,-0.206,0.245,0.047,0.117,0.646,-0.014,-0.215,0.434,-0.098,-0.233,-0.187,-0.142
15,A1_3,-0.0,0.35,-0.045,1.0,-0.411,0.546,0.274,-0.123,0.052,0.095,0.22,0.023,-0.102,0.42,-0.028,0.351
15,B1_1,0.227,-0.001,-0.206,-0.411,1.0,-0.564,0.47,0.236,-0.35,0.263,0.334,-0.112,0.153,-0.108,0.347,-0.237
15,B1_2,0.285,0.226,0.245,0.546,-0.564,1.0,0.072,-0.186,-0.034,0.052,0.13,-0.029,-0.193,0.22,-0.386,-0.1
15,B1_3,0.213,0.059,0.047,0.274,0.47,0.072,1.0,0.011,-0.093,0.571,0.782,0.168,-0.193,0.065,0.275,-0.203
15,A2_1,0.433,-0.127,0.117,-0.123,0.236,-0.186,0.011,1.0,0.164,0.246,0.306,0.271,-0.396,0.018,0.076,-0.158
15,A2_2,-0.01,-0.597,0.646,0.052,-0.35,-0.034,-0.093,0.164,1.0,0.317,-0.203,0.578,-0.19,-0.304,-0.295,-0.137
15,A2_3,0.283,-0.067,-0.014,0.095,0.263,0.052,0.571,0.246,0.317,1.0,0.628,0.092,-0.324,0.111,-0.37,-0.39
15,B2_1,0.176,0.062,-0.215,0.22,0.334,0.13,0.782,0.306,-0.203,0.628,1.0,0.193,-0.377,0.278,0.257,-0.398
15,B2_2,-0.325,-0.536,0.434,0.023,-0.112,-0.029,0.168,0.271,0.578,0.092,0.193,1.0,-0.023,-0.562,0.359,-0.287
15,B2_3,-0.322,0.426,-0.098,-0.102,0.153,-0.193,-0.193,-0.396,-0.19,-0.324,-0.377,-0.023,1.0,-0.052,-0.086,0.508
15,y1,0.404,0.501,-0.233,0.42,-0.108,0.22,0.065,0.018,-0.304,0.111,0.278,-0.562,-0.052,1.0,-0.282,0.286
15,y2,-0.379,-0.252,-0.187,-0.028,0.347,-0.386,0.275,0.076,-0.295,-0.37,0.257,0.359,-0.086,-0.282,1.0,-0.137
15,y3,-0.149,0.657,-0.142,0.351,-0.237,-0.1,-0.203,-0.158,-0.137,-0.39,-0.398,-0.287,0.508,0.286,-0.137,1.0
16,.,1.0,0.138,0.444,-0.0,0.225,0.288,0.212,0.432,-0.013,0.283,0.178,-0.329,-0.324,0.407,-0.381,-0.149
16,A1_1,0.138,1.0,-0.398,0.35,-0.0,0.225,0.06,-0.126,-0.596,-0.066,0.063,-0.535,0.426,0.501,-0.251,0.657
16,A1_2,0.444,-0.398,1.0,-0.045,-0.206,0.245,0.047,0.118,0.646,-0.012,-0.214,0.435,-0.099,-0.233,-0.186,-0.142
16,A1_3,-0.0,0.35,-0.045,1.0,-0.41,0.546,0.276,-0.123,0.051,0.095,0.221,0.024,-0.101,0.42,-0.028,0.351
16,B1_1,0.225,-0.0,-0.206,-0.41,1.0,-0.564,0.47,0.236,-0.35,0.263,0.333,-0.113,0.152,-0.108,0.349,-0.237
16,B1_2,0.288,0.225,0.245,0.546,-0.564,1.0,0.072,-0.186,-0.035,0.051,0.13,-0.029,-0.194,0.22,-0.386,-0.1
16,B1_3,0.212,0.06,0.047,0.276,0.47,0.072,1.0,0.012,-0.093,0.572,0.782,0.168,-0.195,0.066,0.277,-0.203
16,A2_1,0.432,-0.126,0.118,-0.123,0.236,-0.186,0.012,1.0,0.165,0.247,0.306,0.272,-0.396,0.017,0.075,-0.158
16,A2_2,-0.013,-0.596,0.646,0.051,-0.35,-0.035,-0.093,0.165,1.0,0.318,-0.202,0.579,-0.19,-0.305,-0.295,-0.136
16,A2_3,0.283,-0.066,-0.012,0.095,0.263,0.051,0.572,0.247,0.318,1.0,0.628,0.093,-0.324,0.11,-0.369,-0.389
16,B2_1,0.178,0.063,-0.214,0.221,0.333,0.13,0.782,0.306,-0.202,0.628,1.0,0.192,-0.378,0.278,0.257,-0.399
16,B2_2,-0.329,-0.535,0.435,0.024,-0.113,-0.029,0.168,0.272,0.579,0.093,0.192,1.0,-0.024,-0.563,0.359,-0.287
16,B2_3,-0.324,0.426,-0.099,-0.101,0.152,-0.194,-0.195,-0.396,-0.19,-0.324,-0.378,-0.024,1.0,-0.051,-0.084,0.508
16,y1,0.407,0.501,-0.233,0.42,-0.108,0.22,0.066,0.017,-0.305,0.11,0.278,-0.563,-0.051,1.0,-0.283,0.286
16,y2,-0.381,-0.251,-0.186,-0.028,0.349,-0.386,0.277,0.075,-0.295,-0.369,0.257,0.359,-0.084,-0.283,1.0,-0.136
16,y3,-0.149,0.657,-0.142,0.351,-0.237,-0.1,-0.203,-0.158,-0.136,-0.389,-0.399,-0.287,0.508,0.286,-0.136,1.0
17,.,1.0,0.139,0.441,0.001,0.222,0.29,0.212,0.432,-0.016,0.283,0.179,-0.332,-0.327,0.411,-0.384,-0.149
17,A1_1,0.139,1.0,-0.397,0.35,0.0,0.225,0.061,-0.126,-0.594,-0.065,0.063,-0.535,0.427,0.501,-0.251,0.657
17,A1_2,0.441,-0.397,1.0,-0.045,-0.206,0.244,0.048,0.119,0.646,-0.011,-0.213,0.435,-0.099,-0.233,-0.186,-0.141
17,A1_3,0.001,0.35,-0.045,1.0,-0.409,0.546,0.277,-0.123,0.051,0.095,0.222,0.025,-0.1,0.42,-0.029,0.351
17,B1_1,0.222,0.0,-0.206,-0.409,1.0,-0.565,0.469,0.236,-0.349,0.263,0.333,-0.113,0.152,-0.107,0.35,-0.237
17,B1_2,0.29,0.225,0.244,0.546,-0.565,1.0,0.072,-0.187,-0.035,0.05,0.13,-0.028,-0.194,0.22,-0.386,-0.101
17,B1_3,0.212,0.061,0.048,0.277,0.469,0.072,1.0,0.013,-0.092,0.572,0.782,0.167,-0.196,0.067,0.279,-0.203
17,A2_1,0.432,-0.126,0.119,-0.123,0.236,-0.187,0.013,1.0,0.166,0.249,0.306,0.272,-0.396,0.016,0.074,-0.159
17,A2_2,-0.016,-0.594,0.646,0.051,-0.349,-0.035,-0.092,0.166,1.0,0.319,-0.201,0.579,-0.19,-0.305,-0.296,-0.136
17,A2_3,0.283,-0.065,-0.011,0.095,0.263,0.05,0.572,0.249,0.319,1.0,0.628,0.094,-0.324,0.11,-0.369,-0.389
17,B2_1,0.179,0.063,-0.213,0.222,0.333,0.13,0.782,0.306,-0.201,0.628,1.0,0.192,-0.379,0.278,0.258,-0.399
17,B2_2,-0.332,-0.535,0.435,0.025,-0.113,-0.028,0.167,0.272,0.579,0.094,0.192,1.0,-0.025,-0.563,0.36,-0.287
17,B2_3,-0.327,0.427,-0.099,-0.1,0.152,-0.194,-0.196,-0.396,-0.19,-0.324,-0.379,-0.025,1.0,-0.05,-0.082,0.508
17,y1,0.411,0.501,-0.233,0.42,-0.107,0.22,0.067,0.016,-0.305,0.11,0.278,-0.563,-0.05,1.0,-0.285,0.286
17,y2,-0.384,-0.251,-0.186,-0.029,0.35,-0.386,0.279,0.074,-0.296,-0.369,0.258,0.36,-0.082,-0.285,1.0,-0.136
17,y3,-0.149,0.657,-0.141,0.351,-0.237,-0.101,-0.203,-0.159,-0.136,-0.389,-0.399,-0.287,0.508,0.286,-0.136,1.0
18,.,1.0,0.14,0.438,0.0,0.219,0.292,0.21,0.43,-0.019,0.282,0.18,-0.336,-0.329,0.415,-0.386,-0.148
18,A1_1,0.14,1.0,-0.396,0.351,0.0,0.224,0.061,-0.125,-0.592,-0.063,0.063,-0.534,0.427,0.5,-0.25,0.657
18,A1_2,0.438,-0.396,1.0,-0.045,-0.206,0.244,0.049,0.121,0.646,-0.009,-0.213,0.436,-0.098,-0.232,-0.187,-0.14
18,A1_3,0.0,0.351,-0.045,1.0,-0.408,0.546,0.279,-0.123,0.051,0.096,0.224,0.025,-0.1,0.421,-0.03,0.351
18,B1_1,0.219,0.0,-0.206,-0.408,1.0,-0.565,0.469,0.236,-0.349,0.263,0.332,-0.114,0.151,-0.107,0.352,-0.237
18,B1_2,0.292,0.224,0.244,0.546,-0.565,1.0,0.071,-0.187,-0.035,0.049,0.13,-0.028,-0.194,0.22,-0.386,-0.101
18,B1_3,0.21,0.061,0.049,0.279,0.469,0.071,1.0,0.013,-0.091,0.572,0.781,0.167,-0.197,0.068,0.28,-0.203
18,A2_1,0.43,-0.125,0.121,-0.123,0.236,-0.187,0.013,1.0,0.167,0.25,0.307,0.273,-0.396,0.015,0.073,-0.159
18,A2_2,-0.019,-0.592,0.646,0.051,-0.349,-0.035,-0.091,0.167,1.0,0.32,-0.2,0.58,-0.189,-0.304,-0.296,-0.135
18,A2_3,0.282,-0.063,-0.009,0.096,0.263,0.049,0.572,0.25,0.32,1.0,0.628,0.094,-0.323,0.11,-0.369,-0.387
18,B2_1,0.18,0.063,-0.213,0.224,0.332,0.13,0.781,0.307,-0.2,0.628,1.0,0.192,-0.38,0.278,0.259,-0.4
18,B2_2,-0.336,-0.534,0.436,0.025,-0.114,-0.028,0.167,0.273,0.58,0.094,0.192,1.0,-0.025,-0.563,0.361,-0.287
18,B2_3,-0.329,0.427,-0.098,-0.1,0.151,-0.194,-0.197,-0.396,-0.189,-0.323,-0.38,-0.025,1.0,-0.05,-0.079,0.509
18,y1,0.415,0.5,-0.232,0.421,-0.107,0.22,0.068,0.015,-0.304,0.11,0.278,-0.563,-0.05,1.0,-0.286,0.286
18,y2,-0.386,-0.25,-0.187,-0.03,0.352,-0.386,0.28,0.073,-0.296,-0.369,0.259,0.361,-0.079,-0.286,1.0,-0.135
18,y3,-0.148,0.657,-0.14,0.351,-0.237,-0.101,-0.203,-0.159,-0.135,-0.387,-0.4,-0.287,0.509,0.286,-0.135,1.0
19,.,1.0,0.142,0.435,-0.0,0.217,0.293,0.21,0.429,-0.022,0.281,0.181,-0.34,-0.331,0.419,-0.389,-0.147
19,A1_1,0.142,1.0,-0.395,0.351,0.001,0.223,0.062,-0.125,-0.591,-0.062,0.064,-0.534,0.427,0.5,-0.25,0.657
19,A1_2,0.435,-0.395,1.0,-0.045,-0.205,0.244,0.05,0.122,0.646,-0.008,-0.212,0.436,-0.098,-0.232,-0.187,-0.139
19,A1_3,-0.0,0.351,-0.045,1.0,-0.407,0.546,0.281,-0.123,0.051,0.096,0.225,0.026,-0.099,0.421,-0.03,0.351
19,B1_1,0.217,0.001,-0.205,-0.407,1.0,-0.566,0.469,0.236,-0.348,0.262,0.332,-0.115,0.151,-0.106,0.353,-0.236
19,B1_2,0.293,0.223,0.244,0.546,-0.566,1.0,0.071,-0.188,-0.035,0.048,0.129,-0.028,-0.195,0.219,-0.386,-0.102
19,B1_3,0.21,0.062,0.05,0.281,0.469,0.071,1.0,0.014,-0.09,0.573,0.781,0.166,-0.198,0.069,0.282,-0.203
19,A2_1,0.429,-0.125,0.122,-0.123,0.236,-0.188,0.014,1.0,0.169,0.251,0.307,0.273,-0.396,0.014,0.072,-0.159
19,A2_2,-0.022,-0.591,0.646,0.051,-0.348,-0.035,-0.09,0.169,1.0,0.322,-0.199,0.58,-0.189,-0.304,-0.297,-0.135
19,A2_3,0.281,-0.062,-0.008,0.096,0.262,0.048,0.573,0.251,0.322,1.0,0.628,0.095,-0.323,0.11,-0.368,-0.387
19,B2_1,0.181,0.064,-0.212,0.225,0.332,0.129,0.781,0.307,-0.199,0.628,1.0,0.192,-0.381,0.278,0.259,-0.401
19,B2_2,-0.34,-0.534,0.436,0.026,-0.115,-0.028,0.166,0.273,0.58,0.095,0.192,1.0,-0.026,-0.563,0.362,-0.288
19,B2_3,-0.331,0.427,-0.098,-0.099,0.151,-0.195,-0.198,-0.396,-0.189,-0.323,-0.381,-0.026,1.0,-0.049,-0.077,0.509
19,y1,0.419,0.5,-0.232,0.421,-0.106,0.219,0.069,0.014,-0.304,0.11,0.278,-0.563,-0.049,1.0,-0.287,0.286
19,y2,-0.389,-0.25,-0.187,-0.03,0.353,-0.386,0.282,0.072,-0.297,-0.368,0.259,0.362,-0.077,-0.287,1.0,-0.134
19,y3,-0.147,0.657,-0.139,0.351,-0.236,-0.102,-0.203,-0.159,-0.135,-0.387,-0.401,-0.288,0.509,0.286,-0.134,1.0
20,.,1.0,0.143,0.432,-0.001,0.214,0.295,0.209,0.427,-0.025,0.281,0.182,-0.344,-0.333,0.421,-0.392,-0.147
20,A1_1,0.143,1.0,-0.394,0.352,0.001,0.222,0.063,-0.124,-0.589,-0.061,0.064,-0.533,0.428,0.5,-0.249,0.658
20,A1_2,0.432,-0.394,1.0,-0.045,-0.205,0.243,0.05,0.124,0.646,-0.007,-0.212,0.437,-0.098,-0.232,-0.186,-0.139
20,A1_3,-0.001,0.352,-0.045,1.0,-0.406,0.546,0.282,-0.122,0.051,0.097,0.226,0.027,-0.098,0.421,-0.031,0.351
20,B1_1,0.214,0.001,-0.205,-0.406,1.0,-0.566,0.468,0.236,-0.348,0.262,0.331,-0.115,0.151,-0.106,0.355,-0.236
20,B1_2,0.295,0.222,0.243,0.546,-0.566,1.0,0.071,-0.188,-0.035,0.047,0.129,-0.027,-0.195,0.219,-0.386,-0.103
20,B1_3,0.209,0.063,0.05,0.282,0.468,0.071,1.0,0.015,-0.089,0.573,0.781,0.166,-0.199,0.069,0.284,-0.203
20,A2_1,0.427,-0.124,0.124,-0.122,0.236,-0.188,0.015,1.0,0.17,0.252,0.308,0.274,-0.396,0.013,0.07,-0.159
20,A2_2,-0.025,-0.589,0.646,0.051,-0.348,-0.035,-0.089,0.17,1.0,0.323,-0.198,0.581,-0.189,-0.305,-0.297,-0.134
20,A2_3,0.281,-0.061,-0.007,0.097,0.262,0.047,0.573,0.252,0.323,1.0,0.628,0.095,-0.323,0.109,-0.368,-0.386
20,B2_1,0.182,0.064,-0.212,0.226,0.331,0.129,0.781,0.308,-0.198,0.628,1.0,0.192,-0.382,0.278,0.26,-0.401
20,B2_2,-0.344,-0.533,0.437,0.027,-0.115,-0.027,0.166,0.274,0.581,0.095,0.192,1.0,-0.027,-0.564,0.363,-0.288
20,B2_3,-0.333,0.428,-0.098,-0.098,0.151,-0.195,-0.199,-0.396,-0.189,-0.323,-0.382,-0.027,1.0,-0.049,-0.075,0.51
20,y1,0.421,0.5,-0.232,0.421,-0.106,0.219,0.069,0.013,-0.305,0.109,0.278,-0.564,-0.049,1.0,-0.288,0.286
20,y2,-0.392,-0.249,-0.186,-0.031,0.355,-0.386,0.284,0.07,-0.297,-0.368,0.26,0.363,-0.075,-0.288,1.0,-0.134
20,y3,-0.147,0.658,-0.139,0.351,-0.236,-0.103,-0.203,-0.159,-0.134,-0.386,-0.401,-0.288,0.51,0.286,-0.134,1.0
21,.,1.0,0.145,0.429,-0.001,0.212,0.297,0.208,0.427,-0.028,0.28,0.183,-0.347,-0.336,0.424,-0.394,-0.147
21,A1_1,0.145,1.0,-0.392,0.352,0.001,0.221,0.063,-0.124,-0.588,-0.06,0.064,-0.533,0.428,0.5,-0.249,0.658
21,A1_2,0.429,-0.392,1.0,-0.045,-0.204,0.242,0.051,0.125,0.647,-0.005,-0.211,0.438,-0.098,-0.232,-0.186,-0.138
21,A1_3,-0.001,0.352,-0.045,1.0,-0.405,0.546,0.284,-0.122,0.052,0.097,0.227,0.027,-0.097,0.421,-0.032,0.351
21,B1_1,0.212,0.001,-0.204,-0.405,1.0,-0.567,0.468,0.236,-0.348,0.262,0.331,-0.116,0.15,-0.106,0.356,-0.235
21,B1_2,0.297,0.221,0.242,0.546,-0.567,1.0,0.07,-0.189,-0.035,0.046,0.129,-0.027,-0.196,0.219,-0.385,-0.103
21,B1_3,0.208,0.063,0.051,0.284,0.468,0.07,1.0,0.016,-0.088,0.573,0.781,0.165,-0.2,0.07,0.286,-0.203
21,A2_1,0.427,-0.124,0.125,-0.122,0.236,-0.189,0.016,1.0,0.171,0.254,0.308,0.274,-0.396,0.012,0.069,-0.16
21,A2_2,-0.028,-0.588,0.647,0.052,-0.348,-0.035,-0.088,0.171,1.0,0.324,-0.197,0.581,-0.188,-0.305,-0.298,-0.134
21,A2_3,0.28,-0.06,-0.005,0.097,0.262,0.046,0.573,0.254,0.324,1.0,0.628,0.096,-0.323,0.108,-0.367,-0.385
21,B2_1,0.183,0.064,-0.211,0.227,0.331,0.129,0.781,0.308,-0.197,0.628,1.0,0.191,-0.383,0.278,0.26,-0.402
21,B2_2,-0.347,-0.533,0.438,0.027,-0.116,-0.027,0.165,0.274,0.581,0.096,0.191,1.0,-0.027,-0.564,0.363,-0.289
21,B2_3,-0.336,0.428,-0.098,-0.097,0.15,-0.196,-0.2,-0.396,-0.188,-0.323,-0.383,-0.027,1.0,-0.048,-0.073,0.51
21,y1,0.424,0.5,-0.232,0.421,-0.106,0.219,0.07,0.012,-0.305,0.108,0.278,-0.564,-0.048,1.0,-0.289,0.286
21,y2,-0.394,-0.249,-0.186,-0.032,0.356,-0.385,0.286,0.069,-0.298,-0.367,0.26,0.363,-0.073,-0.289,1.0,-0.133
21,y3,-0.147,0.658,-0.138,0.351,-0.235,-0.103,-0.203,-0.16,-0.134,-0.385,-0.402,-0.289,0.51,0.286,-0.133,1.0
22,.,1.0,0.145,0.426,-0.001,0.209,0.298,0.207,0.426,-0.03,0.28,0.185,-0.35,-0.338,0.427,-0.396,-0.148
22,A1_1,0.145,1.0,-0.391,0.352,0.002,0.22,0.064,-0.123,-0.586,-0.059,0.065,-0.532,0.428,0.5,-0.248,0.658
22,A1_2,0.426,-0.391,1.0,-0.045,-0.204,0.242,0.052,0.126,0.647,-0.003,-0.21,0.438,-0.098,-0.232,-0.187,-0.138
22,A1_3,-0.001,0.352,-0.045,1.0,-0.404,0.546,0.285,-0.121,0.052,0.097,0.228,0.028,-0.097,0.421,-0.032,0.351
22,B1_1,0.209,0.002,-0.204,-0.404,1.0,-0.567,0.468,0.236,-0.347,0.262,0.33,-0.116,0.15,-0.105,0.358,-0.235
22,B1_2,0.298,0.22,0.242,0.546,-0.567,1.0,0.07,-0.189,-0.035,0.045,0.129,-0.026,-0.196,0.219,-0.385,-0.104
22,B1_3,0.207,0.064,0.052,0.285,0.468,0.07,1.0,0.016,-0.087,0.573,0.781,0.165,-0.201,0.07,0.288,-0.203
22,A2_1,0.426,-0.123,0.126,-0.121,0.236,-0.189,0.016,1.0,0.172,0.255,0.309,0.275,-0.396,0.011,0.068,-0.16
22,A2_2,-0.03,-0.586,0.647,0.052,-0.347,-0.035,-0.087,0.172,1.0,0.326,-0.196,0.582,-0.189,-0.305,-0.298,-0.133
22,A2_3,0.28,-0.059,-0.003,0.097,0.262,0.045,0.573,0.255,0.326,1.0,0.628,0.096,-0.323,0.108,-0.367,-0.384
22,B2_1,0.185,0.065,-0.21,0.228,0.33,0.129,0.781,0.309,-0.196,0.628,1.0,0.191,-0.384,0.278,0.261,-0.402
22,B2_2,-0.35,-0.532,0.438,0.028,-0.116,-0.026,0.165,0.275,0.582,0.096,0.191,1.0,-0.028,-0.565,0.364,-0.289
22,B2_3,-0.338,0.428,-0.098,-0.097,0.15,-0.196,-0.201,-0.396,-0.189,-0.323,-0.384,-0.028,1.0,-0.048,-0.07,0.51
22,y1,0.427,0.5,-0.232,0.421,-0.105,0.219,0.07,0.011,-0.305,0.108,0.278,-0.565,-0.048,1.0,-0.29,0.286
22,y2,-0.396,-0.248,-0.187,-0.032,0.358,-0.385,0.288,0.068,-0.298,-0.367,0.261,0.364,-0.07,-0.29,1.0,-0.132
22,y3,-0.148,0.658,-0.138,0.351,-0.235,-0.104,-0.203,-0.16,-0.133,-0.384,-0.402,-0.289,0.51,0.286,-0.132,1.0
23,.,1.0,0.146,0.423,-0.001,0.206,0.3,0.206,0.425,-0.033,0.28,0.185,-0.353,-0.34,0.43,-0.399,-0.147
23,A1_1,0.146,1.0,-0.39,0.353,0.002,0.22,0.064,-0.123,-0.585,-0.058,0.065,-0.531,0.428,0.5,-0.247,0.658
23,A1_2,0.423,-0.39,1.0,-0.045,-0.204,0.242,0.052,0.128,0.647,-0.002,-0.21,0.439,-0.097,-0.232,-0.187,-0.137
23,A1_3,-0.001,0.353,-0.045,1.0,-0.403,0.546,0.286,-0.121,0.052,0.098,0.229,0.029,-0.096,0.422,-0.033,0.351
23,B1_1,0.206,0.002,-0.204,-0.403,1.0,-0.568,0.467,0.236,-0.347,0.262,0.33,-0.117,0.15,-0.105,0.359,-0.235
23,B1_2,0.3,0.22,0.242,0.546,-0.568,1.0,0.069,-0.189,-0.036,0.044,0.128,-0.026,-0.197,0.218,-0.385,-0.104
23,B1_3,0.206,0.064,0.052,0.286,0.467,0.069,1.0,0.017,-0.086,0.574,0.78,0.165,-0.203,0.071,0.29,-0.203
