,,.,A1_1,A1_2,A1_3,B1_1,B1_2,B1_3,A2_1,A2_2,A2_3,B2_1,B2_2,B2_3,y1,y2,y3
0,.,1.0,0.74,0.836,0.683,0.914,0.825,0.88,0.878,0.805,0.821,0.85,0.785,0.84,0.779,0.793,0.806
0,A1_1,0.74,1.0,0.849,0.918,0.663,0.793,0.743,0.836,0.857,0.891,0.676,0.6,0.783,0.706,0.633,0.803
0,A1_2,0.836,0.849,1.0,0.826,0.83,0.802,0.859,0.912,0.962,0.943,0.757,0.758,0.784,0.552,0.634,0.658
0,A1_3,0.683,0.918,0.826,1.0,0.629,0.862,0.782,0.762,0.833,0.879,0.728,0.672,0.769,0.736,0.69,0.848
0,B1_1,0.914,0.663,0.83,0.629,1.0,0.773,0.946,0.849,0.79,0.82,0.915,0.907,0.873,0.628,0.85,0.714
0,B1_2,0.825,0.793,0.802,0.862,0.773,1.0,0.873,0.73,0.798,0.829,0.849,0.826,0.897,0.815,0.813,0.868
0,B1_3,0.88,0.743,0.859,0.782,0.946,0.873,1.0,0.824,0.833,0.907,0.98,0.95,0.881,0.733,0.901,0.8
0,A2_1,0.878,0.836,0.912,0.762,0.849,0.73,0.824,1.0,0.917,0.891,0.771,0.741,0.797,0.566,0.665,0.701
0,A2_2,0.805,0.857,0.962,0.833,0.79,0.798,0.833,0.917,1.0,0.962,0.756,0.785,0.836,0.576,0.639,0.705
0,A2_3,0.821,0.891,0.943,0.879,0.82,0.829,0.907,0.891,0.962,1.0,0.85,0.832,0.839,0.691,0.749,0.77
0,B2_1,0.85,0.676,0.757,0.728,0.915,0.849,0.98,0.771,0.756,0.85,1.0,0.955,0.867,0.757,0.923,0.815
0,B2_2,0.785,0.6,0.758,0.672,0.907,0.826,0.95,0.741,0.785,0.832,0.955,1.0,0.891,0.648,0.901,0.73
0,B2_3,0.84,0.783,0.784,0.769,0.873,0.897,0.881,0.797,0.836,0.839,0.867,0.891,1.0,0.755,0.854,0.868
0,y1,0.779,0.706,0.552,0.736,0.628,0.815,0.733,0.566,0.576,0.691,0.757,0.648,0.755,1.0,0.826,0.928
0,y2,0.793,0.633,0.634,0.69,0.85,0.813,0.901,0.665,0.639,0.749,0.923,0.901,0.854,0.826,1.0,0.845
0,y3,0.806,0.803,0.658,0.848,0.714,0.868,0.8,0.701,0.705,0.77,0.815,0.73,0.868,0.928,0.845,1.0
1,.,1.0,0.732,0.819,0.671,0.899,0.82,0.874,0.866,0.797,0.807,0.84,0.772,0.837,0.783,0.777,0.806
1,A1_1,0.732,1.0,0.845,0.915,0.633,0.778,0.721,0.834,0.853,0.891,0.653,0.577,0.779,0.709,0.613,0.799
1,A1_2,0.819,0.845,1.0,0.825,0.807,0.794,0.847,0.904,0.962,0.939,0.739,0.747,0.777,0.548,0.608,0.644
1,A1_3,0.671,0.915,0.825,1.0,0.598,0.852,0.762,0.76,0.836,0.883,0.707,0.655,0.763,0.731,0.67,0.836
1,B1_1,0.899,0.633,0.807,0.598,1.0,0.748,0.943,0.828,0.77,0.793,0.907,0.902,0.859,0.607,0.832,0.694
1,B1_2,0.82,0.778,0.794,0.852,0.748,1.0,0.862,0.716,0.796,0.822,0.838,0.815,0.884,0.804,0.786,0.858
1,B1_3,0.874,0.721,0.847,0.762,0.943,0.862,1.0,0.809,0.826,0.894,0.978,0.95,0.873,0.721,0.889,0.787
1,A2_1,0.866,0.834,0.904,0.76,0.828,0.716,0.809,1.0,0.911,0.88,0.751,0.722,0.797,0.562,0.638,0.693
1,A2_2,0.797,0.853,0.962,0.836,0.77,0.796,0.826,0.911,1.0,0.961,0.743,0.778,0.839,0.583,0.622,0.703
1,A2_3,0.807,0.891,0.939,0.883,0.793,0.822,0.894,0.88,0.961,1.0,0.833,0.819,0.838,0.697,0.734,0.769
1,B2_1,0.84,0.653,0.739,0.707,0.907,0.838,0.978,0.751,0.743,0.833,1.0,0.951,0.855,0.741,0.909,0.802
1,B2_2,0.772,0.577,0.747,0.655,0.902,0.815,0.95,0.722,0.778,0.819,0.951,1.0,0.88,0.63,0.886,0.715
1,B2_3,0.837,0.779,0.777,0.763,0.859,0.884,0.873,0.797,0.839,0.838,0.855,0.88,1.0,0.752,0.835,0.871
1,y1,0.783,0.709,0.548,0.731,0.607,0.804,0.721,0.562,0.583,0.697,0.741,0.63,0.752,1.0,0.819,0.93
1,y2,0.777,0.613,0.608,0.67,0.832,0.786,0.889,0.638,0.622,0.734,0.909,0.886,0.835,0.819,1.0,0.836
1,y3,0.806,0.799,0.644,0.836,0.694,0.858,0.787,0.693,0.703,0.769,0.802,0.715,0.871,0.93,0.836,1.0
2,.,1.0,0.724,0.804,0.662,0.883,0.815,0.868,0.854,0.789,0.793,0.831,0.759,0.835,0.789,0.764,0.806
2,A1_1,0.724,1.0,0.837,0.911,0.607,0.763,0.7,0.831,0.846,0.888,0.633,0.555,0.777,0.716,0.597,0.804
2,A1_2,0.804,0.837,1.0,0.825,0.785,0.786,0.837,0.897,0.963,0.934,0.723,0.738,0.772,0.549,0.586,0.637
2,A1_3,0.662,0.911,0.825,1.0,0.572,0.843,0.745,0.76,0.84,0.887,0.693,0.643,0.759,0.732,0.655,0.831
2,B1_1,0.883,0.607,0.785,0.572,1.0,0.725,0.94,0.809,0.752,0.768,0.899,0.898,0.849,0.592,0.819,0.677
2,B1_2,0.815,0.763,0.786,0.843,0.725,1.0,0.855,0.703,0.794,0.816,0.832,0.805,0.873,0.795,0.763,0.85
2,B1_3,0.868,0.7,0.837,0.745,0.94,0.855,1.0,0.795,0.819,0.881,0.976,0.951,0.867,0.712,0.879,0.777
2,A2_1,0.854,0.831,0.897,0.76,0.809,0.703,0.795,1.0,0.905,0.871,0.733,0.705,0.798,0.565,0.618,0.69
2,A2_2,0.789,0.846,0.963,0.84,0.752,0.794,0.819,0.905,1.0,0.959,0.732,0.771,0.841,0.593,0.608,0.706
2,A2_3,0.793,0.888,0.934,0.887,0.768,0.816,0.881,0.871,0.959,1.0,0.819,0.807,0.839,0.708,0.723,0.774
2,B2_1,0.831,0.633,0.723,0.693,0.899,0.832,0.976,0.733,0.732,0.819,1.0,0.947,0.844,0.729,0.896,0.792
2,B2_2,0.759,0.555,0.738,0.643,0.898,0.805,0.951,0.705,0.771,0.807,0.947,1.0,0.871,0.616,0.871,0.701
2,B2_3,0.835,0.777,0.772,0.759,0.849,0.873,0.867,0.798,0.841,0.839,0.844,0.871,1.0,0.752,0.819,0.875
2,y1,0.789,0.716,0.549,0.732,0.592,0.795,0.712,0.565,0.593,0.708,0.729,0.616,0.752,1.0,0.814,0.929
2,y2,0.764,0.597,0.586,0.655,0.819,0.763,0.879,0.618,0.608,0.723,0.896,0.871,0.819,0.814,1.0,0.826
2,y3,0.806,0.804,0.637,0.831,0.677,0.85,0.777,0.69,0.706,0.774,0.792,0.701,0.875,0.929,0.826,1.0
3,.,1.0,0.716,0.793,0.656,0.873,0.812,0.865,0.843,0.782,0.784,0.826,0.75,0.831,0.793,0.754,0.804
3,A1_1,0.716,1.0,0.83,0.909,0.588,0.753,0.686,0.829,0.84,0.887,0.619,0.537,0.775,0.721,0.583,0.808
3,A1_2,0.793,0.83,1.0,0.825,0.769,0.78,0.829,0.893,0.964,0.931,0.714,0.729,0.768,0.552,0.57,0.634
3,A1_3,0.656,0.909,0.825,1.0,0.556,0.836,0.735,0.761,0.842,0.891,0.686,0.634,0.757,0.732,0.643,0.829
3,B1_1,0.873,0.588,0.769,0.556,1.0,0.711,0.938,0.794,0.739,0.749,0.894,0.895,0.841,0.583,0.812,0.666
3,B1_2,0.812,0.753,0.78,0.836,0.711,1.0,0.851,0.693,0.79,0.811,0.831,0.799,0.865,0.789,0.744,0.844
3,B1_3,0.865,0.686,0.829,0.735,0.938,0.851,1.0,0.785,0.814,0.87,0.975,0.95,0.864,0.707,0.872,0.771
3,A2_1,0.843,0.829,0.893,0.761,0.794,0.693,0.785,1.0,0.901,0.866,0.72,0.69,0.797,0.565,0.6,0.686
3,A2_2,0.782,0.84,0.964,0.842,0.739,0.79,0.814,0.901,1.0,0.958,0.724,0.763,0.84,0.598,0.594,0.707
3,A2_3,0.784,0.887,0.931,0.891,0.749,0.811,0.87,0.866,0.958,1.0,0.808,0.795,0.838,0.716,0.712,0.778
3,B2_1,0.826,0.619,0.714,0.686,0.894,0.831,0.975,0.72,0.724,0.808,1.0,0.944,0.839,0.722,0.887,0.785
3,B2_2,0.75,0.537,0.729,0.634,0.895,0.799,0.95,0.69,0.763,0.795,0.944,1.0,0.864,0.605,0.861,0.691
3,B2_3,0.831,0.775,0.768,0.757,0.841,0.865,0.864,0.797,0.84,0.838,0.839,0.864,1.0,0.75,0.804,0.877
3,y1,0.793,0.721,0.552,0.732,0.583,0.789,0.707,0.565,0.598,0.716,0.722,0.605,0.75,1.0,0.808,0.928
3,y2,0.754,0.583,0.57,0.643,0.812,0.744,0.872,0.6,0.594,0.712,0.887,0.861,0.804,0.808,1.0,0.815
3,y3,0.804,0.808,0.634,0.829,0.666,0.844,0.771,0.686,0.707,0.778,0.785,0.691,0.877,0.928,0.815,1.0
4,.,1.0,0.706,0.783,0.65,0.861,0.811,0.863,0.83,0.772,0.774,0.823,0.739,0.826,0.796,0.744,0.8
4,A1_1,0.706,1.0,0.825,0.906,0.567,0.744,0.67,0.826,0.834,0.885,0.608,0.517,0.77,0.726,0.567,0.814
4,A1_2,0.783,0.825,1.0,0.829,0.749,0.778,0.821,0.89,0.966,0.929,0.707,0.72,0.763,0.558,0.553,0.636
4,A1_3,0.65,0.906,0.829,1.0,0.541,0.831,0.726,0.764,0.845,0.896,0.682,0.627,0.756,0.734,0.631,0.831
4,B1_1,0.861,0.567,0.749,0.541,1.0,0.697,0.937,0.777,0.723,0.729,0.89,0.893,0.835,0.573,0.805,0.655
4,B1_2,0.811,0.744,0.778,0.831,0.697,1.0,0.848,0.685,0.788,0.809,0.831,0.793,0.858,0.784,0.727,0.841
4,B1_3,0.863,0.67,0.821,0.726,0.937,0.848,1.0,0.773,0.807,0.857,0.975,0.949,0.861,0.702,0.865,0.766
4,A2_1,0.83,0.826,0.89,0.764,0.777,0.685,0.773,1.0,0.896,0.86,0.706,0.673,0.793,0.566,0.58,0.682
4,A2_2,0.772,0.834,0.966,0.845,0.723,0.788,0.807,0.896,1.0,0.957,0.717,0.753,0.838,0.605,0.577,0.71
4,A2_3,0.774,0.885,0.929,0.896,0.729,0.809,0.857,0.86,0.957,1.0,0.798,0.782,0.836,0.725,0.699,0.786
4,B2_1,0.823,0.608,0.707,0.682,0.89,0.831,0.975,0.706,0.717,0.798,1.0,0.941,0.834,0.716,0.879,0.779
4,B2_2,0.739,0.517,0.72,0.627,0.893,0.793,0.949,0.673,0.753,0.782,0.941,1.0,0.859,0.595,0.85,0.682
4,B2_3,0.826,0.77,0.763,0.756,0.835,0.858,0.861,0.793,0.838,0.836,0.834,0.859,1.0,0.747,0.789,0.878
4,y1,0.796,0.726,0.558,0.734,0.573,0.784,0.702,0.566,0.605,0.725,0.716,0.595,0.747,1.0,0.802,0.926
4,y2,0.744,0.567,0.553,0.631,0.805,0.727,0.865,0.58,0.577,0.699,0.879,0.85,0.789,0.802,1.0,0.803
4,y3,0.8,0.814,0.636,0.831,0.655,0.841,0.766,0.682,0.71,0.786,0.779,0.682,0.878,0.926,0.803,1.0
5,.,1.0,0.696,0.774,0.644,0.85,0.811,0.862,0.816,0.764,0.766,0.822,0.727,0.819,0.798,0.736,0.793
5,A1_1,0.696,1.0,0.818,0.903,0.549,0.736,0.655,0.822,0.826,0.882,0.597,0.496,0.765,0.729,0.551,0.821
5,A1_2,0.774,0.818,1.0,0.833,0.735,0.778,0.817,0.888,0.967,0.928,0.706,0.713,0.761,0.562,0.539,0.638
5,A1_3,0.644,0.903,0.833,1.0,0.53,0.827,0.72,0.768,0.848,0.9,0.68,0.62,0.754,0.732,0.618,0.831
5,B1_1,0.85,0.549,0.735,0.53,1.0,0.687,0.936,0.761,0.709,0.712,0.888,0.891,0.831,0.566,0.8,0.644
5,B1_2,0.811,0.736,0.778,0.827,0.687,1.0,0.847,0.677,0.786,0.808,0.833,0.786,0.852,0.777,0.711,0.836
5,B1_3,0.862,0.655,0.817,0.72,0.936,0.847,1.0,0.763,0.802,0.847,0.976,0.947,0.86,0.698,0.857,0.759
5,A2_1,0.816,0.822,0.888,0.768,0.761,0.677,0.763,1.0,0.891,0.855,0.693,0.655,0.789,0.564,0.56,0.674
5,A2_2,0.764,0.826,0.967,0.848,0.709,0.786,0.802,0.891,1.0,0.956,0.712,0.744,0.836,0.608,0.56,0.711
5,A2_3,0.766,0.882,0.928,0.9,0.712,0.808,0.847,0.855,0.956,1.0,0.792,0.768,0.836,0.732,0.686,0.792
5,B2_1,0.822,0.597,0.706,0.68,0.888,0.833,0.976,0.693,0.712,0.792,1.0,0.939,0.833,0.71,0.872,0.772
5,B2_2,0.727,0.496,0.713,0.62,0.891,0.786,0.947,0.655,0.744,0.768,0.939,1.0,0.853,0.584,0.838,0.669
5,B2_3,0.819,0.765,0.761,0.754,0.831,0.852,0.86,0.789,0.836,0.836,0.833,0.853,1.0,0.742,0.774,0.878
5,y1,0.798,0.729,0.562,0.732,0.566,0.777,0.698,0.564,0.608,0.732,0.71,0.584,0.742,1.0,0.796,0.923
5,y2,0.736,0.551,0.539,0.618,0.8,0.711,0.857,0.56,0.56,0.686,0.872,0.838,0.774,0.796,1.0,0.788
5,y3,0.793,0.821,0.638,0.831,0.644,0.836,0.759,0.674,0.711,0.792,0.772,0.669,0.878,0.923,0.788,1.0
6,.,1.0,0.691,0.769,0.642,0.843,0.813,0.862,0.806,0.758,0.761,0.821,0.719,0.814,0.801,0.728,0.791
6,A1_1,0.691,1.0,0.816,0.902,0.539,0.733,0.648,0.821,0.823,0.882,0.593,0.483,0.763,0.732,0.539,0.826
6,A1_2,0.769,0.816,1.0,0.837,0.725,0.779,0.814,0.888,0.968,0.927,0.704,0.706,0.761,0.566,0.528,0.643
6,A1_3,0.642,0.902,0.837,1.0,0.524,0.824,0.716,0.773,0.851,0.904,0.679,0.615,0.754,0.732,0.607,0.832
6,B1_1,0.843,0.539,0.725,0.524,1.0,0.682,0.936,0.75,0.702,0.701,0.887,0.89,0.829,0.561,0.796,0.64
6,B1_2,0.813,0.733,0.779,0.824,0.682,1.0,0.846,0.675,0.787,0.809,0.835,0.781,0.849,0.773,0.698,0.835
6,B1_3,0.862,0.648,0.814,0.716,0.936,0.846,1.0,0.758,0.8,0.841,0.976,0.945,0.86,0.695,0.85,0.757
6,A2_1,0.806,0.821,0.888,0.773,0.75,0.675,0.758,1.0,0.888,0.853,0.687,0.644,0.787,0.563,0.544,0.671
6,A2_2,0.758,0.823,0.968,0.851,0.702,0.787,0.8,0.888,1.0,0.956,0.712,0.739,0.836,0.612,0.549,0.715
6,A2_3,0.761,0.882,0.927,0.904,0.701,0.809,0.841,0.853,0.956,1.0,0.788,0.758,0.837,0.737,0.674,0.798
6,B2_1,0.821,0.593,0.704,0.679,0.887,0.835,0.976,0.687,0.712,0.788,1.0,0.937,0.833,0.707,0.866,0.769
6,B2_2,0.719,0.483,0.706,0.615,0.89,0.781,0.945,0.644,0.739,0.758,0.937,1.0,0.851,0.576,0.829,0.663
6,B2_3,0.814,0.763,0.761,0.754,0.829,0.849,0.86,0.787,0.836,0.837,0.833,0.851,1.0,0.739,0.761,0.878
6,y1,0.801,0.732,0.566,0.732,0.561,0.773,0.695,0.563,0.612,0.737,0.707,0.576,0.739,1.0,0.79,0.921
6,y2,0.728,0.539,0.528,0.607,0.796,0.698,0.85,0.544,0.549,0.674,0.866,0.829,0.761,0.79,1.0,0.777
6,y3,0.791,0.826,0.643,0.832,0.64,0.835,0.757,0.671,0.715,0.798,0.769,0.663,0.878,0.921,0.777,1.0
7,.,1.0,0.687,0.763,0.64,0.835,0.816,0.862,0.794,0.752,0.756,0.822,0.71,0.808,0.803,0.722,0.788
7,A1_1,0.687,1.0,0.816,0.9,0.528,0.732,0.64,0.821,0.822,0.883,0.588,0.471,0.759,0.735,0.527,0.831
7,A1_2,0.763,0.816,1.0,0.844,0.714,0.784,0.812,0.887,0.969,0.928,0.705,0.701,0.762,0.573,0.518,0.652
7,A1_3,0.64,0.9,0.844,1.0,0.519,0.822,0.713,0.78,0.857,0.909,0.68,0.613,0.754,0.732,0.597,0.835
7,B1_1,0.835,0.528,0.714,0.519,1.0,0.678,0.936,0.739,0.694,0.69,0.886,0.888,0.827,0.556,0.791,0.636
7,B1_2,0.816,0.732,0.784,0.822,0.678,1.0,0.846,0.674,0.791,0.812,0.837,0.777,0.846,0.772,0.687,0.835
7,B1_3,0.862,0.64,0.812,0.713,0.936,0.846,1.0,0.753,0.799,0.834,0.976,0.942,0.859,0.692,0.843,0.756
7,A2_1,0.794,0.821,0.887,0.78,0.739,0.674,0.753,1.0,0.885,0.851,0.681,0.634,0.785,0.564,0.529,0.671
7,A2_2,0.752,0.822,0.969,0.857,0.694,0.791,0.799,0.885,1.0,0.957,0.713,0.734,0.837,0.62,0.54,0.724
7,A2_3,0.756,0.883,0.928,0.909,0.69,0.812,0.834,0.851,0.957,1.0,0.785,0.749,0.837,0.744,0.664,0.807
7,B2_1,0.822,0.588,0.705,0.68,0.886,0.837,0.976,0.681,0.713,0.785,1.0,0.935,0.834,0.705,0.86,0.768
7,B2_2,0.71,0.471,0.701,0.613,0.888,0.777,0.942,0.634,0.734,0.749,0.935,1.0,0.849,0.569,0.82,0.658
7,B2_3,0.808,0.759,0.762,0.754,0.827,0.846,0.859,0.785,0.837,0.837,0.834,0.849,1.0,0.736,0.75,0.879
7,y1,0.803,0.735,0.573,0.732,0.556,0.772,0.692,0.564,0.62,0.744,0.705,0.569,0.736,1.0,0.785,0.919
7,y2,0.722,0.527,0.518,0.597,0.791,0.687,0.843,0.529,0.54,0.664,0.86,0.82,0.75,0.785,1.0,0.767
7,y3,0.788,0.831,0.652,0.835,0.636,0.835,0.756,0.671,0.724,0.807,0.768,0.658,0.879,0.919,0.767,1.0
8,.,1.0,0.684,0.759,0.641,0.831,0.818,0.864,0.784,0.747,0.752,0.825,0.705,0.802,0.805,0.718,0.785
8,A1_1,0.684,1.0,0.82,0.901,0.525,0.735,0.639,0.823,0.824,0.885,0.593,0.469,0.759,0.74,0.518,0.838
8,A1_2,0.759,0.82,1.0,0.853,0.706,0.79,0.81,0.888,0.97,0.929,0.71,0.699,0.763,0.583,0.513,0.666
8,A1_3,0.641,0.901,0.853,1.0,0.521,0.824,0.716,0.787,0.865,0.915,0.687,0.617,0.759,0.735,0.59,0.841
8,B1_1,0.831,0.525,0.706,0.521,1.0,0.677,0.935,0.732,0.69,0.682,0.886,0.888,0.827,0.557,0.791,0.637
8,B1_2,0.818,0.735,0.79,0.824,0.677,1.0,0.848,0.676,0.796,0.817,0.841,0.777,0.847,0.773,0.68,0.839
8,B1_3,0.864,0.639,0.81,0.716,0.935,0.848,1.0,0.75,0.8,0.829,0.977,0.941,0.861,0.694,0.841,0.76
8,A2_1,0.784,0.823,0.888,0.787,0.732,0.676,0.75,1.0,0.883,0.85,0.681,0.629,0.783,0.567,0.517,0.674
8,A2_2,0.747,0.824,0.97,0.865,0.69,0.796,0.8,0.883,1.0,0.958,0.719,0.735,0.839,0.629,0.535,0.735
8,A2_3,0.752,0.885,0.929,0.915,0.682,0.817,0.829,0.85,0.958,1.0,0.786,0.744,0.839,0.752,0.656,0.818
8,B2_1,0.825,0.593,0.71,0.687,0.886,0.841,0.977,0.681,0.719,0.786,1.0,0.933,0.837,0.708,0.858,0.773
8,B2_2,0.705,0.469,0.699,0.617,0.888,0.777,0.941,0.629,0.735,0.744,0.933,1.0,0.851,0.568,0.815,0.662
8,B2_3,0.802,0.759,0.763,0.759,0.827,0.847,0.861,0.783,0.839,0.839,0.837,0.851,1.0,0.735,0.742,0.881
8,y1,0.805,0.74,0.583,0.735,0.557,0.773,0.694,0.567,0.629,0.752,0.708,0.568,0.735,1.0,0.782,0.917
8,y2,0.718,0.518,0.513,0.59,0.791,0.68,0.841,0.517,0.535,0.656,0.858,0.815,0.742,0.782,1.0,0.758
8,y3,0.785,0.838,0.666,0.841,0.637,0.839,0.76,0.674,0.735,0.818,0.773,0.662,0.881,0.917,0.758,1.0
9,.,1.0,0.68,0.755,0.64,0.828,0.822,0.865,0.774,0.742,0.748,0.828,0.701,0.796,0.807,0.715,0.781
9,A1_1,0.68,1.0,0.82,0.9,0.523,0.735,0.637,0.822,0.823,0.885,0.594,0.464,0.758,0.743,0.511,0.844
9,A1_2,0.755,0.82,1.0,0.859,0.702,0.795,0.81,0.887,0.971,0.929,0.714,0.698,0.765,0.59,0.509,0.675
9,A1_3,0.64,0.9,0.859,1.0,0.524,0.824,0.717,0.793,0.87,0.919,0.691,0.619,0.761,0.736,0.584,0.844
9,B1_1,0.828,0.523,0.702,0.524,1.0,0.68,0.936,0.727,0.689,0.678,0.887,0.888,0.829,0.559,0.793,0.639
9,B1_2,0.822,0.735,0.795,0.824,0.68,1.0,0.851,0.677,0.801,0.822,0.845,0.778,0.848,0.772,0.675,0.84
9,B1_3,0.865,0.637,0.81,0.717,0.936,0.851,1.0,0.748,0.801,0.827,0.977,0.939,0.863,0.695,0.838,0.761
9,A2_1,0.774,0.822,0.887,0.793,0.727,0.677,0.748,1.0,0.881,0.849,0.68,0.623,0.781,0.569,0.507,0.673
9,A2_2,0.742,0.823,0.971,0.87,0.689,0.801,0.801,0.881,1.0,0.958,0.723,0.735,0.841,0.635,0.531,0.742
9,A2_3,0.748,0.885,0.929,0.919,0.678,0.822,0.827,0.849,0.958,1.0,0.788,0.74,0.84,0.757,0.649,0.825
9,B2_1,0.828,0.594,0.714,0.691,0.887,0.845,0.977,0.68,0.723,0.788,1.0,0.932,0.84,0.709,0.857,0.773
9,B2_2,0.701,0.464,0.698,0.619,0.888,0.778,0.939,0.623,0.735,0.74,0.932,1.0,0.851,0.565,0.81,0.661
9,B2_3,0.796,0.758,0.765,0.761,0.829,0.848,0.863,0.781,0.841,0.84,0.84,0.851,1.0,0.733,0.735,0.881
9,y1,0.807,0.743,0.59,0.736,0.559,0.772,0.695,0.569,0.635,0.757,0.709,0.565,0.733,1.0,0.777,0.915
9,y2,0.715,0.511,0.509,0.584,0.793,0.675,0.838,0.507,0.531,0.649,0.857,0.81,0.735,0.777,1.0,0.75
9,y3,0.781,0.844,0.675,0.844,0.639,0.84,0.761,0.673,0.742,0.825,0.773,0.661,0.881,0.915,0.75,1.0
10,.,1.0,0.678,0.751,0.64,0.826,0.824,0.867,0.766,0.738,0.745,0.831,0.699,0.79,0.807,0.712,0.778
10,A1_1,0.678,1.0,0.823,0.901,0.526,0.737,0.64,0.825,0.825,0.888,0.599,0.467,0.759,0.746,0.506,0.85
10,A1_2,0.751,0.823,1.0,0.865,0.7,0.798,0.81,0.888,0.972,0.931,0.717,0.698,0.768,0.597,0.506,0.686
10,A1_3,0.64,0.901,0.865,1.0,0.53,0.824,0.721,0.799,0.875,0.923,0.696,0.623,0.765,0.738,0.58,0.849
10,B1_1,0.826,0.526,0.7,0.53,1.0,0.684,0.936,0.724,0.691,0.677,0.888,0.888,0.831,0.562,0.795,0.644
10,B1_2,0.824,0.737,0.798,0.824,0.684,1.0,0.855,0.679,0.805,0.825,0.849,0.78,0.849,0.773,0.67,0.843
10,B1_3,0.867,0.64,0.81,0.721,0.936,0.855,1.0,0.747,0.804,0.826,0.978,0.939,0.865,0.698,0.837,0.766
10,A2_1,0.766,0.825,0.888,0.799,0.724,0.679,0.747,1.0,0.88,0.85,0.681,0.621,0.78,0.572,0.499,0.678
10,A2_2,0.738,0.825,0.972,0.875,0.691,0.805,0.804,0.88,1.0,0.959,0.729,0.738,0.844,0.641,0.529,0.751
10,A2_3,0.745,0.888,0.931,0.923,0.677,0.825,0.826,0.85,0.959,1.0,0.79,0.739,0.842,0.761,0.644,0.833
10,B2_1,0.831,0.599,0.717,0.696,0.888,0.849,0.978,0.681,0.729,0.79,1.0,0.932,0.843,0.713,0.857,0.778
10,B2_2,0.699,0.467,0.698,0.623,0.888,0.78,0.939,0.621,0.738,0.739,0.932,1.0,0.854,0.566,0.808,0.665
10,B2_3,0.79,0.759,0.768,0.765,0.831,0.849,0.865,0.78,0.844,0.842,0.843,0.854,1.0,0.732,0.729,0.882
10,y1,0.807,0.746,0.597,0.738,0.562,0.773,0.698,0.572,0.641,0.761,0.713,0.566,0.732,1.0,0.773,0.913
10,y2,0.712,0.506,0.506,0.58,0.795,0.67,0.837,0.499,0.529,0.644,0.857,0.808,0.729,0.773,1.0,0.743
10,y3,0.778,0.85,0.686,0.849,0.644,0.843,0.766,0.678,0.751,0.833,0.778,0.665,0.882,0.913,0.743,1.0
11,.,1.0,0.674,0.748,0.64,0.823,0.825,0.867,0.758,0.733,0.741,0.834,0.696,0.783,0.808,0.71,0.775
11,A1_1,0.674,1.0,0.827,0.902,0.528,0.739,0.641,0.827,0.827,0.889,0.604,0.468,0.759,0.748,0.502,0.855
11,A1_2,0.748,0.827,1.0,0.872,0.697,0.804,0.811,0.888,0.973,0.933,0.722,0.699,0.772,0.606,0.506,0.699
11,A1_3,0.64,0.902,0.872,1.0,0.537,0.827,0.726,0.805,0.881,0.927,0.704,0.629,0.77,0.741,0.577,0.855
11,B1_1,0.823,0.528,0.697,0.537,1.0,0.687,0.937,0.722,0.692,0.677,0.888,0.888,0.833,0.565,0.797,0.648
11,B1_2,0.825,0.739,0.804,0.827,0.687,1.0,0.858,0.681,0.809,0.83,0.852,0.783,0.85,0.774,0.668,0.845
11,B1_3,0.867,0.641,0.811,0.726,0.937,0.858,1.0,0.746,0.806,0.826,0.978,0.939,0.868,0.7,0.837,0.771
11,A2_1,0.758,0.827,0.888,0.805,0.722,0.681,0.746,1.0,0.879,0.85,0.683,0.62,0.779,0.576,0.493,0.682
11,A2_2,0.733,0.827,0.973,0.881,0.692,0.809,0.806,0.879,1.0,0.96,0.734,0.741,0.846,0.648,0.528,0.76
11,A2_3,0.741,0.889,0.933,0.927,0.677,0.83,0.826,0.85,0.96,1.0,0.793,0.739,0.845,0.766,0.641,0.841
11,B2_1,0.834,0.604,0.722,0.704,0.888,0.852,0.978,0.683,0.734,0.793,1.0,0.931,0.846,0.716,0.857,0.782
11,B2_2,0.696,0.468,0.699,0.629,0.888,0.783,0.939,0.62,0.741,0.739,0.931,1.0,0.856,0.566,0.805,0.669
11,B2_3,0.783,0.759,0.772,0.77,0.833,0.85,0.868,0.779,0.846,0.845,0.846,0.856,1.0,0.731,0.724,0.883
11,y1,0.808,0.748,0.606,0.741,0.565,0.774,0.7,0.576,0.648,0.766,0.716,0.566,0.731,1.0,0.769,0.911
11,y2,0.71,0.502,0.506,0.577,0.797,0.668,0.837,0.493,0.528,0.641,0.857,0.805,0.724,0.769,1.0,0.736
11,y3,0.775,0.855,0.699,0.855,0.648,0.845,0.771,0.682,0.76,0.841,0.782,0.669,0.883,0.911,0.736,1.0
12,.,1.0,0.674,0.744,0.64,0.821,0.826,0.867,0.75,0.73,0.739,0.833,0.692,0.776,0.81,0.706,0.775
12,A1_1,0.674,1.0,0.833,0.902,0.53,0.741,0.644,0.832,0.83,0.892,0.606,0.472,0.757,0.75,0.498,0.855
12,A1_2,0.744,0.833,1.0,0.877,0.695,0.805,0.809,0.891,0.975,0.935,0.72,0.698,0.773,0.613,0.501,0.708
12,A1_3,0.64,0.902,0.877,1.0,0.541,0.827,0.73,0.811,0.885,0.929,0.707,0.634,0.772,0.743,0.574,0.859
12,B1_1,0.821,0.53,0.695,0.541,1.0,0.69,0.937,0.72,0.696,0.678,0.889,0.889,0.837,0.566,0.795,0.654
12,B1_2,0.826,0.741,0.805,0.827,0.69,1.0,0.86,0.683,0.812,0.831,0.854,0.783,0.85,0.777,0.663,0.85
12,B1_3,0.867,0.644,0.809,0.73,0.937,0.86,1.0,0.747,0.811,0.827,0.978,0.939,0.871,0.703,0.834,0.777
12,A2_1,0.75,0.832,0.891,0.811,0.72,0.683,0.747,1.0,0.88,0.852,0.682,0.621,0.778,0.578,0.486,0.685
12,A2_2,0.73,0.83,0.975,0.885,0.696,0.812,0.811,0.88,1.0,0.962,0.738,0.745,0.848,0.654,0.527,0.767
12,A2_3,0.739,0.892,0.935,0.929,0.678,0.831,0.827,0.852,0.962,1.0,0.794,0.74,0.846,0.769,0.636,0.847
12,B2_1,0.833,0.606,0.72,0.707,0.889,0.854,0.978,0.682,0.738,0.794,1.0,0.931,0.849,0.718,0.853,0.787
12,B2_2,0.692,0.472,0.698,0.634,0.889,0.783,0.939,0.621,0.745,0.74,0.931,1.0,0.861,0.567,0.8,0.675
12,B2_3,0.776,0.757,0.773,0.772,0.837,0.85,0.871,0.778,0.848,0.846,0.849,0.861,1.0,0.73,0.718,0.883
12,y1,0.81,0.75,0.613,0.743,0.566,0.777,0.703,0.578,0.654,0.769,0.718,0.567,0.73,1.0,0.766,0.912
12,y2,0.706,0.498,0.501,0.574,0.795,0.663,0.834,0.486,0.527,0.636,0.853,0.8,0.718,0.766,1.0,0.733
12,y3,0.775,0.855,0.708,0.859,0.654,0.85,0.777,0.685,0.767,0.847,0.787,0.675,0.883,0.912,0.733,1.0
13,.,1.0,0.674,0.743,0.643,0.817,0.83,0.867,0.744,0.728,0.738,0.835,0.69,0.771,0.813,0.705,0.775
13,A1_1,0.674,1.0,0.838,0.903,0.535,0.744,0.648,0.835,0.832,0.894,0.613,0.478,0.759,0.754,0.495,0.862
13,A1_2,0.743,0.838,1.0,0.884,0.696,0.812,0.812,0.891,0.976,0.937,0.727,0.704,0.779,0.623,0.503,0.723
13,A1_3,0.643,0.903,0.884,1.0,0.55,0.83,0.736,0.818,0.891,0.934,0.715,0.643,0.778,0.746,0.572,0.865
13,B1_1,0.817,0.535,0.696,0.55,1.0,0.695,0.937,0.721,0.7,0.68,0.89,0.89,0.841,0.571,0.796,0.66
13,B1_2,0.83,0.744,0.812,0.83,0.695,1.0,0.863,0.688,0.818,0.836,0.857,0.787,0.852,0.779,0.661,0.853
13,B1_3,0.867,0.648,0.812,0.736,0.937,0.863,1.0,0.749,0.816,0.828,0.978,0.939,0.874,0.705,0.833,0.783
13,A2_1,0.744,0.835,0.891,0.818,0.721,0.688,0.749,1.0,0.879,0.854,0.686,0.625,0.781,0.584,0.483,0.693
13,A2_2,0.728,0.832,0.976,0.891,0.7,0.818,0.816,0.879,1.0,0.963,0.745,0.751,0.851,0.662,0.529,0.777
13,A2_3,0.738,0.894,0.937,0.934,0.68,0.836,0.828,0.854,0.963,1.0,0.798,0.744,0.849,0.775,0.635,0.855
13,B2_1,0.835,0.613,0.727,0.715,0.89,0.857,0.978,0.686,0.745,0.798,1.0,0.931,0.852,0.721,0.853,0.792
13,B2_2,0.69,0.478,0.704,0.643,0.89,0.787,0.939,0.625,0.751,0.744,0.931,1.0,0.865,0.569,0.798,0.681
13,B2_3,0.771,0.759,0.779,0.778,0.841,0.852,0.874,0.781,0.851,0.849,0.852,0.865,1.0,0.73,0.715,0.884
13,y1,0.813,0.754,0.623,0.746,0.571,0.779,0.705,0.584,0.662,0.775,0.721,0.569,0.73,1.0,0.764,0.909
13,y2,0.705,0.495,0.503,0.572,0.796,0.661,0.833,0.483,0.529,0.635,0.853,0.798,0.715,0.764,1.0,0.727
13,y3,0.775,0.862,0.723,0.865,0.66,0.853,0.783,0.693,0.777,0.855,0.792,0.681,0.884,0.909,0.727,1.0
14,.,1.0,0.67,0.738,0.642,0.813,0.83,0.865,0.734,0.723,0.735,0.835,0.685,0.763,0.814,0.702,0.773
14,A1_1,0.67,1.0,0.84,0.902,0.536,0.744,0.648,0.837,0.832,0.894,0.615,0.476,0.756,0.753,0.488,0.863
14,A1_2,0.738,0.84,1.0,0.889,0.695,0.815,0.813,0.892,0.977,0.939,0.73,0.704,0.782,0.628,0.499,0.73
14,A1_3,0.642,0.902,0.889,1.0,0.556,0.831,0.74,0.822,0.894,0.936,0.72,0.646,0.78,0.746,0.568,0.867
14,B1_1,0.813,0.536,0.695,0.556,1.0,0.698,0.938,0.717,0.703,0.682,0.89,0.89,0.845,0.572,0.794,0.663
14,B1_2,0.83,0.744,0.815,0.831,0.698,1.0,0.865,0.687,0.82,0.839,0.86,0.787,0.851,0.778,0.657,0.853
14,B1_3,0.865,0.648,0.813,0.74,0.938,0.865,1.0,0.746,0.818,0.829,0.978,0.939,0.877,0.706,0.83,0.785
14,A2_1,0.734,0.837,0.892,0.822,0.717,0.687,0.746,1.0,0.878,0.853,0.684,0.62,0.777,0.583,0.472,0.692
14,A2_2,0.723,0.832,0.977,0.894,0.703,0.82,0.818,0.878,1.0,0.963,0.749,0.754,0.853,0.664,0.525,0.781
14,A2_3,0.735,0.894,0.939,0.936,0.682,0.839,0.829,0.853,0.963,1.0,0.801,0.744,0.851,0.776,0.63,0.859
14,B2_1,0.835,0.615,0.73,0.72,0.89,0.86,0.978,0.684,0.749,0.801,1.0,0.93,0.855,0.723,0.85,0.794
14,B2_2,0.685,0.476,0.704,0.646,0.89,0.787,0.939,0.62,0.754,0.744,0.93,1.0,0.867,0.567,0.792,0.68
14,B2_3,0.763,0.756,0.782,0.78,0.845,0.851,0.877,0.777,0.853,0.851,0.855,0.867,1.0,0.726,0.708,0.882
14,y1,0.814,0.753,0.628,0.746,0.572,0.778,0.706,0.583,0.664,0.776,0.723,0.567,0.726,1.0,0.761,0.907
14,y2,0.702,0.488,0.499,0.568,0.794,0.657,0.83,0.472,0.525,0.63,0.85,0.792,0.708,0.761,1.0,0.719
14,y3,0.773,0.863,0.73,0.867,0.663,0.853,0.785,0.692,0.781,0.859,0.794,0.68,0.882,0.907,0.719,1.0
15,.,1.0,0.668,0.734,0.641,0.809,0.83,0.863,0.725,0.717,0.731,0.835,0.681,0.754,0.816,0.7,0.773
15,A1_1,0.668,1.0,0.845,0.903,0.541,0.746,0.654,0.84,0.834,0.896,0.621,0.483,0.757,0.755,0.485,0.866
15,A1_2,0.734,0.845,1.0,0.894,0.697,0.82,0.816,0.894,0.978,0.941,0.733,0.709,0.787,0.635,0.497,0.743
15,A1_3,0.641,0.903,0.894,1.0,0.565,0.834,0.747,0.827,0.898,0.938,0.727,0.655,0.784,0.747,0.567,0.871
15,B1_1,0.809,0.541,0.697,0.565,1.0,0.703,0.938,0.718,0.709,0.687,0.891,0.892,0.85,0.577,0.792,0.671
15,B1_2,0.83,0.746,0.82,0.834,0.703,1.0,0.869,0.691,0.824,0.843,0.863,0.79,0.851,0.779,0.654,0.856
15,B1_3,0.863,0.654,0.816,0.747,0.938,0.869,1.0,0.749,0.824,0.833,0.978,0.939,0.881,0.71,0.827,0.792
15,A2_1,0.725,0.84,0.894,0.827,0.718,0.691,0.749,1.0,0.879,0.855,0.687,0.624,0.778,0.586,0.467,0.698
15,A2_2,0.717,0.834,0.978,0.898,0.709,0.824,0.824,0.879,1.0,0.964,0.756,0.76,0.857,0.668,0.524,0.789
15,A2_3,0.731,0.896,0.941,0.938,0.687,0.843,0.833,0.855,0.964,1.0,0.806,0.749,0.855,0.779,0.627,0.865
15,B2_1,0.835,0.621,0.733,0.727,0.891,0.863,0.978,0.687,0.756,0.806,1.0,0.93,0.858,0.727,0.849,0.8
15,B2_2,0.681,0.483,0.709,0.655,0.892,0.79,0.939,0.624,0.76,0.749,0.93,1.0,0.872,0.569,0.786,0.686
15,B2_3,0.754,0.757,0.787,0.784,0.85,0.851,0.881,0.778,0.857,0.855,0.858,0.872,1.0,0.724,0.701,0.881
15,y1,0.816,0.755,0.635,0.747,0.577,0.779,0.71,0.586,0.668,0.779,0.727,0.569,0.724,1.0,0.758,0.907
15,y2,0.7,0.485,0.497,0.567,0.792,0.654,0.827,0.467,0.524,0.627,0.849,0.786,0.701,0.758,1.0,0.715
15,y3,0.773,0.866,0.743,0.871,0.671,0.856,0.792,0.698,0.789,0.865,0.8,0.686,0.881,0.907,0.715,1.0
16,.,1.0,0.664,0.729,0.639,0.806,0.829,0.861,0.718,0.712,0.728,0.835,0.678,0.746,0.818,0.698,0.772
16,A1_1,0.664,1.0,0.848,0.904,0.545,0.747,0.658,0.843,0.835,0.897,0.625,0.488,0.756,0.755,0.483,0.867
16,A1_2,0.729,0.848,1.0,0.897,0.698,0.821,0.817,0.895,0.979,0.942,0.735,0.711,0.79,0.639,0.496,0.749
16,A1_3,0.639,0.904,0.897,1.0,0.572,0.835,0.753,0.83,0.899,0.939,0.732,0.661,0.786,0.748,0.566,0.873
16,B1_1,0.806,0.545,0.698,0.572,1.0,0.707,0.938,0.72,0.714,0.692,0.892,0.893,0.855,0.58,0.79,0.677
16,B1_2,0.829,0.747,0.821,0.835,0.707,1.0,0.873,0.692,0.825,0.845,0.865,0.793,0.852,0.781,0.651,0.858
16,B1_3,0.861,0.658,0.817,0.753,0.938,0.873,1.0,0.751,0.828,0.837,0.979,0.94,0.885,0.714,0.824,0.798
16,A2_1,0.718,0.843,0.895,0.83,0.72,0.692,0.751,1.0,0.879,0.857,0.69,0.627,0.778,0.587,0.463,0.7
16,A2_2,0.712,0.835,0.979,0.899,0.714,0.825,0.828,0.879,1.0,0.965,0.76,0.765,0.858,0.67,0.522,0.792
16,A2_3,0.728,0.897,0.942,0.939,0.692,0.845,0.837,0.857,0.965,1.0,0.81,0.754,0.857,0.78,0.625,0.868
16,B2_1,0.835,0.625,0.735,0.732,0.892,0.865,0.979,0.69,0.76,0.81,1.0,0.931,0.862,0.731,0.846,0.805
16,B2_2,0.678,0.488,0.711,0.661,0.893,0.793,0.94,0.627,0.765,0.754,0.931,1.0,0.876,0.57,0.781,0.69
16,B2_3,0.746,0.756,0.79,0.786,0.855,0.852,0.885,0.778,0.858,0.857,0.862,0.876,1.0,0.722,0.695,0.879
16,y1,0.818,0.755,0.639,0.748,0.58,0.781,0.714,0.587,0.67,0.78,0.731,0.57,0.722,1.0,0.756,0.907
16,y2,0.698,0.483,0.496,0.566,0.79,0.651,0.824,0.463,0.522,0.625,0.846,0.781,0.695,0.756,1.0,0.712
16,y3,0.772,0.867,0.749,0.873,0.677,0.858,0.798,0.7,0.792,0.868,0.805,0.69,0.879,0.907,0.712,1.0
17,.,1.0,0.664,0.726,0.641,0.801,0.832,0.86,0.712,0.708,0.727,0.836,0.675,0.74,0.821,0.698,0.774
17,A1_1,0.664,1.0,0.853,0.905,0.551,0.751,0.664,0.847,0.838,0.899,0.632,0.497,0.757,0.758,0.481,0.871
17,A1_2,0.726,0.853,1.0,0.903,0.701,0.828,0.822,0.897,0.98,0.944,0.742,0.719,0.796,0.648,0.497,0.762
17,A1_3,0.641,0.905,0.903,1.0,0.581,0.838,0.761,0.836,0.904,0.942,0.74,0.672,0.792,0.75,0.566,0.878
17,B1_1,0.801,0.551,0.701,0.581,1.0,0.712,0.938,0.722,0.72,0.697,0.892,0.895,0.86,0.585,0.789,0.684
17,B1_2,0.832,0.751,0.828,0.838,0.712,1.0,0.876,0.698,0.83,0.85,0.868,0.797,0.853,0.783,0.651,0.861
17,B1_3,0.86,0.664,0.822,0.761,0.938,0.876,1.0,0.755,0.834,0.841,0.979,0.941,0.888,0.717,0.822,0.804
17,A2_1,0.712,0.847,0.897,0.836,0.722,0.698,0.755,1.0,0.88,0.859,0.695,0.635,0.782,0.593,0.461,0.709
17,A2_2,0.708,0.838,0.98,0.904,0.72,0.83,0.834,0.88,1.0,0.966,0.768,0.773,0.862,0.676,0.524,0.8
17,A2_3,0.727,0.899,0.944,0.942,0.697,0.85,0.841,0.859,0.966,1.0,0.815,0.76,0.862,0.784,0.624,0.875
17,B2_1,0.836,0.632,0.742,0.74,0.892,0.868,0.979,0.695,0.768,0.815,1.0,0.931,0.865,0.735,0.846,0.81
17,B2_2,0.675,0.497,0.719,0.672,0.895,0.797,0.941,0.635,0.773,0.76,0.931,1.0,0.881,0.574,0.778,0.695
17,B2_3,0.74,0.757,0.796,0.792,0.86,0.853,0.888,0.782,0.862,0.862,0.865,0.881,1.0,0.721,0.691,0.878
17,y1,0.821,0.758,0.648,0.75,0.585,0.783,0.717,0.593,0.676,0.784,0.735,0.574,0.721,1.0,0.755,0.906
17,y2,0.698,0.481,0.497,0.566,0.789,0.651,0.822,0.461,0.524,0.624,0.846,0.778,0.691,0.755,1.0,0.708
17,y3,0.774,0.871,0.762,0.878,0.684,0.861,0.804,0.709,0.8,0.875,0.81,0.695,0.878,0.906,0.708,1.0
18,.,1.0,0.665,0.724,0.644,0.797,0.833,0.858,0.708,0.706,0.725,0.835,0.673,0.734,0.824,0.697,0.777
18,A1_1,0.665,1.0,0.857,0.906,0.558,0.755,0.671,0.852,0.841,0.901,0.64,0.508,0.761,0.761,0.482,0.876
18,A1_2,0.724,0.857,1.0,0.908,0.705,0.832,0.826,0.898,0.982,0.946,0.747,0.726,0.803,0.656,0.501,0.774
18,A1_3,0.644,0.906,0.908,1.0,0.592,0.842,0.769,0.842,0.908,0.945,0.748,0.682,0.798,0.754,0.568,0.884
18,B1_1,0.797,0.558,0.705,0.592,1.0,0.717,0.938,0.727,0.725,0.702,0.893,0.896,0.865,0.59,0.79,0.691
18,B1_2,0.833,0.755,0.832,0.842,0.717,1.0,0.88,0.703,0.834,0.853,0.871,0.802,0.854,0.786,0.652,0.864
18,B1_3,0.858,0.671,0.826,0.769,0.938,0.88,1.0,0.76,0.839,0.846,0.979,0.942,0.892,0.721,0.821,0.811
18,A2_1,0.708,0.852,0.898,0.842,0.727,0.703,0.76,1.0,0.882,0.863,0.702,0.643,0.787,0.601,0.462,0.721
18,A2_2,0.706,0.841,0.982,0.908,0.725,0.834,0.839,0.882,1.0,0.967,0.773,0.78,0.865,0.682,0.527,0.809
18,A2_3,0.725,0.901,0.946,0.945,0.702,0.853,0.846,0.863,0.967,1.0,0.82,0.767,0.865,0.788,0.625,0.881
18,B2_1,0.835,0.64,0.747,0.748,0.893,0.871,0.979,0.702,0.773,0.82,1.0,0.931,0.867,0.739,0.846,0.816
18,B2_2,0.673,0.508,0.726,0.682,0.896,0.802,0.942,0.643,0.78,0.767,0.931,1.0,0.885,0.578,0.777,0.702
18,B2_3,0.734,0.761,0.803,0.798,0.865,0.854,0.892,0.787,0.865,0.865,0.867,0.885,1.0,0.721,0.689,0.878
18,y1,0.824,0.761,0.656,0.754,0.59,0.786,0.721,0.601,0.682,0.788,0.739,0.578,0.721,1.0,0.754,0.905
18,y2,0.697,0.482,0.501,0.568,0.79,0.652,0.821,0.462,0.527,0.625,0.846,0.777,0.689,0.754,1.0,0.706
18,y3,0.777,0.876,0.774,0.884,0.691,0.864,0.811,0.721,0.809,0.881,0.816,0.702,0.878,0.905,0.706,1.0
19,.,1.0,0.664,0.721,0.645,0.792,0.833,0.855,0.702,0.701,0.723,0.835,0.67,0.727,0.827,0.697,0.778
19,A1_1,0.664,1.0,0.861,0.907,0.566,0.757,0.678,0.855,0.843,0.903,0.648,0.517,0.762,0.762,0.482,0.88
19,A1_2,0.721,0.861,1.0,0.912,0.71,0.837,0.83,0.899,0.983,0.949,0.753,0.734,0.809,0.664,0.503,0.785
19,A1_3,0.645,0.907,0.912,1.0,0.603,0.845,0.778,0.846,0.912,0.948,0.757,0.693,0.803,0.757,0.57,0.888
19,B1_1,0.792,0.566,0.71,0.603,1.0,0.723,0.938,0.731,0.731,0.709,0.894,0.898,0.871,0.596,0.79,0.698
19,B1_2,0.833,0.757,0.837,0.845,0.723,1.0,0.884,0.707,0.837,0.857,0.874,0.806,0.856,0.788,0.653,0.866
19,B1_3,0.855,0.678,0.83,0.778,0.938,0.884,1.0,0.765,0.844,0.851,0.979,0.943,0.896,0.726,0.82,0.816
19,A2_1,0.702,0.855,0.899,0.846,0.731,0.707,0.765,1.0,0.883,0.866,0.709,0.651,0.79,0.607,0.462,0.728
19,A2_2,0.701,0.843,0.983,0.912,0.731,0.837,0.844,0.883,1.0,0.968,0.779,0.787,0.868,0.686,0.529,0.815
19,A2_3,0.723,0.903,0.949,0.948,0.709,0.857,0.851,0.866,0.968,1.0,0.825,0.774,0.869,0.79,0.625,0.885
19,B2_1,0.835,0.648,0.753,0.757,0.894,0.874,0.979,0.709,0.779,0.825,1.0,0.932,0.871,0.743,0.846,0.82
19,B2_2,0.67,0.517,0.734,0.693,0.898,0.806,0.943,0.651,0.787,0.774,0.932,1.0,0.89,0.582,0.774,0.707
19,B2_3,0.727,0.762,0.809,0.803,0.871,0.856,0.896,0.79,0.868,0.869,0.871,0.89,1.0,0.72,0.686,0.877
19,y1,0.827,0.762,0.664,0.757,0.596,0.788,0.726,0.607,0.686,0.79,0.743,0.582,0.72,1.0,0.752,0.904
19,y2,0.697,0.482,0.503,0.57,0.79,0.653,0.82,0.462,0.529,0.625,0.846,0.774,0.686,0.752,1.0,0.703
19,y3,0.778,0.88,0.785,0.888,0.698,0.866,0.816,0.728,0.815,0.885,0.82,0.707,0.877,0.904,0.703,1.0
20,.,1.0,0.662,0.718,0.644,0.785,0.832,0.851,0.696,0.697,0.72,0.832,0.664,0.718,0.83,0.695,0.779
20,A1_1,0.662,1.0,0.864,0.908,0.571,0.758,0.683,0.858,0.844,0.903,0.653,0.522,0.762,0.763,0.478,0.881
20,A1_2,0.718,0.864,1.0,0.915,0.714,0.839,0.835,0.901,0.984,0.95,0.757,0.739,0.814,0.669,0.503,0.792
20,A1_3,0.644,0.908,0.915,1.0,0.612,0.847,0.784,0.849,0.914,0.949,0.763,0.701,0.807,0.759,0.569,0.89
20,B1_1,0.785,0.571,0.714,0.612,1.0,0.726,0.938,0.734,0.736,0.715,0.894,0.899,0.876,0.599,0.786,0.703
20,B1_2,0.832,0.758,0.839,0.847,0.726,1.0,0.887,0.709,0.838,0.859,0.876,0.809,0.856,0.789,0.65,0.867
20,B1_3,0.851,0.683,0.835,0.784,0.938,0.887,1.0,0.769,0.849,0.855,0.979,0.943,0.899,0.728,0.816,0.82
20,A2_1,0.696,0.858,0.901,0.849,0.734,0.709,0.769,1.0,0.885,0.868,0.712,0.655,0.791,0.61,0.458,0.732
20,A2_2,0.697,0.844,0.984,0.914,0.736,0.838,0.849,0.885,1.0,0.969,0.783,0.791,0.869,0.689,0.527,0.818
20,A2_3,0.72,0.903,0.95,0.949,0.715,0.859,0.855,0.868,0.969,1.0,0.829,0.779,0.871,0.792,0.623,0.888
20,B2_1,0.832,0.653,0.757,0.763,0.894,0.876,0.979,0.712,0.783,0.829,1.0,0.932,0.873,0.746,0.842,0.823
20,B2_2,0.664,0.522,0.739,0.701,0.899,0.809,0.943,0.655,0.791,0.779,0.932,1.0,0.893,0.583,0.768,0.708
20,B2_3,0.718,0.762,0.814,0.807,0.876,0.856,0.899,0.791,0.869,0.871,0.873,0.893,1.0,0.718,0.68,0.874
20,y1,0.83,0.763,0.669,0.759,0.599,0.789,0.728,0.61,0.689,0.792,0.746,0.583,0.718,1.0,0.75,0.904
20,y2,0.695,0.478,0.503,0.569,0.786,0.65,0.816,0.458,0.527,0.623,0.842,0.768,0.68,0.75,1.0,0.698
20,y3,0.779,0.881,0.792,0.89,0.703,0.867,0.82,0.732,0.818,0.888,0.823,0.708,0.874,0.904,0.698,1.0
21,.,1.0,0.66,0.713,0.643,0.778,0.829,0.846,0.689,0.691,0.717,0.829,0.656,0.709,0.833,0.692,0.78
21,A1_1,0.66,1.0,0.867,0.908,0.575,0.758,0.687,0.862,0.846,0.904,0.656,0.526,0.761,0.762,0.476,0.88
21,A1_2,0.713,0.867,1.0,0.918,0.718,0.842,0.838,0.903,0.985,0.952,0.761,0.743,0.818,0.673,0.501,0.797
21,A1_3,0.643,0.908,0.918,1.0,0.619,0.849,0.791,0.852,0.916,0.951,0.769,0.708,0.81,0.759,0.569,0.891
21,B1_1,0.778,0.575,0.718,0.619,1.0,0.729,0.938,0.736,0.74,0.721,0.895,0.9,0.881,0.601,0.78,0.707
21,B1_2,0.829,0.758,0.842,0.849,0.729,1.0,0.889,0.711,0.84,0.861,0.878,0.81,0.856,0.79,0.646,0.868
21,B1_3,0.846,0.687,0.838,0.791,0.938,0.889,1.0,0.772,0.853,0.86,0.979,0.944,0.903,0.731,0.81,0.824
21,A2_1,0.689,0.862,0.903,0.852,0.736,0.711,0.772,1.0,0.886,0.87,0.715,0.658,0.792,0.611,0.454,0.734
21,A2_2,0.691,0.846,0.985,0.916,0.74,0.84,0.853,0.886,1.0,0.97,0.787,0.796,0.87,0.69,0.524,0.819
21,A2_3,0.717,0.904,0.952,0.951,0.721,0.861,0.86,0.87,0.97,1.0,0.833,0.784,0.874,0.793,0.621,0.889
21,B2_1,0.829,0.656,0.761,0.769,0.895,0.878,0.979,0.715,0.787,0.833,1.0,0.931,0.876,0.748,0.838,0.826
21,B2_2,0.656,0.526,0.743,0.708,0.9,0.81,0.944,0.658,0.796,0.784,0.931,1.0,0.897,0.584,0.761,0.71
21,B2_3,0.709,0.761,0.818,0.81,0.881,0.856,0.903,0.792,0.87,0.874,0.876,0.897,1.0,0.715,0.673,0.871
21,y1,0.833,0.762,0.673,0.759,0.601,0.79,0.731,0.611,0.69,0.793,0.748,0.584,0.715,1.0,0.749,0.904
21,y2,0.692,0.476,0.501,0.569,0.78,0.646,0.81,0.454,0.524,0.621,0.838,0.761,0.673,0.749,1.0,0.695
21,y3,0.78,0.88,0.797,0.891,0.707,0.868,0.824,0.734,0.819,0.889,0.826,0.71,0.871,0.904,0.695,1.0
22,.,1.0,0.657,0.708,0.64,0.771,0.828,0.841,0.682,0.684,0.713,0.826,0.65,0.7,0.836,0.691,0.779
22,A1_1,0.657,1.0,0.869,0.908,0.577,0.758,0.691,0.863,0.846,0.904,0.659,0.529,0.759,0.762,0.473,0.881
22,A1_2,0.708,0.869,1.0,0.92,0.721,0.844,0.842,0.904,0.985,0.953,0.764,0.748,0.822,0.677,0.5,0.801
22,A1_3,0.64,0.908,0.92,1.0,0.625,0.85,0.796,0.854,0.918,0.952,0.774,0.713,0.813,0.76,0.568,0.892
22,B1_1,0.771,0.577,0.721,0.625,1.0,0.733,0.938,0.737,0.744,0.726,0.896,0.901,0.885,0.604,0.776,0.709
22,B1_2,0.828,0.758,0.844,0.85,0.733,1.0,0.892,0.712,0.841,0.863,0.88,0.812,0.857,0.79,0.644,0.868
22,B1_3,0.841,0.691,0.842,0.796,0.938,0.892,1.0,0.775,0.857,0.864,0.979,0.944,0.906,0.733,0.805,0.826
22,A2_1,0.682,0.863,0.904,0.854,0.737,0.712,0.775,1.0,0.886,0.871,0.718,0.661,0.792,0.612,0.449,0.735
22,A2_2,0.684,0.846,0.985,0.918,0.744,0.841,0.857,0.886,1.0,0.97,0.791,0.799,0.872,0.691,0.522,0.82
22,A2_3,0.713,0.904,0.953,0.952,0.726,0.863,0.864,0.871,0.97,1.0,0.837,0.788,0.876,0.793,0.619,0.89
22,B2_1,0.826,0.659,0.764,0.774,0.896,0.88,0.979,0.718,0.791,0.837,1.0,0.931,0.878,0.75,0.835,0.827
22,B2_2,0.65,0.529,0.748,0.713,0.901,0.812,0.944,0.661,0.799,0.788,0.931,1.0,0.9,0.584,0.754,0.71
22,B2_3,0.7,0.759,0.822,0.813,0.885,0.857,0.906,0.792,0.872,0.876,0.878,0.9,1.0,0.712,0.667,0.868
22,y1,0.836,0.762,0.677,0.76,0.604,0.79,0.733,0.612,0.691,0.793,0.75,0.584,0.712,1.0,0.748,0.904
22,y2,0.691,0.473,0.5,0.568,0.776,0.644,0.805,0.449,0.522,0.619,0.835,0.754,0.667,0.748,1.0,0.692
22,y3,0.779,0.881,0.801,0.892,0.709,0.868,0.826,0.735,0.82,0.89,0.827,0.71,0.868,0.904,0.692,1.0
23,.,1.0,0.656,0.704,0.641,0.764,0.826,0.837,0.677,0.68,0.711,0.824,0.644,0.693,0.84,0.691,0.782
23,A1_1,0.656,1.0,0.872,0.909,0.584,0.76,0.697,0.866,0.848,0.905,0.666,0.537,0.761,0.762,0.472,0.882
23,A1_2,0.704,0.872,1.0,0.923,0.727,0.847,0.847,0.906,0.986,0.955,0.77,0.755,0.827,0.682,0.502,0.808
23,A1_3,0.641,0.909,0.923,1.0,0.636,0.853,0.803,0.857,0.921,0.953,0.781,0.722,0.818,0.761,0.57,0.894
23,B1_1,0.764,0.584,0.727,0.636,1.0,0.738,0.938,0.742,0.749,0.733,0.897,0.903,0.89,0.609,0.772,0.714
23,B1_2,0.826,0.76,0.847,0.853,0.738,1.0,0.895,0.716,0.843,0.866,0.882,0.816,0.858,0.791,0.644,0.87
23,B1_3,0.837,0.697,0.847,0.803,0.938,0.895,1.0,0.78,0.862,0.869,0.979,0.944,0.909,0.736,0.802,0.83
23,A2_1,0.677,0.866,0.906,0.857,0.742,0.716,0.78,1.0,0.888,0.874,0.724,0.669,0.795,0.617,0.449,0.74
23,A2_2,0.68,0.848,0.986,0.921,0.749,0.843,0.862,0.888,1.0,0.971,0.796,0.806,0.874,0.694,0.521,0.824
23,A2_3,0.711,0.905,0.955,0.953,0.733,0.866,0.869,0.874,0.971,1.0,0.841,0.795,0.879,0.794,0.618,0.892
23,B2_1,0.824,0.666,0.77,0.781,0.897,0.882,0.979,0.724,0.796,0.841,1.0,0.931,0.881,0.753,0.832,0.829
23,B2_2,0.644,0.537,0.755,0.722,0.903,0.816,0.944,0.669,0.806,0.795,0.931,1.0,0.904,0.587,0.749,0.712
23,B2_3,0.693,0.761,0.827,0.818,0.89,0.858,0.909,0.795,0.874,0.879,0.881,0.904,1.0,0.711,0.663,0.866
23,y1,0.84,0.762,0.682,0.761,0.609,0.791,0.736,0.617,0.694,0.794,0.753,0.587,0.711,1.0,0.748,0.904
23,y2,0.691,0.472,0.502,0.57,0.772,0.644,0.802,0.449,0.521,0.618,0.832,0.749,0.663,0.748,1.0,0.689
23,y3,0.782,0.882,0.808,0.894,0.714,0.87,0.83,0.74,0.824,0.892,0.829,0.712,0.866,0.904,0.689,1.0
24,.,1.0,0.653,0.699,0.638,0.757,0.823,0.832,0.671,0.674,0.707,0.82,0.637,0.685,0.842,0.689,0.782
24,A1_1,0.653,1.0,0.873,0.909,0.586,0.759,0.699,0.868,0.849,0.905,0.668,0.539,0.759,0.761,0.472,0.882
24,A1_2,0.699,0.873,1.0,0.924,0.73,0.848,0.848,0.907,0.987,0.956,0.772,0.757,0.829,0.684,0.5,0.81
24,A1_3,0.638,0.909,0.924,1.0,0.641,0.854,0.807,0.858,0.922,0.954,0.785,0.726,0.819,0.762,0.57,0.894
24,B1_1,0.757,0.586,0.73,0.641,1.0,0.742,0.938,0.743,0.752,0.737,0.898,0.904,0.894,0.61,0.767,0.716
24,B1_2,0.823,0.759,0.848,0.854,0.742,1.0,0.897,0.716,0.843,0.866,0.884,0.818,0.858,0.791,0.642,0.869
24,B1_3,0.832,0.699,0.848,0.807,0.938,0.897,1.0,0.781,0.864,0.871,0.98,0.945,0.912,0.737,0.797,0.831
24,A2_1,0.671,0.868,0.907,0.858,0.743,0.716,0.781,1.0,0.888,0.875,0.726,0.669,0.794,0.617,0.445,0.74
24,A2_2,0.674,0.849,0.987,0.922,0.752,0.843,0.864,0.888,1.0,0.972,0.798,0.807,0.874,0.694,0.519,0.824
24,A2_3,0.707,0.905,0.956,0.954,0.737,0.866,0.871,0.875,0.972,1.0,0.844,0.797,0.88,0.793,0.617,0.891
24,B2_1,0.82,0.668,0.772,0.785,0.898,0.884,0.98,0.726,0.798,0.844,1.0,0.932,0.883,0.753,0.828,0.829
24,B2_2,0.637,0.539,0.757,0.726,0.904,0.818,0.945,0.669,0.807,0.797,0.932,1.0,0.906,0.586,0.743,0.71
24,B2_3,0.685,0.759,0.829,0.819,0.894,0.858,0.912,0.794,0.874,0.88,0.883,0.906,1.0,0.707,0.658,0.863
24,y1,0.842,0.761,0.684,0.762,0.61,0.791,0.737,0.617,0.694,0.793,0.753,0.586,0.707,1.0,0.748,0.904
24,y2,0.689,0.472,0.5,0.57,0.767,0.642,0.797,0.445,0.519,0.617,0.828,0.743,0.658,0.748,1.0,0.688
24,y3,0.782,0.882,0.81,0.894,0.716,0.869,0.831,0.74,0.824,0.891,0.829,0.71,0.863,0.904,0.688,1.0
25,.,1.0,0.649,0.693,0.636,0.75,0.821,0.827,0.664,0.667,0.702,0.817,0.63,0.677,0.844,0.689,0.783
