,,.,A1_1,A1_2,A1_3,B1_1,B1_2,B1_3,A2_1,A2_2,A2_3,B2_1,B2_2,B2_3,y1,y2,y3
0,.,0.049,0.067,0.066,0.048,0.037,0.049,0.069,0.143,0.026,0.065,0.05,0.109,0.093,0.039,0.009,0.081
0,A1_1,0.026,0.018,0.087,0.004,0.038,0.07,0.047,0.016,0.015,0.078,0.024,0.045,0.389,0.05,0.016,0.079
0,A1_2,0.022,0.033,0.073,0.022,0.084,0.048,0.132,0.124,0.008,0.059,0.042,0.142,0.046,0.056,0.004,0.105
0,A1_3,0.06,0.02,0.03,0.012,0.02,0.09,0.039,0.06,0.013,0.118,0.078,0.189,0.084,0.065,0.005,0.118
0,B1_1,0.021,0.013,0.017,0.022,0.042,0.041,0.097,0.22,0.003,0.058,0.061,0.124,0.022,0.051,0.005,0.205
0,B1_2,0.035,0.014,0.034,0.013,0.049,0.086,0.047,0.071,0.026,0.095,0.092,0.098,0.087,0.044,0.016,0.192
0,B1_3,0.03,0.022,0.043,0.022,0.039,0.053,0.076,0.165,0.008,0.075,0.062,0.101,0.031,0.044,0.007,0.222
0,A2_1,0.042,0.008,0.017,0.015,0.024,0.058,0.018,0.147,0.01,0.069,0.099,0.129,0.027,0.025,0.013,0.3
0,A2_2,0.047,0.011,0.031,0.01,0.056,0.065,0.033,0.103,0.008,0.056,0.149,0.038,0.046,0.037,0.031,0.279
0,A2_3,0.039,0.037,0.069,0.024,0.072,0.036,0.031,0.226,0.007,0.038,0.083,0.113,0.006,0.014,0.008,0.196
0,B2_1,0.056,0.02,0.013,0.049,0.011,0.046,0.021,0.194,0.012,0.062,0.163,0.117,0.009,0.021,0.007,0.198
0,B2_2,0.085,0.016,0.024,0.019,0.025,0.105,0.039,0.085,0.005,0.079,0.131,0.067,0.023,0.063,0.013,0.221
0,B2_3,0.039,0.054,0.028,0.022,0.079,0.041,0.065,0.218,0.005,0.049,0.058,0.188,0.007,0.02,0.009,0.118
0,y1,0.057,0.025,0.011,0.068,0.008,0.043,0.019,0.188,0.043,0.063,0.195,0.122,0.018,0.019,0.007,0.114
0,y2,0.144,0.033,0.018,0.021,0.009,0.168,0.054,0.053,0.006,0.125,0.049,0.084,0.031,0.105,0.007,0.091
0,y3,0.037,0.024,0.043,0.008,0.077,0.044,0.015,0.127,0.024,0.05,0.108,0.089,0.022,0.008,0.063,0.259
1,.,0.054,0.07,0.068,0.049,0.037,0.049,0.069,0.137,0.028,0.065,0.049,0.106,0.093,0.04,0.009,0.077
1,A1_1,0.028,0.019,0.09,0.004,0.038,0.07,0.046,0.015,0.015,0.077,0.023,0.044,0.385,0.051,0.017,0.076
1,A1_2,0.025,0.035,0.078,0.022,0.087,0.048,0.136,0.117,0.008,0.059,0.041,0.135,0.049,0.059,0.004,0.098
1,A1_3,0.074,0.023,0.032,0.012,0.019,0.093,0.039,0.053,0.013,0.118,0.075,0.182,0.086,0.07,0.005,0.106
1,B1_1,0.026,0.015,0.019,0.024,0.044,0.042,0.103,0.212,0.003,0.058,0.059,0.125,0.021,0.054,0.005,0.19
1,B1_2,0.045,0.016,0.035,0.016,0.045,0.092,0.048,0.067,0.03,0.097,0.095,0.098,0.084,0.049,0.015,0.169
1,B1_3,0.039,0.026,0.05,0.022,0.04,0.059,0.08,0.146,0.009,0.079,0.06,0.1,0.033,0.049,0.007,0.2
1,A2_1,0.053,0.01,0.018,0.016,0.024,0.06,0.018,0.144,0.01,0.07,0.099,0.136,0.025,0.026,0.013,0.278
1,A2_2,0.064,0.013,0.031,0.012,0.049,0.072,0.035,0.095,0.009,0.06,0.157,0.038,0.047,0.044,0.03,0.243
1,A2_3,0.048,0.043,0.08,0.025,0.078,0.039,0.033,0.204,0.007,0.04,0.082,0.113,0.006,0.015,0.008,0.18
1,B2_1,0.072,0.024,0.014,0.061,0.01,0.047,0.021,0.188,0.013,0.061,0.163,0.121,0.008,0.021,0.006,0.169
1,B2_2,0.119,0.019,0.024,0.022,0.021,0.119,0.04,0.071,0.006,0.082,0.134,0.061,0.024,0.074,0.012,0.172
1,B2_3,0.046,0.071,0.033,0.022,0.089,0.041,0.075,0.197,0.005,0.048,0.051,0.188,0.007,0.021,0.009,0.097
1,y1,0.07,0.029,0.011,0.085,0.008,0.043,0.019,0.176,0.049,0.061,0.197,0.118,0.016,0.019,0.006,0.093
1,y2,0.171,0.038,0.018,0.021,0.009,0.183,0.057,0.042,0.007,0.12,0.04,0.076,0.031,0.113,0.007,0.068
1,y3,0.04,0.028,0.047,0.009,0.09,0.044,0.016,0.125,0.026,0.048,0.097,0.091,0.023,0.008,0.072,0.235
2,.,0.06,0.073,0.069,0.051,0.036,0.05,0.068,0.131,0.03,0.065,0.049,0.102,0.093,0.04,0.009,0.073
2,A1_1,0.031,0.02,0.092,0.004,0.038,0.071,0.046,0.014,0.016,0.076,0.023,0.044,0.378,0.053,0.018,0.075
2,A1_2,0.029,0.038,0.083,0.023,0.087,0.048,0.137,0.111,0.009,0.058,0.04,0.13,0.05,0.061,0.004,0.092
2,A1_3,0.09,0.025,0.034,0.013,0.018,0.094,0.038,0.048,0.014,0.117,0.072,0.176,0.085,0.073,0.005,0.096
2,B1_1,0.032,0.016,0.02,0.026,0.045,0.043,0.107,0.203,0.003,0.058,0.059,0.126,0.02,0.058,0.005,0.179
2,B1_2,0.058,0.018,0.034,0.018,0.041,0.098,0.047,0.063,0.034,0.099,0.099,0.096,0.078,0.052,0.015,0.149
2,B1_3,0.051,0.031,0.056,0.023,0.038,0.064,0.081,0.13,0.009,0.083,0.059,0.1,0.034,0.055,0.007,0.18
2,A2_1,0.065,0.012,0.02,0.018,0.023,0.06,0.018,0.141,0.011,0.07,0.099,0.143,0.022,0.026,0.012,0.259
2,A2_2,0.089,0.016,0.03,0.015,0.04,0.081,0.035,0.087,0.01,0.063,0.168,0.036,0.044,0.05,0.027,0.209
2,A2_3,0.059,0.051,0.09,0.025,0.082,0.041,0.034,0.182,0.008,0.04,0.081,0.11,0.007,0.016,0.008,0.166
2,B2_1,0.091,0.029,0.014,0.076,0.009,0.048,0.02,0.18,0.014,0.059,0.163,0.121,0.006,0.02,0.005,0.144
2,B2_2,0.163,0.023,0.023,0.026,0.017,0.13,0.039,0.057,0.007,0.082,0.133,0.054,0.024,0.083,0.011,0.129
2,B2_3,0.051,0.091,0.036,0.022,0.098,0.041,0.085,0.176,0.005,0.047,0.045,0.185,0.007,0.021,0.009,0.08
2,y1,0.083,0.033,0.01,0.101,0.007,0.043,0.019,0.164,0.054,0.058,0.195,0.115,0.015,0.019,0.006,0.078
2,y2,0.193,0.041,0.017,0.021,0.008,0.194,0.057,0.034,0.007,0.115,0.034,0.07,0.03,0.117,0.007,0.054
2,y3,0.043,0.033,0.05,0.009,0.101,0.045,0.018,0.123,0.028,0.047,0.086,0.092,0.023,0.008,0.081,0.212
3,.,0.065,0.075,0.07,0.052,0.036,0.05,0.068,0.127,0.031,0.065,0.048,0.099,0.092,0.041,0.01,0.071
3,A1_1,0.034,0.021,0.094,0.004,0.038,0.071,0.046,0.014,0.016,0.076,0.022,0.043,0.374,0.054,0.019,0.075
3,A1_2,0.032,0.039,0.087,0.023,0.089,0.048,0.138,0.105,0.009,0.058,0.04,0.123,0.052,0.063,0.004,0.089
3,A1_3,0.106,0.027,0.036,0.013,0.018,0.095,0.037,0.045,0.014,0.116,0.07,0.169,0.084,0.076,0.005,0.09
3,B1_1,0.038,0.018,0.021,0.027,0.046,0.044,0.109,0.196,0.003,0.058,0.058,0.124,0.02,0.06,0.005,0.173
3,B1_2,0.071,0.02,0.034,0.02,0.038,0.101,0.046,0.06,0.037,0.099,0.102,0.093,0.074,0.054,0.015,0.136
3,B1_3,0.063,0.035,0.06,0.024,0.037,0.068,0.081,0.118,0.009,0.085,0.057,0.097,0.034,0.058,0.007,0.166
3,A2_1,0.078,0.013,0.021,0.02,0.022,0.061,0.017,0.138,0.011,0.07,0.099,0.146,0.02,0.025,0.012,0.246
3,A2_2,0.113,0.017,0.028,0.018,0.034,0.086,0.034,0.081,0.011,0.064,0.174,0.034,0.041,0.055,0.026,0.184
3,A2_3,0.069,0.057,0.099,0.024,0.086,0.043,0.035,0.166,0.008,0.041,0.079,0.105,0.007,0.017,0.009,0.154
3,B2_1,0.109,0.032,0.014,0.087,0.009,0.047,0.02,0.172,0.015,0.057,0.162,0.119,0.005,0.02,0.005,0.128
3,B2_2,0.202,0.026,0.022,0.028,0.014,0.135,0.037,0.048,0.007,0.08,0.129,0.049,0.023,0.088,0.01,0.103
3,B2_3,0.055,0.108,0.039,0.021,0.106,0.04,0.094,0.16,0.005,0.046,0.041,0.176,0.007,0.022,0.009,0.069
3,y1,0.094,0.036,0.011,0.112,0.007,0.043,0.019,0.156,0.056,0.056,0.189,0.112,0.015,0.02,0.005,0.069
3,y2,0.209,0.042,0.016,0.022,0.008,0.198,0.057,0.03,0.007,0.111,0.031,0.065,0.029,0.119,0.007,0.047
3,y3,0.045,0.036,0.052,0.009,0.111,0.046,0.019,0.121,0.03,0.046,0.078,0.092,0.024,0.008,0.088,0.196
4,.,0.069,0.077,0.071,0.054,0.036,0.05,0.067,0.123,0.033,0.065,0.048,0.095,0.092,0.041,0.01,0.069
4,A1_1,0.036,0.021,0.096,0.004,0.038,0.07,0.045,0.014,0.017,0.075,0.022,0.043,0.368,0.055,0.021,0.075
4,A1_2,0.035,0.041,0.092,0.023,0.091,0.048,0.139,0.1,0.01,0.057,0.039,0.116,0.055,0.064,0.005,0.085
4,A1_3,0.122,0.029,0.038,0.013,0.017,0.095,0.036,0.041,0.015,0.115,0.067,0.163,0.082,0.078,0.005,0.085
4,B1_1,0.044,0.019,0.022,0.028,0.046,0.045,0.11,0.189,0.003,0.058,0.058,0.122,0.019,0.062,0.005,0.167
4,B1_2,0.085,0.022,0.034,0.022,0.035,0.104,0.044,0.056,0.042,0.099,0.104,0.089,0.069,0.056,0.015,0.124
4,B1_3,0.078,0.04,0.066,0.024,0.035,0.072,0.08,0.106,0.01,0.086,0.055,0.095,0.033,0.061,0.007,0.152
4,A2_1,0.093,0.015,0.022,0.022,0.021,0.061,0.016,0.134,0.011,0.069,0.099,0.149,0.018,0.025,0.012,0.233
4,A2_2,0.143,0.019,0.026,0.021,0.029,0.091,0.033,0.073,0.012,0.064,0.179,0.032,0.037,0.058,0.024,0.159
4,A2_3,0.08,0.064,0.109,0.024,0.089,0.045,0.036,0.151,0.008,0.041,0.077,0.1,0.007,0.017,0.009,0.142
4,B2_1,0.126,0.036,0.014,0.1,0.008,0.046,0.019,0.163,0.015,0.054,0.16,0.116,0.005,0.019,0.005,0.115
4,B2_2,0.24,0.028,0.021,0.029,0.011,0.137,0.035,0.04,0.008,0.077,0.122,0.044,0.023,0.092,0.009,0.083
4,B2_3,0.058,0.125,0.043,0.021,0.112,0.04,0.102,0.145,0.005,0.045,0.038,0.168,0.008,0.022,0.009,0.061
4,y1,0.105,0.039,0.011,0.12,0.007,0.043,0.019,0.148,0.057,0.055,0.182,0.112,0.014,0.02,0.005,0.062
4,y2,0.223,0.043,0.016,0.022,0.008,0.2,0.057,0.028,0.008,0.107,0.029,0.062,0.029,0.12,0.008,0.042
4,y3,0.048,0.039,0.054,0.01,0.118,0.047,0.02,0.117,0.031,0.045,0.072,0.091,0.025,0.008,0.094,0.182
5,.,0.073,0.079,0.072,0.055,0.036,0.05,0.067,0.12,0.034,0.065,0.047,0.092,0.092,0.041,0.01,0.068
5,A1_1,0.038,0.021,0.097,0.004,0.038,0.07,0.044,0.013,0.017,0.075,0.021,0.042,0.364,0.055,0.022,0.076
5,A1_2,0.038,0.042,0.095,0.023,0.094,0.048,0.139,0.095,0.011,0.056,0.038,0.111,0.056,0.065,0.005,0.084
5,A1_3,0.138,0.03,0.039,0.013,0.017,0.095,0.035,0.039,0.015,0.113,0.065,0.156,0.08,0.08,0.005,0.081
5,B1_1,0.051,0.02,0.023,0.03,0.046,0.045,0.11,0.183,0.003,0.059,0.058,0.12,0.019,0.063,0.006,0.163
5,B1_2,0.1,0.024,0.033,0.024,0.032,0.107,0.042,0.053,0.046,0.099,0.106,0.084,0.065,0.056,0.015,0.114
5,B1_3,0.091,0.045,0.07,0.025,0.034,0.074,0.079,0.097,0.01,0.087,0.053,0.092,0.032,0.062,0.007,0.14
5,A2_1,0.109,0.016,0.022,0.023,0.02,0.06,0.016,0.13,0.012,0.068,0.1,0.15,0.016,0.024,0.012,0.224
5,A2_2,0.172,0.021,0.025,0.023,0.025,0.093,0.031,0.066,0.014,0.063,0.183,0.029,0.033,0.059,0.023,0.14
5,A2_3,0.09,0.072,0.117,0.024,0.093,0.046,0.036,0.139,0.008,0.04,0.074,0.096,0.007,0.018,0.01,0.131
5,B2_1,0.144,0.038,0.014,0.111,0.008,0.045,0.018,0.151,0.016,0.052,0.161,0.11,0.004,0.018,0.004,0.104
5,B2_2,0.273,0.03,0.02,0.03,0.01,0.137,0.034,0.034,0.008,0.075,0.113,0.04,0.023,0.096,0.008,0.068
5,B2_3,0.06,0.139,0.046,0.021,0.116,0.039,0.108,0.134,0.005,0.043,0.035,0.161,0.008,0.022,0.009,0.055
5,y1,0.118,0.042,0.011,0.125,0.007,0.043,0.02,0.138,0.058,0.054,0.177,0.109,0.015,0.021,0.005,0.056
5,y2,0.233,0.044,0.015,0.022,0.008,0.201,0.058,0.026,0.008,0.103,0.027,0.059,0.028,0.121,0.008,0.038
5,y3,0.049,0.042,0.055,0.01,0.124,0.047,0.021,0.115,0.032,0.044,0.066,0.091,0.025,0.008,0.099,0.172
6,.,0.076,0.08,0.072,0.056,0.036,0.05,0.066,0.118,0.036,0.064,0.047,0.089,0.091,0.042,0.011,0.066
6,A1_1,0.04,0.022,0.098,0.004,0.038,0.07,0.044,0.013,0.018,0.074,0.021,0.041,0.362,0.056,0.023,0.076
6,A1_2,0.04,0.043,0.098,0.022,0.096,0.047,0.141,0.092,0.011,0.056,0.038,0.105,0.058,0.066,0.005,0.082
6,A1_3,0.152,0.031,0.04,0.013,0.017,0.094,0.035,0.036,0.015,0.111,0.062,0.15,0.08,0.082,0.005,0.078
6,B1_1,0.057,0.021,0.024,0.03,0.047,0.046,0.112,0.179,0.004,0.058,0.057,0.118,0.018,0.065,0.006,0.158
6,B1_2,0.114,0.025,0.033,0.026,0.03,0.108,0.041,0.05,0.049,0.098,0.106,0.08,0.063,0.058,0.014,0.106
6,B1_3,0.102,0.048,0.074,0.025,0.034,0.076,0.079,0.09,0.011,0.087,0.05,0.089,0.032,0.064,0.007,0.132
6,A2_1,0.122,0.017,0.023,0.024,0.02,0.059,0.016,0.127,0.012,0.067,0.098,0.151,0.015,0.024,0.011,0.214
6,A2_2,0.196,0.022,0.024,0.024,0.022,0.094,0.03,0.061,0.014,0.062,0.181,0.027,0.032,0.061,0.023,0.127
6,A2_3,0.097,0.078,0.124,0.023,0.095,0.046,0.038,0.13,0.009,0.04,0.071,0.092,0.007,0.018,0.01,0.123
6,B2_1,0.159,0.04,0.014,0.117,0.007,0.045,0.018,0.144,0.016,0.05,0.157,0.108,0.004,0.018,0.004,0.097
6,B2_2,0.299,0.031,0.02,0.03,0.009,0.135,0.033,0.03,0.008,0.072,0.107,0.037,0.023,0.097,0.008,0.06
6,B2_3,0.062,0.149,0.048,0.02,0.119,0.038,0.113,0.126,0.005,0.042,0.034,0.153,0.008,0.022,0.01,0.051
6,y1,0.129,0.044,0.012,0.128,0.007,0.043,0.02,0.132,0.058,0.053,0.171,0.108,0.015,0.022,0.005,0.052
6,y2,0.245,0.044,0.015,0.023,0.008,0.2,0.057,0.024,0.008,0.1,0.026,0.056,0.028,0.122,0.008,0.036
6,y3,0.05,0.044,0.056,0.01,0.129,0.047,0.021,0.113,0.034,0.044,0.062,0.09,0.026,0.008,0.103,0.163
7,.,0.079,0.082,0.073,0.057,0.036,0.049,0.066,0.116,0.037,0.064,0.046,0.086,0.091,0.042,0.011,0.065
7,A1_1,0.042,0.022,0.099,0.004,0.038,0.069,0.044,0.013,0.018,0.073,0.021,0.04,0.357,0.057,0.025,0.077
7,A1_2,0.041,0.044,0.101,0.022,0.098,0.047,0.141,0.089,0.012,0.055,0.037,0.101,0.06,0.067,0.005,0.08
7,A1_3,0.166,0.032,0.041,0.013,0.016,0.093,0.034,0.035,0.015,0.109,0.06,0.144,0.078,0.083,0.005,0.076
7,B1_1,0.064,0.023,0.025,0.031,0.048,0.046,0.113,0.174,0.004,0.058,0.056,0.116,0.018,0.066,0.006,0.154
7,B1_2,0.128,0.027,0.033,0.027,0.028,0.109,0.04,0.047,0.053,0.096,0.106,0.076,0.06,0.059,0.014,0.098
7,B1_3,0.114,0.053,0.078,0.025,0.033,0.077,0.078,0.083,0.011,0.087,0.048,0.087,0.031,0.065,0.007,0.122
7,A2_1,0.135,0.018,0.024,0.026,0.02,0.059,0.015,0.124,0.012,0.065,0.097,0.151,0.014,0.024,0.011,0.205
7,A2_2,0.221,0.023,0.023,0.026,0.019,0.095,0.029,0.056,0.015,0.061,0.178,0.026,0.031,0.063,0.021,0.113
7,A2_3,0.103,0.085,0.131,0.023,0.097,0.047,0.04,0.12,0.009,0.04,0.068,0.089,0.007,0.019,0.01,0.115
7,B2_1,0.172,0.042,0.015,0.122,0.007,0.044,0.019,0.138,0.016,0.049,0.153,0.107,0.004,0.018,0.004,0.091
7,B2_2,0.32,0.032,0.019,0.031,0.008,0.133,0.032,0.028,0.009,0.07,0.102,0.035,0.023,0.098,0.008,0.054
7,B2_3,0.064,0.159,0.05,0.019,0.121,0.038,0.118,0.117,0.005,0.042,0.032,0.146,0.009,0.023,0.01,0.048
7,y1,0.139,0.047,0.012,0.131,0.007,0.043,0.021,0.127,0.057,0.052,0.165,0.107,0.015,0.022,0.005,0.049
7,y2,0.254,0.045,0.014,0.023,0.008,0.198,0.058,0.023,0.009,0.096,0.025,0.054,0.027,0.123,0.008,0.034
7,y3,0.051,0.047,0.058,0.01,0.133,0.047,0.023,0.11,0.035,0.043,0.058,0.091,0.026,0.009,0.105,0.154
8,.,0.081,0.083,0.074,0.057,0.036,0.049,0.065,0.114,0.039,0.064,0.046,0.084,0.091,0.042,0.011,0.065
8,A1_1,0.043,0.022,0.099,0.004,0.039,0.069,0.043,0.013,0.018,0.073,0.02,0.04,0.354,0.058,0.027,0.078
8,A1_2,0.043,0.045,0.104,0.022,0.101,0.046,0.141,0.085,0.012,0.054,0.036,0.096,0.061,0.068,0.006,0.079
8,A1_3,0.18,0.033,0.042,0.013,0.016,0.092,0.033,0.033,0.016,0.107,0.058,0.138,0.077,0.085,0.005,0.073
8,B1_1,0.07,0.023,0.025,0.032,0.048,0.046,0.112,0.169,0.004,0.058,0.056,0.113,0.018,0.066,0.006,0.152
8,B1_2,0.141,0.028,0.033,0.028,0.026,0.108,0.038,0.045,0.056,0.095,0.105,0.072,0.059,0.059,0.014,0.092
8,B1_3,0.125,0.056,0.081,0.025,0.033,0.078,0.076,0.077,0.012,0.086,0.047,0.084,0.031,0.066,0.007,0.116
8,A2_1,0.15,0.019,0.024,0.027,0.019,0.058,0.015,0.121,0.012,0.064,0.096,0.15,0.013,0.024,0.011,0.196
8,A2_2,0.243,0.024,0.022,0.026,0.018,0.094,0.027,0.051,0.016,0.06,0.176,0.024,0.03,0.063,0.021,0.104
8,A2_3,0.109,0.09,0.138,0.022,0.098,0.047,0.041,0.112,0.009,0.039,0.065,0.085,0.008,0.02,0.01,0.108
8,B2_1,0.186,0.043,0.015,0.123,0.007,0.044,0.019,0.132,0.016,0.048,0.149,0.105,0.004,0.018,0.004,0.087
8,B2_2,0.338,0.032,0.018,0.031,0.008,0.129,0.031,0.026,0.009,0.068,0.098,0.033,0.022,0.099,0.008,0.051
8,B2_3,0.067,0.166,0.052,0.019,0.121,0.038,0.12,0.109,0.006,0.042,0.031,0.139,0.009,0.023,0.01,0.046
8,y1,0.149,0.049,0.013,0.131,0.007,0.043,0.021,0.123,0.056,0.052,0.16,0.106,0.015,0.023,0.005,0.047
8,y2,0.262,0.045,0.014,0.023,0.008,0.194,0.057,0.023,0.009,0.094,0.025,0.052,0.028,0.124,0.009,0.033
8,y3,0.053,0.05,0.06,0.01,0.133,0.048,0.023,0.106,0.035,0.044,0.056,0.09,0.027,0.009,0.106,0.148
9,.,0.083,0.084,0.074,0.058,0.036,0.048,0.065,0.113,0.04,0.063,0.045,0.081,0.091,0.041,0.012,0.064
9,A1_1,0.044,0.022,0.099,0.005,0.039,0.068,0.043,0.012,0.019,0.072,0.02,0.039,0.351,0.059,0.028,0.08
9,A1_2,0.045,0.045,0.106,0.022,0.103,0.045,0.142,0.083,0.013,0.054,0.036,0.092,0.063,0.068,0.006,0.079
9,A1_3,0.193,0.033,0.042,0.013,0.016,0.09,0.033,0.032,0.016,0.105,0.057,0.133,0.075,0.086,0.005,0.072
9,B1_1,0.077,0.024,0.026,0.033,0.048,0.046,0.111,0.165,0.004,0.058,0.056,0.111,0.018,0.067,0.006,0.15
9,B1_2,0.154,0.029,0.033,0.029,0.025,0.107,0.037,0.043,0.059,0.094,0.105,0.069,0.056,0.059,0.014,0.088
9,B1_3,0.135,0.059,0.082,0.025,0.032,0.078,0.075,0.072,0.012,0.086,0.046,0.081,0.031,0.067,0.008,0.111
9,A2_1,0.165,0.02,0.024,0.028,0.018,0.057,0.015,0.118,0.012,0.063,0.095,0.148,0.012,0.024,0.01,0.189
9,A2_2,0.265,0.024,0.021,0.027,0.016,0.093,0.026,0.048,0.016,0.059,0.173,0.023,0.029,0.063,0.02,0.097
9,A2_3,0.114,0.094,0.14,0.022,0.099,0.047,0.042,0.107,0.009,0.039,0.064,0.082,0.008,0.02,0.01,0.103
9,B2_1,0.201,0.044,0.015,0.125,0.007,0.044,0.018,0.125,0.015,0.048,0.147,0.102,0.004,0.018,0.004,0.083
9,B2_2,0.358,0.032,0.018,0.031,0.007,0.126,0.03,0.024,0.009,0.065,0.094,0.031,0.022,0.098,0.008,0.047
9,B2_3,0.07,0.172,0.053,0.019,0.122,0.038,0.122,0.105,0.006,0.041,0.03,0.134,0.01,0.024,0.01,0.044
9,y1,0.161,0.051,0.013,0.132,0.007,0.043,0.021,0.117,0.056,0.051,0.155,0.103,0.015,0.023,0.005,0.045
9,y2,0.271,0.046,0.014,0.024,0.008,0.191,0.057,0.022,0.009,0.092,0.025,0.05,0.027,0.123,0.009,0.032
9,y3,0.054,0.052,0.06,0.01,0.135,0.048,0.024,0.105,0.036,0.043,0.055,0.09,0.028,0.009,0.108,0.143
10,.,0.085,0.084,0.075,0.058,0.036,0.048,0.065,0.112,0.041,0.063,0.045,0.079,0.091,0.041,0.012,0.064
10,A1_1,0.045,0.022,0.098,0.004,0.039,0.067,0.042,0.012,0.019,0.071,0.02,0.038,0.351,0.059,0.03,0.081
10,A1_2,0.045,0.045,0.107,0.021,0.106,0.045,0.142,0.08,0.013,0.053,0.036,0.088,0.065,0.069,0.006,0.079
10,A1_3,0.203,0.034,0.043,0.013,0.016,0.088,0.033,0.031,0.016,0.102,0.055,0.128,0.074,0.088,0.006,0.071
10,B1_1,0.082,0.025,0.026,0.033,0.049,0.046,0.112,0.161,0.004,0.058,0.056,0.108,0.018,0.068,0.007,0.148
10,B1_2,0.163,0.03,0.034,0.03,0.024,0.106,0.036,0.041,0.061,0.092,0.103,0.066,0.056,0.06,0.014,0.084
10,B1_3,0.142,0.061,0.084,0.024,0.032,0.078,0.075,0.069,0.012,0.084,0.045,0.078,0.031,0.068,0.008,0.109
10,A2_1,0.177,0.021,0.025,0.029,0.018,0.057,0.015,0.116,0.012,0.062,0.093,0.147,0.012,0.025,0.01,0.182
10,A2_2,0.28,0.025,0.021,0.027,0.015,0.091,0.025,0.046,0.017,0.058,0.168,0.022,0.029,0.064,0.02,0.092
10,A2_3,0.117,0.097,0.143,0.022,0.1,0.047,0.043,0.103,0.009,0.039,0.062,0.079,0.008,0.021,0.01,0.1
10,B2_1,0.214,0.044,0.015,0.124,0.007,0.044,0.019,0.119,0.015,0.047,0.143,0.101,0.004,0.018,0.004,0.081
10,B2_2,0.375,0.032,0.017,0.031,0.007,0.122,0.029,0.024,0.009,0.064,0.091,0.03,0.021,0.097,0.008,0.046
10,B2_3,0.072,0.175,0.054,0.018,0.124,0.038,0.123,0.1,0.006,0.041,0.03,0.129,0.01,0.024,0.011,0.043
10,y1,0.17,0.052,0.014,0.133,0.007,0.043,0.021,0.113,0.056,0.051,0.151,0.101,0.015,0.024,0.005,0.044
10,y2,0.279,0.046,0.014,0.024,0.008,0.187,0.057,0.022,0.01,0.09,0.024,0.049,0.027,0.123,0.009,0.031
10,y3,0.055,0.053,0.06,0.01,0.136,0.048,0.024,0.103,0.037,0.043,0.054,0.089,0.029,0.009,0.11,0.139
11,.,0.085,0.085,0.075,0.059,0.037,0.047,0.065,0.111,0.043,0.063,0.044,0.077,0.092,0.041,0.013,0.063
11,A1_1,0.046,0.022,0.097,0.004,0.039,0.066,0.042,0.012,0.019,0.07,0.019,0.037,0.35,0.06,0.032,0.082
11,A1_2,0.046,0.044,0.109,0.021,0.108,0.044,0.143,0.077,0.014,0.052,0.035,0.083,0.068,0.07,0.007,0.079
11,A1_3,0.212,0.034,0.043,0.013,0.016,0.087,0.033,0.03,0.016,0.1,0.054,0.123,0.074,0.089,0.006,0.07
11,B1_1,0.088,0.025,0.026,0.033,0.049,0.046,0.111,0.157,0.004,0.057,0.056,0.106,0.019,0.069,0.007,0.147
11,B1_2,0.173,0.031,0.034,0.03,0.023,0.105,0.036,0.04,0.063,0.091,0.102,0.062,0.055,0.06,0.014,0.082
11,B1_3,0.149,0.063,0.086,0.024,0.032,0.077,0.074,0.066,0.013,0.083,0.045,0.076,0.031,0.068,0.008,0.106
11,A2_1,0.191,0.022,0.025,0.03,0.017,0.056,0.015,0.112,0.011,0.061,0.092,0.144,0.012,0.025,0.01,0.176
11,A2_2,0.296,0.025,0.021,0.027,0.014,0.09,0.024,0.043,0.018,0.057,0.165,0.021,0.028,0.063,0.02,0.088
11,A2_3,0.121,0.1,0.146,0.022,0.1,0.046,0.044,0.099,0.009,0.038,0.061,0.076,0.009,0.021,0.011,0.097
11,B2_1,0.229,0.044,0.015,0.123,0.007,0.044,0.018,0.113,0.015,0.047,0.141,0.098,0.004,0.019,0.004,0.079
11,B2_2,0.389,0.032,0.017,0.031,0.007,0.118,0.028,0.023,0.01,0.062,0.089,0.028,0.02,0.095,0.008,0.044
11,B2_3,0.075,0.179,0.055,0.018,0.124,0.038,0.124,0.096,0.006,0.041,0.03,0.124,0.011,0.025,0.012,0.043
11,y1,0.18,0.054,0.014,0.134,0.007,0.043,0.021,0.109,0.055,0.05,0.147,0.099,0.015,0.024,0.005,0.042
11,y2,0.284,0.047,0.014,0.024,0.008,0.183,0.057,0.022,0.01,0.088,0.024,0.047,0.027,0.123,0.01,0.031
11,y3,0.056,0.054,0.061,0.01,0.136,0.048,0.025,0.101,0.037,0.043,0.053,0.087,0.03,0.01,0.112,0.136
12,.,0.086,0.085,0.076,0.059,0.037,0.047,0.065,0.11,0.044,0.062,0.044,0.075,0.093,0.041,0.013,0.063
12,A1_1,0.045,0.022,0.097,0.004,0.039,0.064,0.042,0.012,0.02,0.069,0.019,0.036,0.352,0.06,0.034,0.084
12,A1_2,0.045,0.044,0.111,0.02,0.112,0.043,0.145,0.074,0.014,0.051,0.035,0.079,0.071,0.07,0.007,0.078
12,A1_3,0.218,0.034,0.045,0.013,0.016,0.085,0.033,0.029,0.016,0.098,0.052,0.119,0.075,0.091,0.006,0.07
12,B1_1,0.092,0.026,0.027,0.033,0.05,0.046,0.113,0.154,0.004,0.057,0.055,0.103,0.019,0.07,0.007,0.145
12,B1_2,0.179,0.032,0.035,0.03,0.023,0.103,0.036,0.038,0.065,0.089,0.099,0.06,0.057,0.062,0.015,0.079
12,B1_3,0.15,0.063,0.09,0.023,0.034,0.076,0.075,0.062,0.013,0.082,0.043,0.073,0.032,0.069,0.009,0.105
12,A2_1,0.2,0.023,0.026,0.031,0.017,0.055,0.016,0.11,0.012,0.061,0.089,0.143,0.012,0.026,0.01,0.171
12,A2_2,0.303,0.025,0.021,0.027,0.014,0.088,0.024,0.041,0.018,0.056,0.161,0.02,0.03,0.066,0.021,0.085
12,A2_3,0.122,0.102,0.151,0.021,0.1,0.046,0.046,0.093,0.01,0.039,0.058,0.075,0.009,0.023,0.01,0.094
12,B2_1,0.24,0.045,0.015,0.119,0.008,0.044,0.019,0.109,0.015,0.047,0.136,0.099,0.004,0.019,0.004,0.078
12,B2_2,0.399,0.031,0.016,0.031,0.006,0.114,0.027,0.022,0.01,0.061,0.088,0.027,0.02,0.095,0.008,0.044
12,B2_3,0.077,0.182,0.057,0.017,0.125,0.038,0.126,0.091,0.006,0.041,0.029,0.119,0.012,0.026,0.012,0.042
12,y1,0.187,0.055,0.015,0.133,0.008,0.042,0.022,0.106,0.054,0.05,0.143,0.099,0.015,0.024,0.005,0.042
12,y2,0.289,0.047,0.014,0.024,0.008,0.179,0.057,0.022,0.011,0.087,0.025,0.045,0.028,0.124,0.01,0.031
12,y3,0.057,0.056,0.063,0.01,0.137,0.049,0.026,0.097,0.038,0.043,0.051,0.087,0.032,0.01,0.113,0.131
13,.,0.086,0.086,0.077,0.06,0.037,0.047,0.064,0.108,0.046,0.062,0.044,0.073,0.093,0.041,0.013,0.063
13,A1_1,0.046,0.022,0.097,0.004,0.039,0.064,0.042,0.012,0.02,0.068,0.019,0.035,0.349,0.061,0.036,0.085
13,A1_2,0.046,0.044,0.113,0.02,0.115,0.042,0.145,0.072,0.015,0.05,0.034,0.075,0.073,0.071,0.008,0.078
13,A1_3,0.226,0.035,0.045,0.013,0.016,0.084,0.032,0.028,0.017,0.096,0.051,0.115,0.074,0.093,0.006,0.07
13,B1_1,0.097,0.026,0.028,0.033,0.05,0.046,0.112,0.15,0.005,0.056,0.055,0.102,0.019,0.071,0.007,0.143
13,B1_2,0.188,0.033,0.035,0.03,0.022,0.102,0.035,0.036,0.067,0.088,0.097,0.058,0.056,0.062,0.015,0.076
13,B1_3,0.156,0.065,0.092,0.023,0.034,0.076,0.075,0.059,0.013,0.081,0.043,0.071,0.032,0.07,0.009,0.102
13,A2_1,0.213,0.024,0.026,0.031,0.017,0.055,0.016,0.106,0.011,0.06,0.088,0.141,0.012,0.027,0.01,0.164
13,A2_2,0.316,0.026,0.021,0.027,0.013,0.086,0.024,0.039,0.019,0.056,0.157,0.019,0.03,0.066,0.021,0.082
13,A2_3,0.125,0.105,0.154,0.021,0.099,0.046,0.047,0.089,0.01,0.038,0.057,0.073,0.01,0.024,0.01,0.091
13,B2_1,0.254,0.045,0.015,0.116,0.008,0.044,0.019,0.102,0.015,0.047,0.133,0.098,0.004,0.02,0.004,0.077
13,B2_2,0.411,0.031,0.016,0.031,0.006,0.111,0.027,0.021,0.01,0.059,0.085,0.026,0.02,0.094,0.008,0.043
13,B2_3,0.08,0.186,0.057,0.017,0.123,0.039,0.126,0.087,0.006,0.041,0.029,0.115,0.012,0.027,0.012,0.041
13,y1,0.197,0.057,0.015,0.132,0.008,0.042,0.022,0.101,0.053,0.05,0.14,0.097,0.016,0.025,0.005,0.041
13,y2,0.293,0.048,0.014,0.025,0.008,0.176,0.057,0.022,0.011,0.085,0.024,0.044,0.028,0.124,0.011,0.031
13,y3,0.058,0.058,0.063,0.01,0.136,0.049,0.027,0.095,0.038,0.043,0.051,0.087,0.033,0.011,0.113,0.128
14,.,0.087,0.086,0.077,0.06,0.037,0.046,0.064,0.108,0.047,0.062,0.043,0.071,0.093,0.041,0.014,0.063
14,A1_1,0.046,0.021,0.096,0.004,0.039,0.062,0.041,0.012,0.02,0.067,0.018,0.034,0.35,0.062,0.039,0.087
14,A1_2,0.045,0.043,0.114,0.02,0.118,0.041,0.145,0.07,0.015,0.049,0.034,0.072,0.075,0.072,0.008,0.078
14,A1_3,0.231,0.034,0.045,0.013,0.017,0.082,0.032,0.027,0.017,0.094,0.05,0.112,0.074,0.094,0.007,0.07
14,B1_1,0.101,0.026,0.028,0.034,0.051,0.045,0.112,0.148,0.005,0.056,0.055,0.099,0.019,0.071,0.008,0.143
14,B1_2,0.193,0.033,0.036,0.03,0.021,0.101,0.034,0.035,0.069,0.087,0.095,0.055,0.056,0.062,0.015,0.076
14,B1_3,0.158,0.066,0.094,0.022,0.034,0.075,0.074,0.058,0.014,0.08,0.042,0.069,0.032,0.07,0.009,0.102
14,A2_1,0.223,0.024,0.026,0.032,0.017,0.054,0.016,0.104,0.012,0.059,0.087,0.138,0.012,0.027,0.01,0.162
14,A2_2,0.323,0.026,0.021,0.027,0.013,0.085,0.023,0.037,0.02,0.055,0.155,0.018,0.03,0.065,0.022,0.08
14,A2_3,0.126,0.107,0.157,0.021,0.101,0.045,0.048,0.087,0.01,0.038,0.056,0.071,0.01,0.024,0.011,0.089
14,B2_1,0.266,0.044,0.015,0.115,0.007,0.044,0.018,0.098,0.015,0.046,0.133,0.095,0.004,0.02,0.004,0.075
14,B2_2,0.419,0.032,0.016,0.031,0.006,0.109,0.026,0.021,0.011,0.058,0.083,0.025,0.02,0.093,0.008,0.042
14,B2_3,0.081,0.188,0.058,0.017,0.125,0.038,0.127,0.086,0.006,0.04,0.029,0.113,0.012,0.027,0.013,0.041
14,y1,0.206,0.057,0.015,0.132,0.007,0.042,0.021,0.098,0.053,0.049,0.138,0.094,0.016,0.025,0.005,0.04
14,y2,0.293,0.049,0.014,0.024,0.008,0.174,0.058,0.021,0.011,0.085,0.024,0.043,0.028,0.124,0.012,0.031
14,y3,0.057,0.058,0.064,0.01,0.138,0.049,0.027,0.094,0.039,0.043,0.05,0.086,0.033,0.011,0.115,0.126
15,.,0.086,0.086,0.078,0.06,0.038,0.046,0.064,0.107,0.049,0.061,0.043,0.07,0.094,0.041,0.015,0.063
15,A1_1,0.046,0.021,0.095,0.004,0.04,0.062,0.041,0.012,0.02,0.067,0.018,0.034,0.349,0.062,0.041,0.089
15,A1_2,0.044,0.043,0.115,0.019,0.122,0.041,0.145,0.068,0.016,0.048,0.033,0.069,0.077,0.071,0.009,0.079
15,A1_3,0.236,0.034,0.046,0.012,0.017,0.081,0.032,0.026,0.017,0.093,0.049,0.109,0.074,0.095,0.007,0.07
15,B1_1,0.104,0.027,0.028,0.034,0.053,0.045,0.112,0.145,0.005,0.056,0.055,0.097,0.02,0.071,0.008,0.142
15,B1_2,0.198,0.034,0.037,0.03,0.021,0.099,0.034,0.034,0.072,0.086,0.093,0.054,0.057,0.063,0.016,0.074
15,B1_3,0.159,0.067,0.097,0.022,0.035,0.074,0.074,0.056,0.014,0.078,0.041,0.067,0.033,0.07,0.01,0.102
15,A2_1,0.233,0.025,0.026,0.032,0.016,0.054,0.016,0.101,0.012,0.059,0.085,0.135,0.012,0.027,0.01,0.157
15,A2_2,0.327,0.026,0.021,0.026,0.013,0.083,0.023,0.036,0.021,0.054,0.152,0.018,0.031,0.066,0.023,0.079
15,A2_3,0.125,0.109,0.161,0.021,0.101,0.045,0.049,0.085,0.01,0.037,0.054,0.07,0.01,0.025,0.011,0.087
15,B2_1,0.278,0.044,0.015,0.112,0.008,0.044,0.019,0.094,0.015,0.046,0.13,0.093,0.004,0.021,0.004,0.074
15,B2_2,0.427,0.031,0.016,0.031,0.006,0.106,0.026,0.021,0.011,0.057,0.081,0.025,0.019,0.093,0.008,0.042
15,B2_3,0.082,0.189,0.059,0.017,0.125,0.038,0.127,0.084,0.007,0.04,0.029,0.109,0.013,0.027,0.013,0.04
15,y1,0.215,0.058,0.015,0.131,0.008,0.042,0.021,0.094,0.053,0.049,0.136,0.092,0.016,0.026,0.005,0.039
15,y2,0.295,0.049,0.014,0.024,0.009,0.171,0.059,0.021,0.012,0.084,0.024,0.042,0.029,0.124,0.012,0.031
15,y3,0.057,0.059,0.065,0.01,0.138,0.049,0.027,0.094,0.04,0.042,0.049,0.085,0.034,0.011,0.114,0.125
16,.,0.086,0.086,0.079,0.061,0.038,0.045,0.064,0.107,0.05,0.061,0.042,0.068,0.094,0.04,0.015,0.063
16,A1_1,0.046,0.021,0.095,0.004,0.04,0.061,0.04,0.011,0.021,0.066,0.018,0.033,0.347,0.063,0.044,0.09
16,A1_2,0.043,0.042,0.116,0.019,0.126,0.04,0.146,0.066,0.016,0.048,0.033,0.066,0.079,0.071,0.01,0.079
16,A1_3,0.24,0.034,0.047,0.012,0.017,0.08,0.032,0.026,0.018,0.091,0.047,0.106,0.074,0.097,0.007,0.07
16,B1_1,0.106,0.027,0.029,0.034,0.054,0.045,0.113,0.143,0.005,0.055,0.054,0.094,0.02,0.072,0.009,0.141
16,B1_2,0.2,0.034,0.038,0.03,0.021,0.098,0.033,0.033,0.074,0.085,0.091,0.052,0.057,0.064,0.016,0.073
16,B1_3,0.159,0.066,0.098,0.022,0.036,0.074,0.075,0.054,0.015,0.077,0.041,0.066,0.034,0.071,0.011,0.103
16,A2_1,0.239,0.025,0.026,0.032,0.017,0.054,0.016,0.1,0.012,0.058,0.084,0.134,0.012,0.028,0.01,0.155
16,A2_2,0.332,0.026,0.022,0.026,0.013,0.081,0.023,0.035,0.021,0.054,0.149,0.017,0.032,0.067,0.023,0.079
16,A2_3,0.125,0.108,0.162,0.021,0.102,0.044,0.05,0.083,0.01,0.037,0.054,0.068,0.01,0.025,0.011,0.087
16,B2_1,0.288,0.043,0.015,0.109,0.008,0.044,0.019,0.091,0.015,0.046,0.127,0.092,0.004,0.021,0.004,0.074
16,B2_2,0.435,0.031,0.016,0.031,0.006,0.104,0.025,0.02,0.011,0.056,0.08,0.024,0.019,0.091,0.009,0.042
16,B2_3,0.083,0.189,0.06,0.017,0.127,0.038,0.127,0.082,0.007,0.039,0.029,0.107,0.013,0.028,0.014,0.04
16,y1,0.222,0.058,0.016,0.13,0.008,0.042,0.021,0.092,0.053,0.049,0.133,0.09,0.016,0.026,0.005,0.039
16,y2,0.297,0.049,0.014,0.024,0.009,0.168,0.059,0.021,0.012,0.083,0.024,0.042,0.029,0.124,0.013,0.031
16,y3,0.057,0.059,0.065,0.01,0.139,0.049,0.028,0.092,0.041,0.042,0.048,0.085,0.035,0.011,0.115,0.124
17,.,0.085,0.087,0.08,0.061,0.039,0.045,0.063,0.106,0.052,0.061,0.042,0.066,0.094,0.04,0.016,0.063
17,A1_1,0.046,0.021,0.094,0.004,0.04,0.061,0.04,0.011,0.021,0.066,0.018,0.033,0.344,0.064,0.046,0.093
17,A1_2,0.043,0.041,0.116,0.018,0.129,0.039,0.145,0.064,0.017,0.047,0.033,0.064,0.081,0.072,0.01,0.08
17,A1_3,0.244,0.034,0.047,0.012,0.017,0.079,0.032,0.025,0.018,0.09,0.047,0.103,0.074,0.098,0.008,0.07
17,B1_1,0.109,0.027,0.029,0.034,0.055,0.045,0.113,0.14,0.005,0.055,0.054,0.092,0.021,0.072,0.009,0.14
17,B1_2,0.206,0.035,0.038,0.03,0.021,0.096,0.033,0.032,0.076,0.084,0.09,0.05,0.057,0.065,0.016,0.071
17,B1_3,0.161,0.067,0.1,0.022,0.037,0.073,0.074,0.052,0.015,0.077,0.04,0.064,0.034,0.072,0.011,0.102
17,A2_1,0.248,0.025,0.027,0.033,0.017,0.053,0.016,0.097,0.012,0.057,0.083,0.131,0.012,0.028,0.01,0.151
17,A2_2,0.337,0.026,0.022,0.026,0.013,0.08,0.023,0.034,0.022,0.053,0.147,0.017,0.032,0.067,0.024,0.077
17,A2_3,0.126,0.11,0.165,0.021,0.102,0.044,0.051,0.08,0.011,0.037,0.053,0.067,0.011,0.026,0.011,0.085
17,B2_1,0.299,0.043,0.015,0.106,0.008,0.044,0.019,0.087,0.014,0.046,0.125,0.091,0.004,0.022,0.004,0.073
17,B2_2,0.442,0.031,0.016,0.031,0.006,0.101,0.025,0.02,0.012,0.055,0.079,0.023,0.018,0.091,0.009,0.042
17,B2_3,0.085,0.191,0.061,0.017,0.125,0.038,0.127,0.079,0.007,0.039,0.029,0.104,0.013,0.028,0.014,0.04
17,y1,0.231,0.059,0.016,0.129,0.008,0.042,0.021,0.088,0.052,0.048,0.131,0.089,0.016,0.026,0.005,0.038
17,y2,0.299,0.05,0.015,0.024,0.009,0.165,0.059,0.021,0.013,0.082,0.024,0.041,0.029,0.125,0.014,0.031
17,y3,0.058,0.061,0.067,0.01,0.137,0.049,0.028,0.091,0.041,0.042,0.048,0.085,0.036,0.012,0.114,0.122
18,.,0.085,0.087,0.08,0.061,0.039,0.044,0.063,0.106,0.054,0.061,0.042,0.065,0.095,0.04,0.016,0.063
18,A1_1,0.045,0.02,0.092,0.004,0.04,0.06,0.04,0.011,0.021,0.065,0.017,0.032,0.343,0.066,0.049,0.094
18,A1_2,0.042,0.04,0.116,0.018,0.132,0.038,0.146,0.063,0.017,0.046,0.033,0.061,0.083,0.072,0.011,0.08
18,A1_3,0.248,0.034,0.047,0.012,0.018,0.077,0.032,0.025,0.018,0.088,0.046,0.1,0.074,0.1,0.008,0.071
18,B1_1,0.113,0.027,0.029,0.033,0.055,0.045,0.113,0.137,0.006,0.055,0.054,0.091,0.021,0.073,0.009,0.139
18,B1_2,0.21,0.036,0.038,0.03,0.02,0.095,0.033,0.031,0.077,0.083,0.088,0.049,0.057,0.065,0.017,0.07
18,B1_3,0.164,0.067,0.1,0.021,0.037,0.072,0.074,0.051,0.015,0.075,0.04,0.063,0.034,0.073,0.011,0.101
18,A2_1,0.256,0.026,0.026,0.033,0.016,0.053,0.017,0.095,0.012,0.057,0.082,0.129,0.012,0.029,0.01,0.148
18,A2_2,0.342,0.027,0.022,0.026,0.012,0.079,0.023,0.033,0.023,0.053,0.144,0.016,0.033,0.068,0.025,0.076
18,A2_3,0.128,0.111,0.165,0.021,0.101,0.044,0.053,0.078,0.011,0.037,0.052,0.066,0.011,0.027,0.011,0.085
18,B2_1,0.311,0.042,0.015,0.101,0.008,0.044,0.019,0.083,0.014,0.046,0.123,0.089,0.005,0.022,0.005,0.073
18,B2_2,0.45,0.031,0.016,0.031,0.006,0.098,0.024,0.02,0.012,0.054,0.079,0.023,0.018,0.089,0.009,0.042
18,B2_3,0.088,0.192,0.061,0.017,0.123,0.039,0.127,0.077,0.007,0.039,0.029,0.102,0.014,0.029,0.014,0.04
18,y1,0.239,0.059,0.016,0.127,0.008,0.042,0.021,0.085,0.052,0.048,0.129,0.087,0.017,0.027,0.005,0.038
18,y2,0.301,0.051,0.015,0.024,0.009,0.161,0.06,0.021,0.013,0.08,0.024,0.04,0.03,0.125,0.014,0.032
18,y3,0.059,0.062,0.067,0.01,0.135,0.049,0.029,0.089,0.042,0.043,0.048,0.084,0.037,0.012,0.114,0.12
19,.,0.084,0.087,0.08,0.061,0.04,0.044,0.063,0.106,0.055,0.06,0.041,0.064,0.096,0.04,0.017,0.063
19,A1_1,0.045,0.02,0.091,0.004,0.04,0.059,0.039,0.011,0.021,0.064,0.017,0.031,0.342,0.066,0.052,0.096
19,A1_2,0.042,0.04,0.116,0.017,0.135,0.038,0.146,0.061,0.018,0.046,0.032,0.059,0.086,0.073,0.012,0.081
19,A1_3,0.251,0.034,0.047,0.012,0.018,0.076,0.032,0.024,0.019,0.087,0.046,0.098,0.074,0.102,0.009,0.071
19,B1_1,0.116,0.027,0.03,0.033,0.056,0.044,0.112,0.134,0.006,0.055,0.054,0.089,0.021,0.074,0.01,0.139
19,B1_2,0.213,0.036,0.039,0.029,0.02,0.093,0.032,0.031,0.079,0.082,0.087,0.047,0.058,0.066,0.017,0.07
19,B1_3,0.165,0.067,0.101,0.021,0.038,0.071,0.074,0.05,0.016,0.074,0.04,0.061,0.035,0.074,0.012,0.102
19,A2_1,0.266,0.026,0.026,0.033,0.016,0.052,0.017,0.092,0.012,0.056,0.081,0.126,0.012,0.03,0.01,0.145
19,A2_2,0.348,0.027,0.022,0.025,0.012,0.077,0.022,0.032,0.024,0.052,0.142,0.016,0.032,0.067,0.025,0.076
19,A2_3,0.128,0.112,0.166,0.021,0.101,0.044,0.053,0.076,0.011,0.037,0.052,0.065,0.012,0.028,0.012,0.084
19,B2_1,0.323,0.041,0.015,0.097,0.008,0.044,0.019,0.079,0.014,0.046,0.122,0.087,0.005,0.022,0.005,0.072
19,B2_2,0.457,0.031,0.016,0.03,0.006,0.096,0.024,0.02,0.012,0.053,0.078,0.022,0.018,0.087,0.009,0.042
19,B2_3,0.09,0.193,0.062,0.017,0.123,0.039,0.127,0.075,0.007,0.039,0.03,0.099,0.014,0.03,0.015,0.04
19,y1,0.247,0.059,0.017,0.125,0.008,0.042,0.021,0.083,0.052,0.048,0.127,0.085,0.017,0.027,0.005,0.037
19,y2,0.301,0.052,0.015,0.024,0.01,0.158,0.061,0.022,0.013,0.08,0.024,0.039,0.03,0.124,0.015,0.032
19,y3,0.059,0.062,0.067,0.01,0.134,0.048,0.03,0.088,0.042,0.042,0.049,0.083,0.038,0.013,0.115,0.119
20,.,0.082,0.087,0.081,0.061,0.04,0.043,0.064,0.105,0.057,0.06,0.041,0.062,0.096,0.04,0.018,0.063
20,A1_1,0.044,0.02,0.09,0.004,0.041,0.058,0.039,0.011,0.022,0.063,0.017,0.031,0.342,0.067,0.055,0.098
20,A1_2,0.04,0.039,0.115,0.017,0.139,0.037,0.146,0.059,0.018,0.045,0.032,0.057,0.088,0.073,0.013,0.081
20,A1_3,0.251,0.034,0.048,0.012,0.019,0.075,0.033,0.024,0.019,0.085,0.045,0.095,0.075,0.104,0.009,0.073
20,B1_1,0.116,0.028,0.03,0.033,0.057,0.044,0.113,0.132,0.006,0.054,0.054,0.087,0.022,0.074,0.011,0.139
20,B1_2,0.213,0.037,0.04,0.029,0.02,0.092,0.033,0.03,0.08,0.082,0.085,0.046,0.058,0.067,0.018,0.07
20,B1_3,0.163,0.067,0.102,0.02,0.039,0.07,0.075,0.049,0.016,0.073,0.04,0.06,0.036,0.075,0.013,0.103
20,A2_1,0.271,0.026,0.027,0.033,0.016,0.052,0.017,0.09,0.012,0.056,0.08,0.124,0.012,0.03,0.01,0.144
20,A2_2,0.347,0.027,0.023,0.025,0.012,0.076,0.022,0.031,0.025,0.052,0.141,0.016,0.033,0.068,0.027,0.077
20,A2_3,0.127,0.112,0.168,0.021,0.103,0.043,0.054,0.075,0.011,0.036,0.051,0.063,0.012,0.028,0.012,0.083
20,B2_1,0.332,0.041,0.015,0.095,0.008,0.044,0.019,0.076,0.014,0.046,0.121,0.085,0.005,0.023,0.005,0.072
20,B2_2,0.459,0.031,0.016,0.03,0.006,0.094,0.024,0.019,0.013,0.053,0.077,0.021,0.018,0.087,0.01,0.042
20,B2_3,0.09,0.194,0.062,0.017,0.124,0.038,0.127,0.074,0.007,0.039,0.029,0.097,0.015,0.03,0.015,0.04
20,y1,0.254,0.06,0.017,0.124,0.008,0.042,0.021,0.079,0.052,0.048,0.126,0.083,0.017,0.028,0.005,0.037
20,y2,0.296,0.053,0.015,0.024,0.01,0.155,0.063,0.022,0.014,0.079,0.024,0.039,0.031,0.125,0.017,0.033
20,y3,0.059,0.062,0.068,0.01,0.135,0.048,0.03,0.087,0.043,0.042,0.048,0.083,0.039,0.013,0.115,0.117
21,.,0.081,0.087,0.081,0.061,0.041,0.043,0.063,0.105,0.059,0.06,0.04,0.061,0.097,0.039,0.018,0.063
21,A1_1,0.043,0.019,0.088,0.004,0.041,0.057,0.039,0.011,0.022,0.063,0.016,0.03,0.341,0.068,0.058,0.1
21,A1_2,0.039,0.038,0.115,0.017,0.143,0.036,0.146,0.058,0.019,0.045,0.031,0.055,0.09,0.073,0.014,0.082
21,A1_3,0.25,0.034,0.048,0.012,0.019,0.074,0.033,0.024,0.02,0.085,0.044,0.093,0.076,0.105,0.01,0.074
21,B1_1,0.116,0.028,0.03,0.033,0.059,0.044,0.114,0.131,0.006,0.054,0.054,0.085,0.023,0.074,0.011,0.14
21,B1_2,0.213,0.037,0.041,0.029,0.021,0.091,0.032,0.029,0.082,0.081,0.083,0.046,0.059,0.068,0.019,0.07
21,B1_3,0.161,0.066,0.102,0.02,0.04,0.07,0.075,0.048,0.017,0.073,0.04,0.058,0.036,0.076,0.014,0.105
21,A2_1,0.275,0.026,0.027,0.033,0.016,0.052,0.017,0.089,0.013,0.056,0.078,0.122,0.012,0.031,0.011,0.143
21,A2_2,0.346,0.027,0.023,0.025,0.012,0.075,0.022,0.031,0.026,0.052,0.139,0.015,0.034,0.068,0.029,0.077
21,A2_3,0.126,0.113,0.169,0.021,0.103,0.043,0.055,0.073,0.011,0.036,0.05,0.063,0.012,0.029,0.012,0.083
21,B2_1,0.339,0.04,0.015,0.093,0.008,0.044,0.018,0.074,0.014,0.045,0.119,0.084,0.005,0.023,0.005,0.072
21,B2_2,0.459,0.031,0.016,0.03,0.006,0.093,0.024,0.019,0.013,0.052,0.076,0.021,0.018,0.087,0.01,0.043
21,B2_3,0.091,0.194,0.063,0.017,0.124,0.038,0.127,0.072,0.008,0.038,0.029,0.096,0.015,0.031,0.016,0.04
21,y1,0.259,0.06,0.017,0.123,0.008,0.042,0.021,0.078,0.052,0.048,0.124,0.082,0.018,0.028,0.006,0.037
21,y2,0.292,0.053,0.016,0.024,0.011,0.154,0.064,0.022,0.015,0.079,0.024,0.038,0.032,0.126,0.018,0.033
21,y3,0.058,0.063,0.068,0.01,0.135,0.048,0.031,0.086,0.044,0.042,0.047,0.083,0.04,0.013,0.115,0.116
22,.,0.079,0.087,0.081,0.061,0.041,0.042,0.063,0.105,0.06,0.06,0.04,0.06,0.097,0.039,0.019,0.063
22,A1_1,0.043,0.019,0.087,0.004,0.041,0.056,0.038,0.011,0.022,0.062,0.016,0.029,0.339,0.069,0.061,0.102
22,A1_2,0.038,0.037,0.114,0.016,0.147,0.036,0.146,0.057,0.019,0.044,0.031,0.053,0.091,0.073,0.015,0.083
22,A1_3,0.25,0.034,0.048,0.012,0.019,0.073,0.033,0.023,0.02,0.083,0.044,0.092,0.077,0.107,0.011,0.075
22,B1_1,0.116,0.028,0.031,0.032,0.06,0.043,0.115,0.129,0.007,0.053,0.053,0.083,0.024,0.074,0.012,0.141
22,B1_2,0.214,0.037,0.041,0.029,0.021,0.089,0.032,0.029,0.083,0.08,0.082,0.045,0.06,0.068,0.019,0.07
22,B1_3,0.16,0.066,0.102,0.02,0.041,0.069,0.075,0.047,0.017,0.072,0.04,0.057,0.037,0.077,0.015,0.107
22,A2_1,0.279,0.026,0.027,0.033,0.017,0.051,0.017,0.088,0.013,0.055,0.078,0.12,0.012,0.031,0.011,0.142
22,A2_2,0.348,0.027,0.023,0.025,0.012,0.074,0.022,0.03,0.026,0.051,0.138,0.015,0.034,0.068,0.03,0.078
22,A2_3,0.125,0.114,0.169,0.021,0.105,0.042,0.056,0.073,0.012,0.036,0.05,0.062,0.012,0.029,0.013,0.083
22,B2_1,0.347,0.04,0.015,0.091,0.008,0.044,0.018,0.071,0.015,0.045,0.118,0.082,0.005,0.023,0.005,0.072
22,B2_2,0.462,0.031,0.016,0.03,0.006,0.091,0.024,0.019,0.014,0.052,0.075,0.021,0.018,0.087,0.011,0.043
22,B2_3,0.09,0.195,0.063,0.017,0.126,0.038,0.128,0.071,0.008,0.038,0.029,0.095,0.015,0.031,0.016,0.04
22,y1,0.266,0.06,0.017,0.121,0.008,0.041,0.021,0.075,0.052,0.048,0.123,0.08,0.018,0.028,0.006,0.036
22,y2,0.286,0.054,0.016,0.023,0.011,0.152,0.066,0.022,0.015,0.078,0.024,0.037,0.033,0.127,0.019,0.034
22,y3,0.058,0.063,0.069,0.011,0.136,0.048,0.031,0.086,0.044,0.042,0.047,0.083,0.041,0.014,0.114,0.115
23,.,0.078,0.087,0.082,0.062,0.042,0.042,0.063,0.104,0.062,0.06,0.04,0.059,0.098,0.039,0.02,0.063
23,A1_1,0.042,0.019,0.086,0.004,0.041,0.055,0.038,0.011,0.022,0.061,0.016,0.029,0.338,0.07,0.064,0.105
23,A1_2,0.037,0.036,0.113,0.016,0.15,0.035,0.146,0.056,0.02,0.043,0.031,0.051,0.093,0.073,0.016,0.084
23,A1_3,0.251,0.033,0.048,0.012,0.02,0.072,0.033,0.023,0.02,0.082,0.043,0.089,0.077,0.109,0.011,0.076
23,B1_1,0.117,0.028,0.031,0.032,0.061,0.043,0.114,0.127,0.007,0.053,0.053,0.081,0.024,0.075,0.013,0.141
23,B1_2,0.216,0.037,0.042,0.028,0.021,0.088,0.032,0.028,0.085,0.08,0.08,0.044,0.06,0.069,0.02,0.07
23,B1_3,0.16,0.066,0.103,0.02,0.041,0.068,0.075,0.046,0.017,0.071,0.04,0.056,0.037,0.077,0.016,0.108
23,A2_1,0.288,0.027,0.027,0.032,0.016,0.051,0.017,0.085,0.013,0.054,0.077,0.117,0.012,0.032,0.011,0.14
23,A2_2,0.348,0.027,0.024,0.024,0.013,0.072,0.021,0.03,0.027,0.051,0.137,0.015,0.035,0.067,0.032,0.078
23,A2_3,0.125,0.114,0.17,0.021,0.105,0.042,0.056,0.071,0.012,0.035,0.049,0.061,0.013,0.03,0.013,0.082
23,B2_1,0.358,0.039,0.015,0.088,0.008,0.044,0.018,0.068,0.015,0.045,0.118,0.079,0.005,0.024,0.006,0.071
23,B2_2,0.463,0.032,0.017,0.03,0.006,0.09,0.024,0.019,0.014,0.051,0.074,0.02,0.018,0.086,0.011,0.043
23,B2_3,0.092,0.195,0.064,0.017,0.124,0.038,0.127,0.07,0.008,0.038,0.029,0.094,0.016,0.032,0.017,0.04
23,y1,0.274,0.06,0.017,0.118,0.007,0.042,0.021,0.072,0.052,0.048,0.121,0.078,0.018,0.029,0.006,0.036
23,y2,0.281,0.055,0.017,0.023,0.012,0.15,0.068,0.022,0.016,0.078,0.024,0.037,0.034,0.128,0.021,0.035
23,y3,0.058,0.064,0.07,0.011,0.133,0.048,0.032,0.084,0.045,0.042,0.047,0.083,0.042,0.014,0.112,0.114
24,.,0.077,0.087,0.082,0.062,0.042,0.042,0.063,0.104,0.063,0.06,0.039,0.058,0.099,0.039,0.02,0.063
24,A1_1,0.041,0.018,0.084,0.004,0.041,0.054,0.038,0.011,0.022,0.06,0.016,0.028,0.337,0.07,0.068,0.107
24,A1_2,0.036,0.036,0.112,0.016,0.153,0.035,0.146,0.055,0.02,0.042,0.031,0.05,0.095,0.073,0.017,0.085
24,A1_3,0.25,0.033,0.048,0.012,0.02,0.071,0.033,0.023,0.021,0.081,0.043,0.087,0.078,0.11,0.012,0.077
24,B1_1,0.117,0.028,0.031,0.032,0.062,0.043,0.115,0.126,0.007,0.053,0.053,0.08,0.025,0.075,0.013,0.141
24,B1_2,0.217,0.037,0.042,0.028,0.021,0.087,0.032,0.028,0.085,0.079,0.079,0.043,0.061,0.07,0.021,0.071
24,B1_3,0.158,0.065,0.102,0.02,0.042,0.067,0.076,0.046,0.018,0.07,0.04,0.055,0.038,0.078,0.017,0.11
24,A2_1,0.293,0.026,0.027,0.032,0.017,0.051,0.017,0.084,0.013,0.054,0.076,0.115,0.013,0.032,0.011,0.14
24,A2_2,0.35,0.027,0.024,0.024,0.013,0.071,0.021,0.029,0.028,0.05,0.136,0.014,0.034,0.067,0.033,0.079
