,,.,A1_1,A1_2,A1_3,B1_1,B1_2,B1_3,A2_1,A2_2,A2_3,B2_1,B2_2,B2_3,y1,y2,y3
2,.,1.0,-0.058,0.65,0.221,-0.006,-0.309,-0.474,0.313,0.609,0.315,-0.54,-0.422,-0.408,-0.093,-0.272,0.112
2,A1_1,-0.058,1.0,0.368,0.128,-0.638,-0.331,0.039,0.093,0.255,0.588,-0.026,-0.129,0.247,0.651,0.836,0.569
2,A1_2,0.65,0.368,1.0,0.16,-0.009,-0.778,-0.328,0.509,0.76,0.659,-0.665,-0.873,-0.638,-0.034,0.275,0.1
2,A1_3,0.221,0.128,0.16,1.0,-0.533,-0.127,-0.652,0.701,0.469,0.249,-0.444,0.067,-0.188,0.198,0.339,0.126
2,B1_1,-0.006,-0.638,-0.009,-0.533,1.0,-0.201,-0.07,0.043,-0.23,-0.381,0.197,-0.222,-0.557,-0.859,-0.568,-0.657
2,B1_2,-0.309,-0.331,-0.778,-0.127,-0.201,1.0,0.492,-0.665,-0.573,-0.461,0.403,0.754,0.679,0.379,-0.435,0.303
2,B1_3,-0.474,0.039,-0.328,-0.652,-0.07,0.492,1.0,-0.821,-0.397,-0.02,0.17,0.091,0.562,0.402,-0.032,0.293
2,A2_1,0.313,0.093,0.509,0.701,0.043,-0.665,-0.821,1.0,0.636,0.406,-0.478,-0.331,-0.75,-0.277,0.356,-0.178
2,A2_2,0.609,0.255,0.76,0.469,-0.23,-0.573,-0.397,0.636,1.0,0.83,-0.822,-0.514,-0.574,0.113,0.362,0.133
2,A2_3,0.315,0.588,0.659,0.249,-0.381,-0.461,-0.02,0.406,0.83,1.0,-0.697,-0.413,-0.285,0.438,0.665,0.421
2,B2_1,-0.54,-0.026,-0.665,-0.444,0.197,0.403,0.17,-0.478,-0.822,-0.697,1.0,0.592,0.461,-0.062,-0.235,-0.034
2,B2_2,-0.422,-0.129,-0.873,0.067,-0.222,0.754,0.091,-0.331,-0.514,-0.413,0.592,1.0,0.622,0.245,-0.122,0.122
2,B2_3,-0.408,0.247,-0.638,-0.188,-0.557,0.679,0.562,-0.75,-0.574,-0.285,0.461,0.622,1.0,0.589,0.082,0.384
2,y1,-0.093,0.651,-0.034,0.198,-0.859,0.379,0.402,-0.277,0.113,0.438,-0.062,0.245,0.589,1.0,0.474,0.899
2,y2,-0.272,0.836,0.275,0.339,-0.568,-0.435,-0.032,0.356,0.362,0.665,-0.235,-0.122,0.082,0.474,1.0,0.3
2,y3,0.112,0.569,0.1,0.126,-0.657,0.303,0.293,-0.178,0.133,0.421,-0.034,0.122,0.384,0.899,0.3,1.0
4,.,1.0,0.418,0.041,0.014,-0.4,0.179,0.076,0.403,0.704,0.183,0.101,0.234,-0.277,-0.545,-0.745,-0.593
4,A1_1,0.418,1.0,-0.463,0.24,0.014,0.074,-0.128,0.312,0.545,0.303,-0.74,0.367,-0.822,-0.497,-0.372,-0.504
4,A1_2,0.041,-0.463,1.0,0.106,0.037,-0.507,-0.522,-0.024,-0.356,0.469,0.421,-0.48,0.437,0.179,-0.342,-0.265
4,A1_3,0.014,0.24,0.106,1.0,-0.124,-0.251,-0.163,0.05,0.01,0.076,-0.322,-0.198,-0.211,0.396,0.133,0.092
4,B1_1,-0.4,0.014,0.037,-0.124,1.0,0.054,-0.016,-0.456,-0.508,-0.111,0.073,0.393,0.157,-0.362,0.117,0.134
4,B1_2,0.179,0.074,-0.507,-0.251,0.054,1.0,0.925,-0.295,0.03,-0.503,0.21,0.509,0.206,-0.132,-0.104,0.386
4,B1_3,0.076,-0.128,-0.522,-0.163,-0.016,0.925,1.0,-0.328,0.052,-0.665,0.326,0.489,0.251,0.05,0.118,0.585
4,A2_1,0.403,0.312,-0.024,0.05,-0.456,-0.295,-0.328,1.0,0.72,0.41,-0.421,0.223,-0.552,-0.254,-0.377,-0.484
4,A2_2,0.704,0.545,-0.356,0.01,-0.508,0.03,0.052,0.72,1.0,0.177,-0.33,0.446,-0.736,-0.417,-0.432,-0.463
4,A2_3,0.183,0.303,0.469,0.076,-0.111,-0.503,-0.665,0.41,0.177,1.0,-0.482,-0.16,-0.432,-0.016,-0.645,-0.813
4,B2_1,0.101,-0.74,0.421,-0.322,0.073,0.21,0.326,-0.421,-0.33,-0.482,1.0,-0.135,0.822,-0.007,0.053,0.356
4,B2_2,0.234,0.367,-0.48,-0.198,0.393,0.509,0.489,0.223,0.446,-0.16,-0.135,1.0,-0.378,-0.588,-0.264,-0.015
4,B2_3,-0.277,-0.822,0.437,-0.211,0.157,0.206,0.251,-0.552,-0.736,-0.432,0.822,-0.378,1.0,0.299,0.254,0.514
4,y1,-0.545,-0.497,0.179,0.396,-0.362,-0.132,0.05,-0.254,-0.417,-0.016,-0.007,-0.588,0.299,1.0,0.469,0.48
4,y2,-0.745,-0.372,-0.342,0.133,0.117,-0.104,0.118,-0.377,-0.432,-0.645,0.053,-0.264,0.254,0.469,1.0,0.774
4,y3,-0.593,-0.504,-0.265,0.092,0.134,0.386,0.585,-0.484,-0.463,-0.813,0.356,-0.015,0.514,0.48,0.774,1.0
6,.,1.0,0.114,0.016,0.2,-0.131,0.482,0.028,0.453,0.479,-0.27,0.114,-0.385,-0.158,-0.636,-0.225,-0.813
6,A1_1,0.114,1.0,0.445,0.658,-0.184,0.065,-0.485,0.722,0.484,0.255,-0.46,-0.686,-0.201,-0.091,0.594,-0.23
6,A1_2,0.016,0.445,1.0,-0.198,-0.534,-0.642,-0.685,0.655,0.027,-0.022,-0.234,-0.108,-0.285,-0.328,-0.143,-0.324
6,A1_3,0.2,0.658,-0.198,1.0,0.088,0.484,-0.055,0.319,0.255,-0.014,-0.174,-0.424,0.018,0.197,0.51,-0.195
6,B1_1,-0.131,-0.184,-0.534,0.088,1.0,0.599,0.79,-0.482,0.029,-0.169,0.091,0.233,0.325,0.363,-0.018,0.332
6,B1_2,0.482,0.065,-0.642,0.484,0.599,1.0,0.702,-0.022,0.382,-0.22,0.278,-0.145,0.37,-0.067,0.24,-0.262
6,B1_3,0.028,-0.485,-0.685,-0.055,0.79,0.702,1.0,-0.525,-0.084,-0.343,0.497,0.427,0.479,0.174,0.001,0.137
6,A2_1,0.453,0.722,0.655,0.319,-0.482,-0.022,-0.525,1.0,0.232,-0.223,0.049,-0.391,0.064,-0.676,0.202,-0.763
6,A2_2,0.479,0.484,0.027,0.255,0.029,0.382,-0.084,0.232,1.0,0.596,-0.61,-0.781,-0.493,-0.032,0.255,-0.095
6,A2_3,-0.27,0.255,-0.022,-0.014,-0.169,-0.22,-0.343,-0.223,0.596,1.0,-0.82,-0.616,-0.642,0.447,0.371,0.593
6,B2_1,0.114,-0.46,-0.234,-0.174,0.091,0.278,0.497,0.049,-0.61,-0.82,1.0,0.665,0.813,-0.441,-0.145,-0.427
6,B2_2,-0.385,-0.686,-0.108,-0.424,0.233,-0.145,0.427,-0.391,-0.781,-0.616,0.665,1.0,0.612,0.134,-0.504,0.114
6,B2_3,-0.158,-0.201,-0.285,0.018,0.325,0.37,0.479,0.064,-0.493,-0.642,0.813,0.612,1.0,-0.212,0.019,-0.185
6,y1,-0.636,-0.091,-0.328,0.197,0.363,-0.067,0.174,-0.676,-0.032,0.447,-0.441,0.134,-0.212,1.0,0.132,0.811
6,y2,-0.225,0.594,-0.143,0.51,-0.018,0.24,0.001,0.202,0.255,0.371,-0.145,-0.504,0.019,0.132,1.0,0.181
6,y3,-0.813,-0.23,-0.324,-0.195,0.332,-0.262,0.137,-0.763,-0.095,0.593,-0.427,0.114,-0.185,0.811,0.181,1.0
8,.,1.0,0.657,-0.433,0.051,-0.216,0.187,-0.099,-0.442,0.319,0.122,0.452,-0.145,-0.52,-0.856,-0.734,-0.152
8,A1_1,0.657,1.0,0.078,0.525,-0.571,-0.494,-0.472,-0.525,0.475,0.46,-0.103,-0.182,-0.49,-0.43,-0.556,-0.325
8,A1_2,-0.433,0.078,1.0,0.781,-0.164,-0.782,-0.627,0.586,0.25,0.156,-0.726,-0.062,-0.017,0.193,0.013,-0.333
8,A1_3,0.051,0.525,0.781,1.0,-0.513,-0.84,-0.505,0.328,0.311,0.21,-0.365,-0.364,-0.21,-0.082,-0.238,-0.548
8,B1_1,-0.216,-0.571,-0.164,-0.513,1.0,0.469,0.245,0.01,-0.551,-0.592,0.178,0.319,0.044,-0.032,-0.026,0.377
8,B1_2,0.187,-0.494,-0.782,-0.84,0.469,1.0,0.631,-0.179,-0.342,-0.462,0.571,0.257,0.127,-0.188,0.16,0.335
8,B1_3,-0.099,-0.472,-0.627,-0.505,0.245,0.631,1.0,-0.177,-0.713,-0.544,0.691,-0.133,0.327,0.339,0.485,0.102
8,A2_1,-0.442,-0.525,0.586,0.328,0.01,-0.179,-0.177,1.0,0.061,-0.152,-0.232,-0.075,0.293,0.088,0.16,-0.212
8,A2_2,0.319,0.475,0.25,0.311,-0.551,-0.342,-0.713,0.061,1.0,0.859,-0.28,-0.31,-0.609,-0.376,-0.255,0.196
8,A2_3,0.122,0.46,0.156,0.21,-0.592,-0.462,-0.544,-0.152,0.859,1.0,-0.254,-0.415,-0.52,-0.003,-0.041,0.312
8,B2_1,0.452,-0.103,-0.726,-0.365,0.178,0.571,0.691,-0.232,-0.28,-0.254,1.0,-0.481,-0.225,-0.265,-0.031,0.215
8,B2_2,-0.145,-0.182,-0.062,-0.364,0.319,0.257,-0.133,-0.075,-0.31,-0.415,-0.481,1.0,0.599,-0.025,-0.147,-0.211
8,B2_3,-0.52,-0.49,-0.017,-0.21,0.044,0.127,0.327,0.293,-0.609,-0.52,-0.225,0.599,1.0,0.485,0.332,-0.404
8,y1,-0.856,-0.43,0.193,-0.082,-0.032,-0.188,0.339,0.088,-0.376,-0.003,-0.265,-0.025,0.485,1.0,0.851,0.072
8,y2,-0.734,-0.556,0.013,-0.238,-0.026,0.16,0.485,0.16,-0.255,-0.041,-0.031,-0.147,0.332,0.851,1.0,0.2
8,y3,-0.152,-0.325,-0.333,-0.548,0.377,0.335,0.102,-0.212,0.196,0.312,0.215,-0.211,-0.404,0.072,0.2,1.0
10,.,1.0,-0.207,0.047,-0.702,0.575,0.269,0.41,0.175,-0.37,-0.581,-0.355,0.349,0.413,-0.575,-0.713,-0.815
10,A1_1,-0.207,1.0,-0.024,0.488,0.129,-0.102,-0.275,0.674,0.155,-0.071,-0.099,-0.741,-0.86,-0.486,0.097,0.168
10,A1_2,0.047,-0.024,1.0,0.094,-0.409,-0.735,-0.267,0.262,-0.117,0.036,-0.692,0.043,-0.115,0.007,-0.257,-0.479
10,A1_3,-0.702,0.488,0.094,1.0,-0.626,-0.512,-0.595,0.381,0.683,0.741,0.092,-0.767,-0.718,0.325,0.174,0.387
10,B1_1,0.575,0.129,-0.409,-0.626,1.0,0.83,0.556,-0.125,-0.629,-0.738,-0.18,0.111,0.321,-0.593,-0.231,-0.109
10,B1_2,0.269,-0.102,-0.735,-0.512,0.83,1.0,0.414,-0.45,-0.465,-0.403,0.186,0.218,0.503,-0.169,0.04,0.269
10,B1_3,0.41,-0.275,-0.267,-0.595,0.556,0.414,1.0,-0.39,-0.242,-0.556,0.038,0.141,0.336,-0.28,-0.028,-0.114
10,A2_1,0.175,0.674,0.262,0.381,-0.125,-0.45,-0.39,1.0,0.385,-0.104,-0.106,-0.437,-0.725,-0.377,-0.246,-0.452
10,A2_2,-0.37,0.155,-0.117,0.683,-0.629,-0.465,-0.242,0.385,1.0,0.599,0.474,-0.483,-0.514,0.465,0.224,0.102
10,A2_3,-0.581,-0.071,0.036,0.741,-0.738,-0.403,-0.556,-0.104,0.599,1.0,0.104,-0.384,-0.181,0.59,0.062,0.363
10,B2_1,-0.355,-0.099,-0.692,0.092,-0.18,0.186,0.038,-0.106,0.474,0.104,1.0,0.143,-0.079,0.391,0.655,0.488
10,B2_2,0.349,-0.741,0.043,-0.767,0.111,0.218,0.141,-0.437,-0.483,-0.384,0.143,1.0,0.772,0.174,0.05,-0.244
10,B2_3,0.413,-0.86,-0.115,-0.718,0.321,0.503,0.336,-0.725,-0.514,-0.181,-0.079,0.772,1.0,0.231,-0.201,-0.156
10,y1,-0.575,-0.486,0.007,0.325,-0.593,-0.169,-0.28,-0.377,0.465,0.59,0.391,0.174,0.231,1.0,0.501,0.395
10,y2,-0.713,0.097,-0.257,0.174,-0.231,0.04,-0.028,-0.246,0.224,0.062,0.655,0.05,-0.201,0.501,1.0,0.747
10,y3,-0.815,0.168,-0.479,0.387,-0.109,0.269,-0.114,-0.452,0.102,0.363,0.488,-0.244,-0.156,0.395,0.747,1.0
12,.,1.0,-0.153,0.422,0.069,0.449,0.299,0.082,0.406,-0.268,-0.305,0.229,0.15,0.033,-0.911,-0.933,-0.367
12,A1_1,-0.153,1.0,-0.05,0.093,0.029,-0.443,-0.498,0.111,0.595,0.307,-0.232,0.063,0.285,0.196,0.174,-0.058
12,A1_2,0.422,-0.05,1.0,0.81,0.267,0.15,-0.466,0.902,0.319,0.269,-0.5,-0.321,-0.741,-0.502,-0.392,-0.834
12,A1_3,0.069,0.093,0.81,1.0,-0.109,-0.107,-0.482,0.861,0.59,0.268,-0.663,-0.303,-0.749,-0.131,-0.073,-0.761
12,B1_1,0.449,0.029,0.267,-0.109,1.0,0.406,-0.008,0.1,-0.373,-0.367,-0.057,0.43,0.143,-0.576,-0.668,0.096
12,B1_2,0.299,-0.443,0.15,-0.107,0.406,1.0,0.241,-0.199,-0.633,-0.337,0.158,0.036,-0.031,-0.481,-0.338,-0.061
12,B1_3,0.082,-0.498,-0.466,-0.482,-0.008,0.241,1.0,-0.565,-0.698,-0.61,0.497,0.671,0.242,-0.004,-0.13,0.311
12,A2_1,0.406,0.111,0.902,0.861,0.1,-0.199,-0.565,1.0,0.547,0.328,-0.468,-0.357,-0.695,-0.374,-0.37,-0.812
12,A2_2,-0.268,0.595,0.319,0.59,-0.373,-0.633,-0.698,0.547,1.0,0.742,-0.645,-0.422,-0.31,0.372,0.368,-0.414
12,A2_3,-0.305,0.307,0.269,0.268,-0.367,-0.337,-0.61,0.328,0.742,1.0,-0.342,-0.72,-0.423,0.442,0.498,-0.427
12,B2_1,0.229,-0.232,-0.5,-0.663,-0.057,0.158,0.497,-0.468,-0.645,-0.342,1.0,0.085,0.3,-0.068,-0.178,0.252
12,B2_2,0.15,0.063,-0.321,-0.303,0.43,0.036,0.671,-0.357,-0.422,-0.72,0.085,1.0,0.482,-0.172,-0.336,0.389
12,B2_3,0.033,0.285,-0.741,-0.749,0.143,-0.031,0.242,-0.695,-0.31,-0.423,0.3,0.482,1.0,-0.052,-0.056,0.784
12,y1,-0.911,0.196,-0.502,-0.131,-0.576,-0.481,-0.004,-0.374,0.372,0.442,-0.068,-0.172,-0.052,1.0,0.902,0.278
12,y2,-0.933,0.174,-0.392,-0.073,-0.668,-0.338,-0.13,-0.37,0.368,0.498,-0.178,-0.336,-0.056,0.902,1.0,0.221
12,y3,-0.367,-0.058,-0.834,-0.761,0.096,-0.061,0.311,-0.812,-0.414,-0.427,0.252,0.389,0.784,0.278,0.221,1.0
14,.,1.0,0.72,0.103,0.419,-0.296,-0.667,-0.389,0.207,0.726,0.192,0.308,-0.085,0.533,-0.466,-0.581,-0.256
14,A1_1,0.72,1.0,-0.211,0.597,-0.384,-0.533,-0.517,0.233,0.834,0.624,0.001,-0.239,0.2,-0.219,-0.363,-0.065
14,A1_2,0.103,-0.211,1.0,-0.105,-0.4,-0.292,0.097,0.773,-0.046,-0.171,-0.212,-0.443,-0.476,-0.012,-0.372,0.046
14,A1_3,0.419,0.597,-0.105,1.0,-0.265,-0.398,-0.853,0.05,0.41,0.473,-0.581,-0.251,-0.068,0.057,0.226,0.186
14,B1_1,-0.296,-0.384,-0.4,-0.265,1.0,0.806,0.53,-0.697,-0.719,-0.421,0.299,0.5,0.435,0.05,0.586,-0.073
14,B1_2,-0.667,-0.533,-0.292,-0.398,0.806,1.0,0.628,-0.47,-0.836,-0.47,0.068,0.515,-0.045,0.435,0.66,0.297
14,B1_3,-0.389,-0.517,0.097,-0.853,0.53,0.628,1.0,-0.07,-0.552,-0.651,0.61,0.37,0.155,0.167,-0.081,0.046
14,A2_1,0.207,0.233,0.773,0.05,-0.697,-0.47,-0.07,1.0,0.406,0.119,-0.201,-0.651,-0.541,-0.006,-0.612,0.076
14,A2_2,0.726,0.834,-0.046,0.41,-0.719,-0.836,-0.552,0.406,1.0,0.534,0.114,-0.343,0.169,-0.314,-0.677,-0.162
14,A2_3,0.192,0.624,-0.171,0.473,-0.421,-0.47,-0.651,0.119,0.534,1.0,-0.482,-0.555,-0.273,-0.318,0.009,-0.305
14,B2_1,0.308,0.001,-0.212,-0.581,0.299,0.068,0.61,-0.201,0.114,-0.482,1.0,0.454,0.773,-0.221,-0.502,-0.223
14,B2_2,-0.085,-0.239,-0.443,-0.251,0.5,0.515,0.37,-0.651,-0.343,-0.555,0.454,1.0,0.464,0.454,0.305,0.473
14,B2_3,0.533,0.2,-0.476,-0.068,0.435,-0.045,0.155,-0.541,0.169,-0.273,0.773,0.464,1.0,-0.387,-0.209,-0.342
14,y1,-0.466,-0.219,-0.012,0.057,0.05,0.435,0.167,-0.006,-0.314,-0.318,-0.221,0.454,-0.387,1.0,0.431,0.962
14,y2,-0.581,-0.363,-0.372,0.226,0.586,0.66,-0.081,-0.612,-0.677,0.009,-0.502,0.305,-0.209,0.431,1.0,0.313
14,y3,-0.256,-0.065,0.046,0.186,-0.073,0.297,0.046,0.076,-0.162,-0.305,-0.223,0.473,-0.342,0.962,0.313,1.0
16,.,1.0,-0.213,-0.031,-0.505,0.314,0.145,0.224,-0.268,0.351,-0.294,0.019,-0.409,-0.056,-0.575,-0.065,-0.754
16,A1_1,-0.213,1.0,0.453,0.197,-0.789,-0.699,-0.572,0.789,0.379,0.739,-0.456,-0.47,-0.552,-0.423,-0.688,-0.263
16,A1_2,-0.031,0.453,1.0,-0.386,0.013,-0.508,-0.198,0.698,0.314,0.782,-0.845,-0.792,-0.663,-0.381,-0.22,-0.019
16,A1_3,-0.505,0.197,-0.386,1.0,-0.476,0.016,-0.096,-0.068,-0.162,0.178,0.357,0.571,0.438,0.115,-0.432,0.056
16,B1_1,0.314,-0.789,0.013,-0.476,1.0,0.31,0.783,-0.548,-0.371,-0.465,-0.127,-0.01,0.043,0.165,0.596,0.201
16,B1_2,0.145,-0.699,-0.508,0.016,0.31,1.0,0.302,-0.715,-0.455,-0.567,0.732,0.665,0.817,0.078,0.158,-0.098
16,B1_3,0.224,-0.572,-0.198,-0.096,0.783,0.302,1.0,-0.679,-0.671,-0.479,-0.037,0.202,0.216,-0.086,0.222,-0.018
16,A2_1,-0.268,0.789,0.698,-0.068,-0.548,-0.715,-0.679,1.0,0.627,0.858,-0.528,-0.648,-0.689,-0.122,-0.316,0.035
16,A2_2,0.351,0.379,0.314,-0.162,-0.371,-0.455,-0.671,0.627,1.0,0.427,-0.14,-0.623,-0.396,-0.161,-0.12,-0.306
16,A2_3,-0.294,0.739,0.782,0.178,-0.465,-0.567,-0.479,0.858,0.427,1.0,-0.57,-0.535,-0.525,-0.338,-0.587,-0.092
16,B2_1,0.019,-0.456,-0.845,0.357,-0.127,0.732,-0.037,-0.528,-0.14,-0.57,1.0,0.782,0.799,0.315,0.121,-0.065
16,B2_2,-0.409,-0.47,-0.792,0.571,-0.01,0.665,0.202,-0.648,-0.623,-0.535,0.782,1.0,0.789,0.487,0.145,0.307
16,B2_3,-0.056,-0.552,-0.663,0.438,0.043,0.817,0.216,-0.689,-0.396,-0.525,0.799,0.789,1.0,0.144,0.098,-0.024
16,y1,-0.575,-0.423,-0.381,0.115,0.165,0.078,-0.086,-0.122,-0.161,-0.338,0.315,0.487,0.144,1.0,0.741,0.88
16,y2,-0.065,-0.688,-0.22,-0.432,0.596,0.158,0.222,-0.316,-0.12,-0.587,0.121,0.145,0.098,0.741,1.0,0.675
16,y3,-0.754,-0.263,-0.019,0.056,0.201,-0.098,-0.018,0.035,-0.306,-0.092,-0.065,0.307,-0.024,0.88,0.675,1.0
18,.,1.0,0.145,0.152,-0.129,0.065,0.408,0.044,-0.473,-0.23,0.078,0.454,0.051,0.57,-0.469,-0.497,-0.879
18,A1_1,0.145,1.0,0.778,0.296,-0.589,-0.574,-0.776,0.087,0.481,0.764,-0.352,-0.276,-0.173,0.243,-0.813,-0.077
18,A1_2,0.152,0.778,1.0,0.546,-0.314,-0.223,-0.688,0.379,0.527,0.752,-0.441,-0.44,-0.271,0.528,-0.485,-0.02
18,A1_3,-0.129,0.296,0.546,1.0,-0.339,-0.221,-0.416,0.124,0.133,0.455,-0.368,-0.117,-0.328,0.393,-0.08,0.014
18,B1_1,0.065,-0.589,-0.314,-0.339,1.0,0.813,0.342,-0.073,-0.277,-0.524,-0.006,0.005,0.002,0.11,0.654,0.107
18,B1_2,0.408,-0.574,-0.223,-0.221,0.813,1.0,0.528,-0.362,-0.465,-0.487,0.267,0.172,0.328,-0.161,0.457,-0.196
18,B1_3,0.044,-0.776,-0.688,-0.416,0.342,0.528,1.0,-0.303,-0.598,-0.864,0.478,0.389,0.402,-0.658,0.566,-0.181
18,A2_1,-0.473,0.087,0.379,0.124,-0.073,-0.362,-0.303,1.0,0.674,0.301,-0.455,-0.593,-0.566,0.655,0.228,0.423
18,A2_2,-0.23,0.481,0.527,0.133,-0.277,-0.465,-0.598,0.674,1.0,0.747,-0.736,-0.888,-0.761,0.644,-0.198,0.258
18,A2_3,0.078,0.764,0.752,0.455,-0.524,-0.487,-0.864,0.301,0.747,1.0,-0.46,-0.53,-0.398,0.587,-0.646,0.034
18,B2_1,0.454,-0.352,-0.441,-0.368,-0.006,0.267,0.478,-0.455,-0.736,-0.46,1.0,0.779,0.957,-0.636,-0.17,-0.454
18,B2_2,0.051,-0.276,-0.44,-0.117,0.005,0.172,0.389,-0.593,-0.888,-0.53,0.779,1.0,0.791,-0.491,-0.031,-0.073
18,B2_3,0.57,-0.173,-0.271,-0.328,0.002,0.328,0.402,-0.566,-0.761,-0.398,0.957,0.791,1.0,-0.651,-0.297,-0.507
18,y1,-0.469,0.243,0.528,0.393,0.11,-0.161,-0.658,0.655,0.644,0.587,-0.636,-0.491,-0.651,1.0,0.119,0.62
18,y2,-0.497,-0.813,-0.485,-0.08,0.654,0.457,0.566,0.228,-0.198,-0.646,-0.17,-0.031,-0.297,0.119,1.0,0.435
18,y3,-0.879,-0.077,-0.02,0.014,0.107,-0.196,-0.181,0.423,0.258,0.034,-0.454,-0.073,-0.507,0.62,0.435,1.0
20,.,1.0,0.344,0.125,-0.001,-0.079,-0.068,0.097,0.263,0.187,0.275,-0.289,-0.201,-0.25,-0.654,-0.882,-0.171
20,A1_1,0.344,1.0,0.554,0.507,-0.681,-0.496,-0.428,-0.082,-0.102,0.678,-0.69,-0.221,-0.366,0.016,-0.171,-0.168
20,A1_2,0.125,0.554,1.0,0.75,-0.437,-0.232,-0.616,0.231,-0.126,0.709,-0.553,-0.306,-0.227,0.018,0.149,-0.731
20,A1_3,-0.001,0.507,0.75,1.0,-0.112,0.151,-0.191,0.594,0.013,0.631,-0.553,-0.635,-0.669,0.385,0.194,-0.537
20,B1_1,-0.079,-0.681,-0.437,-0.112,1.0,0.9,0.759,0.614,0.491,-0.341,0.629,-0.233,-0.141,0.184,-0.001,0.085
20,B1_2,-0.068,-0.496,-0.232,0.151,0.9,1.0,0.805,0.643,0.31,-0.351,0.523,-0.189,-0.237,0.165,0.13,-0.101
20,B1_3,0.097,-0.428,-0.616,-0.191,0.759,0.805,1.0,0.357,0.356,-0.507,0.495,0.026,-0.222,0.092,-0.078,0.408
20,A2_1,0.263,-0.082,0.231,0.594,0.614,0.643,0.357,1.0,0.426,0.344,-0.122,-0.824,-0.701,0.203,-0.232,-0.304
20,A2_2,0.187,-0.102,-0.126,0.013,0.491,0.31,0.356,0.426,1.0,0.389,0.195,-0.271,-0.356,0.415,-0.165,0.18
20,A2_3,0.275,0.678,0.709,0.631,-0.341,-0.351,-0.507,0.344,0.389,1.0,-0.616,-0.584,-0.502,0.297,-0.145,-0.299
20,B2_1,-0.289,-0.69,-0.553,-0.553,0.629,0.523,0.495,-0.122,0.195,-0.616,1.0,0.521,0.623,0.02,0.292,0.147
20,B2_2,-0.201,-0.221,-0.306,-0.635,-0.233,-0.189,0.026,-0.824,-0.271,-0.584,0.521,1.0,0.814,-0.275,0.314,0.177
20,B2_3,-0.25,-0.366,-0.227,-0.669,-0.141,-0.237,-0.222,-0.701,-0.356,-0.502,0.623,0.814,1.0,-0.351,0.268,0.004
20,y1,-0.654,0.016,0.018,0.385,0.184,0.165,0.092,0.203,0.415,0.297,0.02,-0.275,-0.351,1.0,0.641,0.291
20,y2,-0.882,-0.171,0.149,0.194,-0.001,0.13,-0.078,-0.232,-0.165,-0.145,0.292,0.314,0.268,0.641,1.0,0.002
20,y3,-0.171,-0.168,-0.731,-0.537,0.085,-0.101,0.408,-0.304,0.18,-0.299,0.147,0.177,0.004,0.291,0.002,1.0
22,.,1.0,-0.312,0.382,0.285,-0.577,-0.008,-0.14,0.232,0.051,0.585,0.235,-0.168,0.112,-0.199,-0.588,-0.413
22,A1_1,-0.312,1.0,0.22,0.035,-0.444,-0.198,-0.136,0.516,0.108,-0.618,0.053,-0.492,-0.825,0.113,-0.396,0.517
22,A1_2,0.382,0.22,1.0,0.878,-0.289,-0.182,-0.771,0.707,0.762,0.401,-0.188,-0.873,-0.462,-0.007,-0.163,-0.437
22,A1_3,0.285,0.035,0.878,1.0,0.038,0.172,-0.625,0.59,0.535,0.467,-0.086,-0.668,-0.166,0.179,0.021,-0.623
22,B1_1,-0.577,-0.444,-0.289,0.038,1.0,0.518,0.263,-0.494,-0.148,0.009,-0.156,0.458,0.464,0.09,0.7,-0.371
22,B1_2,-0.008,-0.198,-0.182,0.172,0.518,1.0,0.585,-0.203,-0.535,0.053,0.457,0.477,0.241,-0.057,-0.18,-0.557
22,B1_3,-0.14,-0.136,-0.771,-0.625,0.263,0.585,1.0,-0.572,-0.807,-0.253,0.227,0.83,0.263,-0.26,-0.228,-0.018
22,A2_1,0.232,0.516,0.707,0.59,-0.494,-0.203,-0.572,1.0,0.544,0.276,0.02,-0.868,-0.635,-0.107,-0.382,-0.002
22,A2_2,0.051,0.108,0.762,0.535,-0.148,-0.535,-0.807,0.544,1.0,0.428,-0.56,-0.777,-0.49,-0.278,0.185,-0.175
22,A2_3,0.585,-0.618,0.401,0.467,0.009,0.053,-0.253,0.276,0.428,1.0,-0.243,-0.191,0.221,-0.443,0.014,-0.671
22,B2_1,0.235,0.053,-0.188,-0.086,-0.156,0.457,0.227,0.02,-0.56,-0.243,1.0,0.24,0.134,0.254,-0.479,0.119
22,B2_2,-0.168,-0.492,-0.873,-0.668,0.458,0.477,0.83,-0.868,-0.777,-0.191,0.24,1.0,0.62,-0.062,0.131,0.006
22,B2_3,0.112,-0.825,-0.462,-0.166,0.464,0.241,0.263,-0.635,-0.49,0.221,0.134,0.62,1.0,0.375,0.485,-0.226
22,y1,-0.199,0.113,-0.007,0.179,0.09,-0.057,-0.26,-0.107,-0.278,-0.443,0.254,-0.062,0.375,1.0,0.371,0.262
22,y2,-0.588,-0.396,-0.163,0.021,0.7,-0.18,-0.228,-0.382,0.185,0.014,-0.479,0.131,0.485,0.371,1.0,0.008
22,y3,-0.413,0.517,-0.437,-0.623,-0.371,-0.557,-0.018,-0.002,-0.175,-0.671,0.119,0.006,-0.226,0.262,0.008,1.0
24,.,1.0,-0.293,-0.702,-0.09,0.691,-0.225,0.333,-0.172,-0.19,-0.094,-0.049,-0.217,0.24,-0.423,-0.447,-0.504
24,A1_1,-0.293,1.0,0.411,0.339,-0.15,-0.421,-0.843,0.807,-0.049,0.532,-0.707,-0.455,-0.806,-0.344,-0.305,-0.196
24,A1_2,-0.702,0.411,1.0,-0.148,-0.519,0.23,-0.285,0.206,0.066,-0.134,0.055,0.136,-0.382,0.291,0.209,-0.071
24,A1_3,-0.09,0.339,-0.148,1.0,0.36,-0.407,-0.554,0.377,0.077,0.281,-0.526,-0.779,-0.449,0.146,-0.451,0.128
24,B1_1,0.691,-0.15,-0.519,0.36,1.0,-0.309,0.034,-0.343,-0.572,-0.392,-0.043,-0.311,0.159,-0.215,-0.678,-0.064
24,B1_2,-0.225,-0.421,0.23,-0.407,-0.309,1.0,0.711,-0.401,0.423,-0.206,0.69,0.365,0.6,0.156,0.607,-0.018
24,B1_3,0.333,-0.843,-0.285,-0.554,0.034,0.711,1.0,-0.678,0.247,-0.414,0.799,0.504,0.791,0.191,0.472,-0.101
24,A2_1,-0.172,0.807,0.206,0.377,-0.343,-0.401,-0.678,1.0,0.431,0.768,-0.729,-0.581,-0.812,-0.168,-0.091,-0.411
24,A2_2,-0.19,-0.049,0.066,0.077,-0.572,0.423,0.247,0.431,1.0,0.531,0.006,-0.227,-0.082,0.282,0.562,-0.34
24,A2_3,-0.094,0.532,-0.134,0.281,-0.392,-0.206,-0.414,0.768,0.531,1.0,-0.736,-0.543,-0.379,-0.431,0.058,-0.148
24,B2_1,-0.049,-0.707,0.055,-0.526,-0.043,0.69,0.799,-0.729,0.006,-0.736,1.0,0.757,0.612,0.49,0.485,0.124
24,B2_2,-0.217,-0.455,0.136,-0.779,-0.311,0.365,0.504,-0.581,-0.227,-0.543,0.757,1.0,0.46,0.284,0.557,0.354
24,B2_3,0.24,-0.806,-0.382,-0.449,0.159,0.6,0.791,-0.812,-0.082,-0.379,0.612,0.46,1.0,-0.079,0.361,0.335
24,y1,-0.423,-0.344,0.291,0.146,-0.215,0.156,0.191,-0.168,0.282,-0.431,0.49,0.284,-0.079,1.0,0.424,0.2
24,y2,-0.447,-0.305,0.209,-0.451,-0.678,0.607,0.472,-0.091,0.562,0.058,0.485,0.557,0.361,0.424,1.0,0.236
24,y3,-0.504,-0.196,-0.071,0.128,-0.064,-0.018,-0.101,-0.411,-0.34,-0.148,0.124,0.354,0.335,0.2,0.236,1.0
26,.,1.0,0.08,0.054,-0.018,-0.572,-0.353,-0.583,-0.064,-0.027,0.579,0.232,-0.549,0.109,0.261,-0.478,-0.424
26,A1_1,0.08,1.0,0.351,0.543,-0.457,-0.442,-0.159,0.687,0.113,0.149,-0.777,-0.73,-0.528,-0.129,-0.189,-0.391
26,A1_2,0.054,0.351,1.0,0.834,-0.728,-0.663,-0.561,0.512,0.183,0.688,-0.415,-0.576,-0.522,0.583,0.456,0.306
26,A1_3,-0.018,0.543,0.834,1.0,-0.705,-0.611,-0.515,0.768,0.521,0.522,-0.685,-0.612,-0.686,0.165,0.413,0.307
26,B1_1,-0.572,-0.457,-0.728,-0.705,1.0,0.739,0.78,-0.612,-0.377,-0.757,0.27,0.892,0.48,-0.283,-0.041,0.025
26,B1_2,-0.353,-0.442,-0.663,-0.611,0.739,1.0,0.899,-0.479,-0.376,-0.318,0.24,0.633,0.003,-0.283,-0.296,-0.167
26,B1_3,-0.583,-0.159,-0.561,-0.515,0.78,0.899,1.0,-0.334,-0.433,-0.466,-0.036,0.551,-0.056,-0.354,-0.293,-0.268
26,A2_1,-0.064,0.687,0.512,0.768,-0.612,-0.479,-0.334,1.0,0.684,0.24,-0.741,-0.64,-0.729,-0.223,0.245,0.143
26,A2_2,-0.027,0.113,0.183,0.521,-0.377,-0.376,-0.433,0.684,1.0,0.022,-0.29,-0.256,-0.273,-0.455,0.32,0.4
26,A2_3,0.579,0.149,0.688,0.522,-0.757,-0.318,-0.466,0.24,0.022,1.0,-0.115,-0.642,-0.531,0.602,-0.047,-0.068
26,B2_1,0.232,-0.777,-0.415,-0.685,0.27,0.24,-0.036,-0.741,-0.29,-0.115,1.0,0.465,0.662,0.211,-0.013,0.144
26,B2_2,-0.549,-0.73,-0.576,-0.612,0.892,0.633,0.551,-0.64,-0.256,-0.642,0.465,1.0,0.524,-0.082,0.285,0.399
26,B2_3,0.109,-0.528,-0.522,-0.686,0.48,0.003,-0.056,-0.729,-0.273,-0.531,0.662,0.524,1.0,-0.02,-0.097,-0.024
26,y1,0.261,-0.129,0.583,0.165,-0.283,-0.283,-0.354,-0.223,-0.455,0.602,0.211,-0.082,-0.02,1.0,0.356,0.262
26,y2,-0.478,-0.189,0.456,0.413,-0.041,-0.296,-0.293,0.245,0.32,-0.047,-0.013,0.285,-0.097,0.356,1.0,0.961
26,y3,-0.424,-0.391,0.306,0.307,0.025,-0.167,-0.268,0.143,0.4,-0.068,0.144,0.399,-0.024,0.262,0.961,1.0
28,.,1.0,-0.365,-0.222,0.241,0.09,0.439,0.321,-0.291,0.292,0.12,-0.122,-0.03,-0.304,-0.167,0.015,-0.371
28,A1_1,-0.365,1.0,0.849,0.776,0.031,-0.633,-0.523,0.327,0.093,0.359,-0.482,-0.346,-0.718,0.234,-0.081,-0.279
28,A1_2,-0.222,0.849,1.0,0.745,-0.138,-0.592,-0.551,0.62,0.386,0.562,-0.776,-0.244,-0.771,0.457,0.226,-0.151
28,A1_3,0.241,0.776,0.745,1.0,0.082,-0.432,-0.432,0.063,0.289,0.415,-0.614,-0.467,-0.883,0.057,-0.127,-0.544
28,B1_1,0.09,0.031,-0.138,0.082,1.0,0.531,0.503,-0.526,-0.584,-0.635,0.091,0.283,-0.103,-0.129,-0.364,-0.109
28,B1_2,0.439,-0.633,-0.592,-0.432,0.531,1.0,0.961,-0.336,-0.104,-0.48,0.115,0.658,0.187,0.203,0.181,0.319
28,B1_3,0.321,-0.523,-0.551,-0.432,0.503,0.961,1.0,-0.281,-0.095,-0.445,0.134,0.602,0.143,0.277,0.217,0.282
28,A2_1,-0.291,0.327,0.62,0.063,-0.526,-0.336,-0.281,1.0,0.582,0.72,-0.589,0.249,-0.326,0.708,0.699,0.33
28,A2_2,0.292,0.093,0.386,0.289,-0.584,-0.104,-0.095,0.582,1.0,0.751,-0.734,-0.022,-0.418,0.519,0.817,-0.008
28,A2_3,0.12,0.359,0.562,0.415,-0.635,-0.48,-0.445,0.72,0.751,1.0,-0.576,-0.166,-0.526,0.317,0.507,-0.234
28,B2_1,-0.122,-0.482,-0.776,-0.614,0.091,0.115,0.134,-0.589,-0.734,-0.576,1.0,-0.097,0.742,-0.679,-0.63,-0.029
28,B2_2,-0.03,-0.346,-0.244,-0.467,0.283,0.658,0.602,0.249,-0.022,-0.166,-0.097,1.0,0.157,0.54,0.413,0.753
28,B2_3,-0.304,-0.718,-0.771,-0.883,-0.103,0.187,0.143,-0.326,-0.418,-0.526,0.742,0.157,1.0,-0.404,-0.152,0.364
28,y1,-0.167,0.234,0.457,0.057,-0.129,0.203,0.277,0.708,0.519,0.317,-0.679,0.54,-0.404,1.0,0.722,0.594
28,y2,0.015,-0.081,0.226,-0.127,-0.364,0.181,0.217,0.699,0.817,0.507,-0.63,0.413,-0.152,0.722,1.0,0.35
28,y3,-0.371,-0.279,-0.151,-0.544,-0.109,0.319,0.282,0.33,-0.008,-0.234,-0.029,0.753,0.364,0.594,0.35,1.0
30,.,1.0,0.118,0.215,0.034,-0.262,0.037,-0.187,0.662,0.066,-0.486,0.039,0.013,-0.233,-0.378,-0.767,-0.585
30,A1_1,0.118,1.0,0.225,0.474,-0.767,-0.689,-0.702,0.491,0.689,0.15,-0.713,-0.744,-0.747,0.332,0.037,-0.205
30,A1_2,0.215,0.225,1.0,0.667,-0.127,-0.736,-0.745,0.032,0.183,0.437,0.208,-0.447,-0.337,-0.127,-0.542,0.113
30,A1_3,0.034,0.474,0.667,1.0,-0.545,-0.676,-0.6,0.037,0.271,0.356,-0.134,-0.524,-0.582,0.093,-0.055,0.173
30,B1_1,-0.262,-0.767,-0.127,-0.545,1.0,0.543,0.484,-0.407,-0.66,-0.095,0.526,0.445,0.645,-0.353,-0.07,0.035
30,B1_2,0.037,-0.689,-0.736,-0.676,0.543,1.0,0.91,-0.033,-0.708,-0.688,0.277,0.73,0.573,-0.28,0.045,-0.328
30,B1_3,-0.187,-0.702,-0.745,-0.6,0.484,0.91,1.0,-0.338,-0.679,-0.442,0.371,0.758,0.669,-0.154,0.31,-0.031
30,A2_1,0.662,0.491,0.032,0.037,-0.407,-0.033,-0.338,1.0,0.222,-0.641,-0.494,-0.216,-0.472,0.038,-0.562,-0.806
30,A2_2,0.066,0.689,0.183,0.271,-0.66,-0.708,-0.679,0.222,1.0,0.388,-0.688,-0.703,-0.669,0.615,0.207,0.318
30,A2_3,-0.486,0.15,0.437,0.356,-0.095,-0.688,-0.442,-0.641,0.388,1.0,0.181,-0.262,0.042,0.09,0.375,0.786
30,B2_1,0.039,-0.713,0.208,-0.134,0.526,0.277,0.371,-0.494,-0.688,0.181,1.0,0.706,0.783,-0.688,-0.278,0.134
30,B2_2,0.013,-0.744,-0.447,-0.524,0.445,0.73,0.758,-0.216,-0.703,-0.262,0.706,1.0,0.901,-0.467,-0.018,-0.093
30,B2_3,-0.233,-0.747,-0.337,-0.582,0.645,0.573,0.669,-0.472,-0.669,0.042,0.783,0.901,1.0,-0.463,0.095,0.113
30,y1,-0.378,0.332,-0.127,0.093,-0.353,-0.28,-0.154,0.038,0.615,0.09,-0.688,-0.467,-0.463,1.0,0.497,0.385
30,y2,-0.767,0.037,-0.542,-0.055,-0.07,0.045,0.31,-0.562,0.207,0.375,-0.278,-0.018,0.095,0.497,1.0,0.625
30,y3,-0.585,-0.205,0.113,0.173,0.035,-0.328,-0.031,-0.806,0.318,0.786,0.134,-0.093,0.113,0.385,0.625,1.0
32,.,1.0,0.359,-0.068,0.309,-0.476,-0.526,-0.398,-0.435,-0.286,-0.42,-0.061,-0.205,-0.158,-0.644,-0.656,-0.853
32,A1_1,0.359,1.0,0.075,0.318,-0.795,-0.827,-0.714,0.055,0.306,0.112,-0.804,-0.608,-0.238,-0.3,0.101,-0.035
32,A1_2,-0.068,0.075,1.0,-0.046,-0.187,-0.216,-0.305,0.631,0.43,0.188,-0.074,-0.394,-0.333,-0.361,0.405,-0.038
32,A1_3,0.309,0.318,-0.046,1.0,-0.375,-0.585,-0.126,0.151,0.123,0.412,-0.044,-0.426,-0.683,-0.233,-0.351,-0.546
32,B1_1,-0.476,-0.795,-0.187,-0.375,1.0,0.779,0.66,-0.29,-0.394,-0.179,0.477,0.862,0.507,0.388,-0.052,0.266
32,B1_2,-0.526,-0.827,-0.216,-0.585,0.779,1.0,0.607,-0.181,-0.388,-0.327,0.659,0.662,0.542,0.253,0.083,0.332
32,B1_3,-0.398,-0.714,-0.305,-0.126,0.66,0.607,1.0,-0.29,-0.564,-0.164,0.701,0.672,0.465,0.558,0.193,0.14
32,A2_1,-0.435,0.055,0.631,0.151,-0.29,-0.181,-0.29,1.0,0.873,0.789,-0.212,-0.685,-0.636,0.051,0.396,0.285
32,A2_2,-0.286,0.306,0.43,0.123,-0.394,-0.388,-0.564,0.873,1.0,0.846,-0.583,-0.723,-0.65,0.096,0.226,0.341
32,A2_3,-0.42,0.112,0.188,0.412,-0.179,-0.327,-0.164,0.789,0.846,1.0,-0.381,-0.537,-0.666,0.374,0.171,0.306
32,B2_1,-0.061,-0.804,-0.074,-0.044,0.477,0.659,0.701,-0.212,-0.583,-0.381,1.0,0.469,0.147,-0.012,-0.115,-0.316
32,B2_2,-0.205,-0.608,-0.394,-0.426,0.862,0.662,0.672,-0.685,-0.723,-0.537,0.469,1.0,0.707,0.366,-0.07,0.151
32,B2_3,-0.158,-0.238,-0.333,-0.683,0.507,0.542,0.465,-0.636,-0.65,-0.666,0.147,0.707,1.0,0.214,0.17,0.325
32,y1,-0.644,-0.3,-0.361,-0.233,0.388,0.253,0.558,0.051,0.096,0.374,-0.012,0.366,0.214,1.0,0.422,0.686
32,y2,-0.656,0.101,0.405,-0.351,-0.052,0.083,0.193,0.396,0.226,0.171,-0.115,-0.07,0.17,0.422,1.0,0.709
32,y3,-0.853,-0.035,-0.038,-0.546,0.266,0.332,0.14,0.285,0.341,0.306,-0.316,0.151,0.325,0.686,0.709,1.0
34,.,1.0,-0.595,-0.258,0.129,0.274,0.568,0.425,-0.379,-0.429,0.028,0.406,-0.019,0.541,-0.823,-0.449,-0.404
34,A1_1,-0.595,1.0,0.588,0.341,-0.282,-0.483,-0.502,0.483,0.815,0.317,-0.862,-0.226,-0.585,0.287,-0.101,-0.277
34,A1_2,-0.258,0.588,1.0,0.711,-0.435,-0.254,-0.277,0.457,0.609,0.239,-0.526,-0.294,-0.36,0.216,-0.313,-0.339
34,A1_3,0.129,0.341,0.711,1.0,-0.421,-0.311,-0.11,0.338,0.682,0.49,-0.424,-0.588,-0.022,-0.285,-0.597,-0.347
34,B1_1,0.274,-0.282,-0.435,-0.421,1.0,0.671,0.815,-0.773,-0.56,-0.796,0.272,0.068,0.491,-0.328,-0.371,-0.262
34,B1_2,0.568,-0.483,-0.254,-0.311,0.671,1.0,0.715,-0.86,-0.583,-0.627,0.587,0.29,0.76,-0.372,-0.176,-0.123
34,B1_3,0.425,-0.502,-0.277,-0.11,0.815,0.715,1.0,-0.787,-0.557,-0.774,0.572,-0.17,0.712,-0.325,-0.423,-0.094
34,A2_1,-0.379,0.483,0.457,0.338,-0.773,-0.86,-0.787,1.0,0.506,0.634,-0.558,-0.301,-0.889,0.307,0.121,-0.113
34,A2_2,-0.429,0.815,0.609,0.682,-0.56,-0.583,-0.557,0.506,1.0,0.602,-0.751,-0.404,-0.358,0.076,-0.173,-0.098
34,A2_3,0.028,0.317,0.239,0.49,-0.796,-0.627,-0.774,0.634,0.602,1.0,-0.477,-0.004,-0.368,-0.086,0.111,-0.026
34,B2_1,0.406,-0.862,-0.526,-0.424,0.272,0.587,0.572,-0.558,-0.751,-0.477,1.0,0.166,0.604,-0.029,0.307,0.51
34,B2_2,-0.019,-0.226,-0.294,-0.588,0.068,0.29,-0.17,-0.301,-0.404,-0.004,0.166,1.0,0.151,0.285,0.581,0.241
34,B2_3,0.541,-0.585,-0.36,-0.022,0.491,0.76,0.712,-0.889,-0.358,-0.368,0.604,0.151,1.0,-0.454,-0.204,0.14
34,y1,-0.823,0.287,0.216,-0.285,-0.328,-0.372,-0.325,0.307,0.076,-0.086,-0.029,0.285,-0.454,1.0,0.714,0.568
34,y2,-0.449,-0.101,-0.313,-0.597,-0.371,-0.176,-0.423,0.121,-0.173,0.111,0.307,0.581,-0.204,0.714,1.0,0.793
34,y3,-0.404,-0.277,-0.339,-0.347,-0.262,-0.123,-0.094,-0.113,-0.098,-0.026,0.51,0.241,0.14,0.568,0.793,1.0
36,.,1.0,0.664,0.226,0.122,0.135,-0.166,-0.705,0.655,0.757,0.692,-0.68,-0.676,-0.256,-0.456,-0.814,-0.458
36,A1_1,0.664,1.0,0.352,0.48,-0.209,-0.412,-0.689,0.721,0.922,0.627,-0.771,-0.9,-0.576,-0.014,-0.477,0.076
36,A1_2,0.226,0.352,1.0,0.073,0.253,-0.764,-0.131,0.641,0.34,0.585,-0.414,-0.496,-0.106,-0.153,-0.038,-0.044
36,A1_3,0.122,0.48,0.073,1.0,-0.641,-0.451,-0.452,0.199,0.334,0.224,-0.641,-0.535,-0.78,0.639,-0.064,0.675
36,B1_1,0.135,-0.209,0.253,-0.641,1.0,0.319,0.223,-0.06,-0.244,0.172,0.293,0.268,0.563,-0.579,-0.265,-0.59
36,B1_2,-0.166,-0.412,-0.764,-0.451,0.319,1.0,0.398,-0.651,-0.456,-0.497,0.593,0.685,0.472,-0.319,-0.215,-0.349
36,B1_3,-0.705,-0.689,-0.131,-0.452,0.223,0.398,1.0,-0.759,-0.822,-0.335,0.566,0.842,0.67,0.037,0.263,0.12
36,A2_1,0.655,0.721,0.641,0.199,-0.06,-0.651,-0.759,1.0,0.877,0.467,-0.551,-0.872,-0.5,-0.33,-0.215,-0.297
36,A2_2,0.757,0.922,0.34,0.334,-0.244,-0.456,-0.822,0.877,1.0,0.526,-0.689,-0.927,-0.568,-0.194,-0.413,-0.153
36,A2_3,0.692,0.627,0.585,0.224,0.172,-0.497,-0.335,0.467,0.526,1.0,-0.82,-0.624,-0.129,-0.042,-0.62,0.023
36,B2_1,-0.68,-0.771,-0.414,-0.641,0.293,0.593,0.566,-0.551,-0.689,-0.82,1.0,0.818,0.579,-0.187,0.553,-0.259
36,B2_2,-0.676,-0.9,-0.496,-0.535,0.268,0.685,0.842,-0.872,-0.927,-0.624,0.818,1.0,0.689,-0.05,0.301,-0.082
36,B2_3,-0.256,-0.576,-0.106,-0.78,0.563,0.472,0.67,-0.5,-0.568,-0.129,0.579,0.689,1.0,-0.291,-0.012,-0.291
36,y1,-0.456,-0.014,-0.153,0.639,-0.579,-0.319,0.037,-0.33,-0.194,-0.042,-0.187,-0.05,-0.291,1.0,0.452,0.968
36,y2,-0.814,-0.477,-0.038,-0.064,-0.265,-0.215,0.263,-0.215,-0.413,-0.62,0.553,0.301,-0.012,0.452,1.0,0.376
36,y3,-0.458,0.076,-0.044,0.675,-0.59,-0.349,0.12,-0.297,-0.153,0.023,-0.259,-0.082,-0.291,0.968,0.376,1.0
38,.,1.0,0.335,0.678,-0.253,0.463,-0.127,0.648,0.033,0.423,0.324,-0.714,-0.551,-0.692,-0.41,-0.222,-0.814
38,A1_1,0.335,1.0,0.693,0.637,-0.097,-0.492,-0.147,0.455,0.353,0.183,-0.854,-0.617,-0.822,-0.146,0.228,0.085
38,A1_2,0.678,0.693,1.0,0.033,0.074,-0.511,0.175,0.317,0.367,0.382,-0.827,-0.851,-0.854,0.113,0.296,-0.397
38,A1_3,-0.253,0.637,0.033,1.0,-0.464,-0.415,-0.602,0.5,0.237,-0.106,-0.372,-0.192,-0.38,-0.064,0.046,0.525
38,B1_1,0.463,-0.097,0.074,-0.464,1.0,0.681,0.928,-0.638,-0.413,-0.473,-0.087,-0.007,0.063,-0.067,0.144,-0.516
38,B1_2,-0.127,-0.492,-0.511,-0.415,0.681,1.0,0.558,-0.866,-0.56,-0.494,0.551,0.366,0.573,-0.118,-0.123,0.014
38,B1_3,0.648,-0.147,0.175,-0.602,0.928,0.558,1.0,-0.538,-0.113,-0.194,-0.148,-0.073,-0.034,-0.213,-0.059,-0.638
38,A2_1,0.033,0.455,0.317,0.5,-0.638,-0.866,-0.538,1.0,0.623,0.265,-0.453,-0.109,-0.382,-0.014,0.147,0.125
38,A2_2,0.423,0.353,0.367,0.237,-0.413,-0.56,-0.113,0.623,1.0,0.69,-0.483,-0.335,-0.539,-0.507,-0.458,-0.016
38,A2_3,0.324,0.183,0.382,-0.106,-0.473,-0.494,-0.194,0.265,0.69,1.0,-0.293,-0.407,-0.456,-0.387,-0.473,-0.078
38,B2_1,-0.714,-0.854,-0.827,-0.372,-0.087,0.551,-0.148,-0.453,-0.483,-0.293,1.0,0.723,0.934,0.207,-0.123,0.363
38,B2_2,-0.551,-0.617,-0.851,-0.192,-0.007,0.366,-0.073,-0.109,-0.335,-0.407,0.723,1.0,0.833,-0.129,-0.154,0.201
38,B2_3,-0.692,-0.822,-0.854,-0.38,0.063,0.573,-0.034,-0.382,-0.539,-0.456,0.934,0.833,1.0,0.221,0.056,0.326
38,y1,-0.41,-0.146,0.113,-0.064,-0.067,-0.118,-0.213,-0.014,-0.507,-0.387,0.207,-0.129,0.221,1.0,0.792,0.178
38,y2,-0.222,0.228,0.296,0.046,0.144,-0.123,-0.059,0.147,-0.458,-0.473,-0.123,-0.154,0.056,0.792,1.0,0.139
38,y3,-0.814,0.085,-0.397,0.525,-0.516,0.014,-0.638,0.125,-0.016,-0.078,0.363,0.201,0.326,0.178,0.139,1.0
40,.,1.0,0.177,-0.41,-0.25,-0.393,0.388,-0.047,0.163,0.094,0.258,0.003,-0.28,-0.382,-0.438,-0.547,-0.616
40,A1_1,0.177,1.0,0.213,0.341,-0.278,-0.38,-0.61,0.488,0.706,0.046,-0.872,-0.849,-0.91,0.327,-0.022,0.413
40,A1_2,-0.41,0.213,1.0,0.712,-0.339,-0.951,-0.565,0.33,0.402,0.446,-0.371,-0.109,-0.194,-0.205,0.739,0.141
40,A1_3,-0.25,0.341,0.712,1.0,-0.372,-0.645,-0.602,0.474,0.437,0.552,-0.274,-0.184,-0.17,-0.102,0.259,-0.004
40,B1_1,-0.393,-0.278,-0.339,-0.372,1.0,0.247,0.523,-0.621,0.08,-0.686,0.41,0.186,0.325,0.426,0.116,0.518
40,B1_2,0.388,-0.38,-0.951,-0.645,0.247,1.0,0.518,-0.306,-0.492,-0.245,0.464,0.307,0.328,-0.007,-0.726,-0.266
40,B1_3,-0.047,-0.61,-0.565,-0.602,0.523,0.518,1.0,-0.869,-0.508,-0.711,0.595,0.493,0.586,0.191,-0.093,-0.12
40,A2_1,0.163,0.488,0.33,0.474,-0.621,-0.306,-0.869,1.0,0.183,0.641,-0.41,-0.531,-0.444,-0.06,-0.161,-0.079
40,A2_2,0.094,0.706,0.402,0.437,0.08,-0.492,-0.508,0.183,1.0,0.072,-0.582,-0.617,-0.756,0.014,0.34,0.422
40,A2_3,0.258,0.046,0.446,0.552,-0.686,-0.245,-0.711,0.641,0.072,1.0,-0.069,0.068,-0.086,-0.686,-0.087,-0.493
40,B2_1,0.003,-0.872,-0.371,-0.274,0.41,0.464,0.595,-0.41,-0.582,-0.069,1.0,0.641,0.847,-0.185,-0.213,-0.445
40,B2_2,-0.28,-0.849,-0.109,-0.184,0.186,0.307,0.493,-0.531,-0.617,0.068,0.641,1.0,0.867,-0.444,-0.049,-0.382
40,B2_3,-0.382,-0.91,-0.194,-0.17,0.325,0.328,0.586,-0.444,-0.756,-0.086,0.847,0.867,1.0,-0.116,-0.091,-0.318
40,y1,-0.438,0.327,-0.205,-0.102,0.426,-0.007,0.191,-0.06,0.014,-0.686,-0.185,-0.444,-0.116,1.0,0.058,0.714
40,y2,-0.547,-0.022,0.739,0.259,0.116,-0.726,-0.093,-0.161,0.34,-0.087,-0.213,-0.049,-0.091,0.058,1.0,0.46
40,y3,-0.616,0.413,0.141,-0.004,0.518,-0.266,-0.12,-0.079,0.422,-0.493,-0.445,-0.382,-0.318,0.714,0.46,1.0
42,.,1.0,0.504,0.256,0.531,-0.177,-0.186,-0.07,0.643,0.632,0.138,-0.365,-0.582,-0.666,-0.789,-0.222,-0.664
42,A1_1,0.504,1.0,0.357,0.702,-0.006,-0.527,0.042,0.409,0.446,0.196,-0.12,-0.162,-0.405,-0.409,0.296,-0.157
42,A1_2,0.256,0.357,1.0,0.602,-0.516,-0.562,-0.707,0.755,0.01,0.21,-0.271,-0.397,-0.081,-0.224,0.577,-0.182
42,A1_3,0.531,0.702,0.602,1.0,-0.566,-0.835,-0.392,0.645,0.668,0.507,-0.567,-0.666,-0.414,-0.338,0.48,-0.31
42,B1_1,-0.177,-0.006,-0.516,-0.566,1.0,0.568,0.811,-0.571,-0.169,-0.62,0.519,0.612,0.251,-0.212,-0.387,-0.205
42,B1_2,-0.186,-0.527,-0.562,-0.835,0.568,1.0,0.585,-0.509,-0.445,-0.731,0.68,0.553,0.189,-0.104,-0.458,0.098
42,B1_3,-0.07,0.042,-0.707,-0.392,0.811,0.585,1.0,-0.709,0.047,-0.492,0.538,0.556,0.144,-0.269,-0.366,-0.126
42,A2_1,0.643,0.409,0.755,0.645,-0.571,-0.509,-0.709,1.0,0.352,0.252,-0.59,-0.77,-0.618,-0.435,0.2,-0.346
42,A2_2,0.632,0.446,0.01,0.668,-0.169,-0.445,0.047,0.352,1.0,0.314,-0.577,-0.711,-0.564,-0.493,0.113,-0.578
42,A2_3,0.138,0.196,0.21,0.507,-0.62,-0.731,-0.492,0.252,0.314,1.0,-0.692,-0.455,-0.302,0.27,0.114,0.126
42,B2_1,-0.365,-0.12,-0.271,-0.567,0.519,0.68,0.538,-0.59,-0.577,-0.692,1.0,0.877,0.6,0.124,0.074,0.351
42,B2_2,-0.582,-0.162,-0.397,-0.666,0.612,0.553,0.556,-0.77,-0.711,-0.455,0.877,1.0,0.682,0.365,-0.09,0.472
42,B2_3,-0.666,-0.405,-0.081,-0.414,0.251,0.189,0.144,-0.618,-0.564,-0.302,0.6,0.682,1.0,0.523,0.224,0.239
42,y1,-0.789,-0.409,-0.224,-0.338,-0.212,-0.104,-0.269,-0.435,-0.493,0.27,0.124,0.365,0.523,1.0,0.199,0.786
42,y2,-0.222,0.296,0.577,0.48,-0.387,-0.458,-0.366,0.2,0.113,0.114,0.074,-0.09,0.224,0.199,1.0,0.252
42,y3,-0.664,-0.157,-0.182,-0.31,-0.205,0.098,-0.126,-0.346,-0.578,0.126,0.351,0.472,0.239,0.786,0.252,1.0
44,.,1.0,0.013,-0.211,-0.392,-0.079,0.074,-0.293,0.056,0.177,-0.093,0.342,-0.331,0.194,-0.156,-0.566,-0.314
44,A1_1,0.013,1.0,0.846,0.433,-0.522,-0.683,-0.119,-0.085,0.251,0.229,-0.696,-0.512,-0.609,-0.605,-0.125,-0.215
44,A1_2,-0.211,0.846,1.0,0.73,-0.743,-0.898,-0.182,0.275,0.463,0.449,-0.846,-0.642,-0.895,-0.487,0.129,0.005
44,A1_3,-0.392,0.433,0.73,1.0,-0.55,-0.769,-0.16,0.271,0.106,0.371,-0.724,-0.293,-0.62,-0.34,0.456,0.165
44,B1_1,-0.079,-0.522,-0.743,-0.55,1.0,0.812,0.693,-0.639,-0.511,-0.335,0.671,0.845,0.851,0.326,-0.296,-0.237
44,B1_2,0.074,-0.683,-0.898,-0.769,0.812,1.0,0.406,-0.411,-0.325,-0.366,0.687,0.752,0.892,0.276,-0.355,-0.275
44,B1_3,-0.293,-0.119,-0.182,-0.16,0.693,0.406,1.0,-0.703,-0.205,-0.24,0.325,0.692,0.391,0.18,-0.328,-0.27
44,A2_1,0.056,-0.085,0.275,0.271,-0.639,-0.411,-0.703,1.0,0.654,0.669,-0.423,-0.685,-0.59,-0.14,0.184,0.154
44,A2_2,0.177,0.251,0.463,0.106,-0.511,-0.325,-0.205,0.654,1.0,0.775,-0.495,-0.662,-0.576,-0.412,-0.445,-0.351
44,A2_3,-0.093,0.229,0.449,0.371,-0.335,-0.366,-0.24,0.669,0.775,1.0,-0.662,-0.528,-0.492,-0.51,-0.248,-0.353
44,B2_1,0.342,-0.696,-0.846,-0.724,0.671,0.687,0.325,-0.423,-0.495,-0.662,1.0,0.525,0.754,0.715,-0.108,0.202
44,B2_2,-0.331,-0.512,-0.642,-0.293,0.845,0.752,0.692,-0.685,-0.662,-0.528,0.525,1.0,0.772,0.283,-0.012,-0.119
44,B2_3,0.194,-0.609,-0.895,-0.62,0.851,0.892,0.391,-0.59,-0.576,-0.492,0.754,0.772,1.0,0.306,-0.271,-0.19
44,y1,-0.156,-0.605,-0.487,-0.34,0.326,0.276,0.18,-0.14,-0.412,-0.51,0.715,0.283,0.306,1.0,0.45,0.769
44,y2,-0.566,-0.125,0.129,0.456,-0.296,-0.355,-0.328,0.184,-0.445,-0.248,-0.108,-0.012,-0.271,0.45,1.0,0.851
44,y3,-0.314,-0.215,0.005,0.165,-0.237,-0.275,-0.27,0.154,-0.351,-0.353,0.202,-0.119,-0.19,0.769,0.851,1.0
46,.,1.0,0.203,0.133,-0.409,-0.012,0.294,0.135,-0.303,0.073,-0.389,-0.343,-0.065,-0.492,-0.331,-0.322,0.006
46,A1_1,0.203,1.0,0.478,0.52,-0.255,-0.203,-0.79,0.553,0.588,0.56,-0.786,-0.599,-0.691,-0.297,-0.273,-0.18
46,A1_2,0.133,0.478,1.0,0.592,-0.684,-0.727,-0.656,0.452,0.904,0.502,-0.83,-0.827,-0.394,0.258,-0.002,0.323
46,A1_3,-0.409,0.52,0.592,1.0,-0.506,-0.706,-0.784,0.892,0.611,0.781,-0.496,-0.493,-0.14,0.101,-0.025,-0.107
46,B1_1,-0.012,-0.255,-0.684,-0.506,1.0,0.787,0.37,-0.252,-0.542,-0.432,0.415,0.772,0.152,-0.436,-0.097,-0.314
46,B1_2,0.294,-0.203,-0.727,-0.706,0.787,1.0,0.521,-0.61,-0.709,-0.77,0.437,0.755,-0.108,-0.26,0.105,-0.022
46,B1_3,0.135,-0.79,-0.656,-0.784,0.37,0.521,1.0,-0.806,-0.814,-0.726,0.792,0.603,0.595,0.039,0.285,0.027
46,A2_1,-0.303,0.553,0.452,0.892,-0.252,-0.61,-0.806,1.0,0.597,0.851,-0.482,-0.402,-0.129,-0.243,-0.4,-0.432
46,A2_2,0.073,0.588,0.904,0.611,-0.542,-0.709,-0.814,0.597,1.0,0.61,-0.899,-0.783,-0.448,0.18,-0.16,0.221
46,A2_3,-0.389,0.56,0.502,0.781,-0.432,-0.77,-0.726,0.851,0.61,1.0,-0.464,-0.673,-0.037,-0.229,-0.405,-0.441
46,B2_1,-0.343,-0.786,-0.83,-0.496,0.415,0.437,0.792,-0.482,-0.899,-0.464,1.0,0.702,0.72,0.028,0.194,-0.169
46,B2_2,-0.065,-0.599,-0.827,-0.493,0.772,0.755,0.603,-0.402,-0.783,-0.673,0.702,1.0,0.289,-0.125,0.14,-0.097
46,B2_3,-0.492,-0.691,-0.394,-0.14,0.152,-0.108,0.595,-0.129,-0.448,-0.037,0.72,0.289,1.0,0.149,0.246,-0.212
46,y1,-0.331,-0.297,0.258,0.101,-0.436,-0.26,0.039,-0.243,0.18,-0.229,0.028,-0.125,0.149,1.0,0.798,0.882
46,y2,-0.322,-0.273,-0.002,-0.025,-0.097,0.105,0.285,-0.4,-0.16,-0.405,0.194,0.14,0.246,0.798,1.0,0.726
46,y3,0.006,-0.18,0.323,-0.107,-0.314,-0.022,0.027,-0.432,0.221,-0.441,-0.169,-0.097,-0.212,0.882,0.726,1.0
48,.,1.0,-0.255,0.208,-0.681,-0.001,-0.207,0.003,-0.212,-0.396,-0.593,0.322,-0.161,0.067,-0.437,-0.794,-0.486
48,A1_1,-0.255,1.0,0.353,0.098,-0.308,-0.306,-0.319,0.051,0.374,0.739,-0.437,-0.211,-0.139,-0.489,-0.103,0.232
