,,.,A1_1,A1_2,A1_3,B1_1,B1_2,B1_3,A2_1,A2_2,A2_3,B2_1,B2_2,B2_3,y1,y2,y3
0,.,1.0,0.499,0.317,0.17,0.431,0.592,0.545,0.578,0.347,0.741,0.665,0.475,0.576,0.837,0.864,0.759
0,A1_1,0.499,1.0,0.442,0.63,0.594,0.819,0.602,0.636,0.743,0.714,0.679,0.706,0.545,0.661,0.496,0.325
0,A1_2,0.317,0.442,1.0,0.819,0.465,0.614,0.616,0.556,0.568,0.683,0.524,0.711,0.816,0.477,0.023,0.346
0,A1_3,0.17,0.63,0.819,1.0,0.645,0.683,0.646,0.713,0.646,0.624,0.672,0.749,0.721,0.539,0.055,0.069
0,B1_1,0.431,0.594,0.465,0.645,1.0,0.773,0.785,0.637,0.816,0.749,0.807,0.868,0.583,0.765,0.388,0.34
0,B1_2,0.592,0.819,0.614,0.683,0.773,1.0,0.894,0.658,0.771,0.88,0.695,0.859,0.798,0.794,0.427,0.566
0,B1_3,0.545,0.602,0.616,0.646,0.785,0.894,1.0,0.513,0.754,0.885,0.626,0.92,0.854,0.768,0.43,0.566
0,A2_1,0.578,0.636,0.556,0.713,0.637,0.658,0.513,1.0,0.475,0.598,0.873,0.57,0.553,0.736,0.409,0.272
0,A2_2,0.347,0.743,0.568,0.646,0.816,0.771,0.754,0.475,1.0,0.825,0.59,0.902,0.658,0.585,0.332,0.378
0,A2_3,0.741,0.714,0.683,0.624,0.749,0.88,0.885,0.598,0.825,1.0,0.7,0.889,0.899,0.853,0.611,0.663
0,B2_1,0.665,0.679,0.524,0.672,0.807,0.695,0.626,0.873,0.59,0.7,1.0,0.722,0.575,0.872,0.612,0.378
0,B2_2,0.475,0.706,0.711,0.749,0.868,0.859,0.92,0.57,0.902,0.889,0.722,1.0,0.787,0.731,0.374,0.475
0,B2_3,0.576,0.545,0.816,0.721,0.583,0.798,0.854,0.553,0.658,0.899,0.575,0.787,1.0,0.745,0.409,0.525
0,y1,0.837,0.661,0.477,0.539,0.765,0.794,0.768,0.736,0.585,0.853,0.872,0.731,0.745,1.0,0.765,0.506
0,y2,0.864,0.496,0.023,0.055,0.388,0.427,0.43,0.409,0.332,0.611,0.612,0.374,0.409,0.765,1.0,0.569
0,y3,0.759,0.325,0.346,0.069,0.34,0.566,0.566,0.272,0.378,0.663,0.378,0.475,0.525,0.506,0.569,1.0
500,.,1.0,-0.207,-0.207,-0.187,-0.322,-0.369,-0.258,-0.173,-0.277,-0.194,-0.356,-0.333,-0.316,-0.454,-0.477,-0.48
500,A1_1,-0.207,1.0,0.993,0.987,0.269,0.327,0.289,0.991,0.973,0.992,0.354,0.238,0.324,-0.385,-0.368,-0.392
500,A1_2,-0.207,0.993,1.0,0.979,0.247,0.304,0.272,0.986,0.977,0.999,0.333,0.216,0.316,-0.399,-0.383,-0.4
500,A1_3,-0.187,0.987,0.979,1.0,0.256,0.309,0.278,0.978,0.968,0.975,0.338,0.223,0.321,-0.464,-0.446,-0.473
500,B1_1,-0.322,0.269,0.247,0.256,1.0,0.987,0.986,0.205,0.317,0.243,0.99,0.987,0.969,0.181,0.163,0.197
500,B1_2,-0.369,0.327,0.304,0.309,0.987,1.0,0.986,0.266,0.366,0.299,0.998,0.987,0.966,0.203,0.189,0.229
500,B1_3,-0.258,0.289,0.272,0.278,0.986,0.986,1.0,0.228,0.336,0.266,0.985,0.972,0.96,0.118,0.097,0.14
500,A2_1,-0.173,0.991,0.986,0.978,0.205,0.266,0.228,1.0,0.946,0.986,0.292,0.172,0.264,-0.408,-0.387,-0.408
500,A2_2,-0.277,0.973,0.977,0.968,0.317,0.366,0.336,0.946,1.0,0.971,0.397,0.285,0.389,-0.421,-0.41,-0.429
500,A2_3,-0.194,0.992,0.999,0.975,0.243,0.299,0.266,0.986,0.971,1.0,0.328,0.212,0.31,-0.386,-0.37,-0.387
500,B2_1,-0.356,0.354,0.333,0.338,0.99,0.998,0.985,0.292,0.397,0.328,1.0,0.988,0.976,0.167,0.153,0.192
500,B2_2,-0.333,0.238,0.216,0.223,0.987,0.987,0.972,0.172,0.285,0.212,0.988,1.0,0.977,0.237,0.221,0.263
500,B2_3,-0.316,0.324,0.316,0.321,0.969,0.966,0.96,0.264,0.389,0.31,0.976,0.977,1.0,0.072,0.058,0.112
500,y1,-0.454,-0.385,-0.399,-0.464,0.181,0.203,0.118,-0.408,-0.421,-0.386,0.167,0.237,0.072,1.0,0.998,0.987
500,y2,-0.477,-0.368,-0.383,-0.446,0.163,0.189,0.097,-0.387,-0.41,-0.37,0.153,0.221,0.058,0.998,1.0,0.989
500,y3,-0.48,-0.392,-0.4,-0.473,0.197,0.229,0.14,-0.408,-0.429,-0.387,0.192,0.263,0.112,0.987,0.989,1.0
1000,.,1.0,-0.195,-0.122,-0.076,-0.215,-0.318,-0.242,-0.224,-0.188,-0.076,-0.266,-0.312,-0.277,-0.641,-0.631,-0.67
1000,A1_1,-0.195,1.0,0.925,0.948,0.143,0.254,0.23,0.985,0.989,0.909,0.211,0.153,0.217,-0.385,-0.402,-0.385
1000,A1_2,-0.122,0.925,1.0,0.927,-0.123,0.004,-0.038,0.878,0.9,0.994,-0.05,-0.083,-0.002,-0.393,-0.412,-0.391
1000,A1_3,-0.076,0.948,0.927,1.0,-0.023,0.096,0.072,0.916,0.952,0.937,0.046,0.008,0.077,-0.445,-0.456,-0.454
1000,B1_1,-0.215,0.143,-0.123,-0.023,1.0,0.962,0.951,0.186,0.182,-0.159,0.986,0.896,0.947,0.152,0.157,0.162
1000,B1_2,-0.318,0.254,0.004,0.096,0.962,1.0,0.958,0.285,0.282,-0.03,0.992,0.906,0.96,0.206,0.203,0.216
1000,B1_3,-0.242,0.23,-0.038,0.072,0.951,0.958,1.0,0.288,0.282,-0.074,0.97,0.959,0.974,0.079,0.078,0.096
1000,A2_1,-0.224,0.985,0.878,0.916,0.186,0.285,0.288,1.0,0.977,0.862,0.249,0.203,0.255,-0.378,-0.391,-0.368
1000,A2_2,-0.188,0.989,0.9,0.952,0.182,0.282,0.282,0.977,1.0,0.883,0.244,0.205,0.265,-0.426,-0.442,-0.426
1000,A2_3,-0.076,0.909,0.994,0.937,-0.159,-0.03,-0.074,0.862,0.883,1.0,-0.084,-0.117,-0.038,-0.388,-0.404,-0.389
1000,B2_1,-0.266,0.211,-0.05,0.046,0.986,0.992,0.97,0.249,0.244,-0.084,1.0,0.918,0.965,0.181,0.181,0.191
1000,B2_2,-0.312,0.153,-0.083,0.008,0.896,0.906,0.959,0.203,0.205,-0.117,0.918,1.0,0.967,0.179,0.186,0.201
1000,B2_3,-0.277,0.217,-0.002,0.077,0.947,0.96,0.974,0.255,0.265,-0.038,0.965,0.967,1.0,0.118,0.122,0.14
1000,y1,-0.641,-0.385,-0.393,-0.445,0.152,0.206,0.079,-0.378,-0.426,-0.388,0.181,0.179,0.118,1.0,0.998,0.996
1000,y2,-0.631,-0.402,-0.412,-0.456,0.157,0.203,0.078,-0.391,-0.442,-0.404,0.181,0.186,0.122,0.998,1.0,0.996
1000,y3,-0.67,-0.385,-0.391,-0.454,0.162,0.216,0.096,-0.368,-0.426,-0.389,0.191,0.201,0.14,0.996,0.996,1.0
1500,.,1.0,-0.13,-0.121,0.01,-0.355,-0.495,-0.39,-0.18,-0.088,-0.084,-0.47,-0.442,-0.454,-0.69,-0.664,-0.68
1500,A1_1,-0.13,1.0,0.958,0.952,0.067,0.225,0.169,0.971,0.991,0.965,0.181,0.103,0.157,-0.411,-0.425,-0.433
1500,A1_2,-0.121,0.958,1.0,0.95,-0.079,0.101,0.048,0.899,0.946,0.996,0.056,0.012,0.064,-0.403,-0.418,-0.409
1500,A1_3,0.01,0.952,0.95,1.0,-0.142,0.019,-0.028,0.868,0.952,0.964,-0.026,-0.069,-0.021,-0.472,-0.484,-0.488
1500,B1_1,-0.355,0.067,-0.079,-0.142,1.0,0.911,0.972,0.201,0.092,-0.08,0.951,0.932,0.936,0.088,0.06,0.076
1500,B1_2,-0.495,0.225,0.101,0.019,0.911,1.0,0.969,0.311,0.237,0.096,0.992,0.961,0.977,0.203,0.176,0.19
1500,B1_3,-0.39,0.169,0.048,-0.028,0.972,0.969,1.0,0.279,0.195,0.043,0.985,0.969,0.984,0.082,0.05,0.078
1500,A2_1,-0.18,0.971,0.899,0.868,0.201,0.311,0.279,1.0,0.959,0.903,0.276,0.174,0.236,-0.404,-0.422,-0.421
1500,A2_2,-0.088,0.991,0.946,0.952,0.092,0.237,0.195,0.959,1.0,0.953,0.195,0.118,0.178,-0.46,-0.476,-0.479
1500,A2_3,-0.084,0.965,0.996,0.964,-0.08,0.096,0.043,0.903,0.953,1.0,0.051,0.005,0.056,-0.414,-0.427,-0.423
1500,B2_1,-0.47,0.181,0.056,-0.026,0.951,0.992,0.985,0.276,0.195,0.051,1.0,0.978,0.986,0.192,0.165,0.178
1500,B2_2,-0.442,0.103,0.012,-0.069,0.932,0.961,0.969,0.174,0.118,0.005,0.978,1.0,0.994,0.189,0.16,0.179
1500,B2_3,-0.454,0.157,0.064,-0.021,0.936,0.977,0.984,0.236,0.178,0.056,0.986,0.994,1.0,0.159,0.127,0.153
1500,y1,-0.69,-0.411,-0.403,-0.472,0.088,0.203,0.082,-0.404,-0.46,-0.414,0.192,0.189,0.159,1.0,0.998,0.995
1500,y2,-0.664,-0.425,-0.418,-0.484,0.06,0.176,0.05,-0.422,-0.476,-0.427,0.165,0.16,0.127,0.998,1.0,0.989
1500,y3,-0.68,-0.433,-0.409,-0.488,0.076,0.19,0.078,-0.421,-0.479,-0.423,0.178,0.179,0.153,0.995,0.989,1.0
2000,.,1.0,0.005,-0.029,-0.033,-0.326,-0.38,-0.307,-0.038,-0.053,0.208,-0.382,-0.419,-0.385,-0.599,-0.569,-0.54
2000,A1_1,0.005,1.0,0.985,0.989,0.102,0.172,0.198,0.934,0.981,0.899,0.13,0.078,0.192,-0.489,-0.505,-0.551
2000,A1_2,-0.029,0.985,1.0,0.989,0.117,0.18,0.22,0.908,0.983,0.907,0.14,0.099,0.219,-0.466,-0.486,-0.518
2000,A1_3,-0.033,0.989,0.989,1.0,0.162,0.225,0.265,0.909,0.998,0.875,0.185,0.14,0.261,-0.48,-0.502,-0.536
2000,B1_1,-0.326,0.102,0.117,0.162,1.0,0.982,0.981,0.263,0.204,-0.251,0.982,0.91,0.973,0.013,-0.031,-0.005
2000,B1_2,-0.38,0.172,0.18,0.225,0.982,1.0,0.986,0.327,0.267,-0.203,0.993,0.923,0.976,0.083,0.037,0.058
2000,B1_3,-0.307,0.198,0.22,0.265,0.981,0.986,1.0,0.34,0.305,-0.149,0.979,0.912,0.985,-0.006,-0.053,-0.021
2000,A2_1,-0.038,0.934,0.908,0.909,0.263,0.327,0.34,1.0,0.899,0.763,0.267,0.149,0.301,-0.508,-0.532,-0.586
2000,A2_2,-0.053,0.981,0.983,0.998,0.204,0.267,0.305,0.899,1.0,0.85,0.23,0.184,0.302,-0.462,-0.487,-0.52
2000,A2_3,0.208,0.899,0.907,0.875,-0.251,-0.203,-0.149,0.763,0.85,1.0,-0.236,-0.239,-0.142,-0.536,-0.528,-0.569
2000,B2_1,-0.382,0.13,0.14,0.185,0.982,0.993,0.979,0.267,0.23,-0.236,1.0,0.956,0.98,0.124,0.075,0.1
2000,B2_2,-0.419,0.078,0.099,0.14,0.91,0.923,0.912,0.149,0.184,-0.239,0.956,1.0,0.955,0.215,0.165,0.202
2000,B2_3,-0.385,0.192,0.219,0.261,0.973,0.976,0.985,0.301,0.302,-0.142,0.98,0.955,1.0,0.045,0.001,0.034
2000,y1,-0.599,-0.489,-0.466,-0.48,0.013,0.083,-0.006,-0.508,-0.462,-0.536,0.124,0.215,0.045,1.0,0.995,0.987
2000,y2,-0.569,-0.505,-0.486,-0.502,-0.031,0.037,-0.053,-0.532,-0.487,-0.528,0.075,0.165,0.001,0.995,1.0,0.989
2000,y3,-0.54,-0.551,-0.518,-0.536,-0.005,0.058,-0.021,-0.586,-0.52,-0.569,0.1,0.202,0.034,0.987,0.989,1.0
2500,.,1.0,-0.134,-0.116,-0.119,-0.145,-0.311,-0.275,-0.093,-0.102,-0.143,-0.211,-0.297,-0.193,-0.516,-0.454,-0.464
2500,A1_1,-0.134,1.0,0.915,0.95,-0.177,-0.03,-0.053,0.959,0.924,0.957,-0.107,-0.05,-0.098,-0.427,-0.508,-0.499
2500,A1_2,-0.116,0.915,1.0,0.989,-0.181,-0.038,-0.037,0.983,0.987,0.985,-0.1,-0.04,-0.039,-0.44,-0.56,-0.518
2500,A1_3,-0.119,0.95,0.989,1.0,-0.168,-0.023,-0.025,0.994,0.994,0.982,-0.088,-0.028,-0.034,-0.46,-0.57,-0.535
2500,B1_1,-0.145,-0.177,-0.181,-0.168,1.0,0.954,0.956,-0.171,-0.116,-0.216,0.984,0.948,0.957,0.101,0.152,0.149
2500,B1_2,-0.311,-0.03,-0.038,-0.023,0.954,1.0,0.995,-0.031,0.021,-0.064,0.969,0.997,0.967,0.159,0.184,0.193
2500,B1_3,-0.275,-0.053,-0.037,-0.025,0.956,0.995,1.0,-0.035,0.022,-0.073,0.967,0.998,0.979,0.11,0.137,0.149
2500,A2_1,-0.093,0.959,0.983,0.994,-0.171,-0.031,-0.035,1.0,0.981,0.981,-0.099,-0.038,-0.05,-0.477,-0.585,-0.552
2500,A2_2,-0.102,0.924,0.987,0.994,-0.116,0.021,0.022,0.981,1.0,0.968,-0.032,0.019,0.025,-0.461,-0.573,-0.536
2500,A2_3,-0.143,0.957,0.985,0.982,-0.216,-0.064,-0.073,0.981,0.968,1.0,-0.138,-0.074,-0.098,-0.425,-0.532,-0.503
2500,B2_1,-0.211,-0.107,-0.1,-0.088,0.984,0.969,0.967,-0.099,-0.032,-0.138,1.0,0.965,0.98,0.176,0.211,0.214
2500,B2_2,-0.297,-0.05,-0.04,-0.028,0.948,0.997,0.998,-0.038,0.019,-0.074,0.965,1.0,0.976,0.144,0.168,0.18
2500,B2_3,-0.193,-0.098,-0.039,-0.034,0.957,0.967,0.979,-0.05,0.025,-0.098,0.98,0.976,1.0,0.126,0.147,0.165
2500,y1,-0.516,-0.427,-0.44,-0.46,0.101,0.159,0.11,-0.477,-0.461,-0.425,0.176,0.144,0.126,1.0,0.984,0.992
2500,y2,-0.454,-0.508,-0.56,-0.57,0.152,0.184,0.137,-0.585,-0.573,-0.532,0.211,0.168,0.147,0.984,1.0,0.994
2500,y3,-0.464,-0.499,-0.518,-0.535,0.149,0.193,0.149,-0.552,-0.536,-0.503,0.214,0.18,0.165,0.992,0.994,1.0
3000,.,1.0,-0.036,-0.261,-0.234,0.234,0.181,0.213,-0.16,-0.075,-0.024,0.285,0.29,0.201,-0.354,-0.318,-0.32
3000,A1_1,-0.036,1.0,0.937,0.953,-0.419,-0.377,-0.367,0.952,0.982,0.961,-0.377,-0.324,-0.351,-0.417,-0.406,-0.396
3000,A1_2,-0.261,0.937,1.0,0.991,-0.551,-0.496,-0.495,0.98,0.956,0.946,-0.519,-0.511,-0.48,-0.383,-0.383,-0.364
3000,A1_3,-0.234,0.953,0.991,1.0,-0.498,-0.451,-0.452,0.986,0.961,0.931,-0.479,-0.461,-0.436,-0.43,-0.432,-0.419
3000,B1_1,0.234,-0.419,-0.551,-0.498,1.0,0.935,0.951,-0.516,-0.468,-0.499,0.881,0.927,0.94,0.104,0.126,0.106
3000,B1_2,0.181,-0.377,-0.496,-0.451,0.935,1.0,0.996,-0.466,-0.405,-0.423,0.95,0.928,0.995,0.223,0.249,0.236
3000,B1_3,0.213,-0.367,-0.495,-0.452,0.951,0.996,1.0,-0.465,-0.396,-0.413,0.946,0.939,0.996,0.182,0.212,0.201
3000,A2_1,-0.16,0.952,0.98,0.986,-0.516,-0.466,-0.465,1.0,0.977,0.952,-0.446,-0.473,-0.46,-0.461,-0.447,-0.436
3000,A2_2,-0.075,0.982,0.956,0.961,-0.468,-0.405,-0.396,0.977,1.0,0.979,-0.376,-0.381,-0.388,-0.432,-0.41,-0.395
3000,A2_3,-0.024,0.961,0.946,0.931,-0.499,-0.423,-0.413,0.952,0.979,1.0,-0.39,-0.403,-0.403,-0.366,-0.34,-0.321
3000,B2_1,0.285,-0.377,-0.519,-0.479,0.881,0.95,0.946,-0.446,-0.376,-0.39,1.0,0.906,0.929,0.234,0.289,0.27
3000,B2_2,0.29,-0.324,-0.511,-0.461,0.927,0.928,0.939,-0.473,-0.381,-0.403,0.906,1.0,0.939,0.269,0.301,0.28
3000,B2_3,0.201,-0.351,-0.48,-0.436,0.94,0.995,0.996,-0.46,-0.388,-0.403,0.929,0.939,1.0,0.211,0.234,0.225
3000,y1,-0.354,-0.417,-0.383,-0.43,0.104,0.223,0.182,-0.461,-0.432,-0.366,0.234,0.269,0.211,1.0,0.993,0.991
3000,y2,-0.318,-0.406,-0.383,-0.432,0.126,0.249,0.212,-0.447,-0.41,-0.34,0.289,0.301,0.234,0.993,1.0,0.997
3000,y3,-0.32,-0.396,-0.364,-0.419,0.106,0.236,0.201,-0.436,-0.395,-0.321,0.27,0.28,0.225,0.991,0.997,1.0
3500,.,1.0,0.013,-0.158,-0.142,0.322,0.232,0.213,-0.012,-0.016,-0.012,0.122,0.214,0.124,-0.437,-0.436,-0.399
3500,A1_1,0.013,1.0,0.9,0.874,-0.288,-0.264,-0.312,0.928,0.978,0.949,-0.215,-0.286,-0.271,-0.53,-0.574,-0.552
3500,A1_2,-0.158,0.9,1.0,0.983,-0.462,-0.399,-0.421,0.959,0.935,0.963,-0.281,-0.424,-0.357,-0.439,-0.441,-0.438
3500,A1_3,-0.142,0.874,0.983,1.0,-0.446,-0.384,-0.388,0.974,0.932,0.966,-0.264,-0.43,-0.354,-0.495,-0.479,-0.479
3500,B1_1,0.322,-0.288,-0.462,-0.446,1.0,0.98,0.941,-0.411,-0.375,-0.399,0.869,0.954,0.919,0.122,0.083,0.123
3500,B1_2,0.232,-0.264,-0.399,-0.384,0.98,1.0,0.978,-0.381,-0.351,-0.358,0.94,0.976,0.971,0.184,0.137,0.182
3500,B1_3,0.213,-0.312,-0.421,-0.388,0.941,0.978,1.0,-0.401,-0.382,-0.381,0.968,0.934,0.947,0.199,0.144,0.192
3500,A2_1,-0.012,0.928,0.959,0.974,-0.411,-0.381,-0.401,1.0,0.98,0.993,-0.293,-0.442,-0.395,-0.561,-0.557,-0.546
3500,A2_2,-0.016,0.978,0.935,0.932,-0.375,-0.351,-0.382,0.98,1.0,0.985,-0.276,-0.398,-0.371,-0.54,-0.562,-0.544
3500,A2_3,-0.012,0.949,0.963,0.966,-0.399,-0.358,-0.381,0.993,0.985,1.0,-0.258,-0.412,-0.36,-0.524,-0.535,-0.515
3500,B2_1,0.122,-0.215,-0.281,-0.264,0.869,0.94,0.968,-0.293,-0.276,-0.258,1.0,0.888,0.929,0.286,0.212,0.275
3500,B2_2,0.214,-0.286,-0.424,-0.43,0.954,0.976,0.934,-0.442,-0.398,-0.412,0.888,1.0,0.979,0.23,0.192,0.224
3500,B2_3,0.124,-0.271,-0.357,-0.354,0.919,0.971,0.947,-0.395,-0.371,-0.36,0.929,0.979,1.0,0.234,0.19,0.228
3500,y1,-0.437,-0.53,-0.439,-0.495,0.122,0.184,0.199,-0.561,-0.54,-0.524,0.286,0.23,0.234,1.0,0.979,0.99
3500,y2,-0.436,-0.574,-0.441,-0.479,0.083,0.137,0.144,-0.557,-0.562,-0.535,0.212,0.192,0.19,0.979,1.0,0.992
3500,y3,-0.399,-0.552,-0.438,-0.479,0.123,0.182,0.192,-0.546,-0.544,-0.515,0.275,0.224,0.228,0.99,0.992,1.0
4000,.,1.0,0.19,0.009,0.168,-0.141,-0.42,-0.335,0.174,0.154,0.249,-0.421,-0.388,-0.385,-0.573,-0.557,-0.533
4000,A1_1,0.19,1.0,0.914,0.905,-0.326,-0.3,-0.281,0.981,0.981,0.979,-0.334,-0.304,-0.303,-0.421,-0.412,-0.415
4000,A1_2,0.009,0.914,1.0,0.957,-0.472,-0.37,-0.412,0.962,0.968,0.938,-0.378,-0.4,-0.397,-0.398,-0.374,-0.366
4000,A1_3,0.168,0.905,0.957,1.0,-0.477,-0.4,-0.416,0.952,0.955,0.959,-0.407,-0.418,-0.428,-0.568,-0.551,-0.539
4000,B1_1,-0.141,-0.326,-0.472,-0.477,1.0,0.906,0.906,-0.403,-0.385,-0.445,0.91,0.898,0.909,0.339,0.304,0.311
4000,B1_2,-0.42,-0.3,-0.37,-0.4,0.906,1.0,0.982,-0.361,-0.341,-0.395,0.994,0.994,0.996,0.322,0.283,0.294
4000,B1_3,-0.335,-0.281,-0.412,-0.416,0.906,0.982,1.0,-0.361,-0.347,-0.382,0.965,0.995,0.989,0.258,0.206,0.212
4000,A2_1,0.174,0.981,0.962,0.952,-0.403,-0.361,-0.361,1.0,0.996,0.986,-0.382,-0.374,-0.375,-0.491,-0.472,-0.474
4000,A2_2,0.154,0.981,0.968,0.955,-0.385,-0.341,-0.347,0.996,1.0,0.984,-0.362,-0.357,-0.356,-0.466,-0.452,-0.447
4000,A2_3,0.249,0.979,0.938,0.959,-0.445,-0.395,-0.382,0.986,0.984,1.0,-0.422,-0.4,-0.404,-0.544,-0.527,-0.525
4000,B2_1,-0.421,-0.334,-0.378,-0.407,0.91,0.994,0.965,-0.382,-0.362,-0.422,1.0,0.983,0.985,0.308,0.276,0.283
4000,B2_2,-0.388,-0.304,-0.4,-0.418,0.898,0.994,0.995,-0.374,-0.357,-0.4,0.983,1.0,0.997,0.287,0.242,0.251
4000,B2_3,-0.385,-0.303,-0.397,-0.428,0.909,0.996,0.989,-0.375,-0.356,-0.404,0.985,0.997,1.0,0.321,0.28,0.292
4000,y1,-0.573,-0.421,-0.398,-0.568,0.339,0.322,0.258,-0.491,-0.466,-0.544,0.308,0.287,0.321,1.0,0.99,0.985
4000,y2,-0.557,-0.412,-0.374,-0.551,0.304,0.283,0.206,-0.472,-0.452,-0.527,0.276,0.242,0.28,0.99,1.0,0.987
4000,y3,-0.533,-0.415,-0.366,-0.539,0.311,0.294,0.212,-0.474,-0.447,-0.525,0.283,0.251,0.292,0.985,0.987,1.0
4500,.,1.0,0.193,0.232,0.235,-0.39,-0.461,-0.41,0.245,0.276,0.221,-0.433,-0.51,-0.458,-0.601,-0.542,-0.591
4500,A1_1,0.193,1.0,0.984,0.993,-0.298,-0.34,-0.324,0.98,0.958,0.993,-0.269,-0.258,-0.271,-0.482,-0.517,-0.458
4500,A1_2,0.232,0.984,1.0,0.993,-0.393,-0.433,-0.425,0.996,0.968,0.996,-0.365,-0.351,-0.369,-0.492,-0.508,-0.472
4500,A1_3,0.235,0.993,0.993,1.0,-0.349,-0.396,-0.382,0.994,0.977,0.995,-0.323,-0.318,-0.329,-0.498,-0.52,-0.484
4500,B1_1,-0.39,-0.298,-0.393,-0.349,1.0,0.953,0.989,-0.382,-0.35,-0.36,0.992,0.939,0.981,0.344,0.31,0.334
4500,B1_2,-0.461,-0.34,-0.433,-0.396,0.953,1.0,0.979,-0.431,-0.384,-0.403,0.956,0.99,0.984,0.309,0.287,0.297
4500,B1_3,-0.41,-0.324,-0.425,-0.382,0.989,0.979,1.0,-0.421,-0.378,-0.39,0.99,0.965,0.993,0.358,0.326,0.348
4500,A2_1,0.245,0.98,0.996,0.994,-0.382,-0.431,-0.421,1.0,0.973,0.992,-0.357,-0.356,-0.367,-0.525,-0.541,-0.511
4500,A2_2,0.276,0.958,0.968,0.977,-0.35,-0.384,-0.378,0.973,1.0,0.968,-0.313,-0.312,-0.32,-0.542,-0.524,-0.52
4500,A2_3,0.221,0.993,0.996,0.995,-0.36,-0.403,-0.39,0.992,0.968,1.0,-0.33,-0.322,-0.336,-0.502,-0.529,-0.486
4500,B2_1,-0.433,-0.269,-0.365,-0.323,0.992,0.956,0.99,-0.357,-0.313,-0.33,1.0,0.949,0.989,0.354,0.324,0.345
4500,B2_2,-0.51,-0.258,-0.351,-0.318,0.939,0.99,0.965,-0.356,-0.312,-0.322,0.949,1.0,0.985,0.319,0.294,0.313
4500,B2_3,-0.458,-0.271,-0.369,-0.329,0.981,0.984,0.993,-0.367,-0.32,-0.336,0.989,0.985,1.0,0.341,0.314,0.334
4500,y1,-0.601,-0.482,-0.492,-0.498,0.344,0.309,0.358,-0.525,-0.542,-0.502,0.354,0.319,0.341,1.0,0.977,0.977
4500,y2,-0.542,-0.517,-0.508,-0.52,0.31,0.287,0.326,-0.541,-0.524,-0.529,0.324,0.294,0.314,0.977,1.0,0.972
4500,y3,-0.591,-0.458,-0.472,-0.484,0.334,0.297,0.348,-0.511,-0.52,-0.486,0.345,0.313,0.334,0.977,0.972,1.0
5000,.,1.0,0.265,0.361,0.293,-0.163,-0.276,-0.155,0.284,0.221,0.32,-0.321,-0.211,-0.15,-0.566,-0.537,-0.494
5000,A1_1,0.265,1.0,0.962,0.981,-0.245,-0.375,-0.44,0.976,0.979,0.98,-0.374,-0.208,-0.303,-0.5,-0.475,-0.487
5000,A1_2,0.361,0.962,1.0,0.986,-0.406,-0.525,-0.565,0.988,0.957,0.981,-0.516,-0.378,-0.456,-0.544,-0.504,-0.502
5000,A1_3,0.293,0.981,0.986,1.0,-0.355,-0.489,-0.554,0.996,0.984,0.982,-0.484,-0.33,-0.43,-0.554,-0.521,-0.526
5000,B1_1,-0.163,-0.245,-0.406,-0.355,1.0,0.933,0.88,-0.37,-0.289,-0.356,0.889,0.984,0.956,0.421,0.413,0.397
5000,B1_2,-0.276,-0.375,-0.525,-0.489,0.933,1.0,0.972,-0.51,-0.423,-0.488,0.992,0.955,0.969,0.466,0.451,0.44
5000,B1_3,-0.155,-0.44,-0.565,-0.554,0.88,0.972,1.0,-0.576,-0.51,-0.534,0.964,0.899,0.952,0.449,0.434,0.443
5000,A2_1,0.284,0.976,0.988,0.996,-0.37,-0.51,-0.576,1.0,0.973,0.987,-0.507,-0.348,-0.45,-0.544,-0.512,-0.52
5000,A2_2,0.221,0.979,0.957,0.984,-0.289,-0.423,-0.51,0.973,1.0,0.952,-0.418,-0.26,-0.36,-0.502,-0.462,-0.49
5000,A2_3,0.32,0.98,0.981,0.982,-0.356,-0.488,-0.534,0.987,0.952,1.0,-0.483,-0.324,-0.423,-0.541,-0.51,-0.509
5000,B2_1,-0.321,-0.374,-0.516,-0.484,0.889,0.992,0.964,-0.507,-0.418,-0.483,1.0,0.929,0.943,0.473,0.462,0.456
5000,B2_2,-0.211,-0.208,-0.378,-0.33,0.984,0.955,0.899,-0.348,-0.26,-0.324,0.929,1.0,0.973,0.471,0.463,0.45
5000,B2_3,-0.15,-0.303,-0.456,-0.43,0.956,0.969,0.952,-0.45,-0.36,-0.423,0.943,0.973,1.0,0.503,0.49,0.48
5000,y1,-0.566,-0.5,-0.544,-0.554,0.421,0.466,0.449,-0.544,-0.502,-0.541,0.473,0.471,0.503,1.0,0.987,0.982
5000,y2,-0.537,-0.475,-0.504,-0.521,0.413,0.451,0.434,-0.512,-0.462,-0.51,0.462,0.463,0.49,0.987,1.0,0.985
5000,y3,-0.494,-0.487,-0.502,-0.526,0.397,0.44,0.443,-0.52,-0.49,-0.509,0.456,0.45,0.48,0.982,0.985,1.0
5500,.,1.0,-0.007,0.022,0.047,-0.216,-0.296,-0.134,0.108,0.073,0.118,-0.176,-0.195,-0.357,-0.482,-0.4,-0.499
5500,A1_1,-0.007,1.0,0.981,0.985,-0.262,-0.123,-0.215,0.93,0.969,0.971,-0.154,-0.163,-0.097,-0.524,-0.521,-0.49
5500,A1_2,0.022,0.981,1.0,0.973,-0.367,-0.248,-0.331,0.874,0.921,0.966,-0.291,-0.296,-0.227,-0.522,-0.517,-0.499
5500,A1_3,0.047,0.985,0.973,1.0,-0.335,-0.202,-0.288,0.937,0.953,0.947,-0.221,-0.232,-0.173,-0.54,-0.523,-0.508
5500,B1_1,-0.216,-0.262,-0.367,-0.335,1.0,0.95,0.962,-0.216,-0.205,-0.269,0.902,0.869,0.82,0.399,0.405,0.414
5500,B1_2,-0.296,-0.123,-0.248,-0.202,0.95,1.0,0.973,-0.079,-0.063,-0.139,0.969,0.954,0.934,0.473,0.481,0.496
5500,B1_3,-0.134,-0.215,-0.331,-0.288,0.962,0.973,1.0,-0.164,-0.145,-0.206,0.971,0.956,0.889,0.457,0.472,0.478
5500,A2_1,0.108,0.93,0.874,0.937,-0.216,-0.079,-0.164,1.0,0.979,0.915,-0.063,-0.088,-0.026,-0.601,-0.567,-0.57
5500,A2_2,0.073,0.969,0.921,0.953,-0.205,-0.063,-0.145,0.979,1.0,0.967,-0.067,-0.081,-0.019,-0.579,-0.56,-0.55
5500,A2_3,0.118,0.971,0.966,0.947,-0.269,-0.139,-0.206,0.915,0.967,1.0,-0.161,-0.163,-0.102,-0.566,-0.551,-0.546
5500,B2_1,-0.176,-0.154,-0.291,-0.221,0.902,0.969,0.971,-0.063,-0.067,-0.161,1.0,0.993,0.952,0.449,0.465,0.475
5500,B2_2,-0.195,-0.163,-0.296,-0.232,0.869,0.954,0.956,-0.088,-0.081,-0.163,0.993,1.0,0.968,0.482,0.492,0.504
5500,B2_3,-0.357,-0.097,-0.227,-0.173,0.82,0.934,0.889,-0.026,-0.019,-0.102,0.952,0.968,1.0,0.468,0.468,0.486
5500,y1,-0.482,-0.524,-0.522,-0.54,0.399,0.473,0.457,-0.601,-0.579,-0.566,0.449,0.482,0.468,1.0,0.989,0.978
5500,y2,-0.4,-0.521,-0.517,-0.523,0.405,0.481,0.472,-0.567,-0.56,-0.551,0.465,0.492,0.468,0.989,1.0,0.97
5500,y3,-0.499,-0.49,-0.499,-0.508,0.414,0.496,0.478,-0.57,-0.55,-0.546,0.475,0.504,0.486,0.978,0.97,1.0
6000,.,1.0,0.205,0.28,0.299,-0.237,-0.321,-0.232,0.296,0.204,0.111,-0.256,-0.251,-0.202,-0.636,-0.624,-0.61
6000,A1_1,0.205,1.0,0.964,0.963,-0.458,-0.311,-0.278,0.939,0.987,0.963,-0.35,-0.36,-0.242,-0.395,-0.385,-0.382
6000,A1_2,0.28,0.964,1.0,0.991,-0.53,-0.432,-0.413,0.994,0.973,0.924,-0.433,-0.462,-0.379,-0.398,-0.395,-0.38
6000,A1_3,0.299,0.963,0.991,1.0,-0.516,-0.422,-0.408,0.992,0.973,0.916,-0.419,-0.452,-0.375,-0.421,-0.411,-0.403
6000,B1_1,-0.237,-0.458,-0.53,-0.516,1.0,0.955,0.916,-0.504,-0.554,-0.545,0.98,0.98,0.888,0.406,0.391,0.389
6000,B1_2,-0.321,-0.311,-0.432,-0.422,0.955,1.0,0.971,-0.423,-0.418,-0.391,0.978,0.991,0.952,0.462,0.449,0.447
6000,B1_3,-0.232,-0.278,-0.413,-0.408,0.916,0.971,1.0,-0.415,-0.385,-0.351,0.926,0.969,0.995,0.422,0.408,0.407
6000,A2_1,0.296,0.939,0.994,0.992,-0.504,-0.423,-0.415,1.0,0.953,0.89,-0.408,-0.448,-0.382,-0.38,-0.377,-0.362
6000,A2_2,0.204,0.987,0.973,0.973,-0.554,-0.418,-0.385,0.953,1.0,0.98,-0.456,-0.469,-0.347,-0.437,-0.428,-0.425
6000,A2_3,0.111,0.963,0.924,0.916,-0.545,-0.391,-0.351,0.89,0.98,1.0,-0.449,-0.454,-0.311,-0.413,-0.396,-0.401
6000,B2_1,-0.256,-0.35,-0.433,-0.419,0.98,0.978,0.926,-0.408,-0.456,-0.449,1.0,0.987,0.905,0.452,0.438,0.436
6000,B2_2,-0.251,-0.36,-0.462,-0.452,0.98,0.991,0.969,-0.448,-0.469,-0.454,0.987,1.0,0.948,0.444,0.429,0.429
6000,B2_3,-0.202,-0.242,-0.379,-0.375,0.888,0.952,0.995,-0.382,-0.347,-0.311,0.905,0.948,1.0,0.415,0.4,0.397
6000,y1,-0.636,-0.395,-0.398,-0.421,0.406,0.462,0.422,-0.38,-0.437,-0.413,0.452,0.444,0.415,1.0,0.991,0.995
6000,y2,-0.624,-0.385,-0.395,-0.411,0.391,0.449,0.408,-0.377,-0.428,-0.396,0.438,0.429,0.4,0.991,1.0,0.996
6000,y3,-0.61,-0.382,-0.38,-0.403,0.389,0.447,0.407,-0.362,-0.425,-0.401,0.436,0.429,0.397,0.995,0.996,1.0
6500,.,1.0,0.185,0.247,0.213,-0.28,-0.279,-0.182,0.273,0.165,0.195,-0.326,-0.224,-0.321,-0.663,-0.664,-0.7
6500,A1_1,0.185,1.0,0.923,0.922,-0.439,-0.302,-0.337,0.932,0.982,0.978,-0.35,-0.28,-0.365,-0.414,-0.397,-0.374
6500,A1_2,0.247,0.923,1.0,0.966,-0.555,-0.442,-0.478,0.997,0.965,0.966,-0.516,-0.433,-0.489,-0.386,-0.361,-0.334
6500,A1_3,0.213,0.922,0.966,1.0,-0.549,-0.465,-0.549,0.973,0.95,0.962,-0.549,-0.489,-0.499,-0.419,-0.406,-0.38
6500,B1_1,-0.28,-0.439,-0.555,-0.549,1.0,0.961,0.918,-0.547,-0.517,-0.545,0.935,0.935,0.98,0.453,0.445,0.461
6500,B1_2,-0.279,-0.302,-0.442,-0.465,0.961,1.0,0.947,-0.438,-0.386,-0.426,0.939,0.981,0.988,0.519,0.517,0.531
6500,B1_3,-0.182,-0.337,-0.478,-0.549,0.918,0.947,1.0,-0.475,-0.423,-0.463,0.966,0.988,0.93,0.452,0.454,0.452
6500,A2_1,0.273,0.932,0.997,0.973,-0.547,-0.438,-0.475,1.0,0.963,0.973,-0.514,-0.43,-0.484,-0.416,-0.394,-0.373
6500,A2_2,0.165,0.982,0.965,0.95,-0.517,-0.386,-0.423,0.963,1.0,0.986,-0.441,-0.37,-0.446,-0.387,-0.368,-0.331
6500,A2_3,0.195,0.978,0.966,0.962,-0.545,-0.426,-0.463,0.973,0.986,1.0,-0.48,-0.411,-0.479,-0.428,-0.413,-0.393
6500,B2_1,-0.326,-0.35,-0.516,-0.549,0.935,0.939,0.966,-0.514,-0.441,-0.48,1.0,0.962,0.946,0.446,0.449,0.456
6500,B2_2,-0.224,-0.28,-0.433,-0.489,0.935,0.981,0.988,-0.43,-0.37,-0.411,0.962,1.0,0.961,0.473,0.475,0.481
6500,B2_3,-0.321,-0.365,-0.489,-0.499,0.98,0.988,0.93,-0.484,-0.446,-0.479,0.946,0.961,1.0,0.497,0.493,0.509
6500,y1,-0.663,-0.414,-0.386,-0.419,0.453,0.519,0.452,-0.416,-0.387,-0.428,0.446,0.473,0.497,1.0,0.996,0.984
6500,y2,-0.664,-0.397,-0.361,-0.406,0.445,0.517,0.454,-0.394,-0.368,-0.413,0.449,0.475,0.493,0.996,1.0,0.988
6500,y3,-0.7,-0.374,-0.334,-0.38,0.461,0.531,0.452,-0.373,-0.331,-0.393,0.456,0.481,0.509,0.984,0.988,1.0
7000,.,1.0,0.239,0.289,0.301,-0.205,-0.267,-0.149,0.136,0.109,0.193,-0.354,-0.279,-0.407,-0.686,-0.648,-0.629
7000,A1_1,0.239,1.0,0.809,0.891,-0.393,-0.381,-0.346,0.915,0.956,0.961,-0.303,-0.32,-0.367,-0.341,-0.342,-0.337
7000,A1_2,0.289,0.809,1.0,0.98,-0.598,-0.574,-0.629,0.904,0.789,0.868,-0.552,-0.518,-0.457,-0.386,-0.376,-0.351
7000,A1_3,0.301,0.891,0.98,1.0,-0.591,-0.566,-0.558,0.928,0.853,0.929,-0.545,-0.525,-0.511,-0.394,-0.388,-0.364
7000,B1_1,-0.205,-0.393,-0.598,-0.591,1.0,0.975,0.896,-0.563,-0.471,-0.563,0.953,0.974,0.87,0.474,0.474,0.448
7000,B1_2,-0.267,-0.381,-0.574,-0.566,0.975,1.0,0.909,-0.536,-0.451,-0.542,0.931,0.972,0.88,0.507,0.514,0.487
7000,B1_3,-0.149,-0.346,-0.629,-0.558,0.896,0.909,1.0,-0.565,-0.447,-0.503,0.792,0.818,0.626,0.407,0.407,0.388
7000,A2_1,0.136,0.915,0.904,0.928,-0.563,-0.536,-0.565,1.0,0.964,0.976,-0.448,-0.472,-0.398,-0.448,-0.462,-0.454
7000,A2_2,0.109,0.956,0.789,0.853,-0.471,-0.451,-0.447,0.964,1.0,0.971,-0.344,-0.386,-0.357,-0.407,-0.432,-0.437
7000,A2_3,0.193,0.961,0.868,0.929,-0.563,-0.542,-0.503,0.976,0.971,1.0,-0.456,-0.491,-0.476,-0.447,-0.451,-0.437
7000,B2_1,-0.354,-0.303,-0.552,-0.545,0.953,0.931,0.792,-0.448,-0.344,-0.456,1.0,0.976,0.935,0.487,0.491,0.46
7000,B2_2,-0.279,-0.32,-0.518,-0.525,0.974,0.972,0.818,-0.472,-0.386,-0.491,0.976,1.0,0.938,0.518,0.525,0.497
7000,B2_3,-0.407,-0.367,-0.457,-0.511,0.87,0.88,0.626,-0.398,-0.357,-0.476,0.935,0.938,1.0,0.458,0.467,0.435
7000,y1,-0.686,-0.341,-0.386,-0.394,0.474,0.507,0.407,-0.448,-0.407,-0.447,0.487,0.518,0.458,1.0,0.983,0.967
7000,y2,-0.648,-0.342,-0.376,-0.388,0.474,0.514,0.407,-0.462,-0.432,-0.451,0.491,0.525,0.467,0.983,1.0,0.991
7000,y3,-0.629,-0.337,-0.351,-0.364,0.448,0.487,0.388,-0.454,-0.437,-0.437,0.46,0.497,0.435,0.967,0.991,1.0
7500,.,1.0,-0.075,-0.472,-0.474,-0.322,-0.271,-0.174,-0.419,-0.411,-0.271,-0.375,-0.386,-0.273,-0.272,-0.351,-0.29
7500,A1_1,-0.075,1.0,0.771,0.767,-0.28,-0.372,-0.342,0.783,0.788,0.835,-0.268,-0.248,-0.286,-0.519,-0.433,-0.44
7500,A1_2,-0.472,0.771,1.0,0.999,-0.055,-0.176,-0.237,0.993,0.981,0.958,-0.028,-0.009,-0.098,-0.509,-0.398,-0.423
7500,A1_3,-0.474,0.767,0.999,1.0,-0.05,-0.17,-0.23,0.993,0.981,0.958,-0.023,-0.004,-0.093,-0.501,-0.388,-0.414
7500,B1_1,-0.322,-0.28,-0.055,-0.05,1.0,0.963,0.949,-0.051,-0.032,-0.122,0.994,0.975,0.968,0.434,0.397,0.405
7500,B1_2,-0.271,-0.372,-0.176,-0.17,0.963,1.0,0.983,-0.163,-0.143,-0.222,0.971,0.968,0.967,0.431,0.391,0.392
7500,B1_3,-0.174,-0.342,-0.237,-0.23,0.949,0.983,1.0,-0.215,-0.191,-0.259,0.947,0.945,0.965,0.463,0.417,0.414
7500,A2_1,-0.419,0.783,0.993,0.993,-0.051,-0.163,-0.215,1.0,0.996,0.979,-0.025,-0.004,-0.092,-0.549,-0.446,-0.464
7500,A2_2,-0.411,0.788,0.981,0.981,-0.032,-0.143,-0.191,0.996,1.0,0.979,-0.006,0.014,-0.076,-0.565,-0.474,-0.489
7500,A2_3,-0.271,0.835,0.958,0.958,-0.122,-0.222,-0.259,0.979,0.979,1.0,-0.095,-0.07,-0.157,-0.592,-0.503,-0.503
7500,B2_1,-0.375,-0.268,-0.028,-0.023,0.994,0.971,0.947,-0.025,-0.006,-0.095,1.0,0.991,0.972,0.431,0.397,0.405
7500,B2_2,-0.386,-0.248,-0.009,-0.004,0.975,0.968,0.945,-0.004,0.014,-0.07,0.991,1.0,0.982,0.409,0.382,0.388
7500,B2_3,-0.273,-0.286,-0.098,-0.093,0.968,0.967,0.965,-0.092,-0.076,-0.157,0.972,0.982,1.0,0.405,0.377,0.381
7500,y1,-0.272,-0.519,-0.509,-0.501,0.434,0.431,0.463,-0.549,-0.565,-0.592,0.431,0.409,0.405,1.0,0.979,0.965
7500,y2,-0.351,-0.433,-0.398,-0.388,0.397,0.391,0.417,-0.446,-0.474,-0.503,0.397,0.382,0.377,0.979,1.0,0.977
7500,y3,-0.29,-0.44,-0.423,-0.414,0.405,0.392,0.414,-0.464,-0.489,-0.503,0.405,0.388,0.381,0.965,0.977,1.0
8000,.,1.0,0.131,0.231,0.439,-0.363,-0.403,-0.418,0.432,0.45,0.44,-0.343,-0.268,-0.343,-0.703,-0.713,-0.728
8000,A1_1,0.131,1.0,0.96,0.671,-0.042,-0.034,-0.054,0.671,0.703,0.7,-0.058,-0.02,-0.097,-0.429,-0.412,-0.403
8000,A1_2,0.231,0.96,1.0,0.795,-0.215,-0.21,-0.237,0.806,0.819,0.827,-0.236,-0.186,-0.277,-0.443,-0.441,-0.42
8000,A1_3,0.439,0.671,0.795,1.0,-0.286,-0.281,-0.32,0.996,0.994,0.987,-0.45,-0.338,-0.481,-0.225,-0.236,-0.225
8000,B1_1,-0.363,-0.042,-0.215,-0.286,1.0,0.99,0.972,-0.319,-0.324,-0.357,0.903,0.894,0.904,0.322,0.376,0.345
8000,B1_2,-0.403,-0.034,-0.21,-0.281,0.99,1.0,0.993,-0.314,-0.32,-0.353,0.876,0.859,0.879,0.351,0.41,0.378
8000,B1_3,-0.418,-0.054,-0.237,-0.32,0.972,0.993,1.0,-0.355,-0.361,-0.396,0.863,0.827,0.872,0.325,0.388,0.355
8000,A2_1,0.432,0.671,0.806,0.996,-0.319,-0.314,-0.355,1.0,0.989,0.993,-0.47,-0.357,-0.503,-0.223,-0.237,-0.224
8000,A2_2,0.45,0.703,0.819,0.994,-0.324,-0.32,-0.361,0.989,1.0,0.99,-0.471,-0.354,-0.505,-0.248,-0.263,-0.25
8000,A2_3,0.44,0.7,0.827,0.987,-0.357,-0.353,-0.396,0.993,0.99,1.0,-0.507,-0.388,-0.543,-0.241,-0.259,-0.243
8000,B2_1,-0.343,-0.058,-0.236,-0.45,0.903,0.876,0.863,-0.47,-0.471,-0.507,1.0,0.976,0.997,0.171,0.212,0.186
8000,B2_2,-0.268,-0.02,-0.186,-0.338,0.894,0.859,0.827,-0.357,-0.354,-0.388,0.976,1.0,0.963,0.222,0.253,0.227
8000,B2_3,-0.343,-0.097,-0.277,-0.481,0.904,0.879,0.872,-0.503,-0.505,-0.543,0.997,0.963,1.0,0.162,0.204,0.178
8000,y1,-0.703,-0.429,-0.443,-0.225,0.322,0.351,0.325,-0.223,-0.248,-0.241,0.171,0.222,0.162,1.0,0.991,0.994
8000,y2,-0.713,-0.412,-0.441,-0.236,0.376,0.41,0.388,-0.237,-0.263,-0.259,0.212,0.253,0.204,0.991,1.0,0.996
8000,y3,-0.728,-0.403,-0.42,-0.225,0.345,0.378,0.355,-0.224,-0.25,-0.243,0.186,0.227,0.178,0.994,0.996,1.0
8500,.,1.0,-0.214,-0.115,-0.039,-0.358,-0.403,-0.32,-0.153,-0.126,-0.047,-0.391,-0.408,-0.361,-0.473,-0.458,-0.487
8500,A1_1,-0.214,1.0,0.849,0.764,-0.01,-0.155,-0.071,0.775,0.829,0.854,0.043,0.122,0.023,-0.504,-0.489,-0.501
8500,A1_2,-0.115,0.849,1.0,0.909,-0.17,-0.29,-0.243,0.965,0.991,0.977,-0.132,-0.061,-0.157,-0.479,-0.419,-0.44
8500,A1_3,-0.039,0.764,0.909,1.0,-0.089,-0.145,-0.119,0.954,0.931,0.876,-0.035,-0.047,-0.064,-0.421,-0.352,-0.387
8500,B1_1,-0.358,-0.01,-0.17,-0.089,1.0,0.938,0.956,-0.179,-0.137,-0.094,0.977,0.969,0.988,0.492,0.389,0.458
8500,B1_2,-0.403,-0.155,-0.29,-0.145,0.938,1.0,0.968,-0.239,-0.242,-0.24,0.946,0.902,0.946,0.522,0.426,0.496
8500,B1_3,-0.32,-0.071,-0.243,-0.119,0.956,0.968,1.0,-0.246,-0.207,-0.16,0.979,0.936,0.982,0.487,0.385,0.46
8500,A2_1,-0.153,0.775,0.965,0.954,-0.179,-0.239,-0.246,1.0,0.972,0.908,-0.144,-0.104,-0.174,-0.442,-0.37,-0.399
8500,A2_2,-0.126,0.829,0.991,0.931,-0.137,-0.242,-0.207,0.972,1.0,0.976,-0.097,-0.041,-0.125,-0.453,-0.387,-0.415
8500,A2_3,-0.047,0.854,0.977,0.876,-0.094,-0.24,-0.16,0.908,0.976,1.0,-0.052,0.025,-0.074,-0.487,-0.438,-0.45
8500,B2_1,-0.391,0.043,-0.132,-0.035,0.977,0.946,0.979,-0.144,-0.097,-0.052,1.0,0.971,0.997,0.51,0.413,0.481
8500,B2_2,-0.408,0.122,-0.061,-0.047,0.969,0.902,0.936,-0.104,-0.041,0.025,0.971,1.0,0.974,0.422,0.315,0.394
8500,B2_3,-0.361,0.023,-0.157,-0.064,0.988,0.946,0.982,-0.174,-0.125,-0.074,0.997,0.974,1.0,0.492,0.39,0.46
8500,y1,-0.473,-0.504,-0.479,-0.421,0.492,0.522,0.487,-0.442,-0.453,-0.487,0.51,0.422,0.492,1.0,0.988,0.994
8500,y2,-0.458,-0.489,-0.419,-0.352,0.389,0.426,0.385,-0.37,-0.387,-0.438,0.413,0.315,0.39,0.988,1.0,0.988
8500,y3,-0.487,-0.501,-0.44,-0.387,0.458,0.496,0.46,-0.399,-0.415,-0.45,0.481,0.394,0.46,0.994,0.988,1.0
9000,.,1.0,-0.151,-0.167,-0.17,-0.034,-0.047,-0.094,-0.154,-0.104,-0.16,-0.115,-0.122,-0.058,0.074,0.066,0.052
9000,A1_1,-0.151,1.0,0.951,0.969,-0.026,-0.123,-0.036,0.982,0.97,0.962,0.032,0.023,-0.023,-0.426,-0.346,-0.34
9000,A1_2,-0.167,0.951,1.0,0.996,-0.113,-0.216,-0.132,0.986,0.972,0.959,-0.059,-0.071,-0.116,-0.456,-0.365,-0.359
9000,A1_3,-0.17,0.969,0.996,1.0,-0.101,-0.198,-0.113,0.997,0.978,0.976,-0.043,-0.053,-0.1,-0.472,-0.383,-0.38
9000,B1_1,-0.034,-0.026,-0.113,-0.101,1.0,0.973,0.984,-0.081,0.004,-0.143,0.991,0.988,0.995,0.395,0.394,0.365
9000,B1_2,-0.047,-0.123,-0.216,-0.198,0.973,1.0,0.992,-0.176,-0.105,-0.205,0.965,0.973,0.984,0.403,0.394,0.369
9000,B1_3,-0.094,-0.036,-0.132,-0.113,0.984,0.992,1.0,-0.09,-0.017,-0.126,0.988,0.993,0.995,0.398,0.393,0.367
9000,A2_1,-0.154,0.982,0.986,0.997,-0.081,-0.176,-0.09,1.0,0.979,0.984,-0.022,-0.031,-0.079,-0.456,-0.368,-0.366
9000,A2_2,-0.104,0.97,0.972,0.978,0.004,-0.105,-0.017,0.979,1.0,0.944,0.056,0.045,0.002,-0.444,-0.361,-0.356
9000,A2_3,-0.16,0.962,0.959,0.976,-0.143,-0.205,-0.126,0.984,0.944,1.0,-0.075,-0.077,-0.131,-0.448,-0.36,-0.356
9000,B2_1,-0.115,0.032,-0.059,-0.043,0.991,0.965,0.988,-0.022,0.056,-0.075,1.0,0.999,0.993,0.394,0.394,0.366
9000,B2_2,-0.122,0.023,-0.071,-0.053,0.988,0.973,0.993,-0.031,0.045,-0.077,0.999,1.0,0.994,0.393,0.391,0.364
9000,B2_3,-0.058,-0.023,-0.116,-0.1,0.995,0.984,0.995,-0.079,0.002,-0.131,0.993,0.994,1.0,0.403,0.4,0.372
9000,y1,0.074,-0.426,-0.456,-0.472,0.395,0.403,0.398,-0.456,-0.444,-0.448,0.394,0.393,0.403,1.0,0.992,0.989
9000,y2,0.066,-0.346,-0.365,-0.383,0.394,0.394,0.393,-0.368,-0.361,-0.36,0.394,0.391,0.4,0.992,1.0,0.997
9000,y3,0.052,-0.34,-0.359,-0.38,0.365,0.369,0.367,-0.366,-0.356,-0.356,0.366,0.364,0.372,0.989,0.997,1.0
9500,.,1.0,-0.228,-0.262,-0.263,-0.3,-0.373,-0.381,-0.207,-0.275,-0.258,-0.394,-0.438,-0.345,-0.206,-0.17,-0.125
9500,A1_1,-0.228,1.0,0.964,0.974,-0.068,0.038,0.072,0.991,0.991,0.981,0.16,0.204,0.108,-0.326,-0.368,-0.361
9500,A1_2,-0.262,0.964,1.0,0.966,-0.083,0.013,0.054,0.972,0.978,0.993,0.162,0.204,0.115,-0.394,-0.438,-0.428
9500,A1_3,-0.263,0.974,0.966,1.0,-0.116,-0.006,0.037,0.976,0.977,0.974,0.135,0.179,0.088,-0.406,-0.44,-0.434
9500,B1_1,-0.3,-0.068,-0.083,-0.116,1.0,0.986,0.965,-0.141,-0.078,-0.091,0.888,0.869,0.874,0.476,0.48,0.501
9500,B1_2,-0.373,0.038,0.013,-0.006,0.986,1.0,0.984,-0.036,0.025,0.008,0.92,0.914,0.892,0.502,0.506,0.526
9500,B1_3,-0.381,0.072,0.054,0.037,0.965,0.984,1.0,0.011,0.064,0.048,0.973,0.963,0.957,0.457,0.459,0.482
9500,A2_1,-0.207,0.991,0.972,0.976,-0.141,-0.036,0.011,1.0,0.988,0.986,0.116,0.16,0.07,-0.403,-0.442,-0.434
9500,A2_2,-0.275,0.991,0.978,0.977,-0.078,0.025,0.064,0.988,1.0,0.994,0.161,0.205,0.113,-0.367,-0.412,-0.397
9500,A2_3,-0.258,0.981,0.993,0.974,-0.091,0.008,0.048,0.986,0.994,1.0,0.151,0.193,0.103,-0.397,-0.441,-0.426
9500,B2_1,-0.394,0.16,0.162,0.135,0.888,0.92,0.973,0.116,0.161,0.151,1.0,0.995,0.991,0.382,0.379,0.406
9500,B2_2,-0.438,0.204,0.204,0.179,0.869,0.914,0.963,0.16,0.205,0.193,0.995,1.0,0.973,0.392,0.39,0.416
9500,B2_3,-0.345,0.108,0.115,0.088,0.874,0.892,0.957,0.07,0.113,0.103,0.991,0.973,1.0,0.347,0.343,0.371
9500,y1,-0.206,-0.326,-0.394,-0.406,0.476,0.502,0.457,-0.403,-0.367,-0.397,0.382,0.392,0.347,1.0,0.995,0.982
9500,y2,-0.17,-0.368,-0.438,-0.44,0.48,0.506,0.459,-0.442,-0.412,-0.441,0.379,0.39,0.343,0.995,1.0,0.99
9500,y3,-0.125,-0.361,-0.428,-0.434,0.501,0.526,0.482,-0.434,-0.397,-0.426,0.406,0.416,0.371,0.982,0.99,1.0
10000,.,1.0,-0.296,-0.196,-0.179,0.05,0.036,0.01,-0.192,-0.262,-0.195,-0.102,-0.051,0.003,-0.007,0.13,0.056
10000,A1_1,-0.296,1.0,0.974,0.97,-0.189,-0.111,-0.148,0.95,0.956,0.931,-0.051,-0.092,-0.124,-0.334,-0.301,-0.306
10000,A1_2,-0.196,0.974,1.0,0.998,-0.252,-0.178,-0.213,0.991,0.971,0.977,-0.12,-0.154,-0.193,-0.387,-0.361,-0.352
10000,A1_3,-0.179,0.97,0.998,1.0,-0.223,-0.146,-0.183,0.991,0.972,0.979,-0.092,-0.124,-0.162,-0.35,-0.324,-0.314
10000,B1_1,0.05,-0.189,-0.252,-0.223,1.0,0.963,0.998,-0.269,-0.208,-0.256,0.956,0.98,0.994,0.364,0.46,0.368
10000,B1_2,0.036,-0.111,-0.178,-0.146,0.963,1.0,0.964,-0.191,-0.124,-0.176,0.968,0.969,0.98,0.361,0.482,0.386
10000,B1_3,0.01,-0.148,-0.213,-0.183,0.998,0.964,1.0,-0.229,-0.167,-0.216,0.968,0.988,0.996,0.364,0.463,0.369
10000,A2_1,-0.192,0.95,0.991,0.991,-0.269,-0.191,-0.229,1.0,0.977,0.996,-0.134,-0.169,-0.208,-0.345,-0.35,-0.309
10000,A2_2,-0.262,0.956,0.971,0.972,-0.208,-0.124,-0.167,0.977,1.0,0.978,-0.068,-0.106,-0.145,-0.386,-0.392,-0.353
10000,A2_3,-0.195,0.931,0.977,0.979,-0.256,-0.176,-0.216,0.996,0.978,1.0,-0.12,-0.155,-0.195,-0.326,-0.343,-0.287
10000,B2_1,-0.102,-0.051,-0.12,-0.092,0.956,0.968,0.968,-0.134,-0.068,-0.12,1.0,0.993,0.977,0.366,0.484,0.385
10000,B2_2,-0.051,-0.092,-0.154,-0.124,0.98,0.969,0.988,-0.169,-0.106,-0.155,0.993,1.0,0.991,0.36,0.466,0.37
10000,B2_3,0.003,-0.124,-0.193,-0.162,0.994,0.98,0.996,-0.208,-0.145,-0.195,0.977,0.991,1.0,0.367,0.477,0.379
10000,y1,-0.007,-0.334,-0.387,-0.35,0.364,0.361,0.364,-0.345,-0.386,-0.326,0.366,0.36,0.367,1.0,0.916,0.987
10000,y2,0.13,-0.301,-0.361,-0.324,0.46,0.482,0.463,-0.35,-0.392,-0.343,0.484,0.466,0.477,0.916,1.0,0.95
10000,y3,0.056,-0.306,-0.352,-0.314,0.368,0.386,0.369,-0.309,-0.353,-0.287,0.385,0.37,0.379,0.987,0.95,1.0
