,,.,A1_1,A1_2,A1_3,B1_1,B1_2,B1_3,A2_1,A2_2,A2_3,B2_1,B2_2,B2_3,y1,y2,y3
2,.,1.0,0.528,-0.368,0.267,0.471,-0.295,0.101,0.197,-0.346,-0.318,-0.33,-0.396,0.314,-0.762,-0.964,-0.824
2,A1_1,0.528,1.0,-0.08,0.657,-0.271,-0.568,-0.527,0.628,-0.106,-0.172,-0.08,-0.297,-0.08,-0.662,-0.314,-0.158
2,A1_2,-0.368,-0.08,1.0,0.649,-0.201,-0.044,-0.047,-0.168,0.097,-0.105,0.217,0.134,-0.005,-0.057,0.363,0.17
2,A1_3,0.267,0.657,0.649,1.0,-0.11,-0.354,-0.2,0.237,-0.159,-0.413,-0.017,-0.232,-0.004,-0.572,-0.128,-0.106
2,B1_1,0.471,-0.271,-0.201,-0.11,1.0,0.312,0.905,-0.33,-0.298,-0.418,-0.434,-0.597,0.094,-0.021,-0.543,-0.357
2,B1_2,-0.295,-0.568,-0.044,-0.354,0.312,1.0,0.591,-0.587,-0.475,-0.472,-0.27,0.247,-0.049,0.723,0.229,0.262
2,B1_3,0.101,-0.527,-0.047,-0.2,0.905,0.591,1.0,-0.489,-0.28,-0.471,-0.423,-0.425,-0.036,0.34,-0.197,-0.046
2,A2_1,0.197,0.628,-0.168,0.237,-0.33,-0.587,-0.489,1.0,0.637,0.441,-0.448,-0.458,-0.672,-0.25,-0.011,0.134
2,A2_2,-0.346,-0.106,0.097,-0.159,-0.298,-0.475,-0.28,0.637,1.0,0.843,-0.169,-0.257,-0.632,0.145,0.37,0.326
2,A2_3,-0.318,-0.172,-0.105,-0.413,-0.418,-0.472,-0.471,0.441,0.843,1.0,0.17,0.038,-0.284,0.101,0.3,0.164
2,B2_1,-0.33,-0.08,0.217,-0.017,-0.434,-0.27,-0.423,-0.448,-0.169,0.17,1.0,0.562,0.652,-0.153,0.251,0.016
2,B2_2,-0.396,-0.297,0.134,-0.232,-0.597,0.247,-0.425,-0.458,-0.257,0.038,0.562,1.0,0.497,0.161,0.275,-0.027
2,B2_3,0.314,-0.08,-0.005,-0.004,0.094,-0.049,-0.036,-0.672,-0.632,-0.284,0.652,0.497,1.0,-0.466,-0.463,-0.652
2,y1,-0.762,-0.662,-0.057,-0.572,-0.021,0.723,0.34,-0.25,0.145,0.101,-0.153,0.161,-0.466,1.0,0.727,0.753
2,y2,-0.964,-0.314,0.363,-0.128,-0.543,0.229,-0.197,-0.011,0.37,0.3,0.251,0.275,-0.463,0.727,1.0,0.922
2,y3,-0.824,-0.158,0.17,-0.106,-0.357,0.262,-0.046,0.134,0.326,0.164,0.016,-0.027,-0.652,0.753,0.922,1.0
4,.,1.0,0.081,0.035,-0.326,-0.106,-0.048,0.1,0.239,0.044,-0.18,-0.122,-0.133,0.164,-0.803,-0.928,-0.82
4,A1_1,0.081,1.0,0.173,0.35,-0.696,-0.318,0.041,0.099,-0.242,-0.151,-0.236,0.255,-0.371,0.163,-0.031,-0.192
4,A1_2,0.035,0.173,1.0,0.859,-0.009,-0.504,-0.167,0.073,0.284,0.223,0.263,-0.375,-0.101,-0.201,-0.114,-0.144
4,A1_3,-0.326,0.35,0.859,1.0,-0.059,-0.361,-0.019,-0.05,-0.021,0.084,0.142,-0.324,-0.381,0.225,0.241,0.233
4,B1_1,-0.106,-0.696,-0.009,-0.059,1.0,0.729,0.563,-0.49,-0.082,-0.012,-0.168,-0.378,0.172,0.077,-0.08,0.389
4,B1_2,-0.048,-0.318,-0.504,-0.361,0.729,1.0,0.699,-0.537,-0.422,-0.411,-0.482,-0.023,0.02,0.194,-0.119,0.343
4,B1_3,0.1,0.041,-0.167,-0.019,0.563,0.699,1.0,-0.342,-0.504,-0.073,-0.653,-0.43,-0.341,0.36,-0.131,0.389
4,A2_1,0.239,0.099,0.073,-0.05,-0.49,-0.537,-0.342,1.0,0.648,0.582,-0.294,-0.439,-0.529,-0.083,0.082,-0.136
4,A2_2,0.044,-0.242,0.284,-0.021,-0.082,-0.422,-0.504,0.648,1.0,0.706,-0.055,-0.238,-0.0,-0.207,0.066,-0.147
4,A2_3,-0.18,-0.151,0.223,0.084,-0.012,-0.411,-0.073,0.582,0.706,1.0,-0.203,-0.508,-0.27,0.308,0.396,0.297
4,B2_1,-0.122,-0.236,0.263,0.142,-0.168,-0.482,-0.653,-0.294,-0.055,-0.203,1.0,0.437,0.672,-0.362,0.007,-0.303
4,B2_2,-0.133,0.255,-0.375,-0.324,-0.378,-0.023,-0.43,-0.439,-0.238,-0.508,0.437,1.0,0.62,-0.134,-0.019,-0.321
4,B2_3,0.164,-0.371,-0.101,-0.381,0.172,0.02,-0.341,-0.529,-0.0,-0.27,0.672,0.62,1.0,-0.533,-0.364,-0.478
4,y1,-0.803,0.163,-0.201,0.225,0.077,0.194,0.36,-0.083,-0.207,0.308,-0.362,-0.134,-0.533,1.0,0.859,0.917
4,y2,-0.928,-0.031,-0.114,0.241,-0.08,-0.119,-0.131,0.082,0.066,0.396,0.007,-0.019,-0.364,0.859,1.0,0.831
4,y3,-0.82,-0.192,-0.144,0.233,0.389,0.343,0.389,-0.136,-0.147,0.297,-0.303,-0.321,-0.478,0.917,0.831,1.0
6,.,1.0,-0.049,-0.173,-0.171,-0.066,-0.187,0.148,0.388,0.011,0.049,-0.005,0.001,-0.327,-0.709,-0.561,-0.878
6,A1_1,-0.049,1.0,0.46,0.688,-0.627,0.096,-0.223,0.658,0.24,0.041,-0.019,0.205,-0.21,-0.137,-0.364,-0.286
6,A1_2,-0.173,0.46,1.0,0.92,0.023,-0.366,-0.282,0.372,-0.015,0.014,0.311,-0.177,-0.088,0.053,-0.095,-0.02
6,A1_3,-0.171,0.688,0.92,1.0,-0.205,-0.28,-0.248,0.562,0.004,-0.046,0.061,-0.198,-0.319,0.159,-0.064,-0.041
6,B1_1,-0.066,-0.627,0.023,-0.205,1.0,0.361,0.668,-0.676,-0.377,-0.142,0.014,-0.376,0.194,-0.027,-0.098,0.06
6,B1_2,-0.187,0.096,-0.366,-0.28,0.361,1.0,0.723,-0.49,-0.1,-0.193,-0.209,0.151,0.245,-0.167,-0.417,-0.096
6,B1_3,0.148,-0.223,-0.282,-0.248,0.668,0.723,1.0,-0.35,-0.075,0.055,-0.547,-0.363,-0.248,-0.218,-0.408,-0.241
6,A2_1,0.388,0.658,0.372,0.562,-0.676,-0.49,-0.35,1.0,0.212,0.287,-0.229,-0.236,-0.665,-0.128,-0.146,-0.426
6,A2_2,0.011,0.24,-0.015,0.004,-0.377,-0.1,-0.075,0.212,1.0,0.808,-0.206,0.344,-0.148,-0.36,-0.264,-0.005
6,A2_3,0.049,0.041,0.014,-0.046,-0.142,-0.193,0.055,0.287,0.808,1.0,-0.335,-0.157,-0.301,-0.31,-0.197,-0.033
6,B2_1,-0.005,-0.019,0.311,0.061,0.014,-0.209,-0.547,-0.229,-0.206,-0.335,1.0,0.568,0.804,-0.264,-0.141,-0.089
6,B2_2,0.001,0.205,-0.177,-0.198,-0.376,0.151,-0.363,-0.236,0.344,-0.157,0.568,1.0,0.644,-0.368,-0.27,-0.072
6,B2_3,-0.327,-0.21,-0.088,-0.319,0.194,0.245,-0.248,-0.665,-0.148,-0.301,0.804,0.644,1.0,-0.128,-0.051,0.202
6,y1,-0.709,-0.137,0.053,0.159,-0.027,-0.167,-0.218,-0.128,-0.36,-0.31,-0.264,-0.368,-0.128,1.0,0.915,0.84
6,y2,-0.561,-0.364,-0.095,-0.064,-0.098,-0.417,-0.408,-0.146,-0.264,-0.197,-0.141,-0.27,-0.051,0.915,1.0,0.838
6,y3,-0.878,-0.286,-0.02,-0.041,0.06,-0.096,-0.241,-0.426,-0.005,-0.033,-0.089,-0.072,0.202,0.84,0.838,1.0
8,.,1.0,-0.055,-0.324,-0.13,-0.183,-0.053,-0.06,0.238,-0.229,-0.04,0.347,-0.024,-0.033,-0.629,-0.742,-0.785
8,A1_1,-0.055,1.0,0.592,0.741,-0.539,-0.329,-0.338,0.744,-0.057,0.054,-0.065,-0.249,-0.415,-0.277,-0.185,0.19
8,A1_2,-0.324,0.592,1.0,0.796,0.093,-0.125,-0.139,0.149,-0.134,0.037,0.147,-0.03,0.109,-0.349,-0.142,0.391
8,A1_3,-0.13,0.741,0.796,1.0,-0.215,-0.535,-0.199,0.547,0.014,0.272,-0.093,-0.481,-0.41,-0.219,-0.042,0.428
8,B1_1,-0.183,-0.539,0.093,-0.215,1.0,0.466,0.541,-0.447,-0.177,0.066,0.12,-0.086,0.559,-0.14,-0.092,-0.072
8,B1_2,-0.053,-0.329,-0.125,-0.535,0.466,1.0,0.709,-0.567,-0.568,-0.541,-0.158,0.249,0.377,-0.157,-0.289,-0.433
8,B1_3,-0.06,-0.338,-0.139,-0.199,0.541,0.709,1.0,-0.324,-0.404,-0.134,-0.614,-0.439,-0.15,-0.04,-0.151,-0.305
8,A2_1,0.238,0.744,0.149,0.547,-0.447,-0.567,-0.324,1.0,0.318,0.532,-0.113,-0.554,-0.587,-0.315,-0.254,-0.077
8,A2_2,-0.229,-0.057,-0.134,0.014,-0.177,-0.568,-0.404,0.318,1.0,0.845,-0.143,-0.071,-0.25,0.187,0.293,0.174
8,A2_3,-0.04,0.054,0.037,0.272,0.066,-0.541,-0.134,0.532,0.845,1.0,-0.215,-0.474,-0.362,-0.14,-0.013,-0.0
8,B2_1,0.347,-0.065,0.147,-0.093,0.12,-0.158,-0.614,-0.113,-0.143,-0.215,1.0,0.616,0.765,-0.352,-0.282,-0.089
8,B2_2,-0.024,-0.249,-0.03,-0.481,-0.086,0.249,-0.439,-0.554,-0.071,-0.474,0.616,1.0,0.723,0.007,-0.004,-0.044
8,B2_3,-0.033,-0.415,0.109,-0.41,0.559,0.377,-0.15,-0.587,-0.25,-0.362,0.765,0.723,1.0,-0.179,-0.136,-0.063
8,y1,-0.629,-0.277,-0.349,-0.219,-0.14,-0.157,-0.04,-0.315,0.187,-0.14,-0.352,0.007,-0.179,1.0,0.965,0.693
8,y2,-0.742,-0.185,-0.142,-0.042,-0.092,-0.289,-0.151,-0.254,0.293,-0.013,-0.282,-0.004,-0.136,0.965,1.0,0.84
8,y3,-0.785,0.19,0.391,0.428,-0.072,-0.433,-0.305,-0.077,0.174,-0.0,-0.089,-0.044,-0.063,0.693,0.84,1.0
10,.,1.0,-0.07,-0.439,-0.124,0.029,0.002,0.148,-0.168,-0.037,0.137,-0.201,-0.161,0.443,-0.69,-0.508,-0.894
10,A1_1,-0.07,1.0,0.8,0.776,-0.276,-0.314,-0.146,0.075,0.255,-0.034,-0.23,-0.075,-0.154,0.273,-0.084,-0.204
10,A1_2,-0.439,0.8,1.0,0.831,-0.185,-0.363,-0.124,-0.137,-0.002,-0.064,0.174,0.043,-0.116,0.274,0.033,0.091
10,A1_3,-0.124,0.776,0.831,1.0,-0.339,-0.404,-0.048,0.124,0.095,0.243,0.032,-0.16,-0.207,-0.09,-0.166,-0.214
10,B1_1,0.029,-0.276,-0.185,-0.339,1.0,0.529,0.739,-0.048,0.24,0.245,-0.276,0.219,0.244,-0.158,-0.475,-0.112
10,B1_2,0.002,-0.314,-0.363,-0.404,0.529,1.0,0.631,-0.204,-0.253,-0.309,-0.181,-0.005,0.182,0.14,-0.39,-0.105
10,B1_3,0.148,-0.146,-0.124,-0.048,0.739,0.631,1.0,-0.116,-0.071,0.073,-0.524,-0.408,-0.112,-0.143,-0.394,-0.313
10,A2_1,-0.168,0.075,-0.137,0.124,-0.048,-0.204,-0.116,1.0,0.844,0.732,-0.413,0.076,-0.502,-0.018,0.034,0.25
10,A2_2,-0.037,0.255,-0.002,0.095,0.24,-0.253,-0.071,0.844,1.0,0.749,-0.452,0.313,-0.212,-0.058,-0.167,0.079
10,A2_3,0.137,-0.034,-0.064,0.243,0.245,-0.309,0.073,0.732,0.749,1.0,-0.141,0.259,-0.052,-0.6,-0.398,-0.143
10,B2_1,-0.201,-0.23,0.174,0.032,-0.276,-0.181,-0.524,-0.413,-0.452,-0.141,1.0,0.577,0.574,-0.21,-0.048,0.159
10,B2_2,-0.161,-0.075,0.043,-0.16,0.219,-0.005,-0.408,0.076,0.313,0.259,0.577,1.0,0.666,-0.152,-0.385,0.132
10,B2_3,0.443,-0.154,-0.116,-0.207,0.244,0.182,-0.112,-0.502,-0.212,-0.052,0.574,0.666,1.0,-0.503,-0.656,-0.494
10,y1,-0.69,0.273,0.274,-0.09,-0.158,0.14,-0.143,-0.018,-0.058,-0.6,-0.21,-0.152,-0.503,1.0,0.655,0.685
10,y2,-0.508,-0.084,0.033,-0.166,-0.475,-0.39,-0.394,0.034,-0.167,-0.398,-0.048,-0.385,-0.656,0.655,1.0,0.732
10,y3,-0.894,-0.204,0.091,-0.214,-0.112,-0.105,-0.313,0.25,0.079,-0.143,0.159,0.132,-0.494,0.685,0.732,1.0
12,.,1.0,0.101,-0.302,-0.206,-0.127,-0.03,0.181,-0.188,0.145,-0.102,-0.211,-0.274,-0.374,-0.316,-0.582,-0.747
12,A1_1,0.101,1.0,0.709,0.911,-0.555,-0.32,-0.035,0.293,0.149,-0.214,-0.069,-0.333,-0.339,0.239,-0.128,-0.286
12,A1_2,-0.302,0.709,1.0,0.815,-0.245,-0.381,-0.175,0.037,-0.033,-0.08,0.233,-0.309,-0.243,0.249,0.06,0.043
12,A1_3,-0.206,0.911,0.815,1.0,-0.286,-0.218,0.019,0.314,0.218,-0.019,-0.101,-0.366,-0.271,0.298,0.058,-0.067
12,B1_1,-0.127,-0.555,-0.245,-0.286,1.0,0.726,0.489,-0.336,-0.121,0.259,-0.245,-0.105,0.227,-0.166,-0.094,0.052
12,B1_2,-0.03,-0.32,-0.381,-0.218,0.726,1.0,0.711,-0.083,-0.498,-0.024,-0.473,-0.14,0.205,-0.02,-0.169,-0.041
12,B1_3,0.181,-0.035,-0.175,0.019,0.489,0.711,1.0,0.405,-0.158,0.363,-0.342,-0.579,-0.227,-0.464,-0.316,-0.449
12,A2_1,-0.188,0.293,0.037,0.314,-0.336,-0.083,0.405,1.0,0.274,0.594,-0.225,-0.471,-0.472,-0.115,0.365,0.033
12,A2_2,0.145,0.149,-0.033,0.218,-0.121,-0.498,-0.158,0.274,1.0,0.476,-0.006,-0.052,-0.177,-0.23,0.084,-0.159
12,A2_3,-0.102,-0.214,-0.08,-0.019,0.259,-0.024,0.363,0.594,0.476,1.0,-0.364,-0.621,-0.599,-0.149,0.5,0.185
12,B2_1,-0.211,-0.069,0.233,-0.101,-0.245,-0.473,-0.342,-0.225,-0.006,-0.364,1.0,0.552,0.525,-0.51,-0.383,-0.189
12,B2_2,-0.274,-0.333,-0.309,-0.366,-0.105,-0.14,-0.579,-0.471,-0.052,-0.621,0.552,1.0,0.891,-0.01,-0.131,0.201
12,B2_3,-0.374,-0.339,-0.243,-0.271,0.227,0.205,-0.227,-0.472,-0.177,-0.599,0.525,0.891,1.0,-0.157,-0.301,0.084
12,y1,-0.316,0.239,0.249,0.298,-0.166,-0.02,-0.464,-0.115,-0.23,-0.149,-0.51,-0.01,-0.157,1.0,0.662,0.71
12,y2,-0.582,-0.128,0.06,0.058,-0.094,-0.169,-0.316,0.365,0.084,0.5,-0.383,-0.131,-0.301,0.662,1.0,0.898
12,y3,-0.747,-0.286,0.043,-0.067,0.052,-0.041,-0.449,0.033,-0.159,0.185,-0.189,0.201,0.084,0.71,0.898,1.0
14,.,1.0,0.1,-0.243,-0.012,-0.545,0.033,0.083,0.247,-0.032,-0.232,-0.202,-0.51,-0.247,-0.633,-0.643,-0.532
14,A1_1,0.1,1.0,0.726,0.76,-0.566,-0.315,-0.309,0.258,0.042,-0.19,-0.067,-0.288,-0.182,-0.051,0.126,0.078
14,A1_2,-0.243,0.726,1.0,0.746,-0.054,-0.279,0.098,0.041,-0.272,-0.065,0.028,-0.34,-0.146,0.075,0.423,0.275
14,A1_3,-0.012,0.76,0.746,1.0,-0.105,-0.02,0.072,0.412,-0.048,0.204,0.31,-0.276,0.235,-0.259,-0.076,-0.141
14,B1_1,-0.545,-0.566,-0.054,-0.105,1.0,0.418,0.591,-0.122,-0.022,0.465,0.268,0.214,0.434,0.1,0.046,-0.118
14,B1_2,0.033,-0.315,-0.279,-0.02,0.418,1.0,0.754,0.01,0.166,-0.061,-0.277,-0.373,0.129,-0.219,-0.22,-0.472
14,B1_3,0.083,-0.309,0.098,0.072,0.591,0.754,1.0,-0.026,-0.115,0.015,-0.253,-0.603,-0.03,-0.258,-0.093,-0.367
14,A2_1,0.247,0.258,0.041,0.412,-0.122,0.01,-0.026,1.0,0.756,0.718,-0.091,-0.31,-0.19,0.171,-0.071,0.078
14,A2_2,-0.032,0.042,-0.272,-0.048,-0.022,0.166,-0.115,0.756,1.0,0.546,-0.409,-0.101,-0.33,0.535,0.168,0.233
14,A2_3,-0.232,-0.19,-0.065,0.204,0.465,-0.061,0.015,0.718,0.546,1.0,0.359,0.215,0.255,0.273,-0.025,0.13
14,B2_1,-0.202,-0.067,0.028,0.31,0.268,-0.277,-0.253,-0.091,-0.409,0.359,1.0,0.665,0.892,-0.405,-0.444,-0.299
14,B2_2,-0.51,-0.288,-0.34,-0.276,0.214,-0.373,-0.603,-0.31,-0.101,0.215,0.665,1.0,0.633,0.142,-0.074,0.086
14,B2_3,-0.247,-0.182,-0.146,0.235,0.434,0.129,-0.03,-0.19,-0.33,0.255,0.892,0.633,1.0,-0.485,-0.555,-0.533
14,y1,-0.633,-0.051,0.075,-0.259,0.1,-0.219,-0.258,0.171,0.535,0.273,-0.405,0.142,-0.485,1.0,0.876,0.895
14,y2,-0.643,0.126,0.423,-0.076,0.046,-0.22,-0.093,-0.071,0.168,-0.025,-0.444,-0.074,-0.555,0.876,1.0,0.917
14,y3,-0.532,0.078,0.275,-0.141,-0.118,-0.472,-0.367,0.078,0.233,0.13,-0.299,0.086,-0.533,0.895,0.917,1.0
16,.,1.0,-0.55,-0.719,-0.251,-0.006,0.263,0.061,0.282,-0.357,-0.248,-0.055,0.097,0.11,-0.594,-0.574,-0.596
16,A1_1,-0.55,1.0,0.81,0.773,-0.46,-0.277,-0.158,-0.124,-0.023,-0.116,-0.056,-0.167,-0.146,0.412,0.101,0.127
16,A1_2,-0.719,0.81,1.0,0.607,-0.389,-0.456,-0.034,-0.125,-0.127,-0.004,0.37,0.062,0.127,0.273,0.123,0.073
16,A1_3,-0.251,0.773,0.607,1.0,-0.466,-0.111,-0.036,-0.129,-0.161,-0.291,-0.295,-0.219,-0.313,0.19,-0.117,-0.172
16,B1_1,-0.006,-0.46,-0.389,-0.466,1.0,0.711,0.5,-0.704,-0.246,-0.328,-0.108,0.08,0.135,-0.056,0.446,0.319
16,B1_2,0.263,-0.277,-0.456,-0.111,0.711,1.0,0.551,-0.529,-0.131,-0.257,-0.479,-0.213,-0.037,-0.431,-0.126,-0.198
16,B1_3,0.061,-0.158,-0.034,-0.036,0.5,0.551,1.0,-0.145,-0.4,0.056,-0.149,-0.519,-0.24,-0.32,0.014,-0.186
16,A2_1,0.282,-0.124,-0.125,-0.129,-0.704,-0.529,-0.145,1.0,0.365,0.71,0.033,-0.363,-0.309,-0.111,-0.414,-0.289
16,A2_2,-0.357,-0.023,-0.127,-0.161,-0.246,-0.131,-0.4,0.365,1.0,0.734,-0.401,-0.324,-0.373,0.274,0.057,0.294
16,A2_3,-0.248,-0.116,-0.004,-0.291,-0.328,-0.257,0.056,0.71,0.734,1.0,-0.09,-0.521,-0.354,0.001,-0.123,0.023
16,B2_1,-0.055,-0.056,0.37,-0.295,-0.108,-0.479,-0.149,0.033,-0.401,-0.09,1.0,0.706,0.813,-0.243,-0.116,-0.173
16,B2_2,0.097,-0.167,0.062,-0.219,0.08,-0.213,-0.519,-0.363,-0.324,-0.521,0.706,1.0,0.884,-0.178,-0.068,-0.083
16,B2_3,0.11,-0.146,0.127,-0.313,0.135,-0.037,-0.24,-0.309,-0.373,-0.354,0.813,0.884,1.0,-0.471,-0.283,-0.309
16,y1,-0.594,0.412,0.273,0.19,-0.056,-0.431,-0.32,-0.111,0.274,0.001,-0.243,-0.178,-0.471,1.0,0.846,0.9
16,y2,-0.574,0.101,0.123,-0.117,0.446,-0.126,0.014,-0.414,0.057,-0.123,-0.116,-0.068,-0.283,0.846,1.0,0.958
16,y3,-0.596,0.127,0.073,-0.172,0.319,-0.198,-0.186,-0.289,0.294,0.023,-0.173,-0.083,-0.309,0.9,0.958,1.0
18,.,1.0,0.108,-0.389,-0.063,-0.462,-0.326,-0.439,-0.108,-0.34,-0.313,0.112,0.097,0.075,-0.663,-0.728,-0.678
18,A1_1,0.108,1.0,0.611,0.968,-0.492,-0.189,-0.293,0.085,-0.171,-0.228,0.157,-0.15,-0.121,0.039,0.169,0.045
18,A1_2,-0.389,0.611,1.0,0.699,0.105,-0.092,0.194,-0.087,0.084,0.011,0.247,-0.181,-0.323,0.143,0.279,0.12
18,A1_3,-0.063,0.968,0.699,1.0,-0.346,-0.153,-0.183,0.143,-0.195,-0.175,0.078,-0.317,-0.297,0.147,0.286,0.198
18,B1_1,-0.462,-0.492,0.105,-0.346,1.0,0.697,0.796,-0.272,-0.202,-0.191,-0.156,-0.153,-0.195,0.132,-0.088,0.052
18,B1_2,-0.326,-0.189,-0.092,-0.153,0.697,1.0,0.616,-0.102,-0.135,-0.374,-0.376,0.057,0.128,0.197,-0.135,-0.005
18,B1_3,-0.439,-0.293,0.194,-0.183,0.796,0.616,1.0,0.016,0.087,0.171,0.013,-0.334,-0.113,-0.241,-0.252,-0.234
18,A2_1,-0.108,0.085,-0.087,0.143,-0.272,-0.102,0.016,1.0,0.551,0.696,-0.652,-0.655,-0.52,-0.082,0.021,0.099
18,A2_2,-0.34,-0.171,0.084,-0.195,-0.202,-0.135,0.087,0.551,1.0,0.818,-0.173,0.06,0.075,-0.036,0.111,-0.043
18,A2_3,-0.313,-0.228,0.011,-0.175,-0.191,-0.374,0.171,0.696,0.818,1.0,-0.103,-0.366,-0.206,-0.185,0.122,0.022
18,B2_1,0.112,0.157,0.247,0.078,-0.156,-0.376,0.013,-0.652,-0.173,-0.103,1.0,0.407,0.543,-0.294,-0.01,-0.274
18,B2_2,0.097,-0.15,-0.181,-0.317,-0.153,0.057,-0.334,-0.655,0.06,-0.366,0.407,1.0,0.85,0.195,0.077,-0.078
18,B2_3,0.075,-0.121,-0.323,-0.297,-0.195,0.128,-0.113,-0.52,0.075,-0.206,0.543,0.85,1.0,-0.012,0.005,-0.187
18,y1,-0.663,0.039,0.143,0.147,0.132,0.197,-0.241,-0.082,-0.036,-0.185,-0.294,0.195,-0.012,1.0,0.876,0.928
18,y2,-0.728,0.169,0.279,0.286,-0.088,-0.135,-0.252,0.021,0.111,0.122,-0.01,0.077,0.005,0.876,1.0,0.936
18,y3,-0.678,0.045,0.12,0.198,0.052,-0.005,-0.234,0.099,-0.043,0.022,-0.274,-0.078,-0.187,0.928,0.936,1.0
20,.,1.0,-0.295,-0.673,-0.711,0.131,-0.084,-0.246,-0.115,-0.19,-0.406,-0.038,0.216,0.274,-0.662,-0.621,-0.623
20,A1_1,-0.295,1.0,0.615,0.713,-0.578,0.0,-0.263,0.293,0.194,0.1,0.031,-0.222,0.042,-0.238,-0.057,-0.266
20,A1_2,-0.673,0.615,1.0,0.92,-0.165,-0.07,0.037,-0.246,-0.23,-0.153,0.185,-0.149,0.043,0.338,0.442,0.199
20,A1_3,-0.711,0.713,0.92,1.0,-0.39,-0.199,-0.105,0.066,-0.151,-0.04,0.144,-0.292,-0.167,0.277,0.486,0.186
20,B1_1,0.131,-0.578,-0.165,-0.39,1.0,0.65,0.847,-0.434,-0.419,-0.275,-0.008,-0.033,-0.149,0.04,-0.241,0.103
20,B1_2,-0.084,0.0,-0.07,-0.199,0.65,1.0,0.785,-0.113,0.017,0.104,-0.054,0.023,-0.145,-0.195,-0.471,-0.045
20,B1_3,-0.246,-0.263,0.037,-0.105,0.847,0.785,1.0,-0.121,-0.156,0.143,0.054,-0.259,-0.261,0.08,-0.236,0.153
20,A2_1,-0.115,0.293,-0.246,0.066,-0.434,-0.113,-0.121,1.0,0.638,0.53,-0.46,-0.687,-0.579,-0.007,0.047,0.13
20,A2_2,-0.19,0.194,-0.23,-0.151,-0.419,0.017,-0.156,0.638,1.0,0.738,-0.472,-0.236,-0.061,0.236,0.071,0.287
20,A2_3,-0.406,0.1,-0.153,-0.04,-0.275,0.104,0.143,0.53,0.738,1.0,0.129,-0.11,0.073,0.097,-0.093,0.095
20,B2_1,-0.038,0.031,0.185,0.144,-0.008,-0.054,0.054,-0.46,-0.472,0.129,1.0,0.546,0.636,-0.42,-0.366,-0.578
20,B2_2,0.216,-0.222,-0.149,-0.292,-0.033,0.023,-0.259,-0.687,-0.236,-0.11,0.546,1.0,0.72,-0.246,-0.24,-0.323
20,B2_3,0.274,0.042,0.043,-0.167,-0.149,-0.145,-0.261,-0.579,-0.061,0.073,0.636,0.72,1.0,-0.345,-0.398,-0.549
20,y1,-0.662,-0.238,0.338,0.277,0.04,-0.195,0.08,-0.007,0.236,0.097,-0.42,-0.246,-0.345,1.0,0.899,0.959
20,y2,-0.621,-0.057,0.442,0.486,-0.241,-0.471,-0.236,0.047,0.071,-0.093,-0.366,-0.24,-0.398,0.899,1.0,0.85
20,y3,-0.623,-0.266,0.199,0.186,0.103,-0.045,0.153,0.13,0.287,0.095,-0.578,-0.323,-0.549,0.959,0.85,1.0
22,.,1.0,-0.325,-0.366,-0.615,0.063,-0.045,0.035,-0.314,-0.493,-0.507,-0.225,0.273,-0.159,-0.542,-0.496,-0.612
22,A1_1,-0.325,1.0,0.648,0.677,-0.376,0.07,-0.148,0.331,-0.158,0.024,-0.012,-0.064,0.171,-0.067,-0.118,0.125
22,A1_2,-0.366,0.648,1.0,0.727,0.001,-0.085,0.052,-0.174,-0.447,-0.332,0.124,-0.14,0.119,0.265,0.297,0.423
22,A1_3,-0.615,0.677,0.727,1.0,-0.296,-0.156,-0.034,0.352,-0.138,0.155,0.475,-0.281,0.174,0.15,0.134,0.334
22,B1_1,0.063,-0.376,0.001,-0.296,1.0,0.769,0.785,-0.567,-0.269,-0.242,-0.097,-0.089,0.008,0.264,0.387,0.104
22,B1_2,-0.045,0.07,-0.085,-0.156,0.769,1.0,0.735,-0.139,-0.09,0.057,-0.197,-0.139,0.054,0.087,0.141,-0.031
22,B1_3,0.035,-0.148,0.052,-0.034,0.785,0.735,1.0,-0.059,-0.104,0.158,0.043,-0.392,0.026,-0.094,-0.064,-0.27
22,A2_1,-0.314,0.331,-0.174,0.352,-0.567,-0.139,-0.059,1.0,0.613,0.851,-0.01,-0.547,-0.223,-0.187,-0.406,-0.215
22,A2_2,-0.493,-0.158,-0.447,-0.138,-0.269,-0.09,-0.104,0.613,1.0,0.872,-0.115,-0.243,-0.042,0.078,-0.084,-0.024
22,A2_3,-0.507,0.024,-0.332,0.155,-0.242,0.057,0.158,0.851,0.872,1.0,0.046,-0.498,-0.074,-0.053,-0.234,-0.156
22,B2_1,-0.225,-0.012,0.124,0.475,-0.097,-0.197,0.043,-0.01,-0.115,0.046,1.0,0.372,0.733,-0.373,-0.217,-0.212
22,B2_2,0.273,-0.064,-0.14,-0.281,-0.089,-0.139,-0.392,-0.547,-0.243,-0.498,0.372,1.0,0.731,-0.405,-0.2,-0.233
22,B2_3,-0.159,0.171,0.119,0.174,0.008,0.054,0.026,-0.223,-0.042,-0.074,0.733,0.731,1.0,-0.502,-0.316,-0.324
22,y1,-0.542,-0.067,0.265,0.15,0.264,0.087,-0.094,-0.187,0.078,-0.053,-0.373,-0.405,-0.502,1.0,0.961,0.951
22,y2,-0.496,-0.118,0.297,0.134,0.387,0.141,-0.064,-0.406,-0.084,-0.234,-0.217,-0.2,-0.316,0.961,1.0,0.947
22,y3,-0.612,0.125,0.423,0.334,0.104,-0.031,-0.27,-0.215,-0.024,-0.156,-0.212,-0.233,-0.324,0.951,0.947,1.0
24,.,1.0,-0.349,-0.301,-0.36,-0.518,-0.279,-0.62,-0.016,0.243,-0.157,0.391,0.45,0.072,-0.644,-0.444,-0.701
24,A1_1,-0.349,1.0,0.83,0.821,-0.413,0.01,0.027,0.446,-0.072,-0.062,-0.183,0.237,0.089,0.191,0.104,0.059
24,A1_2,-0.301,0.83,1.0,0.862,-0.373,-0.127,0.072,0.025,-0.374,-0.414,0.144,0.253,0.159,0.248,0.301,0.061
24,A1_3,-0.36,0.821,0.862,1.0,-0.434,-0.36,0.156,0.44,-0.312,-0.061,0.022,-0.025,0.062,-0.003,0.024,0.078
24,B1_1,-0.518,-0.413,-0.373,-0.434,1.0,0.703,0.776,-0.491,-0.201,0.131,-0.206,-0.25,-0.077,0.28,0.091,0.213
24,B1_2,-0.279,0.01,-0.127,-0.36,0.703,1.0,0.503,-0.386,-0.177,-0.139,-0.262,0.167,-0.107,0.311,0.051,-0.06
24,B1_3,-0.62,0.027,0.072,0.156,0.776,0.503,1.0,-0.171,-0.333,0.241,-0.109,-0.146,0.065,0.004,-0.186,0.0
24,A2_1,-0.016,0.446,0.025,0.44,-0.491,-0.386,-0.171,1.0,0.319,0.58,-0.377,-0.217,-0.156,-0.369,-0.43,-0.017
24,A2_2,0.243,-0.072,-0.374,-0.312,-0.201,-0.177,-0.333,0.319,1.0,0.705,-0.191,0.378,0.387,-0.247,-0.234,-0.132
24,A2_3,-0.157,-0.062,-0.414,-0.061,0.131,-0.139,0.241,0.58,0.705,1.0,-0.337,-0.065,0.221,-0.397,-0.502,-0.046
24,B2_1,0.391,-0.183,0.144,0.022,-0.206,-0.262,-0.109,-0.377,-0.191,-0.337,1.0,0.464,0.685,-0.188,-0.266,-0.516
24,B2_2,0.45,0.237,0.253,-0.025,-0.25,0.167,-0.146,-0.217,0.378,-0.065,0.464,1.0,0.697,-0.261,-0.303,-0.705
24,B2_3,0.072,0.089,0.159,0.062,-0.077,-0.107,0.065,-0.156,0.387,0.221,0.685,0.697,1.0,-0.101,-0.297,-0.417
24,y1,-0.644,0.191,0.248,-0.003,0.28,0.311,0.004,-0.369,-0.247,-0.397,-0.188,-0.261,-0.101,1.0,0.864,0.778
24,y2,-0.444,0.104,0.301,0.024,0.091,0.051,-0.186,-0.43,-0.234,-0.502,-0.266,-0.303,-0.297,0.864,1.0,0.807
24,y3,-0.701,0.059,0.061,0.078,0.213,-0.06,0.0,-0.017,-0.132,-0.046,-0.516,-0.705,-0.417,0.778,0.807,1.0
26,.,1.0,-0.261,-0.43,-0.314,-0.027,-0.3,-0.184,-0.27,-0.321,-0.145,-0.195,-0.311,-0.315,-0.295,-0.356,-0.239
26,A1_1,-0.261,1.0,0.421,0.837,-0.543,0.25,-0.298,0.485,-0.301,0.037,-0.422,0.049,-0.35,0.229,0.094,0.159
26,A1_2,-0.43,0.421,1.0,0.634,-0.414,-0.125,-0.192,0.212,-0.201,-0.348,0.397,0.328,0.438,0.007,-0.15,-0.173
26,A1_3,-0.314,0.837,0.634,1.0,-0.354,0.065,-0.081,0.528,-0.504,0.021,-0.188,-0.1,-0.343,0.221,-0.128,-0.132
26,B1_1,-0.027,-0.543,-0.414,-0.354,1.0,0.368,0.844,-0.594,-0.26,-0.295,0.129,-0.204,-0.065,0.12,0.294,-0.027
26,B1_2,-0.3,0.25,-0.125,0.065,0.368,1.0,0.553,-0.072,-0.069,-0.205,-0.186,0.309,-0.027,-0.29,0.127,-0.09
26,B1_3,-0.184,-0.298,-0.192,-0.081,0.844,0.553,1.0,-0.219,-0.166,-0.176,-0.125,-0.321,-0.19,-0.067,0.094,-0.102
26,A2_1,-0.27,0.485,0.212,0.528,-0.594,-0.072,-0.219,1.0,0.324,0.772,-0.385,-0.173,-0.359,-0.195,-0.486,-0.196
26,A2_2,-0.321,-0.301,-0.201,-0.504,-0.26,-0.069,-0.166,0.324,1.0,0.556,-0.057,0.143,0.308,-0.192,0.012,0.265
26,A2_3,-0.145,0.037,-0.348,0.021,-0.295,-0.205,-0.176,0.772,0.556,1.0,-0.368,-0.291,-0.414,-0.054,-0.29,-0.027
26,B2_1,-0.195,-0.422,0.397,-0.188,0.129,-0.186,-0.125,-0.385,-0.057,-0.368,1.0,0.677,0.827,-0.182,-0.146,-0.429
26,B2_2,-0.311,0.049,0.328,-0.1,-0.204,0.309,-0.321,-0.173,0.143,-0.291,0.677,1.0,0.79,-0.367,-0.065,-0.288
26,B2_3,-0.315,-0.35,0.438,-0.343,-0.065,-0.027,-0.19,-0.359,0.308,-0.414,0.827,0.79,1.0,-0.256,0.017,-0.135
26,y1,-0.295,0.229,0.007,0.221,0.12,-0.29,-0.067,-0.195,-0.192,-0.054,-0.182,-0.367,-0.256,1.0,0.808,0.764
26,y2,-0.356,0.094,-0.15,-0.128,0.294,0.127,0.094,-0.486,0.012,-0.29,-0.146,-0.065,0.017,0.808,1.0,0.877
26,y3,-0.239,0.159,-0.173,-0.132,-0.027,-0.09,-0.102,-0.196,0.265,-0.027,-0.429,-0.288,-0.135,0.764,0.877,1.0
28,.,1.0,-0.276,-0.411,-0.235,-0.185,-0.293,-0.095,0.147,-0.286,-0.136,-0.256,-0.173,-0.145,-0.591,-0.662,-0.65
28,A1_1,-0.276,1.0,0.46,0.611,-0.405,-0.158,-0.463,0.04,-0.142,-0.39,-0.088,0.14,-0.336,0.179,0.432,0.433
28,A1_2,-0.411,0.46,1.0,0.842,0.088,-0.207,0.025,0.168,-0.24,-0.147,0.63,0.13,0.217,-0.148,0.111,0.083
28,A1_3,-0.235,0.611,0.842,1.0,0.042,-0.253,0.067,0.304,-0.272,-0.275,0.158,-0.293,-0.285,-0.053,0.231,0.207
28,B1_1,-0.185,-0.405,0.088,0.042,1.0,0.575,0.84,-0.091,-0.294,-0.032,0.101,-0.472,0.143,-0.348,-0.198,-0.098
28,B1_2,-0.293,-0.158,-0.207,-0.253,0.575,1.0,0.659,-0.435,-0.123,-0.325,-0.268,0.031,-0.134,-0.115,-0.192,0.046
28,B1_3,-0.095,-0.463,0.025,0.067,0.84,0.659,1.0,0.128,-0.033,0.04,-0.075,-0.451,-0.194,-0.352,-0.38,-0.285
28,A2_1,0.147,0.04,0.168,0.304,-0.091,-0.435,0.128,1.0,0.588,0.682,0.157,-0.254,-0.331,-0.189,-0.169,-0.45
28,A2_2,-0.286,-0.142,-0.24,-0.272,-0.294,-0.123,-0.033,0.588,1.0,0.841,0.034,0.161,-0.177,0.412,0.173,-0.07
28,A2_3,-0.136,-0.39,-0.147,-0.275,-0.032,-0.325,0.04,0.682,0.841,1.0,0.341,0.019,0.162,0.152,0.023,-0.277
28,B2_1,-0.256,-0.088,0.63,0.158,0.101,-0.268,-0.075,0.157,0.034,0.341,1.0,0.506,0.802,-0.302,-0.189,-0.304
28,B2_2,-0.173,0.14,0.13,-0.293,-0.472,0.031,-0.451,-0.254,0.161,0.019,0.506,1.0,0.524,-0.039,-0.171,-0.154
28,B2_3,-0.145,-0.336,0.217,-0.285,0.143,-0.134,-0.194,-0.331,-0.177,0.162,0.802,0.524,1.0,-0.173,-0.122,-0.136
28,y1,-0.591,0.179,-0.148,-0.053,-0.348,-0.115,-0.352,-0.189,0.412,0.152,-0.302,-0.039,-0.173,1.0,0.894,0.837
28,y2,-0.662,0.432,0.111,0.231,-0.198,-0.192,-0.38,-0.169,0.173,0.023,-0.189,-0.171,-0.122,0.894,1.0,0.94
28,y3,-0.65,0.433,0.083,0.207,-0.098,0.046,-0.285,-0.45,-0.07,-0.277,-0.304,-0.154,-0.136,0.837,0.94,1.0
30,.,1.0,-0.108,-0.567,-0.367,-0.148,0.323,0.16,0.182,-0.083,0.064,-0.306,-0.179,-0.241,-0.641,-0.572,-0.705
30,A1_1,-0.108,1.0,0.437,0.768,-0.284,-0.09,-0.343,0.172,-0.382,-0.481,-0.049,0.109,-0.421,-0.165,0.249,-0.051
30,A1_2,-0.567,0.437,1.0,0.597,0.003,-0.128,0.007,-0.2,-0.273,-0.464,0.363,0.339,0.16,0.053,-0.084,0.176
30,A1_3,-0.367,0.768,0.597,1.0,0.069,-0.32,-0.062,0.102,-0.527,-0.497,0.185,-0.212,-0.324,-0.106,0.208,0.153
30,B1_1,-0.148,-0.284,0.003,0.069,1.0,0.406,0.79,-0.022,-0.206,-0.104,0.368,-0.15,0.179,-0.073,-0.274,-0.02
30,B1_2,0.323,-0.09,-0.128,-0.32,0.406,1.0,0.665,-0.267,-0.164,-0.214,-0.426,0.062,-0.24,0.087,-0.29,-0.037
30,B1_3,0.16,-0.343,0.007,-0.062,0.79,0.665,1.0,-0.046,-0.156,-0.031,-0.063,-0.385,-0.182,-0.036,-0.526,-0.021
30,A2_1,0.182,0.172,-0.2,0.102,-0.022,-0.267,-0.046,1.0,0.6,0.675,0.226,-0.332,-0.298,-0.345,-0.247,-0.426
30,A2_2,-0.083,-0.382,-0.273,-0.527,-0.206,-0.164,-0.156,0.6,1.0,0.936,0.041,-0.04,0.035,0.238,-0.03,-0.008
30,A2_3,0.064,-0.481,-0.464,-0.497,-0.104,-0.214,-0.031,0.675,0.936,1.0,-0.014,-0.335,-0.089,0.153,-0.077,-0.042
30,B2_1,-0.306,-0.049,0.363,0.185,0.368,-0.426,-0.063,0.226,0.041,-0.014,1.0,0.43,0.74,-0.465,-0.311,-0.411
30,B2_2,-0.179,0.109,0.339,-0.212,-0.15,0.062,-0.385,-0.332,-0.04,-0.335,0.43,1.0,0.713,-0.136,-0.038,-0.243
30,B2_3,-0.241,-0.421,0.16,-0.324,0.179,-0.24,-0.182,-0.298,0.035,-0.089,0.74,0.713,1.0,-0.197,-0.167,-0.231
30,y1,-0.641,-0.165,0.053,-0.106,-0.073,0.087,-0.036,-0.345,0.238,0.153,-0.465,-0.136,-0.197,1.0,0.709,0.946
30,y2,-0.572,0.249,-0.084,0.208,-0.274,-0.29,-0.526,-0.247,-0.03,-0.077,-0.311,-0.038,-0.167,0.709,1.0,0.752
30,y3,-0.705,-0.051,0.176,0.153,-0.02,-0.037,-0.021,-0.426,-0.008,-0.042,-0.411,-0.243,-0.231,0.946,0.752,1.0
32,.,1.0,-0.117,-0.272,-0.185,-0.261,-0.273,-0.309,0.052,-0.242,-0.165,0.29,0.04,0.093,-0.807,-0.623,-0.76
32,A1_1,-0.117,1.0,0.541,0.72,-0.455,-0.226,-0.304,0.409,-0.224,-0.205,0.095,0.013,-0.076,-0.052,0.092,0.127
32,A1_2,-0.272,0.541,1.0,0.668,-0.327,-0.323,-0.044,-0.104,-0.421,-0.511,0.185,0.236,0.116,0.391,0.436,0.43
32,A1_3,-0.185,0.72,0.668,1.0,0.024,-0.351,-0.049,0.451,-0.307,-0.213,0.462,-0.101,0.117,0.004,0.164,0.106
32,B1_1,-0.261,-0.455,-0.327,0.024,1.0,0.479,0.682,-0.136,-0.163,-0.017,0.005,-0.46,-0.13,0.1,-0.05,-0.13
32,B1_2,-0.273,-0.226,-0.323,-0.351,0.479,1.0,0.738,-0.463,-0.092,-0.214,-0.226,0.143,-0.063,0.064,-0.372,-0.227
32,B1_3,-0.309,-0.304,-0.044,-0.049,0.682,0.738,1.0,-0.246,-0.134,-0.142,-0.175,-0.104,-0.265,0.029,-0.279,-0.24
32,A2_1,0.052,0.409,-0.104,0.451,-0.136,-0.463,-0.246,1.0,0.519,0.69,0.204,-0.243,-0.119,-0.455,-0.171,-0.183
32,A2_2,-0.242,-0.224,-0.421,-0.307,-0.163,-0.092,-0.134,0.519,1.0,0.931,-0.016,0.214,0.13,-0.048,-0.064,0.098
32,A2_3,-0.165,-0.205,-0.511,-0.213,-0.017,-0.214,-0.142,0.69,0.931,1.0,-0.098,-0.131,-0.096,-0.154,-0.039,0.033
32,B2_1,0.29,0.095,0.185,0.462,0.005,-0.226,-0.175,0.204,-0.016,-0.098,1.0,0.519,0.851,-0.33,-0.352,-0.334
32,B2_2,0.04,0.013,0.236,-0.101,-0.46,0.143,-0.104,-0.243,0.214,-0.131,0.519,1.0,0.78,-0.003,-0.276,-0.059
32,B2_3,0.093,-0.076,0.116,0.117,-0.13,-0.063,-0.265,-0.119,0.13,-0.096,0.851,0.78,1.0,-0.005,-0.171,-0.055
32,y1,-0.807,-0.052,0.391,0.004,0.1,0.064,0.029,-0.455,-0.048,-0.154,-0.33,-0.003,-0.005,1.0,0.875,0.934
32,y2,-0.623,0.092,0.436,0.164,-0.05,-0.372,-0.279,-0.171,-0.064,-0.039,-0.352,-0.276,-0.171,0.875,1.0,0.954
32,y3,-0.76,0.127,0.43,0.106,-0.13,-0.227,-0.24,-0.183,0.098,0.033,-0.334,-0.059,-0.055,0.934,0.954,1.0
34,.,1.0,-0.334,-0.431,-0.253,-0.171,-0.182,-0.174,-0.111,-0.26,0.014,0.113,0.08,0.208,-0.836,-0.78,-0.757
34,A1_1,-0.334,1.0,0.615,0.616,-0.283,-0.165,-0.399,-0.024,0.029,-0.388,0.382,-0.089,0.131,0.12,0.092,0.048
34,A1_2,-0.431,0.615,1.0,0.814,0.023,0.103,0.071,-0.51,-0.346,-0.691,0.341,0.141,0.015,0.266,0.067,0.086
34,A1_3,-0.253,0.616,0.814,1.0,-0.118,-0.334,-0.095,-0.177,-0.433,-0.389,0.072,-0.371,-0.221,0.066,-0.103,-0.036
34,B1_1,-0.171,-0.283,0.023,-0.118,1.0,0.588,0.92,-0.038,-0.37,-0.08,-0.113,0.032,-0.284,-0.082,-0.093,0.031
34,B1_2,-0.182,-0.165,0.103,-0.334,0.588,1.0,0.727,-0.218,0.138,-0.296,-0.023,0.433,-0.188,0.01,-0.109,-0.035
34,B1_3,-0.174,-0.399,0.071,-0.095,0.92,0.727,1.0,-0.048,-0.248,-0.069,-0.259,0.034,-0.446,-0.082,-0.185,-0.04
34,A2_1,-0.111,-0.024,-0.51,-0.177,-0.038,-0.218,-0.048,1.0,0.62,0.899,-0.23,-0.423,-0.168,-0.174,-0.016,-0.118
34,A2_2,-0.26,0.029,-0.346,-0.433,-0.37,0.138,-0.248,0.62,1.0,0.591,0.046,0.191,0.172,0.149,0.245,0.041
34,A2_3,0.014,-0.388,-0.691,-0.389,-0.08,-0.296,-0.069,0.899,0.591,1.0,-0.245,-0.28,-0.035,-0.127,0.061,-0.073
34,B2_1,0.113,0.382,0.341,0.072,-0.113,-0.023,-0.259,-0.23,0.046,-0.245,1.0,0.755,0.903,-0.226,-0.104,-0.36
34,B2_2,0.08,-0.089,0.141,-0.371,0.032,0.433,0.034,-0.423,0.191,-0.28,0.755,1.0,0.769,-0.035,0.02,-0.186
34,B2_3,0.208,0.131,0.015,-0.221,-0.284,-0.188,-0.446,-0.168,0.172,-0.035,0.903,0.769,1.0,-0.133,0.061,-0.228
34,y1,-0.836,0.12,0.266,0.066,-0.082,0.01,-0.082,-0.174,0.149,-0.127,-0.226,-0.035,-0.133,1.0,0.945,0.953
34,y2,-0.78,0.092,0.067,-0.103,-0.093,-0.109,-0.185,-0.016,0.245,0.061,-0.104,0.02,0.061,0.945,1.0,0.939
34,y3,-0.757,0.048,0.086,-0.036,0.031,-0.035,-0.04,-0.118,0.041,-0.073,-0.36,-0.186,-0.228,0.953,0.939,1.0
36,.,1.0,-0.431,-0.149,-0.186,-0.115,-0.122,-0.109,-0.497,-0.629,-0.439,0.048,-0.029,0.181,-0.562,-0.518,-0.661
36,A1_1,-0.431,1.0,0.6,0.68,-0.311,-0.284,-0.135,0.22,0.194,0.057,0.064,-0.19,-0.34,0.174,-0.01,0.109
36,A1_2,-0.149,0.6,1.0,0.548,-0.145,-0.085,-0.156,-0.574,-0.254,-0.476,0.127,0.062,0.06,0.458,0.028,0.275
36,A1_3,-0.186,0.68,0.548,1.0,0.01,-0.449,-0.121,0.014,-0.261,-0.297,0.287,-0.147,-0.194,0.097,-0.251,-0.086
36,B1_1,-0.115,-0.311,-0.145,0.01,1.0,0.571,0.774,-0.161,-0.356,-0.458,-0.002,0.039,-0.01,0.149,-0.121,0.181
36,B1_2,-0.122,-0.284,-0.085,-0.449,0.571,1.0,0.856,-0.208,0.167,-0.045,-0.075,0.337,0.118,-0.126,-0.226,0.08
36,B1_3,-0.109,-0.135,-0.156,-0.121,0.774,0.856,1.0,-0.016,-0.057,-0.123,-0.177,0.018,-0.212,-0.187,-0.336,0.016
36,A2_1,-0.497,0.22,-0.574,0.014,-0.161,-0.208,-0.016,1.0,0.618,0.813,-0.233,-0.33,-0.49,-0.128,0.24,0.072
36,A2_2,-0.629,0.194,-0.254,-0.261,-0.356,0.167,-0.057,0.618,1.0,0.812,0.141,0.351,0.109,-0.092,0.176,0.088
36,A2_3,-0.439,0.057,-0.476,-0.297,-0.458,-0.045,-0.123,0.813,0.812,1.0,-0.315,-0.155,-0.332,-0.144,0.317,0.123
36,B2_1,0.048,0.064,0.127,0.287,-0.002,-0.075,-0.177,-0.233,0.141,-0.315,1.0,0.844,0.828,-0.307,-0.545,-0.539
36,B2_2,-0.029,-0.19,0.062,-0.147,0.039,0.337,0.018,-0.33,0.351,-0.155,0.844,1.0,0.925,-0.255,-0.416,-0.361
36,B2_3,0.181,-0.34,0.06,-0.194,-0.01,0.118,-0.212,-0.49,0.109,-0.332,0.828,0.925,1.0,-0.155,-0.306,-0.35
36,y1,-0.562,0.174,0.458,0.097,0.149,-0.126,-0.187,-0.128,-0.092,-0.144,-0.307,-0.255,-0.155,1.0,0.832,0.928
36,y2,-0.518,-0.01,0.028,-0.251,-0.121,-0.226,-0.336,0.24,0.176,0.317,-0.545,-0.416,-0.306,0.832,1.0,0.886
36,y3,-0.661,0.109,0.275,-0.086,0.181,0.08,0.016,0.072,0.088,0.123,-0.539,-0.361,-0.35,0.928,0.886,1.0
38,.,1.0,-0.056,-0.238,-0.398,-0.563,0.019,-0.317,-0.191,0.015,0.029,-0.37,-0.087,-0.177,-0.654,-0.691,-0.796
38,A1_1,-0.056,1.0,0.418,0.562,-0.16,-0.296,-0.028,-0.074,0.062,0.133,0.26,-0.062,-0.201,-0.361,-0.241,-0.148
38,A1_2,-0.238,0.418,1.0,0.797,-0.344,-0.471,-0.346,-0.421,-0.241,-0.539,0.056,0.264,0.334,0.245,0.219,0.291
38,A1_3,-0.398,0.562,0.797,1.0,-0.064,-0.58,-0.054,-0.194,-0.394,-0.491,0.054,-0.224,-0.035,0.245,0.304,0.379
38,B1_1,-0.563,-0.16,-0.344,-0.064,1.0,0.534,0.895,-0.156,-0.339,-0.193,0.068,-0.122,-0.207,0.276,0.109,0.353
38,B1_2,0.019,-0.296,-0.471,-0.58,0.534,1.0,0.637,-0.118,0.26,0.077,-0.21,0.202,-0.183,-0.074,-0.219,-0.217
38,B1_3,-0.317,-0.028,-0.346,-0.054,0.895,0.637,1.0,-0.182,-0.305,-0.216,0.092,-0.077,-0.221,-0.089,-0.213,-0.037
38,A2_1,-0.191,-0.074,-0.421,-0.194,-0.156,-0.118,-0.182,1.0,0.694,0.794,0.251,-0.217,-0.079,0.022,0.376,0.038
38,A2_2,0.015,0.062,-0.241,-0.394,-0.339,0.26,-0.305,0.694,1.0,0.823,0.08,0.176,-0.029,-0.074,0.18,-0.149
38,A2_3,0.029,0.133,-0.539,-0.491,-0.193,0.077,-0.216,0.794,0.823,1.0,0.317,0.022,-0.082,-0.248,0.023,-0.193
38,B2_1,-0.37,0.26,0.056,0.054,0.068,-0.21,0.092,0.251,0.08,0.317,1.0,0.594,0.696,-0.324,-0.179,-0.096
38,B2_2,-0.087,-0.062,0.264,-0.224,-0.122,0.202,-0.077,-0.217,0.176,0.022,0.594,1.0,0.865,-0.201,-0.26,-0.189
38,B2_3,-0.177,-0.201,0.334,-0.035,-0.207,-0.183,-0.221,-0.079,-0.029,-0.082,0.696,0.865,1.0,-0.077,-0.076,-0.033
38,y1,-0.654,-0.361,0.245,0.245,0.276,-0.074,-0.089,0.022,-0.074,-0.248,-0.324,-0.201,-0.077,1.0,0.918,0.946
38,y2,-0.691,-0.241,0.219,0.304,0.109,-0.219,-0.213,0.376,0.18,0.023,-0.179,-0.26,-0.076,0.918,1.0,0.89
38,y3,-0.796,-0.148,0.291,0.379,0.353,-0.217,-0.037,0.038,-0.149,-0.193,-0.096,-0.189,-0.033,0.946,0.89,1.0
40,.,1.0,-0.148,-0.375,-0.155,-0.224,-0.306,-0.034,-0.333,-0.505,-0.203,-0.096,-0.218,0.034,-0.392,-0.754,-0.502
40,A1_1,-0.148,1.0,0.641,0.652,0.211,-0.454,-0.12,0.212,-0.064,0.005,-0.034,-0.269,-0.109,-0.121,-0.058,0.041
40,A1_2,-0.375,0.641,1.0,0.81,0.19,-0.227,-0.304,-0.398,-0.145,-0.492,0.179,0.193,0.173,0.322,0.297,0.402
40,A1_3,-0.155,0.652,0.81,1.0,0.032,-0.595,-0.229,-0.245,-0.265,-0.49,0.329,0.036,0.178,-0.008,0.088,0.232
40,B1_1,-0.224,0.211,0.19,0.032,1.0,0.579,0.817,-0.2,-0.367,-0.365,-0.191,-0.059,-0.306,-0.028,0.136,-0.03
40,B1_2,-0.306,-0.454,-0.227,-0.595,0.579,1.0,0.542,-0.119,0.134,0.045,0.021,0.432,0.01,0.039,0.134,-0.166
40,B1_3,-0.034,-0.12,-0.304,-0.229,0.817,0.542,1.0,0.016,-0.426,-0.209,-0.137,-0.157,-0.203,-0.257,0.029,-0.211
40,A2_1,-0.333,0.212,-0.398,-0.245,-0.2,-0.119,0.016,1.0,0.615,0.88,-0.044,-0.257,-0.19,-0.278,0.04,-0.134
40,A2_2,-0.505,-0.064,-0.145,-0.265,-0.367,0.134,-0.426,0.615,1.0,0.813,0.181,0.309,-0.104,-0.013,0.087,-0.038
40,A2_3,-0.203,0.005,-0.492,-0.49,-0.365,0.045,-0.209,0.88,0.813,1.0,0.011,-0.015,-0.125,-0.276,-0.146,-0.287
40,B2_1,-0.096,-0.034,0.179,0.329,-0.191,0.021,-0.137,-0.044,0.181,0.011,1.0,0.836,0.792,-0.592,-0.362,-0.519
40,B2_2,-0.218,-0.269,0.193,0.036,-0.059,0.432,-0.157,-0.257,0.309,-0.015,0.836,1.0,0.689,-0.288,-0.206,-0.389
40,B2_3,0.034,-0.109,0.173,0.178,-0.306,0.01,-0.203,-0.19,-0.104,-0.125,0.792,0.689,1.0,-0.326,-0.21,-0.333
40,y1,-0.392,-0.121,0.322,-0.008,-0.028,0.039,-0.257,-0.278,-0.013,-0.276,-0.592,-0.288,-0.326,1.0,0.823,0.932
40,y2,-0.754,-0.058,0.297,0.088,0.136,0.134,0.029,0.04,0.087,-0.146,-0.362,-0.206,-0.21,0.823,1.0,0.905
40,y3,-0.502,0.041,0.402,0.232,-0.03,-0.166,-0.211,-0.134,-0.038,-0.287,-0.519,-0.389,-0.333,0.932,0.905,1.0
42,.,1.0,-0.071,-0.435,-0.165,-0.115,-0.356,-0.068,-0.119,-0.297,0.085,-0.103,-0.324,-0.152,-0.76,-0.706,-0.316
42,A1_1,-0.071,1.0,0.537,0.637,0.347,-0.53,-0.284,0.273,0.037,0.128,0.087,-0.08,0.017,-0.018,0.04,-0.391
42,A1_2,-0.435,0.537,1.0,0.588,0.116,-0.303,-0.31,-0.405,-0.2,-0.346,0.281,0.453,0.314,0.425,0.443,-0.084
42,A1_3,-0.165,0.637,0.588,1.0,-0.107,-0.447,-0.314,0.142,-0.119,-0.032,0.592,0.172,0.142,-0.016,0.1,-0.216
42,B1_1,-0.115,0.347,0.116,-0.107,1.0,0.396,0.738,-0.231,-0.474,-0.299,-0.335,-0.063,-0.163,-0.102,-0.209,0.03
42,B1_2,-0.356,-0.53,-0.303,-0.447,0.396,1.0,0.791,-0.218,-0.045,0.023,-0.041,0.355,-0.111,0.015,-0.208,0.156
42,B1_3,-0.068,-0.284,-0.31,-0.314,0.738,0.791,1.0,-0.279,-0.518,-0.313,-0.203,-0.004,-0.212,-0.219,-0.349,0.253
42,A2_1,-0.119,0.273,-0.405,0.142,-0.231,-0.218,-0.279,1.0,0.688,0.531,0.105,-0.34,0.021,-0.065,0.068,-0.186
42,A2_2,-0.297,0.037,-0.2,-0.119,-0.474,-0.045,-0.518,0.688,1.0,0.766,0.115,0.119,0.095,0.213,0.184,-0.313
42,A2_3,0.085,0.128,-0.346,-0.032,-0.299,0.023,-0.313,0.531,0.766,1.0,0.015,0.007,-0.349,-0.127,-0.294,-0.435
42,B2_1,-0.103,0.087,0.281,0.592,-0.335,-0.041,-0.203,0.105,0.115,0.015,1.0,0.71,0.695,-0.354,-0.215,-0.579
42,B2_2,-0.324,-0.08,0.453,0.172,-0.063,0.355,-0.004,-0.34,0.119,0.007,0.71,1.0,0.616,-0.074,-0.141,-0.523
42,B2_3,-0.152,0.017,0.314,0.142,-0.163,-0.111,-0.212,0.021,0.095,-0.349,0.695,0.616,1.0,-0.185,0.048,-0.468
42,y1,-0.76,-0.018,0.425,-0.016,-0.102,0.015,-0.219,-0.065,0.213,-0.127,-0.354,-0.074,-0.185,1.0,0.928,0.645
42,y2,-0.706,0.04,0.443,0.1,-0.209,-0.208,-0.349,0.068,0.184,-0.294,-0.215,-0.141,0.048,0.928,1.0,0.62
42,y3,-0.316,-0.391,-0.084,-0.216,0.03,0.156,0.253,-0.186,-0.313,-0.435,-0.579,-0.523,-0.468,0.645,0.62,1.0
44,.,1.0,-0.188,-0.36,-0.393,-0.029,-0.18,-0.344,-0.157,-0.348,-0.378,-0.054,-0.219,-0.053,-0.709,-0.726,-0.527
44,A1_1,-0.188,1.0,0.59,0.687,0.064,-0.433,-0.024,0.259,0.28,-0.094,-0.017,-0.199,-0.225,0.057,0.065,0.052
44,A1_2,-0.36,0.59,1.0,0.654,-0.045,-0.368,0.023,-0.387,-0.139,-0.296,0.375,0.33,0.394,0.291,0.26,-0.038
44,A1_3,-0.393,0.687,0.654,1.0,-0.12,-0.453,0.134,0.152,-0.047,-0.324,0.484,-0.056,0.171,0.163,0.331,0.226
44,B1_1,-0.029,0.064,-0.045,-0.12,1.0,0.497,0.692,-0.3,-0.365,-0.488,-0.433,-0.194,-0.498,0.144,0.025,0.02
44,B1_2,-0.18,-0.433,-0.368,-0.453,0.497,1.0,0.583,-0.236,-0.269,0.133,-0.365,0.298,-0.129,-0.157,0.115,-0.044
44,B1_3,-0.344,-0.024,0.023,0.134,0.692,0.583,1.0,-0.002,-0.201,-0.25,0.17,0.348,0.069,0.005,-0.05,-0.211
44,A2_1,-0.157,0.259,-0.387,0.152,-0.3,-0.236,-0.002,1.0,0.798,0.561,0.096,-0.183,-0.17,-0.067,-0.199,0.043
44,A2_2,-0.348,0.28,-0.139,-0.047,-0.365,-0.269,-0.201,0.798,1.0,0.818,-0.075,-0.01,-0.12,0.249,-0.061,0.083
44,A2_3,-0.378,-0.094,-0.296,-0.324,-0.488,0.133,-0.25,0.561,0.818,1.0,-0.175,0.216,0.011,0.124,0.084,0.11
44,B2_1,-0.054,-0.017,0.375,0.484,-0.433,-0.365,0.17,0.096,-0.075,-0.175,1.0,0.577,0.871,-0.197,-0.275,-0.442
44,B2_2,-0.219,-0.199,0.33,-0.056,-0.194,0.298,0.348,-0.183,-0.01,0.216,0.577,1.0,0.84,-0.225,-0.256,-0.619
44,B2_3,-0.053,-0.225,0.394,0.171,-0.498,-0.129,0.069,-0.17,-0.12,0.011,0.871,0.84,1.0,-0.23,-0.258,-0.545
44,y1,-0.709,0.057,0.291,0.163,0.144,-0.157,0.005,-0.067,0.249,0.124,-0.197,-0.225,-0.23,1.0,0.73,0.714
44,y2,-0.726,0.065,0.26,0.331,0.025,0.115,-0.05,-0.199,-0.061,0.084,-0.275,-0.256,-0.258,0.73,1.0,0.896
44,y3,-0.527,0.052,-0.038,0.226,0.02,-0.044,-0.211,0.043,0.083,0.11,-0.442,-0.619,-0.545,0.714,0.896,1.0
46,.,1.0,-0.302,-0.351,-0.2,-0.517,-0.479,-0.356,-0.068,-0.261,-0.174,0.245,0.024,0.044,-0.435,-0.344,-0.53
46,A1_1,-0.302,1.0,0.742,0.66,0.275,-0.379,-0.091,0.281,0.056,-0.055,0.123,-0.213,-0.385,0.266,-0.18,-0.042
46,A1_2,-0.351,0.742,1.0,0.682,0.127,-0.452,-0.323,-0.068,-0.077,-0.262,0.546,0.312,0.152,0.322,0.059,0.096
46,A1_3,-0.2,0.66,0.682,1.0,0.214,-0.526,-0.297,0.162,-0.177,-0.172,0.371,-0.22,0.045,0.281,0.134,0.229
46,B1_1,-0.517,0.275,0.127,0.214,1.0,0.636,0.844,-0.149,-0.326,-0.258,-0.207,0.004,-0.031,-0.205,-0.154,-0.093
46,B1_2,-0.479,-0.379,-0.452,-0.526,0.636,1.0,0.86,-0.214,-0.02,0.078,-0.545,0.109,0.006,-0.213,-0.001,0.033
46,B1_3,-0.356,-0.091,-0.323,-0.297,0.844,0.86,1.0,-0.122,-0.203,-0.156,-0.423,-0.039,-0.121,-0.348,-0.218,-0.201
46,A2_1,-0.068,0.281,-0.068,0.162,-0.149,-0.214,-0.122,1.0,0.818,0.768,0.14,-0.309,-0.01,-0.241,-0.488,-0.253
46,A2_2,-0.261,0.056,-0.077,-0.177,-0.326,-0.02,-0.203,0.818,1.0,0.917,0.064,0.004,0.116,-0.098,-0.312,-0.085
46,A2_3,-0.174,-0.055,-0.262,-0.172,-0.258,0.078,-0.156,0.768,0.917,1.0,-0.096,-0.064,0.107,-0.193,-0.33,-0.089
46,B2_1,0.245,0.123,0.546,0.371,-0.207,-0.545,-0.423,0.14,0.064,-0.096,1.0,0.611,0.746,-0.356,-0.349,-0.411
46,B2_2,0.024,-0.213,0.312,-0.22,0.004,0.109,-0.039,-0.309,0.004,-0.064,0.611,1.0,0.774,-0.433,-0.305,-0.407
46,B2_3,0.044,-0.385,0.152,0.045,-0.031,0.006,-0.121,-0.01,0.116,0.107,0.746,0.774,1.0,-0.502,-0.231,-0.277
46,y1,-0.435,0.266,0.322,0.281,-0.205,-0.213,-0.348,-0.241,-0.098,-0.193,-0.356,-0.433,-0.502,1.0,0.862,0.895
46,y2,-0.344,-0.18,0.059,0.134,-0.154,-0.001,-0.218,-0.488,-0.312,-0.33,-0.349,-0.305,-0.231,0.862,1.0,0.951
46,y3,-0.53,-0.042,0.096,0.229,-0.093,0.033,-0.201,-0.253,-0.085,-0.089,-0.411,-0.407,-0.277,0.895,0.951,1.0
