,,.,A1_1,A1_2,A1_3,B1_1,B1_2,B1_3,A2_1,A2_2,A2_3,B2_1,B2_2,B2_3,y1,y2,y3
1,.,1.0,0.228,-0.417,-0.298,-0.643,0.479,-0.091,-0.339,0.282,0.151,-0.36,-0.041,-0.029,-0.271,0.114,-0.114
1,A1_1,0.228,1.0,0.126,0.385,-0.025,0.119,-0.106,-0.347,0.29,0.136,-0.226,0.492,-0.451,-0.317,-0.284,0.026
1,A1_2,-0.417,0.126,1.0,0.205,0.402,-0.316,0.505,0.07,-0.367,0.117,-0.271,-0.178,-0.649,-0.233,-0.401,0.287
1,A1_3,-0.298,0.385,0.205,1.0,0.163,-0.45,-0.416,-0.267,0.008,-0.325,-0.095,0.07,-0.525,0.366,-0.289,-0.103
1,B1_1,-0.643,-0.025,0.402,0.163,1.0,-0.618,0.29,0.454,-0.144,0.575,0.095,-0.133,-0.13,0.082,-0.189,-0.071
1,B1_2,0.479,0.119,-0.316,-0.45,-0.618,1.0,-0.105,-0.029,0.255,-0.328,-0.01,0.139,0.224,-0.636,0.578,0.429
1,B1_3,-0.091,-0.106,0.505,-0.416,0.29,-0.105,1.0,0.138,-0.441,0.467,-0.509,0.098,-0.158,-0.4,-0.4,0.075
1,A2_1,-0.339,-0.347,0.07,-0.267,0.454,-0.029,0.138,1.0,0.216,0.128,0.076,-0.278,0.056,0.01,0.132,0.152
1,A2_2,0.282,0.29,-0.367,0.008,-0.144,0.255,-0.441,0.216,1.0,0.006,0.048,-0.223,0.032,0.238,-0.082,0.124
1,A2_3,0.151,0.136,0.117,-0.325,0.575,-0.328,0.467,0.128,0.006,1.0,-0.111,-0.057,-0.025,-0.163,-0.202,-0.218
1,B2_1,-0.36,-0.226,-0.271,-0.095,0.095,-0.01,-0.509,0.076,0.048,-0.111,1.0,0.162,0.658,0.304,0.558,-0.219
1,B2_2,-0.041,0.492,-0.178,0.07,-0.133,0.139,0.098,-0.278,-0.223,-0.057,0.162,1.0,0.235,-0.197,0.011,-0.331
1,B2_3,-0.029,-0.451,-0.649,-0.525,-0.13,0.224,-0.158,0.056,0.032,-0.025,0.658,0.235,1.0,0.225,0.495,-0.394
1,y1,-0.271,-0.317,-0.233,0.366,0.082,-0.636,-0.4,0.01,0.238,-0.163,0.304,-0.197,0.225,1.0,-0.338,-0.512
1,y2,0.114,-0.284,-0.401,-0.289,-0.189,0.578,-0.4,0.132,-0.082,-0.202,0.558,0.011,0.495,-0.338,1.0,0.122
1,y3,-0.114,0.026,0.287,-0.103,-0.071,0.429,0.075,0.152,0.124,-0.218,-0.219,-0.331,-0.394,-0.512,0.122,1.0
2,.,1.0,0.226,-0.417,-0.299,-0.643,0.479,-0.091,-0.336,0.282,0.151,-0.359,-0.04,-0.027,-0.272,0.114,-0.116
2,A1_1,0.226,1.0,0.127,0.385,-0.024,0.121,-0.105,-0.346,0.29,0.137,-0.225,0.493,-0.451,-0.318,-0.284,0.025
2,A1_2,-0.417,0.127,1.0,0.206,0.403,-0.315,0.505,0.07,-0.366,0.118,-0.27,-0.177,-0.65,-0.234,-0.401,0.288
2,A1_3,-0.299,0.385,0.206,1.0,0.164,-0.45,-0.415,-0.268,0.007,-0.325,-0.095,0.07,-0.526,0.366,-0.289,-0.102
2,B1_1,-0.643,-0.024,0.403,0.164,1.0,-0.619,0.291,0.454,-0.144,0.575,0.094,-0.135,-0.132,0.082,-0.191,-0.07
2,B1_2,0.479,0.121,-0.315,-0.45,-0.619,1.0,-0.105,-0.03,0.256,-0.328,-0.011,0.14,0.223,-0.636,0.576,0.429
2,B1_3,-0.091,-0.105,0.505,-0.415,0.291,-0.105,1.0,0.137,-0.44,0.466,-0.51,0.099,-0.159,-0.399,-0.401,0.075
2,A2_1,-0.336,-0.346,0.07,-0.268,0.454,-0.03,0.137,1.0,0.216,0.129,0.075,-0.279,0.054,0.009,0.132,0.153
2,A2_2,0.282,0.29,-0.366,0.007,-0.144,0.256,-0.44,0.216,1.0,0.006,0.048,-0.223,0.032,0.237,-0.082,0.124
2,A2_3,0.151,0.137,0.118,-0.325,0.575,-0.328,0.466,0.129,0.006,1.0,-0.111,-0.058,-0.025,-0.164,-0.203,-0.219
2,B2_1,-0.359,-0.225,-0.27,-0.095,0.094,-0.011,-0.51,0.075,0.048,-0.111,1.0,0.16,0.657,0.304,0.558,-0.219
2,B2_2,-0.04,0.493,-0.177,0.07,-0.135,0.14,0.099,-0.279,-0.223,-0.058,0.16,1.0,0.233,-0.197,0.01,-0.33
2,B2_3,-0.027,-0.451,-0.65,-0.526,-0.132,0.223,-0.159,0.054,0.032,-0.025,0.657,0.233,1.0,0.225,0.495,-0.394
2,y1,-0.272,-0.318,-0.234,0.366,0.082,-0.636,-0.399,0.009,0.237,-0.164,0.304,-0.197,0.225,1.0,-0.337,-0.511
2,y2,0.114,-0.284,-0.401,-0.289,-0.191,0.576,-0.401,0.132,-0.082,-0.203,0.558,0.01,0.495,-0.337,1.0,0.122
2,y3,-0.116,0.025,0.288,-0.102,-0.07,0.429,0.075,0.153,0.124,-0.219,-0.219,-0.33,-0.394,-0.511,0.122,1.0
3,.,1.0,0.224,-0.418,-0.301,-0.643,0.48,-0.091,-0.333,0.283,0.151,-0.358,-0.04,-0.026,-0.271,0.113,-0.117
3,A1_1,0.224,1.0,0.128,0.385,-0.023,0.123,-0.104,-0.346,0.29,0.137,-0.225,0.494,-0.451,-0.318,-0.285,0.025
3,A1_2,-0.418,0.128,1.0,0.206,0.404,-0.314,0.506,0.07,-0.365,0.119,-0.27,-0.176,-0.65,-0.235,-0.402,0.288
3,A1_3,-0.301,0.385,0.206,1.0,0.165,-0.449,-0.414,-0.268,0.007,-0.324,-0.095,0.071,-0.527,0.366,-0.288,-0.101
3,B1_1,-0.643,-0.023,0.404,0.165,1.0,-0.619,0.291,0.453,-0.144,0.575,0.093,-0.135,-0.134,0.081,-0.191,-0.07
3,B1_2,0.48,0.123,-0.314,-0.449,-0.619,1.0,-0.104,-0.03,0.256,-0.327,-0.012,0.14,0.221,-0.636,0.575,0.429
3,B1_3,-0.091,-0.104,0.506,-0.414,0.291,-0.104,1.0,0.137,-0.44,0.466,-0.51,0.099,-0.159,-0.399,-0.402,0.075
3,A2_1,-0.333,-0.346,0.07,-0.268,0.453,-0.03,0.137,1.0,0.216,0.129,0.074,-0.281,0.053,0.009,0.132,0.153
3,A2_2,0.283,0.29,-0.365,0.007,-0.144,0.256,-0.44,0.216,1.0,0.007,0.048,-0.223,0.031,0.236,-0.082,0.123
3,A2_3,0.151,0.137,0.119,-0.324,0.575,-0.327,0.466,0.129,0.007,1.0,-0.111,-0.058,-0.025,-0.165,-0.204,-0.219
3,B2_1,-0.358,-0.225,-0.27,-0.095,0.093,-0.012,-0.51,0.074,0.048,-0.111,1.0,0.159,0.657,0.304,0.558,-0.218
3,B2_2,-0.04,0.494,-0.176,0.071,-0.135,0.14,0.099,-0.281,-0.223,-0.058,0.159,1.0,0.231,-0.197,0.009,-0.329
3,B2_3,-0.026,-0.451,-0.65,-0.527,-0.134,0.221,-0.159,0.053,0.031,-0.025,0.657,0.231,1.0,0.225,0.496,-0.393
3,y1,-0.271,-0.318,-0.235,0.366,0.081,-0.636,-0.399,0.009,0.236,-0.165,0.304,-0.197,0.225,1.0,-0.336,-0.51
3,y2,0.113,-0.285,-0.402,-0.288,-0.191,0.575,-0.402,0.132,-0.082,-0.204,0.558,0.009,0.496,-0.336,1.0,0.121
3,y3,-0.117,0.025,0.288,-0.101,-0.07,0.429,0.075,0.153,0.123,-0.219,-0.218,-0.329,-0.393,-0.51,0.121,1.0
4,.,1.0,0.221,-0.42,-0.302,-0.644,0.48,-0.091,-0.331,0.283,0.15,-0.358,-0.04,-0.024,-0.271,0.113,-0.119
4,A1_1,0.221,1.0,0.129,0.385,-0.022,0.124,-0.102,-0.345,0.291,0.138,-0.224,0.496,-0.451,-0.319,-0.286,0.024
4,A1_2,-0.42,0.129,1.0,0.206,0.405,-0.312,0.507,0.07,-0.364,0.12,-0.27,-0.174,-0.65,-0.235,-0.402,0.288
4,A1_3,-0.302,0.385,0.206,1.0,0.166,-0.448,-0.414,-0.269,0.007,-0.324,-0.095,0.071,-0.527,0.366,-0.288,-0.1
4,B1_1,-0.644,-0.022,0.405,0.166,1.0,-0.619,0.291,0.453,-0.144,0.575,0.092,-0.135,-0.135,0.081,-0.192,-0.069
4,B1_2,0.48,0.124,-0.312,-0.448,-0.619,1.0,-0.104,-0.031,0.256,-0.327,-0.012,0.141,0.22,-0.637,0.574,0.429
4,B1_3,-0.091,-0.102,0.507,-0.414,0.291,-0.104,1.0,0.136,-0.44,0.466,-0.511,0.1,-0.16,-0.4,-0.402,0.076
4,A2_1,-0.331,-0.345,0.07,-0.269,0.453,-0.031,0.136,1.0,0.216,0.129,0.073,-0.282,0.052,0.008,0.132,0.154
4,A2_2,0.283,0.291,-0.364,0.007,-0.144,0.256,-0.44,0.216,1.0,0.007,0.047,-0.223,0.03,0.236,-0.083,0.123
4,A2_3,0.15,0.138,0.12,-0.324,0.575,-0.327,0.466,0.129,0.007,1.0,-0.111,-0.058,-0.026,-0.166,-0.205,-0.22
4,B2_1,-0.358,-0.224,-0.27,-0.095,0.092,-0.012,-0.511,0.073,0.047,-0.111,1.0,0.158,0.656,0.303,0.559,-0.217
4,B2_2,-0.04,0.496,-0.174,0.071,-0.135,0.141,0.1,-0.282,-0.223,-0.058,0.158,1.0,0.23,-0.198,0.009,-0.328
4,B2_3,-0.024,-0.451,-0.65,-0.527,-0.135,0.22,-0.16,0.052,0.03,-0.026,0.656,0.23,1.0,0.225,0.496,-0.393
4,y1,-0.271,-0.319,-0.235,0.366,0.081,-0.637,-0.4,0.008,0.236,-0.166,0.303,-0.198,0.225,1.0,-0.335,-0.509
4,y2,0.113,-0.286,-0.402,-0.288,-0.192,0.574,-0.402,0.132,-0.083,-0.205,0.559,0.009,0.496,-0.335,1.0,0.12
4,y3,-0.119,0.024,0.288,-0.1,-0.069,0.429,0.076,0.154,0.123,-0.22,-0.217,-0.328,-0.393,-0.509,0.12,1.0
5,.,1.0,0.219,-0.422,-0.303,-0.645,0.479,-0.091,-0.328,0.283,0.149,-0.357,-0.04,-0.021,-0.269,0.112,-0.122
5,A1_1,0.219,1.0,0.13,0.386,-0.02,0.126,-0.101,-0.345,0.291,0.139,-0.223,0.497,-0.451,-0.319,-0.287,0.023
5,A1_2,-0.422,0.13,1.0,0.207,0.406,-0.311,0.508,0.07,-0.363,0.121,-0.269,-0.173,-0.65,-0.236,-0.402,0.288
5,A1_3,-0.303,0.386,0.207,1.0,0.166,-0.447,-0.413,-0.269,0.007,-0.323,-0.094,0.071,-0.528,0.366,-0.287,-0.099
5,B1_1,-0.645,-0.02,0.406,0.166,1.0,-0.618,0.292,0.452,-0.144,0.575,0.091,-0.135,-0.136,0.08,-0.192,-0.068
5,B1_2,0.479,0.126,-0.311,-0.447,-0.618,1.0,-0.103,-0.032,0.256,-0.326,-0.013,0.142,0.219,-0.638,0.573,0.429
5,B1_3,-0.091,-0.101,0.508,-0.413,0.292,-0.103,1.0,0.135,-0.439,0.465,-0.511,0.1,-0.161,-0.4,-0.403,0.076
5,A2_1,-0.328,-0.345,0.07,-0.269,0.452,-0.032,0.135,1.0,0.216,0.13,0.072,-0.284,0.051,0.008,0.132,0.154
5,A2_2,0.283,0.291,-0.363,0.007,-0.144,0.256,-0.439,0.216,1.0,0.008,0.047,-0.223,0.03,0.235,-0.083,0.123
5,A2_3,0.149,0.139,0.121,-0.323,0.575,-0.326,0.465,0.13,0.008,1.0,-0.111,-0.058,-0.026,-0.167,-0.206,-0.221
5,B2_1,-0.357,-0.223,-0.269,-0.094,0.091,-0.013,-0.511,0.072,0.047,-0.111,1.0,0.158,0.656,0.303,0.559,-0.216
5,B2_2,-0.04,0.497,-0.173,0.071,-0.135,0.142,0.1,-0.284,-0.223,-0.058,0.158,1.0,0.229,-0.198,0.009,-0.326
5,B2_3,-0.021,-0.451,-0.65,-0.528,-0.136,0.219,-0.161,0.051,0.03,-0.026,0.656,0.229,1.0,0.225,0.497,-0.393
5,y1,-0.269,-0.319,-0.236,0.366,0.08,-0.638,-0.4,0.008,0.235,-0.167,0.303,-0.198,0.225,1.0,-0.333,-0.508
5,y2,0.112,-0.287,-0.402,-0.287,-0.192,0.573,-0.403,0.132,-0.083,-0.206,0.559,0.009,0.497,-0.333,1.0,0.12
5,y3,-0.122,0.023,0.288,-0.099,-0.068,0.429,0.076,0.154,0.123,-0.221,-0.216,-0.326,-0.393,-0.508,0.12,1.0
6,.,1.0,0.215,-0.424,-0.305,-0.646,0.479,-0.092,-0.325,0.284,0.148,-0.357,-0.04,-0.019,-0.267,0.11,-0.124
6,A1_1,0.215,1.0,0.131,0.386,-0.019,0.127,-0.1,-0.345,0.292,0.14,-0.222,0.498,-0.45,-0.32,-0.288,0.022
6,A1_2,-0.424,0.131,1.0,0.207,0.407,-0.309,0.508,0.07,-0.362,0.121,-0.269,-0.172,-0.65,-0.237,-0.402,0.288
6,A1_3,-0.305,0.386,0.207,1.0,0.167,-0.447,-0.412,-0.269,0.008,-0.322,-0.094,0.071,-0.528,0.366,-0.287,-0.099
6,B1_1,-0.646,-0.019,0.407,0.167,1.0,-0.617,0.292,0.452,-0.143,0.576,0.091,-0.134,-0.137,0.078,-0.192,-0.067
6,B1_2,0.479,0.127,-0.309,-0.447,-0.617,1.0,-0.103,-0.033,0.256,-0.325,-0.013,0.143,0.218,-0.639,0.572,0.43
6,B1_3,-0.092,-0.1,0.508,-0.412,0.292,-0.103,1.0,0.135,-0.439,0.465,-0.511,0.101,-0.161,-0.4,-0.403,0.076
6,A2_1,-0.325,-0.345,0.07,-0.269,0.452,-0.033,0.135,1.0,0.216,0.13,0.071,-0.285,0.05,0.008,0.132,0.155
6,A2_2,0.284,0.292,-0.362,0.008,-0.143,0.256,-0.439,0.216,1.0,0.009,0.046,-0.223,0.029,0.234,-0.083,0.123
6,A2_3,0.148,0.14,0.121,-0.322,0.576,-0.325,0.465,0.13,0.009,1.0,-0.111,-0.058,-0.026,-0.168,-0.207,-0.221
6,B2_1,-0.357,-0.222,-0.269,-0.094,0.091,-0.013,-0.511,0.071,0.046,-0.111,1.0,0.158,0.655,0.302,0.56,-0.216
6,B2_2,-0.04,0.498,-0.172,0.071,-0.134,0.143,0.101,-0.285,-0.223,-0.058,0.158,1.0,0.228,-0.199,0.01,-0.325
6,B2_3,-0.019,-0.45,-0.65,-0.528,-0.137,0.218,-0.161,0.05,0.029,-0.026,0.655,0.228,1.0,0.225,0.498,-0.392
6,y1,-0.267,-0.32,-0.237,0.366,0.078,-0.639,-0.4,0.008,0.234,-0.168,0.302,-0.199,0.225,1.0,-0.332,-0.506
6,y2,0.11,-0.288,-0.402,-0.287,-0.192,0.572,-0.403,0.132,-0.083,-0.207,0.56,0.01,0.498,-0.332,1.0,0.119
6,y3,-0.124,0.022,0.288,-0.099,-0.067,0.43,0.076,0.155,0.123,-0.221,-0.216,-0.325,-0.392,-0.506,0.119,1.0
7,.,1.0,0.212,-0.427,-0.306,-0.648,0.478,-0.093,-0.323,0.284,0.145,-0.357,-0.04,-0.017,-0.265,0.109,-0.126
7,A1_1,0.212,1.0,0.132,0.386,-0.017,0.128,-0.099,-0.344,0.292,0.141,-0.221,0.498,-0.45,-0.32,-0.289,0.021
7,A1_2,-0.427,0.132,1.0,0.208,0.409,-0.308,0.509,0.07,-0.361,0.122,-0.268,-0.17,-0.65,-0.238,-0.402,0.288
7,A1_3,-0.306,0.386,0.208,1.0,0.168,-0.446,-0.412,-0.27,0.008,-0.321,-0.094,0.071,-0.529,0.366,-0.287,-0.098
7,B1_1,-0.648,-0.017,0.409,0.168,1.0,-0.615,0.293,0.451,-0.143,0.576,0.091,-0.133,-0.138,0.077,-0.193,-0.067
7,B1_2,0.478,0.128,-0.308,-0.446,-0.615,1.0,-0.102,-0.033,0.255,-0.324,-0.012,0.144,0.217,-0.639,0.572,0.43
7,B1_3,-0.093,-0.099,0.509,-0.412,0.293,-0.102,1.0,0.134,-0.439,0.465,-0.51,0.101,-0.162,-0.401,-0.403,0.077
7,A2_1,-0.323,-0.344,0.07,-0.27,0.451,-0.033,0.134,1.0,0.216,0.131,0.07,-0.286,0.049,0.007,0.132,0.156
7,A2_2,0.284,0.292,-0.361,0.008,-0.143,0.255,-0.439,0.216,1.0,0.009,0.045,-0.224,0.028,0.234,-0.084,0.123
7,A2_3,0.145,0.141,0.122,-0.321,0.576,-0.324,0.465,0.131,0.009,1.0,-0.111,-0.058,-0.026,-0.17,-0.208,-0.222
7,B2_1,-0.357,-0.221,-0.268,-0.094,0.091,-0.012,-0.51,0.07,0.045,-0.111,1.0,0.159,0.655,0.301,0.561,-0.215
7,B2_2,-0.04,0.498,-0.17,0.071,-0.133,0.144,0.101,-0.286,-0.224,-0.058,0.159,1.0,0.227,-0.2,0.01,-0.324
7,B2_3,-0.017,-0.45,-0.65,-0.529,-0.138,0.217,-0.162,0.049,0.028,-0.026,0.655,0.227,1.0,0.224,0.499,-0.392
7,y1,-0.265,-0.32,-0.238,0.366,0.077,-0.639,-0.401,0.007,0.234,-0.17,0.301,-0.2,0.224,1.0,-0.33,-0.504
7,y2,0.109,-0.289,-0.402,-0.287,-0.193,0.572,-0.403,0.132,-0.084,-0.208,0.561,0.01,0.499,-0.33,1.0,0.118
7,y3,-0.126,0.021,0.288,-0.098,-0.067,0.43,0.077,0.156,0.123,-0.222,-0.215,-0.324,-0.392,-0.504,0.118,1.0
8,.,1.0,0.208,-0.429,-0.307,-0.651,0.476,-0.094,-0.32,0.285,0.143,-0.357,-0.042,-0.015,-0.262,0.108,-0.128
8,A1_1,0.208,1.0,0.133,0.387,-0.016,0.13,-0.098,-0.344,0.293,0.142,-0.221,0.499,-0.45,-0.321,-0.29,0.02
8,A1_2,-0.429,0.133,1.0,0.208,0.41,-0.306,0.51,0.07,-0.36,0.123,-0.267,-0.169,-0.65,-0.239,-0.403,0.287
8,A1_3,-0.307,0.387,0.208,1.0,0.169,-0.446,-0.411,-0.27,0.008,-0.32,-0.094,0.071,-0.529,0.366,-0.287,-0.097
8,B1_1,-0.651,-0.016,0.41,0.169,1.0,-0.613,0.293,0.451,-0.143,0.576,0.091,-0.132,-0.138,0.075,-0.193,-0.066
8,B1_2,0.476,0.13,-0.306,-0.446,-0.613,1.0,-0.101,-0.033,0.255,-0.323,-0.012,0.145,0.216,-0.64,0.572,0.43
8,B1_3,-0.094,-0.098,0.51,-0.411,0.293,-0.101,1.0,0.134,-0.439,0.465,-0.51,0.102,-0.162,-0.401,-0.403,0.077
8,A2_1,-0.32,-0.344,0.07,-0.27,0.451,-0.033,0.134,1.0,0.216,0.131,0.069,-0.287,0.048,0.007,0.132,0.156
8,A2_2,0.285,0.293,-0.36,0.008,-0.143,0.255,-0.439,0.216,1.0,0.01,0.045,-0.225,0.027,0.233,-0.084,0.123
8,A2_3,0.143,0.142,0.123,-0.32,0.576,-0.323,0.465,0.131,0.01,1.0,-0.111,-0.057,-0.026,-0.171,-0.21,-0.224
8,B2_1,-0.357,-0.221,-0.267,-0.094,0.091,-0.012,-0.51,0.069,0.045,-0.111,1.0,0.159,0.655,0.299,0.561,-0.214
8,B2_2,-0.042,0.499,-0.169,0.071,-0.132,0.145,0.102,-0.287,-0.225,-0.057,0.159,1.0,0.227,-0.201,0.011,-0.323
8,B2_3,-0.015,-0.45,-0.65,-0.529,-0.138,0.216,-0.162,0.048,0.027,-0.026,0.655,0.227,1.0,0.224,0.5,-0.391
8,y1,-0.262,-0.321,-0.239,0.366,0.075,-0.64,-0.401,0.007,0.233,-0.171,0.299,-0.201,0.224,1.0,-0.329,-0.502
8,y2,0.108,-0.29,-0.403,-0.287,-0.193,0.572,-0.403,0.132,-0.084,-0.21,0.561,0.011,0.5,-0.329,1.0,0.117
8,y3,-0.128,0.02,0.287,-0.097,-0.066,0.43,0.077,0.156,0.123,-0.224,-0.214,-0.323,-0.391,-0.502,0.117,1.0
9,.,1.0,0.203,-0.432,-0.308,-0.653,0.474,-0.096,-0.317,0.285,0.14,-0.357,-0.044,-0.013,-0.258,0.106,-0.13
9,A1_1,0.203,1.0,0.134,0.387,-0.014,0.131,-0.097,-0.343,0.294,0.142,-0.22,0.5,-0.449,-0.322,-0.292,0.019
9,A1_2,-0.432,0.134,1.0,0.209,0.411,-0.304,0.511,0.07,-0.359,0.124,-0.267,-0.167,-0.649,-0.24,-0.403,0.287
9,A1_3,-0.308,0.387,0.209,1.0,0.17,-0.446,-0.41,-0.27,0.008,-0.32,-0.094,0.071,-0.53,0.366,-0.287,-0.096
9,B1_1,-0.653,-0.014,0.411,0.17,1.0,-0.611,0.294,0.45,-0.143,0.576,0.091,-0.13,-0.138,0.073,-0.193,-0.066
9,B1_2,0.474,0.131,-0.304,-0.446,-0.611,1.0,-0.1,-0.034,0.254,-0.322,-0.012,0.146,0.215,-0.641,0.572,0.43
9,B1_3,-0.096,-0.097,0.511,-0.41,0.294,-0.1,1.0,0.133,-0.439,0.465,-0.509,0.103,-0.162,-0.402,-0.403,0.077
9,A2_1,-0.317,-0.343,0.07,-0.27,0.45,-0.034,0.133,1.0,0.216,0.132,0.068,-0.288,0.047,0.007,0.132,0.157
9,A2_2,0.285,0.294,-0.359,0.008,-0.143,0.254,-0.439,0.216,1.0,0.011,0.044,-0.225,0.025,0.233,-0.085,0.123
9,A2_3,0.14,0.142,0.124,-0.32,0.576,-0.322,0.465,0.132,0.011,1.0,-0.111,-0.056,-0.026,-0.172,-0.211,-0.225
9,B2_1,-0.357,-0.22,-0.267,-0.094,0.091,-0.012,-0.509,0.068,0.044,-0.111,1.0,0.16,0.654,0.298,0.562,-0.213
9,B2_2,-0.044,0.5,-0.167,0.071,-0.13,0.146,0.103,-0.288,-0.225,-0.056,0.16,1.0,0.227,-0.202,0.011,-0.322
9,B2_3,-0.013,-0.449,-0.649,-0.53,-0.138,0.215,-0.162,0.047,0.025,-0.026,0.654,0.227,1.0,0.223,0.501,-0.391
9,y1,-0.258,-0.322,-0.24,0.366,0.073,-0.641,-0.402,0.007,0.233,-0.172,0.298,-0.202,0.223,1.0,-0.327,-0.5
9,y2,0.106,-0.292,-0.403,-0.287,-0.193,0.572,-0.403,0.132,-0.085,-0.211,0.562,0.011,0.501,-0.327,1.0,0.117
9,y3,-0.13,0.019,0.287,-0.096,-0.066,0.43,0.077,0.157,0.123,-0.225,-0.213,-0.322,-0.391,-0.5,0.117,1.0
10,.,1.0,0.199,-0.435,-0.309,-0.656,0.472,-0.098,-0.315,0.286,0.136,-0.358,-0.046,-0.012,-0.254,0.105,-0.132
10,A1_1,0.199,1.0,0.135,0.388,-0.013,0.132,-0.096,-0.342,0.294,0.143,-0.219,0.5,-0.449,-0.322,-0.293,0.017
10,A1_2,-0.435,0.135,1.0,0.209,0.412,-0.303,0.511,0.071,-0.358,0.125,-0.266,-0.165,-0.649,-0.241,-0.404,0.287
10,A1_3,-0.309,0.388,0.209,1.0,0.17,-0.445,-0.41,-0.27,0.009,-0.319,-0.093,0.071,-0.53,0.366,-0.287,-0.095
10,B1_1,-0.656,-0.013,0.412,0.17,1.0,-0.608,0.296,0.45,-0.143,0.576,0.092,-0.127,-0.138,0.071,-0.194,-0.066
10,B1_2,0.472,0.132,-0.303,-0.445,-0.608,1.0,-0.099,-0.034,0.253,-0.32,-0.011,0.147,0.215,-0.642,0.572,0.43
10,B1_3,-0.098,-0.096,0.511,-0.41,0.296,-0.099,1.0,0.133,-0.439,0.464,-0.508,0.104,-0.162,-0.403,-0.403,0.077
10,A2_1,-0.315,-0.342,0.071,-0.27,0.45,-0.034,0.133,1.0,0.216,0.133,0.067,-0.288,0.046,0.007,0.132,0.158
10,A2_2,0.286,0.294,-0.358,0.009,-0.143,0.253,-0.439,0.216,1.0,0.012,0.043,-0.226,0.024,0.233,-0.085,0.123
10,A2_3,0.136,0.143,0.125,-0.319,0.576,-0.32,0.464,0.133,0.012,1.0,-0.111,-0.056,-0.026,-0.174,-0.213,-0.226
10,B2_1,-0.358,-0.219,-0.266,-0.093,0.092,-0.011,-0.508,0.067,0.043,-0.111,1.0,0.162,0.654,0.296,0.562,-0.213
10,B2_2,-0.046,0.5,-0.165,0.071,-0.127,0.147,0.104,-0.288,-0.226,-0.056,0.162,1.0,0.227,-0.204,0.012,-0.322
10,B2_3,-0.012,-0.449,-0.649,-0.53,-0.138,0.215,-0.162,0.046,0.024,-0.026,0.654,0.227,1.0,0.222,0.502,-0.39
10,y1,-0.254,-0.322,-0.241,0.366,0.071,-0.642,-0.403,0.007,0.233,-0.174,0.296,-0.204,0.222,1.0,-0.325,-0.497
10,y2,0.105,-0.293,-0.404,-0.287,-0.194,0.572,-0.403,0.132,-0.085,-0.213,0.562,0.012,0.502,-0.325,1.0,0.116
10,y3,-0.132,0.017,0.287,-0.095,-0.066,0.43,0.077,0.158,0.123,-0.226,-0.213,-0.322,-0.39,-0.497,0.116,1.0
11,.,1.0,0.195,-0.438,-0.309,-0.659,0.469,-0.1,-0.312,0.286,0.133,-0.359,-0.049,-0.011,-0.249,0.103,-0.133
11,A1_1,0.195,1.0,0.137,0.389,-0.012,0.133,-0.095,-0.342,0.295,0.144,-0.218,0.5,-0.449,-0.323,-0.295,0.016
11,A1_2,-0.438,0.137,1.0,0.21,0.413,-0.301,0.512,0.071,-0.357,0.126,-0.265,-0.163,-0.649,-0.242,-0.405,0.286
11,A1_3,-0.309,0.389,0.21,1.0,0.171,-0.445,-0.409,-0.271,0.009,-0.317,-0.093,0.071,-0.531,0.366,-0.287,-0.094
11,B1_1,-0.659,-0.012,0.413,0.171,1.0,-0.605,0.297,0.449,-0.144,0.576,0.093,-0.123,-0.137,0.068,-0.194,-0.066
11,B1_2,0.469,0.133,-0.301,-0.445,-0.605,1.0,-0.098,-0.034,0.252,-0.319,-0.01,0.148,0.215,-0.643,0.572,0.43
11,B1_3,-0.1,-0.095,0.512,-0.409,0.297,-0.098,1.0,0.133,-0.44,0.464,-0.506,0.106,-0.161,-0.404,-0.403,0.077
11,A2_1,-0.312,-0.342,0.071,-0.271,0.449,-0.034,0.133,1.0,0.216,0.133,0.066,-0.288,0.045,0.007,0.132,0.158
11,A2_2,0.286,0.295,-0.357,0.009,-0.144,0.252,-0.44,0.216,1.0,0.013,0.042,-0.228,0.022,0.233,-0.086,0.123
11,A2_3,0.133,0.144,0.126,-0.317,0.576,-0.319,0.464,0.133,0.013,1.0,-0.111,-0.055,-0.026,-0.175,-0.215,-0.228
11,B2_1,-0.359,-0.218,-0.265,-0.093,0.093,-0.01,-0.506,0.066,0.042,-0.111,1.0,0.164,0.654,0.294,0.562,-0.212
11,B2_2,-0.049,0.5,-0.163,0.071,-0.123,0.148,0.106,-0.288,-0.228,-0.055,0.164,1.0,0.227,-0.205,0.012,-0.321
11,B2_3,-0.011,-0.449,-0.649,-0.531,-0.137,0.215,-0.161,0.045,0.022,-0.026,0.654,0.227,1.0,0.221,0.503,-0.39
11,y1,-0.249,-0.323,-0.242,0.366,0.068,-0.643,-0.404,0.007,0.233,-0.175,0.294,-0.205,0.221,1.0,-0.324,-0.494
11,y2,0.103,-0.295,-0.405,-0.287,-0.194,0.572,-0.403,0.132,-0.086,-0.215,0.562,0.012,0.503,-0.324,1.0,0.116
11,y3,-0.133,0.016,0.286,-0.094,-0.066,0.43,0.077,0.158,0.123,-0.228,-0.212,-0.321,-0.39,-0.494,0.116,1.0
12,.,1.0,0.19,-0.44,-0.309,-0.663,0.465,-0.103,-0.31,0.287,0.128,-0.361,-0.053,-0.011,-0.244,0.102,-0.133
12,A1_1,0.19,1.0,0.138,0.389,-0.011,0.134,-0.094,-0.341,0.295,0.145,-0.217,0.5,-0.448,-0.323,-0.297,0.014
12,A1_2,-0.44,0.138,1.0,0.211,0.414,-0.299,0.513,0.071,-0.355,0.127,-0.264,-0.161,-0.648,-0.243,-0.406,0.285
12,A1_3,-0.309,0.389,0.211,1.0,0.171,-0.445,-0.408,-0.271,0.01,-0.316,-0.093,0.07,-0.531,0.366,-0.287,-0.093
12,B1_1,-0.663,-0.011,0.414,0.171,1.0,-0.601,0.299,0.449,-0.144,0.576,0.094,-0.12,-0.136,0.066,-0.195,-0.067
12,B1_2,0.465,0.134,-0.299,-0.445,-0.601,1.0,-0.097,-0.034,0.251,-0.318,-0.008,0.149,0.215,-0.644,0.573,0.43
12,B1_3,-0.103,-0.094,0.513,-0.408,0.299,-0.097,1.0,0.133,-0.44,0.464,-0.505,0.108,-0.161,-0.404,-0.404,0.076
12,A2_1,-0.31,-0.341,0.071,-0.271,0.449,-0.034,0.133,1.0,0.216,0.134,0.066,-0.288,0.044,0.006,0.132,0.159
12,A2_2,0.287,0.295,-0.355,0.01,-0.144,0.251,-0.44,0.216,1.0,0.014,0.04,-0.229,0.021,0.232,-0.086,0.123
12,A2_3,0.128,0.145,0.127,-0.316,0.576,-0.318,0.464,0.134,0.014,1.0,-0.111,-0.054,-0.026,-0.177,-0.217,-0.229
12,B2_1,-0.361,-0.217,-0.264,-0.093,0.094,-0.008,-0.505,0.066,0.04,-0.111,1.0,0.166,0.654,0.292,0.563,-0.212
12,B2_2,-0.053,0.5,-0.161,0.07,-0.12,0.149,0.108,-0.288,-0.229,-0.054,0.166,1.0,0.228,-0.207,0.013,-0.321
12,B2_3,-0.011,-0.448,-0.648,-0.531,-0.136,0.215,-0.161,0.044,0.021,-0.026,0.654,0.228,1.0,0.22,0.504,-0.39
12,y1,-0.244,-0.323,-0.243,0.366,0.066,-0.644,-0.404,0.006,0.232,-0.177,0.292,-0.207,0.22,1.0,-0.322,-0.491
12,y2,0.102,-0.297,-0.406,-0.287,-0.195,0.573,-0.404,0.132,-0.086,-0.217,0.563,0.013,0.504,-0.322,1.0,0.115
12,y3,-0.133,0.014,0.285,-0.093,-0.067,0.43,0.076,0.159,0.123,-0.229,-0.212,-0.321,-0.39,-0.491,0.115,1.0
13,.,1.0,0.186,-0.443,-0.309,-0.667,0.461,-0.106,-0.308,0.287,0.123,-0.362,-0.057,-0.011,-0.238,0.101,-0.134
13,A1_1,0.186,1.0,0.139,0.39,-0.009,0.135,-0.093,-0.341,0.296,0.146,-0.217,0.5,-0.448,-0.324,-0.298,0.013
13,A1_2,-0.443,0.139,1.0,0.212,0.415,-0.297,0.513,0.071,-0.354,0.128,-0.263,-0.158,-0.648,-0.244,-0.407,0.284
13,A1_3,-0.309,0.39,0.212,1.0,0.172,-0.446,-0.408,-0.271,0.01,-0.315,-0.093,0.07,-0.532,0.366,-0.287,-0.092
13,B1_1,-0.667,-0.009,0.415,0.172,1.0,-0.597,0.3,0.448,-0.144,0.575,0.096,-0.115,-0.135,0.063,-0.196,-0.067
13,B1_2,0.461,0.135,-0.297,-0.446,-0.597,1.0,-0.096,-0.033,0.249,-0.316,-0.007,0.15,0.215,-0.645,0.574,0.43
13,B1_3,-0.106,-0.093,0.513,-0.408,0.3,-0.096,1.0,0.133,-0.44,0.464,-0.502,0.11,-0.16,-0.405,-0.404,0.075
13,A2_1,-0.308,-0.341,0.071,-0.271,0.448,-0.033,0.133,1.0,0.216,0.134,0.065,-0.288,0.043,0.006,0.131,0.159
13,A2_2,0.287,0.296,-0.354,0.01,-0.144,0.249,-0.44,0.216,1.0,0.015,0.039,-0.23,0.019,0.232,-0.087,0.124
13,A2_3,0.123,0.146,0.128,-0.315,0.575,-0.316,0.464,0.134,0.015,1.0,-0.11,-0.052,-0.027,-0.179,-0.22,-0.231
13,B2_1,-0.362,-0.217,-0.263,-0.093,0.096,-0.007,-0.502,0.065,0.039,-0.11,1.0,0.168,0.655,0.29,0.563,-0.212
13,B2_2,-0.057,0.5,-0.158,0.07,-0.115,0.15,0.11,-0.288,-0.23,-0.052,0.168,1.0,0.229,-0.208,0.013,-0.32
13,B2_3,-0.011,-0.448,-0.648,-0.532,-0.135,0.215,-0.16,0.043,0.019,-0.027,0.655,0.229,1.0,0.219,0.505,-0.389
13,y1,-0.238,-0.324,-0.244,0.366,0.063,-0.645,-0.405,0.006,0.232,-0.179,0.29,-0.208,0.219,1.0,-0.32,-0.488
13,y2,0.101,-0.298,-0.407,-0.287,-0.196,0.574,-0.404,0.131,-0.087,-0.22,0.563,0.013,0.505,-0.32,1.0,0.115
13,y3,-0.134,0.013,0.284,-0.092,-0.067,0.43,0.075,0.159,0.124,-0.231,-0.212,-0.32,-0.389,-0.488,0.115,1.0
14,.,1.0,0.181,-0.445,-0.308,-0.672,0.457,-0.11,-0.306,0.288,0.118,-0.365,-0.062,-0.012,-0.232,0.099,-0.133
14,A1_1,0.181,1.0,0.141,0.391,-0.008,0.136,-0.093,-0.34,0.297,0.147,-0.216,0.499,-0.448,-0.324,-0.3,0.011
14,A1_2,-0.445,0.141,1.0,0.213,0.416,-0.295,0.514,0.071,-0.352,0.129,-0.262,-0.156,-0.647,-0.246,-0.408,0.283
14,A1_3,-0.308,0.391,0.213,1.0,0.172,-0.446,-0.407,-0.271,0.011,-0.314,-0.094,0.069,-0.532,0.366,-0.287,-0.091
14,B1_1,-0.672,-0.008,0.416,0.172,1.0,-0.593,0.302,0.448,-0.145,0.575,0.097,-0.109,-0.133,0.059,-0.197,-0.068
14,B1_2,0.457,0.136,-0.295,-0.446,-0.593,1.0,-0.094,-0.033,0.247,-0.315,-0.005,0.151,0.215,-0.645,0.575,0.431
14,B1_3,-0.11,-0.093,0.514,-0.407,0.302,-0.094,1.0,0.133,-0.44,0.464,-0.5,0.112,-0.159,-0.406,-0.404,0.075
14,A2_1,-0.306,-0.34,0.071,-0.271,0.448,-0.033,0.133,1.0,0.217,0.135,0.064,-0.287,0.042,0.005,0.13,0.159
14,A2_2,0.288,0.297,-0.352,0.011,-0.145,0.247,-0.44,0.217,1.0,0.016,0.037,-0.232,0.017,0.233,-0.087,0.124
14,A2_3,0.118,0.147,0.129,-0.314,0.575,-0.315,0.464,0.135,0.016,1.0,-0.11,-0.051,-0.027,-0.181,-0.222,-0.233
14,B2_1,-0.365,-0.216,-0.262,-0.094,0.097,-0.005,-0.5,0.064,0.037,-0.11,1.0,0.171,0.655,0.287,0.562,-0.212
14,B2_2,-0.062,0.499,-0.156,0.069,-0.109,0.151,0.112,-0.287,-0.232,-0.051,0.171,1.0,0.23,-0.21,0.014,-0.32
14,B2_3,-0.012,-0.448,-0.647,-0.532,-0.133,0.215,-0.159,0.042,0.017,-0.027,0.655,0.23,1.0,0.218,0.506,-0.389
14,y1,-0.232,-0.324,-0.246,0.366,0.059,-0.645,-0.406,0.005,0.233,-0.181,0.287,-0.21,0.218,1.0,-0.318,-0.485
14,y2,0.099,-0.3,-0.408,-0.287,-0.197,0.575,-0.404,0.13,-0.087,-0.222,0.562,0.014,0.506,-0.318,1.0,0.114
14,y3,-0.133,0.011,0.283,-0.091,-0.068,0.431,0.075,0.159,0.124,-0.233,-0.212,-0.32,-0.389,-0.485,0.114,1.0
15,.,1.0,0.177,-0.448,-0.307,-0.676,0.452,-0.115,-0.304,0.288,0.113,-0.367,-0.068,-0.013,-0.225,0.099,-0.132
15,A1_1,0.177,1.0,0.142,0.392,-0.007,0.136,-0.092,-0.339,0.298,0.148,-0.216,0.498,-0.448,-0.324,-0.302,0.01
15,A1_2,-0.448,0.142,1.0,0.214,0.417,-0.293,0.515,0.071,-0.351,0.13,-0.261,-0.153,-0.646,-0.247,-0.41,0.282
15,A1_3,-0.307,0.392,0.214,1.0,0.172,-0.447,-0.406,-0.271,0.012,-0.313,-0.094,0.068,-0.533,0.366,-0.287,-0.09
15,B1_1,-0.676,-0.007,0.417,0.172,1.0,-0.588,0.305,0.447,-0.145,0.575,0.1,-0.103,-0.131,0.055,-0.198,-0.07
15,B1_2,0.452,0.136,-0.293,-0.447,-0.588,1.0,-0.093,-0.032,0.245,-0.313,-0.003,0.152,0.215,-0.646,0.576,0.431
15,B1_3,-0.115,-0.092,0.515,-0.406,0.305,-0.093,1.0,0.133,-0.441,0.464,-0.497,0.115,-0.157,-0.408,-0.404,0.074
15,A2_1,-0.304,-0.339,0.071,-0.271,0.447,-0.032,0.133,1.0,0.217,0.136,0.064,-0.286,0.041,0.005,0.13,0.159
15,A2_2,0.288,0.298,-0.351,0.012,-0.145,0.245,-0.441,0.217,1.0,0.017,0.036,-0.234,0.015,0.233,-0.087,0.124
15,A2_3,0.113,0.148,0.13,-0.313,0.575,-0.313,0.464,0.136,0.017,1.0,-0.11,-0.049,-0.027,-0.183,-0.225,-0.235
15,B2_1,-0.367,-0.216,-0.261,-0.094,0.1,-0.003,-0.497,0.064,0.036,-0.11,1.0,0.174,0.655,0.284,0.562,-0.211
15,B2_2,-0.068,0.498,-0.153,0.068,-0.103,0.152,0.115,-0.286,-0.234,-0.049,0.174,1.0,0.232,-0.212,0.014,-0.32
15,B2_3,-0.013,-0.448,-0.646,-0.533,-0.131,0.215,-0.157,0.041,0.015,-0.027,0.655,0.232,1.0,0.216,0.506,-0.389
15,y1,-0.225,-0.324,-0.247,0.366,0.055,-0.646,-0.408,0.005,0.233,-0.183,0.284,-0.212,0.216,1.0,-0.316,-0.481
15,y2,0.099,-0.302,-0.41,-0.287,-0.198,0.576,-0.404,0.13,-0.087,-0.225,0.562,0.014,0.506,-0.316,1.0,0.114
15,y3,-0.132,0.01,0.282,-0.09,-0.07,0.431,0.074,0.159,0.124,-0.235,-0.211,-0.32,-0.389,-0.481,0.114,1.0
16,.,1.0,0.172,-0.451,-0.305,-0.682,0.446,-0.12,-0.302,0.289,0.106,-0.37,-0.075,-0.015,-0.218,0.098,-0.131
16,A1_1,0.172,1.0,0.144,0.393,-0.006,0.137,-0.091,-0.338,0.299,0.149,-0.215,0.497,-0.448,-0.325,-0.304,0.008
16,A1_2,-0.451,0.144,1.0,0.215,0.418,-0.291,0.516,0.071,-0.349,0.131,-0.26,-0.15,-0.645,-0.249,-0.411,0.28
16,A1_3,-0.305,0.393,0.215,1.0,0.172,-0.447,-0.405,-0.271,0.013,-0.311,-0.094,0.068,-0.533,0.366,-0.287,-0.089
16,B1_1,-0.682,-0.006,0.418,0.172,1.0,-0.583,0.307,0.447,-0.146,0.574,0.102,-0.097,-0.129,0.052,-0.199,-0.071
16,B1_2,0.446,0.137,-0.291,-0.447,-0.583,1.0,-0.091,-0.031,0.243,-0.311,-0.001,0.153,0.216,-0.647,0.578,0.431
16,B1_3,-0.12,-0.091,0.516,-0.405,0.307,-0.091,1.0,0.133,-0.441,0.464,-0.493,0.118,-0.156,-0.409,-0.404,0.072
16,A2_1,-0.302,-0.338,0.071,-0.271,0.447,-0.031,0.133,1.0,0.217,0.136,0.063,-0.285,0.04,0.004,0.129,0.159
16,A2_2,0.289,0.299,-0.349,0.013,-0.146,0.243,-0.441,0.217,1.0,0.018,0.034,-0.236,0.012,0.233,-0.087,0.125
16,A2_3,0.106,0.149,0.131,-0.311,0.574,-0.311,0.464,0.136,0.018,1.0,-0.109,-0.048,-0.027,-0.185,-0.228,-0.237
16,B2_1,-0.37,-0.215,-0.26,-0.094,0.102,-0.001,-0.493,0.063,0.034,-0.109,1.0,0.178,0.656,0.281,0.561,-0.212
16,B2_2,-0.075,0.497,-0.15,0.068,-0.097,0.153,0.118,-0.285,-0.236,-0.048,0.178,1.0,0.234,-0.214,0.014,-0.32
16,B2_3,-0.015,-0.448,-0.645,-0.533,-0.129,0.216,-0.156,0.04,0.012,-0.027,0.656,0.234,1.0,0.214,0.506,-0.389
16,y1,-0.218,-0.325,-0.249,0.366,0.052,-0.647,-0.409,0.004,0.233,-0.185,0.281,-0.214,0.214,1.0,-0.314,-0.477
16,y2,0.098,-0.304,-0.411,-0.287,-0.199,0.578,-0.404,0.129,-0.087,-0.228,0.561,0.014,0.506,-0.314,1.0,0.114
16,y3,-0.131,0.008,0.28,-0.089,-0.071,0.431,0.072,0.159,0.125,-0.237,-0.212,-0.32,-0.389,-0.477,0.114,1.0
17,.,1.0,0.168,-0.454,-0.303,-0.687,0.44,-0.126,-0.301,0.29,0.1,-0.373,-0.082,-0.017,-0.21,0.098,-0.129
17,A1_1,0.168,1.0,0.146,0.394,-0.005,0.137,-0.09,-0.337,0.3,0.15,-0.214,0.496,-0.448,-0.325,-0.306,0.007
17,A1_2,-0.454,0.146,1.0,0.216,0.419,-0.288,0.516,0.071,-0.347,0.131,-0.259,-0.146,-0.644,-0.25,-0.413,0.279
17,A1_3,-0.303,0.394,0.216,1.0,0.172,-0.448,-0.404,-0.271,0.014,-0.31,-0.095,0.067,-0.534,0.366,-0.287,-0.088
17,B1_1,-0.687,-0.005,0.419,0.172,1.0,-0.577,0.311,0.446,-0.146,0.574,0.105,-0.089,-0.126,0.047,-0.201,-0.073
17,B1_2,0.44,0.137,-0.288,-0.448,-0.577,1.0,-0.089,-0.03,0.241,-0.309,0.002,0.155,0.217,-0.648,0.58,0.431
17,B1_3,-0.126,-0.09,0.516,-0.404,0.311,-0.089,1.0,0.133,-0.442,0.464,-0.489,0.121,-0.154,-0.41,-0.405,0.071
17,A2_1,-0.301,-0.337,0.071,-0.271,0.446,-0.03,0.133,1.0,0.217,0.137,0.062,-0.284,0.039,0.003,0.127,0.159
17,A2_2,0.29,0.3,-0.347,0.014,-0.146,0.241,-0.442,0.217,1.0,0.019,0.031,-0.238,0.009,0.234,-0.087,0.126
17,A2_3,0.1,0.15,0.131,-0.31,0.574,-0.309,0.464,0.137,0.019,1.0,-0.109,-0.046,-0.027,-0.187,-0.231,-0.239
17,B2_1,-0.373,-0.214,-0.259,-0.095,0.105,0.002,-0.489,0.062,0.031,-0.109,1.0,0.182,0.657,0.278,0.56,-0.212
17,B2_2,-0.082,0.496,-0.146,0.067,-0.089,0.155,0.121,-0.284,-0.238,-0.046,0.182,1.0,0.236,-0.216,0.014,-0.32
17,B2_3,-0.017,-0.448,-0.644,-0.534,-0.126,0.217,-0.154,0.039,0.009,-0.027,0.657,0.236,1.0,0.212,0.507,-0.389
17,y1,-0.21,-0.325,-0.25,0.366,0.047,-0.648,-0.41,0.003,0.234,-0.187,0.278,-0.216,0.212,1.0,-0.312,-0.473
17,y2,0.098,-0.306,-0.413,-0.287,-0.201,0.58,-0.405,0.127,-0.087,-0.231,0.56,0.014,0.507,-0.312,1.0,0.114
17,y3,-0.129,0.007,0.279,-0.088,-0.073,0.431,0.071,0.159,0.126,-0.239,-0.212,-0.32,-0.389,-0.473,0.114,1.0
18,.,1.0,0.163,-0.456,-0.3,-0.693,0.432,-0.132,-0.3,0.29,0.093,-0.376,-0.091,-0.02,-0.202,0.097,-0.126
18,A1_1,0.163,1.0,0.148,0.395,-0.004,0.137,-0.09,-0.337,0.301,0.151,-0.214,0.494,-0.448,-0.325,-0.308,0.005
18,A1_2,-0.456,0.148,1.0,0.217,0.419,-0.285,0.517,0.071,-0.345,0.133,-0.257,-0.143,-0.642,-0.252,-0.415,0.277
18,A1_3,-0.3,0.395,0.217,1.0,0.172,-0.449,-0.403,-0.271,0.015,-0.309,-0.095,0.066,-0.534,0.366,-0.287,-0.086
18,B1_1,-0.693,-0.004,0.419,0.172,1.0,-0.57,0.314,0.446,-0.147,0.573,0.109,-0.081,-0.122,0.043,-0.203,-0.076
18,B1_2,0.432,0.137,-0.285,-0.449,-0.57,1.0,-0.086,-0.029,0.238,-0.307,0.004,0.156,0.218,-0.649,0.582,0.432
18,B1_3,-0.132,-0.09,0.517,-0.403,0.314,-0.086,1.0,0.134,-0.442,0.464,-0.485,0.125,-0.151,-0.412,-0.405,0.069
18,A2_1,-0.3,-0.337,0.071,-0.271,0.446,-0.029,0.134,1.0,0.217,0.138,0.062,-0.282,0.039,0.002,0.126,0.159
18,A2_2,0.29,0.301,-0.345,0.015,-0.147,0.238,-0.442,0.217,1.0,0.021,0.029,-0.241,0.006,0.234,-0.087,0.127
18,A2_3,0.093,0.151,0.133,-0.309,0.573,-0.307,0.464,0.138,0.021,1.0,-0.108,-0.043,-0.027,-0.189,-0.234,-0.242
18,B2_1,-0.376,-0.214,-0.257,-0.095,0.109,0.004,-0.485,0.062,0.029,-0.108,1.0,0.187,0.657,0.275,0.559,-0.212
18,B2_2,-0.091,0.494,-0.143,0.066,-0.081,0.156,0.125,-0.282,-0.241,-0.043,0.187,1.0,0.239,-0.218,0.014,-0.321
18,B2_3,-0.02,-0.448,-0.642,-0.534,-0.122,0.218,-0.151,0.039,0.006,-0.027,0.657,0.239,1.0,0.21,0.507,-0.389
18,y1,-0.202,-0.325,-0.252,0.366,0.043,-0.649,-0.412,0.002,0.234,-0.189,0.275,-0.218,0.21,1.0,-0.31,-0.469
18,y2,0.097,-0.308,-0.415,-0.287,-0.203,0.582,-0.405,0.126,-0.087,-0.234,0.559,0.014,0.507,-0.31,1.0,0.114
18,y3,-0.126,0.005,0.277,-0.086,-0.076,0.432,0.069,0.159,0.127,-0.242,-0.212,-0.321,-0.389,-0.469,0.114,1.0
19,.,1.0,0.159,-0.458,-0.297,-0.699,0.424,-0.139,-0.299,0.291,0.087,-0.38,-0.1,-0.024,-0.193,0.098,-0.123
19,A1_1,0.159,1.0,0.15,0.396,-0.004,0.137,-0.089,-0.336,0.302,0.153,-0.214,0.492,-0.448,-0.326,-0.31,0.004
19,A1_2,-0.458,0.15,1.0,0.219,0.42,-0.282,0.518,0.071,-0.343,0.134,-0.256,-0.138,-0.641,-0.254,-0.417,0.274
19,A1_3,-0.297,0.396,0.219,1.0,0.172,-0.45,-0.402,-0.271,0.016,-0.307,-0.095,0.064,-0.535,0.367,-0.287,-0.085
19,B1_1,-0.699,-0.004,0.42,0.172,1.0,-0.562,0.318,0.445,-0.148,0.572,0.113,-0.071,-0.118,0.037,-0.205,-0.078
19,B1_2,0.424,0.137,-0.282,-0.45,-0.562,1.0,-0.084,-0.027,0.235,-0.304,0.008,0.157,0.219,-0.65,0.584,0.432
19,B1_3,-0.139,-0.089,0.518,-0.402,0.318,-0.084,1.0,0.134,-0.443,0.464,-0.479,0.13,-0.148,-0.414,-0.405,0.066
19,A2_1,-0.299,-0.336,0.071,-0.271,0.445,-0.027,0.134,1.0,0.218,0.138,0.062,-0.279,0.038,0.001,0.124,0.158
19,A2_2,0.291,0.302,-0.343,0.016,-0.148,0.235,-0.443,0.218,1.0,0.022,0.026,-0.244,0.003,0.235,-0.087,0.128
19,A2_3,0.087,0.153,0.134,-0.307,0.572,-0.304,0.464,0.138,0.022,1.0,-0.107,-0.041,-0.027,-0.191,-0.237,-0.244
19,B2_1,-0.38,-0.214,-0.256,-0.095,0.113,0.008,-0.479,0.062,0.026,-0.107,1.0,0.193,0.658,0.271,0.558,-0.213
19,B2_2,-0.1,0.492,-0.138,0.064,-0.071,0.157,0.13,-0.279,-0.244,-0.041,0.193,1.0,0.243,-0.221,0.014,-0.321
19,B2_3,-0.024,-0.448,-0.641,-0.535,-0.118,0.219,-0.148,0.038,0.003,-0.027,0.658,0.243,1.0,0.208,0.506,-0.389
19,y1,-0.193,-0.326,-0.254,0.367,0.037,-0.65,-0.414,0.001,0.235,-0.191,0.271,-0.221,0.208,1.0,-0.307,-0.464
19,y2,0.098,-0.31,-0.417,-0.287,-0.205,0.584,-0.405,0.124,-0.087,-0.237,0.558,0.014,0.506,-0.307,1.0,0.115
19,y3,-0.123,0.004,0.274,-0.085,-0.078,0.432,0.066,0.158,0.128,-0.244,-0.213,-0.321,-0.389,-0.464,0.115,1.0
20,.,1.0,0.155,-0.46,-0.294,-0.705,0.415,-0.147,-0.298,0.291,0.079,-0.385,-0.111,-0.028,-0.183,0.098,-0.119
20,A1_1,0.155,1.0,0.152,0.397,-0.003,0.137,-0.089,-0.335,0.304,0.154,-0.213,0.489,-0.448,-0.326,-0.311,0.002
20,A1_2,-0.46,0.152,1.0,0.22,0.421,-0.279,0.519,0.072,-0.34,0.135,-0.254,-0.134,-0.639,-0.256,-0.42,0.272
20,A1_3,-0.294,0.397,0.22,1.0,0.172,-0.452,-0.401,-0.271,0.017,-0.305,-0.096,0.063,-0.535,0.367,-0.288,-0.084
20,B1_1,-0.705,-0.003,0.421,0.172,1.0,-0.554,0.322,0.445,-0.149,0.571,0.117,-0.06,-0.113,0.032,-0.207,-0.081
20,B1_2,0.415,0.137,-0.279,-0.452,-0.554,1.0,-0.081,-0.025,0.232,-0.302,0.012,0.159,0.221,-0.651,0.587,0.432
20,B1_3,-0.147,-0.089,0.519,-0.401,0.322,-0.081,1.0,0.135,-0.443,0.463,-0.474,0.135,-0.145,-0.416,-0.406,0.064
20,A2_1,-0.298,-0.335,0.072,-0.271,0.445,-0.025,0.135,1.0,0.218,0.139,0.061,-0.276,0.037,0.0,0.122,0.158
20,A2_2,0.291,0.304,-0.34,0.017,-0.149,0.232,-0.443,0.218,1.0,0.023,0.023,-0.247,-0.001,0.236,-0.087,0.129
20,A2_3,0.079,0.154,0.135,-0.305,0.571,-0.302,0.463,0.139,0.023,1.0,-0.107,-0.038,-0.027,-0.194,-0.241,-0.247
20,B2_1,-0.385,-0.213,-0.254,-0.096,0.117,0.012,-0.474,0.061,0.023,-0.107,1.0,0.198,0.659,0.267,0.556,-0.213
20,B2_2,-0.111,0.489,-0.134,0.063,-0.06,0.159,0.135,-0.276,-0.247,-0.038,0.198,1.0,0.246,-0.224,0.014,-0.322
20,B2_3,-0.028,-0.448,-0.639,-0.535,-0.113,0.221,-0.145,0.037,-0.001,-0.027,0.659,0.246,1.0,0.205,0.506,-0.389
20,y1,-0.183,-0.326,-0.256,0.367,0.032,-0.651,-0.416,0.0,0.236,-0.194,0.267,-0.224,0.205,1.0,-0.305,-0.459
20,y2,0.098,-0.311,-0.42,-0.288,-0.207,0.587,-0.406,0.122,-0.087,-0.241,0.556,0.014,0.506,-0.305,1.0,0.116
20,y3,-0.119,0.002,0.272,-0.084,-0.081,0.432,0.064,0.158,0.129,-0.247,-0.213,-0.322,-0.389,-0.459,0.116,1.0
21,.,1.0,0.15,-0.462,-0.29,-0.711,0.404,-0.155,-0.297,0.292,0.072,-0.389,-0.122,-0.033,-0.173,0.099,-0.114
21,A1_1,0.15,1.0,0.154,0.398,-0.002,0.137,-0.089,-0.334,0.305,0.155,-0.213,0.486,-0.448,-0.326,-0.313,0.0
21,A1_2,-0.462,0.154,1.0,0.222,0.421,-0.275,0.519,0.072,-0.338,0.136,-0.252,-0.129,-0.637,-0.258,-0.423,0.269
21,A1_3,-0.29,0.398,0.222,1.0,0.171,-0.453,-0.4,-0.271,0.018,-0.304,-0.097,0.061,-0.536,0.367,-0.288,-0.082
21,B1_1,-0.711,-0.002,0.421,0.171,1.0,-0.544,0.326,0.444,-0.151,0.571,0.122,-0.049,-0.108,0.026,-0.21,-0.085
21,B1_2,0.404,0.137,-0.275,-0.453,-0.544,1.0,-0.077,-0.022,0.228,-0.299,0.016,0.161,0.223,-0.653,0.59,0.432
21,B1_3,-0.155,-0.089,0.519,-0.4,0.326,-0.077,1.0,0.135,-0.444,0.463,-0.467,0.14,-0.141,-0.418,-0.406,0.061
21,A2_1,-0.297,-0.334,0.072,-0.271,0.444,-0.022,0.135,1.0,0.218,0.14,0.061,-0.273,0.037,-0.001,0.12,0.157
21,A2_2,0.292,0.305,-0.338,0.018,-0.151,0.228,-0.444,0.218,1.0,0.024,0.02,-0.25,-0.004,0.237,-0.087,0.13
21,A2_3,0.072,0.155,0.136,-0.304,0.571,-0.299,0.463,0.14,0.024,1.0,-0.106,-0.035,-0.027,-0.196,-0.245,-0.25
21,B2_1,-0.389,-0.213,-0.252,-0.097,0.122,0.016,-0.467,0.061,0.02,-0.106,1.0,0.205,0.661,0.262,0.554,-0.214
21,B2_2,-0.122,0.486,-0.129,0.061,-0.049,0.161,0.14,-0.273,-0.25,-0.035,0.205,1.0,0.251,-0.227,0.013,-0.323
21,B2_3,-0.033,-0.448,-0.637,-0.536,-0.108,0.223,-0.141,0.037,-0.004,-0.027,0.661,0.251,1.0,0.202,0.505,-0.389
21,y1,-0.173,-0.326,-0.258,0.367,0.026,-0.653,-0.418,-0.001,0.237,-0.196,0.262,-0.227,0.202,1.0,-0.302,-0.454
21,y2,0.099,-0.313,-0.423,-0.288,-0.21,0.59,-0.406,0.12,-0.087,-0.245,0.554,0.013,0.505,-0.302,1.0,0.116
21,y3,-0.114,0.0,0.269,-0.082,-0.085,0.432,0.061,0.157,0.13,-0.25,-0.214,-0.323,-0.389,-0.454,0.116,1.0
22,.,1.0,0.146,-0.464,-0.286,-0.718,0.393,-0.165,-0.296,0.293,0.065,-0.394,-0.135,-0.039,-0.162,0.101,-0.109
22,A1_1,0.146,1.0,0.156,0.4,-0.002,0.136,-0.088,-0.333,0.306,0.156,-0.213,0.482,-0.448,-0.326,-0.315,-0.001
22,A1_2,-0.464,0.156,1.0,0.224,0.421,-0.271,0.52,0.072,-0.335,0.137,-0.25,-0.124,-0.635,-0.261,-0.426,0.266
22,A1_3,-0.286,0.4,0.224,1.0,0.17,-0.455,-0.399,-0.271,0.019,-0.302,-0.098,0.059,-0.537,0.367,-0.288,-0.081
22,B1_1,-0.718,-0.002,0.421,0.17,1.0,-0.534,0.331,0.443,-0.152,0.569,0.127,-0.036,-0.102,0.02,-0.213,-0.089
22,B1_2,0.393,0.136,-0.271,-0.455,-0.534,1.0,-0.073,-0.019,0.224,-0.296,0.021,0.163,0.226,-0.654,0.593,0.432
22,B1_3,-0.165,-0.088,0.52,-0.399,0.331,-0.073,1.0,0.136,-0.445,0.463,-0.46,0.147,-0.137,-0.42,-0.407,0.058
22,A2_1,-0.296,-0.333,0.072,-0.271,0.443,-0.019,0.136,1.0,0.219,0.14,0.061,-0.269,0.036,-0.003,0.118,0.156
22,A2_2,0.293,0.306,-0.335,0.019,-0.152,0.224,-0.445,0.219,1.0,0.025,0.017,-0.253,-0.009,0.238,-0.086,0.132
22,A2_3,0.065,0.156,0.137,-0.302,0.569,-0.296,0.463,0.14,0.025,1.0,-0.105,-0.032,-0.027,-0.199,-0.249,-0.253
22,B2_1,-0.394,-0.213,-0.25,-0.098,0.127,0.021,-0.46,0.061,0.017,-0.105,1.0,0.212,0.662,0.257,0.552,-0.215
22,B2_2,-0.135,0.482,-0.124,0.059,-0.036,0.163,0.147,-0.269,-0.253,-0.032,0.212,1.0,0.255,-0.231,0.013,-0.324
22,B2_3,-0.039,-0.448,-0.635,-0.537,-0.102,0.226,-0.137,0.036,-0.009,-0.027,0.662,0.255,1.0,0.198,0.504,-0.39
22,y1,-0.162,-0.326,-0.261,0.367,0.02,-0.654,-0.42,-0.003,0.238,-0.199,0.257,-0.231,0.198,1.0,-0.299,-0.448
22,y2,0.101,-0.315,-0.426,-0.288,-0.213,0.593,-0.407,0.118,-0.086,-0.249,0.552,0.013,0.504,-0.299,1.0,0.117
22,y3,-0.109,-0.001,0.266,-0.081,-0.089,0.432,0.058,0.156,0.132,-0.253,-0.215,-0.324,-0.39,-0.448,0.117,1.0
23,.,1.0,0.142,-0.466,-0.282,-0.724,0.379,-0.174,-0.296,0.294,0.058,-0.399,-0.149,-0.045,-0.151,0.104,-0.102
23,A1_1,0.142,1.0,0.159,0.402,-0.001,0.135,-0.088,-0.331,0.308,0.158,-0.212,0.478,-0.448,-0.326,-0.317,-0.003
23,A1_2,-0.466,0.159,1.0,0.226,0.422,-0.267,0.521,0.071,-0.333,0.138,-0.248,-0.118,-0.633,-0.263,-0.429,0.263
23,A1_3,-0.282,0.402,0.226,1.0,0.169,-0.457,-0.398,-0.271,0.021,-0.3,-0.099,0.057,-0.537,0.367,-0.288,-0.079
23,B1_1,-0.724,-0.001,0.422,0.169,1.0,-0.522,0.337,0.442,-0.154,0.568,0.133,-0.021,-0.095,0.013,-0.216,-0.094
23,B1_2,0.379,0.135,-0.267,-0.457,-0.522,1.0,-0.068,-0.015,0.219,-0.293,0.027,0.166,0.229,-0.656,0.596,0.432
23,B1_3,-0.174,-0.088,0.521,-0.398,0.337,-0.068,1.0,0.137,-0.446,0.463,-0.452,0.154,-0.132,-0.423,-0.408,0.054
23,A2_1,-0.296,-0.331,0.071,-0.271,0.442,-0.015,0.137,1.0,0.219,0.141,0.06,-0.264,0.036,-0.004,0.115,0.154
23,A2_2,0.294,0.308,-0.333,0.021,-0.154,0.219,-0.446,0.219,1.0,0.027,0.013,-0.258,-0.013,0.24,-0.086,0.134
23,A2_3,0.058,0.158,0.138,-0.3,0.568,-0.293,0.463,0.141,0.027,1.0,-0.104,-0.028,-0.026,-0.202,-0.253,-0.256
23,B2_1,-0.399,-0.212,-0.248,-0.099,0.133,0.027,-0.452,0.06,0.013,-0.104,1.0,0.221,0.664,0.252,0.549,-0.216
23,B2_2,-0.149,0.478,-0.118,0.057,-0.021,0.166,0.154,-0.264,-0.258,-0.028,0.221,1.0,0.261,-0.235,0.012,-0.326
23,B2_3,-0.045,-0.448,-0.633,-0.537,-0.095,0.229,-0.132,0.036,-0.013,-0.026,0.664,0.261,1.0,0.194,0.503,-0.39
23,y1,-0.151,-0.326,-0.263,0.367,0.013,-0.656,-0.423,-0.004,0.24,-0.202,0.252,-0.235,0.194,1.0,-0.296,-0.442
23,y2,0.104,-0.317,-0.429,-0.288,-0.216,0.596,-0.408,0.115,-0.086,-0.253,0.549,0.012,0.503,-0.296,1.0,0.118
23,y3,-0.102,-0.003,0.263,-0.079,-0.094,0.432,0.054,0.154,0.134,-0.256,-0.216,-0.326,-0.39,-0.442,0.118,1.0
24,.,1.0,0.139,-0.467,-0.278,-0.73,0.364,-0.185,-0.295,0.294,0.051,-0.404,-0.165,-0.052,-0.139,0.107,-0.095
24,A1_1,0.139,1.0,0.161,0.403,-0.001,0.134,-0.088,-0.33,0.309,0.159,-0.212,0.473,-0.448,-0.325,-0.319,-0.004
24,A1_2,-0.467,0.161,1.0,0.228,0.422,-0.261,0.521,0.071,-0.33,0.139,-0.246,-0.112,-0.63,-0.266,-0.433,0.26
