,,.,A1_1,A1_2,A1_3,B1_1,B1_2,B1_3,A2_1,A2_2,A2_3,B2_1,B2_2,B2_3,y1,y2,y3
1,.,1.0,0.068,-0.298,-0.04,0.254,0.479,0.351,-0.225,-0.655,-0.113,0.275,0.491,0.548,-0.901,-0.879,-0.648
1,A1_1,0.068,1.0,0.736,0.787,-0.112,-0.326,0.058,0.355,0.102,-0.016,-0.394,-0.411,0.181,-0.122,-0.075,-0.505
1,A1_2,-0.298,0.736,1.0,0.626,-0.172,-0.353,-0.119,0.075,0.157,-0.331,-0.671,-0.617,-0.177,0.091,0.238,-0.337
1,A1_3,-0.04,0.787,0.626,1.0,0.163,-0.411,0.137,0.114,0.191,0.126,-0.535,-0.416,-0.191,0.103,0.134,-0.258
1,B1_1,0.254,-0.112,-0.172,0.163,1.0,0.675,0.926,-0.379,-0.464,-0.331,-0.004,0.097,-0.133,-0.373,0.065,0.041
1,B1_2,0.479,-0.326,-0.353,-0.411,0.675,1.0,0.76,-0.577,-0.811,-0.639,0.43,0.555,0.442,-0.703,-0.362,-0.017
1,B1_3,0.351,0.058,-0.119,0.137,0.926,0.76,1.0,-0.349,-0.491,-0.407,0.016,0.122,0.128,-0.532,-0.029,-0.115
1,A2_1,-0.225,0.355,0.075,0.114,-0.379,-0.577,-0.349,1.0,0.551,0.609,-0.054,-0.517,-0.22,0.356,0.202,-0.134
1,A2_2,-0.655,0.102,0.157,0.191,-0.464,-0.811,-0.491,0.551,1.0,0.68,-0.467,-0.686,-0.538,0.791,0.715,0.146
1,A2_3,-0.113,-0.016,-0.331,0.126,-0.331,-0.639,-0.407,0.609,0.68,1.0,0.07,-0.238,-0.208,0.466,0.178,-0.0
1,B2_1,0.275,-0.394,-0.671,-0.535,-0.004,0.43,0.016,-0.054,-0.467,0.07,1.0,0.787,0.631,-0.203,-0.487,0.313
1,B2_2,0.491,-0.411,-0.617,-0.416,0.097,0.555,0.122,-0.517,-0.686,-0.238,0.787,1.0,0.664,-0.415,-0.674,0.266
1,B2_3,0.548,0.181,-0.177,-0.191,-0.133,0.442,0.128,-0.22,-0.538,-0.208,0.631,0.664,1.0,-0.595,-0.711,-0.251
1,y1,-0.901,-0.122,0.091,0.103,-0.373,-0.703,-0.532,0.356,0.791,0.466,-0.203,-0.415,-0.595,1.0,0.778,0.657
1,y2,-0.879,-0.075,0.238,0.134,0.065,-0.362,-0.029,0.202,0.715,0.178,-0.487,-0.674,-0.711,0.778,1.0,0.47
1,y3,-0.648,-0.505,-0.337,-0.258,0.041,-0.017,-0.115,-0.134,0.146,-0.0,0.313,0.266,-0.251,0.657,0.47,1.0
2,.,1.0,0.013,0.04,0.042,0.142,0.154,-0.274,0.233,0.224,-0.231,0.02,-0.174,-0.012,-0.493,-0.741,-0.602
2,A1_1,0.013,1.0,0.694,0.886,0.109,-0.458,-0.02,0.32,0.077,-0.119,-0.12,-0.085,-0.105,-0.61,-0.291,-0.089
2,A1_2,0.04,0.694,1.0,0.803,-0.19,-0.314,-0.304,0.395,0.171,-0.356,-0.448,-0.367,-0.43,-0.313,-0.007,0.055
2,A1_3,0.042,0.886,0.803,1.0,0.054,-0.567,-0.191,0.256,0.001,-0.255,-0.305,-0.256,-0.415,-0.405,-0.078,0.138
2,B1_1,0.142,0.109,-0.19,0.054,1.0,0.433,0.8,-0.272,-0.532,-0.072,0.103,-0.396,-0.146,-0.106,-0.351,-0.053
2,B1_2,0.154,-0.458,-0.314,-0.567,0.433,1.0,0.573,-0.537,-0.374,-0.447,0.141,0.063,0.219,0.136,-0.338,-0.344
2,B1_3,-0.274,-0.02,-0.304,-0.191,0.8,0.573,1.0,-0.477,-0.375,0.0,0.06,-0.196,0.0,0.226,-0.058,0.151
2,A2_1,0.233,0.32,0.395,0.256,-0.272,-0.537,-0.477,1.0,0.532,0.53,-0.205,-0.408,-0.172,-0.406,-0.051,-0.096
2,A2_2,0.224,0.077,0.171,0.001,-0.532,-0.374,-0.375,0.532,1.0,0.438,-0.239,-0.202,-0.038,0.013,0.081,0.049
2,A2_3,-0.231,-0.119,-0.356,-0.255,-0.072,-0.447,0.0,0.53,0.438,1.0,0.195,-0.23,0.134,0.075,0.292,0.208
2,B2_1,0.02,-0.12,-0.448,-0.305,0.103,0.141,0.06,-0.205,-0.239,0.195,1.0,0.445,0.883,-0.45,-0.431,-0.633
2,B2_2,-0.174,-0.085,-0.367,-0.256,-0.396,0.063,-0.196,-0.408,-0.202,-0.23,0.445,1.0,0.682,-0.139,-0.154,-0.335
2,B2_3,-0.012,-0.105,-0.43,-0.415,-0.146,0.219,0.0,-0.172,-0.038,0.134,0.883,0.682,1.0,-0.44,-0.452,-0.698
2,y1,-0.493,-0.61,-0.313,-0.405,-0.106,0.136,0.226,-0.406,0.013,0.075,-0.45,-0.139,-0.44,1.0,0.817,0.799
2,y2,-0.741,-0.291,-0.007,-0.078,-0.351,-0.338,-0.058,-0.051,0.081,0.292,-0.431,-0.154,-0.452,0.817,1.0,0.895
2,y3,-0.602,-0.089,0.055,0.138,-0.053,-0.344,0.151,-0.096,0.049,0.208,-0.633,-0.335,-0.698,0.799,0.895,1.0
3,.,1.0,-0.262,-0.38,0.034,0.212,-0.119,0.011,-0.04,-0.516,0.104,0.263,0.159,-0.012,-0.689,-0.453,-0.604
3,A1_1,-0.262,1.0,0.675,0.868,-0.203,-0.498,0.079,0.25,-0.022,0.066,-0.126,-0.384,0.156,-0.292,-0.521,-0.287
3,A1_2,-0.38,0.675,1.0,0.74,-0.271,-0.108,-0.131,0.267,0.269,-0.178,-0.478,-0.397,-0.16,-0.157,-0.347,-0.162
3,A1_3,0.034,0.868,0.74,1.0,-0.18,-0.536,-0.059,0.271,-0.104,-0.022,-0.237,-0.427,-0.176,-0.474,-0.619,-0.369
3,B1_1,0.212,-0.203,-0.271,-0.18,1.0,0.443,0.689,-0.293,-0.736,-0.462,0.25,-0.099,-0.161,-0.199,-0.133,0.042
3,B1_2,-0.119,-0.498,-0.108,-0.536,0.443,1.0,0.585,-0.483,0.066,-0.44,-0.121,0.163,-0.01,0.005,-0.032,-0.037
3,B1_3,0.011,0.079,-0.131,-0.059,0.689,0.585,1.0,-0.354,-0.277,-0.198,0.114,-0.228,0.047,-0.415,-0.488,-0.305
3,A2_1,-0.04,0.25,0.267,0.271,-0.293,-0.483,-0.354,1.0,0.269,0.357,-0.514,-0.74,-0.353,-0.106,-0.001,0.067
3,A2_2,-0.516,-0.022,0.269,-0.104,-0.736,0.066,-0.277,0.269,1.0,0.452,-0.393,-0.2,-0.054,0.283,0.234,0.109
3,A2_3,0.104,0.066,-0.178,-0.022,-0.462,-0.44,-0.198,0.357,0.452,1.0,0.358,-0.198,0.297,-0.138,0.045,-0.269
3,B2_1,0.263,-0.126,-0.478,-0.237,0.25,-0.121,0.114,-0.514,-0.393,0.358,1.0,0.521,0.637,0.011,0.136,-0.158
3,B2_2,0.159,-0.384,-0.397,-0.427,-0.099,0.163,-0.228,-0.74,-0.2,-0.198,0.521,1.0,0.569,0.318,0.286,0.022
3,B2_3,-0.012,0.156,-0.16,-0.176,-0.161,-0.01,0.047,-0.353,-0.054,0.297,0.637,0.569,1.0,0.012,-0.044,-0.355
3,y1,-0.689,-0.292,-0.157,-0.474,-0.199,0.005,-0.415,-0.106,0.283,-0.138,0.011,0.318,0.012,1.0,0.925,0.9
3,y2,-0.453,-0.521,-0.347,-0.619,-0.133,-0.032,-0.488,-0.001,0.234,0.045,0.136,0.286,-0.044,0.925,1.0,0.862
3,y3,-0.604,-0.287,-0.162,-0.369,0.042,-0.037,-0.305,0.067,0.109,-0.269,-0.158,0.022,-0.355,0.9,0.862,1.0
4,.,1.0,-0.086,0.014,0.277,0.175,0.304,0.124,0.165,-0.242,-0.112,-0.215,-0.357,-0.183,-0.746,-0.68,-0.796
4,A1_1,-0.086,1.0,0.513,0.85,-0.169,-0.546,-0.191,0.354,-0.238,0.109,-0.149,-0.141,-0.095,0.033,-0.258,0.029
4,A1_2,0.014,0.513,1.0,0.721,-0.073,0.05,-0.258,0.177,0.014,-0.197,-0.479,-0.225,-0.358,-0.292,-0.255,-0.017
4,A1_3,0.277,0.85,0.721,1.0,-0.059,-0.318,-0.192,0.336,-0.253,0.026,-0.224,-0.384,-0.289,-0.338,-0.473,-0.228
4,B1_1,0.175,-0.169,-0.073,-0.059,1.0,0.727,0.908,-0.375,-0.417,-0.167,-0.007,-0.391,0.034,-0.371,-0.276,-0.487
4,B1_2,0.304,-0.546,0.05,-0.318,0.727,1.0,0.633,-0.383,-0.11,-0.282,-0.203,-0.131,0.098,-0.557,-0.352,-0.557
4,B1_3,0.124,-0.191,-0.258,-0.192,0.908,0.633,1.0,-0.466,-0.227,-0.169,-0.033,-0.208,-0.007,-0.325,-0.236,-0.458
4,A2_1,0.165,0.354,0.177,0.336,-0.375,-0.383,-0.466,1.0,0.237,0.57,-0.493,-0.582,-0.327,0.142,0.028,0.187
4,A2_2,-0.242,-0.238,0.014,-0.253,-0.417,-0.11,-0.227,0.237,1.0,0.523,-0.235,0.008,-0.244,0.019,0.184,0.308
4,A2_3,-0.112,0.109,-0.197,0.026,-0.167,-0.282,-0.169,0.57,0.523,1.0,0.154,-0.362,0.171,0.018,-0.078,0.085
4,B2_1,-0.215,-0.149,-0.479,-0.224,-0.007,-0.203,-0.033,-0.493,-0.235,0.154,1.0,0.436,0.711,0.112,0.006,-0.02
4,B2_2,-0.357,-0.141,-0.225,-0.384,-0.391,-0.131,-0.208,-0.582,0.008,-0.362,0.436,1.0,0.567,0.217,0.103,0.133
4,B2_3,-0.183,-0.095,-0.358,-0.289,0.034,0.098,-0.007,-0.327,-0.244,0.171,0.711,0.567,1.0,-0.024,-0.266,-0.23
4,y1,-0.746,0.033,-0.292,-0.338,-0.371,-0.557,-0.325,0.142,0.019,0.018,0.112,0.217,-0.024,1.0,0.903,0.907
4,y2,-0.68,-0.258,-0.255,-0.473,-0.276,-0.352,-0.236,0.028,0.184,-0.078,0.006,0.103,-0.266,0.903,1.0,0.92
4,y3,-0.796,0.029,-0.017,-0.228,-0.487,-0.557,-0.458,0.187,0.308,0.085,-0.02,0.133,-0.23,0.907,0.92,1.0
5,.,1.0,0.031,-0.306,-0.14,-0.256,-0.02,-0.077,0.079,0.023,-0.276,-0.086,-0.027,-0.209,-0.518,-0.563,-0.48
5,A1_1,0.031,1.0,0.486,0.77,-0.046,-0.532,-0.036,0.487,0.137,-0.026,-0.05,0.037,-0.253,-0.466,-0.081,-0.072
5,A1_2,-0.306,0.486,1.0,0.802,0.089,-0.073,-0.227,0.165,0.046,-0.216,-0.377,-0.074,-0.157,-0.257,-0.02,0.063
5,A1_3,-0.14,0.77,0.802,1.0,0.064,-0.441,-0.162,0.309,0.048,-0.087,-0.222,-0.268,-0.501,-0.283,0.159,0.181
5,B1_1,-0.256,-0.046,0.089,0.064,1.0,0.608,0.829,-0.288,-0.494,-0.174,0.064,-0.331,0.098,-0.023,-0.318,-0.005
5,B1_2,-0.02,-0.532,-0.073,-0.441,0.608,1.0,0.665,-0.335,-0.102,-0.206,-0.299,-0.094,0.176,-0.021,-0.483,-0.233
5,B1_3,-0.077,-0.036,-0.227,-0.162,0.829,0.665,1.0,-0.236,-0.228,-0.126,-0.047,-0.174,-0.06,-0.049,-0.346,-0.082
5,A2_1,0.079,0.487,0.165,0.309,-0.288,-0.335,-0.236,1.0,0.608,0.533,-0.371,-0.47,-0.269,-0.12,0.168,0.059
5,A2_2,0.023,0.137,0.046,0.048,-0.494,-0.102,-0.228,0.608,1.0,0.686,-0.275,-0.085,-0.333,-0.238,0.199,-0.233
5,A2_3,-0.276,-0.026,-0.216,-0.087,-0.174,-0.206,-0.126,0.533,0.686,1.0,0.254,-0.298,-0.039,0.019,0.409,-0.089
5,B2_1,-0.086,-0.05,-0.377,-0.222,0.064,-0.299,-0.047,-0.371,-0.275,0.254,1.0,0.4,0.537,-0.178,-0.065,-0.359
5,B2_2,-0.027,0.037,-0.074,-0.268,-0.331,-0.094,-0.174,-0.47,-0.085,-0.298,0.4,1.0,0.55,-0.227,-0.274,-0.391
5,B2_3,-0.209,-0.253,-0.157,-0.501,0.098,0.176,-0.06,-0.269,-0.333,-0.039,0.537,0.55,1.0,-0.046,-0.368,-0.365
5,y1,-0.518,-0.466,-0.257,-0.283,-0.023,-0.021,-0.049,-0.12,-0.238,0.019,-0.178,-0.227,-0.046,1.0,0.74,0.878
5,y2,-0.563,-0.081,-0.02,0.159,-0.318,-0.483,-0.346,0.168,0.199,0.409,-0.065,-0.274,-0.368,0.74,1.0,0.793
5,y3,-0.48,-0.072,0.063,0.181,-0.005,-0.233,-0.082,0.059,-0.233,-0.089,-0.359,-0.391,-0.365,0.878,0.793,1.0
6,.,1.0,-0.132,-0.092,-0.056,0.108,0.04,-0.039,-0.157,-0.336,-0.273,-0.246,-0.105,-0.442,-0.384,-0.272,-0.437
6,A1_1,-0.132,1.0,0.653,0.609,0.01,-0.373,0.028,0.388,0.03,-0.123,-0.31,-0.123,-0.259,-0.119,-0.04,-0.086
6,A1_2,-0.092,0.653,1.0,0.737,0.16,0.106,-0.009,0.226,0.166,-0.332,-0.327,0.024,-0.121,-0.456,-0.316,-0.241
6,A1_3,-0.056,0.609,0.737,1.0,0.122,-0.371,-0.292,0.256,-0.223,-0.201,0.097,0.016,-0.026,-0.254,-0.1,-0.107
6,B1_1,0.108,0.01,0.16,0.122,1.0,0.623,0.82,-0.434,-0.539,-0.186,0.042,-0.251,-0.002,-0.292,-0.437,-0.265
6,B1_2,0.04,-0.373,0.106,-0.371,0.623,1.0,0.713,-0.347,-0.009,-0.185,-0.216,-0.032,0.186,-0.371,-0.513,-0.282
6,B1_3,-0.039,0.028,-0.009,-0.292,0.82,0.713,1.0,-0.436,-0.243,-0.107,-0.029,-0.144,0.071,-0.277,-0.481,-0.29
6,A2_1,-0.157,0.388,0.226,0.256,-0.434,-0.347,-0.436,1.0,0.419,0.565,-0.404,-0.414,0.038,0.057,0.033,-0.157
6,A2_2,-0.336,0.03,0.166,-0.223,-0.539,-0.009,-0.243,0.419,1.0,0.507,-0.282,-0.198,-0.13,0.01,0.007,-0.122
6,A2_3,-0.273,-0.123,-0.332,-0.201,-0.186,-0.185,-0.107,0.565,0.507,1.0,0.001,-0.671,-0.029,0.252,0.066,-0.166
6,B2_1,-0.246,-0.31,-0.327,0.097,0.042,-0.216,-0.029,-0.404,-0.282,0.001,1.0,0.512,0.592,-0.131,-0.146,-0.046
6,B2_2,-0.105,-0.123,0.024,0.016,-0.251,-0.032,-0.144,-0.414,-0.198,-0.671,0.512,1.0,0.579,-0.259,-0.114,0.121
6,B2_3,-0.442,-0.259,-0.121,-0.026,-0.002,0.186,0.071,0.038,-0.13,-0.029,0.592,0.579,1.0,-0.26,-0.351,-0.111
6,y1,-0.384,-0.119,-0.456,-0.254,-0.292,-0.371,-0.277,0.057,0.01,0.252,-0.131,-0.259,-0.26,1.0,0.948,0.887
6,y2,-0.272,-0.04,-0.316,-0.1,-0.437,-0.513,-0.481,0.033,0.007,0.066,-0.146,-0.114,-0.351,0.948,1.0,0.92
6,y3,-0.437,-0.086,-0.241,-0.107,-0.265,-0.282,-0.29,-0.157,-0.122,-0.166,-0.046,0.121,-0.111,0.887,0.92,1.0
7,.,1.0,-0.25,-0.383,-0.242,0.082,-0.153,-0.055,0.065,-0.244,-0.061,-0.227,-0.118,-0.17,-0.484,-0.568,-0.64
7,A1_1,-0.25,1.0,0.679,0.774,0.002,-0.249,0.275,0.16,0.051,-0.097,-0.03,0.167,-0.013,-0.252,-0.168,-0.224
7,A1_2,-0.383,0.679,1.0,0.653,-0.044,0.055,-0.003,0.047,0.295,-0.188,-0.245,0.036,-0.243,-0.154,-0.107,-0.198
7,A1_3,-0.242,0.774,0.653,1.0,-0.152,-0.545,-0.18,0.383,-0.097,0.032,0.019,-0.092,-0.093,0.04,0.066,-0.115
7,B1_1,0.082,0.002,-0.044,-0.152,1.0,0.544,0.805,-0.492,-0.533,-0.212,0.075,-0.179,-0.082,-0.429,-0.224,-0.292
7,B1_2,-0.153,-0.249,0.055,-0.545,0.544,1.0,0.625,-0.317,0.128,-0.091,-0.171,0.023,0.193,-0.355,-0.16,-0.093
7,B1_3,-0.055,0.275,-0.003,-0.18,0.805,0.625,1.0,-0.304,-0.175,-0.023,0.039,-0.02,0.123,-0.527,-0.278,-0.222
7,A2_1,0.065,0.16,0.047,0.383,-0.492,-0.317,-0.304,1.0,0.34,0.63,-0.403,-0.528,-0.022,0.207,0.271,0.189
7,A2_2,-0.244,0.051,0.295,-0.097,-0.533,0.128,-0.175,0.34,1.0,0.557,-0.125,-0.054,-0.047,-0.021,-0.074,0.142
7,A2_3,-0.061,-0.097,-0.188,0.032,-0.212,-0.091,-0.023,0.63,0.557,1.0,0.154,-0.483,0.093,-0.002,0.039,0.168
7,B2_1,-0.227,-0.03,-0.245,0.019,0.075,-0.171,0.039,-0.403,-0.125,0.154,1.0,0.533,0.595,-0.161,-0.259,-0.117
7,B2_2,-0.118,0.167,0.036,-0.092,-0.179,0.023,-0.02,-0.528,-0.054,-0.483,0.533,1.0,0.637,-0.264,-0.392,-0.279
7,B2_3,-0.17,-0.013,-0.243,-0.093,-0.082,0.193,0.123,-0.022,-0.047,0.093,0.595,0.637,1.0,-0.263,-0.238,-0.155
7,y1,-0.484,-0.252,-0.154,0.04,-0.429,-0.355,-0.527,0.207,-0.021,-0.002,-0.161,-0.264,-0.263,1.0,0.945,0.914
7,y2,-0.568,-0.168,-0.107,0.066,-0.224,-0.16,-0.278,0.271,-0.074,0.039,-0.259,-0.392,-0.238,0.945,1.0,0.94
7,y3,-0.64,-0.224,-0.198,-0.115,-0.292,-0.093,-0.222,0.189,0.142,0.168,-0.117,-0.279,-0.155,0.914,0.94,1.0
8,.,1.0,-0.261,-0.285,-0.142,-0.112,-0.099,-0.076,0.002,-0.368,-0.094,-0.228,-0.178,-0.224,-0.517,-0.576,-0.655
8,A1_1,-0.261,1.0,0.688,0.591,-0.118,-0.233,0.201,0.269,0.104,-0.106,-0.22,-0.033,-0.128,-0.251,-0.265,-0.162
8,A1_2,-0.285,0.688,1.0,0.516,-0.131,0.103,0.005,0.09,0.396,-0.029,-0.376,-0.024,-0.289,-0.258,-0.325,-0.133
8,A1_3,-0.142,0.591,0.516,1.0,0.08,-0.372,-0.184,0.326,-0.407,-0.129,0.083,-0.051,0.0,-0.116,-0.308,-0.32
8,B1_1,-0.112,-0.118,-0.131,0.08,1.0,0.451,0.701,-0.335,-0.512,-0.208,0.119,-0.082,-0.126,-0.015,0.024,-0.035
8,B1_2,-0.099,-0.233,0.103,-0.372,0.451,1.0,0.655,-0.213,0.265,0.092,-0.115,0.112,0.264,-0.282,-0.152,-0.114
8,B1_3,-0.076,0.201,0.005,-0.184,0.701,0.655,1.0,-0.133,-0.047,0.055,-0.059,-0.11,0.016,-0.353,-0.175,-0.181
8,A2_1,0.002,0.269,0.09,0.326,-0.335,-0.213,-0.133,1.0,0.147,0.516,-0.317,-0.673,0.103,0.128,0.073,-0.034
8,A2_2,-0.368,0.104,0.396,-0.407,-0.512,0.265,-0.047,0.147,1.0,0.51,-0.238,-0.085,-0.033,0.027,0.155,0.313
8,A2_3,-0.094,-0.106,-0.029,-0.129,-0.208,0.092,0.055,0.516,0.51,1.0,0.198,-0.491,0.077,-0.156,-0.064,-0.101
8,B2_1,-0.228,-0.22,-0.376,0.083,0.119,-0.115,-0.059,-0.317,-0.238,0.198,1.0,0.533,0.545,-0.133,-0.098,-0.158
8,B2_2,-0.178,-0.033,-0.024,-0.051,-0.082,0.112,-0.11,-0.673,-0.085,-0.491,0.533,1.0,0.548,-0.176,-0.16,-0.081
8,B2_3,-0.224,-0.128,-0.289,0.0,-0.126,0.264,0.016,0.103,-0.033,0.077,0.545,0.548,1.0,-0.087,-0.046,-0.132
8,y1,-0.517,-0.251,-0.258,-0.116,-0.015,-0.282,-0.353,0.128,0.027,-0.156,-0.133,-0.176,-0.087,1.0,0.963,0.919
8,y2,-0.576,-0.265,-0.325,-0.308,0.024,-0.152,-0.175,0.073,0.155,-0.064,-0.098,-0.16,-0.046,0.963,1.0,0.967
8,y3,-0.655,-0.162,-0.133,-0.32,-0.035,-0.114,-0.181,-0.034,0.313,-0.101,-0.158,-0.081,-0.132,0.919,0.967,1.0
9,.,1.0,-0.174,-0.259,-0.178,-0.113,-0.211,-0.235,0.007,-0.223,-0.008,-0.309,-0.241,-0.291,-0.476,-0.591,-0.579
9,A1_1,-0.174,1.0,0.613,0.682,-0.175,-0.331,0.074,0.337,0.075,-0.131,-0.067,0.032,-0.085,-0.213,-0.204,-0.118
9,A1_2,-0.259,0.613,1.0,0.654,-0.051,0.047,-0.059,0.109,0.43,-0.066,-0.194,0.017,-0.309,-0.088,-0.128,-0.041
9,A1_3,-0.178,0.682,0.654,1.0,0.101,-0.176,-0.124,0.236,-0.214,-0.119,0.252,0.044,0.017,-0.274,-0.296,-0.272
9,B1_1,-0.113,-0.175,-0.051,0.101,1.0,0.685,0.745,-0.357,-0.525,-0.134,0.094,-0.068,-0.155,-0.064,-0.089,-0.125
9,B1_2,-0.211,-0.331,0.047,-0.176,0.685,1.0,0.727,-0.195,0.038,-0.042,-0.14,0.053,0.175,-0.127,-0.11,-0.165
9,B1_3,-0.235,0.074,-0.059,-0.124,0.745,0.727,1.0,-0.107,-0.115,0.05,-0.047,-0.048,0.048,-0.185,-0.142,-0.156
9,A2_1,0.007,0.337,0.109,0.236,-0.357,-0.195,-0.107,1.0,0.264,0.602,-0.309,-0.681,0.054,-0.036,-0.051,-0.086
9,A2_2,-0.223,0.075,0.43,-0.214,-0.525,0.038,-0.115,0.264,1.0,0.468,-0.22,-0.066,-0.013,-0.0,0.04,0.091
9,A2_3,-0.008,-0.131,-0.066,-0.119,-0.134,-0.042,0.05,0.602,0.468,1.0,0.078,-0.633,-0.044,-0.137,-0.12,-0.15
9,B2_1,-0.309,-0.067,-0.194,0.252,0.094,-0.14,-0.047,-0.309,-0.22,0.078,1.0,0.533,0.569,-0.291,-0.171,-0.206
9,B2_2,-0.241,0.032,0.017,0.044,-0.068,0.053,-0.048,-0.681,-0.066,-0.633,0.533,1.0,0.556,-0.204,-0.099,-0.079
9,B2_3,-0.291,-0.085,-0.309,0.017,-0.155,0.175,0.048,0.054,-0.013,-0.044,0.569,0.556,1.0,-0.332,-0.186,-0.27
9,y1,-0.476,-0.213,-0.088,-0.274,-0.064,-0.127,-0.185,-0.036,-0.0,-0.137,-0.291,-0.204,-0.332,1.0,0.983,0.977
9,y2,-0.591,-0.204,-0.128,-0.296,-0.089,-0.11,-0.142,-0.051,0.04,-0.12,-0.171,-0.099,-0.186,0.983,1.0,0.989
9,y3,-0.579,-0.118,-0.041,-0.272,-0.125,-0.165,-0.156,-0.086,0.091,-0.15,-0.206,-0.079,-0.27,0.977,0.989,1.0
10,.,1.0,-0.154,-0.236,-0.258,-0.084,-0.125,-0.08,-0.091,-0.225,-0.258,-0.23,-0.143,-0.337,-0.428,-0.503,-0.536
10,A1_1,-0.154,1.0,0.626,0.676,-0.076,-0.256,0.068,0.373,0.102,-0.022,-0.084,0.043,-0.071,-0.31,-0.206,-0.256
10,A1_2,-0.236,0.626,1.0,0.716,-0.036,0.066,-0.152,0.273,0.415,0.154,-0.158,0.021,-0.366,-0.169,-0.148,-0.213
10,A1_3,-0.258,0.676,0.716,1.0,0.121,-0.197,-0.246,0.389,-0.215,0.035,0.047,-0.104,-0.185,-0.076,-0.109,-0.235
10,B1_1,-0.084,-0.076,-0.036,0.121,1.0,0.652,0.746,-0.306,-0.516,0.124,0.039,-0.139,-0.063,-0.292,-0.169,-0.225
10,B1_2,-0.125,-0.256,0.066,-0.197,0.652,1.0,0.71,-0.123,0.013,0.23,-0.135,0.115,0.189,-0.367,-0.258,-0.236
10,B1_3,-0.08,0.068,-0.152,-0.246,0.746,0.71,1.0,-0.136,-0.108,0.204,-0.19,-0.098,0.116,-0.394,-0.188,-0.134
10,A2_1,-0.091,0.373,0.273,0.389,-0.306,-0.123,-0.136,1.0,0.243,0.465,-0.409,-0.536,0.032,-0.013,-0.132,-0.038
10,A2_2,-0.225,0.102,0.415,-0.215,-0.516,0.013,-0.108,0.243,1.0,0.346,-0.323,-0.067,-0.193,0.154,0.166,0.303
10,A2_3,-0.258,-0.022,0.154,0.035,0.124,0.23,0.204,0.465,0.346,1.0,0.129,-0.456,0.136,-0.248,-0.336,-0.137
10,B2_1,-0.23,-0.084,-0.158,0.047,0.039,-0.135,-0.19,-0.409,-0.323,0.129,1.0,0.575,0.611,-0.255,-0.288,-0.289
10,B2_2,-0.143,0.043,0.021,-0.104,-0.139,0.115,-0.098,-0.536,-0.067,-0.456,0.575,1.0,0.564,-0.233,-0.134,-0.221
10,B2_3,-0.337,-0.071,-0.366,-0.185,-0.063,0.189,0.116,0.032,-0.193,0.136,0.611,0.564,1.0,-0.258,-0.243,-0.175
10,y1,-0.428,-0.31,-0.169,-0.076,-0.292,-0.367,-0.394,-0.013,0.154,-0.248,-0.255,-0.233,-0.258,1.0,0.958,0.938
10,y2,-0.503,-0.206,-0.148,-0.109,-0.169,-0.258,-0.188,-0.132,0.166,-0.336,-0.288,-0.134,-0.243,0.958,1.0,0.967
10,y3,-0.536,-0.256,-0.213,-0.235,-0.225,-0.236,-0.134,-0.038,0.303,-0.137,-0.289,-0.221,-0.175,0.938,0.967,1.0
11,.,1.0,-0.095,-0.235,-0.141,-0.226,-0.263,-0.242,-0.047,-0.264,-0.284,-0.18,-0.107,-0.397,-0.404,-0.344,-0.529
11,A1_1,-0.095,1.0,0.583,0.678,-0.176,-0.405,0.059,0.38,0.014,-0.201,-0.033,-0.014,-0.054,-0.23,-0.211,-0.293
11,A1_2,-0.235,0.583,1.0,0.702,-0.116,0.032,-0.058,0.254,0.429,0.015,-0.256,0.055,-0.216,-0.142,-0.258,-0.235
11,A1_3,-0.141,0.678,0.702,1.0,0.14,-0.186,-0.114,0.295,-0.256,-0.136,0.059,-0.103,-0.064,-0.166,-0.263,-0.281
11,B1_1,-0.226,-0.176,-0.116,0.14,1.0,0.624,0.69,-0.408,-0.56,-0.116,0.033,-0.082,-0.049,-0.115,-0.155,-0.025
11,B1_2,-0.263,-0.405,0.032,-0.186,0.624,1.0,0.676,-0.189,0.025,-0.021,-0.264,0.169,0.243,-0.165,-0.331,-0.009
11,B1_3,-0.242,0.059,-0.058,-0.114,0.69,0.676,1.0,-0.052,-0.083,0.124,-0.127,-0.046,0.108,-0.432,-0.428,-0.251
11,A2_1,-0.047,0.38,0.254,0.295,-0.408,-0.189,-0.052,1.0,0.268,0.463,-0.357,-0.561,0.086,-0.101,-0.164,-0.105
11,A2_2,-0.264,0.014,0.429,-0.256,-0.56,0.025,-0.083,0.268,1.0,0.493,-0.249,0.07,-0.064,0.039,0.043,0.064
11,A2_3,-0.284,-0.201,0.015,-0.136,-0.116,-0.021,0.124,0.463,0.493,1.0,0.066,-0.468,-0.044,-0.121,-0.04,-0.061
11,B2_1,-0.18,-0.033,-0.256,0.059,0.033,-0.264,-0.127,-0.357,-0.249,0.066,1.0,0.542,0.538,-0.234,-0.12,-0.2
11,B2_2,-0.107,-0.014,0.055,-0.103,-0.082,0.169,-0.046,-0.561,0.07,-0.468,0.542,1.0,0.571,-0.203,-0.234,-0.154
11,B2_3,-0.397,-0.054,-0.216,-0.064,-0.049,0.243,0.108,0.086,-0.064,-0.044,0.538,0.571,1.0,-0.135,-0.22,0.016
11,y1,-0.404,-0.23,-0.142,-0.166,-0.115,-0.165,-0.432,-0.101,0.039,-0.121,-0.234,-0.203,-0.135,1.0,0.958,0.969
11,y2,-0.344,-0.211,-0.258,-0.263,-0.155,-0.331,-0.428,-0.164,0.043,-0.04,-0.12,-0.234,-0.22,0.958,1.0,0.923
11,y3,-0.529,-0.293,-0.235,-0.281,-0.025,-0.009,-0.251,-0.105,0.064,-0.061,-0.2,-0.154,0.016,0.969,0.923,1.0
12,.,1.0,-0.156,-0.25,-0.186,-0.206,-0.13,-0.08,-0.069,-0.236,-0.162,-0.19,-0.211,-0.186,-0.448,-0.479,-0.447
12,A1_1,-0.156,1.0,0.657,0.645,-0.132,-0.278,0.09,0.331,0.219,-0.205,-0.138,0.189,-0.069,-0.271,-0.292,-0.245
12,A1_2,-0.25,0.657,1.0,0.752,-0.051,0.143,-0.041,0.302,0.44,-0.019,-0.141,0.178,-0.1,-0.413,-0.363,-0.42
12,A1_3,-0.186,0.645,0.752,1.0,0.178,-0.127,-0.109,0.238,-0.18,-0.138,0.136,0.003,-0.002,-0.419,-0.42,-0.4
12,B1_1,-0.206,-0.132,-0.051,0.178,1.0,0.543,0.717,-0.424,-0.591,-0.089,0.059,-0.143,-0.118,-0.147,-0.114,-0.137
12,B1_2,-0.13,-0.278,0.143,-0.127,0.543,1.0,0.659,-0.092,0.054,-0.026,-0.226,0.136,0.184,-0.32,-0.249,-0.327
12,B1_3,-0.08,0.09,-0.041,-0.109,0.717,0.659,1.0,-0.122,-0.148,0.075,-0.171,-0.021,0.028,-0.331,-0.291,-0.292
12,A2_1,-0.069,0.331,0.302,0.238,-0.424,-0.092,-0.122,1.0,0.427,0.484,-0.399,-0.437,0.039,-0.095,-0.064,0.015
12,A2_2,-0.236,0.219,0.44,-0.18,-0.591,0.054,-0.148,0.427,1.0,0.372,-0.312,0.151,-0.065,0.094,0.155,0.091
12,A2_3,-0.162,-0.205,-0.019,-0.138,-0.089,-0.026,0.075,0.484,0.372,1.0,0.067,-0.501,-0.029,-0.019,0.054,0.063
12,B2_1,-0.19,-0.138,-0.141,0.136,0.059,-0.226,-0.171,-0.399,-0.312,0.067,1.0,0.5,0.656,-0.194,-0.244,-0.245
12,B2_2,-0.211,0.189,0.178,0.003,-0.143,0.136,-0.021,-0.437,0.151,-0.501,0.5,1.0,0.628,-0.191,-0.24,-0.296
12,B2_3,-0.186,-0.069,-0.1,-0.002,-0.118,0.184,0.028,0.039,-0.065,-0.029,0.656,0.628,1.0,-0.338,-0.385,-0.358
12,y1,-0.448,-0.271,-0.413,-0.419,-0.147,-0.32,-0.331,-0.095,0.094,-0.019,-0.194,-0.191,-0.338,1.0,0.992,0.99
12,y2,-0.479,-0.292,-0.363,-0.42,-0.114,-0.249,-0.291,-0.064,0.155,0.054,-0.244,-0.24,-0.385,0.992,1.0,0.986
12,y3,-0.447,-0.245,-0.42,-0.4,-0.137,-0.327,-0.292,0.015,0.091,0.063,-0.245,-0.296,-0.358,0.99,0.986,1.0
13,.,1.0,-0.159,-0.181,-0.216,-0.237,-0.178,-0.216,-0.122,-0.072,-0.138,-0.272,-0.237,-0.343,-0.474,-0.359,-0.425
13,A1_1,-0.159,1.0,0.629,0.711,-0.11,-0.348,0.146,0.41,0.178,-0.188,-0.107,0.139,-0.062,-0.154,-0.228,-0.164
13,A1_2,-0.181,0.629,1.0,0.677,-0.076,0.066,-0.067,0.264,0.534,-0.083,-0.231,0.119,-0.244,-0.241,-0.238,-0.254
13,A1_3,-0.216,0.711,0.677,1.0,0.152,-0.213,-0.111,0.316,-0.142,-0.104,0.057,-0.119,-0.099,-0.174,-0.235,-0.148
13,B1_1,-0.237,-0.11,-0.076,0.152,1.0,0.573,0.702,-0.355,-0.543,-0.04,0.047,-0.116,-0.108,-0.162,-0.172,-0.223
13,B1_2,-0.178,-0.348,0.066,-0.213,0.573,1.0,0.581,-0.174,0.098,-0.07,-0.234,0.171,0.173,-0.259,-0.252,-0.335
13,B1_3,-0.216,0.146,-0.067,-0.111,0.702,0.581,1.0,-0.015,-0.066,0.095,-0.139,0.066,0.067,-0.283,-0.312,-0.377
13,A2_1,-0.122,0.41,0.264,0.316,-0.355,-0.174,-0.015,1.0,0.416,0.573,-0.359,-0.478,-0.005,0.018,-0.004,0.036
13,A2_2,-0.072,0.178,0.534,-0.142,-0.543,0.098,-0.066,0.416,1.0,0.301,-0.28,0.178,-0.012,-0.123,-0.085,-0.144
13,A2_3,-0.138,-0.188,-0.083,-0.104,-0.04,-0.07,0.095,0.573,0.301,1.0,0.043,-0.592,-0.083,-0.037,0.007,-0.024
13,B2_1,-0.272,-0.107,-0.231,0.057,0.047,-0.234,-0.139,-0.359,-0.28,0.043,1.0,0.46,0.645,-0.187,-0.279,-0.155
13,B2_2,-0.237,0.139,0.119,-0.119,-0.116,0.171,0.066,-0.478,0.178,-0.592,0.46,1.0,0.633,-0.176,-0.271,-0.209
13,B2_3,-0.343,-0.062,-0.244,-0.099,-0.108,0.173,0.067,-0.005,-0.012,-0.083,0.645,0.633,1.0,-0.208,-0.347,-0.207
13,y1,-0.474,-0.154,-0.241,-0.174,-0.162,-0.259,-0.283,0.018,-0.123,-0.037,-0.187,-0.176,-0.208,1.0,0.983,0.993
13,y2,-0.359,-0.228,-0.238,-0.235,-0.172,-0.252,-0.312,-0.004,-0.085,0.007,-0.279,-0.271,-0.347,0.983,1.0,0.979
13,y3,-0.425,-0.164,-0.254,-0.148,-0.223,-0.335,-0.377,0.036,-0.144,-0.024,-0.155,-0.209,-0.207,0.993,0.979,1.0
14,.,1.0,-0.164,-0.166,-0.18,-0.227,-0.195,-0.214,-0.1,-0.117,-0.13,-0.325,-0.176,-0.242,-0.472,-0.425,-0.446
14,A1_1,-0.164,1.0,0.624,0.691,-0.099,-0.346,0.126,0.39,0.258,-0.176,-0.056,0.095,-0.016,-0.142,-0.233,-0.16
14,A1_2,-0.166,0.624,1.0,0.712,-0.068,0.099,-0.096,0.291,0.544,0.038,-0.126,0.113,-0.118,-0.271,-0.336,-0.283
14,A1_3,-0.18,0.691,0.712,1.0,0.143,-0.223,-0.163,0.331,-0.084,-0.067,0.093,-0.105,-0.118,-0.204,-0.304,-0.213
14,B1_1,-0.227,-0.099,-0.068,0.143,1.0,0.565,0.736,-0.308,-0.568,0.034,0.058,-0.079,-0.096,-0.261,-0.232,-0.243
14,B1_2,-0.195,-0.346,0.099,-0.223,0.565,1.0,0.557,-0.11,0.108,0.06,-0.279,0.125,0.15,-0.264,-0.205,-0.224
14,B1_3,-0.214,0.126,-0.096,-0.163,0.736,0.557,1.0,-0.069,-0.11,0.138,-0.115,0.007,0.054,-0.289,-0.259,-0.281
14,A2_1,-0.1,0.39,0.291,0.331,-0.308,-0.11,-0.069,1.0,0.429,0.53,-0.27,-0.544,0.029,-0.061,-0.155,-0.068
14,A2_2,-0.117,0.258,0.544,-0.084,-0.568,0.108,-0.11,0.429,1.0,0.292,-0.234,0.131,0.098,-0.018,-0.042,-0.039
14,A2_3,-0.13,-0.176,0.038,-0.067,0.034,0.06,0.138,0.53,0.292,1.0,0.124,-0.572,-0.076,-0.136,-0.17,-0.177
14,B2_1,-0.325,-0.056,-0.126,0.093,0.058,-0.279,-0.115,-0.27,-0.234,0.124,1.0,0.468,0.612,-0.154,-0.174,-0.208
14,B2_2,-0.176,0.095,0.113,-0.105,-0.079,0.125,0.007,-0.544,0.131,-0.572,0.468,1.0,0.658,-0.176,-0.14,-0.183
14,B2_3,-0.242,-0.016,-0.118,-0.118,-0.096,0.15,0.054,0.029,0.098,-0.076,0.612,0.658,1.0,-0.348,-0.351,-0.36
14,y1,-0.472,-0.142,-0.271,-0.204,-0.261,-0.264,-0.289,-0.061,-0.018,-0.136,-0.154,-0.176,-0.348,1.0,0.992,0.997
14,y2,-0.425,-0.233,-0.336,-0.304,-0.232,-0.205,-0.259,-0.155,-0.042,-0.17,-0.174,-0.14,-0.351,0.992,1.0,0.993
14,y3,-0.446,-0.16,-0.283,-0.213,-0.243,-0.224,-0.281,-0.068,-0.039,-0.177,-0.208,-0.183,-0.36,0.997,0.993,1.0
15,.,1.0,-0.16,-0.219,-0.171,-0.134,-0.173,-0.16,-0.1,-0.113,-0.172,-0.248,-0.122,-0.225,-0.492,-0.467,-0.498
15,A1_1,-0.16,1.0,0.602,0.678,-0.121,-0.314,0.103,0.346,0.23,-0.174,-0.079,0.08,-0.025,-0.199,-0.233,-0.225
15,A1_2,-0.219,0.602,1.0,0.7,-0.067,0.154,-0.111,0.249,0.536,0.079,-0.094,0.101,-0.184,-0.278,-0.312,-0.262
15,A1_3,-0.171,0.678,0.7,1.0,0.151,-0.159,-0.157,0.276,-0.127,-0.058,0.131,-0.111,-0.135,-0.265,-0.303,-0.262
15,B1_1,-0.134,-0.121,-0.067,0.151,1.0,0.556,0.731,-0.361,-0.589,-0.001,0.065,-0.1,-0.125,-0.135,-0.165,-0.19
15,B1_2,-0.173,-0.314,0.154,-0.159,0.556,1.0,0.564,-0.079,0.101,0.075,-0.226,0.14,0.132,-0.209,-0.237,-0.2
15,B1_3,-0.16,0.103,-0.111,-0.157,0.731,0.564,1.0,-0.081,-0.139,0.122,-0.136,-0.01,0.067,-0.191,-0.217,-0.255
15,A2_1,-0.1,0.346,0.249,0.276,-0.361,-0.079,-0.081,1.0,0.393,0.537,-0.321,-0.547,-0.013,-0.11,-0.127,-0.079
15,A2_2,-0.113,0.23,0.536,-0.127,-0.589,0.101,-0.139,0.393,1.0,0.319,-0.257,0.141,0.022,-0.088,-0.086,-0.056
15,A2_3,-0.172,-0.174,0.079,-0.058,-0.001,0.075,0.122,0.537,0.319,1.0,0.119,-0.53,-0.072,-0.139,-0.129,-0.135
15,B2_1,-0.248,-0.079,-0.094,0.131,0.065,-0.226,-0.136,-0.321,-0.257,0.119,1.0,0.485,0.635,-0.268,-0.242,-0.258
15,B2_2,-0.122,0.08,0.101,-0.111,-0.1,0.14,-0.01,-0.547,0.141,-0.53,0.485,1.0,0.679,-0.243,-0.233,-0.226
15,B2_3,-0.225,-0.025,-0.184,-0.135,-0.125,0.132,0.067,-0.013,0.022,-0.072,0.635,0.679,1.0,-0.367,-0.353,-0.331
15,y1,-0.492,-0.199,-0.278,-0.265,-0.135,-0.209,-0.191,-0.11,-0.088,-0.139,-0.268,-0.243,-0.367,1.0,0.998,0.995
15,y2,-0.467,-0.233,-0.312,-0.303,-0.165,-0.237,-0.217,-0.127,-0.086,-0.129,-0.242,-0.233,-0.353,0.998,1.0,0.994
15,y3,-0.498,-0.225,-0.262,-0.262,-0.19,-0.2,-0.255,-0.079,-0.056,-0.135,-0.258,-0.226,-0.331,0.995,0.994,1.0
16,.,1.0,-0.17,-0.253,-0.176,-0.164,-0.179,-0.234,-0.067,-0.17,-0.082,-0.194,-0.211,-0.233,-0.429,-0.448,-0.475
16,A1_1,-0.17,1.0,0.588,0.678,-0.102,-0.337,0.129,0.329,0.211,-0.186,-0.041,0.113,0.003,-0.207,-0.242,-0.223
16,A1_2,-0.253,0.588,1.0,0.694,-0.058,0.13,-0.063,0.23,0.576,0.032,-0.047,0.23,-0.144,-0.3,-0.314,-0.249
16,A1_3,-0.176,0.678,0.694,1.0,0.131,-0.229,-0.16,0.283,-0.101,-0.071,0.164,-0.071,-0.14,-0.236,-0.252,-0.207
16,B1_1,-0.164,-0.102,-0.058,0.131,1.0,0.523,0.715,-0.338,-0.507,0.007,0.084,-0.11,-0.158,-0.214,-0.152,-0.221
16,B1_2,-0.179,-0.337,0.13,-0.229,0.523,1.0,0.59,-0.085,0.175,0.013,-0.243,0.199,0.14,-0.276,-0.226,-0.221
16,B1_3,-0.234,0.129,-0.063,-0.16,0.715,0.59,1.0,-0.016,-0.034,0.146,-0.115,0.016,0.109,-0.31,-0.255,-0.318
16,A2_1,-0.067,0.329,0.23,0.283,-0.338,-0.085,-0.016,1.0,0.348,0.559,-0.299,-0.494,0.032,-0.148,-0.138,-0.077
16,A2_2,-0.17,0.211,0.576,-0.101,-0.507,0.175,-0.034,0.348,1.0,0.302,-0.236,0.259,0.059,-0.123,-0.135,-0.076
16,A2_3,-0.082,-0.186,0.032,-0.071,0.007,0.013,0.146,0.559,0.302,1.0,0.08,-0.505,-0.108,-0.184,-0.132,-0.13
16,B2_1,-0.194,-0.041,-0.047,0.164,0.084,-0.243,-0.115,-0.299,-0.236,0.08,1.0,0.491,0.604,-0.286,-0.301,-0.303
16,B2_2,-0.211,0.113,0.23,-0.071,-0.11,0.199,0.016,-0.494,0.259,-0.505,0.491,1.0,0.668,-0.239,-0.282,-0.259
16,B2_3,-0.233,0.003,-0.144,-0.14,-0.158,0.14,0.109,0.032,0.059,-0.108,0.604,0.668,1.0,-0.333,-0.357,-0.323
16,y1,-0.429,-0.207,-0.3,-0.236,-0.214,-0.276,-0.31,-0.148,-0.123,-0.184,-0.286,-0.239,-0.333,1.0,0.996,0.993
16,y2,-0.448,-0.242,-0.314,-0.252,-0.152,-0.226,-0.255,-0.138,-0.135,-0.132,-0.301,-0.282,-0.357,0.996,1.0,0.993
16,y3,-0.475,-0.223,-0.249,-0.207,-0.221,-0.221,-0.318,-0.077,-0.076,-0.13,-0.303,-0.259,-0.323,0.993,0.993,1.0
17,.,1.0,-0.182,-0.259,-0.207,-0.167,-0.157,-0.199,-0.095,-0.166,-0.092,-0.231,-0.199,-0.264,-0.428,-0.457,-0.436
17,A1_1,-0.182,1.0,0.579,0.669,-0.091,-0.321,0.112,0.364,0.224,-0.205,-0.049,0.056,0.004,-0.22,-0.218,-0.226
17,A1_2,-0.259,0.579,1.0,0.697,0.007,0.178,-0.048,0.243,0.561,0.055,-0.064,0.214,-0.125,-0.357,-0.342,-0.314
17,A1_3,-0.207,0.669,0.697,1.0,0.165,-0.182,-0.18,0.31,-0.105,-0.082,0.114,-0.086,-0.145,-0.24,-0.226,-0.203
17,B1_1,-0.167,-0.091,0.007,0.165,1.0,0.544,0.713,-0.306,-0.502,0.01,0.084,-0.076,-0.117,-0.229,-0.192,-0.268
17,B1_2,-0.157,-0.321,0.178,-0.182,0.544,1.0,0.592,-0.043,0.177,0.051,-0.244,0.21,0.15,-0.301,-0.279,-0.295
17,B1_3,-0.199,0.112,-0.048,-0.18,0.713,0.592,1.0,-0.026,-0.037,0.123,-0.11,-0.006,0.119,-0.293,-0.262,-0.345
17,A2_1,-0.095,0.364,0.243,0.31,-0.306,-0.043,-0.026,1.0,0.343,0.503,-0.313,-0.518,0.04,-0.153,-0.142,-0.082
17,A2_2,-0.166,0.224,0.561,-0.105,-0.502,0.177,-0.037,0.343,1.0,0.282,-0.277,0.21,0.04,-0.11,-0.111,-0.071
17,A2_3,-0.092,-0.205,0.055,-0.082,0.01,0.051,0.123,0.503,0.282,1.0,0.088,-0.519,-0.08,-0.183,-0.152,-0.133
17,B2_1,-0.231,-0.049,-0.064,0.114,0.084,-0.244,-0.11,-0.313,-0.277,0.088,1.0,0.485,0.635,-0.239,-0.239,-0.256
17,B2_2,-0.199,0.056,0.214,-0.086,-0.076,0.21,-0.006,-0.518,0.21,-0.519,0.485,1.0,0.645,-0.207,-0.226,-0.239
17,B2_3,-0.264,0.004,-0.125,-0.145,-0.117,0.15,0.119,0.04,0.04,-0.08,0.635,0.645,1.0,-0.31,-0.322,-0.319
17,y1,-0.428,-0.22,-0.357,-0.24,-0.229,-0.301,-0.293,-0.153,-0.11,-0.183,-0.239,-0.207,-0.31,1.0,0.999,0.995
17,y2,-0.457,-0.218,-0.342,-0.226,-0.192,-0.279,-0.262,-0.142,-0.111,-0.152,-0.239,-0.226,-0.322,0.999,1.0,0.994
17,y3,-0.436,-0.226,-0.314,-0.203,-0.268,-0.295,-0.345,-0.082,-0.071,-0.133,-0.256,-0.239,-0.319,0.995,0.994,1.0
18,.,1.0,-0.166,-0.242,-0.205,-0.174,-0.148,-0.169,-0.106,-0.12,-0.135,-0.221,-0.164,-0.241,-0.474,-0.464,-0.489
18,A1_1,-0.166,1.0,0.602,0.666,-0.058,-0.306,0.122,0.351,0.222,-0.183,-0.013,0.095,0.026,-0.266,-0.285,-0.266
18,A1_2,-0.242,0.602,1.0,0.689,0.014,0.162,-0.076,0.247,0.564,0.089,-0.056,0.221,-0.121,-0.311,-0.332,-0.283
18,A1_3,-0.205,0.666,0.689,1.0,0.187,-0.205,-0.201,0.318,-0.123,-0.052,0.126,-0.077,-0.133,-0.238,-0.241,-0.214
18,B1_1,-0.174,-0.058,0.014,0.187,1.0,0.529,0.713,-0.287,-0.49,0.035,0.101,-0.069,-0.111,-0.243,-0.224,-0.25
18,B1_2,-0.148,-0.306,0.162,-0.205,0.529,1.0,0.573,-0.049,0.185,0.077,-0.232,0.224,0.162,-0.265,-0.268,-0.247
18,B1_3,-0.169,0.122,-0.076,-0.201,0.713,0.573,1.0,-0.062,-0.053,0.107,-0.11,-0.009,0.081,-0.277,-0.27,-0.291
18,A2_1,-0.106,0.351,0.247,0.318,-0.287,-0.049,-0.062,1.0,0.32,0.501,-0.313,-0.521,0.035,-0.152,-0.15,-0.102
18,A2_2,-0.12,0.222,0.564,-0.123,-0.49,0.185,-0.053,0.32,1.0,0.311,-0.264,0.197,0.018,-0.087,-0.112,-0.066
18,A2_3,-0.135,-0.183,0.089,-0.052,0.035,0.077,0.107,0.501,0.311,1.0,0.109,-0.507,-0.069,-0.178,-0.159,-0.146
18,B2_1,-0.221,-0.013,-0.056,0.126,0.101,-0.232,-0.11,-0.313,-0.264,0.109,1.0,0.478,0.634,-0.253,-0.252,-0.274
18,B2_2,-0.164,0.095,0.221,-0.077,-0.069,0.224,-0.009,-0.521,0.197,-0.507,0.478,1.0,0.641,-0.188,-0.219,-0.214
18,B2_3,-0.241,0.026,-0.121,-0.133,-0.111,0.162,0.081,0.035,0.018,-0.069,0.634,0.641,1.0,-0.313,-0.329,-0.319
18,y1,-0.474,-0.266,-0.311,-0.238,-0.243,-0.265,-0.277,-0.152,-0.087,-0.178,-0.253,-0.188,-0.313,1.0,0.999,0.998
18,y2,-0.464,-0.285,-0.332,-0.241,-0.224,-0.268,-0.27,-0.15,-0.112,-0.159,-0.252,-0.219,-0.329,0.999,1.0,0.997
18,y3,-0.489,-0.266,-0.283,-0.214,-0.25,-0.247,-0.291,-0.102,-0.066,-0.146,-0.274,-0.214,-0.319,0.998,0.997,1.0
19,.,1.0,-0.166,-0.254,-0.203,-0.17,-0.168,-0.186,-0.102,-0.119,-0.135,-0.226,-0.178,-0.25,-0.45,-0.452,-0.465
19,A1_1,-0.166,1.0,0.588,0.654,-0.061,-0.301,0.134,0.351,0.227,-0.189,-0.015,0.104,0.029,-0.273,-0.281,-0.276
19,A1_2,-0.254,0.588,1.0,0.688,0.017,0.181,-0.075,0.246,0.559,0.107,-0.056,0.217,-0.127,-0.305,-0.311,-0.28
19,A1_3,-0.203,0.654,0.688,1.0,0.191,-0.187,-0.189,0.329,-0.13,-0.056,0.133,-0.078,-0.131,-0.241,-0.236,-0.216
19,B1_1,-0.17,-0.061,0.017,0.191,1.0,0.521,0.713,-0.286,-0.49,0.037,0.111,-0.068,-0.11,-0.238,-0.227,-0.248
19,B1_2,-0.168,-0.301,0.181,-0.187,0.521,1.0,0.56,-0.027,0.195,0.1,-0.218,0.222,0.167,-0.266,-0.264,-0.251
19,B1_3,-0.186,0.134,-0.075,-0.189,0.713,0.56,1.0,-0.057,-0.048,0.117,-0.101,-0.007,0.091,-0.274,-0.271,-0.297
19,A2_1,-0.102,0.351,0.246,0.329,-0.286,-0.027,-0.057,1.0,0.306,0.455,-0.327,-0.516,0.044,-0.148,-0.139,-0.113
19,A2_2,-0.119,0.227,0.559,-0.13,-0.49,0.195,-0.048,0.306,1.0,0.324,-0.284,0.191,0.011,-0.092,-0.103,-0.079
19,A2_3,-0.135,-0.189,0.107,-0.056,0.037,0.1,0.117,0.455,0.324,1.0,0.104,-0.494,-0.059,-0.175,-0.16,-0.158
19,B2_1,-0.226,-0.015,-0.056,0.133,0.111,-0.218,-0.101,-0.327,-0.284,0.104,1.0,0.478,0.64,-0.272,-0.27,-0.279
19,B2_2,-0.178,0.104,0.217,-0.078,-0.068,0.222,-0.007,-0.516,0.191,-0.494,0.478,1.0,0.63,-0.205,-0.222,-0.214
19,B2_3,-0.25,0.029,-0.127,-0.131,-0.11,0.167,0.091,0.044,0.011,-0.059,0.64,0.63,1.0,-0.344,-0.348,-0.339
19,y1,-0.45,-0.273,-0.305,-0.241,-0.238,-0.266,-0.274,-0.148,-0.092,-0.175,-0.272,-0.205,-0.344,1.0,1.0,0.998
19,y2,-0.452,-0.281,-0.311,-0.236,-0.227,-0.264,-0.271,-0.139,-0.103,-0.16,-0.27,-0.222,-0.348,1.0,1.0,0.999
19,y3,-0.465,-0.276,-0.28,-0.216,-0.248,-0.251,-0.297,-0.113,-0.079,-0.158,-0.279,-0.214,-0.339,0.998,0.999,1.0
20,.,1.0,-0.168,-0.253,-0.197,-0.167,-0.169,-0.186,-0.107,-0.12,-0.141,-0.229,-0.179,-0.247,-0.44,-0.446,-0.459
20,A1_1,-0.168,1.0,0.588,0.648,-0.068,-0.306,0.133,0.353,0.218,-0.193,-0.022,0.105,0.015,-0.271,-0.277,-0.274
20,A1_2,-0.253,0.588,1.0,0.683,0.013,0.189,-0.067,0.246,0.556,0.111,-0.051,0.221,-0.133,-0.315,-0.317,-0.29
20,A1_3,-0.197,0.648,0.683,1.0,0.19,-0.183,-0.188,0.337,-0.142,-0.055,0.134,-0.078,-0.135,-0.246,-0.24,-0.221
20,B1_1,-0.167,-0.068,0.013,0.19,1.0,0.516,0.71,-0.289,-0.495,0.031,0.111,-0.065,-0.11,-0.236,-0.226,-0.241
20,B1_2,-0.169,-0.306,0.189,-0.183,0.516,1.0,0.555,-0.022,0.198,0.107,-0.21,0.223,0.167,-0.27,-0.266,-0.252
20,B1_3,-0.186,0.133,-0.067,-0.188,0.71,0.555,1.0,-0.052,-0.049,0.12,-0.098,-0.006,0.093,-0.286,-0.283,-0.304
20,A2_1,-0.107,0.353,0.246,0.337,-0.289,-0.022,-0.052,1.0,0.291,0.442,-0.325,-0.513,0.041,-0.146,-0.137,-0.113
20,A2_2,-0.12,0.218,0.556,-0.142,-0.495,0.198,-0.049,0.291,1.0,0.327,-0.287,0.186,-0.011,-0.084,-0.093,-0.074
20,A2_3,-0.141,-0.193,0.111,-0.055,0.031,0.107,0.12,0.442,0.327,1.0,0.112,-0.493,-0.061,-0.174,-0.159,-0.157
20,B2_1,-0.229,-0.022,-0.051,0.134,0.111,-0.21,-0.098,-0.325,-0.287,0.112,1.0,0.475,0.643,-0.277,-0.273,-0.28
20,B2_2,-0.179,0.105,0.221,-0.078,-0.065,0.223,-0.006,-0.513,0.186,-0.493,0.475,1.0,0.627,-0.21,-0.223,-0.217
20,B2_3,-0.247,0.015,-0.133,-0.135,-0.11,0.167,0.093,0.041,-0.011,-0.061,0.643,0.627,1.0,-0.345,-0.346,-0.338
20,y1,-0.44,-0.271,-0.315,-0.246,-0.236,-0.27,-0.286,-0.146,-0.084,-0.174,-0.277,-0.21,-0.345,1.0,1.0,0.998
20,y2,-0.446,-0.277,-0.317,-0.24,-0.226,-0.266,-0.283,-0.137,-0.093,-0.159,-0.273,-0.223,-0.346,1.0,1.0,0.999
20,y3,-0.459,-0.274,-0.29,-0.221,-0.241,-0.252,-0.304,-0.113,-0.074,-0.157,-0.28,-0.217,-0.338,0.998,0.999,1.0
