,,.,A1_1,A1_2,A1_3,B1_1,B1_2,B1_3,A2_1,A2_2,A2_3,B2_1,B2_2,B2_3,y1,y2,y3
0,.,1.0,-0.243,-0.397,-0.558,-0.468,-0.309,-0.47,-0.593,-0.517,-0.334,-0.427,-0.615,-0.494,0.884,0.865,0.845
0,A1_1,-0.243,1.0,0.795,0.671,0.649,0.742,0.633,0.607,0.781,0.844,0.768,0.659,0.644,-0.217,-0.181,-0.092
0,A1_2,-0.397,0.795,1.0,0.817,0.787,0.75,0.773,0.76,0.841,0.821,0.779,0.77,0.787,-0.421,-0.364,-0.302
0,A1_3,-0.558,0.671,0.817,1.0,0.864,0.734,0.816,0.942,0.838,0.778,0.777,0.779,0.833,-0.602,-0.529,-0.453
0,B1_1,-0.468,0.649,0.787,0.864,1.0,0.791,0.896,0.83,0.803,0.749,0.829,0.828,0.867,-0.449,-0.402,-0.303
0,B1_2,-0.309,0.742,0.75,0.734,0.791,1.0,0.787,0.668,0.757,0.782,0.796,0.702,0.758,-0.3,-0.272,-0.12
0,B1_3,-0.47,0.633,0.773,0.816,0.896,0.787,1.0,0.797,0.848,0.787,0.861,0.829,0.859,-0.443,-0.405,-0.329
0,A2_1,-0.593,0.607,0.76,0.942,0.83,0.668,0.797,1.0,0.823,0.745,0.785,0.785,0.793,-0.607,-0.525,-0.474
0,A2_2,-0.517,0.781,0.841,0.838,0.803,0.757,0.848,0.823,1.0,0.844,0.87,0.857,0.821,-0.47,-0.438,-0.333
0,A2_3,-0.334,0.844,0.821,0.778,0.749,0.782,0.787,0.745,0.844,1.0,0.85,0.765,0.805,-0.374,-0.34,-0.217
0,B2_1,-0.427,0.768,0.779,0.777,0.829,0.796,0.861,0.785,0.87,0.85,1.0,0.822,0.797,-0.413,-0.375,-0.269
0,B2_2,-0.615,0.659,0.77,0.779,0.828,0.702,0.829,0.785,0.857,0.765,0.822,1.0,0.839,-0.586,-0.552,-0.487
0,B2_3,-0.494,0.644,0.787,0.833,0.867,0.758,0.859,0.793,0.821,0.805,0.797,0.839,1.0,-0.556,-0.501,-0.402
0,y1,0.884,-0.217,-0.421,-0.602,-0.449,-0.3,-0.443,-0.607,-0.47,-0.374,-0.413,-0.586,-0.556,1.0,0.91,0.897
0,y2,0.865,-0.181,-0.364,-0.529,-0.402,-0.272,-0.405,-0.525,-0.438,-0.34,-0.375,-0.552,-0.501,0.91,1.0,0.882
0,y3,0.845,-0.092,-0.302,-0.453,-0.303,-0.12,-0.329,-0.474,-0.333,-0.217,-0.269,-0.487,-0.402,0.897,0.882,1.0
1,.,1.0,0.575,0.72,0.808,0.847,0.728,0.666,0.795,0.819,0.836,0.847,0.786,0.886,0.91,0.925,0.93
1,A1_1,0.575,1.0,0.812,0.767,0.686,0.796,0.764,0.801,0.749,0.738,0.691,0.813,0.676,0.619,0.552,0.621
1,A1_2,0.72,0.812,1.0,0.917,0.873,0.886,0.827,0.864,0.908,0.895,0.864,0.881,0.855,0.71,0.693,0.749
1,A1_3,0.808,0.767,0.917,1.0,0.921,0.87,0.816,0.92,0.957,0.934,0.911,0.886,0.935,0.781,0.779,0.807
1,B1_1,0.847,0.686,0.873,0.921,1.0,0.914,0.788,0.862,0.909,0.932,0.929,0.847,0.953,0.811,0.804,0.853
1,B1_2,0.728,0.796,0.886,0.87,0.914,1.0,0.831,0.856,0.859,0.881,0.873,0.86,0.876,0.723,0.662,0.754
1,B1_3,0.666,0.764,0.827,0.816,0.788,0.831,1.0,0.885,0.81,0.787,0.787,0.886,0.812,0.732,0.645,0.711
1,A2_1,0.795,0.801,0.864,0.92,0.862,0.856,0.885,1.0,0.894,0.887,0.876,0.919,0.89,0.814,0.766,0.821
1,A2_2,0.819,0.749,0.908,0.957,0.909,0.859,0.81,0.894,1.0,0.967,0.944,0.91,0.939,0.805,0.784,0.823
1,A2_3,0.836,0.738,0.895,0.934,0.932,0.881,0.787,0.887,0.967,1.0,0.966,0.902,0.944,0.794,0.784,0.828
1,B2_1,0.847,0.691,0.864,0.911,0.929,0.873,0.787,0.876,0.944,0.966,1.0,0.903,0.941,0.824,0.804,0.832
1,B2_2,0.786,0.813,0.881,0.886,0.847,0.86,0.886,0.919,0.91,0.902,0.903,1.0,0.882,0.797,0.75,0.795
1,B2_3,0.886,0.676,0.855,0.935,0.953,0.876,0.812,0.89,0.939,0.944,0.941,0.882,1.0,0.845,0.838,0.866
1,y1,0.91,0.619,0.71,0.781,0.811,0.723,0.732,0.814,0.805,0.794,0.824,0.797,0.845,1.0,0.905,0.945
1,y2,0.925,0.552,0.693,0.779,0.804,0.662,0.645,0.766,0.784,0.784,0.804,0.75,0.838,0.905,1.0,0.916
1,y3,0.93,0.621,0.749,0.807,0.853,0.754,0.711,0.821,0.823,0.828,0.832,0.795,0.866,0.945,0.916,1.0
2,.,1.0,0.658,0.831,0.855,0.808,0.838,0.87,0.875,0.86,0.883,0.878,0.91,0.909,0.898,0.919,0.927
2,A1_1,0.658,1.0,0.831,0.799,0.712,0.768,0.705,0.758,0.797,0.8,0.713,0.755,0.707,0.695,0.63,0.706
2,A1_2,0.831,0.831,1.0,0.935,0.851,0.835,0.829,0.9,0.933,0.912,0.861,0.901,0.871,0.818,0.818,0.852
2,A1_3,0.855,0.799,0.935,1.0,0.91,0.864,0.85,0.955,0.956,0.928,0.904,0.917,0.911,0.828,0.823,0.859
2,B1_1,0.808,0.712,0.851,0.91,1.0,0.907,0.823,0.912,0.869,0.888,0.907,0.897,0.893,0.784,0.776,0.825
2,B1_2,0.838,0.768,0.835,0.864,0.907,1.0,0.886,0.898,0.848,0.876,0.889,0.887,0.899,0.857,0.79,0.871
2,B1_3,0.87,0.705,0.829,0.85,0.823,0.886,1.0,0.887,0.869,0.867,0.877,0.888,0.924,0.894,0.841,0.884
2,A2_1,0.875,0.758,0.9,0.955,0.912,0.898,0.887,1.0,0.942,0.946,0.944,0.939,0.935,0.872,0.858,0.89
2,A2_2,0.86,0.797,0.933,0.956,0.869,0.848,0.869,0.942,1.0,0.955,0.911,0.937,0.913,0.837,0.821,0.867
2,A2_3,0.883,0.8,0.912,0.928,0.888,0.876,0.867,0.946,0.955,1.0,0.933,0.942,0.916,0.854,0.843,0.891
2,B2_1,0.878,0.713,0.861,0.904,0.907,0.889,0.877,0.944,0.911,0.933,1.0,0.956,0.93,0.874,0.866,0.884
2,B2_2,0.91,0.755,0.901,0.917,0.897,0.887,0.888,0.939,0.937,0.942,0.956,1.0,0.942,0.864,0.866,0.879
2,B2_3,0.909,0.707,0.871,0.911,0.893,0.899,0.924,0.935,0.913,0.916,0.93,0.942,1.0,0.88,0.871,0.898
2,y1,0.898,0.695,0.818,0.828,0.784,0.857,0.894,0.872,0.837,0.854,0.874,0.864,0.88,1.0,0.913,0.952
2,y2,0.919,0.63,0.818,0.823,0.776,0.79,0.841,0.858,0.821,0.843,0.866,0.866,0.871,0.913,1.0,0.923
2,y3,0.927,0.706,0.852,0.859,0.825,0.871,0.884,0.89,0.867,0.891,0.884,0.879,0.898,0.952,0.923,1.0
3,.,1.0,0.689,0.846,0.874,0.833,0.88,0.871,0.873,0.854,0.868,0.879,0.915,0.896,0.869,0.889,0.915
3,A1_1,0.689,1.0,0.831,0.808,0.693,0.713,0.673,0.791,0.87,0.809,0.719,0.749,0.694,0.712,0.659,0.721
3,A1_2,0.846,0.831,1.0,0.939,0.845,0.817,0.809,0.913,0.91,0.92,0.841,0.887,0.847,0.827,0.825,0.857
3,A1_3,0.874,0.808,0.939,1.0,0.885,0.847,0.836,0.956,0.916,0.923,0.882,0.902,0.887,0.834,0.84,0.866
3,B1_1,0.833,0.693,0.845,0.885,1.0,0.922,0.851,0.901,0.778,0.904,0.892,0.886,0.911,0.802,0.794,0.847
3,B1_2,0.88,0.713,0.817,0.847,0.922,1.0,0.899,0.881,0.813,0.867,0.909,0.895,0.936,0.861,0.828,0.887
3,B1_3,0.871,0.673,0.809,0.836,0.851,0.899,1.0,0.87,0.845,0.836,0.914,0.907,0.942,0.883,0.851,0.867
3,A2_1,0.873,0.791,0.913,0.956,0.901,0.881,0.87,1.0,0.909,0.947,0.927,0.933,0.907,0.875,0.867,0.896
3,A2_2,0.854,0.87,0.91,0.916,0.778,0.813,0.845,0.909,1.0,0.903,0.846,0.883,0.844,0.852,0.816,0.851
3,A2_3,0.868,0.809,0.92,0.923,0.904,0.867,0.836,0.947,0.903,1.0,0.888,0.913,0.883,0.828,0.828,0.876
3,B2_1,0.879,0.719,0.841,0.882,0.892,0.909,0.914,0.927,0.846,0.888,1.0,0.955,0.932,0.898,0.885,0.899
3,B2_2,0.915,0.749,0.887,0.902,0.886,0.895,0.907,0.933,0.883,0.913,0.955,1.0,0.928,0.881,0.88,0.889
3,B2_3,0.896,0.694,0.847,0.887,0.911,0.936,0.942,0.907,0.844,0.883,0.932,0.928,1.0,0.86,0.858,0.888
3,y1,0.869,0.712,0.827,0.834,0.802,0.861,0.883,0.875,0.852,0.828,0.898,0.881,0.86,1.0,0.925,0.943
3,y2,0.889,0.659,0.825,0.84,0.794,0.828,0.851,0.867,0.816,0.828,0.885,0.88,0.858,0.925,1.0,0.928
3,y3,0.915,0.721,0.857,0.866,0.847,0.887,0.867,0.896,0.851,0.876,0.899,0.889,0.888,0.943,0.928,1.0
4,.,1.0,0.663,0.807,0.831,0.816,0.835,0.827,0.849,0.816,0.833,0.832,0.89,0.868,0.831,0.85,0.876
4,A1_1,0.663,1.0,0.847,0.854,0.671,0.691,0.635,0.797,0.888,0.819,0.655,0.72,0.665,0.672,0.63,0.68
4,A1_2,0.807,0.847,1.0,0.939,0.818,0.768,0.751,0.91,0.916,0.908,0.769,0.842,0.807,0.771,0.773,0.797
4,A1_3,0.831,0.854,0.939,1.0,0.86,0.808,0.789,0.957,0.931,0.918,0.821,0.87,0.849,0.803,0.792,0.815
4,B1_1,0.816,0.671,0.818,0.86,1.0,0.919,0.873,0.888,0.758,0.865,0.902,0.888,0.924,0.799,0.792,0.822
4,B1_2,0.835,0.691,0.768,0.808,0.919,1.0,0.904,0.851,0.77,0.825,0.898,0.864,0.919,0.825,0.774,0.831
4,B1_3,0.827,0.635,0.751,0.789,0.873,0.904,1.0,0.845,0.777,0.797,0.919,0.881,0.93,0.853,0.812,0.825
4,A2_1,0.849,0.797,0.91,0.957,0.888,0.851,0.845,1.0,0.912,0.94,0.883,0.904,0.884,0.851,0.841,0.856
4,A2_2,0.816,0.888,0.916,0.931,0.758,0.77,0.777,0.912,1.0,0.913,0.764,0.838,0.795,0.782,0.754,0.784
4,A2_3,0.833,0.819,0.908,0.918,0.865,0.825,0.797,0.94,0.913,1.0,0.833,0.871,0.835,0.808,0.806,0.833
4,B2_1,0.832,0.655,0.769,0.821,0.902,0.898,0.919,0.883,0.764,0.833,1.0,0.934,0.923,0.872,0.863,0.858
4,B2_2,0.89,0.72,0.842,0.87,0.888,0.864,0.881,0.904,0.838,0.871,0.934,1.0,0.926,0.833,0.845,0.835
4,B2_3,0.868,0.665,0.807,0.849,0.924,0.919,0.93,0.884,0.795,0.835,0.923,0.926,1.0,0.823,0.818,0.835
4,y1,0.831,0.672,0.771,0.803,0.799,0.825,0.853,0.851,0.782,0.808,0.872,0.833,0.823,1.0,0.924,0.945
4,y2,0.85,0.63,0.773,0.792,0.792,0.774,0.812,0.841,0.754,0.806,0.863,0.845,0.818,0.924,1.0,0.926
4,y3,0.876,0.68,0.797,0.815,0.822,0.831,0.825,0.856,0.784,0.833,0.858,0.835,0.835,0.945,0.926,1.0
5,.,1.0,0.578,0.733,0.743,0.775,0.779,0.753,0.793,0.711,0.746,0.766,0.818,0.802,0.706,0.72,0.747
5,A1_1,0.578,1.0,0.867,0.894,0.565,0.6,0.514,0.795,0.892,0.817,0.489,0.594,0.539,0.589,0.539,0.594
5,A1_2,0.733,0.867,1.0,0.942,0.686,0.65,0.603,0.896,0.921,0.889,0.591,0.714,0.66,0.697,0.692,0.711
5,A1_3,0.743,0.894,0.942,1.0,0.728,0.691,0.63,0.942,0.943,0.913,0.628,0.733,0.692,0.702,0.68,0.711
5,B1_1,0.775,0.565,0.686,0.728,1.0,0.929,0.875,0.806,0.613,0.698,0.904,0.894,0.929,0.793,0.78,0.786
5,B1_2,0.779,0.6,0.65,0.691,0.929,1.0,0.898,0.762,0.619,0.661,0.887,0.849,0.915,0.74,0.687,0.727
5,B1_3,0.753,0.514,0.603,0.63,0.875,0.898,1.0,0.724,0.591,0.602,0.912,0.848,0.917,0.774,0.738,0.742
5,A2_1,0.793,0.795,0.896,0.942,0.806,0.762,0.724,1.0,0.9,0.927,0.739,0.814,0.777,0.782,0.762,0.777
5,A2_2,0.711,0.892,0.921,0.943,0.613,0.619,0.591,0.9,1.0,0.924,0.557,0.675,0.617,0.68,0.636,0.671
5,A2_3,0.746,0.817,0.889,0.913,0.698,0.661,0.602,0.927,0.924,1.0,0.615,0.721,0.647,0.719,0.71,0.731
5,B2_1,0.766,0.489,0.591,0.628,0.904,0.887,0.912,0.739,0.557,0.615,1.0,0.931,0.927,0.788,0.784,0.764
5,B2_2,0.818,0.594,0.714,0.733,0.894,0.849,0.848,0.814,0.675,0.721,0.931,1.0,0.928,0.789,0.797,0.773
5,B2_3,0.802,0.539,0.66,0.692,0.929,0.915,0.917,0.777,0.617,0.647,0.927,0.928,1.0,0.768,0.76,0.755
5,y1,0.706,0.589,0.697,0.702,0.793,0.74,0.774,0.782,0.68,0.719,0.788,0.789,0.768,1.0,0.928,0.954
5,y2,0.72,0.539,0.692,0.68,0.78,0.687,0.738,0.762,0.636,0.71,0.784,0.797,0.76,0.928,1.0,0.929
5,y3,0.747,0.594,0.711,0.711,0.786,0.727,0.742,0.777,0.671,0.731,0.764,0.773,0.755,0.954,0.929,1.0
6,.,1.0,0.44,0.498,0.56,0.612,0.584,0.552,0.476,0.426,0.495,0.606,0.639,0.668,0.363,0.381,0.399
6,A1_1,0.44,1.0,0.899,0.925,0.27,0.449,0.385,0.835,0.902,0.895,0.24,0.294,0.272,0.428,0.39,0.413
6,A1_2,0.498,0.899,1.0,0.93,0.259,0.357,0.332,0.869,0.926,0.917,0.194,0.245,0.237,0.482,0.469,0.478
6,A1_3,0.56,0.925,0.93,1.0,0.247,0.364,0.317,0.869,0.924,0.913,0.195,0.237,0.245,0.365,0.356,0.375
6,B1_1,0.612,0.27,0.259,0.247,1.0,0.877,0.861,0.295,0.159,0.215,0.895,0.904,0.905,0.694,0.704,0.695
6,B1_2,0.584,0.449,0.357,0.364,0.877,1.0,0.898,0.374,0.3,0.347,0.848,0.869,0.881,0.599,0.558,0.58
6,B1_3,0.552,0.385,0.332,0.317,0.861,0.898,1.0,0.345,0.272,0.295,0.893,0.891,0.888,0.626,0.602,0.597
6,A2_1,0.476,0.835,0.869,0.869,0.295,0.374,0.345,1.0,0.925,0.932,0.25,0.288,0.275,0.588,0.569,0.568
6,A2_2,0.426,0.902,0.926,0.924,0.159,0.3,0.272,0.925,1.0,0.962,0.132,0.181,0.167,0.461,0.419,0.434
6,A2_3,0.495,0.895,0.917,0.913,0.215,0.347,0.295,0.932,0.962,1.0,0.177,0.225,0.199,0.479,0.462,0.472
6,B2_1,0.606,0.24,0.194,0.195,0.895,0.848,0.893,0.25,0.132,0.177,1.0,0.971,0.939,0.616,0.618,0.603
6,B2_2,0.639,0.294,0.245,0.237,0.904,0.869,0.891,0.288,0.181,0.225,0.971,1.0,0.947,0.628,0.629,0.623
6,B2_3,0.668,0.272,0.237,0.245,0.905,0.881,0.888,0.275,0.167,0.199,0.939,0.947,1.0,0.565,0.577,0.559
6,y1,0.363,0.428,0.482,0.365,0.694,0.599,0.626,0.588,0.461,0.479,0.616,0.628,0.565,1.0,0.94,0.952
6,y2,0.381,0.39,0.469,0.356,0.704,0.558,0.602,0.569,0.419,0.462,0.618,0.629,0.577,0.94,1.0,0.942
6,y3,0.399,0.413,0.478,0.375,0.695,0.58,0.597,0.568,0.434,0.472,0.603,0.623,0.559,0.952,0.942,1.0
7,.,1.0,0.367,0.387,0.474,0.543,0.542,0.51,0.424,0.356,0.438,0.558,0.547,0.608,0.277,0.275,0.293
7,A1_1,0.367,1.0,0.913,0.933,0.158,0.288,0.26,0.863,0.919,0.909,0.181,0.167,0.172,0.343,0.335,0.373
7,A1_2,0.387,0.913,1.0,0.938,0.095,0.181,0.177,0.888,0.942,0.928,0.103,0.114,0.104,0.369,0.378,0.394
7,A1_3,0.474,0.933,0.938,1.0,0.105,0.197,0.197,0.908,0.945,0.934,0.124,0.11,0.136,0.274,0.291,0.323
7,B1_1,0.543,0.158,0.095,0.105,1.0,0.938,0.944,0.14,0.056,0.113,0.939,0.94,0.945,0.619,0.603,0.597
7,B1_2,0.542,0.288,0.181,0.197,0.938,1.0,0.934,0.212,0.161,0.208,0.912,0.898,0.923,0.562,0.523,0.534
7,B1_3,0.51,0.26,0.177,0.197,0.944,0.934,1.0,0.216,0.163,0.2,0.935,0.921,0.926,0.556,0.525,0.518
7,A2_1,0.424,0.863,0.888,0.908,0.14,0.212,0.216,1.0,0.939,0.953,0.175,0.175,0.168,0.448,0.464,0.482
7,A2_2,0.356,0.919,0.942,0.945,0.056,0.161,0.163,0.939,1.0,0.964,0.091,0.092,0.089,0.36,0.353,0.381
7,A2_3,0.438,0.909,0.928,0.934,0.113,0.208,0.2,0.953,0.964,1.0,0.145,0.146,0.131,0.395,0.406,0.428
7,B2_1,0.558,0.181,0.103,0.124,0.939,0.912,0.935,0.175,0.091,0.145,1.0,0.972,0.949,0.573,0.553,0.541
7,B2_2,0.547,0.167,0.114,0.11,0.94,0.898,0.921,0.175,0.092,0.146,0.972,1.0,0.945,0.62,0.602,0.593
7,B2_3,0.608,0.172,0.104,0.136,0.945,0.923,0.926,0.168,0.089,0.131,0.949,0.945,1.0,0.517,0.511,0.499
7,y1,0.277,0.343,0.369,0.274,0.619,0.562,0.556,0.448,0.36,0.395,0.573,0.62,0.517,1.0,0.954,0.96
7,y2,0.275,0.335,0.378,0.291,0.603,0.523,0.525,0.464,0.353,0.406,0.553,0.602,0.511,0.954,1.0,0.954
7,y3,0.293,0.373,0.394,0.323,0.597,0.534,0.518,0.482,0.381,0.428,0.541,0.593,0.499,0.96,0.954,1.0
8,.,1.0,0.273,0.254,0.312,0.414,0.436,0.386,0.212,0.251,0.306,0.438,0.445,0.467,0.147,0.134,0.173
8,A1_1,0.273,1.0,0.923,0.948,0.102,0.199,0.188,0.921,0.93,0.926,0.126,0.135,0.118,0.215,0.221,0.24
8,A1_2,0.254,0.923,1.0,0.952,0.002,0.068,0.087,0.937,0.948,0.939,0.018,0.031,0.009,0.228,0.241,0.249
8,A1_3,0.312,0.948,0.952,1.0,0.003,0.077,0.088,0.95,0.959,0.943,0.024,0.024,0.027,0.154,0.174,0.188
8,B1_1,0.414,0.102,0.002,0.003,1.0,0.954,0.969,-0.011,-0.019,0.021,0.948,0.952,0.959,0.488,0.474,0.476
8,B1_2,0.436,0.199,0.068,0.077,0.954,1.0,0.94,0.062,0.065,0.099,0.929,0.931,0.946,0.453,0.423,0.436
8,B1_3,0.386,0.188,0.087,0.088,0.969,0.94,1.0,0.076,0.081,0.105,0.944,0.949,0.945,0.474,0.452,0.442
8,A2_1,0.212,0.921,0.937,0.95,-0.011,0.062,0.076,1.0,0.967,0.964,0.031,0.027,0.016,0.265,0.29,0.292
8,A2_2,0.251,0.93,0.948,0.959,-0.019,0.065,0.081,0.967,1.0,0.968,0.023,0.024,0.014,0.227,0.229,0.242
8,A2_3,0.306,0.926,0.939,0.943,0.021,0.099,0.105,0.964,0.968,1.0,0.064,0.067,0.04,0.285,0.299,0.309
8,B2_1,0.438,0.126,0.018,0.024,0.948,0.929,0.944,0.031,0.023,0.064,1.0,0.982,0.956,0.496,0.472,0.468
8,B2_2,0.445,0.135,0.031,0.024,0.952,0.931,0.949,0.027,0.024,0.067,0.982,1.0,0.958,0.478,0.458,0.458
8,B2_3,0.467,0.118,0.009,0.027,0.959,0.946,0.945,0.016,0.014,0.04,0.956,0.958,1.0,0.421,0.41,0.413
8,y1,0.147,0.215,0.228,0.154,0.488,0.453,0.474,0.265,0.227,0.285,0.496,0.478,0.421,1.0,0.963,0.964
8,y2,0.134,0.221,0.241,0.174,0.474,0.423,0.452,0.29,0.229,0.299,0.472,0.458,0.41,0.963,1.0,0.964
8,y3,0.173,0.24,0.249,0.188,0.476,0.436,0.442,0.292,0.242,0.309,0.468,0.458,0.413,0.964,0.964,1.0
9,.,1.0,0.184,0.194,0.26,0.414,0.413,0.384,0.158,0.177,0.229,0.443,0.425,0.454,0.161,0.156,0.181
9,A1_1,0.184,1.0,0.932,0.943,0.077,0.168,0.169,0.934,0.937,0.943,0.117,0.114,0.104,0.205,0.216,0.227
9,A1_2,0.194,0.932,1.0,0.955,0.028,0.083,0.12,0.949,0.958,0.948,0.057,0.065,0.052,0.201,0.223,0.225
9,A1_3,0.26,0.943,0.955,1.0,0.0,0.063,0.09,0.958,0.957,0.946,0.035,0.024,0.038,0.12,0.149,0.158
9,B1_1,0.414,0.077,0.028,0.0,1.0,0.953,0.971,-0.006,0.002,0.035,0.953,0.957,0.962,0.472,0.445,0.442
9,B1_2,0.413,0.168,0.083,0.063,0.953,1.0,0.941,0.059,0.075,0.106,0.932,0.931,0.942,0.43,0.389,0.392
9,B1_3,0.384,0.169,0.12,0.09,0.971,0.941,1.0,0.093,0.109,0.129,0.956,0.958,0.956,0.447,0.413,0.4
9,A2_1,0.158,0.934,0.949,0.958,-0.006,0.059,0.093,1.0,0.968,0.963,0.044,0.038,0.039,0.206,0.24,0.24
9,A2_2,0.177,0.937,0.958,0.957,0.002,0.075,0.109,0.968,1.0,0.971,0.051,0.048,0.046,0.211,0.222,0.231
9,A2_3,0.229,0.943,0.948,0.946,0.035,0.106,0.129,0.963,0.971,1.0,0.085,0.085,0.067,0.266,0.29,0.292
9,B2_1,0.443,0.117,0.057,0.035,0.953,0.932,0.956,0.044,0.051,0.085,1.0,0.981,0.959,0.461,0.43,0.419
9,B2_2,0.425,0.114,0.065,0.024,0.957,0.931,0.958,0.038,0.048,0.085,0.981,1.0,0.96,0.472,0.444,0.435
9,B2_3,0.454,0.104,0.052,0.038,0.962,0.942,0.956,0.039,0.046,0.067,0.959,0.96,1.0,0.41,0.39,0.383
9,y1,0.161,0.205,0.201,0.12,0.472,0.43,0.447,0.206,0.211,0.266,0.461,0.472,0.41,1.0,0.964,0.967
9,y2,0.156,0.216,0.223,0.149,0.445,0.389,0.413,0.24,0.222,0.29,0.43,0.444,0.39,0.964,1.0,0.965
9,y3,0.181,0.227,0.225,0.158,0.442,0.392,0.4,0.24,0.231,0.292,0.419,0.435,0.383,0.967,0.965,1.0
10,.,1.0,0.125,0.122,0.184,0.359,0.359,0.337,0.088,0.126,0.168,0.381,0.374,0.388,0.138,0.133,0.164
10,A1_1,0.125,1.0,0.937,0.944,0.076,0.151,0.156,0.941,0.941,0.951,0.116,0.117,0.109,0.16,0.167,0.176
10,A1_2,0.122,0.937,1.0,0.961,0.037,0.077,0.121,0.959,0.962,0.951,0.064,0.071,0.068,0.145,0.158,0.162
10,A1_3,0.184,0.944,0.961,1.0,0.026,0.068,0.107,0.966,0.964,0.948,0.05,0.045,0.064,0.074,0.094,0.104
10,B1_1,0.359,0.076,0.037,0.026,1.0,0.956,0.975,0.014,0.019,0.044,0.951,0.956,0.962,0.405,0.388,0.382
10,B1_2,0.359,0.151,0.077,0.068,0.956,1.0,0.944,0.061,0.076,0.102,0.937,0.938,0.946,0.377,0.349,0.348
10,B1_3,0.337,0.156,0.121,0.107,0.975,0.944,1.0,0.105,0.117,0.131,0.959,0.961,0.96,0.388,0.366,0.349
10,A2_1,0.088,0.941,0.959,0.966,0.014,0.061,0.105,1.0,0.971,0.962,0.057,0.053,0.064,0.143,0.166,0.167
10,A2_2,0.126,0.941,0.962,0.964,0.019,0.076,0.117,0.971,1.0,0.973,0.067,0.064,0.07,0.154,0.156,0.166
10,A2_3,0.168,0.951,0.951,0.948,0.044,0.102,0.131,0.962,0.973,1.0,0.096,0.095,0.086,0.215,0.23,0.233
10,B2_1,0.381,0.116,0.064,0.05,0.951,0.937,0.959,0.057,0.067,0.096,1.0,0.982,0.957,0.419,0.399,0.381
10,B2_2,0.374,0.117,0.071,0.045,0.956,0.938,0.961,0.053,0.064,0.095,0.982,1.0,0.961,0.413,0.397,0.382
10,B2_3,0.388,0.109,0.068,0.064,0.962,0.946,0.96,0.064,0.07,0.086,0.957,0.961,1.0,0.364,0.355,0.342
10,y1,0.138,0.16,0.145,0.074,0.405,0.377,0.388,0.143,0.154,0.215,0.419,0.413,0.364,1.0,0.967,0.97
10,y2,0.133,0.167,0.158,0.094,0.388,0.349,0.366,0.166,0.156,0.23,0.399,0.397,0.355,0.967,1.0,0.966
10,y3,0.164,0.176,0.162,0.104,0.382,0.348,0.349,0.167,0.166,0.233,0.381,0.382,0.342,0.97,0.966,1.0
11,.,1.0,0.035,0.027,0.088,0.271,0.275,0.255,0.009,0.048,0.093,0.299,0.299,0.304,0.128,0.126,0.162
11,A1_1,0.035,1.0,0.933,0.936,0.071,0.122,0.137,0.937,0.939,0.953,0.115,0.106,0.104,0.096,0.092,0.109
11,A1_2,0.027,0.933,1.0,0.962,0.06,0.067,0.129,0.962,0.961,0.948,0.082,0.077,0.087,0.068,0.07,0.085
11,A1_3,0.088,0.936,0.962,1.0,0.052,0.058,0.12,0.971,0.962,0.942,0.068,0.054,0.086,-0.003,0.003,0.026
11,B1_1,0.271,0.071,0.06,0.052,1.0,0.953,0.978,0.039,0.056,0.076,0.944,0.951,0.958,0.34,0.329,0.32
11,B1_2,0.275,0.122,0.067,0.058,0.953,1.0,0.943,0.057,0.082,0.11,0.936,0.942,0.945,0.325,0.305,0.299
11,B1_3,0.255,0.137,0.129,0.12,0.978,0.943,1.0,0.117,0.14,0.151,0.956,0.957,0.959,0.314,0.299,0.28
11,A2_1,0.009,0.937,0.962,0.971,0.039,0.057,0.117,1.0,0.972,0.959,0.08,0.064,0.088,0.062,0.071,0.082
11,A2_2,0.048,0.939,0.961,0.962,0.056,0.082,0.14,0.972,1.0,0.973,0.102,0.09,0.108,0.09,0.082,0.101
11,A2_3,0.093,0.953,0.948,0.942,0.076,0.11,0.151,0.959,0.973,1.0,0.131,0.119,0.122,0.155,0.157,0.17
11,B2_1,0.299,0.115,0.082,0.068,0.944,0.936,0.956,0.08,0.102,0.131,1.0,0.98,0.955,0.365,0.351,0.331
11,B2_2,0.299,0.106,0.077,0.054,0.951,0.942,0.957,0.064,0.09,0.119,0.98,1.0,0.96,0.356,0.348,0.328
11,B2_3,0.304,0.104,0.087,0.086,0.958,0.945,0.959,0.088,0.108,0.122,0.955,0.96,1.0,0.311,0.309,0.292
11,y1,0.128,0.096,0.068,-0.003,0.34,0.325,0.314,0.062,0.09,0.155,0.365,0.356,0.311,1.0,0.966,0.97
11,y2,0.126,0.092,0.07,0.003,0.329,0.305,0.299,0.071,0.082,0.157,0.351,0.348,0.309,0.966,1.0,0.967
11,y3,0.162,0.109,0.085,0.026,0.32,0.299,0.28,0.082,0.101,0.17,0.331,0.328,0.292,0.97,0.967,1.0
12,.,1.0,-0.004,0.017,0.099,0.283,0.275,0.275,0.01,0.023,0.064,0.312,0.299,0.311,0.095,0.102,0.133
12,A1_1,-0.004,1.0,0.938,0.934,0.046,0.095,0.118,0.94,0.939,0.956,0.091,0.084,0.083,0.095,0.094,0.102
12,A1_2,0.017,0.938,1.0,0.959,0.043,0.055,0.119,0.959,0.965,0.956,0.071,0.069,0.077,0.065,0.072,0.078
12,A1_3,0.099,0.934,0.959,1.0,0.028,0.043,0.108,0.967,0.961,0.949,0.058,0.041,0.071,-0.015,-0.004,0.008
12,B1_1,0.283,0.046,0.043,0.028,1.0,0.956,0.978,0.027,0.033,0.055,0.95,0.956,0.961,0.346,0.336,0.328
12,B1_2,0.275,0.095,0.055,0.043,0.956,1.0,0.944,0.05,0.061,0.087,0.937,0.943,0.948,0.31,0.292,0.288
12,B1_3,0.275,0.118,0.119,0.108,0.978,0.944,1.0,0.113,0.122,0.135,0.962,0.958,0.963,0.313,0.298,0.282
12,A2_1,0.01,0.94,0.959,0.967,0.027,0.05,0.113,1.0,0.972,0.965,0.075,0.06,0.083,0.055,0.069,0.069
12,A2_2,0.023,0.939,0.965,0.961,0.033,0.061,0.122,0.972,1.0,0.975,0.078,0.07,0.087,0.086,0.081,0.091
12,A2_3,0.064,0.956,0.956,0.949,0.055,0.087,0.135,0.965,0.975,1.0,0.105,0.098,0.1,0.137,0.144,0.149
12,B2_1,0.312,0.091,0.071,0.058,0.95,0.937,0.962,0.075,0.078,0.105,1.0,0.98,0.958,0.344,0.333,0.313
12,B2_2,0.299,0.084,0.069,0.041,0.956,0.943,0.958,0.06,0.07,0.098,0.98,1.0,0.96,0.363,0.358,0.339
12,B2_3,0.311,0.083,0.077,0.071,0.961,0.948,0.963,0.083,0.087,0.1,0.958,0.96,1.0,0.307,0.307,0.289
12,y1,0.095,0.095,0.065,-0.015,0.346,0.31,0.313,0.055,0.086,0.137,0.344,0.363,0.307,1.0,0.965,0.972
12,y2,0.102,0.094,0.072,-0.004,0.336,0.292,0.298,0.069,0.081,0.144,0.333,0.358,0.307,0.965,1.0,0.967
12,y3,0.133,0.102,0.078,0.008,0.328,0.288,0.282,0.069,0.091,0.149,0.313,0.339,0.289,0.972,0.967,1.0
13,.,1.0,-0.062,-0.045,0.028,0.214,0.213,0.213,-0.052,-0.03,0.013,0.239,0.237,0.243,0.063,0.079,0.108
13,A1_1,-0.062,1.0,0.939,0.938,0.028,0.066,0.08,0.943,0.939,0.955,0.075,0.07,0.061,0.045,0.039,0.053
13,A1_2,-0.045,0.939,1.0,0.962,0.03,0.032,0.086,0.964,0.966,0.959,0.056,0.055,0.059,0.017,0.018,0.03
13,A1_3,0.028,0.938,0.962,1.0,0.03,0.033,0.091,0.971,0.963,0.955,0.057,0.045,0.067,-0.057,-0.053,-0.035
13,B1_1,0.214,0.028,0.03,0.03,1.0,0.958,0.981,0.022,0.03,0.055,0.948,0.954,0.96,0.287,0.28,0.268
13,B1_2,0.213,0.066,0.032,0.033,0.958,1.0,0.948,0.035,0.048,0.078,0.939,0.947,0.95,0.253,0.242,0.231
13,B1_3,0.213,0.08,0.086,0.091,0.981,0.948,1.0,0.089,0.1,0.117,0.961,0.958,0.963,0.256,0.247,0.226
13,A2_1,-0.052,0.943,0.964,0.971,0.022,0.035,0.089,1.0,0.974,0.969,0.069,0.056,0.073,0.009,0.016,0.022
13,A2_2,-0.03,0.939,0.966,0.963,0.03,0.048,0.1,0.974,1.0,0.976,0.075,0.069,0.08,0.039,0.029,0.045
13,A2_3,0.013,0.955,0.959,0.955,0.055,0.078,0.117,0.969,0.976,1.0,0.105,0.1,0.098,0.085,0.088,0.099
13,B2_1,0.239,0.075,0.056,0.057,0.948,0.939,0.961,0.069,0.075,0.105,1.0,0.98,0.958,0.291,0.284,0.26
13,B2_2,0.237,0.07,0.055,0.045,0.954,0.947,0.958,0.056,0.069,0.1,0.98,1.0,0.959,0.306,0.306,0.283
13,B2_3,0.243,0.061,0.059,0.067,0.96,0.95,0.963,0.073,0.08,0.098,0.958,0.959,1.0,0.251,0.255,0.232
13,y1,0.063,0.045,0.017,-0.057,0.287,0.253,0.256,0.009,0.039,0.085,0.291,0.306,0.251,1.0,0.966,0.974
13,y2,0.079,0.039,0.018,-0.053,0.28,0.242,0.247,0.016,0.029,0.088,0.284,0.306,0.255,0.966,1.0,0.968
13,y3,0.108,0.053,0.03,-0.035,0.268,0.231,0.226,0.022,0.045,0.099,0.26,0.283,0.232,0.974,0.968,1.0
14,.,1.0,-0.083,-0.064,0.004,0.193,0.197,0.196,-0.065,-0.042,-0.005,0.219,0.218,0.222,0.025,0.047,0.074
14,A1_1,-0.083,1.0,0.942,0.938,0.003,0.036,0.05,0.944,0.942,0.957,0.053,0.046,0.04,0.021,0.021,0.031
14,A1_2,-0.064,0.942,1.0,0.965,0.002,-0.001,0.052,0.967,0.969,0.961,0.03,0.025,0.033,-0.01,-0.004,0.005
14,A1_3,0.004,0.938,0.965,1.0,-0.003,-0.007,0.051,0.976,0.965,0.954,0.025,0.009,0.034,-0.085,-0.075,-0.061
14,B1_1,0.193,0.003,0.002,-0.003,1.0,0.959,0.982,-0.009,0.006,0.033,0.949,0.955,0.96,0.265,0.256,0.242
14,B1_2,0.197,0.036,-0.001,-0.007,0.959,1.0,0.95,-0.001,0.019,0.052,0.941,0.95,0.951,0.24,0.228,0.215
14,B1_3,0.196,0.05,0.052,0.051,0.982,0.95,1.0,0.05,0.069,0.088,0.962,0.959,0.964,0.234,0.222,0.2
14,A2_1,-0.065,0.944,0.967,0.976,-0.009,-0.001,0.05,1.0,0.975,0.967,0.04,0.024,0.044,-0.022,-0.009,-0.008
14,A2_2,-0.042,0.942,0.969,0.965,0.006,0.019,0.069,0.975,1.0,0.977,0.052,0.043,0.057,0.016,0.012,0.026
14,A2_3,-0.005,0.957,0.961,0.954,0.033,0.052,0.088,0.967,0.977,1.0,0.086,0.079,0.079,0.063,0.072,0.079
14,B2_1,0.219,0.053,0.03,0.025,0.949,0.941,0.962,0.04,0.052,0.086,1.0,0.98,0.957,0.282,0.273,0.248
14,B2_2,0.218,0.046,0.025,0.009,0.955,0.95,0.959,0.024,0.043,0.079,0.98,1.0,0.96,0.292,0.289,0.265
14,B2_3,0.222,0.04,0.033,0.034,0.96,0.951,0.964,0.044,0.057,0.079,0.957,0.96,1.0,0.243,0.245,0.22
14,y1,0.025,0.021,-0.01,-0.085,0.265,0.24,0.234,-0.022,0.016,0.063,0.282,0.292,0.243,1.0,0.966,0.974
14,y2,0.047,0.021,-0.004,-0.075,0.256,0.228,0.222,-0.009,0.012,0.072,0.273,0.289,0.245,0.966,1.0,0.968
14,y3,0.074,0.031,0.005,-0.061,0.242,0.215,0.2,-0.008,0.026,0.079,0.248,0.265,0.22,0.974,0.968,1.0
15,.,1.0,-0.12,-0.103,-0.047,0.157,0.163,0.16,-0.108,-0.085,-0.04,0.175,0.181,0.188,0.02,0.043,0.068
15,A1_1,-0.12,1.0,0.944,0.941,-0.012,0.013,0.032,0.947,0.944,0.955,0.048,0.034,0.03,-0.018,-0.025,-0.01
15,A1_2,-0.103,0.944,1.0,0.967,-0.006,-0.018,0.04,0.97,0.97,0.962,0.031,0.018,0.028,-0.048,-0.049,-0.035
15,A1_3,-0.047,0.941,0.967,1.0,-0.015,-0.029,0.035,0.978,0.966,0.956,0.021,-0.001,0.025,-0.123,-0.12,-0.1
15,B1_1,0.157,-0.012,-0.006,-0.015,1.0,0.958,0.982,-0.018,0.001,0.034,0.947,0.954,0.96,0.225,0.218,0.202
15,B1_2,0.163,0.013,-0.018,-0.029,0.958,1.0,0.949,-0.019,0.004,0.045,0.941,0.951,0.953,0.209,0.199,0.185
15,B1_3,0.16,0.032,0.04,0.035,0.982,0.949,1.0,0.038,0.062,0.089,0.961,0.957,0.964,0.194,0.185,0.161
15,A2_1,-0.108,0.947,0.97,0.978,-0.018,-0.019,0.038,1.0,0.976,0.97,0.04,0.017,0.037,-0.057,-0.053,-0.046
15,A2_2,-0.085,0.944,0.97,0.966,0.001,0.004,0.062,0.976,1.0,0.978,0.056,0.041,0.056,-0.019,-0.027,-0.01
15,A2_3,-0.04,0.955,0.962,0.956,0.034,0.045,0.089,0.97,0.978,1.0,0.096,0.083,0.086,0.02,0.022,0.035
15,B2_1,0.175,0.048,0.031,0.021,0.947,0.941,0.961,0.04,0.056,0.096,1.0,0.98,0.957,0.248,0.241,0.215
15,B2_2,0.181,0.034,0.018,-0.001,0.954,0.951,0.957,0.017,0.041,0.083,0.98,1.0,0.958,0.26,0.26,0.235
15,B2_3,0.188,0.03,0.028,0.025,0.96,0.953,0.964,0.037,0.056,0.086,0.957,0.958,1.0,0.207,0.209,0.183
15,y1,0.02,-0.018,-0.048,-0.123,0.225,0.209,0.194,-0.057,-0.019,0.02,0.248,0.26,0.207,1.0,0.964,0.974
15,y2,0.043,-0.025,-0.049,-0.12,0.218,0.199,0.185,-0.053,-0.027,0.022,0.241,0.26,0.209,0.964,1.0,0.969
15,y3,0.068,-0.01,-0.035,-0.1,0.202,0.185,0.161,-0.046,-0.01,0.035,0.215,0.235,0.183,0.974,0.969,1.0
16,.,1.0,-0.137,-0.115,-0.068,0.124,0.123,0.131,-0.127,-0.101,-0.058,0.142,0.154,0.158,0.008,0.035,0.058
16,A1_1,-0.137,1.0,0.944,0.946,-0.022,0.005,0.01,0.952,0.946,0.953,0.042,0.03,0.023,-0.046,-0.057,-0.041
16,A1_2,-0.115,0.944,1.0,0.969,-0.012,-0.022,0.023,0.972,0.971,0.963,0.028,0.018,0.024,-0.074,-0.078,-0.062
16,A1_3,-0.068,0.946,0.969,1.0,-0.012,-0.024,0.028,0.978,0.968,0.959,0.03,0.012,0.032,-0.144,-0.146,-0.125
16,B1_1,0.124,-0.022,-0.012,-0.012,1.0,0.958,0.983,-0.01,0.004,0.034,0.946,0.953,0.96,0.211,0.204,0.189
16,B1_2,0.123,0.005,-0.022,-0.024,0.958,1.0,0.949,-0.009,0.008,0.047,0.941,0.952,0.953,0.194,0.185,0.171
16,B1_3,0.131,0.01,0.023,0.028,0.983,0.949,1.0,0.035,0.053,0.078,0.959,0.956,0.965,0.183,0.175,0.151
16,A2_1,-0.127,0.952,0.972,0.978,-0.01,-0.009,0.035,1.0,0.978,0.974,0.051,0.032,0.046,-0.07,-0.07,-0.061
16,A2_2,-0.101,0.946,0.971,0.968,0.004,0.008,0.053,0.978,1.0,0.98,0.061,0.05,0.059,-0.038,-0.05,-0.031
16,A2_3,-0.058,0.953,0.963,0.959,0.034,0.047,0.078,0.974,0.98,1.0,0.099,0.089,0.088,-0.003,-0.004,0.01
16,B2_1,0.142,0.042,0.028,0.03,0.946,0.941,0.959,0.051,0.061,0.099,1.0,0.98,0.959,0.23,0.224,0.199
16,B2_2,0.154,0.03,0.018,0.012,0.953,0.952,0.956,0.032,0.05,0.089,0.98,1.0,0.959,0.238,0.238,0.215
16,B2_3,0.158,0.023,0.024,0.032,0.96,0.953,0.965,0.046,0.059,0.088,0.959,0.959,1.0,0.185,0.187,0.162
16,y1,0.008,-0.046,-0.074,-0.144,0.211,0.194,0.183,-0.07,-0.038,-0.003,0.23,0.238,0.185,1.0,0.966,0.975
16,y2,0.035,-0.057,-0.078,-0.146,0.204,0.185,0.175,-0.07,-0.05,-0.004,0.224,0.238,0.187,0.966,1.0,0.97
16,y3,0.058,-0.041,-0.062,-0.125,0.189,0.171,0.151,-0.061,-0.031,0.01,0.199,0.215,0.162,0.975,0.97,1.0
17,.,1.0,-0.189,-0.162,-0.105,0.099,0.108,0.108,-0.151,-0.139,-0.103,0.124,0.12,0.133,-0.06,-0.02,-0.005
17,A1_1,-0.189,1.0,0.945,0.939,-0.055,-0.022,-0.023,0.945,0.944,0.954,0.008,-0.003,-0.008,-0.072,-0.067,-0.057
17,A1_2,-0.162,0.945,1.0,0.968,-0.061,-0.064,-0.028,0.974,0.972,0.963,-0.022,-0.033,-0.023,-0.113,-0.101,-0.092
17,A1_3,-0.105,0.939,0.968,1.0,-0.066,-0.07,-0.026,0.982,0.963,0.953,-0.022,-0.043,-0.019,-0.189,-0.173,-0.16
17,B1_1,0.099,-0.055,-0.061,-0.066,1.0,0.959,0.983,-0.064,-0.04,-0.006,0.945,0.957,0.958,0.161,0.162,0.136
17,B1_2,0.108,-0.022,-0.064,-0.07,0.959,1.0,0.953,-0.056,-0.026,0.016,0.94,0.955,0.95,0.147,0.145,0.12
17,B1_3,0.108,-0.023,-0.028,-0.026,0.983,0.953,1.0,-0.02,0.008,0.037,0.958,0.958,0.964,0.132,0.131,0.097
17,A2_1,-0.151,0.945,0.974,0.982,-0.064,-0.056,-0.02,1.0,0.974,0.967,-0.003,-0.023,-0.004,-0.129,-0.112,-0.11
17,A2_2,-0.139,0.944,0.972,0.963,-0.04,-0.026,0.008,0.974,1.0,0.979,0.017,0.006,0.017,-0.065,-0.063,-0.049
17,A2_3,-0.103,0.954,0.963,0.953,-0.006,0.016,0.037,0.967,0.979,1.0,0.057,0.05,0.05,-0.031,-0.017,-0.01
17,B2_1,0.124,0.008,-0.022,-0.022,0.945,0.94,0.958,-0.003,0.017,0.057,1.0,0.979,0.957,0.183,0.184,0.15
17,B2_2,0.12,-0.003,-0.033,-0.043,0.957,0.955,0.958,-0.023,0.006,0.05,0.979,1.0,0.959,0.197,0.204,0.171
17,B2_3,0.133,-0.008,-0.023,-0.019,0.958,0.95,0.964,-0.004,0.017,0.05,0.957,0.959,1.0,0.154,0.164,0.129
17,y1,-0.06,-0.072,-0.113,-0.189,0.161,0.147,0.132,-0.129,-0.065,-0.031,0.183,0.197,0.154,1.0,0.966,0.975
17,y2,-0.02,-0.067,-0.101,-0.173,0.162,0.145,0.131,-0.112,-0.063,-0.017,0.184,0.204,0.164,0.966,1.0,0.971
17,y3,-0.005,-0.057,-0.092,-0.16,0.136,0.12,0.097,-0.11,-0.049,-0.01,0.15,0.171,0.129,0.975,0.971,1.0
18,.,1.0,-0.234,-0.205,-0.152,0.06,0.074,0.069,-0.191,-0.185,-0.152,0.084,0.074,0.089,-0.072,-0.026,-0.012
18,A1_1,-0.234,1.0,0.944,0.936,-0.06,-0.029,-0.024,0.94,0.944,0.954,0.002,-0.007,-0.014,-0.095,-0.088,-0.079
18,A1_2,-0.205,0.944,1.0,0.968,-0.065,-0.071,-0.028,0.974,0.973,0.964,-0.029,-0.038,-0.028,-0.14,-0.126,-0.118
18,A1_3,-0.152,0.936,0.968,1.0,-0.079,-0.086,-0.036,0.984,0.962,0.95,-0.038,-0.058,-0.033,-0.22,-0.202,-0.191
18,B1_1,0.06,-0.06,-0.065,-0.079,1.0,0.959,0.982,-0.076,-0.047,-0.01,0.945,0.958,0.957,0.118,0.126,0.099
18,B1_2,0.074,-0.029,-0.071,-0.086,0.959,1.0,0.953,-0.071,-0.036,0.01,0.94,0.956,0.949,0.106,0.111,0.086
18,B1_3,0.069,-0.024,-0.028,-0.036,0.982,0.953,1.0,-0.028,0.004,0.038,0.959,0.959,0.964,0.09,0.097,0.062
18,A2_1,-0.191,0.94,0.974,0.984,-0.076,-0.071,-0.028,1.0,0.972,0.963,-0.018,-0.037,-0.017,-0.171,-0.152,-0.151
18,A2_2,-0.185,0.944,0.973,0.962,-0.047,-0.036,0.004,0.972,1.0,0.979,0.006,-0.001,0.009,-0.092,-0.088,-0.076
18,A2_3,-0.152,0.954,0.964,0.95,-0.01,0.01,0.038,0.963,0.979,1.0,0.05,0.046,0.046,-0.06,-0.042,-0.037
18,B2_1,0.084,0.002,-0.029,-0.038,0.945,0.94,0.959,-0.018,0.006,0.05,1.0,0.977,0.956,0.14,0.15,0.115
18,B2_2,0.074,-0.007,-0.038,-0.058,0.958,0.956,0.959,-0.037,-0.001,0.046,0.977,1.0,0.957,0.157,0.173,0.137
18,B2_3,0.089,-0.014,-0.028,-0.033,0.957,0.949,0.964,-0.017,0.009,0.046,0.956,0.957,1.0,0.12,0.138,0.101
18,y1,-0.072,-0.095,-0.14,-0.22,0.118,0.106,0.09,-0.171,-0.092,-0.06,0.14,0.157,0.12,1.0,0.964,0.975
18,y2,-0.026,-0.088,-0.126,-0.202,0.126,0.111,0.097,-0.152,-0.088,-0.042,0.15,0.173,0.138,0.964,1.0,0.971
18,y3,-0.012,-0.079,-0.118,-0.191,0.099,0.086,0.062,-0.151,-0.076,-0.037,0.115,0.137,0.101,0.975,0.971,1.0
19,.,1.0,-0.202,-0.18,-0.13,0.08,0.081,0.095,-0.178,-0.164,-0.127,0.088,0.088,0.096,-0.109,-0.076,-0.061
19,A1_1,-0.202,1.0,0.947,0.943,-0.107,-0.073,-0.083,0.948,0.945,0.952,-0.045,-0.054,-0.053,-0.096,-0.097,-0.078
19,A1_2,-0.18,0.947,1.0,0.97,-0.103,-0.104,-0.078,0.976,0.976,0.967,-0.062,-0.072,-0.058,-0.126,-0.119,-0.102
19,A1_3,-0.13,0.943,0.97,1.0,-0.112,-0.116,-0.082,0.984,0.967,0.957,-0.069,-0.087,-0.059,-0.207,-0.198,-0.177
19,B1_1,0.08,-0.107,-0.103,-0.112,1.0,0.961,0.983,-0.112,-0.085,-0.048,0.949,0.959,0.96,0.142,0.143,0.114
19,B1_2,0.081,-0.073,-0.104,-0.116,0.961,1.0,0.956,-0.105,-0.073,-0.028,0.944,0.957,0.953,0.129,0.127,0.102
19,B1_3,0.095,-0.083,-0.078,-0.082,0.983,0.956,1.0,-0.077,-0.046,-0.013,0.96,0.96,0.965,0.118,0.118,0.083
19,A2_1,-0.178,0.948,0.976,0.984,-0.112,-0.105,-0.077,1.0,0.975,0.968,-0.054,-0.073,-0.048,-0.151,-0.142,-0.131
19,A2_2,-0.164,0.945,0.976,0.967,-0.085,-0.073,-0.046,0.975,1.0,0.979,-0.031,-0.04,-0.024,-0.092,-0.095,-0.075
19,A2_3,-0.127,0.952,0.967,0.957,-0.048,-0.028,-0.013,0.968,0.979,1.0,0.012,0.006,0.013,-0.058,-0.05,-0.034
19,B2_1,0.088,-0.045,-0.062,-0.069,0.949,0.944,0.96,-0.054,-0.031,0.012,1.0,0.978,0.958,0.164,0.166,0.13
19,B2_2,0.088,-0.054,-0.072,-0.087,0.959,0.957,0.96,-0.073,-0.04,0.006,0.978,1.0,0.959,0.175,0.183,0.147
19,B2_3,0.096,-0.053,-0.058,-0.059,0.96,0.953,0.965,-0.048,-0.024,0.013,0.958,0.959,1.0,0.134,0.143,0.105
19,y1,-0.109,-0.096,-0.126,-0.207,0.142,0.129,0.118,-0.151,-0.092,-0.058,0.164,0.175,0.134,1.0,0.965,0.975
19,y2,-0.076,-0.097,-0.119,-0.198,0.143,0.127,0.118,-0.142,-0.095,-0.05,0.166,0.183,0.143,0.965,1.0,0.971
19,y3,-0.061,-0.078,-0.102,-0.177,0.114,0.102,0.083,-0.131,-0.075,-0.034,0.13,0.147,0.105,0.975,0.971,1.0
20,.,1.0,-0.215,-0.188,-0.135,0.083,0.078,0.093,-0.185,-0.18,-0.142,0.097,0.082,0.097,-0.113,-0.071,-0.059
20,A1_1,-0.215,1.0,0.948,0.945,-0.112,-0.08,-0.087,0.947,0.945,0.952,-0.058,-0.06,-0.061,-0.106,-0.104,-0.089
20,A1_2,-0.188,0.948,1.0,0.97,-0.105,-0.104,-0.078,0.974,0.976,0.969,-0.069,-0.07,-0.061,-0.127,-0.116,-0.104
20,A1_3,-0.135,0.945,0.97,1.0,-0.118,-0.12,-0.087,0.983,0.966,0.96,-0.078,-0.091,-0.066,-0.21,-0.196,-0.18
20,B1_1,0.083,-0.112,-0.105,-0.118,1.0,0.964,0.984,-0.112,-0.089,-0.053,0.953,0.962,0.962,0.147,0.146,0.122
20,B1_2,0.078,-0.08,-0.104,-0.12,0.964,1.0,0.957,-0.104,-0.078,-0.034,0.944,0.959,0.953,0.129,0.124,0.103
20,B1_3,0.093,-0.087,-0.078,-0.087,0.984,0.957,1.0,-0.076,-0.051,-0.018,0.963,0.962,0.966,0.127,0.125,0.093
20,A2_1,-0.185,0.947,0.974,0.983,-0.112,-0.104,-0.076,1.0,0.974,0.969,-0.06,-0.071,-0.05,-0.159,-0.144,-0.139
20,A2_2,-0.18,0.945,0.976,0.966,-0.089,-0.078,-0.051,0.974,1.0,0.979,-0.044,-0.044,-0.031,-0.091,-0.09,-0.074
20,A2_3,-0.142,0.952,0.969,0.96,-0.053,-0.034,-0.018,0.969,0.979,1.0,-0.002,0.001,0.004,-0.065,-0.052,-0.041
20,B2_1,0.097,-0.058,-0.069,-0.078,0.953,0.944,0.963,-0.06,-0.044,-0.002,1.0,0.977,0.96,0.159,0.16,0.128
20,B2_2,0.082,-0.06,-0.07,-0.091,0.962,0.959,0.962,-0.071,-0.044,0.001,0.977,1.0,0.959,0.183,0.189,0.157
20,B2_3,0.097,-0.061,-0.061,-0.066,0.962,0.953,0.966,-0.05,-0.031,0.004,0.96,0.959,1.0,0.133,0.141,0.106
20,y1,-0.113,-0.106,-0.127,-0.21,0.147,0.129,0.127,-0.159,-0.091,-0.065,0.159,0.183,0.133,1.0,0.964,0.975
20,y2,-0.071,-0.104,-0.116,-0.196,0.146,0.124,0.125,-0.144,-0.09,-0.052,0.16,0.189,0.141,0.964,1.0,0.971
20,y3,-0.059,-0.089,-0.104,-0.18,0.122,0.103,0.093,-0.139,-0.074,-0.041,0.128,0.157,0.106,0.975,0.971,1.0
21,.,1.0,-0.272,-0.229,-0.177,0.043,0.047,0.053,-0.219,-0.222,-0.193,0.062,0.039,0.061,-0.143,-0.089,-0.081
21,A1_1,-0.272,1.0,0.948,0.941,-0.127,-0.086,-0.1,0.945,0.946,0.955,-0.071,-0.073,-0.077,-0.135,-0.128,-0.117
21,A1_2,-0.229,0.948,1.0,0.97,-0.13,-0.122,-0.102,0.976,0.976,0.97,-0.095,-0.098,-0.088,-0.169,-0.154,-0.145
21,A1_3,-0.177,0.941,0.97,1.0,-0.143,-0.135,-0.109,0.985,0.963,0.958,-0.102,-0.116,-0.091,-0.248,-0.229,-0.217
21,B1_1,0.043,-0.127,-0.13,-0.143,1.0,0.961,0.983,-0.135,-0.111,-0.075,0.948,0.962,0.959,0.092,0.103,0.072
21,B1_2,0.047,-0.086,-0.122,-0.135,0.961,1.0,0.955,-0.118,-0.089,-0.046,0.941,0.96,0.95,0.072,0.079,0.052
21,B1_3,0.053,-0.1,-0.102,-0.109,0.983,0.955,1.0,-0.096,-0.07,-0.038,0.959,0.961,0.965,0.069,0.08,0.042
21,A2_1,-0.219,0.945,0.976,0.985,-0.135,-0.118,-0.096,1.0,0.974,0.969,-0.082,-0.093,-0.073,-0.199,-0.179,-0.177
21,A2_2,-0.222,0.946,0.976,0.963,-0.111,-0.089,-0.07,0.974,1.0,0.98,-0.064,-0.064,-0.054,-0.12,-0.115,-0.101
21,A2_3,-0.193,0.955,0.97,0.958,-0.075,-0.046,-0.038,0.969,0.98,1.0,-0.024,-0.02,-0.02,-0.102,-0.084,-0.076
21,B2_1,0.062,-0.071,-0.095,-0.102,0.948,0.941,0.959,-0.082,-0.064,-0.024,1.0,0.976,0.956,0.106,0.12,0.081
21,B2_2,0.039,-0.073,-0.098,-0.116,0.962,0.96,0.961,-0.093,-0.064,-0.02,0.976,1.0,0.958,0.127,0.146,0.107
21,B2_3,0.061,-0.077,-0.088,-0.091,0.959,0.95,0.965,-0.073,-0.054,-0.02,0.956,0.958,1.0,0.086,0.108,0.065
21,y1,-0.143,-0.135,-0.169,-0.248,0.092,0.072,0.069,-0.199,-0.12,-0.102,0.106,0.127,0.086,1.0,0.962,0.975
21,y2,-0.089,-0.128,-0.154,-0.229,0.103,0.079,0.08,-0.179,-0.115,-0.084,0.12,0.146,0.108,0.962,1.0,0.97
21,y3,-0.081,-0.117,-0.145,-0.217,0.072,0.052,0.042,-0.177,-0.101,-0.076,0.081,0.107,0.065,0.975,0.97,1.0
22,.,1.0,-0.282,-0.234,-0.183,0.032,0.044,0.046,-0.232,-0.225,-0.195,0.048,0.038,0.05,-0.126,-0.082,-0.071
22,A1_1,-0.282,1.0,0.947,0.941,-0.116,-0.087,-0.084,0.947,0.946,0.954,-0.066,-0.07,-0.063,-0.131,-0.132,-0.115
22,A1_2,-0.234,0.947,1.0,0.971,-0.109,-0.115,-0.076,0.977,0.975,0.969,-0.08,-0.085,-0.066,-0.169,-0.162,-0.146
22,A1_3,-0.183,0.941,0.971,1.0,-0.124,-0.131,-0.085,0.985,0.967,0.958,-0.092,-0.105,-0.071,-0.244,-0.235,-0.215
22,B1_1,0.032,-0.116,-0.109,-0.124,1.0,0.959,0.982,-0.115,-0.096,-0.063,0.947,0.96,0.959,0.084,0.101,0.063
22,B1_2,0.044,-0.087,-0.115,-0.131,0.959,1.0,0.953,-0.113,-0.089,-0.047,0.943,0.957,0.951,0.068,0.081,0.048
22,B1_3,0.046,-0.084,-0.076,-0.085,0.982,0.953,1.0,-0.073,-0.051,-0.022,0.959,0.959,0.964,0.054,0.07,0.025
22,A2_1,-0.232,0.947,0.977,0.985,-0.115,-0.113,-0.073,1.0,0.976,0.97,-0.07,-0.083,-0.053,-0.191,-0.182,-0.172
22,A2_2,-0.225,0.946,0.975,0.967,-0.096,-0.089,-0.051,0.976,1.0,0.98,-0.054,-0.058,-0.036,-0.124,-0.128,-0.107
22,A2_3,-0.195,0.954,0.969,0.958,-0.063,-0.047,-0.022,0.97,0.98,1.0,-0.016,-0.016,-0.004,-0.103,-0.094,-0.079
22,B2_1,0.048,-0.066,-0.08,-0.092,0.947,0.943,0.959,-0.07,-0.054,-0.016,1.0,0.978,0.956,0.102,0.122,0.076
22,B2_2,0.038,-0.07,-0.085,-0.105,0.96,0.957,0.959,-0.083,-0.058,-0.016,0.978,1.0,0.958,0.113,0.139,0.093
22,B2_3,0.05,-0.063,-0.066,-0.071,0.959,0.951,0.964,-0.053,-0.036,-0.004,0.956,0.958,1.0,0.079,0.105,0.056
22,y1,-0.126,-0.131,-0.169,-0.244,0.084,0.068,0.054,-0.191,-0.124,-0.103,0.102,0.113,0.079,1.0,0.96,0.973
22,y2,-0.082,-0.132,-0.162,-0.235,0.101,0.081,0.07,-0.182,-0.128,-0.094,0.122,0.139,0.105,0.96,1.0,0.968
22,y3,-0.071,-0.115,-0.146,-0.215,0.063,0.048,0.025,-0.172,-0.107,-0.079,0.076,0.093,0.056,0.973,0.968,1.0
23,.,1.0,-0.269,-0.219,-0.173,0.043,0.044,0.056,-0.225,-0.219,-0.187,0.045,0.035,0.054,-0.165,-0.118,-0.106
23,A1_1,-0.269,1.0,0.949,0.946,-0.166,-0.127,-0.154,0.95,0.946,0.951,-0.115,-0.117,-0.114,-0.144,-0.147,-0.132
23,A1_2,-0.219,0.949,1.0,0.973,-0.157,-0.148,-0.143,0.978,0.978,0.973,-0.121,-0.124,-0.111,-0.175,-0.169,-0.155
23,A1_3,-0.173,0.946,0.973,1.0,-0.156,-0.149,-0.138,0.985,0.969,0.967,-0.117,-0.128,-0.102,-0.244,-0.237,-0.22
23,B1_1,0.043,-0.166,-0.157,-0.156,1.0,0.962,0.985,-0.152,-0.138,-0.106,0.954,0.964,0.962,0.09,0.102,0.064
23,B1_2,0.044,-0.127,-0.148,-0.149,0.962,1.0,0.959,-0.136,-0.118,-0.08,0.946,0.961,0.953,0.062,0.071,0.037
23,B1_3,0.056,-0.154,-0.143,-0.138,0.985,0.959,1.0,-0.129,-0.113,-0.084,0.962,0.962,0.967,0.073,0.085,0.039
23,A2_1,-0.225,0.95,0.978,0.985,-0.152,-0.136,-0.129,1.0,0.977,0.975,-0.102,-0.111,-0.089,-0.192,-0.184,-0.176
23,A2_2,-0.219,0.946,0.978,0.969,-0.138,-0.118,-0.113,0.977,1.0,0.981,-0.093,-0.093,-0.08,-0.132,-0.136,-0.118
23,A2_3,-0.187,0.951,0.973,0.967,-0.106,-0.08,-0.084,0.975,0.981,1.0,-0.058,-0.055,-0.049,-0.124,-0.115,-0.102
23,B2_1,0.045,-0.115,-0.121,-0.117,0.954,0.946,0.962,-0.102,-0.093,-0.058,1.0,0.978,0.96,0.103,0.116,0.07
23,B2_2,0.035,-0.117,-0.124,-0.128,0.964,0.961,0.962,-0.111,-0.093,-0.055,0.978,1.0,0.96,0.116,0.136,0.091
23,B2_3,0.054,-0.114,-0.111,-0.102,0.962,0.953,0.967,-0.089,-0.08,-0.049,0.96,0.96,1.0,0.073,0.093,0.045
23,y1,-0.165,-0.144,-0.175,-0.244,0.09,0.062,0.073,-0.192,-0.132,-0.124,0.103,0.116,0.073,1.0,0.962,0.975
23,y2,-0.118,-0.147,-0.169,-0.237,0.102,0.071,0.085,-0.184,-0.136,-0.115,0.116,0.136,0.093,0.962,1.0,0.97
23,y3,-0.106,-0.132,-0.155,-0.22,0.064,0.037,0.039,-0.176,-0.118,-0.102,0.07,0.091,0.045,0.975,0.97,1.0
24,.,1.0,-0.293,-0.228,-0.181,0.04,0.046,0.054,-0.229,-0.228,-0.203,0.047,0.034,0.052,-0.164,-0.111,-0.106
24,A1_1,-0.293,1.0,0.948,0.941,-0.151,-0.108,-0.137,0.946,0.945,0.951,-0.102,-0.105,-0.104,-0.137,-0.131,-0.121
24,A1_2,-0.228,0.948,1.0,0.972,-0.147,-0.134,-0.131,0.978,0.978,0.973,-0.112,-0.117,-0.106,-0.18,-0.164,-0.156
24,A1_3,-0.181,0.941,0.972,1.0,-0.146,-0.134,-0.125,0.985,0.967,0.965,-0.106,-0.121,-0.096,-0.249,-0.23,-0.219
24,B1_1,0.04,-0.151,-0.147,-0.146,1.0,0.961,0.985,-0.144,-0.127,-0.095,0.953,0.963,0.962,0.072,0.085,0.044
