,,.,A1_1,A1_2,A1_3,B1_1,B1_2,B1_3,A2_1,A2_2,A2_3,B2_1,B2_2,B2_3,y1,y2,y3
0,.,1.0,0.083,0.031,-0.088,0.008,0.167,-0.182,-0.26,-0.071,0.053,-0.174,-0.023,0.147,-0.165,0.007,0.168
0,A1_1,0.083,1.0,0.174,0.128,0.021,0.126,-0.164,-0.035,-0.105,0.007,0.093,-0.034,-0.126,0.001,-0.196,-0.31
0,A1_2,0.031,0.174,1.0,-0.05,0.199,-0.045,0.088,-0.141,0.069,-0.098,-0.07,-0.078,-0.052,0.01,-0.11,-0.091
0,A1_3,-0.088,0.128,-0.05,1.0,0.14,-0.002,0.052,0.143,0.051,-0.182,0.034,-0.31,-0.111,-0.161,-0.054,-0.009
0,B1_1,0.008,0.021,0.199,0.14,1.0,0.025,0.11,0.019,-0.016,0.047,-0.205,0.091,-0.014,-0.09,-0.133,0.186
0,B1_2,0.167,0.126,-0.045,-0.002,0.025,1.0,0.121,-0.059,-0.027,0.048,0.035,0.074,0.13,0.034,-0.135,0.181
0,B1_3,-0.182,-0.164,0.088,0.052,0.11,0.121,1.0,0.188,0.194,-0.017,-0.011,0.071,0.049,0.101,-0.082,0.109
0,A2_1,-0.26,-0.035,-0.141,0.143,0.019,-0.059,0.188,1.0,0.117,0.005,0.142,-0.021,-0.111,-0.032,0.073,-0.159
0,A2_2,-0.071,-0.105,0.069,0.051,-0.016,-0.027,0.194,0.117,1.0,0.007,0.017,0.018,0.126,0.152,-0.149,0.116
0,A2_3,0.053,0.007,-0.098,-0.182,0.047,0.048,-0.017,0.005,0.007,1.0,0.154,-0.046,0.099,0.006,0.157,0.139
0,B2_1,-0.174,0.093,-0.07,0.034,-0.205,0.035,-0.011,0.142,0.017,0.154,1.0,0.104,-0.125,0.254,0.05,-0.1
0,B2_2,-0.023,-0.034,-0.078,-0.31,0.091,0.074,0.071,-0.021,0.018,-0.046,0.104,1.0,-0.155,0.02,0.071,0.061
0,B2_3,0.147,-0.126,-0.052,-0.111,-0.014,0.13,0.049,-0.111,0.126,0.099,-0.125,-0.155,1.0,-0.19,-0.184,0.125
0,y1,-0.165,0.001,0.01,-0.161,-0.09,0.034,0.101,-0.032,0.152,0.006,0.254,0.02,-0.19,1.0,-0.212,0.07
0,y2,0.007,-0.196,-0.11,-0.054,-0.133,-0.135,-0.082,0.073,-0.149,0.157,0.05,0.071,-0.184,-0.212,1.0,-0.049
0,y3,0.168,-0.31,-0.091,-0.009,0.186,0.181,0.109,-0.159,0.116,0.139,-0.1,0.061,0.125,0.07,-0.049,1.0
1,.,1.0,0.087,0.043,-0.09,0.007,0.159,-0.188,-0.261,-0.071,0.052,-0.179,-0.027,0.141,-0.164,-0.005,0.163
1,A1_1,0.087,1.0,0.176,0.129,0.026,0.13,-0.16,-0.036,-0.104,0.006,0.093,-0.029,-0.124,-0.004,-0.2,-0.312
1,A1_2,0.043,0.176,1.0,-0.048,0.201,-0.045,0.088,-0.141,0.071,-0.097,-0.075,-0.079,-0.054,0.006,-0.111,-0.092
1,A1_3,-0.09,0.129,-0.048,1.0,0.145,0.001,0.055,0.143,0.052,-0.183,0.033,-0.308,-0.108,-0.165,-0.059,-0.012
1,B1_1,0.007,0.026,0.201,0.145,1.0,0.019,0.103,0.025,-0.009,0.047,-0.208,0.08,-0.019,-0.092,-0.14,0.18
1,B1_2,0.159,0.13,-0.045,0.001,0.019,1.0,0.117,-0.054,-0.022,0.048,0.036,0.069,0.128,0.034,-0.138,0.178
1,B1_3,-0.188,-0.16,0.088,0.055,0.103,0.117,1.0,0.195,0.199,-0.017,-0.011,0.063,0.046,0.103,-0.083,0.108
1,A2_1,-0.261,-0.036,-0.141,0.143,0.025,-0.054,0.195,1.0,0.116,0.002,0.141,-0.015,-0.108,-0.03,0.076,-0.155
1,A2_2,-0.071,-0.104,0.071,0.052,-0.009,-0.022,0.199,0.116,1.0,0.007,0.018,0.023,0.13,0.147,-0.149,0.115
1,A2_3,0.052,0.006,-0.097,-0.183,0.047,0.048,-0.017,0.002,0.007,1.0,0.151,-0.045,0.098,0.008,0.16,0.144
1,B2_1,-0.179,0.093,-0.075,0.033,-0.208,0.036,-0.011,0.141,0.018,0.151,1.0,0.103,-0.122,0.258,0.051,-0.097
1,B2_2,-0.027,-0.029,-0.079,-0.308,0.08,0.069,0.063,-0.015,0.023,-0.045,0.103,1.0,-0.161,0.02,0.07,0.058
1,B2_3,0.141,-0.124,-0.054,-0.108,-0.019,0.128,0.046,-0.108,0.13,0.098,-0.122,-0.161,1.0,-0.189,-0.185,0.124
1,y1,-0.164,-0.004,0.006,-0.165,-0.092,0.034,0.103,-0.03,0.147,0.008,0.258,0.02,-0.189,1.0,-0.208,0.071
1,y2,-0.005,-0.2,-0.111,-0.059,-0.14,-0.138,-0.083,0.076,-0.149,0.16,0.051,0.07,-0.185,-0.208,1.0,-0.048
1,y3,0.163,-0.312,-0.092,-0.012,0.18,0.178,0.108,-0.155,0.115,0.144,-0.097,0.058,0.124,0.071,-0.048,1.0
2,.,1.0,0.092,0.056,-0.088,0.01,0.15,-0.192,-0.265,-0.072,0.052,-0.183,-0.03,0.13,-0.162,-0.012,0.155
2,A1_1,0.092,1.0,0.179,0.13,0.03,0.133,-0.158,-0.037,-0.104,0.006,0.091,-0.024,-0.123,-0.01,-0.201,-0.316
2,A1_2,0.056,0.179,1.0,-0.045,0.201,-0.046,0.088,-0.14,0.073,-0.097,-0.079,-0.08,-0.056,0.003,-0.111,-0.093
2,A1_3,-0.088,0.13,-0.045,1.0,0.15,0.004,0.059,0.142,0.053,-0.182,0.031,-0.304,-0.107,-0.169,-0.061,-0.014
2,B1_1,0.01,0.03,0.201,0.15,1.0,0.015,0.099,0.03,-0.004,0.048,-0.21,0.073,-0.022,-0.093,-0.143,0.176
2,B1_2,0.15,0.133,-0.046,0.004,0.015,1.0,0.115,-0.051,-0.019,0.049,0.038,0.066,0.128,0.034,-0.141,0.174
2,B1_3,-0.192,-0.158,0.088,0.059,0.099,0.115,1.0,0.2,0.204,-0.016,-0.01,0.057,0.046,0.104,-0.083,0.107
2,A2_1,-0.265,-0.037,-0.14,0.142,0.03,-0.051,0.2,1.0,0.114,0.001,0.14,-0.01,-0.106,-0.029,0.079,-0.15
2,A2_2,-0.072,-0.104,0.073,0.053,-0.004,-0.019,0.204,0.114,1.0,0.009,0.017,0.028,0.132,0.144,-0.148,0.115
2,A2_3,0.052,0.006,-0.097,-0.182,0.048,0.049,-0.016,0.001,0.009,1.0,0.148,-0.044,0.096,0.011,0.163,0.151
2,B2_1,-0.183,0.091,-0.079,0.031,-0.21,0.038,-0.01,0.14,0.017,0.148,1.0,0.103,-0.118,0.26,0.05,-0.095
2,B2_2,-0.03,-0.024,-0.08,-0.304,0.073,0.066,0.057,-0.01,0.028,-0.044,0.103,1.0,-0.164,0.022,0.07,0.057
2,B2_3,0.13,-0.123,-0.056,-0.107,-0.022,0.128,0.046,-0.106,0.132,0.096,-0.118,-0.164,1.0,-0.188,-0.188,0.12
2,y1,-0.162,-0.01,0.003,-0.169,-0.093,0.034,0.104,-0.029,0.144,0.011,0.26,0.022,-0.188,1.0,-0.202,0.072
2,y2,-0.012,-0.201,-0.111,-0.061,-0.143,-0.141,-0.083,0.079,-0.148,0.163,0.05,0.07,-0.188,-0.202,1.0,-0.044
2,y3,0.155,-0.316,-0.093,-0.014,0.176,0.174,0.107,-0.15,0.115,0.151,-0.095,0.057,0.12,0.072,-0.044,1.0
3,.,1.0,0.094,0.069,-0.084,0.014,0.14,-0.196,-0.269,-0.073,0.053,-0.189,-0.031,0.118,-0.161,-0.02,0.149
3,A1_1,0.094,1.0,0.18,0.132,0.032,0.135,-0.155,-0.037,-0.102,0.007,0.09,-0.021,-0.122,-0.016,-0.204,-0.318
3,A1_2,0.069,0.18,1.0,-0.042,0.2,-0.048,0.087,-0.139,0.075,-0.095,-0.084,-0.081,-0.059,0.002,-0.112,-0.094
3,A1_3,-0.084,0.132,-0.042,1.0,0.155,0.007,0.062,0.141,0.055,-0.181,0.03,-0.301,-0.107,-0.173,-0.063,-0.017
3,B1_1,0.014,0.032,0.2,0.155,1.0,0.012,0.094,0.035,-0.0,0.049,-0.211,0.066,-0.022,-0.092,-0.146,0.173
3,B1_2,0.14,0.135,-0.048,0.007,0.012,1.0,0.114,-0.047,-0.015,0.05,0.04,0.063,0.131,0.03,-0.145,0.171
3,B1_3,-0.196,-0.155,0.087,0.062,0.094,0.114,1.0,0.204,0.208,-0.016,-0.008,0.052,0.048,0.104,-0.085,0.106
3,A2_1,-0.269,-0.037,-0.139,0.141,0.035,-0.047,0.204,1.0,0.113,0.001,0.139,-0.005,-0.106,-0.029,0.083,-0.147
3,A2_2,-0.073,-0.102,0.075,0.055,-0.0,-0.015,0.208,0.113,1.0,0.01,0.016,0.032,0.133,0.139,-0.149,0.115
3,A2_3,0.053,0.007,-0.095,-0.181,0.049,0.05,-0.016,0.001,0.01,1.0,0.145,-0.041,0.095,0.014,0.166,0.157
3,B2_1,-0.189,0.09,-0.084,0.03,-0.211,0.04,-0.008,0.139,0.016,0.145,1.0,0.103,-0.113,0.26,0.05,-0.094
3,B2_2,-0.031,-0.021,-0.081,-0.301,0.066,0.063,0.052,-0.005,0.032,-0.041,0.103,1.0,-0.164,0.025,0.069,0.056
3,B2_3,0.118,-0.122,-0.059,-0.107,-0.022,0.131,0.048,-0.106,0.133,0.095,-0.113,-0.164,1.0,-0.189,-0.191,0.116
3,y1,-0.161,-0.016,0.002,-0.173,-0.092,0.03,0.104,-0.029,0.139,0.014,0.26,0.025,-0.189,1.0,-0.197,0.074
3,y2,-0.02,-0.204,-0.112,-0.063,-0.146,-0.145,-0.085,0.083,-0.149,0.166,0.05,0.069,-0.191,-0.197,1.0,-0.039
3,y3,0.149,-0.318,-0.094,-0.017,0.173,0.171,0.106,-0.147,0.115,0.157,-0.094,0.056,0.116,0.074,-0.039,1.0
4,.,1.0,0.094,0.078,-0.082,0.017,0.129,-0.2,-0.274,-0.075,0.05,-0.192,-0.036,0.107,-0.159,-0.027,0.143
4,A1_1,0.094,1.0,0.181,0.133,0.034,0.137,-0.153,-0.037,-0.099,0.008,0.089,-0.017,-0.121,-0.022,-0.206,-0.322
4,A1_2,0.078,0.181,1.0,-0.04,0.2,-0.049,0.086,-0.137,0.077,-0.094,-0.087,-0.083,-0.061,0.001,-0.112,-0.094
4,A1_3,-0.082,0.133,-0.04,1.0,0.158,0.009,0.065,0.142,0.058,-0.179,0.028,-0.297,-0.106,-0.178,-0.066,-0.018
4,B1_1,0.017,0.034,0.2,0.158,1.0,0.01,0.092,0.039,0.003,0.05,-0.212,0.059,-0.022,-0.091,-0.149,0.172
4,B1_2,0.129,0.137,-0.049,0.009,0.01,1.0,0.114,-0.045,-0.012,0.05,0.043,0.061,0.133,0.028,-0.149,0.166
4,B1_3,-0.2,-0.153,0.086,0.065,0.092,0.114,1.0,0.207,0.21,-0.015,-0.006,0.049,0.049,0.105,-0.085,0.104
4,A2_1,-0.274,-0.037,-0.137,0.142,0.039,-0.045,0.207,1.0,0.114,0.001,0.138,-0.001,-0.105,-0.029,0.085,-0.144
4,A2_2,-0.075,-0.099,0.077,0.058,0.003,-0.012,0.21,0.114,1.0,0.012,0.017,0.036,0.135,0.136,-0.15,0.115
4,A2_3,0.05,0.008,-0.094,-0.179,0.05,0.05,-0.015,0.001,0.012,1.0,0.142,-0.04,0.093,0.015,0.169,0.163
4,B2_1,-0.192,0.089,-0.087,0.028,-0.212,0.043,-0.006,0.138,0.017,0.142,1.0,0.103,-0.106,0.26,0.047,-0.095
4,B2_2,-0.036,-0.017,-0.083,-0.297,0.059,0.061,0.049,-0.001,0.036,-0.04,0.103,1.0,-0.163,0.028,0.067,0.055
4,B2_3,0.107,-0.121,-0.061,-0.106,-0.022,0.133,0.049,-0.105,0.135,0.093,-0.106,-0.163,1.0,-0.192,-0.194,0.112
4,y1,-0.159,-0.022,0.001,-0.178,-0.091,0.028,0.105,-0.029,0.136,0.015,0.26,0.028,-0.192,1.0,-0.19,0.075
4,y2,-0.027,-0.206,-0.112,-0.066,-0.149,-0.149,-0.085,0.085,-0.15,0.169,0.047,0.067,-0.194,-0.19,1.0,-0.034
4,y3,0.143,-0.322,-0.094,-0.018,0.172,0.166,0.104,-0.144,0.115,0.163,-0.095,0.055,0.112,0.075,-0.034,1.0
5,.,1.0,0.095,0.086,-0.08,0.018,0.12,-0.204,-0.278,-0.078,0.049,-0.195,-0.041,0.095,-0.156,-0.035,0.136
5,A1_1,0.095,1.0,0.184,0.135,0.036,0.138,-0.152,-0.035,-0.097,0.01,0.088,-0.015,-0.121,-0.026,-0.209,-0.325
5,A1_2,0.086,0.184,1.0,-0.037,0.199,-0.049,0.085,-0.136,0.08,-0.092,-0.09,-0.084,-0.062,-0.002,-0.112,-0.094
5,A1_3,-0.08,0.135,-0.037,1.0,0.161,0.011,0.067,0.143,0.061,-0.178,0.027,-0.295,-0.106,-0.182,-0.068,-0.021
5,B1_1,0.018,0.036,0.199,0.161,1.0,0.008,0.09,0.042,0.006,0.05,-0.211,0.053,-0.02,-0.091,-0.152,0.167
5,B1_2,0.12,0.138,-0.049,0.011,0.008,1.0,0.115,-0.042,-0.009,0.049,0.045,0.06,0.136,0.025,-0.154,0.161
5,B1_3,-0.204,-0.152,0.085,0.067,0.09,0.115,1.0,0.21,0.212,-0.016,-0.004,0.046,0.052,0.105,-0.087,0.101
5,A2_1,-0.278,-0.035,-0.136,0.143,0.042,-0.042,0.21,1.0,0.114,0.002,0.137,0.003,-0.105,-0.03,0.086,-0.141
5,A2_2,-0.078,-0.097,0.08,0.061,0.006,-0.009,0.212,0.114,1.0,0.014,0.017,0.039,0.135,0.131,-0.151,0.113
5,A2_3,0.049,0.01,-0.092,-0.178,0.05,0.049,-0.016,0.002,0.014,1.0,0.138,-0.039,0.091,0.018,0.172,0.167
5,B2_1,-0.195,0.088,-0.09,0.027,-0.211,0.045,-0.004,0.137,0.017,0.138,1.0,0.104,-0.101,0.26,0.045,-0.094
5,B2_2,-0.041,-0.015,-0.084,-0.295,0.053,0.06,0.046,0.003,0.039,-0.039,0.104,1.0,-0.161,0.028,0.065,0.054
5,B2_3,0.095,-0.121,-0.062,-0.106,-0.02,0.136,0.052,-0.105,0.135,0.091,-0.101,-0.161,1.0,-0.194,-0.196,0.107
5,y1,-0.156,-0.026,-0.002,-0.182,-0.091,0.025,0.105,-0.03,0.131,0.018,0.26,0.028,-0.194,1.0,-0.184,0.077
5,y2,-0.035,-0.209,-0.112,-0.068,-0.152,-0.154,-0.087,0.086,-0.151,0.172,0.045,0.065,-0.196,-0.184,1.0,-0.027
5,y3,0.136,-0.325,-0.094,-0.021,0.167,0.161,0.101,-0.141,0.113,0.167,-0.094,0.054,0.107,0.077,-0.027,1.0
6,.,1.0,0.095,0.093,-0.081,0.019,0.111,-0.208,-0.283,-0.082,0.046,-0.196,-0.043,0.088,-0.155,-0.04,0.131
6,A1_1,0.095,1.0,0.186,0.136,0.037,0.139,-0.151,-0.034,-0.095,0.011,0.087,-0.014,-0.121,-0.031,-0.211,-0.329
6,A1_2,0.093,0.186,1.0,-0.034,0.199,-0.049,0.085,-0.135,0.082,-0.091,-0.092,-0.085,-0.063,-0.005,-0.112,-0.095
6,A1_3,-0.081,0.136,-0.034,1.0,0.162,0.013,0.068,0.145,0.064,-0.176,0.026,-0.294,-0.105,-0.185,-0.07,-0.023
6,B1_1,0.019,0.037,0.199,0.162,1.0,0.008,0.088,0.044,0.007,0.049,-0.21,0.05,-0.017,-0.091,-0.154,0.165
6,B1_2,0.111,0.139,-0.049,0.013,0.008,1.0,0.115,-0.041,-0.008,0.05,0.046,0.06,0.137,0.022,-0.156,0.157
6,B1_3,-0.208,-0.151,0.085,0.068,0.088,0.115,1.0,0.212,0.214,-0.017,-0.001,0.045,0.055,0.106,-0.088,0.099
6,A2_1,-0.283,-0.034,-0.135,0.145,0.044,-0.041,0.212,1.0,0.116,0.002,0.137,0.005,-0.104,-0.03,0.088,-0.139
6,A2_2,-0.082,-0.095,0.082,0.064,0.007,-0.008,0.214,0.116,1.0,0.016,0.017,0.04,0.135,0.128,-0.151,0.112
6,A2_3,0.046,0.011,-0.091,-0.176,0.049,0.05,-0.017,0.002,0.016,1.0,0.136,-0.038,0.091,0.021,0.174,0.17
6,B2_1,-0.196,0.087,-0.092,0.026,-0.21,0.046,-0.001,0.137,0.017,0.136,1.0,0.105,-0.098,0.26,0.044,-0.094
6,B2_2,-0.043,-0.014,-0.085,-0.294,0.05,0.06,0.045,0.005,0.04,-0.038,0.105,1.0,-0.16,0.029,0.064,0.054
6,B2_3,0.088,-0.121,-0.063,-0.105,-0.017,0.137,0.055,-0.104,0.135,0.091,-0.098,-0.16,1.0,-0.196,-0.197,0.104
6,y1,-0.155,-0.031,-0.005,-0.185,-0.091,0.022,0.106,-0.03,0.128,0.021,0.26,0.029,-0.196,1.0,-0.178,0.08
6,y2,-0.04,-0.211,-0.112,-0.07,-0.154,-0.156,-0.088,0.088,-0.151,0.174,0.044,0.064,-0.197,-0.178,1.0,-0.02
6,y3,0.131,-0.329,-0.095,-0.023,0.165,0.157,0.099,-0.139,0.112,0.17,-0.094,0.054,0.104,0.08,-0.02,1.0
7,.,1.0,0.096,0.095,-0.083,0.019,0.105,-0.208,-0.286,-0.087,0.041,-0.196,-0.045,0.081,-0.152,-0.045,0.126
7,A1_1,0.096,1.0,0.187,0.137,0.038,0.139,-0.151,-0.033,-0.093,0.012,0.086,-0.014,-0.121,-0.034,-0.213,-0.332
7,A1_2,0.095,0.187,1.0,-0.032,0.199,-0.049,0.085,-0.133,0.084,-0.09,-0.093,-0.085,-0.063,-0.007,-0.114,-0.097
7,A1_3,-0.083,0.137,-0.032,1.0,0.163,0.014,0.068,0.145,0.066,-0.175,0.026,-0.293,-0.105,-0.187,-0.072,-0.025
7,B1_1,0.019,0.038,0.199,0.163,1.0,0.008,0.088,0.045,0.009,0.048,-0.209,0.047,-0.016,-0.092,-0.157,0.162
7,B1_2,0.105,0.139,-0.049,0.014,0.008,1.0,0.116,-0.039,-0.007,0.05,0.047,0.059,0.138,0.02,-0.158,0.155
7,B1_3,-0.208,-0.151,0.085,0.068,0.088,0.116,1.0,0.213,0.214,-0.017,-0.0,0.044,0.056,0.106,-0.087,0.098
7,A2_1,-0.286,-0.033,-0.133,0.145,0.045,-0.039,0.213,1.0,0.116,0.002,0.137,0.006,-0.104,-0.029,0.088,-0.139
7,A2_2,-0.087,-0.093,0.084,0.066,0.009,-0.007,0.214,0.116,1.0,0.017,0.017,0.041,0.135,0.125,-0.151,0.11
7,A2_3,0.041,0.012,-0.09,-0.175,0.048,0.05,-0.017,0.002,0.017,1.0,0.136,-0.038,0.09,0.022,0.176,0.173
7,B2_1,-0.196,0.086,-0.093,0.026,-0.209,0.047,-0.0,0.137,0.017,0.136,1.0,0.105,-0.097,0.26,0.043,-0.094
7,B2_2,-0.045,-0.014,-0.085,-0.293,0.047,0.059,0.044,0.006,0.041,-0.038,0.105,1.0,-0.16,0.029,0.064,0.053
7,B2_3,0.081,-0.121,-0.063,-0.105,-0.016,0.138,0.056,-0.104,0.135,0.09,-0.097,-0.16,1.0,-0.197,-0.198,0.104
7,y1,-0.152,-0.034,-0.007,-0.187,-0.092,0.02,0.106,-0.029,0.125,0.022,0.26,0.029,-0.197,1.0,-0.175,0.082
7,y2,-0.045,-0.213,-0.114,-0.072,-0.157,-0.158,-0.087,0.088,-0.151,0.176,0.043,0.064,-0.198,-0.175,1.0,-0.016
7,y3,0.126,-0.332,-0.097,-0.025,0.162,0.155,0.098,-0.139,0.11,0.173,-0.094,0.053,0.104,0.082,-0.016,1.0
8,.,1.0,0.097,0.098,-0.086,0.022,0.098,-0.209,-0.29,-0.089,0.037,-0.199,-0.048,0.076,-0.149,-0.052,0.122
8,A1_1,0.097,1.0,0.188,0.138,0.038,0.14,-0.15,-0.031,-0.092,0.013,0.086,-0.014,-0.12,-0.037,-0.215,-0.334
8,A1_2,0.098,0.188,1.0,-0.03,0.199,-0.049,0.085,-0.133,0.085,-0.09,-0.093,-0.085,-0.064,-0.009,-0.114,-0.099
8,A1_3,-0.086,0.138,-0.03,1.0,0.163,0.014,0.069,0.147,0.068,-0.174,0.026,-0.293,-0.105,-0.189,-0.073,-0.028
8,B1_1,0.022,0.038,0.199,0.163,1.0,0.008,0.088,0.046,0.01,0.048,-0.209,0.046,-0.016,-0.093,-0.158,0.16
8,B1_2,0.098,0.14,-0.049,0.014,0.008,1.0,0.116,-0.039,-0.006,0.05,0.047,0.059,0.139,0.018,-0.159,0.153
8,B1_3,-0.209,-0.15,0.085,0.069,0.088,0.116,1.0,0.213,0.214,-0.017,0.001,0.044,0.056,0.105,-0.087,0.098
8,A2_1,-0.29,-0.031,-0.133,0.147,0.046,-0.039,0.213,1.0,0.117,0.003,0.137,0.006,-0.104,-0.029,0.089,-0.139
8,A2_2,-0.089,-0.092,0.085,0.068,0.01,-0.006,0.214,0.117,1.0,0.018,0.016,0.042,0.136,0.123,-0.15,0.11
8,A2_3,0.037,0.013,-0.09,-0.174,0.048,0.05,-0.017,0.003,0.018,1.0,0.136,-0.038,0.09,0.024,0.177,0.174
8,B2_1,-0.199,0.086,-0.093,0.026,-0.209,0.047,0.001,0.137,0.016,0.136,1.0,0.105,-0.096,0.26,0.042,-0.093
8,B2_2,-0.048,-0.014,-0.085,-0.293,0.046,0.059,0.044,0.006,0.042,-0.038,0.105,1.0,-0.16,0.028,0.063,0.052
8,B2_3,0.076,-0.12,-0.064,-0.105,-0.016,0.139,0.056,-0.104,0.136,0.09,-0.096,-0.16,1.0,-0.197,-0.198,0.103
8,y1,-0.149,-0.037,-0.009,-0.189,-0.093,0.018,0.105,-0.029,0.123,0.024,0.26,0.028,-0.197,1.0,-0.171,0.085
8,y2,-0.052,-0.215,-0.114,-0.073,-0.158,-0.159,-0.087,0.089,-0.15,0.177,0.042,0.063,-0.198,-0.171,1.0,-0.013
8,y3,0.122,-0.334,-0.099,-0.028,0.16,0.153,0.098,-0.139,0.11,0.174,-0.093,0.052,0.103,0.085,-0.013,1.0
9,.,1.0,0.097,0.098,-0.086,0.023,0.094,-0.209,-0.292,-0.092,0.034,-0.2,-0.049,0.072,-0.149,-0.054,0.119
9,A1_1,0.097,1.0,0.189,0.138,0.038,0.14,-0.15,-0.031,-0.091,0.014,0.085,-0.014,-0.12,-0.039,-0.215,-0.336
9,A1_2,0.098,0.189,1.0,-0.029,0.199,-0.049,0.085,-0.133,0.086,-0.089,-0.094,-0.085,-0.064,-0.012,-0.114,-0.1
9,A1_3,-0.086,0.138,-0.029,1.0,0.163,0.014,0.069,0.147,0.068,-0.174,0.025,-0.293,-0.104,-0.19,-0.075,-0.03
9,B1_1,0.023,0.038,0.199,0.163,1.0,0.008,0.087,0.046,0.01,0.047,-0.208,0.045,-0.015,-0.093,-0.159,0.159
9,B1_2,0.094,0.14,-0.049,0.014,0.008,1.0,0.116,-0.039,-0.006,0.051,0.048,0.059,0.139,0.017,-0.16,0.153
9,B1_3,-0.209,-0.15,0.085,0.069,0.087,0.116,1.0,0.213,0.215,-0.016,0.001,0.044,0.056,0.105,-0.087,0.098
9,A2_1,-0.292,-0.031,-0.133,0.147,0.046,-0.039,0.213,1.0,0.117,0.003,0.137,0.006,-0.104,-0.03,0.09,-0.139
9,A2_2,-0.092,-0.091,0.086,0.068,0.01,-0.006,0.215,0.117,1.0,0.018,0.016,0.042,0.137,0.122,-0.151,0.109
9,A2_3,0.034,0.014,-0.089,-0.174,0.047,0.051,-0.016,0.003,0.018,1.0,0.135,-0.037,0.09,0.025,0.177,0.176
9,B2_1,-0.2,0.085,-0.094,0.025,-0.208,0.048,0.001,0.137,0.016,0.135,1.0,0.106,-0.096,0.259,0.042,-0.093
9,B2_2,-0.049,-0.014,-0.085,-0.293,0.045,0.059,0.044,0.006,0.042,-0.037,0.106,1.0,-0.159,0.029,0.063,0.052
9,B2_3,0.072,-0.12,-0.064,-0.104,-0.015,0.139,0.056,-0.104,0.137,0.09,-0.096,-0.159,1.0,-0.197,-0.199,0.103
9,y1,-0.149,-0.039,-0.012,-0.19,-0.093,0.017,0.105,-0.03,0.122,0.025,0.259,0.029,-0.197,1.0,-0.168,0.087
9,y2,-0.054,-0.215,-0.114,-0.075,-0.159,-0.16,-0.087,0.09,-0.151,0.177,0.042,0.063,-0.199,-0.168,1.0,-0.011
9,y3,0.119,-0.336,-0.1,-0.03,0.159,0.153,0.098,-0.139,0.109,0.176,-0.093,0.052,0.103,0.087,-0.011,1.0
10,.,1.0,0.098,0.101,-0.086,0.023,0.09,-0.208,-0.295,-0.091,0.032,-0.202,-0.051,0.07,-0.147,-0.058,0.116
10,A1_1,0.098,1.0,0.189,0.139,0.039,0.139,-0.15,-0.031,-0.091,0.015,0.086,-0.014,-0.119,-0.04,-0.217,-0.336
10,A1_2,0.101,0.189,1.0,-0.028,0.2,-0.048,0.085,-0.133,0.087,-0.088,-0.095,-0.087,-0.065,-0.013,-0.115,-0.1
10,A1_3,-0.086,0.139,-0.028,1.0,0.163,0.015,0.069,0.147,0.069,-0.173,0.025,-0.293,-0.104,-0.191,-0.076,-0.031
10,B1_1,0.023,0.039,0.2,0.163,1.0,0.008,0.087,0.046,0.01,0.047,-0.208,0.044,-0.014,-0.093,-0.16,0.158
10,B1_2,0.09,0.139,-0.048,0.015,0.008,1.0,0.116,-0.038,-0.005,0.052,0.048,0.059,0.139,0.016,-0.16,0.152
10,B1_3,-0.208,-0.15,0.085,0.069,0.087,0.116,1.0,0.214,0.215,-0.016,0.001,0.043,0.057,0.105,-0.087,0.097
10,A2_1,-0.295,-0.031,-0.133,0.147,0.046,-0.038,0.214,1.0,0.118,0.002,0.136,0.006,-0.104,-0.029,0.091,-0.138
10,A2_2,-0.091,-0.091,0.087,0.069,0.01,-0.005,0.215,0.118,1.0,0.019,0.016,0.043,0.137,0.121,-0.151,0.108
10,A2_3,0.032,0.015,-0.088,-0.173,0.047,0.052,-0.016,0.002,0.019,1.0,0.134,-0.037,0.09,0.024,0.178,0.176
10,B2_1,-0.202,0.086,-0.095,0.025,-0.208,0.048,0.001,0.136,0.016,0.134,1.0,0.107,-0.095,0.259,0.042,-0.092
10,B2_2,-0.051,-0.014,-0.087,-0.293,0.044,0.059,0.043,0.006,0.043,-0.037,0.107,1.0,-0.159,0.029,0.062,0.051
10,B2_3,0.07,-0.119,-0.065,-0.104,-0.014,0.139,0.057,-0.104,0.137,0.09,-0.095,-0.159,1.0,-0.197,-0.199,0.102
10,y1,-0.147,-0.04,-0.013,-0.191,-0.093,0.016,0.105,-0.029,0.121,0.024,0.259,0.029,-0.197,1.0,-0.165,0.089
10,y2,-0.058,-0.217,-0.115,-0.076,-0.16,-0.16,-0.087,0.091,-0.151,0.178,0.042,0.062,-0.199,-0.165,1.0,-0.009
10,y3,0.116,-0.336,-0.1,-0.031,0.158,0.152,0.097,-0.138,0.108,0.176,-0.092,0.051,0.102,0.089,-0.009,1.0
11,.,1.0,0.1,0.104,-0.085,0.026,0.089,-0.207,-0.295,-0.092,0.031,-0.203,-0.05,0.067,-0.149,-0.061,0.114
11,A1_1,0.1,1.0,0.19,0.139,0.039,0.139,-0.151,-0.029,-0.09,0.015,0.085,-0.013,-0.12,-0.041,-0.217,-0.337
11,A1_2,0.104,0.19,1.0,-0.027,0.2,-0.049,0.085,-0.133,0.086,-0.088,-0.095,-0.087,-0.065,-0.014,-0.115,-0.101
11,A1_3,-0.085,0.139,-0.027,1.0,0.163,0.015,0.068,0.148,0.07,-0.173,0.025,-0.293,-0.104,-0.192,-0.078,-0.032
11,B1_1,0.026,0.039,0.2,0.163,1.0,0.008,0.087,0.047,0.011,0.048,-0.207,0.043,-0.015,-0.093,-0.16,0.158
11,B1_2,0.089,0.139,-0.049,0.015,0.008,1.0,0.116,-0.038,-0.005,0.052,0.048,0.059,0.139,0.016,-0.161,0.152
11,B1_3,-0.207,-0.151,0.085,0.068,0.087,0.116,1.0,0.214,0.215,-0.016,0.001,0.043,0.056,0.105,-0.087,0.097
11,A2_1,-0.295,-0.029,-0.133,0.148,0.047,-0.038,0.214,1.0,0.119,0.002,0.136,0.007,-0.104,-0.03,0.092,-0.138
11,A2_2,-0.092,-0.09,0.086,0.07,0.011,-0.005,0.215,0.119,1.0,0.019,0.016,0.043,0.138,0.12,-0.151,0.109
11,A2_3,0.031,0.015,-0.088,-0.173,0.048,0.052,-0.016,0.002,0.019,1.0,0.134,-0.037,0.09,0.025,0.178,0.177
11,B2_1,-0.203,0.085,-0.095,0.025,-0.207,0.048,0.001,0.136,0.016,0.134,1.0,0.107,-0.095,0.259,0.042,-0.092
11,B2_2,-0.05,-0.013,-0.087,-0.293,0.043,0.059,0.043,0.007,0.043,-0.037,0.107,1.0,-0.159,0.029,0.061,0.05
11,B2_3,0.067,-0.12,-0.065,-0.104,-0.015,0.139,0.056,-0.104,0.138,0.09,-0.095,-0.159,1.0,-0.196,-0.2,0.101
11,y1,-0.149,-0.041,-0.014,-0.192,-0.093,0.016,0.105,-0.03,0.12,0.025,0.259,0.029,-0.196,1.0,-0.162,0.09
11,y2,-0.061,-0.217,-0.115,-0.078,-0.16,-0.161,-0.087,0.092,-0.151,0.178,0.042,0.061,-0.2,-0.162,1.0,-0.008
11,y3,0.114,-0.337,-0.101,-0.032,0.158,0.152,0.097,-0.138,0.109,0.177,-0.092,0.05,0.101,0.09,-0.008,1.0
12,.,1.0,0.101,0.105,-0.083,0.027,0.087,-0.207,-0.297,-0.092,0.029,-0.202,-0.052,0.065,-0.148,-0.064,0.112
12,A1_1,0.101,1.0,0.191,0.14,0.038,0.139,-0.151,-0.029,-0.09,0.016,0.084,-0.013,-0.12,-0.042,-0.217,-0.338
12,A1_2,0.105,0.191,1.0,-0.026,0.2,-0.049,0.085,-0.133,0.087,-0.087,-0.095,-0.088,-0.066,-0.015,-0.114,-0.102
12,A1_3,-0.083,0.14,-0.026,1.0,0.163,0.015,0.068,0.149,0.07,-0.172,0.026,-0.294,-0.104,-0.193,-0.079,-0.033
12,B1_1,0.027,0.038,0.2,0.163,1.0,0.008,0.087,0.047,0.011,0.047,-0.207,0.042,-0.015,-0.094,-0.16,0.158
12,B1_2,0.087,0.139,-0.049,0.015,0.008,1.0,0.116,-0.038,-0.006,0.053,0.048,0.059,0.139,0.016,-0.161,0.151
12,B1_3,-0.207,-0.151,0.085,0.068,0.087,0.116,1.0,0.214,0.215,-0.016,0.002,0.042,0.057,0.104,-0.087,0.098
12,A2_1,-0.297,-0.029,-0.133,0.149,0.047,-0.038,0.214,1.0,0.119,0.003,0.136,0.007,-0.104,-0.03,0.093,-0.137
12,A2_2,-0.092,-0.09,0.087,0.07,0.011,-0.006,0.215,0.119,1.0,0.021,0.016,0.043,0.138,0.119,-0.152,0.109
12,A2_3,0.029,0.016,-0.087,-0.172,0.047,0.053,-0.016,0.003,0.021,1.0,0.133,-0.037,0.09,0.026,0.178,0.177
12,B2_1,-0.202,0.084,-0.095,0.026,-0.207,0.048,0.002,0.136,0.016,0.133,1.0,0.108,-0.094,0.259,0.042,-0.091
12,B2_2,-0.052,-0.013,-0.088,-0.294,0.042,0.059,0.042,0.007,0.043,-0.037,0.108,1.0,-0.158,0.03,0.061,0.05
12,B2_3,0.065,-0.12,-0.066,-0.104,-0.015,0.139,0.057,-0.104,0.138,0.09,-0.094,-0.158,1.0,-0.196,-0.201,0.1
12,y1,-0.148,-0.042,-0.015,-0.193,-0.094,0.016,0.104,-0.03,0.119,0.026,0.259,0.03,-0.196,1.0,-0.16,0.091
12,y2,-0.064,-0.217,-0.114,-0.079,-0.16,-0.161,-0.087,0.093,-0.152,0.178,0.042,0.061,-0.201,-0.16,1.0,-0.007
12,y3,0.112,-0.338,-0.102,-0.033,0.158,0.151,0.098,-0.137,0.109,0.177,-0.091,0.05,0.1,0.091,-0.007,1.0
13,.,1.0,0.1,0.106,-0.083,0.028,0.087,-0.206,-0.298,-0.093,0.028,-0.203,-0.053,0.064,-0.151,-0.065,0.111
13,A1_1,0.1,1.0,0.191,0.14,0.038,0.139,-0.151,-0.028,-0.09,0.016,0.084,-0.013,-0.119,-0.043,-0.218,-0.339
13,A1_2,0.106,0.191,1.0,-0.026,0.2,-0.049,0.085,-0.132,0.087,-0.086,-0.096,-0.089,-0.066,-0.016,-0.114,-0.102
13,A1_3,-0.083,0.14,-0.026,1.0,0.163,0.015,0.068,0.149,0.07,-0.172,0.025,-0.294,-0.104,-0.193,-0.079,-0.033
13,B1_1,0.028,0.038,0.2,0.163,1.0,0.007,0.087,0.048,0.011,0.047,-0.207,0.041,-0.015,-0.094,-0.16,0.158
13,B1_2,0.087,0.139,-0.049,0.015,0.007,1.0,0.116,-0.037,-0.006,0.053,0.048,0.059,0.139,0.016,-0.161,0.151
13,B1_3,-0.206,-0.151,0.085,0.068,0.087,0.116,1.0,0.214,0.215,-0.016,0.002,0.041,0.057,0.105,-0.086,0.098
13,A2_1,-0.298,-0.028,-0.132,0.149,0.048,-0.037,0.214,1.0,0.121,0.003,0.136,0.008,-0.104,-0.031,0.093,-0.136
13,A2_2,-0.093,-0.09,0.087,0.07,0.011,-0.006,0.215,0.121,1.0,0.021,0.016,0.044,0.138,0.118,-0.152,0.108
13,A2_3,0.028,0.016,-0.086,-0.172,0.047,0.053,-0.016,0.003,0.021,1.0,0.133,-0.037,0.09,0.026,0.179,0.177
13,B2_1,-0.203,0.084,-0.096,0.025,-0.207,0.048,0.002,0.136,0.016,0.133,1.0,0.11,-0.094,0.259,0.043,-0.091
13,B2_2,-0.053,-0.013,-0.089,-0.294,0.041,0.059,0.041,0.008,0.044,-0.037,0.11,1.0,-0.157,0.03,0.06,0.048
13,B2_3,0.064,-0.119,-0.066,-0.104,-0.015,0.139,0.057,-0.104,0.138,0.09,-0.094,-0.157,1.0,-0.195,-0.201,0.099
13,y1,-0.151,-0.043,-0.016,-0.193,-0.094,0.016,0.105,-0.031,0.118,0.026,0.259,0.03,-0.195,1.0,-0.158,0.093
13,y2,-0.065,-0.218,-0.114,-0.079,-0.16,-0.161,-0.086,0.093,-0.152,0.179,0.043,0.06,-0.201,-0.158,1.0,-0.007
13,y3,0.111,-0.339,-0.102,-0.033,0.158,0.151,0.098,-0.136,0.108,0.177,-0.091,0.048,0.099,0.093,-0.007,1.0
14,.,1.0,0.1,0.106,-0.083,0.028,0.087,-0.207,-0.298,-0.094,0.027,-0.203,-0.054,0.064,-0.152,-0.065,0.109
14,A1_1,0.1,1.0,0.191,0.139,0.038,0.139,-0.151,-0.028,-0.09,0.016,0.084,-0.013,-0.119,-0.045,-0.219,-0.339
14,A1_2,0.106,0.191,1.0,-0.025,0.2,-0.049,0.084,-0.132,0.088,-0.085,-0.096,-0.089,-0.066,-0.018,-0.115,-0.103
14,A1_3,-0.083,0.139,-0.025,1.0,0.163,0.015,0.069,0.15,0.07,-0.172,0.025,-0.294,-0.104,-0.194,-0.079,-0.034
14,B1_1,0.028,0.038,0.2,0.163,1.0,0.007,0.087,0.048,0.012,0.047,-0.207,0.041,-0.014,-0.094,-0.161,0.158
14,B1_2,0.087,0.139,-0.049,0.015,0.007,1.0,0.116,-0.037,-0.006,0.053,0.048,0.059,0.139,0.016,-0.161,0.151
14,B1_3,-0.207,-0.151,0.084,0.069,0.087,0.116,1.0,0.215,0.215,-0.016,0.002,0.041,0.057,0.106,-0.086,0.098
14,A2_1,-0.298,-0.028,-0.132,0.15,0.048,-0.037,0.215,1.0,0.121,0.003,0.136,0.008,-0.104,-0.031,0.093,-0.136
14,A2_2,-0.094,-0.09,0.088,0.07,0.012,-0.006,0.215,0.121,1.0,0.021,0.016,0.044,0.138,0.118,-0.152,0.109
14,A2_3,0.027,0.016,-0.085,-0.172,0.047,0.053,-0.016,0.003,0.021,1.0,0.133,-0.037,0.09,0.027,0.179,0.177
14,B2_1,-0.203,0.084,-0.096,0.025,-0.207,0.048,0.002,0.136,0.016,0.133,1.0,0.11,-0.094,0.259,0.043,-0.091
14,B2_2,-0.054,-0.013,-0.089,-0.294,0.041,0.059,0.041,0.008,0.044,-0.037,0.11,1.0,-0.157,0.03,0.06,0.048
14,B2_3,0.064,-0.119,-0.066,-0.104,-0.014,0.139,0.057,-0.104,0.138,0.09,-0.094,-0.157,1.0,-0.195,-0.201,0.098
14,y1,-0.152,-0.045,-0.018,-0.194,-0.094,0.016,0.106,-0.031,0.118,0.027,0.259,0.03,-0.195,1.0,-0.157,0.094
14,y2,-0.065,-0.219,-0.115,-0.079,-0.161,-0.161,-0.086,0.093,-0.152,0.179,0.043,0.06,-0.201,-0.157,1.0,-0.006
14,y3,0.109,-0.339,-0.103,-0.034,0.158,0.151,0.098,-0.136,0.109,0.177,-0.091,0.048,0.098,0.094,-0.006,1.0
15,.,1.0,0.101,0.108,-0.083,0.028,0.085,-0.208,-0.299,-0.094,0.025,-0.204,-0.054,0.063,-0.153,-0.067,0.106
15,A1_1,0.101,1.0,0.192,0.14,0.039,0.14,-0.15,-0.028,-0.09,0.016,0.083,-0.012,-0.12,-0.046,-0.219,-0.339
15,A1_2,0.108,0.192,1.0,-0.025,0.2,-0.049,0.084,-0.132,0.088,-0.085,-0.096,-0.089,-0.066,-0.018,-0.115,-0.103
15,A1_3,-0.083,0.14,-0.025,1.0,0.163,0.015,0.07,0.15,0.07,-0.172,0.024,-0.293,-0.104,-0.194,-0.08,-0.034
15,B1_1,0.028,0.039,0.2,0.163,1.0,0.007,0.087,0.048,0.012,0.047,-0.207,0.041,-0.014,-0.094,-0.161,0.158
15,B1_2,0.085,0.14,-0.049,0.015,0.007,1.0,0.116,-0.037,-0.005,0.052,0.049,0.058,0.14,0.017,-0.162,0.149
15,B1_3,-0.208,-0.15,0.084,0.07,0.087,0.116,1.0,0.215,0.215,-0.017,0.003,0.041,0.057,0.106,-0.086,0.098
15,A2_1,-0.299,-0.028,-0.132,0.15,0.048,-0.037,0.215,1.0,0.12,0.004,0.135,0.008,-0.104,-0.031,0.094,-0.134
15,A2_2,-0.094,-0.09,0.088,0.07,0.012,-0.005,0.215,0.12,1.0,0.022,0.015,0.044,0.138,0.117,-0.151,0.109
15,A2_3,0.025,0.016,-0.085,-0.172,0.047,0.052,-0.017,0.004,0.022,1.0,0.133,-0.037,0.089,0.028,0.18,0.178
15,B2_1,-0.204,0.083,-0.096,0.024,-0.207,0.049,0.003,0.135,0.015,0.133,1.0,0.11,-0.094,0.259,0.043,-0.091
15,B2_2,-0.054,-0.012,-0.089,-0.293,0.041,0.058,0.041,0.008,0.044,-0.037,0.11,1.0,-0.157,0.029,0.06,0.049
15,B2_3,0.063,-0.12,-0.066,-0.104,-0.014,0.14,0.057,-0.104,0.138,0.089,-0.094,-0.157,1.0,-0.194,-0.201,0.098
15,y1,-0.153,-0.046,-0.018,-0.194,-0.094,0.017,0.106,-0.031,0.117,0.028,0.259,0.029,-0.194,1.0,-0.156,0.095
15,y2,-0.067,-0.219,-0.115,-0.08,-0.161,-0.162,-0.086,0.094,-0.151,0.18,0.043,0.06,-0.201,-0.156,1.0,-0.005
15,y3,0.106,-0.339,-0.103,-0.034,0.158,0.149,0.098,-0.134,0.109,0.178,-0.091,0.049,0.098,0.095,-0.005,1.0
16,.,1.0,0.103,0.108,-0.083,0.028,0.084,-0.209,-0.3,-0.094,0.025,-0.204,-0.055,0.062,-0.153,-0.068,0.106
16,A1_1,0.103,1.0,0.193,0.139,0.039,0.14,-0.15,-0.028,-0.09,0.017,0.083,-0.012,-0.12,-0.046,-0.22,-0.339
16,A1_2,0.108,0.193,1.0,-0.024,0.2,-0.048,0.084,-0.132,0.089,-0.085,-0.096,-0.089,-0.066,-0.019,-0.114,-0.103
16,A1_3,-0.083,0.139,-0.024,1.0,0.163,0.016,0.07,0.151,0.071,-0.172,0.024,-0.293,-0.104,-0.195,-0.081,-0.034
16,B1_1,0.028,0.039,0.2,0.163,1.0,0.007,0.086,0.049,0.012,0.047,-0.207,0.041,-0.014,-0.094,-0.16,0.158
16,B1_2,0.084,0.14,-0.048,0.016,0.007,1.0,0.116,-0.037,-0.005,0.053,0.049,0.058,0.14,0.017,-0.162,0.149
16,B1_3,-0.209,-0.15,0.084,0.07,0.086,0.116,1.0,0.216,0.215,-0.017,0.003,0.04,0.058,0.107,-0.086,0.098
16,A2_1,-0.3,-0.028,-0.132,0.151,0.049,-0.037,0.216,1.0,0.121,0.004,0.135,0.008,-0.104,-0.031,0.096,-0.133
16,A2_2,-0.094,-0.09,0.089,0.071,0.012,-0.005,0.215,0.121,1.0,0.022,0.015,0.044,0.138,0.116,-0.151,0.109
16,A2_3,0.025,0.017,-0.085,-0.172,0.047,0.053,-0.017,0.004,0.022,1.0,0.133,-0.037,0.089,0.029,0.18,0.178
16,B2_1,-0.204,0.083,-0.096,0.024,-0.207,0.049,0.003,0.135,0.015,0.133,1.0,0.11,-0.094,0.259,0.043,-0.091
16,B2_2,-0.055,-0.012,-0.089,-0.293,0.041,0.058,0.04,0.008,0.044,-0.037,0.11,1.0,-0.157,0.03,0.06,0.049
16,B2_3,0.062,-0.12,-0.066,-0.104,-0.014,0.14,0.058,-0.104,0.138,0.089,-0.094,-0.157,1.0,-0.194,-0.202,0.097
16,y1,-0.153,-0.046,-0.019,-0.195,-0.094,0.017,0.107,-0.031,0.116,0.029,0.259,0.03,-0.194,1.0,-0.156,0.096
16,y2,-0.068,-0.22,-0.114,-0.081,-0.16,-0.162,-0.086,0.096,-0.151,0.18,0.043,0.06,-0.202,-0.156,1.0,-0.004
16,y3,0.106,-0.339,-0.103,-0.034,0.158,0.149,0.098,-0.133,0.109,0.178,-0.091,0.049,0.097,0.096,-0.004,1.0
17,.,1.0,0.102,0.109,-0.084,0.026,0.085,-0.209,-0.3,-0.096,0.024,-0.204,-0.054,0.063,-0.155,-0.068,0.105
17,A1_1,0.102,1.0,0.193,0.14,0.039,0.14,-0.151,-0.028,-0.089,0.017,0.084,-0.012,-0.12,-0.048,-0.22,-0.34
17,A1_2,0.109,0.193,1.0,-0.024,0.2,-0.048,0.085,-0.131,0.09,-0.085,-0.097,-0.088,-0.066,-0.02,-0.114,-0.103
17,A1_3,-0.084,0.14,-0.024,1.0,0.163,0.016,0.07,0.151,0.071,-0.172,0.024,-0.293,-0.104,-0.194,-0.081,-0.036
17,B1_1,0.026,0.039,0.2,0.163,1.0,0.007,0.086,0.049,0.013,0.046,-0.206,0.04,-0.013,-0.094,-0.161,0.157
17,B1_2,0.085,0.14,-0.048,0.016,0.007,1.0,0.116,-0.037,-0.005,0.053,0.049,0.058,0.14,0.017,-0.162,0.149
17,B1_3,-0.209,-0.151,0.085,0.07,0.086,0.116,1.0,0.216,0.215,-0.017,0.003,0.04,0.058,0.107,-0.085,0.099
17,A2_1,-0.3,-0.028,-0.131,0.151,0.049,-0.037,0.216,1.0,0.121,0.004,0.135,0.008,-0.105,-0.031,0.096,-0.133
17,A2_2,-0.096,-0.089,0.09,0.071,0.013,-0.005,0.215,0.121,1.0,0.022,0.015,0.044,0.139,0.116,-0.151,0.109
17,A2_3,0.024,0.017,-0.085,-0.172,0.046,0.053,-0.017,0.004,0.022,1.0,0.133,-0.037,0.089,0.03,0.181,0.178
17,B2_1,-0.204,0.084,-0.097,0.024,-0.206,0.049,0.003,0.135,0.015,0.133,1.0,0.11,-0.094,0.259,0.043,-0.091
17,B2_2,-0.054,-0.012,-0.088,-0.293,0.04,0.058,0.04,0.008,0.044,-0.037,0.11,1.0,-0.157,0.029,0.06,0.048
17,B2_3,0.063,-0.12,-0.066,-0.104,-0.013,0.14,0.058,-0.105,0.139,0.089,-0.094,-0.157,1.0,-0.193,-0.202,0.097
17,y1,-0.155,-0.048,-0.02,-0.194,-0.094,0.017,0.107,-0.031,0.116,0.03,0.259,0.029,-0.193,1.0,-0.154,0.097
17,y2,-0.068,-0.22,-0.114,-0.081,-0.161,-0.162,-0.085,0.096,-0.151,0.181,0.043,0.06,-0.202,-0.154,1.0,-0.004
17,y3,0.105,-0.34,-0.103,-0.036,0.157,0.149,0.099,-0.133,0.109,0.178,-0.091,0.048,0.097,0.097,-0.004,1.0
18,.,1.0,0.101,0.11,-0.084,0.026,0.084,-0.209,-0.301,-0.095,0.023,-0.207,-0.053,0.062,-0.156,-0.069,0.104
18,A1_1,0.101,1.0,0.194,0.139,0.039,0.14,-0.15,-0.027,-0.089,0.017,0.084,-0.012,-0.119,-0.048,-0.221,-0.34
18,A1_2,0.11,0.194,1.0,-0.023,0.199,-0.048,0.085,-0.131,0.09,-0.085,-0.097,-0.088,-0.067,-0.02,-0.114,-0.103
18,A1_3,-0.084,0.139,-0.023,1.0,0.163,0.016,0.07,0.151,0.071,-0.173,0.024,-0.293,-0.104,-0.194,-0.081,-0.036
18,B1_1,0.026,0.039,0.199,0.163,1.0,0.007,0.086,0.049,0.013,0.046,-0.206,0.04,-0.014,-0.094,-0.161,0.157
18,B1_2,0.084,0.14,-0.048,0.016,0.007,1.0,0.116,-0.037,-0.005,0.053,0.049,0.058,0.14,0.018,-0.162,0.148
18,B1_3,-0.209,-0.15,0.085,0.07,0.086,0.116,1.0,0.216,0.215,-0.017,0.003,0.04,0.058,0.107,-0.085,0.098
18,A2_1,-0.301,-0.027,-0.131,0.151,0.049,-0.037,0.216,1.0,0.121,0.004,0.134,0.009,-0.105,-0.031,0.097,-0.132
18,A2_2,-0.095,-0.089,0.09,0.071,0.013,-0.005,0.215,0.121,1.0,0.022,0.015,0.044,0.139,0.116,-0.151,0.108
18,A2_3,0.023,0.017,-0.085,-0.173,0.046,0.053,-0.017,0.004,0.022,1.0,0.133,-0.037,0.088,0.03,0.181,0.179
18,B2_1,-0.207,0.084,-0.097,0.024,-0.206,0.049,0.003,0.134,0.015,0.133,1.0,0.11,-0.093,0.259,0.043,-0.091
18,B2_2,-0.053,-0.012,-0.088,-0.293,0.04,0.058,0.04,0.009,0.044,-0.037,0.11,1.0,-0.157,0.029,0.06,0.048
18,B2_3,0.062,-0.119,-0.067,-0.104,-0.014,0.14,0.058,-0.105,0.139,0.088,-0.093,-0.157,1.0,-0.192,-0.203,0.095
18,y1,-0.156,-0.048,-0.02,-0.194,-0.094,0.018,0.107,-0.031,0.116,0.03,0.259,0.029,-0.192,1.0,-0.154,0.099
18,y2,-0.069,-0.221,-0.114,-0.081,-0.161,-0.162,-0.085,0.097,-0.151,0.181,0.043,0.06,-0.203,-0.154,1.0,-0.002
18,y3,0.104,-0.34,-0.103,-0.036,0.157,0.148,0.098,-0.132,0.108,0.179,-0.091,0.048,0.095,0.099,-0.002,1.0
19,.,1.0,0.102,0.109,-0.083,0.025,0.083,-0.208,-0.302,-0.094,0.022,-0.206,-0.056,0.061,-0.154,-0.071,0.102
19,A1_1,0.102,1.0,0.194,0.139,0.039,0.14,-0.15,-0.027,-0.089,0.018,0.084,-0.012,-0.119,-0.049,-0.221,-0.34
19,A1_2,0.109,0.194,1.0,-0.023,0.199,-0.048,0.085,-0.131,0.09,-0.084,-0.097,-0.089,-0.067,-0.021,-0.114,-0.103
19,A1_3,-0.083,0.139,-0.023,1.0,0.163,0.016,0.07,0.151,0.071,-0.172,0.024,-0.293,-0.104,-0.195,-0.082,-0.037
19,B1_1,0.025,0.039,0.199,0.163,1.0,0.007,0.086,0.049,0.013,0.046,-0.206,0.04,-0.014,-0.094,-0.161,0.157
19,B1_2,0.083,0.14,-0.048,0.016,0.007,1.0,0.116,-0.037,-0.005,0.054,0.049,0.058,0.14,0.018,-0.162,0.148
19,B1_3,-0.208,-0.15,0.085,0.07,0.086,0.116,1.0,0.216,0.215,-0.017,0.003,0.04,0.058,0.106,-0.085,0.098
19,A2_1,-0.302,-0.027,-0.131,0.151,0.049,-0.037,0.216,1.0,0.122,0.004,0.134,0.009,-0.105,-0.031,0.098,-0.131
19,A2_2,-0.094,-0.089,0.09,0.071,0.013,-0.005,0.215,0.122,1.0,0.023,0.015,0.044,0.139,0.116,-0.151,0.108
19,A2_3,0.022,0.018,-0.084,-0.172,0.046,0.054,-0.017,0.004,0.023,1.0,0.132,-0.037,0.089,0.03,0.18,0.179
19,B2_1,-0.206,0.084,-0.097,0.024,-0.206,0.049,0.003,0.134,0.015,0.132,1.0,0.11,-0.093,0.259,0.042,-0.09
19,B2_2,-0.056,-0.012,-0.089,-0.293,0.04,0.058,0.04,0.009,0.044,-0.037,0.11,1.0,-0.157,0.029,0.059,0.047
19,B2_3,0.061,-0.119,-0.067,-0.104,-0.014,0.14,0.058,-0.105,0.139,0.089,-0.093,-0.157,1.0,-0.192,-0.203,0.095
19,y1,-0.154,-0.049,-0.021,-0.195,-0.094,0.018,0.106,-0.031,0.116,0.03,0.259,0.029,-0.192,1.0,-0.152,0.101
19,y2,-0.071,-0.221,-0.114,-0.082,-0.161,-0.162,-0.085,0.098,-0.151,0.18,0.042,0.059,-0.203,-0.152,1.0,-0.002
19,y3,0.102,-0.34,-0.103,-0.037,0.157,0.148,0.098,-0.131,0.108,0.179,-0.09,0.047,0.095,0.101,-0.002,1.0
20,.,1.0,0.102,0.111,-0.082,0.025,0.083,-0.208,-0.301,-0.095,0.022,-0.206,-0.056,0.059,-0.155,-0.071,0.102
20,A1_1,0.102,1.0,0.194,0.139,0.038,0.139,-0.15,-0.027,-0.088,0.018,0.084,-0.011,-0.119,-0.05,-0.221,-0.34
20,A1_2,0.111,0.194,1.0,-0.023,0.199,-0.049,0.084,-0.131,0.09,-0.082,-0.097,-0.089,-0.068,-0.021,-0.115,-0.103
20,A1_3,-0.082,0.139,-0.023,1.0,0.163,0.016,0.07,0.151,0.071,-0.172,0.024,-0.293,-0.103,-0.195,-0.083,-0.038
20,B1_1,0.025,0.038,0.199,0.163,1.0,0.007,0.086,0.049,0.013,0.046,-0.206,0.039,-0.014,-0.094,-0.16,0.157
20,B1_2,0.083,0.139,-0.049,0.016,0.007,1.0,0.116,-0.037,-0.005,0.054,0.049,0.058,0.14,0.018,-0.162,0.148
20,B1_3,-0.208,-0.15,0.084,0.07,0.086,0.116,1.0,0.216,0.215,-0.017,0.004,0.039,0.058,0.107,-0.085,0.098
20,A2_1,-0.301,-0.027,-0.131,0.151,0.049,-0.037,0.216,1.0,0.122,0.005,0.134,0.009,-0.105,-0.031,0.098,-0.131
20,A2_2,-0.095,-0.088,0.09,0.071,0.013,-0.005,0.215,0.122,1.0,0.024,0.015,0.044,0.139,0.114,-0.151,0.109
20,A2_3,0.022,0.018,-0.082,-0.172,0.046,0.054,-0.017,0.005,0.024,1.0,0.132,-0.036,0.09,0.031,0.18,0.179
20,B2_1,-0.206,0.084,-0.097,0.024,-0.206,0.049,0.004,0.134,0.015,0.132,1.0,0.111,-0.093,0.259,0.042,-0.09
20,B2_2,-0.056,-0.011,-0.089,-0.293,0.039,0.058,0.039,0.009,0.044,-0.036,0.111,1.0,-0.156,0.029,0.06,0.047
20,B2_3,0.059,-0.119,-0.068,-0.103,-0.014,0.14,0.058,-0.105,0.139,0.09,-0.093,-0.156,1.0,-0.191,-0.204,0.094
20,y1,-0.155,-0.05,-0.021,-0.195,-0.094,0.018,0.107,-0.031,0.114,0.031,0.259,0.029,-0.191,1.0,-0.151,0.102
20,y2,-0.071,-0.221,-0.115,-0.083,-0.16,-0.162,-0.085,0.098,-0.151,0.18,0.042,0.06,-0.204,-0.151,1.0,-0.002
20,y3,0.102,-0.34,-0.103,-0.038,0.157,0.148,0.098,-0.131,0.109,0.179,-0.09,0.047,0.094,0.102,-0.002,1.0
21,.,1.0,0.101,0.111,-0.083,0.026,0.084,-0.208,-0.301,-0.095,0.021,-0.207,-0.055,0.06,-0.157,-0.07,0.102
21,A1_1,0.101,1.0,0.195,0.139,0.038,0.139,-0.15,-0.027,-0.088,0.018,0.084,-0.011,-0.119,-0.05,-0.221,-0.341
21,A1_2,0.111,0.195,1.0,-0.022,0.199,-0.049,0.084,-0.131,0.09,-0.082,-0.097,-0.089,-0.068,-0.022,-0.115,-0.104
21,A1_3,-0.083,0.139,-0.022,1.0,0.164,0.016,0.07,0.151,0.072,-0.172,0.024,-0.293,-0.103,-0.194,-0.082,-0.038
21,B1_1,0.026,0.038,0.199,0.164,1.0,0.007,0.086,0.049,0.014,0.046,-0.206,0.039,-0.014,-0.094,-0.16,0.157
21,B1_2,0.084,0.139,-0.049,0.016,0.007,1.0,0.116,-0.037,-0.005,0.054,0.049,0.058,0.14,0.019,-0.162,0.148
21,B1_3,-0.208,-0.15,0.084,0.07,0.086,0.116,1.0,0.216,0.215,-0.017,0.003,0.039,0.058,0.107,-0.085,0.098
21,A2_1,-0.301,-0.027,-0.131,0.151,0.049,-0.037,0.216,1.0,0.122,0.005,0.134,0.009,-0.104,-0.032,0.099,-0.131
21,A2_2,-0.095,-0.088,0.09,0.072,0.014,-0.005,0.215,0.122,1.0,0.025,0.015,0.045,0.139,0.114,-0.151,0.109
21,A2_3,0.021,0.018,-0.082,-0.172,0.046,0.054,-0.017,0.005,0.025,1.0,0.132,-0.037,0.09,0.031,0.181,0.179
21,B2_1,-0.207,0.084,-0.097,0.024,-0.206,0.049,0.003,0.134,0.015,0.132,1.0,0.111,-0.093,0.259,0.042,-0.09
21,B2_2,-0.055,-0.011,-0.089,-0.293,0.039,0.058,0.039,0.009,0.045,-0.037,0.111,1.0,-0.156,0.028,0.06,0.047
21,B2_3,0.06,-0.119,-0.068,-0.103,-0.014,0.14,0.058,-0.104,0.139,0.09,-0.093,-0.156,1.0,-0.191,-0.205,0.094
21,y1,-0.157,-0.05,-0.022,-0.194,-0.094,0.019,0.107,-0.032,0.114,0.031,0.259,0.028,-0.191,1.0,-0.151,0.102
21,y2,-0.07,-0.221,-0.115,-0.082,-0.16,-0.162,-0.085,0.099,-0.151,0.181,0.042,0.06,-0.205,-0.151,1.0,-0.002
21,y3,0.102,-0.341,-0.104,-0.038,0.157,0.148,0.098,-0.131,0.109,0.179,-0.09,0.047,0.094,0.102,-0.002,1.0
22,.,1.0,0.102,0.111,-0.082,0.025,0.084,-0.208,-0.302,-0.095,0.021,-0.205,-0.056,0.059,-0.155,-0.072,0.102
22,A1_1,0.102,1.0,0.195,0.139,0.038,0.139,-0.15,-0.027,-0.088,0.019,0.084,-0.011,-0.119,-0.051,-0.221,-0.341
22,A1_2,0.111,0.195,1.0,-0.021,0.2,-0.049,0.084,-0.131,0.091,-0.082,-0.097,-0.089,-0.067,-0.023,-0.115,-0.103
22,A1_3,-0.082,0.139,-0.021,1.0,0.164,0.016,0.07,0.151,0.071,-0.171,0.023,-0.293,-0.103,-0.195,-0.083,-0.039
22,B1_1,0.025,0.038,0.2,0.164,1.0,0.007,0.086,0.049,0.014,0.046,-0.206,0.039,-0.014,-0.094,-0.16,0.156
22,B1_2,0.084,0.139,-0.049,0.016,0.007,1.0,0.116,-0.037,-0.005,0.055,0.049,0.058,0.14,0.019,-0.162,0.148
22,B1_3,-0.208,-0.15,0.084,0.07,0.086,0.116,1.0,0.216,0.215,-0.017,0.004,0.039,0.058,0.107,-0.086,0.097
22,A2_1,-0.302,-0.027,-0.131,0.151,0.049,-0.037,0.216,1.0,0.122,0.005,0.134,0.009,-0.105,-0.032,0.1,-0.131
22,A2_2,-0.095,-0.088,0.091,0.071,0.014,-0.005,0.215,0.122,1.0,0.026,0.015,0.045,0.139,0.114,-0.151,0.109
22,A2_3,0.021,0.019,-0.082,-0.171,0.046,0.055,-0.017,0.005,0.026,1.0,0.132,-0.037,0.09,0.031,0.18,0.179
22,B2_1,-0.205,0.084,-0.097,0.023,-0.206,0.049,0.004,0.134,0.015,0.132,1.0,0.111,-0.093,0.259,0.043,-0.09
22,B2_2,-0.056,-0.011,-0.089,-0.293,0.039,0.058,0.039,0.009,0.045,-0.037,0.111,1.0,-0.156,0.028,0.061,0.047
22,B2_3,0.059,-0.119,-0.067,-0.103,-0.014,0.14,0.058,-0.105,0.139,0.09,-0.093,-0.156,1.0,-0.19,-0.204,0.094
22,y1,-0.155,-0.051,-0.023,-0.195,-0.094,0.019,0.107,-0.032,0.114,0.031,0.259,0.028,-0.19,1.0,-0.15,0.102
22,y2,-0.072,-0.221,-0.115,-0.083,-0.16,-0.162,-0.086,0.1,-0.151,0.18,0.043,0.061,-0.204,-0.15,1.0,-0.002
22,y3,0.102,-0.341,-0.103,-0.039,0.156,0.148,0.097,-0.131,0.109,0.179,-0.09,0.047,0.094,0.102,-0.002,1.0
23,.,1.0,0.102,0.112,-0.083,0.024,0.084,-0.208,-0.302,-0.095,0.019,-0.207,-0.057,0.06,-0.156,-0.072,0.101
23,A1_1,0.102,1.0,0.195,0.14,0.039,0.139,-0.15,-0.027,-0.088,0.019,0.084,-0.011,-0.119,-0.051,-0.221,-0.34
23,A1_2,0.112,0.195,1.0,-0.021,0.2,-0.049,0.084,-0.131,0.091,-0.082,-0.097,-0.089,-0.068,-0.023,-0.115,-0.103
23,A1_3,-0.083,0.14,-0.021,1.0,0.165,0.016,0.071,0.151,0.072,-0.171,0.023,-0.292,-0.103,-0.194,-0.083,-0.039
23,B1_1,0.024,0.039,0.2,0.165,1.0,0.007,0.085,0.049,0.014,0.045,-0.206,0.038,-0.013,-0.094,-0.161,0.156
23,B1_2,0.084,0.139,-0.049,0.016,0.007,1.0,0.116,-0.038,-0.005,0.055,0.049,0.058,0.14,0.019,-0.162,0.148
23,B1_3,-0.208,-0.15,0.084,0.071,0.085,0.116,1.0,0.216,0.215,-0.017,0.004,0.039,0.058,0.108,-0.085,0.098
23,A2_1,-0.302,-0.027,-0.131,0.151,0.049,-0.038,0.216,1.0,0.122,0.005,0.134,0.009,-0.105,-0.032,0.101,-0.13
