,,.,A1_1,A1_2,A1_3,B1_1,B1_2,B1_3,A2_1,A2_2,A2_3,B2_1,B2_2,B2_3,y1,y2,y3
0,.,1.0,0.904,0.894,0.908,0.921,0.887,0.927,0.818,0.858,0.863,0.855,0.884,0.824,0.854,0.881,0.887
0,A1_1,0.904,1.0,0.919,0.939,0.896,0.888,0.894,0.867,0.881,0.892,0.904,0.915,0.877,0.908,0.897,0.863
0,A1_2,0.894,0.919,1.0,0.948,0.904,0.887,0.933,0.922,0.941,0.951,0.904,0.879,0.889,0.877,0.817,0.888
0,A1_3,0.908,0.939,0.948,1.0,0.951,0.947,0.925,0.923,0.96,0.929,0.907,0.941,0.831,0.877,0.898,0.878
0,B1_1,0.921,0.896,0.904,0.951,1.0,0.944,0.905,0.901,0.932,0.88,0.848,0.899,0.778,0.883,0.873,0.863
0,B1_2,0.887,0.888,0.887,0.947,0.944,1.0,0.903,0.89,0.918,0.846,0.849,0.929,0.766,0.868,0.937,0.897
0,B1_3,0.927,0.894,0.933,0.925,0.905,0.903,1.0,0.865,0.881,0.941,0.935,0.939,0.9,0.934,0.9,0.925
0,A2_1,0.818,0.867,0.922,0.923,0.901,0.89,0.865,1.0,0.963,0.901,0.821,0.848,0.717,0.859,0.83,0.85
0,A2_2,0.858,0.881,0.941,0.96,0.932,0.918,0.881,0.963,1.0,0.919,0.86,0.877,0.778,0.863,0.852,0.862
0,A2_3,0.863,0.892,0.951,0.929,0.88,0.846,0.941,0.901,0.919,1.0,0.966,0.917,0.858,0.898,0.805,0.821
0,B2_1,0.855,0.904,0.904,0.907,0.848,0.849,0.935,0.821,0.86,0.966,1.0,0.948,0.891,0.9,0.833,0.81
0,B2_2,0.884,0.915,0.879,0.941,0.899,0.929,0.939,0.848,0.877,0.917,0.948,1.0,0.843,0.921,0.929,0.848
0,B2_3,0.824,0.877,0.889,0.831,0.778,0.766,0.9,0.717,0.778,0.858,0.891,0.843,1.0,0.873,0.781,0.826
0,y1,0.854,0.908,0.877,0.877,0.883,0.868,0.934,0.859,0.863,0.898,0.9,0.921,0.873,1.0,0.92,0.868
0,y2,0.881,0.897,0.817,0.898,0.873,0.937,0.9,0.83,0.852,0.805,0.833,0.929,0.781,0.92,1.0,0.908
0,y3,0.887,0.863,0.888,0.878,0.863,0.897,0.925,0.85,0.862,0.821,0.81,0.848,0.826,0.868,0.908,1.0
1,.,1.0,0.904,0.896,0.907,0.92,0.884,0.926,0.82,0.86,0.863,0.854,0.884,0.821,0.857,0.883,0.89
1,A1_1,0.904,1.0,0.92,0.938,0.893,0.886,0.892,0.863,0.88,0.891,0.905,0.917,0.879,0.907,0.895,0.86
1,A1_2,0.896,0.92,1.0,0.948,0.907,0.887,0.935,0.922,0.942,0.953,0.905,0.883,0.89,0.876,0.817,0.886
1,A1_3,0.907,0.938,0.948,1.0,0.951,0.947,0.924,0.922,0.96,0.93,0.908,0.944,0.833,0.875,0.895,0.875
1,B1_1,0.92,0.893,0.907,0.951,1.0,0.942,0.907,0.903,0.935,0.883,0.847,0.898,0.776,0.883,0.87,0.863
1,B1_2,0.884,0.886,0.887,0.947,0.942,1.0,0.902,0.888,0.919,0.847,0.852,0.931,0.767,0.869,0.935,0.893
1,B1_3,0.926,0.892,0.935,0.924,0.907,0.902,1.0,0.867,0.884,0.943,0.934,0.938,0.899,0.935,0.899,0.925
1,A2_1,0.82,0.863,0.922,0.922,0.903,0.888,0.867,1.0,0.963,0.903,0.82,0.848,0.718,0.859,0.827,0.85
1,A2_2,0.86,0.88,0.942,0.96,0.935,0.919,0.884,0.963,1.0,0.922,0.862,0.879,0.778,0.861,0.849,0.862
1,A2_3,0.863,0.891,0.953,0.93,0.883,0.847,0.943,0.903,0.922,1.0,0.964,0.92,0.861,0.898,0.806,0.822
1,B2_1,0.854,0.905,0.905,0.908,0.847,0.852,0.934,0.82,0.862,0.964,1.0,0.95,0.895,0.897,0.834,0.808
1,B2_2,0.884,0.917,0.883,0.944,0.898,0.931,0.938,0.848,0.879,0.92,0.95,1.0,0.848,0.92,0.928,0.847
1,B2_3,0.821,0.879,0.89,0.833,0.776,0.767,0.899,0.718,0.778,0.861,0.895,0.848,1.0,0.869,0.78,0.82
1,y1,0.857,0.907,0.876,0.875,0.883,0.869,0.935,0.859,0.861,0.898,0.897,0.92,0.869,1.0,0.921,0.871
1,y2,0.883,0.895,0.817,0.895,0.87,0.935,0.899,0.827,0.849,0.806,0.834,0.928,0.78,0.921,1.0,0.909
1,y3,0.89,0.86,0.886,0.875,0.863,0.893,0.925,0.85,0.862,0.822,0.808,0.847,0.82,0.871,0.909,1.0
2,.,1.0,0.903,0.896,0.905,0.918,0.881,0.925,0.82,0.86,0.862,0.851,0.883,0.817,0.859,0.886,0.893
2,A1_1,0.903,1.0,0.92,0.938,0.89,0.885,0.891,0.861,0.879,0.891,0.905,0.919,0.88,0.906,0.894,0.857
2,A1_2,0.896,0.92,1.0,0.948,0.909,0.886,0.936,0.923,0.943,0.954,0.906,0.887,0.891,0.876,0.817,0.884
2,A1_3,0.905,0.938,0.948,1.0,0.95,0.948,0.924,0.92,0.96,0.93,0.909,0.946,0.835,0.872,0.893,0.872
2,B1_1,0.918,0.89,0.909,0.95,1.0,0.941,0.908,0.906,0.937,0.885,0.846,0.897,0.775,0.882,0.867,0.863
2,B1_2,0.881,0.885,0.886,0.948,0.941,1.0,0.9,0.886,0.919,0.849,0.855,0.932,0.768,0.868,0.932,0.889
2,B1_3,0.925,0.891,0.936,0.924,0.908,0.9,1.0,0.868,0.886,0.944,0.934,0.938,0.898,0.934,0.898,0.924
2,A2_1,0.82,0.861,0.923,0.92,0.906,0.886,0.868,1.0,0.964,0.905,0.82,0.849,0.719,0.859,0.823,0.849
2,A2_2,0.86,0.879,0.943,0.96,0.937,0.919,0.886,0.964,1.0,0.925,0.862,0.881,0.779,0.86,0.847,0.861
2,A2_3,0.862,0.891,0.954,0.93,0.885,0.849,0.944,0.905,0.925,1.0,0.963,0.922,0.863,0.897,0.806,0.821
2,B2_1,0.851,0.905,0.906,0.909,0.846,0.855,0.934,0.82,0.862,0.963,1.0,0.952,0.899,0.894,0.833,0.805
2,B2_2,0.883,0.919,0.887,0.946,0.897,0.932,0.938,0.849,0.881,0.922,0.952,1.0,0.853,0.918,0.926,0.845
2,B2_3,0.817,0.88,0.891,0.835,0.775,0.768,0.898,0.719,0.779,0.863,0.899,0.853,1.0,0.865,0.778,0.814
2,y1,0.859,0.906,0.876,0.872,0.882,0.868,0.934,0.859,0.86,0.897,0.894,0.918,0.865,1.0,0.922,0.874
2,y2,0.886,0.894,0.817,0.893,0.867,0.932,0.898,0.823,0.847,0.806,0.833,0.926,0.778,0.922,1.0,0.911
2,y3,0.893,0.857,0.884,0.872,0.863,0.889,0.924,0.849,0.861,0.821,0.805,0.845,0.814,0.874,0.911,1.0
3,.,1.0,0.902,0.897,0.903,0.916,0.879,0.925,0.822,0.861,0.861,0.848,0.882,0.814,0.862,0.889,0.897
3,A1_1,0.902,1.0,0.92,0.937,0.888,0.883,0.891,0.859,0.878,0.89,0.905,0.921,0.882,0.905,0.893,0.856
3,A1_2,0.897,0.92,1.0,0.948,0.91,0.885,0.937,0.924,0.943,0.955,0.907,0.891,0.892,0.875,0.817,0.883
3,A1_3,0.903,0.937,0.948,1.0,0.949,0.948,0.924,0.919,0.96,0.931,0.911,0.948,0.837,0.869,0.892,0.869
3,B1_1,0.916,0.888,0.91,0.949,1.0,0.939,0.91,0.908,0.939,0.887,0.845,0.897,0.775,0.882,0.865,0.864
3,B1_2,0.879,0.883,0.885,0.948,0.939,1.0,0.899,0.885,0.919,0.85,0.858,0.934,0.77,0.867,0.93,0.885
3,B1_3,0.925,0.891,0.937,0.924,0.91,0.899,1.0,0.87,0.888,0.945,0.933,0.938,0.898,0.934,0.898,0.923
3,A2_1,0.822,0.859,0.924,0.919,0.908,0.885,0.87,1.0,0.964,0.907,0.821,0.85,0.721,0.858,0.821,0.849
3,A2_2,0.861,0.878,0.943,0.96,0.939,0.919,0.888,0.964,1.0,0.927,0.864,0.884,0.781,0.858,0.845,0.86
3,A2_3,0.861,0.89,0.955,0.931,0.887,0.85,0.945,0.907,0.927,1.0,0.962,0.924,0.866,0.895,0.806,0.821
3,B2_1,0.848,0.905,0.907,0.911,0.845,0.858,0.933,0.821,0.864,0.962,1.0,0.954,0.902,0.892,0.833,0.803
3,B2_2,0.882,0.921,0.891,0.948,0.897,0.934,0.938,0.85,0.884,0.924,0.954,1.0,0.857,0.916,0.925,0.843
3,B2_3,0.814,0.882,0.892,0.837,0.775,0.77,0.898,0.721,0.781,0.866,0.902,0.857,1.0,0.862,0.778,0.809
3,y1,0.862,0.905,0.875,0.869,0.882,0.867,0.934,0.858,0.858,0.895,0.892,0.916,0.862,1.0,0.923,0.876
3,y2,0.889,0.893,0.817,0.892,0.865,0.93,0.898,0.821,0.845,0.806,0.833,0.925,0.778,0.923,1.0,0.912
3,y3,0.897,0.856,0.883,0.869,0.864,0.885,0.923,0.849,0.86,0.821,0.803,0.843,0.809,0.876,0.912,1.0
4,.,1.0,0.9,0.895,0.899,0.913,0.874,0.922,0.82,0.859,0.856,0.842,0.878,0.808,0.863,0.89,0.899
4,A1_1,0.9,1.0,0.92,0.936,0.886,0.882,0.89,0.856,0.876,0.888,0.904,0.922,0.882,0.903,0.891,0.853
4,A1_2,0.895,0.92,1.0,0.948,0.912,0.884,0.938,0.925,0.944,0.956,0.906,0.893,0.892,0.872,0.816,0.879
4,A1_3,0.899,0.936,0.948,1.0,0.948,0.948,0.923,0.917,0.96,0.931,0.911,0.949,0.839,0.863,0.888,0.865
4,B1_1,0.913,0.886,0.912,0.948,1.0,0.937,0.911,0.91,0.939,0.888,0.843,0.895,0.773,0.88,0.862,0.863
4,B1_2,0.874,0.882,0.884,0.948,0.937,1.0,0.898,0.882,0.918,0.85,0.859,0.935,0.771,0.864,0.926,0.879
4,B1_3,0.922,0.89,0.938,0.923,0.911,0.898,1.0,0.871,0.889,0.946,0.932,0.937,0.897,0.933,0.896,0.921
4,A2_1,0.82,0.856,0.925,0.917,0.91,0.882,0.871,1.0,0.964,0.908,0.819,0.849,0.721,0.855,0.817,0.846
4,A2_2,0.859,0.876,0.944,0.96,0.939,0.918,0.889,0.964,1.0,0.929,0.863,0.885,0.782,0.855,0.842,0.857
4,A2_3,0.856,0.888,0.956,0.931,0.888,0.85,0.946,0.908,0.929,1.0,0.961,0.925,0.868,0.89,0.804,0.818
4,B2_1,0.842,0.904,0.906,0.911,0.843,0.859,0.932,0.819,0.863,0.961,1.0,0.955,0.905,0.886,0.83,0.798
4,B2_2,0.878,0.922,0.893,0.949,0.895,0.935,0.937,0.849,0.885,0.925,0.955,1.0,0.861,0.911,0.921,0.839
4,B2_3,0.808,0.882,0.892,0.839,0.773,0.771,0.897,0.721,0.782,0.868,0.905,0.861,1.0,0.856,0.775,0.801
4,y1,0.863,0.903,0.872,0.863,0.88,0.864,0.933,0.855,0.855,0.89,0.886,0.911,0.856,1.0,0.923,0.878
4,y2,0.89,0.891,0.816,0.888,0.862,0.926,0.896,0.817,0.842,0.804,0.83,0.921,0.775,0.923,1.0,0.913
4,y3,0.899,0.853,0.879,0.865,0.863,0.879,0.921,0.846,0.857,0.818,0.798,0.839,0.801,0.878,0.913,1.0
5,.,1.0,0.901,0.897,0.899,0.912,0.872,0.921,0.824,0.86,0.856,0.841,0.877,0.808,0.866,0.893,0.902
5,A1_1,0.901,1.0,0.921,0.936,0.886,0.882,0.891,0.856,0.876,0.888,0.904,0.922,0.884,0.903,0.893,0.854
5,A1_2,0.897,0.921,1.0,0.948,0.914,0.883,0.94,0.926,0.945,0.957,0.907,0.896,0.894,0.872,0.818,0.88
5,A1_3,0.899,0.936,0.948,1.0,0.949,0.949,0.924,0.918,0.96,0.932,0.912,0.951,0.842,0.862,0.889,0.864
5,B1_1,0.912,0.886,0.914,0.949,1.0,0.937,0.913,0.913,0.942,0.891,0.845,0.896,0.775,0.88,0.862,0.864
5,B1_2,0.872,0.882,0.883,0.949,0.937,1.0,0.898,0.883,0.919,0.853,0.863,0.937,0.775,0.862,0.925,0.876
5,B1_3,0.921,0.891,0.94,0.924,0.913,0.898,1.0,0.875,0.892,0.948,0.933,0.938,0.899,0.932,0.896,0.921
5,A2_1,0.824,0.856,0.926,0.918,0.913,0.883,0.875,1.0,0.965,0.91,0.822,0.853,0.727,0.855,0.819,0.848
5,A2_2,0.86,0.876,0.945,0.96,0.942,0.919,0.892,0.965,1.0,0.931,0.866,0.888,0.785,0.854,0.843,0.858
5,A2_3,0.856,0.888,0.957,0.932,0.891,0.853,0.948,0.91,0.931,1.0,0.96,0.927,0.872,0.889,0.806,0.819
5,B2_1,0.841,0.904,0.907,0.912,0.845,0.863,0.933,0.822,0.866,0.96,1.0,0.957,0.908,0.884,0.832,0.798
5,B2_2,0.877,0.922,0.896,0.951,0.896,0.937,0.938,0.853,0.888,0.927,0.957,1.0,0.866,0.909,0.92,0.839
5,B2_3,0.808,0.884,0.894,0.842,0.775,0.775,0.899,0.727,0.785,0.872,0.908,0.866,1.0,0.855,0.778,0.801
5,y1,0.866,0.903,0.872,0.862,0.88,0.862,0.932,0.855,0.854,0.889,0.884,0.909,0.855,1.0,0.925,0.882
5,y2,0.893,0.893,0.818,0.889,0.862,0.925,0.896,0.819,0.843,0.806,0.832,0.92,0.778,0.925,1.0,0.915
5,y3,0.902,0.854,0.88,0.864,0.864,0.876,0.921,0.848,0.858,0.819,0.798,0.839,0.801,0.882,0.915,1.0
6,.,1.0,0.902,0.897,0.898,0.911,0.87,0.92,0.827,0.862,0.856,0.839,0.876,0.807,0.87,0.897,0.906
6,A1_1,0.902,1.0,0.921,0.935,0.885,0.881,0.891,0.856,0.876,0.888,0.904,0.923,0.886,0.903,0.894,0.854
6,A1_2,0.897,0.921,1.0,0.948,0.915,0.882,0.941,0.928,0.946,0.958,0.908,0.898,0.896,0.872,0.82,0.879
6,A1_3,0.898,0.935,0.948,1.0,0.949,0.95,0.925,0.919,0.961,0.932,0.914,0.953,0.845,0.861,0.89,0.863
6,B1_1,0.911,0.885,0.915,0.949,1.0,0.936,0.914,0.917,0.944,0.893,0.846,0.897,0.777,0.88,0.863,0.865
6,B1_2,0.87,0.881,0.882,0.95,0.936,1.0,0.897,0.884,0.92,0.854,0.867,0.939,0.779,0.861,0.924,0.873
6,B1_3,0.92,0.891,0.941,0.925,0.914,0.897,1.0,0.878,0.895,0.949,0.934,0.938,0.901,0.932,0.896,0.921
6,A2_1,0.827,0.856,0.928,0.919,0.917,0.884,0.878,1.0,0.966,0.912,0.825,0.856,0.732,0.855,0.82,0.849
6,A2_2,0.862,0.876,0.946,0.961,0.944,0.92,0.895,0.966,1.0,0.932,0.868,0.891,0.789,0.853,0.843,0.858
6,A2_3,0.856,0.888,0.958,0.932,0.893,0.854,0.949,0.912,0.932,1.0,0.96,0.928,0.875,0.887,0.807,0.82
6,B2_1,0.839,0.904,0.908,0.914,0.846,0.867,0.934,0.825,0.868,0.96,1.0,0.959,0.911,0.882,0.833,0.797
6,B2_2,0.876,0.923,0.898,0.953,0.897,0.939,0.938,0.856,0.891,0.928,0.959,1.0,0.87,0.907,0.919,0.838
6,B2_3,0.807,0.886,0.896,0.845,0.777,0.779,0.901,0.732,0.789,0.875,0.911,0.87,1.0,0.854,0.78,0.8
6,y1,0.87,0.903,0.872,0.861,0.88,0.861,0.932,0.855,0.853,0.887,0.882,0.907,0.854,1.0,0.926,0.884
6,y2,0.897,0.894,0.82,0.89,0.863,0.924,0.896,0.82,0.843,0.807,0.833,0.919,0.78,0.926,1.0,0.917
6,y3,0.906,0.854,0.879,0.863,0.865,0.873,0.921,0.849,0.858,0.82,0.797,0.838,0.8,0.884,0.917,1.0
7,.,1.0,0.903,0.898,0.897,0.911,0.868,0.919,0.831,0.863,0.856,0.837,0.874,0.807,0.873,0.9,0.909
7,A1_1,0.903,1.0,0.922,0.935,0.884,0.881,0.891,0.856,0.876,0.888,0.904,0.923,0.888,0.903,0.895,0.855
7,A1_2,0.898,0.922,1.0,0.948,0.916,0.882,0.942,0.93,0.946,0.959,0.908,0.9,0.898,0.872,0.822,0.879
7,A1_3,0.897,0.935,0.948,1.0,0.95,0.95,0.926,0.921,0.962,0.933,0.915,0.955,0.848,0.86,0.89,0.862
7,B1_1,0.911,0.884,0.916,0.95,1.0,0.936,0.916,0.921,0.945,0.894,0.848,0.899,0.779,0.881,0.864,0.865
7,B1_2,0.868,0.881,0.882,0.95,0.936,1.0,0.897,0.885,0.92,0.856,0.871,0.942,0.782,0.86,0.923,0.87
7,B1_3,0.919,0.891,0.942,0.926,0.916,0.897,1.0,0.881,0.897,0.951,0.934,0.939,0.903,0.931,0.897,0.92
7,A2_1,0.831,0.856,0.93,0.921,0.921,0.885,0.881,1.0,0.967,0.914,0.828,0.86,0.738,0.855,0.822,0.851
7,A2_2,0.863,0.876,0.946,0.962,0.945,0.92,0.897,0.967,1.0,0.933,0.87,0.894,0.792,0.852,0.844,0.858
7,A2_3,0.856,0.888,0.959,0.933,0.894,0.856,0.951,0.914,0.933,1.0,0.96,0.93,0.878,0.885,0.808,0.82
7,B2_1,0.837,0.904,0.908,0.915,0.848,0.871,0.934,0.828,0.87,0.96,1.0,0.96,0.914,0.88,0.833,0.797
7,B2_2,0.874,0.923,0.9,0.955,0.899,0.942,0.939,0.86,0.894,0.93,0.96,1.0,0.873,0.905,0.918,0.837
7,B2_3,0.807,0.888,0.898,0.848,0.779,0.782,0.903,0.738,0.792,0.878,0.914,0.873,1.0,0.853,0.782,0.8
7,y1,0.873,0.903,0.872,0.86,0.881,0.86,0.931,0.855,0.852,0.885,0.88,0.905,0.853,1.0,0.927,0.888
7,y2,0.9,0.895,0.822,0.89,0.864,0.923,0.897,0.822,0.844,0.808,0.833,0.918,0.782,0.927,1.0,0.919
7,y3,0.909,0.855,0.879,0.862,0.865,0.87,0.92,0.851,0.858,0.82,0.797,0.837,0.8,0.888,0.919,1.0
8,.,1.0,0.901,0.896,0.894,0.908,0.864,0.916,0.83,0.861,0.852,0.832,0.87,0.803,0.874,0.901,0.91
8,A1_1,0.901,1.0,0.922,0.934,0.883,0.88,0.891,0.855,0.875,0.887,0.903,0.923,0.889,0.902,0.895,0.855
8,A1_2,0.896,0.922,1.0,0.948,0.916,0.88,0.943,0.93,0.946,0.959,0.907,0.901,0.898,0.87,0.821,0.877
8,A1_3,0.894,0.934,0.948,1.0,0.949,0.951,0.926,0.92,0.962,0.933,0.915,0.955,0.85,0.856,0.888,0.859
8,B1_1,0.908,0.883,0.916,0.949,1.0,0.935,0.916,0.922,0.945,0.895,0.848,0.898,0.78,0.879,0.863,0.864
8,B1_2,0.864,0.88,0.88,0.951,0.935,1.0,0.897,0.885,0.92,0.856,0.872,0.943,0.784,0.858,0.921,0.866
8,B1_3,0.916,0.891,0.943,0.926,0.916,0.897,1.0,0.882,0.898,0.951,0.934,0.938,0.904,0.929,0.895,0.918
8,A2_1,0.83,0.855,0.93,0.92,0.922,0.885,0.882,1.0,0.967,0.915,0.827,0.861,0.74,0.853,0.822,0.849
8,A2_2,0.861,0.875,0.946,0.962,0.945,0.92,0.898,0.967,1.0,0.934,0.87,0.895,0.794,0.849,0.843,0.856
8,A2_3,0.852,0.887,0.959,0.933,0.895,0.856,0.951,0.915,0.934,1.0,0.959,0.93,0.881,0.881,0.806,0.818
8,B2_1,0.832,0.903,0.907,0.915,0.848,0.872,0.934,0.827,0.87,0.959,1.0,0.961,0.916,0.875,0.831,0.793
8,B2_2,0.87,0.923,0.901,0.955,0.898,0.943,0.938,0.861,0.895,0.93,0.961,1.0,0.875,0.901,0.916,0.834
8,B2_3,0.803,0.889,0.898,0.85,0.78,0.784,0.904,0.74,0.794,0.881,0.916,0.875,1.0,0.85,0.781,0.796
8,y1,0.874,0.902,0.87,0.856,0.879,0.858,0.929,0.853,0.849,0.881,0.875,0.901,0.85,1.0,0.928,0.889
8,y2,0.901,0.895,0.821,0.888,0.863,0.921,0.895,0.822,0.843,0.806,0.831,0.916,0.781,0.928,1.0,0.92
8,y3,0.91,0.855,0.877,0.859,0.864,0.866,0.918,0.849,0.856,0.818,0.793,0.834,0.796,0.889,0.92,1.0
9,.,1.0,0.902,0.896,0.894,0.907,0.862,0.915,0.833,0.862,0.852,0.83,0.868,0.802,0.877,0.903,0.912
9,A1_1,0.902,1.0,0.922,0.934,0.882,0.879,0.891,0.855,0.875,0.887,0.902,0.922,0.891,0.901,0.895,0.856
9,A1_2,0.896,0.922,1.0,0.948,0.916,0.879,0.943,0.931,0.947,0.96,0.907,0.901,0.9,0.869,0.822,0.878
9,A1_3,0.894,0.934,0.948,1.0,0.95,0.951,0.927,0.921,0.962,0.933,0.915,0.956,0.851,0.855,0.889,0.859
9,B1_1,0.907,0.882,0.916,0.95,1.0,0.935,0.917,0.924,0.947,0.896,0.849,0.9,0.781,0.879,0.865,0.865
9,B1_2,0.862,0.879,0.879,0.951,0.935,1.0,0.897,0.886,0.92,0.856,0.875,0.945,0.787,0.857,0.92,0.864
9,B1_3,0.915,0.891,0.943,0.927,0.917,0.897,1.0,0.884,0.9,0.952,0.935,0.939,0.905,0.928,0.895,0.918
9,A2_1,0.833,0.855,0.931,0.921,0.924,0.886,0.884,1.0,0.968,0.916,0.829,0.864,0.743,0.853,0.824,0.851
9,A2_2,0.862,0.875,0.947,0.962,0.947,0.92,0.9,0.968,1.0,0.935,0.871,0.896,0.796,0.848,0.844,0.856
9,A2_3,0.852,0.887,0.96,0.933,0.896,0.856,0.952,0.916,0.935,1.0,0.959,0.93,0.884,0.88,0.807,0.819
9,B2_1,0.83,0.902,0.907,0.915,0.849,0.875,0.935,0.829,0.871,0.959,1.0,0.961,0.918,0.873,0.831,0.792
9,B2_2,0.868,0.922,0.901,0.956,0.9,0.945,0.939,0.864,0.896,0.93,0.961,1.0,0.878,0.899,0.915,0.833
9,B2_3,0.802,0.891,0.9,0.851,0.781,0.787,0.905,0.743,0.796,0.884,0.918,0.878,1.0,0.85,0.783,0.797
9,y1,0.877,0.901,0.869,0.855,0.879,0.857,0.928,0.853,0.848,0.88,0.873,0.899,0.85,1.0,0.929,0.891
9,y2,0.903,0.895,0.822,0.889,0.865,0.92,0.895,0.824,0.844,0.807,0.831,0.915,0.783,0.929,1.0,0.921
9,y3,0.912,0.856,0.878,0.859,0.865,0.864,0.918,0.851,0.856,0.819,0.792,0.833,0.797,0.891,0.921,1.0
10,.,1.0,0.902,0.895,0.891,0.905,0.858,0.912,0.833,0.86,0.849,0.825,0.864,0.8,0.877,0.903,0.913
10,A1_1,0.902,1.0,0.922,0.933,0.881,0.878,0.891,0.854,0.874,0.886,0.9,0.921,0.892,0.9,0.895,0.857
10,A1_2,0.895,0.922,1.0,0.948,0.916,0.878,0.943,0.931,0.946,0.96,0.906,0.9,0.9,0.867,0.822,0.877
10,A1_3,0.891,0.933,0.948,1.0,0.95,0.952,0.927,0.922,0.963,0.933,0.915,0.956,0.853,0.853,0.889,0.858
10,B1_1,0.905,0.881,0.916,0.95,1.0,0.935,0.917,0.926,0.947,0.895,0.849,0.9,0.781,0.878,0.865,0.864
10,B1_2,0.858,0.878,0.878,0.952,0.935,1.0,0.897,0.887,0.92,0.856,0.876,0.946,0.788,0.855,0.92,0.861
10,B1_3,0.912,0.891,0.943,0.927,0.917,0.897,1.0,0.885,0.901,0.953,0.935,0.939,0.906,0.926,0.894,0.917
10,A2_1,0.833,0.854,0.931,0.922,0.926,0.887,0.885,1.0,0.968,0.915,0.828,0.864,0.744,0.852,0.825,0.851
10,A2_2,0.86,0.874,0.946,0.963,0.947,0.92,0.901,0.968,1.0,0.935,0.871,0.897,0.798,0.846,0.844,0.855
10,A2_3,0.849,0.886,0.96,0.933,0.895,0.856,0.953,0.915,0.935,1.0,0.958,0.93,0.885,0.877,0.806,0.818
10,B2_1,0.825,0.9,0.906,0.915,0.849,0.876,0.935,0.828,0.871,0.958,1.0,0.962,0.919,0.869,0.829,0.79
10,B2_2,0.864,0.921,0.9,0.956,0.9,0.946,0.939,0.864,0.897,0.93,0.962,1.0,0.879,0.896,0.913,0.831
10,B2_3,0.8,0.892,0.9,0.853,0.781,0.788,0.906,0.744,0.798,0.885,0.919,0.879,1.0,0.848,0.783,0.795
10,y1,0.877,0.9,0.867,0.853,0.878,0.855,0.926,0.852,0.846,0.877,0.869,0.896,0.848,1.0,0.929,0.893
10,y2,0.903,0.895,0.822,0.889,0.865,0.92,0.894,0.825,0.844,0.806,0.829,0.913,0.783,0.929,1.0,0.922
10,y3,0.913,0.857,0.877,0.858,0.864,0.861,0.917,0.851,0.855,0.818,0.79,0.831,0.795,0.893,0.922,1.0
11,.,1.0,0.901,0.894,0.889,0.904,0.855,0.909,0.832,0.859,0.847,0.821,0.86,0.797,0.878,0.903,0.914
11,A1_1,0.901,1.0,0.922,0.933,0.881,0.877,0.891,0.853,0.873,0.886,0.899,0.92,0.893,0.899,0.895,0.857
11,A1_2,0.894,0.922,1.0,0.947,0.915,0.877,0.943,0.931,0.946,0.96,0.904,0.9,0.9,0.866,0.822,0.876
11,A1_3,0.889,0.933,0.947,1.0,0.951,0.952,0.927,0.921,0.963,0.933,0.914,0.956,0.854,0.851,0.889,0.857
11,B1_1,0.904,0.881,0.915,0.951,1.0,0.935,0.917,0.926,0.947,0.896,0.849,0.9,0.782,0.877,0.866,0.864
11,B1_2,0.855,0.877,0.877,0.952,0.935,1.0,0.898,0.887,0.919,0.857,0.877,0.947,0.789,0.853,0.919,0.859
11,B1_3,0.909,0.891,0.943,0.927,0.917,0.898,1.0,0.886,0.901,0.953,0.936,0.939,0.907,0.925,0.893,0.915
11,A2_1,0.832,0.853,0.931,0.921,0.926,0.887,0.886,1.0,0.967,0.915,0.827,0.865,0.746,0.851,0.826,0.851
11,A2_2,0.859,0.873,0.946,0.963,0.947,0.919,0.901,0.967,1.0,0.935,0.87,0.897,0.799,0.844,0.844,0.854
11,A2_3,0.847,0.886,0.96,0.933,0.896,0.857,0.953,0.915,0.935,1.0,0.957,0.93,0.887,0.875,0.806,0.817
11,B2_1,0.821,0.899,0.904,0.914,0.849,0.877,0.936,0.827,0.87,0.957,1.0,0.962,0.92,0.866,0.828,0.787
11,B2_2,0.86,0.92,0.9,0.956,0.9,0.947,0.939,0.865,0.897,0.93,0.962,1.0,0.88,0.894,0.912,0.828
11,B2_3,0.797,0.893,0.9,0.854,0.782,0.789,0.907,0.746,0.799,0.887,0.92,0.88,1.0,0.846,0.783,0.793
11,y1,0.878,0.899,0.866,0.851,0.877,0.853,0.925,0.851,0.844,0.875,0.866,0.894,0.846,1.0,0.929,0.894
11,y2,0.903,0.895,0.822,0.889,0.866,0.919,0.893,0.826,0.844,0.806,0.828,0.912,0.783,0.929,1.0,0.922
11,y3,0.914,0.857,0.876,0.857,0.864,0.859,0.915,0.851,0.854,0.817,0.787,0.828,0.793,0.894,0.922,1.0
12,.,1.0,0.899,0.891,0.886,0.901,0.851,0.906,0.831,0.856,0.843,0.815,0.855,0.793,0.878,0.903,0.914
12,A1_1,0.899,1.0,0.922,0.932,0.88,0.876,0.891,0.853,0.872,0.886,0.897,0.919,0.893,0.897,0.894,0.856
12,A1_2,0.891,0.922,1.0,0.947,0.914,0.875,0.943,0.931,0.946,0.961,0.903,0.899,0.901,0.863,0.821,0.874
12,A1_3,0.886,0.932,0.947,1.0,0.95,0.952,0.927,0.921,0.963,0.932,0.913,0.956,0.854,0.848,0.888,0.854
12,B1_1,0.901,0.88,0.914,0.95,1.0,0.935,0.917,0.926,0.946,0.895,0.848,0.9,0.782,0.876,0.866,0.862
12,B1_2,0.851,0.876,0.875,0.952,0.935,1.0,0.898,0.887,0.919,0.856,0.878,0.948,0.79,0.851,0.918,0.856
12,B1_3,0.906,0.891,0.943,0.927,0.917,0.898,1.0,0.886,0.901,0.954,0.936,0.938,0.907,0.923,0.892,0.913
12,A2_1,0.831,0.853,0.931,0.921,0.926,0.887,0.886,1.0,0.967,0.915,0.826,0.865,0.746,0.85,0.826,0.85
12,A2_2,0.856,0.872,0.946,0.963,0.946,0.919,0.901,0.967,1.0,0.935,0.869,0.897,0.799,0.842,0.843,0.851
12,A2_3,0.843,0.886,0.961,0.932,0.895,0.856,0.954,0.915,0.935,1.0,0.957,0.93,0.889,0.871,0.804,0.814
12,B2_1,0.815,0.897,0.903,0.913,0.848,0.878,0.936,0.826,0.869,0.957,1.0,0.962,0.92,0.862,0.824,0.783
12,B2_2,0.855,0.919,0.899,0.956,0.9,0.948,0.938,0.865,0.897,0.93,0.962,1.0,0.881,0.891,0.909,0.825
12,B2_3,0.793,0.893,0.901,0.854,0.782,0.79,0.907,0.746,0.799,0.889,0.92,0.881,1.0,0.843,0.781,0.79
12,y1,0.878,0.897,0.863,0.848,0.876,0.851,0.923,0.85,0.842,0.871,0.862,0.891,0.843,1.0,0.929,0.895
12,y2,0.903,0.894,0.821,0.888,0.866,0.918,0.892,0.826,0.843,0.804,0.824,0.909,0.781,0.929,1.0,0.922
12,y3,0.914,0.856,0.874,0.854,0.862,0.856,0.913,0.85,0.851,0.814,0.783,0.825,0.79,0.895,0.922,1.0
13,.,1.0,0.899,0.889,0.884,0.899,0.848,0.903,0.832,0.854,0.842,0.811,0.852,0.79,0.878,0.903,0.914
13,A1_1,0.899,1.0,0.922,0.932,0.879,0.875,0.891,0.853,0.871,0.886,0.896,0.918,0.894,0.895,0.893,0.856
13,A1_2,0.889,0.922,1.0,0.946,0.913,0.874,0.942,0.931,0.946,0.961,0.901,0.897,0.901,0.861,0.82,0.873
13,A1_3,0.884,0.932,0.946,1.0,0.951,0.952,0.927,0.922,0.963,0.932,0.911,0.956,0.854,0.847,0.888,0.853
13,B1_1,0.899,0.879,0.913,0.951,1.0,0.936,0.917,0.927,0.946,0.894,0.848,0.901,0.781,0.876,0.867,0.861
13,B1_2,0.848,0.875,0.874,0.952,0.936,1.0,0.898,0.888,0.918,0.856,0.878,0.949,0.79,0.85,0.918,0.854
13,B1_3,0.903,0.891,0.942,0.927,0.917,0.898,1.0,0.887,0.901,0.954,0.936,0.938,0.908,0.921,0.89,0.912
13,A2_1,0.832,0.853,0.931,0.922,0.927,0.888,0.887,1.0,0.967,0.914,0.825,0.866,0.748,0.85,0.828,0.851
13,A2_2,0.854,0.871,0.946,0.963,0.946,0.918,0.901,0.967,1.0,0.935,0.869,0.897,0.8,0.84,0.844,0.85
13,A2_3,0.842,0.886,0.961,0.932,0.894,0.856,0.954,0.914,0.935,1.0,0.956,0.93,0.891,0.869,0.803,0.814
13,B2_1,0.811,0.896,0.901,0.911,0.848,0.878,0.936,0.825,0.869,0.956,1.0,0.962,0.921,0.859,0.822,0.781
13,B2_2,0.852,0.918,0.897,0.956,0.901,0.949,0.938,0.866,0.897,0.93,0.962,1.0,0.881,0.889,0.908,0.823
13,B2_3,0.79,0.894,0.901,0.854,0.781,0.79,0.908,0.748,0.8,0.891,0.921,0.881,1.0,0.841,0.779,0.789
13,y1,0.878,0.895,0.861,0.847,0.876,0.85,0.921,0.85,0.84,0.869,0.859,0.889,0.841,1.0,0.929,0.895
13,y2,0.903,0.893,0.82,0.888,0.867,0.918,0.89,0.828,0.844,0.803,0.822,0.908,0.779,0.929,1.0,0.922
13,y3,0.914,0.856,0.873,0.853,0.861,0.854,0.912,0.851,0.85,0.814,0.781,0.823,0.789,0.895,0.922,1.0
14,.,1.0,0.897,0.887,0.882,0.897,0.845,0.9,0.831,0.852,0.839,0.805,0.847,0.787,0.877,0.902,0.914
14,A1_1,0.897,1.0,0.922,0.931,0.878,0.873,0.89,0.852,0.869,0.886,0.894,0.917,0.894,0.894,0.892,0.857
14,A1_2,0.887,0.922,1.0,0.946,0.911,0.872,0.942,0.93,0.945,0.961,0.899,0.895,0.901,0.859,0.818,0.872
14,A1_3,0.882,0.931,0.946,1.0,0.951,0.953,0.927,0.922,0.963,0.931,0.909,0.955,0.854,0.845,0.888,0.852
14,B1_1,0.897,0.878,0.911,0.951,1.0,0.936,0.916,0.928,0.945,0.892,0.848,0.901,0.781,0.875,0.867,0.86
14,B1_2,0.845,0.873,0.872,0.953,0.936,1.0,0.898,0.888,0.917,0.854,0.878,0.95,0.791,0.849,0.918,0.852
14,B1_3,0.9,0.89,0.942,0.927,0.916,0.898,1.0,0.887,0.901,0.954,0.935,0.938,0.909,0.919,0.889,0.911
14,A2_1,0.831,0.852,0.93,0.922,0.928,0.888,0.887,1.0,0.967,0.913,0.823,0.866,0.748,0.85,0.829,0.851
14,A2_2,0.852,0.869,0.945,0.963,0.945,0.917,0.901,0.967,1.0,0.935,0.868,0.896,0.801,0.839,0.843,0.848
14,A2_3,0.839,0.886,0.961,0.931,0.892,0.854,0.954,0.913,0.935,1.0,0.955,0.929,0.892,0.866,0.801,0.812
14,B2_1,0.805,0.894,0.899,0.909,0.848,0.878,0.935,0.823,0.868,0.955,1.0,0.962,0.921,0.856,0.819,0.777
14,B2_2,0.847,0.917,0.895,0.955,0.901,0.95,0.938,0.866,0.896,0.929,0.962,1.0,0.881,0.887,0.907,0.82
14,B2_3,0.787,0.894,0.901,0.854,0.781,0.791,0.909,0.748,0.801,0.892,0.921,0.881,1.0,0.839,0.778,0.788
14,y1,0.877,0.894,0.859,0.845,0.875,0.849,0.919,0.85,0.839,0.866,0.856,0.887,0.839,1.0,0.929,0.896
14,y2,0.902,0.892,0.818,0.888,0.867,0.918,0.889,0.829,0.843,0.801,0.819,0.907,0.778,0.929,1.0,0.921
14,y3,0.914,0.857,0.872,0.852,0.86,0.852,0.911,0.851,0.848,0.812,0.777,0.82,0.788,0.896,0.921,1.0
15,.,1.0,0.895,0.884,0.879,0.894,0.84,0.896,0.83,0.849,0.835,0.799,0.842,0.783,0.876,0.901,0.914
15,A1_1,0.895,1.0,0.921,0.93,0.877,0.872,0.89,0.851,0.868,0.885,0.891,0.915,0.894,0.891,0.89,0.856
15,A1_2,0.884,0.921,1.0,0.945,0.909,0.87,0.941,0.93,0.944,0.961,0.897,0.893,0.901,0.856,0.816,0.87
15,A1_3,0.879,0.93,0.945,1.0,0.951,0.953,0.927,0.922,0.962,0.93,0.907,0.954,0.854,0.843,0.888,0.85
15,B1_1,0.894,0.877,0.909,0.951,1.0,0.936,0.915,0.928,0.944,0.89,0.847,0.901,0.78,0.874,0.867,0.858
15,B1_2,0.84,0.872,0.87,0.953,0.936,1.0,0.897,0.888,0.916,0.853,0.877,0.95,0.79,0.847,0.917,0.85
15,B1_3,0.896,0.89,0.941,0.927,0.915,0.897,1.0,0.886,0.9,0.954,0.935,0.938,0.909,0.917,0.887,0.908
15,A2_1,0.83,0.851,0.93,0.922,0.928,0.888,0.886,1.0,0.966,0.912,0.821,0.865,0.748,0.849,0.829,0.85
15,A2_2,0.849,0.868,0.944,0.962,0.944,0.916,0.9,0.966,1.0,0.934,0.866,0.895,0.801,0.836,0.842,0.845
15,A2_3,0.835,0.885,0.961,0.93,0.89,0.853,0.954,0.912,0.934,1.0,0.954,0.928,0.894,0.863,0.798,0.809
15,B2_1,0.799,0.891,0.897,0.907,0.847,0.877,0.935,0.821,0.866,0.954,1.0,0.961,0.921,0.852,0.815,0.772
15,B2_2,0.842,0.915,0.893,0.954,0.901,0.95,0.938,0.865,0.895,0.928,0.961,1.0,0.881,0.884,0.905,0.816
15,B2_3,0.783,0.894,0.901,0.854,0.78,0.79,0.909,0.748,0.801,0.894,0.921,0.881,1.0,0.837,0.775,0.785
15,y1,0.876,0.891,0.856,0.843,0.874,0.847,0.917,0.849,0.836,0.863,0.852,0.884,0.837,1.0,0.929,0.895
15,y2,0.901,0.89,0.816,0.888,0.867,0.917,0.887,0.829,0.842,0.798,0.815,0.905,0.775,0.929,1.0,0.921
15,y3,0.914,0.856,0.87,0.85,0.858,0.85,0.908,0.85,0.845,0.809,0.772,0.816,0.785,0.895,0.921,1.0
16,.,1.0,0.893,0.88,0.875,0.89,0.836,0.892,0.828,0.846,0.831,0.792,0.836,0.778,0.875,0.899,0.913
16,A1_1,0.893,1.0,0.921,0.93,0.876,0.871,0.89,0.85,0.867,0.885,0.89,0.914,0.895,0.889,0.888,0.855
16,A1_2,0.88,0.921,1.0,0.944,0.908,0.868,0.941,0.929,0.944,0.961,0.895,0.892,0.901,0.853,0.814,0.867
16,A1_3,0.875,0.93,0.944,1.0,0.951,0.952,0.926,0.921,0.962,0.929,0.905,0.953,0.854,0.84,0.886,0.847
16,B1_1,0.89,0.876,0.908,0.951,1.0,0.937,0.915,0.927,0.942,0.889,0.846,0.901,0.78,0.872,0.866,0.855
16,B1_2,0.836,0.871,0.868,0.952,0.937,1.0,0.897,0.887,0.915,0.851,0.877,0.95,0.79,0.845,0.916,0.847
16,B1_3,0.892,0.89,0.941,0.926,0.915,0.897,1.0,0.886,0.899,0.953,0.935,0.937,0.909,0.915,0.885,0.906
16,A2_1,0.828,0.85,0.929,0.921,0.927,0.887,0.886,1.0,0.965,0.91,0.818,0.864,0.747,0.847,0.829,0.849
16,A2_2,0.846,0.867,0.944,0.962,0.942,0.915,0.899,0.965,1.0,0.933,0.864,0.894,0.801,0.834,0.841,0.842
16,A2_3,0.831,0.885,0.961,0.929,0.889,0.851,0.953,0.91,0.933,1.0,0.953,0.927,0.895,0.859,0.796,0.806
16,B2_1,0.792,0.89,0.895,0.905,0.846,0.877,0.935,0.818,0.864,0.953,1.0,0.961,0.92,0.848,0.811,0.768
16,B2_2,0.836,0.914,0.892,0.953,0.901,0.95,0.937,0.864,0.894,0.927,0.961,1.0,0.881,0.881,0.902,0.812
16,B2_3,0.778,0.895,0.901,0.854,0.78,0.79,0.909,0.747,0.801,0.895,0.92,0.881,1.0,0.834,0.773,0.782
16,y1,0.875,0.889,0.853,0.84,0.872,0.845,0.915,0.847,0.834,0.859,0.848,0.881,0.834,1.0,0.928,0.895
16,y2,0.899,0.888,0.814,0.886,0.866,0.916,0.885,0.829,0.841,0.796,0.811,0.902,0.773,0.928,1.0,0.92
16,y3,0.913,0.855,0.867,0.847,0.855,0.847,0.906,0.849,0.842,0.806,0.768,0.812,0.782,0.895,0.92,1.0
17,.,1.0,0.892,0.879,0.874,0.889,0.834,0.889,0.828,0.845,0.829,0.787,0.833,0.775,0.874,0.898,0.913
17,A1_1,0.892,1.0,0.921,0.929,0.875,0.87,0.89,0.849,0.865,0.885,0.888,0.913,0.895,0.887,0.886,0.854
17,A1_2,0.879,0.921,1.0,0.943,0.906,0.866,0.94,0.928,0.943,0.961,0.893,0.89,0.901,0.851,0.812,0.867
17,A1_3,0.874,0.929,0.943,1.0,0.952,0.952,0.926,0.921,0.962,0.928,0.903,0.952,0.853,0.84,0.887,0.846
17,B1_1,0.889,0.875,0.906,0.952,1.0,0.937,0.914,0.927,0.942,0.887,0.846,0.902,0.779,0.873,0.867,0.854
17,B1_2,0.834,0.87,0.866,0.952,0.937,1.0,0.898,0.887,0.913,0.85,0.876,0.95,0.79,0.844,0.916,0.846
17,B1_3,0.889,0.89,0.94,0.926,0.914,0.898,1.0,0.886,0.899,0.953,0.934,0.937,0.91,0.914,0.883,0.905
17,A2_1,0.828,0.849,0.928,0.921,0.927,0.887,0.886,1.0,0.965,0.909,0.816,0.864,0.747,0.848,0.831,0.849
17,A2_2,0.845,0.865,0.943,0.962,0.942,0.913,0.899,0.965,1.0,0.933,0.863,0.893,0.801,0.833,0.841,0.841
17,A2_3,0.829,0.885,0.961,0.928,0.887,0.85,0.953,0.909,0.933,1.0,0.952,0.926,0.896,0.858,0.794,0.805
17,B2_1,0.787,0.888,0.893,0.903,0.846,0.876,0.934,0.816,0.863,0.952,1.0,0.961,0.92,0.845,0.808,0.765
17,B2_2,0.833,0.913,0.89,0.952,0.902,0.95,0.937,0.864,0.893,0.926,0.961,1.0,0.881,0.88,0.901,0.81
17,B2_3,0.775,0.895,0.901,0.853,0.779,0.79,0.91,0.747,0.801,0.896,0.92,0.881,1.0,0.832,0.771,0.781
17,y1,0.874,0.887,0.851,0.84,0.873,0.844,0.914,0.848,0.833,0.858,0.845,0.88,0.832,1.0,0.928,0.895
17,y2,0.898,0.886,0.812,0.887,0.867,0.916,0.883,0.831,0.841,0.794,0.808,0.901,0.771,0.928,1.0,0.919
17,y3,0.913,0.854,0.867,0.846,0.854,0.846,0.905,0.849,0.841,0.805,0.765,0.81,0.781,0.895,0.919,1.0
18,.,1.0,0.888,0.873,0.869,0.883,0.828,0.883,0.824,0.839,0.823,0.778,0.825,0.768,0.871,0.896,0.911
18,A1_1,0.888,1.0,0.92,0.928,0.874,0.868,0.889,0.848,0.863,0.884,0.885,0.911,0.895,0.883,0.883,0.852
18,A1_2,0.873,0.92,1.0,0.942,0.903,0.864,0.939,0.927,0.942,0.961,0.889,0.887,0.9,0.847,0.808,0.863
18,A1_3,0.869,0.928,0.942,1.0,0.951,0.951,0.925,0.92,0.961,0.927,0.9,0.951,0.852,0.835,0.884,0.842
18,B1_1,0.883,0.874,0.903,0.951,1.0,0.937,0.913,0.926,0.939,0.885,0.844,0.901,0.778,0.87,0.866,0.851
18,B1_2,0.828,0.868,0.864,0.951,0.937,1.0,0.897,0.886,0.911,0.847,0.874,0.95,0.788,0.842,0.915,0.843
18,B1_3,0.883,0.889,0.939,0.925,0.913,0.897,1.0,0.884,0.897,0.952,0.933,0.937,0.91,0.91,0.88,0.902
18,A2_1,0.824,0.848,0.927,0.92,0.926,0.886,0.884,1.0,0.964,0.907,0.812,0.862,0.745,0.846,0.83,0.847
18,A2_2,0.839,0.863,0.942,0.961,0.939,0.911,0.897,0.964,1.0,0.932,0.859,0.891,0.8,0.829,0.839,0.837
18,A2_3,0.823,0.884,0.961,0.927,0.885,0.847,0.952,0.907,0.932,1.0,0.951,0.924,0.897,0.853,0.79,0.8
18,B2_1,0.778,0.885,0.889,0.9,0.844,0.874,0.933,0.812,0.859,0.951,1.0,0.96,0.919,0.84,0.802,0.758
18,B2_2,0.825,0.911,0.887,0.951,0.901,0.95,0.937,0.862,0.891,0.924,0.96,1.0,0.879,0.877,0.898,0.805
18,B2_3,0.768,0.895,0.9,0.852,0.778,0.788,0.91,0.745,0.8,0.897,0.919,0.879,1.0,0.828,0.766,0.776
18,y1,0.871,0.883,0.847,0.835,0.87,0.842,0.91,0.846,0.829,0.853,0.84,0.877,0.828,1.0,0.927,0.893
18,y2,0.896,0.883,0.808,0.884,0.866,0.915,0.88,0.83,0.839,0.79,0.802,0.898,0.766,0.927,1.0,0.918
18,y3,0.911,0.852,0.863,0.842,0.851,0.843,0.902,0.847,0.837,0.8,0.758,0.805,0.776,0.893,0.918,1.0
19,.,1.0,0.885,0.869,0.866,0.88,0.824,0.879,0.823,0.836,0.819,0.771,0.82,0.764,0.87,0.894,0.91
19,A1_1,0.885,1.0,0.92,0.928,0.873,0.867,0.889,0.847,0.861,0.884,0.883,0.909,0.895,0.88,0.88,0.851
19,A1_2,0.869,0.92,1.0,0.941,0.901,0.862,0.937,0.926,0.941,0.961,0.886,0.884,0.9,0.844,0.805,0.86
19,A1_3,0.866,0.928,0.941,1.0,0.951,0.951,0.924,0.92,0.96,0.926,0.897,0.949,0.852,0.834,0.884,0.84
19,B1_1,0.88,0.873,0.901,0.951,1.0,0.938,0.912,0.925,0.937,0.882,0.843,0.902,0.777,0.869,0.866,0.848
19,B1_2,0.824,0.867,0.862,0.951,0.938,1.0,0.897,0.886,0.909,0.846,0.873,0.95,0.787,0.84,0.914,0.841
19,B1_3,0.879,0.889,0.937,0.924,0.912,0.897,1.0,0.884,0.895,0.952,0.933,0.936,0.91,0.908,0.878,0.899
19,A2_1,0.823,0.847,0.926,0.92,0.925,0.886,0.884,1.0,0.963,0.905,0.809,0.861,0.744,0.846,0.831,0.847
19,A2_2,0.836,0.861,0.941,0.96,0.937,0.909,0.895,0.963,1.0,0.931,0.857,0.889,0.799,0.827,0.838,0.834
19,A2_3,0.819,0.884,0.961,0.926,0.882,0.846,0.952,0.905,0.931,1.0,0.949,0.923,0.898,0.85,0.787,0.798
19,B2_1,0.771,0.883,0.886,0.897,0.843,0.873,0.933,0.809,0.857,0.949,1.0,0.959,0.919,0.836,0.798,0.753
19,B2_2,0.82,0.909,0.884,0.949,0.902,0.95,0.936,0.861,0.889,0.923,0.959,1.0,0.878,0.875,0.896,0.802
19,B2_3,0.764,0.895,0.9,0.852,0.777,0.787,0.91,0.744,0.799,0.898,0.919,0.878,1.0,0.825,0.763,0.774
19,y1,0.87,0.88,0.844,0.834,0.869,0.84,0.908,0.846,0.827,0.85,0.836,0.875,0.825,1.0,0.926,0.892
19,y2,0.894,0.88,0.805,0.884,0.866,0.914,0.878,0.831,0.838,0.787,0.798,0.896,0.763,0.926,1.0,0.916
19,y3,0.91,0.851,0.86,0.84,0.848,0.841,0.899,0.847,0.834,0.798,0.753,0.802,0.774,0.892,0.916,1.0
20,.,1.0,0.88,0.863,0.86,0.874,0.818,0.872,0.818,0.829,0.812,0.761,0.812,0.756,0.866,0.89,0.908
20,A1_1,0.88,1.0,0.919,0.927,0.872,0.865,0.888,0.845,0.859,0.884,0.88,0.908,0.894,0.876,0.876,0.847
20,A1_2,0.863,0.919,1.0,0.94,0.897,0.859,0.936,0.924,0.94,0.96,0.882,0.881,0.9,0.838,0.799,0.855
20,A1_3,0.86,0.927,0.94,1.0,0.951,0.95,0.923,0.918,0.959,0.924,0.893,0.947,0.85,0.829,0.881,0.835
20,B1_1,0.874,0.872,0.897,0.951,1.0,0.938,0.911,0.923,0.935,0.879,0.842,0.901,0.775,0.866,0.864,0.844
20,B1_2,0.818,0.865,0.859,0.95,0.938,1.0,0.897,0.885,0.906,0.842,0.871,0.949,0.785,0.837,0.913,0.838
20,B1_3,0.872,0.888,0.936,0.923,0.911,0.897,1.0,0.881,0.893,0.951,0.932,0.936,0.91,0.904,0.874,0.895
20,A2_1,0.818,0.845,0.924,0.918,0.923,0.885,0.881,1.0,0.962,0.902,0.804,0.859,0.741,0.844,0.829,0.843
20,A2_2,0.829,0.859,0.94,0.959,0.935,0.906,0.893,0.962,1.0,0.929,0.853,0.887,0.798,0.823,0.836,0.828
20,A2_3,0.812,0.884,0.96,0.924,0.879,0.842,0.951,0.902,0.929,1.0,0.947,0.921,0.899,0.845,0.782,0.792
20,B2_1,0.761,0.88,0.882,0.893,0.842,0.871,0.932,0.804,0.853,0.947,1.0,0.959,0.917,0.831,0.791,0.745
20,B2_2,0.812,0.908,0.881,0.947,0.901,0.949,0.936,0.859,0.887,0.921,0.959,1.0,0.877,0.871,0.893,0.796
20,B2_3,0.756,0.894,0.9,0.85,0.775,0.785,0.91,0.741,0.798,0.899,0.917,0.877,1.0,0.819,0.757,0.769
20,y1,0.866,0.876,0.838,0.829,0.866,0.837,0.904,0.844,0.823,0.845,0.831,0.871,0.819,1.0,0.925,0.89
20,y2,0.89,0.876,0.799,0.881,0.864,0.913,0.874,0.829,0.836,0.782,0.791,0.893,0.757,0.925,1.0,0.914
20,y3,0.908,0.847,0.855,0.835,0.844,0.838,0.895,0.843,0.828,0.792,0.745,0.796,0.769,0.89,0.914,1.0
21,.,1.0,0.877,0.858,0.856,0.87,0.813,0.867,0.815,0.825,0.808,0.754,0.807,0.75,0.864,0.888,0.906
21,A1_1,0.877,1.0,0.919,0.927,0.87,0.864,0.888,0.844,0.858,0.884,0.877,0.906,0.894,0.872,0.872,0.845
21,A1_2,0.858,0.919,1.0,0.939,0.895,0.856,0.934,0.922,0.939,0.96,0.879,0.878,0.899,0.834,0.795,0.852
21,A1_3,0.856,0.927,0.939,1.0,0.95,0.949,0.922,0.917,0.958,0.923,0.89,0.946,0.849,0.827,0.88,0.832
21,B1_1,0.87,0.87,0.895,0.95,1.0,0.938,0.91,0.922,0.933,0.877,0.841,0.902,0.774,0.865,0.864,0.841
21,B1_2,0.813,0.864,0.856,0.949,0.938,1.0,0.897,0.884,0.905,0.84,0.869,0.949,0.784,0.836,0.913,0.836
21,B1_3,0.867,0.888,0.934,0.922,0.91,0.897,1.0,0.88,0.891,0.95,0.932,0.935,0.91,0.902,0.871,0.893
21,A2_1,0.815,0.844,0.922,0.917,0.922,0.884,0.88,1.0,0.961,0.9,0.8,0.857,0.74,0.843,0.829,0.842
21,A2_2,0.825,0.858,0.939,0.958,0.933,0.905,0.891,0.961,1.0,0.928,0.85,0.885,0.797,0.821,0.834,0.825
21,A2_3,0.808,0.884,0.96,0.923,0.877,0.84,0.95,0.9,0.928,1.0,0.946,0.92,0.9,0.842,0.779,0.789
21,B2_1,0.754,0.877,0.879,0.89,0.841,0.869,0.932,0.8,0.85,0.946,1.0,0.958,0.916,0.827,0.786,0.74
21,B2_2,0.807,0.906,0.878,0.946,0.902,0.949,0.935,0.857,0.885,0.92,0.958,1.0,0.875,0.869,0.891,0.792
21,B2_3,0.75,0.894,0.899,0.849,0.774,0.784,0.91,0.74,0.797,0.9,0.916,0.875,1.0,0.816,0.753,0.765
21,y1,0.864,0.872,0.834,0.827,0.865,0.836,0.902,0.843,0.821,0.842,0.827,0.869,0.816,1.0,0.924,0.888
21,y2,0.888,0.872,0.795,0.88,0.864,0.913,0.871,0.829,0.834,0.779,0.786,0.891,0.753,0.924,1.0,0.912
21,y3,0.906,0.845,0.852,0.832,0.841,0.836,0.893,0.842,0.825,0.789,0.74,0.792,0.765,0.888,0.912,1.0
22,.,1.0,0.872,0.852,0.851,0.864,0.807,0.861,0.81,0.819,0.803,0.745,0.799,0.743,0.861,0.884,0.904
22,A1_1,0.872,1.0,0.918,0.926,0.87,0.863,0.888,0.842,0.856,0.884,0.875,0.904,0.894,0.867,0.868,0.842
22,A1_2,0.852,0.918,1.0,0.939,0.892,0.854,0.933,0.921,0.938,0.96,0.876,0.875,0.899,0.828,0.791,0.848
22,A1_3,0.851,0.926,0.939,1.0,0.95,0.948,0.921,0.915,0.957,0.922,0.886,0.944,0.848,0.822,0.877,0.828
22,B1_1,0.864,0.87,0.892,0.95,1.0,0.939,0.909,0.919,0.931,0.875,0.84,0.901,0.773,0.862,0.862,0.838
22,B1_2,0.807,0.863,0.854,0.948,0.939,1.0,0.896,0.882,0.902,0.838,0.867,0.948,0.782,0.833,0.911,0.834
22,B1_3,0.861,0.888,0.933,0.921,0.909,0.896,1.0,0.878,0.889,0.95,0.931,0.935,0.911,0.898,0.868,0.889
22,A2_1,0.81,0.842,0.921,0.915,0.919,0.882,0.878,1.0,0.959,0.897,0.795,0.855,0.737,0.84,0.828,0.839
22,A2_2,0.819,0.856,0.938,0.957,0.931,0.902,0.889,0.959,1.0,0.927,0.846,0.882,0.796,0.817,0.832,0.82
22,A2_3,0.803,0.884,0.96,0.922,0.875,0.838,0.95,0.897,0.927,1.0,0.944,0.918,0.9,0.838,0.775,0.785
22,B2_1,0.745,0.875,0.876,0.886,0.84,0.867,0.931,0.795,0.846,0.944,1.0,0.957,0.915,0.822,0.781,0.733
22,B2_2,0.799,0.904,0.875,0.944,0.901,0.948,0.935,0.855,0.882,0.918,0.957,1.0,0.874,0.866,0.888,0.787
22,B2_3,0.743,0.894,0.899,0.848,0.773,0.782,0.911,0.737,0.796,0.9,0.915,0.874,1.0,0.81,0.748,0.76
22,y1,0.861,0.867,0.828,0.822,0.862,0.833,0.898,0.84,0.817,0.838,0.822,0.866,0.81,1.0,0.923,0.886
22,y2,0.884,0.868,0.791,0.877,0.862,0.911,0.868,0.828,0.832,0.775,0.781,0.888,0.748,0.923,1.0,0.91
22,y3,0.904,0.842,0.848,0.828,0.838,0.834,0.889,0.839,0.82,0.785,0.733,0.787,0.76,0.886,0.91,1.0
23,.,1.0,0.868,0.847,0.846,0.859,0.802,0.855,0.807,0.815,0.798,0.737,0.793,0.737,0.858,0.881,0.902
23,A1_1,0.868,1.0,0.918,0.926,0.869,0.861,0.887,0.84,0.854,0.884,0.872,0.902,0.894,0.863,0.865,0.839
23,A1_2,0.847,0.918,1.0,0.938,0.889,0.852,0.931,0.919,0.937,0.96,0.872,0.871,0.898,0.823,0.787,0.844
23,A1_3,0.846,0.926,0.938,1.0,0.949,0.947,0.92,0.914,0.956,0.921,0.882,0.941,0.848,0.818,0.875,0.825
23,B1_1,0.859,0.869,0.889,0.949,1.0,0.939,0.908,0.917,0.928,0.872,0.84,0.901,0.772,0.86,0.861,0.834
23,B1_2,0.802,0.861,0.852,0.947,0.939,1.0,0.896,0.881,0.9,0.835,0.865,0.948,0.781,0.83,0.911,0.832
23,B1_3,0.855,0.887,0.931,0.92,0.908,0.896,1.0,0.876,0.887,0.949,0.931,0.935,0.911,0.895,0.865,0.886
23,A2_1,0.807,0.84,0.919,0.914,0.917,0.881,0.876,1.0,0.958,0.895,0.79,0.852,0.735,0.839,0.827,0.838
23,A2_2,0.815,0.854,0.937,0.956,0.928,0.9,0.887,0.958,1.0,0.926,0.842,0.879,0.795,0.814,0.831,0.816
23,A2_3,0.798,0.884,0.96,0.921,0.872,0.835,0.949,0.895,0.926,1.0,0.942,0.916,0.901,0.834,0.772,0.781
23,B2_1,0.737,0.872,0.872,0.882,0.84,0.865,0.931,0.79,0.842,0.942,1.0,0.957,0.914,0.817,0.776,0.727
23,B2_2,0.793,0.902,0.871,0.941,0.901,0.948,0.935,0.852,0.879,0.916,0.957,1.0,0.873,0.863,0.885,0.783
23,B2_3,0.737,0.894,0.898,0.848,0.772,0.781,0.911,0.735,0.795,0.901,0.914,0.873,1.0,0.806,0.744,0.756
23,y1,0.858,0.863,0.823,0.818,0.86,0.83,0.895,0.839,0.814,0.834,0.817,0.863,0.806,1.0,0.922,0.884
23,y2,0.881,0.865,0.787,0.875,0.861,0.911,0.865,0.827,0.831,0.772,0.776,0.885,0.744,0.922,1.0,0.908
23,y3,0.902,0.839,0.844,0.825,0.834,0.832,0.886,0.838,0.816,0.781,0.727,0.783,0.756,0.884,0.908,1.0
24,.,1.0,0.861,0.839,0.84,0.851,0.795,0.847,0.8,0.808,0.791,0.725,0.784,0.728,0.853,0.876,0.899
24,A1_1,0.861,1.0,0.916,0.925,0.867,0.859,0.887,0.837,0.851,0.883,0.868,0.9,0.893,0.856,0.859,0.835
24,A1_2,0.839,0.916,1.0,0.937,0.885,0.848,0.929,0.916,0.935,0.96,0.867,0.866,0.897,0.816,0.779,0.838
24,A1_3,0.84,0.925,0.937,1.0,0.948,0.944,0.919,0.911,0.955,0.919,0.877,0.938,0.846,0.812,0.871,0.819
24,B1_1,0.851,0.867,0.885,0.948,1.0,0.939,0.906,0.914,0.925,0.868,0.838,0.901,0.771,0.856,0.858,0.828
24,B1_2,0.795,0.859,0.848,0.944,0.939,1.0,0.896,0.879,0.896,0.83,0.861,0.946,0.778,0.826,0.909,0.829
24,B1_3,0.847,0.887,0.929,0.919,0.906,0.896,1.0,0.873,0.884,0.948,0.93,0.935,0.911,0.89,0.86,0.882
24,A2_1,0.8,0.837,0.916,0.911,0.914,0.879,0.873,1.0,0.956,0.891,0.783,0.848,0.731,0.835,0.825,0.834
24,A2_2,0.808,0.851,0.935,0.955,0.925,0.896,0.884,0.956,1.0,0.924,0.837,0.875,0.793,0.809,0.827,0.811
24,A2_3,0.791,0.883,0.96,0.919,0.868,0.83,0.948,0.891,0.924,1.0,0.939,0.913,0.902,0.828,0.765,0.774
24,B2_1,0.725,0.868,0.867,0.877,0.838,0.861,0.93,0.783,0.837,0.939,1.0,0.955,0.912,0.811,0.767,0.718
24,B2_2,0.784,0.9,0.866,0.938,0.901,0.946,0.935,0.848,0.875,0.913,0.955,1.0,0.871,0.859,0.881,0.776
24,B2_3,0.728,0.893,0.897,0.846,0.771,0.778,0.911,0.731,0.793,0.902,0.912,0.871,1.0,0.799,0.736,0.749
24,y1,0.853,0.856,0.816,0.812,0.856,0.826,0.89,0.835,0.809,0.828,0.811,0.859,0.799,1.0,0.92,0.881
24,y2,0.876,0.859,0.779,0.871,0.858,0.909,0.86,0.825,0.827,0.765,0.767,0.881,0.736,0.92,1.0,0.905
24,y3,0.899,0.835,0.838,0.819,0.828,0.829,0.882,0.834,0.811,0.774,0.718,0.776,0.749,0.881,0.905,1.0
25,.,1.0,0.855,0.83,0.832,0.843,0.788,0.839,0.794,0.8,0.783,0.715,0.775,0.719,0.85,0.872,0.896
25,A1_1,0.855,1.0,0.916,0.924,0.866,0.858,0.886,0.835,0.849,0.883,0.865,0.898,0.893,0.849,0.853,0.83
