,,.,A1_1,A1_2,A1_3,B1_1,B1_2,B1_3,A2_1,A2_2,A2_3,B2_1,B2_2,B2_3,y1,y2,y3
0,.,1.0,0.375,0.113,0.336,0.231,-0.193,-0.205,-0.298,0.12,0.092,-0.013,-0.446,-0.103,-0.168,0.263,-0.176
0,A1_1,0.375,1.0,0.22,-0.021,0.062,-0.009,-0.065,-0.281,0.105,0.189,0.181,-0.114,0.066,0.198,0.217,0.058
0,A1_2,0.113,0.22,1.0,-0.095,-0.181,-0.084,0.183,-0.002,0.188,0.416,-0.083,-0.542,0.118,0.28,-0.168,0.075
0,A1_3,0.336,-0.021,-0.095,1.0,0.141,0.285,-0.193,0.22,0.331,-0.035,-0.171,0.04,-0.396,-0.159,0.554,-0.178
0,B1_1,0.231,0.062,-0.181,0.141,1.0,0.184,0.056,0.138,0.369,-0.3,-0.166,-0.232,-0.2,0.002,-0.016,0.197
0,B1_2,-0.193,-0.009,-0.084,0.285,0.184,1.0,0.057,0.161,0.398,-0.428,-0.113,0.32,-0.218,-0.084,0.412,0.058
0,B1_3,-0.205,-0.065,0.183,-0.193,0.056,0.057,1.0,-0.302,-0.435,0.148,0.265,-0.047,0.427,-0.036,-0.433,0.198
0,A2_1,-0.298,-0.281,-0.002,0.22,0.138,0.161,-0.302,1.0,0.345,0.069,-0.206,0.137,-0.653,0.032,0.21,0.09
0,A2_2,0.12,0.105,0.188,0.331,0.369,0.398,-0.435,0.345,1.0,-0.11,-0.36,-0.16,-0.297,0.076,0.254,0.072
0,A2_3,0.092,0.189,0.416,-0.035,-0.3,-0.428,0.148,0.069,-0.11,1.0,0.485,0.094,-0.137,-0.041,-0.479,-0.455
0,B2_1,-0.013,0.181,-0.083,-0.171,-0.166,-0.113,0.265,-0.206,-0.36,0.485,1.0,0.559,0.317,-0.093,-0.263,-0.393
0,B2_2,-0.446,-0.114,-0.542,0.04,-0.232,0.32,-0.047,0.137,-0.16,0.094,0.559,1.0,-0.139,-0.387,-0.007,-0.314
0,B2_3,-0.103,0.066,0.118,-0.396,-0.2,-0.218,0.427,-0.653,-0.297,-0.137,0.317,-0.139,1.0,0.204,-0.205,0.122
0,y1,-0.168,0.198,0.28,-0.159,0.002,-0.084,-0.036,0.032,0.076,-0.041,-0.093,-0.387,0.204,1.0,0.18,-0.096
0,y2,0.263,0.217,-0.168,0.554,-0.016,0.412,-0.433,0.21,0.254,-0.479,-0.263,-0.007,-0.205,0.18,1.0,-0.073
0,y3,-0.176,0.058,0.075,-0.178,0.197,0.058,0.198,0.09,0.072,-0.455,-0.393,-0.314,0.122,-0.096,-0.073,1.0
1,.,1.0,0.373,0.114,0.339,0.232,-0.192,-0.206,-0.294,0.123,0.093,-0.014,-0.445,-0.107,-0.169,0.264,-0.176
1,A1_1,0.373,1.0,0.22,-0.021,0.063,-0.009,-0.065,-0.282,0.105,0.189,0.18,-0.114,0.066,0.197,0.217,0.059
1,A1_2,0.114,0.22,1.0,-0.095,-0.181,-0.085,0.182,-0.003,0.187,0.415,-0.084,-0.542,0.118,0.28,-0.168,0.076
1,A1_3,0.339,-0.021,-0.095,1.0,0.141,0.285,-0.193,0.22,0.33,-0.036,-0.172,0.04,-0.395,-0.16,0.554,-0.179
1,B1_1,0.232,0.063,-0.181,0.141,1.0,0.185,0.056,0.138,0.37,-0.301,-0.165,-0.231,-0.2,0.001,-0.017,0.197
1,B1_2,-0.192,-0.009,-0.085,0.285,0.185,1.0,0.06,0.161,0.398,-0.428,-0.11,0.322,-0.216,-0.084,0.413,0.058
1,B1_3,-0.206,-0.065,0.182,-0.193,0.056,0.06,1.0,-0.302,-0.434,0.148,0.267,-0.044,0.427,-0.036,-0.431,0.198
1,A2_1,-0.294,-0.282,-0.003,0.22,0.138,0.161,-0.302,1.0,0.345,0.068,-0.207,0.136,-0.654,0.032,0.21,0.09
1,A2_2,0.123,0.105,0.187,0.33,0.37,0.398,-0.434,0.345,1.0,-0.112,-0.36,-0.16,-0.297,0.075,0.253,0.072
1,A2_3,0.093,0.189,0.415,-0.036,-0.301,-0.428,0.148,0.068,-0.112,1.0,0.484,0.094,-0.137,-0.04,-0.479,-0.454
1,B2_1,-0.014,0.18,-0.084,-0.172,-0.165,-0.11,0.267,-0.207,-0.36,0.484,1.0,0.56,0.319,-0.093,-0.261,-0.392
1,B2_2,-0.445,-0.114,-0.542,0.04,-0.231,0.322,-0.044,0.136,-0.16,0.094,0.56,1.0,-0.137,-0.387,-0.006,-0.314
1,B2_3,-0.107,0.066,0.118,-0.395,-0.2,-0.216,0.427,-0.654,-0.297,-0.137,0.319,-0.137,1.0,0.204,-0.203,0.123
1,y1,-0.169,0.197,0.28,-0.16,0.001,-0.084,-0.036,0.032,0.075,-0.04,-0.093,-0.387,0.204,1.0,0.179,-0.096
1,y2,0.264,0.217,-0.168,0.554,-0.017,0.413,-0.431,0.21,0.253,-0.479,-0.261,-0.006,-0.203,0.179,1.0,-0.076
1,y3,-0.176,0.059,0.076,-0.179,0.197,0.058,0.198,0.09,0.072,-0.454,-0.392,-0.314,0.123,-0.096,-0.076,1.0
2,.,1.0,0.371,0.115,0.342,0.233,-0.192,-0.206,-0.29,0.126,0.093,-0.015,-0.444,-0.11,-0.169,0.264,-0.176
2,A1_1,0.371,1.0,0.22,-0.021,0.063,-0.009,-0.064,-0.282,0.105,0.188,0.18,-0.114,0.066,0.196,0.217,0.059
2,A1_2,0.115,0.22,1.0,-0.096,-0.181,-0.085,0.18,-0.004,0.186,0.415,-0.086,-0.542,0.117,0.28,-0.168,0.076
2,A1_3,0.342,-0.021,-0.096,1.0,0.142,0.285,-0.193,0.22,0.33,-0.037,-0.173,0.039,-0.395,-0.16,0.553,-0.18
2,B1_1,0.233,0.063,-0.181,0.142,1.0,0.185,0.056,0.139,0.371,-0.3,-0.164,-0.231,-0.2,-0.0,-0.018,0.196
2,B1_2,-0.192,-0.009,-0.085,0.285,0.185,1.0,0.062,0.161,0.398,-0.428,-0.106,0.324,-0.214,-0.084,0.414,0.057
2,B1_3,-0.206,-0.064,0.18,-0.193,0.056,0.062,1.0,-0.303,-0.434,0.147,0.269,-0.042,0.428,-0.036,-0.43,0.199
2,A2_1,-0.29,-0.282,-0.004,0.22,0.139,0.161,-0.303,1.0,0.344,0.066,-0.208,0.135,-0.654,0.032,0.211,0.09
2,A2_2,0.126,0.105,0.186,0.33,0.371,0.398,-0.434,0.344,1.0,-0.113,-0.36,-0.16,-0.297,0.075,0.253,0.072
2,A2_3,0.093,0.188,0.415,-0.037,-0.3,-0.428,0.147,0.066,-0.113,1.0,0.482,0.093,-0.137,-0.04,-0.478,-0.454
2,B2_1,-0.015,0.18,-0.086,-0.173,-0.164,-0.106,0.269,-0.208,-0.36,0.482,1.0,0.562,0.32,-0.092,-0.259,-0.391
2,B2_2,-0.444,-0.114,-0.542,0.039,-0.231,0.324,-0.042,0.135,-0.16,0.093,0.562,1.0,-0.135,-0.386,-0.004,-0.314
2,B2_3,-0.11,0.066,0.117,-0.395,-0.2,-0.214,0.428,-0.654,-0.297,-0.137,0.32,-0.135,1.0,0.204,-0.202,0.123
2,y1,-0.169,0.196,0.28,-0.16,-0.0,-0.084,-0.036,0.032,0.075,-0.04,-0.092,-0.386,0.204,1.0,0.179,-0.096
2,y2,0.264,0.217,-0.168,0.553,-0.018,0.414,-0.43,0.211,0.253,-0.478,-0.259,-0.004,-0.202,0.179,1.0,-0.078
2,y3,-0.176,0.059,0.076,-0.18,0.196,0.057,0.199,0.09,0.072,-0.454,-0.391,-0.314,0.123,-0.096,-0.078,1.0
3,.,1.0,0.37,0.116,0.344,0.234,-0.191,-0.207,-0.286,0.13,0.093,-0.017,-0.443,-0.114,-0.17,0.265,-0.176
3,A1_1,0.37,1.0,0.22,-0.021,0.063,-0.009,-0.064,-0.283,0.104,0.188,0.179,-0.114,0.067,0.195,0.216,0.059
3,A1_2,0.116,0.22,1.0,-0.096,-0.182,-0.086,0.179,-0.005,0.185,0.414,-0.087,-0.543,0.117,0.28,-0.168,0.077
3,A1_3,0.344,-0.021,-0.096,1.0,0.142,0.284,-0.193,0.221,0.33,-0.038,-0.174,0.039,-0.394,-0.161,0.552,-0.181
3,B1_1,0.234,0.063,-0.182,0.142,1.0,0.185,0.056,0.139,0.372,-0.301,-0.163,-0.23,-0.2,-0.002,-0.019,0.195
3,B1_2,-0.191,-0.009,-0.086,0.284,0.185,1.0,0.065,0.161,0.398,-0.428,-0.103,0.326,-0.212,-0.084,0.414,0.056
3,B1_3,-0.207,-0.064,0.179,-0.193,0.056,0.065,1.0,-0.303,-0.433,0.146,0.271,-0.039,0.428,-0.037,-0.428,0.199
3,A2_1,-0.286,-0.283,-0.005,0.221,0.139,0.161,-0.303,1.0,0.344,0.065,-0.209,0.135,-0.654,0.032,0.211,0.089
3,A2_2,0.13,0.104,0.185,0.33,0.372,0.398,-0.433,0.344,1.0,-0.114,-0.36,-0.16,-0.297,0.075,0.253,0.071
3,A2_3,0.093,0.188,0.414,-0.038,-0.301,-0.428,0.146,0.065,-0.114,1.0,0.481,0.092,-0.137,-0.04,-0.478,-0.454
3,B2_1,-0.017,0.179,-0.087,-0.174,-0.163,-0.103,0.271,-0.209,-0.36,0.481,1.0,0.563,0.321,-0.092,-0.257,-0.391
3,B2_2,-0.443,-0.114,-0.543,0.039,-0.23,0.326,-0.039,0.135,-0.16,0.092,0.563,1.0,-0.133,-0.385,-0.003,-0.314
3,B2_3,-0.114,0.067,0.117,-0.394,-0.2,-0.212,0.428,-0.654,-0.297,-0.137,0.321,-0.133,1.0,0.205,-0.2,0.124
3,y1,-0.17,0.195,0.28,-0.161,-0.002,-0.084,-0.037,0.032,0.075,-0.04,-0.092,-0.385,0.205,1.0,0.179,-0.096
3,y2,0.265,0.216,-0.168,0.552,-0.019,0.414,-0.428,0.211,0.253,-0.478,-0.257,-0.003,-0.2,0.179,1.0,-0.081
3,y3,-0.176,0.059,0.077,-0.181,0.195,0.056,0.199,0.089,0.071,-0.454,-0.391,-0.314,0.124,-0.096,-0.081,1.0
4,.,1.0,0.368,0.117,0.347,0.235,-0.19,-0.208,-0.281,0.133,0.093,-0.018,-0.443,-0.117,-0.17,0.265,-0.176
4,A1_1,0.368,1.0,0.221,-0.021,0.064,-0.009,-0.064,-0.283,0.104,0.187,0.178,-0.113,0.067,0.195,0.216,0.059
4,A1_2,0.117,0.221,1.0,-0.097,-0.182,-0.086,0.177,-0.006,0.185,0.413,-0.089,-0.543,0.117,0.28,-0.167,0.078
4,A1_3,0.347,-0.021,-0.097,1.0,0.142,0.284,-0.193,0.221,0.329,-0.039,-0.175,0.038,-0.394,-0.162,0.552,-0.181
4,B1_1,0.235,0.064,-0.182,0.142,1.0,0.185,0.056,0.14,0.372,-0.301,-0.162,-0.229,-0.201,-0.003,-0.02,0.195
4,B1_2,-0.19,-0.009,-0.086,0.284,0.185,1.0,0.068,0.16,0.397,-0.428,-0.1,0.328,-0.21,-0.084,0.414,0.055
4,B1_3,-0.208,-0.064,0.177,-0.193,0.056,0.068,1.0,-0.303,-0.433,0.145,0.273,-0.036,0.429,-0.037,-0.426,0.2
4,A2_1,-0.281,-0.283,-0.006,0.221,0.14,0.16,-0.303,1.0,0.344,0.064,-0.21,0.134,-0.654,0.031,0.211,0.089
4,A2_2,0.133,0.104,0.185,0.329,0.372,0.397,-0.433,0.344,1.0,-0.116,-0.361,-0.16,-0.296,0.074,0.252,0.071
4,A2_3,0.093,0.187,0.413,-0.039,-0.301,-0.428,0.145,0.064,-0.116,1.0,0.479,0.092,-0.137,-0.039,-0.478,-0.454
4,B2_1,-0.018,0.178,-0.089,-0.175,-0.162,-0.1,0.273,-0.21,-0.361,0.479,1.0,0.565,0.322,-0.092,-0.255,-0.39
4,B2_2,-0.443,-0.113,-0.543,0.038,-0.229,0.328,-0.036,0.134,-0.16,0.092,0.565,1.0,-0.132,-0.385,-0.001,-0.314
4,B2_3,-0.117,0.067,0.117,-0.394,-0.201,-0.21,0.429,-0.654,-0.296,-0.137,0.322,-0.132,1.0,0.205,-0.199,0.125
4,y1,-0.17,0.195,0.28,-0.162,-0.003,-0.084,-0.037,0.031,0.074,-0.039,-0.092,-0.385,0.205,1.0,0.179,-0.097
4,y2,0.265,0.216,-0.167,0.552,-0.02,0.414,-0.426,0.211,0.252,-0.478,-0.255,-0.001,-0.199,0.179,1.0,-0.083
4,y3,-0.176,0.059,0.078,-0.181,0.195,0.055,0.2,0.089,0.071,-0.454,-0.39,-0.314,0.125,-0.097,-0.083,1.0
5,.,1.0,0.366,0.118,0.348,0.237,-0.19,-0.208,-0.277,0.136,0.094,-0.019,-0.442,-0.12,-0.171,0.265,-0.176
5,A1_1,0.366,1.0,0.221,-0.021,0.064,-0.009,-0.063,-0.283,0.104,0.187,0.177,-0.114,0.067,0.194,0.215,0.059
5,A1_2,0.118,0.221,1.0,-0.097,-0.182,-0.087,0.176,-0.006,0.184,0.413,-0.09,-0.543,0.117,0.281,-0.167,0.078
5,A1_3,0.348,-0.021,-0.097,1.0,0.143,0.283,-0.192,0.221,0.329,-0.04,-0.176,0.038,-0.394,-0.163,0.551,-0.182
5,B1_1,0.237,0.064,-0.182,0.143,1.0,0.186,0.056,0.14,0.373,-0.301,-0.161,-0.228,-0.201,-0.004,-0.021,0.194
5,B1_2,-0.19,-0.009,-0.087,0.283,0.186,1.0,0.07,0.16,0.397,-0.428,-0.097,0.33,-0.208,-0.085,0.414,0.055
5,B1_3,-0.208,-0.063,0.176,-0.192,0.056,0.07,1.0,-0.304,-0.432,0.145,0.275,-0.034,0.429,-0.037,-0.425,0.2
5,A2_1,-0.277,-0.283,-0.006,0.221,0.14,0.16,-0.304,1.0,0.343,0.062,-0.211,0.133,-0.655,0.031,0.211,0.09
5,A2_2,0.136,0.104,0.184,0.329,0.373,0.397,-0.432,0.343,1.0,-0.117,-0.361,-0.16,-0.296,0.073,0.252,0.071
5,A2_3,0.094,0.187,0.413,-0.04,-0.301,-0.428,0.145,0.062,-0.117,1.0,0.478,0.091,-0.137,-0.039,-0.477,-0.453
5,B2_1,-0.019,0.177,-0.09,-0.176,-0.161,-0.097,0.275,-0.211,-0.361,0.478,1.0,0.566,0.323,-0.091,-0.253,-0.389
5,B2_2,-0.442,-0.114,-0.543,0.038,-0.228,0.33,-0.034,0.133,-0.16,0.091,0.566,1.0,-0.13,-0.385,-0.0,-0.314
5,B2_3,-0.12,0.067,0.117,-0.394,-0.201,-0.208,0.429,-0.655,-0.296,-0.137,0.323,-0.13,1.0,0.205,-0.197,0.126
5,y1,-0.171,0.194,0.281,-0.163,-0.004,-0.085,-0.037,0.031,0.073,-0.039,-0.091,-0.385,0.205,1.0,0.179,-0.097
5,y2,0.265,0.215,-0.167,0.551,-0.021,0.414,-0.425,0.211,0.252,-0.477,-0.253,-0.0,-0.197,0.179,1.0,-0.086
5,y3,-0.176,0.059,0.078,-0.182,0.194,0.055,0.2,0.09,0.071,-0.453,-0.389,-0.314,0.126,-0.097,-0.086,1.0
6,.,1.0,0.365,0.119,0.351,0.238,-0.19,-0.209,-0.273,0.139,0.094,-0.021,-0.442,-0.124,-0.171,0.265,-0.175
6,A1_1,0.365,1.0,0.221,-0.021,0.065,-0.009,-0.063,-0.283,0.104,0.186,0.176,-0.114,0.067,0.193,0.215,0.059
6,A1_2,0.119,0.221,1.0,-0.098,-0.182,-0.088,0.175,-0.007,0.184,0.412,-0.092,-0.544,0.116,0.281,-0.167,0.079
6,A1_3,0.351,-0.021,-0.098,1.0,0.143,0.283,-0.193,0.222,0.329,-0.041,-0.177,0.037,-0.394,-0.163,0.55,-0.183
6,B1_1,0.238,0.065,-0.182,0.143,1.0,0.186,0.056,0.141,0.374,-0.3,-0.16,-0.227,-0.201,-0.005,-0.022,0.194
6,B1_2,-0.19,-0.009,-0.088,0.283,0.186,1.0,0.073,0.159,0.396,-0.428,-0.094,0.332,-0.205,-0.085,0.414,0.054
6,B1_3,-0.209,-0.063,0.175,-0.193,0.056,0.073,1.0,-0.304,-0.432,0.144,0.277,-0.031,0.43,-0.038,-0.423,0.201
6,A2_1,-0.273,-0.283,-0.007,0.222,0.141,0.159,-0.304,1.0,0.343,0.061,-0.212,0.132,-0.655,0.031,0.211,0.089
6,A2_2,0.139,0.104,0.184,0.329,0.374,0.396,-0.432,0.343,1.0,-0.118,-0.361,-0.16,-0.296,0.072,0.251,0.07
6,A2_3,0.094,0.186,0.412,-0.041,-0.3,-0.428,0.144,0.061,-0.118,1.0,0.476,0.091,-0.137,-0.038,-0.477,-0.453
6,B2_1,-0.021,0.176,-0.092,-0.177,-0.16,-0.094,0.277,-0.212,-0.361,0.476,1.0,0.567,0.324,-0.091,-0.252,-0.389
6,B2_2,-0.442,-0.114,-0.544,0.037,-0.227,0.332,-0.031,0.132,-0.16,0.091,0.567,1.0,-0.128,-0.384,0.001,-0.314
6,B2_3,-0.124,0.067,0.116,-0.394,-0.201,-0.205,0.43,-0.655,-0.296,-0.137,0.324,-0.128,1.0,0.205,-0.196,0.127
6,y1,-0.171,0.193,0.281,-0.163,-0.005,-0.085,-0.038,0.031,0.072,-0.038,-0.091,-0.384,0.205,1.0,0.179,-0.097
6,y2,0.265,0.215,-0.167,0.55,-0.022,0.414,-0.423,0.211,0.251,-0.477,-0.252,0.001,-0.196,0.179,1.0,-0.088
6,y3,-0.175,0.059,0.079,-0.183,0.194,0.054,0.201,0.089,0.07,-0.453,-0.389,-0.314,0.127,-0.097,-0.088,1.0
7,.,1.0,0.363,0.12,0.353,0.24,-0.189,-0.21,-0.268,0.142,0.094,-0.023,-0.441,-0.128,-0.171,0.265,-0.175
7,A1_1,0.363,1.0,0.221,-0.021,0.065,-0.009,-0.063,-0.283,0.104,0.186,0.175,-0.114,0.068,0.193,0.215,0.06
7,A1_2,0.12,0.221,1.0,-0.098,-0.182,-0.088,0.173,-0.008,0.183,0.412,-0.093,-0.544,0.116,0.281,-0.167,0.08
7,A1_3,0.353,-0.021,-0.098,1.0,0.144,0.282,-0.193,0.222,0.329,-0.043,-0.178,0.036,-0.393,-0.164,0.55,-0.184
7,B1_1,0.24,0.065,-0.182,0.144,1.0,0.187,0.056,0.141,0.374,-0.3,-0.158,-0.226,-0.201,-0.006,-0.023,0.193
7,B1_2,-0.189,-0.009,-0.088,0.282,0.187,1.0,0.076,0.159,0.396,-0.429,-0.091,0.334,-0.203,-0.086,0.414,0.053
7,B1_3,-0.21,-0.063,0.173,-0.193,0.056,0.076,1.0,-0.305,-0.431,0.143,0.279,-0.028,0.431,-0.038,-0.422,0.201
7,A2_1,-0.268,-0.283,-0.008,0.222,0.141,0.159,-0.305,1.0,0.343,0.06,-0.213,0.132,-0.656,0.031,0.211,0.089
7,A2_2,0.142,0.104,0.183,0.329,0.374,0.396,-0.431,0.343,1.0,-0.119,-0.362,-0.16,-0.296,0.072,0.251,0.07
7,A2_3,0.094,0.186,0.412,-0.043,-0.3,-0.429,0.143,0.06,-0.119,1.0,0.475,0.09,-0.137,-0.038,-0.477,-0.452
7,B2_1,-0.023,0.175,-0.093,-0.178,-0.158,-0.091,0.279,-0.213,-0.362,0.475,1.0,0.568,0.325,-0.091,-0.25,-0.388
7,B2_2,-0.441,-0.114,-0.544,0.036,-0.226,0.334,-0.028,0.132,-0.16,0.09,0.568,1.0,-0.127,-0.384,0.002,-0.314
7,B2_3,-0.128,0.068,0.116,-0.393,-0.201,-0.203,0.431,-0.656,-0.296,-0.137,0.325,-0.127,1.0,0.205,-0.194,0.128
7,y1,-0.171,0.193,0.281,-0.164,-0.006,-0.086,-0.038,0.031,0.072,-0.038,-0.091,-0.384,0.205,1.0,0.179,-0.097
7,y2,0.265,0.215,-0.167,0.55,-0.023,0.414,-0.422,0.211,0.251,-0.477,-0.25,0.002,-0.194,0.179,1.0,-0.091
7,y3,-0.175,0.06,0.08,-0.184,0.193,0.053,0.201,0.089,0.07,-0.452,-0.388,-0.314,0.128,-0.097,-0.091,1.0
8,.,1.0,0.361,0.121,0.355,0.241,-0.19,-0.212,-0.263,0.145,0.095,-0.025,-0.441,-0.132,-0.172,0.264,-0.175
8,A1_1,0.361,1.0,0.222,-0.021,0.066,-0.009,-0.063,-0.284,0.104,0.185,0.174,-0.114,0.068,0.192,0.214,0.06
8,A1_2,0.121,0.222,1.0,-0.098,-0.182,-0.089,0.172,-0.008,0.183,0.411,-0.095,-0.545,0.115,0.281,-0.167,0.081
8,A1_3,0.355,-0.021,-0.098,1.0,0.144,0.281,-0.193,0.223,0.329,-0.044,-0.179,0.035,-0.393,-0.165,0.549,-0.184
8,B1_1,0.241,0.066,-0.182,0.144,1.0,0.187,0.056,0.142,0.375,-0.3,-0.157,-0.225,-0.201,-0.007,-0.024,0.192
8,B1_2,-0.19,-0.009,-0.089,0.281,0.187,1.0,0.079,0.158,0.395,-0.429,-0.088,0.335,-0.201,-0.086,0.414,0.052
8,B1_3,-0.212,-0.063,0.172,-0.193,0.056,0.079,1.0,-0.305,-0.431,0.142,0.281,-0.026,0.431,-0.039,-0.421,0.201
8,A2_1,-0.263,-0.284,-0.008,0.223,0.142,0.158,-0.305,1.0,0.343,0.059,-0.215,0.131,-0.656,0.031,0.211,0.089
8,A2_2,0.145,0.104,0.183,0.329,0.375,0.395,-0.431,0.343,1.0,-0.12,-0.362,-0.16,-0.296,0.071,0.25,0.07
8,A2_3,0.095,0.185,0.411,-0.044,-0.3,-0.429,0.142,0.059,-0.12,1.0,0.473,0.089,-0.137,-0.038,-0.477,-0.452
8,B2_1,-0.025,0.174,-0.095,-0.179,-0.157,-0.088,0.281,-0.215,-0.362,0.473,1.0,0.57,0.326,-0.091,-0.249,-0.388
8,B2_2,-0.441,-0.114,-0.545,0.035,-0.225,0.335,-0.026,0.131,-0.16,0.089,0.57,1.0,-0.125,-0.384,0.003,-0.315
8,B2_3,-0.132,0.068,0.115,-0.393,-0.201,-0.201,0.431,-0.656,-0.296,-0.137,0.326,-0.125,1.0,0.205,-0.193,0.129
8,y1,-0.172,0.192,0.281,-0.165,-0.007,-0.086,-0.039,0.031,0.071,-0.038,-0.091,-0.384,0.205,1.0,0.179,-0.097
8,y2,0.264,0.214,-0.167,0.549,-0.024,0.414,-0.421,0.211,0.25,-0.477,-0.249,0.003,-0.193,0.179,1.0,-0.093
8,y3,-0.175,0.06,0.081,-0.184,0.192,0.052,0.201,0.089,0.07,-0.452,-0.388,-0.315,0.129,-0.097,-0.093,1.0
9,.,1.0,0.359,0.122,0.357,0.242,-0.19,-0.213,-0.258,0.148,0.096,-0.026,-0.441,-0.136,-0.172,0.264,-0.175
9,A1_1,0.359,1.0,0.222,-0.021,0.066,-0.009,-0.062,-0.284,0.103,0.185,0.173,-0.114,0.068,0.191,0.214,0.06
9,A1_2,0.122,0.222,1.0,-0.098,-0.182,-0.09,0.171,-0.009,0.182,0.41,-0.097,-0.545,0.115,0.281,-0.167,0.082
9,A1_3,0.357,-0.021,-0.098,1.0,0.145,0.281,-0.193,0.223,0.328,-0.045,-0.181,0.034,-0.393,-0.165,0.548,-0.185
9,B1_1,0.242,0.066,-0.182,0.145,1.0,0.187,0.056,0.142,0.376,-0.3,-0.156,-0.224,-0.201,-0.009,-0.025,0.192
9,B1_2,-0.19,-0.009,-0.09,0.281,0.187,1.0,0.081,0.158,0.395,-0.429,-0.085,0.337,-0.199,-0.087,0.414,0.051
9,B1_3,-0.213,-0.062,0.171,-0.193,0.056,0.081,1.0,-0.306,-0.431,0.142,0.283,-0.023,0.432,-0.039,-0.419,0.202
9,A2_1,-0.258,-0.284,-0.009,0.223,0.142,0.158,-0.306,1.0,0.343,0.058,-0.216,0.13,-0.656,0.031,0.211,0.089
9,A2_2,0.148,0.103,0.182,0.328,0.376,0.395,-0.431,0.343,1.0,-0.122,-0.363,-0.16,-0.296,0.071,0.25,0.07
9,A2_3,0.096,0.185,0.41,-0.045,-0.3,-0.429,0.142,0.058,-0.122,1.0,0.472,0.089,-0.137,-0.037,-0.476,-0.451
9,B2_1,-0.026,0.173,-0.097,-0.181,-0.156,-0.085,0.283,-0.216,-0.363,0.472,1.0,0.571,0.327,-0.092,-0.248,-0.387
9,B2_2,-0.441,-0.114,-0.545,0.034,-0.224,0.337,-0.023,0.13,-0.16,0.089,0.571,1.0,-0.123,-0.384,0.003,-0.315
9,B2_3,-0.136,0.068,0.115,-0.393,-0.201,-0.199,0.432,-0.656,-0.296,-0.137,0.327,-0.123,1.0,0.205,-0.192,0.13
9,y1,-0.172,0.191,0.281,-0.165,-0.009,-0.087,-0.039,0.031,0.071,-0.037,-0.092,-0.384,0.205,1.0,0.179,-0.097
9,y2,0.264,0.214,-0.167,0.548,-0.025,0.414,-0.419,0.211,0.25,-0.476,-0.248,0.003,-0.192,0.179,1.0,-0.095
9,y3,-0.175,0.06,0.082,-0.185,0.192,0.051,0.202,0.089,0.07,-0.451,-0.387,-0.315,0.13,-0.097,-0.095,1.0
10,.,1.0,0.357,0.123,0.358,0.244,-0.191,-0.214,-0.254,0.15,0.096,-0.028,-0.44,-0.139,-0.173,0.263,-0.175
10,A1_1,0.357,1.0,0.222,-0.021,0.067,-0.009,-0.062,-0.284,0.103,0.185,0.172,-0.114,0.068,0.19,0.213,0.06
10,A1_2,0.123,0.222,1.0,-0.099,-0.182,-0.09,0.169,-0.009,0.182,0.41,-0.098,-0.545,0.114,0.282,-0.167,0.083
10,A1_3,0.358,-0.021,-0.099,1.0,0.145,0.28,-0.193,0.224,0.328,-0.046,-0.182,0.033,-0.393,-0.166,0.547,-0.186
10,B1_1,0.244,0.067,-0.182,0.145,1.0,0.188,0.057,0.142,0.377,-0.3,-0.155,-0.223,-0.201,-0.01,-0.026,0.191
10,B1_2,-0.191,-0.009,-0.09,0.28,0.188,1.0,0.084,0.157,0.394,-0.429,-0.082,0.339,-0.197,-0.087,0.414,0.05
10,B1_3,-0.214,-0.062,0.169,-0.193,0.057,0.084,1.0,-0.306,-0.43,0.141,0.285,-0.02,0.433,-0.04,-0.418,0.202
10,A2_1,-0.254,-0.284,-0.009,0.224,0.142,0.157,-0.306,1.0,0.343,0.057,-0.217,0.129,-0.657,0.03,0.211,0.089
10,A2_2,0.15,0.103,0.182,0.328,0.377,0.394,-0.43,0.343,1.0,-0.123,-0.363,-0.161,-0.296,0.07,0.249,0.069
10,A2_3,0.096,0.185,0.41,-0.046,-0.3,-0.429,0.141,0.057,-0.123,1.0,0.47,0.088,-0.137,-0.037,-0.476,-0.451
10,B2_1,-0.028,0.172,-0.098,-0.182,-0.155,-0.082,0.285,-0.217,-0.363,0.47,1.0,0.572,0.328,-0.092,-0.247,-0.387
10,B2_2,-0.44,-0.114,-0.545,0.033,-0.223,0.339,-0.02,0.129,-0.161,0.088,0.572,1.0,-0.122,-0.384,0.004,-0.315
10,B2_3,-0.139,0.068,0.114,-0.393,-0.201,-0.197,0.433,-0.657,-0.296,-0.137,0.328,-0.122,1.0,0.206,-0.191,0.13
10,y1,-0.173,0.19,0.282,-0.166,-0.01,-0.087,-0.04,0.03,0.07,-0.037,-0.092,-0.384,0.206,1.0,0.179,-0.097
10,y2,0.263,0.213,-0.167,0.547,-0.026,0.414,-0.418,0.211,0.249,-0.476,-0.247,0.004,-0.191,0.179,1.0,-0.098
10,y3,-0.175,0.06,0.083,-0.186,0.191,0.05,0.202,0.089,0.069,-0.451,-0.387,-0.315,0.13,-0.097,-0.098,1.0
11,.,1.0,0.355,0.124,0.36,0.245,-0.191,-0.215,-0.25,0.153,0.097,-0.03,-0.44,-0.143,-0.173,0.262,-0.175
11,A1_1,0.355,1.0,0.223,-0.021,0.067,-0.01,-0.062,-0.284,0.103,0.184,0.171,-0.115,0.068,0.189,0.213,0.061
11,A1_2,0.124,0.223,1.0,-0.099,-0.182,-0.091,0.168,-0.009,0.182,0.409,-0.1,-0.546,0.113,0.282,-0.167,0.083
11,A1_3,0.36,-0.021,-0.099,1.0,0.146,0.279,-0.193,0.224,0.328,-0.047,-0.183,0.032,-0.393,-0.166,0.546,-0.186
11,B1_1,0.245,0.067,-0.182,0.146,1.0,0.188,0.057,0.142,0.377,-0.3,-0.154,-0.222,-0.201,-0.011,-0.027,0.19
11,B1_2,-0.191,-0.01,-0.091,0.279,0.188,1.0,0.087,0.157,0.394,-0.429,-0.079,0.341,-0.195,-0.088,0.413,0.049
11,B1_3,-0.215,-0.062,0.168,-0.193,0.057,0.087,1.0,-0.307,-0.43,0.14,0.287,-0.018,0.434,-0.04,-0.417,0.202
11,A2_1,-0.25,-0.284,-0.009,0.224,0.142,0.157,-0.307,1.0,0.343,0.056,-0.218,0.128,-0.657,0.03,0.211,0.089
11,A2_2,0.153,0.103,0.182,0.328,0.377,0.394,-0.43,0.343,1.0,-0.124,-0.364,-0.161,-0.296,0.069,0.249,0.069
11,A2_3,0.097,0.184,0.409,-0.047,-0.3,-0.429,0.14,0.056,-0.124,1.0,0.469,0.087,-0.137,-0.037,-0.476,-0.45
11,B2_1,-0.03,0.171,-0.1,-0.183,-0.154,-0.079,0.287,-0.218,-0.364,0.469,1.0,0.573,0.329,-0.092,-0.245,-0.386
11,B2_2,-0.44,-0.115,-0.546,0.032,-0.222,0.341,-0.018,0.128,-0.161,0.087,0.573,1.0,-0.12,-0.384,0.005,-0.315
11,B2_3,-0.143,0.068,0.113,-0.393,-0.201,-0.195,0.434,-0.657,-0.296,-0.137,0.329,-0.12,1.0,0.206,-0.189,0.131
11,y1,-0.173,0.189,0.282,-0.166,-0.011,-0.088,-0.04,0.03,0.069,-0.037,-0.092,-0.384,0.206,1.0,0.179,-0.097
11,y2,0.262,0.213,-0.167,0.546,-0.027,0.413,-0.417,0.211,0.249,-0.476,-0.245,0.005,-0.189,0.179,1.0,-0.1
11,y3,-0.175,0.061,0.083,-0.186,0.19,0.049,0.202,0.089,0.069,-0.45,-0.386,-0.315,0.131,-0.097,-0.1,1.0
12,.,1.0,0.353,0.125,0.361,0.246,-0.192,-0.216,-0.245,0.155,0.098,-0.031,-0.44,-0.146,-0.174,0.261,-0.175
12,A1_1,0.353,1.0,0.223,-0.021,0.068,-0.01,-0.062,-0.284,0.103,0.184,0.17,-0.115,0.068,0.189,0.212,0.061
12,A1_2,0.125,0.223,1.0,-0.099,-0.182,-0.092,0.166,-0.01,0.181,0.409,-0.102,-0.547,0.113,0.282,-0.166,0.084
12,A1_3,0.361,-0.021,-0.099,1.0,0.146,0.278,-0.193,0.225,0.328,-0.047,-0.184,0.032,-0.393,-0.167,0.545,-0.187
12,B1_1,0.246,0.068,-0.182,0.146,1.0,0.189,0.057,0.143,0.378,-0.3,-0.152,-0.221,-0.201,-0.012,-0.028,0.189
12,B1_2,-0.192,-0.01,-0.092,0.278,0.189,1.0,0.089,0.156,0.393,-0.429,-0.077,0.342,-0.194,-0.088,0.413,0.048
12,B1_3,-0.216,-0.062,0.166,-0.193,0.057,0.089,1.0,-0.308,-0.43,0.139,0.289,-0.015,0.435,-0.041,-0.416,0.202
12,A2_1,-0.245,-0.284,-0.01,0.225,0.143,0.156,-0.308,1.0,0.343,0.055,-0.22,0.127,-0.657,0.03,0.211,0.089
12,A2_2,0.155,0.103,0.181,0.328,0.378,0.393,-0.43,0.343,1.0,-0.125,-0.364,-0.161,-0.296,0.069,0.248,0.069
12,A2_3,0.098,0.184,0.409,-0.047,-0.3,-0.429,0.139,0.055,-0.125,1.0,0.467,0.087,-0.137,-0.036,-0.476,-0.45
12,B2_1,-0.031,0.17,-0.102,-0.184,-0.152,-0.077,0.289,-0.22,-0.364,0.467,1.0,0.575,0.33,-0.092,-0.244,-0.386
12,B2_2,-0.44,-0.115,-0.547,0.032,-0.221,0.342,-0.015,0.127,-0.161,0.087,0.575,1.0,-0.118,-0.384,0.005,-0.316
12,B2_3,-0.146,0.068,0.113,-0.393,-0.201,-0.194,0.435,-0.657,-0.296,-0.137,0.33,-0.118,1.0,0.206,-0.188,0.132
12,y1,-0.174,0.189,0.282,-0.167,-0.012,-0.088,-0.041,0.03,0.069,-0.036,-0.092,-0.384,0.206,1.0,0.179,-0.097
12,y2,0.261,0.212,-0.166,0.545,-0.028,0.413,-0.416,0.211,0.248,-0.476,-0.244,0.005,-0.188,0.179,1.0,-0.102
12,y3,-0.175,0.061,0.084,-0.187,0.189,0.048,0.202,0.089,0.069,-0.45,-0.386,-0.316,0.132,-0.097,-0.102,1.0
13,.,1.0,0.351,0.127,0.363,0.247,-0.192,-0.218,-0.24,0.157,0.099,-0.033,-0.44,-0.15,-0.174,0.26,-0.175
13,A1_1,0.351,1.0,0.223,-0.021,0.068,-0.01,-0.062,-0.284,0.103,0.183,0.168,-0.115,0.068,0.188,0.211,0.061
13,A1_2,0.127,0.223,1.0,-0.099,-0.182,-0.092,0.165,-0.01,0.181,0.408,-0.104,-0.547,0.112,0.282,-0.166,0.085
13,A1_3,0.363,-0.021,-0.099,1.0,0.147,0.278,-0.194,0.226,0.328,-0.048,-0.186,0.03,-0.393,-0.168,0.544,-0.187
13,B1_1,0.247,0.068,-0.182,0.147,1.0,0.189,0.057,0.143,0.379,-0.3,-0.151,-0.22,-0.201,-0.013,-0.029,0.189
13,B1_2,-0.192,-0.01,-0.092,0.278,0.189,1.0,0.092,0.155,0.393,-0.43,-0.074,0.344,-0.192,-0.089,0.413,0.047
13,B1_3,-0.218,-0.062,0.165,-0.194,0.057,0.092,1.0,-0.309,-0.429,0.139,0.291,-0.012,0.435,-0.041,-0.414,0.202
13,A2_1,-0.24,-0.284,-0.01,0.226,0.143,0.155,-0.309,1.0,0.343,0.054,-0.221,0.126,-0.658,0.03,0.211,0.089
13,A2_2,0.157,0.103,0.181,0.328,0.379,0.393,-0.429,0.343,1.0,-0.126,-0.365,-0.162,-0.296,0.068,0.247,0.068
13,A2_3,0.099,0.183,0.408,-0.048,-0.3,-0.43,0.139,0.054,-0.126,1.0,0.465,0.086,-0.138,-0.036,-0.476,-0.449
13,B2_1,-0.033,0.168,-0.104,-0.186,-0.151,-0.074,0.291,-0.221,-0.365,0.465,1.0,0.576,0.331,-0.092,-0.243,-0.386
13,B2_2,-0.44,-0.115,-0.547,0.03,-0.22,0.344,-0.012,0.126,-0.162,0.086,0.576,1.0,-0.117,-0.384,0.006,-0.316
13,B2_3,-0.15,0.068,0.112,-0.393,-0.201,-0.192,0.435,-0.658,-0.296,-0.138,0.331,-0.117,1.0,0.206,-0.187,0.133
13,y1,-0.174,0.188,0.282,-0.168,-0.013,-0.089,-0.041,0.03,0.068,-0.036,-0.092,-0.384,0.206,1.0,0.179,-0.097
13,y2,0.26,0.211,-0.166,0.544,-0.029,0.413,-0.414,0.211,0.247,-0.476,-0.243,0.006,-0.187,0.179,1.0,-0.105
13,y3,-0.175,0.061,0.085,-0.187,0.189,0.047,0.202,0.089,0.068,-0.449,-0.386,-0.316,0.133,-0.097,-0.105,1.0
14,.,1.0,0.349,0.128,0.364,0.248,-0.193,-0.219,-0.235,0.16,0.1,-0.034,-0.439,-0.154,-0.175,0.259,-0.175
14,A1_1,0.349,1.0,0.224,-0.021,0.069,-0.011,-0.062,-0.284,0.103,0.183,0.167,-0.116,0.067,0.187,0.21,0.061
14,A1_2,0.128,0.224,1.0,-0.099,-0.182,-0.093,0.163,-0.01,0.181,0.408,-0.105,-0.548,0.112,0.283,-0.166,0.086
14,A1_3,0.364,-0.021,-0.099,1.0,0.147,0.276,-0.194,0.226,0.328,-0.049,-0.187,0.029,-0.393,-0.169,0.543,-0.188
14,B1_1,0.248,0.069,-0.182,0.147,1.0,0.19,0.057,0.143,0.379,-0.299,-0.149,-0.219,-0.201,-0.014,-0.03,0.188
14,B1_2,-0.193,-0.011,-0.093,0.276,0.19,1.0,0.095,0.155,0.392,-0.43,-0.072,0.345,-0.19,-0.09,0.412,0.047
14,B1_3,-0.219,-0.062,0.163,-0.194,0.057,0.095,1.0,-0.309,-0.429,0.138,0.293,-0.009,0.436,-0.042,-0.413,0.202
14,A2_1,-0.235,-0.284,-0.01,0.226,0.143,0.155,-0.309,1.0,0.343,0.054,-0.222,0.124,-0.658,0.03,0.211,0.089
14,A2_2,0.16,0.103,0.181,0.328,0.379,0.392,-0.429,0.343,1.0,-0.127,-0.366,-0.162,-0.296,0.067,0.247,0.068
14,A2_3,0.1,0.183,0.408,-0.049,-0.299,-0.43,0.138,0.054,-0.127,1.0,0.464,0.085,-0.138,-0.035,-0.475,-0.449
14,B2_1,-0.034,0.167,-0.105,-0.187,-0.149,-0.072,0.293,-0.222,-0.366,0.464,1.0,0.577,0.332,-0.092,-0.242,-0.385
14,B2_2,-0.439,-0.116,-0.548,0.029,-0.219,0.345,-0.009,0.124,-0.162,0.085,0.577,1.0,-0.115,-0.384,0.006,-0.316
14,B2_3,-0.154,0.067,0.112,-0.393,-0.201,-0.19,0.436,-0.658,-0.296,-0.138,0.332,-0.115,1.0,0.206,-0.186,0.134
14,y1,-0.175,0.187,0.283,-0.169,-0.014,-0.09,-0.042,0.03,0.067,-0.035,-0.092,-0.384,0.206,1.0,0.18,-0.097
14,y2,0.259,0.21,-0.166,0.543,-0.03,0.412,-0.413,0.211,0.247,-0.475,-0.242,0.006,-0.186,0.18,1.0,-0.107
14,y3,-0.175,0.061,0.086,-0.188,0.188,0.047,0.202,0.089,0.068,-0.449,-0.385,-0.316,0.134,-0.097,-0.107,1.0
15,.,1.0,0.346,0.129,0.366,0.249,-0.194,-0.22,-0.23,0.162,0.1,-0.036,-0.439,-0.158,-0.175,0.258,-0.174
15,A1_1,0.346,1.0,0.224,-0.021,0.069,-0.011,-0.062,-0.284,0.103,0.182,0.166,-0.116,0.067,0.186,0.21,0.062
15,A1_2,0.129,0.224,1.0,-0.099,-0.181,-0.094,0.162,-0.01,0.181,0.408,-0.107,-0.548,0.111,0.283,-0.166,0.087
15,A1_3,0.366,-0.021,-0.099,1.0,0.147,0.276,-0.194,0.227,0.328,-0.05,-0.189,0.028,-0.393,-0.169,0.542,-0.189
15,B1_1,0.249,0.069,-0.181,0.147,1.0,0.191,0.058,0.143,0.38,-0.299,-0.148,-0.218,-0.201,-0.015,-0.031,0.187
15,B1_2,-0.194,-0.011,-0.094,0.276,0.191,1.0,0.097,0.154,0.392,-0.43,-0.069,0.347,-0.188,-0.09,0.412,0.046
15,B1_3,-0.22,-0.062,0.162,-0.194,0.058,0.097,1.0,-0.31,-0.429,0.137,0.296,-0.007,0.437,-0.042,-0.412,0.202
15,A2_1,-0.23,-0.284,-0.01,0.227,0.143,0.154,-0.31,1.0,0.343,0.053,-0.224,0.123,-0.659,0.03,0.211,0.089
15,A2_2,0.162,0.103,0.181,0.328,0.38,0.392,-0.429,0.343,1.0,-0.127,-0.366,-0.162,-0.296,0.067,0.246,0.068
15,A2_3,0.1,0.182,0.408,-0.05,-0.299,-0.43,0.137,0.053,-0.127,1.0,0.462,0.084,-0.138,-0.035,-0.475,-0.449
15,B2_1,-0.036,0.166,-0.107,-0.189,-0.148,-0.069,0.296,-0.224,-0.366,0.462,1.0,0.578,0.333,-0.092,-0.241,-0.385
15,B2_2,-0.439,-0.116,-0.548,0.028,-0.218,0.347,-0.007,0.123,-0.162,0.084,0.578,1.0,-0.113,-0.384,0.006,-0.316
15,B2_3,-0.158,0.067,0.111,-0.393,-0.201,-0.188,0.437,-0.659,-0.296,-0.138,0.333,-0.113,1.0,0.206,-0.185,0.135
15,y1,-0.175,0.186,0.283,-0.169,-0.015,-0.09,-0.042,0.03,0.067,-0.035,-0.092,-0.384,0.206,1.0,0.18,-0.097
15,y2,0.258,0.21,-0.166,0.542,-0.031,0.412,-0.412,0.211,0.246,-0.475,-0.241,0.006,-0.185,0.18,1.0,-0.109
15,y3,-0.174,0.062,0.087,-0.189,0.187,0.046,0.202,0.089,0.068,-0.449,-0.385,-0.316,0.135,-0.097,-0.109,1.0
16,.,1.0,0.344,0.13,0.367,0.25,-0.194,-0.221,-0.226,0.164,0.1,-0.038,-0.439,-0.161,-0.176,0.257,-0.174
16,A1_1,0.344,1.0,0.224,-0.021,0.07,-0.011,-0.062,-0.284,0.103,0.182,0.164,-0.117,0.067,0.185,0.209,0.062
16,A1_2,0.13,0.224,1.0,-0.099,-0.181,-0.094,0.16,-0.01,0.181,0.407,-0.109,-0.549,0.11,0.283,-0.166,0.088
16,A1_3,0.367,-0.021,-0.099,1.0,0.148,0.275,-0.195,0.228,0.327,-0.051,-0.19,0.027,-0.393,-0.17,0.541,-0.189
16,B1_1,0.25,0.07,-0.181,0.148,1.0,0.191,0.058,0.143,0.38,-0.299,-0.147,-0.217,-0.2,-0.017,-0.032,0.186
16,B1_2,-0.194,-0.011,-0.094,0.275,0.191,1.0,0.1,0.153,0.391,-0.43,-0.067,0.348,-0.186,-0.091,0.411,0.045
16,B1_3,-0.221,-0.062,0.16,-0.195,0.058,0.1,1.0,-0.311,-0.428,0.136,0.298,-0.004,0.438,-0.043,-0.411,0.202
16,A2_1,-0.226,-0.284,-0.01,0.228,0.143,0.153,-0.311,1.0,0.343,0.052,-0.225,0.122,-0.659,0.029,0.211,0.089
16,A2_2,0.164,0.103,0.181,0.327,0.38,0.391,-0.428,0.343,1.0,-0.128,-0.367,-0.163,-0.297,0.066,0.245,0.068
16,A2_3,0.1,0.182,0.407,-0.051,-0.299,-0.43,0.136,0.052,-0.128,1.0,0.461,0.084,-0.138,-0.034,-0.475,-0.448
16,B2_1,-0.038,0.164,-0.109,-0.19,-0.147,-0.067,0.298,-0.225,-0.367,0.461,1.0,0.58,0.334,-0.092,-0.24,-0.384
16,B2_2,-0.439,-0.117,-0.549,0.027,-0.217,0.348,-0.004,0.122,-0.163,0.084,0.58,1.0,-0.111,-0.384,0.007,-0.317
16,B2_3,-0.161,0.067,0.11,-0.393,-0.2,-0.186,0.438,-0.659,-0.297,-0.138,0.334,-0.111,1.0,0.206,-0.184,0.135
16,y1,-0.176,0.185,0.283,-0.17,-0.017,-0.091,-0.043,0.029,0.066,-0.034,-0.092,-0.384,0.206,1.0,0.18,-0.097
16,y2,0.257,0.209,-0.166,0.541,-0.032,0.411,-0.411,0.211,0.245,-0.475,-0.24,0.007,-0.184,0.18,1.0,-0.111
16,y3,-0.174,0.062,0.088,-0.189,0.186,0.045,0.202,0.089,0.068,-0.448,-0.384,-0.317,0.135,-0.097,-0.111,1.0
17,.,1.0,0.342,0.132,0.368,0.251,-0.195,-0.222,-0.221,0.167,0.101,-0.04,-0.439,-0.165,-0.176,0.256,-0.174
17,A1_1,0.342,1.0,0.225,-0.021,0.07,-0.012,-0.062,-0.284,0.103,0.182,0.163,-0.117,0.067,0.184,0.208,0.062
17,A1_2,0.132,0.225,1.0,-0.098,-0.181,-0.095,0.158,-0.01,0.18,0.407,-0.111,-0.549,0.109,0.283,-0.166,0.089
17,A1_3,0.368,-0.021,-0.098,1.0,0.148,0.274,-0.195,0.228,0.327,-0.052,-0.192,0.026,-0.394,-0.17,0.54,-0.19
17,B1_1,0.251,0.07,-0.181,0.148,1.0,0.192,0.058,0.143,0.381,-0.299,-0.145,-0.215,-0.2,-0.018,-0.033,0.185
17,B1_2,-0.195,-0.012,-0.095,0.274,0.192,1.0,0.102,0.152,0.39,-0.431,-0.064,0.35,-0.184,-0.092,0.41,0.044
17,B1_3,-0.222,-0.062,0.158,-0.195,0.058,0.102,1.0,-0.312,-0.428,0.135,0.3,-0.001,0.439,-0.043,-0.41,0.202
17,A2_1,-0.221,-0.284,-0.01,0.228,0.143,0.152,-0.312,1.0,0.344,0.052,-0.227,0.121,-0.659,0.029,0.211,0.089
17,A2_2,0.167,0.103,0.18,0.327,0.381,0.39,-0.428,0.344,1.0,-0.129,-0.368,-0.163,-0.297,0.065,0.244,0.067
17,A2_3,0.101,0.182,0.407,-0.052,-0.299,-0.431,0.135,0.052,-0.129,1.0,0.459,0.083,-0.138,-0.034,-0.475,-0.448
17,B2_1,-0.04,0.163,-0.111,-0.192,-0.145,-0.064,0.3,-0.227,-0.368,0.459,1.0,0.581,0.335,-0.092,-0.239,-0.384
17,B2_2,-0.439,-0.117,-0.549,0.026,-0.215,0.35,-0.001,0.121,-0.163,0.083,0.581,1.0,-0.11,-0.384,0.007,-0.317
17,B2_3,-0.165,0.067,0.109,-0.394,-0.2,-0.184,0.439,-0.659,-0.297,-0.138,0.335,-0.11,1.0,0.206,-0.183,0.136
17,y1,-0.176,0.184,0.283,-0.17,-0.018,-0.092,-0.043,0.029,0.065,-0.034,-0.092,-0.384,0.206,1.0,0.18,-0.097
17,y2,0.256,0.208,-0.166,0.54,-0.033,0.41,-0.41,0.211,0.244,-0.475,-0.239,0.007,-0.183,0.18,1.0,-0.113
17,y3,-0.174,0.062,0.089,-0.19,0.185,0.044,0.202,0.089,0.067,-0.448,-0.384,-0.317,0.136,-0.097,-0.113,1.0
18,.,1.0,0.34,0.133,0.369,0.252,-0.196,-0.223,-0.216,0.168,0.102,-0.041,-0.439,-0.168,-0.176,0.255,-0.174
18,A1_1,0.34,1.0,0.225,-0.021,0.071,-0.012,-0.062,-0.284,0.103,0.181,0.162,-0.118,0.067,0.184,0.208,0.062
18,A1_2,0.133,0.225,1.0,-0.098,-0.181,-0.096,0.157,-0.01,0.18,0.406,-0.113,-0.55,0.108,0.284,-0.166,0.089
18,A1_3,0.369,-0.021,-0.098,1.0,0.149,0.273,-0.195,0.229,0.327,-0.052,-0.193,0.025,-0.394,-0.171,0.539,-0.191
18,B1_1,0.252,0.071,-0.181,0.149,1.0,0.192,0.059,0.143,0.381,-0.299,-0.144,-0.214,-0.2,-0.019,-0.034,0.184
18,B1_2,-0.196,-0.012,-0.096,0.273,0.192,1.0,0.105,0.152,0.39,-0.431,-0.061,0.352,-0.182,-0.092,0.41,0.043
18,B1_3,-0.223,-0.062,0.157,-0.195,0.059,0.105,1.0,-0.313,-0.428,0.134,0.302,0.002,0.44,-0.044,-0.409,0.202
18,A2_1,-0.216,-0.284,-0.01,0.229,0.143,0.152,-0.313,1.0,0.344,0.051,-0.228,0.119,-0.66,0.029,0.211,0.09
18,A2_2,0.168,0.103,0.18,0.327,0.381,0.39,-0.428,0.344,1.0,-0.13,-0.368,-0.164,-0.297,0.064,0.244,0.067
18,A2_3,0.102,0.181,0.406,-0.052,-0.299,-0.431,0.134,0.051,-0.13,1.0,0.457,0.082,-0.138,-0.033,-0.475,-0.447
18,B2_1,-0.041,0.162,-0.113,-0.193,-0.144,-0.061,0.302,-0.228,-0.368,0.457,1.0,0.582,0.336,-0.092,-0.238,-0.384
18,B2_2,-0.439,-0.118,-0.55,0.025,-0.214,0.352,0.002,0.119,-0.164,0.082,0.582,1.0,-0.108,-0.384,0.007,-0.317
18,B2_3,-0.168,0.067,0.108,-0.394,-0.2,-0.182,0.44,-0.66,-0.297,-0.138,0.336,-0.108,1.0,0.206,-0.182,0.137
18,y1,-0.176,0.184,0.284,-0.171,-0.019,-0.092,-0.044,0.029,0.064,-0.033,-0.092,-0.384,0.206,1.0,0.18,-0.097
18,y2,0.255,0.208,-0.166,0.539,-0.034,0.41,-0.409,0.211,0.244,-0.475,-0.238,0.007,-0.182,0.18,1.0,-0.115
18,y3,-0.174,0.062,0.089,-0.191,0.184,0.043,0.202,0.09,0.067,-0.447,-0.384,-0.317,0.137,-0.097,-0.115,1.0
19,.,1.0,0.338,0.134,0.37,0.253,-0.197,-0.225,-0.212,0.171,0.102,-0.042,-0.439,-0.171,-0.177,0.254,-0.174
19,A1_1,0.338,1.0,0.225,-0.021,0.071,-0.012,-0.062,-0.283,0.103,0.181,0.161,-0.118,0.067,0.183,0.207,0.063
19,A1_2,0.134,0.225,1.0,-0.098,-0.181,-0.097,0.155,-0.01,0.18,0.406,-0.115,-0.551,0.108,0.284,-0.165,0.09
19,A1_3,0.37,-0.021,-0.098,1.0,0.149,0.272,-0.196,0.23,0.327,-0.053,-0.195,0.023,-0.394,-0.171,0.538,-0.191
19,B1_1,0.253,0.071,-0.181,0.149,1.0,0.193,0.059,0.143,0.382,-0.298,-0.142,-0.213,-0.2,-0.02,-0.035,0.183
19,B1_2,-0.197,-0.012,-0.097,0.272,0.193,1.0,0.108,0.151,0.389,-0.431,-0.059,0.353,-0.18,-0.093,0.409,0.041
19,B1_3,-0.225,-0.062,0.155,-0.196,0.059,0.108,1.0,-0.314,-0.427,0.134,0.304,0.005,0.441,-0.044,-0.408,0.201
19,A2_1,-0.212,-0.283,-0.01,0.23,0.143,0.151,-0.314,1.0,0.344,0.05,-0.23,0.118,-0.66,0.029,0.211,0.09
19,A2_2,0.171,0.103,0.18,0.327,0.382,0.389,-0.427,0.344,1.0,-0.131,-0.369,-0.164,-0.297,0.064,0.243,0.066
19,A2_3,0.102,0.181,0.406,-0.053,-0.298,-0.431,0.134,0.05,-0.131,1.0,0.456,0.082,-0.139,-0.033,-0.474,-0.447
19,B2_1,-0.042,0.161,-0.115,-0.195,-0.142,-0.059,0.304,-0.23,-0.369,0.456,1.0,0.583,0.337,-0.092,-0.237,-0.383
19,B2_2,-0.439,-0.118,-0.551,0.023,-0.213,0.353,0.005,0.118,-0.164,0.082,0.583,1.0,-0.106,-0.384,0.008,-0.317
19,B2_3,-0.171,0.067,0.108,-0.394,-0.2,-0.18,0.441,-0.66,-0.297,-0.139,0.337,-0.106,1.0,0.206,-0.181,0.138
19,y1,-0.177,0.183,0.284,-0.171,-0.02,-0.093,-0.044,0.029,0.064,-0.033,-0.092,-0.384,0.206,1.0,0.181,-0.097
19,y2,0.254,0.207,-0.165,0.538,-0.035,0.409,-0.408,0.211,0.243,-0.474,-0.237,0.008,-0.181,0.181,1.0,-0.118
19,y3,-0.174,0.063,0.09,-0.191,0.183,0.041,0.201,0.09,0.066,-0.447,-0.383,-0.317,0.138,-0.097,-0.118,1.0
20,.,1.0,0.336,0.135,0.371,0.253,-0.198,-0.226,-0.208,0.173,0.103,-0.044,-0.438,-0.175,-0.177,0.253,-0.174
20,A1_1,0.336,1.0,0.226,-0.021,0.072,-0.013,-0.062,-0.283,0.103,0.181,0.159,-0.119,0.067,0.182,0.207,0.063
20,A1_2,0.135,0.226,1.0,-0.098,-0.181,-0.097,0.153,-0.009,0.18,0.406,-0.117,-0.551,0.107,0.284,-0.165,0.091
20,A1_3,0.371,-0.021,-0.098,1.0,0.149,0.271,-0.196,0.23,0.327,-0.054,-0.197,0.022,-0.394,-0.172,0.537,-0.192
20,B1_1,0.253,0.072,-0.181,0.149,1.0,0.194,0.06,0.143,0.382,-0.298,-0.14,-0.212,-0.199,-0.021,-0.035,0.182
20,B1_2,-0.198,-0.013,-0.097,0.271,0.194,1.0,0.11,0.15,0.388,-0.431,-0.057,0.355,-0.179,-0.094,0.409,0.041
20,B1_3,-0.226,-0.062,0.153,-0.196,0.06,0.11,1.0,-0.315,-0.427,0.133,0.307,0.008,0.442,-0.045,-0.407,0.201
20,A2_1,-0.208,-0.283,-0.009,0.23,0.143,0.15,-0.315,1.0,0.344,0.049,-0.231,0.117,-0.661,0.029,0.211,0.09
20,A2_2,0.173,0.103,0.18,0.327,0.382,0.388,-0.427,0.344,1.0,-0.131,-0.37,-0.164,-0.297,0.063,0.242,0.066
20,A2_3,0.103,0.181,0.406,-0.054,-0.298,-0.431,0.133,0.049,-0.131,1.0,0.454,0.081,-0.139,-0.032,-0.474,-0.446
20,B2_1,-0.044,0.159,-0.117,-0.197,-0.14,-0.057,0.307,-0.231,-0.37,0.454,1.0,0.584,0.338,-0.092,-0.237,-0.383
20,B2_2,-0.438,-0.119,-0.551,0.022,-0.212,0.355,0.008,0.117,-0.164,0.081,0.584,1.0,-0.105,-0.384,0.008,-0.318
20,B2_3,-0.175,0.067,0.107,-0.394,-0.199,-0.179,0.442,-0.661,-0.297,-0.139,0.338,-0.105,1.0,0.206,-0.18,0.138
20,y1,-0.177,0.182,0.284,-0.172,-0.021,-0.094,-0.045,0.029,0.063,-0.032,-0.092,-0.384,0.206,1.0,0.181,-0.097
20,y2,0.253,0.207,-0.165,0.537,-0.035,0.409,-0.407,0.211,0.242,-0.474,-0.237,0.008,-0.18,0.181,1.0,-0.12
20,y3,-0.174,0.063,0.091,-0.192,0.182,0.041,0.201,0.09,0.066,-0.446,-0.383,-0.318,0.138,-0.097,-0.12,1.0
21,.,1.0,0.333,0.136,0.372,0.254,-0.199,-0.228,-0.203,0.175,0.104,-0.045,-0.438,-0.178,-0.178,0.252,-0.174
21,A1_1,0.333,1.0,0.226,-0.021,0.072,-0.013,-0.062,-0.283,0.103,0.18,0.158,-0.119,0.066,0.181,0.206,0.063
21,A1_2,0.136,0.226,1.0,-0.097,-0.181,-0.098,0.152,-0.009,0.18,0.405,-0.119,-0.552,0.106,0.284,-0.165,0.091
21,A1_3,0.372,-0.021,-0.097,1.0,0.15,0.27,-0.197,0.231,0.328,-0.054,-0.198,0.021,-0.394,-0.173,0.536,-0.193
21,B1_1,0.254,0.072,-0.181,0.15,1.0,0.194,0.061,0.143,0.383,-0.298,-0.139,-0.21,-0.199,-0.022,-0.036,0.181
21,B1_2,-0.199,-0.013,-0.098,0.27,0.194,1.0,0.113,0.149,0.387,-0.431,-0.054,0.356,-0.177,-0.094,0.408,0.039
21,B1_3,-0.228,-0.062,0.152,-0.197,0.061,0.113,1.0,-0.315,-0.427,0.132,0.309,0.011,0.443,-0.045,-0.405,0.201
21,A2_1,-0.203,-0.283,-0.009,0.231,0.143,0.149,-0.315,1.0,0.344,0.049,-0.233,0.116,-0.661,0.029,0.211,0.09
21,A2_2,0.175,0.103,0.18,0.328,0.383,0.387,-0.427,0.344,1.0,-0.132,-0.371,-0.165,-0.297,0.062,0.241,0.066
21,A2_3,0.104,0.18,0.405,-0.054,-0.298,-0.431,0.132,0.049,-0.132,1.0,0.452,0.08,-0.139,-0.032,-0.474,-0.446
21,B2_1,-0.045,0.158,-0.119,-0.198,-0.139,-0.054,0.309,-0.233,-0.371,0.452,1.0,0.585,0.339,-0.092,-0.236,-0.382
21,B2_2,-0.438,-0.119,-0.552,0.021,-0.21,0.356,0.011,0.116,-0.165,0.08,0.585,1.0,-0.103,-0.384,0.008,-0.318
21,B2_3,-0.178,0.066,0.106,-0.394,-0.199,-0.177,0.443,-0.661,-0.297,-0.139,0.339,-0.103,1.0,0.206,-0.179,0.139
21,y1,-0.178,0.181,0.284,-0.173,-0.022,-0.094,-0.045,0.029,0.062,-0.032,-0.092,-0.384,0.206,1.0,0.181,-0.097
21,y2,0.252,0.206,-0.165,0.536,-0.036,0.408,-0.405,0.211,0.241,-0.474,-0.236,0.008,-0.179,0.181,1.0,-0.121
21,y3,-0.174,0.063,0.091,-0.193,0.181,0.039,0.201,0.09,0.066,-0.446,-0.382,-0.318,0.139,-0.097,-0.121,1.0
22,.,1.0,0.331,0.137,0.373,0.255,-0.2,-0.229,-0.199,0.176,0.104,-0.046,-0.437,-0.181,-0.178,0.25,-0.175
22,A1_1,0.331,1.0,0.227,-0.021,0.073,-0.014,-0.062,-0.283,0.103,0.18,0.156,-0.12,0.066,0.181,0.205,0.063
22,A1_2,0.137,0.227,1.0,-0.097,-0.181,-0.099,0.15,-0.009,0.18,0.405,-0.12,-0.553,0.105,0.284,-0.165,0.092
22,A1_3,0.373,-0.021,-0.097,1.0,0.15,0.269,-0.197,0.232,0.328,-0.055,-0.2,0.019,-0.394,-0.173,0.534,-0.193
22,B1_1,0.255,0.073,-0.181,0.15,1.0,0.195,0.061,0.143,0.383,-0.297,-0.137,-0.209,-0.198,-0.024,-0.037,0.18
22,B1_2,-0.2,-0.014,-0.099,0.269,0.195,1.0,0.116,0.149,0.386,-0.432,-0.052,0.358,-0.175,-0.095,0.407,0.038
22,B1_3,-0.229,-0.062,0.15,-0.197,0.061,0.116,1.0,-0.316,-0.426,0.131,0.311,0.014,0.444,-0.046,-0.404,0.2
22,A2_1,-0.199,-0.283,-0.009,0.232,0.143,0.149,-0.316,1.0,0.345,0.048,-0.234,0.114,-0.661,0.029,0.211,0.09
22,A2_2,0.176,0.103,0.18,0.328,0.383,0.386,-0.426,0.345,1.0,-0.133,-0.371,-0.166,-0.298,0.061,0.24,0.065
22,A2_3,0.104,0.18,0.405,-0.055,-0.297,-0.432,0.131,0.048,-0.133,1.0,0.451,0.079,-0.139,-0.031,-0.474,-0.445
22,B2_1,-0.046,0.156,-0.12,-0.2,-0.137,-0.052,0.311,-0.234,-0.371,0.451,1.0,0.586,0.34,-0.092,-0.235,-0.382
22,B2_2,-0.437,-0.12,-0.553,0.019,-0.209,0.358,0.014,0.114,-0.166,0.079,0.586,1.0,-0.101,-0.384,0.008,-0.318
22,B2_3,-0.181,0.066,0.105,-0.394,-0.198,-0.175,0.444,-0.661,-0.298,-0.139,0.34,-0.101,1.0,0.206,-0.178,0.14
22,y1,-0.178,0.181,0.284,-0.173,-0.024,-0.095,-0.046,0.029,0.061,-0.031,-0.092,-0.384,0.206,1.0,0.181,-0.097
22,y2,0.25,0.205,-0.165,0.534,-0.037,0.407,-0.404,0.211,0.24,-0.474,-0.235,0.008,-0.178,0.181,1.0,-0.123
22,y3,-0.175,0.063,0.092,-0.193,0.18,0.038,0.2,0.09,0.065,-0.445,-0.382,-0.318,0.14,-0.097,-0.123,1.0
23,.,1.0,0.329,0.138,0.374,0.255,-0.201,-0.23,-0.195,0.178,0.105,-0.047,-0.437,-0.184,-0.179,0.249,-0.175
23,A1_1,0.329,1.0,0.227,-0.021,0.073,-0.014,-0.062,-0.283,0.103,0.18,0.155,-0.121,0.066,0.18,0.205,0.063
23,A1_2,0.138,0.227,1.0,-0.096,-0.18,-0.099,0.148,-0.009,0.18,0.405,-0.122,-0.553,0.104,0.285,-0.165,0.093
23,A1_3,0.374,-0.021,-0.096,1.0,0.15,0.267,-0.198,0.232,0.327,-0.055,-0.202,0.018,-0.395,-0.174,0.533,-0.194
23,B1_1,0.255,0.073,-0.18,0.15,1.0,0.196,0.062,0.143,0.384,-0.297,-0.135,-0.207,-0.198,-0.025,-0.038,0.179
