,,.,A1_1,A1_2,A1_3,B1_1,B1_2,B1_3,A2_1,A2_2,A2_3,B2_1,B2_2,B2_3,y1,y2,y3
1,.,1.0,0.78,0.863,0.84,0.675,0.74,0.73,0.852,0.813,0.795,0.565,0.687,0.735,0.734,0.745,0.751
1,A1_1,0.78,1.0,0.675,0.698,0.608,0.675,0.744,0.753,0.661,0.701,0.602,0.643,0.646,0.629,0.68,0.67
1,A1_2,0.863,0.675,1.0,0.813,0.707,0.739,0.735,0.759,0.798,0.786,0.494,0.685,0.736,0.76,0.73,0.721
1,A1_3,0.84,0.698,0.813,1.0,0.746,0.746,0.749,0.781,0.778,0.728,0.577,0.702,0.731,0.665,0.706,0.734
1,B1_1,0.675,0.608,0.707,0.746,1.0,0.684,0.643,0.606,0.633,0.631,0.627,0.693,0.726,0.644,0.621,0.715
1,B1_2,0.74,0.675,0.739,0.746,0.684,1.0,0.74,0.708,0.752,0.712,0.612,0.674,0.714,0.811,0.76,0.711
1,B1_3,0.73,0.744,0.735,0.749,0.643,0.74,1.0,0.681,0.734,0.742,0.721,0.707,0.686,0.776,0.776,0.693
1,A2_1,0.852,0.753,0.759,0.781,0.606,0.708,0.681,1.0,0.834,0.678,0.563,0.7,0.732,0.641,0.697,0.776
1,A2_2,0.813,0.661,0.798,0.778,0.633,0.752,0.734,0.834,1.0,0.651,0.641,0.731,0.798,0.667,0.832,0.79
1,A2_3,0.795,0.701,0.786,0.728,0.631,0.712,0.742,0.678,0.651,1.0,0.608,0.714,0.611,0.752,0.733,0.655
1,B2_1,0.565,0.602,0.494,0.577,0.627,0.612,0.721,0.563,0.641,0.608,1.0,0.66,0.633,0.727,0.701,0.538
1,B2_2,0.687,0.643,0.685,0.702,0.693,0.674,0.707,0.7,0.731,0.714,0.66,1.0,0.809,0.686,0.761,0.813
1,B2_3,0.735,0.646,0.736,0.731,0.726,0.714,0.686,0.732,0.798,0.611,0.633,0.809,1.0,0.705,0.755,0.83
1,y1,0.734,0.629,0.76,0.665,0.644,0.811,0.776,0.641,0.667,0.752,0.727,0.686,0.705,1.0,0.705,0.606
1,y2,0.745,0.68,0.73,0.706,0.621,0.76,0.776,0.697,0.832,0.733,0.701,0.761,0.755,0.705,1.0,0.699
1,y3,0.751,0.67,0.721,0.734,0.715,0.711,0.693,0.776,0.79,0.655,0.538,0.813,0.83,0.606,0.699,1.0
2,.,1.0,0.774,0.86,0.838,0.669,0.728,0.72,0.848,0.807,0.795,0.556,0.676,0.723,0.727,0.734,0.747
2,A1_1,0.774,1.0,0.668,0.695,0.61,0.671,0.74,0.753,0.663,0.698,0.605,0.642,0.646,0.629,0.678,0.672
2,A1_2,0.86,0.668,1.0,0.809,0.699,0.726,0.72,0.756,0.795,0.782,0.485,0.673,0.726,0.752,0.721,0.718
2,A1_3,0.838,0.695,0.809,1.0,0.745,0.742,0.744,0.781,0.781,0.724,0.578,0.7,0.73,0.664,0.702,0.736
2,B1_1,0.669,0.61,0.699,0.745,1.0,0.691,0.651,0.608,0.643,0.628,0.642,0.7,0.736,0.649,0.628,0.72
2,B1_2,0.728,0.671,0.726,0.742,0.691,1.0,0.744,0.703,0.754,0.705,0.628,0.68,0.721,0.813,0.762,0.713
2,B1_3,0.72,0.74,0.72,0.744,0.651,0.744,1.0,0.677,0.737,0.734,0.736,0.715,0.695,0.78,0.78,0.696
2,A2_1,0.848,0.753,0.756,0.781,0.608,0.703,0.677,1.0,0.835,0.679,0.565,0.698,0.729,0.639,0.694,0.777
2,A2_2,0.807,0.663,0.795,0.781,0.643,0.754,0.737,0.835,1.0,0.652,0.646,0.738,0.801,0.67,0.834,0.794
2,A2_3,0.795,0.698,0.782,0.724,0.628,0.705,0.734,0.679,0.652,1.0,0.606,0.708,0.608,0.748,0.729,0.656
2,B2_1,0.556,0.605,0.485,0.578,0.642,0.628,0.736,0.565,0.646,0.606,1.0,0.679,0.65,0.732,0.71,0.547
2,B2_2,0.676,0.642,0.673,0.7,0.7,0.68,0.715,0.698,0.738,0.708,0.679,1.0,0.815,0.689,0.765,0.815
2,B2_3,0.723,0.646,0.726,0.73,0.736,0.721,0.695,0.729,0.801,0.608,0.65,0.815,1.0,0.71,0.759,0.832
2,y1,0.727,0.629,0.752,0.664,0.649,0.813,0.78,0.639,0.67,0.748,0.732,0.689,0.71,1.0,0.707,0.609
2,y2,0.734,0.678,0.721,0.702,0.628,0.762,0.78,0.694,0.834,0.729,0.71,0.765,0.759,0.707,1.0,0.702
2,y3,0.747,0.672,0.718,0.736,0.72,0.713,0.696,0.777,0.794,0.656,0.547,0.815,0.832,0.609,0.702,1.0
3,.,1.0,0.771,0.859,0.838,0.668,0.72,0.712,0.846,0.804,0.799,0.553,0.67,0.714,0.723,0.726,0.746
3,A1_1,0.771,1.0,0.668,0.699,0.621,0.675,0.742,0.757,0.673,0.703,0.616,0.65,0.654,0.637,0.684,0.68
3,A1_2,0.859,0.668,1.0,0.809,0.697,0.719,0.712,0.759,0.797,0.783,0.486,0.668,0.721,0.749,0.718,0.721
3,A1_3,0.838,0.699,0.809,1.0,0.751,0.745,0.746,0.785,0.789,0.727,0.591,0.705,0.737,0.671,0.707,0.744
3,B1_1,0.668,0.621,0.697,0.751,1.0,0.708,0.67,0.617,0.659,0.633,0.665,0.716,0.753,0.662,0.645,0.73
3,B1_2,0.72,0.675,0.719,0.745,0.708,1.0,0.755,0.704,0.761,0.704,0.652,0.696,0.735,0.82,0.77,0.721
3,B1_3,0.712,0.742,0.712,0.746,0.67,0.755,1.0,0.678,0.744,0.732,0.756,0.731,0.712,0.788,0.789,0.704
3,A2_1,0.846,0.757,0.759,0.785,0.617,0.704,0.678,1.0,0.839,0.686,0.574,0.7,0.731,0.643,0.697,0.781
3,A2_2,0.804,0.673,0.797,0.789,0.659,0.761,0.744,0.839,1.0,0.66,0.657,0.749,0.807,0.678,0.839,0.801
3,A2_3,0.799,0.703,0.783,0.727,0.633,0.704,0.732,0.686,0.66,1.0,0.611,0.709,0.613,0.749,0.73,0.663
3,B2_1,0.553,0.616,0.486,0.591,0.665,0.652,0.756,0.574,0.657,0.611,1.0,0.704,0.674,0.743,0.725,0.565
3,B2_2,0.67,0.65,0.668,0.705,0.716,0.696,0.731,0.7,0.749,0.709,0.704,1.0,0.826,0.7,0.775,0.819
3,B2_3,0.714,0.654,0.721,0.737,0.753,0.735,0.712,0.731,0.807,0.613,0.674,0.826,1.0,0.721,0.769,0.837
3,y1,0.723,0.637,0.749,0.671,0.662,0.82,0.788,0.643,0.678,0.749,0.743,0.7,0.721,1.0,0.715,0.619
3,y2,0.726,0.684,0.718,0.707,0.645,0.77,0.789,0.697,0.839,0.73,0.725,0.775,0.769,0.715,1.0,0.711
3,y3,0.746,0.68,0.721,0.744,0.73,0.721,0.704,0.781,0.801,0.663,0.565,0.819,0.837,0.619,0.711,1.0
4,.,1.0,0.769,0.859,0.837,0.665,0.709,0.702,0.843,0.799,0.803,0.549,0.661,0.703,0.718,0.716,0.743
4,A1_1,0.769,1.0,0.671,0.707,0.634,0.68,0.746,0.763,0.683,0.709,0.628,0.66,0.662,0.646,0.691,0.689
4,A1_2,0.859,0.671,1.0,0.811,0.695,0.711,0.705,0.762,0.799,0.786,0.488,0.664,0.716,0.748,0.715,0.724
4,A1_3,0.837,0.707,0.811,1.0,0.759,0.75,0.751,0.791,0.797,0.733,0.605,0.713,0.744,0.68,0.713,0.753
4,B1_1,0.665,0.634,0.695,0.759,1.0,0.727,0.691,0.625,0.675,0.64,0.69,0.735,0.771,0.676,0.664,0.741
4,B1_2,0.709,0.68,0.711,0.75,0.727,1.0,0.769,0.704,0.768,0.704,0.677,0.715,0.751,0.827,0.779,0.73
4,B1_3,0.702,0.746,0.705,0.751,0.691,0.769,1.0,0.68,0.751,0.731,0.775,0.749,0.73,0.797,0.799,0.713
4,A2_1,0.843,0.763,0.762,0.791,0.625,0.704,0.68,1.0,0.842,0.694,0.582,0.702,0.731,0.648,0.7,0.785
4,A2_2,0.799,0.683,0.799,0.797,0.675,0.768,0.751,0.842,1.0,0.669,0.668,0.759,0.812,0.687,0.843,0.808
4,A2_3,0.803,0.709,0.786,0.733,0.64,0.704,0.731,0.694,0.669,1.0,0.617,0.71,0.619,0.751,0.732,0.671
4,B2_1,0.549,0.628,0.488,0.605,0.69,0.677,0.775,0.582,0.668,0.617,1.0,0.729,0.697,0.754,0.739,0.582
4,B2_2,0.661,0.66,0.664,0.713,0.735,0.715,0.749,0.702,0.759,0.71,0.729,1.0,0.838,0.712,0.786,0.824
4,B2_3,0.703,0.662,0.716,0.744,0.771,0.751,0.73,0.731,0.812,0.619,0.697,0.838,1.0,0.732,0.779,0.841
4,y1,0.718,0.646,0.748,0.68,0.676,0.827,0.797,0.648,0.687,0.751,0.754,0.712,0.732,1.0,0.725,0.63
4,y2,0.716,0.691,0.715,0.713,0.664,0.779,0.799,0.7,0.843,0.732,0.739,0.786,0.779,0.725,1.0,0.72
4,y3,0.743,0.689,0.724,0.753,0.741,0.73,0.713,0.785,0.808,0.671,0.582,0.824,0.841,0.63,0.72,1.0
5,.,1.0,0.765,0.858,0.834,0.657,0.695,0.689,0.839,0.793,0.805,0.539,0.648,0.688,0.71,0.704,0.737
5,A1_1,0.765,1.0,0.674,0.716,0.645,0.685,0.748,0.768,0.692,0.715,0.637,0.667,0.669,0.654,0.697,0.697
5,A1_2,0.858,0.674,1.0,0.812,0.691,0.703,0.697,0.765,0.801,0.789,0.488,0.658,0.709,0.745,0.712,0.726
5,A1_3,0.834,0.716,0.812,1.0,0.767,0.755,0.755,0.795,0.805,0.738,0.618,0.72,0.751,0.688,0.72,0.761
5,B1_1,0.657,0.645,0.691,0.767,1.0,0.745,0.712,0.63,0.687,0.643,0.712,0.753,0.788,0.69,0.68,0.749
5,B1_2,0.695,0.685,0.703,0.755,0.745,1.0,0.783,0.702,0.772,0.702,0.701,0.732,0.765,0.833,0.788,0.737
5,B1_3,0.689,0.748,0.697,0.755,0.712,0.783,1.0,0.679,0.755,0.728,0.793,0.766,0.748,0.805,0.807,0.721
5,A2_1,0.839,0.768,0.765,0.795,0.63,0.702,0.679,1.0,0.845,0.7,0.586,0.701,0.729,0.65,0.701,0.788
5,A2_2,0.793,0.692,0.801,0.805,0.687,0.772,0.755,0.845,1.0,0.676,0.675,0.765,0.815,0.694,0.846,0.813
5,A2_3,0.805,0.715,0.789,0.738,0.643,0.702,0.728,0.7,0.676,1.0,0.619,0.709,0.622,0.752,0.733,0.677
5,B2_1,0.539,0.637,0.488,0.618,0.712,0.701,0.793,0.586,0.675,0.619,1.0,0.75,0.719,0.763,0.751,0.596
5,B2_2,0.648,0.667,0.658,0.72,0.753,0.732,0.766,0.701,0.765,0.709,0.75,1.0,0.849,0.724,0.795,0.826
5,B2_3,0.688,0.669,0.709,0.751,0.788,0.765,0.748,0.729,0.815,0.622,0.719,0.849,1.0,0.743,0.787,0.844
5,y1,0.71,0.654,0.745,0.688,0.69,0.833,0.805,0.65,0.694,0.752,0.763,0.724,0.743,1.0,0.733,0.64
5,y2,0.704,0.697,0.712,0.72,0.68,0.788,0.807,0.701,0.846,0.733,0.751,0.795,0.787,0.733,1.0,0.727
5,y3,0.737,0.697,0.726,0.761,0.749,0.737,0.721,0.788,0.813,0.677,0.596,0.826,0.844,0.64,0.727,1.0
6,.,1.0,0.758,0.857,0.828,0.642,0.672,0.668,0.834,0.784,0.806,0.52,0.627,0.667,0.696,0.687,0.727
6,A1_1,0.758,1.0,0.677,0.723,0.652,0.686,0.748,0.771,0.7,0.72,0.641,0.671,0.673,0.66,0.702,0.703
6,A1_2,0.857,0.677,1.0,0.812,0.683,0.69,0.685,0.768,0.802,0.791,0.483,0.648,0.699,0.741,0.707,0.727
6,A1_3,0.828,0.723,0.812,1.0,0.771,0.757,0.758,0.799,0.812,0.742,0.626,0.724,0.755,0.694,0.725,0.767
6,B1_1,0.642,0.652,0.683,0.771,1.0,0.76,0.73,0.63,0.694,0.643,0.731,0.768,0.802,0.7,0.692,0.753
6,B1_2,0.672,0.686,0.69,0.757,0.76,1.0,0.796,0.695,0.773,0.696,0.721,0.748,0.778,0.838,0.794,0.741
6,B1_3,0.668,0.748,0.685,0.758,0.73,0.796,1.0,0.674,0.756,0.722,0.807,0.781,0.763,0.811,0.813,0.725
6,A2_1,0.834,0.771,0.768,0.799,0.63,0.695,0.674,1.0,0.847,0.705,0.583,0.695,0.723,0.65,0.7,0.788
6,A2_2,0.784,0.7,0.802,0.812,0.694,0.773,0.756,0.847,1.0,0.682,0.677,0.767,0.814,0.698,0.847,0.817
6,A2_3,0.806,0.72,0.791,0.742,0.643,0.696,0.722,0.705,0.682,1.0,0.616,0.703,0.622,0.751,0.732,0.681
6,B2_1,0.52,0.641,0.483,0.626,0.731,0.721,0.807,0.583,0.677,0.616,1.0,0.769,0.736,0.769,0.759,0.604
6,B2_2,0.627,0.671,0.648,0.724,0.768,0.748,0.781,0.695,0.767,0.703,0.769,1.0,0.858,0.733,0.801,0.826
6,B2_3,0.667,0.673,0.699,0.755,0.802,0.778,0.763,0.723,0.814,0.622,0.736,0.858,1.0,0.751,0.793,0.845
6,y1,0.696,0.66,0.741,0.694,0.7,0.838,0.811,0.65,0.698,0.751,0.769,0.733,0.751,1.0,0.74,0.646
6,y2,0.687,0.702,0.707,0.725,0.692,0.794,0.813,0.7,0.847,0.732,0.759,0.801,0.793,0.74,1.0,0.732
6,y3,0.727,0.703,0.727,0.767,0.753,0.741,0.725,0.788,0.817,0.681,0.604,0.826,0.845,0.646,0.732,1.0
7,.,1.0,0.749,0.853,0.818,0.616,0.642,0.639,0.826,0.771,0.804,0.492,0.597,0.637,0.677,0.663,0.713
7,A1_1,0.749,1.0,0.677,0.728,0.653,0.683,0.744,0.773,0.705,0.723,0.639,0.669,0.671,0.661,0.702,0.705
7,A1_2,0.853,0.677,1.0,0.81,0.667,0.671,0.668,0.77,0.801,0.793,0.47,0.631,0.683,0.733,0.699,0.724
7,A1_3,0.818,0.728,0.81,1.0,0.772,0.756,0.757,0.8,0.816,0.743,0.63,0.725,0.756,0.697,0.727,0.77
7,B1_1,0.616,0.653,0.667,0.772,1.0,0.773,0.745,0.622,0.696,0.635,0.746,0.781,0.813,0.707,0.699,0.754
7,B1_2,0.642,0.683,0.671,0.756,0.773,1.0,0.806,0.682,0.77,0.686,0.737,0.762,0.789,0.841,0.798,0.742
7,B1_3,0.639,0.744,0.668,0.757,0.745,0.806,1.0,0.663,0.753,0.711,0.819,0.793,0.775,0.814,0.816,0.726
7,A2_1,0.826,0.773,0.77,0.8,0.622,0.682,0.663,1.0,0.847,0.708,0.573,0.683,0.711,0.645,0.694,0.786
7,A2_2,0.771,0.705,0.801,0.816,0.696,0.77,0.753,0.847,1.0,0.684,0.674,0.765,0.81,0.698,0.846,0.818
7,A2_3,0.804,0.723,0.793,0.743,0.635,0.686,0.711,0.708,0.684,1.0,0.605,0.692,0.614,0.747,0.727,0.68
7,B2_1,0.492,0.639,0.47,0.63,0.746,0.737,0.819,0.573,0.674,0.605,1.0,0.783,0.75,0.772,0.763,0.607
7,B2_2,0.597,0.669,0.631,0.725,0.781,0.762,0.793,0.683,0.765,0.692,0.783,1.0,0.865,0.738,0.804,0.823
7,B2_3,0.637,0.671,0.683,0.756,0.813,0.789,0.775,0.711,0.81,0.614,0.75,0.865,1.0,0.756,0.796,0.842
7,y1,0.677,0.661,0.733,0.697,0.707,0.841,0.814,0.645,0.698,0.747,0.772,0.738,0.756,1.0,0.744,0.649
7,y2,0.663,0.702,0.699,0.727,0.699,0.798,0.816,0.694,0.846,0.727,0.763,0.804,0.796,0.744,1.0,0.733
7,y3,0.713,0.705,0.724,0.77,0.754,0.742,0.726,0.786,0.818,0.68,0.607,0.823,0.842,0.649,0.733,1.0
8,.,1.0,0.736,0.849,0.803,0.58,0.601,0.601,0.816,0.754,0.8,0.453,0.556,0.598,0.652,0.635,0.693
8,A1_1,0.736,1.0,0.676,0.731,0.649,0.675,0.736,0.773,0.708,0.724,0.632,0.663,0.665,0.66,0.701,0.705
8,A1_2,0.849,0.676,1.0,0.807,0.645,0.647,0.645,0.771,0.799,0.793,0.449,0.608,0.662,0.722,0.688,0.718
8,A1_3,0.803,0.731,0.807,1.0,0.769,0.752,0.753,0.799,0.819,0.742,0.629,0.721,0.754,0.698,0.727,0.771
8,B1_1,0.58,0.649,0.645,0.769,1.0,0.784,0.757,0.607,0.691,0.62,0.76,0.791,0.822,0.71,0.702,0.749
8,B1_2,0.601,0.675,0.647,0.752,0.784,1.0,0.815,0.663,0.762,0.669,0.752,0.773,0.798,0.842,0.799,0.739
8,B1_3,0.601,0.736,0.645,0.753,0.757,0.815,1.0,0.645,0.746,0.695,0.829,0.804,0.786,0.816,0.817,0.723
8,A2_1,0.816,0.773,0.771,0.799,0.607,0.663,0.645,1.0,0.846,0.709,0.555,0.664,0.693,0.636,0.686,0.782
8,A2_2,0.754,0.708,0.799,0.819,0.691,0.762,0.746,0.846,1.0,0.684,0.666,0.758,0.802,0.696,0.843,0.818
8,A2_3,0.8,0.724,0.793,0.742,0.62,0.669,0.695,0.709,0.684,1.0,0.589,0.675,0.601,0.74,0.72,0.677
8,B2_1,0.453,0.632,0.449,0.629,0.76,0.752,0.829,0.555,0.666,0.589,1.0,0.796,0.762,0.772,0.763,0.604
8,B2_2,0.556,0.663,0.608,0.721,0.791,0.773,0.804,0.664,0.758,0.675,0.796,1.0,0.872,0.741,0.804,0.816
8,B2_3,0.598,0.665,0.662,0.754,0.822,0.798,0.786,0.693,0.802,0.601,0.762,0.872,1.0,0.758,0.796,0.837
8,y1,0.652,0.66,0.722,0.698,0.71,0.842,0.816,0.636,0.696,0.74,0.772,0.741,0.758,1.0,0.746,0.649
8,y2,0.635,0.701,0.688,0.727,0.702,0.799,0.817,0.686,0.843,0.72,0.763,0.804,0.796,0.746,1.0,0.732
8,y3,0.693,0.705,0.718,0.771,0.749,0.739,0.723,0.782,0.818,0.677,0.604,0.816,0.837,0.649,0.732,1.0
9,.,1.0,0.72,0.843,0.784,0.532,0.548,0.551,0.804,0.734,0.795,0.402,0.504,0.549,0.619,0.599,0.669
9,A1_1,0.72,1.0,0.674,0.733,0.638,0.662,0.724,0.772,0.71,0.723,0.619,0.651,0.654,0.655,0.696,0.702
9,A1_2,0.843,0.674,1.0,0.801,0.615,0.615,0.616,0.771,0.796,0.794,0.421,0.577,0.633,0.707,0.673,0.711
9,A1_3,0.784,0.733,0.801,1.0,0.762,0.743,0.746,0.796,0.821,0.739,0.622,0.714,0.747,0.695,0.725,0.77
9,B1_1,0.532,0.638,0.615,0.762,1.0,0.793,0.768,0.583,0.682,0.598,0.771,0.8,0.83,0.709,0.701,0.741
9,B1_2,0.548,0.662,0.615,0.743,0.793,1.0,0.823,0.637,0.75,0.646,0.764,0.783,0.806,0.84,0.798,0.731
9,B1_3,0.551,0.724,0.616,0.746,0.768,0.823,1.0,0.621,0.734,0.672,0.838,0.813,0.794,0.815,0.815,0.716
9,A2_1,0.804,0.772,0.771,0.796,0.583,0.637,0.621,1.0,0.844,0.708,0.529,0.637,0.668,0.624,0.674,0.775
9,A2_2,0.734,0.71,0.796,0.821,0.682,0.75,0.734,0.844,1.0,0.683,0.652,0.745,0.789,0.69,0.839,0.817
9,A2_3,0.795,0.723,0.794,0.739,0.598,0.646,0.672,0.708,0.683,1.0,0.564,0.651,0.581,0.73,0.71,0.671
9,B2_1,0.402,0.619,0.421,0.622,0.771,0.764,0.838,0.529,0.652,0.564,1.0,0.806,0.772,0.769,0.76,0.596
9,B2_2,0.504,0.651,0.577,0.714,0.8,0.783,0.813,0.637,0.745,0.651,0.806,1.0,0.877,0.741,0.801,0.806
9,B2_3,0.549,0.654,0.633,0.747,0.83,0.806,0.794,0.668,0.789,0.581,0.772,0.877,1.0,0.758,0.794,0.829
9,y1,0.619,0.655,0.707,0.695,0.709,0.84,0.815,0.624,0.69,0.73,0.769,0.741,0.758,1.0,0.746,0.646
9,y2,0.599,0.696,0.673,0.725,0.701,0.798,0.815,0.674,0.839,0.71,0.76,0.801,0.794,0.746,1.0,0.729
9,y3,0.669,0.702,0.711,0.77,0.741,0.731,0.716,0.775,0.817,0.671,0.596,0.806,0.829,0.646,0.729,1.0
10,.,1.0,0.701,0.837,0.759,0.472,0.484,0.49,0.79,0.711,0.787,0.34,0.439,0.488,0.58,0.557,0.64
10,A1_1,0.701,1.0,0.671,0.733,0.622,0.643,0.706,0.769,0.71,0.722,0.599,0.632,0.636,0.647,0.689,0.697
10,A1_2,0.837,0.671,1.0,0.794,0.577,0.575,0.578,0.772,0.792,0.794,0.384,0.538,0.597,0.69,0.656,0.701
10,A1_3,0.759,0.733,0.794,1.0,0.751,0.731,0.735,0.79,0.822,0.734,0.612,0.702,0.737,0.69,0.721,0.767
10,B1_1,0.472,0.622,0.577,0.751,1.0,0.801,0.777,0.55,0.665,0.568,0.781,0.808,0.837,0.704,0.695,0.727
10,B1_2,0.484,0.643,0.575,0.731,0.801,1.0,0.83,0.602,0.731,0.615,0.775,0.792,0.813,0.836,0.793,0.719
10,B1_3,0.49,0.706,0.578,0.735,0.777,0.83,1.0,0.589,0.716,0.643,0.845,0.821,0.802,0.811,0.809,0.705
10,A2_1,0.79,0.769,0.772,0.79,0.55,0.602,0.589,1.0,0.841,0.707,0.494,0.602,0.636,0.607,0.659,0.766
10,A2_2,0.711,0.71,0.792,0.822,0.665,0.731,0.716,0.841,1.0,0.68,0.632,0.727,0.771,0.682,0.832,0.814
10,A2_3,0.787,0.722,0.794,0.734,0.568,0.615,0.643,0.707,0.68,1.0,0.532,0.619,0.553,0.717,0.696,0.663
10,B2_1,0.34,0.599,0.384,0.612,0.781,0.775,0.845,0.494,0.632,0.532,1.0,0.816,0.78,0.763,0.752,0.582
10,B2_2,0.439,0.632,0.538,0.702,0.808,0.792,0.821,0.602,0.727,0.619,0.816,1.0,0.881,0.738,0.794,0.791
10,B2_3,0.488,0.636,0.597,0.737,0.837,0.813,0.802,0.636,0.771,0.553,0.78,0.881,1.0,0.755,0.788,0.816
10,y1,0.58,0.647,0.69,0.69,0.704,0.836,0.811,0.607,0.682,0.717,0.763,0.738,0.755,1.0,0.744,0.64
10,y2,0.557,0.689,0.656,0.721,0.695,0.793,0.809,0.659,0.832,0.696,0.752,0.794,0.788,0.744,1.0,0.723
10,y3,0.64,0.697,0.701,0.767,0.727,0.719,0.705,0.766,0.814,0.663,0.582,0.791,0.816,0.64,0.723,1.0
11,.,1.0,0.679,0.829,0.73,0.399,0.408,0.418,0.775,0.685,0.778,0.267,0.363,0.416,0.536,0.51,0.607
11,A1_1,0.679,1.0,0.669,0.732,0.599,0.618,0.682,0.767,0.71,0.72,0.574,0.607,0.613,0.637,0.68,0.691
11,A1_2,0.829,0.669,1.0,0.785,0.529,0.527,0.533,0.773,0.788,0.795,0.339,0.491,0.552,0.669,0.637,0.69
11,A1_3,0.73,0.732,0.785,1.0,0.736,0.715,0.72,0.784,0.821,0.728,0.596,0.685,0.723,0.683,0.715,0.762
11,B1_1,0.399,0.599,0.529,0.736,1.0,0.808,0.786,0.509,0.642,0.529,0.791,0.815,0.843,0.696,0.685,0.707
11,B1_2,0.408,0.618,0.527,0.715,0.808,1.0,0.837,0.56,0.707,0.576,0.786,0.8,0.819,0.83,0.784,0.702
11,B1_3,0.418,0.682,0.533,0.72,0.786,0.837,1.0,0.549,0.692,0.605,0.852,0.829,0.809,0.806,0.801,0.689
11,A2_1,0.775,0.767,0.773,0.784,0.509,0.56,0.549,1.0,0.838,0.706,0.451,0.558,0.596,0.587,0.641,0.756
11,A2_2,0.685,0.71,0.788,0.821,0.642,0.707,0.692,0.838,1.0,0.676,0.606,0.702,0.748,0.672,0.824,0.81
11,A2_3,0.778,0.72,0.795,0.728,0.529,0.576,0.605,0.706,0.676,1.0,0.491,0.578,0.518,0.701,0.68,0.653
11,B2_1,0.267,0.574,0.339,0.596,0.791,0.786,0.852,0.451,0.606,0.491,1.0,0.825,0.789,0.754,0.742,0.563
11,B2_2,0.363,0.607,0.491,0.685,0.815,0.8,0.829,0.558,0.702,0.578,0.825,1.0,0.885,0.731,0.784,0.771
11,B2_3,0.416,0.613,0.552,0.723,0.843,0.819,0.809,0.596,0.748,0.518,0.789,0.885,1.0,0.749,0.779,0.799
11,y1,0.536,0.637,0.669,0.683,0.696,0.83,0.806,0.587,0.672,0.701,0.754,0.731,0.749,1.0,0.741,0.632
11,y2,0.51,0.68,0.637,0.715,0.685,0.784,0.801,0.641,0.824,0.68,0.742,0.784,0.779,0.741,1.0,0.715
11,y3,0.607,0.691,0.69,0.762,0.707,0.702,0.689,0.756,0.81,0.653,0.563,0.771,0.799,0.632,0.715,1.0
12,.,1.0,0.657,0.822,0.696,0.316,0.321,0.335,0.76,0.658,0.77,0.186,0.276,0.333,0.487,0.46,0.572
12,A1_1,0.657,1.0,0.667,0.73,0.568,0.586,0.652,0.764,0.71,0.718,0.541,0.576,0.584,0.625,0.67,0.684
12,A1_2,0.822,0.667,1.0,0.775,0.472,0.469,0.479,0.776,0.784,0.797,0.287,0.435,0.499,0.647,0.616,0.678
12,A1_3,0.696,0.73,0.775,1.0,0.715,0.694,0.701,0.775,0.82,0.72,0.577,0.664,0.704,0.674,0.707,0.756
12,B1_1,0.316,0.568,0.472,0.715,1.0,0.815,0.794,0.458,0.612,0.48,0.8,0.822,0.849,0.684,0.671,0.682
12,B1_2,0.321,0.586,0.469,0.694,0.815,1.0,0.843,0.507,0.676,0.527,0.797,0.809,0.825,0.821,0.772,0.679
12,B1_3,0.335,0.652,0.479,0.701,0.794,0.843,1.0,0.501,0.662,0.559,0.859,0.836,0.816,0.796,0.789,0.668
12,A2_1,0.76,0.764,0.776,0.775,0.458,0.507,0.501,1.0,0.835,0.706,0.4,0.506,0.546,0.566,0.622,0.745
12,A2_2,0.658,0.71,0.784,0.82,0.612,0.676,0.662,0.835,1.0,0.673,0.572,0.67,0.718,0.66,0.815,0.805
12,A2_3,0.77,0.718,0.797,0.72,0.48,0.527,0.559,0.706,0.673,1.0,0.442,0.529,0.473,0.683,0.663,0.641
12,B2_1,0.186,0.541,0.287,0.577,0.8,0.797,0.859,0.4,0.572,0.442,1.0,0.833,0.797,0.742,0.726,0.538
12,B2_2,0.276,0.576,0.435,0.664,0.822,0.809,0.836,0.506,0.67,0.529,0.833,1.0,0.889,0.722,0.77,0.746
12,B2_3,0.333,0.584,0.499,0.704,0.849,0.825,0.816,0.546,0.718,0.473,0.797,0.889,1.0,0.74,0.766,0.777
12,y1,0.487,0.625,0.647,0.674,0.684,0.821,0.796,0.566,0.66,0.683,0.742,0.722,0.74,1.0,0.736,0.622
12,y2,0.46,0.67,0.616,0.707,0.671,0.772,0.789,0.622,0.815,0.663,0.726,0.77,0.766,0.736,1.0,0.707
12,y3,0.572,0.684,0.678,0.756,0.682,0.679,0.668,0.745,0.805,0.641,0.538,0.746,0.777,0.622,0.707,1.0
13,.,1.0,0.634,0.815,0.661,0.222,0.224,0.243,0.745,0.63,0.762,0.096,0.18,0.241,0.437,0.407,0.536
13,A1_1,0.634,1.0,0.666,0.729,0.531,0.547,0.615,0.762,0.71,0.717,0.503,0.537,0.547,0.611,0.658,0.677
13,A1_2,0.815,0.666,1.0,0.764,0.406,0.403,0.417,0.78,0.781,0.801,0.227,0.37,0.437,0.623,0.594,0.667
13,A1_3,0.661,0.729,0.764,1.0,0.689,0.667,0.676,0.766,0.819,0.711,0.552,0.637,0.681,0.663,0.698,0.749
13,B1_1,0.222,0.531,0.406,0.689,1.0,0.823,0.803,0.397,0.573,0.42,0.81,0.829,0.855,0.668,0.651,0.649
13,B1_2,0.224,0.547,0.403,0.667,0.823,1.0,0.85,0.445,0.636,0.468,0.808,0.817,0.832,0.807,0.755,0.649
13,B1_3,0.243,0.615,0.417,0.676,0.803,0.85,1.0,0.443,0.624,0.503,0.866,0.844,0.824,0.783,0.772,0.64
13,A2_1,0.745,0.762,0.78,0.766,0.397,0.445,0.443,1.0,0.832,0.708,0.34,0.443,0.488,0.542,0.601,0.734
13,A2_2,0.63,0.71,0.781,0.819,0.573,0.636,0.624,0.832,1.0,0.67,0.532,0.63,0.679,0.646,0.804,0.8
13,A2_3,0.762,0.717,0.801,0.711,0.42,0.468,0.503,0.708,0.67,1.0,0.384,0.469,0.419,0.663,0.643,0.63
13,B2_1,0.096,0.503,0.227,0.552,0.81,0.808,0.866,0.34,0.532,0.384,1.0,0.842,0.805,0.725,0.706,0.507
13,B2_2,0.18,0.537,0.37,0.637,0.829,0.817,0.844,0.443,0.63,0.469,0.842,1.0,0.893,0.708,0.75,0.713
13,B2_3,0.241,0.547,0.437,0.681,0.855,0.832,0.824,0.488,0.679,0.419,0.805,0.893,1.0,0.727,0.748,0.748
13,y1,0.437,0.611,0.623,0.663,0.668,0.807,0.783,0.542,0.646,0.663,0.725,0.708,0.727,1.0,0.731,0.611
13,y2,0.407,0.658,0.594,0.698,0.651,0.755,0.772,0.601,0.804,0.643,0.706,0.75,0.748,0.731,1.0,0.696
13,y3,0.536,0.677,0.667,0.749,0.649,0.649,0.64,0.734,0.8,0.63,0.507,0.713,0.748,0.611,0.696,1.0
14,.,1.0,0.613,0.81,0.624,0.122,0.121,0.146,0.732,0.605,0.755,0.003,0.078,0.143,0.388,0.357,0.503
14,A1_1,0.613,1.0,0.668,0.727,0.485,0.5,0.571,0.76,0.712,0.717,0.457,0.491,0.504,0.597,0.646,0.67
14,A1_2,0.81,0.668,1.0,0.753,0.331,0.328,0.348,0.786,0.78,0.807,0.162,0.297,0.368,0.6,0.573,0.658
14,A1_3,0.624,0.727,0.753,1.0,0.657,0.634,0.646,0.756,0.817,0.701,0.521,0.604,0.651,0.652,0.689,0.742
14,B1_1,0.122,0.485,0.331,0.657,1.0,0.83,0.812,0.328,0.525,0.352,0.82,0.837,0.862,0.646,0.624,0.608
14,B1_2,0.121,0.5,0.328,0.634,0.83,1.0,0.857,0.374,0.587,0.4,0.818,0.826,0.839,0.788,0.731,0.611
14,B1_3,0.146,0.571,0.348,0.646,0.812,0.857,1.0,0.377,0.578,0.438,0.873,0.852,0.831,0.766,0.749,0.605
14,A2_1,0.732,0.76,0.786,0.756,0.328,0.374,0.377,1.0,0.831,0.712,0.273,0.372,0.42,0.519,0.581,0.724
14,A2_2,0.605,0.712,0.78,0.817,0.525,0.587,0.578,0.831,1.0,0.67,0.483,0.58,0.632,0.631,0.793,0.796
14,A2_3,0.755,0.717,0.807,0.701,0.352,0.4,0.438,0.712,0.67,1.0,0.317,0.399,0.356,0.642,0.623,0.619
14,B2_1,0.003,0.457,0.162,0.521,0.82,0.818,0.873,0.273,0.483,0.317,1.0,0.85,0.813,0.703,0.681,0.469
14,B2_2,0.078,0.491,0.297,0.604,0.837,0.826,0.852,0.372,0.58,0.399,0.85,1.0,0.897,0.689,0.724,0.672
14,B2_3,0.143,0.504,0.368,0.651,0.862,0.839,0.831,0.42,0.632,0.356,0.813,0.897,1.0,0.709,0.724,0.711
14,y1,0.388,0.597,0.6,0.652,0.646,0.788,0.766,0.519,0.631,0.642,0.703,0.689,0.709,1.0,0.725,0.598
14,y2,0.357,0.646,0.573,0.689,0.624,0.731,0.749,0.581,0.793,0.623,0.681,0.724,0.724,0.725,1.0,0.685
14,y3,0.503,0.67,0.658,0.742,0.608,0.611,0.605,0.724,0.796,0.619,0.469,0.672,0.711,0.598,0.685,1.0
15,.,1.0,0.595,0.805,0.589,0.02,0.017,0.047,0.721,0.583,0.751,-0.089,-0.024,0.043,0.343,0.311,0.474
15,A1_1,0.595,1.0,0.672,0.727,0.433,0.447,0.52,0.761,0.716,0.72,0.406,0.438,0.453,0.583,0.635,0.665
15,A1_2,0.805,0.672,1.0,0.743,0.251,0.249,0.273,0.794,0.781,0.814,0.093,0.22,0.292,0.579,0.556,0.651
15,A1_3,0.589,0.727,0.743,1.0,0.619,0.596,0.611,0.747,0.815,0.693,0.486,0.565,0.616,0.64,0.679,0.734
15,B1_1,0.02,0.433,0.251,0.619,1.0,0.838,0.822,0.252,0.469,0.275,0.83,0.845,0.869,0.618,0.591,0.558
15,B1_2,0.017,0.447,0.249,0.596,0.838,1.0,0.865,0.297,0.53,0.324,0.829,0.836,0.846,0.763,0.702,0.565
15,B1_3,0.047,0.52,0.273,0.611,0.822,0.865,1.0,0.305,0.524,0.366,0.88,0.861,0.84,0.743,0.72,0.563
15,A2_1,0.721,0.761,0.794,0.747,0.252,0.297,0.305,1.0,0.831,0.72,0.202,0.295,0.346,0.498,0.564,0.717
15,A2_2,0.583,0.716,0.781,0.815,0.469,0.53,0.524,0.831,1.0,0.672,0.429,0.523,0.577,0.616,0.782,0.793
15,A2_3,0.751,0.72,0.814,0.693,0.275,0.324,0.366,0.72,0.672,1.0,0.245,0.322,0.286,0.622,0.606,0.612
15,B2_1,-0.089,0.406,0.093,0.486,0.83,0.829,0.88,0.202,0.429,0.245,1.0,0.859,0.823,0.676,0.649,0.424
15,B2_2,-0.024,0.438,0.22,0.565,0.845,0.836,0.861,0.295,0.523,0.322,0.859,1.0,0.902,0.665,0.692,0.623
15,B2_3,0.043,0.453,0.292,0.616,0.869,0.846,0.84,0.346,0.577,0.286,0.823,0.902,1.0,0.687,0.694,0.666
15,y1,0.343,0.583,0.579,0.64,0.618,0.763,0.743,0.498,0.616,0.622,0.676,0.665,0.687,1.0,0.72,0.587
15,y2,0.311,0.635,0.556,0.679,0.591,0.702,0.72,0.564,0.782,0.606,0.649,0.692,0.694,0.72,1.0,0.675
15,y3,0.474,0.665,0.651,0.734,0.558,0.565,0.563,0.717,0.793,0.612,0.424,0.623,0.666,0.587,0.675,1.0
16,.,1.0,0.58,0.802,0.557,-0.079,-0.086,-0.052,0.713,0.566,0.748,-0.178,-0.124,-0.057,0.304,0.272,0.45
16,A1_1,0.58,1.0,0.68,0.728,0.374,0.386,0.461,0.765,0.722,0.724,0.349,0.379,0.396,0.571,0.626,0.661
16,A1_2,0.802,0.68,1.0,0.736,0.168,0.166,0.195,0.804,0.785,0.824,0.023,0.14,0.212,0.561,0.543,0.649
16,A1_3,0.557,0.728,0.736,1.0,0.574,0.551,0.57,0.739,0.814,0.686,0.447,0.522,0.574,0.627,0.669,0.727
16,B1_1,-0.079,0.374,0.168,0.574,1.0,0.847,0.833,0.172,0.406,0.195,0.841,0.854,0.876,0.584,0.551,0.499
16,B1_2,-0.086,0.386,0.166,0.551,0.847,1.0,0.873,0.216,0.466,0.243,0.841,0.846,0.855,0.732,0.665,0.511
16,B1_3,-0.052,0.461,0.195,0.57,0.833,0.873,1.0,0.229,0.463,0.288,0.888,0.87,0.849,0.715,0.685,0.513
16,A2_1,0.713,0.765,0.804,0.739,0.172,0.216,0.229,1.0,0.833,0.73,0.128,0.214,0.267,0.481,0.551,0.713
16,A2_2,0.566,0.722,0.785,0.814,0.406,0.466,0.463,0.833,1.0,0.678,0.368,0.459,0.514,0.603,0.772,0.791
16,A2_3,0.748,0.724,0.824,0.686,0.195,0.243,0.288,0.73,0.678,1.0,0.169,0.241,0.21,0.605,0.591,0.609
16,B2_1,-0.178,0.349,0.023,0.447,0.841,0.841,0.888,0.128,0.368,0.169,1.0,0.868,0.833,0.644,0.611,0.372
16,B2_2,-0.124,0.379,0.14,0.522,0.854,0.846,0.87,0.214,0.459,0.241,0.868,1.0,0.908,0.636,0.653,0.566
16,B2_3,-0.057,0.396,0.212,0.574,0.876,0.855,0.849,0.267,0.514,0.21,0.833,0.908,1.0,0.658,0.657,0.611
16,y1,0.304,0.571,0.561,0.627,0.584,0.732,0.715,0.481,0.603,0.605,0.644,0.636,0.658,1.0,0.715,0.577
16,y2,0.272,0.626,0.543,0.669,0.551,0.665,0.685,0.551,0.772,0.591,0.611,0.653,0.657,0.715,1.0,0.666
16,y3,0.45,0.661,0.649,0.727,0.499,0.511,0.513,0.713,0.791,0.609,0.372,0.566,0.611,0.577,0.666,1.0
17,.,1.0,0.57,0.799,0.53,-0.173,-0.182,-0.144,0.706,0.553,0.747,-0.259,-0.218,-0.151,0.273,0.243,0.433
17,A1_1,0.57,1.0,0.691,0.73,0.312,0.323,0.399,0.771,0.731,0.732,0.29,0.316,0.335,0.561,0.62,0.661
17,A1_2,0.799,0.691,1.0,0.73,0.085,0.084,0.117,0.815,0.792,0.834,-0.043,0.061,0.132,0.549,0.536,0.651
17,A1_3,0.53,0.73,0.73,1.0,0.526,0.503,0.524,0.734,0.813,0.681,0.405,0.474,0.528,0.616,0.66,0.72
17,B1_1,-0.173,0.312,0.085,0.526,1.0,0.857,0.844,0.094,0.338,0.113,0.852,0.863,0.885,0.545,0.504,0.435
17,B1_2,-0.182,0.323,0.084,0.503,0.857,1.0,0.882,0.135,0.397,0.161,0.853,0.857,0.865,0.696,0.62,0.451
17,B1_3,-0.144,0.399,0.117,0.524,0.844,0.882,1.0,0.154,0.397,0.208,0.896,0.879,0.86,0.68,0.642,0.457
17,A2_1,0.706,0.771,0.815,0.734,0.094,0.135,0.154,1.0,0.838,0.744,0.058,0.134,0.187,0.47,0.545,0.713
17,A2_2,0.553,0.731,0.792,0.813,0.338,0.397,0.397,0.838,1.0,0.688,0.305,0.39,0.444,0.593,0.764,0.791
17,A2_3,0.747,0.732,0.834,0.681,0.113,0.161,0.208,0.744,0.688,1.0,0.094,0.159,0.132,0.592,0.583,0.61
17,B2_1,-0.259,0.29,-0.043,0.405,0.852,0.853,0.896,0.058,0.305,0.094,1.0,0.878,0.844,0.608,0.567,0.318
17,B2_2,-0.218,0.316,0.061,0.474,0.863,0.857,0.879,0.134,0.39,0.159,0.878,1.0,0.914,0.601,0.607,0.503
17,B2_3,-0.151,0.335,0.132,0.528,0.885,0.865,0.86,0.187,0.444,0.132,0.844,0.914,1.0,0.624,0.612,0.549
17,y1,0.273,0.561,0.549,0.616,0.545,0.696,0.68,0.47,0.593,0.592,0.608,0.601,0.624,1.0,0.712,0.57
17,y2,0.243,0.62,0.536,0.66,0.504,0.62,0.642,0.545,0.764,0.583,0.567,0.607,0.612,0.712,1.0,0.661
17,y3,0.433,0.661,0.651,0.72,0.435,0.451,0.457,0.713,0.791,0.61,0.318,0.503,0.549,0.57,0.661,1.0
18,.,1.0,0.563,0.796,0.507,-0.259,-0.27,-0.229,0.7,0.545,0.746,-0.334,-0.304,-0.24,0.253,0.223,0.423
18,A1_1,0.563,1.0,0.705,0.736,0.248,0.258,0.335,0.779,0.743,0.742,0.231,0.253,0.272,0.557,0.619,0.665
18,A1_2,0.796,0.705,1.0,0.729,0.006,0.005,0.042,0.827,0.801,0.846,-0.107,-0.015,0.054,0.545,0.537,0.659
18,A1_3,0.507,0.736,0.729,1.0,0.473,0.451,0.475,0.732,0.814,0.68,0.36,0.422,0.477,0.607,0.654,0.715
18,B1_1,-0.259,0.248,0.006,0.473,1.0,0.866,0.855,0.017,0.266,0.032,0.862,0.873,0.893,0.499,0.451,0.364
18,B1_2,-0.27,0.258,0.005,0.451,0.866,1.0,0.891,0.057,0.323,0.079,0.865,0.868,0.875,0.651,0.569,0.385
18,B1_3,-0.229,0.335,0.042,0.475,0.855,0.891,1.0,0.08,0.328,0.129,0.903,0.889,0.87,0.639,0.591,0.396
18,A2_1,0.7,0.779,0.827,0.732,0.017,0.057,0.08,1.0,0.845,0.759,-0.01,0.057,0.109,0.467,0.546,0.718
18,A2_2,0.545,0.743,0.801,0.814,0.266,0.323,0.328,0.845,1.0,0.702,0.239,0.317,0.37,0.588,0.759,0.794
18,A2_3,0.746,0.742,0.846,0.68,0.032,0.079,0.129,0.759,0.702,1.0,0.021,0.077,0.055,0.585,0.581,0.617
18,B2_1,-0.334,0.231,-0.107,0.36,0.862,0.865,0.903,-0.01,0.239,0.021,1.0,0.887,0.856,0.564,0.517,0.258
18,B2_2,-0.304,0.253,-0.015,0.422,0.873,0.868,0.889,0.057,0.317,0.077,0.887,1.0,0.92,0.56,0.554,0.433
18,B2_3,-0.24,0.272,0.054,0.477,0.893,0.875,0.87,0.109,0.37,0.055,0.856,0.92,1.0,0.582,0.561,0.48
18,y1,0.253,0.557,0.545,0.607,0.499,0.651,0.639,0.467,0.588,0.585,0.564,0.56,0.582,1.0,0.712,0.567
18,y2,0.223,0.619,0.537,0.654,0.451,0.569,0.591,0.546,0.759,0.581,0.517,0.554,0.561,0.712,1.0,0.66
18,y3,0.423,0.665,0.659,0.715,0.364,0.385,0.396,0.718,0.794,0.617,0.258,0.433,0.48,0.567,0.66,1.0
19,.,1.0,0.559,0.794,0.492,-0.336,-0.349,-0.307,0.696,0.542,0.746,-0.4,-0.38,-0.32,0.245,0.215,0.419
19,A1_1,0.559,1.0,0.721,0.744,0.185,0.194,0.27,0.79,0.758,0.755,0.172,0.191,0.209,0.56,0.623,0.674
19,A1_2,0.794,0.721,1.0,0.732,-0.067,-0.066,-0.027,0.84,0.812,0.859,-0.164,-0.083,-0.019,0.551,0.547,0.671
19,A1_3,0.492,0.744,0.732,1.0,0.417,0.396,0.422,0.735,0.818,0.684,0.312,0.369,0.422,0.602,0.65,0.712
19,B1_1,-0.336,0.185,-0.067,0.417,1.0,0.875,0.866,-0.054,0.195,-0.044,0.872,0.881,0.901,0.443,0.391,0.29
19,B1_2,-0.349,0.194,-0.066,0.396,0.875,1.0,0.9,-0.016,0.25,0.002,0.876,0.879,0.884,0.597,0.51,0.316
19,B1_3,-0.307,0.27,-0.027,0.422,0.866,0.9,1.0,0.009,0.257,0.052,0.911,0.899,0.881,0.587,0.533,0.331
19,A2_1,0.696,0.79,0.84,0.735,-0.054,-0.016,0.009,1.0,0.854,0.777,-0.073,-0.015,0.035,0.476,0.556,0.729
19,A2_2,0.542,0.758,0.812,0.818,0.195,0.25,0.257,0.854,1.0,0.719,0.174,0.246,0.295,0.59,0.758,0.8
19,A2_3,0.746,0.755,0.859,0.684,-0.044,0.002,0.052,0.777,0.719,1.0,-0.048,0.001,-0.018,0.589,0.587,0.631
19,B2_1,-0.4,0.172,-0.164,0.312,0.872,0.876,0.911,-0.073,0.174,-0.048,1.0,0.896,0.866,0.512,0.46,0.197
19,B2_2,-0.38,0.191,-0.083,0.369,0.881,0.879,0.899,-0.015,0.246,0.001,0.896,1.0,0.926,0.509,0.495,0.361
19,B2_3,-0.32,0.209,-0.019,0.422,0.901,0.884,0.881,0.035,0.295,-0.018,0.866,0.926,1.0,0.531,0.501,0.407
19,y1,0.245,0.56,0.551,0.602,0.443,0.597,0.587,0.476,0.59,0.589,0.512,0.509,0.531,1.0,0.716,0.573
19,y2,0.215,0.623,0.547,0.65,0.391,0.51,0.533,0.556,0.758,0.587,0.46,0.495,0.501,0.716,1.0,0.665
19,y3,0.419,0.674,0.671,0.712,0.29,0.316,0.331,0.729,0.8,0.631,0.197,0.361,0.407,0.573,0.665,1.0
20,.,1.0,0.557,0.791,0.48,-0.402,-0.417,-0.374,0.691,0.54,0.744,-0.457,-0.446,-0.39,0.246,0.215,0.418
20,A1_1,0.557,1.0,0.739,0.756,0.126,0.134,0.208,0.803,0.774,0.77,0.118,0.132,0.149,0.569,0.633,0.686
20,A1_2,0.791,0.739,1.0,0.739,-0.132,-0.131,-0.09,0.853,0.825,0.871,-0.214,-0.145,-0.086,0.564,0.564,0.686
20,A1_3,0.48,0.756,0.739,1.0,0.36,0.34,0.367,0.743,0.823,0.692,0.264,0.314,0.366,0.601,0.65,0.713
20,B1_1,-0.402,0.126,-0.132,0.36,1.0,0.884,0.877,-0.115,0.129,-0.111,0.882,0.89,0.909,0.384,0.328,0.219
20,B1_2,-0.417,0.134,-0.131,0.34,0.884,1.0,0.908,-0.078,0.182,-0.066,0.886,0.889,0.894,0.538,0.447,0.249
20,B1_3,-0.374,0.208,-0.09,0.367,0.877,0.908,1.0,-0.051,0.191,-0.017,0.918,0.908,0.891,0.531,0.471,0.268
20,A2_1,0.691,0.803,0.853,0.743,-0.115,-0.078,-0.051,1.0,0.864,0.795,-0.126,-0.076,-0.03,0.494,0.574,0.742
20,A2_2,0.54,0.774,0.825,0.823,0.129,0.182,0.191,0.864,1.0,0.739,0.115,0.178,0.223,0.599,0.761,0.809
20,A2_3,0.744,0.77,0.871,0.692,-0.111,-0.066,-0.017,0.795,0.739,1.0,-0.108,-0.067,-0.084,0.6,0.601,0.648
20,B2_1,-0.457,0.118,-0.214,0.264,0.882,0.886,0.918,-0.126,0.115,-0.108,1.0,0.904,0.877,0.456,0.4,0.14
20,B2_2,-0.446,0.132,-0.145,0.314,0.89,0.889,0.908,-0.076,0.178,-0.067,0.904,1.0,0.932,0.455,0.432,0.291
20,B2_3,-0.39,0.149,-0.086,0.366,0.909,0.894,0.891,-0.03,0.223,-0.084,0.877,0.932,1.0,0.475,0.438,0.334
20,y1,0.246,0.569,0.564,0.601,0.384,0.538,0.531,0.494,0.599,0.6,0.456,0.455,0.475,1.0,0.724,0.586
20,y2,0.215,0.633,0.564,0.65,0.328,0.447,0.471,0.574,0.761,0.601,0.4,0.432,0.438,0.724,1.0,0.676
20,y3,0.418,0.686,0.686,0.713,0.219,0.249,0.268,0.742,0.809,0.648,0.14,0.291,0.334,0.586,0.676,1.0
21,.,1.0,0.552,0.785,0.472,-0.461,-0.476,-0.435,0.683,0.535,0.739,-0.507,-0.504,-0.453,0.247,0.212,0.414
21,A1_1,0.552,1.0,0.756,0.769,0.072,0.08,0.151,0.816,0.79,0.784,0.069,0.079,0.094,0.581,0.642,0.698
21,A1_2,0.785,0.756,1.0,0.751,-0.187,-0.185,-0.145,0.864,0.837,0.882,-0.257,-0.198,-0.144,0.581,0.581,0.701
21,A1_3,0.472,0.769,0.751,1.0,0.301,0.283,0.31,0.754,0.831,0.705,0.215,0.257,0.306,0.601,0.651,0.715
21,B1_1,-0.461,0.072,-0.187,0.301,1.0,0.892,0.887,-0.166,0.068,-0.169,0.891,0.898,0.916,0.326,0.269,0.152
21,B1_2,-0.476,0.08,-0.185,0.283,0.892,1.0,0.916,-0.13,0.12,-0.125,0.896,0.899,0.903,0.479,0.389,0.187
21,B1_3,-0.435,0.151,-0.145,0.31,0.887,0.916,1.0,-0.104,0.129,-0.077,0.924,0.917,0.901,0.473,0.411,0.207
21,A2_1,0.683,0.816,0.864,0.754,-0.166,-0.13,-0.104,1.0,0.874,0.812,-0.17,-0.128,-0.088,0.516,0.593,0.756
21,A2_2,0.535,0.79,0.837,0.831,0.068,0.12,0.129,0.874,1.0,0.758,0.06,0.116,0.156,0.611,0.765,0.818
21,A2_3,0.739,0.784,0.882,0.705,-0.169,-0.125,-0.077,0.812,0.758,1.0,-0.16,-0.126,-0.143,0.614,0.616,0.667
21,B2_1,-0.507,0.069,-0.257,0.215,0.891,0.896,0.924,-0.17,0.06,-0.16,1.0,0.912,0.887,0.401,0.345,0.087
21,B2_2,-0.504,0.079,-0.198,0.257,0.898,0.899,0.917,-0.128,0.116,-0.126,0.912,1.0,0.938,0.4,0.372,0.224
21,B2_3,-0.453,0.094,-0.144,0.306,0.916,0.903,0.901,-0.088,0.156,-0.143,0.887,0.938,1.0,0.418,0.377,0.263
21,y1,0.247,0.581,0.581,0.601,0.326,0.479,0.473,0.516,0.611,0.614,0.401,0.4,0.418,1.0,0.736,0.604
21,y2,0.212,0.642,0.581,0.651,0.269,0.389,0.411,0.593,0.765,0.616,0.345,0.372,0.377,0.736,1.0,0.69
21,y3,0.414,0.698,0.701,0.715,0.152,0.187,0.207,0.756,0.818,0.667,0.087,0.224,0.263,0.604,0.69,1.0
22,.,1.0,0.545,0.776,0.464,-0.511,-0.527,-0.487,0.675,0.53,0.731,-0.551,-0.554,-0.507,0.25,0.213,0.408
22,A1_1,0.545,1.0,0.773,0.784,0.025,0.033,0.101,0.829,0.807,0.799,0.026,0.034,0.047,0.596,0.655,0.711
22,A1_2,0.776,0.773,1.0,0.763,-0.233,-0.229,-0.19,0.874,0.849,0.893,-0.29,-0.24,-0.191,0.6,0.601,0.716
22,A1_3,0.464,0.784,0.763,1.0,0.247,0.231,0.258,0.767,0.839,0.719,0.171,0.207,0.253,0.605,0.656,0.72
22,B1_1,-0.511,0.025,-0.233,0.247,1.0,0.9,0.897,-0.21,0.014,-0.216,0.899,0.906,0.923,0.269,0.214,0.096
22,B1_2,-0.527,0.033,-0.229,0.231,0.9,1.0,0.924,-0.175,0.064,-0.174,0.904,0.907,0.912,0.42,0.332,0.136
22,B1_3,-0.487,0.101,-0.19,0.258,0.897,0.924,1.0,-0.149,0.074,-0.128,0.931,0.925,0.91,0.416,0.353,0.157
22,A2_1,0.675,0.829,0.874,0.767,-0.21,-0.175,-0.149,1.0,0.885,0.828,-0.207,-0.172,-0.135,0.541,0.614,0.768
22,A2_2,0.53,0.807,0.849,0.839,0.014,0.064,0.074,0.885,1.0,0.778,0.013,0.062,0.097,0.627,0.771,0.827
22,A2_3,0.731,0.799,0.893,0.719,-0.216,-0.174,-0.128,0.828,0.778,1.0,-0.202,-0.173,-0.189,0.633,0.635,0.686
22,B2_1,-0.551,0.026,-0.29,0.171,0.899,0.904,0.931,-0.207,0.013,-0.202,1.0,0.919,0.896,0.347,0.292,0.045
22,B2_2,-0.554,0.034,-0.24,0.207,0.906,0.907,0.925,-0.172,0.062,-0.173,0.919,1.0,0.943,0.348,0.316,0.17
22,B2_3,-0.507,0.047,-0.191,0.253,0.923,0.912,0.91,-0.135,0.097,-0.189,0.896,0.943,1.0,0.363,0.319,0.205
22,y1,0.25,0.596,0.6,0.605,0.269,0.42,0.416,0.541,0.627,0.633,0.347,0.348,0.363,1.0,0.752,0.628
22,y2,0.213,0.655,0.601,0.656,0.214,0.332,0.353,0.614,0.771,0.635,0.292,0.316,0.319,0.752,1.0,0.709
22,y3,0.408,0.711,0.716,0.72,0.096,0.136,0.157,0.768,0.827,0.686,0.045,0.17,0.205,0.628,0.709,1.0
23,.,1.0,0.535,0.765,0.455,-0.555,-0.571,-0.533,0.661,0.524,0.72,-0.589,-0.597,-0.553,0.255,0.209,0.395
23,A1_1,0.535,1.0,0.789,0.8,-0.013,-0.006,0.058,0.841,0.823,0.813,-0.008,-0.004,0.007,0.613,0.667,0.723
23,A1_2,0.765,0.789,1.0,0.778,-0.269,-0.264,-0.227,0.883,0.861,0.902,-0.316,-0.273,-0.229,0.622,0.619,0.727
23,A1_3,0.455,0.8,0.778,1.0,0.197,0.183,0.209,0.782,0.848,0.735,0.13,0.16,0.203,0.611,0.662,0.726
23,B1_1,-0.555,-0.013,-0.269,0.197,1.0,0.908,0.905,-0.242,-0.033,-0.254,0.906,0.913,0.929,0.215,0.169,0.052
23,B1_2,-0.571,-0.006,-0.264,0.183,0.908,1.0,0.93,-0.209,0.015,-0.212,0.912,0.915,0.92,0.364,0.285,0.096
23,B1_3,-0.533,0.058,-0.227,0.209,0.905,0.93,1.0,-0.183,0.025,-0.169,0.936,0.932,0.918,0.359,0.304,0.118
23,A2_1,0.661,0.841,0.883,0.782,-0.242,-0.209,-0.183,1.0,0.895,0.843,-0.234,-0.204,-0.172,0.569,0.634,0.779
23,A2_2,0.524,0.823,0.861,0.848,-0.033,0.015,0.025,0.895,1.0,0.798,-0.03,0.013,0.044,0.646,0.776,0.835
23,A2_3,0.72,0.813,0.902,0.735,-0.254,-0.212,-0.169,0.843,0.798,1.0,-0.235,-0.211,-0.227,0.654,0.653,0.703
23,B2_1,-0.589,-0.008,-0.316,0.13,0.906,0.912,0.936,-0.234,-0.03,-0.235,1.0,0.926,0.905,0.295,0.248,0.014
23,B2_2,-0.597,-0.004,-0.273,0.16,0.913,0.915,0.932,-0.204,0.013,-0.211,0.926,1.0,0.948,0.297,0.27,0.128
23,B2_3,-0.553,0.007,-0.229,0.203,0.929,0.92,0.918,-0.172,0.044,-0.227,0.905,0.948,1.0,0.309,0.271,0.158
23,y1,0.255,0.613,0.622,0.611,0.215,0.364,0.359,0.569,0.646,0.654,0.295,0.297,0.309,1.0,0.771,0.656
23,y2,0.209,0.667,0.619,0.662,0.169,0.285,0.304,0.634,0.776,0.653,0.248,0.27,0.271,0.771,1.0,0.73
23,y3,0.395,0.723,0.727,0.726,0.052,0.096,0.118,0.779,0.835,0.703,0.014,0.128,0.158,0.656,0.73,1.0
24,.,1.0,0.523,0.751,0.449,-0.591,-0.607,-0.573,0.645,0.511,0.705,-0.622,-0.633,-0.594,0.252,0.203,0.377
24,A1_1,0.523,1.0,0.805,0.817,-0.045,-0.037,0.021,0.853,0.838,0.827,-0.038,-0.036,-0.027,0.628,0.679,0.735
24,A1_2,0.751,0.805,1.0,0.796,-0.297,-0.291,-0.256,0.892,0.872,0.91,-0.336,-0.299,-0.261,0.64,0.637,0.737
24,A1_3,0.449,0.817,0.796,1.0,0.146,0.134,0.158,0.8,0.86,0.756,0.086,0.112,0.15,0.618,0.669,0.734
24,B1_1,-0.591,-0.045,-0.297,0.146,1.0,0.914,0.913,-0.265,-0.069,-0.282,0.913,0.919,0.935,0.172,0.131,0.02
24,B1_2,-0.607,-0.037,-0.291,0.134,0.914,1.0,0.936,-0.232,-0.021,-0.241,0.919,0.922,0.927,0.318,0.246,0.068
24,B1_3,-0.573,0.021,-0.256,0.158,0.913,0.936,1.0,-0.209,-0.013,-0.201,0.941,0.938,0.926,0.314,0.262,0.088
24,A2_1,0.645,0.853,0.892,0.8,-0.265,-0.232,-0.209,1.0,0.904,0.857,-0.253,-0.228,-0.201,0.593,0.654,0.788
24,A2_2,0.511,0.838,0.872,0.86,-0.069,-0.021,-0.013,0.904,1.0,0.816,-0.061,-0.024,0.001,0.663,0.783,0.843
24,A2_3,0.705,0.827,0.91,0.756,-0.282,-0.241,-0.201,0.857,0.816,1.0,-0.261,-0.24,-0.256,0.672,0.671,0.718
24,B2_1,-0.622,-0.038,-0.336,0.086,0.913,0.919,0.941,-0.253,-0.061,-0.261,1.0,0.931,0.912,0.254,0.211,-0.007
24,B2_2,-0.633,-0.036,-0.299,0.112,0.919,0.922,0.938,-0.228,-0.024,-0.24,0.931,1.0,0.953,0.256,0.23,0.096
24,B2_3,-0.594,-0.027,-0.261,0.15,0.935,0.927,0.926,-0.201,0.001,-0.256,0.912,0.953,1.0,0.265,0.228,0.121
24,y1,0.252,0.628,0.64,0.618,0.172,0.318,0.314,0.593,0.663,0.672,0.254,0.256,0.265,1.0,0.789,0.684
24,y2,0.203,0.679,0.637,0.669,0.131,0.246,0.262,0.654,0.783,0.671,0.211,0.23,0.228,0.789,1.0,0.752
24,y3,0.377,0.735,0.737,0.734,0.02,0.068,0.088,0.788,0.843,0.718,-0.007,0.096,0.121,0.684,0.752,1.0
25,.,1.0,0.504,0.732,0.434,-0.624,-0.64,-0.608,0.624,0.497,0.685,-0.651,-0.665,-0.629,0.244,0.184,0.349
25,A1_1,0.504,1.0,0.818,0.832,-0.07,-0.062,-0.008,0.864,0.851,0.839,-0.06,-0.059,-0.053,0.641,0.686,0.743
25,A1_2,0.732,0.818,1.0,0.81,-0.318,-0.311,-0.278,0.899,0.882,0.917,-0.349,-0.318,-0.284,0.656,0.647,0.742
25,A1_3,0.434,0.832,0.81,1.0,0.106,0.096,0.118,0.815,0.869,0.772,0.055,0.076,0.109,0.624,0.673,0.74
25,B1_1,-0.624,-0.07,-0.318,0.106,1.0,0.92,0.92,-0.283,-0.101,-0.302,0.919,0.925,0.94,0.137,0.109,0.001
25,B1_2,-0.64,-0.062,-0.311,0.096,0.92,1.0,0.942,-0.25,-0.055,-0.263,0.925,0.929,0.933,0.279,0.221,0.053
25,B1_3,-0.608,-0.008,-0.278,0.118,0.92,0.942,1.0,-0.229,-0.047,-0.226,0.946,0.944,0.933,0.274,0.235,0.072
25,A2_1,0.624,0.864,0.899,0.815,-0.283,-0.25,-0.229,1.0,0.913,0.869,-0.267,-0.246,-0.223,0.614,0.665,0.793
25,A2_2,0.497,0.851,0.882,0.869,-0.101,-0.055,-0.047,0.913,1.0,0.832,-0.089,-0.057,-0.036,0.677,0.784,0.847
25,A2_3,0.685,0.839,0.917,0.772,-0.302,-0.263,-0.226,0.869,0.832,1.0,-0.278,-0.261,-0.278,0.688,0.681,0.729
25,B2_1,-0.651,-0.06,-0.349,0.055,0.919,0.925,0.946,-0.267,-0.089,-0.278,1.0,0.936,0.919,0.219,0.189,-0.015
25,B2_2,-0.665,-0.059,-0.318,0.076,0.925,0.929,0.944,-0.246,-0.057,-0.261,0.936,1.0,0.957,0.222,0.206,0.079
25,B2_3,-0.629,-0.053,-0.284,0.109,0.94,0.933,0.933,-0.223,-0.036,-0.278,0.919,0.957,1.0,0.228,0.202,0.099
