,,.,A1_1,A1_2,A1_3,B1_1,B1_2,B1_3,A2_1,A2_2,A2_3,B2_1,B2_2,B2_3,y1,y2,y3
0,.,1.0,0.873,0.915,0.825,0.885,0.891,0.874,0.868,0.844,0.856,0.81,0.872,0.849,0.891,0.914,0.915
0,A1_1,0.873,1.0,0.838,0.725,0.831,0.795,0.802,0.761,0.777,0.819,0.743,0.759,0.747,0.813,0.883,0.847
0,A1_2,0.915,0.838,1.0,0.927,0.907,0.907,0.914,0.932,0.881,0.864,0.801,0.901,0.855,0.887,0.877,0.909
0,A1_3,0.825,0.725,0.927,1.0,0.874,0.873,0.805,0.929,0.847,0.808,0.633,0.785,0.734,0.85,0.797,0.842
0,B1_1,0.885,0.831,0.907,0.874,1.0,0.914,0.919,0.866,0.807,0.82,0.782,0.872,0.871,0.902,0.904,0.935
0,B1_2,0.891,0.795,0.907,0.873,0.914,1.0,0.891,0.85,0.803,0.786,0.723,0.84,0.827,0.895,0.868,0.934
0,B1_3,0.874,0.802,0.914,0.805,0.919,0.891,1.0,0.862,0.838,0.846,0.906,0.938,0.941,0.911,0.912,0.947
0,A2_1,0.868,0.761,0.932,0.929,0.866,0.85,0.862,1.0,0.925,0.898,0.767,0.899,0.832,0.861,0.845,0.86
0,A2_2,0.844,0.777,0.881,0.847,0.807,0.803,0.838,0.925,1.0,0.973,0.777,0.848,0.805,0.858,0.86,0.83
0,A2_3,0.856,0.819,0.864,0.808,0.82,0.786,0.846,0.898,0.973,1.0,0.817,0.849,0.81,0.845,0.867,0.847
0,B2_1,0.81,0.743,0.801,0.633,0.782,0.723,0.906,0.767,0.777,0.817,1.0,0.933,0.951,0.799,0.833,0.819
0,B2_2,0.872,0.759,0.901,0.785,0.872,0.84,0.938,0.899,0.848,0.849,0.933,1.0,0.956,0.869,0.866,0.872
0,B2_3,0.849,0.747,0.855,0.734,0.871,0.827,0.941,0.832,0.805,0.81,0.951,0.956,1.0,0.861,0.857,0.872
0,y1,0.891,0.813,0.887,0.85,0.902,0.895,0.911,0.861,0.858,0.845,0.799,0.869,0.861,1.0,0.947,0.954
0,y2,0.914,0.883,0.877,0.797,0.904,0.868,0.912,0.845,0.86,0.867,0.833,0.866,0.857,0.947,1.0,0.942
0,y3,0.915,0.847,0.909,0.842,0.935,0.934,0.947,0.86,0.83,0.847,0.819,0.872,0.872,0.954,0.942,1.0
500,.,1.0,-0.121,-0.232,-0.259,-0.174,-0.131,-0.133,-0.168,-0.153,-0.086,-0.165,-0.205,-0.162,-0.142,-0.272,-0.269
500,A1_1,-0.121,1.0,0.852,0.789,0.054,0.166,0.127,0.85,0.934,0.915,0.061,0.119,0.092,-0.528,-0.427,-0.522
500,A1_2,-0.232,0.852,1.0,0.921,-0.019,0.065,0.027,0.905,0.913,0.872,-0.09,-0.033,-0.082,-0.449,-0.364,-0.429
500,A1_3,-0.259,0.789,0.921,1.0,-0.116,-0.044,-0.094,0.899,0.906,0.835,-0.256,-0.169,-0.216,-0.32,-0.264,-0.346
500,B1_1,-0.174,0.054,-0.019,-0.116,1.0,0.954,0.956,-0.189,-0.07,-0.078,0.823,0.864,0.843,-0.402,-0.228,-0.224
500,B1_2,-0.131,0.166,0.065,-0.044,0.954,1.0,0.947,-0.094,0.028,0.014,0.821,0.843,0.84,-0.472,-0.301,-0.324
500,B1_3,-0.133,0.127,0.027,-0.094,0.956,0.947,1.0,-0.101,0.012,0.002,0.871,0.854,0.862,-0.465,-0.29,-0.296
500,A2_1,-0.168,0.85,0.905,0.899,-0.189,-0.094,-0.101,1.0,0.945,0.899,-0.199,-0.16,-0.18,-0.371,-0.328,-0.404
500,A2_2,-0.153,0.934,0.913,0.906,-0.07,0.028,0.012,0.945,1.0,0.957,-0.114,-0.058,-0.073,-0.455,-0.389,-0.472
500,A2_3,-0.086,0.915,0.872,0.835,-0.078,0.014,0.002,0.899,0.957,1.0,-0.13,-0.055,-0.087,-0.434,-0.398,-0.449
500,B2_1,-0.165,0.061,-0.09,-0.256,0.823,0.821,0.871,-0.199,-0.114,-0.13,1.0,0.939,0.958,-0.354,-0.215,-0.184
500,B2_2,-0.205,0.119,-0.033,-0.169,0.864,0.843,0.854,-0.16,-0.058,-0.055,0.939,1.0,0.973,-0.326,-0.206,-0.176
500,B2_3,-0.162,0.092,-0.082,-0.216,0.843,0.84,0.862,-0.18,-0.073,-0.087,0.958,0.973,1.0,-0.32,-0.21,-0.16
500,y1,-0.142,-0.528,-0.449,-0.32,-0.402,-0.472,-0.465,-0.371,-0.455,-0.434,-0.354,-0.326,-0.32,1.0,0.935,0.933
500,y2,-0.272,-0.427,-0.364,-0.264,-0.228,-0.301,-0.29,-0.328,-0.389,-0.398,-0.215,-0.206,-0.21,0.935,1.0,0.921
500,y3,-0.269,-0.522,-0.429,-0.346,-0.224,-0.324,-0.296,-0.404,-0.472,-0.449,-0.184,-0.176,-0.16,0.933,0.921,1.0
1000,.,1.0,-0.092,-0.12,-0.12,-0.204,-0.219,-0.189,-0.004,-0.057,-0.183,-0.169,-0.213,-0.14,-0.244,-0.307,-0.26
1000,A1_1,-0.092,1.0,0.846,0.881,-0.058,0.071,0.002,0.798,0.843,0.702,-0.058,0.062,-0.04,-0.333,-0.337,-0.433
1000,A1_2,-0.12,0.846,1.0,0.951,-0.114,0.01,-0.05,0.865,0.917,0.835,-0.184,-0.078,-0.163,-0.259,-0.244,-0.332
1000,A1_3,-0.12,0.881,0.951,1.0,-0.1,0.01,-0.043,0.879,0.909,0.868,-0.185,-0.087,-0.146,-0.298,-0.287,-0.385
1000,B1_1,-0.204,-0.058,-0.114,-0.1,1.0,0.921,0.933,-0.281,-0.264,-0.175,0.844,0.862,0.879,-0.526,-0.414,-0.357
1000,B1_2,-0.219,0.071,0.01,0.01,0.921,1.0,0.957,-0.203,-0.1,-0.043,0.816,0.848,0.899,-0.545,-0.47,-0.432
1000,B1_3,-0.189,0.002,-0.05,-0.043,0.933,0.957,1.0,-0.185,-0.192,-0.131,0.892,0.849,0.921,-0.55,-0.442,-0.371
1000,A2_1,-0.004,0.798,0.865,0.879,-0.281,-0.203,-0.185,1.0,0.832,0.716,-0.212,-0.203,-0.231,-0.156,-0.143,-0.183
1000,A2_2,-0.057,0.843,0.917,0.909,-0.264,-0.1,-0.192,0.832,1.0,0.885,-0.352,-0.205,-0.278,-0.168,-0.212,-0.304
1000,A2_3,-0.183,0.702,0.835,0.868,-0.175,-0.043,-0.131,0.716,0.885,1.0,-0.347,-0.207,-0.256,-0.189,-0.197,-0.328
1000,B2_1,-0.169,-0.058,-0.184,-0.185,0.844,0.816,0.892,-0.212,-0.352,-0.347,1.0,0.889,0.937,-0.444,-0.356,-0.25
1000,B2_2,-0.213,0.062,-0.078,-0.087,0.862,0.848,0.849,-0.203,-0.205,-0.207,0.889,1.0,0.939,-0.424,-0.333,-0.296
1000,B2_3,-0.14,-0.04,-0.163,-0.146,0.879,0.899,0.921,-0.231,-0.278,-0.256,0.937,0.939,1.0,-0.433,-0.366,-0.285
1000,y1,-0.244,-0.333,-0.259,-0.298,-0.526,-0.545,-0.55,-0.156,-0.168,-0.189,-0.444,-0.424,-0.433,1.0,0.933,0.92
1000,y2,-0.307,-0.337,-0.244,-0.287,-0.414,-0.47,-0.442,-0.143,-0.212,-0.197,-0.356,-0.333,-0.366,0.933,1.0,0.919
1000,y3,-0.26,-0.433,-0.332,-0.385,-0.357,-0.432,-0.371,-0.183,-0.304,-0.328,-0.25,-0.296,-0.285,0.92,0.919,1.0
1500,.,1.0,-0.053,-0.024,-0.006,0.008,-0.017,-0.057,-0.024,-0.018,-0.137,-0.02,-0.037,0.156,-0.419,-0.418,-0.423
1500,A1_1,-0.053,1.0,0.731,0.532,-0.004,0.011,-0.023,0.601,0.512,0.567,0.06,0.134,0.083,-0.334,-0.283,-0.344
1500,A1_2,-0.024,0.731,1.0,0.801,-0.137,-0.138,-0.111,0.844,0.705,0.783,-0.156,-0.07,-0.175,-0.215,-0.241,-0.217
1500,A1_3,-0.006,0.532,0.801,1.0,-0.143,-0.114,-0.022,0.871,0.751,0.715,-0.111,-0.139,-0.144,-0.255,-0.297,-0.261
1500,B1_1,0.008,-0.004,-0.137,-0.143,1.0,0.868,0.897,-0.26,-0.382,-0.262,0.822,0.815,0.859,-0.285,-0.166,-0.155
1500,B1_2,-0.017,0.011,-0.138,-0.114,0.868,1.0,0.914,-0.233,-0.254,-0.179,0.761,0.749,0.779,-0.337,-0.163,-0.234
1500,B1_3,-0.057,-0.023,-0.111,-0.022,0.897,0.914,1.0,-0.146,-0.254,-0.136,0.846,0.798,0.826,-0.31,-0.198,-0.206
1500,A2_1,-0.024,0.601,0.844,0.871,-0.26,-0.233,-0.146,1.0,0.871,0.891,-0.284,-0.227,-0.267,-0.2,-0.24,-0.23
1500,A2_2,-0.018,0.512,0.705,0.751,-0.382,-0.254,-0.254,0.871,1.0,0.892,-0.435,-0.393,-0.422,-0.283,-0.306,-0.349
1500,A2_3,-0.137,0.567,0.783,0.715,-0.262,-0.179,-0.136,0.891,0.892,1.0,-0.292,-0.236,-0.301,-0.217,-0.241,-0.274
1500,B2_1,-0.02,0.06,-0.156,-0.111,0.822,0.761,0.846,-0.284,-0.435,-0.292,1.0,0.945,0.95,-0.228,-0.147,-0.104
1500,B2_2,-0.037,0.134,-0.07,-0.139,0.815,0.749,0.798,-0.227,-0.393,-0.236,0.945,1.0,0.935,-0.218,-0.115,-0.09
1500,B2_3,0.156,0.083,-0.175,-0.144,0.859,0.779,0.826,-0.267,-0.422,-0.301,0.95,0.935,1.0,-0.272,-0.175,-0.166
1500,y1,-0.419,-0.334,-0.215,-0.255,-0.285,-0.337,-0.31,-0.2,-0.283,-0.217,-0.228,-0.218,-0.272,1.0,0.936,0.94
1500,y2,-0.418,-0.283,-0.241,-0.297,-0.166,-0.163,-0.198,-0.24,-0.306,-0.241,-0.147,-0.115,-0.175,0.936,1.0,0.924
1500,y3,-0.423,-0.344,-0.217,-0.261,-0.155,-0.234,-0.206,-0.23,-0.349,-0.274,-0.104,-0.09,-0.166,0.94,0.924,1.0
2000,.,1.0,-0.035,-0.105,-0.073,-0.054,-0.107,-0.073,0.03,0.125,-0.092,-0.037,-0.014,0.109,-0.29,-0.339,-0.328
2000,A1_1,-0.035,1.0,0.757,0.688,0.239,0.189,0.26,0.733,0.754,0.776,0.288,0.376,0.185,-0.371,-0.293,-0.309
2000,A1_2,-0.105,0.757,1.0,0.872,0.171,0.076,0.192,0.767,0.845,0.893,0.165,0.307,0.052,-0.383,-0.333,-0.317
2000,A1_3,-0.073,0.688,0.872,1.0,0.061,-0.073,0.067,0.905,0.869,0.853,0.06,0.119,-0.049,-0.313,-0.228,-0.222
2000,B1_1,-0.054,0.239,0.171,0.061,1.0,0.854,0.915,0.107,-0.046,0.146,0.847,0.85,0.825,-0.28,-0.208,-0.192
2000,B1_2,-0.107,0.189,0.076,-0.073,0.854,1.0,0.889,-0.007,-0.126,0.073,0.835,0.784,0.8,-0.297,-0.25,-0.283
2000,B1_3,-0.073,0.26,0.192,0.067,0.915,0.889,1.0,0.156,-0.016,0.177,0.92,0.862,0.863,-0.25,-0.21,-0.173
2000,A2_1,0.03,0.733,0.767,0.905,0.107,-0.007,0.156,1.0,0.874,0.856,0.156,0.185,0.058,-0.297,-0.164,-0.205
2000,A2_2,0.125,0.754,0.845,0.869,-0.046,-0.126,-0.016,0.874,1.0,0.864,-0.024,0.084,-0.088,-0.391,-0.367,-0.373
2000,A2_3,-0.092,0.776,0.893,0.853,0.146,0.073,0.177,0.856,0.864,1.0,0.141,0.203,0.017,-0.369,-0.27,-0.298
2000,B2_1,-0.037,0.288,0.165,0.06,0.847,0.835,0.92,0.156,-0.024,0.141,1.0,0.933,0.944,-0.233,-0.196,-0.18
2000,B2_2,-0.014,0.376,0.307,0.119,0.85,0.784,0.862,0.185,0.084,0.203,0.933,1.0,0.91,-0.26,-0.242,-0.208
2000,B2_3,0.109,0.185,0.052,-0.049,0.825,0.8,0.863,0.058,-0.088,0.017,0.944,0.91,1.0,-0.196,-0.197,-0.187
2000,y1,-0.29,-0.371,-0.383,-0.313,-0.28,-0.297,-0.25,-0.297,-0.391,-0.369,-0.233,-0.26,-0.196,1.0,0.919,0.948
2000,y2,-0.339,-0.293,-0.333,-0.228,-0.208,-0.25,-0.21,-0.164,-0.367,-0.27,-0.196,-0.242,-0.197,0.919,1.0,0.938
2000,y3,-0.328,-0.309,-0.317,-0.222,-0.192,-0.283,-0.173,-0.205,-0.373,-0.298,-0.18,-0.208,-0.187,0.948,0.938,1.0
2500,.,1.0,0.21,0.228,0.147,-0.071,-0.06,-0.158,-0.034,0.058,-0.061,-0.085,-0.107,0.065,-0.39,-0.402,-0.401
2500,A1_1,0.21,1.0,0.745,0.345,0.154,0.169,0.093,0.413,0.821,0.749,0.095,0.196,0.104,-0.195,-0.196,-0.202
2500,A1_2,0.228,0.745,1.0,0.697,0.155,0.143,0.064,0.63,0.746,0.707,0.174,0.179,0.204,-0.262,-0.218,-0.249
2500,A1_3,0.147,0.345,0.697,1.0,-0.105,-0.184,-0.129,0.884,0.557,0.441,0.006,-0.116,-0.047,-0.054,-0.0,-0.047
2500,B1_1,-0.071,0.154,0.155,-0.105,1.0,0.873,0.826,-0.099,0.044,0.126,0.853,0.873,0.89,-0.309,-0.274,-0.239
2500,B1_2,-0.06,0.169,0.143,-0.184,0.873,1.0,0.908,-0.163,0.042,0.172,0.897,0.929,0.916,-0.371,-0.356,-0.315
2500,B1_3,-0.158,0.093,0.064,-0.129,0.826,0.908,1.0,-0.092,-0.046,0.068,0.897,0.845,0.822,-0.314,-0.263,-0.225
2500,A2_1,-0.034,0.413,0.63,0.884,-0.099,-0.163,-0.092,1.0,0.712,0.555,-0.008,-0.112,-0.087,-0.02,0.015,-0.016
2500,A2_2,0.058,0.821,0.746,0.557,0.044,0.042,-0.046,0.712,1.0,0.826,-0.022,0.035,-0.023,-0.185,-0.182,-0.206
2500,A2_3,-0.061,0.749,0.707,0.441,0.126,0.172,0.068,0.555,0.826,1.0,0.105,0.157,0.083,-0.24,-0.271,-0.25
2500,B2_1,-0.085,0.095,0.174,0.006,0.853,0.897,0.897,-0.008,-0.022,0.105,1.0,0.912,0.924,-0.374,-0.336,-0.302
2500,B2_2,-0.107,0.196,0.179,-0.116,0.873,0.929,0.845,-0.112,0.035,0.157,0.912,1.0,0.927,-0.401,-0.363,-0.326
2500,B2_3,0.065,0.104,0.204,-0.047,0.89,0.916,0.822,-0.087,-0.023,0.083,0.924,0.927,1.0,-0.387,-0.362,-0.325
2500,y1,-0.39,-0.195,-0.262,-0.054,-0.309,-0.371,-0.314,-0.02,-0.185,-0.24,-0.374,-0.401,-0.387,1.0,0.973,0.976
2500,y2,-0.402,-0.196,-0.218,-0.0,-0.274,-0.356,-0.263,0.015,-0.182,-0.271,-0.336,-0.363,-0.362,0.973,1.0,0.969
2500,y3,-0.401,-0.202,-0.249,-0.047,-0.239,-0.315,-0.225,-0.016,-0.206,-0.25,-0.302,-0.326,-0.325,0.976,0.969,1.0
3000,.,1.0,-0.041,-0.016,0.076,-0.047,-0.121,-0.115,0.147,0.066,-0.063,-0.16,-0.19,-0.015,-0.453,-0.507,-0.485
3000,A1_1,-0.041,1.0,0.867,0.855,0.089,0.08,0.008,0.7,0.854,0.868,0.052,0.002,-0.121,-0.181,-0.158,-0.122
3000,A1_2,-0.016,0.867,1.0,0.887,-0.041,0.037,-0.048,0.6,0.853,0.814,-0.01,-0.037,-0.106,-0.09,-0.106,-0.073
3000,A1_3,0.076,0.855,0.887,1.0,0.001,0.057,-0.032,0.77,0.855,0.833,-0.021,-0.061,-0.113,-0.191,-0.197,-0.166
3000,B1_1,-0.047,0.089,-0.041,0.001,1.0,0.904,0.892,-0.138,-0.077,0.008,0.879,0.812,0.74,-0.368,-0.375,-0.341
3000,B1_2,-0.121,0.08,0.037,0.057,0.904,1.0,0.929,-0.083,-0.018,0.055,0.953,0.882,0.84,-0.348,-0.383,-0.351
3000,B1_3,-0.115,0.008,-0.048,-0.032,0.892,0.929,1.0,-0.129,-0.12,-0.038,0.928,0.826,0.776,-0.218,-0.265,-0.235
3000,A2_1,0.147,0.7,0.6,0.77,-0.138,-0.083,-0.129,1.0,0.804,0.703,-0.125,-0.108,-0.085,-0.221,-0.229,-0.203
3000,A2_2,0.066,0.854,0.853,0.855,-0.077,-0.018,-0.12,0.804,1.0,0.876,-0.099,-0.098,-0.122,-0.23,-0.253,-0.201
3000,A2_3,-0.063,0.868,0.814,0.833,0.008,0.055,-0.038,0.703,0.876,1.0,-0.002,-0.019,-0.186,-0.311,-0.285,-0.267
3000,B2_1,-0.16,0.052,-0.01,-0.021,0.879,0.953,0.928,-0.125,-0.099,-0.002,1.0,0.94,0.852,-0.281,-0.33,-0.274
3000,B2_2,-0.19,0.002,-0.037,-0.061,0.812,0.882,0.826,-0.108,-0.098,-0.019,0.94,1.0,0.89,-0.288,-0.327,-0.264
3000,B2_3,-0.015,-0.121,-0.106,-0.113,0.74,0.84,0.776,-0.085,-0.122,-0.186,0.852,0.89,1.0,-0.235,-0.291,-0.247
3000,y1,-0.453,-0.181,-0.09,-0.191,-0.368,-0.348,-0.218,-0.221,-0.23,-0.311,-0.281,-0.288,-0.235,1.0,0.97,0.97
3000,y2,-0.507,-0.158,-0.106,-0.197,-0.375,-0.383,-0.265,-0.229,-0.253,-0.285,-0.33,-0.327,-0.291,0.97,1.0,0.975
3000,y3,-0.485,-0.122,-0.073,-0.166,-0.341,-0.351,-0.235,-0.203,-0.201,-0.267,-0.274,-0.264,-0.247,0.97,0.975,1.0
3500,.,1.0,-0.074,-0.089,-0.029,0.046,0.036,-0.05,-0.019,-0.007,-0.043,-0.052,-0.013,0.16,-0.392,-0.445,-0.399
3500,A1_1,-0.074,1.0,0.817,0.807,0.134,0.085,0.067,0.749,0.886,0.832,0.113,0.121,-0.028,-0.226,-0.189,-0.239
3500,A1_2,-0.089,0.817,1.0,0.853,0.052,0.028,-0.004,0.645,0.836,0.87,0.01,0.013,-0.059,-0.032,0.012,0.011
3500,A1_3,-0.029,0.807,0.853,1.0,0.057,0.008,0.041,0.869,0.892,0.743,0.022,-0.004,-0.097,-0.088,-0.065,-0.1
3500,B1_1,0.046,0.134,0.052,0.057,1.0,0.875,0.887,0.013,0.004,0.104,0.874,0.885,0.743,-0.406,-0.415,-0.388
3500,B1_2,0.036,0.085,0.028,0.008,0.875,1.0,0.885,0.003,-0.02,0.181,0.946,0.972,0.879,-0.481,-0.469,-0.444
3500,B1_3,-0.05,0.067,-0.004,0.041,0.887,0.885,1.0,0.115,-0.021,0.07,0.93,0.873,0.762,-0.347,-0.348,-0.365
3500,A2_1,-0.019,0.749,0.645,0.869,0.013,0.003,0.115,1.0,0.844,0.62,0.056,0.023,-0.014,-0.129,-0.109,-0.206
3500,A2_2,-0.007,0.886,0.836,0.892,0.004,-0.02,-0.021,0.844,1.0,0.83,-0.039,-0.033,-0.087,-0.155,-0.125,-0.172
3500,A2_3,-0.043,0.832,0.87,0.743,0.104,0.181,0.07,0.62,0.83,1.0,0.141,0.174,0.102,-0.26,-0.214,-0.214
3500,B2_1,-0.052,0.113,0.01,0.022,0.874,0.946,0.93,0.056,-0.039,0.141,1.0,0.961,0.836,-0.389,-0.39,-0.38
3500,B2_2,-0.013,0.121,0.013,-0.004,0.885,0.972,0.873,0.023,-0.033,0.174,0.961,1.0,0.869,-0.488,-0.474,-0.458
3500,B2_3,0.16,-0.028,-0.059,-0.097,0.743,0.879,0.762,-0.014,-0.087,0.102,0.836,0.869,1.0,-0.356,-0.355,-0.343
3500,y1,-0.392,-0.226,-0.032,-0.088,-0.406,-0.481,-0.347,-0.129,-0.155,-0.26,-0.389,-0.488,-0.356,1.0,0.983,0.971
3500,y2,-0.445,-0.189,0.012,-0.065,-0.415,-0.469,-0.348,-0.109,-0.125,-0.214,-0.39,-0.474,-0.355,0.983,1.0,0.963
3500,y3,-0.399,-0.239,0.011,-0.1,-0.388,-0.444,-0.365,-0.206,-0.172,-0.214,-0.38,-0.458,-0.343,0.971,0.963,1.0
4000,.,1.0,-0.252,-0.096,-0.038,0.01,0.077,0.039,0.079,-0.009,0.03,-0.024,-0.063,-0.034,-0.613,-0.572,-0.54
4000,A1_1,-0.252,1.0,0.8,0.637,-0.166,-0.076,-0.166,0.571,0.66,0.73,0.001,0.042,0.077,-0.08,-0.075,-0.058
4000,A1_2,-0.096,0.8,1.0,0.895,-0.041,-0.023,-0.166,0.746,0.878,0.839,0.025,-0.062,0.012,-0.083,-0.072,-0.069
4000,A1_3,-0.038,0.637,0.895,1.0,-0.041,0.004,-0.132,0.811,0.882,0.791,0.038,-0.157,-0.008,-0.067,-0.07,-0.07
4000,B1_1,0.01,-0.166,-0.041,-0.041,1.0,0.896,0.85,-0.068,-0.077,-0.017,0.88,0.843,0.802,-0.296,-0.418,-0.369
4000,B1_2,0.077,-0.076,-0.023,0.004,0.896,1.0,0.938,0.033,-0.0,0.103,0.932,0.913,0.902,-0.339,-0.426,-0.388
4000,B1_3,0.039,-0.166,-0.166,-0.132,0.85,0.938,1.0,-0.081,-0.133,-0.034,0.902,0.891,0.897,-0.248,-0.341,-0.317
4000,A2_1,0.079,0.571,0.746,0.811,-0.068,0.033,-0.081,1.0,0.929,0.904,0.066,-0.098,0.032,-0.253,-0.22,-0.278
4000,A2_2,-0.009,0.66,0.878,0.882,-0.077,-0.0,-0.133,0.929,1.0,0.901,0.024,-0.113,0.01,-0.139,-0.123,-0.153
4000,A2_3,0.03,0.73,0.839,0.791,-0.017,0.103,-0.034,0.904,0.901,1.0,0.142,0.032,0.095,-0.298,-0.257,-0.285
4000,B2_1,-0.024,0.001,0.025,0.038,0.88,0.932,0.902,0.066,0.024,0.142,1.0,0.91,0.896,-0.351,-0.447,-0.423
4000,B2_2,-0.063,0.042,-0.062,-0.157,0.843,0.913,0.891,-0.098,-0.113,0.032,0.91,1.0,0.913,-0.333,-0.422,-0.383
4000,B2_3,-0.034,0.077,0.012,-0.008,0.802,0.902,0.897,0.032,0.01,0.095,0.896,0.913,1.0,-0.287,-0.4,-0.38
4000,y1,-0.613,-0.08,-0.083,-0.067,-0.296,-0.339,-0.248,-0.253,-0.139,-0.298,-0.351,-0.333,-0.287,1.0,0.968,0.963
4000,y2,-0.572,-0.075,-0.072,-0.07,-0.418,-0.426,-0.341,-0.22,-0.123,-0.257,-0.447,-0.422,-0.4,0.968,1.0,0.975
4000,y3,-0.54,-0.058,-0.069,-0.07,-0.369,-0.388,-0.317,-0.278,-0.153,-0.285,-0.423,-0.383,-0.38,0.963,0.975,1.0
4500,.,1.0,-0.152,-0.164,-0.315,-0.222,-0.148,-0.24,-0.381,-0.189,-0.286,-0.296,-0.181,-0.14,-0.189,-0.119,-0.255
4500,A1_1,-0.152,1.0,0.856,0.839,0.092,0.169,0.059,0.822,0.806,0.834,0.064,0.137,0.116,-0.327,-0.318,-0.302
4500,A1_2,-0.164,0.856,1.0,0.854,0.04,0.066,-0.034,0.813,0.924,0.876,-0.017,0.085,0.062,-0.363,-0.317,-0.277
4500,A1_3,-0.315,0.839,0.854,1.0,0.206,0.201,0.137,0.871,0.77,0.816,0.175,0.187,0.199,-0.372,-0.417,-0.331
4500,B1_1,-0.222,0.092,0.04,0.206,1.0,0.953,0.957,0.138,0.018,0.193,0.894,0.938,0.958,-0.305,-0.41,-0.241
4500,B1_2,-0.148,0.169,0.066,0.201,0.953,1.0,0.957,0.165,0.025,0.198,0.89,0.948,0.958,-0.353,-0.446,-0.322
4500,B1_3,-0.24,0.059,-0.034,0.137,0.957,0.957,1.0,0.121,-0.038,0.121,0.935,0.94,0.961,-0.263,-0.372,-0.217
4500,A2_1,-0.381,0.822,0.813,0.871,0.138,0.165,0.121,1.0,0.791,0.852,0.209,0.218,0.165,-0.273,-0.253,-0.162
4500,A2_2,-0.189,0.806,0.924,0.77,0.018,0.025,-0.038,0.791,1.0,0.909,0.037,0.111,0.048,-0.349,-0.312,-0.249
4500,A2_3,-0.286,0.834,0.876,0.816,0.193,0.198,0.121,0.852,0.909,1.0,0.163,0.261,0.207,-0.306,-0.304,-0.21
4500,B2_1,-0.296,0.064,-0.017,0.175,0.894,0.89,0.935,0.209,0.037,0.163,1.0,0.923,0.922,-0.314,-0.412,-0.276
4500,B2_2,-0.181,0.137,0.085,0.187,0.938,0.948,0.94,0.218,0.111,0.261,0.923,1.0,0.95,-0.368,-0.44,-0.294
4500,B2_3,-0.14,0.116,0.062,0.199,0.958,0.958,0.961,0.165,0.048,0.207,0.922,0.95,1.0,-0.322,-0.418,-0.284
4500,y1,-0.189,-0.327,-0.363,-0.372,-0.305,-0.353,-0.263,-0.273,-0.349,-0.306,-0.314,-0.368,-0.322,1.0,0.92,0.91
4500,y2,-0.119,-0.318,-0.317,-0.417,-0.41,-0.446,-0.372,-0.253,-0.312,-0.304,-0.412,-0.44,-0.418,0.92,1.0,0.912
4500,y3,-0.255,-0.302,-0.277,-0.331,-0.241,-0.322,-0.217,-0.162,-0.249,-0.21,-0.276,-0.294,-0.284,0.91,0.912,1.0
5000,.,1.0,0.082,0.053,0.13,0.057,0.078,0.068,-0.167,-0.11,0.014,-0.009,-0.148,0.002,-0.212,-0.291,-0.228
5000,A1_1,0.082,1.0,0.903,0.874,0.014,0.239,0.131,0.716,0.861,0.835,0.19,0.268,0.142,-0.217,-0.175,-0.198
5000,A1_2,0.053,0.903,1.0,0.86,-0.106,0.128,0.03,0.654,0.901,0.846,0.103,0.227,0.071,-0.238,-0.177,-0.209
5000,A1_3,0.13,0.874,0.86,1.0,-0.009,0.193,0.076,0.568,0.782,0.722,0.14,0.21,0.062,-0.235,-0.244,-0.227
5000,B1_1,0.057,0.014,-0.106,-0.009,1.0,0.912,0.928,-0.05,-0.206,-0.191,0.872,0.753,0.891,0.011,-0.067,-0.03
5000,B1_2,0.078,0.239,0.128,0.193,0.912,1.0,0.941,0.092,0.017,0.012,0.935,0.838,0.891,-0.088,-0.156,-0.152
5000,B1_3,0.068,0.131,0.03,0.076,0.928,0.941,1.0,0.021,-0.054,-0.067,0.92,0.777,0.836,0.007,-0.078,-0.05
5000,A2_1,-0.167,0.716,0.654,0.568,-0.05,0.092,0.021,1.0,0.711,0.796,0.028,0.182,0.035,-0.485,-0.409,-0.455
5000,A2_2,-0.11,0.861,0.901,0.782,-0.206,0.017,-0.054,0.711,1.0,0.875,-0.001,0.208,-0.037,-0.355,-0.261,-0.306
5000,A2_3,0.014,0.835,0.846,0.722,-0.191,0.012,-0.067,0.796,0.875,1.0,-0.024,0.252,-0.047,-0.467,-0.434,-0.453
5000,B2_1,-0.009,0.19,0.103,0.14,0.872,0.935,0.92,0.028,-0.001,-0.024,1.0,0.823,0.911,0.091,0.019,0.018
5000,B2_2,-0.148,0.268,0.227,0.21,0.753,0.838,0.777,0.182,0.208,0.252,0.823,1.0,0.808,-0.174,-0.219,-0.22
5000,B2_3,0.002,0.142,0.071,0.062,0.891,0.891,0.836,0.035,-0.037,-0.047,0.911,0.808,1.0,0.042,0.007,-0.01
5000,y1,-0.212,-0.217,-0.238,-0.235,0.011,-0.088,0.007,-0.485,-0.355,-0.467,0.091,-0.174,0.042,1.0,0.962,0.972
5000,y2,-0.291,-0.175,-0.177,-0.244,-0.067,-0.156,-0.078,-0.409,-0.261,-0.434,0.019,-0.219,0.007,0.962,1.0,0.971
5000,y3,-0.228,-0.198,-0.209,-0.227,-0.03,-0.152,-0.05,-0.455,-0.306,-0.453,0.018,-0.22,-0.01,0.972,0.971,1.0
5500,.,1.0,0.054,0.179,0.037,0.011,0.077,-0.005,-0.253,0.06,0.08,-0.063,-0.078,0.042,-0.239,-0.189,-0.227
5500,A1_1,0.054,1.0,0.759,0.898,-0.177,-0.176,-0.245,0.709,0.645,0.788,-0.185,-0.075,-0.147,-0.258,-0.303,-0.321
5500,A1_2,0.179,0.759,1.0,0.757,-0.237,-0.181,-0.256,0.655,0.918,0.833,-0.198,0.042,-0.096,-0.212,-0.291,-0.261
5500,A1_3,0.037,0.898,0.757,1.0,-0.229,-0.209,-0.289,0.559,0.583,0.657,-0.222,-0.126,-0.204,-0.167,-0.263,-0.253
5500,B1_1,0.011,-0.177,-0.237,-0.229,1.0,0.945,0.943,-0.156,-0.154,-0.096,0.935,0.801,0.881,-0.093,-0.085,-0.071
5500,B1_2,0.077,-0.176,-0.181,-0.209,0.945,1.0,0.921,-0.127,-0.078,-0.044,0.94,0.865,0.893,-0.177,-0.187,-0.17
5500,B1_3,-0.005,-0.245,-0.256,-0.289,0.943,0.921,1.0,-0.163,-0.142,-0.085,0.971,0.847,0.947,-0.044,-0.042,-0.015
5500,A2_1,-0.253,0.709,0.655,0.559,-0.156,-0.127,-0.163,1.0,0.755,0.851,-0.107,0.13,-0.045,-0.378,-0.409,-0.385
5500,A2_2,0.06,0.645,0.918,0.583,-0.154,-0.078,-0.142,0.755,1.0,0.905,-0.075,0.195,0.007,-0.296,-0.354,-0.324
5500,A2_3,0.08,0.788,0.833,0.657,-0.096,-0.044,-0.085,0.851,0.905,1.0,-0.02,0.173,0.028,-0.427,-0.464,-0.451
5500,B2_1,-0.063,-0.185,-0.198,-0.222,0.935,0.94,0.971,-0.107,-0.075,-0.02,1.0,0.868,0.918,-0.091,-0.093,-0.07
5500,B2_2,-0.078,-0.075,0.042,-0.126,0.801,0.865,0.847,0.13,0.195,0.173,0.868,1.0,0.914,-0.168,-0.217,-0.178
5500,B2_3,0.042,-0.147,-0.096,-0.204,0.881,0.893,0.947,-0.045,0.007,0.028,0.918,0.914,1.0,-0.02,-0.039,-0.014
5500,y1,-0.239,-0.258,-0.212,-0.167,-0.093,-0.177,-0.044,-0.378,-0.296,-0.427,-0.091,-0.168,-0.02,1.0,0.96,0.961
5500,y2,-0.189,-0.303,-0.291,-0.263,-0.085,-0.187,-0.042,-0.409,-0.354,-0.464,-0.093,-0.217,-0.039,0.96,1.0,0.963
5500,y3,-0.227,-0.321,-0.261,-0.253,-0.071,-0.17,-0.015,-0.385,-0.324,-0.451,-0.07,-0.178,-0.014,0.961,0.963,1.0
6000,.,1.0,-0.216,0.052,-0.051,0.085,-0.017,0.009,-0.184,-0.22,-0.105,-0.043,-0.111,-0.1,-0.212,-0.163,-0.188
6000,A1_1,-0.216,1.0,0.48,0.493,0.061,0.121,0.01,0.665,0.835,0.845,-0.008,0.023,0.065,-0.231,-0.293,-0.282
6000,A1_2,0.052,0.48,1.0,0.917,0.215,0.122,0.106,0.456,0.544,0.461,0.118,0.046,0.078,-0.263,-0.236,-0.254
6000,A1_3,-0.051,0.493,0.917,1.0,0.003,-0.095,-0.111,0.625,0.605,0.543,-0.135,-0.168,-0.102,-0.32,-0.32,-0.29
6000,B1_1,0.085,0.061,0.215,0.003,1.0,0.948,0.931,-0.102,0.046,-0.136,0.762,0.905,0.88,-0.256,-0.212,-0.22
6000,B1_2,-0.017,0.121,0.122,-0.095,0.948,1.0,0.969,-0.114,0.068,-0.095,0.814,0.968,0.957,-0.218,-0.17,-0.185
6000,B1_3,0.009,0.01,0.106,-0.111,0.931,0.969,1.0,-0.139,-0.002,-0.157,0.885,0.965,0.958,-0.21,-0.156,-0.183
6000,A2_1,-0.184,0.665,0.456,0.625,-0.102,-0.114,-0.139,1.0,0.893,0.863,-0.218,-0.146,-0.092,-0.45,-0.496,-0.47
6000,A2_2,-0.22,0.835,0.544,0.605,0.046,0.068,-0.002,0.893,1.0,0.933,-0.071,0.01,0.041,-0.389,-0.451,-0.437
6000,A2_3,-0.105,0.845,0.461,0.543,-0.136,-0.095,-0.157,0.863,0.933,1.0,-0.193,-0.162,-0.112,-0.39,-0.424,-0.432
6000,B2_1,-0.043,-0.008,0.118,-0.135,0.762,0.814,0.885,-0.218,-0.071,-0.193,1.0,0.835,0.809,-0.023,0.01,-0.048
6000,B2_2,-0.111,0.023,0.046,-0.168,0.905,0.968,0.965,-0.146,0.01,-0.162,0.835,1.0,0.96,-0.139,-0.095,-0.11
6000,B2_3,-0.1,0.065,0.078,-0.102,0.88,0.957,0.958,-0.092,0.041,-0.112,0.809,0.96,1.0,-0.185,-0.144,-0.15
6000,y1,-0.212,-0.231,-0.263,-0.32,-0.256,-0.218,-0.21,-0.45,-0.389,-0.39,-0.023,-0.139,-0.185,1.0,0.96,0.975
6000,y2,-0.163,-0.293,-0.236,-0.32,-0.212,-0.17,-0.156,-0.496,-0.451,-0.424,0.01,-0.095,-0.144,0.96,1.0,0.97
6000,y3,-0.188,-0.282,-0.254,-0.29,-0.22,-0.185,-0.183,-0.47,-0.437,-0.432,-0.048,-0.11,-0.15,0.975,0.97,1.0
6500,.,1.0,0.14,0.133,0.139,-0.147,-0.14,-0.087,0.051,0.216,0.099,-0.359,-0.234,-0.169,-0.321,-0.346,-0.289
6500,A1_1,0.14,1.0,0.935,0.85,-0.06,0.003,-0.068,0.744,0.827,0.874,-0.116,0.005,-0.03,-0.057,-0.102,-0.081
6500,A1_2,0.133,0.935,1.0,0.899,-0.103,-0.05,-0.123,0.73,0.867,0.915,-0.14,-0.031,-0.103,-0.082,-0.159,-0.126
6500,A1_3,0.139,0.85,0.899,1.0,-0.149,-0.089,-0.208,0.865,0.838,0.955,-0.212,-0.1,-0.192,-0.246,-0.323,-0.281
6500,B1_1,-0.147,-0.06,-0.103,-0.149,1.0,0.937,0.952,-0.209,-0.25,-0.121,0.913,0.935,0.949,0.165,0.172,0.16
6500,B1_2,-0.14,0.003,-0.05,-0.089,0.937,1.0,0.958,-0.112,-0.191,-0.068,0.932,0.961,0.949,0.045,0.042,0.038
6500,B1_3,-0.087,-0.068,-0.123,-0.208,0.952,0.958,1.0,-0.242,-0.215,-0.165,0.91,0.924,0.94,0.152,0.152,0.149
6500,A2_1,0.051,0.744,0.73,0.865,-0.209,-0.112,-0.242,1.0,0.771,0.812,-0.22,-0.152,-0.188,-0.347,-0.371,-0.365
6500,A2_2,0.216,0.827,0.867,0.838,-0.25,-0.191,-0.215,0.771,1.0,0.862,-0.286,-0.212,-0.274,-0.242,-0.309,-0.283
6500,A2_3,0.099,0.874,0.915,0.955,-0.121,-0.068,-0.165,0.812,0.862,1.0,-0.168,-0.045,-0.145,-0.225,-0.303,-0.257
6500,B2_1,-0.359,-0.116,-0.14,-0.212,0.913,0.932,0.91,-0.22,-0.286,-0.168,1.0,0.961,0.939,0.146,0.149,0.125
6500,B2_2,-0.234,0.005,-0.031,-0.1,0.935,0.961,0.924,-0.152,-0.212,-0.045,0.961,1.0,0.969,0.075,0.087,0.076
6500,B2_3,-0.169,-0.03,-0.103,-0.192,0.949,0.949,0.94,-0.188,-0.274,-0.145,0.939,0.969,1.0,0.131,0.166,0.144
6500,y1,-0.321,-0.057,-0.082,-0.246,0.165,0.045,0.152,-0.347,-0.242,-0.225,0.146,0.075,0.131,1.0,0.972,0.977
6500,y2,-0.346,-0.102,-0.159,-0.323,0.172,0.042,0.152,-0.371,-0.309,-0.303,0.149,0.087,0.166,0.972,1.0,0.988
6500,y3,-0.289,-0.081,-0.126,-0.281,0.16,0.038,0.149,-0.365,-0.283,-0.257,0.125,0.076,0.144,0.977,0.988,1.0
7000,.,1.0,-0.381,-0.311,-0.27,-0.261,-0.316,-0.374,0.043,-0.041,-0.191,-0.308,-0.328,-0.238,-0.109,-0.128,-0.093
7000,A1_1,-0.381,1.0,0.927,0.857,0.15,0.153,0.187,0.498,0.749,0.848,0.104,0.18,0.163,-0.312,-0.316,-0.343
7000,A1_2,-0.311,0.927,1.0,0.94,0.192,0.113,0.143,0.469,0.748,0.842,0.081,0.155,0.125,-0.34,-0.369,-0.365
7000,A1_3,-0.27,0.857,0.94,1.0,0.125,0.02,0.065,0.489,0.742,0.845,0.018,0.062,0.03,-0.255,-0.275,-0.287
7000,B1_1,-0.261,0.15,0.192,0.125,1.0,0.867,0.899,-0.1,-0.118,-0.03,0.915,0.897,0.875,-0.217,-0.26,-0.201
7000,B1_2,-0.316,0.153,0.113,0.02,0.867,1.0,0.948,-0.038,-0.114,-0.033,0.953,0.973,0.963,-0.202,-0.217,-0.198
7000,B1_3,-0.374,0.187,0.143,0.065,0.899,0.948,1.0,-0.036,-0.123,0.015,0.954,0.959,0.934,-0.231,-0.236,-0.213
7000,A2_1,0.043,0.498,0.469,0.489,-0.1,-0.038,-0.036,1.0,0.828,0.805,-0.123,-0.013,-0.03,-0.576,-0.542,-0.591
7000,A2_2,-0.041,0.749,0.748,0.742,-0.118,-0.114,-0.123,0.828,1.0,0.913,-0.187,-0.085,-0.088,-0.421,-0.402,-0.433
7000,A2_3,-0.191,0.848,0.842,0.845,-0.03,-0.033,0.015,0.805,0.913,1.0,-0.099,-0.002,-0.032,-0.488,-0.471,-0.506
7000,B2_1,-0.308,0.104,0.081,0.018,0.915,0.953,0.954,-0.123,-0.187,-0.099,1.0,0.958,0.948,-0.167,-0.195,-0.163
7000,B2_2,-0.328,0.18,0.155,0.062,0.897,0.973,0.959,-0.013,-0.085,-0.002,0.958,1.0,0.979,-0.192,-0.208,-0.185
7000,B2_3,-0.238,0.163,0.125,0.03,0.875,0.963,0.934,-0.03,-0.088,-0.032,0.948,0.979,1.0,-0.19,-0.229,-0.193
7000,y1,-0.109,-0.312,-0.34,-0.255,-0.217,-0.202,-0.231,-0.576,-0.421,-0.488,-0.167,-0.192,-0.19,1.0,0.976,0.982
7000,y2,-0.128,-0.316,-0.369,-0.275,-0.26,-0.217,-0.236,-0.542,-0.402,-0.471,-0.195,-0.208,-0.229,0.976,1.0,0.974
7000,y3,-0.093,-0.343,-0.365,-0.287,-0.201,-0.198,-0.213,-0.591,-0.433,-0.506,-0.163,-0.185,-0.193,0.982,0.974,1.0
7500,.,1.0,-0.052,0.035,0.055,-0.015,-0.06,-0.069,0.014,-0.014,0.07,-0.083,-0.043,-0.014,-0.317,-0.267,-0.276
7500,A1_1,-0.052,1.0,0.918,0.915,0.082,0.134,0.144,0.565,0.85,0.583,-0.005,-0.114,-0.038,-0.109,-0.279,-0.19
7500,A1_2,0.035,0.918,1.0,0.966,0.167,0.155,0.207,0.469,0.844,0.585,0.136,-0.033,0.047,-0.143,-0.28,-0.228
7500,A1_3,0.055,0.915,0.966,1.0,0.203,0.153,0.228,0.406,0.829,0.539,0.153,-0.028,0.062,-0.066,-0.19,-0.128
7500,B1_1,-0.015,0.082,0.167,0.203,1.0,0.924,0.963,-0.343,-0.163,-0.226,0.934,0.891,0.92,-0.084,0.119,0.099
7500,B1_2,-0.06,0.134,0.155,0.153,0.924,1.0,0.953,-0.223,-0.177,-0.204,0.893,0.907,0.93,-0.197,-0.028,-0.049
7500,B1_3,-0.069,0.144,0.207,0.228,0.963,0.953,1.0,-0.302,-0.136,-0.225,0.928,0.882,0.935,-0.122,0.039,0.028
7500,A2_1,0.014,0.565,0.469,0.406,-0.343,-0.223,-0.302,1.0,0.739,0.904,-0.381,-0.418,-0.393,-0.21,-0.548,-0.428
7500,A2_2,-0.014,0.85,0.844,0.829,-0.163,-0.177,-0.136,0.739,1.0,0.813,-0.236,-0.372,-0.314,-0.113,-0.373,-0.266
7500,A2_3,0.07,0.583,0.585,0.539,-0.226,-0.204,-0.225,0.904,0.813,1.0,-0.24,-0.329,-0.32,-0.157,-0.487,-0.381
7500,B2_1,-0.083,-0.005,0.136,0.153,0.934,0.893,0.928,-0.381,-0.236,-0.24,1.0,0.912,0.923,-0.081,0.1,0.059
7500,B2_2,-0.043,-0.114,-0.033,-0.028,0.891,0.907,0.882,-0.418,-0.372,-0.329,0.912,1.0,0.961,-0.117,0.095,0.043
7500,B2_3,-0.014,-0.038,0.047,0.062,0.92,0.93,0.935,-0.393,-0.314,-0.32,0.923,0.961,1.0,-0.126,0.065,0.021
7500,y1,-0.317,-0.109,-0.143,-0.066,-0.084,-0.197,-0.122,-0.21,-0.113,-0.157,-0.081,-0.117,-0.126,1.0,0.86,0.891
7500,y2,-0.267,-0.279,-0.28,-0.19,0.119,-0.028,0.039,-0.548,-0.373,-0.487,0.1,0.095,0.065,0.86,1.0,0.923
7500,y3,-0.276,-0.19,-0.228,-0.128,0.099,-0.049,0.028,-0.428,-0.266,-0.381,0.059,0.043,0.021,0.891,0.923,1.0
8000,.,1.0,-0.154,-0.393,-0.344,-0.088,0.029,-0.211,-0.372,-0.472,-0.444,-0.153,-0.144,-0.024,-0.323,-0.275,-0.286
8000,A1_1,-0.154,1.0,0.792,0.834,0.07,0.057,-0.032,0.544,0.617,0.675,0.101,0.137,0.153,-0.16,-0.191,-0.146
8000,A1_2,-0.393,0.792,1.0,0.867,0.073,-0.066,0.054,0.616,0.818,0.797,0.088,0.115,0.063,-0.167,-0.249,-0.186
8000,A1_3,-0.344,0.834,0.867,1.0,-0.08,-0.146,-0.125,0.747,0.847,0.883,-0.096,-0.035,-0.079,-0.061,-0.125,-0.091
8000,B1_1,-0.088,0.07,0.073,-0.08,1.0,0.886,0.925,-0.14,-0.141,-0.101,0.897,0.965,0.935,-0.11,-0.169,-0.04
8000,B1_2,0.029,0.057,-0.066,-0.146,0.886,1.0,0.849,-0.057,-0.146,-0.145,0.8,0.886,0.863,-0.016,-0.064,0.038
8000,B1_3,-0.211,-0.032,0.054,-0.125,0.925,0.849,1.0,-0.09,-0.069,-0.043,0.867,0.923,0.879,-0.044,-0.109,-0.027
8000,A2_1,-0.372,0.544,0.616,0.747,-0.14,-0.057,-0.09,1.0,0.906,0.86,-0.221,-0.129,-0.19,-0.131,-0.171,-0.177
8000,A2_2,-0.472,0.617,0.818,0.847,-0.141,-0.146,-0.069,0.906,1.0,0.945,-0.177,-0.11,-0.195,-0.046,-0.124,-0.103
8000,A2_3,-0.444,0.675,0.797,0.883,-0.101,-0.145,-0.043,0.86,0.945,1.0,-0.103,-0.048,-0.115,-0.168,-0.229,-0.215
8000,B2_1,-0.153,0.101,0.088,-0.096,0.897,0.8,0.867,-0.221,-0.177,-0.103,1.0,0.945,0.933,-0.086,-0.126,-0.018
8000,B2_2,-0.144,0.137,0.115,-0.035,0.965,0.886,0.923,-0.129,-0.11,-0.048,0.945,1.0,0.966,-0.101,-0.156,-0.041
8000,B2_3,-0.024,0.153,0.063,-0.079,0.935,0.863,0.879,-0.19,-0.195,-0.115,0.933,0.966,1.0,-0.169,-0.198,-0.108
8000,y1,-0.323,-0.16,-0.167,-0.061,-0.11,-0.016,-0.044,-0.131,-0.046,-0.168,-0.086,-0.101,-0.169,1.0,0.97,0.949
8000,y2,-0.275,-0.191,-0.249,-0.125,-0.169,-0.064,-0.109,-0.171,-0.124,-0.229,-0.126,-0.156,-0.198,0.97,1.0,0.95
8000,y3,-0.286,-0.146,-0.186,-0.091,-0.04,0.038,-0.027,-0.177,-0.103,-0.215,-0.018,-0.041,-0.108,0.949,0.95,1.0
8500,.,1.0,-0.373,-0.338,-0.177,-0.052,0.006,-0.031,-0.269,-0.388,-0.174,-0.105,-0.108,0.086,-0.536,-0.534,-0.566
8500,A1_1,-0.373,1.0,0.863,0.836,-0.06,-0.101,-0.103,0.635,0.853,0.809,0.056,-0.051,-0.007,-0.175,-0.108,-0.102
8500,A1_2,-0.338,0.863,1.0,0.868,0.092,0.054,-0.014,0.485,0.756,0.778,0.227,0.094,0.127,-0.215,-0.156,-0.141
8500,A1_3,-0.177,0.836,0.868,1.0,0.013,-0.035,-0.075,0.557,0.698,0.905,0.119,-0.006,0.115,-0.37,-0.348,-0.258
8500,B1_1,-0.052,-0.06,0.092,0.013,1.0,0.92,0.921,-0.14,-0.02,-0.121,0.866,0.942,0.892,-0.106,-0.071,-0.146
8500,B1_2,0.006,-0.101,0.054,-0.035,0.92,1.0,0.95,-0.192,-0.029,-0.175,0.861,0.92,0.936,-0.177,-0.144,-0.194
8500,B1_3,-0.031,-0.103,-0.014,-0.075,0.921,0.95,1.0,-0.184,-0.022,-0.184,0.855,0.904,0.903,-0.097,-0.063,-0.122
8500,A2_1,-0.269,0.635,0.485,0.557,-0.14,-0.192,-0.184,1.0,0.723,0.641,-0.171,-0.151,-0.084,-0.281,-0.222,-0.183
8500,A2_2,-0.388,0.853,0.756,0.698,-0.02,-0.029,-0.022,0.723,1.0,0.762,0.084,-0.049,0.031,-0.168,-0.065,-0.035
8500,A2_3,-0.174,0.809,0.778,0.905,-0.121,-0.175,-0.184,0.641,0.762,1.0,0.066,-0.136,-0.004,-0.357,-0.313,-0.204
8500,B2_1,-0.105,0.056,0.227,0.119,0.866,0.861,0.855,-0.171,0.084,0.066,1.0,0.898,0.842,-0.123,-0.092,-0.14
8500,B2_2,-0.108,-0.051,0.094,-0.006,0.942,0.92,0.904,-0.151,-0.049,-0.136,0.898,1.0,0.882,-0.081,-0.067,-0.139
8500,B2_3,0.086,-0.007,0.127,0.115,0.892,0.936,0.903,-0.084,0.031,-0.004,0.842,0.882,1.0,-0.32,-0.287,-0.294
8500,y1,-0.536,-0.175,-0.215,-0.37,-0.106,-0.177,-0.097,-0.281,-0.168,-0.357,-0.123,-0.081,-0.32,1.0,0.974,0.935
8500,y2,-0.534,-0.108,-0.156,-0.348,-0.071,-0.144,-0.063,-0.222,-0.065,-0.313,-0.092,-0.067,-0.287,0.974,1.0,0.945
8500,y3,-0.566,-0.102,-0.141,-0.258,-0.146,-0.194,-0.122,-0.183,-0.035,-0.204,-0.14,-0.139,-0.294,0.935,0.945,1.0
9000,.,1.0,-0.08,0.042,-0.109,0.102,0.062,-0.02,-0.332,-0.475,-0.42,0.111,0.167,0.157,-0.411,-0.459,-0.267
9000,A1_1,-0.08,1.0,0.667,0.865,0.004,0.068,0.05,0.671,0.567,0.64,0.126,0.108,0.045,-0.345,-0.434,-0.386
9000,A1_2,0.042,0.667,1.0,0.805,-0.099,-0.065,-0.161,0.439,0.22,0.398,-0.038,-0.043,-0.068,-0.314,-0.26,-0.191
9000,A1_3,-0.109,0.865,0.805,1.0,-0.111,-0.075,-0.109,0.78,0.576,0.74,-0.126,-0.11,-0.196,-0.254,-0.335,-0.386
9000,B1_1,0.102,0.004,-0.099,-0.111,1.0,0.94,0.908,-0.16,-0.303,-0.272,0.853,0.884,0.818,-0.28,-0.3,-0.086
9000,B1_2,0.062,0.068,-0.065,-0.075,0.94,1.0,0.931,-0.141,-0.249,-0.185,0.88,0.902,0.837,-0.334,-0.351,-0.144
9000,B1_3,-0.02,0.05,-0.161,-0.109,0.908,0.931,1.0,-0.026,-0.119,-0.101,0.833,0.839,0.822,-0.27,-0.298,-0.122
9000,A2_1,-0.332,0.671,0.439,0.78,-0.16,-0.141,-0.026,1.0,0.792,0.821,-0.231,-0.261,-0.24,-0.035,-0.096,-0.264
9000,A2_2,-0.475,0.567,0.22,0.576,-0.303,-0.249,-0.119,0.792,1.0,0.883,-0.297,-0.29,-0.259,-0.109,-0.167,-0.398
9000,A2_3,-0.42,0.64,0.398,0.74,-0.272,-0.185,-0.101,0.821,0.883,1.0,-0.304,-0.28,-0.341,-0.114,-0.197,-0.421
9000,B2_1,0.111,0.126,-0.038,-0.126,0.853,0.88,0.833,-0.231,-0.297,-0.304,1.0,0.944,0.923,-0.386,-0.351,-0.126
9000,B2_2,0.167,0.108,-0.043,-0.11,0.884,0.902,0.839,-0.261,-0.29,-0.28,0.944,1.0,0.916,-0.421,-0.41,-0.191
9000,B2_3,0.157,0.045,-0.068,-0.196,0.818,0.837,0.822,-0.24,-0.259,-0.341,0.923,0.916,1.0,-0.445,-0.388,-0.183
9000,y1,-0.411,-0.345,-0.314,-0.254,-0.28,-0.334,-0.27,-0.035,-0.109,-0.114,-0.386,-0.421,-0.445,1.0,0.919,0.837
9000,y2,-0.459,-0.434,-0.26,-0.335,-0.3,-0.351,-0.298,-0.096,-0.167,-0.197,-0.351,-0.41,-0.388,0.919,1.0,0.872
9000,y3,-0.267,-0.386,-0.191,-0.386,-0.086,-0.144,-0.122,-0.264,-0.398,-0.421,-0.126,-0.191,-0.183,0.837,0.872,1.0
9500,.,1.0,-0.147,-0.058,-0.104,0.064,0.013,-0.056,-0.173,-0.325,-0.169,0.008,-0.036,0.093,-0.186,-0.237,-0.201
9500,A1_1,-0.147,1.0,0.87,0.928,-0.089,0.001,-0.094,0.768,0.667,0.623,0.109,-0.007,0.068,-0.317,-0.375,-0.29
9500,A1_2,-0.058,0.87,1.0,0.932,0.037,0.005,-0.073,0.809,0.54,0.733,0.186,0.139,0.119,-0.417,-0.521,-0.403
9500,A1_3,-0.104,0.928,0.932,1.0,-0.075,-0.075,-0.152,0.78,0.679,0.75,0.089,0.011,0.037,-0.334,-0.442,-0.344
9500,B1_1,0.064,-0.089,0.037,-0.075,1.0,0.803,0.844,-0.011,-0.196,-0.188,0.839,0.926,0.837,-0.034,-0.149,-0.083
9500,B1_2,0.013,0.001,0.005,-0.075,0.803,1.0,0.95,-0.036,-0.009,-0.162,0.883,0.859,0.872,-0.231,-0.26,-0.289
9500,B1_3,-0.056,-0.094,-0.073,-0.152,0.844,0.95,1.0,-0.09,-0.09,-0.241,0.883,0.893,0.892,-0.164,-0.229,-0.213
9500,A2_1,-0.173,0.768,0.809,0.78,-0.011,-0.036,-0.09,1.0,0.434,0.654,-0.008,0.085,-0.003,-0.341,-0.447,-0.337
9500,A2_2,-0.325,0.667,0.54,0.679,-0.196,-0.009,-0.09,0.434,1.0,0.689,-0.002,-0.105,-0.066,-0.334,-0.28,-0.36
9500,A2_3,-0.169,0.623,0.733,0.75,-0.188,-0.162,-0.241,0.654,0.689,1.0,-0.066,-0.093,-0.204,-0.459,-0.429,-0.444
9500,B2_1,0.008,0.109,0.186,0.089,0.839,0.883,0.883,-0.008,-0.002,-0.066,1.0,0.896,0.921,-0.152,-0.242,-0.23
9500,B2_2,-0.036,-0.007,0.139,0.011,0.926,0.859,0.893,0.085,-0.105,-0.093,0.896,1.0,0.899,-0.069,-0.195,-0.129
9500,B2_3,0.093,0.068,0.119,0.037,0.837,0.872,0.892,-0.003,-0.066,-0.204,0.921,0.899,1.0,-0.086,-0.264,-0.192
9500,y1,-0.186,-0.317,-0.417,-0.334,-0.034,-0.231,-0.164,-0.341,-0.334,-0.459,-0.152,-0.069,-0.086,1.0,0.892,0.926
9500,y2,-0.237,-0.375,-0.521,-0.442,-0.149,-0.26,-0.229,-0.447,-0.28,-0.429,-0.242,-0.195,-0.264,0.892,1.0,0.905
9500,y3,-0.201,-0.29,-0.403,-0.344,-0.083,-0.289,-0.213,-0.337,-0.36,-0.444,-0.23,-0.129,-0.192,0.926,0.905,1.0
10000,.,1.0,-0.101,-0.122,-0.32,0.073,0.045,-0.001,-0.213,-0.488,-0.124,-0.048,0.082,0.116,-0.32,-0.394,-0.337
10000,A1_1,-0.101,1.0,0.844,0.824,0.044,-0.005,-0.177,0.189,0.444,0.573,-0.034,0.067,0.137,-0.039,-0.059,-0.161
10000,A1_2,-0.122,0.844,1.0,0.842,0.1,0.039,-0.095,0.069,0.474,0.535,0.108,0.164,0.255,-0.364,-0.385,-0.46
10000,A1_3,-0.32,0.824,0.842,1.0,0.017,-0.017,-0.169,0.49,0.67,0.767,-0.046,0.012,0.076,-0.136,-0.148,-0.216
10000,B1_1,0.073,0.044,0.1,0.017,1.0,0.908,0.826,-0.167,-0.42,-0.28,0.905,0.944,0.917,-0.204,-0.197,-0.141
10000,B1_2,0.045,-0.005,0.039,-0.017,0.908,1.0,0.922,-0.07,-0.303,-0.235,0.903,0.864,0.879,-0.183,-0.119,-0.121
10000,B1_3,-0.001,-0.177,-0.095,-0.169,0.826,0.922,1.0,-0.094,-0.302,-0.3,0.888,0.795,0.832,-0.218,-0.145,-0.134
10000,A2_1,-0.213,0.189,0.069,0.49,-0.167,-0.07,-0.094,1.0,0.557,0.763,-0.279,-0.267,-0.248,0.005,0.034,-0.001
10000,A2_2,-0.488,0.444,0.474,0.67,-0.42,-0.303,-0.302,0.557,1.0,0.728,-0.369,-0.473,-0.343,-0.011,0.044,-0.089
10000,A2_3,-0.124,0.573,0.535,0.767,-0.28,-0.235,-0.3,0.763,0.728,1.0,-0.37,-0.29,-0.227,-0.095,-0.106,-0.173
10000,B2_1,-0.048,-0.034,0.108,-0.046,0.905,0.903,0.888,-0.279,-0.369,-0.37,1.0,0.93,0.938,-0.237,-0.193,-0.161
10000,B2_2,0.082,0.067,0.164,0.012,0.944,0.864,0.795,-0.267,-0.473,-0.29,0.93,1.0,0.951,-0.255,-0.242,-0.192
10000,B2_3,0.116,0.137,0.255,0.076,0.917,0.879,0.832,-0.248,-0.343,-0.227,0.938,0.951,1.0,-0.348,-0.324,-0.304
10000,y1,-0.32,-0.039,-0.364,-0.136,-0.204,-0.183,-0.218,0.005,-0.011,-0.095,-0.237,-0.255,-0.348,1.0,0.961,0.97
10000,y2,-0.394,-0.059,-0.385,-0.148,-0.197,-0.119,-0.145,0.034,0.044,-0.106,-0.193,-0.242,-0.324,0.961,1.0,0.968
10000,y3,-0.337,-0.161,-0.46,-0.216,-0.141,-0.121,-0.134,-0.001,-0.089,-0.173,-0.161,-0.192,-0.304,0.97,0.968,1.0
