,,.,A1_1,A1_2,A1_3,B1_1,B1_2,B1_3,A2_1,A2_2,A2_3,B2_1,B2_2,B2_3,y1,y2,y3
1,.,1.0,0.01,0.381,0.05,-0.086,-0.119,-0.331,0.008,-0.468,0.061,0.349,0.179,-0.521,0.191,-0.115,-0.214
1,A1_1,0.01,1.0,0.124,0.004,0.216,0.575,0.511,-0.187,-0.406,-0.28,0.109,0.15,-0.428,0.516,-0.146,-0.032
1,A1_2,0.381,0.124,1.0,0.29,0.118,-0.098,-0.358,-0.125,0.228,-0.098,0.104,0.25,-0.204,-0.294,-0.185,-0.248
1,A1_3,0.05,0.004,0.29,1.0,0.423,0.399,-0.308,0.119,-0.173,-0.192,-0.196,0.229,-0.016,-0.086,0.075,0.376
1,B1_1,-0.086,0.216,0.118,0.423,1.0,0.255,0.194,-0.544,-0.232,-0.548,-0.536,-0.231,0.118,0.266,-0.309,0.434
1,B1_2,-0.119,0.575,-0.098,0.399,0.255,1.0,0.304,-0.056,-0.449,-0.262,0.09,0.308,0.103,0.374,-0.072,0.506
1,B1_3,-0.331,0.511,-0.358,-0.308,0.194,0.304,1.0,-0.524,-0.161,-0.505,-0.106,-0.157,-0.139,0.424,0.143,0.142
1,A2_1,0.008,-0.187,-0.125,0.119,-0.544,-0.056,-0.524,1.0,0.029,0.392,-0.039,0.026,0.172,-0.416,0.47,-0.391
1,A2_2,-0.468,-0.406,0.228,-0.173,-0.232,-0.449,-0.161,0.029,1.0,0.075,-0.136,-0.192,0.487,-0.609,0.179,-0.263
1,A2_3,0.061,-0.28,-0.098,-0.192,-0.548,-0.262,-0.505,0.392,0.075,1.0,0.644,0.482,-0.015,-0.231,-0.25,-0.111
1,B2_1,0.349,0.109,0.104,-0.196,-0.536,0.09,-0.106,-0.039,-0.136,0.644,1.0,0.64,-0.345,0.145,-0.396,0.016
1,B2_2,0.179,0.15,0.25,0.229,-0.231,0.308,-0.157,0.026,-0.192,0.482,0.64,1.0,-0.204,0.004,-0.233,0.283
1,B2_3,-0.521,-0.428,-0.204,-0.016,0.118,0.103,-0.139,0.172,0.487,-0.015,-0.345,-0.204,1.0,-0.433,0.05,0.192
1,y1,0.191,0.516,-0.294,-0.086,0.266,0.374,0.424,-0.416,-0.609,-0.231,0.145,0.004,-0.433,1.0,-0.416,0.404
1,y2,-0.115,-0.146,-0.185,0.075,-0.309,-0.072,0.143,0.47,0.179,-0.25,-0.396,-0.233,0.05,-0.416,1.0,-0.305
1,y3,-0.214,-0.032,-0.248,0.376,0.434,0.506,0.142,-0.391,-0.263,-0.111,0.016,0.283,0.192,0.404,-0.305,1.0
2,.,1.0,0.01,0.382,0.05,-0.084,-0.116,-0.331,0.007,-0.468,0.06,0.351,0.181,-0.518,0.191,-0.117,-0.212
2,A1_1,0.01,1.0,0.124,0.003,0.215,0.575,0.51,-0.188,-0.406,-0.28,0.109,0.149,-0.429,0.516,-0.145,-0.031
2,A1_2,0.382,0.124,1.0,0.289,0.117,-0.098,-0.358,-0.125,0.229,-0.098,0.104,0.25,-0.204,-0.294,-0.186,-0.249
2,A1_3,0.05,0.003,0.289,1.0,0.423,0.399,-0.308,0.119,-0.172,-0.192,-0.196,0.229,-0.016,-0.087,0.075,0.376
2,B1_1,-0.084,0.215,0.117,0.423,1.0,0.254,0.194,-0.545,-0.234,-0.548,-0.535,-0.23,0.117,0.266,-0.308,0.436
2,B1_2,-0.116,0.575,-0.098,0.399,0.254,1.0,0.303,-0.056,-0.45,-0.261,0.09,0.309,0.102,0.373,-0.072,0.507
2,B1_3,-0.331,0.51,-0.358,-0.308,0.194,0.303,1.0,-0.524,-0.162,-0.504,-0.106,-0.156,-0.14,0.425,0.144,0.144
2,A2_1,0.007,-0.188,-0.125,0.119,-0.545,-0.056,-0.524,1.0,0.03,0.392,-0.038,0.027,0.173,-0.416,0.47,-0.391
2,A2_2,-0.468,-0.406,0.229,-0.172,-0.234,-0.45,-0.162,0.03,1.0,0.076,-0.136,-0.192,0.487,-0.61,0.178,-0.263
2,A2_3,0.06,-0.28,-0.098,-0.192,-0.548,-0.261,-0.504,0.392,0.076,1.0,0.645,0.483,-0.014,-0.232,-0.251,-0.112
2,B2_1,0.351,0.109,0.104,-0.196,-0.535,0.09,-0.106,-0.038,-0.136,0.645,1.0,0.641,-0.345,0.143,-0.396,0.015
2,B2_2,0.181,0.149,0.25,0.229,-0.23,0.309,-0.156,0.027,-0.192,0.483,0.641,1.0,-0.203,0.003,-0.233,0.282
2,B2_3,-0.518,-0.429,-0.204,-0.016,0.117,0.102,-0.14,0.173,0.487,-0.014,-0.345,-0.203,1.0,-0.434,0.05,0.192
2,y1,0.191,0.516,-0.294,-0.087,0.266,0.373,0.425,-0.416,-0.61,-0.232,0.143,0.003,-0.434,1.0,-0.415,0.404
2,y2,-0.117,-0.145,-0.186,0.075,-0.308,-0.072,0.144,0.47,0.178,-0.251,-0.396,-0.233,0.05,-0.415,1.0,-0.305
2,y3,-0.212,-0.031,-0.249,0.376,0.436,0.507,0.144,-0.391,-0.263,-0.112,0.015,0.282,0.192,0.404,-0.305,1.0
3,.,1.0,0.009,0.382,0.051,-0.082,-0.113,-0.331,0.005,-0.468,0.059,0.353,0.182,-0.516,0.192,-0.119,-0.211
3,A1_1,0.009,1.0,0.124,0.003,0.214,0.574,0.509,-0.188,-0.405,-0.28,0.108,0.149,-0.43,0.516,-0.145,-0.03
3,A1_2,0.382,0.124,1.0,0.289,0.116,-0.099,-0.359,-0.125,0.229,-0.097,0.104,0.25,-0.204,-0.295,-0.186,-0.249
3,A1_3,0.051,0.003,0.289,1.0,0.422,0.4,-0.308,0.118,-0.172,-0.192,-0.196,0.23,-0.015,-0.087,0.075,0.377
3,B1_1,-0.082,0.214,0.116,0.422,1.0,0.254,0.193,-0.546,-0.235,-0.548,-0.535,-0.229,0.117,0.266,-0.307,0.437
3,B1_2,-0.113,0.574,-0.099,0.4,0.254,1.0,0.303,-0.056,-0.451,-0.261,0.09,0.309,0.101,0.372,-0.072,0.507
3,B1_3,-0.331,0.509,-0.359,-0.308,0.193,0.303,1.0,-0.525,-0.162,-0.503,-0.105,-0.155,-0.141,0.425,0.145,0.145
3,A2_1,0.005,-0.188,-0.125,0.118,-0.546,-0.056,-0.525,1.0,0.03,0.393,-0.038,0.028,0.173,-0.417,0.47,-0.391
3,A2_2,-0.468,-0.405,0.229,-0.172,-0.235,-0.451,-0.162,0.03,1.0,0.077,-0.136,-0.192,0.486,-0.61,0.177,-0.264
3,A2_3,0.059,-0.28,-0.097,-0.192,-0.548,-0.261,-0.503,0.393,0.077,1.0,0.645,0.483,-0.013,-0.233,-0.252,-0.113
3,B2_1,0.353,0.108,0.104,-0.196,-0.535,0.09,-0.105,-0.038,-0.136,0.645,1.0,0.641,-0.344,0.142,-0.397,0.014
3,B2_2,0.182,0.149,0.25,0.23,-0.229,0.309,-0.155,0.028,-0.192,0.483,0.641,1.0,-0.202,0.001,-0.233,0.281
3,B2_3,-0.516,-0.43,-0.204,-0.015,0.117,0.101,-0.141,0.173,0.486,-0.013,-0.344,-0.202,1.0,-0.435,0.049,0.191
3,y1,0.192,0.516,-0.295,-0.087,0.266,0.372,0.425,-0.417,-0.61,-0.233,0.142,0.001,-0.435,1.0,-0.414,0.405
3,y2,-0.119,-0.145,-0.186,0.075,-0.307,-0.072,0.145,0.47,0.177,-0.252,-0.397,-0.233,0.049,-0.414,1.0,-0.306
3,y3,-0.211,-0.03,-0.249,0.377,0.437,0.507,0.145,-0.391,-0.264,-0.113,0.014,0.281,0.191,0.405,-0.306,1.0
4,.,1.0,0.009,0.383,0.051,-0.079,-0.109,-0.331,0.003,-0.468,0.058,0.355,0.182,-0.513,0.192,-0.121,-0.209
4,A1_1,0.009,1.0,0.123,0.002,0.212,0.574,0.508,-0.189,-0.405,-0.28,0.108,0.148,-0.431,0.516,-0.144,-0.029
4,A1_2,0.383,0.123,1.0,0.289,0.115,-0.1,-0.36,-0.125,0.23,-0.097,0.104,0.249,-0.205,-0.295,-0.186,-0.249
4,A1_3,0.051,0.002,0.289,1.0,0.422,0.4,-0.308,0.118,-0.171,-0.192,-0.195,0.23,-0.015,-0.088,0.075,0.378
4,B1_1,-0.079,0.212,0.115,0.422,1.0,0.253,0.193,-0.547,-0.236,-0.548,-0.534,-0.228,0.117,0.266,-0.306,0.439
4,B1_2,-0.109,0.574,-0.1,0.4,0.253,1.0,0.302,-0.055,-0.451,-0.26,0.09,0.309,0.101,0.372,-0.071,0.508
4,B1_3,-0.331,0.508,-0.36,-0.308,0.193,0.302,1.0,-0.525,-0.163,-0.502,-0.105,-0.154,-0.141,0.424,0.146,0.147
4,A2_1,0.003,-0.189,-0.125,0.118,-0.547,-0.055,-0.525,1.0,0.031,0.393,-0.037,0.028,0.174,-0.417,0.469,-0.391
4,A2_2,-0.468,-0.405,0.23,-0.171,-0.236,-0.451,-0.163,0.031,1.0,0.078,-0.137,-0.192,0.485,-0.61,0.176,-0.265
4,A2_3,0.058,-0.28,-0.097,-0.192,-0.548,-0.26,-0.502,0.393,0.078,1.0,0.646,0.484,-0.012,-0.234,-0.253,-0.114
4,B2_1,0.355,0.108,0.104,-0.195,-0.534,0.09,-0.105,-0.037,-0.137,0.646,1.0,0.642,-0.344,0.14,-0.397,0.013
4,B2_2,0.182,0.148,0.249,0.23,-0.228,0.309,-0.154,0.028,-0.192,0.484,0.642,1.0,-0.201,-0.0,-0.233,0.28
4,B2_3,-0.513,-0.431,-0.205,-0.015,0.117,0.101,-0.141,0.174,0.485,-0.012,-0.344,-0.201,1.0,-0.435,0.049,0.191
4,y1,0.192,0.516,-0.295,-0.088,0.266,0.372,0.424,-0.417,-0.61,-0.234,0.14,-0.0,-0.435,1.0,-0.412,0.405
4,y2,-0.121,-0.144,-0.186,0.075,-0.306,-0.071,0.146,0.469,0.176,-0.253,-0.397,-0.233,0.049,-0.412,1.0,-0.306
4,y3,-0.209,-0.029,-0.249,0.378,0.439,0.508,0.147,-0.391,-0.265,-0.114,0.013,0.28,0.191,0.405,-0.306,1.0
5,.,1.0,0.009,0.384,0.052,-0.077,-0.106,-0.331,0.001,-0.467,0.057,0.357,0.183,-0.511,0.193,-0.124,-0.208
5,A1_1,0.009,1.0,0.123,0.001,0.211,0.573,0.507,-0.19,-0.404,-0.28,0.107,0.147,-0.432,0.516,-0.143,-0.027
5,A1_2,0.384,0.123,1.0,0.289,0.113,-0.101,-0.361,-0.125,0.231,-0.096,0.103,0.248,-0.206,-0.295,-0.186,-0.249
5,A1_3,0.052,0.001,0.289,1.0,0.422,0.4,-0.309,0.117,-0.171,-0.192,-0.195,0.23,-0.015,-0.088,0.074,0.378
5,B1_1,-0.077,0.211,0.113,0.422,1.0,0.253,0.193,-0.548,-0.237,-0.548,-0.534,-0.227,0.117,0.266,-0.304,0.441
5,B1_2,-0.106,0.573,-0.101,0.4,0.253,1.0,0.302,-0.055,-0.452,-0.259,0.09,0.31,0.101,0.371,-0.071,0.509
5,B1_3,-0.331,0.507,-0.361,-0.309,0.193,0.302,1.0,-0.525,-0.164,-0.501,-0.104,-0.152,-0.141,0.424,0.148,0.149
5,A2_1,0.001,-0.19,-0.125,0.117,-0.548,-0.055,-0.525,1.0,0.032,0.393,-0.036,0.029,0.175,-0.418,0.469,-0.392
5,A2_2,-0.467,-0.404,0.231,-0.171,-0.237,-0.452,-0.164,0.032,1.0,0.078,-0.137,-0.193,0.484,-0.61,0.175,-0.265
5,A2_3,0.057,-0.28,-0.096,-0.192,-0.548,-0.259,-0.501,0.393,0.078,1.0,0.646,0.484,-0.011,-0.235,-0.254,-0.115
5,B2_1,0.357,0.107,0.103,-0.195,-0.534,0.09,-0.104,-0.036,-0.137,0.646,1.0,0.643,-0.343,0.139,-0.397,0.012
5,B2_2,0.183,0.147,0.248,0.23,-0.227,0.31,-0.152,0.029,-0.193,0.484,0.643,1.0,-0.2,-0.002,-0.233,0.279
5,B2_3,-0.511,-0.432,-0.206,-0.015,0.117,0.101,-0.141,0.175,0.484,-0.011,-0.343,-0.2,1.0,-0.436,0.049,0.191
5,y1,0.193,0.516,-0.295,-0.088,0.266,0.371,0.424,-0.418,-0.61,-0.235,0.139,-0.002,-0.436,1.0,-0.411,0.405
5,y2,-0.124,-0.143,-0.186,0.074,-0.304,-0.071,0.148,0.469,0.175,-0.254,-0.397,-0.233,0.049,-0.411,1.0,-0.307
5,y3,-0.208,-0.027,-0.249,0.378,0.441,0.509,0.149,-0.392,-0.265,-0.115,0.012,0.279,0.191,0.405,-0.307,1.0
6,.,1.0,0.009,0.385,0.053,-0.075,-0.104,-0.332,-0.0,-0.467,0.056,0.358,0.183,-0.508,0.194,-0.126,-0.206
6,A1_1,0.009,1.0,0.123,0.001,0.21,0.572,0.506,-0.19,-0.404,-0.28,0.107,0.146,-0.433,0.516,-0.143,-0.026
6,A1_2,0.385,0.123,1.0,0.29,0.111,-0.102,-0.363,-0.125,0.232,-0.096,0.102,0.247,-0.207,-0.295,-0.186,-0.249
6,A1_3,0.053,0.001,0.29,1.0,0.421,0.4,-0.309,0.117,-0.17,-0.192,-0.195,0.23,-0.015,-0.089,0.074,0.379
6,B1_1,-0.075,0.21,0.111,0.421,1.0,0.253,0.194,-0.549,-0.238,-0.548,-0.533,-0.226,0.117,0.266,-0.303,0.443
6,B1_2,-0.104,0.572,-0.102,0.4,0.253,1.0,0.302,-0.055,-0.453,-0.259,0.09,0.31,0.101,0.37,-0.07,0.51
6,B1_3,-0.332,0.506,-0.363,-0.309,0.194,0.302,1.0,-0.525,-0.165,-0.5,-0.104,-0.15,-0.14,0.424,0.149,0.151
6,A2_1,-0.0,-0.19,-0.125,0.117,-0.549,-0.055,-0.525,1.0,0.033,0.393,-0.036,0.029,0.176,-0.418,0.469,-0.392
6,A2_2,-0.467,-0.404,0.232,-0.17,-0.238,-0.453,-0.165,0.033,1.0,0.079,-0.137,-0.193,0.483,-0.61,0.175,-0.266
6,A2_3,0.056,-0.28,-0.096,-0.192,-0.548,-0.259,-0.5,0.393,0.079,1.0,0.647,0.484,-0.01,-0.237,-0.255,-0.116
6,B2_1,0.358,0.107,0.102,-0.195,-0.533,0.09,-0.104,-0.036,-0.137,0.647,1.0,0.643,-0.342,0.137,-0.397,0.011
6,B2_2,0.183,0.146,0.247,0.23,-0.226,0.31,-0.15,0.029,-0.193,0.484,0.643,1.0,-0.199,-0.003,-0.233,0.278
6,B2_3,-0.508,-0.433,-0.207,-0.015,0.117,0.101,-0.14,0.176,0.483,-0.01,-0.342,-0.199,1.0,-0.437,0.05,0.191
6,y1,0.194,0.516,-0.295,-0.089,0.266,0.37,0.424,-0.418,-0.61,-0.237,0.137,-0.003,-0.437,1.0,-0.41,0.405
6,y2,-0.126,-0.143,-0.186,0.074,-0.303,-0.07,0.149,0.469,0.175,-0.255,-0.397,-0.233,0.05,-0.41,1.0,-0.308
6,y3,-0.206,-0.026,-0.249,0.379,0.443,0.51,0.151,-0.392,-0.266,-0.116,0.011,0.278,0.191,0.405,-0.308,1.0
7,.,1.0,0.009,0.386,0.054,-0.073,-0.101,-0.333,-0.002,-0.466,0.054,0.359,0.183,-0.506,0.194,-0.129,-0.205
7,A1_1,0.009,1.0,0.123,0.0,0.208,0.571,0.505,-0.191,-0.403,-0.28,0.106,0.146,-0.434,0.516,-0.142,-0.025
7,A1_2,0.386,0.123,1.0,0.29,0.11,-0.104,-0.364,-0.124,0.233,-0.095,0.101,0.246,-0.208,-0.295,-0.186,-0.248
7,A1_3,0.054,0.0,0.29,1.0,0.421,0.4,-0.309,0.116,-0.17,-0.192,-0.194,0.23,-0.014,-0.089,0.074,0.38
7,B1_1,-0.073,0.208,0.11,0.421,1.0,0.252,0.194,-0.549,-0.24,-0.547,-0.533,-0.225,0.117,0.266,-0.301,0.445
7,B1_2,-0.101,0.571,-0.104,0.4,0.252,1.0,0.302,-0.055,-0.453,-0.258,0.09,0.311,0.101,0.369,-0.069,0.511
7,B1_3,-0.333,0.505,-0.364,-0.309,0.194,0.302,1.0,-0.525,-0.166,-0.5,-0.103,-0.148,-0.139,0.423,0.151,0.153
7,A2_1,-0.002,-0.191,-0.124,0.116,-0.549,-0.055,-0.525,1.0,0.034,0.394,-0.035,0.03,0.176,-0.419,0.468,-0.393
7,A2_2,-0.466,-0.403,0.233,-0.17,-0.24,-0.453,-0.166,0.034,1.0,0.08,-0.138,-0.193,0.482,-0.61,0.174,-0.266
7,A2_3,0.054,-0.28,-0.095,-0.192,-0.547,-0.258,-0.5,0.394,0.08,1.0,0.647,0.485,-0.009,-0.238,-0.256,-0.117
7,B2_1,0.359,0.106,0.101,-0.194,-0.533,0.09,-0.103,-0.035,-0.138,0.647,1.0,0.644,-0.341,0.135,-0.397,0.011
7,B2_2,0.183,0.146,0.246,0.23,-0.225,0.311,-0.148,0.03,-0.193,0.485,0.644,1.0,-0.198,-0.005,-0.234,0.277
7,B2_3,-0.506,-0.434,-0.208,-0.014,0.117,0.101,-0.139,0.176,0.482,-0.009,-0.341,-0.198,1.0,-0.438,0.05,0.19
7,y1,0.194,0.516,-0.295,-0.089,0.266,0.369,0.423,-0.419,-0.61,-0.238,0.135,-0.005,-0.438,1.0,-0.408,0.406
7,y2,-0.129,-0.142,-0.186,0.074,-0.301,-0.069,0.151,0.468,0.174,-0.256,-0.397,-0.234,0.05,-0.408,1.0,-0.309
7,y3,-0.205,-0.025,-0.248,0.38,0.445,0.511,0.153,-0.393,-0.266,-0.117,0.011,0.277,0.19,0.406,-0.309,1.0
8,.,1.0,0.01,0.387,0.054,-0.072,-0.098,-0.334,-0.005,-0.466,0.052,0.359,0.182,-0.504,0.195,-0.132,-0.204
8,A1_1,0.01,1.0,0.123,-0.001,0.207,0.57,0.503,-0.191,-0.402,-0.28,0.105,0.145,-0.434,0.517,-0.141,-0.023
8,A1_2,0.387,0.123,1.0,0.29,0.107,-0.105,-0.366,-0.124,0.234,-0.094,0.1,0.244,-0.209,-0.295,-0.186,-0.248
8,A1_3,0.054,-0.001,0.29,1.0,0.421,0.4,-0.309,0.116,-0.169,-0.192,-0.194,0.23,-0.014,-0.09,0.073,0.38
8,B1_1,-0.072,0.207,0.107,0.421,1.0,0.252,0.195,-0.55,-0.241,-0.547,-0.533,-0.223,0.118,0.266,-0.3,0.447
8,B1_2,-0.098,0.57,-0.105,0.4,0.252,1.0,0.302,-0.055,-0.454,-0.258,0.091,0.311,0.101,0.368,-0.069,0.512
8,B1_3,-0.334,0.503,-0.366,-0.309,0.195,0.302,1.0,-0.525,-0.167,-0.499,-0.102,-0.146,-0.138,0.423,0.152,0.155
8,A2_1,-0.005,-0.191,-0.124,0.116,-0.55,-0.055,-0.525,1.0,0.035,0.394,-0.035,0.03,0.177,-0.42,0.468,-0.393
8,A2_2,-0.466,-0.402,0.234,-0.169,-0.241,-0.454,-0.167,0.035,1.0,0.081,-0.138,-0.193,0.481,-0.61,0.173,-0.267
8,A2_3,0.052,-0.28,-0.094,-0.192,-0.547,-0.258,-0.499,0.394,0.081,1.0,0.648,0.485,-0.008,-0.24,-0.257,-0.119
8,B2_1,0.359,0.105,0.1,-0.194,-0.533,0.091,-0.102,-0.035,-0.138,0.648,1.0,0.644,-0.34,0.134,-0.397,0.01
8,B2_2,0.182,0.145,0.244,0.23,-0.223,0.311,-0.146,0.03,-0.193,0.485,0.644,1.0,-0.196,-0.007,-0.234,0.276
8,B2_3,-0.504,-0.434,-0.209,-0.014,0.118,0.101,-0.138,0.177,0.481,-0.008,-0.34,-0.196,1.0,-0.438,0.05,0.19
8,y1,0.195,0.517,-0.295,-0.09,0.266,0.368,0.423,-0.42,-0.61,-0.24,0.134,-0.007,-0.438,1.0,-0.407,0.406
8,y2,-0.132,-0.141,-0.186,0.073,-0.3,-0.069,0.152,0.468,0.173,-0.257,-0.397,-0.234,0.05,-0.407,1.0,-0.31
8,y3,-0.204,-0.023,-0.248,0.38,0.447,0.512,0.155,-0.393,-0.267,-0.119,0.01,0.276,0.19,0.406,-0.31,1.0
9,.,1.0,0.01,0.389,0.055,-0.07,-0.096,-0.336,-0.007,-0.465,0.05,0.36,0.181,-0.502,0.196,-0.135,-0.203
9,A1_1,0.01,1.0,0.123,-0.001,0.205,0.569,0.502,-0.192,-0.401,-0.28,0.104,0.144,-0.435,0.517,-0.14,-0.022
9,A1_2,0.389,0.123,1.0,0.29,0.105,-0.107,-0.368,-0.123,0.235,-0.093,0.099,0.243,-0.21,-0.295,-0.186,-0.248
9,A1_3,0.055,-0.001,0.29,1.0,0.42,0.4,-0.31,0.115,-0.168,-0.192,-0.194,0.229,-0.014,-0.09,0.073,0.38
9,B1_1,-0.07,0.205,0.105,0.42,1.0,0.252,0.196,-0.551,-0.242,-0.547,-0.532,-0.222,0.118,0.266,-0.298,0.45
9,B1_2,-0.096,0.569,-0.107,0.4,0.252,1.0,0.303,-0.055,-0.454,-0.257,0.091,0.312,0.102,0.367,-0.068,0.513
9,B1_3,-0.336,0.502,-0.368,-0.31,0.196,0.303,1.0,-0.525,-0.168,-0.498,-0.101,-0.144,-0.137,0.422,0.154,0.157
9,A2_1,-0.007,-0.192,-0.123,0.115,-0.551,-0.055,-0.525,1.0,0.036,0.394,-0.034,0.03,0.177,-0.42,0.467,-0.394
9,A2_2,-0.465,-0.401,0.235,-0.168,-0.242,-0.454,-0.168,0.036,1.0,0.082,-0.139,-0.194,0.479,-0.61,0.173,-0.268
9,A2_3,0.05,-0.28,-0.093,-0.192,-0.547,-0.257,-0.498,0.394,0.082,1.0,0.649,0.485,-0.007,-0.241,-0.258,-0.12
9,B2_1,0.36,0.104,0.099,-0.194,-0.532,0.091,-0.101,-0.034,-0.139,0.649,1.0,0.645,-0.339,0.132,-0.397,0.01
9,B2_2,0.181,0.144,0.243,0.229,-0.222,0.312,-0.144,0.03,-0.194,0.485,0.645,1.0,-0.194,-0.009,-0.234,0.275
9,B2_3,-0.502,-0.435,-0.21,-0.014,0.118,0.102,-0.137,0.177,0.479,-0.007,-0.339,-0.194,1.0,-0.439,0.05,0.19
9,y1,0.196,0.517,-0.295,-0.09,0.266,0.367,0.422,-0.42,-0.61,-0.241,0.132,-0.009,-0.439,1.0,-0.406,0.406
9,y2,-0.135,-0.14,-0.186,0.073,-0.298,-0.068,0.154,0.467,0.173,-0.258,-0.397,-0.234,0.05,-0.406,1.0,-0.312
9,y3,-0.203,-0.022,-0.248,0.38,0.45,0.513,0.157,-0.394,-0.268,-0.12,0.01,0.275,0.19,0.406,-0.312,1.0
10,.,1.0,0.011,0.391,0.056,-0.068,-0.094,-0.337,-0.009,-0.464,0.048,0.36,0.179,-0.501,0.198,-0.139,-0.202
10,A1_1,0.011,1.0,0.123,-0.002,0.204,0.568,0.5,-0.192,-0.4,-0.28,0.103,0.143,-0.436,0.517,-0.139,-0.021
10,A1_2,0.391,0.123,1.0,0.291,0.103,-0.109,-0.37,-0.123,0.236,-0.092,0.098,0.241,-0.211,-0.295,-0.186,-0.248
10,A1_3,0.056,-0.002,0.291,1.0,0.42,0.399,-0.31,0.115,-0.167,-0.192,-0.194,0.229,-0.014,-0.091,0.072,0.381
10,B1_1,-0.068,0.204,0.103,0.42,1.0,0.252,0.197,-0.551,-0.243,-0.546,-0.531,-0.22,0.119,0.266,-0.297,0.452
10,B1_2,-0.094,0.568,-0.109,0.399,0.252,1.0,0.303,-0.055,-0.455,-0.256,0.091,0.313,0.102,0.366,-0.067,0.514
10,B1_3,-0.337,0.5,-0.37,-0.31,0.197,0.303,1.0,-0.525,-0.169,-0.497,-0.1,-0.141,-0.135,0.421,0.155,0.159
10,A2_1,-0.009,-0.192,-0.123,0.115,-0.551,-0.055,-0.525,1.0,0.038,0.395,-0.034,0.031,0.177,-0.421,0.467,-0.395
10,A2_2,-0.464,-0.4,0.236,-0.167,-0.243,-0.455,-0.169,0.038,1.0,0.083,-0.139,-0.194,0.478,-0.61,0.172,-0.269
10,A2_3,0.048,-0.28,-0.092,-0.192,-0.546,-0.256,-0.497,0.395,0.083,1.0,0.649,0.485,-0.006,-0.243,-0.259,-0.122
10,B2_1,0.36,0.103,0.098,-0.194,-0.531,0.091,-0.1,-0.034,-0.139,0.649,1.0,0.645,-0.338,0.13,-0.397,0.009
10,B2_2,0.179,0.143,0.241,0.229,-0.22,0.313,-0.141,0.031,-0.194,0.485,0.645,1.0,-0.192,-0.01,-0.234,0.274
10,B2_3,-0.501,-0.436,-0.211,-0.014,0.119,0.102,-0.135,0.177,0.478,-0.006,-0.338,-0.192,1.0,-0.44,0.05,0.19
10,y1,0.198,0.517,-0.295,-0.091,0.266,0.366,0.421,-0.421,-0.61,-0.243,0.13,-0.01,-0.44,1.0,-0.404,0.406
10,y2,-0.139,-0.139,-0.186,0.072,-0.297,-0.067,0.155,0.467,0.172,-0.259,-0.397,-0.234,0.05,-0.404,1.0,-0.313
10,y3,-0.202,-0.021,-0.248,0.381,0.452,0.514,0.159,-0.395,-0.269,-0.122,0.009,0.274,0.19,0.406,-0.313,1.0
11,.,1.0,0.012,0.392,0.057,-0.067,-0.092,-0.339,-0.011,-0.463,0.046,0.36,0.178,-0.499,0.199,-0.142,-0.201
11,A1_1,0.012,1.0,0.123,-0.002,0.202,0.567,0.498,-0.193,-0.399,-0.28,0.103,0.142,-0.437,0.517,-0.138,-0.019
11,A1_2,0.392,0.123,1.0,0.291,0.1,-0.111,-0.372,-0.122,0.237,-0.091,0.096,0.239,-0.213,-0.294,-0.186,-0.247
11,A1_3,0.057,-0.002,0.291,1.0,0.419,0.399,-0.31,0.115,-0.166,-0.192,-0.194,0.229,-0.014,-0.091,0.072,0.381
11,B1_1,-0.067,0.202,0.1,0.419,1.0,0.253,0.199,-0.552,-0.245,-0.546,-0.531,-0.218,0.12,0.266,-0.295,0.455
11,B1_2,-0.092,0.567,-0.111,0.399,0.253,1.0,0.304,-0.055,-0.455,-0.256,0.092,0.314,0.103,0.365,-0.066,0.516
11,B1_3,-0.339,0.498,-0.372,-0.31,0.199,0.304,1.0,-0.525,-0.17,-0.496,-0.098,-0.139,-0.133,0.42,0.156,0.161
11,A2_1,-0.011,-0.193,-0.122,0.115,-0.552,-0.055,-0.525,1.0,0.039,0.395,-0.034,0.031,0.178,-0.421,0.466,-0.396
11,A2_2,-0.463,-0.399,0.237,-0.166,-0.245,-0.455,-0.17,0.039,1.0,0.084,-0.14,-0.195,0.476,-0.61,0.171,-0.27
11,A2_3,0.046,-0.28,-0.091,-0.192,-0.546,-0.256,-0.496,0.395,0.084,1.0,0.649,0.485,-0.005,-0.244,-0.261,-0.124
11,B2_1,0.36,0.103,0.096,-0.194,-0.531,0.092,-0.098,-0.034,-0.14,0.649,1.0,0.646,-0.336,0.128,-0.397,0.009
11,B2_2,0.178,0.142,0.239,0.229,-0.218,0.314,-0.139,0.031,-0.195,0.485,0.646,1.0,-0.19,-0.012,-0.234,0.273
11,B2_3,-0.499,-0.437,-0.213,-0.014,0.12,0.103,-0.133,0.178,0.476,-0.005,-0.336,-0.19,1.0,-0.44,0.05,0.189
11,y1,0.199,0.517,-0.294,-0.091,0.266,0.365,0.42,-0.421,-0.61,-0.244,0.128,-0.012,-0.44,1.0,-0.403,0.407
11,y2,-0.142,-0.138,-0.186,0.072,-0.295,-0.066,0.156,0.466,0.171,-0.261,-0.397,-0.234,0.05,-0.403,1.0,-0.315
11,y3,-0.201,-0.019,-0.247,0.381,0.455,0.516,0.161,-0.396,-0.27,-0.124,0.009,0.273,0.189,0.407,-0.315,1.0
12,.,1.0,0.013,0.395,0.059,-0.066,-0.09,-0.341,-0.013,-0.462,0.043,0.359,0.176,-0.498,0.2,-0.145,-0.199
12,A1_1,0.013,1.0,0.123,-0.003,0.201,0.566,0.496,-0.193,-0.398,-0.28,0.102,0.141,-0.438,0.518,-0.138,-0.018
12,A1_2,0.395,0.123,1.0,0.291,0.098,-0.113,-0.374,-0.121,0.238,-0.09,0.094,0.236,-0.215,-0.294,-0.185,-0.247
12,A1_3,0.059,-0.003,0.291,1.0,0.418,0.398,-0.31,0.114,-0.165,-0.192,-0.194,0.228,-0.014,-0.092,0.071,0.382
12,B1_1,-0.066,0.201,0.098,0.418,1.0,0.253,0.2,-0.553,-0.246,-0.545,-0.53,-0.217,0.121,0.265,-0.294,0.457
12,B1_2,-0.09,0.566,-0.113,0.398,0.253,1.0,0.305,-0.056,-0.456,-0.255,0.092,0.315,0.104,0.364,-0.066,0.517
12,B1_3,-0.341,0.496,-0.374,-0.31,0.2,0.305,1.0,-0.525,-0.171,-0.495,-0.097,-0.136,-0.13,0.419,0.158,0.163
12,A2_1,-0.013,-0.193,-0.121,0.114,-0.553,-0.056,-0.525,1.0,0.04,0.395,-0.033,0.031,0.178,-0.422,0.466,-0.397
12,A2_2,-0.462,-0.398,0.238,-0.165,-0.246,-0.456,-0.171,0.04,1.0,0.085,-0.14,-0.195,0.475,-0.61,0.171,-0.27
12,A2_3,0.043,-0.28,-0.09,-0.192,-0.545,-0.255,-0.495,0.395,0.085,1.0,0.65,0.485,-0.004,-0.246,-0.262,-0.126
12,B2_1,0.359,0.102,0.094,-0.194,-0.53,0.092,-0.097,-0.033,-0.14,0.65,1.0,0.646,-0.334,0.127,-0.397,0.008
12,B2_2,0.176,0.141,0.236,0.228,-0.217,0.315,-0.136,0.031,-0.195,0.485,0.646,1.0,-0.188,-0.014,-0.234,0.272
12,B2_3,-0.498,-0.438,-0.215,-0.014,0.121,0.104,-0.13,0.178,0.475,-0.004,-0.334,-0.188,1.0,-0.441,0.049,0.189
12,y1,0.2,0.518,-0.294,-0.092,0.265,0.364,0.419,-0.422,-0.61,-0.246,0.127,-0.014,-0.441,1.0,-0.402,0.407
12,y2,-0.145,-0.138,-0.185,0.071,-0.294,-0.066,0.158,0.466,0.171,-0.262,-0.397,-0.234,0.049,-0.402,1.0,-0.317
12,y3,-0.199,-0.018,-0.247,0.382,0.457,0.517,0.163,-0.397,-0.27,-0.126,0.008,0.272,0.189,0.407,-0.317,1.0
13,.,1.0,0.014,0.397,0.06,-0.065,-0.089,-0.344,-0.015,-0.46,0.041,0.358,0.173,-0.497,0.202,-0.148,-0.198
13,A1_1,0.014,1.0,0.123,-0.004,0.2,0.564,0.494,-0.194,-0.397,-0.28,0.101,0.139,-0.438,0.518,-0.137,-0.016
13,A1_2,0.397,0.123,1.0,0.292,0.095,-0.115,-0.377,-0.12,0.24,-0.089,0.093,0.234,-0.216,-0.293,-0.185,-0.246
13,A1_3,0.06,-0.004,0.292,1.0,0.418,0.398,-0.311,0.114,-0.164,-0.192,-0.194,0.228,-0.014,-0.093,0.071,0.382
13,B1_1,-0.065,0.2,0.095,0.418,1.0,0.254,0.202,-0.553,-0.247,-0.545,-0.529,-0.215,0.122,0.265,-0.292,0.46
13,B1_2,-0.089,0.564,-0.115,0.398,0.254,1.0,0.306,-0.056,-0.456,-0.255,0.093,0.316,0.106,0.362,-0.065,0.518
13,B1_3,-0.344,0.494,-0.377,-0.311,0.202,0.306,1.0,-0.525,-0.172,-0.494,-0.095,-0.132,-0.127,0.418,0.159,0.166
13,A2_1,-0.015,-0.194,-0.12,0.114,-0.553,-0.056,-0.525,1.0,0.042,0.396,-0.033,0.031,0.178,-0.423,0.465,-0.398
13,A2_2,-0.46,-0.397,0.24,-0.164,-0.247,-0.456,-0.172,0.042,1.0,0.086,-0.141,-0.196,0.473,-0.61,0.17,-0.271
13,A2_3,0.041,-0.28,-0.089,-0.192,-0.545,-0.255,-0.494,0.396,0.086,1.0,0.65,0.485,-0.004,-0.247,-0.264,-0.128
13,B2_1,0.358,0.101,0.093,-0.194,-0.529,0.093,-0.095,-0.033,-0.141,0.65,1.0,0.647,-0.332,0.125,-0.397,0.008
13,B2_2,0.173,0.139,0.234,0.228,-0.215,0.316,-0.132,0.031,-0.196,0.485,0.647,1.0,-0.185,-0.016,-0.235,0.271
13,B2_3,-0.497,-0.438,-0.216,-0.014,0.122,0.106,-0.127,0.178,0.473,-0.004,-0.332,-0.185,1.0,-0.442,0.049,0.189
13,y1,0.202,0.518,-0.293,-0.093,0.265,0.362,0.418,-0.423,-0.61,-0.247,0.125,-0.016,-0.442,1.0,-0.4,0.407
13,y2,-0.148,-0.137,-0.185,0.071,-0.292,-0.065,0.159,0.465,0.17,-0.264,-0.397,-0.235,0.049,-0.4,1.0,-0.319
13,y3,-0.198,-0.016,-0.246,0.382,0.46,0.518,0.166,-0.398,-0.271,-0.128,0.008,0.271,0.189,0.407,-0.319,1.0
14,.,1.0,0.015,0.399,0.061,-0.064,-0.087,-0.346,-0.017,-0.458,0.038,0.356,0.17,-0.496,0.203,-0.151,-0.197
14,A1_1,0.015,1.0,0.123,-0.004,0.198,0.563,0.491,-0.194,-0.396,-0.281,0.1,0.138,-0.439,0.518,-0.136,-0.015
14,A1_2,0.399,0.123,1.0,0.293,0.092,-0.118,-0.379,-0.119,0.241,-0.088,0.091,0.232,-0.218,-0.293,-0.184,-0.246
14,A1_3,0.061,-0.004,0.293,1.0,0.417,0.397,-0.311,0.114,-0.163,-0.192,-0.194,0.227,-0.014,-0.093,0.07,0.382
14,B1_1,-0.064,0.198,0.092,0.417,1.0,0.254,0.203,-0.554,-0.248,-0.545,-0.528,-0.213,0.124,0.265,-0.29,0.463
14,B1_2,-0.087,0.563,-0.118,0.397,0.254,1.0,0.308,-0.056,-0.457,-0.255,0.094,0.317,0.107,0.361,-0.064,0.519
14,B1_3,-0.346,0.491,-0.379,-0.311,0.203,0.308,1.0,-0.525,-0.173,-0.493,-0.094,-0.129,-0.124,0.416,0.16,0.168
14,A2_1,-0.017,-0.194,-0.119,0.114,-0.554,-0.056,-0.525,1.0,0.043,0.396,-0.033,0.031,0.178,-0.423,0.465,-0.4
14,A2_2,-0.458,-0.396,0.241,-0.163,-0.248,-0.457,-0.173,0.043,1.0,0.087,-0.141,-0.196,0.471,-0.61,0.169,-0.272
14,A2_3,0.038,-0.281,-0.088,-0.192,-0.545,-0.255,-0.493,0.396,0.087,1.0,0.651,0.485,-0.003,-0.249,-0.265,-0.13
14,B2_1,0.356,0.1,0.091,-0.194,-0.528,0.094,-0.094,-0.033,-0.141,0.651,1.0,0.647,-0.33,0.123,-0.397,0.008
14,B2_2,0.17,0.138,0.232,0.227,-0.213,0.317,-0.129,0.031,-0.196,0.485,0.647,1.0,-0.183,-0.019,-0.235,0.27
14,B2_3,-0.496,-0.439,-0.218,-0.014,0.124,0.107,-0.124,0.178,0.471,-0.003,-0.33,-0.183,1.0,-0.443,0.049,0.188
14,y1,0.203,0.518,-0.293,-0.093,0.265,0.361,0.416,-0.423,-0.61,-0.249,0.123,-0.019,-0.443,1.0,-0.399,0.408
14,y2,-0.151,-0.136,-0.184,0.07,-0.29,-0.064,0.16,0.465,0.169,-0.265,-0.397,-0.235,0.049,-0.399,1.0,-0.321
14,y3,-0.197,-0.015,-0.246,0.382,0.463,0.519,0.168,-0.4,-0.272,-0.13,0.008,0.27,0.188,0.408,-0.321,1.0
15,.,1.0,0.016,0.402,0.063,-0.063,-0.087,-0.349,-0.018,-0.456,0.035,0.354,0.166,-0.496,0.205,-0.154,-0.197
15,A1_1,0.016,1.0,0.123,-0.005,0.197,0.561,0.489,-0.194,-0.395,-0.281,0.099,0.137,-0.44,0.518,-0.135,-0.014
15,A1_2,0.402,0.123,1.0,0.293,0.088,-0.12,-0.382,-0.117,0.243,-0.087,0.089,0.229,-0.22,-0.292,-0.184,-0.245
15,A1_3,0.063,-0.005,0.293,1.0,0.416,0.396,-0.312,0.114,-0.162,-0.192,-0.194,0.227,-0.014,-0.094,0.07,0.383
15,B1_1,-0.063,0.197,0.088,0.416,1.0,0.255,0.205,-0.554,-0.249,-0.544,-0.527,-0.21,0.125,0.265,-0.289,0.466
15,B1_2,-0.087,0.561,-0.12,0.396,0.255,1.0,0.309,-0.057,-0.457,-0.254,0.094,0.319,0.109,0.359,-0.064,0.521
15,B1_3,-0.349,0.489,-0.382,-0.312,0.205,0.309,1.0,-0.525,-0.175,-0.492,-0.092,-0.125,-0.121,0.415,0.161,0.17
15,A2_1,-0.018,-0.194,-0.117,0.114,-0.554,-0.057,-0.525,1.0,0.045,0.396,-0.033,0.031,0.178,-0.424,0.464,-0.401
15,A2_2,-0.456,-0.395,0.243,-0.162,-0.249,-0.457,-0.175,0.045,1.0,0.088,-0.142,-0.197,0.469,-0.609,0.169,-0.274
15,A2_3,0.035,-0.281,-0.087,-0.192,-0.544,-0.254,-0.492,0.396,0.088,1.0,0.651,0.485,-0.002,-0.251,-0.267,-0.133
15,B2_1,0.354,0.099,0.089,-0.194,-0.527,0.094,-0.092,-0.033,-0.142,0.651,1.0,0.648,-0.328,0.121,-0.397,0.008
15,B2_2,0.166,0.137,0.229,0.227,-0.21,0.319,-0.125,0.031,-0.197,0.485,0.648,1.0,-0.18,-0.021,-0.236,0.269
15,B2_3,-0.496,-0.44,-0.22,-0.014,0.125,0.109,-0.121,0.178,0.469,-0.002,-0.328,-0.18,1.0,-0.443,0.048,0.188
15,y1,0.205,0.518,-0.292,-0.094,0.265,0.359,0.415,-0.424,-0.609,-0.251,0.121,-0.021,-0.443,1.0,-0.397,0.408
15,y2,-0.154,-0.135,-0.184,0.07,-0.289,-0.064,0.161,0.464,0.169,-0.267,-0.397,-0.236,0.048,-0.397,1.0,-0.323
15,y3,-0.197,-0.014,-0.245,0.383,0.466,0.521,0.17,-0.401,-0.274,-0.133,0.008,0.269,0.188,0.408,-0.323,1.0
16,.,1.0,0.018,0.405,0.064,-0.063,-0.087,-0.352,-0.02,-0.454,0.032,0.352,0.163,-0.495,0.206,-0.157,-0.196
16,A1_1,0.018,1.0,0.123,-0.005,0.195,0.559,0.487,-0.195,-0.394,-0.281,0.098,0.136,-0.44,0.518,-0.133,-0.012
16,A1_2,0.405,0.123,1.0,0.294,0.085,-0.123,-0.384,-0.116,0.244,-0.086,0.086,0.226,-0.222,-0.291,-0.183,-0.245
16,A1_3,0.064,-0.005,0.294,1.0,0.415,0.395,-0.312,0.114,-0.161,-0.192,-0.194,0.226,-0.014,-0.095,0.069,0.383
16,B1_1,-0.063,0.195,0.085,0.415,1.0,0.256,0.208,-0.555,-0.251,-0.544,-0.525,-0.208,0.127,0.264,-0.287,0.469
16,B1_2,-0.087,0.559,-0.123,0.395,0.256,1.0,0.311,-0.058,-0.458,-0.254,0.095,0.32,0.111,0.357,-0.063,0.522
16,B1_3,-0.352,0.487,-0.384,-0.312,0.208,0.311,1.0,-0.525,-0.176,-0.49,-0.089,-0.122,-0.117,0.413,0.162,0.172
16,A2_1,-0.02,-0.195,-0.116,0.114,-0.555,-0.058,-0.525,1.0,0.047,0.397,-0.033,0.03,0.178,-0.424,0.463,-0.403
16,A2_2,-0.454,-0.394,0.244,-0.161,-0.251,-0.458,-0.176,0.047,1.0,0.089,-0.143,-0.197,0.466,-0.609,0.168,-0.275
16,A2_3,0.032,-0.281,-0.086,-0.192,-0.544,-0.254,-0.49,0.397,0.089,1.0,0.651,0.484,-0.002,-0.253,-0.268,-0.135
16,B2_1,0.352,0.098,0.086,-0.194,-0.525,0.095,-0.089,-0.033,-0.143,0.651,1.0,0.649,-0.326,0.119,-0.397,0.008
16,B2_2,0.163,0.136,0.226,0.226,-0.208,0.32,-0.122,0.03,-0.197,0.484,0.649,1.0,-0.177,-0.023,-0.236,0.268
16,B2_3,-0.495,-0.44,-0.222,-0.014,0.127,0.111,-0.117,0.178,0.466,-0.002,-0.326,-0.177,1.0,-0.444,0.047,0.187
16,y1,0.206,0.518,-0.291,-0.095,0.264,0.357,0.413,-0.424,-0.609,-0.253,0.119,-0.023,-0.444,1.0,-0.395,0.409
16,y2,-0.157,-0.133,-0.183,0.069,-0.287,-0.063,0.162,0.463,0.168,-0.268,-0.397,-0.236,0.047,-0.395,1.0,-0.325
16,y3,-0.196,-0.012,-0.245,0.383,0.469,0.522,0.172,-0.403,-0.275,-0.135,0.008,0.268,0.187,0.409,-0.325,1.0
17,.,1.0,0.019,0.407,0.066,-0.063,-0.087,-0.356,-0.021,-0.452,0.03,0.349,0.158,-0.495,0.208,-0.16,-0.194
17,A1_1,0.019,1.0,0.124,-0.006,0.194,0.557,0.484,-0.195,-0.393,-0.281,0.097,0.135,-0.441,0.518,-0.132,-0.011
17,A1_2,0.407,0.124,1.0,0.295,0.081,-0.126,-0.387,-0.114,0.246,-0.084,0.084,0.223,-0.224,-0.291,-0.182,-0.244
17,A1_3,0.066,-0.006,0.295,1.0,0.414,0.393,-0.313,0.114,-0.159,-0.192,-0.194,0.225,-0.014,-0.095,0.069,0.383
17,B1_1,-0.063,0.194,0.081,0.414,1.0,0.257,0.21,-0.556,-0.252,-0.543,-0.524,-0.205,0.129,0.264,-0.286,0.472
17,B1_2,-0.087,0.557,-0.126,0.393,0.257,1.0,0.313,-0.058,-0.458,-0.253,0.096,0.322,0.113,0.355,-0.063,0.523
17,B1_3,-0.356,0.484,-0.387,-0.313,0.21,0.313,1.0,-0.525,-0.177,-0.489,-0.087,-0.117,-0.113,0.411,0.163,0.174
17,A2_1,-0.021,-0.195,-0.114,0.114,-0.556,-0.058,-0.525,1.0,0.048,0.397,-0.033,0.03,0.177,-0.425,0.463,-0.404
17,A2_2,-0.452,-0.393,0.246,-0.159,-0.252,-0.458,-0.177,0.048,1.0,0.09,-0.143,-0.198,0.464,-0.609,0.167,-0.276
17,A2_3,0.03,-0.281,-0.084,-0.192,-0.543,-0.253,-0.489,0.397,0.09,1.0,0.651,0.484,-0.001,-0.254,-0.27,-0.138
17,B2_1,0.349,0.097,0.084,-0.194,-0.524,0.096,-0.087,-0.033,-0.143,0.651,1.0,0.649,-0.323,0.117,-0.397,0.007
17,B2_2,0.158,0.135,0.223,0.225,-0.205,0.322,-0.117,0.03,-0.198,0.484,0.649,1.0,-0.173,-0.026,-0.237,0.267
17,B2_3,-0.495,-0.441,-0.224,-0.014,0.129,0.113,-0.113,0.177,0.464,-0.001,-0.323,-0.173,1.0,-0.445,0.047,0.187
17,y1,0.208,0.518,-0.291,-0.095,0.264,0.355,0.411,-0.425,-0.609,-0.254,0.117,-0.026,-0.445,1.0,-0.394,0.409
17,y2,-0.16,-0.132,-0.182,0.069,-0.286,-0.063,0.163,0.463,0.167,-0.27,-0.397,-0.237,0.047,-0.394,1.0,-0.327
17,y3,-0.194,-0.011,-0.244,0.383,0.472,0.523,0.174,-0.404,-0.276,-0.138,0.007,0.267,0.187,0.409,-0.327,1.0
18,.,1.0,0.02,0.41,0.067,-0.063,-0.087,-0.36,-0.023,-0.449,0.027,0.346,0.154,-0.495,0.21,-0.162,-0.193
18,A1_1,0.02,1.0,0.124,-0.007,0.192,0.555,0.481,-0.195,-0.392,-0.281,0.096,0.134,-0.441,0.518,-0.131,-0.01
18,A1_2,0.41,0.124,1.0,0.296,0.078,-0.129,-0.39,-0.113,0.248,-0.083,0.082,0.22,-0.226,-0.29,-0.182,-0.243
18,A1_3,0.067,-0.007,0.296,1.0,0.413,0.392,-0.313,0.114,-0.158,-0.192,-0.194,0.224,-0.015,-0.096,0.068,0.384
18,B1_1,-0.063,0.192,0.078,0.413,1.0,0.258,0.213,-0.557,-0.253,-0.543,-0.522,-0.203,0.131,0.263,-0.284,0.476
18,B1_2,-0.087,0.555,-0.129,0.392,0.258,1.0,0.315,-0.059,-0.458,-0.253,0.098,0.323,0.115,0.353,-0.062,0.524
18,B1_3,-0.36,0.481,-0.39,-0.313,0.213,0.315,1.0,-0.526,-0.178,-0.488,-0.084,-0.113,-0.109,0.409,0.163,0.177
18,A2_1,-0.023,-0.195,-0.113,0.114,-0.557,-0.059,-0.526,1.0,0.05,0.397,-0.033,0.029,0.177,-0.425,0.462,-0.406
18,A2_2,-0.449,-0.392,0.248,-0.158,-0.253,-0.458,-0.178,0.05,1.0,0.091,-0.144,-0.198,0.462,-0.609,0.167,-0.278
18,A2_3,0.027,-0.281,-0.083,-0.192,-0.543,-0.253,-0.488,0.397,0.091,1.0,0.652,0.484,-0.0,-0.256,-0.271,-0.14
18,B2_1,0.346,0.096,0.082,-0.194,-0.522,0.098,-0.084,-0.033,-0.144,0.652,1.0,0.65,-0.32,0.115,-0.398,0.007
18,B2_2,0.154,0.134,0.22,0.224,-0.203,0.323,-0.113,0.029,-0.198,0.484,0.65,1.0,-0.17,-0.028,-0.238,0.266
18,B2_3,-0.495,-0.441,-0.226,-0.015,0.131,0.115,-0.109,0.177,0.462,-0.0,-0.32,-0.17,1.0,-0.446,0.046,0.186
18,y1,0.21,0.518,-0.29,-0.096,0.263,0.353,0.409,-0.425,-0.609,-0.256,0.115,-0.028,-0.446,1.0,-0.392,0.409
18,y2,-0.162,-0.131,-0.182,0.068,-0.284,-0.062,0.163,0.462,0.167,-0.271,-0.398,-0.238,0.046,-0.392,1.0,-0.33
18,y3,-0.193,-0.01,-0.243,0.384,0.476,0.524,0.177,-0.406,-0.278,-0.14,0.007,0.266,0.186,0.409,-0.33,1.0
19,.,1.0,0.021,0.413,0.069,-0.063,-0.088,-0.364,-0.024,-0.446,0.024,0.342,0.149,-0.495,0.212,-0.165,-0.192
19,A1_1,0.021,1.0,0.124,-0.007,0.191,0.553,0.478,-0.196,-0.39,-0.281,0.095,0.133,-0.442,0.519,-0.13,-0.009
19,A1_2,0.413,0.124,1.0,0.297,0.074,-0.132,-0.393,-0.111,0.25,-0.081,0.079,0.217,-0.228,-0.289,-0.181,-0.242
19,A1_3,0.069,-0.007,0.297,1.0,0.411,0.39,-0.314,0.114,-0.156,-0.192,-0.195,0.223,-0.015,-0.097,0.068,0.384
19,B1_1,-0.063,0.191,0.074,0.411,1.0,0.26,0.215,-0.557,-0.254,-0.542,-0.521,-0.2,0.133,0.263,-0.283,0.479
19,B1_2,-0.088,0.553,-0.132,0.39,0.26,1.0,0.318,-0.06,-0.459,-0.253,0.099,0.325,0.118,0.351,-0.062,0.526
19,B1_3,-0.364,0.478,-0.393,-0.314,0.215,0.318,1.0,-0.526,-0.18,-0.487,-0.082,-0.109,-0.104,0.406,0.164,0.179
19,A2_1,-0.024,-0.196,-0.111,0.114,-0.557,-0.06,-0.526,1.0,0.052,0.398,-0.033,0.029,0.176,-0.426,0.462,-0.408
19,A2_2,-0.446,-0.39,0.25,-0.156,-0.254,-0.459,-0.18,0.052,1.0,0.093,-0.145,-0.199,0.459,-0.608,0.166,-0.279
19,A2_3,0.024,-0.281,-0.081,-0.192,-0.542,-0.253,-0.487,0.398,0.093,1.0,0.652,0.483,0.0,-0.258,-0.273,-0.143
19,B2_1,0.342,0.095,0.079,-0.195,-0.521,0.099,-0.082,-0.033,-0.145,0.652,1.0,0.651,-0.317,0.113,-0.398,0.007
19,B2_2,0.149,0.133,0.217,0.223,-0.2,0.325,-0.109,0.029,-0.199,0.483,0.651,1.0,-0.166,-0.031,-0.238,0.265
19,B2_3,-0.495,-0.442,-0.228,-0.015,0.133,0.118,-0.104,0.176,0.459,0.0,-0.317,-0.166,1.0,-0.447,0.045,0.185
19,y1,0.212,0.519,-0.289,-0.097,0.263,0.351,0.406,-0.426,-0.608,-0.258,0.113,-0.031,-0.447,1.0,-0.39,0.41
19,y2,-0.165,-0.13,-0.181,0.068,-0.283,-0.062,0.164,0.462,0.166,-0.273,-0.398,-0.238,0.045,-0.39,1.0,-0.332
19,y3,-0.192,-0.009,-0.242,0.384,0.479,0.526,0.179,-0.408,-0.279,-0.143,0.007,0.265,0.185,0.41,-0.332,1.0
20,.,1.0,0.022,0.416,0.071,-0.064,-0.089,-0.368,-0.025,-0.443,0.022,0.338,0.143,-0.495,0.214,-0.167,-0.191
20,A1_1,0.022,1.0,0.125,-0.008,0.189,0.551,0.475,-0.196,-0.389,-0.281,0.095,0.132,-0.442,0.519,-0.129,-0.007
20,A1_2,0.416,0.125,1.0,0.298,0.07,-0.136,-0.396,-0.109,0.252,-0.079,0.076,0.213,-0.23,-0.288,-0.18,-0.242
20,A1_3,0.071,-0.008,0.298,1.0,0.41,0.388,-0.315,0.114,-0.155,-0.191,-0.195,0.222,-0.015,-0.097,0.067,0.384
20,B1_1,-0.064,0.189,0.07,0.41,1.0,0.261,0.218,-0.558,-0.256,-0.542,-0.519,-0.197,0.136,0.262,-0.281,0.482
20,B1_2,-0.089,0.551,-0.136,0.388,0.261,1.0,0.32,-0.061,-0.459,-0.252,0.101,0.327,0.121,0.349,-0.062,0.527
20,B1_3,-0.368,0.475,-0.396,-0.315,0.218,0.32,1.0,-0.526,-0.181,-0.486,-0.079,-0.104,-0.099,0.404,0.164,0.181
20,A2_1,-0.025,-0.196,-0.109,0.114,-0.558,-0.061,-0.526,1.0,0.054,0.398,-0.034,0.028,0.175,-0.426,0.461,-0.409
20,A2_2,-0.443,-0.389,0.252,-0.155,-0.256,-0.459,-0.181,0.054,1.0,0.094,-0.145,-0.199,0.457,-0.608,0.165,-0.281
20,A2_3,0.022,-0.281,-0.079,-0.191,-0.542,-0.252,-0.486,0.398,0.094,1.0,0.652,0.483,0.0,-0.26,-0.274,-0.146
20,B2_1,0.338,0.095,0.076,-0.195,-0.519,0.101,-0.079,-0.034,-0.145,0.652,1.0,0.652,-0.314,0.111,-0.398,0.007
20,B2_2,0.143,0.132,0.213,0.222,-0.197,0.327,-0.104,0.028,-0.199,0.483,0.652,1.0,-0.162,-0.033,-0.239,0.264
20,B2_3,-0.495,-0.442,-0.23,-0.015,0.136,0.121,-0.099,0.175,0.457,0.0,-0.314,-0.162,1.0,-0.448,0.044,0.185
20,y1,0.214,0.519,-0.288,-0.097,0.262,0.349,0.404,-0.426,-0.608,-0.26,0.111,-0.033,-0.448,1.0,-0.388,0.41
20,y2,-0.167,-0.129,-0.18,0.067,-0.281,-0.062,0.164,0.461,0.165,-0.274,-0.398,-0.239,0.044,-0.388,1.0,-0.334
20,y3,-0.191,-0.007,-0.242,0.384,0.482,0.527,0.181,-0.409,-0.281,-0.146,0.007,0.264,0.185,0.41,-0.334,1.0
21,.,1.0,0.024,0.419,0.073,-0.065,-0.091,-0.373,-0.026,-0.44,0.019,0.333,0.137,-0.496,0.216,-0.168,-0.19
21,A1_1,0.024,1.0,0.125,-0.008,0.188,0.549,0.472,-0.196,-0.388,-0.281,0.094,0.13,-0.442,0.519,-0.128,-0.006
21,A1_2,0.419,0.125,1.0,0.299,0.065,-0.139,-0.399,-0.107,0.254,-0.077,0.073,0.21,-0.233,-0.287,-0.178,-0.241
21,A1_3,0.073,-0.008,0.299,1.0,0.409,0.386,-0.315,0.114,-0.153,-0.191,-0.195,0.221,-0.016,-0.098,0.067,0.384
21,B1_1,-0.065,0.188,0.065,0.409,1.0,0.263,0.222,-0.559,-0.257,-0.541,-0.516,-0.193,0.138,0.261,-0.28,0.486
21,B1_2,-0.091,0.549,-0.139,0.386,0.263,1.0,0.323,-0.063,-0.459,-0.252,0.102,0.329,0.124,0.346,-0.062,0.528
21,B1_3,-0.373,0.472,-0.399,-0.315,0.222,0.323,1.0,-0.527,-0.183,-0.485,-0.075,-0.098,-0.094,0.401,0.164,0.183
21,A2_1,-0.026,-0.196,-0.107,0.114,-0.559,-0.063,-0.527,1.0,0.056,0.399,-0.034,0.027,0.175,-0.427,0.46,-0.411
21,A2_2,-0.44,-0.388,0.254,-0.153,-0.257,-0.459,-0.183,0.056,1.0,0.095,-0.146,-0.2,0.454,-0.608,0.165,-0.282
21,A2_3,0.019,-0.281,-0.077,-0.191,-0.541,-0.252,-0.485,0.399,0.095,1.0,0.652,0.482,0.001,-0.262,-0.276,-0.149
21,B2_1,0.333,0.094,0.073,-0.195,-0.516,0.102,-0.075,-0.034,-0.146,0.652,1.0,0.652,-0.31,0.108,-0.399,0.007
21,B2_2,0.137,0.13,0.21,0.221,-0.193,0.329,-0.098,0.027,-0.2,0.482,0.652,1.0,-0.158,-0.036,-0.24,0.263
21,B2_3,-0.496,-0.442,-0.233,-0.016,0.138,0.124,-0.094,0.175,0.454,0.001,-0.31,-0.158,1.0,-0.449,0.042,0.184
21,y1,0.216,0.519,-0.287,-0.098,0.261,0.346,0.401,-0.427,-0.608,-0.262,0.108,-0.036,-0.449,1.0,-0.386,0.411
21,y2,-0.168,-0.128,-0.178,0.067,-0.28,-0.062,0.164,0.46,0.165,-0.276,-0.399,-0.24,0.042,-0.386,1.0,-0.337
21,y3,-0.19,-0.006,-0.241,0.384,0.486,0.528,0.183,-0.411,-0.282,-0.149,0.007,0.263,0.184,0.411,-0.337,1.0
22,.,1.0,0.025,0.422,0.075,-0.067,-0.093,-0.378,-0.026,-0.436,0.016,0.328,0.13,-0.496,0.218,-0.17,-0.188
22,A1_1,0.025,1.0,0.126,-0.009,0.186,0.547,0.469,-0.196,-0.386,-0.281,0.093,0.129,-0.443,0.518,-0.127,-0.005
22,A1_2,0.422,0.126,1.0,0.3,0.061,-0.143,-0.403,-0.104,0.256,-0.075,0.07,0.206,-0.235,-0.286,-0.177,-0.24
22,A1_3,0.075,-0.009,0.3,1.0,0.407,0.384,-0.316,0.115,-0.152,-0.191,-0.196,0.22,-0.016,-0.099,0.066,0.384
22,B1_1,-0.067,0.186,0.061,0.407,1.0,0.265,0.225,-0.56,-0.258,-0.54,-0.514,-0.19,0.141,0.26,-0.279,0.489
22,B1_2,-0.093,0.547,-0.143,0.384,0.265,1.0,0.326,-0.064,-0.46,-0.252,0.104,0.332,0.127,0.343,-0.062,0.529
22,B1_3,-0.378,0.469,-0.403,-0.316,0.225,0.326,1.0,-0.527,-0.184,-0.484,-0.072,-0.093,-0.088,0.398,0.164,0.185
22,A2_1,-0.026,-0.196,-0.104,0.115,-0.56,-0.064,-0.527,1.0,0.058,0.399,-0.035,0.027,0.174,-0.427,0.46,-0.413
22,A2_2,-0.436,-0.386,0.256,-0.152,-0.258,-0.46,-0.184,0.058,1.0,0.097,-0.147,-0.201,0.451,-0.607,0.164,-0.284
22,A2_3,0.016,-0.281,-0.075,-0.191,-0.54,-0.252,-0.484,0.399,0.097,1.0,0.652,0.482,0.001,-0.264,-0.277,-0.153
22,B2_1,0.328,0.093,0.07,-0.196,-0.514,0.104,-0.072,-0.035,-0.147,0.652,1.0,0.653,-0.307,0.106,-0.399,0.008
22,B2_2,0.13,0.129,0.206,0.22,-0.19,0.332,-0.093,0.027,-0.201,0.482,0.653,1.0,-0.154,-0.039,-0.241,0.262
22,B2_3,-0.496,-0.443,-0.235,-0.016,0.141,0.127,-0.088,0.174,0.451,0.001,-0.307,-0.154,1.0,-0.45,0.041,0.183
22,y1,0.218,0.518,-0.286,-0.099,0.26,0.343,0.398,-0.427,-0.607,-0.264,0.106,-0.039,-0.45,1.0,-0.383,0.411
22,y2,-0.17,-0.127,-0.177,0.066,-0.279,-0.062,0.164,0.46,0.164,-0.277,-0.399,-0.241,0.041,-0.383,1.0,-0.339
22,y3,-0.188,-0.005,-0.24,0.384,0.489,0.529,0.185,-0.413,-0.284,-0.153,0.008,0.262,0.183,0.411,-0.339,1.0
23,.,1.0,0.026,0.425,0.077,-0.068,-0.096,-0.383,-0.027,-0.433,0.013,0.322,0.123,-0.497,0.22,-0.171,-0.187
23,A1_1,0.026,1.0,0.126,-0.009,0.185,0.544,0.465,-0.197,-0.385,-0.282,0.092,0.128,-0.443,0.518,-0.126,-0.004
23,A1_2,0.425,0.126,1.0,0.301,0.056,-0.147,-0.406,-0.102,0.258,-0.073,0.067,0.202,-0.238,-0.285,-0.176,-0.239
23,A1_3,0.077,-0.009,0.301,1.0,0.405,0.382,-0.317,0.115,-0.15,-0.19,-0.196,0.219,-0.017,-0.099,0.066,0.385
23,B1_1,-0.068,0.185,0.056,0.405,1.0,0.267,0.229,-0.56,-0.259,-0.539,-0.512,-0.186,0.145,0.259,-0.277,0.493
23,B1_2,-0.096,0.544,-0.147,0.382,0.267,1.0,0.329,-0.066,-0.46,-0.252,0.106,0.334,0.131,0.34,-0.062,0.53
23,B1_3,-0.383,0.465,-0.406,-0.317,0.229,0.329,1.0,-0.527,-0.186,-0.483,-0.068,-0.087,-0.082,0.395,0.163,0.187
23,A2_1,-0.027,-0.197,-0.102,0.115,-0.56,-0.066,-0.527,1.0,0.06,0.4,-0.035,0.026,0.172,-0.427,0.459,-0.415
23,A2_2,-0.433,-0.385,0.258,-0.15,-0.259,-0.46,-0.186,0.06,1.0,0.098,-0.148,-0.201,0.448,-0.607,0.163,-0.286
23,A2_3,0.013,-0.282,-0.073,-0.19,-0.539,-0.252,-0.483,0.4,0.098,1.0,0.652,0.481,0.002,-0.266,-0.279,-0.156
23,B2_1,0.322,0.092,0.067,-0.196,-0.512,0.106,-0.068,-0.035,-0.148,0.652,1.0,0.654,-0.303,0.104,-0.4,0.008
23,B2_2,0.123,0.128,0.202,0.219,-0.186,0.334,-0.087,0.026,-0.201,0.481,0.654,1.0,-0.149,-0.041,-0.243,0.261
23,B2_3,-0.497,-0.443,-0.238,-0.017,0.145,0.131,-0.082,0.172,0.448,0.002,-0.303,-0.149,1.0,-0.451,0.039,0.182
23,y1,0.22,0.518,-0.285,-0.099,0.259,0.34,0.395,-0.427,-0.607,-0.266,0.104,-0.041,-0.451,1.0,-0.381,0.412
23,y2,-0.171,-0.126,-0.176,0.066,-0.277,-0.062,0.163,0.459,0.163,-0.279,-0.4,-0.243,0.039,-0.381,1.0,-0.342
23,y3,-0.187,-0.004,-0.239,0.385,0.493,0.53,0.187,-0.415,-0.286,-0.156,0.008,0.261,0.182,0.412,-0.342,1.0
24,.,1.0,0.028,0.427,0.079,-0.07,-0.099,-0.389,-0.027,-0.429,0.01,0.315,0.116,-0.498,0.223,-0.171,-0.185
24,A1_1,0.028,1.0,0.127,-0.01,0.183,0.542,0.462,-0.197,-0.384,-0.282,0.091,0.127,-0.443,0.518,-0.125,-0.003
24,A1_2,0.427,0.127,1.0,0.302,0.051,-0.151,-0.41,-0.099,0.26,-0.071,0.063,0.197,-0.241,-0.283,-0.174,-0.238
24,A1_3,0.079,-0.01,0.302,1.0,0.403,0.379,-0.318,0.116,-0.148,-0.19,-0.197,0.217,-0.018,-0.1,0.065,0.385
