,,.,A1_1,A1_2,A1_3,B1_1,B1_2,B1_3,A2_1,A2_2,A2_3,B2_1,B2_2,B2_3,y1,y2,y3
0,.,1.0,0.758,0.651,0.695,0.604,0.669,0.444,0.558,0.829,0.585,0.552,0.514,0.58,0.447,0.782,0.35
0,A1_1,0.758,1.0,0.656,0.494,0.752,0.739,0.597,0.783,0.837,0.546,0.693,0.73,0.58,0.824,0.768,0.636
0,A1_2,0.651,0.656,1.0,0.859,0.688,0.731,0.718,0.492,0.532,0.499,0.68,0.728,0.569,0.511,0.333,0.719
0,A1_3,0.695,0.494,0.859,1.0,0.45,0.724,0.5,0.389,0.521,0.438,0.497,0.568,0.529,0.303,0.367,0.659
0,B1_1,0.604,0.752,0.688,0.45,1.0,0.591,0.892,0.56,0.631,0.528,0.669,0.54,0.585,0.411,0.353,0.594
0,B1_2,0.669,0.739,0.731,0.724,0.591,1.0,0.442,0.769,0.607,0.366,0.83,0.838,0.642,0.67,0.577,0.715
0,B1_3,0.444,0.597,0.718,0.5,0.892,0.442,1.0,0.426,0.554,0.529,0.583,0.53,0.479,0.248,0.214,0.661
0,A2_1,0.558,0.783,0.492,0.389,0.56,0.769,0.426,1.0,0.705,0.414,0.595,0.841,0.511,0.696,0.766,0.627
0,A2_2,0.829,0.837,0.532,0.521,0.631,0.607,0.554,0.705,1.0,0.8,0.455,0.602,0.348,0.462,0.829,0.592
0,A2_3,0.585,0.546,0.499,0.438,0.528,0.366,0.529,0.414,0.8,1.0,0.238,0.483,0.209,0.201,0.463,0.546
0,B2_1,0.552,0.693,0.68,0.497,0.669,0.83,0.583,0.595,0.455,0.238,1.0,0.791,0.721,0.674,0.436,0.508
0,B2_2,0.514,0.73,0.728,0.568,0.54,0.838,0.53,0.841,0.602,0.483,0.791,1.0,0.621,0.746,0.605,0.718
0,B2_3,0.58,0.58,0.569,0.529,0.585,0.642,0.479,0.511,0.348,0.209,0.721,0.621,1.0,0.564,0.458,0.281
0,y1,0.447,0.824,0.511,0.303,0.411,0.67,0.248,0.696,0.462,0.201,0.674,0.746,0.564,1.0,0.604,0.472
0,y2,0.782,0.768,0.333,0.367,0.353,0.577,0.214,0.766,0.829,0.463,0.436,0.605,0.458,0.604,1.0,0.285
0,y3,0.35,0.636,0.719,0.659,0.594,0.715,0.661,0.627,0.592,0.546,0.508,0.718,0.281,0.472,0.285,1.0
500,.,1.0,-0.2,-0.178,-0.227,-0.287,-0.353,-0.253,-0.252,-0.207,-0.288,-0.22,-0.38,-0.197,-0.152,-0.088,-0.169
500,A1_1,-0.2,1.0,0.991,0.955,-0.293,-0.234,-0.404,0.968,0.958,0.93,-0.297,-0.411,-0.236,0.02,0.002,0.043
500,A1_2,-0.178,0.991,1.0,0.967,-0.315,-0.255,-0.419,0.971,0.967,0.932,-0.319,-0.425,-0.251,0.021,0.005,0.042
500,A1_3,-0.227,0.955,0.967,1.0,-0.333,-0.281,-0.426,0.987,0.987,0.985,-0.349,-0.432,-0.297,-0.08,-0.082,-0.042
500,B1_1,-0.287,-0.293,-0.315,-0.333,1.0,0.979,0.954,-0.331,-0.377,-0.321,0.945,0.944,0.969,-0.093,-0.106,-0.106
500,B1_2,-0.353,-0.234,-0.255,-0.281,0.979,1.0,0.957,-0.283,-0.326,-0.272,0.966,0.965,0.973,-0.058,-0.071,-0.073
500,B1_3,-0.253,-0.404,-0.419,-0.426,0.954,0.957,1.0,-0.43,-0.469,-0.411,0.98,0.979,0.967,-0.165,-0.166,-0.174
500,A2_1,-0.252,0.968,0.971,0.987,-0.331,-0.283,-0.43,1.0,0.993,0.961,-0.352,-0.436,-0.294,-0.04,-0.04,-0.006
500,A2_2,-0.207,0.958,0.967,0.987,-0.377,-0.326,-0.469,0.993,1.0,0.957,-0.386,-0.478,-0.332,-0.049,-0.039,-0.017
500,A2_3,-0.288,0.93,0.932,0.985,-0.321,-0.272,-0.411,0.961,0.957,1.0,-0.339,-0.411,-0.305,-0.134,-0.151,-0.089
500,B2_1,-0.22,-0.297,-0.319,-0.349,0.945,0.966,0.98,-0.352,-0.386,-0.339,1.0,0.954,0.984,-0.197,-0.199,-0.214
500,B2_2,-0.38,-0.411,-0.425,-0.432,0.944,0.965,0.979,-0.436,-0.478,-0.411,0.954,1.0,0.934,-0.039,-0.054,-0.052
500,B2_3,-0.197,-0.236,-0.251,-0.297,0.969,0.973,0.967,-0.294,-0.332,-0.305,0.984,0.934,1.0,-0.142,-0.145,-0.161
500,y1,-0.152,0.02,0.021,-0.08,-0.093,-0.058,-0.165,-0.04,-0.049,-0.134,-0.197,-0.039,-0.142,1.0,0.986,0.994
500,y2,-0.088,0.002,0.005,-0.082,-0.106,-0.071,-0.166,-0.04,-0.039,-0.151,-0.199,-0.054,-0.145,0.986,1.0,0.986
500,y3,-0.169,0.043,0.042,-0.042,-0.106,-0.073,-0.174,-0.006,-0.017,-0.089,-0.214,-0.052,-0.161,0.994,0.986,1.0
1000,.,1.0,-0.179,-0.165,-0.17,-0.253,-0.292,-0.228,-0.197,-0.17,-0.235,-0.193,-0.325,-0.176,-0.161,-0.101,-0.175
1000,A1_1,-0.179,1.0,0.99,0.956,-0.288,-0.261,-0.405,0.978,0.968,0.944,-0.318,-0.441,-0.253,-0.051,-0.012,-0.021
1000,A1_2,-0.165,0.99,1.0,0.981,-0.319,-0.297,-0.429,0.992,0.99,0.963,-0.352,-0.465,-0.286,-0.069,-0.024,-0.039
1000,A1_3,-0.17,0.956,0.981,1.0,-0.314,-0.296,-0.415,0.991,0.992,0.987,-0.355,-0.447,-0.296,-0.131,-0.082,-0.09
1000,B1_1,-0.253,-0.288,-0.319,-0.314,1.0,0.993,0.962,-0.315,-0.358,-0.314,0.974,0.96,0.986,-0.153,-0.212,-0.165
1000,B1_2,-0.292,-0.261,-0.297,-0.296,0.993,1.0,0.962,-0.297,-0.339,-0.292,0.978,0.964,0.984,-0.129,-0.191,-0.141
1000,B1_3,-0.228,-0.405,-0.429,-0.415,0.962,0.962,1.0,-0.421,-0.457,-0.414,0.983,0.983,0.967,-0.186,-0.236,-0.194
1000,A2_1,-0.197,0.978,0.992,0.991,-0.315,-0.297,-0.421,1.0,0.995,0.972,-0.356,-0.453,-0.293,-0.093,-0.044,-0.056
1000,A2_2,-0.17,0.968,0.99,0.992,-0.358,-0.339,-0.457,0.995,1.0,0.976,-0.392,-0.493,-0.332,-0.118,-0.062,-0.08
1000,A2_3,-0.235,0.944,0.963,0.987,-0.314,-0.292,-0.414,0.972,0.976,1.0,-0.35,-0.439,-0.306,-0.168,-0.13,-0.122
1000,B2_1,-0.193,-0.318,-0.352,-0.355,0.974,0.978,0.983,-0.356,-0.392,-0.35,1.0,0.962,0.989,-0.224,-0.277,-0.238
1000,B2_2,-0.325,-0.441,-0.465,-0.447,0.96,0.964,0.983,-0.453,-0.493,-0.439,0.962,1.0,0.943,-0.082,-0.148,-0.095
1000,B2_3,-0.176,-0.253,-0.286,-0.296,0.986,0.984,0.967,-0.293,-0.332,-0.306,0.989,0.943,1.0,-0.18,-0.229,-0.195
1000,y1,-0.161,-0.051,-0.069,-0.131,-0.153,-0.129,-0.186,-0.093,-0.118,-0.168,-0.224,-0.082,-0.18,1.0,0.989,0.994
1000,y2,-0.101,-0.012,-0.024,-0.082,-0.212,-0.191,-0.236,-0.044,-0.062,-0.13,-0.277,-0.148,-0.229,0.989,1.0,0.991
1000,y3,-0.175,-0.021,-0.039,-0.09,-0.165,-0.141,-0.194,-0.056,-0.08,-0.122,-0.238,-0.095,-0.195,0.994,0.991,1.0
1500,.,1.0,-0.15,-0.142,-0.128,-0.227,-0.262,-0.208,-0.154,-0.135,-0.193,-0.172,-0.29,-0.159,-0.2,-0.122,-0.233
1500,A1_1,-0.15,1.0,0.989,0.96,-0.275,-0.258,-0.394,0.979,0.972,0.954,-0.327,-0.435,-0.26,-0.105,-0.03,-0.057
1500,A1_2,-0.142,0.989,1.0,0.985,-0.31,-0.299,-0.42,0.995,0.994,0.975,-0.364,-0.462,-0.298,-0.132,-0.048,-0.081
1500,A1_3,-0.128,0.96,0.985,1.0,-0.294,-0.286,-0.399,0.994,0.993,0.988,-0.355,-0.436,-0.292,-0.169,-0.086,-0.11
1500,B1_1,-0.227,-0.275,-0.31,-0.294,1.0,0.995,0.967,-0.298,-0.342,-0.306,0.979,0.965,0.991,-0.168,-0.252,-0.171
1500,B1_2,-0.262,-0.258,-0.299,-0.286,0.995,1.0,0.962,-0.289,-0.334,-0.294,0.977,0.964,0.986,-0.137,-0.226,-0.141
1500,B1_3,-0.208,-0.394,-0.42,-0.399,0.967,0.962,1.0,-0.406,-0.445,-0.409,0.984,0.986,0.972,-0.184,-0.26,-0.185
1500,A2_1,-0.154,0.979,0.995,0.994,-0.298,-0.289,-0.406,1.0,0.995,0.979,-0.359,-0.444,-0.293,-0.141,-0.055,-0.085
1500,A2_2,-0.135,0.972,0.994,0.993,-0.342,-0.334,-0.445,0.995,1.0,0.984,-0.397,-0.487,-0.335,-0.169,-0.078,-0.112
1500,A2_3,-0.193,0.954,0.975,0.988,-0.306,-0.294,-0.409,0.979,0.984,1.0,-0.361,-0.441,-0.31,-0.194,-0.127,-0.132
1500,B2_1,-0.172,-0.327,-0.364,-0.355,0.979,0.977,0.984,-0.359,-0.397,-0.361,1.0,0.971,0.99,-0.219,-0.302,-0.229
1500,B2_2,-0.29,-0.435,-0.462,-0.436,0.965,0.964,0.986,-0.444,-0.487,-0.441,0.971,1.0,0.954,-0.092,-0.19,-0.1
1500,B2_3,-0.159,-0.26,-0.298,-0.292,0.991,0.986,0.972,-0.293,-0.335,-0.31,0.99,0.954,1.0,-0.187,-0.26,-0.194
1500,y1,-0.2,-0.105,-0.132,-0.169,-0.168,-0.137,-0.184,-0.141,-0.169,-0.194,-0.219,-0.092,-0.187,1.0,0.98,0.991
1500,y2,-0.122,-0.03,-0.048,-0.086,-0.252,-0.226,-0.26,-0.055,-0.078,-0.127,-0.302,-0.19,-0.26,0.98,1.0,0.983
1500,y3,-0.233,-0.057,-0.081,-0.11,-0.171,-0.141,-0.185,-0.085,-0.112,-0.132,-0.229,-0.1,-0.194,0.991,0.983,1.0
2000,.,1.0,-0.134,-0.131,-0.111,-0.217,-0.256,-0.195,-0.134,-0.12,-0.176,-0.167,-0.272,-0.155,-0.203,-0.128,-0.252
2000,A1_1,-0.134,1.0,0.989,0.964,-0.247,-0.24,-0.359,0.98,0.975,0.96,-0.323,-0.405,-0.254,-0.153,-0.054,-0.083
2000,A1_2,-0.131,0.989,1.0,0.986,-0.286,-0.285,-0.389,0.995,0.996,0.98,-0.363,-0.436,-0.294,-0.185,-0.075,-0.11
2000,A1_3,-0.111,0.964,0.986,1.0,-0.262,-0.264,-0.362,0.995,0.992,0.988,-0.346,-0.405,-0.279,-0.208,-0.102,-0.127
2000,B1_1,-0.217,-0.247,-0.286,-0.262,1.0,0.994,0.972,-0.267,-0.316,-0.281,0.978,0.97,0.992,-0.203,-0.287,-0.198
2000,B1_2,-0.256,-0.24,-0.285,-0.264,0.994,1.0,0.965,-0.268,-0.316,-0.28,0.974,0.968,0.985,-0.159,-0.25,-0.155
2000,B1_3,-0.195,-0.359,-0.389,-0.362,0.972,0.965,1.0,-0.37,-0.413,-0.38,0.987,0.986,0.981,-0.214,-0.29,-0.207
2000,A2_1,-0.134,0.98,0.995,0.995,-0.267,-0.268,-0.37,1.0,0.995,0.982,-0.35,-0.413,-0.281,-0.187,-0.077,-0.108
2000,A2_2,-0.12,0.975,0.996,0.992,-0.316,-0.316,-0.413,0.995,1.0,0.987,-0.392,-0.461,-0.327,-0.213,-0.098,-0.134
2000,A2_3,-0.176,0.96,0.98,0.988,-0.281,-0.28,-0.38,0.982,0.987,1.0,-0.357,-0.418,-0.301,-0.229,-0.14,-0.146
2000,B2_1,-0.167,-0.323,-0.363,-0.346,0.978,0.974,0.987,-0.35,-0.392,-0.357,1.0,0.979,0.99,-0.232,-0.321,-0.24
2000,B2_2,-0.272,-0.405,-0.436,-0.405,0.97,0.968,0.986,-0.413,-0.461,-0.418,0.979,1.0,0.966,-0.123,-0.228,-0.129
2000,B2_3,-0.155,-0.254,-0.294,-0.279,0.992,0.985,0.981,-0.281,-0.327,-0.301,0.99,0.966,1.0,-0.213,-0.288,-0.213
2000,y1,-0.203,-0.153,-0.185,-0.208,-0.203,-0.159,-0.214,-0.187,-0.213,-0.229,-0.232,-0.123,-0.213,1.0,0.971,0.984
2000,y2,-0.128,-0.054,-0.075,-0.102,-0.287,-0.25,-0.29,-0.077,-0.098,-0.14,-0.321,-0.228,-0.288,0.971,1.0,0.979
2000,y3,-0.252,-0.083,-0.11,-0.127,-0.198,-0.155,-0.207,-0.108,-0.134,-0.146,-0.24,-0.129,-0.213,0.984,0.979,1.0
2500,.,1.0,-0.123,-0.128,-0.11,-0.193,-0.243,-0.17,-0.129,-0.115,-0.172,-0.155,-0.238,-0.134,-0.224,-0.144,-0.271
2500,A1_1,-0.123,1.0,0.989,0.968,-0.215,-0.231,-0.315,0.981,0.978,0.963,-0.32,-0.375,-0.243,-0.202,-0.088,-0.121
2500,A1_2,-0.128,0.989,1.0,0.988,-0.257,-0.279,-0.348,0.996,0.997,0.982,-0.36,-0.41,-0.286,-0.237,-0.112,-0.15
2500,A1_3,-0.11,0.968,0.988,1.0,-0.231,-0.256,-0.323,0.996,0.992,0.989,-0.343,-0.38,-0.269,-0.251,-0.133,-0.16
2500,B1_1,-0.193,-0.215,-0.257,-0.231,1.0,0.99,0.977,-0.237,-0.287,-0.253,0.972,0.973,0.991,-0.227,-0.318,-0.221
2500,B1_2,-0.243,-0.231,-0.279,-0.256,0.99,1.0,0.97,-0.262,-0.31,-0.273,0.971,0.973,0.981,-0.162,-0.26,-0.157
2500,B1_3,-0.17,-0.315,-0.348,-0.323,0.977,0.97,1.0,-0.33,-0.374,-0.342,0.986,0.986,0.989,-0.234,-0.315,-0.225
2500,A2_1,-0.129,0.981,0.996,0.996,-0.237,-0.262,-0.33,1.0,0.995,0.984,-0.347,-0.388,-0.272,-0.238,-0.114,-0.148
2500,A2_2,-0.115,0.978,0.997,0.992,-0.287,-0.31,-0.374,0.995,1.0,0.987,-0.39,-0.437,-0.319,-0.261,-0.133,-0.171
2500,A2_3,-0.172,0.963,0.982,0.989,-0.253,-0.273,-0.342,0.984,0.987,1.0,-0.354,-0.394,-0.292,-0.261,-0.162,-0.17
2500,B2_1,-0.155,-0.32,-0.36,-0.343,0.972,0.971,0.986,-0.347,-0.39,-0.354,1.0,0.985,0.987,-0.222,-0.325,-0.236
2500,B2_2,-0.238,-0.375,-0.41,-0.38,0.973,0.973,0.986,-0.388,-0.437,-0.394,0.985,1.0,0.975,-0.137,-0.254,-0.148
2500,B2_3,-0.134,-0.243,-0.286,-0.269,0.991,0.981,0.989,-0.272,-0.319,-0.292,0.987,0.975,1.0,-0.227,-0.31,-0.227
2500,y1,-0.224,-0.202,-0.237,-0.251,-0.227,-0.162,-0.234,-0.238,-0.261,-0.261,-0.222,-0.137,-0.227,1.0,0.964,0.979
2500,y2,-0.144,-0.088,-0.112,-0.133,-0.318,-0.26,-0.315,-0.114,-0.133,-0.162,-0.325,-0.254,-0.31,0.964,1.0,0.979
2500,y3,-0.271,-0.121,-0.15,-0.16,-0.221,-0.157,-0.225,-0.148,-0.171,-0.17,-0.236,-0.148,-0.227,0.979,0.979,1.0
3000,.,1.0,-0.119,-0.136,-0.127,-0.156,-0.22,-0.129,-0.141,-0.12,-0.181,-0.131,-0.187,-0.089,-0.233,-0.158,-0.266
3000,A1_1,-0.119,1.0,0.99,0.974,-0.18,-0.222,-0.272,0.985,0.981,0.966,-0.318,-0.337,-0.226,-0.244,-0.131,-0.163
3000,A1_2,-0.136,0.99,1.0,0.988,-0.221,-0.27,-0.305,0.997,0.997,0.982,-0.356,-0.375,-0.269,-0.276,-0.156,-0.191
3000,A1_3,-0.127,0.974,0.988,1.0,-0.194,-0.246,-0.281,0.996,0.992,0.991,-0.337,-0.345,-0.251,-0.283,-0.171,-0.196
3000,B1_1,-0.156,-0.18,-0.221,-0.194,1.0,0.984,0.978,-0.201,-0.253,-0.217,0.959,0.975,0.989,-0.255,-0.35,-0.265
3000,B1_2,-0.22,-0.222,-0.27,-0.246,0.984,1.0,0.971,-0.253,-0.301,-0.262,0.968,0.977,0.974,-0.164,-0.269,-0.177
3000,B1_3,-0.129,-0.272,-0.305,-0.281,0.978,0.971,1.0,-0.289,-0.333,-0.302,0.979,0.983,0.991,-0.26,-0.346,-0.267
3000,A2_1,-0.141,0.985,0.997,0.996,-0.201,-0.253,-0.289,1.0,0.996,0.986,-0.343,-0.354,-0.256,-0.275,-0.158,-0.188
3000,A2_2,-0.12,0.981,0.997,0.992,-0.253,-0.301,-0.333,0.996,1.0,0.986,-0.387,-0.405,-0.303,-0.298,-0.176,-0.21
3000,A2_3,-0.181,0.966,0.982,0.991,-0.217,-0.262,-0.302,0.986,0.986,1.0,-0.348,-0.359,-0.275,-0.286,-0.189,-0.203
3000,B2_1,-0.131,-0.318,-0.356,-0.337,0.959,0.968,0.979,-0.343,-0.387,-0.348,1.0,0.986,0.976,-0.212,-0.326,-0.249
3000,B2_2,-0.187,-0.337,-0.375,-0.345,0.975,0.977,0.983,-0.354,-0.405,-0.359,0.986,1.0,0.98,-0.154,-0.277,-0.188
3000,B2_3,-0.089,-0.226,-0.269,-0.251,0.989,0.974,0.991,-0.256,-0.303,-0.275,0.976,0.98,1.0,-0.246,-0.337,-0.263
3000,y1,-0.233,-0.244,-0.276,-0.283,-0.255,-0.164,-0.26,-0.275,-0.298,-0.286,-0.212,-0.154,-0.246,1.0,0.967,0.98
3000,y2,-0.158,-0.131,-0.156,-0.171,-0.35,-0.269,-0.346,-0.158,-0.176,-0.189,-0.326,-0.277,-0.337,0.967,1.0,0.987
3000,y3,-0.266,-0.163,-0.191,-0.196,-0.265,-0.177,-0.267,-0.188,-0.21,-0.203,-0.249,-0.188,-0.263,0.98,0.987,1.0
3500,.,1.0,-0.131,-0.146,-0.149,-0.139,-0.202,-0.109,-0.158,-0.131,-0.201,-0.115,-0.164,-0.071,-0.242,-0.178,-0.256
3500,A1_1,-0.131,1.0,0.991,0.978,-0.194,-0.241,-0.269,0.987,0.985,0.968,-0.328,-0.331,-0.236,-0.258,-0.163,-0.197
3500,A1_2,-0.146,0.991,1.0,0.989,-0.226,-0.278,-0.294,0.997,0.997,0.978,-0.358,-0.361,-0.27,-0.286,-0.184,-0.219
3500,A1_3,-0.149,0.978,0.989,1.0,-0.203,-0.257,-0.275,0.996,0.993,0.993,-0.339,-0.335,-0.257,-0.29,-0.197,-0.227
3500,B1_1,-0.139,-0.194,-0.226,-0.203,1.0,0.984,0.983,-0.209,-0.256,-0.213,0.96,0.98,0.991,-0.266,-0.353,-0.295
3500,B1_2,-0.202,-0.241,-0.278,-0.257,0.984,1.0,0.976,-0.264,-0.308,-0.26,0.972,0.983,0.975,-0.176,-0.27,-0.208
3500,B1_3,-0.109,-0.269,-0.294,-0.275,0.983,0.976,1.0,-0.281,-0.322,-0.284,0.974,0.981,0.992,-0.271,-0.347,-0.296
3500,A2_1,-0.158,0.987,0.997,0.996,-0.209,-0.264,-0.281,1.0,0.997,0.985,-0.346,-0.344,-0.26,-0.282,-0.184,-0.217
3500,A2_2,-0.131,0.985,0.997,0.993,-0.256,-0.308,-0.322,0.997,1.0,0.983,-0.388,-0.391,-0.303,-0.303,-0.2,-0.235
3500,A2_3,-0.201,0.968,0.978,0.993,-0.213,-0.26,-0.284,0.985,0.983,1.0,-0.339,-0.335,-0.269,-0.283,-0.202,-0.226
3500,B2_1,-0.115,-0.328,-0.358,-0.339,0.96,0.972,0.974,-0.346,-0.388,-0.339,1.0,0.987,0.971,-0.215,-0.315,-0.268
3500,B2_2,-0.164,-0.331,-0.361,-0.335,0.98,0.983,0.981,-0.344,-0.391,-0.335,0.987,1.0,0.981,-0.169,-0.277,-0.217
3500,B2_3,-0.071,-0.236,-0.27,-0.257,0.991,0.975,0.992,-0.26,-0.303,-0.269,0.971,0.981,1.0,-0.256,-0.338,-0.289
3500,y1,-0.242,-0.258,-0.286,-0.29,-0.266,-0.176,-0.271,-0.282,-0.303,-0.283,-0.215,-0.169,-0.256,1.0,0.976,0.986
3500,y2,-0.178,-0.163,-0.184,-0.197,-0.353,-0.27,-0.347,-0.184,-0.2,-0.202,-0.315,-0.277,-0.338,0.976,1.0,0.992
3500,y3,-0.256,-0.197,-0.219,-0.227,-0.295,-0.208,-0.296,-0.217,-0.235,-0.226,-0.268,-0.217,-0.289,0.986,0.992,1.0
4000,.,1.0,-0.161,-0.165,-0.18,-0.124,-0.187,-0.092,-0.183,-0.155,-0.235,-0.101,-0.148,-0.058,-0.25,-0.186,-0.257
4000,A1_1,-0.161,1.0,0.99,0.978,-0.21,-0.257,-0.267,0.988,0.987,0.966,-0.325,-0.323,-0.246,-0.262,-0.183,-0.218
4000,A1_2,-0.165,0.99,1.0,0.99,-0.232,-0.285,-0.284,0.998,0.998,0.971,-0.348,-0.346,-0.27,-0.285,-0.196,-0.237
4000,A1_3,-0.18,0.978,0.99,1.0,-0.218,-0.269,-0.273,0.996,0.994,0.992,-0.332,-0.325,-0.265,-0.289,-0.21,-0.246
4000,B1_1,-0.124,-0.21,-0.232,-0.218,1.0,0.987,0.988,-0.225,-0.259,-0.206,0.965,0.983,0.993,-0.269,-0.352,-0.308
4000,B1_2,-0.187,-0.257,-0.285,-0.269,0.987,1.0,0.98,-0.276,-0.311,-0.249,0.98,0.989,0.978,-0.186,-0.274,-0.228
4000,B1_3,-0.092,-0.267,-0.284,-0.273,0.988,0.98,1.0,-0.28,-0.309,-0.264,0.972,0.98,0.992,-0.276,-0.349,-0.311
4000,A2_1,-0.183,0.988,0.998,0.996,-0.225,-0.276,-0.28,1.0,0.998,0.982,-0.342,-0.336,-0.268,-0.281,-0.196,-0.234
4000,A2_2,-0.155,0.987,0.998,0.994,-0.259,-0.311,-0.309,0.998,1.0,0.977,-0.374,-0.372,-0.299,-0.3,-0.211,-0.25
4000,A2_3,-0.235,0.966,0.971,0.992,-0.206,-0.249,-0.264,0.982,0.977,1.0,-0.31,-0.303,-0.257,-0.27,-0.204,-0.234
4000,B2_1,-0.101,-0.325,-0.348,-0.332,0.965,0.98,0.972,-0.342,-0.374,-0.31,1.0,0.989,0.971,-0.22,-0.31,-0.278
4000,B2_2,-0.148,-0.323,-0.346,-0.325,0.983,0.989,0.98,-0.336,-0.372,-0.303,0.989,1.0,0.982,-0.175,-0.275,-0.23
4000,B2_3,-0.058,-0.246,-0.27,-0.265,0.993,0.978,0.992,-0.268,-0.299,-0.257,0.971,0.982,1.0,-0.256,-0.336,-0.298
4000,y1,-0.25,-0.262,-0.285,-0.289,-0.269,-0.186,-0.276,-0.281,-0.3,-0.27,-0.22,-0.175,-0.256,1.0,0.979,0.991
4000,y2,-0.186,-0.183,-0.196,-0.21,-0.352,-0.274,-0.349,-0.196,-0.211,-0.204,-0.31,-0.275,-0.336,0.979,1.0,0.991
4000,y3,-0.257,-0.218,-0.237,-0.246,-0.308,-0.228,-0.311,-0.234,-0.25,-0.234,-0.278,-0.23,-0.298,0.991,0.991,1.0
4500,.,1.0,-0.171,-0.172,-0.187,-0.112,-0.173,-0.078,-0.189,-0.16,-0.237,-0.095,-0.134,-0.051,-0.252,-0.176,-0.259
4500,A1_1,-0.171,1.0,0.988,0.978,-0.223,-0.262,-0.27,0.988,0.987,0.968,-0.319,-0.312,-0.255,-0.264,-0.196,-0.234
4500,A1_2,-0.172,0.988,1.0,0.991,-0.242,-0.287,-0.284,0.998,0.997,0.973,-0.341,-0.335,-0.276,-0.29,-0.212,-0.257
4500,A1_3,-0.187,0.978,0.991,1.0,-0.234,-0.276,-0.278,0.997,0.994,0.993,-0.327,-0.319,-0.275,-0.296,-0.228,-0.268
4500,B1_1,-0.112,-0.223,-0.242,-0.234,1.0,0.989,0.99,-0.241,-0.272,-0.219,0.975,0.988,0.994,-0.278,-0.37,-0.319
4500,B1_2,-0.173,-0.262,-0.287,-0.276,0.989,1.0,0.98,-0.284,-0.317,-0.253,0.986,0.993,0.981,-0.2,-0.296,-0.245
4500,B1_3,-0.078,-0.27,-0.284,-0.278,0.99,0.98,1.0,-0.286,-0.313,-0.267,0.978,0.983,0.993,-0.285,-0.368,-0.324
4500,A2_1,-0.189,0.988,0.998,0.997,-0.241,-0.284,-0.286,1.0,0.998,0.984,-0.339,-0.331,-0.28,-0.285,-0.212,-0.254
4500,A2_2,-0.16,0.987,0.997,0.994,-0.272,-0.317,-0.313,0.998,1.0,0.978,-0.371,-0.364,-0.309,-0.299,-0.223,-0.265
4500,A2_3,-0.237,0.968,0.973,0.993,-0.219,-0.253,-0.267,0.984,0.978,1.0,-0.302,-0.295,-0.265,-0.281,-0.224,-0.256
4500,B2_1,-0.095,-0.319,-0.341,-0.327,0.975,0.986,0.978,-0.339,-0.371,-0.302,1.0,0.992,0.977,-0.237,-0.328,-0.289
4500,B2_2,-0.134,-0.312,-0.335,-0.319,0.988,0.993,0.983,-0.331,-0.364,-0.295,0.992,1.0,0.986,-0.196,-0.299,-0.247
4500,B2_3,-0.051,-0.255,-0.276,-0.275,0.994,0.981,0.993,-0.28,-0.309,-0.265,0.977,0.986,1.0,-0.263,-0.351,-0.306
4500,y1,-0.252,-0.264,-0.29,-0.296,-0.278,-0.2,-0.285,-0.285,-0.299,-0.281,-0.237,-0.196,-0.263,1.0,0.98,0.995
4500,y2,-0.176,-0.196,-0.212,-0.228,-0.37,-0.296,-0.368,-0.212,-0.223,-0.224,-0.328,-0.299,-0.351,0.98,1.0,0.987
4500,y3,-0.259,-0.234,-0.257,-0.268,-0.319,-0.245,-0.324,-0.254,-0.265,-0.256,-0.289,-0.247,-0.306,0.995,0.987,1.0
5000,.,1.0,-0.173,-0.17,-0.186,-0.104,-0.165,-0.069,-0.185,-0.159,-0.235,-0.09,-0.126,-0.049,-0.255,-0.169,-0.264
5000,A1_1,-0.173,1.0,0.987,0.979,-0.231,-0.263,-0.271,0.988,0.987,0.969,-0.313,-0.307,-0.262,-0.273,-0.214,-0.253
5000,A1_2,-0.17,0.987,1.0,0.992,-0.25,-0.289,-0.285,0.998,0.997,0.974,-0.336,-0.331,-0.283,-0.298,-0.229,-0.276
5000,A1_3,-0.186,0.979,0.992,1.0,-0.246,-0.28,-0.282,0.997,0.994,0.993,-0.324,-0.319,-0.285,-0.307,-0.247,-0.288
5000,B1_1,-0.104,-0.231,-0.25,-0.246,1.0,0.991,0.992,-0.254,-0.28,-0.23,0.98,0.99,0.995,-0.263,-0.358,-0.307
5000,B1_2,-0.165,-0.263,-0.289,-0.28,0.991,1.0,0.981,-0.291,-0.319,-0.256,0.989,0.995,0.983,-0.193,-0.292,-0.241
5000,B1_3,-0.069,-0.271,-0.285,-0.282,0.992,0.981,1.0,-0.291,-0.314,-0.271,0.98,0.984,0.994,-0.269,-0.356,-0.312
5000,A2_1,-0.185,0.988,0.998,0.997,-0.254,-0.291,-0.291,1.0,0.998,0.984,-0.339,-0.332,-0.291,-0.294,-0.23,-0.273
5000,A2_2,-0.159,0.987,0.997,0.994,-0.28,-0.319,-0.314,0.998,1.0,0.979,-0.365,-0.36,-0.315,-0.305,-0.239,-0.282
5000,A2_3,-0.235,0.969,0.974,0.993,-0.23,-0.256,-0.271,0.984,0.979,1.0,-0.298,-0.294,-0.275,-0.294,-0.245,-0.279
5000,B2_1,-0.09,-0.313,-0.336,-0.324,0.98,0.989,0.98,-0.339,-0.365,-0.298,1.0,0.994,0.981,-0.23,-0.323,-0.282
5000,B2_2,-0.126,-0.307,-0.331,-0.319,0.99,0.995,0.984,-0.332,-0.36,-0.294,0.994,1.0,0.988,-0.19,-0.293,-0.24
5000,B2_3,-0.049,-0.262,-0.283,-0.285,0.995,0.983,0.994,-0.291,-0.315,-0.275,0.981,0.988,1.0,-0.244,-0.335,-0.29
5000,y1,-0.255,-0.273,-0.298,-0.307,-0.263,-0.193,-0.269,-0.294,-0.305,-0.294,-0.23,-0.19,-0.244,1.0,0.98,0.997
5000,y2,-0.169,-0.214,-0.229,-0.247,-0.358,-0.292,-0.356,-0.23,-0.239,-0.245,-0.323,-0.293,-0.335,0.98,1.0,0.984
5000,y3,-0.264,-0.253,-0.276,-0.288,-0.307,-0.241,-0.312,-0.273,-0.282,-0.279,-0.282,-0.24,-0.29,0.997,0.984,1.0
5500,.,1.0,-0.167,-0.167,-0.178,-0.08,-0.143,-0.049,-0.178,-0.154,-0.225,-0.081,-0.099,-0.029,-0.259,-0.172,-0.272
5500,A1_1,-0.167,1.0,0.987,0.979,-0.243,-0.274,-0.276,0.988,0.989,0.97,-0.316,-0.308,-0.266,-0.272,-0.224,-0.269
5500,A1_2,-0.167,0.987,1.0,0.994,-0.259,-0.296,-0.286,0.998,0.995,0.978,-0.335,-0.328,-0.284,-0.298,-0.243,-0.295
5500,A1_3,-0.178,0.979,0.994,1.0,-0.261,-0.293,-0.289,0.998,0.994,0.993,-0.328,-0.323,-0.291,-0.31,-0.26,-0.307
5500,B1_1,-0.08,-0.243,-0.259,-0.261,1.0,0.99,0.994,-0.268,-0.296,-0.247,0.983,0.992,0.996,-0.268,-0.361,-0.298
5500,B1_2,-0.143,-0.274,-0.296,-0.293,0.99,1.0,0.982,-0.302,-0.332,-0.27,0.992,0.995,0.983,-0.204,-0.3,-0.235
5500,B1_3,-0.049,-0.276,-0.286,-0.289,0.994,0.982,1.0,-0.297,-0.323,-0.28,0.982,0.987,0.994,-0.267,-0.354,-0.299
5500,A2_1,-0.178,0.988,0.998,0.998,-0.268,-0.302,-0.297,1.0,0.998,0.986,-0.342,-0.335,-0.296,-0.295,-0.243,-0.291
5500,A2_2,-0.154,0.989,0.995,0.994,-0.296,-0.332,-0.323,0.998,1.0,0.981,-0.371,-0.364,-0.323,-0.3,-0.247,-0.295
5500,A2_3,-0.225,0.97,0.978,0.993,-0.247,-0.27,-0.28,0.986,0.981,1.0,-0.304,-0.301,-0.283,-0.3,-0.259,-0.297
5500,B2_1,-0.081,-0.316,-0.335,-0.328,0.983,0.992,0.982,-0.342,-0.371,-0.304,1.0,0.995,0.98,-0.232,-0.323,-0.267
5500,B2_2,-0.099,-0.308,-0.328,-0.323,0.992,0.995,0.987,-0.335,-0.364,-0.301,0.995,1.0,0.989,-0.205,-0.304,-0.238
5500,B2_3,-0.029,-0.266,-0.284,-0.291,0.996,0.983,0.994,-0.296,-0.323,-0.283,0.98,0.989,1.0,-0.249,-0.339,-0.281
5500,y1,-0.259,-0.272,-0.298,-0.31,-0.268,-0.204,-0.267,-0.295,-0.3,-0.3,-0.232,-0.205,-0.249,1.0,0.983,0.998
5500,y2,-0.172,-0.224,-0.243,-0.26,-0.361,-0.3,-0.354,-0.243,-0.247,-0.259,-0.323,-0.304,-0.339,0.983,1.0,0.982
5500,y3,-0.272,-0.269,-0.295,-0.307,-0.298,-0.235,-0.299,-0.291,-0.295,-0.297,-0.267,-0.238,-0.281,0.998,0.982,1.0
6000,.,1.0,-0.157,-0.158,-0.166,-0.068,-0.129,-0.039,-0.165,-0.143,-0.211,-0.073,-0.086,-0.022,-0.273,-0.192,-0.288
6000,A1_1,-0.157,1.0,0.988,0.981,-0.254,-0.281,-0.28,0.989,0.99,0.974,-0.319,-0.313,-0.274,-0.275,-0.239,-0.282
6000,A1_2,-0.158,0.988,1.0,0.995,-0.269,-0.301,-0.29,0.999,0.995,0.982,-0.338,-0.332,-0.291,-0.3,-0.258,-0.308
6000,A1_3,-0.166,0.981,0.995,1.0,-0.271,-0.3,-0.293,0.998,0.993,0.994,-0.332,-0.329,-0.299,-0.312,-0.274,-0.32
6000,B1_1,-0.068,-0.254,-0.269,-0.271,1.0,0.991,0.996,-0.281,-0.309,-0.263,0.985,0.993,0.997,-0.257,-0.343,-0.287
6000,B1_2,-0.129,-0.281,-0.301,-0.3,0.991,1.0,0.983,-0.311,-0.341,-0.281,0.993,0.996,0.984,-0.202,-0.29,-0.232
6000,B1_3,-0.039,-0.28,-0.29,-0.293,0.996,0.983,1.0,-0.303,-0.33,-0.289,0.982,0.989,0.996,-0.256,-0.338,-0.288
6000,A2_1,-0.165,0.989,0.999,0.998,-0.281,-0.311,-0.303,1.0,0.998,0.988,-0.347,-0.341,-0.305,-0.297,-0.257,-0.304
6000,A2_2,-0.143,0.99,0.995,0.993,-0.309,-0.341,-0.33,0.998,1.0,0.982,-0.377,-0.371,-0.333,-0.298,-0.259,-0.304
6000,A2_3,-0.211,0.974,0.982,0.994,-0.263,-0.281,-0.289,0.988,0.982,1.0,-0.312,-0.312,-0.295,-0.304,-0.272,-0.31
6000,B2_1,-0.073,-0.319,-0.338,-0.332,0.985,0.993,0.982,-0.347,-0.377,-0.312,1.0,0.996,0.982,-0.226,-0.308,-0.256
6000,B2_2,-0.086,-0.313,-0.332,-0.329,0.993,0.996,0.989,-0.341,-0.371,-0.312,0.996,1.0,0.99,-0.202,-0.292,-0.232
6000,B2_3,-0.022,-0.274,-0.291,-0.299,0.997,0.984,0.996,-0.305,-0.333,-0.295,0.982,0.99,1.0,-0.239,-0.322,-0.27
6000,y1,-0.273,-0.275,-0.3,-0.312,-0.257,-0.202,-0.256,-0.297,-0.298,-0.304,-0.226,-0.202,-0.239,1.0,0.985,0.998
6000,y2,-0.192,-0.239,-0.258,-0.274,-0.343,-0.29,-0.338,-0.257,-0.259,-0.272,-0.308,-0.292,-0.322,0.985,1.0,0.982
6000,y3,-0.288,-0.282,-0.308,-0.32,-0.287,-0.232,-0.288,-0.304,-0.304,-0.31,-0.256,-0.232,-0.27,0.998,0.982,1.0
6500,.,1.0,-0.147,-0.149,-0.156,-0.07,-0.124,-0.041,-0.155,-0.136,-0.2,-0.073,-0.089,-0.032,-0.288,-0.219,-0.303
6500,A1_1,-0.147,1.0,0.987,0.981,-0.264,-0.289,-0.285,0.989,0.99,0.975,-0.318,-0.316,-0.283,-0.286,-0.259,-0.298
6500,A1_2,-0.149,0.987,1.0,0.996,-0.276,-0.307,-0.292,0.999,0.996,0.984,-0.334,-0.333,-0.298,-0.311,-0.279,-0.325
6500,A1_3,-0.156,0.981,0.996,1.0,-0.277,-0.304,-0.294,0.998,0.994,0.995,-0.327,-0.329,-0.303,-0.323,-0.293,-0.336
6500,B1_1,-0.07,-0.264,-0.276,-0.277,1.0,0.992,0.997,-0.287,-0.313,-0.27,0.988,0.994,0.997,-0.246,-0.323,-0.275
6500,B1_2,-0.124,-0.289,-0.307,-0.304,0.992,1.0,0.984,-0.316,-0.343,-0.288,0.994,0.997,0.987,-0.2,-0.275,-0.227
6500,B1_3,-0.041,-0.285,-0.292,-0.294,0.997,0.984,1.0,-0.305,-0.329,-0.291,0.985,0.99,0.997,-0.246,-0.32,-0.278
6500,A2_1,-0.155,0.989,0.999,0.998,-0.287,-0.316,-0.305,1.0,0.998,0.989,-0.343,-0.342,-0.311,-0.307,-0.277,-0.32
6500,A2_2,-0.136,0.99,0.996,0.994,-0.313,-0.343,-0.329,0.998,1.0,0.985,-0.369,-0.368,-0.336,-0.309,-0.28,-0.321
6500,A2_3,-0.2,0.975,0.984,0.995,-0.27,-0.288,-0.291,0.989,0.985,1.0,-0.308,-0.314,-0.3,-0.316,-0.291,-0.328
6500,B2_1,-0.073,-0.318,-0.334,-0.327,0.988,0.994,0.985,-0.343,-0.369,-0.308,1.0,0.997,0.984,-0.224,-0.296,-0.253
6500,B2_2,-0.089,-0.316,-0.333,-0.329,0.994,0.997,0.99,-0.342,-0.368,-0.314,0.997,1.0,0.992,-0.195,-0.273,-0.224
6500,B2_3,-0.032,-0.283,-0.298,-0.303,0.997,0.987,0.997,-0.311,-0.336,-0.3,0.984,0.992,1.0,-0.227,-0.3,-0.257
6500,y1,-0.288,-0.286,-0.311,-0.323,-0.246,-0.2,-0.246,-0.307,-0.309,-0.316,-0.224,-0.195,-0.227,1.0,0.986,0.997
6500,y2,-0.219,-0.259,-0.279,-0.293,-0.323,-0.275,-0.32,-0.277,-0.28,-0.291,-0.296,-0.273,-0.3,0.986,1.0,0.981
6500,y3,-0.303,-0.298,-0.325,-0.336,-0.275,-0.227,-0.278,-0.32,-0.321,-0.328,-0.253,-0.224,-0.257,0.997,0.981,1.0
7000,.,1.0,-0.137,-0.147,-0.15,-0.059,-0.102,-0.026,-0.149,-0.128,-0.192,-0.065,-0.073,-0.019,-0.29,-0.225,-0.307
7000,A1_1,-0.137,1.0,0.985,0.979,-0.274,-0.302,-0.292,0.987,0.99,0.974,-0.328,-0.323,-0.293,-0.275,-0.252,-0.3
7000,A1_2,-0.147,0.985,1.0,0.997,-0.279,-0.311,-0.292,0.999,0.994,0.986,-0.336,-0.331,-0.3,-0.302,-0.274,-0.328
7000,A1_3,-0.15,0.979,0.997,1.0,-0.281,-0.311,-0.296,0.998,0.993,0.995,-0.332,-0.33,-0.307,-0.314,-0.287,-0.339
7000,B1_1,-0.059,-0.274,-0.279,-0.281,1.0,0.994,0.997,-0.293,-0.321,-0.278,0.988,0.995,0.997,-0.243,-0.316,-0.272
7000,B1_2,-0.102,-0.302,-0.311,-0.311,0.994,1.0,0.985,-0.324,-0.354,-0.3,0.995,0.997,0.989,-0.203,-0.276,-0.228
7000,B1_3,-0.026,-0.292,-0.292,-0.296,0.997,0.985,1.0,-0.308,-0.335,-0.297,0.983,0.991,0.997,-0.244,-0.315,-0.276
7000,A2_1,-0.149,0.987,0.999,0.998,-0.293,-0.324,-0.308,1.0,0.997,0.99,-0.348,-0.344,-0.316,-0.298,-0.272,-0.324
7000,A2_2,-0.128,0.99,0.994,0.993,-0.321,-0.354,-0.335,0.997,1.0,0.985,-0.378,-0.373,-0.344,-0.298,-0.273,-0.323
7000,A2_3,-0.192,0.974,0.986,0.995,-0.278,-0.3,-0.297,0.99,0.985,1.0,-0.316,-0.319,-0.307,-0.308,-0.285,-0.331
7000,B2_1,-0.065,-0.328,-0.336,-0.332,0.988,0.995,0.983,-0.348,-0.378,-0.316,1.0,0.997,0.984,-0.217,-0.288,-0.243
7000,B2_2,-0.073,-0.323,-0.331,-0.33,0.995,0.997,0.991,-0.344,-0.373,-0.319,0.997,1.0,0.992,-0.197,-0.272,-0.224
7000,B2_3,-0.019,-0.293,-0.3,-0.307,0.997,0.989,0.997,-0.316,-0.344,-0.307,0.984,0.992,1.0,-0.223,-0.295,-0.253
7000,y1,-0.29,-0.275,-0.302,-0.314,-0.243,-0.203,-0.244,-0.298,-0.298,-0.308,-0.217,-0.197,-0.223,1.0,0.989,0.996
7000,y2,-0.225,-0.252,-0.274,-0.287,-0.316,-0.276,-0.315,-0.272,-0.273,-0.285,-0.288,-0.272,-0.295,0.989,1.0,0.983
7000,y3,-0.307,-0.3,-0.328,-0.339,-0.272,-0.228,-0.276,-0.324,-0.323,-0.331,-0.243,-0.224,-0.253,0.996,0.983,1.0
7500,.,1.0,-0.137,-0.148,-0.153,-0.054,-0.09,-0.02,-0.149,-0.128,-0.191,-0.06,-0.067,-0.018,-0.295,-0.24,-0.316
7500,A1_1,-0.137,1.0,0.986,0.981,-0.279,-0.303,-0.293,0.988,0.991,0.976,-0.326,-0.324,-0.296,-0.276,-0.261,-0.302
7500,A1_2,-0.148,0.986,1.0,0.997,-0.284,-0.313,-0.295,0.999,0.994,0.987,-0.335,-0.333,-0.304,-0.299,-0.28,-0.327
7500,A1_3,-0.153,0.981,0.997,1.0,-0.287,-0.314,-0.299,0.998,0.993,0.996,-0.33,-0.332,-0.311,-0.31,-0.293,-0.337
7500,B1_1,-0.054,-0.279,-0.284,-0.287,1.0,0.994,0.997,-0.298,-0.328,-0.285,0.989,0.996,0.997,-0.229,-0.295,-0.258
7500,B1_2,-0.09,-0.303,-0.313,-0.314,0.994,1.0,0.986,-0.325,-0.357,-0.305,0.995,0.998,0.99,-0.2,-0.264,-0.225
7500,B1_3,-0.02,-0.293,-0.295,-0.299,0.997,0.986,1.0,-0.309,-0.338,-0.301,0.983,0.991,0.998,-0.232,-0.297,-0.265
7500,A2_1,-0.149,0.988,0.999,0.998,-0.298,-0.325,-0.309,1.0,0.997,0.991,-0.346,-0.345,-0.319,-0.296,-0.279,-0.324
7500,A2_2,-0.128,0.991,0.994,0.993,-0.328,-0.357,-0.338,0.997,1.0,0.986,-0.377,-0.375,-0.348,-0.295,-0.28,-0.322
7500,A2_3,-0.191,0.976,0.987,0.996,-0.285,-0.305,-0.301,0.991,0.986,1.0,-0.317,-0.324,-0.313,-0.307,-0.292,-0.33
7500,B2_1,-0.06,-0.326,-0.335,-0.33,0.989,0.995,0.983,-0.346,-0.377,-0.317,1.0,0.997,0.984,-0.211,-0.273,-0.236
7500,B2_2,-0.067,-0.324,-0.333,-0.332,0.996,0.998,0.991,-0.345,-0.375,-0.324,0.997,1.0,0.993,-0.189,-0.255,-0.215
7500,B2_3,-0.018,-0.296,-0.304,-0.311,0.997,0.99,0.998,-0.319,-0.348,-0.313,0.984,0.993,1.0,-0.21,-0.274,-0.24
7500,y1,-0.295,-0.276,-0.299,-0.31,-0.229,-0.2,-0.232,-0.296,-0.295,-0.307,-0.211,-0.189,-0.21,1.0,0.991,0.995
7500,y2,-0.24,-0.261,-0.28,-0.293,-0.295,-0.264,-0.297,-0.279,-0.28,-0.292,-0.273,-0.255,-0.274,0.991,1.0,0.985
7500,y3,-0.316,-0.302,-0.327,-0.337,-0.258,-0.225,-0.265,-0.324,-0.322,-0.33,-0.236,-0.215,-0.24,0.995,0.985,1.0
8000,.,1.0,-0.132,-0.146,-0.151,-0.046,-0.075,-0.01,-0.147,-0.126,-0.184,-0.052,-0.056,-0.011,-0.303,-0.257,-0.322
8000,A1_1,-0.132,1.0,0.987,0.983,-0.284,-0.309,-0.295,0.988,0.991,0.978,-0.326,-0.325,-0.298,-0.274,-0.267,-0.3
8000,A1_2,-0.146,0.987,1.0,0.997,-0.288,-0.318,-0.296,0.999,0.994,0.989,-0.334,-0.332,-0.305,-0.297,-0.286,-0.325
8000,A1_3,-0.151,0.983,0.997,1.0,-0.292,-0.32,-0.302,0.998,0.994,0.997,-0.331,-0.334,-0.313,-0.306,-0.296,-0.333
8000,B1_1,-0.046,-0.284,-0.288,-0.292,1.0,0.995,0.997,-0.301,-0.33,-0.29,0.99,0.997,0.997,-0.229,-0.283,-0.253
8000,B1_2,-0.075,-0.309,-0.318,-0.32,0.995,1.0,0.987,-0.33,-0.361,-0.313,0.995,0.997,0.991,-0.207,-0.258,-0.227
8000,B1_3,-0.01,-0.295,-0.296,-0.302,0.997,0.987,1.0,-0.31,-0.338,-0.304,0.983,0.992,0.998,-0.236,-0.288,-0.263
8000,A2_1,-0.147,0.988,0.999,0.998,-0.301,-0.33,-0.31,1.0,0.997,0.992,-0.345,-0.344,-0.319,-0.294,-0.284,-0.321
8000,A2_2,-0.126,0.991,0.994,0.994,-0.33,-0.361,-0.338,0.997,1.0,0.988,-0.375,-0.374,-0.348,-0.293,-0.285,-0.319
8000,A2_3,-0.184,0.978,0.989,0.997,-0.29,-0.313,-0.304,0.992,0.988,1.0,-0.32,-0.327,-0.315,-0.305,-0.296,-0.328
8000,B2_1,-0.052,-0.326,-0.334,-0.331,0.99,0.995,0.983,-0.345,-0.375,-0.32,1.0,0.997,0.984,-0.213,-0.263,-0.234
8000,B2_2,-0.056,-0.325,-0.332,-0.334,0.997,0.997,0.992,-0.344,-0.374,-0.327,0.997,1.0,0.994,-0.194,-0.248,-0.217
8000,B2_3,-0.011,-0.298,-0.305,-0.313,0.997,0.991,0.998,-0.319,-0.348,-0.315,0.984,0.994,1.0,-0.213,-0.265,-0.238
8000,y1,-0.303,-0.274,-0.297,-0.306,-0.229,-0.207,-0.236,-0.294,-0.293,-0.305,-0.213,-0.194,-0.213,1.0,0.993,0.996
8000,y2,-0.257,-0.267,-0.286,-0.296,-0.283,-0.258,-0.288,-0.284,-0.285,-0.296,-0.263,-0.248,-0.265,0.993,1.0,0.987
8000,y3,-0.322,-0.3,-0.325,-0.333,-0.253,-0.227,-0.263,-0.321,-0.319,-0.328,-0.234,-0.217,-0.238,0.996,0.987,1.0
8500,.,1.0,-0.126,-0.142,-0.146,-0.056,-0.075,-0.014,-0.144,-0.123,-0.177,-0.053,-0.06,-0.017,-0.297,-0.258,-0.311
8500,A1_1,-0.126,1.0,0.987,0.984,-0.288,-0.313,-0.297,0.988,0.991,0.978,-0.325,-0.325,-0.3,-0.279,-0.277,-0.302
8500,A1_2,-0.142,0.987,1.0,0.998,-0.292,-0.32,-0.297,0.999,0.995,0.991,-0.331,-0.331,-0.306,-0.3,-0.293,-0.325
8500,A1_3,-0.146,0.984,0.998,1.0,-0.298,-0.325,-0.305,0.999,0.995,0.997,-0.331,-0.334,-0.316,-0.309,-0.303,-0.333
8500,B1_1,-0.056,-0.288,-0.292,-0.298,1.0,0.995,0.997,-0.303,-0.331,-0.293,0.99,0.997,0.997,-0.217,-0.26,-0.244
8500,B1_2,-0.075,-0.313,-0.32,-0.325,0.995,1.0,0.987,-0.331,-0.361,-0.317,0.994,0.997,0.991,-0.203,-0.243,-0.227
8500,B1_3,-0.014,-0.297,-0.297,-0.305,0.997,0.987,1.0,-0.309,-0.336,-0.304,0.984,0.993,0.998,-0.228,-0.271,-0.258
8500,A2_1,-0.144,0.988,0.999,0.999,-0.303,-0.331,-0.309,1.0,0.997,0.994,-0.341,-0.341,-0.319,-0.297,-0.291,-0.321
8500,A2_2,-0.123,0.991,0.995,0.995,-0.331,-0.361,-0.336,0.997,1.0,0.989,-0.369,-0.369,-0.346,-0.297,-0.293,-0.32
8500,A2_3,-0.177,0.978,0.991,0.997,-0.293,-0.317,-0.304,0.994,0.989,1.0,-0.319,-0.327,-0.316,-0.311,-0.305,-0.332
8500,B2_1,-0.053,-0.325,-0.331,-0.331,0.99,0.994,0.984,-0.341,-0.369,-0.319,1.0,0.997,0.984,-0.211,-0.251,-0.235
8500,B2_2,-0.06,-0.325,-0.331,-0.334,0.997,0.997,0.993,-0.341,-0.369,-0.327,0.997,1.0,0.994,-0.188,-0.23,-0.214
8500,B2_3,-0.017,-0.3,-0.306,-0.316,0.997,0.991,0.998,-0.319,-0.346,-0.316,0.984,0.994,1.0,-0.203,-0.245,-0.232
8500,y1,-0.297,-0.279,-0.3,-0.309,-0.217,-0.203,-0.228,-0.297,-0.297,-0.311,-0.211,-0.188,-0.203,1.0,0.994,0.996
8500,y2,-0.258,-0.277,-0.293,-0.303,-0.26,-0.243,-0.271,-0.291,-0.293,-0.305,-0.251,-0.23,-0.245,0.994,1.0,0.989
8500,y3,-0.311,-0.302,-0.325,-0.333,-0.244,-0.227,-0.258,-0.321,-0.32,-0.332,-0.235,-0.214,-0.232,0.996,0.989,1.0
9000,.,1.0,-0.136,-0.153,-0.16,-0.063,-0.075,-0.015,-0.159,-0.14,-0.192,-0.049,-0.066,-0.017,-0.275,-0.239,-0.294
9000,A1_1,-0.136,1.0,0.987,0.985,-0.285,-0.309,-0.299,0.988,0.991,0.977,-0.312,-0.321,-0.293,-0.273,-0.274,-0.29
9000,A1_2,-0.153,0.987,1.0,0.997,-0.29,-0.317,-0.301,0.999,0.997,0.99,-0.321,-0.328,-0.3,-0.288,-0.284,-0.309
9000,A1_3,-0.16,0.985,0.997,1.0,-0.298,-0.324,-0.311,0.999,0.997,0.997,-0.32,-0.332,-0.312,-0.298,-0.296,-0.317
9000,B1_1,-0.063,-0.285,-0.29,-0.298,1.0,0.996,0.995,-0.299,-0.321,-0.288,0.99,0.997,0.996,-0.212,-0.249,-0.24
9000,B1_2,-0.075,-0.309,-0.317,-0.324,0.996,1.0,0.988,-0.325,-0.349,-0.312,0.992,0.996,0.991,-0.206,-0.24,-0.232
9000,B1_3,-0.015,-0.299,-0.301,-0.311,0.995,0.988,1.0,-0.311,-0.332,-0.306,0.984,0.993,0.998,-0.231,-0.267,-0.261
9000,A2_1,-0.159,0.988,0.999,0.999,-0.299,-0.325,-0.311,1.0,0.998,0.993,-0.327,-0.335,-0.311,-0.286,-0.283,-0.306
9000,A2_2,-0.14,0.991,0.997,0.997,-0.321,-0.349,-0.332,0.998,1.0,0.99,-0.349,-0.358,-0.332,-0.291,-0.289,-0.309
9000,A2_3,-0.192,0.977,0.99,0.997,-0.288,-0.312,-0.306,0.993,0.99,1.0,-0.303,-0.32,-0.308,-0.305,-0.303,-0.321
9000,B2_1,-0.049,-0.312,-0.321,-0.32,0.99,0.992,0.984,-0.327,-0.349,-0.303,1.0,0.996,0.983,-0.22,-0.254,-0.245
9000,B2_2,-0.066,-0.321,-0.328,-0.332,0.997,0.996,0.993,-0.335,-0.358,-0.32,0.996,1.0,0.993,-0.188,-0.224,-0.214
9000,B2_3,-0.017,-0.293,-0.3,-0.312,0.996,0.991,0.998,-0.311,-0.332,-0.308,0.983,0.993,1.0,-0.205,-0.241,-0.236
9000,y1,-0.275,-0.273,-0.288,-0.298,-0.212,-0.206,-0.231,-0.286,-0.291,-0.305,-0.22,-0.188,-0.205,1.0,0.995,0.997
9000,y2,-0.239,-0.274,-0.284,-0.296,-0.249,-0.24,-0.267,-0.283,-0.289,-0.303,-0.254,-0.224,-0.241,0.995,1.0,0.989
9000,y3,-0.294,-0.29,-0.309,-0.317,-0.24,-0.232,-0.261,-0.306,-0.309,-0.321,-0.245,-0.214,-0.236,0.997,0.989,1.0
9500,.,1.0,-0.118,-0.135,-0.142,-0.069,-0.084,-0.046,-0.145,-0.133,-0.171,-0.067,-0.083,-0.032,-0.297,-0.273,-0.316
9500,A1_1,-0.118,1.0,0.987,0.984,-0.29,-0.315,-0.309,0.988,0.99,0.979,-0.312,-0.324,-0.292,-0.273,-0.285,-0.295
9500,A1_2,-0.135,0.987,1.0,0.998,-0.298,-0.326,-0.316,1.0,0.999,0.993,-0.322,-0.334,-0.302,-0.292,-0.3,-0.316
9500,A1_3,-0.142,0.984,0.998,1.0,-0.297,-0.325,-0.316,0.999,0.999,0.998,-0.316,-0.33,-0.305,-0.3,-0.308,-0.323
9500,B1_1,-0.069,-0.29,-0.298,-0.297,1.0,0.995,0.998,-0.301,-0.314,-0.293,0.992,0.997,0.997,-0.21,-0.244,-0.235
9500,B1_2,-0.084,-0.315,-0.326,-0.325,0.995,1.0,0.991,-0.328,-0.342,-0.318,0.991,0.995,0.991,-0.204,-0.233,-0.226
9500,B1_3,-0.046,-0.309,-0.316,-0.316,0.998,0.991,1.0,-0.319,-0.332,-0.313,0.99,0.995,0.998,-0.214,-0.248,-0.239
9500,A2_1,-0.145,0.988,1.0,0.999,-0.301,-0.328,-0.319,1.0,0.999,0.995,-0.322,-0.335,-0.306,-0.288,-0.295,-0.311
9500,A2_2,-0.133,0.99,0.999,0.999,-0.314,-0.342,-0.332,0.999,1.0,0.994,-0.336,-0.349,-0.32,-0.294,-0.303,-0.317
9500,A2_3,-0.171,0.979,0.993,0.998,-0.293,-0.318,-0.313,0.995,0.994,1.0,-0.304,-0.323,-0.305,-0.305,-0.313,-0.325
9500,B2_1,-0.067,-0.312,-0.322,-0.316,0.992,0.991,0.99,-0.322,-0.336,-0.304,1.0,0.997,0.984,-0.213,-0.244,-0.235
9500,B2_2,-0.083,-0.324,-0.334,-0.33,0.997,0.995,0.995,-0.335,-0.349,-0.323,0.997,1.0,0.992,-0.179,-0.212,-0.203
9500,B2_3,-0.032,-0.292,-0.302,-0.305,0.997,0.991,0.998,-0.306,-0.32,-0.305,0.984,0.992,1.0,-0.203,-0.236,-0.23
9500,y1,-0.297,-0.273,-0.292,-0.3,-0.21,-0.204,-0.214,-0.288,-0.294,-0.305,-0.213,-0.179,-0.203,1.0,0.996,0.997
9500,y2,-0.273,-0.285,-0.3,-0.308,-0.244,-0.233,-0.248,-0.295,-0.303,-0.313,-0.244,-0.212,-0.236,0.996,1.0,0.993
9500,y3,-0.316,-0.295,-0.316,-0.323,-0.235,-0.226,-0.239,-0.311,-0.317,-0.325,-0.235,-0.203,-0.23,0.997,0.993,1.0
10000,.,1.0,-0.122,-0.145,-0.151,-0.051,-0.054,-0.01,-0.152,-0.138,-0.179,-0.036,-0.055,-0.003,-0.271,-0.248,-0.286
10000,A1_1,-0.122,1.0,0.989,0.987,-0.286,-0.315,-0.299,0.989,0.991,0.98,-0.307,-0.318,-0.287,-0.273,-0.28,-0.291
10000,A1_2,-0.145,0.989,1.0,0.998,-0.292,-0.323,-0.304,1.0,0.999,0.993,-0.315,-0.325,-0.295,-0.287,-0.29,-0.307
10000,A1_3,-0.151,0.987,0.998,1.0,-0.298,-0.329,-0.312,0.999,0.999,0.998,-0.314,-0.329,-0.306,-0.296,-0.299,-0.314
10000,B1_1,-0.051,-0.286,-0.292,-0.298,1.0,0.995,0.996,-0.298,-0.312,-0.29,0.99,0.998,0.996,-0.222,-0.247,-0.242
10000,B1_2,-0.054,-0.315,-0.323,-0.329,0.995,1.0,0.989,-0.329,-0.344,-0.319,0.989,0.995,0.989,-0.223,-0.245,-0.24
10000,B1_3,-0.01,-0.299,-0.304,-0.312,0.996,0.989,1.0,-0.312,-0.325,-0.307,0.985,0.994,0.998,-0.237,-0.263,-0.259
10000,A2_1,-0.152,0.989,1.0,0.999,-0.298,-0.329,-0.312,1.0,0.999,0.995,-0.319,-0.331,-0.304,-0.285,-0.288,-0.304
10000,A2_2,-0.138,0.991,0.999,0.999,-0.312,-0.344,-0.325,0.999,1.0,0.994,-0.332,-0.344,-0.317,-0.291,-0.295,-0.31
10000,A2_3,-0.179,0.98,0.993,0.998,-0.29,-0.319,-0.307,0.995,0.994,1.0,-0.3,-0.318,-0.303,-0.303,-0.306,-0.319
10000,B2_1,-0.036,-0.307,-0.315,-0.314,0.99,0.989,0.985,-0.319,-0.332,-0.3,1.0,0.996,0.98,-0.228,-0.249,-0.244
10000,B2_2,-0.055,-0.318,-0.325,-0.329,0.998,0.995,0.994,-0.331,-0.344,-0.318,0.996,1.0,0.991,-0.199,-0.223,-0.217
10000,B2_3,-0.003,-0.287,-0.295,-0.306,0.996,0.989,0.998,-0.304,-0.317,-0.303,0.98,0.991,1.0,-0.215,-0.24,-0.238
10000,y1,-0.271,-0.273,-0.287,-0.296,-0.222,-0.223,-0.237,-0.285,-0.291,-0.303,-0.228,-0.199,-0.215,1.0,0.997,0.998
10000,y2,-0.248,-0.28,-0.29,-0.299,-0.247,-0.245,-0.263,-0.288,-0.295,-0.306,-0.249,-0.223,-0.24,0.997,1.0,0.995
10000,y3,-0.286,-0.291,-0.307,-0.314,-0.242,-0.24,-0.259,-0.304,-0.31,-0.319,-0.244,-0.217,-0.238,0.998,0.995,1.0
