,,.,A1_1,A1_2,A1_3,B1_1,B1_2,B1_3,A2_1,A2_2,A2_3,B2_1,B2_2,B2_3,y1,y2,y3
2,.,1.0,-0.061,0.057,0.275,0.124,-0.204,0.185,0.016,0.066,-0.169,-0.337,0.031,0.147,-0.936,-0.775,-0.669
2,A1_1,-0.061,1.0,0.869,-0.116,-0.403,-0.121,-0.836,0.853,0.39,0.787,-0.705,-0.932,-0.744,0.25,-0.132,0.092
2,A1_2,0.057,0.869,1.0,0.37,-0.663,-0.447,-0.784,0.64,0.348,0.852,-0.694,-0.818,-0.539,0.062,-0.365,0.052
2,A1_3,0.275,-0.116,0.37,1.0,-0.54,-0.674,-0.023,-0.363,-0.208,0.183,-0.058,0.149,0.354,-0.339,-0.399,0.062
2,B1_1,0.124,-0.403,-0.663,-0.54,1.0,0.865,0.618,-0.217,-0.413,-0.537,0.223,0.259,0.316,0.021,0.332,-0.227
2,B1_2,-0.204,-0.121,-0.447,-0.674,0.865,1.0,0.474,0.029,-0.174,-0.298,0.064,-0.061,0.153,0.374,0.484,-0.062
2,B1_3,0.185,-0.836,-0.784,-0.023,0.618,0.474,1.0,-0.638,-0.246,-0.736,0.383,0.643,0.815,-0.259,0.075,-0.278
2,A2_1,0.016,0.853,0.64,-0.363,-0.217,0.029,-0.638,1.0,0.566,0.766,-0.836,-0.906,-0.57,0.103,-0.117,-0.299
2,A2_2,0.066,0.39,0.348,-0.208,-0.413,-0.174,-0.246,0.566,1.0,0.349,-0.446,-0.487,-0.37,-0.179,-0.464,-0.439
2,A2_3,-0.169,0.787,0.852,0.183,-0.537,-0.298,-0.736,0.766,0.349,1.0,-0.754,-0.832,-0.385,0.234,-0.058,-0.076
2,B2_1,-0.337,-0.705,-0.694,-0.058,0.223,0.064,0.383,-0.836,-0.446,-0.754,1.0,0.839,0.166,0.202,0.333,0.491
2,B2_2,0.031,-0.932,-0.818,0.149,0.259,-0.061,0.643,-0.906,-0.487,-0.832,0.839,1.0,0.563,-0.214,0.149,0.15
2,B2_3,0.147,-0.744,-0.539,0.354,0.316,0.153,0.815,-0.57,-0.37,-0.385,0.166,0.563,1.0,-0.243,0.164,-0.218
2,y1,-0.936,0.25,0.062,-0.339,0.021,0.374,-0.259,0.103,-0.179,0.234,0.202,-0.214,-0.243,1.0,0.814,0.713
2,y2,-0.775,-0.132,-0.365,-0.399,0.332,0.484,0.075,-0.117,-0.464,-0.058,0.333,0.149,0.164,0.814,1.0,0.578
2,y3,-0.669,0.092,0.052,0.062,-0.227,-0.062,-0.278,-0.299,-0.439,-0.076,0.491,0.15,-0.218,0.713,0.578,1.0
4,.,1.0,-0.081,-0.255,-0.216,0.415,0.164,0.187,0.224,0.21,0.124,0.071,-0.478,-0.229,-0.62,-0.512,-0.62
4,A1_1,-0.081,1.0,0.573,0.182,-0.272,-0.088,-0.752,0.581,0.797,0.538,-0.532,-0.448,-0.814,-0.359,0.206,0.365
4,A1_2,-0.255,0.573,1.0,0.71,-0.564,-0.102,-0.939,0.046,0.274,0.662,-0.555,-0.314,-0.727,-0.223,0.016,0.195
4,A1_3,-0.216,0.182,0.71,1.0,-0.132,0.373,-0.608,-0.567,-0.129,0.09,0.091,0.077,-0.416,-0.143,-0.379,0.333
4,B1_1,0.415,-0.272,-0.564,-0.132,1.0,0.828,0.607,-0.293,-0.295,-0.493,0.686,-0.182,0.35,0.098,-0.186,0.195
4,B1_2,0.164,-0.088,-0.102,0.373,0.828,1.0,0.204,-0.477,-0.246,-0.281,0.597,-0.169,0.108,0.149,-0.198,0.44
4,B1_3,0.187,-0.752,-0.939,-0.608,0.607,0.204,1.0,-0.231,-0.501,-0.708,0.664,0.32,0.844,0.354,-0.008,-0.143
4,A2_1,0.224,0.581,0.046,-0.567,-0.293,-0.477,-0.231,1.0,0.812,0.562,-0.605,-0.387,-0.365,-0.385,0.247,-0.272
4,A2_2,0.21,0.797,0.274,-0.129,-0.295,-0.246,-0.501,0.812,1.0,0.554,-0.486,-0.305,-0.684,-0.506,0.061,-0.038
4,A2_3,0.124,0.538,0.662,0.09,-0.493,-0.281,-0.708,0.562,0.554,1.0,-0.889,-0.638,-0.648,-0.212,0.259,-0.261
4,B2_1,0.071,-0.532,-0.555,0.091,0.686,0.597,0.664,-0.605,-0.486,-0.889,1.0,0.486,0.547,0.11,-0.42,0.262
4,B2_2,-0.478,-0.448,-0.314,0.077,-0.182,-0.169,0.32,-0.387,-0.305,-0.638,0.486,1.0,0.562,0.163,-0.264,0.046
4,B2_3,-0.229,-0.814,-0.727,-0.416,0.35,0.108,0.844,-0.365,-0.684,-0.648,0.547,0.562,1.0,0.533,0.054,-0.077
4,y1,-0.62,-0.359,-0.223,-0.143,0.098,0.149,0.354,-0.385,-0.506,-0.212,0.11,0.163,0.533,1.0,0.741,0.473
4,y2,-0.512,0.206,0.016,-0.379,-0.186,-0.198,-0.008,0.247,0.061,0.259,-0.42,-0.264,0.054,0.741,1.0,0.431
4,y3,-0.62,0.365,0.195,0.333,0.195,0.44,-0.143,-0.272,-0.038,-0.261,0.262,0.046,-0.077,0.473,0.431,1.0
6,.,1.0,-0.489,-0.584,-0.418,0.107,0.47,0.002,-0.407,-0.486,-0.257,0.212,0.386,0.526,-0.826,-0.693,-0.713
6,A1_1,-0.489,1.0,0.743,0.187,-0.461,-0.545,-0.61,0.576,0.626,0.635,-0.573,-0.925,-0.785,0.04,-0.053,-0.092
6,A1_2,-0.584,0.743,1.0,0.61,-0.312,-0.395,-0.398,0.626,0.392,0.451,-0.326,-0.766,-0.311,0.252,-0.031,0.03
6,A1_3,-0.418,0.187,0.61,1.0,-0.326,-0.488,-0.213,-0.06,-0.174,0.232,0.061,-0.342,0.046,0.174,-0.03,0.026
6,B1_1,0.107,-0.461,-0.312,-0.326,1.0,0.856,0.493,-0.237,-0.412,-0.684,0.277,0.597,0.387,0.417,0.329,0.253
6,B1_2,0.47,-0.545,-0.395,-0.488,0.856,1.0,0.54,-0.215,-0.505,-0.779,0.376,0.594,0.561,0.035,-0.01,0.004
6,B1_3,0.002,-0.61,-0.398,-0.213,0.493,0.54,1.0,-0.405,-0.528,-0.883,0.29,0.721,0.368,0.326,0.598,0.67
6,A2_1,-0.407,0.576,0.626,-0.06,-0.237,-0.215,-0.405,1.0,0.847,0.542,-0.165,-0.55,-0.222,0.235,-0.07,0.037
6,A2_2,-0.486,0.626,0.392,-0.174,-0.412,-0.505,-0.528,0.847,1.0,0.748,-0.347,-0.569,-0.548,0.236,0.066,0.084
6,A2_3,-0.257,0.635,0.451,0.232,-0.684,-0.779,-0.883,0.542,0.748,1.0,-0.459,-0.71,-0.489,-0.144,-0.324,-0.379
6,B2_1,0.212,-0.573,-0.326,0.061,0.277,0.376,0.29,-0.165,-0.347,-0.459,1.0,0.45,0.664,0.051,-0.137,0.06
6,B2_2,0.386,-0.925,-0.766,-0.342,0.597,0.594,0.721,-0.55,-0.569,-0.71,0.45,1.0,0.68,0.078,0.29,0.271
6,B2_3,0.526,-0.785,-0.311,0.046,0.387,0.561,0.368,-0.222,-0.548,-0.489,0.664,0.68,1.0,-0.175,-0.273,-0.162
6,y1,-0.826,0.04,0.252,0.174,0.417,0.035,0.326,0.235,0.236,-0.144,0.051,0.078,-0.175,1.0,0.815,0.825
6,y2,-0.693,-0.053,-0.031,-0.03,0.329,-0.01,0.598,-0.07,0.066,-0.324,-0.137,0.29,-0.273,0.815,1.0,0.949
6,y3,-0.713,-0.092,0.03,0.026,0.253,0.004,0.67,0.037,0.084,-0.379,0.06,0.271,-0.162,0.825,0.949,1.0
8,.,1.0,0.287,0.336,0.386,-0.43,-0.229,-0.261,-0.045,-0.147,0.415,-0.643,-0.228,-0.324,-0.809,-0.346,-0.609
8,A1_1,0.287,1.0,0.873,0.464,-0.58,-0.879,-0.8,0.51,0.471,0.641,-0.799,-0.452,-0.689,-0.097,0.637,0.161
8,A1_2,0.336,0.873,1.0,0.772,-0.643,-0.866,-0.856,0.284,0.229,0.7,-0.735,-0.473,-0.811,-0.152,0.556,0.187
8,A1_3,0.386,0.464,0.772,1.0,-0.301,-0.494,-0.713,-0.108,-0.098,0.51,-0.468,-0.597,-0.643,-0.19,0.231,0.155
8,B1_1,-0.43,-0.58,-0.643,-0.301,1.0,0.557,0.287,0.172,0.245,-0.197,0.574,-0.242,0.415,0.297,-0.285,0.159
8,B1_2,-0.229,-0.879,-0.866,-0.494,0.557,1.0,0.651,-0.495,-0.363,-0.619,0.822,0.25,0.523,0.288,-0.399,0.0
8,B1_3,-0.261,-0.8,-0.856,-0.713,0.287,0.651,1.0,-0.452,-0.549,-0.742,0.511,0.797,0.898,-0.046,-0.599,-0.345
8,A2_1,-0.045,0.51,0.284,-0.108,0.172,-0.495,-0.452,1.0,0.875,0.693,-0.392,-0.459,-0.386,0.046,0.346,0.184
8,A2_2,-0.147,0.471,0.229,-0.098,0.245,-0.363,-0.549,0.875,1.0,0.499,-0.148,-0.514,-0.414,0.214,0.367,0.296
8,A2_3,0.415,0.641,0.7,0.51,-0.197,-0.619,-0.742,0.693,0.499,1.0,-0.674,-0.684,-0.815,-0.178,0.378,0.187
8,B2_1,-0.643,-0.799,-0.735,-0.468,0.574,0.822,0.511,-0.392,-0.148,-0.674,1.0,0.295,0.467,0.562,-0.185,0.252
8,B2_2,-0.228,-0.452,-0.473,-0.597,-0.242,0.25,0.797,-0.459,-0.514,-0.684,0.295,1.0,0.674,-0.106,-0.396,-0.349
8,B2_3,-0.324,-0.689,-0.811,-0.643,0.415,0.523,0.898,-0.386,-0.414,-0.815,0.467,0.674,1.0,-0.096,-0.616,-0.426
8,y1,-0.809,-0.097,-0.152,-0.19,0.297,0.288,-0.046,0.046,0.214,-0.178,0.562,-0.106,-0.096,1.0,0.663,0.897
8,y2,-0.346,0.637,0.556,0.231,-0.285,-0.399,-0.599,0.346,0.367,0.378,-0.185,-0.396,-0.616,0.663,1.0,0.773
8,y3,-0.609,0.161,0.187,0.155,0.159,0.0,-0.345,0.184,0.296,0.187,0.252,-0.349,-0.426,0.897,0.773,1.0
10,.,1.0,0.039,0.053,0.122,0.179,0.045,-0.288,-0.059,-0.141,-0.163,-0.158,-0.02,0.089,-0.815,-0.623,-0.849
10,A1_1,0.039,1.0,0.895,0.817,-0.318,-0.68,-0.614,0.736,0.491,0.486,-0.781,-0.669,-0.519,0.239,-0.205,0.254
10,A1_2,0.053,0.895,1.0,0.733,-0.266,-0.547,-0.63,0.828,0.6,0.467,-0.77,-0.645,-0.529,0.009,-0.126,0.117
10,A1_3,0.122,0.817,0.733,1.0,-0.353,-0.512,-0.346,0.381,0.116,0.099,-0.557,-0.477,-0.268,0.125,-0.257,0.208
10,B1_1,0.179,-0.318,-0.266,-0.353,1.0,0.805,-0.449,-0.494,-0.537,-0.413,0.426,0.485,-0.338,-0.092,0.029,-0.424
10,B1_2,0.045,-0.68,-0.547,-0.512,0.805,1.0,-0.037,-0.671,-0.758,-0.583,0.564,0.527,-0.064,-0.226,0.352,-0.319
10,B1_3,-0.288,-0.614,-0.63,-0.346,-0.449,-0.037,1.0,-0.408,-0.109,-0.297,0.475,0.326,0.815,0.06,0.137,0.264
10,A2_1,-0.059,0.736,0.828,0.381,-0.494,-0.671,-0.408,1.0,0.833,0.731,-0.868,-0.806,-0.409,-0.01,0.04,0.204
10,A2_2,-0.141,0.491,0.6,0.116,-0.537,-0.758,-0.109,0.833,1.0,0.699,-0.508,-0.453,-0.092,0.067,-0.167,0.158
10,A2_3,-0.163,0.486,0.467,0.099,-0.413,-0.583,-0.297,0.731,0.699,1.0,-0.644,-0.7,-0.551,0.229,-0.185,0.079
10,B2_1,-0.158,-0.781,-0.77,-0.557,0.426,0.564,0.475,-0.868,-0.508,-0.644,1.0,0.965,0.517,0.099,0.04,-0.089
10,B2_2,-0.02,-0.669,-0.645,-0.477,0.485,0.527,0.326,-0.806,-0.453,-0.7,0.965,1.0,0.515,0.002,-0.028,-0.168
10,B2_3,0.089,-0.519,-0.529,-0.268,-0.338,-0.064,0.815,-0.409,-0.092,-0.551,0.517,0.515,1.0,-0.243,-0.007,0.045
10,y1,-0.815,0.239,0.009,0.125,-0.092,-0.226,0.06,-0.01,0.067,0.229,0.099,0.002,-0.243,1.0,0.239,0.774
10,y2,-0.623,-0.205,-0.126,-0.257,0.029,0.352,0.137,0.04,-0.167,-0.185,0.04,-0.028,-0.007,0.239,1.0,0.622
10,y3,-0.849,0.254,0.117,0.208,-0.424,-0.319,0.264,0.204,0.158,0.079,-0.089,-0.168,0.045,0.774,0.622,1.0
12,.,1.0,0.319,0.121,-0.15,0.141,-0.182,-0.233,0.437,0.372,0.102,-0.365,-0.118,-0.329,-0.734,-0.924,-0.736
12,A1_1,0.319,1.0,0.871,0.531,-0.357,-0.82,-0.762,0.732,0.64,0.914,-0.758,-0.68,-0.735,0.079,-0.118,0.1
12,A1_2,0.121,0.871,1.0,0.348,-0.043,-0.697,-0.826,0.68,0.563,0.899,-0.851,-0.582,-0.474,0.182,0.053,0.189
12,A1_3,-0.15,0.531,0.348,1.0,-0.303,-0.464,-0.378,-0.119,-0.187,0.358,-0.134,-0.639,-0.559,0.18,0.068,0.098
12,B1_1,0.141,-0.357,-0.043,-0.303,1.0,0.478,-0.165,-0.12,-0.189,-0.443,0.082,-0.037,0.198,-0.26,-0.303,-0.452
12,B1_2,-0.182,-0.82,-0.697,-0.464,0.478,1.0,0.486,-0.516,-0.522,-0.759,0.559,0.41,0.35,0.09,-0.026,-0.112
12,B1_3,-0.233,-0.762,-0.826,-0.378,-0.165,0.486,1.0,-0.634,-0.542,-0.683,0.526,0.864,0.664,-0.106,0.076,-0.003
12,A2_1,0.437,0.732,0.68,-0.119,-0.12,-0.516,-0.634,1.0,0.96,0.702,-0.63,-0.438,-0.577,0.052,-0.147,0.073
12,A2_2,0.372,0.64,0.563,-0.187,-0.189,-0.522,-0.542,0.96,1.0,0.638,-0.481,-0.404,-0.463,-0.011,-0.081,0.051
12,A2_3,0.102,0.914,0.899,0.358,-0.443,-0.759,-0.683,0.702,0.638,1.0,-0.812,-0.508,-0.506,0.235,0.123,0.303
12,B2_1,-0.365,-0.758,-0.851,-0.134,0.082,0.559,0.526,-0.63,-0.481,-0.812,1.0,0.222,0.315,0.047,0.238,0.015
12,B2_2,-0.118,-0.68,-0.582,-0.639,-0.037,0.41,0.864,-0.438,-0.404,-0.508,0.222,1.0,0.793,-0.121,0.059,0.047
12,B2_3,-0.329,-0.735,-0.474,-0.559,0.198,0.35,0.664,-0.577,-0.463,-0.506,0.315,0.793,1.0,-0.22,0.206,-0.055
12,y1,-0.734,0.079,0.182,0.18,-0.26,0.09,-0.106,0.052,-0.011,0.235,0.047,-0.121,-0.22,1.0,0.824,0.93
12,y2,-0.924,-0.118,0.053,0.068,-0.303,-0.026,0.076,-0.147,-0.081,0.123,0.238,0.059,0.206,0.824,1.0,0.898
12,y3,-0.736,0.1,0.189,0.098,-0.452,-0.112,-0.003,0.073,0.051,0.303,0.015,0.047,-0.055,0.93,0.898,1.0
14,.,1.0,-0.146,-0.045,0.386,-0.708,-0.332,-0.341,-0.088,-0.023,0.13,0.214,-0.042,-0.392,-0.768,-0.638,-0.558
14,A1_1,-0.146,1.0,0.858,0.521,-0.296,-0.355,-0.772,0.496,0.748,0.618,-0.569,-0.767,-0.686,0.505,0.178,0.577
14,A1_2,-0.045,0.858,1.0,0.665,-0.246,-0.315,-0.687,0.394,0.571,0.642,-0.74,-0.869,-0.645,0.164,-0.155,0.168
14,A1_3,0.386,0.521,0.665,1.0,-0.28,-0.527,-0.404,-0.107,0.101,0.786,-0.239,-0.509,-0.436,-0.204,-0.478,-0.041
14,B1_1,-0.708,-0.296,-0.246,-0.28,1.0,0.656,0.57,-0.171,-0.378,-0.318,0.198,0.195,0.449,0.352,0.107,0.173
14,B1_2,-0.332,-0.355,-0.315,-0.527,0.656,1.0,0.172,0.09,-0.025,-0.712,0.308,0.059,0.12,0.082,-0.146,-0.012
14,B1_3,-0.341,-0.772,-0.687,-0.404,0.57,0.172,1.0,-0.537,-0.77,-0.279,0.339,0.766,0.939,-0.124,0.13,-0.263
14,A2_1,-0.088,0.496,0.394,-0.107,-0.171,0.09,-0.537,1.0,0.861,0.245,-0.648,-0.697,-0.621,0.177,0.074,0.173
14,A2_2,-0.023,0.748,0.571,0.101,-0.378,-0.025,-0.77,0.861,1.0,0.332,-0.573,-0.764,-0.705,0.292,0.112,0.398
14,A2_3,0.13,0.618,0.642,0.786,-0.318,-0.712,-0.279,0.245,0.332,1.0,-0.578,-0.517,-0.32,-0.024,-0.141,0.088
14,B2_1,0.214,-0.569,-0.74,-0.239,0.198,0.308,0.339,-0.648,-0.573,-0.578,1.0,0.72,0.348,-0.065,-0.049,0.034
14,B2_2,-0.042,-0.767,-0.869,-0.509,0.195,0.059,0.766,-0.697,-0.764,-0.517,0.72,1.0,0.806,-0.092,0.235,-0.144
14,B2_3,-0.392,-0.686,-0.645,-0.436,0.449,0.12,0.939,-0.621,-0.705,-0.32,0.348,0.806,1.0,-0.02,0.275,-0.132
14,y1,-0.768,0.505,0.164,-0.204,0.352,0.082,-0.124,0.177,0.292,-0.024,-0.065,-0.092,-0.02,1.0,0.803,0.935
14,y2,-0.638,0.178,-0.155,-0.478,0.107,-0.146,0.13,0.074,0.112,-0.141,-0.049,0.235,0.275,0.803,1.0,0.728
14,y3,-0.558,0.577,0.168,-0.041,0.173,-0.012,-0.263,0.173,0.398,0.088,0.034,-0.144,-0.132,0.935,0.728,1.0
16,.,1.0,0.128,-0.149,0.279,0.049,0.108,-0.477,-0.301,-0.629,-0.133,0.005,-0.342,0.022,-0.633,-0.407,-0.748
16,A1_1,0.128,1.0,0.387,0.503,-0.458,-0.575,-0.611,0.725,0.186,0.395,-0.85,-0.609,-0.704,0.382,0.384,0.295
16,A1_2,-0.149,0.387,1.0,0.754,-0.21,-0.384,-0.655,0.154,0.417,0.654,-0.624,-0.654,-0.498,0.029,0.324,0.291
16,A1_3,0.279,0.503,0.754,1.0,-0.38,-0.511,-0.698,0.206,0.039,0.376,-0.458,-0.652,-0.174,-0.109,0.097,0.031
16,B1_1,0.049,-0.458,-0.21,-0.38,1.0,0.933,0.265,-0.775,-0.601,-0.569,0.219,0.217,0.027,0.142,0.153,0.132
16,B1_2,0.108,-0.575,-0.384,-0.511,0.933,1.0,0.444,-0.823,-0.676,-0.701,0.436,0.462,0.22,-0.019,-0.104,-0.041
16,B1_3,-0.477,-0.611,-0.655,-0.698,0.265,0.444,1.0,-0.167,-0.099,-0.681,0.77,0.963,0.638,0.202,-0.306,0.129
16,A2_1,-0.301,0.725,0.154,0.206,-0.775,-0.823,-0.167,1.0,0.626,0.451,-0.494,-0.211,-0.377,0.382,0.178,0.309
16,A2_2,-0.629,0.186,0.417,0.039,-0.601,-0.676,-0.099,0.626,1.0,0.737,-0.307,-0.196,-0.333,0.148,0.182,0.252
16,A2_3,-0.133,0.395,0.654,0.376,-0.569,-0.701,-0.681,0.451,0.737,1.0,-0.642,-0.682,-0.564,-0.124,0.318,0.058
16,B2_1,0.005,-0.85,-0.624,-0.458,0.219,0.436,0.77,-0.494,-0.307,-0.642,1.0,0.801,0.909,-0.383,-0.655,-0.419
16,B2_2,-0.342,-0.609,-0.654,-0.652,0.217,0.462,0.963,-0.211,-0.196,-0.682,0.801,1.0,0.693,0.042,-0.441,0.009
16,B2_3,0.022,-0.704,-0.498,-0.174,0.027,0.22,0.638,-0.377,-0.333,-0.564,0.909,0.693,1.0,-0.313,-0.525,-0.301
16,y1,-0.633,0.382,0.029,-0.109,0.142,-0.019,0.202,0.382,0.148,-0.124,-0.383,0.042,-0.313,1.0,0.752,0.914
16,y2,-0.407,0.384,0.324,0.097,0.153,-0.104,-0.306,0.178,0.182,0.318,-0.655,-0.441,-0.525,0.752,1.0,0.784
16,y3,-0.748,0.295,0.291,0.031,0.132,-0.041,0.129,0.309,0.252,0.058,-0.419,0.009,-0.301,0.914,0.784,1.0
18,.,1.0,-0.12,0.035,-0.106,-0.132,-0.282,-0.087,0.0,-0.033,-0.046,-0.133,0.121,0.238,-0.784,-0.697,-0.849
18,A1_1,-0.12,1.0,0.353,-0.078,-0.151,-0.173,-0.696,0.421,0.786,0.369,-0.377,-0.458,-0.379,-0.069,0.037,0.174
18,A1_2,0.035,0.353,1.0,0.382,-0.505,-0.513,-0.738,0.424,0.243,0.337,-0.595,-0.746,-0.757,0.05,0.049,0.225
18,A1_3,-0.106,-0.078,0.382,1.0,-0.581,-0.703,-0.297,0.206,-0.103,0.657,-0.618,-0.65,-0.481,0.004,0.14,-0.005
18,B1_1,-0.132,-0.151,-0.505,-0.581,1.0,0.873,0.642,-0.114,-0.229,-0.422,0.153,0.251,0.204,0.189,-0.294,-0.136
18,B1_2,-0.282,-0.173,-0.513,-0.703,0.873,1.0,0.72,-0.482,-0.383,-0.731,0.371,0.43,0.448,0.218,-0.188,0.054
18,B1_3,-0.087,-0.696,-0.738,-0.297,0.642,0.72,1.0,-0.65,-0.731,-0.646,0.43,0.579,0.679,-0.011,-0.272,-0.202
18,A2_1,0.0,0.421,0.424,0.206,-0.114,-0.482,-0.65,1.0,0.754,0.759,-0.323,-0.471,-0.782,0.199,0.245,0.181
18,A2_2,-0.033,0.786,0.243,-0.103,-0.229,-0.383,-0.731,0.754,1.0,0.582,-0.061,-0.205,-0.417,-0.002,0.272,0.242
18,A2_3,-0.046,0.369,0.337,0.657,-0.422,-0.731,-0.646,0.759,0.582,1.0,-0.502,-0.593,-0.69,0.054,0.295,0.023
18,B2_1,-0.133,-0.377,-0.595,-0.618,0.153,0.371,0.43,-0.323,-0.061,-0.502,1.0,0.937,0.646,0.183,0.366,0.281
18,B2_2,0.121,-0.458,-0.746,-0.65,0.251,0.43,0.579,-0.471,-0.205,-0.593,0.937,1.0,0.834,-0.069,0.072,-0.053
18,B2_3,0.238,-0.379,-0.757,-0.481,0.204,0.448,0.679,-0.782,-0.417,-0.69,0.646,0.834,1.0,-0.406,-0.295,-0.33
18,y1,-0.784,-0.069,0.05,0.004,0.189,0.218,-0.011,0.199,-0.002,0.054,0.183,-0.069,-0.406,1.0,0.795,0.789
18,y2,-0.697,0.037,0.049,0.14,-0.294,-0.188,-0.272,0.245,0.272,0.295,0.366,0.072,-0.295,0.795,1.0,0.82
18,y3,-0.849,0.174,0.225,-0.005,-0.136,0.054,-0.202,0.181,0.242,0.023,0.281,-0.053,-0.33,0.789,0.82,1.0
20,.,1.0,-0.415,-0.123,-0.08,-0.219,0.181,0.45,-0.491,-0.703,-0.365,0.098,0.626,0.503,-0.697,-0.488,-0.675
20,A1_1,-0.415,1.0,0.37,0.596,-0.084,-0.515,-0.5,0.742,0.668,0.601,-0.194,-0.661,-0.616,-0.119,0.184,0.391
20,A1_2,-0.123,0.37,1.0,0.823,-0.833,-0.87,-0.367,0.308,0.212,0.5,-0.241,-0.226,-0.36,0.105,0.156,0.483
20,A1_3,-0.08,0.596,0.823,1.0,-0.548,-0.806,-0.186,0.206,0.137,0.501,-0.111,-0.334,-0.236,-0.05,0.181,0.584
20,B1_1,-0.219,-0.084,-0.833,-0.548,1.0,0.752,0.259,-0.279,-0.105,-0.509,0.386,-0.014,0.15,0.064,0.042,-0.098
20,B1_2,0.181,-0.515,-0.87,-0.806,0.752,1.0,0.614,-0.524,-0.309,-0.775,0.606,0.58,0.295,-0.224,-0.474,-0.621
20,B1_3,0.45,-0.5,-0.367,-0.186,0.259,0.614,1.0,-0.781,-0.523,-0.614,0.796,0.83,0.541,-0.355,-0.649,-0.451
20,A2_1,-0.491,0.742,0.308,0.206,-0.279,-0.524,-0.781,1.0,0.823,0.74,-0.55,-0.693,-0.604,0.156,0.32,0.263
20,A2_2,-0.703,0.668,0.212,0.137,-0.105,-0.309,-0.523,0.823,1.0,0.702,-0.301,-0.586,-0.796,0.156,0.069,0.238
20,A2_3,-0.365,0.601,0.5,0.501,-0.509,-0.775,-0.614,0.74,0.702,1.0,-0.721,-0.721,-0.464,0.184,0.355,0.444
20,B2_1,0.098,-0.194,-0.241,-0.111,0.386,0.606,0.796,-0.55,-0.301,-0.721,1.0,0.698,0.224,-0.245,-0.576,-0.277
20,B2_2,0.626,-0.661,-0.226,-0.334,-0.014,0.58,0.83,-0.693,-0.586,-0.721,0.698,1.0,0.463,-0.434,-0.752,-0.691
20,B2_3,0.503,-0.616,-0.36,-0.236,0.15,0.295,0.541,-0.604,-0.796,-0.464,0.224,0.463,1.0,0.129,0.109,-0.12
20,y1,-0.697,-0.119,0.105,-0.05,0.064,-0.224,-0.355,0.156,0.156,0.184,-0.245,-0.434,0.129,1.0,0.781,0.728
20,y2,-0.488,0.184,0.156,0.181,0.042,-0.474,-0.649,0.32,0.069,0.355,-0.576,-0.752,0.109,0.781,1.0,0.798
20,y3,-0.675,0.391,0.483,0.584,-0.098,-0.621,-0.451,0.263,0.238,0.444,-0.277,-0.691,-0.12,0.728,0.798,1.0
22,.,1.0,0.099,0.246,0.255,-0.492,-0.289,0.192,-0.189,-0.015,-0.002,-0.366,0.181,0.203,-0.757,-0.489,-0.452
22,A1_1,0.099,1.0,0.835,0.598,-0.581,-0.827,-0.789,0.587,0.766,0.723,-0.695,-0.746,-0.694,0.164,-0.008,-0.039
22,A1_2,0.246,0.835,1.0,0.825,-0.397,-0.579,-0.413,0.213,0.372,0.575,-0.687,-0.564,-0.69,0.038,-0.224,-0.31
22,A1_3,0.255,0.598,0.825,1.0,-0.455,-0.495,-0.217,-0.217,0.145,0.579,-0.521,-0.475,-0.508,0.088,-0.012,-0.174
22,B1_1,-0.492,-0.581,-0.397,-0.455,1.0,0.864,0.353,-0.197,-0.338,-0.423,0.361,0.124,0.008,0.112,-0.043,-0.11
22,B1_2,-0.289,-0.827,-0.579,-0.495,0.864,1.0,0.675,-0.538,-0.609,-0.598,0.685,0.527,0.438,-0.181,-0.251,-0.229
22,B1_3,0.192,-0.789,-0.413,-0.217,0.353,0.675,1.0,-0.795,-0.885,-0.826,0.456,0.801,0.719,-0.256,-0.187,-0.064
22,A2_1,-0.189,0.587,0.213,-0.217,-0.197,-0.538,-0.795,1.0,0.682,0.418,-0.397,-0.476,-0.541,0.245,0.131,0.118
22,A2_2,-0.015,0.766,0.372,0.145,-0.338,-0.609,-0.885,0.682,1.0,0.625,-0.5,-0.784,-0.508,0.058,0.075,0.069
22,A2_3,-0.002,0.723,0.575,0.579,-0.423,-0.598,-0.826,0.418,0.625,1.0,-0.356,-0.69,-0.731,0.048,-0.036,-0.269
22,B2_1,-0.366,-0.695,-0.687,-0.521,0.361,0.685,0.456,-0.397,-0.5,-0.356,1.0,0.697,0.645,-0.167,-0.203,-0.103
22,B2_2,0.181,-0.746,-0.564,-0.475,0.124,0.527,0.801,-0.476,-0.784,-0.69,0.697,1.0,0.825,-0.386,-0.313,-0.144
22,B2_3,0.203,-0.694,-0.69,-0.508,0.008,0.438,0.719,-0.541,-0.508,-0.731,0.645,0.825,1.0,-0.38,-0.144,0.123
22,y1,-0.757,0.164,0.038,0.088,0.112,-0.181,-0.256,0.245,0.058,0.048,-0.167,-0.386,-0.38,1.0,0.849,0.773
22,y2,-0.489,-0.008,-0.224,-0.012,-0.043,-0.251,-0.187,0.131,0.075,-0.036,-0.203,-0.313,-0.144,0.849,1.0,0.917
22,y3,-0.452,-0.039,-0.31,-0.174,-0.11,-0.229,-0.064,0.118,0.069,-0.269,-0.103,-0.144,0.123,0.773,0.917,1.0
24,.,1.0,0.104,-0.45,0.172,-0.611,-0.107,-0.329,-0.497,-0.475,-0.301,0.385,0.64,0.605,-0.77,-0.594,-0.716
24,A1_1,0.104,1.0,-0.123,0.562,-0.448,-0.135,-0.741,0.593,0.397,0.35,-0.511,-0.587,-0.538,-0.224,0.05,-0.278
24,A1_2,-0.45,-0.123,1.0,0.494,-0.2,-0.702,-0.224,0.44,0.425,0.721,-0.566,-0.32,-0.46,0.442,0.207,0.22
24,A1_3,0.172,0.562,0.494,1.0,-0.607,-0.529,-0.654,0.281,0.081,0.491,-0.438,-0.237,-0.497,-0.143,-0.249,-0.423
24,B1_1,-0.611,-0.448,-0.2,-0.607,1.0,0.7,0.869,-0.202,-0.135,-0.404,0.278,-0.039,-0.097,0.304,0.05,0.373
24,B1_2,-0.107,-0.135,-0.702,-0.529,0.7,1.0,0.667,-0.459,-0.404,-0.717,0.688,0.198,0.257,-0.08,-0.146,-0.005
24,B1_3,-0.329,-0.741,-0.224,-0.654,0.869,0.667,1.0,-0.6,-0.491,-0.654,0.582,0.426,0.288,0.153,-0.1,0.283
24,A2_1,-0.497,0.593,0.44,0.281,-0.202,-0.459,-0.6,1.0,0.926,0.808,-0.869,-0.916,-0.711,0.351,0.518,0.265
24,A2_2,-0.475,0.397,0.425,0.081,-0.135,-0.404,-0.491,0.926,1.0,0.838,-0.731,-0.814,-0.535,0.331,0.44,0.249
24,A2_3,-0.301,0.35,0.721,0.491,-0.404,-0.717,-0.654,0.808,0.838,1.0,-0.778,-0.692,-0.597,0.327,0.239,0.089
24,B2_1,0.385,-0.511,-0.566,-0.438,0.278,0.688,0.582,-0.869,-0.731,-0.778,1.0,0.747,0.795,-0.243,-0.354,-0.221
24,B2_2,0.64,-0.587,-0.32,-0.237,-0.039,0.198,0.426,-0.916,-0.814,-0.692,0.747,1.0,0.82,-0.526,-0.549,-0.382
24,B2_3,0.605,-0.538,-0.46,-0.497,-0.097,0.257,0.288,-0.711,-0.535,-0.597,0.795,0.82,1.0,-0.372,-0.23,-0.235
24,y1,-0.77,-0.224,0.442,-0.143,0.304,-0.08,0.153,0.351,0.331,0.327,-0.243,-0.526,-0.372,1.0,0.793,0.882
24,y2,-0.594,0.05,0.207,-0.249,0.05,-0.146,-0.1,0.518,0.44,0.239,-0.354,-0.549,-0.23,0.793,1.0,0.872
24,y3,-0.716,-0.278,0.22,-0.423,0.373,-0.005,0.283,0.265,0.249,0.089,-0.221,-0.382,-0.235,0.882,0.872,1.0
26,.,1.0,0.572,0.612,0.431,-0.492,-0.568,-0.38,0.141,0.046,0.322,-0.277,-0.024,0.113,-0.8,-0.744,-0.724
26,A1_1,0.572,1.0,0.728,0.47,-0.762,-0.938,-0.83,0.537,0.446,0.545,-0.701,-0.49,-0.331,-0.034,-0.143,-0.054
26,A1_2,0.612,0.728,1.0,0.769,-0.541,-0.766,-0.526,0.418,0.209,0.677,-0.75,-0.636,-0.275,-0.226,-0.011,-0.038
26,A1_3,0.431,0.47,0.769,1.0,-0.01,-0.448,-0.64,-0.026,-0.203,0.526,-0.669,-0.663,-0.538,-0.087,0.036,0.124
26,B1_1,-0.492,-0.762,-0.541,-0.01,1.0,0.857,0.379,-0.507,-0.421,-0.21,0.346,0.115,-0.209,0.095,0.173,0.118
26,B1_2,-0.568,-0.938,-0.766,-0.448,0.857,1.0,0.747,-0.451,-0.293,-0.417,0.611,0.362,0.186,0.025,0.138,-0.009
26,B1_3,-0.38,-0.83,-0.526,-0.64,0.379,0.747,1.0,-0.221,-0.113,-0.419,0.674,0.494,0.619,-0.155,0.093,-0.149
26,A2_1,0.141,0.537,0.418,-0.026,-0.507,-0.451,-0.221,1.0,0.923,0.783,-0.672,-0.491,-0.405,-0.048,0.162,-0.021
26,A2_2,0.046,0.446,0.209,-0.203,-0.421,-0.293,-0.113,0.923,1.0,0.672,-0.515,-0.434,-0.298,0.01,0.221,-0.018
26,A2_3,0.322,0.545,0.677,0.526,-0.21,-0.417,-0.419,0.783,0.672,1.0,-0.9,-0.797,-0.693,-0.174,0.174,0.005
26,B2_1,-0.277,-0.701,-0.75,-0.669,0.346,0.611,0.674,-0.672,-0.515,-0.9,1.0,0.895,0.754,-0.07,-0.265,-0.239
26,B2_2,-0.024,-0.49,-0.636,-0.663,0.115,0.362,0.494,-0.491,-0.434,-0.797,0.895,1.0,0.692,-0.275,-0.552,-0.447
26,B2_3,0.113,-0.331,-0.275,-0.538,-0.209,0.186,0.619,-0.405,-0.298,-0.693,0.754,0.692,1.0,-0.281,-0.326,-0.382
26,y1,-0.8,-0.034,-0.226,-0.087,0.095,0.025,-0.155,-0.048,0.01,-0.174,-0.07,-0.275,-0.281,1.0,0.81,0.924
26,y2,-0.744,-0.143,-0.011,0.036,0.173,0.138,0.093,0.162,0.221,0.174,-0.265,-0.552,-0.326,0.81,1.0,0.906
26,y3,-0.724,-0.054,-0.038,0.124,0.118,-0.009,-0.149,-0.021,-0.018,0.005,-0.239,-0.447,-0.382,0.924,0.906,1.0
28,.,1.0,0.021,0.036,0.118,-0.337,-0.362,0.078,0.02,-0.049,-0.149,0.476,0.528,0.103,-0.77,-0.797,-0.872
28,A1_1,0.021,1.0,0.909,0.841,-0.377,-0.365,-0.732,0.358,0.538,0.834,-0.665,-0.652,-0.749,0.047,-0.203,-0.079
28,A1_2,0.036,0.909,1.0,0.889,-0.523,-0.458,-0.785,0.299,0.361,0.581,-0.752,-0.634,-0.591,-0.026,-0.192,-0.053
28,A1_3,0.118,0.841,0.889,1.0,-0.213,-0.164,-0.592,-0.066,0.152,0.511,-0.518,-0.589,-0.62,-0.143,-0.144,-0.222
28,B1_1,-0.337,-0.377,-0.523,-0.213,1.0,0.981,0.545,-0.43,-0.109,-0.027,0.308,-0.104,0.166,0.006,0.259,0.007
28,B1_2,-0.362,-0.365,-0.458,-0.164,0.981,1.0,0.544,-0.462,-0.076,-0.039,0.249,-0.127,0.25,-0.007,0.221,-0.014
28,B1_3,0.078,-0.732,-0.785,-0.592,0.545,0.544,1.0,-0.587,-0.318,-0.501,0.615,0.526,0.63,-0.283,-0.047,-0.223
28,A2_1,0.02,0.358,0.299,-0.066,-0.43,-0.462,-0.587,1.0,0.648,0.476,-0.435,-0.259,-0.243,0.059,-0.301,0.104
28,A2_2,-0.049,0.538,0.361,0.152,-0.109,-0.076,-0.318,0.648,1.0,0.818,-0.344,-0.256,-0.078,0.112,-0.471,-0.179
28,A2_3,-0.149,0.834,0.581,0.511,-0.027,-0.039,-0.501,0.476,0.818,1.0,-0.508,-0.594,-0.593,0.178,-0.211,-0.048
28,B2_1,0.476,-0.665,-0.752,-0.518,0.308,0.249,0.615,-0.435,-0.344,-0.508,1.0,0.87,0.528,-0.196,-0.163,-0.446
28,B2_2,0.528,-0.652,-0.634,-0.589,-0.104,-0.127,0.526,-0.259,-0.256,-0.594,0.87,1.0,0.695,-0.158,-0.276,-0.399
28,B2_3,0.103,-0.749,-0.591,-0.62,0.166,0.25,0.63,-0.243,-0.078,-0.593,0.528,0.695,1.0,-0.106,-0.207,-0.219
28,y1,-0.77,0.047,-0.026,-0.143,0.006,-0.007,-0.283,0.059,0.112,0.178,-0.196,-0.158,-0.106,1.0,0.745,0.791
28,y2,-0.797,-0.203,-0.192,-0.144,0.259,0.221,-0.047,-0.301,-0.471,-0.211,-0.163,-0.276,-0.207,0.745,1.0,0.882
28,y3,-0.872,-0.079,-0.053,-0.222,0.007,-0.014,-0.223,0.104,-0.179,-0.048,-0.446,-0.399,-0.219,0.791,0.882,1.0
30,.,1.0,-0.089,-0.128,0.102,-0.341,-0.063,-0.044,-0.097,-0.262,-0.176,0.388,0.069,0.021,-0.78,-0.689,-0.898
30,A1_1,-0.089,1.0,0.927,0.564,-0.674,-0.44,-0.72,0.651,0.322,0.871,-0.551,-0.321,-0.229,-0.268,0.172,0.16
30,A1_2,-0.128,0.927,1.0,0.704,-0.506,-0.371,-0.633,0.534,0.32,0.918,-0.501,-0.562,-0.486,-0.275,0.15,0.1
30,A1_3,0.102,0.564,0.704,1.0,-0.415,-0.534,-0.729,0.148,-0.083,0.601,-0.231,-0.59,-0.596,-0.377,-0.142,-0.184
30,B1_1,-0.341,-0.674,-0.506,-0.415,1.0,0.821,0.747,-0.536,-0.027,-0.559,0.284,0.07,0.132,0.232,-0.002,0.065
30,B1_2,-0.063,-0.44,-0.371,-0.534,0.821,1.0,0.788,-0.436,0.033,-0.49,0.37,0.255,0.398,-0.133,-0.204,-0.182
30,B1_3,-0.044,-0.72,-0.633,-0.729,0.747,0.788,1.0,-0.648,-0.233,-0.709,0.598,0.452,0.443,0.189,-0.094,-0.086
30,A2_1,-0.097,0.651,0.534,0.148,-0.536,-0.436,-0.648,1.0,0.613,0.68,-0.889,-0.483,-0.385,0.036,0.461,0.324
30,A2_2,-0.262,0.322,0.32,-0.083,-0.027,0.033,-0.233,0.613,1.0,0.601,-0.445,-0.423,-0.406,-0.005,0.047,0.165
30,A2_3,-0.176,0.871,0.918,0.601,-0.559,-0.49,-0.709,0.68,0.601,1.0,-0.571,-0.619,-0.606,-0.165,0.145,0.162
30,B2_1,0.388,-0.551,-0.501,-0.231,0.284,0.37,0.598,-0.889,-0.445,-0.571,1.0,0.564,0.422,-0.28,-0.711,-0.57
30,B2_2,0.069,-0.321,-0.562,-0.59,0.07,0.255,0.452,-0.483,-0.423,-0.619,0.564,1.0,0.945,0.097,-0.194,0.004
30,B2_3,0.021,-0.229,-0.486,-0.596,0.132,0.398,0.443,-0.385,-0.406,-0.606,0.422,0.945,1.0,0.053,-0.091,0.048
30,y1,-0.78,-0.268,-0.275,-0.377,0.232,-0.133,0.189,0.036,-0.005,-0.165,-0.28,0.097,0.053,1.0,0.791,0.881
30,y2,-0.689,0.172,0.15,-0.142,-0.002,-0.204,-0.094,0.461,0.047,0.145,-0.711,-0.194,-0.091,0.791,1.0,0.891
30,y3,-0.898,0.16,0.1,-0.184,0.065,-0.182,-0.086,0.324,0.165,0.162,-0.57,0.004,0.048,0.881,0.891,1.0
32,.,1.0,0.239,0.541,0.131,-0.51,-0.457,-0.252,-0.102,0.283,0.278,0.167,-0.351,0.043,-0.675,-0.739,-0.818
32,A1_1,0.239,1.0,0.73,0.3,-0.46,-0.678,-0.835,0.574,0.752,0.917,-0.654,-0.77,-0.734,0.411,-0.035,0.205
32,A1_2,0.541,0.73,1.0,0.671,-0.556,-0.629,-0.631,0.221,0.498,0.825,-0.596,-0.838,-0.51,0.0,-0.453,-0.302
32,A1_3,0.131,0.3,0.671,1.0,-0.21,-0.012,-0.355,-0.278,-0.051,0.295,-0.596,-0.697,-0.577,-0.002,-0.323,-0.241
32,B1_1,-0.51,-0.46,-0.556,-0.21,1.0,0.785,0.772,-0.051,-0.118,-0.441,0.066,0.359,0.245,-0.138,-0.045,0.101
32,B1_2,-0.457,-0.678,-0.629,-0.012,0.785,1.0,0.747,-0.315,-0.436,-0.775,0.277,0.382,0.32,-0.228,-0.059,0.011
32,B1_3,-0.252,-0.835,-0.631,-0.355,0.772,0.747,1.0,-0.297,-0.425,-0.718,0.513,0.68,0.765,-0.443,-0.149,-0.181
32,A2_1,-0.102,0.574,0.221,-0.278,-0.051,-0.315,-0.297,1.0,0.659,0.592,-0.407,-0.365,-0.121,0.379,0.165,0.409
32,A2_2,0.283,0.752,0.498,-0.051,-0.118,-0.436,-0.425,0.659,1.0,0.743,-0.256,-0.484,-0.42,0.226,-0.345,0.092
32,A2_3,0.278,0.917,0.825,0.295,-0.441,-0.775,-0.718,0.592,0.743,1.0,-0.685,-0.739,-0.594,0.338,-0.118,0.093
32,B2_1,0.167,-0.654,-0.596,-0.596,0.066,0.277,0.513,-0.407,-0.256,-0.685,1.0,0.793,0.691,-0.349,-0.113,-0.197
32,B2_2,-0.351,-0.77,-0.838,-0.697,0.359,0.382,0.68,-0.365,-0.484,-0.739,0.793,1.0,0.721,-0.043,0.344,0.19
32,B2_3,0.043,-0.734,-0.51,-0.577,0.245,0.32,0.765,-0.121,-0.42,-0.594,0.691,0.721,1.0,-0.458,-0.036,-0.216
32,y1,-0.675,0.411,0.0,-0.002,-0.138,-0.228,-0.443,0.379,0.226,0.338,-0.349,-0.043,-0.458,1.0,0.718,0.927
32,y2,-0.739,-0.035,-0.453,-0.323,-0.045,-0.059,-0.149,0.165,-0.345,-0.118,-0.113,0.344,-0.036,0.718,1.0,0.827
32,y3,-0.818,0.205,-0.302,-0.241,0.101,0.011,-0.181,0.409,0.092,0.093,-0.197,0.19,-0.216,0.927,0.827,1.0
34,.,1.0,-0.423,-0.33,-0.109,-0.375,-0.209,0.179,0.013,-0.225,-0.151,0.11,0.166,0.364,-0.779,-0.875,-0.864
34,A1_1,-0.423,1.0,0.875,0.552,-0.395,-0.571,-0.711,0.645,0.42,0.9,-0.633,-0.452,-0.643,0.318,0.244,0.263
34,A1_2,-0.33,0.875,1.0,0.854,-0.114,-0.323,-0.77,0.307,0.249,0.796,-0.676,-0.489,-0.659,-0.021,0.091,-0.021
34,A1_3,-0.109,0.552,0.854,1.0,0.143,0.065,-0.463,-0.078,-0.162,0.444,-0.364,-0.203,-0.335,-0.391,-0.14,-0.337
34,B1_1,-0.375,-0.395,-0.114,0.143,1.0,0.884,0.316,-0.62,-0.111,-0.549,0.187,-0.002,0.011,-0.106,0.143,0.095
34,B1_2,-0.209,-0.571,-0.323,0.065,0.884,1.0,0.56,-0.76,-0.48,-0.791,0.583,0.403,0.308,-0.148,0.097,0.016
34,B1_3,0.179,-0.711,-0.77,-0.463,0.316,0.56,1.0,-0.36,-0.479,-0.744,0.824,0.702,0.817,-0.108,-0.12,-0.038
34,A2_1,0.013,0.645,0.307,-0.078,-0.62,-0.76,-0.36,1.0,0.715,0.695,-0.512,-0.426,-0.447,0.232,-0.155,0.134
34,A2_2,-0.225,0.42,0.249,-0.162,-0.111,-0.48,-0.479,0.715,1.0,0.499,-0.742,-0.799,-0.688,0.269,0.003,0.278
34,A2_3,-0.151,0.9,0.796,0.444,-0.549,-0.791,-0.744,0.695,0.499,1.0,-0.763,-0.529,-0.603,0.133,0.03,0.035
34,B2_1,0.11,-0.633,-0.676,-0.364,0.187,0.583,0.824,-0.512,-0.742,-0.763,1.0,0.941,0.709,0.03,0.069,0.023
34,B2_2,0.166,-0.452,-0.489,-0.203,-0.002,0.403,0.702,-0.426,-0.799,-0.529,0.941,1.0,0.649,-0.024,0.019,-0.087
34,B2_3,0.364,-0.643,-0.659,-0.335,0.011,0.308,0.817,-0.447,-0.688,-0.603,0.709,0.649,1.0,-0.21,-0.115,-0.17
34,y1,-0.779,0.318,-0.021,-0.391,-0.106,-0.148,-0.108,0.232,0.269,0.133,0.03,-0.024,-0.21,1.0,0.889,0.967
34,y2,-0.875,0.244,0.091,-0.14,0.143,0.097,-0.12,-0.155,0.003,0.03,0.069,0.019,-0.115,0.889,1.0,0.913
34,y3,-0.864,0.263,-0.021,-0.337,0.095,0.016,-0.038,0.134,0.278,0.035,0.023,-0.087,-0.17,0.967,0.913,1.0
36,.,1.0,-0.403,-0.157,-0.31,-0.29,-0.062,-0.04,-0.157,-0.596,-0.085,0.315,-0.391,0.241,-0.527,-0.696,-0.798
36,A1_1,-0.403,1.0,0.383,0.319,-0.072,-0.012,-0.454,0.792,0.879,0.355,-0.261,-0.134,-0.358,-0.368,0.105,0.146
36,A1_2,-0.157,0.383,1.0,0.586,-0.26,-0.707,-0.739,0.318,0.121,0.772,-0.845,-0.516,-0.812,-0.281,0.263,0.043
36,A1_3,-0.31,0.319,0.586,1.0,0.141,-0.325,-0.252,-0.185,0.238,0.134,-0.395,-0.004,-0.334,-0.189,0.494,0.078
36,B1_1,-0.29,-0.072,-0.26,0.141,1.0,0.743,0.617,-0.297,0.054,-0.465,0.136,0.473,-0.048,-0.113,-0.15,0.031
36,B1_2,-0.062,-0.012,-0.707,-0.325,0.743,1.0,0.635,-0.025,0.17,-0.653,0.619,0.439,0.369,-0.098,-0.328,-0.035
36,B1_3,-0.04,-0.454,-0.739,-0.252,0.617,0.635,1.0,-0.578,-0.212,-0.765,0.571,0.773,0.628,0.172,-0.274,-0.131
36,A2_1,-0.157,0.792,0.318,-0.185,-0.297,-0.025,-0.578,1.0,0.626,0.486,-0.197,-0.36,-0.355,-0.327,-0.106,0.075
36,A2_2,-0.596,0.879,0.121,0.238,0.054,0.17,-0.212,0.626,1.0,0.268,-0.195,-0.028,-0.231,-0.037,0.313,0.466
36,A2_3,-0.085,0.355,0.772,0.134,-0.465,-0.653,-0.765,0.486,0.268,1.0,-0.876,-0.79,-0.817,-0.063,0.207,0.273
36,B2_1,0.315,-0.261,-0.845,-0.395,0.136,0.619,0.571,-0.197,-0.195,-0.876,1.0,0.54,0.914,-0.026,-0.333,-0.359
36,B2_2,-0.391,-0.134,-0.516,-0.004,0.473,0.439,0.773,-0.36,-0.028,-0.79,0.54,1.0,0.62,0.251,0.016,-0.004
36,B2_3,0.241,-0.358,-0.812,-0.334,-0.048,0.369,0.628,-0.355,-0.231,-0.817,0.914,0.62,1.0,0.175,-0.175,-0.272
36,y1,-0.527,-0.368,-0.281,-0.189,-0.113,-0.098,0.172,-0.327,-0.037,-0.063,-0.026,0.251,0.175,1.0,0.681,0.79
36,y2,-0.696,0.105,0.263,0.494,-0.15,-0.328,-0.274,-0.106,0.313,0.207,-0.333,0.016,-0.175,0.681,1.0,0.817
36,y3,-0.798,0.146,0.043,0.078,0.031,-0.035,-0.131,0.075,0.466,0.273,-0.359,-0.004,-0.272,0.79,0.817,1.0
38,.,1.0,-0.425,-0.342,-0.133,0.115,-0.346,-0.175,0.073,-0.353,0.201,-0.024,-0.089,-0.158,-0.581,-0.647,-0.696
38,A1_1,-0.425,1.0,0.736,0.628,-0.42,-0.304,-0.443,0.217,0.552,0.108,-0.367,-0.306,-0.283,-0.12,0.031,0.015
38,A1_2,-0.342,0.736,1.0,0.701,-0.127,-0.189,-0.384,0.146,0.378,0.44,-0.651,-0.684,-0.558,-0.004,-0.025,-0.187
38,A1_3,-0.133,0.628,0.701,1.0,-0.256,-0.189,-0.234,-0.352,-0.108,-0.087,-0.27,-0.157,-0.058,-0.3,-0.313,-0.32
38,B1_1,0.115,-0.42,-0.127,-0.256,1.0,0.726,0.48,-0.49,-0.578,-0.253,0.513,0.071,-0.103,0.047,-0.039,-0.176
38,B1_2,-0.346,-0.304,-0.189,-0.189,0.726,1.0,0.884,-0.597,-0.385,-0.462,0.71,0.513,0.473,0.052,0.009,0.051
38,B1_3,-0.175,-0.443,-0.384,-0.234,0.48,0.884,1.0,-0.545,-0.356,-0.398,0.688,0.698,0.738,-0.196,-0.238,-0.101
38,A2_1,0.073,0.217,0.146,-0.352,-0.49,-0.597,-0.545,1.0,0.838,0.737,-0.667,-0.573,-0.488,0.126,0.183,0.104
38,A2_2,-0.353,0.552,0.378,-0.108,-0.578,-0.385,-0.356,0.838,1.0,0.627,-0.588,-0.423,-0.282,0.096,0.204,0.197
38,A2_3,0.201,0.108,0.44,-0.087,-0.253,-0.462,-0.398,0.737,0.627,1.0,-0.833,-0.789,-0.604,-0.083,-0.157,-0.312
38,B2_1,-0.024,-0.367,-0.651,-0.27,0.513,0.71,0.688,-0.667,-0.588,-0.833,1.0,0.857,0.671,-0.098,-0.047,0.108
38,B2_2,-0.089,-0.306,-0.684,-0.157,0.071,0.513,0.698,-0.573,-0.423,-0.789,0.857,1.0,0.936,-0.201,-0.13,0.136
38,B2_3,-0.158,-0.283,-0.558,-0.058,-0.103,0.473,0.738,-0.488,-0.282,-0.604,0.671,0.936,1.0,-0.233,-0.203,0.081
38,y1,-0.581,-0.12,-0.004,-0.3,0.047,0.052,-0.196,0.126,0.096,-0.083,-0.098,-0.201,-0.233,1.0,0.965,0.885
38,y2,-0.647,0.031,-0.025,-0.313,-0.039,0.009,-0.238,0.183,0.204,-0.157,-0.047,-0.13,-0.203,0.965,1.0,0.951
38,y3,-0.696,0.015,-0.187,-0.32,-0.176,0.051,-0.101,0.104,0.197,-0.312,0.108,0.136,0.081,0.885,0.951,1.0
40,.,1.0,-0.14,0.108,-0.126,-0.149,0.294,0.118,-0.345,0.33,0.148,-0.599,-0.091,0.024,-0.526,-0.557,-0.311
40,A1_1,-0.14,1.0,0.601,0.75,-0.284,-0.266,-0.534,0.627,0.546,0.9,-0.279,-0.487,-0.246,0.028,-0.043,-0.081
40,A1_2,0.108,0.601,1.0,0.602,-0.461,-0.481,-0.794,0.49,0.131,0.487,-0.457,-0.758,-0.56,0.13,0.006,0.118
40,A1_3,-0.126,0.75,0.602,1.0,-0.015,-0.03,-0.399,0.106,0.043,0.622,0.09,-0.37,-0.179,-0.128,0.001,-0.356
40,B1_1,-0.149,-0.284,-0.461,-0.015,1.0,0.808,0.546,-0.49,-0.162,-0.242,0.343,0.138,0.135,-0.052,0.189,-0.219
40,B1_2,0.294,-0.266,-0.481,-0.03,0.808,1.0,0.757,-0.678,0.153,-0.041,0.159,0.394,0.513,-0.535,-0.378,-0.536
40,B1_3,0.118,-0.534,-0.794,-0.399,0.546,0.757,1.0,-0.617,0.093,-0.275,0.259,0.792,0.76,-0.468,-0.395,-0.379
40,A2_1,-0.345,0.627,0.49,0.106,-0.49,-0.678,-0.617,1.0,0.438,0.446,-0.405,-0.544,-0.455,0.411,0.205,0.405
40,A2_2,0.33,0.546,0.131,0.043,-0.162,0.153,0.093,0.438,1.0,0.766,-0.664,-0.097,0.175,-0.283,-0.522,-0.098
40,A2_3,0.148,0.9,0.487,0.622,-0.242,-0.041,-0.275,0.446,0.766,1.0,-0.505,-0.343,-0.071,-0.113,-0.264,-0.096
40,B2_1,-0.599,-0.279,-0.457,0.09,0.343,0.159,0.259,-0.405,-0.664,-0.505,1.0,0.544,0.404,-0.076,0.183,-0.302
40,B2_2,-0.091,-0.487,-0.758,-0.37,0.138,0.394,0.792,-0.544,-0.097,-0.343,0.544,1.0,0.918,-0.439,-0.426,-0.331
40,B2_3,0.024,-0.246,-0.56,-0.179,0.135,0.513,0.76,-0.455,0.175,-0.071,0.404,0.918,1.0,-0.66,-0.692,-0.521
40,y1,-0.526,0.028,0.13,-0.128,-0.052,-0.535,-0.468,0.411,-0.283,-0.113,-0.076,-0.439,-0.66,1.0,0.896,0.916
40,y2,-0.557,-0.043,0.006,0.001,0.189,-0.378,-0.395,0.205,-0.522,-0.264,0.183,-0.426,-0.692,0.896,1.0,0.664
40,y3,-0.311,-0.081,0.118,-0.356,-0.219,-0.536,-0.379,0.405,-0.098,-0.096,-0.302,-0.331,-0.521,0.916,0.664,1.0
42,.,1.0,-0.031,-0.187,-0.138,0.051,0.105,0.009,-0.031,-0.146,-0.2,0.059,-0.017,0.209,-0.828,-0.613,-0.495
42,A1_1,-0.031,1.0,0.826,0.743,-0.222,-0.16,-0.31,0.543,0.467,0.643,-0.674,-0.759,-0.465,-0.014,-0.209,-0.414
42,A1_2,-0.187,0.826,1.0,0.719,-0.178,-0.27,-0.55,0.46,0.309,0.677,-0.708,-0.65,-0.722,0.079,-0.166,-0.132
42,A1_3,-0.138,0.743,0.719,1.0,-0.3,-0.21,-0.334,0.043,0.005,0.362,-0.444,-0.513,-0.355,-0.124,-0.241,-0.309
42,B1_1,0.051,-0.222,-0.178,-0.3,1.0,0.789,0.382,-0.427,-0.59,-0.675,0.253,0.525,0.255,-0.107,0.152,0.464
42,B1_2,0.105,-0.16,-0.27,-0.21,0.789,1.0,0.805,-0.535,-0.501,-0.719,0.491,0.618,0.65,-0.347,-0.084,-0.053
42,B1_3,0.009,-0.31,-0.55,-0.334,0.382,0.805,1.0,-0.448,-0.286,-0.635,0.76,0.671,0.901,-0.179,-0.084,-0.283
42,A2_1,-0.031,0.543,0.46,0.043,-0.427,-0.535,-0.448,1.0,0.89,0.872,-0.485,-0.595,-0.471,0.32,-0.168,-0.177
42,A2_2,-0.146,0.467,0.309,0.005,-0.59,-0.501,-0.286,0.89,1.0,0.854,-0.457,-0.589,-0.321,0.304,-0.044,-0.293
42,A2_3,-0.2,0.643,0.677,0.362,-0.675,-0.719,-0.635,0.872,0.854,1.0,-0.675,-0.774,-0.675,0.321,-0.095,-0.217
42,B2_1,0.059,-0.674,-0.708,-0.444,0.253,0.491,0.76,-0.485,-0.457,-0.675,1.0,0.907,0.875,-0.132,-0.244,-0.063
42,B2_2,-0.017,-0.759,-0.65,-0.513,0.525,0.618,0.671,-0.595,-0.589,-0.774,0.907,1.0,0.757,-0.136,-0.124,0.227
42,B2_3,0.209,-0.465,-0.722,-0.355,0.255,0.65,0.901,-0.471,-0.321,-0.675,0.875,0.757,1.0,-0.354,-0.294,-0.316
42,y1,-0.828,-0.014,0.079,-0.124,-0.107,-0.347,-0.179,0.32,0.304,0.321,-0.132,-0.136,-0.354,1.0,0.701,0.576
42,y2,-0.613,-0.209,-0.166,-0.241,0.152,-0.084,-0.084,-0.168,-0.044,-0.095,-0.244,-0.124,-0.294,0.701,1.0,0.669
42,y3,-0.495,-0.414,-0.132,-0.309,0.464,-0.053,-0.283,-0.177,-0.293,-0.217,-0.063,0.227,-0.316,0.576,0.669,1.0
44,.,1.0,-0.204,-0.078,-0.059,-0.277,-0.388,-0.165,-0.068,-0.127,0.032,0.09,0.184,0.103,-0.802,-0.801,-0.483
44,A1_1,-0.204,1.0,0.56,0.488,-0.199,-0.355,-0.396,0.805,0.821,0.722,-0.129,-0.704,-0.572,-0.03,0.022,-0.245
44,A1_2,-0.078,0.56,1.0,0.685,-0.409,-0.357,-0.706,0.458,0.4,0.574,-0.04,-0.727,-0.553,-0.215,0.02,-0.247
44,A1_3,-0.059,0.488,0.685,1.0,-0.301,-0.334,-0.529,0.222,0.042,0.621,-0.225,-0.793,-0.688,-0.172,0.088,-0.078
44,B1_1,-0.277,-0.199,-0.409,-0.301,1.0,0.933,0.729,-0.44,-0.339,-0.676,0.288,0.403,0.563,0.084,-0.18,-0.254
44,B1_2,-0.388,-0.355,-0.357,-0.334,0.933,1.0,0.689,-0.557,-0.467,-0.788,0.464,0.516,0.651,0.159,-0.062,-0.194
44,B1_3,-0.165,-0.396,-0.706,-0.529,0.729,0.689,1.0,-0.249,-0.271,-0.522,0.337,0.701,0.778,0.017,-0.049,-0.107
44,A2_1,-0.068,0.805,0.458,0.222,-0.44,-0.557,-0.249,1.0,0.928,0.832,-0.099,-0.481,-0.391,-0.145,0.097,-0.173
44,A2_2,-0.127,0.821,0.4,0.042,-0.339,-0.467,-0.271,0.928,1.0,0.658,-0.116,-0.417,-0.32,0.003,0.057,-0.151
44,A2_3,0.032,0.722,0.574,0.621,-0.676,-0.788,-0.522,0.832,0.658,1.0,-0.382,-0.761,-0.738,-0.144,0.205,0.041
44,B2_1,0.09,-0.129,-0.04,-0.225,0.288,0.464,0.337,-0.099,-0.116,-0.382,1.0,0.594,0.675,-0.439,-0.449,-0.685
44,B2_2,0.184,-0.704,-0.727,-0.793,0.403,0.516,0.701,-0.481,-0.417,-0.761,0.594,1.0,0.931,-0.117,-0.286,-0.17
44,B2_3,0.103,-0.572,-0.553,-0.688,0.563,0.651,0.778,-0.391,-0.32,-0.738,0.675,0.931,1.0,-0.212,-0.362,-0.36
44,y1,-0.802,-0.03,-0.215,-0.172,0.084,0.159,0.017,-0.145,0.003,-0.144,-0.439,-0.117,-0.212,1.0,0.845,0.837
44,y2,-0.801,0.022,0.02,0.088,-0.18,-0.062,-0.049,0.097,0.057,0.205,-0.449,-0.286,-0.362,0.845,1.0,0.851
44,y3,-0.483,-0.245,-0.247,-0.078,-0.254,-0.194,-0.107,-0.173,-0.151,0.041,-0.685,-0.17,-0.36,0.837,0.851,1.0
46,.,1.0,-0.11,-0.113,-0.014,-0.157,-0.084,-0.231,-0.091,-0.122,-0.474,-0.157,-0.236,-0.341,-0.226,-0.526,-0.875
46,A1_1,-0.11,1.0,0.513,0.553,-0.151,-0.464,-0.406,0.539,0.539,0.724,-0.511,-0.407,-0.316,-0.245,-0.269,-0.131
46,A1_2,-0.113,0.513,1.0,0.817,-0.11,-0.584,-0.323,0.208,0.46,0.507,-0.332,-0.436,-0.497,0.056,-0.016,-0.106
46,A1_3,-0.014,0.553,0.817,1.0,-0.094,-0.625,-0.465,-0.021,0.07,0.422,-0.369,-0.361,-0.39,-0.01,-0.23,-0.169
46,B1_1,-0.157,-0.151,-0.11,-0.094,1.0,0.754,0.736,-0.328,-0.356,-0.386,0.711,0.227,0.27,-0.332,-0.045,-0.083
46,B1_2,-0.084,-0.464,-0.584,-0.625,0.754,1.0,0.924,-0.489,-0.404,-0.643,0.822,0.539,0.558,-0.311,0.137,0.042
46,B1_3,-0.231,-0.406,-0.323,-0.465,0.736,0.924,1.0,-0.508,-0.226,-0.468,0.865,0.563,0.653,-0.423,0.153,0.124
46,A2_1,-0.091,0.539,0.208,-0.021,-0.328,-0.489,-0.508,1.0,0.764,0.703,-0.519,-0.448,-0.38,0.061,-0.177,-0.021
46,A2_2,-0.122,0.539,0.46,0.07,-0.356,-0.404,-0.226,0.764,1.0,0.694,-0.263,-0.152,-0.17,-0.192,-0.204,-0.09
46,A2_3,-0.474,0.724,0.507,0.422,-0.386,-0.643,-0.468,0.703,0.694,1.0,-0.528,-0.331,-0.077,-0.078,-0.094,0.317
46,B2_1,-0.157,-0.511,-0.332,-0.369,0.711,0.822,0.865,-0.519,-0.263,-0.528,1.0,0.798,0.629,-0.352,-0.104,-0.038
46,B2_2,-0.236,-0.407,-0.436,-0.361,0.227,0.539,0.563,-0.448,-0.152,-0.331,0.798,1.0,0.698,-0.212,-0.129,0.103
46,B2_3,-0.341,-0.316,-0.497,-0.39,0.27,0.558,0.653,-0.38,-0.17,-0.077,0.629,0.698,1.0,-0.559,-0.123,0.322
46,y1,-0.226,-0.245,0.056,-0.01,-0.332,-0.311,-0.423,0.061,-0.192,-0.078,-0.352,-0.212,-0.559,1.0,0.683,0.422
46,y2,-0.526,-0.269,-0.016,-0.23,-0.045,0.137,0.153,-0.177,-0.204,-0.094,-0.104,-0.129,-0.123,0.683,1.0,0.745
46,y3,-0.875,-0.131,-0.106,-0.169,-0.083,0.042,0.124,-0.021,-0.09,0.317,-0.038,0.103,0.322,0.422,0.745,1.0
48,.,1.0,-0.235,-0.301,-0.044,-0.205,-0.187,-0.314,-0.422,-0.542,-0.441,0.105,0.035,0.052,-0.208,-0.427,-0.544
