,,.,A1_1,A1_2,A1_3,B1_1,B1_2,B1_3,A2_1,A2_2,A2_3,B2_1,B2_2,B2_3,y1,y2,y3
0,.,1.0,0.164,0.077,-0.135,-0.269,0.079,-0.632,-0.2,-0.375,0.328,0.409,-0.125,-0.122,-0.256,-0.658,-0.296
0,A1_1,0.164,1.0,0.091,-0.291,-0.454,0.46,-0.012,-0.56,0.536,0.203,-0.581,0.01,0.1,-0.201,-0.011,0.148
0,A1_2,0.077,0.091,1.0,0.086,0.338,0.04,-0.059,-0.14,0.029,0.66,-0.308,0.385,0.206,0.167,0.104,-0.054
0,A1_3,-0.135,-0.291,0.086,1.0,0.094,-0.779,-0.038,0.144,0.461,0.008,-0.395,-0.008,0.368,-0.26,0.512,-0.492
0,B1_1,-0.269,-0.454,0.338,0.094,1.0,-0.245,-0.054,0.557,-0.174,0.142,0.124,-0.072,-0.241,0.136,0.335,-0.287
0,B1_2,0.079,0.46,0.04,-0.779,-0.245,1.0,0.197,-0.602,-0.121,0.333,0.097,0.101,-0.26,-0.083,-0.318,0.365
0,B1_3,-0.632,-0.012,-0.059,-0.038,-0.054,0.197,1.0,0.16,0.093,-0.085,-0.222,0.383,0.342,-0.109,0.529,0.771
0,A2_1,-0.2,-0.56,-0.14,0.144,0.557,-0.602,0.16,1.0,-0.434,-0.508,0.271,0.089,-0.009,0.101,0.321,0.151
0,A2_2,-0.375,0.536,0.029,0.461,-0.174,-0.121,0.093,-0.434,1.0,0.152,-0.812,-0.195,0.306,-0.094,0.44,-0.243
0,A2_3,0.328,0.203,0.66,0.008,0.142,0.333,-0.085,-0.508,0.152,1.0,-0.028,-0.014,0.191,-0.006,-0.234,-0.183
0,B2_1,0.409,-0.581,-0.308,-0.395,0.124,0.097,-0.222,0.271,-0.812,-0.028,1.0,-0.271,-0.337,0.205,-0.673,0.039
0,B2_2,-0.125,0.01,0.385,-0.008,-0.072,0.101,0.383,0.089,-0.195,-0.014,-0.271,1.0,0.56,-0.003,0.261,0.343
0,B2_3,-0.122,0.1,0.206,0.368,-0.241,-0.26,0.342,-0.009,0.306,0.191,-0.337,0.56,1.0,0.254,0.119,0.189
0,y1,-0.256,-0.201,0.167,-0.26,0.136,-0.083,-0.109,0.101,-0.094,-0.006,0.205,-0.003,0.254,1.0,-0.399,0.13
0,y2,-0.658,-0.011,0.104,0.512,0.335,-0.318,0.529,0.321,0.44,-0.234,-0.673,0.261,0.119,-0.399,1.0,0.063
0,y3,-0.296,0.148,-0.054,-0.492,-0.287,0.365,0.771,0.151,-0.243,-0.183,0.039,0.343,0.189,0.13,0.063,1.0
1,.,1.0,0.162,0.079,-0.134,-0.266,0.077,-0.636,-0.199,-0.375,0.328,0.409,-0.128,-0.125,-0.254,-0.659,-0.3
1,A1_1,0.162,1.0,0.091,-0.291,-0.455,0.46,-0.012,-0.561,0.536,0.203,-0.581,0.011,0.101,-0.202,-0.012,0.148
1,A1_2,0.079,0.091,1.0,0.086,0.336,0.041,-0.059,-0.14,0.028,0.66,-0.308,0.386,0.207,0.166,0.104,-0.053
1,A1_3,-0.134,-0.291,0.086,1.0,0.093,-0.779,-0.038,0.143,0.461,0.009,-0.395,-0.008,0.368,-0.26,0.511,-0.49
1,B1_1,-0.266,-0.455,0.336,0.093,1.0,-0.243,-0.053,0.556,-0.176,0.139,0.125,-0.07,-0.239,0.136,0.334,-0.287
1,B1_2,0.077,0.46,0.041,-0.779,-0.243,1.0,0.196,-0.601,-0.121,0.334,0.097,0.1,-0.261,-0.083,-0.318,0.364
1,B1_3,-0.636,-0.012,-0.059,-0.038,-0.053,0.196,1.0,0.161,0.094,-0.085,-0.222,0.383,0.342,-0.109,0.529,0.771
1,A2_1,-0.199,-0.561,-0.14,0.143,0.556,-0.601,0.161,1.0,-0.436,-0.508,0.274,0.091,-0.007,0.101,0.32,0.152
1,A2_2,-0.375,0.536,0.028,0.461,-0.176,-0.121,0.094,-0.436,1.0,0.151,-0.813,-0.195,0.306,-0.094,0.439,-0.243
1,A2_3,0.328,0.203,0.66,0.009,0.139,0.334,-0.085,-0.508,0.151,1.0,-0.028,-0.013,0.192,-0.007,-0.235,-0.182
1,B2_1,0.409,-0.581,-0.308,-0.395,0.125,0.097,-0.222,0.274,-0.813,-0.028,1.0,-0.271,-0.337,0.206,-0.673,0.039
1,B2_2,-0.128,0.011,0.386,-0.008,-0.07,0.1,0.383,0.091,-0.195,-0.013,-0.271,1.0,0.56,-0.003,0.261,0.342
1,B2_3,-0.125,0.101,0.207,0.368,-0.239,-0.261,0.342,-0.007,0.306,0.192,-0.337,0.56,1.0,0.255,0.119,0.188
1,y1,-0.254,-0.202,0.166,-0.26,0.136,-0.083,-0.109,0.101,-0.094,-0.007,0.206,-0.003,0.255,1.0,-0.399,0.129
1,y2,-0.659,-0.012,0.104,0.511,0.334,-0.318,0.529,0.32,0.439,-0.235,-0.673,0.261,0.119,-0.399,1.0,0.064
1,y3,-0.3,0.148,-0.053,-0.49,-0.287,0.364,0.771,0.152,-0.243,-0.182,0.039,0.342,0.188,0.129,0.064,1.0
2,.,1.0,0.16,0.081,-0.133,-0.263,0.076,-0.64,-0.198,-0.375,0.329,0.41,-0.131,-0.129,-0.252,-0.66,-0.304
2,A1_1,0.16,1.0,0.091,-0.29,-0.456,0.461,-0.011,-0.562,0.535,0.203,-0.58,0.012,0.102,-0.202,-0.013,0.149
2,A1_2,0.081,0.091,1.0,0.086,0.335,0.042,-0.058,-0.14,0.028,0.66,-0.307,0.387,0.209,0.166,0.103,-0.053
2,A1_3,-0.133,-0.29,0.086,1.0,0.091,-0.779,-0.038,0.141,0.461,0.009,-0.396,-0.008,0.369,-0.259,0.511,-0.489
2,B1_1,-0.263,-0.456,0.335,0.091,1.0,-0.242,-0.051,0.556,-0.177,0.137,0.127,-0.068,-0.237,0.136,0.334,-0.287
2,B1_2,0.076,0.461,0.042,-0.779,-0.242,1.0,0.196,-0.6,-0.121,0.334,0.096,0.1,-0.261,-0.084,-0.318,0.364
2,B1_3,-0.64,-0.011,-0.058,-0.038,-0.051,0.196,1.0,0.163,0.094,-0.084,-0.223,0.383,0.342,-0.109,0.53,0.771
2,A2_1,-0.198,-0.562,-0.14,0.141,0.556,-0.6,0.163,1.0,-0.437,-0.509,0.276,0.092,-0.006,0.101,0.319,0.153
2,A2_2,-0.375,0.535,0.028,0.461,-0.177,-0.121,0.094,-0.437,1.0,0.151,-0.813,-0.195,0.307,-0.094,0.438,-0.242
2,A2_3,0.329,0.203,0.66,0.009,0.137,0.334,-0.084,-0.509,0.151,1.0,-0.028,-0.012,0.192,-0.008,-0.236,-0.181
2,B2_1,0.41,-0.58,-0.307,-0.396,0.127,0.096,-0.223,0.276,-0.813,-0.028,1.0,-0.271,-0.338,0.206,-0.672,0.039
2,B2_2,-0.131,0.012,0.387,-0.008,-0.068,0.1,0.383,0.092,-0.195,-0.012,-0.271,1.0,0.561,-0.002,0.261,0.341
2,B2_3,-0.129,0.102,0.209,0.369,-0.237,-0.261,0.342,-0.006,0.307,0.192,-0.338,0.561,1.0,0.255,0.12,0.188
2,y1,-0.252,-0.202,0.166,-0.259,0.136,-0.084,-0.109,0.101,-0.094,-0.008,0.206,-0.002,0.255,1.0,-0.399,0.129
2,y2,-0.66,-0.013,0.103,0.511,0.334,-0.318,0.53,0.319,0.438,-0.236,-0.672,0.261,0.12,-0.399,1.0,0.064
2,y3,-0.304,0.149,-0.053,-0.489,-0.287,0.364,0.771,0.153,-0.242,-0.181,0.039,0.341,0.188,0.129,0.064,1.0
3,.,1.0,0.159,0.083,-0.132,-0.259,0.075,-0.645,-0.198,-0.375,0.33,0.41,-0.133,-0.132,-0.25,-0.661,-0.307
3,A1_1,0.159,1.0,0.091,-0.291,-0.457,0.462,-0.011,-0.562,0.535,0.203,-0.58,0.012,0.102,-0.203,-0.014,0.15
3,A1_2,0.083,0.091,1.0,0.086,0.333,0.042,-0.057,-0.141,0.027,0.66,-0.306,0.388,0.21,0.165,0.102,-0.052
3,A1_3,-0.132,-0.291,0.086,1.0,0.089,-0.779,-0.037,0.14,0.461,0.009,-0.396,-0.007,0.369,-0.259,0.511,-0.488
3,B1_1,-0.259,-0.457,0.333,0.089,1.0,-0.241,-0.05,0.555,-0.179,0.134,0.129,-0.066,-0.234,0.136,0.333,-0.287
3,B1_2,0.075,0.462,0.042,-0.779,-0.241,1.0,0.195,-0.599,-0.121,0.335,0.096,0.099,-0.262,-0.084,-0.318,0.364
3,B1_3,-0.645,-0.011,-0.057,-0.037,-0.05,0.195,1.0,0.165,0.094,-0.083,-0.223,0.383,0.341,-0.108,0.53,0.771
3,A2_1,-0.198,-0.562,-0.141,0.14,0.555,-0.599,0.165,1.0,-0.439,-0.51,0.278,0.094,-0.004,0.101,0.319,0.155
3,A2_2,-0.375,0.535,0.027,0.461,-0.179,-0.121,0.094,-0.439,1.0,0.15,-0.814,-0.195,0.307,-0.094,0.438,-0.241
3,A2_3,0.33,0.203,0.66,0.009,0.134,0.335,-0.083,-0.51,0.15,1.0,-0.028,-0.011,0.193,-0.009,-0.237,-0.18
3,B2_1,0.41,-0.58,-0.306,-0.396,0.129,0.096,-0.223,0.278,-0.814,-0.028,1.0,-0.271,-0.338,0.207,-0.672,0.039
3,B2_2,-0.133,0.012,0.388,-0.007,-0.066,0.099,0.383,0.094,-0.195,-0.011,-0.271,1.0,0.561,-0.002,0.262,0.341
3,B2_3,-0.132,0.102,0.21,0.369,-0.234,-0.262,0.341,-0.004,0.307,0.193,-0.338,0.561,1.0,0.255,0.121,0.187
3,y1,-0.25,-0.203,0.165,-0.259,0.136,-0.084,-0.108,0.101,-0.094,-0.009,0.207,-0.002,0.255,1.0,-0.399,0.128
3,y2,-0.661,-0.014,0.102,0.511,0.333,-0.318,0.53,0.319,0.438,-0.237,-0.672,0.262,0.121,-0.399,1.0,0.064
3,y3,-0.307,0.15,-0.052,-0.488,-0.287,0.364,0.771,0.155,-0.241,-0.18,0.039,0.341,0.187,0.128,0.064,1.0
4,.,1.0,0.157,0.084,-0.132,-0.257,0.073,-0.649,-0.196,-0.375,0.33,0.411,-0.136,-0.136,-0.249,-0.662,-0.311
4,A1_1,0.157,1.0,0.092,-0.291,-0.458,0.462,-0.01,-0.563,0.535,0.204,-0.58,0.013,0.103,-0.203,-0.015,0.151
4,A1_2,0.084,0.092,1.0,0.086,0.332,0.043,-0.056,-0.141,0.027,0.66,-0.305,0.389,0.211,0.165,0.102,-0.052
4,A1_3,-0.132,-0.291,0.086,1.0,0.087,-0.779,-0.037,0.139,0.461,0.01,-0.397,-0.007,0.369,-0.259,0.511,-0.487
4,B1_1,-0.257,-0.458,0.332,0.087,1.0,-0.24,-0.049,0.555,-0.18,0.132,0.131,-0.065,-0.232,0.135,0.333,-0.288
4,B1_2,0.073,0.462,0.043,-0.779,-0.24,1.0,0.195,-0.598,-0.121,0.335,0.095,0.099,-0.262,-0.084,-0.318,0.363
4,B1_3,-0.649,-0.01,-0.056,-0.037,-0.049,0.195,1.0,0.166,0.095,-0.083,-0.223,0.382,0.341,-0.108,0.531,0.771
4,A2_1,-0.196,-0.563,-0.141,0.139,0.555,-0.598,0.166,1.0,-0.441,-0.51,0.281,0.095,-0.002,0.101,0.318,0.156
4,A2_2,-0.375,0.535,0.027,0.461,-0.18,-0.121,0.095,-0.441,1.0,0.15,-0.814,-0.194,0.308,-0.094,0.438,-0.24
4,A2_3,0.33,0.204,0.66,0.01,0.132,0.335,-0.083,-0.51,0.15,1.0,-0.028,-0.01,0.194,-0.01,-0.238,-0.179
4,B2_1,0.411,-0.58,-0.305,-0.397,0.131,0.095,-0.223,0.281,-0.814,-0.028,1.0,-0.271,-0.338,0.208,-0.671,0.038
4,B2_2,-0.136,0.013,0.389,-0.007,-0.065,0.099,0.382,0.095,-0.194,-0.01,-0.271,1.0,0.562,-0.001,0.262,0.341
4,B2_3,-0.136,0.103,0.211,0.369,-0.232,-0.262,0.341,-0.002,0.308,0.194,-0.338,0.562,1.0,0.256,0.121,0.187
4,y1,-0.249,-0.203,0.165,-0.259,0.135,-0.084,-0.108,0.101,-0.094,-0.01,0.208,-0.001,0.256,1.0,-0.399,0.128
4,y2,-0.662,-0.015,0.102,0.511,0.333,-0.318,0.531,0.318,0.438,-0.238,-0.671,0.262,0.121,-0.399,1.0,0.064
4,y3,-0.311,0.151,-0.052,-0.487,-0.288,0.363,0.771,0.156,-0.24,-0.179,0.038,0.341,0.187,0.128,0.064,1.0
5,.,1.0,0.156,0.086,-0.131,-0.253,0.072,-0.653,-0.195,-0.375,0.331,0.412,-0.139,-0.14,-0.247,-0.662,-0.315
5,A1_1,0.156,1.0,0.092,-0.29,-0.458,0.463,-0.009,-0.564,0.535,0.204,-0.58,0.014,0.104,-0.204,-0.016,0.151
5,A1_2,0.086,0.092,1.0,0.086,0.331,0.044,-0.055,-0.142,0.027,0.66,-0.305,0.39,0.213,0.164,0.101,-0.051
5,A1_3,-0.131,-0.29,0.086,1.0,0.085,-0.779,-0.037,0.138,0.461,0.01,-0.397,-0.007,0.369,-0.259,0.511,-0.486
5,B1_1,-0.253,-0.458,0.331,0.085,1.0,-0.239,-0.048,0.554,-0.182,0.129,0.132,-0.063,-0.23,0.135,0.333,-0.288
5,B1_2,0.072,0.463,0.044,-0.779,-0.239,1.0,0.194,-0.597,-0.121,0.336,0.095,0.099,-0.263,-0.084,-0.318,0.363
5,B1_3,-0.653,-0.009,-0.055,-0.037,-0.048,0.194,1.0,0.168,0.095,-0.082,-0.223,0.382,0.34,-0.108,0.532,0.771
5,A2_1,-0.195,-0.564,-0.142,0.138,0.554,-0.597,0.168,1.0,-0.442,-0.511,0.283,0.097,-0.001,0.101,0.317,0.157
5,A2_2,-0.375,0.535,0.027,0.461,-0.182,-0.121,0.095,-0.442,1.0,0.149,-0.815,-0.194,0.308,-0.094,0.437,-0.239
5,A2_3,0.331,0.204,0.66,0.01,0.129,0.336,-0.082,-0.511,0.149,1.0,-0.028,-0.009,0.195,-0.01,-0.239,-0.178
5,B2_1,0.412,-0.58,-0.305,-0.397,0.132,0.095,-0.223,0.283,-0.815,-0.028,1.0,-0.27,-0.339,0.208,-0.67,0.038
5,B2_2,-0.139,0.014,0.39,-0.007,-0.063,0.099,0.382,0.097,-0.194,-0.009,-0.27,1.0,0.562,-0.001,0.262,0.34
5,B2_3,-0.14,0.104,0.213,0.369,-0.23,-0.263,0.34,-0.001,0.308,0.195,-0.339,0.562,1.0,0.256,0.122,0.187
5,y1,-0.247,-0.204,0.164,-0.259,0.135,-0.084,-0.108,0.101,-0.094,-0.01,0.208,-0.001,0.256,1.0,-0.399,0.127
5,y2,-0.662,-0.016,0.101,0.511,0.333,-0.318,0.532,0.317,0.437,-0.239,-0.67,0.262,0.122,-0.399,1.0,0.065
5,y3,-0.315,0.151,-0.051,-0.486,-0.288,0.363,0.771,0.157,-0.239,-0.178,0.038,0.34,0.187,0.127,0.065,1.0
6,.,1.0,0.154,0.087,-0.13,-0.25,0.07,-0.657,-0.195,-0.375,0.331,0.412,-0.142,-0.143,-0.246,-0.663,-0.319
6,A1_1,0.154,1.0,0.092,-0.29,-0.459,0.464,-0.008,-0.565,0.535,0.204,-0.58,0.015,0.105,-0.204,-0.016,0.152
6,A1_2,0.087,0.092,1.0,0.086,0.329,0.045,-0.054,-0.142,0.027,0.66,-0.304,0.391,0.214,0.163,0.101,-0.05
6,A1_3,-0.13,-0.29,0.086,1.0,0.083,-0.779,-0.037,0.137,0.46,0.01,-0.398,-0.007,0.369,-0.259,0.511,-0.485
6,B1_1,-0.25,-0.459,0.329,0.083,1.0,-0.238,-0.047,0.553,-0.183,0.127,0.134,-0.061,-0.228,0.135,0.332,-0.288
6,B1_2,0.07,0.464,0.045,-0.779,-0.238,1.0,0.194,-0.596,-0.121,0.336,0.094,0.099,-0.263,-0.085,-0.317,0.363
6,B1_3,-0.657,-0.008,-0.054,-0.037,-0.047,0.194,1.0,0.169,0.096,-0.082,-0.223,0.382,0.34,-0.107,0.532,0.771
6,A2_1,-0.195,-0.565,-0.142,0.137,0.553,-0.596,0.169,1.0,-0.444,-0.511,0.285,0.098,0.001,0.101,0.316,0.158
6,A2_2,-0.375,0.535,0.027,0.46,-0.183,-0.121,0.096,-0.444,1.0,0.149,-0.815,-0.193,0.308,-0.094,0.437,-0.238
6,A2_3,0.331,0.204,0.66,0.01,0.127,0.336,-0.082,-0.511,0.149,1.0,-0.028,-0.009,0.196,-0.011,-0.24,-0.177
6,B2_1,0.412,-0.58,-0.304,-0.398,0.134,0.094,-0.223,0.285,-0.815,-0.028,1.0,-0.27,-0.339,0.209,-0.67,0.038
6,B2_2,-0.142,0.015,0.391,-0.007,-0.061,0.099,0.382,0.098,-0.193,-0.009,-0.27,1.0,0.563,-0.0,0.263,0.34
6,B2_3,-0.143,0.105,0.214,0.369,-0.228,-0.263,0.34,0.001,0.308,0.196,-0.339,0.563,1.0,0.257,0.123,0.186
6,y1,-0.246,-0.204,0.163,-0.259,0.135,-0.085,-0.107,0.101,-0.094,-0.011,0.209,-0.0,0.257,1.0,-0.398,0.127
6,y2,-0.663,-0.016,0.101,0.511,0.332,-0.317,0.532,0.316,0.437,-0.24,-0.67,0.263,0.123,-0.398,1.0,0.065
6,y3,-0.319,0.152,-0.05,-0.485,-0.288,0.363,0.771,0.158,-0.238,-0.177,0.038,0.34,0.186,0.127,0.065,1.0
7,.,1.0,0.152,0.088,-0.129,-0.248,0.069,-0.661,-0.194,-0.375,0.332,0.413,-0.145,-0.146,-0.243,-0.665,-0.323
7,A1_1,0.152,1.0,0.092,-0.29,-0.46,0.464,-0.008,-0.565,0.534,0.204,-0.579,0.016,0.105,-0.205,-0.017,0.153
7,A1_2,0.088,0.092,1.0,0.087,0.328,0.046,-0.053,-0.143,0.026,0.66,-0.303,0.392,0.215,0.162,0.1,-0.05
7,A1_3,-0.129,-0.29,0.087,1.0,0.082,-0.779,-0.037,0.136,0.46,0.011,-0.398,-0.007,0.37,-0.259,0.51,-0.483
7,B1_1,-0.248,-0.46,0.328,0.082,1.0,-0.236,-0.046,0.553,-0.185,0.124,0.136,-0.059,-0.226,0.135,0.332,-0.288
7,B1_2,0.069,0.464,0.046,-0.779,-0.236,1.0,0.194,-0.595,-0.121,0.337,0.094,0.099,-0.264,-0.085,-0.317,0.362
7,B1_3,-0.661,-0.008,-0.053,-0.037,-0.046,0.194,1.0,0.171,0.096,-0.081,-0.223,0.382,0.34,-0.107,0.533,0.771
7,A2_1,-0.194,-0.565,-0.143,0.136,0.553,-0.595,0.171,1.0,-0.445,-0.512,0.288,0.1,0.003,0.101,0.315,0.159
7,A2_2,-0.375,0.534,0.026,0.46,-0.185,-0.121,0.096,-0.445,1.0,0.148,-0.816,-0.193,0.308,-0.094,0.436,-0.237
7,A2_3,0.332,0.204,0.66,0.011,0.124,0.337,-0.081,-0.512,0.148,1.0,-0.027,-0.008,0.196,-0.012,-0.241,-0.176
7,B2_1,0.413,-0.579,-0.303,-0.398,0.136,0.094,-0.223,0.288,-0.816,-0.027,1.0,-0.27,-0.339,0.209,-0.669,0.038
7,B2_2,-0.145,0.016,0.392,-0.007,-0.059,0.099,0.382,0.1,-0.193,-0.008,-0.27,1.0,0.563,0.0,0.263,0.339
7,B2_3,-0.146,0.105,0.215,0.37,-0.226,-0.264,0.34,0.003,0.308,0.196,-0.339,0.563,1.0,0.257,0.123,0.186
7,y1,-0.243,-0.205,0.162,-0.259,0.135,-0.085,-0.107,0.101,-0.094,-0.012,0.209,0.0,0.257,1.0,-0.398,0.126
7,y2,-0.665,-0.017,0.1,0.51,0.332,-0.317,0.533,0.315,0.436,-0.241,-0.669,0.263,0.123,-0.398,1.0,0.065
7,y3,-0.323,0.153,-0.05,-0.483,-0.288,0.362,0.771,0.159,-0.237,-0.176,0.038,0.339,0.186,0.126,0.065,1.0
8,.,1.0,0.151,0.089,-0.129,-0.245,0.068,-0.665,-0.193,-0.375,0.332,0.413,-0.148,-0.149,-0.241,-0.666,-0.326
8,A1_1,0.151,1.0,0.093,-0.29,-0.461,0.465,-0.007,-0.566,0.534,0.204,-0.579,0.017,0.106,-0.205,-0.018,0.154
8,A1_2,0.089,0.093,1.0,0.087,0.326,0.047,-0.052,-0.143,0.026,0.66,-0.303,0.393,0.216,0.161,0.1,-0.049
8,A1_3,-0.129,-0.29,0.087,1.0,0.08,-0.779,-0.037,0.135,0.46,0.011,-0.399,-0.007,0.369,-0.258,0.51,-0.482
8,B1_1,-0.245,-0.461,0.326,0.08,1.0,-0.235,-0.045,0.552,-0.186,0.122,0.137,-0.057,-0.224,0.134,0.331,-0.288
8,B1_2,0.068,0.465,0.047,-0.779,-0.235,1.0,0.193,-0.594,-0.121,0.337,0.094,0.099,-0.264,-0.085,-0.317,0.362
8,B1_3,-0.665,-0.007,-0.052,-0.037,-0.045,0.193,1.0,0.172,0.096,-0.08,-0.223,0.382,0.339,-0.107,0.533,0.772
8,A2_1,-0.193,-0.566,-0.143,0.135,0.552,-0.594,0.172,1.0,-0.447,-0.512,0.29,0.101,0.005,0.101,0.314,0.16
8,A2_2,-0.375,0.534,0.026,0.46,-0.186,-0.121,0.096,-0.447,1.0,0.148,-0.817,-0.193,0.308,-0.094,0.436,-0.236
8,A2_3,0.332,0.204,0.66,0.011,0.122,0.337,-0.08,-0.512,0.148,1.0,-0.027,-0.007,0.197,-0.013,-0.241,-0.175
8,B2_1,0.413,-0.579,-0.303,-0.399,0.137,0.094,-0.223,0.29,-0.817,-0.027,1.0,-0.27,-0.339,0.21,-0.668,0.038
8,B2_2,-0.148,0.017,0.393,-0.007,-0.057,0.099,0.382,0.101,-0.193,-0.007,-0.27,1.0,0.564,0.001,0.263,0.339
8,B2_3,-0.149,0.106,0.216,0.369,-0.224,-0.264,0.339,0.005,0.308,0.197,-0.339,0.564,1.0,0.258,0.124,0.185
8,y1,-0.241,-0.205,0.161,-0.258,0.134,-0.085,-0.107,0.101,-0.094,-0.013,0.21,0.001,0.258,1.0,-0.399,0.126
8,y2,-0.666,-0.018,0.1,0.51,0.331,-0.317,0.533,0.314,0.436,-0.241,-0.668,0.263,0.124,-0.399,1.0,0.066
8,y3,-0.326,0.154,-0.049,-0.482,-0.288,0.362,0.772,0.16,-0.236,-0.175,0.038,0.339,0.185,0.126,0.066,1.0
9,.,1.0,0.149,0.09,-0.128,-0.242,0.067,-0.669,-0.192,-0.375,0.332,0.414,-0.15,-0.153,-0.24,-0.666,-0.33
9,A1_1,0.149,1.0,0.093,-0.29,-0.461,0.465,-0.006,-0.567,0.534,0.204,-0.578,0.018,0.107,-0.206,-0.019,0.154
9,A1_2,0.09,0.093,1.0,0.087,0.325,0.048,-0.052,-0.143,0.026,0.66,-0.302,0.394,0.218,0.161,0.099,-0.048
9,A1_3,-0.128,-0.29,0.087,1.0,0.078,-0.779,-0.036,0.134,0.46,0.012,-0.4,-0.007,0.37,-0.258,0.51,-0.481
9,B1_1,-0.242,-0.461,0.325,0.078,1.0,-0.233,-0.044,0.552,-0.187,0.12,0.139,-0.055,-0.223,0.134,0.331,-0.288
9,B1_2,0.067,0.465,0.048,-0.779,-0.233,1.0,0.193,-0.593,-0.121,0.337,0.094,0.099,-0.265,-0.086,-0.317,0.362
9,B1_3,-0.669,-0.006,-0.052,-0.036,-0.044,0.193,1.0,0.174,0.097,-0.08,-0.223,0.381,0.339,-0.106,0.534,0.772
9,A2_1,-0.192,-0.567,-0.143,0.134,0.552,-0.593,0.174,1.0,-0.449,-0.512,0.292,0.103,0.006,0.101,0.314,0.16
9,A2_2,-0.375,0.534,0.026,0.46,-0.187,-0.121,0.097,-0.449,1.0,0.148,-0.817,-0.192,0.309,-0.094,0.436,-0.235
9,A2_3,0.332,0.204,0.66,0.012,0.12,0.337,-0.08,-0.512,0.148,1.0,-0.027,-0.007,0.197,-0.013,-0.242,-0.174
9,B2_1,0.414,-0.578,-0.302,-0.4,0.139,0.094,-0.223,0.292,-0.817,-0.027,1.0,-0.269,-0.34,0.21,-0.668,0.038
9,B2_2,-0.15,0.018,0.394,-0.007,-0.055,0.099,0.381,0.103,-0.192,-0.007,-0.269,1.0,0.564,0.001,0.263,0.339
9,B2_3,-0.153,0.107,0.218,0.37,-0.223,-0.265,0.339,0.006,0.309,0.197,-0.34,0.564,1.0,0.258,0.125,0.185
9,y1,-0.24,-0.206,0.161,-0.258,0.134,-0.086,-0.106,0.101,-0.094,-0.013,0.21,0.001,0.258,1.0,-0.398,0.125
9,y2,-0.666,-0.019,0.099,0.51,0.331,-0.317,0.534,0.314,0.436,-0.242,-0.668,0.263,0.125,-0.398,1.0,0.066
9,y3,-0.33,0.154,-0.048,-0.481,-0.288,0.362,0.772,0.16,-0.235,-0.174,0.038,0.339,0.185,0.125,0.066,1.0
10,.,1.0,0.147,0.092,-0.127,-0.24,0.065,-0.672,-0.191,-0.375,0.332,0.414,-0.153,-0.156,-0.238,-0.667,-0.333
10,A1_1,0.147,1.0,0.093,-0.29,-0.462,0.466,-0.006,-0.567,0.534,0.204,-0.578,0.019,0.108,-0.206,-0.02,0.155
10,A1_2,0.092,0.093,1.0,0.087,0.323,0.049,-0.051,-0.144,0.026,0.661,-0.301,0.394,0.219,0.16,0.099,-0.048
10,A1_3,-0.127,-0.29,0.087,1.0,0.076,-0.779,-0.036,0.132,0.46,0.012,-0.401,-0.007,0.37,-0.258,0.51,-0.48
10,B1_1,-0.24,-0.462,0.323,0.076,1.0,-0.232,-0.043,0.551,-0.189,0.117,0.141,-0.054,-0.221,0.134,0.331,-0.289
10,B1_2,0.065,0.466,0.049,-0.779,-0.232,1.0,0.193,-0.591,-0.121,0.338,0.094,0.099,-0.265,-0.086,-0.316,0.362
10,B1_3,-0.672,-0.006,-0.051,-0.036,-0.043,0.193,1.0,0.175,0.097,-0.079,-0.224,0.381,0.339,-0.106,0.534,0.772
10,A2_1,-0.191,-0.567,-0.144,0.132,0.551,-0.591,0.175,1.0,-0.45,-0.512,0.295,0.104,0.008,0.1,0.313,0.161
10,A2_2,-0.375,0.534,0.026,0.46,-0.189,-0.121,0.097,-0.45,1.0,0.147,-0.818,-0.192,0.309,-0.094,0.435,-0.234
10,A2_3,0.332,0.204,0.661,0.012,0.117,0.338,-0.079,-0.512,0.147,1.0,-0.027,-0.006,0.198,-0.014,-0.243,-0.173
10,B2_1,0.414,-0.578,-0.301,-0.401,0.141,0.094,-0.224,0.295,-0.818,-0.027,1.0,-0.268,-0.34,0.211,-0.667,0.038
10,B2_2,-0.153,0.019,0.394,-0.007,-0.054,0.099,0.381,0.104,-0.192,-0.006,-0.268,1.0,0.564,0.001,0.264,0.338
10,B2_3,-0.156,0.108,0.219,0.37,-0.221,-0.265,0.339,0.008,0.309,0.198,-0.34,0.564,1.0,0.258,0.125,0.185
10,y1,-0.238,-0.206,0.16,-0.258,0.134,-0.086,-0.106,0.1,-0.094,-0.014,0.211,0.001,0.258,1.0,-0.399,0.124
10,y2,-0.667,-0.02,0.099,0.51,0.331,-0.316,0.534,0.313,0.435,-0.243,-0.667,0.264,0.125,-0.399,1.0,0.066
10,y3,-0.333,0.155,-0.048,-0.48,-0.289,0.362,0.772,0.161,-0.234,-0.173,0.038,0.338,0.185,0.124,0.066,1.0
11,.,1.0,0.145,0.093,-0.126,-0.237,0.063,-0.676,-0.191,-0.375,0.333,0.415,-0.156,-0.159,-0.236,-0.668,-0.337
11,A1_1,0.145,1.0,0.093,-0.29,-0.463,0.466,-0.005,-0.568,0.534,0.204,-0.578,0.02,0.109,-0.206,-0.021,0.156
11,A1_2,0.093,0.093,1.0,0.087,0.322,0.05,-0.05,-0.144,0.026,0.661,-0.301,0.395,0.22,0.159,0.098,-0.047
11,A1_3,-0.126,-0.29,0.087,1.0,0.075,-0.779,-0.036,0.131,0.46,0.013,-0.401,-0.008,0.369,-0.258,0.51,-0.479
11,B1_1,-0.237,-0.463,0.322,0.075,1.0,-0.23,-0.042,0.551,-0.19,0.115,0.142,-0.052,-0.219,0.133,0.33,-0.289
11,B1_2,0.063,0.466,0.05,-0.779,-0.23,1.0,0.193,-0.59,-0.121,0.338,0.093,0.099,-0.265,-0.086,-0.316,0.361
11,B1_3,-0.676,-0.005,-0.05,-0.036,-0.042,0.193,1.0,0.176,0.097,-0.079,-0.224,0.381,0.339,-0.106,0.534,0.772
11,A2_1,-0.191,-0.568,-0.144,0.131,0.551,-0.59,0.176,1.0,-0.452,-0.512,0.297,0.106,0.009,0.1,0.312,0.162
11,A2_2,-0.375,0.534,0.026,0.46,-0.19,-0.121,0.097,-0.452,1.0,0.147,-0.818,-0.192,0.309,-0.094,0.435,-0.233
11,A2_3,0.333,0.204,0.661,0.013,0.115,0.338,-0.079,-0.512,0.147,1.0,-0.027,-0.005,0.198,-0.015,-0.244,-0.173
11,B2_1,0.415,-0.578,-0.301,-0.401,0.142,0.093,-0.224,0.297,-0.818,-0.027,1.0,-0.268,-0.34,0.212,-0.667,0.038
11,B2_2,-0.156,0.02,0.395,-0.008,-0.052,0.099,0.381,0.106,-0.192,-0.005,-0.268,1.0,0.565,0.001,0.264,0.338
11,B2_3,-0.159,0.109,0.22,0.369,-0.219,-0.265,0.339,0.009,0.309,0.198,-0.34,0.565,1.0,0.259,0.126,0.184
11,y1,-0.236,-0.206,0.159,-0.258,0.133,-0.086,-0.106,0.1,-0.094,-0.015,0.212,0.001,0.259,1.0,-0.399,0.124
11,y2,-0.668,-0.021,0.098,0.51,0.33,-0.316,0.534,0.312,0.435,-0.244,-0.667,0.264,0.126,-0.399,1.0,0.067
11,y3,-0.337,0.156,-0.047,-0.479,-0.289,0.361,0.772,0.162,-0.233,-0.173,0.038,0.338,0.184,0.124,0.067,1.0
12,.,1.0,0.144,0.094,-0.125,-0.235,0.062,-0.68,-0.19,-0.375,0.333,0.416,-0.158,-0.162,-0.235,-0.669,-0.34
12,A1_1,0.144,1.0,0.094,-0.29,-0.464,0.467,-0.004,-0.569,0.534,0.205,-0.577,0.02,0.11,-0.207,-0.021,0.157
12,A1_2,0.094,0.094,1.0,0.087,0.32,0.051,-0.049,-0.144,0.026,0.661,-0.3,0.396,0.221,0.158,0.097,-0.047
12,A1_3,-0.125,-0.29,0.087,1.0,0.073,-0.779,-0.036,0.13,0.46,0.013,-0.402,-0.008,0.369,-0.257,0.51,-0.478
12,B1_1,-0.235,-0.464,0.32,0.073,1.0,-0.229,-0.041,0.55,-0.192,0.113,0.144,-0.05,-0.217,0.133,0.33,-0.289
12,B1_2,0.062,0.467,0.051,-0.779,-0.229,1.0,0.193,-0.589,-0.12,0.338,0.093,0.099,-0.266,-0.086,-0.316,0.361
12,B1_3,-0.68,-0.004,-0.049,-0.036,-0.041,0.193,1.0,0.178,0.098,-0.078,-0.223,0.381,0.339,-0.106,0.535,0.772
12,A2_1,-0.19,-0.569,-0.144,0.13,0.55,-0.589,0.178,1.0,-0.453,-0.512,0.299,0.107,0.011,0.099,0.311,0.163
12,A2_2,-0.375,0.534,0.026,0.46,-0.192,-0.12,0.098,-0.453,1.0,0.147,-0.819,-0.192,0.309,-0.094,0.435,-0.232
12,A2_3,0.333,0.205,0.661,0.013,0.113,0.338,-0.078,-0.512,0.147,1.0,-0.027,-0.005,0.199,-0.015,-0.244,-0.172
12,B2_1,0.416,-0.577,-0.3,-0.402,0.144,0.093,-0.223,0.299,-0.819,-0.027,1.0,-0.268,-0.341,0.212,-0.666,0.038
12,B2_2,-0.158,0.02,0.396,-0.008,-0.05,0.099,0.381,0.107,-0.192,-0.005,-0.268,1.0,0.566,0.002,0.264,0.337
12,B2_3,-0.162,0.11,0.221,0.369,-0.217,-0.266,0.339,0.011,0.309,0.199,-0.341,0.566,1.0,0.259,0.126,0.184
12,y1,-0.235,-0.207,0.158,-0.257,0.133,-0.086,-0.106,0.099,-0.094,-0.015,0.212,0.002,0.259,1.0,-0.399,0.123
12,y2,-0.669,-0.021,0.097,0.51,0.33,-0.316,0.535,0.311,0.435,-0.244,-0.666,0.264,0.126,-0.399,1.0,0.067
12,y3,-0.34,0.157,-0.047,-0.478,-0.289,0.361,0.772,0.163,-0.232,-0.172,0.038,0.337,0.184,0.123,0.067,1.0
13,.,1.0,0.142,0.094,-0.124,-0.233,0.061,-0.683,-0.189,-0.375,0.333,0.417,-0.161,-0.165,-0.233,-0.67,-0.344
13,A1_1,0.142,1.0,0.094,-0.289,-0.464,0.468,-0.003,-0.569,0.534,0.205,-0.577,0.022,0.111,-0.207,-0.022,0.157
13,A1_2,0.094,0.094,1.0,0.088,0.319,0.051,-0.049,-0.145,0.026,0.661,-0.3,0.397,0.222,0.158,0.097,-0.047
13,A1_3,-0.124,-0.289,0.088,1.0,0.071,-0.779,-0.037,0.13,0.46,0.014,-0.403,-0.008,0.369,-0.257,0.51,-0.476
13,B1_1,-0.233,-0.464,0.319,0.071,1.0,-0.228,-0.04,0.55,-0.193,0.11,0.146,-0.048,-0.215,0.133,0.329,-0.289
13,B1_2,0.061,0.468,0.051,-0.779,-0.228,1.0,0.193,-0.588,-0.12,0.339,0.093,0.099,-0.266,-0.087,-0.316,0.361
13,B1_3,-0.683,-0.003,-0.049,-0.037,-0.04,0.193,1.0,0.179,0.098,-0.078,-0.223,0.381,0.339,-0.106,0.535,0.773
13,A2_1,-0.189,-0.569,-0.145,0.13,0.55,-0.588,0.179,1.0,-0.455,-0.513,0.301,0.109,0.012,0.099,0.311,0.164
13,A2_2,-0.375,0.534,0.026,0.46,-0.193,-0.12,0.098,-0.455,1.0,0.147,-0.82,-0.191,0.31,-0.094,0.434,-0.231
13,A2_3,0.333,0.205,0.661,0.014,0.11,0.339,-0.078,-0.513,0.147,1.0,-0.027,-0.004,0.199,-0.016,-0.245,-0.171
13,B2_1,0.417,-0.577,-0.3,-0.403,0.146,0.093,-0.223,0.301,-0.82,-0.027,1.0,-0.267,-0.341,0.212,-0.666,0.039
13,B2_2,-0.161,0.022,0.397,-0.008,-0.048,0.099,0.381,0.109,-0.191,-0.004,-0.267,1.0,0.566,0.002,0.264,0.337
13,B2_3,-0.165,0.111,0.222,0.369,-0.215,-0.266,0.339,0.012,0.31,0.199,-0.341,0.566,1.0,0.259,0.127,0.184
13,y1,-0.233,-0.207,0.158,-0.257,0.133,-0.087,-0.106,0.099,-0.094,-0.016,0.212,0.002,0.259,1.0,-0.399,0.123
13,y2,-0.67,-0.022,0.097,0.51,0.329,-0.316,0.535,0.311,0.434,-0.245,-0.666,0.264,0.127,-0.399,1.0,0.067
13,y3,-0.344,0.157,-0.047,-0.476,-0.289,0.361,0.773,0.164,-0.231,-0.171,0.039,0.337,0.184,0.123,0.067,1.0
14,.,1.0,0.14,0.095,-0.123,-0.23,0.06,-0.686,-0.189,-0.375,0.334,0.418,-0.164,-0.168,-0.231,-0.671,-0.347
14,A1_1,0.14,1.0,0.094,-0.289,-0.465,0.468,-0.003,-0.57,0.534,0.205,-0.577,0.023,0.111,-0.208,-0.023,0.158
14,A1_2,0.095,0.094,1.0,0.088,0.317,0.052,-0.048,-0.145,0.026,0.661,-0.299,0.398,0.223,0.157,0.096,-0.046
14,A1_3,-0.123,-0.289,0.088,1.0,0.069,-0.779,-0.037,0.129,0.46,0.014,-0.404,-0.008,0.369,-0.257,0.509,-0.475
14,B1_1,-0.23,-0.465,0.317,0.069,1.0,-0.226,-0.039,0.549,-0.195,0.108,0.147,-0.047,-0.213,0.132,0.329,-0.289
14,B1_2,0.06,0.468,0.052,-0.779,-0.226,1.0,0.193,-0.587,-0.12,0.339,0.093,0.099,-0.266,-0.087,-0.315,0.36
14,B1_3,-0.686,-0.003,-0.048,-0.037,-0.039,0.193,1.0,0.181,0.098,-0.077,-0.223,0.381,0.339,-0.105,0.536,0.773
14,A2_1,-0.189,-0.57,-0.145,0.129,0.549,-0.587,0.181,1.0,-0.456,-0.513,0.302,0.11,0.014,0.098,0.31,0.165
14,A2_2,-0.375,0.534,0.026,0.46,-0.195,-0.12,0.098,-0.456,1.0,0.146,-0.82,-0.191,0.31,-0.094,0.434,-0.23
14,A2_3,0.334,0.205,0.661,0.014,0.108,0.339,-0.077,-0.513,0.146,1.0,-0.027,-0.004,0.2,-0.017,-0.246,-0.17
14,B2_1,0.418,-0.577,-0.299,-0.404,0.147,0.093,-0.223,0.302,-0.82,-0.027,1.0,-0.267,-0.341,0.213,-0.665,0.039
14,B2_2,-0.164,0.023,0.398,-0.008,-0.047,0.099,0.381,0.11,-0.191,-0.004,-0.267,1.0,0.567,0.002,0.265,0.337
14,B2_3,-0.168,0.111,0.223,0.369,-0.213,-0.266,0.339,0.014,0.31,0.2,-0.341,0.567,1.0,0.26,0.128,0.183
14,y1,-0.231,-0.208,0.157,-0.257,0.132,-0.087,-0.105,0.098,-0.094,-0.017,0.213,0.002,0.26,1.0,-0.399,0.122
14,y2,-0.671,-0.023,0.096,0.509,0.329,-0.315,0.536,0.31,0.434,-0.246,-0.665,0.265,0.128,-0.399,1.0,0.068
14,y3,-0.347,0.158,-0.046,-0.475,-0.289,0.36,0.773,0.165,-0.23,-0.17,0.039,0.337,0.183,0.122,0.068,1.0
15,.,1.0,0.138,0.096,-0.122,-0.228,0.058,-0.69,-0.188,-0.375,0.333,0.418,-0.166,-0.171,-0.229,-0.672,-0.35
15,A1_1,0.138,1.0,0.095,-0.289,-0.466,0.469,-0.002,-0.571,0.534,0.206,-0.576,0.023,0.112,-0.208,-0.024,0.158
15,A1_2,0.096,0.095,1.0,0.088,0.316,0.053,-0.047,-0.145,0.026,0.661,-0.299,0.398,0.225,0.156,0.096,-0.046
15,A1_3,-0.122,-0.289,0.088,1.0,0.067,-0.779,-0.037,0.128,0.46,0.015,-0.405,-0.008,0.369,-0.257,0.509,-0.474
15,B1_1,-0.228,-0.466,0.316,0.067,1.0,-0.225,-0.038,0.549,-0.196,0.106,0.149,-0.045,-0.212,0.132,0.328,-0.289
15,B1_2,0.058,0.469,0.053,-0.779,-0.225,1.0,0.193,-0.586,-0.12,0.339,0.093,0.099,-0.266,-0.087,-0.315,0.36
15,B1_3,-0.69,-0.002,-0.047,-0.037,-0.038,0.193,1.0,0.183,0.098,-0.077,-0.223,0.381,0.338,-0.105,0.536,0.773
15,A2_1,-0.188,-0.571,-0.145,0.128,0.549,-0.586,0.183,1.0,-0.458,-0.513,0.304,0.111,0.015,0.098,0.31,0.166
15,A2_2,-0.375,0.534,0.026,0.46,-0.196,-0.12,0.098,-0.458,1.0,0.146,-0.821,-0.19,0.31,-0.093,0.434,-0.229
15,A2_3,0.333,0.206,0.661,0.015,0.106,0.339,-0.077,-0.513,0.146,1.0,-0.027,-0.003,0.2,-0.017,-0.246,-0.169
15,B2_1,0.418,-0.576,-0.299,-0.405,0.149,0.093,-0.223,0.304,-0.821,-0.027,1.0,-0.267,-0.341,0.213,-0.664,0.039
15,B2_2,-0.166,0.023,0.398,-0.008,-0.045,0.099,0.381,0.111,-0.19,-0.003,-0.267,1.0,0.567,0.003,0.265,0.336
15,B2_3,-0.171,0.112,0.225,0.369,-0.212,-0.266,0.338,0.015,0.31,0.2,-0.341,0.567,1.0,0.26,0.128,0.183
15,y1,-0.229,-0.208,0.156,-0.257,0.132,-0.087,-0.105,0.098,-0.093,-0.017,0.213,0.003,0.26,1.0,-0.399,0.122
15,y2,-0.672,-0.024,0.096,0.509,0.328,-0.315,0.536,0.31,0.434,-0.246,-0.664,0.265,0.128,-0.399,1.0,0.068
15,y3,-0.35,0.158,-0.046,-0.474,-0.289,0.36,0.773,0.166,-0.229,-0.169,0.039,0.336,0.183,0.122,0.068,1.0
16,.,1.0,0.136,0.097,-0.121,-0.225,0.056,-0.693,-0.187,-0.375,0.333,0.419,-0.17,-0.174,-0.228,-0.673,-0.354
16,A1_1,0.136,1.0,0.095,-0.289,-0.466,0.469,-0.002,-0.571,0.534,0.206,-0.576,0.024,0.113,-0.208,-0.024,0.159
16,A1_2,0.097,0.095,1.0,0.088,0.314,0.054,-0.046,-0.145,0.026,0.661,-0.298,0.399,0.226,0.155,0.095,-0.046
16,A1_3,-0.121,-0.289,0.088,1.0,0.065,-0.778,-0.037,0.127,0.46,0.015,-0.405,-0.008,0.368,-0.257,0.51,-0.473
16,B1_1,-0.225,-0.466,0.314,0.065,1.0,-0.224,-0.037,0.548,-0.198,0.103,0.151,-0.044,-0.21,0.132,0.328,-0.29
16,B1_2,0.056,0.469,0.054,-0.778,-0.224,1.0,0.193,-0.585,-0.12,0.34,0.092,0.099,-0.266,-0.088,-0.315,0.36
16,B1_3,-0.693,-0.002,-0.046,-0.037,-0.037,0.193,1.0,0.184,0.098,-0.076,-0.223,0.381,0.338,-0.105,0.536,0.774
16,A2_1,-0.187,-0.571,-0.145,0.127,0.548,-0.585,0.184,1.0,-0.459,-0.513,0.306,0.113,0.017,0.097,0.309,0.167
16,A2_2,-0.375,0.534,0.026,0.46,-0.198,-0.12,0.098,-0.459,1.0,0.146,-0.821,-0.19,0.31,-0.093,0.433,-0.227
16,A2_3,0.333,0.206,0.661,0.015,0.103,0.34,-0.076,-0.513,0.146,1.0,-0.027,-0.003,0.201,-0.018,-0.247,-0.168
16,B2_1,0.419,-0.576,-0.298,-0.405,0.151,0.092,-0.223,0.306,-0.821,-0.027,1.0,-0.266,-0.342,0.213,-0.664,0.038
16,B2_2,-0.17,0.024,0.399,-0.008,-0.044,0.099,0.381,0.113,-0.19,-0.003,-0.266,1.0,0.568,0.003,0.265,0.336
16,B2_3,-0.174,0.113,0.226,0.368,-0.21,-0.266,0.338,0.017,0.31,0.201,-0.342,0.568,1.0,0.261,0.129,0.183
16,y1,-0.228,-0.208,0.155,-0.257,0.132,-0.088,-0.105,0.097,-0.093,-0.018,0.213,0.003,0.261,1.0,-0.399,0.121
16,y2,-0.673,-0.024,0.095,0.51,0.328,-0.315,0.536,0.309,0.433,-0.247,-0.664,0.265,0.129,-0.399,1.0,0.068
16,y3,-0.354,0.159,-0.046,-0.473,-0.29,0.36,0.774,0.167,-0.227,-0.168,0.038,0.336,0.183,0.121,0.068,1.0
17,.,1.0,0.134,0.097,-0.121,-0.223,0.055,-0.696,-0.186,-0.376,0.333,0.419,-0.172,-0.178,-0.227,-0.673,-0.357
17,A1_1,0.134,1.0,0.095,-0.288,-0.467,0.47,-0.001,-0.572,0.534,0.207,-0.575,0.025,0.114,-0.208,-0.025,0.16
17,A1_2,0.097,0.095,1.0,0.088,0.313,0.055,-0.045,-0.146,0.026,0.662,-0.298,0.399,0.227,0.155,0.095,-0.045
17,A1_3,-0.121,-0.288,0.088,1.0,0.064,-0.778,-0.037,0.126,0.46,0.016,-0.406,-0.008,0.368,-0.256,0.51,-0.471
17,B1_1,-0.223,-0.467,0.313,0.064,1.0,-0.222,-0.036,0.548,-0.199,0.101,0.152,-0.042,-0.208,0.131,0.327,-0.29
17,B1_2,0.055,0.47,0.055,-0.778,-0.222,1.0,0.193,-0.584,-0.12,0.34,0.092,0.099,-0.266,-0.088,-0.314,0.36
17,B1_3,-0.696,-0.001,-0.045,-0.037,-0.036,0.193,1.0,0.186,0.098,-0.075,-0.222,0.381,0.338,-0.105,0.537,0.774
17,A2_1,-0.186,-0.572,-0.146,0.126,0.548,-0.584,0.186,1.0,-0.461,-0.514,0.308,0.114,0.018,0.097,0.308,0.167
17,A2_2,-0.376,0.534,0.026,0.46,-0.199,-0.12,0.098,-0.461,1.0,0.147,-0.822,-0.189,0.31,-0.093,0.433,-0.226
17,A2_3,0.333,0.207,0.662,0.016,0.101,0.34,-0.075,-0.514,0.147,1.0,-0.028,-0.002,0.202,-0.018,-0.248,-0.167
17,B2_1,0.419,-0.575,-0.298,-0.406,0.152,0.092,-0.222,0.308,-0.822,-0.028,1.0,-0.266,-0.342,0.213,-0.663,0.038
17,B2_2,-0.172,0.025,0.399,-0.008,-0.042,0.099,0.381,0.114,-0.189,-0.002,-0.266,1.0,0.569,0.004,0.265,0.335
17,B2_3,-0.178,0.114,0.227,0.368,-0.208,-0.266,0.338,0.018,0.31,0.202,-0.342,0.569,1.0,0.261,0.13,0.183
17,y1,-0.227,-0.208,0.155,-0.256,0.131,-0.088,-0.105,0.097,-0.093,-0.018,0.213,0.004,0.261,1.0,-0.399,0.121
17,y2,-0.673,-0.025,0.095,0.51,0.327,-0.314,0.537,0.308,0.433,-0.248,-0.663,0.265,0.13,-0.399,1.0,0.068
17,y3,-0.357,0.16,-0.045,-0.471,-0.29,0.36,0.774,0.167,-0.226,-0.167,0.038,0.335,0.183,0.121,0.068,1.0
18,.,1.0,0.132,0.098,-0.119,-0.22,0.053,-0.699,-0.185,-0.375,0.332,0.42,-0.175,-0.181,-0.226,-0.674,-0.361
18,A1_1,0.132,1.0,0.096,-0.288,-0.467,0.47,-0.0,-0.573,0.534,0.207,-0.575,0.026,0.115,-0.209,-0.026,0.161
18,A1_2,0.098,0.096,1.0,0.089,0.311,0.055,-0.045,-0.146,0.027,0.662,-0.297,0.4,0.228,0.154,0.094,-0.045
18,A1_3,-0.119,-0.288,0.089,1.0,0.062,-0.779,-0.037,0.125,0.46,0.016,-0.407,-0.009,0.368,-0.256,0.51,-0.47
18,B1_1,-0.22,-0.467,0.311,0.062,1.0,-0.221,-0.035,0.547,-0.2,0.099,0.154,-0.04,-0.206,0.131,0.327,-0.291
18,B1_2,0.053,0.47,0.055,-0.779,-0.221,1.0,0.193,-0.583,-0.12,0.34,0.092,0.1,-0.266,-0.088,-0.314,0.36
18,B1_3,-0.699,-0.0,-0.045,-0.037,-0.035,0.193,1.0,0.187,0.098,-0.075,-0.222,0.381,0.338,-0.105,0.537,0.774
18,A2_1,-0.185,-0.573,-0.146,0.125,0.547,-0.583,0.187,1.0,-0.462,-0.514,0.31,0.115,0.02,0.096,0.307,0.168
18,A2_2,-0.375,0.534,0.027,0.46,-0.2,-0.12,0.098,-0.462,1.0,0.147,-0.823,-0.189,0.31,-0.092,0.433,-0.225
18,A2_3,0.332,0.207,0.662,0.016,0.099,0.34,-0.075,-0.514,0.147,1.0,-0.028,-0.002,0.202,-0.019,-0.248,-0.166
18,B2_1,0.42,-0.575,-0.297,-0.407,0.154,0.092,-0.222,0.31,-0.823,-0.028,1.0,-0.265,-0.342,0.213,-0.663,0.038
18,B2_2,-0.175,0.026,0.4,-0.009,-0.04,0.1,0.381,0.115,-0.189,-0.002,-0.265,1.0,0.569,0.004,0.265,0.335
18,B2_3,-0.181,0.115,0.228,0.368,-0.206,-0.266,0.338,0.02,0.31,0.202,-0.342,0.569,1.0,0.261,0.13,0.183
18,y1,-0.226,-0.209,0.154,-0.256,0.131,-0.088,-0.105,0.096,-0.092,-0.019,0.213,0.004,0.261,1.0,-0.399,0.12
18,y2,-0.674,-0.026,0.094,0.51,0.327,-0.314,0.537,0.307,0.433,-0.248,-0.663,0.265,0.13,-0.399,1.0,0.069
18,y3,-0.361,0.161,-0.045,-0.47,-0.291,0.36,0.774,0.168,-0.225,-0.166,0.038,0.335,0.183,0.12,0.069,1.0
19,.,1.0,0.129,0.098,-0.118,-0.218,0.052,-0.702,-0.184,-0.376,0.332,0.421,-0.178,-0.184,-0.224,-0.674,-0.364
19,A1_1,0.129,1.0,0.096,-0.288,-0.468,0.471,0.0,-0.573,0.534,0.208,-0.575,0.026,0.115,-0.209,-0.027,0.161
19,A1_2,0.098,0.096,1.0,0.089,0.31,0.056,-0.044,-0.147,0.027,0.662,-0.297,0.4,0.229,0.153,0.094,-0.044
19,A1_3,-0.118,-0.288,0.089,1.0,0.06,-0.778,-0.037,0.124,0.46,0.017,-0.408,-0.009,0.368,-0.256,0.509,-0.469
19,B1_1,-0.218,-0.468,0.31,0.06,1.0,-0.22,-0.034,0.546,-0.202,0.096,0.155,-0.039,-0.204,0.13,0.326,-0.291
19,B1_2,0.052,0.471,0.056,-0.778,-0.22,1.0,0.193,-0.582,-0.12,0.34,0.092,0.1,-0.266,-0.088,-0.314,0.36
19,B1_3,-0.702,0.0,-0.044,-0.037,-0.034,0.193,1.0,0.188,0.098,-0.074,-0.222,0.381,0.338,-0.105,0.537,0.774
19,A2_1,-0.184,-0.573,-0.147,0.124,0.546,-0.582,0.188,1.0,-0.464,-0.514,0.312,0.116,0.021,0.096,0.307,0.168
19,A2_2,-0.376,0.534,0.027,0.46,-0.202,-0.12,0.098,-0.464,1.0,0.146,-0.823,-0.189,0.311,-0.092,0.432,-0.224
19,A2_3,0.332,0.208,0.662,0.017,0.096,0.34,-0.074,-0.514,0.146,1.0,-0.028,-0.001,0.202,-0.02,-0.249,-0.165
19,B2_1,0.421,-0.575,-0.297,-0.408,0.155,0.092,-0.222,0.312,-0.823,-0.028,1.0,-0.264,-0.342,0.214,-0.662,0.039
19,B2_2,-0.178,0.026,0.4,-0.009,-0.039,0.1,0.381,0.116,-0.189,-0.001,-0.264,1.0,0.57,0.004,0.265,0.334
19,B2_3,-0.184,0.115,0.229,0.368,-0.204,-0.266,0.338,0.021,0.311,0.202,-0.342,0.57,1.0,0.261,0.131,0.183
19,y1,-0.224,-0.209,0.153,-0.256,0.13,-0.088,-0.105,0.096,-0.092,-0.02,0.214,0.004,0.261,1.0,-0.399,0.119
19,y2,-0.674,-0.027,0.094,0.509,0.326,-0.314,0.537,0.307,0.432,-0.249,-0.662,0.265,0.131,-0.399,1.0,0.069
19,y3,-0.364,0.161,-0.044,-0.469,-0.291,0.36,0.774,0.168,-0.224,-0.165,0.039,0.334,0.183,0.119,0.069,1.0
20,.,1.0,0.126,0.098,-0.117,-0.216,0.05,-0.706,-0.184,-0.376,0.332,0.422,-0.18,-0.187,-0.222,-0.676,-0.368
20,A1_1,0.126,1.0,0.097,-0.287,-0.469,0.471,0.001,-0.574,0.534,0.208,-0.574,0.027,0.116,-0.209,-0.027,0.162
20,A1_2,0.098,0.097,1.0,0.089,0.309,0.057,-0.043,-0.147,0.027,0.662,-0.297,0.401,0.23,0.152,0.093,-0.044
20,A1_3,-0.117,-0.287,0.089,1.0,0.058,-0.778,-0.037,0.123,0.459,0.018,-0.409,-0.009,0.367,-0.255,0.51,-0.468
20,B1_1,-0.216,-0.469,0.309,0.058,1.0,-0.218,-0.033,0.546,-0.203,0.094,0.157,-0.037,-0.203,0.13,0.325,-0.292
20,B1_2,0.05,0.471,0.057,-0.778,-0.218,1.0,0.193,-0.581,-0.12,0.341,0.092,0.1,-0.266,-0.089,-0.314,0.36
20,B1_3,-0.706,0.001,-0.043,-0.037,-0.033,0.193,1.0,0.189,0.098,-0.074,-0.221,0.381,0.338,-0.105,0.538,0.774
20,A2_1,-0.184,-0.574,-0.147,0.123,0.546,-0.581,0.189,1.0,-0.465,-0.514,0.314,0.118,0.023,0.095,0.306,0.169
20,A2_2,-0.376,0.534,0.027,0.459,-0.203,-0.12,0.098,-0.465,1.0,0.146,-0.824,-0.189,0.311,-0.091,0.432,-0.223
20,A2_3,0.332,0.208,0.662,0.018,0.094,0.341,-0.074,-0.514,0.146,1.0,-0.028,-0.001,0.203,-0.02,-0.249,-0.164
20,B2_1,0.422,-0.574,-0.297,-0.409,0.157,0.092,-0.221,0.314,-0.824,-0.028,1.0,-0.264,-0.342,0.214,-0.662,0.039
20,B2_2,-0.18,0.027,0.401,-0.009,-0.037,0.1,0.381,0.118,-0.189,-0.001,-0.264,1.0,0.571,0.004,0.265,0.334
20,B2_3,-0.187,0.116,0.23,0.367,-0.203,-0.266,0.338,0.023,0.311,0.203,-0.342,0.571,1.0,0.262,0.132,0.183
20,y1,-0.222,-0.209,0.152,-0.255,0.13,-0.089,-0.105,0.095,-0.091,-0.02,0.214,0.004,0.262,1.0,-0.399,0.119
20,y2,-0.676,-0.027,0.093,0.51,0.325,-0.314,0.538,0.306,0.432,-0.249,-0.662,0.265,0.132,-0.399,1.0,0.069
20,y3,-0.368,0.162,-0.044,-0.468,-0.292,0.36,0.774,0.169,-0.223,-0.164,0.039,0.334,0.183,0.119,0.069,1.0
21,.,1.0,0.124,0.099,-0.116,-0.213,0.049,-0.709,-0.182,-0.377,0.331,0.423,-0.183,-0.19,-0.221,-0.676,-0.371
21,A1_1,0.124,1.0,0.097,-0.287,-0.469,0.472,0.002,-0.574,0.534,0.208,-0.574,0.028,0.117,-0.209,-0.028,0.163
21,A1_2,0.099,0.097,1.0,0.09,0.307,0.058,-0.043,-0.147,0.027,0.663,-0.296,0.401,0.231,0.152,0.093,-0.044
21,A1_3,-0.116,-0.287,0.09,1.0,0.056,-0.778,-0.038,0.122,0.46,0.018,-0.41,-0.009,0.367,-0.255,0.51,-0.467
21,B1_1,-0.213,-0.469,0.307,0.056,1.0,-0.217,-0.032,0.545,-0.205,0.092,0.158,-0.036,-0.201,0.13,0.325,-0.292
21,B1_2,0.049,0.472,0.058,-0.778,-0.217,1.0,0.193,-0.58,-0.12,0.341,0.092,0.1,-0.266,-0.089,-0.314,0.36
21,B1_3,-0.709,0.002,-0.043,-0.038,-0.032,0.193,1.0,0.191,0.099,-0.073,-0.221,0.381,0.338,-0.105,0.538,0.774
21,A2_1,-0.182,-0.574,-0.147,0.122,0.545,-0.58,0.191,1.0,-0.466,-0.515,0.316,0.119,0.024,0.094,0.305,0.17
21,A2_2,-0.377,0.534,0.027,0.46,-0.205,-0.12,0.099,-0.466,1.0,0.147,-0.824,-0.189,0.311,-0.091,0.432,-0.222
21,A2_3,0.331,0.208,0.663,0.018,0.092,0.341,-0.073,-0.515,0.147,1.0,-0.029,-0.001,0.203,-0.02,-0.25,-0.163
21,B2_1,0.423,-0.574,-0.296,-0.41,0.158,0.092,-0.221,0.316,-0.824,-0.029,1.0,-0.263,-0.342,0.214,-0.661,0.039
21,B2_2,-0.183,0.028,0.401,-0.009,-0.036,0.1,0.381,0.119,-0.189,-0.001,-0.263,1.0,0.571,0.004,0.265,0.334
21,B2_3,-0.19,0.117,0.231,0.367,-0.201,-0.266,0.338,0.024,0.311,0.203,-0.342,0.571,1.0,0.262,0.132,0.182
21,y1,-0.221,-0.209,0.152,-0.255,0.13,-0.089,-0.105,0.094,-0.091,-0.02,0.214,0.004,0.262,1.0,-0.399,0.118
21,y2,-0.676,-0.028,0.093,0.51,0.325,-0.314,0.538,0.305,0.432,-0.25,-0.661,0.265,0.132,-0.399,1.0,0.069
21,y3,-0.371,0.163,-0.044,-0.467,-0.292,0.36,0.774,0.17,-0.222,-0.163,0.039,0.334,0.182,0.118,0.069,1.0
22,.,1.0,0.122,0.099,-0.115,-0.211,0.047,-0.712,-0.182,-0.376,0.331,0.423,-0.186,-0.194,-0.219,-0.677,-0.375
22,A1_1,0.122,1.0,0.097,-0.286,-0.47,0.472,0.002,-0.575,0.534,0.209,-0.573,0.029,0.117,-0.21,-0.029,0.164
22,A1_2,0.099,0.097,1.0,0.09,0.306,0.059,-0.042,-0.148,0.028,0.663,-0.296,0.402,0.232,0.151,0.093,-0.044
22,A1_3,-0.115,-0.286,0.09,1.0,0.055,-0.778,-0.038,0.121,0.459,0.019,-0.411,-0.01,0.367,-0.255,0.51,-0.466
22,B1_1,-0.211,-0.47,0.306,0.055,1.0,-0.216,-0.031,0.545,-0.206,0.089,0.16,-0.034,-0.199,0.129,0.324,-0.292
22,B1_2,0.047,0.472,0.059,-0.778,-0.216,1.0,0.193,-0.579,-0.12,0.341,0.093,0.101,-0.266,-0.09,-0.313,0.359
22,B1_3,-0.712,0.002,-0.042,-0.038,-0.031,0.193,1.0,0.192,0.099,-0.072,-0.221,0.381,0.338,-0.105,0.539,0.775
22,A2_1,-0.182,-0.575,-0.148,0.121,0.545,-0.579,0.192,1.0,-0.468,-0.515,0.318,0.12,0.026,0.094,0.304,0.17
22,A2_2,-0.376,0.534,0.028,0.459,-0.206,-0.12,0.099,-0.468,1.0,0.147,-0.825,-0.189,0.311,-0.091,0.432,-0.221
22,A2_3,0.331,0.209,0.663,0.019,0.089,0.341,-0.072,-0.515,0.147,1.0,-0.029,-0.0,0.204,-0.021,-0.25,-0.162
22,B2_1,0.423,-0.573,-0.296,-0.411,0.16,0.093,-0.221,0.318,-0.825,-0.029,1.0,-0.263,-0.342,0.214,-0.661,0.039
22,B2_2,-0.186,0.029,0.402,-0.01,-0.034,0.101,0.381,0.12,-0.189,-0.0,-0.263,1.0,0.572,0.004,0.265,0.333
22,B2_3,-0.194,0.117,0.232,0.367,-0.199,-0.266,0.338,0.026,0.311,0.204,-0.342,0.572,1.0,0.262,0.133,0.182
22,y1,-0.219,-0.21,0.151,-0.255,0.129,-0.09,-0.105,0.094,-0.091,-0.021,0.214,0.004,0.262,1.0,-0.399,0.117
22,y2,-0.677,-0.029,0.093,0.51,0.324,-0.313,0.539,0.304,0.432,-0.25,-0.661,0.265,0.133,-0.399,1.0,0.07
22,y3,-0.375,0.164,-0.044,-0.466,-0.292,0.359,0.775,0.17,-0.221,-0.162,0.039,0.333,0.182,0.117,0.07,1.0
23,.,1.0,0.12,0.099,-0.113,-0.209,0.045,-0.715,-0.182,-0.376,0.331,0.424,-0.189,-0.196,-0.218,-0.677,-0.378
23,A1_1,0.12,1.0,0.098,-0.286,-0.47,0.472,0.003,-0.575,0.534,0.21,-0.573,0.029,0.118,-0.21,-0.029,0.164
23,A1_2,0.099,0.098,1.0,0.091,0.304,0.059,-0.042,-0.149,0.028,0.663,-0.296,0.402,0.233,0.15,0.092,-0.043
23,A1_3,-0.113,-0.286,0.091,1.0,0.053,-0.778,-0.038,0.121,0.459,0.02,-0.412,-0.01,0.366,-0.254,0.51,-0.464
23,B1_1,-0.209,-0.47,0.304,0.053,1.0,-0.214,-0.03,0.544,-0.207,0.087,0.161,-0.033,-0.197,0.129,0.323,-0.293
23,B1_2,0.045,0.472,0.059,-0.778,-0.214,1.0,0.194,-0.578,-0.12,0.341,0.093,0.101,-0.266,-0.09,-0.313,0.359
23,B1_3,-0.715,0.003,-0.042,-0.038,-0.03,0.194,1.0,0.193,0.099,-0.072,-0.22,0.381,0.338,-0.104,0.539,0.775
