,,.,A1_1,A1_2,A1_3,B1_1,B1_2,B1_3,A2_1,A2_2,A2_3,B2_1,B2_2,B2_3,y1,y2,y3
0,.,0.049,0.042,0.025,0.033,0.046,0.058,0.033,0.114,0.024,0.111,0.075,0.086,0.062,0.067,0.017,0.158
0,A1_1,0.073,0.066,0.028,0.028,0.029,0.054,0.043,0.072,0.013,0.246,0.043,0.066,0.083,0.029,0.019,0.107
0,A1_2,0.069,0.047,0.029,0.057,0.027,0.056,0.087,0.036,0.022,0.164,0.024,0.061,0.061,0.058,0.028,0.172
0,A1_3,0.064,0.065,0.053,0.05,0.036,0.045,0.057,0.048,0.021,0.115,0.048,0.118,0.09,0.03,0.032,0.129
0,B1_1,0.125,0.069,0.09,0.031,0.036,0.051,0.022,0.031,0.038,0.149,0.064,0.063,0.097,0.039,0.011,0.084
0,B1_2,0.043,0.032,0.016,0.025,0.031,0.066,0.024,0.029,0.027,0.114,0.133,0.06,0.048,0.096,0.016,0.239
0,B1_3,0.1,0.054,0.047,0.019,0.041,0.074,0.017,0.024,0.035,0.106,0.172,0.066,0.057,0.03,0.027,0.131
0,A2_1,0.07,0.053,0.05,0.026,0.036,0.078,0.019,0.025,0.04,0.074,0.191,0.063,0.065,0.039,0.035,0.137
0,A2_2,0.046,0.053,0.032,0.021,0.025,0.089,0.032,0.034,0.026,0.178,0.176,0.031,0.069,0.057,0.031,0.101
0,A2_3,0.073,0.039,0.056,0.028,0.045,0.116,0.05,0.051,0.041,0.139,0.078,0.049,0.04,0.062,0.029,0.105
0,B2_1,0.058,0.041,0.031,0.041,0.071,0.081,0.028,0.062,0.049,0.108,0.075,0.075,0.045,0.054,0.027,0.154
0,B2_2,0.059,0.041,0.042,0.039,0.027,0.101,0.042,0.018,0.036,0.095,0.09,0.062,0.053,0.07,0.032,0.193
0,B2_3,0.062,0.049,0.035,0.027,0.029,0.075,0.026,0.021,0.034,0.105,0.167,0.053,0.064,0.055,0.032,0.166
0,y1,0.074,0.067,0.052,0.043,0.047,0.08,0.028,0.035,0.05,0.148,0.082,0.046,0.073,0.039,0.035,0.102
0,y2,0.059,0.045,0.043,0.023,0.021,0.093,0.03,0.017,0.028,0.103,0.179,0.051,0.062,0.062,0.028,0.157
0,y3,0.057,0.05,0.043,0.023,0.034,0.087,0.026,0.029,0.044,0.1,0.211,0.035,0.058,0.048,0.046,0.108
1,.,0.051,0.042,0.025,0.034,0.046,0.058,0.033,0.114,0.024,0.109,0.074,0.087,0.062,0.068,0.017,0.156
1,A1_1,0.078,0.066,0.028,0.028,0.03,0.054,0.044,0.073,0.013,0.238,0.042,0.067,0.083,0.03,0.019,0.107
1,A1_2,0.074,0.047,0.03,0.058,0.028,0.055,0.087,0.036,0.022,0.159,0.023,0.062,0.061,0.059,0.029,0.171
1,A1_3,0.067,0.065,0.054,0.05,0.037,0.044,0.057,0.048,0.021,0.111,0.047,0.12,0.09,0.03,0.032,0.127
1,B1_1,0.131,0.069,0.092,0.031,0.036,0.049,0.022,0.031,0.038,0.142,0.063,0.064,0.098,0.039,0.011,0.083
1,B1_2,0.046,0.033,0.016,0.025,0.031,0.065,0.024,0.03,0.027,0.113,0.133,0.06,0.049,0.097,0.016,0.235
1,B1_3,0.109,0.054,0.048,0.019,0.041,0.072,0.017,0.024,0.035,0.103,0.167,0.068,0.058,0.03,0.027,0.129
1,A2_1,0.076,0.054,0.051,0.026,0.036,0.077,0.019,0.025,0.04,0.072,0.185,0.064,0.066,0.039,0.035,0.135
1,A2_2,0.049,0.054,0.033,0.021,0.025,0.087,0.033,0.034,0.026,0.173,0.172,0.031,0.071,0.057,0.032,0.101
1,A2_3,0.079,0.039,0.056,0.028,0.045,0.114,0.051,0.051,0.041,0.135,0.076,0.049,0.04,0.062,0.03,0.103
1,B2_1,0.062,0.041,0.032,0.042,0.071,0.079,0.028,0.062,0.049,0.105,0.072,0.076,0.045,0.054,0.027,0.154
1,B2_2,0.064,0.042,0.043,0.04,0.027,0.1,0.042,0.018,0.036,0.092,0.088,0.062,0.054,0.07,0.033,0.189
1,B2_3,0.067,0.05,0.036,0.027,0.029,0.074,0.026,0.021,0.034,0.101,0.163,0.054,0.065,0.056,0.032,0.163
1,y1,0.079,0.068,0.053,0.043,0.047,0.078,0.028,0.036,0.049,0.143,0.08,0.047,0.075,0.039,0.035,0.101
1,y2,0.064,0.046,0.044,0.023,0.021,0.092,0.03,0.018,0.028,0.101,0.175,0.052,0.064,0.062,0.029,0.153
1,y3,0.063,0.051,0.044,0.023,0.035,0.086,0.026,0.029,0.043,0.098,0.206,0.036,0.059,0.049,0.046,0.107
2,.,0.053,0.042,0.025,0.034,0.046,0.058,0.033,0.115,0.025,0.107,0.072,0.087,0.063,0.068,0.017,0.154
2,A1_1,0.083,0.067,0.028,0.028,0.03,0.054,0.044,0.073,0.013,0.231,0.042,0.068,0.083,0.03,0.02,0.107
2,A1_2,0.079,0.047,0.03,0.058,0.028,0.055,0.087,0.036,0.022,0.154,0.023,0.063,0.062,0.059,0.029,0.168
2,A1_3,0.07,0.065,0.055,0.051,0.037,0.043,0.057,0.048,0.021,0.107,0.047,0.121,0.091,0.03,0.033,0.125
2,B1_1,0.136,0.069,0.094,0.031,0.036,0.048,0.022,0.03,0.038,0.136,0.063,0.065,0.099,0.039,0.011,0.083
2,B1_2,0.049,0.033,0.016,0.025,0.031,0.064,0.024,0.03,0.027,0.111,0.133,0.061,0.05,0.097,0.016,0.231
2,B1_3,0.118,0.054,0.048,0.019,0.042,0.071,0.017,0.024,0.035,0.1,0.162,0.069,0.058,0.03,0.027,0.126
2,A2_1,0.082,0.054,0.052,0.026,0.036,0.075,0.019,0.026,0.04,0.071,0.179,0.066,0.067,0.039,0.035,0.133
2,A2_2,0.052,0.055,0.033,0.022,0.025,0.086,0.033,0.034,0.026,0.169,0.17,0.032,0.072,0.058,0.033,0.101
2,A2_3,0.085,0.039,0.057,0.028,0.046,0.112,0.051,0.051,0.041,0.132,0.074,0.049,0.04,0.062,0.03,0.102
2,B2_1,0.066,0.042,0.032,0.043,0.071,0.078,0.028,0.062,0.049,0.102,0.071,0.077,0.046,0.054,0.028,0.153
2,B2_2,0.069,0.042,0.044,0.041,0.027,0.098,0.042,0.018,0.036,0.089,0.086,0.063,0.055,0.07,0.034,0.186
2,B2_3,0.072,0.05,0.037,0.027,0.029,0.073,0.027,0.021,0.035,0.098,0.16,0.055,0.066,0.056,0.033,0.161
2,y1,0.085,0.069,0.054,0.043,0.047,0.076,0.028,0.036,0.049,0.139,0.078,0.048,0.076,0.038,0.035,0.099
2,y2,0.069,0.047,0.045,0.023,0.021,0.09,0.031,0.018,0.028,0.098,0.171,0.052,0.065,0.062,0.029,0.149
2,y3,0.068,0.051,0.045,0.023,0.035,0.084,0.026,0.03,0.043,0.096,0.201,0.037,0.06,0.049,0.046,0.106
3,.,0.056,0.042,0.026,0.034,0.047,0.057,0.033,0.116,0.025,0.105,0.071,0.088,0.062,0.068,0.018,0.152
3,A1_1,0.087,0.067,0.028,0.029,0.03,0.053,0.045,0.073,0.013,0.223,0.041,0.068,0.083,0.031,0.021,0.107
3,A1_2,0.084,0.047,0.031,0.059,0.028,0.054,0.087,0.036,0.022,0.15,0.022,0.063,0.062,0.059,0.029,0.166
3,A1_3,0.073,0.065,0.056,0.051,0.037,0.042,0.057,0.047,0.021,0.104,0.046,0.122,0.091,0.03,0.033,0.123
3,B1_1,0.141,0.069,0.095,0.031,0.035,0.047,0.021,0.03,0.038,0.131,0.062,0.066,0.099,0.039,0.011,0.082
3,B1_2,0.053,0.033,0.017,0.025,0.032,0.063,0.024,0.031,0.027,0.109,0.132,0.062,0.051,0.098,0.017,0.227
3,B1_3,0.128,0.054,0.049,0.019,0.042,0.07,0.017,0.025,0.034,0.096,0.157,0.07,0.057,0.03,0.027,0.124
3,A2_1,0.089,0.055,0.052,0.027,0.036,0.074,0.019,0.026,0.04,0.069,0.173,0.067,0.068,0.039,0.035,0.132
3,A2_2,0.056,0.055,0.034,0.022,0.025,0.085,0.033,0.034,0.026,0.164,0.167,0.033,0.073,0.058,0.034,0.101
3,A2_3,0.09,0.039,0.058,0.029,0.046,0.11,0.051,0.051,0.042,0.128,0.073,0.049,0.04,0.062,0.031,0.101
3,B2_1,0.071,0.042,0.032,0.043,0.071,0.076,0.028,0.062,0.049,0.099,0.069,0.078,0.046,0.054,0.028,0.152
3,B2_2,0.074,0.043,0.045,0.042,0.027,0.097,0.042,0.018,0.036,0.086,0.084,0.064,0.056,0.071,0.034,0.183
3,B2_3,0.078,0.05,0.038,0.028,0.029,0.072,0.027,0.021,0.035,0.095,0.157,0.055,0.067,0.056,0.033,0.158
3,y1,0.091,0.069,0.055,0.043,0.047,0.074,0.028,0.036,0.048,0.134,0.077,0.049,0.077,0.038,0.035,0.098
3,y2,0.074,0.047,0.046,0.024,0.021,0.089,0.031,0.018,0.028,0.096,0.168,0.053,0.066,0.063,0.029,0.146
3,y3,0.074,0.051,0.046,0.024,0.035,0.083,0.026,0.03,0.043,0.094,0.196,0.038,0.06,0.049,0.046,0.105
4,.,0.058,0.042,0.026,0.034,0.047,0.057,0.033,0.116,0.025,0.104,0.07,0.088,0.062,0.069,0.018,0.151
4,A1_1,0.092,0.067,0.028,0.029,0.031,0.053,0.045,0.073,0.013,0.217,0.04,0.069,0.083,0.031,0.021,0.107
4,A1_2,0.09,0.047,0.031,0.059,0.028,0.054,0.087,0.036,0.023,0.146,0.022,0.063,0.062,0.059,0.03,0.165
4,A1_3,0.076,0.066,0.057,0.051,0.037,0.042,0.057,0.047,0.021,0.101,0.045,0.123,0.092,0.03,0.033,0.121
4,B1_1,0.147,0.069,0.097,0.031,0.035,0.046,0.021,0.03,0.038,0.127,0.061,0.067,0.1,0.039,0.011,0.082
4,B1_2,0.056,0.034,0.017,0.025,0.032,0.061,0.024,0.031,0.027,0.108,0.131,0.062,0.052,0.099,0.017,0.224
4,B1_3,0.138,0.054,0.049,0.019,0.042,0.068,0.017,0.025,0.034,0.094,0.152,0.071,0.057,0.03,0.028,0.122
4,A2_1,0.095,0.055,0.053,0.027,0.036,0.073,0.019,0.026,0.04,0.067,0.168,0.068,0.068,0.039,0.036,0.13
4,A2_2,0.059,0.056,0.034,0.023,0.025,0.084,0.034,0.034,0.026,0.16,0.165,0.033,0.074,0.059,0.035,0.1
4,A2_3,0.096,0.039,0.058,0.029,0.046,0.109,0.051,0.05,0.042,0.125,0.072,0.049,0.04,0.063,0.031,0.1
4,B2_1,0.075,0.042,0.033,0.044,0.071,0.075,0.028,0.061,0.049,0.096,0.068,0.079,0.046,0.054,0.029,0.151
4,B2_2,0.079,0.043,0.045,0.043,0.026,0.095,0.043,0.018,0.036,0.083,0.082,0.064,0.056,0.071,0.035,0.18
4,B2_3,0.084,0.051,0.039,0.028,0.029,0.071,0.027,0.021,0.035,0.092,0.154,0.056,0.068,0.057,0.033,0.156
4,y1,0.096,0.07,0.055,0.044,0.046,0.073,0.028,0.037,0.048,0.13,0.075,0.049,0.078,0.038,0.035,0.097
4,y2,0.08,0.048,0.047,0.024,0.021,0.088,0.031,0.018,0.028,0.094,0.164,0.053,0.067,0.063,0.03,0.143
4,y3,0.08,0.052,0.046,0.024,0.035,0.082,0.026,0.031,0.043,0.091,0.191,0.038,0.061,0.049,0.046,0.105
5,.,0.061,0.043,0.026,0.034,0.047,0.057,0.033,0.117,0.025,0.102,0.069,0.088,0.062,0.069,0.018,0.149
5,A1_1,0.097,0.067,0.029,0.029,0.031,0.052,0.046,0.073,0.013,0.21,0.04,0.069,0.083,0.032,0.022,0.107
5,A1_2,0.095,0.047,0.031,0.059,0.028,0.053,0.087,0.035,0.023,0.142,0.022,0.064,0.061,0.06,0.03,0.163
5,A1_3,0.08,0.066,0.058,0.051,0.037,0.041,0.057,0.047,0.021,0.098,0.045,0.124,0.092,0.03,0.034,0.12
5,B1_1,0.152,0.069,0.098,0.031,0.035,0.045,0.021,0.029,0.038,0.123,0.061,0.067,0.1,0.039,0.011,0.081
5,B1_2,0.059,0.034,0.017,0.025,0.032,0.061,0.024,0.032,0.027,0.107,0.13,0.063,0.052,0.099,0.017,0.22
5,B1_3,0.148,0.054,0.049,0.019,0.042,0.067,0.017,0.025,0.034,0.091,0.148,0.071,0.057,0.03,0.028,0.12
5,A2_1,0.102,0.055,0.054,0.027,0.036,0.072,0.019,0.026,0.04,0.065,0.163,0.069,0.068,0.039,0.036,0.128
5,A2_2,0.063,0.056,0.034,0.023,0.025,0.083,0.034,0.034,0.026,0.156,0.163,0.034,0.075,0.059,0.035,0.1
5,A2_3,0.102,0.039,0.058,0.029,0.046,0.107,0.051,0.05,0.042,0.121,0.071,0.049,0.04,0.063,0.032,0.1
5,B2_1,0.08,0.042,0.033,0.044,0.071,0.074,0.028,0.06,0.049,0.094,0.067,0.079,0.046,0.054,0.029,0.15
5,B2_2,0.085,0.043,0.046,0.043,0.026,0.094,0.042,0.018,0.037,0.08,0.081,0.064,0.056,0.071,0.036,0.177
5,B2_3,0.09,0.051,0.04,0.028,0.029,0.07,0.027,0.021,0.035,0.089,0.152,0.056,0.068,0.057,0.034,0.153
5,y1,0.102,0.07,0.056,0.044,0.046,0.072,0.027,0.037,0.048,0.126,0.075,0.05,0.079,0.039,0.035,0.096
5,y2,0.085,0.048,0.048,0.024,0.021,0.087,0.031,0.018,0.028,0.092,0.162,0.054,0.068,0.064,0.03,0.139
5,y3,0.086,0.052,0.047,0.024,0.035,0.08,0.026,0.031,0.043,0.089,0.187,0.039,0.061,0.05,0.046,0.104
6,.,0.063,0.043,0.027,0.034,0.048,0.056,0.033,0.117,0.025,0.101,0.068,0.088,0.062,0.069,0.018,0.148
6,A1_1,0.102,0.067,0.029,0.03,0.031,0.052,0.046,0.073,0.013,0.204,0.039,0.07,0.083,0.032,0.023,0.107
6,A1_2,0.1,0.047,0.032,0.059,0.029,0.052,0.087,0.035,0.023,0.138,0.021,0.064,0.061,0.06,0.03,0.161
6,A1_3,0.082,0.066,0.059,0.052,0.037,0.041,0.057,0.046,0.021,0.095,0.044,0.125,0.093,0.03,0.034,0.119
6,B1_1,0.157,0.069,0.099,0.031,0.035,0.044,0.021,0.029,0.038,0.119,0.061,0.068,0.101,0.038,0.011,0.08
6,B1_2,0.062,0.035,0.017,0.025,0.032,0.06,0.024,0.032,0.028,0.105,0.129,0.063,0.053,0.1,0.017,0.217
6,B1_3,0.157,0.054,0.05,0.019,0.042,0.066,0.017,0.025,0.034,0.088,0.145,0.072,0.057,0.03,0.028,0.118
6,A2_1,0.109,0.056,0.054,0.028,0.036,0.071,0.019,0.026,0.04,0.064,0.159,0.069,0.068,0.039,0.037,0.126
6,A2_2,0.066,0.057,0.034,0.023,0.025,0.082,0.034,0.034,0.026,0.152,0.162,0.034,0.076,0.06,0.036,0.1
6,A2_3,0.107,0.039,0.059,0.029,0.046,0.105,0.051,0.049,0.043,0.118,0.07,0.049,0.04,0.064,0.033,0.099
6,B2_1,0.084,0.042,0.033,0.044,0.071,0.074,0.028,0.06,0.05,0.091,0.066,0.079,0.045,0.054,0.03,0.148
6,B2_2,0.09,0.043,0.046,0.043,0.026,0.093,0.042,0.017,0.037,0.077,0.081,0.065,0.056,0.072,0.037,0.175
6,B2_3,0.096,0.051,0.041,0.028,0.029,0.069,0.027,0.021,0.036,0.086,0.151,0.056,0.068,0.057,0.034,0.15
6,y1,0.107,0.07,0.057,0.044,0.046,0.071,0.027,0.036,0.048,0.122,0.074,0.05,0.079,0.039,0.036,0.095
6,y2,0.09,0.048,0.049,0.024,0.021,0.086,0.032,0.019,0.028,0.09,0.16,0.054,0.069,0.064,0.031,0.136
6,y3,0.091,0.052,0.048,0.024,0.035,0.079,0.026,0.031,0.043,0.087,0.183,0.039,0.061,0.05,0.047,0.102
7,.,0.065,0.043,0.027,0.035,0.048,0.056,0.033,0.118,0.025,0.1,0.067,0.088,0.062,0.07,0.019,0.146
7,A1_1,0.107,0.066,0.029,0.03,0.031,0.051,0.047,0.073,0.013,0.198,0.039,0.07,0.082,0.033,0.023,0.107
7,A1_2,0.106,0.047,0.032,0.059,0.029,0.052,0.087,0.035,0.023,0.134,0.021,0.064,0.061,0.06,0.031,0.159
7,A1_3,0.086,0.066,0.059,0.052,0.037,0.04,0.057,0.046,0.021,0.092,0.044,0.125,0.093,0.03,0.035,0.117
7,B1_1,0.162,0.068,0.1,0.031,0.035,0.043,0.02,0.028,0.038,0.115,0.06,0.068,0.101,0.038,0.011,0.08
7,B1_2,0.066,0.035,0.018,0.025,0.032,0.059,0.024,0.032,0.028,0.103,0.128,0.064,0.054,0.1,0.017,0.215
7,B1_3,0.167,0.053,0.05,0.019,0.042,0.064,0.017,0.025,0.034,0.085,0.141,0.072,0.056,0.03,0.028,0.116
7,A2_1,0.116,0.056,0.054,0.028,0.037,0.069,0.019,0.026,0.04,0.062,0.155,0.07,0.069,0.038,0.037,0.125
7,A2_2,0.07,0.057,0.035,0.023,0.025,0.081,0.034,0.033,0.026,0.148,0.16,0.034,0.076,0.06,0.037,0.099
7,A2_3,0.113,0.039,0.059,0.029,0.046,0.104,0.051,0.048,0.043,0.114,0.07,0.048,0.039,0.064,0.034,0.098
7,B2_1,0.088,0.042,0.034,0.044,0.071,0.073,0.028,0.059,0.05,0.089,0.065,0.079,0.045,0.054,0.03,0.147
7,B2_2,0.095,0.043,0.046,0.044,0.026,0.091,0.042,0.017,0.037,0.075,0.08,0.064,0.056,0.072,0.037,0.172
7,B2_3,0.102,0.051,0.042,0.028,0.029,0.069,0.026,0.02,0.036,0.083,0.149,0.056,0.068,0.057,0.035,0.147
7,y1,0.112,0.07,0.057,0.044,0.046,0.07,0.027,0.036,0.048,0.118,0.074,0.05,0.08,0.039,0.036,0.094
7,y2,0.096,0.048,0.049,0.024,0.021,0.085,0.032,0.019,0.028,0.087,0.158,0.054,0.069,0.064,0.031,0.134
7,y3,0.096,0.052,0.048,0.024,0.035,0.078,0.026,0.032,0.043,0.085,0.18,0.039,0.061,0.05,0.048,0.101
8,.,0.067,0.043,0.027,0.035,0.048,0.055,0.033,0.118,0.025,0.098,0.066,0.088,0.062,0.07,0.019,0.145
8,A1_1,0.112,0.066,0.029,0.03,0.031,0.051,0.047,0.073,0.013,0.192,0.038,0.07,0.082,0.034,0.024,0.107
8,A1_2,0.111,0.047,0.032,0.059,0.029,0.051,0.086,0.034,0.023,0.13,0.021,0.064,0.061,0.06,0.031,0.158
8,A1_3,0.089,0.066,0.06,0.052,0.037,0.04,0.056,0.045,0.021,0.089,0.043,0.126,0.093,0.03,0.035,0.116
8,B1_1,0.167,0.068,0.101,0.031,0.035,0.042,0.02,0.028,0.038,0.112,0.06,0.069,0.101,0.038,0.011,0.079
8,B1_2,0.069,0.035,0.018,0.025,0.033,0.058,0.024,0.032,0.028,0.102,0.128,0.064,0.054,0.1,0.017,0.212
8,B1_3,0.176,0.053,0.05,0.019,0.042,0.063,0.017,0.025,0.034,0.082,0.137,0.072,0.056,0.03,0.029,0.114
8,A2_1,0.123,0.056,0.055,0.028,0.037,0.068,0.019,0.026,0.04,0.06,0.15,0.07,0.068,0.038,0.038,0.123
8,A2_2,0.073,0.058,0.035,0.024,0.025,0.08,0.034,0.033,0.027,0.144,0.158,0.035,0.077,0.06,0.039,0.099
8,A2_3,0.118,0.039,0.059,0.03,0.046,0.103,0.051,0.048,0.044,0.111,0.069,0.048,0.039,0.065,0.035,0.097
8,B2_1,0.093,0.043,0.034,0.045,0.071,0.072,0.028,0.058,0.051,0.086,0.064,0.079,0.045,0.054,0.031,0.145
8,B2_2,0.101,0.043,0.046,0.044,0.026,0.09,0.042,0.017,0.038,0.072,0.079,0.064,0.057,0.072,0.038,0.17
8,B2_3,0.108,0.051,0.042,0.029,0.029,0.068,0.026,0.02,0.037,0.081,0.147,0.056,0.068,0.057,0.035,0.145
8,y1,0.117,0.07,0.058,0.044,0.046,0.069,0.027,0.036,0.048,0.114,0.073,0.05,0.08,0.039,0.037,0.093
8,y2,0.101,0.049,0.05,0.024,0.021,0.085,0.032,0.019,0.028,0.085,0.156,0.054,0.07,0.065,0.032,0.131
8,y3,0.102,0.052,0.049,0.024,0.036,0.077,0.027,0.032,0.043,0.083,0.176,0.04,0.061,0.05,0.048,0.1
9,.,0.069,0.043,0.027,0.035,0.048,0.055,0.033,0.118,0.026,0.097,0.065,0.088,0.062,0.07,0.019,0.144
9,A1_1,0.117,0.066,0.029,0.031,0.032,0.051,0.047,0.072,0.013,0.187,0.038,0.07,0.081,0.034,0.025,0.107
9,A1_2,0.117,0.047,0.033,0.059,0.029,0.051,0.086,0.034,0.024,0.127,0.021,0.064,0.061,0.061,0.031,0.157
9,A1_3,0.093,0.066,0.061,0.052,0.037,0.039,0.056,0.045,0.021,0.087,0.043,0.126,0.093,0.03,0.035,0.115
9,B1_1,0.173,0.068,0.102,0.03,0.034,0.042,0.02,0.027,0.038,0.109,0.059,0.069,0.101,0.038,0.011,0.079
9,B1_2,0.072,0.036,0.018,0.025,0.033,0.058,0.024,0.033,0.028,0.101,0.127,0.064,0.055,0.1,0.017,0.209
9,B1_3,0.186,0.053,0.05,0.019,0.042,0.062,0.017,0.025,0.033,0.08,0.134,0.072,0.055,0.03,0.029,0.113
9,A2_1,0.13,0.056,0.055,0.029,0.037,0.067,0.019,0.025,0.04,0.059,0.147,0.071,0.068,0.038,0.038,0.122
9,A2_2,0.077,0.058,0.035,0.024,0.025,0.079,0.034,0.033,0.027,0.141,0.157,0.035,0.077,0.061,0.039,0.099
9,A2_3,0.124,0.039,0.059,0.029,0.046,0.101,0.051,0.047,0.044,0.108,0.068,0.048,0.039,0.065,0.035,0.096
9,B2_1,0.098,0.043,0.035,0.045,0.071,0.071,0.028,0.058,0.051,0.084,0.063,0.079,0.045,0.054,0.032,0.143
9,B2_2,0.107,0.043,0.047,0.044,0.026,0.089,0.042,0.017,0.038,0.07,0.078,0.064,0.057,0.073,0.039,0.167
9,B2_3,0.115,0.051,0.043,0.029,0.029,0.067,0.026,0.02,0.036,0.079,0.144,0.056,0.068,0.057,0.036,0.143
9,y1,0.123,0.07,0.058,0.044,0.045,0.068,0.027,0.036,0.047,0.111,0.072,0.051,0.08,0.039,0.037,0.092
9,y2,0.107,0.049,0.051,0.024,0.021,0.083,0.032,0.019,0.028,0.084,0.153,0.054,0.07,0.065,0.032,0.129
9,y3,0.108,0.052,0.049,0.024,0.035,0.076,0.026,0.032,0.043,0.081,0.172,0.04,0.061,0.051,0.048,0.099
10,.,0.071,0.043,0.027,0.035,0.048,0.055,0.034,0.118,0.026,0.096,0.064,0.088,0.062,0.071,0.019,0.143
10,A1_1,0.121,0.066,0.029,0.031,0.032,0.05,0.048,0.072,0.013,0.182,0.038,0.07,0.081,0.035,0.026,0.107
10,A1_2,0.123,0.047,0.033,0.059,0.029,0.051,0.085,0.034,0.024,0.124,0.02,0.064,0.06,0.061,0.031,0.155
10,A1_3,0.096,0.065,0.061,0.052,0.037,0.039,0.056,0.045,0.021,0.085,0.043,0.126,0.093,0.031,0.036,0.115
10,B1_1,0.178,0.067,0.102,0.03,0.034,0.041,0.02,0.027,0.038,0.107,0.059,0.069,0.101,0.038,0.011,0.078
10,B1_2,0.076,0.036,0.018,0.025,0.033,0.057,0.024,0.033,0.028,0.1,0.126,0.064,0.055,0.101,0.018,0.207
10,B1_3,0.195,0.052,0.049,0.019,0.042,0.061,0.017,0.025,0.033,0.078,0.131,0.072,0.054,0.03,0.029,0.111
10,A2_1,0.137,0.056,0.056,0.029,0.037,0.066,0.019,0.025,0.04,0.057,0.143,0.071,0.068,0.038,0.038,0.12
10,A2_2,0.081,0.058,0.035,0.024,0.026,0.078,0.034,0.033,0.027,0.137,0.156,0.035,0.078,0.061,0.04,0.098
10,A2_3,0.129,0.039,0.06,0.03,0.046,0.1,0.051,0.047,0.044,0.104,0.068,0.047,0.039,0.066,0.037,0.095
10,B2_1,0.102,0.043,0.035,0.045,0.071,0.071,0.028,0.057,0.052,0.082,0.063,0.078,0.045,0.055,0.032,0.142
10,B2_2,0.112,0.043,0.047,0.044,0.026,0.088,0.042,0.016,0.038,0.068,0.078,0.064,0.056,0.073,0.039,0.165
10,B2_3,0.121,0.051,0.044,0.029,0.029,0.066,0.026,0.02,0.037,0.076,0.143,0.056,0.068,0.057,0.036,0.14
10,y1,0.128,0.07,0.058,0.044,0.045,0.067,0.027,0.036,0.048,0.108,0.072,0.051,0.08,0.039,0.037,0.091
10,y2,0.112,0.049,0.051,0.024,0.021,0.083,0.032,0.019,0.028,0.081,0.152,0.054,0.07,0.065,0.033,0.126
10,y3,0.113,0.052,0.05,0.025,0.036,0.075,0.027,0.032,0.043,0.079,0.17,0.04,0.061,0.051,0.049,0.098
11,.,0.073,0.043,0.028,0.035,0.049,0.055,0.034,0.119,0.026,0.095,0.064,0.088,0.061,0.071,0.02,0.142
11,A1_1,0.126,0.066,0.029,0.031,0.032,0.05,0.048,0.072,0.014,0.177,0.037,0.071,0.081,0.035,0.026,0.107
11,A1_2,0.128,0.047,0.033,0.059,0.029,0.05,0.085,0.034,0.024,0.121,0.02,0.064,0.06,0.061,0.032,0.154
11,A1_3,0.099,0.065,0.061,0.052,0.037,0.039,0.056,0.044,0.021,0.083,0.042,0.127,0.093,0.031,0.036,0.114
11,B1_1,0.183,0.067,0.103,0.03,0.034,0.041,0.019,0.027,0.038,0.104,0.058,0.069,0.101,0.038,0.011,0.078
11,B1_2,0.079,0.036,0.018,0.025,0.033,0.056,0.024,0.033,0.028,0.099,0.125,0.065,0.055,0.101,0.018,0.204
11,B1_3,0.205,0.052,0.049,0.019,0.042,0.06,0.017,0.025,0.033,0.076,0.128,0.072,0.054,0.03,0.029,0.109
11,A2_1,0.144,0.056,0.056,0.029,0.037,0.065,0.019,0.025,0.04,0.055,0.14,0.071,0.068,0.038,0.039,0.118
11,A2_2,0.084,0.059,0.035,0.025,0.026,0.077,0.034,0.033,0.027,0.134,0.154,0.035,0.079,0.061,0.041,0.098
11,A2_3,0.134,0.039,0.06,0.03,0.046,0.098,0.051,0.046,0.044,0.102,0.067,0.047,0.038,0.066,0.037,0.095
11,B2_1,0.107,0.043,0.035,0.045,0.071,0.069,0.028,0.056,0.051,0.08,0.062,0.079,0.045,0.054,0.033,0.14
11,B2_2,0.118,0.043,0.047,0.045,0.026,0.087,0.042,0.016,0.038,0.066,0.076,0.064,0.056,0.073,0.04,0.163
11,B2_3,0.128,0.051,0.044,0.029,0.029,0.065,0.026,0.02,0.037,0.074,0.141,0.056,0.068,0.057,0.036,0.138
11,y1,0.133,0.07,0.059,0.044,0.045,0.066,0.026,0.036,0.047,0.105,0.071,0.051,0.081,0.039,0.038,0.09
11,y2,0.118,0.049,0.052,0.024,0.021,0.081,0.032,0.019,0.028,0.08,0.149,0.054,0.071,0.065,0.033,0.124
11,y3,0.12,0.053,0.05,0.025,0.036,0.074,0.027,0.032,0.043,0.078,0.166,0.04,0.061,0.051,0.049,0.097
12,.,0.076,0.043,0.028,0.035,0.049,0.054,0.034,0.118,0.026,0.094,0.063,0.088,0.061,0.071,0.02,0.141
12,A1_1,0.13,0.065,0.029,0.031,0.032,0.05,0.048,0.071,0.014,0.173,0.037,0.071,0.08,0.036,0.027,0.107
12,A1_2,0.133,0.046,0.033,0.059,0.029,0.05,0.085,0.033,0.024,0.118,0.02,0.064,0.059,0.062,0.032,0.152
12,A1_3,0.103,0.065,0.062,0.052,0.037,0.039,0.055,0.044,0.022,0.082,0.042,0.126,0.092,0.031,0.037,0.113
12,B1_1,0.189,0.067,0.103,0.03,0.034,0.04,0.019,0.026,0.038,0.102,0.058,0.069,0.1,0.037,0.011,0.077
12,B1_2,0.083,0.036,0.018,0.025,0.033,0.056,0.024,0.032,0.028,0.098,0.125,0.064,0.055,0.101,0.018,0.202
12,B1_3,0.215,0.051,0.049,0.019,0.042,0.059,0.017,0.024,0.033,0.073,0.125,0.072,0.053,0.031,0.03,0.108
12,A2_1,0.152,0.055,0.056,0.029,0.037,0.064,0.019,0.025,0.04,0.054,0.136,0.071,0.067,0.038,0.039,0.117
12,A2_2,0.088,0.059,0.035,0.025,0.026,0.076,0.034,0.032,0.027,0.131,0.153,0.035,0.078,0.062,0.042,0.097
12,A2_3,0.14,0.038,0.06,0.03,0.045,0.097,0.051,0.045,0.045,0.099,0.067,0.046,0.038,0.067,0.038,0.094
12,B2_1,0.112,0.043,0.036,0.045,0.071,0.069,0.028,0.055,0.052,0.078,0.062,0.078,0.044,0.054,0.034,0.138
12,B2_2,0.124,0.042,0.047,0.045,0.026,0.086,0.041,0.016,0.038,0.063,0.077,0.064,0.056,0.073,0.041,0.161
12,B2_3,0.135,0.051,0.045,0.028,0.029,0.065,0.026,0.019,0.037,0.072,0.14,0.055,0.068,0.057,0.037,0.135
12,y1,0.139,0.069,0.059,0.044,0.045,0.065,0.026,0.035,0.047,0.102,0.07,0.051,0.08,0.039,0.038,0.09
12,y2,0.123,0.049,0.052,0.024,0.021,0.081,0.032,0.019,0.028,0.078,0.148,0.053,0.07,0.065,0.034,0.122
12,y3,0.125,0.052,0.05,0.025,0.036,0.073,0.027,0.032,0.043,0.076,0.163,0.04,0.06,0.051,0.05,0.096
13,.,0.077,0.043,0.028,0.036,0.049,0.054,0.034,0.118,0.026,0.093,0.062,0.087,0.061,0.072,0.02,0.14
13,A1_1,0.134,0.065,0.029,0.032,0.032,0.049,0.049,0.07,0.014,0.168,0.036,0.071,0.079,0.037,0.028,0.107
13,A1_2,0.138,0.046,0.033,0.059,0.029,0.05,0.084,0.033,0.024,0.115,0.02,0.064,0.059,0.062,0.032,0.151
13,A1_3,0.106,0.065,0.062,0.052,0.037,0.038,0.055,0.043,0.022,0.08,0.042,0.126,0.092,0.031,0.037,0.112
13,B1_1,0.195,0.066,0.103,0.029,0.033,0.04,0.019,0.026,0.037,0.1,0.058,0.069,0.1,0.037,0.011,0.076
13,B1_2,0.086,0.036,0.019,0.025,0.033,0.056,0.024,0.033,0.028,0.097,0.124,0.064,0.055,0.102,0.018,0.2
13,B1_3,0.224,0.051,0.049,0.019,0.042,0.058,0.017,0.024,0.033,0.071,0.121,0.071,0.052,0.031,0.03,0.107
13,A2_1,0.159,0.055,0.056,0.029,0.037,0.063,0.019,0.024,0.04,0.053,0.133,0.072,0.067,0.038,0.04,0.116
13,A2_2,0.092,0.059,0.035,0.025,0.026,0.075,0.034,0.031,0.027,0.127,0.152,0.035,0.079,0.062,0.043,0.097
13,A2_3,0.145,0.038,0.059,0.03,0.045,0.096,0.051,0.044,0.045,0.096,0.067,0.046,0.038,0.067,0.039,0.094
13,B2_1,0.117,0.042,0.036,0.045,0.071,0.069,0.028,0.054,0.053,0.076,0.062,0.077,0.044,0.054,0.035,0.137
13,B2_2,0.129,0.042,0.047,0.045,0.026,0.085,0.041,0.016,0.039,0.061,0.076,0.063,0.056,0.073,0.042,0.159
13,B2_3,0.141,0.051,0.045,0.029,0.029,0.064,0.026,0.019,0.037,0.07,0.138,0.055,0.067,0.057,0.038,0.133
13,y1,0.143,0.069,0.059,0.044,0.045,0.065,0.026,0.035,0.048,0.1,0.07,0.051,0.08,0.04,0.038,0.089
13,y2,0.129,0.049,0.052,0.025,0.021,0.08,0.032,0.019,0.028,0.076,0.147,0.053,0.07,0.066,0.034,0.12
13,y3,0.131,0.052,0.051,0.025,0.036,0.072,0.026,0.032,0.043,0.074,0.16,0.04,0.06,0.051,0.051,0.095
14,.,0.079,0.043,0.028,0.036,0.049,0.054,0.034,0.118,0.026,0.092,0.061,0.087,0.061,0.072,0.02,0.139
14,A1_1,0.138,0.065,0.029,0.032,0.032,0.049,0.049,0.07,0.014,0.164,0.036,0.07,0.079,0.038,0.028,0.107
14,A1_2,0.144,0.046,0.033,0.059,0.03,0.049,0.084,0.032,0.024,0.113,0.02,0.064,0.058,0.063,0.032,0.149
14,A1_3,0.109,0.065,0.062,0.052,0.037,0.038,0.055,0.043,0.022,0.079,0.041,0.125,0.092,0.031,0.037,0.112
14,B1_1,0.201,0.066,0.103,0.029,0.033,0.04,0.019,0.025,0.037,0.098,0.057,0.069,0.1,0.037,0.011,0.076
14,B1_2,0.09,0.036,0.019,0.025,0.033,0.055,0.024,0.033,0.028,0.096,0.123,0.064,0.056,0.102,0.018,0.197
14,B1_3,0.234,0.05,0.048,0.019,0.042,0.057,0.017,0.024,0.032,0.069,0.118,0.071,0.052,0.031,0.03,0.105
14,A2_1,0.167,0.055,0.056,0.029,0.037,0.062,0.019,0.024,0.04,0.051,0.13,0.072,0.066,0.038,0.04,0.115
14,A2_2,0.096,0.059,0.036,0.025,0.026,0.074,0.034,0.031,0.027,0.125,0.151,0.036,0.079,0.062,0.044,0.097
14,A2_3,0.15,0.038,0.059,0.03,0.045,0.095,0.051,0.043,0.045,0.094,0.067,0.046,0.037,0.067,0.04,0.093
14,B2_1,0.122,0.042,0.036,0.045,0.071,0.068,0.028,0.053,0.053,0.074,0.061,0.077,0.043,0.054,0.035,0.135
14,B2_2,0.136,0.042,0.047,0.045,0.026,0.084,0.041,0.015,0.039,0.06,0.075,0.063,0.055,0.074,0.042,0.157
14,B2_3,0.149,0.05,0.046,0.028,0.029,0.064,0.025,0.019,0.038,0.068,0.136,0.055,0.067,0.057,0.038,0.131
14,y1,0.149,0.069,0.059,0.044,0.044,0.064,0.026,0.034,0.047,0.097,0.069,0.051,0.08,0.04,0.039,0.088
14,y2,0.135,0.049,0.052,0.025,0.021,0.079,0.032,0.019,0.028,0.075,0.145,0.053,0.07,0.066,0.035,0.118
14,y3,0.137,0.052,0.051,0.025,0.036,0.071,0.026,0.032,0.043,0.073,0.158,0.04,0.06,0.051,0.051,0.094
15,.,0.081,0.044,0.028,0.036,0.049,0.053,0.034,0.118,0.026,0.091,0.061,0.087,0.06,0.073,0.02,0.139
15,A1_1,0.142,0.064,0.029,0.032,0.032,0.049,0.05,0.069,0.014,0.16,0.036,0.07,0.078,0.038,0.029,0.107
15,A1_2,0.149,0.045,0.033,0.058,0.03,0.049,0.084,0.032,0.024,0.11,0.02,0.063,0.058,0.063,0.033,0.148
15,A1_3,0.112,0.064,0.062,0.052,0.037,0.038,0.055,0.042,0.022,0.077,0.041,0.125,0.091,0.032,0.038,0.111
15,B1_1,0.206,0.066,0.103,0.029,0.033,0.039,0.018,0.025,0.037,0.097,0.057,0.068,0.099,0.037,0.011,0.075
15,B1_2,0.094,0.037,0.019,0.025,0.033,0.055,0.024,0.032,0.028,0.095,0.122,0.064,0.056,0.103,0.018,0.195
15,B1_3,0.243,0.05,0.048,0.019,0.041,0.056,0.017,0.024,0.032,0.067,0.115,0.071,0.051,0.031,0.031,0.104
15,A2_1,0.174,0.054,0.056,0.029,0.037,0.061,0.019,0.024,0.04,0.05,0.126,0.072,0.065,0.038,0.041,0.113
15,A2_2,0.1,0.059,0.036,0.025,0.026,0.074,0.034,0.03,0.027,0.122,0.149,0.036,0.079,0.063,0.045,0.096
15,A2_3,0.155,0.038,0.059,0.03,0.045,0.094,0.05,0.043,0.046,0.091,0.066,0.045,0.037,0.068,0.041,0.092
15,B2_1,0.127,0.042,0.037,0.045,0.071,0.068,0.028,0.052,0.053,0.072,0.061,0.076,0.043,0.054,0.036,0.134
15,B2_2,0.141,0.041,0.047,0.045,0.026,0.083,0.041,0.015,0.039,0.058,0.075,0.063,0.055,0.074,0.043,0.155
15,B2_3,0.156,0.05,0.046,0.029,0.029,0.063,0.025,0.019,0.038,0.067,0.134,0.055,0.067,0.057,0.038,0.129
15,y1,0.154,0.069,0.059,0.044,0.044,0.063,0.026,0.034,0.047,0.095,0.068,0.051,0.079,0.04,0.039,0.088
15,y2,0.14,0.049,0.053,0.025,0.021,0.078,0.032,0.018,0.028,0.073,0.143,0.053,0.07,0.066,0.035,0.116
15,y3,0.142,0.052,0.051,0.025,0.036,0.071,0.026,0.032,0.043,0.071,0.155,0.041,0.06,0.052,0.051,0.093
16,.,0.083,0.044,0.028,0.036,0.049,0.053,0.034,0.118,0.026,0.09,0.06,0.087,0.06,0.073,0.021,0.138
16,A1_1,0.146,0.064,0.028,0.032,0.032,0.049,0.05,0.069,0.014,0.157,0.035,0.07,0.077,0.039,0.03,0.107
16,A1_2,0.154,0.045,0.034,0.058,0.03,0.049,0.083,0.032,0.024,0.108,0.019,0.063,0.057,0.064,0.033,0.147
16,A1_3,0.116,0.064,0.062,0.052,0.037,0.038,0.055,0.042,0.022,0.076,0.041,0.125,0.091,0.032,0.038,0.111
16,B1_1,0.213,0.065,0.103,0.028,0.033,0.039,0.018,0.025,0.037,0.095,0.056,0.068,0.099,0.037,0.011,0.075
16,B1_2,0.098,0.037,0.019,0.025,0.033,0.054,0.024,0.032,0.028,0.094,0.121,0.064,0.056,0.103,0.018,0.193
16,B1_3,0.252,0.049,0.048,0.019,0.041,0.055,0.017,0.024,0.032,0.066,0.112,0.071,0.05,0.031,0.031,0.103
16,A2_1,0.183,0.054,0.056,0.029,0.037,0.06,0.019,0.023,0.04,0.049,0.123,0.072,0.065,0.038,0.041,0.112
16,A2_2,0.104,0.059,0.036,0.025,0.026,0.073,0.033,0.03,0.027,0.119,0.148,0.036,0.079,0.063,0.046,0.096
16,A2_3,0.161,0.038,0.059,0.03,0.045,0.092,0.05,0.042,0.046,0.089,0.066,0.045,0.037,0.068,0.042,0.092
16,B2_1,0.133,0.042,0.037,0.045,0.071,0.067,0.028,0.051,0.054,0.071,0.06,0.076,0.043,0.054,0.037,0.132
16,B2_2,0.148,0.041,0.047,0.045,0.026,0.082,0.04,0.015,0.039,0.056,0.074,0.063,0.055,0.074,0.043,0.153
16,B2_3,0.163,0.05,0.046,0.028,0.029,0.062,0.025,0.018,0.038,0.065,0.131,0.055,0.066,0.057,0.038,0.127
16,y1,0.159,0.068,0.059,0.044,0.044,0.062,0.026,0.034,0.047,0.093,0.067,0.051,0.079,0.04,0.039,0.087
16,y2,0.147,0.049,0.053,0.025,0.021,0.077,0.032,0.018,0.028,0.072,0.14,0.053,0.07,0.066,0.035,0.115
16,y3,0.149,0.052,0.051,0.025,0.035,0.07,0.026,0.032,0.043,0.07,0.152,0.041,0.059,0.052,0.051,0.093
17,.,0.084,0.044,0.029,0.036,0.049,0.053,0.034,0.118,0.027,0.089,0.059,0.086,0.06,0.073,0.021,0.137
17,A1_1,0.149,0.064,0.028,0.033,0.033,0.048,0.051,0.068,0.014,0.153,0.035,0.07,0.077,0.039,0.031,0.107
17,A1_2,0.16,0.045,0.034,0.058,0.03,0.049,0.083,0.031,0.025,0.106,0.019,0.063,0.057,0.064,0.033,0.145
17,A1_3,0.119,0.064,0.062,0.051,0.037,0.038,0.055,0.041,0.022,0.075,0.04,0.124,0.09,0.032,0.038,0.11
17,B1_1,0.219,0.065,0.103,0.028,0.032,0.039,0.018,0.024,0.036,0.093,0.056,0.067,0.098,0.037,0.011,0.074
17,B1_2,0.102,0.037,0.019,0.025,0.033,0.054,0.024,0.032,0.028,0.093,0.12,0.064,0.056,0.103,0.019,0.191
17,B1_3,0.261,0.048,0.048,0.019,0.041,0.054,0.017,0.024,0.032,0.064,0.11,0.07,0.049,0.031,0.031,0.101
17,A2_1,0.19,0.054,0.056,0.03,0.036,0.06,0.019,0.023,0.04,0.047,0.12,0.072,0.064,0.038,0.042,0.11
17,A2_2,0.109,0.059,0.036,0.026,0.026,0.072,0.033,0.029,0.027,0.116,0.146,0.036,0.079,0.063,0.047,0.096
17,A2_3,0.166,0.037,0.059,0.03,0.044,0.091,0.05,0.041,0.046,0.087,0.065,0.044,0.036,0.069,0.042,0.091
17,B2_1,0.138,0.042,0.038,0.045,0.07,0.066,0.028,0.05,0.054,0.069,0.059,0.076,0.042,0.054,0.037,0.13
17,B2_2,0.154,0.041,0.047,0.045,0.026,0.081,0.04,0.015,0.039,0.055,0.073,0.062,0.054,0.074,0.044,0.15
17,B2_3,0.17,0.05,0.047,0.028,0.029,0.062,0.025,0.018,0.038,0.063,0.129,0.055,0.066,0.057,0.039,0.125
17,y1,0.164,0.068,0.059,0.043,0.044,0.062,0.026,0.034,0.046,0.091,0.067,0.051,0.079,0.04,0.039,0.086
17,y2,0.152,0.049,0.053,0.025,0.021,0.077,0.032,0.018,0.027,0.07,0.138,0.053,0.07,0.066,0.036,0.113
17,y3,0.155,0.051,0.051,0.025,0.035,0.069,0.026,0.031,0.043,0.069,0.149,0.041,0.059,0.052,0.052,0.092
18,.,0.086,0.044,0.029,0.036,0.049,0.053,0.034,0.118,0.027,0.089,0.059,0.086,0.06,0.074,0.021,0.136
18,A1_1,0.152,0.064,0.028,0.033,0.033,0.048,0.051,0.068,0.014,0.15,0.034,0.07,0.076,0.04,0.032,0.107
18,A1_2,0.164,0.045,0.034,0.058,0.03,0.048,0.083,0.031,0.025,0.104,0.019,0.062,0.057,0.064,0.034,0.144
18,A1_3,0.122,0.064,0.062,0.052,0.037,0.038,0.055,0.041,0.022,0.073,0.04,0.124,0.09,0.032,0.039,0.11
18,B1_1,0.223,0.065,0.103,0.028,0.032,0.038,0.018,0.024,0.036,0.092,0.055,0.067,0.098,0.037,0.011,0.073
18,B1_2,0.105,0.037,0.019,0.025,0.033,0.053,0.024,0.032,0.028,0.092,0.119,0.064,0.056,0.103,0.019,0.19
18,B1_3,0.269,0.048,0.047,0.019,0.041,0.053,0.017,0.023,0.032,0.062,0.108,0.07,0.049,0.031,0.032,0.1
18,A2_1,0.197,0.053,0.056,0.03,0.036,0.059,0.019,0.023,0.04,0.046,0.118,0.072,0.064,0.038,0.042,0.109
18,A2_2,0.112,0.059,0.036,0.026,0.026,0.072,0.033,0.029,0.028,0.114,0.145,0.036,0.079,0.063,0.048,0.095
18,A2_3,0.17,0.037,0.059,0.03,0.044,0.09,0.05,0.041,0.046,0.085,0.065,0.044,0.036,0.069,0.043,0.09
18,B2_1,0.143,0.042,0.038,0.045,0.07,0.066,0.028,0.05,0.054,0.068,0.059,0.075,0.042,0.054,0.038,0.129
18,B2_2,0.159,0.041,0.047,0.045,0.026,0.08,0.04,0.015,0.039,0.053,0.072,0.062,0.054,0.075,0.045,0.148
18,B2_3,0.177,0.049,0.047,0.028,0.029,0.061,0.025,0.018,0.038,0.062,0.127,0.054,0.066,0.057,0.039,0.123
18,y1,0.168,0.068,0.059,0.044,0.043,0.061,0.026,0.034,0.046,0.089,0.066,0.051,0.079,0.04,0.04,0.086
18,y2,0.158,0.048,0.054,0.025,0.021,0.076,0.032,0.018,0.028,0.069,0.136,0.053,0.07,0.066,0.036,0.111
18,y3,0.16,0.051,0.051,0.025,0.035,0.068,0.026,0.031,0.043,0.068,0.146,0.041,0.059,0.052,0.052,0.091
19,.,0.087,0.044,0.029,0.036,0.05,0.052,0.034,0.119,0.027,0.088,0.058,0.086,0.06,0.074,0.022,0.136
19,A1_1,0.155,0.063,0.028,0.033,0.033,0.048,0.052,0.067,0.014,0.147,0.034,0.07,0.076,0.041,0.033,0.107
19,A1_2,0.168,0.044,0.034,0.058,0.03,0.048,0.083,0.03,0.025,0.102,0.019,0.062,0.056,0.065,0.034,0.143
19,A1_3,0.125,0.063,0.062,0.051,0.037,0.038,0.055,0.04,0.022,0.072,0.04,0.123,0.089,0.033,0.039,0.11
19,B1_1,0.23,0.064,0.102,0.027,0.032,0.038,0.018,0.023,0.036,0.09,0.055,0.067,0.097,0.036,0.011,0.072
19,B1_2,0.108,0.037,0.019,0.025,0.033,0.053,0.024,0.032,0.028,0.091,0.118,0.064,0.056,0.104,0.019,0.188
19,B1_3,0.277,0.047,0.047,0.019,0.041,0.053,0.017,0.023,0.032,0.061,0.105,0.069,0.048,0.031,0.032,0.099
19,A2_1,0.204,0.053,0.056,0.03,0.036,0.058,0.019,0.023,0.04,0.045,0.115,0.071,0.063,0.038,0.043,0.108
19,A2_2,0.116,0.059,0.036,0.026,0.026,0.071,0.033,0.029,0.028,0.111,0.144,0.036,0.079,0.064,0.049,0.095
19,A2_3,0.174,0.037,0.059,0.03,0.044,0.089,0.05,0.04,0.047,0.083,0.065,0.043,0.036,0.07,0.044,0.09
19,B2_1,0.147,0.042,0.038,0.045,0.07,0.065,0.028,0.049,0.055,0.066,0.058,0.074,0.041,0.054,0.039,0.127
19,B2_2,0.165,0.04,0.046,0.045,0.026,0.079,0.04,0.014,0.039,0.052,0.072,0.061,0.054,0.075,0.045,0.147
19,B2_3,0.184,0.049,0.047,0.028,0.028,0.06,0.025,0.018,0.038,0.06,0.126,0.054,0.065,0.057,0.039,0.121
19,y1,0.173,0.068,0.059,0.044,0.043,0.06,0.025,0.033,0.047,0.087,0.066,0.051,0.079,0.04,0.04,0.085
19,y2,0.163,0.048,0.054,0.025,0.021,0.075,0.032,0.018,0.028,0.067,0.135,0.052,0.07,0.066,0.037,0.11
19,y3,0.165,0.051,0.051,0.025,0.035,0.067,0.026,0.031,0.043,0.066,0.144,0.041,0.058,0.052,0.053,0.09
20,.,0.088,0.044,0.029,0.037,0.05,0.052,0.034,0.118,0.027,0.087,0.057,0.086,0.059,0.075,0.022,0.135
20,A1_1,0.158,0.063,0.028,0.034,0.033,0.048,0.052,0.067,0.014,0.143,0.034,0.069,0.075,0.042,0.034,0.107
20,A1_2,0.173,0.044,0.034,0.058,0.03,0.048,0.083,0.03,0.025,0.1,0.019,0.061,0.055,0.065,0.034,0.141
20,A1_3,0.128,0.063,0.062,0.051,0.037,0.038,0.055,0.04,0.022,0.071,0.04,0.122,0.089,0.033,0.04,0.109
20,B1_1,0.236,0.064,0.102,0.027,0.032,0.038,0.017,0.023,0.036,0.089,0.055,0.066,0.096,0.036,0.011,0.072
20,B1_2,0.112,0.037,0.019,0.025,0.033,0.053,0.024,0.032,0.028,0.09,0.118,0.063,0.056,0.104,0.019,0.186
20,B1_3,0.284,0.047,0.046,0.019,0.041,0.052,0.017,0.023,0.032,0.059,0.103,0.069,0.047,0.032,0.033,0.098
20,A2_1,0.21,0.052,0.055,0.03,0.036,0.057,0.019,0.022,0.04,0.044,0.113,0.071,0.062,0.038,0.043,0.107
20,A2_2,0.119,0.059,0.036,0.026,0.026,0.07,0.033,0.028,0.028,0.109,0.143,0.036,0.079,0.064,0.05,0.094
20,A2_3,0.177,0.037,0.058,0.03,0.044,0.088,0.05,0.04,0.047,0.081,0.065,0.043,0.035,0.07,0.046,0.089
20,B2_1,0.151,0.041,0.038,0.045,0.07,0.065,0.028,0.048,0.056,0.065,0.058,0.074,0.041,0.054,0.04,0.126
20,B2_2,0.17,0.04,0.046,0.045,0.026,0.078,0.04,0.014,0.04,0.05,0.072,0.061,0.053,0.075,0.046,0.145
20,B2_3,0.19,0.049,0.048,0.028,0.028,0.06,0.025,0.018,0.038,0.058,0.124,0.054,0.064,0.057,0.04,0.119
20,y1,0.177,0.067,0.059,0.044,0.043,0.06,0.025,0.033,0.047,0.084,0.065,0.051,0.078,0.041,0.041,0.085
20,y2,0.168,0.048,0.054,0.025,0.021,0.074,0.032,0.018,0.028,0.065,0.134,0.052,0.07,0.067,0.038,0.108
20,y3,0.169,0.051,0.052,0.025,0.035,0.067,0.026,0.031,0.043,0.065,0.142,0.04,0.058,0.052,0.054,0.089
21,.,0.089,0.044,0.029,0.037,0.05,0.052,0.035,0.119,0.027,0.086,0.057,0.086,0.059,0.075,0.022,0.134
21,A1_1,0.16,0.063,0.028,0.034,0.033,0.047,0.053,0.066,0.014,0.14,0.034,0.069,0.074,0.042,0.035,0.107
21,A1_2,0.177,0.044,0.034,0.057,0.03,0.048,0.082,0.03,0.025,0.098,0.019,0.061,0.055,0.066,0.035,0.14
21,A1_3,0.131,0.063,0.062,0.051,0.037,0.038,0.055,0.04,0.022,0.069,0.039,0.122,0.088,0.033,0.041,0.109
21,B1_1,0.241,0.064,0.102,0.027,0.032,0.038,0.017,0.023,0.036,0.087,0.054,0.066,0.096,0.036,0.011,0.071
21,B1_2,0.115,0.037,0.019,0.025,0.033,0.053,0.024,0.031,0.028,0.089,0.118,0.063,0.056,0.105,0.019,0.185
21,B1_3,0.292,0.046,0.046,0.019,0.041,0.051,0.017,0.023,0.032,0.057,0.101,0.068,0.046,0.032,0.033,0.096
21,A2_1,0.217,0.052,0.055,0.03,0.036,0.057,0.019,0.022,0.04,0.043,0.11,0.071,0.062,0.038,0.044,0.105
21,A2_2,0.123,0.059,0.036,0.026,0.026,0.07,0.033,0.028,0.028,0.107,0.141,0.036,0.079,0.064,0.051,0.094
21,A2_3,0.182,0.037,0.058,0.03,0.044,0.087,0.05,0.039,0.047,0.079,0.064,0.042,0.035,0.071,0.046,0.089
21,B2_1,0.156,0.042,0.038,0.045,0.07,0.064,0.028,0.048,0.055,0.064,0.057,0.073,0.041,0.054,0.04,0.125
21,B2_2,0.176,0.04,0.046,0.045,0.026,0.077,0.04,0.014,0.039,0.049,0.071,0.061,0.053,0.075,0.046,0.143
21,B2_3,0.197,0.048,0.048,0.028,0.028,0.059,0.025,0.018,0.038,0.057,0.121,0.054,0.064,0.057,0.04,0.117
21,y1,0.181,0.067,0.059,0.044,0.043,0.059,0.025,0.033,0.046,0.083,0.064,0.051,0.079,0.041,0.041,0.084
21,y2,0.173,0.048,0.054,0.025,0.02,0.073,0.032,0.018,0.027,0.064,0.131,0.052,0.07,0.067,0.038,0.107
21,y3,0.175,0.051,0.051,0.025,0.035,0.066,0.026,0.031,0.043,0.064,0.139,0.041,0.058,0.053,0.054,0.089
22,.,0.09,0.044,0.029,0.037,0.05,0.052,0.035,0.119,0.027,0.086,0.056,0.085,0.059,0.075,0.022,0.133
22,A1_1,0.162,0.062,0.028,0.034,0.033,0.047,0.053,0.066,0.014,0.138,0.033,0.069,0.074,0.043,0.036,0.108
22,A1_2,0.18,0.044,0.034,0.058,0.03,0.047,0.083,0.029,0.025,0.096,0.019,0.061,0.055,0.066,0.035,0.139
22,A1_3,0.133,0.062,0.062,0.052,0.037,0.038,0.055,0.039,0.022,0.068,0.039,0.122,0.088,0.034,0.041,0.108
22,B1_1,0.246,0.063,0.101,0.027,0.031,0.037,0.017,0.023,0.036,0.086,0.054,0.065,0.096,0.036,0.011,0.07
22,B1_2,0.118,0.037,0.019,0.025,0.033,0.052,0.024,0.031,0.028,0.088,0.116,0.063,0.056,0.105,0.02,0.183
22,B1_3,0.299,0.046,0.046,0.019,0.041,0.05,0.017,0.023,0.032,0.056,0.099,0.068,0.046,0.032,0.033,0.095
22,A2_1,0.223,0.052,0.055,0.03,0.036,0.056,0.019,0.022,0.04,0.042,0.108,0.071,0.061,0.038,0.045,0.104
22,A2_2,0.126,0.059,0.036,0.027,0.026,0.069,0.033,0.028,0.028,0.105,0.139,0.036,0.079,0.064,0.052,0.093
22,A2_3,0.185,0.036,0.058,0.03,0.044,0.086,0.05,0.038,0.047,0.078,0.064,0.042,0.035,0.071,0.048,0.088
22,B2_1,0.16,0.041,0.039,0.045,0.07,0.064,0.028,0.047,0.056,0.062,0.057,0.073,0.04,0.054,0.041,0.123
22,B2_2,0.181,0.039,0.045,0.045,0.026,0.076,0.039,0.014,0.04,0.048,0.07,0.06,0.053,0.075,0.047,0.142
22,B2_3,0.203,0.048,0.048,0.028,0.028,0.059,0.025,0.017,0.038,0.056,0.12,0.053,0.064,0.057,0.041,0.116
22,y1,0.184,0.067,0.059,0.044,0.043,0.058,0.025,0.033,0.046,0.081,0.063,0.05,0.079,0.041,0.042,0.083
22,y2,0.178,0.048,0.054,0.025,0.02,0.073,0.032,0.018,0.028,0.063,0.129,0.052,0.07,0.067,0.039,0.106
22,y3,0.179,0.051,0.051,0.025,0.035,0.065,0.026,0.031,0.043,0.063,0.137,0.04,0.058,0.053,0.055,0.088
23,.,0.091,0.044,0.029,0.037,0.05,0.051,0.035,0.12,0.027,0.085,0.056,0.085,0.059,0.076,0.023,0.133
23,A1_1,0.163,0.062,0.027,0.035,0.033,0.047,0.054,0.065,0.014,0.136,0.033,0.069,0.073,0.044,0.037,0.108
23,A1_2,0.183,0.043,0.034,0.058,0.03,0.047,0.083,0.029,0.025,0.095,0.018,0.06,0.054,0.067,0.036,0.138
23,A1_3,0.136,0.062,0.062,0.052,0.037,0.037,0.056,0.039,0.022,0.067,0.039,0.121,0.087,0.034,0.042,0.108
23,B1_1,0.251,0.063,0.101,0.027,0.031,0.037,0.017,0.022,0.036,0.085,0.053,0.065,0.095,0.036,0.011,0.07
23,B1_2,0.121,0.037,0.019,0.025,0.033,0.052,0.024,0.031,0.028,0.087,0.116,0.063,0.056,0.105,0.02,0.182
23,B1_3,0.306,0.045,0.045,0.019,0.04,0.05,0.017,0.023,0.031,0.055,0.097,0.067,0.045,0.032,0.034,0.094
23,A2_1,0.229,0.051,0.055,0.03,0.036,0.055,0.019,0.022,0.04,0.041,0.105,0.07,0.061,0.038,0.045,0.103
23,A2_2,0.129,0.059,0.036,0.027,0.026,0.068,0.033,0.028,0.028,0.103,0.138,0.036,0.079,0.065,0.053,0.093
23,A2_3,0.188,0.036,0.057,0.03,0.043,0.085,0.05,0.038,0.047,0.076,0.063,0.041,0.035,0.072,0.048,0.088
23,B2_1,0.165,0.041,0.039,0.045,0.07,0.063,0.028,0.046,0.056,0.061,0.056,0.072,0.04,0.054,0.042,0.122
23,B2_2,0.187,0.039,0.045,0.045,0.026,0.075,0.039,0.014,0.04,0.047,0.069,0.06,0.053,0.075,0.048,0.14
23,B2_3,0.209,0.048,0.048,0.028,0.028,0.058,0.025,0.017,0.038,0.055,0.118,0.053,0.064,0.057,0.041,0.114
23,y1,0.188,0.067,0.059,0.044,0.043,0.058,0.025,0.033,0.046,0.08,0.063,0.051,0.079,0.041,0.042,0.083
23,y2,0.183,0.048,0.054,0.025,0.02,0.072,0.032,0.018,0.027,0.062,0.127,0.052,0.069,0.067,0.039,0.105
23,y3,0.184,0.051,0.051,0.025,0.035,0.064,0.026,0.031,0.043,0.062,0.134,0.04,0.058,0.053,0.055,0.088
24,.,0.091,0.044,0.029,0.037,0.05,0.051,0.035,0.12,0.027,0.085,0.055,0.085,0.059,0.076,0.023,0.132
24,A1_1,0.165,0.062,0.027,0.035,0.033,0.047,0.055,0.065,0.014,0.133,0.032,0.068,0.073,0.045,0.038,0.108
24,A1_2,0.187,0.043,0.033,0.058,0.03,0.047,0.083,0.029,0.025,0.094,0.018,0.06,0.054,0.067,0.036,0.136
24,A1_3,0.138,0.062,0.061,0.052,0.037,0.037,0.056,0.038,0.022,0.066,0.038,0.121,0.086,0.034,0.043,0.108
24,B1_1,0.256,0.063,0.101,0.027,0.031,0.037,0.017,0.022,0.036,0.084,0.053,0.064,0.095,0.036,0.011,0.069
24,B1_2,0.125,0.037,0.019,0.025,0.033,0.052,0.024,0.031,0.028,0.086,0.115,0.062,0.056,0.106,0.02,0.181
24,B1_3,0.312,0.045,0.045,0.019,0.04,0.049,0.017,0.022,0.031,0.054,0.095,0.067,0.045,0.032,0.034,0.093
24,A2_1,0.235,0.051,0.054,0.03,0.036,0.054,0.019,0.022,0.039,0.04,0.103,0.07,0.06,0.038,0.046,0.102
24,A2_2,0.132,0.059,0.036,0.027,0.026,0.068,0.033,0.027,0.028,0.101,0.136,0.036,0.079,0.065,0.054,0.093
