,,.,A1_1,A1_2,A1_3,B1_1,B1_2,B1_3,A2_1,A2_2,A2_3,B2_1,B2_2,B2_3,y1,y2,y3
0,.,1.0,0.871,0.683,0.644,0.48,0.851,0.78,0.803,0.764,0.814,0.811,0.771,0.796,0.783,0.781,0.797
0,A1_1,0.871,1.0,0.779,0.751,0.686,0.926,0.877,0.824,0.949,0.915,0.768,0.785,0.857,0.839,0.896,0.827
0,A1_2,0.683,0.779,1.0,0.762,0.822,0.716,0.568,0.738,0.795,0.924,0.657,0.651,0.555,0.665,0.685,0.524
0,A1_3,0.644,0.751,0.762,1.0,0.751,0.513,0.576,0.866,0.9,0.701,0.473,0.536,0.69,0.701,0.778,0.563
0,B1_1,0.48,0.686,0.822,0.751,1.0,0.535,0.56,0.786,0.761,0.76,0.545,0.554,0.5,0.524,0.709,0.396
0,B1_2,0.851,0.926,0.716,0.513,0.535,1.0,0.865,0.682,0.785,0.867,0.825,0.842,0.815,0.835,0.782,0.871
0,B1_3,0.78,0.877,0.568,0.576,0.56,0.865,1.0,0.772,0.786,0.753,0.787,0.869,0.885,0.71,0.884,0.881
0,A2_1,0.803,0.824,0.738,0.866,0.786,0.682,0.772,1.0,0.856,0.792,0.795,0.656,0.742,0.796,0.797,0.7
0,A2_2,0.764,0.949,0.795,0.9,0.761,0.785,0.786,0.856,1.0,0.854,0.624,0.69,0.835,0.821,0.895,0.753
0,A2_3,0.814,0.915,0.924,0.701,0.76,0.867,0.753,0.792,0.854,1.0,0.828,0.698,0.646,0.738,0.753,0.648
0,B2_1,0.811,0.768,0.657,0.473,0.545,0.825,0.787,0.795,0.624,0.828,1.0,0.649,0.577,0.739,0.583,0.679
0,B2_2,0.771,0.785,0.651,0.536,0.554,0.842,0.869,0.656,0.69,0.698,0.649,1.0,0.879,0.64,0.887,0.844
0,B2_3,0.796,0.857,0.555,0.69,0.5,0.815,0.885,0.742,0.835,0.646,0.577,0.879,1.0,0.801,0.922,0.955
0,y1,0.783,0.839,0.665,0.701,0.524,0.835,0.71,0.796,0.821,0.738,0.739,0.64,0.801,1.0,0.672,0.869
0,y2,0.781,0.896,0.685,0.778,0.709,0.782,0.884,0.797,0.895,0.753,0.583,0.887,0.922,0.672,1.0,0.801
0,y3,0.797,0.827,0.524,0.563,0.396,0.871,0.881,0.7,0.753,0.648,0.679,0.844,0.955,0.869,0.801,1.0
1,.,1.0,0.873,0.688,0.647,0.477,0.848,0.774,0.804,0.764,0.817,0.809,0.76,0.784,0.78,0.778,0.791
1,A1_1,0.873,1.0,0.778,0.746,0.674,0.927,0.873,0.819,0.945,0.914,0.764,0.779,0.85,0.835,0.894,0.825
1,A1_2,0.688,0.778,1.0,0.76,0.813,0.713,0.56,0.738,0.792,0.924,0.65,0.645,0.549,0.67,0.688,0.526
1,A1_3,0.647,0.746,0.76,1.0,0.74,0.507,0.567,0.866,0.902,0.698,0.469,0.527,0.689,0.701,0.777,0.558
1,B1_1,0.477,0.674,0.813,0.74,1.0,0.526,0.551,0.78,0.749,0.749,0.537,0.551,0.494,0.521,0.71,0.392
1,B1_2,0.848,0.927,0.713,0.507,0.526,1.0,0.864,0.677,0.778,0.866,0.82,0.837,0.807,0.829,0.781,0.871
1,B1_3,0.774,0.873,0.56,0.567,0.551,0.864,1.0,0.764,0.776,0.747,0.785,0.867,0.878,0.702,0.881,0.879
1,A2_1,0.804,0.819,0.738,0.866,0.78,0.677,0.764,1.0,0.854,0.788,0.795,0.649,0.737,0.799,0.795,0.698
1,A2_2,0.764,0.945,0.792,0.902,0.749,0.778,0.776,0.854,1.0,0.849,0.615,0.679,0.832,0.819,0.893,0.749
1,A2_3,0.817,0.914,0.924,0.698,0.749,0.866,0.747,0.788,0.849,1.0,0.819,0.691,0.636,0.739,0.753,0.648
1,B2_1,0.809,0.764,0.65,0.469,0.537,0.82,0.785,0.795,0.615,0.819,1.0,0.644,0.567,0.743,0.581,0.683
1,B2_2,0.76,0.779,0.645,0.527,0.551,0.837,0.867,0.649,0.679,0.691,0.644,1.0,0.872,0.631,0.885,0.842
1,B2_3,0.784,0.85,0.549,0.689,0.494,0.807,0.878,0.737,0.832,0.636,0.567,0.872,1.0,0.795,0.916,0.952
1,y1,0.78,0.835,0.67,0.701,0.521,0.829,0.702,0.799,0.819,0.739,0.743,0.631,0.795,1.0,0.666,0.866
1,y2,0.778,0.894,0.688,0.777,0.71,0.781,0.881,0.795,0.893,0.753,0.581,0.885,0.916,0.666,1.0,0.794
1,y3,0.791,0.825,0.526,0.558,0.392,0.871,0.879,0.698,0.749,0.648,0.683,0.842,0.952,0.866,0.794,1.0
2,.,1.0,0.874,0.694,0.65,0.475,0.845,0.769,0.806,0.764,0.82,0.806,0.751,0.774,0.776,0.776,0.785
2,A1_1,0.874,1.0,0.778,0.742,0.662,0.928,0.87,0.813,0.941,0.914,0.76,0.774,0.844,0.831,0.893,0.823
2,A1_2,0.694,0.778,1.0,0.758,0.803,0.711,0.555,0.738,0.79,0.925,0.644,0.641,0.544,0.675,0.692,0.529
2,A1_3,0.65,0.742,0.758,1.0,0.731,0.502,0.56,0.867,0.904,0.695,0.466,0.519,0.687,0.702,0.776,0.554
2,B1_1,0.475,0.662,0.803,0.731,1.0,0.518,0.545,0.775,0.739,0.739,0.531,0.548,0.49,0.519,0.712,0.39
2,B1_2,0.845,0.928,0.711,0.502,0.518,1.0,0.863,0.672,0.772,0.865,0.816,0.833,0.8,0.824,0.78,0.871
2,B1_3,0.769,0.87,0.555,0.56,0.545,0.863,1.0,0.757,0.768,0.741,0.784,0.865,0.872,0.695,0.878,0.878
2,A2_1,0.806,0.813,0.738,0.867,0.775,0.672,0.757,1.0,0.852,0.785,0.796,0.643,0.732,0.802,0.793,0.696
2,A2_2,0.764,0.941,0.79,0.904,0.739,0.772,0.768,0.852,1.0,0.845,0.607,0.67,0.829,0.816,0.891,0.744
2,A2_3,0.82,0.914,0.925,0.695,0.739,0.865,0.741,0.785,0.845,1.0,0.812,0.684,0.627,0.74,0.754,0.649
2,B2_1,0.806,0.76,0.644,0.466,0.531,0.816,0.784,0.796,0.607,0.812,1.0,0.64,0.56,0.746,0.58,0.688
2,B2_2,0.751,0.774,0.641,0.519,0.548,0.833,0.865,0.643,0.67,0.684,0.64,1.0,0.866,0.624,0.882,0.841
2,B2_3,0.774,0.844,0.544,0.687,0.49,0.8,0.872,0.732,0.829,0.627,0.56,0.866,1.0,0.789,0.911,0.948
2,y1,0.776,0.831,0.675,0.702,0.519,0.824,0.695,0.802,0.816,0.74,0.746,0.624,0.789,1.0,0.66,0.862
2,y2,0.776,0.893,0.692,0.776,0.712,0.78,0.878,0.793,0.891,0.754,0.58,0.882,0.911,0.66,1.0,0.789
2,y3,0.785,0.823,0.529,0.554,0.39,0.871,0.878,0.696,0.744,0.649,0.688,0.841,0.948,0.862,0.789,1.0
3,.,1.0,0.876,0.7,0.653,0.474,0.842,0.764,0.808,0.764,0.823,0.804,0.743,0.764,0.773,0.773,0.779
3,A1_1,0.876,1.0,0.777,0.738,0.652,0.929,0.867,0.809,0.937,0.914,0.757,0.77,0.839,0.827,0.891,0.822
3,A1_2,0.7,0.777,1.0,0.758,0.795,0.709,0.55,0.739,0.789,0.925,0.639,0.637,0.541,0.68,0.696,0.532
3,A1_3,0.653,0.738,0.758,1.0,0.722,0.497,0.554,0.867,0.906,0.693,0.464,0.512,0.686,0.702,0.776,0.55
3,B1_1,0.474,0.652,0.795,0.722,1.0,0.512,0.539,0.77,0.728,0.73,0.527,0.547,0.488,0.517,0.714,0.389
3,B1_2,0.842,0.929,0.709,0.497,0.512,1.0,0.862,0.668,0.767,0.864,0.812,0.83,0.794,0.82,0.779,0.871
3,B1_3,0.764,0.867,0.55,0.554,0.539,0.862,1.0,0.75,0.76,0.736,0.782,0.864,0.866,0.688,0.875,0.877
3,A2_1,0.808,0.809,0.739,0.867,0.77,0.668,0.75,1.0,0.85,0.782,0.797,0.638,0.728,0.804,0.791,0.694
3,A2_2,0.764,0.937,0.789,0.906,0.728,0.767,0.76,0.85,1.0,0.842,0.599,0.66,0.825,0.813,0.889,0.739
3,A2_3,0.823,0.914,0.925,0.693,0.73,0.864,0.736,0.782,0.842,1.0,0.805,0.679,0.62,0.742,0.755,0.65
3,B2_1,0.804,0.757,0.639,0.464,0.527,0.812,0.782,0.797,0.599,0.805,1.0,0.638,0.554,0.75,0.579,0.693
3,B2_2,0.743,0.77,0.637,0.512,0.547,0.83,0.864,0.638,0.66,0.679,0.638,1.0,0.861,0.618,0.88,0.841
3,B2_3,0.764,0.839,0.541,0.686,0.488,0.794,0.866,0.728,0.825,0.62,0.554,0.861,1.0,0.782,0.906,0.945
3,y1,0.773,0.827,0.68,0.702,0.517,0.82,0.688,0.804,0.813,0.742,0.75,0.618,0.782,1.0,0.656,0.859
3,y2,0.773,0.891,0.696,0.776,0.714,0.779,0.875,0.791,0.889,0.755,0.579,0.88,0.906,0.656,1.0,0.784
3,y3,0.779,0.822,0.532,0.55,0.389,0.871,0.877,0.694,0.739,0.65,0.693,0.841,0.945,0.859,0.784,1.0
4,.,1.0,0.877,0.705,0.656,0.473,0.839,0.758,0.81,0.763,0.826,0.802,0.734,0.753,0.769,0.771,0.773
4,A1_1,0.877,1.0,0.777,0.733,0.641,0.93,0.864,0.804,0.931,0.915,0.753,0.765,0.831,0.822,0.889,0.82
4,A1_2,0.705,0.777,1.0,0.757,0.786,0.706,0.544,0.74,0.787,0.925,0.633,0.632,0.537,0.685,0.699,0.534
4,A1_3,0.656,0.733,0.757,1.0,0.713,0.493,0.547,0.867,0.909,0.692,0.463,0.505,0.685,0.7,0.776,0.546
4,B1_1,0.473,0.641,0.786,0.713,1.0,0.505,0.533,0.766,0.718,0.72,0.523,0.546,0.486,0.514,0.716,0.388
4,B1_2,0.839,0.93,0.706,0.493,0.505,1.0,0.862,0.664,0.76,0.864,0.807,0.827,0.787,0.815,0.778,0.871
4,B1_3,0.758,0.864,0.544,0.547,0.533,0.862,1.0,0.743,0.75,0.73,0.781,0.863,0.86,0.681,0.872,0.876
4,A2_1,0.81,0.804,0.74,0.867,0.766,0.664,0.743,1.0,0.847,0.78,0.799,0.633,0.724,0.805,0.79,0.692
4,A2_2,0.763,0.931,0.787,0.909,0.718,0.76,0.75,0.847,1.0,0.837,0.591,0.649,0.822,0.809,0.887,0.733
4,A2_3,0.826,0.915,0.925,0.692,0.72,0.864,0.73,0.78,0.837,1.0,0.797,0.673,0.612,0.743,0.755,0.65
4,B2_1,0.802,0.753,0.633,0.463,0.523,0.807,0.781,0.799,0.591,0.797,1.0,0.635,0.548,0.755,0.578,0.699
4,B2_2,0.734,0.765,0.632,0.505,0.546,0.827,0.863,0.633,0.649,0.673,0.635,1.0,0.855,0.613,0.878,0.84
4,B2_3,0.753,0.831,0.537,0.685,0.486,0.787,0.86,0.724,0.822,0.612,0.548,0.855,1.0,0.777,0.901,0.941
4,y1,0.769,0.822,0.685,0.7,0.514,0.815,0.681,0.805,0.809,0.743,0.755,0.613,0.777,1.0,0.651,0.856
4,y2,0.771,0.889,0.699,0.776,0.716,0.778,0.872,0.79,0.887,0.755,0.578,0.878,0.901,0.651,1.0,0.779
4,y3,0.773,0.82,0.534,0.546,0.388,0.871,0.876,0.692,0.733,0.65,0.699,0.84,0.941,0.856,0.779,1.0
5,.,1.0,0.877,0.711,0.66,0.475,0.836,0.754,0.813,0.763,0.83,0.8,0.728,0.744,0.766,0.771,0.768
5,A1_1,0.877,1.0,0.777,0.731,0.632,0.932,0.862,0.8,0.928,0.915,0.75,0.762,0.826,0.819,0.887,0.82
5,A1_2,0.711,0.777,1.0,0.757,0.778,0.706,0.541,0.741,0.786,0.925,0.629,0.63,0.534,0.69,0.704,0.538
5,A1_3,0.66,0.731,0.757,1.0,0.705,0.491,0.544,0.867,0.911,0.69,0.464,0.501,0.684,0.701,0.777,0.543
5,B1_1,0.475,0.632,0.778,0.705,1.0,0.502,0.531,0.762,0.709,0.712,0.523,0.547,0.487,0.514,0.72,0.39
5,B1_2,0.836,0.932,0.706,0.491,0.502,1.0,0.861,0.661,0.755,0.864,0.803,0.824,0.782,0.811,0.778,0.872
5,B1_3,0.754,0.862,0.541,0.544,0.531,0.861,1.0,0.738,0.743,0.726,0.78,0.863,0.856,0.676,0.869,0.877
5,A2_1,0.813,0.8,0.741,0.867,0.762,0.661,0.738,1.0,0.845,0.778,0.802,0.629,0.721,0.807,0.79,0.691
5,A2_2,0.763,0.928,0.786,0.911,0.709,0.755,0.743,0.845,1.0,0.834,0.585,0.641,0.818,0.806,0.885,0.727
5,A2_3,0.83,0.915,0.925,0.69,0.712,0.864,0.726,0.778,0.834,1.0,0.791,0.669,0.606,0.745,0.757,0.653
5,B2_1,0.8,0.75,0.629,0.464,0.523,0.803,0.78,0.802,0.585,0.791,1.0,0.635,0.546,0.758,0.579,0.705
5,B2_2,0.728,0.762,0.63,0.501,0.547,0.824,0.863,0.629,0.641,0.669,0.635,1.0,0.851,0.609,0.876,0.841
5,B2_3,0.744,0.826,0.534,0.684,0.487,0.782,0.856,0.721,0.818,0.606,0.546,0.851,1.0,0.771,0.897,0.938
5,y1,0.766,0.819,0.69,0.701,0.514,0.811,0.676,0.807,0.806,0.745,0.758,0.609,0.771,1.0,0.648,0.854
5,y2,0.771,0.887,0.704,0.777,0.72,0.778,0.869,0.79,0.885,0.757,0.579,0.876,0.897,0.648,1.0,0.775
5,y3,0.768,0.82,0.538,0.543,0.39,0.872,0.877,0.691,0.727,0.653,0.705,0.841,0.938,0.854,0.775,1.0
6,.,1.0,0.878,0.716,0.661,0.474,0.833,0.75,0.814,0.761,0.832,0.798,0.721,0.734,0.762,0.769,0.763
6,A1_1,0.878,1.0,0.777,0.727,0.623,0.933,0.859,0.795,0.923,0.915,0.746,0.758,0.82,0.815,0.885,0.818
6,A1_2,0.716,0.777,1.0,0.755,0.77,0.706,0.538,0.741,0.784,0.925,0.626,0.626,0.53,0.694,0.706,0.54
6,A1_3,0.661,0.727,0.755,1.0,0.696,0.488,0.539,0.866,0.912,0.686,0.462,0.495,0.682,0.7,0.777,0.54
6,B1_1,0.474,0.623,0.77,0.696,1.0,0.498,0.528,0.758,0.7,0.702,0.522,0.546,0.486,0.513,0.722,0.391
6,B1_2,0.833,0.933,0.706,0.488,0.498,1.0,0.861,0.658,0.75,0.864,0.8,0.822,0.776,0.807,0.777,0.873
6,B1_3,0.75,0.859,0.538,0.539,0.528,0.861,1.0,0.733,0.736,0.722,0.779,0.863,0.853,0.672,0.867,0.878
6,A2_1,0.814,0.795,0.741,0.866,0.758,0.658,0.733,1.0,0.843,0.775,0.803,0.626,0.717,0.809,0.789,0.69
6,A2_2,0.761,0.923,0.784,0.912,0.7,0.75,0.736,0.843,1.0,0.83,0.578,0.632,0.813,0.802,0.882,0.722
6,A2_3,0.832,0.915,0.925,0.686,0.702,0.864,0.722,0.775,0.83,1.0,0.786,0.664,0.598,0.745,0.756,0.653
6,B2_1,0.798,0.746,0.626,0.462,0.522,0.8,0.779,0.803,0.578,0.786,1.0,0.636,0.543,0.761,0.579,0.709
6,B2_2,0.721,0.758,0.626,0.495,0.546,0.822,0.863,0.626,0.632,0.664,0.636,1.0,0.848,0.605,0.874,0.842
6,B2_3,0.734,0.82,0.53,0.682,0.486,0.776,0.853,0.717,0.813,0.598,0.543,0.848,1.0,0.765,0.892,0.935
6,y1,0.762,0.815,0.694,0.7,0.513,0.807,0.672,0.809,0.802,0.745,0.761,0.605,0.765,1.0,0.644,0.851
6,y2,0.769,0.885,0.706,0.777,0.722,0.777,0.867,0.789,0.882,0.756,0.579,0.874,0.892,0.644,1.0,0.772
6,y3,0.763,0.818,0.54,0.54,0.391,0.873,0.878,0.69,0.722,0.653,0.709,0.842,0.935,0.851,0.772,1.0
7,.,1.0,0.878,0.721,0.663,0.475,0.831,0.746,0.817,0.759,0.835,0.797,0.716,0.726,0.758,0.768,0.759
7,A1_1,0.878,1.0,0.777,0.723,0.615,0.934,0.857,0.792,0.919,0.914,0.743,0.755,0.815,0.811,0.883,0.818
7,A1_2,0.721,0.777,1.0,0.753,0.763,0.705,0.535,0.739,0.781,0.925,0.623,0.623,0.526,0.697,0.709,0.542
7,A1_3,0.663,0.723,0.753,1.0,0.686,0.486,0.535,0.864,0.913,0.682,0.46,0.49,0.679,0.697,0.777,0.536
7,B1_1,0.475,0.615,0.763,0.686,1.0,0.497,0.526,0.753,0.69,0.694,0.524,0.548,0.487,0.512,0.725,0.394
7,B1_2,0.831,0.934,0.705,0.486,0.497,1.0,0.861,0.657,0.745,0.864,0.797,0.82,0.773,0.804,0.776,0.874
7,B1_3,0.746,0.857,0.535,0.535,0.526,0.861,1.0,0.73,0.729,0.719,0.779,0.864,0.85,0.668,0.864,0.879
7,A2_1,0.817,0.792,0.739,0.864,0.753,0.657,0.73,1.0,0.84,0.772,0.806,0.623,0.715,0.809,0.788,0.69
7,A2_2,0.759,0.919,0.781,0.913,0.69,0.745,0.729,0.84,1.0,0.825,0.572,0.623,0.809,0.797,0.88,0.716
7,A2_3,0.835,0.914,0.925,0.682,0.694,0.864,0.719,0.772,0.825,1.0,0.782,0.66,0.591,0.745,0.756,0.654
7,B2_1,0.797,0.743,0.623,0.46,0.524,0.797,0.779,0.806,0.572,0.782,1.0,0.637,0.542,0.765,0.581,0.715
7,B2_2,0.716,0.755,0.623,0.49,0.548,0.82,0.864,0.623,0.623,0.66,0.637,1.0,0.845,0.602,0.871,0.844
7,B2_3,0.726,0.815,0.526,0.679,0.487,0.773,0.85,0.715,0.809,0.591,0.542,0.845,1.0,0.759,0.888,0.932
7,y1,0.758,0.811,0.697,0.697,0.512,0.804,0.668,0.809,0.797,0.745,0.765,0.602,0.759,1.0,0.64,0.848
7,y2,0.768,0.883,0.709,0.777,0.725,0.776,0.864,0.788,0.88,0.756,0.581,0.871,0.888,0.64,1.0,0.768
7,y3,0.759,0.818,0.542,0.536,0.394,0.874,0.879,0.69,0.716,0.654,0.715,0.844,0.932,0.848,0.768,1.0
8,.,1.0,0.878,0.725,0.665,0.475,0.828,0.742,0.819,0.757,0.837,0.795,0.709,0.716,0.753,0.767,0.754
8,A1_1,0.878,1.0,0.776,0.72,0.605,0.935,0.855,0.787,0.915,0.914,0.739,0.751,0.808,0.807,0.88,0.817
8,A1_2,0.725,0.776,1.0,0.751,0.754,0.705,0.531,0.738,0.778,0.925,0.619,0.619,0.52,0.699,0.711,0.543
8,A1_3,0.665,0.72,0.751,1.0,0.676,0.483,0.531,0.864,0.915,0.68,0.459,0.484,0.676,0.695,0.777,0.532
8,B1_1,0.475,0.605,0.754,0.676,1.0,0.495,0.524,0.747,0.68,0.685,0.525,0.55,0.486,0.509,0.726,0.395
8,B1_2,0.828,0.935,0.705,0.483,0.495,1.0,0.861,0.654,0.739,0.863,0.793,0.818,0.767,0.8,0.775,0.874
8,B1_3,0.742,0.855,0.531,0.531,0.524,0.861,1.0,0.725,0.721,0.715,0.778,0.865,0.846,0.662,0.862,0.879
8,A2_1,0.819,0.787,0.738,0.864,0.747,0.654,0.725,1.0,0.837,0.769,0.808,0.619,0.711,0.809,0.787,0.689
8,A2_2,0.757,0.915,0.778,0.915,0.68,0.739,0.721,0.837,1.0,0.82,0.564,0.612,0.803,0.791,0.877,0.709
8,A2_3,0.837,0.914,0.925,0.68,0.685,0.863,0.715,0.769,0.82,1.0,0.776,0.655,0.582,0.745,0.756,0.655
8,B2_1,0.795,0.739,0.619,0.459,0.525,0.793,0.778,0.808,0.564,0.776,1.0,0.637,0.54,0.767,0.58,0.72
8,B2_2,0.709,0.751,0.619,0.484,0.55,0.818,0.865,0.619,0.612,0.655,0.637,1.0,0.841,0.597,0.869,0.844
8,B2_3,0.716,0.808,0.52,0.676,0.486,0.767,0.846,0.711,0.803,0.582,0.54,0.841,1.0,0.752,0.883,0.928
8,y1,0.753,0.807,0.699,0.695,0.509,0.8,0.662,0.809,0.791,0.745,0.767,0.597,0.752,1.0,0.634,0.845
8,y2,0.767,0.88,0.711,0.777,0.726,0.775,0.862,0.787,0.877,0.756,0.58,0.869,0.883,0.634,1.0,0.764
8,y3,0.754,0.817,0.543,0.532,0.395,0.874,0.879,0.689,0.709,0.655,0.72,0.844,0.928,0.845,0.764,1.0
9,.,1.0,0.878,0.732,0.67,0.48,0.825,0.739,0.823,0.757,0.841,0.794,0.704,0.71,0.751,0.767,0.75
9,A1_1,0.878,1.0,0.777,0.719,0.598,0.936,0.853,0.784,0.911,0.915,0.736,0.749,0.804,0.803,0.879,0.817
9,A1_2,0.732,0.777,1.0,0.753,0.748,0.705,0.529,0.739,0.777,0.925,0.615,0.618,0.521,0.705,0.717,0.548
9,A1_3,0.67,0.719,0.753,1.0,0.67,0.483,0.529,0.864,0.917,0.684,0.463,0.482,0.677,0.696,0.78,0.531
9,B1_1,0.48,0.598,0.748,0.67,1.0,0.494,0.523,0.745,0.672,0.679,0.527,0.553,0.491,0.511,0.731,0.399
9,B1_2,0.825,0.936,0.705,0.483,0.494,1.0,0.861,0.652,0.733,0.864,0.789,0.817,0.762,0.796,0.775,0.875
9,B1_3,0.739,0.853,0.529,0.529,0.523,0.861,1.0,0.721,0.714,0.712,0.777,0.864,0.843,0.658,0.859,0.88
9,A2_1,0.823,0.784,0.739,0.864,0.745,0.652,0.721,1.0,0.835,0.769,0.812,0.617,0.709,0.811,0.788,0.689
9,A2_2,0.757,0.911,0.777,0.917,0.672,0.733,0.714,0.835,1.0,0.819,0.559,0.605,0.8,0.788,0.875,0.704
9,A2_3,0.841,0.915,0.925,0.684,0.679,0.864,0.712,0.769,0.819,1.0,0.769,0.653,0.582,0.749,0.76,0.659
9,B2_1,0.794,0.736,0.615,0.463,0.527,0.789,0.777,0.812,0.559,0.769,1.0,0.637,0.541,0.772,0.583,0.726
9,B2_2,0.704,0.749,0.618,0.482,0.553,0.817,0.864,0.617,0.605,0.653,0.637,1.0,0.838,0.595,0.866,0.845
9,B2_3,0.71,0.804,0.521,0.677,0.491,0.762,0.843,0.709,0.8,0.582,0.541,0.838,1.0,0.748,0.879,0.925
9,y1,0.751,0.803,0.705,0.696,0.511,0.796,0.658,0.811,0.788,0.749,0.772,0.595,0.748,1.0,0.633,0.843
9,y2,0.767,0.879,0.717,0.78,0.731,0.775,0.859,0.788,0.875,0.76,0.583,0.866,0.879,0.633,1.0,0.761
9,y3,0.75,0.817,0.548,0.531,0.399,0.875,0.88,0.689,0.704,0.659,0.726,0.845,0.925,0.843,0.761,1.0
10,.,1.0,0.877,0.736,0.672,0.483,0.823,0.737,0.825,0.755,0.844,0.793,0.7,0.704,0.747,0.767,0.746
10,A1_1,0.877,1.0,0.777,0.718,0.593,0.936,0.852,0.781,0.908,0.914,0.733,0.747,0.801,0.8,0.878,0.817
10,A1_2,0.736,0.777,1.0,0.751,0.741,0.706,0.529,0.739,0.775,0.925,0.615,0.616,0.519,0.707,0.72,0.55
10,A1_3,0.672,0.718,0.751,1.0,0.663,0.482,0.529,0.863,0.918,0.68,0.462,0.48,0.675,0.694,0.781,0.529
10,B1_1,0.483,0.593,0.741,0.663,1.0,0.496,0.524,0.742,0.666,0.672,0.533,0.557,0.494,0.511,0.733,0.404
10,B1_2,0.823,0.936,0.706,0.482,0.496,1.0,0.861,0.652,0.73,0.864,0.787,0.816,0.761,0.793,0.774,0.876
10,B1_3,0.737,0.852,0.529,0.529,0.524,0.861,1.0,0.719,0.71,0.71,0.778,0.866,0.844,0.655,0.857,0.882
10,A2_1,0.825,0.781,0.739,0.863,0.742,0.652,0.719,1.0,0.833,0.767,0.814,0.616,0.708,0.811,0.787,0.689
10,A2_2,0.755,0.908,0.775,0.918,0.666,0.73,0.71,0.833,1.0,0.814,0.554,0.599,0.796,0.783,0.873,0.699
10,A2_3,0.844,0.914,0.925,0.68,0.672,0.864,0.71,0.767,0.814,1.0,0.767,0.65,0.577,0.747,0.759,0.659
10,B2_1,0.793,0.733,0.615,0.462,0.533,0.787,0.778,0.814,0.554,0.767,1.0,0.641,0.543,0.773,0.584,0.73
10,B2_2,0.7,0.747,0.616,0.48,0.557,0.816,0.866,0.616,0.599,0.65,0.641,1.0,0.839,0.593,0.865,0.848
10,B2_3,0.704,0.801,0.519,0.675,0.494,0.761,0.844,0.708,0.796,0.577,0.543,0.839,1.0,0.742,0.876,0.924
10,y1,0.747,0.8,0.707,0.694,0.511,0.793,0.655,0.811,0.783,0.747,0.773,0.593,0.742,1.0,0.629,0.84
10,y2,0.767,0.878,0.72,0.781,0.733,0.774,0.857,0.787,0.873,0.759,0.584,0.865,0.876,0.629,1.0,0.759
10,y3,0.746,0.817,0.55,0.529,0.404,0.876,0.882,0.689,0.699,0.659,0.73,0.848,0.924,0.84,0.759,1.0
11,.,1.0,0.877,0.741,0.676,0.483,0.818,0.731,0.827,0.753,0.846,0.791,0.691,0.693,0.744,0.765,0.74
11,A1_1,0.877,1.0,0.777,0.716,0.584,0.936,0.849,0.777,0.903,0.915,0.728,0.741,0.793,0.795,0.875,0.815
11,A1_2,0.741,0.777,1.0,0.752,0.733,0.705,0.524,0.739,0.773,0.926,0.609,0.611,0.514,0.71,0.722,0.551
11,A1_3,0.676,0.716,0.752,1.0,0.654,0.48,0.525,0.863,0.92,0.683,0.465,0.474,0.673,0.693,0.781,0.526
11,B1_1,0.483,0.584,0.733,0.654,1.0,0.493,0.522,0.736,0.655,0.663,0.533,0.558,0.494,0.51,0.735,0.405
11,B1_2,0.818,0.936,0.705,0.48,0.493,1.0,0.861,0.647,0.722,0.864,0.782,0.813,0.753,0.787,0.773,0.876
11,B1_3,0.731,0.849,0.524,0.525,0.522,0.861,1.0,0.713,0.701,0.705,0.776,0.865,0.838,0.648,0.854,0.881
11,A2_1,0.827,0.777,0.739,0.863,0.736,0.647,0.713,1.0,0.83,0.766,0.817,0.61,0.703,0.812,0.785,0.687
11,A2_2,0.753,0.903,0.773,0.92,0.655,0.722,0.701,0.83,1.0,0.812,0.548,0.587,0.791,0.778,0.87,0.692
11,A2_3,0.846,0.915,0.926,0.683,0.663,0.864,0.705,0.766,0.812,1.0,0.759,0.644,0.57,0.75,0.759,0.661
11,B2_1,0.791,0.728,0.609,0.465,0.533,0.782,0.776,0.817,0.548,0.759,1.0,0.639,0.542,0.777,0.584,0.735
11,B2_2,0.691,0.741,0.611,0.474,0.558,0.813,0.865,0.61,0.587,0.644,0.639,1.0,0.833,0.587,0.862,0.847
11,B2_3,0.693,0.793,0.514,0.673,0.494,0.753,0.838,0.703,0.791,0.57,0.542,0.833,1.0,0.736,0.87,0.919
11,y1,0.744,0.795,0.71,0.693,0.51,0.787,0.648,0.812,0.778,0.75,0.777,0.587,0.736,1.0,0.624,0.837
11,y2,0.765,0.875,0.722,0.781,0.735,0.773,0.854,0.785,0.87,0.759,0.584,0.862,0.87,0.624,1.0,0.754
11,y3,0.74,0.815,0.551,0.526,0.405,0.876,0.881,0.687,0.692,0.661,0.735,0.847,0.919,0.837,0.754,1.0
12,.,1.0,0.877,0.747,0.678,0.491,0.818,0.732,0.83,0.753,0.85,0.792,0.694,0.693,0.742,0.768,0.74
12,A1_1,0.877,1.0,0.778,0.718,0.583,0.937,0.849,0.777,0.904,0.914,0.727,0.743,0.797,0.795,0.875,0.819
12,A1_2,0.747,0.778,1.0,0.751,0.73,0.709,0.528,0.738,0.773,0.925,0.612,0.614,0.517,0.713,0.727,0.556
12,A1_3,0.678,0.718,0.751,1.0,0.649,0.483,0.529,0.862,0.92,0.68,0.465,0.477,0.672,0.693,0.784,0.528
12,B1_1,0.491,0.583,0.73,0.649,1.0,0.5,0.528,0.735,0.652,0.662,0.543,0.566,0.502,0.514,0.74,0.415
12,B1_2,0.818,0.937,0.709,0.483,0.5,1.0,0.862,0.65,0.723,0.866,0.783,0.815,0.758,0.788,0.774,0.879
12,B1_3,0.732,0.849,0.528,0.529,0.528,0.862,1.0,0.716,0.701,0.707,0.778,0.868,0.845,0.65,0.854,0.886
12,A2_1,0.83,0.777,0.738,0.862,0.735,0.65,0.716,1.0,0.828,0.765,0.819,0.613,0.706,0.814,0.787,0.69
12,A2_2,0.753,0.904,0.773,0.92,0.652,0.723,0.701,0.828,1.0,0.81,0.547,0.587,0.788,0.775,0.87,0.691
12,A2_3,0.85,0.914,0.925,0.68,0.662,0.866,0.707,0.765,0.81,1.0,0.761,0.646,0.573,0.75,0.761,0.666
12,B2_1,0.792,0.727,0.612,0.465,0.543,0.783,0.778,0.819,0.547,0.761,1.0,0.647,0.55,0.777,0.589,0.741
12,B2_2,0.694,0.743,0.614,0.477,0.566,0.815,0.868,0.613,0.587,0.646,0.647,1.0,0.839,0.59,0.861,0.852
12,B2_3,0.693,0.797,0.517,0.672,0.502,0.758,0.845,0.706,0.788,0.573,0.55,0.839,1.0,0.733,0.87,0.92
12,y1,0.742,0.795,0.713,0.693,0.514,0.788,0.65,0.814,0.775,0.75,0.777,0.59,0.733,1.0,0.625,0.836
12,y2,0.768,0.875,0.727,0.784,0.74,0.774,0.854,0.787,0.87,0.761,0.589,0.861,0.87,0.625,1.0,0.755
12,y3,0.74,0.819,0.556,0.528,0.415,0.879,0.886,0.69,0.691,0.666,0.741,0.852,0.92,0.836,0.755,1.0
13,.,1.0,0.876,0.751,0.68,0.494,0.816,0.73,0.833,0.751,0.852,0.792,0.69,0.688,0.739,0.768,0.738
13,A1_1,0.876,1.0,0.778,0.717,0.577,0.937,0.848,0.775,0.901,0.913,0.724,0.74,0.794,0.793,0.873,0.82
13,A1_2,0.751,0.778,1.0,0.75,0.725,0.71,0.527,0.738,0.771,0.925,0.611,0.612,0.516,0.717,0.73,0.56
13,A1_3,0.68,0.717,0.75,1.0,0.64,0.483,0.527,0.861,0.921,0.677,0.466,0.474,0.67,0.692,0.785,0.527
13,B1_1,0.494,0.577,0.725,0.64,1.0,0.502,0.529,0.732,0.644,0.656,0.548,0.57,0.505,0.515,0.743,0.42
13,B1_2,0.816,0.937,0.71,0.483,0.502,1.0,0.862,0.65,0.72,0.867,0.781,0.815,0.756,0.786,0.774,0.881
13,B1_3,0.73,0.848,0.527,0.527,0.529,0.862,1.0,0.715,0.696,0.706,0.778,0.87,0.844,0.649,0.852,0.888
13,A2_1,0.833,0.775,0.738,0.861,0.732,0.65,0.715,1.0,0.826,0.763,0.822,0.614,0.705,0.814,0.788,0.691
13,A2_2,0.751,0.901,0.771,0.921,0.644,0.72,0.696,0.826,1.0,0.806,0.542,0.581,0.784,0.771,0.867,0.687
13,A2_3,0.852,0.913,0.925,0.677,0.656,0.867,0.706,0.763,0.806,1.0,0.758,0.645,0.57,0.752,0.762,0.669
13,B2_1,0.792,0.724,0.611,0.466,0.548,0.781,0.778,0.822,0.542,0.758,1.0,0.65,0.553,0.78,0.591,0.746
13,B2_2,0.69,0.74,0.612,0.474,0.57,0.815,0.87,0.614,0.581,0.645,0.65,1.0,0.838,0.59,0.86,0.855
13,B2_3,0.688,0.794,0.516,0.67,0.505,0.756,0.844,0.705,0.784,0.57,0.553,0.838,1.0,0.729,0.867,0.918
13,y1,0.739,0.793,0.717,0.692,0.515,0.786,0.649,0.814,0.771,0.752,0.78,0.59,0.729,1.0,0.623,0.835
13,y2,0.768,0.873,0.73,0.785,0.743,0.774,0.852,0.788,0.867,0.762,0.591,0.86,0.867,0.623,1.0,0.754
13,y3,0.738,0.82,0.56,0.527,0.42,0.881,0.888,0.691,0.687,0.669,0.746,0.855,0.918,0.835,0.754,1.0
14,.,1.0,0.876,0.757,0.684,0.5,0.814,0.728,0.836,0.751,0.856,0.792,0.689,0.684,0.738,0.769,0.736
14,A1_1,0.876,1.0,0.779,0.717,0.573,0.938,0.847,0.774,0.899,0.914,0.722,0.74,0.792,0.79,0.872,0.821
14,A1_2,0.757,0.779,1.0,0.751,0.72,0.713,0.528,0.738,0.771,0.925,0.61,0.614,0.519,0.721,0.735,0.566
14,A1_3,0.684,0.717,0.751,1.0,0.634,0.484,0.528,0.861,0.922,0.678,0.467,0.475,0.67,0.691,0.787,0.528
14,B1_1,0.5,0.573,0.72,0.634,1.0,0.504,0.531,0.73,0.637,0.651,0.553,0.575,0.511,0.518,0.746,0.427
14,B1_2,0.814,0.938,0.713,0.484,0.504,1.0,0.863,0.651,0.717,0.869,0.78,0.815,0.756,0.785,0.774,0.882
14,B1_3,0.728,0.847,0.528,0.528,0.531,0.863,1.0,0.714,0.693,0.706,0.779,0.871,0.844,0.648,0.85,0.89
14,A2_1,0.836,0.774,0.738,0.861,0.73,0.651,0.714,1.0,0.824,0.763,0.824,0.615,0.706,0.815,0.789,0.693
14,A2_2,0.751,0.899,0.771,0.922,0.637,0.717,0.693,0.824,1.0,0.805,0.538,0.577,0.781,0.767,0.866,0.684
14,A2_3,0.856,0.914,0.925,0.678,0.651,0.869,0.706,0.763,0.805,1.0,0.755,0.645,0.571,0.754,0.764,0.674
14,B2_1,0.792,0.722,0.61,0.467,0.553,0.78,0.779,0.824,0.538,0.755,1.0,0.654,0.557,0.783,0.594,0.751
14,B2_2,0.689,0.74,0.614,0.475,0.575,0.815,0.871,0.615,0.577,0.645,0.654,1.0,0.839,0.591,0.859,0.857
14,B2_3,0.684,0.792,0.519,0.67,0.511,0.756,0.844,0.706,0.781,0.571,0.557,0.839,1.0,0.727,0.864,0.916
14,y1,0.738,0.79,0.721,0.691,0.518,0.785,0.648,0.815,0.767,0.754,0.783,0.591,0.727,1.0,0.622,0.834
14,y2,0.769,0.872,0.735,0.787,0.746,0.774,0.85,0.789,0.866,0.764,0.594,0.859,0.864,0.622,1.0,0.753
14,y3,0.736,0.821,0.566,0.528,0.427,0.882,0.89,0.693,0.684,0.674,0.751,0.857,0.916,0.834,0.753,1.0
15,.,1.0,0.875,0.762,0.687,0.503,0.812,0.726,0.838,0.749,0.858,0.791,0.686,0.679,0.735,0.77,0.734
15,A1_1,0.875,1.0,0.78,0.717,0.568,0.938,0.846,0.772,0.897,0.914,0.719,0.738,0.79,0.788,0.87,0.821
15,A1_2,0.762,0.78,1.0,0.752,0.715,0.714,0.528,0.738,0.77,0.925,0.609,0.613,0.519,0.724,0.739,0.569
15,A1_3,0.687,0.717,0.752,1.0,0.628,0.485,0.528,0.861,0.923,0.679,0.468,0.475,0.669,0.691,0.788,0.528
15,B1_1,0.503,0.568,0.715,0.628,1.0,0.506,0.533,0.727,0.631,0.646,0.558,0.58,0.516,0.519,0.749,0.433
15,B1_2,0.812,0.938,0.714,0.485,0.506,1.0,0.863,0.65,0.713,0.87,0.778,0.815,0.754,0.782,0.774,0.884
15,B1_3,0.726,0.846,0.528,0.528,0.533,0.863,1.0,0.712,0.689,0.705,0.779,0.872,0.844,0.646,0.848,0.892
15,A2_1,0.838,0.772,0.738,0.861,0.727,0.65,0.712,1.0,0.822,0.762,0.825,0.614,0.705,0.816,0.789,0.694
15,A2_2,0.749,0.897,0.77,0.923,0.631,0.713,0.689,0.822,1.0,0.803,0.534,0.572,0.777,0.763,0.864,0.68
15,A2_3,0.858,0.914,0.925,0.679,0.646,0.87,0.705,0.762,0.803,1.0,0.752,0.644,0.57,0.755,0.766,0.677
15,B2_1,0.791,0.719,0.609,0.468,0.558,0.778,0.779,0.825,0.534,0.752,1.0,0.657,0.561,0.785,0.596,0.756
15,B2_2,0.686,0.738,0.613,0.475,0.58,0.815,0.872,0.614,0.572,0.644,0.657,1.0,0.84,0.591,0.857,0.859
15,B2_3,0.679,0.79,0.519,0.669,0.516,0.754,0.844,0.705,0.777,0.57,0.561,0.84,1.0,0.723,0.861,0.915
15,y1,0.735,0.788,0.724,0.691,0.519,0.782,0.646,0.816,0.763,0.755,0.785,0.591,0.723,1.0,0.621,0.833
15,y2,0.77,0.87,0.739,0.788,0.749,0.774,0.848,0.789,0.864,0.766,0.596,0.857,0.861,0.621,1.0,0.751
15,y3,0.734,0.821,0.569,0.528,0.433,0.884,0.892,0.694,0.68,0.677,0.756,0.859,0.915,0.833,0.751,1.0
16,.,1.0,0.874,0.768,0.692,0.511,0.81,0.724,0.842,0.75,0.862,0.791,0.683,0.676,0.734,0.771,0.732
16,A1_1,0.874,1.0,0.781,0.72,0.565,0.937,0.845,0.771,0.896,0.915,0.716,0.737,0.789,0.786,0.87,0.822
16,A1_2,0.768,0.781,1.0,0.755,0.711,0.716,0.529,0.74,0.772,0.926,0.608,0.614,0.523,0.73,0.745,0.575
16,A1_3,0.692,0.72,0.755,1.0,0.623,0.487,0.529,0.861,0.925,0.683,0.471,0.476,0.669,0.691,0.791,0.53
16,B1_1,0.511,0.565,0.711,0.623,1.0,0.51,0.535,0.725,0.625,0.643,0.565,0.586,0.523,0.523,0.753,0.44
16,B1_2,0.81,0.937,0.716,0.487,0.51,1.0,0.864,0.65,0.711,0.872,0.777,0.815,0.754,0.781,0.774,0.885
16,B1_3,0.724,0.845,0.529,0.529,0.535,0.864,1.0,0.711,0.686,0.705,0.779,0.873,0.844,0.645,0.845,0.894
16,A2_1,0.842,0.771,0.74,0.861,0.725,0.65,0.711,1.0,0.821,0.763,0.828,0.615,0.706,0.817,0.79,0.696
16,A2_2,0.75,0.896,0.772,0.925,0.625,0.711,0.686,0.821,1.0,0.804,0.532,0.569,0.775,0.76,0.863,0.677
16,A2_3,0.862,0.915,0.926,0.683,0.643,0.872,0.705,0.763,0.804,1.0,0.749,0.644,0.573,0.76,0.769,0.683
16,B2_1,0.791,0.716,0.608,0.471,0.565,0.777,0.779,0.828,0.532,0.749,1.0,0.66,0.566,0.788,0.599,0.761
16,B2_2,0.683,0.737,0.614,0.476,0.586,0.815,0.873,0.615,0.569,0.644,0.66,1.0,0.841,0.593,0.856,0.861
16,B2_3,0.676,0.789,0.523,0.669,0.523,0.754,0.844,0.706,0.775,0.573,0.566,0.841,1.0,0.721,0.859,0.913
16,y1,0.734,0.786,0.73,0.691,0.523,0.781,0.645,0.817,0.76,0.76,0.788,0.593,0.721,1.0,0.621,0.832
16,y2,0.771,0.87,0.745,0.791,0.753,0.774,0.845,0.79,0.863,0.769,0.599,0.856,0.859,0.621,1.0,0.75
16,y3,0.732,0.822,0.575,0.53,0.44,0.885,0.894,0.696,0.677,0.683,0.761,0.861,0.913,0.832,0.75,1.0
17,.,1.0,0.873,0.773,0.696,0.515,0.808,0.721,0.844,0.749,0.864,0.791,0.681,0.672,0.732,0.773,0.729
17,A1_1,0.873,1.0,0.782,0.722,0.561,0.937,0.843,0.769,0.895,0.915,0.713,0.735,0.788,0.783,0.869,0.823
17,A1_2,0.773,0.782,1.0,0.756,0.707,0.718,0.529,0.74,0.772,0.926,0.607,0.614,0.524,0.733,0.749,0.579
17,A1_3,0.696,0.722,0.756,1.0,0.617,0.489,0.531,0.862,0.926,0.686,0.474,0.478,0.669,0.691,0.794,0.531
17,B1_1,0.515,0.561,0.707,0.617,1.0,0.512,0.537,0.723,0.619,0.639,0.571,0.592,0.528,0.525,0.756,0.446
17,B1_2,0.808,0.937,0.718,0.489,0.512,1.0,0.864,0.648,0.708,0.872,0.775,0.815,0.753,0.778,0.773,0.886
17,B1_3,0.721,0.843,0.529,0.531,0.537,0.864,1.0,0.709,0.682,0.704,0.78,0.874,0.845,0.643,0.843,0.896
17,A2_1,0.844,0.769,0.74,0.862,0.723,0.648,0.709,1.0,0.819,0.763,0.829,0.614,0.706,0.818,0.79,0.696
17,A2_2,0.749,0.895,0.772,0.926,0.619,0.708,0.682,0.819,1.0,0.804,0.529,0.565,0.772,0.756,0.861,0.673
17,A2_3,0.864,0.915,0.926,0.686,0.639,0.872,0.704,0.763,0.804,1.0,0.747,0.643,0.573,0.761,0.771,0.686
17,B2_1,0.791,0.713,0.607,0.474,0.571,0.775,0.78,0.829,0.529,0.747,1.0,0.664,0.57,0.79,0.601,0.766
17,B2_2,0.681,0.735,0.614,0.478,0.592,0.815,0.874,0.614,0.565,0.643,0.664,1.0,0.842,0.593,0.855,0.863
17,B2_3,0.672,0.788,0.524,0.669,0.528,0.753,0.845,0.706,0.772,0.573,0.57,0.842,1.0,0.718,0.856,0.911
17,y1,0.732,0.783,0.733,0.691,0.525,0.778,0.643,0.818,0.756,0.761,0.79,0.593,0.718,1.0,0.62,0.831
17,y2,0.773,0.869,0.749,0.794,0.756,0.773,0.843,0.79,0.861,0.771,0.601,0.855,0.856,0.62,1.0,0.749
17,y3,0.729,0.823,0.579,0.531,0.446,0.886,0.896,0.696,0.673,0.686,0.766,0.863,0.911,0.831,0.749,1.0
18,.,1.0,0.872,0.777,0.698,0.517,0.805,0.719,0.846,0.747,0.866,0.79,0.676,0.665,0.73,0.773,0.726
18,A1_1,0.872,1.0,0.783,0.721,0.555,0.936,0.842,0.767,0.892,0.916,0.71,0.733,0.783,0.78,0.867,0.822
18,A1_2,0.777,0.783,1.0,0.756,0.7,0.718,0.529,0.74,0.77,0.926,0.606,0.611,0.522,0.736,0.751,0.582
18,A1_3,0.698,0.721,0.756,1.0,0.608,0.488,0.53,0.861,0.927,0.685,0.474,0.475,0.667,0.69,0.794,0.53
18,B1_1,0.517,0.555,0.7,0.608,1.0,0.513,0.538,0.718,0.61,0.632,0.574,0.596,0.53,0.525,0.757,0.451
18,B1_2,0.805,0.936,0.718,0.488,0.513,1.0,0.864,0.647,0.703,0.873,0.774,0.814,0.75,0.775,0.772,0.887
18,B1_3,0.719,0.842,0.529,0.53,0.538,0.864,1.0,0.707,0.678,0.703,0.779,0.875,0.844,0.64,0.842,0.896
18,A2_1,0.846,0.767,0.74,0.861,0.718,0.647,0.707,1.0,0.817,0.762,0.83,0.612,0.703,0.818,0.789,0.697
18,A2_2,0.747,0.892,0.77,0.927,0.61,0.703,0.678,0.817,1.0,0.801,0.524,0.558,0.767,0.752,0.858,0.669
18,A2_3,0.866,0.916,0.926,0.685,0.632,0.873,0.703,0.762,0.801,1.0,0.743,0.64,0.57,0.763,0.771,0.689
18,B2_1,0.79,0.71,0.606,0.474,0.574,0.774,0.779,0.83,0.524,0.743,1.0,0.666,0.573,0.792,0.602,0.771
18,B2_2,0.676,0.733,0.611,0.475,0.596,0.814,0.875,0.612,0.558,0.64,0.666,1.0,0.841,0.592,0.853,0.865
18,B2_3,0.665,0.783,0.522,0.667,0.53,0.75,0.844,0.703,0.767,0.57,0.573,0.841,1.0,0.714,0.851,0.909
18,y1,0.73,0.78,0.736,0.69,0.525,0.775,0.64,0.818,0.752,0.763,0.792,0.592,0.714,1.0,0.618,0.83
18,y2,0.773,0.867,0.751,0.794,0.757,0.772,0.842,0.789,0.858,0.771,0.602,0.853,0.851,0.618,1.0,0.747
18,y3,0.726,0.822,0.582,0.53,0.451,0.887,0.896,0.697,0.669,0.689,0.771,0.865,0.909,0.83,0.747,1.0
19,.,1.0,0.871,0.78,0.699,0.521,0.803,0.719,0.848,0.745,0.868,0.791,0.676,0.663,0.727,0.774,0.725
19,A1_1,0.871,1.0,0.783,0.723,0.553,0.936,0.842,0.767,0.892,0.915,0.708,0.732,0.785,0.779,0.865,0.824
19,A1_2,0.78,0.783,1.0,0.755,0.697,0.721,0.531,0.739,0.769,0.926,0.607,0.612,0.523,0.738,0.754,0.586
19,A1_3,0.699,0.723,0.755,1.0,0.603,0.49,0.533,0.861,0.927,0.684,0.474,0.477,0.666,0.69,0.796,0.531
19,B1_1,0.521,0.553,0.697,0.603,1.0,0.518,0.543,0.716,0.606,0.629,0.582,0.602,0.535,0.528,0.76,0.459
19,B1_2,0.803,0.936,0.721,0.49,0.518,1.0,0.865,0.647,0.702,0.874,0.774,0.815,0.752,0.774,0.772,0.889
19,B1_3,0.719,0.842,0.531,0.533,0.543,0.865,1.0,0.708,0.677,0.703,0.781,0.877,0.848,0.64,0.841,0.899
19,A2_1,0.848,0.767,0.739,0.861,0.716,0.647,0.708,1.0,0.815,0.76,0.83,0.613,0.704,0.818,0.79,0.698
19,A2_2,0.745,0.892,0.769,0.927,0.606,0.702,0.677,0.815,1.0,0.799,0.522,0.556,0.763,0.749,0.857,0.667
19,A2_3,0.868,0.915,0.926,0.684,0.629,0.874,0.703,0.76,0.799,1.0,0.744,0.64,0.57,0.763,0.772,0.692
19,B2_1,0.791,0.708,0.607,0.474,0.582,0.774,0.781,0.83,0.522,0.744,1.0,0.672,0.579,0.792,0.605,0.774
19,B2_2,0.676,0.732,0.612,0.477,0.602,0.815,0.877,0.613,0.556,0.64,0.672,1.0,0.845,0.593,0.852,0.868
19,B2_3,0.663,0.785,0.523,0.666,0.535,0.752,0.848,0.704,0.763,0.57,0.579,0.845,1.0,0.711,0.85,0.91
19,y1,0.727,0.779,0.738,0.69,0.528,0.774,0.64,0.818,0.749,0.763,0.792,0.593,0.711,1.0,0.617,0.828
19,y2,0.774,0.865,0.754,0.796,0.76,0.772,0.841,0.79,0.857,0.772,0.605,0.852,0.85,0.617,1.0,0.747
19,y3,0.725,0.824,0.586,0.531,0.459,0.889,0.899,0.698,0.667,0.692,0.774,0.868,0.91,0.828,0.747,1.0
20,.,1.0,0.869,0.784,0.701,0.526,0.802,0.719,0.85,0.744,0.87,0.792,0.677,0.663,0.725,0.775,0.725
20,A1_1,0.869,1.0,0.784,0.726,0.551,0.935,0.841,0.767,0.894,0.914,0.707,0.732,0.787,0.779,0.865,0.826
20,A1_2,0.784,0.784,1.0,0.756,0.694,0.724,0.534,0.738,0.77,0.926,0.609,0.613,0.526,0.741,0.758,0.591
20,A1_3,0.701,0.726,0.756,1.0,0.598,0.492,0.537,0.861,0.926,0.683,0.475,0.48,0.665,0.69,0.797,0.534
20,B1_1,0.526,0.551,0.694,0.598,1.0,0.522,0.548,0.714,0.602,0.626,0.588,0.607,0.54,0.53,0.762,0.466
20,B1_2,0.802,0.935,0.724,0.492,0.522,1.0,0.866,0.648,0.702,0.876,0.776,0.816,0.755,0.774,0.773,0.892
20,B1_3,0.719,0.841,0.534,0.537,0.548,0.866,1.0,0.71,0.678,0.705,0.783,0.88,0.853,0.641,0.841,0.902
20,A2_1,0.85,0.767,0.738,0.861,0.714,0.648,0.71,1.0,0.814,0.76,0.831,0.617,0.706,0.819,0.791,0.701
20,A2_2,0.744,0.894,0.77,0.926,0.602,0.702,0.678,0.814,1.0,0.798,0.521,0.556,0.76,0.746,0.856,0.667
20,A2_3,0.87,0.914,0.926,0.683,0.626,0.876,0.705,0.76,0.798,1.0,0.745,0.642,0.573,0.764,0.772,0.698
20,B2_1,0.792,0.707,0.609,0.475,0.588,0.776,0.783,0.831,0.521,0.745,1.0,0.678,0.585,0.792,0.609,0.779
20,B2_2,0.677,0.732,0.613,0.48,0.607,0.816,0.88,0.617,0.556,0.642,0.678,1.0,0.85,0.596,0.852,0.871
20,B2_3,0.663,0.787,0.526,0.665,0.54,0.755,0.853,0.706,0.76,0.573,0.585,0.85,1.0,0.71,0.85,0.911
20,y1,0.725,0.779,0.741,0.69,0.53,0.774,0.641,0.819,0.746,0.764,0.792,0.596,0.71,1.0,0.617,0.828
20,y2,0.775,0.865,0.758,0.797,0.762,0.773,0.841,0.791,0.856,0.772,0.609,0.852,0.85,0.617,1.0,0.748
20,y3,0.725,0.826,0.591,0.534,0.466,0.892,0.902,0.701,0.667,0.698,0.779,0.871,0.911,0.828,0.748,1.0
21,.,1.0,0.868,0.787,0.705,0.527,0.798,0.714,0.852,0.742,0.872,0.791,0.67,0.656,0.724,0.775,0.721
21,A1_1,0.868,1.0,0.785,0.728,0.544,0.933,0.839,0.765,0.891,0.916,0.702,0.727,0.781,0.774,0.863,0.824
21,A1_2,0.787,0.785,1.0,0.759,0.686,0.723,0.532,0.739,0.77,0.926,0.604,0.611,0.527,0.744,0.761,0.593
21,A1_3,0.705,0.728,0.759,1.0,0.591,0.491,0.537,0.862,0.928,0.69,0.477,0.479,0.665,0.689,0.799,0.534
21,B1_1,0.527,0.544,0.686,0.591,1.0,0.52,0.547,0.71,0.593,0.619,0.59,0.611,0.543,0.53,0.764,0.469
21,B1_2,0.798,0.933,0.723,0.491,0.52,1.0,0.865,0.645,0.696,0.876,0.772,0.814,0.749,0.768,0.77,0.891
21,B1_3,0.714,0.839,0.532,0.537,0.547,0.865,1.0,0.706,0.672,0.702,0.781,0.879,0.849,0.636,0.838,0.902
21,A2_1,0.852,0.765,0.739,0.862,0.71,0.645,0.706,1.0,0.813,0.761,0.831,0.613,0.704,0.819,0.79,0.7
21,A2_2,0.742,0.891,0.77,0.928,0.593,0.696,0.672,0.813,1.0,0.8,0.516,0.549,0.757,0.742,0.853,0.662
21,A2_3,0.872,0.916,0.926,0.69,0.619,0.876,0.702,0.761,0.8,1.0,0.738,0.637,0.572,0.768,0.775,0.7
21,B2_1,0.791,0.702,0.604,0.477,0.59,0.772,0.781,0.831,0.516,0.738,1.0,0.677,0.586,0.794,0.608,0.782
21,B2_2,0.67,0.727,0.611,0.479,0.611,0.814,0.879,0.613,0.549,0.637,0.677,1.0,0.848,0.593,0.85,0.871
21,B2_3,0.656,0.781,0.527,0.665,0.543,0.749,0.849,0.704,0.757,0.572,0.586,0.848,1.0,0.706,0.844,0.907
21,y1,0.724,0.774,0.744,0.689,0.53,0.768,0.636,0.819,0.742,0.768,0.794,0.593,0.706,1.0,0.614,0.826
21,y2,0.775,0.863,0.761,0.799,0.764,0.77,0.838,0.79,0.853,0.775,0.608,0.85,0.844,0.614,1.0,0.744
21,y3,0.721,0.824,0.593,0.534,0.469,0.891,0.902,0.7,0.662,0.7,0.782,0.871,0.907,0.826,0.744,1.0
22,.,1.0,0.866,0.79,0.707,0.53,0.796,0.713,0.853,0.74,0.873,0.791,0.668,0.652,0.722,0.775,0.72
22,A1_1,0.866,1.0,0.786,0.729,0.541,0.933,0.838,0.764,0.89,0.916,0.701,0.726,0.78,0.773,0.86,0.826
22,A1_2,0.79,0.786,1.0,0.758,0.683,0.725,0.534,0.738,0.769,0.926,0.605,0.61,0.525,0.746,0.763,0.597
22,A1_3,0.707,0.729,0.758,1.0,0.584,0.492,0.538,0.862,0.928,0.688,0.477,0.478,0.663,0.688,0.799,0.536
22,B1_1,0.53,0.541,0.683,0.584,1.0,0.525,0.551,0.706,0.586,0.615,0.596,0.616,0.546,0.532,0.765,0.477
22,B1_2,0.796,0.933,0.725,0.492,0.525,1.0,0.866,0.645,0.694,0.877,0.772,0.816,0.75,0.768,0.771,0.893
22,B1_3,0.713,0.838,0.534,0.538,0.551,0.866,1.0,0.706,0.67,0.703,0.782,0.881,0.85,0.636,0.837,0.904
22,A2_1,0.853,0.764,0.738,0.862,0.706,0.645,0.706,1.0,0.811,0.759,0.832,0.613,0.704,0.819,0.789,0.703
22,A2_2,0.74,0.89,0.769,0.928,0.586,0.694,0.67,0.811,1.0,0.797,0.513,0.545,0.753,0.738,0.851,0.66
22,A2_3,0.873,0.916,0.926,0.688,0.615,0.877,0.703,0.759,0.797,1.0,0.738,0.637,0.571,0.769,0.774,0.705
22,B2_1,0.791,0.701,0.605,0.477,0.596,0.772,0.782,0.832,0.513,0.738,1.0,0.682,0.591,0.796,0.611,0.787
22,B2_2,0.668,0.726,0.61,0.478,0.616,0.816,0.881,0.613,0.545,0.637,0.682,1.0,0.849,0.594,0.849,0.874
22,B2_3,0.652,0.78,0.525,0.663,0.546,0.75,0.85,0.704,0.753,0.571,0.591,0.849,1.0,0.703,0.841,0.907
22,y1,0.722,0.773,0.746,0.688,0.532,0.768,0.636,0.819,0.738,0.769,0.796,0.594,0.703,1.0,0.614,0.826
22,y2,0.775,0.86,0.763,0.799,0.765,0.771,0.837,0.789,0.851,0.774,0.611,0.849,0.841,0.614,1.0,0.744
22,y3,0.72,0.826,0.597,0.536,0.477,0.893,0.904,0.703,0.66,0.705,0.787,0.874,0.907,0.826,0.744,1.0
23,.,1.0,0.865,0.794,0.71,0.533,0.794,0.711,0.855,0.739,0.874,0.791,0.665,0.648,0.722,0.775,0.719
23,A1_1,0.865,1.0,0.788,0.732,0.537,0.931,0.837,0.764,0.891,0.917,0.699,0.723,0.779,0.771,0.859,0.826
23,A1_2,0.794,0.788,1.0,0.761,0.678,0.727,0.535,0.738,0.77,0.927,0.605,0.61,0.528,0.751,0.767,0.603
23,A1_3,0.71,0.732,0.761,1.0,0.577,0.493,0.54,0.862,0.929,0.692,0.479,0.479,0.662,0.688,0.8,0.538
23,B1_1,0.533,0.537,0.678,0.577,1.0,0.526,0.553,0.702,0.58,0.61,0.6,0.621,0.549,0.534,0.766,0.482
23,B1_2,0.794,0.931,0.727,0.493,0.526,1.0,0.867,0.643,0.692,0.878,0.772,0.816,0.749,0.766,0.77,0.894
23,B1_3,0.711,0.837,0.535,0.54,0.553,0.867,1.0,0.705,0.668,0.704,0.782,0.882,0.85,0.635,0.836,0.905
23,A2_1,0.855,0.764,0.738,0.862,0.702,0.643,0.705,1.0,0.81,0.759,0.832,0.612,0.704,0.82,0.789,0.704
23,A2_2,0.739,0.891,0.77,0.929,0.58,0.692,0.668,0.81,1.0,0.799,0.511,0.543,0.75,0.736,0.849,0.659
23,A2_3,0.874,0.917,0.927,0.692,0.61,0.878,0.704,0.759,0.799,1.0,0.736,0.636,0.573,0.774,0.776,0.71
23,B2_1,0.791,0.699,0.605,0.479,0.6,0.772,0.782,0.832,0.511,0.736,1.0,0.685,0.595,0.798,0.612,0.792
23,B2_2,0.665,0.723,0.61,0.479,0.621,0.816,0.882,0.612,0.543,0.636,0.685,1.0,0.85,0.595,0.848,0.875
23,B2_3,0.648,0.779,0.528,0.662,0.549,0.749,0.85,0.704,0.75,0.573,0.595,0.85,1.0,0.701,0.838,0.905
23,y1,0.722,0.771,0.751,0.688,0.534,0.766,0.635,0.82,0.736,0.774,0.798,0.595,0.701,1.0,0.613,0.826
23,y2,0.775,0.859,0.767,0.8,0.766,0.77,0.836,0.789,0.849,0.776,0.612,0.848,0.838,0.613,1.0,0.744
23,y3,0.719,0.826,0.603,0.538,0.482,0.894,0.905,0.704,0.659,0.71,0.792,0.875,0.905,0.826,0.744,1.0
24,.,1.0,0.864,0.797,0.713,0.535,0.792,0.71,0.857,0.738,0.876,0.791,0.662,0.645,0.722,0.776,0.717
24,A1_1,0.864,1.0,0.789,0.735,0.532,0.93,0.836,0.764,0.89,0.918,0.697,0.721,0.777,0.77,0.858,0.826
24,A1_2,0.797,0.789,1.0,0.763,0.673,0.728,0.536,0.738,0.771,0.927,0.604,0.609,0.53,0.754,0.77,0.607
24,A1_3,0.713,0.735,0.763,1.0,0.571,0.494,0.542,0.863,0.929,0.695,0.48,0.48,0.662,0.688,0.801,0.539
24,B1_1,0.535,0.532,0.673,0.571,1.0,0.528,0.555,0.699,0.573,0.604,0.604,0.626,0.553,0.535,0.768,0.488
24,B1_2,0.792,0.93,0.728,0.494,0.528,1.0,0.867,0.642,0.689,0.879,0.772,0.815,0.748,0.764,0.77,0.895
24,B1_3,0.71,0.836,0.536,0.542,0.555,0.867,1.0,0.705,0.667,0.704,0.783,0.882,0.85,0.634,0.834,0.906
24,A2_1,0.857,0.764,0.738,0.863,0.699,0.642,0.705,1.0,0.809,0.759,0.832,0.612,0.704,0.821,0.789,0.706
24,A2_2,0.738,0.89,0.771,0.929,0.573,0.689,0.667,0.809,1.0,0.8,0.509,0.539,0.748,0.733,0.847,0.656
24,A2_3,0.876,0.918,0.927,0.695,0.604,0.879,0.704,0.759,0.8,1.0,0.734,0.635,0.575,0.777,0.777,0.715
24,B2_1,0.791,0.697,0.604,0.48,0.604,0.772,0.783,0.832,0.509,0.734,1.0,0.688,0.599,0.8,0.614,0.796
24,B2_2,0.662,0.721,0.609,0.48,0.626,0.815,0.882,0.612,0.539,0.635,0.688,1.0,0.851,0.596,0.847,0.877
24,B2_3,0.645,0.777,0.53,0.662,0.553,0.748,0.85,0.704,0.748,0.575,0.599,0.851,1.0,0.7,0.835,0.904
24,y1,0.722,0.77,0.754,0.688,0.535,0.764,0.634,0.821,0.733,0.777,0.8,0.596,0.7,1.0,0.613,0.826
24,y2,0.776,0.858,0.77,0.801,0.768,0.77,0.834,0.789,0.847,0.777,0.614,0.847,0.835,0.613,1.0,0.743
24,y3,0.717,0.826,0.607,0.539,0.488,0.895,0.906,0.706,0.656,0.715,0.796,0.877,0.904,0.826,0.743,1.0
25,.,1.0,0.863,0.801,0.715,0.54,0.791,0.71,0.859,0.737,0.877,0.793,0.661,0.643,0.721,0.777,0.717
25,A1_1,0.863,1.0,0.791,0.737,0.531,0.929,0.836,0.764,0.89,0.919,0.696,0.721,0.778,0.769,0.857,0.827
