,,.,A1_1,A1_2,A1_3,B1_1,B1_2,B1_3,A2_1,A2_2,A2_3,B2_1,B2_2,B2_3,y1,y2,y3
0,.,1.0,0.675,0.742,0.756,0.767,0.804,0.721,0.535,0.846,0.867,0.798,0.838,0.692,0.911,0.887,0.914
0,A1_1,0.675,1.0,0.905,0.816,0.885,0.901,0.89,0.846,0.827,0.813,0.878,0.864,0.909,0.608,0.726,0.72
0,A1_2,0.742,0.905,1.0,0.933,0.947,0.89,0.956,0.886,0.862,0.878,0.91,0.9,0.855,0.617,0.79,0.735
0,A1_3,0.756,0.816,0.933,1.0,0.924,0.842,0.913,0.809,0.867,0.898,0.901,0.896,0.833,0.615,0.834,0.777
0,B1_1,0.767,0.885,0.947,0.924,1.0,0.907,0.956,0.783,0.847,0.889,0.953,0.884,0.883,0.646,0.856,0.759
0,B1_2,0.804,0.901,0.89,0.842,0.907,1.0,0.888,0.734,0.863,0.849,0.861,0.866,0.857,0.749,0.79,0.844
0,B1_3,0.721,0.89,0.956,0.913,0.956,0.888,1.0,0.796,0.818,0.859,0.918,0.855,0.88,0.596,0.774,0.691
0,A2_1,0.535,0.846,0.886,0.809,0.783,0.734,0.796,1.0,0.772,0.755,0.759,0.826,0.822,0.464,0.622,0.593
0,A2_2,0.846,0.827,0.862,0.867,0.847,0.863,0.818,0.772,1.0,0.958,0.87,0.936,0.826,0.779,0.824,0.875
0,A2_3,0.867,0.813,0.878,0.898,0.889,0.849,0.859,0.755,0.958,1.0,0.921,0.927,0.85,0.78,0.88,0.873
0,B2_1,0.798,0.878,0.91,0.901,0.953,0.861,0.918,0.759,0.87,0.921,1.0,0.921,0.905,0.686,0.88,0.795
0,B2_2,0.838,0.864,0.9,0.896,0.884,0.866,0.855,0.826,0.936,0.927,0.921,1.0,0.892,0.779,0.892,0.887
0,B2_3,0.692,0.909,0.855,0.833,0.883,0.857,0.88,0.822,0.826,0.85,0.905,0.892,1.0,0.633,0.785,0.765
0,y1,0.911,0.608,0.617,0.615,0.646,0.749,0.596,0.464,0.779,0.78,0.686,0.779,0.633,1.0,0.789,0.905
0,y2,0.887,0.726,0.79,0.834,0.856,0.79,0.774,0.622,0.824,0.88,0.88,0.892,0.785,0.789,1.0,0.895
0,y3,0.914,0.72,0.735,0.777,0.759,0.844,0.691,0.593,0.875,0.873,0.795,0.887,0.765,0.905,0.895,1.0
1,.,1.0,0.775,0.852,0.893,0.857,0.851,0.838,0.811,0.93,0.932,0.868,0.907,0.851,0.873,0.889,0.9
1,A1_1,0.775,1.0,0.916,0.865,0.889,0.926,0.904,0.892,0.82,0.731,0.815,0.889,0.868,0.756,0.811,0.776
1,A1_2,0.852,0.916,1.0,0.951,0.96,0.921,0.947,0.949,0.909,0.817,0.853,0.908,0.849,0.772,0.862,0.77
1,A1_3,0.893,0.865,0.951,1.0,0.959,0.893,0.926,0.887,0.942,0.879,0.882,0.932,0.893,0.77,0.886,0.799
1,B1_1,0.857,0.889,0.96,0.959,1.0,0.925,0.952,0.865,0.906,0.818,0.902,0.917,0.893,0.745,0.859,0.748
1,B1_2,0.851,0.926,0.921,0.893,0.925,1.0,0.941,0.853,0.852,0.778,0.853,0.918,0.896,0.767,0.794,0.792
1,B1_3,0.838,0.904,0.947,0.926,0.952,0.941,1.0,0.852,0.837,0.769,0.895,0.939,0.907,0.76,0.817,0.733
1,A2_1,0.811,0.892,0.949,0.887,0.865,0.853,0.852,1.0,0.86,0.782,0.737,0.861,0.756,0.778,0.841,0.792
1,A2_2,0.93,0.82,0.909,0.942,0.906,0.852,0.837,0.86,1.0,0.949,0.856,0.886,0.843,0.819,0.893,0.877
1,A2_3,0.932,0.731,0.817,0.879,0.818,0.778,0.769,0.782,0.949,1.0,0.809,0.86,0.802,0.838,0.892,0.879
1,B2_1,0.868,0.815,0.853,0.882,0.902,0.853,0.895,0.737,0.856,0.809,1.0,0.93,0.914,0.823,0.869,0.773
1,B2_2,0.907,0.889,0.908,0.932,0.917,0.918,0.939,0.861,0.886,0.86,0.93,1.0,0.941,0.887,0.911,0.872
1,B2_3,0.851,0.868,0.849,0.893,0.893,0.896,0.907,0.756,0.843,0.802,0.914,0.941,1.0,0.789,0.873,0.838
1,y1,0.873,0.756,0.772,0.77,0.745,0.767,0.76,0.778,0.819,0.838,0.823,0.887,0.789,1.0,0.875,0.91
1,y2,0.889,0.811,0.862,0.886,0.859,0.794,0.817,0.841,0.893,0.892,0.869,0.911,0.873,0.875,1.0,0.879
1,y3,0.9,0.776,0.77,0.799,0.748,0.792,0.733,0.792,0.877,0.879,0.773,0.872,0.838,0.91,0.879,1.0
2,.,1.0,0.83,0.891,0.936,0.922,0.904,0.885,0.877,0.915,0.905,0.881,0.941,0.887,0.894,0.891,0.9
2,A1_1,0.83,1.0,0.905,0.847,0.88,0.912,0.939,0.892,0.832,0.735,0.813,0.881,0.879,0.842,0.863,0.807
2,A1_2,0.891,0.905,1.0,0.951,0.945,0.873,0.937,0.975,0.948,0.862,0.833,0.892,0.834,0.863,0.911,0.817
2,A1_3,0.936,0.847,0.951,1.0,0.968,0.841,0.905,0.916,0.968,0.951,0.889,0.907,0.886,0.858,0.924,0.848
2,B1_1,0.922,0.88,0.945,0.968,1.0,0.878,0.945,0.894,0.939,0.877,0.918,0.919,0.907,0.841,0.9,0.825
2,B1_2,0.904,0.912,0.873,0.841,0.878,1.0,0.913,0.858,0.864,0.787,0.831,0.927,0.896,0.876,0.845,0.872
2,B1_3,0.885,0.939,0.937,0.905,0.945,0.913,1.0,0.893,0.879,0.793,0.893,0.924,0.908,0.837,0.862,0.796
2,A2_1,0.877,0.892,0.975,0.916,0.894,0.858,0.893,1.0,0.919,0.832,0.763,0.868,0.789,0.869,0.9,0.829
2,A2_2,0.915,0.832,0.948,0.968,0.939,0.864,0.879,0.919,1.0,0.948,0.864,0.888,0.855,0.881,0.901,0.868
2,A2_3,0.905,0.735,0.862,0.951,0.877,0.787,0.793,0.832,0.948,1.0,0.831,0.858,0.825,0.853,0.886,0.85
2,B2_1,0.881,0.813,0.833,0.889,0.918,0.831,0.893,0.763,0.864,0.831,1.0,0.927,0.929,0.822,0.834,0.789
2,B2_2,0.941,0.881,0.892,0.907,0.919,0.927,0.924,0.868,0.888,0.858,0.927,1.0,0.945,0.937,0.918,0.895
2,B2_3,0.887,0.879,0.834,0.886,0.907,0.896,0.908,0.789,0.855,0.825,0.929,0.945,1.0,0.86,0.887,0.876
2,y1,0.894,0.842,0.863,0.858,0.841,0.876,0.837,0.869,0.881,0.853,0.822,0.937,0.86,1.0,0.923,0.953
2,y2,0.891,0.863,0.911,0.924,0.9,0.845,0.862,0.9,0.901,0.886,0.834,0.918,0.887,0.923,1.0,0.923
2,y3,0.9,0.807,0.817,0.848,0.825,0.872,0.796,0.829,0.868,0.85,0.789,0.895,0.876,0.953,0.923,1.0
3,.,1.0,0.82,0.854,0.901,0.847,0.901,0.856,0.856,0.929,0.936,0.89,0.947,0.887,0.924,0.92,0.908
3,A1_1,0.82,1.0,0.925,0.912,0.913,0.939,0.957,0.902,0.864,0.806,0.888,0.906,0.905,0.845,0.851,0.816
3,A1_2,0.854,0.925,1.0,0.973,0.953,0.914,0.964,0.978,0.929,0.853,0.862,0.901,0.857,0.843,0.867,0.792
3,A1_3,0.901,0.912,0.973,1.0,0.956,0.906,0.952,0.933,0.946,0.902,0.918,0.921,0.895,0.858,0.903,0.81
3,B1_1,0.847,0.913,0.953,0.956,1.0,0.927,0.975,0.901,0.894,0.802,0.915,0.912,0.901,0.81,0.829,0.775
3,B1_2,0.901,0.939,0.914,0.906,0.927,1.0,0.953,0.898,0.909,0.844,0.902,0.958,0.921,0.89,0.86,0.868
3,B1_3,0.856,0.957,0.964,0.952,0.975,0.953,1.0,0.925,0.896,0.821,0.92,0.938,0.911,0.849,0.845,0.805
3,A2_1,0.856,0.902,0.978,0.933,0.901,0.898,0.925,1.0,0.917,0.851,0.809,0.886,0.827,0.857,0.865,0.816
3,A2_2,0.929,0.864,0.929,0.946,0.894,0.909,0.896,0.917,1.0,0.959,0.886,0.926,0.871,0.917,0.92,0.88
3,A2_3,0.936,0.806,0.853,0.902,0.802,0.844,0.821,0.851,0.959,1.0,0.859,0.9,0.85,0.92,0.945,0.879
3,B2_1,0.89,0.888,0.862,0.918,0.915,0.902,0.92,0.809,0.886,0.859,1.0,0.952,0.944,0.878,0.876,0.823
3,B2_2,0.947,0.906,0.901,0.921,0.912,0.958,0.938,0.886,0.926,0.9,0.952,1.0,0.947,0.945,0.927,0.905
3,B2_3,0.887,0.905,0.857,0.895,0.901,0.921,0.911,0.827,0.871,0.85,0.944,0.947,1.0,0.889,0.915,0.886
3,y1,0.924,0.845,0.843,0.858,0.81,0.89,0.849,0.857,0.917,0.92,0.878,0.945,0.889,1.0,0.934,0.961
3,y2,0.92,0.851,0.867,0.903,0.829,0.86,0.845,0.865,0.92,0.945,0.876,0.927,0.915,0.934,1.0,0.931
3,y3,0.908,0.816,0.792,0.81,0.775,0.868,0.805,0.816,0.88,0.879,0.823,0.905,0.886,0.961,0.931,1.0
4,.,1.0,0.788,0.764,0.801,0.757,0.819,0.792,0.781,0.916,0.922,0.829,0.909,0.799,0.885,0.903,0.888
4,A1_1,0.788,1.0,0.894,0.901,0.886,0.922,0.939,0.87,0.839,0.826,0.909,0.919,0.908,0.813,0.817,0.805
4,A1_2,0.764,0.894,1.0,0.964,0.918,0.905,0.957,0.978,0.869,0.855,0.843,0.85,0.816,0.754,0.782,0.747
4,A1_3,0.801,0.901,0.964,1.0,0.941,0.896,0.948,0.923,0.873,0.881,0.905,0.88,0.838,0.765,0.81,0.746
4,B1_1,0.757,0.886,0.918,0.941,1.0,0.935,0.947,0.874,0.825,0.786,0.906,0.875,0.878,0.719,0.743,0.738
4,B1_2,0.819,0.922,0.905,0.896,0.935,1.0,0.954,0.891,0.894,0.846,0.896,0.905,0.872,0.8,0.771,0.807
4,B1_3,0.792,0.939,0.957,0.948,0.947,0.954,1.0,0.921,0.872,0.842,0.918,0.919,0.877,0.785,0.772,0.78
4,A2_1,0.781,0.87,0.978,0.923,0.874,0.891,0.921,1.0,0.88,0.864,0.793,0.831,0.789,0.778,0.793,0.78
4,A2_2,0.916,0.839,0.869,0.873,0.825,0.894,0.872,0.88,1.0,0.971,0.874,0.903,0.808,0.892,0.876,0.865
4,A2_3,0.922,0.826,0.855,0.881,0.786,0.846,0.842,0.864,0.971,1.0,0.857,0.889,0.775,0.893,0.912,0.84
4,B2_1,0.829,0.909,0.843,0.905,0.906,0.896,0.918,0.793,0.874,0.857,1.0,0.96,0.914,0.832,0.825,0.784
4,B2_2,0.909,0.919,0.85,0.88,0.875,0.905,0.919,0.831,0.903,0.889,0.96,1.0,0.937,0.905,0.903,0.886
4,B2_3,0.799,0.908,0.816,0.838,0.878,0.872,0.877,0.789,0.808,0.775,0.914,0.937,1.0,0.815,0.849,0.854
4,y1,0.885,0.813,0.754,0.765,0.719,0.8,0.785,0.778,0.892,0.893,0.832,0.905,0.815,1.0,0.909,0.94
4,y2,0.903,0.817,0.782,0.81,0.743,0.771,0.772,0.793,0.876,0.912,0.825,0.903,0.849,0.909,1.0,0.91
4,y3,0.888,0.805,0.747,0.746,0.738,0.807,0.78,0.78,0.865,0.84,0.784,0.886,0.854,0.94,0.91,1.0
5,.,1.0,0.771,0.773,0.809,0.752,0.792,0.777,0.769,0.881,0.915,0.832,0.899,0.79,0.883,0.898,0.867
5,A1_1,0.771,1.0,0.909,0.921,0.909,0.922,0.947,0.885,0.854,0.838,0.892,0.908,0.913,0.799,0.829,0.796
5,A1_2,0.773,0.909,1.0,0.959,0.892,0.909,0.945,0.991,0.908,0.882,0.824,0.85,0.831,0.786,0.799,0.765
5,A1_3,0.809,0.921,0.959,1.0,0.928,0.911,0.949,0.942,0.906,0.909,0.898,0.886,0.87,0.797,0.819,0.755
5,B1_1,0.752,0.909,0.892,0.928,1.0,0.958,0.96,0.865,0.841,0.791,0.907,0.895,0.927,0.755,0.768,0.773
5,B1_2,0.792,0.922,0.909,0.911,0.958,1.0,0.965,0.878,0.894,0.835,0.895,0.911,0.9,0.797,0.78,0.807
5,B1_3,0.777,0.947,0.945,0.949,0.96,0.965,1.0,0.915,0.882,0.837,0.913,0.924,0.91,0.793,0.785,0.79
5,A2_1,0.769,0.885,0.991,0.942,0.865,0.878,0.915,1.0,0.896,0.877,0.786,0.819,0.804,0.775,0.792,0.76
5,A2_2,0.881,0.854,0.908,0.906,0.841,0.894,0.882,0.896,1.0,0.96,0.854,0.89,0.815,0.894,0.87,0.868
5,A2_3,0.915,0.838,0.882,0.909,0.791,0.835,0.837,0.877,0.96,1.0,0.85,0.884,0.793,0.91,0.917,0.843
5,B2_1,0.832,0.892,0.824,0.898,0.907,0.895,0.913,0.786,0.854,0.85,1.0,0.962,0.932,0.834,0.828,0.771
5,B2_2,0.899,0.908,0.85,0.886,0.895,0.911,0.924,0.819,0.89,0.884,0.962,1.0,0.947,0.912,0.908,0.886
5,B2_3,0.79,0.913,0.831,0.87,0.927,0.9,0.91,0.804,0.815,0.793,0.932,0.947,1.0,0.821,0.86,0.826
5,y1,0.883,0.799,0.786,0.797,0.755,0.797,0.793,0.775,0.894,0.91,0.834,0.912,0.821,1.0,0.94,0.949
5,y2,0.898,0.829,0.799,0.819,0.768,0.78,0.785,0.792,0.87,0.917,0.828,0.908,0.86,0.94,1.0,0.925
5,y3,0.867,0.796,0.765,0.755,0.773,0.807,0.79,0.76,0.868,0.843,0.771,0.886,0.826,0.949,0.925,1.0
6,.,1.0,0.771,0.769,0.859,0.798,0.831,0.779,0.766,0.864,0.901,0.793,0.873,0.769,0.858,0.873,0.851
6,A1_1,0.771,1.0,0.903,0.89,0.905,0.922,0.958,0.882,0.849,0.821,0.879,0.903,0.892,0.798,0.819,0.776
6,A1_2,0.769,0.903,1.0,0.949,0.846,0.858,0.938,0.988,0.904,0.876,0.796,0.812,0.772,0.78,0.79,0.728
6,A1_3,0.859,0.89,0.949,1.0,0.89,0.866,0.912,0.936,0.936,0.962,0.871,0.874,0.833,0.842,0.873,0.769
6,B1_1,0.798,0.905,0.846,0.89,1.0,0.932,0.933,0.811,0.851,0.814,0.931,0.916,0.941,0.79,0.807,0.777
6,B1_2,0.831,0.922,0.858,0.866,0.932,1.0,0.943,0.823,0.897,0.829,0.886,0.924,0.895,0.84,0.804,0.846
6,B1_3,0.779,0.958,0.938,0.912,0.933,0.943,1.0,0.902,0.887,0.834,0.906,0.913,0.889,0.796,0.782,0.766
6,A2_1,0.766,0.882,0.988,0.936,0.811,0.823,0.902,1.0,0.889,0.87,0.745,0.778,0.743,0.775,0.794,0.731
6,A2_2,0.864,0.849,0.904,0.936,0.851,0.897,0.887,0.889,1.0,0.954,0.837,0.873,0.789,0.876,0.836,0.828
6,A2_3,0.901,0.821,0.876,0.962,0.814,0.829,0.834,0.87,0.954,1.0,0.831,0.863,0.773,0.884,0.889,0.8
6,B2_1,0.793,0.879,0.796,0.871,0.931,0.886,0.906,0.745,0.837,0.831,1.0,0.947,0.932,0.79,0.787,0.723
6,B2_2,0.873,0.903,0.812,0.874,0.916,0.924,0.913,0.778,0.873,0.863,0.947,1.0,0.941,0.904,0.888,0.867
6,B2_3,0.769,0.892,0.772,0.833,0.941,0.895,0.889,0.743,0.789,0.773,0.932,0.941,1.0,0.808,0.851,0.796
6,y1,0.858,0.798,0.78,0.842,0.79,0.84,0.796,0.775,0.876,0.884,0.79,0.904,0.808,1.0,0.934,0.956
6,y2,0.873,0.819,0.79,0.873,0.807,0.804,0.782,0.794,0.836,0.889,0.787,0.888,0.851,0.934,1.0,0.916
6,y3,0.851,0.776,0.728,0.769,0.777,0.846,0.766,0.731,0.828,0.8,0.723,0.867,0.796,0.956,0.916,1.0
7,.,1.0,0.735,0.726,0.744,0.693,0.754,0.724,0.698,0.819,0.859,0.737,0.843,0.701,0.828,0.839,0.833
7,A1_1,0.735,1.0,0.892,0.898,0.897,0.914,0.944,0.877,0.862,0.85,0.874,0.899,0.878,0.748,0.78,0.73
7,A1_2,0.726,0.892,1.0,0.973,0.829,0.847,0.921,0.984,0.942,0.924,0.776,0.791,0.738,0.7,0.733,0.661
7,A1_3,0.744,0.898,0.973,1.0,0.873,0.849,0.922,0.945,0.931,0.936,0.834,0.823,0.789,0.706,0.753,0.661
7,B1_1,0.693,0.897,0.829,0.873,1.0,0.93,0.94,0.802,0.827,0.77,0.931,0.899,0.943,0.678,0.718,0.679
7,B1_2,0.754,0.914,0.847,0.849,0.93,1.0,0.942,0.825,0.88,0.811,0.89,0.885,0.888,0.731,0.726,0.74
7,B1_3,0.724,0.944,0.921,0.922,0.94,0.942,1.0,0.89,0.898,0.848,0.913,0.91,0.886,0.71,0.719,0.692
7,A2_1,0.698,0.877,0.984,0.945,0.802,0.825,0.89,1.0,0.918,0.897,0.723,0.75,0.719,0.67,0.714,0.644
7,A2_2,0.819,0.862,0.942,0.931,0.827,0.88,0.898,0.918,1.0,0.96,0.822,0.836,0.761,0.795,0.779,0.752
7,A2_3,0.859,0.85,0.924,0.936,0.77,0.811,0.848,0.897,0.96,1.0,0.795,0.826,0.731,0.828,0.847,0.762
7,B2_1,0.737,0.874,0.776,0.834,0.931,0.89,0.913,0.723,0.822,0.795,1.0,0.951,0.937,0.73,0.744,0.683
7,B2_2,0.843,0.899,0.791,0.823,0.899,0.885,0.91,0.75,0.836,0.826,0.951,1.0,0.934,0.849,0.857,0.825
7,B2_3,0.701,0.878,0.738,0.789,0.943,0.888,0.886,0.719,0.761,0.731,0.937,0.934,1.0,0.739,0.791,0.733
7,y1,0.828,0.748,0.7,0.706,0.678,0.731,0.71,0.67,0.795,0.828,0.73,0.849,0.739,1.0,0.938,0.958
7,y2,0.839,0.78,0.733,0.753,0.718,0.726,0.719,0.714,0.779,0.847,0.744,0.857,0.791,0.938,1.0,0.917
7,y3,0.833,0.73,0.661,0.661,0.679,0.74,0.692,0.644,0.752,0.762,0.683,0.825,0.733,0.958,0.917,1.0
8,.,1.0,0.704,0.629,0.617,0.619,0.738,0.65,0.652,0.752,0.774,0.671,0.736,0.651,0.851,0.853,0.867
8,A1_1,0.704,1.0,0.863,0.873,0.885,0.93,0.916,0.851,0.845,0.842,0.882,0.91,0.88,0.711,0.741,0.697
8,A1_2,0.629,0.863,1.0,0.986,0.895,0.892,0.958,0.967,0.943,0.938,0.785,0.792,0.745,0.595,0.64,0.575
8,A1_3,0.617,0.873,0.986,1.0,0.93,0.907,0.965,0.938,0.93,0.923,0.835,0.825,0.79,0.587,0.634,0.561
8,B1_1,0.619,0.885,0.895,0.93,1.0,0.931,0.942,0.838,0.855,0.809,0.904,0.889,0.911,0.595,0.644,0.594
8,B1_2,0.738,0.93,0.892,0.907,0.931,1.0,0.951,0.871,0.919,0.876,0.904,0.907,0.882,0.713,0.715,0.71
8,B1_3,0.65,0.916,0.958,0.965,0.942,0.951,1.0,0.914,0.924,0.897,0.891,0.9,0.854,0.627,0.65,0.606
8,A2_1,0.652,0.851,0.967,0.938,0.838,0.871,0.914,1.0,0.943,0.95,0.717,0.741,0.696,0.616,0.665,0.603
8,A2_2,0.752,0.845,0.943,0.93,0.855,0.919,0.924,0.943,1.0,0.975,0.812,0.822,0.745,0.724,0.721,0.695
8,A2_3,0.774,0.842,0.938,0.923,0.809,0.876,0.897,0.95,0.975,1.0,0.768,0.791,0.705,0.739,0.766,0.696
8,B2_1,0.671,0.882,0.785,0.835,0.904,0.904,0.891,0.717,0.812,0.768,1.0,0.976,0.94,0.686,0.7,0.643
8,B2_2,0.736,0.91,0.792,0.825,0.889,0.907,0.9,0.741,0.822,0.791,0.976,1.0,0.933,0.746,0.758,0.707
8,B2_3,0.651,0.88,0.745,0.79,0.911,0.882,0.854,0.696,0.745,0.705,0.94,0.933,1.0,0.695,0.752,0.687
8,y1,0.851,0.711,0.595,0.587,0.595,0.713,0.627,0.616,0.724,0.739,0.686,0.746,0.695,1.0,0.932,0.962
8,y2,0.853,0.741,0.64,0.634,0.644,0.715,0.65,0.665,0.721,0.766,0.7,0.758,0.752,0.932,1.0,0.918
8,y3,0.867,0.697,0.575,0.561,0.594,0.71,0.606,0.603,0.695,0.696,0.643,0.707,0.687,0.962,0.918,1.0
9,.,1.0,0.678,0.59,0.597,0.586,0.679,0.575,0.585,0.674,0.664,0.59,0.645,0.562,0.827,0.828,0.837
9,A1_1,0.678,1.0,0.9,0.914,0.888,0.919,0.911,0.9,0.9,0.914,0.859,0.89,0.829,0.642,0.703,0.629
9,A1_2,0.59,0.9,1.0,0.982,0.856,0.866,0.919,0.976,0.974,0.98,0.777,0.8,0.722,0.542,0.599,0.52
9,A1_3,0.597,0.914,0.982,1.0,0.915,0.893,0.951,0.946,0.958,0.962,0.846,0.858,0.79,0.538,0.606,0.513
9,B1_1,0.586,0.888,0.856,0.915,1.0,0.943,0.959,0.808,0.857,0.828,0.952,0.952,0.938,0.533,0.612,0.528
9,B1_2,0.679,0.919,0.866,0.893,0.943,1.0,0.941,0.839,0.897,0.866,0.922,0.933,0.887,0.63,0.667,0.644
9,B1_3,0.575,0.911,0.919,0.951,0.959,0.941,1.0,0.871,0.901,0.89,0.927,0.937,0.88,0.527,0.584,0.513
9,A2_1,0.585,0.9,0.976,0.946,0.808,0.839,0.871,1.0,0.964,0.983,0.722,0.754,0.688,0.537,0.606,0.521
9,A2_2,0.674,0.9,0.974,0.958,0.857,0.897,0.901,0.964,1.0,0.985,0.8,0.823,0.73,0.619,0.655,0.597
9,A2_3,0.664,0.914,0.98,0.962,0.828,0.866,0.89,0.983,0.985,1.0,0.767,0.798,0.7,0.606,0.66,0.577
9,B2_1,0.59,0.859,0.777,0.846,0.952,0.922,0.927,0.722,0.8,0.767,1.0,0.986,0.936,0.57,0.629,0.548
9,B2_2,0.645,0.89,0.8,0.858,0.952,0.933,0.937,0.754,0.823,0.798,0.986,1.0,0.933,0.627,0.678,0.602
9,B2_3,0.562,0.829,0.722,0.79,0.938,0.887,0.88,0.688,0.73,0.7,0.936,0.933,1.0,0.572,0.673,0.579
9,y1,0.827,0.642,0.542,0.538,0.533,0.63,0.527,0.537,0.619,0.606,0.57,0.627,0.572,1.0,0.926,0.961
9,y2,0.828,0.703,0.599,0.606,0.612,0.667,0.584,0.606,0.655,0.66,0.629,0.678,0.673,0.926,1.0,0.909
9,y3,0.837,0.629,0.52,0.513,0.528,0.644,0.513,0.521,0.597,0.577,0.548,0.602,0.579,0.961,0.909,1.0
10,.,1.0,0.624,0.508,0.521,0.518,0.613,0.483,0.528,0.587,0.579,0.509,0.581,0.483,0.838,0.84,0.847
10,A1_1,0.624,1.0,0.923,0.93,0.898,0.939,0.9,0.93,0.929,0.945,0.857,0.89,0.794,0.581,0.657,0.575
10,A1_2,0.508,0.923,1.0,0.982,0.891,0.887,0.909,0.969,0.971,0.976,0.789,0.823,0.726,0.479,0.549,0.463
10,A1_3,0.521,0.93,0.982,1.0,0.946,0.92,0.957,0.933,0.95,0.955,0.869,0.89,0.801,0.483,0.562,0.468
10,B1_1,0.518,0.898,0.891,0.946,1.0,0.947,0.971,0.833,0.877,0.861,0.943,0.951,0.924,0.48,0.577,0.489
10,B1_2,0.613,0.939,0.887,0.92,0.947,1.0,0.942,0.857,0.91,0.893,0.917,0.945,0.88,0.581,0.643,0.6
10,B1_3,0.483,0.9,0.909,0.957,0.971,0.942,1.0,0.843,0.88,0.879,0.935,0.952,0.894,0.454,0.535,0.452
10,A2_1,0.528,0.93,0.969,0.933,0.833,0.857,0.843,1.0,0.97,0.987,0.728,0.775,0.683,0.506,0.579,0.492
10,A2_2,0.587,0.929,0.971,0.95,0.877,0.91,0.88,0.97,1.0,0.987,0.791,0.827,0.726,0.553,0.608,0.537
10,A2_3,0.579,0.945,0.976,0.955,0.861,0.893,0.879,0.987,0.987,1.0,0.781,0.822,0.706,0.545,0.609,0.519
10,B2_1,0.509,0.857,0.789,0.869,0.943,0.917,0.935,0.728,0.791,0.781,1.0,0.98,0.925,0.504,0.589,0.503
10,B2_2,0.581,0.89,0.823,0.89,0.951,0.945,0.952,0.775,0.827,0.822,0.98,1.0,0.925,0.579,0.65,0.577
10,B2_3,0.483,0.794,0.726,0.801,0.924,0.88,0.894,0.683,0.726,0.706,0.925,0.925,1.0,0.509,0.627,0.544
10,y1,0.838,0.581,0.479,0.483,0.48,0.581,0.454,0.506,0.553,0.545,0.504,0.579,0.509,1.0,0.937,0.961
10,y2,0.84,0.657,0.549,0.562,0.577,0.643,0.535,0.579,0.608,0.609,0.589,0.65,0.627,0.937,1.0,0.929
10,y3,0.847,0.575,0.463,0.468,0.489,0.6,0.452,0.492,0.537,0.519,0.503,0.577,0.544,0.961,0.929,1.0
11,.,1.0,0.599,0.509,0.526,0.48,0.535,0.475,0.481,0.555,0.555,0.476,0.537,0.454,0.767,0.785,0.787
11,A1_1,0.599,1.0,0.945,0.957,0.846,0.884,0.871,0.937,0.941,0.956,0.81,0.848,0.744,0.556,0.625,0.551
11,A1_2,0.509,0.945,1.0,0.982,0.809,0.829,0.856,0.985,0.984,0.988,0.744,0.788,0.687,0.488,0.544,0.471
11,A1_3,0.526,0.957,0.982,1.0,0.873,0.87,0.909,0.961,0.964,0.975,0.821,0.855,0.755,0.498,0.569,0.481
11,B1_1,0.48,0.846,0.809,0.873,1.0,0.947,0.967,0.765,0.814,0.794,0.948,0.956,0.947,0.467,0.562,0.485
11,B1_2,0.535,0.884,0.829,0.87,0.947,1.0,0.944,0.793,0.852,0.833,0.911,0.931,0.91,0.528,0.595,0.561
11,B1_3,0.475,0.871,0.856,0.909,0.967,0.944,1.0,0.804,0.842,0.839,0.945,0.97,0.91,0.459,0.535,0.464
11,A2_1,0.481,0.937,0.985,0.961,0.765,0.793,0.804,1.0,0.975,0.986,0.692,0.736,0.652,0.469,0.532,0.455
11,A2_2,0.555,0.941,0.984,0.964,0.814,0.852,0.842,0.975,1.0,0.986,0.747,0.782,0.705,0.528,0.58,0.514
11,A2_3,0.555,0.956,0.988,0.975,0.794,0.833,0.839,0.986,0.986,1.0,0.743,0.785,0.676,0.538,0.591,0.514
11,B2_1,0.476,0.81,0.744,0.821,0.948,0.911,0.945,0.692,0.747,0.743,1.0,0.979,0.921,0.481,0.567,0.485
11,B2_2,0.537,0.848,0.788,0.855,0.956,0.931,0.97,0.736,0.782,0.785,0.979,1.0,0.92,0.54,0.61,0.539
11,B2_3,0.454,0.744,0.687,0.755,0.947,0.91,0.91,0.652,0.705,0.676,0.921,0.92,1.0,0.489,0.607,0.535
11,y1,0.767,0.556,0.488,0.498,0.467,0.528,0.459,0.469,0.528,0.538,0.481,0.54,0.489,1.0,0.938,0.96
11,y2,0.785,0.625,0.544,0.569,0.562,0.595,0.535,0.532,0.58,0.591,0.567,0.61,0.607,0.938,1.0,0.937
11,y3,0.787,0.551,0.471,0.481,0.485,0.561,0.464,0.455,0.514,0.514,0.485,0.539,0.535,0.96,0.937,1.0
12,.,1.0,0.549,0.429,0.431,0.394,0.493,0.395,0.42,0.443,0.47,0.352,0.461,0.37,0.748,0.754,0.753
12,A1_1,0.549,1.0,0.938,0.944,0.825,0.891,0.852,0.937,0.919,0.958,0.774,0.842,0.743,0.526,0.607,0.539
12,A1_2,0.429,0.938,1.0,0.983,0.796,0.83,0.84,0.988,0.977,0.989,0.733,0.782,0.688,0.422,0.488,0.422
12,A1_3,0.431,0.944,0.983,1.0,0.856,0.871,0.893,0.968,0.951,0.974,0.802,0.847,0.752,0.427,0.501,0.43
12,B1_1,0.394,0.825,0.796,0.856,1.0,0.951,0.974,0.752,0.812,0.779,0.962,0.959,0.956,0.404,0.508,0.444
12,B1_2,0.493,0.891,0.83,0.871,0.951,1.0,0.952,0.795,0.852,0.834,0.917,0.945,0.905,0.491,0.572,0.541
12,B1_3,0.395,0.852,0.84,0.893,0.974,0.952,1.0,0.79,0.837,0.824,0.958,0.973,0.92,0.405,0.489,0.43
12,A2_1,0.42,0.937,0.988,0.968,0.752,0.795,0.79,1.0,0.963,0.989,0.682,0.74,0.651,0.427,0.496,0.428
12,A2_2,0.443,0.919,0.977,0.951,0.812,0.852,0.837,0.963,1.0,0.971,0.74,0.776,0.724,0.431,0.499,0.432
12,A2_3,0.47,0.958,0.989,0.974,0.779,0.834,0.824,0.989,0.971,1.0,0.719,0.778,0.678,0.467,0.534,0.464
12,B2_1,0.352,0.774,0.733,0.802,0.962,0.917,0.958,0.682,0.74,0.719,1.0,0.972,0.946,0.386,0.482,0.42
12,B2_2,0.461,0.842,0.782,0.847,0.959,0.945,0.973,0.74,0.776,0.778,0.972,1.0,0.922,0.477,0.556,0.497
12,B2_3,0.37,0.743,0.688,0.752,0.956,0.905,0.92,0.651,0.724,0.678,0.946,0.922,1.0,0.433,0.553,0.49
12,y1,0.748,0.526,0.422,0.427,0.404,0.491,0.405,0.427,0.431,0.467,0.386,0.477,0.433,1.0,0.942,0.96
12,y2,0.754,0.607,0.488,0.501,0.508,0.572,0.489,0.496,0.499,0.534,0.482,0.556,0.553,0.942,1.0,0.947
12,y3,0.753,0.539,0.422,0.43,0.444,0.541,0.43,0.428,0.432,0.464,0.42,0.497,0.49,0.96,0.947,1.0
13,.,1.0,0.502,0.407,0.4,0.353,0.442,0.372,0.396,0.429,0.451,0.34,0.417,0.337,0.716,0.719,0.7
13,A1_1,0.502,1.0,0.959,0.957,0.793,0.859,0.828,0.956,0.958,0.97,0.763,0.813,0.741,0.503,0.576,0.501
13,A1_2,0.407,0.959,1.0,0.988,0.763,0.802,0.809,0.991,0.988,0.989,0.725,0.765,0.696,0.427,0.484,0.412
13,A1_3,0.4,0.957,0.988,1.0,0.811,0.838,0.854,0.981,0.972,0.978,0.78,0.816,0.75,0.427,0.493,0.415
13,B1_1,0.353,0.793,0.763,0.811,1.0,0.956,0.975,0.723,0.778,0.756,0.967,0.967,0.974,0.399,0.504,0.43
13,B1_2,0.442,0.859,0.802,0.838,0.956,1.0,0.951,0.773,0.831,0.814,0.936,0.952,0.936,0.473,0.563,0.515
13,B1_3,0.372,0.828,0.809,0.854,0.975,0.951,1.0,0.768,0.81,0.803,0.962,0.983,0.938,0.393,0.48,0.409
13,A2_1,0.396,0.956,0.991,0.981,0.723,0.773,0.768,1.0,0.979,0.987,0.686,0.73,0.662,0.428,0.484,0.412
13,A2_2,0.429,0.958,0.988,0.972,0.778,0.831,0.81,0.979,1.0,0.989,0.736,0.772,0.721,0.446,0.505,0.431
13,A2_3,0.451,0.97,0.989,0.978,0.756,0.814,0.803,0.987,0.989,1.0,0.725,0.77,0.697,0.472,0.526,0.451
13,B2_1,0.34,0.763,0.725,0.78,0.967,0.936,0.962,0.686,0.736,0.725,1.0,0.979,0.968,0.398,0.503,0.427
13,B2_2,0.417,0.813,0.765,0.816,0.967,0.952,0.983,0.73,0.772,0.77,0.979,1.0,0.946,0.458,0.546,0.472
13,B2_3,0.337,0.741,0.696,0.75,0.974,0.936,0.938,0.662,0.721,0.697,0.968,0.946,1.0,0.413,0.536,0.464
13,y1,0.716,0.503,0.427,0.427,0.399,0.473,0.393,0.428,0.446,0.472,0.398,0.458,0.413,1.0,0.942,0.964
13,y2,0.719,0.576,0.484,0.493,0.504,0.563,0.48,0.484,0.505,0.526,0.503,0.546,0.536,0.942,1.0,0.953
13,y3,0.7,0.501,0.412,0.415,0.43,0.515,0.409,0.412,0.431,0.451,0.427,0.472,0.464,0.964,0.953,1.0
14,.,1.0,0.48,0.374,0.358,0.31,0.425,0.343,0.352,0.396,0.407,0.306,0.378,0.295,0.694,0.696,0.673
14,A1_1,0.48,1.0,0.962,0.952,0.771,0.844,0.801,0.952,0.965,0.97,0.752,0.798,0.728,0.507,0.568,0.5
14,A1_2,0.374,0.962,1.0,0.989,0.745,0.785,0.782,0.991,0.99,0.988,0.716,0.755,0.691,0.412,0.461,0.395
14,A1_3,0.358,0.952,0.989,1.0,0.785,0.812,0.82,0.984,0.973,0.974,0.761,0.797,0.737,0.406,0.464,0.392
14,B1_1,0.31,0.771,0.745,0.785,1.0,0.953,0.974,0.705,0.758,0.735,0.965,0.965,0.976,0.385,0.485,0.414
14,B1_2,0.425,0.844,0.785,0.812,0.953,1.0,0.949,0.753,0.81,0.793,0.938,0.951,0.935,0.481,0.565,0.517
14,B1_3,0.343,0.801,0.782,0.82,0.974,0.949,1.0,0.741,0.783,0.773,0.968,0.986,0.944,0.38,0.462,0.395
14,A2_1,0.352,0.952,0.991,0.984,0.705,0.753,0.741,1.0,0.98,0.985,0.677,0.72,0.655,0.403,0.449,0.384
14,A2_2,0.396,0.965,0.99,0.973,0.758,0.81,0.783,0.98,1.0,0.993,0.724,0.76,0.71,0.433,0.483,0.416
14,A2_3,0.407,0.97,0.988,0.974,0.735,0.793,0.773,0.985,0.993,1.0,0.711,0.753,0.686,0.447,0.493,0.425
14,B2_1,0.306,0.752,0.716,0.761,0.965,0.938,0.968,0.677,0.724,0.711,1.0,0.985,0.97,0.389,0.486,0.414
14,B2_2,0.378,0.798,0.755,0.797,0.965,0.951,0.986,0.72,0.76,0.753,0.985,1.0,0.95,0.438,0.523,0.451
14,B2_3,0.295,0.728,0.691,0.737,0.976,0.935,0.944,0.655,0.71,0.686,0.97,0.95,1.0,0.394,0.51,0.441
14,y1,0.694,0.507,0.412,0.406,0.385,0.481,0.38,0.403,0.433,0.447,0.389,0.438,0.394,1.0,0.948,0.966
14,y2,0.696,0.568,0.461,0.464,0.485,0.565,0.462,0.449,0.483,0.493,0.486,0.523,0.51,0.948,1.0,0.961
14,y3,0.673,0.5,0.395,0.392,0.414,0.517,0.395,0.384,0.416,0.425,0.414,0.451,0.441,0.966,0.961,1.0
15,.,1.0,0.426,0.295,0.275,0.216,0.359,0.262,0.28,0.252,0.348,0.185,0.295,0.183,0.664,0.671,0.649
15,A1_1,0.426,1.0,0.946,0.938,0.746,0.842,0.79,0.937,0.908,0.962,0.729,0.802,0.699,0.485,0.55,0.485
15,A1_2,0.295,0.946,1.0,0.984,0.701,0.762,0.748,0.991,0.971,0.978,0.666,0.737,0.643,0.355,0.4,0.342
15,A1_3,0.275,0.938,0.984,1.0,0.747,0.787,0.793,0.982,0.942,0.96,0.714,0.788,0.69,0.35,0.405,0.343
15,B1_1,0.216,0.746,0.701,0.747,1.0,0.942,0.975,0.668,0.711,0.673,0.963,0.957,0.982,0.319,0.41,0.358
15,B1_2,0.359,0.842,0.762,0.787,0.942,1.0,0.952,0.734,0.757,0.761,0.923,0.949,0.916,0.444,0.525,0.488
15,B1_3,0.262,0.79,0.748,0.793,0.975,0.952,1.0,0.716,0.731,0.728,0.966,0.988,0.946,0.34,0.413,0.36
15,A2_1,0.28,0.937,0.991,0.982,0.668,0.734,0.716,1.0,0.951,0.977,0.632,0.711,0.609,0.351,0.392,0.335
15,A2_2,0.252,0.908,0.971,0.942,0.711,0.757,0.731,0.951,1.0,0.951,0.66,0.706,0.664,0.323,0.368,0.304
15,A2_3,0.348,0.962,0.978,0.96,0.673,0.761,0.728,0.977,0.951,1.0,0.649,0.726,0.615,0.415,0.455,0.393
15,B2_1,0.185,0.729,0.666,0.714,0.963,0.923,0.966,0.632,0.66,0.649,1.0,0.97,0.961,0.322,0.405,0.352
15,B2_2,0.295,0.802,0.737,0.788,0.957,0.949,0.988,0.711,0.706,0.726,0.97,1.0,0.932,0.394,0.471,0.411
15,B2_3,0.183,0.699,0.643,0.69,0.982,0.916,0.946,0.609,0.664,0.615,0.961,0.932,1.0,0.31,0.42,0.368
15,y1,0.664,0.485,0.355,0.35,0.319,0.444,0.34,0.351,0.323,0.415,0.322,0.394,0.31,1.0,0.942,0.957
15,y2,0.671,0.55,0.4,0.405,0.41,0.525,0.413,0.392,0.368,0.455,0.405,0.471,0.42,0.942,1.0,0.959
15,y3,0.649,0.485,0.342,0.343,0.358,0.488,0.36,0.335,0.304,0.393,0.352,0.411,0.368,0.957,0.959,1.0
16,.,1.0,0.381,0.25,0.195,0.153,0.277,0.206,0.225,0.192,0.311,0.109,0.239,0.122,0.636,0.645,0.623
16,A1_1,0.381,1.0,0.942,0.922,0.731,0.828,0.795,0.928,0.885,0.964,0.705,0.796,0.684,0.447,0.511,0.454
16,A1_2,0.25,0.942,1.0,0.972,0.672,0.742,0.737,0.991,0.951,0.979,0.631,0.716,0.616,0.324,0.363,0.314
16,A1_3,0.195,0.922,0.972,1.0,0.726,0.762,0.782,0.977,0.92,0.95,0.679,0.766,0.668,0.283,0.336,0.286
16,B1_1,0.153,0.731,0.672,0.726,1.0,0.947,0.973,0.643,0.665,0.654,0.958,0.949,0.983,0.271,0.363,0.323
16,B1_2,0.277,0.828,0.742,0.762,0.947,1.0,0.957,0.712,0.723,0.746,0.917,0.943,0.927,0.384,0.472,0.441
16,B1_3,0.206,0.795,0.737,0.782,0.973,0.957,1.0,0.707,0.7,0.73,0.958,0.986,0.948,0.31,0.386,0.343
16,A2_1,0.225,0.928,0.991,0.977,0.643,0.712,0.707,1.0,0.93,0.972,0.596,0.692,0.583,0.31,0.345,0.298
16,A2_2,0.192,0.885,0.951,0.92,0.665,0.723,0.7,0.93,1.0,0.929,0.615,0.663,0.628,0.29,0.324,0.268
16,A2_3,0.311,0.964,0.979,0.95,0.654,0.746,0.73,0.972,0.929,1.0,0.621,0.719,0.594,0.388,0.424,0.371
16,B2_1,0.109,0.705,0.631,0.679,0.958,0.917,0.958,0.596,0.615,0.621,1.0,0.955,0.957,0.26,0.342,0.3
16,B2_2,0.239,0.796,0.716,0.766,0.949,0.943,0.986,0.692,0.663,0.719,0.955,1.0,0.924,0.36,0.438,0.387
16,B2_3,0.122,0.684,0.616,0.668,0.983,0.927,0.948,0.583,0.628,0.594,0.957,0.924,1.0,0.262,0.369,0.328
16,y1,0.636,0.447,0.324,0.283,0.271,0.384,0.31,0.31,0.29,0.388,0.26,0.36,0.262,1.0,0.943,0.951
16,y2,0.645,0.511,0.363,0.336,0.363,0.472,0.386,0.345,0.324,0.424,0.342,0.438,0.369,0.943,1.0,0.963
16,y3,0.623,0.454,0.314,0.286,0.323,0.441,0.343,0.298,0.268,0.371,0.3,0.387,0.328,0.951,0.963,1.0
17,.,1.0,0.409,0.294,0.252,0.212,0.329,0.269,0.26,0.31,0.318,0.222,0.291,0.204,0.636,0.636,0.605
17,A1_1,0.409,1.0,0.959,0.938,0.726,0.811,0.781,0.94,0.967,0.972,0.729,0.776,0.705,0.462,0.523,0.462
17,A1_2,0.294,0.959,1.0,0.982,0.687,0.743,0.741,0.991,0.991,0.988,0.68,0.72,0.656,0.367,0.41,0.359
17,A1_3,0.252,0.938,0.982,1.0,0.721,0.758,0.77,0.985,0.969,0.97,0.715,0.751,0.695,0.335,0.387,0.331
17,B1_1,0.212,0.726,0.687,0.721,1.0,0.95,0.969,0.649,0.714,0.688,0.967,0.952,0.984,0.337,0.428,0.373
17,B1_2,0.329,0.811,0.743,0.758,0.95,1.0,0.952,0.705,0.775,0.757,0.937,0.942,0.938,0.439,0.52,0.476
17,B1_3,0.269,0.781,0.741,0.77,0.969,0.952,1.0,0.702,0.756,0.745,0.976,0.988,0.954,0.357,0.43,0.374
17,A2_1,0.26,0.94,0.991,0.985,0.649,0.705,0.702,1.0,0.979,0.98,0.641,0.684,0.62,0.347,0.384,0.334
17,A2_2,0.31,0.967,0.991,0.969,0.714,0.775,0.756,0.979,1.0,0.994,0.699,0.733,0.684,0.384,0.428,0.374
17,A2_3,0.318,0.972,0.988,0.97,0.688,0.757,0.745,0.98,0.994,1.0,0.683,0.727,0.659,0.391,0.432,0.378
17,B2_1,0.222,0.729,0.68,0.715,0.967,0.937,0.976,0.641,0.699,0.683,1.0,0.986,0.974,0.343,0.429,0.37
17,B2_2,0.291,0.776,0.72,0.751,0.952,0.942,0.988,0.684,0.733,0.727,0.986,1.0,0.951,0.397,0.472,0.412
17,B2_3,0.204,0.705,0.656,0.695,0.984,0.938,0.954,0.62,0.684,0.659,0.974,0.951,1.0,0.351,0.452,0.397
17,y1,0.636,0.462,0.367,0.335,0.337,0.439,0.357,0.347,0.384,0.391,0.343,0.397,0.351,1.0,0.953,0.967
17,y2,0.636,0.523,0.41,0.387,0.428,0.52,0.43,0.384,0.428,0.432,0.429,0.472,0.452,0.953,1.0,0.97
17,y3,0.605,0.462,0.359,0.331,0.373,0.476,0.374,0.334,0.374,0.378,0.37,0.412,0.397,0.967,0.97,1.0
18,.,1.0,0.403,0.282,0.22,0.177,0.288,0.242,0.247,0.29,0.326,0.189,0.263,0.178,0.61,0.611,0.583
18,A1_1,0.403,1.0,0.953,0.923,0.698,0.786,0.762,0.935,0.959,0.971,0.721,0.77,0.694,0.458,0.522,0.45
18,A1_2,0.282,0.953,1.0,0.973,0.657,0.717,0.718,0.991,0.991,0.987,0.668,0.708,0.643,0.349,0.392,0.334
18,A1_3,0.22,0.923,0.973,1.0,0.685,0.718,0.735,0.981,0.962,0.958,0.693,0.728,0.676,0.303,0.357,0.296
18,B1_1,0.177,0.698,0.657,0.685,1.0,0.949,0.97,0.622,0.695,0.663,0.972,0.948,0.985,0.308,0.391,0.333
18,B1_2,0.288,0.786,0.717,0.718,0.949,1.0,0.952,0.68,0.753,0.735,0.94,0.937,0.941,0.411,0.488,0.442
18,B1_3,0.242,0.762,0.718,0.735,0.97,0.952,1.0,0.681,0.74,0.728,0.981,0.99,0.957,0.349,0.417,0.357
18,A2_1,0.247,0.935,0.991,0.981,0.622,0.68,0.681,1.0,0.977,0.977,0.63,0.674,0.611,0.326,0.364,0.308
18,A2_2,0.29,0.959,0.991,0.962,0.695,0.753,0.74,0.977,1.0,0.991,0.696,0.726,0.683,0.358,0.402,0.342
18,A2_3,0.326,0.971,0.987,0.958,0.663,0.735,0.728,0.977,0.991,1.0,0.676,0.721,0.651,0.389,0.431,0.369
18,B2_1,0.189,0.721,0.668,0.693,0.972,0.94,0.981,0.63,0.696,0.676,1.0,0.982,0.975,0.328,0.407,0.344
18,B2_2,0.263,0.77,0.708,0.728,0.948,0.937,0.99,0.674,0.726,0.721,0.982,1.0,0.945,0.389,0.457,0.392
18,B2_3,0.178,0.694,0.643,0.676,0.985,0.941,0.957,0.611,0.683,0.651,0.975,0.945,1.0,0.331,0.426,0.366
18,y1,0.61,0.458,0.349,0.303,0.308,0.411,0.349,0.326,0.358,0.389,0.328,0.389,0.331,1.0,0.954,0.964
18,y2,0.611,0.522,0.392,0.357,0.391,0.488,0.417,0.364,0.402,0.431,0.407,0.457,0.426,0.954,1.0,0.972
18,y3,0.583,0.45,0.334,0.296,0.333,0.442,0.357,0.308,0.342,0.369,0.344,0.392,0.366,0.964,0.972,1.0
19,.,1.0,0.417,0.279,0.218,0.174,0.297,0.241,0.241,0.286,0.318,0.184,0.261,0.173,0.599,0.603,0.575
19,A1_1,0.417,1.0,0.933,0.904,0.697,0.797,0.764,0.912,0.941,0.955,0.719,0.772,0.695,0.481,0.546,0.476
19,A1_2,0.279,0.933,1.0,0.973,0.644,0.713,0.713,0.991,0.99,0.988,0.656,0.7,0.631,0.347,0.386,0.336
19,A1_3,0.218,0.904,0.973,1.0,0.67,0.709,0.724,0.982,0.963,0.961,0.677,0.716,0.661,0.299,0.348,0.295
19,B1_1,0.174,0.697,0.644,0.67,1.0,0.942,0.97,0.61,0.683,0.651,0.971,0.945,0.985,0.303,0.382,0.332
19,B1_2,0.297,0.797,0.713,0.709,0.942,1.0,0.955,0.676,0.749,0.731,0.931,0.929,0.933,0.419,0.49,0.453
19,B1_3,0.241,0.764,0.713,0.724,0.97,0.955,1.0,0.675,0.736,0.723,0.979,0.984,0.958,0.352,0.416,0.365
19,A2_1,0.241,0.912,0.991,0.982,0.61,0.676,0.675,1.0,0.977,0.978,0.618,0.665,0.599,0.322,0.356,0.307
19,A2_2,0.286,0.941,0.99,0.963,0.683,0.749,0.736,0.977,1.0,0.992,0.684,0.716,0.67,0.353,0.393,0.341
19,A2_3,0.318,0.955,0.988,0.961,0.651,0.731,0.723,0.978,0.992,1.0,0.665,0.713,0.639,0.383,0.421,0.367
19,B2_1,0.184,0.719,0.656,0.677,0.971,0.931,0.979,0.618,0.684,0.665,1.0,0.981,0.974,0.321,0.396,0.34
19,B2_2,0.261,0.772,0.7,0.716,0.945,0.929,0.984,0.665,0.716,0.713,0.981,1.0,0.943,0.385,0.45,0.391
19,B2_3,0.173,0.695,0.631,0.661,0.985,0.933,0.958,0.599,0.67,0.639,0.974,0.943,1.0,0.327,0.42,0.366
19,y1,0.599,0.481,0.347,0.299,0.303,0.419,0.352,0.322,0.353,0.383,0.321,0.385,0.327,1.0,0.955,0.964
19,y2,0.603,0.546,0.386,0.348,0.382,0.49,0.416,0.356,0.393,0.421,0.396,0.45,0.42,0.955,1.0,0.972
19,y3,0.575,0.476,0.336,0.295,0.332,0.453,0.365,0.307,0.341,0.367,0.34,0.391,0.366,0.964,0.972,1.0
20,.,1.0,0.355,0.253,0.184,0.136,0.24,0.206,0.213,0.245,0.291,0.143,0.228,0.139,0.582,0.591,0.564
20,A1_1,0.355,1.0,0.964,0.93,0.671,0.756,0.745,0.944,0.96,0.979,0.688,0.748,0.664,0.424,0.48,0.415
20,A1_2,0.253,0.964,1.0,0.97,0.634,0.696,0.701,0.991,0.988,0.988,0.641,0.687,0.62,0.341,0.38,0.324
20,A1_3,0.184,0.93,0.97,1.0,0.661,0.697,0.714,0.98,0.96,0.959,0.66,0.704,0.649,0.287,0.335,0.279
20,B1_1,0.136,0.671,0.634,0.661,1.0,0.952,0.963,0.601,0.679,0.642,0.972,0.943,0.984,0.289,0.362,0.313
20,B1_2,0.24,0.756,0.696,0.697,0.952,1.0,0.948,0.658,0.732,0.713,0.94,0.934,0.944,0.383,0.453,0.412
20,B1_3,0.206,0.745,0.701,0.714,0.963,0.948,1.0,0.663,0.721,0.713,0.977,0.99,0.952,0.335,0.395,0.34
20,A2_1,0.213,0.944,0.991,0.98,0.601,0.658,0.663,1.0,0.975,0.977,0.601,0.653,0.587,0.315,0.348,0.294
20,A2_2,0.245,0.96,0.988,0.96,0.679,0.732,0.721,0.975,1.0,0.987,0.672,0.701,0.664,0.336,0.375,0.317
20,A2_3,0.291,0.979,0.988,0.959,0.642,0.713,0.713,0.977,0.987,1.0,0.649,0.704,0.628,0.377,0.414,0.355
20,B2_1,0.143,0.688,0.641,0.66,0.972,0.94,0.977,0.601,0.672,0.649,1.0,0.976,0.973,0.306,0.375,0.32
20,B2_2,0.228,0.748,0.687,0.704,0.943,0.934,0.99,0.653,0.701,0.704,0.976,1.0,0.941,0.379,0.437,0.379
20,B2_3,0.139,0.664,0.62,0.649,0.984,0.944,0.952,0.587,0.664,0.628,0.973,0.941,1.0,0.322,0.407,0.357
20,y1,0.582,0.424,0.341,0.287,0.289,0.383,0.335,0.315,0.336,0.377,0.306,0.379,0.322,1.0,0.957,0.959
20,y2,0.591,0.48,0.38,0.335,0.362,0.453,0.395,0.348,0.375,0.414,0.375,0.437,0.407,0.957,1.0,0.975
20,y3,0.564,0.415,0.324,0.279,0.313,0.412,0.34,0.294,0.317,0.355,0.32,0.379,0.357,0.959,0.975,1.0
21,.,1.0,0.316,0.212,0.136,0.087,0.192,0.16,0.17,0.171,0.261,0.071,0.178,0.073,0.561,0.569,0.549
21,A1_1,0.316,1.0,0.965,0.924,0.655,0.74,0.733,0.942,0.941,0.983,0.651,0.735,0.634,0.399,0.448,0.385
21,A1_2,0.212,0.965,1.0,0.967,0.618,0.68,0.684,0.991,0.974,0.986,0.605,0.674,0.592,0.317,0.353,0.297
21,A1_3,0.136,0.924,0.967,1.0,0.642,0.678,0.694,0.981,0.947,0.952,0.62,0.688,0.618,0.261,0.307,0.251
21,B1_1,0.087,0.655,0.618,0.642,1.0,0.955,0.963,0.586,0.652,0.632,0.972,0.944,0.989,0.264,0.333,0.281
21,B1_2,0.192,0.74,0.68,0.678,0.955,1.0,0.95,0.641,0.7,0.703,0.933,0.937,0.943,0.352,0.42,0.375
21,B1_3,0.16,0.733,0.684,0.694,0.963,0.95,1.0,0.646,0.685,0.702,0.968,0.992,0.95,0.312,0.37,0.312
21,A2_1,0.17,0.942,0.991,0.981,0.586,0.641,0.646,1.0,0.964,0.973,0.564,0.639,0.56,0.287,0.317,0.263
21,A2_2,0.171,0.941,0.974,0.947,0.652,0.7,0.685,0.964,1.0,0.967,0.628,0.668,0.632,0.291,0.329,0.268
21,A2_3,0.261,0.983,0.986,0.952,0.632,0.703,0.702,0.973,0.967,1.0,0.618,0.696,0.606,0.364,0.398,0.338
21,B2_1,0.071,0.651,0.605,0.62,0.972,0.933,0.968,0.564,0.628,0.618,1.0,0.964,0.972,0.258,0.323,0.268
21,B2_2,0.178,0.735,0.674,0.688,0.944,0.937,0.992,0.639,0.668,0.696,0.964,1.0,0.935,0.353,0.41,0.349
21,B2_3,0.073,0.634,0.592,0.618,0.989,0.943,0.95,0.56,0.632,0.606,0.972,0.935,1.0,0.276,0.355,0.302
21,y1,0.561,0.399,0.317,0.261,0.264,0.352,0.312,0.287,0.291,0.364,0.258,0.353,0.276,1.0,0.959,0.962
21,y2,0.569,0.448,0.353,0.307,0.333,0.42,0.37,0.317,0.329,0.398,0.323,0.41,0.355,0.959,1.0,0.978
21,y3,0.549,0.385,0.297,0.251,0.281,0.375,0.312,0.263,0.268,0.338,0.268,0.349,0.302,0.962,0.978,1.0
22,.,1.0,0.367,0.262,0.205,0.148,0.263,0.22,0.224,0.278,0.302,0.176,0.238,0.151,0.547,0.561,0.534
22,A1_1,0.367,1.0,0.966,0.932,0.659,0.75,0.734,0.946,0.973,0.981,0.691,0.735,0.661,0.446,0.501,0.432
22,A1_2,0.262,0.966,1.0,0.975,0.622,0.687,0.688,0.992,0.992,0.989,0.64,0.675,0.615,0.355,0.398,0.337
22,A1_3,0.205,0.932,0.975,1.0,0.638,0.682,0.694,0.984,0.964,0.962,0.652,0.685,0.636,0.313,0.365,0.302
22,B1_1,0.148,0.659,0.622,0.638,1.0,0.949,0.961,0.588,0.662,0.631,0.969,0.943,0.985,0.31,0.384,0.324
22,B1_2,0.263,0.75,0.687,0.682,0.949,1.0,0.944,0.65,0.726,0.705,0.941,0.932,0.942,0.407,0.479,0.425
22,B1_3,0.22,0.734,0.688,0.694,0.961,0.944,1.0,0.651,0.712,0.699,0.98,0.991,0.949,0.35,0.412,0.346
22,A2_1,0.224,0.946,0.992,0.984,0.588,0.65,0.651,1.0,0.979,0.978,0.602,0.64,0.584,0.329,0.367,0.308
22,A2_2,0.278,0.973,0.992,0.964,0.662,0.726,0.712,0.979,1.0,0.994,0.67,0.697,0.657,0.37,0.415,0.35
22,A2_3,0.302,0.981,0.989,0.962,0.631,0.705,0.699,0.978,0.994,1.0,0.65,0.689,0.626,0.391,0.433,0.369
22,B2_1,0.176,0.691,0.64,0.652,0.969,0.941,0.98,0.602,0.67,0.65,1.0,0.983,0.974,0.339,0.41,0.343
22,B2_2,0.238,0.735,0.675,0.685,0.943,0.932,0.991,0.64,0.697,0.689,0.983,1.0,0.941,0.39,0.45,0.382
22,B2_3,0.151,0.661,0.615,0.636,0.985,0.942,0.949,0.584,0.657,0.626,0.974,0.941,1.0,0.339,0.424,0.36
22,y1,0.547,0.446,0.355,0.313,0.31,0.407,0.35,0.329,0.37,0.391,0.339,0.39,0.339,1.0,0.959,0.967
22,y2,0.561,0.501,0.398,0.365,0.384,0.479,0.412,0.367,0.415,0.433,0.41,0.45,0.424,0.959,1.0,0.978
22,y3,0.534,0.432,0.337,0.302,0.324,0.425,0.346,0.308,0.35,0.369,0.343,0.382,0.36,0.967,0.978,1.0
23,.,1.0,0.298,0.208,0.14,0.086,0.188,0.16,0.156,0.161,0.245,0.07,0.175,0.063,0.524,0.538,0.522
23,A1_1,0.298,1.0,0.968,0.932,0.635,0.717,0.718,0.943,0.944,0.983,0.625,0.712,0.61,0.393,0.443,0.382
23,A1_2,0.208,0.968,1.0,0.971,0.596,0.658,0.67,0.99,0.974,0.989,0.578,0.651,0.569,0.323,0.359,0.305
23,A1_3,0.14,0.932,0.971,1.0,0.603,0.645,0.666,0.984,0.948,0.96,0.576,0.652,0.573,0.271,0.314,0.261
23,B1_1,0.086,0.635,0.596,0.603,1.0,0.953,0.957,0.558,0.618,0.603,0.968,0.941,0.987,0.265,0.329,0.281
23,B1_2,0.188,0.717,0.658,0.645,0.953,1.0,0.944,0.614,0.67,0.673,0.926,0.93,0.938,0.347,0.412,0.371
23,B1_3,0.16,0.718,0.67,0.666,0.957,0.944,1.0,0.625,0.659,0.68,0.964,0.991,0.946,0.319,0.372,0.316
23,A2_1,0.156,0.943,0.99,0.984,0.558,0.614,0.625,1.0,0.965,0.975,0.531,0.608,0.529,0.285,0.314,0.263
23,A2_2,0.161,0.944,0.974,0.948,0.618,0.67,0.659,0.965,1.0,0.971,0.587,0.634,0.597,0.282,0.321,0.264
23,A2_3,0.245,0.983,0.989,0.96,0.603,0.673,0.68,0.975,0.971,1.0,0.583,0.665,0.574,0.358,0.393,0.336
23,B2_1,0.07,0.625,0.578,0.576,0.968,0.926,0.964,0.531,0.587,0.583,1.0,0.963,0.971,0.257,0.319,0.267
23,B2_2,0.175,0.712,0.651,0.652,0.941,0.93,0.991,0.608,0.634,0.665,0.963,1.0,0.933,0.356,0.408,0.349
23,B2_3,0.063,0.61,0.569,0.573,0.987,0.938,0.946,0.529,0.597,0.574,0.971,0.933,1.0,0.276,0.348,0.297
23,y1,0.524,0.393,0.323,0.271,0.265,0.347,0.319,0.285,0.282,0.358,0.257,0.356,0.276,1.0,0.96,0.957
23,y2,0.538,0.443,0.359,0.314,0.329,0.412,0.372,0.314,0.321,0.393,0.319,0.408,0.348,0.96,1.0,0.979
23,y3,0.522,0.382,0.305,0.261,0.281,0.371,0.316,0.263,0.264,0.336,0.267,0.349,0.297,0.957,0.979,1.0
24,.,1.0,0.298,0.199,0.136,0.076,0.183,0.139,0.153,0.155,0.249,0.052,0.159,0.047,0.512,0.53,0.508
24,A1_1,0.298,1.0,0.966,0.93,0.637,0.725,0.717,0.941,0.937,0.984,0.629,0.723,0.608,0.387,0.443,0.381
24,A1_2,0.199,0.966,1.0,0.967,0.594,0.663,0.666,0.99,0.971,0.988,0.58,0.657,0.564,0.306,0.345,0.292
24,A1_3,0.136,0.93,0.967,1.0,0.61,0.657,0.672,0.983,0.939,0.958,0.587,0.669,0.577,0.259,0.307,0.255
24,B1_1,0.076,0.637,0.594,0.61,1.0,0.951,0.966,0.559,0.617,0.611,0.972,0.947,0.988,0.254,0.322,0.275
24,B1_2,0.183,0.725,0.663,0.657,0.951,1.0,0.949,0.621,0.674,0.686,0.926,0.934,0.934,0.339,0.409,0.367
24,B1_3,0.139,0.717,0.666,0.672,0.966,0.949,1.0,0.626,0.661,0.686,0.968,0.991,0.954,0.297,0.357,0.301
24,A2_1,0.153,0.941,0.99,0.983,0.559,0.621,0.626,1.0,0.961,0.972,0.535,0.619,0.527,0.273,0.307,0.256
24,A2_2,0.155,0.937,0.971,0.939,0.617,0.674,0.661,0.961,1.0,0.964,0.593,0.643,0.597,0.269,0.313,0.254
24,A2_3,0.249,0.984,0.988,0.958,0.611,0.686,0.686,0.972,0.964,1.0,0.594,0.681,0.578,0.353,0.393,0.337
24,B2_1,0.052,0.629,0.58,0.587,0.972,0.926,0.968,0.535,0.593,0.594,1.0,0.962,0.976,0.239,0.305,0.254
24,B2_2,0.159,0.723,0.657,0.669,0.947,0.934,0.991,0.619,0.643,0.681,0.962,1.0,0.936,0.339,0.397,0.338
24,B2_3,0.047,0.608,0.564,0.577,0.988,0.934,0.954,0.527,0.597,0.578,0.976,0.936,1.0,0.254,0.33,0.279
24,y1,0.512,0.387,0.306,0.259,0.254,0.339,0.297,0.273,0.269,0.353,0.239,0.339,0.254,1.0,0.957,0.96
24,y2,0.53,0.443,0.345,0.307,0.322,0.409,0.357,0.307,0.313,0.393,0.305,0.397,0.33,0.957,1.0,0.977
24,y3,0.508,0.381,0.292,0.255,0.275,0.367,0.301,0.256,0.254,0.337,0.254,0.338,0.279,0.96,0.977,1.0
25,.,1.0,0.334,0.237,0.175,0.105,0.221,0.172,0.187,0.227,0.284,0.108,0.19,0.094,0.516,0.527,0.509
25,A1_1,0.334,1.0,0.967,0.932,0.641,0.732,0.723,0.939,0.962,0.983,0.66,0.727,0.632,0.413,0.47,0.398
