,,.,A1_1,A1_2,A1_3,B1_1,B1_2,B1_3,A2_1,A2_2,A2_3,B2_1,B2_2,B2_3,y1,y2,y3
0,.,0.022,0.122,0.084,0.096,0.035,0.105,0.029,0.033,0.075,0.072,0.015,0.019,0.131,0.088,0.043,0.032
0,A1_1,0.058,0.196,0.002,0.099,0.011,0.003,0.314,0.004,0.091,0.034,0.008,0.052,0.029,0.069,0.005,0.026
0,A1_2,0.046,0.227,0.008,0.352,0.011,0.111,0.013,0.084,0.003,0.054,0.016,0.004,0.01,0.005,0.014,0.041
0,A1_3,0.025,0.12,0.015,0.428,0.002,0.015,0.013,0.002,0.259,0.027,0.002,0.046,0.008,0.032,0.003,0.003
0,B1_1,0.209,0.094,0.005,0.013,0.009,0.007,0.053,0.02,0.019,0.247,0.073,0.06,0.066,0.01,0.044,0.071
0,B1_2,0.007,0.028,0.005,0.292,0.003,0.029,0.03,0.018,0.002,0.375,0.061,0.001,0.021,0.005,0.008,0.116
0,B1_3,0.175,0.048,0.005,0.116,0.002,0.018,0.006,0.134,0.009,0.067,0.035,0.01,0.018,0.017,0.292,0.049
0,A2_1,0.037,0.019,0.006,0.025,0.001,0.331,0.051,0.027,0.026,0.024,0.058,0.056,0.014,0.119,0.118,0.087
0,A2_2,0.152,0.016,0.001,0.074,0.007,0.042,0.108,0.006,0.021,0.288,0.038,0.12,0.029,0.05,0.015,0.034
0,A2_3,0.012,0.016,0.004,0.221,0.002,0.065,0.061,0.007,0.045,0.119,0.068,0.006,0.153,0.132,0.042,0.046
0,B2_1,0.503,0.066,0.002,0.108,0.001,0.004,0.006,0.071,0.006,0.12,0.019,0.016,0.004,0.003,0.05,0.021
0,B2_2,0.004,0.053,0.005,0.217,0.001,0.084,0.083,0.01,0.037,0.083,0.194,0.008,0.021,0.13,0.017,0.052
0,B2_3,0.615,0.122,0.002,0.08,0.004,0.002,0.007,0.058,0.017,0.032,0.006,0.028,0.002,0.002,0.016,0.006
0,y1,0.003,0.015,0.005,0.2,0.001,0.175,0.046,0.002,0.043,0.186,0.084,0.005,0.028,0.167,0.02,0.02
0,y2,0.689,0.117,0.001,0.027,0.002,0.002,0.006,0.052,0.021,0.017,0.004,0.025,0.003,0.006,0.023,0.005
0,y3,0.003,0.03,0.006,0.505,0.001,0.061,0.03,0.005,0.005,0.2,0.057,0.002,0.026,0.025,0.005,0.04
1,.,0.027,0.126,0.107,0.065,0.04,0.091,0.029,0.04,0.092,0.049,0.015,0.02,0.127,0.083,0.052,0.037
1,A1_1,0.078,0.191,0.002,0.05,0.016,0.003,0.324,0.005,0.095,0.023,0.007,0.067,0.026,0.068,0.006,0.039
1,A1_2,0.096,0.179,0.011,0.219,0.031,0.12,0.018,0.106,0.003,0.057,0.021,0.008,0.014,0.008,0.02,0.091
1,A1_3,0.056,0.177,0.048,0.166,0.006,0.023,0.014,0.009,0.368,0.012,0.004,0.062,0.009,0.028,0.009,0.008
1,B1_1,0.219,0.052,0.004,0.003,0.017,0.007,0.056,0.019,0.011,0.14,0.092,0.085,0.05,0.013,0.063,0.168
1,B1_2,0.019,0.017,0.01,0.142,0.012,0.06,0.036,0.059,0.001,0.142,0.093,0.004,0.039,0.005,0.016,0.346
1,B1_3,0.189,0.009,0.006,0.028,0.002,0.029,0.007,0.112,0.009,0.033,0.064,0.013,0.008,0.024,0.381,0.085
1,A2_1,0.07,0.014,0.008,0.003,0.005,0.098,0.023,0.055,0.007,0.015,0.132,0.058,0.002,0.039,0.391,0.08
1,A2_2,0.173,0.032,0.004,0.02,0.021,0.064,0.081,0.012,0.027,0.151,0.055,0.162,0.031,0.057,0.024,0.086
1,A2_3,0.066,0.028,0.005,0.059,0.02,0.042,0.065,0.052,0.021,0.081,0.046,0.037,0.176,0.05,0.047,0.206
1,B2_1,0.378,0.01,0.009,0.061,0.002,0.022,0.007,0.102,0.003,0.106,0.039,0.015,0.01,0.008,0.145,0.083
1,B2_2,0.052,0.014,0.005,0.009,0.003,0.06,0.024,0.057,0.013,0.025,0.161,0.065,0.003,0.066,0.381,0.063
1,B2_3,0.413,0.107,0.006,0.008,0.035,0.035,0.019,0.099,0.009,0.013,0.015,0.121,0.008,0.027,0.013,0.072
1,y1,0.002,0.012,0.008,0.037,0.003,0.159,0.057,0.003,0.083,0.046,0.02,0.006,0.117,0.401,0.025,0.023
1,y2,0.877,0.07,0.0,0.001,0.0,0.0,0.001,0.021,0.003,0.004,0.001,0.004,0.008,0.002,0.006,0.002
1,y3,0.002,0.025,0.02,0.306,0.003,0.023,0.033,0.107,0.004,0.158,0.037,0.001,0.107,0.009,0.005,0.16
2,.,0.022,0.132,0.125,0.057,0.043,0.081,0.027,0.042,0.106,0.036,0.012,0.018,0.125,0.085,0.049,0.038
2,A1_1,0.066,0.212,0.002,0.038,0.022,0.003,0.315,0.005,0.093,0.019,0.006,0.069,0.027,0.073,0.006,0.044
2,A1_2,0.071,0.158,0.016,0.162,0.053,0.157,0.022,0.087,0.004,0.044,0.016,0.009,0.02,0.011,0.021,0.149
2,A1_3,0.043,0.218,0.073,0.11,0.011,0.024,0.014,0.018,0.351,0.009,0.004,0.061,0.013,0.027,0.011,0.011
2,B1_1,0.12,0.049,0.009,0.002,0.033,0.01,0.054,0.018,0.009,0.105,0.065,0.057,0.073,0.021,0.083,0.291
2,B1_2,0.016,0.016,0.018,0.089,0.022,0.074,0.033,0.088,0.001,0.08,0.055,0.005,0.051,0.006,0.02,0.425
2,B1_3,0.128,0.006,0.013,0.018,0.003,0.046,0.01,0.081,0.01,0.023,0.059,0.011,0.01,0.03,0.401,0.151
2,A2_1,0.034,0.019,0.022,0.002,0.011,0.097,0.027,0.046,0.012,0.014,0.054,0.035,0.003,0.034,0.47,0.121
2,A2_2,0.106,0.064,0.013,0.01,0.055,0.103,0.041,0.022,0.024,0.136,0.027,0.084,0.024,0.048,0.074,0.17
2,A2_3,0.035,0.046,0.012,0.026,0.024,0.033,0.039,0.09,0.007,0.032,0.035,0.022,0.086,0.025,0.033,0.455
2,B2_1,0.31,0.009,0.015,0.068,0.006,0.036,0.015,0.06,0.006,0.076,0.045,0.022,0.021,0.018,0.149,0.143
2,B2_2,0.048,0.015,0.014,0.007,0.006,0.105,0.02,0.057,0.041,0.012,0.048,0.052,0.007,0.081,0.416,0.072
2,B2_3,0.389,0.127,0.012,0.005,0.055,0.013,0.009,0.179,0.007,0.007,0.013,0.048,0.006,0.01,0.032,0.088
2,y1,0.003,0.015,0.013,0.026,0.006,0.311,0.045,0.007,0.106,0.039,0.016,0.01,0.056,0.273,0.039,0.036
2,y2,0.77,0.097,0.002,0.002,0.002,0.0,0.003,0.037,0.015,0.008,0.001,0.015,0.006,0.009,0.021,0.012
2,y3,0.004,0.039,0.029,0.269,0.017,0.049,0.069,0.041,0.005,0.11,0.054,0.002,0.149,0.022,0.006,0.136
3,.,0.022,0.123,0.139,0.056,0.046,0.078,0.027,0.039,0.114,0.032,0.012,0.017,0.122,0.089,0.048,0.035
3,A1_1,0.081,0.179,0.002,0.037,0.029,0.003,0.315,0.005,0.091,0.018,0.007,0.074,0.027,0.081,0.006,0.044
3,A1_2,0.077,0.106,0.021,0.159,0.078,0.185,0.03,0.055,0.005,0.043,0.022,0.011,0.026,0.015,0.023,0.143
3,A1_3,0.066,0.177,0.091,0.105,0.018,0.022,0.017,0.019,0.333,0.009,0.006,0.067,0.014,0.03,0.013,0.013
3,B1_1,0.108,0.037,0.014,0.003,0.055,0.018,0.063,0.011,0.009,0.107,0.071,0.05,0.075,0.028,0.087,0.263
3,B1_2,0.024,0.012,0.026,0.105,0.037,0.093,0.042,0.065,0.003,0.053,0.079,0.009,0.061,0.011,0.028,0.352
3,B1_3,0.172,0.005,0.023,0.017,0.006,0.042,0.015,0.03,0.014,0.024,0.076,0.012,0.012,0.042,0.386,0.124
3,A2_1,0.058,0.024,0.034,0.002,0.023,0.093,0.024,0.033,0.024,0.016,0.034,0.027,0.003,0.038,0.469,0.099
3,A2_2,0.072,0.046,0.02,0.017,0.081,0.168,0.031,0.015,0.029,0.112,0.022,0.037,0.021,0.071,0.107,0.151
3,A2_3,0.084,0.054,0.026,0.034,0.038,0.033,0.042,0.064,0.012,0.027,0.051,0.027,0.073,0.042,0.055,0.337
3,B2_1,0.38,0.009,0.014,0.059,0.02,0.031,0.035,0.019,0.023,0.029,0.055,0.043,0.037,0.053,0.101,0.093
3,B2_2,0.161,0.046,0.017,0.019,0.019,0.077,0.028,0.034,0.115,0.019,0.035,0.05,0.018,0.1,0.18,0.081
3,B2_3,0.372,0.098,0.032,0.038,0.071,0.014,0.033,0.066,0.026,0.009,0.039,0.031,0.017,0.014,0.048,0.09
3,y1,0.105,0.033,0.01,0.017,0.017,0.105,0.031,0.012,0.166,0.041,0.018,0.035,0.032,0.174,0.132,0.073
3,y2,0.261,0.192,0.026,0.024,0.019,0.012,0.027,0.081,0.086,0.018,0.016,0.039,0.014,0.035,0.067,0.084
3,y3,0.075,0.062,0.011,0.059,0.098,0.117,0.046,0.031,0.026,0.055,0.044,0.027,0.06,0.079,0.051,0.158
4,.,0.023,0.123,0.15,0.048,0.047,0.074,0.026,0.04,0.112,0.031,0.012,0.018,0.115,0.099,0.049,0.034
4,A1_1,0.084,0.161,0.003,0.029,0.038,0.004,0.301,0.004,0.072,0.022,0.007,0.089,0.028,0.104,0.006,0.048
4,A1_2,0.088,0.083,0.024,0.119,0.096,0.209,0.033,0.043,0.004,0.046,0.029,0.012,0.03,0.022,0.023,0.14
4,A1_3,0.09,0.155,0.117,0.085,0.027,0.022,0.016,0.03,0.233,0.012,0.01,0.106,0.015,0.049,0.018,0.016
4,B1_1,0.079,0.026,0.01,0.001,0.071,0.016,0.054,0.009,0.004,0.114,0.061,0.044,0.067,0.039,0.068,0.338
4,B1_2,0.03,0.01,0.026,0.091,0.049,0.102,0.051,0.058,0.002,0.052,0.08,0.012,0.088,0.015,0.02,0.316
4,B1_3,0.188,0.003,0.028,0.015,0.006,0.032,0.012,0.032,0.01,0.027,0.084,0.013,0.008,0.05,0.394,0.097
4,A2_1,0.066,0.024,0.039,0.002,0.03,0.072,0.021,0.046,0.014,0.019,0.036,0.04,0.002,0.043,0.473,0.074
4,A2_2,0.079,0.052,0.028,0.009,0.116,0.206,0.016,0.013,0.017,0.096,0.018,0.063,0.012,0.09,0.073,0.112
4,A2_3,0.115,0.044,0.017,0.024,0.112,0.014,0.053,0.042,0.006,0.023,0.046,0.052,0.132,0.033,0.016,0.27
4,B2_1,0.379,0.004,0.014,0.12,0.029,0.036,0.04,0.01,0.005,0.05,0.068,0.027,0.053,0.037,0.047,0.082
4,B2_2,0.116,0.033,0.036,0.023,0.011,0.039,0.022,0.056,0.061,0.01,0.105,0.056,0.006,0.077,0.307,0.041
4,B2_3,0.582,0.035,0.022,0.011,0.076,0.011,0.02,0.024,0.019,0.006,0.05,0.05,0.006,0.013,0.042,0.034
4,y1,0.126,0.032,0.016,0.014,0.035,0.1,0.038,0.009,0.141,0.04,0.022,0.063,0.033,0.172,0.097,0.062
4,y2,0.295,0.156,0.022,0.016,0.035,0.008,0.024,0.122,0.042,0.015,0.019,0.047,0.017,0.048,0.047,0.087
4,y3,0.113,0.051,0.015,0.104,0.12,0.069,0.068,0.024,0.028,0.073,0.037,0.036,0.078,0.066,0.028,0.088
5,.,0.022,0.119,0.157,0.049,0.043,0.076,0.024,0.038,0.119,0.028,0.011,0.016,0.111,0.102,0.051,0.034
5,A1_1,0.092,0.154,0.003,0.028,0.038,0.004,0.271,0.004,0.074,0.023,0.007,0.097,0.029,0.12,0.007,0.05
5,A1_2,0.089,0.065,0.022,0.103,0.092,0.254,0.034,0.03,0.005,0.04,0.035,0.012,0.032,0.025,0.024,0.135
5,A1_3,0.094,0.13,0.138,0.084,0.025,0.021,0.015,0.022,0.236,0.014,0.015,0.085,0.016,0.065,0.025,0.016
5,B1_1,0.1,0.025,0.011,0.002,0.063,0.019,0.049,0.008,0.005,0.108,0.06,0.045,0.07,0.044,0.08,0.314
5,B1_2,0.027,0.008,0.028,0.098,0.051,0.139,0.056,0.038,0.002,0.037,0.122,0.012,0.082,0.018,0.021,0.26
5,B1_3,0.212,0.003,0.034,0.015,0.004,0.02,0.011,0.014,0.014,0.021,0.093,0.01,0.009,0.064,0.411,0.063
5,A2_1,0.137,0.036,0.043,0.004,0.024,0.064,0.019,0.04,0.048,0.013,0.028,0.044,0.002,0.047,0.399,0.053
5,A2_2,0.096,0.05,0.021,0.019,0.109,0.209,0.017,0.009,0.022,0.078,0.034,0.061,0.013,0.112,0.066,0.083
5,A2_3,0.165,0.045,0.027,0.046,0.126,0.018,0.05,0.045,0.01,0.02,0.06,0.047,0.116,0.039,0.024,0.161
5,B2_1,0.547,0.005,0.012,0.056,0.022,0.023,0.026,0.01,0.015,0.017,0.042,0.034,0.034,0.061,0.059,0.035
5,B2_2,0.171,0.065,0.035,0.026,0.015,0.034,0.022,0.039,0.156,0.011,0.044,0.059,0.007,0.098,0.184,0.033
5,B2_3,0.528,0.03,0.015,0.025,0.123,0.015,0.02,0.024,0.01,0.009,0.053,0.048,0.012,0.025,0.032,0.031
5,y1,0.154,0.04,0.031,0.136,0.045,0.045,0.042,0.008,0.172,0.041,0.044,0.042,0.039,0.093,0.042,0.024
5,y2,0.357,0.057,0.02,0.008,0.017,0.014,0.015,0.056,0.111,0.012,0.015,0.053,0.01,0.089,0.122,0.045
5,y3,0.081,0.073,0.017,0.07,0.191,0.051,0.063,0.037,0.015,0.06,0.087,0.059,0.046,0.06,0.031,0.059
6,.,0.021,0.129,0.17,0.043,0.04,0.075,0.022,0.037,0.125,0.027,0.01,0.015,0.098,0.1,0.054,0.034
6,A1_1,0.083,0.18,0.003,0.022,0.039,0.005,0.234,0.004,0.069,0.023,0.006,0.103,0.025,0.136,0.008,0.06
6,A1_2,0.077,0.076,0.026,0.075,0.09,0.296,0.034,0.024,0.005,0.041,0.03,0.015,0.028,0.023,0.021,0.138
6,A1_3,0.096,0.17,0.146,0.056,0.026,0.025,0.013,0.02,0.176,0.017,0.013,0.105,0.015,0.077,0.025,0.021
6,B1_1,0.064,0.03,0.012,0.001,0.069,0.024,0.043,0.007,0.004,0.085,0.043,0.037,0.07,0.045,0.062,0.402
6,B1_2,0.032,0.014,0.045,0.099,0.054,0.155,0.058,0.043,0.003,0.033,0.099,0.015,0.073,0.016,0.019,0.241
6,B1_3,0.223,0.004,0.039,0.012,0.005,0.022,0.009,0.012,0.014,0.024,0.068,0.014,0.008,0.073,0.406,0.068
6,A2_1,0.139,0.064,0.052,0.004,0.027,0.07,0.023,0.04,0.073,0.013,0.022,0.074,0.002,0.052,0.284,0.061
6,A2_2,0.115,0.063,0.021,0.017,0.123,0.207,0.019,0.008,0.017,0.055,0.037,0.079,0.014,0.102,0.044,0.079
6,A2_3,0.126,0.08,0.042,0.056,0.139,0.019,0.052,0.043,0.012,0.021,0.063,0.062,0.1,0.035,0.018,0.132
6,B2_1,0.667,0.006,0.009,0.023,0.024,0.017,0.017,0.007,0.012,0.011,0.022,0.029,0.025,0.055,0.046,0.029
6,B2_2,0.098,0.142,0.063,0.055,0.026,0.034,0.031,0.052,0.161,0.012,0.046,0.068,0.012,0.076,0.09,0.034
6,B2_3,0.703,0.021,0.012,0.011,0.053,0.012,0.01,0.016,0.012,0.006,0.015,0.037,0.008,0.027,0.035,0.023
6,y1,0.077,0.109,0.046,0.148,0.06,0.055,0.048,0.013,0.115,0.04,0.054,0.08,0.033,0.076,0.024,0.021
6,y2,0.476,0.047,0.018,0.006,0.019,0.01,0.01,0.035,0.076,0.011,0.009,0.045,0.01,0.084,0.105,0.04
6,y3,0.057,0.11,0.02,0.063,0.207,0.061,0.067,0.043,0.018,0.047,0.051,0.07,0.06,0.056,0.02,0.051
7,.,0.02,0.132,0.172,0.042,0.038,0.073,0.02,0.039,0.123,0.027,0.01,0.014,0.093,0.103,0.054,0.038
7,A1_1,0.071,0.182,0.003,0.019,0.039,0.005,0.206,0.004,0.064,0.025,0.006,0.103,0.025,0.166,0.009,0.074
7,A1_2,0.061,0.062,0.025,0.055,0.097,0.341,0.027,0.023,0.004,0.048,0.026,0.014,0.025,0.024,0.022,0.145
7,A1_3,0.117,0.18,0.115,0.048,0.025,0.034,0.009,0.025,0.122,0.02,0.013,0.145,0.014,0.083,0.022,0.027
7,B1_1,0.028,0.019,0.011,0.001,0.067,0.029,0.033,0.006,0.002,0.102,0.032,0.025,0.061,0.05,0.068,0.465
7,B1_2,0.041,0.017,0.047,0.067,0.039,0.15,0.044,0.06,0.002,0.032,0.073,0.018,0.075,0.02,0.021,0.293
7,B1_3,0.161,0.005,0.041,0.013,0.007,0.037,0.007,0.016,0.01,0.038,0.061,0.02,0.008,0.091,0.391,0.094
7,A2_1,0.096,0.046,0.038,0.004,0.032,0.093,0.021,0.04,0.04,0.022,0.019,0.094,0.003,0.065,0.292,0.095
7,A2_2,0.089,0.068,0.019,0.022,0.125,0.227,0.022,0.007,0.013,0.069,0.033,0.095,0.018,0.09,0.025,0.077
7,A2_3,0.132,0.096,0.035,0.032,0.09,0.02,0.035,0.037,0.014,0.019,0.05,0.081,0.095,0.048,0.018,0.199
7,B2_1,0.496,0.005,0.01,0.05,0.044,0.03,0.04,0.004,0.009,0.024,0.045,0.033,0.066,0.054,0.029,0.061
7,B2_2,0.092,0.097,0.063,0.051,0.017,0.047,0.025,0.052,0.138,0.012,0.067,0.059,0.009,0.089,0.141,0.04
7,B2_3,0.63,0.027,0.018,0.01,0.041,0.016,0.012,0.016,0.023,0.007,0.023,0.053,0.008,0.038,0.046,0.03
7,y1,0.115,0.101,0.03,0.041,0.059,0.085,0.028,0.015,0.096,0.034,0.042,0.113,0.022,0.137,0.044,0.037
7,y2,0.332,0.081,0.024,0.01,0.033,0.014,0.017,0.054,0.073,0.015,0.014,0.056,0.019,0.107,0.074,0.078
7,y3,0.063,0.09,0.02,0.061,0.159,0.081,0.064,0.033,0.021,0.055,0.053,0.068,0.074,0.072,0.022,0.063
8,.,0.019,0.137,0.184,0.041,0.035,0.071,0.019,0.041,0.123,0.027,0.01,0.013,0.084,0.103,0.054,0.039
8,A1_1,0.062,0.188,0.003,0.018,0.039,0.006,0.188,0.005,0.059,0.024,0.006,0.1,0.023,0.176,0.009,0.093
8,A1_2,0.057,0.056,0.027,0.046,0.098,0.367,0.024,0.023,0.004,0.048,0.021,0.014,0.024,0.02,0.022,0.149
8,A1_3,0.147,0.159,0.122,0.044,0.024,0.048,0.007,0.025,0.099,0.018,0.012,0.15,0.011,0.078,0.023,0.031
8,B1_1,0.018,0.017,0.012,0.001,0.078,0.032,0.025,0.007,0.001,0.109,0.023,0.019,0.042,0.036,0.07,0.51
8,B1_2,0.042,0.019,0.059,0.044,0.029,0.168,0.032,0.067,0.002,0.032,0.041,0.016,0.062,0.015,0.021,0.349
8,B1_3,0.129,0.005,0.049,0.015,0.012,0.065,0.006,0.024,0.007,0.04,0.049,0.029,0.005,0.08,0.396,0.088
8,A2_1,0.108,0.047,0.035,0.004,0.043,0.099,0.018,0.045,0.027,0.03,0.014,0.154,0.002,0.042,0.23,0.101
8,A2_2,0.045,0.084,0.02,0.037,0.132,0.185,0.035,0.006,0.007,0.155,0.038,0.082,0.017,0.023,0.011,0.125
8,A2_3,0.239,0.086,0.015,0.023,0.045,0.014,0.051,0.015,0.023,0.013,0.028,0.141,0.057,0.025,0.009,0.217
8,B2_1,0.278,0.019,0.008,0.139,0.065,0.028,0.13,0.003,0.018,0.052,0.075,0.044,0.039,0.014,0.009,0.078
8,B2_2,0.071,0.095,0.067,0.056,0.017,0.045,0.047,0.013,0.082,0.023,0.127,0.033,0.018,0.116,0.121,0.069
8,B2_3,0.624,0.023,0.028,0.018,0.039,0.02,0.019,0.01,0.025,0.005,0.03,0.047,0.012,0.033,0.03,0.038
8,y1,0.111,0.095,0.038,0.015,0.048,0.096,0.019,0.016,0.083,0.026,0.028,0.085,0.014,0.162,0.109,0.056
8,y2,0.265,0.091,0.034,0.013,0.032,0.021,0.025,0.031,0.072,0.017,0.017,0.066,0.031,0.106,0.053,0.124
8,y3,0.091,0.067,0.022,0.038,0.148,0.145,0.047,0.023,0.016,0.034,0.042,0.06,0.061,0.084,0.03,0.092
9,.,0.018,0.141,0.177,0.038,0.032,0.067,0.017,0.044,0.131,0.027,0.009,0.013,0.078,0.116,0.054,0.037
9,A1_1,0.05,0.19,0.003,0.015,0.038,0.006,0.159,0.005,0.061,0.025,0.005,0.096,0.022,0.224,0.01,0.09
9,A1_2,0.047,0.061,0.027,0.032,0.096,0.415,0.019,0.026,0.004,0.045,0.017,0.015,0.022,0.025,0.021,0.13
9,A1_3,0.146,0.176,0.087,0.031,0.024,0.043,0.006,0.03,0.086,0.024,0.01,0.169,0.013,0.102,0.02,0.035
9,B1_1,0.011,0.014,0.009,0.001,0.076,0.042,0.021,0.008,0.001,0.115,0.019,0.015,0.05,0.055,0.061,0.501
9,B1_2,0.061,0.034,0.053,0.037,0.022,0.114,0.024,0.115,0.003,0.041,0.027,0.02,0.061,0.023,0.023,0.343
9,B1_3,0.047,0.008,0.049,0.011,0.014,0.078,0.007,0.024,0.008,0.051,0.038,0.024,0.006,0.101,0.401,0.132
9,A2_1,0.14,0.048,0.016,0.003,0.051,0.095,0.012,0.04,0.012,0.031,0.018,0.213,0.002,0.073,0.159,0.087
9,A2_2,0.048,0.14,0.016,0.065,0.135,0.159,0.029,0.006,0.012,0.147,0.03,0.111,0.02,0.019,0.004,0.06
9,A2_3,0.16,0.067,0.017,0.009,0.023,0.008,0.044,0.017,0.049,0.018,0.019,0.142,0.073,0.04,0.024,0.289
9,B2_1,0.15,0.013,0.013,0.059,0.071,0.059,0.124,0.003,0.01,0.059,0.11,0.037,0.067,0.032,0.017,0.174
9,B2_2,0.202,0.106,0.036,0.059,0.038,0.037,0.032,0.024,0.041,0.013,0.133,0.076,0.013,0.091,0.065,0.034
9,B2_3,0.53,0.039,0.04,0.024,0.042,0.025,0.013,0.014,0.043,0.009,0.031,0.06,0.013,0.049,0.03,0.038
9,y1,0.092,0.087,0.028,0.007,0.044,0.098,0.018,0.025,0.106,0.022,0.018,0.083,0.015,0.18,0.101,0.077
9,y2,0.219,0.099,0.02,0.008,0.031,0.02,0.024,0.039,0.06,0.02,0.011,0.084,0.042,0.168,0.04,0.113
9,y3,0.074,0.081,0.019,0.038,0.168,0.146,0.045,0.028,0.014,0.041,0.041,0.078,0.068,0.078,0.02,0.062
10,.,0.018,0.147,0.185,0.034,0.031,0.065,0.016,0.045,0.133,0.028,0.008,0.012,0.072,0.11,0.059,0.038
10,A1_1,0.049,0.189,0.003,0.012,0.038,0.007,0.145,0.005,0.063,0.025,0.004,0.104,0.02,0.227,0.012,0.095
10,A1_2,0.043,0.059,0.026,0.023,0.109,0.441,0.017,0.023,0.003,0.05,0.014,0.018,0.019,0.021,0.023,0.11
10,A1_3,0.188,0.17,0.077,0.023,0.022,0.05,0.004,0.026,0.068,0.024,0.008,0.181,0.012,0.091,0.021,0.037
10,B1_1,0.011,0.016,0.011,0.001,0.102,0.063,0.023,0.009,0.002,0.136,0.016,0.017,0.049,0.049,0.068,0.429
10,B1_2,0.084,0.046,0.054,0.021,0.017,0.106,0.017,0.133,0.004,0.048,0.017,0.026,0.047,0.023,0.033,0.324
10,B1_3,0.026,0.014,0.058,0.007,0.018,0.104,0.008,0.018,0.011,0.051,0.027,0.026,0.006,0.086,0.397,0.145
10,A2_1,0.252,0.051,0.007,0.004,0.054,0.059,0.007,0.019,0.008,0.021,0.012,0.357,0.002,0.056,0.055,0.035
10,A2_2,0.044,0.246,0.014,0.099,0.114,0.106,0.027,0.008,0.015,0.115,0.036,0.105,0.016,0.006,0.001,0.047
10,A2_3,0.271,0.047,0.015,0.007,0.015,0.005,0.05,0.01,0.114,0.024,0.017,0.177,0.044,0.034,0.039,0.132
10,B2_1,0.096,0.017,0.017,0.033,0.082,0.077,0.102,0.003,0.007,0.048,0.158,0.041,0.054,0.044,0.029,0.191
10,B2_2,0.46,0.058,0.027,0.06,0.051,0.014,0.016,0.012,0.015,0.008,0.118,0.075,0.009,0.043,0.024,0.01
10,B2_3,0.512,0.045,0.042,0.013,0.037,0.024,0.009,0.024,0.061,0.009,0.019,0.046,0.012,0.05,0.06,0.036
10,y1,0.104,0.069,0.037,0.007,0.023,0.069,0.018,0.018,0.205,0.028,0.015,0.075,0.013,0.137,0.124,0.057
10,y2,0.232,0.075,0.013,0.002,0.036,0.03,0.013,0.031,0.037,0.011,0.009,0.089,0.019,0.217,0.082,0.103
10,y3,0.046,0.106,0.022,0.086,0.189,0.112,0.039,0.016,0.008,0.062,0.053,0.128,0.074,0.031,0.006,0.022
11,.,0.018,0.155,0.186,0.032,0.028,0.063,0.015,0.038,0.14,0.028,0.008,0.012,0.066,0.117,0.059,0.035
11,A1_1,0.045,0.178,0.003,0.011,0.038,0.007,0.13,0.004,0.063,0.026,0.004,0.104,0.021,0.265,0.013,0.088
11,A1_2,0.042,0.056,0.025,0.021,0.108,0.479,0.015,0.018,0.003,0.046,0.015,0.019,0.019,0.022,0.02,0.092
11,A1_3,0.175,0.169,0.078,0.02,0.022,0.05,0.004,0.019,0.08,0.027,0.008,0.162,0.014,0.111,0.026,0.036
11,B1_1,0.012,0.017,0.01,0.001,0.088,0.07,0.023,0.007,0.002,0.126,0.016,0.022,0.058,0.07,0.075,0.403
11,B1_2,0.101,0.056,0.055,0.025,0.022,0.108,0.019,0.127,0.006,0.051,0.02,0.033,0.052,0.026,0.036,0.263
11,B1_3,0.024,0.019,0.057,0.006,0.013,0.097,0.006,0.013,0.016,0.059,0.023,0.025,0.005,0.101,0.394,0.143
11,A2_1,0.23,0.052,0.006,0.003,0.054,0.058,0.01,0.011,0.011,0.015,0.013,0.363,0.003,0.089,0.048,0.034
11,A2_2,0.05,0.219,0.017,0.118,0.115,0.125,0.024,0.006,0.014,0.082,0.048,0.111,0.031,0.01,0.001,0.028
11,A2_3,0.227,0.057,0.025,0.007,0.016,0.01,0.029,0.013,0.13,0.028,0.019,0.089,0.043,0.07,0.08,0.155
11,B2_1,0.176,0.014,0.013,0.011,0.065,0.126,0.052,0.004,0.021,0.025,0.057,0.053,0.042,0.135,0.066,0.142
11,B2_2,0.163,0.216,0.045,0.059,0.071,0.035,0.011,0.023,0.027,0.02,0.079,0.143,0.012,0.066,0.021,0.011
11,B2_3,0.69,0.022,0.012,0.004,0.035,0.015,0.005,0.014,0.017,0.005,0.009,0.048,0.013,0.05,0.035,0.026
11,y1,0.047,0.128,0.056,0.032,0.04,0.082,0.032,0.02,0.184,0.059,0.03,0.108,0.039,0.08,0.033,0.03
11,y2,0.31,0.03,0.008,0.001,0.014,0.017,0.006,0.014,0.044,0.01,0.006,0.043,0.011,0.231,0.145,0.111
11,y3,0.024,0.095,0.021,0.066,0.199,0.097,0.061,0.015,0.008,0.065,0.081,0.127,0.097,0.021,0.005,0.018
12,.,0.016,0.156,0.189,0.029,0.027,0.061,0.014,0.038,0.145,0.029,0.007,0.011,0.061,0.116,0.063,0.037
12,A1_1,0.037,0.17,0.003,0.01,0.04,0.008,0.126,0.004,0.061,0.027,0.004,0.093,0.02,0.283,0.016,0.097
12,A1_2,0.034,0.044,0.024,0.017,0.127,0.501,0.013,0.016,0.002,0.045,0.012,0.016,0.018,0.018,0.021,0.09
12,A1_3,0.187,0.169,0.077,0.016,0.022,0.059,0.003,0.019,0.075,0.027,0.007,0.151,0.012,0.1,0.03,0.045
12,B1_1,0.006,0.012,0.01,0.001,0.093,0.089,0.021,0.006,0.002,0.137,0.014,0.017,0.049,0.063,0.082,0.398
12,B1_2,0.129,0.054,0.041,0.017,0.021,0.083,0.014,0.124,0.005,0.05,0.014,0.033,0.051,0.031,0.041,0.294
12,B1_3,0.01,0.022,0.055,0.005,0.016,0.098,0.006,0.013,0.017,0.061,0.017,0.018,0.004,0.073,0.422,0.163
12,A2_1,0.231,0.039,0.005,0.003,0.067,0.068,0.008,0.008,0.006,0.015,0.013,0.389,0.003,0.078,0.037,0.03
12,A2_2,0.044,0.283,0.013,0.115,0.102,0.096,0.019,0.006,0.015,0.1,0.038,0.115,0.017,0.005,0.001,0.031
12,A2_3,0.234,0.039,0.018,0.007,0.016,0.007,0.042,0.007,0.171,0.029,0.018,0.142,0.042,0.045,0.071,0.111
12,B2_1,0.102,0.016,0.015,0.014,0.098,0.108,0.062,0.004,0.009,0.029,0.139,0.047,0.043,0.077,0.057,0.179
12,B2_2,0.364,0.079,0.034,0.09,0.08,0.021,0.009,0.011,0.014,0.013,0.12,0.091,0.011,0.038,0.015,0.007
12,B2_3,0.557,0.034,0.027,0.005,0.033,0.016,0.006,0.02,0.047,0.008,0.012,0.041,0.012,0.048,0.099,0.035
12,y1,0.054,0.063,0.035,0.009,0.023,0.086,0.026,0.011,0.279,0.036,0.023,0.092,0.019,0.108,0.082,0.053
12,y2,0.266,0.038,0.006,0.001,0.031,0.028,0.009,0.015,0.031,0.007,0.008,0.072,0.016,0.256,0.098,0.117
12,y3,0.027,0.123,0.024,0.076,0.198,0.125,0.031,0.013,0.007,0.08,0.06,0.119,0.076,0.019,0.004,0.017
13,.,0.016,0.158,0.171,0.028,0.025,0.059,0.013,0.039,0.149,0.032,0.007,0.011,0.058,0.126,0.067,0.04
13,A1_1,0.026,0.156,0.003,0.009,0.036,0.007,0.102,0.004,0.052,0.026,0.004,0.081,0.018,0.345,0.015,0.114
13,A1_2,0.039,0.042,0.021,0.014,0.128,0.486,0.011,0.019,0.002,0.048,0.011,0.018,0.018,0.022,0.022,0.1
13,A1_3,0.169,0.162,0.059,0.017,0.02,0.062,0.003,0.019,0.068,0.034,0.006,0.165,0.015,0.122,0.024,0.053
13,B1_1,0.004,0.008,0.006,0.001,0.07,0.087,0.014,0.005,0.001,0.115,0.012,0.012,0.043,0.076,0.063,0.484
13,B1_2,0.157,0.047,0.03,0.02,0.017,0.076,0.014,0.102,0.006,0.064,0.012,0.037,0.061,0.047,0.037,0.272
13,B1_3,0.004,0.017,0.032,0.003,0.01,0.057,0.004,0.011,0.014,0.054,0.015,0.012,0.004,0.095,0.461,0.208
13,A2_1,0.165,0.023,0.004,0.002,0.06,0.093,0.009,0.01,0.003,0.02,0.025,0.297,0.004,0.16,0.06,0.067
13,A2_2,0.051,0.211,0.013,0.124,0.131,0.102,0.016,0.006,0.008,0.114,0.027,0.139,0.027,0.007,0.001,0.024
13,A2_3,0.144,0.043,0.016,0.005,0.014,0.011,0.027,0.009,0.123,0.036,0.014,0.094,0.068,0.093,0.072,0.233
13,B2_1,0.075,0.011,0.012,0.008,0.052,0.121,0.053,0.003,0.016,0.03,0.073,0.04,0.051,0.124,0.065,0.266
13,B2_2,0.331,0.097,0.017,0.035,0.091,0.037,0.009,0.018,0.011,0.01,0.083,0.168,0.011,0.055,0.015,0.011
13,B2_3,0.547,0.043,0.024,0.016,0.056,0.032,0.005,0.019,0.027,0.013,0.012,0.061,0.023,0.065,0.025,0.034
13,y1,0.039,0.063,0.03,0.006,0.017,0.086,0.02,0.017,0.277,0.035,0.013,0.079,0.023,0.143,0.084,0.068
13,y2,0.166,0.027,0.004,0.0,0.019,0.026,0.007,0.011,0.024,0.008,0.005,0.058,0.016,0.359,0.082,0.187
13,y3,0.028,0.107,0.018,0.078,0.185,0.138,0.031,0.012,0.005,0.074,0.069,0.132,0.087,0.02,0.002,0.015
14,.,0.016,0.158,0.179,0.027,0.024,0.057,0.012,0.037,0.148,0.035,0.007,0.01,0.056,0.128,0.067,0.039
14,A1_1,0.022,0.156,0.003,0.008,0.037,0.007,0.102,0.004,0.048,0.027,0.004,0.072,0.019,0.34,0.017,0.134
14,A1_2,0.036,0.04,0.022,0.012,0.148,0.477,0.011,0.019,0.002,0.051,0.009,0.016,0.018,0.019,0.022,0.098
14,A1_3,0.179,0.166,0.061,0.016,0.02,0.063,0.003,0.018,0.064,0.036,0.005,0.15,0.016,0.117,0.024,0.062
14,B1_1,0.003,0.007,0.006,0.001,0.083,0.093,0.015,0.005,0.001,0.115,0.011,0.01,0.041,0.062,0.053,0.495
14,B1_2,0.208,0.048,0.027,0.02,0.017,0.066,0.015,0.088,0.006,0.07,0.01,0.036,0.06,0.046,0.036,0.247
14,B1_3,0.003,0.02,0.032,0.003,0.011,0.044,0.004,0.01,0.016,0.049,0.013,0.009,0.004,0.086,0.483,0.211
14,A2_1,0.163,0.025,0.005,0.001,0.078,0.099,0.011,0.011,0.003,0.018,0.024,0.265,0.005,0.156,0.06,0.077
14,A2_2,0.053,0.209,0.015,0.138,0.138,0.093,0.014,0.006,0.005,0.14,0.019,0.116,0.026,0.005,0.001,0.022
14,A2_3,0.131,0.042,0.018,0.005,0.015,0.013,0.03,0.009,0.148,0.03,0.011,0.103,0.085,0.085,0.063,0.211
14,B2_1,0.091,0.014,0.012,0.01,0.076,0.097,0.062,0.003,0.014,0.035,0.081,0.047,0.051,0.089,0.055,0.263
14,B2_2,0.348,0.1,0.016,0.049,0.108,0.039,0.01,0.016,0.012,0.012,0.073,0.137,0.013,0.046,0.012,0.009
14,B2_3,0.429,0.07,0.046,0.022,0.051,0.03,0.006,0.025,0.053,0.021,0.015,0.051,0.023,0.071,0.039,0.048
14,y1,0.041,0.055,0.022,0.003,0.026,0.104,0.02,0.015,0.216,0.029,0.013,0.08,0.02,0.168,0.098,0.09
14,y2,0.24,0.04,0.003,0.001,0.032,0.027,0.01,0.017,0.023,0.008,0.005,0.082,0.022,0.293,0.048,0.148
14,y3,0.037,0.154,0.027,0.088,0.17,0.116,0.022,0.018,0.004,0.102,0.044,0.087,0.093,0.019,0.003,0.016
15,.,0.016,0.17,0.167,0.027,0.024,0.054,0.012,0.041,0.143,0.037,0.006,0.01,0.054,0.126,0.072,0.041
15,A1_1,0.019,0.165,0.003,0.008,0.037,0.007,0.099,0.005,0.047,0.027,0.004,0.07,0.017,0.331,0.019,0.142
15,A1_2,0.044,0.047,0.018,0.012,0.165,0.448,0.01,0.022,0.002,0.054,0.007,0.021,0.017,0.019,0.022,0.092
15,A1_3,0.185,0.176,0.048,0.015,0.019,0.067,0.003,0.02,0.055,0.037,0.004,0.16,0.018,0.103,0.02,0.071
15,B1_1,0.003,0.007,0.004,0.001,0.087,0.084,0.015,0.005,0.001,0.114,0.009,0.01,0.038,0.055,0.046,0.52
15,B1_2,0.22,0.052,0.021,0.018,0.017,0.063,0.014,0.078,0.006,0.076,0.008,0.037,0.065,0.041,0.033,0.249
15,B1_3,0.003,0.027,0.026,0.003,0.013,0.034,0.004,0.013,0.015,0.044,0.013,0.011,0.004,0.082,0.479,0.228
15,A2_1,0.175,0.032,0.004,0.002,0.09,0.088,0.011,0.014,0.002,0.02,0.025,0.302,0.003,0.102,0.053,0.077
15,A2_2,0.052,0.242,0.011,0.139,0.126,0.077,0.012,0.006,0.003,0.172,0.012,0.108,0.016,0.003,0.0,0.02
15,A2_3,0.146,0.042,0.014,0.007,0.013,0.009,0.037,0.007,0.211,0.021,0.007,0.201,0.084,0.041,0.035,0.126
15,B2_1,0.109,0.021,0.006,0.014,0.09,0.037,0.084,0.003,0.007,0.056,0.135,0.07,0.046,0.036,0.027,0.26
15,B2_2,0.34,0.101,0.009,0.133,0.086,0.025,0.014,0.012,0.01,0.016,0.079,0.132,0.014,0.018,0.004,0.007
15,B2_3,0.283,0.092,0.071,0.024,0.042,0.025,0.013,0.024,0.117,0.023,0.022,0.039,0.026,0.07,0.067,0.061
15,y1,0.074,0.054,0.014,0.002,0.029,0.09,0.011,0.013,0.148,0.02,0.013,0.096,0.01,0.19,0.135,0.102
15,y2,0.168,0.064,0.003,0.001,0.065,0.047,0.017,0.026,0.022,0.011,0.008,0.146,0.047,0.237,0.025,0.113
15,y3,0.101,0.149,0.02,0.061,0.113,0.094,0.015,0.027,0.007,0.138,0.013,0.071,0.108,0.032,0.006,0.043
16,.,0.016,0.166,0.163,0.026,0.022,0.053,0.012,0.04,0.153,0.037,0.006,0.01,0.053,0.127,0.073,0.042
16,A1_1,0.017,0.148,0.003,0.008,0.036,0.007,0.102,0.004,0.048,0.026,0.004,0.064,0.018,0.33,0.021,0.164
16,A1_2,0.048,0.04,0.018,0.011,0.162,0.461,0.009,0.022,0.002,0.047,0.007,0.021,0.02,0.018,0.024,0.09
16,A1_3,0.183,0.16,0.052,0.015,0.017,0.07,0.003,0.02,0.061,0.034,0.004,0.164,0.019,0.099,0.022,0.078
16,B1_1,0.002,0.006,0.003,0.001,0.075,0.085,0.014,0.004,0.001,0.092,0.01,0.011,0.037,0.049,0.043,0.564
16,B1_2,0.288,0.048,0.017,0.022,0.02,0.054,0.014,0.081,0.006,0.063,0.008,0.04,0.073,0.036,0.026,0.206
16,B1_3,0.003,0.027,0.023,0.003,0.009,0.026,0.003,0.015,0.016,0.044,0.01,0.008,0.003,0.061,0.501,0.247
16,A2_1,0.106,0.025,0.005,0.001,0.077,0.122,0.014,0.013,0.003,0.021,0.028,0.253,0.005,0.126,0.087,0.115
16,A2_2,0.091,0.16,0.009,0.142,0.11,0.072,0.014,0.005,0.002,0.152,0.012,0.188,0.02,0.003,0.0,0.018
16,A2_3,0.138,0.042,0.014,0.014,0.02,0.015,0.048,0.005,0.229,0.019,0.007,0.189,0.132,0.024,0.015,0.09
16,B2_1,0.168,0.028,0.005,0.014,0.067,0.024,0.069,0.003,0.011,0.054,0.115,0.084,0.045,0.03,0.026,0.257
16,B2_2,0.152,0.129,0.013,0.111,0.103,0.056,0.029,0.016,0.018,0.027,0.135,0.132,0.03,0.026,0.009,0.015
16,B2_3,0.536,0.051,0.037,0.019,0.039,0.02,0.007,0.016,0.041,0.013,0.019,0.042,0.016,0.05,0.044,0.051
16,y1,0.041,0.083,0.018,0.005,0.052,0.159,0.015,0.02,0.163,0.027,0.016,0.126,0.017,0.12,0.068,0.072
16,y2,0.289,0.045,0.003,0.001,0.027,0.019,0.007,0.019,0.02,0.01,0.003,0.07,0.028,0.233,0.044,0.183
16,y3,0.031,0.138,0.025,0.064,0.149,0.109,0.031,0.027,0.005,0.098,0.042,0.066,0.168,0.016,0.004,0.027
17,.,0.015,0.161,0.167,0.026,0.02,0.05,0.011,0.034,0.173,0.036,0.006,0.009,0.051,0.133,0.07,0.038
17,A1_1,0.016,0.145,0.003,0.009,0.033,0.006,0.107,0.004,0.052,0.024,0.004,0.057,0.019,0.351,0.02,0.149
17,A1_2,0.055,0.037,0.019,0.014,0.171,0.449,0.011,0.02,0.002,0.044,0.009,0.02,0.022,0.019,0.026,0.082
17,A1_3,0.156,0.173,0.069,0.019,0.017,0.059,0.003,0.015,0.106,0.032,0.004,0.135,0.02,0.111,0.025,0.057
17,B1_1,0.003,0.006,0.004,0.001,0.077,0.081,0.016,0.004,0.002,0.08,0.013,0.013,0.038,0.068,0.056,0.538
17,B1_2,0.318,0.052,0.019,0.035,0.031,0.05,0.018,0.076,0.007,0.053,0.011,0.037,0.082,0.032,0.022,0.157
17,B1_3,0.003,0.038,0.033,0.005,0.009,0.025,0.003,0.015,0.037,0.043,0.01,0.008,0.003,0.069,0.519,0.179
17,A2_1,0.076,0.02,0.005,0.001,0.073,0.127,0.014,0.011,0.003,0.013,0.029,0.202,0.006,0.214,0.108,0.096
17,A2_2,0.13,0.09,0.012,0.171,0.106,0.089,0.015,0.004,0.003,0.12,0.013,0.178,0.046,0.007,0.0,0.016
17,A2_3,0.11,0.044,0.018,0.017,0.025,0.023,0.032,0.006,0.256,0.018,0.007,0.092,0.173,0.055,0.027,0.097
17,B2_1,0.16,0.023,0.009,0.007,0.059,0.053,0.044,0.004,0.042,0.031,0.054,0.073,0.045,0.093,0.071,0.231
17,B2_2,0.185,0.124,0.012,0.038,0.135,0.076,0.018,0.019,0.02,0.017,0.088,0.144,0.024,0.063,0.018,0.017
17,B2_3,0.565,0.077,0.038,0.045,0.046,0.016,0.004,0.026,0.018,0.018,0.012,0.043,0.016,0.031,0.014,0.031
17,y1,0.018,0.082,0.026,0.005,0.057,0.175,0.022,0.03,0.218,0.022,0.013,0.076,0.027,0.111,0.054,0.064
17,y2,0.369,0.041,0.003,0.001,0.014,0.011,0.005,0.018,0.017,0.01,0.002,0.044,0.016,0.217,0.054,0.179
17,y3,0.015,0.117,0.031,0.068,0.153,0.166,0.046,0.021,0.011,0.047,0.081,0.06,0.148,0.02,0.003,0.012
18,.,0.016,0.167,0.154,0.025,0.02,0.048,0.011,0.04,0.166,0.04,0.006,0.009,0.05,0.136,0.073,0.039
18,A1_1,0.014,0.147,0.003,0.008,0.032,0.006,0.104,0.005,0.047,0.025,0.004,0.056,0.018,0.351,0.019,0.162
18,A1_2,0.074,0.044,0.016,0.014,0.176,0.414,0.01,0.024,0.002,0.048,0.009,0.027,0.021,0.019,0.024,0.076
18,A1_3,0.168,0.175,0.053,0.017,0.016,0.059,0.003,0.017,0.081,0.037,0.004,0.156,0.023,0.112,0.019,0.061
18,B1_1,0.003,0.007,0.003,0.001,0.082,0.076,0.016,0.005,0.002,0.076,0.013,0.013,0.038,0.06,0.039,0.566
18,B1_2,0.363,0.054,0.016,0.034,0.028,0.041,0.017,0.064,0.007,0.062,0.01,0.038,0.086,0.028,0.017,0.137
18,B1_3,0.004,0.039,0.024,0.004,0.009,0.023,0.003,0.019,0.031,0.041,0.01,0.01,0.004,0.085,0.479,0.214
18,A2_1,0.095,0.027,0.005,0.001,0.074,0.105,0.014,0.014,0.003,0.012,0.036,0.251,0.006,0.191,0.086,0.08
18,A2_2,0.171,0.097,0.011,0.161,0.098,0.076,0.012,0.005,0.002,0.114,0.015,0.172,0.044,0.006,0.0,0.015
18,A2_3,0.1,0.06,0.017,0.018,0.021,0.019,0.03,0.009,0.297,0.02,0.007,0.1,0.143,0.047,0.022,0.09
18,B2_1,0.192,0.021,0.007,0.006,0.054,0.048,0.035,0.004,0.029,0.028,0.044,0.074,0.042,0.108,0.065,0.243
18,B2_2,0.151,0.156,0.009,0.049,0.136,0.068,0.014,0.022,0.017,0.02,0.089,0.173,0.025,0.048,0.01,0.013
18,B2_3,0.606,0.069,0.024,0.03,0.043,0.013,0.003,0.038,0.012,0.016,0.01,0.038,0.018,0.028,0.011,0.04
18,y1,0.016,0.093,0.023,0.008,0.06,0.153,0.027,0.044,0.2,0.038,0.016,0.098,0.038,0.092,0.039,0.056
18,y2,0.441,0.03,0.002,0.001,0.013,0.008,0.004,0.017,0.009,0.007,0.002,0.038,0.014,0.197,0.044,0.173
18,y3,0.012,0.133,0.027,0.074,0.135,0.155,0.033,0.025,0.007,0.056,0.093,0.08,0.141,0.018,0.002,0.008
19,.,0.016,0.174,0.154,0.025,0.02,0.047,0.011,0.039,0.165,0.04,0.006,0.009,0.048,0.136,0.072,0.039
19,A1_1,0.013,0.144,0.003,0.008,0.032,0.006,0.103,0.004,0.044,0.024,0.004,0.053,0.017,0.358,0.019,0.168
19,A1_2,0.071,0.041,0.017,0.014,0.186,0.418,0.011,0.023,0.002,0.046,0.009,0.025,0.022,0.019,0.024,0.073
19,A1_3,0.172,0.176,0.056,0.018,0.016,0.063,0.003,0.016,0.08,0.035,0.004,0.153,0.022,0.109,0.019,0.059
19,B1_1,0.003,0.007,0.003,0.001,0.084,0.081,0.017,0.005,0.002,0.076,0.013,0.014,0.037,0.062,0.044,0.551
19,B1_2,0.366,0.052,0.016,0.034,0.032,0.042,0.018,0.062,0.006,0.058,0.01,0.036,0.088,0.028,0.017,0.135
19,B1_3,0.004,0.047,0.027,0.005,0.01,0.025,0.004,0.02,0.034,0.044,0.01,0.01,0.004,0.084,0.468,0.202
19,A2_1,0.08,0.026,0.006,0.001,0.075,0.117,0.014,0.014,0.003,0.012,0.032,0.214,0.007,0.212,0.101,0.086
19,A2_2,0.164,0.089,0.012,0.15,0.106,0.084,0.014,0.004,0.002,0.116,0.014,0.176,0.047,0.007,0.0,0.016
19,A2_3,0.11,0.056,0.017,0.021,0.027,0.023,0.033,0.009,0.245,0.017,0.007,0.097,0.176,0.052,0.022,0.088
19,B2_1,0.198,0.026,0.008,0.006,0.052,0.043,0.039,0.005,0.038,0.029,0.043,0.077,0.041,0.101,0.068,0.226
19,B2_2,0.158,0.149,0.009,0.038,0.136,0.077,0.017,0.023,0.018,0.016,0.084,0.159,0.024,0.061,0.014,0.015
19,B2_3,0.586,0.087,0.029,0.041,0.046,0.014,0.003,0.035,0.01,0.017,0.011,0.041,0.016,0.025,0.009,0.032
19,y1,0.014,0.094,0.025,0.007,0.071,0.203,0.024,0.044,0.17,0.028,0.012,0.083,0.033,0.096,0.039,0.057
19,y2,0.421,0.036,0.002,0.001,0.012,0.008,0.004,0.019,0.01,0.009,0.002,0.037,0.014,0.203,0.048,0.176
19,y3,0.011,0.119,0.029,0.065,0.148,0.184,0.042,0.024,0.009,0.045,0.084,0.063,0.146,0.019,0.003,0.009
20,.,0.016,0.165,0.154,0.026,0.019,0.047,0.011,0.037,0.162,0.045,0.006,0.01,0.048,0.142,0.074,0.039
20,A1_1,0.013,0.133,0.003,0.009,0.033,0.006,0.108,0.004,0.041,0.025,0.004,0.056,0.019,0.356,0.02,0.171
20,A1_2,0.076,0.033,0.016,0.014,0.198,0.408,0.012,0.021,0.002,0.048,0.01,0.028,0.024,0.018,0.025,0.067
20,A1_3,0.187,0.148,0.057,0.019,0.016,0.06,0.003,0.016,0.081,0.036,0.004,0.162,0.022,0.11,0.021,0.056
20,B1_1,0.004,0.007,0.004,0.001,0.084,0.073,0.02,0.005,0.002,0.086,0.014,0.017,0.034,0.06,0.054,0.536
20,B1_2,0.362,0.045,0.016,0.034,0.041,0.044,0.021,0.057,0.005,0.057,0.011,0.039,0.096,0.025,0.016,0.13
20,B1_3,0.006,0.057,0.032,0.007,0.01,0.024,0.004,0.023,0.041,0.053,0.012,0.014,0.004,0.079,0.46,0.173
20,A2_1,0.085,0.023,0.006,0.001,0.078,0.113,0.014,0.012,0.003,0.011,0.031,0.226,0.007,0.212,0.104,0.074
20,A2_2,0.171,0.064,0.011,0.158,0.104,0.08,0.015,0.004,0.002,0.108,0.014,0.193,0.057,0.007,0.0,0.013
20,A2_3,0.139,0.04,0.018,0.024,0.03,0.026,0.03,0.008,0.214,0.018,0.007,0.093,0.185,0.059,0.029,0.079
20,B2_1,0.182,0.025,0.009,0.005,0.043,0.042,0.033,0.006,0.052,0.026,0.037,0.089,0.032,0.117,0.1,0.202
20,B2_2,0.189,0.101,0.008,0.03,0.145,0.083,0.017,0.017,0.013,0.016,0.084,0.183,0.023,0.061,0.014,0.014
20,B2_3,0.634,0.07,0.024,0.045,0.049,0.012,0.002,0.029,0.006,0.017,0.01,0.038,0.015,0.02,0.007,0.023
20,y1,0.015,0.082,0.032,0.009,0.049,0.162,0.025,0.035,0.243,0.038,0.01,0.076,0.033,0.096,0.047,0.047
20,y2,0.335,0.029,0.002,0.0,0.012,0.008,0.004,0.015,0.012,0.008,0.002,0.04,0.012,0.239,0.071,0.21
20,y3,0.015,0.089,0.021,0.06,0.163,0.17,0.047,0.016,0.006,0.052,0.103,0.094,0.139,0.016,0.002,0.007
21,.,0.017,0.173,0.152,0.025,0.018,0.045,0.011,0.039,0.156,0.046,0.005,0.009,0.048,0.139,0.077,0.039
21,A1_1,0.012,0.133,0.003,0.008,0.029,0.006,0.103,0.004,0.04,0.024,0.004,0.049,0.02,0.372,0.021,0.174
21,A1_2,0.085,0.036,0.016,0.013,0.185,0.408,0.012,0.023,0.002,0.047,0.01,0.029,0.026,0.018,0.027,0.062
21,A1_3,0.199,0.159,0.058,0.02,0.014,0.057,0.003,0.015,0.076,0.037,0.004,0.154,0.024,0.105,0.02,0.055
21,B1_1,0.004,0.008,0.004,0.001,0.089,0.088,0.022,0.005,0.003,0.077,0.015,0.018,0.04,0.059,0.046,0.521
21,B1_2,0.421,0.047,0.014,0.033,0.035,0.033,0.02,0.048,0.005,0.059,0.01,0.035,0.089,0.023,0.015,0.112
21,B1_3,0.007,0.06,0.028,0.007,0.011,0.023,0.005,0.024,0.038,0.051,0.011,0.013,0.006,0.087,0.447,0.183
21,A2_1,0.1,0.026,0.006,0.001,0.061,0.1,0.014,0.013,0.004,0.009,0.036,0.233,0.008,0.219,0.109,0.062
21,A2_2,0.203,0.066,0.013,0.152,0.101,0.081,0.013,0.004,0.002,0.09,0.023,0.18,0.054,0.008,0.001,0.011
21,A2_3,0.198,0.045,0.021,0.026,0.03,0.024,0.025,0.011,0.202,0.017,0.008,0.082,0.148,0.054,0.032,0.077
21,B2_1,0.17,0.026,0.009,0.004,0.036,0.053,0.03,0.007,0.069,0.021,0.032,0.095,0.027,0.132,0.113,0.176
21,B2_2,0.213,0.099,0.007,0.02,0.127,0.081,0.016,0.019,0.012,0.014,0.073,0.199,0.022,0.07,0.013,0.014
21,B2_3,0.627,0.084,0.02,0.045,0.044,0.012,0.002,0.032,0.005,0.021,0.008,0.034,0.018,0.019,0.006,0.024
21,y1,0.013,0.11,0.042,0.012,0.04,0.136,0.023,0.046,0.259,0.042,0.01,0.058,0.039,0.084,0.043,0.043
21,y2,0.289,0.029,0.002,0.0,0.009,0.008,0.004,0.014,0.015,0.009,0.002,0.033,0.01,0.242,0.099,0.236
21,y3,0.016,0.069,0.014,0.038,0.161,0.181,0.061,0.014,0.006,0.041,0.125,0.112,0.136,0.016,0.002,0.007
22,.,0.017,0.18,0.156,0.025,0.017,0.044,0.01,0.038,0.166,0.043,0.005,0.009,0.043,0.128,0.079,0.039
22,A1_1,0.012,0.147,0.003,0.009,0.029,0.006,0.099,0.005,0.044,0.021,0.004,0.05,0.018,0.333,0.021,0.198
22,A1_2,0.1,0.04,0.017,0.016,0.189,0.4,0.012,0.023,0.002,0.043,0.01,0.028,0.022,0.014,0.023,0.062
22,A1_3,0.183,0.178,0.072,0.024,0.014,0.062,0.003,0.013,0.099,0.035,0.004,0.127,0.023,0.088,0.021,0.053
22,B1_1,0.005,0.008,0.004,0.001,0.08,0.089,0.02,0.005,0.004,0.055,0.017,0.018,0.032,0.052,0.053,0.557
22,B1_2,0.458,0.046,0.015,0.036,0.053,0.033,0.019,0.039,0.005,0.042,0.01,0.028,0.094,0.015,0.012,0.094
22,B1_3,0.013,0.101,0.039,0.013,0.012,0.028,0.005,0.031,0.095,0.038,0.01,0.017,0.006,0.069,0.364,0.16
22,A2_1,0.086,0.03,0.008,0.001,0.067,0.123,0.015,0.016,0.005,0.007,0.04,0.196,0.009,0.197,0.128,0.071
22,A2_2,0.263,0.042,0.016,0.156,0.109,0.103,0.01,0.004,0.002,0.066,0.02,0.136,0.054,0.009,0.001,0.01
22,A2_3,0.177,0.052,0.029,0.031,0.037,0.029,0.015,0.019,0.248,0.011,0.007,0.062,0.125,0.047,0.045,0.066
22,B2_1,0.132,0.026,0.01,0.003,0.02,0.053,0.023,0.009,0.107,0.013,0.025,0.088,0.02,0.137,0.131,0.203
22,B2_2,0.227,0.069,0.005,0.011,0.104,0.112,0.019,0.017,0.016,0.007,0.064,0.206,0.021,0.087,0.014,0.019
22,B2_3,0.713,0.07,0.012,0.034,0.044,0.011,0.001,0.025,0.002,0.013,0.004,0.023,0.014,0.015,0.003,0.015
22,y1,0.007,0.131,0.084,0.023,0.017,0.085,0.013,0.032,0.411,0.04,0.006,0.022,0.029,0.046,0.031,0.024
22,y2,0.106,0.015,0.002,0.0,0.005,0.008,0.002,0.006,0.025,0.006,0.003,0.02,0.006,0.286,0.179,0.33
22,y3,0.02,0.031,0.006,0.027,0.185,0.184,0.087,0.005,0.006,0.023,0.139,0.137,0.129,0.01,0.002,0.009
23,.,0.017,0.171,0.16,0.028,0.018,0.044,0.01,0.038,0.151,0.049,0.005,0.009,0.044,0.13,0.085,0.04
23,A1_1,0.012,0.133,0.003,0.01,0.032,0.006,0.11,0.004,0.04,0.024,0.004,0.047,0.019,0.337,0.024,0.194
23,A1_2,0.116,0.031,0.016,0.019,0.21,0.375,0.013,0.021,0.002,0.045,0.011,0.027,0.022,0.013,0.027,0.054
23,A1_3,0.181,0.161,0.088,0.033,0.014,0.063,0.003,0.014,0.11,0.036,0.004,0.124,0.02,0.085,0.025,0.04
23,B1_1,0.006,0.008,0.005,0.001,0.088,0.076,0.023,0.005,0.004,0.059,0.021,0.021,0.025,0.054,0.072,0.533
23,B1_2,0.482,0.03,0.013,0.043,0.087,0.033,0.024,0.029,0.004,0.04,0.012,0.028,0.098,0.01,0.009,0.061
23,B1_3,0.016,0.107,0.044,0.02,0.01,0.025,0.005,0.039,0.098,0.044,0.013,0.018,0.005,0.062,0.377,0.119
23,A2_1,0.066,0.021,0.009,0.001,0.061,0.132,0.015,0.014,0.005,0.008,0.039,0.166,0.006,0.208,0.194,0.055
23,A2_2,0.303,0.033,0.013,0.131,0.116,0.086,0.01,0.003,0.001,0.057,0.019,0.169,0.04,0.01,0.001,0.009
23,A2_3,0.219,0.041,0.026,0.057,0.062,0.035,0.021,0.016,0.149,0.014,0.008,0.061,0.187,0.033,0.025,0.045
23,B2_1,0.131,0.03,0.015,0.004,0.015,0.036,0.018,0.01,0.116,0.018,0.019,0.062,0.016,0.13,0.208,0.172
23,B2_2,0.152,0.037,0.006,0.007,0.111,0.129,0.029,0.011,0.013,0.007,0.112,0.202,0.018,0.109,0.029,0.028
23,B2_3,0.854,0.016,0.004,0.025,0.043,0.006,0.001,0.007,0.0,0.005,0.005,0.018,0.007,0.005,0.001,0.003
23,y1,0.003,0.066,0.106,0.038,0.004,0.042,0.005,0.008,0.632,0.025,0.003,0.007,0.01,0.027,0.017,0.005
23,y2,0.066,0.009,0.002,0.0,0.004,0.005,0.002,0.004,0.027,0.005,0.003,0.015,0.004,0.333,0.263,0.258
23,y3,0.018,0.016,0.004,0.025,0.205,0.158,0.122,0.004,0.006,0.021,0.153,0.144,0.107,0.008,0.002,0.007
24,.,0.017,0.169,0.156,0.024,0.017,0.043,0.01,0.041,0.155,0.048,0.005,0.009,0.044,0.139,0.085,0.038
24,A1_1,0.011,0.13,0.003,0.008,0.028,0.006,0.098,0.005,0.039,0.021,0.004,0.046,0.02,0.38,0.024,0.178
24,A1_2,0.127,0.035,0.016,0.015,0.201,0.373,0.012,0.025,0.002,0.041,0.008,0.032,0.026,0.015,0.025,0.047
24,A1_3,0.179,0.162,0.075,0.025,0.013,0.066,0.003,0.016,0.096,0.039,0.003,0.135,0.025,0.097,0.022,0.044
24,B1_1,0.006,0.008,0.005,0.001,0.089,0.102,0.025,0.006,0.004,0.056,0.018,0.025,0.038,0.075,0.069,0.473
24,B1_2,0.53,0.032,0.01,0.03,0.066,0.025,0.017,0.037,0.003,0.037,0.009,0.027,0.093,0.013,0.01,0.06
24,B1_3,0.015,0.126,0.046,0.019,0.011,0.028,0.005,0.054,0.114,0.057,0.008,0.017,0.007,0.061,0.319,0.114
24,A2_1,0.055,0.017,0.007,0.001,0.042,0.11,0.013,0.013,0.005,0.007,0.027,0.15,0.009,0.273,0.214,0.058
24,A2_2,0.262,0.033,0.014,0.118,0.108,0.087,0.012,0.003,0.001,0.061,0.025,0.202,0.056,0.009,0.001,0.009
