,,.,A1_1,A1_2,A1_3,B1_1,B1_2,B1_3,A2_1,A2_2,A2_3,B2_1,B2_2,B2_3,y1,y2,y3
2,.,1.0,0.526,0.301,0.147,0.268,0.242,0.016,-0.033,-0.425,-0.239,-0.057,0.268,0.059,-0.82,-0.599,-0.846
2,A1_1,0.526,1.0,0.676,0.571,-0.123,-0.115,-0.173,0.383,-0.06,0.202,-0.505,-0.133,-0.473,-0.728,0.176,-0.594
2,A1_2,0.301,0.676,1.0,0.52,-0.15,-0.048,-0.281,0.115,-0.035,-0.026,-0.413,-0.202,-0.356,-0.372,0.322,-0.396
2,A1_3,0.147,0.571,0.52,1.0,-0.398,-0.264,-0.428,0.581,-0.368,0.12,0.045,0.26,-0.252,-0.537,0.285,-0.195
2,B1_1,0.268,-0.123,-0.15,-0.398,1.0,0.615,0.791,-0.446,-0.564,-0.508,-0.26,-0.314,-0.229,0.143,-0.186,0.22
2,B1_2,0.242,-0.115,-0.048,-0.264,0.615,1.0,0.31,-0.478,-0.503,-0.169,-0.411,0.282,-0.143,-0.135,-0.458,0.154
2,B1_3,0.016,-0.173,-0.281,-0.428,0.791,0.31,1.0,0.039,-0.173,0.004,-0.397,-0.598,-0.54,0.306,-0.157,0.282
2,A2_1,-0.033,0.383,0.115,0.581,-0.446,-0.478,0.039,1.0,0.185,0.731,-0.168,-0.115,-0.551,-0.307,0.042,-0.196
2,A2_2,-0.425,-0.06,-0.035,-0.368,-0.564,-0.503,-0.173,0.185,1.0,0.581,-0.165,-0.367,-0.018,0.341,0.207,-0.05
2,A2_3,-0.239,0.202,-0.026,0.12,-0.508,-0.169,0.004,0.731,0.581,1.0,-0.47,-0.078,-0.527,-0.127,-0.097,-0.079
2,B2_1,-0.057,-0.505,-0.413,0.045,-0.26,-0.411,-0.397,-0.168,-0.165,-0.47,1.0,0.463,0.836,0.137,-0.085,0.015
2,B2_2,0.268,-0.133,-0.202,0.26,-0.314,0.282,-0.598,-0.115,-0.367,-0.078,0.463,1.0,0.566,-0.485,-0.523,-0.225
2,B2_3,0.059,-0.473,-0.356,-0.252,-0.229,-0.143,-0.54,-0.551,-0.018,-0.527,0.836,0.566,1.0,0.079,-0.215,-0.116
2,y1,-0.82,-0.728,-0.372,-0.537,0.143,-0.135,0.306,-0.307,0.341,-0.127,0.137,-0.485,0.079,1.0,0.446,0.8
2,y2,-0.599,0.176,0.322,0.285,-0.186,-0.458,-0.157,0.042,0.207,-0.097,-0.085,-0.523,-0.215,0.446,1.0,0.479
2,y3,-0.846,-0.594,-0.396,-0.195,0.22,0.154,0.282,-0.196,-0.05,-0.079,0.015,-0.225,-0.116,0.8,0.479,1.0
4,.,1.0,0.489,0.076,0.251,0.021,0.025,-0.096,-0.368,-0.493,-0.275,0.128,0.174,0.2,-0.695,-0.753,-0.642
4,A1_1,0.489,1.0,0.652,0.789,-0.058,-0.271,-0.264,0.055,-0.046,-0.043,-0.382,-0.545,-0.526,-0.08,-0.326,-0.023
4,A1_2,0.076,0.652,1.0,0.956,-0.292,-0.368,-0.297,-0.228,-0.175,-0.326,-0.223,-0.183,-0.318,0.043,-0.004,-0.161
4,A1_3,0.251,0.789,0.956,1.0,-0.295,-0.32,-0.297,-0.178,-0.239,-0.251,-0.224,-0.266,-0.407,-0.045,-0.147,-0.144
4,B1_1,0.021,-0.058,-0.292,-0.295,1.0,0.767,0.868,-0.253,-0.232,-0.253,-0.674,-0.237,-0.413,-0.324,-0.288,-0.05
4,B1_2,0.025,-0.271,-0.368,-0.32,0.767,1.0,0.742,-0.356,-0.301,-0.052,-0.513,0.187,-0.321,-0.533,-0.498,-0.195
4,B1_3,-0.096,-0.264,-0.297,-0.297,0.868,0.742,1.0,-0.19,-0.366,-0.266,-0.502,-0.173,-0.363,-0.323,-0.159,-0.043
4,A2_1,-0.368,0.055,-0.228,-0.178,-0.253,-0.356,-0.19,1.0,0.813,0.842,-0.107,-0.456,-0.312,0.424,0.294,0.545
4,A2_2,-0.493,-0.046,-0.175,-0.239,-0.232,-0.301,-0.366,0.813,1.0,0.83,-0.202,-0.173,-0.175,0.415,0.258,0.395
4,A2_3,-0.275,-0.043,-0.326,-0.251,-0.253,-0.052,-0.266,0.842,0.83,1.0,-0.16,-0.087,-0.269,0.137,-0.042,0.318
4,B2_1,0.128,-0.382,-0.223,-0.224,-0.674,-0.513,-0.502,-0.107,-0.202,-0.16,1.0,0.418,0.845,0.213,0.334,-0.032
4,B2_2,0.174,-0.545,-0.183,-0.266,-0.237,0.187,-0.173,-0.456,-0.173,-0.087,0.418,1.0,0.695,-0.51,-0.342,-0.699
4,B2_3,0.2,-0.526,-0.318,-0.407,-0.413,-0.321,-0.363,-0.312,-0.175,-0.269,0.845,0.695,1.0,-0.064,0.117,-0.38
4,y1,-0.695,-0.08,0.043,-0.045,-0.324,-0.533,-0.323,0.424,0.415,0.137,0.213,-0.51,-0.064,1.0,0.929,0.873
4,y2,-0.753,-0.326,-0.004,-0.147,-0.288,-0.498,-0.159,0.294,0.258,-0.042,0.334,-0.342,0.117,0.929,1.0,0.737
4,y3,-0.642,-0.023,-0.161,-0.144,-0.05,-0.195,-0.043,0.545,0.395,0.318,-0.032,-0.699,-0.38,0.873,0.737,1.0
6,.,1.0,0.715,0.211,0.06,-0.064,-0.309,0.238,0.421,0.188,-0.079,-0.511,-0.445,-0.168,-0.687,-0.73,-0.395
6,A1_1,0.715,1.0,0.528,0.369,-0.371,-0.607,0.064,0.117,-0.192,-0.41,-0.297,-0.442,-0.358,-0.383,-0.311,-0.076
6,A1_2,0.211,0.528,1.0,0.651,-0.149,-0.039,0.143,-0.409,-0.654,-0.611,-0.151,0.142,0.024,-0.425,-0.209,-0.366
6,A1_3,0.06,0.369,0.651,1.0,-0.258,-0.248,-0.316,-0.011,-0.212,0.089,-0.27,-0.167,-0.489,-0.187,-0.055,0.035
6,B1_1,-0.064,-0.371,-0.149,-0.258,1.0,0.594,0.603,-0.193,0.168,-0.105,-0.611,0.038,-0.034,-0.174,-0.123,-0.167
6,B1_2,-0.309,-0.607,-0.039,-0.248,0.594,1.0,0.61,-0.294,-0.384,-0.132,-0.207,0.116,0.417,0.159,0.24,0.015
6,B1_3,0.238,0.064,0.143,-0.316,0.603,0.61,1.0,-0.019,-0.347,-0.468,-0.577,-0.341,0.019,-0.001,0.071,0.045
6,A2_1,0.421,0.117,-0.409,-0.011,-0.193,-0.294,-0.019,1.0,0.604,0.703,-0.285,-0.668,-0.57,0.101,-0.122,0.287
6,A2_2,0.188,-0.192,-0.654,-0.212,0.168,-0.384,-0.347,0.604,1.0,0.733,-0.138,-0.1,-0.356,-0.171,-0.395,-0.1
6,A2_3,-0.079,-0.41,-0.611,0.089,-0.105,-0.132,-0.468,0.703,0.733,1.0,-0.021,-0.24,-0.373,0.187,-0.022,0.249
6,B2_1,-0.511,-0.297,-0.151,-0.27,-0.611,-0.207,-0.577,-0.285,-0.138,-0.021,1.0,0.621,0.569,0.326,0.275,-0.02
6,B2_2,-0.445,-0.442,0.142,-0.167,0.038,0.116,-0.341,-0.668,-0.1,-0.24,0.621,1.0,0.72,-0.244,-0.191,-0.614
6,B2_3,-0.168,-0.358,0.024,-0.489,-0.034,0.417,0.019,-0.57,-0.356,-0.373,0.569,0.72,1.0,-0.178,-0.14,-0.506
6,y1,-0.687,-0.383,-0.425,-0.187,-0.174,0.159,-0.001,0.101,-0.171,0.187,0.326,-0.244,-0.178,1.0,0.959,0.891
6,y2,-0.73,-0.311,-0.209,-0.055,-0.123,0.24,0.071,-0.122,-0.395,-0.022,0.275,-0.191,-0.14,0.959,1.0,0.863
6,y3,-0.395,-0.076,-0.366,0.035,-0.167,0.015,0.045,0.287,-0.1,0.249,-0.02,-0.614,-0.506,0.891,0.863,1.0
8,.,1.0,0.189,0.386,-0.18,0.52,0.143,-0.022,-0.094,0.324,0.283,-0.217,-0.134,0.126,-0.286,-0.92,-0.69
8,A1_1,0.189,1.0,0.624,0.589,-0.37,-0.536,-0.068,0.337,-0.21,-0.058,-0.08,-0.395,-0.17,-0.664,-0.124,-0.398
8,A1_2,0.386,0.624,1.0,0.677,-0.05,-0.119,-0.048,-0.186,-0.49,-0.131,-0.149,-0.354,-0.145,-0.725,-0.348,-0.454
8,A1_3,-0.18,0.589,0.677,1.0,-0.492,-0.645,-0.512,0.108,-0.351,-0.202,-0.125,-0.344,-0.396,-0.491,0.238,-0.083
8,B1_1,0.52,-0.37,-0.05,-0.492,1.0,0.583,0.465,-0.174,0.329,0.095,-0.333,-0.295,-0.167,0.171,-0.412,-0.088
8,B1_2,0.143,-0.536,-0.119,-0.645,0.583,1.0,0.755,-0.286,-0.14,0.089,-0.227,-0.03,0.039,0.349,-0.144,0.188
8,B1_3,-0.022,-0.068,-0.048,-0.512,0.465,0.755,1.0,-0.165,-0.329,-0.196,-0.147,-0.159,0.015,0.139,0.06,0.257
8,A2_1,-0.094,0.337,-0.186,0.108,-0.174,-0.286,-0.165,1.0,0.608,0.697,-0.301,-0.632,-0.611,-0.055,0.109,-0.188
8,A2_2,0.324,-0.21,-0.49,-0.351,0.329,-0.14,-0.329,0.608,1.0,0.714,-0.151,-0.233,-0.243,0.196,-0.318,-0.32
8,A2_3,0.283,-0.058,-0.131,-0.202,0.095,0.089,-0.196,0.697,0.714,1.0,-0.055,-0.352,-0.249,-0.165,-0.427,-0.574
8,B2_1,-0.217,-0.08,-0.149,-0.125,-0.333,-0.227,-0.147,-0.301,-0.151,-0.055,1.0,0.71,0.787,-0.41,-0.126,-0.295
8,B2_2,-0.134,-0.395,-0.354,-0.344,-0.295,-0.03,-0.159,-0.632,-0.233,-0.352,0.71,1.0,0.908,0.162,-0.04,0.1
8,B2_3,0.126,-0.17,-0.145,-0.396,-0.167,0.039,0.015,-0.611,-0.243,-0.249,0.787,0.908,1.0,-0.144,-0.341,-0.217
8,y1,-0.286,-0.664,-0.725,-0.491,0.171,0.349,0.139,-0.055,0.196,-0.165,-0.41,0.162,-0.144,1.0,0.47,0.775
8,y2,-0.92,-0.124,-0.348,0.238,-0.412,-0.144,0.06,0.109,-0.318,-0.427,-0.126,-0.04,-0.341,0.47,1.0,0.862
8,y3,-0.69,-0.398,-0.454,-0.083,-0.088,0.188,0.257,-0.188,-0.32,-0.574,-0.295,0.1,-0.217,0.775,0.862,1.0
10,.,1.0,0.225,0.378,0.134,-0.252,0.158,-0.047,-0.368,-0.414,-0.443,0.167,0.238,0.313,-0.714,-0.185,-0.661
10,A1_1,0.225,1.0,0.65,0.535,-0.085,-0.593,0.064,0.1,-0.222,-0.233,0.086,-0.262,-0.133,-0.119,-0.475,-0.213
10,A1_2,0.378,0.65,1.0,0.62,0.137,-0.059,0.158,-0.347,-0.535,-0.416,0.245,-0.065,-0.061,-0.229,-0.493,-0.032
10,A1_3,0.134,0.535,0.62,1.0,-0.073,-0.436,-0.533,-0.055,-0.519,-0.097,0.035,-0.342,-0.369,0.138,0.009,0.038
10,B1_1,-0.252,-0.085,0.137,-0.073,1.0,0.523,0.56,-0.115,-0.527,-0.334,-0.289,-0.041,-0.161,-0.217,-0.406,0.113
10,B1_2,0.158,-0.593,-0.059,-0.436,0.523,1.0,0.498,-0.373,-0.319,-0.336,-0.255,0.025,-0.045,-0.3,0.119,0.141
10,B1_3,-0.047,0.064,0.158,-0.533,0.56,0.498,1.0,-0.381,-0.164,-0.563,0.134,0.193,0.263,-0.147,-0.408,0.205
10,A2_1,-0.368,0.1,-0.347,-0.055,-0.115,-0.373,-0.381,1.0,0.595,0.844,-0.696,-0.503,-0.559,-0.067,-0.04,-0.278
10,A2_2,-0.414,-0.222,-0.535,-0.519,-0.527,-0.319,-0.164,0.595,1.0,0.77,-0.073,0.012,0.027,0.255,0.148,0.029
10,A2_3,-0.443,-0.233,-0.416,-0.097,-0.334,-0.336,-0.563,0.844,0.77,1.0,-0.421,-0.245,-0.36,0.127,0.135,-0.11
10,B2_1,0.167,0.086,0.245,0.035,-0.289,-0.255,0.134,-0.696,-0.073,-0.421,1.0,0.771,0.832,0.222,-0.175,0.133
10,B2_2,0.238,-0.262,-0.065,-0.342,-0.041,0.025,0.193,-0.503,0.012,-0.245,0.771,1.0,0.962,-0.214,-0.383,-0.263
10,B2_3,0.313,-0.133,-0.061,-0.369,-0.161,-0.045,0.263,-0.559,0.027,-0.36,0.832,0.962,1.0,-0.168,-0.326,-0.243
10,y1,-0.714,-0.119,-0.229,0.138,-0.217,-0.3,-0.147,-0.067,0.255,0.127,0.222,-0.214,-0.168,1.0,0.59,0.867
10,y2,-0.185,-0.475,-0.493,0.009,-0.406,0.119,-0.408,-0.04,0.148,0.135,-0.175,-0.383,-0.326,0.59,1.0,0.504
10,y3,-0.661,-0.213,-0.032,0.038,0.113,0.141,0.205,-0.278,0.029,-0.11,0.133,-0.263,-0.243,0.867,0.504,1.0
12,.,1.0,-0.022,-0.095,-0.294,0.481,0.147,0.226,-0.12,-0.298,0.127,-0.138,0.231,0.17,-0.775,-0.87,-0.492
12,A1_1,-0.022,1.0,0.692,0.558,0.091,-0.312,0.251,0.235,0.003,-0.108,-0.179,-0.64,-0.377,0.112,-0.194,-0.201
12,A1_2,-0.095,0.692,1.0,0.802,-0.015,-0.519,0.138,0.085,-0.407,-0.126,0.036,-0.183,-0.387,0.183,-0.207,-0.272
12,A1_3,-0.294,0.558,0.802,1.0,-0.4,-0.542,-0.279,0.143,-0.25,-0.062,-0.044,-0.331,-0.516,0.421,0.148,-0.062
12,B1_1,0.481,0.091,-0.015,-0.4,1.0,0.47,0.917,-0.267,-0.441,-0.284,-0.546,-0.13,-0.162,-0.369,-0.362,0.162
12,B1_2,0.147,-0.312,-0.519,-0.542,0.47,1.0,0.554,-0.786,-0.085,-0.477,-0.082,0.237,0.265,-0.342,0.097,0.099
12,B1_3,0.226,0.251,0.138,-0.279,0.917,0.554,1.0,-0.418,-0.379,-0.441,-0.396,-0.135,-0.144,-0.266,-0.214,0.112
12,A2_1,-0.12,0.235,0.085,0.143,-0.267,-0.786,-0.418,1.0,0.49,0.732,-0.288,-0.536,-0.412,0.195,-0.045,0.097
12,A2_2,-0.298,0.003,-0.407,-0.25,-0.441,-0.085,-0.379,0.49,1.0,0.65,0.045,-0.242,-0.043,-0.12,0.132,-0.156
12,A2_3,0.127,-0.108,-0.126,-0.062,-0.284,-0.477,-0.441,0.732,0.65,1.0,-0.189,-0.122,-0.338,-0.367,-0.321,-0.325
12,B2_1,-0.138,-0.179,0.036,-0.044,-0.546,-0.082,-0.396,-0.288,0.045,-0.189,1.0,0.715,0.81,0.031,-0.029,-0.47
12,B2_2,0.231,-0.64,-0.183,-0.331,-0.13,0.237,-0.135,-0.536,-0.242,-0.122,0.715,1.0,0.714,-0.356,-0.249,-0.437
12,B2_3,0.17,-0.377,-0.387,-0.516,-0.162,0.265,-0.144,-0.412,-0.043,-0.338,0.81,0.714,1.0,-0.128,-0.109,-0.268
12,y1,-0.775,0.112,0.183,0.421,-0.369,-0.342,-0.266,0.195,-0.12,-0.367,0.031,-0.356,-0.128,1.0,0.825,0.719
12,y2,-0.87,-0.194,-0.207,0.148,-0.362,0.097,-0.214,-0.045,0.132,-0.321,-0.029,-0.249,-0.109,0.825,1.0,0.766
12,y3,-0.492,-0.201,-0.272,-0.062,0.162,0.099,0.112,0.097,-0.156,-0.325,-0.47,-0.437,-0.268,0.719,0.766,1.0
14,.,1.0,0.269,0.156,0.285,0.166,-0.468,-0.395,0.097,-0.358,0.082,0.205,0.094,0.196,-0.645,-0.543,-0.483
14,A1_1,0.269,1.0,0.554,0.752,-0.18,-0.272,-0.283,0.428,-0.063,-0.045,-0.376,-0.381,-0.127,-0.003,-0.331,-0.642
14,A1_2,0.156,0.554,1.0,0.76,-0.067,-0.197,0.003,-0.242,-0.498,-0.582,-0.092,-0.128,-0.21,-0.004,-0.113,-0.302
14,A1_3,0.285,0.752,0.76,1.0,-0.246,-0.194,-0.176,0.142,-0.376,-0.204,-0.444,-0.335,-0.353,0.015,-0.18,-0.379
14,B1_1,0.166,-0.18,-0.067,-0.246,1.0,0.385,0.518,-0.276,-0.488,-0.315,-0.345,-0.115,-0.181,-0.115,-0.053,-0.1
14,B1_2,-0.468,-0.272,-0.197,-0.194,0.385,1.0,0.951,-0.591,-0.313,-0.411,-0.321,0.291,0.172,0.135,0.121,-0.037
14,B1_3,-0.395,-0.283,0.003,-0.176,0.518,0.951,1.0,-0.749,-0.47,-0.599,-0.229,0.337,0.169,0.064,0.086,-0.071
14,A2_1,0.097,0.428,-0.242,0.142,-0.276,-0.591,-0.749,1.0,0.651,0.785,-0.324,-0.569,-0.448,0.098,-0.109,-0.043
14,A2_2,-0.358,-0.063,-0.498,-0.376,-0.488,-0.313,-0.47,0.651,1.0,0.814,0.148,0.042,-0.096,-0.017,-0.131,0.089
14,A2_3,0.082,-0.045,-0.582,-0.204,-0.315,-0.411,-0.599,0.785,0.814,1.0,-0.038,-0.048,-0.251,-0.263,-0.319,-0.012
14,B2_1,0.205,-0.376,-0.092,-0.444,-0.345,-0.321,-0.229,-0.324,0.148,-0.038,1.0,0.648,0.716,-0.36,-0.122,0.052
14,B2_2,0.094,-0.381,-0.128,-0.335,-0.115,0.291,0.337,-0.569,0.042,-0.048,0.648,1.0,0.651,-0.684,-0.524,-0.345
14,B2_3,0.196,-0.127,-0.21,-0.353,-0.181,0.172,0.169,-0.448,-0.096,-0.251,0.716,0.651,1.0,-0.275,-0.15,-0.248
14,y1,-0.645,-0.003,-0.004,0.015,-0.115,0.135,0.064,0.098,-0.017,-0.263,-0.36,-0.684,-0.275,1.0,0.918,0.682
14,y2,-0.543,-0.331,-0.113,-0.18,-0.053,0.121,0.086,-0.109,-0.131,-0.319,-0.122,-0.524,-0.15,0.918,1.0,0.874
14,y3,-0.483,-0.642,-0.302,-0.379,-0.1,-0.037,-0.071,-0.043,0.089,-0.012,0.052,-0.345,-0.248,0.682,0.874,1.0
16,.,1.0,0.201,0.077,-0.344,-0.256,0.25,0.053,-0.041,-0.199,-0.359,0.476,0.58,0.53,-0.699,-0.617,-0.527
16,A1_1,0.201,1.0,0.76,0.681,-0.22,-0.159,-0.187,0.186,-0.518,-0.387,-0.372,-0.333,-0.467,-0.527,-0.297,-0.585
16,A1_2,0.077,0.76,1.0,0.813,-0.131,0.01,-0.218,-0.09,-0.497,-0.493,-0.294,0.031,-0.365,-0.135,-0.144,-0.242
16,A1_3,-0.344,0.681,0.813,1.0,-0.339,-0.348,-0.5,0.016,-0.209,-0.168,-0.358,-0.209,-0.542,0.126,0.111,-0.003
16,B1_1,-0.256,-0.22,-0.131,-0.339,1.0,0.316,0.701,0.247,0.032,0.219,-0.573,-0.385,-0.398,0.017,0.017,-0.222
16,B1_2,0.25,-0.159,0.01,-0.348,0.316,1.0,0.834,-0.535,-0.362,-0.679,-0.141,0.035,0.237,-0.181,-0.233,-0.003
16,B1_3,0.053,-0.187,-0.218,-0.5,0.701,0.834,1.0,-0.144,-0.183,-0.305,-0.433,-0.342,-0.067,-0.262,-0.227,-0.224
16,A2_1,-0.041,0.186,-0.09,0.016,0.247,-0.535,-0.144,1.0,0.538,0.634,-0.106,-0.235,-0.244,-0.437,-0.494,-0.607
16,A2_2,-0.199,-0.518,-0.497,-0.209,0.032,-0.362,-0.183,0.538,1.0,0.8,0.155,0.169,0.067,0.063,-0.208,-0.011
16,A2_3,-0.359,-0.387,-0.493,-0.168,0.219,-0.679,-0.305,0.634,0.8,1.0,-0.042,-0.09,-0.247,0.21,0.15,-0.025
16,B2_1,0.476,-0.372,-0.294,-0.358,-0.573,-0.141,-0.433,-0.106,0.155,-0.042,1.0,0.783,0.922,0.033,-0.136,0.293
16,B2_2,0.58,-0.333,0.031,-0.209,-0.385,0.035,-0.342,-0.235,0.169,-0.09,0.783,1.0,0.729,0.046,-0.194,0.173
16,B2_3,0.53,-0.467,-0.365,-0.542,-0.398,0.237,-0.067,-0.244,0.067,-0.247,0.922,0.729,1.0,-0.053,-0.244,0.273
16,y1,-0.699,-0.527,-0.135,0.126,0.017,-0.181,-0.262,-0.437,0.063,0.21,0.033,0.046,-0.053,1.0,0.874,0.911
16,y2,-0.617,-0.297,-0.144,0.111,0.017,-0.233,-0.227,-0.494,-0.208,0.15,-0.136,-0.194,-0.244,0.874,1.0,0.763
16,y3,-0.527,-0.585,-0.242,-0.003,-0.222,-0.003,-0.224,-0.607,-0.011,-0.025,0.293,0.173,0.273,0.911,0.763,1.0
18,.,1.0,0.174,-0.028,0.139,-0.367,-0.21,-0.246,-0.09,-0.276,-0.399,0.698,0.392,0.349,-0.625,-0.759,-0.615
18,A1_1,0.174,1.0,0.502,0.652,0.018,-0.354,-0.2,0.134,-0.28,-0.392,-0.184,-0.459,-0.424,-0.495,-0.163,-0.331
18,A1_2,-0.028,0.502,1.0,0.63,0.495,-0.076,0.2,-0.499,-0.137,-0.393,-0.411,-0.152,-0.407,-0.434,-0.096,-0.126
18,A1_3,0.139,0.652,0.63,1.0,-0.22,-0.463,-0.561,-0.122,-0.237,-0.241,-0.172,-0.102,-0.348,-0.217,0.099,0.132
18,B1_1,-0.367,0.018,0.495,-0.22,1.0,0.317,0.752,-0.412,-0.216,-0.051,-0.464,-0.39,-0.38,-0.206,0.01,-0.178
18,B1_2,-0.21,-0.354,-0.076,-0.463,0.317,1.0,0.664,-0.681,-0.313,-0.548,0.048,0.267,0.505,0.398,0.256,0.378
18,B1_3,-0.246,-0.2,0.2,-0.561,0.752,0.664,1.0,-0.425,-0.105,-0.311,-0.369,-0.229,-0.077,0.045,0.031,-0.105
18,A2_1,-0.09,0.134,-0.499,-0.122,-0.412,-0.681,-0.425,1.0,0.515,0.671,-0.072,-0.381,-0.324,0.008,-0.036,-0.236
18,A2_2,-0.276,-0.28,-0.137,-0.237,-0.216,-0.313,-0.105,0.515,1.0,0.553,-0.065,0.195,0.045,0.035,-0.125,-0.086
18,A2_3,-0.399,-0.392,-0.393,-0.241,-0.051,-0.548,-0.311,0.671,0.553,1.0,-0.159,-0.186,-0.303,0.188,0.149,0.037
18,B2_1,0.698,-0.184,-0.411,-0.172,-0.464,0.048,-0.369,-0.072,-0.065,-0.159,1.0,0.771,0.825,-0.355,-0.64,-0.338
18,B2_2,0.392,-0.459,-0.152,-0.102,-0.39,0.267,-0.229,-0.381,0.195,-0.186,0.771,1.0,0.892,-0.076,-0.377,0.046
18,B2_3,0.349,-0.424,-0.407,-0.348,-0.38,0.505,-0.077,-0.324,0.045,-0.303,0.825,0.892,1.0,0.04,-0.311,0.056
18,y1,-0.625,-0.495,-0.434,-0.217,-0.206,0.398,0.045,0.008,0.035,0.188,-0.355,-0.076,0.04,1.0,0.891,0.902
18,y2,-0.759,-0.163,-0.096,0.099,0.01,0.256,0.031,-0.036,-0.125,0.149,-0.64,-0.377,-0.311,0.891,1.0,0.905
18,y3,-0.615,-0.331,-0.126,0.132,-0.178,0.378,-0.105,-0.236,-0.086,0.037,-0.338,0.046,0.056,0.902,0.905,1.0
20,.,1.0,0.35,0.059,-0.093,-0.348,-0.135,-0.12,-0.213,-0.44,-0.279,0.568,0.117,0.077,-0.405,-0.515,-0.679
20,A1_1,0.35,1.0,0.785,0.73,-0.395,-0.168,-0.041,0.008,-0.418,-0.315,-0.418,-0.448,-0.216,-0.178,-0.263,-0.149
20,A1_2,0.059,0.785,1.0,0.676,0.174,-0.105,0.007,-0.149,-0.295,-0.395,-0.641,-0.377,-0.388,-0.317,-0.316,0.006
20,A1_3,-0.093,0.73,0.676,1.0,-0.194,-0.342,-0.477,0.02,-0.16,-0.149,-0.374,-0.217,0.068,0.088,-0.099,0.013
20,B1_1,-0.348,-0.395,0.174,-0.194,1.0,0.36,0.304,-0.615,-0.162,-0.262,-0.225,0.359,-0.15,-0.162,0.001,0.222
20,B1_2,-0.135,-0.168,-0.105,-0.342,0.36,1.0,0.754,-0.39,-0.061,-0.161,-0.084,0.544,0.338,-0.282,-0.128,-0.017
20,B1_3,-0.12,-0.041,0.007,-0.477,0.304,0.754,1.0,-0.266,-0.27,-0.144,-0.416,-0.045,-0.313,-0.176,0.115,0.228
20,A2_1,-0.213,0.008,-0.149,0.02,-0.615,-0.39,-0.266,1.0,0.765,0.741,-0.101,-0.517,-0.153,-0.048,-0.076,-0.094
20,A2_2,-0.44,-0.418,-0.295,-0.16,-0.162,-0.061,-0.27,0.765,1.0,0.664,0.07,0.018,0.22,-0.128,-0.153,-0.079
20,A2_3,-0.279,-0.315,-0.395,-0.149,-0.262,-0.161,-0.144,0.741,0.664,1.0,0.064,-0.147,-0.068,-0.247,-0.218,-0.32
20,B2_1,0.568,-0.418,-0.641,-0.374,-0.225,-0.084,-0.416,-0.101,0.07,0.064,1.0,0.62,0.616,-0.068,-0.245,-0.55
20,B2_2,0.117,-0.448,-0.377,-0.217,0.359,0.544,-0.045,-0.517,0.018,-0.147,0.62,1.0,0.814,-0.181,-0.27,-0.343
20,B2_3,0.077,-0.216,-0.388,0.068,-0.15,0.338,-0.313,-0.153,0.22,-0.068,0.616,0.814,1.0,0.068,-0.145,-0.271
20,y1,-0.405,-0.178,-0.317,0.088,-0.162,-0.282,-0.176,-0.048,-0.128,-0.247,-0.068,-0.181,0.068,1.0,0.942,0.794
20,y2,-0.515,-0.263,-0.316,-0.099,0.001,-0.128,0.115,-0.076,-0.153,-0.218,-0.245,-0.27,-0.145,0.942,1.0,0.904
20,y3,-0.679,-0.149,0.006,0.013,0.222,-0.017,0.228,-0.094,-0.079,-0.32,-0.55,-0.343,-0.271,0.794,0.904,1.0
22,.,1.0,-0.164,0.11,0.167,-0.283,-0.344,-0.477,-0.499,-0.17,-0.577,0.578,0.577,0.522,-0.32,-0.339,-0.238
22,A1_1,-0.164,1.0,0.742,0.553,-0.268,-0.047,-0.102,0.392,-0.265,-0.305,-0.352,-0.49,-0.139,-0.358,-0.125,-0.036
22,A1_2,0.11,0.742,1.0,0.861,-0.265,-0.175,-0.322,-0.042,-0.282,-0.507,-0.513,-0.583,-0.331,-0.316,-0.046,-0.083
22,A1_3,0.167,0.553,0.861,1.0,-0.351,-0.093,-0.271,-0.058,-0.183,-0.212,-0.324,-0.414,-0.163,-0.371,-0.09,-0.087
22,B1_1,-0.283,-0.268,-0.265,-0.351,1.0,0.387,0.812,-0.341,-0.078,0.043,-0.499,0.162,-0.604,-0.005,-0.321,-0.465
22,B1_2,-0.344,-0.047,-0.175,-0.093,0.387,1.0,0.782,-0.277,-0.125,0.061,-0.344,0.231,-0.029,0.204,-0.132,-0.082
22,B1_3,-0.477,-0.102,-0.322,-0.271,0.812,0.782,1.0,-0.183,-0.109,0.228,-0.438,0.211,-0.344,0.062,-0.283,-0.306
22,A2_1,-0.499,0.392,-0.042,-0.058,-0.341,-0.277,-0.183,1.0,0.573,0.607,0.051,-0.308,-0.084,-0.3,-0.031,0.007
22,A2_2,-0.17,-0.265,-0.282,-0.183,-0.078,-0.125,-0.109,0.573,1.0,0.647,0.067,0.168,-0.213,-0.447,-0.37,-0.444
22,A2_3,-0.577,-0.305,-0.507,-0.212,0.043,0.061,0.228,0.607,0.647,1.0,0.068,-0.032,-0.135,-0.026,0.04,0.003
22,B2_1,0.578,-0.352,-0.513,-0.324,-0.499,-0.344,-0.438,0.051,0.067,0.068,1.0,0.611,0.879,0.006,0.011,0.203
22,B2_2,0.577,-0.49,-0.583,-0.414,0.162,0.231,0.211,-0.308,0.168,-0.032,0.611,1.0,0.521,-0.276,-0.58,-0.444
22,B2_3,0.522,-0.139,-0.331,-0.163,-0.604,-0.029,-0.344,-0.084,-0.213,-0.135,0.879,0.521,1.0,0.177,0.141,0.393
22,y1,-0.32,-0.358,-0.316,-0.371,-0.005,0.204,0.062,-0.3,-0.447,-0.026,0.006,-0.276,0.177,1.0,0.884,0.847
22,y2,-0.339,-0.125,-0.046,-0.09,-0.321,-0.132,-0.283,-0.031,-0.37,0.04,0.011,-0.58,0.141,0.884,1.0,0.955
22,y3,-0.238,-0.036,-0.083,-0.087,-0.465,-0.082,-0.306,0.007,-0.444,0.003,0.203,-0.444,0.393,0.847,0.955,1.0
24,.,1.0,0.141,0.194,0.383,-0.335,-0.707,-0.573,-0.111,-0.21,-0.175,0.556,0.001,-0.139,-0.443,-0.263,-0.252
24,A1_1,0.141,1.0,0.418,0.538,-0.024,-0.171,0.037,0.123,-0.288,-0.229,-0.34,-0.515,-0.194,-0.428,-0.478,-0.447
24,A1_2,0.194,0.418,1.0,0.804,-0.117,0.135,0.079,-0.207,-0.186,-0.088,-0.361,-0.225,-0.188,-0.306,-0.333,-0.544
24,A1_3,0.383,0.538,0.804,1.0,-0.239,-0.259,-0.172,0.023,-0.178,-0.076,-0.356,-0.578,-0.514,-0.037,-0.039,-0.17
24,B1_1,-0.335,-0.024,-0.117,-0.239,1.0,0.649,0.837,-0.405,-0.335,0.032,-0.56,-0.198,-0.328,-0.153,-0.169,0.175
24,B1_2,-0.707,-0.171,0.135,-0.259,0.649,1.0,0.889,-0.522,-0.147,-0.122,-0.627,0.043,0.043,0.042,0.037,0.008
24,B1_3,-0.573,0.037,0.079,-0.172,0.837,0.889,1.0,-0.614,-0.492,-0.303,-0.655,-0.056,-0.042,0.018,0.002,0.139
24,A2_1,-0.111,0.123,-0.207,0.023,-0.405,-0.522,-0.614,1.0,0.732,0.748,0.077,-0.25,-0.166,0.137,-0.079,-0.026
24,A2_2,-0.21,-0.288,-0.186,-0.178,-0.335,-0.147,-0.492,0.732,1.0,0.815,0.025,-0.164,-0.201,0.083,0.018,-0.098
24,A2_3,-0.175,-0.229,-0.088,-0.076,0.032,-0.122,-0.303,0.748,0.815,1.0,-0.124,-0.228,-0.384,-0.018,-0.201,-0.075
24,B2_1,0.556,-0.34,-0.361,-0.356,-0.56,-0.627,-0.655,0.077,0.025,-0.124,1.0,0.701,0.598,-0.137,-0.064,-0.109
24,B2_2,0.001,-0.515,-0.225,-0.578,-0.198,0.043,-0.056,-0.25,-0.164,-0.228,0.701,1.0,0.899,-0.041,-0.068,-0.135
24,B2_3,-0.139,-0.194,-0.188,-0.514,-0.328,0.043,-0.042,-0.166,-0.201,-0.384,0.598,0.899,1.0,-0.039,-0.093,-0.231
24,y1,-0.443,-0.428,-0.306,-0.037,-0.153,0.042,0.018,0.137,0.083,-0.018,-0.137,-0.041,-0.039,1.0,0.93,0.858
24,y2,-0.263,-0.478,-0.333,-0.039,-0.169,0.037,0.002,-0.079,0.018,-0.201,-0.064,-0.068,-0.093,0.93,1.0,0.872
24,y3,-0.252,-0.447,-0.544,-0.17,0.175,0.008,0.139,-0.026,-0.098,-0.075,-0.109,-0.135,-0.231,0.858,0.872,1.0
26,.,1.0,0.339,0.507,0.227,-0.257,-0.407,-0.372,-0.335,-0.401,-0.509,0.546,0.165,0.451,-0.621,-0.42,-0.599
26,A1_1,0.339,1.0,0.486,0.552,0.044,-0.074,0.266,0.078,-0.512,-0.426,-0.198,-0.724,-0.485,-0.366,-0.185,-0.316
26,A1_2,0.507,0.486,1.0,0.661,-0.108,0.024,-0.057,-0.568,-0.232,-0.475,-0.205,-0.153,-0.098,-0.451,-0.501,-0.345
26,A1_3,0.227,0.552,0.661,1.0,-0.302,-0.515,-0.395,0.033,-0.141,-0.198,-0.351,-0.632,-0.535,-0.059,-0.204,0.014
26,B1_1,-0.257,0.044,-0.108,-0.302,1.0,0.534,0.647,-0.145,-0.453,-0.22,-0.365,0.033,-0.353,0.053,-0.06,-0.072
26,B1_2,-0.407,-0.074,0.024,-0.515,0.534,1.0,0.878,-0.272,0.137,0.077,-0.383,0.242,-0.014,-0.133,-0.124,-0.143
26,B1_3,-0.372,0.266,-0.057,-0.395,0.647,0.878,1.0,-0.043,-0.098,-0.037,-0.496,-0.136,-0.247,-0.101,-0.008,-0.158
26,A2_1,-0.335,0.078,-0.568,0.033,-0.145,-0.272,-0.043,1.0,0.424,0.728,-0.132,-0.297,-0.451,-0.011,-0.036,-0.088
26,A2_2,-0.401,-0.512,-0.232,-0.141,-0.453,0.137,-0.098,0.424,1.0,0.88,-0.179,0.305,0.094,-0.049,-0.187,-0.045
26,A2_3,-0.509,-0.426,-0.475,-0.198,-0.22,0.077,-0.037,0.728,0.88,1.0,-0.152,0.231,-0.176,-0.07,-0.234,-0.106
26,B2_1,0.546,-0.198,-0.205,-0.351,-0.365,-0.383,-0.496,-0.132,-0.179,-0.152,1.0,0.522,0.669,-0.242,-0.017,-0.178
26,B2_2,0.165,-0.724,-0.153,-0.632,0.033,0.242,-0.136,-0.297,0.305,0.231,0.522,1.0,0.667,-0.298,-0.344,-0.307
26,B2_3,0.451,-0.485,-0.098,-0.535,-0.353,-0.014,-0.247,-0.451,0.094,-0.176,0.669,0.667,1.0,-0.098,0.12,-0.085
26,y1,-0.621,-0.366,-0.451,-0.059,0.053,-0.133,-0.101,-0.011,-0.049,-0.07,-0.242,-0.298,-0.098,1.0,0.894,0.973
26,y2,-0.42,-0.185,-0.501,-0.204,-0.06,-0.124,-0.008,-0.036,-0.187,-0.234,-0.017,-0.344,0.12,0.894,1.0,0.88
26,y3,-0.599,-0.316,-0.345,0.014,-0.072,-0.143,-0.158,-0.088,-0.045,-0.106,-0.178,-0.307,-0.085,0.973,0.88,1.0
28,.,1.0,0.186,-0.065,-0.226,0.025,-0.251,-0.271,0.128,-0.308,-0.137,0.518,0.04,0.227,-0.385,-0.652,-0.736
28,A1_1,0.186,1.0,0.545,0.678,-0.291,-0.361,0.1,0.241,-0.173,-0.292,-0.282,-0.715,-0.593,-0.239,-0.023,-0.3
28,A1_2,-0.065,0.545,1.0,0.667,-0.174,0.214,0.133,-0.623,-0.292,-0.467,-0.195,0.083,-0.164,-0.35,-0.285,-0.243
28,A1_3,-0.226,0.678,0.667,1.0,-0.382,-0.353,-0.199,-0.1,-0.07,-0.253,-0.543,-0.477,-0.576,-0.098,0.263,0.027
28,B1_1,0.025,-0.291,-0.174,-0.382,1.0,0.728,0.701,-0.178,-0.288,-0.311,-0.179,0.121,-0.041,0.016,-0.15,0.059
28,B1_2,-0.251,-0.361,0.214,-0.353,0.728,1.0,0.701,-0.578,-0.105,-0.221,-0.064,0.491,0.102,-0.045,-0.324,0.101
28,B1_3,-0.271,0.1,0.133,-0.199,0.701,0.701,1.0,-0.099,-0.182,-0.255,-0.366,-0.046,-0.118,-0.144,-0.073,0.033
28,A2_1,0.128,0.241,-0.623,-0.1,-0.178,-0.578,-0.099,1.0,0.493,0.573,-0.224,-0.694,-0.393,-0.028,0.217,-0.103
28,A2_2,-0.308,-0.173,-0.292,-0.07,-0.288,-0.105,-0.182,0.493,1.0,0.944,-0.368,-0.106,-0.305,-0.215,-0.054,-0.054
28,A2_3,-0.137,-0.292,-0.467,-0.253,-0.311,-0.221,-0.255,0.573,0.944,1.0,-0.22,0.002,-0.055,-0.291,-0.111,-0.177
28,B2_1,0.518,-0.282,-0.195,-0.543,-0.179,-0.064,-0.366,-0.224,-0.368,-0.22,1.0,0.436,0.614,0.297,-0.243,-0.045
28,B2_2,0.04,-0.715,0.083,-0.477,0.121,0.491,-0.046,-0.694,-0.106,0.002,0.436,1.0,0.817,-0.171,-0.428,-0.118
28,B2_3,0.227,-0.593,-0.164,-0.576,-0.041,0.102,-0.118,-0.393,-0.305,-0.055,0.614,0.817,1.0,-0.101,-0.241,-0.152
28,y1,-0.385,-0.239,-0.35,-0.098,0.016,-0.045,-0.144,-0.028,-0.215,-0.291,0.297,-0.171,-0.101,1.0,0.745,0.902
28,y2,-0.652,-0.023,-0.285,0.263,-0.15,-0.324,-0.073,0.217,-0.054,-0.111,-0.243,-0.428,-0.241,0.745,1.0,0.854
28,y3,-0.736,-0.3,-0.243,0.027,0.059,0.101,0.033,-0.103,-0.054,-0.177,-0.045,-0.118,-0.152,0.902,0.854,1.0
30,.,1.0,0.436,-0.374,-0.195,-0.274,-0.181,-0.249,0.269,-0.347,-0.036,0.377,-0.396,0.274,-0.331,-0.273,-0.677
30,A1_1,0.436,1.0,0.245,0.357,-0.185,-0.114,0.097,0.321,-0.116,-0.056,-0.413,-0.701,-0.423,-0.192,-0.377,-0.403
30,A1_2,-0.374,0.245,1.0,0.844,-0.133,-0.049,-0.078,-0.657,-0.334,-0.515,-0.164,0.196,-0.112,-0.081,0.128,0.274
30,A1_3,-0.195,0.357,0.844,1.0,-0.27,-0.285,-0.216,-0.378,-0.175,-0.196,-0.261,-0.053,-0.356,-0.178,-0.081,0.231
30,B1_1,-0.274,-0.185,-0.133,-0.27,1.0,0.694,0.787,-0.269,-0.24,-0.464,-0.269,-0.136,-0.37,-0.115,-0.114,-0.019
30,B1_2,-0.181,-0.114,-0.049,-0.285,0.694,1.0,0.829,-0.362,-0.227,-0.364,-0.444,0.124,0.068,-0.457,-0.502,-0.399
30,B1_3,-0.249,0.097,-0.078,-0.216,0.787,0.829,1.0,-0.081,-0.235,-0.217,-0.658,-0.347,-0.296,-0.078,-0.328,-0.1
30,A2_1,0.269,0.321,-0.657,-0.378,-0.269,-0.362,-0.081,1.0,0.602,0.803,-0.221,-0.56,-0.311,0.298,-0.13,-0.082
30,A2_2,-0.347,-0.116,-0.334,-0.175,-0.24,-0.227,-0.235,0.602,1.0,0.74,-0.272,0.167,-0.316,0.068,-0.174,0.074
30,A2_3,-0.036,-0.056,-0.515,-0.196,-0.464,-0.364,-0.217,0.803,0.74,1.0,-0.252,-0.167,-0.114,0.267,-0.136,0.137
30,B2_1,0.377,-0.413,-0.164,-0.261,-0.269,-0.444,-0.658,-0.221,-0.272,-0.252,1.0,0.395,0.611,0.16,0.571,0.049
30,B2_2,-0.396,-0.701,0.196,-0.053,-0.136,0.124,-0.347,-0.56,0.167,-0.167,0.395,1.0,0.557,-0.193,0.155,0.079
30,B2_3,0.274,-0.423,-0.112,-0.356,-0.37,0.068,-0.296,-0.311,-0.316,-0.114,0.611,0.557,1.0,-0.015,0.222,-0.164
30,y1,-0.331,-0.192,-0.081,-0.178,-0.115,-0.457,-0.078,0.298,0.068,0.267,0.16,-0.193,-0.015,1.0,0.838,0.81
30,y2,-0.273,-0.377,0.128,-0.081,-0.114,-0.502,-0.328,-0.13,-0.174,-0.136,0.571,0.155,0.222,0.838,1.0,0.77
30,y3,-0.677,-0.403,0.274,0.231,-0.019,-0.399,-0.1,-0.082,0.074,0.137,0.049,0.079,-0.164,0.81,0.77,1.0
32,.,1.0,0.201,-0.046,-0.225,-0.235,0.136,-0.336,-0.415,-0.458,-0.552,0.533,0.372,0.455,-0.364,-0.565,-0.442
32,A1_1,0.201,1.0,0.635,0.455,-0.302,-0.012,0.057,0.021,-0.414,-0.478,-0.64,-0.473,-0.288,-0.249,-0.56,-0.321
32,A1_2,-0.046,0.635,1.0,0.868,-0.141,-0.227,0.248,-0.372,-0.172,-0.504,-0.529,-0.122,-0.368,-0.01,-0.316,-0.419
32,A1_3,-0.225,0.455,0.868,1.0,-0.231,-0.488,0.059,-0.229,-0.086,-0.215,-0.535,-0.279,-0.408,0.278,0.031,-0.161
32,B1_1,-0.235,-0.302,-0.141,-0.231,1.0,0.575,0.722,-0.125,-0.003,-0.159,-0.082,-0.12,-0.477,-0.166,-0.005,-0.054
32,B1_2,0.136,-0.012,-0.227,-0.488,0.575,1.0,0.74,-0.379,-0.193,-0.275,-0.058,0.272,0.174,-0.439,-0.336,-0.066
32,B1_3,-0.336,0.057,0.248,0.059,0.722,0.74,1.0,-0.335,0.079,-0.183,-0.489,0.044,-0.336,-0.338,-0.24,-0.194
32,A2_1,-0.415,0.021,-0.372,-0.229,-0.125,-0.379,-0.335,1.0,0.47,0.672,-0.266,-0.629,-0.42,-0.075,0.123,0.131
32,A2_2,-0.458,-0.414,-0.172,-0.086,-0.003,-0.193,0.079,0.47,1.0,0.811,-0.115,0.136,-0.195,-0.353,-0.014,-0.277
32,A2_3,-0.552,-0.478,-0.504,-0.215,-0.159,-0.275,-0.183,0.672,0.811,1.0,-0.073,-0.086,-0.039,0.011,0.375,0.234
32,B2_1,0.533,-0.64,-0.529,-0.535,-0.082,-0.058,-0.489,-0.266,-0.115,-0.073,1.0,0.636,0.652,0.159,0.198,0.114
32,B2_2,0.372,-0.473,-0.122,-0.279,-0.12,0.272,0.044,-0.629,0.136,-0.086,0.636,1.0,0.757,-0.142,-0.088,-0.167
32,B2_3,0.455,-0.288,-0.368,-0.408,-0.477,0.174,-0.336,-0.42,-0.195,-0.039,0.652,0.757,1.0,0.142,0.125,0.268
32,y1,-0.364,-0.249,-0.01,0.278,-0.166,-0.439,-0.338,-0.075,-0.353,0.011,0.159,-0.142,0.142,1.0,0.899,0.828
32,y2,-0.565,-0.56,-0.316,0.031,-0.005,-0.336,-0.24,0.123,-0.014,0.375,0.198,-0.088,0.125,0.899,1.0,0.882
32,y3,-0.442,-0.321,-0.419,-0.161,-0.054,-0.066,-0.194,0.131,-0.277,0.234,0.114,-0.167,0.268,0.828,0.882,1.0
34,.,1.0,0.33,0.024,-0.059,-0.008,-0.307,-0.216,0.102,-0.335,-0.377,0.175,-0.056,0.179,-0.488,-0.286,-0.403
34,A1_1,0.33,1.0,0.446,0.682,-0.282,-0.311,-0.31,0.301,-0.305,-0.487,-0.386,-0.468,-0.329,-0.086,0.064,0.127
34,A1_2,0.024,0.446,1.0,0.798,0.202,-0.098,-0.139,-0.509,-0.246,-0.529,-0.092,0.055,-0.343,-0.119,-0.058,-0.247
34,A1_3,-0.059,0.682,0.798,1.0,0.036,-0.109,-0.164,-0.241,-0.405,-0.495,-0.534,-0.345,-0.546,0.128,0.103,0.221
34,B1_1,-0.008,-0.282,0.202,0.036,1.0,0.552,0.732,-0.279,-0.157,-0.334,-0.29,-0.042,-0.438,-0.362,-0.226,-0.492
34,B1_2,-0.307,-0.311,-0.098,-0.109,0.552,1.0,0.811,-0.364,-0.144,-0.37,-0.264,0.417,0.163,-0.19,-0.234,-0.356
34,B1_3,-0.216,-0.31,-0.139,-0.164,0.732,0.811,1.0,0.019,0.23,-0.079,-0.493,0.026,-0.229,-0.534,-0.557,-0.495
34,A2_1,0.102,0.301,-0.509,-0.241,-0.279,-0.364,0.019,1.0,0.49,0.489,-0.33,-0.698,-0.319,-0.199,-0.141,0.212
34,A2_2,-0.335,-0.305,-0.246,-0.405,-0.157,-0.144,0.23,0.49,1.0,0.791,0.022,-0.067,-0.075,-0.369,-0.504,-0.189
34,A2_3,-0.377,-0.487,-0.529,-0.495,-0.334,-0.37,-0.079,0.489,0.791,1.0,0.096,-0.205,-0.039,0.117,-0.091,0.313
34,B2_1,0.175,-0.386,-0.092,-0.534,-0.29,-0.264,-0.493,-0.33,0.022,0.096,1.0,0.677,0.713,0.156,0.252,-0.207
34,B2_2,-0.056,-0.468,0.055,-0.345,-0.042,0.417,0.026,-0.698,-0.067,-0.205,0.677,1.0,0.823,-0.029,-0.079,-0.439
34,B2_3,0.179,-0.329,-0.343,-0.546,-0.438,0.163,-0.229,-0.319,-0.075,-0.039,0.713,0.823,1.0,0.063,0.011,-0.186
34,y1,-0.488,-0.086,-0.119,0.128,-0.362,-0.19,-0.534,-0.199,-0.369,0.117,0.156,-0.029,0.063,1.0,0.911,0.858
34,y2,-0.286,0.064,-0.058,0.103,-0.226,-0.234,-0.557,-0.141,-0.504,-0.091,0.252,-0.079,0.011,0.911,1.0,0.707
34,y3,-0.403,0.127,-0.247,0.221,-0.492,-0.356,-0.495,0.212,-0.189,0.313,-0.207,-0.439,-0.186,0.858,0.707,1.0
36,.,1.0,0.254,-0.075,-0.125,0.11,-0.165,-0.255,0.255,0.015,-0.046,-0.04,-0.179,-0.125,-0.566,-0.598,-0.72
36,A1_1,0.254,1.0,0.412,0.784,-0.086,-0.015,0.151,0.255,-0.385,-0.176,-0.663,-0.579,-0.513,-0.269,-0.053,-0.08
36,A1_2,-0.075,0.412,1.0,0.775,-0.228,-0.195,0.073,-0.401,-0.248,-0.035,-0.208,0.153,-0.349,-0.359,-0.2,-0.018
36,A1_3,-0.125,0.784,0.775,1.0,-0.463,-0.155,-0.022,-0.062,-0.383,-0.053,-0.368,-0.177,-0.315,-0.195,0.063,0.185
36,B1_1,0.11,-0.086,-0.228,-0.463,1.0,0.376,0.795,-0.06,0.039,-0.249,-0.318,-0.194,-0.313,-0.068,-0.174,-0.323
36,B1_2,-0.165,-0.015,-0.195,-0.155,0.376,1.0,0.565,-0.155,-0.088,-0.327,0.069,0.359,0.23,-0.408,-0.408,-0.367
36,B1_3,-0.255,0.151,0.073,-0.022,0.795,0.565,1.0,-0.098,-0.03,-0.172,-0.294,-0.03,-0.261,-0.163,-0.124,-0.201
36,A2_1,0.255,0.255,-0.401,-0.062,-0.06,-0.155,-0.098,1.0,0.659,0.701,-0.293,-0.498,-0.378,-0.021,-0.082,-0.211
36,A2_2,0.015,-0.385,-0.248,-0.383,0.039,-0.088,-0.03,0.659,1.0,0.913,0.105,0.1,-0.218,-0.111,-0.302,-0.313
36,A2_3,-0.046,-0.176,-0.035,-0.053,-0.249,-0.327,-0.172,0.701,0.913,1.0,0.086,0.028,-0.24,-0.053,-0.146,-0.141
36,B2_1,-0.04,-0.663,-0.208,-0.368,-0.318,0.069,-0.294,-0.293,0.105,0.086,1.0,0.833,0.9,-0.122,-0.133,-0.116
36,B2_2,-0.179,-0.579,0.153,-0.177,-0.194,0.359,-0.03,-0.498,0.1,0.028,0.833,1.0,0.687,-0.394,-0.401,-0.262
36,B2_3,-0.125,-0.513,-0.349,-0.315,-0.313,0.23,-0.261,-0.378,-0.218,-0.24,0.9,0.687,1.0,0.032,0.072,0.069
36,y1,-0.566,-0.269,-0.359,-0.195,-0.068,-0.408,-0.163,-0.021,-0.111,-0.053,-0.122,-0.394,0.032,1.0,0.949,0.9
36,y2,-0.598,-0.053,-0.2,0.063,-0.174,-0.408,-0.124,-0.082,-0.302,-0.146,-0.133,-0.401,0.072,0.949,1.0,0.952
36,y3,-0.72,-0.08,-0.018,0.185,-0.323,-0.367,-0.201,-0.211,-0.313,-0.141,-0.116,-0.262,0.069,0.9,0.952,1.0
38,.,1.0,0.411,0.207,0.013,0.117,-0.09,-0.173,-0.397,-0.587,-0.354,0.024,-0.076,0.219,-0.546,-0.654,-0.579
38,A1_1,0.411,1.0,0.556,0.795,-0.077,-0.095,-0.015,0.082,-0.497,-0.173,-0.392,-0.425,-0.494,-0.134,-0.114,-0.039
38,A1_2,0.207,0.556,1.0,0.764,0.036,-0.287,-0.001,-0.278,-0.255,0.08,0.079,0.13,-0.549,-0.101,-0.144,-0.108
38,A1_3,0.013,0.795,0.764,1.0,-0.317,-0.103,-0.111,0.01,-0.232,-0.106,-0.151,-0.024,-0.466,0.008,0.089,0.103
38,B1_1,0.117,-0.077,0.036,-0.317,1.0,0.364,0.853,-0.263,-0.329,0.216,-0.108,0.047,-0.331,0.125,-0.329,-0.098
38,B1_2,-0.09,-0.095,-0.287,-0.103,0.364,1.0,0.61,-0.396,-0.19,-0.346,-0.372,0.461,0.377,0.178,-0.14,-0.082
38,B1_3,-0.173,-0.015,-0.001,-0.111,0.853,0.61,1.0,-0.044,-0.069,0.346,-0.339,0.157,-0.326,0.074,-0.307,-0.138
38,A2_1,-0.397,0.082,-0.278,0.01,-0.263,-0.396,-0.044,1.0,0.614,0.675,-0.267,-0.594,-0.367,-0.221,0.13,0.032
38,A2_2,-0.587,-0.497,-0.255,-0.232,-0.329,-0.19,-0.069,0.614,1.0,0.691,-0.148,0.007,0.052,-0.256,0.104,-0.176
38,A2_3,-0.354,-0.173,0.08,-0.106,0.216,-0.346,0.346,0.675,0.691,1.0,-0.101,-0.187,-0.499,-0.372,-0.224,-0.288
38,B2_1,0.024,-0.392,0.079,-0.151,-0.108,-0.372,-0.339,-0.267,-0.148,-0.101,1.0,0.47,0.211,0.047,-0.045,0.13
38,B2_2,-0.076,-0.425,0.13,-0.024,0.047,0.461,0.157,-0.594,0.007,-0.187,0.47,1.0,0.508,-0.073,-0.298,-0.249
38,B2_3,0.219,-0.494,-0.549,-0.466,-0.331,0.377,-0.326,-0.367,0.052,-0.499,0.211,0.508,1.0,-0.212,-0.196,-0.294
38,y1,-0.546,-0.134,-0.101,0.008,0.125,0.178,0.074,-0.221,-0.256,-0.372,0.047,-0.073,-0.212,1.0,0.846,0.936
38,y2,-0.654,-0.114,-0.144,0.089,-0.329,-0.14,-0.307,0.13,0.104,-0.224,-0.045,-0.298,-0.196,0.846,1.0,0.918
38,y3,-0.579,-0.039,-0.108,0.103,-0.098,-0.082,-0.138,0.032,-0.176,-0.288,0.13,-0.249,-0.294,0.936,0.918,1.0
40,.,1.0,0.37,0.345,0.119,0.121,-0.269,-0.086,0.074,-0.467,-0.482,0.169,-0.434,-0.186,-0.722,-0.605,-0.475
40,A1_1,0.37,1.0,0.412,0.784,-0.102,0.059,0.177,0.177,-0.479,-0.443,-0.47,-0.338,-0.344,-0.197,-0.237,-0.294
40,A1_2,0.345,0.412,1.0,0.74,-0.264,-0.328,-0.159,-0.123,-0.234,0.01,0.024,-0.147,-0.488,-0.345,-0.259,-0.3
40,A1_3,0.119,0.784,0.74,1.0,-0.478,-0.093,-0.107,0.039,-0.16,-0.156,-0.476,-0.258,-0.491,-0.088,-0.17,-0.246
40,B1_1,0.121,-0.102,-0.264,-0.478,1.0,0.493,0.847,-0.233,-0.291,-0.13,0.088,0.162,-0.044,-0.062,-0.011,0.011
40,B1_2,-0.269,0.059,-0.328,-0.093,0.493,1.0,0.717,-0.523,0.061,-0.19,-0.264,0.566,0.245,0.026,-0.139,-0.195
40,B1_3,-0.086,0.177,-0.159,-0.107,0.847,0.717,1.0,-0.149,-0.07,-0.005,-0.358,0.171,-0.208,-0.034,-0.13,-0.175
40,A2_1,0.074,0.177,-0.123,0.039,-0.233,-0.523,-0.149,1.0,0.344,0.482,-0.367,-0.579,-0.238,-0.162,-0.204,-0.213
40,A2_2,-0.467,-0.479,-0.234,-0.16,-0.291,0.061,-0.07,0.344,1.0,0.763,-0.389,0.038,-0.043,-0.014,-0.238,-0.248
40,A2_3,-0.482,-0.443,0.01,-0.156,-0.13,-0.19,-0.005,0.482,0.763,1.0,-0.084,0.148,-0.024,-0.065,-0.107,-0.205
40,B2_1,0.169,-0.47,0.024,-0.476,0.088,-0.264,-0.358,-0.367,-0.389,-0.084,1.0,0.471,0.611,-0.138,0.176,0.179
40,B2_2,-0.434,-0.338,-0.147,-0.258,0.162,0.566,0.171,-0.579,0.038,0.148,0.471,1.0,0.745,-0.011,0.062,-0.077
40,B2_3,-0.186,-0.344,-0.488,-0.491,-0.044,0.245,-0.208,-0.238,-0.043,-0.024,0.611,0.745,1.0,-0.082,0.043,-0.027
40,y1,-0.722,-0.197,-0.345,-0.088,-0.062,0.026,-0.034,-0.162,-0.014,-0.065,-0.138,-0.011,-0.082,1.0,0.935,0.915
40,y2,-0.605,-0.237,-0.259,-0.17,-0.011,-0.139,-0.13,-0.204,-0.238,-0.107,0.176,0.062,0.043,0.935,1.0,0.971
40,y3,-0.475,-0.294,-0.3,-0.246,0.011,-0.195,-0.175,-0.213,-0.248,-0.205,0.179,-0.077,-0.027,0.915,0.971,1.0
42,.,1.0,0.173,-0.42,-0.179,0.099,-0.26,-0.304,-0.099,-0.341,-0.633,0.329,0.234,0.302,-0.626,-0.514,-0.459
42,A1_1,0.173,1.0,0.315,0.34,-0.196,-0.313,-0.095,0.185,-0.524,-0.38,-0.653,-0.612,-0.708,-0.164,-0.039,-0.003
42,A1_2,-0.42,0.315,1.0,0.848,-0.145,-0.068,0.208,-0.194,-0.284,0.064,-0.212,0.065,-0.534,0.159,0.323,-0.046
42,A1_3,-0.179,0.34,0.848,1.0,-0.282,-0.084,-0.062,-0.147,-0.523,0.041,0.119,0.16,-0.217,0.161,0.25,-0.161
42,B1_1,0.099,-0.196,-0.145,-0.282,1.0,0.578,0.841,-0.081,-0.021,-0.353,-0.051,0.043,-0.03,-0.414,-0.344,-0.309
42,B1_2,-0.26,-0.313,-0.068,-0.084,0.578,1.0,0.758,-0.05,0.001,-0.182,-0.022,0.349,0.32,-0.054,-0.089,-0.036
42,B1_3,-0.304,-0.095,0.208,-0.062,0.841,0.758,1.0,-0.073,0.022,-0.25,-0.343,0.051,-0.23,-0.219,-0.128,-0.129
42,A2_1,-0.099,0.185,-0.194,-0.147,-0.081,-0.05,-0.073,1.0,0.557,0.519,-0.305,-0.381,-0.094,-0.433,-0.665,-0.495
42,A2_2,-0.341,-0.524,-0.284,-0.523,-0.021,0.001,0.022,0.557,1.0,0.68,-0.072,0.021,0.14,-0.147,-0.339,-0.166
42,A2_3,-0.633,-0.38,0.064,0.041,-0.353,-0.182,-0.25,0.519,0.68,1.0,0.116,-0.152,0.068,0.333,0.064,0.017
42,B2_1,0.329,-0.653,-0.212,0.119,-0.051,-0.022,-0.343,-0.305,-0.072,0.116,1.0,0.674,0.813,0.069,-0.003,-0.216
42,B2_2,0.234,-0.612,0.065,0.16,0.043,0.349,0.051,-0.381,0.021,-0.152,0.674,1.0,0.709,-0.165,-0.103,-0.301
42,B2_3,0.302,-0.708,-0.534,-0.217,-0.03,0.32,-0.23,-0.094,0.14,0.068,0.813,0.709,1.0,-0.025,-0.172,-0.161
42,y1,-0.626,-0.164,0.159,0.161,-0.414,-0.054,-0.219,-0.433,-0.147,0.333,0.069,-0.165,-0.025,1.0,0.937,0.874
42,y2,-0.514,-0.039,0.323,0.25,-0.344,-0.089,-0.128,-0.665,-0.339,0.064,-0.003,-0.103,-0.172,0.937,1.0,0.884
42,y3,-0.459,-0.003,-0.046,-0.161,-0.309,-0.036,-0.129,-0.495,-0.166,0.017,-0.216,-0.301,-0.161,0.874,0.884,1.0
44,.,1.0,0.291,0.165,0.168,-0.101,-0.436,-0.611,-0.099,-0.207,-0.405,0.061,-0.221,0.059,-0.484,-0.445,-0.597
44,A1_1,0.291,1.0,0.567,0.882,-0.256,-0.262,0.039,0.22,-0.5,-0.321,-0.305,-0.52,-0.175,-0.4,-0.074,-0.052
44,A1_2,0.165,0.567,1.0,0.87,-0.328,-0.112,0.025,-0.168,-0.395,-0.011,-0.351,-0.087,-0.414,-0.196,-0.294,-0.13
44,A1_3,0.168,0.882,0.87,1.0,-0.415,-0.222,0.04,0.047,-0.51,-0.115,-0.327,-0.291,-0.264,-0.308,-0.141,-0.038
44,B1_1,-0.101,-0.256,-0.328,-0.415,1.0,0.666,0.653,-0.11,0.22,-0.396,-0.077,-0.06,-0.274,-0.111,-0.282,-0.237
44,B1_2,-0.436,-0.262,-0.112,-0.222,0.666,1.0,0.837,-0.52,-0.172,-0.364,-0.007,0.488,0.093,-0.025,-0.132,-0.046
44,B1_3,-0.611,0.039,0.025,0.04,0.653,0.837,1.0,-0.077,0.016,-0.143,-0.196,0.141,-0.216,-0.099,-0.143,0.027
44,A2_1,-0.099,0.22,-0.168,0.047,-0.11,-0.52,-0.077,1.0,0.666,0.561,-0.334,-0.628,-0.437,-0.072,-0.051,0.041
44,A2_2,-0.207,-0.5,-0.395,-0.51,0.22,-0.172,0.016,0.666,1.0,0.731,-0.033,-0.089,-0.343,-0.022,-0.302,-0.21
44,A2_3,-0.405,-0.321,-0.011,-0.115,-0.396,-0.364,-0.143,0.561,0.731,1.0,0.05,0.134,-0.159,0.086,-0.084,0.031
44,B2_1,0.061,-0.305,-0.351,-0.327,-0.077,-0.007,-0.196,-0.334,-0.033,0.05,1.0,0.606,0.794,-0.314,-0.024,-0.298
44,B2_2,-0.221,-0.52,-0.087,-0.291,-0.06,0.488,0.141,-0.628,-0.089,0.134,0.606,1.0,0.645,-0.155,-0.183,-0.253
44,B2_3,0.059,-0.175,-0.414,-0.264,-0.274,0.093,-0.216,-0.437,-0.343,-0.159,0.794,0.645,1.0,-0.19,0.191,-0.083
44,y1,-0.484,-0.4,-0.196,-0.308,-0.111,-0.025,-0.099,-0.072,-0.022,0.086,-0.314,-0.155,-0.19,1.0,0.813,0.889
44,y2,-0.445,-0.074,-0.294,-0.141,-0.282,-0.132,-0.143,-0.051,-0.302,-0.084,-0.024,-0.183,0.191,0.813,1.0,0.939
44,y3,-0.597,-0.052,-0.13,-0.038,-0.237,-0.046,0.027,0.041,-0.21,0.031,-0.298,-0.253,-0.083,0.889,0.939,1.0
46,.,1.0,0.605,0.207,0.174,0.085,0.046,0.127,-0.068,-0.278,-0.44,-0.003,-0.039,-0.073,-0.74,-0.745,-0.721
46,A1_1,0.605,1.0,0.435,0.625,-0.084,-0.074,0.083,0.187,-0.66,-0.714,-0.241,-0.452,-0.197,-0.1,-0.257,-0.239
46,A1_2,0.207,0.435,1.0,0.892,-0.113,0.049,0.243,-0.182,-0.516,-0.138,-0.358,-0.069,-0.713,-0.099,-0.081,-0.123
46,A1_3,0.174,0.625,0.892,1.0,-0.326,-0.071,0.067,0.201,-0.532,-0.156,-0.36,-0.166,-0.567,-0.057,-0.108,-0.202
46,B1_1,0.085,-0.084,-0.113,-0.326,1.0,0.691,0.883,-0.249,0.113,-0.335,-0.022,-0.118,-0.108,0.081,-0.228,0.095
46,B1_2,0.046,-0.074,0.049,-0.071,0.691,1.0,0.784,-0.203,-0.123,-0.22,-0.187,0.24,-0.035,0.001,-0.215,-0.119
46,B1_3,0.127,0.083,0.243,0.067,0.883,0.784,1.0,-0.103,0.032,-0.235,-0.368,-0.219,-0.457,-0.045,-0.32,-0.07
46,A2_1,-0.068,0.187,-0.182,0.201,-0.249,-0.203,-0.103,1.0,0.418,0.327,-0.161,-0.306,-0.014,-0.201,-0.355,-0.386
46,A2_2,-0.278,-0.66,-0.516,-0.532,0.113,-0.123,0.032,0.418,1.0,0.783,-0.067,-0.097,-0.061,-0.3,-0.214,-0.161
46,A2_3,-0.44,-0.714,-0.138,-0.156,-0.335,-0.22,-0.235,0.327,0.783,1.0,-0.144,0.165,-0.193,-0.268,-0.012,-0.154
46,B2_1,-0.003,-0.241,-0.358,-0.36,-0.022,-0.187,-0.368,-0.161,-0.067,-0.144,1.0,0.669,0.774,0.104,-0.056,0.007
46,B2_2,-0.039,-0.452,-0.069,-0.166,-0.118,0.24,-0.219,-0.306,-0.097,0.165,0.669,1.0,0.541,-0.123,-0.112,-0.224
