,,.,A1_1,A1_2,A1_3,B1_1,B1_2,B1_3,A2_1,A2_2,A2_3,B2_1,B2_2,B2_3,y1,y2,y3
2,.,0.094,0.03,0.032,0.03,0.027,0.028,0.042,0.033,0.057,0.028,0.02,0.02,0.019,0.162,0.2,0.175
2,A1_1,0.12,0.008,0.008,0.014,0.053,0.142,0.25,0.01,0.004,0.007,0.018,0.011,0.011,0.1,0.137,0.105
2,A1_2,0.16,0.01,0.008,0.015,0.101,0.116,0.29,0.015,0.004,0.011,0.01,0.009,0.007,0.071,0.079,0.093
2,A1_3,0.212,0.015,0.009,0.02,0.056,0.122,0.082,0.028,0.02,0.024,0.018,0.028,0.025,0.089,0.118,0.134
2,B1_1,0.221,0.088,0.14,0.191,0.018,0.018,0.027,0.04,0.022,0.014,0.006,0.01,0.01,0.069,0.063,0.062
2,B1_2,0.154,0.09,0.065,0.067,0.024,0.015,0.021,0.071,0.034,0.023,0.024,0.017,0.012,0.14,0.128,0.114
2,B1_3,0.259,0.074,0.108,0.147,0.021,0.025,0.03,0.028,0.014,0.013,0.015,0.022,0.03,0.064,0.079,0.07
2,A2_1,0.096,0.018,0.012,0.017,0.035,0.058,0.044,0.015,0.014,0.015,0.048,0.058,0.079,0.106,0.211,0.174
2,A2_2,0.15,0.018,0.017,0.024,0.032,0.024,0.036,0.031,0.055,0.03,0.097,0.033,0.105,0.091,0.159,0.097
2,A2_3,0.048,0.015,0.008,0.008,0.022,0.02,0.021,0.012,0.007,0.008,0.188,0.059,0.118,0.101,0.239,0.127
2,B2_1,0.149,0.007,0.007,0.015,0.008,0.014,0.005,0.036,0.539,0.098,0.003,0.011,0.017,0.026,0.027,0.04
2,B2_2,0.167,0.023,0.013,0.017,0.021,0.029,0.017,0.064,0.161,0.071,0.021,0.022,0.018,0.114,0.117,0.124
2,B2_3,0.037,0.004,0.004,0.005,0.003,0.002,0.002,0.028,0.782,0.063,0.003,0.003,0.005,0.02,0.019,0.02
2,y1,0.441,0.033,0.033,0.088,0.026,0.024,0.02,0.049,0.05,0.033,0.02,0.02,0.05,0.034,0.041,0.039
2,y2,0.56,0.008,0.007,0.039,0.045,0.112,0.084,0.02,0.009,0.013,0.009,0.009,0.021,0.019,0.022,0.023
2,y3,0.538,0.031,0.023,0.082,0.025,0.035,0.019,0.047,0.024,0.022,0.015,0.017,0.033,0.027,0.03,0.031
4,.,0.116,0.024,0.037,0.025,0.024,0.044,0.06,0.043,0.068,0.032,0.038,0.03,0.038,0.161,0.109,0.152
4,A1_1,0.095,0.004,0.007,0.005,0.06,0.16,0.434,0.006,0.008,0.007,0.019,0.025,0.01,0.026,0.087,0.047
4,A1_2,0.21,0.007,0.009,0.007,0.127,0.071,0.314,0.016,0.009,0.018,0.012,0.013,0.009,0.033,0.099,0.045
4,A1_3,0.155,0.008,0.009,0.007,0.113,0.094,0.343,0.013,0.01,0.016,0.012,0.017,0.009,0.037,0.104,0.053
4,B1_1,0.134,0.045,0.162,0.088,0.018,0.028,0.032,0.026,0.011,0.011,0.023,0.02,0.018,0.164,0.129,0.091
4,B1_2,0.079,0.069,0.095,0.095,0.013,0.02,0.014,0.029,0.01,0.013,0.021,0.018,0.011,0.26,0.132,0.12
4,B1_3,0.077,0.067,0.29,0.1,0.011,0.012,0.012,0.019,0.007,0.008,0.009,0.013,0.015,0.194,0.096,0.072
4,A2_1,0.197,0.01,0.014,0.007,0.009,0.017,0.026,0.005,0.01,0.01,0.064,0.194,0.346,0.042,0.02,0.029
4,A2_2,0.15,0.007,0.009,0.006,0.008,0.011,0.018,0.008,0.009,0.008,0.135,0.115,0.416,0.046,0.019,0.034
4,A2_3,0.145,0.013,0.009,0.009,0.009,0.019,0.017,0.007,0.01,0.012,0.117,0.209,0.254,0.085,0.03,0.056
4,B2_1,0.311,0.01,0.008,0.008,0.012,0.009,0.021,0.076,0.247,0.171,0.009,0.018,0.02,0.031,0.019,0.031
4,B2_2,0.175,0.016,0.012,0.016,0.023,0.014,0.016,0.102,0.063,0.096,0.022,0.011,0.011,0.183,0.099,0.138
4,B2_3,0.257,0.013,0.017,0.014,0.015,0.011,0.02,0.108,0.17,0.118,0.02,0.014,0.025,0.08,0.045,0.072
4,y1,0.545,0.017,0.021,0.016,0.021,0.014,0.063,0.019,0.022,0.025,0.026,0.062,0.103,0.016,0.017,0.013
4,y2,0.522,0.023,0.035,0.021,0.022,0.011,0.045,0.031,0.03,0.036,0.021,0.043,0.091,0.027,0.023,0.019
4,y3,0.461,0.029,0.037,0.029,0.022,0.024,0.063,0.016,0.017,0.022,0.03,0.089,0.077,0.031,0.03,0.022
6,.,0.076,0.07,0.026,0.018,0.033,0.041,0.057,0.02,0.016,0.015,0.04,0.065,0.043,0.121,0.144,0.216
6,A1_1,0.203,0.027,0.024,0.01,0.049,0.075,0.171,0.014,0.024,0.029,0.013,0.024,0.018,0.083,0.118,0.119
6,A1_2,0.247,0.029,0.016,0.018,0.1,0.052,0.131,0.014,0.019,0.037,0.006,0.008,0.007,0.107,0.119,0.09
6,A1_3,0.305,0.013,0.006,0.009,0.157,0.116,0.121,0.006,0.01,0.02,0.021,0.022,0.017,0.078,0.057,0.044
6,B1_1,0.139,0.13,0.055,0.218,0.015,0.014,0.014,0.018,0.005,0.008,0.031,0.019,0.018,0.139,0.08,0.098
6,B1_2,0.209,0.209,0.042,0.224,0.016,0.009,0.009,0.037,0.01,0.012,0.015,0.013,0.01,0.076,0.053,0.056
6,B1_3,0.062,0.463,0.102,0.144,0.008,0.008,0.016,0.011,0.003,0.003,0.003,0.009,0.005,0.039,0.064,0.062
6,A2_1,0.103,0.037,0.012,0.007,0.011,0.035,0.028,0.006,0.008,0.007,0.085,0.434,0.097,0.045,0.039,0.047
6,A2_2,0.092,0.017,0.011,0.013,0.01,0.022,0.015,0.014,0.017,0.014,0.219,0.172,0.134,0.108,0.053,0.088
6,A2_3,0.17,0.012,0.005,0.009,0.013,0.027,0.011,0.009,0.013,0.011,0.227,0.269,0.118,0.057,0.022,0.029
6,B2_1,0.299,0.002,0.004,0.002,0.006,0.005,0.012,0.056,0.334,0.192,0.014,0.006,0.014,0.023,0.016,0.016
6,B2_2,0.32,0.008,0.01,0.024,0.022,0.012,0.023,0.052,0.075,0.114,0.024,0.008,0.014,0.147,0.073,0.074
6,B2_3,0.247,0.03,0.021,0.037,0.018,0.012,0.023,0.087,0.073,0.08,0.019,0.012,0.015,0.122,0.092,0.113
6,y1,0.472,0.053,0.037,0.034,0.018,0.028,0.031,0.029,0.054,0.031,0.035,0.035,0.042,0.037,0.034,0.031
6,y2,0.62,0.045,0.037,0.034,0.015,0.024,0.028,0.022,0.047,0.026,0.015,0.014,0.02,0.019,0.019,0.015
6,y3,0.384,0.067,0.04,0.033,0.026,0.044,0.045,0.023,0.037,0.023,0.042,0.048,0.05,0.046,0.045,0.046
8,.,0.074,0.029,0.046,0.032,0.029,0.014,0.021,0.041,0.042,0.021,0.07,0.049,0.052,0.134,0.117,0.229
8,A1_1,0.295,0.014,0.015,0.008,0.07,0.062,0.061,0.021,0.03,0.016,0.016,0.035,0.033,0.076,0.141,0.106
8,A1_2,0.174,0.011,0.012,0.01,0.216,0.053,0.128,0.017,0.02,0.012,0.004,0.008,0.009,0.071,0.145,0.11
8,A1_3,0.326,0.007,0.008,0.005,0.198,0.137,0.088,0.012,0.014,0.017,0.008,0.017,0.016,0.032,0.07,0.045
8,B1_1,0.097,0.043,0.082,0.15,0.016,0.004,0.011,0.027,0.016,0.007,0.075,0.015,0.053,0.095,0.1,0.209
8,B1_2,0.235,0.114,0.06,0.199,0.018,0.003,0.016,0.038,0.018,0.008,0.021,0.012,0.017,0.094,0.086,0.06
8,B1_3,0.223,0.147,0.116,0.094,0.013,0.005,0.019,0.023,0.03,0.008,0.012,0.021,0.018,0.114,0.088,0.069
8,A2_1,0.108,0.009,0.01,0.006,0.016,0.022,0.01,0.005,0.006,0.007,0.184,0.274,0.109,0.045,0.089,0.101
8,A2_2,0.037,0.002,0.003,0.009,0.003,0.003,0.001,0.009,0.004,0.005,0.572,0.056,0.142,0.02,0.043,0.09
8,A2_3,0.112,0.01,0.007,0.016,0.021,0.011,0.013,0.017,0.016,0.016,0.195,0.087,0.075,0.077,0.164,0.161
8,B2_1,0.235,0.009,0.004,0.005,0.012,0.012,0.017,0.082,0.259,0.142,0.01,0.005,0.01,0.063,0.095,0.039
8,B2_2,0.418,0.021,0.013,0.024,0.019,0.015,0.018,0.135,0.09,0.06,0.016,0.007,0.017,0.055,0.059,0.031
8,B2_3,0.209,0.017,0.009,0.015,0.009,0.006,0.014,0.205,0.225,0.086,0.009,0.004,0.01,0.075,0.07,0.038
8,y1,0.448,0.052,0.051,0.097,0.016,0.012,0.009,0.047,0.013,0.012,0.062,0.032,0.05,0.039,0.032,0.028
8,y2,0.582,0.046,0.044,0.025,0.033,0.04,0.022,0.017,0.017,0.017,0.016,0.038,0.023,0.032,0.031,0.018
8,y3,0.45,0.099,0.118,0.071,0.021,0.021,0.015,0.026,0.016,0.014,0.018,0.033,0.024,0.036,0.021,0.017
10,.,0.111,0.037,0.039,0.043,0.03,0.032,0.035,0.026,0.036,0.032,0.043,0.022,0.039,0.105,0.151,0.219
10,A1_1,0.124,0.006,0.011,0.006,0.063,0.158,0.094,0.011,0.036,0.026,0.01,0.034,0.017,0.161,0.118,0.125
10,A1_2,0.108,0.02,0.007,0.012,0.141,0.077,0.13,0.022,0.036,0.033,0.007,0.013,0.005,0.118,0.123,0.148
10,A1_3,0.157,0.005,0.006,0.006,0.267,0.224,0.076,0.018,0.024,0.035,0.01,0.03,0.008,0.035,0.047,0.052
10,B1_1,0.23,0.083,0.044,0.089,0.026,0.017,0.03,0.032,0.017,0.025,0.015,0.047,0.012,0.099,0.132,0.101
10,B1_2,0.164,0.256,0.07,0.164,0.013,0.006,0.016,0.057,0.011,0.018,0.017,0.012,0.014,0.037,0.081,0.063
10,B1_3,0.172,0.1,0.052,0.065,0.009,0.01,0.029,0.031,0.039,0.03,0.012,0.014,0.015,0.173,0.137,0.113
10,A2_1,0.104,0.004,0.007,0.006,0.007,0.024,0.008,0.004,0.002,0.004,0.085,0.283,0.349,0.023,0.04,0.051
10,A2_2,0.157,0.007,0.01,0.007,0.004,0.011,0.006,0.013,0.015,0.018,0.14,0.058,0.412,0.034,0.048,0.061
10,A2_3,0.159,0.006,0.007,0.008,0.012,0.02,0.008,0.012,0.006,0.012,0.145,0.142,0.325,0.022,0.048,0.066
10,B2_1,0.114,0.005,0.005,0.006,0.021,0.018,0.014,0.042,0.354,0.176,0.009,0.002,0.004,0.077,0.087,0.066
10,B2_2,0.171,0.008,0.008,0.013,0.013,0.011,0.008,0.079,0.158,0.125,0.016,0.006,0.009,0.076,0.212,0.086
10,B2_3,0.19,0.008,0.01,0.011,0.013,0.017,0.009,0.078,0.177,0.126,0.013,0.005,0.009,0.08,0.185,0.068
10,y1,0.515,0.011,0.019,0.011,0.035,0.065,0.021,0.033,0.051,0.072,0.028,0.029,0.043,0.027,0.02,0.019
10,y2,0.431,0.024,0.045,0.027,0.04,0.069,0.02,0.056,0.027,0.048,0.041,0.03,0.064,0.02,0.033,0.026
10,y3,0.498,0.027,0.023,0.02,0.04,0.05,0.029,0.05,0.039,0.059,0.018,0.026,0.025,0.036,0.036,0.026
12,.,0.069,0.027,0.056,0.058,0.024,0.016,0.01,0.027,0.035,0.013,0.026,0.042,0.041,0.09,0.259,0.206
12,A1_1,0.237,0.009,0.039,0.009,0.05,0.226,0.079,0.005,0.006,0.009,0.009,0.03,0.017,0.05,0.065,0.16
12,A1_2,0.176,0.004,0.032,0.003,0.167,0.122,0.19,0.006,0.005,0.03,0.007,0.02,0.008,0.053,0.053,0.125
12,A1_3,0.327,0.006,0.022,0.005,0.127,0.073,0.14,0.016,0.008,0.067,0.012,0.03,0.015,0.043,0.046,0.062
12,B1_1,0.117,0.023,0.462,0.071,0.019,0.01,0.014,0.019,0.01,0.01,0.008,0.013,0.01,0.042,0.085,0.086
12,B1_2,0.134,0.126,0.109,0.182,0.009,0.007,0.009,0.073,0.03,0.022,0.018,0.01,0.022,0.059,0.107,0.083
12,B1_3,0.124,0.043,0.407,0.082,0.015,0.015,0.017,0.017,0.009,0.009,0.008,0.009,0.01,0.047,0.078,0.11
12,A2_1,0.218,0.008,0.015,0.013,0.026,0.043,0.026,0.007,0.011,0.015,0.057,0.238,0.113,0.039,0.074,0.096
12,A2_2,0.358,0.014,0.003,0.019,0.003,0.014,0.009,0.015,0.012,0.018,0.109,0.111,0.133,0.043,0.059,0.079
12,A2_3,0.114,0.008,0.007,0.015,0.011,0.011,0.008,0.009,0.009,0.01,0.107,0.224,0.134,0.057,0.129,0.146
12,B2_1,0.22,0.007,0.004,0.004,0.021,0.014,0.051,0.069,0.103,0.262,0.013,0.007,0.011,0.071,0.076,0.065
12,B2_2,0.161,0.008,0.019,0.011,0.027,0.004,0.029,0.122,0.074,0.251,0.014,0.007,0.009,0.084,0.115,0.067
12,B2_3,0.168,0.011,0.013,0.014,0.01,0.006,0.019,0.124,0.217,0.188,0.009,0.005,0.01,0.062,0.093,0.05
12,y1,0.44,0.018,0.028,0.011,0.06,0.057,0.115,0.023,0.017,0.091,0.013,0.032,0.024,0.022,0.022,0.026
12,y2,0.502,0.038,0.027,0.023,0.029,0.028,0.069,0.037,0.015,0.095,0.019,0.027,0.029,0.021,0.02,0.021
12,y3,0.414,0.038,0.1,0.043,0.041,0.028,0.054,0.033,0.016,0.057,0.018,0.042,0.032,0.024,0.032,0.028
14,.,0.08,0.016,0.029,0.027,0.019,0.034,0.053,0.022,0.03,0.021,0.031,0.058,0.036,0.145,0.174,0.225
14,A1_1,0.126,0.005,0.007,0.003,0.038,0.394,0.07,0.008,0.008,0.003,0.008,0.022,0.027,0.077,0.053,0.15
14,A1_2,0.223,0.014,0.02,0.01,0.088,0.172,0.15,0.014,0.015,0.018,0.004,0.008,0.009,0.066,0.067,0.121
14,A1_3,0.12,0.009,0.012,0.007,0.111,0.28,0.135,0.008,0.007,0.006,0.008,0.023,0.015,0.071,0.071,0.117
14,B1_1,0.26,0.048,0.118,0.172,0.013,0.023,0.028,0.021,0.02,0.009,0.01,0.023,0.017,0.068,0.086,0.083
14,B1_2,0.306,0.184,0.068,0.118,0.015,0.023,0.017,0.049,0.014,0.01,0.016,0.013,0.012,0.043,0.071,0.039
14,B1_3,0.266,0.178,0.087,0.117,0.016,0.021,0.023,0.043,0.016,0.013,0.014,0.012,0.012,0.049,0.083,0.051
14,A2_1,0.048,0.003,0.007,0.006,0.01,0.047,0.014,0.003,0.007,0.005,0.179,0.279,0.238,0.04,0.044,0.07
14,A2_2,0.042,0.004,0.003,0.003,0.002,0.008,0.002,0.005,0.008,0.012,0.455,0.134,0.235,0.023,0.033,0.031
14,A2_3,0.036,0.003,0.005,0.007,0.004,0.011,0.004,0.005,0.007,0.008,0.326,0.239,0.173,0.05,0.064,0.057
14,B2_1,0.14,0.006,0.005,0.008,0.007,0.01,0.018,0.101,0.178,0.237,0.016,0.007,0.013,0.075,0.079,0.101
14,B2_2,0.288,0.022,0.013,0.024,0.012,0.02,0.014,0.082,0.056,0.061,0.016,0.007,0.01,0.131,0.136,0.11
14,B2_3,0.175,0.024,0.01,0.016,0.007,0.019,0.021,0.195,0.136,0.076,0.009,0.005,0.009,0.093,0.092,0.114
14,y1,0.325,0.036,0.036,0.04,0.046,0.085,0.076,0.031,0.033,0.029,0.04,0.057,0.066,0.024,0.036,0.042
14,y2,0.422,0.022,0.027,0.043,0.046,0.062,0.071,0.045,0.055,0.051,0.019,0.029,0.031,0.02,0.028,0.031
14,y3,0.339,0.02,0.029,0.056,0.038,0.029,0.05,0.039,0.062,0.091,0.051,0.058,0.052,0.021,0.035,0.03
16,.,0.075,0.022,0.035,0.036,0.021,0.022,0.02,0.031,0.026,0.035,0.039,0.024,0.049,0.234,0.175,0.156
16,A1_1,0.079,0.008,0.007,0.008,0.288,0.09,0.202,0.007,0.008,0.009,0.004,0.012,0.006,0.074,0.066,0.131
16,A1_2,0.142,0.015,0.011,0.018,0.312,0.048,0.091,0.012,0.012,0.021,0.01,0.011,0.014,0.098,0.08,0.107
16,A1_3,0.098,0.002,0.001,0.003,0.681,0.044,0.069,0.002,0.004,0.005,0.005,0.012,0.009,0.02,0.016,0.027
16,B1_1,0.192,0.039,0.198,0.078,0.013,0.015,0.015,0.015,0.005,0.01,0.027,0.038,0.046,0.115,0.121,0.072
16,B1_2,0.136,0.142,0.159,0.116,0.012,0.015,0.02,0.075,0.02,0.041,0.011,0.005,0.011,0.068,0.084,0.086
16,B1_3,0.074,0.108,0.345,0.12,0.006,0.008,0.011,0.027,0.005,0.01,0.012,0.011,0.018,0.079,0.097,0.068
16,A2_1,0.1,0.006,0.016,0.009,0.023,0.029,0.016,0.009,0.009,0.008,0.04,0.091,0.134,0.247,0.146,0.119
16,A2_2,0.093,0.004,0.011,0.007,0.005,0.009,0.002,0.01,0.008,0.011,0.12,0.091,0.38,0.139,0.067,0.044
16,A2_3,0.222,0.006,0.017,0.014,0.015,0.028,0.01,0.013,0.015,0.017,0.091,0.129,0.173,0.11,0.078,0.061
16,B2_1,0.23,0.013,0.007,0.015,0.008,0.032,0.013,0.094,0.163,0.13,0.029,0.014,0.028,0.076,0.066,0.084
16,B2_2,0.281,0.011,0.005,0.011,0.008,0.026,0.012,0.094,0.112,0.208,0.019,0.005,0.015,0.066,0.05,0.077
16,B2_3,0.179,0.026,0.017,0.028,0.005,0.021,0.01,0.122,0.14,0.123,0.028,0.01,0.027,0.09,0.083,0.091
16,y1,0.56,0.015,0.017,0.034,0.028,0.031,0.016,0.033,0.046,0.045,0.038,0.032,0.032,0.021,0.027,0.026
16,y2,0.559,0.014,0.019,0.037,0.032,0.048,0.03,0.029,0.044,0.041,0.028,0.034,0.018,0.016,0.024,0.028
16,y3,0.483,0.021,0.018,0.036,0.022,0.036,0.019,0.055,0.072,0.064,0.031,0.023,0.025,0.026,0.033,0.037
18,.,0.085,0.022,0.024,0.027,0.024,0.035,0.023,0.035,0.053,0.033,0.048,0.043,0.031,0.1,0.172,0.246
18,A1_1,0.121,0.007,0.005,0.006,0.099,0.166,0.114,0.008,0.011,0.008,0.006,0.021,0.031,0.113,0.081,0.202
18,A1_2,0.327,0.019,0.012,0.02,0.169,0.047,0.053,0.032,0.008,0.017,0.007,0.009,0.009,0.072,0.044,0.153
18,A1_3,0.308,0.006,0.008,0.011,0.131,0.124,0.059,0.038,0.02,0.029,0.014,0.024,0.024,0.046,0.045,0.113
18,B1_1,0.251,0.104,0.073,0.084,0.039,0.014,0.025,0.016,0.01,0.01,0.017,0.03,0.015,0.088,0.075,0.149
18,B1_2,0.104,0.259,0.058,0.283,0.017,0.008,0.013,0.043,0.036,0.024,0.018,0.009,0.008,0.037,0.032,0.05
18,B1_3,0.215,0.313,0.06,0.119,0.02,0.005,0.015,0.02,0.012,0.014,0.011,0.008,0.011,0.06,0.041,0.077
18,A2_1,0.126,0.004,0.006,0.003,0.005,0.028,0.01,0.006,0.017,0.009,0.138,0.212,0.212,0.047,0.111,0.067
18,A2_2,0.131,0.009,0.007,0.009,0.006,0.008,0.004,0.019,0.011,0.013,0.419,0.077,0.063,0.059,0.102,0.063
18,A2_3,0.153,0.005,0.018,0.008,0.005,0.011,0.005,0.008,0.01,0.008,0.233,0.295,0.086,0.027,0.079,0.048
18,B2_1,0.244,0.01,0.007,0.013,0.012,0.02,0.009,0.156,0.136,0.175,0.009,0.009,0.017,0.046,0.048,0.091
18,B2_2,0.229,0.006,0.002,0.009,0.008,0.006,0.002,0.341,0.083,0.252,0.005,0.001,0.003,0.014,0.011,0.026
18,B2_3,0.203,0.027,0.01,0.039,0.011,0.013,0.007,0.204,0.141,0.166,0.017,0.007,0.013,0.04,0.039,0.063
18,y1,0.514,0.045,0.023,0.056,0.027,0.025,0.017,0.046,0.033,0.042,0.039,0.034,0.042,0.015,0.019,0.023
18,y2,0.463,0.04,0.028,0.056,0.051,0.044,0.032,0.027,0.02,0.022,0.038,0.051,0.044,0.021,0.026,0.035
18,y3,0.475,0.035,0.023,0.069,0.051,0.04,0.024,0.056,0.029,0.039,0.038,0.033,0.029,0.015,0.018,0.026
20,.,0.079,0.026,0.021,0.018,0.025,0.054,0.044,0.024,0.073,0.043,0.016,0.066,0.027,0.144,0.186,0.154
20,A1_1,0.195,0.011,0.014,0.008,0.097,0.115,0.154,0.009,0.013,0.011,0.008,0.024,0.023,0.068,0.144,0.106
20,A1_2,0.188,0.01,0.017,0.024,0.177,0.077,0.194,0.008,0.005,0.007,0.006,0.01,0.018,0.056,0.124,0.078
20,A1_3,0.305,0.005,0.007,0.01,0.137,0.14,0.114,0.011,0.007,0.009,0.012,0.017,0.018,0.041,0.083,0.084
20,B1_1,0.065,0.054,0.059,0.647,0.017,0.004,0.011,0.02,0.005,0.008,0.012,0.006,0.006,0.029,0.031,0.027
20,B1_2,0.238,0.11,0.048,0.066,0.013,0.009,0.019,0.039,0.016,0.028,0.011,0.013,0.023,0.113,0.152,0.103
20,B1_3,0.191,0.165,0.126,0.088,0.015,0.012,0.029,0.02,0.017,0.016,0.015,0.026,0.026,0.078,0.103,0.074
20,A2_1,0.155,0.005,0.008,0.005,0.011,0.05,0.011,0.005,0.013,0.013,0.175,0.195,0.15,0.063,0.045,0.096
20,A2_2,0.187,0.011,0.009,0.018,0.01,0.024,0.007,0.015,0.012,0.023,0.19,0.104,0.139,0.09,0.052,0.108
20,A2_3,0.138,0.009,0.013,0.017,0.007,0.02,0.004,0.007,0.017,0.02,0.209,0.155,0.098,0.085,0.073,0.129
20,B2_1,0.183,0.012,0.008,0.008,0.011,0.021,0.01,0.074,0.104,0.188,0.014,0.027,0.023,0.1,0.117,0.101
20,B2_2,0.301,0.019,0.01,0.021,0.013,0.008,0.009,0.106,0.034,0.142,0.005,0.005,0.012,0.09,0.143,0.083
20,B2_3,0.337,0.016,0.006,0.01,0.015,0.024,0.014,0.083,0.035,0.092,0.012,0.015,0.023,0.094,0.114,0.108
20,y1,0.465,0.03,0.027,0.022,0.029,0.065,0.037,0.06,0.036,0.034,0.037,0.058,0.022,0.022,0.02,0.035
20,y2,0.501,0.041,0.042,0.03,0.026,0.043,0.033,0.054,0.03,0.031,0.033,0.045,0.021,0.02,0.019,0.03
20,y3,0.504,0.041,0.045,0.043,0.04,0.041,0.049,0.042,0.016,0.021,0.028,0.03,0.023,0.023,0.023,0.031
22,.,0.109,0.024,0.018,0.033,0.047,0.047,0.036,0.129,0.131,0.045,0.034,0.034,0.051,0.143,0.061,0.058
22,A1_1,0.24,0.01,0.008,0.011,0.095,0.268,0.077,0.007,0.011,0.006,0.003,0.015,0.013,0.039,0.101,0.094
22,A1_2,0.283,0.008,0.013,0.011,0.166,0.129,0.08,0.018,0.016,0.014,0.008,0.01,0.016,0.046,0.11,0.074
22,A1_3,0.219,0.008,0.007,0.013,0.238,0.132,0.078,0.019,0.014,0.009,0.011,0.015,0.021,0.076,0.061,0.077
22,B1_1,0.125,0.027,0.271,0.028,0.019,0.009,0.016,0.007,0.005,0.024,0.017,0.008,0.009,0.043,0.21,0.181
22,B1_2,0.226,0.113,0.101,0.19,0.012,0.009,0.015,0.017,0.006,0.015,0.017,0.011,0.016,0.037,0.039,0.177
22,B1_3,0.182,0.065,0.185,0.076,0.012,0.01,0.013,0.009,0.006,0.018,0.02,0.015,0.013,0.048,0.101,0.228
22,A2_1,0.367,0.007,0.006,0.006,0.015,0.053,0.009,0.006,0.019,0.011,0.037,0.08,0.077,0.057,0.172,0.078
22,A2_2,0.151,0.003,0.004,0.004,0.012,0.008,0.004,0.004,0.011,0.016,0.085,0.038,0.168,0.086,0.317,0.09
22,A2_3,0.341,0.015,0.018,0.014,0.011,0.015,0.005,0.01,0.015,0.016,0.105,0.094,0.077,0.073,0.099,0.091
22,B2_1,0.3,0.007,0.009,0.009,0.013,0.018,0.007,0.107,0.193,0.088,0.026,0.015,0.021,0.049,0.086,0.051
22,B2_2,0.202,0.006,0.021,0.01,0.013,0.005,0.006,0.044,0.061,0.121,0.012,0.002,0.009,0.045,0.274,0.168
22,B2_3,0.323,0.007,0.004,0.009,0.007,0.012,0.004,0.189,0.264,0.085,0.008,0.004,0.006,0.019,0.028,0.03
22,y1,0.555,0.043,0.059,0.037,0.013,0.029,0.014,0.065,0.033,0.028,0.03,0.029,0.012,0.015,0.017,0.021
22,y2,0.608,0.024,0.024,0.019,0.018,0.058,0.016,0.053,0.033,0.017,0.03,0.046,0.014,0.014,0.013,0.013
22,y3,0.632,0.022,0.017,0.018,0.014,0.052,0.013,0.067,0.047,0.019,0.021,0.033,0.011,0.012,0.011,0.013
24,.,0.101,0.032,0.025,0.02,0.074,0.058,0.037,0.021,0.04,0.044,0.052,0.089,0.091,0.098,0.096,0.122
24,A1_1,0.103,0.007,0.013,0.013,0.07,0.166,0.048,0.011,0.012,0.006,0.003,0.012,0.016,0.064,0.115,0.343
24,A1_2,0.234,0.011,0.009,0.011,0.206,0.084,0.028,0.019,0.011,0.012,0.009,0.01,0.017,0.059,0.085,0.194
24,A1_3,0.124,0.005,0.005,0.005,0.358,0.222,0.042,0.004,0.006,0.006,0.008,0.016,0.022,0.032,0.04,0.104
24,B1_1,0.09,0.207,0.183,0.259,0.011,0.01,0.006,0.01,0.003,0.008,0.01,0.016,0.009,0.044,0.036,0.1
24,B1_2,0.092,0.506,0.083,0.108,0.011,0.005,0.009,0.013,0.005,0.003,0.018,0.012,0.012,0.03,0.035,0.056
24,B1_3,0.104,0.355,0.145,0.16,0.016,0.011,0.013,0.014,0.006,0.006,0.008,0.01,0.007,0.03,0.039,0.076
24,A2_1,0.202,0.008,0.01,0.01,0.014,0.041,0.012,0.015,0.023,0.017,0.07,0.197,0.17,0.067,0.052,0.093
24,A2_2,0.16,0.005,0.002,0.004,0.005,0.008,0.003,0.007,0.008,0.005,0.203,0.165,0.315,0.051,0.024,0.035
24,A2_3,0.118,0.007,0.006,0.011,0.006,0.01,0.002,0.006,0.003,0.005,0.143,0.293,0.226,0.064,0.027,0.072
24,B2_1,0.279,0.002,0.005,0.005,0.015,0.017,0.01,0.091,0.125,0.279,0.011,0.009,0.016,0.044,0.05,0.043
24,B2_2,0.289,0.01,0.012,0.011,0.009,0.005,0.007,0.187,0.116,0.208,0.008,0.005,0.006,0.034,0.052,0.041
24,B2_3,0.256,0.015,0.014,0.01,0.009,0.009,0.016,0.192,0.164,0.118,0.007,0.007,0.009,0.038,0.077,0.058
24,y1,0.664,0.026,0.025,0.021,0.021,0.033,0.018,0.019,0.027,0.037,0.026,0.019,0.019,0.015,0.014,0.016
24,y2,0.578,0.046,0.031,0.024,0.03,0.037,0.028,0.018,0.035,0.045,0.04,0.02,0.025,0.016,0.015,0.013
24,y3,0.505,0.052,0.064,0.053,0.021,0.037,0.02,0.018,0.029,0.056,0.033,0.029,0.023,0.022,0.017,0.021
26,.,0.062,0.02,0.014,0.016,0.069,0.029,0.051,0.038,0.057,0.052,0.021,0.031,0.03,0.149,0.203,0.158
26,A1_1,0.068,0.014,0.014,0.015,0.042,0.095,0.276,0.007,0.021,0.005,0.004,0.016,0.012,0.073,0.272,0.066
26,A1_2,0.116,0.012,0.006,0.012,0.181,0.059,0.092,0.018,0.012,0.012,0.007,0.003,0.007,0.123,0.192,0.148
26,A1_3,0.104,0.005,0.005,0.007,0.133,0.24,0.153,0.009,0.014,0.007,0.013,0.018,0.026,0.064,0.155,0.049
26,B1_1,0.253,0.056,0.229,0.222,0.006,0.01,0.017,0.012,0.006,0.011,0.009,0.009,0.007,0.035,0.044,0.074
26,B1_2,0.405,0.138,0.041,0.077,0.005,0.003,0.008,0.015,0.003,0.007,0.023,0.005,0.007,0.069,0.041,0.153
26,B1_3,0.31,0.107,0.063,0.088,0.009,0.012,0.027,0.017,0.009,0.008,0.022,0.019,0.017,0.08,0.085,0.126
26,A2_1,0.129,0.006,0.009,0.005,0.002,0.04,0.017,0.004,0.016,0.008,0.108,0.311,0.184,0.046,0.075,0.038
26,A2_2,0.297,0.011,0.002,0.004,0.008,0.014,0.005,0.015,0.008,0.013,0.245,0.049,0.099,0.091,0.046,0.096
26,A2_3,0.195,0.014,0.007,0.007,0.004,0.017,0.006,0.008,0.009,0.015,0.238,0.112,0.14,0.078,0.058,0.092
26,B2_1,0.109,0.003,0.003,0.004,0.012,0.007,0.009,0.07,0.387,0.276,0.006,0.009,0.01,0.033,0.029,0.031
26,B2_2,0.496,0.006,0.006,0.009,0.008,0.003,0.002,0.063,0.047,0.145,0.021,0.003,0.008,0.058,0.023,0.102
26,B2_3,0.325,0.011,0.005,0.01,0.025,0.006,0.008,0.172,0.136,0.111,0.013,0.007,0.01,0.064,0.034,0.062
26,y1,0.393,0.052,0.035,0.062,0.03,0.049,0.027,0.064,0.034,0.022,0.044,0.061,0.05,0.029,0.025,0.023
26,y2,0.33,0.074,0.034,0.065,0.025,0.035,0.031,0.111,0.074,0.025,0.026,0.073,0.042,0.022,0.019,0.014
26,y3,0.413,0.052,0.026,0.051,0.037,0.058,0.031,0.067,0.039,0.024,0.039,0.05,0.045,0.026,0.023,0.02
28,.,0.064,0.033,0.027,0.029,0.018,0.03,0.027,0.029,0.045,0.043,0.028,0.038,0.056,0.177,0.192,0.165
28,A1_1,0.184,0.006,0.005,0.005,0.066,0.351,0.077,0.004,0.011,0.009,0.007,0.02,0.017,0.083,0.099,0.057
28,A1_2,0.333,0.017,0.006,0.013,0.109,0.094,0.105,0.025,0.013,0.018,0.007,0.004,0.01,0.092,0.073,0.08
28,A1_3,0.201,0.002,0.003,0.003,0.239,0.345,0.077,0.005,0.004,0.004,0.01,0.008,0.009,0.034,0.03,0.025
28,B1_1,0.093,0.219,0.139,0.272,0.007,0.007,0.011,0.015,0.006,0.016,0.011,0.012,0.016,0.048,0.048,0.081
28,B1_2,0.104,0.435,0.063,0.236,0.004,0.002,0.011,0.02,0.002,0.01,0.007,0.002,0.007,0.031,0.019,0.048
28,B1_3,0.2,0.239,0.082,0.15,0.01,0.018,0.021,0.011,0.005,0.012,0.014,0.016,0.014,0.055,0.061,0.092
28,A2_1,0.111,0.006,0.011,0.007,0.006,0.061,0.005,0.004,0.012,0.014,0.117,0.358,0.093,0.046,0.105,0.044
28,A2_2,0.166,0.005,0.002,0.004,0.005,0.012,0.003,0.006,0.002,0.005,0.537,0.062,0.094,0.032,0.04,0.025
28,A2_3,0.121,0.014,0.007,0.01,0.007,0.013,0.005,0.013,0.007,0.014,0.387,0.098,0.102,0.061,0.08,0.061
28,B2_1,0.069,0.008,0.006,0.005,0.005,0.005,0.015,0.126,0.368,0.245,0.003,0.009,0.015,0.039,0.052,0.033
28,B2_2,0.36,0.018,0.005,0.019,0.016,0.005,0.014,0.181,0.05,0.114,0.009,0.003,0.009,0.052,0.066,0.08
28,B2_3,0.227,0.013,0.006,0.013,0.011,0.005,0.011,0.174,0.129,0.168,0.007,0.008,0.008,0.047,0.086,0.087
28,y1,0.258,0.045,0.105,0.037,0.027,0.04,0.039,0.061,0.1,0.091,0.021,0.081,0.041,0.018,0.019,0.017
28,y2,0.443,0.015,0.039,0.018,0.055,0.098,0.029,0.026,0.036,0.036,0.028,0.099,0.022,0.014,0.022,0.018
28,y3,0.439,0.042,0.06,0.038,0.036,0.042,0.033,0.048,0.038,0.052,0.029,0.051,0.028,0.019,0.022,0.022
30,.,0.065,0.043,0.033,0.032,0.017,0.053,0.029,0.029,0.054,0.031,0.027,0.106,0.058,0.135,0.193,0.095
30,A1_1,0.05,0.009,0.011,0.005,0.05,0.442,0.073,0.001,0.007,0.003,0.004,0.028,0.022,0.106,0.122,0.067
30,A1_2,0.251,0.008,0.005,0.008,0.293,0.061,0.243,0.017,0.01,0.011,0.005,0.002,0.006,0.032,0.017,0.033
30,A1_3,0.193,0.003,0.002,0.003,0.436,0.085,0.163,0.007,0.008,0.006,0.007,0.004,0.006,0.022,0.023,0.033
30,B1_1,0.209,0.093,0.201,0.178,0.015,0.01,0.016,0.013,0.008,0.016,0.011,0.009,0.019,0.072,0.029,0.101
30,B1_2,0.147,0.151,0.084,0.09,0.009,0.005,0.012,0.028,0.005,0.008,0.005,0.003,0.01,0.172,0.053,0.22
30,B1_3,0.089,0.191,0.309,0.103,0.009,0.013,0.014,0.009,0.003,0.004,0.015,0.014,0.016,0.094,0.035,0.081
30,A2_1,0.152,0.012,0.013,0.007,0.007,0.053,0.006,0.007,0.019,0.01,0.083,0.308,0.127,0.039,0.112,0.044
30,A2_2,0.207,0.004,0.005,0.003,0.007,0.01,0.004,0.01,0.003,0.008,0.361,0.095,0.169,0.029,0.046,0.039
30,A2_3,0.159,0.008,0.006,0.003,0.008,0.019,0.003,0.012,0.011,0.006,0.238,0.293,0.108,0.021,0.076,0.029
30,B2_1,0.285,0.004,0.001,0.01,0.015,0.011,0.012,0.064,0.339,0.15,0.004,0.012,0.017,0.014,0.037,0.026
30,B2_2,0.513,0.005,0.001,0.006,0.02,0.002,0.013,0.194,0.051,0.079,0.01,0.002,0.013,0.022,0.022,0.048
30,B2_3,0.212,0.022,0.002,0.011,0.008,0.007,0.012,0.217,0.239,0.086,0.005,0.01,0.015,0.037,0.071,0.047
30,y1,0.446,0.03,0.026,0.024,0.021,0.042,0.02,0.026,0.048,0.031,0.059,0.109,0.059,0.015,0.027,0.016
30,y2,0.481,0.019,0.013,0.026,0.03,0.029,0.03,0.047,0.097,0.069,0.026,0.04,0.038,0.015,0.023,0.018
30,y3,0.625,0.015,0.016,0.019,0.054,0.024,0.028,0.025,0.025,0.022,0.052,0.033,0.028,0.008,0.012,0.013
32,.,0.063,0.041,0.024,0.041,0.031,0.034,0.042,0.075,0.059,0.121,0.032,0.025,0.024,0.079,0.199,0.109
32,A1_1,0.173,0.015,0.014,0.022,0.067,0.117,0.102,0.021,0.016,0.01,0.006,0.014,0.02,0.141,0.146,0.116
32,A1_2,0.298,0.005,0.017,0.008,0.181,0.077,0.093,0.01,0.008,0.006,0.006,0.003,0.011,0.109,0.086,0.082
32,A1_3,0.347,0.006,0.02,0.007,0.179,0.094,0.071,0.011,0.015,0.009,0.019,0.011,0.022,0.072,0.062,0.055
32,B1_1,0.334,0.03,0.148,0.236,0.012,0.008,0.007,0.011,0.008,0.019,0.011,0.014,0.016,0.053,0.045,0.047
32,B1_2,0.203,0.094,0.051,0.309,0.005,0.005,0.007,0.073,0.008,0.026,0.003,0.004,0.004,0.063,0.076,0.068
32,B1_3,0.221,0.102,0.228,0.118,0.024,0.013,0.015,0.016,0.003,0.009,0.013,0.012,0.017,0.075,0.069,0.065
32,A2_1,0.096,0.004,0.005,0.005,0.004,0.019,0.007,0.002,0.007,0.005,0.089,0.428,0.241,0.03,0.034,0.025
32,A2_2,0.442,0.004,0.006,0.005,0.01,0.006,0.003,0.009,0.003,0.008,0.129,0.08,0.09,0.068,0.08,0.056
32,A2_3,0.269,0.013,0.011,0.009,0.011,0.014,0.007,0.016,0.014,0.018,0.188,0.186,0.125,0.036,0.049,0.036
32,B2_1,0.282,0.005,0.004,0.028,0.011,0.007,0.008,0.094,0.165,0.214,0.019,0.009,0.011,0.032,0.061,0.048
32,B2_2,0.412,0.009,0.004,0.02,0.017,0.005,0.008,0.154,0.04,0.101,0.013,0.003,0.005,0.051,0.088,0.07
32,B2_3,0.213,0.014,0.002,0.016,0.012,0.008,0.012,0.285,0.127,0.163,0.013,0.006,0.006,0.026,0.055,0.043
32,y1,0.231,0.036,0.053,0.019,0.06,0.058,0.05,0.029,0.102,0.064,0.109,0.058,0.066,0.018,0.022,0.023
32,y2,0.426,0.019,0.03,0.019,0.028,0.026,0.017,0.025,0.079,0.049,0.107,0.064,0.063,0.015,0.016,0.018
32,y3,0.177,0.09,0.064,0.034,0.021,0.036,0.027,0.039,0.081,0.063,0.12,0.114,0.082,0.014,0.019,0.02
34,.,0.041,0.011,0.01,0.02,0.055,0.072,0.06,0.034,0.091,0.035,0.018,0.053,0.017,0.177,0.204,0.102
34,A1_1,0.058,0.004,0.001,0.002,0.055,0.351,0.377,0.004,0.02,0.004,0.003,0.02,0.012,0.027,0.039,0.024
34,A1_2,0.249,0.004,0.005,0.007,0.096,0.096,0.266,0.012,0.013,0.015,0.004,0.003,0.007,0.079,0.065,0.081
34,A1_3,0.22,0.009,0.009,0.008,0.101,0.178,0.293,0.008,0.012,0.007,0.008,0.01,0.014,0.041,0.04,0.045
34,B1_1,0.275,0.029,0.043,0.064,0.026,0.022,0.019,0.013,0.01,0.012,0.006,0.009,0.01,0.152,0.173,0.136
34,B1_2,0.267,0.167,0.064,0.071,0.014,0.011,0.007,0.043,0.007,0.01,0.006,0.005,0.008,0.114,0.099,0.106
34,B1_3,0.131,0.082,0.103,0.074,0.007,0.007,0.004,0.007,0.001,0.003,0.011,0.013,0.018,0.203,0.189,0.148
34,A2_1,0.046,0.004,0.005,0.003,0.004,0.036,0.019,0.002,0.008,0.004,0.053,0.52,0.148,0.054,0.066,0.027
34,A2_2,0.17,0.003,0.008,0.004,0.003,0.006,0.008,0.011,0.003,0.015,0.104,0.08,0.174,0.198,0.113,0.098
34,A2_3,0.176,0.007,0.025,0.014,0.009,0.014,0.015,0.018,0.014,0.028,0.187,0.156,0.142,0.09,0.055,0.05
34,B2_1,0.164,0.003,0.002,0.005,0.01,0.007,0.009,0.193,0.199,0.252,0.008,0.006,0.007,0.058,0.039,0.038
34,B2_2,0.225,0.021,0.005,0.013,0.014,0.006,0.008,0.294,0.053,0.116,0.005,0.002,0.005,0.098,0.058,0.077
34,B2_3,0.085,0.014,0.002,0.005,0.008,0.005,0.004,0.466,0.128,0.149,0.006,0.004,0.005,0.052,0.034,0.035
34,y1,0.409,0.02,0.029,0.025,0.036,0.058,0.057,0.041,0.081,0.051,0.049,0.047,0.035,0.024,0.017,0.021
34,y2,0.397,0.015,0.019,0.024,0.033,0.073,0.063,0.035,0.163,0.058,0.022,0.038,0.02,0.015,0.013,0.014
34,y3,0.352,0.014,0.02,0.013,0.037,0.092,0.081,0.02,0.053,0.027,0.069,0.104,0.063,0.02,0.017,0.018
36,.,0.05,0.019,0.046,0.023,0.022,0.032,0.031,0.016,0.016,0.026,0.03,0.054,0.05,0.197,0.12,0.267
36,A1_1,0.235,0.01,0.01,0.01,0.067,0.144,0.143,0.012,0.014,0.006,0.003,0.021,0.01,0.127,0.1,0.088
36,A1_2,0.405,0.003,0.004,0.004,0.091,0.046,0.11,0.014,0.01,0.011,0.007,0.006,0.005,0.069,0.161,0.053
36,A1_3,0.301,0.006,0.005,0.004,0.155,0.106,0.181,0.015,0.012,0.008,0.008,0.02,0.009,0.05,0.079,0.04
36,B1_1,0.122,0.04,0.337,0.11,0.005,0.012,0.015,0.009,0.004,0.007,0.009,0.011,0.015,0.14,0.075,0.09
36,B1_2,0.252,0.239,0.053,0.055,0.007,0.008,0.013,0.031,0.004,0.009,0.007,0.004,0.01,0.138,0.114,0.055
36,B1_3,0.085,0.063,0.613,0.049,0.009,0.006,0.017,0.005,0.001,0.002,0.017,0.012,0.012,0.046,0.034,0.028
36,A2_1,0.225,0.009,0.013,0.008,0.009,0.042,0.019,0.008,0.012,0.009,0.023,0.119,0.094,0.18,0.089,0.142
36,A2_2,0.218,0.006,0.017,0.005,0.003,0.006,0.004,0.005,0.004,0.009,0.113,0.089,0.161,0.138,0.109,0.114
36,A2_3,0.286,0.005,0.014,0.005,0.012,0.018,0.015,0.011,0.009,0.014,0.086,0.107,0.109,0.106,0.103,0.102
36,B2_1,0.349,0.01,0.005,0.009,0.008,0.01,0.01,0.117,0.049,0.115,0.018,0.01,0.015,0.076,0.117,0.081
36,B2_2,0.451,0.012,0.003,0.006,0.008,0.004,0.007,0.087,0.017,0.066,0.013,0.002,0.007,0.074,0.185,0.057
36,B2_3,0.331,0.015,0.003,0.012,0.007,0.011,0.009,0.211,0.078,0.14,0.007,0.005,0.007,0.048,0.07,0.047
36,y1,0.283,0.021,0.064,0.035,0.026,0.056,0.039,0.049,0.047,0.045,0.062,0.119,0.058,0.033,0.029,0.035
36,y2,0.327,0.014,0.046,0.027,0.036,0.084,0.056,0.06,0.063,0.044,0.039,0.115,0.036,0.018,0.017,0.019
36,y3,0.323,0.018,0.044,0.023,0.052,0.069,0.061,0.058,0.047,0.041,0.063,0.108,0.041,0.016,0.019,0.017
38,.,0.068,0.033,0.084,0.046,0.047,0.047,0.057,0.035,0.034,0.025,0.029,0.033,0.034,0.094,0.124,0.208
38,A1_1,0.404,0.007,0.006,0.008,0.066,0.131,0.102,0.008,0.011,0.006,0.003,0.01,0.009,0.046,0.085,0.098
38,A1_2,0.463,0.004,0.008,0.007,0.1,0.052,0.093,0.006,0.007,0.014,0.005,0.006,0.006,0.055,0.058,0.115
38,A1_3,0.467,0.007,0.005,0.004,0.136,0.102,0.098,0.008,0.007,0.006,0.005,0.011,0.009,0.039,0.041,0.057
38,B1_1,0.227,0.069,0.242,0.152,0.008,0.011,0.013,0.011,0.006,0.011,0.008,0.007,0.008,0.072,0.047,0.107
38,B1_2,0.196,0.268,0.093,0.082,0.011,0.013,0.013,0.099,0.015,0.008,0.008,0.005,0.011,0.055,0.076,0.047
38,B1_3,0.134,0.17,0.355,0.107,0.006,0.006,0.006,0.009,0.001,0.003,0.012,0.01,0.01,0.078,0.028,0.066
38,A2_1,0.257,0.008,0.013,0.005,0.01,0.023,0.009,0.006,0.008,0.006,0.072,0.227,0.144,0.079,0.057,0.076
38,A2_2,0.191,0.011,0.017,0.005,0.008,0.006,0.005,0.015,0.011,0.011,0.203,0.113,0.166,0.091,0.076,0.072
38,A2_3,0.319,0.013,0.035,0.014,0.014,0.015,0.012,0.009,0.008,0.013,0.06,0.061,0.06,0.13,0.084,0.151
38,B2_1,0.502,0.002,0.004,0.007,0.014,0.015,0.017,0.042,0.08,0.133,0.009,0.008,0.007,0.04,0.053,0.067
38,B2_2,0.459,0.014,0.006,0.01,0.014,0.006,0.012,0.121,0.036,0.058,0.006,0.001,0.004,0.068,0.108,0.077
38,B2_3,0.116,0.012,0.003,0.009,0.005,0.008,0.01,0.257,0.192,0.048,0.01,0.004,0.014,0.039,0.215,0.059
38,y1,0.516,0.051,0.076,0.054,0.022,0.037,0.03,0.027,0.029,0.022,0.02,0.04,0.027,0.017,0.016,0.016
38,y2,0.671,0.012,0.013,0.012,0.017,0.038,0.024,0.015,0.033,0.014,0.022,0.059,0.04,0.009,0.013,0.008
38,y3,0.536,0.03,0.047,0.032,0.025,0.048,0.03,0.021,0.032,0.022,0.024,0.073,0.037,0.015,0.013,0.015
40,.,0.055,0.017,0.065,0.026,0.024,0.066,0.061,0.019,0.025,0.036,0.018,0.031,0.021,0.22,0.168,0.146
40,A1_1,0.31,0.01,0.009,0.011,0.048,0.163,0.106,0.01,0.011,0.01,0.003,0.008,0.005,0.151,0.09,0.054
40,A1_2,0.161,0.003,0.005,0.005,0.119,0.088,0.192,0.008,0.007,0.03,0.008,0.006,0.006,0.161,0.103,0.099
40,A1_3,0.203,0.008,0.005,0.005,0.163,0.201,0.147,0.006,0.006,0.008,0.006,0.01,0.009,0.105,0.055,0.062
40,B1_1,0.257,0.037,0.197,0.181,0.003,0.007,0.011,0.017,0.007,0.014,0.007,0.004,0.006,0.078,0.14,0.034
40,B1_2,0.26,0.178,0.074,0.094,0.013,0.015,0.011,0.051,0.009,0.008,0.014,0.006,0.027,0.079,0.109,0.051
40,B1_3,0.242,0.085,0.224,0.147,0.006,0.011,0.008,0.01,0.002,0.003,0.013,0.007,0.014,0.069,0.119,0.039
40,A2_1,0.314,0.003,0.012,0.005,0.01,0.058,0.022,0.007,0.015,0.007,0.051,0.111,0.077,0.147,0.09,0.07
40,A2_2,0.118,0.01,0.007,0.003,0.007,0.005,0.003,0.009,0.003,0.002,0.205,0.045,0.471,0.042,0.029,0.043
40,A2_3,0.295,0.008,0.014,0.007,0.011,0.009,0.009,0.019,0.009,0.012,0.175,0.043,0.127,0.083,0.1,0.079
40,B2_1,0.119,0.004,0.005,0.01,0.006,0.006,0.019,0.121,0.135,0.362,0.007,0.004,0.003,0.063,0.093,0.044
40,B2_2,0.346,0.033,0.006,0.017,0.008,0.004,0.007,0.219,0.036,0.056,0.01,0.002,0.01,0.065,0.135,0.047
40,B2_3,0.147,0.02,0.004,0.009,0.002,0.004,0.004,0.353,0.157,0.088,0.009,0.005,0.012,0.055,0.095,0.037
40,y1,0.536,0.042,0.038,0.085,0.027,0.027,0.017,0.033,0.034,0.037,0.04,0.021,0.021,0.013,0.015,0.014
40,y2,0.48,0.028,0.035,0.078,0.023,0.025,0.021,0.047,0.057,0.082,0.034,0.019,0.013,0.017,0.022,0.017
40,y3,0.371,0.034,0.058,0.115,0.023,0.027,0.022,0.045,0.069,0.1,0.043,0.026,0.016,0.015,0.018,0.017
42,.,0.048,0.023,0.036,0.061,0.023,0.031,0.019,0.039,0.055,0.059,0.029,0.035,0.031,0.161,0.232,0.119
42,A1_1,0.074,0.012,0.008,0.005,0.068,0.443,0.209,0.006,0.004,0.004,0.002,0.006,0.007,0.045,0.036,0.072
42,A1_2,0.389,0.006,0.011,0.006,0.328,0.032,0.054,0.019,0.004,0.016,0.005,0.006,0.004,0.033,0.025,0.061
42,A1_3,0.348,0.004,0.005,0.003,0.302,0.056,0.053,0.031,0.011,0.033,0.002,0.005,0.002,0.035,0.044,0.066
42,B1_1,0.154,0.038,0.108,0.109,0.007,0.013,0.009,0.011,0.01,0.011,0.014,0.003,0.015,0.19,0.101,0.205
42,B1_2,0.405,0.065,0.046,0.06,0.009,0.011,0.006,0.033,0.012,0.017,0.013,0.008,0.015,0.114,0.088,0.098
42,B1_3,0.242,0.083,0.168,0.134,0.014,0.006,0.007,0.01,0.003,0.005,0.018,0.005,0.014,0.112,0.052,0.127
42,A2_1,0.138,0.011,0.01,0.005,0.009,0.043,0.027,0.007,0.008,0.007,0.022,0.049,0.074,0.265,0.124,0.202
42,A2_2,0.216,0.007,0.009,0.007,0.004,0.005,0.007,0.01,0.009,0.013,0.121,0.062,0.171,0.19,0.073,0.097
42,A2_3,0.478,0.006,0.008,0.005,0.015,0.009,0.012,0.011,0.014,0.019,0.048,0.08,0.095,0.084,0.051,0.065
42,B2_1,0.216,0.002,0.004,0.008,0.009,0.011,0.006,0.07,0.17,0.22,0.008,0.006,0.009,0.076,0.126,0.06
42,B2_2,0.235,0.003,0.003,0.009,0.011,0.006,0.004,0.157,0.066,0.195,0.008,0.003,0.005,0.099,0.128,0.068
42,B2_3,0.23,0.007,0.005,0.013,0.004,0.011,0.005,0.079,0.122,0.13,0.014,0.012,0.019,0.117,0.166,0.067
42,y1,0.718,0.016,0.011,0.014,0.04,0.023,0.021,0.021,0.021,0.028,0.015,0.017,0.018,0.011,0.015,0.012
42,y2,0.639,0.021,0.017,0.024,0.082,0.028,0.029,0.028,0.02,0.034,0.015,0.013,0.013,0.01,0.015,0.012
42,y3,0.587,0.033,0.02,0.028,0.039,0.055,0.042,0.024,0.021,0.025,0.024,0.017,0.028,0.017,0.022,0.018
44,.,0.066,0.02,0.025,0.028,0.042,0.052,0.057,0.029,0.053,0.029,0.028,0.034,0.06,0.11,0.138,0.23
44,A1_1,0.131,0.009,0.016,0.004,0.038,0.324,0.12,0.013,0.012,0.003,0.003,0.013,0.011,0.082,0.072,0.15
44,A1_2,0.242,0.004,0.011,0.005,0.069,0.117,0.19,0.009,0.007,0.006,0.005,0.006,0.007,0.122,0.079,0.121
44,A1_3,0.125,0.011,0.012,0.004,0.078,0.278,0.139,0.01,0.007,0.004,0.005,0.013,0.009,0.096,0.083,0.126
44,B1_1,0.382,0.042,0.078,0.1,0.005,0.011,0.015,0.013,0.013,0.012,0.01,0.006,0.023,0.078,0.094,0.119
44,B1_2,0.275,0.189,0.052,0.207,0.008,0.006,0.006,0.026,0.008,0.02,0.01,0.004,0.006,0.059,0.067,0.057
44,B1_3,0.365,0.206,0.058,0.095,0.006,0.013,0.006,0.011,0.003,0.006,0.013,0.008,0.011,0.06,0.081,0.059
44,A2_1,0.282,0.012,0.02,0.005,0.011,0.052,0.027,0.014,0.013,0.007,0.055,0.066,0.198,0.067,0.074,0.099
44,A2_2,0.249,0.005,0.009,0.004,0.002,0.004,0.005,0.006,0.006,0.008,0.152,0.035,0.339,0.058,0.063,0.057
44,A2_3,0.276,0.006,0.005,0.002,0.009,0.011,0.009,0.014,0.009,0.015,0.211,0.062,0.194,0.07,0.06,0.047
44,B2_1,0.107,0.004,0.003,0.009,0.006,0.008,0.005,0.12,0.305,0.086,0.015,0.008,0.01,0.12,0.081,0.113
44,B2_2,0.247,0.013,0.005,0.026,0.011,0.004,0.007,0.139,0.063,0.122,0.019,0.004,0.005,0.166,0.087,0.083
44,B2_3,0.091,0.008,0.004,0.011,0.009,0.012,0.007,0.27,0.307,0.088,0.007,0.007,0.005,0.066,0.04,0.07
44,y1,0.613,0.025,0.033,0.019,0.032,0.02,0.037,0.03,0.024,0.029,0.027,0.029,0.037,0.015,0.013,0.018
44,y2,0.46,0.041,0.031,0.019,0.038,0.047,0.03,0.07,0.069,0.036,0.022,0.048,0.032,0.017,0.016,0.024
44,y3,0.535,0.06,0.037,0.019,0.039,0.042,0.029,0.038,0.025,0.022,0.027,0.051,0.035,0.013,0.013,0.016
46,.,0.036,0.047,0.029,0.038,0.027,0.031,0.029,0.017,0.011,0.019,0.018,0.034,0.026,0.223,0.245,0.168
46,A1_1,0.17,0.008,0.018,0.019,0.068,0.307,0.129,0.019,0.023,0.011,0.001,0.018,0.004,0.058,0.061,0.086
46,A1_2,0.276,0.008,0.016,0.009,0.205,0.069,0.199,0.01,0.003,0.01,0.005,0.009,0.003,0.044,0.048,0.087
46,A1_3,0.335,0.008,0.012,0.008,0.117,0.104,0.136,0.015,0.01,0.014,0.007,0.024,0.007,0.052,0.064,0.087
46,B1_1,0.156,0.093,0.32,0.144,0.005,0.009,0.007,0.011,0.007,0.009,0.005,0.004,0.009,0.045,0.064,0.111
46,B1_2,0.142,0.335,0.088,0.092,0.007,0.005,0.007,0.021,0.003,0.008,0.013,0.008,0.014,0.072,0.057,0.128
46,B1_3,0.148,0.155,0.221,0.107,0.011,0.01,0.015,0.007,0.002,0.004,0.009,0.009,0.013,0.068,0.077,0.146
46,A2_1,0.12,0.008,0.005,0.004,0.008,0.029,0.014,0.005,0.012,0.007,0.032,0.333,0.063,0.088,0.19,0.081
46,A2_2,0.189,0.006,0.025,0.006,0.004,0.004,0.005,0.008,0.016,0.014,0.146,0.052,0.152,0.084,0.202,0.088
46,A2_3,0.128,0.007,0.007,0.002,0.01,0.002,0.007,0.007,0.006,0.014,0.371,0.068,0.146,0.061,0.116,0.048
46,B2_1,0.067,0.002,0.005,0.006,0.005,0.01,0.003,0.04,0.364,0.375,0.007,0.003,0.003,0.02,0.06,0.032
46,B2_2,0.269,0.006,0.004,0.005,0.016,0.009,0.011,0.085,0.097,0.224,0.02,0.004,0.006,0.057,0.084,0.103
46,B2_3,0.088,0.003,0.003,0.005,0.002,0.012,0.002,0.067,0.616,0.135,0.004,0.004,0.004,0.014,0.025,0.017
46,y1,0.527,0.028,0.059,0.037,0.027,0.047,0.021,0.039,0.079,0.037,0.017,0.014,0.014,0.013,0.02,0.021
46,y2,0.509,0.026,0.048,0.029,0.038,0.035,0.022,0.049,0.085,0.037,0.048,0.015,0.028,0.009,0.012,0.01
46,y3,0.481,0.032,0.101,0.051,0.029,0.036,0.02,0.037,0.074,0.035,0.03,0.012,0.022,0.011,0.017,0.015
48,.,0.044,0.018,0.047,0.045,0.025,0.027,0.02,0.033,0.034,0.041,0.03,0.026,0.026,0.149,0.129,0.306
48,A1_1,0.319,0.002,0.007,0.003,0.07,0.156,0.169,0.007,0.011,0.011,0.004,0.021,0.015,0.053,0.064,0.087
48,A1_2,0.321,0.004,0.007,0.004,0.223,0.042,0.18,0.013,0.007,0.017,0.007,0.006,0.002,0.041,0.077,0.05
48,A1_3,0.191,0.01,0.019,0.007,0.313,0.09,0.148,0.01,0.007,0.01,0.006,0.013,0.005,0.049,0.06,0.062
48,B1_1,0.173,0.044,0.156,0.247,0.007,0.008,0.008,0.014,0.008,0.016,0.008,0.005,0.014,0.059,0.11,0.124
48,B1_2,0.395,0.068,0.05,0.115,0.01,0.008,0.007,0.028,0.004,0.011,0.006,0.005,0.008,0.071,0.151,0.063
48,B1_3,0.255,0.078,0.246,0.165,0.011,0.011,0.007,0.006,0.004,0.005,0.006,0.008,0.024,0.044,0.065,0.066
48,A2_1,0.229,0.007,0.01,0.003,0.007,0.029,0.011,0.006,0.011,0.005,0.067,0.154,0.326,0.049,0.035,0.051
48,A2_2,0.25,0.008,0.014,0.012,0.001,0.003,0.003,0.006,0.008,0.009,0.181,0.049,0.276,0.048,0.064,0.068
48,A2_3,0.261,0.005,0.004,0.002,0.01,0.007,0.011,0.008,0.007,0.007,0.305,0.107,0.156,0.037,0.043,0.031
48,B2_1,0.183,0.003,0.009,0.01,0.006,0.01,0.011,0.109,0.228,0.124,0.009,0.006,0.013,0.109,0.074,0.098
48,B2_2,0.265,0.006,0.005,0.013,0.01,0.006,0.011,0.201,0.092,0.11,0.006,0.003,0.003,0.099,0.113,0.059
48,B2_3,0.263,0.007,0.008,0.014,0.008,0.01,0.01,0.164,0.158,0.095,0.009,0.007,0.01,0.098,0.078,0.062
48,y1,0.427,0.031,0.023,0.023,0.055,0.024,0.043,0.07,0.084,0.036,0.075,0.034,0.027,0.018,0.018,0.014
48,y2,0.47,0.05,0.032,0.03,0.047,0.015,0.026,0.053,0.05,0.024,0.095,0.032,0.031,0.016,0.017,0.011
48,y3,0.389,0.065,0.07,0.072,0.047,0.018,0.026,0.071,0.073,0.036,0.033,0.016,0.018,0.022,0.023,0.018
50,.,0.048,0.04,0.042,0.056,0.026,0.026,0.031,0.041,0.038,0.035,0.048,0.028,0.042,0.165,0.159,0.174
50,A1_1,0.158,0.007,0.014,0.006,0.063,0.114,0.148,0.007,0.013,0.011,0.005,0.024,0.012,0.182,0.147,0.089
50,A1_2,0.213,0.004,0.018,0.005,0.131,0.037,0.328,0.003,0.005,0.012,0.004,0.005,0.002,0.08,0.086,0.067
50,A1_3,0.171,0.012,0.008,0.006,0.168,0.074,0.108,0.016,0.006,0.011,0.006,0.015,0.005,0.149,0.144,0.102
50,B1_1,0.218,0.058,0.26,0.091,0.009,0.008,0.031,0.011,0.006,0.012,0.008,0.004,0.009,0.104,0.083,0.088
50,B1_2,0.154,0.23,0.051,0.154,0.005,0.004,0.003,0.16,0.007,0.009,0.017,0.007,0.02,0.066,0.052,0.061
50,B1_3,0.271,0.122,0.254,0.076,0.007,0.006,0.009,0.013,0.002,0.005,0.009,0.004,0.01,0.084,0.063,0.066
50,A2_1,0.13,0.007,0.004,0.004,0.005,0.027,0.009,0.008,0.014,0.005,0.124,0.221,0.23,0.089,0.072,0.05
