,,.,A1_1,A1_2,A1_3,B1_1,B1_2,B1_3,A2_1,A2_2,A2_3,B2_1,B2_2,B2_3,y1,y2,y3
0,.,1.0,-0.093,0.24,-0.451,-0.452,-0.06,-0.221,0.371,-0.497,0.282,0.564,0.175,0.372,0.016,0.198,-0.023
0,A1_1,-0.093,1.0,-0.675,0.112,0.14,0.228,0.426,-0.028,0.187,-0.385,0.1,-0.152,-0.366,0.208,-0.036,-0.269
0,A1_2,0.24,-0.675,1.0,0.079,-0.192,0.099,0.014,-0.132,-0.205,0.211,0.179,0.215,0.306,-0.237,0.154,0.031
0,A1_3,-0.451,0.112,0.079,1.0,-0.109,0.101,0.254,-0.425,0.608,0.005,-0.341,-0.049,-0.338,-0.461,-0.121,-0.15
0,B1_1,-0.452,0.14,-0.192,-0.109,1.0,-0.036,0.37,0.297,0.354,-0.387,-0.224,-0.443,-0.336,-0.002,-0.264,-0.219
0,B1_2,-0.06,0.228,0.099,0.101,-0.036,1.0,-0.043,0.287,-0.238,-0.51,0.083,-0.239,-0.627,0.382,0.307,0.063
0,B1_3,-0.221,0.426,0.014,0.254,0.37,-0.043,1.0,-0.187,0.193,-0.361,-0.048,-0.102,-0.073,-0.224,0.152,-0.625
0,A2_1,0.371,-0.028,-0.132,-0.425,0.297,0.287,-0.187,1.0,-0.205,-0.242,0.376,-0.56,-0.351,0.087,0.24,-0.271
0,A2_2,-0.497,0.187,-0.205,0.608,0.354,-0.238,0.193,-0.205,1.0,-0.118,-0.382,0.005,-0.466,-0.087,-0.609,-0.248
0,A2_3,0.282,-0.385,0.211,0.005,-0.387,-0.51,-0.361,-0.242,-0.118,1.0,0.207,0.255,0.551,-0.519,-0.309,0.351
0,B2_1,0.564,0.1,0.179,-0.341,-0.224,0.083,-0.048,0.376,-0.382,0.207,1.0,0.134,0.096,-0.031,0.461,0.04
0,B2_2,0.175,-0.152,0.215,-0.049,-0.443,-0.239,-0.102,-0.56,0.005,0.255,0.134,1.0,0.202,0.38,-0.064,0.543
0,B2_3,0.372,-0.366,0.306,-0.338,-0.336,-0.627,-0.073,-0.351,-0.466,0.551,0.096,0.202,1.0,-0.366,0.078,0.07
0,y1,0.016,0.208,-0.237,-0.461,-0.002,0.382,-0.224,0.087,-0.087,-0.519,-0.031,0.38,-0.366,1.0,-0.032,0.297
0,y2,0.198,-0.036,0.154,-0.121,-0.264,0.307,0.152,0.24,-0.609,-0.309,0.461,-0.064,0.078,-0.032,1.0,-0.062
0,y3,-0.023,-0.269,0.031,-0.15,-0.219,0.063,-0.625,-0.271,-0.248,0.351,0.04,0.543,0.07,0.297,-0.062,1.0
1,.,1.0,-0.094,0.243,-0.452,-0.451,-0.059,-0.221,0.369,-0.499,0.284,0.566,0.179,0.374,0.016,0.199,-0.02
1,A1_1,-0.094,1.0,-0.675,0.111,0.138,0.228,0.424,-0.03,0.186,-0.384,0.098,-0.152,-0.367,0.208,-0.038,-0.269
1,A1_2,0.243,-0.675,1.0,0.08,-0.193,0.1,0.013,-0.132,-0.204,0.212,0.178,0.215,0.305,-0.235,0.153,0.032
1,A1_3,-0.452,0.111,0.08,1.0,-0.111,0.102,0.252,-0.427,0.607,0.006,-0.343,-0.049,-0.338,-0.46,-0.123,-0.15
1,B1_1,-0.451,0.138,-0.193,-0.111,1.0,-0.035,0.37,0.297,0.352,-0.387,-0.222,-0.444,-0.335,-0.002,-0.265,-0.219
1,B1_2,-0.059,0.228,0.1,0.102,-0.035,1.0,-0.044,0.29,-0.237,-0.509,0.083,-0.241,-0.627,0.381,0.306,0.062
1,B1_3,-0.221,0.424,0.013,0.252,0.37,-0.044,1.0,-0.188,0.193,-0.361,-0.05,-0.105,-0.074,-0.226,0.15,-0.627
1,A2_1,0.369,-0.03,-0.132,-0.427,0.297,0.29,-0.188,1.0,-0.207,-0.242,0.377,-0.558,-0.349,0.089,0.24,-0.269
1,A2_2,-0.499,0.186,-0.204,0.607,0.352,-0.237,0.193,-0.207,1.0,-0.117,-0.383,0.006,-0.466,-0.086,-0.61,-0.247
1,A2_3,0.284,-0.384,0.212,0.006,-0.387,-0.509,-0.361,-0.242,-0.117,1.0,0.206,0.256,0.551,-0.519,-0.309,0.35
1,B2_1,0.566,0.098,0.178,-0.343,-0.222,0.083,-0.05,0.377,-0.383,0.206,1.0,0.133,0.095,-0.031,0.46,0.04
1,B2_2,0.179,-0.152,0.215,-0.049,-0.444,-0.241,-0.105,-0.558,0.006,0.256,0.133,1.0,0.2,0.379,-0.065,0.542
1,B2_3,0.374,-0.367,0.305,-0.338,-0.335,-0.627,-0.074,-0.349,-0.466,0.551,0.095,0.2,1.0,-0.366,0.077,0.071
1,y1,0.016,0.208,-0.235,-0.46,-0.002,0.381,-0.226,0.089,-0.086,-0.519,-0.031,0.379,-0.366,1.0,-0.031,0.298
1,y2,0.199,-0.038,0.153,-0.123,-0.265,0.306,0.15,0.24,-0.61,-0.309,0.46,-0.065,0.077,-0.031,1.0,-0.061
1,y3,-0.02,-0.269,0.032,-0.15,-0.219,0.062,-0.627,-0.269,-0.247,0.35,0.04,0.542,0.071,0.298,-0.061,1.0
2,.,1.0,-0.095,0.245,-0.452,-0.451,-0.058,-0.221,0.367,-0.501,0.285,0.568,0.182,0.375,0.016,0.199,-0.016
2,A1_1,-0.095,1.0,-0.674,0.11,0.136,0.228,0.423,-0.031,0.185,-0.384,0.096,-0.152,-0.367,0.208,-0.04,-0.269
2,A1_2,0.245,-0.674,1.0,0.081,-0.193,0.1,0.014,-0.133,-0.204,0.213,0.178,0.216,0.305,-0.235,0.153,0.033
2,A1_3,-0.452,0.11,0.081,1.0,-0.112,0.102,0.251,-0.429,0.607,0.007,-0.345,-0.049,-0.338,-0.46,-0.124,-0.149
2,B1_1,-0.451,0.136,-0.193,-0.112,1.0,-0.034,0.37,0.297,0.351,-0.387,-0.221,-0.444,-0.334,-0.003,-0.266,-0.219
2,B1_2,-0.058,0.228,0.1,0.102,-0.034,1.0,-0.045,0.293,-0.236,-0.508,0.083,-0.243,-0.628,0.38,0.305,0.062
2,B1_3,-0.221,0.423,0.014,0.251,0.37,-0.045,1.0,-0.188,0.192,-0.362,-0.051,-0.107,-0.075,-0.227,0.148,-0.629
2,A2_1,0.367,-0.031,-0.133,-0.429,0.297,0.293,-0.188,1.0,-0.21,-0.242,0.378,-0.557,-0.348,0.09,0.24,-0.268
2,A2_2,-0.501,0.185,-0.204,0.607,0.351,-0.236,0.192,-0.21,1.0,-0.117,-0.384,0.007,-0.466,-0.085,-0.611,-0.246
2,A2_3,0.285,-0.384,0.213,0.007,-0.387,-0.508,-0.362,-0.242,-0.117,1.0,0.206,0.257,0.552,-0.519,-0.311,0.35
2,B2_1,0.568,0.096,0.178,-0.345,-0.221,0.083,-0.051,0.378,-0.384,0.206,1.0,0.132,0.095,-0.031,0.458,0.04
2,B2_2,0.182,-0.152,0.216,-0.049,-0.444,-0.243,-0.107,-0.557,0.007,0.257,0.132,1.0,0.199,0.379,-0.066,0.543
2,B2_3,0.375,-0.367,0.305,-0.338,-0.334,-0.628,-0.075,-0.348,-0.466,0.552,0.095,0.199,1.0,-0.366,0.076,0.07
2,y1,0.016,0.208,-0.235,-0.46,-0.003,0.38,-0.227,0.09,-0.085,-0.519,-0.031,0.379,-0.366,1.0,-0.03,0.298
2,y2,0.199,-0.04,0.153,-0.124,-0.266,0.305,0.148,0.24,-0.611,-0.311,0.458,-0.066,0.076,-0.03,1.0,-0.06
2,y3,-0.016,-0.269,0.033,-0.149,-0.219,0.062,-0.629,-0.268,-0.246,0.35,0.04,0.543,0.07,0.298,-0.06,1.0
3,.,1.0,-0.095,0.247,-0.452,-0.45,-0.056,-0.222,0.365,-0.502,0.286,0.569,0.186,0.375,0.017,0.2,-0.011
3,A1_1,-0.095,1.0,-0.674,0.109,0.134,0.229,0.422,-0.033,0.184,-0.384,0.095,-0.152,-0.368,0.208,-0.042,-0.268
3,A1_2,0.247,-0.674,1.0,0.082,-0.194,0.101,0.013,-0.134,-0.204,0.213,0.177,0.217,0.305,-0.234,0.153,0.034
3,A1_3,-0.452,0.109,0.082,1.0,-0.114,0.102,0.25,-0.431,0.607,0.008,-0.347,-0.049,-0.339,-0.46,-0.125,-0.148
3,B1_1,-0.45,0.134,-0.194,-0.114,1.0,-0.033,0.37,0.297,0.35,-0.387,-0.219,-0.445,-0.333,-0.003,-0.266,-0.218
3,B1_2,-0.056,0.229,0.101,0.102,-0.033,1.0,-0.047,0.296,-0.236,-0.507,0.083,-0.246,-0.628,0.379,0.305,0.061
3,B1_3,-0.222,0.422,0.013,0.25,0.37,-0.047,1.0,-0.188,0.191,-0.362,-0.052,-0.109,-0.077,-0.228,0.145,-0.63
3,A2_1,0.365,-0.033,-0.134,-0.431,0.297,0.296,-0.188,1.0,-0.212,-0.242,0.379,-0.556,-0.346,0.091,0.24,-0.267
3,A2_2,-0.502,0.184,-0.204,0.607,0.35,-0.236,0.191,-0.212,1.0,-0.117,-0.385,0.007,-0.466,-0.085,-0.613,-0.245
3,A2_3,0.286,-0.384,0.213,0.008,-0.387,-0.507,-0.362,-0.242,-0.117,1.0,0.205,0.258,0.552,-0.519,-0.312,0.349
3,B2_1,0.569,0.095,0.177,-0.347,-0.219,0.083,-0.052,0.379,-0.385,0.205,1.0,0.131,0.094,-0.032,0.457,0.04
3,B2_2,0.186,-0.152,0.217,-0.049,-0.445,-0.246,-0.109,-0.556,0.007,0.258,0.131,1.0,0.197,0.378,-0.066,0.543
3,B2_3,0.375,-0.368,0.305,-0.339,-0.333,-0.628,-0.077,-0.346,-0.466,0.552,0.094,0.197,1.0,-0.366,0.075,0.07
3,y1,0.017,0.208,-0.234,-0.46,-0.003,0.379,-0.228,0.091,-0.085,-0.519,-0.032,0.378,-0.366,1.0,-0.028,0.298
3,y2,0.2,-0.042,0.153,-0.125,-0.266,0.305,0.145,0.24,-0.613,-0.312,0.457,-0.066,0.075,-0.028,1.0,-0.059
3,y3,-0.011,-0.268,0.034,-0.148,-0.218,0.061,-0.63,-0.267,-0.245,0.349,0.04,0.543,0.07,0.298,-0.059,1.0
4,.,1.0,-0.096,0.25,-0.452,-0.45,-0.056,-0.222,0.363,-0.503,0.288,0.571,0.19,0.376,0.017,0.2,-0.008
4,A1_1,-0.096,1.0,-0.674,0.108,0.132,0.228,0.42,-0.034,0.183,-0.383,0.093,-0.151,-0.368,0.208,-0.044,-0.268
4,A1_2,0.25,-0.674,1.0,0.083,-0.195,0.101,0.013,-0.135,-0.204,0.214,0.176,0.217,0.305,-0.233,0.153,0.034
4,A1_3,-0.452,0.108,0.083,1.0,-0.115,0.101,0.249,-0.432,0.607,0.009,-0.349,-0.049,-0.339,-0.459,-0.126,-0.148
4,B1_1,-0.45,0.132,-0.195,-0.115,1.0,-0.032,0.37,0.297,0.349,-0.386,-0.218,-0.446,-0.332,-0.003,-0.267,-0.219
4,B1_2,-0.056,0.228,0.101,0.101,-0.032,1.0,-0.048,0.299,-0.235,-0.506,0.083,-0.248,-0.628,0.378,0.304,0.061
4,B1_3,-0.222,0.42,0.013,0.249,0.37,-0.048,1.0,-0.188,0.191,-0.362,-0.054,-0.111,-0.078,-0.23,0.143,-0.631
4,A2_1,0.363,-0.034,-0.135,-0.432,0.297,0.299,-0.188,1.0,-0.214,-0.243,0.38,-0.555,-0.345,0.093,0.239,-0.266
4,A2_2,-0.503,0.183,-0.204,0.607,0.349,-0.235,0.191,-0.214,1.0,-0.116,-0.386,0.008,-0.465,-0.084,-0.613,-0.245
4,A2_3,0.288,-0.383,0.214,0.009,-0.386,-0.506,-0.362,-0.243,-0.116,1.0,0.205,0.259,0.553,-0.519,-0.313,0.349
4,B2_1,0.571,0.093,0.176,-0.349,-0.218,0.083,-0.054,0.38,-0.386,0.205,1.0,0.129,0.094,-0.032,0.456,0.04
4,B2_2,0.19,-0.151,0.217,-0.049,-0.446,-0.248,-0.111,-0.555,0.008,0.259,0.129,1.0,0.195,0.377,-0.067,0.543
4,B2_3,0.376,-0.368,0.305,-0.339,-0.332,-0.628,-0.078,-0.345,-0.465,0.553,0.094,0.195,1.0,-0.367,0.074,0.069
4,y1,0.017,0.208,-0.233,-0.459,-0.003,0.378,-0.23,0.093,-0.084,-0.519,-0.032,0.377,-0.367,1.0,-0.027,0.297
4,y2,0.2,-0.044,0.153,-0.126,-0.267,0.304,0.143,0.239,-0.613,-0.313,0.456,-0.067,0.074,-0.027,1.0,-0.058
4,y3,-0.008,-0.268,0.034,-0.148,-0.219,0.061,-0.631,-0.266,-0.245,0.349,0.04,0.543,0.069,0.297,-0.058,1.0
5,.,1.0,-0.097,0.252,-0.453,-0.448,-0.055,-0.222,0.363,-0.505,0.289,0.573,0.193,0.376,0.017,0.202,-0.004
5,A1_1,-0.097,1.0,-0.674,0.108,0.131,0.229,0.419,-0.034,0.183,-0.383,0.092,-0.151,-0.369,0.208,-0.045,-0.268
5,A1_2,0.252,-0.674,1.0,0.084,-0.196,0.101,0.013,-0.135,-0.204,0.215,0.175,0.217,0.305,-0.233,0.153,0.035
5,A1_3,-0.453,0.108,0.084,1.0,-0.117,0.101,0.248,-0.433,0.606,0.009,-0.351,-0.049,-0.339,-0.459,-0.128,-0.147
5,B1_1,-0.448,0.131,-0.196,-0.117,1.0,-0.031,0.37,0.296,0.348,-0.386,-0.216,-0.446,-0.33,-0.003,-0.268,-0.218
5,B1_2,-0.055,0.229,0.101,0.101,-0.031,1.0,-0.049,0.302,-0.234,-0.505,0.082,-0.251,-0.629,0.378,0.303,0.061
5,B1_3,-0.222,0.419,0.013,0.248,0.37,-0.049,1.0,-0.188,0.191,-0.362,-0.056,-0.113,-0.079,-0.231,0.141,-0.632
5,A2_1,0.363,-0.034,-0.135,-0.433,0.296,0.302,-0.188,1.0,-0.215,-0.243,0.382,-0.554,-0.344,0.094,0.239,-0.264
5,A2_2,-0.505,0.183,-0.204,0.606,0.348,-0.234,0.191,-0.215,1.0,-0.117,-0.387,0.008,-0.466,-0.083,-0.614,-0.244
5,A2_3,0.289,-0.383,0.215,0.009,-0.386,-0.505,-0.362,-0.243,-0.117,1.0,0.205,0.26,0.553,-0.519,-0.314,0.348
5,B2_1,0.573,0.092,0.175,-0.351,-0.216,0.082,-0.056,0.382,-0.387,0.205,1.0,0.128,0.093,-0.033,0.455,0.04
5,B2_2,0.193,-0.151,0.217,-0.049,-0.446,-0.251,-0.113,-0.554,0.008,0.26,0.128,1.0,0.194,0.377,-0.067,0.543
5,B2_3,0.376,-0.369,0.305,-0.339,-0.33,-0.629,-0.079,-0.344,-0.466,0.553,0.093,0.194,1.0,-0.367,0.073,0.069
5,y1,0.017,0.208,-0.233,-0.459,-0.003,0.378,-0.231,0.094,-0.083,-0.519,-0.033,0.377,-0.367,1.0,-0.026,0.298
5,y2,0.202,-0.045,0.153,-0.128,-0.268,0.303,0.141,0.239,-0.614,-0.314,0.455,-0.067,0.073,-0.026,1.0,-0.057
5,y3,-0.004,-0.268,0.035,-0.147,-0.218,0.061,-0.632,-0.264,-0.244,0.348,0.04,0.543,0.069,0.298,-0.057,1.0
6,.,1.0,-0.097,0.254,-0.453,-0.448,-0.054,-0.221,0.361,-0.507,0.29,0.575,0.196,0.377,0.016,0.203,-0.002
6,A1_1,-0.097,1.0,-0.673,0.107,0.129,0.229,0.418,-0.035,0.183,-0.383,0.091,-0.152,-0.369,0.208,-0.046,-0.267
6,A1_2,0.254,-0.673,1.0,0.085,-0.197,0.101,0.013,-0.136,-0.205,0.216,0.174,0.218,0.305,-0.232,0.153,0.035
6,A1_3,-0.453,0.107,0.085,1.0,-0.118,0.101,0.247,-0.434,0.606,0.01,-0.353,-0.05,-0.339,-0.459,-0.128,-0.147
6,B1_1,-0.448,0.129,-0.197,-0.118,1.0,-0.03,0.371,0.296,0.348,-0.386,-0.215,-0.447,-0.328,-0.003,-0.269,-0.218
6,B1_2,-0.054,0.229,0.101,0.101,-0.03,1.0,-0.05,0.304,-0.234,-0.504,0.082,-0.254,-0.629,0.377,0.302,0.06
6,B1_3,-0.221,0.418,0.013,0.247,0.371,-0.05,1.0,-0.188,0.191,-0.362,-0.057,-0.115,-0.08,-0.233,0.139,-0.634
6,A2_1,0.361,-0.035,-0.136,-0.434,0.296,0.304,-0.188,1.0,-0.217,-0.243,0.383,-0.553,-0.342,0.095,0.239,-0.263
6,A2_2,-0.507,0.183,-0.205,0.606,0.348,-0.234,0.191,-0.217,1.0,-0.117,-0.388,0.009,-0.465,-0.082,-0.615,-0.243
6,A2_3,0.29,-0.383,0.216,0.01,-0.386,-0.504,-0.362,-0.243,-0.117,1.0,0.204,0.261,0.554,-0.519,-0.315,0.347
6,B2_1,0.575,0.091,0.174,-0.353,-0.215,0.082,-0.057,0.383,-0.388,0.204,1.0,0.127,0.093,-0.034,0.453,0.04
6,B2_2,0.196,-0.152,0.218,-0.05,-0.447,-0.254,-0.115,-0.553,0.009,0.261,0.127,1.0,0.192,0.376,-0.068,0.542
6,B2_3,0.377,-0.369,0.305,-0.339,-0.328,-0.629,-0.08,-0.342,-0.465,0.554,0.093,0.192,1.0,-0.367,0.072,0.068
6,y1,0.016,0.208,-0.232,-0.459,-0.003,0.377,-0.233,0.095,-0.082,-0.519,-0.034,0.376,-0.367,1.0,-0.025,0.298
6,y2,0.203,-0.046,0.153,-0.128,-0.269,0.302,0.139,0.239,-0.615,-0.315,0.453,-0.068,0.072,-0.025,1.0,-0.056
6,y3,-0.002,-0.267,0.035,-0.147,-0.218,0.06,-0.634,-0.263,-0.243,0.347,0.04,0.542,0.068,0.298,-0.056,1.0
7,.,1.0,-0.098,0.257,-0.453,-0.447,-0.053,-0.221,0.36,-0.508,0.291,0.577,0.2,0.377,0.017,0.203,0.001
7,A1_1,-0.098,1.0,-0.673,0.106,0.127,0.229,0.417,-0.036,0.182,-0.382,0.089,-0.152,-0.369,0.208,-0.048,-0.267
7,A1_2,0.257,-0.673,1.0,0.085,-0.198,0.101,0.013,-0.137,-0.205,0.217,0.173,0.218,0.305,-0.232,0.153,0.036
7,A1_3,-0.453,0.106,0.085,1.0,-0.119,0.101,0.247,-0.435,0.606,0.011,-0.355,-0.05,-0.339,-0.459,-0.129,-0.147
7,B1_1,-0.447,0.127,-0.198,-0.119,1.0,-0.029,0.371,0.296,0.347,-0.386,-0.214,-0.447,-0.327,-0.004,-0.27,-0.217
7,B1_2,-0.053,0.229,0.101,0.101,-0.029,1.0,-0.051,0.307,-0.233,-0.503,0.082,-0.257,-0.63,0.375,0.301,0.06
7,B1_3,-0.221,0.417,0.013,0.247,0.371,-0.051,1.0,-0.188,0.191,-0.362,-0.059,-0.117,-0.08,-0.234,0.137,-0.635
7,A2_1,0.36,-0.036,-0.137,-0.435,0.296,0.307,-0.188,1.0,-0.219,-0.243,0.384,-0.552,-0.341,0.097,0.238,-0.262
7,A2_2,-0.508,0.182,-0.205,0.606,0.347,-0.233,0.191,-0.219,1.0,-0.117,-0.389,0.01,-0.465,-0.082,-0.615,-0.243
7,A2_3,0.291,-0.382,0.217,0.011,-0.386,-0.503,-0.362,-0.243,-0.117,1.0,0.204,0.262,0.554,-0.52,-0.316,0.346
7,B2_1,0.577,0.089,0.173,-0.355,-0.214,0.082,-0.059,0.384,-0.389,0.204,1.0,0.126,0.093,-0.034,0.452,0.04
7,B2_2,0.2,-0.152,0.218,-0.05,-0.447,-0.257,-0.117,-0.552,0.01,0.262,0.126,1.0,0.19,0.375,-0.068,0.542
7,B2_3,0.377,-0.369,0.305,-0.339,-0.327,-0.63,-0.08,-0.341,-0.465,0.554,0.093,0.19,1.0,-0.367,0.071,0.067
7,y1,0.017,0.208,-0.232,-0.459,-0.004,0.375,-0.234,0.097,-0.082,-0.52,-0.034,0.375,-0.367,1.0,-0.024,0.298
7,y2,0.203,-0.048,0.153,-0.129,-0.27,0.301,0.137,0.238,-0.615,-0.316,0.452,-0.068,0.071,-0.024,1.0,-0.056
7,y3,0.001,-0.267,0.036,-0.147,-0.217,0.06,-0.635,-0.262,-0.243,0.346,0.04,0.542,0.067,0.298,-0.056,1.0
8,.,1.0,-0.099,0.26,-0.452,-0.446,-0.053,-0.22,0.358,-0.509,0.292,0.579,0.202,0.378,0.016,0.204,0.004
8,A1_1,-0.099,1.0,-0.673,0.106,0.126,0.229,0.417,-0.037,0.181,-0.382,0.088,-0.151,-0.369,0.208,-0.049,-0.268
8,A1_2,0.26,-0.673,1.0,0.086,-0.199,0.101,0.013,-0.138,-0.205,0.217,0.172,0.218,0.305,-0.231,0.152,0.036
8,A1_3,-0.452,0.106,0.086,1.0,-0.12,0.101,0.246,-0.436,0.606,0.011,-0.357,-0.05,-0.34,-0.459,-0.13,-0.147
8,B1_1,-0.446,0.126,-0.199,-0.12,1.0,-0.028,0.371,0.296,0.346,-0.386,-0.213,-0.448,-0.325,-0.004,-0.27,-0.218
8,B1_2,-0.053,0.229,0.101,0.101,-0.028,1.0,-0.052,0.31,-0.232,-0.502,0.081,-0.259,-0.631,0.375,0.3,0.06
8,B1_3,-0.22,0.417,0.013,0.246,0.371,-0.052,1.0,-0.187,0.191,-0.362,-0.06,-0.119,-0.081,-0.235,0.136,-0.636
8,A2_1,0.358,-0.037,-0.138,-0.436,0.296,0.31,-0.187,1.0,-0.221,-0.243,0.385,-0.551,-0.34,0.098,0.238,-0.261
8,A2_2,-0.509,0.181,-0.205,0.606,0.346,-0.232,0.191,-0.221,1.0,-0.116,-0.39,0.011,-0.465,-0.081,-0.616,-0.242
8,A2_3,0.292,-0.382,0.217,0.011,-0.386,-0.502,-0.362,-0.243,-0.116,1.0,0.205,0.263,0.554,-0.52,-0.317,0.346
8,B2_1,0.579,0.088,0.172,-0.357,-0.213,0.081,-0.06,0.385,-0.39,0.205,1.0,0.124,0.093,-0.035,0.451,0.04
8,B2_2,0.202,-0.151,0.218,-0.05,-0.448,-0.259,-0.119,-0.551,0.011,0.263,0.124,1.0,0.189,0.374,-0.069,0.542
8,B2_3,0.378,-0.369,0.305,-0.34,-0.325,-0.631,-0.081,-0.34,-0.465,0.554,0.093,0.189,1.0,-0.368,0.07,0.066
8,y1,0.016,0.208,-0.231,-0.459,-0.004,0.375,-0.235,0.098,-0.081,-0.52,-0.035,0.374,-0.368,1.0,-0.023,0.298
8,y2,0.204,-0.049,0.152,-0.13,-0.27,0.3,0.136,0.238,-0.616,-0.317,0.451,-0.069,0.07,-0.023,1.0,-0.054
8,y3,0.004,-0.268,0.036,-0.147,-0.218,0.06,-0.636,-0.261,-0.242,0.346,0.04,0.542,0.066,0.298,-0.054,1.0
9,.,1.0,-0.099,0.262,-0.452,-0.445,-0.052,-0.22,0.356,-0.51,0.293,0.581,0.205,0.379,0.015,0.205,0.006
9,A1_1,-0.099,1.0,-0.673,0.105,0.124,0.229,0.415,-0.038,0.181,-0.381,0.086,-0.151,-0.37,0.208,-0.05,-0.267
9,A1_2,0.262,-0.673,1.0,0.086,-0.2,0.101,0.013,-0.138,-0.205,0.218,0.171,0.218,0.304,-0.231,0.152,0.037
9,A1_3,-0.452,0.105,0.086,1.0,-0.122,0.1,0.245,-0.437,0.606,0.012,-0.359,-0.051,-0.34,-0.459,-0.131,-0.147
9,B1_1,-0.445,0.124,-0.2,-0.122,1.0,-0.027,0.371,0.296,0.345,-0.386,-0.212,-0.449,-0.324,-0.004,-0.271,-0.217
9,B1_2,-0.052,0.229,0.101,0.1,-0.027,1.0,-0.053,0.313,-0.232,-0.502,0.081,-0.262,-0.631,0.374,0.299,0.059
9,B1_3,-0.22,0.415,0.013,0.245,0.371,-0.053,1.0,-0.187,0.191,-0.362,-0.061,-0.121,-0.082,-0.237,0.134,-0.638
9,A2_1,0.356,-0.038,-0.138,-0.437,0.296,0.313,-0.187,1.0,-0.222,-0.243,0.386,-0.551,-0.339,0.099,0.238,-0.26
9,A2_2,-0.51,0.181,-0.205,0.606,0.345,-0.232,0.191,-0.222,1.0,-0.116,-0.391,0.011,-0.464,-0.081,-0.617,-0.242
9,A2_3,0.293,-0.381,0.218,0.012,-0.386,-0.502,-0.362,-0.243,-0.116,1.0,0.204,0.264,0.555,-0.52,-0.317,0.345
9,B2_1,0.581,0.086,0.171,-0.359,-0.212,0.081,-0.061,0.386,-0.391,0.204,1.0,0.123,0.093,-0.036,0.449,0.039
9,B2_2,0.205,-0.151,0.218,-0.051,-0.449,-0.262,-0.121,-0.551,0.011,0.264,0.123,1.0,0.188,0.373,-0.07,0.542
9,B2_3,0.379,-0.37,0.304,-0.34,-0.324,-0.631,-0.082,-0.339,-0.464,0.555,0.093,0.188,1.0,-0.368,0.07,0.066
9,y1,0.015,0.208,-0.231,-0.459,-0.004,0.374,-0.237,0.099,-0.081,-0.52,-0.036,0.373,-0.368,1.0,-0.022,0.299
9,y2,0.205,-0.05,0.152,-0.131,-0.271,0.299,0.134,0.238,-0.617,-0.317,0.449,-0.07,0.07,-0.022,1.0,-0.053
9,y3,0.006,-0.267,0.037,-0.147,-0.217,0.059,-0.638,-0.26,-0.242,0.345,0.039,0.542,0.066,0.299,-0.053,1.0
10,.,1.0,-0.1,0.265,-0.452,-0.444,-0.052,-0.22,0.355,-0.511,0.294,0.582,0.208,0.38,0.015,0.206,0.009
10,A1_1,-0.1,1.0,-0.672,0.105,0.122,0.23,0.414,-0.038,0.18,-0.381,0.085,-0.151,-0.37,0.207,-0.052,-0.267
10,A1_2,0.265,-0.672,1.0,0.087,-0.201,0.101,0.013,-0.139,-0.206,0.219,0.17,0.218,0.304,-0.23,0.152,0.037
10,A1_3,-0.452,0.105,0.087,1.0,-0.123,0.1,0.244,-0.438,0.606,0.013,-0.36,-0.051,-0.34,-0.459,-0.133,-0.147
10,B1_1,-0.444,0.122,-0.201,-0.123,1.0,-0.025,0.371,0.296,0.344,-0.386,-0.21,-0.449,-0.322,-0.004,-0.271,-0.217
10,B1_2,-0.052,0.23,0.101,0.1,-0.025,1.0,-0.054,0.316,-0.231,-0.501,0.081,-0.264,-0.632,0.373,0.298,0.059
10,B1_3,-0.22,0.414,0.013,0.244,0.371,-0.054,1.0,-0.187,0.191,-0.361,-0.063,-0.123,-0.082,-0.238,0.132,-0.639
10,A2_1,0.355,-0.038,-0.139,-0.438,0.296,0.316,-0.187,1.0,-0.224,-0.243,0.387,-0.55,-0.337,0.1,0.238,-0.26
10,A2_2,-0.511,0.18,-0.206,0.606,0.344,-0.231,0.191,-0.224,1.0,-0.116,-0.392,0.012,-0.464,-0.08,-0.617,-0.241
10,A2_3,0.294,-0.381,0.219,0.013,-0.386,-0.501,-0.361,-0.243,-0.116,1.0,0.204,0.265,0.555,-0.52,-0.318,0.344
10,B2_1,0.582,0.085,0.17,-0.36,-0.21,0.081,-0.063,0.387,-0.392,0.204,1.0,0.121,0.093,-0.037,0.448,0.039
10,B2_2,0.208,-0.151,0.218,-0.051,-0.449,-0.264,-0.123,-0.55,0.012,0.265,0.121,1.0,0.187,0.373,-0.071,0.541
10,B2_3,0.38,-0.37,0.304,-0.34,-0.322,-0.632,-0.082,-0.337,-0.464,0.555,0.093,0.187,1.0,-0.368,0.068,0.065
10,y1,0.015,0.207,-0.23,-0.459,-0.004,0.373,-0.238,0.1,-0.08,-0.52,-0.037,0.373,-0.368,1.0,-0.021,0.299
10,y2,0.206,-0.052,0.152,-0.133,-0.271,0.298,0.132,0.238,-0.617,-0.318,0.448,-0.071,0.068,-0.021,1.0,-0.053
10,y3,0.009,-0.267,0.037,-0.147,-0.217,0.059,-0.639,-0.26,-0.241,0.344,0.039,0.541,0.065,0.299,-0.053,1.0
11,.,1.0,-0.102,0.267,-0.452,-0.443,-0.051,-0.22,0.354,-0.513,0.295,0.584,0.211,0.38,0.015,0.207,0.013
11,A1_1,-0.102,1.0,-0.672,0.105,0.121,0.23,0.414,-0.039,0.18,-0.38,0.084,-0.151,-0.37,0.207,-0.053,-0.268
11,A1_2,0.267,-0.672,1.0,0.088,-0.201,0.101,0.013,-0.14,-0.206,0.219,0.17,0.219,0.304,-0.229,0.152,0.037
11,A1_3,-0.452,0.105,0.088,1.0,-0.124,0.1,0.243,-0.439,0.605,0.014,-0.362,-0.052,-0.34,-0.459,-0.134,-0.147
11,B1_1,-0.443,0.121,-0.201,-0.124,1.0,-0.024,0.372,0.296,0.343,-0.386,-0.209,-0.45,-0.32,-0.004,-0.271,-0.217
11,B1_2,-0.051,0.23,0.101,0.1,-0.024,1.0,-0.055,0.318,-0.23,-0.501,0.08,-0.267,-0.632,0.372,0.297,0.058
11,B1_3,-0.22,0.414,0.013,0.243,0.372,-0.055,1.0,-0.186,0.191,-0.361,-0.064,-0.126,-0.083,-0.239,0.13,-0.641
11,A2_1,0.354,-0.039,-0.14,-0.439,0.296,0.318,-0.186,1.0,-0.225,-0.243,0.388,-0.549,-0.336,0.101,0.238,-0.259
11,A2_2,-0.513,0.18,-0.206,0.605,0.343,-0.23,0.191,-0.225,1.0,-0.116,-0.393,0.013,-0.464,-0.08,-0.618,-0.24
11,A2_3,0.295,-0.38,0.219,0.014,-0.386,-0.501,-0.361,-0.243,-0.116,1.0,0.204,0.267,0.555,-0.521,-0.319,0.343
11,B2_1,0.584,0.084,0.17,-0.362,-0.209,0.08,-0.064,0.388,-0.393,0.204,1.0,0.12,0.093,-0.037,0.447,0.039
11,B2_2,0.211,-0.151,0.219,-0.052,-0.45,-0.267,-0.126,-0.549,0.013,0.267,0.12,1.0,0.185,0.372,-0.071,0.541
11,B2_3,0.38,-0.37,0.304,-0.34,-0.32,-0.632,-0.083,-0.336,-0.464,0.555,0.093,0.185,1.0,-0.368,0.067,0.064
11,y1,0.015,0.207,-0.229,-0.459,-0.004,0.372,-0.239,0.101,-0.08,-0.521,-0.037,0.372,-0.368,1.0,-0.019,0.299
11,y2,0.207,-0.053,0.152,-0.134,-0.271,0.297,0.13,0.238,-0.618,-0.319,0.447,-0.071,0.067,-0.019,1.0,-0.052
11,y3,0.013,-0.268,0.037,-0.147,-0.217,0.058,-0.641,-0.259,-0.24,0.343,0.039,0.541,0.064,0.299,-0.052,1.0
12,.,1.0,-0.102,0.269,-0.453,-0.441,-0.05,-0.22,0.353,-0.514,0.295,0.586,0.213,0.38,0.015,0.208,0.015
12,A1_1,-0.102,1.0,-0.671,0.104,0.12,0.231,0.413,-0.039,0.18,-0.38,0.083,-0.152,-0.37,0.207,-0.054,-0.268
12,A1_2,0.269,-0.671,1.0,0.089,-0.202,0.101,0.012,-0.141,-0.206,0.219,0.168,0.219,0.303,-0.229,0.152,0.038
12,A1_3,-0.453,0.104,0.089,1.0,-0.125,0.1,0.242,-0.44,0.605,0.014,-0.364,-0.052,-0.34,-0.46,-0.134,-0.147
12,B1_1,-0.441,0.12,-0.202,-0.125,1.0,-0.023,0.372,0.295,0.342,-0.386,-0.207,-0.45,-0.318,-0.004,-0.271,-0.217
12,B1_2,-0.05,0.231,0.101,0.1,-0.023,1.0,-0.056,0.321,-0.23,-0.5,0.08,-0.27,-0.633,0.371,0.296,0.058
12,B1_3,-0.22,0.413,0.012,0.242,0.372,-0.056,1.0,-0.186,0.191,-0.361,-0.065,-0.128,-0.083,-0.24,0.129,-0.642
12,A2_1,0.353,-0.039,-0.141,-0.44,0.295,0.321,-0.186,1.0,-0.226,-0.243,0.389,-0.548,-0.335,0.102,0.237,-0.258
12,A2_2,-0.514,0.18,-0.206,0.605,0.342,-0.23,0.191,-0.226,1.0,-0.116,-0.394,0.014,-0.463,-0.079,-0.618,-0.24
12,A2_3,0.295,-0.38,0.219,0.014,-0.386,-0.5,-0.361,-0.243,-0.116,1.0,0.204,0.268,0.555,-0.521,-0.32,0.342
12,B2_1,0.586,0.083,0.168,-0.364,-0.207,0.08,-0.065,0.389,-0.394,0.204,1.0,0.119,0.093,-0.038,0.446,0.039
12,B2_2,0.213,-0.152,0.219,-0.052,-0.45,-0.27,-0.128,-0.548,0.014,0.268,0.119,1.0,0.184,0.371,-0.072,0.541
12,B2_3,0.38,-0.37,0.303,-0.34,-0.318,-0.633,-0.083,-0.335,-0.463,0.555,0.093,0.184,1.0,-0.368,0.067,0.063
12,y1,0.015,0.207,-0.229,-0.46,-0.004,0.371,-0.24,0.102,-0.079,-0.521,-0.038,0.371,-0.368,1.0,-0.018,0.3
12,y2,0.208,-0.054,0.152,-0.134,-0.271,0.296,0.129,0.237,-0.618,-0.32,0.446,-0.072,0.067,-0.018,1.0,-0.051
12,y3,0.015,-0.268,0.038,-0.147,-0.217,0.058,-0.642,-0.258,-0.24,0.342,0.039,0.541,0.063,0.3,-0.051,1.0
13,.,1.0,-0.103,0.271,-0.452,-0.441,-0.049,-0.219,0.352,-0.515,0.296,0.588,0.217,0.381,0.015,0.209,0.017
13,A1_1,-0.103,1.0,-0.671,0.104,0.119,0.231,0.413,-0.04,0.179,-0.38,0.082,-0.152,-0.37,0.206,-0.054,-0.268
13,A1_2,0.271,-0.671,1.0,0.09,-0.203,0.101,0.012,-0.142,-0.206,0.22,0.167,0.219,0.303,-0.228,0.151,0.038
13,A1_3,-0.452,0.104,0.09,1.0,-0.126,0.1,0.242,-0.44,0.605,0.015,-0.365,-0.053,-0.341,-0.46,-0.135,-0.147
13,B1_1,-0.441,0.119,-0.203,-0.126,1.0,-0.022,0.373,0.295,0.341,-0.386,-0.206,-0.451,-0.317,-0.004,-0.272,-0.216
13,B1_2,-0.049,0.231,0.101,0.1,-0.022,1.0,-0.057,0.323,-0.229,-0.5,0.079,-0.273,-0.634,0.37,0.295,0.057
13,B1_3,-0.219,0.413,0.012,0.242,0.373,-0.057,1.0,-0.185,0.191,-0.361,-0.066,-0.13,-0.083,-0.241,0.127,-0.643
13,A2_1,0.352,-0.04,-0.142,-0.44,0.295,0.323,-0.185,1.0,-0.228,-0.244,0.39,-0.548,-0.334,0.103,0.237,-0.257
13,A2_2,-0.515,0.179,-0.206,0.605,0.341,-0.229,0.191,-0.228,1.0,-0.116,-0.394,0.015,-0.463,-0.079,-0.619,-0.24
13,A2_3,0.296,-0.38,0.22,0.015,-0.386,-0.5,-0.361,-0.244,-0.116,1.0,0.204,0.269,0.556,-0.521,-0.32,0.341
13,B2_1,0.588,0.082,0.167,-0.365,-0.206,0.079,-0.066,0.39,-0.394,0.204,1.0,0.117,0.093,-0.038,0.444,0.039
13,B2_2,0.217,-0.152,0.219,-0.053,-0.451,-0.273,-0.13,-0.548,0.015,0.269,0.117,1.0,0.183,0.37,-0.073,0.54
13,B2_3,0.381,-0.37,0.303,-0.341,-0.317,-0.634,-0.083,-0.334,-0.463,0.556,0.093,0.183,1.0,-0.368,0.066,0.062
13,y1,0.015,0.206,-0.228,-0.46,-0.004,0.37,-0.241,0.103,-0.079,-0.521,-0.038,0.37,-0.368,1.0,-0.017,0.3
13,y2,0.209,-0.054,0.151,-0.135,-0.272,0.295,0.127,0.237,-0.619,-0.32,0.444,-0.073,0.066,-0.017,1.0,-0.05
13,y3,0.017,-0.268,0.038,-0.147,-0.216,0.057,-0.643,-0.257,-0.24,0.341,0.039,0.54,0.062,0.3,-0.05,1.0
14,.,1.0,-0.103,0.273,-0.453,-0.44,-0.049,-0.219,0.35,-0.516,0.296,0.59,0.219,0.381,0.014,0.21,0.02
14,A1_1,-0.103,1.0,-0.671,0.104,0.118,0.231,0.413,-0.04,0.178,-0.379,0.081,-0.152,-0.371,0.206,-0.055,-0.268
14,A1_2,0.273,-0.671,1.0,0.091,-0.204,0.101,0.011,-0.142,-0.206,0.22,0.166,0.219,0.303,-0.228,0.151,0.039
14,A1_3,-0.453,0.104,0.091,1.0,-0.127,0.099,0.241,-0.441,0.605,0.016,-0.367,-0.053,-0.341,-0.46,-0.136,-0.147
14,B1_1,-0.44,0.118,-0.204,-0.127,1.0,-0.021,0.373,0.295,0.34,-0.386,-0.204,-0.451,-0.315,-0.004,-0.272,-0.217
14,B1_2,-0.049,0.231,0.101,0.099,-0.021,1.0,-0.058,0.326,-0.228,-0.499,0.079,-0.276,-0.634,0.37,0.294,0.057
14,B1_3,-0.219,0.413,0.011,0.241,0.373,-0.058,1.0,-0.184,0.191,-0.361,-0.067,-0.132,-0.083,-0.242,0.126,-0.644
14,A2_1,0.35,-0.04,-0.142,-0.441,0.295,0.326,-0.184,1.0,-0.23,-0.244,0.391,-0.547,-0.333,0.104,0.237,-0.256
14,A2_2,-0.516,0.178,-0.206,0.605,0.34,-0.228,0.191,-0.23,1.0,-0.116,-0.395,0.016,-0.462,-0.078,-0.619,-0.24
14,A2_3,0.296,-0.379,0.22,0.016,-0.386,-0.499,-0.361,-0.244,-0.116,1.0,0.204,0.27,0.556,-0.522,-0.321,0.34
14,B2_1,0.59,0.081,0.166,-0.367,-0.204,0.079,-0.067,0.391,-0.395,0.204,1.0,0.116,0.094,-0.038,0.443,0.038
14,B2_2,0.219,-0.152,0.219,-0.053,-0.451,-0.276,-0.132,-0.547,0.016,0.27,0.116,1.0,0.182,0.37,-0.074,0.54
14,B2_3,0.381,-0.371,0.303,-0.341,-0.315,-0.634,-0.083,-0.333,-0.462,0.556,0.094,0.182,1.0,-0.368,0.065,0.061
14,y1,0.014,0.206,-0.228,-0.46,-0.004,0.37,-0.242,0.104,-0.078,-0.522,-0.038,0.37,-0.368,1.0,-0.015,0.3
14,y2,0.21,-0.055,0.151,-0.136,-0.272,0.294,0.126,0.237,-0.619,-0.321,0.443,-0.074,0.065,-0.015,1.0,-0.049
14,y3,0.02,-0.268,0.039,-0.147,-0.217,0.057,-0.644,-0.256,-0.24,0.34,0.038,0.54,0.061,0.3,-0.049,1.0
15,.,1.0,-0.104,0.275,-0.453,-0.438,-0.048,-0.217,0.349,-0.517,0.296,0.592,0.221,0.381,0.014,0.211,0.022
15,A1_1,-0.104,1.0,-0.67,0.104,0.117,0.231,0.412,-0.04,0.178,-0.379,0.08,-0.152,-0.371,0.206,-0.056,-0.269
15,A1_2,0.275,-0.67,1.0,0.091,-0.205,0.101,0.011,-0.143,-0.205,0.221,0.165,0.219,0.302,-0.227,0.15,0.039
15,A1_3,-0.453,0.104,0.091,1.0,-0.128,0.099,0.24,-0.442,0.605,0.016,-0.368,-0.053,-0.342,-0.459,-0.136,-0.147
15,B1_1,-0.438,0.117,-0.205,-0.128,1.0,-0.02,0.374,0.295,0.339,-0.386,-0.203,-0.452,-0.314,-0.004,-0.272,-0.217
15,B1_2,-0.048,0.231,0.101,0.099,-0.02,1.0,-0.059,0.329,-0.228,-0.499,0.078,-0.279,-0.635,0.369,0.293,0.056
15,B1_3,-0.217,0.412,0.011,0.24,0.374,-0.059,1.0,-0.184,0.191,-0.361,-0.068,-0.134,-0.083,-0.244,0.124,-0.646
15,A2_1,0.349,-0.04,-0.143,-0.442,0.295,0.329,-0.184,1.0,-0.231,-0.244,0.392,-0.546,-0.332,0.105,0.237,-0.256
15,A2_2,-0.517,0.178,-0.205,0.605,0.339,-0.228,0.191,-0.231,1.0,-0.116,-0.396,0.016,-0.461,-0.078,-0.619,-0.239
15,A2_3,0.296,-0.379,0.221,0.016,-0.386,-0.499,-0.361,-0.244,-0.116,1.0,0.203,0.271,0.555,-0.522,-0.322,0.34
15,B2_1,0.592,0.08,0.165,-0.368,-0.203,0.078,-0.068,0.392,-0.396,0.203,1.0,0.114,0.094,-0.039,0.442,0.038
15,B2_2,0.221,-0.152,0.219,-0.053,-0.452,-0.279,-0.134,-0.546,0.016,0.271,0.114,1.0,0.181,0.369,-0.074,0.54
15,B2_3,0.381,-0.371,0.302,-0.342,-0.314,-0.635,-0.083,-0.332,-0.461,0.555,0.094,0.181,1.0,-0.368,0.064,0.06
15,y1,0.014,0.206,-0.227,-0.459,-0.004,0.369,-0.244,0.105,-0.078,-0.522,-0.039,0.369,-0.368,1.0,-0.014,0.3
15,y2,0.211,-0.056,0.15,-0.136,-0.272,0.293,0.124,0.237,-0.619,-0.322,0.442,-0.074,0.064,-0.014,1.0,-0.049
15,y3,0.022,-0.269,0.039,-0.147,-0.217,0.056,-0.646,-0.256,-0.239,0.34,0.038,0.54,0.06,0.3,-0.049,1.0
16,.,1.0,-0.104,0.278,-0.452,-0.437,-0.047,-0.217,0.348,-0.518,0.296,0.594,0.224,0.381,0.014,0.212,0.024
16,A1_1,-0.104,1.0,-0.67,0.103,0.115,0.231,0.412,-0.041,0.177,-0.379,0.079,-0.152,-0.371,0.205,-0.056,-0.269
16,A1_2,0.278,-0.67,1.0,0.092,-0.206,0.101,0.011,-0.143,-0.205,0.221,0.164,0.219,0.302,-0.227,0.15,0.039
16,A1_3,-0.452,0.103,0.092,1.0,-0.129,0.099,0.24,-0.442,0.606,0.017,-0.37,-0.053,-0.342,-0.459,-0.137,-0.147
16,B1_1,-0.437,0.115,-0.206,-0.129,1.0,-0.019,0.374,0.294,0.338,-0.386,-0.202,-0.452,-0.312,-0.004,-0.273,-0.217
16,B1_2,-0.047,0.231,0.101,0.099,-0.019,1.0,-0.06,0.332,-0.227,-0.498,0.077,-0.281,-0.636,0.368,0.292,0.055
16,B1_3,-0.217,0.412,0.011,0.24,0.374,-0.06,1.0,-0.183,0.191,-0.361,-0.069,-0.135,-0.083,-0.245,0.123,-0.647
16,A2_1,0.348,-0.041,-0.143,-0.442,0.294,0.332,-0.183,1.0,-0.233,-0.244,0.393,-0.545,-0.332,0.106,0.237,-0.255
16,A2_2,-0.518,0.177,-0.205,0.606,0.338,-0.227,0.191,-0.233,1.0,-0.115,-0.396,0.017,-0.461,-0.078,-0.619,-0.239
16,A2_3,0.296,-0.379,0.221,0.017,-0.386,-0.498,-0.361,-0.244,-0.115,1.0,0.203,0.272,0.555,-0.522,-0.323,0.339
16,B2_1,0.594,0.079,0.164,-0.37,-0.202,0.077,-0.069,0.393,-0.396,0.203,1.0,0.113,0.094,-0.039,0.441,0.038
16,B2_2,0.224,-0.152,0.219,-0.053,-0.452,-0.281,-0.135,-0.545,0.017,0.272,0.113,1.0,0.18,0.368,-0.075,0.54
16,B2_3,0.381,-0.371,0.302,-0.342,-0.312,-0.636,-0.083,-0.332,-0.461,0.555,0.094,0.18,1.0,-0.369,0.063,0.06
16,y1,0.014,0.205,-0.227,-0.459,-0.004,0.368,-0.245,0.106,-0.078,-0.522,-0.039,0.368,-0.369,1.0,-0.012,0.3
16,y2,0.212,-0.056,0.15,-0.137,-0.273,0.292,0.123,0.237,-0.619,-0.323,0.441,-0.075,0.063,-0.012,1.0,-0.048
16,y3,0.024,-0.269,0.039,-0.147,-0.217,0.055,-0.647,-0.255,-0.239,0.339,0.038,0.54,0.06,0.3,-0.048,1.0
17,.,1.0,-0.105,0.281,-0.452,-0.437,-0.046,-0.216,0.346,-0.519,0.297,0.596,0.227,0.381,0.013,0.213,0.026
17,A1_1,-0.105,1.0,-0.67,0.103,0.114,0.231,0.412,-0.041,0.177,-0.379,0.079,-0.152,-0.371,0.205,-0.057,-0.27
17,A1_2,0.281,-0.67,1.0,0.093,-0.207,0.101,0.011,-0.144,-0.205,0.222,0.163,0.22,0.302,-0.227,0.149,0.039
17,A1_3,-0.452,0.103,0.093,1.0,-0.13,0.099,0.239,-0.443,0.606,0.017,-0.372,-0.054,-0.342,-0.459,-0.138,-0.147
17,B1_1,-0.437,0.114,-0.207,-0.13,1.0,-0.018,0.375,0.294,0.337,-0.386,-0.2,-0.453,-0.31,-0.004,-0.273,-0.217
17,B1_2,-0.046,0.231,0.101,0.099,-0.018,1.0,-0.061,0.334,-0.226,-0.497,0.077,-0.284,-0.636,0.367,0.291,0.055
17,B1_3,-0.216,0.412,0.011,0.239,0.375,-0.061,1.0,-0.183,0.191,-0.36,-0.069,-0.137,-0.083,-0.246,0.121,-0.648
17,A2_1,0.346,-0.041,-0.144,-0.443,0.294,0.334,-0.183,1.0,-0.234,-0.244,0.394,-0.545,-0.331,0.107,0.237,-0.254
17,A2_2,-0.519,0.177,-0.205,0.606,0.337,-0.226,0.191,-0.234,1.0,-0.115,-0.397,0.018,-0.461,-0.078,-0.62,-0.238
17,A2_3,0.297,-0.379,0.222,0.017,-0.386,-0.497,-0.36,-0.244,-0.115,1.0,0.203,0.273,0.555,-0.523,-0.324,0.338
17,B2_1,0.596,0.079,0.163,-0.372,-0.2,0.077,-0.069,0.394,-0.397,0.203,1.0,0.112,0.094,-0.04,0.439,0.037
17,B2_2,0.227,-0.152,0.22,-0.054,-0.453,-0.284,-0.137,-0.545,0.018,0.273,0.112,1.0,0.179,0.367,-0.076,0.539
17,B2_3,0.381,-0.371,0.302,-0.342,-0.31,-0.636,-0.083,-0.331,-0.461,0.555,0.094,0.179,1.0,-0.369,0.062,0.059
17,y1,0.013,0.205,-0.227,-0.459,-0.004,0.367,-0.246,0.107,-0.078,-0.523,-0.04,0.367,-0.369,1.0,-0.011,0.301
17,y2,0.213,-0.057,0.149,-0.138,-0.273,0.291,0.121,0.237,-0.62,-0.324,0.439,-0.076,0.062,-0.011,1.0,-0.047
17,y3,0.026,-0.27,0.039,-0.147,-0.217,0.055,-0.648,-0.254,-0.238,0.338,0.037,0.539,0.059,0.301,-0.047,1.0
18,.,1.0,-0.106,0.283,-0.452,-0.436,-0.046,-0.215,0.345,-0.519,0.297,0.598,0.229,0.381,0.012,0.214,0.028
18,A1_1,-0.106,1.0,-0.669,0.103,0.113,0.232,0.411,-0.041,0.176,-0.378,0.078,-0.152,-0.371,0.205,-0.057,-0.27
18,A1_2,0.283,-0.669,1.0,0.093,-0.207,0.1,0.011,-0.145,-0.205,0.222,0.162,0.22,0.301,-0.227,0.149,0.04
18,A1_3,-0.452,0.103,0.093,1.0,-0.13,0.099,0.239,-0.444,0.606,0.018,-0.373,-0.054,-0.343,-0.459,-0.138,-0.147
18,B1_1,-0.436,0.113,-0.207,-0.13,1.0,-0.016,0.375,0.293,0.337,-0.386,-0.199,-0.453,-0.309,-0.004,-0.273,-0.217
18,B1_2,-0.046,0.232,0.1,0.099,-0.016,1.0,-0.061,0.337,-0.225,-0.497,0.076,-0.287,-0.637,0.366,0.29,0.054
18,B1_3,-0.215,0.411,0.011,0.239,0.375,-0.061,1.0,-0.183,0.191,-0.36,-0.07,-0.139,-0.083,-0.247,0.12,-0.65
18,A2_1,0.345,-0.041,-0.145,-0.444,0.293,0.337,-0.183,1.0,-0.235,-0.244,0.394,-0.544,-0.33,0.108,0.237,-0.253
18,A2_2,-0.519,0.176,-0.205,0.606,0.337,-0.225,0.191,-0.235,1.0,-0.115,-0.398,0.018,-0.46,-0.077,-0.619,-0.238
18,A2_3,0.297,-0.378,0.222,0.018,-0.386,-0.497,-0.36,-0.244,-0.115,1.0,0.203,0.274,0.555,-0.523,-0.325,0.337
18,B2_1,0.598,0.078,0.162,-0.373,-0.199,0.076,-0.07,0.394,-0.398,0.203,1.0,0.11,0.095,-0.041,0.438,0.037
18,B2_2,0.229,-0.152,0.22,-0.054,-0.453,-0.287,-0.139,-0.544,0.018,0.274,0.11,1.0,0.178,0.367,-0.076,0.539
18,B2_3,0.381,-0.371,0.301,-0.343,-0.309,-0.637,-0.083,-0.33,-0.46,0.555,0.095,0.178,1.0,-0.369,0.061,0.058
18,y1,0.012,0.205,-0.227,-0.459,-0.004,0.366,-0.247,0.108,-0.077,-0.523,-0.041,0.367,-0.369,1.0,-0.01,0.301
18,y2,0.214,-0.057,0.149,-0.138,-0.273,0.29,0.12,0.237,-0.619,-0.325,0.438,-0.076,0.061,-0.01,1.0,-0.046
18,y3,0.028,-0.27,0.04,-0.147,-0.217,0.054,-0.65,-0.253,-0.238,0.337,0.037,0.539,0.058,0.301,-0.046,1.0
19,.,1.0,-0.107,0.285,-0.452,-0.435,-0.045,-0.215,0.345,-0.52,0.297,0.599,0.231,0.38,0.012,0.214,0.03
19,A1_1,-0.107,1.0,-0.669,0.103,0.112,0.232,0.411,-0.041,0.175,-0.378,0.077,-0.153,-0.371,0.205,-0.058,-0.27
19,A1_2,0.285,-0.669,1.0,0.094,-0.208,0.1,0.011,-0.146,-0.205,0.223,0.161,0.22,0.301,-0.226,0.149,0.04
19,A1_3,-0.452,0.103,0.094,1.0,-0.131,0.099,0.238,-0.444,0.606,0.018,-0.374,-0.054,-0.343,-0.459,-0.139,-0.147
19,B1_1,-0.435,0.112,-0.208,-0.131,1.0,-0.015,0.376,0.293,0.336,-0.387,-0.198,-0.453,-0.307,-0.005,-0.273,-0.217
19,B1_2,-0.045,0.232,0.1,0.099,-0.015,1.0,-0.062,0.34,-0.225,-0.497,0.076,-0.29,-0.638,0.365,0.289,0.053
19,B1_3,-0.215,0.411,0.011,0.238,0.376,-0.062,1.0,-0.183,0.191,-0.36,-0.071,-0.14,-0.083,-0.248,0.118,-0.651
19,A2_1,0.345,-0.041,-0.146,-0.444,0.293,0.34,-0.183,1.0,-0.237,-0.244,0.395,-0.543,-0.33,0.109,0.236,-0.252
19,A2_2,-0.52,0.175,-0.205,0.606,0.336,-0.225,0.191,-0.237,1.0,-0.115,-0.399,0.019,-0.46,-0.077,-0.62,-0.238
19,A2_3,0.297,-0.378,0.223,0.018,-0.387,-0.497,-0.36,-0.244,-0.115,1.0,0.203,0.275,0.555,-0.524,-0.326,0.336
19,B2_1,0.599,0.077,0.161,-0.374,-0.198,0.076,-0.071,0.395,-0.399,0.203,1.0,0.109,0.095,-0.041,0.437,0.037
19,B2_2,0.231,-0.153,0.22,-0.054,-0.453,-0.29,-0.14,-0.543,0.019,0.275,0.109,1.0,0.177,0.366,-0.077,0.539
19,B2_3,0.38,-0.371,0.301,-0.343,-0.307,-0.638,-0.083,-0.33,-0.46,0.555,0.095,0.177,1.0,-0.369,0.06,0.057
19,y1,0.012,0.205,-0.226,-0.459,-0.005,0.365,-0.248,0.109,-0.077,-0.524,-0.041,0.366,-0.369,1.0,-0.008,0.301
19,y2,0.214,-0.058,0.149,-0.139,-0.273,0.289,0.118,0.236,-0.62,-0.326,0.437,-0.077,0.06,-0.008,1.0,-0.045
19,y3,0.03,-0.27,0.04,-0.147,-0.217,0.053,-0.651,-0.252,-0.238,0.336,0.037,0.539,0.057,0.301,-0.045,1.0
20,.,1.0,-0.107,0.287,-0.452,-0.434,-0.045,-0.214,0.343,-0.521,0.297,0.601,0.234,0.38,0.012,0.215,0.032
20,A1_1,-0.107,1.0,-0.669,0.103,0.111,0.233,0.41,-0.042,0.175,-0.378,0.076,-0.152,-0.371,0.205,-0.058,-0.271
20,A1_2,0.287,-0.669,1.0,0.094,-0.209,0.1,0.011,-0.146,-0.205,0.223,0.16,0.22,0.3,-0.226,0.149,0.04
20,A1_3,-0.452,0.103,0.094,1.0,-0.132,0.099,0.238,-0.445,0.606,0.019,-0.376,-0.055,-0.343,-0.459,-0.139,-0.147
20,B1_1,-0.434,0.111,-0.209,-0.132,1.0,-0.014,0.376,0.292,0.335,-0.387,-0.197,-0.453,-0.306,-0.004,-0.273,-0.217
20,B1_2,-0.045,0.233,0.1,0.099,-0.014,1.0,-0.063,0.343,-0.224,-0.497,0.075,-0.292,-0.638,0.364,0.288,0.053
20,B1_3,-0.214,0.41,0.011,0.238,0.376,-0.063,1.0,-0.183,0.191,-0.36,-0.072,-0.142,-0.083,-0.248,0.117,-0.652
20,A2_1,0.343,-0.042,-0.146,-0.445,0.292,0.343,-0.183,1.0,-0.239,-0.244,0.396,-0.543,-0.329,0.11,0.236,-0.251
20,A2_2,-0.521,0.175,-0.205,0.606,0.335,-0.224,0.191,-0.239,1.0,-0.115,-0.399,0.02,-0.46,-0.076,-0.62,-0.237
20,A2_3,0.297,-0.378,0.223,0.019,-0.387,-0.497,-0.36,-0.244,-0.115,1.0,0.203,0.276,0.555,-0.524,-0.327,0.335
20,B2_1,0.601,0.076,0.16,-0.376,-0.197,0.075,-0.072,0.396,-0.399,0.203,1.0,0.108,0.095,-0.042,0.436,0.036
20,B2_2,0.234,-0.152,0.22,-0.055,-0.453,-0.292,-0.142,-0.543,0.02,0.276,0.108,1.0,0.176,0.366,-0.077,0.539
20,B2_3,0.38,-0.371,0.3,-0.343,-0.306,-0.638,-0.083,-0.329,-0.46,0.555,0.095,0.176,1.0,-0.369,0.059,0.056
20,y1,0.012,0.205,-0.226,-0.459,-0.004,0.364,-0.248,0.11,-0.076,-0.524,-0.042,0.366,-0.369,1.0,-0.007,0.302
20,y2,0.215,-0.058,0.149,-0.139,-0.273,0.288,0.117,0.236,-0.62,-0.327,0.436,-0.077,0.059,-0.007,1.0,-0.044
20,y3,0.032,-0.271,0.04,-0.147,-0.217,0.053,-0.652,-0.251,-0.237,0.335,0.036,0.539,0.056,0.302,-0.044,1.0
21,.,1.0,-0.108,0.289,-0.452,-0.432,-0.044,-0.213,0.342,-0.522,0.298,0.602,0.236,0.38,0.012,0.216,0.034
21,A1_1,-0.108,1.0,-0.669,0.103,0.11,0.233,0.41,-0.042,0.174,-0.377,0.075,-0.153,-0.371,0.204,-0.059,-0.271
21,A1_2,0.289,-0.669,1.0,0.095,-0.21,0.1,0.011,-0.147,-0.205,0.224,0.159,0.22,0.3,-0.226,0.148,0.04
21,A1_3,-0.452,0.103,0.095,1.0,-0.133,0.099,0.237,-0.445,0.606,0.019,-0.377,-0.055,-0.344,-0.459,-0.14,-0.147
21,B1_1,-0.432,0.11,-0.21,-0.133,1.0,-0.013,0.377,0.292,0.335,-0.387,-0.195,-0.453,-0.304,-0.004,-0.273,-0.217
21,B1_2,-0.044,0.233,0.1,0.099,-0.013,1.0,-0.063,0.346,-0.223,-0.496,0.075,-0.295,-0.639,0.363,0.287,0.052
21,B1_3,-0.213,0.41,0.011,0.237,0.377,-0.063,1.0,-0.182,0.192,-0.359,-0.073,-0.143,-0.083,-0.249,0.116,-0.653
21,A2_1,0.342,-0.042,-0.147,-0.445,0.292,0.346,-0.182,1.0,-0.24,-0.244,0.397,-0.542,-0.329,0.111,0.236,-0.25
21,A2_2,-0.522,0.174,-0.205,0.606,0.335,-0.223,0.192,-0.24,1.0,-0.115,-0.4,0.021,-0.459,-0.076,-0.62,-0.237
21,A2_3,0.298,-0.377,0.224,0.019,-0.387,-0.496,-0.359,-0.244,-0.115,1.0,0.202,0.277,0.555,-0.524,-0.328,0.334
21,B2_1,0.602,0.075,0.159,-0.377,-0.195,0.075,-0.073,0.397,-0.4,0.202,1.0,0.107,0.095,-0.042,0.434,0.036
21,B2_2,0.236,-0.153,0.22,-0.055,-0.453,-0.295,-0.143,-0.542,0.021,0.277,0.107,1.0,0.175,0.365,-0.078,0.538
21,B2_3,0.38,-0.371,0.3,-0.344,-0.304,-0.639,-0.083,-0.329,-0.459,0.555,0.095,0.175,1.0,-0.369,0.058,0.055
21,y1,0.012,0.204,-0.226,-0.459,-0.004,0.363,-0.249,0.111,-0.076,-0.524,-0.042,0.365,-0.369,1.0,-0.005,0.302
21,y2,0.216,-0.059,0.148,-0.14,-0.273,0.287,0.116,0.236,-0.62,-0.328,0.434,-0.078,0.058,-0.005,1.0,-0.043
21,y3,0.034,-0.271,0.04,-0.147,-0.217,0.052,-0.653,-0.25,-0.237,0.334,0.036,0.538,0.055,0.302,-0.043,1.0
22,.,1.0,-0.109,0.292,-0.453,-0.431,-0.043,-0.212,0.341,-0.522,0.297,0.604,0.238,0.38,0.012,0.217,0.035
22,A1_1,-0.109,1.0,-0.668,0.103,0.109,0.234,0.41,-0.042,0.174,-0.377,0.075,-0.153,-0.371,0.204,-0.059,-0.271
22,A1_2,0.292,-0.668,1.0,0.096,-0.211,0.1,0.01,-0.148,-0.205,0.224,0.157,0.22,0.299,-0.226,0.147,0.04
22,A1_3,-0.453,0.103,0.096,1.0,-0.133,0.098,0.237,-0.445,0.606,0.02,-0.379,-0.056,-0.344,-0.459,-0.14,-0.147
22,B1_1,-0.431,0.109,-0.211,-0.133,1.0,-0.012,0.377,0.291,0.334,-0.387,-0.194,-0.453,-0.303,-0.005,-0.273,-0.217
22,B1_2,-0.043,0.234,0.1,0.098,-0.012,1.0,-0.064,0.348,-0.223,-0.495,0.074,-0.298,-0.639,0.363,0.286,0.052
22,B1_3,-0.212,0.41,0.01,0.237,0.377,-0.064,1.0,-0.182,0.192,-0.359,-0.074,-0.144,-0.083,-0.25,0.114,-0.654
22,A2_1,0.341,-0.042,-0.148,-0.445,0.291,0.348,-0.182,1.0,-0.241,-0.244,0.397,-0.541,-0.329,0.112,0.236,-0.249
22,A2_2,-0.522,0.174,-0.205,0.606,0.334,-0.223,0.192,-0.241,1.0,-0.114,-0.4,0.022,-0.459,-0.076,-0.62,-0.237
22,A2_3,0.297,-0.377,0.224,0.02,-0.387,-0.495,-0.359,-0.244,-0.114,1.0,0.202,0.277,0.555,-0.525,-0.328,0.333
22,B2_1,0.604,0.075,0.157,-0.379,-0.194,0.074,-0.074,0.397,-0.4,0.202,1.0,0.105,0.095,-0.042,0.433,0.035
22,B2_2,0.238,-0.153,0.22,-0.056,-0.453,-0.298,-0.144,-0.541,0.022,0.277,0.105,1.0,0.175,0.364,-0.078,0.538
22,B2_3,0.38,-0.371,0.299,-0.344,-0.303,-0.639,-0.083,-0.329,-0.459,0.555,0.095,0.175,1.0,-0.369,0.057,0.054
22,y1,0.012,0.204,-0.226,-0.459,-0.005,0.363,-0.25,0.112,-0.076,-0.525,-0.042,0.364,-0.369,1.0,-0.003,0.303
22,y2,0.217,-0.059,0.147,-0.14,-0.273,0.286,0.114,0.236,-0.62,-0.328,0.433,-0.078,0.057,-0.003,1.0,-0.042
22,y3,0.035,-0.271,0.04,-0.147,-0.217,0.052,-0.654,-0.249,-0.237,0.333,0.035,0.538,0.054,0.303,-0.042,1.0
23,.,1.0,-0.11,0.294,-0.452,-0.43,-0.043,-0.212,0.34,-0.522,0.297,0.606,0.24,0.38,0.011,0.218,0.037
23,A1_1,-0.11,1.0,-0.668,0.102,0.108,0.234,0.41,-0.042,0.174,-0.377,0.074,-0.153,-0.371,0.204,-0.06,-0.271
23,A1_2,0.294,-0.668,1.0,0.097,-0.212,0.099,0.01,-0.148,-0.205,0.225,0.156,0.22,0.299,-0.225,0.147,0.041
23,A1_3,-0.452,0.102,0.097,1.0,-0.134,0.098,0.236,-0.445,0.606,0.021,-0.38,-0.056,-0.344,-0.459,-0.141,-0.148
