,,.,A1_1,A1_2,A1_3,B1_1,B1_2,B1_3,A2_1,A2_2,A2_3,B2_1,B2_2,B2_3,y1,y2,y3
0,.,1.0,0.292,0.762,0.327,0.313,0.34,0.567,0.57,0.492,0.769,0.651,0.621,0.752,0.372,0.497,0.364
0,A1_1,0.292,1.0,0.542,0.843,0.589,0.824,0.694,0.811,0.902,0.661,0.608,0.464,0.525,0.27,0.209,0.196
0,A1_2,0.762,0.542,1.0,0.682,0.184,0.502,0.43,0.7,0.618,0.804,0.454,0.401,0.449,0.307,0.497,0.227
0,A1_3,0.327,0.843,0.682,1.0,0.31,0.66,0.454,0.881,0.838,0.677,0.505,0.29,0.353,0.041,0.329,0.182
0,B1_1,0.313,0.589,0.184,0.31,1.0,0.805,0.795,0.602,0.611,0.358,0.749,0.336,0.779,0.336,0.232,-0.063
0,B1_2,0.34,0.824,0.502,0.66,0.805,1.0,0.738,0.77,0.859,0.476,0.677,0.401,0.576,0.29,0.237,-0.094
0,B1_3,0.567,0.694,0.43,0.454,0.795,0.738,1.0,0.728,0.76,0.54,0.883,0.595,0.777,0.236,0.477,0.039
0,A2_1,0.57,0.811,0.7,0.881,0.602,0.77,0.728,1.0,0.893,0.758,0.758,0.439,0.665,0.194,0.462,0.112
0,A2_2,0.492,0.902,0.618,0.838,0.611,0.859,0.76,0.893,1.0,0.713,0.742,0.564,0.62,0.147,0.21,0.078
0,A2_3,0.769,0.661,0.804,0.677,0.358,0.476,0.54,0.758,0.713,1.0,0.573,0.447,0.69,0.35,0.269,0.384
0,B2_1,0.651,0.608,0.454,0.505,0.749,0.677,0.883,0.758,0.742,0.573,1.0,0.709,0.817,0.347,0.603,0.32
0,B2_2,0.621,0.464,0.401,0.29,0.336,0.401,0.595,0.439,0.564,0.447,0.709,1.0,0.603,0.536,0.357,0.562
0,B2_3,0.752,0.525,0.449,0.353,0.779,0.576,0.777,0.665,0.62,0.69,0.817,0.603,1.0,0.399,0.331,0.307
0,y1,0.372,0.27,0.307,0.041,0.336,0.29,0.236,0.194,0.147,0.35,0.347,0.536,0.399,1.0,0.321,0.588
0,y2,0.497,0.209,0.497,0.329,0.232,0.237,0.477,0.462,0.21,0.269,0.603,0.357,0.331,0.321,1.0,0.369
0,y3,0.364,0.196,0.227,0.182,-0.063,-0.094,0.039,0.112,0.078,0.384,0.32,0.562,0.307,0.588,0.369,1.0
1,.,1.0,0.292,0.78,0.35,0.325,0.336,0.568,0.588,0.502,0.765,0.655,0.636,0.771,0.384,0.497,0.364
1,A1_1,0.292,1.0,0.536,0.847,0.58,0.815,0.67,0.801,0.901,0.661,0.578,0.454,0.514,0.259,0.158,0.168
1,A1_2,0.78,0.536,1.0,0.686,0.18,0.482,0.42,0.706,0.625,0.806,0.439,0.426,0.473,0.294,0.453,0.219
1,A1_3,0.35,0.847,0.686,1.0,0.297,0.662,0.432,0.879,0.848,0.699,0.474,0.302,0.36,0.033,0.255,0.17
1,B1_1,0.325,0.58,0.18,0.297,1.0,0.8,0.791,0.584,0.601,0.341,0.742,0.344,0.768,0.321,0.212,-0.111
1,B1_2,0.336,0.815,0.482,0.662,0.8,1.0,0.732,0.759,0.858,0.447,0.667,0.412,0.556,0.237,0.204,-0.147
1,B1_3,0.568,0.67,0.42,0.432,0.791,0.732,1.0,0.705,0.739,0.506,0.885,0.616,0.765,0.214,0.468,0.017
1,A2_1,0.588,0.801,0.706,0.879,0.584,0.759,0.705,1.0,0.883,0.76,0.735,0.444,0.661,0.179,0.423,0.093
1,A2_2,0.502,0.901,0.625,0.848,0.601,0.858,0.739,0.883,1.0,0.717,0.715,0.575,0.621,0.143,0.159,0.068
1,A2_3,0.765,0.661,0.806,0.699,0.341,0.447,0.506,0.76,0.717,1.0,0.538,0.441,0.696,0.355,0.216,0.371
1,B2_1,0.655,0.578,0.439,0.474,0.742,0.667,0.885,0.735,0.715,0.538,1.0,0.716,0.807,0.327,0.601,0.286
1,B2_2,0.636,0.454,0.426,0.302,0.344,0.412,0.616,0.444,0.575,0.441,0.716,1.0,0.611,0.52,0.373,0.537
1,B2_3,0.771,0.514,0.473,0.36,0.768,0.556,0.765,0.661,0.621,0.696,0.807,0.611,1.0,0.41,0.319,0.297
1,y1,0.384,0.259,0.294,0.033,0.321,0.237,0.214,0.179,0.143,0.355,0.327,0.52,0.41,1.0,0.282,0.565
1,y2,0.497,0.158,0.453,0.255,0.212,0.204,0.468,0.423,0.159,0.216,0.601,0.373,0.319,0.282,1.0,0.364
1,y3,0.364,0.168,0.219,0.17,-0.111,-0.147,0.017,0.093,0.068,0.371,0.286,0.537,0.297,0.565,0.364,1.0
2,.,1.0,0.293,0.793,0.369,0.333,0.336,0.566,0.605,0.509,0.759,0.657,0.65,0.782,0.393,0.498,0.364
2,A1_1,0.293,1.0,0.533,0.851,0.574,0.808,0.649,0.792,0.9,0.664,0.551,0.445,0.509,0.246,0.106,0.139
2,A1_2,0.793,0.533,1.0,0.695,0.176,0.465,0.406,0.716,0.632,0.807,0.425,0.444,0.49,0.281,0.416,0.214
2,A1_3,0.369,0.851,0.695,1.0,0.29,0.665,0.414,0.877,0.858,0.721,0.446,0.312,0.372,0.03,0.181,0.156
2,B1_1,0.333,0.574,0.176,0.29,1.0,0.794,0.791,0.571,0.592,0.327,0.741,0.356,0.759,0.303,0.197,-0.149
2,B1_2,0.336,0.808,0.465,0.665,0.794,1.0,0.733,0.754,0.859,0.423,0.665,0.429,0.542,0.183,0.178,-0.189
2,B1_3,0.566,0.649,0.406,0.414,0.791,0.733,1.0,0.686,0.72,0.476,0.888,0.633,0.753,0.189,0.458,-0.004
2,A2_1,0.605,0.792,0.716,0.877,0.571,0.754,0.686,1.0,0.875,0.766,0.714,0.451,0.661,0.165,0.383,0.078
2,A2_2,0.509,0.9,0.632,0.858,0.592,0.859,0.72,0.875,1.0,0.72,0.689,0.585,0.623,0.136,0.11,0.057
2,A2_3,0.759,0.664,0.807,0.721,0.327,0.423,0.476,0.766,0.72,1.0,0.509,0.435,0.701,0.357,0.172,0.363
2,B2_1,0.657,0.551,0.425,0.446,0.741,0.665,0.888,0.714,0.689,0.509,1.0,0.721,0.798,0.307,0.597,0.255
2,B2_2,0.65,0.445,0.444,0.312,0.356,0.429,0.633,0.451,0.585,0.435,0.721,1.0,0.62,0.5,0.383,0.512
2,B2_3,0.782,0.509,0.49,0.372,0.759,0.542,0.753,0.661,0.623,0.701,0.798,0.62,1.0,0.416,0.31,0.291
2,y1,0.393,0.246,0.281,0.03,0.303,0.183,0.189,0.165,0.136,0.357,0.307,0.5,0.416,1.0,0.253,0.546
2,y2,0.498,0.106,0.416,0.181,0.197,0.178,0.458,0.383,0.11,0.172,0.597,0.383,0.31,0.253,1.0,0.364
2,y3,0.364,0.139,0.214,0.156,-0.149,-0.189,-0.004,0.078,0.057,0.363,0.255,0.512,0.291,0.546,0.364,1.0
3,.,1.0,0.296,0.806,0.388,0.342,0.342,0.563,0.623,0.519,0.753,0.658,0.666,0.791,0.407,0.508,0.368
3,A1_1,0.296,1.0,0.535,0.858,0.567,0.8,0.627,0.788,0.898,0.666,0.521,0.434,0.508,0.238,0.055,0.114
3,A1_2,0.806,0.535,1.0,0.709,0.176,0.456,0.394,0.733,0.645,0.81,0.411,0.463,0.513,0.277,0.385,0.217
3,A1_3,0.388,0.858,0.709,1.0,0.288,0.672,0.397,0.875,0.87,0.741,0.413,0.326,0.393,0.039,0.106,0.141
3,B1_1,0.342,0.567,0.176,0.288,1.0,0.784,0.792,0.563,0.584,0.314,0.739,0.366,0.75,0.284,0.179,-0.177
3,B1_2,0.342,0.8,0.456,0.672,0.784,1.0,0.739,0.754,0.86,0.401,0.664,0.447,0.533,0.127,0.151,-0.219
3,B1_3,0.563,0.627,0.394,0.397,0.792,0.739,1.0,0.67,0.7,0.447,0.889,0.645,0.742,0.165,0.446,-0.018
3,A2_1,0.623,0.788,0.733,0.875,0.563,0.754,0.67,1.0,0.87,0.774,0.69,0.461,0.67,0.164,0.339,0.07
3,A2_2,0.519,0.898,0.645,0.87,0.584,0.86,0.7,0.87,1.0,0.724,0.659,0.593,0.631,0.136,0.061,0.051
3,A2_3,0.753,0.666,0.81,0.741,0.314,0.401,0.447,0.774,0.724,1.0,0.48,0.436,0.71,0.368,0.14,0.363
3,B2_1,0.658,0.521,0.411,0.413,0.739,0.664,0.889,0.69,0.659,0.48,1.0,0.725,0.79,0.291,0.59,0.232
3,B2_2,0.666,0.434,0.463,0.326,0.366,0.447,0.645,0.461,0.593,0.436,0.725,1.0,0.631,0.485,0.394,0.497
3,B2_3,0.791,0.508,0.513,0.393,0.75,0.533,0.742,0.67,0.631,0.71,0.79,0.631,1.0,0.427,0.304,0.295
3,y1,0.407,0.238,0.277,0.039,0.284,0.127,0.165,0.164,0.136,0.368,0.291,0.485,0.427,1.0,0.237,0.54
3,y2,0.508,0.055,0.385,0.106,0.179,0.151,0.446,0.339,0.061,0.14,0.59,0.394,0.304,0.237,1.0,0.376
3,y3,0.368,0.114,0.217,0.141,-0.177,-0.219,-0.018,0.07,0.051,0.363,0.232,0.497,0.295,0.54,0.376,1.0
4,.,1.0,0.302,0.817,0.406,0.352,0.352,0.565,0.643,0.538,0.749,0.656,0.681,0.798,0.413,0.519,0.365
4,A1_1,0.302,1.0,0.527,0.859,0.56,0.789,0.604,0.779,0.892,0.668,0.486,0.423,0.503,0.228,0.009,0.09
4,A1_2,0.817,0.527,1.0,0.717,0.166,0.439,0.375,0.745,0.653,0.81,0.384,0.473,0.521,0.266,0.371,0.221
4,A1_3,0.406,0.859,0.717,1.0,0.281,0.671,0.375,0.872,0.88,0.756,0.371,0.332,0.403,0.044,0.048,0.126
4,B1_1,0.352,0.56,0.166,0.281,1.0,0.773,0.793,0.552,0.567,0.299,0.738,0.373,0.741,0.265,0.173,-0.201
4,B1_2,0.352,0.789,0.439,0.671,0.773,1.0,0.745,0.752,0.853,0.378,0.663,0.466,0.52,0.073,0.14,-0.239
4,B1_3,0.565,0.604,0.375,0.375,0.793,0.745,1.0,0.652,0.677,0.418,0.89,0.655,0.729,0.14,0.437,-0.027
4,A2_1,0.643,0.779,0.745,0.872,0.552,0.752,0.652,1.0,0.866,0.777,0.658,0.469,0.668,0.154,0.314,0.061
4,A2_2,0.538,0.892,0.653,0.88,0.567,0.853,0.677,0.866,1.0,0.729,0.624,0.603,0.636,0.129,0.027,0.053
4,A2_3,0.749,0.668,0.81,0.756,0.299,0.378,0.418,0.777,0.729,1.0,0.442,0.436,0.714,0.374,0.122,0.363
4,B2_1,0.656,0.486,0.384,0.371,0.738,0.663,0.89,0.658,0.624,0.442,1.0,0.727,0.777,0.274,0.588,0.212
4,B2_2,0.681,0.423,0.473,0.332,0.373,0.466,0.655,0.469,0.603,0.436,0.727,1.0,0.641,0.467,0.394,0.481
4,B2_3,0.798,0.503,0.521,0.403,0.741,0.52,0.729,0.668,0.636,0.714,0.777,0.641,1.0,0.438,0.301,0.302
4,y1,0.413,0.228,0.266,0.044,0.265,0.073,0.14,0.154,0.129,0.374,0.274,0.467,0.438,1.0,0.23,0.532
4,y2,0.519,0.009,0.371,0.048,0.173,0.14,0.437,0.314,0.027,0.122,0.588,0.394,0.301,0.23,1.0,0.383
4,y3,0.365,0.09,0.221,0.126,-0.201,-0.239,-0.027,0.061,0.053,0.363,0.212,0.481,0.302,0.532,0.383,1.0
5,.,1.0,0.302,0.816,0.41,0.351,0.357,0.559,0.65,0.541,0.738,0.645,0.687,0.794,0.413,0.532,0.361
5,A1_1,0.302,1.0,0.535,0.864,0.557,0.777,0.586,0.776,0.889,0.674,0.46,0.415,0.499,0.218,-0.028,0.072
5,A1_2,0.816,0.535,1.0,0.73,0.161,0.433,0.355,0.759,0.668,0.813,0.352,0.471,0.519,0.259,0.35,0.216
5,A1_3,0.41,0.864,0.73,1.0,0.286,0.669,0.358,0.871,0.89,0.768,0.336,0.332,0.408,0.051,-0.001,0.108
5,B1_1,0.351,0.557,0.161,0.286,1.0,0.768,0.792,0.547,0.552,0.291,0.739,0.375,0.732,0.245,0.162,-0.209
5,B1_2,0.357,0.777,0.433,0.669,0.768,1.0,0.75,0.753,0.844,0.364,0.666,0.478,0.509,0.028,0.116,-0.249
5,B1_3,0.559,0.586,0.355,0.358,0.792,0.75,1.0,0.636,0.65,0.394,0.887,0.658,0.714,0.112,0.414,-0.036
5,A2_1,0.65,0.776,0.759,0.871,0.547,0.753,0.636,1.0,0.865,0.779,0.629,0.472,0.66,0.148,0.286,0.051
5,A2_2,0.541,0.889,0.668,0.89,0.552,0.844,0.65,0.865,1.0,0.736,0.59,0.602,0.633,0.122,-0.012,0.053
5,A2_3,0.738,0.674,0.813,0.768,0.291,0.364,0.394,0.779,0.736,1.0,0.409,0.434,0.713,0.38,0.111,0.358
5,B2_1,0.645,0.46,0.352,0.336,0.739,0.666,0.887,0.629,0.59,0.409,1.0,0.727,0.765,0.255,0.573,0.198
5,B2_2,0.687,0.415,0.471,0.332,0.375,0.478,0.658,0.472,0.602,0.434,0.727,1.0,0.647,0.453,0.391,0.474
5,B2_3,0.794,0.499,0.519,0.408,0.732,0.509,0.714,0.66,0.633,0.713,0.765,0.647,1.0,0.447,0.3,0.312
5,y1,0.413,0.218,0.259,0.051,0.245,0.028,0.112,0.148,0.122,0.38,0.255,0.453,0.447,1.0,0.249,0.543
5,y2,0.532,-0.028,0.35,-0.001,0.162,0.116,0.414,0.286,-0.012,0.111,0.573,0.391,0.3,0.249,1.0,0.407
5,y3,0.361,0.072,0.216,0.108,-0.209,-0.249,-0.036,0.051,0.053,0.358,0.198,0.474,0.312,0.543,0.407,1.0
6,.,1.0,0.304,0.818,0.415,0.349,0.359,0.555,0.657,0.542,0.728,0.638,0.698,0.789,0.409,0.534,0.355
6,A1_1,0.304,1.0,0.531,0.865,0.552,0.764,0.57,0.773,0.889,0.68,0.444,0.41,0.495,0.202,-0.071,0.05
6,A1_2,0.818,0.531,1.0,0.736,0.15,0.416,0.332,0.769,0.672,0.811,0.325,0.468,0.511,0.249,0.326,0.211
6,A1_3,0.415,0.865,0.736,1.0,0.282,0.659,0.337,0.871,0.896,0.778,0.309,0.329,0.407,0.049,-0.05,0.088
6,B1_1,0.349,0.552,0.15,0.282,1.0,0.761,0.793,0.541,0.539,0.282,0.743,0.38,0.727,0.228,0.151,-0.222
6,B1_2,0.359,0.764,0.416,0.659,0.761,1.0,0.756,0.752,0.834,0.348,0.674,0.491,0.499,-0.015,0.096,-0.264
6,B1_3,0.555,0.57,0.332,0.337,0.793,0.756,1.0,0.619,0.625,0.372,0.888,0.665,0.705,0.086,0.392,-0.052
6,A2_1,0.657,0.773,0.769,0.871,0.541,0.752,0.619,1.0,0.863,0.781,0.607,0.475,0.653,0.138,0.256,0.038
6,A2_2,0.542,0.889,0.672,0.896,0.539,0.834,0.625,0.863,1.0,0.741,0.562,0.599,0.627,0.11,-0.054,0.041
6,A2_3,0.728,0.68,0.811,0.778,0.282,0.348,0.372,0.781,0.741,1.0,0.385,0.432,0.708,0.378,0.091,0.354
6,B2_1,0.638,0.444,0.325,0.309,0.743,0.674,0.888,0.607,0.562,0.385,1.0,0.725,0.759,0.233,0.554,0.174
6,B2_2,0.698,0.41,0.468,0.329,0.38,0.491,0.665,0.475,0.599,0.432,0.725,1.0,0.655,0.429,0.378,0.455
6,B2_3,0.789,0.495,0.511,0.407,0.727,0.499,0.705,0.653,0.627,0.708,0.759,0.655,1.0,0.447,0.295,0.316
6,y1,0.409,0.202,0.249,0.049,0.228,-0.015,0.086,0.138,0.11,0.378,0.233,0.429,0.447,1.0,0.252,0.541
6,y2,0.534,-0.071,0.326,-0.05,0.151,0.096,0.392,0.256,-0.054,0.091,0.554,0.378,0.295,0.252,1.0,0.414
6,y3,0.355,0.05,0.211,0.088,-0.222,-0.264,-0.052,0.038,0.041,0.354,0.174,0.455,0.316,0.541,0.414,1.0
7,.,1.0,0.306,0.824,0.424,0.351,0.364,0.554,0.665,0.548,0.722,0.635,0.712,0.787,0.413,0.541,0.359
7,A1_1,0.306,1.0,0.528,0.865,0.547,0.75,0.556,0.773,0.886,0.684,0.429,0.408,0.495,0.194,-0.105,0.038
7,A1_2,0.824,0.528,1.0,0.742,0.147,0.404,0.32,0.779,0.678,0.813,0.31,0.479,0.517,0.252,0.315,0.218
7,A1_3,0.424,0.865,0.742,1.0,0.278,0.648,0.32,0.87,0.899,0.787,0.286,0.335,0.414,0.056,-0.086,0.077
7,B1_1,0.351,0.547,0.147,0.278,1.0,0.754,0.794,0.54,0.529,0.277,0.748,0.387,0.721,0.224,0.142,-0.223
7,B1_2,0.364,0.75,0.404,0.648,0.754,1.0,0.763,0.751,0.825,0.336,0.68,0.505,0.493,-0.043,0.08,-0.27
7,B1_3,0.554,0.556,0.32,0.32,0.794,0.763,1.0,0.607,0.608,0.357,0.889,0.672,0.697,0.074,0.376,-0.058
7,A2_1,0.665,0.773,0.779,0.87,0.54,0.751,0.607,1.0,0.863,0.784,0.589,0.484,0.652,0.142,0.232,0.03
7,A2_2,0.548,0.886,0.678,0.899,0.529,0.825,0.608,0.863,1.0,0.744,0.539,0.606,0.63,0.113,-0.082,0.04
7,A2_3,0.722,0.684,0.813,0.787,0.277,0.336,0.357,0.784,0.744,1.0,0.369,0.442,0.711,0.384,0.082,0.361
7,B2_1,0.635,0.429,0.31,0.286,0.748,0.68,0.889,0.589,0.539,0.369,1.0,0.722,0.755,0.224,0.54,0.16
7,B2_2,0.712,0.408,0.479,0.335,0.387,0.505,0.672,0.484,0.606,0.442,0.722,1.0,0.667,0.416,0.369,0.446
7,B2_3,0.787,0.495,0.517,0.414,0.721,0.493,0.697,0.652,0.63,0.711,0.755,0.667,1.0,0.456,0.295,0.332
7,y1,0.413,0.194,0.252,0.056,0.224,-0.043,0.074,0.142,0.113,0.384,0.224,0.416,0.456,1.0,0.251,0.543
7,y2,0.541,-0.105,0.315,-0.086,0.142,0.08,0.376,0.232,-0.082,0.082,0.54,0.369,0.295,0.251,1.0,0.423
7,y3,0.359,0.038,0.218,0.077,-0.223,-0.27,-0.058,0.03,0.04,0.361,0.16,0.446,0.332,0.543,0.423,1.0
8,.,1.0,0.304,0.824,0.425,0.347,0.361,0.55,0.667,0.544,0.714,0.63,0.72,0.781,0.411,0.543,0.36
8,A1_1,0.304,1.0,0.528,0.867,0.544,0.738,0.547,0.771,0.887,0.69,0.425,0.408,0.496,0.184,-0.133,0.028
8,A1_2,0.824,0.528,1.0,0.747,0.141,0.392,0.307,0.785,0.682,0.814,0.296,0.48,0.513,0.252,0.299,0.219
8,A1_3,0.425,0.867,0.747,1.0,0.279,0.64,0.309,0.871,0.903,0.795,0.276,0.335,0.415,0.058,-0.115,0.064
8,B1_1,0.347,0.544,0.141,0.279,1.0,0.75,0.796,0.536,0.523,0.272,0.754,0.395,0.718,0.211,0.134,-0.228
8,B1_2,0.361,0.738,0.392,0.64,0.75,1.0,0.766,0.748,0.816,0.327,0.687,0.513,0.488,-0.075,0.065,-0.278
8,B1_3,0.55,0.547,0.307,0.309,0.796,0.766,1.0,0.596,0.592,0.345,0.89,0.677,0.694,0.055,0.359,-0.068
8,A2_1,0.667,0.771,0.785,0.871,0.536,0.748,0.596,1.0,0.862,0.786,0.58,0.489,0.647,0.138,0.215,0.025
8,A2_2,0.544,0.887,0.682,0.903,0.523,0.816,0.592,0.862,1.0,0.749,0.524,0.604,0.626,0.107,-0.109,0.035
8,A2_3,0.714,0.69,0.814,0.795,0.272,0.327,0.345,0.786,0.749,1.0,0.362,0.446,0.707,0.384,0.07,0.362
8,B2_1,0.63,0.425,0.296,0.276,0.754,0.687,0.89,0.58,0.524,0.362,1.0,0.72,0.755,0.205,0.522,0.145
8,B2_2,0.72,0.408,0.48,0.335,0.395,0.513,0.677,0.489,0.604,0.446,0.72,1.0,0.677,0.398,0.355,0.434
8,B2_3,0.781,0.496,0.513,0.415,0.718,0.488,0.694,0.647,0.626,0.707,0.755,0.677,1.0,0.456,0.294,0.339
8,y1,0.411,0.184,0.252,0.058,0.211,-0.075,0.055,0.138,0.107,0.384,0.205,0.398,0.456,1.0,0.248,0.539
8,y2,0.543,-0.133,0.299,-0.115,0.134,0.065,0.359,0.215,-0.109,0.07,0.522,0.355,0.294,0.248,1.0,0.427
8,y3,0.36,0.028,0.219,0.064,-0.228,-0.278,-0.068,0.025,0.035,0.362,0.145,0.434,0.339,0.539,0.427,1.0
9,.,1.0,0.303,0.826,0.427,0.347,0.364,0.549,0.67,0.54,0.706,0.628,0.733,0.777,0.407,0.545,0.364
9,A1_1,0.303,1.0,0.525,0.867,0.539,0.723,0.535,0.77,0.887,0.696,0.419,0.409,0.497,0.176,-0.163,0.02
9,A1_2,0.826,0.525,1.0,0.75,0.139,0.381,0.297,0.791,0.684,0.816,0.287,0.489,0.515,0.252,0.285,0.224
9,A1_3,0.427,0.867,0.75,1.0,0.276,0.627,0.295,0.871,0.906,0.802,0.264,0.339,0.418,0.06,-0.145,0.053
9,B1_1,0.347,0.539,0.139,0.276,1.0,0.746,0.799,0.535,0.516,0.268,0.762,0.405,0.714,0.205,0.133,-0.226
9,B1_2,0.364,0.723,0.381,0.627,0.746,1.0,0.771,0.745,0.806,0.319,0.694,0.525,0.485,-0.099,0.053,-0.281
9,B1_3,0.549,0.535,0.297,0.295,0.799,0.771,1.0,0.586,0.577,0.335,0.892,0.683,0.691,0.043,0.346,-0.071
9,A2_1,0.67,0.77,0.791,0.871,0.535,0.745,0.586,1.0,0.861,0.789,0.572,0.498,0.645,0.137,0.197,0.021
9,A2_2,0.54,0.887,0.684,0.906,0.516,0.806,0.577,0.861,1.0,0.751,0.51,0.607,0.625,0.105,-0.135,0.033
9,A2_3,0.706,0.696,0.816,0.802,0.268,0.319,0.335,0.789,0.751,1.0,0.357,0.456,0.706,0.384,0.059,0.364
9,B2_1,0.628,0.419,0.287,0.264,0.762,0.694,0.892,0.572,0.51,0.357,1.0,0.718,0.759,0.194,0.508,0.135
9,B2_2,0.733,0.409,0.489,0.339,0.405,0.525,0.683,0.498,0.607,0.456,0.718,1.0,0.692,0.384,0.343,0.427
9,B2_3,0.777,0.497,0.515,0.418,0.714,0.485,0.691,0.645,0.625,0.706,0.759,0.692,1.0,0.459,0.297,0.355
9,y1,0.407,0.176,0.252,0.06,0.205,-0.099,0.043,0.137,0.105,0.384,0.194,0.384,0.459,1.0,0.246,0.536
9,y2,0.545,-0.163,0.285,-0.145,0.133,0.053,0.346,0.197,-0.135,0.059,0.508,0.343,0.297,0.246,1.0,0.434
9,y3,0.364,0.02,0.224,0.053,-0.226,-0.281,-0.071,0.021,0.033,0.364,0.135,0.427,0.355,0.536,0.434,1.0
10,.,1.0,0.303,0.824,0.429,0.344,0.365,0.547,0.67,0.537,0.699,0.622,0.74,0.77,0.404,0.551,0.37
10,A1_1,0.303,1.0,0.531,0.867,0.535,0.711,0.526,0.772,0.886,0.706,0.412,0.411,0.497,0.176,-0.18,0.021
10,A1_2,0.824,0.531,1.0,0.759,0.138,0.377,0.289,0.8,0.691,0.817,0.274,0.491,0.511,0.254,0.275,0.225
10,A1_3,0.429,0.867,0.759,1.0,0.273,0.615,0.284,0.873,0.908,0.809,0.252,0.343,0.416,0.067,-0.16,0.051
10,B1_1,0.344,0.535,0.138,0.273,1.0,0.743,0.799,0.531,0.506,0.268,0.766,0.411,0.71,0.206,0.129,-0.214
10,B1_2,0.365,0.711,0.377,0.615,0.743,1.0,0.773,0.741,0.795,0.316,0.698,0.529,0.478,-0.112,0.036,-0.277
10,B1_3,0.547,0.526,0.289,0.284,0.799,0.773,1.0,0.574,0.561,0.329,0.891,0.684,0.685,0.036,0.326,-0.07
10,A2_1,0.67,0.772,0.8,0.873,0.531,0.741,0.574,1.0,0.861,0.791,0.556,0.502,0.635,0.142,0.181,0.022
10,A2_2,0.537,0.886,0.691,0.908,0.506,0.795,0.561,0.861,1.0,0.757,0.495,0.61,0.619,0.11,-0.152,0.041
10,A2_3,0.699,0.706,0.817,0.809,0.268,0.316,0.329,0.791,0.757,1.0,0.349,0.466,0.704,0.387,0.058,0.367
10,B2_1,0.622,0.412,0.274,0.252,0.766,0.698,0.891,0.556,0.495,0.349,1.0,0.719,0.756,0.187,0.49,0.136
10,B2_2,0.74,0.411,0.491,0.343,0.411,0.529,0.684,0.502,0.61,0.466,0.719,1.0,0.704,0.383,0.335,0.432
10,B2_3,0.77,0.497,0.511,0.416,0.71,0.478,0.685,0.635,0.619,0.704,0.756,0.704,1.0,0.47,0.303,0.375
10,y1,0.404,0.176,0.254,0.067,0.206,-0.112,0.036,0.142,0.11,0.387,0.187,0.383,0.47,1.0,0.264,0.543
10,y2,0.551,-0.18,0.275,-0.16,0.129,0.036,0.326,0.181,-0.152,0.058,0.49,0.335,0.303,0.264,1.0,0.455
10,y3,0.37,0.021,0.225,0.051,-0.214,-0.277,-0.07,0.022,0.041,0.367,0.136,0.432,0.375,0.543,0.455,1.0
11,.,1.0,0.297,0.824,0.427,0.338,0.361,0.541,0.664,0.523,0.694,0.623,0.748,0.765,0.405,0.557,0.381
11,A1_1,0.297,1.0,0.534,0.868,0.531,0.703,0.52,0.78,0.889,0.711,0.418,0.417,0.501,0.17,-0.198,0.019
11,A1_2,0.824,0.534,1.0,0.762,0.14,0.375,0.285,0.806,0.689,0.818,0.278,0.502,0.516,0.257,0.263,0.228
11,A1_3,0.427,0.868,0.762,1.0,0.27,0.609,0.277,0.878,0.907,0.812,0.257,0.352,0.421,0.068,-0.179,0.045
11,B1_1,0.338,0.531,0.14,0.27,1.0,0.74,0.801,0.533,0.506,0.27,0.772,0.42,0.707,0.212,0.127,-0.202
11,B1_2,0.361,0.703,0.375,0.609,0.74,1.0,0.776,0.74,0.794,0.317,0.703,0.539,0.48,-0.119,0.022,-0.276
11,B1_3,0.541,0.52,0.285,0.277,0.801,0.776,1.0,0.567,0.555,0.327,0.894,0.688,0.686,0.033,0.314,-0.069
11,A2_1,0.664,0.78,0.806,0.878,0.533,0.74,0.567,1.0,0.863,0.797,0.556,0.512,0.637,0.151,0.152,0.02
11,A2_2,0.523,0.889,0.689,0.907,0.506,0.794,0.555,0.863,1.0,0.753,0.497,0.617,0.619,0.112,-0.171,0.036
11,A2_3,0.694,0.711,0.818,0.812,0.27,0.317,0.327,0.797,0.753,1.0,0.361,0.482,0.709,0.387,0.053,0.369
11,B2_1,0.623,0.418,0.278,0.257,0.772,0.703,0.894,0.556,0.497,0.361,1.0,0.722,0.764,0.186,0.474,0.137
11,B2_2,0.748,0.417,0.502,0.352,0.42,0.539,0.688,0.512,0.617,0.482,0.722,1.0,0.719,0.375,0.331,0.433
11,B2_3,0.765,0.501,0.516,0.421,0.707,0.48,0.686,0.637,0.619,0.709,0.764,0.719,1.0,0.473,0.307,0.391
11,y1,0.405,0.17,0.257,0.068,0.212,-0.119,0.033,0.151,0.112,0.387,0.186,0.375,0.473,1.0,0.271,0.547
11,y2,0.557,-0.198,0.263,-0.179,0.127,0.022,0.314,0.152,-0.171,0.053,0.474,0.331,0.307,0.271,1.0,0.473
11,y3,0.381,0.019,0.228,0.045,-0.202,-0.276,-0.069,0.02,0.036,0.369,0.137,0.433,0.391,0.547,0.473,1.0
12,.,1.0,0.288,0.82,0.42,0.324,0.348,0.529,0.652,0.499,0.682,0.617,0.75,0.754,0.396,0.551,0.385
12,A1_1,0.288,1.0,0.534,0.866,0.529,0.697,0.517,0.786,0.894,0.719,0.435,0.426,0.506,0.158,-0.224,0.011
12,A1_2,0.82,0.534,1.0,0.766,0.136,0.367,0.275,0.809,0.684,0.818,0.281,0.501,0.51,0.25,0.238,0.222
12,A1_3,0.42,0.866,0.766,1.0,0.266,0.6,0.268,0.885,0.909,0.82,0.268,0.355,0.419,0.06,-0.205,0.033
12,B1_1,0.324,0.529,0.136,0.266,1.0,0.74,0.803,0.527,0.502,0.267,0.783,0.434,0.712,0.211,0.117,-0.199
12,B1_2,0.348,0.697,0.367,0.6,0.74,1.0,0.778,0.733,0.791,0.315,0.712,0.546,0.486,-0.132,-0.0,-0.288
12,B1_3,0.529,0.517,0.275,0.268,0.803,0.778,1.0,0.553,0.543,0.32,0.896,0.693,0.691,0.021,0.293,-0.081
12,A2_1,0.652,0.786,0.809,0.885,0.527,0.733,0.553,1.0,0.864,0.805,0.559,0.516,0.635,0.147,0.118,0.015
12,A2_2,0.499,0.894,0.684,0.909,0.502,0.791,0.543,0.864,1.0,0.751,0.499,0.613,0.609,0.096,-0.205,0.017
12,A2_3,0.682,0.719,0.818,0.82,0.267,0.315,0.32,0.805,0.751,1.0,0.374,0.486,0.701,0.372,0.034,0.363
12,B2_1,0.617,0.435,0.281,0.268,0.783,0.712,0.896,0.559,0.499,0.374,1.0,0.723,0.778,0.176,0.448,0.126
12,B2_2,0.75,0.426,0.501,0.355,0.434,0.546,0.693,0.516,0.613,0.486,0.723,1.0,0.733,0.359,0.311,0.418
12,B2_3,0.754,0.506,0.51,0.419,0.712,0.486,0.691,0.635,0.609,0.701,0.778,0.733,1.0,0.46,0.301,0.388
12,y1,0.396,0.158,0.25,0.06,0.211,-0.132,0.021,0.147,0.096,0.372,0.176,0.359,0.46,1.0,0.266,0.539
12,y2,0.551,-0.224,0.238,-0.205,0.117,-0.0,0.293,0.118,-0.205,0.034,0.448,0.311,0.301,0.266,1.0,0.484
12,y3,0.385,0.011,0.222,0.033,-0.199,-0.288,-0.081,0.015,0.017,0.363,0.126,0.418,0.388,0.539,0.484,1.0
13,.,1.0,0.278,0.814,0.411,0.311,0.333,0.518,0.637,0.476,0.669,0.608,0.749,0.74,0.382,0.547,0.387
13,A1_1,0.278,1.0,0.533,0.865,0.53,0.694,0.516,0.789,0.898,0.727,0.452,0.437,0.511,0.146,-0.247,0.001
13,A1_2,0.814,0.533,1.0,0.768,0.131,0.358,0.264,0.809,0.679,0.817,0.279,0.496,0.497,0.237,0.217,0.212
13,A1_3,0.411,0.865,0.768,1.0,0.267,0.595,0.263,0.89,0.911,0.826,0.28,0.357,0.415,0.048,-0.227,0.019
13,B1_1,0.311,0.53,0.131,0.267,1.0,0.742,0.806,0.524,0.499,0.265,0.794,0.452,0.72,0.209,0.113,-0.197
13,B1_2,0.333,0.694,0.358,0.595,0.742,1.0,0.779,0.728,0.789,0.315,0.722,0.555,0.492,-0.143,-0.018,-0.3
13,B1_3,0.518,0.516,0.264,0.263,0.806,0.779,1.0,0.542,0.533,0.313,0.897,0.701,0.697,0.01,0.276,-0.093
13,A2_1,0.637,0.789,0.809,0.89,0.524,0.728,0.542,1.0,0.865,0.811,0.563,0.518,0.63,0.135,0.091,0.003
13,A2_2,0.476,0.898,0.679,0.911,0.499,0.789,0.533,0.865,1.0,0.749,0.501,0.609,0.597,0.077,-0.235,-0.005
13,A2_3,0.669,0.727,0.817,0.826,0.265,0.315,0.313,0.811,0.749,1.0,0.382,0.487,0.688,0.352,0.015,0.35
13,B2_1,0.608,0.452,0.279,0.28,0.794,0.722,0.897,0.563,0.501,0.382,1.0,0.726,0.789,0.163,0.426,0.112
13,B2_2,0.749,0.437,0.496,0.357,0.452,0.555,0.701,0.518,0.609,0.487,0.726,1.0,0.744,0.342,0.29,0.4
13,B2_3,0.74,0.511,0.497,0.415,0.72,0.492,0.697,0.63,0.597,0.688,0.789,0.744,1.0,0.446,0.295,0.38
13,y1,0.382,0.146,0.237,0.048,0.209,-0.143,0.01,0.135,0.077,0.352,0.163,0.342,0.446,1.0,0.263,0.529
13,y2,0.547,-0.247,0.217,-0.227,0.113,-0.018,0.276,0.091,-0.235,0.015,0.426,0.29,0.295,0.263,1.0,0.49
13,y3,0.387,0.001,0.212,0.019,-0.197,-0.3,-0.093,0.003,-0.005,0.35,0.112,0.4,0.38,0.529,0.49,1.0
14,.,1.0,0.269,0.81,0.404,0.297,0.32,0.506,0.619,0.453,0.658,0.6,0.749,0.727,0.369,0.542,0.389
14,A1_1,0.269,1.0,0.533,0.864,0.528,0.691,0.515,0.799,0.903,0.734,0.468,0.449,0.52,0.134,-0.269,-0.005
14,A1_2,0.81,0.533,1.0,0.772,0.127,0.351,0.255,0.81,0.676,0.818,0.282,0.496,0.49,0.228,0.194,0.205
14,A1_3,0.404,0.864,0.772,1.0,0.263,0.588,0.257,0.899,0.913,0.832,0.291,0.363,0.415,0.038,-0.246,0.01
14,B1_1,0.297,0.528,0.127,0.263,1.0,0.744,0.808,0.517,0.494,0.262,0.803,0.467,0.73,0.206,0.1,-0.196
14,B1_2,0.32,0.691,0.351,0.588,0.744,1.0,0.781,0.72,0.786,0.315,0.728,0.566,0.505,-0.151,-0.037,-0.31
14,B1_3,0.506,0.515,0.255,0.257,0.808,0.781,1.0,0.527,0.524,0.307,0.898,0.708,0.707,-0.0,0.259,-0.104
14,A2_1,0.619,0.799,0.81,0.899,0.517,0.72,0.527,1.0,0.869,0.821,0.564,0.521,0.628,0.129,0.053,-0.004
14,A2_2,0.453,0.903,0.676,0.913,0.494,0.786,0.524,0.869,1.0,0.747,0.503,0.606,0.589,0.061,-0.263,-0.024
14,A2_3,0.658,0.734,0.818,0.832,0.262,0.315,0.307,0.821,0.747,1.0,0.394,0.49,0.678,0.333,-0.002,0.341
14,B2_1,0.6,0.468,0.282,0.291,0.803,0.728,0.898,0.564,0.503,0.394,1.0,0.728,0.805,0.155,0.402,0.102
14,B2_2,0.749,0.449,0.496,0.363,0.467,0.566,0.708,0.521,0.606,0.49,0.728,1.0,0.758,0.324,0.272,0.384
14,B2_3,0.727,0.52,0.49,0.415,0.73,0.505,0.707,0.628,0.589,0.678,0.805,0.758,1.0,0.427,0.286,0.368
14,y1,0.369,0.134,0.228,0.038,0.206,-0.151,-0.0,0.129,0.061,0.333,0.155,0.324,0.427,1.0,0.249,0.518
14,y2,0.542,-0.269,0.194,-0.246,0.1,-0.037,0.259,0.053,-0.263,-0.002,0.402,0.272,0.286,0.249,1.0,0.5
14,y3,0.389,-0.005,0.205,0.01,-0.196,-0.31,-0.104,-0.004,-0.024,0.341,0.102,0.384,0.368,0.518,0.5,1.0
15,.,1.0,0.259,0.805,0.396,0.285,0.308,0.496,0.6,0.431,0.646,0.59,0.746,0.711,0.352,0.533,0.388
15,A1_1,0.259,1.0,0.528,0.862,0.527,0.687,0.515,0.803,0.906,0.738,0.481,0.462,0.528,0.121,-0.292,-0.014
15,A1_2,0.805,0.528,1.0,0.772,0.121,0.342,0.246,0.808,0.671,0.817,0.279,0.49,0.477,0.216,0.173,0.197
15,A1_3,0.396,0.862,0.772,1.0,0.26,0.581,0.252,0.906,0.916,0.837,0.298,0.365,0.41,0.024,-0.267,-0.004
15,B1_1,0.285,0.527,0.121,0.26,1.0,0.746,0.811,0.512,0.488,0.259,0.813,0.488,0.746,0.207,0.093,-0.194
15,B1_2,0.308,0.687,0.342,0.581,0.746,1.0,0.783,0.712,0.781,0.313,0.733,0.577,0.52,-0.158,-0.052,-0.324
15,B1_3,0.496,0.515,0.246,0.252,0.811,0.783,1.0,0.513,0.514,0.3,0.898,0.717,0.721,-0.008,0.243,-0.117
15,A2_1,0.6,0.803,0.808,0.906,0.512,0.712,0.513,1.0,0.871,0.829,0.561,0.518,0.624,0.119,0.019,-0.015
15,A2_2,0.431,0.906,0.671,0.916,0.488,0.781,0.514,0.871,1.0,0.745,0.5,0.6,0.58,0.042,-0.291,-0.048
15,A2_3,0.646,0.738,0.817,0.837,0.259,0.313,0.3,0.829,0.745,1.0,0.4,0.488,0.662,0.311,-0.021,0.328
15,B2_1,0.59,0.481,0.279,0.298,0.813,0.733,0.898,0.561,0.5,0.4,1.0,0.732,0.821,0.145,0.383,0.092
15,B2_2,0.746,0.462,0.49,0.365,0.488,0.577,0.717,0.518,0.6,0.488,0.732,1.0,0.771,0.303,0.25,0.362
15,B2_3,0.711,0.528,0.477,0.41,0.746,0.52,0.721,0.624,0.58,0.662,0.821,0.771,1.0,0.406,0.278,0.35
15,y1,0.352,0.121,0.216,0.024,0.207,-0.158,-0.008,0.119,0.042,0.311,0.145,0.303,0.406,1.0,0.233,0.502
15,y2,0.533,-0.292,0.173,-0.267,0.093,-0.052,0.243,0.019,-0.291,-0.021,0.383,0.25,0.278,0.233,1.0,0.506
15,y3,0.388,-0.014,0.197,-0.004,-0.194,-0.324,-0.117,-0.015,-0.048,0.328,0.092,0.362,0.35,0.502,0.506,1.0
16,.,1.0,0.248,0.8,0.387,0.271,0.293,0.482,0.577,0.409,0.634,0.575,0.741,0.692,0.338,0.526,0.391
16,A1_1,0.248,1.0,0.527,0.859,0.528,0.688,0.517,0.809,0.907,0.742,0.49,0.476,0.538,0.11,-0.313,-0.022
16,A1_2,0.8,0.527,1.0,0.774,0.122,0.339,0.239,0.807,0.67,0.817,0.273,0.49,0.469,0.207,0.151,0.189
16,A1_3,0.387,0.859,0.774,1.0,0.259,0.578,0.249,0.913,0.918,0.842,0.301,0.372,0.41,0.012,-0.284,-0.013
16,B1_1,0.271,0.528,0.122,0.259,1.0,0.748,0.813,0.506,0.485,0.259,0.82,0.506,0.763,0.209,0.078,-0.195
16,B1_2,0.293,0.688,0.339,0.578,0.748,1.0,0.785,0.703,0.779,0.314,0.735,0.587,0.536,-0.159,-0.072,-0.339
16,B1_3,0.482,0.517,0.239,0.249,0.813,0.785,1.0,0.498,0.506,0.294,0.896,0.725,0.734,-0.013,0.223,-0.131
16,A2_1,0.577,0.809,0.807,0.913,0.506,0.703,0.498,1.0,0.875,0.838,0.552,0.516,0.622,0.113,-0.019,-0.025
16,A2_2,0.409,0.907,0.67,0.918,0.485,0.779,0.506,0.875,1.0,0.745,0.495,0.599,0.575,0.027,-0.316,-0.067
16,A2_3,0.634,0.742,0.817,0.842,0.259,0.314,0.294,0.838,0.745,1.0,0.4,0.488,0.649,0.292,-0.038,0.316
16,B2_1,0.575,0.49,0.273,0.301,0.82,0.735,0.896,0.552,0.495,0.4,1.0,0.734,0.833,0.139,0.362,0.082
16,B2_2,0.741,0.476,0.49,0.372,0.506,0.587,0.725,0.516,0.599,0.488,0.734,1.0,0.781,0.285,0.228,0.34
16,B2_3,0.692,0.538,0.469,0.41,0.763,0.536,0.734,0.622,0.575,0.649,0.833,0.781,1.0,0.387,0.264,0.327
16,y1,0.338,0.11,0.207,0.012,0.209,-0.159,-0.013,0.113,0.027,0.292,0.139,0.285,0.387,1.0,0.215,0.489
16,y2,0.526,-0.313,0.151,-0.284,0.078,-0.072,0.223,-0.019,-0.316,-0.038,0.362,0.228,0.264,0.215,1.0,0.515
16,y3,0.391,-0.022,0.189,-0.013,-0.195,-0.339,-0.131,-0.025,-0.067,0.316,0.082,0.34,0.327,0.489,0.515,1.0
17,.,1.0,0.238,0.798,0.38,0.26,0.282,0.471,0.554,0.392,0.624,0.561,0.733,0.673,0.328,0.522,0.395
17,A1_1,0.238,1.0,0.526,0.858,0.527,0.687,0.518,0.817,0.909,0.744,0.493,0.486,0.548,0.101,-0.326,-0.028
17,A1_2,0.798,0.526,1.0,0.775,0.124,0.336,0.236,0.807,0.669,0.817,0.267,0.49,0.464,0.204,0.137,0.187
17,A1_3,0.38,0.858,0.775,1.0,0.259,0.575,0.248,0.92,0.919,0.845,0.299,0.378,0.41,0.004,-0.296,-0.022
17,B1_1,0.26,0.527,0.124,0.259,1.0,0.751,0.815,0.502,0.481,0.261,0.827,0.522,0.779,0.212,0.066,-0.192
17,B1_2,0.282,0.687,0.336,0.575,0.751,1.0,0.788,0.694,0.775,0.314,0.736,0.6,0.554,-0.156,-0.089,-0.349
17,B1_3,0.471,0.518,0.236,0.248,0.815,0.788,1.0,0.485,0.502,0.292,0.896,0.733,0.748,-0.013,0.209,-0.138
17,A2_1,0.554,0.817,0.807,0.92,0.502,0.694,0.485,1.0,0.879,0.846,0.537,0.514,0.62,0.112,-0.054,-0.033
17,A2_2,0.392,0.909,0.669,0.919,0.481,0.775,0.502,0.879,1.0,0.745,0.488,0.602,0.575,0.02,-0.333,-0.08
17,A2_3,0.624,0.744,0.817,0.845,0.261,0.314,0.292,0.846,0.745,1.0,0.399,0.49,0.639,0.277,-0.048,0.308
17,B2_1,0.561,0.493,0.267,0.299,0.827,0.736,0.896,0.537,0.488,0.399,1.0,0.738,0.844,0.137,0.347,0.077
17,B2_2,0.733,0.486,0.49,0.378,0.522,0.6,0.733,0.514,0.602,0.49,0.738,1.0,0.791,0.271,0.214,0.324
17,B2_3,0.673,0.548,0.464,0.41,0.779,0.554,0.748,0.62,0.575,0.639,0.844,0.791,1.0,0.374,0.254,0.308
17,y1,0.328,0.101,0.204,0.004,0.212,-0.156,-0.013,0.112,0.02,0.277,0.137,0.271,0.374,1.0,0.205,0.48
17,y2,0.522,-0.326,0.137,-0.296,0.066,-0.089,0.209,-0.054,-0.333,-0.048,0.347,0.214,0.254,0.205,1.0,0.531
17,y3,0.395,-0.028,0.187,-0.022,-0.192,-0.349,-0.138,-0.033,-0.08,0.308,0.077,0.324,0.308,0.48,0.531,1.0
18,.,1.0,0.225,0.796,0.371,0.249,0.269,0.459,0.529,0.374,0.613,0.545,0.726,0.653,0.317,0.515,0.398
18,A1_1,0.225,1.0,0.519,0.856,0.528,0.687,0.52,0.823,0.909,0.745,0.498,0.499,0.559,0.087,-0.343,-0.036
18,A1_2,0.796,0.519,1.0,0.772,0.126,0.332,0.233,0.803,0.664,0.816,0.262,0.493,0.459,0.199,0.122,0.185
18,A1_3,0.371,0.856,0.772,1.0,0.258,0.573,0.248,0.927,0.919,0.847,0.298,0.384,0.411,-0.011,-0.309,-0.033
18,B1_1,0.249,0.528,0.126,0.258,1.0,0.752,0.818,0.497,0.48,0.263,0.833,0.541,0.798,0.215,0.055,-0.192
18,B1_2,0.269,0.687,0.332,0.573,0.752,1.0,0.791,0.682,0.774,0.314,0.737,0.613,0.574,-0.154,-0.103,-0.363
18,B1_3,0.459,0.52,0.233,0.248,0.818,0.791,1.0,0.471,0.499,0.291,0.897,0.744,0.765,-0.014,0.195,-0.147
18,A2_1,0.529,0.823,0.803,0.927,0.497,0.682,0.471,1.0,0.881,0.855,0.522,0.511,0.62,0.107,-0.089,-0.042
18,A2_2,0.374,0.909,0.664,0.919,0.48,0.774,0.499,0.881,1.0,0.744,0.484,0.606,0.577,0.009,-0.349,-0.097
18,A2_3,0.613,0.745,0.816,0.847,0.263,0.314,0.291,0.855,0.744,1.0,0.397,0.49,0.629,0.258,-0.061,0.298
18,B2_1,0.545,0.498,0.262,0.298,0.833,0.737,0.897,0.522,0.484,0.397,1.0,0.742,0.856,0.132,0.333,0.07
18,B2_2,0.726,0.499,0.493,0.384,0.541,0.613,0.744,0.511,0.606,0.49,0.742,1.0,0.801,0.25,0.196,0.3
18,B2_3,0.653,0.559,0.459,0.411,0.798,0.574,0.765,0.62,0.577,0.629,0.856,0.801,1.0,0.354,0.242,0.282
18,y1,0.317,0.087,0.199,-0.011,0.215,-0.154,-0.014,0.107,0.009,0.258,0.132,0.25,0.354,1.0,0.182,0.464
18,y2,0.515,-0.343,0.122,-0.309,0.055,-0.103,0.195,-0.089,-0.349,-0.061,0.333,0.196,0.242,0.182,1.0,0.54
18,y3,0.398,-0.036,0.185,-0.033,-0.192,-0.363,-0.147,-0.042,-0.097,0.298,0.07,0.3,0.282,0.464,0.54,1.0
19,.,1.0,0.212,0.792,0.361,0.236,0.254,0.443,0.503,0.354,0.602,0.524,0.71,0.629,0.308,0.508,0.401
19,A1_1,0.212,1.0,0.516,0.854,0.528,0.687,0.522,0.828,0.909,0.747,0.502,0.511,0.568,0.072,-0.359,-0.047
19,A1_2,0.792,0.516,1.0,0.772,0.127,0.328,0.227,0.801,0.662,0.817,0.25,0.491,0.452,0.193,0.106,0.181
19,A1_3,0.361,0.854,0.772,1.0,0.258,0.572,0.247,0.933,0.92,0.849,0.295,0.389,0.411,-0.025,-0.322,-0.048
19,B1_1,0.236,0.528,0.127,0.258,1.0,0.754,0.821,0.489,0.478,0.263,0.839,0.56,0.814,0.214,0.037,-0.196
19,B1_2,0.254,0.687,0.328,0.572,0.754,1.0,0.794,0.671,0.772,0.315,0.74,0.628,0.593,-0.154,-0.123,-0.378
19,B1_3,0.443,0.522,0.227,0.247,0.821,0.794,1.0,0.456,0.496,0.286,0.898,0.753,0.779,-0.018,0.174,-0.161
19,A2_1,0.503,0.828,0.801,0.933,0.489,0.671,0.456,1.0,0.883,0.863,0.503,0.506,0.616,0.1,-0.125,-0.054
19,A2_2,0.354,0.909,0.662,0.92,0.478,0.772,0.496,0.883,1.0,0.743,0.479,0.61,0.577,-0.002,-0.366,-0.115
19,A2_3,0.602,0.747,0.817,0.849,0.263,0.315,0.286,0.863,0.743,1.0,0.39,0.487,0.617,0.238,-0.075,0.284
19,B2_1,0.524,0.502,0.25,0.295,0.839,0.74,0.898,0.503,0.479,0.39,1.0,0.746,0.864,0.123,0.31,0.057
19,B2_2,0.71,0.511,0.491,0.389,0.56,0.628,0.753,0.506,0.61,0.487,0.746,1.0,0.809,0.23,0.176,0.275
19,B2_3,0.629,0.568,0.452,0.411,0.814,0.593,0.779,0.616,0.577,0.617,0.864,0.809,1.0,0.335,0.223,0.252
19,y1,0.308,0.072,0.193,-0.025,0.214,-0.154,-0.018,0.1,-0.002,0.238,0.123,0.23,0.335,1.0,0.171,0.456
19,y2,0.508,-0.359,0.106,-0.322,0.037,-0.123,0.174,-0.125,-0.366,-0.075,0.31,0.176,0.223,0.171,1.0,0.556
19,y3,0.401,-0.047,0.181,-0.048,-0.196,-0.378,-0.161,-0.054,-0.115,0.284,0.057,0.275,0.252,0.456,0.556,1.0
20,.,1.0,0.203,0.791,0.355,0.229,0.245,0.434,0.487,0.344,0.595,0.507,0.699,0.611,0.304,0.508,0.404
20,A1_1,0.203,1.0,0.514,0.853,0.526,0.685,0.522,0.831,0.908,0.748,0.502,0.516,0.574,0.065,-0.366,-0.054
20,A1_2,0.791,0.514,1.0,0.772,0.133,0.326,0.226,0.802,0.662,0.818,0.241,0.49,0.451,0.196,0.101,0.181
20,A1_3,0.355,0.853,0.772,1.0,0.259,0.57,0.248,0.936,0.92,0.849,0.289,0.393,0.412,-0.031,-0.327,-0.056
20,B1_1,0.229,0.526,0.133,0.259,1.0,0.757,0.823,0.485,0.477,0.266,0.844,0.571,0.824,0.216,0.032,-0.194
20,B1_2,0.245,0.685,0.326,0.57,0.757,1.0,0.798,0.663,0.77,0.315,0.742,0.638,0.604,-0.15,-0.134,-0.386
20,B1_3,0.434,0.522,0.226,0.248,0.823,0.798,1.0,0.448,0.495,0.285,0.9,0.759,0.787,-0.017,0.163,-0.165
20,A2_1,0.487,0.831,0.802,0.936,0.485,0.663,0.448,1.0,0.884,0.868,0.487,0.502,0.613,0.101,-0.145,-0.061
20,A2_2,0.344,0.908,0.662,0.92,0.477,0.77,0.495,0.884,1.0,0.742,0.473,0.616,0.579,-0.004,-0.371,-0.122
20,A2_3,0.595,0.748,0.818,0.849,0.266,0.315,0.285,0.868,0.742,1.0,0.382,0.486,0.612,0.229,-0.079,0.275
20,B2_1,0.507,0.502,0.241,0.289,0.844,0.742,0.9,0.487,0.473,0.382,1.0,0.749,0.867,0.122,0.297,0.05
20,B2_2,0.699,0.516,0.49,0.393,0.571,0.638,0.759,0.502,0.616,0.486,0.749,1.0,0.813,0.223,0.169,0.264
20,B2_3,0.611,0.574,0.451,0.412,0.824,0.604,0.787,0.613,0.579,0.612,0.867,0.813,1.0,0.329,0.216,0.239
20,y1,0.304,0.065,0.196,-0.031,0.216,-0.15,-0.017,0.101,-0.004,0.229,0.122,0.223,0.329,1.0,0.173,0.457
20,y2,0.508,-0.366,0.101,-0.327,0.032,-0.134,0.163,-0.145,-0.371,-0.079,0.297,0.169,0.216,0.173,1.0,0.571
20,y3,0.404,-0.054,0.181,-0.056,-0.194,-0.386,-0.165,-0.061,-0.122,0.275,0.05,0.264,0.239,0.457,0.571,1.0
21,.,1.0,0.192,0.788,0.348,0.218,0.233,0.421,0.469,0.329,0.584,0.485,0.68,0.589,0.297,0.506,0.406
21,A1_1,0.192,1.0,0.513,0.853,0.527,0.686,0.523,0.834,0.908,0.749,0.504,0.522,0.579,0.054,-0.373,-0.064
21,A1_2,0.788,0.513,1.0,0.773,0.137,0.326,0.223,0.802,0.662,0.819,0.229,0.483,0.444,0.195,0.093,0.177
21,A1_3,0.348,0.853,0.773,1.0,0.261,0.571,0.25,0.939,0.921,0.851,0.284,0.394,0.411,-0.04,-0.332,-0.068
21,B1_1,0.218,0.527,0.137,0.261,1.0,0.759,0.825,0.482,0.474,0.267,0.849,0.584,0.835,0.213,0.021,-0.195
21,B1_2,0.233,0.686,0.326,0.571,0.759,1.0,0.801,0.657,0.768,0.316,0.745,0.649,0.616,-0.151,-0.154,-0.396
21,B1_3,0.421,0.523,0.223,0.25,0.825,0.801,1.0,0.439,0.492,0.281,0.901,0.766,0.794,-0.021,0.145,-0.174
21,A2_1,0.469,0.834,0.802,0.939,0.482,0.657,0.439,1.0,0.885,0.873,0.472,0.496,0.607,0.098,-0.166,-0.071
21,A2_2,0.329,0.908,0.662,0.921,0.474,0.768,0.492,0.885,1.0,0.742,0.467,0.616,0.577,-0.012,-0.38,-0.134
21,A2_3,0.584,0.749,0.819,0.851,0.267,0.316,0.281,0.873,0.742,1.0,0.37,0.48,0.602,0.217,-0.085,0.262
21,B2_1,0.485,0.504,0.229,0.284,0.849,0.745,0.901,0.472,0.467,0.37,1.0,0.752,0.87,0.115,0.277,0.039
21,B2_2,0.68,0.522,0.483,0.394,0.584,0.649,0.766,0.496,0.616,0.48,0.752,1.0,0.817,0.21,0.156,0.247
21,B2_3,0.589,0.579,0.444,0.411,0.835,0.616,0.794,0.607,0.577,0.602,0.87,0.817,1.0,0.319,0.206,0.221
21,y1,0.297,0.054,0.195,-0.04,0.213,-0.151,-0.021,0.098,-0.012,0.217,0.115,0.21,0.319,1.0,0.18,0.459
21,y2,0.506,-0.373,0.093,-0.332,0.021,-0.154,0.145,-0.166,-0.38,-0.085,0.277,0.156,0.206,0.18,1.0,0.589
21,y3,0.406,-0.064,0.177,-0.068,-0.195,-0.396,-0.174,-0.071,-0.134,0.262,0.039,0.247,0.221,0.459,0.589,1.0
22,.,1.0,0.181,0.781,0.339,0.206,0.22,0.409,0.45,0.314,0.572,0.461,0.658,0.565,0.289,0.502,0.403
22,A1_1,0.181,1.0,0.515,0.853,0.528,0.687,0.524,0.836,0.908,0.752,0.506,0.525,0.582,0.046,-0.378,-0.073
22,A1_2,0.781,0.515,1.0,0.776,0.138,0.325,0.216,0.803,0.665,0.821,0.214,0.465,0.431,0.193,0.081,0.168
22,A1_3,0.339,0.853,0.776,1.0,0.265,0.573,0.251,0.941,0.924,0.855,0.282,0.391,0.408,-0.048,-0.338,-0.079
22,B1_1,0.206,0.528,0.138,0.265,1.0,0.762,0.828,0.479,0.47,0.268,0.854,0.598,0.846,0.206,0.011,-0.196
22,B1_2,0.22,0.687,0.325,0.573,0.762,1.0,0.803,0.653,0.766,0.32,0.749,0.66,0.627,-0.153,-0.175,-0.405
22,B1_3,0.409,0.524,0.216,0.251,0.828,0.803,1.0,0.43,0.486,0.276,0.902,0.774,0.802,-0.027,0.127,-0.182
22,A2_1,0.45,0.836,0.803,0.941,0.479,0.653,0.43,1.0,0.886,0.877,0.458,0.486,0.599,0.094,-0.184,-0.083
22,A2_2,0.314,0.908,0.665,0.924,0.47,0.766,0.486,0.886,1.0,0.744,0.461,0.61,0.57,-0.02,-0.391,-0.148
22,A2_3,0.572,0.752,0.821,0.855,0.268,0.32,0.276,0.877,0.744,1.0,0.358,0.467,0.587,0.206,-0.091,0.247
22,B2_1,0.461,0.506,0.214,0.282,0.854,0.749,0.902,0.458,0.461,0.358,1.0,0.759,0.873,0.105,0.256,0.027
22,B2_2,0.658,0.525,0.465,0.391,0.598,0.66,0.774,0.486,0.61,0.467,0.759,1.0,0.821,0.196,0.143,0.23
22,B2_3,0.565,0.582,0.431,0.408,0.846,0.627,0.802,0.599,0.57,0.587,0.873,0.821,1.0,0.307,0.195,0.201
22,y1,0.289,0.046,0.193,-0.048,0.206,-0.153,-0.027,0.094,-0.02,0.206,0.105,0.196,0.307,1.0,0.192,0.465
22,y2,0.502,-0.378,0.081,-0.338,0.011,-0.175,0.127,-0.184,-0.391,-0.091,0.256,0.143,0.195,0.192,1.0,0.608
22,y3,0.403,-0.073,0.168,-0.079,-0.196,-0.405,-0.182,-0.083,-0.148,0.247,0.027,0.23,0.201,0.465,0.608,1.0
23,.,1.0,0.172,0.775,0.332,0.196,0.21,0.397,0.435,0.301,0.561,0.44,0.638,0.544,0.283,0.501,0.403
23,A1_1,0.172,1.0,0.515,0.853,0.529,0.688,0.525,0.837,0.908,0.754,0.507,0.53,0.584,0.036,-0.383,-0.082
23,A1_2,0.775,0.515,1.0,0.777,0.139,0.325,0.212,0.805,0.667,0.822,0.2,0.452,0.422,0.191,0.076,0.163
23,A1_3,0.332,0.853,0.777,1.0,0.266,0.574,0.252,0.943,0.926,0.858,0.277,0.389,0.406,-0.056,-0.34,-0.089
23,B1_1,0.196,0.529,0.139,0.266,1.0,0.765,0.83,0.474,0.466,0.267,0.859,0.61,0.854,0.2,0.004,-0.197
23,B1_2,0.21,0.688,0.325,0.574,0.765,1.0,0.805,0.647,0.763,0.322,0.752,0.669,0.636,-0.156,-0.19,-0.414
23,B1_3,0.397,0.525,0.212,0.252,0.83,0.805,1.0,0.422,0.48,0.271,0.903,0.78,0.807,-0.032,0.112,-0.19
23,A2_1,0.435,0.837,0.805,0.943,0.474,0.647,0.422,1.0,0.887,0.881,0.443,0.476,0.59,0.09,-0.197,-0.094
23,A2_2,0.301,0.908,0.667,0.926,0.466,0.763,0.48,0.887,1.0,0.746,0.453,0.607,0.565,-0.027,-0.397,-0.159
23,A2_3,0.561,0.754,0.822,0.858,0.267,0.322,0.271,0.881,0.746,1.0,0.346,0.457,0.576,0.195,-0.095,0.233
23,B2_1,0.44,0.507,0.2,0.277,0.859,0.752,0.903,0.443,0.453,0.346,1.0,0.764,0.875,0.098,0.239,0.016
23,B2_2,0.638,0.53,0.452,0.389,0.61,0.669,0.78,0.476,0.607,0.457,0.764,1.0,0.825,0.184,0.133,0.214
23,B2_3,0.544,0.584,0.422,0.406,0.854,0.636,0.807,0.59,0.565,0.576,0.875,0.825,1.0,0.297,0.188,0.186
23,y1,0.283,0.036,0.191,-0.056,0.2,-0.156,-0.032,0.09,-0.027,0.195,0.098,0.184,0.297,1.0,0.205,0.471
23,y2,0.501,-0.383,0.076,-0.34,0.004,-0.19,0.112,-0.197,-0.397,-0.095,0.239,0.133,0.188,0.205,1.0,0.624
23,y3,0.403,-0.082,0.163,-0.089,-0.197,-0.414,-0.19,-0.094,-0.159,0.233,0.016,0.214,0.186,0.471,0.624,1.0
24,.,1.0,0.162,0.77,0.324,0.186,0.2,0.386,0.419,0.288,0.55,0.419,0.618,0.523,0.281,0.502,0.406
24,A1_1,0.162,1.0,0.517,0.854,0.531,0.691,0.529,0.839,0.909,0.756,0.51,0.535,0.589,0.03,-0.384,-0.089
24,A1_2,0.77,0.517,1.0,0.778,0.147,0.329,0.213,0.807,0.669,0.824,0.192,0.444,0.418,0.196,0.073,0.161
24,A1_3,0.324,0.854,0.778,1.0,0.272,0.579,0.258,0.945,0.928,0.86,0.277,0.391,0.408,-0.06,-0.34,-0.098
24,B1_1,0.186,0.531,0.147,0.272,1.0,0.767,0.833,0.475,0.468,0.273,0.863,0.619,0.862,0.197,-0.004,-0.197
24,B1_2,0.2,0.691,0.329,0.579,0.767,1.0,0.808,0.646,0.764,0.33,0.755,0.676,0.646,-0.154,-0.206,-0.421
24,B1_3,0.386,0.529,0.213,0.258,0.833,0.808,1.0,0.421,0.482,0.274,0.904,0.785,0.814,-0.032,0.097,-0.196
24,A2_1,0.419,0.839,0.807,0.945,0.475,0.646,0.421,1.0,0.888,0.886,0.435,0.471,0.589,0.092,-0.208,-0.102
24,A2_2,0.288,0.909,0.669,0.928,0.468,0.764,0.482,0.888,1.0,0.749,0.451,0.606,0.564,-0.029,-0.401,-0.169
24,A2_3,0.55,0.756,0.824,0.86,0.273,0.33,0.274,0.886,0.749,1.0,0.341,0.454,0.571,0.189,-0.097,0.222
24,B2_1,0.419,0.51,0.192,0.277,0.863,0.755,0.904,0.435,0.451,0.341,1.0,0.767,0.878,0.094,0.221,0.006
24,B2_2,0.618,0.535,0.444,0.391,0.619,0.676,0.785,0.471,0.606,0.454,0.767,1.0,0.827,0.176,0.125,0.203
