,,.,A1_1,A1_2,A1_3,B1_1,B1_2,B1_3,A2_1,A2_2,A2_3,B2_1,B2_2,B2_3,y1,y2,y3
1,.,1.0,0.196,0.188,-0.007,-0.047,0.103,0.164,0.089,-0.017,-0.165,0.107,0.058,0.107,0.075,-0.127,0.147
1,A1_1,0.196,1.0,-0.309,0.404,0.084,0.04,0.258,0.256,0.05,0.229,-0.093,-0.05,0.092,-0.034,-0.125,0.186
1,A1_2,0.188,-0.309,1.0,-0.21,0.067,-0.006,-0.193,-0.117,0.065,-0.135,0.038,-0.034,-0.019,-0.12,-0.124,-0.166
1,A1_3,-0.007,0.404,-0.21,1.0,0.226,-0.071,0.14,0.16,0.313,0.043,-0.012,-0.15,0.282,-0.001,-0.256,0.067
1,B1_1,-0.047,0.084,0.067,0.226,1.0,-0.111,-0.001,0.014,0.097,0.153,-0.047,-0.031,0.219,-0.252,0.002,-0.125
1,B1_2,0.103,0.04,-0.006,-0.071,-0.111,1.0,0.002,0.064,0.163,-0.155,-0.12,0.132,-0.045,0.116,0.088,-0.214
1,B1_3,0.164,0.258,-0.193,0.14,-0.001,0.002,1.0,0.093,0.226,0.152,0.227,0.067,0.126,-0.157,0.127,0.09
1,A2_1,0.089,0.256,-0.117,0.16,0.014,0.064,0.093,1.0,0.096,0.146,-0.023,-0.206,0.294,-0.05,0.104,-0.004
1,A2_2,-0.017,0.05,0.065,0.313,0.097,0.163,0.226,0.096,1.0,-0.094,-0.021,-0.22,0.083,-0.21,-0.101,-0.333
1,A2_3,-0.165,0.229,-0.135,0.043,0.153,-0.155,0.152,0.146,-0.094,1.0,0.13,-0.098,0.122,-0.161,0.211,0.027
1,B2_1,0.107,-0.093,0.038,-0.012,-0.047,-0.12,0.227,-0.023,-0.021,0.13,1.0,-0.019,-0.091,-0.171,0.108,0.045
1,B2_2,0.058,-0.05,-0.034,-0.15,-0.031,0.132,0.067,-0.206,-0.22,-0.098,-0.019,1.0,-0.16,0.149,0.123,0.002
1,B2_3,0.107,0.092,-0.019,0.282,0.219,-0.045,0.126,0.294,0.083,0.122,-0.091,-0.16,1.0,-0.022,-0.002,-0.014
1,y1,0.075,-0.034,-0.12,-0.001,-0.252,0.116,-0.157,-0.05,-0.21,-0.161,-0.171,0.149,-0.022,1.0,-0.082,-0.038
1,y2,-0.127,-0.125,-0.124,-0.256,0.002,0.088,0.127,0.104,-0.101,0.211,0.108,0.123,-0.002,-0.082,1.0,0.052
1,y3,0.147,0.186,-0.166,0.067,-0.125,-0.214,0.09,-0.004,-0.333,0.027,0.045,0.002,-0.014,-0.038,0.052,1.0
2,.,1.0,0.188,0.188,-0.01,-0.031,0.095,0.177,0.094,-0.015,-0.154,0.107,0.064,0.097,0.064,-0.118,0.164
2,A1_1,0.188,1.0,-0.316,0.4,0.091,0.056,0.265,0.255,0.051,0.226,-0.085,-0.044,0.101,-0.037,-0.125,0.176
2,A1_2,0.188,-0.316,1.0,-0.22,0.074,0.011,-0.184,-0.119,0.064,-0.141,0.046,-0.028,-0.009,-0.121,-0.124,-0.176
2,A1_3,-0.01,0.4,-0.22,1.0,0.228,-0.058,0.143,0.157,0.312,0.036,-0.009,-0.149,0.286,0.001,-0.254,0.061
2,B1_1,-0.031,0.091,0.074,0.228,1.0,-0.109,0.008,0.008,0.099,0.156,-0.043,-0.023,0.224,-0.262,0.011,-0.134
2,B1_2,0.095,0.056,0.011,-0.058,-0.109,1.0,0.011,0.069,0.175,-0.141,-0.115,0.139,-0.037,0.099,0.093,-0.227
2,B1_3,0.177,0.265,-0.184,0.143,0.008,0.011,1.0,0.088,0.227,0.156,0.236,0.08,0.139,-0.173,0.129,0.072
2,A2_1,0.094,0.255,-0.119,0.157,0.008,0.069,0.088,1.0,0.1,0.145,-0.027,-0.21,0.289,-0.054,0.105,-0.017
2,A2_2,-0.015,0.051,0.064,0.312,0.099,0.175,0.227,0.1,1.0,-0.093,-0.018,-0.216,0.086,-0.215,-0.106,-0.347
2,A2_3,-0.154,0.226,-0.141,0.036,0.156,-0.141,0.156,0.145,-0.093,1.0,0.134,-0.094,0.127,-0.166,0.212,0.013
2,B2_1,0.107,-0.085,0.046,-0.009,-0.043,-0.115,0.236,-0.027,-0.018,0.134,1.0,-0.009,-0.08,-0.18,0.121,0.037
2,B2_2,0.064,-0.044,-0.028,-0.149,-0.023,0.139,0.08,-0.21,-0.216,-0.094,-0.009,1.0,-0.145,0.135,0.132,-0.008
2,B2_3,0.097,0.101,-0.009,0.286,0.224,-0.037,0.139,0.289,0.086,0.127,-0.08,-0.145,1.0,-0.031,0.011,-0.021
2,y1,0.064,-0.037,-0.121,0.001,-0.262,0.099,-0.173,-0.054,-0.215,-0.166,-0.18,0.135,-0.031,1.0,-0.086,-0.026
2,y2,-0.118,-0.125,-0.124,-0.254,0.011,0.093,0.129,0.105,-0.106,0.212,0.121,0.132,0.011,-0.086,1.0,0.043
2,y3,0.164,0.176,-0.176,0.061,-0.134,-0.227,0.072,-0.017,-0.347,0.013,0.037,-0.008,-0.021,-0.026,0.043,1.0
3,.,1.0,0.176,0.182,-0.017,-0.02,0.081,0.183,0.095,-0.016,-0.145,0.102,0.065,0.082,0.05,-0.11,0.178
3,A1_1,0.176,1.0,-0.32,0.397,0.097,0.072,0.27,0.256,0.053,0.224,-0.077,-0.038,0.109,-0.04,-0.127,0.164
3,A1_2,0.182,-0.32,1.0,-0.229,0.08,0.029,-0.175,-0.12,0.065,-0.145,0.053,-0.022,-0.0,-0.124,-0.125,-0.187
3,A1_3,-0.017,0.397,-0.229,1.0,0.23,-0.045,0.146,0.156,0.312,0.032,-0.006,-0.146,0.289,0.002,-0.253,0.053
3,B1_1,-0.02,0.097,0.08,0.23,1.0,-0.098,0.024,0.002,0.1,0.158,-0.033,-0.009,0.235,-0.273,0.016,-0.145
3,B1_2,0.081,0.072,0.029,-0.045,-0.098,1.0,0.027,0.074,0.186,-0.127,-0.103,0.151,-0.022,0.08,0.095,-0.24
3,B1_3,0.183,0.27,-0.175,0.146,0.024,0.027,1.0,0.084,0.228,0.159,0.249,0.099,0.157,-0.189,0.127,0.053
3,A2_1,0.095,0.256,-0.12,0.156,0.002,0.074,0.084,1.0,0.105,0.146,-0.031,-0.212,0.283,-0.059,0.104,-0.03
3,A2_2,-0.016,0.053,0.065,0.312,0.1,0.186,0.228,0.105,1.0,-0.09,-0.014,-0.211,0.09,-0.221,-0.114,-0.36
3,A2_3,-0.145,0.224,-0.145,0.032,0.158,-0.127,0.159,0.146,-0.09,1.0,0.137,-0.091,0.131,-0.171,0.211,-0.002
3,B2_1,0.102,-0.077,0.053,-0.006,-0.033,-0.103,0.249,-0.031,-0.014,0.137,1.0,0.006,-0.064,-0.188,0.131,0.027
3,B2_2,0.065,-0.038,-0.022,-0.146,-0.009,0.151,0.099,-0.212,-0.211,-0.091,0.006,1.0,-0.123,0.119,0.138,-0.02
3,B2_3,0.082,0.109,-0.0,0.289,0.235,-0.022,0.157,0.283,0.09,0.131,-0.064,-0.123,1.0,-0.042,0.021,-0.03
3,y1,0.05,-0.04,-0.124,0.002,-0.273,0.08,-0.189,-0.059,-0.221,-0.171,-0.188,0.119,-0.042,1.0,-0.087,-0.01
3,y2,-0.11,-0.127,-0.125,-0.253,0.016,0.095,0.127,0.104,-0.114,0.211,0.131,0.138,0.021,-0.087,1.0,0.038
3,y3,0.178,0.164,-0.187,0.053,-0.145,-0.24,0.053,-0.03,-0.36,-0.002,0.027,-0.02,-0.03,-0.01,0.038,1.0
4,.,1.0,0.16,0.172,-0.026,-0.013,0.062,0.181,0.092,-0.02,-0.137,0.091,0.06,0.062,0.036,-0.105,0.188
4,A1_1,0.16,1.0,-0.323,0.395,0.102,0.088,0.274,0.257,0.056,0.224,-0.069,-0.031,0.116,-0.045,-0.131,0.15
4,A1_2,0.172,-0.323,1.0,-0.235,0.086,0.045,-0.165,-0.118,0.068,-0.147,0.06,-0.016,0.009,-0.127,-0.128,-0.198
4,A1_3,-0.026,0.395,-0.235,1.0,0.231,-0.031,0.149,0.156,0.314,0.028,-0.002,-0.142,0.292,0.001,-0.254,0.044
4,B1_1,-0.013,0.102,0.086,0.231,1.0,-0.081,0.044,-0.002,0.101,0.16,-0.016,0.01,0.251,-0.284,0.018,-0.158
4,B1_2,0.062,0.088,0.045,-0.031,-0.081,1.0,0.048,0.079,0.197,-0.113,-0.084,0.168,-0.0,0.059,0.092,-0.256
4,B1_3,0.181,0.274,-0.165,0.149,0.044,0.048,1.0,0.08,0.228,0.161,0.266,0.121,0.179,-0.206,0.12,0.03
4,A2_1,0.092,0.257,-0.118,0.156,-0.002,0.079,0.08,1.0,0.112,0.149,-0.034,-0.213,0.276,-0.064,0.101,-0.045
4,A2_2,-0.02,0.056,0.068,0.314,0.101,0.197,0.228,0.112,1.0,-0.086,-0.01,-0.205,0.094,-0.227,-0.123,-0.374
4,A2_3,-0.137,0.224,-0.147,0.028,0.16,-0.113,0.161,0.149,-0.086,1.0,0.14,-0.087,0.135,-0.177,0.207,-0.018
4,B2_1,0.091,-0.069,0.06,-0.002,-0.016,-0.084,0.266,-0.034,-0.01,0.14,1.0,0.026,-0.04,-0.198,0.136,0.014
4,B2_2,0.06,-0.031,-0.016,-0.142,0.01,0.168,0.121,-0.213,-0.205,-0.087,0.026,1.0,-0.096,0.101,0.14,-0.034
4,B2_3,0.062,0.116,0.009,0.292,0.251,-0.0,0.179,0.276,0.094,0.135,-0.04,-0.096,1.0,-0.054,0.026,-0.042
4,y1,0.036,-0.045,-0.127,0.001,-0.284,0.059,-0.206,-0.064,-0.227,-0.177,-0.198,0.101,-0.054,1.0,-0.083,0.008
4,y2,-0.105,-0.131,-0.128,-0.254,0.018,0.092,0.12,0.101,-0.123,0.207,0.136,0.14,0.026,-0.083,1.0,0.037
4,y3,0.188,0.15,-0.198,0.044,-0.158,-0.256,0.03,-0.045,-0.374,-0.018,0.014,-0.034,-0.042,0.008,0.037,1.0
5,.,1.0,0.141,0.158,-0.037,-0.012,0.038,0.171,0.086,-0.026,-0.131,0.075,0.05,0.036,0.023,-0.1,0.196
5,A1_1,0.141,1.0,-0.324,0.394,0.108,0.103,0.278,0.26,0.061,0.224,-0.061,-0.025,0.123,-0.05,-0.136,0.135
5,A1_2,0.158,-0.324,1.0,-0.239,0.091,0.061,-0.155,-0.114,0.072,-0.148,0.066,-0.01,0.017,-0.131,-0.133,-0.21
5,A1_3,-0.037,0.394,-0.239,1.0,0.232,-0.017,0.151,0.158,0.316,0.027,0.002,-0.138,0.293,-0.001,-0.255,0.033
5,B1_1,-0.012,0.108,0.091,0.232,1.0,-0.058,0.07,-0.006,0.102,0.161,0.006,0.034,0.27,-0.295,0.016,-0.172
5,B1_2,0.038,0.103,0.061,-0.017,-0.058,1.0,0.075,0.085,0.207,-0.098,-0.059,0.189,0.028,0.036,0.084,-0.272
5,B1_3,0.171,0.278,-0.155,0.151,0.07,0.075,1.0,0.076,0.227,0.163,0.287,0.148,0.206,-0.224,0.109,0.005
5,A2_1,0.086,0.26,-0.114,0.158,-0.006,0.085,0.076,1.0,0.121,0.152,-0.036,-0.213,0.268,-0.071,0.095,-0.06
5,A2_2,-0.026,0.061,0.072,0.316,0.102,0.207,0.227,0.121,1.0,-0.08,-0.006,-0.199,0.097,-0.234,-0.134,-0.387
5,A2_3,-0.131,0.224,-0.148,0.027,0.161,-0.098,0.163,0.152,-0.08,1.0,0.142,-0.084,0.137,-0.184,0.202,-0.035
5,B2_1,0.075,-0.061,0.066,0.002,0.006,-0.059,0.287,-0.036,-0.006,0.142,1.0,0.051,-0.012,-0.209,0.137,-0.002
5,B2_2,0.05,-0.025,-0.01,-0.138,0.034,0.189,0.148,-0.213,-0.199,-0.084,0.051,1.0,-0.063,0.082,0.137,-0.05
5,B2_3,0.036,0.123,0.017,0.293,0.27,0.028,0.206,0.268,0.097,0.137,-0.012,-0.063,1.0,-0.069,0.027,-0.056
5,y1,0.023,-0.05,-0.131,-0.001,-0.295,0.036,-0.224,-0.071,-0.234,-0.184,-0.209,0.082,-0.069,1.0,-0.075,0.03
5,y2,-0.1,-0.136,-0.133,-0.255,0.016,0.084,0.109,0.095,-0.134,0.202,0.137,0.137,0.027,-0.075,1.0,0.041
5,y3,0.196,0.135,-0.21,0.033,-0.172,-0.272,0.005,-0.06,-0.387,-0.035,-0.002,-0.05,-0.056,0.03,0.041,1.0
6,.,1.0,0.119,0.141,-0.05,-0.017,0.008,0.153,0.078,-0.034,-0.126,0.053,0.034,0.006,0.012,-0.094,0.203
6,A1_1,0.119,1.0,-0.322,0.394,0.113,0.117,0.279,0.264,0.067,0.226,-0.053,-0.019,0.129,-0.056,-0.143,0.119
6,A1_2,0.141,-0.322,1.0,-0.24,0.095,0.077,-0.145,-0.109,0.077,-0.147,0.072,-0.005,0.025,-0.136,-0.14,-0.222
6,A1_3,-0.05,0.394,-0.24,1.0,0.232,-0.003,0.152,0.161,0.32,0.027,0.007,-0.133,0.293,-0.004,-0.258,0.021
6,B1_1,-0.017,0.113,0.095,0.232,1.0,-0.028,0.1,-0.01,0.103,0.161,0.033,0.063,0.294,-0.308,0.009,-0.189
6,B1_2,0.008,0.117,0.077,-0.003,-0.028,1.0,0.106,0.09,0.215,-0.084,-0.028,0.215,0.061,0.01,0.071,-0.29
6,B1_3,0.153,0.279,-0.145,0.152,0.1,0.106,1.0,0.071,0.225,0.163,0.311,0.178,0.236,-0.243,0.092,-0.022
6,A2_1,0.078,0.264,-0.109,0.161,-0.01,0.09,0.071,1.0,0.13,0.158,-0.038,-0.212,0.26,-0.077,0.088,-0.075
6,A2_2,-0.034,0.067,0.077,0.32,0.103,0.215,0.225,0.13,1.0,-0.072,-0.002,-0.192,0.099,-0.24,-0.147,-0.4
6,A2_3,-0.126,0.226,-0.147,0.027,0.161,-0.084,0.163,0.158,-0.072,1.0,0.143,-0.081,0.139,-0.191,0.193,-0.052
6,B2_1,0.053,-0.053,0.072,0.007,0.033,-0.028,0.311,-0.038,-0.002,0.143,1.0,0.08,0.022,-0.221,0.133,-0.021
6,B2_2,0.034,-0.019,-0.005,-0.133,0.063,0.215,0.178,-0.212,-0.192,-0.081,0.08,1.0,-0.025,0.06,0.129,-0.069
6,B2_3,0.006,0.129,0.025,0.293,0.294,0.061,0.236,0.26,0.099,0.139,0.022,-0.025,1.0,-0.085,0.023,-0.074
6,y1,0.012,-0.056,-0.136,-0.004,-0.308,0.01,-0.243,-0.077,-0.24,-0.191,-0.221,0.06,-0.085,1.0,-0.062,0.055
6,y2,-0.094,-0.143,-0.14,-0.258,0.009,0.071,0.092,0.088,-0.147,0.193,0.133,0.129,0.023,-0.062,1.0,0.049
6,y3,0.203,0.119,-0.222,0.021,-0.189,-0.29,-0.022,-0.075,-0.4,-0.052,-0.021,-0.069,-0.074,0.055,0.049,1.0
7,.,1.0,0.096,0.122,-0.064,-0.028,-0.025,0.128,0.068,-0.043,-0.123,0.026,0.013,-0.028,0.004,-0.087,0.209
7,A1_1,0.096,1.0,-0.319,0.395,0.117,0.13,0.28,0.269,0.075,0.228,-0.045,-0.013,0.134,-0.063,-0.152,0.101
7,A1_2,0.122,-0.319,1.0,-0.24,0.099,0.091,-0.135,-0.102,0.084,-0.144,0.077,-0.0,0.032,-0.141,-0.148,-0.235
7,A1_3,-0.064,0.395,-0.24,1.0,0.231,0.011,0.153,0.166,0.325,0.029,0.011,-0.129,0.293,-0.008,-0.262,0.008
7,B1_1,-0.028,0.117,0.099,0.231,1.0,0.007,0.134,-0.013,0.103,0.16,0.065,0.095,0.32,-0.321,-0.003,-0.207
7,B1_2,-0.025,0.13,0.091,0.011,0.007,1.0,0.141,0.094,0.222,-0.071,0.008,0.244,0.098,-0.017,0.052,-0.31
7,B1_3,0.128,0.28,-0.135,0.153,0.134,0.141,1.0,0.067,0.222,0.162,0.338,0.211,0.269,-0.263,0.07,-0.051
7,A2_1,0.068,0.269,-0.102,0.166,-0.013,0.094,0.067,1.0,0.141,0.164,-0.04,-0.211,0.252,-0.085,0.078,-0.091
7,A2_2,-0.043,0.075,0.084,0.325,0.103,0.222,0.222,0.141,1.0,-0.063,0.001,-0.186,0.101,-0.247,-0.161,-0.412
7,A2_3,-0.123,0.228,-0.144,0.029,0.16,-0.071,0.162,0.164,-0.063,1.0,0.143,-0.078,0.139,-0.198,0.183,-0.07
7,B2_1,0.026,-0.045,0.077,0.011,0.065,0.008,0.338,-0.04,0.001,0.143,1.0,0.113,0.06,-0.235,0.123,-0.042
7,B2_2,0.013,-0.013,-0.0,-0.129,0.095,0.244,0.211,-0.211,-0.186,-0.078,0.113,1.0,0.016,0.035,0.115,-0.091
7,B2_3,-0.028,0.134,0.032,0.293,0.32,0.098,0.269,0.252,0.101,0.139,0.06,0.016,1.0,-0.103,0.013,-0.094
7,y1,0.004,-0.063,-0.141,-0.008,-0.321,-0.017,-0.263,-0.085,-0.247,-0.198,-0.235,0.035,-0.103,1.0,-0.044,0.083
7,y2,-0.087,-0.152,-0.148,-0.262,-0.003,0.052,0.07,0.078,-0.161,0.183,0.123,0.115,0.013,-0.044,1.0,0.063
7,y3,0.209,0.101,-0.235,0.008,-0.207,-0.31,-0.051,-0.091,-0.412,-0.07,-0.042,-0.091,-0.094,0.083,0.063,1.0
8,.,1.0,0.073,0.102,-0.078,-0.045,-0.062,0.098,0.056,-0.054,-0.12,-0.005,-0.013,-0.064,-0.001,-0.078,0.215
8,A1_1,0.073,1.0,-0.315,0.397,0.12,0.142,0.279,0.275,0.083,0.232,-0.037,-0.008,0.137,-0.071,-0.161,0.083
8,A1_2,0.102,-0.315,1.0,-0.238,0.102,0.103,-0.126,-0.093,0.093,-0.139,0.082,0.004,0.038,-0.147,-0.158,-0.248
8,A1_3,-0.078,0.397,-0.238,1.0,0.23,0.024,0.154,0.173,0.331,0.032,0.015,-0.124,0.29,-0.013,-0.267,-0.005
8,B1_1,-0.045,0.12,0.102,0.23,1.0,0.045,0.17,-0.017,0.102,0.157,0.1,0.131,0.349,-0.335,-0.02,-0.227
8,B1_2,-0.062,0.142,0.103,0.024,0.045,1.0,0.178,0.097,0.227,-0.059,0.048,0.275,0.138,-0.047,0.028,-0.33
8,B1_3,0.098,0.279,-0.126,0.154,0.17,0.178,1.0,0.063,0.218,0.16,0.366,0.245,0.304,-0.283,0.042,-0.083
8,A2_1,0.056,0.275,-0.093,0.173,-0.017,0.097,0.063,1.0,0.153,0.172,-0.041,-0.209,0.242,-0.092,0.066,-0.107
8,A2_2,-0.054,0.083,0.093,0.331,0.102,0.227,0.218,0.153,1.0,-0.052,0.004,-0.179,0.101,-0.255,-0.177,-0.424
8,A2_3,-0.12,0.232,-0.139,0.032,0.157,-0.059,0.16,0.172,-0.052,1.0,0.142,-0.075,0.139,-0.205,0.169,-0.087
8,B2_1,-0.005,-0.037,0.082,0.015,0.1,0.048,0.366,-0.041,0.004,0.142,1.0,0.148,0.101,-0.25,0.106,-0.066
8,B2_2,-0.013,-0.008,0.004,-0.124,0.131,0.275,0.245,-0.209,-0.179,-0.075,0.148,1.0,0.06,0.009,0.096,-0.114
8,B2_3,-0.064,0.137,0.038,0.29,0.349,0.138,0.304,0.242,0.101,0.139,0.101,0.06,1.0,-0.124,-0.003,-0.116
8,y1,-0.001,-0.071,-0.147,-0.013,-0.335,-0.047,-0.283,-0.092,-0.255,-0.205,-0.25,0.009,-0.124,1.0,-0.021,0.114
8,y2,-0.078,-0.161,-0.158,-0.267,-0.02,0.028,0.042,0.066,-0.177,0.169,0.106,0.096,-0.003,-0.021,1.0,0.082
8,y3,0.215,0.083,-0.248,-0.005,-0.227,-0.33,-0.083,-0.107,-0.424,-0.087,-0.066,-0.114,-0.116,0.114,0.082,1.0
9,.,1.0,0.05,0.081,-0.093,-0.067,-0.101,0.063,0.044,-0.065,-0.119,-0.039,-0.042,-0.103,-0.002,-0.066,0.222
9,A1_1,0.05,1.0,-0.308,0.399,0.122,0.152,0.277,0.282,0.093,0.237,-0.03,-0.004,0.14,-0.079,-0.172,0.064
9,A1_2,0.081,-0.308,1.0,-0.233,0.103,0.114,-0.118,-0.083,0.102,-0.133,0.085,0.007,0.042,-0.153,-0.168,-0.26
9,A1_3,-0.093,0.399,-0.233,1.0,0.227,0.036,0.153,0.181,0.338,0.037,0.018,-0.119,0.287,-0.019,-0.273,-0.02
9,B1_1,-0.067,0.122,0.103,0.227,1.0,0.087,0.208,-0.021,0.101,0.154,0.138,0.169,0.38,-0.35,-0.042,-0.249
9,B1_2,-0.101,0.152,0.114,0.036,0.087,1.0,0.217,0.099,0.231,-0.047,0.09,0.308,0.18,-0.078,-0.002,-0.352
9,B1_3,0.063,0.277,-0.118,0.153,0.208,0.217,1.0,0.058,0.213,0.157,0.396,0.281,0.339,-0.305,0.01,-0.115
9,A2_1,0.044,0.282,-0.083,0.181,-0.021,0.099,0.058,1.0,0.166,0.18,-0.043,-0.207,0.232,-0.1,0.053,-0.122
9,A2_2,-0.065,0.093,0.102,0.338,0.101,0.231,0.213,0.166,1.0,-0.041,0.007,-0.173,0.101,-0.261,-0.193,-0.434
9,A2_3,-0.119,0.237,-0.133,0.037,0.154,-0.047,0.157,0.18,-0.041,1.0,0.14,-0.073,0.137,-0.212,0.154,-0.105
9,B2_1,-0.039,-0.03,0.085,0.018,0.138,0.09,0.396,-0.043,0.007,0.14,1.0,0.186,0.144,-0.266,0.084,-0.092
9,B2_2,-0.042,-0.004,0.007,-0.119,0.169,0.308,0.281,-0.207,-0.173,-0.073,0.186,1.0,0.106,-0.019,0.071,-0.14
9,B2_3,-0.103,0.14,0.042,0.287,0.38,0.18,0.339,0.232,0.101,0.137,0.144,0.106,1.0,-0.146,-0.025,-0.141
9,y1,-0.002,-0.079,-0.153,-0.019,-0.35,-0.078,-0.305,-0.1,-0.261,-0.212,-0.266,-0.019,-0.146,1.0,0.008,0.147
9,y2,-0.066,-0.172,-0.168,-0.273,-0.042,-0.002,0.01,0.053,-0.193,0.154,0.084,0.071,-0.025,0.008,1.0,0.107
9,y3,0.222,0.064,-0.26,-0.02,-0.249,-0.352,-0.115,-0.122,-0.434,-0.105,-0.092,-0.14,-0.141,0.147,0.107,1.0
10,.,1.0,0.027,0.06,-0.107,-0.092,-0.141,0.025,0.032,-0.075,-0.119,-0.076,-0.074,-0.142,0.001,-0.05,0.229
10,A1_1,0.027,1.0,-0.3,0.403,0.123,0.16,0.274,0.29,0.103,0.242,-0.024,-0.0,0.141,-0.087,-0.183,0.045
10,A1_2,0.06,-0.3,1.0,-0.227,0.104,0.123,-0.111,-0.071,0.112,-0.125,0.087,0.009,0.046,-0.16,-0.18,-0.272
10,A1_3,-0.107,0.403,-0.227,1.0,0.223,0.046,0.151,0.189,0.346,0.043,0.02,-0.115,0.282,-0.026,-0.279,-0.034
10,B1_1,-0.092,0.123,0.104,0.223,1.0,0.131,0.247,-0.024,0.098,0.15,0.178,0.208,0.411,-0.367,-0.069,-0.272
10,B1_2,-0.141,0.16,0.123,0.046,0.131,1.0,0.257,0.101,0.232,-0.037,0.135,0.342,0.224,-0.11,-0.038,-0.375
10,B1_3,0.025,0.274,-0.111,0.151,0.247,0.257,1.0,0.052,0.207,0.153,0.427,0.317,0.375,-0.327,-0.028,-0.149
10,A2_1,0.032,0.29,-0.071,0.189,-0.024,0.101,0.052,1.0,0.18,0.19,-0.045,-0.205,0.221,-0.108,0.038,-0.137
10,A2_2,-0.075,0.103,0.112,0.346,0.098,0.232,0.207,0.18,1.0,-0.028,0.008,-0.167,0.1,-0.268,-0.209,-0.443
10,A2_3,-0.119,0.242,-0.125,0.043,0.15,-0.037,0.153,0.19,-0.028,1.0,0.137,-0.072,0.134,-0.218,0.137,-0.122
10,B2_1,-0.076,-0.024,0.087,0.02,0.178,0.135,0.427,-0.045,0.008,0.137,1.0,0.225,0.189,-0.284,0.056,-0.12
10,B2_2,-0.074,-0.0,0.009,-0.115,0.208,0.342,0.317,-0.205,-0.167,-0.072,0.225,1.0,0.152,-0.048,0.04,-0.167
10,B2_3,-0.142,0.141,0.046,0.282,0.411,0.224,0.375,0.221,0.1,0.134,0.189,0.152,1.0,-0.17,-0.052,-0.168
10,y1,0.001,-0.087,-0.16,-0.026,-0.367,-0.11,-0.327,-0.108,-0.268,-0.218,-0.284,-0.048,-0.17,1.0,0.042,0.182
10,y2,-0.05,-0.183,-0.18,-0.279,-0.069,-0.038,-0.028,0.038,-0.209,0.137,0.056,0.04,-0.052,0.042,1.0,0.137
10,y3,0.229,0.045,-0.272,-0.034,-0.272,-0.375,-0.149,-0.137,-0.443,-0.122,-0.12,-0.167,-0.168,0.182,0.137,1.0
11,.,1.0,0.006,0.04,-0.121,-0.12,-0.181,-0.014,0.02,-0.085,-0.119,-0.113,-0.107,-0.182,0.007,-0.03,0.238
11,A1_1,0.006,1.0,-0.29,0.407,0.123,0.167,0.269,0.299,0.115,0.249,-0.019,0.003,0.142,-0.096,-0.195,0.026
11,A1_2,0.04,-0.29,1.0,-0.218,0.103,0.131,-0.104,-0.058,0.124,-0.116,0.088,0.011,0.049,-0.166,-0.191,-0.283
11,A1_3,-0.121,0.407,-0.218,1.0,0.218,0.055,0.148,0.199,0.354,0.051,0.022,-0.111,0.275,-0.033,-0.285,-0.049
11,B1_1,-0.12,0.123,0.103,0.218,1.0,0.175,0.287,-0.028,0.095,0.144,0.22,0.248,0.443,-0.384,-0.101,-0.297
11,B1_2,-0.181,0.167,0.131,0.055,0.175,1.0,0.297,0.101,0.233,-0.028,0.18,0.376,0.267,-0.143,-0.077,-0.398
11,B1_3,-0.014,0.269,-0.104,0.148,0.287,0.297,1.0,0.047,0.2,0.148,0.457,0.353,0.41,-0.35,-0.069,-0.184
11,A2_1,0.02,0.299,-0.058,0.199,-0.028,0.101,0.047,1.0,0.194,0.201,-0.047,-0.203,0.209,-0.116,0.023,-0.151
11,A2_2,-0.085,0.115,0.124,0.354,0.095,0.233,0.2,0.194,1.0,-0.014,0.009,-0.161,0.098,-0.274,-0.225,-0.451
11,A2_3,-0.119,0.249,-0.116,0.051,0.144,-0.028,0.148,0.201,-0.014,1.0,0.133,-0.071,0.13,-0.225,0.118,-0.138
11,B2_1,-0.113,-0.019,0.088,0.022,0.22,0.18,0.457,-0.047,0.009,0.133,1.0,0.265,0.233,-0.303,0.022,-0.15
11,B2_2,-0.107,0.003,0.011,-0.111,0.248,0.376,0.353,-0.203,-0.161,-0.071,0.265,1.0,0.199,-0.079,0.005,-0.195
11,B2_3,-0.182,0.142,0.049,0.275,0.443,0.267,0.41,0.209,0.098,0.13,0.233,0.199,1.0,-0.195,-0.083,-0.196
11,y1,0.007,-0.096,-0.166,-0.033,-0.384,-0.143,-0.35,-0.116,-0.274,-0.225,-0.303,-0.079,-0.195,1.0,0.081,0.219
11,y2,-0.03,-0.195,-0.191,-0.285,-0.101,-0.077,-0.069,0.023,-0.225,0.118,0.022,0.005,-0.083,0.081,1.0,0.172
11,y3,0.238,0.026,-0.283,-0.049,-0.297,-0.398,-0.184,-0.151,-0.451,-0.138,-0.15,-0.195,-0.196,0.219,0.172,1.0
12,.,1.0,-0.014,0.021,-0.133,-0.15,-0.22,-0.055,0.008,-0.095,-0.119,-0.151,-0.141,-0.22,0.017,-0.007,0.248
12,A1_1,-0.014,1.0,-0.278,0.412,0.122,0.172,0.263,0.308,0.127,0.256,-0.015,0.005,0.141,-0.104,-0.206,0.007
12,A1_2,0.021,-0.278,1.0,-0.208,0.102,0.137,-0.099,-0.043,0.137,-0.105,0.087,0.011,0.05,-0.173,-0.203,-0.293
12,A1_3,-0.133,0.412,-0.208,1.0,0.211,0.063,0.144,0.21,0.364,0.06,0.023,-0.108,0.268,-0.04,-0.29,-0.063
12,B1_1,-0.15,0.122,0.102,0.211,1.0,0.22,0.326,-0.033,0.091,0.138,0.261,0.288,0.475,-0.402,-0.136,-0.322
12,B1_2,-0.22,0.172,0.137,0.063,0.22,1.0,0.337,0.1,0.232,-0.021,0.225,0.41,0.31,-0.177,-0.12,-0.422
12,B1_3,-0.055,0.263,-0.099,0.144,0.326,0.337,1.0,0.04,0.193,0.142,0.488,0.389,0.445,-0.373,-0.113,-0.219
12,A2_1,0.008,0.308,-0.043,0.21,-0.033,0.1,0.04,1.0,0.209,0.212,-0.05,-0.201,0.197,-0.123,0.006,-0.164
12,A2_2,-0.095,0.127,0.137,0.364,0.091,0.232,0.193,0.209,1.0,0.001,0.009,-0.157,0.095,-0.28,-0.241,-0.458
12,A2_3,-0.119,0.256,-0.105,0.06,0.138,-0.021,0.142,0.212,0.001,1.0,0.128,-0.071,0.125,-0.23,0.098,-0.154
12,B2_1,-0.151,-0.015,0.087,0.023,0.261,0.225,0.488,-0.05,0.009,0.128,1.0,0.304,0.277,-0.323,-0.016,-0.181
12,B2_2,-0.141,0.005,0.011,-0.108,0.288,0.41,0.389,-0.201,-0.157,-0.071,0.304,1.0,0.244,-0.111,-0.035,-0.224
12,B2_3,-0.22,0.141,0.05,0.268,0.475,0.31,0.445,0.197,0.095,0.125,0.277,0.244,1.0,-0.221,-0.119,-0.225
12,y1,0.017,-0.104,-0.173,-0.04,-0.402,-0.177,-0.373,-0.123,-0.28,-0.23,-0.323,-0.111,-0.221,1.0,0.123,0.257
12,y2,-0.007,-0.206,-0.203,-0.29,-0.136,-0.12,-0.113,0.006,-0.241,0.098,-0.016,-0.035,-0.119,0.123,1.0,0.211
12,y3,0.248,0.007,-0.293,-0.063,-0.322,-0.422,-0.219,-0.164,-0.458,-0.154,-0.181,-0.224,-0.225,0.257,0.211,1.0
13,.,1.0,-0.032,0.003,-0.144,-0.181,-0.258,-0.095,-0.003,-0.104,-0.12,-0.188,-0.176,-0.258,0.029,0.018,0.259
13,A1_1,-0.032,1.0,-0.265,0.418,0.12,0.176,0.257,0.318,0.14,0.264,-0.012,0.006,0.139,-0.113,-0.217,-0.011
13,A1_2,0.003,-0.265,1.0,-0.196,0.099,0.141,-0.094,-0.028,0.15,-0.093,0.086,0.011,0.051,-0.179,-0.214,-0.302
13,A1_3,-0.144,0.418,-0.196,1.0,0.204,0.069,0.14,0.223,0.374,0.07,0.023,-0.105,0.26,-0.047,-0.295,-0.077
13,B1_1,-0.181,0.12,0.099,0.204,1.0,0.264,0.365,-0.037,0.087,0.131,0.303,0.328,0.505,-0.42,-0.174,-0.347
13,B1_2,-0.258,0.176,0.141,0.069,0.264,1.0,0.376,0.099,0.229,-0.014,0.269,0.444,0.351,-0.211,-0.166,-0.446
13,B1_3,-0.095,0.257,-0.094,0.14,0.365,0.376,1.0,0.034,0.185,0.135,0.517,0.424,0.479,-0.396,-0.159,-0.254
13,A2_1,-0.003,0.318,-0.028,0.223,-0.037,0.099,0.034,1.0,0.225,0.224,-0.053,-0.2,0.185,-0.13,-0.01,-0.177
13,A2_2,-0.104,0.14,0.15,0.374,0.087,0.229,0.185,0.225,1.0,0.017,0.009,-0.152,0.091,-0.285,-0.255,-0.463
13,A2_3,-0.12,0.264,-0.093,0.07,0.131,-0.014,0.135,0.224,0.017,1.0,0.123,-0.071,0.12,-0.236,0.077,-0.168
13,B2_1,-0.188,-0.012,0.086,0.023,0.303,0.269,0.517,-0.053,0.009,0.123,1.0,0.343,0.32,-0.344,-0.058,-0.212
13,B2_2,-0.176,0.006,0.011,-0.105,0.328,0.444,0.424,-0.2,-0.152,-0.071,0.343,1.0,0.289,-0.144,-0.077,-0.253
13,B2_3,-0.258,0.139,0.051,0.26,0.505,0.351,0.479,0.185,0.091,0.12,0.32,0.289,1.0,-0.248,-0.157,-0.254
13,y1,0.029,-0.113,-0.179,-0.047,-0.42,-0.211,-0.396,-0.13,-0.285,-0.236,-0.344,-0.144,-0.248,1.0,0.169,0.295
13,y2,0.018,-0.217,-0.214,-0.295,-0.174,-0.166,-0.159,-0.01,-0.255,0.077,-0.058,-0.077,-0.157,0.169,1.0,0.253
13,y3,0.259,-0.011,-0.302,-0.077,-0.347,-0.446,-0.254,-0.177,-0.463,-0.168,-0.212,-0.253,-0.254,0.295,0.253,1.0
14,.,1.0,-0.049,-0.013,-0.155,-0.212,-0.295,-0.134,-0.013,-0.112,-0.121,-0.225,-0.209,-0.294,0.044,0.046,0.271
14,A1_1,-0.049,1.0,-0.251,0.424,0.117,0.178,0.249,0.328,0.154,0.273,-0.009,0.006,0.136,-0.121,-0.227,-0.029
14,A1_2,-0.013,-0.251,1.0,-0.182,0.096,0.144,-0.09,-0.011,0.164,-0.079,0.084,0.01,0.05,-0.185,-0.224,-0.311
14,A1_3,-0.155,0.424,-0.182,1.0,0.196,0.074,0.134,0.235,0.385,0.081,0.022,-0.103,0.25,-0.055,-0.298,-0.091
14,B1_1,-0.212,0.117,0.096,0.196,1.0,0.308,0.402,-0.042,0.081,0.124,0.343,0.366,0.535,-0.439,-0.214,-0.372
14,B1_2,-0.295,0.178,0.144,0.074,0.308,1.0,0.413,0.096,0.225,-0.009,0.313,0.476,0.392,-0.245,-0.212,-0.469
14,B1_3,-0.134,0.249,-0.09,0.134,0.402,0.413,1.0,0.027,0.176,0.128,0.546,0.457,0.511,-0.419,-0.205,-0.288
14,A2_1,-0.013,0.328,-0.011,0.235,-0.042,0.096,0.027,1.0,0.241,0.237,-0.056,-0.199,0.172,-0.137,-0.026,-0.188
14,A2_2,-0.112,0.154,0.164,0.385,0.081,0.225,0.176,0.241,1.0,0.034,0.007,-0.149,0.087,-0.289,-0.268,-0.467
14,A2_3,-0.121,0.273,-0.079,0.081,0.124,-0.009,0.128,0.237,0.034,1.0,0.116,-0.072,0.114,-0.241,0.057,-0.182
14,B2_1,-0.225,-0.009,0.084,0.022,0.343,0.313,0.546,-0.056,0.007,0.116,1.0,0.381,0.362,-0.365,-0.102,-0.244
14,B2_2,-0.209,0.006,0.01,-0.103,0.366,0.476,0.457,-0.199,-0.149,-0.072,0.381,1.0,0.332,-0.176,-0.121,-0.283
14,B2_3,-0.294,0.136,0.05,0.25,0.535,0.392,0.511,0.172,0.087,0.114,0.362,0.332,1.0,-0.275,-0.197,-0.284
14,y1,0.044,-0.121,-0.185,-0.055,-0.439,-0.245,-0.419,-0.137,-0.289,-0.241,-0.365,-0.176,-0.275,1.0,0.217,0.333
14,y2,0.046,-0.227,-0.224,-0.298,-0.214,-0.212,-0.205,-0.026,-0.268,0.057,-0.102,-0.121,-0.197,0.217,1.0,0.298
14,y3,0.271,-0.029,-0.311,-0.091,-0.372,-0.469,-0.288,-0.188,-0.467,-0.182,-0.244,-0.283,-0.284,0.333,0.298,1.0
15,.,1.0,-0.064,-0.028,-0.164,-0.242,-0.33,-0.171,-0.022,-0.119,-0.121,-0.26,-0.242,-0.327,0.06,0.075,0.284
15,A1_1,-0.064,1.0,-0.235,0.431,0.113,0.179,0.241,0.339,0.168,0.283,-0.007,0.006,0.132,-0.129,-0.236,-0.047
15,A1_2,-0.028,-0.235,1.0,-0.167,0.092,0.145,-0.087,0.007,0.179,-0.065,0.081,0.008,0.049,-0.19,-0.233,-0.318
15,A1_3,-0.164,0.431,-0.167,1.0,0.187,0.078,0.128,0.249,0.396,0.094,0.021,-0.102,0.24,-0.062,-0.301,-0.104
15,B1_1,-0.242,0.113,0.092,0.187,1.0,0.349,0.438,-0.047,0.076,0.115,0.382,0.404,0.564,-0.457,-0.254,-0.398
15,B1_2,-0.33,0.179,0.145,0.078,0.349,1.0,0.449,0.093,0.22,-0.005,0.355,0.507,0.43,-0.278,-0.258,-0.493
15,B1_3,-0.171,0.241,-0.087,0.128,0.438,0.449,1.0,0.02,0.167,0.12,0.574,0.49,0.541,-0.442,-0.252,-0.321
15,A2_1,-0.022,0.339,0.007,0.249,-0.047,0.093,0.02,1.0,0.257,0.251,-0.06,-0.198,0.16,-0.143,-0.042,-0.198
15,A2_2,-0.119,0.168,0.179,0.396,0.076,0.22,0.167,0.257,1.0,0.052,0.005,-0.146,0.082,-0.293,-0.279,-0.469
15,A2_3,-0.121,0.283,-0.065,0.094,0.115,-0.005,0.12,0.251,0.052,1.0,0.109,-0.073,0.107,-0.245,0.036,-0.194
15,B2_1,-0.26,-0.007,0.081,0.021,0.382,0.355,0.574,-0.06,0.005,0.109,1.0,0.418,0.402,-0.386,-0.146,-0.275
15,B2_2,-0.242,0.006,0.008,-0.102,0.404,0.507,0.49,-0.198,-0.146,-0.073,0.418,1.0,0.373,-0.208,-0.165,-0.312
15,B2_3,-0.327,0.132,0.049,0.24,0.564,0.43,0.541,0.16,0.082,0.107,0.402,0.373,1.0,-0.302,-0.237,-0.313
15,y1,0.06,-0.129,-0.19,-0.062,-0.457,-0.278,-0.442,-0.143,-0.293,-0.245,-0.386,-0.208,-0.302,1.0,0.265,0.371
15,y2,0.075,-0.236,-0.233,-0.301,-0.254,-0.258,-0.252,-0.042,-0.279,0.036,-0.146,-0.165,-0.237,0.265,1.0,0.343
15,y3,0.284,-0.047,-0.318,-0.104,-0.398,-0.493,-0.321,-0.198,-0.469,-0.194,-0.275,-0.312,-0.313,0.371,0.343,1.0
16,.,1.0,-0.078,-0.042,-0.172,-0.272,-0.363,-0.208,-0.031,-0.126,-0.122,-0.293,-0.273,-0.359,0.078,0.104,0.297
16,A1_1,-0.078,1.0,-0.218,0.439,0.109,0.179,0.232,0.351,0.183,0.293,-0.007,0.005,0.128,-0.136,-0.244,-0.063
16,A1_2,-0.042,-0.218,1.0,-0.15,0.087,0.146,-0.085,0.025,0.194,-0.049,0.077,0.006,0.047,-0.195,-0.241,-0.324
16,A1_3,-0.172,0.439,-0.15,1.0,0.178,0.08,0.121,0.264,0.408,0.108,0.019,-0.101,0.23,-0.07,-0.303,-0.116
16,B1_1,-0.272,0.109,0.087,0.178,1.0,0.389,0.472,-0.052,0.069,0.107,0.42,0.439,0.592,-0.476,-0.294,-0.422
16,B1_2,-0.363,0.179,0.146,0.08,0.389,1.0,0.483,0.089,0.215,-0.002,0.395,0.537,0.466,-0.311,-0.304,-0.515
16,B1_3,-0.208,0.232,-0.085,0.121,0.472,0.483,1.0,0.013,0.157,0.112,0.6,0.52,0.57,-0.464,-0.297,-0.354
16,A2_1,-0.031,0.351,0.025,0.264,-0.052,0.089,0.013,1.0,0.274,0.265,-0.064,-0.197,0.147,-0.148,-0.057,-0.207
16,A2_2,-0.126,0.183,0.194,0.408,0.069,0.215,0.157,0.274,1.0,0.07,0.003,-0.144,0.076,-0.296,-0.288,-0.47
16,A2_3,-0.122,0.293,-0.049,0.108,0.107,-0.002,0.112,0.265,0.07,1.0,0.101,-0.075,0.1,-0.248,0.016,-0.205
16,B2_1,-0.293,-0.007,0.077,0.019,0.42,0.395,0.6,-0.064,0.003,0.101,1.0,0.453,0.44,-0.408,-0.191,-0.306
16,B2_2,-0.273,0.005,0.006,-0.101,0.439,0.537,0.52,-0.197,-0.144,-0.075,0.453,1.0,0.412,-0.24,-0.21,-0.341
16,B2_3,-0.359,0.128,0.047,0.23,0.592,0.466,0.57,0.147,0.076,0.1,0.44,0.412,1.0,-0.328,-0.277,-0.342
16,y1,0.078,-0.136,-0.195,-0.07,-0.476,-0.311,-0.464,-0.148,-0.296,-0.248,-0.408,-0.24,-0.328,1.0,0.313,0.408
16,y2,0.104,-0.244,-0.241,-0.303,-0.294,-0.304,-0.297,-0.057,-0.288,0.016,-0.191,-0.21,-0.277,0.313,1.0,0.388
16,y3,0.297,-0.063,-0.324,-0.116,-0.422,-0.515,-0.354,-0.207,-0.47,-0.205,-0.306,-0.341,-0.342,0.408,0.388,1.0
17,.,1.0,-0.09,-0.055,-0.179,-0.301,-0.393,-0.242,-0.039,-0.131,-0.123,-0.325,-0.303,-0.389,0.097,0.134,0.31
17,A1_1,-0.09,1.0,-0.2,0.448,0.104,0.178,0.223,0.363,0.198,0.304,-0.006,0.003,0.123,-0.143,-0.251,-0.078
17,A1_2,-0.055,-0.2,1.0,-0.132,0.081,0.145,-0.083,0.044,0.21,-0.032,0.073,0.003,0.044,-0.2,-0.248,-0.329
17,A1_3,-0.179,0.448,-0.132,1.0,0.168,0.082,0.114,0.279,0.421,0.122,0.016,-0.101,0.218,-0.076,-0.303,-0.127
17,B1_1,-0.301,0.104,0.081,0.168,1.0,0.427,0.505,-0.058,0.063,0.098,0.455,0.473,0.617,-0.494,-0.333,-0.446
17,B1_2,-0.393,0.178,0.145,0.082,0.427,1.0,0.515,0.084,0.208,0.0,0.432,0.566,0.5,-0.342,-0.347,-0.536
17,B1_3,-0.242,0.223,-0.083,0.114,0.505,0.515,1.0,0.006,0.147,0.104,0.625,0.549,0.597,-0.486,-0.341,-0.384
17,A2_1,-0.039,0.363,0.044,0.279,-0.058,0.084,0.006,1.0,0.291,0.28,-0.068,-0.197,0.134,-0.154,-0.07,-0.215
17,A2_2,-0.131,0.198,0.21,0.421,0.063,0.208,0.147,0.291,1.0,0.089,0.0,-0.142,0.07,-0.299,-0.296,-0.47
17,A2_3,-0.123,0.304,-0.032,0.122,0.098,0.0,0.104,0.28,0.089,1.0,0.093,-0.077,0.092,-0.251,-0.003,-0.215
17,B2_1,-0.325,-0.006,0.073,0.016,0.455,0.432,0.625,-0.068,0.0,0.093,1.0,0.487,0.476,-0.429,-0.235,-0.336
17,B2_2,-0.303,0.003,0.003,-0.101,0.473,0.566,0.549,-0.197,-0.142,-0.077,0.487,1.0,0.448,-0.271,-0.253,-0.369
17,B2_3,-0.389,0.123,0.044,0.218,0.617,0.5,0.597,0.134,0.07,0.092,0.476,0.448,1.0,-0.354,-0.317,-0.37
17,y1,0.097,-0.143,-0.2,-0.076,-0.494,-0.342,-0.486,-0.154,-0.299,-0.251,-0.429,-0.271,-0.354,1.0,0.36,0.444
17,y2,0.134,-0.251,-0.248,-0.303,-0.333,-0.347,-0.341,-0.07,-0.296,-0.003,-0.235,-0.253,-0.317,0.36,1.0,0.432
17,y3,0.31,-0.078,-0.329,-0.127,-0.446,-0.536,-0.384,-0.215,-0.47,-0.215,-0.336,-0.369,-0.37,0.444,0.432,1.0
18,.,1.0,-0.101,-0.066,-0.186,-0.329,-0.422,-0.274,-0.046,-0.137,-0.124,-0.355,-0.332,-0.416,0.116,0.163,0.324
18,A1_1,-0.101,1.0,-0.18,0.457,0.099,0.175,0.213,0.375,0.214,0.315,-0.007,0.001,0.118,-0.15,-0.257,-0.092
18,A1_2,-0.066,-0.18,1.0,-0.113,0.075,0.143,-0.082,0.064,0.227,-0.014,0.068,-0.001,0.04,-0.204,-0.254,-0.333
18,A1_3,-0.186,0.457,-0.113,1.0,0.158,0.082,0.106,0.294,0.433,0.138,0.012,-0.101,0.207,-0.083,-0.303,-0.138
18,B1_1,-0.329,0.099,0.075,0.158,1.0,0.463,0.535,-0.063,0.056,0.089,0.489,0.506,0.642,-0.512,-0.371,-0.469
18,B1_2,-0.422,0.175,0.143,0.082,0.463,1.0,0.545,0.079,0.201,0.002,0.468,0.592,0.532,-0.372,-0.389,-0.557
18,B1_3,-0.274,0.213,-0.082,0.106,0.535,0.545,1.0,-0.002,0.137,0.095,0.648,0.577,0.623,-0.506,-0.382,-0.414
18,A2_1,-0.046,0.375,0.064,0.294,-0.063,0.079,-0.002,1.0,0.308,0.295,-0.072,-0.196,0.121,-0.158,-0.083,-0.222
18,A2_2,-0.137,0.214,0.227,0.433,0.056,0.201,0.137,0.308,1.0,0.108,-0.003,-0.14,0.064,-0.3,-0.302,-0.469
18,A2_3,-0.124,0.315,-0.014,0.138,0.089,0.002,0.095,0.295,0.108,1.0,0.085,-0.08,0.084,-0.254,-0.02,-0.224
18,B2_1,-0.355,-0.007,0.068,0.012,0.489,0.468,0.648,-0.072,-0.003,0.085,1.0,0.518,0.509,-0.449,-0.278,-0.365
18,B2_2,-0.332,0.001,-0.001,-0.101,0.506,0.592,0.577,-0.196,-0.14,-0.08,0.518,1.0,0.483,-0.302,-0.295,-0.395
18,B2_3,-0.416,0.118,0.04,0.207,0.642,0.532,0.623,0.121,0.064,0.084,0.509,0.483,1.0,-0.38,-0.354,-0.396
18,y1,0.116,-0.15,-0.204,-0.083,-0.512,-0.372,-0.506,-0.158,-0.3,-0.254,-0.449,-0.302,-0.38,1.0,0.406,0.479
18,y2,0.163,-0.257,-0.254,-0.303,-0.371,-0.389,-0.382,-0.083,-0.302,-0.02,-0.278,-0.295,-0.354,0.406,1.0,0.474
18,y3,0.324,-0.092,-0.333,-0.138,-0.469,-0.557,-0.414,-0.222,-0.469,-0.224,-0.365,-0.395,-0.396,0.479,0.474,1.0
19,.,1.0,-0.111,-0.076,-0.191,-0.355,-0.448,-0.305,-0.053,-0.141,-0.125,-0.383,-0.359,-0.442,0.135,0.191,0.337
19,A1_1,-0.111,1.0,-0.16,0.466,0.093,0.173,0.204,0.388,0.23,0.327,-0.008,-0.001,0.112,-0.156,-0.261,-0.106
19,A1_2,-0.076,-0.16,1.0,-0.093,0.069,0.14,-0.082,0.084,0.244,0.004,0.062,-0.005,0.036,-0.207,-0.258,-0.337
19,A1_3,-0.191,0.466,-0.093,1.0,0.147,0.081,0.099,0.31,0.446,0.154,0.008,-0.102,0.195,-0.089,-0.302,-0.148
19,B1_1,-0.355,0.093,0.069,0.147,1.0,0.497,0.564,-0.068,0.049,0.079,0.521,0.536,0.665,-0.53,-0.406,-0.492
19,B1_2,-0.448,0.173,0.14,0.081,0.497,1.0,0.574,0.074,0.194,0.002,0.502,0.617,0.562,-0.401,-0.427,-0.576
19,B1_3,-0.305,0.204,-0.082,0.099,0.564,0.574,1.0,-0.009,0.127,0.086,0.67,0.603,0.647,-0.526,-0.42,-0.442
19,A2_1,-0.053,0.388,0.084,0.31,-0.068,0.074,-0.009,1.0,0.325,0.31,-0.076,-0.196,0.109,-0.162,-0.095,-0.228
19,A2_2,-0.141,0.23,0.244,0.446,0.049,0.194,0.127,0.325,1.0,0.127,-0.007,-0.139,0.058,-0.302,-0.307,-0.467
19,A2_3,-0.125,0.327,0.004,0.154,0.079,0.002,0.086,0.31,0.127,1.0,0.077,-0.083,0.076,-0.256,-0.037,-0.232
19,B2_1,-0.383,-0.008,0.062,0.008,0.521,0.502,0.67,-0.076,-0.007,0.077,1.0,0.548,0.541,-0.469,-0.319,-0.392
19,B2_2,-0.359,-0.001,-0.005,-0.102,0.536,0.617,0.603,-0.196,-0.139,-0.083,0.548,1.0,0.515,-0.331,-0.334,-0.421
19,B2_3,-0.442,0.112,0.036,0.195,0.665,0.562,0.647,0.109,0.058,0.076,0.541,0.515,1.0,-0.404,-0.39,-0.422
19,y1,0.135,-0.156,-0.207,-0.089,-0.53,-0.401,-0.526,-0.162,-0.302,-0.256,-0.469,-0.331,-0.404,1.0,0.449,0.512
19,y2,0.191,-0.261,-0.258,-0.302,-0.406,-0.427,-0.42,-0.095,-0.307,-0.037,-0.319,-0.334,-0.39,0.449,1.0,0.514
19,y3,0.337,-0.106,-0.337,-0.148,-0.492,-0.576,-0.442,-0.228,-0.467,-0.232,-0.392,-0.421,-0.422,0.512,0.514,1.0
20,.,1.0,-0.12,-0.085,-0.196,-0.38,-0.473,-0.333,-0.059,-0.145,-0.126,-0.409,-0.384,-0.466,0.154,0.218,0.351
20,A1_1,-0.12,1.0,-0.139,0.476,0.087,0.169,0.194,0.401,0.246,0.34,-0.009,-0.004,0.106,-0.162,-0.265,-0.118
20,A1_2,-0.085,-0.139,1.0,-0.071,0.062,0.137,-0.082,0.105,0.261,0.023,0.057,-0.009,0.032,-0.211,-0.262,-0.339
20,A1_3,-0.196,0.476,-0.071,1.0,0.136,0.08,0.09,0.326,0.459,0.171,0.004,-0.103,0.184,-0.096,-0.3,-0.156
20,B1_1,-0.38,0.087,0.062,0.136,1.0,0.528,0.591,-0.074,0.042,0.07,0.551,0.565,0.686,-0.546,-0.44,-0.513
20,B1_2,-0.473,0.169,0.137,0.08,0.528,1.0,0.6,0.068,0.186,0.002,0.533,0.641,0.591,-0.429,-0.464,-0.594
20,B1_3,-0.333,0.194,-0.082,0.09,0.591,0.6,1.0,-0.016,0.118,0.077,0.691,0.627,0.669,-0.545,-0.456,-0.468
20,A2_1,-0.059,0.401,0.105,0.326,-0.074,0.068,-0.016,1.0,0.342,0.326,-0.081,-0.197,0.097,-0.166,-0.105,-0.233
20,A2_2,-0.145,0.246,0.261,0.459,0.042,0.186,0.118,0.342,1.0,0.147,-0.011,-0.138,0.052,-0.302,-0.31,-0.465
20,A2_3,-0.126,0.34,0.023,0.171,0.07,0.002,0.077,0.326,0.147,1.0,0.068,-0.086,0.068,-0.257,-0.052,-0.239
20,B2_1,-0.409,-0.009,0.057,0.004,0.551,0.533,0.691,-0.081,-0.011,0.068,1.0,0.576,0.571,-0.489,-0.357,-0.419
20,B2_2,-0.384,-0.004,-0.009,-0.103,0.565,0.641,0.627,-0.197,-0.138,-0.086,0.576,1.0,0.546,-0.358,-0.371,-0.446
20,B2_3,-0.466,0.106,0.032,0.184,0.686,0.591,0.669,0.097,0.052,0.068,0.571,0.546,1.0,-0.427,-0.424,-0.446
20,y1,0.154,-0.162,-0.211,-0.096,-0.546,-0.429,-0.545,-0.166,-0.302,-0.257,-0.489,-0.358,-0.427,1.0,0.49,0.544
20,y2,0.218,-0.265,-0.262,-0.3,-0.44,-0.464,-0.456,-0.105,-0.31,-0.052,-0.357,-0.371,-0.424,0.49,1.0,0.552
20,y3,0.351,-0.118,-0.339,-0.156,-0.513,-0.594,-0.468,-0.233,-0.465,-0.239,-0.419,-0.446,-0.446,0.544,0.552,1.0
21,.,1.0,-0.129,-0.093,-0.2,-0.404,-0.495,-0.36,-0.064,-0.149,-0.127,-0.434,-0.408,-0.488,0.173,0.243,0.364
21,A1_1,-0.129,1.0,-0.118,0.486,0.081,0.165,0.184,0.414,0.263,0.352,-0.011,-0.007,0.1,-0.167,-0.268,-0.13
21,A1_2,-0.093,-0.118,1.0,-0.049,0.055,0.133,-0.083,0.126,0.278,0.043,0.051,-0.013,0.027,-0.213,-0.264,-0.341
21,A1_3,-0.2,0.486,-0.049,1.0,0.125,0.078,0.082,0.343,0.473,0.188,-0.0,-0.104,0.172,-0.101,-0.298,-0.164
21,B1_1,-0.404,0.081,0.055,0.125,1.0,0.558,0.617,-0.079,0.035,0.061,0.58,0.591,0.706,-0.562,-0.471,-0.533
21,B1_2,-0.495,0.165,0.133,0.078,0.558,1.0,0.625,0.062,0.178,0.002,0.563,0.663,0.617,-0.454,-0.497,-0.611
21,B1_3,-0.36,0.184,-0.083,0.082,0.617,0.625,1.0,-0.024,0.108,0.068,0.71,0.649,0.69,-0.563,-0.489,-0.492
21,A2_1,-0.064,0.414,0.126,0.343,-0.079,0.062,-0.024,1.0,0.359,0.342,-0.085,-0.197,0.085,-0.169,-0.114,-0.238
21,A2_2,-0.149,0.263,0.278,0.473,0.035,0.178,0.108,0.359,1.0,0.167,-0.015,-0.138,0.045,-0.303,-0.313,-0.461
21,A2_3,-0.127,0.352,0.043,0.188,0.061,0.002,0.068,0.342,0.167,1.0,0.06,-0.089,0.06,-0.258,-0.066,-0.246
21,B2_1,-0.434,-0.011,0.051,-0.0,0.58,0.563,0.71,-0.085,-0.015,0.06,1.0,0.602,0.598,-0.507,-0.393,-0.444
21,B2_2,-0.408,-0.007,-0.013,-0.104,0.591,0.663,0.649,-0.197,-0.138,-0.089,0.602,1.0,0.574,-0.385,-0.406,-0.469
21,B2_3,-0.488,0.1,0.027,0.172,0.706,0.617,0.69,0.085,0.045,0.06,0.598,0.574,1.0,-0.45,-0.455,-0.47
21,y1,0.173,-0.167,-0.213,-0.101,-0.562,-0.454,-0.563,-0.169,-0.303,-0.258,-0.507,-0.385,-0.45,1.0,0.529,0.573
21,y2,0.243,-0.268,-0.264,-0.298,-0.471,-0.497,-0.489,-0.114,-0.313,-0.066,-0.393,-0.406,-0.455,0.529,1.0,0.587
21,y3,0.364,-0.13,-0.341,-0.164,-0.533,-0.611,-0.492,-0.238,-0.461,-0.246,-0.444,-0.469,-0.47,0.573,0.587,1.0
22,.,1.0,-0.136,-0.101,-0.204,-0.426,-0.516,-0.385,-0.069,-0.152,-0.128,-0.456,-0.43,-0.508,0.192,0.267,0.376
22,A1_1,-0.136,1.0,-0.095,0.496,0.075,0.161,0.174,0.427,0.279,0.365,-0.013,-0.01,0.094,-0.172,-0.27,-0.141
22,A1_2,-0.101,-0.095,1.0,-0.027,0.048,0.128,-0.083,0.147,0.296,0.064,0.044,-0.018,0.022,-0.216,-0.266,-0.342
22,A1_3,-0.204,0.496,-0.027,1.0,0.115,0.075,0.074,0.359,0.486,0.206,-0.005,-0.106,0.16,-0.107,-0.295,-0.172
22,B1_1,-0.426,0.075,0.048,0.115,1.0,0.586,0.64,-0.084,0.028,0.052,0.606,0.617,0.725,-0.578,-0.5,-0.551
22,B1_2,-0.516,0.161,0.128,0.075,0.586,1.0,0.648,0.056,0.17,0.001,0.591,0.684,0.641,-0.479,-0.527,-0.628
22,B1_3,-0.385,0.174,-0.083,0.074,0.64,0.648,1.0,-0.031,0.098,0.06,0.728,0.671,0.709,-0.58,-0.519,-0.516
22,A2_1,-0.069,0.427,0.147,0.359,-0.084,0.056,-0.031,1.0,0.376,0.358,-0.089,-0.197,0.073,-0.172,-0.122,-0.241
22,A2_2,-0.152,0.279,0.296,0.486,0.028,0.17,0.098,0.376,1.0,0.187,-0.019,-0.138,0.039,-0.303,-0.314,-0.457
22,A2_3,-0.128,0.365,0.064,0.206,0.052,0.001,0.06,0.358,0.187,1.0,0.051,-0.092,0.052,-0.259,-0.079,-0.251
22,B2_1,-0.456,-0.013,0.044,-0.005,0.606,0.591,0.728,-0.089,-0.019,0.051,1.0,0.627,0.624,-0.525,-0.426,-0.467
22,B2_2,-0.43,-0.01,-0.018,-0.106,0.617,0.684,0.671,-0.197,-0.138,-0.092,0.627,1.0,0.601,-0.41,-0.439,-0.491
22,B2_3,-0.508,0.094,0.022,0.16,0.725,0.641,0.709,0.073,0.039,0.052,0.624,0.601,1.0,-0.471,-0.484,-0.491
22,y1,0.192,-0.172,-0.216,-0.107,-0.578,-0.479,-0.58,-0.172,-0.303,-0.259,-0.525,-0.41,-0.471,1.0,0.564,0.601
22,y2,0.267,-0.27,-0.266,-0.295,-0.5,-0.527,-0.519,-0.122,-0.314,-0.079,-0.426,-0.439,-0.484,0.564,1.0,0.62
22,y3,0.376,-0.141,-0.342,-0.172,-0.551,-0.628,-0.516,-0.241,-0.457,-0.251,-0.467,-0.491,-0.491,0.601,0.62,1.0
23,.,1.0,-0.143,-0.108,-0.207,-0.447,-0.536,-0.408,-0.074,-0.155,-0.129,-0.478,-0.451,-0.527,0.21,0.29,0.389
23,A1_1,-0.143,1.0,-0.072,0.507,0.068,0.156,0.164,0.44,0.296,0.379,-0.015,-0.013,0.088,-0.176,-0.272,-0.15
23,A1_2,-0.108,-0.072,1.0,-0.003,0.041,0.123,-0.085,0.168,0.313,0.084,0.038,-0.023,0.017,-0.218,-0.267,-0.342
23,A1_3,-0.207,0.507,-0.003,1.0,0.104,0.072,0.066,0.376,0.5,0.224,-0.01,-0.107,0.149,-0.112,-0.292,-0.178
23,B1_1,-0.447,0.068,0.041,0.104,1.0,0.612,0.663,-0.09,0.021,0.043,0.631,0.64,0.742,-0.592,-0.527,-0.569
23,B1_2,-0.536,0.156,0.123,0.072,0.612,1.0,0.67,0.05,0.162,-0.001,0.616,0.703,0.664,-0.502,-0.555,-0.643
23,B1_3,-0.408,0.164,-0.085,0.066,0.663,0.67,1.0,-0.038,0.089,0.051,0.745,0.691,0.727,-0.596,-0.546,-0.537
23,A2_1,-0.074,0.44,0.168,0.376,-0.09,0.05,-0.038,1.0,0.393,0.374,-0.094,-0.198,0.062,-0.174,-0.13,-0.244
23,A2_2,-0.155,0.296,0.313,0.5,0.021,0.162,0.089,0.393,1.0,0.207,-0.023,-0.138,0.032,-0.302,-0.315,-0.453
23,A2_3,-0.129,0.379,0.084,0.224,0.043,-0.001,0.051,0.374,0.207,1.0,0.043,-0.095,0.044,-0.259,-0.091,-0.256
23,B2_1,-0.478,-0.015,0.038,-0.01,0.631,0.616,0.745,-0.094,-0.023,0.043,1.0,0.65,0.648,-0.542,-0.457,-0.489
23,B2_2,-0.451,-0.013,-0.023,-0.107,0.64,0.703,0.691,-0.198,-0.138,-0.095,0.65,1.0,0.626,-0.434,-0.468,-0.511
23,B2_3,-0.527,0.088,0.017,0.149,0.742,0.664,0.727,0.062,0.032,0.044,0.648,0.626,1.0,-0.491,-0.511,-0.512
23,y1,0.21,-0.176,-0.218,-0.112,-0.592,-0.502,-0.596,-0.174,-0.302,-0.259,-0.542,-0.434,-0.491,1.0,0.597,0.628
23,y2,0.29,-0.272,-0.267,-0.292,-0.527,-0.555,-0.546,-0.13,-0.315,-0.091,-0.457,-0.468,-0.511,0.597,1.0,0.65
23,y3,0.389,-0.15,-0.342,-0.178,-0.569,-0.643,-0.537,-0.244,-0.453,-0.256,-0.489,-0.511,-0.512,0.628,0.65,1.0
24,.,1.0,-0.149,-0.114,-0.21,-0.467,-0.554,-0.43,-0.078,-0.157,-0.129,-0.498,-0.471,-0.545,0.228,0.311,0.4
24,A1_1,-0.149,1.0,-0.049,0.518,0.062,0.151,0.154,0.454,0.313,0.392,-0.017,-0.017,0.081,-0.18,-0.273,-0.159
24,A1_2,-0.114,-0.049,1.0,0.02,0.034,0.118,-0.086,0.189,0.331,0.105,0.031,-0.028,0.012,-0.219,-0.268,-0.342
24,A1_3,-0.21,0.518,0.02,1.0,0.094,0.069,0.057,0.393,0.513,0.242,-0.015,-0.109,0.137,-0.116,-0.289,-0.184
24,B1_1,-0.467,0.062,0.034,0.094,1.0,0.636,0.683,-0.095,0.014,0.034,0.654,0.662,0.758,-0.606,-0.551,-0.586
24,B1_2,-0.554,0.151,0.118,0.069,0.636,1.0,0.69,0.044,0.154,-0.002,0.64,0.721,0.685,-0.523,-0.581,-0.657
24,B1_3,-0.43,0.154,-0.086,0.057,0.683,0.69,1.0,-0.044,0.079,0.042,0.761,0.709,0.744,-0.611,-0.572,-0.557
