,,.,A1_1,A1_2,A1_3,B1_1,B1_2,B1_3,A2_1,A2_2,A2_3,B2_1,B2_2,B2_3,y1,y2,y3
0,.,0.055,0.045,0.037,0.009,0.081,0.025,0.01,0.051,0.183,0.023,0.023,0.035,0.047,0.268,0.084,0.023
0,A1_1,0.014,0.158,0.119,0.006,0.077,0.07,0.023,0.062,0.007,0.036,0.002,0.021,0.057,0.259,0.038,0.051
0,A1_2,0.032,0.27,0.023,0.01,0.19,0.045,0.01,0.048,0.061,0.01,0.002,0.018,0.038,0.104,0.037,0.104
0,A1_3,0.026,0.083,0.224,0.039,0.056,0.077,0.032,0.14,0.038,0.032,0.013,0.01,0.032,0.169,0.01,0.017
0,B1_1,0.009,0.06,0.014,0.062,0.119,0.017,0.045,0.013,0.009,0.003,0.005,0.029,0.136,0.331,0.02,0.128
0,B1_2,0.002,0.079,0.014,0.007,0.166,0.013,0.032,0.034,0.004,0.032,0.001,0.011,0.003,0.099,0.054,0.45
0,B1_3,0.08,0.161,0.078,0.006,0.073,0.036,0.01,0.023,0.384,0.005,0.026,0.006,0.018,0.021,0.066,0.009
0,A2_1,0.025,0.004,0.06,0.005,0.227,0.039,0.003,0.022,0.072,0.083,0.004,0.004,0.01,0.063,0.044,0.337
0,A2_2,0.017,0.28,0.01,0.002,0.432,0.009,0.01,0.013,0.037,0.002,0.001,0.019,0.034,0.018,0.05,0.067
0,A2_3,0.295,0.034,0.049,0.02,0.113,0.045,0.018,0.057,0.072,0.074,0.012,0.003,0.0,0.012,0.006,0.191
0,B2_1,0.045,0.224,0.045,0.01,0.115,0.055,0.043,0.033,0.093,0.002,0.007,0.026,0.102,0.169,0.016,0.015
0,B2_2,0.006,0.016,0.001,0.002,0.021,0.006,0.007,0.009,0.005,0.002,0.001,0.003,0.001,0.018,0.028,0.875
0,B2_3,0.428,0.15,0.073,0.001,0.024,0.025,0.007,0.051,0.122,0.009,0.007,0.004,0.001,0.002,0.025,0.071
0,y1,0.153,0.002,0.024,0.005,0.028,0.015,0.007,0.019,0.01,0.105,0.009,0.001,0.001,0.005,0.013,0.602
0,y2,0.181,0.029,0.005,0.004,0.091,0.019,0.007,0.006,0.039,0.001,0.001,0.01,0.092,0.003,0.041,0.472
0,y3,0.124,0.005,0.09,0.017,0.082,0.026,0.01,0.027,0.068,0.278,0.006,0.001,0.001,0.009,0.009,0.247
1,.,0.08,0.042,0.037,0.011,0.061,0.024,0.012,0.056,0.161,0.027,0.028,0.04,0.045,0.283,0.077,0.018
1,A1_1,0.018,0.128,0.088,0.006,0.058,0.063,0.03,0.064,0.006,0.032,0.002,0.027,0.054,0.353,0.036,0.036
1,A1_2,0.04,0.189,0.013,0.013,0.161,0.044,0.018,0.057,0.039,0.011,0.002,0.031,0.04,0.239,0.032,0.072
1,A1_3,0.062,0.104,0.099,0.035,0.033,0.075,0.072,0.174,0.025,0.02,0.022,0.028,0.02,0.205,0.014,0.012
1,B1_1,0.03,0.061,0.014,0.064,0.055,0.023,0.081,0.022,0.011,0.004,0.011,0.047,0.076,0.409,0.027,0.067
1,B1_2,0.009,0.063,0.016,0.009,0.092,0.022,0.084,0.073,0.003,0.04,0.001,0.033,0.006,0.133,0.084,0.331
1,B1_3,0.385,0.082,0.032,0.005,0.107,0.043,0.021,0.018,0.123,0.008,0.014,0.005,0.005,0.025,0.106,0.019
1,A2_1,0.143,0.004,0.016,0.004,0.202,0.052,0.005,0.047,0.06,0.061,0.002,0.003,0.007,0.037,0.066,0.292
1,A2_2,0.126,0.054,0.013,0.003,0.245,0.021,0.021,0.014,0.271,0.001,0.002,0.041,0.106,0.034,0.031,0.016
1,A2_3,0.34,0.032,0.022,0.012,0.055,0.029,0.04,0.148,0.052,0.076,0.013,0.008,0.001,0.025,0.022,0.126
1,B2_1,0.314,0.198,0.03,0.008,0.042,0.014,0.041,0.057,0.093,0.003,0.012,0.022,0.054,0.084,0.016,0.012
1,B2_2,0.29,0.014,0.004,0.005,0.021,0.04,0.041,0.055,0.013,0.012,0.003,0.005,0.003,0.015,0.024,0.456
1,B2_3,0.737,0.04,0.023,0.002,0.007,0.017,0.014,0.033,0.038,0.005,0.008,0.004,0.002,0.008,0.029,0.034
1,y1,0.621,0.002,0.026,0.008,0.01,0.031,0.011,0.018,0.019,0.068,0.007,0.001,0.002,0.004,0.03,0.141
1,y2,0.364,0.012,0.004,0.006,0.047,0.036,0.017,0.011,0.038,0.004,0.001,0.011,0.054,0.007,0.072,0.313
1,y3,0.558,0.006,0.051,0.016,0.021,0.023,0.017,0.028,0.013,0.148,0.001,0.001,0.004,0.004,0.008,0.1
2,.,0.079,0.045,0.041,0.013,0.058,0.024,0.014,0.057,0.137,0.031,0.033,0.047,0.042,0.296,0.064,0.019
2,A1_1,0.016,0.137,0.079,0.006,0.054,0.057,0.032,0.049,0.005,0.026,0.002,0.029,0.047,0.392,0.031,0.039
2,A1_2,0.029,0.167,0.009,0.018,0.137,0.043,0.025,0.047,0.029,0.011,0.003,0.054,0.034,0.301,0.028,0.067
2,A1_3,0.07,0.117,0.093,0.036,0.027,0.075,0.112,0.126,0.013,0.022,0.032,0.045,0.013,0.199,0.01,0.01
2,B1_1,0.028,0.069,0.011,0.06,0.053,0.032,0.102,0.016,0.007,0.003,0.012,0.06,0.053,0.348,0.026,0.12
2,B1_2,0.026,0.057,0.02,0.015,0.109,0.036,0.128,0.068,0.005,0.043,0.003,0.048,0.008,0.142,0.036,0.257
2,B1_3,0.312,0.181,0.044,0.01,0.071,0.045,0.053,0.021,0.033,0.015,0.035,0.01,0.003,0.04,0.081,0.047
2,A2_1,0.296,0.004,0.016,0.01,0.067,0.067,0.007,0.029,0.028,0.058,0.001,0.004,0.009,0.018,0.036,0.35
2,A2_2,0.211,0.049,0.023,0.026,0.082,0.043,0.087,0.026,0.065,0.008,0.006,0.054,0.16,0.071,0.045,0.044
2,A2_3,0.097,0.034,0.011,0.058,0.04,0.067,0.135,0.036,0.025,0.033,0.003,0.032,0.019,0.049,0.047,0.313
2,B2_1,0.413,0.146,0.055,0.01,0.011,0.025,0.056,0.123,0.036,0.012,0.02,0.015,0.016,0.022,0.023,0.017
2,B2_2,0.569,0.005,0.025,0.01,0.005,0.03,0.021,0.023,0.012,0.036,0.011,0.004,0.002,0.006,0.042,0.199
2,B2_3,0.664,0.006,0.038,0.01,0.008,0.024,0.005,0.02,0.062,0.011,0.004,0.003,0.015,0.015,0.046,0.07
2,y1,0.492,0.003,0.057,0.02,0.017,0.043,0.009,0.019,0.049,0.117,0.007,0.005,0.011,0.016,0.045,0.09
2,y2,0.133,0.021,0.005,0.017,0.064,0.063,0.077,0.03,0.011,0.016,0.002,0.033,0.093,0.04,0.08,0.315
2,y3,0.416,0.019,0.025,0.04,0.017,0.032,0.058,0.079,0.018,0.073,0.004,0.006,0.022,0.036,0.028,0.126
3,.,0.067,0.051,0.045,0.015,0.057,0.024,0.016,0.056,0.126,0.035,0.039,0.053,0.039,0.295,0.062,0.019
3,A1_1,0.012,0.158,0.07,0.006,0.052,0.051,0.033,0.041,0.004,0.022,0.002,0.03,0.037,0.406,0.031,0.044
3,A1_2,0.024,0.191,0.008,0.019,0.139,0.04,0.032,0.039,0.023,0.011,0.004,0.07,0.025,0.284,0.025,0.066
3,A1_3,0.083,0.147,0.084,0.033,0.029,0.068,0.126,0.102,0.009,0.025,0.039,0.05,0.008,0.177,0.009,0.011
3,B1_1,0.025,0.081,0.009,0.06,0.065,0.032,0.122,0.012,0.005,0.003,0.013,0.071,0.044,0.293,0.022,0.142
3,B1_2,0.04,0.091,0.021,0.018,0.13,0.037,0.17,0.059,0.005,0.043,0.005,0.062,0.005,0.123,0.02,0.17
3,B1_3,0.201,0.274,0.047,0.012,0.081,0.041,0.073,0.022,0.012,0.017,0.045,0.01,0.002,0.056,0.047,0.061
3,A2_1,0.337,0.007,0.018,0.012,0.046,0.064,0.009,0.019,0.02,0.048,0.002,0.005,0.005,0.015,0.033,0.358
3,A2_2,0.239,0.058,0.023,0.04,0.066,0.047,0.122,0.027,0.029,0.016,0.015,0.064,0.079,0.068,0.039,0.067
3,A2_3,0.093,0.029,0.006,0.065,0.046,0.06,0.159,0.014,0.009,0.025,0.003,0.037,0.023,0.034,0.034,0.364
3,B2_1,0.427,0.159,0.029,0.016,0.021,0.02,0.109,0.078,0.014,0.021,0.017,0.02,0.012,0.022,0.012,0.022
3,B2_2,0.549,0.01,0.018,0.011,0.01,0.035,0.041,0.021,0.007,0.034,0.02,0.006,0.001,0.006,0.032,0.198
3,B2_3,0.669,0.014,0.039,0.017,0.009,0.02,0.011,0.021,0.033,0.018,0.015,0.006,0.006,0.02,0.029,0.073
3,y1,0.497,0.006,0.029,0.024,0.02,0.053,0.019,0.017,0.019,0.095,0.015,0.008,0.006,0.018,0.049,0.125
3,y2,0.104,0.021,0.006,0.034,0.052,0.054,0.107,0.023,0.006,0.025,0.006,0.046,0.073,0.063,0.071,0.31
3,y3,0.34,0.033,0.016,0.065,0.03,0.031,0.098,0.04,0.008,0.057,0.006,0.013,0.033,0.037,0.023,0.171
4,.,0.06,0.053,0.05,0.017,0.053,0.025,0.015,0.057,0.13,0.035,0.042,0.056,0.04,0.284,0.063,0.018
4,A1_1,0.011,0.162,0.072,0.006,0.046,0.05,0.03,0.036,0.004,0.02,0.002,0.031,0.039,0.404,0.038,0.048
4,A1_2,0.023,0.189,0.008,0.018,0.132,0.047,0.031,0.04,0.026,0.011,0.004,0.089,0.029,0.256,0.032,0.066
4,A1_3,0.085,0.156,0.089,0.034,0.023,0.064,0.119,0.102,0.011,0.023,0.053,0.06,0.009,0.154,0.009,0.009
4,B1_1,0.027,0.084,0.01,0.057,0.071,0.034,0.106,0.012,0.006,0.003,0.017,0.084,0.043,0.261,0.028,0.156
4,B1_2,0.061,0.094,0.023,0.019,0.156,0.042,0.159,0.063,0.006,0.044,0.006,0.073,0.006,0.097,0.019,0.133
4,B1_3,0.192,0.291,0.048,0.012,0.069,0.04,0.069,0.023,0.01,0.016,0.054,0.011,0.002,0.053,0.05,0.061
4,A2_1,0.373,0.011,0.022,0.015,0.041,0.067,0.009,0.019,0.029,0.042,0.004,0.007,0.005,0.015,0.036,0.305
4,A2_2,0.253,0.064,0.027,0.039,0.051,0.046,0.092,0.031,0.032,0.018,0.022,0.076,0.063,0.066,0.052,0.068
4,A2_3,0.097,0.03,0.007,0.074,0.038,0.072,0.162,0.014,0.01,0.021,0.006,0.057,0.033,0.037,0.05,0.292
4,B2_1,0.435,0.175,0.028,0.018,0.02,0.018,0.087,0.072,0.014,0.018,0.018,0.025,0.017,0.024,0.012,0.018
4,B2_2,0.596,0.016,0.022,0.013,0.007,0.036,0.041,0.027,0.009,0.032,0.03,0.01,0.002,0.007,0.034,0.118
4,B2_3,0.627,0.019,0.036,0.021,0.008,0.023,0.015,0.032,0.035,0.021,0.029,0.011,0.006,0.022,0.035,0.06
4,y1,0.498,0.009,0.036,0.028,0.014,0.053,0.019,0.022,0.027,0.085,0.027,0.012,0.006,0.018,0.056,0.09
4,y2,0.097,0.028,0.008,0.033,0.042,0.056,0.1,0.028,0.007,0.023,0.012,0.067,0.062,0.071,0.116,0.25
4,y3,0.407,0.038,0.022,0.061,0.023,0.034,0.062,0.043,0.014,0.052,0.011,0.017,0.03,0.039,0.031,0.116
5,.,0.053,0.055,0.053,0.018,0.05,0.025,0.015,0.057,0.13,0.036,0.045,0.058,0.041,0.281,0.065,0.018
5,A1_1,0.01,0.154,0.07,0.006,0.044,0.048,0.029,0.032,0.003,0.018,0.002,0.03,0.038,0.421,0.044,0.053
5,A1_2,0.019,0.177,0.008,0.018,0.135,0.054,0.034,0.036,0.023,0.01,0.005,0.097,0.032,0.245,0.037,0.07
5,A1_3,0.086,0.154,0.087,0.037,0.019,0.058,0.125,0.103,0.01,0.022,0.063,0.073,0.01,0.135,0.009,0.009
5,B1_1,0.027,0.075,0.011,0.057,0.084,0.035,0.093,0.011,0.006,0.003,0.018,0.081,0.042,0.261,0.031,0.164
5,B1_2,0.058,0.086,0.018,0.019,0.17,0.042,0.166,0.062,0.006,0.04,0.006,0.092,0.009,0.091,0.02,0.115
5,B1_3,0.183,0.3,0.046,0.013,0.064,0.039,0.081,0.024,0.009,0.015,0.056,0.014,0.002,0.054,0.047,0.051
5,A2_1,0.383,0.013,0.026,0.017,0.044,0.066,0.009,0.019,0.035,0.041,0.005,0.008,0.006,0.015,0.035,0.278
5,A2_2,0.22,0.067,0.03,0.041,0.051,0.045,0.084,0.033,0.032,0.02,0.026,0.082,0.057,0.073,0.066,0.072
5,A2_3,0.072,0.034,0.009,0.078,0.035,0.081,0.162,0.012,0.009,0.02,0.007,0.062,0.042,0.042,0.069,0.266
5,B2_1,0.48,0.154,0.028,0.02,0.024,0.023,0.067,0.054,0.021,0.015,0.016,0.026,0.022,0.021,0.012,0.016
5,B2_2,0.627,0.018,0.036,0.014,0.004,0.035,0.033,0.037,0.011,0.038,0.034,0.012,0.002,0.007,0.025,0.067
5,B2_3,0.497,0.027,0.037,0.03,0.009,0.024,0.025,0.043,0.045,0.021,0.046,0.025,0.013,0.04,0.058,0.062
5,y1,0.448,0.02,0.057,0.034,0.013,0.056,0.021,0.033,0.034,0.093,0.024,0.017,0.01,0.024,0.048,0.067
5,y2,0.089,0.05,0.011,0.026,0.046,0.061,0.123,0.028,0.008,0.019,0.018,0.063,0.034,0.059,0.147,0.219
5,y3,0.548,0.029,0.036,0.043,0.013,0.028,0.028,0.04,0.028,0.049,0.018,0.013,0.012,0.024,0.029,0.061
6,.,0.047,0.058,0.057,0.019,0.048,0.025,0.015,0.059,0.137,0.037,0.046,0.058,0.039,0.272,0.065,0.018
6,A1_1,0.008,0.145,0.072,0.005,0.041,0.044,0.026,0.028,0.004,0.016,0.002,0.028,0.035,0.439,0.052,0.054
6,A1_2,0.015,0.167,0.007,0.016,0.13,0.056,0.035,0.036,0.026,0.009,0.006,0.112,0.033,0.238,0.047,0.067
6,A1_3,0.096,0.165,0.089,0.036,0.016,0.055,0.121,0.103,0.011,0.022,0.079,0.076,0.009,0.107,0.009,0.007
6,B1_1,0.026,0.078,0.014,0.053,0.081,0.035,0.084,0.012,0.007,0.004,0.022,0.08,0.038,0.261,0.04,0.167
6,B1_2,0.075,0.086,0.018,0.019,0.178,0.045,0.157,0.062,0.008,0.037,0.007,0.096,0.01,0.079,0.021,0.1
6,B1_3,0.204,0.272,0.049,0.014,0.053,0.04,0.073,0.03,0.011,0.018,0.065,0.015,0.002,0.053,0.052,0.051
6,A2_1,0.358,0.018,0.032,0.021,0.042,0.066,0.009,0.021,0.061,0.034,0.007,0.011,0.008,0.023,0.049,0.239
6,A2_2,0.158,0.07,0.025,0.036,0.049,0.047,0.082,0.036,0.033,0.021,0.026,0.102,0.052,0.079,0.108,0.076
6,A2_3,0.068,0.048,0.011,0.082,0.029,0.084,0.175,0.017,0.012,0.02,0.012,0.08,0.048,0.057,0.085,0.172
6,B2_1,0.509,0.161,0.03,0.015,0.016,0.022,0.054,0.051,0.022,0.013,0.021,0.028,0.016,0.018,0.012,0.013
6,B2_2,0.665,0.022,0.037,0.011,0.003,0.028,0.024,0.039,0.014,0.036,0.039,0.012,0.002,0.006,0.021,0.041
6,B2_3,0.455,0.031,0.035,0.029,0.007,0.022,0.025,0.057,0.05,0.021,0.062,0.032,0.013,0.04,0.069,0.054
6,y1,0.375,0.032,0.056,0.034,0.011,0.051,0.026,0.047,0.047,0.074,0.038,0.028,0.014,0.039,0.068,0.059
6,y2,0.089,0.072,0.012,0.023,0.043,0.062,0.127,0.03,0.011,0.015,0.025,0.071,0.031,0.062,0.156,0.17
6,y3,0.612,0.029,0.037,0.032,0.007,0.023,0.021,0.042,0.032,0.047,0.026,0.012,0.007,0.015,0.023,0.035
7,.,0.039,0.058,0.056,0.021,0.046,0.025,0.014,0.059,0.136,0.037,0.046,0.057,0.04,0.287,0.06,0.018
7,A1_1,0.006,0.126,0.061,0.005,0.038,0.04,0.024,0.024,0.003,0.014,0.002,0.026,0.033,0.485,0.051,0.062
7,A1_2,0.011,0.135,0.007,0.018,0.124,0.061,0.037,0.031,0.025,0.008,0.006,0.127,0.036,0.256,0.045,0.074
7,A1_3,0.103,0.162,0.082,0.043,0.014,0.052,0.124,0.101,0.011,0.022,0.08,0.079,0.01,0.101,0.009,0.007
7,B1_1,0.021,0.06,0.014,0.061,0.076,0.035,0.068,0.01,0.007,0.004,0.023,0.071,0.038,0.301,0.036,0.175
7,B1_2,0.056,0.07,0.014,0.022,0.177,0.044,0.152,0.056,0.008,0.029,0.006,0.114,0.017,0.105,0.025,0.105
7,B1_3,0.193,0.245,0.045,0.017,0.05,0.046,0.086,0.034,0.013,0.021,0.061,0.022,0.003,0.064,0.05,0.049
7,A2_1,0.26,0.025,0.038,0.027,0.042,0.068,0.009,0.025,0.087,0.032,0.007,0.016,0.016,0.045,0.056,0.246
7,A2_2,0.104,0.069,0.022,0.038,0.052,0.052,0.09,0.03,0.038,0.02,0.026,0.116,0.055,0.097,0.108,0.084
7,A2_3,0.081,0.058,0.016,0.096,0.025,0.091,0.153,0.02,0.019,0.026,0.017,0.085,0.048,0.059,0.07,0.135
7,B2_1,0.547,0.131,0.035,0.016,0.01,0.025,0.046,0.044,0.022,0.014,0.027,0.029,0.012,0.013,0.013,0.016
7,B2_2,0.691,0.02,0.034,0.016,0.002,0.024,0.017,0.032,0.018,0.035,0.031,0.011,0.002,0.006,0.017,0.044
7,B2_3,0.418,0.028,0.047,0.05,0.005,0.025,0.019,0.048,0.06,0.024,0.053,0.034,0.018,0.04,0.066,0.064
7,y1,0.16,0.034,0.056,0.06,0.016,0.068,0.032,0.034,0.065,0.066,0.033,0.053,0.04,0.081,0.111,0.091
7,y2,0.06,0.072,0.011,0.025,0.069,0.082,0.114,0.021,0.01,0.014,0.017,0.069,0.046,0.07,0.124,0.196
7,y3,0.666,0.022,0.032,0.031,0.005,0.021,0.018,0.031,0.03,0.05,0.025,0.012,0.006,0.009,0.015,0.026
8,.,0.037,0.061,0.062,0.022,0.043,0.025,0.014,0.061,0.143,0.039,0.048,0.056,0.04,0.273,0.06,0.017
8,A1_1,0.006,0.117,0.062,0.005,0.034,0.039,0.021,0.022,0.003,0.013,0.002,0.023,0.032,0.502,0.053,0.065
8,A1_2,0.01,0.123,0.006,0.015,0.124,0.072,0.037,0.03,0.024,0.008,0.008,0.128,0.041,0.248,0.047,0.078
8,A1_3,0.123,0.169,0.091,0.039,0.011,0.052,0.112,0.099,0.012,0.022,0.096,0.076,0.009,0.074,0.007,0.005
8,B1_1,0.025,0.064,0.018,0.056,0.071,0.038,0.063,0.012,0.008,0.005,0.031,0.067,0.032,0.278,0.037,0.196
8,B1_2,0.076,0.07,0.017,0.022,0.182,0.054,0.134,0.054,0.011,0.031,0.008,0.105,0.018,0.086,0.023,0.11
8,B1_3,0.236,0.245,0.045,0.018,0.039,0.046,0.076,0.031,0.01,0.021,0.061,0.018,0.003,0.046,0.044,0.058
8,A2_1,0.292,0.025,0.038,0.035,0.035,0.073,0.011,0.024,0.096,0.036,0.011,0.017,0.014,0.036,0.042,0.216
8,A2_2,0.114,0.079,0.022,0.037,0.036,0.051,0.091,0.03,0.027,0.018,0.033,0.119,0.051,0.089,0.101,0.103
8,A2_3,0.106,0.06,0.015,0.106,0.019,0.106,0.159,0.017,0.019,0.021,0.023,0.082,0.046,0.048,0.051,0.121
8,B2_1,0.606,0.124,0.034,0.011,0.005,0.021,0.032,0.045,0.019,0.012,0.029,0.024,0.01,0.01,0.007,0.01
8,B2_2,0.697,0.023,0.033,0.014,0.002,0.022,0.016,0.033,0.017,0.032,0.037,0.012,0.002,0.006,0.015,0.039
8,B2_3,0.398,0.041,0.046,0.05,0.005,0.025,0.019,0.062,0.068,0.024,0.059,0.033,0.02,0.05,0.046,0.055
8,y1,0.196,0.055,0.058,0.052,0.012,0.068,0.035,0.042,0.077,0.051,0.051,0.052,0.034,0.082,0.067,0.069
8,y2,0.105,0.095,0.011,0.022,0.049,0.086,0.128,0.029,0.013,0.012,0.034,0.076,0.037,0.061,0.081,0.161
8,y3,0.758,0.021,0.027,0.018,0.002,0.016,0.011,0.025,0.019,0.036,0.026,0.008,0.003,0.004,0.007,0.016
9,.,0.033,0.062,0.063,0.023,0.041,0.025,0.013,0.062,0.152,0.039,0.048,0.054,0.041,0.264,0.063,0.017
9,A1_1,0.005,0.109,0.06,0.005,0.031,0.039,0.02,0.021,0.003,0.012,0.002,0.021,0.032,0.51,0.062,0.068
9,A1_2,0.008,0.103,0.006,0.014,0.122,0.085,0.036,0.028,0.026,0.008,0.01,0.137,0.051,0.235,0.054,0.077
9,A1_3,0.118,0.166,0.092,0.037,0.009,0.049,0.107,0.11,0.015,0.021,0.104,0.086,0.012,0.062,0.006,0.004
9,B1_1,0.022,0.063,0.02,0.056,0.073,0.039,0.056,0.012,0.009,0.006,0.034,0.06,0.032,0.287,0.037,0.194
9,B1_2,0.061,0.064,0.014,0.019,0.207,0.061,0.122,0.048,0.012,0.027,0.008,0.108,0.025,0.089,0.028,0.107
9,B1_3,0.242,0.247,0.039,0.019,0.035,0.045,0.08,0.041,0.012,0.026,0.061,0.021,0.004,0.043,0.04,0.046
9,A2_1,0.231,0.034,0.053,0.039,0.027,0.072,0.01,0.028,0.14,0.031,0.015,0.021,0.02,0.053,0.051,0.176
9,A2_2,0.08,0.082,0.021,0.032,0.044,0.062,0.081,0.031,0.041,0.018,0.035,0.12,0.056,0.092,0.109,0.097
9,A2_3,0.12,0.065,0.02,0.095,0.015,0.111,0.142,0.023,0.032,0.027,0.036,0.097,0.05,0.042,0.049,0.077
9,B2_1,0.552,0.151,0.043,0.009,0.004,0.025,0.031,0.046,0.022,0.012,0.041,0.025,0.01,0.009,0.01,0.011
9,B2_2,0.689,0.025,0.031,0.018,0.002,0.021,0.014,0.033,0.026,0.035,0.037,0.014,0.003,0.005,0.013,0.034
9,B2_3,0.41,0.049,0.049,0.049,0.003,0.027,0.018,0.065,0.067,0.024,0.059,0.032,0.018,0.039,0.041,0.052
9,y1,0.149,0.052,0.068,0.057,0.01,0.069,0.027,0.034,0.13,0.051,0.061,0.052,0.038,0.075,0.071,0.058
9,y2,0.084,0.084,0.011,0.018,0.06,0.104,0.107,0.028,0.015,0.012,0.04,0.081,0.05,0.057,0.092,0.158
9,y3,0.754,0.022,0.025,0.017,0.002,0.017,0.012,0.026,0.022,0.039,0.029,0.009,0.003,0.004,0.007,0.013
10,.,0.032,0.064,0.068,0.026,0.04,0.026,0.013,0.06,0.158,0.041,0.047,0.054,0.04,0.248,0.065,0.017
10,A1_1,0.005,0.103,0.065,0.005,0.03,0.04,0.019,0.018,0.003,0.012,0.002,0.02,0.032,0.493,0.074,0.079
10,A1_2,0.007,0.084,0.006,0.013,0.135,0.101,0.037,0.023,0.026,0.008,0.011,0.152,0.05,0.197,0.063,0.085
10,A1_3,0.167,0.161,0.103,0.034,0.009,0.05,0.101,0.092,0.018,0.022,0.104,0.076,0.012,0.041,0.006,0.004
10,B1_1,0.036,0.059,0.031,0.066,0.09,0.037,0.051,0.012,0.011,0.011,0.038,0.052,0.025,0.184,0.041,0.257
10,B1_2,0.084,0.065,0.018,0.016,0.265,0.059,0.089,0.038,0.013,0.028,0.007,0.078,0.02,0.067,0.033,0.12
10,B1_3,0.252,0.181,0.039,0.024,0.049,0.053,0.073,0.037,0.016,0.042,0.064,0.02,0.004,0.033,0.054,0.059
10,A2_1,0.161,0.03,0.046,0.046,0.033,0.062,0.01,0.021,0.107,0.028,0.015,0.023,0.028,0.065,0.077,0.248
10,A2_2,0.08,0.072,0.018,0.028,0.079,0.069,0.089,0.022,0.036,0.02,0.03,0.119,0.053,0.068,0.112,0.105
10,A2_3,0.242,0.062,0.022,0.086,0.017,0.088,0.143,0.02,0.03,0.034,0.044,0.075,0.031,0.021,0.033,0.052
10,B2_1,0.678,0.104,0.05,0.006,0.003,0.013,0.018,0.034,0.014,0.015,0.031,0.012,0.004,0.003,0.007,0.007
10,B2_2,0.563,0.029,0.048,0.037,0.005,0.022,0.013,0.032,0.045,0.054,0.038,0.013,0.004,0.009,0.025,0.064
10,B2_3,0.322,0.042,0.069,0.065,0.005,0.028,0.013,0.043,0.096,0.025,0.051,0.03,0.022,0.038,0.081,0.07
10,y1,0.093,0.035,0.078,0.05,0.013,0.071,0.025,0.02,0.126,0.06,0.057,0.062,0.034,0.055,0.141,0.079
10,y2,0.067,0.06,0.011,0.012,0.106,0.113,0.086,0.016,0.014,0.014,0.032,0.068,0.045,0.038,0.128,0.19
10,y3,0.835,0.013,0.02,0.01,0.002,0.011,0.007,0.013,0.019,0.036,0.016,0.005,0.002,0.001,0.004,0.006
11,.,0.03,0.068,0.07,0.027,0.038,0.027,0.013,0.063,0.168,0.041,0.046,0.05,0.039,0.241,0.063,0.017
11,A1_1,0.004,0.098,0.063,0.005,0.026,0.039,0.017,0.017,0.003,0.011,0.002,0.018,0.03,0.506,0.081,0.079
11,A1_2,0.006,0.074,0.005,0.011,0.131,0.11,0.039,0.022,0.026,0.007,0.013,0.161,0.05,0.199,0.066,0.079
11,A1_3,0.191,0.162,0.099,0.029,0.008,0.049,0.094,0.096,0.019,0.021,0.109,0.068,0.013,0.034,0.005,0.003
11,B1_1,0.05,0.066,0.046,0.079,0.069,0.038,0.043,0.017,0.017,0.016,0.051,0.047,0.021,0.175,0.041,0.225
11,B1_2,0.063,0.076,0.022,0.016,0.216,0.055,0.066,0.039,0.018,0.024,0.009,0.076,0.024,0.106,0.047,0.143
11,B1_3,0.194,0.162,0.032,0.026,0.058,0.065,0.088,0.035,0.015,0.042,0.056,0.026,0.006,0.038,0.077,0.08
11,A2_1,0.155,0.032,0.033,0.049,0.035,0.076,0.018,0.025,0.116,0.028,0.023,0.034,0.042,0.067,0.077,0.191
11,A2_2,0.157,0.101,0.02,0.021,0.05,0.06,0.111,0.033,0.038,0.018,0.056,0.119,0.04,0.047,0.069,0.06
11,A2_3,0.401,0.062,0.024,0.059,0.008,0.063,0.097,0.027,0.027,0.039,0.054,0.046,0.017,0.013,0.023,0.039
11,B2_1,0.661,0.111,0.044,0.012,0.003,0.014,0.014,0.043,0.018,0.013,0.029,0.01,0.006,0.005,0.008,0.01
11,B2_2,0.451,0.039,0.06,0.062,0.004,0.025,0.012,0.044,0.085,0.053,0.047,0.017,0.008,0.016,0.03,0.047
11,B2_3,0.205,0.07,0.069,0.051,0.006,0.037,0.02,0.044,0.099,0.02,0.065,0.045,0.028,0.061,0.105,0.076
11,y1,0.12,0.054,0.057,0.038,0.015,0.072,0.037,0.026,0.152,0.045,0.103,0.073,0.036,0.052,0.077,0.043
11,y2,0.296,0.083,0.011,0.009,0.036,0.082,0.099,0.036,0.011,0.012,0.062,0.063,0.023,0.018,0.053,0.104
11,y3,0.801,0.019,0.027,0.017,0.001,0.011,0.006,0.018,0.02,0.038,0.022,0.005,0.002,0.002,0.004,0.009
12,.,0.029,0.068,0.072,0.028,0.037,0.026,0.012,0.064,0.179,0.042,0.045,0.048,0.04,0.228,0.065,0.017
12,A1_1,0.004,0.086,0.062,0.005,0.026,0.038,0.017,0.016,0.004,0.011,0.002,0.017,0.032,0.499,0.099,0.084
12,A1_2,0.006,0.064,0.005,0.009,0.131,0.119,0.04,0.021,0.026,0.007,0.016,0.176,0.064,0.179,0.071,0.067
12,A1_3,0.216,0.15,0.094,0.027,0.007,0.044,0.092,0.099,0.022,0.02,0.118,0.064,0.015,0.026,0.004,0.002
12,B1_1,0.064,0.059,0.066,0.08,0.067,0.031,0.031,0.02,0.018,0.027,0.043,0.036,0.021,0.146,0.043,0.248
12,B1_2,0.046,0.071,0.019,0.013,0.252,0.055,0.045,0.028,0.021,0.018,0.007,0.061,0.03,0.122,0.059,0.153
12,B1_3,0.164,0.136,0.024,0.026,0.069,0.071,0.124,0.04,0.013,0.057,0.053,0.037,0.012,0.032,0.079,0.064
12,A2_1,0.157,0.034,0.025,0.068,0.041,0.08,0.032,0.025,0.064,0.027,0.035,0.036,0.07,0.067,0.061,0.177
12,A2_2,0.279,0.101,0.018,0.016,0.06,0.055,0.097,0.058,0.036,0.018,0.054,0.091,0.04,0.026,0.022,0.029
12,A2_3,0.53,0.059,0.028,0.048,0.005,0.041,0.055,0.037,0.021,0.057,0.04,0.021,0.009,0.006,0.017,0.025
12,B2_1,0.407,0.133,0.075,0.053,0.004,0.028,0.017,0.053,0.05,0.018,0.045,0.015,0.017,0.02,0.029,0.035
12,B2_2,0.239,0.04,0.062,0.089,0.005,0.04,0.016,0.037,0.17,0.036,0.053,0.038,0.028,0.032,0.063,0.053
12,B2_3,0.191,0.066,0.056,0.023,0.007,0.058,0.035,0.038,0.076,0.022,0.093,0.086,0.025,0.032,0.126,0.067
12,y1,0.388,0.049,0.046,0.019,0.009,0.038,0.023,0.035,0.113,0.054,0.113,0.034,0.015,0.016,0.03,0.019
12,y2,0.586,0.06,0.011,0.013,0.011,0.03,0.042,0.05,0.01,0.017,0.051,0.025,0.011,0.009,0.022,0.054
12,y3,0.638,0.029,0.045,0.056,0.002,0.012,0.005,0.039,0.049,0.052,0.025,0.006,0.005,0.006,0.011,0.019
13,.,0.029,0.072,0.075,0.027,0.035,0.026,0.012,0.066,0.189,0.042,0.045,0.044,0.038,0.223,0.061,0.016
13,A1_1,0.004,0.083,0.062,0.004,0.021,0.035,0.015,0.015,0.004,0.01,0.002,0.014,0.028,0.528,0.094,0.083
13,A1_2,0.005,0.058,0.004,0.009,0.127,0.127,0.042,0.021,0.026,0.007,0.02,0.168,0.07,0.182,0.065,0.069
13,A1_3,0.271,0.156,0.106,0.02,0.006,0.043,0.071,0.092,0.024,0.017,0.11,0.046,0.015,0.018,0.003,0.002
13,B1_1,0.092,0.064,0.123,0.079,0.044,0.024,0.02,0.026,0.031,0.045,0.046,0.027,0.014,0.117,0.035,0.212
13,B1_2,0.025,0.084,0.022,0.009,0.182,0.042,0.025,0.017,0.02,0.012,0.007,0.038,0.025,0.22,0.078,0.196
13,B1_3,0.157,0.112,0.019,0.02,0.104,0.11,0.14,0.03,0.014,0.045,0.046,0.04,0.017,0.025,0.06,0.061
13,A2_1,0.242,0.033,0.021,0.072,0.03,0.072,0.046,0.037,0.061,0.041,0.066,0.037,0.067,0.044,0.032,0.099
13,A2_2,0.399,0.134,0.023,0.013,0.034,0.028,0.077,0.057,0.022,0.017,0.062,0.047,0.021,0.023,0.014,0.03
13,A2_3,0.434,0.066,0.035,0.077,0.012,0.048,0.046,0.041,0.033,0.083,0.038,0.017,0.011,0.008,0.015,0.038
13,B2_1,0.439,0.159,0.076,0.038,0.002,0.019,0.014,0.046,0.035,0.011,0.041,0.013,0.012,0.021,0.035,0.038
13,B2_2,0.193,0.039,0.062,0.085,0.005,0.04,0.018,0.025,0.193,0.031,0.064,0.042,0.021,0.032,0.084,0.067
13,B2_3,0.143,0.06,0.053,0.021,0.008,0.062,0.027,0.037,0.086,0.021,0.086,0.097,0.047,0.049,0.13,0.074
13,y1,0.463,0.061,0.038,0.015,0.009,0.044,0.03,0.025,0.076,0.039,0.088,0.031,0.017,0.014,0.027,0.022
13,y2,0.695,0.047,0.009,0.008,0.009,0.026,0.023,0.05,0.013,0.013,0.04,0.016,0.014,0.006,0.008,0.025
13,y3,0.695,0.028,0.045,0.042,0.001,0.009,0.004,0.038,0.039,0.045,0.018,0.004,0.004,0.004,0.007,0.015
14,.,0.027,0.073,0.071,0.028,0.034,0.025,0.011,0.068,0.2,0.04,0.045,0.043,0.038,0.219,0.061,0.016
14,A1_1,0.003,0.077,0.059,0.004,0.021,0.034,0.014,0.015,0.003,0.01,0.002,0.014,0.026,0.521,0.108,0.09
14,A1_2,0.005,0.05,0.004,0.008,0.129,0.137,0.042,0.02,0.026,0.006,0.023,0.181,0.082,0.162,0.064,0.063
14,A1_3,0.292,0.15,0.09,0.017,0.006,0.039,0.066,0.096,0.026,0.014,0.124,0.043,0.017,0.016,0.003,0.001
14,B1_1,0.094,0.07,0.136,0.084,0.039,0.02,0.015,0.036,0.042,0.056,0.052,0.023,0.011,0.108,0.032,0.183
14,B1_2,0.017,0.079,0.02,0.007,0.147,0.034,0.019,0.014,0.018,0.008,0.006,0.031,0.024,0.255,0.1,0.219
14,B1_3,0.125,0.075,0.013,0.018,0.148,0.137,0.163,0.026,0.016,0.03,0.051,0.049,0.025,0.022,0.052,0.052
14,A2_1,0.327,0.027,0.015,0.059,0.021,0.048,0.051,0.046,0.054,0.047,0.106,0.04,0.054,0.026,0.022,0.056
14,A2_2,0.376,0.146,0.023,0.014,0.037,0.018,0.076,0.067,0.019,0.022,0.069,0.037,0.016,0.024,0.015,0.041
14,A2_3,0.388,0.067,0.027,0.088,0.026,0.055,0.044,0.042,0.043,0.079,0.034,0.015,0.013,0.009,0.016,0.054
14,B2_1,0.546,0.119,0.054,0.03,0.002,0.014,0.012,0.043,0.03,0.01,0.041,0.012,0.008,0.012,0.032,0.035
14,B2_2,0.177,0.037,0.049,0.09,0.007,0.037,0.018,0.027,0.188,0.031,0.07,0.04,0.018,0.028,0.099,0.084
14,B2_3,0.099,0.052,0.045,0.025,0.008,0.05,0.022,0.034,0.084,0.016,0.082,0.1,0.065,0.068,0.164,0.085
14,y1,0.321,0.065,0.03,0.019,0.016,0.08,0.052,0.023,0.071,0.037,0.094,0.051,0.037,0.022,0.046,0.036
14,y2,0.738,0.034,0.005,0.005,0.011,0.027,0.019,0.046,0.012,0.008,0.035,0.014,0.022,0.004,0.006,0.015
14,y3,0.703,0.028,0.041,0.039,0.001,0.009,0.004,0.045,0.034,0.05,0.019,0.005,0.003,0.002,0.005,0.012
15,.,0.027,0.076,0.071,0.028,0.035,0.025,0.011,0.069,0.196,0.043,0.046,0.042,0.037,0.211,0.065,0.017
15,A1_1,0.003,0.072,0.053,0.004,0.021,0.032,0.014,0.014,0.003,0.01,0.002,0.014,0.025,0.503,0.13,0.1
15,A1_2,0.004,0.042,0.004,0.007,0.143,0.142,0.043,0.017,0.021,0.006,0.026,0.181,0.09,0.148,0.063,0.062
15,A1_3,0.339,0.138,0.075,0.014,0.007,0.037,0.058,0.089,0.023,0.013,0.136,0.037,0.016,0.014,0.003,0.001
15,B1_1,0.123,0.072,0.152,0.084,0.038,0.016,0.012,0.043,0.046,0.081,0.049,0.017,0.008,0.075,0.032,0.154
15,B1_2,0.01,0.069,0.016,0.007,0.122,0.025,0.014,0.012,0.014,0.007,0.006,0.023,0.02,0.286,0.143,0.224
15,B1_3,0.062,0.048,0.007,0.014,0.234,0.14,0.174,0.017,0.01,0.016,0.043,0.052,0.038,0.028,0.065,0.051
15,A2_1,0.346,0.023,0.01,0.051,0.026,0.041,0.051,0.045,0.047,0.05,0.145,0.043,0.055,0.02,0.018,0.031
15,A2_2,0.327,0.155,0.031,0.014,0.038,0.011,0.05,0.114,0.02,0.048,0.081,0.025,0.01,0.026,0.016,0.034
15,A2_3,0.218,0.114,0.038,0.092,0.049,0.061,0.038,0.032,0.042,0.056,0.029,0.015,0.016,0.021,0.053,0.126
15,B2_1,0.511,0.084,0.049,0.032,0.006,0.023,0.014,0.054,0.051,0.017,0.05,0.016,0.011,0.011,0.038,0.034
15,B2_2,0.154,0.039,0.048,0.059,0.007,0.027,0.018,0.032,0.125,0.032,0.071,0.041,0.02,0.033,0.185,0.109
15,B2_3,0.081,0.046,0.032,0.021,0.017,0.056,0.026,0.023,0.085,0.013,0.1,0.095,0.073,0.058,0.19,0.084
15,y1,0.55,0.037,0.02,0.009,0.016,0.042,0.028,0.028,0.05,0.049,0.08,0.027,0.023,0.008,0.02,0.013
15,y2,0.791,0.033,0.005,0.006,0.006,0.01,0.016,0.043,0.005,0.013,0.031,0.008,0.006,0.003,0.006,0.019
15,y3,0.517,0.044,0.051,0.083,0.003,0.009,0.005,0.072,0.058,0.077,0.024,0.005,0.005,0.007,0.014,0.025
16,.,0.027,0.077,0.073,0.029,0.035,0.025,0.011,0.07,0.196,0.044,0.046,0.042,0.036,0.207,0.065,0.017
16,A1_1,0.003,0.066,0.051,0.004,0.02,0.032,0.015,0.013,0.003,0.009,0.002,0.014,0.023,0.494,0.142,0.108
16,A1_2,0.004,0.036,0.003,0.006,0.152,0.153,0.042,0.015,0.019,0.006,0.03,0.189,0.089,0.132,0.059,0.063
16,A1_3,0.427,0.12,0.067,0.011,0.007,0.032,0.046,0.074,0.021,0.012,0.128,0.03,0.014,0.009,0.002,0.001
16,B1_1,0.154,0.074,0.175,0.089,0.03,0.013,0.008,0.043,0.051,0.105,0.041,0.011,0.006,0.047,0.026,0.129
16,B1_2,0.008,0.059,0.016,0.007,0.102,0.023,0.011,0.011,0.013,0.006,0.007,0.021,0.02,0.279,0.171,0.248
16,B1_3,0.064,0.037,0.006,0.012,0.258,0.139,0.173,0.015,0.01,0.012,0.057,0.06,0.041,0.022,0.052,0.041
16,A2_1,0.445,0.023,0.01,0.038,0.016,0.028,0.04,0.039,0.038,0.063,0.142,0.033,0.037,0.012,0.014,0.021
16,A2_2,0.263,0.146,0.033,0.017,0.05,0.012,0.043,0.126,0.025,0.057,0.09,0.023,0.013,0.028,0.021,0.054
16,A2_3,0.245,0.105,0.031,0.096,0.047,0.057,0.042,0.031,0.037,0.053,0.03,0.017,0.021,0.019,0.05,0.12
16,B2_1,0.559,0.078,0.046,0.025,0.006,0.021,0.013,0.048,0.042,0.018,0.046,0.015,0.009,0.007,0.034,0.032
16,B2_2,0.17,0.04,0.053,0.057,0.006,0.021,0.013,0.036,0.141,0.043,0.072,0.032,0.016,0.028,0.165,0.105
16,B2_3,0.066,0.044,0.033,0.02,0.015,0.045,0.021,0.02,0.072,0.012,0.09,0.083,0.062,0.061,0.246,0.11
16,y1,0.37,0.037,0.023,0.011,0.028,0.066,0.035,0.026,0.077,0.05,0.127,0.046,0.044,0.011,0.03,0.018
16,y2,0.891,0.017,0.003,0.002,0.003,0.005,0.007,0.023,0.002,0.007,0.019,0.004,0.003,0.001,0.003,0.007
16,y3,0.453,0.052,0.065,0.098,0.003,0.009,0.005,0.071,0.062,0.117,0.021,0.005,0.004,0.005,0.01,0.022
17,.,0.027,0.074,0.077,0.03,0.035,0.025,0.011,0.068,0.192,0.046,0.044,0.04,0.036,0.211,0.064,0.018
17,A1_1,0.003,0.056,0.046,0.003,0.019,0.03,0.013,0.011,0.003,0.009,0.001,0.012,0.02,0.525,0.134,0.113
17,A1_2,0.004,0.032,0.003,0.006,0.169,0.153,0.045,0.014,0.017,0.005,0.029,0.185,0.097,0.131,0.052,0.058
17,A1_3,0.462,0.11,0.065,0.01,0.007,0.032,0.044,0.067,0.021,0.011,0.119,0.027,0.014,0.009,0.002,0.001
17,B1_1,0.156,0.071,0.208,0.084,0.028,0.01,0.007,0.041,0.05,0.119,0.03,0.008,0.005,0.045,0.022,0.119
17,B1_2,0.005,0.045,0.013,0.005,0.098,0.02,0.009,0.008,0.011,0.005,0.005,0.016,0.018,0.337,0.153,0.254
17,B1_3,0.06,0.027,0.005,0.009,0.307,0.139,0.174,0.013,0.009,0.008,0.049,0.061,0.053,0.02,0.038,0.029
17,A2_1,0.485,0.024,0.01,0.041,0.013,0.021,0.044,0.037,0.031,0.071,0.131,0.029,0.031,0.01,0.009,0.014
17,A2_2,0.18,0.154,0.034,0.021,0.079,0.013,0.05,0.124,0.021,0.066,0.069,0.021,0.017,0.05,0.02,0.081
17,A2_3,0.2,0.107,0.022,0.07,0.094,0.073,0.06,0.025,0.029,0.034,0.024,0.018,0.028,0.026,0.051,0.14
17,B2_1,0.668,0.062,0.037,0.018,0.006,0.017,0.013,0.041,0.028,0.018,0.04,0.012,0.005,0.004,0.015,0.016
17,B2_2,0.222,0.041,0.063,0.063,0.007,0.017,0.011,0.037,0.111,0.049,0.056,0.02,0.012,0.029,0.138,0.124
17,B2_3,0.047,0.037,0.032,0.031,0.013,0.035,0.016,0.016,0.064,0.01,0.056,0.062,0.07,0.094,0.276,0.141
17,y1,0.144,0.03,0.021,0.015,0.058,0.117,0.051,0.019,0.074,0.045,0.109,0.078,0.117,0.027,0.059,0.035
17,y2,0.917,0.01,0.002,0.001,0.005,0.007,0.009,0.013,0.002,0.004,0.013,0.004,0.006,0.001,0.002,0.005
17,y3,0.431,0.051,0.073,0.102,0.003,0.008,0.005,0.071,0.051,0.157,0.02,0.005,0.003,0.003,0.005,0.012
18,.,0.026,0.076,0.075,0.03,0.033,0.025,0.011,0.07,0.204,0.046,0.043,0.04,0.035,0.203,0.064,0.018
18,A1_1,0.003,0.055,0.047,0.003,0.018,0.031,0.013,0.011,0.003,0.009,0.001,0.012,0.019,0.511,0.139,0.126
18,A1_2,0.004,0.031,0.003,0.005,0.154,0.16,0.046,0.014,0.017,0.006,0.033,0.195,0.112,0.113,0.051,0.057
18,A1_3,0.507,0.101,0.055,0.008,0.006,0.028,0.04,0.064,0.02,0.01,0.112,0.024,0.015,0.007,0.002,0.001
18,B1_1,0.153,0.075,0.215,0.078,0.023,0.008,0.005,0.045,0.061,0.136,0.025,0.006,0.004,0.036,0.016,0.113
18,B1_2,0.004,0.042,0.012,0.004,0.078,0.019,0.007,0.006,0.01,0.004,0.004,0.014,0.018,0.318,0.154,0.305
18,B1_3,0.077,0.026,0.005,0.008,0.259,0.149,0.193,0.013,0.011,0.008,0.071,0.072,0.053,0.012,0.022,0.02
18,A2_1,0.579,0.026,0.01,0.029,0.008,0.015,0.036,0.031,0.024,0.074,0.104,0.021,0.019,0.006,0.006,0.012
18,A2_2,0.177,0.156,0.029,0.02,0.081,0.015,0.048,0.121,0.027,0.053,0.063,0.02,0.021,0.042,0.017,0.112
18,A2_3,0.363,0.098,0.02,0.066,0.055,0.055,0.053,0.031,0.031,0.037,0.024,0.015,0.023,0.015,0.026,0.087
18,B2_1,0.52,0.098,0.051,0.033,0.005,0.02,0.018,0.051,0.037,0.024,0.055,0.016,0.006,0.007,0.026,0.035
18,B2_2,0.169,0.043,0.048,0.064,0.008,0.021,0.013,0.034,0.128,0.036,0.057,0.026,0.016,0.035,0.138,0.165
18,B2_3,0.084,0.044,0.034,0.027,0.01,0.041,0.023,0.022,0.075,0.012,0.098,0.09,0.062,0.058,0.192,0.127
18,y1,0.307,0.04,0.026,0.015,0.027,0.072,0.037,0.026,0.087,0.062,0.123,0.05,0.05,0.014,0.033,0.03
18,y2,0.875,0.017,0.003,0.002,0.006,0.008,0.009,0.02,0.003,0.006,0.02,0.005,0.007,0.001,0.004,0.012
18,y3,0.458,0.048,0.06,0.095,0.002,0.008,0.005,0.067,0.064,0.14,0.018,0.004,0.004,0.003,0.006,0.017
19,.,0.025,0.078,0.079,0.03,0.033,0.026,0.011,0.072,0.193,0.045,0.043,0.038,0.036,0.204,0.07,0.018
19,A1_1,0.003,0.05,0.043,0.003,0.017,0.03,0.012,0.011,0.002,0.008,0.001,0.011,0.019,0.506,0.166,0.118
19,A1_2,0.004,0.026,0.003,0.005,0.163,0.179,0.051,0.012,0.015,0.005,0.032,0.173,0.126,0.105,0.052,0.048
19,A1_3,0.499,0.105,0.054,0.008,0.006,0.028,0.041,0.069,0.019,0.009,0.112,0.023,0.018,0.007,0.002,0.001
19,B1_1,0.128,0.093,0.261,0.073,0.018,0.008,0.004,0.051,0.059,0.135,0.02,0.005,0.003,0.037,0.019,0.086
19,B1_2,0.003,0.032,0.011,0.004,0.07,0.019,0.006,0.005,0.009,0.003,0.004,0.011,0.02,0.321,0.218,0.265
19,B1_3,0.08,0.021,0.004,0.007,0.225,0.14,0.22,0.012,0.011,0.005,0.071,0.079,0.082,0.012,0.021,0.012
19,A2_1,0.535,0.034,0.013,0.029,0.006,0.014,0.04,0.036,0.024,0.1,0.104,0.023,0.022,0.006,0.007,0.008
19,A2_2,0.08,0.187,0.03,0.018,0.103,0.023,0.041,0.138,0.029,0.038,0.059,0.015,0.035,0.073,0.023,0.108
19,A2_3,0.482,0.083,0.016,0.053,0.037,0.038,0.05,0.036,0.024,0.03,0.029,0.014,0.021,0.012,0.022,0.05
19,B2_1,0.454,0.161,0.083,0.033,0.003,0.014,0.014,0.071,0.029,0.028,0.036,0.01,0.004,0.008,0.025,0.025
19,B2_2,0.069,0.047,0.051,0.072,0.011,0.022,0.012,0.026,0.125,0.025,0.038,0.02,0.024,0.064,0.221,0.174
19,B2_3,0.067,0.032,0.031,0.011,0.016,0.056,0.024,0.019,0.08,0.008,0.13,0.108,0.099,0.05,0.198,0.071
19,y1,0.477,0.034,0.028,0.007,0.022,0.038,0.033,0.028,0.057,0.076,0.103,0.031,0.033,0.006,0.016,0.011
19,y2,0.915,0.016,0.002,0.002,0.004,0.004,0.005,0.016,0.002,0.005,0.011,0.002,0.003,0.001,0.003,0.008
19,y3,0.307,0.062,0.085,0.132,0.003,0.009,0.005,0.1,0.074,0.17,0.018,0.004,0.004,0.004,0.007,0.016
20,.,0.023,0.079,0.076,0.03,0.031,0.025,0.011,0.073,0.2,0.045,0.042,0.037,0.035,0.207,0.067,0.018
20,A1_1,0.003,0.047,0.04,0.003,0.016,0.028,0.011,0.01,0.002,0.008,0.001,0.01,0.017,0.526,0.158,0.119
20,A1_2,0.004,0.026,0.003,0.004,0.13,0.189,0.058,0.013,0.014,0.005,0.038,0.197,0.132,0.095,0.048,0.044
20,A1_3,0.536,0.098,0.051,0.008,0.005,0.025,0.037,0.064,0.02,0.009,0.103,0.02,0.017,0.006,0.001,0.001
20,B1_1,0.106,0.098,0.255,0.069,0.017,0.007,0.003,0.055,0.063,0.139,0.018,0.004,0.004,0.042,0.019,0.102
20,B1_2,0.003,0.031,0.01,0.003,0.065,0.02,0.005,0.005,0.009,0.002,0.004,0.011,0.023,0.336,0.204,0.268
20,B1_3,0.116,0.022,0.005,0.007,0.142,0.144,0.237,0.013,0.015,0.006,0.106,0.092,0.072,0.007,0.011,0.006
20,A2_1,0.577,0.035,0.015,0.021,0.004,0.012,0.032,0.032,0.019,0.11,0.085,0.018,0.016,0.005,0.007,0.011
20,A2_2,0.106,0.16,0.023,0.014,0.127,0.031,0.04,0.103,0.039,0.024,0.05,0.015,0.053,0.055,0.019,0.14
20,A2_3,0.763,0.049,0.01,0.023,0.01,0.012,0.021,0.028,0.013,0.026,0.017,0.005,0.005,0.003,0.004,0.011
20,B2_1,0.228,0.26,0.114,0.063,0.003,0.016,0.012,0.065,0.046,0.028,0.033,0.007,0.006,0.026,0.047,0.045
20,B2_2,0.05,0.039,0.03,0.059,0.01,0.036,0.017,0.023,0.115,0.011,0.048,0.037,0.042,0.094,0.218,0.173
20,B2_3,0.076,0.031,0.022,0.008,0.013,0.057,0.044,0.021,0.059,0.01,0.238,0.182,0.081,0.027,0.096,0.036
20,y1,0.82,0.019,0.01,0.002,0.004,0.011,0.011,0.013,0.017,0.029,0.042,0.008,0.005,0.001,0.004,0.003
20,y2,0.81,0.035,0.005,0.008,0.003,0.006,0.01,0.046,0.006,0.018,0.019,0.004,0.004,0.002,0.005,0.018
20,y3,0.395,0.064,0.056,0.092,0.002,0.007,0.004,0.104,0.087,0.068,0.018,0.005,0.009,0.019,0.027,0.043
21,.,0.022,0.078,0.077,0.031,0.032,0.026,0.011,0.072,0.198,0.047,0.041,0.037,0.036,0.206,0.068,0.019
21,A1_1,0.003,0.043,0.039,0.003,0.016,0.027,0.011,0.009,0.002,0.007,0.001,0.01,0.017,0.521,0.161,0.129
21,A1_2,0.004,0.025,0.002,0.004,0.15,0.181,0.06,0.012,0.013,0.005,0.04,0.188,0.142,0.089,0.044,0.042
21,A1_3,0.56,0.096,0.05,0.007,0.005,0.025,0.035,0.058,0.018,0.01,0.1,0.017,0.016,0.005,0.001,0.001
21,B1_1,0.103,0.092,0.283,0.066,0.014,0.006,0.003,0.052,0.059,0.148,0.014,0.003,0.003,0.037,0.017,0.099
21,B1_2,0.002,0.026,0.01,0.003,0.062,0.019,0.004,0.004,0.009,0.002,0.003,0.01,0.021,0.323,0.196,0.305
21,B1_3,0.114,0.018,0.004,0.006,0.166,0.142,0.232,0.01,0.014,0.005,0.11,0.085,0.075,0.006,0.009,0.005
21,A2_1,0.648,0.03,0.015,0.016,0.003,0.01,0.027,0.021,0.014,0.114,0.063,0.012,0.01,0.003,0.004,0.008
21,A2_2,0.128,0.163,0.028,0.018,0.118,0.029,0.037,0.092,0.038,0.027,0.042,0.012,0.056,0.045,0.017,0.151
21,A2_3,0.763,0.05,0.015,0.025,0.01,0.012,0.018,0.024,0.014,0.027,0.015,0.004,0.004,0.003,0.004,0.011
21,B2_1,0.122,0.23,0.124,0.092,0.006,0.023,0.015,0.047,0.063,0.027,0.039,0.009,0.01,0.046,0.075,0.072
21,B2_2,0.057,0.032,0.028,0.04,0.01,0.043,0.024,0.017,0.085,0.008,0.068,0.055,0.039,0.08,0.224,0.188
21,B2_3,0.089,0.028,0.021,0.008,0.016,0.05,0.058,0.02,0.046,0.015,0.276,0.186,0.073,0.018,0.064,0.032
21,y1,0.941,0.008,0.004,0.001,0.001,0.004,0.003,0.004,0.005,0.011,0.013,0.002,0.001,0.0,0.001,0.001
21,y2,0.594,0.059,0.018,0.034,0.004,0.01,0.017,0.089,0.017,0.077,0.028,0.006,0.005,0.003,0.008,0.03
21,y3,0.192,0.066,0.061,0.095,0.003,0.007,0.004,0.068,0.077,0.025,0.027,0.007,0.024,0.108,0.105,0.132
22,.,0.021,0.078,0.076,0.032,0.031,0.026,0.011,0.074,0.201,0.045,0.04,0.038,0.036,0.205,0.069,0.018
22,A1_1,0.002,0.041,0.037,0.003,0.016,0.027,0.011,0.009,0.002,0.007,0.001,0.01,0.016,0.513,0.183,0.122
22,A1_2,0.003,0.022,0.002,0.004,0.141,0.198,0.056,0.011,0.012,0.005,0.039,0.189,0.154,0.083,0.043,0.038
22,A1_3,0.5,0.102,0.051,0.009,0.005,0.029,0.04,0.074,0.018,0.009,0.11,0.021,0.022,0.006,0.001,0.001
22,B1_1,0.108,0.096,0.274,0.07,0.017,0.006,0.003,0.062,0.055,0.147,0.013,0.003,0.003,0.036,0.017,0.09
22,B1_2,0.002,0.026,0.009,0.003,0.061,0.019,0.004,0.004,0.009,0.002,0.003,0.01,0.02,0.318,0.229,0.281
22,B1_3,0.083,0.017,0.004,0.007,0.178,0.156,0.228,0.01,0.012,0.004,0.103,0.091,0.084,0.007,0.01,0.006
22,A2_1,0.551,0.035,0.016,0.024,0.005,0.013,0.039,0.029,0.018,0.119,0.093,0.02,0.016,0.005,0.006,0.01
22,A2_2,0.098,0.156,0.027,0.016,0.145,0.03,0.035,0.095,0.033,0.023,0.042,0.013,0.057,0.056,0.02,0.152
22,A2_3,0.73,0.052,0.014,0.031,0.015,0.017,0.025,0.028,0.015,0.027,0.018,0.006,0.005,0.003,0.004,0.011
22,B2_1,0.133,0.253,0.138,0.087,0.005,0.019,0.013,0.06,0.051,0.026,0.035,0.008,0.008,0.043,0.067,0.054
22,B2_2,0.045,0.034,0.027,0.046,0.012,0.044,0.021,0.017,0.076,0.008,0.053,0.045,0.032,0.082,0.263,0.195
22,B2_3,0.057,0.026,0.019,0.01,0.018,0.057,0.053,0.019,0.044,0.011,0.262,0.203,0.103,0.023,0.066,0.028
22,y1,0.906,0.012,0.006,0.001,0.003,0.007,0.008,0.006,0.006,0.013,0.021,0.004,0.002,0.001,0.002,0.002
22,y2,0.684,0.048,0.011,0.023,0.005,0.01,0.016,0.082,0.012,0.047,0.025,0.006,0.005,0.002,0.006,0.021
22,y3,0.33,0.064,0.068,0.101,0.002,0.006,0.003,0.089,0.073,0.032,0.018,0.005,0.013,0.051,0.065,0.079
23,.,0.02,0.077,0.073,0.033,0.031,0.025,0.01,0.072,0.201,0.046,0.038,0.037,0.035,0.209,0.072,0.019
23,A1_1,0.002,0.038,0.034,0.003,0.016,0.026,0.01,0.008,0.002,0.007,0.001,0.01,0.015,0.484,0.205,0.137
23,A1_2,0.003,0.02,0.002,0.004,0.144,0.215,0.053,0.01,0.011,0.005,0.036,0.187,0.155,0.073,0.044,0.038
23,A1_3,0.539,0.094,0.046,0.008,0.005,0.029,0.038,0.068,0.018,0.009,0.096,0.02,0.023,0.006,0.001,0.001
23,B1_1,0.1,0.097,0.258,0.083,0.016,0.006,0.003,0.064,0.058,0.168,0.011,0.003,0.003,0.031,0.017,0.084
23,B1_2,0.001,0.021,0.007,0.003,0.052,0.017,0.003,0.003,0.008,0.002,0.002,0.009,0.019,0.274,0.265,0.312
23,B1_3,0.076,0.015,0.003,0.006,0.18,0.159,0.225,0.01,0.012,0.004,0.095,0.1,0.094,0.006,0.01,0.006
23,A2_1,0.569,0.035,0.017,0.024,0.005,0.012,0.035,0.028,0.019,0.13,0.072,0.018,0.017,0.004,0.006,0.009
23,A2_2,0.084,0.139,0.024,0.018,0.149,0.034,0.03,0.098,0.039,0.023,0.041,0.012,0.068,0.055,0.024,0.163
23,A2_3,0.715,0.049,0.014,0.036,0.012,0.014,0.022,0.035,0.02,0.03,0.019,0.007,0.006,0.003,0.006,0.011
23,B2_1,0.078,0.269,0.137,0.097,0.005,0.017,0.012,0.055,0.055,0.024,0.027,0.008,0.01,0.055,0.09,0.06
23,B2_2,0.033,0.026,0.023,0.038,0.013,0.047,0.02,0.017,0.083,0.007,0.049,0.053,0.047,0.077,0.287,0.18
23,B2_3,0.061,0.025,0.018,0.007,0.019,0.055,0.056,0.022,0.042,0.013,0.284,0.213,0.093,0.014,0.056,0.021
23,y1,0.908,0.012,0.006,0.001,0.003,0.005,0.005,0.007,0.008,0.015,0.02,0.003,0.002,0.001,0.002,0.002
23,y2,0.475,0.073,0.02,0.047,0.009,0.015,0.025,0.123,0.022,0.085,0.037,0.01,0.007,0.004,0.013,0.036
23,y3,0.222,0.059,0.053,0.1,0.003,0.007,0.004,0.076,0.07,0.026,0.024,0.007,0.02,0.076,0.125,0.129
24,.,0.02,0.08,0.076,0.034,0.032,0.025,0.01,0.072,0.198,0.048,0.038,0.035,0.034,0.207,0.072,0.02
24,A1_1,0.002,0.037,0.032,0.003,0.016,0.024,0.01,0.008,0.002,0.007,0.001,0.009,0.014,0.488,0.206,0.14
24,A1_2,0.004,0.019,0.002,0.003,0.176,0.216,0.055,0.009,0.011,0.004,0.037,0.179,0.139,0.072,0.04,0.036
24,A1_3,0.573,0.094,0.05,0.008,0.005,0.026,0.033,0.057,0.016,0.009,0.09,0.016,0.016,0.005,0.001,0.001
24,B1_1,0.098,0.1,0.271,0.084,0.015,0.005,0.003,0.055,0.055,0.162,0.01,0.002,0.003,0.026,0.017,0.092
24,B1_2,0.002,0.021,0.009,0.003,0.054,0.016,0.003,0.003,0.007,0.002,0.002,0.008,0.017,0.27,0.26,0.322
24,B1_3,0.08,0.015,0.004,0.006,0.237,0.16,0.21,0.008,0.011,0.004,0.102,0.082,0.064,0.006,0.009,0.005
24,A2_1,0.652,0.032,0.018,0.019,0.005,0.01,0.028,0.019,0.015,0.112,0.05,0.011,0.011,0.003,0.005,0.009
24,A2_2,0.116,0.128,0.024,0.022,0.149,0.031,0.029,0.074,0.037,0.025,0.034,0.01,0.058,0.039,0.027,0.197
