,,.,A1_1,A1_2,A1_3,B1_1,B1_2,B1_3,A2_1,A2_2,A2_3,B2_1,B2_2,B2_3,y1,y2,y3
2,.,1.0,-0.282,0.031,-0.24,-0.492,-0.146,-0.218,-0.383,-0.665,0.744,0.53,0.11,-0.098,-0.944,-0.753,-0.955
2,A1_1,-0.282,1.0,0.637,0.228,-0.213,-0.343,-0.298,0.18,0.089,0.087,-0.631,-0.176,-0.341,0.21,0.198,0.116
2,A1_2,0.031,0.637,1.0,0.01,-0.212,-0.456,-0.154,-0.33,-0.422,0.381,0.13,-0.101,-0.562,-0.233,-0.086,-0.134
2,A1_3,-0.24,0.228,0.01,1.0,0.294,-0.024,-0.098,0.769,0.339,0.043,-0.106,-0.889,-0.522,0.237,0.138,0.278
2,B1_1,-0.492,-0.213,-0.212,0.294,1.0,0.721,0.444,0.222,0.0,-0.604,-0.043,0.031,0.178,0.395,-0.038,0.547
2,B1_2,-0.146,-0.343,-0.456,-0.024,0.721,1.0,0.772,-0.05,-0.109,-0.512,-0.12,0.187,0.235,0.065,-0.063,0.274
2,B1_3,-0.218,-0.298,-0.154,-0.098,0.444,0.772,1.0,-0.243,-0.006,-0.364,0.047,-0.014,-0.161,0.021,0.298,0.371
2,A2_1,-0.383,0.18,-0.33,0.769,0.222,-0.05,-0.243,1.0,0.711,-0.026,-0.479,-0.593,-0.221,0.454,0.216,0.302
2,A2_2,-0.665,0.089,-0.422,0.339,0.0,-0.109,-0.006,0.711,1.0,-0.341,-0.566,-0.364,-0.011,0.743,0.763,0.615
2,A2_3,0.744,0.087,0.381,0.043,-0.604,-0.512,-0.364,-0.026,-0.341,1.0,0.334,-0.222,-0.587,-0.793,-0.535,-0.834
2,B2_1,0.53,-0.631,0.13,-0.106,-0.043,-0.12,0.047,-0.479,-0.566,0.334,1.0,-0.046,-0.122,-0.559,-0.402,-0.379
2,B2_2,0.11,-0.176,-0.101,-0.889,0.031,0.187,-0.014,-0.593,-0.364,-0.222,-0.046,1.0,0.725,-0.08,-0.308,-0.189
2,B2_3,-0.098,-0.341,-0.562,-0.522,0.178,0.235,-0.161,-0.221,-0.011,-0.587,-0.122,0.725,1.0,0.309,-0.073,0.118
2,y1,-0.944,0.21,-0.233,0.237,0.395,0.065,0.021,0.454,0.743,-0.793,-0.559,-0.08,0.309,1.0,0.742,0.912
2,y2,-0.753,0.198,-0.086,0.138,-0.038,-0.063,0.298,0.216,0.763,-0.535,-0.402,-0.308,-0.073,0.742,1.0,0.795
2,y3,-0.955,0.116,-0.134,0.278,0.547,0.274,0.371,0.302,0.615,-0.834,-0.379,-0.189,0.118,0.912,0.795,1.0
4,.,1.0,-0.341,0.307,0.217,0.175,0.182,-0.004,-0.583,-0.74,-0.663,-0.286,0.557,0.427,-0.116,-0.408,-0.953
4,A1_1,-0.341,1.0,0.215,0.704,-0.408,-0.391,-0.003,0.163,0.176,0.251,-0.161,-0.235,-0.186,0.133,0.495,0.163
4,A1_2,0.307,0.215,1.0,0.759,-0.052,-0.52,-0.184,-0.479,0.047,-0.128,-0.691,-0.35,-0.013,0.81,-0.193,-0.208
4,A1_3,0.217,0.704,0.759,1.0,-0.387,-0.623,-0.089,-0.318,-0.164,-0.158,-0.463,-0.105,0.077,0.528,0.238,-0.246
4,B1_1,0.175,-0.408,-0.052,-0.387,1.0,0.699,0.455,-0.557,-0.105,-0.411,0.188,-0.056,-0.097,-0.055,-0.276,-0.093
4,B1_2,0.182,-0.391,-0.52,-0.623,0.699,1.0,0.221,-0.039,-0.208,-0.218,0.368,0.087,-0.31,-0.692,-0.429,-0.255
4,B1_3,-0.004,-0.003,-0.184,-0.089,0.455,0.221,1.0,-0.249,-0.159,-0.293,0.502,-0.019,-0.075,0.069,0.052,0.119
4,A2_1,-0.583,0.163,-0.479,-0.318,-0.557,-0.039,-0.249,1.0,0.58,0.842,0.068,-0.333,-0.472,-0.335,-0.102,0.445
4,A2_2,-0.74,0.176,0.047,-0.164,-0.105,-0.208,-0.159,0.58,1.0,0.901,-0.324,-0.748,-0.483,0.324,-0.121,0.71
4,A2_3,-0.663,0.251,-0.128,-0.158,-0.411,-0.218,-0.293,0.842,0.901,1.0,-0.32,-0.579,-0.458,0.051,-0.141,0.555
4,B2_1,-0.286,-0.161,-0.691,-0.463,0.188,0.368,0.502,0.068,-0.324,-0.32,1.0,0.201,-0.08,-0.411,0.364,0.328
4,B2_2,0.557,-0.235,-0.35,-0.105,-0.056,0.087,-0.019,-0.333,-0.748,-0.579,0.201,1.0,0.844,-0.485,0.331,-0.58
4,B2_3,0.427,-0.186,-0.013,0.077,-0.097,-0.31,-0.075,-0.472,-0.483,-0.458,-0.08,0.844,1.0,-0.004,0.457,-0.37
4,y1,-0.116,0.133,0.81,0.528,-0.055,-0.692,0.069,-0.335,0.324,0.051,-0.411,-0.485,-0.004,1.0,0.045,0.307
4,y2,-0.408,0.495,-0.193,0.238,-0.276,-0.429,0.052,-0.102,-0.121,-0.141,0.364,0.331,0.457,0.045,1.0,0.366
4,y3,-0.953,0.163,-0.208,-0.246,-0.093,-0.255,0.119,0.445,0.71,0.555,0.328,-0.58,-0.37,0.307,0.366,1.0
6,.,1.0,0.044,-0.093,-0.074,-0.184,0.794,-0.239,0.06,0.161,-0.276,-0.322,-0.105,-0.172,-0.75,-0.858,-0.71
6,A1_1,0.044,1.0,0.878,0.785,0.019,-0.299,-0.352,-0.024,-0.073,-0.212,-0.008,-0.338,-0.149,0.296,0.121,0.244
6,A1_2,-0.093,0.878,1.0,0.811,0.27,-0.326,-0.101,-0.348,-0.083,-0.072,0.247,-0.275,0.131,0.339,0.311,0.534
6,A1_3,-0.074,0.785,0.811,1.0,0.203,-0.335,-0.164,-0.127,-0.049,-0.319,0.248,-0.055,0.312,0.516,0.073,0.234
6,B1_1,-0.184,0.019,0.27,0.203,1.0,0.303,0.754,-0.324,0.296,-0.013,-0.16,-0.331,0.809,0.398,0.191,0.61
6,B1_2,0.794,-0.299,-0.326,-0.335,0.303,1.0,0.263,-0.014,0.325,-0.185,-0.496,-0.203,0.208,-0.587,-0.719,-0.445
6,B1_3,-0.239,-0.352,-0.101,-0.164,0.754,0.263,1.0,0.029,0.553,0.158,-0.056,-0.408,0.699,0.125,0.021,0.409
6,A2_1,0.06,-0.024,-0.348,-0.127,-0.324,-0.014,0.029,1.0,0.659,0.24,-0.559,-0.509,-0.376,-0.193,-0.367,-0.4
6,A2_2,0.161,-0.073,-0.083,-0.049,0.296,0.325,0.553,0.659,1.0,0.502,-0.596,-0.82,0.091,-0.311,-0.331,-0.002
6,A2_3,-0.276,-0.212,-0.072,-0.319,-0.013,-0.185,0.158,0.24,0.502,1.0,-0.312,-0.462,-0.344,-0.279,0.398,0.383
6,B2_1,-0.322,-0.008,0.247,0.248,-0.16,-0.496,-0.056,-0.559,-0.596,-0.312,1.0,0.641,0.262,0.276,0.271,0.16
6,B2_2,-0.105,-0.338,-0.275,-0.055,-0.331,-0.203,-0.408,-0.509,-0.82,-0.462,0.641,1.0,0.104,0.204,0.089,-0.258
6,B2_3,-0.172,-0.149,0.131,0.312,0.809,0.208,0.699,-0.376,0.091,-0.344,0.262,0.104,1.0,0.468,-0.006,0.327
6,y1,-0.75,0.296,0.339,0.516,0.398,-0.587,0.125,-0.193,-0.311,-0.279,0.276,0.204,0.468,1.0,0.607,0.572
6,y2,-0.858,0.121,0.311,0.073,0.191,-0.719,0.021,-0.367,-0.331,0.398,0.271,0.089,-0.006,0.607,1.0,0.847
6,y3,-0.71,0.244,0.534,0.234,0.61,-0.445,0.409,-0.4,-0.002,0.383,0.16,-0.258,0.327,0.572,0.847,1.0
8,.,1.0,-0.09,-0.278,-0.064,-0.541,-0.301,0.168,0.201,-0.695,0.212,-0.243,0.157,-0.316,-0.644,-0.647,-0.501
8,A1_1,-0.09,1.0,0.236,0.154,0.29,-0.114,-0.107,-0.605,0.178,-0.239,0.422,0.397,0.195,0.152,0.032,-0.519
8,A1_2,-0.278,0.236,1.0,0.8,0.634,0.289,-0.766,-0.332,0.359,-0.374,-0.577,0.071,-0.389,0.134,-0.033,-0.211
8,A1_3,-0.064,0.154,0.8,1.0,0.308,-0.183,-0.903,0.008,0.234,-0.177,-0.675,-0.2,-0.317,-0.027,-0.139,-0.144
8,B1_1,-0.541,0.29,0.634,0.308,1.0,0.554,-0.493,-0.308,0.451,-0.728,0.049,0.445,-0.266,0.454,0.409,-0.182
8,B1_2,-0.301,-0.114,0.289,-0.183,0.554,1.0,0.227,-0.564,0.537,-0.022,-0.126,0.123,-0.384,-0.173,-0.171,-0.201
8,B1_3,0.168,-0.107,-0.766,-0.903,-0.493,0.227,1.0,-0.22,-0.062,0.548,0.477,-0.057,0.252,-0.327,-0.233,0.022
8,A2_1,0.201,-0.605,-0.332,0.008,-0.308,-0.564,-0.22,1.0,-0.5,-0.158,-0.036,-0.211,-0.087,0.207,0.332,0.586
8,A2_2,-0.695,0.178,0.359,0.234,0.451,0.537,-0.062,-0.5,1.0,0.226,-0.06,-0.452,-0.146,-0.057,-0.039,0.148
8,A2_3,0.212,-0.239,-0.374,-0.177,-0.728,-0.022,0.548,-0.158,0.226,1.0,-0.237,-0.739,0.058,-0.715,-0.666,0.113
8,B2_1,-0.243,0.422,-0.577,-0.675,0.049,-0.126,0.477,-0.036,-0.06,-0.237,1.0,0.362,0.465,0.461,0.539,0.125
8,B2_2,0.157,0.397,0.071,-0.2,0.445,0.123,-0.057,-0.211,-0.452,-0.739,0.362,1.0,0.15,0.383,0.307,-0.58
8,B2_3,-0.316,0.195,-0.389,-0.317,-0.266,-0.384,0.252,-0.087,-0.146,0.058,0.465,0.15,1.0,0.477,0.457,0.137
8,y1,-0.644,0.152,0.134,-0.027,0.454,-0.173,-0.327,0.207,-0.057,-0.715,0.461,0.383,0.477,1.0,0.971,0.41
8,y2,-0.647,0.032,-0.033,-0.139,0.409,-0.171,-0.233,0.332,-0.039,-0.666,0.539,0.307,0.457,0.971,1.0,0.512
8,y3,-0.501,-0.519,-0.211,-0.144,-0.182,-0.201,0.022,0.586,0.148,0.113,0.125,-0.58,0.137,0.41,0.512,1.0
10,.,1.0,-0.232,0.048,0.073,0.222,0.53,0.091,-0.007,-0.556,-0.226,0.434,-0.187,-0.068,-0.438,-0.632,-0.802
10,A1_1,-0.232,1.0,0.779,0.283,-0.412,0.086,-0.405,-0.173,-0.242,0.088,-0.049,0.298,-0.572,-0.211,-0.077,0.314
10,A1_2,0.048,0.779,1.0,0.222,-0.167,0.202,-0.633,-0.044,-0.058,0.244,-0.27,0.162,-0.906,-0.727,-0.118,0.011
10,A1_3,0.073,0.283,0.222,1.0,-0.376,-0.436,-0.174,-0.476,-0.232,-0.611,0.454,-0.038,-0.477,0.141,-0.369,0.435
10,B1_1,0.222,-0.412,-0.167,-0.376,1.0,0.681,0.583,-0.246,-0.069,-0.195,0.268,-0.263,0.078,-0.386,0.52,-0.163
10,B1_2,0.53,0.086,0.202,-0.436,0.681,1.0,0.401,-0.149,-0.536,-0.063,0.319,-0.039,-0.027,-0.555,0.078,-0.53
10,B1_3,0.091,-0.405,-0.633,-0.174,0.583,0.401,1.0,-0.555,-0.425,-0.65,0.689,0.141,0.601,0.395,0.191,-0.031
10,A2_1,-0.007,-0.173,-0.044,-0.476,-0.246,-0.149,-0.555,1.0,0.351,0.855,-0.735,-0.514,0.166,-0.103,0.106,-0.279
10,A2_2,-0.556,-0.242,-0.058,-0.232,-0.069,-0.536,-0.425,0.351,1.0,0.565,-0.691,-0.03,-0.026,-0.012,0.393,0.315
10,A2_3,-0.226,0.088,0.244,-0.611,-0.195,-0.063,-0.65,0.855,0.565,1.0,-0.898,-0.19,-0.035,-0.306,0.231,-0.182
10,B2_1,0.434,-0.049,-0.27,0.454,0.268,0.319,0.689,-0.735,-0.691,-0.898,1.0,0.066,0.171,0.237,-0.287,-0.002
10,B2_2,-0.187,0.298,0.162,-0.038,-0.263,-0.039,0.141,-0.514,-0.03,-0.19,0.066,1.0,-0.014,0.124,-0.358,-0.063
10,B2_3,-0.068,-0.572,-0.906,-0.477,0.078,-0.027,0.601,0.166,-0.026,-0.035,0.171,-0.014,1.0,0.704,0.087,-0.143
10,y1,-0.438,-0.211,-0.727,0.141,-0.386,-0.555,0.395,-0.103,-0.012,-0.306,0.237,0.124,0.704,1.0,0.017,0.424
10,y2,-0.632,-0.077,-0.118,-0.369,0.52,0.078,0.191,0.106,0.393,0.231,-0.287,-0.358,0.087,0.017,1.0,0.545
10,y3,-0.802,0.314,0.011,0.435,-0.163,-0.53,-0.031,-0.279,0.315,-0.182,-0.002,-0.063,-0.143,0.424,0.545,1.0
12,.,1.0,-0.24,-0.553,-0.463,0.418,0.745,0.878,-0.095,-0.054,-0.089,-0.387,-0.006,-0.28,-0.707,-0.623,-0.681
12,A1_1,-0.24,1.0,0.426,0.435,0.081,-0.188,-0.407,-0.407,0.025,-0.422,0.071,0.302,-0.324,-0.446,-0.51,-0.41
12,A1_2,-0.553,0.426,1.0,0.637,-0.286,-0.14,-0.788,-0.177,0.135,-0.271,-0.22,-0.008,-0.187,0.131,0.045,0.132
12,A1_3,-0.463,0.435,0.637,1.0,-0.003,-0.454,-0.551,-0.336,0.3,-0.167,-0.33,-0.479,-0.395,0.231,0.142,0.2
12,B1_1,0.418,0.081,-0.286,-0.003,1.0,0.55,0.531,-0.648,-0.567,-0.657,-0.163,0.074,-0.421,-0.422,-0.274,-0.445
12,B1_2,0.745,-0.188,-0.14,-0.454,0.55,1.0,0.64,-0.179,-0.344,-0.379,-0.419,0.174,-0.371,-0.618,-0.472,-0.577
12,B1_3,0.878,-0.407,-0.788,-0.551,0.531,0.64,1.0,0.074,-0.195,0.091,-0.222,-0.129,-0.202,-0.433,-0.288,-0.423
12,A2_1,-0.095,-0.407,-0.177,-0.336,-0.648,-0.179,0.074,1.0,0.472,0.932,-0.041,-0.388,0.137,0.476,0.492,0.547
12,A2_2,-0.054,0.025,0.135,0.3,-0.567,-0.344,-0.195,0.472,1.0,0.548,-0.561,-0.612,-0.391,0.23,0.129,0.358
12,A2_3,-0.089,-0.422,-0.271,-0.167,-0.657,-0.379,0.091,0.932,0.548,1.0,-0.017,-0.534,0.186,0.528,0.508,0.561
12,B2_1,-0.387,0.071,-0.22,-0.33,-0.163,-0.419,-0.222,-0.041,-0.561,-0.017,1.0,0.663,0.851,0.139,0.102,0.029
12,B2_2,-0.006,0.302,-0.008,-0.479,0.074,0.174,-0.129,-0.388,-0.612,-0.534,0.663,1.0,0.507,-0.459,-0.478,-0.497
12,B2_3,-0.28,-0.324,-0.187,-0.395,-0.421,-0.371,-0.202,0.137,-0.391,0.186,0.851,0.507,1.0,0.282,0.212,0.155
12,y1,-0.707,-0.446,0.131,0.231,-0.422,-0.618,-0.433,0.476,0.23,0.528,0.139,-0.459,0.282,1.0,0.976,0.978
12,y2,-0.623,-0.51,0.045,0.142,-0.274,-0.472,-0.288,0.492,0.129,0.508,0.102,-0.478,0.212,0.976,1.0,0.96
12,y3,-0.681,-0.41,0.132,0.2,-0.445,-0.577,-0.423,0.547,0.358,0.561,0.029,-0.497,0.155,0.978,0.96,1.0
14,.,1.0,-0.319,-0.25,0.007,0.351,0.079,0.229,-0.491,-0.251,-0.006,0.313,0.096,0.175,-0.826,-0.907,-0.664
14,A1_1,-0.319,1.0,0.674,0.672,-0.769,-0.451,-0.801,0.32,-0.129,0.058,-0.019,0.072,-0.056,0.574,0.218,-0.056
14,A1_2,-0.25,0.674,1.0,0.668,-0.649,-0.244,-0.512,0.089,-0.073,-0.262,0.058,-0.201,0.028,0.553,0.304,-0.035
14,A1_3,0.007,0.672,0.668,1.0,-0.811,-0.855,-0.747,0.16,-0.359,-0.172,0.221,0.012,-0.014,0.266,0.057,-0.271
14,B1_1,0.351,-0.769,-0.649,-0.811,1.0,0.703,0.947,-0.364,0.195,-0.119,-0.148,-0.283,-0.06,-0.605,-0.372,0.272
14,B1_2,0.079,-0.451,-0.244,-0.855,0.703,1.0,0.679,-0.309,0.28,0.061,-0.185,-0.064,0.042,-0.173,-0.143,0.169
14,B1_3,0.229,-0.801,-0.512,-0.747,0.947,0.679,1.0,-0.49,0.061,-0.332,-0.053,-0.259,-0.027,-0.447,-0.224,0.428
14,A2_1,-0.491,0.32,0.089,0.16,-0.364,-0.309,-0.49,1.0,0.592,0.657,-0.71,-0.37,-0.5,0.168,0.383,-0.034
14,A2_2,-0.251,-0.129,-0.073,-0.359,0.195,0.28,0.061,0.592,1.0,0.293,-0.382,-0.658,0.073,0.036,0.378,0.046
14,A2_3,-0.006,0.058,-0.262,-0.172,-0.119,0.061,-0.332,0.657,0.293,1.0,-0.642,0.177,-0.504,-0.268,-0.207,-0.488
14,B2_1,0.313,-0.019,0.058,0.221,-0.148,-0.185,-0.053,-0.71,-0.382,-0.642,1.0,0.404,0.882,0.163,-0.023,-0.159
14,B2_2,0.096,0.072,-0.201,0.012,-0.283,-0.064,-0.259,-0.37,-0.658,0.177,0.404,1.0,0.194,0.108,-0.196,-0.304
14,B2_3,0.175,-0.056,0.028,-0.014,-0.06,0.042,-0.027,-0.5,0.073,-0.504,0.882,0.194,1.0,0.247,0.171,-0.143
14,y1,-0.826,0.574,0.553,0.266,-0.605,-0.173,-0.447,0.168,0.036,-0.268,0.163,0.108,0.247,1.0,0.852,0.459
14,y2,-0.907,0.218,0.304,0.057,-0.372,-0.143,-0.224,0.383,0.378,-0.207,-0.023,-0.196,0.171,0.852,1.0,0.58
14,y3,-0.664,-0.056,-0.035,-0.271,0.272,0.169,0.428,-0.034,0.046,-0.488,-0.159,-0.304,-0.143,0.459,0.58,1.0
16,.,1.0,-0.151,-0.249,0.338,0.617,0.316,0.31,-0.235,-0.066,0.731,0.221,-0.767,-0.229,-0.554,-0.657,-0.539
16,A1_1,-0.151,1.0,0.725,0.555,-0.119,-0.372,-0.859,0.508,-0.055,0.263,-0.371,0.047,-0.711,-0.623,-0.219,0.188
16,A1_2,-0.249,0.725,1.0,0.253,-0.453,-0.451,-0.811,-0.139,-0.535,0.01,0.12,0.115,-0.069,-0.179,0.261,0.364
16,A1_3,0.338,0.555,0.253,1.0,0.192,0.194,-0.35,0.226,-0.363,0.218,-0.003,-0.061,-0.582,-0.715,-0.607,0.291
16,B1_1,0.617,-0.119,-0.453,0.192,1.0,0.593,0.34,0.18,0.184,0.58,-0.324,-0.632,-0.452,-0.524,-0.282,-0.496
16,B1_2,0.316,-0.372,-0.451,0.194,0.593,1.0,0.535,0.042,-0.224,-0.188,-0.297,-0.439,-0.058,-0.176,-0.054,-0.249
16,B1_3,0.31,-0.859,-0.811,-0.35,0.34,0.535,1.0,-0.195,0.089,-0.071,0.157,-0.339,0.385,0.425,-0.048,-0.486
16,A2_1,-0.235,0.508,-0.139,0.226,0.18,0.042,-0.195,1.0,0.589,0.063,-0.859,-0.002,-0.807,-0.411,-0.357,-0.219
16,A2_2,-0.066,-0.055,-0.535,-0.363,0.184,-0.224,0.089,0.589,1.0,0.227,-0.521,0.053,-0.368,-0.085,-0.278,-0.369
16,A2_3,0.731,0.263,0.01,0.218,0.58,-0.188,-0.071,0.063,0.227,1.0,0.027,-0.624,-0.506,-0.609,-0.535,-0.536
16,B2_1,0.221,-0.371,0.12,-0.003,-0.324,-0.297,0.157,-0.859,-0.521,0.027,1.0,0.181,0.675,0.394,0.079,0.333
16,B2_2,-0.767,0.047,0.115,-0.061,-0.632,-0.439,-0.339,-0.002,0.053,-0.624,0.181,1.0,0.294,0.447,0.355,0.856
16,B2_3,-0.229,-0.711,-0.069,-0.582,-0.452,-0.058,0.385,-0.807,-0.368,-0.506,0.675,0.294,1.0,0.85,0.614,0.253
16,y1,-0.554,-0.623,-0.179,-0.715,-0.524,-0.176,0.425,-0.411,-0.085,-0.609,0.394,0.447,0.85,1.0,0.667,0.189
16,y2,-0.657,-0.219,0.261,-0.607,-0.282,-0.054,-0.048,-0.357,-0.278,-0.535,0.079,0.355,0.614,0.667,1.0,0.319
16,y3,-0.539,0.188,0.364,0.291,-0.496,-0.249,-0.486,-0.219,-0.369,-0.536,0.333,0.856,0.253,0.189,0.319,1.0
18,.,1.0,0.225,-0.066,-0.056,-0.453,-0.123,-0.458,0.161,0.324,0.076,-0.42,-0.42,-0.409,-0.794,-0.777,-0.759
18,A1_1,0.225,1.0,0.777,0.678,-0.662,-0.643,-0.512,-0.146,-0.009,0.02,0.289,-0.197,-0.243,-0.233,-0.211,0.194
18,A1_2,-0.066,0.777,1.0,0.859,-0.187,-0.562,-0.029,0.019,-0.263,0.192,0.12,-0.446,-0.382,-0.114,-0.209,0.379
18,A1_3,-0.056,0.678,0.859,1.0,-0.009,-0.367,0.084,-0.279,-0.539,-0.275,0.263,-0.116,-0.045,-0.356,-0.277,0.238
18,B1_1,-0.453,-0.662,-0.187,-0.009,1.0,0.418,0.925,0.248,-0.398,-0.099,-0.349,0.142,0.069,0.094,0.067,-0.061
18,B1_2,-0.123,-0.643,-0.562,-0.367,0.418,1.0,0.533,-0.367,0.347,-0.113,0.02,0.113,0.15,-0.022,0.42,0.037
18,B1_3,-0.458,-0.512,-0.029,0.084,0.925,0.533,1.0,0.185,-0.16,0.08,-0.311,-0.032,-0.146,0.097,0.193,0.106
18,A2_1,0.161,-0.146,0.019,-0.279,0.248,-0.367,0.185,1.0,0.149,0.59,-0.85,-0.449,-0.632,0.045,-0.378,-0.423
18,A2_2,0.324,-0.009,-0.263,-0.539,-0.398,0.347,-0.16,0.149,1.0,0.589,-0.225,-0.411,-0.525,0.058,0.246,-0.035
18,A2_3,0.076,0.02,0.192,-0.275,-0.099,-0.113,0.08,0.59,0.589,1.0,-0.389,-0.679,-0.828,0.332,0.039,0.172
18,B2_1,-0.42,0.289,0.12,0.263,-0.349,0.02,-0.311,-0.85,-0.225,-0.389,1.0,0.558,0.621,0.363,0.54,0.693
18,B2_2,-0.42,-0.197,-0.446,-0.116,0.142,0.113,-0.032,-0.449,-0.411,-0.679,0.558,1.0,0.823,0.281,0.379,0.113
18,B2_3,-0.409,-0.243,-0.382,-0.045,0.069,0.15,-0.146,-0.632,-0.525,-0.828,0.621,0.823,1.0,0.195,0.355,0.17
18,y1,-0.794,-0.233,-0.114,-0.356,0.094,-0.022,0.097,0.045,0.058,0.332,0.363,0.281,0.195,1.0,0.786,0.722
18,y2,-0.777,-0.211,-0.209,-0.277,0.067,0.42,0.193,-0.378,0.246,0.039,0.54,0.379,0.355,0.786,1.0,0.769
18,y3,-0.759,0.194,0.379,0.238,-0.061,0.037,0.106,-0.423,-0.035,0.172,0.693,0.113,0.17,0.722,0.769,1.0
20,.,1.0,-0.55,0.49,-0.44,-0.195,0.127,-0.53,0.39,-0.551,-0.173,-0.073,-0.506,-0.441,-0.464,-0.691,0.04
20,A1_1,-0.55,1.0,0.207,0.701,-0.325,-0.131,0.288,-0.546,0.009,-0.468,-0.124,-0.162,0.029,0.048,0.3,0.087
20,A1_2,0.49,0.207,1.0,0.283,-0.528,0.095,-0.338,-0.501,-0.791,-0.777,0.357,-0.184,0.113,-0.491,-0.493,-0.256
20,A1_3,-0.44,0.701,0.283,1.0,-0.434,0.065,0.113,-0.424,0.03,-0.338,-0.187,-0.005,0.05,0.091,-0.197,-0.387
20,B1_1,-0.195,-0.325,-0.528,-0.434,1.0,0.406,0.766,-0.02,0.292,0.103,-0.019,0.493,0.364,-0.326,0.321,-0.165
20,B1_2,0.127,-0.131,0.095,0.065,0.406,1.0,0.569,-0.156,-0.438,-0.148,0.133,0.023,0.111,-0.627,-0.091,-0.063
20,B1_3,-0.53,0.288,-0.338,0.113,0.766,0.569,1.0,-0.4,0.156,-0.183,-0.018,0.385,0.397,-0.365,0.465,-0.114
20,A2_1,0.39,-0.546,-0.501,-0.424,-0.02,-0.156,-0.4,1.0,0.285,0.653,-0.567,-0.453,-0.78,0.366,-0.225,0.4
20,A2_2,-0.551,0.009,-0.791,0.03,0.292,-0.438,0.156,0.285,1.0,0.602,-0.504,0.186,-0.003,0.483,0.212,-0.171
20,A2_3,-0.173,-0.468,-0.777,-0.338,0.103,-0.148,-0.183,0.653,0.602,1.0,-0.174,-0.026,-0.22,0.57,0.209,0.3
20,B2_1,-0.073,-0.124,0.357,-0.187,-0.019,0.133,-0.018,-0.567,-0.504,-0.174,1.0,0.545,0.718,-0.049,0.365,0.02
20,B2_2,-0.506,-0.162,-0.184,-0.005,0.493,0.023,0.385,-0.453,0.186,-0.026,0.545,1.0,0.848,0.154,0.368,-0.47
20,B2_3,-0.441,0.029,0.113,0.05,0.364,0.111,0.397,-0.78,-0.003,-0.22,0.718,0.848,1.0,-0.162,0.34,-0.499
20,y1,-0.464,0.048,-0.491,0.091,-0.326,-0.627,-0.365,0.366,0.483,0.57,-0.049,0.154,-0.162,1.0,0.377,0.315
20,y2,-0.691,0.3,-0.493,-0.197,0.321,-0.091,0.465,-0.225,0.212,0.209,0.365,0.368,0.34,0.377,1.0,0.53
20,y3,0.04,0.087,-0.256,-0.387,-0.165,-0.063,-0.114,0.4,-0.171,0.3,0.02,-0.47,-0.499,0.315,0.53,1.0
22,.,1.0,0.171,0.695,0.519,-0.21,-0.106,-0.156,0.053,-0.166,-0.055,-0.446,-0.102,-0.439,-0.163,-0.388,-0.846
22,A1_1,0.171,1.0,0.479,0.569,-0.568,-0.4,0.031,-0.126,-0.395,-0.18,-0.236,-0.11,-0.145,0.339,0.275,-0.015
22,A1_2,0.695,0.479,1.0,0.675,0.055,0.096,0.368,-0.421,-0.483,-0.412,-0.444,-0.36,-0.327,0.021,-0.091,-0.453
22,A1_3,0.519,0.569,0.675,1.0,-0.459,-0.349,-0.066,-0.12,-0.161,-0.018,-0.493,-0.188,-0.294,0.094,-0.362,-0.404
22,B1_1,-0.21,-0.568,0.055,-0.459,1.0,0.758,0.689,-0.429,-0.004,-0.118,0.007,-0.385,-0.028,-0.309,-0.026,0.072
22,B1_2,-0.106,-0.4,0.096,-0.349,0.758,1.0,0.245,-0.688,-0.52,-0.469,0.396,0.055,0.407,-0.275,-0.149,-0.118
22,B1_3,-0.156,0.031,0.368,-0.066,0.689,0.245,1.0,-0.419,0.043,-0.073,-0.472,-0.609,-0.457,0.121,0.346,0.205
22,A2_1,0.053,-0.126,-0.421,-0.12,-0.429,-0.688,-0.419,1.0,0.745,0.703,-0.07,-0.2,-0.183,-0.377,-0.22,0.046
22,A2_2,-0.166,-0.395,-0.483,-0.161,-0.004,-0.52,0.043,0.745,1.0,0.897,-0.413,-0.388,-0.494,-0.268,-0.235,0.081
22,A2_3,-0.055,-0.18,-0.412,-0.018,-0.118,-0.469,-0.073,0.703,0.897,1.0,-0.475,-0.443,-0.535,-0.406,-0.444,-0.174
22,B2_1,-0.446,-0.236,-0.444,-0.493,0.007,0.396,-0.472,-0.07,-0.413,-0.475,1.0,0.53,0.969,-0.108,0.133,0.454
22,B2_2,-0.102,-0.11,-0.36,-0.188,-0.385,0.055,-0.609,-0.2,-0.388,-0.443,0.53,1.0,0.507,0.555,0.285,0.068
22,B2_3,-0.439,-0.145,-0.327,-0.294,-0.028,0.407,-0.457,-0.183,-0.494,-0.535,0.969,0.507,1.0,-0.081,0.06,0.447
22,y1,-0.163,0.339,0.021,0.094,-0.309,-0.275,0.121,-0.377,-0.268,-0.406,-0.108,0.555,-0.081,1.0,0.755,0.296
22,y2,-0.388,0.275,-0.091,-0.362,-0.026,-0.149,0.346,-0.22,-0.235,-0.444,0.133,0.285,0.06,0.755,1.0,0.626
22,y3,-0.846,-0.015,-0.453,-0.404,0.072,-0.118,0.205,0.046,0.081,-0.174,0.454,0.068,0.447,0.296,0.626,1.0
24,.,1.0,0.608,-0.077,0.61,-0.409,-0.123,-0.072,0.274,-0.261,0.688,-0.287,0.072,-0.15,-0.289,-0.44,-0.217
24,A1_1,0.608,1.0,0.383,0.64,-0.308,0.084,0.317,-0.013,-0.077,0.085,-0.449,-0.413,-0.503,-0.401,0.035,-0.496
24,A1_2,-0.077,0.383,1.0,0.37,-0.435,-0.143,0.122,-0.174,-0.085,-0.328,0.301,-0.585,-0.52,-0.3,0.108,-0.411
24,A1_3,0.61,0.64,0.37,1.0,-0.63,-0.176,0.038,0.063,-0.618,0.278,0.007,-0.437,-0.612,-0.065,-0.095,-0.362
24,B1_1,-0.409,-0.308,-0.435,-0.63,1.0,0.849,0.596,-0.321,0.092,-0.374,-0.148,0.022,0.306,-0.375,0.404,-0.298
24,B1_2,-0.123,0.084,-0.143,-0.176,0.849,1.0,0.78,-0.321,-0.171,-0.282,-0.225,-0.384,-0.107,-0.652,0.425,-0.741
24,B1_3,-0.072,0.317,0.122,0.038,0.596,0.78,1.0,-0.475,-0.418,-0.522,0.132,-0.36,-0.161,-0.725,0.706,-0.673
24,A2_1,0.274,-0.013,-0.174,0.063,-0.321,-0.321,-0.475,1.0,0.347,0.808,-0.228,-0.176,-0.436,0.054,-0.025,0.134
24,A2_2,-0.261,-0.077,-0.085,-0.618,0.092,-0.171,-0.418,0.347,1.0,0.085,-0.544,0.141,0.155,0.19,-0.188,0.323
24,A2_3,0.688,0.085,-0.328,0.278,-0.374,-0.282,-0.522,0.808,0.085,1.0,-0.313,0.062,-0.21,0.025,-0.453,0.074
24,B2_1,-0.287,-0.449,0.301,0.007,-0.148,-0.225,0.132,-0.228,-0.544,-0.313,1.0,0.104,0.114,-0.033,0.293,0.145
24,B2_2,0.072,-0.413,-0.585,-0.437,0.022,-0.384,-0.36,-0.176,0.141,0.062,0.104,1.0,0.924,0.439,-0.459,0.769
24,B2_3,-0.15,-0.503,-0.52,-0.612,0.306,-0.107,-0.161,-0.436,0.155,-0.21,0.114,0.924,1.0,0.312,-0.379,0.6
24,y1,-0.289,-0.401,-0.3,-0.065,-0.375,-0.652,-0.725,0.054,0.19,0.025,-0.033,0.439,0.312,1.0,-0.37,0.817
24,y2,-0.44,0.035,0.108,-0.095,0.404,0.425,0.706,-0.025,-0.188,-0.453,0.293,-0.459,-0.379,-0.37,1.0,-0.311
24,y3,-0.217,-0.496,-0.411,-0.362,-0.298,-0.741,-0.673,0.134,0.323,0.074,0.145,0.769,0.6,0.817,-0.311,1.0
26,.,1.0,0.015,-0.554,-0.322,-0.057,0.287,0.245,-0.314,0.827,0.099,0.191,-0.068,0.23,-0.068,-0.836,-0.096
26,A1_1,0.015,1.0,0.359,0.864,-0.471,-0.487,-0.65,0.447,-0.012,0.374,-0.118,-0.133,-0.39,-0.467,-0.217,-0.206
26,A1_2,-0.554,0.359,1.0,0.535,-0.012,-0.453,-0.391,0.16,-0.772,-0.172,0.164,-0.12,-0.197,-0.183,0.264,-0.678
26,A1_3,-0.322,0.864,0.535,1.0,-0.095,-0.288,-0.413,0.444,-0.445,0.121,-0.291,-0.194,-0.547,-0.636,-0.015,-0.307
26,B1_1,-0.057,-0.471,-0.012,-0.095,1.0,0.775,0.674,-0.48,-0.349,-0.564,0.043,0.101,0.075,-0.251,-0.106,-0.288
26,B1_2,0.287,-0.487,-0.453,-0.288,0.775,1.0,0.818,-0.408,0.12,-0.122,-0.085,-0.003,0.079,-0.409,-0.451,-0.031
26,B1_3,0.245,-0.65,-0.391,-0.413,0.674,0.818,1.0,-0.285,-0.025,-0.347,-0.312,-0.314,-0.07,-0.273,-0.29,-0.084
26,A2_1,-0.314,0.447,0.16,0.444,-0.48,-0.408,-0.285,1.0,-0.157,0.633,-0.777,-0.706,-0.875,-0.129,0.332,0.347
26,A2_2,0.827,-0.012,-0.772,-0.445,-0.349,0.12,-0.025,-0.157,1.0,0.402,0.178,0.145,0.317,0.222,-0.538,0.403
26,A2_3,0.099,0.374,-0.172,0.121,-0.564,-0.122,-0.347,0.633,0.402,1.0,-0.299,-0.315,-0.382,-0.138,-0.128,0.416
26,B2_1,0.191,-0.118,0.164,-0.291,0.043,-0.085,-0.312,-0.777,0.178,-0.299,1.0,0.78,0.888,0.326,-0.191,-0.37
26,B2_2,-0.068,-0.133,-0.12,-0.194,0.101,-0.003,-0.314,-0.706,0.145,-0.315,0.78,1.0,0.856,0.344,0.098,0.087
26,B2_3,0.23,-0.39,-0.197,-0.547,0.075,0.079,-0.07,-0.875,0.317,-0.382,0.888,0.856,1.0,0.43,-0.129,-0.084
26,y1,-0.068,-0.467,-0.183,-0.636,-0.251,-0.409,-0.273,-0.129,0.222,-0.138,0.326,0.344,0.43,1.0,0.551,0.453
26,y2,-0.836,-0.217,0.264,-0.015,-0.106,-0.451,-0.29,0.332,-0.538,-0.128,-0.191,0.098,-0.129,0.551,1.0,0.428
26,y3,-0.096,-0.206,-0.678,-0.307,-0.288,-0.031,-0.084,0.347,0.403,0.416,-0.37,0.087,-0.084,0.453,0.428,1.0
28,.,1.0,0.805,0.431,0.002,0.03,-0.151,0.473,0.312,0.098,0.357,-0.347,-0.896,0.413,-0.662,-0.758,-0.364
28,A1_1,0.805,1.0,0.783,0.548,-0.384,-0.265,0.221,0.069,-0.011,0.211,-0.059,-0.631,0.314,-0.569,-0.794,-0.227
28,A1_2,0.431,0.783,1.0,0.778,-0.357,0.013,0.111,-0.507,-0.33,0.124,0.127,-0.345,0.401,-0.607,-0.666,0.248
28,A1_3,0.002,0.548,0.778,1.0,-0.533,0.043,-0.162,-0.528,-0.34,-0.186,0.453,0.127,0.214,-0.233,-0.485,0.02
28,B1_1,0.03,-0.384,-0.357,-0.533,1.0,0.687,0.587,-0.118,-0.552,-0.222,-0.335,0.02,0.033,0.029,0.142,-0.065
28,B1_2,-0.151,-0.265,0.013,0.043,0.687,1.0,0.482,-0.692,-0.748,-0.571,0.203,0.134,0.354,0.029,-0.132,-0.114
28,B1_3,0.473,0.221,0.111,-0.162,0.587,0.482,1.0,-0.11,-0.231,0.134,-0.644,-0.534,-0.055,-0.154,-0.203,-0.101
28,A2_1,0.312,0.069,-0.507,-0.528,-0.118,-0.692,-0.11,1.0,0.658,0.336,-0.378,-0.224,-0.367,0.153,0.16,-0.399
28,A2_2,0.098,-0.011,-0.33,-0.34,-0.552,-0.748,-0.231,0.658,1.0,0.578,-0.273,-0.326,-0.277,0.105,0.211,-0.043
28,A2_3,0.357,0.211,0.124,-0.186,-0.222,-0.571,0.134,0.336,0.578,1.0,-0.703,-0.549,-0.132,-0.519,-0.029,0.387
28,B2_1,-0.347,-0.059,0.127,0.453,-0.335,0.203,-0.644,-0.378,-0.273,-0.703,1.0,0.457,0.479,0.138,-0.214,-0.266
28,B2_2,-0.896,-0.631,-0.345,0.127,0.02,0.134,-0.534,-0.224,-0.326,-0.549,0.457,1.0,-0.395,0.648,0.624,0.182
28,B2_3,0.413,0.314,0.401,0.214,0.033,0.354,-0.055,-0.367,-0.277,-0.132,0.479,-0.395,1.0,-0.691,-0.782,-0.282
28,y1,-0.662,-0.569,-0.607,-0.233,0.029,0.029,-0.154,0.153,0.105,-0.519,0.138,0.648,-0.691,1.0,0.761,-0.053
28,y2,-0.758,-0.794,-0.666,-0.485,0.142,-0.132,-0.203,0.16,0.211,-0.029,-0.214,0.624,-0.782,0.761,1.0,0.447
28,y3,-0.364,-0.227,0.248,0.02,-0.065,-0.114,-0.101,-0.399,-0.043,0.387,-0.266,0.182,-0.282,-0.053,0.447,1.0
30,.,1.0,-0.176,-0.19,-0.085,0.221,0.188,0.678,0.222,0.287,0.04,-0.297,0.287,-0.49,-0.76,-0.318,-0.09
30,A1_1,-0.176,1.0,0.437,0.92,-0.304,-0.026,-0.231,-0.428,-0.474,-0.477,-0.19,-0.277,-0.344,-0.047,-0.216,-0.238
30,A1_2,-0.19,0.437,1.0,0.433,-0.529,-0.499,-0.358,0.021,-0.015,-0.506,-0.358,-0.171,-0.229,-0.336,-0.405,-0.716
30,A1_3,-0.085,0.92,0.433,1.0,-0.438,-0.162,-0.289,-0.164,-0.379,-0.384,-0.302,-0.217,-0.316,-0.217,-0.493,-0.465
30,B1_1,0.221,-0.304,-0.529,-0.438,1.0,0.84,0.804,-0.405,-0.112,-0.006,-0.276,-0.196,-0.187,0.052,0.227,0.296
30,B1_2,0.188,-0.026,-0.499,-0.162,0.84,1.0,0.797,-0.711,-0.542,-0.359,-0.066,0.105,-0.094,-0.02,0.187,0.283
30,B1_3,0.678,-0.231,-0.358,-0.289,0.804,0.797,1.0,-0.36,-0.158,-0.265,-0.317,0.185,-0.328,-0.491,-0.098,0.049
30,A2_1,0.222,-0.428,0.021,-0.164,-0.405,-0.711,-0.36,1.0,0.861,0.732,-0.197,-0.159,-0.116,-0.121,-0.208,-0.21
30,A2_2,0.287,-0.474,-0.015,-0.379,-0.112,-0.542,-0.158,0.861,1.0,0.786,-0.274,-0.38,-0.363,0.002,0.12,0.032
30,A2_3,0.04,-0.477,-0.506,-0.384,-0.006,-0.359,-0.265,0.732,0.786,1.0,0.071,-0.338,-0.035,0.424,0.353,0.433
30,B2_1,-0.297,-0.19,-0.358,-0.302,-0.276,-0.066,-0.317,-0.197,-0.274,0.071,1.0,0.623,0.744,0.462,0.52,0.66
30,B2_2,0.287,-0.277,-0.171,-0.217,-0.196,0.105,0.185,-0.159,-0.38,-0.338,0.623,1.0,0.572,-0.361,-0.14,0.085
30,B2_3,-0.49,-0.344,-0.229,-0.316,-0.187,-0.094,-0.328,-0.116,-0.363,-0.035,0.744,0.572,1.0,0.34,0.082,0.223
30,y1,-0.76,-0.047,-0.336,-0.217,0.052,-0.02,-0.491,-0.121,0.002,0.424,0.462,-0.361,0.34,1.0,0.772,0.659
30,y2,-0.318,-0.216,-0.405,-0.493,0.227,0.187,-0.098,-0.208,0.12,0.353,0.52,-0.14,0.082,0.772,1.0,0.868
30,y3,-0.09,-0.238,-0.716,-0.465,0.296,0.283,0.049,-0.21,0.032,0.433,0.66,0.085,0.223,0.659,0.868,1.0
32,.,1.0,0.14,-0.241,-0.069,0.202,0.387,0.269,-0.693,-0.162,-0.078,-0.167,-0.246,-0.219,-0.619,-0.812,-0.627
32,A1_1,0.14,1.0,0.549,0.671,-0.511,-0.397,-0.514,-0.306,-0.208,-0.329,-0.172,0.549,-0.217,-0.11,-0.03,0.048
32,A1_2,-0.241,0.549,1.0,0.42,-0.26,-0.709,0.06,0.372,-0.145,-0.105,-0.284,0.195,0.195,-0.125,0.079,0.2
32,A1_3,-0.069,0.671,0.42,1.0,-0.247,-0.233,-0.405,-0.114,-0.336,-0.521,0.045,0.639,0.032,-0.401,0.011,-0.192
32,B1_1,0.202,-0.511,-0.26,-0.247,1.0,0.592,0.605,0.03,-0.149,-0.072,-0.216,-0.427,0.091,-0.055,-0.205,-0.48
32,B1_2,0.387,-0.397,-0.709,-0.233,0.592,1.0,0.417,-0.605,-0.488,-0.437,0.343,-0.0,0.244,-0.032,-0.038,-0.191
32,B1_3,0.269,-0.514,0.06,-0.405,0.605,0.417,1.0,-0.062,-0.459,-0.21,0.123,-0.317,0.617,-0.294,-0.154,-0.059
32,A2_1,-0.693,-0.306,0.372,-0.114,0.03,-0.605,-0.062,1.0,0.591,0.606,-0.428,-0.417,-0.145,0.36,0.183,0.093
32,A2_2,-0.162,-0.208,-0.145,-0.336,-0.149,-0.488,-0.459,0.591,1.0,0.953,-0.588,-0.639,-0.777,0.308,-0.269,-0.238
32,A2_3,-0.078,-0.329,-0.105,-0.521,-0.072,-0.437,-0.21,0.606,0.953,1.0,-0.627,-0.801,-0.677,0.29,-0.346,-0.217
32,B2_1,-0.167,-0.172,-0.284,0.045,-0.216,0.343,0.123,-0.428,-0.588,-0.627,1.0,0.671,0.738,-0.132,0.562,0.548
32,B2_2,-0.246,0.549,0.195,0.639,-0.427,-0.0,-0.317,-0.417,-0.639,-0.801,0.671,1.0,0.47,-0.079,0.585,0.486
32,B2_3,-0.219,-0.217,0.195,0.032,0.091,0.244,0.617,-0.145,-0.777,-0.677,0.738,0.47,1.0,-0.197,0.501,0.517
32,y1,-0.619,-0.11,-0.125,-0.401,-0.055,-0.032,-0.294,0.36,0.308,0.29,-0.132,-0.079,-0.197,1.0,0.613,0.548
32,y2,-0.812,-0.03,0.079,0.011,-0.205,-0.038,-0.154,0.183,-0.269,-0.346,0.562,0.585,0.501,0.613,1.0,0.862
32,y3,-0.627,0.048,0.2,-0.192,-0.48,-0.191,-0.059,0.093,-0.238,-0.217,0.548,0.486,0.517,0.548,0.862,1.0
34,.,1.0,-0.048,0.46,-0.091,-0.166,0.02,-0.168,0.558,0.243,-0.111,-0.439,-0.583,-0.456,-0.578,-0.398,-0.736
34,A1_1,-0.048,1.0,0.624,0.484,-0.635,-0.445,-0.466,-0.05,-0.369,-0.279,-0.367,-0.039,0.178,-0.183,0.462,0.152
34,A1_2,0.46,0.624,1.0,0.161,-0.213,0.042,-0.512,-0.105,-0.188,-0.217,-0.638,-0.623,-0.261,-0.172,-0.155,-0.116
34,A1_3,-0.091,0.484,0.161,1.0,-0.041,0.008,0.437,-0.146,-0.775,-0.634,0.359,0.218,0.005,-0.294,0.171,-0.354
34,B1_1,-0.166,-0.635,-0.213,-0.041,1.0,0.824,0.701,-0.324,0.01,0.109,0.409,-0.316,-0.558,0.614,-0.202,-0.006
34,B1_2,0.02,-0.445,0.042,0.008,0.824,1.0,0.546,-0.441,-0.21,-0.282,0.48,-0.419,-0.436,0.442,-0.336,-0.009
34,B1_3,-0.168,-0.466,-0.512,0.437,0.701,0.546,1.0,-0.087,-0.264,-0.236,0.768,0.076,-0.386,0.246,0.082,-0.33
34,A2_1,0.558,-0.05,-0.105,-0.146,-0.324,-0.441,-0.087,1.0,0.658,0.453,-0.381,-0.219,-0.329,-0.349,0.204,-0.358
34,A2_2,0.243,-0.369,-0.188,-0.775,0.01,-0.21,-0.264,0.658,1.0,0.88,-0.499,-0.368,-0.353,0.251,0.156,0.161
34,A2_3,-0.111,-0.279,-0.217,-0.634,0.109,-0.282,-0.236,0.453,0.88,1.0,-0.499,-0.196,-0.252,0.429,0.239,0.381
34,B2_1,-0.439,-0.367,-0.638,0.359,0.409,0.48,0.768,-0.381,-0.499,-0.499,1.0,0.484,0.205,0.147,0.006,-0.006
34,B2_2,-0.583,-0.039,-0.623,0.218,-0.316,-0.419,0.076,-0.219,-0.368,-0.196,0.484,1.0,0.844,-0.272,0.007,0.172
34,B2_3,-0.456,0.178,-0.261,0.005,-0.558,-0.436,-0.386,-0.329,-0.353,-0.252,0.205,0.844,1.0,-0.342,-0.144,0.364
34,y1,-0.578,-0.183,-0.172,-0.294,0.614,0.442,0.246,-0.349,0.251,0.429,0.147,-0.272,-0.342,1.0,0.435,0.647
34,y2,-0.398,0.462,-0.155,0.171,-0.202,-0.336,0.082,0.204,0.156,0.239,0.006,0.007,-0.144,0.435,1.0,0.338
34,y3,-0.736,0.152,-0.116,-0.354,-0.006,-0.009,-0.33,-0.358,0.161,0.381,-0.006,0.172,0.364,0.647,0.338,1.0
36,.,1.0,0.147,-0.591,-0.509,-0.507,-0.284,-0.092,0.108,-0.352,-0.414,0.244,0.595,0.397,-0.762,-0.426,-0.598
36,A1_1,0.147,1.0,0.484,0.523,0.063,-0.086,-0.058,-0.389,-0.684,-0.517,0.024,0.402,-0.221,-0.19,-0.593,-0.51
36,A1_2,-0.591,0.484,1.0,0.794,0.16,-0.155,-0.13,-0.429,-0.069,-0.134,-0.218,0.022,-0.392,0.313,0.05,0.406
36,A1_3,-0.509,0.523,0.794,1.0,-0.03,-0.128,-0.444,-0.262,0.02,0.213,-0.553,0.036,-0.113,0.363,0.104,0.311
36,B1_1,-0.507,0.063,0.16,-0.03,1.0,0.873,0.782,-0.493,-0.261,0.034,0.118,-0.364,-0.505,0.544,0.057,-0.192
36,B1_2,-0.284,-0.086,-0.155,-0.128,0.873,1.0,0.636,-0.396,-0.085,0.338,-0.136,-0.387,-0.377,0.398,0.051,-0.342
36,B1_3,-0.092,-0.058,-0.13,-0.444,0.782,0.636,1.0,-0.288,-0.507,-0.372,0.371,-0.095,-0.233,0.384,0.032,-0.237
36,A2_1,0.108,-0.389,-0.429,-0.262,-0.493,-0.396,-0.288,1.0,0.43,0.185,-0.198,-0.463,0.053,-0.155,-0.162,0.149
36,A2_2,-0.352,-0.684,-0.069,0.02,-0.261,-0.085,-0.507,0.43,1.0,0.799,-0.451,-0.615,-0.142,-0.012,0.29,0.534
36,A2_3,-0.414,-0.517,-0.134,0.213,0.034,0.338,-0.372,0.185,0.799,1.0,-0.653,-0.568,-0.041,0.269,0.386,0.314
36,B2_1,0.244,0.024,-0.218,-0.553,0.118,-0.136,0.371,-0.198,-0.451,-0.653,1.0,0.36,0.177,-0.204,-0.062,-0.224
36,B2_2,0.595,0.402,0.022,0.036,-0.364,-0.387,-0.095,-0.463,-0.615,-0.568,0.36,1.0,0.647,-0.269,0.074,-0.176
36,B2_3,0.397,-0.221,-0.392,-0.113,-0.505,-0.377,-0.233,0.053,-0.142,-0.041,0.177,0.647,1.0,0.067,0.547,0.196
36,y1,-0.762,-0.19,0.313,0.363,0.544,0.398,0.384,-0.155,-0.012,0.269,-0.204,-0.269,0.067,1.0,0.679,0.529
36,y2,-0.426,-0.593,0.05,0.104,0.057,0.051,0.032,-0.162,0.29,0.386,-0.062,0.074,0.547,0.679,1.0,0.755
36,y3,-0.598,-0.51,0.406,0.311,-0.192,-0.342,-0.237,0.149,0.534,0.314,-0.224,-0.176,0.196,0.529,0.755,1.0
38,.,1.0,0.161,-0.478,0.099,-0.093,-0.099,0.037,0.443,-0.043,-0.156,-0.104,0.324,-0.51,-0.917,-0.836,-0.951
38,A1_1,0.161,1.0,0.497,0.901,-0.491,-0.441,-0.516,0.095,-0.061,0.172,-0.264,-0.045,-0.682,-0.159,-0.237,-0.218
38,A1_2,-0.478,0.497,1.0,0.565,-0.544,-0.01,-0.422,-0.697,-0.016,-0.252,-0.08,-0.014,0.173,0.486,0.426,0.436
38,A1_3,0.099,0.901,0.565,1.0,-0.598,-0.41,-0.641,-0.152,-0.305,-0.103,0.003,0.024,-0.566,-0.152,-0.093,-0.115
38,B1_1,-0.093,-0.491,-0.544,-0.598,1.0,0.692,0.902,0.147,-0.308,0.148,-0.155,-0.253,0.068,-0.159,-0.3,-0.096
38,B1_2,-0.099,-0.441,-0.01,-0.41,0.692,1.0,0.84,-0.504,-0.493,-0.458,-0.057,-0.02,0.373,-0.158,-0.238,-0.108
38,B1_3,0.037,-0.516,-0.422,-0.641,0.902,0.84,1.0,-0.051,-0.326,-0.153,-0.101,0.046,0.268,-0.252,-0.387,-0.234
38,A2_1,0.443,0.095,-0.697,-0.152,0.147,-0.504,-0.051,1.0,0.44,0.742,-0.22,-0.272,-0.582,-0.309,-0.355,-0.392
38,A2_2,-0.043,-0.061,-0.016,-0.305,-0.308,-0.493,-0.326,0.44,1.0,0.624,-0.429,-0.236,0.025,0.402,0.254,0.195
38,A2_3,-0.156,0.172,-0.252,-0.103,0.148,-0.458,-0.153,0.742,0.624,1.0,-0.511,-0.645,-0.462,0.274,0.069,0.168
38,B2_1,-0.104,-0.264,-0.08,0.003,-0.155,-0.057,-0.101,-0.22,-0.429,-0.511,1.0,0.309,0.457,0.03,0.389,0.141
38,B2_2,0.324,-0.045,-0.014,0.024,-0.253,-0.02,0.046,-0.272,-0.236,-0.645,0.309,1.0,0.317,-0.27,-0.184,-0.228
38,B2_3,-0.51,-0.682,0.173,-0.566,0.068,0.373,0.268,-0.582,0.025,-0.462,0.457,0.317,1.0,0.535,0.61,0.541
38,y1,-0.917,-0.159,0.486,-0.152,-0.159,-0.158,-0.252,-0.309,0.402,0.274,0.03,-0.27,0.535,1.0,0.914,0.961
38,y2,-0.836,-0.237,0.426,-0.093,-0.3,-0.238,-0.387,-0.355,0.254,0.069,0.389,-0.184,0.61,0.914,1.0,0.926
38,y3,-0.951,-0.218,0.436,-0.115,-0.096,-0.108,-0.234,-0.392,0.195,0.168,0.141,-0.228,0.541,0.961,0.926,1.0
40,.,1.0,0.632,0.372,0.432,-0.192,0.036,-0.514,-0.23,-0.302,-0.435,-0.098,0.263,0.06,-0.464,-0.7,-0.788
40,A1_1,0.632,1.0,0.485,0.869,-0.216,-0.206,-0.471,-0.155,0.106,-0.151,-0.654,-0.011,-0.229,-0.106,-0.254,-0.729
40,A1_2,0.372,0.485,1.0,0.421,-0.591,0.04,-0.472,-0.567,0.343,-0.22,0.076,0.193,0.09,0.042,0.189,-0.288
40,A1_3,0.432,0.869,0.421,1.0,-0.119,-0.084,-0.335,-0.468,-0.088,-0.258,-0.547,0.235,-0.175,0.054,-0.161,-0.569
40,B1_1,-0.192,-0.216,-0.591,-0.119,1.0,0.679,0.839,0.287,-0.339,-0.14,-0.124,-0.361,-0.037,-0.551,-0.541,-0.139
40,B1_2,0.036,-0.206,0.04,-0.084,0.679,1.0,0.727,-0.261,-0.399,-0.45,0.201,-0.139,0.032,-0.627,-0.513,-0.155
40,B1_3,-0.514,-0.471,-0.472,-0.335,0.839,0.727,1.0,0.17,-0.298,-0.114,-0.008,-0.402,-0.136,-0.277,-0.167,0.309
40,A2_1,-0.23,-0.155,-0.567,-0.468,0.287,-0.261,0.17,1.0,0.398,0.665,-0.354,-0.756,-0.301,-0.253,-0.035,-0.014
40,A2_2,-0.302,0.106,0.343,-0.088,-0.339,-0.399,-0.298,0.398,1.0,0.654,-0.115,-0.444,-0.013,0.126,0.565,-0.02
40,A2_3,-0.435,-0.151,-0.22,-0.258,-0.14,-0.45,-0.114,0.665,0.654,1.0,-0.36,-0.647,-0.534,0.022,0.429,0.116
40,B2_1,-0.098,-0.654,0.076,-0.547,-0.124,0.201,-0.008,-0.354,-0.115,-0.36,1.0,0.568,0.775,0.105,0.092,0.37
40,B2_2,0.263,-0.011,0.193,0.235,-0.361,-0.139,-0.402,-0.756,-0.444,-0.647,0.568,1.0,0.648,0.44,0.016,0.116
40,B2_3,0.06,-0.229,0.09,-0.175,-0.037,0.032,-0.136,-0.301,-0.013,-0.534,0.775,0.648,1.0,0.181,-0.007,0.09
40,y1,-0.464,-0.106,0.042,0.054,-0.551,-0.627,-0.277,-0.253,0.126,0.022,0.105,0.44,0.181,1.0,0.809,0.69
40,y2,-0.7,-0.254,0.189,-0.161,-0.541,-0.513,-0.167,-0.035,0.565,0.429,0.092,0.016,-0.007,0.809,1.0,0.707
40,y3,-0.788,-0.729,-0.288,-0.569,-0.139,-0.155,0.309,-0.014,-0.02,0.116,0.37,0.116,0.09,0.69,0.707,1.0
42,.,1.0,0.211,0.295,-0.12,0.408,-0.109,0.163,0.565,-0.212,0.181,-0.296,-0.247,-0.39,-0.878,-0.579,-0.832
42,A1_1,0.211,1.0,0.599,0.709,-0.498,-0.445,-0.562,0.274,-0.499,-0.135,-0.004,0.263,0.091,-0.24,-0.046,-0.298
42,A1_2,0.295,0.599,1.0,0.399,-0.165,0.035,-0.148,0.225,-0.589,-0.179,-0.293,-0.126,-0.1,-0.552,0.028,-0.532
42,A1_3,-0.12,0.709,0.399,1.0,-0.166,-0.158,-0.296,0.088,-0.374,-0.065,-0.053,0.092,-0.262,0.244,-0.072,-0.246
42,B1_1,0.408,-0.498,-0.165,-0.166,1.0,0.608,0.811,0.095,-0.105,-0.125,-0.296,-0.385,-0.562,-0.2,-0.25,-0.38
42,B1_2,-0.109,-0.445,0.035,-0.158,0.608,1.0,0.911,-0.609,-0.425,-0.645,0.181,0.147,0.08,0.079,0.054,-0.02
42,B1_3,0.163,-0.562,-0.148,-0.296,0.811,0.911,1.0,-0.461,-0.333,-0.408,0.183,0.085,-0.055,-0.045,-0.119,-0.177
42,A2_1,0.565,0.274,0.225,0.088,0.095,-0.609,-0.461,1.0,0.3,0.427,-0.816,-0.742,-0.681,-0.564,-0.248,-0.441
42,A2_2,-0.212,-0.499,-0.589,-0.374,-0.105,-0.425,-0.333,0.3,1.0,0.548,-0.32,-0.5,-0.311,0.226,-0.229,0.269
42,A2_3,0.181,-0.135,-0.179,-0.065,-0.125,-0.645,-0.408,0.427,0.548,1.0,-0.12,-0.338,-0.353,-0.019,-0.227,-0.204
42,B2_1,-0.296,-0.004,-0.293,-0.053,-0.296,0.181,0.183,-0.816,-0.32,-0.12,1.0,0.94,0.792,0.432,0.148,0.329
42,B2_2,-0.247,0.263,-0.126,0.092,-0.385,0.147,0.085,-0.742,-0.5,-0.338,0.94,1.0,0.847,0.331,0.195,0.308
42,B2_3,-0.39,0.091,-0.1,-0.262,-0.562,0.08,-0.055,-0.681,-0.311,-0.353,0.792,0.847,1.0,0.253,0.475,0.572
42,y1,-0.878,-0.24,-0.552,0.244,-0.2,0.079,-0.045,-0.564,0.226,-0.019,0.432,0.331,0.253,1.0,0.386,0.722
42,y2,-0.579,-0.046,0.028,-0.072,-0.25,0.054,-0.119,-0.248,-0.229,-0.227,0.148,0.195,0.475,0.386,1.0,0.717
42,y3,-0.832,-0.298,-0.532,-0.246,-0.38,-0.02,-0.177,-0.441,0.269,-0.204,0.329,0.308,0.572,0.722,0.717,1.0
44,.,1.0,-0.403,0.076,-0.101,0.145,0.071,0.268,-0.155,0.27,-0.053,0.428,0.522,-0.066,-0.623,-0.597,-0.846
44,A1_1,-0.403,1.0,0.416,0.286,-0.151,-0.244,-0.54,-0.186,-0.05,-0.196,-0.142,-0.359,-0.33,-0.301,0.142,0.105
44,A1_2,0.076,0.416,1.0,0.61,-0.071,-0.309,-0.597,-0.053,-0.443,-0.242,-0.176,-0.174,-0.529,-0.163,-0.334,-0.41
44,A1_3,-0.101,0.286,0.61,1.0,-0.336,-0.39,-0.228,-0.339,-0.425,-0.558,-0.172,0.107,-0.02,0.265,0.255,-0.107
44,B1_1,0.145,-0.151,-0.071,-0.336,1.0,0.746,0.638,-0.025,-0.025,0.12,-0.459,-0.404,-0.504,-0.241,-0.672,-0.426
44,B1_2,0.071,-0.244,-0.309,-0.39,0.746,1.0,0.62,0.037,0.276,0.321,-0.296,-0.127,-0.218,-0.281,-0.583,-0.25
44,B1_3,0.268,-0.54,-0.597,-0.228,0.638,0.62,1.0,-0.281,0.098,-0.113,-0.092,0.163,0.186,0.039,-0.202,-0.239
44,A2_1,-0.155,-0.186,-0.053,-0.339,-0.025,0.037,-0.281,1.0,0.529,0.926,-0.521,-0.594,-0.479,0.107,0.006,0.323
44,A2_2,0.27,-0.05,-0.443,-0.425,-0.025,0.276,0.098,0.529,1.0,0.72,-0.097,-0.098,-0.208,-0.481,-0.072,-0.01
44,A2_3,-0.053,-0.196,-0.242,-0.558,0.12,0.321,-0.113,0.926,0.72,1.0,-0.417,-0.496,-0.442,-0.135,-0.163,0.221
44,B2_1,0.428,-0.142,-0.176,-0.172,-0.459,-0.296,-0.092,-0.521,-0.097,-0.417,1.0,0.87,0.704,-0.253,0.045,-0.175
44,B2_2,0.522,-0.359,-0.174,0.107,-0.404,-0.127,0.163,-0.594,-0.098,-0.496,0.87,1.0,0.754,-0.134,0.024,-0.292
44,B2_3,-0.066,-0.33,-0.529,-0.02,-0.504,-0.218,0.186,-0.479,-0.208,-0.442,0.704,0.754,1.0,0.388,0.547,0.358
44,y1,-0.623,-0.301,-0.163,0.265,-0.241,-0.281,0.039,0.107,-0.481,-0.135,-0.253,-0.134,0.388,1.0,0.675,0.699
44,y2,-0.597,0.142,-0.334,0.255,-0.672,-0.583,-0.202,0.006,-0.072,-0.163,0.045,0.024,0.547,0.675,1.0,0.822
44,y3,-0.846,0.105,-0.41,-0.107,-0.426,-0.25,-0.239,0.323,-0.01,0.221,-0.175,-0.292,0.358,0.699,0.822,1.0
46,.,1.0,-0.043,-0.102,0.006,0.038,-0.102,0.378,0.007,-0.042,0.242,0.126,-0.01,-0.759,-0.909,-0.017,-0.654
46,A1_1,-0.043,1.0,0.479,0.652,0.407,-0.169,0.399,-0.084,-0.626,-0.61,0.121,-0.348,0.227,-0.261,-0.327,0.235
46,A1_2,-0.102,0.479,1.0,0.752,-0.112,-0.418,-0.102,0.399,-0.245,-0.358,-0.051,-0.497,0.098,-0.127,-0.383,-0.076
46,A1_3,0.006,0.652,0.752,1.0,-0.105,-0.678,-0.052,0.104,-0.429,-0.29,0.329,-0.209,0.08,-0.135,0.097,0.044
46,B1_1,0.038,0.407,-0.112,-0.105,1.0,0.264,0.722,-0.232,-0.278,-0.519,-0.452,-0.247,-0.281,-0.202,-0.397,0.534
46,B1_2,-0.102,-0.169,-0.418,-0.678,0.264,1.0,0.502,-0.439,-0.226,-0.262,-0.278,0.047,-0.039,0.136,-0.263,0.042
46,B1_3,0.378,0.399,-0.102,-0.052,0.722,0.502,1.0,-0.63,-0.712,-0.666,-0.015,0.053,-0.393,-0.476,-0.4,-0.005
46,A2_1,0.007,-0.084,0.399,0.104,-0.232,-0.439,-0.63,1.0,0.739,0.562,-0.543,-0.723,-0.086,-0.059,-0.057,0.02
46,A2_2,-0.042,-0.626,-0.245,-0.429,-0.278,-0.226,-0.712,0.739,1.0,0.842,-0.482,-0.259,-0.113,0.189,0.253,0.065
46,A2_3,0.242,-0.61,-0.358,-0.29,-0.519,-0.262,-0.666,0.562,0.842,1.0,-0.178,-0.107,-0.272,0.037,0.601,-0.169
46,B2_1,0.126,0.121,-0.051,0.329,-0.452,-0.278,-0.015,-0.543,-0.482,-0.178,1.0,0.769,0.366,-0.112,0.188,-0.492
46,B2_2,-0.01,-0.348,-0.497,-0.209,-0.247,0.047,0.053,-0.723,-0.259,-0.107,0.769,1.0,0.261,0.138,0.225,-0.3
46,B2_3,-0.759,0.227,0.098,0.08,-0.281,-0.039,-0.393,-0.086,-0.113,-0.272,0.366,0.261,1.0,0.569,-0.152,0.181
46,y1,-0.909,-0.261,-0.127,-0.135,-0.202,0.136,-0.476,-0.059,0.189,0.037,-0.112,0.138,0.569,1.0,0.367,0.619
46,y2,-0.017,-0.327,-0.383,0.097,-0.397,-0.263,-0.4,-0.057,0.253,0.601,0.188,0.225,-0.152,0.367,1.0,0.195
46,y3,-0.654,0.235,-0.076,0.044,0.534,0.042,-0.005,0.02,0.065,-0.169,-0.492,-0.3,0.181,0.619,0.195,1.0
