,,.,A1_1,A1_2,A1_3,B1_1,B1_2,B1_3,A2_1,A2_2,A2_3,B2_1,B2_2,B2_3,y1,y2,y3
0,.,1.0,0.486,0.727,0.673,0.732,0.691,0.647,0.771,0.558,0.362,0.724,0.612,0.742,0.881,0.885,0.97
0,A1_1,0.486,1.0,0.884,0.875,0.881,0.86,0.868,0.874,0.951,0.941,0.916,0.868,0.858,0.437,0.594,0.477
0,A1_2,0.727,0.884,1.0,0.975,0.936,0.927,0.971,0.965,0.9,0.842,0.941,0.925,0.969,0.739,0.802,0.727
0,A1_3,0.673,0.875,0.975,1.0,0.88,0.915,0.985,0.911,0.886,0.872,0.918,0.969,0.97,0.701,0.831,0.69
0,B1_1,0.732,0.881,0.936,0.88,1.0,0.94,0.901,0.981,0.903,0.822,0.928,0.877,0.884,0.656,0.696,0.69
0,B1_2,0.691,0.86,0.927,0.915,0.94,1.0,0.932,0.928,0.876,0.835,0.862,0.895,0.905,0.618,0.767,0.655
0,B1_3,0.647,0.868,0.971,0.985,0.901,0.932,1.0,0.919,0.885,0.881,0.895,0.951,0.945,0.652,0.789,0.657
0,A2_1,0.771,0.874,0.965,0.911,0.981,0.928,0.919,1.0,0.923,0.81,0.937,0.874,0.943,0.743,0.768,0.764
0,A2_2,0.558,0.951,0.9,0.886,0.903,0.876,0.885,0.923,1.0,0.94,0.883,0.866,0.913,0.552,0.666,0.578
0,A2_3,0.362,0.941,0.842,0.872,0.822,0.835,0.881,0.81,0.94,1.0,0.809,0.892,0.827,0.354,0.542,0.359
0,B2_1,0.724,0.916,0.941,0.918,0.928,0.862,0.895,0.937,0.883,0.809,1.0,0.906,0.909,0.685,0.753,0.722
0,B2_2,0.612,0.868,0.925,0.969,0.877,0.895,0.951,0.874,0.866,0.892,0.906,1.0,0.912,0.627,0.753,0.605
0,B2_3,0.742,0.858,0.969,0.97,0.884,0.905,0.945,0.943,0.913,0.827,0.909,0.912,1.0,0.777,0.872,0.776
0,y1,0.881,0.437,0.739,0.701,0.656,0.618,0.652,0.743,0.552,0.354,0.685,0.627,0.777,1.0,0.835,0.918
0,y2,0.885,0.594,0.802,0.831,0.696,0.767,0.789,0.768,0.666,0.542,0.753,0.753,0.872,0.835,1.0,0.92
0,y3,0.97,0.477,0.727,0.69,0.69,0.655,0.657,0.764,0.578,0.359,0.722,0.605,0.776,0.918,0.92,1.0
500,.,1.0,0.021,-0.003,-0.075,-0.272,-0.244,-0.34,0.042,-0.015,0.014,-0.245,-0.236,-0.313,-0.476,-0.529,-0.5
500,A1_1,0.021,1.0,0.951,0.973,0.183,0.266,0.138,0.965,0.942,0.951,0.017,0.134,0.074,-0.193,-0.153,-0.178
500,A1_2,-0.003,0.951,1.0,0.977,0.106,0.149,0.04,0.991,0.992,0.995,-0.005,0.079,-0.024,-0.014,0.027,-0.001
500,A1_3,-0.075,0.973,0.977,1.0,0.204,0.272,0.156,0.963,0.962,0.977,0.057,0.165,0.085,-0.107,-0.06,-0.096
500,B1_1,-0.272,0.183,0.106,0.204,1.0,0.965,0.985,0.078,0.055,0.123,0.955,0.992,0.973,-0.253,-0.222,-0.239
500,B1_2,-0.244,0.266,0.149,0.272,0.965,1.0,0.943,0.133,0.107,0.165,0.852,0.939,0.911,-0.372,-0.334,-0.357
500,B1_3,-0.34,0.138,0.04,0.156,0.985,0.943,1.0,0.01,-0.01,0.057,0.946,0.97,0.994,-0.231,-0.204,-0.221
500,A2_1,0.042,0.965,0.991,0.963,0.078,0.133,0.01,1.0,0.987,0.985,-0.046,0.046,-0.052,-0.056,-0.017,-0.038
500,A2_2,-0.015,0.942,0.992,0.962,0.055,0.107,-0.01,0.987,1.0,0.977,-0.055,0.022,-0.077,0.036,0.079,0.053
500,A2_3,0.014,0.951,0.995,0.977,0.123,0.165,0.057,0.985,0.977,1.0,0.013,0.104,-0.002,-0.03,0.007,-0.021
500,B2_1,-0.245,0.017,-0.005,0.057,0.955,0.852,0.946,-0.046,-0.055,0.013,1.0,0.974,0.958,-0.075,-0.06,-0.069
500,B2_2,-0.236,0.134,0.079,0.165,0.992,0.939,0.97,0.046,0.022,0.104,0.974,1.0,0.967,-0.208,-0.183,-0.199
500,B2_3,-0.313,0.074,-0.024,0.085,0.973,0.911,0.994,-0.052,-0.077,-0.002,0.958,0.967,1.0,-0.21,-0.19,-0.202
500,y1,-0.476,-0.193,-0.014,-0.107,-0.253,-0.372,-0.231,-0.056,0.036,-0.03,-0.075,-0.208,-0.21,1.0,0.996,0.997
500,y2,-0.529,-0.153,0.027,-0.06,-0.222,-0.334,-0.204,-0.017,0.079,0.007,-0.06,-0.183,-0.19,0.996,1.0,0.997
500,y3,-0.5,-0.178,-0.001,-0.096,-0.239,-0.357,-0.221,-0.038,0.053,-0.021,-0.069,-0.199,-0.202,0.997,0.997,1.0
1000,.,1.0,0.001,-0.056,-0.121,-0.259,-0.225,-0.331,-0.007,-0.07,0.018,-0.191,-0.21,-0.282,-0.427,-0.471,-0.449
1000,A1_1,0.001,1.0,0.974,0.967,0.195,0.234,0.182,0.988,0.971,0.952,0.017,0.026,0.072,-0.249,-0.232,-0.229
1000,A1_2,-0.056,0.974,1.0,0.992,0.176,0.207,0.165,0.99,0.99,0.984,0.026,0.025,0.047,-0.158,-0.139,-0.139
1000,A1_3,-0.121,0.967,0.992,1.0,0.229,0.267,0.224,0.973,0.981,0.953,0.057,0.064,0.102,-0.184,-0.164,-0.167
1000,B1_1,-0.259,0.195,0.176,0.229,1.0,0.975,0.978,0.135,0.127,0.114,0.944,0.959,0.973,-0.323,-0.309,-0.321
1000,B1_2,-0.225,0.234,0.207,0.267,0.975,1.0,0.962,0.168,0.158,0.134,0.88,0.91,0.932,-0.388,-0.383,-0.398
1000,B1_3,-0.331,0.182,0.165,0.224,0.978,0.962,1.0,0.121,0.112,0.093,0.933,0.952,0.984,-0.293,-0.29,-0.302
1000,A2_1,-0.007,0.988,0.99,0.973,0.135,0.168,0.121,1.0,0.989,0.982,-0.021,-0.022,0.007,-0.169,-0.15,-0.146
1000,A2_2,-0.07,0.971,0.99,0.981,0.127,0.158,0.112,0.989,1.0,0.972,-0.03,-0.036,-0.002,-0.093,-0.073,-0.073
1000,A2_3,0.018,0.952,0.984,0.953,0.114,0.134,0.093,0.982,0.972,1.0,0.002,-0.009,-0.017,-0.099,-0.081,-0.079
1000,B2_1,-0.191,0.017,0.026,0.057,0.944,0.88,0.933,-0.021,-0.03,0.002,1.0,0.994,0.963,-0.156,-0.156,-0.163
1000,B2_2,-0.21,0.026,0.025,0.064,0.959,0.91,0.952,-0.022,-0.036,-0.009,0.994,1.0,0.975,-0.195,-0.196,-0.204
1000,B2_3,-0.282,0.072,0.047,0.102,0.973,0.932,0.984,0.007,-0.002,-0.017,0.963,0.975,1.0,-0.264,-0.263,-0.271
1000,y1,-0.427,-0.249,-0.158,-0.184,-0.323,-0.388,-0.293,-0.169,-0.093,-0.099,-0.156,-0.195,-0.264,1.0,0.994,0.994
1000,y2,-0.471,-0.232,-0.139,-0.164,-0.309,-0.383,-0.29,-0.15,-0.073,-0.081,-0.156,-0.196,-0.263,0.994,1.0,0.999
1000,y3,-0.449,-0.229,-0.139,-0.167,-0.321,-0.398,-0.302,-0.146,-0.073,-0.079,-0.163,-0.204,-0.271,0.994,0.999,1.0
1500,.,1.0,0.224,0.051,0.001,-0.235,-0.184,-0.311,0.104,0.08,0.185,-0.136,-0.179,-0.184,-0.498,-0.539,-0.517
1500,A1_1,0.224,1.0,0.842,0.834,-0.179,-0.222,-0.196,0.914,0.917,0.939,-0.354,-0.287,-0.284,-0.203,-0.195,-0.136
1500,A1_2,0.051,0.842,1.0,0.994,0.02,-0.026,0.004,0.977,0.954,0.944,-0.167,-0.09,-0.09,-0.259,-0.24,-0.208
1500,A1_3,0.001,0.834,0.994,1.0,0.061,0.021,0.05,0.968,0.94,0.925,-0.14,-0.052,-0.049,-0.275,-0.254,-0.22
1500,B1_1,-0.235,-0.179,0.02,0.061,1.0,0.967,0.979,-0.009,-0.091,-0.034,0.949,0.985,0.98,-0.233,-0.179,-0.201
1500,B1_2,-0.184,-0.222,-0.026,0.021,0.967,1.0,0.97,-0.057,-0.146,-0.077,0.949,0.98,0.982,-0.296,-0.262,-0.285
1500,B1_3,-0.311,-0.196,0.004,0.05,0.979,0.97,1.0,-0.03,-0.116,-0.056,0.947,0.974,0.978,-0.218,-0.175,-0.198
1500,A2_1,0.104,0.914,0.977,0.968,-0.009,-0.057,-0.03,1.0,0.982,0.981,-0.193,-0.119,-0.117,-0.242,-0.226,-0.183
1500,A2_2,0.08,0.917,0.954,0.94,-0.091,-0.146,-0.116,0.982,1.0,0.959,-0.268,-0.202,-0.198,-0.13,-0.112,-0.072
1500,A2_3,0.185,0.939,0.944,0.925,-0.034,-0.077,-0.056,0.981,0.959,1.0,-0.195,-0.135,-0.141,-0.23,-0.219,-0.176
1500,B2_1,-0.136,-0.354,-0.167,-0.14,0.949,0.949,0.947,-0.193,-0.268,-0.195,1.0,0.986,0.98,-0.154,-0.124,-0.154
1500,B2_2,-0.179,-0.287,-0.09,-0.052,0.985,0.98,0.974,-0.119,-0.202,-0.135,0.986,1.0,0.997,-0.225,-0.185,-0.212
1500,B2_3,-0.184,-0.284,-0.09,-0.049,0.98,0.982,0.978,-0.117,-0.198,-0.141,0.98,0.997,1.0,-0.261,-0.222,-0.249
1500,y1,-0.498,-0.203,-0.259,-0.275,-0.233,-0.296,-0.218,-0.242,-0.13,-0.23,-0.154,-0.225,-0.261,1.0,0.994,0.993
1500,y2,-0.539,-0.195,-0.24,-0.254,-0.179,-0.262,-0.175,-0.226,-0.112,-0.219,-0.124,-0.185,-0.222,0.994,1.0,0.996
1500,y3,-0.517,-0.136,-0.208,-0.22,-0.201,-0.285,-0.198,-0.183,-0.072,-0.176,-0.154,-0.212,-0.249,0.993,0.996,1.0
2000,.,1.0,0.095,0.022,0.019,-0.208,-0.209,-0.345,0.039,0.081,0.028,-0.227,-0.277,-0.205,-0.486,-0.464,-0.459
2000,A1_1,0.095,1.0,0.962,0.962,-0.02,0.064,0.093,0.978,0.941,0.967,-0.006,0.194,-0.022,-0.279,-0.289,-0.307
2000,A1_2,0.022,0.962,1.0,0.998,-0.028,0.048,0.071,0.996,0.969,0.976,-0.005,0.174,-0.033,-0.16,-0.171,-0.191
2000,A1_3,0.019,0.962,0.998,1.0,-0.05,0.026,0.049,0.994,0.979,0.965,-0.03,0.154,-0.055,-0.159,-0.168,-0.187
2000,B1_1,-0.208,-0.02,-0.028,-0.05,1.0,0.976,0.97,-0.014,-0.162,0.081,0.985,0.918,1.0,-0.303,-0.278,-0.308
2000,B1_2,-0.209,0.064,0.048,0.026,0.976,1.0,0.964,0.065,-0.095,0.164,0.944,0.924,0.978,-0.368,-0.347,-0.381
2000,B1_3,-0.345,0.093,0.071,0.049,0.97,0.964,1.0,0.086,-0.074,0.184,0.965,0.945,0.969,-0.268,-0.251,-0.283
2000,A2_1,0.039,0.978,0.996,0.994,-0.014,0.065,0.086,1.0,0.964,0.984,0.004,0.189,-0.018,-0.203,-0.214,-0.233
2000,A2_2,0.081,0.941,0.969,0.979,-0.162,-0.095,-0.074,0.964,1.0,0.904,-0.139,0.036,-0.167,-0.106,-0.111,-0.127
2000,A2_3,0.028,0.967,0.976,0.965,0.081,0.164,0.184,0.984,0.904,1.0,0.098,0.279,0.077,-0.255,-0.27,-0.292
2000,B2_1,-0.227,-0.006,-0.005,-0.03,0.985,0.944,0.965,0.004,-0.139,0.098,1.0,0.929,0.982,-0.197,-0.172,-0.202
2000,B2_2,-0.277,0.194,0.174,0.154,0.918,0.924,0.945,0.189,0.036,0.279,0.929,1.0,0.917,-0.293,-0.271,-0.296
2000,B2_3,-0.205,-0.022,-0.033,-0.055,1.0,0.978,0.969,-0.018,-0.167,0.077,0.982,0.917,1.0,-0.314,-0.289,-0.319
2000,y1,-0.486,-0.279,-0.16,-0.159,-0.303,-0.368,-0.268,-0.203,-0.106,-0.255,-0.197,-0.293,-0.314,1.0,0.997,0.997
2000,y2,-0.464,-0.289,-0.171,-0.168,-0.278,-0.347,-0.251,-0.214,-0.111,-0.27,-0.172,-0.271,-0.289,0.997,1.0,0.998
2000,y3,-0.459,-0.307,-0.191,-0.187,-0.308,-0.381,-0.283,-0.233,-0.127,-0.292,-0.202,-0.296,-0.319,0.997,0.998,1.0
2500,.,1.0,0.188,0.132,0.127,-0.129,-0.229,-0.284,0.201,0.181,0.055,-0.191,-0.194,-0.184,-0.526,-0.499,-0.491
2500,A1_1,0.188,1.0,0.948,0.955,-0.04,0.064,-0.012,0.982,0.925,0.906,-0.077,0.125,-0.107,-0.309,-0.3,-0.326
2500,A1_2,0.132,0.948,1.0,0.997,-0.015,0.064,-0.016,0.983,0.937,0.963,-0.058,0.127,-0.092,-0.204,-0.191,-0.222
2500,A1_3,0.127,0.955,0.997,1.0,-0.027,0.053,-0.024,0.987,0.948,0.957,-0.076,0.118,-0.11,-0.216,-0.202,-0.23
2500,B1_1,-0.129,-0.04,-0.015,-0.027,1.0,0.936,0.962,-0.066,-0.217,0.137,0.958,0.905,0.932,-0.343,-0.329,-0.355
2500,B1_2,-0.229,0.064,0.064,0.053,0.936,1.0,0.958,0.009,-0.159,0.226,0.945,0.925,0.962,-0.342,-0.345,-0.375
2500,B1_3,-0.284,-0.012,-0.016,-0.024,0.962,0.958,1.0,-0.068,-0.219,0.144,0.952,0.896,0.948,-0.288,-0.289,-0.317
2500,A2_1,0.201,0.982,0.983,0.987,-0.066,0.009,-0.068,1.0,0.961,0.928,-0.118,0.075,-0.152,-0.241,-0.227,-0.253
2500,A2_2,0.181,0.925,0.937,0.948,-0.217,-0.159,-0.219,0.961,1.0,0.818,-0.283,-0.086,-0.323,-0.104,-0.086,-0.103
2500,A2_3,0.055,0.906,0.963,0.957,0.137,0.226,0.144,0.928,0.818,1.0,0.106,0.28,0.078,-0.293,-0.285,-0.321
2500,B2_1,-0.191,-0.077,-0.058,-0.076,0.958,0.945,0.952,-0.118,-0.283,0.106,1.0,0.943,0.942,-0.209,-0.199,-0.23
2500,B2_2,-0.194,0.125,0.127,0.118,0.905,0.925,0.896,0.075,-0.086,0.28,0.943,1.0,0.833,-0.303,-0.285,-0.315
2500,B2_3,-0.184,-0.107,-0.092,-0.11,0.932,0.962,0.948,-0.152,-0.323,0.078,0.942,0.833,1.0,-0.282,-0.292,-0.321
2500,y1,-0.526,-0.309,-0.204,-0.216,-0.343,-0.342,-0.288,-0.241,-0.104,-0.293,-0.209,-0.303,-0.282,1.0,0.996,0.994
2500,y2,-0.499,-0.3,-0.191,-0.202,-0.329,-0.345,-0.289,-0.227,-0.086,-0.285,-0.199,-0.285,-0.292,0.996,1.0,0.999
2500,y3,-0.491,-0.326,-0.222,-0.23,-0.355,-0.375,-0.317,-0.253,-0.103,-0.321,-0.23,-0.315,-0.321,0.994,0.999,1.0
3000,.,1.0,0.057,-0.018,0.003,-0.191,-0.293,-0.38,0.053,0.107,-0.004,-0.266,-0.224,-0.194,-0.494,-0.497,-0.478
3000,A1_1,0.057,1.0,0.951,0.951,0.132,0.233,0.195,0.971,0.805,0.97,0.119,0.279,0.041,-0.357,-0.366,-0.412
3000,A1_2,-0.018,0.951,1.0,0.993,0.128,0.203,0.157,0.986,0.828,0.989,0.103,0.238,0.025,-0.218,-0.223,-0.276
3000,A1_3,0.003,0.951,0.993,1.0,0.063,0.132,0.094,0.994,0.885,0.972,0.024,0.178,-0.05,-0.196,-0.197,-0.25
3000,B1_1,-0.191,0.132,0.128,0.063,1.0,0.911,0.935,0.059,-0.22,0.188,0.935,0.87,0.93,-0.374,-0.358,-0.365
3000,B1_2,-0.293,0.233,0.203,0.132,0.911,1.0,0.945,0.128,-0.189,0.267,0.976,0.948,0.926,-0.293,-0.293,-0.296
3000,B1_3,-0.38,0.195,0.157,0.094,0.935,0.945,1.0,0.086,-0.198,0.218,0.951,0.893,0.918,-0.281,-0.278,-0.283
3000,A2_1,0.053,0.971,0.986,0.994,0.059,0.128,0.086,1.0,0.889,0.976,0.02,0.173,-0.055,-0.232,-0.234,-0.286
3000,A2_2,0.107,0.805,0.828,0.885,-0.22,-0.189,-0.198,0.889,1.0,0.769,-0.303,-0.118,-0.357,-0.024,-0.012,-0.062
3000,A2_3,-0.004,0.97,0.989,0.972,0.188,0.267,0.218,0.976,0.769,1.0,0.171,0.296,0.091,-0.292,-0.3,-0.351
3000,B2_1,-0.266,0.119,0.103,0.024,0.935,0.976,0.951,0.02,-0.303,0.171,1.0,0.892,0.974,-0.252,-0.257,-0.256
3000,B2_2,-0.224,0.279,0.238,0.178,0.87,0.948,0.893,0.173,-0.118,0.296,0.892,1.0,0.812,-0.343,-0.334,-0.334
3000,B2_3,-0.194,0.041,0.025,-0.05,0.93,0.926,0.918,-0.055,-0.357,0.091,0.974,0.812,1.0,-0.314,-0.323,-0.317
3000,y1,-0.494,-0.357,-0.218,-0.196,-0.374,-0.293,-0.281,-0.232,-0.024,-0.292,-0.252,-0.343,-0.314,1.0,0.996,0.996
3000,y2,-0.497,-0.366,-0.223,-0.197,-0.358,-0.293,-0.278,-0.234,-0.012,-0.3,-0.257,-0.334,-0.323,0.996,1.0,0.997
3000,y3,-0.478,-0.412,-0.276,-0.25,-0.365,-0.296,-0.283,-0.286,-0.062,-0.351,-0.256,-0.334,-0.317,0.996,0.997,1.0
3500,.,1.0,0.067,-0.038,-0.006,-0.214,-0.322,-0.355,0.008,0.061,-0.005,-0.183,-0.234,-0.16,-0.545,-0.539,-0.522
3500,A1_1,0.067,1.0,0.931,0.945,0.094,0.164,0.094,0.961,0.842,0.952,-0.072,0.214,-0.096,-0.368,-0.344,-0.376
3500,A1_2,-0.038,0.931,1.0,0.99,0.128,0.177,0.091,0.992,0.851,0.992,-0.029,0.224,-0.064,-0.222,-0.196,-0.227
3500,A1_3,-0.006,0.945,0.99,1.0,0.057,0.1,0.028,0.996,0.909,0.979,-0.113,0.161,-0.141,-0.218,-0.186,-0.221
3500,B1_1,-0.214,0.094,0.128,0.057,1.0,0.917,0.945,0.08,-0.205,0.141,0.951,0.883,0.95,-0.329,-0.338,-0.329
3500,B1_2,-0.322,0.164,0.177,0.1,0.917,1.0,0.937,0.124,-0.195,0.193,0.912,0.878,0.89,-0.251,-0.266,-0.257
3500,B1_3,-0.355,0.094,0.091,0.028,0.945,0.937,1.0,0.043,-0.235,0.097,0.924,0.877,0.931,-0.241,-0.257,-0.251
3500,A2_1,0.008,0.961,0.992,0.996,0.08,0.124,0.043,1.0,0.89,0.991,-0.088,0.182,-0.12,-0.248,-0.219,-0.252
3500,A2_2,0.061,0.842,0.851,0.909,-0.205,-0.195,-0.235,0.89,1.0,0.833,-0.396,-0.1,-0.41,-0.058,-0.022,-0.061
3500,A2_3,-0.005,0.952,0.992,0.979,0.141,0.193,0.097,0.991,0.833,1.0,-0.012,0.236,-0.051,-0.261,-0.238,-0.267
3500,B2_1,-0.183,-0.072,-0.029,-0.113,0.951,0.912,0.924,-0.088,-0.396,-0.012,1.0,0.859,0.994,-0.205,-0.22,-0.2
3500,B2_2,-0.234,0.214,0.224,0.161,0.883,0.878,0.877,0.182,-0.1,0.236,0.859,1.0,0.86,-0.274,-0.273,-0.272
3500,B2_3,-0.16,-0.096,-0.064,-0.141,0.95,0.89,0.931,-0.12,-0.41,-0.051,0.994,0.86,1.0,-0.236,-0.252,-0.231
3500,y1,-0.545,-0.368,-0.222,-0.218,-0.329,-0.251,-0.241,-0.248,-0.058,-0.261,-0.205,-0.274,-0.236,1.0,0.997,0.997
3500,y2,-0.539,-0.344,-0.196,-0.186,-0.338,-0.266,-0.257,-0.219,-0.022,-0.238,-0.22,-0.273,-0.252,0.997,1.0,0.999
3500,y3,-0.522,-0.376,-0.227,-0.221,-0.329,-0.257,-0.251,-0.252,-0.061,-0.267,-0.2,-0.272,-0.231,0.997,0.999,1.0
4000,.,1.0,0.11,0.104,0.029,-0.206,-0.268,-0.347,0.103,0.111,0.094,-0.122,-0.096,-0.136,-0.554,-0.561,-0.554
4000,A1_1,0.11,1.0,0.965,0.955,0.14,0.178,0.105,0.98,0.871,0.971,-0.055,0.109,-0.081,-0.286,-0.211,-0.271
4000,A1_2,0.104,0.965,1.0,0.99,0.091,0.115,0.027,0.995,0.932,0.989,-0.098,0.054,-0.128,-0.141,-0.057,-0.119
4000,A1_3,0.029,0.955,0.99,1.0,0.126,0.159,0.078,0.987,0.901,0.98,-0.061,0.092,-0.091,-0.144,-0.06,-0.119
4000,B1_1,-0.206,0.14,0.091,0.126,1.0,0.979,0.956,0.1,-0.124,0.156,0.939,0.867,0.931,-0.308,-0.245,-0.285
4000,B1_2,-0.268,0.178,0.115,0.159,0.979,1.0,0.965,0.124,-0.115,0.183,0.917,0.87,0.906,-0.283,-0.226,-0.261
4000,B1_3,-0.347,0.105,0.027,0.078,0.956,0.965,1.0,0.036,-0.179,0.084,0.9,0.823,0.899,-0.247,-0.207,-0.236
4000,A2_1,0.103,0.98,0.995,0.987,0.1,0.124,0.036,1.0,0.922,0.989,-0.093,0.066,-0.123,-0.193,-0.108,-0.17
4000,A2_2,0.111,0.871,0.932,0.901,-0.124,-0.115,-0.179,0.922,1.0,0.879,-0.329,-0.141,-0.355,-0.034,0.041,-0.013
4000,A2_3,0.094,0.971,0.989,0.98,0.156,0.183,0.084,0.989,0.879,1.0,-0.029,0.107,-0.058,-0.169,-0.086,-0.15
4000,B2_1,-0.122,-0.055,-0.098,-0.061,0.939,0.917,0.9,-0.093,-0.329,-0.029,1.0,0.908,0.999,-0.244,-0.198,-0.219
4000,B2_2,-0.096,0.109,0.054,0.092,0.867,0.87,0.823,0.066,-0.141,0.107,0.908,1.0,0.906,-0.366,-0.317,-0.334
4000,B2_3,-0.136,-0.081,-0.128,-0.091,0.931,0.906,0.899,-0.123,-0.355,-0.058,0.999,0.906,1.0,-0.232,-0.191,-0.21
4000,y1,-0.554,-0.286,-0.141,-0.144,-0.308,-0.283,-0.247,-0.193,-0.034,-0.169,-0.244,-0.366,-0.232,1.0,0.99,0.996
4000,y2,-0.561,-0.211,-0.057,-0.06,-0.245,-0.226,-0.207,-0.108,0.041,-0.086,-0.198,-0.317,-0.191,0.99,1.0,0.996
4000,y3,-0.554,-0.271,-0.119,-0.119,-0.285,-0.261,-0.236,-0.17,-0.013,-0.15,-0.219,-0.334,-0.21,0.996,0.996,1.0
4500,.,1.0,0.034,0.051,-0.029,-0.257,-0.288,-0.324,-0.0,0.016,-0.038,-0.171,-0.112,-0.174,-0.476,-0.504,-0.46
4500,A1_1,0.034,1.0,0.955,0.961,0.131,0.187,0.134,0.954,0.962,0.918,0.13,0.125,0.102,-0.28,-0.311,-0.332
4500,A1_2,0.051,0.955,1.0,0.971,0.128,0.17,0.096,0.991,0.989,0.95,0.129,0.118,0.099,-0.139,-0.177,-0.191
4500,A1_3,-0.029,0.961,0.971,1.0,0.094,0.163,0.104,0.965,0.974,0.927,0.096,0.086,0.066,-0.131,-0.159,-0.176
4500,B1_1,-0.257,0.131,0.128,0.094,1.0,0.979,0.981,0.187,0.075,0.287,0.972,0.853,0.977,-0.355,-0.316,-0.361
4500,B1_2,-0.288,0.187,0.17,0.163,0.979,1.0,0.979,0.227,0.116,0.335,0.952,0.834,0.956,-0.341,-0.301,-0.349
4500,B1_3,-0.324,0.134,0.096,0.104,0.981,0.979,1.0,0.152,0.052,0.256,0.95,0.832,0.956,-0.343,-0.293,-0.345
4500,A2_1,-0.0,0.954,0.991,0.965,0.187,0.227,0.152,1.0,0.979,0.976,0.19,0.177,0.159,-0.181,-0.218,-0.232
4500,A2_2,0.016,0.962,0.989,0.974,0.075,0.116,0.052,0.979,1.0,0.916,0.077,0.072,0.047,-0.142,-0.177,-0.192
4500,A2_3,-0.038,0.918,0.95,0.927,0.287,0.335,0.256,0.976,0.916,1.0,0.289,0.269,0.258,-0.209,-0.243,-0.26
4500,B2_1,-0.171,0.13,0.129,0.096,0.972,0.952,0.95,0.19,0.077,0.289,1.0,0.947,0.998,-0.392,-0.336,-0.379
4500,B2_2,-0.112,0.125,0.118,0.086,0.853,0.834,0.832,0.177,0.072,0.269,0.947,1.0,0.939,-0.398,-0.321,-0.364
4500,B2_3,-0.174,0.102,0.099,0.066,0.977,0.956,0.956,0.159,0.047,0.258,0.998,0.939,1.0,-0.403,-0.346,-0.39
4500,y1,-0.476,-0.28,-0.139,-0.131,-0.355,-0.341,-0.343,-0.181,-0.142,-0.209,-0.392,-0.398,-0.403,1.0,0.992,0.995
4500,y2,-0.504,-0.311,-0.177,-0.159,-0.316,-0.301,-0.293,-0.218,-0.177,-0.243,-0.336,-0.321,-0.346,0.992,1.0,0.997
4500,y3,-0.46,-0.332,-0.191,-0.176,-0.361,-0.349,-0.345,-0.232,-0.192,-0.26,-0.379,-0.364,-0.39,0.995,0.997,1.0
5000,.,1.0,-0.003,0.073,-0.042,-0.264,-0.273,-0.308,0.063,0.021,-0.009,-0.16,-0.078,-0.17,-0.48,-0.501,-0.478
5000,A1_1,-0.003,1.0,0.949,0.966,0.131,0.197,0.172,0.946,0.955,0.924,0.09,0.06,0.096,-0.27,-0.303,-0.305
5000,A1_2,0.073,0.949,1.0,0.956,0.106,0.161,0.116,0.987,0.99,0.952,0.066,0.034,0.07,-0.139,-0.178,-0.173
5000,A1_3,-0.042,0.966,0.956,1.0,0.076,0.151,0.125,0.928,0.956,0.911,0.034,0.003,0.04,-0.122,-0.154,-0.155
5000,B1_1,-0.264,0.131,0.106,0.076,1.0,0.985,0.989,0.164,0.08,0.275,0.953,0.844,0.963,-0.325,-0.307,-0.339
5000,B1_2,-0.273,0.197,0.161,0.151,0.985,1.0,0.988,0.212,0.132,0.332,0.949,0.849,0.959,-0.325,-0.305,-0.338
5000,B1_3,-0.308,0.172,0.116,0.125,0.989,0.988,1.0,0.162,0.094,0.279,0.939,0.83,0.951,-0.33,-0.31,-0.346
5000,A2_1,0.063,0.946,0.987,0.928,0.164,0.212,0.162,1.0,0.982,0.973,0.128,0.096,0.132,-0.207,-0.244,-0.237
5000,A2_2,0.021,0.955,0.99,0.956,0.08,0.132,0.094,0.982,1.0,0.929,0.041,0.015,0.045,-0.156,-0.191,-0.186
5000,A2_3,-0.009,0.924,0.952,0.911,0.275,0.332,0.279,0.973,0.929,1.0,0.238,0.197,0.243,-0.214,-0.245,-0.243
5000,B2_1,-0.16,0.09,0.066,0.034,0.953,0.949,0.939,0.128,0.041,0.238,1.0,0.966,0.999,-0.384,-0.341,-0.376
5000,B2_2,-0.078,0.06,0.034,0.003,0.844,0.849,0.83,0.096,0.015,0.197,0.966,1.0,0.957,-0.41,-0.349,-0.384
5000,B2_3,-0.17,0.096,0.07,0.04,0.963,0.959,0.951,0.132,0.045,0.243,0.999,0.957,1.0,-0.387,-0.346,-0.381
5000,y1,-0.48,-0.27,-0.139,-0.122,-0.325,-0.325,-0.33,-0.207,-0.156,-0.214,-0.384,-0.41,-0.387,1.0,0.994,0.996
5000,y2,-0.501,-0.303,-0.178,-0.154,-0.307,-0.305,-0.31,-0.244,-0.191,-0.245,-0.341,-0.349,-0.346,0.994,1.0,0.998
5000,y3,-0.478,-0.305,-0.173,-0.155,-0.339,-0.338,-0.346,-0.237,-0.186,-0.243,-0.376,-0.384,-0.381,0.996,0.998,1.0
5500,.,1.0,-0.021,0.099,-0.001,-0.269,-0.263,-0.285,0.074,0.014,-0.017,-0.162,-0.086,-0.171,-0.471,-0.492,-0.461
5500,A1_1,-0.021,1.0,0.912,0.963,0.119,0.196,0.162,0.943,0.952,0.932,0.087,0.048,0.091,-0.263,-0.301,-0.303
5500,A1_2,0.099,0.912,1.0,0.968,0.065,0.125,0.079,0.978,0.986,0.923,0.034,-0.0,0.037,-0.124,-0.168,-0.163
5500,A1_3,-0.001,0.963,0.968,1.0,0.067,0.142,0.103,0.96,0.986,0.931,0.037,0.001,0.04,-0.126,-0.165,-0.162
5500,B1_1,-0.269,0.119,0.065,0.067,1.0,0.982,0.993,0.137,0.068,0.247,0.946,0.833,0.954,-0.319,-0.313,-0.338
5500,B1_2,-0.263,0.196,0.125,0.142,0.982,1.0,0.991,0.201,0.135,0.319,0.953,0.856,0.961,-0.336,-0.325,-0.351
5500,B1_3,-0.285,0.162,0.079,0.103,0.993,0.991,1.0,0.151,0.093,0.266,0.945,0.835,0.954,-0.338,-0.329,-0.356
5500,A2_1,0.074,0.943,0.978,0.96,0.137,0.201,0.151,1.0,0.981,0.972,0.11,0.072,0.113,-0.212,-0.255,-0.249
5500,A2_2,0.014,0.952,0.986,0.986,0.068,0.135,0.093,0.981,1.0,0.935,0.04,0.007,0.043,-0.16,-0.2,-0.197
5500,A2_3,-0.017,0.932,0.923,0.931,0.247,0.319,0.266,0.972,0.935,1.0,0.219,0.173,0.222,-0.219,-0.254,-0.253
5500,B2_1,-0.162,0.087,0.034,0.037,0.946,0.953,0.945,0.11,0.04,0.219,1.0,0.967,1.0,-0.39,-0.357,-0.384
5500,B2_2,-0.086,0.048,-0.0,0.001,0.833,0.856,0.835,0.072,0.007,0.173,0.967,1.0,0.959,-0.404,-0.353,-0.381
5500,B2_3,-0.171,0.091,0.037,0.04,0.954,0.961,0.954,0.113,0.043,0.222,1.0,0.959,1.0,-0.389,-0.359,-0.386
5500,y1,-0.471,-0.263,-0.124,-0.126,-0.319,-0.336,-0.338,-0.212,-0.16,-0.219,-0.39,-0.404,-0.389,1.0,0.994,0.996
5500,y2,-0.492,-0.301,-0.168,-0.165,-0.313,-0.325,-0.329,-0.255,-0.2,-0.254,-0.357,-0.353,-0.359,0.994,1.0,0.998
5500,y3,-0.461,-0.303,-0.163,-0.162,-0.338,-0.351,-0.356,-0.249,-0.197,-0.253,-0.384,-0.381,-0.386,0.996,0.998,1.0
6000,.,1.0,0.018,0.17,0.051,-0.245,-0.259,-0.27,0.125,0.023,-0.011,-0.151,-0.098,-0.159,-0.452,-0.462,-0.451
6000,A1_1,0.018,1.0,0.863,0.94,0.114,0.201,0.16,0.948,0.954,0.947,0.087,0.049,0.094,-0.272,-0.326,-0.318
6000,A1_2,0.17,0.863,1.0,0.962,0.023,0.066,0.019,0.947,0.958,0.875,-0.005,-0.039,0.001,-0.098,-0.153,-0.143
6000,A1_3,0.051,0.94,0.962,1.0,0.084,0.153,0.107,0.973,0.994,0.949,0.059,0.022,0.065,-0.132,-0.184,-0.174
6000,B1_1,-0.245,0.114,0.023,0.084,1.0,0.978,0.989,0.112,0.093,0.217,0.949,0.873,0.959,-0.352,-0.359,-0.37
6000,B1_2,-0.259,0.201,0.066,0.153,0.978,1.0,0.991,0.177,0.163,0.297,0.951,0.886,0.963,-0.362,-0.365,-0.377
6000,B1_3,-0.27,0.16,0.019,0.107,0.989,0.991,1.0,0.125,0.116,0.245,0.942,0.867,0.954,-0.364,-0.371,-0.382
6000,A2_1,0.125,0.948,0.947,0.973,0.112,0.177,0.125,1.0,0.979,0.971,0.088,0.05,0.094,-0.197,-0.253,-0.242
6000,A2_2,0.023,0.954,0.958,0.994,0.093,0.163,0.116,0.979,1.0,0.956,0.07,0.033,0.076,-0.173,-0.225,-0.216
6000,A2_3,-0.011,0.947,0.875,0.949,0.217,0.297,0.245,0.971,0.956,1.0,0.19,0.149,0.198,-0.207,-0.252,-0.245
6000,B2_1,-0.151,0.087,-0.005,0.059,0.949,0.951,0.942,0.088,0.07,0.19,1.0,0.982,0.999,-0.415,-0.403,-0.414
6000,B2_2,-0.098,0.049,-0.039,0.022,0.873,0.886,0.867,0.05,0.033,0.149,0.982,1.0,0.974,-0.424,-0.401,-0.411
6000,B2_3,-0.159,0.094,0.001,0.065,0.959,0.963,0.954,0.094,0.076,0.198,0.999,0.974,1.0,-0.417,-0.407,-0.418
6000,y1,-0.452,-0.272,-0.098,-0.132,-0.352,-0.362,-0.364,-0.197,-0.173,-0.207,-0.415,-0.424,-0.417,1.0,0.995,0.996
6000,y2,-0.462,-0.326,-0.153,-0.184,-0.359,-0.365,-0.371,-0.253,-0.225,-0.252,-0.403,-0.401,-0.407,0.995,1.0,1.0
6000,y3,-0.451,-0.318,-0.143,-0.174,-0.37,-0.377,-0.382,-0.242,-0.216,-0.245,-0.414,-0.411,-0.418,0.996,1.0,1.0
6500,.,1.0,0.23,0.296,0.217,-0.051,-0.124,-0.14,0.25,0.204,0.217,-0.043,-0.087,-0.04,-0.407,-0.422,-0.429
6500,A1_1,0.23,1.0,0.968,0.972,0.043,0.075,0.008,0.969,0.952,0.971,0.031,0.152,-0.022,-0.167,-0.159,-0.168
6500,A1_2,0.296,0.968,1.0,0.989,-0.07,-0.056,-0.127,0.995,0.986,0.91,-0.084,0.019,-0.138,-0.038,-0.033,-0.043
6500,A1_3,0.217,0.972,0.989,1.0,-0.055,-0.036,-0.104,0.995,0.994,0.907,-0.07,0.049,-0.127,-0.082,-0.074,-0.085
6500,B1_1,-0.051,0.043,-0.07,-0.055,1.0,0.979,0.981,-0.078,-0.104,0.14,0.977,0.956,0.99,-0.207,-0.215,-0.19
6500,B1_2,-0.124,0.075,-0.056,-0.036,0.979,1.0,0.985,-0.058,-0.082,0.175,0.963,0.985,0.984,-0.238,-0.242,-0.217
6500,B1_3,-0.14,0.008,-0.127,-0.104,0.981,0.985,1.0,-0.13,-0.152,0.093,0.949,0.958,0.981,-0.227,-0.231,-0.206
6500,A2_1,0.25,0.969,0.995,0.995,-0.078,-0.058,-0.13,1.0,0.996,0.91,-0.095,0.023,-0.144,-0.073,-0.064,-0.076
6500,A2_2,0.204,0.952,0.986,0.994,-0.104,-0.082,-0.152,0.996,1.0,0.881,-0.126,0.001,-0.172,-0.053,-0.042,-0.055
6500,A2_3,0.217,0.971,0.91,0.907,0.14,0.175,0.093,0.91,0.881,1.0,0.135,0.242,0.084,-0.212,-0.203,-0.211
6500,B2_1,-0.043,0.031,-0.084,-0.07,0.977,0.963,0.949,-0.095,-0.126,0.135,1.0,0.963,0.975,-0.201,-0.218,-0.187
6500,B2_2,-0.087,0.152,0.019,0.049,0.956,0.985,0.958,0.023,0.001,0.242,0.963,1.0,0.964,-0.309,-0.316,-0.289
6500,B2_3,-0.04,-0.022,-0.138,-0.127,0.99,0.984,0.981,-0.144,-0.172,0.084,0.975,0.964,1.0,-0.241,-0.247,-0.222
6500,y1,-0.407,-0.167,-0.038,-0.082,-0.207,-0.238,-0.227,-0.073,-0.053,-0.212,-0.201,-0.309,-0.241,1.0,0.997,0.999
6500,y2,-0.422,-0.159,-0.033,-0.074,-0.215,-0.242,-0.231,-0.064,-0.042,-0.203,-0.218,-0.316,-0.247,0.997,1.0,0.998
6500,y3,-0.429,-0.168,-0.043,-0.085,-0.19,-0.217,-0.206,-0.076,-0.055,-0.211,-0.187,-0.289,-0.222,0.999,0.998,1.0
7000,.,1.0,0.165,0.251,0.218,-0.077,-0.162,-0.152,0.248,0.215,0.303,-0.029,-0.068,-0.073,-0.432,-0.458,-0.442
7000,A1_1,0.165,1.0,0.946,0.962,0.031,0.079,0.035,0.957,0.938,0.958,0.058,0.288,-0.001,-0.2,-0.209,-0.214
7000,A1_2,0.251,0.946,1.0,0.995,-0.102,-0.086,-0.132,0.998,0.997,0.955,-0.104,0.145,-0.155,-0.067,-0.076,-0.078
7000,A1_3,0.218,0.962,0.995,1.0,-0.069,-0.045,-0.094,0.994,0.993,0.95,-0.065,0.188,-0.121,-0.101,-0.108,-0.11
7000,B1_1,-0.077,0.031,-0.102,-0.069,1.0,0.962,0.969,-0.1,-0.125,0.055,0.951,0.934,0.983,-0.229,-0.2,-0.231
7000,B1_2,-0.162,0.079,-0.086,-0.045,0.962,1.0,0.981,-0.079,-0.106,0.074,0.952,0.958,0.979,-0.245,-0.211,-0.241
7000,B1_3,-0.152,0.035,-0.132,-0.094,0.969,0.981,1.0,-0.128,-0.152,0.019,0.965,0.928,0.988,-0.22,-0.189,-0.223
7000,A2_1,0.248,0.957,0.998,0.994,-0.1,-0.079,-0.128,1.0,0.996,0.957,-0.1,0.149,-0.149,-0.098,-0.111,-0.112
7000,A2_2,0.215,0.938,0.997,0.993,-0.125,-0.106,-0.152,0.996,1.0,0.933,-0.132,0.123,-0.178,-0.067,-0.076,-0.079
7000,A2_3,0.303,0.958,0.955,0.95,0.055,0.074,0.019,0.957,0.933,1.0,0.064,0.292,0.01,-0.123,-0.132,-0.135
7000,B2_1,-0.029,0.058,-0.104,-0.065,0.951,0.952,0.965,-0.1,-0.132,0.064,1.0,0.935,0.98,-0.17,-0.148,-0.174
7000,B2_2,-0.068,0.288,0.145,0.188,0.934,0.958,0.928,0.149,0.123,0.292,0.935,1.0,0.933,-0.226,-0.192,-0.22
7000,B2_3,-0.073,-0.001,-0.155,-0.121,0.983,0.979,0.988,-0.149,-0.178,0.01,0.98,0.933,1.0,-0.233,-0.206,-0.237
7000,y1,-0.432,-0.2,-0.067,-0.101,-0.229,-0.245,-0.22,-0.098,-0.067,-0.123,-0.17,-0.226,-0.233,1.0,0.996,0.997
7000,y2,-0.458,-0.209,-0.076,-0.108,-0.2,-0.211,-0.189,-0.111,-0.076,-0.132,-0.148,-0.192,-0.206,0.996,1.0,0.998
7000,y3,-0.442,-0.214,-0.078,-0.11,-0.231,-0.241,-0.223,-0.112,-0.079,-0.135,-0.174,-0.22,-0.237,0.997,0.998,1.0
7500,.,1.0,0.088,0.021,-0.071,-0.439,-0.446,-0.448,-0.136,-0.086,-0.075,-0.327,-0.463,-0.326,-0.478,-0.497,-0.471
7500,A1_1,0.088,1.0,0.933,0.931,0.158,0.248,0.073,0.904,0.868,0.944,0.059,0.16,-0.088,-0.044,-0.056,-0.088
7500,A1_2,0.021,0.933,1.0,0.966,0.119,0.181,0.005,0.922,0.958,0.896,-0.03,0.163,-0.157,-0.011,-0.042,-0.086
7500,A1_3,-0.071,0.931,0.966,1.0,0.24,0.318,0.143,0.964,0.908,0.946,0.117,0.284,-0.02,-0.084,-0.106,-0.143
7500,B1_1,-0.439,0.158,0.119,0.24,1.0,0.913,0.962,0.179,-0.032,0.245,0.945,0.805,0.929,-0.118,-0.094,-0.099
7500,B1_2,-0.446,0.248,0.181,0.318,0.913,1.0,0.901,0.255,0.03,0.358,0.879,0.93,0.793,-0.043,-0.015,-0.027
7500,B1_3,-0.448,0.073,0.005,0.143,0.962,0.901,1.0,0.063,-0.157,0.134,0.936,0.819,0.924,-0.045,-0.029,-0.021
7500,A2_1,-0.136,0.904,0.922,0.964,0.179,0.255,0.063,1.0,0.896,0.969,0.073,0.221,-0.061,-0.1,-0.104,-0.151
7500,A2_2,-0.086,0.868,0.958,0.908,-0.032,0.03,-0.157,0.896,1.0,0.84,-0.212,0.011,-0.325,0.097,0.065,0.02
7500,A2_3,-0.075,0.944,0.896,0.946,0.245,0.358,0.134,0.969,0.84,1.0,0.155,0.281,-0.001,-0.128,-0.119,-0.159
7500,B2_1,-0.327,0.059,-0.03,0.117,0.945,0.879,0.936,0.073,-0.212,0.155,1.0,0.773,0.977,-0.127,-0.091,-0.089
7500,B2_2,-0.463,0.16,0.163,0.284,0.805,0.93,0.819,0.221,0.011,0.281,0.773,1.0,0.699,-0.062,-0.054,-0.085
7500,B2_3,-0.326,-0.088,-0.157,-0.02,0.929,0.793,0.924,-0.061,-0.325,-0.001,0.977,0.699,1.0,-0.168,-0.136,-0.129
7500,y1,-0.478,-0.044,-0.011,-0.084,-0.118,-0.043,-0.045,-0.1,0.097,-0.128,-0.127,-0.062,-0.168,1.0,0.995,0.989
7500,y2,-0.497,-0.056,-0.042,-0.106,-0.094,-0.015,-0.029,-0.104,0.065,-0.119,-0.091,-0.054,-0.136,0.995,1.0,0.995
7500,y3,-0.471,-0.088,-0.086,-0.143,-0.099,-0.027,-0.021,-0.151,0.02,-0.159,-0.089,-0.085,-0.129,0.989,0.995,1.0
8000,.,1.0,0.023,-0.083,-0.21,-0.302,-0.4,-0.393,-0.067,-0.097,-0.103,-0.37,-0.388,-0.351,-0.449,-0.453,-0.44
8000,A1_1,0.023,1.0,0.832,0.835,0.066,0.157,0.099,0.858,0.882,0.868,0.35,0.345,0.119,-0.19,-0.21,-0.229
8000,A1_2,-0.083,0.832,1.0,0.974,0.104,0.113,0.056,0.994,0.983,0.971,0.327,0.32,0.072,-0.07,-0.081,-0.107
8000,A1_3,-0.21,0.835,0.974,1.0,0.158,0.212,0.153,0.961,0.963,0.96,0.408,0.406,0.168,-0.068,-0.077,-0.103
8000,B1_1,-0.302,0.066,0.104,0.158,1.0,0.953,0.967,0.09,0.058,0.217,0.917,0.896,0.962,-0.392,-0.377,-0.379
8000,B1_2,-0.4,0.157,0.113,0.212,0.953,1.0,0.991,0.092,0.081,0.245,0.951,0.954,0.993,-0.309,-0.295,-0.297
8000,B1_3,-0.393,0.099,0.056,0.153,0.967,0.991,1.0,0.035,0.024,0.183,0.928,0.916,0.996,-0.315,-0.305,-0.305
8000,A2_1,-0.067,0.858,0.994,0.961,0.09,0.092,0.035,1.0,0.992,0.969,0.31,0.302,0.052,-0.109,-0.12,-0.147
8000,A2_2,-0.097,0.882,0.983,0.963,0.058,0.081,0.024,0.992,1.0,0.949,0.29,0.284,0.041,-0.087,-0.098,-0.125
8000,A2_3,-0.103,0.868,0.971,0.96,0.217,0.245,0.183,0.969,0.949,1.0,0.442,0.445,0.2,-0.173,-0.186,-0.211
8000,B2_1,-0.37,0.35,0.327,0.408,0.917,0.951,0.928,0.31,0.29,0.442,1.0,0.99,0.93,-0.28,-0.267,-0.273
8000,B2_2,-0.388,0.345,0.32,0.406,0.896,0.954,0.916,0.302,0.284,0.445,0.99,1.0,0.923,-0.272,-0.255,-0.262
8000,B2_3,-0.351,0.119,0.072,0.168,0.962,0.993,0.996,0.052,0.041,0.2,0.93,0.923,1.0,-0.351,-0.34,-0.34
8000,y1,-0.449,-0.19,-0.07,-0.068,-0.392,-0.309,-0.315,-0.109,-0.087,-0.173,-0.28,-0.272,-0.351,1.0,0.998,0.998
8000,y2,-0.453,-0.21,-0.081,-0.077,-0.377,-0.295,-0.305,-0.12,-0.098,-0.186,-0.267,-0.255,-0.34,0.998,1.0,0.999
8000,y3,-0.44,-0.229,-0.107,-0.103,-0.379,-0.297,-0.305,-0.147,-0.125,-0.211,-0.273,-0.262,-0.34,0.998,0.999,1.0
8500,.,1.0,0.077,-0.03,-0.155,-0.241,-0.358,-0.34,-0.051,-0.011,-0.061,-0.265,-0.243,-0.322,-0.437,-0.437,-0.431
8500,A1_1,0.077,1.0,0.82,0.795,0.041,0.122,0.066,0.817,0.881,0.863,0.28,0.288,0.112,-0.213,-0.236,-0.238
8500,A1_2,-0.03,0.82,1.0,0.98,0.14,0.107,0.063,0.993,0.97,0.974,0.283,0.343,0.071,-0.089,-0.102,-0.102
8500,A1_3,-0.155,0.795,0.98,1.0,0.192,0.194,0.146,0.974,0.94,0.962,0.358,0.405,0.16,-0.099,-0.109,-0.11
8500,B1_1,-0.241,0.041,0.14,0.192,1.0,0.932,0.958,0.149,0.067,0.201,0.932,0.94,0.919,-0.426,-0.396,-0.414
8500,B1_2,-0.358,0.122,0.107,0.194,0.932,1.0,0.991,0.103,0.044,0.203,0.955,0.94,0.995,-0.366,-0.338,-0.358
8500,B1_3,-0.34,0.066,0.063,0.146,0.958,0.991,1.0,0.062,0.002,0.151,0.95,0.927,0.989,-0.384,-0.358,-0.377
8500,A2_1,-0.051,0.817,0.993,0.974,0.149,0.103,0.062,1.0,0.98,0.971,0.279,0.343,0.066,-0.136,-0.149,-0.15
8500,A2_2,-0.011,0.881,0.97,0.94,0.067,0.044,0.002,0.98,1.0,0.943,0.222,0.273,0.015,-0.14,-0.156,-0.157
8500,A2_3,-0.061,0.863,0.974,0.962,0.201,0.203,0.151,0.971,0.943,1.0,0.353,0.41,0.168,-0.16,-0.175,-0.177
8500,B2_1,-0.265,0.28,0.283,0.358,0.932,0.955,0.95,0.279,0.222,0.353,1.0,0.986,0.951,-0.391,-0.365,-0.384
8500,B2_2,-0.243,0.288,0.343,0.405,0.94,0.94,0.927,0.343,0.273,0.41,0.986,1.0,0.923,-0.403,-0.373,-0.392
8500,B2_3,-0.322,0.112,0.071,0.16,0.919,0.995,0.989,0.066,0.015,0.168,0.951,0.923,1.0,-0.396,-0.37,-0.39
8500,y1,-0.437,-0.213,-0.089,-0.099,-0.426,-0.366,-0.384,-0.136,-0.14,-0.16,-0.391,-0.403,-0.396,1.0,0.997,0.998
8500,y2,-0.437,-0.236,-0.102,-0.109,-0.396,-0.338,-0.358,-0.149,-0.156,-0.175,-0.365,-0.373,-0.37,0.997,1.0,1.0
8500,y3,-0.431,-0.238,-0.102,-0.11,-0.414,-0.358,-0.377,-0.15,-0.157,-0.177,-0.384,-0.392,-0.39,0.998,1.0,1.0
9000,.,1.0,0.051,-0.019,-0.148,-0.23,-0.346,-0.326,-0.029,-0.065,-0.073,-0.22,-0.208,-0.299,-0.455,-0.446,-0.452
9000,A1_1,0.051,1.0,0.856,0.857,0.038,0.143,0.108,0.857,0.866,0.887,0.254,0.241,0.123,-0.23,-0.256,-0.262
9000,A1_2,-0.019,0.856,1.0,0.973,0.102,0.114,0.075,0.995,0.991,0.973,0.26,0.27,0.085,-0.074,-0.095,-0.097
9000,A1_3,-0.148,0.857,0.973,1.0,0.121,0.19,0.149,0.962,0.97,0.968,0.314,0.313,0.161,-0.056,-0.076,-0.075
9000,B1_1,-0.23,0.038,0.102,0.121,1.0,0.944,0.955,0.099,0.06,0.146,0.943,0.958,0.943,-0.359,-0.35,-0.34
9000,B1_2,-0.346,0.143,0.114,0.19,0.944,1.0,0.994,0.099,0.078,0.202,0.953,0.958,0.995,-0.295,-0.286,-0.276
9000,B1_3,-0.326,0.108,0.075,0.149,0.955,0.994,1.0,0.062,0.042,0.156,0.954,0.954,0.997,-0.321,-0.314,-0.303
9000,A2_1,-0.029,0.857,0.995,0.962,0.099,0.099,0.062,1.0,0.995,0.967,0.249,0.262,0.07,-0.109,-0.132,-0.134
9000,A2_2,-0.065,0.866,0.991,0.97,0.06,0.078,0.042,0.995,1.0,0.958,0.222,0.232,0.051,-0.085,-0.108,-0.111
9000,A2_3,-0.073,0.887,0.973,0.968,0.146,0.202,0.156,0.967,0.958,1.0,0.312,0.321,0.17,-0.105,-0.13,-0.129
9000,B2_1,-0.22,0.254,0.26,0.314,0.943,0.953,0.954,0.249,0.222,0.312,1.0,0.993,0.955,-0.333,-0.328,-0.32
9000,B2_2,-0.208,0.241,0.27,0.313,0.958,0.958,0.954,0.262,0.232,0.321,0.993,1.0,0.957,-0.37,-0.362,-0.354
9000,B2_3,-0.299,0.123,0.085,0.161,0.943,0.995,0.997,0.07,0.051,0.17,0.955,0.957,1.0,-0.336,-0.329,-0.319
9000,y1,-0.455,-0.23,-0.074,-0.056,-0.359,-0.295,-0.321,-0.109,-0.085,-0.105,-0.333,-0.37,-0.336,1.0,0.998,0.998
9000,y2,-0.446,-0.256,-0.095,-0.076,-0.35,-0.286,-0.314,-0.132,-0.108,-0.13,-0.328,-0.362,-0.329,0.998,1.0,1.0
9000,y3,-0.452,-0.262,-0.097,-0.075,-0.34,-0.276,-0.303,-0.134,-0.111,-0.129,-0.32,-0.354,-0.319,0.998,1.0,1.0
9500,.,1.0,0.069,0.02,-0.116,-0.215,-0.323,-0.313,0.01,-0.037,-0.046,-0.2,-0.19,-0.28,-0.449,-0.442,-0.444
9500,A1_1,0.069,1.0,0.896,0.899,0.068,0.179,0.118,0.896,0.896,0.926,0.259,0.233,0.129,-0.253,-0.26,-0.284
9500,A1_2,0.02,0.896,1.0,0.969,0.101,0.15,0.067,0.995,0.99,0.974,0.241,0.236,0.078,-0.111,-0.116,-0.132
9500,A1_3,-0.116,0.899,0.969,1.0,0.114,0.215,0.14,0.957,0.968,0.971,0.294,0.276,0.15,-0.094,-0.098,-0.111
9500,B1_1,-0.215,0.068,0.101,0.114,1.0,0.96,0.954,0.097,0.062,0.137,0.945,0.966,0.949,-0.381,-0.357,-0.352
9500,B1_2,-0.323,0.179,0.15,0.215,0.96,1.0,0.99,0.136,0.116,0.221,0.97,0.976,0.989,-0.319,-0.295,-0.291
9500,B1_3,-0.313,0.118,0.067,0.14,0.954,0.99,1.0,0.052,0.036,0.143,0.957,0.961,0.997,-0.345,-0.323,-0.319
9500,A2_1,0.01,0.896,0.995,0.957,0.097,0.136,0.052,1.0,0.995,0.968,0.227,0.226,0.063,-0.147,-0.152,-0.171
9500,A2_2,-0.037,0.896,0.99,0.968,0.062,0.116,0.036,0.995,1.0,0.962,0.204,0.2,0.047,-0.122,-0.128,-0.147
9500,A2_3,-0.046,0.926,0.974,0.971,0.137,0.221,0.143,0.968,0.962,1.0,0.288,0.28,0.157,-0.134,-0.139,-0.159
9500,B2_1,-0.2,0.259,0.241,0.294,0.945,0.97,0.957,0.227,0.204,0.288,1.0,0.993,0.961,-0.367,-0.343,-0.341
9500,B2_2,-0.19,0.233,0.236,0.276,0.966,0.976,0.961,0.226,0.2,0.28,0.993,1.0,0.967,-0.402,-0.377,-0.375
9500,B2_3,-0.28,0.129,0.078,0.15,0.949,0.989,0.997,0.063,0.047,0.157,0.961,0.967,1.0,-0.363,-0.34,-0.336
9500,y1,-0.449,-0.253,-0.111,-0.094,-0.381,-0.319,-0.345,-0.147,-0.122,-0.134,-0.367,-0.402,-0.363,1.0,0.997,0.996
9500,y2,-0.442,-0.26,-0.116,-0.098,-0.357,-0.295,-0.323,-0.152,-0.128,-0.139,-0.343,-0.377,-0.34,0.997,1.0,0.998
9500,y3,-0.444,-0.284,-0.132,-0.111,-0.352,-0.291,-0.319,-0.171,-0.147,-0.159,-0.341,-0.375,-0.336,0.996,0.998,1.0
10000,.,1.0,0.067,0.014,-0.127,-0.208,-0.323,-0.305,0.004,-0.043,-0.055,-0.204,-0.202,-0.279,-0.443,-0.43,-0.436
10000,A1_1,0.067,1.0,0.881,0.888,0.045,0.146,0.105,0.882,0.892,0.915,0.226,0.18,0.114,-0.268,-0.293,-0.301
10000,A1_2,0.014,0.881,1.0,0.967,0.074,0.093,0.047,0.994,0.988,0.973,0.201,0.172,0.057,-0.102,-0.12,-0.126
10000,A1_3,-0.127,0.888,0.967,1.0,0.084,0.168,0.121,0.954,0.966,0.97,0.257,0.215,0.131,-0.081,-0.098,-0.102
10000,B1_1,-0.208,0.045,0.074,0.084,1.0,0.947,0.955,0.07,0.034,0.114,0.948,0.972,0.949,-0.391,-0.381,-0.372
10000,B1_2,-0.323,0.146,0.093,0.168,0.947,1.0,0.995,0.077,0.062,0.181,0.968,0.976,0.995,-0.331,-0.322,-0.313
10000,B1_3,-0.305,0.105,0.047,0.121,0.955,0.995,1.0,0.032,0.019,0.131,0.967,0.975,0.998,-0.354,-0.347,-0.338
10000,A2_1,0.004,0.882,0.994,0.954,0.07,0.077,0.032,1.0,0.994,0.967,0.186,0.162,0.041,-0.139,-0.159,-0.166
10000,A2_2,-0.043,0.892,0.988,0.966,0.034,0.062,0.019,0.994,1.0,0.961,0.165,0.138,0.028,-0.12,-0.14,-0.148
10000,A2_3,-0.055,0.915,0.973,0.97,0.114,0.181,0.131,0.967,0.961,1.0,0.258,0.228,0.143,-0.138,-0.158,-0.164
10000,B2_1,-0.204,0.226,0.201,0.257,0.948,0.968,0.967,0.186,0.165,0.258,1.0,0.993,0.971,-0.375,-0.368,-0.361
10000,B2_2,-0.202,0.18,0.172,0.215,0.972,0.976,0.975,0.162,0.138,0.228,0.993,1.0,0.979,-0.406,-0.397,-0.389
10000,B2_3,-0.279,0.114,0.057,0.131,0.949,0.995,0.998,0.041,0.028,0.143,0.971,0.979,1.0,-0.367,-0.359,-0.349
10000,y1,-0.443,-0.268,-0.102,-0.081,-0.391,-0.331,-0.354,-0.139,-0.12,-0.138,-0.375,-0.406,-0.367,1.0,0.998,0.997
10000,y2,-0.43,-0.293,-0.12,-0.098,-0.381,-0.322,-0.347,-0.159,-0.14,-0.158,-0.368,-0.397,-0.359,0.998,1.0,1.0
10000,y3,-0.436,-0.301,-0.126,-0.102,-0.372,-0.313,-0.338,-0.166,-0.148,-0.164,-0.361,-0.389,-0.349,0.997,1.0,1.0
