,,.,A1_1,A1_2,A1_3,B1_1,B1_2,B1_3,A2_1,A2_2,A2_3,B2_1,B2_2,B2_3,y1,y2,y3
2,.,0.087,0.013,0.023,0.036,0.032,0.033,0.055,0.027,0.024,0.027,0.098,0.108,0.053,0.06,0.203,0.121
2,A1_1,0.13,0.007,0.005,0.011,0.117,0.18,0.312,0.011,0.009,0.009,0.01,0.038,0.018,0.017,0.092,0.035
2,A1_2,0.121,0.011,0.007,0.025,0.166,0.111,0.376,0.011,0.005,0.003,0.006,0.014,0.012,0.022,0.069,0.042
2,A1_3,0.327,0.016,0.014,0.023,0.076,0.143,0.119,0.038,0.018,0.023,0.01,0.023,0.02,0.046,0.062,0.043
2,B1_1,0.171,0.046,0.165,0.184,0.018,0.01,0.019,0.014,0.017,0.017,0.013,0.016,0.018,0.091,0.053,0.149
2,B1_2,0.176,0.049,0.061,0.212,0.028,0.01,0.026,0.046,0.018,0.018,0.014,0.007,0.014,0.119,0.075,0.126
2,B1_3,0.209,0.046,0.14,0.127,0.019,0.012,0.02,0.017,0.019,0.021,0.022,0.02,0.024,0.1,0.062,0.142
2,A2_1,0.291,0.018,0.013,0.014,0.017,0.036,0.038,0.008,0.012,0.023,0.139,0.236,0.05,0.015,0.059,0.031
2,A2_2,0.254,0.028,0.034,0.028,0.021,0.026,0.029,0.026,0.019,0.026,0.145,0.101,0.07,0.055,0.073,0.066
2,A2_3,0.206,0.023,0.011,0.012,0.005,0.006,0.008,0.011,0.008,0.016,0.434,0.132,0.056,0.016,0.035,0.021
2,B2_1,0.382,0.012,0.009,0.013,0.005,0.015,0.006,0.045,0.068,0.256,0.025,0.019,0.009,0.038,0.072,0.027
2,B2_2,0.307,0.02,0.016,0.025,0.012,0.023,0.008,0.218,0.037,0.078,0.022,0.009,0.018,0.13,0.041,0.036
2,B2_3,0.256,0.016,0.009,0.027,0.016,0.025,0.014,0.192,0.057,0.117,0.02,0.009,0.012,0.097,0.09,0.043
2,y1,0.659,0.045,0.026,0.025,0.011,0.016,0.012,0.023,0.011,0.02,0.039,0.022,0.025,0.032,0.015,0.02
2,y2,0.713,0.035,0.014,0.015,0.006,0.012,0.007,0.017,0.01,0.025,0.055,0.032,0.022,0.016,0.011,0.011
2,y3,0.571,0.042,0.02,0.027,0.014,0.022,0.016,0.038,0.013,0.022,0.065,0.037,0.035,0.035,0.021,0.022
4,.,0.086,0.043,0.038,0.048,0.014,0.036,0.022,0.032,0.107,0.038,0.018,0.032,0.033,0.084,0.164,0.205
4,A1_1,0.179,0.01,0.016,0.015,0.056,0.376,0.088,0.005,0.012,0.006,0.004,0.019,0.028,0.034,0.062,0.09
4,A1_2,0.254,0.01,0.019,0.022,0.214,0.089,0.06,0.035,0.008,0.019,0.007,0.012,0.021,0.048,0.125,0.059
4,A1_3,0.256,0.01,0.02,0.019,0.09,0.173,0.059,0.021,0.031,0.021,0.014,0.026,0.05,0.037,0.09,0.083
4,B1_1,0.187,0.127,0.137,0.193,0.022,0.022,0.02,0.024,0.013,0.014,0.008,0.012,0.014,0.052,0.077,0.078
4,B1_2,0.11,0.209,0.075,0.164,0.006,0.014,0.013,0.029,0.017,0.016,0.008,0.012,0.008,0.108,0.09,0.121
4,B1_3,0.156,0.186,0.197,0.201,0.008,0.01,0.012,0.011,0.013,0.009,0.008,0.018,0.011,0.041,0.054,0.064
4,A2_1,0.148,0.018,0.023,0.018,0.029,0.034,0.019,0.018,0.019,0.019,0.057,0.122,0.117,0.065,0.158,0.135
4,A2_2,0.159,0.014,0.022,0.019,0.031,0.051,0.023,0.023,0.025,0.024,0.058,0.054,0.133,0.057,0.154,0.152
4,A2_3,0.147,0.032,0.024,0.022,0.009,0.021,0.013,0.025,0.041,0.031,0.058,0.088,0.072,0.095,0.153,0.169
4,B2_1,0.05,0.004,0.005,0.003,0.003,0.005,0.004,0.021,0.745,0.074,0.003,0.01,0.003,0.015,0.031,0.023
4,B2_2,0.183,0.015,0.015,0.023,0.053,0.018,0.018,0.156,0.064,0.093,0.017,0.017,0.018,0.077,0.161,0.071
4,B2_3,0.156,0.034,0.025,0.029,0.016,0.027,0.021,0.054,0.16,0.065,0.012,0.032,0.015,0.095,0.138,0.12
4,y1,0.383,0.015,0.032,0.031,0.098,0.032,0.015,0.055,0.015,0.025,0.062,0.056,0.096,0.017,0.043,0.025
4,y2,0.378,0.023,0.029,0.033,0.048,0.067,0.025,0.036,0.018,0.022,0.044,0.043,0.077,0.036,0.061,0.059
4,y3,0.46,0.033,0.051,0.056,0.058,0.027,0.016,0.048,0.011,0.021,0.039,0.033,0.05,0.024,0.043,0.03
6,.,0.09,0.055,0.049,0.027,0.033,0.031,0.061,0.016,0.022,0.015,0.041,0.025,0.044,0.108,0.305,0.077
6,A1_1,0.262,0.005,0.013,0.009,0.097,0.186,0.181,0.012,0.009,0.01,0.011,0.036,0.01,0.04,0.062,0.057
6,A1_2,0.229,0.013,0.031,0.016,0.093,0.122,0.226,0.016,0.01,0.01,0.006,0.013,0.006,0.044,0.1,0.065
6,A1_3,0.251,0.006,0.023,0.01,0.136,0.195,0.12,0.009,0.008,0.006,0.008,0.018,0.009,0.051,0.056,0.095
6,B1_1,0.376,0.107,0.172,0.037,0.025,0.014,0.027,0.019,0.009,0.019,0.011,0.008,0.013,0.028,0.064,0.073
6,B1_2,0.071,0.508,0.124,0.04,0.006,0.005,0.012,0.038,0.013,0.023,0.005,0.011,0.006,0.03,0.064,0.042
6,B1_3,0.061,0.584,0.24,0.037,0.004,0.002,0.004,0.006,0.002,0.004,0.004,0.003,0.006,0.007,0.022,0.014
6,A2_1,0.218,0.014,0.009,0.006,0.014,0.037,0.023,0.012,0.007,0.019,0.057,0.294,0.05,0.067,0.077,0.096
6,A2_2,0.283,0.012,0.021,0.012,0.02,0.014,0.012,0.011,0.011,0.018,0.237,0.086,0.165,0.024,0.044,0.03
6,A2_3,0.192,0.012,0.009,0.007,0.014,0.023,0.011,0.018,0.013,0.026,0.112,0.281,0.082,0.061,0.057,0.083
6,B2_1,0.2,0.011,0.013,0.009,0.007,0.005,0.01,0.07,0.072,0.353,0.009,0.013,0.009,0.052,0.063,0.104
6,B2_2,0.116,0.007,0.006,0.005,0.004,0.003,0.005,0.129,0.088,0.45,0.005,0.013,0.004,0.041,0.032,0.09
6,B2_3,0.141,0.008,0.011,0.009,0.024,0.018,0.023,0.117,0.112,0.21,0.006,0.012,0.005,0.086,0.067,0.151
6,y1,0.327,0.044,0.05,0.033,0.069,0.072,0.057,0.054,0.034,0.04,0.03,0.06,0.023,0.031,0.035,0.04
6,y2,0.51,0.035,0.044,0.025,0.047,0.05,0.038,0.05,0.018,0.038,0.021,0.058,0.014,0.013,0.014,0.025
6,y3,0.476,0.038,0.046,0.027,0.034,0.029,0.026,0.054,0.028,0.065,0.033,0.052,0.024,0.017,0.021,0.031
8,.,0.095,0.031,0.033,0.045,0.028,0.057,0.028,0.035,0.027,0.014,0.028,0.066,0.082,0.167,0.13,0.134
8,A1_1,0.081,0.007,0.013,0.015,0.074,0.284,0.148,0.026,0.023,0.009,0.006,0.017,0.016,0.156,0.058,0.067
8,A1_2,0.094,0.005,0.014,0.012,0.084,0.113,0.377,0.011,0.008,0.006,0.012,0.006,0.008,0.139,0.047,0.064
8,A1_3,0.196,0.005,0.008,0.008,0.068,0.243,0.172,0.019,0.015,0.011,0.01,0.016,0.015,0.124,0.042,0.046
8,B1_1,0.184,0.124,0.213,0.147,0.013,0.011,0.015,0.02,0.007,0.014,0.009,0.011,0.028,0.086,0.063,0.054
8,B1_2,0.339,0.189,0.08,0.058,0.008,0.01,0.008,0.039,0.011,0.056,0.01,0.012,0.008,0.086,0.048,0.04
8,B1_3,0.156,0.167,0.235,0.127,0.012,0.008,0.008,0.02,0.005,0.015,0.012,0.013,0.028,0.097,0.049,0.047
8,A2_1,0.251,0.01,0.01,0.015,0.012,0.031,0.007,0.014,0.013,0.007,0.066,0.147,0.29,0.043,0.048,0.036
8,A2_2,0.238,0.005,0.009,0.007,0.01,0.005,0.005,0.005,0.004,0.004,0.312,0.067,0.259,0.025,0.024,0.021
8,A2_3,0.435,0.018,0.008,0.007,0.01,0.014,0.007,0.024,0.017,0.034,0.135,0.067,0.056,0.07,0.053,0.043
8,B2_1,0.418,0.02,0.018,0.009,0.005,0.011,0.005,0.072,0.116,0.1,0.011,0.011,0.01,0.052,0.102,0.04
8,B2_2,0.422,0.041,0.023,0.007,0.005,0.007,0.005,0.073,0.054,0.176,0.009,0.004,0.002,0.078,0.062,0.033
8,B2_3,0.301,0.011,0.012,0.005,0.012,0.024,0.013,0.088,0.168,0.113,0.015,0.01,0.007,0.078,0.095,0.049
8,y1,0.649,0.036,0.029,0.031,0.02,0.017,0.021,0.023,0.018,0.033,0.031,0.023,0.025,0.015,0.016,0.012
8,y2,0.553,0.041,0.041,0.039,0.033,0.024,0.033,0.023,0.014,0.027,0.042,0.027,0.034,0.03,0.021,0.02
8,y3,0.544,0.037,0.036,0.044,0.03,0.03,0.025,0.024,0.018,0.024,0.036,0.042,0.053,0.022,0.02,0.017
10,.,0.079,0.033,0.023,0.036,0.044,0.03,0.022,0.045,0.05,0.027,0.036,0.079,0.062,0.155,0.152,0.127
10,A1_1,0.383,0.005,0.008,0.009,0.058,0.09,0.092,0.02,0.008,0.018,0.02,0.016,0.021,0.093,0.101,0.059
10,A1_2,0.622,0.004,0.012,0.01,0.065,0.029,0.03,0.011,0.003,0.009,0.014,0.005,0.005,0.057,0.056,0.068
10,A1_3,0.744,0.005,0.009,0.009,0.035,0.021,0.014,0.014,0.003,0.008,0.007,0.005,0.003,0.04,0.039,0.044
10,B1_1,0.282,0.04,0.127,0.16,0.011,0.012,0.014,0.014,0.007,0.014,0.006,0.004,0.007,0.137,0.074,0.091
10,B1_2,0.406,0.055,0.042,0.085,0.008,0.009,0.005,0.047,0.014,0.018,0.011,0.019,0.014,0.08,0.092,0.096
10,B1_3,0.629,0.018,0.041,0.052,0.005,0.007,0.004,0.011,0.004,0.009,0.013,0.009,0.01,0.054,0.052,0.082
10,A2_1,0.281,0.015,0.01,0.015,0.019,0.023,0.011,0.017,0.011,0.011,0.07,0.182,0.1,0.058,0.086,0.092
10,A2_2,0.17,0.004,0.007,0.008,0.013,0.016,0.013,0.011,0.011,0.01,0.155,0.097,0.084,0.074,0.148,0.178
10,A2_3,0.211,0.011,0.008,0.014,0.011,0.011,0.008,0.03,0.023,0.016,0.112,0.136,0.074,0.055,0.136,0.144
10,B2_1,0.187,0.006,0.007,0.008,0.007,0.013,0.011,0.208,0.111,0.078,0.016,0.009,0.011,0.085,0.149,0.095
10,B2_2,0.061,0.003,0.002,0.002,0.001,0.003,0.002,0.546,0.181,0.081,0.002,0.002,0.002,0.026,0.06,0.026
10,B2_3,0.032,0.004,0.003,0.004,0.002,0.003,0.003,0.328,0.41,0.103,0.009,0.007,0.006,0.02,0.042,0.024
10,y1,0.374,0.03,0.059,0.055,0.08,0.024,0.029,0.05,0.061,0.055,0.034,0.049,0.036,0.025,0.019,0.021
10,y2,0.41,0.03,0.091,0.084,0.07,0.023,0.032,0.016,0.021,0.027,0.041,0.045,0.042,0.028,0.018,0.024
10,y3,0.391,0.037,0.115,0.098,0.063,0.017,0.023,0.025,0.038,0.04,0.031,0.038,0.034,0.02,0.012,0.016
12,.,0.059,0.024,0.023,0.026,0.066,0.029,0.071,0.016,0.017,0.023,0.098,0.061,0.11,0.12,0.155,0.101
12,A1_1,0.074,0.002,0.009,0.014,0.065,0.118,0.539,0.014,0.006,0.011,0.008,0.008,0.011,0.041,0.062,0.018
12,A1_2,0.123,0.003,0.003,0.011,0.056,0.038,0.583,0.009,0.005,0.005,0.009,0.005,0.007,0.041,0.083,0.02
12,A1_3,0.294,0.007,0.014,0.02,0.099,0.059,0.153,0.015,0.008,0.009,0.013,0.013,0.018,0.078,0.141,0.059
12,B1_1,0.151,0.065,0.202,0.202,0.012,0.025,0.022,0.022,0.006,0.012,0.005,0.005,0.005,0.074,0.097,0.095
12,B1_2,0.172,0.12,0.054,0.117,0.011,0.008,0.02,0.029,0.013,0.025,0.02,0.013,0.012,0.093,0.162,0.132
12,B1_3,0.152,0.114,0.042,0.066,0.007,0.004,0.004,0.011,0.004,0.008,0.018,0.015,0.014,0.102,0.211,0.228
12,A2_1,0.135,0.013,0.01,0.01,0.03,0.027,0.031,0.009,0.012,0.012,0.134,0.115,0.144,0.081,0.146,0.091
12,A2_2,0.155,0.016,0.011,0.011,0.013,0.016,0.015,0.008,0.024,0.014,0.172,0.078,0.112,0.088,0.147,0.119
12,A2_3,0.215,0.014,0.006,0.007,0.014,0.012,0.013,0.008,0.023,0.014,0.213,0.105,0.136,0.052,0.098,0.07
12,B2_1,0.114,0.004,0.005,0.004,0.002,0.007,0.002,0.064,0.255,0.426,0.008,0.007,0.003,0.027,0.045,0.029
12,B2_2,0.122,0.007,0.006,0.012,0.004,0.009,0.009,0.127,0.083,0.406,0.002,0.004,0.001,0.05,0.111,0.046
12,B2_3,0.481,0.009,0.005,0.011,0.01,0.009,0.017,0.056,0.108,0.121,0.011,0.006,0.004,0.037,0.079,0.037
12,y1,0.382,0.033,0.067,0.063,0.029,0.054,0.047,0.044,0.055,0.06,0.036,0.033,0.034,0.021,0.024,0.018
12,y2,0.626,0.035,0.033,0.037,0.011,0.016,0.012,0.026,0.049,0.035,0.035,0.024,0.023,0.011,0.014,0.013
12,y3,0.668,0.021,0.03,0.029,0.013,0.02,0.014,0.021,0.051,0.027,0.031,0.019,0.021,0.01,0.013,0.011
14,.,0.041,0.026,0.02,0.025,0.016,0.019,0.027,0.029,0.023,0.028,0.03,0.019,0.02,0.206,0.314,0.158
14,A1_1,0.318,0.002,0.008,0.008,0.057,0.193,0.097,0.004,0.008,0.005,0.012,0.019,0.024,0.146,0.045,0.053
14,A1_2,0.337,0.005,0.005,0.02,0.205,0.093,0.12,0.016,0.015,0.004,0.004,0.007,0.003,0.095,0.031,0.04
14,A1_3,0.149,0.008,0.013,0.025,0.298,0.171,0.071,0.01,0.01,0.003,0.009,0.007,0.023,0.091,0.045,0.067
14,B1_1,0.114,0.143,0.105,0.238,0.023,0.016,0.007,0.022,0.004,0.017,0.003,0.004,0.005,0.069,0.118,0.114
14,B1_2,0.119,0.234,0.072,0.208,0.016,0.009,0.009,0.033,0.01,0.02,0.013,0.016,0.008,0.052,0.104,0.077
14,B1_3,0.071,0.209,0.118,0.142,0.007,0.008,0.004,0.018,0.005,0.021,0.014,0.014,0.022,0.066,0.157,0.124
14,A2_1,0.04,0.004,0.014,0.004,0.007,0.021,0.004,0.002,0.004,0.007,0.08,0.032,0.643,0.054,0.03,0.053
14,A2_2,0.086,0.01,0.014,0.009,0.007,0.014,0.006,0.005,0.011,0.018,0.209,0.098,0.364,0.063,0.035,0.05
14,A2_3,0.155,0.009,0.008,0.011,0.013,0.018,0.023,0.012,0.023,0.023,0.178,0.117,0.107,0.156,0.071,0.076
14,B2_1,0.054,0.002,0.006,0.005,0.001,0.002,0.002,0.054,0.04,0.746,0.005,0.005,0.006,0.034,0.018,0.02
14,B2_2,0.053,0.003,0.003,0.005,0.001,0.0,0.001,0.081,0.048,0.766,0.002,0.003,0.001,0.015,0.009,0.008
14,B2_3,0.291,0.007,0.006,0.014,0.016,0.009,0.026,0.106,0.126,0.236,0.009,0.019,0.005,0.07,0.03,0.03
14,y1,0.329,0.029,0.029,0.046,0.036,0.057,0.045,0.049,0.096,0.066,0.046,0.062,0.039,0.027,0.023,0.021
14,y2,0.282,0.045,0.041,0.048,0.017,0.028,0.017,0.037,0.07,0.076,0.083,0.094,0.097,0.022,0.02,0.022
14,y3,0.179,0.056,0.051,0.056,0.029,0.037,0.019,0.038,0.065,0.055,0.102,0.078,0.146,0.027,0.03,0.032
16,.,0.083,0.027,0.017,0.015,0.036,0.027,0.026,0.028,0.05,0.113,0.064,0.076,0.031,0.113,0.08,0.212
16,A1_1,0.212,0.005,0.007,0.01,0.157,0.175,0.056,0.016,0.004,0.013,0.021,0.019,0.017,0.121,0.077,0.091
16,A1_2,0.154,0.008,0.008,0.013,0.166,0.093,0.077,0.053,0.022,0.037,0.018,0.017,0.014,0.125,0.095,0.101
16,A1_3,0.061,0.004,0.005,0.008,0.482,0.187,0.066,0.011,0.006,0.006,0.006,0.006,0.006,0.075,0.033,0.039
16,B1_1,0.299,0.107,0.092,0.261,0.013,0.016,0.005,0.027,0.01,0.006,0.002,0.005,0.004,0.056,0.048,0.046
16,B1_2,0.17,0.312,0.062,0.128,0.009,0.013,0.006,0.03,0.012,0.009,0.009,0.022,0.009,0.073,0.047,0.088
16,B1_3,0.254,0.195,0.06,0.098,0.007,0.016,0.005,0.018,0.006,0.013,0.014,0.029,0.014,0.088,0.061,0.122
16,A2_1,0.277,0.014,0.008,0.019,0.009,0.03,0.009,0.005,0.006,0.006,0.102,0.255,0.084,0.038,0.038,0.1
16,A2_2,0.195,0.007,0.006,0.01,0.015,0.038,0.013,0.005,0.008,0.014,0.187,0.264,0.079,0.04,0.034,0.086
16,A2_3,0.134,0.008,0.003,0.006,0.006,0.017,0.006,0.007,0.008,0.013,0.246,0.305,0.055,0.049,0.038,0.099
16,B2_1,0.114,0.002,0.011,0.01,0.007,0.005,0.009,0.056,0.054,0.479,0.018,0.009,0.007,0.051,0.093,0.077
16,B2_2,0.108,0.007,0.009,0.015,0.01,0.005,0.008,0.322,0.05,0.172,0.007,0.003,0.002,0.103,0.123,0.058
16,B2_3,0.151,0.005,0.013,0.025,0.009,0.005,0.01,0.191,0.116,0.227,0.01,0.006,0.004,0.06,0.11,0.059
16,y1,0.282,0.024,0.05,0.073,0.074,0.048,0.038,0.038,0.075,0.061,0.064,0.062,0.032,0.025,0.025,0.028
16,y2,0.425,0.03,0.068,0.091,0.043,0.044,0.029,0.03,0.03,0.047,0.041,0.039,0.025,0.018,0.021,0.02
16,y3,0.381,0.018,0.038,0.051,0.042,0.049,0.028,0.024,0.03,0.049,0.094,0.082,0.04,0.023,0.024,0.027
18,.,0.061,0.022,0.047,0.036,0.04,0.066,0.023,0.05,0.032,0.042,0.031,0.038,0.027,0.146,0.16,0.179
18,A1_1,0.099,0.002,0.005,0.004,0.136,0.125,0.247,0.006,0.008,0.008,0.014,0.028,0.01,0.116,0.088,0.104
18,A1_2,0.158,0.006,0.008,0.009,0.182,0.062,0.263,0.012,0.016,0.018,0.008,0.009,0.006,0.085,0.089,0.069
18,A1_3,0.115,0.003,0.013,0.01,0.267,0.104,0.234,0.005,0.006,0.007,0.008,0.013,0.008,0.095,0.051,0.06
18,B1_1,0.152,0.069,0.265,0.132,0.017,0.009,0.007,0.006,0.003,0.005,0.002,0.005,0.006,0.192,0.039,0.09
18,B1_2,0.116,0.415,0.092,0.112,0.008,0.004,0.005,0.029,0.011,0.012,0.008,0.008,0.007,0.056,0.052,0.065
18,B1_3,0.125,0.101,0.082,0.062,0.01,0.013,0.009,0.02,0.008,0.01,0.008,0.019,0.01,0.208,0.114,0.204
18,A2_1,0.16,0.006,0.022,0.011,0.013,0.034,0.021,0.006,0.006,0.003,0.043,0.179,0.067,0.229,0.038,0.163
18,A2_2,0.244,0.018,0.018,0.013,0.011,0.018,0.021,0.014,0.031,0.011,0.125,0.111,0.119,0.101,0.042,0.103
18,A2_3,0.106,0.005,0.012,0.007,0.006,0.027,0.011,0.012,0.007,0.003,0.041,0.276,0.055,0.206,0.044,0.184
18,B2_1,0.171,0.002,0.011,0.007,0.011,0.014,0.02,0.08,0.103,0.118,0.007,0.009,0.01,0.192,0.121,0.123
18,B2_2,0.166,0.014,0.017,0.017,0.016,0.011,0.019,0.157,0.073,0.113,0.003,0.006,0.004,0.137,0.141,0.106
18,B2_3,0.207,0.021,0.013,0.013,0.005,0.005,0.009,0.173,0.124,0.078,0.015,0.02,0.015,0.115,0.088,0.1
18,y1,0.286,0.07,0.084,0.082,0.075,0.033,0.023,0.032,0.031,0.027,0.07,0.057,0.062,0.028,0.016,0.025
18,y2,0.402,0.054,0.027,0.034,0.071,0.023,0.051,0.034,0.054,0.036,0.069,0.035,0.044,0.023,0.021,0.024
18,y3,0.215,0.053,0.049,0.056,0.086,0.037,0.034,0.069,0.082,0.095,0.06,0.027,0.039,0.028,0.037,0.032
20,.,0.086,0.02,0.03,0.026,0.026,0.049,0.027,0.024,0.02,0.021,0.038,0.092,0.053,0.129,0.224,0.135
20,A1_1,0.171,0.003,0.005,0.003,0.074,0.134,0.191,0.011,0.004,0.012,0.006,0.025,0.008,0.067,0.234,0.055
20,A1_2,0.135,0.006,0.011,0.011,0.178,0.094,0.344,0.021,0.006,0.016,0.002,0.009,0.003,0.032,0.098,0.036
20,A1_3,0.127,0.006,0.021,0.016,0.113,0.196,0.186,0.012,0.011,0.023,0.007,0.016,0.008,0.077,0.139,0.042
20,B1_1,0.047,0.028,0.506,0.371,0.005,0.002,0.001,0.002,0.001,0.001,0.0,0.001,0.002,0.015,0.011,0.006
20,B1_2,0.148,0.099,0.237,0.352,0.015,0.006,0.008,0.017,0.007,0.007,0.003,0.006,0.007,0.034,0.03,0.025
20,B1_3,0.268,0.088,0.184,0.177,0.015,0.007,0.008,0.019,0.013,0.011,0.006,0.006,0.013,0.069,0.067,0.05
20,A2_1,0.281,0.01,0.027,0.013,0.014,0.054,0.025,0.005,0.004,0.005,0.061,0.154,0.072,0.078,0.156,0.041
20,A2_2,0.263,0.005,0.013,0.005,0.005,0.019,0.007,0.008,0.022,0.017,0.228,0.099,0.135,0.057,0.074,0.04
20,A2_3,0.106,0.01,0.004,0.004,0.003,0.017,0.007,0.008,0.002,0.003,0.082,0.472,0.05,0.048,0.13,0.053
20,B2_1,0.216,0.002,0.004,0.002,0.008,0.005,0.007,0.051,0.332,0.268,0.019,0.001,0.006,0.026,0.02,0.033
20,B2_2,0.355,0.01,0.007,0.008,0.018,0.006,0.017,0.167,0.088,0.128,0.009,0.004,0.004,0.038,0.061,0.082
20,B2_3,0.51,0.015,0.015,0.012,0.009,0.003,0.008,0.094,0.073,0.072,0.016,0.005,0.01,0.039,0.052,0.068
20,y1,0.362,0.013,0.045,0.049,0.057,0.034,0.084,0.035,0.078,0.086,0.054,0.025,0.033,0.015,0.014,0.015
20,y2,0.428,0.016,0.065,0.067,0.073,0.033,0.11,0.027,0.026,0.034,0.024,0.026,0.025,0.014,0.017,0.014
20,y3,0.414,0.021,0.085,0.087,0.042,0.024,0.053,0.029,0.033,0.035,0.046,0.04,0.04,0.017,0.019,0.017
22,.,0.071,0.026,0.035,0.03,0.023,0.041,0.042,0.059,0.065,0.066,0.039,0.043,0.039,0.134,0.116,0.171
22,A1_1,0.12,0.002,0.007,0.005,0.082,0.224,0.215,0.007,0.009,0.014,0.008,0.014,0.015,0.102,0.077,0.099
22,A1_2,0.105,0.005,0.015,0.016,0.251,0.126,0.314,0.008,0.002,0.008,0.001,0.003,0.003,0.043,0.037,0.063
22,A1_3,0.057,0.001,0.003,0.003,0.105,0.385,0.313,0.001,0.001,0.003,0.004,0.014,0.014,0.043,0.023,0.031
22,B1_1,0.516,0.024,0.069,0.169,0.024,0.007,0.009,0.013,0.004,0.004,0.01,0.01,0.012,0.04,0.04,0.047
22,B1_2,0.363,0.111,0.078,0.257,0.013,0.004,0.006,0.022,0.006,0.007,0.007,0.01,0.008,0.032,0.031,0.046
22,B1_3,0.474,0.043,0.067,0.129,0.018,0.006,0.007,0.015,0.007,0.007,0.004,0.009,0.009,0.055,0.058,0.091
22,A2_1,0.235,0.012,0.011,0.016,0.015,0.064,0.017,0.005,0.009,0.006,0.062,0.206,0.109,0.108,0.057,0.07
22,A2_2,0.099,0.006,0.008,0.013,0.003,0.022,0.006,0.007,0.016,0.007,0.338,0.19,0.155,0.064,0.036,0.029
22,A2_3,0.137,0.008,0.007,0.011,0.004,0.019,0.005,0.008,0.014,0.007,0.211,0.267,0.099,0.096,0.056,0.052
22,B2_1,0.204,0.003,0.005,0.002,0.004,0.008,0.006,0.069,0.277,0.301,0.018,0.006,0.005,0.025,0.035,0.033
22,B2_2,0.494,0.008,0.017,0.016,0.009,0.004,0.007,0.084,0.066,0.092,0.005,0.002,0.002,0.041,0.073,0.081
22,B2_3,0.294,0.01,0.01,0.007,0.003,0.005,0.003,0.086,0.217,0.198,0.025,0.01,0.006,0.034,0.046,0.046
22,y1,0.419,0.037,0.038,0.053,0.051,0.046,0.035,0.038,0.039,0.066,0.046,0.047,0.042,0.017,0.013,0.014
22,y2,0.339,0.033,0.032,0.04,0.046,0.054,0.032,0.035,0.043,0.063,0.065,0.094,0.062,0.025,0.017,0.019
22,y3,0.322,0.033,0.048,0.063,0.053,0.04,0.028,0.043,0.041,0.059,0.072,0.08,0.063,0.022,0.016,0.018
24,.,0.037,0.014,0.027,0.028,0.016,0.015,0.027,0.024,0.027,0.033,0.031,0.025,0.024,0.182,0.214,0.276
24,A1_1,0.115,0.004,0.004,0.001,0.04,0.105,0.424,0.002,0.017,0.01,0.005,0.008,0.017,0.099,0.024,0.127
24,A1_2,0.419,0.007,0.011,0.014,0.113,0.096,0.077,0.007,0.011,0.006,0.002,0.006,0.004,0.052,0.05,0.125
24,A1_3,0.408,0.005,0.011,0.01,0.102,0.096,0.093,0.005,0.011,0.007,0.003,0.006,0.006,0.058,0.046,0.133
24,B1_1,0.22,0.074,0.109,0.125,0.012,0.007,0.005,0.021,0.005,0.007,0.008,0.012,0.009,0.073,0.12,0.194
24,B1_2,0.204,0.168,0.083,0.12,0.009,0.008,0.009,0.068,0.011,0.013,0.007,0.02,0.011,0.064,0.085,0.119
24,B1_3,0.226,0.202,0.103,0.093,0.01,0.008,0.009,0.024,0.004,0.006,0.002,0.009,0.006,0.064,0.064,0.168
24,A2_1,0.399,0.012,0.007,0.011,0.008,0.024,0.021,0.003,0.006,0.002,0.045,0.157,0.075,0.095,0.045,0.088
24,A2_2,0.196,0.008,0.012,0.018,0.006,0.013,0.014,0.009,0.015,0.009,0.159,0.122,0.093,0.118,0.101,0.108
24,A2_3,0.262,0.008,0.006,0.014,0.003,0.008,0.005,0.01,0.009,0.005,0.126,0.3,0.084,0.06,0.055,0.046
24,B2_1,0.374,0.002,0.002,0.002,0.011,0.015,0.019,0.124,0.121,0.144,0.01,0.01,0.004,0.04,0.063,0.059
24,B2_2,0.153,0.024,0.017,0.013,0.006,0.005,0.01,0.248,0.066,0.152,0.007,0.008,0.005,0.062,0.105,0.118
24,B2_3,0.299,0.01,0.003,0.008,0.003,0.004,0.004,0.408,0.07,0.072,0.006,0.011,0.003,0.022,0.05,0.027
24,y1,0.383,0.04,0.028,0.029,0.03,0.067,0.088,0.044,0.036,0.031,0.026,0.078,0.053,0.025,0.017,0.025
24,y2,0.808,0.009,0.01,0.02,0.02,0.027,0.014,0.03,0.013,0.009,0.007,0.013,0.007,0.004,0.005,0.005
24,y3,0.588,0.015,0.022,0.039,0.033,0.042,0.025,0.061,0.031,0.027,0.021,0.038,0.02,0.01,0.016,0.012
26,.,0.069,0.033,0.026,0.031,0.033,0.026,0.047,0.048,0.049,0.027,0.052,0.096,0.096,0.14,0.148,0.078
26,A1_1,0.085,0.003,0.004,0.001,0.087,0.512,0.053,0.001,0.008,0.005,0.014,0.024,0.02,0.027,0.069,0.088
26,A1_2,0.255,0.009,0.012,0.009,0.119,0.071,0.085,0.009,0.018,0.033,0.005,0.007,0.008,0.05,0.174,0.136
26,A1_3,0.109,0.013,0.024,0.007,0.317,0.087,0.218,0.004,0.007,0.011,0.003,0.029,0.011,0.021,0.059,0.08
26,B1_1,0.26,0.041,0.207,0.26,0.014,0.004,0.009,0.016,0.004,0.008,0.006,0.009,0.007,0.042,0.057,0.057
26,B1_2,0.459,0.054,0.038,0.243,0.006,0.003,0.004,0.017,0.004,0.01,0.01,0.004,0.01,0.047,0.051,0.039
26,B1_3,0.291,0.059,0.28,0.091,0.021,0.014,0.013,0.013,0.004,0.009,0.003,0.005,0.002,0.051,0.087,0.059
26,A2_1,0.056,0.005,0.01,0.012,0.015,0.014,0.007,0.002,0.006,0.002,0.032,0.506,0.14,0.057,0.036,0.1
26,A2_2,0.093,0.003,0.002,0.018,0.005,0.01,0.003,0.003,0.007,0.002,0.171,0.13,0.448,0.033,0.02,0.052
26,A2_3,0.146,0.004,0.004,0.02,0.005,0.011,0.002,0.004,0.011,0.003,0.12,0.2,0.254,0.07,0.042,0.102
26,B2_1,0.297,0.003,0.001,0.002,0.008,0.009,0.006,0.066,0.205,0.111,0.016,0.002,0.006,0.061,0.143,0.063
26,B2_2,0.437,0.016,0.01,0.019,0.009,0.006,0.008,0.09,0.071,0.08,0.009,0.002,0.004,0.064,0.124,0.05
26,B2_3,0.359,0.01,0.005,0.01,0.003,0.005,0.003,0.12,0.155,0.067,0.026,0.004,0.008,0.08,0.101,0.044
26,y1,0.41,0.076,0.025,0.038,0.062,0.026,0.051,0.045,0.041,0.028,0.051,0.038,0.055,0.016,0.015,0.021
26,y2,0.37,0.054,0.014,0.021,0.056,0.026,0.052,0.072,0.086,0.046,0.063,0.031,0.053,0.017,0.018,0.02
26,y3,0.449,0.077,0.04,0.065,0.047,0.014,0.033,0.042,0.028,0.02,0.049,0.042,0.052,0.013,0.011,0.019
28,.,0.072,0.027,0.045,0.058,0.023,0.031,0.032,0.026,0.032,0.036,0.037,0.045,0.024,0.224,0.17,0.119
28,A1_1,0.237,0.007,0.011,0.012,0.119,0.091,0.09,0.006,0.012,0.02,0.029,0.019,0.033,0.154,0.092,0.068
28,A1_2,0.387,0.01,0.017,0.011,0.192,0.033,0.074,0.007,0.01,0.019,0.002,0.004,0.005,0.102,0.079,0.049
28,A1_3,0.2,0.005,0.019,0.01,0.242,0.075,0.132,0.004,0.011,0.012,0.007,0.015,0.012,0.127,0.077,0.052
28,B1_1,0.247,0.105,0.152,0.176,0.015,0.005,0.01,0.011,0.004,0.007,0.007,0.016,0.007,0.069,0.106,0.064
28,B1_2,0.283,0.291,0.061,0.15,0.005,0.004,0.003,0.023,0.003,0.011,0.007,0.005,0.01,0.031,0.069,0.045
28,B1_3,0.261,0.256,0.111,0.133,0.016,0.006,0.007,0.018,0.004,0.01,0.002,0.006,0.006,0.037,0.08,0.048
28,A2_1,0.299,0.011,0.008,0.013,0.015,0.024,0.008,0.003,0.007,0.004,0.173,0.126,0.167,0.059,0.05,0.034
28,A2_2,0.137,0.005,0.003,0.009,0.003,0.012,0.004,0.005,0.007,0.008,0.481,0.066,0.138,0.055,0.039,0.028
28,A2_3,0.197,0.003,0.006,0.012,0.004,0.006,0.004,0.004,0.008,0.008,0.479,0.124,0.052,0.041,0.032,0.018
28,B2_1,0.261,0.002,0.001,0.002,0.016,0.007,0.009,0.053,0.188,0.185,0.021,0.004,0.006,0.141,0.07,0.035
28,B2_2,0.248,0.021,0.009,0.019,0.008,0.006,0.007,0.134,0.097,0.195,0.021,0.005,0.007,0.092,0.084,0.048
28,B2_3,0.257,0.005,0.005,0.008,0.008,0.003,0.006,0.073,0.2,0.082,0.022,0.009,0.009,0.169,0.093,0.051
28,y1,0.499,0.031,0.032,0.024,0.025,0.029,0.029,0.049,0.036,0.022,0.084,0.035,0.068,0.014,0.013,0.012
28,y2,0.495,0.031,0.041,0.027,0.035,0.037,0.042,0.039,0.026,0.018,0.074,0.034,0.062,0.013,0.012,0.012
28,y3,0.519,0.028,0.045,0.032,0.023,0.021,0.024,0.03,0.02,0.016,0.102,0.052,0.051,0.012,0.013,0.011
30,.,0.048,0.039,0.043,0.058,0.021,0.02,0.023,0.027,0.028,0.023,0.066,0.031,0.065,0.146,0.216,0.147
30,A1_1,0.269,0.006,0.008,0.003,0.051,0.15,0.043,0.002,0.003,0.006,0.006,0.009,0.013,0.253,0.07,0.109
30,A1_2,0.158,0.009,0.019,0.011,0.171,0.072,0.108,0.01,0.016,0.022,0.002,0.002,0.005,0.172,0.092,0.13
30,A1_3,0.184,0.008,0.015,0.007,0.105,0.126,0.072,0.004,0.011,0.01,0.007,0.01,0.014,0.223,0.086,0.12
30,B1_1,0.095,0.122,0.176,0.419,0.01,0.005,0.008,0.016,0.003,0.007,0.005,0.006,0.004,0.053,0.028,0.044
30,B1_2,0.29,0.123,0.068,0.181,0.006,0.008,0.005,0.036,0.004,0.02,0.007,0.013,0.004,0.119,0.039,0.079
30,B1_3,0.317,0.157,0.099,0.096,0.014,0.025,0.01,0.021,0.002,0.013,0.004,0.016,0.006,0.125,0.032,0.062
30,A2_1,0.341,0.006,0.012,0.01,0.013,0.033,0.014,0.008,0.012,0.007,0.052,0.093,0.103,0.144,0.073,0.079
30,A2_2,0.164,0.005,0.006,0.014,0.003,0.013,0.005,0.005,0.009,0.004,0.278,0.087,0.129,0.107,0.092,0.081
30,A2_3,0.402,0.007,0.007,0.01,0.003,0.021,0.004,0.006,0.007,0.005,0.097,0.209,0.094,0.068,0.026,0.033
30,B2_1,0.111,0.001,0.002,0.005,0.017,0.006,0.017,0.074,0.223,0.143,0.015,0.01,0.011,0.11,0.12,0.136
30,B2_2,0.156,0.011,0.005,0.019,0.007,0.003,0.007,0.266,0.063,0.231,0.005,0.005,0.003,0.072,0.06,0.087
30,B2_3,0.183,0.009,0.007,0.018,0.01,0.005,0.009,0.082,0.039,0.081,0.012,0.015,0.014,0.195,0.143,0.177
30,y1,0.436,0.069,0.054,0.056,0.018,0.056,0.021,0.066,0.021,0.027,0.036,0.056,0.041,0.017,0.013,0.014
30,y2,0.513,0.079,0.048,0.036,0.024,0.096,0.026,0.05,0.013,0.025,0.013,0.03,0.016,0.013,0.007,0.01
30,y3,0.334,0.069,0.056,0.05,0.031,0.084,0.037,0.061,0.027,0.032,0.044,0.046,0.05,0.028,0.026,0.025
32,.,0.049,0.119,0.046,0.066,0.012,0.028,0.017,0.036,0.012,0.02,0.013,0.055,0.019,0.163,0.098,0.246
32,A1_1,0.081,0.006,0.006,0.003,0.046,0.149,0.38,0.004,0.003,0.011,0.013,0.013,0.019,0.104,0.111,0.052
32,A1_2,0.13,0.008,0.009,0.005,0.097,0.156,0.423,0.007,0.007,0.012,0.002,0.002,0.003,0.041,0.062,0.035
32,A1_3,0.088,0.005,0.012,0.004,0.16,0.264,0.219,0.01,0.015,0.007,0.005,0.011,0.011,0.06,0.083,0.047
32,B1_1,0.55,0.032,0.039,0.074,0.015,0.009,0.008,0.014,0.012,0.003,0.014,0.01,0.013,0.056,0.068,0.083
32,B1_2,0.543,0.106,0.037,0.112,0.006,0.004,0.008,0.021,0.006,0.009,0.006,0.001,0.004,0.034,0.041,0.062
32,B1_3,0.34,0.18,0.066,0.112,0.015,0.017,0.025,0.018,0.004,0.007,0.006,0.006,0.007,0.052,0.057,0.089
32,A2_1,0.158,0.01,0.016,0.01,0.032,0.094,0.042,0.016,0.014,0.007,0.041,0.161,0.128,0.1,0.09,0.082
32,A2_2,0.202,0.003,0.006,0.008,0.007,0.01,0.007,0.011,0.014,0.011,0.19,0.095,0.241,0.083,0.065,0.047
32,A2_3,0.076,0.003,0.006,0.008,0.003,0.01,0.006,0.002,0.003,0.002,0.069,0.516,0.095,0.086,0.054,0.06
32,B2_1,0.133,0.005,0.002,0.008,0.006,0.01,0.022,0.112,0.08,0.22,0.019,0.008,0.01,0.127,0.087,0.152
32,B2_2,0.261,0.018,0.004,0.016,0.005,0.007,0.016,0.185,0.059,0.158,0.006,0.002,0.004,0.068,0.057,0.132
32,B2_3,0.246,0.003,0.003,0.008,0.013,0.01,0.007,0.189,0.227,0.055,0.008,0.004,0.009,0.057,0.058,0.105
32,y1,0.372,0.045,0.065,0.055,0.091,0.087,0.044,0.042,0.045,0.026,0.018,0.035,0.028,0.013,0.018,0.016
32,y2,0.323,0.053,0.061,0.053,0.084,0.087,0.077,0.033,0.029,0.048,0.031,0.027,0.035,0.018,0.023,0.017
32,y3,0.594,0.036,0.037,0.042,0.044,0.042,0.038,0.032,0.024,0.022,0.015,0.014,0.02,0.011,0.016,0.014
34,.,0.073,0.063,0.029,0.026,0.044,0.045,0.037,0.041,0.048,0.027,0.033,0.027,0.049,0.116,0.168,0.175
34,A1_1,0.351,0.005,0.008,0.005,0.092,0.131,0.214,0.007,0.008,0.006,0.005,0.012,0.009,0.04,0.063,0.045
34,A1_2,0.283,0.01,0.009,0.005,0.19,0.049,0.291,0.01,0.006,0.008,0.001,0.003,0.001,0.034,0.055,0.045
34,A1_3,0.327,0.007,0.014,0.008,0.098,0.108,0.159,0.01,0.013,0.01,0.006,0.016,0.008,0.058,0.089,0.067
34,B1_1,0.297,0.066,0.07,0.092,0.014,0.01,0.016,0.015,0.007,0.008,0.011,0.011,0.012,0.131,0.128,0.112
34,B1_2,0.164,0.253,0.07,0.171,0.009,0.003,0.009,0.03,0.005,0.007,0.005,0.002,0.005,0.087,0.099,0.081
34,B1_3,0.216,0.211,0.125,0.139,0.019,0.008,0.015,0.015,0.005,0.007,0.01,0.011,0.01,0.081,0.054,0.074
34,A2_1,0.267,0.005,0.017,0.01,0.013,0.054,0.023,0.006,0.009,0.006,0.047,0.188,0.074,0.102,0.086,0.096
34,A2_2,0.37,0.008,0.014,0.016,0.005,0.022,0.011,0.006,0.011,0.007,0.068,0.07,0.131,0.089,0.102,0.069
34,A2_3,0.259,0.003,0.012,0.008,0.003,0.014,0.006,0.003,0.007,0.006,0.078,0.28,0.083,0.093,0.07,0.076
34,B2_1,0.315,0.002,0.003,0.005,0.013,0.009,0.018,0.036,0.103,0.078,0.008,0.006,0.005,0.055,0.274,0.069
34,B2_2,0.213,0.032,0.007,0.02,0.013,0.002,0.009,0.34,0.068,0.053,0.004,0.006,0.002,0.042,0.121,0.068
34,B2_3,0.255,0.008,0.005,0.013,0.009,0.006,0.01,0.173,0.102,0.055,0.008,0.008,0.008,0.053,0.215,0.072
34,y1,0.346,0.146,0.056,0.052,0.044,0.025,0.021,0.052,0.047,0.056,0.033,0.037,0.033,0.016,0.019,0.018
34,y2,0.394,0.132,0.053,0.049,0.054,0.027,0.027,0.055,0.043,0.053,0.021,0.025,0.022,0.013,0.017,0.015
34,y3,0.227,0.133,0.05,0.045,0.05,0.033,0.022,0.049,0.091,0.099,0.045,0.034,0.049,0.019,0.029,0.024
36,.,0.055,0.025,0.032,0.035,0.022,0.057,0.028,0.021,0.034,0.017,0.035,0.029,0.036,0.125,0.313,0.137
36,A1_1,0.106,0.004,0.005,0.005,0.092,0.358,0.094,0.003,0.022,0.009,0.013,0.02,0.022,0.04,0.062,0.145
36,A1_2,0.128,0.009,0.013,0.013,0.351,0.125,0.186,0.004,0.009,0.006,0.001,0.001,0.001,0.045,0.029,0.08
36,A1_3,0.135,0.006,0.011,0.008,0.226,0.263,0.125,0.002,0.012,0.007,0.004,0.01,0.007,0.037,0.04,0.106
36,B1_1,0.295,0.044,0.174,0.227,0.016,0.007,0.005,0.01,0.005,0.007,0.008,0.003,0.005,0.062,0.083,0.051
36,B1_2,0.359,0.041,0.061,0.092,0.024,0.01,0.013,0.037,0.015,0.021,0.013,0.006,0.01,0.093,0.116,0.089
36,B1_3,0.211,0.082,0.247,0.156,0.019,0.009,0.008,0.009,0.002,0.005,0.016,0.01,0.01,0.07,0.094,0.049
36,A2_1,0.256,0.009,0.016,0.009,0.011,0.034,0.007,0.007,0.011,0.011,0.108,0.186,0.161,0.029,0.069,0.074
36,A2_2,0.11,0.008,0.014,0.011,0.002,0.009,0.001,0.005,0.007,0.011,0.342,0.095,0.137,0.035,0.133,0.08
36,A2_3,0.176,0.007,0.011,0.005,0.008,0.026,0.004,0.004,0.007,0.013,0.194,0.237,0.146,0.024,0.064,0.076
36,B2_1,0.21,0.003,0.001,0.004,0.014,0.006,0.009,0.128,0.198,0.231,0.016,0.008,0.01,0.032,0.051,0.079
36,B2_2,0.399,0.015,0.01,0.017,0.017,0.003,0.009,0.145,0.046,0.1,0.013,0.007,0.008,0.063,0.071,0.078
36,B2_3,0.227,0.006,0.002,0.008,0.006,0.002,0.005,0.359,0.126,0.099,0.006,0.004,0.007,0.041,0.054,0.047
36,y1,0.458,0.028,0.04,0.036,0.083,0.044,0.052,0.022,0.019,0.035,0.047,0.049,0.047,0.01,0.012,0.018
36,y2,0.537,0.043,0.059,0.068,0.073,0.021,0.045,0.029,0.011,0.026,0.021,0.015,0.019,0.011,0.009,0.013
36,y3,0.49,0.042,0.057,0.047,0.071,0.024,0.043,0.029,0.013,0.034,0.039,0.036,0.033,0.012,0.013,0.017
38,.,0.051,0.022,0.027,0.021,0.048,0.076,0.05,0.02,0.023,0.02,0.025,0.037,0.018,0.086,0.34,0.138
38,A1_1,0.239,0.007,0.008,0.008,0.135,0.173,0.119,0.003,0.006,0.01,0.013,0.01,0.009,0.05,0.113,0.097
38,A1_2,0.288,0.009,0.01,0.012,0.212,0.047,0.117,0.014,0.013,0.031,0.004,0.005,0.002,0.051,0.088,0.097
38,A1_3,0.267,0.006,0.011,0.006,0.329,0.117,0.09,0.003,0.002,0.005,0.003,0.005,0.002,0.027,0.079,0.05
38,B1_1,0.484,0.042,0.113,0.079,0.014,0.007,0.005,0.01,0.004,0.007,0.009,0.005,0.013,0.092,0.066,0.051
38,B1_2,0.401,0.129,0.06,0.088,0.01,0.006,0.006,0.04,0.008,0.007,0.006,0.004,0.005,0.07,0.113,0.047
38,B1_3,0.425,0.091,0.14,0.087,0.024,0.014,0.008,0.017,0.005,0.004,0.012,0.01,0.013,0.051,0.068,0.032
38,A2_1,0.484,0.008,0.018,0.007,0.018,0.026,0.009,0.01,0.01,0.019,0.029,0.071,0.038,0.097,0.084,0.071
38,A2_2,0.454,0.005,0.01,0.004,0.004,0.015,0.003,0.003,0.005,0.009,0.046,0.059,0.068,0.16,0.078,0.078
38,A2_3,0.472,0.012,0.011,0.004,0.007,0.019,0.005,0.015,0.011,0.011,0.054,0.168,0.048,0.068,0.055,0.037
38,B2_1,0.225,0.003,0.001,0.003,0.008,0.004,0.01,0.067,0.091,0.379,0.004,0.012,0.006,0.05,0.051,0.087
38,B2_2,0.34,0.028,0.004,0.011,0.005,0.003,0.006,0.199,0.07,0.099,0.006,0.015,0.004,0.065,0.085,0.062
38,B2_3,0.349,0.016,0.003,0.008,0.006,0.005,0.008,0.161,0.108,0.163,0.008,0.021,0.008,0.039,0.049,0.05
38,y1,0.544,0.034,0.036,0.045,0.078,0.031,0.037,0.028,0.029,0.027,0.023,0.023,0.027,0.011,0.011,0.015
38,y2,0.465,0.046,0.047,0.058,0.066,0.042,0.034,0.03,0.031,0.024,0.034,0.033,0.043,0.013,0.016,0.017
38,y3,0.571,0.043,0.054,0.053,0.039,0.019,0.017,0.03,0.023,0.021,0.026,0.028,0.034,0.015,0.013,0.015
40,.,0.057,0.036,0.027,0.035,0.04,0.026,0.067,0.035,0.041,0.038,0.043,0.027,0.044,0.098,0.157,0.229
40,A1_1,0.179,0.003,0.005,0.006,0.058,0.226,0.146,0.003,0.011,0.003,0.027,0.017,0.013,0.117,0.053,0.131
40,A1_2,0.087,0.011,0.008,0.009,0.118,0.069,0.452,0.003,0.004,0.01,0.003,0.002,0.001,0.088,0.07,0.066
40,A1_3,0.179,0.01,0.014,0.011,0.098,0.108,0.129,0.005,0.007,0.006,0.011,0.016,0.007,0.183,0.089,0.124
40,B1_1,0.071,0.069,0.224,0.432,0.007,0.006,0.008,0.007,0.002,0.005,0.003,0.003,0.007,0.038,0.07,0.048
40,B1_2,0.117,0.4,0.074,0.072,0.006,0.006,0.01,0.042,0.01,0.021,0.003,0.003,0.005,0.049,0.081,0.101
40,B1_3,0.044,0.539,0.151,0.089,0.007,0.004,0.012,0.013,0.002,0.008,0.004,0.003,0.009,0.026,0.046,0.043
40,A2_1,0.206,0.009,0.019,0.01,0.007,0.02,0.003,0.008,0.011,0.003,0.101,0.228,0.115,0.099,0.042,0.119
40,A2_2,0.214,0.015,0.015,0.012,0.003,0.01,0.004,0.008,0.011,0.008,0.197,0.083,0.161,0.059,0.047,0.154
40,A2_3,0.14,0.02,0.01,0.005,0.005,0.015,0.007,0.009,0.013,0.008,0.218,0.105,0.151,0.07,0.048,0.174
40,B2_1,0.379,0.001,0.001,0.002,0.016,0.022,0.014,0.054,0.185,0.061,0.01,0.015,0.004,0.084,0.048,0.104
40,B2_2,0.164,0.015,0.003,0.005,0.008,0.003,0.006,0.212,0.168,0.242,0.004,0.006,0.002,0.042,0.052,0.068
40,B2_3,0.27,0.014,0.004,0.008,0.007,0.007,0.004,0.197,0.224,0.083,0.007,0.015,0.006,0.043,0.038,0.07
40,y1,0.289,0.074,0.093,0.105,0.044,0.041,0.032,0.068,0.057,0.029,0.033,0.039,0.047,0.017,0.016,0.017
40,y2,0.267,0.063,0.065,0.06,0.045,0.048,0.032,0.067,0.067,0.027,0.056,0.065,0.07,0.024,0.02,0.027
40,y3,0.205,0.104,0.142,0.155,0.03,0.021,0.014,0.088,0.051,0.026,0.024,0.044,0.048,0.016,0.016,0.016
42,.,0.054,0.037,0.069,0.028,0.101,0.022,0.067,0.026,0.029,0.031,0.031,0.025,0.032,0.172,0.102,0.174
42,A1_1,0.397,0.007,0.008,0.005,0.082,0.107,0.097,0.007,0.015,0.011,0.008,0.01,0.019,0.085,0.07,0.073
42,A1_2,0.643,0.008,0.009,0.008,0.097,0.049,0.055,0.005,0.006,0.009,0.001,0.001,0.002,0.04,0.028,0.038
42,A1_3,0.52,0.005,0.01,0.005,0.129,0.106,0.079,0.003,0.005,0.006,0.002,0.004,0.011,0.044,0.034,0.038
42,B1_1,0.277,0.033,0.091,0.219,0.009,0.009,0.005,0.015,0.008,0.004,0.009,0.006,0.017,0.077,0.117,0.104
42,B1_2,0.184,0.087,0.054,0.192,0.006,0.006,0.006,0.086,0.014,0.008,0.005,0.004,0.005,0.089,0.115,0.138
42,B1_3,0.279,0.131,0.181,0.158,0.011,0.01,0.008,0.013,0.003,0.004,0.009,0.009,0.013,0.039,0.072,0.06
42,A2_1,0.218,0.005,0.01,0.009,0.004,0.032,0.005,0.005,0.005,0.004,0.046,0.304,0.217,0.029,0.075,0.032
42,A2_2,0.292,0.003,0.009,0.01,0.003,0.026,0.007,0.003,0.01,0.004,0.107,0.117,0.168,0.052,0.139,0.05
42,A2_3,0.147,0.007,0.009,0.008,0.001,0.009,0.004,0.009,0.011,0.012,0.145,0.323,0.132,0.035,0.106,0.04
42,B2_1,0.207,0.002,0.001,0.004,0.006,0.009,0.012,0.098,0.255,0.106,0.014,0.014,0.007,0.098,0.084,0.085
42,B2_2,0.079,0.012,0.002,0.018,0.001,0.002,0.003,0.558,0.098,0.052,0.003,0.008,0.001,0.047,0.05,0.065
42,B2_3,0.173,0.004,0.002,0.014,0.006,0.008,0.009,0.222,0.311,0.05,0.009,0.009,0.005,0.062,0.053,0.062
42,y1,0.489,0.04,0.037,0.051,0.027,0.029,0.025,0.056,0.048,0.02,0.03,0.058,0.043,0.012,0.021,0.015
42,y2,0.515,0.024,0.034,0.036,0.079,0.041,0.052,0.029,0.056,0.02,0.02,0.02,0.028,0.014,0.017,0.014
42,y3,0.69,0.023,0.025,0.025,0.029,0.033,0.024,0.019,0.021,0.013,0.014,0.031,0.027,0.007,0.012,0.008
44,.,0.042,0.037,0.046,0.03,0.013,0.034,0.019,0.022,0.035,0.031,0.043,0.044,0.033,0.172,0.235,0.164
44,A1_1,0.418,0.006,0.005,0.005,0.075,0.053,0.065,0.004,0.003,0.015,0.008,0.014,0.01,0.104,0.162,0.053
44,A1_2,0.371,0.006,0.01,0.007,0.314,0.021,0.109,0.006,0.007,0.019,0.001,0.001,0.002,0.048,0.056,0.023
44,A1_3,0.409,0.005,0.011,0.008,0.228,0.034,0.08,0.004,0.005,0.011,0.002,0.005,0.004,0.068,0.09,0.036
44,B1_1,0.064,0.137,0.531,0.168,0.005,0.002,0.003,0.006,0.002,0.002,0.001,0.002,0.004,0.02,0.03,0.023
44,B1_2,0.134,0.408,0.088,0.107,0.004,0.004,0.004,0.04,0.015,0.015,0.005,0.004,0.009,0.058,0.053,0.054
44,B1_3,0.124,0.388,0.134,0.076,0.007,0.01,0.009,0.013,0.003,0.007,0.004,0.004,0.006,0.086,0.082,0.046
44,A2_1,0.172,0.004,0.01,0.006,0.006,0.048,0.012,0.003,0.003,0.006,0.048,0.279,0.104,0.06,0.163,0.076
44,A2_2,0.269,0.009,0.007,0.015,0.003,0.013,0.005,0.007,0.013,0.009,0.077,0.09,0.166,0.062,0.155,0.102
44,A2_3,0.093,0.006,0.009,0.009,0.002,0.021,0.005,0.004,0.01,0.008,0.153,0.254,0.199,0.04,0.116,0.071
44,B2_1,0.3,0.001,0.001,0.003,0.015,0.003,0.022,0.034,0.179,0.239,0.007,0.005,0.007,0.036,0.069,0.078
44,B2_2,0.323,0.014,0.003,0.008,0.01,0.004,0.019,0.049,0.062,0.165,0.005,0.006,0.007,0.09,0.119,0.116
44,B2_3,0.247,0.006,0.004,0.017,0.011,0.002,0.01,0.061,0.247,0.118,0.009,0.008,0.017,0.046,0.077,0.117
44,y1,0.613,0.059,0.025,0.033,0.024,0.02,0.016,0.027,0.036,0.014,0.024,0.027,0.05,0.01,0.01,0.011
44,y2,0.664,0.022,0.014,0.02,0.045,0.022,0.024,0.022,0.042,0.016,0.019,0.024,0.04,0.008,0.009,0.009
44,y3,0.549,0.034,0.024,0.027,0.04,0.033,0.027,0.025,0.047,0.018,0.036,0.041,0.06,0.012,0.015,0.014
46,.,0.048,0.02,0.04,0.058,0.009,0.018,0.016,0.029,0.016,0.038,0.064,0.044,0.053,0.127,0.316,0.108
46,A1_1,0.062,0.002,0.002,0.001,0.019,0.711,0.096,0.001,0.003,0.005,0.004,0.009,0.028,0.014,0.021,0.024
46,A1_2,0.372,0.014,0.012,0.01,0.11,0.078,0.146,0.013,0.019,0.013,0.001,0.002,0.004,0.066,0.06,0.081
46,A1_3,0.315,0.008,0.012,0.005,0.166,0.121,0.189,0.006,0.016,0.006,0.001,0.004,0.005,0.045,0.041,0.058
46,B1_1,0.14,0.038,0.224,0.121,0.006,0.005,0.007,0.009,0.004,0.004,0.006,0.008,0.013,0.078,0.249,0.087
46,B1_2,0.125,0.113,0.082,0.206,0.006,0.002,0.004,0.054,0.007,0.015,0.006,0.004,0.008,0.114,0.171,0.082
46,B1_3,0.109,0.111,0.243,0.121,0.015,0.016,0.016,0.016,0.003,0.005,0.009,0.01,0.02,0.08,0.152,0.075
46,A2_1,0.143,0.009,0.019,0.008,0.002,0.072,0.006,0.003,0.002,0.006,0.09,0.051,0.362,0.032,0.145,0.05
46,A2_2,0.128,0.009,0.017,0.02,0.002,0.01,0.003,0.01,0.006,0.014,0.191,0.043,0.225,0.053,0.213,0.057
46,A2_3,0.186,0.007,0.01,0.009,0.007,0.064,0.013,0.013,0.014,0.02,0.097,0.071,0.201,0.064,0.151,0.074
46,B2_1,0.287,0.002,0.0,0.005,0.011,0.006,0.012,0.084,0.192,0.181,0.01,0.006,0.007,0.071,0.066,0.059
46,B2_2,0.207,0.02,0.002,0.03,0.006,0.005,0.006,0.222,0.064,0.109,0.005,0.004,0.006,0.141,0.086,0.086
46,B2_3,0.213,0.008,0.004,0.028,0.014,0.003,0.009,0.188,0.165,0.096,0.011,0.013,0.007,0.107,0.071,0.063
46,y1,0.374,0.033,0.035,0.049,0.029,0.039,0.045,0.058,0.048,0.062,0.051,0.06,0.055,0.017,0.027,0.019
46,y2,0.465,0.051,0.035,0.034,0.038,0.077,0.063,0.047,0.027,0.032,0.017,0.032,0.035,0.014,0.016,0.016
46,y3,0.53,0.042,0.026,0.027,0.059,0.05,0.059,0.045,0.033,0.028,0.016,0.024,0.027,0.011,0.011,0.012
48,.,0.054,0.023,0.042,0.027,0.026,0.048,0.026,0.036,0.065,0.049,0.039,0.083,0.042,0.18,0.125,0.133
48,A1_1,0.119,0.005,0.006,0.001,0.058,0.465,0.112,0.002,0.004,0.013,0.008,0.018,0.009,0.045,0.052,0.084
48,A1_2,0.241,0.008,0.015,0.007,0.188,0.081,0.128,0.008,0.028,0.024,0.001,0.002,0.001,0.056,0.09,0.121
48,A1_3,0.411,0.008,0.014,0.006,0.077,0.13,0.068,0.006,0.012,0.013,0.007,0.014,0.009,0.054,0.07,0.1
48,B1_1,0.226,0.031,0.151,0.134,0.009,0.005,0.007,0.009,0.007,0.004,0.009,0.007,0.012,0.093,0.157,0.14
48,B1_2,0.189,0.053,0.04,0.118,0.007,0.004,0.008,0.078,0.015,0.021,0.004,0.003,0.008,0.095,0.198,0.16
48,B1_3,0.126,0.1,0.169,0.109,0.012,0.017,0.014,0.01,0.002,0.004,0.004,0.004,0.01,0.12,0.151,0.149
48,A2_1,0.154,0.005,0.008,0.006,0.002,0.034,0.005,0.004,0.003,0.006,0.083,0.266,0.239,0.051,0.06,0.074
48,A2_2,0.084,0.006,0.009,0.011,0.001,0.009,0.002,0.007,0.002,0.004,0.155,0.126,0.375,0.041,0.092,0.078
48,A2_3,0.156,0.005,0.012,0.009,0.005,0.032,0.009,0.004,0.01,0.012,0.154,0.257,0.187,0.033,0.053,0.061
48,B2_1,0.166,0.001,0.0,0.003,0.008,0.004,0.008,0.158,0.315,0.163,0.01,0.007,0.006,0.017,0.072,0.061
48,B2_2,0.046,0.008,0.001,0.007,0.001,0.001,0.002,0.634,0.056,0.08,0.004,0.003,0.01,0.024,0.074,0.05
48,B2_3,0.13,0.005,0.001,0.012,0.007,0.002,0.005,0.295,0.289,0.11,0.011,0.007,0.011,0.018,0.055,0.041
48,y1,0.297,0.044,0.031,0.049,0.097,0.044,0.091,0.032,0.054,0.089,0.038,0.042,0.038,0.012,0.019,0.023
48,y2,0.232,0.067,0.041,0.066,0.071,0.04,0.067,0.045,0.047,0.081,0.055,0.06,0.069,0.015,0.02,0.023
48,y3,0.205,0.039,0.03,0.039,0.157,0.052,0.118,0.036,0.085,0.104,0.028,0.029,0.021,0.014,0.02,0.024
50,.,0.056,0.019,0.021,0.041,0.07,0.044,0.067,0.054,0.067,0.048,0.026,0.026,0.025,0.156,0.087,0.193
50,A1_1,0.208,0.007,0.01,0.003,0.111,0.167,0.141,0.004,0.005,0.006,0.004,0.02,0.012,0.062,0.096,0.146
50,A1_2,0.257,0.009,0.012,0.016,0.306,0.051,0.152,0.011,0.018,0.008,0.001,0.003,0.001,0.036,0.047,0.073
50,A1_3,0.331,0.006,0.01,0.006,0.206,0.096,0.147,0.005,0.009,0.007,0.002,0.008,0.004,0.033,0.051,0.08
50,B1_1,0.476,0.044,0.115,0.189,0.013,0.005,0.008,0.01,0.006,0.004,0.004,0.003,0.004,0.025,0.063,0.032
50,B1_2,0.161,0.237,0.053,0.282,0.005,0.003,0.006,0.068,0.009,0.006,0.002,0.001,0.003,0.047,0.076,0.043
50,B1_3,0.317,0.135,0.136,0.126,0.009,0.013,0.014,0.013,0.003,0.004,0.007,0.006,0.012,0.045,0.106,0.053
50,A2_1,0.402,0.006,0.012,0.004,0.006,0.033,0.008,0.007,0.007,0.012,0.047,0.178,0.108,0.034,0.084,0.053
