,,.,A1_1,A1_2,A1_3,B1_1,B1_2,B1_3,A2_1,A2_2,A2_3,B2_1,B2_2,B2_3,y1,y2,y3
2,.,1.0,0.463,0.111,0.351,0.532,0.031,0.234,0.105,-0.26,-0.423,-0.604,-0.736,-0.302,-0.39,-0.736,-0.463
2,A1_1,0.463,1.0,0.514,0.745,0.344,-0.14,-0.134,-0.086,-0.363,-0.263,-0.43,-0.578,-0.288,0.621,0.1,0.444
2,A1_2,0.111,0.514,1.0,0.848,-0.254,-0.423,-0.141,-0.337,-0.148,-0.209,-0.132,-0.103,-0.188,0.51,-0.015,0.38
2,A1_3,0.351,0.745,0.848,1.0,0.087,-0.431,-0.159,-0.201,-0.567,-0.52,-0.099,-0.345,-0.13,0.537,-0.085,0.227
2,B1_1,0.532,0.344,-0.254,0.087,1.0,0.572,0.629,-0.146,-0.35,-0.46,-0.54,-0.366,-0.163,-0.057,-0.051,-0.224
2,B1_2,0.031,-0.14,-0.423,-0.431,0.572,1.0,0.877,-0.339,0.208,-0.194,-0.348,0.128,-0.414,-0.166,0.187,-0.234
2,B1_3,0.234,-0.134,-0.141,-0.159,0.629,0.877,1.0,-0.383,0.094,-0.406,-0.445,0.022,-0.472,-0.276,-0.046,-0.411
2,A2_1,0.105,-0.086,-0.337,-0.201,-0.146,-0.339,-0.383,1.0,0.258,0.405,-0.058,-0.608,-0.252,-0.284,-0.032,-0.136
2,A2_2,-0.26,-0.363,-0.148,-0.567,-0.35,0.208,0.094,0.258,1.0,0.812,-0.384,-0.005,-0.396,-0.221,0.211,0.22
2,A2_3,-0.423,-0.263,-0.209,-0.52,-0.46,-0.194,-0.406,0.405,0.812,1.0,-0.15,0.037,0.039,0.008,0.356,0.509
2,B2_1,-0.604,-0.43,-0.132,-0.099,-0.54,-0.348,-0.445,-0.058,-0.384,-0.15,1.0,0.643,0.58,0.086,0.109,-0.099
2,B2_2,-0.736,-0.578,-0.103,-0.345,-0.366,0.128,0.022,-0.608,-0.005,0.037,0.643,1.0,0.576,0.101,0.269,0.103
2,B2_3,-0.302,-0.288,-0.188,-0.13,-0.163,-0.414,-0.472,-0.252,-0.396,0.039,0.58,0.576,1.0,0.014,-0.078,0.075
2,y1,-0.39,0.621,0.51,0.537,-0.057,-0.166,-0.276,-0.284,-0.221,0.008,0.086,0.101,0.014,1.0,0.731,0.846
2,y2,-0.736,0.1,-0.015,-0.085,-0.051,0.187,-0.046,-0.032,0.211,0.356,0.109,0.269,-0.078,0.731,1.0,0.735
2,y3,-0.463,0.444,0.38,0.227,-0.224,-0.234,-0.411,-0.136,0.22,0.509,-0.099,0.103,0.075,0.846,0.735,1.0
4,.,1.0,-0.052,-0.231,0.056,-0.171,0.119,-0.436,-0.193,-0.211,0.106,0.319,-0.24,-0.027,-0.924,-0.897,-0.8
4,A1_1,-0.052,1.0,0.28,0.823,0.088,-0.329,-0.279,0.39,-0.122,-0.22,-0.429,-0.69,-0.407,0.307,0.061,0.461
4,A1_2,-0.231,0.28,1.0,0.672,-0.267,-0.118,0.05,-0.112,0.056,-0.427,-0.314,0.192,-0.234,0.293,0.173,0.475
4,A1_3,0.056,0.823,0.672,1.0,-0.342,-0.45,-0.429,0.164,-0.053,-0.38,-0.255,-0.296,-0.221,0.135,0.042,0.447
4,B1_1,-0.171,0.088,-0.267,-0.342,1.0,0.685,0.587,0.22,-0.357,0.149,-0.291,-0.474,-0.531,0.285,-0.171,0.021
4,B1_2,0.119,-0.329,-0.118,-0.45,0.685,1.0,0.722,-0.424,-0.464,-0.275,0.016,-0.011,-0.294,-0.001,-0.397,-0.217
4,B1_3,-0.436,-0.279,0.05,-0.429,0.587,0.722,1.0,-0.493,-0.252,-0.393,-0.335,0.039,-0.179,0.542,0.196,0.176
4,A2_1,-0.193,0.39,-0.112,0.164,0.22,-0.424,-0.493,1.0,0.358,0.724,-0.189,-0.352,-0.37,0.062,0.076,0.155
4,A2_2,-0.211,-0.122,0.056,-0.053,-0.357,-0.464,-0.252,0.358,1.0,0.476,-0.456,0.056,-0.283,-0.008,0.138,-0.134
4,A2_3,0.106,-0.22,-0.427,-0.38,0.149,-0.275,-0.393,0.724,0.476,1.0,-0.023,-0.163,-0.183,-0.365,-0.2,-0.44
4,B2_1,0.319,-0.429,-0.314,-0.255,-0.291,0.016,-0.335,-0.189,-0.456,-0.023,1.0,0.593,0.778,-0.438,-0.059,-0.149
4,B2_2,-0.24,-0.69,0.192,-0.296,-0.474,-0.011,0.039,-0.352,0.056,-0.163,0.593,1.0,0.651,0.002,0.372,0.148
4,B2_3,-0.027,-0.407,-0.234,-0.221,-0.531,-0.294,-0.179,-0.37,-0.283,-0.183,0.778,0.651,1.0,-0.089,0.402,0.09
4,y1,-0.924,0.307,0.293,0.135,0.285,-0.001,0.542,0.062,-0.008,-0.365,-0.438,0.002,-0.089,1.0,0.814,0.869
4,y2,-0.897,0.061,0.173,0.042,-0.171,-0.397,0.196,0.076,0.138,-0.2,-0.059,0.372,0.402,0.814,1.0,0.811
4,y3,-0.8,0.461,0.475,0.447,0.021,-0.217,0.176,0.155,-0.134,-0.44,-0.149,0.148,0.09,0.869,0.811,1.0
6,.,1.0,0.047,-0.299,0.039,-0.068,-0.074,-0.523,0.268,-0.302,0.136,0.144,-0.127,-0.19,-0.791,-0.779,-0.905
6,A1_1,0.047,1.0,0.649,0.86,-0.307,-0.442,-0.57,0.118,-0.138,-0.171,-0.015,-0.604,-0.276,-0.304,0.103,0.007
6,A1_2,-0.299,0.649,1.0,0.712,-0.285,-0.144,-0.227,-0.475,-0.116,-0.528,0.141,-0.006,0.251,-0.185,0.233,0.352
6,A1_3,0.039,0.86,0.712,1.0,-0.121,-0.154,-0.278,-0.013,-0.041,-0.232,-0.357,-0.663,-0.453,-0.316,0.008,0.039
6,B1_1,-0.068,-0.307,-0.285,-0.121,1.0,0.811,0.557,-0.249,-0.532,-0.296,-0.344,-0.241,-0.332,-0.03,0.425,0.163
6,B1_2,-0.074,-0.442,-0.144,-0.154,0.811,1.0,0.46,-0.365,-0.5,-0.413,-0.24,0.061,-0.111,0.019,0.297,0.332
6,B1_3,-0.523,-0.57,-0.227,-0.278,0.557,0.46,1.0,-0.39,0.313,-0.136,-0.593,0.033,-0.199,0.42,0.425,0.366
6,A2_1,0.268,0.118,-0.475,-0.013,-0.249,-0.365,-0.39,1.0,0.254,0.896,-0.082,-0.373,-0.357,0.276,-0.443,-0.287
6,A2_2,-0.302,-0.138,-0.116,-0.041,-0.532,-0.5,0.313,0.254,1.0,0.476,-0.439,-0.024,-0.177,0.493,-0.191,0.047
6,A2_3,0.136,-0.171,-0.528,-0.232,-0.296,-0.413,-0.136,0.896,0.476,1.0,-0.062,-0.099,-0.156,0.418,-0.51,-0.293
6,B2_1,0.144,-0.015,0.141,-0.357,-0.344,-0.24,-0.593,-0.082,-0.439,-0.062,1.0,0.675,0.857,-0.175,-0.101,-0.097
6,B2_2,-0.127,-0.604,-0.006,-0.663,-0.241,0.061,0.033,-0.373,-0.024,-0.099,0.675,1.0,0.915,0.127,-0.094,0.105
6,B2_3,-0.19,-0.276,0.251,-0.453,-0.332,-0.111,-0.199,-0.357,-0.177,-0.156,0.857,0.915,1.0,0.073,0.023,0.168
6,y1,-0.791,-0.304,-0.185,-0.316,-0.03,0.019,0.42,0.276,0.493,0.418,-0.175,0.127,0.073,1.0,0.422,0.706
6,y2,-0.779,0.103,0.233,0.008,0.425,0.297,0.425,-0.443,-0.191,-0.51,-0.101,-0.094,0.023,0.422,1.0,0.802
6,y3,-0.905,0.007,0.352,0.039,0.163,0.332,0.366,-0.287,0.047,-0.293,-0.097,0.105,0.168,0.706,0.802,1.0
8,.,1.0,0.073,0.025,-0.129,-0.263,-0.065,-0.336,-0.309,-0.062,-0.071,0.222,-0.464,-0.168,-0.564,-0.29,-0.566
8,A1_1,0.073,1.0,0.817,0.88,-0.441,-0.281,-0.526,-0.212,-0.284,-0.063,-0.391,-0.42,-0.26,0.319,0.054,0.2
8,A1_2,0.025,0.817,1.0,0.714,-0.008,0.031,-0.137,-0.32,-0.638,-0.551,-0.3,-0.414,-0.164,0.242,0.368,0.178
8,A1_3,-0.129,0.88,0.714,1.0,-0.202,-0.152,-0.227,-0.191,-0.022,-0.106,-0.592,-0.365,-0.397,0.41,-0.039,0.199
8,B1_1,-0.263,-0.441,-0.008,-0.202,1.0,0.414,0.941,0.205,-0.094,-0.378,-0.368,-0.225,-0.354,-0.012,0.341,0.23
8,B1_2,-0.065,-0.281,0.031,-0.152,0.414,1.0,0.366,-0.541,-0.446,-0.394,-0.169,0.37,-0.191,-0.049,-0.252,0.168
8,B1_3,-0.336,-0.526,-0.137,-0.227,0.941,0.366,1.0,0.093,0.016,-0.418,-0.273,-0.058,-0.224,0.179,0.412,0.232
8,A2_1,-0.309,-0.212,-0.32,-0.191,0.205,-0.541,0.093,1.0,0.517,0.583,-0.092,-0.265,-0.047,-0.278,0.035,0.007
8,A2_2,-0.062,-0.284,-0.638,-0.022,-0.094,-0.446,0.016,0.517,1.0,0.604,-0.053,-0.027,-0.088,-0.18,-0.438,-0.332
8,A2_3,-0.071,-0.063,-0.551,-0.106,-0.378,-0.394,-0.418,0.583,0.604,1.0,-0.181,-0.005,-0.222,-0.132,-0.539,0.139
8,B2_1,0.222,-0.391,-0.3,-0.592,-0.368,-0.169,-0.273,-0.092,-0.053,-0.181,1.0,0.486,0.907,-0.354,0.131,-0.614
8,B2_2,-0.464,-0.42,-0.414,-0.365,-0.225,0.37,-0.058,-0.265,-0.027,-0.005,0.486,1.0,0.643,0.194,-0.127,0.032
8,B2_3,-0.168,-0.26,-0.164,-0.397,-0.354,-0.191,-0.224,-0.047,-0.088,-0.222,0.907,0.643,1.0,-0.061,0.289,-0.393
8,y1,-0.564,0.319,0.242,0.41,-0.012,-0.049,0.179,-0.278,-0.18,-0.132,-0.354,0.194,-0.061,1.0,0.484,0.748
8,y2,-0.29,0.054,0.368,-0.039,0.341,-0.252,0.412,0.035,-0.438,-0.539,0.131,-0.127,0.289,0.484,1.0,0.322
8,y3,-0.566,0.2,0.178,0.199,0.23,0.168,0.232,0.007,-0.332,0.139,-0.614,0.032,-0.393,0.748,0.322,1.0
10,.,1.0,0.141,-0.197,-0.145,-0.437,-0.228,-0.729,0.142,0.247,0.005,-0.301,-0.271,-0.421,-0.298,-0.674,-0.123
10,A1_1,0.141,1.0,0.795,0.808,-0.282,-0.203,-0.048,0.388,-0.283,-0.294,-0.532,-0.381,0.004,0.322,0.116,0.072
10,A1_2,-0.197,0.795,1.0,0.715,-0.095,0.079,0.173,0.012,-0.124,-0.24,-0.083,-0.278,-0.03,0.125,0.233,-0.17
10,A1_3,-0.145,0.808,0.715,1.0,-0.163,0.104,0.353,0.25,-0.515,-0.3,-0.414,0.056,0.23,0.261,0.28,-0.032
10,B1_1,-0.437,-0.282,-0.095,-0.163,1.0,0.354,0.738,-0.239,-0.053,-0.282,-0.175,-0.353,-0.432,-0.214,-0.046,0.172
10,B1_2,-0.228,-0.203,0.079,0.104,0.354,1.0,0.357,-0.793,-0.476,-0.685,0.145,0.434,-0.167,-0.008,0.109,0.203
10,B1_3,-0.729,-0.048,0.173,0.353,0.738,0.357,1.0,-0.143,-0.378,-0.216,-0.051,0.053,0.118,-0.113,0.223,-0.064
10,A2_1,0.142,0.388,0.012,0.25,-0.239,-0.793,-0.143,1.0,0.315,0.559,-0.585,-0.35,0.018,0.346,0.231,0.163
10,A2_2,0.247,-0.283,-0.124,-0.515,-0.053,-0.476,-0.378,0.315,1.0,0.771,0.159,-0.403,-0.474,-0.275,-0.107,-0.246
10,A2_3,0.005,-0.294,-0.24,-0.3,-0.282,-0.685,-0.216,0.559,0.771,1.0,0.25,-0.017,0.114,-0.137,0.112,-0.357
10,B2_1,-0.301,-0.532,-0.083,-0.414,-0.175,0.145,-0.051,-0.585,0.159,0.25,1.0,0.466,0.429,-0.37,-0.043,-0.548
10,B2_2,-0.271,-0.381,-0.278,0.056,-0.353,0.434,0.053,-0.35,-0.403,-0.017,0.466,1.0,0.632,0.193,0.356,0.001
10,B2_3,-0.421,0.004,-0.03,0.23,-0.432,-0.167,0.118,0.018,-0.474,0.114,0.429,0.632,1.0,0.211,0.293,-0.203
10,y1,-0.298,0.322,0.125,0.261,-0.214,-0.008,-0.113,0.346,-0.275,-0.137,-0.37,0.193,0.211,1.0,0.821,0.825
10,y2,-0.674,0.116,0.233,0.28,-0.046,0.109,0.223,0.231,-0.107,0.112,-0.043,0.356,0.293,0.821,1.0,0.544
10,y3,-0.123,0.072,-0.17,-0.032,0.172,0.203,-0.064,0.163,-0.246,-0.357,-0.548,0.001,-0.203,0.825,0.544,1.0
12,.,1.0,0.024,-0.264,-0.363,0.059,-0.117,0.123,-0.175,-0.146,0.187,0.092,-0.502,-0.076,-0.513,-0.914,-0.827
12,A1_1,0.024,1.0,0.629,0.755,-0.274,-0.604,-0.596,0.019,-0.048,0.163,-0.223,-0.408,-0.395,0.295,-0.054,0.176
12,A1_2,-0.264,0.629,1.0,0.717,-0.043,0.055,-0.022,-0.278,-0.33,-0.374,-0.286,-0.153,-0.167,0.031,0.207,0.482
12,A1_3,-0.363,0.755,0.717,1.0,-0.233,-0.284,-0.531,0.051,-0.36,-0.303,-0.193,0.027,-0.018,0.218,0.163,0.36
12,B1_1,0.059,-0.274,-0.043,-0.233,1.0,0.664,0.649,-0.117,-0.286,-0.082,-0.102,-0.209,-0.201,-0.006,-0.147,-0.172
12,B1_2,-0.117,-0.604,0.055,-0.284,0.664,1.0,0.665,-0.544,-0.551,-0.665,0.023,0.281,0.266,-0.095,0.125,0.075
12,B1_3,0.123,-0.596,-0.022,-0.531,0.649,0.665,1.0,-0.005,-0.025,-0.057,-0.139,-0.186,-0.096,-0.552,-0.169,-0.131
12,A2_1,-0.175,0.019,-0.278,0.051,-0.117,-0.544,-0.005,1.0,0.559,0.634,-0.241,-0.239,-0.304,-0.254,-0.08,-0.034
12,A2_2,-0.146,-0.048,-0.33,-0.36,-0.286,-0.551,-0.025,0.559,1.0,0.863,0.239,-0.009,-0.142,0.132,0.258,0.021
12,A2_3,0.187,0.163,-0.374,-0.303,-0.082,-0.665,-0.057,0.634,0.863,1.0,0.098,-0.381,-0.391,0.047,-0.139,-0.267
12,B2_1,0.092,-0.223,-0.286,-0.193,-0.102,0.023,-0.139,-0.241,0.239,0.098,1.0,0.686,0.815,0.217,0.071,-0.469
12,B2_2,-0.502,-0.408,-0.153,0.027,-0.209,0.281,-0.186,-0.239,-0.009,-0.381,0.686,1.0,0.876,0.341,0.562,0.134
12,B2_3,-0.076,-0.395,-0.167,-0.018,-0.201,0.266,-0.096,-0.304,-0.142,-0.391,0.815,0.876,1.0,-0.0,0.123,-0.286
12,y1,-0.513,0.295,0.031,0.218,-0.006,-0.095,-0.552,-0.254,0.132,0.047,0.217,0.341,-0.0,1.0,0.672,0.444
12,y2,-0.914,-0.054,0.207,0.163,-0.147,0.125,-0.169,-0.08,0.258,-0.139,0.071,0.562,0.123,0.672,1.0,0.826
12,y3,-0.827,0.176,0.482,0.36,-0.172,0.075,-0.131,-0.034,0.021,-0.267,-0.469,0.134,-0.286,0.444,0.826,1.0
14,.,1.0,-0.402,-0.232,-0.467,-0.107,-0.336,-0.209,-0.003,0.084,-0.3,-0.207,-0.265,-0.097,-0.793,-0.53,-0.77
14,A1_1,-0.402,1.0,0.434,0.862,-0.468,-0.556,-0.489,0.121,0.213,0.349,0.176,-0.134,-0.233,0.107,-0.118,0.256
14,A1_2,-0.232,0.434,1.0,0.76,0.128,0.048,0.077,-0.394,-0.701,-0.517,-0.144,-0.203,0.043,0.11,-0.004,-0.009
14,A1_3,-0.467,0.862,0.76,1.0,-0.306,-0.379,-0.273,0.052,-0.193,0.042,-0.076,-0.156,-0.204,0.278,0.139,0.356
14,B1_1,-0.107,-0.468,0.128,-0.306,1.0,0.736,0.892,-0.22,-0.289,-0.158,-0.338,-0.408,-0.191,-0.005,-0.12,-0.201
14,B1_2,-0.336,-0.556,0.048,-0.379,0.736,1.0,0.772,-0.564,-0.407,-0.416,0.029,0.102,0.395,0.347,0.264,0.154
14,B1_3,-0.209,-0.489,0.077,-0.273,0.892,0.772,1.0,-0.094,-0.191,-0.188,-0.337,-0.293,-0.116,0.061,0.077,0.031
14,A2_1,-0.003,0.121,-0.394,0.052,-0.22,-0.564,-0.094,1.0,0.552,0.745,-0.308,-0.111,-0.638,-0.048,0.103,0.188
14,A2_2,0.084,0.213,-0.701,-0.193,-0.289,-0.407,-0.191,0.552,1.0,0.743,-0.005,-0.226,-0.45,-0.205,-0.167,0.13
14,A2_3,-0.3,0.349,-0.517,0.042,-0.158,-0.416,-0.188,0.745,0.743,1.0,-0.005,-0.093,-0.567,0.141,0.005,0.286
14,B2_1,-0.207,0.176,-0.144,-0.076,-0.338,0.029,-0.337,-0.308,-0.005,-0.005,1.0,0.769,0.751,-0.076,-0.274,-0.113
14,B2_2,-0.265,-0.134,-0.203,-0.156,-0.408,0.102,-0.293,-0.111,-0.226,-0.093,0.769,1.0,0.809,0.272,0.263,0.195
14,B2_3,-0.097,-0.233,0.043,-0.204,-0.191,0.395,-0.116,-0.638,-0.45,-0.567,0.751,0.809,1.0,0.108,0.083,-0.024
14,y1,-0.793,0.107,0.11,0.278,-0.005,0.347,0.061,-0.048,-0.205,0.141,-0.076,0.272,0.108,1.0,0.884,0.884
14,y2,-0.53,-0.118,-0.004,0.139,-0.12,0.264,0.077,0.103,-0.167,0.005,-0.274,0.263,0.083,0.884,1.0,0.874
14,y3,-0.77,0.256,-0.009,0.356,-0.201,0.154,0.031,0.188,0.13,0.286,-0.113,0.195,-0.024,0.884,0.874,1.0
16,.,1.0,-0.327,-0.364,-0.239,-0.251,-0.303,-0.192,0.051,0.058,-0.136,-0.113,-0.148,0.221,-0.235,-0.855,-0.839
16,A1_1,-0.327,1.0,0.688,0.866,-0.244,-0.305,-0.388,-0.038,-0.327,-0.174,-0.488,-0.404,-0.397,0.037,0.491,0.319
16,A1_2,-0.364,0.688,1.0,0.787,0.142,0.123,-0.001,-0.17,-0.724,-0.369,-0.191,-0.117,-0.102,-0.448,0.481,0.339
16,A1_3,-0.239,0.866,0.787,1.0,-0.067,-0.321,-0.222,0.21,-0.338,0.021,-0.3,-0.356,-0.343,-0.295,0.243,0.049
16,B1_1,-0.251,-0.244,0.142,-0.067,1.0,0.62,0.891,-0.112,-0.126,0.184,-0.273,-0.419,-0.443,-0.168,-0.034,-0.075
16,B1_2,-0.303,-0.305,0.123,-0.321,0.62,1.0,0.83,-0.71,-0.543,-0.433,0.125,0.114,0.06,-0.129,0.33,0.246
16,B1_3,-0.192,-0.388,-0.001,-0.222,0.891,0.83,1.0,-0.323,-0.237,0.022,-0.018,-0.201,-0.243,-0.199,-0.029,-0.123
16,A2_1,0.051,-0.038,-0.17,0.21,-0.112,-0.71,-0.323,1.0,0.73,0.882,0.066,-0.084,-0.274,-0.197,-0.428,-0.271
16,A2_2,0.058,-0.327,-0.724,-0.338,-0.126,-0.543,-0.237,0.73,1.0,0.844,0.013,-0.082,-0.271,0.357,-0.381,-0.176
16,A2_3,-0.136,-0.174,-0.369,0.021,0.184,-0.433,0.022,0.882,0.844,1.0,-0.003,-0.215,-0.479,0.012,-0.348,-0.213
16,B2_1,-0.113,-0.488,-0.191,-0.3,-0.273,0.125,-0.018,0.066,0.013,-0.003,1.0,0.929,0.777,-0.101,0.063,0.104
16,B2_2,-0.148,-0.404,-0.117,-0.356,-0.419,0.114,-0.201,-0.084,-0.082,-0.215,0.929,1.0,0.86,-0.02,0.238,0.331
16,B2_3,0.221,-0.397,-0.102,-0.343,-0.443,0.06,-0.243,-0.274,-0.271,-0.479,0.777,0.86,1.0,0.029,0.018,0.035
16,y1,-0.235,0.037,-0.448,-0.295,-0.168,-0.129,-0.199,-0.197,0.357,0.012,-0.101,-0.02,0.029,1.0,0.318,0.303
16,y2,-0.855,0.491,0.481,0.243,-0.034,0.33,-0.029,-0.428,-0.381,-0.348,0.063,0.238,0.018,0.318,1.0,0.935
16,y3,-0.839,0.319,0.339,0.049,-0.075,0.246,-0.123,-0.271,-0.176,-0.213,0.104,0.331,0.035,0.303,0.935,1.0
18,.,1.0,0.095,-0.468,-0.071,-0.345,-0.401,-0.045,-0.075,-0.155,0.156,-0.089,-0.42,-0.381,-0.455,-0.615,-0.325
18,A1_1,0.095,1.0,0.346,0.895,-0.335,-0.451,-0.478,0.42,-0.242,-0.092,-0.108,-0.266,-0.318,-0.09,0.036,0.426
18,A1_2,-0.468,0.346,1.0,0.63,0.533,0.275,-0.028,-0.306,-0.597,-0.603,-0.088,-0.033,0.006,-0.081,-0.067,-0.115
18,A1_3,-0.071,0.895,0.63,1.0,0.037,-0.28,-0.482,0.375,-0.28,-0.088,-0.178,-0.291,-0.429,-0.236,-0.104,0.145
18,B1_1,-0.345,-0.335,0.533,0.037,1.0,0.621,0.548,-0.267,-0.054,-0.135,-0.223,-0.367,-0.169,-0.034,-0.236,-0.536
18,B1_2,-0.401,-0.451,0.275,-0.28,0.621,1.0,0.603,-0.33,-0.246,-0.415,0.116,0.002,0.387,0.104,0.178,-0.339
18,B1_3,-0.045,-0.478,-0.028,-0.482,0.548,0.603,1.0,-0.512,-0.03,-0.308,-0.203,-0.436,0.126,0.436,0.055,-0.116
18,A2_1,-0.075,0.42,-0.306,0.375,-0.267,-0.33,-0.512,1.0,0.662,0.767,-0.057,-0.101,-0.395,-0.046,0.232,0.289
18,A2_2,-0.155,-0.242,-0.597,-0.28,-0.054,-0.246,-0.03,0.662,1.0,0.888,-0.208,-0.074,-0.305,0.323,0.3,0.252
18,A2_3,0.156,-0.092,-0.603,-0.088,-0.135,-0.415,-0.308,0.767,0.888,1.0,-0.204,-0.154,-0.528,-0.063,-0.012,0.005
18,B2_1,-0.089,-0.108,-0.088,-0.178,-0.223,0.116,-0.203,-0.057,-0.208,-0.204,1.0,0.674,0.786,-0.492,-0.248,-0.236
18,B2_2,-0.42,-0.266,-0.033,-0.291,-0.367,0.002,-0.436,-0.101,-0.074,-0.154,0.674,1.0,0.759,-0.103,0.224,0.087
18,B2_3,-0.381,-0.318,0.006,-0.429,-0.169,0.387,0.126,-0.395,-0.305,-0.528,0.786,0.759,1.0,0.037,0.206,0.06
18,y1,-0.455,-0.09,-0.081,-0.236,-0.034,0.104,0.436,-0.046,0.323,-0.063,-0.492,-0.103,0.037,1.0,0.833,0.764
18,y2,-0.615,0.036,-0.067,-0.104,-0.236,0.178,0.055,0.232,0.3,-0.012,-0.248,0.224,0.206,0.833,1.0,0.8
18,y3,-0.325,0.426,-0.115,0.145,-0.536,-0.339,-0.116,0.289,0.252,0.005,-0.236,0.087,0.06,0.764,0.8,1.0
20,.,1.0,-0.105,-0.035,-0.06,0.267,-0.016,0.097,-0.074,-0.333,-0.474,0.057,-0.497,-0.246,-0.784,-0.813,-0.71
20,A1_1,-0.105,1.0,0.623,0.652,-0.083,-0.388,-0.666,0.463,-0.272,-0.102,0.139,-0.071,-0.059,0.177,-0.003,0.296
20,A1_2,-0.035,0.623,1.0,0.769,0.229,0.05,0.018,-0.304,-0.634,-0.579,0.118,-0.156,0.063,0.416,0.346,0.171
20,A1_3,-0.06,0.652,0.769,1.0,0.097,-0.293,-0.05,0.114,-0.26,-0.102,0.057,-0.426,-0.273,0.508,0.223,-0.165
20,B1_1,0.267,-0.083,0.229,0.097,1.0,0.639,0.55,0.0,-0.036,-0.12,0.042,-0.616,-0.16,-0.106,0.015,-0.176
20,B1_2,-0.016,-0.388,0.05,-0.293,0.639,1.0,0.647,-0.302,-0.336,-0.342,-0.084,-0.016,0.217,0.129,0.235,0.069
20,B1_3,0.097,-0.666,0.018,-0.05,0.55,0.647,1.0,-0.528,-0.036,-0.15,-0.365,-0.413,-0.257,0.227,0.348,-0.282
20,A2_1,-0.074,0.463,-0.304,0.114,0.0,-0.302,-0.528,1.0,0.44,0.626,-0.012,-0.241,-0.318,-0.103,-0.313,-0.027
20,A2_2,-0.333,-0.272,-0.634,-0.26,-0.036,-0.336,-0.036,0.44,1.0,0.936,-0.134,-0.137,-0.309,-0.031,0.102,0.08
20,A2_3,-0.474,-0.102,-0.579,-0.102,-0.12,-0.342,-0.15,0.626,0.936,1.0,-0.095,-0.079,-0.273,0.163,0.142,0.085
20,B2_1,0.057,0.139,0.118,0.057,0.042,-0.084,-0.365,-0.012,-0.134,-0.095,1.0,0.363,0.775,-0.215,-0.339,-0.195
20,B2_2,-0.497,-0.071,-0.156,-0.426,-0.616,-0.016,-0.413,-0.241,-0.137,-0.079,0.363,1.0,0.802,0.137,0.179,0.508
20,B2_3,-0.246,-0.059,0.063,-0.273,-0.16,0.217,-0.257,-0.318,-0.309,-0.273,0.775,0.802,1.0,-0.003,0.0,0.223
20,y1,-0.784,0.177,0.416,0.508,-0.106,0.129,0.227,-0.103,-0.031,0.163,-0.215,0.137,-0.003,1.0,0.866,0.38
20,y2,-0.813,-0.003,0.346,0.223,0.015,0.235,0.348,-0.313,0.102,0.142,-0.339,0.179,0.0,0.866,1.0,0.641
20,y3,-0.71,0.296,0.171,-0.165,-0.176,0.069,-0.282,-0.027,0.08,0.085,-0.195,0.508,0.223,0.38,0.641,1.0
22,.,1.0,-0.033,-0.137,-0.305,-0.448,-0.224,-0.214,-0.04,-0.426,0.017,-0.322,-0.128,-0.463,-0.695,-0.527,-0.379
22,A1_1,-0.033,1.0,0.427,0.332,0.038,-0.424,-0.234,0.507,-0.063,-0.036,-0.191,-0.522,-0.595,0.348,0.146,-0.158
22,A1_2,-0.137,0.427,1.0,0.629,0.009,-0.263,-0.018,-0.305,-0.373,-0.763,-0.188,-0.02,-0.069,0.601,0.704,0.398
22,A1_3,-0.305,0.332,0.629,1.0,0.11,-0.254,-0.061,0.204,-0.065,-0.349,-0.02,-0.127,-0.015,0.368,0.441,0.097
22,B1_1,-0.448,0.038,0.009,0.11,1.0,0.388,0.866,0.099,0.211,-0.153,-0.282,-0.534,-0.039,0.198,0.006,-0.265
22,B1_2,-0.224,-0.424,-0.263,-0.254,0.388,1.0,0.437,-0.555,-0.443,-0.326,0.209,0.38,0.322,-0.167,-0.062,-0.101
22,B1_3,-0.214,-0.234,-0.018,-0.061,0.866,0.437,1.0,-0.147,0.086,-0.182,-0.572,-0.463,-0.153,0.165,0.113,-0.017
22,A2_1,-0.04,0.507,-0.305,0.204,0.099,-0.555,-0.147,1.0,0.626,0.724,-0.138,-0.667,-0.452,-0.047,-0.327,-0.39
22,A2_2,-0.426,-0.063,-0.373,-0.065,0.211,-0.443,0.086,0.626,1.0,0.729,0.019,-0.339,0.118,0.218,-0.068,0.07
22,A2_3,0.017,-0.036,-0.763,-0.349,-0.153,-0.326,-0.182,0.724,0.729,1.0,-0.007,-0.268,-0.196,-0.209,-0.417,-0.144
22,B2_1,-0.322,-0.191,-0.188,-0.02,-0.282,0.209,-0.572,-0.138,0.019,-0.007,1.0,0.703,0.799,-0.2,-0.214,-0.159
22,B2_2,-0.128,-0.522,-0.02,-0.127,-0.534,0.38,-0.463,-0.667,-0.339,-0.268,0.703,1.0,0.741,-0.075,0.164,0.357
22,B2_3,-0.463,-0.595,-0.069,-0.015,-0.039,0.322,-0.153,-0.452,0.118,-0.196,0.799,0.741,1.0,-0.022,0.039,0.137
22,y1,-0.695,0.348,0.601,0.368,0.198,-0.167,0.165,-0.047,0.218,-0.209,-0.2,-0.075,-0.022,1.0,0.91,0.75
22,y2,-0.527,0.146,0.704,0.441,0.006,-0.062,0.113,-0.327,-0.068,-0.417,-0.214,0.164,0.039,0.91,1.0,0.877
22,y3,-0.379,-0.158,0.398,0.097,-0.265,-0.101,-0.017,-0.39,0.07,-0.144,-0.159,0.357,0.137,0.75,0.877,1.0
24,.,1.0,0.069,-0.161,-0.158,0.214,-0.128,0.068,-0.12,-0.173,-0.311,-0.296,-0.337,-0.474,-0.592,-0.811,-0.598
24,A1_1,0.069,1.0,0.64,0.865,-0.062,-0.295,-0.172,0.505,-0.141,-0.116,-0.026,-0.124,-0.4,0.099,0.099,0.465
24,A1_2,-0.161,0.64,1.0,0.843,-0.111,-0.083,-0.043,-0.123,-0.54,-0.505,-0.0,0.059,-0.056,0.688,0.357,0.551
24,A1_3,-0.158,0.865,0.843,1.0,-0.241,-0.306,-0.15,0.42,-0.104,-0.095,-0.055,-0.131,-0.359,0.452,0.405,0.486
24,B1_1,0.214,-0.062,-0.111,-0.241,1.0,0.593,0.57,-0.198,-0.138,-0.036,-0.144,-0.082,-0.15,-0.279,-0.382,-0.386
24,B1_2,-0.128,-0.295,-0.083,-0.306,0.593,1.0,0.795,-0.284,-0.378,0.182,-0.144,0.423,0.16,0.169,-0.343,-0.204
24,B1_3,0.068,-0.172,-0.043,-0.15,0.57,0.795,1.0,-0.157,-0.177,0.25,-0.703,-0.186,-0.39,0.226,-0.252,-0.271
24,A2_1,-0.12,0.505,-0.123,0.42,-0.198,-0.284,-0.157,1.0,0.69,0.741,-0.01,-0.191,-0.478,-0.3,0.14,-0.026
24,A2_2,-0.173,-0.141,-0.54,-0.104,-0.138,-0.378,-0.177,0.69,1.0,0.763,-0.064,-0.438,-0.345,-0.397,0.297,-0.324
24,A2_3,-0.311,-0.116,-0.505,-0.095,-0.036,0.182,0.25,0.741,0.763,1.0,-0.15,-0.079,-0.294,-0.215,0.108,-0.286
24,B2_1,-0.296,-0.026,-0.0,-0.055,-0.144,-0.144,-0.703,-0.01,-0.064,-0.15,1.0,0.742,0.773,-0.194,0.073,0.162
24,B2_2,-0.337,-0.124,0.059,-0.131,-0.082,0.423,-0.186,-0.191,-0.438,-0.079,0.742,1.0,0.805,0.1,-0.144,0.197
24,B2_3,-0.474,-0.4,-0.056,-0.359,-0.15,0.16,-0.39,-0.478,-0.345,-0.294,0.773,0.805,1.0,0.164,0.152,0.329
24,y1,-0.592,0.099,0.688,0.452,-0.279,0.169,0.226,-0.3,-0.397,-0.215,-0.194,0.1,0.164,1.0,0.642,0.636
24,y2,-0.811,0.099,0.357,0.405,-0.382,-0.343,-0.252,0.14,0.297,0.108,0.073,-0.144,0.152,0.642,1.0,0.624
24,y3,-0.598,0.465,0.551,0.486,-0.386,-0.204,-0.271,-0.026,-0.324,-0.286,0.162,0.197,0.329,0.636,0.624,1.0
26,.,1.0,0.167,-0.308,-0.356,-0.133,-0.254,-0.117,-0.103,-0.135,-0.207,-0.208,-0.102,-0.253,-0.58,-0.631,-0.678
26,A1_1,0.167,1.0,0.614,0.653,0.023,-0.262,-0.091,0.276,-0.188,-0.278,-0.434,-0.239,-0.515,-0.22,-0.352,-0.137
26,A1_2,-0.308,0.614,1.0,0.742,-0.187,0.131,0.186,-0.325,-0.422,-0.518,-0.128,0.196,-0.085,-0.168,-0.027,0.294
26,A1_3,-0.356,0.653,0.742,1.0,-0.224,-0.441,-0.201,0.25,0.179,-0.176,-0.058,-0.239,-0.213,0.078,0.054,0.031
26,B1_1,-0.133,0.023,-0.187,-0.224,1.0,0.484,0.577,0.178,0.1,0.172,-0.348,-0.359,-0.336,-0.01,-0.159,-0.035
26,B1_2,-0.254,-0.262,0.131,-0.441,0.484,1.0,0.839,-0.517,-0.484,-0.066,-0.283,0.293,-0.037,-0.098,0.074,0.509
26,B1_3,-0.117,-0.091,0.186,-0.201,0.577,0.839,1.0,-0.355,-0.206,-0.008,-0.601,-0.147,-0.464,-0.205,-0.06,0.287
26,A2_1,-0.103,0.276,-0.325,0.25,0.178,-0.517,-0.355,1.0,0.749,0.727,-0.128,-0.484,-0.388,0.206,-0.083,-0.276
26,A2_2,-0.135,-0.188,-0.422,0.179,0.1,-0.484,-0.206,0.749,1.0,0.778,0.12,-0.429,-0.196,0.054,-0.097,-0.443
26,A2_3,-0.207,-0.278,-0.518,-0.176,0.172,-0.066,-0.008,0.727,0.778,1.0,0.003,-0.135,-0.199,0.04,-0.08,-0.156
26,B2_1,-0.208,-0.434,-0.128,-0.058,-0.348,-0.283,-0.601,-0.128,0.12,0.003,1.0,0.645,0.928,-0.017,0.018,-0.184
26,B2_2,-0.102,-0.239,0.196,-0.239,-0.359,0.293,-0.147,-0.484,-0.429,-0.135,0.645,1.0,0.739,-0.343,-0.167,0.103
26,B2_3,-0.253,-0.515,-0.085,-0.213,-0.336,-0.037,-0.464,-0.388,-0.196,-0.199,0.928,0.739,1.0,0.113,0.21,0.096
26,y1,-0.58,-0.22,-0.168,0.078,-0.01,-0.098,-0.205,0.206,0.054,0.04,-0.017,-0.343,0.113,1.0,0.935,0.677
26,y2,-0.631,-0.352,-0.027,0.054,-0.159,0.074,-0.06,-0.083,-0.097,-0.08,0.018,-0.167,0.21,0.935,1.0,0.815
26,y3,-0.678,-0.137,0.294,0.031,-0.035,0.509,0.287,-0.276,-0.443,-0.156,-0.184,0.103,0.096,0.677,0.815,1.0
28,.,1.0,0.027,-0.186,-0.324,-0.001,-0.057,-0.235,-0.158,-0.234,-0.024,-0.224,0.013,-0.252,-0.599,-0.706,-0.652
28,A1_1,0.027,1.0,0.81,0.739,0.311,-0.274,0.111,0.036,-0.287,-0.238,-0.19,-0.054,-0.405,-0.232,0.133,0.26
28,A1_2,-0.186,0.81,1.0,0.833,0.113,-0.135,0.22,-0.283,-0.561,-0.712,-0.204,-0.072,-0.15,0.227,0.528,0.592
28,A1_3,-0.324,0.739,0.833,1.0,-0.241,-0.588,-0.201,0.137,-0.208,-0.426,-0.1,-0.272,-0.063,0.348,0.711,0.632
28,B1_1,-0.001,0.311,0.113,-0.241,1.0,0.691,0.755,-0.018,-0.162,0.108,0.028,0.227,-0.337,-0.429,-0.449,-0.38
28,B1_2,-0.057,-0.274,-0.135,-0.588,0.691,1.0,0.693,-0.435,-0.396,-0.144,0.171,0.524,0.1,-0.211,-0.378,-0.262
28,B1_3,-0.235,0.111,0.22,-0.201,0.755,0.693,1.0,-0.266,-0.101,-0.154,-0.348,-0.089,-0.413,0.136,-0.041,0.062
28,A2_1,-0.158,0.036,-0.283,0.137,-0.018,-0.435,-0.266,1.0,0.558,0.661,-0.073,-0.465,-0.331,-0.006,0.029,-0.303
28,A2_2,-0.234,-0.287,-0.561,-0.208,-0.162,-0.396,-0.101,0.558,1.0,0.789,-0.085,-0.481,-0.188,0.165,0.001,-0.066
28,A2_3,-0.024,-0.238,-0.712,-0.426,0.108,-0.144,-0.154,0.661,0.789,1.0,0.048,-0.08,-0.257,-0.37,-0.446,-0.43
28,B2_1,-0.224,-0.19,-0.204,-0.1,0.028,0.171,-0.348,-0.073,-0.085,0.048,1.0,0.669,0.86,-0.225,-0.07,-0.14
28,B2_2,0.013,-0.054,-0.072,-0.272,0.227,0.524,-0.089,-0.465,-0.481,-0.08,0.669,1.0,0.555,-0.56,-0.375,-0.095
28,B2_3,-0.252,-0.405,-0.15,-0.063,-0.337,0.1,-0.413,-0.331,-0.188,-0.257,0.86,0.555,1.0,0.135,0.205,0.132
28,y1,-0.599,-0.232,0.227,0.348,-0.429,-0.211,0.136,-0.006,0.165,-0.37,-0.225,-0.56,0.135,1.0,0.876,0.647
28,y2,-0.706,0.133,0.528,0.711,-0.449,-0.378,-0.041,0.029,0.001,-0.446,-0.07,-0.375,0.205,0.876,1.0,0.835
28,y3,-0.652,0.26,0.592,0.632,-0.38,-0.262,0.062,-0.303,-0.066,-0.43,-0.14,-0.095,0.132,0.647,0.835,1.0
30,.,1.0,-0.203,-0.451,-0.113,-0.19,-0.432,-0.393,0.189,-0.07,0.225,0.077,-0.163,-0.157,-0.804,-0.772,-0.698
30,A1_1,-0.203,1.0,0.84,0.802,0.144,-0.456,-0.192,0.31,0.097,0.048,-0.336,-0.717,-0.747,-0.142,0.276,0.16
30,A1_2,-0.451,0.84,1.0,0.916,0.136,-0.252,-0.15,-0.001,-0.322,-0.426,-0.109,-0.379,-0.401,0.163,0.505,0.364
30,A1_3,-0.113,0.802,0.916,1.0,0.002,-0.498,-0.463,0.158,-0.446,-0.373,0.043,-0.352,-0.36,-0.128,0.302,0.114
30,B1_1,-0.19,0.144,0.136,0.002,1.0,0.596,0.539,-0.493,0.008,0.017,-0.051,0.171,-0.193,-0.228,-0.306,-0.452
30,B1_2,-0.432,-0.456,-0.252,-0.498,0.596,1.0,0.848,-0.611,-0.111,-0.246,-0.181,0.498,0.267,0.262,-0.124,-0.006
30,B1_3,-0.393,-0.192,-0.15,-0.463,0.539,0.848,1.0,-0.61,0.109,-0.183,-0.57,0.009,-0.134,0.267,-0.069,0.173
30,A2_1,0.189,0.31,-0.001,0.158,-0.493,-0.611,-0.61,1.0,0.428,0.636,-0.048,-0.339,-0.28,-0.29,-0.035,-0.067
30,A2_2,-0.07,0.097,-0.322,-0.446,0.008,-0.111,0.109,0.428,1.0,0.872,-0.179,-0.338,-0.317,0.056,0.008,0.019
30,A2_3,0.225,0.048,-0.426,-0.373,0.017,-0.246,-0.183,0.636,0.872,1.0,-0.0,-0.19,-0.239,-0.318,-0.27,-0.359
30,B2_1,0.077,-0.336,-0.109,0.043,-0.051,-0.181,-0.57,-0.048,-0.179,-0.0,1.0,0.681,0.682,0.095,0.094,-0.25
30,B2_2,-0.163,-0.717,-0.379,-0.352,0.171,0.498,0.009,-0.339,-0.338,-0.19,0.681,1.0,0.902,0.227,-0.007,-0.189
30,B2_3,-0.157,-0.747,-0.401,-0.36,-0.193,0.267,-0.134,-0.28,-0.317,-0.239,0.682,0.902,1.0,0.431,0.241,0.093
30,y1,-0.804,-0.142,0.163,-0.128,-0.228,0.262,0.267,-0.29,0.056,-0.318,0.095,0.227,0.431,1.0,0.856,0.87
30,y2,-0.772,0.276,0.505,0.302,-0.306,-0.124,-0.069,-0.035,0.008,-0.27,0.094,-0.007,0.241,0.856,1.0,0.879
30,y3,-0.698,0.16,0.364,0.114,-0.452,-0.006,0.173,-0.067,0.019,-0.359,-0.25,-0.189,0.093,0.87,0.879,1.0
32,.,1.0,-0.142,-0.462,-0.243,-0.111,-0.349,-0.308,-0.169,-0.347,0.006,0.037,-0.055,0.164,-0.696,-0.748,-0.726
32,A1_1,-0.142,1.0,0.798,0.734,0.075,-0.452,-0.043,0.287,-0.041,-0.169,0.013,-0.527,-0.112,-0.156,-0.03,-0.129
32,A1_2,-0.462,0.798,1.0,0.759,0.188,0.103,0.11,-0.073,-0.311,-0.53,0.126,-0.104,-0.004,0.151,0.148,0.218
32,A1_3,-0.243,0.734,0.759,1.0,-0.152,-0.077,-0.037,-0.176,-0.372,-0.373,-0.187,-0.323,-0.385,0.052,0.188,-0.021
32,B1_1,-0.111,0.075,0.188,-0.152,1.0,0.456,0.899,-0.048,0.15,-0.103,-0.391,0.069,-0.169,-0.334,-0.172,-0.026
32,B1_2,-0.349,-0.452,0.103,-0.077,0.456,1.0,0.555,-0.684,-0.302,-0.427,-0.162,0.669,0.006,0.184,0.077,0.282
32,B1_3,-0.308,-0.043,0.11,-0.037,0.899,0.555,1.0,-0.116,0.211,-0.064,-0.673,-0.037,-0.502,-0.1,0.145,0.16
32,A2_1,-0.169,0.287,-0.073,-0.176,-0.048,-0.684,-0.116,1.0,0.757,0.701,0.204,-0.427,-0.004,0.009,0.248,0.082
32,A2_2,-0.347,-0.041,-0.311,-0.372,0.15,-0.302,0.211,0.757,1.0,0.862,-0.097,-0.197,-0.067,0.0,0.227,0.036
32,A2_3,0.006,-0.169,-0.53,-0.373,-0.103,-0.427,-0.064,0.701,0.862,1.0,0.047,-0.061,0.032,-0.267,-0.024,-0.304
32,B2_1,0.037,0.013,0.126,-0.187,-0.391,-0.162,-0.673,0.204,-0.097,0.047,1.0,0.515,0.881,0.027,-0.247,-0.035
32,B2_2,-0.055,-0.527,-0.104,-0.323,0.069,0.669,-0.037,-0.427,-0.197,-0.061,0.515,1.0,0.649,-0.089,-0.323,-0.094
32,B2_3,0.164,-0.112,-0.004,-0.385,-0.169,0.006,-0.502,-0.004,-0.067,0.032,0.881,0.649,1.0,-0.181,-0.536,-0.238
32,y1,-0.696,-0.156,0.151,0.052,-0.334,0.184,-0.1,0.009,0.0,-0.267,0.027,-0.089,-0.181,1.0,0.871,0.935
32,y2,-0.748,-0.03,0.148,0.188,-0.172,0.077,0.145,0.248,0.227,-0.024,-0.247,-0.323,-0.536,0.871,1.0,0.877
32,y3,-0.726,-0.129,0.218,-0.021,-0.026,0.282,0.16,0.082,0.036,-0.304,-0.035,-0.094,-0.238,0.935,0.877,1.0
34,.,1.0,0.009,-0.389,0.034,-0.13,-0.321,-0.316,-0.172,-0.143,0.141,-0.334,-0.547,-0.502,-0.572,-0.676,-0.54
34,A1_1,0.009,1.0,0.675,0.921,-0.004,-0.297,-0.476,0.327,-0.092,-0.204,-0.123,-0.467,-0.484,0.105,0.112,0.112
34,A1_2,-0.389,0.675,1.0,0.817,0.119,0.234,-0.13,-0.031,-0.205,-0.674,0.278,0.188,0.022,0.202,0.527,0.377
34,A1_3,0.034,0.921,0.817,1.0,0.2,-0.053,-0.315,0.149,-0.166,-0.439,-0.097,-0.34,-0.407,0.074,0.157,0.114
34,B1_1,-0.13,-0.004,0.119,0.2,1.0,0.549,0.676,0.261,0.409,0.141,-0.363,-0.12,-0.282,-0.015,-0.1,-0.212
34,B1_2,-0.321,-0.297,0.234,-0.053,0.549,1.0,0.787,-0.459,-0.243,-0.324,-0.085,0.421,0.165,-0.099,0.035,-0.246
34,B1_3,-0.316,-0.476,-0.13,-0.315,0.676,0.787,1.0,-0.244,0.097,-0.007,-0.417,0.11,-0.063,0.196,0.144,-0.045
34,A2_1,-0.172,0.327,-0.031,0.149,0.261,-0.459,-0.244,1.0,0.848,0.7,0.148,-0.197,-0.218,-0.06,-0.093,0.001
34,A2_2,-0.143,-0.092,-0.205,-0.166,0.409,-0.243,0.097,0.848,1.0,0.703,0.165,-0.034,-0.156,-0.107,-0.014,0.039
34,A2_3,0.141,-0.204,-0.674,-0.439,0.141,-0.324,-0.007,0.7,0.703,1.0,-0.099,-0.24,-0.24,-0.347,-0.54,-0.444
34,B2_1,-0.334,-0.123,0.278,-0.097,-0.363,-0.085,-0.417,0.148,0.165,-0.099,1.0,0.811,0.725,-0.24,0.199,0.177
34,B2_2,-0.547,-0.467,0.188,-0.34,-0.12,0.421,0.11,-0.197,-0.034,-0.24,0.811,1.0,0.89,-0.092,0.263,0.135
34,B2_3,-0.502,-0.484,0.022,-0.407,-0.282,0.165,-0.063,-0.218,-0.156,-0.24,0.725,0.89,1.0,0.129,0.259,0.254
34,y1,-0.572,0.105,0.202,0.074,-0.015,-0.099,0.196,-0.06,-0.107,-0.347,-0.24,-0.092,0.129,1.0,0.792,0.843
34,y2,-0.676,0.112,0.527,0.157,-0.1,0.035,0.144,-0.093,-0.014,-0.54,0.199,0.263,0.259,0.792,1.0,0.946
34,y3,-0.54,0.112,0.377,0.114,-0.212,-0.246,-0.045,0.001,0.039,-0.444,0.177,0.135,0.254,0.843,0.946,1.0
36,.,1.0,-0.003,0.055,0.172,0.077,-0.166,-0.164,-0.044,-0.25,-0.181,-0.271,-0.21,-0.375,-0.617,-0.707,-0.633
36,A1_1,-0.003,1.0,0.79,0.821,0.122,-0.095,-0.371,0.464,-0.147,-0.032,-0.261,-0.518,-0.591,0.103,0.062,0.116
36,A1_2,0.055,0.79,1.0,0.841,0.056,0.084,-0.156,-0.113,-0.503,-0.522,-0.16,-0.218,-0.216,-0.016,-0.024,0.081
36,A1_3,0.172,0.821,0.841,1.0,0.121,-0.092,-0.465,0.122,-0.406,-0.478,-0.104,-0.499,-0.399,0.152,0.029,0.189
36,B1_1,0.077,0.122,0.056,0.121,1.0,0.647,0.591,-0.118,0.108,0.081,-0.483,-0.27,-0.505,-0.237,-0.382,-0.286
36,B1_2,-0.166,-0.095,0.084,-0.092,0.647,1.0,0.758,-0.603,-0.422,-0.317,-0.17,0.314,0.068,-0.084,-0.021,0.061
36,B1_3,-0.164,-0.371,-0.156,-0.465,0.591,0.758,1.0,-0.559,-0.038,0.013,-0.452,0.215,0.024,-0.175,-0.143,-0.165
36,A2_1,-0.044,0.464,-0.113,0.122,-0.118,-0.603,-0.559,1.0,0.644,0.755,-0.062,-0.484,-0.534,0.078,0.026,-0.072
36,A2_2,-0.25,-0.147,-0.503,-0.406,0.108,-0.422,-0.038,0.644,1.0,0.888,0.017,-0.146,-0.172,-0.112,-0.177,-0.316
36,A2_3,-0.181,-0.032,-0.522,-0.478,0.081,-0.317,0.013,0.755,0.888,1.0,-0.154,-0.174,-0.341,-0.122,-0.121,-0.296
36,B2_1,-0.271,-0.261,-0.16,-0.104,-0.483,-0.17,-0.452,-0.062,0.017,-0.154,1.0,0.7,0.781,-0.024,0.113,0.117
36,B2_2,-0.21,-0.518,-0.218,-0.499,-0.27,0.314,0.215,-0.484,-0.146,-0.174,0.7,1.0,0.854,-0.338,-0.097,-0.141
36,B2_3,-0.375,-0.591,-0.216,-0.399,-0.505,0.068,0.024,-0.534,-0.172,-0.341,0.781,0.854,1.0,0.055,0.235,0.208
36,y1,-0.617,0.103,-0.016,0.152,-0.237,-0.084,-0.175,0.078,-0.112,-0.122,-0.024,-0.338,0.055,1.0,0.952,0.96
36,y2,-0.707,0.062,-0.024,0.029,-0.382,-0.021,-0.143,0.026,-0.177,-0.121,0.113,-0.097,0.235,0.952,1.0,0.973
36,y3,-0.633,0.116,0.081,0.189,-0.286,0.061,-0.165,-0.072,-0.316,-0.296,0.117,-0.141,0.208,0.96,0.973,1.0
38,.,1.0,-0.135,0.017,0.165,-0.019,-0.09,0.077,-0.104,-0.292,-0.201,-0.23,-0.457,-0.343,-0.474,-0.539,-0.498
38,A1_1,-0.135,1.0,0.79,0.818,-0.065,-0.488,0.154,0.26,-0.222,0.07,-0.143,-0.262,-0.471,0.114,0.158,0.341
38,A1_2,0.017,0.79,1.0,0.689,0.103,-0.083,0.26,-0.254,-0.707,-0.388,-0.009,-0.081,-0.202,0.233,0.259,0.465
38,A1_3,0.165,0.818,0.689,1.0,-0.056,-0.624,-0.054,0.139,-0.382,-0.245,0.046,-0.266,-0.483,0.17,0.095,0.209
38,B1_1,-0.019,-0.065,0.103,-0.056,1.0,0.547,0.792,-0.186,0.027,0.059,-0.086,-0.262,-0.334,-0.116,0.172,-0.249
38,B1_2,-0.09,-0.488,-0.083,-0.624,0.547,1.0,0.627,-0.646,-0.166,-0.031,-0.139,0.323,0.131,-0.124,-0.07,-0.225
38,B1_3,0.077,0.154,0.26,-0.054,0.792,0.627,1.0,-0.226,-0.022,0.308,-0.449,-0.251,-0.582,-0.374,-0.169,-0.394
38,A2_1,-0.104,0.26,-0.254,0.139,-0.186,-0.646,-0.226,1.0,0.764,0.687,0.212,-0.254,-0.105,-0.404,-0.188,-0.192
38,A2_2,-0.292,-0.222,-0.707,-0.382,0.027,-0.166,-0.022,0.764,1.0,0.85,0.032,-0.072,-0.066,-0.421,-0.238,-0.428
38,A2_3,-0.201,0.07,-0.388,-0.245,0.059,-0.031,0.308,0.687,0.85,1.0,-0.16,-0.053,-0.324,-0.666,-0.494,-0.556
38,B2_1,-0.23,-0.143,-0.009,0.046,-0.086,-0.139,-0.449,0.212,0.032,-0.16,1.0,0.6,0.665,0.006,0.058,0.128
38,B2_2,-0.457,-0.262,-0.081,-0.266,-0.262,0.323,-0.251,-0.254,-0.072,-0.053,0.6,1.0,0.6,0.051,-0.143,0.052
38,B2_3,-0.343,-0.471,-0.202,-0.483,-0.334,0.131,-0.582,-0.105,-0.066,-0.324,0.665,0.6,1.0,0.305,0.305,0.444
38,y1,-0.474,0.114,0.233,0.17,-0.116,-0.124,-0.374,-0.404,-0.421,-0.666,0.006,0.051,0.305,1.0,0.883,0.862
38,y2,-0.539,0.158,0.259,0.095,0.172,-0.07,-0.169,-0.188,-0.238,-0.494,0.058,-0.143,0.305,0.883,1.0,0.861
38,y3,-0.498,0.341,0.465,0.209,-0.249,-0.225,-0.394,-0.192,-0.428,-0.556,0.128,0.052,0.444,0.862,0.861,1.0
40,.,1.0,-0.261,-0.121,0.045,-0.083,-0.392,-0.141,0.081,-0.279,-0.229,-0.159,-0.12,-0.166,-0.31,-0.764,-0.44
40,A1_1,-0.261,1.0,0.716,0.839,-0.123,-0.48,0.061,0.375,-0.067,0.016,-0.111,-0.391,-0.657,0.384,0.441,0.079
40,A1_2,-0.121,0.716,1.0,0.769,-0.038,0.043,0.24,-0.222,-0.645,-0.453,0.054,0.008,-0.303,0.246,0.004,-0.248
40,A1_3,0.045,0.839,0.769,1.0,0.019,-0.45,0.003,0.253,-0.297,-0.196,0.085,-0.292,-0.548,0.135,-0.012,-0.141
40,B1_1,-0.083,-0.123,-0.038,0.019,1.0,0.427,0.74,-0.34,0.085,-0.233,-0.51,-0.163,-0.338,-0.278,-0.226,0.096
40,B1_2,-0.392,-0.48,0.043,-0.45,0.427,1.0,0.515,-0.775,-0.238,-0.262,0.018,0.475,0.47,-0.197,-0.132,-0.11
40,B1_3,-0.141,0.061,0.24,0.003,0.74,0.515,1.0,-0.503,0.041,-0.091,-0.534,0.089,-0.418,-0.358,-0.202,-0.235
40,A2_1,0.081,0.375,-0.222,0.253,-0.34,-0.775,-0.503,1.0,0.507,0.579,-0.115,-0.716,-0.444,0.075,0.361,0.062
40,A2_2,-0.279,-0.067,-0.645,-0.297,0.085,-0.238,0.041,0.507,1.0,0.886,-0.084,-0.15,-0.183,-0.345,0.322,0.129
40,A2_3,-0.229,0.016,-0.453,-0.196,-0.233,-0.262,-0.091,0.579,0.886,1.0,0.132,-0.059,-0.104,-0.458,0.244,-0.213
40,B2_1,-0.159,-0.111,0.054,0.085,-0.51,0.018,-0.534,-0.115,-0.084,0.132,1.0,0.663,0.704,-0.12,-0.096,-0.131
40,B2_2,-0.12,-0.391,0.008,-0.292,-0.163,0.475,0.089,-0.716,-0.15,-0.059,0.663,1.0,0.708,-0.273,-0.307,-0.196
40,B2_3,-0.166,-0.657,-0.303,-0.548,-0.338,0.47,-0.418,-0.444,-0.183,-0.104,0.704,0.708,1.0,0.004,-0.086,0.083
40,y1,-0.31,0.384,0.246,0.135,-0.278,-0.197,-0.358,0.075,-0.345,-0.458,-0.12,-0.273,0.004,1.0,0.686,0.761
40,y2,-0.764,0.441,0.004,-0.012,-0.226,-0.132,-0.202,0.361,0.322,0.244,-0.096,-0.307,-0.086,0.686,1.0,0.683
40,y3,-0.44,0.079,-0.248,-0.141,0.096,-0.11,-0.235,0.062,0.129,-0.213,-0.131,-0.196,0.083,0.761,0.683,1.0
42,.,1.0,-0.066,0.015,-0.135,-0.367,-0.279,0.068,-0.243,-0.409,-0.399,-0.211,-0.315,-0.277,-0.478,-0.797,-0.744
42,A1_1,-0.066,1.0,0.72,0.65,0.04,-0.412,-0.158,0.324,-0.172,0.056,-0.041,-0.599,-0.509,-0.083,0.311,0.489
42,A1_2,0.015,0.72,1.0,0.697,-0.003,0.094,-0.002,-0.332,-0.682,-0.442,0.116,-0.14,-0.1,-0.164,0.219,0.319
42,A1_3,-0.135,0.65,0.697,1.0,0.099,-0.028,-0.169,0.002,-0.215,-0.27,0.286,-0.053,-0.241,0.128,0.396,0.414
42,B1_1,-0.367,0.04,-0.003,0.099,1.0,0.661,0.795,-0.071,0.169,0.129,-0.511,-0.2,-0.396,0.022,0.187,0.244
42,B1_2,-0.279,-0.412,0.094,-0.028,0.661,1.0,0.679,-0.64,-0.255,-0.271,-0.132,0.436,0.261,-0.014,0.05,-0.016
42,B1_3,0.068,-0.158,-0.002,-0.169,0.795,0.679,1.0,-0.302,-0.021,-0.078,-0.669,-0.148,-0.324,-0.396,-0.3,-0.244
42,A2_1,-0.243,0.324,-0.332,0.002,-0.071,-0.64,-0.302,1.0,0.8,0.862,0.162,-0.243,-0.183,-0.113,0.05,0.109
42,A2_2,-0.409,-0.172,-0.682,-0.215,0.169,-0.255,-0.021,0.8,1.0,0.779,0.003,0.058,-0.058,0.06,0.092,0.043
42,A2_3,-0.399,0.056,-0.442,-0.27,0.129,-0.271,-0.078,0.862,0.779,1.0,0.21,-0.001,0.111,-0.229,-0.038,0.007
42,B2_1,-0.211,-0.041,0.116,0.286,-0.511,-0.132,-0.669,0.162,0.003,0.21,1.0,0.673,0.742,-0.01,0.075,-0.029
42,B2_2,-0.315,-0.599,-0.14,-0.053,-0.2,0.436,-0.148,-0.243,0.058,-0.001,0.673,1.0,0.9,-0.005,0.004,-0.197
42,B2_3,-0.277,-0.509,-0.1,-0.241,-0.396,0.261,-0.324,-0.183,-0.058,0.111,0.742,0.9,1.0,-0.062,-0.036,-0.185
42,y1,-0.478,-0.083,-0.164,0.128,0.022,-0.014,-0.396,-0.113,0.06,-0.229,-0.01,-0.005,-0.062,1.0,0.807,0.72
42,y2,-0.797,0.311,0.219,0.396,0.187,0.05,-0.3,0.05,0.092,-0.038,0.075,0.004,-0.036,0.807,1.0,0.97
42,y3,-0.744,0.489,0.319,0.414,0.244,-0.016,-0.244,0.109,0.043,0.007,-0.029,-0.197,-0.185,0.72,0.97,1.0
44,.,1.0,-0.13,-0.316,0.01,-0.215,-0.365,-0.247,-0.128,-0.018,-0.245,-0.205,-0.064,-0.279,-0.418,-0.507,-0.645
44,A1_1,-0.13,1.0,0.698,0.784,0.271,-0.343,0.029,0.439,-0.181,-0.153,-0.339,-0.67,-0.539,0.35,0.439,0.221
44,A1_2,-0.316,0.698,1.0,0.713,0.083,0.129,0.008,-0.176,-0.694,-0.496,0.127,-0.166,0.118,0.303,0.257,0.321
44,A1_3,0.01,0.784,0.713,1.0,0.333,-0.108,-0.022,-0.039,-0.344,-0.521,-0.162,-0.207,-0.353,0.521,0.057,0.286
44,B1_1,-0.215,0.271,0.083,0.333,1.0,0.523,0.784,0.08,0.221,0.041,-0.481,-0.277,-0.447,-0.038,-0.148,0.042
44,B1_2,-0.365,-0.343,0.129,-0.108,0.523,1.0,0.741,-0.555,-0.248,-0.144,0.011,0.331,0.31,-0.199,-0.413,0.043
44,B1_3,-0.247,0.029,0.008,-0.022,0.784,0.741,1.0,0.002,0.091,0.17,-0.532,-0.264,-0.347,-0.283,-0.305,-0.133
44,A2_1,-0.128,0.439,-0.176,-0.039,0.08,-0.555,0.002,1.0,0.703,0.773,-0.21,-0.533,-0.523,-0.077,0.344,-0.192
44,A2_2,-0.018,-0.181,-0.694,-0.344,0.221,-0.248,0.091,0.703,1.0,0.847,-0.041,-0.005,-0.305,-0.204,-0.097,-0.312
44,A2_3,-0.245,-0.153,-0.496,-0.521,0.041,-0.144,0.17,0.773,0.847,1.0,0.092,-0.06,-0.107,-0.375,0.008,-0.371
44,B2_1,-0.205,-0.339,0.127,-0.162,-0.481,0.011,-0.532,-0.21,-0.041,0.092,1.0,0.783,0.876,-0.071,-0.107,-0.055
44,B2_2,-0.064,-0.67,-0.166,-0.207,-0.277,0.331,-0.264,-0.533,-0.005,-0.06,0.783,1.0,0.767,-0.003,-0.496,-0.043
44,B2_3,-0.279,-0.539,0.118,-0.353,-0.447,0.31,-0.347,-0.523,-0.305,-0.107,0.876,0.767,1.0,-0.118,-0.068,0.079
44,y1,-0.418,0.35,0.303,0.521,-0.038,-0.199,-0.283,-0.077,-0.204,-0.375,-0.071,-0.003,-0.118,1.0,0.509,0.883
44,y2,-0.507,0.439,0.257,0.057,-0.148,-0.413,-0.305,0.344,-0.097,0.008,-0.107,-0.496,-0.068,0.509,1.0,0.685
44,y3,-0.645,0.221,0.321,0.286,0.042,0.043,-0.133,-0.192,-0.312,-0.371,-0.055,-0.043,0.079,0.883,0.685,1.0
46,.,1.0,-0.055,-0.223,-0.059,-0.282,-0.06,-0.041,-0.279,-0.261,-0.119,-0.194,-0.025,-0.234,-0.784,-0.857,-0.781
46,A1_1,-0.055,1.0,0.657,0.698,0.017,-0.428,0.084,0.46,-0.169,0.02,-0.072,-0.473,-0.262,0.087,0.15,-0.035
46,A1_2,-0.223,0.657,1.0,0.743,-0.079,0.057,0.237,-0.217,-0.662,-0.638,0.132,-0.052,0.188,0.3,0.278,0.237
46,A1_3,-0.059,0.698,0.743,1.0,-0.21,-0.302,-0.259,0.044,-0.58,-0.524,-0.144,-0.461,-0.302,0.11,0.436,0.394
46,B1_1,-0.282,0.017,-0.079,-0.21,1.0,0.511,0.687,-0.047,0.189,0.173,-0.714,-0.333,-0.377,0.187,0.116,-0.101
46,B1_2,-0.06,-0.428,0.057,-0.302,0.511,1.0,0.631,-0.692,-0.115,-0.315,-0.27,0.487,0.095,-0.122,-0.144,-0.075
46,B1_3,-0.041,0.084,0.237,-0.259,0.687,0.631,1.0,-0.396,-0.156,-0.074,-0.367,0.149,-0.037,0.186,-0.299,-0.443
46,A2_1,-0.279,0.46,-0.217,0.044,-0.047,-0.692,-0.396,1.0,0.696,0.781,0.166,-0.378,-0.173,0.064,0.281,0.141
46,A2_2,-0.261,-0.169,-0.662,-0.58,0.189,-0.115,-0.156,0.696,1.0,0.927,0.137,0.109,-0.026,-0.13,0.049,0.006
46,A2_3,-0.119,0.02,-0.638,-0.524,0.173,-0.315,-0.074,0.781,0.927,1.0,0.048,-0.042,-0.184,-0.084,-0.084,-0.193
46,B2_1,-0.194,-0.072,0.132,-0.144,-0.714,-0.27,-0.367,0.166,0.137,0.048,1.0,0.592,0.84,0.097,0.021,0.189
46,B2_2,-0.025,-0.473,-0.052,-0.461,-0.333,0.487,0.149,-0.378,0.109,-0.042,0.592,1.0,0.582,-0.111,-0.266,-0.042
46,B2_3,-0.234,-0.262,0.188,-0.302,-0.377,0.095,-0.037,-0.173,-0.026,-0.184,0.84,0.582,1.0,0.161,-0.041,0.102
46,y1,-0.784,0.087,0.3,0.11,0.187,-0.122,0.186,0.064,-0.13,-0.084,0.097,-0.111,0.161,1.0,0.673,0.557
46,y2,-0.857,0.15,0.278,0.436,0.116,-0.144,-0.299,0.281,0.049,-0.084,0.021,-0.266,-0.041,0.673,1.0,0.949
46,y3,-0.781,-0.035,0.237,0.394,-0.101,-0.075,-0.443,0.141,0.006,-0.193,0.189,-0.042,0.102,0.557,0.949,1.0
