,,.,A1_1,A1_2,A1_3,B1_1,B1_2,B1_3,A2_1,A2_2,A2_3,B2_1,B2_2,B2_3,y1,y2,y3
2,.,0.105,0.089,0.086,0.084,0.024,0.059,0.022,0.022,0.014,0.015,0.01,0.023,0.041,0.076,0.103,0.228
2,A1_1,0.238,0.03,0.036,0.035,0.041,0.103,0.077,0.018,0.013,0.022,0.039,0.033,0.057,0.056,0.067,0.135
2,A1_2,0.157,0.012,0.029,0.014,0.369,0.049,0.053,0.013,0.007,0.019,0.023,0.034,0.056,0.019,0.065,0.081
2,A1_3,0.142,0.021,0.031,0.045,0.062,0.098,0.06,0.022,0.013,0.026,0.012,0.011,0.04,0.092,0.08,0.244
2,B1_1,0.155,0.049,0.044,0.208,0.018,0.05,0.022,0.016,0.011,0.029,0.009,0.011,0.027,0.1,0.058,0.192
2,B1_2,0.088,0.215,0.078,0.371,0.005,0.018,0.007,0.007,0.003,0.009,0.003,0.006,0.004,0.049,0.034,0.104
2,B1_3,0.234,0.03,0.041,0.051,0.023,0.054,0.023,0.02,0.03,0.054,0.023,0.027,0.035,0.117,0.084,0.155
2,A2_1,0.349,0.014,0.02,0.012,0.013,0.034,0.022,0.013,0.023,0.041,0.148,0.112,0.097,0.024,0.04,0.038
2,A2_2,0.235,0.007,0.007,0.006,0.017,0.029,0.022,0.018,0.015,0.035,0.219,0.061,0.24,0.009,0.042,0.038
2,A2_3,0.475,0.011,0.011,0.008,0.011,0.019,0.018,0.011,0.016,0.041,0.2,0.071,0.031,0.015,0.042,0.021
2,B2_1,0.243,0.021,0.025,0.019,0.009,0.025,0.01,0.029,0.063,0.074,0.022,0.018,0.01,0.152,0.163,0.115
2,B2_2,0.341,0.02,0.018,0.038,0.016,0.025,0.015,0.033,0.027,0.117,0.029,0.013,0.021,0.071,0.088,0.129
2,B2_3,0.233,0.041,0.027,0.027,0.014,0.025,0.012,0.052,0.033,0.069,0.034,0.018,0.033,0.049,0.173,0.16
2,y1,0.477,0.031,0.034,0.023,0.014,0.029,0.023,0.012,0.017,0.038,0.08,0.074,0.018,0.039,0.05,0.04
2,y2,0.494,0.011,0.014,0.008,0.009,0.025,0.02,0.014,0.03,0.069,0.112,0.052,0.019,0.039,0.05,0.034
2,y3,0.523,0.008,0.013,0.015,0.015,0.027,0.024,0.012,0.023,0.086,0.068,0.032,0.015,0.058,0.04,0.042
4,.,0.092,0.022,0.047,0.013,0.085,0.045,0.103,0.03,0.009,0.005,0.019,0.018,0.019,0.238,0.085,0.169
4,A1_1,0.551,0.011,0.016,0.02,0.014,0.008,0.013,0.027,0.027,0.052,0.035,0.054,0.038,0.021,0.086,0.027
4,A1_2,0.006,0.002,0.003,0.001,0.668,0.01,0.205,0.005,0.001,0.001,0.001,0.01,0.001,0.042,0.011,0.032
4,A1_3,0.149,0.012,0.022,0.011,0.124,0.069,0.076,0.027,0.026,0.028,0.017,0.036,0.012,0.12,0.156,0.116
4,B1_1,0.636,0.027,0.057,0.055,0.011,0.011,0.011,0.022,0.012,0.016,0.013,0.01,0.009,0.032,0.047,0.031
4,B1_2,0.593,0.031,0.04,0.049,0.032,0.009,0.021,0.038,0.011,0.027,0.014,0.015,0.013,0.031,0.041,0.034
4,B1_3,0.535,0.046,0.109,0.038,0.007,0.011,0.012,0.015,0.01,0.01,0.02,0.032,0.018,0.05,0.049,0.038
4,A2_1,0.025,0.001,0.002,0.002,0.006,0.002,0.005,0.0,0.003,0.002,0.002,0.926,0.01,0.004,0.005,0.005
4,A2_2,0.299,0.014,0.012,0.014,0.007,0.002,0.011,0.046,0.016,0.03,0.064,0.045,0.362,0.019,0.028,0.03
4,A2_3,0.011,0.0,0.001,0.001,0.002,0.001,0.002,0.0,0.001,0.001,0.001,0.966,0.003,0.002,0.005,0.002
4,B2_1,0.245,0.007,0.006,0.013,0.063,0.021,0.031,0.049,0.068,0.177,0.031,0.038,0.08,0.029,0.081,0.061
4,B2_2,0.317,0.011,0.005,0.015,0.049,0.003,0.021,0.295,0.015,0.103,0.029,0.001,0.046,0.018,0.039,0.031
4,B2_3,0.472,0.012,0.01,0.013,0.054,0.007,0.029,0.092,0.022,0.077,0.034,0.008,0.029,0.024,0.09,0.027
4,y1,0.166,0.018,0.015,0.013,0.243,0.011,0.123,0.122,0.011,0.026,0.021,0.006,0.032,0.07,0.051,0.073
4,y2,0.724,0.01,0.008,0.049,0.008,0.002,0.004,0.021,0.017,0.086,0.008,0.017,0.024,0.003,0.011,0.007
4,y3,0.231,0.021,0.025,0.019,0.163,0.011,0.112,0.062,0.015,0.025,0.026,0.035,0.06,0.069,0.05,0.075
6,.,0.071,0.016,0.056,0.018,0.015,0.016,0.034,0.021,0.026,0.05,0.023,0.105,0.025,0.151,0.121,0.252
6,A1_1,0.138,0.013,0.024,0.011,0.029,0.049,0.046,0.022,0.036,0.039,0.022,0.09,0.022,0.167,0.077,0.215
6,A1_2,0.079,0.013,0.047,0.009,0.027,0.019,0.08,0.021,0.025,0.047,0.01,0.019,0.009,0.086,0.11,0.399
6,A1_3,0.28,0.019,0.083,0.013,0.021,0.025,0.067,0.016,0.024,0.036,0.016,0.031,0.015,0.095,0.079,0.182
6,B1_1,0.174,0.086,0.145,0.062,0.025,0.015,0.045,0.025,0.028,0.057,0.018,0.017,0.011,0.065,0.128,0.098
6,B1_2,0.25,0.082,0.086,0.097,0.023,0.018,0.022,0.023,0.05,0.053,0.024,0.023,0.012,0.093,0.097,0.047
6,B1_3,0.331,0.052,0.237,0.041,0.011,0.008,0.043,0.012,0.015,0.018,0.022,0.012,0.006,0.051,0.074,0.068
6,A2_1,0.071,0.005,0.011,0.007,0.007,0.019,0.007,0.005,0.008,0.012,0.023,0.561,0.097,0.111,0.022,0.035
6,A2_2,0.139,0.016,0.058,0.023,0.018,0.024,0.028,0.011,0.016,0.027,0.026,0.158,0.043,0.195,0.076,0.143
6,A2_3,0.045,0.006,0.006,0.007,0.006,0.018,0.005,0.009,0.009,0.009,0.037,0.665,0.075,0.068,0.018,0.018
6,B2_1,0.064,0.021,0.007,0.01,0.018,0.014,0.019,0.083,0.328,0.218,0.008,0.008,0.005,0.036,0.092,0.07
6,B2_2,0.202,0.045,0.031,0.025,0.038,0.033,0.037,0.069,0.111,0.11,0.025,0.027,0.015,0.057,0.098,0.076
6,B2_3,0.06,0.009,0.01,0.007,0.024,0.021,0.035,0.078,0.163,0.122,0.019,0.041,0.012,0.079,0.11,0.211
6,y1,0.392,0.019,0.088,0.021,0.031,0.031,0.042,0.011,0.013,0.021,0.023,0.052,0.03,0.094,0.051,0.082
6,y2,0.67,0.03,0.047,0.022,0.02,0.019,0.021,0.012,0.023,0.016,0.021,0.017,0.016,0.029,0.025,0.012
6,y3,0.516,0.023,0.088,0.016,0.028,0.02,0.058,0.014,0.02,0.022,0.017,0.015,0.014,0.044,0.048,0.059
8,.,0.132,0.033,0.022,0.015,0.028,0.05,0.054,0.038,0.029,0.039,0.039,0.031,0.03,0.174,0.144,0.141
8,A1_1,0.108,0.016,0.018,0.033,0.016,0.07,0.018,0.032,0.029,0.034,0.046,0.111,0.078,0.243,0.062,0.086
8,A1_2,0.478,0.006,0.01,0.016,0.214,0.07,0.098,0.015,0.007,0.014,0.003,0.006,0.004,0.032,0.014,0.015
8,A1_3,0.254,0.002,0.004,0.008,0.167,0.262,0.097,0.012,0.005,0.008,0.007,0.03,0.01,0.084,0.022,0.027
8,B1_1,0.154,0.131,0.052,0.365,0.025,0.009,0.009,0.011,0.012,0.004,0.014,0.018,0.016,0.028,0.018,0.133
8,B1_2,0.033,0.051,0.011,0.034,0.011,0.004,0.015,0.01,0.029,0.018,0.017,0.006,0.006,0.049,0.064,0.641
8,B1_3,0.06,0.683,0.061,0.022,0.002,0.002,0.007,0.009,0.005,0.003,0.02,0.004,0.01,0.013,0.056,0.042
8,A2_1,0.098,0.007,0.01,0.017,0.028,0.133,0.02,0.012,0.01,0.007,0.048,0.283,0.084,0.149,0.046,0.048
8,A2_2,0.069,0.033,0.022,0.021,0.009,0.032,0.013,0.011,0.026,0.009,0.154,0.136,0.104,0.131,0.104,0.127
8,A2_3,0.133,0.015,0.011,0.025,0.017,0.079,0.011,0.009,0.013,0.003,0.102,0.311,0.096,0.085,0.039,0.05
8,B2_1,0.1,0.009,0.003,0.004,0.012,0.006,0.017,0.04,0.07,0.614,0.007,0.003,0.004,0.058,0.027,0.025
8,B2_2,0.064,0.005,0.005,0.01,0.015,0.023,0.021,0.068,0.057,0.407,0.006,0.008,0.009,0.192,0.041,0.069
8,B2_3,0.108,0.028,0.015,0.018,0.017,0.017,0.024,0.035,0.098,0.081,0.056,0.019,0.021,0.126,0.114,0.222
8,y1,0.294,0.092,0.088,0.069,0.015,0.02,0.016,0.043,0.04,0.026,0.049,0.025,0.052,0.077,0.058,0.036
8,y2,0.39,0.079,0.024,0.084,0.047,0.014,0.019,0.021,0.054,0.025,0.044,0.023,0.016,0.033,0.035,0.092
8,y3,0.592,0.008,0.014,0.018,0.038,0.106,0.024,0.043,0.011,0.018,0.01,0.02,0.018,0.059,0.014,0.005
10,.,0.092,0.008,0.011,0.016,0.041,0.02,0.018,0.014,0.028,0.02,0.012,0.047,0.015,0.202,0.23,0.225
10,A1_1,0.178,0.01,0.01,0.007,0.191,0.089,0.123,0.019,0.032,0.012,0.014,0.022,0.01,0.051,0.132,0.098
10,A1_2,0.138,0.011,0.014,0.014,0.192,0.03,0.066,0.011,0.029,0.014,0.011,0.012,0.009,0.056,0.167,0.229
10,A1_3,0.274,0.026,0.048,0.026,0.113,0.106,0.068,0.031,0.026,0.01,0.027,0.039,0.023,0.065,0.079,0.039
10,B1_1,0.311,0.085,0.161,0.058,0.014,0.015,0.02,0.03,0.018,0.016,0.032,0.017,0.023,0.103,0.059,0.039
10,B1_2,0.255,0.037,0.029,0.018,0.027,0.011,0.02,0.019,0.033,0.035,0.023,0.023,0.021,0.119,0.148,0.181
10,B1_3,0.289,0.148,0.219,0.049,0.021,0.015,0.026,0.018,0.01,0.009,0.026,0.008,0.023,0.055,0.046,0.038
10,A2_1,0.039,0.002,0.006,0.003,0.005,0.026,0.007,0.007,0.014,0.008,0.054,0.558,0.017,0.199,0.042,0.013
10,A2_2,0.296,0.018,0.029,0.012,0.019,0.047,0.023,0.029,0.024,0.014,0.139,0.156,0.066,0.074,0.032,0.021
10,A2_3,0.119,0.007,0.012,0.009,0.012,0.015,0.014,0.015,0.038,0.032,0.059,0.176,0.022,0.256,0.119,0.096
10,B2_1,0.558,0.009,0.005,0.008,0.017,0.009,0.015,0.08,0.052,0.057,0.014,0.014,0.017,0.027,0.048,0.068
10,B2_2,0.397,0.015,0.014,0.019,0.023,0.011,0.023,0.071,0.043,0.046,0.012,0.014,0.017,0.066,0.096,0.131
10,B2_3,0.449,0.015,0.017,0.02,0.015,0.016,0.017,0.092,0.048,0.042,0.02,0.029,0.021,0.075,0.069,0.056
10,y1,0.582,0.022,0.023,0.011,0.039,0.03,0.053,0.06,0.027,0.018,0.028,0.013,0.023,0.018,0.027,0.026
10,y2,0.548,0.017,0.018,0.01,0.042,0.028,0.06,0.054,0.049,0.027,0.026,0.013,0.01,0.025,0.042,0.03
10,y3,0.371,0.011,0.013,0.008,0.09,0.054,0.068,0.031,0.068,0.026,0.038,0.041,0.011,0.046,0.077,0.046
12,.,0.136,0.023,0.03,0.015,0.082,0.032,0.057,0.045,0.049,0.017,0.012,0.022,0.027,0.076,0.231,0.146
12,A1_1,0.293,0.038,0.043,0.01,0.104,0.047,0.111,0.017,0.042,0.016,0.007,0.016,0.015,0.05,0.125,0.067
12,A1_2,0.125,0.01,0.012,0.007,0.239,0.045,0.174,0.017,0.014,0.008,0.008,0.009,0.023,0.07,0.146,0.093
12,A1_3,0.148,0.012,0.021,0.004,0.335,0.046,0.201,0.013,0.022,0.008,0.004,0.005,0.011,0.041,0.087,0.042
12,B1_1,0.161,0.067,0.436,0.049,0.008,0.016,0.017,0.02,0.014,0.021,0.003,0.007,0.004,0.027,0.096,0.053
12,B1_2,0.183,0.101,0.058,0.065,0.015,0.015,0.023,0.024,0.02,0.011,0.013,0.019,0.02,0.064,0.119,0.251
12,B1_3,0.313,0.297,0.205,0.019,0.013,0.006,0.013,0.01,0.036,0.012,0.002,0.008,0.003,0.015,0.018,0.031
12,A2_1,0.202,0.006,0.008,0.009,0.006,0.026,0.008,0.007,0.01,0.024,0.082,0.384,0.121,0.034,0.057,0.014
12,A2_2,0.452,0.04,0.018,0.011,0.054,0.028,0.041,0.01,0.023,0.015,0.036,0.091,0.062,0.047,0.035,0.037
12,A2_3,0.111,0.007,0.006,0.029,0.005,0.026,0.012,0.012,0.009,0.02,0.059,0.153,0.098,0.076,0.258,0.118
12,B2_1,0.435,0.009,0.02,0.007,0.014,0.011,0.015,0.045,0.074,0.202,0.026,0.05,0.008,0.033,0.037,0.015
12,B2_2,0.408,0.009,0.019,0.006,0.037,0.011,0.029,0.087,0.078,0.148,0.03,0.027,0.008,0.045,0.036,0.021
12,B2_3,0.307,0.03,0.042,0.009,0.038,0.01,0.024,0.097,0.205,0.065,0.012,0.02,0.007,0.038,0.054,0.042
12,y1,0.469,0.127,0.13,0.015,0.046,0.013,0.033,0.016,0.038,0.016,0.007,0.014,0.008,0.024,0.016,0.028
12,y2,0.594,0.038,0.047,0.006,0.046,0.027,0.052,0.009,0.035,0.028,0.01,0.03,0.011,0.025,0.028,0.014
12,y3,0.43,0.017,0.02,0.015,0.025,0.02,0.021,0.028,0.028,0.05,0.083,0.114,0.043,0.048,0.033,0.027
14,.,0.088,0.02,0.017,0.029,0.092,0.029,0.103,0.068,0.016,0.011,0.019,0.1,0.031,0.074,0.096,0.207
14,A1_1,0.15,0.014,0.033,0.017,0.209,0.046,0.19,0.04,0.019,0.017,0.019,0.014,0.037,0.046,0.1,0.049
14,A1_2,0.028,0.004,0.009,0.007,0.525,0.042,0.244,0.009,0.003,0.001,0.004,0.004,0.014,0.01,0.079,0.017
14,A1_3,0.065,0.006,0.028,0.016,0.323,0.083,0.132,0.018,0.01,0.008,0.01,0.014,0.019,0.022,0.218,0.029
14,B1_1,0.076,0.07,0.581,0.092,0.013,0.007,0.013,0.022,0.005,0.007,0.008,0.013,0.005,0.025,0.032,0.029
14,B1_2,0.349,0.222,0.029,0.012,0.01,0.005,0.016,0.035,0.004,0.019,0.006,0.008,0.067,0.085,0.012,0.121
14,B1_3,0.334,0.17,0.147,0.031,0.01,0.009,0.011,0.028,0.003,0.017,0.016,0.027,0.057,0.05,0.032,0.058
14,A2_1,0.017,0.003,0.01,0.013,0.003,0.004,0.004,0.017,0.004,0.004,0.024,0.806,0.008,0.017,0.029,0.037
14,A2_2,0.215,0.005,0.005,0.001,0.012,0.012,0.012,0.01,0.003,0.027,0.061,0.094,0.454,0.031,0.047,0.011
14,A2_3,0.215,0.021,0.039,0.014,0.01,0.011,0.009,0.034,0.01,0.037,0.078,0.311,0.097,0.047,0.041,0.027
14,B2_1,0.164,0.012,0.014,0.006,0.01,0.009,0.003,0.043,0.186,0.475,0.005,0.006,0.006,0.041,0.011,0.01
14,B2_2,0.314,0.014,0.016,0.004,0.006,0.009,0.004,0.033,0.063,0.394,0.012,0.01,0.03,0.058,0.018,0.015
14,B2_3,0.3,0.04,0.013,0.007,0.021,0.011,0.017,0.07,0.08,0.204,0.005,0.005,0.026,0.116,0.017,0.069
14,y1,0.417,0.065,0.078,0.023,0.046,0.019,0.023,0.054,0.027,0.069,0.023,0.017,0.042,0.046,0.028,0.022
14,y2,0.338,0.104,0.041,0.022,0.068,0.018,0.051,0.055,0.01,0.02,0.016,0.02,0.077,0.061,0.031,0.067
14,y3,0.19,0.03,0.377,0.057,0.024,0.017,0.011,0.036,0.022,0.043,0.053,0.052,0.019,0.021,0.041,0.008
16,.,0.146,0.053,0.014,0.029,0.04,0.028,0.023,0.024,0.03,0.103,0.027,0.01,0.012,0.127,0.107,0.228
16,A1_1,0.286,0.008,0.016,0.018,0.237,0.126,0.121,0.012,0.012,0.01,0.015,0.028,0.015,0.038,0.031,0.027
16,A1_2,0.326,0.024,0.031,0.054,0.121,0.061,0.068,0.01,0.013,0.016,0.031,0.037,0.016,0.069,0.064,0.057
16,A1_3,0.122,0.007,0.005,0.008,0.463,0.141,0.123,0.005,0.005,0.01,0.004,0.01,0.004,0.028,0.034,0.03
16,B1_1,0.352,0.037,0.069,0.267,0.019,0.016,0.023,0.005,0.009,0.011,0.014,0.018,0.005,0.054,0.04,0.063
16,B1_2,0.28,0.038,0.035,0.17,0.02,0.022,0.021,0.015,0.032,0.033,0.011,0.011,0.009,0.043,0.048,0.212
16,B1_3,0.155,0.028,0.021,0.099,0.008,0.012,0.008,0.016,0.046,0.041,0.012,0.01,0.012,0.052,0.049,0.431
16,A2_1,0.207,0.004,0.022,0.015,0.029,0.029,0.025,0.012,0.031,0.004,0.114,0.234,0.141,0.058,0.033,0.041
16,A2_2,0.192,0.014,0.028,0.02,0.014,0.013,0.016,0.011,0.022,0.014,0.274,0.076,0.07,0.145,0.058,0.033
16,A2_3,0.145,0.022,0.023,0.018,0.012,0.009,0.01,0.012,0.021,0.025,0.266,0.05,0.053,0.199,0.082,0.053
16,B2_1,0.122,0.013,0.012,0.019,0.017,0.02,0.013,0.051,0.122,0.058,0.032,0.028,0.048,0.083,0.072,0.29
16,B2_2,0.199,0.02,0.023,0.016,0.022,0.022,0.012,0.136,0.064,0.102,0.031,0.013,0.017,0.149,0.068,0.106
16,B2_3,0.215,0.005,0.02,0.03,0.011,0.017,0.01,0.135,0.236,0.067,0.026,0.015,0.037,0.054,0.04,0.082
16,y1,0.354,0.039,0.034,0.085,0.068,0.046,0.054,0.016,0.023,0.024,0.023,0.023,0.013,0.055,0.057,0.087
16,y2,0.414,0.016,0.046,0.053,0.035,0.034,0.03,0.034,0.035,0.02,0.053,0.04,0.031,0.07,0.043,0.048
16,y3,0.406,0.039,0.074,0.179,0.023,0.017,0.022,0.012,0.014,0.013,0.023,0.025,0.007,0.057,0.045,0.044
18,.,0.133,0.037,0.069,0.141,0.022,0.106,0.076,0.025,0.064,0.029,0.026,0.013,0.043,0.1,0.059,0.058
18,A1_1,0.109,0.008,0.006,0.007,0.1,0.047,0.569,0.006,0.027,0.006,0.014,0.012,0.014,0.02,0.029,0.025
18,A1_2,0.125,0.01,0.011,0.006,0.125,0.089,0.462,0.006,0.012,0.007,0.017,0.017,0.013,0.032,0.033,0.035
18,A1_3,0.152,0.034,0.011,0.012,0.371,0.029,0.087,0.027,0.027,0.024,0.008,0.019,0.008,0.038,0.076,0.077
18,B1_1,0.095,0.104,0.094,0.413,0.009,0.027,0.011,0.022,0.044,0.011,0.011,0.004,0.028,0.053,0.03,0.042
18,B1_2,0.089,0.094,0.063,0.341,0.029,0.021,0.012,0.052,0.094,0.014,0.006,0.005,0.024,0.041,0.066,0.05
18,B1_3,0.273,0.139,0.056,0.088,0.038,0.024,0.023,0.023,0.028,0.013,0.026,0.022,0.042,0.06,0.047,0.099
18,A2_1,0.347,0.015,0.014,0.008,0.025,0.025,0.025,0.021,0.022,0.031,0.071,0.074,0.073,0.088,0.05,0.11
18,A2_2,0.206,0.013,0.034,0.037,0.006,0.048,0.016,0.019,0.029,0.037,0.078,0.032,0.133,0.179,0.044,0.087
18,A2_3,0.311,0.023,0.017,0.015,0.016,0.012,0.008,0.021,0.014,0.022,0.076,0.061,0.09,0.11,0.044,0.159
18,B2_1,0.22,0.009,0.008,0.009,0.003,0.01,0.002,0.025,0.069,0.553,0.017,0.007,0.013,0.032,0.01,0.013
18,B2_2,0.164,0.01,0.011,0.018,0.02,0.016,0.004,0.113,0.167,0.289,0.01,0.015,0.018,0.047,0.063,0.035
18,B2_3,0.126,0.007,0.007,0.02,0.02,0.01,0.005,0.115,0.362,0.177,0.006,0.009,0.021,0.03,0.063,0.024
18,y1,0.504,0.026,0.016,0.024,0.028,0.019,0.023,0.03,0.1,0.046,0.027,0.016,0.045,0.034,0.026,0.034
18,y2,0.429,0.03,0.025,0.024,0.026,0.055,0.084,0.018,0.069,0.06,0.041,0.018,0.031,0.038,0.023,0.03
18,y3,0.472,0.142,0.04,0.043,0.036,0.02,0.015,0.022,0.03,0.042,0.023,0.014,0.016,0.028,0.019,0.041
20,.,0.118,0.027,0.017,0.022,0.046,0.019,0.012,0.032,0.06,0.049,0.024,0.049,0.012,0.133,0.182,0.198
20,A1_1,0.113,0.018,0.045,0.049,0.019,0.264,0.202,0.004,0.023,0.011,0.022,0.037,0.03,0.105,0.034,0.023
20,A1_2,0.095,0.004,0.004,0.006,0.026,0.059,0.656,0.007,0.008,0.004,0.003,0.005,0.019,0.032,0.029,0.043
20,A1_3,0.216,0.014,0.008,0.01,0.118,0.027,0.075,0.034,0.023,0.016,0.01,0.022,0.015,0.057,0.17,0.185
20,B1_1,0.066,0.113,0.044,0.519,0.008,0.023,0.011,0.002,0.013,0.004,0.019,0.019,0.012,0.075,0.034,0.039
20,B1_2,0.173,0.153,0.044,0.139,0.02,0.016,0.016,0.021,0.035,0.024,0.02,0.017,0.018,0.088,0.086,0.13
20,B1_3,0.136,0.169,0.048,0.304,0.011,0.017,0.012,0.013,0.027,0.015,0.013,0.009,0.008,0.089,0.052,0.078
20,A2_1,0.154,0.005,0.008,0.003,0.008,0.016,0.007,0.018,0.009,0.012,0.065,0.104,0.529,0.017,0.018,0.027
20,A2_2,0.114,0.006,0.013,0.006,0.002,0.015,0.004,0.007,0.005,0.006,0.093,0.083,0.619,0.012,0.006,0.008
20,A2_3,0.252,0.006,0.031,0.005,0.007,0.034,0.003,0.038,0.018,0.037,0.157,0.195,0.137,0.039,0.023,0.017
20,B2_1,0.21,0.018,0.031,0.004,0.011,0.023,0.01,0.159,0.057,0.217,0.026,0.023,0.021,0.079,0.049,0.062
20,B2_2,0.126,0.068,0.046,0.029,0.01,0.012,0.004,0.084,0.083,0.167,0.021,0.017,0.006,0.133,0.085,0.109
20,B2_3,0.231,0.014,0.016,0.006,0.02,0.018,0.012,0.215,0.043,0.122,0.016,0.019,0.015,0.077,0.067,0.111
20,y1,0.444,0.04,0.078,0.016,0.008,0.039,0.01,0.099,0.026,0.062,0.041,0.023,0.028,0.039,0.026,0.022
20,y2,0.482,0.016,0.03,0.016,0.019,0.102,0.1,0.044,0.016,0.019,0.015,0.015,0.039,0.038,0.024,0.025
20,y3,0.328,0.101,0.13,0.037,0.009,0.029,0.006,0.039,0.027,0.038,0.079,0.044,0.041,0.033,0.037,0.023
22,.,0.085,0.009,0.009,0.006,0.025,0.025,0.034,0.063,0.029,0.194,0.025,0.036,0.043,0.067,0.284,0.066
22,A1_1,0.113,0.009,0.013,0.013,0.051,0.06,0.319,0.028,0.025,0.018,0.015,0.026,0.03,0.053,0.163,0.065
22,A1_2,0.042,0.005,0.003,0.009,0.083,0.055,0.712,0.006,0.004,0.008,0.005,0.004,0.008,0.013,0.029,0.014
22,A1_3,0.029,0.005,0.004,0.008,0.151,0.106,0.582,0.004,0.007,0.01,0.005,0.004,0.011,0.018,0.034,0.022
22,B1_1,0.207,0.069,0.118,0.255,0.016,0.019,0.044,0.017,0.015,0.003,0.016,0.01,0.004,0.084,0.038,0.086
22,B1_2,0.277,0.057,0.056,0.046,0.012,0.009,0.011,0.093,0.043,0.181,0.012,0.012,0.008,0.067,0.061,0.052
22,B1_3,0.293,0.091,0.13,0.173,0.014,0.019,0.03,0.019,0.015,0.007,0.019,0.013,0.007,0.089,0.028,0.054
22,A2_1,0.129,0.005,0.006,0.003,0.008,0.022,0.038,0.04,0.009,0.058,0.075,0.14,0.157,0.066,0.214,0.03
22,A2_2,0.151,0.022,0.029,0.017,0.009,0.02,0.013,0.039,0.015,0.036,0.092,0.072,0.061,0.154,0.204,0.067
22,A2_3,0.242,0.017,0.014,0.011,0.012,0.022,0.044,0.058,0.017,0.064,0.071,0.062,0.06,0.075,0.194,0.035
22,B2_1,0.193,0.012,0.01,0.004,0.008,0.011,0.012,0.082,0.05,0.314,0.025,0.023,0.034,0.034,0.164,0.024
22,B2_2,0.021,0.001,0.001,0.0,0.002,0.001,0.001,0.021,0.01,0.925,0.001,0.001,0.002,0.002,0.009,0.002
22,B2_3,0.308,0.025,0.018,0.014,0.017,0.015,0.027,0.076,0.072,0.289,0.01,0.008,0.011,0.028,0.058,0.024
22,y1,0.266,0.03,0.023,0.033,0.048,0.082,0.173,0.018,0.014,0.034,0.054,0.029,0.049,0.057,0.054,0.035
22,y2,0.563,0.017,0.017,0.016,0.007,0.011,0.084,0.074,0.017,0.056,0.015,0.031,0.017,0.027,0.031,0.016
22,y3,0.452,0.029,0.022,0.018,0.021,0.028,0.078,0.046,0.027,0.131,0.018,0.019,0.025,0.032,0.035,0.018
24,.,0.082,0.012,0.012,0.012,0.036,0.049,0.03,0.031,0.014,0.024,0.1,0.02,0.023,0.162,0.095,0.299
24,A1_1,0.188,0.006,0.008,0.007,0.052,0.19,0.123,0.03,0.028,0.043,0.075,0.021,0.029,0.031,0.029,0.139
24,A1_2,0.192,0.007,0.013,0.008,0.067,0.099,0.422,0.01,0.004,0.008,0.081,0.021,0.005,0.024,0.012,0.026
24,A1_3,0.169,0.005,0.007,0.007,0.143,0.169,0.123,0.012,0.016,0.018,0.159,0.012,0.009,0.044,0.029,0.08
24,B1_1,0.062,0.026,0.022,0.038,0.012,0.021,0.013,0.015,0.009,0.016,0.01,0.007,0.018,0.191,0.099,0.441
24,B1_2,0.161,0.068,0.028,0.031,0.022,0.028,0.03,0.093,0.024,0.045,0.029,0.035,0.025,0.182,0.081,0.119
24,B1_3,0.31,0.057,0.034,0.028,0.024,0.033,0.032,0.05,0.032,0.039,0.027,0.027,0.021,0.115,0.068,0.103
24,A2_1,0.05,0.008,0.024,0.014,0.005,0.019,0.006,0.006,0.006,0.008,0.06,0.018,0.161,0.089,0.082,0.442
24,A2_2,0.087,0.006,0.021,0.006,0.008,0.036,0.017,0.008,0.006,0.009,0.175,0.059,0.465,0.017,0.022,0.058
24,A2_3,0.166,0.005,0.027,0.005,0.013,0.02,0.027,0.007,0.005,0.005,0.505,0.077,0.056,0.029,0.024,0.028
24,B2_1,0.167,0.017,0.01,0.013,0.016,0.024,0.009,0.084,0.315,0.175,0.005,0.007,0.006,0.04,0.035,0.079
24,B2_2,0.134,0.027,0.009,0.009,0.01,0.022,0.021,0.303,0.112,0.182,0.006,0.024,0.009,0.046,0.031,0.056
24,B2_3,0.091,0.01,0.005,0.006,0.009,0.02,0.008,0.161,0.327,0.246,0.004,0.009,0.006,0.024,0.022,0.053
24,y1,0.54,0.009,0.029,0.009,0.027,0.038,0.03,0.012,0.067,0.025,0.107,0.033,0.027,0.014,0.016,0.015
24,y2,0.629,0.013,0.042,0.016,0.015,0.024,0.025,0.011,0.067,0.026,0.031,0.019,0.012,0.02,0.021,0.028
24,y3,0.469,0.01,0.064,0.018,0.02,0.024,0.032,0.005,0.018,0.008,0.177,0.035,0.026,0.033,0.029,0.034
26,.,0.045,0.073,0.018,0.011,0.061,0.031,0.085,0.009,0.008,0.013,0.007,0.018,0.02,0.029,0.081,0.491
26,A1_1,0.064,0.008,0.005,0.005,0.078,0.334,0.243,0.005,0.008,0.014,0.012,0.004,0.011,0.023,0.1,0.087
26,A1_2,0.296,0.029,0.026,0.038,0.125,0.041,0.034,0.017,0.019,0.017,0.133,0.027,0.032,0.07,0.046,0.051
26,A1_3,0.06,0.03,0.012,0.012,0.146,0.119,0.136,0.009,0.014,0.013,0.012,0.006,0.012,0.047,0.095,0.279
26,B1_1,0.261,0.085,0.126,0.086,0.014,0.007,0.013,0.023,0.024,0.03,0.013,0.033,0.027,0.07,0.057,0.13
26,B1_2,0.243,0.201,0.083,0.064,0.037,0.013,0.019,0.037,0.035,0.027,0.015,0.024,0.02,0.043,0.032,0.107
26,B1_3,0.103,0.588,0.058,0.027,0.021,0.005,0.015,0.014,0.008,0.005,0.003,0.012,0.01,0.015,0.011,0.106
26,A2_1,0.164,0.02,0.017,0.009,0.006,0.003,0.009,0.009,0.005,0.016,0.063,0.439,0.138,0.017,0.04,0.046
26,A2_2,0.183,0.019,0.021,0.015,0.021,0.042,0.076,0.007,0.009,0.018,0.032,0.075,0.079,0.058,0.172,0.175
26,A2_3,0.272,0.012,0.016,0.016,0.026,0.01,0.015,0.027,0.033,0.033,0.118,0.144,0.075,0.063,0.077,0.063
26,B2_1,0.345,0.029,0.025,0.023,0.01,0.008,0.008,0.092,0.183,0.051,0.01,0.028,0.016,0.07,0.052,0.05
26,B2_2,0.285,0.01,0.018,0.017,0.018,0.01,0.008,0.115,0.114,0.182,0.065,0.047,0.029,0.024,0.038,0.02
26,B2_3,0.223,0.011,0.012,0.012,0.017,0.017,0.013,0.105,0.265,0.092,0.014,0.019,0.014,0.055,0.075,0.055
26,y1,0.502,0.014,0.024,0.024,0.016,0.012,0.01,0.042,0.047,0.051,0.085,0.048,0.039,0.037,0.034,0.015
26,y2,0.437,0.026,0.022,0.017,0.01,0.006,0.008,0.102,0.08,0.075,0.031,0.072,0.034,0.029,0.031,0.02
26,y3,0.376,0.032,0.055,0.054,0.019,0.015,0.016,0.039,0.049,0.055,0.033,0.039,0.032,0.067,0.063,0.057
28,.,0.102,0.028,0.017,0.027,0.041,0.15,0.061,0.018,0.064,0.031,0.023,0.034,0.043,0.083,0.177,0.1
28,A1_1,0.224,0.025,0.008,0.008,0.161,0.277,0.131,0.011,0.007,0.012,0.008,0.033,0.01,0.038,0.027,0.019
28,A1_2,0.097,0.015,0.01,0.016,0.111,0.202,0.201,0.023,0.024,0.011,0.015,0.023,0.019,0.118,0.068,0.046
28,A1_3,0.073,0.003,0.008,0.006,0.728,0.024,0.095,0.004,0.003,0.002,0.009,0.014,0.005,0.016,0.005,0.006
28,B1_1,0.356,0.029,0.51,0.03,0.015,0.001,0.003,0.007,0.002,0.005,0.003,0.006,0.002,0.016,0.005,0.009
28,B1_2,0.312,0.205,0.12,0.042,0.013,0.064,0.031,0.013,0.018,0.031,0.003,0.011,0.005,0.039,0.044,0.048
28,B1_3,0.227,0.107,0.407,0.044,0.01,0.013,0.01,0.007,0.006,0.008,0.005,0.015,0.008,0.053,0.039,0.041
28,A2_1,0.563,0.015,0.03,0.011,0.023,0.023,0.012,0.02,0.012,0.023,0.03,0.108,0.035,0.032,0.038,0.024
28,A2_2,0.593,0.015,0.033,0.013,0.01,0.016,0.012,0.037,0.015,0.029,0.031,0.074,0.025,0.037,0.035,0.024
28,A2_3,0.381,0.009,0.02,0.01,0.028,0.03,0.021,0.02,0.014,0.016,0.073,0.181,0.084,0.04,0.046,0.027
28,B2_1,0.152,0.014,0.009,0.022,0.006,0.031,0.016,0.076,0.23,0.118,0.017,0.016,0.018,0.049,0.149,0.075
28,B2_2,0.529,0.007,0.02,0.015,0.005,0.008,0.006,0.143,0.028,0.043,0.021,0.028,0.009,0.059,0.054,0.026
28,B2_3,0.403,0.013,0.019,0.016,0.003,0.013,0.007,0.135,0.061,0.061,0.016,0.024,0.011,0.073,0.105,0.04
28,y1,0.632,0.007,0.044,0.014,0.093,0.005,0.026,0.037,0.011,0.012,0.029,0.04,0.009,0.023,0.008,0.009
28,y2,0.518,0.012,0.02,0.016,0.039,0.02,0.038,0.072,0.043,0.037,0.033,0.044,0.016,0.038,0.029,0.023
28,y3,0.434,0.013,0.011,0.013,0.093,0.058,0.111,0.051,0.027,0.028,0.027,0.043,0.014,0.037,0.021,0.018
30,.,0.082,0.031,0.061,0.021,0.01,0.008,0.017,0.078,0.047,0.06,0.129,0.039,0.025,0.12,0.138,0.136
30,A1_1,0.086,0.009,0.002,0.004,0.051,0.624,0.081,0.006,0.007,0.007,0.002,0.008,0.006,0.067,0.013,0.027
30,A1_2,0.161,0.028,0.007,0.016,0.542,0.048,0.03,0.006,0.005,0.019,0.003,0.004,0.028,0.037,0.035,0.029
30,A1_3,0.197,0.015,0.003,0.008,0.044,0.595,0.034,0.004,0.004,0.005,0.003,0.008,0.012,0.047,0.004,0.017
30,B1_1,0.231,0.225,0.075,0.13,0.032,0.042,0.007,0.009,0.005,0.015,0.016,0.015,0.039,0.085,0.028,0.046
30,B1_2,0.272,0.19,0.059,0.127,0.045,0.041,0.02,0.017,0.015,0.021,0.013,0.013,0.011,0.071,0.032,0.054
30,B1_3,0.25,0.36,0.065,0.1,0.029,0.026,0.009,0.012,0.003,0.009,0.008,0.026,0.011,0.031,0.022,0.039
30,A2_1,0.358,0.013,0.011,0.015,0.06,0.125,0.083,0.015,0.012,0.013,0.045,0.04,0.046,0.085,0.02,0.06
30,A2_2,0.067,0.006,0.009,0.003,0.012,0.044,0.023,0.033,0.012,0.016,0.232,0.059,0.072,0.275,0.061,0.077
30,A2_3,0.267,0.025,0.02,0.012,0.033,0.034,0.045,0.045,0.027,0.035,0.063,0.105,0.032,0.059,0.059,0.138
30,B2_1,0.047,0.004,0.015,0.004,0.003,0.002,0.009,0.085,0.484,0.214,0.029,0.005,0.006,0.02,0.033,0.042
30,B2_2,0.121,0.014,0.037,0.008,0.012,0.005,0.02,0.226,0.109,0.136,0.083,0.022,0.015,0.039,0.06,0.092
30,B2_3,0.351,0.048,0.044,0.031,0.018,0.037,0.025,0.077,0.067,0.075,0.032,0.022,0.015,0.046,0.024,0.088
30,y1,0.446,0.042,0.032,0.034,0.077,0.025,0.02,0.025,0.024,0.045,0.035,0.018,0.074,0.047,0.023,0.034
30,y2,0.443,0.033,0.026,0.029,0.038,0.039,0.077,0.035,0.064,0.039,0.021,0.031,0.012,0.03,0.024,0.059
30,y3,0.609,0.035,0.016,0.025,0.083,0.036,0.022,0.014,0.012,0.02,0.016,0.018,0.039,0.023,0.009,0.023
32,.,0.129,0.028,0.03,0.021,0.023,0.023,0.081,0.033,0.078,0.033,0.017,0.058,0.059,0.119,0.197,0.07
32,A1_1,0.345,0.02,0.026,0.029,0.02,0.027,0.067,0.009,0.032,0.019,0.051,0.027,0.042,0.094,0.11,0.082
32,A1_2,0.133,0.019,0.02,0.006,0.328,0.152,0.071,0.03,0.012,0.009,0.014,0.049,0.016,0.021,0.039,0.081
32,A1_3,0.092,0.01,0.005,0.006,0.194,0.447,0.055,0.005,0.005,0.009,0.013,0.01,0.005,0.043,0.041,0.06
32,B1_1,0.21,0.053,0.095,0.3,0.013,0.02,0.014,0.02,0.013,0.012,0.018,0.007,0.007,0.057,0.117,0.045
32,B1_2,0.296,0.065,0.116,0.236,0.009,0.005,0.011,0.071,0.034,0.019,0.011,0.012,0.009,0.044,0.044,0.019
32,B1_3,0.114,0.171,0.091,0.126,0.026,0.019,0.03,0.043,0.017,0.012,0.012,0.023,0.021,0.076,0.17,0.048
32,A2_1,0.112,0.013,0.025,0.012,0.025,0.018,0.027,0.012,0.033,0.012,0.036,0.392,0.128,0.051,0.055,0.049
32,A2_2,0.097,0.007,0.009,0.023,0.023,0.044,0.011,0.007,0.008,0.022,0.323,0.038,0.023,0.108,0.128,0.129
32,A2_3,0.361,0.007,0.047,0.028,0.007,0.004,0.011,0.01,0.018,0.01,0.181,0.109,0.081,0.026,0.036,0.062
32,B2_1,0.294,0.009,0.014,0.024,0.009,0.01,0.031,0.057,0.181,0.098,0.023,0.017,0.018,0.135,0.053,0.027
32,B2_2,0.068,0.013,0.027,0.02,0.016,0.005,0.014,0.498,0.13,0.074,0.005,0.014,0.007,0.041,0.049,0.018
32,B2_3,0.153,0.009,0.02,0.021,0.008,0.005,0.025,0.121,0.306,0.092,0.009,0.033,0.025,0.097,0.056,0.02
32,y1,0.644,0.019,0.073,0.052,0.009,0.004,0.016,0.018,0.022,0.009,0.029,0.027,0.022,0.019,0.015,0.022
32,y2,0.476,0.018,0.054,0.016,0.018,0.007,0.063,0.027,0.073,0.014,0.014,0.071,0.064,0.026,0.028,0.031
32,y3,0.387,0.023,0.092,0.041,0.033,0.013,0.029,0.062,0.057,0.018,0.019,0.089,0.038,0.027,0.033,0.038
34,.,0.115,0.018,0.039,0.028,0.103,0.131,0.113,0.071,0.057,0.033,0.014,0.014,0.011,0.102,0.092,0.058
34,A1_1,0.237,0.016,0.023,0.027,0.139,0.139,0.178,0.017,0.056,0.024,0.005,0.015,0.007,0.028,0.038,0.051
34,A1_2,0.185,0.036,0.029,0.062,0.089,0.029,0.071,0.009,0.01,0.03,0.016,0.018,0.013,0.045,0.093,0.268
34,A1_3,0.034,0.002,0.005,0.002,0.094,0.644,0.074,0.01,0.055,0.006,0.001,0.008,0.001,0.025,0.021,0.018
34,B1_1,0.13,0.084,0.181,0.326,0.012,0.004,0.024,0.007,0.008,0.018,0.01,0.01,0.013,0.043,0.044,0.086
34,B1_2,0.126,0.105,0.128,0.314,0.013,0.003,0.022,0.008,0.009,0.024,0.009,0.006,0.011,0.058,0.047,0.115
34,B1_3,0.172,0.086,0.276,0.2,0.012,0.006,0.02,0.015,0.012,0.025,0.007,0.007,0.011,0.054,0.037,0.06
34,A2_1,0.233,0.011,0.023,0.028,0.018,0.025,0.018,0.014,0.016,0.03,0.047,0.146,0.066,0.072,0.088,0.165
34,A2_2,0.32,0.019,0.02,0.021,0.009,0.013,0.023,0.027,0.051,0.028,0.098,0.067,0.17,0.054,0.042,0.038
34,A2_3,0.144,0.006,0.004,0.005,0.004,0.003,0.013,0.005,0.006,0.007,0.357,0.102,0.281,0.011,0.03,0.022
34,B2_1,0.188,0.009,0.013,0.011,0.035,0.012,0.015,0.192,0.033,0.27,0.005,0.006,0.008,0.073,0.067,0.063
34,B2_2,0.194,0.005,0.009,0.004,0.011,0.01,0.009,0.49,0.054,0.096,0.007,0.006,0.014,0.068,0.016,0.009
34,B2_3,0.201,0.013,0.016,0.014,0.02,0.012,0.013,0.277,0.047,0.141,0.01,0.008,0.016,0.128,0.044,0.041
34,y1,0.468,0.023,0.027,0.028,0.033,0.019,0.053,0.043,0.051,0.065,0.018,0.024,0.034,0.032,0.039,0.04
34,y2,0.553,0.022,0.015,0.021,0.01,0.004,0.029,0.012,0.019,0.029,0.064,0.043,0.115,0.012,0.023,0.028
34,y3,0.256,0.01,0.012,0.011,0.061,0.139,0.126,0.036,0.196,0.031,0.008,0.019,0.017,0.03,0.03,0.019
36,.,0.1,0.025,0.028,0.037,0.026,0.026,0.026,0.042,0.024,0.061,0.029,0.015,0.025,0.301,0.066,0.169
36,A1_1,0.184,0.042,0.014,0.028,0.049,0.185,0.111,0.008,0.02,0.015,0.037,0.024,0.045,0.068,0.111,0.059
36,A1_2,0.184,0.026,0.012,0.025,0.061,0.134,0.293,0.015,0.016,0.018,0.009,0.005,0.012,0.067,0.085,0.038
36,A1_3,0.18,0.028,0.013,0.031,0.062,0.202,0.205,0.021,0.012,0.009,0.024,0.013,0.048,0.062,0.046,0.046
36,B1_1,0.081,0.094,0.194,0.271,0.022,0.012,0.023,0.016,0.022,0.026,0.003,0.015,0.006,0.116,0.04,0.058
36,B1_2,0.063,0.271,0.029,0.078,0.013,0.025,0.014,0.011,0.014,0.02,0.021,0.026,0.02,0.208,0.087,0.1
36,B1_3,0.029,0.016,0.733,0.061,0.011,0.005,0.009,0.005,0.003,0.009,0.003,0.008,0.002,0.051,0.008,0.047
36,A2_1,0.137,0.038,0.014,0.029,0.033,0.13,0.043,0.019,0.015,0.014,0.083,0.046,0.107,0.133,0.055,0.104
36,A2_2,0.034,0.006,0.004,0.002,0.007,0.014,0.003,0.005,0.005,0.005,0.693,0.037,0.043,0.042,0.023,0.076
36,A2_3,0.133,0.035,0.042,0.087,0.021,0.031,0.008,0.024,0.044,0.031,0.068,0.11,0.101,0.114,0.05,0.103
36,B2_1,0.302,0.01,0.006,0.03,0.024,0.03,0.025,0.112,0.136,0.123,0.016,0.008,0.041,0.051,0.06,0.028
36,B2_2,0.231,0.005,0.007,0.015,0.009,0.008,0.008,0.195,0.121,0.275,0.009,0.003,0.013,0.047,0.033,0.019
36,B2_3,0.241,0.01,0.012,0.033,0.014,0.012,0.01,0.228,0.107,0.142,0.021,0.008,0.032,0.065,0.032,0.032
36,y1,0.217,0.064,0.041,0.128,0.039,0.07,0.043,0.041,0.037,0.024,0.019,0.036,0.065,0.076,0.048,0.051
36,y2,0.309,0.026,0.078,0.055,0.027,0.032,0.028,0.119,0.048,0.077,0.023,0.016,0.032,0.058,0.033,0.04
36,y3,0.279,0.033,0.023,0.06,0.024,0.037,0.021,0.154,0.053,0.05,0.034,0.024,0.083,0.058,0.031,0.036
38,.,0.16,0.023,0.103,0.04,0.03,0.021,0.017,0.014,0.035,0.019,0.011,0.016,0.027,0.14,0.25,0.095
38,A1_1,0.263,0.029,0.02,0.022,0.07,0.187,0.056,0.01,0.014,0.005,0.021,0.09,0.011,0.064,0.051,0.087
38,A1_2,0.276,0.009,0.027,0.021,0.118,0.055,0.101,0.01,0.04,0.023,0.01,0.017,0.015,0.089,0.105,0.082
38,A1_3,0.174,0.01,0.012,0.017,0.21,0.097,0.106,0.014,0.029,0.021,0.007,0.015,0.007,0.062,0.098,0.123
38,B1_1,0.491,0.051,0.122,0.072,0.008,0.01,0.014,0.009,0.019,0.011,0.017,0.013,0.058,0.047,0.03,0.028
38,B1_2,0.206,0.037,0.108,0.101,0.03,0.028,0.013,0.041,0.03,0.018,0.005,0.017,0.011,0.084,0.145,0.127
38,B1_3,0.555,0.026,0.098,0.111,0.004,0.005,0.01,0.017,0.026,0.011,0.01,0.006,0.033,0.044,0.018,0.027
38,A2_1,0.172,0.03,0.016,0.005,0.023,0.025,0.006,0.004,0.008,0.004,0.025,0.499,0.021,0.071,0.05,0.041
38,A2_2,0.605,0.03,0.007,0.009,0.005,0.006,0.013,0.009,0.026,0.015,0.08,0.028,0.102,0.037,0.009,0.019
38,A2_3,0.496,0.029,0.026,0.021,0.013,0.011,0.013,0.022,0.021,0.014,0.036,0.1,0.06,0.059,0.024,0.056
38,B2_1,0.329,0.01,0.015,0.017,0.018,0.012,0.015,0.031,0.183,0.04,0.015,0.012,0.015,0.133,0.101,0.054
38,B2_2,0.359,0.011,0.032,0.019,0.013,0.008,0.009,0.026,0.108,0.026,0.017,0.042,0.022,0.151,0.099,0.056
38,B2_3,0.405,0.008,0.028,0.022,0.018,0.008,0.026,0.024,0.171,0.032,0.02,0.01,0.027,0.09,0.061,0.049
38,y1,0.766,0.016,0.009,0.016,0.007,0.004,0.018,0.013,0.038,0.022,0.016,0.007,0.032,0.019,0.006,0.011
38,y2,0.59,0.071,0.026,0.04,0.012,0.008,0.021,0.018,0.025,0.037,0.018,0.004,0.079,0.019,0.013,0.02
38,y3,0.484,0.177,0.025,0.028,0.017,0.022,0.01,0.011,0.015,0.015,0.025,0.04,0.047,0.031,0.023,0.029
40,.,0.084,0.034,0.02,0.052,0.056,0.032,0.04,0.012,0.013,0.051,0.024,0.025,0.037,0.056,0.054,0.412
40,A1_1,0.076,0.009,0.004,0.006,0.064,0.062,0.316,0.009,0.008,0.013,0.018,0.049,0.052,0.078,0.037,0.2
40,A1_2,0.043,0.007,0.003,0.004,0.231,0.075,0.49,0.006,0.006,0.007,0.004,0.008,0.009,0.022,0.015,0.068
40,A1_3,0.072,0.013,0.015,0.009,0.365,0.147,0.264,0.011,0.007,0.004,0.004,0.005,0.004,0.027,0.02,0.034
40,B1_1,0.291,0.025,0.475,0.071,0.019,0.025,0.009,0.017,0.008,0.002,0.006,0.004,0.004,0.017,0.014,0.013
40,B1_2,0.39,0.049,0.291,0.127,0.013,0.021,0.009,0.013,0.006,0.004,0.009,0.008,0.01,0.02,0.016,0.014
40,B1_3,0.226,0.062,0.404,0.177,0.017,0.02,0.008,0.011,0.005,0.005,0.005,0.005,0.005,0.015,0.015,0.02
40,A2_1,0.301,0.01,0.024,0.017,0.007,0.019,0.018,0.017,0.01,0.008,0.047,0.208,0.212,0.036,0.019,0.047
40,A2_2,0.391,0.013,0.053,0.031,0.008,0.017,0.013,0.017,0.015,0.008,0.064,0.06,0.09,0.064,0.035,0.12
40,A2_3,0.503,0.009,0.137,0.025,0.009,0.022,0.008,0.062,0.032,0.006,0.033,0.041,0.035,0.037,0.023,0.017
40,B2_1,0.523,0.008,0.123,0.018,0.012,0.015,0.007,0.076,0.051,0.01,0.019,0.013,0.013,0.051,0.038,0.024
40,B2_2,0.489,0.014,0.052,0.022,0.007,0.006,0.005,0.097,0.065,0.091,0.011,0.013,0.017,0.039,0.043,0.029
40,B2_3,0.346,0.006,0.043,0.01,0.017,0.009,0.008,0.212,0.147,0.093,0.007,0.007,0.007,0.034,0.039,0.017
40,y1,0.415,0.028,0.094,0.036,0.075,0.061,0.118,0.032,0.017,0.011,0.01,0.022,0.021,0.021,0.016,0.022
40,y2,0.626,0.013,0.115,0.021,0.017,0.02,0.017,0.057,0.025,0.008,0.008,0.017,0.015,0.019,0.015,0.007
40,y3,0.402,0.013,0.014,0.014,0.021,0.019,0.051,0.062,0.038,0.072,0.021,0.085,0.104,0.028,0.022,0.034
42,.,0.1,0.017,0.013,0.028,0.019,0.024,0.024,0.031,0.047,0.052,0.082,0.041,0.04,0.166,0.152,0.165
42,A1_1,0.093,0.004,0.003,0.051,0.069,0.034,0.093,0.007,0.019,0.021,0.029,0.008,0.009,0.473,0.058,0.028
42,A1_2,0.42,0.021,0.018,0.023,0.103,0.126,0.039,0.029,0.008,0.011,0.013,0.009,0.016,0.05,0.054,0.06
42,A1_3,0.235,0.009,0.009,0.026,0.108,0.215,0.099,0.002,0.005,0.008,0.018,0.007,0.009,0.197,0.033,0.02
42,B1_1,0.267,0.092,0.057,0.28,0.026,0.03,0.031,0.016,0.014,0.026,0.006,0.004,0.006,0.047,0.048,0.049
42,B1_2,0.344,0.167,0.105,0.076,0.022,0.046,0.015,0.015,0.012,0.015,0.009,0.014,0.016,0.033,0.049,0.061
42,B1_3,0.442,0.098,0.135,0.041,0.018,0.036,0.013,0.012,0.011,0.006,0.008,0.008,0.013,0.018,0.049,0.092
42,A2_1,0.183,0.017,0.019,0.021,0.023,0.046,0.032,0.011,0.019,0.016,0.115,0.056,0.059,0.123,0.12,0.139
42,A2_2,0.239,0.023,0.026,0.012,0.019,0.037,0.019,0.024,0.029,0.02,0.089,0.057,0.069,0.067,0.119,0.153
42,A2_3,0.079,0.009,0.009,0.013,0.009,0.014,0.02,0.009,0.034,0.024,0.216,0.084,0.073,0.176,0.128,0.104
42,B2_1,0.127,0.009,0.008,0.021,0.009,0.005,0.021,0.032,0.371,0.105,0.027,0.024,0.015,0.145,0.048,0.033
42,B2_2,0.281,0.024,0.016,0.017,0.026,0.017,0.011,0.288,0.032,0.03,0.012,0.01,0.019,0.015,0.081,0.119
42,B2_3,0.289,0.02,0.016,0.024,0.024,0.018,0.019,0.143,0.056,0.042,0.031,0.021,0.03,0.037,0.103,0.127
42,y1,0.551,0.099,0.089,0.023,0.024,0.076,0.013,0.011,0.009,0.008,0.005,0.011,0.013,0.014,0.022,0.032
42,y2,0.517,0.018,0.017,0.026,0.035,0.059,0.053,0.022,0.037,0.033,0.024,0.02,0.02,0.056,0.036,0.027
42,y3,0.685,0.032,0.034,0.02,0.04,0.061,0.026,0.012,0.015,0.009,0.004,0.006,0.007,0.02,0.014,0.014
44,.,0.184,0.024,0.037,0.017,0.015,0.04,0.047,0.069,0.078,0.016,0.03,0.048,0.044,0.094,0.144,0.112
44,A1_1,0.248,0.019,0.02,0.008,0.081,0.047,0.075,0.017,0.02,0.018,0.023,0.02,0.015,0.088,0.212,0.089
44,A1_2,0.302,0.03,0.022,0.018,0.17,0.033,0.075,0.021,0.025,0.023,0.013,0.011,0.009,0.062,0.136,0.052
44,A1_3,0.333,0.021,0.039,0.011,0.075,0.041,0.079,0.02,0.022,0.014,0.03,0.012,0.021,0.077,0.134,0.071
44,B1_1,0.147,0.086,0.158,0.037,0.018,0.032,0.041,0.007,0.015,0.01,0.022,0.021,0.05,0.062,0.134,0.159
44,B1_2,0.125,0.151,0.1,0.388,0.013,0.008,0.011,0.028,0.058,0.027,0.004,0.007,0.015,0.021,0.019,0.024
44,B1_3,0.214,0.079,0.279,0.097,0.021,0.014,0.043,0.023,0.027,0.007,0.012,0.009,0.031,0.035,0.053,0.055
44,A2_1,0.235,0.015,0.024,0.02,0.028,0.054,0.026,0.044,0.025,0.024,0.076,0.118,0.076,0.049,0.082,0.103
44,A2_2,0.179,0.016,0.038,0.017,0.009,0.039,0.02,0.035,0.03,0.015,0.094,0.066,0.103,0.084,0.092,0.162
44,A2_3,0.169,0.008,0.016,0.008,0.014,0.035,0.012,0.015,0.01,0.017,0.162,0.068,0.084,0.082,0.092,0.209
44,B2_1,0.126,0.022,0.009,0.023,0.006,0.017,0.019,0.136,0.338,0.045,0.01,0.015,0.015,0.105,0.068,0.045
44,B2_2,0.151,0.008,0.007,0.011,0.008,0.018,0.023,0.221,0.229,0.026,0.017,0.019,0.014,0.119,0.083,0.047
44,B2_3,0.148,0.013,0.009,0.03,0.009,0.012,0.016,0.274,0.276,0.033,0.011,0.022,0.014,0.061,0.041,0.03
44,y1,0.349,0.033,0.065,0.051,0.037,0.063,0.058,0.062,0.058,0.025,0.024,0.031,0.05,0.028,0.041,0.026
44,y2,0.313,0.031,0.05,0.052,0.032,0.034,0.056,0.115,0.121,0.027,0.015,0.024,0.03,0.033,0.043,0.025
44,y3,0.368,0.029,0.041,0.04,0.041,0.048,0.035,0.034,0.037,0.037,0.049,0.026,0.051,0.052,0.056,0.055
46,.,0.109,0.012,0.026,0.033,0.037,0.025,0.031,0.033,0.017,0.044,0.07,0.014,0.013,0.161,0.183,0.193
46,A1_1,0.201,0.024,0.032,0.033,0.053,0.102,0.071,0.017,0.017,0.013,0.008,0.017,0.014,0.092,0.126,0.182
46,A1_2,0.037,0.007,0.006,0.017,0.209,0.052,0.071,0.009,0.008,0.021,0.019,0.007,0.003,0.104,0.09,0.34
46,A1_3,0.067,0.006,0.007,0.015,0.127,0.068,0.066,0.013,0.01,0.024,0.02,0.013,0.007,0.14,0.107,0.311
46,B1_1,0.336,0.07,0.136,0.108,0.014,0.022,0.018,0.017,0.01,0.014,0.011,0.019,0.026,0.039,0.105,0.056
46,B1_2,0.297,0.145,0.182,0.111,0.027,0.013,0.017,0.017,0.013,0.02,0.018,0.008,0.015,0.03,0.051,0.036
46,B1_3,0.366,0.101,0.325,0.066,0.004,0.006,0.006,0.017,0.008,0.013,0.004,0.003,0.015,0.017,0.036,0.013
46,A2_1,0.417,0.025,0.036,0.025,0.014,0.026,0.02,0.021,0.022,0.018,0.078,0.048,0.105,0.064,0.044,0.038
46,A2_2,0.017,0.001,0.002,0.004,0.005,0.002,0.003,0.004,0.003,0.006,0.884,0.014,0.014,0.018,0.011,0.013
46,A2_3,0.146,0.009,0.012,0.02,0.028,0.016,0.019,0.017,0.013,0.027,0.411,0.055,0.059,0.061,0.046,0.061
46,B2_1,0.209,0.009,0.015,0.014,0.017,0.006,0.014,0.114,0.103,0.32,0.021,0.008,0.014,0.055,0.037,0.044
46,B2_2,0.225,0.012,0.03,0.018,0.012,0.007,0.012,0.125,0.077,0.263,0.027,0.007,0.016,0.062,0.063,0.045
46,B2_3,0.29,0.022,0.038,0.022,0.014,0.008,0.017,0.118,0.137,0.175,0.022,0.006,0.014,0.043,0.039,0.036
46,y1,0.375,0.071,0.062,0.049,0.076,0.025,0.033,0.028,0.03,0.068,0.027,0.016,0.025,0.031,0.034,0.049
46,y2,0.498,0.055,0.061,0.031,0.036,0.026,0.04,0.032,0.048,0.04,0.016,0.014,0.029,0.021,0.02,0.031
46,y3,0.377,0.059,0.052,0.03,0.055,0.023,0.033,0.028,0.039,0.047,0.117,0.02,0.043,0.025,0.021,0.029
48,.,0.127,0.036,0.069,0.033,0.03,0.04,0.018,0.022,0.025,0.016,0.034,0.025,0.023,0.227,0.118,0.157
48,A1_1,0.212,0.025,0.022,0.012,0.091,0.125,0.106,0.014,0.031,0.013,0.014,0.015,0.017,0.116,0.107,0.081
48,A1_2,0.341,0.034,0.027,0.014,0.039,0.079,0.098,0.022,0.028,0.016,0.01,0.018,0.021,0.089,0.091,0.074
48,A1_3,0.184,0.015,0.022,0.013,0.259,0.121,0.07,0.005,0.034,0.007,0.022,0.03,0.019,0.073,0.073,0.053
48,B1_1,0.346,0.079,0.182,0.072,0.021,0.021,0.015,0.016,0.014,0.013,0.022,0.018,0.02,0.049,0.029,0.083
48,B1_2,0.475,0.097,0.103,0.033,0.014,0.022,0.021,0.019,0.022,0.016,0.009,0.007,0.016,0.044,0.039,0.061
48,B1_3,0.398,0.124,0.176,0.044,0.007,0.013,0.014,0.017,0.009,0.012,0.014,0.014,0.024,0.042,0.024,0.068
48,A2_1,0.326,0.019,0.026,0.012,0.036,0.03,0.019,0.013,0.034,0.011,0.082,0.133,0.113,0.045,0.044,0.058
48,A2_2,0.242,0.014,0.029,0.014,0.02,0.017,0.008,0.013,0.028,0.009,0.13,0.158,0.164,0.043,0.038,0.075
48,A2_3,0.181,0.006,0.012,0.014,0.046,0.033,0.016,0.021,0.036,0.017,0.162,0.206,0.09,0.046,0.043,0.07
48,B2_1,0.352,0.013,0.01,0.01,0.018,0.019,0.015,0.066,0.186,0.071,0.02,0.018,0.017,0.057,0.094,0.037
48,B2_2,0.23,0.024,0.02,0.022,0.006,0.016,0.016,0.168,0.06,0.09,0.021,0.015,0.014,0.118,0.097,0.081
48,B2_3,0.323,0.014,0.01,0.009,0.023,0.025,0.016,0.047,0.198,0.059,0.015,0.012,0.015,0.066,0.124,0.045
48,y1,0.477,0.017,0.016,0.011,0.085,0.041,0.033,0.016,0.076,0.026,0.046,0.04,0.034,0.023,0.032,0.028
48,y2,0.52,0.033,0.04,0.016,0.032,0.019,0.018,0.012,0.033,0.013,0.048,0.082,0.062,0.022,0.022,0.028
48,y3,0.615,0.054,0.023,0.011,0.018,0.026,0.042,0.031,0.033,0.04,0.016,0.011,0.018,0.017,0.021,0.025
50,.,0.129,0.026,0.023,0.023,0.041,0.036,0.046,0.088,0.034,0.035,0.023,0.032,0.042,0.13,0.169,0.121
50,A1_1,0.058,0.009,0.014,0.009,0.113,0.139,0.142,0.01,0.011,0.013,0.01,0.013,0.012,0.111,0.195,0.138
50,A1_2,0.115,0.022,0.02,0.017,0.168,0.109,0.2,0.014,0.012,0.016,0.01,0.014,0.014,0.09,0.093,0.085
50,A1_3,0.176,0.012,0.008,0.006,0.299,0.154,0.086,0.015,0.02,0.026,0.014,0.028,0.027,0.05,0.048,0.03
50,B1_1,0.405,0.047,0.033,0.211,0.008,0.004,0.014,0.016,0.024,0.03,0.008,0.035,0.012,0.065,0.029,0.061
50,B1_2,0.292,0.14,0.052,0.187,0.011,0.007,0.017,0.049,0.013,0.018,0.009,0.013,0.016,0.078,0.033,0.065
50,B1_3,0.158,0.044,0.073,0.092,0.026,0.031,0.054,0.018,0.012,0.015,0.014,0.018,0.012,0.134,0.14,0.159
50,A2_1,0.403,0.009,0.005,0.01,0.017,0.011,0.011,0.016,0.004,0.015,0.054,0.225,0.156,0.033,0.016,0.017
