,,.,A1_1,A1_2,A1_3,B1_1,B1_2,B1_3,A2_1,A2_2,A2_3,B2_1,B2_2,B2_3,y1,y2,y3
2,.,1.0,0.428,0.024,0.408,0.421,0.482,0.233,-0.206,-0.251,-0.707,-0.285,-0.464,-0.029,-0.352,-0.718,-0.822
2,A1_1,0.428,1.0,0.29,0.666,0.114,-0.081,0.164,0.034,-0.066,-0.296,-0.387,-0.702,-0.691,-0.102,-0.214,-0.238
2,A1_2,0.024,0.29,1.0,0.335,-0.154,-0.179,-0.576,-0.173,0.122,0.021,-0.565,-0.184,-0.158,-0.064,-0.355,-0.174
2,A1_3,0.408,0.666,0.335,1.0,0.41,-0.073,0.241,-0.508,-0.208,-0.759,-0.174,-0.07,-0.161,-0.693,-0.636,-0.348
2,B1_1,0.421,0.114,-0.154,0.41,1.0,0.531,0.495,-0.225,-0.3,-0.599,-0.209,0.145,-0.225,-0.403,-0.603,-0.205
2,B1_2,0.482,-0.081,-0.179,-0.073,0.531,1.0,0.134,-0.349,-0.624,-0.293,-0.198,-0.011,-0.063,0.177,-0.341,-0.262
2,B1_3,0.233,0.164,-0.576,0.241,0.495,0.134,1.0,0.258,0.168,-0.415,-0.14,0.138,-0.18,-0.296,-0.045,-0.001
2,A2_1,-0.206,0.034,-0.173,-0.508,-0.225,-0.349,0.258,1.0,0.691,0.566,-0.305,-0.324,-0.435,0.457,0.55,0.303
2,A2_2,-0.251,-0.066,0.122,-0.208,-0.3,-0.624,0.168,0.691,1.0,0.379,-0.381,-0.133,-0.089,-0.072,0.181,0.035
2,A2_3,-0.707,-0.296,0.021,-0.759,-0.599,-0.293,-0.415,0.566,0.379,1.0,0.005,-0.106,-0.24,0.788,0.784,0.629
2,B2_1,-0.285,-0.387,-0.565,-0.174,-0.209,-0.198,-0.14,-0.305,-0.381,0.005,1.0,0.376,0.542,-0.076,0.311,0.226
2,B2_2,-0.464,-0.702,-0.184,-0.07,0.145,-0.011,0.138,-0.324,-0.133,-0.106,0.376,1.0,0.582,-0.218,0.073,0.415
2,B2_3,-0.029,-0.691,-0.158,-0.161,-0.225,-0.063,-0.18,-0.435,-0.089,-0.24,0.542,0.582,1.0,-0.407,-0.156,-0.266
2,y1,-0.352,-0.102,-0.064,-0.693,-0.403,0.177,-0.296,0.457,-0.072,0.788,-0.076,-0.218,-0.407,1.0,0.715,0.571
2,y2,-0.718,-0.214,-0.355,-0.636,-0.603,-0.341,-0.045,0.55,0.181,0.784,0.311,0.073,-0.156,0.715,1.0,0.773
2,y3,-0.822,-0.238,-0.174,-0.348,-0.205,-0.262,-0.001,0.303,0.035,0.629,0.226,0.415,-0.266,0.571,0.773,1.0
4,.,1.0,-0.712,0.535,0.406,-0.125,-0.27,0.027,-0.26,-0.302,-0.207,-0.441,-0.25,-0.451,0.282,-0.868,0.162
4,A1_1,-0.712,1.0,-0.593,-0.348,0.297,0.181,0.127,0.108,0.252,0.34,0.072,0.061,0.583,-0.399,0.427,-0.298
4,A1_2,0.535,-0.593,1.0,0.546,-0.45,-0.232,-0.424,0.166,-0.393,0.144,-0.006,-0.084,-0.117,0.602,-0.465,0.604
4,A1_3,0.406,-0.348,0.546,1.0,-0.216,-0.197,-0.288,-0.24,-0.735,-0.099,0.138,-0.085,-0.078,0.132,-0.556,-0.216
4,B1_1,-0.125,0.297,-0.45,-0.216,1.0,0.745,0.779,-0.345,-0.409,-0.19,-0.604,-0.253,0.079,-0.453,0.298,-0.479
4,B1_2,-0.27,0.181,-0.232,-0.197,0.745,1.0,0.779,-0.209,-0.334,-0.083,-0.533,-0.033,0.152,-0.119,0.386,-0.173
4,B1_3,0.027,0.127,-0.424,-0.288,0.779,0.779,1.0,-0.19,-0.242,-0.078,-0.789,-0.366,-0.073,-0.344,0.049,-0.345
4,A2_1,-0.26,0.108,0.166,-0.24,-0.345,-0.209,-0.19,1.0,0.196,0.883,0.083,-0.544,-0.325,-0.304,0.186,0.156
4,A2_2,-0.302,0.252,-0.393,-0.735,-0.409,-0.334,-0.242,0.196,1.0,0.049,0.337,0.399,0.111,0.133,0.256,0.353
4,A2_3,-0.207,0.34,0.144,-0.099,-0.19,-0.083,-0.078,0.883,0.049,1.0,-0.103,-0.591,-0.205,-0.393,0.011,-0.005
4,B2_1,-0.441,0.072,-0.006,0.138,-0.604,-0.533,-0.789,0.083,0.337,-0.103,1.0,0.468,0.129,0.129,0.321,0.107
4,B2_2,-0.25,0.061,-0.084,-0.085,-0.253,-0.033,-0.366,-0.544,0.399,-0.591,0.468,1.0,0.595,0.63,0.254,0.318
4,B2_3,-0.451,0.583,-0.117,-0.078,0.079,0.152,-0.073,-0.325,0.111,-0.205,0.129,0.595,1.0,0.415,0.271,0.219
4,y1,0.282,-0.399,0.602,0.132,-0.453,-0.119,-0.344,-0.304,0.133,-0.393,0.129,0.63,0.415,1.0,-0.217,0.821
4,y2,-0.868,0.427,-0.465,-0.556,0.298,0.386,0.049,0.186,0.256,0.011,0.321,0.254,0.271,-0.217,1.0,-0.05
4,y3,0.162,-0.298,0.604,-0.216,-0.479,-0.173,-0.345,0.156,0.353,-0.005,0.107,0.318,0.219,0.821,-0.05,1.0
6,.,1.0,-0.166,0.455,0.122,0.523,-0.081,0.16,0.174,0.526,0.07,0.074,-0.169,0.197,-0.394,-0.756,-0.465
6,A1_1,-0.166,1.0,0.397,0.116,-0.499,-0.533,-0.565,-0.131,-0.191,-0.047,0.181,0.323,0.365,0.005,-0.4,-0.311
6,A1_2,0.455,0.397,1.0,0.502,0.366,-0.484,-0.06,-0.393,-0.031,-0.534,0.151,0.033,0.291,-0.142,-0.67,0.018
6,A1_3,0.122,0.116,0.502,1.0,0.287,-0.287,0.382,-0.168,-0.003,-0.558,-0.059,-0.175,-0.223,0.347,0.018,0.513
6,B1_1,0.523,-0.499,0.366,0.287,1.0,0.358,0.58,-0.272,0.063,-0.344,-0.071,-0.172,-0.299,-0.309,-0.287,0.039
6,B1_2,-0.081,-0.533,-0.484,-0.287,0.358,1.0,0.556,-0.304,-0.04,-0.196,0.142,-0.013,-0.213,-0.258,0.269,-0.08
6,B1_3,0.16,-0.565,-0.06,0.382,0.58,0.556,1.0,-0.374,0.027,-0.387,-0.231,-0.276,-0.364,0.157,0.304,0.448
6,A2_1,0.174,-0.131,-0.393,-0.168,-0.272,-0.304,-0.374,1.0,0.632,0.805,-0.299,-0.402,-0.301,0.078,-0.003,-0.309
6,A2_2,0.526,-0.191,-0.031,-0.003,0.063,-0.04,0.027,0.632,1.0,0.318,-0.472,-0.819,-0.411,0.2,-0.327,-0.318
6,A2_3,0.07,-0.047,-0.534,-0.558,-0.344,-0.196,-0.387,0.805,0.318,1.0,-0.245,-0.067,-0.074,-0.13,0.006,-0.474
6,B2_1,0.074,0.181,0.151,-0.059,-0.071,0.142,-0.231,-0.299,-0.472,-0.245,1.0,0.772,0.778,-0.718,-0.196,-0.272
6,B2_2,-0.169,0.323,0.033,-0.175,-0.172,-0.013,-0.276,-0.402,-0.819,-0.067,0.772,1.0,0.756,-0.546,-0.04,-0.176
6,B2_3,0.197,0.365,0.291,-0.223,-0.299,-0.213,-0.364,-0.301,-0.411,-0.074,0.778,0.756,1.0,-0.531,-0.356,-0.302
6,y1,-0.394,0.005,-0.142,0.347,-0.309,-0.258,0.157,0.078,0.2,-0.13,-0.718,-0.546,-0.531,1.0,0.483,0.631
6,y2,-0.756,-0.4,-0.67,0.018,-0.287,0.269,0.304,-0.003,-0.327,0.006,-0.196,-0.04,-0.356,0.483,1.0,0.705
6,y3,-0.465,-0.311,0.018,0.513,0.039,-0.08,0.448,-0.309,-0.318,-0.474,-0.272,-0.176,-0.302,0.631,0.705,1.0
8,.,1.0,-0.09,-0.23,0.088,-0.633,0.227,0.178,0.017,0.133,-0.331,0.031,0.228,0.267,-0.623,-0.802,-0.527
8,A1_1,-0.09,1.0,-0.427,-0.037,0.137,-0.118,-0.361,0.7,0.593,0.614,-0.144,0.259,-0.069,0.143,-0.269,0.105
8,A1_2,-0.23,-0.427,1.0,0.756,0.174,-0.219,-0.221,-0.193,-0.76,-0.405,0.049,-0.009,-0.551,-0.107,0.118,0.434
8,A1_3,0.088,-0.037,0.756,1.0,-0.017,-0.299,-0.514,0.3,-0.464,-0.047,-0.226,0.085,-0.529,-0.398,-0.242,0.409
8,B1_1,-0.633,0.137,0.174,-0.017,1.0,0.375,0.154,0.04,-0.015,0.265,-0.446,-0.347,-0.354,0.255,0.579,0.06
8,B1_2,0.227,-0.118,-0.219,-0.299,0.375,1.0,0.201,-0.35,0.002,-0.353,0.005,0.214,0.499,-0.419,0.079,-0.774
8,B1_3,0.178,-0.361,-0.221,-0.514,0.154,0.201,1.0,-0.31,0.133,-0.131,-0.201,-0.537,-0.184,0.209,0.017,-0.27
8,A2_1,0.017,0.7,-0.193,0.3,0.04,-0.35,-0.31,1.0,0.568,0.822,-0.449,-0.156,-0.387,-0.09,-0.187,0.089
8,A2_2,0.133,0.593,-0.76,-0.464,-0.015,0.002,0.133,0.568,1.0,0.671,-0.377,-0.323,0.193,0.291,-0.146,-0.359
8,A2_3,-0.331,0.614,-0.405,-0.047,0.265,-0.353,-0.131,0.822,0.671,1.0,-0.59,-0.447,-0.293,0.306,0.187,0.209
8,B2_1,0.031,-0.144,0.049,-0.226,-0.446,0.005,-0.201,-0.449,-0.377,-0.59,1.0,0.719,0.43,-0.154,0.035,-0.063
8,B2_2,0.228,0.259,-0.009,0.085,-0.347,0.214,-0.537,-0.156,-0.323,-0.447,0.719,1.0,0.444,-0.461,-0.33,-0.089
8,B2_3,0.267,-0.069,-0.551,-0.529,-0.354,0.499,-0.184,-0.387,0.193,-0.293,0.43,0.444,1.0,-0.172,-0.016,-0.584
8,y1,-0.623,0.143,-0.107,-0.398,0.255,-0.419,0.209,-0.09,0.291,0.306,-0.154,-0.461,-0.172,1.0,0.313,0.46
8,y2,-0.802,-0.269,0.118,-0.242,0.579,0.079,0.017,-0.187,-0.146,0.187,0.035,-0.33,-0.016,0.313,1.0,0.116
8,y3,-0.527,0.105,0.434,0.409,0.06,-0.774,-0.27,0.089,-0.359,0.209,-0.063,-0.089,-0.584,0.46,0.116,1.0
10,.,1.0,0.17,0.333,-0.154,-0.282,0.204,-0.37,0.322,-0.513,0.361,-0.377,0.011,-0.193,-0.893,-0.8,-0.426
10,A1_1,0.17,1.0,0.75,0.493,-0.5,-0.184,-0.192,-0.348,-0.41,-0.484,-0.189,-0.233,-0.47,0.162,0.218,0.487
10,A1_2,0.333,0.75,1.0,0.17,-0.415,0.01,-0.136,-0.409,-0.504,-0.145,-0.386,-0.223,-0.723,-0.087,0.03,0.341
10,A1_3,-0.154,0.493,0.17,1.0,0.138,-0.688,0.198,-0.15,0.038,-0.793,-0.427,-0.413,-0.012,0.301,0.173,0.264
10,B1_1,-0.282,-0.5,-0.415,0.138,1.0,0.165,0.871,-0.111,0.073,-0.152,-0.324,0.009,0.198,0.063,0.006,-0.429
10,B1_2,0.204,-0.184,0.01,-0.688,0.165,1.0,0.315,0.038,-0.023,0.563,-0.012,-0.03,-0.401,-0.361,-0.275,-0.282
10,B1_3,-0.37,-0.192,-0.136,0.198,0.871,0.315,1.0,-0.315,0.148,-0.267,-0.405,-0.191,-0.176,0.248,0.077,-0.306
10,A2_1,0.322,-0.348,-0.409,-0.15,-0.111,0.038,-0.315,1.0,0.292,0.649,-0.221,-0.387,0.023,-0.524,-0.455,-0.109
10,A2_2,-0.513,-0.41,-0.504,0.038,0.073,-0.023,0.148,0.292,1.0,0.06,0.142,-0.463,-0.004,0.303,-0.004,0.076
10,A2_3,0.361,-0.484,-0.145,-0.793,-0.152,0.563,-0.267,0.649,0.06,1.0,-0.025,-0.058,-0.192,-0.591,-0.405,-0.196
10,B2_1,-0.377,-0.189,-0.386,-0.427,-0.324,-0.012,-0.405,-0.221,0.142,-0.025,1.0,0.646,0.564,0.398,0.413,0.164
10,B2_2,0.011,-0.233,-0.223,-0.413,0.009,-0.03,-0.191,-0.387,-0.463,-0.058,0.646,1.0,0.663,0.119,0.147,-0.345
10,B2_3,-0.193,-0.47,-0.723,-0.012,0.198,-0.401,-0.176,0.023,-0.004,-0.192,0.564,0.663,1.0,0.143,0.154,-0.231
10,y1,-0.893,0.162,-0.087,0.301,0.063,-0.361,0.248,-0.524,0.303,-0.591,0.398,0.119,0.143,1.0,0.805,0.414
10,y2,-0.8,0.218,0.03,0.173,0.006,-0.275,0.077,-0.455,-0.004,-0.405,0.413,0.147,0.154,0.805,1.0,0.723
10,y3,-0.426,0.487,0.341,0.264,-0.429,-0.282,-0.306,-0.109,0.076,-0.196,0.164,-0.345,-0.231,0.414,0.723,1.0
12,.,1.0,0.255,0.579,0.466,-0.091,0.052,-0.358,-0.272,-0.274,0.026,-0.574,-0.369,0.076,-0.413,-0.474,-0.621
12,A1_1,0.255,1.0,0.522,0.765,-0.059,-0.075,0.451,-0.241,0.334,-0.397,-0.342,-0.383,-0.039,0.437,0.626,-0.423
12,A1_2,0.579,0.522,1.0,0.873,-0.237,-0.011,-0.152,-0.461,0.149,-0.317,-0.469,-0.204,-0.279,0.098,-0.013,-0.367
12,A1_3,0.466,0.765,0.873,1.0,-0.147,-0.327,0.023,-0.324,0.226,-0.595,-0.321,-0.144,-0.079,0.324,0.374,-0.303
12,B1_1,-0.091,-0.059,-0.237,-0.147,1.0,0.23,0.353,-0.199,-0.521,-0.149,-0.174,-0.173,-0.127,0.1,-0.057,-0.394
12,B1_2,0.052,-0.075,-0.011,-0.327,0.23,1.0,0.369,-0.339,-0.026,0.482,-0.567,-0.506,-0.374,-0.006,-0.372,-0.397
12,B1_3,-0.358,0.451,-0.152,0.023,0.353,0.369,1.0,-0.051,0.384,-0.198,-0.148,-0.28,-0.099,0.686,0.633,-0.214
12,A2_1,-0.272,-0.241,-0.461,-0.324,-0.199,-0.339,-0.051,1.0,0.476,0.414,0.15,-0.224,-0.265,0.009,0.202,0.572
12,A2_2,-0.274,0.334,0.149,0.226,-0.521,-0.026,0.384,0.476,1.0,0.01,-0.151,-0.295,-0.329,0.641,0.61,0.448
12,A2_3,0.026,-0.397,-0.317,-0.595,-0.149,0.482,-0.198,0.414,0.01,1.0,-0.175,-0.471,-0.483,-0.564,-0.522,-0.007
12,B2_1,-0.574,-0.342,-0.469,-0.321,-0.174,-0.567,-0.148,0.15,-0.151,-0.175,1.0,0.827,0.476,-0.113,0.227,0.418
12,B2_2,-0.369,-0.383,-0.204,-0.144,-0.173,-0.506,-0.28,-0.224,-0.295,-0.471,0.827,1.0,0.634,-0.076,0.045,0.396
12,B2_3,0.076,-0.039,-0.279,-0.079,-0.127,-0.374,-0.099,-0.265,-0.329,-0.483,0.476,0.634,1.0,-0.037,0.067,-0.014
12,y1,-0.413,0.437,0.098,0.324,0.1,-0.006,0.686,0.009,0.641,-0.564,-0.113,-0.076,-0.037,1.0,0.783,0.212
12,y2,-0.474,0.626,-0.013,0.374,-0.057,-0.372,0.633,0.202,0.61,-0.522,0.227,0.045,0.067,0.783,1.0,0.235
12,y3,-0.621,-0.423,-0.367,-0.303,-0.394,-0.397,-0.214,0.572,0.448,-0.007,0.418,0.396,-0.014,0.212,0.235,1.0
14,.,1.0,-0.159,0.21,0.193,-0.15,-0.075,-0.212,0.367,-0.43,-0.399,-0.339,-0.625,-0.162,-0.662,-0.088,-0.574
14,A1_1,-0.159,1.0,0.626,0.553,0.025,-0.215,-0.25,-0.643,-0.083,-0.61,-0.104,0.132,0.095,0.179,-0.042,0.04
14,A1_2,0.21,0.626,1.0,0.896,0.053,-0.206,-0.147,-0.429,-0.126,-0.578,-0.264,-0.487,-0.258,0.013,0.202,-0.043
14,A1_3,0.193,0.553,0.896,1.0,-0.004,-0.436,-0.246,-0.207,0.034,-0.403,-0.24,-0.385,-0.423,-0.268,-0.192,-0.023
14,B1_1,-0.15,0.025,0.053,-0.004,1.0,0.256,0.522,-0.074,-0.455,-0.146,-0.368,-0.408,-0.234,0.069,0.117,0.373
14,B1_2,-0.075,-0.215,-0.206,-0.436,0.256,1.0,0.781,-0.42,-0.126,-0.147,-0.13,0.016,0.47,0.308,0.74,-0.422
14,B1_3,-0.212,-0.25,-0.147,-0.246,0.522,0.781,1.0,-0.156,0.095,0.205,-0.508,-0.228,-0.129,0.25,0.56,0.006
14,A2_1,0.367,-0.643,-0.429,-0.207,-0.074,-0.42,-0.156,1.0,0.137,0.602,-0.231,-0.269,-0.532,-0.549,-0.51,0.128
14,A2_2,-0.43,-0.083,-0.126,0.034,-0.455,-0.126,0.095,0.137,1.0,0.667,-0.107,0.399,-0.206,0.018,-0.102,0.151
14,A2_3,-0.399,-0.61,-0.578,-0.403,-0.146,-0.147,0.205,0.602,0.667,1.0,-0.028,0.199,-0.401,0.09,-0.171,0.475
14,B2_1,-0.339,-0.104,-0.264,-0.24,-0.368,-0.13,-0.508,-0.231,-0.107,-0.028,1.0,0.63,0.62,0.294,-0.119,0.0
14,B2_2,-0.625,0.132,-0.487,-0.385,-0.408,0.016,-0.228,-0.269,0.399,0.199,0.63,1.0,0.626,0.246,-0.228,-0.037
14,B2_3,-0.162,0.095,-0.258,-0.423,-0.234,0.47,-0.129,-0.532,-0.206,-0.401,0.62,0.626,1.0,0.255,0.271,-0.504
14,y1,-0.662,0.179,0.013,-0.268,0.069,0.308,0.25,-0.549,0.018,0.09,0.294,0.246,0.255,1.0,0.648,0.447
14,y2,-0.088,-0.042,0.202,-0.192,0.117,0.74,0.56,-0.51,-0.102,-0.171,-0.119,-0.228,0.271,0.648,1.0,-0.111
14,y3,-0.574,0.04,-0.043,-0.023,0.373,-0.422,0.006,0.128,0.151,0.475,0.0,-0.037,-0.504,0.447,-0.111,1.0
16,.,1.0,-0.327,-0.249,0.059,-0.305,-0.293,-0.056,-0.585,-0.175,0.142,0.237,0.235,-0.169,-0.423,-0.635,-0.419
16,A1_1,-0.327,1.0,0.617,0.777,-0.109,-0.078,-0.614,0.147,-0.239,-0.511,-0.488,-0.093,-0.198,0.699,0.463,-0.026
16,A1_2,-0.249,0.617,1.0,0.62,0.321,0.104,-0.431,0.142,-0.109,-0.177,-0.697,-0.447,-0.637,0.608,0.226,0.34
16,A1_3,0.059,0.777,0.62,1.0,-0.094,-0.173,-0.497,-0.115,-0.493,-0.57,-0.373,-0.236,-0.38,0.414,-0.141,-0.184
16,B1_1,-0.305,-0.109,0.321,-0.094,1.0,0.667,0.402,-0.128,0.001,-0.043,-0.502,-0.392,-0.288,0.329,0.017,0.754
16,B1_2,-0.293,-0.078,0.104,-0.173,0.667,1.0,0.673,-0.192,-0.379,-0.452,-0.037,-0.352,0.206,0.316,0.076,0.379
16,B1_3,-0.056,-0.614,-0.431,-0.497,0.402,0.673,1.0,-0.012,-0.16,-0.075,0.507,-0.241,0.25,-0.408,-0.376,-0.017
16,A2_1,-0.585,0.147,0.142,-0.115,-0.128,-0.192,-0.012,1.0,0.514,0.323,0.202,-0.276,-0.296,0.074,0.27,-0.048
16,A2_2,-0.175,-0.239,-0.109,-0.493,0.001,-0.379,-0.16,0.514,1.0,0.903,-0.133,-0.164,-0.259,-0.125,0.202,0.067
16,A2_3,0.142,-0.511,-0.177,-0.57,-0.043,-0.452,-0.075,0.323,0.903,1.0,-0.022,-0.036,-0.319,-0.412,-0.045,0.015
16,B2_1,0.237,-0.488,-0.697,-0.373,-0.502,-0.037,0.507,0.202,-0.133,-0.022,1.0,0.17,0.373,-0.541,-0.404,-0.551
16,B2_2,0.235,-0.093,-0.447,-0.236,-0.392,-0.352,-0.241,-0.276,-0.164,-0.036,0.17,1.0,0.419,-0.24,0.325,0.038
16,B2_3,-0.169,-0.198,-0.637,-0.38,-0.288,0.206,0.25,-0.296,-0.259,-0.319,0.373,0.419,1.0,-0.181,0.248,-0.148
16,y1,-0.423,0.699,0.608,0.414,0.329,0.316,-0.408,0.074,-0.125,-0.412,-0.541,-0.24,-0.181,1.0,0.513,0.512
16,y2,-0.635,0.463,0.226,-0.141,0.017,0.076,-0.376,0.27,0.202,-0.045,-0.404,0.325,0.248,0.513,1.0,0.416
16,y3,-0.419,-0.026,0.34,-0.184,0.754,0.379,-0.017,-0.048,0.067,0.015,-0.551,0.038,-0.148,0.512,0.416,1.0
18,.,1.0,0.252,0.278,-0.123,0.36,-0.007,-0.089,-0.309,0.398,-0.363,0.011,-0.341,-0.318,-0.508,0.037,-0.421
18,A1_1,0.252,1.0,0.825,0.45,-0.331,-0.295,-0.055,0.073,-0.269,-0.307,-0.309,-0.459,-0.185,0.133,0.478,-0.123
18,A1_2,0.278,0.825,1.0,0.52,-0.338,-0.305,-0.156,-0.062,-0.236,-0.392,-0.492,-0.491,-0.454,-0.006,0.307,-0.072
18,A1_3,-0.123,0.45,0.52,1.0,-0.078,0.329,-0.003,-0.536,-0.846,-0.487,-0.414,-0.046,-0.024,-0.13,-0.169,0.142
18,B1_1,0.36,-0.331,-0.338,-0.078,1.0,0.695,0.636,-0.509,0.067,-0.015,-0.038,-0.404,-0.322,-0.09,-0.245,0.247
18,B1_2,-0.007,-0.295,-0.305,0.329,0.695,1.0,0.583,-0.651,-0.408,-0.272,-0.282,-0.058,0.085,-0.187,-0.535,0.145
18,B1_3,-0.089,-0.055,-0.156,-0.003,0.636,0.583,1.0,-0.008,-0.221,0.195,-0.337,-0.575,-0.431,0.092,0.027,0.55
18,A2_1,-0.309,0.073,-0.062,-0.536,-0.509,-0.651,-0.008,1.0,0.435,0.745,-0.036,-0.132,-0.144,0.141,0.255,-0.09
18,A2_2,0.398,-0.269,-0.236,-0.846,0.067,-0.408,-0.221,0.435,1.0,0.477,0.245,-0.128,-0.16,-0.08,-0.007,-0.448
18,A2_3,-0.363,-0.307,-0.392,-0.487,-0.015,-0.272,0.195,0.745,0.477,1.0,-0.041,-0.209,-0.256,0.088,-0.145,0.014
18,B2_1,0.011,-0.309,-0.492,-0.414,-0.038,-0.282,-0.337,-0.036,0.245,-0.041,1.0,0.595,0.535,0.308,0.449,0.194
18,B2_2,-0.341,-0.459,-0.491,-0.046,-0.404,-0.058,-0.575,-0.132,-0.128,-0.209,0.595,1.0,0.842,-0.028,-0.132,-0.112
18,B2_3,-0.318,-0.185,-0.454,-0.024,-0.322,0.085,-0.431,-0.144,-0.16,-0.256,0.535,0.842,1.0,0.198,-0.043,-0.229
18,y1,-0.508,0.133,-0.006,-0.13,-0.09,-0.187,0.092,0.141,-0.08,0.088,0.308,-0.028,0.198,1.0,0.589,0.489
18,y2,0.037,0.478,0.307,-0.169,-0.245,-0.535,0.027,0.255,-0.007,-0.145,0.449,-0.132,-0.043,0.589,1.0,0.467
18,y3,-0.421,-0.123,-0.072,0.142,0.247,0.145,0.55,-0.09,-0.448,0.014,0.194,-0.112,-0.229,0.489,0.467,1.0
20,.,1.0,-0.084,-0.264,0.305,0.036,0.018,-0.104,-0.132,-0.38,-0.027,0.016,0.393,0.114,-0.646,-0.808,-0.463
20,A1_1,-0.084,1.0,0.366,-0.217,0.502,-0.038,0.236,-0.31,-0.067,-0.092,-0.287,-0.205,-0.587,-0.156,0.276,-0.107
20,A1_2,-0.264,0.366,1.0,0.518,-0.065,0.011,-0.022,-0.29,-0.372,-0.642,-0.335,-0.54,-0.283,-0.308,0.476,-0.464
20,A1_3,0.305,-0.217,0.518,1.0,-0.303,-0.122,-0.415,-0.053,-0.461,-0.348,-0.353,-0.488,-0.001,-0.497,-0.069,-0.446
20,B1_1,0.036,0.502,-0.065,-0.303,1.0,0.643,0.836,-0.232,0.114,-0.171,-0.673,-0.095,-0.697,-0.337,-0.277,0.029
20,B1_2,0.018,-0.038,0.011,-0.122,0.643,1.0,0.791,-0.266,-0.086,-0.59,-0.376,0.145,-0.433,-0.35,-0.503,0.089
20,B1_3,-0.104,0.236,-0.022,-0.415,0.836,0.791,1.0,-0.461,-0.065,-0.405,-0.413,0.202,-0.42,-0.128,-0.228,0.088
20,A2_1,-0.132,-0.31,-0.29,-0.053,-0.232,-0.266,-0.461,1.0,0.826,0.548,-0.05,-0.404,-0.048,0.016,0.031,0.106
20,A2_2,-0.38,-0.067,-0.372,-0.461,0.114,-0.086,-0.065,0.826,1.0,0.654,-0.09,-0.312,-0.286,0.264,0.169,0.354
20,A2_3,-0.027,-0.092,-0.642,-0.348,-0.171,-0.59,-0.405,0.548,0.654,1.0,0.262,0.002,0.14,0.461,0.132,0.341
20,B2_1,0.016,-0.287,-0.335,-0.353,-0.673,-0.376,-0.413,-0.05,-0.09,0.262,1.0,0.695,0.741,0.513,0.051,0.154
20,B2_2,0.393,-0.205,-0.54,-0.488,-0.095,0.145,0.202,-0.404,-0.312,0.002,0.695,1.0,0.517,0.19,-0.473,0.111
20,B2_3,0.114,-0.587,-0.283,-0.001,-0.697,-0.433,-0.42,-0.048,-0.286,0.14,0.741,0.517,1.0,0.321,0.008,-0.148
20,y1,-0.646,-0.156,-0.308,-0.497,-0.337,-0.35,-0.128,0.016,0.264,0.461,0.513,0.19,0.321,1.0,0.587,0.742
20,y2,-0.808,0.276,0.476,-0.069,-0.277,-0.503,-0.228,0.031,0.169,0.132,0.051,-0.473,0.008,0.587,1.0,0.177
20,y3,-0.463,-0.107,-0.464,-0.446,0.029,0.089,0.088,0.106,0.354,0.341,0.154,0.111,-0.148,0.742,0.177,1.0
22,.,1.0,0.103,-0.064,-0.012,-0.553,0.139,-0.661,0.365,0.23,0.146,0.263,0.463,-0.153,-0.597,-0.34,-0.527
22,A1_1,0.103,1.0,0.594,0.619,-0.139,-0.6,-0.394,0.122,-0.509,-0.3,-0.345,-0.368,-0.389,-0.24,0.157,-0.213
22,A1_2,-0.064,0.594,1.0,0.878,0.077,-0.459,-0.258,-0.278,-0.683,-0.212,-0.489,-0.245,-0.239,0.167,0.117,-0.095
22,A1_3,-0.012,0.619,0.878,1.0,0.136,-0.351,-0.199,-0.478,-0.804,-0.611,-0.603,-0.18,-0.268,0.004,-0.138,-0.214
22,B1_1,-0.553,-0.139,0.077,0.136,1.0,0.019,0.818,-0.432,0.189,-0.229,-0.672,-0.743,-0.453,0.242,-0.325,-0.3
22,B1_2,0.139,-0.6,-0.459,-0.351,0.019,1.0,0.376,-0.282,0.303,-0.164,0.189,0.534,0.409,-0.286,-0.2,0.147
22,B1_3,-0.661,-0.394,-0.258,-0.199,0.818,0.376,1.0,-0.3,0.286,-0.179,-0.409,-0.462,-0.169,0.326,-0.038,0.164
22,A2_1,0.365,0.122,-0.278,-0.478,-0.432,-0.282,-0.3,1.0,0.493,0.637,0.253,-0.047,-0.349,0.069,0.494,0.076
22,A2_2,0.23,-0.509,-0.683,-0.804,0.189,0.303,0.286,0.493,1.0,0.596,0.205,-0.133,-0.236,-0.116,-0.143,-0.287
22,A2_3,0.146,-0.3,-0.212,-0.611,-0.229,-0.164,-0.179,0.637,0.596,1.0,0.514,0.006,0.039,0.135,0.301,0.071
22,B2_1,0.263,-0.345,-0.489,-0.603,-0.672,0.189,-0.409,0.253,0.205,0.514,1.0,0.628,0.691,-0.196,0.037,0.298
22,B2_2,0.463,-0.368,-0.245,-0.18,-0.743,0.534,-0.462,-0.047,-0.133,0.006,0.628,1.0,0.713,-0.303,0.023,0.314
22,B2_3,-0.153,-0.389,-0.239,-0.268,-0.453,0.409,-0.169,-0.349,-0.236,0.039,0.691,0.713,1.0,-0.102,0.113,0.549
22,y1,-0.597,-0.24,0.167,0.004,0.242,-0.286,0.326,0.069,-0.116,0.135,-0.196,-0.303,-0.102,1.0,0.442,0.526
22,y2,-0.34,0.157,0.117,-0.138,-0.325,-0.2,-0.038,0.494,-0.143,0.301,0.037,0.023,0.113,0.442,1.0,0.761
22,y3,-0.527,-0.213,-0.095,-0.214,-0.3,0.147,0.164,0.076,-0.287,0.071,0.298,0.314,0.549,0.526,0.761,1.0
24,.,1.0,-0.38,-0.02,0.244,0.45,0.212,-0.142,0.175,-0.486,-0.006,-0.209,-0.242,-0.237,-0.657,-0.754,-0.306
24,A1_1,-0.38,1.0,0.4,0.515,-0.358,-0.675,-0.513,-0.364,-0.102,-0.283,0.272,0.003,0.3,0.33,0.357,0.078
24,A1_2,-0.02,0.4,1.0,0.554,-0.104,-0.047,-0.036,-0.475,-0.226,0.167,-0.441,-0.219,-0.415,0.051,0.107,0.308
24,A1_3,0.244,0.515,0.554,1.0,-0.147,-0.301,-0.257,-0.472,-0.357,-0.058,-0.016,-0.439,-0.152,0.278,0.062,0.237
24,B1_1,0.45,-0.358,-0.104,-0.147,1.0,0.355,0.319,0.537,-0.242,-0.509,-0.205,-0.298,-0.393,-0.776,-0.521,-0.43
24,B1_2,0.212,-0.675,-0.047,-0.301,0.355,1.0,0.692,-0.146,-0.168,-0.125,-0.044,0.402,-0.009,-0.361,-0.47,-0.427
24,B1_3,-0.142,-0.513,-0.036,-0.257,0.319,0.692,1.0,-0.203,-0.304,-0.226,0.05,0.191,-0.2,-0.12,0.186,-0.135
24,A2_1,0.175,-0.364,-0.475,-0.472,0.537,-0.146,-0.203,1.0,0.474,0.111,-0.364,-0.467,-0.356,-0.356,-0.253,0.052
24,A2_2,-0.486,-0.102,-0.226,-0.357,-0.242,-0.168,-0.304,0.474,1.0,0.468,-0.215,-0.165,-0.017,0.47,0.166,0.407
24,A2_3,-0.006,-0.283,0.167,-0.058,-0.509,-0.125,-0.226,0.111,0.468,1.0,-0.617,-0.297,-0.416,0.392,0.193,0.747
24,B2_1,-0.209,0.272,-0.441,-0.016,-0.205,-0.044,0.05,-0.364,-0.215,-0.617,1.0,0.597,0.876,0.132,0.099,-0.607
24,B2_2,-0.242,0.003,-0.219,-0.439,-0.298,0.402,0.191,-0.467,-0.165,-0.297,0.597,1.0,0.786,-0.075,-0.118,-0.605
24,B2_3,-0.237,0.3,-0.415,-0.152,-0.393,-0.009,-0.2,-0.356,-0.017,-0.416,0.876,0.786,1.0,0.15,-0.072,-0.598
24,y1,-0.657,0.33,0.051,0.278,-0.776,-0.361,-0.12,-0.356,0.47,0.392,0.132,-0.075,0.15,1.0,0.721,0.643
24,y2,-0.754,0.357,0.107,0.062,-0.521,-0.47,0.186,-0.253,0.166,0.193,0.099,-0.118,-0.072,0.721,1.0,0.611
24,y3,-0.306,0.078,0.308,0.237,-0.43,-0.427,-0.135,0.052,0.407,0.747,-0.607,-0.605,-0.598,0.643,0.611,1.0
26,.,1.0,0.147,-0.38,0.633,0.063,0.055,0.404,-0.048,0.165,-0.27,-0.343,-0.494,-0.176,-0.838,-0.566,-0.711
26,A1_1,0.147,1.0,-0.024,0.61,-0.484,-0.437,-0.291,-0.472,0.256,-0.422,-0.37,-0.211,0.02,-0.168,-0.359,-0.4
26,A1_2,-0.38,-0.024,1.0,0.112,-0.203,0.19,0.094,-0.119,-0.306,0.296,-0.37,-0.019,-0.406,0.428,-0.062,0.003
26,A1_3,0.633,0.61,0.112,1.0,-0.404,-0.11,0.068,-0.639,-0.099,-0.376,-0.37,-0.454,-0.026,-0.683,-0.705,-0.739
26,B1_1,0.063,-0.484,-0.203,-0.404,1.0,0.409,0.309,0.326,0.251,-0.187,-0.168,-0.27,-0.536,-0.102,-0.197,0.578
26,B1_2,0.055,-0.437,0.19,-0.11,0.409,1.0,0.832,-0.058,-0.546,-0.398,0.099,0.078,-0.262,0.007,0.207,0.353
26,B1_3,0.404,-0.291,0.094,0.068,0.309,0.832,1.0,0.103,-0.252,-0.351,-0.083,-0.277,-0.463,-0.224,0.047,-0.068
26,A2_1,-0.048,-0.472,-0.119,-0.639,0.326,-0.058,0.103,1.0,0.547,0.638,-0.072,-0.004,-0.274,0.277,0.284,0.135
26,A2_2,0.165,0.256,-0.306,-0.099,0.251,-0.546,-0.252,0.547,1.0,0.255,-0.32,-0.542,-0.328,-0.122,-0.385,-0.11
26,A2_3,-0.27,-0.422,0.296,-0.376,-0.187,-0.398,-0.351,0.638,0.255,1.0,0.051,0.146,0.079,0.391,0.18,-0.097
26,B2_1,-0.343,-0.37,-0.37,-0.37,-0.168,0.099,-0.083,-0.072,-0.32,0.051,1.0,0.374,0.76,0.123,0.558,0.312
26,B2_2,-0.494,-0.211,-0.019,-0.454,-0.27,0.078,-0.277,-0.004,-0.542,0.146,0.374,1.0,0.584,0.62,0.765,0.368
26,B2_3,-0.176,0.02,-0.406,-0.026,-0.536,-0.262,-0.463,-0.274,-0.328,0.079,0.76,0.584,1.0,0.051,0.396,-0.02
26,y1,-0.838,-0.168,0.428,-0.683,-0.102,0.007,-0.224,0.277,-0.122,0.391,0.123,0.62,0.051,1.0,0.662,0.545
26,y2,-0.566,-0.359,-0.062,-0.705,-0.197,0.207,0.047,0.284,-0.385,0.18,0.558,0.765,0.396,0.662,1.0,0.416
26,y3,-0.711,-0.4,0.003,-0.739,0.578,0.353,-0.068,0.135,-0.11,-0.097,0.312,0.368,-0.02,0.545,0.416,1.0
28,.,1.0,-0.036,0.187,-0.01,-0.575,-0.092,-0.221,-0.289,-0.526,-0.198,0.391,-0.521,-0.335,-0.751,-0.639,-0.428
28,A1_1,-0.036,1.0,0.303,0.497,-0.011,0.364,-0.195,0.06,-0.151,-0.295,-0.279,-0.195,-0.287,0.033,-0.056,0.446
28,A1_2,0.187,0.303,1.0,0.442,-0.494,-0.259,-0.165,-0.638,-0.528,-0.268,-0.327,-0.39,-0.323,-0.136,-0.104,0.319
28,A1_3,-0.01,0.497,0.442,1.0,0.122,-0.296,-0.226,-0.115,-0.423,-0.05,-0.537,-0.491,-0.666,0.508,0.113,0.397
28,B1_1,-0.575,-0.011,-0.494,0.122,1.0,0.39,0.691,0.347,0.242,0.099,-0.55,0.013,-0.142,0.521,0.038,-0.156
28,B1_2,-0.092,0.364,-0.259,-0.296,0.39,1.0,0.496,-0.026,0.024,-0.443,0.026,-0.176,-0.037,-0.215,-0.132,0.011
28,B1_3,-0.221,-0.195,-0.165,-0.226,0.691,0.496,1.0,0.041,0.093,0.042,-0.531,-0.234,-0.142,-0.057,-0.391,-0.454
28,A2_1,-0.289,0.06,-0.638,-0.115,0.347,-0.026,0.041,1.0,0.768,0.736,-0.059,0.286,0.14,0.259,0.085,-0.097
28,A2_2,-0.526,-0.151,-0.528,-0.423,0.242,0.024,0.093,0.768,1.0,0.751,-0.04,0.535,0.291,0.289,0.314,0.152
28,A2_3,-0.198,-0.295,-0.268,-0.05,0.099,-0.443,0.042,0.736,0.751,1.0,-0.23,0.131,-0.075,0.295,0.114,-0.014
28,B2_1,0.391,-0.279,-0.327,-0.537,-0.55,0.026,-0.531,-0.059,-0.04,-0.23,1.0,0.256,0.51,-0.409,0.174,-0.083
28,B2_2,-0.521,-0.195,-0.39,-0.491,0.013,-0.176,-0.234,0.286,0.535,0.131,0.256,1.0,0.809,0.143,0.326,0.019
28,B2_3,-0.335,-0.287,-0.323,-0.666,-0.142,-0.037,-0.142,0.14,0.291,-0.075,0.51,0.809,1.0,-0.119,0.272,-0.147
28,y1,-0.751,0.033,-0.136,0.508,0.521,-0.215,-0.057,0.259,0.289,0.295,-0.409,0.143,-0.119,1.0,0.745,0.569
28,y2,-0.639,-0.056,-0.104,0.113,0.038,-0.132,-0.391,0.085,0.314,0.114,0.174,0.326,0.272,0.745,1.0,0.763
28,y3,-0.428,0.446,0.319,0.397,-0.156,0.011,-0.454,-0.097,0.152,-0.014,-0.083,0.019,-0.147,0.569,0.763,1.0
30,.,1.0,-0.496,-0.418,-0.814,-0.157,-0.22,-0.314,-0.316,0.613,0.08,0.452,0.431,-0.121,-0.526,-0.322,-0.768
30,A1_1,-0.496,1.0,0.451,0.636,-0.154,-0.064,-0.157,0.181,-0.305,-0.091,-0.083,-0.397,-0.244,-0.17,0.229,-0.093
30,A1_2,-0.418,0.451,1.0,0.12,-0.146,-0.081,-0.12,0.005,-0.105,-0.099,-0.363,-0.253,-0.681,0.228,-0.31,0.141
30,A1_3,-0.814,0.636,0.12,1.0,0.363,0.179,0.259,0.376,-0.423,-0.097,-0.346,-0.619,0.227,0.275,0.231,0.462
30,B1_1,-0.157,-0.154,-0.146,0.363,1.0,0.527,0.747,-0.228,-0.241,-0.422,-0.563,-0.672,0.061,0.179,-0.486,0.054
30,B1_2,-0.22,-0.064,-0.081,0.179,0.527,1.0,0.622,-0.186,-0.617,-0.497,-0.372,-0.49,0.152,-0.131,0.092,0.085
30,B1_3,-0.314,-0.157,-0.12,0.259,0.747,0.622,1.0,-0.24,-0.57,-0.103,-0.707,-0.548,0.109,0.075,-0.08,0.253
30,A2_1,-0.316,0.181,0.005,0.376,-0.228,-0.186,-0.24,1.0,0.22,0.366,-0.273,-0.101,0.081,0.168,0.499,0.453
30,A2_2,0.613,-0.305,-0.105,-0.423,-0.241,-0.617,-0.57,0.22,1.0,0.356,0.295,0.185,-0.363,0.008,-0.336,-0.283
30,A2_3,0.08,-0.091,-0.099,-0.097,-0.422,-0.497,-0.103,0.366,0.356,1.0,-0.004,0.195,0.055,-0.21,0.243,0.149
30,B2_1,0.452,-0.083,-0.363,-0.346,-0.563,-0.372,-0.707,-0.273,0.295,-0.004,1.0,0.67,0.313,-0.205,0.139,-0.359
30,B2_2,0.431,-0.397,-0.253,-0.619,-0.672,-0.49,-0.548,-0.101,0.185,0.195,0.67,1.0,0.356,-0.09,0.207,-0.125
30,B2_3,-0.121,-0.244,-0.681,0.227,0.061,0.152,0.109,0.081,-0.363,0.055,0.313,0.356,1.0,-0.052,0.429,0.252
30,y1,-0.526,-0.17,0.228,0.275,0.179,-0.131,0.075,0.168,0.008,-0.21,-0.205,-0.09,-0.052,1.0,-0.06,0.767
30,y2,-0.322,0.229,-0.31,0.231,-0.486,0.092,-0.08,0.499,-0.336,0.243,0.139,0.207,0.429,-0.06,1.0,0.372
30,y3,-0.768,-0.093,0.141,0.462,0.054,0.085,0.253,0.453,-0.283,0.149,-0.359,-0.125,0.252,0.767,0.372,1.0
32,.,1.0,0.241,-0.155,-0.177,-0.278,-0.475,0.244,0.284,-0.275,-0.328,0.004,0.021,0.283,-0.616,0.105,-0.332
32,A1_1,0.241,1.0,-0.328,0.12,0.037,-0.426,-0.147,-0.159,0.287,0.192,0.076,-0.821,-0.368,0.038,0.079,-0.54
32,A1_2,-0.155,-0.328,1.0,0.533,-0.391,-0.268,-0.031,-0.003,-0.388,-0.255,-0.449,0.221,-0.266,-0.056,0.294,0.338
32,A1_3,-0.177,0.12,0.533,1.0,-0.11,-0.383,-0.087,-0.349,-0.024,-0.64,-0.068,-0.285,-0.427,-0.308,-0.258,-0.353
32,B1_1,-0.278,0.037,-0.391,-0.11,1.0,0.755,0.497,-0.561,-0.011,-0.078,-0.312,-0.153,-0.36,0.185,-0.385,-0.076
32,B1_2,-0.475,-0.426,-0.268,-0.383,0.755,1.0,0.444,-0.076,-0.128,0.165,-0.279,0.14,-0.064,0.443,-0.135,0.416
32,B1_3,0.244,-0.147,-0.031,-0.087,0.497,0.444,1.0,0.047,-0.057,-0.273,-0.715,-0.098,-0.436,-0.233,-0.333,-0.165
32,A2_1,0.284,-0.159,-0.003,-0.349,-0.561,-0.076,0.047,1.0,-0.149,0.308,-0.028,-0.047,0.274,0.196,0.491,0.362
32,A2_2,-0.275,0.287,-0.388,-0.024,-0.011,-0.128,-0.057,-0.149,1.0,0.328,0.222,-0.242,-0.242,-0.045,-0.602,-0.587
32,A2_3,-0.328,0.192,-0.255,-0.64,-0.078,0.165,-0.273,0.308,0.328,1.0,-0.015,-0.156,-0.055,0.768,0.436,0.398
32,B2_1,0.004,0.076,-0.449,-0.068,-0.312,-0.279,-0.715,-0.028,0.222,-0.015,1.0,0.164,0.728,-0.167,-0.11,-0.191
32,B2_2,0.021,-0.821,0.221,-0.285,-0.153,0.14,-0.098,-0.047,-0.242,-0.156,0.164,1.0,0.617,-0.261,-0.076,0.373
32,B2_3,0.283,-0.368,-0.266,-0.427,-0.36,-0.064,-0.436,0.274,-0.242,-0.055,0.728,0.617,1.0,-0.233,0.144,0.219
32,y1,-0.616,0.038,-0.056,-0.308,0.185,0.443,-0.233,0.196,-0.045,0.768,-0.167,-0.261,-0.233,1.0,0.547,0.665
32,y2,0.105,0.079,0.294,-0.258,-0.385,-0.135,-0.333,0.491,-0.602,0.436,-0.11,-0.076,0.144,0.547,1.0,0.72
32,y3,-0.332,-0.54,0.338,-0.353,-0.076,0.416,-0.165,0.362,-0.587,0.398,-0.191,0.373,0.219,0.665,0.72,1.0
34,.,1.0,0.094,-0.112,0.521,-0.189,-0.207,-0.133,-0.436,-0.332,-0.245,-0.002,0.031,0.039,-0.569,-0.742,0.177
34,A1_1,0.094,1.0,0.458,0.611,-0.194,-0.278,-0.272,-0.085,-0.561,-0.453,-0.14,-0.271,-0.43,0.318,0.021,0.623
34,A1_2,-0.112,0.458,1.0,-0.093,0.374,0.566,0.169,-0.316,-0.602,-0.406,0.117,-0.557,-0.259,0.071,0.036,-0.224
34,A1_3,0.521,0.611,-0.093,1.0,-0.534,-0.622,-0.469,0.133,-0.235,-0.409,-0.229,-0.127,-0.27,-0.309,-0.572,0.743
34,B1_1,-0.189,-0.194,0.374,-0.534,1.0,0.87,0.768,0.038,-0.279,-0.057,-0.258,-0.501,-0.377,-0.173,0.053,-0.795
34,B1_2,-0.207,-0.278,0.566,-0.622,0.87,1.0,0.689,-0.221,-0.256,-0.128,-0.067,-0.408,-0.086,-0.227,0.015,-0.844
34,B1_3,-0.133,-0.272,0.169,-0.469,0.768,0.689,1.0,-0.215,-0.219,-0.197,-0.119,-0.214,-0.145,-0.071,0.056,-0.718
34,A2_1,-0.436,-0.085,-0.316,0.133,0.038,-0.221,-0.215,1.0,0.385,0.229,-0.342,-0.18,-0.342,-0.092,0.058,0.056
34,A2_2,-0.332,-0.561,-0.602,-0.235,-0.279,-0.256,-0.219,0.385,1.0,0.82,-0.362,0.234,0.096,-0.036,0.38,0.066
34,A2_3,-0.245,-0.453,-0.406,-0.409,-0.057,-0.128,-0.197,0.229,0.82,1.0,-0.358,0.008,-0.148,0.124,0.559,0.006
34,B2_1,-0.002,-0.14,0.117,-0.229,-0.258,-0.067,-0.119,-0.342,-0.362,-0.358,1.0,0.481,0.703,0.341,-0.047,-0.117
34,B2_2,0.031,-0.271,-0.557,-0.127,-0.501,-0.408,-0.214,-0.18,0.234,0.008,0.481,1.0,0.857,0.302,0.094,0.109
34,B2_3,0.039,-0.43,-0.259,-0.27,-0.377,-0.086,-0.145,-0.342,0.096,-0.148,0.703,0.857,1.0,0.101,-0.087,-0.148
34,y1,-0.569,0.318,0.071,-0.309,-0.173,-0.227,-0.071,-0.092,-0.036,0.124,0.341,0.302,0.101,1.0,0.819,0.25
34,y2,-0.742,0.021,0.036,-0.572,0.053,0.015,0.056,0.058,0.38,0.559,-0.047,0.094,-0.087,0.819,1.0,0.018
34,y3,0.177,0.623,-0.224,0.743,-0.795,-0.844,-0.718,0.056,0.066,0.006,-0.117,0.109,-0.148,0.25,0.018,1.0
36,.,1.0,-0.413,-0.027,-0.109,-0.036,0.212,0.166,0.091,0.003,-0.33,-0.158,0.224,0.153,-0.572,-0.26,-0.317
36,A1_1,-0.413,1.0,0.681,0.605,-0.252,0.219,-0.241,0.561,0.011,-0.138,-0.11,-0.446,-0.662,0.29,-0.252,-0.242
36,A1_2,-0.027,0.681,1.0,0.772,-0.159,0.013,-0.198,0.373,-0.323,-0.718,-0.03,-0.198,-0.394,0.052,-0.197,-0.261
36,A1_3,-0.109,0.605,0.772,1.0,-0.319,-0.087,-0.18,0.721,-0.116,-0.453,-0.179,-0.495,-0.397,0.429,-0.005,0.228
36,B1_1,-0.036,-0.252,-0.159,-0.319,1.0,0.318,0.582,-0.427,-0.505,0.271,-0.305,-0.232,-0.211,0.255,-0.144,-0.309
36,B1_2,0.212,0.219,0.013,-0.087,0.318,1.0,-0.087,0.226,0.163,0.127,-0.508,-0.497,-0.538,-0.009,-0.839,-0.417
36,B1_3,0.166,-0.241,-0.198,-0.18,0.582,-0.087,1.0,-0.183,-0.088,0.141,-0.588,-0.281,-0.335,-0.044,0.393,-0.339
36,A2_1,0.091,0.561,0.373,0.721,-0.427,0.226,-0.183,1.0,0.265,0.034,-0.337,-0.501,-0.423,0.361,-0.132,0.224
36,A2_2,0.003,0.011,-0.323,-0.116,-0.505,0.163,-0.088,0.265,1.0,0.142,-0.311,-0.184,-0.064,-0.362,-0.037,0.011
36,A2_3,-0.33,-0.138,-0.718,-0.453,0.271,0.127,0.141,0.034,0.142,1.0,-0.01,-0.076,0.066,0.46,0.122,0.291
36,B2_1,-0.158,-0.11,-0.03,-0.179,-0.305,-0.508,-0.588,-0.337,-0.311,-0.01,1.0,0.779,0.762,-0.049,0.077,0.239
36,B2_2,0.224,-0.446,-0.198,-0.495,-0.232,-0.497,-0.281,-0.501,-0.184,-0.076,0.779,1.0,0.836,-0.486,0.239,0.042
36,B2_3,0.153,-0.662,-0.394,-0.397,-0.211,-0.538,-0.335,-0.423,-0.064,0.066,0.762,0.836,1.0,-0.234,0.253,0.401
36,y1,-0.572,0.29,0.052,0.429,0.255,-0.009,-0.044,0.361,-0.362,0.46,-0.049,-0.486,-0.234,1.0,0.123,0.571
36,y2,-0.26,-0.252,-0.197,-0.005,-0.144,-0.839,0.393,-0.132,-0.037,0.122,0.077,0.239,0.253,0.123,1.0,0.462
36,y3,-0.317,-0.242,-0.261,0.228,-0.309,-0.417,-0.339,0.224,0.011,0.291,0.239,0.042,0.401,0.571,0.462,1.0
38,.,1.0,-0.252,-0.009,-0.256,0.332,0.337,0.255,-0.13,-0.353,-0.332,0.098,0.212,0.178,-0.646,-0.298,-0.421
38,A1_1,-0.252,1.0,0.286,0.428,0.094,0.098,0.066,0.2,-0.048,0.025,-0.456,-0.499,-0.453,-0.225,-0.288,0.042
38,A1_2,-0.009,0.286,1.0,0.785,-0.175,-0.34,-0.299,-0.215,-0.249,-0.506,-0.136,-0.403,-0.066,-0.028,-0.125,-0.393
38,A1_3,-0.256,0.428,0.785,1.0,-0.464,-0.068,-0.428,-0.297,-0.297,-0.462,-0.203,-0.637,-0.326,-0.131,-0.074,-0.19
38,B1_1,0.332,0.094,-0.175,-0.464,1.0,0.061,0.775,0.101,0.343,0.27,-0.406,-0.16,-0.316,0.207,0.366,0.356
38,B1_2,0.337,0.098,-0.34,-0.068,0.061,1.0,0.313,-0.039,-0.641,0.015,-0.242,-0.007,-0.533,-0.554,-0.261,-0.047
38,B1_3,0.255,0.066,-0.299,-0.428,0.775,0.313,1.0,-0.102,0.326,0.353,-0.121,0.044,-0.322,0.177,0.186,0.094
38,A2_1,-0.13,0.2,-0.215,-0.297,0.101,-0.039,-0.102,1.0,0.032,0.512,-0.245,0.371,-0.173,-0.116,-0.449,0.256
38,A2_2,-0.353,-0.048,-0.249,-0.297,0.343,-0.641,0.326,0.032,1.0,0.459,0.112,-0.024,0.209,0.66,0.486,0.369
38,A2_3,-0.332,0.025,-0.506,-0.462,0.27,0.015,0.353,0.512,0.459,1.0,-0.393,0.188,-0.118,0.244,0.049,0.203
38,B2_1,0.098,-0.456,-0.136,-0.203,-0.406,-0.242,-0.121,-0.245,0.112,-0.393,1.0,0.641,0.63,0.091,-0.185,-0.271
38,B2_2,0.212,-0.499,-0.403,-0.637,-0.16,-0.007,0.044,0.371,-0.024,0.188,0.641,1.0,0.529,-0.074,-0.486,-0.304
38,B2_3,0.178,-0.453,-0.066,-0.326,-0.316,-0.533,-0.322,-0.173,0.209,-0.118,0.63,0.529,1.0,0.003,-0.136,-0.494
38,y1,-0.646,-0.225,-0.028,-0.131,0.207,-0.554,0.177,-0.116,0.66,0.244,0.091,-0.074,0.003,1.0,0.722,0.51
38,y2,-0.298,-0.288,-0.125,-0.074,0.366,-0.261,0.186,-0.449,0.486,0.049,-0.185,-0.486,-0.136,0.722,1.0,0.615
38,y3,-0.421,0.042,-0.393,-0.19,0.356,-0.047,0.094,0.256,0.369,0.203,-0.271,-0.304,-0.494,0.51,0.615,1.0
40,.,1.0,0.172,0.17,-0.042,-0.21,-0.152,0.192,-0.248,-0.209,-0.534,-0.657,-0.262,-0.379,-0.228,-0.8,-0.123
40,A1_1,0.172,1.0,0.665,0.267,-0.412,-0.477,-0.454,-0.036,-0.112,-0.386,-0.516,-0.467,-0.39,0.118,-0.464,0.15
40,A1_2,0.17,0.665,1.0,0.78,-0.332,-0.453,-0.334,-0.346,-0.49,-0.565,-0.593,-0.682,-0.342,0.449,-0.273,0.115
40,A1_3,-0.042,0.267,0.78,1.0,0.018,-0.164,-0.108,-0.352,-0.499,-0.244,-0.25,-0.726,-0.259,0.399,-0.001,-0.197
40,B1_1,-0.21,-0.412,-0.332,0.018,1.0,0.762,0.817,0.046,0.254,0.486,0.497,-0.015,-0.002,0.388,0.493,-0.502
40,B1_2,-0.152,-0.477,-0.453,-0.164,0.762,1.0,0.862,0.299,0.358,0.361,0.233,-0.055,-0.363,0.286,0.457,-0.317
40,B1_3,0.192,-0.454,-0.334,-0.108,0.817,0.862,1.0,-0.015,0.06,0.126,0.04,-0.038,-0.249,0.327,0.233,-0.399
40,A2_1,-0.248,-0.036,-0.346,-0.352,0.046,0.299,-0.015,1.0,0.654,0.592,0.212,0.08,-0.214,0.199,0.434,0.534
40,A2_2,-0.209,-0.112,-0.49,-0.499,0.254,0.358,0.06,0.654,1.0,0.589,0.545,0.098,-0.213,-0.162,0.18,-0.089
40,A2_3,-0.534,-0.386,-0.565,-0.244,0.486,0.361,0.126,0.592,0.589,1.0,0.803,0.155,0.316,0.067,0.613,0.01
40,B2_1,-0.657,-0.516,-0.593,-0.25,0.497,0.233,0.04,0.212,0.545,0.803,1.0,0.409,0.529,-0.147,0.573,-0.27
40,B2_2,-0.262,-0.467,-0.682,-0.726,-0.015,-0.055,-0.038,0.08,0.098,0.155,0.409,1.0,0.691,-0.302,0.291,0.253
40,B2_3,-0.379,-0.39,-0.342,-0.259,-0.002,-0.363,-0.249,-0.214,-0.213,0.316,0.529,0.691,1.0,-0.151,0.324,0.169
40,y1,-0.228,0.118,0.449,0.399,0.388,0.286,0.327,0.199,-0.162,0.067,-0.147,-0.302,-0.151,1.0,0.562,0.347
40,y2,-0.8,-0.464,-0.273,-0.001,0.493,0.457,0.233,0.434,0.18,0.613,0.573,0.291,0.324,0.562,1.0,0.279
40,y3,-0.123,0.15,0.115,-0.197,-0.502,-0.317,-0.399,0.534,-0.089,0.01,-0.27,0.253,0.169,0.347,0.279,1.0
42,.,1.0,-0.107,-0.338,-0.575,-0.188,-0.25,0.071,0.073,0.251,0.211,0.4,0.349,0.431,-0.6,-0.767,-0.92
42,A1_1,-0.107,1.0,0.332,0.601,0.113,-0.203,-0.483,0.025,-0.413,0.076,0.112,-0.31,-0.282,-0.498,0.018,0.093
42,A1_2,-0.338,0.332,1.0,0.599,0.017,-0.072,-0.091,-0.063,-0.168,-0.424,-0.708,0.314,0.068,0.144,0.061,0.404
42,A1_3,-0.575,0.601,0.599,1.0,0.094,-0.103,-0.098,-0.052,-0.34,-0.245,-0.354,-0.483,-0.62,0.118,0.327,0.632
42,B1_1,-0.188,0.113,0.017,0.094,1.0,0.583,0.341,-0.291,-0.59,-0.414,-0.308,-0.13,-0.244,0.217,-0.109,0.066
42,B1_2,-0.25,-0.203,-0.072,-0.103,0.583,1.0,0.467,-0.024,-0.076,-0.011,-0.467,-0.128,-0.322,0.669,-0.296,0.027
42,B1_3,0.071,-0.483,-0.091,-0.098,0.341,0.467,1.0,0.444,0.385,0.074,-0.558,-0.12,-0.134,0.489,-0.304,-0.146
42,A2_1,0.073,0.025,-0.063,-0.052,-0.291,-0.024,0.444,1.0,0.778,0.759,-0.177,-0.225,0.103,-0.017,-0.022,-0.142
42,A2_2,0.251,-0.413,-0.168,-0.34,-0.59,-0.076,0.385,0.778,1.0,0.752,-0.073,0.115,0.373,0.024,-0.096,-0.316
42,A2_3,0.211,0.076,-0.424,-0.245,-0.414,-0.011,0.074,0.759,0.752,1.0,0.295,-0.231,0.147,-0.273,-0.048,-0.375
42,B2_1,0.4,0.112,-0.708,-0.354,-0.308,-0.467,-0.558,-0.177,-0.073,0.295,1.0,-0.202,0.057,-0.623,0.076,-0.32
42,B2_2,0.349,-0.31,0.314,-0.483,-0.13,-0.128,-0.12,-0.225,0.115,-0.231,-0.202,1.0,0.859,-0.176,-0.253,-0.388
42,B2_3,0.431,-0.282,0.068,-0.62,-0.244,-0.322,-0.134,0.103,0.373,0.147,0.057,0.859,1.0,-0.414,-0.087,-0.476
42,y1,-0.6,-0.498,0.144,0.118,0.217,0.669,0.489,-0.017,0.024,-0.273,-0.623,-0.176,-0.414,1.0,0.164,0.556
42,y2,-0.767,0.018,0.061,0.327,-0.109,-0.296,-0.304,-0.022,-0.096,-0.048,0.076,-0.253,-0.087,0.164,1.0,0.773
42,y3,-0.92,0.093,0.404,0.632,0.066,0.027,-0.146,-0.142,-0.316,-0.375,-0.32,-0.388,-0.476,0.556,0.773,1.0
44,.,1.0,-0.132,-0.459,-0.111,0.238,-0.289,0.037,-0.167,0.455,-0.105,0.47,0.551,0.3,-0.074,0.041,-0.664
44,A1_1,-0.132,1.0,0.751,0.614,0.053,-0.575,-0.297,-0.325,-0.443,-0.095,-0.139,-0.094,-0.486,-0.264,-0.384,-0.122
44,A1_2,-0.459,0.751,1.0,0.632,-0.188,-0.159,-0.078,-0.409,-0.785,-0.37,-0.27,-0.175,-0.25,-0.065,-0.042,0.034
44,A1_3,-0.111,0.614,0.632,1.0,0.048,-0.507,0.323,-0.401,-0.164,-0.02,-0.465,-0.129,-0.382,0.035,0.074,0.2
44,B1_1,0.238,0.053,-0.188,0.048,1.0,0.178,0.401,-0.234,0.319,0.173,-0.266,-0.57,-0.67,-0.373,-0.445,-0.356
44,B1_2,-0.289,-0.575,-0.159,-0.507,0.178,1.0,0.456,-0.111,-0.269,-0.398,-0.071,-0.301,0.174,0.095,0.247,-0.099
44,B1_3,0.037,-0.297,-0.078,0.323,0.401,0.456,1.0,-0.318,0.096,-0.235,-0.516,-0.279,-0.123,0.257,0.399,-0.017
44,A2_1,-0.167,-0.325,-0.409,-0.401,-0.234,-0.111,-0.318,1.0,0.451,0.59,-0.29,-0.191,-0.106,0.414,-0.068,0.475
44,A2_2,0.455,-0.443,-0.785,-0.164,0.319,-0.269,0.096,0.451,1.0,0.739,-0.07,0.019,-0.118,-0.097,-0.252,0.063
44,A2_3,-0.105,-0.095,-0.37,-0.02,0.173,-0.398,-0.235,0.59,0.739,1.0,-0.271,-0.24,-0.418,-0.286,-0.572,0.355
44,B2_1,0.47,-0.139,-0.27,-0.465,-0.266,-0.071,-0.516,-0.29,-0.07,-0.271,1.0,0.738,0.681,-0.309,0.046,-0.44
44,B2_2,0.551,-0.094,-0.175,-0.129,-0.57,-0.301,-0.279,-0.191,0.019,-0.24,0.738,1.0,0.827,-0.044,0.277,-0.382
44,B2_3,0.3,-0.486,-0.25,-0.382,-0.67,0.174,-0.123,-0.106,-0.118,-0.418,0.681,0.827,1.0,0.184,0.551,-0.179
44,y1,-0.074,-0.264,-0.065,0.035,-0.373,0.095,0.257,0.414,-0.097,-0.286,-0.309,-0.044,0.184,1.0,0.808,0.47
44,y2,0.041,-0.384,-0.042,0.074,-0.445,0.247,0.399,-0.068,-0.252,-0.572,0.046,0.277,0.551,0.808,1.0,0.274
44,y3,-0.664,-0.122,0.034,0.2,-0.356,-0.099,-0.017,0.475,0.063,0.355,-0.44,-0.382,-0.179,0.47,0.274,1.0
46,.,1.0,-0.08,0.47,0.432,-0.094,-0.138,-0.248,-0.361,0.452,0.245,-0.088,0.088,-0.213,-0.65,-0.83,-0.512
46,A1_1,-0.08,1.0,0.378,0.403,0.3,0.129,0.036,-0.277,-0.56,-0.577,-0.608,-0.628,-0.466,-0.097,0.077,-0.307
46,A1_2,0.47,0.378,1.0,0.941,-0.387,-0.31,-0.651,-0.688,-0.004,-0.058,-0.13,-0.305,-0.367,0.078,-0.341,-0.226
46,A1_3,0.432,0.403,0.941,1.0,-0.456,-0.414,-0.586,-0.55,-0.034,-0.061,-0.15,-0.294,-0.466,0.1,-0.286,-0.206
46,B1_1,-0.094,0.3,-0.387,-0.456,1.0,0.796,0.688,0.107,-0.279,-0.22,-0.527,-0.37,-0.336,-0.192,-0.164,-0.416
46,B1_2,-0.138,0.129,-0.31,-0.414,0.796,1.0,0.747,0.204,-0.225,-0.186,-0.498,-0.433,-0.284,-0.009,-0.132,-0.201
46,B1_3,-0.248,0.036,-0.651,-0.586,0.688,0.747,1.0,0.341,-0.374,-0.338,-0.258,-0.052,-0.046,-0.067,0.108,-0.17
46,A2_1,-0.361,-0.277,-0.688,-0.55,0.107,0.204,0.341,1.0,0.378,0.459,-0.193,-0.177,-0.076,-0.078,0.308,0.451
46,A2_2,0.452,-0.56,-0.004,-0.034,-0.279,-0.225,-0.374,0.378,1.0,0.952,-0.057,-0.008,-0.102,-0.279,-0.29,0.367
46,A2_3,0.245,-0.577,-0.058,-0.061,-0.22,-0.186,-0.338,0.459,0.952,1.0,-0.081,-0.098,-0.191,-0.052,-0.14,0.469
46,B2_1,-0.088,-0.608,-0.13,-0.15,-0.527,-0.498,-0.258,-0.193,-0.057,-0.081,1.0,0.863,0.838,0.101,0.189,-0.007
46,B2_2,0.088,-0.628,-0.305,-0.294,-0.37,-0.433,-0.052,-0.177,-0.008,-0.098,0.863,1.0,0.777,-0.061,-0.052,-0.059
46,B2_3,-0.213,-0.466,-0.367,-0.466,-0.336,-0.284,-0.046,-0.076,-0.102,-0.191,0.838,0.777,1.0,-0.071,0.362,0.115
46,y1,-0.65,-0.097,0.078,0.1,-0.192,-0.009,-0.067,-0.078,-0.279,-0.052,0.101,-0.061,-0.071,1.0,0.443,0.546
46,y2,-0.83,0.077,-0.341,-0.286,-0.164,-0.132,0.108,0.308,-0.29,-0.14,0.189,-0.052,0.362,0.443,1.0,0.568
46,y3,-0.512,-0.307,-0.226,-0.206,-0.416,-0.201,-0.17,0.451,0.367,0.469,-0.007,-0.059,0.115,0.546,0.568,1.0
