,,.,A1_1,A1_2,A1_3,B1_1,B1_2,B1_3,A2_1,A2_2,A2_3,B2_1,B2_2,B2_3,y1,y2,y3
1,.,1.0,0.88,0.873,0.892,0.835,0.815,0.864,0.839,0.891,0.819,0.761,0.719,0.816,0.825,0.818,0.827
1,A1_1,0.88,1.0,0.824,0.77,0.753,0.793,0.814,0.839,0.87,0.798,0.767,0.743,0.768,0.816,0.828,0.851
1,A1_2,0.873,0.824,1.0,0.861,0.849,0.767,0.844,0.815,0.825,0.835,0.741,0.684,0.782,0.872,0.79,0.842
1,A1_3,0.892,0.77,0.861,1.0,0.888,0.73,0.813,0.723,0.816,0.801,0.66,0.702,0.802,0.801,0.789,0.813
1,B1_1,0.835,0.753,0.849,0.888,1.0,0.759,0.787,0.639,0.776,0.782,0.652,0.722,0.807,0.761,0.777,0.798
1,B1_2,0.815,0.793,0.767,0.73,0.759,1.0,0.778,0.807,0.789,0.845,0.829,0.772,0.769,0.802,0.769,0.803
1,B1_3,0.864,0.814,0.844,0.813,0.787,0.778,1.0,0.759,0.751,0.791,0.707,0.69,0.812,0.786,0.83,0.769
1,A2_1,0.839,0.839,0.815,0.723,0.639,0.807,0.759,1.0,0.796,0.819,0.851,0.824,0.754,0.878,0.783,0.853
1,A2_2,0.891,0.87,0.825,0.816,0.776,0.789,0.751,0.796,1.0,0.798,0.765,0.705,0.807,0.8,0.797,0.824
1,A2_3,0.819,0.798,0.835,0.801,0.782,0.845,0.791,0.819,0.798,1.0,0.832,0.831,0.825,0.871,0.815,0.847
1,B2_1,0.761,0.767,0.741,0.66,0.652,0.829,0.707,0.851,0.765,0.832,1.0,0.744,0.776,0.818,0.801,0.781
1,B2_2,0.719,0.743,0.684,0.702,0.722,0.772,0.69,0.824,0.705,0.831,0.744,1.0,0.797,0.786,0.757,0.867
1,B2_3,0.816,0.768,0.782,0.802,0.807,0.769,0.812,0.754,0.807,0.825,0.776,0.797,1.0,0.84,0.856,0.823
1,y1,0.825,0.816,0.872,0.801,0.761,0.802,0.786,0.878,0.8,0.871,0.818,0.786,0.84,1.0,0.842,0.843
1,y2,0.818,0.828,0.79,0.789,0.777,0.769,0.83,0.783,0.797,0.815,0.801,0.757,0.856,0.842,1.0,0.831
1,y3,0.827,0.851,0.842,0.813,0.798,0.803,0.769,0.853,0.824,0.847,0.781,0.867,0.823,0.843,0.831,1.0
2,.,1.0,0.883,0.877,0.898,0.844,0.824,0.872,0.844,0.894,0.826,0.774,0.731,0.824,0.832,0.827,0.832
2,A1_1,0.883,1.0,0.83,0.779,0.762,0.804,0.823,0.845,0.874,0.807,0.78,0.754,0.777,0.823,0.835,0.856
2,A1_2,0.877,0.83,1.0,0.866,0.853,0.779,0.852,0.822,0.833,0.842,0.756,0.698,0.792,0.877,0.8,0.849
2,A1_3,0.898,0.779,0.866,1.0,0.891,0.745,0.824,0.733,0.824,0.811,0.68,0.717,0.812,0.808,0.799,0.821
2,B1_1,0.844,0.762,0.853,0.891,1.0,0.773,0.798,0.652,0.786,0.792,0.674,0.74,0.819,0.768,0.786,0.808
2,B1_2,0.824,0.804,0.779,0.745,0.773,1.0,0.788,0.815,0.801,0.854,0.839,0.786,0.781,0.81,0.781,0.815
2,B1_3,0.872,0.823,0.852,0.824,0.798,0.788,1.0,0.769,0.763,0.8,0.721,0.705,0.82,0.794,0.839,0.78
2,A2_1,0.844,0.845,0.822,0.733,0.652,0.815,0.769,1.0,0.803,0.826,0.857,0.828,0.762,0.882,0.791,0.857
2,A2_2,0.894,0.874,0.833,0.824,0.786,0.801,0.763,0.803,1.0,0.807,0.78,0.719,0.815,0.808,0.806,0.83
2,A2_3,0.826,0.807,0.842,0.811,0.792,0.854,0.8,0.826,0.807,1.0,0.843,0.84,0.834,0.876,0.825,0.855
2,B2_1,0.774,0.78,0.756,0.68,0.674,0.839,0.721,0.857,0.78,0.843,1.0,0.759,0.788,0.826,0.812,0.793
2,B2_2,0.731,0.754,0.698,0.717,0.74,0.786,0.705,0.828,0.719,0.84,0.759,1.0,0.809,0.793,0.77,0.874
2,B2_3,0.824,0.777,0.792,0.812,0.819,0.781,0.82,0.762,0.815,0.834,0.788,0.809,1.0,0.846,0.864,0.832
2,y1,0.832,0.823,0.877,0.808,0.768,0.81,0.794,0.882,0.808,0.876,0.826,0.793,0.846,1.0,0.849,0.849
2,y2,0.827,0.835,0.8,0.799,0.786,0.781,0.839,0.791,0.806,0.825,0.812,0.77,0.864,0.849,1.0,0.839
2,y3,0.832,0.856,0.849,0.821,0.808,0.815,0.78,0.857,0.83,0.855,0.793,0.874,0.832,0.849,0.839,1.0
3,.,1.0,0.885,0.881,0.903,0.852,0.833,0.88,0.849,0.897,0.834,0.787,0.744,0.831,0.838,0.834,0.836
3,A1_1,0.885,1.0,0.838,0.789,0.773,0.816,0.833,0.852,0.879,0.817,0.793,0.766,0.787,0.83,0.841,0.861
3,A1_2,0.881,0.838,1.0,0.872,0.858,0.792,0.86,0.831,0.841,0.851,0.772,0.715,0.803,0.882,0.811,0.857
3,A1_3,0.903,0.789,0.872,1.0,0.895,0.761,0.836,0.746,0.833,0.822,0.701,0.733,0.823,0.816,0.808,0.83
3,B1_1,0.852,0.773,0.858,0.895,1.0,0.791,0.811,0.669,0.797,0.805,0.699,0.76,0.833,0.777,0.796,0.819
3,B1_2,0.833,0.816,0.792,0.761,0.791,1.0,0.8,0.824,0.813,0.865,0.851,0.801,0.796,0.82,0.793,0.827
3,B1_3,0.88,0.833,0.86,0.836,0.811,0.8,1.0,0.782,0.777,0.812,0.739,0.724,0.831,0.804,0.849,0.793
3,A2_1,0.849,0.852,0.831,0.746,0.669,0.824,0.782,1.0,0.812,0.835,0.864,0.833,0.772,0.887,0.801,0.862
3,A2_2,0.897,0.879,0.841,0.833,0.797,0.813,0.777,0.812,1.0,0.818,0.796,0.734,0.824,0.816,0.816,0.837
3,A2_3,0.834,0.817,0.851,0.822,0.805,0.865,0.812,0.835,0.818,1.0,0.855,0.851,0.845,0.882,0.835,0.865
3,B2_1,0.787,0.793,0.772,0.701,0.699,0.851,0.739,0.864,0.796,0.855,1.0,0.777,0.802,0.835,0.824,0.807
3,B2_2,0.744,0.766,0.715,0.733,0.76,0.801,0.724,0.833,0.734,0.851,0.777,1.0,0.823,0.802,0.784,0.882
3,B2_3,0.831,0.787,0.803,0.823,0.833,0.796,0.831,0.772,0.824,0.845,0.802,0.823,1.0,0.852,0.872,0.842
3,y1,0.838,0.83,0.882,0.816,0.777,0.82,0.804,0.887,0.816,0.882,0.835,0.802,0.852,1.0,0.856,0.855
3,y2,0.834,0.841,0.811,0.808,0.796,0.793,0.849,0.801,0.816,0.835,0.824,0.784,0.872,0.856,1.0,0.848
3,y3,0.836,0.861,0.857,0.83,0.819,0.827,0.793,0.862,0.837,0.865,0.807,0.882,0.842,0.855,0.848,1.0
4,.,1.0,0.886,0.884,0.907,0.858,0.84,0.887,0.853,0.899,0.839,0.797,0.752,0.836,0.841,0.838,0.837
4,A1_1,0.886,1.0,0.845,0.797,0.782,0.826,0.842,0.857,0.883,0.825,0.804,0.776,0.795,0.835,0.846,0.866
4,A1_2,0.884,0.845,1.0,0.877,0.863,0.804,0.867,0.838,0.848,0.858,0.786,0.729,0.812,0.887,0.819,0.863
4,A1_3,0.907,0.797,0.877,1.0,0.898,0.776,0.846,0.757,0.84,0.831,0.72,0.747,0.831,0.822,0.815,0.836
4,B1_1,0.858,0.782,0.863,0.898,1.0,0.806,0.823,0.682,0.806,0.816,0.721,0.777,0.844,0.783,0.804,0.827
4,B1_2,0.84,0.826,0.804,0.776,0.806,1.0,0.812,0.831,0.823,0.875,0.862,0.816,0.81,0.827,0.804,0.837
4,B1_3,0.887,0.842,0.867,0.846,0.823,0.812,1.0,0.792,0.789,0.823,0.756,0.741,0.841,0.813,0.857,0.804
4,A2_1,0.853,0.857,0.838,0.757,0.682,0.831,0.792,1.0,0.819,0.842,0.87,0.837,0.78,0.891,0.809,0.866
4,A2_2,0.899,0.883,0.848,0.84,0.806,0.823,0.789,0.819,1.0,0.827,0.808,0.746,0.831,0.823,0.823,0.843
4,A2_3,0.839,0.825,0.858,0.831,0.816,0.875,0.823,0.842,0.827,1.0,0.866,0.86,0.854,0.886,0.844,0.873
4,B2_1,0.797,0.804,0.786,0.72,0.721,0.862,0.756,0.87,0.808,0.866,1.0,0.793,0.815,0.843,0.834,0.819
4,B2_2,0.752,0.776,0.729,0.747,0.777,0.816,0.741,0.837,0.746,0.86,0.793,1.0,0.836,0.81,0.796,0.889
4,B2_3,0.836,0.795,0.812,0.831,0.844,0.81,0.841,0.78,0.831,0.854,0.815,0.836,1.0,0.857,0.878,0.85
4,y1,0.841,0.835,0.887,0.822,0.783,0.827,0.813,0.891,0.823,0.886,0.843,0.81,0.857,1.0,0.861,0.861
4,y2,0.838,0.846,0.819,0.815,0.804,0.804,0.857,0.809,0.823,0.844,0.834,0.796,0.878,0.861,1.0,0.854
4,y3,0.837,0.866,0.863,0.836,0.827,0.837,0.804,0.866,0.843,0.873,0.819,0.889,0.85,0.861,0.854,1.0
5,.,1.0,0.885,0.885,0.91,0.86,0.842,0.892,0.855,0.899,0.842,0.803,0.755,0.838,0.841,0.838,0.835
5,A1_1,0.885,1.0,0.849,0.802,0.787,0.832,0.848,0.861,0.886,0.831,0.812,0.782,0.799,0.839,0.849,0.868
5,A1_2,0.885,0.849,1.0,0.88,0.865,0.813,0.872,0.844,0.853,0.864,0.797,0.74,0.818,0.89,0.825,0.868
5,A1_3,0.91,0.802,0.88,1.0,0.9,0.786,0.853,0.765,0.845,0.837,0.734,0.756,0.837,0.825,0.82,0.84
5,B1_1,0.86,0.787,0.865,0.9,1.0,0.82,0.833,0.692,0.811,0.825,0.738,0.792,0.854,0.786,0.809,0.832
5,B1_2,0.842,0.832,0.813,0.786,0.82,1.0,0.822,0.836,0.829,0.883,0.871,0.828,0.821,0.832,0.81,0.845
5,B1_3,0.892,0.848,0.872,0.853,0.833,0.822,1.0,0.8,0.798,0.832,0.769,0.755,0.849,0.818,0.862,0.811
5,A2_1,0.855,0.861,0.844,0.765,0.692,0.836,0.8,1.0,0.825,0.847,0.874,0.838,0.785,0.894,0.813,0.869
5,A2_2,0.899,0.886,0.853,0.845,0.811,0.829,0.798,0.825,1.0,0.833,0.817,0.754,0.835,0.826,0.827,0.845
5,A2_3,0.842,0.831,0.864,0.837,0.825,0.883,0.832,0.847,0.833,1.0,0.874,0.867,0.862,0.889,0.849,0.878
5,B2_1,0.803,0.812,0.797,0.734,0.738,0.871,0.769,0.874,0.817,0.874,1.0,0.806,0.826,0.848,0.84,0.828
5,B2_2,0.755,0.782,0.74,0.756,0.792,0.828,0.755,0.838,0.754,0.867,0.806,1.0,0.846,0.815,0.804,0.893
5,B2_3,0.838,0.799,0.818,0.837,0.854,0.821,0.849,0.785,0.835,0.862,0.826,0.846,1.0,0.86,0.881,0.855
5,y1,0.841,0.839,0.89,0.825,0.786,0.832,0.818,0.894,0.826,0.889,0.848,0.815,0.86,1.0,0.865,0.864
5,y2,0.838,0.849,0.825,0.82,0.809,0.81,0.862,0.813,0.827,0.849,0.84,0.804,0.881,0.865,1.0,0.859
5,y3,0.835,0.868,0.868,0.84,0.832,0.845,0.811,0.869,0.845,0.878,0.828,0.893,0.855,0.864,0.859,1.0
6,.,1.0,0.882,0.884,0.91,0.86,0.841,0.894,0.854,0.898,0.841,0.803,0.753,0.835,0.837,0.834,0.829
6,A1_1,0.882,1.0,0.852,0.805,0.788,0.834,0.851,0.863,0.887,0.834,0.815,0.783,0.799,0.839,0.85,0.868
6,A1_2,0.884,0.852,1.0,0.882,0.865,0.818,0.876,0.847,0.855,0.867,0.804,0.746,0.821,0.891,0.827,0.87
6,A1_3,0.91,0.805,0.882,1.0,0.9,0.793,0.859,0.769,0.848,0.841,0.743,0.76,0.84,0.826,0.821,0.84
6,B1_1,0.86,0.788,0.865,0.9,1.0,0.83,0.84,0.697,0.813,0.831,0.752,0.802,0.861,0.786,0.809,0.834
6,B1_2,0.841,0.834,0.818,0.793,0.83,1.0,0.83,0.838,0.832,0.888,0.879,0.838,0.829,0.833,0.813,0.849
6,B1_3,0.894,0.851,0.876,0.859,0.84,0.83,1.0,0.805,0.803,0.839,0.779,0.765,0.854,0.821,0.864,0.816
6,A2_1,0.854,0.863,0.847,0.769,0.697,0.838,0.805,1.0,0.828,0.85,0.875,0.837,0.786,0.895,0.815,0.869
6,A2_2,0.898,0.887,0.855,0.848,0.813,0.832,0.803,0.828,1.0,0.836,0.822,0.757,0.836,0.827,0.827,0.846
6,A2_3,0.841,0.834,0.867,0.841,0.831,0.888,0.839,0.85,0.836,1.0,0.881,0.872,0.866,0.89,0.852,0.882
6,B2_1,0.803,0.815,0.804,0.743,0.752,0.879,0.779,0.875,0.822,0.881,1.0,0.816,0.833,0.85,0.844,0.833
6,B2_2,0.753,0.783,0.746,0.76,0.802,0.838,0.765,0.837,0.757,0.872,0.816,1.0,0.853,0.816,0.808,0.895
6,B2_3,0.835,0.799,0.821,0.84,0.861,0.829,0.854,0.786,0.836,0.866,0.833,0.853,1.0,0.86,0.882,0.858
6,y1,0.837,0.839,0.891,0.826,0.786,0.833,0.821,0.895,0.827,0.89,0.85,0.816,0.86,1.0,0.866,0.865
6,y2,0.834,0.85,0.827,0.821,0.809,0.813,0.864,0.815,0.827,0.852,0.844,0.808,0.882,0.866,1.0,0.861
6,y3,0.829,0.868,0.87,0.84,0.834,0.849,0.816,0.869,0.846,0.882,0.833,0.895,0.858,0.865,0.861,1.0
7,.,1.0,0.877,0.88,0.909,0.855,0.834,0.893,0.851,0.894,0.836,0.799,0.745,0.829,0.829,0.827,0.819
7,A1_1,0.877,1.0,0.852,0.806,0.785,0.833,0.851,0.864,0.887,0.834,0.815,0.781,0.797,0.838,0.848,0.866
7,A1_2,0.88,0.852,1.0,0.883,0.863,0.82,0.877,0.849,0.856,0.869,0.808,0.748,0.821,0.891,0.827,0.87
7,A1_3,0.909,0.806,0.883,1.0,0.897,0.796,0.862,0.772,0.849,0.843,0.748,0.761,0.84,0.824,0.819,0.839
7,B1_1,0.855,0.785,0.863,0.897,1.0,0.838,0.846,0.698,0.812,0.835,0.761,0.81,0.866,0.782,0.806,0.833
7,B1_2,0.834,0.833,0.82,0.796,0.838,1.0,0.835,0.836,0.831,0.892,0.884,0.845,0.836,0.83,0.812,0.851
7,B1_3,0.893,0.851,0.877,0.862,0.846,0.835,1.0,0.807,0.806,0.844,0.786,0.772,0.858,0.82,0.864,0.817
7,A2_1,0.851,0.864,0.849,0.772,0.698,0.836,0.807,1.0,0.829,0.85,0.874,0.833,0.785,0.894,0.814,0.868
7,A2_2,0.894,0.887,0.856,0.849,0.812,0.831,0.806,0.829,1.0,0.837,0.823,0.755,0.833,0.825,0.825,0.844
7,A2_3,0.836,0.834,0.869,0.843,0.835,0.892,0.844,0.85,0.837,1.0,0.885,0.875,0.869,0.889,0.852,0.883
7,B2_1,0.799,0.815,0.808,0.748,0.761,0.884,0.786,0.874,0.823,0.885,1.0,0.823,0.839,0.849,0.843,0.836
7,B2_2,0.745,0.781,0.748,0.761,0.81,0.845,0.772,0.833,0.755,0.875,0.823,1.0,0.859,0.814,0.808,0.896
7,B2_3,0.829,0.797,0.821,0.84,0.866,0.836,0.858,0.785,0.833,0.869,0.839,0.859,1.0,0.857,0.88,0.858
7,y1,0.829,0.838,0.891,0.824,0.782,0.83,0.82,0.894,0.825,0.889,0.849,0.814,0.857,1.0,0.865,0.865
7,y2,0.827,0.848,0.827,0.819,0.806,0.812,0.864,0.814,0.825,0.852,0.843,0.808,0.88,0.865,1.0,0.861
7,y3,0.819,0.866,0.87,0.839,0.833,0.851,0.817,0.868,0.844,0.883,0.836,0.896,0.858,0.865,0.861,1.0
8,.,1.0,0.87,0.874,0.907,0.847,0.824,0.89,0.846,0.889,0.828,0.79,0.731,0.818,0.818,0.815,0.805
8,A1_1,0.87,1.0,0.851,0.804,0.779,0.828,0.85,0.863,0.885,0.831,0.812,0.774,0.79,0.834,0.844,0.862
8,A1_2,0.874,0.851,1.0,0.882,0.859,0.819,0.877,0.849,0.855,0.869,0.808,0.746,0.818,0.889,0.824,0.868
8,A1_3,0.907,0.804,0.882,1.0,0.893,0.795,0.863,0.772,0.849,0.843,0.749,0.758,0.837,0.819,0.814,0.834
8,B1_1,0.847,0.779,0.859,0.893,1.0,0.844,0.849,0.695,0.807,0.837,0.768,0.816,0.869,0.773,0.799,0.829
8,B1_2,0.824,0.828,0.819,0.795,0.844,1.0,0.839,0.833,0.826,0.894,0.888,0.851,0.84,0.824,0.807,0.85
8,B1_3,0.89,0.85,0.877,0.863,0.849,0.839,1.0,0.807,0.805,0.847,0.791,0.775,0.86,0.816,0.86,0.816
8,A2_1,0.846,0.863,0.849,0.772,0.695,0.833,0.807,1.0,0.828,0.849,0.871,0.826,0.781,0.892,0.811,0.865
8,A2_2,0.889,0.885,0.855,0.849,0.807,0.826,0.805,0.828,1.0,0.835,0.821,0.749,0.828,0.821,0.82,0.839
8,A2_3,0.828,0.831,0.869,0.843,0.837,0.894,0.847,0.849,0.835,1.0,0.888,0.876,0.87,0.886,0.85,0.882
8,B2_1,0.79,0.812,0.808,0.749,0.768,0.888,0.791,0.871,0.821,0.888,1.0,0.828,0.843,0.845,0.84,0.837
8,B2_2,0.731,0.774,0.746,0.758,0.816,0.851,0.775,0.826,0.749,0.876,0.828,1.0,0.863,0.809,0.805,0.894
8,B2_3,0.818,0.79,0.818,0.837,0.869,0.84,0.86,0.781,0.828,0.87,0.843,0.863,1.0,0.851,0.876,0.856
8,y1,0.818,0.834,0.889,0.819,0.773,0.824,0.816,0.892,0.821,0.886,0.845,0.809,0.851,1.0,0.863,0.863
8,y2,0.815,0.844,0.824,0.814,0.799,0.807,0.86,0.811,0.82,0.85,0.84,0.805,0.876,0.863,1.0,0.859
8,y3,0.805,0.862,0.868,0.834,0.829,0.85,0.816,0.865,0.839,0.882,0.837,0.894,0.856,0.863,0.859,1.0
9,.,1.0,0.86,0.866,0.902,0.835,0.809,0.884,0.838,0.882,0.817,0.776,0.711,0.804,0.803,0.799,0.786
9,A1_1,0.86,1.0,0.849,0.8,0.769,0.82,0.845,0.861,0.883,0.827,0.806,0.763,0.78,0.828,0.838,0.857
9,A1_2,0.866,0.849,1.0,0.881,0.852,0.815,0.875,0.848,0.853,0.867,0.806,0.74,0.812,0.886,0.818,0.865
9,A1_3,0.902,0.8,0.881,1.0,0.887,0.792,0.863,0.769,0.846,0.841,0.747,0.751,0.832,0.812,0.806,0.827
9,B1_1,0.835,0.769,0.852,0.887,1.0,0.848,0.851,0.688,0.798,0.837,0.773,0.82,0.871,0.761,0.789,0.822
9,B1_2,0.809,0.82,0.815,0.792,0.848,1.0,0.841,0.826,0.818,0.894,0.891,0.855,0.843,0.815,0.798,0.846
9,B1_3,0.884,0.845,0.875,0.863,0.851,0.841,1.0,0.804,0.802,0.848,0.793,0.777,0.861,0.81,0.854,0.812
9,A2_1,0.838,0.861,0.848,0.769,0.688,0.826,0.804,1.0,0.826,0.846,0.866,0.816,0.773,0.889,0.805,0.861
9,A2_2,0.882,0.883,0.853,0.846,0.798,0.818,0.802,0.826,1.0,0.83,0.815,0.739,0.819,0.814,0.811,0.833
9,A2_3,0.817,0.827,0.867,0.841,0.837,0.894,0.848,0.846,0.83,1.0,0.889,0.875,0.869,0.88,0.844,0.879
9,B2_1,0.776,0.806,0.806,0.747,0.773,0.891,0.793,0.866,0.815,0.889,1.0,0.832,0.845,0.839,0.834,0.835
9,B2_2,0.711,0.763,0.74,0.751,0.82,0.855,0.777,0.816,0.739,0.875,0.832,1.0,0.866,0.8,0.799,0.89
9,B2_3,0.804,0.78,0.812,0.832,0.871,0.843,0.861,0.773,0.819,0.869,0.845,0.866,1.0,0.842,0.869,0.851
9,y1,0.803,0.828,0.886,0.812,0.761,0.815,0.81,0.889,0.814,0.88,0.839,0.8,0.842,1.0,0.859,0.859
9,y2,0.799,0.838,0.818,0.806,0.789,0.798,0.854,0.805,0.811,0.844,0.834,0.799,0.869,0.859,1.0,0.856
9,y3,0.786,0.857,0.865,0.827,0.822,0.846,0.812,0.861,0.833,0.879,0.835,0.89,0.851,0.859,0.856,1.0
10,.,1.0,0.849,0.856,0.896,0.818,0.788,0.874,0.828,0.874,0.802,0.757,0.685,0.784,0.784,0.778,0.762
10,A1_1,0.849,1.0,0.845,0.795,0.755,0.807,0.838,0.858,0.88,0.82,0.796,0.748,0.766,0.821,0.83,0.85
10,A1_2,0.856,0.845,1.0,0.878,0.842,0.808,0.871,0.846,0.849,0.864,0.8,0.731,0.803,0.881,0.81,0.859
10,A1_3,0.896,0.795,0.878,1.0,0.878,0.785,0.86,0.765,0.843,0.837,0.741,0.741,0.824,0.803,0.796,0.818
10,B1_1,0.818,0.755,0.842,0.878,1.0,0.852,0.852,0.678,0.786,0.835,0.776,0.823,0.872,0.745,0.774,0.812
10,B1_2,0.788,0.807,0.808,0.785,0.852,1.0,0.842,0.816,0.806,0.893,0.893,0.859,0.845,0.801,0.785,0.839
10,B1_3,0.874,0.838,0.871,0.86,0.852,0.842,1.0,0.798,0.796,0.848,0.795,0.778,0.861,0.8,0.844,0.806
10,A2_1,0.828,0.858,0.846,0.765,0.678,0.816,0.798,1.0,0.823,0.841,0.858,0.803,0.762,0.884,0.797,0.855
10,A2_2,0.874,0.88,0.849,0.843,0.786,0.806,0.796,0.823,1.0,0.824,0.806,0.724,0.807,0.805,0.801,0.824
10,A2_3,0.802,0.82,0.864,0.837,0.835,0.893,0.848,0.841,0.824,1.0,0.889,0.873,0.867,0.873,0.836,0.875
10,B2_1,0.757,0.796,0.8,0.741,0.776,0.893,0.795,0.858,0.806,0.889,1.0,0.834,0.846,0.829,0.824,0.831
10,B2_2,0.685,0.748,0.731,0.741,0.823,0.859,0.778,0.803,0.724,0.873,0.834,1.0,0.867,0.788,0.788,0.884
10,B2_3,0.784,0.766,0.803,0.824,0.872,0.845,0.861,0.762,0.807,0.867,0.846,0.867,1.0,0.83,0.858,0.844
10,y1,0.784,0.821,0.881,0.803,0.745,0.801,0.8,0.884,0.805,0.873,0.829,0.788,0.83,1.0,0.853,0.854
10,y2,0.778,0.83,0.81,0.796,0.774,0.785,0.844,0.797,0.801,0.836,0.824,0.788,0.858,0.853,1.0,0.85
10,y3,0.762,0.85,0.859,0.818,0.812,0.839,0.806,0.855,0.824,0.875,0.831,0.884,0.844,0.854,0.85,1.0
11,.,1.0,0.836,0.843,0.889,0.796,0.761,0.861,0.817,0.864,0.784,0.733,0.653,0.759,0.76,0.753,0.733
11,A1_1,0.836,1.0,0.841,0.789,0.737,0.791,0.828,0.854,0.876,0.811,0.782,0.728,0.749,0.812,0.82,0.841
11,A1_2,0.843,0.841,1.0,0.875,0.829,0.797,0.865,0.843,0.844,0.86,0.792,0.718,0.792,0.876,0.8,0.853
11,A1_3,0.889,0.789,0.875,1.0,0.868,0.775,0.856,0.76,0.838,0.832,0.733,0.727,0.813,0.791,0.783,0.807
11,B1_1,0.796,0.737,0.829,0.868,1.0,0.855,0.853,0.665,0.77,0.832,0.779,0.825,0.873,0.724,0.754,0.799
11,B1_2,0.761,0.791,0.797,0.775,0.855,1.0,0.843,0.802,0.789,0.891,0.894,0.861,0.846,0.783,0.768,0.829
11,B1_3,0.861,0.828,0.865,0.856,0.853,0.843,1.0,0.791,0.787,0.848,0.795,0.777,0.86,0.786,0.831,0.797
11,A2_1,0.817,0.854,0.843,0.76,0.665,0.802,0.791,1.0,0.819,0.835,0.848,0.787,0.748,0.879,0.786,0.848
11,A2_2,0.864,0.876,0.844,0.838,0.77,0.789,0.787,0.819,1.0,0.815,0.793,0.704,0.79,0.794,0.788,0.813
11,A2_3,0.784,0.811,0.86,0.832,0.832,0.891,0.848,0.835,0.815,1.0,0.888,0.869,0.863,0.864,0.826,0.869
11,B2_1,0.733,0.782,0.792,0.733,0.779,0.894,0.795,0.848,0.793,0.888,1.0,0.836,0.847,0.816,0.81,0.825
11,B2_2,0.653,0.728,0.718,0.727,0.825,0.861,0.777,0.787,0.704,0.869,0.836,1.0,0.869,0.771,0.774,0.876
11,B2_3,0.759,0.749,0.792,0.813,0.873,0.846,0.86,0.748,0.79,0.863,0.847,0.869,1.0,0.813,0.843,0.835
11,y1,0.76,0.812,0.876,0.791,0.724,0.783,0.786,0.879,0.794,0.864,0.816,0.771,0.813,1.0,0.846,0.847
11,y2,0.753,0.82,0.8,0.783,0.754,0.768,0.831,0.786,0.788,0.826,0.81,0.774,0.843,0.846,1.0,0.844
11,y3,0.733,0.841,0.853,0.807,0.799,0.829,0.797,0.848,0.813,0.869,0.825,0.876,0.835,0.847,0.844,1.0
12,.,1.0,0.821,0.828,0.88,0.768,0.727,0.843,0.803,0.853,0.762,0.702,0.613,0.727,0.734,0.724,0.7
12,A1_1,0.821,1.0,0.836,0.782,0.715,0.769,0.815,0.85,0.872,0.8,0.764,0.703,0.726,0.803,0.809,0.83
12,A1_2,0.828,0.836,1.0,0.872,0.814,0.783,0.858,0.839,0.839,0.855,0.782,0.702,0.777,0.869,0.787,0.845
12,A1_3,0.88,0.782,0.872,1.0,0.854,0.762,0.851,0.755,0.834,0.826,0.722,0.71,0.8,0.778,0.768,0.794
12,B1_1,0.768,0.715,0.814,0.854,1.0,0.858,0.854,0.648,0.749,0.828,0.781,0.827,0.874,0.698,0.728,0.783
12,B1_2,0.727,0.769,0.783,0.762,0.858,1.0,0.843,0.785,0.767,0.888,0.896,0.864,0.848,0.759,0.744,0.817
12,B1_3,0.843,0.815,0.858,0.851,0.854,0.843,1.0,0.781,0.776,0.847,0.795,0.776,0.859,0.769,0.814,0.786
12,A2_1,0.803,0.85,0.839,0.755,0.648,0.785,0.781,1.0,0.814,0.828,0.835,0.767,0.731,0.872,0.774,0.84
12,A2_2,0.853,0.872,0.839,0.834,0.749,0.767,0.776,0.814,1.0,0.804,0.776,0.679,0.77,0.781,0.773,0.8
12,A2_3,0.762,0.8,0.855,0.826,0.828,0.888,0.847,0.828,0.804,1.0,0.887,0.863,0.859,0.853,0.812,0.862
12,B2_1,0.702,0.764,0.782,0.722,0.781,0.896,0.795,0.835,0.776,0.887,1.0,0.838,0.847,0.798,0.792,0.816
12,B2_2,0.613,0.703,0.702,0.71,0.827,0.864,0.776,0.767,0.679,0.863,0.838,1.0,0.87,0.75,0.755,0.865
12,B2_3,0.727,0.726,0.777,0.8,0.874,0.848,0.859,0.731,0.77,0.859,0.847,0.87,1.0,0.793,0.824,0.822
12,y1,0.734,0.803,0.869,0.778,0.698,0.759,0.769,0.872,0.781,0.853,0.798,0.75,0.793,1.0,0.839,0.84
12,y2,0.724,0.809,0.787,0.768,0.728,0.744,0.814,0.774,0.773,0.812,0.792,0.755,0.824,0.839,1.0,0.836
12,y3,0.7,0.83,0.845,0.794,0.783,0.817,0.786,0.84,0.8,0.862,0.816,0.865,0.822,0.84,0.836,1.0
13,.,1.0,0.804,0.809,0.868,0.732,0.685,0.82,0.788,0.84,0.735,0.663,0.566,0.689,0.702,0.69,0.66
13,A1_1,0.804,1.0,0.83,0.774,0.686,0.74,0.798,0.845,0.868,0.786,0.741,0.672,0.698,0.791,0.796,0.818
13,A1_2,0.809,0.83,1.0,0.868,0.793,0.764,0.847,0.836,0.833,0.848,0.767,0.681,0.758,0.861,0.772,0.836
13,A1_3,0.868,0.774,0.868,1.0,0.836,0.745,0.843,0.748,0.828,0.818,0.708,0.689,0.783,0.763,0.749,0.778
13,B1_1,0.732,0.686,0.793,0.836,1.0,0.861,0.854,0.626,0.723,0.822,0.783,0.829,0.874,0.665,0.696,0.762
13,B1_2,0.685,0.74,0.764,0.745,0.861,1.0,0.843,0.764,0.74,0.882,0.897,0.867,0.849,0.729,0.714,0.8
13,B1_3,0.82,0.798,0.847,0.843,0.854,0.843,1.0,0.769,0.76,0.845,0.794,0.774,0.857,0.747,0.791,0.771
13,A2_1,0.788,0.845,0.836,0.748,0.626,0.764,0.769,1.0,0.809,0.819,0.818,0.743,0.71,0.864,0.76,0.83
13,A2_2,0.84,0.868,0.833,0.828,0.723,0.74,0.76,0.809,1.0,0.791,0.753,0.648,0.744,0.767,0.755,0.785
13,A2_3,0.735,0.786,0.848,0.818,0.822,0.882,0.845,0.819,0.791,1.0,0.884,0.856,0.853,0.838,0.795,0.853
13,B2_1,0.663,0.741,0.767,0.708,0.783,0.897,0.794,0.818,0.753,0.884,1.0,0.84,0.848,0.775,0.768,0.804
13,B2_2,0.566,0.672,0.681,0.689,0.829,0.867,0.774,0.743,0.648,0.856,0.84,1.0,0.871,0.723,0.729,0.851
13,B2_3,0.689,0.698,0.758,0.783,0.874,0.849,0.857,0.71,0.744,0.853,0.848,0.871,1.0,0.766,0.799,0.807
13,y1,0.702,0.791,0.861,0.763,0.665,0.729,0.747,0.864,0.767,0.838,0.775,0.723,0.766,1.0,0.831,0.831
13,y2,0.69,0.796,0.772,0.749,0.696,0.714,0.791,0.76,0.755,0.795,0.768,0.729,0.799,0.831,1.0,0.826
13,y3,0.66,0.818,0.836,0.778,0.762,0.8,0.771,0.83,0.785,0.853,0.804,0.851,0.807,0.831,0.826,1.0
14,.,1.0,0.786,0.788,0.855,0.689,0.635,0.789,0.771,0.827,0.704,0.618,0.51,0.642,0.667,0.65,0.615
14,A1_1,0.786,1.0,0.823,0.766,0.65,0.705,0.775,0.839,0.863,0.769,0.711,0.635,0.664,0.779,0.782,0.804
14,A1_2,0.788,0.823,1.0,0.863,0.768,0.741,0.833,0.831,0.826,0.84,0.748,0.656,0.734,0.851,0.755,0.825
14,A1_3,0.855,0.766,0.863,1.0,0.814,0.724,0.832,0.741,0.821,0.809,0.689,0.663,0.762,0.745,0.727,0.76
14,B1_1,0.689,0.65,0.768,0.814,1.0,0.864,0.854,0.6,0.69,0.814,0.785,0.831,0.875,0.624,0.656,0.736
14,B1_2,0.635,0.705,0.741,0.724,0.864,1.0,0.843,0.737,0.706,0.875,0.898,0.869,0.85,0.69,0.675,0.778
14,B1_3,0.789,0.775,0.833,0.832,0.854,0.843,1.0,0.752,0.74,0.842,0.794,0.773,0.856,0.718,0.761,0.753
14,A2_1,0.771,0.839,0.831,0.741,0.6,0.737,0.752,1.0,0.803,0.809,0.797,0.713,0.684,0.855,0.743,0.819
14,A2_2,0.827,0.863,0.826,0.821,0.69,0.706,0.74,0.803,1.0,0.776,0.725,0.611,0.713,0.751,0.735,0.768
14,A2_3,0.704,0.769,0.84,0.809,0.814,0.875,0.842,0.809,0.776,1.0,0.879,0.847,0.845,0.82,0.774,0.841
14,B2_1,0.618,0.711,0.748,0.689,0.785,0.898,0.794,0.797,0.725,0.879,1.0,0.842,0.848,0.745,0.738,0.789
14,B2_2,0.51,0.635,0.656,0.663,0.831,0.869,0.773,0.713,0.611,0.847,0.842,1.0,0.872,0.688,0.698,0.832
14,B2_3,0.642,0.664,0.734,0.762,0.875,0.85,0.856,0.684,0.713,0.845,0.848,0.872,1.0,0.732,0.766,0.787
14,y1,0.667,0.779,0.851,0.745,0.624,0.69,0.718,0.855,0.751,0.82,0.745,0.688,0.732,1.0,0.823,0.822
14,y2,0.65,0.782,0.755,0.727,0.656,0.675,0.761,0.743,0.735,0.774,0.738,0.698,0.766,0.823,1.0,0.816
14,y3,0.615,0.804,0.825,0.76,0.736,0.778,0.753,0.819,0.768,0.841,0.789,0.832,0.787,0.822,0.816,1.0
15,.,1.0,0.767,0.765,0.84,0.637,0.578,0.751,0.753,0.813,0.669,0.564,0.447,0.588,0.629,0.608,0.566
15,A1_1,0.767,1.0,0.816,0.757,0.607,0.663,0.747,0.834,0.86,0.75,0.675,0.59,0.623,0.767,0.767,0.789
15,A1_2,0.765,0.816,1.0,0.858,0.738,0.713,0.815,0.827,0.82,0.831,0.725,0.626,0.705,0.84,0.735,0.814
15,A1_3,0.84,0.757,0.858,1.0,0.788,0.698,0.817,0.734,0.816,0.799,0.667,0.633,0.737,0.725,0.703,0.739
15,B1_1,0.637,0.607,0.738,0.788,1.0,0.868,0.854,0.568,0.651,0.805,0.788,0.834,0.876,0.574,0.606,0.704
15,B1_2,0.578,0.663,0.713,0.698,0.868,1.0,0.844,0.705,0.665,0.867,0.9,0.872,0.851,0.642,0.629,0.75
15,B1_3,0.751,0.747,0.815,0.817,0.854,0.844,1.0,0.732,0.714,0.839,0.794,0.773,0.855,0.681,0.723,0.73
15,A2_1,0.753,0.834,0.827,0.734,0.568,0.705,0.732,1.0,0.798,0.797,0.77,0.677,0.653,0.844,0.725,0.806
15,A2_2,0.813,0.86,0.82,0.816,0.651,0.665,0.714,0.798,1.0,0.758,0.691,0.567,0.674,0.735,0.714,0.749
15,A2_3,0.669,0.75,0.831,0.799,0.805,0.867,0.839,0.797,0.758,1.0,0.874,0.837,0.835,0.798,0.748,0.827
15,B2_1,0.564,0.675,0.725,0.667,0.788,0.9,0.794,0.77,0.691,0.874,1.0,0.844,0.849,0.707,0.699,0.769
15,B2_2,0.447,0.59,0.626,0.633,0.834,0.872,0.773,0.677,0.567,0.837,0.844,1.0,0.874,0.646,0.658,0.808
15,B2_3,0.588,0.623,0.705,0.737,0.876,0.851,0.855,0.653,0.674,0.835,0.849,0.874,1.0,0.69,0.726,0.762
15,y1,0.629,0.767,0.84,0.725,0.574,0.642,0.681,0.844,0.735,0.798,0.707,0.646,0.69,1.0,0.815,0.811
15,y2,0.608,0.767,0.735,0.703,0.606,0.629,0.723,0.725,0.714,0.748,0.699,0.658,0.726,0.815,1.0,0.805
15,y3,0.566,0.789,0.814,0.739,0.704,0.75,0.73,0.806,0.749,0.827,0.769,0.808,0.762,0.811,0.805,1.0
16,.,1.0,0.747,0.739,0.823,0.576,0.512,0.704,0.735,0.799,0.631,0.502,0.377,0.527,0.59,0.562,0.514
16,A1_1,0.747,1.0,0.81,0.748,0.555,0.612,0.71,0.83,0.857,0.729,0.631,0.538,0.573,0.755,0.752,0.773
16,A1_2,0.739,0.81,1.0,0.853,0.7,0.679,0.792,0.824,0.814,0.82,0.696,0.59,0.671,0.828,0.713,0.801
16,A1_3,0.823,0.748,0.853,1.0,0.755,0.668,0.798,0.727,0.81,0.788,0.64,0.599,0.706,0.703,0.675,0.717
16,B1_1,0.576,0.555,0.7,0.755,1.0,0.872,0.856,0.53,0.604,0.793,0.791,0.837,0.877,0.513,0.546,0.665
16,B1_2,0.512,0.612,0.679,0.668,0.872,1.0,0.847,0.666,0.616,0.856,0.901,0.875,0.853,0.584,0.572,0.716
16,B1_3,0.704,0.71,0.792,0.798,0.856,0.847,1.0,0.705,0.682,0.834,0.795,0.774,0.856,0.635,0.675,0.702
16,A2_1,0.735,0.83,0.824,0.727,0.53,0.666,0.705,1.0,0.794,0.784,0.737,0.636,0.616,0.833,0.706,0.793
16,A2_2,0.799,0.857,0.814,0.81,0.604,0.616,0.682,0.794,1.0,0.739,0.649,0.516,0.629,0.719,0.692,0.73
16,A2_3,0.631,0.729,0.82,0.788,0.793,0.856,0.834,0.784,0.739,1.0,0.866,0.823,0.823,0.772,0.717,0.811
16,B2_1,0.502,0.631,0.696,0.64,0.791,0.901,0.795,0.737,0.649,0.866,1.0,0.847,0.851,0.658,0.65,0.742
16,B2_2,0.377,0.538,0.59,0.599,0.837,0.875,0.774,0.636,0.516,0.823,0.847,1.0,0.877,0.594,0.61,0.778
16,B2_3,0.527,0.573,0.671,0.706,0.877,0.853,0.856,0.616,0.629,0.823,0.851,0.877,1.0,0.638,0.675,0.731
16,y1,0.59,0.755,0.828,0.703,0.513,0.584,0.635,0.833,0.719,0.772,0.658,0.594,0.638,1.0,0.808,0.801
16,y2,0.562,0.752,0.713,0.675,0.546,0.572,0.675,0.706,0.692,0.717,0.65,0.61,0.675,0.808,1.0,0.795
16,y3,0.514,0.773,0.801,0.717,0.665,0.716,0.702,0.793,0.73,0.811,0.742,0.778,0.731,0.801,0.795,1.0
17,.,1.0,0.728,0.712,0.805,0.507,0.439,0.647,0.717,0.785,0.589,0.433,0.301,0.457,0.55,0.515,0.459
17,A1_1,0.728,1.0,0.804,0.74,0.495,0.552,0.663,0.826,0.855,0.706,0.578,0.478,0.516,0.745,0.737,0.757
17,A1_2,0.712,0.804,1.0,0.847,0.655,0.637,0.761,0.821,0.808,0.809,0.66,0.549,0.629,0.816,0.69,0.789
17,A1_3,0.805,0.74,0.847,1.0,0.716,0.632,0.773,0.721,0.804,0.776,0.607,0.558,0.669,0.679,0.645,0.693
17,B1_1,0.507,0.495,0.655,0.716,1.0,0.876,0.858,0.485,0.548,0.776,0.796,0.841,0.879,0.441,0.474,0.616
17,B1_2,0.439,0.552,0.637,0.632,0.876,1.0,0.85,0.62,0.56,0.841,0.904,0.878,0.856,0.514,0.504,0.671
17,B1_3,0.647,0.663,0.761,0.773,0.858,0.85,1.0,0.672,0.641,0.826,0.798,0.777,0.857,0.578,0.615,0.665
17,A2_1,0.717,0.826,0.821,0.721,0.485,0.62,0.672,1.0,0.791,0.769,0.696,0.587,0.572,0.82,0.685,0.779
17,A2_2,0.785,0.855,0.808,0.804,0.548,0.56,0.641,0.791,1.0,0.718,0.599,0.459,0.576,0.703,0.67,0.71
17,A2_3,0.589,0.706,0.809,0.776,0.776,0.841,0.826,0.769,0.718,1.0,0.856,0.807,0.808,0.741,0.682,0.791
17,B2_1,0.433,0.578,0.66,0.607,0.796,0.904,0.798,0.696,0.599,0.856,1.0,0.851,0.853,0.599,0.592,0.708
17,B2_2,0.301,0.478,0.549,0.558,0.841,0.878,0.777,0.587,0.459,0.807,0.851,1.0,0.88,0.532,0.552,0.74
17,B2_3,0.457,0.516,0.629,0.669,0.879,0.856,0.857,0.572,0.576,0.808,0.853,0.88,1.0,0.575,0.613,0.691
17,y1,0.55,0.745,0.816,0.679,0.441,0.514,0.578,0.82,0.703,0.741,0.599,0.532,0.575,1.0,0.803,0.792
17,y2,0.515,0.737,0.69,0.645,0.474,0.504,0.615,0.685,0.67,0.682,0.592,0.552,0.613,0.803,1.0,0.785
17,y3,0.459,0.757,0.789,0.693,0.616,0.671,0.665,0.779,0.71,0.791,0.708,0.74,0.691,0.792,0.785,1.0
18,.,1.0,0.709,0.685,0.788,0.433,0.363,0.582,0.7,0.772,0.548,0.358,0.223,0.382,0.511,0.468,0.405
18,A1_1,0.709,1.0,0.799,0.733,0.427,0.485,0.607,0.823,0.855,0.683,0.517,0.412,0.451,0.737,0.723,0.743
18,A1_2,0.685,0.799,1.0,0.841,0.602,0.589,0.722,0.819,0.804,0.797,0.617,0.501,0.58,0.803,0.667,0.776
18,A1_3,0.788,0.733,0.841,1.0,0.67,0.59,0.741,0.717,0.8,0.763,0.569,0.513,0.626,0.655,0.613,0.668
18,B1_1,0.433,0.427,0.602,0.67,1.0,0.881,0.862,0.434,0.486,0.756,0.802,0.846,0.881,0.359,0.393,0.559
18,B1_2,0.363,0.485,0.589,0.59,0.881,1.0,0.856,0.567,0.497,0.823,0.906,0.882,0.86,0.434,0.427,0.618
18,B1_3,0.582,0.607,0.722,0.741,0.862,0.856,1.0,0.632,0.593,0.816,0.803,0.783,0.859,0.508,0.543,0.619
18,A2_1,0.7,0.823,0.819,0.717,0.434,0.567,0.632,1.0,0.79,0.755,0.648,0.533,0.522,0.807,0.665,0.765
18,A2_2,0.772,0.855,0.804,0.8,0.486,0.497,0.593,0.79,1.0,0.698,0.543,0.397,0.515,0.69,0.649,0.692
18,A2_3,0.548,0.683,0.797,0.763,0.756,0.823,0.816,0.755,0.698,1.0,0.842,0.787,0.789,0.708,0.643,0.769
18,B2_1,0.358,0.517,0.617,0.569,0.802,0.906,0.803,0.648,0.543,0.842,1.0,0.856,0.857,0.528,0.523,0.665
18,B2_2,0.223,0.412,0.501,0.513,0.846,0.882,0.783,0.533,0.397,0.787,0.856,1.0,0.884,0.462,0.487,0.694
18,B2_3,0.382,0.451,0.58,0.626,0.881,0.86,0.859,0.522,0.515,0.789,0.857,0.884,1.0,0.501,0.541,0.643
18,y1,0.511,0.737,0.803,0.655,0.359,0.434,0.508,0.807,0.69,0.708,0.528,0.462,0.501,1.0,0.802,0.785
18,y2,0.468,0.723,0.667,0.613,0.393,0.427,0.543,0.665,0.649,0.643,0.523,0.487,0.541,0.802,1.0,0.778
18,y3,0.405,0.743,0.776,0.668,0.559,0.618,0.619,0.765,0.692,0.769,0.665,0.694,0.643,0.785,0.778,1.0
19,.,1.0,0.691,0.658,0.77,0.354,0.283,0.509,0.685,0.759,0.507,0.279,0.142,0.302,0.474,0.423,0.353
19,A1_1,0.691,1.0,0.796,0.727,0.351,0.411,0.541,0.823,0.856,0.661,0.448,0.341,0.378,0.731,0.712,0.731
19,A1_2,0.658,0.796,1.0,0.836,0.541,0.532,0.672,0.818,0.802,0.785,0.566,0.447,0.522,0.79,0.645,0.764
19,A1_3,0.77,0.727,0.836,1.0,0.616,0.541,0.699,0.713,0.796,0.749,0.523,0.462,0.574,0.631,0.58,0.642
19,B1_1,0.354,0.351,0.541,0.616,1.0,0.886,0.867,0.375,0.417,0.73,0.808,0.851,0.884,0.268,0.303,0.49
19,B1_2,0.283,0.411,0.532,0.541,0.886,1.0,0.862,0.507,0.428,0.799,0.91,0.887,0.864,0.344,0.342,0.553
19,B1_3,0.509,0.541,0.672,0.699,0.867,0.862,1.0,0.582,0.535,0.8,0.809,0.79,0.863,0.426,0.458,0.562
19,A2_1,0.685,0.823,0.818,0.713,0.375,0.507,0.582,1.0,0.791,0.741,0.592,0.471,0.463,0.793,0.646,0.751
19,A2_2,0.759,0.856,0.802,0.796,0.417,0.428,0.535,0.791,1.0,0.679,0.478,0.329,0.447,0.678,0.63,0.675
19,A2_3,0.507,0.661,0.785,0.749,0.73,0.799,0.8,0.741,0.679,1.0,0.823,0.762,0.764,0.673,0.603,0.744
19,B2_1,0.279,0.448,0.566,0.523,0.808,0.91,0.809,0.592,0.478,0.823,1.0,0.861,0.862,0.446,0.444,0.61
19,B2_2,0.142,0.341,0.447,0.462,0.851,0.887,0.79,0.471,0.329,0.762,0.861,1.0,0.889,0.382,0.413,0.636
19,B2_3,0.302,0.378,0.522,0.574,0.884,0.864,0.863,0.463,0.447,0.764,0.862,0.889,1.0,0.416,0.459,0.583
19,y1,0.474,0.731,0.79,0.631,0.268,0.344,0.426,0.793,0.678,0.673,0.446,0.382,0.416,1.0,0.805,0.782
19,y2,0.423,0.712,0.645,0.58,0.303,0.342,0.458,0.646,0.63,0.603,0.444,0.413,0.459,0.805,1.0,0.775
19,y3,0.353,0.731,0.764,0.642,0.49,0.553,0.562,0.751,0.675,0.744,0.61,0.636,0.583,0.782,0.775,1.0
20,.,1.0,0.674,0.631,0.753,0.275,0.205,0.429,0.671,0.747,0.47,0.199,0.065,0.221,0.44,0.382,0.306
20,A1_1,0.674,1.0,0.796,0.724,0.272,0.334,0.465,0.824,0.858,0.641,0.373,0.267,0.301,0.729,0.704,0.723
20,A1_2,0.631,0.796,1.0,0.831,0.473,0.471,0.613,0.82,0.802,0.775,0.508,0.389,0.458,0.779,0.627,0.754
20,A1_3,0.753,0.724,0.831,1.0,0.556,0.488,0.648,0.713,0.795,0.737,0.471,0.407,0.516,0.61,0.551,0.617
20,B1_1,0.275,0.272,0.473,0.556,1.0,0.892,0.874,0.313,0.345,0.698,0.817,0.858,0.889,0.174,0.211,0.412
20,B1_2,0.205,0.334,0.471,0.488,0.892,1.0,0.871,0.443,0.357,0.77,0.914,0.891,0.869,0.251,0.254,0.479
20,B1_3,0.429,0.465,0.613,0.648,0.874,0.871,1.0,0.524,0.47,0.779,0.818,0.8,0.869,0.336,0.366,0.493
20,A2_1,0.671,0.824,0.82,0.713,0.313,0.443,0.524,1.0,0.794,0.729,0.528,0.406,0.399,0.781,0.63,0.739
20,A2_2,0.747,0.858,0.802,0.795,0.345,0.357,0.47,0.794,1.0,0.663,0.41,0.261,0.375,0.67,0.614,0.661
20,A2_3,0.47,0.641,0.775,0.737,0.698,0.77,0.779,0.729,0.663,1.0,0.798,0.733,0.733,0.639,0.565,0.718
20,B2_1,0.199,0.373,0.508,0.471,0.817,0.914,0.818,0.528,0.41,0.798,1.0,0.868,0.868,0.358,0.361,0.545
20,B2_2,0.065,0.267,0.389,0.407,0.858,0.891,0.8,0.406,0.261,0.733,0.868,1.0,0.895,0.299,0.337,0.57
20,B2_3,0.221,0.301,0.458,0.516,0.889,0.869,0.869,0.399,0.375,0.733,0.868,0.895,1.0,0.326,0.372,0.512
20,y1,0.44,0.729,0.779,0.61,0.174,0.251,0.336,0.781,0.67,0.639,0.358,0.299,0.326,1.0,0.813,0.784
20,y2,0.382,0.704,0.627,0.551,0.211,0.254,0.366,0.63,0.614,0.565,0.361,0.337,0.372,0.813,1.0,0.778
20,y3,0.306,0.723,0.754,0.617,0.412,0.479,0.493,0.739,0.661,0.718,0.545,0.57,0.512,0.784,0.778,1.0
21,.,1.0,0.658,0.607,0.739,0.2,0.131,0.348,0.66,0.736,0.439,0.122,-0.007,0.143,0.41,0.345,0.266
21,A1_1,0.658,1.0,0.799,0.725,0.194,0.257,0.385,0.827,0.862,0.629,0.297,0.195,0.223,0.731,0.699,0.72
21,A1_2,0.607,0.799,1.0,0.829,0.401,0.405,0.546,0.824,0.805,0.768,0.444,0.328,0.389,0.771,0.614,0.747
21,A1_3,0.739,0.725,0.829,1.0,0.49,0.43,0.589,0.716,0.798,0.727,0.415,0.349,0.452,0.593,0.527,0.596
21,B1_1,0.2,0.194,0.401,0.49,1.0,0.898,0.882,0.25,0.273,0.661,0.826,0.865,0.894,0.082,0.122,0.327
21,B1_2,0.131,0.257,0.405,0.43,0.898,1.0,0.881,0.377,0.287,0.734,0.918,0.897,0.876,0.16,0.169,0.398
21,B1_3,0.348,0.385,0.546,0.589,0.882,0.881,1.0,0.461,0.401,0.751,0.829,0.813,0.876,0.243,0.271,0.415
21,A2_1,0.66,0.827,0.824,0.716,0.25,0.377,0.461,1.0,0.8,0.722,0.461,0.34,0.333,0.771,0.618,0.73
21,A2_2,0.736,0.862,0.805,0.798,0.273,0.287,0.401,0.8,1.0,0.653,0.34,0.195,0.301,0.666,0.603,0.652
21,A2_3,0.439,0.629,0.768,0.727,0.661,0.734,0.751,0.722,0.653,1.0,0.766,0.698,0.696,0.612,0.535,0.693
21,B2_1,0.122,0.297,0.444,0.415,0.826,0.918,0.829,0.461,0.34,0.766,1.0,0.876,0.875,0.27,0.277,0.471
21,B2_2,-0.007,0.195,0.328,0.349,0.865,0.897,0.813,0.34,0.195,0.698,0.876,1.0,0.902,0.218,0.263,0.497
21,B2_3,0.143,0.223,0.389,0.452,0.894,0.876,0.876,0.333,0.301,0.696,0.875,0.902,1.0,0.235,0.284,0.434
21,y1,0.41,0.731,0.771,0.593,0.082,0.16,0.243,0.771,0.666,0.612,0.27,0.218,0.235,1.0,0.824,0.792
21,y2,0.345,0.699,0.614,0.527,0.122,0.169,0.271,0.618,0.603,0.535,0.277,0.263,0.284,0.824,1.0,0.788
21,y3,0.266,0.72,0.747,0.596,0.327,0.398,0.415,0.73,0.652,0.693,0.471,0.497,0.434,0.792,0.788,1.0
22,.,1.0,0.643,0.585,0.725,0.13,0.063,0.268,0.649,0.725,0.414,0.048,-0.072,0.07,0.381,0.31,0.23
22,A1_1,0.643,1.0,0.804,0.729,0.116,0.181,0.301,0.832,0.868,0.623,0.22,0.124,0.146,0.735,0.698,0.72
22,A1_2,0.585,0.804,1.0,0.827,0.325,0.336,0.471,0.829,0.811,0.764,0.375,0.265,0.316,0.767,0.607,0.742
22,A1_3,0.725,0.729,0.827,1.0,0.421,0.369,0.522,0.722,0.802,0.719,0.354,0.288,0.384,0.582,0.508,0.579
22,B1_1,0.13,0.116,0.325,0.421,1.0,0.904,0.89,0.187,0.202,0.615,0.836,0.872,0.899,-0.003,0.039,0.24
22,B1_2,0.063,0.181,0.336,0.369,0.904,1.0,0.89,0.31,0.217,0.691,0.923,0.902,0.882,0.074,0.089,0.313
22,B1_3,0.268,0.301,0.471,0.522,0.89,0.89,1.0,0.392,0.328,0.712,0.841,0.826,0.884,0.151,0.179,0.329
22,A2_1,0.649,0.832,0.829,0.722,0.187,0.31,0.392,1.0,0.808,0.719,0.391,0.274,0.266,0.762,0.61,0.722
22,A2_2,0.725,0.868,0.811,0.802,0.202,0.217,0.328,0.808,1.0,0.65,0.269,0.13,0.227,0.664,0.595,0.647
22,A2_3,0.414,0.623,0.764,0.719,0.615,0.691,0.712,0.719,0.65,1.0,0.726,0.656,0.651,0.593,0.513,0.672
22,B2_1,0.048,0.22,0.375,0.354,0.836,0.923,0.841,0.391,0.269,0.726,1.0,0.885,0.883,0.183,0.197,0.391
22,B2_2,-0.072,0.124,0.265,0.288,0.872,0.902,0.826,0.274,0.13,0.656,0.885,1.0,0.908,0.143,0.194,0.419
22,B2_3,0.07,0.146,0.316,0.384,0.899,0.882,0.884,0.266,0.227,0.651,0.883,0.908,1.0,0.15,0.201,0.351
22,y1,0.381,0.735,0.767,0.582,-0.003,0.074,0.151,0.762,0.664,0.593,0.183,0.143,0.15,1.0,0.838,0.805
22,y2,0.31,0.698,0.607,0.508,0.039,0.089,0.179,0.61,0.595,0.513,0.197,0.194,0.201,0.838,1.0,0.803
22,y3,0.23,0.72,0.742,0.579,0.24,0.313,0.329,0.722,0.647,0.672,0.391,0.419,0.351,0.805,0.803,1.0
23,.,1.0,0.626,0.563,0.713,0.067,0.0,0.191,0.639,0.713,0.395,-0.02,-0.132,0.003,0.353,0.277,0.2
23,A1_1,0.626,1.0,0.812,0.737,0.044,0.11,0.218,0.839,0.874,0.628,0.146,0.059,0.073,0.742,0.698,0.724
23,A1_2,0.563,0.812,1.0,0.828,0.249,0.266,0.392,0.836,0.818,0.767,0.305,0.202,0.243,0.766,0.606,0.741
23,A1_3,0.713,0.737,0.828,1.0,0.349,0.304,0.449,0.732,0.809,0.717,0.289,0.226,0.312,0.577,0.496,0.567
23,B1_1,0.067,0.044,0.249,0.349,1.0,0.909,0.899,0.124,0.133,0.559,0.846,0.879,0.904,-0.078,-0.035,0.152
23,B1_2,0.0,0.11,0.266,0.304,0.909,1.0,0.899,0.244,0.151,0.638,0.928,0.907,0.888,-0.002,0.018,0.226
23,B1_3,0.191,0.218,0.392,0.449,0.899,0.899,1.0,0.322,0.254,0.663,0.852,0.839,0.893,0.066,0.093,0.24
23,A2_1,0.639,0.839,0.836,0.732,0.124,0.244,0.322,1.0,0.817,0.723,0.32,0.209,0.199,0.756,0.605,0.716
23,A2_2,0.713,0.874,0.818,0.809,0.133,0.151,0.254,0.817,1.0,0.655,0.199,0.069,0.156,0.664,0.59,0.644
23,A2_3,0.395,0.628,0.767,0.717,0.559,0.638,0.663,0.723,0.655,1.0,0.675,0.605,0.595,0.587,0.505,0.656
23,B2_1,-0.02,0.146,0.305,0.289,0.846,0.928,0.852,0.32,0.199,0.675,1.0,0.893,0.891,0.105,0.124,0.308
23,B2_2,-0.132,0.059,0.202,0.226,0.879,0.907,0.839,0.209,0.069,0.605,0.893,1.0,0.915,0.076,0.132,0.34
23,B2_3,0.003,0.073,0.243,0.312,0.904,0.888,0.893,0.199,0.156,0.595,0.891,0.915,1.0,0.072,0.125,0.266
23,y1,0.353,0.742,0.766,0.577,-0.078,-0.002,0.066,0.756,0.664,0.587,0.105,0.076,0.072,1.0,0.853,0.823
23,y2,0.277,0.698,0.606,0.496,-0.035,0.018,0.093,0.605,0.59,0.505,0.124,0.132,0.125,0.853,1.0,0.823
23,y3,0.2,0.724,0.741,0.567,0.152,0.226,0.24,0.716,0.644,0.656,0.308,0.34,0.266,0.823,0.823,1.0
24,.,1.0,0.606,0.54,0.698,0.013,-0.052,0.122,0.625,0.698,0.379,-0.08,-0.181,-0.055,0.32,0.24,0.167
24,A1_1,0.606,1.0,0.821,0.746,-0.016,0.051,0.145,0.847,0.879,0.641,0.084,0.007,0.012,0.746,0.697,0.728
24,A1_2,0.54,0.821,1.0,0.831,0.18,0.203,0.317,0.844,0.826,0.774,0.24,0.146,0.176,0.766,0.608,0.741
24,A1_3,0.698,0.746,0.831,1.0,0.283,0.247,0.379,0.742,0.817,0.72,0.23,0.171,0.247,0.572,0.486,0.558
24,B1_1,0.013,-0.016,0.18,0.283,1.0,0.915,0.908,0.07,0.075,0.501,0.857,0.886,0.91,-0.137,-0.093,0.077
24,B1_2,-0.052,0.051,0.203,0.247,0.915,1.0,0.909,0.186,0.094,0.582,0.933,0.912,0.895,-0.063,-0.038,0.152
24,B1_3,0.122,0.145,0.317,0.379,0.908,0.909,1.0,0.255,0.187,0.607,0.865,0.853,0.902,-0.006,0.021,0.159
24,A2_1,0.625,0.847,0.844,0.742,0.07,0.186,0.255,1.0,0.826,0.732,0.256,0.153,0.139,0.75,0.601,0.711
24,A2_2,0.698,0.879,0.826,0.817,0.075,0.094,0.187,0.826,1.0,0.667,0.138,0.018,0.093,0.663,0.583,0.641
24,A2_3,0.379,0.641,0.774,0.72,0.501,0.582,0.607,0.732,0.667,1.0,0.619,0.552,0.537,0.591,0.506,0.648
24,B2_1,-0.08,0.084,0.24,0.23,0.857,0.933,0.865,0.256,0.138,0.619,1.0,0.901,0.9,0.041,0.065,0.234
24,B2_2,-0.181,0.007,0.146,0.171,0.886,0.912,0.853,0.153,0.018,0.552,0.901,1.0,0.921,0.024,0.084,0.272
24,B2_3,-0.055,0.012,0.176,0.247,0.91,0.895,0.902,0.139,0.093,0.537,0.9,0.921,1.0,0.009,0.064,0.191
24,y1,0.32,0.746,0.766,0.572,-0.137,-0.063,-0.006,0.75,0.663,0.591,0.041,0.024,0.009,1.0,0.866,0.841
24,y2,0.24,0.697,0.608,0.486,-0.093,-0.038,0.021,0.601,0.583,0.506,0.065,0.084,0.064,0.866,1.0,0.842
24,y3,0.167,0.728,0.741,0.558,0.077,0.152,0.159,0.711,0.641,0.648,0.234,0.272,0.191,0.841,0.842,1.0
25,.,1.0,0.585,0.516,0.683,-0.033,-0.098,0.06,0.61,0.681,0.369,-0.132,-0.224,-0.105,0.285,0.203,0.136
25,A1_1,0.585,1.0,0.832,0.758,-0.069,-0.001,0.08,0.855,0.885,0.664,0.029,-0.039,-0.042,0.75,0.696,0.733
25,A1_2,0.516,0.832,1.0,0.835,0.117,0.144,0.245,0.852,0.835,0.789,0.178,0.095,0.114,0.768,0.611,0.742
25,A1_3,0.683,0.758,0.835,1.0,0.217,0.19,0.309,0.755,0.827,0.729,0.172,0.117,0.182,0.573,0.481,0.553
25,B1_1,-0.033,-0.069,0.117,0.217,1.0,0.92,0.916,0.02,0.022,0.432,0.866,0.893,0.915,-0.185,-0.139,0.012
25,B1_2,-0.098,-0.001,0.144,0.19,0.92,1.0,0.917,0.133,0.043,0.515,0.937,0.917,0.901,-0.112,-0.084,0.086
25,B1_3,0.06,0.08,0.245,0.309,0.916,0.917,1.0,0.194,0.126,0.54,0.876,0.865,0.911,-0.067,-0.038,0.087
25,A2_1,0.61,0.855,0.852,0.755,0.02,0.133,0.194,1.0,0.836,0.749,0.196,0.101,0.084,0.745,0.599,0.707
25,A2_2,0.681,0.885,0.835,0.827,0.022,0.043,0.126,0.836,1.0,0.687,0.082,-0.027,0.036,0.663,0.578,0.639
25,A2_3,0.369,0.664,0.789,0.729,0.432,0.515,0.54,0.749,0.687,1.0,0.553,0.489,0.468,0.606,0.52,0.651
25,B2_1,-0.132,0.029,0.178,0.172,0.866,0.937,0.876,0.196,0.082,0.553,1.0,0.909,0.908,-0.012,0.018,0.169
25,B2_2,-0.224,-0.039,0.095,0.117,0.893,0.917,0.865,0.101,-0.027,0.489,0.909,1.0,0.927,-0.018,0.046,0.211
25,B2_3,-0.105,-0.042,0.114,0.182,0.915,0.901,0.911,0.084,0.036,0.468,0.908,0.927,1.0,-0.042,0.014,0.125
25,y1,0.285,0.75,0.768,0.573,-0.185,-0.112,-0.067,0.745,0.663,0.606,-0.012,-0.018,-0.042,1.0,0.879,0.859
25,y2,0.203,0.696,0.611,0.481,-0.139,-0.084,-0.038,0.599,0.578,0.52,0.018,0.046,0.014,0.879,1.0,0.861
25,y3,0.136,0.733,0.742,0.553,0.012,0.086,0.087,0.707,0.639,0.651,0.169,0.211,0.125,0.859,0.861,1.0
