,,.,A1_1,A1_2,A1_3,B1_1,B1_2,B1_3,A2_1,A2_2,A2_3,B2_1,B2_2,B2_3,y1,y2,y3
1,.,1.0,-0.0,-0.161,-0.019,0.075,-0.113,0.206,-0.034,0.047,-0.209,-0.039,-0.274,0.061,0.04,-0.068,-0.151
1,A1_1,-0.0,1.0,-0.016,0.111,-0.156,0.018,-0.112,0.094,0.097,-0.261,0.035,-0.143,-0.215,0.098,0.191,0.026
1,A1_2,-0.161,-0.016,1.0,0.328,-0.043,-0.099,0.18,0.013,0.056,0.272,0.081,-0.185,-0.034,0.269,-0.091,0.053
1,A1_3,-0.019,0.111,0.328,1.0,0.035,-0.234,0.138,-0.124,0.029,-0.075,-0.023,-0.114,0.128,0.031,-0.073,0.148
1,B1_1,0.075,-0.156,-0.043,0.035,1.0,0.217,0.101,-0.386,-0.001,0.135,-0.098,0.128,0.104,-0.14,-0.105,-0.063
1,B1_2,-0.113,0.018,-0.099,-0.234,0.217,1.0,0.031,0.088,-0.063,0.138,0.043,0.143,-0.153,-0.135,-0.161,-0.084
1,B1_3,0.206,-0.112,0.18,0.138,0.101,0.031,1.0,-0.065,-0.213,0.026,-0.038,-0.104,0.068,-0.127,-0.02,-0.194
1,A2_1,-0.034,0.094,0.013,-0.124,-0.386,0.088,-0.065,1.0,-0.104,-0.005,0.138,0.163,-0.228,0.172,-0.124,0.124
1,A2_2,0.047,0.097,0.056,0.029,-0.001,-0.063,-0.213,-0.104,1.0,-0.077,-0.003,-0.013,-0.034,0.027,0.006,-0.041
1,A2_3,-0.209,-0.261,0.272,-0.075,0.135,0.138,0.026,-0.005,-0.077,1.0,-0.066,0.136,0.151,0.11,-0.083,0.095
1,B2_1,-0.039,0.035,0.081,-0.023,-0.098,0.043,-0.038,0.138,-0.003,-0.066,1.0,-0.157,0.06,0.046,0.129,-0.233
1,B2_2,-0.274,-0.143,-0.185,-0.114,0.128,0.143,-0.104,0.163,-0.013,0.136,-0.157,1.0,0.016,0.012,-0.247,0.293
1,B2_3,0.061,-0.215,-0.034,0.128,0.104,-0.153,0.068,-0.228,-0.034,0.151,0.06,0.016,1.0,0.063,0.022,0.028
1,y1,0.04,0.098,0.269,0.031,-0.14,-0.135,-0.127,0.172,0.027,0.11,0.046,0.012,0.063,1.0,0.074,0.037
1,y2,-0.068,0.191,-0.091,-0.073,-0.105,-0.161,-0.02,-0.124,0.006,-0.083,0.129,-0.247,0.022,0.074,1.0,-0.038
1,y3,-0.151,0.026,0.053,0.148,-0.063,-0.084,-0.194,0.124,-0.041,0.095,-0.233,0.293,0.028,0.037,-0.038,1.0
2,.,1.0,-0.001,-0.161,-0.02,0.075,-0.113,0.207,-0.034,0.046,-0.21,-0.039,-0.274,0.061,0.04,-0.067,-0.152
2,A1_1,-0.001,1.0,-0.016,0.111,-0.156,0.018,-0.112,0.095,0.097,-0.261,0.036,-0.143,-0.215,0.098,0.191,0.026
2,A1_2,-0.161,-0.016,1.0,0.328,-0.043,-0.099,0.18,0.013,0.056,0.272,0.081,-0.185,-0.034,0.27,-0.09,0.053
2,A1_3,-0.02,0.111,0.328,1.0,0.035,-0.234,0.138,-0.124,0.029,-0.075,-0.023,-0.114,0.128,0.031,-0.073,0.149
2,B1_1,0.075,-0.156,-0.043,0.035,1.0,0.217,0.101,-0.386,-0.002,0.134,-0.098,0.129,0.104,-0.14,-0.105,-0.063
2,B1_2,-0.113,0.018,-0.099,-0.234,0.217,1.0,0.03,0.088,-0.063,0.138,0.043,0.143,-0.153,-0.136,-0.161,-0.084
2,B1_3,0.207,-0.112,0.18,0.138,0.101,0.03,1.0,-0.066,-0.213,0.025,-0.038,-0.104,0.067,-0.127,-0.02,-0.194
2,A2_1,-0.034,0.095,0.013,-0.124,-0.386,0.088,-0.066,1.0,-0.104,-0.005,0.138,0.162,-0.228,0.172,-0.124,0.124
2,A2_2,0.046,0.097,0.056,0.029,-0.002,-0.063,-0.213,-0.104,1.0,-0.077,-0.003,-0.013,-0.035,0.027,0.006,-0.041
2,A2_3,-0.21,-0.261,0.272,-0.075,0.134,0.138,0.025,-0.005,-0.077,1.0,-0.066,0.136,0.151,0.11,-0.083,0.096
2,B2_1,-0.039,0.036,0.081,-0.023,-0.098,0.043,-0.038,0.138,-0.003,-0.066,1.0,-0.156,0.06,0.045,0.129,-0.233
2,B2_2,-0.274,-0.143,-0.185,-0.114,0.129,0.143,-0.104,0.162,-0.013,0.136,-0.156,1.0,0.017,0.012,-0.247,0.293
2,B2_3,0.061,-0.215,-0.034,0.128,0.104,-0.153,0.067,-0.228,-0.035,0.151,0.06,0.017,1.0,0.063,0.022,0.028
2,y1,0.04,0.098,0.27,0.031,-0.14,-0.136,-0.127,0.172,0.027,0.11,0.045,0.012,0.063,1.0,0.074,0.037
2,y2,-0.067,0.191,-0.09,-0.073,-0.105,-0.161,-0.02,-0.124,0.006,-0.083,0.129,-0.247,0.022,0.074,1.0,-0.038
2,y3,-0.152,0.026,0.053,0.149,-0.063,-0.084,-0.194,0.124,-0.041,0.096,-0.233,0.293,0.028,0.037,-0.038,1.0
3,.,1.0,-0.001,-0.162,-0.021,0.075,-0.113,0.208,-0.033,0.046,-0.211,-0.038,-0.274,0.06,0.04,-0.067,-0.153
3,A1_1,-0.001,1.0,-0.016,0.111,-0.156,0.018,-0.112,0.095,0.098,-0.261,0.036,-0.143,-0.215,0.098,0.191,0.026
3,A1_2,-0.162,-0.016,1.0,0.328,-0.043,-0.099,0.179,0.013,0.056,0.272,0.081,-0.186,-0.034,0.27,-0.09,0.054
3,A1_3,-0.021,0.111,0.328,1.0,0.034,-0.233,0.138,-0.124,0.029,-0.075,-0.022,-0.114,0.128,0.031,-0.073,0.149
3,B1_1,0.075,-0.156,-0.043,0.034,1.0,0.218,0.102,-0.387,-0.002,0.134,-0.097,0.129,0.105,-0.141,-0.105,-0.063
3,B1_2,-0.113,0.018,-0.099,-0.233,0.218,1.0,0.03,0.088,-0.063,0.138,0.043,0.144,-0.153,-0.136,-0.161,-0.084
3,B1_3,0.208,-0.112,0.179,0.138,0.102,0.03,1.0,-0.066,-0.214,0.025,-0.038,-0.104,0.067,-0.127,-0.02,-0.194
3,A2_1,-0.033,0.095,0.013,-0.124,-0.387,0.088,-0.066,1.0,-0.104,-0.004,0.137,0.162,-0.228,0.172,-0.124,0.124
3,A2_2,0.046,0.098,0.056,0.029,-0.002,-0.063,-0.214,-0.104,1.0,-0.077,-0.003,-0.013,-0.035,0.027,0.005,-0.04
3,A2_3,-0.211,-0.261,0.272,-0.075,0.134,0.138,0.025,-0.004,-0.077,1.0,-0.066,0.135,0.15,0.11,-0.083,0.096
3,B2_1,-0.038,0.036,0.081,-0.022,-0.097,0.043,-0.038,0.137,-0.003,-0.066,1.0,-0.156,0.06,0.044,0.128,-0.233
3,B2_2,-0.274,-0.143,-0.186,-0.114,0.129,0.144,-0.104,0.162,-0.013,0.135,-0.156,1.0,0.017,0.011,-0.247,0.293
3,B2_3,0.06,-0.215,-0.034,0.128,0.105,-0.153,0.067,-0.228,-0.035,0.15,0.06,0.017,1.0,0.062,0.022,0.029
3,y1,0.04,0.098,0.27,0.031,-0.141,-0.136,-0.127,0.172,0.027,0.11,0.044,0.011,0.062,1.0,0.074,0.037
3,y2,-0.067,0.191,-0.09,-0.073,-0.105,-0.161,-0.02,-0.124,0.005,-0.083,0.128,-0.247,0.022,0.074,1.0,-0.038
3,y3,-0.153,0.026,0.054,0.149,-0.063,-0.084,-0.194,0.124,-0.04,0.096,-0.233,0.293,0.029,0.037,-0.038,1.0
4,.,1.0,-0.002,-0.163,-0.022,0.074,-0.113,0.209,-0.033,0.046,-0.211,-0.038,-0.274,0.059,0.04,-0.066,-0.154
4,A1_1,-0.002,1.0,-0.016,0.111,-0.156,0.018,-0.113,0.095,0.098,-0.26,0.036,-0.143,-0.215,0.098,0.191,0.026
4,A1_2,-0.163,-0.016,1.0,0.328,-0.044,-0.099,0.179,0.013,0.056,0.272,0.081,-0.186,-0.035,0.271,-0.09,0.055
4,A1_3,-0.022,0.111,0.328,1.0,0.034,-0.233,0.138,-0.123,0.029,-0.074,-0.022,-0.113,0.127,0.031,-0.073,0.149
4,B1_1,0.074,-0.156,-0.044,0.034,1.0,0.218,0.102,-0.387,-0.003,0.133,-0.096,0.131,0.106,-0.141,-0.105,-0.063
4,B1_2,-0.113,0.018,-0.099,-0.233,0.218,1.0,0.03,0.088,-0.063,0.137,0.044,0.144,-0.152,-0.137,-0.162,-0.084
4,B1_3,0.209,-0.113,0.179,0.138,0.102,0.03,1.0,-0.067,-0.214,0.024,-0.038,-0.104,0.067,-0.128,-0.02,-0.194
4,A2_1,-0.033,0.095,0.013,-0.123,-0.387,0.088,-0.067,1.0,-0.104,-0.004,0.137,0.162,-0.229,0.171,-0.125,0.124
4,A2_2,0.046,0.098,0.056,0.029,-0.003,-0.063,-0.214,-0.104,1.0,-0.077,-0.003,-0.014,-0.036,0.028,0.005,-0.04
4,A2_3,-0.211,-0.26,0.272,-0.074,0.133,0.137,0.024,-0.004,-0.077,1.0,-0.066,0.135,0.15,0.111,-0.083,0.097
4,B2_1,-0.038,0.036,0.081,-0.022,-0.096,0.044,-0.038,0.137,-0.003,-0.066,1.0,-0.155,0.061,0.043,0.128,-0.234
4,B2_2,-0.274,-0.143,-0.186,-0.113,0.131,0.144,-0.104,0.162,-0.014,0.135,-0.155,1.0,0.018,0.011,-0.247,0.293
4,B2_3,0.059,-0.215,-0.035,0.127,0.106,-0.152,0.067,-0.229,-0.036,0.15,0.061,0.018,1.0,0.062,0.022,0.029
4,y1,0.04,0.098,0.271,0.031,-0.141,-0.137,-0.128,0.171,0.028,0.111,0.043,0.011,0.062,1.0,0.075,0.038
4,y2,-0.066,0.191,-0.09,-0.073,-0.105,-0.162,-0.02,-0.125,0.005,-0.083,0.128,-0.247,0.022,0.075,1.0,-0.037
4,y3,-0.154,0.026,0.055,0.149,-0.063,-0.084,-0.194,0.124,-0.04,0.097,-0.234,0.293,0.029,0.038,-0.037,1.0
5,.,1.0,-0.003,-0.164,-0.023,0.073,-0.114,0.21,-0.033,0.046,-0.212,-0.038,-0.275,0.058,0.04,-0.066,-0.155
5,A1_1,-0.003,1.0,-0.016,0.111,-0.156,0.018,-0.113,0.095,0.098,-0.26,0.036,-0.143,-0.216,0.098,0.191,0.026
5,A1_2,-0.164,-0.016,1.0,0.328,-0.044,-0.1,0.178,0.013,0.056,0.272,0.081,-0.186,-0.035,0.271,-0.089,0.056
5,A1_3,-0.023,0.111,0.328,1.0,0.034,-0.233,0.137,-0.123,0.029,-0.074,-0.022,-0.113,0.127,0.031,-0.073,0.149
5,B1_1,0.073,-0.156,-0.044,0.034,1.0,0.22,0.103,-0.387,-0.004,0.132,-0.094,0.132,0.107,-0.142,-0.106,-0.064
5,B1_2,-0.114,0.018,-0.1,-0.233,0.22,1.0,0.031,0.088,-0.064,0.137,0.045,0.145,-0.151,-0.138,-0.162,-0.085
5,B1_3,0.21,-0.113,0.178,0.137,0.103,0.031,1.0,-0.067,-0.215,0.024,-0.038,-0.103,0.067,-0.129,-0.021,-0.194
5,A2_1,-0.033,0.095,0.013,-0.123,-0.387,0.088,-0.067,1.0,-0.103,-0.004,0.137,0.161,-0.229,0.171,-0.125,0.124
5,A2_2,0.046,0.098,0.056,0.029,-0.004,-0.064,-0.215,-0.103,1.0,-0.076,-0.004,-0.014,-0.036,0.028,0.005,-0.04
5,A2_3,-0.212,-0.26,0.272,-0.074,0.132,0.137,0.024,-0.004,-0.076,1.0,-0.066,0.134,0.149,0.111,-0.082,0.098
5,B2_1,-0.038,0.036,0.081,-0.022,-0.094,0.045,-0.038,0.137,-0.004,-0.066,1.0,-0.154,0.062,0.042,0.127,-0.234
5,B2_2,-0.275,-0.143,-0.186,-0.113,0.132,0.145,-0.103,0.161,-0.014,0.134,-0.154,1.0,0.02,0.01,-0.247,0.292
5,B2_3,0.058,-0.216,-0.035,0.127,0.107,-0.151,0.067,-0.229,-0.036,0.149,0.062,0.02,1.0,0.061,0.021,0.029
5,y1,0.04,0.098,0.271,0.031,-0.142,-0.138,-0.129,0.171,0.028,0.111,0.042,0.01,0.061,1.0,0.076,0.039
5,y2,-0.066,0.191,-0.089,-0.073,-0.106,-0.162,-0.021,-0.125,0.005,-0.082,0.127,-0.247,0.021,0.076,1.0,-0.036
5,y3,-0.155,0.026,0.056,0.149,-0.064,-0.085,-0.194,0.124,-0.04,0.098,-0.234,0.292,0.029,0.039,-0.036,1.0
6,.,1.0,-0.003,-0.165,-0.024,0.072,-0.115,0.21,-0.033,0.046,-0.213,-0.038,-0.276,0.057,0.04,-0.065,-0.157
6,A1_1,-0.003,1.0,-0.015,0.112,-0.157,0.018,-0.114,0.096,0.099,-0.259,0.035,-0.143,-0.216,0.098,0.191,0.027
6,A1_2,-0.165,-0.015,1.0,0.329,-0.045,-0.1,0.177,0.014,0.057,0.273,0.08,-0.187,-0.036,0.272,-0.089,0.057
6,A1_3,-0.024,0.112,0.329,1.0,0.033,-0.233,0.137,-0.122,0.029,-0.074,-0.022,-0.114,0.127,0.032,-0.073,0.15
6,B1_1,0.072,-0.157,-0.045,0.033,1.0,0.221,0.104,-0.387,-0.005,0.132,-0.093,0.134,0.109,-0.143,-0.107,-0.065
6,B1_2,-0.115,0.018,-0.1,-0.233,0.221,1.0,0.032,0.087,-0.065,0.137,0.046,0.147,-0.149,-0.139,-0.163,-0.086
6,B1_3,0.21,-0.114,0.177,0.137,0.104,0.032,1.0,-0.068,-0.216,0.023,-0.037,-0.102,0.068,-0.13,-0.021,-0.194
6,A2_1,-0.033,0.096,0.014,-0.122,-0.387,0.087,-0.068,1.0,-0.102,-0.003,0.137,0.16,-0.229,0.171,-0.125,0.124
6,A2_2,0.046,0.099,0.057,0.029,-0.005,-0.065,-0.216,-0.102,1.0,-0.075,-0.004,-0.015,-0.037,0.028,0.006,-0.039
6,A2_3,-0.213,-0.259,0.273,-0.074,0.132,0.137,0.023,-0.003,-0.075,1.0,-0.066,0.134,0.149,0.111,-0.082,0.098
6,B2_1,-0.038,0.035,0.08,-0.022,-0.093,0.046,-0.037,0.137,-0.004,-0.066,1.0,-0.153,0.063,0.041,0.126,-0.235
6,B2_2,-0.276,-0.143,-0.187,-0.114,0.134,0.147,-0.102,0.16,-0.015,0.134,-0.153,1.0,0.021,0.009,-0.247,0.292
6,B2_3,0.057,-0.216,-0.036,0.127,0.109,-0.149,0.068,-0.229,-0.037,0.149,0.063,0.021,1.0,0.06,0.021,0.028
6,y1,0.04,0.098,0.272,0.032,-0.143,-0.139,-0.13,0.171,0.028,0.111,0.041,0.009,0.06,1.0,0.077,0.04
6,y2,-0.065,0.191,-0.089,-0.073,-0.107,-0.163,-0.021,-0.125,0.006,-0.082,0.126,-0.247,0.021,0.077,1.0,-0.035
6,y3,-0.157,0.027,0.057,0.15,-0.065,-0.086,-0.194,0.124,-0.039,0.098,-0.235,0.292,0.028,0.04,-0.035,1.0
7,.,1.0,-0.004,-0.166,-0.025,0.07,-0.117,0.21,-0.032,0.047,-0.214,-0.039,-0.278,0.054,0.041,-0.064,-0.158
7,A1_1,-0.004,1.0,-0.015,0.112,-0.157,0.017,-0.115,0.096,0.1,-0.258,0.035,-0.144,-0.216,0.098,0.19,0.027
7,A1_2,-0.166,-0.015,1.0,0.329,-0.046,-0.1,0.176,0.014,0.057,0.273,0.08,-0.187,-0.036,0.272,-0.088,0.058
7,A1_3,-0.025,0.112,0.329,1.0,0.032,-0.233,0.136,-0.122,0.03,-0.074,-0.022,-0.114,0.126,0.032,-0.073,0.15
7,B1_1,0.07,-0.157,-0.046,0.032,1.0,0.223,0.105,-0.387,-0.006,0.131,-0.091,0.136,0.111,-0.145,-0.108,-0.066
7,B1_2,-0.117,0.017,-0.1,-0.233,0.223,1.0,0.033,0.087,-0.065,0.137,0.047,0.148,-0.147,-0.141,-0.164,-0.087
7,B1_3,0.21,-0.115,0.176,0.136,0.105,0.033,1.0,-0.068,-0.217,0.023,-0.037,-0.101,0.069,-0.131,-0.022,-0.195
7,A2_1,-0.032,0.096,0.014,-0.122,-0.387,0.087,-0.068,1.0,-0.102,-0.003,0.136,0.16,-0.23,0.171,-0.125,0.124
7,A2_2,0.047,0.1,0.057,0.03,-0.006,-0.065,-0.217,-0.102,1.0,-0.075,-0.005,-0.016,-0.038,0.028,0.006,-0.038
7,A2_3,-0.214,-0.258,0.273,-0.074,0.131,0.137,0.023,-0.003,-0.075,1.0,-0.066,0.134,0.148,0.112,-0.082,0.099
7,B2_1,-0.039,0.035,0.08,-0.022,-0.091,0.047,-0.037,0.136,-0.005,-0.066,1.0,-0.151,0.064,0.039,0.124,-0.235
7,B2_2,-0.278,-0.144,-0.187,-0.114,0.136,0.148,-0.101,0.16,-0.016,0.134,-0.151,1.0,0.023,0.008,-0.248,0.29
7,B2_3,0.054,-0.216,-0.036,0.126,0.111,-0.147,0.069,-0.23,-0.038,0.148,0.064,0.023,1.0,0.059,0.02,0.028
7,y1,0.041,0.098,0.272,0.032,-0.145,-0.141,-0.131,0.171,0.028,0.112,0.039,0.008,0.059,1.0,0.079,0.041
7,y2,-0.064,0.19,-0.088,-0.073,-0.108,-0.164,-0.022,-0.125,0.006,-0.082,0.124,-0.248,0.02,0.079,1.0,-0.034
7,y3,-0.158,0.027,0.058,0.15,-0.066,-0.087,-0.195,0.124,-0.038,0.099,-0.235,0.29,0.028,0.041,-0.034,1.0
8,.,1.0,-0.004,-0.166,-0.026,0.067,-0.12,0.21,-0.032,0.047,-0.216,-0.04,-0.28,0.052,0.041,-0.063,-0.158
8,A1_1,-0.004,1.0,-0.014,0.113,-0.158,0.017,-0.115,0.097,0.101,-0.257,0.034,-0.144,-0.217,0.099,0.19,0.028
8,A1_2,-0.166,-0.014,1.0,0.329,-0.047,-0.101,0.175,0.015,0.058,0.273,0.079,-0.187,-0.037,0.273,-0.088,0.059
8,A1_3,-0.026,0.113,0.329,1.0,0.031,-0.233,0.135,-0.121,0.03,-0.073,-0.022,-0.114,0.125,0.032,-0.073,0.15
8,B1_1,0.067,-0.158,-0.047,0.031,1.0,0.225,0.107,-0.387,-0.007,0.131,-0.088,0.138,0.113,-0.147,-0.109,-0.067
8,B1_2,-0.12,0.017,-0.101,-0.233,0.225,1.0,0.035,0.086,-0.066,0.137,0.049,0.15,-0.145,-0.143,-0.166,-0.088
8,B1_3,0.21,-0.115,0.175,0.135,0.107,0.035,1.0,-0.069,-0.218,0.023,-0.035,-0.099,0.07,-0.132,-0.023,-0.196
8,A2_1,-0.032,0.097,0.015,-0.121,-0.387,0.086,-0.069,1.0,-0.101,-0.002,0.135,0.159,-0.23,0.171,-0.125,0.124
8,A2_2,0.047,0.101,0.058,0.03,-0.007,-0.066,-0.218,-0.101,1.0,-0.074,-0.006,-0.017,-0.04,0.029,0.006,-0.037
8,A2_3,-0.216,-0.257,0.273,-0.073,0.131,0.137,0.023,-0.002,-0.074,1.0,-0.066,0.133,0.148,0.112,-0.081,0.099
8,B2_1,-0.04,0.034,0.079,-0.022,-0.088,0.049,-0.035,0.135,-0.006,-0.066,1.0,-0.149,0.066,0.037,0.123,-0.236
8,B2_2,-0.28,-0.144,-0.187,-0.114,0.138,0.15,-0.099,0.159,-0.017,0.133,-0.149,1.0,0.025,0.006,-0.248,0.289
8,B2_3,0.052,-0.217,-0.037,0.125,0.113,-0.145,0.07,-0.23,-0.04,0.148,0.066,0.025,1.0,0.057,0.019,0.027
8,y1,0.041,0.099,0.273,0.032,-0.147,-0.143,-0.132,0.171,0.029,0.112,0.037,0.006,0.057,1.0,0.08,0.043
8,y2,-0.063,0.19,-0.088,-0.073,-0.109,-0.166,-0.023,-0.125,0.006,-0.081,0.123,-0.248,0.019,0.08,1.0,-0.032
8,y3,-0.158,0.028,0.059,0.15,-0.067,-0.088,-0.196,0.124,-0.037,0.099,-0.236,0.289,0.027,0.043,-0.032,1.0
9,.,1.0,-0.004,-0.167,-0.027,0.064,-0.123,0.208,-0.032,0.048,-0.217,-0.042,-0.282,0.048,0.042,-0.061,-0.159
9,A1_1,-0.004,1.0,-0.013,0.113,-0.159,0.016,-0.117,0.098,0.101,-0.256,0.033,-0.145,-0.218,0.099,0.191,0.029
9,A1_2,-0.167,-0.013,1.0,0.33,-0.048,-0.101,0.174,0.015,0.059,0.274,0.079,-0.188,-0.038,0.274,-0.087,0.06
9,A1_3,-0.027,0.113,0.33,1.0,0.03,-0.233,0.135,-0.12,0.031,-0.073,-0.023,-0.115,0.124,0.033,-0.073,0.15
9,B1_1,0.064,-0.159,-0.048,0.03,1.0,0.227,0.109,-0.387,-0.009,0.13,-0.085,0.141,0.115,-0.149,-0.111,-0.069
9,B1_2,-0.123,0.016,-0.101,-0.233,0.227,1.0,0.037,0.085,-0.067,0.136,0.052,0.153,-0.142,-0.145,-0.167,-0.09
9,B1_3,0.208,-0.117,0.174,0.135,0.109,0.037,1.0,-0.07,-0.219,0.022,-0.034,-0.097,0.071,-0.134,-0.025,-0.197
9,A2_1,-0.032,0.098,0.015,-0.12,-0.387,0.085,-0.07,1.0,-0.1,-0.001,0.135,0.157,-0.231,0.171,-0.125,0.125
9,A2_2,0.048,0.101,0.059,0.031,-0.009,-0.067,-0.219,-0.1,1.0,-0.073,-0.007,-0.019,-0.041,0.03,0.006,-0.036
9,A2_3,-0.217,-0.256,0.274,-0.073,0.13,0.136,0.022,-0.001,-0.073,1.0,-0.066,0.133,0.147,0.113,-0.081,0.1
9,B2_1,-0.042,0.033,0.079,-0.023,-0.085,0.052,-0.034,0.135,-0.007,-0.066,1.0,-0.146,0.068,0.035,0.121,-0.237
9,B2_2,-0.282,-0.145,-0.188,-0.115,0.141,0.153,-0.097,0.157,-0.019,0.133,-0.146,1.0,0.028,0.004,-0.249,0.287
9,B2_3,0.048,-0.218,-0.038,0.124,0.115,-0.142,0.071,-0.231,-0.041,0.147,0.068,0.028,1.0,0.055,0.018,0.026
9,y1,0.042,0.099,0.274,0.033,-0.149,-0.145,-0.134,0.171,0.03,0.113,0.035,0.004,0.055,1.0,0.083,0.045
9,y2,-0.061,0.191,-0.087,-0.073,-0.111,-0.167,-0.025,-0.125,0.006,-0.081,0.121,-0.249,0.018,0.083,1.0,-0.03
9,y3,-0.159,0.029,0.06,0.15,-0.069,-0.09,-0.197,0.125,-0.036,0.1,-0.237,0.287,0.026,0.045,-0.03,1.0
10,.,1.0,-0.004,-0.167,-0.028,0.059,-0.127,0.206,-0.031,0.048,-0.219,-0.045,-0.286,0.044,0.043,-0.059,-0.159
10,A1_1,-0.004,1.0,-0.012,0.114,-0.16,0.015,-0.118,0.099,0.102,-0.255,0.032,-0.146,-0.219,0.1,0.191,0.03
10,A1_2,-0.167,-0.012,1.0,0.33,-0.049,-0.102,0.173,0.016,0.06,0.274,0.078,-0.189,-0.039,0.274,-0.086,0.061
10,A1_3,-0.028,0.114,0.33,1.0,0.029,-0.233,0.134,-0.119,0.032,-0.072,-0.023,-0.115,0.123,0.034,-0.072,0.151
10,B1_1,0.059,-0.16,-0.049,0.029,1.0,0.23,0.111,-0.388,-0.011,0.129,-0.082,0.144,0.118,-0.152,-0.113,-0.071
10,B1_2,-0.127,0.015,-0.102,-0.233,0.23,1.0,0.039,0.084,-0.069,0.136,0.055,0.156,-0.138,-0.148,-0.169,-0.093
10,B1_3,0.206,-0.118,0.173,0.134,0.111,0.039,1.0,-0.071,-0.221,0.022,-0.032,-0.094,0.073,-0.136,-0.027,-0.198
10,A2_1,-0.031,0.099,0.016,-0.119,-0.388,0.084,-0.071,1.0,-0.098,-0.001,0.134,0.156,-0.231,0.171,-0.125,0.125
10,A2_2,0.048,0.102,0.06,0.032,-0.011,-0.069,-0.221,-0.098,1.0,-0.072,-0.008,-0.02,-0.043,0.031,0.007,-0.035
10,A2_3,-0.219,-0.255,0.274,-0.072,0.129,0.136,0.022,-0.001,-0.072,1.0,-0.066,0.133,0.147,0.113,-0.081,0.1
10,B2_1,-0.045,0.032,0.078,-0.023,-0.082,0.055,-0.032,0.134,-0.008,-0.066,1.0,-0.143,0.07,0.032,0.119,-0.239
10,B2_2,-0.286,-0.146,-0.189,-0.115,0.144,0.156,-0.094,0.156,-0.02,0.133,-0.143,1.0,0.032,0.002,-0.25,0.285
10,B2_3,0.044,-0.219,-0.039,0.123,0.118,-0.138,0.073,-0.231,-0.043,0.147,0.07,0.032,1.0,0.053,0.016,0.024
10,y1,0.043,0.1,0.274,0.034,-0.152,-0.148,-0.136,0.171,0.031,0.113,0.032,0.002,0.053,1.0,0.086,0.048
10,y2,-0.059,0.191,-0.086,-0.072,-0.113,-0.169,-0.027,-0.125,0.007,-0.081,0.119,-0.25,0.016,0.086,1.0,-0.027
10,y3,-0.159,0.03,0.061,0.151,-0.071,-0.093,-0.198,0.125,-0.035,0.1,-0.239,0.285,0.024,0.048,-0.027,1.0
11,.,1.0,-0.004,-0.168,-0.028,0.053,-0.131,0.203,-0.03,0.049,-0.221,-0.048,-0.29,0.038,0.045,-0.056,-0.159
11,A1_1,-0.004,1.0,-0.011,0.115,-0.161,0.013,-0.119,0.1,0.104,-0.254,0.031,-0.148,-0.22,0.101,0.191,0.032
11,A1_2,-0.168,-0.011,1.0,0.331,-0.05,-0.102,0.172,0.017,0.061,0.275,0.077,-0.189,-0.04,0.275,-0.085,0.062
11,A1_3,-0.028,0.115,0.331,1.0,0.028,-0.233,0.133,-0.118,0.033,-0.071,-0.024,-0.116,0.122,0.034,-0.072,0.151
11,B1_1,0.053,-0.161,-0.05,0.028,1.0,0.234,0.114,-0.388,-0.013,0.129,-0.078,0.148,0.122,-0.155,-0.115,-0.074
11,B1_2,-0.131,0.013,-0.102,-0.233,0.234,1.0,0.042,0.083,-0.07,0.136,0.058,0.16,-0.134,-0.151,-0.172,-0.095
11,B1_3,0.203,-0.119,0.172,0.133,0.114,0.042,1.0,-0.072,-0.222,0.022,-0.03,-0.091,0.075,-0.139,-0.029,-0.2
11,A2_1,-0.03,0.1,0.017,-0.118,-0.388,0.083,-0.072,1.0,-0.097,0.0,0.132,0.154,-0.232,0.171,-0.124,0.126
11,A2_2,0.049,0.104,0.061,0.033,-0.013,-0.07,-0.222,-0.097,1.0,-0.071,-0.01,-0.022,-0.045,0.032,0.007,-0.034
11,A2_3,-0.221,-0.254,0.275,-0.071,0.129,0.136,0.022,0.0,-0.071,1.0,-0.065,0.132,0.147,0.113,-0.081,0.1
11,B2_1,-0.048,0.031,0.077,-0.024,-0.078,0.058,-0.03,0.132,-0.01,-0.065,1.0,-0.139,0.073,0.028,0.116,-0.24
11,B2_2,-0.29,-0.148,-0.189,-0.116,0.148,0.16,-0.091,0.154,-0.022,0.132,-0.139,1.0,0.036,-0.001,-0.251,0.281
11,B2_3,0.038,-0.22,-0.04,0.122,0.122,-0.134,0.075,-0.232,-0.045,0.147,0.073,0.036,1.0,0.05,0.014,0.022
11,y1,0.045,0.101,0.275,0.034,-0.155,-0.151,-0.139,0.171,0.032,0.113,0.028,-0.001,0.05,1.0,0.089,0.051
11,y2,-0.056,0.191,-0.085,-0.072,-0.115,-0.172,-0.029,-0.124,0.007,-0.081,0.116,-0.251,0.014,0.089,1.0,-0.024
11,y3,-0.159,0.032,0.062,0.151,-0.074,-0.095,-0.2,0.126,-0.034,0.1,-0.24,0.281,0.022,0.051,-0.024,1.0
12,.,1.0,-0.003,-0.168,-0.029,0.047,-0.137,0.199,-0.029,0.05,-0.222,-0.052,-0.294,0.032,0.047,-0.053,-0.158
12,A1_1,-0.003,1.0,-0.009,0.116,-0.163,0.012,-0.121,0.101,0.105,-0.253,0.029,-0.149,-0.222,0.102,0.192,0.033
12,A1_2,-0.168,-0.009,1.0,0.332,-0.052,-0.103,0.17,0.019,0.062,0.276,0.076,-0.19,-0.042,0.276,-0.084,0.064
12,A1_3,-0.029,0.116,0.332,1.0,0.026,-0.234,0.131,-0.117,0.034,-0.071,-0.024,-0.117,0.12,0.035,-0.071,0.152
12,B1_1,0.047,-0.163,-0.052,0.026,1.0,0.238,0.117,-0.389,-0.015,0.128,-0.074,0.153,0.126,-0.158,-0.118,-0.077
12,B1_2,-0.137,0.012,-0.103,-0.234,0.238,1.0,0.046,0.082,-0.072,0.136,0.062,0.164,-0.129,-0.155,-0.174,-0.099
12,B1_3,0.199,-0.121,0.17,0.131,0.117,0.046,1.0,-0.073,-0.224,0.022,-0.027,-0.086,0.078,-0.142,-0.032,-0.202
12,A2_1,-0.029,0.101,0.019,-0.117,-0.389,0.082,-0.073,1.0,-0.096,0.001,0.131,0.152,-0.233,0.171,-0.124,0.126
12,A2_2,0.05,0.105,0.062,0.034,-0.015,-0.072,-0.224,-0.096,1.0,-0.07,-0.011,-0.024,-0.047,0.033,0.008,-0.032
12,A2_3,-0.222,-0.253,0.276,-0.071,0.128,0.136,0.022,0.001,-0.07,1.0,-0.065,0.132,0.146,0.114,-0.08,0.1
12,B2_1,-0.052,0.029,0.076,-0.024,-0.074,0.062,-0.027,0.131,-0.011,-0.065,1.0,-0.134,0.076,0.024,0.113,-0.242
12,B2_2,-0.294,-0.149,-0.19,-0.117,0.153,0.164,-0.086,0.152,-0.024,0.132,-0.134,1.0,0.04,-0.005,-0.253,0.278
12,B2_3,0.032,-0.222,-0.042,0.12,0.126,-0.129,0.078,-0.233,-0.047,0.146,0.076,0.04,1.0,0.046,0.011,0.02
12,y1,0.047,0.102,0.276,0.035,-0.158,-0.155,-0.142,0.171,0.033,0.114,0.024,-0.005,0.046,1.0,0.093,0.055
12,y2,-0.053,0.192,-0.084,-0.071,-0.118,-0.174,-0.032,-0.124,0.008,-0.08,0.113,-0.253,0.011,0.093,1.0,-0.021
12,y3,-0.158,0.033,0.064,0.152,-0.077,-0.099,-0.202,0.126,-0.032,0.1,-0.242,0.278,0.02,0.055,-0.021,1.0
13,.,1.0,-0.002,-0.168,-0.03,0.039,-0.143,0.193,-0.028,0.051,-0.224,-0.057,-0.299,0.025,0.05,-0.049,-0.157
13,A1_1,-0.002,1.0,-0.008,0.118,-0.165,0.009,-0.123,0.103,0.106,-0.251,0.027,-0.151,-0.223,0.103,0.192,0.035
13,A1_2,-0.168,-0.008,1.0,0.333,-0.054,-0.104,0.168,0.02,0.063,0.276,0.075,-0.191,-0.043,0.277,-0.083,0.065
13,A1_3,-0.03,0.118,0.333,1.0,0.024,-0.234,0.13,-0.115,0.035,-0.07,-0.025,-0.118,0.118,0.036,-0.07,0.152
13,B1_1,0.039,-0.165,-0.054,0.024,1.0,0.242,0.121,-0.389,-0.017,0.127,-0.068,0.158,0.13,-0.162,-0.122,-0.08
13,B1_2,-0.143,0.009,-0.104,-0.234,0.242,1.0,0.05,0.08,-0.074,0.135,0.067,0.169,-0.123,-0.159,-0.178,-0.103
13,B1_3,0.193,-0.123,0.168,0.13,0.121,0.05,1.0,-0.075,-0.226,0.022,-0.024,-0.082,0.081,-0.145,-0.035,-0.204
13,A2_1,-0.028,0.103,0.02,-0.115,-0.389,0.08,-0.075,1.0,-0.094,0.002,0.129,0.149,-0.234,0.172,-0.123,0.127
13,A2_2,0.051,0.106,0.063,0.035,-0.017,-0.074,-0.226,-0.094,1.0,-0.069,-0.013,-0.027,-0.049,0.034,0.009,-0.031
13,A2_3,-0.224,-0.251,0.276,-0.07,0.127,0.135,0.022,0.002,-0.069,1.0,-0.064,0.131,0.146,0.114,-0.08,0.101
13,B2_1,-0.057,0.027,0.075,-0.025,-0.068,0.067,-0.024,0.129,-0.013,-0.064,1.0,-0.129,0.08,0.02,0.109,-0.244
13,B2_2,-0.299,-0.151,-0.191,-0.118,0.158,0.169,-0.082,0.149,-0.027,0.131,-0.129,1.0,0.046,-0.009,-0.254,0.273
13,B2_3,0.025,-0.223,-0.043,0.118,0.13,-0.123,0.081,-0.234,-0.049,0.146,0.08,0.046,1.0,0.042,0.008,0.017
13,y1,0.05,0.103,0.277,0.036,-0.162,-0.159,-0.145,0.172,0.034,0.114,0.02,-0.009,0.042,1.0,0.098,0.059
13,y2,-0.049,0.192,-0.083,-0.07,-0.122,-0.178,-0.035,-0.123,0.009,-0.08,0.109,-0.254,0.008,0.098,1.0,-0.016
13,y3,-0.157,0.035,0.065,0.152,-0.08,-0.103,-0.204,0.127,-0.031,0.101,-0.244,0.273,0.017,0.059,-0.016,1.0
14,.,1.0,-0.001,-0.167,-0.03,0.031,-0.151,0.186,-0.027,0.052,-0.226,-0.063,-0.305,0.017,0.054,-0.044,-0.154
14,A1_1,-0.001,1.0,-0.006,0.119,-0.167,0.007,-0.125,0.104,0.108,-0.25,0.025,-0.153,-0.225,0.105,0.193,0.037
14,A1_2,-0.167,-0.006,1.0,0.334,-0.055,-0.106,0.167,0.022,0.065,0.277,0.073,-0.192,-0.045,0.277,-0.081,0.067
14,A1_3,-0.03,0.119,0.334,1.0,0.022,-0.235,0.128,-0.113,0.036,-0.069,-0.026,-0.119,0.116,0.037,-0.07,0.153
14,B1_1,0.031,-0.167,-0.055,0.022,1.0,0.247,0.125,-0.39,-0.02,0.126,-0.062,0.164,0.135,-0.167,-0.125,-0.085
14,B1_2,-0.151,0.007,-0.106,-0.235,0.247,1.0,0.055,0.077,-0.077,0.135,0.072,0.175,-0.117,-0.164,-0.181,-0.107
14,B1_3,0.186,-0.125,0.167,0.128,0.125,0.055,1.0,-0.077,-0.228,0.023,-0.02,-0.076,0.085,-0.15,-0.039,-0.207
14,A2_1,-0.027,0.104,0.022,-0.113,-0.39,0.077,-0.077,1.0,-0.092,0.003,0.127,0.146,-0.236,0.172,-0.122,0.128
14,A2_2,0.052,0.108,0.065,0.036,-0.02,-0.077,-0.228,-0.092,1.0,-0.068,-0.016,-0.029,-0.052,0.036,0.01,-0.029
14,A2_3,-0.226,-0.25,0.277,-0.069,0.126,0.135,0.023,0.003,-0.068,1.0,-0.064,0.131,0.145,0.114,-0.08,0.101
14,B2_1,-0.063,0.025,0.073,-0.026,-0.062,0.072,-0.02,0.127,-0.016,-0.064,1.0,-0.122,0.084,0.015,0.105,-0.247
14,B2_2,-0.305,-0.153,-0.192,-0.119,0.164,0.175,-0.076,0.146,-0.029,0.131,-0.122,1.0,0.052,-0.014,-0.257,0.268
14,B2_3,0.017,-0.225,-0.045,0.116,0.135,-0.117,0.085,-0.236,-0.052,0.145,0.084,0.052,1.0,0.037,0.005,0.014
14,y1,0.054,0.105,0.277,0.037,-0.167,-0.164,-0.15,0.172,0.036,0.114,0.015,-0.014,0.037,1.0,0.103,0.064
14,y2,-0.044,0.193,-0.081,-0.07,-0.125,-0.181,-0.039,-0.122,0.01,-0.08,0.105,-0.257,0.005,0.103,1.0,-0.011
14,y3,-0.154,0.037,0.067,0.153,-0.085,-0.107,-0.207,0.128,-0.029,0.101,-0.247,0.268,0.014,0.064,-0.011,1.0
15,.,1.0,0.001,-0.167,-0.031,0.021,-0.159,0.178,-0.025,0.053,-0.228,-0.069,-0.312,0.008,0.058,-0.039,-0.151
15,A1_1,0.001,1.0,-0.004,0.121,-0.169,0.004,-0.128,0.106,0.11,-0.248,0.022,-0.155,-0.227,0.107,0.194,0.04
15,A1_2,-0.167,-0.004,1.0,0.335,-0.057,-0.107,0.164,0.023,0.067,0.278,0.071,-0.193,-0.047,0.278,-0.08,0.069
15,A1_3,-0.031,0.121,0.335,1.0,0.02,-0.235,0.126,-0.112,0.037,-0.068,-0.028,-0.12,0.114,0.039,-0.069,0.154
15,B1_1,0.021,-0.169,-0.057,0.02,1.0,0.253,0.13,-0.39,-0.023,0.125,-0.055,0.171,0.141,-0.173,-0.13,-0.09
15,B1_2,-0.159,0.004,-0.107,-0.235,0.253,1.0,0.061,0.075,-0.079,0.134,0.079,0.182,-0.109,-0.17,-0.185,-0.113
15,B1_3,0.178,-0.128,0.164,0.126,0.13,0.061,1.0,-0.079,-0.23,0.023,-0.016,-0.069,0.089,-0.155,-0.043,-0.21
15,A2_1,-0.025,0.106,0.023,-0.112,-0.39,0.075,-0.079,1.0,-0.09,0.004,0.125,0.143,-0.237,0.173,-0.12,0.129
15,A2_2,0.053,0.11,0.067,0.037,-0.023,-0.079,-0.23,-0.09,1.0,-0.066,-0.018,-0.032,-0.055,0.037,0.011,-0.027
15,A2_3,-0.228,-0.248,0.278,-0.068,0.125,0.134,0.023,0.004,-0.066,1.0,-0.063,0.13,0.145,0.115,-0.079,0.101
15,B2_1,-0.069,0.022,0.071,-0.028,-0.055,0.079,-0.016,0.125,-0.018,-0.063,1.0,-0.115,0.089,0.009,0.1,-0.25
15,B2_2,-0.312,-0.155,-0.193,-0.12,0.171,0.182,-0.069,0.143,-0.032,0.13,-0.115,1.0,0.059,-0.02,-0.259,0.261
15,B2_3,0.008,-0.227,-0.047,0.114,0.141,-0.109,0.089,-0.237,-0.055,0.145,0.089,0.059,1.0,0.032,0.001,0.01
15,y1,0.058,0.107,0.278,0.039,-0.173,-0.17,-0.155,0.173,0.037,0.115,0.009,-0.02,0.032,1.0,0.109,0.07
15,y2,-0.039,0.194,-0.08,-0.069,-0.13,-0.185,-0.043,-0.12,0.011,-0.079,0.1,-0.259,0.001,0.109,1.0,-0.005
15,y3,-0.151,0.04,0.069,0.154,-0.09,-0.113,-0.21,0.129,-0.027,0.101,-0.25,0.261,0.01,0.07,-0.005,1.0
16,.,1.0,0.002,-0.166,-0.031,0.01,-0.167,0.168,-0.023,0.054,-0.229,-0.077,-0.319,-0.002,0.063,-0.033,-0.147
16,A1_1,0.002,1.0,-0.001,0.122,-0.171,0.001,-0.131,0.108,0.112,-0.246,0.019,-0.158,-0.23,0.109,0.195,0.042
16,A1_2,-0.166,-0.001,1.0,0.336,-0.06,-0.109,0.162,0.025,0.069,0.279,0.069,-0.195,-0.049,0.279,-0.078,0.071
16,A1_3,-0.031,0.122,0.336,1.0,0.017,-0.236,0.123,-0.11,0.039,-0.067,-0.029,-0.122,0.111,0.04,-0.067,0.154
16,B1_1,0.01,-0.171,-0.06,0.017,1.0,0.26,0.136,-0.391,-0.027,0.124,-0.047,0.178,0.148,-0.179,-0.135,-0.096
16,B1_2,-0.167,0.001,-0.109,-0.236,0.26,1.0,0.068,0.072,-0.082,0.133,0.086,0.189,-0.1,-0.176,-0.19,-0.119
16,B1_3,0.168,-0.131,0.162,0.123,0.136,0.068,1.0,-0.081,-0.233,0.023,-0.01,-0.061,0.095,-0.16,-0.048,-0.214
16,A2_1,-0.023,0.108,0.025,-0.11,-0.391,0.072,-0.081,1.0,-0.088,0.006,0.122,0.139,-0.239,0.174,-0.119,0.131
16,A2_2,0.054,0.112,0.069,0.039,-0.027,-0.082,-0.233,-0.088,1.0,-0.065,-0.021,-0.036,-0.058,0.039,0.012,-0.024
16,A2_3,-0.229,-0.246,0.279,-0.067,0.124,0.133,0.023,0.006,-0.065,1.0,-0.062,0.129,0.144,0.115,-0.079,0.101
16,B2_1,-0.077,0.019,0.069,-0.029,-0.047,0.086,-0.01,0.122,-0.021,-0.062,1.0,-0.106,0.095,0.002,0.094,-0.254
16,B2_2,-0.319,-0.158,-0.195,-0.122,0.178,0.189,-0.061,0.139,-0.036,0.129,-0.106,1.0,0.067,-0.026,-0.262,0.254
16,B2_3,-0.002,-0.23,-0.049,0.111,0.148,-0.1,0.095,-0.239,-0.058,0.144,0.095,0.067,1.0,0.025,-0.004,0.005
16,y1,0.063,0.109,0.279,0.04,-0.179,-0.176,-0.16,0.174,0.039,0.115,0.002,-0.026,0.025,1.0,0.116,0.077
16,y2,-0.033,0.195,-0.078,-0.067,-0.135,-0.19,-0.048,-0.119,0.012,-0.079,0.094,-0.262,-0.004,0.116,1.0,0.002
16,y3,-0.147,0.042,0.071,0.154,-0.096,-0.119,-0.214,0.131,-0.024,0.101,-0.254,0.254,0.005,0.077,0.002,1.0
17,.,1.0,0.004,-0.165,-0.031,-0.001,-0.176,0.157,-0.021,0.055,-0.23,-0.086,-0.327,-0.012,0.068,-0.027,-0.142
17,A1_1,0.004,1.0,0.001,0.124,-0.174,-0.002,-0.134,0.11,0.114,-0.244,0.016,-0.161,-0.233,0.112,0.196,0.046
17,A1_2,-0.165,0.001,1.0,0.337,-0.062,-0.111,0.159,0.028,0.071,0.28,0.067,-0.197,-0.051,0.281,-0.076,0.074
17,A1_3,-0.031,0.124,0.337,1.0,0.014,-0.237,0.12,-0.107,0.041,-0.066,-0.031,-0.124,0.108,0.042,-0.066,0.155
17,B1_1,-0.001,-0.174,-0.062,0.014,1.0,0.267,0.143,-0.392,-0.031,0.122,-0.038,0.187,0.156,-0.185,-0.14,-0.103
17,B1_2,-0.176,-0.002,-0.111,-0.237,0.267,1.0,0.076,0.069,-0.085,0.132,0.094,0.197,-0.09,-0.183,-0.195,-0.126
17,B1_3,0.157,-0.134,0.159,0.12,0.143,0.076,1.0,-0.084,-0.236,0.024,-0.003,-0.052,0.101,-0.167,-0.054,-0.219
17,A2_1,-0.021,0.11,0.028,-0.107,-0.392,0.069,-0.084,1.0,-0.085,0.007,0.118,0.135,-0.241,0.175,-0.117,0.133
17,A2_2,0.055,0.114,0.071,0.041,-0.031,-0.085,-0.236,-0.085,1.0,-0.063,-0.025,-0.04,-0.062,0.041,0.014,-0.021
17,A2_3,-0.23,-0.244,0.28,-0.066,0.122,0.132,0.024,0.007,-0.063,1.0,-0.062,0.128,0.143,0.116,-0.078,0.101
17,B2_1,-0.086,0.016,0.067,-0.031,-0.038,0.094,-0.003,0.118,-0.025,-0.062,1.0,-0.097,0.102,-0.005,0.087,-0.258
17,B2_2,-0.327,-0.161,-0.197,-0.124,0.187,0.197,-0.052,0.135,-0.04,0.128,-0.097,1.0,0.076,-0.034,-0.265,0.245
17,B2_3,-0.012,-0.233,-0.051,0.108,0.156,-0.09,0.101,-0.241,-0.062,0.143,0.102,0.076,1.0,0.018,-0.009,-0.001
17,y1,0.068,0.112,0.281,0.042,-0.185,-0.183,-0.167,0.175,0.041,0.116,-0.005,-0.034,0.018,1.0,0.123,0.085
17,y2,-0.027,0.196,-0.076,-0.066,-0.14,-0.195,-0.054,-0.117,0.014,-0.078,0.087,-0.265,-0.009,0.123,1.0,0.009
17,y3,-0.142,0.046,0.074,0.155,-0.103,-0.126,-0.219,0.133,-0.021,0.101,-0.258,0.245,-0.001,0.085,0.009,1.0
18,.,1.0,0.007,-0.164,-0.031,-0.014,-0.185,0.145,-0.019,0.056,-0.231,-0.095,-0.334,-0.024,0.074,-0.02,-0.136
18,A1_1,0.007,1.0,0.004,0.126,-0.177,-0.006,-0.138,0.112,0.116,-0.241,0.012,-0.164,-0.236,0.114,0.198,0.05
18,A1_2,-0.164,0.004,1.0,0.339,-0.065,-0.113,0.155,0.03,0.073,0.282,0.064,-0.199,-0.054,0.282,-0.073,0.076
18,A1_3,-0.031,0.126,0.339,1.0,0.01,-0.239,0.117,-0.105,0.043,-0.065,-0.033,-0.127,0.104,0.044,-0.064,0.157
18,B1_1,-0.014,-0.177,-0.065,0.01,1.0,0.275,0.151,-0.393,-0.035,0.121,-0.028,0.196,0.164,-0.193,-0.146,-0.11
18,B1_2,-0.185,-0.006,-0.113,-0.239,0.275,1.0,0.085,0.065,-0.089,0.13,0.104,0.207,-0.079,-0.191,-0.201,-0.134
18,B1_3,0.145,-0.138,0.155,0.117,0.151,0.085,1.0,-0.087,-0.239,0.024,0.005,-0.042,0.108,-0.174,-0.061,-0.224
18,A2_1,-0.019,0.112,0.03,-0.105,-0.393,0.065,-0.087,1.0,-0.082,0.009,0.114,0.13,-0.243,0.176,-0.115,0.135
18,A2_2,0.056,0.116,0.073,0.043,-0.035,-0.089,-0.239,-0.082,1.0,-0.061,-0.028,-0.044,-0.066,0.043,0.015,-0.018
18,A2_3,-0.231,-0.241,0.282,-0.065,0.121,0.13,0.024,0.009,-0.061,1.0,-0.061,0.126,0.142,0.117,-0.077,0.101
18,B2_1,-0.095,0.012,0.064,-0.033,-0.028,0.104,0.005,0.114,-0.028,-0.061,1.0,-0.085,0.11,-0.014,0.08,-0.263
18,B2_2,-0.334,-0.164,-0.199,-0.127,0.196,0.207,-0.042,0.13,-0.044,0.126,-0.085,1.0,0.086,-0.042,-0.269,0.235
18,B2_3,-0.024,-0.236,-0.054,0.104,0.164,-0.079,0.108,-0.243,-0.066,0.142,0.11,0.086,1.0,0.01,-0.015,-0.007
18,y1,0.074,0.114,0.282,0.044,-0.193,-0.191,-0.174,0.176,0.043,0.117,-0.014,-0.042,0.01,1.0,0.132,0.094
18,y2,-0.02,0.198,-0.073,-0.064,-0.146,-0.201,-0.061,-0.115,0.015,-0.077,0.08,-0.269,-0.015,0.132,1.0,0.018
18,y3,-0.136,0.05,0.076,0.157,-0.11,-0.134,-0.224,0.135,-0.018,0.101,-0.263,0.235,-0.007,0.094,0.018,1.0
19,.,1.0,0.009,-0.163,-0.032,-0.026,-0.195,0.131,-0.016,0.057,-0.231,-0.105,-0.342,-0.036,0.08,-0.013,-0.129
19,A1_1,0.009,1.0,0.007,0.129,-0.181,-0.01,-0.142,0.115,0.119,-0.238,0.007,-0.168,-0.239,0.117,0.199,0.054
19,A1_2,-0.163,0.007,1.0,0.34,-0.068,-0.115,0.151,0.033,0.076,0.283,0.061,-0.201,-0.057,0.283,-0.07,0.079
19,A1_3,-0.032,0.129,0.34,1.0,0.007,-0.24,0.113,-0.102,0.045,-0.063,-0.036,-0.129,0.1,0.046,-0.062,0.158
19,B1_1,-0.026,-0.181,-0.068,0.007,1.0,0.284,0.16,-0.394,-0.04,0.118,-0.016,0.207,0.174,-0.2,-0.153,-0.119
19,B1_2,-0.195,-0.01,-0.115,-0.24,0.284,1.0,0.095,0.061,-0.093,0.128,0.114,0.217,-0.066,-0.199,-0.207,-0.143
19,B1_3,0.131,-0.142,0.151,0.113,0.16,0.095,1.0,-0.09,-0.243,0.024,0.014,-0.03,0.117,-0.183,-0.068,-0.231
19,A2_1,-0.016,0.115,0.033,-0.102,-0.394,0.061,-0.09,1.0,-0.079,0.011,0.11,0.125,-0.246,0.177,-0.112,0.137
19,A2_2,0.057,0.119,0.076,0.045,-0.04,-0.093,-0.243,-0.079,1.0,-0.058,-0.033,-0.049,-0.071,0.046,0.017,-0.015
19,A2_3,-0.231,-0.238,0.283,-0.063,0.118,0.128,0.024,0.011,-0.058,1.0,-0.061,0.124,0.14,0.118,-0.075,0.102
19,B2_1,-0.105,0.007,0.061,-0.036,-0.016,0.114,0.014,0.11,-0.033,-0.061,1.0,-0.073,0.119,-0.023,0.072,-0.269
19,B2_2,-0.342,-0.168,-0.201,-0.129,0.207,0.217,-0.03,0.125,-0.049,0.124,-0.073,1.0,0.097,-0.051,-0.273,0.223
19,B2_3,-0.036,-0.239,-0.057,0.1,0.174,-0.066,0.117,-0.246,-0.071,0.14,0.119,0.097,1.0,0.001,-0.022,-0.015
19,y1,0.08,0.117,0.283,0.046,-0.2,-0.199,-0.183,0.177,0.046,0.118,-0.023,-0.051,0.001,1.0,0.141,0.104
19,y2,-0.013,0.199,-0.07,-0.062,-0.153,-0.207,-0.068,-0.112,0.017,-0.075,0.072,-0.273,-0.022,0.141,1.0,0.029
19,y3,-0.129,0.054,0.079,0.158,-0.119,-0.143,-0.231,0.137,-0.015,0.102,-0.269,0.223,-0.015,0.104,0.029,1.0
20,.,1.0,0.011,-0.161,-0.031,-0.038,-0.203,0.117,-0.013,0.058,-0.231,-0.116,-0.35,-0.048,0.085,-0.007,-0.122
20,A1_1,0.011,1.0,0.01,0.132,-0.184,-0.014,-0.146,0.118,0.122,-0.235,0.002,-0.172,-0.243,0.12,0.201,0.058
20,A1_2,-0.161,0.01,1.0,0.342,-0.072,-0.118,0.147,0.036,0.079,0.285,0.057,-0.203,-0.061,0.285,-0.067,0.082
20,A1_3,-0.031,0.132,0.342,1.0,0.002,-0.242,0.109,-0.099,0.048,-0.061,-0.039,-0.133,0.095,0.049,-0.06,0.16
20,B1_1,-0.038,-0.184,-0.072,0.002,1.0,0.293,0.17,-0.395,-0.045,0.115,-0.004,0.217,0.184,-0.208,-0.16,-0.129
20,B1_2,-0.203,-0.014,-0.118,-0.242,0.293,1.0,0.106,0.057,-0.097,0.125,0.125,0.227,-0.053,-0.208,-0.213,-0.154
20,B1_3,0.117,-0.146,0.147,0.109,0.17,0.106,1.0,-0.094,-0.247,0.023,0.025,-0.016,0.126,-0.192,-0.077,-0.238
20,A2_1,-0.013,0.118,0.036,-0.099,-0.395,0.057,-0.094,1.0,-0.076,0.014,0.105,0.119,-0.248,0.179,-0.109,0.14
20,A2_2,0.058,0.122,0.079,0.048,-0.045,-0.097,-0.247,-0.076,1.0,-0.056,-0.037,-0.054,-0.076,0.048,0.019,-0.011
20,A2_3,-0.231,-0.235,0.285,-0.061,0.115,0.125,0.023,0.014,-0.056,1.0,-0.061,0.121,0.138,0.12,-0.074,0.103
20,B2_1,-0.116,0.002,0.057,-0.039,-0.004,0.125,0.025,0.105,-0.037,-0.061,1.0,-0.059,0.13,-0.034,0.063,-0.275
20,B2_2,-0.35,-0.172,-0.203,-0.133,0.217,0.227,-0.016,0.119,-0.054,0.121,-0.059,1.0,0.11,-0.06,-0.278,0.21
20,B2_3,-0.048,-0.243,-0.061,0.095,0.184,-0.053,0.126,-0.248,-0.076,0.138,0.13,0.11,1.0,-0.008,-0.03,-0.024
20,y1,0.085,0.12,0.285,0.049,-0.208,-0.208,-0.192,0.179,0.048,0.12,-0.034,-0.06,-0.008,1.0,0.151,0.115
20,y2,-0.007,0.201,-0.067,-0.06,-0.16,-0.213,-0.077,-0.109,0.019,-0.074,0.063,-0.278,-0.03,0.151,1.0,0.04
20,y3,-0.122,0.058,0.082,0.16,-0.129,-0.154,-0.238,0.14,-0.011,0.103,-0.275,0.21,-0.024,0.115,0.04,1.0
21,.,1.0,0.012,-0.16,-0.031,-0.05,-0.212,0.102,-0.011,0.059,-0.23,-0.126,-0.357,-0.06,0.09,-0.001,-0.114
21,A1_1,0.012,1.0,0.014,0.135,-0.188,-0.019,-0.151,0.12,0.124,-0.231,-0.003,-0.176,-0.246,0.124,0.203,0.064
21,A1_2,-0.16,0.014,1.0,0.344,-0.075,-0.121,0.142,0.039,0.082,0.287,0.053,-0.206,-0.065,0.286,-0.064,0.086
21,A1_3,-0.031,0.135,0.344,1.0,-0.002,-0.244,0.104,-0.096,0.051,-0.059,-0.042,-0.136,0.089,0.052,-0.057,0.162
21,B1_1,-0.05,-0.188,-0.075,-0.002,1.0,0.302,0.181,-0.397,-0.05,0.112,0.01,0.229,0.195,-0.217,-0.167,-0.139
21,B1_2,-0.212,-0.019,-0.121,-0.244,0.302,1.0,0.119,0.052,-0.101,0.122,0.137,0.238,-0.039,-0.216,-0.22,-0.164
21,B1_3,0.102,-0.151,0.142,0.104,0.181,0.119,1.0,-0.098,-0.251,0.023,0.036,-0.002,0.137,-0.202,-0.086,-0.247
21,A2_1,-0.011,0.12,0.039,-0.096,-0.397,0.052,-0.098,1.0,-0.073,0.016,0.1,0.113,-0.251,0.181,-0.106,0.142
21,A2_2,0.059,0.124,0.082,0.051,-0.05,-0.101,-0.251,-0.073,1.0,-0.052,-0.042,-0.059,-0.081,0.051,0.021,-0.007
21,A2_3,-0.23,-0.231,0.287,-0.059,0.112,0.122,0.023,0.016,-0.052,1.0,-0.062,0.117,0.135,0.123,-0.071,0.104
21,B2_1,-0.126,-0.003,0.053,-0.042,0.01,0.137,0.036,0.1,-0.042,-0.062,1.0,-0.044,0.141,-0.045,0.053,-0.283
21,B2_2,-0.357,-0.176,-0.206,-0.136,0.229,0.238,-0.002,0.113,-0.059,0.117,-0.044,1.0,0.123,-0.069,-0.283,0.196
21,B2_3,-0.06,-0.246,-0.065,0.089,0.195,-0.039,0.137,-0.251,-0.081,0.135,0.141,0.123,1.0,-0.019,-0.038,-0.034
21,y1,0.09,0.124,0.286,0.052,-0.217,-0.216,-0.202,0.181,0.051,0.123,-0.045,-0.069,-0.019,1.0,0.162,0.128
21,y2,-0.001,0.203,-0.064,-0.057,-0.167,-0.22,-0.086,-0.106,0.021,-0.071,0.053,-0.283,-0.038,0.162,1.0,0.052
21,y3,-0.114,0.064,0.086,0.162,-0.139,-0.164,-0.247,0.142,-0.007,0.104,-0.283,0.196,-0.034,0.128,0.052,1.0
22,.,1.0,0.013,-0.159,-0.031,-0.061,-0.219,0.087,-0.009,0.058,-0.228,-0.137,-0.364,-0.071,0.094,0.004,-0.107
22,A1_1,0.013,1.0,0.018,0.138,-0.191,-0.024,-0.156,0.123,0.127,-0.227,-0.009,-0.181,-0.25,0.127,0.205,0.069
22,A1_2,-0.159,0.018,1.0,0.347,-0.079,-0.124,0.137,0.042,0.085,0.289,0.048,-0.209,-0.069,0.288,-0.06,0.09
22,A1_3,-0.031,0.138,0.347,1.0,-0.007,-0.247,0.099,-0.092,0.054,-0.057,-0.046,-0.14,0.084,0.055,-0.055,0.164
22,B1_1,-0.061,-0.191,-0.079,-0.007,1.0,0.311,0.192,-0.398,-0.054,0.107,0.024,0.24,0.206,-0.225,-0.174,-0.15
22,B1_2,-0.219,-0.024,-0.124,-0.247,0.311,1.0,0.132,0.048,-0.105,0.117,0.15,0.249,-0.024,-0.225,-0.226,-0.176
22,B1_3,0.087,-0.156,0.137,0.099,0.192,0.132,1.0,-0.102,-0.255,0.021,0.049,0.014,0.149,-0.212,-0.095,-0.256
22,A2_1,-0.009,0.123,0.042,-0.092,-0.398,0.048,-0.102,1.0,-0.07,0.019,0.094,0.107,-0.254,0.182,-0.103,0.145
22,A2_2,0.058,0.127,0.085,0.054,-0.054,-0.105,-0.255,-0.07,1.0,-0.049,-0.047,-0.064,-0.087,0.053,0.022,-0.003
22,A2_3,-0.228,-0.227,0.289,-0.057,0.107,0.117,0.021,0.019,-0.049,1.0,-0.063,0.113,0.131,0.126,-0.068,0.105
22,B2_1,-0.137,-0.009,0.048,-0.046,0.024,0.15,0.049,0.094,-0.047,-0.063,1.0,-0.028,0.153,-0.056,0.043,-0.291
22,B2_2,-0.364,-0.181,-0.209,-0.14,0.24,0.249,0.014,0.107,-0.064,0.113,-0.028,1.0,0.136,-0.079,-0.287,0.181
22,B2_3,-0.071,-0.25,-0.069,0.084,0.206,-0.024,0.149,-0.254,-0.087,0.131,0.153,0.136,1.0,-0.029,-0.046,-0.044
22,y1,0.094,0.127,0.288,0.055,-0.225,-0.225,-0.212,0.182,0.053,0.126,-0.056,-0.079,-0.029,1.0,0.173,0.141
22,y2,0.004,0.205,-0.06,-0.055,-0.174,-0.226,-0.095,-0.103,0.022,-0.068,0.043,-0.287,-0.046,0.173,1.0,0.066
22,y3,-0.107,0.069,0.09,0.164,-0.15,-0.176,-0.256,0.145,-0.003,0.105,-0.291,0.181,-0.044,0.141,0.066,1.0
23,.,1.0,0.014,-0.158,-0.032,-0.07,-0.225,0.074,-0.008,0.058,-0.226,-0.146,-0.369,-0.081,0.096,0.009,-0.101
23,A1_1,0.014,1.0,0.022,0.141,-0.195,-0.028,-0.161,0.127,0.13,-0.222,-0.015,-0.185,-0.254,0.13,0.207,0.074
23,A1_2,-0.158,0.022,1.0,0.349,-0.083,-0.128,0.131,0.046,0.089,0.291,0.043,-0.212,-0.073,0.29,-0.057,0.094
23,A1_3,-0.032,0.141,0.349,1.0,-0.012,-0.249,0.093,-0.088,0.057,-0.054,-0.05,-0.144,0.078,0.058,-0.052,0.166
23,B1_1,-0.07,-0.195,-0.083,-0.012,1.0,0.32,0.203,-0.399,-0.059,0.102,0.037,0.251,0.217,-0.233,-0.181,-0.161
23,B1_2,-0.225,-0.028,-0.128,-0.249,0.32,1.0,0.145,0.043,-0.109,0.112,0.162,0.26,-0.01,-0.233,-0.233,-0.187
23,B1_3,0.074,-0.161,0.131,0.093,0.203,0.145,1.0,-0.107,-0.259,0.019,0.063,0.029,0.161,-0.223,-0.105,-0.266
23,A2_1,-0.008,0.127,0.046,-0.088,-0.399,0.043,-0.107,1.0,-0.066,0.023,0.089,0.101,-0.257,0.184,-0.1,0.148
23,A2_2,0.058,0.13,0.089,0.057,-0.059,-0.109,-0.259,-0.066,1.0,-0.045,-0.053,-0.069,-0.092,0.055,0.024,0.001
23,A2_3,-0.226,-0.222,0.291,-0.054,0.102,0.112,0.019,0.023,-0.045,1.0,-0.065,0.108,0.127,0.13,-0.065,0.108
23,B2_1,-0.146,-0.015,0.043,-0.05,0.037,0.162,0.063,0.089,-0.053,-0.065,1.0,-0.013,0.165,-0.067,0.033,-0.299
23,B2_2,-0.369,-0.185,-0.212,-0.144,0.251,0.26,0.029,0.101,-0.069,0.108,-0.013,1.0,0.149,-0.088,-0.292,0.165
23,B2_3,-0.081,-0.254,-0.073,0.078,0.217,-0.01,0.161,-0.257,-0.092,0.127,0.165,0.149,1.0,-0.039,-0.054,-0.055
23,y1,0.096,0.13,0.29,0.058,-0.233,-0.233,-0.223,0.184,0.055,0.13,-0.067,-0.088,-0.039,1.0,0.184,0.154
23,y2,0.009,0.207,-0.057,-0.052,-0.181,-0.233,-0.105,-0.1,0.024,-0.065,0.033,-0.292,-0.054,0.184,1.0,0.08
23,y3,-0.101,0.074,0.094,0.166,-0.161,-0.187,-0.266,0.148,0.001,0.108,-0.299,0.165,-0.055,0.154,0.08,1.0
24,.,1.0,0.013,-0.158,-0.033,-0.077,-0.23,0.061,-0.007,0.056,-0.224,-0.154,-0.374,-0.089,0.097,0.011,-0.096
24,A1_1,0.013,1.0,0.026,0.145,-0.198,-0.032,-0.166,0.13,0.133,-0.217,-0.02,-0.189,-0.258,0.133,0.208,0.079
24,A1_2,-0.158,0.026,1.0,0.352,-0.087,-0.131,0.125,0.049,0.092,0.294,0.038,-0.216,-0.077,0.292,-0.053,0.098
24,A1_3,-0.033,0.145,0.352,1.0,-0.017,-0.251,0.087,-0.084,0.06,-0.051,-0.054,-0.148,0.072,0.061,-0.049,0.168
