,,.,A1_1,A1_2,A1_3,B1_1,B1_2,B1_3,A2_1,A2_2,A2_3,B2_1,B2_2,B2_3,y1,y2,y3
1,.,1.0,0.888,0.874,0.898,0.841,0.829,0.868,0.829,0.905,0.828,0.766,0.711,0.824,0.828,0.809,0.824
1,A1_1,0.888,1.0,0.828,0.809,0.784,0.795,0.807,0.84,0.883,0.822,0.766,0.796,0.789,0.826,0.824,0.885
1,A1_2,0.874,0.828,1.0,0.859,0.838,0.782,0.847,0.832,0.848,0.846,0.766,0.674,0.79,0.881,0.788,0.834
1,A1_3,0.898,0.809,0.859,1.0,0.884,0.749,0.832,0.722,0.846,0.811,0.681,0.705,0.83,0.815,0.793,0.823
1,B1_1,0.841,0.784,0.838,0.884,1.0,0.778,0.797,0.642,0.809,0.792,0.674,0.72,0.826,0.772,0.776,0.802
1,B1_2,0.829,0.795,0.782,0.749,0.778,1.0,0.795,0.841,0.805,0.87,0.844,0.788,0.796,0.813,0.778,0.821
1,B1_3,0.868,0.807,0.847,0.832,0.797,0.795,1.0,0.754,0.784,0.804,0.719,0.697,0.819,0.795,0.826,0.771
1,A2_1,0.829,0.84,0.832,0.722,0.642,0.841,0.754,1.0,0.785,0.823,0.858,0.8,0.743,0.879,0.764,0.837
1,A2_2,0.905,0.883,0.848,0.846,0.809,0.805,0.784,0.785,1.0,0.81,0.754,0.694,0.806,0.802,0.8,0.821
1,A2_3,0.828,0.822,0.846,0.811,0.792,0.87,0.804,0.823,0.81,1.0,0.843,0.82,0.834,0.871,0.818,0.846
1,B2_1,0.766,0.766,0.766,0.681,0.674,0.844,0.719,0.858,0.754,0.843,1.0,0.745,0.786,0.82,0.806,0.78
1,B2_2,0.711,0.796,0.674,0.705,0.72,0.788,0.697,0.8,0.694,0.82,0.745,1.0,0.802,0.778,0.755,0.861
1,B2_3,0.824,0.789,0.79,0.83,0.826,0.796,0.819,0.743,0.806,0.834,0.786,0.802,1.0,0.844,0.859,0.82
1,y1,0.828,0.826,0.881,0.815,0.772,0.813,0.795,0.879,0.802,0.871,0.82,0.778,0.844,1.0,0.839,0.833
1,y2,0.809,0.824,0.788,0.793,0.776,0.778,0.826,0.764,0.8,0.818,0.806,0.755,0.859,0.839,1.0,0.82
1,y3,0.824,0.885,0.834,0.823,0.802,0.821,0.771,0.837,0.821,0.846,0.78,0.861,0.82,0.833,0.82,1.0
2,.,1.0,0.891,0.879,0.903,0.849,0.837,0.876,0.834,0.907,0.835,0.779,0.723,0.831,0.835,0.818,0.829
2,A1_1,0.891,1.0,0.835,0.817,0.794,0.808,0.818,0.846,0.887,0.831,0.781,0.806,0.799,0.833,0.832,0.889
2,A1_2,0.879,0.835,1.0,0.864,0.842,0.793,0.853,0.838,0.854,0.853,0.779,0.688,0.799,0.886,0.798,0.841
2,A1_3,0.903,0.817,0.864,1.0,0.887,0.763,0.841,0.732,0.852,0.82,0.7,0.719,0.839,0.821,0.802,0.83
2,B1_1,0.849,0.794,0.842,0.887,1.0,0.792,0.807,0.654,0.818,0.802,0.695,0.737,0.837,0.778,0.786,0.811
2,B1_2,0.837,0.808,0.793,0.763,0.792,1.0,0.804,0.847,0.816,0.878,0.853,0.8,0.807,0.821,0.789,0.831
2,B1_3,0.876,0.818,0.853,0.841,0.807,0.804,1.0,0.764,0.795,0.812,0.732,0.712,0.827,0.803,0.835,0.782
2,A2_1,0.834,0.846,0.838,0.732,0.654,0.847,0.764,1.0,0.792,0.829,0.863,0.804,0.751,0.882,0.772,0.841
2,A2_2,0.907,0.887,0.854,0.852,0.818,0.816,0.795,0.792,1.0,0.819,0.771,0.709,0.815,0.809,0.809,0.828
2,A2_3,0.835,0.831,0.853,0.82,0.802,0.878,0.812,0.829,0.819,1.0,0.853,0.829,0.843,0.876,0.827,0.855
2,B2_1,0.779,0.781,0.779,0.7,0.695,0.853,0.732,0.863,0.771,0.853,1.0,0.76,0.798,0.828,0.816,0.792
2,B2_2,0.723,0.806,0.688,0.719,0.737,0.8,0.712,0.804,0.709,0.829,0.76,1.0,0.813,0.785,0.767,0.869
2,B2_3,0.831,0.799,0.799,0.839,0.837,0.807,0.827,0.751,0.815,0.843,0.798,0.813,1.0,0.85,0.867,0.83
2,y1,0.835,0.833,0.886,0.821,0.778,0.821,0.803,0.882,0.809,0.876,0.828,0.785,0.85,1.0,0.845,0.839
2,y2,0.818,0.832,0.798,0.802,0.786,0.789,0.835,0.772,0.809,0.827,0.816,0.767,0.867,0.845,1.0,0.829
2,y3,0.829,0.889,0.841,0.83,0.811,0.831,0.782,0.841,0.828,0.855,0.792,0.869,0.83,0.839,0.829,1.0
3,.,1.0,0.894,0.883,0.908,0.857,0.846,0.884,0.839,0.91,0.842,0.792,0.735,0.838,0.841,0.825,0.834
3,A1_1,0.894,1.0,0.844,0.826,0.804,0.821,0.83,0.853,0.892,0.84,0.796,0.816,0.809,0.84,0.84,0.894
3,A1_2,0.883,0.844,1.0,0.87,0.848,0.805,0.861,0.845,0.861,0.86,0.794,0.705,0.81,0.891,0.809,0.85
3,A1_3,0.908,0.826,0.87,1.0,0.892,0.778,0.852,0.744,0.86,0.831,0.72,0.735,0.848,0.828,0.811,0.838
3,B1_1,0.857,0.804,0.848,0.892,1.0,0.808,0.82,0.669,0.827,0.814,0.718,0.757,0.849,0.786,0.796,0.822
3,B1_2,0.846,0.821,0.805,0.778,0.808,1.0,0.816,0.853,0.827,0.888,0.865,0.814,0.82,0.829,0.801,0.842
3,B1_3,0.884,0.83,0.861,0.852,0.82,0.816,1.0,0.775,0.807,0.824,0.75,0.73,0.837,0.813,0.845,0.795
3,A2_1,0.839,0.853,0.845,0.744,0.669,0.853,0.775,1.0,0.801,0.837,0.868,0.809,0.76,0.887,0.781,0.847
3,A2_2,0.91,0.892,0.861,0.86,0.827,0.827,0.807,0.801,1.0,0.829,0.787,0.724,0.824,0.817,0.819,0.835
3,A2_3,0.842,0.84,0.86,0.831,0.814,0.888,0.824,0.837,0.829,1.0,0.865,0.84,0.853,0.881,0.837,0.864
3,B2_1,0.792,0.796,0.794,0.72,0.718,0.865,0.75,0.868,0.787,0.865,1.0,0.777,0.812,0.837,0.828,0.806
3,B2_2,0.735,0.816,0.705,0.735,0.757,0.814,0.73,0.809,0.724,0.84,0.777,1.0,0.827,0.794,0.781,0.877
3,B2_3,0.838,0.809,0.81,0.848,0.849,0.82,0.837,0.76,0.824,0.853,0.812,0.827,1.0,0.856,0.874,0.839
3,y1,0.841,0.84,0.891,0.828,0.786,0.829,0.813,0.887,0.817,0.881,0.837,0.794,0.856,1.0,0.853,0.846
3,y2,0.825,0.84,0.809,0.811,0.796,0.801,0.845,0.781,0.819,0.837,0.828,0.781,0.874,0.853,1.0,0.838
3,y3,0.834,0.894,0.85,0.838,0.822,0.842,0.795,0.847,0.835,0.864,0.806,0.877,0.839,0.846,0.838,1.0
4,.,1.0,0.895,0.885,0.912,0.863,0.851,0.891,0.843,0.912,0.847,0.802,0.744,0.843,0.844,0.829,0.835
4,A1_1,0.895,1.0,0.851,0.833,0.812,0.831,0.84,0.859,0.896,0.848,0.808,0.824,0.817,0.846,0.846,0.897
4,A1_2,0.885,0.851,1.0,0.875,0.853,0.816,0.868,0.851,0.867,0.867,0.807,0.719,0.818,0.895,0.817,0.856
4,A1_3,0.912,0.833,0.875,1.0,0.895,0.791,0.861,0.754,0.866,0.839,0.738,0.748,0.855,0.834,0.818,0.844
4,B1_1,0.863,0.812,0.853,0.895,1.0,0.822,0.831,0.682,0.834,0.825,0.739,0.775,0.86,0.792,0.804,0.83
4,B1_2,0.851,0.831,0.816,0.791,0.822,1.0,0.827,0.858,0.837,0.896,0.875,0.828,0.833,0.836,0.811,0.852
4,B1_3,0.891,0.84,0.868,0.861,0.831,0.827,1.0,0.785,0.818,0.834,0.766,0.746,0.847,0.821,0.853,0.806
4,A2_1,0.843,0.859,0.851,0.754,0.682,0.858,0.785,1.0,0.809,0.843,0.873,0.813,0.768,0.89,0.789,0.851
4,A2_2,0.912,0.896,0.867,0.866,0.834,0.837,0.818,0.809,1.0,0.838,0.801,0.737,0.831,0.824,0.825,0.84
4,A2_3,0.847,0.848,0.867,0.839,0.825,0.896,0.834,0.843,0.838,1.0,0.874,0.85,0.862,0.886,0.845,0.872
4,B2_1,0.802,0.808,0.807,0.738,0.739,0.875,0.766,0.873,0.801,0.874,1.0,0.792,0.825,0.844,0.837,0.818
4,B2_2,0.744,0.824,0.719,0.748,0.775,0.828,0.746,0.813,0.737,0.85,0.792,1.0,0.839,0.802,0.792,0.883
4,B2_3,0.843,0.817,0.818,0.855,0.86,0.833,0.847,0.768,0.831,0.862,0.825,0.839,1.0,0.861,0.88,0.847
4,y1,0.844,0.846,0.895,0.834,0.792,0.836,0.821,0.89,0.824,0.886,0.844,0.802,0.861,1.0,0.858,0.852
4,y2,0.829,0.846,0.817,0.818,0.804,0.811,0.853,0.789,0.825,0.845,0.837,0.792,0.88,0.858,1.0,0.845
4,y3,0.835,0.897,0.856,0.844,0.83,0.852,0.806,0.851,0.84,0.872,0.818,0.883,0.847,0.852,0.845,1.0
5,.,1.0,0.894,0.886,0.913,0.865,0.853,0.895,0.845,0.912,0.849,0.807,0.747,0.844,0.844,0.83,0.833
5,A1_1,0.894,1.0,0.856,0.838,0.817,0.838,0.848,0.863,0.899,0.854,0.816,0.828,0.822,0.85,0.849,0.899
5,A1_2,0.886,0.856,1.0,0.878,0.856,0.824,0.873,0.856,0.871,0.872,0.816,0.729,0.824,0.898,0.823,0.861
5,A1_3,0.913,0.838,0.878,1.0,0.897,0.801,0.868,0.762,0.87,0.845,0.75,0.757,0.859,0.837,0.822,0.848
5,B1_1,0.865,0.817,0.856,0.897,1.0,0.835,0.841,0.691,0.839,0.833,0.756,0.79,0.868,0.795,0.808,0.835
5,B1_2,0.853,0.838,0.824,0.801,0.835,1.0,0.836,0.861,0.843,0.902,0.883,0.839,0.842,0.84,0.817,0.858
5,B1_3,0.895,0.848,0.873,0.868,0.841,0.836,1.0,0.793,0.825,0.842,0.779,0.759,0.855,0.826,0.858,0.814
5,A2_1,0.845,0.863,0.856,0.762,0.691,0.861,0.793,1.0,0.815,0.848,0.876,0.815,0.773,0.893,0.794,0.854
5,A2_2,0.912,0.899,0.871,0.87,0.839,0.843,0.825,0.815,1.0,0.843,0.81,0.745,0.835,0.827,0.829,0.843
5,A2_3,0.849,0.854,0.872,0.845,0.833,0.902,0.842,0.848,0.843,1.0,0.882,0.858,0.869,0.888,0.851,0.877
5,B2_1,0.807,0.816,0.816,0.75,0.756,0.883,0.779,0.876,0.81,0.882,1.0,0.805,0.835,0.849,0.843,0.826
5,B2_2,0.747,0.828,0.729,0.757,0.79,0.839,0.759,0.815,0.745,0.858,0.805,1.0,0.849,0.806,0.8,0.888
5,B2_3,0.844,0.822,0.824,0.859,0.868,0.842,0.855,0.773,0.835,0.869,0.835,0.849,1.0,0.863,0.884,0.853
5,y1,0.844,0.85,0.898,0.837,0.795,0.84,0.826,0.893,0.827,0.888,0.849,0.806,0.863,1.0,0.862,0.856
5,y2,0.83,0.849,0.823,0.822,0.808,0.817,0.858,0.794,0.829,0.851,0.843,0.8,0.884,0.862,1.0,0.85
5,y3,0.833,0.899,0.861,0.848,0.835,0.858,0.814,0.854,0.843,0.877,0.826,0.888,0.853,0.856,0.85,1.0
6,.,1.0,0.892,0.884,0.914,0.864,0.851,0.897,0.844,0.91,0.848,0.807,0.744,0.841,0.84,0.825,0.827
6,A1_1,0.892,1.0,0.859,0.841,0.819,0.842,0.852,0.865,0.9,0.857,0.821,0.829,0.823,0.851,0.85,0.899
6,A1_2,0.884,0.859,1.0,0.88,0.856,0.829,0.876,0.859,0.874,0.875,0.822,0.735,0.826,0.899,0.825,0.863
6,A1_3,0.914,0.841,0.88,1.0,0.897,0.807,0.873,0.766,0.873,0.849,0.759,0.761,0.861,0.837,0.823,0.848
6,B1_1,0.864,0.819,0.856,0.897,1.0,0.844,0.848,0.695,0.839,0.839,0.768,0.8,0.875,0.794,0.809,0.837
6,B1_2,0.851,0.842,0.829,0.807,0.844,1.0,0.843,0.862,0.845,0.907,0.89,0.848,0.85,0.841,0.82,0.862
6,B1_3,0.897,0.852,0.876,0.873,0.848,0.843,1.0,0.797,0.83,0.848,0.788,0.769,0.86,0.828,0.86,0.818
6,A2_1,0.844,0.865,0.859,0.766,0.695,0.862,0.797,1.0,0.818,0.85,0.877,0.814,0.775,0.894,0.795,0.855
6,A2_2,0.91,0.9,0.874,0.873,0.839,0.845,0.83,0.818,1.0,0.846,0.815,0.748,0.836,0.828,0.829,0.843
6,A2_3,0.848,0.857,0.875,0.849,0.839,0.907,0.848,0.85,0.846,1.0,0.888,0.863,0.873,0.889,0.853,0.881
6,B2_1,0.807,0.821,0.822,0.759,0.768,0.89,0.788,0.877,0.815,0.888,1.0,0.815,0.842,0.85,0.846,0.832
6,B2_2,0.744,0.829,0.735,0.761,0.8,0.848,0.769,0.814,0.748,0.863,0.815,1.0,0.856,0.807,0.804,0.89
6,B2_3,0.841,0.823,0.826,0.861,0.875,0.85,0.86,0.775,0.836,0.873,0.842,0.856,1.0,0.862,0.884,0.855
6,y1,0.84,0.851,0.899,0.837,0.794,0.841,0.828,0.894,0.828,0.889,0.85,0.807,0.862,1.0,0.863,0.857
6,y2,0.825,0.85,0.825,0.823,0.809,0.82,0.86,0.795,0.829,0.853,0.846,0.804,0.884,0.863,1.0,0.852
6,y3,0.827,0.899,0.863,0.848,0.837,0.862,0.818,0.855,0.843,0.881,0.832,0.89,0.855,0.857,0.852,1.0
7,.,1.0,0.887,0.881,0.913,0.859,0.845,0.896,0.841,0.907,0.843,0.803,0.736,0.835,0.833,0.817,0.817
7,A1_1,0.887,1.0,0.86,0.841,0.817,0.842,0.854,0.866,0.9,0.857,0.822,0.826,0.822,0.851,0.849,0.897
7,A1_2,0.881,0.86,1.0,0.881,0.854,0.83,0.877,0.861,0.874,0.876,0.824,0.736,0.826,0.899,0.824,0.863
7,A1_3,0.913,0.841,0.881,1.0,0.895,0.81,0.875,0.768,0.873,0.851,0.763,0.762,0.861,0.835,0.82,0.847
7,B1_1,0.859,0.817,0.854,0.895,1.0,0.851,0.853,0.696,0.837,0.842,0.777,0.809,0.879,0.789,0.806,0.836
7,B1_2,0.845,0.842,0.83,0.81,0.851,1.0,0.848,0.86,0.844,0.91,0.895,0.854,0.855,0.838,0.818,0.863
7,B1_3,0.896,0.854,0.877,0.875,0.853,0.848,1.0,0.799,0.832,0.853,0.795,0.775,0.864,0.828,0.86,0.819
7,A2_1,0.841,0.866,0.861,0.768,0.696,0.86,0.799,1.0,0.819,0.851,0.876,0.81,0.774,0.893,0.794,0.854
7,A2_2,0.907,0.9,0.874,0.873,0.837,0.844,0.832,0.819,1.0,0.847,0.817,0.746,0.834,0.826,0.826,0.841
7,A2_3,0.843,0.857,0.876,0.851,0.842,0.91,0.853,0.851,0.847,1.0,0.892,0.866,0.876,0.887,0.853,0.882
7,B2_1,0.803,0.822,0.824,0.763,0.777,0.895,0.795,0.876,0.817,0.892,1.0,0.822,0.847,0.849,0.845,0.835
7,B2_2,0.736,0.826,0.736,0.762,0.809,0.854,0.775,0.81,0.746,0.866,0.822,1.0,0.862,0.806,0.805,0.891
7,B2_3,0.835,0.822,0.826,0.861,0.879,0.855,0.864,0.774,0.834,0.876,0.847,0.862,1.0,0.859,0.882,0.855
7,y1,0.833,0.851,0.899,0.835,0.789,0.838,0.828,0.893,0.826,0.887,0.849,0.806,0.859,1.0,0.863,0.856
7,y2,0.817,0.849,0.824,0.82,0.806,0.818,0.86,0.794,0.826,0.853,0.845,0.805,0.882,0.863,1.0,0.852
7,y3,0.817,0.897,0.863,0.847,0.836,0.863,0.819,0.854,0.841,0.882,0.835,0.891,0.855,0.856,0.852,1.0
8,.,1.0,0.881,0.875,0.91,0.851,0.834,0.893,0.835,0.903,0.835,0.794,0.722,0.825,0.822,0.805,0.803
8,A1_1,0.881,1.0,0.86,0.84,0.812,0.838,0.853,0.865,0.899,0.856,0.82,0.819,0.816,0.848,0.846,0.894
8,A1_2,0.875,0.86,1.0,0.881,0.849,0.828,0.877,0.861,0.873,0.875,0.824,0.734,0.822,0.897,0.821,0.862
8,A1_3,0.91,0.84,0.881,1.0,0.891,0.809,0.876,0.768,0.873,0.85,0.764,0.758,0.858,0.831,0.815,0.842
8,B1_1,0.851,0.812,0.849,0.891,1.0,0.856,0.856,0.693,0.832,0.844,0.784,0.814,0.882,0.781,0.799,0.832
8,B1_2,0.834,0.838,0.828,0.809,0.856,1.0,0.851,0.855,0.839,0.911,0.898,0.859,0.859,0.832,0.813,0.862
8,B1_3,0.893,0.853,0.877,0.876,0.856,0.851,1.0,0.799,0.832,0.855,0.8,0.779,0.866,0.824,0.856,0.818
8,A2_1,0.835,0.865,0.861,0.768,0.693,0.855,0.799,1.0,0.819,0.85,0.873,0.804,0.769,0.891,0.79,0.852
8,A2_2,0.903,0.899,0.873,0.873,0.832,0.839,0.832,0.819,1.0,0.845,0.814,0.74,0.828,0.821,0.82,0.836
8,A2_3,0.835,0.856,0.875,0.85,0.844,0.911,0.855,0.85,0.845,1.0,0.894,0.866,0.876,0.884,0.85,0.881
8,B2_1,0.794,0.82,0.824,0.764,0.784,0.898,0.8,0.873,0.814,0.894,1.0,0.827,0.851,0.845,0.842,0.835
8,B2_2,0.722,0.819,0.734,0.758,0.814,0.859,0.779,0.804,0.74,0.866,0.827,1.0,0.866,0.8,0.802,0.889
8,B2_3,0.825,0.816,0.822,0.858,0.882,0.859,0.866,0.769,0.828,0.876,0.851,0.866,1.0,0.853,0.878,0.853
8,y1,0.822,0.848,0.897,0.831,0.781,0.832,0.824,0.891,0.821,0.884,0.845,0.8,0.853,1.0,0.86,0.854
8,y2,0.805,0.846,0.821,0.815,0.799,0.813,0.856,0.79,0.82,0.85,0.842,0.802,0.878,0.86,1.0,0.85
8,y3,0.803,0.894,0.862,0.842,0.832,0.862,0.818,0.852,0.836,0.881,0.835,0.889,0.853,0.854,0.85,1.0
9,.,1.0,0.872,0.867,0.905,0.838,0.819,0.886,0.827,0.897,0.824,0.78,0.702,0.81,0.807,0.788,0.785
9,A1_1,0.872,1.0,0.858,0.837,0.803,0.832,0.85,0.864,0.897,0.852,0.815,0.809,0.807,0.843,0.84,0.89
9,A1_2,0.867,0.858,1.0,0.879,0.841,0.823,0.874,0.86,0.871,0.874,0.821,0.727,0.816,0.894,0.815,0.858
9,A1_3,0.905,0.837,0.879,1.0,0.884,0.805,0.875,0.766,0.871,0.848,0.761,0.751,0.852,0.824,0.807,0.836
9,B1_1,0.838,0.803,0.841,0.884,1.0,0.861,0.858,0.687,0.823,0.844,0.788,0.819,0.884,0.769,0.788,0.825
9,B1_2,0.819,0.832,0.823,0.805,0.861,1.0,0.853,0.848,0.831,0.911,0.901,0.863,0.862,0.822,0.805,0.858
9,B1_3,0.886,0.85,0.874,0.875,0.858,0.853,1.0,0.795,0.828,0.857,0.802,0.781,0.867,0.817,0.849,0.814
9,A2_1,0.827,0.864,0.86,0.766,0.687,0.848,0.795,1.0,0.816,0.847,0.868,0.794,0.762,0.888,0.783,0.847
9,A2_2,0.897,0.897,0.871,0.871,0.823,0.831,0.828,0.816,1.0,0.84,0.809,0.729,0.819,0.814,0.811,0.829
9,A2_3,0.824,0.852,0.874,0.848,0.844,0.911,0.857,0.847,0.84,1.0,0.895,0.865,0.875,0.878,0.844,0.879
9,B2_1,0.78,0.815,0.821,0.761,0.788,0.901,0.802,0.868,0.809,0.895,1.0,0.831,0.853,0.838,0.835,0.833
9,B2_2,0.702,0.809,0.727,0.751,0.819,0.863,0.781,0.794,0.729,0.865,0.831,1.0,0.868,0.791,0.795,0.885
9,B2_3,0.81,0.807,0.816,0.852,0.884,0.862,0.867,0.762,0.819,0.875,0.853,0.868,1.0,0.844,0.87,0.848
9,y1,0.807,0.843,0.894,0.824,0.769,0.822,0.817,0.888,0.814,0.878,0.838,0.791,0.844,1.0,0.856,0.85
9,y2,0.788,0.84,0.815,0.807,0.788,0.805,0.849,0.783,0.811,0.844,0.835,0.795,0.87,0.856,1.0,0.846
9,y3,0.785,0.89,0.858,0.836,0.825,0.858,0.814,0.847,0.829,0.879,0.833,0.885,0.848,0.85,0.846,1.0
10,.,1.0,0.861,0.856,0.899,0.821,0.798,0.876,0.817,0.889,0.81,0.761,0.675,0.79,0.789,0.766,0.761
10,A1_1,0.861,1.0,0.855,0.833,0.791,0.821,0.844,0.861,0.894,0.846,0.806,0.794,0.795,0.837,0.832,0.884
10,A1_2,0.856,0.855,1.0,0.876,0.831,0.815,0.87,0.858,0.868,0.87,0.815,0.717,0.806,0.89,0.807,0.853
10,A1_3,0.899,0.833,0.876,1.0,0.876,0.798,0.873,0.762,0.868,0.845,0.755,0.74,0.844,0.816,0.797,0.827
10,B1_1,0.821,0.791,0.831,0.876,1.0,0.864,0.859,0.677,0.811,0.842,0.791,0.822,0.886,0.752,0.773,0.815
10,B1_2,0.798,0.821,0.815,0.798,0.864,1.0,0.854,0.838,0.819,0.91,0.902,0.866,0.863,0.808,0.791,0.851
10,B1_3,0.876,0.844,0.87,0.873,0.859,0.854,1.0,0.79,0.823,0.857,0.803,0.781,0.867,0.807,0.84,0.808
10,A2_1,0.817,0.861,0.858,0.762,0.677,0.838,0.79,1.0,0.813,0.842,0.86,0.781,0.751,0.883,0.774,0.842
10,A2_2,0.889,0.894,0.868,0.868,0.811,0.819,0.823,0.813,1.0,0.834,0.799,0.713,0.806,0.805,0.8,0.82
10,A2_3,0.81,0.846,0.87,0.845,0.842,0.91,0.857,0.842,0.834,1.0,0.895,0.862,0.873,0.871,0.836,0.874
10,B2_1,0.761,0.806,0.815,0.755,0.791,0.902,0.803,0.86,0.799,0.895,1.0,0.833,0.854,0.828,0.825,0.829
10,B2_2,0.675,0.794,0.717,0.74,0.822,0.866,0.781,0.781,0.713,0.862,0.833,1.0,0.87,0.778,0.785,0.879
10,B2_3,0.79,0.795,0.806,0.844,0.886,0.863,0.867,0.751,0.806,0.873,0.854,0.87,1.0,0.831,0.859,0.841
10,y1,0.789,0.837,0.89,0.816,0.752,0.808,0.807,0.883,0.805,0.871,0.828,0.778,0.831,1.0,0.85,0.844
10,y2,0.766,0.832,0.807,0.797,0.773,0.791,0.84,0.774,0.8,0.836,0.825,0.785,0.859,0.85,1.0,0.841
10,y3,0.761,0.884,0.853,0.827,0.815,0.851,0.808,0.842,0.82,0.874,0.829,0.879,0.841,0.844,0.841,1.0
11,.,1.0,0.849,0.843,0.891,0.799,0.772,0.863,0.805,0.88,0.791,0.736,0.642,0.765,0.766,0.74,0.733
11,A1_1,0.849,1.0,0.851,0.828,0.775,0.806,0.836,0.857,0.89,0.839,0.793,0.775,0.779,0.829,0.823,0.876
11,A1_2,0.843,0.851,1.0,0.873,0.818,0.804,0.864,0.855,0.864,0.866,0.806,0.703,0.794,0.885,0.796,0.847
11,A1_3,0.891,0.828,0.873,1.0,0.865,0.788,0.869,0.756,0.864,0.84,0.747,0.726,0.834,0.805,0.783,0.816
11,B1_1,0.799,0.775,0.818,0.865,1.0,0.866,0.86,0.663,0.795,0.839,0.794,0.824,0.886,0.731,0.753,0.802
11,B1_2,0.772,0.806,0.804,0.788,0.866,1.0,0.855,0.826,0.803,0.908,0.904,0.868,0.864,0.79,0.774,0.842
11,B1_3,0.863,0.836,0.864,0.869,0.86,0.855,1.0,0.783,0.814,0.856,0.803,0.78,0.866,0.794,0.826,0.799
11,A2_1,0.805,0.857,0.855,0.756,0.663,0.826,0.783,1.0,0.808,0.837,0.851,0.765,0.737,0.878,0.763,0.835
11,A2_2,0.88,0.89,0.864,0.864,0.795,0.803,0.814,0.808,1.0,0.826,0.786,0.692,0.79,0.794,0.786,0.808
11,A2_3,0.791,0.839,0.866,0.84,0.839,0.908,0.856,0.837,0.826,1.0,0.894,0.858,0.869,0.862,0.825,0.868
11,B2_1,0.736,0.793,0.806,0.747,0.794,0.904,0.803,0.851,0.786,0.894,1.0,0.835,0.855,0.814,0.811,0.823
11,B2_2,0.642,0.775,0.703,0.726,0.824,0.868,0.78,0.765,0.692,0.858,0.835,1.0,0.872,0.76,0.77,0.87
11,B2_3,0.765,0.779,0.794,0.834,0.886,0.864,0.866,0.737,0.79,0.869,0.855,0.872,1.0,0.814,0.844,0.831
11,y1,0.766,0.829,0.885,0.805,0.731,0.79,0.794,0.878,0.794,0.862,0.814,0.76,0.814,1.0,0.844,0.838
11,y2,0.74,0.823,0.796,0.783,0.753,0.774,0.826,0.763,0.786,0.825,0.811,0.77,0.844,0.844,1.0,0.834
11,y3,0.733,0.876,0.847,0.816,0.802,0.842,0.799,0.835,0.808,0.868,0.823,0.87,0.831,0.838,0.834,1.0
12,.,1.0,0.835,0.828,0.881,0.771,0.738,0.845,0.79,0.87,0.77,0.705,0.601,0.733,0.74,0.71,0.699
12,A1_1,0.835,1.0,0.847,0.822,0.754,0.786,0.825,0.853,0.887,0.83,0.777,0.751,0.758,0.821,0.813,0.867
12,A1_2,0.828,0.847,1.0,0.87,0.801,0.789,0.856,0.852,0.859,0.86,0.794,0.685,0.778,0.879,0.784,0.839
12,A1_3,0.881,0.822,0.87,1.0,0.851,0.776,0.863,0.751,0.86,0.834,0.736,0.708,0.82,0.793,0.768,0.803
12,B1_1,0.771,0.754,0.801,0.851,1.0,0.869,0.86,0.647,0.774,0.835,0.796,0.826,0.887,0.705,0.727,0.786
12,B1_2,0.738,0.786,0.789,0.776,0.869,1.0,0.855,0.81,0.781,0.904,0.905,0.87,0.865,0.766,0.75,0.83
12,B1_3,0.845,0.825,0.856,0.863,0.86,0.855,1.0,0.773,0.802,0.855,0.803,0.779,0.865,0.777,0.809,0.788
12,A2_1,0.79,0.853,0.852,0.751,0.647,0.81,0.773,1.0,0.803,0.83,0.838,0.745,0.721,0.871,0.749,0.827
12,A2_2,0.87,0.887,0.859,0.86,0.774,0.781,0.802,0.803,1.0,0.815,0.769,0.666,0.769,0.781,0.769,0.795
12,A2_3,0.77,0.83,0.86,0.834,0.835,0.904,0.855,0.83,0.815,1.0,0.892,0.852,0.865,0.85,0.811,0.861
12,B2_1,0.705,0.777,0.794,0.736,0.796,0.905,0.803,0.838,0.769,0.892,1.0,0.837,0.855,0.796,0.793,0.814
12,B2_2,0.601,0.751,0.685,0.708,0.826,0.87,0.779,0.745,0.666,0.852,0.837,1.0,0.873,0.738,0.75,0.859
12,B2_3,0.733,0.758,0.778,0.82,0.887,0.865,0.865,0.721,0.769,0.865,0.855,0.873,1.0,0.793,0.824,0.819
12,y1,0.74,0.821,0.879,0.793,0.705,0.766,0.777,0.871,0.781,0.85,0.796,0.738,0.793,1.0,0.836,0.83
12,y2,0.71,0.813,0.784,0.768,0.727,0.75,0.809,0.749,0.769,0.811,0.793,0.75,0.824,0.836,1.0,0.825
12,y3,0.699,0.867,0.839,0.803,0.786,0.83,0.788,0.827,0.795,0.861,0.814,0.859,0.819,0.83,0.825,1.0
13,.,1.0,0.819,0.809,0.869,0.735,0.697,0.821,0.773,0.858,0.743,0.667,0.553,0.695,0.71,0.674,0.66
13,A1_1,0.819,1.0,0.842,0.815,0.727,0.761,0.809,0.848,0.883,0.818,0.755,0.721,0.732,0.811,0.8,0.855
13,A1_2,0.809,0.842,1.0,0.865,0.779,0.77,0.844,0.849,0.854,0.853,0.779,0.663,0.758,0.871,0.769,0.83
13,A1_3,0.869,0.815,0.865,1.0,0.834,0.759,0.855,0.744,0.854,0.827,0.721,0.686,0.804,0.778,0.749,0.788
13,B1_1,0.735,0.727,0.779,0.834,1.0,0.871,0.86,0.626,0.747,0.829,0.798,0.828,0.887,0.672,0.695,0.766
13,B1_2,0.697,0.761,0.77,0.759,0.871,1.0,0.854,0.79,0.754,0.899,0.906,0.872,0.866,0.735,0.721,0.813
13,B1_3,0.821,0.809,0.844,0.855,0.86,0.854,1.0,0.761,0.787,0.853,0.803,0.777,0.864,0.755,0.786,0.774
13,A2_1,0.773,0.848,0.849,0.744,0.626,0.79,0.761,1.0,0.797,0.822,0.822,0.721,0.7,0.863,0.734,0.817
13,A2_2,0.858,0.883,0.854,0.854,0.747,0.754,0.787,0.797,1.0,0.802,0.746,0.634,0.742,0.767,0.75,0.778
13,A2_3,0.743,0.818,0.853,0.827,0.829,0.899,0.853,0.822,0.802,1.0,0.889,0.844,0.858,0.835,0.793,0.852
13,B2_1,0.667,0.755,0.779,0.721,0.798,0.906,0.803,0.822,0.746,0.889,1.0,0.838,0.855,0.771,0.769,0.803
13,B2_2,0.553,0.721,0.663,0.686,0.828,0.872,0.777,0.721,0.634,0.844,0.838,1.0,0.874,0.709,0.725,0.844
13,B2_3,0.695,0.732,0.758,0.804,0.887,0.866,0.864,0.7,0.742,0.858,0.855,0.874,1.0,0.765,0.799,0.803
13,y1,0.71,0.811,0.871,0.778,0.672,0.735,0.755,0.863,0.767,0.835,0.771,0.709,0.765,1.0,0.828,0.82
13,y2,0.674,0.8,0.769,0.749,0.695,0.721,0.786,0.734,0.75,0.793,0.769,0.725,0.799,0.828,1.0,0.816
13,y3,0.66,0.855,0.83,0.788,0.766,0.813,0.774,0.817,0.778,0.852,0.803,0.844,0.803,0.82,0.816,1.0
14,.,1.0,0.801,0.788,0.856,0.691,0.648,0.79,0.755,0.845,0.713,0.62,0.496,0.648,0.676,0.633,0.615
14,A1_1,0.801,1.0,0.836,0.808,0.694,0.729,0.788,0.843,0.879,0.803,0.727,0.684,0.7,0.8,0.786,0.842
14,A1_2,0.788,0.836,1.0,0.861,0.753,0.746,0.829,0.845,0.848,0.845,0.759,0.635,0.733,0.863,0.751,0.82
14,A1_3,0.856,0.808,0.861,1.0,0.812,0.738,0.844,0.737,0.849,0.818,0.703,0.659,0.783,0.761,0.726,0.771
14,B1_1,0.691,0.694,0.753,0.812,1.0,0.874,0.861,0.601,0.714,0.821,0.799,0.83,0.888,0.63,0.655,0.74
14,B1_2,0.648,0.729,0.746,0.738,0.874,1.0,0.855,0.764,0.72,0.892,0.907,0.874,0.866,0.696,0.683,0.792
14,B1_3,0.79,0.788,0.829,0.844,0.861,0.855,1.0,0.745,0.766,0.85,0.802,0.776,0.863,0.726,0.757,0.755
14,A2_1,0.755,0.843,0.845,0.737,0.601,0.764,0.745,1.0,0.791,0.813,0.802,0.692,0.675,0.854,0.715,0.807
14,A2_2,0.845,0.879,0.848,0.849,0.714,0.72,0.766,0.791,1.0,0.787,0.717,0.594,0.709,0.751,0.728,0.76
14,A2_3,0.713,0.803,0.845,0.818,0.821,0.892,0.85,0.813,0.787,1.0,0.885,0.835,0.85,0.816,0.771,0.841
14,B2_1,0.62,0.727,0.759,0.703,0.799,0.907,0.802,0.802,0.717,0.885,1.0,0.84,0.856,0.74,0.738,0.787
14,B2_2,0.496,0.684,0.635,0.659,0.83,0.874,0.776,0.692,0.594,0.835,0.84,1.0,0.875,0.673,0.693,0.825
14,B2_3,0.648,0.7,0.733,0.783,0.888,0.866,0.863,0.675,0.709,0.85,0.856,0.875,1.0,0.73,0.767,0.783
14,y1,0.676,0.8,0.863,0.761,0.63,0.696,0.726,0.854,0.751,0.816,0.74,0.673,0.73,1.0,0.82,0.81
14,y2,0.633,0.786,0.751,0.726,0.655,0.683,0.757,0.715,0.728,0.771,0.738,0.693,0.767,0.82,1.0,0.805
14,y3,0.615,0.842,0.82,0.771,0.74,0.792,0.755,0.807,0.76,0.841,0.787,0.825,0.783,0.81,0.805,1.0
15,.,1.0,0.783,0.765,0.84,0.639,0.591,0.752,0.735,0.832,0.678,0.567,0.432,0.594,0.639,0.589,0.566
15,A1_1,0.783,1.0,0.83,0.8,0.653,0.689,0.762,0.838,0.875,0.786,0.692,0.64,0.661,0.789,0.771,0.828
15,A1_2,0.765,0.83,1.0,0.855,0.721,0.716,0.81,0.842,0.842,0.835,0.734,0.603,0.703,0.853,0.732,0.808
15,A1_3,0.84,0.8,0.855,1.0,0.785,0.713,0.829,0.73,0.843,0.809,0.68,0.628,0.757,0.742,0.701,0.751
15,B1_1,0.639,0.653,0.721,0.785,1.0,0.877,0.861,0.57,0.673,0.811,0.802,0.833,0.889,0.579,0.606,0.709
15,B1_2,0.591,0.689,0.716,0.713,0.877,1.0,0.855,0.734,0.68,0.883,0.908,0.876,0.868,0.648,0.638,0.765
15,B1_3,0.752,0.762,0.81,0.829,0.861,0.855,1.0,0.725,0.74,0.847,0.802,0.775,0.862,0.689,0.719,0.733
15,A2_1,0.735,0.838,0.842,0.73,0.57,0.734,0.725,1.0,0.785,0.802,0.776,0.657,0.645,0.843,0.696,0.795
15,A2_2,0.832,0.875,0.842,0.843,0.673,0.68,0.74,0.785,1.0,0.77,0.681,0.549,0.67,0.734,0.705,0.74
15,A2_3,0.678,0.786,0.835,0.809,0.811,0.883,0.847,0.802,0.77,1.0,0.879,0.823,0.84,0.794,0.745,0.827
15,B2_1,0.567,0.692,0.734,0.68,0.802,0.908,0.802,0.776,0.681,0.879,1.0,0.842,0.857,0.7,0.699,0.767
15,B2_2,0.432,0.64,0.603,0.628,0.833,0.876,0.775,0.657,0.549,0.823,0.842,1.0,0.877,0.629,0.654,0.801
15,B2_3,0.594,0.661,0.703,0.757,0.889,0.868,0.862,0.645,0.67,0.84,0.857,0.877,1.0,0.687,0.726,0.758
15,y1,0.639,0.789,0.853,0.742,0.579,0.648,0.689,0.843,0.734,0.794,0.7,0.629,0.687,1.0,0.812,0.799
15,y2,0.589,0.771,0.732,0.701,0.606,0.638,0.719,0.696,0.705,0.745,0.699,0.654,0.726,0.812,1.0,0.793
15,y3,0.566,0.828,0.808,0.751,0.709,0.765,0.733,0.795,0.74,0.827,0.767,0.801,0.758,0.799,0.793,1.0
16,.,1.0,0.765,0.74,0.824,0.578,0.526,0.704,0.715,0.818,0.64,0.505,0.361,0.532,0.601,0.542,0.514
16,A1_1,0.765,1.0,0.824,0.792,0.604,0.642,0.727,0.832,0.872,0.767,0.649,0.588,0.613,0.777,0.755,0.812
16,A1_2,0.74,0.824,1.0,0.85,0.682,0.681,0.784,0.839,0.837,0.825,0.703,0.565,0.667,0.842,0.71,0.797
16,A1_3,0.824,0.792,0.85,1.0,0.752,0.683,0.81,0.723,0.837,0.798,0.653,0.593,0.727,0.722,0.673,0.73
16,B1_1,0.578,0.604,0.682,0.752,1.0,0.88,0.863,0.534,0.625,0.798,0.805,0.836,0.89,0.518,0.547,0.67
16,B1_2,0.526,0.642,0.681,0.683,0.88,1.0,0.858,0.698,0.632,0.872,0.909,0.879,0.869,0.59,0.582,0.731
16,B1_3,0.704,0.727,0.784,0.81,0.863,0.858,1.0,0.7,0.706,0.842,0.804,0.776,0.862,0.642,0.671,0.704
16,A2_1,0.715,0.832,0.839,0.723,0.534,0.698,0.7,1.0,0.78,0.79,0.745,0.617,0.61,0.831,0.674,0.782
16,A2_2,0.818,0.872,0.837,0.837,0.625,0.632,0.706,0.78,1.0,0.751,0.639,0.496,0.624,0.718,0.68,0.719
16,A2_3,0.64,0.767,0.825,0.798,0.798,0.872,0.842,0.79,0.751,1.0,0.871,0.808,0.828,0.767,0.714,0.811
16,B2_1,0.505,0.649,0.703,0.653,0.805,0.909,0.804,0.745,0.639,0.871,1.0,0.845,0.858,0.651,0.651,0.74
16,B2_2,0.361,0.588,0.565,0.593,0.836,0.879,0.776,0.617,0.496,0.808,0.845,1.0,0.88,0.575,0.606,0.77
16,B2_3,0.532,0.613,0.667,0.727,0.89,0.869,0.862,0.61,0.624,0.828,0.858,0.88,1.0,0.634,0.675,0.726
16,y1,0.601,0.777,0.842,0.722,0.518,0.59,0.642,0.831,0.718,0.767,0.651,0.575,0.634,1.0,0.805,0.788
16,y2,0.542,0.755,0.71,0.673,0.547,0.582,0.671,0.674,0.68,0.714,0.651,0.606,0.675,0.805,1.0,0.782
16,y3,0.514,0.812,0.797,0.73,0.67,0.731,0.704,0.782,0.719,0.811,0.74,0.77,0.726,0.788,0.782,1.0
17,.,1.0,0.746,0.713,0.806,0.509,0.454,0.647,0.695,0.805,0.6,0.435,0.284,0.462,0.562,0.494,0.46
17,A1_1,0.746,1.0,0.819,0.784,0.545,0.585,0.682,0.828,0.87,0.746,0.597,0.527,0.557,0.767,0.739,0.796
17,A1_2,0.713,0.819,1.0,0.844,0.635,0.638,0.752,0.837,0.831,0.813,0.665,0.521,0.623,0.831,0.688,0.785
17,A1_3,0.806,0.784,0.844,1.0,0.713,0.647,0.784,0.717,0.832,0.786,0.62,0.551,0.69,0.699,0.643,0.706
17,B1_1,0.509,0.545,0.635,0.713,1.0,0.884,0.865,0.491,0.568,0.781,0.809,0.841,0.892,0.445,0.476,0.622
17,B1_2,0.454,0.585,0.638,0.647,0.884,1.0,0.861,0.654,0.576,0.857,0.911,0.882,0.871,0.52,0.516,0.688
17,B1_3,0.647,0.682,0.752,0.784,0.865,0.861,1.0,0.669,0.664,0.834,0.806,0.779,0.863,0.584,0.612,0.667
17,A2_1,0.695,0.828,0.837,0.717,0.491,0.654,0.669,1.0,0.776,0.778,0.706,0.569,0.567,0.818,0.652,0.769
17,A2_2,0.805,0.87,0.831,0.832,0.568,0.576,0.664,0.776,1.0,0.731,0.588,0.437,0.569,0.702,0.655,0.698
17,A2_3,0.6,0.746,0.813,0.786,0.781,0.857,0.834,0.778,0.731,1.0,0.859,0.791,0.812,0.737,0.678,0.792
17,B2_1,0.435,0.597,0.665,0.62,0.809,0.911,0.806,0.706,0.588,0.859,1.0,0.849,0.86,0.59,0.593,0.705
17,B2_2,0.284,0.527,0.521,0.551,0.841,0.882,0.779,0.569,0.437,0.791,0.849,1.0,0.883,0.511,0.549,0.731
17,B2_3,0.462,0.557,0.623,0.69,0.892,0.871,0.863,0.567,0.569,0.812,0.86,0.883,1.0,0.569,0.614,0.686
17,y1,0.562,0.767,0.831,0.699,0.445,0.52,0.584,0.818,0.702,0.737,0.59,0.511,0.569,1.0,0.8,0.778
17,y2,0.494,0.739,0.688,0.643,0.476,0.516,0.612,0.652,0.655,0.678,0.593,0.549,0.614,0.8,1.0,0.772
17,y3,0.46,0.796,0.785,0.706,0.622,0.688,0.667,0.769,0.698,0.792,0.705,0.731,0.686,0.778,0.772,1.0
18,.,1.0,0.729,0.686,0.788,0.434,0.378,0.582,0.677,0.791,0.559,0.36,0.205,0.387,0.525,0.446,0.406
18,A1_1,0.729,1.0,0.815,0.777,0.477,0.521,0.628,0.824,0.869,0.723,0.537,0.459,0.492,0.759,0.724,0.78
18,A1_2,0.686,0.815,1.0,0.839,0.58,0.589,0.711,0.835,0.828,0.802,0.62,0.471,0.573,0.819,0.666,0.773
18,A1_3,0.788,0.777,0.839,1.0,0.667,0.606,0.751,0.713,0.827,0.774,0.581,0.505,0.646,0.676,0.611,0.682
18,B1_1,0.434,0.477,0.58,0.667,1.0,0.888,0.869,0.442,0.504,0.761,0.815,0.846,0.894,0.362,0.396,0.565
18,B1_2,0.378,0.521,0.589,0.606,0.888,1.0,0.866,0.604,0.514,0.839,0.914,0.885,0.874,0.44,0.441,0.636
18,B1_3,0.582,0.628,0.711,0.751,0.869,0.866,1.0,0.63,0.614,0.823,0.811,0.785,0.866,0.514,0.541,0.622
18,A2_1,0.677,0.824,0.835,0.713,0.442,0.604,0.63,1.0,0.774,0.766,0.66,0.517,0.519,0.805,0.63,0.756
18,A2_2,0.791,0.869,0.828,0.827,0.504,0.514,0.614,0.774,1.0,0.711,0.531,0.372,0.507,0.688,0.631,0.679
18,A2_3,0.559,0.723,0.802,0.774,0.761,0.839,0.823,0.766,0.711,1.0,0.845,0.769,0.792,0.703,0.64,0.77
18,B2_1,0.36,0.537,0.62,0.581,0.815,0.914,0.811,0.66,0.531,0.845,1.0,0.854,0.864,0.518,0.524,0.662
18,B2_2,0.205,0.459,0.471,0.505,0.846,0.885,0.785,0.517,0.372,0.769,0.854,1.0,0.887,0.439,0.483,0.683
18,B2_3,0.387,0.492,0.573,0.646,0.894,0.874,0.866,0.519,0.507,0.792,0.864,0.887,1.0,0.494,0.543,0.637
18,y1,0.525,0.759,0.819,0.676,0.362,0.44,0.514,0.805,0.688,0.703,0.518,0.439,0.494,1.0,0.799,0.771
18,y2,0.446,0.724,0.666,0.611,0.396,0.441,0.541,0.63,0.631,0.64,0.524,0.483,0.543,0.799,1.0,0.765
18,y3,0.406,0.78,0.773,0.682,0.565,0.636,0.622,0.756,0.679,0.77,0.662,0.683,0.637,0.771,0.765,1.0
19,.,1.0,0.712,0.659,0.769,0.355,0.299,0.508,0.659,0.778,0.519,0.28,0.124,0.307,0.488,0.4,0.354
19,A1_1,0.712,1.0,0.811,0.771,0.402,0.448,0.562,0.822,0.87,0.702,0.467,0.384,0.419,0.752,0.711,0.766
19,A1_2,0.659,0.811,1.0,0.834,0.517,0.532,0.659,0.835,0.825,0.79,0.567,0.415,0.514,0.808,0.645,0.763
19,A1_3,0.769,0.771,0.834,1.0,0.613,0.558,0.71,0.709,0.823,0.762,0.535,0.453,0.595,0.653,0.578,0.657
19,B1_1,0.355,0.402,0.517,0.613,1.0,0.893,0.874,0.385,0.433,0.734,0.821,0.851,0.897,0.271,0.308,0.496
19,B1_2,0.299,0.448,0.532,0.558,0.893,1.0,0.872,0.547,0.445,0.815,0.916,0.889,0.878,0.351,0.358,0.571
19,B1_3,0.508,0.562,0.659,0.71,0.874,0.872,1.0,0.582,0.554,0.807,0.817,0.792,0.87,0.431,0.457,0.564
19,A2_1,0.659,0.822,0.835,0.709,0.385,0.547,0.582,1.0,0.774,0.754,0.606,0.457,0.462,0.791,0.609,0.743
19,A2_2,0.778,0.87,0.825,0.823,0.433,0.445,0.554,0.774,1.0,0.692,0.465,0.302,0.437,0.676,0.609,0.66
19,A2_3,0.519,0.702,0.79,0.762,0.734,0.815,0.807,0.754,0.692,1.0,0.824,0.742,0.766,0.669,0.6,0.746
19,B2_1,0.28,0.467,0.567,0.535,0.821,0.916,0.817,0.606,0.465,0.824,1.0,0.86,0.868,0.436,0.446,0.607
19,B2_2,0.124,0.384,0.415,0.453,0.851,0.889,0.792,0.457,0.302,0.742,0.86,1.0,0.892,0.358,0.41,0.625
19,B2_3,0.307,0.419,0.514,0.595,0.897,0.878,0.87,0.462,0.437,0.766,0.868,0.892,1.0,0.408,0.461,0.576
19,y1,0.488,0.752,0.808,0.653,0.271,0.351,0.431,0.791,0.676,0.669,0.436,0.358,0.408,1.0,0.802,0.767
19,y2,0.4,0.711,0.645,0.578,0.308,0.358,0.457,0.609,0.609,0.6,0.446,0.41,0.461,0.802,1.0,0.761
19,y3,0.354,0.766,0.763,0.657,0.496,0.571,0.564,0.743,0.66,0.746,0.607,0.625,0.576,0.767,0.761,1.0
20,.,1.0,0.696,0.633,0.752,0.276,0.221,0.428,0.644,0.765,0.483,0.2,0.046,0.226,0.455,0.358,0.306
20,A1_1,0.696,1.0,0.81,0.767,0.321,0.371,0.486,0.822,0.872,0.682,0.391,0.306,0.34,0.749,0.701,0.755
20,A1_2,0.633,0.81,1.0,0.83,0.449,0.471,0.599,0.837,0.824,0.781,0.508,0.355,0.449,0.798,0.627,0.754
20,A1_3,0.752,0.767,0.83,1.0,0.553,0.505,0.659,0.709,0.821,0.75,0.483,0.397,0.537,0.632,0.548,0.633
20,B1_1,0.276,0.321,0.449,0.553,1.0,0.898,0.88,0.325,0.358,0.701,0.829,0.858,0.9,0.177,0.217,0.418
20,B1_2,0.221,0.371,0.471,0.505,0.898,1.0,0.88,0.485,0.373,0.786,0.92,0.893,0.882,0.259,0.272,0.498
20,B1_3,0.428,0.486,0.599,0.659,0.88,0.88,1.0,0.526,0.486,0.784,0.825,0.802,0.876,0.341,0.366,0.495
20,A2_1,0.644,0.822,0.837,0.709,0.325,0.485,0.526,1.0,0.777,0.744,0.544,0.393,0.4,0.778,0.592,0.731
20,A2_2,0.765,0.872,0.824,0.821,0.358,0.373,0.486,0.777,1.0,0.676,0.395,0.232,0.363,0.668,0.59,0.646
20,A2_3,0.483,0.682,0.781,0.75,0.701,0.786,0.784,0.744,0.676,1.0,0.799,0.712,0.734,0.636,0.562,0.72
20,B2_1,0.2,0.391,0.508,0.483,0.829,0.92,0.825,0.544,0.395,0.799,1.0,0.867,0.874,0.347,0.364,0.542
20,B2_2,0.046,0.306,0.355,0.397,0.858,0.893,0.802,0.393,0.232,0.712,0.867,1.0,0.898,0.275,0.335,0.557
20,B2_3,0.226,0.34,0.449,0.537,0.9,0.882,0.876,0.4,0.363,0.734,0.874,0.898,1.0,0.318,0.374,0.506
20,y1,0.455,0.749,0.798,0.632,0.177,0.259,0.341,0.778,0.668,0.636,0.347,0.275,0.318,1.0,0.809,0.77
20,y2,0.358,0.701,0.627,0.548,0.217,0.272,0.366,0.592,0.59,0.562,0.364,0.335,0.374,0.809,1.0,0.764
20,y3,0.306,0.755,0.754,0.633,0.418,0.498,0.495,0.731,0.646,0.72,0.542,0.557,0.506,0.77,0.764,1.0
21,.,1.0,0.683,0.608,0.737,0.201,0.147,0.347,0.63,0.754,0.452,0.122,-0.025,0.148,0.426,0.321,0.266
21,A1_1,0.683,1.0,0.812,0.767,0.24,0.293,0.404,0.824,0.875,0.667,0.313,0.228,0.259,0.749,0.695,0.748
21,A1_2,0.608,0.812,1.0,0.827,0.377,0.406,0.531,0.841,0.826,0.775,0.443,0.294,0.38,0.791,0.615,0.749
21,A1_3,0.737,0.767,0.827,1.0,0.489,0.449,0.6,0.712,0.822,0.741,0.427,0.339,0.473,0.617,0.524,0.613
21,B1_1,0.201,0.24,0.377,0.489,1.0,0.903,0.888,0.263,0.284,0.662,0.838,0.865,0.905,0.086,0.129,0.333
21,B1_2,0.147,0.293,0.406,0.449,0.903,1.0,0.889,0.421,0.302,0.75,0.924,0.898,0.888,0.169,0.188,0.417
21,B1_3,0.347,0.404,0.531,0.6,0.888,0.889,1.0,0.465,0.413,0.754,0.836,0.815,0.883,0.247,0.273,0.416
21,A2_1,0.63,0.824,0.841,0.712,0.263,0.421,0.465,1.0,0.782,0.738,0.479,0.329,0.336,0.768,0.58,0.722
21,A2_2,0.754,0.875,0.826,0.822,0.284,0.302,0.413,0.782,1.0,0.666,0.324,0.163,0.288,0.663,0.577,0.637
21,A2_3,0.452,0.667,0.775,0.741,0.662,0.75,0.754,0.738,0.666,1.0,0.766,0.675,0.696,0.611,0.532,0.696
21,B2_1,0.122,0.313,0.443,0.427,0.838,0.924,0.836,0.479,0.324,0.766,1.0,0.875,0.881,0.259,0.281,0.467
21,B2_2,-0.025,0.228,0.294,0.339,0.865,0.898,0.815,0.329,0.163,0.675,0.875,1.0,0.904,0.194,0.261,0.482
21,B2_3,0.148,0.259,0.38,0.473,0.905,0.888,0.883,0.336,0.288,0.696,0.881,0.904,1.0,0.227,0.287,0.427
21,y1,0.426,0.749,0.791,0.617,0.086,0.169,0.247,0.768,0.663,0.611,0.259,0.194,0.227,1.0,0.819,0.779
21,y2,0.321,0.695,0.615,0.524,0.129,0.188,0.273,0.58,0.577,0.532,0.281,0.261,0.287,0.819,1.0,0.774
21,y3,0.266,0.748,0.749,0.613,0.333,0.417,0.416,0.722,0.637,0.696,0.467,0.482,0.427,0.779,0.774,1.0
22,.,1.0,0.669,0.585,0.724,0.13,0.078,0.267,0.618,0.741,0.427,0.048,-0.091,0.074,0.397,0.286,0.231
22,A1_1,0.669,1.0,0.815,0.769,0.159,0.216,0.319,0.828,0.88,0.66,0.233,0.152,0.178,0.752,0.691,0.744
22,A1_2,0.585,0.815,1.0,0.827,0.303,0.338,0.456,0.846,0.83,0.772,0.374,0.231,0.307,0.787,0.609,0.746
22,A1_3,0.724,0.769,0.827,1.0,0.42,0.389,0.533,0.718,0.825,0.735,0.365,0.278,0.404,0.606,0.505,0.596
22,B1_1,0.13,0.159,0.303,0.42,1.0,0.909,0.896,0.2,0.21,0.615,0.847,0.873,0.91,0.001,0.046,0.245
22,B1_2,0.078,0.216,0.338,0.389,0.909,1.0,0.897,0.355,0.232,0.706,0.928,0.903,0.893,0.085,0.109,0.332
22,B1_3,0.267,0.319,0.456,0.533,0.896,0.897,1.0,0.398,0.338,0.715,0.847,0.828,0.891,0.156,0.181,0.33
22,A2_1,0.618,0.828,0.846,0.718,0.2,0.355,0.398,1.0,0.789,0.736,0.409,0.264,0.27,0.76,0.572,0.715
22,A2_2,0.741,0.88,0.83,0.825,0.21,0.232,0.338,0.789,1.0,0.663,0.252,0.097,0.213,0.661,0.567,0.631
22,A2_3,0.427,0.66,0.772,0.735,0.615,0.706,0.715,0.736,0.663,1.0,0.724,0.631,0.649,0.594,0.51,0.675
22,B2_1,0.048,0.233,0.374,0.365,0.847,0.928,0.847,0.409,0.252,0.724,1.0,0.884,0.889,0.174,0.201,0.386
22,B2_2,-0.091,0.152,0.231,0.278,0.873,0.903,0.828,0.264,0.097,0.631,0.884,1.0,0.911,0.119,0.191,0.403
22,B2_3,0.074,0.178,0.307,0.404,0.91,0.893,0.891,0.27,0.213,0.649,0.889,0.911,1.0,0.142,0.205,0.343
22,y1,0.397,0.752,0.787,0.606,0.001,0.085,0.156,0.76,0.661,0.594,0.174,0.119,0.142,1.0,0.833,0.793
22,y2,0.286,0.691,0.609,0.505,0.046,0.109,0.181,0.572,0.567,0.51,0.201,0.191,0.205,0.833,1.0,0.79
22,y3,0.231,0.744,0.746,0.596,0.245,0.332,0.33,0.715,0.631,0.675,0.386,0.403,0.343,0.793,0.79,1.0
23,.,1.0,0.655,0.563,0.711,0.067,0.016,0.19,0.606,0.729,0.408,-0.02,-0.15,0.007,0.369,0.254,0.201
23,A1_1,0.655,1.0,0.821,0.775,0.083,0.142,0.234,0.833,0.886,0.661,0.157,0.08,0.101,0.756,0.69,0.744
23,A1_2,0.563,0.821,1.0,0.828,0.229,0.27,0.378,0.852,0.835,0.776,0.303,0.169,0.235,0.786,0.607,0.746
23,A1_3,0.711,0.775,0.828,1.0,0.348,0.326,0.46,0.727,0.83,0.734,0.301,0.215,0.333,0.6,0.493,0.584
23,B1_1,0.067,0.083,0.229,0.348,1.0,0.913,0.904,0.138,0.139,0.558,0.856,0.88,0.914,-0.074,-0.027,0.156
23,B1_2,0.016,0.142,0.27,0.326,0.913,1.0,0.906,0.289,0.164,0.653,0.933,0.907,0.899,0.01,0.038,0.245
23,B1_3,0.19,0.234,0.378,0.46,0.904,0.906,1.0,0.329,0.261,0.663,0.858,0.841,0.899,0.07,0.096,0.24
23,A2_1,0.606,0.833,0.852,0.727,0.138,0.289,0.329,1.0,0.798,0.741,0.339,0.201,0.205,0.754,0.568,0.711
23,A2_2,0.729,0.886,0.835,0.83,0.139,0.164,0.261,0.798,1.0,0.667,0.181,0.035,0.141,0.662,0.561,0.629
23,A2_3,0.408,0.661,0.776,0.734,0.558,0.653,0.663,0.741,0.667,1.0,0.672,0.578,0.593,0.59,0.501,0.66
23,B2_1,-0.02,0.157,0.303,0.301,0.856,0.933,0.858,0.339,0.181,0.672,1.0,0.892,0.896,0.096,0.128,0.303
23,B2_2,-0.15,0.08,0.169,0.215,0.88,0.907,0.841,0.201,0.035,0.578,0.892,1.0,0.917,0.053,0.129,0.322
23,B2_3,0.007,0.101,0.235,0.333,0.914,0.899,0.899,0.205,0.141,0.593,0.896,0.917,1.0,0.065,0.129,0.258
23,y1,0.369,0.756,0.786,0.6,-0.074,0.01,0.07,0.754,0.662,0.59,0.096,0.053,0.065,1.0,0.847,0.813
23,y2,0.254,0.69,0.607,0.493,-0.027,0.038,0.096,0.568,0.561,0.501,0.128,0.129,0.129,0.847,1.0,0.81
23,y3,0.201,0.744,0.746,0.584,0.156,0.245,0.24,0.711,0.629,0.66,0.303,0.322,0.258,0.813,0.81,1.0
24,.,1.0,0.638,0.539,0.695,0.013,-0.037,0.121,0.59,0.713,0.392,-0.08,-0.198,-0.051,0.336,0.218,0.168
24,A1_1,0.638,1.0,0.829,0.782,0.018,0.081,0.158,0.84,0.891,0.671,0.091,0.021,0.036,0.758,0.687,0.744
24,A1_2,0.539,0.829,1.0,0.831,0.162,0.209,0.304,0.859,0.841,0.784,0.239,0.115,0.17,0.785,0.607,0.746
24,A1_3,0.695,0.782,0.831,1.0,0.283,0.27,0.39,0.738,0.836,0.737,0.242,0.161,0.267,0.596,0.483,0.574
24,B1_1,0.013,0.018,0.162,0.283,1.0,0.919,0.913,0.084,0.078,0.499,0.866,0.887,0.919,-0.133,-0.084,0.08
24,B1_2,-0.037,0.081,0.209,0.27,0.919,1.0,0.915,0.231,0.107,0.597,0.937,0.912,0.905,-0.05,-0.017,0.17
24,B1_3,0.121,0.158,0.304,0.39,0.913,0.915,1.0,0.263,0.191,0.606,0.87,0.855,0.908,-0.002,0.025,0.158
24,A2_1,0.59,0.84,0.859,0.738,0.084,0.231,0.263,1.0,0.808,0.75,0.275,0.145,0.146,0.75,0.566,0.707
24,A2_2,0.713,0.891,0.841,0.836,0.078,0.107,0.191,0.808,1.0,0.678,0.12,-0.017,0.078,0.661,0.553,0.626
24,A2_3,0.392,0.671,0.784,0.737,0.499,0.597,0.606,0.75,0.678,1.0,0.615,0.524,0.533,0.594,0.502,0.652
24,B2_1,-0.08,0.091,0.239,0.242,0.866,0.937,0.87,0.275,0.12,0.615,1.0,0.901,0.905,0.033,0.07,0.228
24,B2_2,-0.198,0.021,0.115,0.161,0.887,0.912,0.855,0.145,-0.017,0.524,0.901,1.0,0.924,0.002,0.082,0.253
24,B2_3,-0.051,0.036,0.17,0.267,0.919,0.905,0.908,0.146,0.078,0.533,0.905,0.924,1.0,0.004,0.069,0.183
24,y1,0.336,0.758,0.785,0.596,-0.133,-0.05,-0.002,0.75,0.661,0.594,0.033,0.002,0.004,1.0,0.86,0.832
24,y2,0.218,0.687,0.607,0.483,-0.084,-0.017,0.025,0.566,0.553,0.502,0.07,0.082,0.069,0.86,1.0,0.83
24,y3,0.168,0.744,0.746,0.574,0.08,0.17,0.158,0.707,0.626,0.652,0.228,0.253,0.183,0.832,0.83,1.0
25,.,1.0,0.619,0.514,0.68,-0.034,-0.083,0.059,0.573,0.696,0.381,-0.132,-0.241,-0.102,0.301,0.181,0.137
25,A1_1,0.619,1.0,0.837,0.792,-0.038,0.027,0.09,0.848,0.897,0.692,0.033,-0.03,-0.021,0.761,0.685,0.745
25,A1_2,0.514,0.837,1.0,0.835,0.101,0.152,0.235,0.867,0.849,0.8,0.179,0.065,0.11,0.786,0.61,0.748
25,A1_3,0.68,0.792,0.835,1.0,0.219,0.213,0.32,0.75,0.844,0.746,0.184,0.107,0.202,0.596,0.477,0.569
25,B1_1,-0.034,-0.038,0.101,0.219,1.0,0.923,0.92,0.034,0.023,0.43,0.875,0.894,0.924,-0.181,-0.131,0.013
25,B1_2,-0.083,0.027,0.152,0.213,0.923,1.0,0.922,0.178,0.055,0.53,0.941,0.917,0.91,-0.099,-0.063,0.103
25,B1_3,0.059,0.09,0.235,0.32,0.92,0.922,1.0,0.202,0.127,0.538,0.881,0.866,0.916,-0.063,-0.034,0.085
25,A2_1,0.573,0.848,0.867,0.75,0.034,0.178,0.202,1.0,0.818,0.766,0.216,0.094,0.092,0.746,0.565,0.705
25,A2_2,0.696,0.897,0.849,0.844,0.023,0.055,0.127,0.818,1.0,0.697,0.064,-0.063,0.021,0.661,0.548,0.626
25,A2_3,0.381,0.692,0.8,0.746,0.43,0.53,0.538,0.766,0.697,1.0,0.548,0.46,0.464,0.611,0.514,0.654
25,B2_1,-0.132,0.033,0.179,0.184,0.875,0.941,0.881,0.216,0.064,0.548,1.0,0.909,0.912,-0.018,0.023,0.163
25,B2_2,-0.241,-0.03,0.065,0.107,0.894,0.917,0.866,0.094,-0.063,0.46,0.909,1.0,0.93,-0.039,0.044,0.192
25,B2_3,-0.102,-0.021,0.11,0.202,0.924,0.91,0.916,0.092,0.021,0.464,0.912,0.93,1.0,-0.047,0.019,0.117
25,y1,0.301,0.761,0.786,0.596,-0.181,-0.099,-0.063,0.746,0.661,0.611,-0.018,-0.039,-0.047,1.0,0.873,0.851
25,y2,0.181,0.685,0.61,0.477,-0.131,-0.063,-0.034,0.565,0.548,0.514,0.023,0.044,0.019,0.873,1.0,0.849
25,y3,0.137,0.745,0.748,0.569,0.013,0.103,0.085,0.705,0.626,0.654,0.163,0.192,0.117,0.851,0.849,1.0
26,.,1.0,0.596,0.487,0.662,-0.075,-0.124,0.005,0.553,0.675,0.368,-0.178,-0.278,-0.147,0.261,0.141,0.104
