,,.,A1_1,A1_2,A1_3,B1_1,B1_2,B1_3,A2_1,A2_2,A2_3,B2_1,B2_2,B2_3,y1,y2,y3
0,.,1.0,0.166,0.264,0.066,-0.16,0.144,0.295,0.033,-0.03,0.018,0.195,-0.036,-0.061,-0.396,0.207,-0.136
0,A1_1,0.166,1.0,-0.016,-0.131,0.01,0.041,-0.202,-0.109,-0.025,0.139,-0.044,-0.259,-0.409,-0.101,0.173,0.116
0,A1_2,0.264,-0.016,1.0,-0.276,-0.087,-0.362,0.216,-0.119,-0.08,-0.098,-0.202,0.067,-0.027,-0.244,-0.059,-0.241
0,A1_3,0.066,-0.131,-0.276,1.0,0.27,0.343,0.039,-0.069,-0.155,-0.078,-0.127,0.056,-0.07,-0.022,0.002,0.095
0,B1_1,-0.16,0.01,-0.087,0.27,1.0,0.023,-0.038,0.051,0.018,-0.242,-0.037,-0.255,0.122,-0.128,0.03,-0.122
0,B1_2,0.144,0.041,-0.362,0.343,0.023,1.0,0.164,0.096,-0.082,0.074,-0.182,-0.026,-0.118,0.168,0.035,0.168
0,B1_3,0.295,-0.202,0.216,0.039,-0.038,0.164,1.0,0.106,-0.239,-0.051,-0.245,0.213,0.099,-0.279,-0.143,0.14
0,A2_1,0.033,-0.109,-0.119,-0.069,0.051,0.096,0.106,1.0,0.339,0.102,0.023,-0.272,0.127,-0.023,0.405,-0.129
0,A2_2,-0.03,-0.025,-0.08,-0.155,0.018,-0.082,-0.239,0.339,1.0,-0.138,0.138,-0.422,0.042,0.224,0.228,-0.416
0,A2_3,0.018,0.139,-0.098,-0.078,-0.242,0.074,-0.051,0.102,-0.138,1.0,-0.117,-0.034,0.108,-0.094,0.22,0.103
0,B2_1,0.195,-0.044,-0.202,-0.127,-0.037,-0.182,-0.245,0.023,0.138,-0.117,1.0,-0.106,0.3,0.159,0.037,-0.131
0,B2_2,-0.036,-0.259,0.067,0.056,-0.255,-0.026,0.213,-0.272,-0.422,-0.034,-0.106,1.0,-0.022,0.036,-0.123,0.117
0,B2_3,-0.061,-0.409,-0.027,-0.07,0.122,-0.118,0.099,0.127,0.042,0.108,0.3,-0.022,1.0,-0.099,0.2,-0.25
0,y1,-0.396,-0.101,-0.244,-0.022,-0.128,0.168,-0.279,-0.023,0.224,-0.094,0.159,0.036,-0.099,1.0,-0.179,0.056
0,y2,0.207,0.173,-0.059,0.002,0.03,0.035,-0.143,0.405,0.228,0.22,0.037,-0.123,0.2,-0.179,1.0,-0.162
0,y3,-0.136,0.116,-0.241,0.095,-0.122,0.168,0.14,-0.129,-0.416,0.103,-0.131,0.117,-0.25,0.056,-0.162,1.0
1,.,1.0,0.168,0.265,0.062,-0.167,0.144,0.297,0.022,-0.038,0.023,0.189,-0.036,-0.064,-0.39,0.199,-0.128
1,A1_1,0.168,1.0,-0.017,-0.134,0.005,0.036,-0.206,-0.107,-0.022,0.143,-0.046,-0.261,-0.408,-0.098,0.176,0.117
1,A1_2,0.265,-0.017,1.0,-0.278,-0.089,-0.366,0.214,-0.118,-0.078,-0.097,-0.204,0.063,-0.027,-0.243,-0.057,-0.238
1,A1_3,0.062,-0.134,-0.278,1.0,0.268,0.341,0.036,-0.068,-0.156,-0.08,-0.128,0.057,-0.069,-0.02,0.005,0.094
1,B1_1,-0.167,0.005,-0.089,0.268,1.0,0.021,-0.038,0.053,0.02,-0.241,-0.038,-0.254,0.126,-0.127,0.036,-0.124
1,B1_2,0.144,0.036,-0.366,0.341,0.021,1.0,0.164,0.098,-0.08,0.077,-0.185,-0.026,-0.113,0.169,0.04,0.166
1,B1_3,0.297,-0.206,0.214,0.036,-0.038,0.164,1.0,0.113,-0.234,-0.048,-0.244,0.213,0.106,-0.28,-0.136,0.135
1,A2_1,0.022,-0.107,-0.118,-0.068,0.053,0.098,0.113,1.0,0.338,0.105,0.026,-0.268,0.131,-0.022,0.404,-0.128
1,A2_2,-0.038,-0.022,-0.078,-0.156,0.02,-0.08,-0.234,0.338,1.0,-0.135,0.141,-0.42,0.043,0.224,0.226,-0.416
1,A2_3,0.023,0.143,-0.097,-0.08,-0.241,0.077,-0.048,0.105,-0.135,1.0,-0.115,-0.031,0.11,-0.098,0.218,0.098
1,B2_1,0.189,-0.046,-0.204,-0.128,-0.038,-0.185,-0.244,0.026,0.141,-0.115,1.0,-0.106,0.303,0.164,0.042,-0.128
1,B2_2,-0.036,-0.261,0.063,0.057,-0.254,-0.026,0.213,-0.268,-0.42,-0.031,-0.106,1.0,-0.015,0.035,-0.113,0.116
1,B2_3,-0.064,-0.408,-0.027,-0.069,0.126,-0.113,0.106,0.131,0.043,0.11,0.303,-0.015,1.0,-0.102,0.196,-0.252
1,y1,-0.39,-0.098,-0.243,-0.02,-0.127,0.169,-0.28,-0.022,0.224,-0.098,0.164,0.035,-0.102,1.0,-0.178,0.058
1,y2,0.199,0.176,-0.057,0.005,0.036,0.04,-0.136,0.404,0.226,0.218,0.042,-0.113,0.196,-0.178,1.0,-0.161
1,y3,-0.128,0.117,-0.238,0.094,-0.124,0.166,0.135,-0.128,-0.416,0.098,-0.128,0.116,-0.252,0.058,-0.161,1.0
2,.,1.0,0.167,0.263,0.066,-0.166,0.156,0.302,0.006,-0.052,0.025,0.18,-0.037,-0.071,-0.388,0.179,-0.12
2,A1_1,0.167,1.0,-0.018,-0.137,0.002,0.031,-0.21,-0.103,-0.019,0.144,-0.049,-0.263,-0.407,-0.094,0.177,0.115
2,A1_2,0.263,-0.018,1.0,-0.278,-0.09,-0.369,0.212,-0.116,-0.078,-0.097,-0.204,0.061,-0.027,-0.241,-0.059,-0.236
2,A1_3,0.066,-0.137,-0.278,1.0,0.268,0.339,0.036,-0.07,-0.155,-0.084,-0.128,0.057,-0.07,-0.018,0.01,0.093
2,B1_1,-0.166,0.002,-0.09,0.268,1.0,0.018,-0.038,0.054,0.022,-0.239,-0.039,-0.253,0.132,-0.127,0.041,-0.124
2,B1_2,0.156,0.031,-0.369,0.339,0.018,1.0,0.161,0.103,-0.078,0.076,-0.185,-0.027,-0.108,0.17,0.048,0.165
2,B1_3,0.302,-0.21,0.212,0.036,-0.038,0.161,1.0,0.118,-0.229,-0.049,-0.243,0.214,0.111,-0.285,-0.134,0.131
2,A2_1,0.006,-0.103,-0.116,-0.07,0.054,0.103,0.118,1.0,0.34,0.108,0.03,-0.268,0.131,-0.022,0.405,-0.128
2,A2_2,-0.052,-0.019,-0.078,-0.155,0.022,-0.078,-0.229,0.34,1.0,-0.13,0.144,-0.419,0.045,0.224,0.225,-0.417
2,A2_3,0.025,0.144,-0.097,-0.084,-0.239,0.076,-0.049,0.108,-0.13,1.0,-0.111,-0.033,0.111,-0.102,0.217,0.089
2,B2_1,0.18,-0.049,-0.204,-0.128,-0.039,-0.185,-0.243,0.03,0.144,-0.111,1.0,-0.106,0.308,0.168,0.047,-0.128
2,B2_2,-0.037,-0.263,0.061,0.057,-0.253,-0.027,0.214,-0.268,-0.419,-0.033,-0.106,1.0,-0.012,0.034,-0.109,0.115
2,B2_3,-0.071,-0.407,-0.027,-0.07,0.132,-0.108,0.111,0.131,0.045,0.111,0.308,-0.012,1.0,-0.106,0.195,-0.258
2,y1,-0.388,-0.094,-0.241,-0.018,-0.127,0.17,-0.285,-0.022,0.224,-0.102,0.168,0.034,-0.106,1.0,-0.173,0.06
2,y2,0.179,0.177,-0.059,0.01,0.041,0.048,-0.134,0.405,0.225,0.217,0.047,-0.109,0.195,-0.173,1.0,-0.158
2,y3,-0.12,0.115,-0.236,0.093,-0.124,0.165,0.131,-0.128,-0.417,0.089,-0.128,0.115,-0.258,0.06,-0.158,1.0
3,.,1.0,0.168,0.26,0.07,-0.173,0.161,0.302,-0.011,-0.063,0.029,0.175,-0.039,-0.078,-0.384,0.166,-0.11
3,A1_1,0.168,1.0,-0.018,-0.139,-0.002,0.025,-0.212,-0.1,-0.016,0.146,-0.052,-0.265,-0.407,-0.093,0.178,0.115
3,A1_2,0.26,-0.018,1.0,-0.278,-0.091,-0.373,0.211,-0.114,-0.077,-0.095,-0.205,0.058,-0.026,-0.239,-0.057,-0.233
3,A1_3,0.07,-0.139,-0.278,1.0,0.266,0.34,0.035,-0.07,-0.152,-0.088,-0.128,0.057,-0.071,-0.016,0.013,0.092
3,B1_1,-0.173,-0.002,-0.091,0.266,1.0,0.016,-0.037,0.058,0.023,-0.238,-0.038,-0.252,0.138,-0.127,0.044,-0.122
3,B1_2,0.161,0.025,-0.373,0.34,0.016,1.0,0.162,0.106,-0.075,0.076,-0.186,-0.027,-0.101,0.172,0.053,0.164
3,B1_3,0.302,-0.212,0.211,0.035,-0.037,0.162,1.0,0.119,-0.227,-0.05,-0.241,0.213,0.115,-0.285,-0.134,0.128
3,A2_1,-0.011,-0.1,-0.114,-0.07,0.058,0.106,0.119,1.0,0.341,0.107,0.033,-0.268,0.133,-0.022,0.406,-0.13
3,A2_2,-0.063,-0.016,-0.077,-0.152,0.023,-0.075,-0.227,0.341,1.0,-0.128,0.145,-0.416,0.045,0.225,0.224,-0.418
3,A2_3,0.029,0.146,-0.095,-0.088,-0.238,0.076,-0.05,0.107,-0.128,1.0,-0.109,-0.032,0.11,-0.106,0.218,0.081
3,B2_1,0.175,-0.052,-0.205,-0.128,-0.038,-0.186,-0.241,0.033,0.145,-0.109,1.0,-0.104,0.312,0.168,0.05,-0.127
3,B2_2,-0.039,-0.265,0.058,0.057,-0.252,-0.027,0.213,-0.268,-0.416,-0.032,-0.104,1.0,-0.008,0.033,-0.105,0.114
3,B2_3,-0.078,-0.407,-0.026,-0.071,0.138,-0.101,0.115,0.133,0.045,0.11,0.312,-0.008,1.0,-0.11,0.192,-0.264
3,y1,-0.384,-0.093,-0.239,-0.016,-0.127,0.172,-0.285,-0.022,0.225,-0.106,0.168,0.033,-0.11,1.0,-0.171,0.06
3,y2,0.166,0.178,-0.057,0.013,0.044,0.053,-0.134,0.406,0.224,0.218,0.05,-0.105,0.192,-0.171,1.0,-0.157
3,y3,-0.11,0.115,-0.233,0.092,-0.122,0.164,0.128,-0.13,-0.418,0.081,-0.127,0.114,-0.264,0.06,-0.157,1.0
4,.,1.0,0.171,0.26,0.068,-0.175,0.164,0.301,-0.025,-0.073,0.034,0.167,-0.04,-0.086,-0.383,0.152,-0.1
4,A1_1,0.171,1.0,-0.017,-0.14,-0.004,0.021,-0.215,-0.098,-0.013,0.147,-0.055,-0.266,-0.406,-0.092,0.179,0.114
4,A1_2,0.26,-0.017,1.0,-0.279,-0.093,-0.375,0.209,-0.113,-0.075,-0.093,-0.205,0.056,-0.027,-0.239,-0.054,-0.232
4,A1_3,0.068,-0.14,-0.279,1.0,0.265,0.338,0.035,-0.068,-0.152,-0.089,-0.128,0.056,-0.069,-0.016,0.017,0.09
4,B1_1,-0.175,-0.004,-0.093,0.265,1.0,0.016,-0.035,0.06,0.023,-0.238,-0.035,-0.251,0.141,-0.127,0.049,-0.122
4,B1_2,0.164,0.021,-0.375,0.338,0.016,1.0,0.162,0.11,-0.073,0.077,-0.187,-0.026,-0.096,0.173,0.056,0.163
4,B1_3,0.301,-0.215,0.209,0.035,-0.035,0.162,1.0,0.121,-0.227,-0.049,-0.239,0.215,0.119,-0.287,-0.135,0.125
4,A2_1,-0.025,-0.098,-0.113,-0.068,0.06,0.11,0.121,1.0,0.341,0.109,0.035,-0.266,0.133,-0.022,0.406,-0.132
4,A2_2,-0.073,-0.013,-0.075,-0.152,0.023,-0.073,-0.227,0.341,1.0,-0.127,0.145,-0.416,0.045,0.225,0.223,-0.419
4,A2_3,0.034,0.147,-0.093,-0.089,-0.238,0.077,-0.049,0.109,-0.127,1.0,-0.109,-0.032,0.11,-0.112,0.213,0.077
4,B2_1,0.167,-0.055,-0.205,-0.128,-0.035,-0.187,-0.239,0.035,0.145,-0.109,1.0,-0.101,0.317,0.169,0.053,-0.127
4,B2_2,-0.04,-0.266,0.056,0.056,-0.251,-0.026,0.215,-0.266,-0.416,-0.032,-0.101,1.0,-0.004,0.032,-0.103,0.112
4,B2_3,-0.086,-0.406,-0.027,-0.069,0.141,-0.096,0.119,0.133,0.045,0.11,0.317,-0.004,1.0,-0.113,0.188,-0.268
4,y1,-0.383,-0.092,-0.239,-0.016,-0.127,0.173,-0.287,-0.022,0.225,-0.112,0.169,0.032,-0.113,1.0,-0.166,0.066
4,y2,0.152,0.179,-0.054,0.017,0.049,0.056,-0.135,0.406,0.223,0.213,0.053,-0.103,0.188,-0.166,1.0,-0.157
4,y3,-0.1,0.114,-0.232,0.09,-0.122,0.163,0.125,-0.132,-0.419,0.077,-0.127,0.112,-0.268,0.066,-0.157,1.0
5,.,1.0,0.172,0.258,0.069,-0.178,0.165,0.302,-0.033,-0.081,0.041,0.162,-0.042,-0.089,-0.379,0.144,-0.096
5,A1_1,0.172,1.0,-0.014,-0.14,-0.008,0.017,-0.217,-0.097,-0.011,0.149,-0.059,-0.267,-0.407,-0.092,0.18,0.11
5,A1_2,0.258,-0.014,1.0,-0.28,-0.095,-0.379,0.208,-0.111,-0.074,-0.089,-0.206,0.054,-0.027,-0.24,-0.053,-0.231
5,A1_3,0.069,-0.14,-0.28,1.0,0.264,0.336,0.034,-0.069,-0.152,-0.089,-0.128,0.057,-0.068,-0.015,0.02,0.088
5,B1_1,-0.178,-0.008,-0.095,0.264,1.0,0.016,-0.034,0.06,0.023,-0.24,-0.034,-0.249,0.145,-0.125,0.051,-0.119
5,B1_2,0.165,0.017,-0.379,0.336,0.016,1.0,0.162,0.112,-0.072,0.076,-0.186,-0.025,-0.09,0.176,0.059,0.163
5,B1_3,0.302,-0.217,0.208,0.034,-0.034,0.162,1.0,0.122,-0.226,-0.05,-0.238,0.215,0.123,-0.285,-0.134,0.123
5,A2_1,-0.033,-0.097,-0.111,-0.069,0.06,0.112,0.122,1.0,0.342,0.109,0.036,-0.265,0.133,-0.025,0.407,-0.133
5,A2_2,-0.081,-0.011,-0.074,-0.152,0.023,-0.072,-0.226,0.342,1.0,-0.126,0.145,-0.416,0.044,0.225,0.221,-0.42
5,A2_3,0.041,0.149,-0.089,-0.089,-0.24,0.076,-0.05,0.109,-0.126,1.0,-0.109,-0.033,0.108,-0.117,0.212,0.071
5,B2_1,0.162,-0.059,-0.206,-0.128,-0.034,-0.186,-0.238,0.036,0.145,-0.109,1.0,-0.1,0.32,0.17,0.056,-0.127
5,B2_2,-0.042,-0.267,0.054,0.057,-0.249,-0.025,0.215,-0.265,-0.416,-0.033,-0.1,1.0,-0.001,0.032,-0.102,0.112
5,B2_3,-0.089,-0.407,-0.027,-0.068,0.145,-0.09,0.123,0.133,0.044,0.108,0.32,-0.001,1.0,-0.118,0.186,-0.271
5,y1,-0.379,-0.092,-0.24,-0.015,-0.125,0.176,-0.285,-0.025,0.225,-0.117,0.17,0.032,-0.118,1.0,-0.165,0.068
5,y2,0.144,0.18,-0.053,0.02,0.051,0.059,-0.134,0.407,0.221,0.212,0.056,-0.102,0.186,-0.165,1.0,-0.154
5,y3,-0.096,0.11,-0.231,0.088,-0.119,0.163,0.123,-0.133,-0.42,0.071,-0.127,0.112,-0.271,0.068,-0.154,1.0
6,.,1.0,0.17,0.254,0.07,-0.178,0.169,0.302,-0.043,-0.089,0.045,0.154,-0.044,-0.094,-0.376,0.133,-0.09
6,A1_1,0.17,1.0,-0.013,-0.14,-0.01,0.013,-0.22,-0.096,-0.008,0.152,-0.061,-0.269,-0.406,-0.09,0.18,0.108
6,A1_2,0.254,-0.013,1.0,-0.279,-0.096,-0.383,0.207,-0.108,-0.073,-0.086,-0.207,0.051,-0.027,-0.239,-0.052,-0.231
6,A1_3,0.07,-0.14,-0.279,1.0,0.264,0.336,0.034,-0.07,-0.151,-0.09,-0.13,0.056,-0.069,-0.015,0.023,0.087
6,B1_1,-0.178,-0.01,-0.096,0.264,1.0,0.015,-0.034,0.062,0.024,-0.24,-0.032,-0.247,0.15,-0.127,0.056,-0.119
6,B1_2,0.169,0.013,-0.383,0.336,0.015,1.0,0.161,0.115,-0.071,0.076,-0.185,-0.024,-0.085,0.176,0.064,0.162
6,B1_3,0.302,-0.22,0.207,0.034,-0.034,0.161,1.0,0.124,-0.226,-0.049,-0.236,0.216,0.126,-0.289,-0.133,0.12
6,A2_1,-0.043,-0.096,-0.108,-0.07,0.062,0.115,0.124,1.0,0.343,0.109,0.038,-0.264,0.132,-0.028,0.407,-0.132
6,A2_2,-0.089,-0.008,-0.073,-0.151,0.024,-0.071,-0.226,0.343,1.0,-0.125,0.145,-0.415,0.045,0.224,0.218,-0.419
6,A2_3,0.045,0.152,-0.086,-0.09,-0.24,0.076,-0.049,0.109,-0.125,1.0,-0.107,-0.032,0.106,-0.121,0.209,0.067
6,B2_1,0.154,-0.061,-0.207,-0.13,-0.032,-0.185,-0.236,0.038,0.145,-0.107,1.0,-0.099,0.323,0.168,0.058,-0.125
6,B2_2,-0.044,-0.269,0.051,0.056,-0.247,-0.024,0.216,-0.264,-0.415,-0.032,-0.099,1.0,0.001,0.032,-0.099,0.11
6,B2_3,-0.094,-0.406,-0.027,-0.069,0.15,-0.085,0.126,0.132,0.045,0.106,0.323,0.001,1.0,-0.124,0.184,-0.273
6,y1,-0.376,-0.09,-0.239,-0.015,-0.127,0.176,-0.289,-0.028,0.224,-0.121,0.168,0.032,-0.124,1.0,-0.163,0.072
6,y2,0.133,0.18,-0.052,0.023,0.056,0.064,-0.133,0.407,0.218,0.209,0.058,-0.099,0.184,-0.163,1.0,-0.152
6,y3,-0.09,0.108,-0.231,0.087,-0.119,0.162,0.12,-0.132,-0.419,0.067,-0.125,0.11,-0.273,0.072,-0.152,1.0
7,.,1.0,0.168,0.255,0.069,-0.181,0.17,0.302,-0.05,-0.099,0.05,0.144,-0.049,-0.097,-0.373,0.124,-0.085
7,A1_1,0.168,1.0,-0.012,-0.141,-0.014,0.008,-0.222,-0.092,-0.006,0.154,-0.063,-0.27,-0.406,-0.092,0.182,0.107
7,A1_2,0.255,-0.012,1.0,-0.278,-0.097,-0.386,0.205,-0.105,-0.072,-0.085,-0.21,0.049,-0.028,-0.239,-0.051,-0.231
7,A1_3,0.069,-0.141,-0.278,1.0,0.264,0.336,0.033,-0.071,-0.151,-0.091,-0.131,0.055,-0.068,-0.014,0.026,0.084
7,B1_1,-0.181,-0.014,-0.097,0.264,1.0,0.015,-0.033,0.063,0.025,-0.239,-0.03,-0.246,0.155,-0.126,0.06,-0.12
7,B1_2,0.17,0.008,-0.386,0.336,0.015,1.0,0.161,0.117,-0.07,0.075,-0.183,-0.024,-0.079,0.177,0.068,0.161
7,B1_3,0.302,-0.222,0.205,0.033,-0.033,0.161,1.0,0.124,-0.225,-0.05,-0.235,0.218,0.13,-0.288,-0.132,0.118
7,A2_1,-0.05,-0.092,-0.105,-0.071,0.063,0.117,0.124,1.0,0.344,0.11,0.039,-0.264,0.129,-0.028,0.407,-0.134
7,A2_2,-0.099,-0.006,-0.072,-0.151,0.025,-0.07,-0.225,0.344,1.0,-0.123,0.145,-0.415,0.044,0.224,0.217,-0.419
7,A2_3,0.05,0.154,-0.085,-0.091,-0.239,0.075,-0.05,0.11,-0.123,1.0,-0.106,-0.032,0.107,-0.125,0.207,0.063
7,B2_1,0.144,-0.063,-0.21,-0.131,-0.03,-0.183,-0.235,0.039,0.145,-0.106,1.0,-0.098,0.326,0.169,0.062,-0.125
7,B2_2,-0.049,-0.27,0.049,0.055,-0.246,-0.024,0.218,-0.264,-0.415,-0.032,-0.098,1.0,0.005,0.031,-0.099,0.108
7,B2_3,-0.097,-0.406,-0.028,-0.068,0.155,-0.079,0.13,0.129,0.044,0.107,0.326,0.005,1.0,-0.127,0.181,-0.277
7,y1,-0.373,-0.092,-0.239,-0.014,-0.126,0.177,-0.288,-0.028,0.224,-0.125,0.169,0.031,-0.127,1.0,-0.161,0.076
7,y2,0.124,0.182,-0.051,0.026,0.06,0.068,-0.132,0.407,0.217,0.207,0.062,-0.099,0.181,-0.161,1.0,-0.149
7,y3,-0.085,0.107,-0.231,0.084,-0.12,0.161,0.118,-0.134,-0.419,0.063,-0.125,0.108,-0.277,0.076,-0.149,1.0
8,.,1.0,0.165,0.251,0.07,-0.183,0.175,0.3,-0.057,-0.107,0.058,0.135,-0.053,-0.099,-0.369,0.115,-0.081
8,A1_1,0.165,1.0,-0.01,-0.14,-0.016,0.004,-0.224,-0.09,-0.002,0.156,-0.064,-0.271,-0.405,-0.091,0.184,0.103
8,A1_2,0.251,-0.01,1.0,-0.277,-0.099,-0.389,0.202,-0.103,-0.069,-0.082,-0.21,0.047,-0.028,-0.237,-0.049,-0.231
8,A1_3,0.07,-0.14,-0.277,1.0,0.263,0.335,0.032,-0.072,-0.15,-0.092,-0.131,0.054,-0.069,-0.014,0.028,0.082
8,B1_1,-0.183,-0.016,-0.099,0.263,1.0,0.015,-0.032,0.062,0.025,-0.24,-0.028,-0.244,0.158,-0.126,0.063,-0.121
8,B1_2,0.175,0.004,-0.389,0.335,0.015,1.0,0.161,0.118,-0.071,0.075,-0.183,-0.023,-0.075,0.178,0.072,0.161
8,B1_3,0.3,-0.224,0.202,0.032,-0.032,0.161,1.0,0.126,-0.225,-0.049,-0.234,0.219,0.134,-0.288,-0.129,0.117
8,A2_1,-0.057,-0.09,-0.103,-0.072,0.062,0.118,0.126,1.0,0.346,0.11,0.04,-0.263,0.128,-0.029,0.407,-0.134
8,A2_2,-0.107,-0.002,-0.069,-0.15,0.025,-0.071,-0.225,0.346,1.0,-0.119,0.144,-0.415,0.043,0.223,0.216,-0.418
8,A2_3,0.058,0.156,-0.082,-0.092,-0.24,0.075,-0.049,0.11,-0.119,1.0,-0.105,-0.032,0.105,-0.129,0.206,0.058
8,B2_1,0.135,-0.064,-0.21,-0.131,-0.028,-0.183,-0.234,0.04,0.144,-0.105,1.0,-0.098,0.328,0.17,0.064,-0.124
8,B2_2,-0.053,-0.271,0.047,0.054,-0.244,-0.023,0.219,-0.263,-0.415,-0.032,-0.098,1.0,0.008,0.031,-0.097,0.107
8,B2_3,-0.099,-0.405,-0.028,-0.069,0.158,-0.075,0.134,0.128,0.043,0.105,0.328,0.008,1.0,-0.132,0.177,-0.277
8,y1,-0.369,-0.091,-0.237,-0.014,-0.126,0.178,-0.288,-0.029,0.223,-0.129,0.17,0.031,-0.132,1.0,-0.156,0.078
8,y2,0.115,0.184,-0.049,0.028,0.063,0.072,-0.129,0.407,0.216,0.206,0.064,-0.097,0.177,-0.156,1.0,-0.147
8,y3,-0.081,0.103,-0.231,0.082,-0.121,0.161,0.117,-0.134,-0.418,0.058,-0.124,0.107,-0.277,0.078,-0.147,1.0
9,.,1.0,0.163,0.249,0.07,-0.189,0.179,0.299,-0.069,-0.115,0.063,0.129,-0.057,-0.1,-0.366,0.103,-0.076
9,A1_1,0.163,1.0,-0.007,-0.14,-0.019,0.001,-0.225,-0.087,0.0,0.157,-0.065,-0.272,-0.405,-0.091,0.183,0.102
9,A1_2,0.249,-0.007,1.0,-0.277,-0.102,-0.392,0.201,-0.101,-0.068,-0.08,-0.21,0.044,-0.03,-0.238,-0.048,-0.231
9,A1_3,0.07,-0.14,-0.277,1.0,0.263,0.334,0.03,-0.074,-0.149,-0.092,-0.132,0.054,-0.068,-0.015,0.028,0.08
9,B1_1,-0.189,-0.019,-0.102,0.263,1.0,0.015,-0.031,0.064,0.028,-0.238,-0.025,-0.242,0.164,-0.126,0.063,-0.121
9,B1_2,0.179,0.001,-0.392,0.334,0.015,1.0,0.161,0.118,-0.072,0.074,-0.182,-0.022,-0.07,0.177,0.074,0.162
9,B1_3,0.299,-0.225,0.201,0.03,-0.031,0.161,1.0,0.125,-0.225,-0.049,-0.232,0.22,0.136,-0.289,-0.127,0.116
9,A2_1,-0.069,-0.087,-0.101,-0.074,0.064,0.118,0.125,1.0,0.349,0.111,0.04,-0.262,0.127,-0.028,0.408,-0.139
9,A2_2,-0.115,0.0,-0.068,-0.149,0.028,-0.072,-0.225,0.349,1.0,-0.117,0.143,-0.415,0.042,0.222,0.214,-0.419
9,A2_3,0.063,0.157,-0.08,-0.092,-0.238,0.074,-0.049,0.111,-0.117,1.0,-0.106,-0.031,0.105,-0.131,0.204,0.052
9,B2_1,0.129,-0.065,-0.21,-0.132,-0.025,-0.182,-0.232,0.04,0.143,-0.106,1.0,-0.097,0.33,0.171,0.067,-0.123
9,B2_2,-0.057,-0.272,0.044,0.054,-0.242,-0.022,0.22,-0.262,-0.415,-0.031,-0.097,1.0,0.013,0.029,-0.095,0.107
9,B2_3,-0.1,-0.405,-0.03,-0.068,0.164,-0.07,0.136,0.127,0.042,0.105,0.33,0.013,1.0,-0.134,0.174,-0.281
9,y1,-0.366,-0.091,-0.238,-0.015,-0.126,0.177,-0.289,-0.028,0.222,-0.131,0.171,0.029,-0.134,1.0,-0.153,0.082
9,y2,0.103,0.183,-0.048,0.028,0.063,0.074,-0.127,0.408,0.214,0.204,0.067,-0.095,0.174,-0.153,1.0,-0.144
9,y3,-0.076,0.102,-0.231,0.08,-0.121,0.162,0.116,-0.139,-0.419,0.052,-0.123,0.107,-0.281,0.082,-0.144,1.0
10,.,1.0,0.16,0.245,0.073,-0.19,0.187,0.296,-0.073,-0.117,0.069,0.123,-0.064,-0.099,-0.364,0.095,-0.074
10,A1_1,0.16,1.0,-0.006,-0.139,-0.021,-0.002,-0.227,-0.086,0.003,0.159,-0.067,-0.273,-0.407,-0.09,0.184,0.101
10,A1_2,0.245,-0.006,1.0,-0.276,-0.104,-0.394,0.199,-0.1,-0.066,-0.079,-0.211,0.043,-0.031,-0.237,-0.047,-0.231
10,A1_3,0.073,-0.139,-0.276,1.0,0.262,0.333,0.03,-0.074,-0.147,-0.092,-0.133,0.053,-0.07,-0.016,0.03,0.077
10,B1_1,-0.19,-0.021,-0.104,0.262,1.0,0.015,-0.029,0.064,0.027,-0.237,-0.024,-0.24,0.168,-0.127,0.066,-0.12
10,B1_2,0.187,-0.002,-0.394,0.333,0.015,1.0,0.162,0.12,-0.072,0.074,-0.181,-0.022,-0.066,0.176,0.078,0.162
10,B1_3,0.296,-0.227,0.199,0.03,-0.029,0.162,1.0,0.125,-0.226,-0.049,-0.231,0.221,0.139,-0.29,-0.126,0.115
10,A2_1,-0.073,-0.086,-0.1,-0.074,0.064,0.12,0.125,1.0,0.349,0.112,0.042,-0.26,0.126,-0.028,0.408,-0.141
10,A2_2,-0.117,0.003,-0.066,-0.147,0.027,-0.072,-0.226,0.349,1.0,-0.115,0.142,-0.414,0.041,0.223,0.214,-0.418
10,A2_3,0.069,0.159,-0.079,-0.092,-0.237,0.074,-0.049,0.112,-0.115,1.0,-0.105,-0.032,0.105,-0.136,0.203,0.047
10,B2_1,0.123,-0.067,-0.211,-0.133,-0.024,-0.181,-0.231,0.042,0.142,-0.105,1.0,-0.096,0.332,0.171,0.071,-0.121
10,B2_2,-0.064,-0.273,0.043,0.053,-0.24,-0.022,0.221,-0.26,-0.414,-0.032,-0.096,1.0,0.016,0.028,-0.092,0.106
10,B2_3,-0.099,-0.407,-0.031,-0.07,0.168,-0.066,0.139,0.126,0.041,0.105,0.332,0.016,1.0,-0.137,0.17,-0.283
10,y1,-0.364,-0.09,-0.237,-0.016,-0.127,0.176,-0.29,-0.028,0.223,-0.136,0.171,0.028,-0.137,1.0,-0.146,0.088
10,y2,0.095,0.184,-0.047,0.03,0.066,0.078,-0.126,0.408,0.214,0.203,0.071,-0.092,0.17,-0.146,1.0,-0.142
10,y3,-0.074,0.101,-0.231,0.077,-0.12,0.162,0.115,-0.141,-0.418,0.047,-0.121,0.106,-0.283,0.088,-0.142,1.0
11,.,1.0,0.158,0.241,0.076,-0.192,0.193,0.293,-0.078,-0.122,0.075,0.115,-0.068,-0.097,-0.363,0.089,-0.074
11,A1_1,0.158,1.0,-0.006,-0.137,-0.022,-0.004,-0.229,-0.083,0.006,0.161,-0.068,-0.273,-0.407,-0.089,0.184,0.099
11,A1_2,0.241,-0.006,1.0,-0.275,-0.105,-0.395,0.196,-0.099,-0.064,-0.078,-0.211,0.042,-0.033,-0.237,-0.046,-0.232
11,A1_3,0.076,-0.137,-0.275,1.0,0.261,0.331,0.028,-0.076,-0.145,-0.093,-0.133,0.051,-0.072,-0.017,0.029,0.075
11,B1_1,-0.192,-0.022,-0.105,0.261,1.0,0.016,-0.027,0.065,0.026,-0.237,-0.023,-0.238,0.17,-0.127,0.067,-0.12
11,B1_2,0.193,-0.004,-0.395,0.331,0.016,1.0,0.163,0.119,-0.074,0.074,-0.18,-0.02,-0.063,0.176,0.079,0.162
11,B1_3,0.293,-0.229,0.196,0.028,-0.027,0.163,1.0,0.125,-0.227,-0.049,-0.23,0.222,0.142,-0.29,-0.124,0.113
11,A2_1,-0.078,-0.083,-0.099,-0.076,0.065,0.119,0.125,1.0,0.353,0.112,0.042,-0.261,0.125,-0.029,0.408,-0.143
11,A2_2,-0.122,0.006,-0.064,-0.145,0.026,-0.074,-0.227,0.353,1.0,-0.113,0.141,-0.415,0.041,0.223,0.212,-0.417
11,A2_3,0.075,0.161,-0.078,-0.093,-0.237,0.074,-0.049,0.112,-0.113,1.0,-0.105,-0.032,0.103,-0.138,0.2,0.044
11,B2_1,0.115,-0.068,-0.211,-0.133,-0.023,-0.18,-0.23,0.042,0.141,-0.105,1.0,-0.095,0.334,0.171,0.073,-0.119
11,B2_2,-0.068,-0.273,0.042,0.051,-0.238,-0.02,0.222,-0.261,-0.415,-0.032,-0.095,1.0,0.018,0.026,-0.089,0.107
11,B2_3,-0.097,-0.407,-0.033,-0.072,0.17,-0.063,0.142,0.125,0.041,0.103,0.334,0.018,1.0,-0.139,0.168,-0.285
11,y1,-0.363,-0.089,-0.237,-0.017,-0.127,0.176,-0.29,-0.029,0.223,-0.138,0.171,0.026,-0.139,1.0,-0.143,0.094
11,y2,0.089,0.184,-0.046,0.029,0.067,0.079,-0.124,0.408,0.212,0.2,0.073,-0.089,0.168,-0.143,1.0,-0.138
11,y3,-0.074,0.099,-0.232,0.075,-0.12,0.162,0.113,-0.143,-0.417,0.044,-0.119,0.107,-0.285,0.094,-0.138,1.0
12,.,1.0,0.154,0.239,0.077,-0.193,0.197,0.291,-0.085,-0.128,0.08,0.108,-0.07,-0.095,-0.362,0.08,-0.074
12,A1_1,0.154,1.0,-0.005,-0.136,-0.023,-0.006,-0.23,-0.081,0.007,0.162,-0.068,-0.274,-0.407,-0.089,0.185,0.098
12,A1_2,0.239,-0.005,1.0,-0.274,-0.107,-0.396,0.195,-0.097,-0.064,-0.078,-0.211,0.041,-0.035,-0.238,-0.046,-0.232
12,A1_3,0.077,-0.136,-0.274,1.0,0.261,0.329,0.026,-0.077,-0.143,-0.093,-0.133,0.05,-0.073,-0.018,0.03,0.072
12,B1_1,-0.193,-0.023,-0.107,0.261,1.0,0.016,-0.026,0.066,0.026,-0.236,-0.021,-0.237,0.173,-0.128,0.068,-0.12
12,B1_2,0.197,-0.006,-0.396,0.329,0.016,1.0,0.164,0.119,-0.074,0.074,-0.179,-0.019,-0.059,0.174,0.083,0.161
12,B1_3,0.291,-0.23,0.195,0.026,-0.026,0.164,1.0,0.126,-0.227,-0.049,-0.228,0.223,0.145,-0.291,-0.122,0.112
12,A2_1,-0.085,-0.081,-0.097,-0.077,0.066,0.119,0.126,1.0,0.354,0.113,0.043,-0.26,0.125,-0.029,0.409,-0.145
12,A2_2,-0.128,0.007,-0.064,-0.143,0.026,-0.074,-0.227,0.354,1.0,-0.111,0.14,-0.415,0.04,0.225,0.213,-0.416
12,A2_3,0.08,0.162,-0.078,-0.093,-0.236,0.074,-0.049,0.113,-0.111,1.0,-0.105,-0.032,0.102,-0.141,0.198,0.04
12,B2_1,0.108,-0.068,-0.211,-0.133,-0.021,-0.179,-0.228,0.043,0.14,-0.105,1.0,-0.093,0.336,0.173,0.076,-0.116
12,B2_2,-0.07,-0.274,0.041,0.05,-0.237,-0.019,0.223,-0.26,-0.415,-0.032,-0.093,1.0,0.021,0.023,-0.088,0.106
12,B2_3,-0.095,-0.407,-0.035,-0.073,0.173,-0.059,0.145,0.125,0.04,0.102,0.336,0.021,1.0,-0.14,0.165,-0.287
12,y1,-0.362,-0.089,-0.238,-0.018,-0.128,0.174,-0.291,-0.029,0.225,-0.141,0.173,0.023,-0.14,1.0,-0.139,0.101
12,y2,0.08,0.185,-0.046,0.03,0.068,0.083,-0.122,0.409,0.213,0.198,0.076,-0.088,0.165,-0.139,1.0,-0.135
12,y3,-0.074,0.098,-0.232,0.072,-0.12,0.161,0.112,-0.145,-0.416,0.04,-0.116,0.106,-0.287,0.101,-0.135,1.0
13,.,1.0,0.155,0.236,0.078,-0.196,0.202,0.288,-0.093,-0.133,0.085,0.102,-0.072,-0.096,-0.359,0.071,-0.071
13,A1_1,0.155,1.0,-0.005,-0.135,-0.025,-0.008,-0.231,-0.078,0.009,0.164,-0.069,-0.275,-0.406,-0.09,0.185,0.097
13,A1_2,0.236,-0.005,1.0,-0.274,-0.108,-0.397,0.193,-0.096,-0.062,-0.077,-0.212,0.04,-0.035,-0.239,-0.047,-0.234
13,A1_3,0.078,-0.135,-0.274,1.0,0.26,0.327,0.025,-0.077,-0.141,-0.093,-0.133,0.048,-0.073,-0.019,0.03,0.07
13,B1_1,-0.196,-0.025,-0.108,0.26,1.0,0.017,-0.025,0.065,0.026,-0.236,-0.02,-0.236,0.175,-0.126,0.069,-0.12
13,B1_2,0.202,-0.008,-0.397,0.327,0.017,1.0,0.165,0.119,-0.074,0.074,-0.178,-0.019,-0.057,0.173,0.085,0.16
13,B1_3,0.288,-0.231,0.193,0.025,-0.025,0.165,1.0,0.126,-0.228,-0.05,-0.226,0.224,0.148,-0.292,-0.119,0.108
13,A2_1,-0.093,-0.078,-0.096,-0.077,0.065,0.119,0.126,1.0,0.356,0.114,0.045,-0.258,0.125,-0.031,0.41,-0.149
13,A2_2,-0.133,0.009,-0.062,-0.141,0.026,-0.074,-0.228,0.356,1.0,-0.109,0.139,-0.413,0.04,0.224,0.212,-0.414
13,A2_3,0.085,0.164,-0.077,-0.093,-0.236,0.074,-0.05,0.114,-0.109,1.0,-0.105,-0.031,0.101,-0.142,0.195,0.036
13,B2_1,0.102,-0.069,-0.212,-0.133,-0.02,-0.178,-0.226,0.045,0.139,-0.105,1.0,-0.09,0.338,0.174,0.079,-0.114
13,B2_2,-0.072,-0.275,0.04,0.048,-0.236,-0.019,0.224,-0.258,-0.413,-0.031,-0.09,1.0,0.025,0.023,-0.082,0.104
13,B2_3,-0.096,-0.406,-0.035,-0.073,0.175,-0.057,0.148,0.125,0.04,0.101,0.338,0.025,1.0,-0.141,0.163,-0.29
13,y1,-0.359,-0.09,-0.239,-0.019,-0.126,0.173,-0.292,-0.031,0.224,-0.142,0.174,0.023,-0.141,1.0,-0.136,0.11
13,y2,0.071,0.185,-0.047,0.03,0.069,0.085,-0.119,0.41,0.212,0.195,0.079,-0.082,0.163,-0.136,1.0,-0.133
13,y3,-0.071,0.097,-0.234,0.07,-0.12,0.16,0.108,-0.149,-0.414,0.036,-0.114,0.104,-0.29,0.11,-0.133,1.0
14,.,1.0,0.153,0.233,0.078,-0.198,0.208,0.285,-0.095,-0.134,0.089,0.098,-0.071,-0.095,-0.357,0.065,-0.073
14,A1_1,0.153,1.0,-0.003,-0.135,-0.025,-0.011,-0.232,-0.076,0.012,0.165,-0.069,-0.275,-0.406,-0.091,0.184,0.095
14,A1_2,0.233,-0.003,1.0,-0.274,-0.109,-0.398,0.192,-0.095,-0.062,-0.076,-0.212,0.04,-0.036,-0.238,-0.048,-0.234
14,A1_3,0.078,-0.135,-0.274,1.0,0.261,0.325,0.024,-0.077,-0.141,-0.093,-0.134,0.047,-0.073,-0.02,0.031,0.068
14,B1_1,-0.198,-0.025,-0.109,0.261,1.0,0.017,-0.023,0.064,0.026,-0.236,-0.02,-0.235,0.176,-0.126,0.071,-0.118
14,B1_2,0.208,-0.011,-0.398,0.325,0.017,1.0,0.166,0.119,-0.075,0.073,-0.178,-0.018,-0.054,0.171,0.085,0.159
14,B1_3,0.285,-0.232,0.192,0.024,-0.023,0.166,1.0,0.126,-0.229,-0.049,-0.224,0.225,0.151,-0.292,-0.119,0.107
14,A2_1,-0.095,-0.076,-0.095,-0.077,0.064,0.119,0.126,1.0,0.359,0.115,0.045,-0.259,0.124,-0.031,0.411,-0.149
14,A2_2,-0.134,0.012,-0.062,-0.141,0.026,-0.075,-0.229,0.359,1.0,-0.107,0.138,-0.414,0.038,0.226,0.211,-0.413
14,A2_3,0.089,0.165,-0.076,-0.093,-0.236,0.073,-0.049,0.115,-0.107,1.0,-0.104,-0.031,0.101,-0.144,0.193,0.033
14,B2_1,0.098,-0.069,-0.212,-0.134,-0.02,-0.178,-0.224,0.045,0.138,-0.104,1.0,-0.089,0.339,0.174,0.083,-0.111
14,B2_2,-0.071,-0.275,0.04,0.047,-0.235,-0.018,0.225,-0.259,-0.414,-0.031,-0.089,1.0,0.026,0.021,-0.08,0.104
14,B2_3,-0.095,-0.406,-0.036,-0.073,0.176,-0.054,0.151,0.124,0.038,0.101,0.339,0.026,1.0,-0.143,0.162,-0.289
14,y1,-0.357,-0.091,-0.238,-0.02,-0.126,0.171,-0.292,-0.031,0.226,-0.144,0.174,0.021,-0.143,1.0,-0.132,0.115
14,y2,0.065,0.184,-0.048,0.031,0.071,0.085,-0.119,0.411,0.211,0.193,0.083,-0.08,0.162,-0.132,1.0,-0.129
14,y3,-0.073,0.095,-0.234,0.068,-0.118,0.159,0.107,-0.149,-0.413,0.033,-0.111,0.104,-0.289,0.115,-0.129,1.0
15,.,1.0,0.152,0.229,0.079,-0.198,0.214,0.282,-0.102,-0.136,0.088,0.09,-0.072,-0.098,-0.354,0.057,-0.072
15,A1_1,0.152,1.0,-0.001,-0.134,-0.026,-0.012,-0.233,-0.075,0.014,0.167,-0.069,-0.276,-0.406,-0.092,0.184,0.095
15,A1_2,0.229,-0.001,1.0,-0.275,-0.11,-0.4,0.191,-0.093,-0.059,-0.075,-0.213,0.039,-0.037,-0.238,-0.048,-0.234
15,A1_3,0.079,-0.134,-0.275,1.0,0.26,0.325,0.023,-0.076,-0.14,-0.094,-0.134,0.047,-0.073,-0.02,0.03,0.067
15,B1_1,-0.198,-0.026,-0.11,0.26,1.0,0.017,-0.022,0.064,0.026,-0.236,-0.019,-0.235,0.177,-0.125,0.073,-0.118
15,B1_2,0.214,-0.012,-0.4,0.325,0.017,1.0,0.166,0.121,-0.075,0.072,-0.177,-0.017,-0.053,0.17,0.085,0.158
15,B1_3,0.282,-0.233,0.191,0.023,-0.022,0.166,1.0,0.127,-0.229,-0.051,-0.223,0.226,0.154,-0.292,-0.119,0.106
15,A2_1,-0.102,-0.075,-0.093,-0.076,0.064,0.121,0.127,1.0,0.36,0.114,0.045,-0.258,0.123,-0.03,0.41,-0.149
15,A2_2,-0.136,0.014,-0.059,-0.14,0.026,-0.075,-0.229,0.36,1.0,-0.105,0.137,-0.415,0.039,0.225,0.211,-0.413
15,A2_3,0.088,0.167,-0.075,-0.094,-0.236,0.072,-0.051,0.114,-0.105,1.0,-0.104,-0.031,0.101,-0.145,0.191,0.031
15,B2_1,0.09,-0.069,-0.213,-0.134,-0.019,-0.177,-0.223,0.045,0.137,-0.104,1.0,-0.088,0.341,0.176,0.086,-0.109
15,B2_2,-0.072,-0.276,0.039,0.047,-0.235,-0.017,0.226,-0.258,-0.415,-0.031,-0.088,1.0,0.027,0.02,-0.08,0.104
15,B2_3,-0.098,-0.406,-0.037,-0.073,0.177,-0.053,0.154,0.123,0.039,0.101,0.341,0.027,1.0,-0.144,0.162,-0.289
15,y1,-0.354,-0.092,-0.238,-0.02,-0.125,0.17,-0.292,-0.03,0.225,-0.145,0.176,0.02,-0.144,1.0,-0.128,0.117
15,y2,0.057,0.184,-0.048,0.03,0.073,0.085,-0.119,0.41,0.211,0.191,0.086,-0.08,0.162,-0.128,1.0,-0.126
15,y3,-0.072,0.095,-0.234,0.067,-0.118,0.158,0.106,-0.149,-0.413,0.031,-0.109,0.104,-0.289,0.117,-0.126,1.0
16,.,1.0,0.149,0.227,0.079,-0.199,0.216,0.281,-0.11,-0.139,0.088,0.087,-0.072,-0.098,-0.349,0.052,-0.071
16,A1_1,0.149,1.0,-0.0,-0.133,-0.027,-0.012,-0.234,-0.074,0.015,0.167,-0.071,-0.276,-0.406,-0.092,0.184,0.095
16,A1_2,0.227,-0.0,1.0,-0.275,-0.111,-0.4,0.191,-0.092,-0.059,-0.075,-0.213,0.039,-0.038,-0.238,-0.049,-0.235
16,A1_3,0.079,-0.133,-0.275,1.0,0.261,0.324,0.023,-0.074,-0.138,-0.093,-0.135,0.046,-0.074,-0.02,0.033,0.065
16,B1_1,-0.199,-0.027,-0.111,0.261,1.0,0.018,-0.021,0.065,0.025,-0.236,-0.019,-0.234,0.179,-0.125,0.076,-0.117
16,B1_2,0.216,-0.012,-0.4,0.324,0.018,1.0,0.166,0.122,-0.076,0.072,-0.177,-0.017,-0.051,0.169,0.089,0.158
16,B1_3,0.281,-0.234,0.191,0.023,-0.021,0.166,1.0,0.126,-0.229,-0.051,-0.223,0.226,0.154,-0.293,-0.118,0.105
16,A2_1,-0.11,-0.074,-0.092,-0.074,0.065,0.122,0.126,1.0,0.361,0.116,0.045,-0.258,0.123,-0.03,0.41,-0.148
16,A2_2,-0.139,0.015,-0.059,-0.138,0.025,-0.076,-0.229,0.361,1.0,-0.103,0.136,-0.415,0.039,0.226,0.211,-0.412
16,A2_3,0.088,0.167,-0.075,-0.093,-0.236,0.072,-0.051,0.116,-0.103,1.0,-0.103,-0.031,0.101,-0.148,0.19,0.029
16,B2_1,0.087,-0.071,-0.213,-0.135,-0.019,-0.177,-0.223,0.045,0.136,-0.103,1.0,-0.088,0.342,0.177,0.087,-0.107
16,B2_2,-0.072,-0.276,0.039,0.046,-0.234,-0.017,0.226,-0.258,-0.415,-0.031,-0.088,1.0,0.029,0.019,-0.08,0.103
16,B2_3,-0.098,-0.406,-0.038,-0.074,0.179,-0.051,0.154,0.123,0.039,0.101,0.342,0.029,1.0,-0.145,0.159,-0.289
16,y1,-0.349,-0.092,-0.238,-0.02,-0.125,0.169,-0.293,-0.03,0.226,-0.148,0.177,0.019,-0.145,1.0,-0.125,0.121
16,y2,0.052,0.184,-0.049,0.033,0.076,0.089,-0.118,0.41,0.211,0.19,0.087,-0.08,0.159,-0.125,1.0,-0.121
16,y3,-0.071,0.095,-0.235,0.065,-0.117,0.158,0.105,-0.148,-0.412,0.029,-0.107,0.103,-0.289,0.121,-0.121,1.0
17,.,1.0,0.15,0.224,0.078,-0.197,0.218,0.28,-0.116,-0.144,0.09,0.086,-0.073,-0.098,-0.348,0.045,-0.07
17,A1_1,0.15,1.0,0.0,-0.132,-0.027,-0.013,-0.234,-0.073,0.016,0.168,-0.071,-0.276,-0.406,-0.093,0.184,0.093
17,A1_2,0.224,0.0,1.0,-0.276,-0.111,-0.401,0.191,-0.091,-0.058,-0.074,-0.213,0.039,-0.037,-0.238,-0.049,-0.236
17,A1_3,0.078,-0.132,-0.276,1.0,0.261,0.323,0.022,-0.073,-0.138,-0.094,-0.135,0.046,-0.074,-0.02,0.033,0.064
17,B1_1,-0.197,-0.027,-0.111,0.261,1.0,0.018,-0.021,0.065,0.024,-0.236,-0.018,-0.233,0.179,-0.125,0.076,-0.116
17,B1_2,0.218,-0.013,-0.401,0.323,0.018,1.0,0.167,0.121,-0.075,0.072,-0.176,-0.016,-0.05,0.168,0.09,0.157
17,B1_3,0.28,-0.234,0.191,0.022,-0.021,0.167,1.0,0.126,-0.23,-0.051,-0.222,0.227,0.155,-0.294,-0.117,0.105
17,A2_1,-0.116,-0.073,-0.091,-0.073,0.065,0.121,0.126,1.0,0.362,0.117,0.046,-0.257,0.124,-0.031,0.412,-0.148
17,A2_2,-0.144,0.016,-0.058,-0.138,0.024,-0.075,-0.23,0.362,1.0,-0.102,0.136,-0.415,0.039,0.226,0.212,-0.411
17,A2_3,0.09,0.168,-0.074,-0.094,-0.236,0.072,-0.051,0.117,-0.102,1.0,-0.103,-0.03,0.102,-0.151,0.188,0.027
17,B2_1,0.086,-0.071,-0.213,-0.135,-0.018,-0.176,-0.222,0.046,0.136,-0.103,1.0,-0.088,0.342,0.178,0.087,-0.106
17,B2_2,-0.073,-0.276,0.039,0.046,-0.233,-0.016,0.227,-0.257,-0.415,-0.03,-0.088,1.0,0.03,0.018,-0.079,0.103
17,B2_3,-0.098,-0.406,-0.037,-0.074,0.179,-0.05,0.155,0.124,0.039,0.102,0.342,0.03,1.0,-0.146,0.157,-0.289
17,y1,-0.348,-0.093,-0.238,-0.02,-0.125,0.168,-0.294,-0.031,0.226,-0.151,0.178,0.018,-0.146,1.0,-0.123,0.124
17,y2,0.045,0.184,-0.049,0.033,0.076,0.09,-0.117,0.412,0.212,0.188,0.087,-0.079,0.157,-0.123,1.0,-0.119
17,y3,-0.07,0.093,-0.236,0.064,-0.116,0.157,0.105,-0.148,-0.411,0.027,-0.106,0.103,-0.289,0.124,-0.119,1.0
18,.,1.0,0.151,0.222,0.078,-0.2,0.22,0.275,-0.12,-0.147,0.092,0.083,-0.075,-0.1,-0.346,0.041,-0.069
18,A1_1,0.151,1.0,0.003,-0.132,-0.028,-0.015,-0.235,-0.071,0.017,0.17,-0.072,-0.276,-0.405,-0.094,0.183,0.091
18,A1_2,0.222,0.003,1.0,-0.274,-0.111,-0.401,0.19,-0.091,-0.058,-0.073,-0.213,0.037,-0.039,-0.238,-0.049,-0.237
18,A1_3,0.078,-0.132,-0.274,1.0,0.26,0.321,0.022,-0.075,-0.137,-0.093,-0.134,0.046,-0.074,-0.021,0.034,0.065
18,B1_1,-0.2,-0.028,-0.111,0.26,1.0,0.018,-0.019,0.066,0.024,-0.237,-0.018,-0.232,0.181,-0.125,0.076,-0.115
18,B1_2,0.22,-0.015,-0.401,0.321,0.018,1.0,0.168,0.121,-0.076,0.071,-0.175,-0.015,-0.046,0.165,0.093,0.158
18,B1_3,0.275,-0.235,0.19,0.022,-0.019,0.168,1.0,0.125,-0.23,-0.052,-0.221,0.227,0.157,-0.293,-0.116,0.103
18,A2_1,-0.12,-0.071,-0.091,-0.075,0.066,0.121,0.125,1.0,0.366,0.116,0.046,-0.256,0.123,-0.031,0.412,-0.153
18,A2_2,-0.147,0.017,-0.058,-0.137,0.024,-0.076,-0.23,0.366,1.0,-0.1,0.136,-0.415,0.039,0.226,0.212,-0.412
18,A2_3,0.092,0.17,-0.073,-0.093,-0.237,0.071,-0.052,0.116,-0.1,1.0,-0.103,-0.03,0.101,-0.151,0.187,0.022
18,B2_1,0.083,-0.072,-0.213,-0.134,-0.018,-0.175,-0.221,0.046,0.136,-0.103,1.0,-0.086,0.344,0.179,0.09,-0.105
18,B2_2,-0.075,-0.276,0.037,0.046,-0.232,-0.015,0.227,-0.256,-0.415,-0.03,-0.086,1.0,0.032,0.018,-0.078,0.103
18,B2_3,-0.1,-0.405,-0.039,-0.074,0.181,-0.046,0.157,0.123,0.039,0.101,0.344,0.032,1.0,-0.147,0.158,-0.292
18,y1,-0.346,-0.094,-0.238,-0.021,-0.125,0.165,-0.293,-0.031,0.226,-0.151,0.179,0.018,-0.147,1.0,-0.119,0.13
18,y2,0.041,0.183,-0.049,0.034,0.076,0.093,-0.116,0.412,0.212,0.187,0.09,-0.078,0.158,-0.119,1.0,-0.119
18,y3,-0.069,0.091,-0.237,0.065,-0.115,0.158,0.103,-0.153,-0.412,0.022,-0.105,0.103,-0.292,0.13,-0.119,1.0
19,.,1.0,0.149,0.219,0.079,-0.201,0.221,0.275,-0.124,-0.152,0.091,0.08,-0.073,-0.102,-0.345,0.039,-0.066
19,A1_1,0.149,1.0,0.003,-0.131,-0.028,-0.015,-0.236,-0.071,0.019,0.171,-0.073,-0.277,-0.405,-0.095,0.184,0.09
19,A1_2,0.219,0.003,1.0,-0.274,-0.111,-0.401,0.189,-0.09,-0.058,-0.073,-0.214,0.037,-0.039,-0.236,-0.05,-0.236
19,A1_3,0.079,-0.131,-0.274,1.0,0.26,0.321,0.021,-0.075,-0.136,-0.093,-0.135,0.046,-0.074,-0.022,0.035,0.064
19,B1_1,-0.201,-0.028,-0.111,0.26,1.0,0.018,-0.019,0.066,0.024,-0.237,-0.017,-0.232,0.181,-0.125,0.077,-0.115
19,B1_2,0.221,-0.015,-0.401,0.321,0.018,1.0,0.168,0.121,-0.077,0.071,-0.175,-0.015,-0.045,0.164,0.094,0.157
19,B1_3,0.275,-0.236,0.189,0.021,-0.019,0.168,1.0,0.125,-0.231,-0.052,-0.221,0.227,0.157,-0.294,-0.117,0.101
19,A2_1,-0.124,-0.071,-0.09,-0.075,0.066,0.121,0.125,1.0,0.366,0.117,0.047,-0.256,0.123,-0.032,0.412,-0.153
19,A2_2,-0.152,0.019,-0.058,-0.136,0.024,-0.077,-0.231,0.366,1.0,-0.099,0.135,-0.415,0.039,0.226,0.211,-0.41
19,A2_3,0.091,0.171,-0.073,-0.093,-0.237,0.071,-0.052,0.117,-0.099,1.0,-0.103,-0.031,0.101,-0.155,0.186,0.019
19,B2_1,0.08,-0.073,-0.214,-0.135,-0.017,-0.175,-0.221,0.047,0.135,-0.103,1.0,-0.086,0.346,0.179,0.093,-0.105
19,B2_2,-0.073,-0.277,0.037,0.046,-0.232,-0.015,0.227,-0.256,-0.415,-0.031,-0.086,1.0,0.032,0.017,-0.077,0.103
19,B2_3,-0.102,-0.405,-0.039,-0.074,0.181,-0.045,0.157,0.123,0.039,0.101,0.346,0.032,1.0,-0.148,0.156,-0.293
19,y1,-0.345,-0.095,-0.236,-0.022,-0.125,0.164,-0.294,-0.032,0.226,-0.155,0.179,0.017,-0.148,1.0,-0.116,0.134
19,y2,0.039,0.184,-0.05,0.035,0.077,0.094,-0.117,0.412,0.211,0.186,0.093,-0.077,0.156,-0.116,1.0,-0.116
19,y3,-0.066,0.09,-0.236,0.064,-0.115,0.157,0.101,-0.153,-0.41,0.019,-0.105,0.103,-0.293,0.134,-0.116,1.0
20,.,1.0,0.149,0.218,0.077,-0.202,0.223,0.275,-0.128,-0.153,0.093,0.076,-0.074,-0.105,-0.343,0.036,-0.063
20,A1_1,0.149,1.0,0.004,-0.132,-0.029,-0.016,-0.236,-0.07,0.019,0.171,-0.073,-0.277,-0.404,-0.096,0.184,0.089
20,A1_2,0.218,0.004,1.0,-0.274,-0.11,-0.401,0.188,-0.091,-0.057,-0.072,-0.215,0.037,-0.039,-0.236,-0.049,-0.236
20,A1_3,0.077,-0.132,-0.274,1.0,0.26,0.321,0.021,-0.074,-0.135,-0.093,-0.135,0.046,-0.074,-0.022,0.035,0.063
20,B1_1,-0.202,-0.029,-0.11,0.26,1.0,0.018,-0.018,0.066,0.024,-0.236,-0.017,-0.232,0.181,-0.125,0.078,-0.114
20,B1_2,0.223,-0.016,-0.401,0.321,0.018,1.0,0.169,0.121,-0.077,0.071,-0.175,-0.015,-0.045,0.162,0.094,0.157
20,B1_3,0.275,-0.236,0.188,0.021,-0.018,0.169,1.0,0.126,-0.23,-0.052,-0.219,0.228,0.16,-0.295,-0.116,0.1
20,A2_1,-0.128,-0.07,-0.091,-0.074,0.066,0.121,0.126,1.0,0.367,0.118,0.047,-0.256,0.124,-0.033,0.413,-0.154
20,A2_2,-0.153,0.019,-0.057,-0.135,0.024,-0.077,-0.23,0.367,1.0,-0.099,0.136,-0.415,0.039,0.225,0.211,-0.41
20,A2_3,0.093,0.171,-0.072,-0.093,-0.236,0.071,-0.052,0.118,-0.099,1.0,-0.103,-0.03,0.101,-0.156,0.185,0.018
20,B2_1,0.076,-0.073,-0.215,-0.135,-0.017,-0.175,-0.219,0.047,0.136,-0.103,1.0,-0.086,0.346,0.179,0.095,-0.104
20,B2_2,-0.074,-0.277,0.037,0.046,-0.232,-0.015,0.228,-0.256,-0.415,-0.03,-0.086,1.0,0.033,0.016,-0.078,0.103
20,B2_3,-0.105,-0.404,-0.039,-0.074,0.181,-0.045,0.16,0.124,0.039,0.101,0.346,0.033,1.0,-0.149,0.156,-0.293
20,y1,-0.343,-0.096,-0.236,-0.022,-0.125,0.162,-0.295,-0.033,0.225,-0.156,0.179,0.016,-0.149,1.0,-0.115,0.136
20,y2,0.036,0.184,-0.049,0.035,0.078,0.094,-0.116,0.413,0.211,0.185,0.095,-0.078,0.156,-0.115,1.0,-0.115
20,y3,-0.063,0.089,-0.236,0.063,-0.114,0.157,0.1,-0.154,-0.41,0.018,-0.104,0.103,-0.293,0.136,-0.115,1.0
21,.,1.0,0.151,0.215,0.077,-0.203,0.224,0.272,-0.131,-0.154,0.091,0.073,-0.075,-0.109,-0.34,0.036,-0.062
21,A1_1,0.151,1.0,0.005,-0.131,-0.03,-0.018,-0.236,-0.07,0.019,0.172,-0.073,-0.276,-0.404,-0.097,0.183,0.087
21,A1_2,0.215,0.005,1.0,-0.275,-0.11,-0.403,0.188,-0.089,-0.056,-0.072,-0.215,0.036,-0.039,-0.236,-0.048,-0.237
21,A1_3,0.077,-0.131,-0.275,1.0,0.259,0.321,0.02,-0.073,-0.134,-0.092,-0.135,0.045,-0.074,-0.022,0.036,0.061
21,B1_1,-0.203,-0.03,-0.11,0.259,1.0,0.018,-0.018,0.066,0.024,-0.236,-0.016,-0.231,0.183,-0.125,0.08,-0.114
21,B1_2,0.224,-0.018,-0.403,0.321,0.018,1.0,0.168,0.122,-0.076,0.071,-0.175,-0.014,-0.043,0.161,0.095,0.156
21,B1_3,0.272,-0.236,0.188,0.02,-0.018,0.168,1.0,0.127,-0.23,-0.052,-0.219,0.228,0.161,-0.296,-0.114,0.098
21,A2_1,-0.131,-0.07,-0.089,-0.073,0.066,0.122,0.127,1.0,0.368,0.118,0.047,-0.256,0.124,-0.033,0.412,-0.155
21,A2_2,-0.154,0.019,-0.056,-0.134,0.024,-0.076,-0.23,0.368,1.0,-0.098,0.136,-0.415,0.039,0.226,0.21,-0.41
21,A2_3,0.091,0.172,-0.072,-0.092,-0.236,0.071,-0.052,0.118,-0.098,1.0,-0.103,-0.03,0.101,-0.158,0.183,0.015
21,B2_1,0.073,-0.073,-0.215,-0.135,-0.016,-0.175,-0.219,0.047,0.136,-0.103,1.0,-0.086,0.347,0.179,0.096,-0.104
21,B2_2,-0.075,-0.276,0.036,0.045,-0.231,-0.014,0.228,-0.256,-0.415,-0.03,-0.086,1.0,0.033,0.016,-0.078,0.103
21,B2_3,-0.109,-0.404,-0.039,-0.074,0.183,-0.043,0.161,0.124,0.039,0.101,0.347,0.033,1.0,-0.149,0.155,-0.293
21,y1,-0.34,-0.097,-0.236,-0.022,-0.125,0.161,-0.296,-0.033,0.226,-0.158,0.179,0.016,-0.149,1.0,-0.113,0.14
21,y2,0.036,0.183,-0.048,0.036,0.08,0.095,-0.114,0.412,0.21,0.183,0.096,-0.078,0.155,-0.113,1.0,-0.113
21,y3,-0.062,0.087,-0.237,0.061,-0.114,0.156,0.098,-0.155,-0.41,0.015,-0.104,0.103,-0.293,0.14,-0.113,1.0
22,.,1.0,0.152,0.214,0.076,-0.204,0.225,0.269,-0.135,-0.156,0.092,0.073,-0.076,-0.11,-0.34,0.034,-0.061
22,A1_1,0.152,1.0,0.005,-0.132,-0.03,-0.018,-0.236,-0.069,0.02,0.171,-0.073,-0.277,-0.404,-0.098,0.184,0.086
22,A1_2,0.214,0.005,1.0,-0.274,-0.11,-0.403,0.188,-0.088,-0.056,-0.072,-0.216,0.036,-0.039,-0.236,-0.048,-0.236
22,A1_3,0.076,-0.132,-0.274,1.0,0.259,0.32,0.02,-0.072,-0.134,-0.092,-0.136,0.045,-0.074,-0.022,0.036,0.062
22,B1_1,-0.204,-0.03,-0.11,0.259,1.0,0.018,-0.017,0.067,0.024,-0.236,-0.016,-0.231,0.184,-0.124,0.08,-0.113
22,B1_2,0.225,-0.018,-0.403,0.32,0.018,1.0,0.169,0.121,-0.076,0.071,-0.175,-0.014,-0.043,0.162,0.096,0.156
22,B1_3,0.269,-0.236,0.188,0.02,-0.017,0.169,1.0,0.126,-0.23,-0.052,-0.219,0.229,0.161,-0.296,-0.114,0.098
22,A2_1,-0.135,-0.069,-0.088,-0.072,0.067,0.121,0.126,1.0,0.368,0.118,0.048,-0.255,0.124,-0.033,0.412,-0.155
22,A2_2,-0.156,0.02,-0.056,-0.134,0.024,-0.076,-0.23,0.368,1.0,-0.098,0.135,-0.415,0.039,0.225,0.21,-0.411
22,A2_3,0.092,0.171,-0.072,-0.092,-0.236,0.071,-0.052,0.118,-0.098,1.0,-0.103,-0.029,0.101,-0.158,0.182,0.013
22,B2_1,0.073,-0.073,-0.216,-0.136,-0.016,-0.175,-0.219,0.048,0.135,-0.103,1.0,-0.085,0.347,0.179,0.097,-0.104
22,B2_2,-0.076,-0.277,0.036,0.045,-0.231,-0.014,0.229,-0.255,-0.415,-0.029,-0.085,1.0,0.034,0.015,-0.077,0.104
22,B2_3,-0.11,-0.404,-0.039,-0.074,0.184,-0.043,0.161,0.124,0.039,0.101,0.347,0.034,1.0,-0.149,0.154,-0.293
22,y1,-0.34,-0.098,-0.236,-0.022,-0.124,0.162,-0.296,-0.033,0.225,-0.158,0.179,0.015,-0.149,1.0,-0.11,0.143
22,y2,0.034,0.184,-0.048,0.036,0.08,0.096,-0.114,0.412,0.21,0.182,0.097,-0.077,0.154,-0.11,1.0,-0.111
22,y3,-0.061,0.086,-0.236,0.062,-0.113,0.156,0.098,-0.155,-0.411,0.013,-0.104,0.104,-0.293,0.143,-0.111,1.0
23,.,1.0,0.153,0.213,0.075,-0.205,0.226,0.266,-0.138,-0.157,0.093,0.071,-0.075,-0.112,-0.339,0.032,-0.059
23,A1_1,0.153,1.0,0.006,-0.132,-0.031,-0.02,-0.237,-0.069,0.021,0.173,-0.073,-0.277,-0.403,-0.098,0.186,0.084
