,,.,A1_1,A1_2,A1_3,B1_1,B1_2,B1_3,A2_1,A2_2,A2_3,B2_1,B2_2,B2_3,y1,y2,y3
0,.,1.0,-0.108,-0.413,-0.423,-0.17,-0.345,-0.083,0.289,0.117,0.096,0.25,-0.015,-0.017,0.194,0.248,-0.208
0,A1_1,-0.108,1.0,-0.227,-0.083,-0.273,0.066,-0.107,0.118,0.026,-0.147,-0.089,0.2,0.163,0.215,-0.192,-0.181
0,A1_2,-0.413,-0.227,1.0,0.006,0.391,0.226,0.185,-0.144,-0.489,-0.019,-0.185,-0.128,-0.416,-0.028,-0.115,-0.013
0,A1_3,-0.423,-0.083,0.006,1.0,-0.146,0.181,-0.099,-0.224,-0.075,-0.111,-0.235,0.211,0.161,-0.309,0.061,0.099
0,B1_1,-0.17,-0.273,0.391,-0.146,1.0,0.153,0.141,0.078,0.084,0.113,-0.036,-0.398,-0.266,-0.13,0.174,0.121
0,B1_2,-0.345,0.066,0.226,0.181,0.153,1.0,0.22,-0.192,0.013,-0.315,-0.279,-0.048,-0.065,0.258,0.023,-0.196
0,B1_3,-0.083,-0.107,0.185,-0.099,0.141,0.22,1.0,0.181,0.118,-0.285,-0.093,-0.192,0.015,0.248,-0.009,-0.084
0,A2_1,0.289,0.118,-0.144,-0.224,0.078,-0.192,0.181,1.0,0.012,0.067,-0.315,0.159,0.292,0.244,-0.055,0.017
0,A2_2,0.117,0.026,-0.489,-0.075,0.084,0.013,0.118,0.012,1.0,0.206,-0.134,-0.259,0.108,-0.006,0.041,-0.168
0,A2_3,0.096,-0.147,-0.019,-0.111,0.113,-0.315,-0.285,0.067,0.206,1.0,0.211,-0.223,-0.004,-0.263,0.08,-0.327
0,B2_1,0.25,-0.089,-0.185,-0.235,-0.036,-0.279,-0.093,-0.315,-0.134,0.211,1.0,-0.047,-0.03,0.047,0.315,-0.03
0,B2_2,-0.015,0.2,-0.128,0.211,-0.398,-0.048,-0.192,0.159,-0.259,-0.223,-0.047,1.0,0.294,0.242,-0.263,0.217
0,B2_3,-0.017,0.163,-0.416,0.161,-0.266,-0.065,0.015,0.292,0.108,-0.004,-0.03,0.294,1.0,-0.032,0.086,0.181
0,y1,0.194,0.215,-0.028,-0.309,-0.13,0.258,0.248,0.244,-0.006,-0.263,0.047,0.242,-0.032,1.0,0.161,-0.108
0,y2,0.248,-0.192,-0.115,0.061,0.174,0.023,-0.009,-0.055,0.041,0.08,0.315,-0.263,0.086,0.161,1.0,-0.012
0,y3,-0.208,-0.181,-0.013,0.099,0.121,-0.196,-0.084,0.017,-0.168,-0.327,-0.03,0.217,0.181,-0.108,-0.012,1.0
1,.,1.0,-0.12,-0.415,-0.42,-0.171,-0.342,-0.078,0.292,0.123,0.097,0.246,-0.013,-0.015,0.197,0.25,-0.21
1,A1_1,-0.12,1.0,-0.225,-0.082,-0.27,0.069,-0.107,0.118,0.026,-0.148,-0.087,0.203,0.164,0.215,-0.189,-0.178
1,A1_2,-0.415,-0.225,1.0,0.007,0.39,0.226,0.185,-0.144,-0.489,-0.018,-0.182,-0.126,-0.417,-0.029,-0.115,-0.017
1,A1_3,-0.42,-0.082,0.007,1.0,-0.15,0.177,-0.102,-0.227,-0.077,-0.114,-0.24,0.207,0.157,-0.307,0.064,0.101
1,B1_1,-0.171,-0.27,0.39,-0.15,1.0,0.154,0.141,0.081,0.082,0.112,-0.034,-0.394,-0.263,-0.126,0.172,0.122
1,B1_2,-0.342,0.069,0.226,0.177,0.154,1.0,0.221,-0.189,0.014,-0.314,-0.278,-0.046,-0.063,0.259,0.02,-0.196
1,B1_3,-0.078,-0.107,0.185,-0.102,0.141,0.221,1.0,0.182,0.115,-0.288,-0.092,-0.19,0.015,0.253,-0.01,-0.083
1,A2_1,0.292,0.118,-0.144,-0.227,0.081,-0.189,0.182,1.0,0.007,0.062,-0.311,0.163,0.292,0.252,-0.05,0.019
1,A2_2,0.123,0.026,-0.489,-0.077,0.082,0.014,0.115,0.007,1.0,0.204,-0.135,-0.259,0.105,-0.002,0.04,-0.168
1,A2_3,0.097,-0.148,-0.018,-0.114,0.112,-0.314,-0.288,0.062,0.204,1.0,0.213,-0.223,-0.01,-0.261,0.082,-0.327
1,B2_1,0.246,-0.087,-0.182,-0.24,-0.034,-0.278,-0.092,-0.311,-0.135,0.213,1.0,-0.046,-0.031,0.049,0.313,-0.032
1,B2_2,-0.013,0.203,-0.126,0.207,-0.394,-0.046,-0.19,0.163,-0.259,-0.223,-0.046,1.0,0.298,0.247,-0.26,0.22
1,B2_3,-0.015,0.164,-0.417,0.157,-0.263,-0.063,0.015,0.292,0.105,-0.01,-0.031,0.298,1.0,-0.027,0.085,0.183
1,y1,0.197,0.215,-0.029,-0.307,-0.126,0.259,0.253,0.252,-0.002,-0.261,0.049,0.247,-0.027,1.0,0.158,-0.107
1,y2,0.25,-0.189,-0.115,0.064,0.172,0.02,-0.01,-0.05,0.04,0.082,0.313,-0.26,0.085,0.158,1.0,-0.015
1,y3,-0.21,-0.178,-0.017,0.101,0.122,-0.196,-0.083,0.019,-0.168,-0.327,-0.032,0.22,0.183,-0.107,-0.015,1.0
2,.,1.0,-0.136,-0.416,-0.418,-0.171,-0.339,-0.077,0.286,0.127,0.102,0.249,-0.022,-0.016,0.197,0.256,-0.211
2,A1_1,-0.136,1.0,-0.224,-0.08,-0.267,0.072,-0.104,0.115,0.024,-0.149,-0.082,0.206,0.164,0.214,-0.186,-0.181
2,A1_2,-0.416,-0.224,1.0,0.006,0.39,0.227,0.186,-0.144,-0.489,-0.017,-0.181,-0.127,-0.416,-0.03,-0.118,-0.019
2,A1_3,-0.418,-0.08,0.006,1.0,-0.155,0.174,-0.105,-0.23,-0.076,-0.113,-0.243,0.203,0.154,-0.305,0.068,0.101
2,B1_1,-0.171,-0.267,0.39,-0.155,1.0,0.153,0.142,0.085,0.08,0.112,-0.032,-0.391,-0.259,-0.121,0.17,0.122
2,B1_2,-0.339,0.072,0.227,0.174,0.153,1.0,0.222,-0.186,0.014,-0.315,-0.279,-0.046,-0.061,0.258,0.017,-0.2
2,B1_3,-0.077,-0.104,0.186,-0.105,0.142,0.222,1.0,0.185,0.113,-0.289,-0.093,-0.188,0.017,0.256,-0.012,-0.083
2,A2_1,0.286,0.115,-0.144,-0.23,0.085,-0.186,0.185,1.0,0.002,0.059,-0.307,0.165,0.292,0.258,-0.045,0.019
2,A2_2,0.127,0.024,-0.489,-0.076,0.08,0.014,0.113,0.002,1.0,0.203,-0.135,-0.26,0.103,-0.002,0.043,-0.17
2,A2_3,0.102,-0.149,-0.017,-0.113,0.112,-0.315,-0.289,0.059,0.203,1.0,0.212,-0.225,-0.012,-0.258,0.087,-0.324
2,B2_1,0.249,-0.082,-0.181,-0.243,-0.032,-0.279,-0.093,-0.307,-0.135,0.212,1.0,-0.044,-0.031,0.053,0.314,-0.03
2,B2_2,-0.022,0.206,-0.127,0.203,-0.391,-0.046,-0.188,0.165,-0.26,-0.225,-0.044,1.0,0.3,0.251,-0.258,0.222
2,B2_3,-0.016,0.164,-0.416,0.154,-0.259,-0.061,0.017,0.292,0.103,-0.012,-0.031,0.3,1.0,-0.021,0.087,0.184
2,y1,0.197,0.214,-0.03,-0.305,-0.121,0.258,0.256,0.258,-0.002,-0.258,0.053,0.251,-0.021,1.0,0.162,-0.107
2,y2,0.256,-0.186,-0.118,0.068,0.17,0.017,-0.012,-0.045,0.043,0.087,0.314,-0.258,0.087,0.162,1.0,-0.015
2,y3,-0.211,-0.181,-0.019,0.101,0.122,-0.2,-0.083,0.019,-0.17,-0.324,-0.03,0.222,0.184,-0.107,-0.015,1.0
3,.,1.0,-0.149,-0.419,-0.412,-0.177,-0.339,-0.079,0.284,0.127,0.109,0.249,-0.028,-0.014,0.195,0.265,-0.213
3,A1_1,-0.149,1.0,-0.221,-0.08,-0.265,0.074,-0.103,0.115,0.022,-0.151,-0.08,0.206,0.164,0.212,-0.186,-0.183
3,A1_2,-0.419,-0.221,1.0,0.007,0.388,0.229,0.186,-0.144,-0.487,-0.018,-0.178,-0.127,-0.416,-0.035,-0.119,-0.024
3,A1_3,-0.412,-0.08,0.007,1.0,-0.157,0.172,-0.107,-0.231,-0.076,-0.114,-0.245,0.199,0.15,-0.306,0.072,0.103
3,B1_1,-0.177,-0.265,0.388,-0.157,1.0,0.154,0.142,0.087,0.079,0.11,-0.029,-0.386,-0.256,-0.118,0.167,0.123
3,B1_2,-0.339,0.074,0.229,0.172,0.154,1.0,0.223,-0.182,0.013,-0.315,-0.28,-0.045,-0.057,0.255,0.013,-0.202
3,B1_3,-0.079,-0.103,0.186,-0.107,0.142,0.223,1.0,0.187,0.113,-0.29,-0.094,-0.186,0.018,0.258,-0.014,-0.084
3,A2_1,0.284,0.115,-0.144,-0.231,0.087,-0.182,0.187,1.0,-0.0,0.055,-0.306,0.167,0.292,0.265,-0.04,0.021
3,A2_2,0.127,0.022,-0.487,-0.076,0.079,0.013,0.113,-0.0,1.0,0.204,-0.136,-0.261,0.101,-0.003,0.042,-0.17
3,A2_3,0.109,-0.151,-0.018,-0.114,0.11,-0.315,-0.29,0.055,0.204,1.0,0.213,-0.226,-0.015,-0.254,0.091,-0.322
3,B2_1,0.249,-0.08,-0.178,-0.245,-0.029,-0.28,-0.094,-0.306,-0.136,0.213,1.0,-0.043,-0.033,0.056,0.314,-0.027
3,B2_2,-0.028,0.206,-0.127,0.199,-0.386,-0.045,-0.186,0.167,-0.261,-0.226,-0.043,1.0,0.302,0.254,-0.257,0.224
3,B2_3,-0.014,0.164,-0.416,0.15,-0.256,-0.057,0.018,0.292,0.101,-0.015,-0.033,0.302,1.0,-0.016,0.087,0.187
3,y1,0.195,0.212,-0.035,-0.306,-0.118,0.255,0.258,0.265,-0.003,-0.254,0.056,0.254,-0.016,1.0,0.16,-0.106
3,y2,0.265,-0.186,-0.119,0.072,0.167,0.013,-0.014,-0.04,0.042,0.091,0.314,-0.257,0.087,0.16,1.0,-0.014
3,y3,-0.213,-0.183,-0.024,0.103,0.123,-0.202,-0.084,0.021,-0.17,-0.322,-0.027,0.224,0.187,-0.106,-0.014,1.0
4,.,1.0,-0.16,-0.421,-0.409,-0.182,-0.341,-0.082,0.282,0.13,0.113,0.249,-0.034,-0.012,0.19,0.273,-0.213
4,A1_1,-0.16,1.0,-0.22,-0.077,-0.264,0.077,-0.101,0.115,0.022,-0.152,-0.078,0.206,0.163,0.21,-0.185,-0.184
4,A1_2,-0.421,-0.22,1.0,0.008,0.388,0.23,0.186,-0.143,-0.487,-0.018,-0.178,-0.125,-0.416,-0.035,-0.124,-0.029
4,A1_3,-0.409,-0.077,0.008,1.0,-0.158,0.173,-0.108,-0.236,-0.076,-0.117,-0.247,0.197,0.147,-0.3,0.075,0.105
4,B1_1,-0.182,-0.264,0.388,-0.158,1.0,0.155,0.141,0.088,0.078,0.11,-0.029,-0.382,-0.255,-0.115,0.163,0.122
4,B1_2,-0.341,0.077,0.23,0.173,0.155,1.0,0.223,-0.179,0.014,-0.313,-0.28,-0.043,-0.057,0.254,0.01,-0.205
4,B1_3,-0.082,-0.101,0.186,-0.108,0.141,0.223,1.0,0.189,0.113,-0.291,-0.095,-0.185,0.02,0.259,-0.016,-0.084
4,A2_1,0.282,0.115,-0.143,-0.236,0.088,-0.179,0.189,1.0,-0.002,0.051,-0.305,0.168,0.292,0.27,-0.036,0.023
4,A2_2,0.13,0.022,-0.487,-0.076,0.078,0.014,0.113,-0.002,1.0,0.203,-0.136,-0.262,0.099,-0.003,0.046,-0.169
4,A2_3,0.113,-0.152,-0.018,-0.117,0.11,-0.313,-0.291,0.051,0.203,1.0,0.212,-0.227,-0.017,-0.252,0.094,-0.321
4,B2_1,0.249,-0.078,-0.178,-0.247,-0.029,-0.28,-0.095,-0.305,-0.136,0.212,1.0,-0.043,-0.033,0.058,0.313,-0.027
4,B2_2,-0.034,0.206,-0.125,0.197,-0.382,-0.043,-0.185,0.168,-0.262,-0.227,-0.043,1.0,0.303,0.256,-0.257,0.226
4,B2_3,-0.012,0.163,-0.416,0.147,-0.255,-0.057,0.02,0.292,0.099,-0.017,-0.033,0.303,1.0,-0.014,0.09,0.192
4,y1,0.19,0.21,-0.035,-0.3,-0.115,0.254,0.259,0.27,-0.003,-0.252,0.058,0.256,-0.014,1.0,0.163,-0.104
4,y2,0.273,-0.185,-0.124,0.075,0.163,0.01,-0.016,-0.036,0.046,0.094,0.313,-0.257,0.09,0.163,1.0,-0.012
4,y3,-0.213,-0.184,-0.029,0.105,0.122,-0.205,-0.084,0.023,-0.169,-0.321,-0.027,0.226,0.192,-0.104,-0.012,1.0
5,.,1.0,-0.17,-0.421,-0.406,-0.185,-0.344,-0.085,0.28,0.127,0.119,0.254,-0.04,-0.01,0.191,0.283,-0.214
5,A1_1,-0.17,1.0,-0.218,-0.076,-0.261,0.078,-0.1,0.114,0.021,-0.151,-0.078,0.206,0.163,0.207,-0.184,-0.182
5,A1_2,-0.421,-0.218,1.0,0.01,0.388,0.231,0.186,-0.142,-0.486,-0.016,-0.177,-0.125,-0.416,-0.038,-0.128,-0.034
5,A1_3,-0.406,-0.076,0.01,1.0,-0.159,0.171,-0.109,-0.239,-0.076,-0.118,-0.249,0.195,0.144,-0.296,0.079,0.105
5,B1_1,-0.185,-0.261,0.388,-0.159,1.0,0.156,0.141,0.091,0.077,0.108,-0.028,-0.378,-0.254,-0.114,0.16,0.121
5,B1_2,-0.344,0.078,0.231,0.171,0.156,1.0,0.224,-0.176,0.016,-0.313,-0.28,-0.041,-0.056,0.253,0.006,-0.207
5,B1_3,-0.085,-0.1,0.186,-0.109,0.141,0.224,1.0,0.191,0.113,-0.293,-0.096,-0.183,0.021,0.26,-0.019,-0.083
5,A2_1,0.28,0.114,-0.142,-0.239,0.091,-0.176,0.191,1.0,-0.005,0.048,-0.305,0.168,0.291,0.276,-0.032,0.025
5,A2_2,0.127,0.021,-0.486,-0.076,0.077,0.016,0.113,-0.005,1.0,0.198,-0.135,-0.261,0.097,-0.003,0.046,-0.17
5,A2_3,0.119,-0.151,-0.016,-0.118,0.108,-0.313,-0.293,0.048,0.198,1.0,0.212,-0.228,-0.018,-0.252,0.095,-0.32
5,B2_1,0.254,-0.078,-0.177,-0.249,-0.028,-0.28,-0.096,-0.305,-0.135,0.212,1.0,-0.042,-0.033,0.059,0.313,-0.026
5,B2_2,-0.04,0.206,-0.125,0.195,-0.378,-0.041,-0.183,0.168,-0.261,-0.228,-0.042,1.0,0.304,0.256,-0.256,0.227
5,B2_3,-0.01,0.163,-0.416,0.144,-0.254,-0.056,0.021,0.291,0.097,-0.018,-0.033,0.304,1.0,-0.009,0.094,0.194
5,y1,0.191,0.207,-0.038,-0.296,-0.114,0.253,0.26,0.276,-0.003,-0.252,0.059,0.256,-0.009,1.0,0.164,-0.103
5,y2,0.283,-0.184,-0.128,0.079,0.16,0.006,-0.019,-0.032,0.046,0.095,0.313,-0.256,0.094,0.164,1.0,-0.012
5,y3,-0.214,-0.182,-0.034,0.105,0.121,-0.207,-0.083,0.025,-0.17,-0.32,-0.026,0.227,0.194,-0.103,-0.012,1.0
6,.,1.0,-0.179,-0.423,-0.399,-0.193,-0.348,-0.089,0.275,0.128,0.122,0.256,-0.044,-0.01,0.188,0.29,-0.215
6,A1_1,-0.179,1.0,-0.216,-0.075,-0.26,0.08,-0.099,0.113,0.021,-0.153,-0.077,0.206,0.163,0.206,-0.185,-0.181
6,A1_2,-0.423,-0.216,1.0,0.011,0.388,0.233,0.188,-0.14,-0.485,-0.015,-0.176,-0.122,-0.415,-0.038,-0.13,-0.039
6,A1_3,-0.399,-0.075,0.011,1.0,-0.159,0.169,-0.109,-0.24,-0.077,-0.118,-0.25,0.193,0.141,-0.296,0.079,0.107
6,B1_1,-0.193,-0.26,0.388,-0.159,1.0,0.156,0.142,0.092,0.077,0.108,-0.028,-0.374,-0.252,-0.113,0.157,0.121
6,B1_2,-0.348,0.08,0.233,0.169,0.156,1.0,0.225,-0.174,0.016,-0.312,-0.281,-0.039,-0.056,0.251,0.001,-0.209
6,B1_3,-0.089,-0.099,0.188,-0.109,0.142,0.225,1.0,0.192,0.111,-0.292,-0.096,-0.18,0.022,0.262,-0.023,-0.083
6,A2_1,0.275,0.113,-0.14,-0.24,0.092,-0.174,0.192,1.0,-0.007,0.045,-0.304,0.17,0.291,0.279,-0.029,0.027
6,A2_2,0.128,0.021,-0.485,-0.077,0.077,0.016,0.111,-0.007,1.0,0.198,-0.136,-0.262,0.096,-0.004,0.049,-0.17
6,A2_3,0.122,-0.153,-0.015,-0.118,0.108,-0.312,-0.292,0.045,0.198,1.0,0.212,-0.23,-0.021,-0.25,0.099,-0.32
6,B2_1,0.256,-0.077,-0.176,-0.25,-0.028,-0.281,-0.096,-0.304,-0.136,0.212,1.0,-0.041,-0.034,0.063,0.313,-0.024
6,B2_2,-0.044,0.206,-0.122,0.193,-0.374,-0.039,-0.18,0.17,-0.262,-0.23,-0.041,1.0,0.304,0.258,-0.256,0.226
6,B2_3,-0.01,0.163,-0.415,0.141,-0.252,-0.056,0.022,0.291,0.096,-0.021,-0.034,0.304,1.0,-0.008,0.094,0.196
6,y1,0.188,0.206,-0.038,-0.296,-0.113,0.251,0.262,0.279,-0.004,-0.25,0.063,0.258,-0.008,1.0,0.165,-0.105
6,y2,0.29,-0.185,-0.13,0.079,0.157,0.001,-0.023,-0.029,0.049,0.099,0.313,-0.256,0.094,0.165,1.0,-0.01
6,y3,-0.215,-0.181,-0.039,0.107,0.121,-0.209,-0.083,0.027,-0.17,-0.32,-0.024,0.226,0.196,-0.105,-0.01,1.0
7,.,1.0,-0.188,-0.422,-0.396,-0.195,-0.352,-0.093,0.274,0.126,0.125,0.255,-0.05,-0.013,0.188,0.296,-0.214
7,A1_1,-0.188,1.0,-0.214,-0.074,-0.259,0.08,-0.099,0.113,0.021,-0.153,-0.077,0.206,0.162,0.205,-0.184,-0.182
7,A1_2,-0.422,-0.214,1.0,0.012,0.388,0.233,0.188,-0.139,-0.483,-0.013,-0.177,-0.122,-0.414,-0.039,-0.135,-0.042
7,A1_3,-0.396,-0.074,0.012,1.0,-0.16,0.17,-0.111,-0.243,-0.077,-0.117,-0.25,0.192,0.14,-0.295,0.081,0.109
7,B1_1,-0.195,-0.259,0.388,-0.16,1.0,0.157,0.142,0.094,0.077,0.108,-0.029,-0.372,-0.25,-0.113,0.154,0.124
7,B1_2,-0.352,0.08,0.233,0.17,0.157,1.0,0.226,-0.173,0.017,-0.313,-0.281,-0.038,-0.055,0.248,-0.002,-0.21
7,B1_3,-0.093,-0.099,0.188,-0.111,0.142,0.226,1.0,0.192,0.113,-0.294,-0.097,-0.178,0.022,0.263,-0.024,-0.083
7,A2_1,0.274,0.113,-0.139,-0.243,0.094,-0.173,0.192,1.0,-0.008,0.043,-0.304,0.169,0.291,0.282,-0.024,0.028
7,A2_2,0.126,0.021,-0.483,-0.077,0.077,0.017,0.113,-0.008,1.0,0.196,-0.136,-0.261,0.094,-0.006,0.05,-0.17
7,A2_3,0.125,-0.153,-0.013,-0.117,0.108,-0.313,-0.294,0.043,0.196,1.0,0.212,-0.23,-0.024,-0.25,0.101,-0.318
7,B2_1,0.255,-0.077,-0.177,-0.25,-0.029,-0.281,-0.097,-0.304,-0.136,0.212,1.0,-0.041,-0.034,0.064,0.314,-0.023
7,B2_2,-0.05,0.206,-0.122,0.192,-0.372,-0.038,-0.178,0.169,-0.261,-0.23,-0.041,1.0,0.306,0.26,-0.254,0.226
7,B2_3,-0.013,0.162,-0.414,0.14,-0.25,-0.055,0.022,0.291,0.094,-0.024,-0.034,0.306,1.0,-0.006,0.096,0.199
7,y1,0.188,0.205,-0.039,-0.295,-0.113,0.248,0.263,0.282,-0.006,-0.25,0.064,0.26,-0.006,1.0,0.166,-0.105
7,y2,0.296,-0.184,-0.135,0.081,0.154,-0.002,-0.024,-0.024,0.05,0.101,0.314,-0.254,0.096,0.166,1.0,-0.007
7,y3,-0.214,-0.182,-0.042,0.109,0.124,-0.21,-0.083,0.028,-0.17,-0.318,-0.023,0.226,0.199,-0.105,-0.007,1.0
8,.,1.0,-0.194,-0.421,-0.397,-0.199,-0.357,-0.095,0.272,0.125,0.127,0.256,-0.053,-0.013,0.186,0.299,-0.212
8,A1_1,-0.194,1.0,-0.212,-0.075,-0.259,0.081,-0.098,0.113,0.02,-0.156,-0.076,0.207,0.162,0.205,-0.184,-0.182
8,A1_2,-0.421,-0.212,1.0,0.013,0.387,0.233,0.189,-0.137,-0.483,-0.014,-0.177,-0.121,-0.414,-0.04,-0.138,-0.045
8,A1_3,-0.397,-0.075,0.013,1.0,-0.16,0.169,-0.112,-0.246,-0.076,-0.116,-0.251,0.191,0.138,-0.295,0.08,0.108
8,B1_1,-0.199,-0.259,0.387,-0.16,1.0,0.157,0.142,0.095,0.076,0.107,-0.029,-0.37,-0.249,-0.111,0.152,0.123
8,B1_2,-0.357,0.081,0.233,0.169,0.157,1.0,0.227,-0.172,0.019,-0.313,-0.281,-0.037,-0.055,0.246,-0.004,-0.212
8,B1_3,-0.095,-0.098,0.189,-0.112,0.142,0.227,1.0,0.193,0.113,-0.294,-0.097,-0.176,0.023,0.262,-0.026,-0.082
8,A2_1,0.272,0.113,-0.137,-0.246,0.095,-0.172,0.193,1.0,-0.009,0.041,-0.304,0.169,0.29,0.285,-0.02,0.026
8,A2_2,0.125,0.02,-0.483,-0.076,0.076,0.019,0.113,-0.009,1.0,0.197,-0.136,-0.261,0.093,-0.006,0.052,-0.169
8,A2_3,0.127,-0.156,-0.014,-0.116,0.107,-0.313,-0.294,0.041,0.197,1.0,0.212,-0.231,-0.026,-0.247,0.104,-0.317
8,B2_1,0.256,-0.076,-0.177,-0.251,-0.029,-0.281,-0.097,-0.304,-0.136,0.212,1.0,-0.04,-0.034,0.066,0.314,-0.02
8,B2_2,-0.053,0.207,-0.121,0.191,-0.37,-0.037,-0.176,0.169,-0.261,-0.231,-0.04,1.0,0.307,0.261,-0.253,0.226
8,B2_3,-0.013,0.162,-0.414,0.138,-0.249,-0.055,0.023,0.29,0.093,-0.026,-0.034,0.307,1.0,-0.003,0.099,0.201
8,y1,0.186,0.205,-0.04,-0.295,-0.111,0.246,0.262,0.285,-0.006,-0.247,0.066,0.261,-0.003,1.0,0.167,-0.102
8,y2,0.299,-0.184,-0.138,0.08,0.152,-0.004,-0.026,-0.02,0.052,0.104,0.314,-0.253,0.099,0.167,1.0,-0.003
8,y3,-0.212,-0.182,-0.045,0.108,0.123,-0.212,-0.082,0.026,-0.169,-0.317,-0.02,0.226,0.201,-0.102,-0.003,1.0
9,.,1.0,-0.197,-0.424,-0.394,-0.205,-0.36,-0.097,0.271,0.127,0.129,0.254,-0.057,-0.013,0.187,0.301,-0.215
9,A1_1,-0.197,1.0,-0.212,-0.074,-0.258,0.081,-0.097,0.113,0.022,-0.155,-0.076,0.206,0.161,0.206,-0.183,-0.181
9,A1_2,-0.424,-0.212,1.0,0.013,0.388,0.234,0.19,-0.137,-0.482,-0.013,-0.177,-0.121,-0.413,-0.041,-0.142,-0.046
9,A1_3,-0.394,-0.074,0.013,1.0,-0.161,0.168,-0.112,-0.245,-0.075,-0.116,-0.253,0.19,0.138,-0.295,0.082,0.109
9,B1_1,-0.205,-0.258,0.388,-0.161,1.0,0.158,0.143,0.095,0.076,0.105,-0.03,-0.368,-0.248,-0.111,0.149,0.124
9,B1_2,-0.36,0.081,0.234,0.168,0.158,1.0,0.228,-0.171,0.019,-0.312,-0.281,-0.037,-0.054,0.245,-0.006,-0.213
9,B1_3,-0.097,-0.097,0.19,-0.112,0.143,0.228,1.0,0.193,0.114,-0.294,-0.097,-0.175,0.024,0.263,-0.028,-0.083
9,A2_1,0.271,0.113,-0.137,-0.245,0.095,-0.171,0.193,1.0,-0.011,0.039,-0.304,0.169,0.29,0.288,-0.017,0.027
9,A2_2,0.127,0.022,-0.482,-0.075,0.076,0.019,0.114,-0.011,1.0,0.195,-0.136,-0.261,0.093,-0.007,0.053,-0.169
9,A2_3,0.129,-0.155,-0.013,-0.116,0.105,-0.312,-0.294,0.039,0.195,1.0,0.213,-0.231,-0.027,-0.245,0.107,-0.316
9,B2_1,0.254,-0.076,-0.177,-0.253,-0.03,-0.281,-0.097,-0.304,-0.136,0.213,1.0,-0.039,-0.034,0.067,0.314,-0.019
9,B2_2,-0.057,0.206,-0.121,0.19,-0.368,-0.037,-0.175,0.169,-0.261,-0.231,-0.039,1.0,0.308,0.262,-0.251,0.225
9,B2_3,-0.013,0.161,-0.413,0.138,-0.248,-0.054,0.024,0.29,0.093,-0.027,-0.034,0.308,1.0,-0.001,0.101,0.203
9,y1,0.187,0.206,-0.041,-0.295,-0.111,0.245,0.263,0.288,-0.007,-0.245,0.067,0.262,-0.001,1.0,0.169,-0.101
9,y2,0.301,-0.183,-0.142,0.082,0.149,-0.006,-0.028,-0.017,0.053,0.107,0.314,-0.251,0.101,0.169,1.0,-0.0
9,y3,-0.215,-0.181,-0.046,0.109,0.124,-0.213,-0.083,0.027,-0.169,-0.316,-0.019,0.225,0.203,-0.101,-0.0,1.0
10,.,1.0,-0.203,-0.424,-0.389,-0.211,-0.362,-0.101,0.269,0.125,0.132,0.256,-0.06,-0.013,0.187,0.305,-0.215
10,A1_1,-0.203,1.0,-0.212,-0.075,-0.258,0.081,-0.096,0.114,0.022,-0.154,-0.076,0.206,0.161,0.207,-0.182,-0.182
10,A1_2,-0.424,-0.212,1.0,0.012,0.389,0.235,0.19,-0.136,-0.482,-0.012,-0.176,-0.122,-0.414,-0.044,-0.145,-0.049
10,A1_3,-0.389,-0.075,0.012,1.0,-0.161,0.169,-0.112,-0.246,-0.074,-0.116,-0.253,0.189,0.138,-0.295,0.084,0.109
10,B1_1,-0.211,-0.258,0.389,-0.161,1.0,0.159,0.143,0.094,0.075,0.105,-0.029,-0.367,-0.248,-0.11,0.147,0.125
10,B1_2,-0.362,0.081,0.235,0.169,0.159,1.0,0.228,-0.172,0.019,-0.311,-0.281,-0.035,-0.054,0.242,-0.009,-0.214
10,B1_3,-0.101,-0.096,0.19,-0.112,0.143,0.228,1.0,0.194,0.114,-0.294,-0.097,-0.174,0.024,0.262,-0.029,-0.083
10,A2_1,0.269,0.114,-0.136,-0.246,0.094,-0.172,0.194,1.0,-0.011,0.039,-0.303,0.17,0.29,0.29,-0.014,0.028
10,A2_2,0.125,0.022,-0.482,-0.074,0.075,0.019,0.114,-0.011,1.0,0.195,-0.135,-0.261,0.093,-0.008,0.054,-0.168
10,A2_3,0.132,-0.154,-0.012,-0.116,0.105,-0.311,-0.294,0.039,0.195,1.0,0.212,-0.232,-0.027,-0.243,0.109,-0.314
10,B2_1,0.256,-0.076,-0.176,-0.253,-0.029,-0.281,-0.097,-0.303,-0.135,0.212,1.0,-0.039,-0.035,0.07,0.316,-0.018
10,B2_2,-0.06,0.206,-0.122,0.189,-0.367,-0.035,-0.174,0.17,-0.261,-0.232,-0.039,1.0,0.308,0.263,-0.249,0.225
10,B2_3,-0.013,0.161,-0.414,0.138,-0.248,-0.054,0.024,0.29,0.093,-0.027,-0.035,0.308,1.0,0.001,0.105,0.203
10,y1,0.187,0.207,-0.044,-0.295,-0.11,0.242,0.262,0.29,-0.008,-0.243,0.07,0.263,0.001,1.0,0.172,-0.1
10,y2,0.305,-0.182,-0.145,0.084,0.147,-0.009,-0.029,-0.014,0.054,0.109,0.316,-0.249,0.105,0.172,1.0,0.003
10,y3,-0.215,-0.182,-0.049,0.109,0.125,-0.214,-0.083,0.028,-0.168,-0.314,-0.018,0.225,0.203,-0.1,0.003,1.0
11,.,1.0,-0.203,-0.424,-0.387,-0.215,-0.365,-0.102,0.268,0.124,0.133,0.253,-0.062,-0.014,0.189,0.306,-0.216
11,A1_1,-0.203,1.0,-0.211,-0.077,-0.258,0.081,-0.096,0.114,0.024,-0.153,-0.076,0.206,0.16,0.205,-0.183,-0.183
11,A1_2,-0.424,-0.211,1.0,0.013,0.388,0.235,0.19,-0.136,-0.482,-0.013,-0.176,-0.122,-0.413,-0.043,-0.146,-0.051
11,A1_3,-0.387,-0.077,0.013,1.0,-0.16,0.169,-0.112,-0.247,-0.072,-0.116,-0.254,0.189,0.137,-0.296,0.085,0.11
11,B1_1,-0.215,-0.258,0.388,-0.16,1.0,0.159,0.143,0.095,0.074,0.104,-0.029,-0.366,-0.248,-0.11,0.146,0.126
11,B1_2,-0.365,0.081,0.235,0.169,0.159,1.0,0.229,-0.171,0.019,-0.31,-0.28,-0.035,-0.054,0.24,-0.011,-0.214
11,B1_3,-0.102,-0.096,0.19,-0.112,0.143,0.229,1.0,0.194,0.114,-0.294,-0.097,-0.174,0.025,0.263,-0.03,-0.082
11,A2_1,0.268,0.114,-0.136,-0.247,0.095,-0.171,0.194,1.0,-0.01,0.04,-0.305,0.169,0.29,0.29,-0.011,0.029
11,A2_2,0.124,0.024,-0.482,-0.072,0.074,0.019,0.114,-0.01,1.0,0.192,-0.136,-0.26,0.093,-0.01,0.052,-0.166
11,A2_3,0.133,-0.153,-0.013,-0.116,0.104,-0.31,-0.294,0.04,0.192,1.0,0.213,-0.231,-0.029,-0.24,0.108,-0.315
11,B2_1,0.253,-0.076,-0.176,-0.254,-0.029,-0.28,-0.097,-0.305,-0.136,0.213,1.0,-0.039,-0.035,0.073,0.315,-0.018
11,B2_2,-0.062,0.206,-0.122,0.189,-0.366,-0.035,-0.174,0.169,-0.26,-0.231,-0.039,1.0,0.308,0.263,-0.247,0.225
11,B2_3,-0.014,0.16,-0.413,0.137,-0.248,-0.054,0.025,0.29,0.093,-0.029,-0.035,0.308,1.0,0.001,0.107,0.205
11,y1,0.189,0.205,-0.043,-0.296,-0.11,0.24,0.263,0.29,-0.01,-0.24,0.073,0.263,0.001,1.0,0.172,-0.098
11,y2,0.306,-0.183,-0.146,0.085,0.146,-0.011,-0.03,-0.011,0.052,0.108,0.315,-0.247,0.107,0.172,1.0,0.007
11,y3,-0.216,-0.183,-0.051,0.11,0.126,-0.214,-0.082,0.029,-0.166,-0.315,-0.018,0.225,0.205,-0.098,0.007,1.0
12,.,1.0,-0.209,-0.425,-0.386,-0.217,-0.367,-0.109,0.268,0.124,0.137,0.25,-0.067,-0.015,0.189,0.309,-0.216
12,A1_1,-0.209,1.0,-0.208,-0.075,-0.258,0.081,-0.096,0.114,0.024,-0.151,-0.076,0.206,0.158,0.204,-0.182,-0.181
12,A1_2,-0.425,-0.208,1.0,0.015,0.388,0.236,0.191,-0.134,-0.479,-0.01,-0.176,-0.121,-0.412,-0.043,-0.148,-0.053
12,A1_3,-0.386,-0.075,0.015,1.0,-0.161,0.169,-0.112,-0.247,-0.071,-0.115,-0.256,0.188,0.135,-0.295,0.086,0.11
12,B1_1,-0.217,-0.258,0.388,-0.161,1.0,0.16,0.144,0.096,0.075,0.103,-0.029,-0.362,-0.246,-0.108,0.142,0.126
12,B1_2,-0.367,0.081,0.236,0.169,0.16,1.0,0.23,-0.171,0.021,-0.31,-0.279,-0.034,-0.053,0.239,-0.012,-0.215
12,B1_3,-0.109,-0.096,0.191,-0.112,0.144,0.23,1.0,0.195,0.116,-0.296,-0.097,-0.172,0.025,0.265,-0.032,-0.082
12,A2_1,0.268,0.114,-0.134,-0.247,0.096,-0.171,0.195,1.0,-0.011,0.037,-0.304,0.17,0.29,0.291,-0.007,0.032
12,A2_2,0.124,0.024,-0.479,-0.071,0.075,0.021,0.116,-0.011,1.0,0.191,-0.136,-0.26,0.091,-0.011,0.052,-0.167
12,A2_3,0.137,-0.151,-0.01,-0.115,0.103,-0.31,-0.296,0.037,0.191,1.0,0.212,-0.233,-0.031,-0.24,0.106,-0.316
12,B2_1,0.25,-0.076,-0.176,-0.256,-0.029,-0.279,-0.097,-0.304,-0.136,0.212,1.0,-0.038,-0.036,0.074,0.311,-0.018
12,B2_2,-0.067,0.206,-0.121,0.188,-0.362,-0.034,-0.172,0.17,-0.26,-0.233,-0.038,1.0,0.309,0.262,-0.249,0.224
12,B2_3,-0.015,0.158,-0.412,0.135,-0.246,-0.053,0.025,0.29,0.091,-0.031,-0.036,0.309,1.0,0.001,0.109,0.209
12,y1,0.189,0.204,-0.043,-0.295,-0.108,0.239,0.265,0.291,-0.011,-0.24,0.074,0.262,0.001,1.0,0.175,-0.096
12,y2,0.309,-0.182,-0.148,0.086,0.142,-0.012,-0.032,-0.007,0.052,0.106,0.311,-0.249,0.109,0.175,1.0,0.011
12,y3,-0.216,-0.181,-0.053,0.11,0.126,-0.215,-0.082,0.032,-0.167,-0.316,-0.018,0.224,0.209,-0.096,0.011,1.0
13,.,1.0,-0.213,-0.424,-0.382,-0.22,-0.365,-0.108,0.266,0.125,0.139,0.247,-0.071,-0.017,0.187,0.308,-0.221
13,A1_1,-0.213,1.0,-0.207,-0.075,-0.258,0.081,-0.097,0.114,0.024,-0.152,-0.076,0.205,0.158,0.202,-0.18,-0.181
13,A1_2,-0.424,-0.207,1.0,0.015,0.388,0.237,0.19,-0.134,-0.48,-0.009,-0.175,-0.122,-0.412,-0.043,-0.148,-0.056
13,A1_3,-0.382,-0.075,0.015,1.0,-0.161,0.167,-0.113,-0.246,-0.07,-0.114,-0.255,0.189,0.134,-0.296,0.087,0.111
13,B1_1,-0.22,-0.258,0.388,-0.161,1.0,0.161,0.144,0.096,0.074,0.102,-0.029,-0.362,-0.245,-0.106,0.141,0.126
13,B1_2,-0.365,0.081,0.237,0.167,0.161,1.0,0.23,-0.171,0.022,-0.309,-0.279,-0.033,-0.052,0.239,-0.013,-0.215
13,B1_3,-0.108,-0.097,0.19,-0.113,0.144,0.23,1.0,0.195,0.116,-0.295,-0.097,-0.171,0.026,0.266,-0.031,-0.081
13,A2_1,0.266,0.114,-0.134,-0.246,0.096,-0.171,0.195,1.0,-0.011,0.035,-0.305,0.169,0.289,0.292,-0.006,0.032
13,A2_2,0.125,0.024,-0.48,-0.07,0.074,0.022,0.116,-0.011,1.0,0.19,-0.137,-0.26,0.091,-0.011,0.053,-0.165
13,A2_3,0.139,-0.152,-0.009,-0.114,0.102,-0.309,-0.295,0.035,0.19,1.0,0.212,-0.233,-0.032,-0.24,0.106,-0.316
13,B2_1,0.247,-0.076,-0.175,-0.255,-0.029,-0.279,-0.097,-0.305,-0.137,0.212,1.0,-0.038,-0.036,0.075,0.312,-0.017
13,B2_2,-0.071,0.205,-0.122,0.189,-0.362,-0.033,-0.171,0.169,-0.26,-0.233,-0.038,1.0,0.309,0.26,-0.249,0.224
13,B2_3,-0.017,0.158,-0.412,0.134,-0.245,-0.052,0.026,0.289,0.091,-0.032,-0.036,0.309,1.0,0.002,0.109,0.21
13,y1,0.187,0.202,-0.043,-0.296,-0.106,0.239,0.266,0.292,-0.011,-0.24,0.075,0.26,0.002,1.0,0.175,-0.094
13,y2,0.308,-0.18,-0.148,0.087,0.141,-0.013,-0.031,-0.006,0.053,0.106,0.312,-0.249,0.109,0.175,1.0,0.014
13,y3,-0.221,-0.181,-0.056,0.111,0.126,-0.215,-0.081,0.032,-0.165,-0.316,-0.017,0.224,0.21,-0.094,0.014,1.0
14,.,1.0,-0.215,-0.424,-0.38,-0.221,-0.367,-0.108,0.265,0.127,0.142,0.246,-0.074,-0.017,0.187,0.308,-0.222
14,A1_1,-0.215,1.0,-0.206,-0.075,-0.257,0.082,-0.097,0.113,0.024,-0.151,-0.076,0.204,0.157,0.201,-0.181,-0.18
14,A1_2,-0.424,-0.206,1.0,0.014,0.388,0.236,0.19,-0.133,-0.479,-0.008,-0.175,-0.122,-0.411,-0.041,-0.148,-0.058
14,A1_3,-0.38,-0.075,0.014,1.0,-0.162,0.167,-0.113,-0.247,-0.069,-0.114,-0.255,0.188,0.134,-0.297,0.087,0.111
14,B1_1,-0.221,-0.257,0.388,-0.162,1.0,0.161,0.144,0.097,0.074,0.101,-0.029,-0.362,-0.245,-0.105,0.141,0.126
14,B1_2,-0.367,0.082,0.236,0.167,0.161,1.0,0.231,-0.171,0.021,-0.308,-0.279,-0.033,-0.052,0.239,-0.014,-0.216
14,B1_3,-0.108,-0.097,0.19,-0.113,0.144,0.231,1.0,0.195,0.116,-0.295,-0.097,-0.171,0.026,0.266,-0.031,-0.081
14,A2_1,0.265,0.113,-0.133,-0.247,0.097,-0.171,0.195,1.0,-0.012,0.035,-0.306,0.168,0.289,0.292,-0.006,0.034
14,A2_2,0.127,0.024,-0.479,-0.069,0.074,0.021,0.116,-0.012,1.0,0.191,-0.137,-0.261,0.091,-0.015,0.053,-0.164
14,A2_3,0.142,-0.151,-0.008,-0.114,0.101,-0.308,-0.295,0.035,0.191,1.0,0.212,-0.235,-0.032,-0.242,0.107,-0.317
14,B2_1,0.246,-0.076,-0.175,-0.255,-0.029,-0.279,-0.097,-0.306,-0.137,0.212,1.0,-0.038,-0.036,0.077,0.312,-0.016
14,B2_2,-0.074,0.204,-0.122,0.188,-0.362,-0.033,-0.171,0.168,-0.261,-0.235,-0.038,1.0,0.309,0.26,-0.249,0.224
14,B2_3,-0.017,0.157,-0.411,0.134,-0.245,-0.052,0.026,0.289,0.091,-0.032,-0.036,0.309,1.0,0.001,0.11,0.211
14,y1,0.187,0.201,-0.041,-0.297,-0.105,0.239,0.266,0.292,-0.015,-0.242,0.077,0.26,0.001,1.0,0.175,-0.092
14,y2,0.308,-0.181,-0.148,0.087,0.141,-0.014,-0.031,-0.006,0.053,0.107,0.312,-0.249,0.11,0.175,1.0,0.018
14,y3,-0.222,-0.18,-0.058,0.111,0.126,-0.216,-0.081,0.034,-0.164,-0.317,-0.016,0.224,0.211,-0.092,0.018,1.0
15,.,1.0,-0.217,-0.425,-0.381,-0.223,-0.367,-0.108,0.265,0.128,0.143,0.245,-0.075,-0.017,0.187,0.307,-0.222
15,A1_1,-0.217,1.0,-0.205,-0.076,-0.257,0.082,-0.096,0.112,0.025,-0.15,-0.076,0.203,0.157,0.198,-0.182,-0.18
15,A1_2,-0.425,-0.205,1.0,0.015,0.387,0.235,0.189,-0.132,-0.479,-0.007,-0.175,-0.122,-0.411,-0.041,-0.149,-0.059
15,A1_3,-0.381,-0.076,0.015,1.0,-0.162,0.166,-0.113,-0.247,-0.069,-0.112,-0.255,0.189,0.134,-0.296,0.088,0.11
15,B1_1,-0.223,-0.257,0.387,-0.162,1.0,0.161,0.145,0.097,0.073,0.1,-0.029,-0.361,-0.245,-0.104,0.141,0.127
15,B1_2,-0.367,0.082,0.235,0.166,0.161,1.0,0.231,-0.171,0.022,-0.308,-0.279,-0.033,-0.052,0.239,-0.016,-0.217
15,B1_3,-0.108,-0.096,0.189,-0.113,0.145,0.231,1.0,0.195,0.117,-0.296,-0.097,-0.171,0.026,0.269,-0.032,-0.081
15,A2_1,0.265,0.112,-0.132,-0.247,0.097,-0.171,0.195,1.0,-0.011,0.034,-0.306,0.168,0.289,0.293,-0.005,0.035
15,A2_2,0.128,0.025,-0.479,-0.069,0.073,0.022,0.117,-0.011,1.0,0.19,-0.138,-0.261,0.091,-0.014,0.052,-0.165
15,A2_3,0.143,-0.15,-0.007,-0.112,0.1,-0.308,-0.296,0.034,0.19,1.0,0.211,-0.235,-0.033,-0.244,0.107,-0.316
15,B2_1,0.245,-0.076,-0.175,-0.255,-0.029,-0.279,-0.097,-0.306,-0.138,0.211,1.0,-0.038,-0.036,0.076,0.312,-0.015
15,B2_2,-0.075,0.203,-0.122,0.189,-0.361,-0.033,-0.171,0.168,-0.261,-0.235,-0.038,1.0,0.309,0.26,-0.249,0.225
15,B2_3,-0.017,0.157,-0.411,0.134,-0.245,-0.052,0.026,0.289,0.091,-0.033,-0.036,0.309,1.0,0.002,0.111,0.211
15,y1,0.187,0.198,-0.041,-0.296,-0.104,0.239,0.269,0.293,-0.014,-0.244,0.076,0.26,0.002,1.0,0.176,-0.088
15,y2,0.307,-0.182,-0.149,0.088,0.141,-0.016,-0.032,-0.005,0.052,0.107,0.312,-0.249,0.111,0.176,1.0,0.021
15,y3,-0.222,-0.18,-0.059,0.11,0.127,-0.217,-0.081,0.035,-0.165,-0.316,-0.015,0.225,0.211,-0.088,0.021,1.0
16,.,1.0,-0.216,-0.427,-0.383,-0.224,-0.367,-0.107,0.264,0.13,0.146,0.245,-0.075,-0.019,0.188,0.306,-0.225
16,A1_1,-0.216,1.0,-0.204,-0.076,-0.257,0.082,-0.097,0.114,0.026,-0.15,-0.076,0.203,0.156,0.196,-0.182,-0.18
16,A1_2,-0.427,-0.204,1.0,0.014,0.387,0.235,0.189,-0.132,-0.479,-0.007,-0.175,-0.122,-0.41,-0.041,-0.148,-0.06
16,A1_3,-0.383,-0.076,0.014,1.0,-0.162,0.166,-0.113,-0.247,-0.068,-0.111,-0.256,0.189,0.133,-0.297,0.089,0.11
16,B1_1,-0.224,-0.257,0.387,-0.162,1.0,0.161,0.145,0.096,0.073,0.1,-0.029,-0.361,-0.245,-0.103,0.14,0.127
16,B1_2,-0.367,0.082,0.235,0.166,0.161,1.0,0.231,-0.17,0.022,-0.308,-0.279,-0.032,-0.051,0.239,-0.016,-0.217
16,B1_3,-0.107,-0.097,0.189,-0.113,0.145,0.231,1.0,0.195,0.116,-0.296,-0.097,-0.17,0.027,0.27,-0.032,-0.081
16,A2_1,0.264,0.114,-0.132,-0.247,0.096,-0.17,0.195,1.0,-0.011,0.034,-0.307,0.168,0.289,0.293,-0.004,0.035
16,A2_2,0.13,0.026,-0.479,-0.068,0.073,0.022,0.116,-0.011,1.0,0.189,-0.138,-0.26,0.091,-0.016,0.052,-0.164
16,A2_3,0.146,-0.15,-0.007,-0.111,0.1,-0.308,-0.296,0.034,0.189,1.0,0.212,-0.235,-0.034,-0.243,0.107,-0.317
16,B2_1,0.245,-0.076,-0.175,-0.256,-0.029,-0.279,-0.097,-0.307,-0.138,0.212,1.0,-0.038,-0.037,0.076,0.311,-0.015
16,B2_2,-0.075,0.203,-0.122,0.189,-0.361,-0.032,-0.17,0.168,-0.26,-0.235,-0.038,1.0,0.309,0.26,-0.248,0.225
16,B2_3,-0.019,0.156,-0.41,0.133,-0.245,-0.051,0.027,0.289,0.091,-0.034,-0.037,0.309,1.0,0.002,0.112,0.212
16,y1,0.188,0.196,-0.041,-0.297,-0.103,0.239,0.27,0.293,-0.016,-0.243,0.076,0.26,0.002,1.0,0.177,-0.085
16,y2,0.306,-0.182,-0.148,0.089,0.14,-0.016,-0.032,-0.004,0.052,0.107,0.311,-0.248,0.112,0.177,1.0,0.023
16,y3,-0.225,-0.18,-0.06,0.11,0.127,-0.217,-0.081,0.035,-0.164,-0.317,-0.015,0.225,0.212,-0.085,0.023,1.0
17,.,1.0,-0.218,-0.427,-0.383,-0.227,-0.367,-0.106,0.266,0.131,0.148,0.244,-0.075,-0.019,0.19,0.305,-0.225
17,A1_1,-0.218,1.0,-0.205,-0.077,-0.257,0.08,-0.096,0.114,0.027,-0.149,-0.075,0.204,0.156,0.195,-0.183,-0.18
17,A1_2,-0.427,-0.205,1.0,0.013,0.387,0.234,0.189,-0.132,-0.478,-0.006,-0.175,-0.122,-0.411,-0.042,-0.148,-0.062
17,A1_3,-0.383,-0.077,0.013,1.0,-0.162,0.166,-0.113,-0.247,-0.067,-0.11,-0.256,0.19,0.133,-0.297,0.089,0.109
17,B1_1,-0.227,-0.257,0.387,-0.162,1.0,0.162,0.145,0.096,0.072,0.098,-0.029,-0.36,-0.244,-0.104,0.14,0.126
17,B1_2,-0.367,0.08,0.234,0.166,0.162,1.0,0.231,-0.17,0.022,-0.307,-0.279,-0.032,-0.051,0.238,-0.016,-0.217
17,B1_3,-0.106,-0.096,0.189,-0.113,0.145,0.231,1.0,0.194,0.116,-0.296,-0.097,-0.17,0.027,0.27,-0.033,-0.08
17,A2_1,0.266,0.114,-0.132,-0.247,0.096,-0.17,0.194,1.0,-0.01,0.035,-0.307,0.167,0.288,0.293,-0.002,0.035
17,A2_2,0.131,0.027,-0.478,-0.067,0.072,0.022,0.116,-0.01,1.0,0.187,-0.14,-0.26,0.091,-0.016,0.051,-0.162
17,A2_3,0.148,-0.149,-0.006,-0.11,0.098,-0.307,-0.296,0.035,0.187,1.0,0.211,-0.235,-0.035,-0.243,0.106,-0.317
17,B2_1,0.244,-0.075,-0.175,-0.256,-0.029,-0.279,-0.097,-0.307,-0.14,0.211,1.0,-0.038,-0.037,0.078,0.311,-0.014
17,B2_2,-0.075,0.204,-0.122,0.19,-0.36,-0.032,-0.17,0.167,-0.26,-0.235,-0.038,1.0,0.309,0.26,-0.247,0.226
17,B2_3,-0.019,0.156,-0.411,0.133,-0.244,-0.051,0.027,0.288,0.091,-0.035,-0.037,0.309,1.0,0.002,0.112,0.213
17,y1,0.19,0.195,-0.042,-0.297,-0.104,0.238,0.27,0.293,-0.016,-0.243,0.078,0.26,0.002,1.0,0.18,-0.081
17,y2,0.305,-0.183,-0.148,0.089,0.14,-0.016,-0.033,-0.002,0.051,0.106,0.311,-0.247,0.112,0.18,1.0,0.026
17,y3,-0.225,-0.18,-0.062,0.109,0.126,-0.217,-0.08,0.035,-0.162,-0.317,-0.014,0.226,0.213,-0.081,0.026,1.0
18,.,1.0,-0.219,-0.426,-0.384,-0.227,-0.367,-0.106,0.266,0.132,0.147,0.243,-0.077,-0.019,0.191,0.306,-0.226
18,A1_1,-0.219,1.0,-0.206,-0.078,-0.256,0.079,-0.097,0.115,0.028,-0.147,-0.075,0.202,0.155,0.193,-0.182,-0.179
18,A1_2,-0.426,-0.206,1.0,0.013,0.388,0.235,0.19,-0.132,-0.478,-0.006,-0.175,-0.123,-0.411,-0.042,-0.148,-0.063
18,A1_3,-0.384,-0.078,0.013,1.0,-0.162,0.165,-0.114,-0.247,-0.066,-0.109,-0.255,0.189,0.134,-0.297,0.089,0.109
18,B1_1,-0.227,-0.256,0.388,-0.162,1.0,0.162,0.145,0.096,0.072,0.097,-0.029,-0.359,-0.244,-0.104,0.138,0.127
18,B1_2,-0.367,0.079,0.235,0.165,0.162,1.0,0.231,-0.169,0.023,-0.307,-0.279,-0.032,-0.051,0.237,-0.016,-0.217
18,B1_3,-0.106,-0.097,0.19,-0.114,0.145,0.231,1.0,0.194,0.117,-0.296,-0.096,-0.17,0.027,0.269,-0.032,-0.08
18,A2_1,0.266,0.115,-0.132,-0.247,0.096,-0.169,0.194,1.0,-0.009,0.035,-0.307,0.168,0.288,0.295,-0.003,0.035
18,A2_2,0.132,0.028,-0.478,-0.066,0.072,0.023,0.117,-0.009,1.0,0.186,-0.141,-0.259,0.092,-0.016,0.051,-0.161
18,A2_3,0.147,-0.147,-0.006,-0.109,0.097,-0.307,-0.296,0.035,0.186,1.0,0.21,-0.234,-0.034,-0.241,0.105,-0.316
18,B2_1,0.243,-0.075,-0.175,-0.255,-0.029,-0.279,-0.096,-0.307,-0.141,0.21,1.0,-0.038,-0.037,0.078,0.312,-0.014
18,B2_2,-0.077,0.202,-0.123,0.189,-0.359,-0.032,-0.17,0.168,-0.259,-0.234,-0.038,1.0,0.309,0.259,-0.246,0.226
18,B2_3,-0.019,0.155,-0.411,0.134,-0.244,-0.051,0.027,0.288,0.092,-0.034,-0.037,0.309,1.0,0.003,0.112,0.214
18,y1,0.191,0.193,-0.042,-0.297,-0.104,0.237,0.269,0.295,-0.016,-0.241,0.078,0.259,0.003,1.0,0.182,-0.08
18,y2,0.306,-0.182,-0.148,0.089,0.138,-0.016,-0.032,-0.003,0.051,0.105,0.312,-0.246,0.112,0.182,1.0,0.028
18,y3,-0.226,-0.179,-0.063,0.109,0.127,-0.217,-0.08,0.035,-0.161,-0.316,-0.014,0.226,0.214,-0.08,0.028,1.0
19,.,1.0,-0.222,-0.424,-0.382,-0.227,-0.367,-0.106,0.265,0.131,0.148,0.243,-0.08,-0.02,0.187,0.306,-0.227
19,A1_1,-0.222,1.0,-0.205,-0.079,-0.256,0.08,-0.096,0.114,0.028,-0.148,-0.075,0.202,0.155,0.192,-0.183,-0.18
19,A1_2,-0.424,-0.205,1.0,0.013,0.388,0.236,0.191,-0.132,-0.478,-0.006,-0.174,-0.123,-0.411,-0.039,-0.148,-0.064
19,A1_3,-0.382,-0.079,0.013,1.0,-0.162,0.165,-0.114,-0.247,-0.066,-0.109,-0.255,0.19,0.133,-0.297,0.091,0.109
19,B1_1,-0.227,-0.256,0.388,-0.162,1.0,0.162,0.145,0.096,0.072,0.097,-0.029,-0.359,-0.244,-0.103,0.137,0.127
19,B1_2,-0.367,0.08,0.236,0.165,0.162,1.0,0.232,-0.169,0.024,-0.308,-0.279,-0.032,-0.051,0.238,-0.016,-0.218
19,B1_3,-0.106,-0.096,0.191,-0.114,0.145,0.232,1.0,0.194,0.117,-0.296,-0.097,-0.169,0.027,0.272,-0.033,-0.081
19,A2_1,0.265,0.114,-0.132,-0.247,0.096,-0.169,0.194,1.0,-0.009,0.035,-0.307,0.167,0.287,0.294,-0.002,0.035
19,A2_2,0.131,0.028,-0.478,-0.066,0.072,0.024,0.117,-0.009,1.0,0.184,-0.141,-0.259,0.091,-0.017,0.049,-0.162
19,A2_3,0.148,-0.148,-0.006,-0.109,0.097,-0.308,-0.296,0.035,0.184,1.0,0.211,-0.233,-0.034,-0.243,0.103,-0.315
19,B2_1,0.243,-0.075,-0.174,-0.255,-0.029,-0.279,-0.097,-0.307,-0.141,0.211,1.0,-0.037,-0.037,0.078,0.312,-0.014
19,B2_2,-0.08,0.202,-0.123,0.19,-0.359,-0.032,-0.169,0.167,-0.259,-0.233,-0.037,1.0,0.309,0.258,-0.245,0.226
19,B2_3,-0.02,0.155,-0.411,0.133,-0.244,-0.051,0.027,0.287,0.091,-0.034,-0.037,0.309,1.0,0.001,0.114,0.214
19,y1,0.187,0.192,-0.039,-0.297,-0.103,0.238,0.272,0.294,-0.017,-0.243,0.078,0.258,0.001,1.0,0.183,-0.078
19,y2,0.306,-0.183,-0.148,0.091,0.137,-0.016,-0.033,-0.002,0.049,0.103,0.312,-0.245,0.114,0.183,1.0,0.03
19,y3,-0.227,-0.18,-0.064,0.109,0.127,-0.218,-0.081,0.035,-0.162,-0.315,-0.014,0.226,0.214,-0.078,0.03,1.0
20,.,1.0,-0.224,-0.424,-0.382,-0.229,-0.367,-0.106,0.264,0.13,0.148,0.244,-0.081,-0.019,0.185,0.307,-0.226
20,A1_1,-0.224,1.0,-0.204,-0.078,-0.255,0.08,-0.095,0.115,0.029,-0.147,-0.076,0.202,0.155,0.191,-0.183,-0.179
20,A1_2,-0.424,-0.204,1.0,0.013,0.389,0.237,0.191,-0.132,-0.478,-0.007,-0.174,-0.124,-0.411,-0.039,-0.149,-0.066
20,A1_3,-0.382,-0.078,0.013,1.0,-0.163,0.165,-0.114,-0.247,-0.064,-0.106,-0.255,0.19,0.133,-0.299,0.091,0.107
20,B1_1,-0.229,-0.255,0.389,-0.163,1.0,0.162,0.146,0.096,0.071,0.096,-0.029,-0.359,-0.244,-0.101,0.136,0.127
20,B1_2,-0.367,0.08,0.237,0.165,0.162,1.0,0.232,-0.169,0.024,-0.308,-0.279,-0.032,-0.051,0.238,-0.017,-0.218
20,B1_3,-0.106,-0.095,0.191,-0.114,0.146,0.232,1.0,0.194,0.117,-0.296,-0.097,-0.169,0.027,0.272,-0.033,-0.08
20,A2_1,0.264,0.115,-0.132,-0.247,0.096,-0.169,0.194,1.0,-0.01,0.035,-0.308,0.167,0.286,0.294,-0.002,0.036
20,A2_2,0.13,0.029,-0.478,-0.064,0.071,0.024,0.117,-0.01,1.0,0.184,-0.141,-0.259,0.092,-0.017,0.049,-0.161
20,A2_3,0.148,-0.147,-0.007,-0.106,0.096,-0.308,-0.296,0.035,0.184,1.0,0.211,-0.232,-0.034,-0.243,0.103,-0.314
20,B2_1,0.244,-0.076,-0.174,-0.255,-0.029,-0.279,-0.097,-0.308,-0.141,0.211,1.0,-0.037,-0.037,0.078,0.313,-0.014
20,B2_2,-0.081,0.202,-0.124,0.19,-0.359,-0.032,-0.169,0.167,-0.259,-0.232,-0.037,1.0,0.309,0.258,-0.243,0.228
20,B2_3,-0.019,0.155,-0.411,0.133,-0.244,-0.051,0.027,0.286,0.092,-0.034,-0.037,0.309,1.0,0.001,0.115,0.215
20,y1,0.185,0.191,-0.039,-0.299,-0.101,0.238,0.272,0.294,-0.017,-0.243,0.078,0.258,0.001,1.0,0.184,-0.074
20,y2,0.307,-0.183,-0.149,0.091,0.136,-0.017,-0.033,-0.002,0.049,0.103,0.313,-0.243,0.115,0.184,1.0,0.031
20,y3,-0.226,-0.179,-0.066,0.107,0.127,-0.218,-0.08,0.036,-0.161,-0.314,-0.014,0.228,0.215,-0.074,0.031,1.0
21,.,1.0,-0.225,-0.422,-0.383,-0.227,-0.366,-0.106,0.265,0.131,0.147,0.243,-0.083,-0.021,0.186,0.306,-0.226
21,A1_1,-0.225,1.0,-0.205,-0.079,-0.255,0.08,-0.095,0.116,0.032,-0.147,-0.076,0.202,0.155,0.191,-0.182,-0.179
21,A1_2,-0.422,-0.205,1.0,0.013,0.389,0.237,0.191,-0.132,-0.478,-0.007,-0.174,-0.123,-0.411,-0.038,-0.149,-0.067
21,A1_3,-0.383,-0.079,0.013,1.0,-0.162,0.166,-0.114,-0.246,-0.064,-0.106,-0.256,0.19,0.133,-0.299,0.093,0.109
21,B1_1,-0.227,-0.255,0.389,-0.162,1.0,0.162,0.146,0.096,0.071,0.095,-0.028,-0.358,-0.243,-0.1,0.134,0.127
21,B1_2,-0.366,0.08,0.237,0.166,0.162,1.0,0.232,-0.169,0.024,-0.307,-0.279,-0.032,-0.051,0.238,-0.016,-0.218
21,B1_3,-0.106,-0.095,0.191,-0.114,0.146,0.232,1.0,0.194,0.117,-0.295,-0.096,-0.169,0.028,0.273,-0.033,-0.081
21,A2_1,0.265,0.116,-0.132,-0.246,0.096,-0.169,0.194,1.0,-0.009,0.035,-0.308,0.166,0.286,0.293,-0.002,0.038
21,A2_2,0.131,0.032,-0.478,-0.064,0.071,0.024,0.117,-0.009,1.0,0.183,-0.141,-0.259,0.092,-0.017,0.048,-0.161
21,A2_3,0.147,-0.147,-0.007,-0.106,0.095,-0.307,-0.295,0.035,0.183,1.0,0.211,-0.231,-0.034,-0.242,0.101,-0.314
21,B2_1,0.243,-0.076,-0.174,-0.256,-0.028,-0.279,-0.096,-0.308,-0.141,0.211,1.0,-0.037,-0.037,0.078,0.312,-0.014
21,B2_2,-0.083,0.202,-0.123,0.19,-0.358,-0.032,-0.169,0.166,-0.259,-0.231,-0.037,1.0,0.309,0.258,-0.242,0.229
21,B2_3,-0.021,0.155,-0.411,0.133,-0.243,-0.051,0.028,0.286,0.092,-0.034,-0.037,0.309,1.0,0.0,0.116,0.216
21,y1,0.186,0.191,-0.038,-0.299,-0.1,0.238,0.273,0.293,-0.017,-0.242,0.078,0.258,0.0,1.0,0.183,-0.072
21,y2,0.306,-0.182,-0.149,0.093,0.134,-0.016,-0.033,-0.002,0.048,0.101,0.312,-0.242,0.116,0.183,1.0,0.034
21,y3,-0.226,-0.179,-0.067,0.109,0.127,-0.218,-0.081,0.038,-0.161,-0.314,-0.014,0.229,0.216,-0.072,0.034,1.0
22,.,1.0,-0.226,-0.423,-0.382,-0.226,-0.365,-0.109,0.267,0.13,0.149,0.241,-0.083,-0.02,0.186,0.307,-0.225
22,A1_1,-0.226,1.0,-0.205,-0.079,-0.255,0.079,-0.094,0.115,0.031,-0.147,-0.076,0.202,0.154,0.19,-0.181,-0.18
22,A1_2,-0.423,-0.205,1.0,0.012,0.389,0.237,0.191,-0.132,-0.478,-0.006,-0.174,-0.123,-0.412,-0.039,-0.15,-0.07
22,A1_3,-0.382,-0.079,0.012,1.0,-0.162,0.165,-0.114,-0.245,-0.062,-0.106,-0.256,0.19,0.133,-0.299,0.092,0.108
22,B1_1,-0.226,-0.255,0.389,-0.162,1.0,0.162,0.146,0.096,0.07,0.096,-0.029,-0.358,-0.243,-0.099,0.135,0.127
22,B1_2,-0.365,0.079,0.237,0.165,0.162,1.0,0.233,-0.17,0.024,-0.307,-0.279,-0.031,-0.05,0.239,-0.016,-0.218
22,B1_3,-0.109,-0.094,0.191,-0.114,0.146,0.233,1.0,0.195,0.116,-0.295,-0.097,-0.168,0.028,0.274,-0.034,-0.081
22,A2_1,0.267,0.115,-0.132,-0.245,0.096,-0.17,0.195,1.0,-0.01,0.034,-0.309,0.166,0.286,0.293,-0.002,0.038
22,A2_2,0.13,0.031,-0.478,-0.062,0.07,0.024,0.116,-0.01,1.0,0.183,-0.141,-0.26,0.091,-0.017,0.05,-0.159
22,A2_3,0.149,-0.147,-0.006,-0.106,0.096,-0.307,-0.295,0.034,0.183,1.0,0.21,-0.232,-0.036,-0.244,0.1,-0.314
22,B2_1,0.241,-0.076,-0.174,-0.256,-0.029,-0.279,-0.097,-0.309,-0.141,0.21,1.0,-0.037,-0.037,0.078,0.311,-0.013
22,B2_2,-0.083,0.202,-0.123,0.19,-0.358,-0.031,-0.168,0.166,-0.26,-0.232,-0.037,1.0,0.309,0.258,-0.242,0.23
22,B2_3,-0.02,0.154,-0.412,0.133,-0.243,-0.05,0.028,0.286,0.091,-0.036,-0.037,0.309,1.0,0.002,0.117,0.218
22,y1,0.186,0.19,-0.039,-0.299,-0.099,0.239,0.274,0.293,-0.017,-0.244,0.078,0.258,0.002,1.0,0.185,-0.068
22,y2,0.307,-0.181,-0.15,0.092,0.135,-0.016,-0.034,-0.002,0.05,0.1,0.311,-0.242,0.117,0.185,1.0,0.036
22,y3,-0.225,-0.18,-0.07,0.108,0.127,-0.218,-0.081,0.038,-0.159,-0.314,-0.013,0.23,0.218,-0.068,0.036,1.0
23,.,1.0,-0.228,-0.426,-0.382,-0.228,-0.365,-0.109,0.267,0.132,0.15,0.242,-0.084,-0.018,0.187,0.307,-0.224
23,A1_1,-0.228,1.0,-0.205,-0.078,-0.255,0.078,-0.094,0.115,0.032,-0.147,-0.076,0.202,0.154,0.187,-0.182,-0.179
