,,.,A1_1,A1_2,A1_3,B1_1,B1_2,B1_3,A2_1,A2_2,A2_3,B2_1,B2_2,B2_3,y1,y2,y3
0,.,0.085,0.021,0.021,0.035,0.261,0.031,0.015,0.008,0.016,0.081,0.207,0.092,0.053,0.028,0.004,0.042
0,A1_1,0.032,0.017,0.015,0.211,0.054,0.044,0.024,0.008,0.004,0.019,0.224,0.212,0.016,0.011,0.056,0.051
0,A1_2,0.06,0.001,0.075,0.1,0.064,0.008,0.023,0.035,0.003,0.166,0.065,0.14,0.035,0.008,0.023,0.194
0,A1_3,0.076,0.001,0.07,0.185,0.077,0.006,0.055,0.052,0.005,0.021,0.066,0.257,0.011,0.015,0.02,0.082
0,B1_1,0.02,0.015,0.019,0.053,0.196,0.007,0.132,0.008,0.005,0.063,0.238,0.108,0.038,0.072,0.01,0.016
0,B1_2,0.02,0.133,0.004,0.031,0.265,0.017,0.019,0.008,0.003,0.005,0.028,0.066,0.011,0.381,0.005,0.002
0,B1_3,0.157,0.291,0.044,0.03,0.021,0.051,0.119,0.019,0.019,0.007,0.082,0.088,0.008,0.03,0.008,0.026
0,A2_1,0.029,0.007,0.032,0.315,0.064,0.064,0.005,0.013,0.005,0.036,0.017,0.075,0.018,0.006,0.02,0.294
0,A2_2,0.012,0.001,0.038,0.253,0.113,0.009,0.019,0.024,0.002,0.076,0.125,0.022,0.051,0.005,0.032,0.217
0,A2_3,0.032,0.004,0.021,0.092,0.323,0.007,0.053,0.061,0.014,0.017,0.09,0.069,0.073,0.112,0.016,0.016
0,B2_1,0.068,0.227,0.036,0.041,0.023,0.043,0.139,0.014,0.012,0.016,0.038,0.167,0.005,0.15,0.014,0.005
0,B2_2,0.027,0.571,0.016,0.006,0.012,0.009,0.082,0.002,0.01,0.005,0.174,0.004,0.057,0.02,0.002,0.0
0,B2_3,0.13,0.0,0.023,0.063,0.296,0.005,0.002,0.033,0.009,0.2,0.01,0.111,0.006,0.007,0.021,0.085
0,y1,0.028,0.033,0.035,0.132,0.011,0.114,0.018,0.048,0.018,0.014,0.095,0.064,0.035,0.009,0.079,0.269
0,y2,0.007,0.0,0.039,0.004,0.023,0.001,0.007,0.014,0.004,0.753,0.003,0.01,0.008,0.004,0.002,0.12
0,y3,0.153,0.023,0.039,0.031,0.04,0.051,0.047,0.009,0.024,0.017,0.061,0.052,0.189,0.185,0.02,0.058
1,.,0.222,0.023,0.025,0.033,0.188,0.033,0.019,0.011,0.019,0.059,0.163,0.074,0.051,0.036,0.006,0.04
1,A1_1,0.116,0.019,0.018,0.166,0.039,0.038,0.041,0.015,0.007,0.021,0.18,0.183,0.018,0.019,0.074,0.044
1,A1_2,0.239,0.001,0.074,0.075,0.031,0.007,0.026,0.05,0.005,0.118,0.045,0.117,0.027,0.018,0.033,0.136
1,A1_3,0.216,0.003,0.06,0.126,0.038,0.005,0.056,0.058,0.008,0.017,0.058,0.232,0.007,0.025,0.028,0.064
1,B1_1,0.16,0.013,0.019,0.036,0.086,0.008,0.134,0.017,0.007,0.065,0.109,0.152,0.031,0.116,0.022,0.025
1,B1_2,0.116,0.238,0.013,0.022,0.117,0.029,0.03,0.008,0.012,0.014,0.068,0.102,0.02,0.189,0.006,0.015
1,B1_3,0.545,0.053,0.078,0.032,0.023,0.021,0.06,0.018,0.007,0.008,0.034,0.056,0.008,0.015,0.01,0.032
1,A2_1,0.304,0.005,0.048,0.126,0.033,0.029,0.02,0.016,0.005,0.028,0.023,0.077,0.016,0.007,0.009,0.255
1,A2_2,0.042,0.001,0.037,0.2,0.127,0.009,0.049,0.082,0.002,0.052,0.077,0.032,0.075,0.026,0.029,0.158
1,A2_3,0.083,0.012,0.02,0.064,0.181,0.004,0.039,0.066,0.022,0.008,0.055,0.135,0.016,0.26,0.028,0.01
1,B2_1,0.161,0.192,0.022,0.028,0.01,0.03,0.091,0.018,0.009,0.028,0.053,0.126,0.003,0.191,0.032,0.006
1,B2_2,0.111,0.324,0.018,0.009,0.014,0.022,0.042,0.004,0.02,0.019,0.268,0.018,0.099,0.026,0.004,0.003
1,B2_3,0.428,0.0,0.035,0.021,0.083,0.001,0.002,0.082,0.008,0.153,0.002,0.064,0.002,0.022,0.027,0.069
1,y1,0.177,0.066,0.019,0.041,0.012,0.04,0.024,0.04,0.045,0.023,0.167,0.067,0.096,0.029,0.029,0.126
1,y2,0.065,0.001,0.059,0.011,0.036,0.001,0.008,0.035,0.009,0.53,0.011,0.026,0.008,0.047,0.011,0.141
1,y3,0.337,0.052,0.019,0.028,0.03,0.035,0.03,0.007,0.009,0.013,0.079,0.092,0.063,0.143,0.019,0.044
2,.,0.256,0.023,0.025,0.03,0.158,0.038,0.02,0.012,0.024,0.058,0.143,0.067,0.051,0.044,0.007,0.043
2,A1_1,0.143,0.023,0.017,0.12,0.029,0.052,0.046,0.019,0.011,0.023,0.164,0.178,0.018,0.029,0.078,0.05
2,A1_2,0.354,0.002,0.055,0.045,0.014,0.009,0.021,0.038,0.008,0.122,0.042,0.09,0.021,0.023,0.03,0.125
2,A1_3,0.31,0.004,0.062,0.094,0.021,0.007,0.044,0.054,0.014,0.027,0.061,0.144,0.006,0.034,0.036,0.085
2,B1_1,0.367,0.006,0.023,0.017,0.043,0.007,0.097,0.027,0.01,0.074,0.046,0.101,0.021,0.097,0.03,0.034
2,B1_2,0.326,0.125,0.019,0.01,0.071,0.018,0.022,0.01,0.025,0.022,0.072,0.063,0.031,0.149,0.006,0.031
2,B1_3,0.596,0.026,0.096,0.031,0.02,0.013,0.038,0.018,0.005,0.01,0.02,0.054,0.007,0.023,0.013,0.03
2,A2_1,0.358,0.008,0.036,0.073,0.018,0.045,0.017,0.012,0.005,0.029,0.025,0.065,0.012,0.008,0.006,0.285
2,A2_2,0.049,0.003,0.033,0.184,0.086,0.014,0.068,0.099,0.003,0.041,0.092,0.024,0.074,0.039,0.038,0.152
2,A2_3,0.13,0.013,0.015,0.042,0.122,0.004,0.033,0.118,0.027,0.007,0.033,0.117,0.011,0.257,0.059,0.013
2,B2_1,0.287,0.094,0.038,0.024,0.011,0.021,0.079,0.02,0.028,0.042,0.072,0.099,0.008,0.104,0.06,0.013
2,B2_2,0.148,0.151,0.017,0.012,0.019,0.018,0.036,0.003,0.024,0.019,0.333,0.024,0.152,0.032,0.006,0.006
2,B2_3,0.384,0.0,0.026,0.019,0.084,0.002,0.002,0.053,0.007,0.239,0.002,0.061,0.001,0.033,0.026,0.059
2,y1,0.184,0.094,0.014,0.024,0.006,0.066,0.028,0.025,0.053,0.018,0.201,0.065,0.108,0.029,0.021,0.066
2,y2,0.103,0.0,0.068,0.008,0.022,0.001,0.005,0.022,0.012,0.582,0.008,0.018,0.004,0.038,0.013,0.096
2,y3,0.473,0.024,0.017,0.027,0.009,0.053,0.025,0.009,0.012,0.008,0.048,0.099,0.032,0.084,0.027,0.053
3,.,0.228,0.029,0.028,0.031,0.158,0.046,0.022,0.014,0.03,0.059,0.132,0.058,0.055,0.056,0.01,0.044
3,A1_1,0.103,0.031,0.016,0.112,0.03,0.077,0.061,0.029,0.018,0.024,0.124,0.149,0.018,0.048,0.107,0.054
3,A1_2,0.351,0.003,0.049,0.033,0.013,0.011,0.018,0.04,0.016,0.154,0.039,0.067,0.019,0.035,0.046,0.106
3,A1_3,0.332,0.005,0.066,0.066,0.016,0.01,0.039,0.052,0.027,0.046,0.057,0.082,0.007,0.05,0.048,0.097
3,B1_1,0.355,0.007,0.028,0.018,0.044,0.01,0.056,0.03,0.015,0.099,0.041,0.063,0.023,0.095,0.057,0.06
3,B1_2,0.345,0.072,0.033,0.009,0.048,0.032,0.015,0.029,0.045,0.039,0.047,0.04,0.02,0.125,0.014,0.088
3,B1_3,0.592,0.02,0.081,0.032,0.018,0.011,0.044,0.018,0.008,0.01,0.028,0.042,0.018,0.024,0.026,0.028
3,A2_1,0.18,0.007,0.045,0.109,0.019,0.071,0.017,0.013,0.005,0.035,0.026,0.05,0.016,0.016,0.011,0.379
3,A2_2,0.072,0.003,0.048,0.146,0.039,0.018,0.116,0.063,0.008,0.042,0.094,0.023,0.108,0.033,0.043,0.144
3,A2_3,0.182,0.01,0.042,0.058,0.093,0.005,0.056,0.095,0.016,0.011,0.024,0.096,0.009,0.165,0.119,0.018
3,B2_1,0.387,0.069,0.028,0.012,0.01,0.016,0.062,0.015,0.021,0.066,0.114,0.043,0.01,0.1,0.038,0.01
3,B2_2,0.096,0.158,0.028,0.032,0.019,0.043,0.125,0.007,0.017,0.033,0.199,0.048,0.102,0.067,0.02,0.007
3,B2_3,0.423,0.0,0.037,0.011,0.027,0.003,0.003,0.136,0.012,0.143,0.001,0.047,0.001,0.057,0.022,0.076
3,y1,0.247,0.113,0.013,0.019,0.011,0.052,0.024,0.027,0.072,0.03,0.108,0.045,0.089,0.042,0.014,0.095
3,y2,0.085,0.002,0.046,0.007,0.041,0.002,0.007,0.052,0.021,0.396,0.018,0.013,0.014,0.169,0.02,0.107
3,y3,0.321,0.068,0.017,0.03,0.023,0.052,0.039,0.007,0.018,0.02,0.08,0.068,0.08,0.09,0.05,0.038
4,.,0.236,0.035,0.029,0.035,0.15,0.044,0.023,0.017,0.031,0.046,0.128,0.057,0.05,0.065,0.013,0.041
4,A1_1,0.088,0.039,0.014,0.115,0.032,0.066,0.061,0.039,0.019,0.017,0.108,0.136,0.014,0.055,0.154,0.044
4,A1_2,0.423,0.003,0.04,0.028,0.012,0.01,0.014,0.039,0.019,0.106,0.034,0.071,0.013,0.042,0.056,0.089
4,A1_3,0.38,0.006,0.054,0.059,0.015,0.01,0.027,0.05,0.027,0.035,0.045,0.084,0.005,0.056,0.059,0.088
4,B1_1,0.372,0.007,0.025,0.019,0.038,0.011,0.041,0.031,0.015,0.083,0.03,0.052,0.013,0.104,0.073,0.088
4,B1_2,0.415,0.054,0.031,0.007,0.033,0.024,0.015,0.04,0.051,0.028,0.036,0.028,0.013,0.115,0.021,0.089
4,B1_3,0.675,0.017,0.043,0.029,0.012,0.006,0.05,0.014,0.009,0.005,0.027,0.032,0.02,0.018,0.032,0.013
4,A2_1,0.175,0.012,0.047,0.178,0.024,0.065,0.02,0.022,0.005,0.021,0.028,0.049,0.013,0.034,0.029,0.278
4,A2_2,0.101,0.005,0.045,0.131,0.024,0.02,0.12,0.058,0.012,0.033,0.082,0.036,0.078,0.042,0.069,0.142
4,A2_3,0.366,0.009,0.039,0.029,0.053,0.004,0.041,0.066,0.011,0.017,0.013,0.064,0.01,0.151,0.091,0.035
4,B2_1,0.693,0.026,0.013,0.004,0.008,0.005,0.032,0.01,0.02,0.044,0.045,0.012,0.01,0.05,0.011,0.016
4,B2_2,0.106,0.128,0.046,0.039,0.021,0.029,0.181,0.01,0.021,0.029,0.071,0.046,0.068,0.157,0.041,0.007
4,B2_3,0.459,0.001,0.042,0.014,0.02,0.01,0.004,0.082,0.016,0.125,0.002,0.042,0.002,0.06,0.032,0.091
4,y1,0.181,0.126,0.024,0.057,0.013,0.08,0.029,0.045,0.042,0.033,0.107,0.061,0.068,0.031,0.04,0.063
4,y2,0.291,0.001,0.04,0.003,0.032,0.002,0.008,0.061,0.021,0.261,0.006,0.013,0.01,0.08,0.008,0.163
4,y3,0.177,0.079,0.013,0.048,0.019,0.077,0.069,0.007,0.022,0.013,0.079,0.113,0.076,0.077,0.078,0.054
5,.,0.196,0.038,0.03,0.039,0.157,0.047,0.024,0.019,0.036,0.045,0.127,0.059,0.051,0.075,0.017,0.041
5,A1_1,0.058,0.044,0.012,0.099,0.029,0.077,0.062,0.047,0.024,0.017,0.091,0.13,0.011,0.071,0.181,0.047
5,A1_2,0.346,0.005,0.037,0.025,0.013,0.015,0.013,0.039,0.033,0.117,0.046,0.073,0.015,0.063,0.075,0.086
5,A1_3,0.344,0.008,0.05,0.054,0.014,0.014,0.019,0.054,0.038,0.045,0.045,0.074,0.005,0.085,0.074,0.077
5,B1_1,0.203,0.012,0.027,0.023,0.045,0.015,0.026,0.031,0.024,0.091,0.046,0.04,0.017,0.17,0.136,0.094
5,B1_2,0.349,0.043,0.035,0.007,0.032,0.023,0.012,0.052,0.083,0.038,0.036,0.022,0.012,0.117,0.038,0.101
5,B1_3,0.667,0.019,0.033,0.022,0.01,0.007,0.052,0.012,0.016,0.004,0.037,0.031,0.033,0.014,0.034,0.009
5,A2_1,0.146,0.012,0.047,0.163,0.022,0.072,0.015,0.025,0.007,0.032,0.026,0.045,0.012,0.066,0.042,0.27
5,A2_2,0.071,0.005,0.05,0.116,0.016,0.037,0.103,0.055,0.022,0.043,0.07,0.041,0.063,0.064,0.099,0.144
5,A2_3,0.325,0.011,0.048,0.019,0.052,0.006,0.029,0.05,0.019,0.029,0.018,0.037,0.025,0.216,0.08,0.036
5,B2_1,0.623,0.035,0.015,0.006,0.011,0.006,0.024,0.015,0.034,0.046,0.039,0.007,0.012,0.087,0.019,0.021
5,B2_2,0.132,0.15,0.032,0.017,0.018,0.024,0.17,0.019,0.054,0.022,0.044,0.04,0.046,0.164,0.061,0.006
5,B2_3,0.509,0.002,0.035,0.012,0.014,0.018,0.002,0.055,0.031,0.137,0.005,0.038,0.004,0.038,0.033,0.068
5,y1,0.233,0.071,0.042,0.063,0.018,0.051,0.017,0.075,0.033,0.077,0.1,0.043,0.048,0.037,0.051,0.04
5,y2,0.407,0.001,0.017,0.004,0.023,0.003,0.007,0.071,0.024,0.117,0.008,0.019,0.012,0.121,0.012,0.155
5,y3,0.096,0.044,0.009,0.047,0.022,0.041,0.06,0.01,0.04,0.02,0.08,0.218,0.056,0.078,0.122,0.057
6,.,0.17,0.042,0.031,0.041,0.155,0.052,0.027,0.02,0.037,0.043,0.122,0.061,0.053,0.082,0.02,0.045
6,A1_1,0.044,0.044,0.013,0.093,0.031,0.084,0.075,0.055,0.028,0.015,0.075,0.11,0.012,0.079,0.196,0.045
6,A1_2,0.318,0.006,0.038,0.025,0.014,0.016,0.013,0.042,0.045,0.098,0.047,0.071,0.016,0.075,0.092,0.085
6,A1_3,0.282,0.01,0.06,0.057,0.015,0.02,0.021,0.057,0.049,0.048,0.043,0.069,0.006,0.094,0.088,0.083
6,B1_1,0.147,0.013,0.031,0.021,0.047,0.017,0.023,0.034,0.031,0.092,0.058,0.032,0.024,0.175,0.136,0.119
6,B1_2,0.268,0.044,0.036,0.007,0.027,0.028,0.014,0.058,0.093,0.034,0.032,0.021,0.013,0.123,0.053,0.149
6,B1_3,0.593,0.025,0.034,0.02,0.011,0.008,0.075,0.014,0.025,0.005,0.048,0.029,0.048,0.012,0.045,0.009
6,A2_1,0.156,0.011,0.043,0.15,0.022,0.066,0.015,0.032,0.011,0.041,0.024,0.039,0.013,0.104,0.067,0.205
6,A2_2,0.046,0.004,0.068,0.107,0.015,0.048,0.067,0.058,0.035,0.062,0.039,0.036,0.043,0.1,0.133,0.139
6,A2_3,0.246,0.014,0.057,0.008,0.053,0.011,0.018,0.052,0.039,0.044,0.024,0.019,0.048,0.264,0.045,0.059
6,B2_1,0.578,0.045,0.015,0.006,0.01,0.008,0.031,0.023,0.051,0.027,0.03,0.006,0.012,0.1,0.028,0.03
6,B2_2,0.143,0.097,0.024,0.014,0.019,0.018,0.154,0.028,0.109,0.019,0.045,0.034,0.073,0.106,0.11,0.008
6,B2_3,0.644,0.003,0.03,0.007,0.006,0.011,0.001,0.033,0.038,0.111,0.007,0.018,0.004,0.022,0.03,0.036
6,y1,0.129,0.03,0.052,0.093,0.021,0.04,0.017,0.097,0.059,0.128,0.093,0.028,0.047,0.04,0.105,0.021
6,y2,0.079,0.0,0.005,0.002,0.017,0.004,0.002,0.18,0.036,0.094,0.003,0.014,0.005,0.331,0.025,0.204
6,y3,0.064,0.156,0.005,0.016,0.015,0.085,0.043,0.011,0.15,0.01,0.065,0.11,0.038,0.056,0.1,0.075
7,.,0.152,0.051,0.032,0.042,0.157,0.054,0.029,0.02,0.036,0.039,0.126,0.063,0.053,0.084,0.02,0.042
7,A1_1,0.046,0.053,0.012,0.095,0.035,0.073,0.071,0.054,0.025,0.013,0.076,0.114,0.011,0.079,0.201,0.041
7,A1_2,0.26,0.011,0.04,0.03,0.018,0.019,0.017,0.039,0.033,0.079,0.065,0.084,0.019,0.086,0.115,0.083
7,A1_3,0.339,0.014,0.059,0.061,0.019,0.017,0.023,0.051,0.03,0.036,0.06,0.07,0.007,0.082,0.076,0.057
7,B1_1,0.156,0.021,0.034,0.032,0.058,0.016,0.034,0.033,0.019,0.065,0.077,0.042,0.022,0.156,0.159,0.077
7,B1_2,0.338,0.044,0.034,0.01,0.034,0.025,0.023,0.044,0.051,0.029,0.045,0.036,0.013,0.102,0.066,0.104
7,B1_3,0.564,0.034,0.039,0.028,0.014,0.009,0.088,0.013,0.015,0.003,0.051,0.046,0.039,0.01,0.038,0.008
7,A2_1,0.179,0.03,0.043,0.185,0.025,0.053,0.02,0.031,0.006,0.018,0.028,0.046,0.007,0.09,0.059,0.179
7,A2_2,0.032,0.015,0.05,0.113,0.029,0.034,0.085,0.072,0.019,0.033,0.07,0.046,0.046,0.139,0.116,0.102
7,A2_3,0.337,0.018,0.033,0.009,0.045,0.007,0.031,0.049,0.02,0.02,0.027,0.031,0.029,0.251,0.058,0.034
7,B2_1,0.611,0.055,0.014,0.011,0.011,0.007,0.039,0.015,0.027,0.015,0.036,0.015,0.01,0.067,0.047,0.02
7,B2_2,0.271,0.115,0.039,0.012,0.035,0.013,0.129,0.018,0.046,0.012,0.06,0.032,0.075,0.087,0.047,0.008
7,B2_3,0.558,0.003,0.04,0.025,0.014,0.016,0.007,0.024,0.023,0.079,0.009,0.048,0.005,0.029,0.074,0.045
7,y1,0.061,0.072,0.023,0.107,0.022,0.08,0.024,0.214,0.037,0.029,0.053,0.043,0.03,0.057,0.117,0.032
7,y2,0.301,0.001,0.012,0.001,0.027,0.002,0.009,0.103,0.057,0.112,0.007,0.012,0.01,0.156,0.013,0.176
7,y3,0.071,0.26,0.01,0.023,0.026,0.055,0.048,0.01,0.059,0.005,0.082,0.088,0.059,0.062,0.101,0.039
8,.,0.14,0.055,0.034,0.04,0.15,0.058,0.03,0.019,0.039,0.039,0.13,0.068,0.053,0.078,0.021,0.045
8,A1_1,0.045,0.055,0.013,0.085,0.034,0.083,0.073,0.049,0.028,0.014,0.081,0.123,0.01,0.066,0.195,0.046
8,A1_2,0.266,0.012,0.045,0.03,0.015,0.023,0.019,0.03,0.031,0.08,0.069,0.093,0.021,0.063,0.118,0.084
8,A1_3,0.316,0.016,0.075,0.062,0.019,0.02,0.022,0.05,0.033,0.044,0.07,0.071,0.008,0.063,0.069,0.064
8,B1_1,0.134,0.021,0.038,0.027,0.057,0.017,0.034,0.033,0.021,0.071,0.078,0.048,0.022,0.135,0.174,0.089
8,B1_2,0.317,0.058,0.034,0.009,0.035,0.031,0.025,0.035,0.043,0.023,0.059,0.048,0.014,0.088,0.072,0.109
8,B1_3,0.585,0.033,0.045,0.026,0.014,0.009,0.086,0.012,0.012,0.003,0.055,0.047,0.032,0.007,0.029,0.006
8,A2_1,0.167,0.043,0.049,0.202,0.022,0.05,0.024,0.033,0.006,0.018,0.031,0.048,0.005,0.067,0.063,0.172
8,A2_2,0.017,0.017,0.04,0.096,0.029,0.036,0.073,0.081,0.018,0.031,0.057,0.055,0.037,0.151,0.139,0.123
8,A2_3,0.338,0.023,0.041,0.009,0.041,0.012,0.04,0.043,0.022,0.019,0.039,0.042,0.034,0.192,0.063,0.042
8,B2_1,0.566,0.072,0.016,0.016,0.013,0.008,0.036,0.014,0.021,0.015,0.055,0.019,0.01,0.056,0.067,0.018
8,B2_2,0.291,0.119,0.047,0.015,0.048,0.016,0.135,0.023,0.033,0.009,0.056,0.049,0.048,0.062,0.041,0.009
8,B2_3,0.659,0.003,0.039,0.023,0.014,0.012,0.01,0.015,0.017,0.045,0.009,0.047,0.005,0.017,0.05,0.034
8,y1,0.07,0.079,0.03,0.108,0.021,0.089,0.043,0.204,0.036,0.025,0.065,0.047,0.029,0.035,0.088,0.032
8,y2,0.319,0.001,0.011,0.001,0.03,0.002,0.01,0.074,0.044,0.104,0.007,0.017,0.009,0.151,0.017,0.204
8,y3,0.04,0.246,0.012,0.022,0.037,0.074,0.061,0.01,0.054,0.006,0.087,0.108,0.05,0.062,0.091,0.041
9,.,0.122,0.059,0.037,0.039,0.155,0.061,0.031,0.02,0.039,0.041,0.126,0.068,0.057,0.075,0.021,0.049
9,A1_1,0.039,0.057,0.015,0.077,0.037,0.092,0.074,0.049,0.03,0.015,0.072,0.126,0.01,0.064,0.186,0.058
9,A1_2,0.212,0.015,0.051,0.032,0.017,0.029,0.023,0.03,0.029,0.075,0.068,0.101,0.023,0.057,0.137,0.102
9,A1_3,0.294,0.018,0.104,0.06,0.019,0.024,0.026,0.051,0.035,0.049,0.064,0.064,0.01,0.052,0.061,0.071
9,B1_1,0.111,0.02,0.057,0.029,0.061,0.016,0.036,0.037,0.022,0.081,0.077,0.045,0.024,0.11,0.178,0.097
9,B1_2,0.242,0.054,0.033,0.008,0.04,0.042,0.03,0.035,0.033,0.022,0.048,0.052,0.013,0.101,0.077,0.171
9,B1_3,0.469,0.042,0.059,0.021,0.018,0.011,0.129,0.012,0.015,0.004,0.074,0.054,0.05,0.007,0.028,0.007
9,A2_1,0.182,0.037,0.053,0.164,0.019,0.056,0.018,0.031,0.008,0.024,0.023,0.044,0.005,0.058,0.062,0.217
9,A2_2,0.008,0.021,0.064,0.084,0.026,0.042,0.069,0.078,0.017,0.038,0.048,0.047,0.031,0.133,0.159,0.136
9,A2_3,0.449,0.019,0.036,0.006,0.038,0.011,0.031,0.035,0.018,0.016,0.046,0.031,0.039,0.142,0.042,0.041
9,B2_1,0.461,0.08,0.023,0.029,0.016,0.011,0.063,0.015,0.018,0.019,0.053,0.028,0.012,0.046,0.106,0.021
9,B2_2,0.217,0.116,0.044,0.012,0.075,0.024,0.096,0.02,0.039,0.011,0.076,0.052,0.07,0.093,0.037,0.018
9,B2_3,0.617,0.004,0.051,0.018,0.019,0.012,0.014,0.013,0.019,0.06,0.011,0.043,0.007,0.015,0.056,0.042
9,y1,0.068,0.098,0.035,0.097,0.02,0.104,0.035,0.211,0.042,0.028,0.049,0.052,0.018,0.032,0.081,0.031
9,y2,0.314,0.001,0.018,0.001,0.025,0.003,0.019,0.077,0.038,0.121,0.008,0.015,0.008,0.13,0.025,0.196
9,y3,0.044,0.172,0.014,0.021,0.051,0.095,0.072,0.013,0.052,0.008,0.089,0.115,0.066,0.082,0.066,0.041
10,.,0.111,0.063,0.037,0.037,0.159,0.059,0.03,0.02,0.042,0.042,0.13,0.066,0.06,0.074,0.022,0.047
10,A1_1,0.039,0.058,0.015,0.069,0.042,0.084,0.073,0.053,0.034,0.015,0.069,0.123,0.01,0.067,0.19,0.06
10,A1_2,0.168,0.021,0.047,0.03,0.021,0.033,0.023,0.029,0.036,0.069,0.076,0.106,0.025,0.057,0.147,0.112
10,A1_3,0.314,0.02,0.107,0.052,0.019,0.024,0.027,0.048,0.041,0.055,0.071,0.058,0.013,0.043,0.049,0.059
10,B1_1,0.094,0.022,0.064,0.029,0.062,0.012,0.029,0.047,0.032,0.102,0.1,0.04,0.026,0.103,0.147,0.09
10,B1_2,0.194,0.047,0.027,0.009,0.045,0.036,0.026,0.035,0.031,0.02,0.044,0.057,0.013,0.124,0.11,0.185
10,B1_3,0.416,0.048,0.058,0.014,0.02,0.008,0.144,0.011,0.018,0.005,0.102,0.052,0.07,0.006,0.023,0.005
10,A2_1,0.212,0.046,0.041,0.116,0.02,0.047,0.011,0.031,0.011,0.033,0.022,0.044,0.003,0.065,0.069,0.228
10,A2_2,0.004,0.032,0.057,0.06,0.022,0.054,0.061,0.068,0.017,0.036,0.05,0.049,0.027,0.166,0.165,0.132
10,A2_3,0.58,0.016,0.031,0.005,0.03,0.009,0.024,0.023,0.014,0.012,0.066,0.023,0.047,0.075,0.021,0.023
10,B2_1,0.335,0.099,0.033,0.057,0.018,0.009,0.074,0.02,0.017,0.024,0.072,0.031,0.015,0.033,0.148,0.015
10,B2_2,0.21,0.089,0.032,0.008,0.105,0.017,0.081,0.022,0.039,0.009,0.082,0.059,0.082,0.113,0.031,0.021
10,B2_3,0.644,0.004,0.046,0.016,0.027,0.008,0.015,0.01,0.017,0.05,0.012,0.051,0.01,0.01,0.045,0.033
10,y1,0.128,0.105,0.038,0.072,0.02,0.073,0.032,0.234,0.043,0.029,0.048,0.049,0.015,0.032,0.054,0.027
10,y2,0.276,0.003,0.02,0.003,0.028,0.003,0.029,0.083,0.041,0.118,0.01,0.02,0.008,0.135,0.04,0.184
10,y3,0.023,0.12,0.011,0.017,0.085,0.087,0.049,0.019,0.054,0.01,0.072,0.127,0.051,0.153,0.074,0.048
11,.,0.108,0.062,0.036,0.037,0.163,0.06,0.029,0.02,0.045,0.043,0.128,0.068,0.058,0.069,0.024,0.049
11,A1_1,0.034,0.054,0.015,0.066,0.047,0.087,0.07,0.053,0.039,0.015,0.063,0.123,0.009,0.058,0.199,0.068
11,A1_2,0.156,0.022,0.039,0.027,0.022,0.035,0.022,0.027,0.042,0.064,0.076,0.105,0.024,0.049,0.164,0.126
11,A1_3,0.299,0.02,0.112,0.053,0.02,0.025,0.028,0.046,0.054,0.063,0.068,0.058,0.014,0.033,0.049,0.059
11,B1_1,0.075,0.021,0.072,0.03,0.056,0.011,0.021,0.053,0.044,0.13,0.109,0.033,0.023,0.076,0.143,0.104
11,B1_2,0.121,0.034,0.022,0.009,0.051,0.038,0.02,0.039,0.029,0.014,0.033,0.054,0.011,0.126,0.172,0.228
11,B1_3,0.364,0.041,0.049,0.013,0.025,0.011,0.156,0.012,0.032,0.005,0.121,0.074,0.065,0.004,0.023,0.005
11,A2_1,0.314,0.034,0.034,0.075,0.015,0.036,0.009,0.031,0.02,0.04,0.023,0.03,0.003,0.051,0.074,0.211
11,A2_2,0.003,0.024,0.066,0.055,0.024,0.051,0.049,0.048,0.029,0.058,0.046,0.04,0.028,0.129,0.212,0.137
11,A2_3,0.475,0.023,0.037,0.005,0.038,0.024,0.015,0.02,0.029,0.016,0.095,0.028,0.061,0.06,0.032,0.043
11,B2_1,0.219,0.126,0.055,0.054,0.022,0.017,0.049,0.048,0.036,0.057,0.101,0.02,0.018,0.017,0.14,0.021
11,B2_2,0.162,0.041,0.023,0.018,0.143,0.013,0.034,0.095,0.05,0.007,0.037,0.053,0.045,0.124,0.126,0.029
11,B2_3,0.674,0.004,0.032,0.01,0.022,0.008,0.018,0.013,0.035,0.039,0.011,0.029,0.01,0.009,0.046,0.041
11,y1,0.089,0.086,0.041,0.085,0.027,0.083,0.022,0.174,0.101,0.034,0.032,0.059,0.012,0.04,0.079,0.036
11,y2,0.192,0.007,0.028,0.004,0.034,0.013,0.055,0.083,0.053,0.096,0.016,0.013,0.018,0.1,0.092,0.196
11,y3,0.069,0.078,0.024,0.018,0.086,0.128,0.065,0.018,0.082,0.007,0.09,0.109,0.138,0.032,0.042,0.016
12,.,0.109,0.061,0.036,0.036,0.162,0.059,0.028,0.02,0.047,0.042,0.127,0.07,0.058,0.069,0.024,0.052
12,A1_1,0.034,0.054,0.015,0.061,0.051,0.093,0.072,0.048,0.042,0.015,0.069,0.129,0.01,0.054,0.179,0.073
12,A1_2,0.18,0.022,0.037,0.025,0.021,0.034,0.022,0.025,0.043,0.061,0.083,0.101,0.025,0.045,0.147,0.129
12,A1_3,0.302,0.02,0.117,0.051,0.02,0.023,0.028,0.046,0.062,0.062,0.063,0.058,0.014,0.033,0.042,0.059
12,B1_1,0.079,0.023,0.072,0.025,0.053,0.011,0.023,0.048,0.05,0.125,0.107,0.034,0.025,0.078,0.136,0.112
12,B1_2,0.156,0.032,0.02,0.007,0.058,0.036,0.022,0.031,0.027,0.015,0.043,0.061,0.014,0.101,0.148,0.228
12,B1_3,0.391,0.037,0.044,0.013,0.03,0.01,0.139,0.012,0.028,0.004,0.111,0.094,0.064,0.004,0.015,0.004
12,A2_1,0.292,0.043,0.036,0.074,0.014,0.036,0.009,0.026,0.022,0.036,0.021,0.029,0.003,0.049,0.07,0.242
12,A2_2,0.002,0.024,0.064,0.05,0.027,0.055,0.057,0.049,0.034,0.048,0.054,0.044,0.036,0.116,0.188,0.151
12,A2_3,0.567,0.015,0.033,0.004,0.032,0.015,0.016,0.015,0.022,0.013,0.078,0.031,0.049,0.046,0.027,0.037
12,B2_1,0.205,0.151,0.052,0.061,0.019,0.013,0.043,0.037,0.035,0.054,0.124,0.023,0.021,0.018,0.122,0.021
12,B2_2,0.14,0.035,0.022,0.014,0.212,0.011,0.038,0.061,0.037,0.006,0.033,0.067,0.044,0.149,0.097,0.034
12,B2_3,0.678,0.004,0.035,0.01,0.024,0.01,0.021,0.011,0.025,0.033,0.012,0.04,0.01,0.007,0.041,0.039
12,y1,0.099,0.093,0.047,0.086,0.028,0.066,0.024,0.212,0.103,0.034,0.032,0.053,0.011,0.033,0.051,0.028
12,y2,0.229,0.004,0.022,0.002,0.024,0.006,0.05,0.082,0.04,0.078,0.012,0.015,0.012,0.111,0.088,0.223
12,y3,0.032,0.077,0.013,0.012,0.143,0.125,0.054,0.013,0.064,0.008,0.103,0.144,0.114,0.046,0.027,0.025
13,.,0.107,0.061,0.035,0.036,0.164,0.056,0.027,0.019,0.047,0.041,0.122,0.075,0.059,0.079,0.023,0.05
13,A1_1,0.035,0.055,0.014,0.061,0.056,0.091,0.068,0.047,0.043,0.015,0.067,0.144,0.01,0.057,0.163,0.074
13,A1_2,0.176,0.026,0.035,0.025,0.023,0.038,0.023,0.024,0.044,0.062,0.083,0.105,0.026,0.051,0.138,0.119
13,A1_3,0.335,0.021,0.105,0.05,0.019,0.021,0.025,0.045,0.068,0.063,0.057,0.059,0.015,0.034,0.036,0.049
13,B1_1,0.08,0.027,0.061,0.025,0.054,0.01,0.021,0.049,0.054,0.13,0.102,0.036,0.024,0.099,0.13,0.097
13,B1_2,0.165,0.031,0.018,0.007,0.062,0.03,0.022,0.025,0.024,0.016,0.054,0.07,0.017,0.115,0.144,0.202
13,B1_3,0.428,0.033,0.041,0.013,0.034,0.008,0.114,0.012,0.024,0.004,0.102,0.105,0.066,0.003,0.01,0.004
13,A2_1,0.305,0.07,0.036,0.08,0.015,0.028,0.01,0.025,0.019,0.031,0.019,0.029,0.002,0.061,0.066,0.203
13,A2_2,0.002,0.028,0.044,0.058,0.029,0.056,0.055,0.052,0.024,0.03,0.055,0.054,0.04,0.145,0.197,0.128
13,A2_3,0.631,0.011,0.031,0.004,0.024,0.01,0.021,0.012,0.015,0.011,0.069,0.027,0.049,0.039,0.021,0.026
13,B2_1,0.172,0.179,0.046,0.085,0.019,0.011,0.044,0.03,0.028,0.043,0.141,0.032,0.023,0.028,0.103,0.017
13,B2_2,0.194,0.031,0.02,0.01,0.216,0.011,0.054,0.034,0.026,0.005,0.035,0.09,0.042,0.152,0.046,0.034
13,B2_3,0.707,0.004,0.035,0.012,0.029,0.007,0.023,0.01,0.013,0.023,0.012,0.058,0.013,0.006,0.025,0.023
13,y1,0.163,0.101,0.051,0.1,0.025,0.043,0.024,0.235,0.067,0.033,0.032,0.038,0.011,0.028,0.03,0.021
13,y2,0.133,0.004,0.017,0.005,0.023,0.004,0.036,0.1,0.031,0.066,0.008,0.022,0.006,0.211,0.131,0.203
13,y3,0.007,0.054,0.004,0.008,0.229,0.132,0.026,0.015,0.041,0.006,0.068,0.189,0.042,0.081,0.037,0.059
14,.,0.099,0.058,0.035,0.035,0.168,0.055,0.027,0.019,0.048,0.041,0.12,0.077,0.062,0.076,0.023,0.054
14,A1_1,0.029,0.051,0.013,0.059,0.064,0.092,0.066,0.045,0.043,0.015,0.066,0.145,0.01,0.054,0.164,0.083
14,A1_2,0.141,0.026,0.03,0.025,0.027,0.043,0.023,0.021,0.047,0.058,0.085,0.106,0.029,0.046,0.148,0.145
14,A1_3,0.296,0.021,0.116,0.056,0.023,0.023,0.029,0.04,0.071,0.063,0.058,0.066,0.02,0.031,0.038,0.049
14,B1_1,0.083,0.028,0.074,0.027,0.05,0.009,0.02,0.05,0.063,0.147,0.101,0.032,0.026,0.078,0.115,0.097
14,B1_2,0.111,0.022,0.016,0.007,0.065,0.028,0.02,0.026,0.019,0.014,0.04,0.069,0.016,0.118,0.183,0.247
14,B1_3,0.257,0.04,0.044,0.014,0.057,0.013,0.154,0.013,0.03,0.005,0.127,0.155,0.067,0.005,0.013,0.006
14,A2_1,0.361,0.044,0.032,0.054,0.014,0.024,0.01,0.02,0.021,0.028,0.015,0.027,0.002,0.049,0.062,0.236
14,A2_2,0.002,0.037,0.067,0.052,0.037,0.067,0.065,0.041,0.044,0.044,0.078,0.058,0.055,0.104,0.133,0.116
14,A2_3,0.597,0.013,0.026,0.006,0.031,0.014,0.017,0.012,0.016,0.011,0.063,0.031,0.038,0.042,0.038,0.043
14,B2_1,0.114,0.152,0.065,0.078,0.025,0.015,0.055,0.033,0.05,0.06,0.131,0.034,0.037,0.023,0.101,0.028
14,B2_2,0.104,0.024,0.016,0.011,0.248,0.014,0.045,0.041,0.023,0.004,0.027,0.071,0.045,0.19,0.077,0.059
14,B2_3,0.648,0.004,0.034,0.011,0.033,0.01,0.031,0.011,0.02,0.031,0.015,0.06,0.017,0.007,0.033,0.036
14,y1,0.16,0.105,0.055,0.095,0.032,0.055,0.023,0.17,0.097,0.036,0.035,0.052,0.01,0.024,0.029,0.023
14,y2,0.172,0.005,0.033,0.006,0.022,0.007,0.057,0.087,0.032,0.092,0.009,0.022,0.009,0.133,0.121,0.194
14,y3,0.011,0.038,0.005,0.012,0.231,0.159,0.025,0.014,0.047,0.005,0.072,0.205,0.049,0.061,0.027,0.04
15,.,0.101,0.058,0.035,0.036,0.166,0.054,0.028,0.02,0.048,0.043,0.116,0.079,0.063,0.076,0.024,0.053
15,A1_1,0.031,0.049,0.014,0.06,0.06,0.09,0.076,0.044,0.045,0.016,0.064,0.143,0.011,0.053,0.173,0.071
15,A1_2,0.167,0.022,0.031,0.024,0.024,0.041,0.023,0.022,0.048,0.066,0.074,0.107,0.026,0.046,0.159,0.12
15,A1_3,0.276,0.023,0.114,0.065,0.022,0.028,0.024,0.042,0.088,0.078,0.052,0.063,0.015,0.028,0.042,0.042
15,B1_1,0.065,0.027,0.07,0.025,0.044,0.01,0.015,0.055,0.072,0.169,0.088,0.028,0.021,0.076,0.143,0.093
15,B1_2,0.093,0.025,0.015,0.006,0.068,0.029,0.019,0.029,0.022,0.012,0.038,0.053,0.017,0.148,0.208,0.217
15,B1_3,0.33,0.024,0.03,0.01,0.05,0.009,0.16,0.01,0.033,0.003,0.102,0.146,0.077,0.003,0.01,0.003
15,A2_1,0.582,0.026,0.029,0.045,0.009,0.017,0.008,0.019,0.024,0.026,0.012,0.019,0.002,0.036,0.04,0.105
15,A2_2,0.002,0.03,0.075,0.073,0.034,0.05,0.057,0.043,0.062,0.074,0.043,0.037,0.041,0.114,0.175,0.089
15,A2_3,0.262,0.02,0.027,0.006,0.076,0.03,0.014,0.014,0.031,0.02,0.093,0.044,0.084,0.109,0.087,0.083
15,B2_1,0.183,0.132,0.049,0.037,0.027,0.027,0.06,0.053,0.079,0.046,0.109,0.037,0.035,0.017,0.086,0.021
15,B2_2,0.429,0.02,0.019,0.019,0.094,0.006,0.024,0.064,0.043,0.006,0.017,0.031,0.023,0.092,0.09,0.023
15,B2_3,0.478,0.013,0.024,0.022,0.036,0.012,0.033,0.033,0.102,0.044,0.021,0.053,0.022,0.014,0.065,0.029
15,y1,0.042,0.051,0.017,0.076,0.043,0.103,0.01,0.134,0.127,0.025,0.01,0.05,0.006,0.098,0.151,0.057
15,y2,0.116,0.011,0.021,0.003,0.061,0.03,0.068,0.04,0.119,0.075,0.055,0.014,0.056,0.046,0.125,0.159
15,y3,0.145,0.083,0.029,0.014,0.071,0.157,0.036,0.026,0.073,0.013,0.078,0.179,0.051,0.011,0.029,0.005
16,.,0.1,0.059,0.034,0.038,0.16,0.055,0.028,0.02,0.047,0.042,0.117,0.08,0.063,0.077,0.026,0.056
16,A1_1,0.028,0.053,0.012,0.058,0.057,0.1,0.078,0.041,0.043,0.014,0.064,0.145,0.01,0.051,0.166,0.078
16,A1_2,0.152,0.025,0.03,0.025,0.025,0.05,0.024,0.019,0.046,0.06,0.076,0.111,0.026,0.041,0.157,0.134
16,A1_3,0.289,0.024,0.113,0.073,0.021,0.029,0.023,0.041,0.086,0.07,0.048,0.061,0.015,0.023,0.038,0.045
16,B1_1,0.056,0.031,0.07,0.03,0.044,0.01,0.015,0.056,0.078,0.162,0.084,0.026,0.019,0.066,0.143,0.109
16,B1_2,0.069,0.021,0.012,0.006,0.057,0.029,0.018,0.024,0.015,0.009,0.033,0.053,0.016,0.13,0.244,0.265
16,B1_3,0.307,0.023,0.028,0.009,0.054,0.009,0.158,0.009,0.03,0.003,0.117,0.152,0.089,0.003,0.007,0.003
16,A2_1,0.519,0.031,0.029,0.053,0.01,0.018,0.008,0.018,0.024,0.029,0.011,0.02,0.002,0.041,0.051,0.135
16,A2_2,0.001,0.036,0.064,0.069,0.033,0.068,0.05,0.034,0.057,0.059,0.048,0.045,0.036,0.105,0.185,0.111
16,A2_3,0.305,0.021,0.028,0.008,0.064,0.034,0.015,0.011,0.027,0.017,0.106,0.049,0.08,0.069,0.079,0.088
16,B2_1,0.138,0.142,0.059,0.06,0.026,0.026,0.052,0.068,0.075,0.048,0.107,0.031,0.036,0.014,0.09,0.027
16,B2_2,0.341,0.019,0.019,0.02,0.112,0.007,0.029,0.071,0.034,0.005,0.015,0.03,0.025,0.122,0.114,0.038
16,B2_3,0.399,0.012,0.025,0.024,0.044,0.017,0.058,0.026,0.097,0.042,0.025,0.067,0.039,0.016,0.073,0.037
16,y1,0.091,0.054,0.025,0.072,0.04,0.143,0.02,0.088,0.109,0.019,0.012,0.064,0.008,0.075,0.127,0.052
16,y2,0.211,0.012,0.034,0.005,0.058,0.024,0.07,0.04,0.089,0.065,0.042,0.014,0.053,0.041,0.114,0.128
16,y3,0.118,0.105,0.027,0.021,0.082,0.133,0.035,0.034,0.071,0.013,0.084,0.173,0.052,0.014,0.033,0.005
17,.,0.1,0.057,0.033,0.036,0.16,0.053,0.027,0.019,0.046,0.043,0.118,0.081,0.063,0.079,0.025,0.06
17,A1_1,0.029,0.05,0.012,0.055,0.058,0.101,0.077,0.038,0.043,0.017,0.069,0.152,0.011,0.052,0.151,0.087
17,A1_2,0.175,0.022,0.03,0.022,0.024,0.047,0.023,0.018,0.043,0.07,0.077,0.106,0.028,0.045,0.125,0.143
17,A1_3,0.305,0.024,0.101,0.07,0.022,0.023,0.019,0.043,0.087,0.084,0.046,0.056,0.013,0.025,0.036,0.047
17,B1_1,0.055,0.031,0.057,0.026,0.044,0.011,0.015,0.049,0.07,0.162,0.082,0.028,0.019,0.078,0.139,0.134
17,B1_2,0.089,0.022,0.013,0.005,0.06,0.032,0.021,0.021,0.016,0.009,0.043,0.061,0.019,0.127,0.151,0.309
17,B1_3,0.393,0.017,0.027,0.008,0.05,0.006,0.133,0.008,0.022,0.003,0.098,0.131,0.095,0.002,0.005,0.002
17,A2_1,0.487,0.038,0.031,0.057,0.011,0.017,0.007,0.018,0.024,0.034,0.011,0.02,0.002,0.042,0.047,0.154
17,A2_2,0.001,0.03,0.052,0.067,0.031,0.061,0.046,0.036,0.048,0.058,0.043,0.046,0.032,0.123,0.185,0.14
17,A2_3,0.316,0.019,0.025,0.006,0.063,0.03,0.016,0.009,0.023,0.016,0.116,0.049,0.09,0.071,0.057,0.094
17,B2_1,0.176,0.14,0.052,0.06,0.029,0.018,0.046,0.061,0.062,0.048,0.118,0.033,0.04,0.014,0.078,0.025
17,B2_2,0.357,0.023,0.023,0.018,0.119,0.006,0.029,0.06,0.029,0.006,0.014,0.032,0.024,0.127,0.086,0.047
17,B2_3,0.437,0.012,0.025,0.02,0.04,0.015,0.065,0.024,0.078,0.046,0.024,0.063,0.041,0.018,0.058,0.033
17,y1,0.064,0.045,0.02,0.078,0.044,0.152,0.018,0.09,0.103,0.021,0.01,0.067,0.007,0.084,0.129,0.068
17,y2,0.182,0.008,0.027,0.003,0.075,0.024,0.066,0.041,0.064,0.059,0.038,0.015,0.064,0.045,0.085,0.203
17,y3,0.124,0.086,0.029,0.014,0.1,0.142,0.04,0.021,0.056,0.015,0.094,0.177,0.07,0.009,0.017,0.005
18,.,0.096,0.057,0.032,0.035,0.156,0.052,0.025,0.018,0.047,0.044,0.12,0.081,0.064,0.086,0.024,0.061
18,A1_1,0.029,0.049,0.012,0.052,0.058,0.104,0.076,0.036,0.044,0.018,0.071,0.153,0.012,0.058,0.139,0.088
18,A1_2,0.189,0.023,0.032,0.021,0.023,0.045,0.022,0.018,0.046,0.076,0.079,0.098,0.031,0.053,0.112,0.13
18,A1_3,0.32,0.025,0.093,0.068,0.02,0.018,0.018,0.044,0.092,0.09,0.044,0.048,0.013,0.027,0.037,0.045
18,B1_1,0.058,0.033,0.055,0.026,0.044,0.011,0.015,0.049,0.071,0.148,0.083,0.029,0.021,0.087,0.141,0.129
18,B1_2,0.098,0.024,0.013,0.005,0.051,0.03,0.021,0.02,0.017,0.009,0.043,0.057,0.017,0.148,0.144,0.304
18,B1_3,0.332,0.019,0.027,0.009,0.057,0.007,0.142,0.009,0.023,0.003,0.113,0.14,0.108,0.003,0.006,0.002
18,A2_1,0.539,0.028,0.029,0.048,0.01,0.016,0.006,0.017,0.025,0.037,0.009,0.017,0.002,0.048,0.036,0.132
18,A2_2,0.002,0.038,0.066,0.073,0.028,0.051,0.043,0.036,0.063,0.088,0.045,0.04,0.032,0.125,0.157,0.113
18,A2_3,0.186,0.023,0.02,0.007,0.067,0.036,0.013,0.011,0.021,0.015,0.11,0.045,0.074,0.143,0.093,0.137
18,B2_1,0.215,0.094,0.049,0.044,0.038,0.022,0.063,0.054,0.071,0.036,0.101,0.04,0.052,0.017,0.078,0.028
18,B2_2,0.567,0.022,0.022,0.016,0.068,0.007,0.021,0.042,0.037,0.007,0.018,0.024,0.023,0.06,0.042,0.025
18,B2_3,0.413,0.018,0.026,0.028,0.032,0.01,0.044,0.031,0.107,0.058,0.029,0.045,0.041,0.023,0.066,0.029
18,y1,0.023,0.04,0.012,0.061,0.047,0.141,0.013,0.098,0.06,0.015,0.007,0.053,0.006,0.141,0.207,0.075
18,y2,0.205,0.007,0.02,0.002,0.08,0.025,0.053,0.032,0.082,0.056,0.066,0.017,0.071,0.039,0.074,0.17
18,y3,0.131,0.114,0.028,0.016,0.097,0.138,0.032,0.028,0.048,0.017,0.089,0.176,0.049,0.011,0.02,0.004
19,.,0.094,0.059,0.031,0.035,0.151,0.052,0.025,0.019,0.048,0.042,0.123,0.081,0.064,0.095,0.025,0.058
19,A1_1,0.028,0.049,0.012,0.05,0.058,0.102,0.077,0.035,0.043,0.018,0.076,0.159,0.012,0.062,0.139,0.079
19,A1_2,0.212,0.024,0.032,0.021,0.023,0.042,0.021,0.019,0.045,0.075,0.083,0.097,0.032,0.059,0.106,0.11
19,A1_3,0.323,0.027,0.089,0.068,0.019,0.015,0.015,0.05,0.096,0.094,0.047,0.044,0.012,0.027,0.035,0.04
19,B1_1,0.052,0.033,0.05,0.024,0.042,0.01,0.014,0.054,0.07,0.132,0.082,0.028,0.019,0.106,0.156,0.128
19,B1_2,0.101,0.024,0.012,0.004,0.043,0.031,0.022,0.017,0.016,0.008,0.048,0.065,0.017,0.166,0.146,0.28
19,B1_3,0.335,0.019,0.026,0.008,0.058,0.007,0.126,0.008,0.021,0.003,0.123,0.13,0.127,0.003,0.005,0.002
19,A2_1,0.51,0.037,0.031,0.052,0.01,0.015,0.006,0.021,0.024,0.043,0.01,0.016,0.002,0.064,0.041,0.118
19,A2_2,0.001,0.04,0.054,0.075,0.024,0.046,0.038,0.037,0.051,0.073,0.042,0.044,0.027,0.15,0.186,0.113
19,A2_3,0.202,0.023,0.02,0.006,0.061,0.032,0.014,0.01,0.019,0.015,0.134,0.044,0.088,0.148,0.077,0.105
19,B2_1,0.209,0.111,0.048,0.05,0.037,0.02,0.05,0.061,0.059,0.037,0.113,0.036,0.055,0.018,0.073,0.023
19,B2_2,0.578,0.025,0.022,0.014,0.064,0.005,0.023,0.044,0.029,0.006,0.017,0.021,0.021,0.073,0.036,0.022
19,B2_3,0.398,0.021,0.026,0.028,0.032,0.01,0.058,0.03,0.094,0.055,0.03,0.047,0.047,0.032,0.068,0.025
19,y1,0.019,0.035,0.01,0.052,0.042,0.16,0.015,0.08,0.05,0.012,0.007,0.056,0.006,0.162,0.223,0.071
19,y2,0.233,0.006,0.021,0.002,0.079,0.023,0.053,0.032,0.069,0.049,0.062,0.017,0.079,0.045,0.07,0.16
19,y3,0.119,0.129,0.031,0.017,0.098,0.14,0.037,0.028,0.043,0.016,0.092,0.16,0.06,0.011,0.016,0.003
20,.,0.094,0.058,0.033,0.034,0.146,0.052,0.026,0.018,0.048,0.043,0.122,0.08,0.067,0.097,0.025,0.059
20,A1_1,0.029,0.048,0.012,0.049,0.056,0.106,0.085,0.034,0.045,0.018,0.075,0.157,0.013,0.06,0.134,0.08
20,A1_2,0.223,0.024,0.034,0.02,0.022,0.044,0.022,0.019,0.047,0.076,0.082,0.092,0.032,0.054,0.105,0.106
20,A1_3,0.331,0.024,0.094,0.064,0.016,0.015,0.014,0.049,0.111,0.104,0.042,0.035,0.011,0.021,0.031,0.038
20,B1_1,0.037,0.033,0.058,0.024,0.039,0.01,0.013,0.07,0.087,0.124,0.071,0.021,0.018,0.099,0.156,0.138
20,B1_2,0.076,0.019,0.009,0.003,0.041,0.026,0.023,0.017,0.013,0.006,0.034,0.051,0.015,0.161,0.178,0.329
20,B1_3,0.318,0.018,0.021,0.006,0.058,0.006,0.129,0.007,0.023,0.003,0.131,0.123,0.15,0.002,0.003,0.001
20,A2_1,0.513,0.029,0.034,0.053,0.01,0.018,0.006,0.021,0.031,0.058,0.009,0.014,0.002,0.057,0.04,0.105
20,A2_2,0.001,0.043,0.074,0.074,0.019,0.055,0.039,0.049,0.065,0.085,0.037,0.028,0.025,0.131,0.181,0.095
20,A2_3,0.196,0.019,0.018,0.008,0.061,0.032,0.013,0.013,0.022,0.011,0.1,0.036,0.076,0.154,0.117,0.126
20,B2_1,0.163,0.099,0.049,0.045,0.041,0.023,0.058,0.066,0.103,0.038,0.108,0.035,0.068,0.014,0.066,0.022
20,B2_2,0.601,0.017,0.018,0.016,0.047,0.006,0.016,0.042,0.035,0.007,0.015,0.021,0.019,0.055,0.062,0.024
20,B2_3,0.354,0.032,0.025,0.021,0.03,0.01,0.026,0.05,0.163,0.073,0.045,0.032,0.053,0.022,0.044,0.022
20,y1,0.018,0.048,0.009,0.056,0.04,0.064,0.01,0.105,0.027,0.011,0.005,0.033,0.005,0.191,0.332,0.047
20,y2,0.322,0.008,0.021,0.002,0.054,0.028,0.046,0.028,0.097,0.064,0.094,0.019,0.065,0.021,0.053,0.077
20,y3,0.17,0.161,0.023,0.018,0.077,0.088,0.015,0.061,0.065,0.026,0.077,0.136,0.034,0.02,0.024,0.005
21,.,0.094,0.058,0.033,0.033,0.142,0.052,0.025,0.018,0.046,0.042,0.12,0.079,0.067,0.108,0.023,0.059
21,A1_1,0.031,0.048,0.012,0.048,0.056,0.106,0.087,0.033,0.045,0.017,0.077,0.166,0.013,0.062,0.119,0.08
21,A1_2,0.246,0.025,0.034,0.02,0.022,0.042,0.023,0.018,0.046,0.071,0.08,0.09,0.031,0.058,0.091,0.104
21,A1_3,0.36,0.026,0.091,0.066,0.015,0.013,0.013,0.048,0.111,0.089,0.039,0.035,0.01,0.022,0.027,0.035
21,B1_1,0.043,0.037,0.053,0.024,0.039,0.01,0.014,0.063,0.085,0.123,0.074,0.023,0.018,0.123,0.14,0.132
21,B1_2,0.094,0.017,0.01,0.003,0.043,0.026,0.024,0.015,0.011,0.006,0.04,0.054,0.017,0.183,0.131,0.327
21,B1_3,0.338,0.016,0.022,0.006,0.055,0.006,0.124,0.006,0.019,0.003,0.127,0.114,0.158,0.002,0.003,0.001
21,A2_1,0.449,0.04,0.034,0.062,0.01,0.019,0.005,0.02,0.03,0.057,0.008,0.014,0.002,0.067,0.042,0.14
21,A2_2,0.001,0.043,0.058,0.071,0.019,0.053,0.039,0.041,0.054,0.064,0.038,0.032,0.024,0.169,0.188,0.107
21,A2_3,0.233,0.017,0.017,0.006,0.058,0.033,0.016,0.009,0.018,0.011,0.137,0.038,0.093,0.136,0.073,0.105
21,B2_1,0.168,0.114,0.058,0.061,0.036,0.019,0.046,0.066,0.083,0.039,0.118,0.032,0.067,0.013,0.058,0.022
21,B2_2,0.599,0.019,0.02,0.015,0.055,0.005,0.018,0.038,0.025,0.006,0.013,0.019,0.018,0.079,0.044,0.027
21,B2_3,0.331,0.025,0.028,0.024,0.03,0.011,0.053,0.036,0.133,0.073,0.039,0.042,0.064,0.034,0.048,0.027
21,y1,0.018,0.028,0.008,0.048,0.036,0.138,0.015,0.064,0.028,0.008,0.005,0.047,0.005,0.212,0.267,0.073
21,y2,0.295,0.006,0.022,0.001,0.08,0.023,0.054,0.027,0.065,0.052,0.075,0.016,0.091,0.031,0.045,0.117
21,y3,0.158,0.145,0.03,0.021,0.093,0.121,0.027,0.036,0.047,0.021,0.084,0.132,0.053,0.012,0.016,0.004
22,.,0.094,0.056,0.033,0.032,0.138,0.053,0.024,0.017,0.046,0.044,0.125,0.081,0.067,0.105,0.024,0.062
22,A1_1,0.03,0.045,0.012,0.045,0.055,0.114,0.077,0.031,0.046,0.018,0.082,0.173,0.013,0.061,0.117,0.081
22,A1_2,0.255,0.024,0.032,0.019,0.02,0.046,0.022,0.017,0.046,0.075,0.078,0.084,0.03,0.057,0.089,0.105
22,A1_3,0.344,0.027,0.091,0.066,0.014,0.014,0.014,0.047,0.119,0.105,0.037,0.031,0.011,0.023,0.025,0.034
22,B1_1,0.05,0.037,0.057,0.021,0.035,0.01,0.015,0.062,0.081,0.123,0.068,0.019,0.018,0.126,0.143,0.132
22,B1_2,0.106,0.017,0.011,0.003,0.045,0.027,0.025,0.017,0.014,0.007,0.043,0.051,0.018,0.186,0.144,0.286
22,B1_3,0.357,0.016,0.02,0.006,0.049,0.006,0.118,0.006,0.021,0.003,0.139,0.114,0.14,0.002,0.003,0.001
22,A2_1,0.442,0.035,0.034,0.071,0.009,0.024,0.005,0.02,0.034,0.072,0.007,0.014,0.002,0.06,0.042,0.128
22,A2_2,0.001,0.046,0.073,0.072,0.016,0.064,0.039,0.052,0.071,0.079,0.032,0.022,0.021,0.142,0.168,0.103
22,A2_3,0.22,0.014,0.016,0.006,0.054,0.033,0.014,0.011,0.021,0.009,0.109,0.03,0.084,0.156,0.107,0.117
22,B2_1,0.152,0.099,0.046,0.048,0.043,0.023,0.054,0.056,0.111,0.039,0.125,0.036,0.074,0.015,0.059,0.02
22,B2_2,0.648,0.015,0.017,0.013,0.037,0.006,0.015,0.03,0.03,0.007,0.016,0.018,0.016,0.054,0.055,0.024
22,B2_3,0.33,0.037,0.025,0.022,0.022,0.011,0.022,0.048,0.176,0.099,0.051,0.03,0.054,0.021,0.034,0.019
22,y1,0.013,0.035,0.006,0.047,0.035,0.07,0.008,0.076,0.02,0.011,0.005,0.028,0.004,0.246,0.339,0.055
22,y2,0.314,0.006,0.019,0.001,0.054,0.04,0.045,0.025,0.081,0.065,0.121,0.019,0.075,0.018,0.044,0.074
22,y3,0.254,0.124,0.022,0.019,0.07,0.095,0.013,0.051,0.066,0.032,0.072,0.11,0.033,0.018,0.017,0.005
23,.,0.093,0.056,0.033,0.033,0.134,0.053,0.025,0.017,0.045,0.043,0.123,0.082,0.066,0.107,0.024,0.065
23,A1_1,0.03,0.045,0.012,0.044,0.052,0.112,0.09,0.03,0.045,0.018,0.083,0.172,0.013,0.06,0.114,0.079
23,A1_2,0.281,0.023,0.032,0.02,0.018,0.043,0.023,0.017,0.045,0.07,0.073,0.085,0.029,0.053,0.086,0.103
23,A1_3,0.318,0.03,0.094,0.079,0.014,0.015,0.014,0.047,0.125,0.108,0.034,0.03,0.01,0.021,0.025,0.035
23,B1_1,0.039,0.037,0.058,0.023,0.035,0.012,0.016,0.059,0.077,0.105,0.061,0.018,0.018,0.127,0.156,0.16
23,B1_2,0.092,0.016,0.011,0.003,0.044,0.03,0.027,0.015,0.012,0.006,0.043,0.052,0.019,0.176,0.137,0.318
23,B1_3,0.38,0.014,0.018,0.005,0.044,0.005,0.122,0.005,0.018,0.002,0.137,0.108,0.137,0.002,0.002,0.001
23,A2_1,0.417,0.041,0.04,0.096,0.009,0.026,0.006,0.022,0.036,0.074,0.006,0.014,0.002,0.055,0.044,0.113
23,A2_2,0.001,0.056,0.079,0.078,0.014,0.065,0.04,0.062,0.072,0.067,0.024,0.017,0.017,0.147,0.161,0.098
23,A2_3,0.178,0.01,0.014,0.007,0.057,0.028,0.014,0.011,0.02,0.007,0.092,0.026,0.082,0.169,0.144,0.14
23,B2_1,0.109,0.084,0.041,0.038,0.049,0.028,0.083,0.041,0.117,0.027,0.166,0.051,0.092,0.011,0.049,0.015
23,B2_2,0.783,0.007,0.012,0.01,0.018,0.004,0.01,0.017,0.02,0.006,0.01,0.014,0.01,0.029,0.035,0.018
23,B2_3,0.188,0.069,0.042,0.048,0.013,0.01,0.017,0.07,0.219,0.149,0.056,0.022,0.047,0.011,0.026,0.015
23,y1,0.004,0.014,0.003,0.022,0.023,0.028,0.005,0.029,0.005,0.006,0.002,0.012,0.003,0.401,0.372,0.071
23,y2,0.196,0.004,0.015,0.001,0.088,0.053,0.07,0.015,0.049,0.038,0.185,0.042,0.114,0.016,0.033,0.082
23,y3,0.548,0.048,0.02,0.017,0.06,0.077,0.012,0.02,0.025,0.016,0.034,0.074,0.027,0.012,0.007,0.004
24,.,0.092,0.056,0.033,0.032,0.135,0.053,0.024,0.017,0.044,0.043,0.122,0.084,0.065,0.109,0.024,0.069
24,A1_1,0.028,0.044,0.011,0.042,0.053,0.12,0.088,0.029,0.046,0.017,0.081,0.178,0.012,0.056,0.109,0.086
24,A1_2,0.26,0.023,0.031,0.019,0.019,0.052,0.024,0.017,0.046,0.067,0.074,0.088,0.028,0.051,0.085,0.116
24,A1_3,0.323,0.028,0.097,0.083,0.013,0.017,0.014,0.045,0.125,0.106,0.032,0.029,0.011,0.019,0.024,0.034
24,B1_1,0.038,0.039,0.074,0.025,0.032,0.012,0.016,0.074,0.094,0.118,0.058,0.016,0.018,0.1,0.133,0.154
24,B1_2,0.074,0.012,0.008,0.003,0.041,0.021,0.019,0.015,0.009,0.004,0.027,0.038,0.013,0.18,0.152,0.384
24,B1_3,0.242,0.019,0.017,0.005,0.054,0.007,0.154,0.007,0.023,0.002,0.172,0.144,0.146,0.003,0.003,0.001
24,A2_1,0.419,0.032,0.034,0.077,0.01,0.029,0.006,0.017,0.032,0.073,0.006,0.011,0.002,0.068,0.046,0.137
24,A2_2,0.001,0.072,0.126,0.071,0.012,0.07,0.053,0.062,0.093,0.096,0.041,0.016,0.028,0.09,0.107,0.061
