,,.,A1_1,A1_2,A1_3,B1_1,B1_2,B1_3,A2_1,A2_2,A2_3,B2_1,B2_2,B2_3,y1,y2,y3
0,.,1.0,0.285,0.613,0.634,0.528,0.263,0.632,0.55,0.467,0.754,0.451,0.627,0.641,0.815,0.683,0.688
0,A1_1,0.285,1.0,0.706,0.596,0.587,0.781,0.576,0.73,0.81,0.536,0.759,0.701,0.663,0.351,0.293,0.347
0,A1_2,0.613,0.706,1.0,0.794,0.611,0.591,0.71,0.826,0.838,0.769,0.66,0.795,0.755,0.465,0.546,0.607
0,A1_3,0.634,0.596,0.794,1.0,0.544,0.563,0.707,0.625,0.654,0.742,0.583,0.607,0.647,0.46,0.396,0.491
0,B1_1,0.528,0.587,0.611,0.544,1.0,0.745,0.568,0.703,0.608,0.767,0.732,0.623,0.804,0.405,0.458,0.383
0,B1_2,0.263,0.781,0.591,0.563,0.745,1.0,0.59,0.665,0.706,0.536,0.835,0.588,0.739,0.214,0.328,0.349
0,B1_3,0.632,0.576,0.71,0.707,0.568,0.59,1.0,0.566,0.563,0.609,0.632,0.622,0.76,0.49,0.616,0.647
0,A2_1,0.55,0.73,0.826,0.625,0.703,0.665,0.566,1.0,0.92,0.763,0.728,0.851,0.797,0.48,0.49,0.528
0,A2_2,0.467,0.81,0.838,0.654,0.608,0.706,0.563,0.92,1.0,0.699,0.784,0.843,0.812,0.374,0.4,0.566
0,A2_3,0.754,0.536,0.769,0.742,0.767,0.536,0.609,0.763,0.699,1.0,0.647,0.68,0.843,0.555,0.58,0.511
0,B2_1,0.451,0.759,0.66,0.583,0.732,0.835,0.632,0.728,0.784,0.647,1.0,0.756,0.816,0.41,0.532,0.502
0,B2_2,0.627,0.701,0.795,0.607,0.623,0.588,0.622,0.851,0.843,0.68,0.756,1.0,0.763,0.627,0.495,0.619
0,B2_3,0.641,0.663,0.755,0.647,0.804,0.739,0.76,0.797,0.812,0.843,0.816,0.763,1.0,0.433,0.557,0.557
0,y1,0.815,0.351,0.465,0.46,0.405,0.214,0.49,0.48,0.374,0.555,0.41,0.627,0.433,1.0,0.686,0.594
0,y2,0.683,0.293,0.546,0.396,0.458,0.328,0.616,0.49,0.4,0.58,0.532,0.495,0.557,0.686,1.0,0.661
0,y3,0.688,0.347,0.607,0.491,0.383,0.349,0.647,0.528,0.566,0.511,0.502,0.619,0.557,0.594,0.661,1.0
1,.,1.0,0.419,0.689,0.677,0.591,0.458,0.662,0.511,0.605,0.687,0.561,0.641,0.596,0.819,0.765,0.722
1,A1_1,0.419,1.0,0.808,0.743,0.661,0.785,0.655,0.844,0.794,0.686,0.809,0.714,0.681,0.484,0.522,0.477
1,A1_2,0.689,0.808,1.0,0.851,0.722,0.799,0.73,0.837,0.873,0.727,0.753,0.808,0.701,0.547,0.632,0.622
1,A1_3,0.677,0.743,0.851,1.0,0.774,0.791,0.779,0.803,0.901,0.84,0.814,0.815,0.736,0.593,0.605,0.633
1,B1_1,0.591,0.661,0.722,0.774,1.0,0.781,0.761,0.723,0.793,0.87,0.744,0.785,0.836,0.581,0.649,0.581
1,B1_2,0.458,0.785,0.799,0.791,0.781,1.0,0.823,0.804,0.851,0.665,0.805,0.84,0.829,0.443,0.562,0.558
1,B1_3,0.662,0.655,0.73,0.779,0.761,0.823,1.0,0.686,0.733,0.672,0.627,0.928,0.831,0.64,0.707,0.736
1,A2_1,0.511,0.844,0.837,0.803,0.723,0.804,0.686,1.0,0.8,0.671,0.767,0.765,0.668,0.575,0.585,0.563
1,A2_2,0.605,0.794,0.873,0.901,0.793,0.851,0.733,0.8,1.0,0.793,0.842,0.772,0.796,0.499,0.618,0.631
1,A2_3,0.687,0.686,0.727,0.84,0.87,0.665,0.672,0.671,0.793,1.0,0.77,0.701,0.771,0.615,0.621,0.5
1,B2_1,0.561,0.809,0.753,0.814,0.744,0.805,0.627,0.767,0.842,0.77,1.0,0.715,0.725,0.562,0.59,0.546
1,B2_2,0.641,0.714,0.808,0.815,0.785,0.84,0.928,0.765,0.772,0.701,0.715,1.0,0.8,0.619,0.728,0.726
1,B2_3,0.596,0.681,0.701,0.736,0.836,0.829,0.831,0.668,0.796,0.771,0.725,0.8,1.0,0.459,0.537,0.516
1,y1,0.819,0.484,0.547,0.593,0.581,0.443,0.64,0.575,0.499,0.615,0.562,0.619,0.459,1.0,0.816,0.776
1,y2,0.765,0.522,0.632,0.605,0.649,0.562,0.707,0.585,0.618,0.621,0.59,0.728,0.537,0.816,1.0,0.774
1,y3,0.722,0.477,0.622,0.633,0.581,0.558,0.736,0.563,0.631,0.5,0.546,0.726,0.516,0.776,0.774,1.0
2,.,1.0,0.441,0.65,0.706,0.607,0.49,0.609,0.488,0.531,0.587,0.514,0.635,0.583,0.904,0.84,0.784
2,A1_1,0.441,1.0,0.841,0.803,0.653,0.836,0.705,0.809,0.859,0.748,0.852,0.789,0.755,0.446,0.485,0.564
2,A1_2,0.65,0.841,1.0,0.881,0.638,0.842,0.701,0.799,0.85,0.78,0.802,0.804,0.792,0.504,0.617,0.659
2,A1_3,0.706,0.803,0.881,1.0,0.721,0.848,0.771,0.843,0.883,0.835,0.898,0.863,0.853,0.574,0.656,0.631
2,B1_1,0.607,0.653,0.638,0.721,1.0,0.801,0.754,0.706,0.71,0.755,0.743,0.76,0.749,0.58,0.631,0.574
2,B1_2,0.49,0.836,0.842,0.848,0.801,1.0,0.835,0.86,0.907,0.839,0.901,0.873,0.883,0.379,0.55,0.584
2,B1_3,0.609,0.705,0.701,0.771,0.754,0.835,1.0,0.681,0.736,0.779,0.809,0.823,0.83,0.553,0.693,0.664
2,A2_1,0.488,0.809,0.799,0.843,0.706,0.86,0.681,1.0,0.955,0.888,0.857,0.855,0.781,0.408,0.515,0.58
2,A2_2,0.531,0.859,0.85,0.883,0.71,0.907,0.736,0.955,1.0,0.916,0.927,0.922,0.878,0.434,0.553,0.597
2,A2_3,0.587,0.748,0.78,0.835,0.755,0.839,0.779,0.888,0.916,1.0,0.875,0.938,0.907,0.499,0.575,0.533
2,B2_1,0.514,0.852,0.802,0.898,0.743,0.901,0.809,0.857,0.927,0.875,1.0,0.914,0.92,0.439,0.576,0.562
2,B2_2,0.635,0.789,0.804,0.863,0.76,0.873,0.823,0.855,0.922,0.938,0.914,1.0,0.933,0.57,0.665,0.611
2,B2_3,0.583,0.755,0.792,0.853,0.749,0.883,0.83,0.781,0.878,0.907,0.92,0.933,1.0,0.473,0.577,0.503
2,y1,0.904,0.446,0.504,0.574,0.58,0.379,0.553,0.408,0.434,0.499,0.439,0.57,0.473,1.0,0.824,0.746
2,y2,0.84,0.485,0.617,0.656,0.631,0.55,0.693,0.515,0.553,0.575,0.576,0.665,0.577,0.824,1.0,0.808
2,y3,0.784,0.564,0.659,0.631,0.574,0.584,0.664,0.58,0.597,0.533,0.562,0.611,0.503,0.746,0.808,1.0
3,.,1.0,0.533,0.699,0.675,0.502,0.532,0.594,0.487,0.619,0.902,0.605,0.635,0.775,0.721,0.589,0.445
3,A1_1,0.533,1.0,0.876,0.788,0.523,0.675,0.627,0.552,0.897,0.673,0.85,0.522,0.636,0.516,0.32,0.593
3,A1_2,0.699,0.876,1.0,0.821,0.455,0.603,0.527,0.611,0.86,0.813,0.725,0.561,0.632,0.565,0.413,0.608
3,A1_3,0.675,0.788,0.821,1.0,0.393,0.605,0.517,0.674,0.788,0.795,0.665,0.575,0.609,0.5,0.344,0.52
3,B1_1,0.502,0.523,0.455,0.393,1.0,0.823,0.829,0.448,0.64,0.62,0.708,0.669,0.765,0.464,0.521,0.318
3,B1_2,0.532,0.675,0.603,0.605,0.823,1.0,0.808,0.627,0.728,0.681,0.717,0.746,0.767,0.412,0.605,0.481
3,B1_3,0.594,0.627,0.527,0.517,0.829,0.808,1.0,0.569,0.647,0.661,0.794,0.669,0.765,0.515,0.545,0.636
3,A2_1,0.487,0.552,0.611,0.674,0.448,0.627,0.569,1.0,0.493,0.612,0.498,0.801,0.455,0.574,0.596,0.58
3,A2_2,0.619,0.897,0.86,0.788,0.64,0.728,0.647,0.493,1.0,0.761,0.865,0.496,0.714,0.491,0.415,0.577
3,A2_3,0.902,0.673,0.813,0.795,0.62,0.681,0.661,0.612,0.761,1.0,0.674,0.677,0.8,0.623,0.601,0.457
3,B2_1,0.605,0.85,0.725,0.665,0.708,0.717,0.794,0.498,0.865,0.674,1.0,0.593,0.736,0.666,0.485,0.624
3,B2_2,0.635,0.522,0.561,0.575,0.669,0.746,0.669,0.801,0.496,0.677,0.593,1.0,0.71,0.683,0.572,0.435
3,B2_3,0.775,0.636,0.632,0.609,0.765,0.767,0.765,0.455,0.714,0.8,0.736,0.71,1.0,0.566,0.539,0.365
3,y1,0.721,0.516,0.565,0.5,0.464,0.412,0.515,0.574,0.491,0.623,0.666,0.683,0.566,1.0,0.486,0.414
3,y2,0.589,0.32,0.413,0.344,0.521,0.605,0.545,0.596,0.415,0.601,0.485,0.572,0.539,0.486,1.0,0.334
3,y3,0.445,0.593,0.608,0.52,0.318,0.481,0.636,0.58,0.577,0.457,0.624,0.435,0.365,0.414,0.334,1.0
4,.,1.0,0.567,0.743,0.714,0.522,0.59,0.665,0.696,0.709,0.824,0.657,0.682,0.762,0.724,0.568,0.453
4,A1_1,0.567,1.0,0.834,0.908,0.601,0.792,0.661,0.732,0.884,0.738,0.866,0.517,0.631,0.598,0.348,0.681
4,A1_2,0.743,0.834,1.0,0.889,0.414,0.631,0.513,0.762,0.822,0.799,0.712,0.518,0.553,0.687,0.365,0.6
4,A1_3,0.714,0.908,0.889,1.0,0.528,0.745,0.64,0.779,0.9,0.801,0.79,0.534,0.655,0.623,0.398,0.622
4,B1_1,0.522,0.601,0.414,0.528,1.0,0.877,0.893,0.534,0.626,0.623,0.831,0.692,0.812,0.486,0.509,0.463
4,B1_2,0.59,0.792,0.631,0.745,0.877,1.0,0.866,0.676,0.798,0.736,0.893,0.704,0.795,0.561,0.557,0.546
4,B1_3,0.665,0.661,0.513,0.64,0.893,0.866,1.0,0.685,0.68,0.766,0.892,0.755,0.861,0.594,0.607,0.611
4,A2_1,0.696,0.732,0.762,0.779,0.534,0.676,0.685,1.0,0.727,0.886,0.685,0.757,0.556,0.701,0.62,0.648
4,A2_2,0.709,0.884,0.822,0.9,0.626,0.798,0.68,0.727,1.0,0.758,0.835,0.576,0.713,0.719,0.439,0.634
4,A2_3,0.824,0.738,0.799,0.801,0.623,0.736,0.766,0.886,0.758,1.0,0.771,0.744,0.725,0.728,0.643,0.56
4,B2_1,0.657,0.866,0.712,0.79,0.831,0.893,0.892,0.685,0.835,0.771,1.0,0.672,0.843,0.658,0.474,0.689
4,B2_2,0.682,0.517,0.518,0.534,0.692,0.704,0.755,0.757,0.576,0.744,0.672,1.0,0.719,0.77,0.62,0.485
4,B2_3,0.762,0.631,0.553,0.655,0.812,0.795,0.861,0.556,0.713,0.725,0.843,0.719,1.0,0.629,0.56,0.541
4,y1,0.724,0.598,0.687,0.623,0.486,0.561,0.594,0.701,0.719,0.728,0.658,0.77,0.629,1.0,0.465,0.483
4,y2,0.568,0.348,0.365,0.398,0.509,0.557,0.607,0.62,0.439,0.643,0.474,0.62,0.56,0.465,1.0,0.333
4,y3,0.453,0.681,0.6,0.622,0.463,0.546,0.611,0.648,0.634,0.56,0.689,0.485,0.541,0.483,0.333,1.0
5,.,1.0,0.533,0.729,0.698,0.609,0.625,0.589,0.676,0.66,0.796,0.701,0.685,0.782,0.679,0.6,0.486
5,A1_1,0.533,1.0,0.782,0.88,0.641,0.72,0.394,0.646,0.845,0.797,0.805,0.49,0.567,0.542,0.43,0.629
5,A1_2,0.729,0.782,1.0,0.853,0.635,0.671,0.499,0.76,0.874,0.825,0.751,0.638,0.537,0.744,0.509,0.569
5,A1_3,0.698,0.88,0.853,1.0,0.648,0.736,0.492,0.796,0.844,0.874,0.805,0.617,0.621,0.648,0.452,0.64
5,B1_1,0.609,0.641,0.635,0.648,1.0,0.911,0.876,0.55,0.728,0.817,0.867,0.792,0.846,0.601,0.607,0.625
5,B1_2,0.625,0.72,0.671,0.736,0.911,1.0,0.789,0.585,0.752,0.857,0.86,0.802,0.803,0.554,0.611,0.569
5,B1_3,0.589,0.394,0.499,0.492,0.876,0.789,1.0,0.523,0.549,0.727,0.728,0.796,0.755,0.594,0.61,0.561
5,A2_1,0.676,0.646,0.76,0.796,0.55,0.585,0.523,1.0,0.611,0.763,0.603,0.748,0.437,0.699,0.587,0.62
5,A2_2,0.66,0.845,0.874,0.844,0.728,0.752,0.549,0.611,1.0,0.861,0.868,0.585,0.672,0.71,0.55,0.6
5,A2_3,0.796,0.797,0.825,0.874,0.817,0.857,0.727,0.763,0.861,1.0,0.929,0.756,0.802,0.788,0.615,0.661
5,B2_1,0.701,0.805,0.751,0.805,0.867,0.86,0.728,0.603,0.868,0.929,1.0,0.702,0.836,0.744,0.519,0.745
5,B2_2,0.685,0.49,0.638,0.617,0.792,0.802,0.796,0.748,0.585,0.756,0.702,1.0,0.674,0.763,0.692,0.542
5,B2_3,0.782,0.567,0.537,0.621,0.846,0.803,0.755,0.437,0.672,0.802,0.836,0.674,1.0,0.589,0.59,0.521
5,y1,0.679,0.542,0.744,0.648,0.601,0.554,0.594,0.699,0.71,0.788,0.744,0.763,0.589,1.0,0.513,0.549
5,y2,0.6,0.43,0.509,0.452,0.607,0.611,0.61,0.587,0.55,0.615,0.519,0.692,0.59,0.513,1.0,0.399
5,y3,0.486,0.629,0.569,0.64,0.625,0.569,0.561,0.62,0.6,0.661,0.745,0.542,0.521,0.549,0.399,1.0
6,.,1.0,0.46,0.637,0.662,0.623,0.578,0.636,0.594,0.613,0.813,0.647,0.676,0.789,0.66,0.645,0.537
6,A1_1,0.46,1.0,0.779,0.756,0.461,0.591,0.414,0.626,0.824,0.668,0.648,0.517,0.549,0.545,0.407,0.544
6,A1_2,0.637,0.779,1.0,0.929,0.491,0.539,0.452,0.76,0.849,0.702,0.642,0.564,0.507,0.572,0.467,0.491
6,A1_3,0.662,0.756,0.929,1.0,0.563,0.649,0.57,0.836,0.871,0.724,0.699,0.613,0.56,0.586,0.527,0.58
6,B1_1,0.623,0.461,0.491,0.563,1.0,0.896,0.95,0.687,0.656,0.761,0.92,0.747,0.806,0.701,0.73,0.699
6,B1_2,0.578,0.591,0.539,0.649,0.896,1.0,0.878,0.659,0.721,0.746,0.913,0.671,0.819,0.587,0.661,0.622
6,B1_3,0.636,0.414,0.452,0.57,0.95,0.878,1.0,0.698,0.619,0.771,0.892,0.732,0.812,0.684,0.674,0.703
6,A2_1,0.594,0.626,0.76,0.836,0.687,0.659,0.698,1.0,0.782,0.78,0.701,0.78,0.489,0.766,0.667,0.727
6,A2_2,0.613,0.824,0.849,0.871,0.656,0.721,0.619,0.782,1.0,0.765,0.774,0.595,0.648,0.679,0.635,0.612
6,A2_3,0.813,0.668,0.702,0.724,0.761,0.746,0.771,0.78,0.765,1.0,0.811,0.786,0.774,0.767,0.732,0.659
6,B2_1,0.647,0.648,0.642,0.699,0.92,0.913,0.892,0.701,0.774,0.811,1.0,0.718,0.851,0.716,0.689,0.728
6,B2_2,0.676,0.517,0.564,0.613,0.747,0.671,0.732,0.78,0.595,0.786,0.718,1.0,0.63,0.837,0.662,0.692
6,B2_3,0.789,0.549,0.507,0.56,0.806,0.819,0.812,0.489,0.648,0.774,0.851,0.63,1.0,0.629,0.611,0.641
6,y1,0.66,0.545,0.572,0.586,0.701,0.587,0.684,0.766,0.679,0.767,0.716,0.837,0.629,1.0,0.725,0.803
6,y2,0.645,0.407,0.467,0.527,0.73,0.661,0.674,0.667,0.635,0.732,0.689,0.662,0.611,0.725,1.0,0.653
6,y3,0.537,0.544,0.491,0.58,0.699,0.622,0.703,0.727,0.612,0.659,0.728,0.692,0.641,0.803,0.653,1.0
7,.,1.0,0.421,0.608,0.601,0.616,0.599,0.629,0.641,0.508,0.778,0.667,0.622,0.735,0.633,0.655,0.527
7,A1_1,0.421,1.0,0.826,0.849,0.568,0.634,0.359,0.681,0.829,0.542,0.566,0.428,0.456,0.563,0.52,0.58
7,A1_2,0.608,0.826,1.0,0.916,0.658,0.677,0.505,0.789,0.897,0.776,0.657,0.512,0.592,0.624,0.564,0.542
7,A1_3,0.601,0.849,0.916,1.0,0.722,0.761,0.605,0.761,0.87,0.706,0.751,0.543,0.657,0.628,0.534,0.603
7,B1_1,0.616,0.568,0.658,0.722,1.0,0.897,0.908,0.629,0.649,0.608,0.914,0.783,0.915,0.662,0.659,0.673
7,B1_2,0.599,0.634,0.677,0.761,0.897,1.0,0.828,0.62,0.632,0.571,0.837,0.674,0.839,0.54,0.585,0.547
7,B1_3,0.629,0.359,0.505,0.605,0.908,0.828,1.0,0.613,0.484,0.607,0.902,0.811,0.914,0.623,0.596,0.626
7,A2_1,0.641,0.681,0.789,0.761,0.629,0.62,0.613,1.0,0.708,0.628,0.64,0.706,0.583,0.773,0.676,0.633
7,A2_2,0.508,0.829,0.897,0.87,0.649,0.632,0.484,0.708,1.0,0.742,0.619,0.549,0.56,0.618,0.669,0.554
7,A2_3,0.778,0.542,0.776,0.706,0.608,0.571,0.607,0.628,0.742,1.0,0.705,0.603,0.699,0.565,0.649,0.477
7,B2_1,0.667,0.566,0.657,0.751,0.914,0.837,0.902,0.64,0.619,0.705,1.0,0.791,0.907,0.719,0.63,0.759
7,B2_2,0.622,0.428,0.512,0.543,0.783,0.674,0.811,0.706,0.549,0.603,0.791,1.0,0.798,0.874,0.784,0.753
7,B2_3,0.735,0.456,0.592,0.657,0.915,0.839,0.914,0.583,0.56,0.699,0.907,0.798,1.0,0.646,0.635,0.643
7,y1,0.633,0.563,0.624,0.628,0.662,0.54,0.623,0.773,0.618,0.565,0.719,0.874,0.646,1.0,0.73,0.797
7,y2,0.655,0.52,0.564,0.534,0.659,0.585,0.596,0.676,0.669,0.649,0.63,0.784,0.635,0.73,1.0,0.636
7,y3,0.527,0.58,0.542,0.603,0.673,0.547,0.626,0.633,0.554,0.477,0.759,0.753,0.643,0.797,0.636,1.0
8,.,1.0,0.45,0.605,0.616,0.549,0.45,0.548,0.567,0.558,0.781,0.602,0.606,0.739,0.611,0.621,0.436
8,A1_1,0.45,1.0,0.838,0.818,0.545,0.541,0.334,0.639,0.871,0.801,0.668,0.624,0.443,0.55,0.42,0.606
8,A1_2,0.605,0.838,1.0,0.92,0.637,0.604,0.471,0.795,0.832,0.825,0.664,0.686,0.47,0.613,0.497,0.496
8,A1_3,0.616,0.818,0.92,1.0,0.599,0.644,0.443,0.709,0.824,0.775,0.684,0.57,0.536,0.499,0.391,0.446
8,B1_1,0.549,0.545,0.637,0.599,1.0,0.93,0.891,0.719,0.659,0.591,0.901,0.782,0.762,0.621,0.557,0.603
8,B1_2,0.45,0.541,0.604,0.644,0.93,1.0,0.819,0.665,0.67,0.544,0.898,0.662,0.749,0.448,0.449,0.516
8,B1_3,0.548,0.334,0.471,0.443,0.891,0.819,1.0,0.706,0.439,0.517,0.786,0.74,0.694,0.555,0.542,0.554
8,A2_1,0.567,0.639,0.795,0.709,0.719,0.665,0.706,1.0,0.718,0.701,0.649,0.774,0.394,0.743,0.663,0.627
8,A2_2,0.558,0.871,0.832,0.824,0.659,0.67,0.439,0.718,1.0,0.77,0.758,0.621,0.572,0.622,0.488,0.575
8,A2_3,0.781,0.801,0.825,0.775,0.591,0.544,0.517,0.701,0.77,1.0,0.701,0.758,0.62,0.698,0.59,0.503
8,B2_1,0.602,0.668,0.664,0.684,0.901,0.898,0.786,0.649,0.758,0.701,1.0,0.727,0.853,0.614,0.478,0.653
8,B2_2,0.606,0.624,0.686,0.57,0.782,0.662,0.74,0.774,0.621,0.758,0.727,1.0,0.564,0.857,0.605,0.623
8,B2_3,0.739,0.443,0.47,0.536,0.762,0.749,0.694,0.394,0.572,0.62,0.853,0.564,1.0,0.436,0.43,0.464
8,y1,0.611,0.55,0.613,0.499,0.621,0.448,0.555,0.743,0.622,0.698,0.614,0.857,0.436,1.0,0.551,0.648
8,y2,0.621,0.42,0.497,0.391,0.557,0.449,0.542,0.663,0.488,0.59,0.478,0.605,0.43,0.551,1.0,0.46
8,y3,0.436,0.606,0.496,0.446,0.603,0.516,0.554,0.627,0.575,0.503,0.653,0.623,0.464,0.648,0.46,1.0
9,.,1.0,0.25,0.422,0.377,0.334,0.399,0.395,0.443,0.371,0.66,0.466,0.535,0.62,0.504,0.521,0.406
9,A1_1,0.25,1.0,0.809,0.819,0.341,0.542,0.432,0.708,0.9,0.787,0.725,0.554,0.393,0.506,0.392,0.511
9,A1_2,0.422,0.809,1.0,0.949,0.153,0.33,0.203,0.651,0.793,0.741,0.552,0.398,0.256,0.41,0.257,0.317
9,A1_3,0.377,0.819,0.949,1.0,0.229,0.417,0.315,0.667,0.768,0.721,0.592,0.433,0.301,0.376,0.24,0.323
9,B1_1,0.334,0.341,0.153,0.229,1.0,0.917,0.956,0.537,0.409,0.579,0.727,0.768,0.795,0.423,0.456,0.5
9,B1_2,0.399,0.542,0.33,0.417,0.917,1.0,0.938,0.597,0.603,0.735,0.864,0.813,0.847,0.458,0.492,0.515
9,B1_3,0.395,0.432,0.203,0.315,0.956,0.938,1.0,0.587,0.458,0.658,0.803,0.823,0.824,0.48,0.476,0.555
9,A2_1,0.443,0.708,0.651,0.667,0.537,0.597,0.587,1.0,0.728,0.733,0.625,0.737,0.401,0.721,0.637,0.696
9,A2_2,0.371,0.9,0.793,0.768,0.409,0.603,0.458,0.728,1.0,0.831,0.736,0.56,0.454,0.58,0.525,0.55
9,A2_3,0.66,0.787,0.741,0.721,0.579,0.735,0.658,0.733,0.831,1.0,0.881,0.76,0.725,0.626,0.489,0.556
9,B2_1,0.466,0.725,0.552,0.592,0.727,0.864,0.803,0.625,0.736,0.881,1.0,0.791,0.802,0.624,0.482,0.631
9,B2_2,0.535,0.554,0.398,0.433,0.768,0.813,0.823,0.737,0.56,0.76,0.791,1.0,0.74,0.72,0.612,0.596
9,B2_3,0.62,0.393,0.256,0.301,0.795,0.847,0.824,0.401,0.454,0.725,0.802,0.74,1.0,0.396,0.43,0.426
9,y1,0.504,0.506,0.41,0.376,0.423,0.458,0.48,0.721,0.58,0.626,0.624,0.72,0.396,1.0,0.751,0.855
9,y2,0.521,0.392,0.257,0.24,0.456,0.492,0.476,0.637,0.525,0.489,0.482,0.612,0.43,0.751,1.0,0.729
9,y3,0.406,0.511,0.317,0.323,0.5,0.515,0.555,0.696,0.55,0.556,0.631,0.596,0.426,0.855,0.729,1.0
10,.,1.0,0.144,0.369,0.308,0.209,0.336,0.31,0.24,0.286,0.451,0.316,0.447,0.552,0.331,0.346,0.205
10,A1_1,0.144,1.0,0.83,0.844,0.276,0.465,0.346,0.72,0.887,0.816,0.591,0.307,0.252,0.461,0.367,0.479
10,A1_2,0.369,0.83,1.0,0.955,0.091,0.292,0.15,0.654,0.809,0.925,0.424,0.171,0.144,0.364,0.199,0.296
10,A1_3,0.308,0.844,0.955,1.0,0.128,0.359,0.229,0.649,0.798,0.884,0.488,0.211,0.176,0.335,0.16,0.293
10,B1_1,0.209,0.276,0.091,0.128,1.0,0.883,0.938,0.333,0.335,0.158,0.847,0.766,0.836,0.377,0.383,0.413
10,B1_2,0.336,0.465,0.292,0.359,0.883,1.0,0.925,0.439,0.527,0.383,0.931,0.791,0.862,0.391,0.427,0.394
10,B1_3,0.31,0.346,0.15,0.229,0.938,0.925,1.0,0.401,0.383,0.265,0.901,0.856,0.866,0.439,0.445,0.456
10,A2_1,0.24,0.72,0.654,0.649,0.333,0.439,0.401,1.0,0.773,0.712,0.472,0.55,0.261,0.675,0.638,0.641
10,A2_2,0.286,0.887,0.809,0.798,0.335,0.527,0.383,0.773,1.0,0.807,0.601,0.382,0.334,0.581,0.484,0.558
10,A2_3,0.451,0.816,0.925,0.884,0.158,0.383,0.265,0.712,0.807,1.0,0.449,0.323,0.253,0.403,0.345,0.314
10,B2_1,0.316,0.591,0.424,0.488,0.847,0.931,0.901,0.472,0.601,0.449,1.0,0.738,0.811,0.478,0.412,0.492
10,B2_2,0.447,0.307,0.171,0.211,0.766,0.791,0.856,0.55,0.382,0.323,0.738,1.0,0.792,0.632,0.574,0.52
10,B2_3,0.552,0.252,0.144,0.176,0.836,0.862,0.866,0.261,0.334,0.253,0.811,0.792,1.0,0.336,0.367,0.291
10,y1,0.331,0.461,0.364,0.335,0.377,0.391,0.439,0.675,0.581,0.403,0.478,0.632,0.336,1.0,0.822,0.891
10,y2,0.346,0.367,0.199,0.16,0.383,0.427,0.445,0.638,0.484,0.345,0.412,0.574,0.367,0.822,1.0,0.802
10,y3,0.205,0.479,0.296,0.293,0.413,0.394,0.456,0.641,0.558,0.314,0.492,0.52,0.291,0.891,0.802,1.0
11,.,1.0,0.058,0.24,0.177,0.21,0.303,0.275,0.103,0.144,0.287,0.292,0.312,0.407,0.202,0.169,0.095
11,A1_1,0.058,1.0,0.86,0.898,0.247,0.447,0.383,0.883,0.902,0.851,0.441,0.242,0.253,0.447,0.348,0.414
11,A1_2,0.24,0.86,1.0,0.954,0.077,0.246,0.195,0.852,0.9,0.945,0.282,0.063,0.096,0.348,0.174,0.267
11,A1_3,0.177,0.898,0.954,1.0,0.106,0.31,0.25,0.847,0.909,0.922,0.344,0.112,0.127,0.338,0.182,0.258
11,B1_1,0.21,0.247,0.077,0.106,1.0,0.915,0.947,0.159,0.164,0.101,0.918,0.921,0.92,0.311,0.368,0.273
11,B1_2,0.303,0.447,0.246,0.31,0.915,1.0,0.947,0.304,0.338,0.283,0.953,0.899,0.93,0.368,0.406,0.307
11,B1_3,0.275,0.383,0.195,0.25,0.947,0.947,1.0,0.266,0.277,0.219,0.963,0.927,0.917,0.445,0.444,0.384
11,A2_1,0.103,0.883,0.852,0.847,0.159,0.304,0.266,1.0,0.895,0.86,0.321,0.224,0.123,0.463,0.412,0.44
11,A2_2,0.144,0.902,0.9,0.909,0.164,0.338,0.277,0.895,1.0,0.928,0.366,0.17,0.16,0.459,0.396,0.428
11,A2_3,0.287,0.851,0.945,0.922,0.101,0.283,0.219,0.86,0.928,1.0,0.294,0.121,0.15,0.362,0.267,0.286
11,B2_1,0.292,0.441,0.282,0.344,0.918,0.953,0.963,0.321,0.366,0.294,1.0,0.903,0.905,0.438,0.425,0.351
11,B2_2,0.312,0.242,0.063,0.112,0.921,0.899,0.927,0.224,0.17,0.121,0.903,1.0,0.911,0.426,0.491,0.343
11,B2_3,0.407,0.253,0.096,0.127,0.92,0.93,0.917,0.123,0.16,0.15,0.905,0.911,1.0,0.319,0.361,0.229
11,y1,0.202,0.447,0.348,0.338,0.311,0.368,0.445,0.463,0.459,0.362,0.438,0.426,0.319,1.0,0.873,0.93
11,y2,0.169,0.348,0.174,0.182,0.368,0.406,0.444,0.412,0.396,0.267,0.425,0.491,0.361,0.873,1.0,0.863
11,y3,0.095,0.414,0.267,0.258,0.273,0.307,0.384,0.44,0.428,0.286,0.351,0.343,0.229,0.93,0.863,1.0
12,.,1.0,0.005,0.132,0.107,0.159,0.234,0.182,0.057,0.073,0.195,0.192,0.23,0.377,0.183,0.147,0.066
12,A1_1,0.005,1.0,0.88,0.9,0.232,0.43,0.367,0.894,0.909,0.872,0.427,0.253,0.232,0.406,0.286,0.37
12,A1_2,0.132,0.88,1.0,0.956,0.097,0.264,0.213,0.849,0.911,0.941,0.304,0.081,0.101,0.338,0.134,0.258
12,A1_3,0.107,0.9,0.956,1.0,0.091,0.291,0.237,0.844,0.913,0.932,0.331,0.105,0.114,0.321,0.139,0.242
12,B1_1,0.159,0.232,0.097,0.091,1.0,0.91,0.951,0.133,0.16,0.087,0.913,0.925,0.914,0.26,0.318,0.224
12,B1_2,0.234,0.43,0.264,0.291,0.91,1.0,0.943,0.286,0.334,0.261,0.947,0.912,0.923,0.318,0.349,0.251
12,B1_3,0.182,0.367,0.213,0.237,0.951,0.943,1.0,0.24,0.267,0.186,0.971,0.944,0.907,0.376,0.38,0.31
12,A2_1,0.057,0.894,0.849,0.844,0.133,0.286,0.24,1.0,0.905,0.874,0.289,0.192,0.106,0.454,0.374,0.43
12,A2_2,0.073,0.909,0.911,0.913,0.16,0.334,0.267,0.905,1.0,0.941,0.351,0.159,0.154,0.439,0.342,0.412
12,A2_3,0.195,0.872,0.941,0.932,0.087,0.261,0.186,0.874,0.941,1.0,0.26,0.079,0.132,0.361,0.231,0.29
12,B2_1,0.192,0.427,0.304,0.331,0.913,0.947,0.971,0.289,0.351,0.26,1.0,0.915,0.892,0.378,0.351,0.286
12,B2_2,0.23,0.253,0.081,0.105,0.925,0.912,0.944,0.192,0.159,0.079,0.915,1.0,0.918,0.352,0.416,0.274
12,B2_3,0.377,0.232,0.101,0.114,0.914,0.923,0.907,0.106,0.154,0.132,0.892,0.918,1.0,0.292,0.331,0.198
12,y1,0.183,0.406,0.338,0.321,0.26,0.318,0.376,0.454,0.439,0.361,0.378,0.352,0.292,1.0,0.877,0.935
12,y2,0.147,0.286,0.134,0.139,0.318,0.349,0.38,0.374,0.342,0.231,0.351,0.416,0.331,0.877,1.0,0.875
12,y3,0.066,0.37,0.258,0.242,0.224,0.251,0.31,0.43,0.412,0.29,0.286,0.274,0.198,0.935,0.875,1.0
13,.,1.0,0.004,0.089,0.089,0.104,0.184,0.118,0.061,0.049,0.142,0.16,0.144,0.394,0.116,0.051,0.001
13,A1_1,0.004,1.0,0.892,0.915,0.193,0.377,0.304,0.903,0.919,0.863,0.363,0.208,0.154,0.382,0.302,0.341
13,A1_2,0.089,0.892,1.0,0.949,0.081,0.232,0.175,0.857,0.911,0.935,0.262,0.055,0.046,0.315,0.158,0.246
13,A1_3,0.089,0.915,0.949,1.0,0.059,0.247,0.177,0.851,0.888,0.909,0.282,0.067,0.047,0.289,0.145,0.22
13,B1_1,0.104,0.193,0.081,0.059,1.0,0.917,0.963,0.064,0.131,0.038,0.915,0.946,0.905,0.202,0.276,0.165
13,B1_2,0.184,0.377,0.232,0.247,0.917,1.0,0.936,0.203,0.3,0.186,0.939,0.923,0.898,0.243,0.298,0.176
13,B1_3,0.118,0.304,0.175,0.177,0.963,0.936,1.0,0.169,0.218,0.114,0.963,0.966,0.888,0.312,0.357,0.253
13,A2_1,0.061,0.903,0.857,0.851,0.064,0.203,0.169,1.0,0.918,0.878,0.203,0.099,0.049,0.447,0.379,0.411
13,A2_2,0.049,0.919,0.911,0.888,0.131,0.3,0.218,0.918,1.0,0.943,0.279,0.116,0.11,0.454,0.373,0.42
13,A2_3,0.142,0.863,0.935,0.909,0.038,0.186,0.114,0.878,0.943,1.0,0.177,-0.001,0.05,0.355,0.252,0.296
13,B2_1,0.16,0.363,0.262,0.282,0.915,0.939,0.963,0.203,0.279,0.177,1.0,0.944,0.876,0.287,0.299,0.197
13,B2_2,0.144,0.208,0.055,0.067,0.946,0.923,0.966,0.099,0.116,-0.001,0.944,1.0,0.925,0.268,0.345,0.195
13,B2_3,0.394,0.154,0.046,0.047,0.905,0.898,0.888,0.049,0.11,0.05,0.876,0.925,1.0,0.25,0.307,0.15
13,y1,0.116,0.382,0.315,0.289,0.202,0.243,0.312,0.447,0.454,0.355,0.287,0.268,0.25,1.0,0.905,0.949
13,y2,0.051,0.302,0.158,0.145,0.276,0.298,0.357,0.379,0.373,0.252,0.299,0.345,0.307,0.905,1.0,0.897
13,y3,0.001,0.341,0.246,0.22,0.165,0.176,0.253,0.411,0.42,0.296,0.197,0.195,0.15,0.949,0.897,1.0
14,.,1.0,-0.021,0.083,0.077,0.109,0.165,0.089,0.016,0.028,0.108,0.13,0.148,0.323,0.148,0.067,0.01
14,A1_1,-0.021,1.0,0.88,0.909,0.183,0.411,0.33,0.89,0.896,0.854,0.326,0.243,0.209,0.355,0.278,0.313
14,A1_2,0.083,0.88,1.0,0.946,0.067,0.267,0.203,0.835,0.94,0.94,0.24,0.093,0.1,0.344,0.188,0.256
14,A1_3,0.077,0.909,0.946,1.0,0.054,0.285,0.209,0.834,0.915,0.917,0.262,0.1,0.102,0.298,0.147,0.215
14,B1_1,0.109,0.183,0.067,0.054,1.0,0.904,0.954,0.1,0.085,0.02,0.919,0.932,0.927,0.173,0.266,0.142
14,B1_2,0.165,0.411,0.267,0.285,0.904,1.0,0.925,0.274,0.288,0.209,0.918,0.901,0.91,0.231,0.279,0.17
14,B1_3,0.089,0.33,0.203,0.209,0.954,0.925,1.0,0.226,0.204,0.127,0.951,0.949,0.906,0.303,0.353,0.25
14,A2_1,0.016,0.89,0.835,0.834,0.1,0.274,0.226,1.0,0.892,0.844,0.197,0.175,0.094,0.41,0.37,0.393
14,A2_2,0.028,0.896,0.94,0.915,0.085,0.288,0.204,0.892,1.0,0.956,0.24,0.097,0.1,0.403,0.316,0.369
14,A2_3,0.108,0.854,0.94,0.917,0.02,0.209,0.127,0.844,0.956,1.0,0.147,0.011,0.062,0.345,0.233,0.281
14,B2_1,0.13,0.326,0.24,0.262,0.919,0.918,0.951,0.197,0.24,0.147,1.0,0.916,0.901,0.257,0.274,0.166
14,B2_2,0.148,0.243,0.093,0.1,0.932,0.901,0.949,0.175,0.097,0.011,0.916,1.0,0.923,0.244,0.323,0.172
14,B2_3,0.323,0.209,0.1,0.102,0.927,0.91,0.906,0.094,0.1,0.062,0.901,0.923,1.0,0.226,0.278,0.135
14,y1,0.148,0.355,0.344,0.298,0.173,0.231,0.303,0.41,0.403,0.345,0.257,0.244,0.226,1.0,0.903,0.941
14,y2,0.067,0.278,0.188,0.147,0.266,0.279,0.353,0.37,0.316,0.233,0.274,0.323,0.278,0.903,1.0,0.9
14,y3,0.01,0.313,0.256,0.215,0.142,0.17,0.25,0.393,0.369,0.281,0.166,0.172,0.135,0.941,0.9,1.0
15,.,1.0,-0.087,-0.036,-0.013,0.098,0.122,0.085,-0.012,-0.038,0.071,0.122,0.089,0.334,0.091,0.07,-0.036
15,A1_1,-0.087,1.0,0.908,0.924,0.147,0.327,0.26,0.896,0.903,0.905,0.345,0.21,0.116,0.323,0.223,0.274
15,A1_2,-0.036,0.908,1.0,0.943,0.073,0.222,0.168,0.831,0.928,0.944,0.285,0.095,0.036,0.314,0.134,0.214
15,A1_3,-0.013,0.924,0.943,1.0,0.043,0.22,0.158,0.837,0.918,0.96,0.289,0.082,0.025,0.283,0.107,0.197
15,B1_1,0.098,0.147,0.073,0.043,1.0,0.924,0.955,0.029,0.058,0.049,0.908,0.936,0.929,0.129,0.207,0.092
15,B1_2,0.122,0.327,0.222,0.22,0.924,1.0,0.935,0.174,0.217,0.216,0.944,0.932,0.901,0.177,0.228,0.124
15,B1_3,0.085,0.26,0.168,0.158,0.955,0.935,1.0,0.134,0.15,0.124,0.944,0.963,0.898,0.263,0.308,0.2
15,A2_1,-0.012,0.896,0.831,0.837,0.029,0.174,0.134,1.0,0.891,0.809,0.177,0.1,0.009,0.373,0.305,0.332
15,A2_2,-0.038,0.903,0.928,0.918,0.058,0.217,0.15,0.891,1.0,0.92,0.265,0.074,0.024,0.402,0.284,0.339
15,A2_3,0.071,0.905,0.944,0.96,0.049,0.216,0.124,0.809,0.92,1.0,0.265,0.046,0.048,0.279,0.112,0.195
15,B2_1,0.122,0.345,0.285,0.289,0.908,0.944,0.944,0.177,0.265,0.265,1.0,0.923,0.886,0.283,0.265,0.21
15,B2_2,0.089,0.21,0.095,0.082,0.936,0.932,0.963,0.1,0.074,0.046,0.923,1.0,0.917,0.239,0.282,0.166
15,B2_3,0.334,0.116,0.036,0.025,0.929,0.901,0.898,0.009,0.024,0.048,0.886,0.917,1.0,0.187,0.248,0.101
15,y1,0.091,0.323,0.314,0.283,0.129,0.177,0.263,0.373,0.402,0.279,0.283,0.239,0.187,1.0,0.896,0.927
15,y2,0.07,0.223,0.134,0.107,0.207,0.228,0.308,0.305,0.284,0.112,0.265,0.282,0.248,0.896,1.0,0.891
15,y3,-0.036,0.274,0.214,0.197,0.092,0.124,0.2,0.332,0.339,0.195,0.21,0.166,0.101,0.927,0.891,1.0
16,.,1.0,-0.1,-0.069,-0.036,0.069,0.083,0.056,-0.042,-0.048,0.014,0.094,0.066,0.307,0.052,-0.01,-0.065
16,A1_1,-0.1,1.0,0.91,0.939,0.127,0.312,0.234,0.9,0.91,0.901,0.278,0.182,0.124,0.304,0.241,0.267
16,A1_2,-0.069,0.91,1.0,0.938,0.039,0.195,0.121,0.829,0.935,0.951,0.203,0.054,0.029,0.298,0.154,0.207
16,A1_3,-0.036,0.939,0.938,1.0,0.019,0.2,0.122,0.846,0.922,0.957,0.209,0.049,0.026,0.266,0.129,0.198
16,B1_1,0.069,0.127,0.039,0.019,1.0,0.924,0.958,0.012,0.031,0.009,0.927,0.937,0.929,0.115,0.2,0.077
16,B1_2,0.083,0.312,0.195,0.2,0.924,1.0,0.928,0.166,0.198,0.169,0.931,0.917,0.902,0.156,0.214,0.106
16,B1_3,0.056,0.234,0.121,0.122,0.958,0.928,1.0,0.116,0.111,0.074,0.954,0.965,0.899,0.229,0.301,0.172
16,A2_1,-0.042,0.9,0.829,0.846,0.012,0.166,0.116,1.0,0.901,0.848,0.136,0.086,0.021,0.361,0.31,0.333
16,A2_2,-0.048,0.91,0.935,0.922,0.031,0.198,0.111,0.901,1.0,0.961,0.195,0.043,0.029,0.385,0.288,0.328
16,A2_3,0.014,0.901,0.951,0.957,0.009,0.169,0.074,0.848,0.961,1.0,0.158,-0.011,0.023,0.312,0.187,0.242
16,B2_1,0.094,0.278,0.203,0.209,0.927,0.931,0.954,0.136,0.195,0.158,1.0,0.934,0.902,0.22,0.235,0.144
16,B2_2,0.066,0.182,0.054,0.049,0.937,0.917,0.965,0.086,0.043,-0.011,0.934,1.0,0.918,0.2,0.267,0.138
16,B2_3,0.307,0.124,0.029,0.026,0.929,0.902,0.899,0.021,0.029,0.023,0.902,0.918,1.0,0.171,0.225,0.09
16,y1,0.052,0.304,0.298,0.266,0.115,0.156,0.229,0.361,0.385,0.312,0.22,0.2,0.171,1.0,0.917,0.942
16,y2,-0.01,0.241,0.154,0.129,0.2,0.214,0.301,0.31,0.288,0.187,0.235,0.267,0.225,0.917,1.0,0.911
16,y3,-0.065,0.267,0.207,0.198,0.077,0.106,0.172,0.333,0.328,0.242,0.144,0.138,0.09,0.942,0.911,1.0
17,.,1.0,-0.098,-0.038,-0.019,0.057,0.102,0.04,-0.054,-0.041,0.008,0.11,0.063,0.265,0.041,-0.055,-0.083
17,A1_1,-0.098,1.0,0.906,0.928,0.115,0.304,0.237,0.923,0.909,0.891,0.266,0.184,0.119,0.312,0.259,0.27
17,A1_2,-0.038,0.906,1.0,0.944,0.007,0.177,0.105,0.876,0.941,0.949,0.171,0.044,0.018,0.297,0.176,0.209
17,A1_3,-0.019,0.928,0.944,1.0,0.001,0.195,0.121,0.888,0.939,0.947,0.196,0.052,0.018,0.304,0.185,0.229
17,B1_1,0.057,0.115,0.007,0.001,1.0,0.931,0.958,0.012,-0.001,-0.012,0.926,0.951,0.941,0.12,0.197,0.089
17,B1_2,0.102,0.304,0.177,0.195,0.931,1.0,0.932,0.164,0.172,0.154,0.935,0.922,0.911,0.163,0.214,0.111
17,B1_3,0.04,0.237,0.105,0.121,0.958,0.932,1.0,0.119,0.091,0.073,0.955,0.969,0.914,0.243,0.304,0.19
17,A2_1,-0.054,0.923,0.876,0.888,0.012,0.164,0.119,1.0,0.926,0.895,0.132,0.078,0.021,0.321,0.279,0.295
17,A2_2,-0.041,0.909,0.941,0.939,-0.001,0.172,0.091,0.926,1.0,0.971,0.156,0.029,0.012,0.366,0.288,0.315
17,A2_3,0.008,0.891,0.949,0.947,-0.012,0.154,0.073,0.895,0.971,1.0,0.13,-0.007,0.012,0.323,0.228,0.263
17,B2_1,0.11,0.266,0.171,0.196,0.926,0.935,0.955,0.132,0.156,0.13,1.0,0.944,0.917,0.226,0.241,0.144
17,B2_2,0.063,0.184,0.044,0.052,0.951,0.922,0.969,0.078,0.029,-0.007,0.944,1.0,0.94,0.196,0.261,0.133
17,B2_3,0.265,0.119,0.018,0.018,0.941,0.911,0.914,0.021,0.012,0.012,0.917,0.94,1.0,0.17,0.221,0.095
17,y1,0.041,0.312,0.297,0.304,0.12,0.163,0.243,0.321,0.366,0.323,0.226,0.196,0.17,1.0,0.931,0.95
17,y2,-0.055,0.259,0.176,0.185,0.197,0.214,0.304,0.279,0.288,0.228,0.241,0.261,0.221,0.931,1.0,0.921
17,y3,-0.083,0.27,0.209,0.229,0.089,0.111,0.19,0.295,0.315,0.263,0.144,0.133,0.095,0.95,0.921,1.0
18,.,1.0,-0.098,-0.016,-0.004,0.046,0.106,0.033,-0.062,-0.033,0.007,0.104,0.058,0.237,0.033,-0.071,-0.103
18,A1_1,-0.098,1.0,0.91,0.927,0.099,0.293,0.234,0.92,0.91,0.893,0.244,0.179,0.126,0.306,0.258,0.269
18,A1_2,-0.016,0.91,1.0,0.948,-0.007,0.176,0.109,0.883,0.945,0.953,0.145,0.047,0.029,0.307,0.197,0.225
18,A1_3,-0.004,0.927,0.948,1.0,-0.001,0.205,0.136,0.89,0.938,0.944,0.182,0.062,0.041,0.314,0.208,0.244
18,B1_1,0.046,0.099,-0.007,-0.001,1.0,0.927,0.954,0.026,-0.015,-0.02,0.925,0.947,0.939,0.108,0.188,0.084
18,B1_2,0.106,0.293,0.176,0.205,0.927,1.0,0.932,0.175,0.163,0.152,0.935,0.919,0.915,0.151,0.204,0.103
18,B1_3,0.033,0.234,0.109,0.136,0.954,0.932,1.0,0.141,0.089,0.081,0.963,0.965,0.921,0.234,0.294,0.185
18,A2_1,-0.062,0.92,0.883,0.89,0.026,0.175,0.141,1.0,0.93,0.901,0.134,0.1,0.047,0.315,0.284,0.301
18,A2_2,-0.033,0.91,0.945,0.938,-0.015,0.163,0.089,0.93,1.0,0.972,0.125,0.029,0.016,0.352,0.287,0.307
18,A2_3,0.007,0.893,0.953,0.944,-0.02,0.152,0.081,0.901,0.972,1.0,0.104,0.001,0.02,0.324,0.243,0.27
18,B2_1,0.104,0.244,0.145,0.182,0.925,0.935,0.963,0.134,0.125,0.104,1.0,0.946,0.922,0.205,0.229,0.131
18,B2_2,0.058,0.179,0.047,0.062,0.947,0.919,0.965,0.1,0.029,0.001,0.946,1.0,0.946,0.172,0.243,0.114
18,B2_3,0.237,0.126,0.029,0.041,0.939,0.915,0.921,0.047,0.016,0.02,0.922,0.946,1.0,0.166,0.218,0.097
18,y1,0.033,0.306,0.307,0.314,0.108,0.151,0.234,0.315,0.352,0.324,0.205,0.172,0.166,1.0,0.935,0.95
18,y2,-0.071,0.258,0.197,0.208,0.188,0.204,0.294,0.284,0.287,0.243,0.229,0.243,0.218,0.935,1.0,0.923
18,y3,-0.103,0.269,0.225,0.244,0.084,0.103,0.185,0.301,0.307,0.27,0.131,0.114,0.097,0.95,0.923,1.0
19,.,1.0,-0.147,-0.062,-0.062,0.013,0.07,0.0,-0.114,-0.097,-0.058,0.048,0.023,0.188,0.029,-0.061,-0.107
19,A1_1,-0.147,1.0,0.924,0.942,0.085,0.279,0.225,0.921,0.931,0.925,0.24,0.174,0.13,0.276,0.228,0.249
19,A1_2,-0.062,0.924,1.0,0.958,-0.01,0.187,0.119,0.894,0.954,0.962,0.155,0.065,0.054,0.28,0.173,0.204
19,A1_3,-0.062,0.942,0.958,1.0,0.007,0.219,0.152,0.905,0.956,0.96,0.2,0.089,0.071,0.289,0.19,0.23
19,B1_1,0.013,0.085,-0.01,0.007,1.0,0.927,0.957,0.024,-0.015,-0.015,0.925,0.95,0.936,0.078,0.168,0.071
19,B1_2,0.07,0.279,0.187,0.219,0.927,1.0,0.933,0.178,0.177,0.174,0.94,0.925,0.921,0.117,0.177,0.082
19,B1_3,0.0,0.225,0.119,0.152,0.957,0.933,1.0,0.148,0.103,0.1,0.962,0.968,0.919,0.203,0.273,0.174
19,A2_1,-0.114,0.921,0.894,0.905,0.024,0.178,0.148,1.0,0.924,0.909,0.139,0.107,0.054,0.299,0.271,0.294
19,A2_2,-0.097,0.931,0.954,0.956,-0.015,0.177,0.103,0.924,1.0,0.977,0.145,0.045,0.029,0.315,0.243,0.269
19,A2_3,-0.058,0.925,0.962,0.96,-0.015,0.174,0.1,0.909,0.977,1.0,0.125,0.03,0.043,0.296,0.216,0.241
19,B2_1,0.048,0.24,0.155,0.2,0.925,0.94,0.962,0.139,0.145,0.125,1.0,0.947,0.916,0.167,0.202,0.118
19,B2_2,0.023,0.174,0.065,0.089,0.95,0.925,0.968,0.107,0.045,0.03,0.947,1.0,0.946,0.132,0.21,0.093
19,B2_3,0.188,0.13,0.054,0.071,0.936,0.921,0.919,0.054,0.029,0.043,0.916,0.946,1.0,0.128,0.181,0.074
19,y1,0.029,0.276,0.28,0.289,0.078,0.117,0.203,0.299,0.315,0.296,0.167,0.132,0.128,1.0,0.94,0.951
19,y2,-0.061,0.228,0.173,0.19,0.168,0.177,0.273,0.271,0.243,0.216,0.202,0.21,0.181,0.94,1.0,0.926
19,y3,-0.107,0.249,0.204,0.23,0.071,0.082,0.174,0.294,0.269,0.241,0.118,0.093,0.074,0.951,0.926,1.0
20,.,1.0,-0.196,-0.114,-0.1,0.005,0.041,0.016,-0.143,-0.128,-0.077,0.051,0.023,0.195,-0.044,-0.112,-0.164
20,A1_1,-0.196,1.0,0.939,0.94,0.079,0.21,0.156,0.897,0.925,0.915,0.208,0.116,0.059,0.269,0.202,0.238
20,A1_2,-0.114,0.939,1.0,0.963,0.022,0.145,0.076,0.883,0.965,0.962,0.156,0.031,0.01,0.26,0.132,0.185
20,A1_3,-0.1,0.94,0.963,1.0,0.021,0.162,0.099,0.898,0.962,0.964,0.183,0.052,0.016,0.272,0.157,0.213
20,B1_1,0.005,0.079,0.022,0.021,1.0,0.941,0.962,0.002,-0.006,0.014,0.934,0.943,0.95,0.091,0.152,0.062
20,B1_2,0.041,0.21,0.145,0.162,0.941,1.0,0.936,0.125,0.121,0.138,0.935,0.925,0.915,0.119,0.172,0.081
20,B1_3,0.016,0.156,0.076,0.099,0.962,0.936,1.0,0.065,0.049,0.063,0.951,0.955,0.919,0.196,0.255,0.146
20,A2_1,-0.143,0.897,0.883,0.898,0.002,0.125,0.065,1.0,0.903,0.899,0.112,0.073,-0.001,0.285,0.235,0.266
20,A2_2,-0.128,0.925,0.965,0.962,-0.006,0.121,0.049,0.903,1.0,0.979,0.135,0.003,-0.021,0.319,0.219,0.261
20,A2_3,-0.077,0.915,0.962,0.964,0.014,0.138,0.063,0.899,0.979,1.0,0.133,0.005,0.013,0.295,0.198,0.242
20,B2_1,0.051,0.208,0.156,0.183,0.934,0.935,0.951,0.112,0.135,0.133,1.0,0.938,0.919,0.181,0.202,0.122
20,B2_2,0.023,0.116,0.031,0.052,0.943,0.925,0.955,0.073,0.003,0.005,0.938,1.0,0.942,0.168,0.231,0.12
20,B2_3,0.195,0.059,0.01,0.016,0.95,0.915,0.919,-0.001,-0.021,0.013,0.919,0.942,1.0,0.116,0.167,0.058
20,y1,-0.044,0.269,0.26,0.272,0.091,0.119,0.196,0.285,0.319,0.295,0.181,0.168,0.116,1.0,0.941,0.946
20,y2,-0.112,0.202,0.132,0.157,0.152,0.172,0.255,0.235,0.219,0.198,0.202,0.231,0.167,0.941,1.0,0.926
20,y3,-0.164,0.238,0.185,0.213,0.062,0.081,0.146,0.266,0.261,0.242,0.122,0.12,0.058,0.946,0.926,1.0
21,.,1.0,-0.2,-0.131,-0.127,-0.011,0.023,-0.006,-0.187,-0.131,-0.108,0.022,-0.006,0.182,-0.104,-0.187,-0.221
21,A1_1,-0.2,1.0,0.944,0.955,0.016,0.152,0.102,0.871,0.919,0.924,0.136,0.039,-0.001,0.276,0.218,0.246
21,A1_2,-0.131,0.944,1.0,0.972,-0.057,0.077,0.013,0.848,0.95,0.975,0.061,-0.057,-0.062,0.277,0.153,0.193
21,A1_3,-0.127,0.955,0.972,1.0,-0.05,0.093,0.038,0.88,0.962,0.97,0.089,-0.034,-0.053,0.281,0.173,0.215
21,B1_1,-0.011,0.016,-0.057,-0.05,1.0,0.951,0.969,-0.065,-0.081,-0.074,0.94,0.95,0.939,0.043,0.143,0.023
21,B1_2,0.023,0.152,0.077,0.093,0.951,1.0,0.942,0.052,0.057,0.059,0.933,0.916,0.905,0.069,0.156,0.042
21,B1_3,-0.006,0.102,0.013,0.038,0.969,0.942,1.0,0.008,-0.016,-0.004,0.957,0.949,0.903,0.153,0.246,0.113
21,A2_1,-0.187,0.871,0.848,0.88,-0.065,0.052,0.008,1.0,0.916,0.869,0.04,0.013,-0.037,0.295,0.266,0.293
21,A2_2,-0.131,0.919,0.95,0.962,-0.081,0.057,-0.016,0.916,1.0,0.971,0.04,-0.065,-0.076,0.306,0.225,0.256
21,A2_3,-0.108,0.924,0.975,0.97,-0.074,0.059,-0.004,0.869,0.971,1.0,0.032,-0.082,-0.071,0.294,0.188,0.223
21,B2_1,0.022,0.136,0.061,0.089,0.94,0.933,0.957,0.04,0.04,0.032,1.0,0.949,0.91,0.145,0.211,0.101
21,B2_2,-0.006,0.039,-0.057,-0.034,0.95,0.916,0.949,0.013,-0.065,-0.082,0.949,1.0,0.943,0.113,0.224,0.084
21,B2_3,0.182,-0.001,-0.062,-0.053,0.939,0.905,0.903,-0.037,-0.076,-0.071,0.91,0.943,1.0,0.067,0.146,0.024
21,y1,-0.104,0.276,0.277,0.281,0.043,0.069,0.153,0.295,0.306,0.294,0.145,0.113,0.067,1.0,0.931,0.941
21,y2,-0.187,0.218,0.153,0.173,0.143,0.156,0.246,0.266,0.225,0.188,0.211,0.224,0.146,0.931,1.0,0.927
21,y3,-0.221,0.246,0.193,0.215,0.023,0.042,0.113,0.293,0.256,0.223,0.101,0.084,0.024,0.941,0.927,1.0
22,.,1.0,-0.207,-0.13,-0.125,-0.018,0.019,-0.003,-0.172,-0.129,-0.113,0.034,-0.015,0.169,-0.087,-0.159,-0.2
22,A1_1,-0.207,1.0,0.945,0.952,0.049,0.167,0.124,0.883,0.919,0.92,0.168,0.078,0.006,0.258,0.196,0.229
22,A1_2,-0.13,0.945,1.0,0.971,-0.009,0.107,0.047,0.876,0.955,0.97,0.111,-0.007,-0.041,0.257,0.138,0.183
22,A1_3,-0.125,0.952,0.971,1.0,-0.008,0.12,0.069,0.891,0.963,0.969,0.133,0.01,-0.041,0.267,0.163,0.211
22,B1_1,-0.018,0.049,-0.009,-0.008,1.0,0.951,0.965,-0.046,-0.036,-0.022,0.936,0.948,0.949,0.055,0.123,0.035
22,B1_2,0.019,0.167,0.107,0.12,0.951,1.0,0.94,0.06,0.082,0.094,0.931,0.919,0.909,0.075,0.137,0.05
22,B1_3,-0.003,0.124,0.047,0.069,0.965,0.94,1.0,0.013,0.015,0.031,0.952,0.951,0.913,0.155,0.218,0.116
22,A2_1,-0.172,0.883,0.876,0.891,-0.046,0.06,0.013,1.0,0.92,0.894,0.057,0.025,-0.042,0.257,0.214,0.241
22,A2_2,-0.129,0.919,0.955,0.963,-0.036,0.082,0.015,0.92,1.0,0.978,0.086,-0.03,-0.06,0.3,0.216,0.249
22,A2_3,-0.113,0.92,0.97,0.969,-0.022,0.094,0.031,0.894,0.978,1.0,0.083,-0.032,-0.046,0.286,0.195,0.229
22,B2_1,0.034,0.168,0.111,0.133,0.936,0.931,0.952,0.057,0.086,0.083,1.0,0.946,0.916,0.146,0.176,0.1
22,B2_2,-0.015,0.078,-0.007,0.01,0.948,0.919,0.951,0.025,-0.03,-0.032,0.946,1.0,0.946,0.121,0.192,0.088
22,B2_3,0.169,0.006,-0.041,-0.041,0.949,0.909,0.913,-0.042,-0.06,-0.046,0.916,0.946,1.0,0.082,0.143,0.037
22,y1,-0.087,0.258,0.257,0.267,0.055,0.075,0.155,0.257,0.3,0.286,0.146,0.121,0.082,1.0,0.943,0.947
22,y2,-0.159,0.196,0.138,0.163,0.123,0.137,0.218,0.214,0.216,0.195,0.176,0.192,0.143,0.943,1.0,0.933
22,y3,-0.2,0.229,0.183,0.211,0.035,0.05,0.116,0.241,0.249,0.229,0.1,0.088,0.037,0.947,0.933,1.0
23,.,1.0,-0.246,-0.183,-0.181,-0.038,-0.018,-0.023,-0.205,-0.182,-0.161,0.012,-0.042,0.059,-0.14,-0.186,-0.215
23,A1_1,-0.246,1.0,0.951,0.959,0.041,0.155,0.1,0.944,0.936,0.929,0.166,0.065,0.031,0.254,0.202,0.221
23,A1_2,-0.183,0.951,1.0,0.976,-0.015,0.097,0.027,0.949,0.971,0.975,0.111,-0.016,-0.034,0.253,0.141,0.175
23,A1_3,-0.181,0.959,0.976,1.0,-0.007,0.114,0.053,0.951,0.977,0.975,0.137,0.005,-0.016,0.265,0.168,0.206
23,B1_1,-0.038,0.041,-0.015,-0.007,1.0,0.956,0.97,-0.037,-0.02,-0.029,0.936,0.956,0.97,0.051,0.113,0.041
23,B1_2,-0.018,0.155,0.097,0.114,0.956,1.0,0.94,0.074,0.098,0.083,0.929,0.927,0.935,0.056,0.117,0.048
23,B1_3,-0.023,0.1,0.027,0.053,0.97,0.94,1.0,0.008,0.018,0.011,0.947,0.957,0.951,0.14,0.201,0.11
23,A2_1,-0.205,0.944,0.949,0.951,-0.037,0.074,0.008,1.0,0.951,0.944,0.082,0.003,-0.056,0.209,0.146,0.168
23,A2_2,-0.182,0.936,0.971,0.977,-0.02,0.098,0.018,0.951,1.0,0.984,0.114,-0.021,-0.047,0.282,0.197,0.224
23,A2_3,-0.161,0.929,0.975,0.975,-0.029,0.083,0.011,0.944,0.984,1.0,0.08,-0.039,-0.048,0.27,0.18,0.209
23,B2_1,0.012,0.166,0.111,0.137,0.936,0.929,0.947,0.082,0.114,0.08,1.0,0.94,0.939,0.124,0.153,0.086
23,B2_2,-0.042,0.065,-0.016,0.005,0.956,0.927,0.957,0.003,-0.021,-0.039,0.94,1.0,0.958,0.119,0.188,0.102
23,B2_3,0.059,0.031,-0.034,-0.016,0.97,0.935,0.951,-0.056,-0.047,-0.048,0.939,0.958,1.0,0.047,0.108,0.024
23,y1,-0.14,0.254,0.253,0.265,0.051,0.056,0.14,0.209,0.282,0.27,0.124,0.119,0.047,1.0,0.946,0.94
23,y2,-0.186,0.202,0.141,0.168,0.113,0.117,0.201,0.146,0.197,0.18,0.153,0.188,0.108,0.946,1.0,0.935
23,y3,-0.215,0.221,0.175,0.206,0.041,0.048,0.11,0.168,0.224,0.209,0.086,0.102,0.024,0.94,0.935,1.0
24,.,1.0,-0.239,-0.169,-0.169,-0.034,-0.016,-0.016,-0.196,-0.168,-0.156,0.027,-0.044,0.055,-0.132,-0.164,-0.203
24,A1_1,-0.239,1.0,0.952,0.959,0.05,0.169,0.108,0.95,0.939,0.933,0.18,0.079,0.058,0.248,0.188,0.208
24,A1_2,-0.169,0.952,1.0,0.976,-0.009,0.108,0.032,0.959,0.971,0.976,0.122,-0.004,-0.008,0.248,0.132,0.167
24,A1_3,-0.169,0.959,0.976,1.0,-0.007,0.121,0.052,0.957,0.978,0.976,0.143,0.011,0.006,0.259,0.157,0.196
24,B1_1,-0.034,0.05,-0.009,-0.007,1.0,0.955,0.967,-0.021,-0.014,-0.021,0.932,0.957,0.969,0.04,0.1,0.039
24,B1_2,-0.016,0.169,0.108,0.121,0.955,1.0,0.937,0.096,0.111,0.098,0.923,0.925,0.935,0.046,0.102,0.045
24,B1_3,-0.016,0.108,0.032,0.052,0.967,0.937,1.0,0.021,0.024,0.019,0.943,0.957,0.95,0.131,0.188,0.108
24,A2_1,-0.196,0.95,0.959,0.957,-0.021,0.096,0.021,1.0,0.957,0.949,0.102,0.018,-0.026,0.204,0.134,0.153
24,A2_2,-0.168,0.939,0.971,0.978,-0.014,0.111,0.024,0.957,1.0,0.985,0.123,-0.01,-0.021,0.278,0.189,0.215
24,A2_3,-0.156,0.933,0.976,0.976,-0.021,0.098,0.019,0.949,0.985,1.0,0.093,-0.026,-0.022,0.268,0.177,0.204
24,B2_1,0.027,0.18,0.122,0.143,0.932,0.923,0.943,0.102,0.123,0.093,1.0,0.938,0.945,0.108,0.128,0.074
24,B2_2,-0.044,0.079,-0.004,0.011,0.957,0.925,0.957,0.018,-0.01,-0.026,0.938,1.0,0.956,0.107,0.17,0.096
24,B2_3,0.055,0.058,-0.008,0.006,0.969,0.935,0.95,-0.026,-0.021,-0.022,0.945,0.956,1.0,0.043,0.096,0.025
24,y1,-0.132,0.248,0.248,0.259,0.04,0.046,0.131,0.204,0.278,0.268,0.108,0.107,0.043,1.0,0.947,0.942
