,,.,A1_1,A1_2,A1_3,B1_1,B1_2,B1_3,A2_1,A2_2,A2_3,B2_1,B2_2,B2_3,y1,y2,y3
1,.,1.0,0.861,0.851,0.863,0.682,0.867,0.618,0.827,0.708,0.791,0.709,0.534,0.7,0.665,0.721,0.675
1,A1_1,0.861,1.0,0.792,0.732,0.661,0.85,0.617,0.678,0.759,0.803,0.602,0.494,0.623,0.728,0.757,0.734
1,A1_2,0.851,0.792,1.0,0.763,0.704,0.86,0.647,0.735,0.742,0.781,0.784,0.363,0.701,0.705,0.791,0.686
1,A1_3,0.863,0.732,0.763,1.0,0.674,0.712,0.633,0.869,0.752,0.724,0.682,0.459,0.667,0.678,0.641,0.666
1,B1_1,0.682,0.661,0.704,0.674,1.0,0.685,0.674,0.671,0.607,0.665,0.689,0.66,0.674,0.839,0.617,0.561
1,B1_2,0.867,0.85,0.86,0.712,0.685,1.0,0.664,0.674,0.712,0.807,0.739,0.551,0.664,0.671,0.831,0.681
1,B1_3,0.618,0.617,0.647,0.633,0.674,0.664,1.0,0.532,0.638,0.768,0.731,0.551,0.803,0.702,0.782,0.594
1,A2_1,0.827,0.678,0.735,0.869,0.671,0.674,0.532,1.0,0.677,0.725,0.7,0.586,0.631,0.685,0.639,0.628
1,A2_2,0.708,0.759,0.742,0.752,0.607,0.712,0.638,0.677,1.0,0.679,0.692,0.479,0.53,0.717,0.659,0.777
1,A2_3,0.791,0.803,0.781,0.724,0.665,0.807,0.768,0.725,0.679,1.0,0.718,0.552,0.721,0.668,0.885,0.745
1,B2_1,0.709,0.602,0.784,0.682,0.689,0.739,0.731,0.7,0.692,0.718,1.0,0.659,0.711,0.761,0.756,0.667
1,B2_2,0.534,0.494,0.363,0.459,0.66,0.551,0.551,0.586,0.479,0.552,0.659,1.0,0.547,0.744,0.568,0.616
1,B2_3,0.7,0.623,0.701,0.667,0.674,0.664,0.803,0.631,0.53,0.721,0.711,0.547,1.0,0.761,0.744,0.693
1,y1,0.665,0.728,0.705,0.678,0.839,0.671,0.702,0.685,0.717,0.668,0.761,0.744,0.761,1.0,0.698,0.807
1,y2,0.721,0.757,0.791,0.641,0.617,0.831,0.782,0.639,0.659,0.885,0.756,0.568,0.744,0.698,1.0,0.74
1,y3,0.675,0.734,0.686,0.666,0.561,0.681,0.594,0.628,0.777,0.745,0.667,0.616,0.693,0.807,0.74,1.0
2,.,1.0,0.857,0.849,0.863,0.673,0.865,0.612,0.826,0.705,0.79,0.707,0.524,0.692,0.658,0.718,0.673
2,A1_1,0.857,1.0,0.788,0.726,0.651,0.846,0.606,0.67,0.755,0.8,0.593,0.481,0.613,0.721,0.751,0.731
2,A1_2,0.849,0.788,1.0,0.76,0.699,0.857,0.642,0.731,0.737,0.778,0.78,0.353,0.697,0.701,0.788,0.683
2,A1_3,0.863,0.726,0.76,1.0,0.668,0.706,0.63,0.868,0.751,0.722,0.681,0.453,0.664,0.674,0.638,0.665
2,B1_1,0.673,0.651,0.699,0.668,1.0,0.676,0.667,0.669,0.599,0.66,0.683,0.654,0.671,0.838,0.611,0.562
2,B1_2,0.865,0.846,0.857,0.706,0.676,1.0,0.655,0.669,0.703,0.804,0.733,0.541,0.657,0.662,0.827,0.676
2,B1_3,0.612,0.606,0.642,0.63,0.667,0.655,1.0,0.534,0.631,0.766,0.726,0.544,0.799,0.695,0.778,0.592
2,A2_1,0.826,0.67,0.731,0.868,0.669,0.669,0.534,1.0,0.678,0.723,0.701,0.587,0.632,0.684,0.636,0.628
2,A2_2,0.705,0.755,0.737,0.751,0.599,0.703,0.631,0.678,1.0,0.674,0.686,0.472,0.524,0.713,0.652,0.778
2,A2_3,0.79,0.8,0.778,0.722,0.66,0.804,0.766,0.723,0.674,1.0,0.713,0.546,0.719,0.663,0.883,0.743
2,B2_1,0.707,0.593,0.78,0.681,0.683,0.733,0.726,0.701,0.686,0.713,1.0,0.654,0.704,0.755,0.751,0.664
2,B2_2,0.524,0.481,0.353,0.453,0.654,0.541,0.544,0.587,0.472,0.546,0.654,1.0,0.543,0.741,0.561,0.615
2,B2_3,0.692,0.613,0.697,0.664,0.671,0.657,0.799,0.632,0.524,0.719,0.704,0.543,1.0,0.76,0.741,0.692
2,y1,0.658,0.721,0.701,0.674,0.838,0.662,0.695,0.684,0.713,0.663,0.755,0.741,0.76,1.0,0.693,0.807
2,y2,0.718,0.751,0.788,0.638,0.611,0.827,0.778,0.636,0.652,0.883,0.751,0.561,0.741,0.693,1.0,0.738
2,y3,0.673,0.731,0.683,0.665,0.562,0.676,0.592,0.628,0.778,0.743,0.664,0.615,0.692,0.807,0.738,1.0
3,.,1.0,0.854,0.847,0.863,0.666,0.864,0.608,0.825,0.705,0.79,0.706,0.518,0.686,0.653,0.716,0.672
3,A1_1,0.854,1.0,0.784,0.722,0.642,0.842,0.597,0.665,0.752,0.797,0.586,0.47,0.606,0.715,0.747,0.73
3,A1_2,0.847,0.784,1.0,0.757,0.697,0.854,0.638,0.729,0.735,0.776,0.777,0.348,0.694,0.698,0.785,0.681
3,A1_3,0.863,0.722,0.757,1.0,0.664,0.702,0.63,0.868,0.75,0.722,0.681,0.451,0.664,0.671,0.635,0.665
3,B1_1,0.666,0.642,0.697,0.664,1.0,0.669,0.664,0.67,0.594,0.658,0.679,0.652,0.671,0.839,0.607,0.565
3,B1_2,0.864,0.842,0.854,0.702,0.669,1.0,0.649,0.666,0.696,0.801,0.729,0.534,0.652,0.656,0.824,0.674
3,B1_3,0.608,0.597,0.638,0.63,0.664,0.649,1.0,0.54,0.626,0.764,0.724,0.542,0.797,0.692,0.775,0.593
3,A2_1,0.825,0.665,0.729,0.868,0.67,0.666,0.54,1.0,0.68,0.723,0.704,0.589,0.636,0.683,0.634,0.628
3,A2_2,0.705,0.752,0.735,0.75,0.594,0.696,0.626,0.68,1.0,0.671,0.683,0.468,0.522,0.71,0.647,0.78
3,A2_3,0.79,0.797,0.776,0.722,0.658,0.801,0.764,0.723,0.671,1.0,0.71,0.543,0.718,0.66,0.882,0.742
3,B2_1,0.706,0.586,0.777,0.681,0.679,0.729,0.724,0.704,0.683,0.71,1.0,0.653,0.701,0.751,0.748,0.662
3,B2_2,0.518,0.47,0.348,0.451,0.652,0.534,0.542,0.589,0.468,0.543,0.653,1.0,0.544,0.74,0.556,0.617
3,B2_3,0.686,0.606,0.694,0.664,0.671,0.652,0.797,0.636,0.522,0.718,0.701,0.544,1.0,0.761,0.739,0.692
3,y1,0.653,0.715,0.698,0.671,0.839,0.656,0.692,0.683,0.71,0.66,0.751,0.74,0.761,1.0,0.69,0.807
3,y2,0.716,0.747,0.785,0.635,0.607,0.824,0.775,0.634,0.647,0.882,0.748,0.556,0.739,0.69,1.0,0.737
3,y3,0.672,0.73,0.681,0.665,0.565,0.674,0.593,0.628,0.78,0.742,0.662,0.617,0.692,0.807,0.737,1.0
4,.,1.0,0.85,0.846,0.864,0.66,0.864,0.606,0.825,0.705,0.79,0.706,0.512,0.681,0.647,0.714,0.67
4,A1_1,0.85,1.0,0.781,0.718,0.635,0.839,0.588,0.66,0.749,0.796,0.58,0.461,0.6,0.709,0.744,0.729
4,A1_2,0.846,0.781,1.0,0.756,0.695,0.852,0.636,0.727,0.733,0.775,0.775,0.345,0.692,0.695,0.783,0.68
4,A1_3,0.864,0.718,0.756,1.0,0.662,0.699,0.631,0.869,0.751,0.722,0.683,0.45,0.665,0.668,0.634,0.665
4,B1_1,0.66,0.635,0.695,0.662,1.0,0.664,0.662,0.672,0.591,0.657,0.678,0.652,0.672,0.841,0.605,0.569
4,B1_2,0.864,0.839,0.852,0.699,0.664,1.0,0.645,0.664,0.691,0.8,0.727,0.53,0.65,0.651,0.821,0.672
4,B1_3,0.606,0.588,0.636,0.631,0.662,0.645,1.0,0.547,0.623,0.763,0.723,0.543,0.797,0.69,0.773,0.594
4,A2_1,0.825,0.66,0.727,0.869,0.672,0.664,0.547,1.0,0.684,0.723,0.707,0.593,0.641,0.683,0.633,0.629
4,A2_2,0.705,0.749,0.733,0.751,0.591,0.691,0.623,0.684,1.0,0.669,0.681,0.467,0.523,0.708,0.643,0.782
4,A2_3,0.79,0.796,0.775,0.722,0.657,0.8,0.763,0.723,0.669,1.0,0.709,0.541,0.719,0.658,0.881,0.742
4,B2_1,0.706,0.58,0.775,0.683,0.678,0.727,0.723,0.707,0.681,0.709,1.0,0.653,0.7,0.748,0.746,0.661
4,B2_2,0.512,0.461,0.345,0.45,0.652,0.53,0.543,0.593,0.467,0.541,0.653,1.0,0.548,0.74,0.553,0.619
4,B2_3,0.681,0.6,0.692,0.665,0.672,0.65,0.797,0.641,0.523,0.719,0.7,0.548,1.0,0.763,0.737,0.693
4,y1,0.647,0.709,0.695,0.668,0.841,0.651,0.69,0.683,0.708,0.658,0.748,0.74,0.763,1.0,0.687,0.807
4,y2,0.714,0.744,0.783,0.634,0.605,0.821,0.773,0.633,0.643,0.881,0.746,0.553,0.737,0.687,1.0,0.737
4,y3,0.67,0.729,0.68,0.665,0.569,0.672,0.594,0.629,0.782,0.742,0.661,0.619,0.693,0.807,0.737,1.0
5,.,1.0,0.848,0.845,0.865,0.655,0.863,0.606,0.826,0.707,0.791,0.707,0.509,0.677,0.643,0.713,0.67
5,A1_1,0.848,1.0,0.779,0.716,0.629,0.837,0.582,0.657,0.749,0.795,0.576,0.453,0.595,0.704,0.742,0.728
5,A1_2,0.845,0.779,1.0,0.756,0.694,0.851,0.635,0.727,0.733,0.775,0.774,0.344,0.691,0.694,0.782,0.68
5,A1_3,0.865,0.716,0.756,1.0,0.661,0.699,0.634,0.87,0.753,0.723,0.685,0.452,0.666,0.666,0.633,0.666
5,B1_1,0.655,0.629,0.694,0.661,1.0,0.662,0.664,0.675,0.59,0.656,0.679,0.655,0.676,0.843,0.604,0.575
5,B1_2,0.863,0.837,0.851,0.699,0.662,1.0,0.644,0.665,0.688,0.799,0.726,0.529,0.649,0.649,0.82,0.672
5,B1_3,0.606,0.582,0.635,0.634,0.664,0.644,1.0,0.556,0.623,0.764,0.725,0.547,0.798,0.69,0.772,0.597
5,A2_1,0.826,0.657,0.727,0.87,0.675,0.665,0.556,1.0,0.689,0.725,0.712,0.598,0.648,0.684,0.633,0.63
5,A2_2,0.707,0.749,0.733,0.753,0.59,0.688,0.623,0.689,1.0,0.669,0.681,0.469,0.526,0.708,0.641,0.784
5,A2_3,0.791,0.795,0.775,0.723,0.656,0.799,0.764,0.725,0.669,1.0,0.708,0.541,0.72,0.657,0.881,0.742
5,B2_1,0.707,0.576,0.774,0.685,0.679,0.726,0.725,0.712,0.681,0.708,1.0,0.656,0.701,0.746,0.745,0.662
5,B2_2,0.509,0.453,0.344,0.452,0.655,0.529,0.547,0.598,0.469,0.541,0.656,1.0,0.555,0.742,0.552,0.622
5,B2_3,0.677,0.595,0.691,0.666,0.676,0.649,0.798,0.648,0.526,0.72,0.701,0.555,1.0,0.766,0.737,0.695
5,y1,0.643,0.704,0.694,0.666,0.843,0.649,0.69,0.684,0.708,0.657,0.746,0.742,0.766,1.0,0.686,0.808
5,y2,0.713,0.742,0.782,0.633,0.604,0.82,0.772,0.633,0.641,0.881,0.745,0.552,0.737,0.686,1.0,0.737
5,y3,0.67,0.728,0.68,0.666,0.575,0.672,0.597,0.63,0.784,0.742,0.662,0.622,0.695,0.808,0.737,1.0
6,.,1.0,0.845,0.845,0.867,0.65,0.864,0.607,0.826,0.709,0.791,0.709,0.507,0.674,0.639,0.712,0.669
6,A1_1,0.845,1.0,0.778,0.713,0.623,0.834,0.577,0.654,0.748,0.795,0.572,0.447,0.591,0.7,0.74,0.728
6,A1_2,0.845,0.778,1.0,0.756,0.694,0.85,0.635,0.728,0.734,0.775,0.773,0.346,0.691,0.693,0.781,0.68
6,A1_3,0.867,0.713,0.756,1.0,0.66,0.698,0.637,0.872,0.755,0.724,0.688,0.454,0.669,0.665,0.633,0.667
6,B1_1,0.65,0.623,0.694,0.66,1.0,0.66,0.667,0.679,0.591,0.657,0.681,0.66,0.682,0.846,0.604,0.581
6,B1_2,0.864,0.834,0.85,0.698,0.66,1.0,0.644,0.666,0.686,0.799,0.726,0.529,0.65,0.647,0.819,0.673
6,B1_3,0.607,0.577,0.635,0.637,0.667,0.644,1.0,0.566,0.624,0.764,0.729,0.554,0.8,0.691,0.771,0.601
6,A2_1,0.826,0.654,0.728,0.872,0.679,0.666,0.566,1.0,0.694,0.727,0.716,0.603,0.655,0.685,0.634,0.631
6,A2_2,0.709,0.748,0.734,0.755,0.591,0.686,0.624,0.694,1.0,0.67,0.682,0.472,0.531,0.708,0.64,0.786
6,A2_3,0.791,0.795,0.775,0.724,0.657,0.799,0.764,0.727,0.67,1.0,0.708,0.542,0.722,0.657,0.88,0.742
6,B2_1,0.709,0.572,0.773,0.688,0.681,0.726,0.729,0.716,0.682,0.708,1.0,0.66,0.704,0.745,0.744,0.662
6,B2_2,0.507,0.447,0.346,0.454,0.66,0.529,0.554,0.603,0.472,0.542,0.66,1.0,0.564,0.745,0.552,0.626
6,B2_3,0.674,0.591,0.691,0.669,0.682,0.65,0.8,0.655,0.531,0.722,0.704,0.564,1.0,0.77,0.737,0.697
6,y1,0.639,0.7,0.693,0.665,0.846,0.647,0.691,0.685,0.708,0.657,0.745,0.745,0.77,1.0,0.686,0.809
6,y2,0.712,0.74,0.781,0.633,0.604,0.819,0.771,0.634,0.64,0.88,0.744,0.552,0.737,0.686,1.0,0.738
6,y3,0.669,0.728,0.68,0.667,0.581,0.673,0.601,0.631,0.786,0.742,0.662,0.626,0.697,0.809,0.738,1.0
7,.,1.0,0.842,0.844,0.868,0.646,0.864,0.608,0.827,0.711,0.791,0.711,0.504,0.671,0.634,0.711,0.667
7,A1_1,0.842,1.0,0.777,0.711,0.617,0.832,0.572,0.652,0.748,0.794,0.569,0.441,0.587,0.695,0.738,0.728
7,A1_2,0.844,0.777,1.0,0.756,0.694,0.85,0.635,0.729,0.735,0.776,0.772,0.348,0.691,0.692,0.78,0.68
7,A1_3,0.868,0.711,0.756,1.0,0.66,0.699,0.641,0.873,0.757,0.725,0.691,0.456,0.671,0.663,0.633,0.667
7,B1_1,0.646,0.617,0.694,0.66,1.0,0.66,0.671,0.682,0.592,0.658,0.684,0.665,0.688,0.848,0.605,0.587
7,B1_2,0.864,0.832,0.85,0.699,0.66,1.0,0.645,0.668,0.686,0.8,0.727,0.531,0.653,0.647,0.818,0.674
7,B1_3,0.608,0.572,0.635,0.641,0.671,0.645,1.0,0.575,0.626,0.765,0.733,0.562,0.803,0.693,0.771,0.604
7,A2_1,0.827,0.652,0.729,0.873,0.682,0.668,0.575,1.0,0.699,0.728,0.721,0.608,0.662,0.686,0.634,0.631
7,A2_2,0.711,0.748,0.735,0.757,0.592,0.686,0.626,0.699,1.0,0.671,0.683,0.475,0.537,0.707,0.639,0.787
7,A2_3,0.791,0.794,0.776,0.725,0.658,0.8,0.765,0.728,0.671,1.0,0.708,0.543,0.724,0.657,0.88,0.742
7,B2_1,0.711,0.569,0.772,0.691,0.684,0.727,0.733,0.721,0.683,0.708,1.0,0.664,0.707,0.745,0.744,0.662
7,B2_2,0.504,0.441,0.348,0.456,0.665,0.531,0.562,0.608,0.475,0.543,0.664,1.0,0.573,0.748,0.552,0.628
7,B2_3,0.671,0.587,0.691,0.671,0.688,0.653,0.803,0.662,0.537,0.724,0.707,0.573,1.0,0.774,0.738,0.699
7,y1,0.634,0.695,0.692,0.663,0.848,0.647,0.693,0.686,0.707,0.657,0.745,0.748,0.774,1.0,0.685,0.81
7,y2,0.711,0.738,0.78,0.633,0.605,0.818,0.771,0.634,0.639,0.88,0.744,0.552,0.738,0.685,1.0,0.739
7,y3,0.667,0.728,0.68,0.667,0.587,0.674,0.604,0.631,0.787,0.742,0.662,0.628,0.699,0.81,0.739,1.0
8,.,1.0,0.839,0.843,0.869,0.642,0.863,0.609,0.827,0.713,0.791,0.712,0.501,0.667,0.629,0.709,0.665
8,A1_1,0.839,1.0,0.775,0.709,0.611,0.829,0.567,0.649,0.747,0.793,0.565,0.435,0.583,0.69,0.736,0.727
8,A1_2,0.843,0.775,1.0,0.757,0.693,0.849,0.635,0.729,0.736,0.776,0.771,0.349,0.691,0.69,0.779,0.68
8,A1_3,0.869,0.709,0.757,1.0,0.659,0.699,0.644,0.875,0.76,0.727,0.694,0.458,0.673,0.661,0.632,0.666
8,B1_1,0.642,0.611,0.693,0.659,1.0,0.66,0.676,0.686,0.594,0.659,0.688,0.671,0.694,0.851,0.605,0.592
8,B1_2,0.863,0.829,0.849,0.699,0.66,1.0,0.647,0.67,0.685,0.8,0.729,0.533,0.655,0.647,0.817,0.674
8,B1_3,0.609,0.567,0.635,0.644,0.676,0.647,1.0,0.584,0.628,0.765,0.737,0.57,0.806,0.694,0.77,0.606
8,A2_1,0.827,0.649,0.729,0.875,0.686,0.67,0.584,1.0,0.704,0.73,0.725,0.612,0.668,0.686,0.634,0.631
8,A2_2,0.713,0.747,0.736,0.76,0.594,0.685,0.628,0.704,1.0,0.673,0.684,0.478,0.542,0.707,0.638,0.788
8,A2_3,0.791,0.793,0.776,0.727,0.659,0.8,0.765,0.73,0.673,1.0,0.708,0.544,0.726,0.657,0.879,0.742
8,B2_1,0.712,0.565,0.771,0.694,0.688,0.729,0.737,0.725,0.684,0.708,1.0,0.669,0.711,0.744,0.743,0.662
8,B2_2,0.501,0.435,0.349,0.458,0.671,0.533,0.57,0.612,0.478,0.544,0.669,1.0,0.583,0.751,0.552,0.631
8,B2_3,0.667,0.583,0.691,0.673,0.694,0.655,0.806,0.668,0.542,0.726,0.711,0.583,1.0,0.778,0.738,0.7
8,y1,0.629,0.69,0.69,0.661,0.851,0.647,0.694,0.686,0.707,0.657,0.744,0.751,0.778,1.0,0.685,0.811
8,y2,0.709,0.736,0.779,0.632,0.605,0.817,0.77,0.634,0.638,0.879,0.743,0.552,0.738,0.685,1.0,0.74
8,y3,0.665,0.727,0.68,0.666,0.592,0.674,0.606,0.631,0.788,0.742,0.662,0.631,0.7,0.811,0.74,1.0
9,.,1.0,0.836,0.842,0.869,0.636,0.862,0.609,0.826,0.715,0.79,0.712,0.496,0.662,0.622,0.706,0.661
9,A1_1,0.836,1.0,0.774,0.707,0.604,0.826,0.56,0.646,0.747,0.793,0.561,0.427,0.577,0.684,0.733,0.726
9,A1_2,0.842,0.774,1.0,0.758,0.693,0.849,0.635,0.73,0.738,0.776,0.77,0.35,0.69,0.688,0.777,0.679
9,A1_3,0.869,0.707,0.758,1.0,0.658,0.699,0.646,0.876,0.762,0.727,0.696,0.459,0.674,0.657,0.63,0.664
9,B1_1,0.636,0.604,0.693,0.658,1.0,0.661,0.681,0.689,0.595,0.659,0.691,0.677,0.7,0.853,0.605,0.596
9,B1_2,0.862,0.826,0.849,0.699,0.661,1.0,0.649,0.672,0.685,0.8,0.73,0.535,0.658,0.646,0.817,0.674
9,B1_3,0.609,0.56,0.635,0.646,0.681,0.649,1.0,0.591,0.629,0.765,0.742,0.578,0.809,0.696,0.768,0.608
9,A2_1,0.826,0.646,0.73,0.876,0.689,0.672,0.591,1.0,0.709,0.731,0.728,0.614,0.673,0.685,0.633,0.63
9,A2_2,0.715,0.747,0.738,0.762,0.595,0.685,0.629,0.709,1.0,0.675,0.685,0.48,0.547,0.706,0.636,0.788
9,A2_3,0.79,0.793,0.776,0.727,0.659,0.8,0.765,0.731,0.675,1.0,0.708,0.544,0.728,0.656,0.879,0.742
9,B2_1,0.712,0.561,0.77,0.696,0.691,0.73,0.742,0.728,0.685,0.708,1.0,0.673,0.714,0.743,0.742,0.661
9,B2_2,0.496,0.427,0.35,0.459,0.677,0.535,0.578,0.614,0.48,0.544,0.673,1.0,0.593,0.753,0.551,0.632
9,B2_3,0.662,0.577,0.69,0.674,0.7,0.658,0.809,0.673,0.547,0.728,0.714,0.593,1.0,0.781,0.738,0.701
9,y1,0.622,0.684,0.688,0.657,0.853,0.646,0.696,0.685,0.706,0.656,0.743,0.753,0.781,1.0,0.684,0.811
9,y2,0.706,0.733,0.777,0.63,0.605,0.817,0.768,0.633,0.636,0.879,0.742,0.551,0.738,0.684,1.0,0.74
9,y3,0.661,0.726,0.679,0.664,0.596,0.674,0.608,0.63,0.788,0.742,0.661,0.632,0.701,0.811,0.74,1.0
10,.,1.0,0.832,0.841,0.87,0.63,0.861,0.607,0.825,0.716,0.789,0.712,0.49,0.656,0.614,0.702,0.656
10,A1_1,0.832,1.0,0.773,0.703,0.597,0.822,0.553,0.642,0.745,0.791,0.555,0.417,0.571,0.678,0.731,0.724
10,A1_2,0.841,0.773,1.0,0.758,0.691,0.848,0.634,0.73,0.739,0.776,0.768,0.35,0.689,0.686,0.776,0.678
10,A1_3,0.87,0.703,0.758,1.0,0.656,0.699,0.647,0.877,0.763,0.728,0.698,0.458,0.674,0.653,0.627,0.661
10,B1_1,0.63,0.597,0.691,0.656,1.0,0.661,0.686,0.691,0.596,0.659,0.695,0.683,0.707,0.855,0.605,0.599
10,B1_2,0.861,0.822,0.848,0.699,0.661,1.0,0.65,0.673,0.685,0.8,0.731,0.537,0.66,0.646,0.816,0.674
10,B1_3,0.607,0.553,0.634,0.647,0.686,0.65,1.0,0.597,0.63,0.764,0.747,0.587,0.812,0.696,0.767,0.608
10,A2_1,0.825,0.642,0.73,0.877,0.691,0.673,0.597,1.0,0.712,0.733,0.731,0.616,0.677,0.684,0.63,0.627
10,A2_2,0.716,0.745,0.739,0.763,0.596,0.685,0.63,0.712,1.0,0.676,0.686,0.481,0.551,0.705,0.634,0.788
10,A2_3,0.789,0.791,0.776,0.728,0.659,0.8,0.764,0.733,0.676,1.0,0.707,0.544,0.729,0.655,0.878,0.741
10,B2_1,0.712,0.555,0.768,0.698,0.695,0.731,0.747,0.731,0.686,0.707,1.0,0.677,0.718,0.742,0.74,0.659
10,B2_2,0.49,0.417,0.35,0.458,0.683,0.537,0.587,0.616,0.481,0.544,0.677,1.0,0.602,0.755,0.55,0.632
10,B2_3,0.656,0.571,0.689,0.674,0.707,0.66,0.812,0.677,0.551,0.729,0.718,0.602,1.0,0.784,0.737,0.7
10,y1,0.614,0.678,0.686,0.653,0.855,0.646,0.696,0.684,0.705,0.655,0.742,0.755,0.784,1.0,0.683,0.811
10,y2,0.702,0.731,0.776,0.627,0.605,0.816,0.767,0.63,0.634,0.878,0.74,0.55,0.737,0.683,1.0,0.74
10,y3,0.656,0.724,0.678,0.661,0.599,0.674,0.608,0.627,0.788,0.741,0.659,0.632,0.7,0.811,0.74,1.0
11,.,1.0,0.828,0.838,0.869,0.621,0.859,0.603,0.823,0.716,0.786,0.709,0.482,0.647,0.602,0.696,0.649
11,A1_1,0.828,1.0,0.771,0.699,0.587,0.818,0.544,0.637,0.744,0.789,0.548,0.406,0.562,0.669,0.727,0.721
11,A1_2,0.838,0.771,1.0,0.758,0.688,0.847,0.631,0.73,0.74,0.776,0.765,0.348,0.687,0.682,0.773,0.675
11,A1_3,0.869,0.699,0.758,1.0,0.653,0.699,0.646,0.878,0.764,0.727,0.698,0.455,0.673,0.646,0.623,0.656
11,B1_1,0.621,0.587,0.688,0.653,1.0,0.661,0.69,0.692,0.596,0.658,0.698,0.689,0.712,0.856,0.603,0.601
11,B1_2,0.859,0.818,0.847,0.699,0.661,1.0,0.651,0.674,0.684,0.8,0.732,0.538,0.661,0.645,0.814,0.673
11,B1_3,0.603,0.544,0.631,0.646,0.69,0.651,1.0,0.601,0.629,0.762,0.751,0.594,0.814,0.696,0.764,0.607
11,A2_1,0.823,0.637,0.73,0.878,0.692,0.674,0.601,1.0,0.715,0.733,0.732,0.616,0.68,0.68,0.627,0.622
11,A2_2,0.716,0.744,0.74,0.764,0.596,0.684,0.629,0.715,1.0,0.676,0.685,0.481,0.553,0.702,0.631,0.786
11,A2_3,0.786,0.789,0.776,0.727,0.658,0.8,0.762,0.733,0.676,1.0,0.705,0.542,0.728,0.653,0.876,0.739
11,B2_1,0.709,0.548,0.765,0.698,0.698,0.732,0.751,0.732,0.685,0.705,1.0,0.681,0.721,0.74,0.737,0.655
11,B2_2,0.482,0.406,0.348,0.455,0.689,0.538,0.594,0.616,0.481,0.542,0.681,1.0,0.611,0.757,0.547,0.631
11,B2_3,0.647,0.562,0.687,0.673,0.712,0.661,0.814,0.68,0.553,0.728,0.721,0.611,1.0,0.787,0.735,0.698
11,y1,0.602,0.669,0.682,0.646,0.856,0.645,0.696,0.68,0.702,0.653,0.74,0.757,0.787,1.0,0.68,0.81
11,y2,0.696,0.727,0.773,0.623,0.603,0.814,0.764,0.627,0.631,0.876,0.737,0.547,0.735,0.68,1.0,0.738
11,y3,0.649,0.721,0.675,0.656,0.601,0.673,0.607,0.622,0.786,0.739,0.655,0.631,0.698,0.81,0.738,1.0
12,.,1.0,0.823,0.835,0.868,0.612,0.856,0.598,0.819,0.715,0.783,0.706,0.472,0.637,0.59,0.69,0.64
12,A1_1,0.823,1.0,0.768,0.695,0.576,0.813,0.533,0.632,0.741,0.787,0.539,0.393,0.552,0.66,0.723,0.717
12,A1_2,0.835,0.768,1.0,0.758,0.685,0.846,0.628,0.729,0.74,0.776,0.761,0.345,0.683,0.678,0.77,0.672
12,A1_3,0.868,0.695,0.758,1.0,0.649,0.697,0.644,0.878,0.765,0.727,0.697,0.451,0.67,0.639,0.618,0.65
12,B1_1,0.612,0.576,0.685,0.649,1.0,0.661,0.694,0.692,0.595,0.657,0.701,0.694,0.717,0.857,0.6,0.601
12,B1_2,0.856,0.813,0.846,0.697,0.661,1.0,0.652,0.675,0.683,0.8,0.733,0.538,0.663,0.643,0.812,0.671
12,B1_3,0.598,0.533,0.628,0.644,0.694,0.652,1.0,0.604,0.628,0.76,0.755,0.601,0.816,0.695,0.76,0.604
12,A2_1,0.819,0.632,0.729,0.878,0.692,0.675,0.604,1.0,0.717,0.733,0.733,0.615,0.682,0.676,0.622,0.617
12,A2_2,0.715,0.741,0.74,0.765,0.595,0.683,0.628,0.717,1.0,0.677,0.683,0.479,0.555,0.698,0.628,0.783
12,A2_3,0.783,0.787,0.776,0.727,0.657,0.8,0.76,0.733,0.677,1.0,0.703,0.54,0.728,0.65,0.875,0.736
12,B2_1,0.706,0.539,0.761,0.697,0.701,0.733,0.755,0.733,0.683,0.703,1.0,0.684,0.723,0.738,0.734,0.65
12,B2_2,0.472,0.393,0.345,0.451,0.694,0.538,0.601,0.615,0.479,0.54,0.684,1.0,0.618,0.758,0.544,0.628
12,B2_3,0.637,0.552,0.683,0.67,0.717,0.663,0.816,0.682,0.555,0.728,0.723,0.618,1.0,0.788,0.732,0.695
12,y1,0.59,0.66,0.678,0.639,0.857,0.643,0.695,0.676,0.698,0.65,0.738,0.758,0.788,1.0,0.677,0.808
12,y2,0.69,0.723,0.77,0.618,0.6,0.812,0.76,0.622,0.628,0.875,0.734,0.544,0.732,0.677,1.0,0.737
12,y3,0.64,0.717,0.672,0.65,0.601,0.671,0.604,0.617,0.783,0.736,0.65,0.628,0.695,0.808,0.737,1.0
13,.,1.0,0.818,0.832,0.867,0.601,0.853,0.591,0.816,0.713,0.778,0.701,0.459,0.625,0.575,0.682,0.63
13,A1_1,0.818,1.0,0.766,0.69,0.564,0.808,0.521,0.625,0.739,0.784,0.53,0.377,0.54,0.649,0.718,0.713
13,A1_2,0.832,0.766,1.0,0.758,0.681,0.845,0.624,0.728,0.741,0.775,0.757,0.34,0.68,0.672,0.767,0.668
13,A1_3,0.867,0.69,0.758,1.0,0.644,0.696,0.641,0.878,0.766,0.725,0.695,0.445,0.667,0.63,0.612,0.643
13,B1_1,0.601,0.564,0.681,0.644,1.0,0.661,0.698,0.691,0.593,0.655,0.704,0.698,0.722,0.857,0.597,0.6
13,B1_2,0.853,0.808,0.845,0.696,0.661,1.0,0.653,0.675,0.682,0.799,0.733,0.538,0.664,0.641,0.81,0.668
13,B1_3,0.591,0.521,0.624,0.641,0.698,0.653,1.0,0.605,0.625,0.757,0.758,0.606,0.817,0.694,0.756,0.6
13,A2_1,0.816,0.625,0.728,0.878,0.691,0.675,0.605,1.0,0.719,0.732,0.733,0.612,0.683,0.67,0.617,0.61
13,A2_2,0.713,0.739,0.741,0.766,0.593,0.682,0.625,0.719,1.0,0.677,0.681,0.476,0.556,0.694,0.624,0.779
13,A2_3,0.778,0.784,0.775,0.725,0.655,0.799,0.757,0.732,0.677,1.0,0.701,0.536,0.727,0.647,0.873,0.733
13,B2_1,0.701,0.53,0.757,0.695,0.704,0.733,0.758,0.733,0.681,0.701,1.0,0.687,0.725,0.735,0.729,0.645
13,B2_2,0.459,0.377,0.34,0.445,0.698,0.538,0.606,0.612,0.476,0.536,0.687,1.0,0.625,0.758,0.539,0.624
13,B2_3,0.625,0.54,0.68,0.667,0.722,0.664,0.817,0.683,0.556,0.727,0.725,0.625,1.0,0.79,0.728,0.691
13,y1,0.575,0.649,0.672,0.63,0.857,0.641,0.694,0.67,0.694,0.647,0.735,0.758,0.79,1.0,0.674,0.806
13,y2,0.682,0.718,0.767,0.612,0.597,0.81,0.756,0.617,0.624,0.873,0.729,0.539,0.728,0.674,1.0,0.735
13,y3,0.63,0.713,0.668,0.643,0.6,0.668,0.6,0.61,0.779,0.733,0.645,0.624,0.691,0.806,0.735,1.0
14,.,1.0,0.813,0.828,0.865,0.588,0.848,0.582,0.811,0.711,0.773,0.694,0.444,0.611,0.558,0.672,0.619
14,A1_1,0.813,1.0,0.764,0.684,0.55,0.801,0.507,0.618,0.735,0.78,0.518,0.36,0.526,0.637,0.713,0.708
14,A1_2,0.828,0.764,1.0,0.757,0.676,0.844,0.619,0.726,0.741,0.774,0.752,0.333,0.674,0.666,0.763,0.663
14,A1_3,0.865,0.684,0.757,1.0,0.638,0.693,0.637,0.878,0.766,0.723,0.692,0.436,0.662,0.62,0.604,0.634
14,B1_1,0.588,0.55,0.676,0.638,1.0,0.66,0.701,0.69,0.59,0.652,0.706,0.702,0.727,0.857,0.592,0.598
14,B1_2,0.848,0.801,0.844,0.693,0.66,1.0,0.653,0.675,0.68,0.798,0.733,0.537,0.664,0.639,0.807,0.665
14,B1_3,0.582,0.507,0.619,0.637,0.701,0.653,1.0,0.605,0.622,0.753,0.761,0.612,0.819,0.691,0.75,0.595
14,A2_1,0.811,0.618,0.726,0.878,0.69,0.675,0.605,1.0,0.72,0.731,0.732,0.608,0.682,0.664,0.61,0.602
14,A2_2,0.711,0.735,0.741,0.766,0.59,0.68,0.622,0.72,1.0,0.677,0.678,0.471,0.555,0.688,0.619,0.775
14,A2_3,0.773,0.78,0.774,0.723,0.652,0.798,0.753,0.731,0.677,1.0,0.698,0.531,0.724,0.643,0.87,0.729
14,B2_1,0.694,0.518,0.752,0.692,0.706,0.733,0.761,0.732,0.678,0.698,1.0,0.689,0.727,0.732,0.724,0.638
14,B2_2,0.444,0.36,0.333,0.436,0.702,0.537,0.612,0.608,0.471,0.531,0.689,1.0,0.632,0.758,0.533,0.619
14,B2_3,0.611,0.526,0.674,0.662,0.727,0.664,0.819,0.682,0.555,0.724,0.727,0.632,1.0,0.79,0.723,0.686
14,y1,0.558,0.637,0.666,0.62,0.857,0.639,0.691,0.664,0.688,0.643,0.732,0.758,0.79,1.0,0.669,0.804
14,y2,0.672,0.713,0.763,0.604,0.592,0.807,0.75,0.61,0.619,0.87,0.724,0.533,0.723,0.669,1.0,0.733
14,y3,0.619,0.708,0.663,0.634,0.598,0.665,0.595,0.602,0.775,0.729,0.638,0.619,0.686,0.804,0.733,1.0
15,.,1.0,0.807,0.823,0.863,0.572,0.842,0.57,0.805,0.707,0.766,0.685,0.426,0.594,0.538,0.661,0.605
15,A1_1,0.807,1.0,0.76,0.677,0.534,0.794,0.49,0.609,0.731,0.776,0.504,0.339,0.509,0.623,0.706,0.701
15,A1_2,0.823,0.76,1.0,0.756,0.67,0.842,0.612,0.724,0.741,0.773,0.746,0.325,0.668,0.658,0.758,0.657
15,A1_3,0.863,0.677,0.756,1.0,0.63,0.69,0.63,0.878,0.765,0.721,0.688,0.426,0.655,0.608,0.595,0.623
15,B1_1,0.572,0.534,0.67,0.63,1.0,0.659,0.704,0.687,0.586,0.648,0.707,0.705,0.73,0.856,0.585,0.593
15,B1_2,0.842,0.794,0.842,0.69,0.659,1.0,0.652,0.673,0.678,0.796,0.732,0.534,0.663,0.635,0.804,0.66
15,B1_3,0.57,0.49,0.612,0.63,0.704,0.652,1.0,0.604,0.616,0.748,0.764,0.616,0.82,0.687,0.743,0.587
15,A2_1,0.805,0.609,0.724,0.878,0.687,0.673,0.604,1.0,0.721,0.729,0.729,0.602,0.68,0.655,0.601,0.592
15,A2_2,0.707,0.731,0.741,0.765,0.586,0.678,0.616,0.721,1.0,0.676,0.674,0.463,0.552,0.681,0.612,0.769
15,A2_3,0.766,0.776,0.773,0.721,0.648,0.796,0.748,0.729,0.676,1.0,0.693,0.525,0.721,0.637,0.867,0.724
15,B2_1,0.685,0.504,0.746,0.688,0.707,0.732,0.764,0.729,0.674,0.693,1.0,0.691,0.728,0.727,0.717,0.629
15,B2_2,0.426,0.339,0.325,0.426,0.705,0.534,0.616,0.602,0.463,0.525,0.691,1.0,0.637,0.757,0.525,0.612
15,B2_3,0.594,0.509,0.668,0.655,0.73,0.663,0.82,0.68,0.552,0.721,0.728,0.637,1.0,0.789,0.716,0.678
15,y1,0.538,0.623,0.658,0.608,0.856,0.635,0.687,0.655,0.681,0.637,0.727,0.757,0.789,1.0,0.663,0.8
15,y2,0.661,0.706,0.758,0.595,0.585,0.804,0.743,0.601,0.612,0.867,0.717,0.525,0.716,0.663,1.0,0.73
15,y3,0.605,0.701,0.657,0.623,0.593,0.66,0.587,0.592,0.769,0.724,0.629,0.612,0.678,0.8,0.73,1.0
16,.,1.0,0.801,0.819,0.86,0.555,0.835,0.556,0.799,0.703,0.759,0.674,0.406,0.575,0.516,0.649,0.59
16,A1_1,0.801,1.0,0.757,0.671,0.517,0.785,0.472,0.601,0.727,0.771,0.488,0.316,0.491,0.608,0.7,0.695
16,A1_2,0.819,0.757,1.0,0.755,0.663,0.839,0.605,0.722,0.741,0.772,0.739,0.315,0.66,0.65,0.754,0.651
16,A1_3,0.86,0.671,0.755,1.0,0.622,0.686,0.623,0.877,0.764,0.718,0.682,0.413,0.647,0.595,0.585,0.612
16,B1_1,0.555,0.517,0.663,0.622,1.0,0.658,0.707,0.683,0.581,0.644,0.709,0.708,0.734,0.855,0.578,0.588
16,B1_2,0.835,0.785,0.839,0.686,0.658,1.0,0.65,0.672,0.675,0.794,0.731,0.531,0.663,0.631,0.8,0.655
16,B1_3,0.556,0.472,0.605,0.623,0.707,0.65,1.0,0.601,0.61,0.743,0.766,0.62,0.82,0.683,0.735,0.578
16,A2_1,0.799,0.601,0.722,0.877,0.683,0.672,0.601,1.0,0.721,0.727,0.726,0.594,0.677,0.646,0.592,0.582
16,A2_2,0.703,0.727,0.741,0.764,0.581,0.675,0.61,0.721,1.0,0.675,0.669,0.455,0.548,0.674,0.606,0.762
16,A2_3,0.759,0.771,0.772,0.718,0.644,0.794,0.743,0.727,0.675,1.0,0.688,0.517,0.717,0.632,0.864,0.718
16,B2_1,0.674,0.488,0.739,0.682,0.709,0.731,0.766,0.726,0.669,0.688,1.0,0.692,0.729,0.723,0.71,0.619
16,B2_2,0.406,0.316,0.315,0.413,0.708,0.531,0.62,0.594,0.455,0.517,0.692,1.0,0.642,0.755,0.515,0.603
16,B2_3,0.575,0.491,0.66,0.647,0.734,0.663,0.82,0.677,0.548,0.717,0.729,0.642,1.0,0.788,0.709,0.67
16,y1,0.516,0.608,0.65,0.595,0.855,0.631,0.683,0.646,0.674,0.632,0.723,0.755,0.788,1.0,0.657,0.796
16,y2,0.649,0.7,0.754,0.585,0.578,0.8,0.735,0.592,0.606,0.864,0.71,0.515,0.709,0.657,1.0,0.726
16,y3,0.59,0.695,0.651,0.612,0.588,0.655,0.578,0.582,0.762,0.718,0.619,0.603,0.67,0.796,0.726,1.0
17,.,1.0,0.794,0.813,0.856,0.535,0.826,0.54,0.791,0.697,0.75,0.662,0.382,0.553,0.49,0.635,0.572
17,A1_1,0.794,1.0,0.754,0.663,0.497,0.775,0.451,0.59,0.721,0.766,0.471,0.29,0.47,0.59,0.692,0.687
17,A1_2,0.813,0.754,1.0,0.754,0.655,0.837,0.596,0.72,0.741,0.77,0.731,0.303,0.652,0.64,0.748,0.643
17,A1_3,0.856,0.663,0.754,1.0,0.612,0.681,0.613,0.877,0.763,0.714,0.676,0.398,0.637,0.579,0.573,0.598
17,B1_1,0.535,0.497,0.655,0.612,1.0,0.656,0.709,0.678,0.574,0.638,0.71,0.71,0.737,0.853,0.569,0.581
17,B1_2,0.826,0.775,0.837,0.681,0.656,1.0,0.648,0.67,0.671,0.792,0.729,0.527,0.661,0.627,0.796,0.648
17,B1_3,0.54,0.451,0.596,0.613,0.709,0.648,1.0,0.596,0.603,0.736,0.768,0.623,0.82,0.678,0.726,0.568
17,A2_1,0.791,0.59,0.72,0.877,0.678,0.67,0.596,1.0,0.72,0.725,0.722,0.586,0.672,0.635,0.581,0.569
17,A2_2,0.697,0.721,0.741,0.763,0.574,0.671,0.603,0.72,1.0,0.673,0.662,0.444,0.543,0.665,0.598,0.754
17,A2_3,0.75,0.766,0.77,0.714,0.638,0.792,0.736,0.725,0.673,1.0,0.683,0.508,0.712,0.625,0.86,0.711
17,B2_1,0.662,0.471,0.731,0.676,0.71,0.729,0.768,0.722,0.662,0.683,1.0,0.692,0.729,0.717,0.701,0.607
17,B2_2,0.382,0.29,0.303,0.398,0.71,0.527,0.623,0.586,0.444,0.508,0.692,1.0,0.646,0.752,0.504,0.593
17,B2_3,0.553,0.47,0.652,0.637,0.737,0.661,0.82,0.672,0.543,0.712,0.729,0.646,1.0,0.787,0.7,0.659
17,y1,0.49,0.59,0.64,0.579,0.853,0.627,0.678,0.635,0.665,0.625,0.717,0.752,0.787,1.0,0.65,0.792
17,y2,0.635,0.692,0.748,0.573,0.569,0.796,0.726,0.581,0.598,0.86,0.701,0.504,0.7,0.65,1.0,0.723
17,y3,0.572,0.687,0.643,0.598,0.581,0.648,0.568,0.569,0.754,0.711,0.607,0.593,0.659,0.792,0.723,1.0
18,.,1.0,0.787,0.806,0.852,0.512,0.817,0.52,0.783,0.69,0.74,0.647,0.355,0.528,0.462,0.619,0.553
18,A1_1,0.787,1.0,0.75,0.655,0.475,0.764,0.427,0.58,0.716,0.76,0.45,0.261,0.446,0.571,0.684,0.678
18,A1_2,0.806,0.75,1.0,0.753,0.645,0.834,0.585,0.717,0.74,0.768,0.721,0.289,0.641,0.63,0.741,0.635
18,A1_3,0.852,0.655,0.753,1.0,0.6,0.676,0.601,0.876,0.761,0.71,0.667,0.38,0.625,0.562,0.56,0.583
18,B1_1,0.512,0.475,0.645,0.6,1.0,0.653,0.71,0.672,0.566,0.632,0.71,0.712,0.74,0.851,0.558,0.571
18,B1_2,0.817,0.764,0.834,0.676,0.653,1.0,0.646,0.667,0.667,0.789,0.727,0.523,0.659,0.621,0.791,0.64
18,B1_3,0.52,0.427,0.585,0.601,0.71,0.646,1.0,0.59,0.593,0.728,0.769,0.625,0.82,0.671,0.715,0.555
18,A2_1,0.783,0.58,0.717,0.876,0.672,0.667,0.59,1.0,0.719,0.722,0.717,0.575,0.666,0.623,0.569,0.555
18,A2_2,0.69,0.716,0.74,0.761,0.566,0.667,0.593,0.719,1.0,0.671,0.655,0.431,0.535,0.655,0.589,0.745
18,A2_3,0.74,0.76,0.768,0.71,0.632,0.789,0.728,0.722,0.671,1.0,0.676,0.498,0.706,0.617,0.856,0.704
18,B2_1,0.647,0.45,0.721,0.667,0.71,0.727,0.769,0.717,0.655,0.676,1.0,0.693,0.729,0.71,0.691,0.594
18,B2_2,0.355,0.261,0.289,0.38,0.712,0.523,0.625,0.575,0.431,0.498,0.693,1.0,0.65,0.749,0.491,0.58
18,B2_3,0.528,0.446,0.641,0.625,0.74,0.659,0.82,0.666,0.535,0.706,0.729,0.65,1.0,0.784,0.689,0.647
18,y1,0.462,0.571,0.63,0.562,0.851,0.621,0.671,0.623,0.655,0.617,0.71,0.749,0.784,1.0,0.642,0.787
18,y2,0.619,0.684,0.741,0.56,0.558,0.791,0.715,0.569,0.589,0.856,0.691,0.491,0.689,0.642,1.0,0.718
18,y3,0.553,0.678,0.635,0.583,0.571,0.64,0.555,0.555,0.745,0.704,0.594,0.58,0.647,0.787,0.718,1.0
19,.,1.0,0.78,0.799,0.847,0.488,0.806,0.499,0.774,0.683,0.73,0.63,0.327,0.501,0.433,0.604,0.534
19,A1_1,0.78,1.0,0.746,0.648,0.451,0.752,0.403,0.569,0.71,0.753,0.429,0.231,0.42,0.552,0.676,0.67
19,A1_2,0.799,0.746,1.0,0.752,0.635,0.83,0.574,0.714,0.74,0.766,0.711,0.273,0.63,0.619,0.735,0.627
19,A1_3,0.847,0.648,0.752,1.0,0.587,0.67,0.589,0.875,0.76,0.706,0.658,0.361,0.612,0.544,0.547,0.567
19,B1_1,0.488,0.451,0.635,0.587,1.0,0.651,0.712,0.665,0.558,0.625,0.711,0.714,0.743,0.848,0.547,0.561
19,B1_2,0.806,0.752,0.83,0.67,0.651,1.0,0.643,0.664,0.663,0.786,0.725,0.518,0.656,0.616,0.785,0.632
19,B1_3,0.499,0.403,0.574,0.589,0.712,0.643,1.0,0.583,0.583,0.72,0.771,0.628,0.82,0.665,0.704,0.541
19,A2_1,0.774,0.569,0.714,0.875,0.665,0.664,0.583,1.0,0.718,0.719,0.711,0.563,0.66,0.61,0.556,0.54
19,A2_2,0.683,0.71,0.74,0.76,0.558,0.663,0.583,0.718,1.0,0.669,0.646,0.417,0.527,0.644,0.58,0.736
19,A2_3,0.73,0.753,0.766,0.706,0.625,0.786,0.72,0.719,0.669,1.0,0.669,0.486,0.699,0.609,0.851,0.696
19,B2_1,0.63,0.429,0.711,0.658,0.711,0.725,0.771,0.711,0.646,0.669,1.0,0.693,0.728,0.703,0.68,0.58
19,B2_2,0.327,0.231,0.273,0.361,0.714,0.518,0.628,0.563,0.417,0.486,0.693,1.0,0.653,0.745,0.477,0.567
19,B2_3,0.501,0.42,0.63,0.612,0.743,0.656,0.82,0.66,0.527,0.699,0.728,0.653,1.0,0.781,0.676,0.633
19,y1,0.433,0.552,0.619,0.544,0.848,0.616,0.665,0.61,0.644,0.609,0.703,0.745,0.781,1.0,0.634,0.781
19,y2,0.604,0.676,0.735,0.547,0.547,0.785,0.704,0.556,0.58,0.851,0.68,0.477,0.676,0.634,1.0,0.715
19,y3,0.534,0.67,0.627,0.567,0.561,0.632,0.541,0.54,0.736,0.696,0.58,0.567,0.633,0.781,0.715,1.0
20,.,1.0,0.773,0.792,0.842,0.46,0.793,0.474,0.763,0.675,0.718,0.611,0.295,0.47,0.401,0.586,0.512
20,A1_1,0.773,1.0,0.742,0.64,0.425,0.739,0.375,0.557,0.703,0.746,0.406,0.198,0.391,0.53,0.667,0.661
20,A1_2,0.792,0.742,1.0,0.751,0.624,0.826,0.561,0.711,0.74,0.764,0.7,0.256,0.617,0.606,0.728,0.617
20,A1_3,0.842,0.64,0.751,1.0,0.572,0.663,0.575,0.873,0.758,0.701,0.647,0.34,0.596,0.523,0.532,0.549
20,B1_1,0.46,0.425,0.624,0.572,1.0,0.648,0.713,0.657,0.548,0.617,0.711,0.715,0.745,0.844,0.533,0.549
20,B1_2,0.793,0.739,0.826,0.663,0.648,1.0,0.64,0.66,0.658,0.783,0.722,0.512,0.653,0.609,0.778,0.623
20,B1_3,0.474,0.375,0.561,0.575,0.713,0.64,1.0,0.575,0.571,0.71,0.772,0.63,0.819,0.657,0.69,0.526
20,A2_1,0.763,0.557,0.711,0.873,0.657,0.66,0.575,1.0,0.717,0.716,0.704,0.549,0.651,0.595,0.541,0.523
20,A2_2,0.675,0.703,0.74,0.758,0.548,0.658,0.571,0.717,1.0,0.667,0.636,0.401,0.517,0.632,0.57,0.725
20,A2_3,0.718,0.746,0.764,0.701,0.617,0.783,0.71,0.716,0.667,1.0,0.66,0.473,0.691,0.599,0.846,0.687
20,B2_1,0.611,0.406,0.7,0.647,0.711,0.722,0.772,0.704,0.636,0.66,1.0,0.692,0.728,0.695,0.667,0.564
20,B2_2,0.295,0.198,0.256,0.34,0.715,0.512,0.63,0.549,0.401,0.473,0.692,1.0,0.656,0.74,0.461,0.551
20,B2_3,0.47,0.391,0.617,0.596,0.745,0.653,0.819,0.651,0.517,0.691,0.728,0.656,1.0,0.777,0.662,0.617
20,y1,0.401,0.53,0.606,0.523,0.844,0.609,0.657,0.595,0.632,0.599,0.695,0.74,0.777,1.0,0.624,0.775
20,y2,0.586,0.667,0.728,0.532,0.533,0.778,0.69,0.541,0.57,0.846,0.667,0.461,0.662,0.624,1.0,0.71
20,y3,0.512,0.661,0.617,0.549,0.549,0.623,0.526,0.523,0.725,0.687,0.564,0.551,0.617,0.775,0.71,1.0
21,.,1.0,0.767,0.784,0.837,0.43,0.778,0.447,0.752,0.666,0.705,0.59,0.26,0.436,0.365,0.567,0.489
21,A1_1,0.767,1.0,0.739,0.632,0.397,0.724,0.345,0.546,0.697,0.738,0.38,0.162,0.36,0.507,0.659,0.652
21,A1_2,0.784,0.739,1.0,0.75,0.611,0.822,0.546,0.708,0.74,0.761,0.688,0.237,0.602,0.593,0.72,0.607
21,A1_3,0.837,0.632,0.75,1.0,0.556,0.656,0.558,0.872,0.756,0.696,0.634,0.316,0.579,0.501,0.516,0.53
21,B1_1,0.43,0.397,0.611,0.556,1.0,0.645,0.714,0.648,0.537,0.608,0.711,0.716,0.747,0.84,0.518,0.535
21,B1_2,0.778,0.724,0.822,0.656,0.645,1.0,0.636,0.656,0.653,0.779,0.719,0.505,0.649,0.602,0.771,0.613
21,B1_3,0.447,0.345,0.546,0.558,0.714,0.636,1.0,0.565,0.558,0.699,0.773,0.632,0.819,0.648,0.675,0.508
21,A2_1,0.752,0.546,0.708,0.872,0.648,0.656,0.565,1.0,0.715,0.712,0.696,0.534,0.641,0.578,0.526,0.506
21,A2_2,0.666,0.697,0.74,0.756,0.537,0.653,0.558,0.715,1.0,0.665,0.625,0.383,0.506,0.619,0.559,0.713
21,A2_3,0.705,0.738,0.761,0.696,0.608,0.779,0.699,0.712,0.665,1.0,0.651,0.459,0.682,0.589,0.841,0.677
21,B2_1,0.59,0.38,0.688,0.634,0.711,0.719,0.773,0.696,0.625,0.651,1.0,0.692,0.726,0.687,0.653,0.546
21,B2_2,0.26,0.162,0.237,0.316,0.716,0.505,0.632,0.534,0.383,0.459,0.692,1.0,0.659,0.735,0.443,0.534
21,B2_3,0.436,0.36,0.602,0.579,0.747,0.649,0.819,0.641,0.506,0.682,0.726,0.659,1.0,0.772,0.646,0.6
21,y1,0.365,0.507,0.593,0.501,0.84,0.602,0.648,0.578,0.619,0.589,0.687,0.735,0.772,1.0,0.613,0.768
21,y2,0.567,0.659,0.72,0.516,0.518,0.771,0.675,0.526,0.559,0.841,0.653,0.443,0.646,0.613,1.0,0.706
21,y3,0.489,0.652,0.607,0.53,0.535,0.613,0.508,0.506,0.713,0.677,0.546,0.534,0.6,0.768,0.706,1.0
22,.,1.0,0.761,0.775,0.831,0.399,0.761,0.418,0.741,0.657,0.691,0.566,0.223,0.4,0.329,0.548,0.467
22,A1_1,0.761,1.0,0.735,0.624,0.367,0.707,0.314,0.534,0.691,0.73,0.353,0.125,0.327,0.483,0.65,0.643
22,A1_2,0.775,0.735,1.0,0.749,0.597,0.817,0.531,0.705,0.74,0.759,0.674,0.217,0.587,0.579,0.713,0.597
22,A1_3,0.831,0.624,0.749,1.0,0.539,0.648,0.54,0.871,0.754,0.691,0.621,0.291,0.56,0.478,0.499,0.511
22,B1_1,0.399,0.367,0.597,0.539,1.0,0.642,0.715,0.638,0.524,0.599,0.712,0.717,0.75,0.835,0.502,0.519
22,B1_2,0.761,0.707,0.817,0.648,0.642,1.0,0.632,0.652,0.647,0.775,0.716,0.499,0.645,0.595,0.762,0.601
22,B1_3,0.418,0.314,0.531,0.54,0.715,0.632,1.0,0.554,0.544,0.687,0.774,0.633,0.818,0.638,0.658,0.489
22,A2_1,0.741,0.534,0.705,0.871,0.638,0.652,0.554,1.0,0.714,0.709,0.687,0.518,0.63,0.561,0.51,0.488
22,A2_2,0.657,0.691,0.74,0.754,0.524,0.647,0.544,0.714,1.0,0.663,0.613,0.364,0.493,0.606,0.548,0.701
22,A2_3,0.691,0.73,0.759,0.691,0.599,0.775,0.687,0.709,0.663,1.0,0.641,0.444,0.671,0.579,0.835,0.667
22,B2_1,0.566,0.353,0.674,0.621,0.712,0.716,0.774,0.687,0.613,0.641,1.0,0.691,0.725,0.678,0.638,0.527
22,B2_2,0.223,0.125,0.217,0.291,0.717,0.499,0.633,0.518,0.364,0.444,0.691,1.0,0.662,0.729,0.423,0.515
22,B2_3,0.4,0.327,0.587,0.56,0.75,0.645,0.818,0.63,0.493,0.671,0.725,0.662,1.0,0.767,0.628,0.58
22,y1,0.329,0.483,0.579,0.478,0.835,0.595,0.638,0.561,0.606,0.579,0.678,0.729,0.767,1.0,0.603,0.761
22,y2,0.548,0.65,0.713,0.499,0.502,0.762,0.658,0.51,0.548,0.835,0.638,0.423,0.628,0.603,1.0,0.703
22,y3,0.467,0.643,0.597,0.511,0.519,0.601,0.489,0.488,0.701,0.667,0.527,0.515,0.58,0.761,0.703,1.0
23,.,1.0,0.755,0.766,0.824,0.364,0.742,0.387,0.728,0.647,0.675,0.539,0.184,0.36,0.29,0.528,0.444
23,A1_1,0.755,1.0,0.731,0.617,0.335,0.689,0.281,0.522,0.684,0.721,0.324,0.086,0.291,0.458,0.642,0.634
23,A1_2,0.766,0.731,1.0,0.748,0.581,0.812,0.514,0.702,0.74,0.757,0.659,0.196,0.569,0.564,0.704,0.587
23,A1_3,0.824,0.617,0.748,1.0,0.52,0.638,0.52,0.869,0.753,0.685,0.605,0.263,0.539,0.453,0.481,0.491
23,B1_1,0.364,0.335,0.581,0.52,1.0,0.638,0.717,0.627,0.511,0.588,0.712,0.718,0.752,0.83,0.483,0.502
23,B1_2,0.742,0.689,0.812,0.638,0.638,1.0,0.628,0.647,0.64,0.77,0.713,0.491,0.641,0.587,0.753,0.589
23,B1_3,0.387,0.281,0.514,0.52,0.717,0.628,1.0,0.541,0.528,0.674,0.775,0.635,0.817,0.628,0.639,0.468
23,A2_1,0.728,0.522,0.702,0.869,0.627,0.647,0.541,1.0,0.712,0.705,0.677,0.499,0.618,0.543,0.492,0.468
23,A2_2,0.647,0.684,0.74,0.753,0.511,0.64,0.528,0.712,1.0,0.66,0.6,0.343,0.478,0.591,0.536,0.688
23,A2_3,0.675,0.721,0.757,0.685,0.588,0.77,0.674,0.705,0.66,1.0,0.63,0.427,0.66,0.567,0.828,0.656
23,B2_1,0.539,0.324,0.659,0.605,0.712,0.713,0.775,0.677,0.6,0.63,1.0,0.691,0.724,0.668,0.62,0.507
23,B2_2,0.184,0.086,0.196,0.263,0.718,0.491,0.635,0.499,0.343,0.427,0.691,1.0,0.665,0.722,0.402,0.494
23,B2_3,0.36,0.291,0.569,0.539,0.752,0.641,0.817,0.618,0.478,0.66,0.724,0.665,1.0,0.761,0.608,0.558
23,y1,0.29,0.458,0.564,0.453,0.83,0.587,0.628,0.543,0.591,0.567,0.668,0.722,0.761,1.0,0.591,0.754
23,y2,0.528,0.642,0.704,0.481,0.483,0.753,0.639,0.492,0.536,0.828,0.62,0.402,0.608,0.591,1.0,0.699
23,y3,0.444,0.634,0.587,0.491,0.502,0.589,0.468,0.468,0.688,0.656,0.507,0.494,0.558,0.754,0.699,1.0
24,.,1.0,0.749,0.756,0.818,0.326,0.721,0.351,0.714,0.636,0.659,0.51,0.141,0.316,0.249,0.506,0.419
24,A1_1,0.749,1.0,0.728,0.61,0.301,0.67,0.245,0.51,0.677,0.711,0.292,0.045,0.252,0.432,0.634,0.624
24,A1_2,0.756,0.728,1.0,0.747,0.564,0.805,0.494,0.698,0.74,0.754,0.642,0.172,0.549,0.548,0.695,0.575
24,A1_3,0.818,0.61,0.747,1.0,0.499,0.627,0.498,0.868,0.751,0.679,0.587,0.233,0.515,0.426,0.462,0.468
24,B1_1,0.326,0.301,0.564,0.499,1.0,0.634,0.717,0.615,0.495,0.576,0.711,0.718,0.754,0.823,0.462,0.482
24,B1_2,0.721,0.67,0.805,0.627,0.634,1.0,0.622,0.641,0.632,0.764,0.708,0.483,0.636,0.578,0.742,0.575
24,B1_3,0.351,0.245,0.494,0.498,0.717,0.622,1.0,0.527,0.509,0.659,0.776,0.636,0.816,0.616,0.618,0.445
24,A2_1,0.714,0.51,0.698,0.868,0.615,0.641,0.527,1.0,0.71,0.7,0.665,0.479,0.603,0.522,0.473,0.447
24,A2_2,0.636,0.677,0.74,0.751,0.495,0.632,0.509,0.71,1.0,0.657,0.584,0.32,0.461,0.575,0.524,0.673
24,A2_3,0.659,0.711,0.754,0.679,0.576,0.764,0.659,0.7,0.657,1.0,0.618,0.408,0.646,0.555,0.82,0.644
24,B2_1,0.51,0.292,0.642,0.587,0.711,0.708,0.776,0.665,0.584,0.618,1.0,0.69,0.722,0.657,0.601,0.484
24,B2_2,0.141,0.045,0.172,0.233,0.718,0.483,0.636,0.479,0.32,0.408,0.69,1.0,0.667,0.714,0.378,0.471
24,B2_3,0.316,0.252,0.549,0.515,0.754,0.636,0.816,0.603,0.461,0.646,0.722,0.667,1.0,0.753,0.585,0.534
24,y1,0.249,0.432,0.548,0.426,0.823,0.578,0.616,0.522,0.575,0.555,0.657,0.714,0.753,1.0,0.579,0.745
24,y2,0.506,0.634,0.695,0.462,0.462,0.742,0.618,0.473,0.524,0.82,0.601,0.378,0.585,0.579,1.0,0.696
24,y3,0.419,0.624,0.575,0.468,0.482,0.575,0.445,0.447,0.673,0.644,0.484,0.471,0.534,0.745,0.696,1.0
25,.,1.0,0.745,0.746,0.811,0.286,0.698,0.313,0.7,0.625,0.642,0.478,0.097,0.27,0.206,0.486,0.395
25,A1_1,0.745,1.0,0.725,0.604,0.265,0.648,0.208,0.499,0.671,0.702,0.259,0.002,0.212,0.405,0.626,0.616
25,A1_2,0.746,0.725,1.0,0.747,0.546,0.798,0.474,0.695,0.74,0.752,0.624,0.146,0.528,0.531,0.686,0.564
25,A1_3,0.811,0.604,0.747,1.0,0.476,0.616,0.473,0.866,0.749,0.673,0.567,0.2,0.488,0.397,0.442,0.446
25,B1_1,0.286,0.265,0.546,0.476,1.0,0.63,0.719,0.601,0.479,0.563,0.711,0.718,0.756,0.816,0.439,0.46
25,B1_2,0.698,0.648,0.798,0.616,0.63,1.0,0.617,0.635,0.623,0.758,0.704,0.475,0.63,0.569,0.729,0.559
25,B1_3,0.313,0.208,0.474,0.473,0.719,0.617,1.0,0.511,0.49,0.643,0.777,0.637,0.815,0.604,0.595,0.42
25,A2_1,0.7,0.499,0.695,0.866,0.601,0.635,0.511,1.0,0.708,0.696,0.652,0.457,0.588,0.5,0.453,0.426
25,A2_2,0.625,0.671,0.74,0.749,0.479,0.623,0.49,0.708,1.0,0.655,0.567,0.294,0.443,0.558,0.511,0.658
25,A2_3,0.642,0.702,0.752,0.673,0.563,0.758,0.643,0.696,0.655,1.0,0.604,0.388,0.631,0.542,0.812,0.631
25,B2_1,0.478,0.259,0.624,0.567,0.711,0.704,0.777,0.652,0.567,0.604,1.0,0.689,0.721,0.645,0.58,0.459
25,B2_2,0.097,0.002,0.146,0.2,0.718,0.475,0.637,0.457,0.294,0.388,0.689,1.0,0.67,0.705,0.352,0.446
25,B2_3,0.27,0.212,0.528,0.488,0.756,0.63,0.815,0.588,0.443,0.631,0.721,0.67,1.0,0.745,0.56,0.507
25,y1,0.206,0.405,0.531,0.397,0.816,0.569,0.604,0.5,0.558,0.542,0.645,0.705,0.745,1.0,0.566,0.737
25,y2,0.486,0.626,0.686,0.442,0.439,0.729,0.595,0.453,0.511,0.812,0.58,0.352,0.56,0.566,1.0,0.693
25,y3,0.395,0.616,0.564,0.446,0.46,0.559,0.42,0.426,0.658,0.631,0.459,0.446,0.507,0.737,0.693,1.0
26,.,1.0,0.742,0.736,0.804,0.245,0.673,0.275,0.686,0.614,0.625,0.444,0.052,0.223,0.164,0.466,0.373
26,A1_1,0.742,1.0,0.723,0.6,0.228,0.626,0.17,0.489,0.665,0.693,0.226,-0.041,0.17,0.38,0.62,0.609
