,,.,A1_1,A1_2,A1_3,B1_1,B1_2,B1_3,A2_1,A2_2,A2_3,B2_1,B2_2,B2_3,y1,y2,y3
1,.,1.0,0.681,0.791,0.743,0.707,0.769,0.714,0.784,0.747,0.825,0.674,0.75,0.636,0.714,0.736,0.811
1,A1_1,0.681,1.0,0.734,0.763,0.689,0.747,0.726,0.525,0.679,0.761,0.656,0.755,0.586,0.739,0.765,0.681
1,A1_2,0.791,0.734,1.0,0.767,0.73,0.681,0.754,0.631,0.785,0.847,0.726,0.692,0.599,0.699,0.74,0.818
1,A1_3,0.743,0.763,0.767,1.0,0.834,0.714,0.689,0.601,0.738,0.788,0.736,0.705,0.659,0.734,0.848,0.791
1,B1_1,0.707,0.689,0.73,0.834,1.0,0.701,0.653,0.496,0.686,0.792,0.733,0.693,0.606,0.777,0.781,0.768
1,B1_2,0.769,0.747,0.681,0.714,0.701,1.0,0.793,0.66,0.681,0.752,0.737,0.804,0.686,0.778,0.79,0.791
1,B1_3,0.714,0.726,0.754,0.689,0.653,0.793,1.0,0.622,0.697,0.693,0.724,0.813,0.677,0.735,0.779,0.817
1,A2_1,0.784,0.525,0.631,0.601,0.496,0.66,0.622,1.0,0.575,0.683,0.489,0.598,0.65,0.654,0.67,0.736
1,A2_2,0.747,0.679,0.785,0.738,0.686,0.681,0.697,0.575,1.0,0.791,0.788,0.71,0.819,0.641,0.725,0.783
1,A2_3,0.825,0.761,0.847,0.788,0.792,0.752,0.693,0.683,0.791,1.0,0.754,0.767,0.718,0.808,0.833,0.83
1,B2_1,0.674,0.656,0.726,0.736,0.733,0.737,0.724,0.489,0.788,0.754,1.0,0.674,0.783,0.732,0.829,0.8
1,B2_2,0.75,0.755,0.692,0.705,0.693,0.804,0.813,0.598,0.71,0.767,0.674,1.0,0.656,0.825,0.797,0.757
1,B2_3,0.636,0.586,0.599,0.659,0.606,0.686,0.677,0.65,0.819,0.718,0.783,0.656,1.0,0.651,0.789,0.767
1,y1,0.714,0.739,0.699,0.734,0.777,0.778,0.735,0.654,0.641,0.808,0.732,0.825,0.651,1.0,0.802,0.758
1,y2,0.736,0.765,0.74,0.848,0.781,0.79,0.779,0.67,0.725,0.833,0.829,0.797,0.789,0.802,1.0,0.805
1,y3,0.811,0.681,0.818,0.791,0.768,0.791,0.817,0.736,0.783,0.83,0.8,0.757,0.767,0.758,0.805,1.0
2,.,1.0,0.694,0.8,0.754,0.718,0.775,0.718,0.793,0.76,0.832,0.684,0.757,0.654,0.719,0.746,0.817
2,A1_1,0.694,1.0,0.745,0.774,0.707,0.764,0.743,0.545,0.701,0.774,0.679,0.769,0.618,0.752,0.779,0.699
2,A1_2,0.8,0.745,1.0,0.779,0.744,0.696,0.762,0.646,0.797,0.856,0.737,0.703,0.622,0.71,0.754,0.827
2,A1_3,0.754,0.774,0.779,1.0,0.842,0.728,0.699,0.619,0.755,0.801,0.747,0.717,0.679,0.743,0.854,0.799
2,B1_1,0.718,0.707,0.744,0.842,1.0,0.718,0.671,0.515,0.704,0.804,0.748,0.711,0.632,0.788,0.794,0.782
2,B1_2,0.775,0.764,0.696,0.728,0.718,1.0,0.806,0.67,0.701,0.765,0.756,0.817,0.711,0.789,0.803,0.804
2,B1_3,0.718,0.743,0.762,0.699,0.671,0.806,1.0,0.63,0.711,0.706,0.741,0.824,0.699,0.748,0.79,0.826
2,A2_1,0.793,0.545,0.646,0.619,0.515,0.67,0.63,1.0,0.594,0.695,0.505,0.609,0.658,0.661,0.679,0.743
2,A2_2,0.76,0.701,0.797,0.755,0.704,0.701,0.711,0.594,1.0,0.804,0.799,0.726,0.832,0.656,0.741,0.794
2,A2_3,0.832,0.774,0.856,0.801,0.804,0.765,0.706,0.695,0.804,1.0,0.765,0.775,0.734,0.815,0.842,0.836
2,B2_1,0.684,0.679,0.737,0.747,0.748,0.756,0.741,0.505,0.799,0.765,1.0,0.695,0.799,0.744,0.838,0.811
2,B2_2,0.757,0.769,0.703,0.717,0.711,0.817,0.824,0.609,0.726,0.775,0.695,1.0,0.681,0.832,0.808,0.769
2,B2_3,0.654,0.618,0.622,0.679,0.632,0.711,0.699,0.658,0.832,0.734,0.799,0.681,1.0,0.667,0.801,0.78
2,y1,0.719,0.752,0.71,0.743,0.788,0.789,0.748,0.661,0.656,0.815,0.744,0.832,0.667,1.0,0.811,0.769
2,y2,0.746,0.779,0.754,0.854,0.794,0.803,0.79,0.679,0.741,0.842,0.838,0.808,0.801,0.811,1.0,0.814
2,y3,0.817,0.699,0.827,0.799,0.782,0.804,0.826,0.743,0.794,0.836,0.811,0.769,0.78,0.769,0.814,1.0
3,.,1.0,0.706,0.808,0.764,0.729,0.781,0.722,0.802,0.772,0.838,0.694,0.763,0.67,0.722,0.754,0.821
3,A1_1,0.706,1.0,0.759,0.787,0.727,0.782,0.761,0.565,0.723,0.787,0.703,0.785,0.651,0.766,0.794,0.717
3,A1_2,0.808,0.759,1.0,0.792,0.758,0.713,0.771,0.663,0.81,0.865,0.749,0.716,0.646,0.722,0.768,0.836
3,A1_3,0.764,0.787,0.792,1.0,0.85,0.742,0.712,0.637,0.772,0.814,0.759,0.73,0.7,0.752,0.861,0.809
3,B1_1,0.729,0.727,0.758,0.85,1.0,0.738,0.693,0.536,0.724,0.817,0.765,0.731,0.661,0.8,0.809,0.798
3,B1_2,0.781,0.782,0.713,0.742,0.738,1.0,0.821,0.681,0.723,0.779,0.778,0.832,0.737,0.802,0.818,0.817
3,B1_3,0.722,0.761,0.771,0.712,0.693,0.821,1.0,0.64,0.728,0.72,0.761,0.838,0.724,0.762,0.804,0.836
3,A2_1,0.802,0.565,0.663,0.637,0.536,0.681,0.64,1.0,0.616,0.709,0.523,0.621,0.667,0.669,0.69,0.75
3,A2_2,0.772,0.723,0.81,0.772,0.724,0.723,0.728,0.616,1.0,0.818,0.811,0.743,0.844,0.673,0.757,0.805
3,A2_3,0.838,0.787,0.865,0.814,0.817,0.779,0.72,0.709,0.818,1.0,0.777,0.784,0.751,0.822,0.85,0.843
3,B2_1,0.694,0.703,0.749,0.759,0.765,0.778,0.761,0.523,0.811,0.777,1.0,0.72,0.817,0.759,0.849,0.824
3,B2_2,0.763,0.785,0.716,0.73,0.731,0.832,0.838,0.621,0.743,0.784,0.72,1.0,0.708,0.84,0.821,0.784
3,B2_3,0.67,0.651,0.646,0.7,0.661,0.737,0.724,0.667,0.844,0.751,0.817,0.708,1.0,0.686,0.815,0.794
3,y1,0.722,0.766,0.722,0.752,0.8,0.802,0.762,0.669,0.673,0.822,0.759,0.84,0.686,1.0,0.821,0.781
3,y2,0.754,0.794,0.768,0.861,0.809,0.818,0.804,0.69,0.757,0.85,0.849,0.821,0.815,0.821,1.0,0.825
3,y3,0.821,0.717,0.836,0.809,0.798,0.817,0.836,0.75,0.805,0.843,0.824,0.784,0.794,0.781,0.825,1.0
4,.,1.0,0.714,0.814,0.772,0.736,0.782,0.722,0.809,0.781,0.841,0.699,0.766,0.68,0.722,0.757,0.822
4,A1_1,0.714,1.0,0.77,0.798,0.744,0.797,0.776,0.583,0.742,0.798,0.724,0.798,0.679,0.777,0.807,0.732
4,A1_2,0.814,0.77,1.0,0.803,0.77,0.727,0.777,0.678,0.822,0.873,0.757,0.726,0.666,0.732,0.779,0.843
4,A1_3,0.772,0.798,0.803,1.0,0.857,0.754,0.721,0.653,0.787,0.825,0.769,0.741,0.717,0.76,0.866,0.816
4,B1_1,0.736,0.744,0.77,0.857,1.0,0.757,0.714,0.554,0.742,0.828,0.781,0.749,0.687,0.81,0.822,0.811
4,B1_2,0.782,0.797,0.727,0.754,0.757,1.0,0.834,0.688,0.742,0.789,0.797,0.846,0.76,0.812,0.83,0.828
4,B1_3,0.722,0.776,0.777,0.721,0.714,0.834,1.0,0.646,0.741,0.731,0.78,0.85,0.746,0.775,0.815,0.845
4,A2_1,0.809,0.583,0.678,0.653,0.554,0.688,0.646,1.0,0.633,0.721,0.537,0.63,0.674,0.675,0.698,0.755
4,A2_2,0.781,0.742,0.822,0.787,0.742,0.742,0.741,0.633,1.0,0.829,0.821,0.757,0.854,0.686,0.77,0.814
4,A2_3,0.841,0.798,0.873,0.825,0.828,0.789,0.731,0.721,0.829,1.0,0.786,0.791,0.764,0.827,0.856,0.849
4,B2_1,0.699,0.724,0.757,0.769,0.781,0.797,0.78,0.537,0.821,0.786,1.0,0.742,0.833,0.771,0.858,0.834
4,B2_2,0.766,0.798,0.726,0.741,0.749,0.846,0.85,0.63,0.757,0.791,0.742,1.0,0.732,0.847,0.831,0.795
4,B2_3,0.68,0.679,0.666,0.717,0.687,0.76,0.746,0.674,0.854,0.764,0.833,0.732,1.0,0.703,0.826,0.806
4,y1,0.722,0.777,0.732,0.76,0.81,0.812,0.775,0.675,0.686,0.827,0.771,0.847,0.703,1.0,0.829,0.791
4,y2,0.757,0.807,0.779,0.866,0.822,0.83,0.815,0.698,0.77,0.856,0.858,0.831,0.826,0.829,1.0,0.833
4,y3,0.822,0.732,0.843,0.816,0.811,0.828,0.845,0.755,0.814,0.849,0.834,0.795,0.806,0.791,0.833,1.0
5,.,1.0,0.714,0.816,0.773,0.736,0.777,0.715,0.813,0.784,0.84,0.695,0.761,0.681,0.715,0.754,0.818
5,A1_1,0.714,1.0,0.777,0.805,0.757,0.808,0.786,0.593,0.755,0.806,0.738,0.807,0.699,0.785,0.816,0.742
5,A1_2,0.816,0.777,1.0,0.811,0.778,0.734,0.779,0.688,0.83,0.878,0.761,0.732,0.679,0.736,0.786,0.847
5,A1_3,0.773,0.805,0.811,1.0,0.861,0.76,0.726,0.664,0.798,0.833,0.773,0.747,0.728,0.763,0.868,0.82
5,B1_1,0.736,0.757,0.778,0.861,1.0,0.772,0.73,0.565,0.755,0.834,0.793,0.763,0.707,0.817,0.832,0.821
5,B1_2,0.777,0.808,0.734,0.76,0.772,1.0,0.846,0.69,0.755,0.795,0.812,0.857,0.779,0.819,0.839,0.836
5,B1_3,0.715,0.786,0.779,0.726,0.73,0.846,1.0,0.646,0.75,0.736,0.795,0.859,0.764,0.783,0.823,0.85
5,A2_1,0.813,0.593,0.688,0.664,0.565,0.69,0.646,1.0,0.645,0.729,0.544,0.633,0.675,0.675,0.701,0.757
5,A2_2,0.784,0.755,0.83,0.798,0.755,0.755,0.75,0.645,1.0,0.836,0.826,0.766,0.86,0.694,0.778,0.819
5,A2_3,0.84,0.806,0.878,0.833,0.834,0.795,0.736,0.729,0.836,1.0,0.79,0.794,0.772,0.828,0.859,0.851
5,B2_1,0.695,0.738,0.761,0.773,0.793,0.812,0.795,0.544,0.826,0.79,1.0,0.76,0.845,0.779,0.865,0.84
5,B2_2,0.761,0.807,0.732,0.747,0.763,0.857,0.859,0.633,0.766,0.794,0.76,1.0,0.75,0.851,0.839,0.803
5,B2_3,0.681,0.699,0.679,0.728,0.707,0.779,0.764,0.675,0.86,0.772,0.845,0.75,1.0,0.714,0.835,0.814
5,y1,0.715,0.785,0.736,0.763,0.817,0.819,0.783,0.675,0.694,0.828,0.779,0.851,0.714,1.0,0.835,0.796
5,y2,0.754,0.816,0.786,0.868,0.832,0.839,0.823,0.701,0.778,0.859,0.865,0.839,0.835,0.835,1.0,0.838
5,y3,0.818,0.742,0.847,0.82,0.821,0.836,0.85,0.757,0.819,0.851,0.84,0.803,0.814,0.796,0.838,1.0
6,.,1.0,0.708,0.813,0.77,0.729,0.764,0.699,0.813,0.781,0.835,0.683,0.75,0.671,0.7,0.744,0.809
6,A1_1,0.708,1.0,0.781,0.809,0.766,0.815,0.792,0.598,0.764,0.81,0.748,0.813,0.713,0.788,0.822,0.748
6,A1_2,0.813,0.781,1.0,0.817,0.781,0.736,0.776,0.694,0.835,0.882,0.76,0.731,0.685,0.736,0.788,0.848
6,A1_3,0.77,0.809,0.817,1.0,0.863,0.761,0.725,0.67,0.804,0.837,0.772,0.747,0.732,0.761,0.868,0.82
6,B1_1,0.729,0.766,0.781,0.863,1.0,0.782,0.741,0.568,0.763,0.837,0.802,0.773,0.722,0.821,0.838,0.827
6,B1_2,0.764,0.815,0.736,0.761,0.782,1.0,0.854,0.685,0.762,0.796,0.824,0.866,0.793,0.822,0.844,0.84
6,B1_3,0.699,0.792,0.776,0.725,0.741,0.854,1.0,0.639,0.754,0.736,0.807,0.867,0.778,0.786,0.827,0.852
6,A2_1,0.813,0.598,0.694,0.67,0.568,0.685,0.639,1.0,0.65,0.732,0.542,0.629,0.669,0.67,0.698,0.754
6,A2_2,0.781,0.764,0.835,0.804,0.763,0.762,0.754,0.65,1.0,0.841,0.828,0.771,0.863,0.695,0.782,0.821
6,A2_3,0.835,0.81,0.882,0.837,0.837,0.796,0.736,0.732,0.841,1.0,0.789,0.792,0.774,0.826,0.859,0.851
6,B2_1,0.683,0.748,0.76,0.772,0.802,0.824,0.807,0.542,0.828,0.789,1.0,0.773,0.854,0.784,0.868,0.842
6,B2_2,0.75,0.813,0.731,0.747,0.773,0.866,0.867,0.629,0.771,0.792,0.773,1.0,0.764,0.852,0.843,0.807
6,B2_3,0.671,0.713,0.685,0.732,0.722,0.793,0.778,0.669,0.863,0.774,0.854,0.764,1.0,0.719,0.839,0.818
6,y1,0.7,0.788,0.736,0.761,0.821,0.822,0.786,0.67,0.695,0.826,0.784,0.852,0.719,1.0,0.837,0.798
6,y2,0.744,0.822,0.788,0.868,0.838,0.844,0.827,0.698,0.782,0.859,0.868,0.843,0.839,0.837,1.0,0.841
6,y3,0.809,0.748,0.848,0.82,0.827,0.84,0.852,0.754,0.821,0.851,0.842,0.807,0.818,0.798,0.841,1.0
7,.,1.0,0.694,0.806,0.762,0.715,0.742,0.673,0.81,0.772,0.826,0.66,0.73,0.652,0.678,0.726,0.794
7,A1_1,0.694,1.0,0.781,0.81,0.771,0.817,0.793,0.595,0.769,0.81,0.752,0.814,0.721,0.788,0.824,0.748
7,A1_2,0.806,0.781,1.0,0.819,0.78,0.731,0.766,0.695,0.836,0.883,0.752,0.725,0.684,0.729,0.785,0.845
7,A1_3,0.762,0.81,0.819,1.0,0.861,0.756,0.717,0.67,0.807,0.839,0.766,0.742,0.73,0.755,0.865,0.817
7,B1_1,0.715,0.771,0.78,0.861,1.0,0.79,0.748,0.563,0.767,0.836,0.808,0.779,0.732,0.821,0.842,0.83
7,B1_2,0.742,0.817,0.731,0.756,0.79,1.0,0.861,0.671,0.764,0.791,0.833,0.872,0.803,0.82,0.846,0.84
7,B1_3,0.673,0.793,0.766,0.717,0.748,0.861,1.0,0.624,0.753,0.729,0.815,0.872,0.787,0.784,0.828,0.85
7,A2_1,0.81,0.595,0.695,0.67,0.563,0.671,0.624,1.0,0.65,0.732,0.53,0.618,0.656,0.66,0.69,0.748
7,A2_2,0.772,0.769,0.836,0.807,0.767,0.764,0.753,0.65,1.0,0.842,0.825,0.771,0.862,0.69,0.78,0.818
7,A2_3,0.826,0.81,0.883,0.839,0.836,0.791,0.729,0.732,0.842,1.0,0.782,0.786,0.77,0.819,0.855,0.848
7,B2_1,0.66,0.752,0.752,0.766,0.808,0.833,0.815,0.53,0.825,0.782,1.0,0.782,0.861,0.782,0.868,0.841
7,B2_2,0.73,0.814,0.725,0.742,0.779,0.872,0.872,0.618,0.771,0.786,0.782,1.0,0.773,0.85,0.844,0.808
7,B2_3,0.652,0.721,0.684,0.73,0.732,0.803,0.787,0.656,0.862,0.77,0.861,0.773,1.0,0.719,0.84,0.817
7,y1,0.678,0.788,0.729,0.755,0.821,0.82,0.784,0.66,0.69,0.819,0.782,0.85,0.719,1.0,0.837,0.796
7,y2,0.726,0.824,0.785,0.865,0.842,0.846,0.828,0.69,0.78,0.855,0.868,0.844,0.84,0.837,1.0,0.839
7,y3,0.794,0.748,0.845,0.817,0.83,0.84,0.85,0.748,0.818,0.848,0.841,0.808,0.817,0.796,0.839,1.0
8,.,1.0,0.673,0.795,0.749,0.692,0.711,0.637,0.804,0.758,0.813,0.627,0.702,0.622,0.647,0.701,0.774
8,A1_1,0.673,1.0,0.777,0.808,0.773,0.817,0.79,0.587,0.77,0.808,0.752,0.813,0.725,0.783,0.824,0.745
8,A1_2,0.795,0.777,1.0,0.819,0.775,0.72,0.75,0.693,0.836,0.883,0.739,0.714,0.676,0.718,0.778,0.839
8,A1_3,0.749,0.808,0.819,1.0,0.856,0.746,0.704,0.668,0.807,0.839,0.754,0.732,0.722,0.744,0.859,0.81
8,B1_1,0.692,0.773,0.775,0.856,1.0,0.794,0.753,0.551,0.767,0.83,0.811,0.783,0.739,0.818,0.843,0.83
8,B1_2,0.711,0.817,0.72,0.746,0.794,1.0,0.865,0.651,0.762,0.78,0.839,0.876,0.811,0.814,0.844,0.836
8,B1_3,0.637,0.79,0.75,0.704,0.753,0.865,1.0,0.6,0.747,0.715,0.821,0.875,0.794,0.778,0.825,0.845
8,A2_1,0.804,0.587,0.693,0.668,0.551,0.651,0.6,1.0,0.644,0.729,0.509,0.599,0.637,0.644,0.677,0.737
8,A2_2,0.758,0.77,0.836,0.807,0.767,0.762,0.747,0.644,1.0,0.84,0.819,0.767,0.858,0.679,0.775,0.812
8,A2_3,0.813,0.808,0.883,0.839,0.83,0.78,0.715,0.729,0.84,1.0,0.769,0.774,0.761,0.808,0.848,0.842
8,B2_1,0.627,0.752,0.739,0.754,0.811,0.839,0.821,0.509,0.819,0.769,1.0,0.788,0.865,0.777,0.866,0.836
8,B2_2,0.702,0.813,0.714,0.732,0.783,0.876,0.875,0.599,0.767,0.774,0.788,1.0,0.779,0.844,0.842,0.804
8,B2_3,0.622,0.725,0.676,0.722,0.739,0.811,0.794,0.637,0.858,0.761,0.865,0.779,1.0,0.714,0.837,0.813
8,y1,0.647,0.783,0.718,0.744,0.818,0.814,0.778,0.644,0.679,0.808,0.777,0.844,0.714,1.0,0.833,0.79
8,y2,0.701,0.824,0.778,0.859,0.843,0.844,0.825,0.677,0.775,0.848,0.866,0.842,0.837,0.833,1.0,0.835
8,y3,0.774,0.745,0.839,0.81,0.83,0.836,0.845,0.737,0.812,0.842,0.836,0.804,0.813,0.79,0.835,1.0
9,.,1.0,0.644,0.78,0.732,0.66,0.669,0.589,0.796,0.738,0.797,0.582,0.664,0.582,0.608,0.667,0.748
9,A1_1,0.644,1.0,0.772,0.803,0.773,0.813,0.784,0.574,0.769,0.802,0.749,0.808,0.724,0.776,0.821,0.739
9,A1_2,0.78,0.772,1.0,0.817,0.765,0.703,0.729,0.689,0.833,0.881,0.72,0.697,0.662,0.703,0.768,0.831
9,A1_3,0.732,0.803,0.817,1.0,0.848,0.729,0.684,0.662,0.805,0.837,0.737,0.716,0.709,0.729,0.851,0.802
9,B1_1,0.66,0.773,0.765,0.848,1.0,0.797,0.754,0.531,0.764,0.821,0.813,0.784,0.742,0.812,0.842,0.827
9,B1_2,0.669,0.813,0.703,0.729,0.797,1.0,0.869,0.622,0.756,0.764,0.844,0.879,0.816,0.804,0.839,0.829
9,B1_3,0.589,0.784,0.729,0.684,0.754,0.869,1.0,0.569,0.737,0.695,0.826,0.877,0.799,0.768,0.819,0.836
9,A2_1,0.796,0.574,0.689,0.662,0.531,0.622,0.569,1.0,0.635,0.724,0.481,0.574,0.61,0.623,0.66,0.724
9,A2_2,0.738,0.769,0.833,0.805,0.764,0.756,0.737,0.635,1.0,0.836,0.809,0.759,0.851,0.663,0.766,0.803
9,A2_3,0.797,0.802,0.881,0.837,0.821,0.764,0.695,0.724,0.836,1.0,0.75,0.758,0.746,0.794,0.839,0.833
9,B2_1,0.582,0.749,0.72,0.737,0.813,0.844,0.826,0.481,0.809,0.75,1.0,0.793,0.868,0.768,0.861,0.827
9,B2_2,0.664,0.808,0.697,0.716,0.784,0.879,0.877,0.574,0.759,0.758,0.793,1.0,0.783,0.835,0.838,0.797
9,B2_3,0.582,0.724,0.662,0.709,0.742,0.816,0.799,0.61,0.851,0.746,0.868,0.783,1.0,0.704,0.832,0.805
9,y1,0.608,0.776,0.703,0.729,0.812,0.804,0.768,0.623,0.663,0.794,0.768,0.835,0.704,1.0,0.827,0.781
9,y2,0.667,0.821,0.768,0.851,0.842,0.839,0.819,0.66,0.766,0.839,0.861,0.838,0.832,0.827,1.0,0.829
9,y3,0.748,0.739,0.831,0.802,0.827,0.829,0.836,0.724,0.803,0.833,0.827,0.797,0.805,0.781,0.829,1.0
10,.,1.0,0.608,0.762,0.71,0.618,0.614,0.528,0.786,0.711,0.776,0.526,0.615,0.529,0.561,0.626,0.716
10,A1_1,0.608,1.0,0.763,0.796,0.77,0.806,0.775,0.557,0.765,0.794,0.742,0.801,0.721,0.765,0.817,0.729
10,A1_2,0.762,0.763,1.0,0.815,0.751,0.678,0.7,0.683,0.829,0.879,0.694,0.673,0.641,0.682,0.754,0.821
10,A1_3,0.71,0.796,0.815,1.0,0.836,0.706,0.658,0.655,0.801,0.834,0.713,0.695,0.69,0.709,0.84,0.79
10,B1_1,0.618,0.77,0.751,0.836,1.0,0.798,0.755,0.506,0.758,0.808,0.814,0.784,0.744,0.803,0.839,0.822
10,B1_2,0.614,0.806,0.678,0.706,0.798,1.0,0.872,0.584,0.745,0.74,0.848,0.881,0.821,0.789,0.831,0.817
10,B1_3,0.528,0.775,0.7,0.658,0.755,0.872,1.0,0.529,0.722,0.668,0.83,0.878,0.803,0.752,0.81,0.823
10,A2_1,0.786,0.557,0.683,0.655,0.506,0.584,0.529,1.0,0.622,0.717,0.443,0.54,0.575,0.598,0.638,0.708
10,A2_2,0.711,0.765,0.829,0.801,0.758,0.745,0.722,0.622,1.0,0.83,0.795,0.747,0.841,0.642,0.754,0.791
10,A2_3,0.776,0.794,0.879,0.834,0.808,0.74,0.668,0.717,0.83,1.0,0.725,0.735,0.725,0.775,0.826,0.823
10,B2_1,0.526,0.742,0.694,0.713,0.814,0.848,0.83,0.443,0.795,0.725,1.0,0.795,0.87,0.754,0.853,0.813
10,B2_2,0.615,0.801,0.673,0.695,0.784,0.881,0.878,0.54,0.747,0.735,0.795,1.0,0.785,0.822,0.831,0.787
10,B2_3,0.529,0.721,0.641,0.69,0.744,0.821,0.803,0.575,0.841,0.725,0.87,0.785,1.0,0.69,0.824,0.793
10,y1,0.561,0.765,0.682,0.709,0.803,0.789,0.752,0.598,0.642,0.775,0.754,0.822,0.69,1.0,0.819,0.769
10,y2,0.626,0.817,0.754,0.84,0.839,0.831,0.81,0.638,0.754,0.826,0.853,0.831,0.824,0.819,1.0,0.82
10,y3,0.716,0.729,0.821,0.79,0.822,0.817,0.823,0.708,0.791,0.823,0.813,0.787,0.793,0.769,0.82,1.0
11,.,1.0,0.565,0.741,0.686,0.567,0.547,0.455,0.775,0.68,0.753,0.457,0.555,0.464,0.507,0.577,0.68
11,A1_1,0.565,1.0,0.753,0.787,0.766,0.796,0.763,0.537,0.76,0.784,0.732,0.791,0.714,0.752,0.811,0.717
11,A1_2,0.741,0.753,1.0,0.812,0.733,0.647,0.664,0.678,0.824,0.877,0.661,0.644,0.615,0.659,0.738,0.808
11,A1_3,0.686,0.787,0.812,1.0,0.82,0.677,0.624,0.648,0.796,0.83,0.683,0.668,0.665,0.687,0.827,0.777
11,B1_1,0.567,0.766,0.733,0.82,1.0,0.798,0.754,0.474,0.75,0.789,0.813,0.784,0.745,0.791,0.834,0.814
11,B1_2,0.547,0.796,0.647,0.677,0.798,1.0,0.875,0.538,0.729,0.71,0.851,0.883,0.824,0.77,0.819,0.801
11,B1_3,0.455,0.763,0.664,0.624,0.754,0.875,1.0,0.48,0.703,0.633,0.833,0.878,0.807,0.732,0.797,0.805
11,A2_1,0.775,0.537,0.678,0.648,0.474,0.538,0.48,1.0,0.607,0.711,0.397,0.5,0.532,0.569,0.614,0.691
11,A2_2,0.68,0.76,0.824,0.796,0.75,0.729,0.703,0.607,1.0,0.823,0.777,0.732,0.827,0.617,0.739,0.776
11,A2_3,0.753,0.784,0.877,0.83,0.789,0.71,0.633,0.711,0.823,1.0,0.693,0.707,0.698,0.754,0.811,0.81
11,B2_1,0.457,0.732,0.661,0.683,0.813,0.851,0.833,0.397,0.777,0.693,1.0,0.798,0.872,0.737,0.842,0.795
11,B2_2,0.555,0.791,0.644,0.668,0.784,0.883,0.878,0.5,0.732,0.707,0.798,1.0,0.787,0.806,0.821,0.772
11,B2_3,0.464,0.714,0.615,0.665,0.745,0.824,0.807,0.532,0.827,0.698,0.872,0.787,1.0,0.671,0.813,0.776
11,y1,0.507,0.752,0.659,0.687,0.791,0.77,0.732,0.569,0.617,0.754,0.737,0.806,0.671,1.0,0.81,0.754
11,y2,0.577,0.811,0.738,0.827,0.834,0.819,0.797,0.614,0.739,0.811,0.842,0.821,0.813,0.81,1.0,0.809
11,y3,0.68,0.717,0.808,0.777,0.814,0.801,0.805,0.691,0.776,0.81,0.795,0.772,0.776,0.754,0.809,1.0
12,.,1.0,0.515,0.717,0.659,0.503,0.465,0.368,0.764,0.644,0.728,0.376,0.482,0.386,0.447,0.522,0.638
12,A1_1,0.515,1.0,0.74,0.775,0.759,0.782,0.745,0.513,0.753,0.772,0.718,0.777,0.704,0.735,0.802,0.702
12,A1_2,0.717,0.74,1.0,0.81,0.708,0.606,0.619,0.672,0.818,0.875,0.62,0.607,0.58,0.631,0.717,0.794
12,A1_3,0.659,0.775,0.81,1.0,0.799,0.638,0.582,0.64,0.789,0.826,0.645,0.634,0.633,0.659,0.811,0.762
12,B1_1,0.503,0.759,0.708,0.799,1.0,0.797,0.752,0.433,0.738,0.764,0.812,0.782,0.745,0.774,0.826,0.801
12,B1_2,0.465,0.782,0.606,0.638,0.797,1.0,0.877,0.481,0.708,0.669,0.854,0.884,0.827,0.744,0.802,0.777
12,B1_3,0.368,0.745,0.619,0.582,0.752,0.877,1.0,0.421,0.678,0.588,0.836,0.878,0.81,0.706,0.779,0.78
12,A2_1,0.764,0.513,0.672,0.64,0.433,0.481,0.421,1.0,0.59,0.705,0.342,0.45,0.48,0.537,0.586,0.672
12,A2_2,0.644,0.753,0.818,0.789,0.738,0.708,0.678,0.59,1.0,0.815,0.755,0.712,0.809,0.586,0.72,0.758
12,A2_3,0.728,0.772,0.875,0.826,0.764,0.669,0.588,0.705,0.815,1.0,0.651,0.67,0.663,0.727,0.792,0.796
12,B2_1,0.376,0.718,0.62,0.645,0.812,0.854,0.836,0.342,0.755,0.651,1.0,0.799,0.873,0.713,0.826,0.771
12,B2_2,0.482,0.777,0.607,0.634,0.782,0.884,0.878,0.45,0.712,0.67,0.799,1.0,0.788,0.785,0.807,0.752
12,B2_3,0.386,0.704,0.58,0.633,0.745,0.827,0.81,0.48,0.809,0.663,0.873,0.788,1.0,0.646,0.797,0.754
12,y1,0.447,0.735,0.631,0.659,0.774,0.744,0.706,0.537,0.586,0.727,0.713,0.785,0.646,1.0,0.798,0.737
12,y2,0.522,0.802,0.717,0.811,0.826,0.802,0.779,0.586,0.72,0.792,0.826,0.807,0.797,0.798,1.0,0.795
12,y3,0.638,0.702,0.794,0.762,0.801,0.777,0.78,0.672,0.758,0.796,0.771,0.752,0.754,0.737,0.795,1.0
13,.,1.0,0.46,0.693,0.632,0.429,0.373,0.272,0.753,0.604,0.702,0.285,0.398,0.298,0.383,0.462,0.595
13,A1_1,0.46,1.0,0.726,0.763,0.75,0.765,0.725,0.488,0.745,0.757,0.701,0.76,0.691,0.716,0.792,0.684
13,A1_2,0.693,0.726,1.0,0.808,0.678,0.558,0.566,0.668,0.811,0.873,0.572,0.563,0.539,0.6,0.695,0.778
13,A1_3,0.632,0.763,0.808,1.0,0.772,0.592,0.532,0.634,0.782,0.823,0.6,0.592,0.593,0.629,0.793,0.745
13,B1_1,0.429,0.75,0.678,0.772,1.0,0.797,0.751,0.387,0.722,0.732,0.812,0.781,0.746,0.754,0.816,0.784
13,B1_2,0.373,0.765,0.558,0.592,0.797,1.0,0.88,0.416,0.683,0.621,0.858,0.886,0.83,0.713,0.78,0.747
13,B1_3,0.272,0.725,0.566,0.532,0.751,0.88,1.0,0.354,0.648,0.535,0.839,0.879,0.813,0.674,0.756,0.748
13,A2_1,0.753,0.488,0.668,0.634,0.387,0.416,0.354,1.0,0.572,0.701,0.279,0.392,0.42,0.503,0.556,0.653
13,A2_2,0.604,0.745,0.811,0.782,0.722,0.683,0.648,0.572,1.0,0.805,0.727,0.688,0.787,0.55,0.697,0.737
13,A2_3,0.702,0.757,0.873,0.823,0.732,0.621,0.535,0.701,0.805,1.0,0.602,0.625,0.619,0.698,0.771,0.781
13,B2_1,0.285,0.701,0.572,0.6,0.812,0.858,0.839,0.279,0.727,0.602,1.0,0.802,0.875,0.685,0.806,0.74
13,B2_2,0.398,0.76,0.563,0.592,0.781,0.886,0.879,0.392,0.688,0.625,0.802,1.0,0.79,0.758,0.789,0.725
13,B2_3,0.298,0.691,0.539,0.593,0.746,0.83,0.813,0.42,0.787,0.619,0.875,0.79,1.0,0.616,0.777,0.725
13,y1,0.383,0.716,0.6,0.629,0.754,0.713,0.674,0.503,0.55,0.698,0.685,0.758,0.616,1.0,0.785,0.717
13,y2,0.462,0.792,0.695,0.793,0.816,0.78,0.756,0.556,0.697,0.771,0.806,0.789,0.777,0.785,1.0,0.78
13,y3,0.595,0.684,0.778,0.745,0.784,0.747,0.748,0.653,0.737,0.781,0.74,0.725,0.725,0.717,0.78,1.0
14,.,1.0,0.403,0.669,0.606,0.346,0.272,0.167,0.744,0.562,0.676,0.186,0.305,0.201,0.319,0.402,0.553
14,A1_1,0.403,1.0,0.711,0.749,0.739,0.743,0.7,0.463,0.736,0.741,0.68,0.739,0.674,0.693,0.781,0.662
14,A1_2,0.669,0.711,1.0,0.807,0.639,0.5,0.505,0.666,0.804,0.871,0.515,0.511,0.489,0.566,0.671,0.762
14,A1_3,0.606,0.749,0.807,1.0,0.737,0.537,0.473,0.63,0.774,0.82,0.545,0.542,0.545,0.595,0.773,0.727
14,B1_1,0.346,0.739,0.639,0.737,1.0,0.797,0.75,0.332,0.703,0.692,0.812,0.78,0.747,0.728,0.801,0.76
14,B1_2,0.272,0.743,0.5,0.537,0.797,1.0,0.882,0.342,0.651,0.562,0.861,0.887,0.834,0.673,0.751,0.707
14,B1_3,0.167,0.7,0.505,0.473,0.75,0.882,1.0,0.279,0.613,0.473,0.843,0.88,0.817,0.635,0.726,0.708
14,A2_1,0.744,0.463,0.666,0.63,0.332,0.342,0.279,1.0,0.554,0.699,0.209,0.326,0.352,0.47,0.527,0.635
14,A2_2,0.562,0.736,0.804,0.774,0.703,0.651,0.613,0.554,1.0,0.794,0.694,0.658,0.759,0.51,0.671,0.711
14,A2_3,0.676,0.741,0.871,0.82,0.692,0.562,0.473,0.699,0.794,1.0,0.543,0.571,0.567,0.666,0.748,0.765
14,B2_1,0.186,0.68,0.515,0.545,0.812,0.861,0.843,0.209,0.694,0.543,1.0,0.805,0.877,0.649,0.78,0.7
14,B2_2,0.305,0.739,0.511,0.542,0.78,0.887,0.88,0.326,0.658,0.571,0.805,1.0,0.792,0.724,0.765,0.691
14,B2_3,0.201,0.674,0.489,0.545,0.747,0.834,0.817,0.352,0.759,0.567,0.877,0.792,1.0,0.58,0.75,0.687
14,y1,0.319,0.693,0.566,0.595,0.728,0.673,0.635,0.47,0.51,0.666,0.649,0.724,0.58,1.0,0.771,0.696
14,y2,0.402,0.781,0.671,0.773,0.801,0.751,0.726,0.527,0.671,0.748,0.78,0.765,0.75,0.771,1.0,0.762
14,y3,0.553,0.662,0.762,0.727,0.76,0.707,0.708,0.635,0.711,0.765,0.7,0.691,0.687,0.696,0.762,1.0
15,.,1.0,0.348,0.646,0.582,0.255,0.164,0.058,0.736,0.521,0.652,0.082,0.206,0.099,0.261,0.345,0.514
15,A1_1,0.348,1.0,0.696,0.734,0.724,0.714,0.668,0.439,0.727,0.724,0.653,0.713,0.653,0.667,0.766,0.638
15,A1_2,0.646,0.696,1.0,0.807,0.593,0.433,0.434,0.667,0.797,0.871,0.449,0.45,0.432,0.532,0.646,0.746
15,A1_3,0.582,0.734,0.807,1.0,0.693,0.471,0.405,0.629,0.766,0.819,0.482,0.483,0.489,0.561,0.752,0.709
15,B1_1,0.255,0.724,0.593,0.693,1.0,0.797,0.75,0.271,0.679,0.642,0.813,0.78,0.75,0.695,0.779,0.728
15,B1_2,0.164,0.714,0.433,0.471,0.797,1.0,0.885,0.259,0.613,0.491,0.865,0.889,0.838,0.623,0.711,0.654
15,B1_3,0.058,0.668,0.434,0.405,0.75,0.885,1.0,0.196,0.57,0.4,0.847,0.882,0.821,0.587,0.687,0.656
15,A2_1,0.736,0.439,0.667,0.629,0.271,0.259,0.196,1.0,0.538,0.7,0.132,0.253,0.276,0.439,0.5,0.62
15,A2_2,0.521,0.727,0.797,0.766,0.679,0.613,0.57,0.538,1.0,0.783,0.655,0.623,0.726,0.465,0.64,0.683
15,A2_3,0.652,0.724,0.871,0.819,0.642,0.491,0.4,0.7,0.783,1.0,0.475,0.507,0.506,0.633,0.723,0.749
15,B2_1,0.082,0.653,0.449,0.482,0.813,0.865,0.847,0.132,0.655,0.475,1.0,0.809,0.879,0.605,0.745,0.65
15,B2_2,0.206,0.713,0.45,0.483,0.78,0.889,0.882,0.253,0.623,0.507,0.809,1.0,0.795,0.682,0.732,0.647
15,B2_3,0.099,0.653,0.432,0.489,0.75,0.838,0.821,0.276,0.726,0.506,0.879,0.795,1.0,0.535,0.715,0.64
15,y1,0.261,0.667,0.532,0.561,0.695,0.623,0.587,0.439,0.465,0.633,0.605,0.682,0.535,1.0,0.756,0.674
15,y2,0.345,0.766,0.646,0.752,0.779,0.711,0.687,0.5,0.64,0.723,0.745,0.732,0.715,0.756,1.0,0.742
15,y3,0.514,0.638,0.746,0.709,0.728,0.654,0.656,0.62,0.683,0.749,0.65,0.647,0.64,0.674,0.742,1.0
16,.,1.0,0.295,0.626,0.561,0.161,0.057,-0.048,0.73,0.483,0.63,-0.019,0.104,-0.003,0.209,0.293,0.481
16,A1_1,0.295,1.0,0.681,0.72,0.705,0.682,0.633,0.418,0.717,0.708,0.623,0.682,0.629,0.639,0.751,0.612
16,A1_2,0.626,0.681,1.0,0.809,0.539,0.361,0.358,0.672,0.791,0.871,0.379,0.382,0.369,0.499,0.622,0.73
16,A1_3,0.561,0.72,0.809,1.0,0.641,0.4,0.333,0.632,0.759,0.819,0.414,0.417,0.428,0.526,0.731,0.693
16,B1_1,0.161,0.705,0.539,0.641,1.0,0.801,0.753,0.205,0.65,0.584,0.817,0.782,0.755,0.655,0.751,0.686
16,B1_2,0.057,0.682,0.361,0.4,0.801,1.0,0.889,0.173,0.569,0.415,0.871,0.892,0.843,0.567,0.665,0.592
16,B1_3,-0.048,0.633,0.358,0.333,0.753,0.889,1.0,0.112,0.523,0.323,0.852,0.885,0.828,0.533,0.641,0.594
16,A2_1,0.73,0.418,0.672,0.632,0.205,0.173,0.112,1.0,0.525,0.703,0.054,0.174,0.197,0.412,0.477,0.61
16,A2_2,0.483,0.717,0.791,0.759,0.65,0.569,0.523,0.525,1.0,0.772,0.61,0.582,0.687,0.418,0.607,0.651
16,A2_3,0.63,0.708,0.871,0.819,0.584,0.415,0.323,0.703,0.772,1.0,0.402,0.435,0.438,0.6,0.699,0.734
16,B2_1,-0.019,0.623,0.379,0.414,0.817,0.871,0.852,0.054,0.61,0.402,1.0,0.816,0.883,0.556,0.703,0.591
16,B2_2,0.104,0.682,0.382,0.417,0.782,0.892,0.885,0.174,0.582,0.435,0.816,1.0,0.801,0.632,0.693,0.592
16,B2_3,-0.003,0.629,0.369,0.428,0.755,0.843,0.828,0.197,0.687,0.438,0.883,0.801,1.0,0.485,0.674,0.583
16,y1,0.209,0.639,0.499,0.526,0.655,0.567,0.533,0.412,0.418,0.6,0.556,0.632,0.485,1.0,0.743,0.653
16,y2,0.293,0.751,0.622,0.731,0.751,0.665,0.641,0.477,0.607,0.699,0.703,0.693,0.674,0.743,1.0,0.722
16,y3,0.481,0.612,0.73,0.693,0.686,0.592,0.594,0.61,0.651,0.734,0.591,0.592,0.583,0.653,0.722,1.0
17,.,1.0,0.248,0.608,0.546,0.063,-0.051,-0.153,0.726,0.446,0.611,-0.12,0.0,-0.105,0.169,0.249,0.457
17,A1_1,0.248,1.0,0.668,0.706,0.681,0.641,0.59,0.401,0.707,0.692,0.586,0.644,0.597,0.608,0.732,0.583
17,A1_2,0.608,0.668,1.0,0.813,0.477,0.28,0.275,0.679,0.785,0.873,0.301,0.306,0.299,0.468,0.599,0.716
17,A1_3,0.546,0.706,0.813,1.0,0.579,0.318,0.25,0.639,0.753,0.821,0.336,0.341,0.357,0.493,0.709,0.677
17,B1_1,0.063,0.681,0.477,0.579,1.0,0.804,0.756,0.132,0.614,0.516,0.82,0.785,0.761,0.604,0.711,0.629
17,B1_2,-0.051,0.641,0.28,0.318,0.804,1.0,0.893,0.08,0.517,0.328,0.876,0.895,0.848,0.496,0.601,0.511
17,B1_3,-0.153,0.59,0.275,0.25,0.756,0.893,1.0,0.022,0.468,0.237,0.857,0.888,0.834,0.466,0.58,0.516
17,A2_1,0.726,0.401,0.679,0.639,0.132,0.08,0.022,1.0,0.513,0.71,-0.029,0.089,0.111,0.391,0.46,0.606
17,A2_2,0.446,0.707,0.785,0.753,0.614,0.517,0.468,0.513,1.0,0.762,0.558,0.533,0.64,0.366,0.568,0.614
17,A2_3,0.611,0.692,0.873,0.821,0.516,0.328,0.237,0.71,0.762,1.0,0.318,0.353,0.361,0.568,0.676,0.721
17,B2_1,-0.12,0.586,0.301,0.336,0.82,0.876,0.857,-0.029,0.558,0.318,1.0,0.823,0.887,0.494,0.647,0.515
17,B2_2,0.0,0.644,0.306,0.341,0.785,0.895,0.888,0.089,0.533,0.353,0.823,1.0,0.807,0.57,0.639,0.521
17,B2_3,-0.105,0.597,0.299,0.357,0.761,0.848,0.834,0.111,0.64,0.361,0.887,0.807,1.0,0.424,0.618,0.51
17,y1,0.169,0.608,0.468,0.493,0.604,0.496,0.466,0.391,0.366,0.568,0.494,0.57,0.424,1.0,0.732,0.634
17,y2,0.249,0.732,0.599,0.709,0.711,0.601,0.58,0.46,0.568,0.676,0.647,0.639,0.618,0.732,1.0,0.702
17,y3,0.457,0.583,0.716,0.677,0.629,0.511,0.516,0.606,0.614,0.721,0.515,0.521,0.51,0.634,0.702,1.0
18,.,1.0,0.209,0.593,0.534,-0.033,-0.151,-0.249,0.724,0.417,0.598,-0.212,-0.098,-0.201,0.142,0.218,0.443
18,A1_1,0.209,1.0,0.66,0.696,0.65,0.593,0.542,0.391,0.699,0.679,0.544,0.599,0.561,0.578,0.711,0.553
18,A1_2,0.593,0.66,1.0,0.819,0.409,0.198,0.191,0.689,0.783,0.876,0.223,0.228,0.228,0.443,0.58,0.704
18,A1_3,0.534,0.696,0.819,1.0,0.509,0.233,0.166,0.65,0.749,0.826,0.256,0.261,0.283,0.465,0.69,0.665
18,B1_1,-0.033,0.65,0.409,0.509,1.0,0.809,0.763,0.058,0.572,0.439,0.827,0.791,0.771,0.544,0.658,0.559
18,B1_2,-0.151,0.593,0.198,0.233,0.809,1.0,0.897,-0.011,0.46,0.237,0.881,0.899,0.855,0.418,0.526,0.418
18,B1_3,-0.249,0.542,0.191,0.166,0.763,0.897,1.0,-0.065,0.408,0.149,0.863,0.893,0.842,0.394,0.509,0.426
18,A2_1,0.724,0.391,0.689,0.65,0.058,-0.011,-0.065,1.0,0.508,0.721,-0.108,0.005,0.027,0.379,0.452,0.609
18,A2_2,0.417,0.699,0.783,0.749,0.572,0.46,0.408,0.508,1.0,0.754,0.502,0.478,0.588,0.317,0.528,0.575
18,A2_3,0.598,0.679,0.876,0.826,0.439,0.237,0.149,0.721,0.754,1.0,0.233,0.266,0.28,0.541,0.657,0.712
18,B2_1,-0.212,0.544,0.223,0.256,0.827,0.881,0.863,-0.108,0.502,0.233,1.0,0.832,0.892,0.428,0.58,0.429
18,B2_2,-0.098,0.599,0.228,0.261,0.791,0.899,0.893,0.005,0.478,0.266,0.832,1.0,0.815,0.5,0.573,0.437
18,B2_3,-0.201,0.561,0.228,0.283,0.771,0.855,0.842,0.027,0.588,0.28,0.892,0.815,1.0,0.358,0.552,0.426
18,y1,0.142,0.578,0.443,0.465,0.544,0.418,0.394,0.379,0.317,0.541,0.428,0.5,0.358,1.0,0.725,0.622
18,y2,0.218,0.711,0.58,0.69,0.658,0.526,0.509,0.452,0.528,0.657,0.58,0.573,0.552,0.725,1.0,0.685
18,y3,0.443,0.553,0.704,0.665,0.559,0.418,0.426,0.609,0.575,0.712,0.429,0.437,0.426,0.622,0.685,1.0
19,.,1.0,0.178,0.581,0.525,-0.126,-0.241,-0.335,0.721,0.393,0.585,-0.296,-0.189,-0.29,0.127,0.199,0.437
19,A1_1,0.178,1.0,0.656,0.689,0.613,0.54,0.488,0.389,0.693,0.672,0.496,0.548,0.52,0.548,0.689,0.525
19,A1_2,0.581,0.656,1.0,0.827,0.336,0.115,0.107,0.702,0.783,0.88,0.143,0.148,0.154,0.423,0.565,0.695
19,A1_3,0.525,0.689,0.827,1.0,0.432,0.147,0.082,0.665,0.747,0.832,0.174,0.179,0.205,0.442,0.674,0.655
19,B1_1,-0.126,0.613,0.336,0.432,1.0,0.817,0.772,-0.017,0.523,0.358,0.834,0.798,0.782,0.476,0.591,0.473
19,B1_2,-0.241,0.54,0.115,0.147,0.817,1.0,0.902,-0.097,0.398,0.147,0.888,0.904,0.862,0.334,0.438,0.314
19,B1_3,-0.335,0.488,0.107,0.082,0.772,0.902,1.0,-0.147,0.345,0.063,0.87,0.898,0.851,0.316,0.426,0.327
19,A2_1,0.721,0.389,0.702,0.665,-0.017,-0.097,-0.147,1.0,0.508,0.733,-0.184,-0.078,-0.056,0.376,0.453,0.619
19,A2_2,0.393,0.693,0.783,0.747,0.523,0.398,0.345,0.508,1.0,0.748,0.44,0.418,0.529,0.27,0.485,0.534
19,A2_3,0.585,0.672,0.88,0.832,0.358,0.147,0.063,0.733,0.748,1.0,0.148,0.179,0.197,0.52,0.642,0.706
19,B2_1,-0.296,0.496,0.143,0.174,0.834,0.888,0.87,-0.184,0.44,0.148,1.0,0.842,0.897,0.354,0.501,0.332
19,B2_2,-0.189,0.548,0.148,0.179,0.798,0.904,0.898,-0.078,0.418,0.179,0.842,1.0,0.824,0.422,0.495,0.342
19,B2_3,-0.29,0.52,0.154,0.205,0.782,0.862,0.851,-0.056,0.529,0.197,0.897,0.824,1.0,0.286,0.472,0.33
19,y1,0.127,0.548,0.423,0.442,0.476,0.334,0.316,0.376,0.27,0.52,0.354,0.422,0.286,1.0,0.725,0.617
19,y2,0.199,0.689,0.565,0.674,0.591,0.438,0.426,0.453,0.485,0.642,0.501,0.495,0.472,0.725,1.0,0.675
19,y3,0.437,0.525,0.695,0.655,0.473,0.314,0.327,0.619,0.534,0.706,0.332,0.342,0.33,0.617,0.675,1.0
20,.,1.0,0.156,0.571,0.519,-0.211,-0.319,-0.408,0.718,0.375,0.574,-0.368,-0.273,-0.368,0.121,0.191,0.436
20,A1_1,0.156,1.0,0.658,0.688,0.57,0.482,0.431,0.397,0.69,0.672,0.445,0.492,0.474,0.523,0.668,0.502
20,A1_2,0.571,0.658,1.0,0.837,0.262,0.037,0.029,0.717,0.787,0.886,0.068,0.07,0.084,0.41,0.556,0.687
20,A1_3,0.519,0.688,0.837,1.0,0.354,0.065,0.004,0.683,0.75,0.841,0.097,0.098,0.132,0.427,0.661,0.649
20,B1_1,-0.211,0.57,0.262,0.354,1.0,0.826,0.783,-0.087,0.47,0.279,0.844,0.808,0.796,0.404,0.513,0.381
20,B1_2,-0.319,0.482,0.037,0.065,0.826,1.0,0.907,-0.175,0.333,0.064,0.895,0.909,0.87,0.25,0.343,0.208
20,B1_3,-0.408,0.431,0.029,0.004,0.783,0.907,1.0,-0.219,0.28,-0.016,0.877,0.904,0.86,0.241,0.338,0.227
20,A2_1,0.718,0.397,0.717,0.683,-0.087,-0.175,-0.219,1.0,0.516,0.747,-0.25,-0.155,-0.131,0.38,0.463,0.631
20,A2_2,0.375,0.69,0.787,0.75,0.47,0.333,0.28,0.516,1.0,0.748,0.376,0.354,0.467,0.23,0.445,0.496
20,A2_3,0.574,0.672,0.886,0.841,0.279,0.064,-0.016,0.747,0.748,1.0,0.07,0.094,0.12,0.506,0.634,0.704
20,B2_1,-0.368,0.445,0.068,0.097,0.844,0.895,0.877,-0.25,0.376,0.07,1.0,0.853,0.904,0.282,0.414,0.234
20,B2_2,-0.273,0.492,0.07,0.098,0.808,0.909,0.904,-0.155,0.354,0.094,0.853,1.0,0.836,0.341,0.406,0.243
20,B2_3,-0.368,0.474,0.084,0.132,0.796,0.87,0.86,-0.131,0.467,0.12,0.904,0.836,1.0,0.215,0.386,0.232
20,y1,0.121,0.523,0.41,0.427,0.404,0.25,0.241,0.38,0.23,0.506,0.282,0.341,0.215,1.0,0.732,0.623
20,y2,0.191,0.668,0.556,0.661,0.513,0.343,0.338,0.463,0.445,0.634,0.414,0.406,0.386,0.732,1.0,0.674
20,y3,0.436,0.502,0.687,0.649,0.381,0.208,0.227,0.631,0.496,0.704,0.234,0.243,0.232,0.623,0.674,1.0
21,.,1.0,0.139,0.559,0.511,-0.291,-0.386,-0.471,0.712,0.362,0.561,-0.43,-0.347,-0.438,0.12,0.187,0.435
21,A1_1,0.139,1.0,0.667,0.693,0.521,0.42,0.371,0.414,0.691,0.679,0.39,0.43,0.425,0.503,0.649,0.484
21,A1_2,0.559,0.667,1.0,0.847,0.19,-0.034,-0.041,0.733,0.795,0.892,0.0,-0.003,0.019,0.401,0.55,0.679
21,A1_3,0.511,0.693,0.847,1.0,0.275,-0.009,-0.067,0.701,0.757,0.85,0.026,0.021,0.062,0.416,0.65,0.644
21,B1_1,-0.291,0.521,0.19,0.275,1.0,0.837,0.796,-0.153,0.41,0.201,0.855,0.82,0.811,0.329,0.428,0.285
21,B1_2,-0.386,0.42,-0.034,-0.009,0.837,1.0,0.912,-0.244,0.266,-0.012,0.901,0.916,0.879,0.169,0.248,0.105
21,B1_3,-0.471,0.371,-0.041,-0.067,0.796,0.912,1.0,-0.283,0.213,-0.085,0.885,0.911,0.87,0.168,0.25,0.131
21,A2_1,0.712,0.414,0.733,0.701,-0.153,-0.244,-0.283,1.0,0.531,0.762,-0.308,-0.225,-0.198,0.387,0.477,0.644
21,A2_2,0.362,0.691,0.795,0.757,0.41,0.266,0.213,0.531,1.0,0.753,0.309,0.286,0.4,0.197,0.407,0.46
21,A2_3,0.561,0.679,0.892,0.85,0.201,-0.012,-0.085,0.762,0.753,1.0,-0.0,0.016,0.049,0.497,0.629,0.702
21,B2_1,-0.43,0.39,0.0,0.026,0.855,0.901,0.885,-0.308,0.309,-0.0,1.0,0.865,0.91,0.212,0.326,0.14
21,B2_2,-0.347,0.43,-0.003,0.021,0.82,0.916,0.911,-0.225,0.286,0.016,0.865,1.0,0.848,0.26,0.315,0.143
21,B2_3,-0.438,0.425,0.019,0.062,0.811,0.879,0.87,-0.198,0.4,0.049,0.91,0.848,1.0,0.146,0.297,0.135
21,y1,0.12,0.503,0.401,0.416,0.329,0.169,0.168,0.387,0.197,0.497,0.212,0.26,0.146,1.0,0.745,0.637
21,y2,0.187,0.649,0.55,0.65,0.428,0.248,0.25,0.477,0.407,0.629,0.326,0.315,0.297,0.745,1.0,0.681
21,y3,0.435,0.484,0.679,0.644,0.285,0.105,0.131,0.644,0.46,0.702,0.14,0.143,0.135,0.637,0.681,1.0
22,.,1.0,0.13,0.546,0.503,-0.363,-0.445,-0.525,0.705,0.351,0.547,-0.485,-0.413,-0.5,0.125,0.19,0.437
22,A1_1,0.13,1.0,0.681,0.704,0.465,0.353,0.307,0.439,0.695,0.692,0.331,0.364,0.371,0.489,0.631,0.473
22,A1_2,0.546,0.681,1.0,0.858,0.122,-0.099,-0.106,0.749,0.806,0.898,-0.062,-0.07,-0.039,0.398,0.547,0.673
22,A1_3,0.503,0.704,0.858,1.0,0.198,-0.081,-0.133,0.72,0.766,0.861,-0.042,-0.051,-0.003,0.413,0.642,0.641
22,B1_1,-0.363,0.465,0.122,0.198,1.0,0.848,0.808,-0.214,0.346,0.127,0.865,0.832,0.825,0.255,0.335,0.185
22,B1_2,-0.445,0.353,-0.099,-0.081,0.848,1.0,0.916,-0.307,0.198,-0.082,0.908,0.921,0.887,0.091,0.149,0.003
22,B1_3,-0.525,0.307,-0.106,-0.133,0.808,0.916,1.0,-0.34,0.146,-0.148,0.891,0.917,0.879,0.1,0.16,0.036
22,A2_1,0.705,0.439,0.749,0.72,-0.214,-0.307,-0.34,1.0,0.549,0.777,-0.361,-0.29,-0.259,0.4,0.496,0.659
22,A2_2,0.351,0.695,0.806,0.766,0.346,0.198,0.146,0.549,1.0,0.761,0.24,0.217,0.332,0.172,0.374,0.428
22,A2_3,0.547,0.692,0.898,0.861,0.127,-0.082,-0.148,0.777,0.761,1.0,-0.065,-0.056,-0.015,0.494,0.628,0.702
22,B2_1,-0.485,0.331,-0.062,-0.042,0.865,0.908,0.891,-0.361,0.24,-0.065,1.0,0.876,0.916,0.145,0.235,0.046
22,B2_2,-0.413,0.364,-0.07,-0.051,0.832,0.921,0.917,-0.29,0.217,-0.056,0.876,1.0,0.859,0.183,0.22,0.045
22,B2_3,-0.5,0.371,-0.039,-0.003,0.825,0.887,0.879,-0.259,0.332,-0.015,0.916,0.859,1.0,0.082,0.206,0.041
22,y1,0.125,0.489,0.398,0.413,0.255,0.091,0.1,0.4,0.172,0.494,0.145,0.183,0.082,1.0,0.764,0.66
22,y2,0.19,0.631,0.547,0.642,0.335,0.149,0.16,0.496,0.374,0.628,0.235,0.22,0.206,0.764,1.0,0.698
22,y3,0.437,0.473,0.673,0.641,0.185,0.003,0.036,0.659,0.428,0.702,0.046,0.045,0.041,0.66,0.698,1.0
23,.,1.0,0.122,0.529,0.49,-0.427,-0.493,-0.569,0.693,0.338,0.529,-0.53,-0.469,-0.552,0.122,0.188,0.427
23,A1_1,0.122,1.0,0.701,0.72,0.406,0.286,0.244,0.47,0.704,0.711,0.272,0.297,0.316,0.481,0.618,0.471
23,A1_2,0.529,0.701,1.0,0.868,0.06,-0.152,-0.158,0.763,0.818,0.904,-0.114,-0.128,-0.089,0.392,0.543,0.662
23,A1_3,0.49,0.72,0.868,1.0,0.127,-0.139,-0.187,0.738,0.776,0.87,-0.098,-0.114,-0.059,0.408,0.632,0.635
23,B1_1,-0.427,0.406,0.06,0.127,1.0,0.86,0.822,-0.267,0.285,0.061,0.876,0.845,0.841,0.191,0.249,0.102
23,B1_2,-0.493,0.286,-0.152,-0.139,0.86,1.0,0.921,-0.356,0.137,-0.138,0.914,0.928,0.895,0.03,0.065,-0.076
23,B1_3,-0.569,0.244,-0.158,-0.187,0.822,0.921,1.0,-0.386,0.087,-0.198,0.899,0.923,0.889,0.048,0.084,-0.035
23,A2_1,0.693,0.47,0.763,0.738,-0.267,-0.356,-0.386,1.0,0.569,0.79,-0.402,-0.344,-0.309,0.408,0.511,0.666
23,A2_2,0.338,0.704,0.818,0.776,0.285,0.137,0.087,0.569,1.0,0.771,0.179,0.152,0.269,0.152,0.346,0.4
23,A2_3,0.529,0.711,0.904,0.87,0.061,-0.138,-0.198,0.79,0.771,1.0,-0.117,-0.117,-0.069,0.489,0.626,0.697
23,B2_1,-0.53,0.272,-0.114,-0.098,0.876,0.914,0.899,-0.402,0.179,-0.117,1.0,0.888,0.923,0.092,0.155,-0.026
23,B2_2,-0.469,0.297,-0.128,-0.114,0.845,0.928,0.923,-0.344,0.152,-0.117,0.888,1.0,0.871,0.118,0.135,-0.034
23,B2_3,-0.552,0.316,-0.089,-0.059,0.841,0.895,0.889,-0.309,0.269,-0.069,0.923,0.871,1.0,0.031,0.126,-0.033
23,y1,0.122,0.481,0.392,0.408,0.191,0.03,0.048,0.408,0.152,0.489,0.092,0.118,0.031,1.0,0.785,0.685
23,y2,0.188,0.618,0.543,0.632,0.249,0.065,0.084,0.511,0.346,0.626,0.155,0.135,0.126,0.785,1.0,0.721
23,y3,0.427,0.471,0.662,0.635,0.102,-0.076,-0.035,0.666,0.4,0.697,-0.026,-0.034,-0.033,0.685,0.721,1.0
24,.,1.0,0.114,0.51,0.476,-0.481,-0.533,-0.605,0.676,0.326,0.507,-0.566,-0.517,-0.596,0.118,0.184,0.412
24,A1_1,0.114,1.0,0.722,0.736,0.35,0.225,0.187,0.503,0.716,0.732,0.219,0.235,0.266,0.475,0.608,0.472
24,A1_2,0.51,0.722,1.0,0.879,0.006,-0.197,-0.203,0.778,0.832,0.911,-0.157,-0.177,-0.131,0.387,0.538,0.649
24,A1_3,0.476,0.736,0.879,1.0,0.062,-0.192,-0.235,0.757,0.789,0.881,-0.149,-0.17,-0.11,0.405,0.623,0.628
24,B1_1,-0.481,0.35,0.006,0.062,1.0,0.871,0.836,-0.311,0.226,0.006,0.886,0.858,0.856,0.139,0.174,0.033
24,B1_2,-0.533,0.225,-0.197,-0.192,0.871,1.0,0.925,-0.398,0.078,-0.185,0.921,0.934,0.904,-0.018,-0.007,-0.139
24,B1_3,-0.605,0.187,-0.203,-0.235,0.836,0.925,1.0,-0.423,0.03,-0.238,0.906,0.929,0.898,0.008,0.021,-0.09
24,A2_1,0.676,0.503,0.778,0.757,-0.311,-0.398,-0.423,1.0,0.593,0.803,-0.435,-0.39,-0.35,0.413,0.524,0.667
24,A2_2,0.326,0.716,0.832,0.789,0.226,0.078,0.03,0.593,1.0,0.784,0.12,0.091,0.207,0.139,0.324,0.377
24,A2_3,0.507,0.732,0.911,0.881,0.006,-0.185,-0.238,0.803,0.784,1.0,-0.159,-0.168,-0.113,0.485,0.623,0.69
24,B2_1,-0.566,0.219,-0.157,-0.149,0.886,0.921,0.906,-0.435,0.12,-0.159,1.0,0.899,0.929,0.052,0.089,-0.081
24,B2_2,-0.517,0.235,-0.177,-0.17,0.858,0.934,0.929,-0.39,0.091,-0.168,0.899,1.0,0.883,0.065,0.063,-0.097
24,B2_3,-0.596,0.266,-0.131,-0.11,0.856,0.904,0.898,-0.35,0.207,-0.113,0.929,0.883,1.0,-0.008,0.059,-0.092
24,y1,0.118,0.475,0.387,0.405,0.139,-0.018,0.008,0.413,0.139,0.485,0.052,0.065,-0.008,1.0,0.806,0.713
24,y2,0.184,0.608,0.538,0.623,0.174,-0.007,0.021,0.524,0.324,0.623,0.089,0.063,0.059,0.806,1.0,0.746
24,y3,0.412,0.472,0.649,0.628,0.033,-0.139,-0.09,0.667,0.377,0.69,-0.081,-0.097,-0.092,0.713,0.746,1.0
25,.,1.0,0.103,0.487,0.456,-0.528,-0.566,-0.636,0.656,0.316,0.482,-0.597,-0.557,-0.634,0.11,0.176,0.389
25,A1_1,0.103,1.0,0.744,0.755,0.298,0.169,0.134,0.538,0.731,0.755,0.17,0.178,0.22,0.471,0.598,0.476
25,A1_2,0.487,0.744,1.0,0.889,-0.04,-0.234,-0.24,0.792,0.85,0.917,-0.193,-0.218,-0.165,0.381,0.532,0.632
25,A1_3,0.456,0.755,0.889,1.0,0.009,-0.233,-0.272,0.774,0.806,0.891,-0.187,-0.215,-0.147,0.402,0.612,0.618
25,B1_1,-0.528,0.298,-0.04,0.009,1.0,0.881,0.848,-0.345,0.162,-0.04,0.895,0.869,0.869,0.096,0.109,-0.021
25,B1_2,-0.566,0.169,-0.234,-0.233,0.881,1.0,0.929,-0.431,0.015,-0.223,0.926,0.939,0.91,-0.057,-0.065,-0.186
25,B1_3,-0.636,0.134,-0.24,-0.272,0.848,0.929,1.0,-0.452,-0.031,-0.269,0.912,0.935,0.906,-0.022,-0.029,-0.13
25,A2_1,0.656,0.538,0.792,0.774,-0.345,-0.431,-0.452,1.0,0.624,0.815,-0.46,-0.427,-0.381,0.417,0.533,0.663
25,A2_2,0.316,0.731,0.85,0.806,0.162,0.015,-0.031,0.624,1.0,0.803,0.058,0.025,0.143,0.133,0.31,0.36
25,A2_3,0.482,0.755,0.917,0.891,-0.04,-0.223,-0.269,0.815,0.803,1.0,-0.192,-0.209,-0.146,0.48,0.619,0.68
25,B2_1,-0.597,0.17,-0.193,-0.187,0.895,0.926,0.912,-0.46,0.058,-0.192,1.0,0.908,0.934,0.021,0.035,-0.12
25,B2_2,-0.557,0.178,-0.218,-0.215,0.869,0.939,0.935,-0.427,0.025,-0.209,0.908,1.0,0.892,0.024,0.003,-0.144
25,B2_3,-0.634,0.22,-0.165,-0.147,0.869,0.91,0.906,-0.381,0.143,-0.146,0.934,0.892,1.0,-0.037,0.005,-0.134
