,,.,A1_1,A1_2,A1_3,B1_1,B1_2,B1_3,A2_1,A2_2,A2_3,B2_1,B2_2,B2_3,y1,y2,y3
1,.,1.0,0.868,0.785,0.783,0.85,0.766,0.729,0.839,0.804,0.795,0.732,0.805,0.667,0.766,0.782,0.761
1,A1_1,0.868,1.0,0.744,0.676,0.738,0.769,0.675,0.777,0.727,0.75,0.713,0.742,0.595,0.724,0.711,0.67
1,A1_2,0.785,0.744,1.0,0.608,0.759,0.678,0.692,0.624,0.628,0.706,0.71,0.669,0.546,0.736,0.641,0.718
1,A1_3,0.783,0.676,0.608,1.0,0.72,0.802,0.699,0.655,0.755,0.736,0.694,0.687,0.67,0.688,0.759,0.795
1,B1_1,0.85,0.738,0.759,0.72,1.0,0.759,0.744,0.743,0.658,0.675,0.745,0.674,0.691,0.839,0.739,0.799
1,B1_2,0.766,0.769,0.678,0.802,0.759,1.0,0.719,0.654,0.746,0.742,0.726,0.771,0.721,0.8,0.767,0.808
1,B1_3,0.729,0.675,0.692,0.699,0.744,0.719,1.0,0.742,0.694,0.641,0.776,0.822,0.729,0.776,0.748,0.771
1,A2_1,0.839,0.777,0.624,0.655,0.743,0.654,0.742,1.0,0.672,0.682,0.706,0.817,0.592,0.669,0.736,0.671
1,A2_2,0.804,0.727,0.628,0.755,0.658,0.746,0.694,0.672,1.0,0.784,0.702,0.761,0.803,0.65,0.87,0.709
1,A2_3,0.795,0.75,0.706,0.736,0.675,0.742,0.641,0.682,0.784,1.0,0.686,0.771,0.621,0.735,0.751,0.703
1,B2_1,0.732,0.713,0.71,0.694,0.745,0.726,0.776,0.706,0.702,0.686,1.0,0.768,0.636,0.791,0.751,0.682
1,B2_2,0.805,0.742,0.669,0.687,0.674,0.771,0.822,0.817,0.761,0.771,0.768,1.0,0.68,0.752,0.796,0.735
1,B2_3,0.667,0.595,0.546,0.67,0.691,0.721,0.729,0.592,0.803,0.621,0.636,0.68,1.0,0.656,0.823,0.78
1,y1,0.766,0.724,0.736,0.688,0.839,0.8,0.776,0.669,0.65,0.735,0.791,0.752,0.656,1.0,0.711,0.757
1,y2,0.782,0.711,0.641,0.759,0.739,0.767,0.748,0.736,0.87,0.751,0.751,0.796,0.823,0.711,1.0,0.736
1,y3,0.761,0.67,0.718,0.795,0.799,0.808,0.771,0.671,0.709,0.703,0.682,0.735,0.78,0.757,0.736,1.0
2,.,1.0,0.877,0.796,0.792,0.857,0.775,0.745,0.85,0.816,0.809,0.747,0.816,0.682,0.779,0.795,0.767
2,A1_1,0.877,1.0,0.757,0.692,0.754,0.779,0.694,0.789,0.742,0.765,0.728,0.758,0.61,0.737,0.726,0.681
2,A1_2,0.796,0.757,1.0,0.63,0.774,0.698,0.711,0.645,0.65,0.724,0.728,0.691,0.568,0.752,0.664,0.73
2,A1_3,0.792,0.692,0.63,1.0,0.738,0.813,0.716,0.672,0.769,0.75,0.712,0.706,0.686,0.707,0.774,0.804
2,B1_1,0.857,0.754,0.774,0.738,1.0,0.778,0.766,0.757,0.683,0.698,0.765,0.7,0.714,0.852,0.756,0.81
2,B1_2,0.775,0.779,0.698,0.813,0.778,1.0,0.741,0.671,0.76,0.758,0.748,0.787,0.738,0.813,0.781,0.818
2,B1_3,0.745,0.694,0.711,0.716,0.766,0.741,1.0,0.757,0.716,0.665,0.793,0.838,0.749,0.792,0.766,0.782
2,A2_1,0.85,0.789,0.645,0.672,0.757,0.671,0.757,1.0,0.694,0.702,0.724,0.828,0.615,0.688,0.751,0.684
2,A2_2,0.816,0.742,0.65,0.769,0.683,0.76,0.716,0.694,1.0,0.796,0.722,0.778,0.813,0.672,0.88,0.721
2,A2_3,0.809,0.765,0.724,0.75,0.698,0.758,0.665,0.702,0.796,1.0,0.707,0.787,0.642,0.752,0.766,0.717
2,B2_1,0.747,0.728,0.728,0.712,0.765,0.748,0.793,0.724,0.722,0.707,1.0,0.788,0.66,0.805,0.767,0.7
2,B2_2,0.816,0.758,0.691,0.706,0.7,0.787,0.838,0.828,0.778,0.787,0.788,1.0,0.706,0.769,0.808,0.747
2,B2_3,0.682,0.61,0.568,0.686,0.714,0.738,0.749,0.615,0.813,0.642,0.66,0.706,1.0,0.68,0.837,0.792
2,y1,0.779,0.737,0.752,0.707,0.852,0.813,0.792,0.688,0.672,0.752,0.805,0.769,0.68,1.0,0.729,0.771
2,y2,0.795,0.726,0.664,0.774,0.756,0.781,0.766,0.751,0.88,0.766,0.767,0.808,0.837,0.729,1.0,0.749
2,y3,0.767,0.681,0.73,0.804,0.81,0.818,0.782,0.684,0.721,0.717,0.7,0.747,0.792,0.771,0.749,1.0
3,.,1.0,0.884,0.807,0.802,0.864,0.782,0.759,0.861,0.827,0.821,0.761,0.826,0.698,0.79,0.806,0.773
3,A1_1,0.884,1.0,0.771,0.711,0.77,0.79,0.712,0.802,0.757,0.78,0.743,0.773,0.63,0.75,0.742,0.694
3,A1_2,0.807,0.771,1.0,0.652,0.788,0.718,0.729,0.667,0.672,0.742,0.746,0.713,0.594,0.767,0.686,0.743
3,A1_3,0.802,0.711,0.652,1.0,0.756,0.825,0.734,0.69,0.783,0.765,0.731,0.726,0.705,0.726,0.79,0.814
3,B1_1,0.864,0.77,0.788,0.756,1.0,0.797,0.788,0.772,0.706,0.72,0.785,0.726,0.739,0.864,0.773,0.822
3,B1_2,0.782,0.79,0.718,0.825,0.797,1.0,0.764,0.689,0.775,0.773,0.77,0.804,0.76,0.827,0.796,0.828
3,B1_3,0.759,0.712,0.729,0.734,0.788,0.764,1.0,0.772,0.737,0.687,0.812,0.854,0.772,0.808,0.783,0.794
3,A2_1,0.861,0.802,0.667,0.69,0.772,0.689,0.772,1.0,0.716,0.721,0.742,0.839,0.64,0.706,0.765,0.699
3,A2_2,0.827,0.757,0.672,0.783,0.706,0.775,0.737,0.716,1.0,0.809,0.741,0.794,0.824,0.693,0.888,0.735
3,A2_3,0.821,0.78,0.742,0.765,0.72,0.773,0.687,0.721,0.809,1.0,0.727,0.801,0.665,0.767,0.781,0.732
3,B2_1,0.761,0.743,0.746,0.731,0.785,0.77,0.812,0.742,0.741,0.727,1.0,0.809,0.688,0.819,0.784,0.72
3,B2_2,0.826,0.773,0.713,0.726,0.726,0.804,0.854,0.839,0.794,0.801,0.809,1.0,0.733,0.787,0.821,0.761
3,B2_3,0.698,0.63,0.594,0.705,0.739,0.76,0.772,0.64,0.824,0.665,0.688,0.733,1.0,0.705,0.852,0.806
3,y1,0.79,0.75,0.767,0.726,0.864,0.827,0.808,0.706,0.693,0.767,0.819,0.787,0.705,1.0,0.747,0.785
3,y2,0.806,0.742,0.686,0.79,0.773,0.796,0.783,0.765,0.888,0.781,0.784,0.821,0.852,0.747,1.0,0.763
3,y3,0.773,0.694,0.743,0.814,0.822,0.828,0.794,0.699,0.735,0.732,0.72,0.761,0.806,0.785,0.763,1.0
4,.,1.0,0.89,0.815,0.81,0.868,0.787,0.768,0.869,0.836,0.831,0.769,0.831,0.711,0.797,0.814,0.777
4,A1_1,0.89,1.0,0.783,0.727,0.783,0.799,0.726,0.813,0.771,0.792,0.755,0.784,0.648,0.76,0.754,0.704
4,A1_2,0.815,0.783,1.0,0.672,0.8,0.734,0.743,0.686,0.691,0.757,0.761,0.73,0.617,0.779,0.704,0.754
4,A1_3,0.81,0.727,0.672,1.0,0.771,0.834,0.749,0.706,0.797,0.779,0.748,0.742,0.723,0.742,0.803,0.822
4,B1_1,0.868,0.783,0.8,0.771,1.0,0.813,0.806,0.785,0.726,0.737,0.802,0.748,0.761,0.874,0.788,0.831
4,B1_2,0.787,0.799,0.734,0.834,0.813,1.0,0.785,0.706,0.788,0.785,0.791,0.82,0.78,0.84,0.809,0.837
4,B1_3,0.768,0.726,0.743,0.749,0.806,0.785,1.0,0.784,0.754,0.704,0.828,0.868,0.793,0.821,0.797,0.804
4,A2_1,0.869,0.813,0.686,0.706,0.785,0.706,0.784,1.0,0.734,0.738,0.757,0.847,0.662,0.721,0.777,0.711
4,A2_2,0.836,0.771,0.691,0.797,0.726,0.788,0.754,0.734,1.0,0.82,0.758,0.807,0.833,0.711,0.895,0.747
4,A2_3,0.831,0.792,0.757,0.779,0.737,0.785,0.704,0.738,0.82,1.0,0.743,0.812,0.685,0.779,0.792,0.743
4,B2_1,0.769,0.755,0.761,0.748,0.802,0.791,0.828,0.757,0.758,0.743,1.0,0.826,0.714,0.83,0.798,0.736
4,B2_2,0.831,0.784,0.73,0.742,0.748,0.82,0.868,0.847,0.807,0.812,0.826,1.0,0.757,0.8,0.831,0.772
4,B2_3,0.711,0.648,0.617,0.723,0.761,0.78,0.793,0.662,0.833,0.685,0.714,0.757,1.0,0.728,0.864,0.819
4,y1,0.797,0.76,0.779,0.742,0.874,0.84,0.821,0.721,0.711,0.779,0.83,0.8,0.728,1.0,0.762,0.797
4,y2,0.814,0.754,0.704,0.803,0.788,0.809,0.797,0.777,0.895,0.792,0.798,0.831,0.864,0.762,1.0,0.775
4,y3,0.777,0.704,0.754,0.822,0.831,0.837,0.804,0.711,0.747,0.743,0.736,0.772,0.819,0.797,0.775,1.0
5,.,1.0,0.893,0.82,0.814,0.868,0.786,0.77,0.874,0.84,0.836,0.771,0.831,0.717,0.799,0.815,0.775
5,A1_1,0.893,1.0,0.792,0.738,0.791,0.803,0.734,0.821,0.781,0.801,0.763,0.79,0.661,0.765,0.761,0.709
5,A1_2,0.82,0.792,1.0,0.686,0.807,0.745,0.752,0.699,0.705,0.768,0.771,0.741,0.634,0.787,0.716,0.761
5,A1_3,0.814,0.738,0.686,1.0,0.781,0.84,0.759,0.718,0.806,0.788,0.759,0.753,0.735,0.752,0.812,0.828
5,B1_1,0.868,0.791,0.807,0.781,1.0,0.826,0.82,0.794,0.739,0.749,0.816,0.765,0.778,0.881,0.798,0.836
5,B1_2,0.786,0.803,0.745,0.84,0.826,1.0,0.802,0.717,0.796,0.792,0.808,0.832,0.796,0.848,0.819,0.843
5,B1_3,0.77,0.734,0.752,0.759,0.82,0.802,1.0,0.791,0.765,0.715,0.841,0.879,0.81,0.829,0.807,0.81
5,A2_1,0.874,0.821,0.699,0.718,0.794,0.717,0.791,1.0,0.747,0.749,0.767,0.852,0.678,0.731,0.785,0.717
5,A2_2,0.84,0.781,0.705,0.806,0.739,0.796,0.765,0.747,1.0,0.827,0.769,0.814,0.839,0.722,0.899,0.753
5,A2_3,0.836,0.801,0.768,0.788,0.749,0.792,0.715,0.749,0.827,1.0,0.753,0.818,0.697,0.785,0.799,0.75
5,B2_1,0.771,0.763,0.771,0.759,0.816,0.808,0.841,0.767,0.769,0.753,1.0,0.84,0.736,0.838,0.808,0.748
5,B2_2,0.831,0.79,0.741,0.753,0.765,0.832,0.879,0.852,0.814,0.818,0.84,1.0,0.776,0.81,0.838,0.778
5,B2_3,0.717,0.661,0.634,0.735,0.778,0.796,0.81,0.678,0.839,0.697,0.736,0.776,1.0,0.746,0.873,0.828
5,y1,0.799,0.765,0.787,0.752,0.881,0.848,0.829,0.731,0.722,0.785,0.838,0.81,0.746,1.0,0.771,0.805
5,y2,0.815,0.761,0.716,0.812,0.798,0.819,0.807,0.785,0.899,0.799,0.808,0.838,0.873,0.771,1.0,0.783
5,y3,0.775,0.709,0.761,0.828,0.836,0.843,0.81,0.717,0.753,0.75,0.748,0.778,0.828,0.805,0.783,1.0
6,.,1.0,0.893,0.82,0.813,0.863,0.777,0.763,0.875,0.839,0.837,0.765,0.824,0.713,0.793,0.811,0.766
6,A1_1,0.893,1.0,0.796,0.743,0.792,0.801,0.735,0.825,0.785,0.805,0.763,0.789,0.664,0.764,0.762,0.707
6,A1_2,0.82,0.796,1.0,0.692,0.808,0.749,0.753,0.705,0.71,0.772,0.773,0.745,0.641,0.789,0.721,0.762
6,A1_3,0.813,0.743,0.692,1.0,0.785,0.842,0.762,0.724,0.811,0.792,0.764,0.757,0.741,0.756,0.817,0.828
6,B1_1,0.863,0.792,0.808,0.785,1.0,0.834,0.83,0.797,0.744,0.752,0.824,0.777,0.79,0.885,0.803,0.838
6,B1_2,0.777,0.801,0.749,0.842,0.834,1.0,0.815,0.722,0.798,0.793,0.82,0.841,0.808,0.854,0.824,0.845
6,B1_3,0.763,0.735,0.753,0.762,0.83,0.815,1.0,0.793,0.768,0.717,0.851,0.886,0.822,0.833,0.812,0.811
6,A2_1,0.875,0.825,0.705,0.724,0.797,0.722,0.793,1.0,0.753,0.754,0.77,0.852,0.686,0.733,0.787,0.718
6,A2_2,0.839,0.785,0.71,0.811,0.744,0.798,0.768,0.753,1.0,0.83,0.772,0.816,0.84,0.724,0.9,0.754
6,A2_3,0.837,0.805,0.772,0.792,0.752,0.793,0.717,0.754,0.83,1.0,0.755,0.817,0.702,0.786,0.801,0.75
6,B2_1,0.765,0.763,0.773,0.764,0.824,0.82,0.851,0.77,0.772,0.755,1.0,0.849,0.751,0.842,0.814,0.752
6,B2_2,0.824,0.789,0.745,0.757,0.777,0.841,0.886,0.852,0.816,0.817,0.849,1.0,0.789,0.814,0.84,0.779
6,B2_3,0.713,0.664,0.641,0.741,0.79,0.808,0.822,0.686,0.84,0.702,0.751,0.789,1.0,0.756,0.879,0.833
6,y1,0.793,0.764,0.789,0.756,0.885,0.854,0.833,0.733,0.724,0.786,0.842,0.814,0.756,1.0,0.776,0.808
6,y2,0.811,0.762,0.721,0.817,0.803,0.824,0.812,0.787,0.9,0.801,0.814,0.84,0.879,0.776,1.0,0.786
6,y3,0.766,0.707,0.762,0.828,0.838,0.845,0.811,0.718,0.754,0.75,0.752,0.779,0.833,0.808,0.786,1.0
7,.,1.0,0.891,0.817,0.808,0.853,0.761,0.747,0.873,0.834,0.834,0.751,0.81,0.701,0.782,0.801,0.751
7,A1_1,0.891,1.0,0.796,0.744,0.789,0.795,0.728,0.825,0.785,0.806,0.757,0.783,0.66,0.759,0.758,0.699
7,A1_2,0.817,0.796,1.0,0.693,0.805,0.747,0.748,0.707,0.711,0.772,0.769,0.742,0.641,0.787,0.719,0.758
7,A1_3,0.808,0.744,0.693,1.0,0.785,0.839,0.76,0.725,0.813,0.792,0.763,0.755,0.742,0.754,0.817,0.826
7,B1_1,0.853,0.789,0.805,0.785,1.0,0.84,0.836,0.798,0.743,0.749,0.83,0.785,0.797,0.886,0.804,0.835
7,B1_2,0.761,0.795,0.747,0.839,0.84,1.0,0.824,0.722,0.795,0.788,0.83,0.848,0.817,0.855,0.826,0.843
7,B1_3,0.747,0.728,0.748,0.76,0.836,0.824,1.0,0.79,0.765,0.711,0.857,0.892,0.83,0.833,0.813,0.808
7,A2_1,0.873,0.825,0.707,0.725,0.798,0.722,0.79,1.0,0.754,0.754,0.769,0.85,0.688,0.731,0.785,0.713
7,A2_2,0.834,0.785,0.711,0.813,0.743,0.795,0.765,0.754,1.0,0.83,0.771,0.812,0.837,0.721,0.899,0.749
7,A2_3,0.834,0.806,0.772,0.792,0.749,0.788,0.711,0.754,0.83,1.0,0.751,0.811,0.698,0.781,0.798,0.744
7,B2_1,0.751,0.757,0.769,0.763,0.83,0.83,0.857,0.769,0.771,0.751,1.0,0.856,0.762,0.842,0.816,0.752
7,B2_2,0.81,0.783,0.742,0.755,0.785,0.848,0.892,0.85,0.812,0.811,0.856,1.0,0.798,0.814,0.84,0.775
7,B2_3,0.701,0.66,0.641,0.742,0.797,0.817,0.83,0.688,0.837,0.698,0.762,0.798,1.0,0.761,0.881,0.834
7,y1,0.782,0.759,0.787,0.754,0.886,0.855,0.833,0.731,0.721,0.781,0.842,0.814,0.761,1.0,0.776,0.807
7,y2,0.801,0.758,0.719,0.817,0.804,0.826,0.813,0.785,0.899,0.798,0.816,0.84,0.881,0.776,1.0,0.786
7,y3,0.751,0.699,0.758,0.826,0.835,0.843,0.808,0.713,0.749,0.744,0.752,0.775,0.834,0.807,0.786,1.0
8,.,1.0,0.886,0.81,0.798,0.836,0.736,0.722,0.867,0.825,0.827,0.727,0.789,0.679,0.765,0.785,0.73
8,A1_1,0.886,1.0,0.794,0.741,0.781,0.783,0.715,0.823,0.783,0.803,0.746,0.772,0.65,0.748,0.749,0.685
8,A1_2,0.81,0.794,1.0,0.689,0.798,0.739,0.737,0.704,0.707,0.768,0.76,0.733,0.633,0.78,0.712,0.75
8,A1_3,0.798,0.741,0.689,1.0,0.78,0.832,0.752,0.722,0.811,0.79,0.758,0.748,0.737,0.748,0.815,0.82
8,B1_1,0.836,0.781,0.798,0.78,1.0,0.843,0.84,0.794,0.737,0.74,0.833,0.79,0.801,0.885,0.803,0.83
8,B1_2,0.736,0.783,0.739,0.832,0.843,1.0,0.831,0.716,0.787,0.777,0.836,0.852,0.823,0.854,0.824,0.838
8,B1_3,0.722,0.715,0.737,0.752,0.84,0.831,1.0,0.783,0.756,0.697,0.862,0.896,0.836,0.829,0.81,0.801
8,A2_1,0.867,0.823,0.704,0.722,0.794,0.716,0.783,1.0,0.752,0.75,0.763,0.844,0.684,0.724,0.78,0.702
8,A2_2,0.825,0.783,0.707,0.811,0.737,0.787,0.756,0.752,1.0,0.827,0.763,0.803,0.829,0.712,0.895,0.74
8,A2_3,0.827,0.803,0.768,0.79,0.74,0.777,0.697,0.75,0.827,1.0,0.74,0.798,0.688,0.771,0.791,0.734
8,B2_1,0.727,0.746,0.76,0.758,0.833,0.836,0.862,0.763,0.763,0.74,1.0,0.861,0.769,0.839,0.814,0.747
8,B2_2,0.789,0.772,0.733,0.748,0.79,0.852,0.896,0.844,0.803,0.798,0.861,1.0,0.804,0.81,0.836,0.767
8,B2_3,0.679,0.65,0.633,0.737,0.801,0.823,0.836,0.684,0.829,0.688,0.769,0.804,1.0,0.762,0.882,0.831
8,y1,0.765,0.748,0.78,0.748,0.885,0.854,0.829,0.724,0.712,0.771,0.839,0.81,0.762,1.0,0.773,0.803
8,y2,0.785,0.749,0.712,0.815,0.803,0.824,0.81,0.78,0.895,0.791,0.814,0.836,0.882,0.773,1.0,0.782
8,y3,0.73,0.685,0.75,0.82,0.83,0.838,0.801,0.702,0.74,0.734,0.747,0.767,0.831,0.803,0.782,1.0
9,.,1.0,0.879,0.799,0.785,0.813,0.701,0.687,0.858,0.813,0.819,0.694,0.758,0.647,0.74,0.762,0.701
9,A1_1,0.879,1.0,0.791,0.735,0.768,0.765,0.696,0.819,0.778,0.799,0.728,0.755,0.632,0.733,0.736,0.666
9,A1_2,0.799,0.791,1.0,0.681,0.786,0.724,0.72,0.698,0.699,0.762,0.745,0.718,0.619,0.77,0.701,0.737
9,A1_3,0.785,0.735,0.681,1.0,0.77,0.82,0.738,0.716,0.808,0.785,0.747,0.736,0.726,0.738,0.81,0.811
9,B1_1,0.813,0.768,0.786,0.77,1.0,0.845,0.842,0.788,0.726,0.725,0.834,0.794,0.803,0.881,0.798,0.821
9,B1_2,0.701,0.765,0.724,0.82,0.845,1.0,0.837,0.707,0.774,0.759,0.842,0.855,0.827,0.851,0.82,0.83
9,B1_3,0.687,0.696,0.72,0.738,0.842,0.837,1.0,0.771,0.74,0.676,0.865,0.9,0.84,0.822,0.803,0.789
9,A2_1,0.858,0.819,0.698,0.716,0.788,0.707,0.771,1.0,0.746,0.743,0.753,0.835,0.675,0.713,0.771,0.687
9,A2_2,0.813,0.778,0.699,0.808,0.726,0.774,0.74,0.746,1.0,0.822,0.751,0.789,0.816,0.699,0.889,0.726
9,A2_3,0.819,0.799,0.762,0.785,0.725,0.759,0.676,0.743,0.822,1.0,0.722,0.779,0.67,0.757,0.78,0.718
9,B2_1,0.694,0.728,0.745,0.747,0.834,0.842,0.865,0.753,0.751,0.722,1.0,0.864,0.775,0.833,0.81,0.737
9,B2_2,0.758,0.755,0.718,0.736,0.794,0.855,0.9,0.835,0.789,0.779,0.864,1.0,0.807,0.803,0.829,0.754
9,B2_3,0.647,0.632,0.619,0.726,0.803,0.827,0.84,0.675,0.816,0.67,0.775,0.807,1.0,0.759,0.88,0.825
9,y1,0.74,0.733,0.77,0.738,0.881,0.851,0.822,0.713,0.699,0.757,0.833,0.803,0.759,1.0,0.766,0.796
9,y2,0.762,0.736,0.701,0.81,0.798,0.82,0.803,0.771,0.889,0.78,0.81,0.829,0.88,0.766,1.0,0.776
9,y3,0.701,0.666,0.737,0.811,0.821,0.83,0.789,0.687,0.726,0.718,0.737,0.754,0.825,0.796,0.776,1.0
10,.,1.0,0.869,0.786,0.767,0.781,0.654,0.64,0.846,0.797,0.807,0.649,0.717,0.603,0.709,0.733,0.665
10,A1_1,0.869,1.0,0.785,0.726,0.749,0.741,0.669,0.814,0.77,0.793,0.704,0.732,0.608,0.714,0.718,0.642
10,A1_2,0.786,0.785,1.0,0.669,0.768,0.703,0.695,0.689,0.688,0.754,0.722,0.697,0.598,0.756,0.686,0.721
10,A1_3,0.767,0.726,0.669,1.0,0.756,0.804,0.719,0.706,0.803,0.778,0.732,0.719,0.711,0.724,0.802,0.799
10,B1_1,0.781,0.749,0.768,0.756,1.0,0.846,0.843,0.778,0.708,0.703,0.834,0.795,0.804,0.875,0.791,0.808
10,B1_2,0.654,0.741,0.703,0.804,0.846,1.0,0.842,0.692,0.754,0.733,0.846,0.858,0.831,0.844,0.813,0.818
10,B1_3,0.64,0.669,0.695,0.719,0.843,0.842,1.0,0.755,0.718,0.646,0.868,0.902,0.843,0.811,0.793,0.773
10,A2_1,0.846,0.814,0.689,0.706,0.778,0.692,0.755,1.0,0.736,0.732,0.739,0.822,0.661,0.698,0.759,0.667
10,A2_2,0.797,0.77,0.688,0.803,0.708,0.754,0.718,0.736,1.0,0.815,0.732,0.769,0.798,0.68,0.881,0.709
10,A2_3,0.807,0.793,0.754,0.778,0.703,0.733,0.646,0.732,0.815,1.0,0.695,0.753,0.645,0.739,0.765,0.699
10,B2_1,0.649,0.704,0.722,0.732,0.834,0.846,0.868,0.739,0.732,0.695,1.0,0.866,0.779,0.824,0.803,0.723
10,B2_2,0.717,0.732,0.697,0.719,0.795,0.858,0.902,0.822,0.769,0.753,0.866,1.0,0.81,0.792,0.819,0.737
10,B2_3,0.603,0.608,0.598,0.711,0.804,0.831,0.843,0.661,0.798,0.645,0.779,0.81,1.0,0.753,0.876,0.816
10,y1,0.709,0.714,0.756,0.724,0.875,0.844,0.811,0.698,0.68,0.739,0.824,0.792,0.753,1.0,0.757,0.787
10,y2,0.733,0.718,0.686,0.802,0.791,0.813,0.793,0.759,0.881,0.765,0.803,0.819,0.876,0.757,1.0,0.767
10,y3,0.665,0.642,0.721,0.799,0.808,0.818,0.773,0.667,0.709,0.699,0.723,0.737,0.816,0.787,0.767,1.0
11,.,1.0,0.857,0.769,0.744,0.736,0.593,0.577,0.829,0.777,0.793,0.589,0.662,0.546,0.669,0.695,0.621
11,A1_1,0.857,1.0,0.777,0.714,0.724,0.708,0.633,0.806,0.761,0.785,0.672,0.702,0.575,0.69,0.696,0.612
11,A1_2,0.769,0.777,1.0,0.654,0.743,0.673,0.661,0.677,0.674,0.743,0.692,0.667,0.567,0.738,0.665,0.7
11,A1_3,0.744,0.714,0.654,1.0,0.736,0.78,0.691,0.694,0.795,0.768,0.709,0.694,0.689,0.706,0.792,0.785
11,B1_1,0.736,0.724,0.743,0.736,1.0,0.845,0.843,0.764,0.684,0.672,0.832,0.796,0.803,0.865,0.78,0.79
11,B1_2,0.593,0.708,0.673,0.78,0.845,1.0,0.845,0.672,0.726,0.697,0.85,0.86,0.833,0.833,0.801,0.8
11,B1_3,0.577,0.633,0.661,0.691,0.843,0.845,1.0,0.734,0.687,0.606,0.87,0.904,0.845,0.794,0.778,0.75
11,A2_1,0.829,0.806,0.677,0.694,0.764,0.672,0.734,1.0,0.723,0.717,0.718,0.805,0.642,0.677,0.744,0.642
11,A2_2,0.777,0.761,0.674,0.795,0.684,0.726,0.687,0.723,1.0,0.807,0.705,0.741,0.773,0.656,0.87,0.687
11,A2_3,0.793,0.785,0.743,0.768,0.672,0.697,0.606,0.717,0.807,1.0,0.66,0.717,0.61,0.715,0.745,0.675
11,B2_1,0.589,0.672,0.692,0.709,0.832,0.85,0.87,0.718,0.705,0.66,1.0,0.868,0.781,0.81,0.791,0.702
11,B2_2,0.662,0.702,0.667,0.694,0.796,0.86,0.904,0.805,0.741,0.717,0.868,1.0,0.811,0.777,0.804,0.713
11,B2_3,0.546,0.575,0.567,0.689,0.803,0.833,0.845,0.642,0.773,0.61,0.781,0.811,1.0,0.742,0.868,0.802
11,y1,0.669,0.69,0.738,0.706,0.865,0.833,0.794,0.677,0.656,0.715,0.81,0.777,0.742,1.0,0.745,0.774
11,y2,0.695,0.696,0.665,0.792,0.78,0.801,0.778,0.744,0.87,0.745,0.791,0.804,0.868,0.745,1.0,0.755
11,y3,0.621,0.612,0.7,0.785,0.79,0.8,0.75,0.642,0.687,0.675,0.702,0.713,0.802,0.774,0.755,1.0
12,.,1.0,0.843,0.753,0.72,0.681,0.518,0.5,0.809,0.755,0.78,0.516,0.593,0.476,0.623,0.651,0.571
12,A1_1,0.843,1.0,0.771,0.702,0.693,0.668,0.589,0.797,0.751,0.777,0.632,0.663,0.535,0.662,0.671,0.579
12,A1_2,0.753,0.771,1.0,0.638,0.712,0.635,0.618,0.663,0.661,0.734,0.653,0.629,0.529,0.717,0.641,0.677
12,A1_3,0.72,0.702,0.638,1.0,0.711,0.751,0.658,0.681,0.788,0.76,0.68,0.663,0.662,0.686,0.78,0.768
12,B1_1,0.681,0.693,0.712,0.711,1.0,0.844,0.842,0.746,0.654,0.634,0.83,0.797,0.802,0.853,0.766,0.767
12,B1_2,0.518,0.668,0.635,0.751,0.844,1.0,0.85,0.647,0.691,0.651,0.854,0.861,0.836,0.818,0.786,0.777
12,B1_3,0.5,0.589,0.618,0.658,0.842,0.85,1.0,0.707,0.648,0.555,0.872,0.906,0.848,0.772,0.759,0.721
12,A2_1,0.809,0.797,0.663,0.681,0.746,0.647,0.707,1.0,0.709,0.701,0.693,0.783,0.618,0.654,0.726,0.613
12,A2_2,0.755,0.751,0.661,0.788,0.654,0.691,0.648,0.709,1.0,0.799,0.672,0.706,0.74,0.629,0.857,0.663
12,A2_3,0.78,0.777,0.734,0.76,0.634,0.651,0.555,0.701,0.799,1.0,0.615,0.67,0.565,0.688,0.722,0.648
12,B2_1,0.516,0.632,0.653,0.68,0.83,0.854,0.872,0.693,0.672,0.615,1.0,0.869,0.784,0.792,0.777,0.676
12,B2_2,0.593,0.663,0.629,0.663,0.797,0.861,0.906,0.783,0.706,0.67,0.869,1.0,0.812,0.755,0.786,0.682
12,B2_3,0.476,0.535,0.529,0.662,0.802,0.836,0.848,0.618,0.74,0.565,0.784,0.812,1.0,0.727,0.858,0.783
12,y1,0.623,0.662,0.717,0.686,0.853,0.818,0.772,0.654,0.629,0.688,0.792,0.755,0.727,1.0,0.73,0.759
12,y2,0.651,0.671,0.641,0.78,0.766,0.786,0.759,0.726,0.857,0.722,0.777,0.786,0.858,0.73,1.0,0.742
12,y3,0.571,0.579,0.677,0.768,0.767,0.777,0.721,0.613,0.663,0.648,0.676,0.682,0.783,0.759,0.742,1.0
13,.,1.0,0.828,0.736,0.694,0.613,0.431,0.411,0.785,0.732,0.767,0.43,0.511,0.394,0.574,0.602,0.517
13,A1_1,0.828,1.0,0.765,0.689,0.655,0.62,0.538,0.788,0.742,0.771,0.584,0.617,0.488,0.632,0.643,0.542
13,A1_2,0.736,0.765,1.0,0.623,0.673,0.588,0.566,0.65,0.648,0.725,0.606,0.583,0.483,0.693,0.614,0.651
13,A1_3,0.694,0.689,0.623,1.0,0.681,0.715,0.617,0.666,0.782,0.751,0.646,0.626,0.629,0.664,0.767,0.75
13,B1_1,0.613,0.655,0.673,0.681,1.0,0.844,0.842,0.725,0.617,0.586,0.829,0.798,0.802,0.835,0.748,0.738
13,B1_2,0.431,0.62,0.588,0.715,0.844,1.0,0.854,0.617,0.649,0.595,0.858,0.863,0.839,0.797,0.767,0.748
13,B1_3,0.411,0.538,0.566,0.617,0.842,0.854,1.0,0.674,0.601,0.494,0.874,0.909,0.851,0.745,0.736,0.686
13,A2_1,0.785,0.788,0.65,0.666,0.725,0.617,0.674,1.0,0.694,0.683,0.663,0.755,0.588,0.627,0.705,0.581
13,A2_2,0.732,0.742,0.648,0.782,0.617,0.649,0.601,0.694,1.0,0.791,0.631,0.662,0.7,0.6,0.842,0.637
13,A2_3,0.767,0.771,0.725,0.751,0.586,0.595,0.494,0.683,0.791,1.0,0.56,0.614,0.512,0.659,0.697,0.619
13,B2_1,0.43,0.584,0.606,0.646,0.829,0.858,0.874,0.663,0.631,0.56,1.0,0.871,0.788,0.769,0.758,0.644
13,B2_2,0.511,0.617,0.583,0.626,0.798,0.863,0.909,0.755,0.662,0.614,0.871,1.0,0.814,0.729,0.763,0.645
13,B2_3,0.394,0.488,0.483,0.629,0.802,0.839,0.851,0.588,0.7,0.512,0.788,0.814,1.0,0.708,0.845,0.758
13,y1,0.574,0.632,0.693,0.664,0.835,0.797,0.745,0.627,0.6,0.659,0.769,0.729,0.708,1.0,0.714,0.744
13,y2,0.602,0.643,0.614,0.767,0.748,0.767,0.736,0.705,0.842,0.697,0.758,0.763,0.845,0.714,1.0,0.728
13,y3,0.517,0.542,0.651,0.75,0.738,0.748,0.686,0.581,0.637,0.619,0.644,0.645,0.758,0.744,0.728,1.0
14,.,1.0,0.814,0.722,0.669,0.534,0.333,0.311,0.76,0.71,0.756,0.334,0.417,0.301,0.523,0.55,0.464
14,A1_1,0.814,1.0,0.761,0.679,0.609,0.563,0.477,0.779,0.735,0.766,0.529,0.563,0.433,0.601,0.613,0.504
14,A1_2,0.722,0.761,1.0,0.61,0.625,0.532,0.504,0.636,0.637,0.72,0.549,0.527,0.429,0.669,0.586,0.623
14,A1_3,0.669,0.679,0.61,1.0,0.643,0.67,0.568,0.652,0.776,0.744,0.604,0.581,0.588,0.641,0.753,0.731
14,B1_1,0.534,0.609,0.625,0.643,1.0,0.844,0.843,0.698,0.573,0.528,0.828,0.8,0.802,0.811,0.726,0.701
14,B1_2,0.333,0.563,0.532,0.67,0.844,1.0,0.859,0.581,0.597,0.529,0.862,0.866,0.843,0.77,0.743,0.711
14,B1_3,0.311,0.477,0.504,0.568,0.843,0.859,1.0,0.635,0.544,0.422,0.877,0.911,0.854,0.708,0.705,0.641
14,A2_1,0.76,0.779,0.636,0.652,0.698,0.581,0.635,1.0,0.678,0.665,0.627,0.722,0.554,0.597,0.681,0.544
14,A2_2,0.71,0.735,0.637,0.776,0.573,0.597,0.544,0.678,1.0,0.785,0.582,0.609,0.651,0.57,0.826,0.61
14,A2_3,0.756,0.766,0.72,0.744,0.528,0.529,0.422,0.665,0.785,1.0,0.496,0.546,0.448,0.63,0.671,0.59
14,B2_1,0.334,0.529,0.549,0.604,0.828,0.862,0.877,0.627,0.582,0.496,1.0,0.873,0.793,0.738,0.734,0.606
14,B2_2,0.417,0.563,0.527,0.581,0.8,0.866,0.911,0.722,0.609,0.546,0.873,1.0,0.816,0.694,0.733,0.6
14,B2_3,0.301,0.433,0.429,0.588,0.802,0.843,0.854,0.554,0.651,0.448,0.793,0.816,1.0,0.682,0.826,0.727
14,y1,0.523,0.601,0.669,0.641,0.811,0.77,0.708,0.597,0.57,0.63,0.738,0.694,0.682,1.0,0.697,0.727
14,y2,0.55,0.613,0.586,0.753,0.726,0.743,0.705,0.681,0.826,0.671,0.734,0.733,0.826,0.697,1.0,0.713
14,y3,0.464,0.504,0.623,0.731,0.701,0.711,0.641,0.544,0.61,0.59,0.606,0.6,0.727,0.727,0.713,1.0
15,.,1.0,0.801,0.71,0.646,0.442,0.226,0.202,0.734,0.69,0.749,0.229,0.314,0.2,0.475,0.498,0.412
15,A1_1,0.801,1.0,0.76,0.67,0.553,0.496,0.407,0.77,0.729,0.763,0.463,0.498,0.368,0.568,0.581,0.465
15,A1_2,0.71,0.76,1.0,0.599,0.565,0.464,0.431,0.623,0.63,0.718,0.481,0.46,0.364,0.643,0.557,0.596
15,A1_3,0.646,0.67,0.599,1.0,0.597,0.617,0.51,0.637,0.772,0.74,0.553,0.527,0.538,0.618,0.739,0.711
15,B1_1,0.442,0.553,0.565,0.597,1.0,0.846,0.844,0.665,0.519,0.46,0.828,0.803,0.803,0.778,0.697,0.655
15,B1_2,0.226,0.496,0.464,0.617,0.846,1.0,0.864,0.539,0.536,0.451,0.867,0.869,0.847,0.733,0.711,0.664
15,B1_3,0.202,0.407,0.431,0.51,0.844,0.864,1.0,0.589,0.477,0.34,0.88,0.914,0.858,0.662,0.667,0.587
15,A2_1,0.734,0.77,0.623,0.637,0.665,0.539,0.589,1.0,0.662,0.647,0.584,0.682,0.512,0.563,0.655,0.504
15,A2_2,0.69,0.729,0.63,0.772,0.519,0.536,0.477,0.662,1.0,0.782,0.524,0.546,0.592,0.54,0.809,0.583
15,A2_3,0.749,0.763,0.718,0.74,0.46,0.451,0.34,0.647,0.782,1.0,0.421,0.466,0.375,0.601,0.644,0.563
15,B2_1,0.229,0.463,0.481,0.553,0.828,0.867,0.88,0.584,0.524,0.421,1.0,0.875,0.799,0.699,0.704,0.558
15,B2_2,0.314,0.498,0.46,0.527,0.803,0.869,0.914,0.682,0.546,0.466,0.875,1.0,0.819,0.648,0.696,0.544
15,B2_3,0.2,0.368,0.364,0.538,0.803,0.847,0.858,0.512,0.592,0.375,0.799,0.819,1.0,0.648,0.8,0.686
15,y1,0.475,0.568,0.643,0.618,0.778,0.733,0.662,0.563,0.54,0.601,0.699,0.648,0.648,1.0,0.678,0.711
15,y2,0.498,0.581,0.557,0.739,0.697,0.711,0.667,0.655,0.809,0.644,0.704,0.696,0.8,0.678,1.0,0.698
15,y3,0.412,0.465,0.596,0.711,0.655,0.664,0.587,0.504,0.583,0.563,0.558,0.544,0.686,0.711,0.698,1.0
16,.,1.0,0.79,0.704,0.628,0.345,0.118,0.091,0.71,0.675,0.745,0.121,0.207,0.096,0.435,0.452,0.369
16,A1_1,0.79,1.0,0.761,0.664,0.489,0.422,0.33,0.763,0.726,0.764,0.391,0.426,0.296,0.537,0.551,0.429
16,A1_2,0.704,0.761,1.0,0.593,0.496,0.388,0.349,0.612,0.628,0.721,0.405,0.383,0.291,0.621,0.531,0.571
16,A1_3,0.628,0.664,0.593,1.0,0.543,0.555,0.444,0.624,0.771,0.739,0.495,0.465,0.481,0.599,0.727,0.693
16,B1_1,0.345,0.489,0.496,0.543,1.0,0.849,0.847,0.625,0.457,0.384,0.828,0.808,0.806,0.734,0.66,0.6
16,B1_2,0.118,0.422,0.388,0.555,0.849,1.0,0.871,0.491,0.467,0.366,0.873,0.873,0.853,0.684,0.671,0.608
16,B1_3,0.091,0.33,0.349,0.444,0.847,0.871,1.0,0.536,0.403,0.252,0.884,0.917,0.864,0.602,0.62,0.523
16,A2_1,0.71,0.763,0.612,0.624,0.625,0.491,0.536,1.0,0.648,0.631,0.534,0.635,0.464,0.527,0.627,0.464
16,A2_2,0.675,0.726,0.628,0.771,0.457,0.467,0.403,0.648,1.0,0.782,0.458,0.475,0.523,0.515,0.793,0.561
16,A2_3,0.745,0.764,0.721,0.739,0.384,0.366,0.252,0.631,0.782,1.0,0.339,0.379,0.294,0.579,0.621,0.541
16,B2_1,0.121,0.391,0.405,0.495,0.828,0.873,0.884,0.534,0.458,0.339,1.0,0.878,0.808,0.648,0.666,0.503
16,B2_2,0.207,0.426,0.383,0.465,0.808,0.873,0.917,0.635,0.475,0.379,0.878,1.0,0.824,0.59,0.649,0.48
16,B2_3,0.096,0.296,0.291,0.481,0.806,0.853,0.864,0.464,0.523,0.294,0.808,0.824,1.0,0.603,0.766,0.636
16,y1,0.435,0.537,0.621,0.599,0.734,0.684,0.602,0.527,0.515,0.579,0.648,0.59,0.603,1.0,0.661,0.698
16,y2,0.452,0.551,0.531,0.727,0.66,0.671,0.62,0.627,0.793,0.621,0.666,0.649,0.766,0.661,1.0,0.685
16,y3,0.369,0.429,0.571,0.693,0.6,0.608,0.523,0.464,0.561,0.541,0.503,0.48,0.636,0.698,0.685,1.0
17,.,1.0,0.782,0.703,0.615,0.241,0.008,-0.021,0.691,0.665,0.746,0.011,0.097,-0.011,0.406,0.414,0.336
17,A1_1,0.782,1.0,0.764,0.661,0.414,0.339,0.245,0.756,0.726,0.767,0.309,0.344,0.216,0.508,0.523,0.396
17,A1_2,0.703,0.764,1.0,0.591,0.413,0.301,0.256,0.602,0.63,0.729,0.317,0.296,0.208,0.602,0.507,0.55
17,A1_3,0.615,0.661,0.591,1.0,0.478,0.484,0.368,0.611,0.772,0.742,0.427,0.392,0.414,0.582,0.716,0.676
17,B1_1,0.241,0.414,0.413,0.478,1.0,0.852,0.851,0.575,0.385,0.297,0.83,0.813,0.809,0.672,0.612,0.531
17,B1_2,0.008,0.339,0.301,0.484,0.852,1.0,0.877,0.433,0.388,0.272,0.879,0.877,0.859,0.618,0.62,0.538
17,B1_3,-0.021,0.245,0.256,0.368,0.851,0.877,1.0,0.472,0.32,0.156,0.888,0.92,0.869,0.525,0.561,0.446
17,A2_1,0.691,0.756,0.602,0.611,0.575,0.433,0.472,1.0,0.634,0.617,0.474,0.578,0.406,0.486,0.596,0.421
17,A2_2,0.665,0.726,0.63,0.772,0.385,0.388,0.32,0.634,1.0,0.785,0.383,0.394,0.445,0.495,0.779,0.542
17,A2_3,0.746,0.767,0.729,0.742,0.297,0.272,0.156,0.617,0.785,1.0,0.249,0.282,0.205,0.564,0.602,0.526
17,B2_1,0.011,0.309,0.317,0.427,0.83,0.879,0.888,0.474,0.383,0.249,1.0,0.881,0.816,0.582,0.616,0.437
17,B2_2,0.097,0.344,0.296,0.392,0.813,0.877,0.92,0.578,0.394,0.282,0.881,1.0,0.829,0.514,0.589,0.401
17,B2_3,-0.011,0.216,0.208,0.414,0.809,0.859,0.869,0.406,0.445,0.205,0.816,0.829,1.0,0.544,0.72,0.573
17,y1,0.406,0.508,0.602,0.582,0.672,0.618,0.525,0.486,0.495,0.564,0.582,0.514,0.544,1.0,0.645,0.688
17,y2,0.414,0.523,0.507,0.716,0.612,0.62,0.561,0.596,0.779,0.602,0.616,0.589,0.72,0.645,1.0,0.675
17,y3,0.336,0.396,0.55,0.676,0.531,0.538,0.446,0.421,0.542,0.526,0.437,0.401,0.573,0.688,0.675,1.0
18,.,1.0,0.777,0.706,0.609,0.139,-0.094,-0.123,0.678,0.66,0.748,-0.091,-0.006,-0.111,0.391,0.387,0.315
18,A1_1,0.777,1.0,0.771,0.663,0.332,0.254,0.158,0.752,0.73,0.774,0.225,0.26,0.133,0.486,0.5,0.371
18,A1_2,0.706,0.771,1.0,0.597,0.324,0.213,0.162,0.598,0.639,0.742,0.228,0.206,0.123,0.592,0.491,0.536
18,A1_3,0.609,0.663,0.597,1.0,0.405,0.407,0.288,0.602,0.777,0.749,0.354,0.316,0.341,0.573,0.71,0.664
18,B1_1,0.139,0.332,0.324,0.405,1.0,0.858,0.856,0.517,0.307,0.207,0.834,0.821,0.815,0.592,0.552,0.452
18,B1_2,-0.094,0.254,0.213,0.407,0.858,1.0,0.883,0.37,0.307,0.179,0.885,0.882,0.866,0.538,0.559,0.462
18,B1_3,-0.123,0.158,0.162,0.288,0.856,0.883,1.0,0.404,0.234,0.063,0.893,0.924,0.876,0.434,0.492,0.363
18,A2_1,0.678,0.752,0.598,0.602,0.517,0.37,0.404,1.0,0.625,0.609,0.409,0.514,0.343,0.447,0.565,0.381
18,A2_2,0.66,0.73,0.639,0.777,0.307,0.307,0.234,0.625,1.0,0.792,0.305,0.308,0.36,0.485,0.768,0.531
18,A2_3,0.748,0.774,0.742,0.749,0.207,0.179,0.063,0.609,0.792,1.0,0.16,0.186,0.116,0.56,0.592,0.52
18,B2_1,-0.091,0.225,0.228,0.354,0.834,0.885,0.893,0.409,0.305,0.16,1.0,0.885,0.827,0.501,0.557,0.365
18,B2_2,-0.006,0.26,0.206,0.316,0.821,0.882,0.924,0.514,0.308,0.186,0.885,1.0,0.835,0.423,0.519,0.317
18,B2_3,-0.111,0.133,0.123,0.341,0.815,0.866,0.876,0.343,0.36,0.116,0.827,0.835,1.0,0.47,0.663,0.502
18,y1,0.391,0.486,0.592,0.573,0.592,0.538,0.434,0.447,0.485,0.56,0.501,0.423,0.47,1.0,0.634,0.687
18,y2,0.387,0.5,0.491,0.71,0.552,0.559,0.492,0.565,0.768,0.592,0.557,0.519,0.663,0.634,1.0,0.67
18,y3,0.315,0.371,0.536,0.664,0.452,0.462,0.363,0.381,0.531,0.52,0.365,0.317,0.502,0.687,0.67,1.0
19,.,1.0,0.776,0.712,0.608,0.041,-0.184,-0.214,0.673,0.66,0.753,-0.182,-0.098,-0.202,0.388,0.372,0.306
19,A1_1,0.776,1.0,0.781,0.669,0.246,0.169,0.073,0.752,0.737,0.783,0.141,0.175,0.05,0.472,0.484,0.355
19,A1_2,0.712,0.781,1.0,0.609,0.231,0.126,0.071,0.599,0.653,0.758,0.14,0.117,0.039,0.589,0.485,0.53
19,A1_3,0.608,0.669,0.609,1.0,0.328,0.33,0.21,0.598,0.785,0.76,0.282,0.239,0.267,0.572,0.708,0.657
19,B1_1,0.041,0.246,0.231,0.328,1.0,0.865,0.864,0.451,0.227,0.119,0.839,0.83,0.823,0.498,0.482,0.367
19,B1_2,-0.184,0.169,0.126,0.33,0.865,1.0,0.891,0.305,0.227,0.092,0.892,0.888,0.875,0.448,0.49,0.381
19,B1_3,-0.214,0.073,0.071,0.21,0.864,0.891,1.0,0.332,0.152,-0.022,0.899,0.928,0.885,0.334,0.416,0.278
19,A2_1,0.673,0.752,0.599,0.598,0.451,0.305,0.332,1.0,0.62,0.608,0.341,0.446,0.276,0.411,0.537,0.348
19,A2_2,0.66,0.737,0.653,0.785,0.227,0.227,0.152,0.62,1.0,0.802,0.228,0.225,0.275,0.485,0.762,0.527
19,A2_3,0.753,0.783,0.758,0.76,0.119,0.092,-0.022,0.608,0.802,1.0,0.077,0.095,0.031,0.567,0.591,0.523
19,B2_1,-0.182,0.141,0.14,0.282,0.839,0.892,0.899,0.341,0.228,0.077,1.0,0.89,0.839,0.412,0.491,0.291
19,B2_2,-0.098,0.175,0.117,0.239,0.83,0.888,0.928,0.446,0.225,0.095,0.89,1.0,0.844,0.322,0.441,0.231
19,B2_3,-0.202,0.05,0.039,0.267,0.823,0.875,0.885,0.276,0.275,0.031,0.839,0.844,1.0,0.387,0.594,0.424
19,y1,0.388,0.472,0.589,0.572,0.498,0.448,0.334,0.411,0.485,0.567,0.412,0.322,0.387,1.0,0.631,0.694
19,y2,0.372,0.484,0.485,0.708,0.482,0.49,0.416,0.537,0.762,0.591,0.491,0.441,0.594,0.631,1.0,0.673
19,y3,0.306,0.355,0.53,0.657,0.367,0.381,0.278,0.348,0.527,0.523,0.291,0.231,0.424,0.694,0.673,1.0
20,.,1.0,0.775,0.718,0.609,-0.055,-0.266,-0.295,0.673,0.661,0.756,-0.265,-0.182,-0.285,0.393,0.365,0.303
20,A1_1,0.775,1.0,0.792,0.678,0.157,0.087,-0.009,0.754,0.746,0.793,0.06,0.093,-0.031,0.462,0.474,0.346
20,A1_2,0.718,0.792,1.0,0.625,0.134,0.04,-0.017,0.605,0.67,0.775,0.054,0.03,-0.044,0.592,0.487,0.53
20,A1_3,0.609,0.678,0.625,1.0,0.246,0.252,0.131,0.598,0.795,0.773,0.208,0.163,0.191,0.576,0.711,0.653
20,B1_1,-0.055,0.157,0.134,0.246,1.0,0.875,0.873,0.374,0.143,0.028,0.847,0.841,0.833,0.387,0.4,0.277
20,B1_2,-0.266,0.087,0.04,0.252,0.875,1.0,0.898,0.233,0.148,0.008,0.899,0.893,0.883,0.347,0.413,0.298
20,B1_3,-0.295,-0.009,-0.017,0.131,0.873,0.898,1.0,0.253,0.071,-0.103,0.904,0.931,0.893,0.227,0.332,0.192
20,A2_1,0.673,0.754,0.605,0.598,0.374,0.233,0.253,1.0,0.62,0.611,0.266,0.37,0.201,0.377,0.51,0.32
20,A2_2,0.661,0.746,0.67,0.795,0.143,0.148,0.071,0.62,1.0,0.813,0.151,0.143,0.19,0.494,0.759,0.529
20,A2_3,0.756,0.793,0.775,0.773,0.028,0.008,-0.103,0.611,0.813,1.0,-0.003,0.008,-0.051,0.58,0.597,0.531
20,B2_1,-0.265,0.06,0.054,0.208,0.847,0.899,0.904,0.266,0.151,-0.003,1.0,0.894,0.852,0.314,0.416,0.216
20,B2_2,-0.182,0.093,0.03,0.163,0.841,0.893,0.931,0.37,0.143,0.008,0.894,1.0,0.852,0.213,0.354,0.144
20,B2_3,-0.285,-0.031,-0.044,0.191,0.833,0.883,0.893,0.201,0.19,-0.051,0.852,0.852,1.0,0.294,0.516,0.344
20,y1,0.393,0.462,0.592,0.576,0.387,0.347,0.227,0.377,0.494,0.58,0.314,0.213,0.294,1.0,0.637,0.71
20,y2,0.365,0.474,0.487,0.711,0.4,0.413,0.332,0.51,0.759,0.597,0.416,0.354,0.516,0.637,1.0,0.683
20,y3,0.303,0.346,0.53,0.653,0.277,0.298,0.192,0.32,0.529,0.531,0.216,0.144,0.344,0.71,0.683,1.0
21,.,1.0,0.775,0.724,0.613,-0.14,-0.334,-0.363,0.679,0.664,0.759,-0.336,-0.253,-0.357,0.401,0.366,0.304
21,A1_1,0.775,1.0,0.804,0.69,0.07,0.011,-0.082,0.76,0.758,0.805,-0.015,0.017,-0.107,0.458,0.471,0.343
21,A1_2,0.724,0.804,1.0,0.644,0.044,-0.035,-0.094,0.616,0.69,0.793,-0.022,-0.047,-0.118,0.6,0.498,0.534
21,A1_3,0.613,0.69,0.644,1.0,0.166,0.179,0.06,0.603,0.807,0.787,0.139,0.092,0.119,0.586,0.717,0.653
21,B1_1,-0.14,0.07,0.044,0.166,1.0,0.885,0.883,0.293,0.063,-0.055,0.856,0.853,0.844,0.275,0.313,0.191
21,B1_2,-0.334,0.011,-0.035,0.179,0.885,1.0,0.905,0.163,0.075,-0.064,0.906,0.899,0.892,0.249,0.334,0.222
21,B1_3,-0.363,-0.082,-0.094,0.06,0.883,0.905,1.0,0.176,-0.002,-0.172,0.911,0.935,0.902,0.124,0.249,0.115
21,A2_1,0.679,0.76,0.616,0.603,0.293,0.163,0.176,1.0,0.625,0.621,0.192,0.294,0.127,0.351,0.487,0.301
21,A2_2,0.664,0.758,0.69,0.807,0.063,0.075,-0.002,0.625,1.0,0.825,0.081,0.066,0.108,0.509,0.759,0.536
21,A2_3,0.759,0.805,0.793,0.787,-0.055,-0.064,-0.172,0.621,0.825,1.0,-0.072,-0.067,-0.123,0.599,0.61,0.543
21,B2_1,-0.336,-0.015,-0.022,0.139,0.856,0.906,0.911,0.192,0.081,-0.072,1.0,0.9,0.865,0.219,0.339,0.149
21,B2_2,-0.253,0.017,-0.047,0.092,0.853,0.899,0.935,0.294,0.066,-0.067,0.9,1.0,0.861,0.108,0.266,0.065
21,B2_3,-0.357,-0.107,-0.118,0.119,0.844,0.892,0.902,0.127,0.108,-0.123,0.865,0.861,1.0,0.202,0.432,0.266
21,y1,0.401,0.458,0.6,0.586,0.275,0.249,0.124,0.351,0.509,0.599,0.219,0.108,0.202,1.0,0.653,0.731
21,y2,0.366,0.471,0.498,0.717,0.313,0.334,0.249,0.487,0.759,0.61,0.339,0.266,0.432,0.653,1.0,0.7
21,y3,0.304,0.343,0.534,0.653,0.191,0.222,0.115,0.301,0.536,0.543,0.149,0.065,0.266,0.731,0.7,1.0
22,.,1.0,0.775,0.728,0.616,-0.219,-0.395,-0.422,0.688,0.667,0.759,-0.398,-0.316,-0.421,0.409,0.37,0.308
22,A1_1,0.775,1.0,0.816,0.704,-0.014,-0.059,-0.15,0.768,0.771,0.816,-0.083,-0.053,-0.176,0.459,0.474,0.347
22,A1_2,0.728,0.816,1.0,0.666,-0.043,-0.103,-0.164,0.631,0.712,0.811,-0.091,-0.118,-0.186,0.611,0.515,0.544
22,A1_3,0.616,0.704,0.666,1.0,0.086,0.109,-0.007,0.612,0.819,0.803,0.074,0.024,0.049,0.6,0.726,0.656
22,B1_1,-0.219,-0.014,-0.043,0.086,1.0,0.894,0.892,0.206,-0.015,-0.132,0.864,0.864,0.855,0.165,0.224,0.108
22,B1_2,-0.395,-0.059,-0.103,0.109,0.894,1.0,0.912,0.09,0.007,-0.129,0.912,0.905,0.9,0.155,0.254,0.15
22,B1_3,-0.422,-0.15,-0.164,-0.007,0.892,0.912,1.0,0.098,-0.07,-0.232,0.916,0.939,0.911,0.029,0.166,0.044
22,A2_1,0.688,0.768,0.631,0.612,0.206,0.09,0.098,1.0,0.635,0.635,0.116,0.216,0.051,0.333,0.47,0.29
22,A2_2,0.667,0.771,0.712,0.819,-0.015,0.007,-0.07,0.635,1.0,0.838,0.015,-0.005,0.032,0.528,0.762,0.547
22,A2_3,0.759,0.816,0.811,0.803,-0.132,-0.129,-0.232,0.635,0.838,1.0,-0.134,-0.135,-0.189,0.618,0.627,0.559
22,B2_1,-0.398,-0.083,-0.091,0.074,0.864,0.912,0.916,0.116,0.015,-0.134,1.0,0.904,0.877,0.129,0.262,0.087
22,B2_2,-0.316,-0.053,-0.118,0.024,0.864,0.905,0.939,0.216,-0.005,-0.135,0.904,1.0,0.87,0.009,0.178,-0.008
22,B2_3,-0.421,-0.176,-0.186,0.049,0.855,0.9,0.911,0.051,0.032,-0.189,0.877,0.87,1.0,0.115,0.347,0.193
22,y1,0.409,0.459,0.611,0.6,0.165,0.155,0.029,0.333,0.528,0.618,0.129,0.009,0.115,1.0,0.677,0.757
22,y2,0.37,0.474,0.515,0.726,0.224,0.254,0.166,0.47,0.762,0.627,0.262,0.178,0.347,0.677,1.0,0.723
22,y3,0.308,0.347,0.544,0.656,0.108,0.15,0.044,0.29,0.547,0.559,0.087,-0.008,0.193,0.757,0.723,1.0
23,.,1.0,0.773,0.73,0.619,-0.286,-0.444,-0.469,0.7,0.669,0.757,-0.449,-0.367,-0.474,0.412,0.373,0.309
23,A1_1,0.773,1.0,0.828,0.719,-0.089,-0.12,-0.207,0.78,0.784,0.828,-0.142,-0.114,-0.236,0.46,0.479,0.354
23,A1_2,0.73,0.828,1.0,0.689,-0.118,-0.161,-0.221,0.651,0.733,0.827,-0.148,-0.177,-0.242,0.621,0.535,0.555
23,A1_3,0.619,0.719,0.689,1.0,0.014,0.048,-0.064,0.625,0.832,0.818,0.017,-0.034,-0.012,0.613,0.735,0.66
23,B1_1,-0.286,-0.089,-0.118,0.014,1.0,0.903,0.901,0.121,-0.085,-0.196,0.873,0.874,0.865,0.07,0.141,0.037
23,B1_2,-0.444,-0.12,-0.161,0.048,0.903,1.0,0.918,0.022,-0.052,-0.181,0.918,0.91,0.908,0.077,0.183,0.089
23,B1_3,-0.469,-0.207,-0.221,-0.064,0.901,0.918,1.0,0.024,-0.127,-0.279,0.922,0.942,0.919,-0.047,0.093,-0.014
23,A2_1,0.7,0.78,0.651,0.625,0.121,0.022,0.024,1.0,0.649,0.654,0.045,0.141,-0.022,0.324,0.459,0.286
23,A2_2,0.669,0.784,0.733,0.832,-0.085,-0.052,-0.127,0.649,1.0,0.851,-0.042,-0.066,-0.036,0.548,0.765,0.558
23,A2_3,0.757,0.828,0.827,0.818,-0.196,-0.181,-0.279,0.654,0.851,1.0,-0.183,-0.189,-0.241,0.635,0.645,0.574
23,B2_1,-0.449,-0.142,-0.148,0.017,0.873,0.918,0.922,0.045,-0.042,-0.183,1.0,0.909,0.889,0.056,0.193,0.036
23,B2_2,-0.367,-0.114,-0.177,-0.034,0.874,0.91,0.942,0.141,-0.066,-0.189,0.909,1.0,0.878,-0.073,0.098,-0.069
23,B2_3,-0.474,-0.236,-0.242,-0.012,0.865,0.908,0.919,-0.022,-0.036,-0.241,0.889,0.878,1.0,0.043,0.268,0.131
23,y1,0.412,0.46,0.621,0.613,0.07,0.077,-0.047,0.324,0.548,0.635,0.056,-0.073,0.043,1.0,0.705,0.783
23,y2,0.373,0.479,0.535,0.735,0.141,0.183,0.093,0.459,0.765,0.645,0.193,0.098,0.268,0.705,1.0,0.747
23,y3,0.309,0.354,0.555,0.66,0.037,0.089,-0.014,0.286,0.558,0.574,0.036,-0.069,0.131,0.783,0.747,1.0
24,.,1.0,0.768,0.727,0.617,-0.346,-0.488,-0.51,0.709,0.666,0.752,-0.493,-0.411,-0.52,0.407,0.37,0.305
24,A1_1,0.768,1.0,0.838,0.733,-0.155,-0.171,-0.255,0.792,0.796,0.838,-0.192,-0.166,-0.287,0.46,0.484,0.359
24,A1_2,0.727,0.838,1.0,0.711,-0.184,-0.209,-0.268,0.671,0.753,0.842,-0.196,-0.227,-0.29,0.629,0.554,0.564
24,A1_3,0.617,0.733,0.711,1.0,-0.051,-0.006,-0.113,0.639,0.844,0.832,-0.032,-0.084,-0.066,0.625,0.743,0.664
24,B1_1,-0.346,-0.155,-0.184,-0.051,1.0,0.912,0.909,0.039,-0.145,-0.254,0.881,0.884,0.876,-0.008,0.07,-0.019
24,B1_2,-0.488,-0.171,-0.209,-0.006,0.912,1.0,0.924,-0.042,-0.1,-0.226,0.923,0.915,0.916,0.015,0.122,0.043
24,B1_3,-0.51,-0.255,-0.268,-0.113,0.909,0.924,1.0,-0.045,-0.173,-0.318,0.927,0.945,0.926,-0.106,0.033,-0.057
24,A2_1,0.709,0.792,0.671,0.639,0.039,-0.042,-0.045,1.0,0.664,0.674,-0.021,0.07,-0.09,0.319,0.452,0.287
24,A2_2,0.666,0.796,0.753,0.844,-0.145,-0.1,-0.173,0.664,1.0,0.862,-0.089,-0.117,-0.092,0.564,0.767,0.567
24,A2_3,0.752,0.838,0.842,0.832,-0.254,-0.226,-0.318,0.674,0.862,1.0,-0.225,-0.236,-0.286,0.647,0.659,0.585
24,B2_1,-0.493,-0.192,-0.196,-0.032,0.881,0.923,0.927,-0.021,-0.089,-0.225,1.0,0.914,0.9,-0.002,0.135,-0.002
24,B2_2,-0.411,-0.166,-0.227,-0.084,0.884,0.915,0.945,0.07,-0.117,-0.236,0.914,1.0,0.886,-0.136,0.031,-0.115
24,B2_3,-0.52,-0.287,-0.29,-0.066,0.876,0.916,0.926,-0.09,-0.092,-0.286,0.9,0.886,1.0,-0.014,0.199,0.082
24,y1,0.407,0.46,0.629,0.625,-0.008,0.015,-0.106,0.319,0.564,0.647,-0.002,-0.136,-0.014,1.0,0.733,0.808
24,y2,0.37,0.484,0.554,0.743,0.07,0.122,0.033,0.452,0.767,0.659,0.135,0.031,0.199,0.733,1.0,0.771
24,y3,0.305,0.359,0.564,0.664,-0.019,0.043,-0.057,0.287,0.567,0.585,-0.002,-0.115,0.082,0.808,0.771,1.0
25,.,1.0,0.76,0.722,0.612,-0.397,-0.524,-0.543,0.716,0.66,0.742,-0.531,-0.447,-0.558,0.395,0.362,0.293
25,A1_1,0.76,1.0,0.848,0.748,-0.211,-0.213,-0.292,0.805,0.808,0.848,-0.232,-0.208,-0.328,0.459,0.489,0.362
25,A1_2,0.722,0.848,1.0,0.732,-0.241,-0.249,-0.306,0.692,0.771,0.855,-0.237,-0.269,-0.329,0.634,0.571,0.57
25,A1_3,0.612,0.748,0.732,1.0,-0.106,-0.05,-0.153,0.656,0.856,0.845,-0.074,-0.126,-0.11,0.635,0.749,0.665
25,B1_1,-0.397,-0.211,-0.241,-0.106,1.0,0.92,0.917,-0.036,-0.195,-0.299,0.889,0.893,0.885,-0.07,0.01,-0.062
25,B1_2,-0.524,-0.213,-0.249,-0.05,0.92,1.0,0.929,-0.099,-0.14,-0.259,0.928,0.92,0.922,-0.032,0.073,0.009
25,B1_3,-0.543,-0.292,-0.306,-0.153,0.917,0.929,1.0,-0.105,-0.209,-0.346,0.933,0.948,0.933,-0.148,-0.014,-0.086
25,A2_1,0.716,0.805,0.692,0.656,-0.036,-0.099,-0.105,1.0,0.682,0.695,-0.08,0.007,-0.15,0.318,0.448,0.29
25,A2_2,0.66,0.808,0.771,0.856,-0.195,-0.14,-0.209,0.682,1.0,0.872,-0.128,-0.158,-0.139,0.577,0.767,0.574
25,A2_3,0.742,0.848,0.855,0.845,-0.299,-0.259,-0.346,0.695,0.872,1.0,-0.256,-0.27,-0.32,0.655,0.671,0.592
25,B2_1,-0.531,-0.232,-0.237,-0.074,0.889,0.928,0.933,-0.08,-0.128,-0.256,1.0,0.918,0.91,-0.045,0.087,-0.028
25,B2_2,-0.447,-0.208,-0.269,-0.126,0.893,0.92,0.948,0.007,-0.158,-0.27,0.918,1.0,0.894,-0.185,-0.023,-0.148
