,,.,A1_1,A1_2,A1_3,B1_1,B1_2,B1_3,A2_1,A2_2,A2_3,B2_1,B2_2,B2_3,y1,y2,y3
1,.,1.0,0.805,0.798,0.803,0.692,0.78,0.66,0.8,0.806,0.837,0.738,0.695,0.673,0.854,0.738,0.709
1,A1_1,0.805,1.0,0.688,0.735,0.666,0.823,0.579,0.752,0.7,0.668,0.731,0.566,0.652,0.757,0.773,0.629
1,A1_2,0.798,0.688,1.0,0.792,0.656,0.633,0.697,0.687,0.842,0.662,0.603,0.705,0.755,0.737,0.676,0.803
1,A1_3,0.803,0.735,0.792,1.0,0.658,0.761,0.474,0.713,0.654,0.636,0.573,0.652,0.688,0.721,0.716,0.866
1,B1_1,0.692,0.666,0.656,0.658,1.0,0.809,0.604,0.655,0.628,0.589,0.878,0.743,0.87,0.611,0.774,0.785
1,B1_2,0.78,0.823,0.633,0.761,0.809,1.0,0.533,0.752,0.645,0.635,0.8,0.545,0.711,0.718,0.758,0.758
1,B1_3,0.66,0.579,0.697,0.474,0.604,0.533,1.0,0.39,0.669,0.516,0.606,0.399,0.612,0.706,0.486,0.507
1,A2_1,0.8,0.752,0.687,0.713,0.655,0.752,0.39,1.0,0.75,0.63,0.752,0.622,0.671,0.609,0.73,0.675
1,A2_2,0.806,0.7,0.842,0.654,0.628,0.645,0.669,0.75,1.0,0.708,0.734,0.654,0.754,0.789,0.721,0.631
1,A2_3,0.837,0.668,0.662,0.636,0.589,0.635,0.516,0.63,0.708,1.0,0.678,0.625,0.522,0.737,0.765,0.556
1,B2_1,0.738,0.731,0.603,0.573,0.878,0.8,0.606,0.752,0.734,0.678,1.0,0.629,0.739,0.608,0.735,0.654
1,B2_2,0.695,0.566,0.705,0.652,0.743,0.545,0.399,0.622,0.654,0.625,0.629,1.0,0.775,0.593,0.696,0.697
1,B2_3,0.673,0.652,0.755,0.688,0.87,0.711,0.612,0.671,0.754,0.522,0.739,0.775,1.0,0.7,0.765,0.771
1,y1,0.854,0.757,0.737,0.721,0.611,0.718,0.706,0.609,0.789,0.737,0.608,0.593,0.7,1.0,0.687,0.59
1,y2,0.738,0.773,0.676,0.716,0.774,0.758,0.486,0.73,0.721,0.765,0.735,0.696,0.765,0.687,1.0,0.68
1,y3,0.709,0.629,0.803,0.866,0.785,0.758,0.507,0.675,0.631,0.556,0.654,0.697,0.771,0.59,0.68,1.0
2,.,1.0,0.801,0.797,0.805,0.69,0.777,0.66,0.8,0.799,0.834,0.734,0.691,0.668,0.848,0.733,0.712
2,A1_1,0.801,1.0,0.689,0.736,0.664,0.82,0.579,0.753,0.699,0.668,0.728,0.566,0.65,0.754,0.774,0.632
2,A1_2,0.797,0.689,1.0,0.794,0.654,0.63,0.699,0.69,0.842,0.663,0.603,0.705,0.752,0.733,0.675,0.805
2,A1_3,0.805,0.736,0.794,1.0,0.656,0.758,0.48,0.713,0.654,0.638,0.573,0.655,0.687,0.721,0.716,0.866
2,B1_1,0.69,0.664,0.654,0.656,1.0,0.808,0.607,0.655,0.621,0.588,0.879,0.742,0.872,0.607,0.773,0.788
2,B1_2,0.777,0.82,0.63,0.758,0.808,1.0,0.535,0.753,0.638,0.632,0.799,0.545,0.711,0.715,0.758,0.76
2,B1_3,0.66,0.579,0.699,0.48,0.607,0.535,1.0,0.397,0.665,0.515,0.608,0.396,0.612,0.7,0.485,0.517
2,A2_1,0.8,0.753,0.69,0.713,0.655,0.753,0.397,1.0,0.75,0.634,0.753,0.623,0.672,0.61,0.73,0.678
2,A2_2,0.799,0.699,0.842,0.654,0.621,0.638,0.665,0.75,1.0,0.706,0.726,0.65,0.748,0.784,0.717,0.632
2,A2_3,0.834,0.668,0.663,0.638,0.588,0.632,0.515,0.634,0.706,1.0,0.678,0.624,0.521,0.733,0.765,0.56
2,B2_1,0.734,0.728,0.603,0.573,0.879,0.799,0.608,0.753,0.726,0.678,1.0,0.627,0.739,0.603,0.734,0.66
2,B2_2,0.691,0.566,0.705,0.655,0.742,0.545,0.396,0.623,0.65,0.624,0.627,1.0,0.775,0.589,0.696,0.7
2,B2_3,0.668,0.65,0.752,0.687,0.872,0.711,0.612,0.672,0.748,0.521,0.739,0.775,1.0,0.695,0.765,0.775
2,y1,0.848,0.754,0.733,0.721,0.607,0.715,0.7,0.61,0.784,0.733,0.603,0.589,0.695,1.0,0.685,0.592
2,y2,0.733,0.774,0.675,0.716,0.773,0.758,0.485,0.73,0.717,0.765,0.734,0.696,0.765,0.685,1.0,0.683
2,y3,0.712,0.632,0.805,0.866,0.788,0.76,0.517,0.678,0.632,0.56,0.66,0.7,0.775,0.592,0.683,1.0
3,.,1.0,0.799,0.796,0.807,0.691,0.776,0.664,0.8,0.794,0.833,0.733,0.69,0.667,0.845,0.73,0.717
3,A1_1,0.799,1.0,0.692,0.738,0.664,0.819,0.582,0.756,0.7,0.672,0.728,0.569,0.651,0.754,0.776,0.638
3,A1_2,0.796,0.692,1.0,0.798,0.655,0.629,0.704,0.694,0.843,0.668,0.607,0.706,0.751,0.732,0.676,0.808
3,A1_3,0.807,0.738,0.798,1.0,0.657,0.755,0.491,0.715,0.657,0.642,0.576,0.66,0.689,0.723,0.719,0.867
3,B1_1,0.691,0.664,0.655,0.657,1.0,0.809,0.616,0.657,0.616,0.59,0.881,0.744,0.875,0.606,0.774,0.792
3,B1_2,0.776,0.819,0.629,0.755,0.809,1.0,0.541,0.755,0.634,0.633,0.801,0.549,0.713,0.714,0.759,0.763
3,B1_3,0.664,0.582,0.704,0.491,0.616,0.541,1.0,0.408,0.665,0.519,0.615,0.399,0.616,0.698,0.489,0.531
3,A2_1,0.8,0.756,0.694,0.715,0.657,0.755,0.408,1.0,0.752,0.639,0.755,0.627,0.675,0.613,0.732,0.682
3,A2_2,0.794,0.7,0.843,0.657,0.616,0.634,0.665,0.752,1.0,0.707,0.721,0.649,0.743,0.782,0.716,0.635
3,A2_3,0.833,0.672,0.668,0.642,0.59,0.633,0.519,0.639,0.707,1.0,0.68,0.625,0.525,0.732,0.767,0.567
3,B2_1,0.733,0.728,0.607,0.576,0.881,0.801,0.615,0.755,0.721,0.68,1.0,0.629,0.744,0.602,0.736,0.67
3,B2_2,0.69,0.569,0.706,0.66,0.744,0.549,0.399,0.627,0.649,0.625,0.629,1.0,0.776,0.588,0.699,0.706
3,B2_3,0.667,0.651,0.751,0.689,0.875,0.713,0.616,0.675,0.743,0.525,0.744,0.776,1.0,0.692,0.767,0.78
3,y1,0.845,0.754,0.732,0.723,0.606,0.714,0.698,0.613,0.782,0.732,0.602,0.588,0.692,1.0,0.686,0.597
3,y2,0.73,0.776,0.676,0.719,0.774,0.759,0.489,0.732,0.716,0.767,0.736,0.699,0.767,0.686,1.0,0.689
3,y3,0.717,0.638,0.808,0.867,0.792,0.763,0.531,0.682,0.635,0.567,0.67,0.706,0.78,0.597,0.689,1.0
4,.,1.0,0.798,0.797,0.81,0.693,0.775,0.669,0.801,0.79,0.832,0.733,0.689,0.667,0.842,0.728,0.722
4,A1_1,0.798,1.0,0.697,0.742,0.666,0.818,0.588,0.759,0.703,0.676,0.728,0.574,0.653,0.754,0.779,0.644
4,A1_2,0.797,0.697,1.0,0.803,0.658,0.63,0.71,0.699,0.845,0.673,0.613,0.708,0.751,0.733,0.678,0.811
4,A1_3,0.81,0.742,0.803,1.0,0.658,0.754,0.503,0.717,0.661,0.648,0.581,0.666,0.692,0.726,0.722,0.868
4,B1_1,0.693,0.666,0.658,0.658,1.0,0.811,0.627,0.66,0.614,0.595,0.885,0.747,0.879,0.607,0.776,0.797
4,B1_2,0.775,0.818,0.63,0.754,0.811,1.0,0.55,0.757,0.632,0.635,0.803,0.554,0.717,0.715,0.762,0.768
4,B1_3,0.669,0.588,0.71,0.503,0.627,0.55,1.0,0.421,0.666,0.525,0.625,0.406,0.623,0.697,0.495,0.547
4,A2_1,0.801,0.759,0.699,0.717,0.66,0.757,0.421,1.0,0.754,0.645,0.757,0.632,0.679,0.616,0.734,0.687
4,A2_2,0.79,0.703,0.845,0.661,0.614,0.632,0.666,0.754,1.0,0.708,0.717,0.648,0.739,0.781,0.716,0.639
4,A2_3,0.832,0.676,0.673,0.648,0.595,0.635,0.525,0.645,0.708,1.0,0.684,0.627,0.53,0.732,0.77,0.575
4,B2_1,0.733,0.728,0.613,0.581,0.885,0.803,0.625,0.757,0.717,0.684,1.0,0.633,0.751,0.604,0.738,0.68
4,B2_2,0.689,0.574,0.708,0.666,0.747,0.554,0.406,0.632,0.648,0.627,0.633,1.0,0.778,0.59,0.703,0.713
4,B2_3,0.667,0.653,0.751,0.692,0.879,0.717,0.623,0.679,0.739,0.53,0.751,0.778,1.0,0.692,0.77,0.787
4,y1,0.842,0.754,0.733,0.726,0.607,0.715,0.697,0.616,0.781,0.732,0.604,0.59,0.692,1.0,0.688,0.604
4,y2,0.728,0.779,0.678,0.722,0.776,0.762,0.495,0.734,0.716,0.77,0.738,0.703,0.77,0.688,1.0,0.695
4,y3,0.722,0.644,0.811,0.868,0.797,0.768,0.547,0.687,0.639,0.575,0.68,0.713,0.787,0.604,0.695,1.0
5,.,1.0,0.797,0.798,0.813,0.696,0.775,0.675,0.802,0.787,0.831,0.734,0.691,0.669,0.839,0.726,0.728
5,A1_1,0.797,1.0,0.703,0.746,0.669,0.818,0.594,0.763,0.707,0.682,0.73,0.58,0.657,0.755,0.782,0.652
5,A1_2,0.798,0.703,1.0,0.807,0.662,0.632,0.718,0.704,0.848,0.679,0.62,0.711,0.752,0.734,0.681,0.815
5,A1_3,0.813,0.746,0.807,1.0,0.661,0.753,0.516,0.72,0.667,0.655,0.587,0.672,0.695,0.731,0.726,0.868
5,B1_1,0.696,0.669,0.662,0.661,1.0,0.814,0.641,0.664,0.613,0.6,0.889,0.751,0.884,0.61,0.778,0.803
5,B1_2,0.775,0.818,0.632,0.753,0.814,1.0,0.561,0.759,0.63,0.638,0.807,0.561,0.723,0.716,0.765,0.773
5,B1_3,0.675,0.594,0.718,0.516,0.641,0.561,1.0,0.436,0.668,0.533,0.638,0.417,0.633,0.698,0.504,0.564
5,A2_1,0.802,0.763,0.704,0.72,0.664,0.759,0.436,1.0,0.758,0.652,0.76,0.638,0.684,0.621,0.736,0.693
5,A2_2,0.787,0.707,0.848,0.667,0.613,0.63,0.668,0.758,1.0,0.711,0.714,0.65,0.737,0.78,0.716,0.645
5,A2_3,0.831,0.682,0.679,0.655,0.6,0.638,0.533,0.652,0.711,1.0,0.688,0.631,0.538,0.733,0.773,0.584
5,B2_1,0.734,0.73,0.62,0.587,0.889,0.807,0.638,0.76,0.714,0.688,1.0,0.64,0.759,0.607,0.741,0.692
5,B2_2,0.691,0.58,0.711,0.672,0.751,0.561,0.417,0.638,0.65,0.631,0.64,1.0,0.782,0.593,0.708,0.721
5,B2_3,0.669,0.657,0.752,0.695,0.884,0.723,0.633,0.684,0.737,0.538,0.759,0.782,1.0,0.693,0.774,0.794
5,y1,0.839,0.755,0.734,0.731,0.61,0.716,0.698,0.621,0.78,0.733,0.607,0.593,0.693,1.0,0.691,0.612
5,y2,0.726,0.782,0.681,0.726,0.778,0.765,0.504,0.736,0.716,0.773,0.741,0.708,0.774,0.691,1.0,0.702
5,y3,0.728,0.652,0.815,0.868,0.803,0.773,0.564,0.693,0.645,0.584,0.692,0.721,0.794,0.612,0.702,1.0
6,.,1.0,0.796,0.799,0.816,0.699,0.774,0.683,0.804,0.784,0.83,0.735,0.693,0.671,0.838,0.724,0.733
6,A1_1,0.796,1.0,0.71,0.75,0.673,0.818,0.601,0.768,0.711,0.689,0.732,0.588,0.661,0.757,0.786,0.66
6,A1_2,0.799,0.71,1.0,0.812,0.666,0.634,0.725,0.71,0.851,0.686,0.628,0.716,0.754,0.736,0.684,0.819
6,A1_3,0.816,0.75,0.812,1.0,0.663,0.752,0.529,0.724,0.673,0.662,0.593,0.679,0.698,0.735,0.729,0.869
6,B1_1,0.699,0.673,0.666,0.663,1.0,0.817,0.655,0.668,0.613,0.606,0.893,0.756,0.889,0.615,0.78,0.809
6,B1_2,0.774,0.818,0.634,0.752,0.817,1.0,0.573,0.761,0.63,0.642,0.811,0.57,0.73,0.719,0.768,0.779
6,B1_3,0.683,0.601,0.725,0.529,0.655,0.573,1.0,0.451,0.672,0.542,0.651,0.43,0.645,0.7,0.513,0.582
6,A2_1,0.804,0.768,0.71,0.724,0.668,0.761,0.451,1.0,0.761,0.659,0.763,0.645,0.688,0.627,0.738,0.698
6,A2_2,0.784,0.711,0.851,0.673,0.613,0.63,0.672,0.761,1.0,0.715,0.712,0.653,0.734,0.78,0.717,0.65
6,A2_3,0.83,0.689,0.686,0.662,0.606,0.642,0.542,0.659,0.715,1.0,0.693,0.636,0.547,0.734,0.776,0.593
6,B2_1,0.735,0.732,0.628,0.593,0.893,0.811,0.651,0.763,0.712,0.693,1.0,0.648,0.769,0.612,0.745,0.704
6,B2_2,0.693,0.588,0.716,0.679,0.756,0.57,0.43,0.645,0.653,0.636,0.648,1.0,0.787,0.598,0.713,0.729
6,B2_3,0.671,0.661,0.754,0.698,0.889,0.73,0.645,0.688,0.734,0.547,0.769,0.787,1.0,0.695,0.778,0.802
6,y1,0.838,0.757,0.736,0.735,0.615,0.719,0.7,0.627,0.78,0.734,0.612,0.598,0.695,1.0,0.695,0.62
6,y2,0.724,0.786,0.684,0.729,0.78,0.768,0.513,0.738,0.717,0.776,0.745,0.713,0.778,0.695,1.0,0.709
6,y3,0.733,0.66,0.819,0.869,0.809,0.779,0.582,0.698,0.65,0.593,0.704,0.729,0.802,0.62,0.709,1.0
7,.,1.0,0.795,0.801,0.818,0.701,0.774,0.69,0.805,0.782,0.83,0.736,0.695,0.673,0.836,0.721,0.737
7,A1_1,0.795,1.0,0.716,0.755,0.676,0.818,0.608,0.772,0.716,0.696,0.734,0.596,0.666,0.759,0.789,0.667
7,A1_2,0.801,0.716,1.0,0.817,0.67,0.637,0.732,0.716,0.854,0.693,0.636,0.72,0.755,0.738,0.687,0.821
7,A1_3,0.818,0.755,0.817,1.0,0.665,0.751,0.542,0.727,0.68,0.669,0.599,0.686,0.7,0.739,0.732,0.869
7,B1_1,0.701,0.676,0.67,0.665,1.0,0.821,0.669,0.672,0.613,0.612,0.898,0.761,0.895,0.619,0.783,0.815
7,B1_2,0.774,0.818,0.637,0.751,0.821,1.0,0.584,0.764,0.63,0.646,0.815,0.579,0.737,0.721,0.772,0.784
7,B1_3,0.69,0.608,0.732,0.542,0.669,0.584,1.0,0.466,0.675,0.552,0.665,0.444,0.657,0.702,0.521,0.598
7,A2_1,0.805,0.772,0.716,0.727,0.672,0.764,0.466,1.0,0.765,0.666,0.765,0.652,0.693,0.632,0.74,0.703
7,A2_2,0.782,0.716,0.854,0.68,0.613,0.63,0.675,0.765,1.0,0.719,0.711,0.656,0.732,0.78,0.717,0.656
7,A2_3,0.83,0.696,0.693,0.669,0.612,0.646,0.552,0.666,0.719,1.0,0.697,0.641,0.555,0.737,0.779,0.602
7,B2_1,0.736,0.734,0.636,0.599,0.898,0.815,0.665,0.765,0.711,0.697,1.0,0.657,0.779,0.617,0.748,0.715
7,B2_2,0.695,0.596,0.72,0.686,0.761,0.579,0.444,0.652,0.656,0.641,0.657,1.0,0.791,0.604,0.718,0.737
7,B2_3,0.673,0.666,0.755,0.7,0.895,0.737,0.657,0.693,0.732,0.555,0.779,0.791,1.0,0.697,0.782,0.809
7,y1,0.836,0.759,0.738,0.739,0.619,0.721,0.702,0.632,0.78,0.737,0.617,0.604,0.697,1.0,0.698,0.628
7,y2,0.721,0.789,0.687,0.732,0.783,0.772,0.521,0.74,0.717,0.779,0.748,0.718,0.782,0.698,1.0,0.716
7,y3,0.737,0.667,0.821,0.869,0.815,0.784,0.598,0.703,0.656,0.602,0.715,0.737,0.809,0.628,0.716,1.0
8,.,1.0,0.794,0.802,0.82,0.703,0.772,0.696,0.805,0.78,0.829,0.736,0.698,0.674,0.834,0.719,0.741
8,A1_1,0.794,1.0,0.723,0.759,0.68,0.818,0.616,0.776,0.721,0.702,0.737,0.604,0.67,0.761,0.792,0.674
8,A1_2,0.802,0.723,1.0,0.822,0.674,0.64,0.738,0.722,0.857,0.7,0.643,0.724,0.755,0.74,0.689,0.824
8,A1_3,0.82,0.759,0.822,1.0,0.666,0.749,0.553,0.731,0.686,0.675,0.604,0.692,0.702,0.743,0.735,0.869
8,B1_1,0.703,0.68,0.674,0.666,1.0,0.824,0.684,0.675,0.613,0.617,0.902,0.766,0.9,0.624,0.785,0.82
8,B1_2,0.772,0.818,0.64,0.749,0.824,1.0,0.596,0.765,0.63,0.65,0.819,0.588,0.744,0.723,0.775,0.79
8,B1_3,0.696,0.616,0.738,0.553,0.684,0.596,1.0,0.48,0.679,0.561,0.678,0.459,0.669,0.704,0.53,0.613
8,A2_1,0.805,0.776,0.722,0.731,0.675,0.765,0.48,1.0,0.769,0.673,0.767,0.658,0.697,0.637,0.741,0.708
8,A2_2,0.78,0.721,0.857,0.686,0.613,0.63,0.679,0.769,1.0,0.723,0.71,0.659,0.73,0.78,0.718,0.661
8,A2_3,0.829,0.702,0.7,0.675,0.617,0.65,0.561,0.673,0.723,1.0,0.701,0.646,0.563,0.739,0.781,0.61
8,B2_1,0.736,0.737,0.643,0.604,0.902,0.819,0.678,0.767,0.71,0.701,1.0,0.667,0.789,0.622,0.751,0.726
8,B2_2,0.698,0.604,0.724,0.692,0.766,0.588,0.459,0.658,0.659,0.646,0.667,1.0,0.796,0.609,0.724,0.745
8,B2_3,0.674,0.67,0.755,0.702,0.9,0.744,0.669,0.697,0.73,0.563,0.789,0.796,1.0,0.699,0.785,0.815
8,y1,0.834,0.761,0.74,0.743,0.624,0.723,0.704,0.637,0.78,0.739,0.622,0.609,0.699,1.0,0.701,0.636
8,y2,0.719,0.792,0.689,0.735,0.785,0.775,0.53,0.741,0.718,0.781,0.751,0.724,0.785,0.701,1.0,0.722
8,y3,0.741,0.674,0.824,0.869,0.82,0.79,0.613,0.708,0.661,0.61,0.726,0.745,0.815,0.636,0.722,1.0
9,.,1.0,0.793,0.802,0.821,0.704,0.771,0.701,0.805,0.777,0.828,0.735,0.7,0.675,0.832,0.716,0.743
9,A1_1,0.793,1.0,0.729,0.764,0.682,0.818,0.622,0.779,0.726,0.709,0.738,0.611,0.673,0.763,0.795,0.681
9,A1_2,0.802,0.729,1.0,0.826,0.676,0.642,0.743,0.727,0.86,0.706,0.649,0.728,0.756,0.742,0.692,0.826
9,A1_3,0.821,0.764,0.826,1.0,0.666,0.747,0.563,0.733,0.692,0.682,0.608,0.697,0.703,0.746,0.737,0.868
9,B1_1,0.704,0.682,0.676,0.666,1.0,0.828,0.697,0.677,0.612,0.622,0.907,0.771,0.905,0.627,0.787,0.825
9,B1_2,0.771,0.818,0.642,0.747,0.828,1.0,0.607,0.766,0.629,0.653,0.823,0.597,0.751,0.725,0.778,0.795
9,B1_3,0.701,0.622,0.743,0.563,0.697,0.607,1.0,0.492,0.681,0.569,0.691,0.474,0.681,0.706,0.538,0.627
9,A2_1,0.805,0.779,0.727,0.733,0.677,0.766,0.492,1.0,0.773,0.68,0.768,0.664,0.7,0.642,0.743,0.711
9,A2_2,0.777,0.726,0.86,0.692,0.612,0.629,0.681,0.773,1.0,0.727,0.708,0.662,0.727,0.78,0.719,0.665
9,A2_3,0.828,0.709,0.706,0.682,0.622,0.653,0.569,0.68,0.727,1.0,0.704,0.65,0.57,0.741,0.784,0.617
9,B2_1,0.735,0.738,0.649,0.608,0.907,0.823,0.691,0.768,0.708,0.704,1.0,0.676,0.799,0.627,0.754,0.736
9,B2_2,0.7,0.611,0.728,0.697,0.771,0.597,0.474,0.664,0.662,0.65,0.676,1.0,0.801,0.615,0.729,0.753
9,B2_3,0.675,0.673,0.756,0.703,0.905,0.751,0.681,0.7,0.727,0.57,0.799,0.801,1.0,0.701,0.788,0.821
9,y1,0.832,0.763,0.742,0.746,0.627,0.725,0.706,0.642,0.78,0.741,0.627,0.615,0.701,1.0,0.705,0.642
9,y2,0.716,0.795,0.692,0.737,0.787,0.778,0.538,0.743,0.719,0.784,0.754,0.729,0.788,0.705,1.0,0.728
9,y3,0.743,0.681,0.826,0.868,0.825,0.795,0.627,0.711,0.665,0.617,0.736,0.753,0.821,0.642,0.728,1.0
10,.,1.0,0.791,0.801,0.822,0.703,0.767,0.705,0.804,0.774,0.827,0.733,0.701,0.675,0.829,0.712,0.743
10,A1_1,0.791,1.0,0.735,0.767,0.683,0.816,0.627,0.782,0.73,0.715,0.739,0.617,0.676,0.764,0.797,0.686
10,A1_2,0.801,0.735,1.0,0.83,0.678,0.643,0.747,0.731,0.863,0.712,0.653,0.731,0.755,0.743,0.693,0.827
10,A1_3,0.822,0.767,0.83,1.0,0.664,0.744,0.57,0.735,0.698,0.687,0.61,0.701,0.701,0.749,0.739,0.866
10,B1_1,0.703,0.683,0.678,0.664,1.0,0.831,0.71,0.678,0.611,0.625,0.911,0.776,0.91,0.63,0.788,0.829
10,B1_2,0.767,0.816,0.643,0.744,0.831,1.0,0.617,0.767,0.628,0.655,0.827,0.605,0.757,0.725,0.78,0.799
10,B1_3,0.705,0.627,0.747,0.57,0.71,0.617,1.0,0.502,0.683,0.576,0.703,0.488,0.691,0.707,0.545,0.639
10,A2_1,0.804,0.782,0.731,0.735,0.678,0.767,0.502,1.0,0.776,0.685,0.768,0.669,0.702,0.645,0.743,0.714
10,A2_2,0.774,0.73,0.863,0.698,0.611,0.628,0.683,0.776,1.0,0.731,0.706,0.664,0.723,0.78,0.718,0.669
10,A2_3,0.827,0.715,0.712,0.687,0.625,0.655,0.576,0.685,0.731,1.0,0.706,0.654,0.576,0.743,0.786,0.623
10,B2_1,0.733,0.739,0.653,0.61,0.911,0.827,0.703,0.768,0.706,0.706,1.0,0.685,0.808,0.63,0.756,0.745
10,B2_2,0.701,0.617,0.731,0.701,0.776,0.605,0.488,0.669,0.664,0.654,0.685,1.0,0.805,0.62,0.733,0.759
10,B2_3,0.675,0.676,0.755,0.701,0.91,0.757,0.691,0.702,0.723,0.576,0.808,0.805,1.0,0.701,0.79,0.826
10,y1,0.829,0.764,0.743,0.749,0.63,0.725,0.707,0.645,0.78,0.743,0.63,0.62,0.701,1.0,0.707,0.648
10,y2,0.712,0.797,0.693,0.739,0.788,0.78,0.545,0.743,0.718,0.786,0.756,0.733,0.79,0.707,1.0,0.733
10,y3,0.743,0.686,0.827,0.866,0.829,0.799,0.639,0.714,0.669,0.623,0.745,0.759,0.826,0.648,0.733,1.0
11,.,1.0,0.788,0.8,0.821,0.701,0.763,0.708,0.803,0.771,0.825,0.73,0.702,0.673,0.826,0.707,0.742
11,A1_1,0.788,1.0,0.74,0.771,0.684,0.815,0.632,0.785,0.735,0.72,0.739,0.623,0.677,0.765,0.799,0.69
11,A1_2,0.8,0.74,1.0,0.833,0.678,0.643,0.75,0.735,0.865,0.717,0.656,0.733,0.753,0.743,0.693,0.827
11,A1_3,0.821,0.771,0.833,1.0,0.661,0.74,0.576,0.737,0.703,0.693,0.611,0.704,0.699,0.751,0.739,0.864
11,B1_1,0.701,0.684,0.678,0.661,1.0,0.834,0.721,0.678,0.608,0.627,0.914,0.781,0.914,0.631,0.788,0.832
11,B1_2,0.763,0.815,0.643,0.74,0.834,1.0,0.626,0.766,0.626,0.657,0.831,0.613,0.763,0.725,0.782,0.803
11,B1_3,0.708,0.632,0.75,0.576,0.721,0.626,1.0,0.511,0.683,0.582,0.714,0.501,0.702,0.707,0.55,0.65
11,A2_1,0.803,0.785,0.735,0.737,0.678,0.766,0.511,1.0,0.779,0.69,0.767,0.673,0.703,0.647,0.743,0.716
11,A2_2,0.771,0.735,0.865,0.703,0.608,0.626,0.683,0.779,1.0,0.735,0.703,0.665,0.718,0.779,0.718,0.671
11,A2_3,0.825,0.72,0.717,0.693,0.627,0.657,0.582,0.69,0.735,1.0,0.707,0.658,0.581,0.744,0.787,0.628
11,B2_1,0.73,0.739,0.656,0.611,0.914,0.831,0.714,0.767,0.703,0.707,1.0,0.693,0.816,0.633,0.758,0.752
11,B2_2,0.702,0.623,0.733,0.704,0.781,0.613,0.501,0.673,0.665,0.658,0.693,1.0,0.809,0.624,0.737,0.765
11,B2_3,0.673,0.677,0.753,0.699,0.914,0.763,0.702,0.703,0.718,0.581,0.816,0.809,1.0,0.701,0.792,0.831
11,y1,0.826,0.765,0.743,0.751,0.631,0.725,0.707,0.647,0.779,0.744,0.633,0.624,0.701,1.0,0.709,0.652
11,y2,0.707,0.799,0.693,0.739,0.788,0.782,0.55,0.743,0.718,0.787,0.758,0.737,0.792,0.709,1.0,0.736
11,y3,0.742,0.69,0.827,0.864,0.832,0.803,0.65,0.716,0.671,0.628,0.752,0.765,0.831,0.652,0.736,1.0
12,.,1.0,0.785,0.798,0.82,0.696,0.758,0.709,0.8,0.767,0.822,0.725,0.702,0.669,0.823,0.701,0.74
12,A1_1,0.785,1.0,0.745,0.773,0.683,0.812,0.635,0.787,0.739,0.725,0.737,0.628,0.677,0.766,0.8,0.693
12,A1_2,0.798,0.745,1.0,0.835,0.676,0.642,0.751,0.739,0.867,0.721,0.658,0.735,0.749,0.743,0.693,0.826
12,A1_3,0.82,0.773,0.835,1.0,0.655,0.735,0.579,0.738,0.707,0.697,0.609,0.705,0.695,0.752,0.739,0.86
12,B1_1,0.696,0.683,0.676,0.655,1.0,0.837,0.731,0.676,0.604,0.627,0.918,0.785,0.918,0.631,0.787,0.834
12,B1_2,0.758,0.812,0.642,0.735,0.837,1.0,0.634,0.765,0.624,0.657,0.833,0.621,0.768,0.725,0.783,0.806
12,B1_3,0.709,0.635,0.751,0.579,0.731,0.634,1.0,0.517,0.683,0.586,0.723,0.513,0.711,0.706,0.554,0.658
12,A2_1,0.8,0.787,0.739,0.738,0.676,0.765,0.517,1.0,0.782,0.694,0.766,0.676,0.702,0.649,0.743,0.717
12,A2_2,0.767,0.739,0.867,0.707,0.604,0.624,0.683,0.782,1.0,0.738,0.698,0.666,0.713,0.778,0.716,0.672
12,A2_3,0.822,0.725,0.721,0.697,0.627,0.657,0.586,0.694,0.738,1.0,0.707,0.66,0.584,0.745,0.788,0.632
12,B2_1,0.725,0.737,0.658,0.609,0.918,0.833,0.723,0.766,0.698,0.707,1.0,0.701,0.824,0.633,0.758,0.759
12,B2_2,0.702,0.628,0.735,0.705,0.785,0.621,0.513,0.676,0.666,0.66,0.701,1.0,0.813,0.628,0.741,0.771
12,B2_3,0.669,0.677,0.749,0.695,0.918,0.768,0.711,0.702,0.713,0.584,0.824,0.813,1.0,0.699,0.793,0.834
12,y1,0.823,0.766,0.743,0.752,0.631,0.725,0.706,0.649,0.778,0.745,0.633,0.628,0.699,1.0,0.71,0.655
12,y2,0.701,0.8,0.693,0.739,0.787,0.783,0.554,0.743,0.716,0.788,0.758,0.741,0.793,0.71,1.0,0.739
12,y3,0.74,0.693,0.826,0.86,0.834,0.806,0.658,0.717,0.672,0.632,0.759,0.771,0.834,0.655,0.739,1.0
13,.,1.0,0.781,0.796,0.817,0.69,0.752,0.709,0.797,0.762,0.819,0.718,0.699,0.663,0.819,0.694,0.736
13,A1_1,0.781,1.0,0.749,0.775,0.68,0.809,0.636,0.789,0.742,0.729,0.735,0.631,0.676,0.766,0.8,0.695
13,A1_2,0.796,0.749,1.0,0.837,0.673,0.64,0.752,0.741,0.869,0.725,0.658,0.735,0.745,0.742,0.691,0.824
13,A1_3,0.817,0.775,0.837,1.0,0.648,0.729,0.58,0.738,0.71,0.7,0.606,0.705,0.688,0.752,0.737,0.856
13,B1_1,0.69,0.68,0.673,0.648,1.0,0.839,0.74,0.673,0.599,0.626,0.921,0.789,0.922,0.629,0.786,0.836
13,B1_2,0.752,0.809,0.64,0.729,0.839,1.0,0.64,0.763,0.62,0.657,0.836,0.627,0.773,0.723,0.784,0.809
13,B1_3,0.709,0.636,0.752,0.58,0.74,0.64,1.0,0.522,0.681,0.588,0.732,0.524,0.719,0.704,0.556,0.665
13,A2_1,0.797,0.789,0.741,0.738,0.673,0.763,0.522,1.0,0.784,0.697,0.763,0.678,0.7,0.649,0.741,0.717
13,A2_2,0.762,0.742,0.869,0.71,0.599,0.62,0.681,0.784,1.0,0.74,0.693,0.665,0.706,0.776,0.714,0.671
13,A2_3,0.819,0.729,0.725,0.7,0.626,0.657,0.588,0.697,0.74,1.0,0.705,0.661,0.586,0.746,0.788,0.634
13,B2_1,0.718,0.735,0.658,0.606,0.921,0.836,0.732,0.763,0.693,0.705,1.0,0.708,0.832,0.633,0.757,0.764
13,B2_2,0.699,0.631,0.735,0.705,0.789,0.627,0.524,0.678,0.665,0.661,0.708,1.0,0.817,0.63,0.743,0.775
13,B2_3,0.663,0.676,0.745,0.688,0.922,0.773,0.719,0.7,0.706,0.586,0.832,0.817,1.0,0.697,0.792,0.837
13,y1,0.819,0.766,0.742,0.752,0.629,0.723,0.704,0.649,0.776,0.746,0.633,0.63,0.697,1.0,0.71,0.657
13,y2,0.694,0.8,0.691,0.737,0.786,0.784,0.556,0.741,0.714,0.788,0.757,0.743,0.792,0.71,1.0,0.742
13,y3,0.736,0.695,0.824,0.856,0.836,0.809,0.665,0.717,0.671,0.634,0.764,0.775,0.837,0.657,0.742,1.0
14,.,1.0,0.775,0.793,0.814,0.682,0.744,0.707,0.794,0.757,0.815,0.71,0.697,0.655,0.815,0.685,0.731
14,A1_1,0.775,1.0,0.752,0.777,0.676,0.805,0.637,0.79,0.745,0.733,0.732,0.633,0.673,0.766,0.799,0.696
14,A1_2,0.793,0.752,1.0,0.839,0.668,0.637,0.75,0.744,0.87,0.728,0.656,0.735,0.739,0.74,0.688,0.822
14,A1_3,0.814,0.777,0.839,1.0,0.638,0.721,0.579,0.738,0.713,0.702,0.6,0.704,0.68,0.752,0.734,0.851
14,B1_1,0.682,0.676,0.668,0.638,1.0,0.841,0.747,0.669,0.592,0.623,0.923,0.793,0.925,0.626,0.784,0.837
14,B1_2,0.744,0.805,0.637,0.721,0.841,1.0,0.645,0.76,0.615,0.655,0.838,0.633,0.777,0.72,0.784,0.812
14,B1_3,0.707,0.637,0.75,0.579,0.747,0.645,1.0,0.526,0.678,0.59,0.739,0.534,0.726,0.701,0.557,0.671
14,A2_1,0.794,0.79,0.744,0.738,0.669,0.76,0.526,1.0,0.786,0.699,0.759,0.679,0.697,0.649,0.738,0.716
14,A2_2,0.757,0.745,0.87,0.713,0.592,0.615,0.678,0.786,1.0,0.742,0.687,0.664,0.697,0.773,0.711,0.67
14,A2_3,0.815,0.733,0.728,0.702,0.623,0.655,0.59,0.699,0.742,1.0,0.702,0.662,0.585,0.746,0.787,0.635
14,B2_1,0.71,0.732,0.656,0.6,0.923,0.838,0.739,0.759,0.687,0.702,1.0,0.715,0.838,0.631,0.756,0.768
14,B2_2,0.697,0.633,0.735,0.704,0.793,0.633,0.534,0.679,0.664,0.662,0.715,1.0,0.82,0.631,0.745,0.78
14,B2_3,0.655,0.673,0.739,0.68,0.925,0.777,0.726,0.697,0.697,0.585,0.838,0.82,1.0,0.692,0.791,0.839
14,y1,0.815,0.766,0.74,0.752,0.626,0.72,0.701,0.649,0.773,0.746,0.631,0.631,0.692,1.0,0.709,0.657
14,y2,0.685,0.799,0.688,0.734,0.784,0.784,0.557,0.738,0.711,0.787,0.756,0.745,0.791,0.709,1.0,0.743
14,y3,0.731,0.696,0.822,0.851,0.837,0.812,0.671,0.716,0.67,0.635,0.768,0.78,0.839,0.657,0.743,1.0
15,.,1.0,0.769,0.789,0.81,0.672,0.735,0.704,0.789,0.751,0.81,0.7,0.692,0.646,0.809,0.675,0.724
15,A1_1,0.769,1.0,0.755,0.777,0.671,0.801,0.636,0.791,0.747,0.736,0.727,0.634,0.669,0.764,0.798,0.696
15,A1_2,0.789,0.755,1.0,0.84,0.662,0.632,0.748,0.746,0.872,0.729,0.653,0.733,0.732,0.738,0.685,0.818
15,A1_3,0.81,0.777,0.84,1.0,0.627,0.712,0.575,0.737,0.716,0.704,0.593,0.701,0.669,0.75,0.731,0.845
15,B1_1,0.672,0.671,0.662,0.627,1.0,0.842,0.754,0.664,0.584,0.619,0.926,0.796,0.929,0.621,0.781,0.837
15,B1_2,0.735,0.801,0.632,0.712,0.842,1.0,0.65,0.756,0.61,0.652,0.84,0.639,0.781,0.717,0.783,0.814
15,B1_3,0.704,0.636,0.748,0.575,0.754,0.65,1.0,0.527,0.673,0.589,0.746,0.543,0.732,0.696,0.556,0.675
15,A2_1,0.789,0.791,0.746,0.737,0.664,0.756,0.527,1.0,0.787,0.701,0.754,0.679,0.693,0.648,0.735,0.714
15,A2_2,0.751,0.747,0.872,0.716,0.584,0.61,0.673,0.787,1.0,0.744,0.68,0.661,0.688,0.77,0.707,0.668
15,A2_3,0.81,0.736,0.729,0.704,0.619,0.652,0.589,0.701,0.744,1.0,0.699,0.661,0.584,0.745,0.786,0.635
15,B2_1,0.7,0.727,0.653,0.593,0.926,0.84,0.746,0.754,0.68,0.699,1.0,0.721,0.844,0.628,0.754,0.772
15,B2_2,0.692,0.634,0.733,0.701,0.796,0.639,0.543,0.679,0.661,0.661,0.721,1.0,0.822,0.631,0.746,0.783
15,B2_3,0.646,0.669,0.732,0.669,0.929,0.781,0.732,0.693,0.688,0.584,0.844,0.822,1.0,0.687,0.789,0.84
15,y1,0.809,0.764,0.738,0.75,0.621,0.717,0.696,0.648,0.77,0.745,0.628,0.631,0.687,1.0,0.708,0.657
15,y2,0.675,0.798,0.685,0.731,0.781,0.783,0.556,0.735,0.707,0.786,0.754,0.746,0.789,0.708,1.0,0.744
15,y3,0.724,0.696,0.818,0.845,0.837,0.814,0.675,0.714,0.668,0.635,0.772,0.783,0.84,0.657,0.744,1.0
16,.,1.0,0.762,0.784,0.805,0.66,0.723,0.699,0.783,0.744,0.805,0.688,0.687,0.634,0.804,0.664,0.716
16,A1_1,0.762,1.0,0.758,0.778,0.664,0.795,0.633,0.791,0.749,0.739,0.721,0.634,0.663,0.763,0.796,0.695
16,A1_2,0.784,0.758,1.0,0.841,0.654,0.627,0.744,0.747,0.873,0.731,0.648,0.73,0.723,0.735,0.68,0.814
16,A1_3,0.805,0.778,0.841,1.0,0.613,0.701,0.57,0.736,0.718,0.706,0.582,0.696,0.656,0.749,0.726,0.838
16,B1_1,0.66,0.664,0.654,0.613,1.0,0.843,0.76,0.657,0.574,0.614,0.928,0.799,0.932,0.615,0.776,0.837
16,B1_2,0.723,0.795,0.627,0.701,0.843,1.0,0.653,0.751,0.603,0.649,0.841,0.644,0.784,0.712,0.782,0.815
16,B1_3,0.699,0.633,0.744,0.57,0.76,0.653,1.0,0.527,0.668,0.588,0.751,0.551,0.738,0.691,0.554,0.678
16,A2_1,0.783,0.791,0.747,0.736,0.657,0.751,0.527,1.0,0.789,0.703,0.748,0.678,0.687,0.646,0.731,0.711
16,A2_2,0.744,0.749,0.873,0.718,0.574,0.603,0.668,0.789,1.0,0.746,0.671,0.657,0.677,0.767,0.702,0.665
16,A2_3,0.805,0.739,0.731,0.706,0.614,0.649,0.588,0.703,0.746,1.0,0.693,0.66,0.581,0.744,0.785,0.634
16,B2_1,0.688,0.721,0.648,0.582,0.928,0.841,0.751,0.748,0.671,0.693,1.0,0.726,0.85,0.622,0.751,0.774
16,B2_2,0.687,0.634,0.73,0.696,0.799,0.644,0.551,0.678,0.657,0.66,0.726,1.0,0.825,0.631,0.747,0.786
16,B2_3,0.634,0.663,0.723,0.656,0.932,0.784,0.738,0.687,0.677,0.581,0.85,0.825,1.0,0.679,0.786,0.84
16,y1,0.804,0.763,0.735,0.749,0.615,0.712,0.691,0.646,0.767,0.744,0.622,0.631,0.679,1.0,0.706,0.655
16,y2,0.664,0.796,0.68,0.726,0.776,0.782,0.554,0.731,0.702,0.785,0.751,0.747,0.786,0.706,1.0,0.744
16,y3,0.716,0.695,0.814,0.838,0.837,0.815,0.678,0.711,0.665,0.634,0.774,0.786,0.84,0.655,0.744,1.0
17,.,1.0,0.754,0.778,0.799,0.646,0.711,0.693,0.777,0.736,0.798,0.674,0.679,0.621,0.797,0.651,0.706
17,A1_1,0.754,1.0,0.76,0.777,0.656,0.788,0.629,0.791,0.751,0.741,0.714,0.633,0.656,0.76,0.794,0.693
17,A1_2,0.778,0.76,1.0,0.841,0.644,0.62,0.739,0.748,0.874,0.732,0.642,0.727,0.712,0.731,0.675,0.809
17,A1_3,0.799,0.777,0.841,1.0,0.597,0.688,0.561,0.734,0.719,0.706,0.57,0.689,0.641,0.746,0.72,0.83
17,B1_1,0.646,0.656,0.644,0.597,1.0,0.844,0.766,0.649,0.563,0.606,0.93,0.801,0.934,0.606,0.771,0.835
17,B1_2,0.711,0.788,0.62,0.688,0.844,1.0,0.656,0.745,0.595,0.644,0.842,0.648,0.787,0.706,0.78,0.816
17,B1_3,0.693,0.629,0.739,0.561,0.766,0.656,1.0,0.525,0.66,0.585,0.757,0.558,0.743,0.683,0.55,0.679
17,A2_1,0.777,0.791,0.748,0.734,0.649,0.745,0.525,1.0,0.79,0.703,0.74,0.676,0.68,0.643,0.727,0.707
17,A2_2,0.736,0.751,0.874,0.719,0.563,0.595,0.66,0.79,1.0,0.747,0.661,0.653,0.665,0.762,0.697,0.661
17,A2_3,0.798,0.741,0.732,0.706,0.606,0.644,0.585,0.703,0.747,1.0,0.687,0.658,0.576,0.743,0.782,0.632
17,B2_1,0.674,0.714,0.642,0.57,0.93,0.842,0.757,0.74,0.661,0.687,1.0,0.731,0.855,0.616,0.746,0.775
17,B2_2,0.679,0.633,0.727,0.689,0.801,0.648,0.558,0.676,0.653,0.658,0.731,1.0,0.827,0.629,0.747,0.789
17,B2_3,0.621,0.656,0.712,0.641,0.934,0.787,0.743,0.68,0.665,0.576,0.855,0.827,1.0,0.671,0.783,0.839
17,y1,0.797,0.76,0.731,0.746,0.606,0.706,0.683,0.643,0.762,0.743,0.616,0.629,0.671,1.0,0.703,0.652
17,y2,0.651,0.794,0.675,0.72,0.771,0.78,0.55,0.727,0.697,0.782,0.746,0.747,0.783,0.703,1.0,0.743
17,y3,0.706,0.693,0.809,0.83,0.835,0.816,0.679,0.707,0.661,0.632,0.775,0.789,0.839,0.652,0.743,1.0
18,.,1.0,0.745,0.772,0.793,0.629,0.697,0.685,0.771,0.728,0.792,0.658,0.671,0.605,0.79,0.637,0.695
18,A1_1,0.745,1.0,0.762,0.777,0.646,0.781,0.625,0.791,0.753,0.743,0.706,0.63,0.647,0.758,0.791,0.69
18,A1_2,0.772,0.762,1.0,0.841,0.633,0.612,0.732,0.749,0.875,0.733,0.634,0.722,0.7,0.727,0.669,0.803
18,A1_3,0.793,0.777,0.841,1.0,0.578,0.675,0.551,0.732,0.721,0.707,0.556,0.681,0.623,0.743,0.714,0.821
18,B1_1,0.629,0.646,0.633,0.578,1.0,0.845,0.77,0.639,0.551,0.597,0.932,0.804,0.937,0.596,0.765,0.833
18,B1_2,0.697,0.781,0.612,0.675,0.845,1.0,0.658,0.738,0.586,0.638,0.843,0.652,0.789,0.699,0.777,0.816
18,B1_3,0.685,0.625,0.732,0.551,0.77,0.658,1.0,0.522,0.652,0.581,0.761,0.565,0.747,0.675,0.546,0.679
18,A2_1,0.771,0.791,0.749,0.732,0.639,0.738,0.522,1.0,0.791,0.704,0.732,0.674,0.671,0.639,0.722,0.702
18,A2_2,0.728,0.753,0.875,0.721,0.551,0.586,0.652,0.791,1.0,0.748,0.65,0.647,0.651,0.758,0.691,0.656
18,A2_3,0.792,0.743,0.733,0.707,0.597,0.638,0.581,0.704,0.748,1.0,0.679,0.654,0.57,0.742,0.78,0.629
18,B2_1,0.658,0.706,0.634,0.556,0.932,0.843,0.761,0.732,0.65,0.679,1.0,0.736,0.86,0.607,0.741,0.776
18,B2_2,0.671,0.63,0.722,0.681,0.804,0.652,0.565,0.674,0.647,0.654,0.736,1.0,0.829,0.626,0.746,0.79
18,B2_3,0.605,0.647,0.7,0.623,0.937,0.789,0.747,0.671,0.651,0.57,0.86,0.829,1.0,0.66,0.778,0.838
18,y1,0.79,0.758,0.727,0.743,0.596,0.699,0.675,0.639,0.758,0.742,0.607,0.626,0.66,1.0,0.7,0.648
18,y2,0.637,0.791,0.669,0.714,0.765,0.777,0.546,0.722,0.691,0.78,0.741,0.746,0.778,0.7,1.0,0.741
18,y3,0.695,0.69,0.803,0.821,0.833,0.816,0.679,0.702,0.656,0.629,0.776,0.79,0.838,0.648,0.741,1.0
19,.,1.0,0.736,0.765,0.785,0.611,0.682,0.675,0.763,0.719,0.784,0.641,0.66,0.587,0.782,0.622,0.682
19,A1_1,0.736,1.0,0.764,0.776,0.635,0.772,0.618,0.79,0.754,0.744,0.696,0.626,0.636,0.755,0.787,0.686
19,A1_2,0.765,0.764,1.0,0.841,0.62,0.603,0.723,0.749,0.875,0.734,0.624,0.715,0.687,0.722,0.662,0.797
19,A1_3,0.785,0.776,0.841,1.0,0.557,0.659,0.538,0.729,0.721,0.707,0.539,0.671,0.603,0.739,0.706,0.81
19,B1_1,0.611,0.635,0.62,0.557,1.0,0.845,0.775,0.628,0.536,0.587,0.934,0.806,0.94,0.585,0.758,0.83
19,B1_2,0.682,0.772,0.603,0.659,0.845,1.0,0.659,0.73,0.576,0.631,0.843,0.656,0.791,0.691,0.774,0.816
19,B1_3,0.675,0.618,0.723,0.538,0.775,0.659,1.0,0.517,0.642,0.575,0.766,0.571,0.751,0.665,0.539,0.678
19,A2_1,0.763,0.79,0.749,0.729,0.628,0.73,0.517,1.0,0.792,0.704,0.722,0.669,0.661,0.635,0.716,0.697
19,A2_2,0.719,0.754,0.875,0.721,0.536,0.576,0.642,0.792,1.0,0.748,0.637,0.64,0.636,0.753,0.685,0.65
19,A2_3,0.784,0.744,0.734,0.707,0.587,0.631,0.575,0.704,0.748,1.0,0.669,0.65,0.562,0.74,0.777,0.625
19,B2_1,0.641,0.696,0.624,0.539,0.934,0.843,0.766,0.722,0.637,0.669,1.0,0.74,0.864,0.597,0.735,0.776
19,B2_2,0.66,0.626,0.715,0.671,0.806,0.656,0.571,0.669,0.64,0.65,0.74,1.0,0.83,0.621,0.745,0.792
19,B2_3,0.587,0.636,0.687,0.603,0.94,0.791,0.751,0.661,0.636,0.562,0.864,0.83,1.0,0.648,0.772,0.836
19,y1,0.782,0.755,0.722,0.739,0.585,0.691,0.665,0.635,0.753,0.74,0.597,0.621,0.648,1.0,0.696,0.644
19,y2,0.622,0.787,0.662,0.706,0.758,0.774,0.539,0.716,0.685,0.777,0.735,0.745,0.772,0.696,1.0,0.739
19,y3,0.682,0.686,0.797,0.81,0.83,0.816,0.678,0.697,0.65,0.625,0.776,0.792,0.836,0.644,0.739,1.0
20,.,1.0,0.725,0.757,0.776,0.59,0.664,0.664,0.755,0.709,0.776,0.621,0.647,0.566,0.774,0.605,0.667
20,A1_1,0.725,1.0,0.765,0.775,0.622,0.763,0.61,0.789,0.755,0.746,0.685,0.621,0.624,0.751,0.783,0.681
20,A1_2,0.757,0.765,1.0,0.841,0.605,0.592,0.713,0.749,0.876,0.734,0.612,0.708,0.671,0.717,0.654,0.789
20,A1_3,0.776,0.775,0.841,1.0,0.533,0.642,0.523,0.726,0.722,0.707,0.52,0.658,0.58,0.736,0.697,0.799
20,B1_1,0.59,0.622,0.605,0.533,1.0,0.845,0.778,0.615,0.52,0.575,0.936,0.808,0.942,0.571,0.75,0.826
20,B1_2,0.664,0.763,0.592,0.642,0.845,1.0,0.661,0.722,0.565,0.623,0.843,0.659,0.793,0.682,0.77,0.816
20,B1_3,0.664,0.61,0.713,0.523,0.778,0.661,1.0,0.511,0.63,0.568,0.769,0.576,0.754,0.653,0.532,0.676
20,A2_1,0.755,0.789,0.749,0.726,0.615,0.722,0.511,1.0,0.792,0.704,0.711,0.663,0.649,0.63,0.709,0.69
20,A2_2,0.709,0.755,0.876,0.722,0.52,0.565,0.63,0.792,1.0,0.749,0.623,0.631,0.618,0.747,0.677,0.643
20,A2_3,0.776,0.746,0.734,0.707,0.575,0.623,0.568,0.704,0.749,1.0,0.659,0.644,0.552,0.737,0.773,0.62
20,B2_1,0.621,0.685,0.612,0.52,0.936,0.843,0.769,0.711,0.623,0.659,1.0,0.745,0.868,0.586,0.728,0.775
20,B2_2,0.647,0.621,0.708,0.658,0.808,0.659,0.576,0.663,0.631,0.644,0.745,1.0,0.832,0.615,0.742,0.792
20,B2_3,0.566,0.624,0.671,0.58,0.942,0.793,0.754,0.649,0.618,0.552,0.868,0.832,1.0,0.633,0.764,0.832
20,y1,0.774,0.751,0.717,0.736,0.571,0.682,0.653,0.63,0.747,0.737,0.586,0.615,0.633,1.0,0.691,0.637
20,y2,0.605,0.783,0.654,0.697,0.75,0.77,0.532,0.709,0.677,0.773,0.728,0.742,0.764,0.691,1.0,0.736
20,y3,0.667,0.681,0.789,0.799,0.826,0.816,0.676,0.69,0.643,0.62,0.775,0.792,0.832,0.637,0.736,1.0
21,.,1.0,0.714,0.749,0.767,0.566,0.645,0.65,0.745,0.698,0.767,0.598,0.632,0.542,0.765,0.587,0.651
21,A1_1,0.714,1.0,0.767,0.773,0.607,0.752,0.601,0.788,0.757,0.747,0.672,0.614,0.61,0.748,0.778,0.676
21,A1_2,0.749,0.767,1.0,0.84,0.588,0.581,0.702,0.75,0.876,0.734,0.599,0.698,0.653,0.711,0.645,0.781
21,A1_3,0.767,0.773,0.84,1.0,0.506,0.622,0.505,0.722,0.722,0.706,0.498,0.642,0.554,0.731,0.687,0.786
21,B1_1,0.566,0.607,0.588,0.506,1.0,0.844,0.781,0.6,0.503,0.561,0.937,0.81,0.944,0.555,0.741,0.821
21,B1_2,0.645,0.752,0.581,0.622,0.844,1.0,0.661,0.712,0.553,0.614,0.844,0.662,0.794,0.671,0.765,0.815
21,B1_3,0.65,0.601,0.702,0.505,0.781,0.661,1.0,0.503,0.617,0.559,0.773,0.581,0.756,0.64,0.522,0.673
21,A2_1,0.745,0.788,0.75,0.722,0.6,0.712,0.503,1.0,0.793,0.704,0.698,0.656,0.635,0.624,0.701,0.683
21,A2_2,0.698,0.757,0.876,0.722,0.503,0.553,0.617,0.793,1.0,0.749,0.607,0.62,0.599,0.741,0.669,0.635
21,A2_3,0.767,0.747,0.734,0.706,0.561,0.614,0.559,0.704,0.749,1.0,0.646,0.637,0.54,0.735,0.768,0.614
21,B2_1,0.598,0.672,0.599,0.498,0.937,0.844,0.773,0.698,0.607,0.646,1.0,0.749,0.872,0.572,0.72,0.773
21,B2_2,0.632,0.614,0.698,0.642,0.81,0.662,0.581,0.656,0.62,0.637,0.749,1.0,0.833,0.607,0.739,0.792
21,B2_3,0.542,0.61,0.653,0.554,0.944,0.794,0.756,0.635,0.599,0.54,0.872,0.833,1.0,0.616,0.756,0.828
21,y1,0.765,0.748,0.711,0.731,0.555,0.671,0.64,0.624,0.741,0.735,0.572,0.607,0.616,1.0,0.686,0.63
21,y2,0.587,0.778,0.645,0.687,0.741,0.765,0.522,0.701,0.669,0.768,0.72,0.739,0.756,0.686,1.0,0.733
21,y3,0.651,0.676,0.781,0.786,0.821,0.815,0.673,0.683,0.635,0.614,0.773,0.792,0.828,0.63,0.733,1.0
22,.,1.0,0.702,0.74,0.758,0.54,0.624,0.635,0.736,0.688,0.758,0.573,0.616,0.516,0.756,0.568,0.633
22,A1_1,0.702,1.0,0.768,0.772,0.59,0.74,0.59,0.787,0.758,0.748,0.657,0.605,0.593,0.743,0.773,0.67
22,A1_2,0.74,0.768,1.0,0.839,0.569,0.567,0.688,0.75,0.877,0.734,0.583,0.687,0.633,0.705,0.635,0.772
22,A1_3,0.758,0.772,0.839,1.0,0.477,0.6,0.484,0.719,0.723,0.705,0.473,0.625,0.525,0.727,0.677,0.772
22,B1_1,0.54,0.59,0.569,0.477,1.0,0.844,0.784,0.584,0.483,0.545,0.939,0.812,0.946,0.536,0.73,0.816
22,B1_2,0.624,0.74,0.567,0.6,0.844,1.0,0.661,0.7,0.539,0.604,0.843,0.665,0.795,0.659,0.76,0.813
22,B1_3,0.635,0.59,0.688,0.484,0.784,0.661,1.0,0.493,0.602,0.549,0.776,0.586,0.759,0.624,0.512,0.668
22,A2_1,0.736,0.787,0.75,0.719,0.584,0.7,0.493,1.0,0.794,0.704,0.683,0.648,0.619,0.618,0.693,0.675
22,A2_2,0.688,0.758,0.877,0.723,0.483,0.539,0.602,0.794,1.0,0.75,0.59,0.608,0.578,0.734,0.66,0.626
22,A2_3,0.758,0.748,0.734,0.705,0.545,0.604,0.549,0.704,0.75,1.0,0.632,0.628,0.527,0.732,0.764,0.608
22,B2_1,0.573,0.657,0.583,0.473,0.939,0.843,0.776,0.683,0.59,0.632,1.0,0.753,0.876,0.556,0.71,0.769
22,B2_2,0.616,0.605,0.687,0.625,0.812,0.665,0.586,0.648,0.608,0.628,0.753,1.0,0.835,0.598,0.735,0.792
22,B2_3,0.516,0.593,0.633,0.525,0.946,0.795,0.759,0.619,0.578,0.527,0.876,0.835,1.0,0.597,0.746,0.823
22,y1,0.756,0.743,0.705,0.727,0.536,0.659,0.624,0.618,0.734,0.732,0.556,0.598,0.597,1.0,0.68,0.622
22,y2,0.568,0.773,0.635,0.677,0.73,0.76,0.512,0.693,0.66,0.764,0.71,0.735,0.746,0.68,1.0,0.728
22,y3,0.633,0.67,0.772,0.772,0.816,0.813,0.668,0.675,0.626,0.608,0.769,0.792,0.823,0.622,0.728,1.0
23,.,1.0,0.688,0.73,0.747,0.512,0.601,0.617,0.725,0.676,0.747,0.547,0.597,0.489,0.745,0.547,0.614
23,A1_1,0.688,1.0,0.77,0.769,0.572,0.726,0.576,0.786,0.759,0.749,0.641,0.595,0.575,0.739,0.767,0.663
23,A1_2,0.73,0.77,1.0,0.838,0.548,0.552,0.672,0.75,0.877,0.733,0.566,0.675,0.611,0.698,0.624,0.761
23,A1_3,0.747,0.769,0.838,1.0,0.445,0.576,0.46,0.715,0.723,0.704,0.445,0.604,0.493,0.721,0.665,0.758
23,B1_1,0.512,0.572,0.548,0.445,1.0,0.843,0.787,0.566,0.462,0.528,0.94,0.814,0.948,0.517,0.718,0.809
23,B1_2,0.601,0.726,0.552,0.576,0.843,1.0,0.661,0.688,0.524,0.592,0.843,0.668,0.796,0.645,0.753,0.811
23,B1_3,0.617,0.576,0.672,0.46,0.787,0.661,1.0,0.482,0.585,0.537,0.779,0.59,0.761,0.607,0.499,0.662
23,A2_1,0.725,0.786,0.75,0.715,0.566,0.688,0.482,1.0,0.795,0.703,0.667,0.638,0.602,0.611,0.684,0.666
23,A2_2,0.676,0.759,0.877,0.723,0.462,0.524,0.585,0.795,1.0,0.75,0.571,0.595,0.556,0.727,0.651,0.617
23,A2_3,0.747,0.749,0.733,0.704,0.528,0.592,0.537,0.703,0.75,1.0,0.616,0.619,0.511,0.729,0.759,0.601
23,B2_1,0.547,0.641,0.566,0.445,0.94,0.843,0.779,0.667,0.571,0.616,1.0,0.756,0.88,0.538,0.699,0.765
23,B2_2,0.597,0.595,0.675,0.604,0.814,0.668,0.59,0.638,0.595,0.619,0.756,1.0,0.836,0.588,0.73,0.79
23,B2_3,0.489,0.575,0.611,0.493,0.948,0.796,0.761,0.602,0.556,0.511,0.88,0.836,1.0,0.577,0.735,0.816
23,y1,0.745,0.739,0.698,0.721,0.517,0.645,0.607,0.611,0.727,0.729,0.538,0.588,0.577,1.0,0.673,0.614
23,y2,0.547,0.767,0.624,0.665,0.718,0.753,0.499,0.684,0.651,0.759,0.699,0.73,0.735,0.673,1.0,0.724
23,y3,0.614,0.663,0.761,0.758,0.809,0.811,0.662,0.666,0.617,0.601,0.765,0.79,0.816,0.614,0.724,1.0
24,.,1.0,0.674,0.719,0.735,0.482,0.575,0.597,0.714,0.663,0.735,0.518,0.576,0.459,0.734,0.525,0.593
24,A1_1,0.674,1.0,0.771,0.767,0.551,0.711,0.561,0.784,0.761,0.749,0.623,0.583,0.555,0.733,0.76,0.655
24,A1_2,0.719,0.771,1.0,0.837,0.525,0.535,0.654,0.749,0.877,0.732,0.546,0.66,0.587,0.69,0.613,0.751
24,A1_3,0.735,0.767,0.837,1.0,0.41,0.55,0.433,0.711,0.723,0.703,0.415,0.581,0.458,0.716,0.653,0.742
24,B1_1,0.482,0.551,0.525,0.41,1.0,0.843,0.79,0.547,0.439,0.509,0.942,0.816,0.951,0.494,0.705,0.801
24,B1_2,0.575,0.711,0.535,0.55,0.843,1.0,0.66,0.674,0.507,0.579,0.843,0.671,0.796,0.63,0.746,0.808
24,B1_3,0.597,0.561,0.654,0.433,0.79,0.66,1.0,0.468,0.566,0.523,0.782,0.594,0.763,0.586,0.485,0.654
24,A2_1,0.714,0.784,0.749,0.711,0.547,0.674,0.468,1.0,0.795,0.702,0.65,0.626,0.583,0.604,0.674,0.656
24,A2_2,0.663,0.761,0.877,0.723,0.439,0.507,0.566,0.795,1.0,0.75,0.55,0.58,0.532,0.72,0.64,0.606
24,A2_3,0.735,0.749,0.732,0.703,0.509,0.579,0.523,0.702,0.75,1.0,0.599,0.607,0.494,0.726,0.753,0.593
24,B2_1,0.518,0.623,0.546,0.415,0.942,0.843,0.782,0.65,0.55,0.599,1.0,0.76,0.883,0.518,0.686,0.76
24,B2_2,0.576,0.583,0.66,0.581,0.816,0.671,0.594,0.626,0.58,0.607,0.76,1.0,0.837,0.575,0.724,0.788
24,B2_3,0.459,0.555,0.587,0.458,0.951,0.796,0.763,0.583,0.532,0.494,0.883,0.837,1.0,0.554,0.722,0.808
24,y1,0.734,0.733,0.69,0.716,0.494,0.63,0.586,0.604,0.72,0.726,0.518,0.575,0.554,1.0,0.666,0.604
24,y2,0.525,0.76,0.613,0.653,0.705,0.746,0.485,0.674,0.64,0.753,0.686,0.724,0.722,0.666,1.0,0.718
24,y3,0.593,0.655,0.751,0.742,0.801,0.808,0.654,0.656,0.606,0.593,0.76,0.788,0.808,0.604,0.718,1.0
25,.,1.0,0.659,0.708,0.723,0.449,0.548,0.575,0.702,0.65,0.724,0.486,0.552,0.425,0.723,0.501,0.571
25,A1_1,0.659,1.0,0.772,0.765,0.529,0.695,0.544,0.783,0.762,0.75,0.603,0.569,0.533,0.728,0.753,0.647
25,A1_2,0.708,0.772,1.0,0.836,0.499,0.517,0.633,0.75,0.878,0.731,0.524,0.643,0.561,0.682,0.6,0.739
25,A1_3,0.723,0.765,0.836,1.0,0.372,0.521,0.403,0.707,0.723,0.702,0.382,0.555,0.42,0.711,0.639,0.725
25,B1_1,0.449,0.529,0.499,0.372,1.0,0.842,0.793,0.525,0.413,0.487,0.943,0.819,0.952,0.47,0.689,0.791
25,B1_2,0.548,0.695,0.517,0.521,0.842,1.0,0.66,0.658,0.489,0.564,0.843,0.673,0.797,0.612,0.737,0.805
25,B1_3,0.575,0.544,0.633,0.403,0.793,0.66,1.0,0.453,0.545,0.507,0.785,0.598,0.765,0.564,0.469,0.645
25,A2_1,0.702,0.783,0.75,0.707,0.525,0.658,0.453,1.0,0.796,0.701,0.63,0.612,0.562,0.596,0.664,0.645
25,A2_2,0.65,0.762,0.878,0.723,0.413,0.489,0.545,0.796,1.0,0.751,0.526,0.562,0.505,0.712,0.63,0.595
25,A2_3,0.724,0.75,0.731,0.702,0.487,0.564,0.507,0.701,0.751,1.0,0.579,0.594,0.475,0.723,0.747,0.584
25,B2_1,0.486,0.603,0.524,0.382,0.943,0.843,0.785,0.63,0.526,0.579,1.0,0.764,0.886,0.496,0.672,0.753
25,B2_2,0.552,0.569,0.643,0.555,0.819,0.673,0.598,0.612,0.562,0.594,0.764,1.0,0.839,0.56,0.716,0.785
25,B2_3,0.425,0.533,0.561,0.42,0.952,0.797,0.765,0.562,0.505,0.475,0.886,0.839,1.0,0.528,0.708,0.799
25,y1,0.723,0.728,0.682,0.711,0.47,0.612,0.564,0.596,0.712,0.723,0.496,0.56,0.528,1.0,0.659,0.593
25,y2,0.501,0.753,0.6,0.639,0.689,0.737,0.469,0.664,0.63,0.747,0.672,0.716,0.708,0.659,1.0,0.712
25,y3,0.571,0.647,0.739,0.725,0.791,0.805,0.645,0.645,0.595,0.584,0.753,0.785,0.799,0.593,0.712,1.0
26,.,1.0,0.643,0.696,0.711,0.414,0.518,0.551,0.69,0.637,0.711,0.452,0.527,0.39,0.712,0.477,0.547
