,,.,A1_1,A1_2,A1_3,B1_1,B1_2,B1_3,A2_1,A2_2,A2_3,B2_1,B2_2,B2_3,y1,y2,y3
0,.,1.0,-0.049,-0.122,-0.042,-0.087,-0.143,-0.018,0.104,0.154,0.139,0.243,-0.227,0.06,0.092,-0.242,-0.007
0,A1_1,-0.049,1.0,0.087,0.1,-0.203,0.068,0.061,0.092,-0.264,0.141,-0.02,0.009,0.042,0.148,-0.045,0.002
0,A1_2,-0.122,0.087,1.0,-0.052,-0.059,-0.085,0.169,0.068,-0.003,-0.017,-0.208,0.05,-0.137,-0.076,0.055,0.047
0,A1_3,-0.042,0.1,-0.052,1.0,0.181,0.093,-0.248,0.171,0.147,0.138,-0.028,-0.197,0.313,0.002,-0.049,-0.002
0,B1_1,-0.087,-0.203,-0.059,0.181,1.0,-0.096,-0.072,-0.0,-0.029,0.088,0.168,-0.158,0.139,-0.119,0.084,-0.202
0,B1_2,-0.143,0.068,-0.085,0.093,-0.096,1.0,-0.032,0.039,-0.058,0.101,0.005,-0.01,0.159,-0.042,0.354,-0.132
0,B1_3,-0.018,0.061,0.169,-0.248,-0.072,-0.032,1.0,-0.057,-0.035,-0.119,-0.066,-0.123,-0.08,-0.132,-0.015,-0.136
0,A2_1,0.104,0.092,0.068,0.171,-0.0,0.039,-0.057,1.0,0.093,0.227,-0.002,0.037,0.178,0.271,-0.045,-0.159
0,A2_2,0.154,-0.264,-0.003,0.147,-0.029,-0.058,-0.035,0.093,1.0,-0.257,0.211,-0.006,0.019,-0.102,-0.001,-0.034
0,A2_3,0.139,0.141,-0.017,0.138,0.088,0.101,-0.119,0.227,-0.257,1.0,-0.165,-0.1,-0.034,0.22,-0.122,-0.123
0,B2_1,0.243,-0.02,-0.208,-0.028,0.168,0.005,-0.066,-0.002,0.211,-0.165,1.0,0.029,0.129,-0.12,-0.065,-0.095
0,B2_2,-0.227,0.009,0.05,-0.197,-0.158,-0.01,-0.123,0.037,-0.006,-0.1,0.029,1.0,-0.067,-0.046,0.047,0.079
0,B2_3,0.06,0.042,-0.137,0.313,0.139,0.159,-0.08,0.178,0.019,-0.034,0.129,-0.067,1.0,0.146,0.085,0.037
0,y1,0.092,0.148,-0.076,0.002,-0.119,-0.042,-0.132,0.271,-0.102,0.22,-0.12,-0.046,0.146,1.0,0.108,-0.029
0,y2,-0.242,-0.045,0.055,-0.049,0.084,0.354,-0.015,-0.045,-0.001,-0.122,-0.065,0.047,0.085,0.108,1.0,-0.023
0,y3,-0.007,0.002,0.047,-0.002,-0.202,-0.132,-0.136,-0.159,-0.034,-0.123,-0.095,0.079,0.037,-0.029,-0.023,1.0
1,.,1.0,-0.064,-0.122,-0.029,-0.096,-0.153,-0.034,0.115,0.155,0.148,0.235,-0.229,0.062,0.092,-0.252,-0.01
1,A1_1,-0.064,1.0,0.084,0.101,-0.199,0.072,0.064,0.091,-0.266,0.142,-0.012,0.013,0.05,0.149,-0.044,0.003
1,A1_2,-0.122,0.084,1.0,-0.054,-0.056,-0.081,0.173,0.065,-0.006,-0.02,-0.201,0.052,-0.131,-0.073,0.06,0.051
1,A1_3,-0.029,0.101,-0.054,1.0,0.177,0.091,-0.25,0.169,0.146,0.139,-0.03,-0.201,0.311,0.002,-0.047,-0.0
1,B1_1,-0.096,-0.199,-0.056,0.177,1.0,-0.09,-0.064,-0.001,-0.028,0.087,0.172,-0.155,0.14,-0.12,0.083,-0.203
1,B1_2,-0.153,0.072,-0.081,0.091,-0.09,1.0,-0.025,0.04,-0.055,0.102,0.009,-0.007,0.16,-0.045,0.35,-0.135
1,B1_3,-0.034,0.064,0.173,-0.25,-0.064,-0.025,1.0,-0.057,-0.033,-0.117,-0.061,-0.117,-0.078,-0.136,-0.02,-0.14
1,A2_1,0.115,0.091,0.065,0.169,-0.001,0.04,-0.057,1.0,0.089,0.225,-0.0,0.036,0.18,0.271,-0.043,-0.156
1,A2_2,0.155,-0.266,-0.006,0.146,-0.028,-0.055,-0.033,0.089,1.0,-0.259,0.215,-0.004,0.022,-0.105,-0.002,-0.034
1,A2_3,0.148,0.142,-0.02,0.139,0.087,0.102,-0.117,0.225,-0.259,1.0,-0.162,-0.102,-0.031,0.221,-0.119,-0.121
1,B2_1,0.235,-0.012,-0.201,-0.03,0.172,0.009,-0.061,-0.0,0.215,-0.162,1.0,0.03,0.126,-0.126,-0.07,-0.101
1,B2_2,-0.229,0.013,0.052,-0.201,-0.155,-0.007,-0.117,0.036,-0.004,-0.102,0.03,1.0,-0.069,-0.047,0.048,0.079
1,B2_3,0.062,0.05,-0.131,0.311,0.14,0.16,-0.078,0.18,0.022,-0.031,0.126,-0.069,1.0,0.143,0.084,0.035
1,y1,0.092,0.149,-0.073,0.002,-0.12,-0.045,-0.136,0.271,-0.105,0.221,-0.126,-0.047,0.143,1.0,0.111,-0.025
1,y2,-0.252,-0.044,0.06,-0.047,0.083,0.35,-0.02,-0.043,-0.002,-0.119,-0.07,0.048,0.084,0.111,1.0,-0.021
1,y3,-0.01,0.003,0.051,-0.0,-0.203,-0.135,-0.14,-0.156,-0.034,-0.121,-0.101,0.079,0.035,-0.025,-0.021,1.0
2,.,1.0,-0.076,-0.124,-0.017,-0.107,-0.165,-0.05,0.126,0.158,0.156,0.224,-0.235,0.059,0.093,-0.259,-0.013
2,A1_1,-0.076,1.0,0.081,0.103,-0.196,0.075,0.066,0.091,-0.267,0.142,-0.005,0.016,0.057,0.148,-0.044,0.004
2,A1_2,-0.124,0.081,1.0,-0.056,-0.054,-0.079,0.175,0.061,-0.01,-0.023,-0.196,0.054,-0.127,-0.071,0.063,0.054
2,A1_3,-0.017,0.103,-0.056,1.0,0.172,0.089,-0.251,0.168,0.146,0.138,-0.032,-0.205,0.309,0.002,-0.044,0.001
2,B1_1,-0.107,-0.196,-0.054,0.172,1.0,-0.084,-0.058,-0.002,-0.027,0.085,0.176,-0.151,0.142,-0.123,0.081,-0.205
2,B1_2,-0.165,0.075,-0.079,0.089,-0.084,1.0,-0.019,0.041,-0.054,0.103,0.013,-0.003,0.162,-0.049,0.345,-0.138
2,B1_3,-0.05,0.066,0.175,-0.251,-0.058,-0.019,1.0,-0.056,-0.031,-0.116,-0.056,-0.111,-0.075,-0.14,-0.024,-0.144
2,A2_1,0.126,0.091,0.061,0.168,-0.002,0.041,-0.056,1.0,0.085,0.224,0.002,0.035,0.183,0.271,-0.041,-0.154
2,A2_2,0.158,-0.267,-0.01,0.146,-0.027,-0.054,-0.031,0.085,1.0,-0.261,0.22,-0.004,0.026,-0.108,-0.003,-0.035
2,A2_3,0.156,0.142,-0.023,0.138,0.085,0.103,-0.116,0.224,-0.261,1.0,-0.16,-0.103,-0.028,0.22,-0.117,-0.12
2,B2_1,0.224,-0.005,-0.196,-0.032,0.176,0.013,-0.056,0.002,0.22,-0.16,1.0,0.031,0.125,-0.133,-0.077,-0.107
2,B2_2,-0.235,0.016,0.054,-0.205,-0.151,-0.003,-0.111,0.035,-0.004,-0.103,0.031,1.0,-0.069,-0.05,0.048,0.076
2,B2_3,0.059,0.057,-0.127,0.309,0.142,0.162,-0.075,0.183,0.026,-0.028,0.125,-0.069,1.0,0.14,0.083,0.032
2,y1,0.093,0.148,-0.071,0.002,-0.123,-0.049,-0.14,0.271,-0.108,0.22,-0.133,-0.05,0.14,1.0,0.115,-0.02
2,y2,-0.259,-0.044,0.063,-0.044,0.081,0.345,-0.024,-0.041,-0.003,-0.117,-0.077,0.048,0.083,0.115,1.0,-0.019
2,y3,-0.013,0.004,0.054,0.001,-0.205,-0.138,-0.144,-0.154,-0.035,-0.12,-0.107,0.076,0.032,-0.02,-0.019,1.0
3,.,1.0,-0.088,-0.127,-0.007,-0.116,-0.177,-0.064,0.134,0.159,0.161,0.214,-0.238,0.055,0.093,-0.266,-0.018
3,A1_1,-0.088,1.0,0.079,0.105,-0.194,0.079,0.069,0.091,-0.267,0.144,0.001,0.018,0.063,0.145,-0.043,0.004
3,A1_2,-0.127,0.079,1.0,-0.056,-0.052,-0.076,0.177,0.058,-0.011,-0.024,-0.191,0.055,-0.123,-0.069,0.066,0.056
3,A1_3,-0.007,0.105,-0.056,1.0,0.168,0.087,-0.252,0.167,0.147,0.139,-0.034,-0.209,0.306,0.002,-0.042,0.003
3,B1_1,-0.116,-0.194,-0.052,0.168,1.0,-0.078,-0.051,-0.003,-0.026,0.084,0.18,-0.147,0.145,-0.125,0.078,-0.207
3,B1_2,-0.177,0.079,-0.076,0.087,-0.078,1.0,-0.012,0.042,-0.051,0.103,0.017,0.001,0.164,-0.053,0.341,-0.14
3,B1_3,-0.064,0.069,0.177,-0.252,-0.051,-0.012,1.0,-0.055,-0.029,-0.115,-0.051,-0.105,-0.071,-0.144,-0.028,-0.149
3,A2_1,0.134,0.091,0.058,0.167,-0.003,0.042,-0.055,1.0,0.082,0.223,0.003,0.034,0.186,0.27,-0.039,-0.155
3,A2_2,0.159,-0.267,-0.011,0.147,-0.026,-0.051,-0.029,0.082,1.0,-0.263,0.224,-0.004,0.029,-0.111,-0.004,-0.035
3,A2_3,0.161,0.144,-0.024,0.139,0.084,0.103,-0.115,0.223,-0.263,1.0,-0.158,-0.104,-0.026,0.219,-0.117,-0.12
3,B2_1,0.214,0.001,-0.191,-0.034,0.18,0.017,-0.051,0.003,0.224,-0.158,1.0,0.033,0.124,-0.14,-0.084,-0.114
3,B2_2,-0.238,0.018,0.055,-0.209,-0.147,0.001,-0.105,0.034,-0.004,-0.104,0.033,1.0,-0.068,-0.052,0.049,0.073
3,B2_3,0.055,0.063,-0.123,0.306,0.145,0.164,-0.071,0.186,0.029,-0.026,0.124,-0.068,1.0,0.136,0.081,0.03
3,y1,0.093,0.145,-0.069,0.002,-0.125,-0.053,-0.144,0.27,-0.111,0.219,-0.14,-0.052,0.136,1.0,0.119,-0.013
3,y2,-0.266,-0.043,0.066,-0.042,0.078,0.341,-0.028,-0.039,-0.004,-0.117,-0.084,0.049,0.081,0.119,1.0,-0.014
3,y3,-0.018,0.004,0.056,0.003,-0.207,-0.14,-0.149,-0.155,-0.035,-0.12,-0.114,0.073,0.03,-0.013,-0.014,1.0
4,.,1.0,-0.103,-0.129,-0.0,-0.123,-0.189,-0.075,0.141,0.16,0.164,0.205,-0.243,0.049,0.092,-0.273,-0.021
4,A1_1,-0.103,1.0,0.079,0.107,-0.192,0.082,0.07,0.091,-0.266,0.144,0.006,0.021,0.068,0.144,-0.042,0.003
4,A1_2,-0.129,0.079,1.0,-0.055,-0.051,-0.073,0.178,0.057,-0.013,-0.026,-0.187,0.057,-0.12,-0.068,0.069,0.058
4,A1_3,-0.0,0.107,-0.055,1.0,0.166,0.086,-0.253,0.168,0.147,0.139,-0.035,-0.212,0.303,0.004,-0.038,0.005
4,B1_1,-0.123,-0.192,-0.051,0.166,1.0,-0.073,-0.046,-0.003,-0.025,0.083,0.184,-0.143,0.148,-0.126,0.076,-0.21
4,B1_2,-0.189,0.082,-0.073,0.086,-0.073,1.0,-0.007,0.043,-0.048,0.104,0.021,0.005,0.166,-0.058,0.337,-0.143
4,B1_3,-0.075,0.07,0.178,-0.253,-0.046,-0.007,1.0,-0.055,-0.027,-0.113,-0.046,-0.099,-0.067,-0.149,-0.032,-0.153
4,A2_1,0.141,0.091,0.057,0.168,-0.003,0.043,-0.055,1.0,0.08,0.222,0.005,0.033,0.188,0.268,-0.038,-0.154
4,A2_2,0.16,-0.266,-0.013,0.147,-0.025,-0.048,-0.027,0.08,1.0,-0.262,0.226,-0.004,0.032,-0.115,-0.006,-0.037
4,A2_3,0.164,0.144,-0.026,0.139,0.083,0.104,-0.113,0.222,-0.262,1.0,-0.155,-0.106,-0.025,0.216,-0.115,-0.119
4,B2_1,0.205,0.006,-0.187,-0.035,0.184,0.021,-0.046,0.005,0.226,-0.155,1.0,0.036,0.125,-0.148,-0.09,-0.122
4,B2_2,-0.243,0.021,0.057,-0.212,-0.143,0.005,-0.099,0.033,-0.004,-0.106,0.036,1.0,-0.067,-0.056,0.048,0.07
4,B2_3,0.049,0.068,-0.12,0.303,0.148,0.166,-0.067,0.188,0.032,-0.025,0.125,-0.067,1.0,0.131,0.078,0.027
4,y1,0.092,0.144,-0.068,0.004,-0.126,-0.058,-0.149,0.268,-0.115,0.216,-0.148,-0.056,0.131,1.0,0.125,-0.006
4,y2,-0.273,-0.042,0.069,-0.038,0.076,0.337,-0.032,-0.038,-0.006,-0.115,-0.09,0.048,0.078,0.125,1.0,-0.009
4,y3,-0.021,0.003,0.058,0.005,-0.21,-0.143,-0.153,-0.154,-0.037,-0.119,-0.122,0.07,0.027,-0.006,-0.009,1.0
5,.,1.0,-0.113,-0.131,0.005,-0.128,-0.198,-0.082,0.145,0.161,0.166,0.196,-0.245,0.046,0.092,-0.279,-0.025
5,A1_1,-0.113,1.0,0.079,0.108,-0.191,0.085,0.072,0.092,-0.265,0.146,0.011,0.023,0.073,0.14,-0.044,0.002
5,A1_2,-0.131,0.079,1.0,-0.055,-0.051,-0.071,0.18,0.055,-0.014,-0.027,-0.183,0.057,-0.116,-0.068,0.071,0.058
5,A1_3,0.005,0.108,-0.055,1.0,0.164,0.085,-0.253,0.168,0.148,0.14,-0.038,-0.214,0.3,0.005,-0.035,0.006
5,B1_1,-0.128,-0.191,-0.051,0.164,1.0,-0.071,-0.043,-0.004,-0.024,0.083,0.188,-0.141,0.151,-0.127,0.074,-0.211
5,B1_2,-0.198,0.085,-0.071,0.085,-0.071,1.0,-0.004,0.044,-0.045,0.105,0.026,0.007,0.169,-0.062,0.332,-0.146
5,B1_3,-0.082,0.072,0.18,-0.253,-0.043,-0.004,1.0,-0.054,-0.025,-0.113,-0.04,-0.096,-0.062,-0.152,-0.036,-0.156
5,A2_1,0.145,0.092,0.055,0.168,-0.004,0.044,-0.054,1.0,0.079,0.221,0.007,0.032,0.19,0.265,-0.037,-0.153
5,A2_2,0.161,-0.265,-0.014,0.148,-0.024,-0.045,-0.025,0.079,1.0,-0.262,0.23,-0.005,0.034,-0.118,-0.009,-0.038
5,A2_3,0.166,0.146,-0.027,0.14,0.083,0.105,-0.113,0.221,-0.262,1.0,-0.154,-0.106,-0.024,0.213,-0.114,-0.12
5,B2_1,0.196,0.011,-0.183,-0.038,0.188,0.026,-0.04,0.007,0.23,-0.154,1.0,0.039,0.127,-0.156,-0.096,-0.129
5,B2_2,-0.245,0.023,0.057,-0.214,-0.141,0.007,-0.096,0.032,-0.005,-0.106,0.039,1.0,-0.065,-0.059,0.047,0.068
5,B2_3,0.046,0.073,-0.116,0.3,0.151,0.169,-0.062,0.19,0.034,-0.024,0.127,-0.065,1.0,0.127,0.076,0.023
5,y1,0.092,0.14,-0.068,0.005,-0.127,-0.062,-0.152,0.265,-0.118,0.213,-0.156,-0.059,0.127,1.0,0.13,0.003
5,y2,-0.279,-0.044,0.071,-0.035,0.074,0.332,-0.036,-0.037,-0.009,-0.114,-0.096,0.047,0.076,0.13,1.0,-0.002
5,y3,-0.025,0.002,0.058,0.006,-0.211,-0.146,-0.156,-0.153,-0.038,-0.12,-0.129,0.068,0.023,0.003,-0.002,1.0
6,.,1.0,-0.12,-0.134,0.01,-0.131,-0.204,-0.089,0.148,0.161,0.168,0.194,-0.244,0.046,0.091,-0.283,-0.028
6,A1_1,-0.12,1.0,0.079,0.109,-0.189,0.086,0.075,0.094,-0.263,0.146,0.014,0.024,0.076,0.137,-0.044,0.002
6,A1_2,-0.134,0.079,1.0,-0.055,-0.051,-0.07,0.181,0.054,-0.014,-0.028,-0.181,0.057,-0.114,-0.068,0.072,0.059
6,A1_3,0.01,0.109,-0.055,1.0,0.163,0.085,-0.253,0.168,0.148,0.14,-0.037,-0.216,0.298,0.006,-0.033,0.007
6,B1_1,-0.131,-0.189,-0.051,0.163,1.0,-0.069,-0.04,-0.004,-0.024,0.082,0.189,-0.139,0.153,-0.127,0.074,-0.212
6,B1_2,-0.204,0.086,-0.07,0.085,-0.069,1.0,-0.001,0.045,-0.043,0.106,0.027,0.009,0.171,-0.065,0.33,-0.148
6,B1_3,-0.089,0.075,0.181,-0.253,-0.04,-0.001,1.0,-0.053,-0.023,-0.112,-0.038,-0.093,-0.059,-0.154,-0.039,-0.157
6,A2_1,0.148,0.094,0.054,0.168,-0.004,0.045,-0.053,1.0,0.078,0.221,0.009,0.032,0.191,0.264,-0.036,-0.154
6,A2_2,0.161,-0.263,-0.014,0.148,-0.024,-0.043,-0.023,0.078,1.0,-0.262,0.232,-0.004,0.036,-0.121,-0.009,-0.04
6,A2_3,0.168,0.146,-0.028,0.14,0.082,0.106,-0.112,0.221,-0.262,1.0,-0.153,-0.107,-0.024,0.212,-0.114,-0.12
6,B2_1,0.194,0.014,-0.181,-0.037,0.189,0.027,-0.038,0.009,0.232,-0.153,1.0,0.041,0.128,-0.16,-0.101,-0.133
6,B2_2,-0.244,0.024,0.057,-0.216,-0.139,0.009,-0.093,0.032,-0.004,-0.107,0.041,1.0,-0.064,-0.061,0.046,0.067
6,B2_3,0.046,0.076,-0.114,0.298,0.153,0.171,-0.059,0.191,0.036,-0.024,0.128,-0.064,1.0,0.124,0.075,0.02
6,y1,0.091,0.137,-0.068,0.006,-0.127,-0.065,-0.154,0.264,-0.121,0.212,-0.16,-0.061,0.124,1.0,0.134,0.008
6,y2,-0.283,-0.044,0.072,-0.033,0.074,0.33,-0.039,-0.036,-0.009,-0.114,-0.101,0.046,0.075,0.134,1.0,0.002
6,y3,-0.028,0.002,0.059,0.007,-0.212,-0.148,-0.157,-0.154,-0.04,-0.12,-0.133,0.067,0.02,0.008,0.002,1.0
7,.,1.0,-0.126,-0.136,0.013,-0.133,-0.207,-0.094,0.15,0.161,0.169,0.192,-0.245,0.046,0.092,-0.286,-0.028
7,A1_1,-0.126,1.0,0.08,0.109,-0.188,0.087,0.076,0.094,-0.262,0.147,0.015,0.025,0.076,0.135,-0.046,0.0
7,A1_2,-0.136,0.08,1.0,-0.054,-0.05,-0.069,0.182,0.054,-0.013,-0.028,-0.179,0.057,-0.113,-0.068,0.073,0.059
7,A1_3,0.013,0.109,-0.054,1.0,0.161,0.085,-0.253,0.167,0.148,0.139,-0.038,-0.216,0.297,0.005,-0.031,0.007
7,B1_1,-0.133,-0.188,-0.05,0.161,1.0,-0.067,-0.038,-0.005,-0.023,0.082,0.191,-0.137,0.154,-0.128,0.073,-0.212
7,B1_2,-0.207,0.087,-0.069,0.085,-0.067,1.0,-0.0,0.046,-0.042,0.106,0.028,0.01,0.171,-0.065,0.328,-0.148
7,B1_3,-0.094,0.076,0.182,-0.253,-0.038,-0.0,1.0,-0.052,-0.022,-0.111,-0.036,-0.091,-0.058,-0.154,-0.04,-0.158
7,A2_1,0.15,0.094,0.054,0.167,-0.005,0.046,-0.052,1.0,0.078,0.22,0.009,0.032,0.191,0.262,-0.037,-0.154
7,A2_2,0.161,-0.262,-0.013,0.148,-0.023,-0.042,-0.022,0.078,1.0,-0.263,0.234,-0.003,0.036,-0.123,-0.009,-0.041
7,A2_3,0.169,0.147,-0.028,0.139,0.082,0.106,-0.111,0.22,-0.263,1.0,-0.152,-0.108,-0.024,0.211,-0.113,-0.119
7,B2_1,0.192,0.015,-0.179,-0.038,0.191,0.028,-0.036,0.009,0.234,-0.152,1.0,0.043,0.129,-0.164,-0.104,-0.136
7,B2_2,-0.245,0.025,0.057,-0.216,-0.137,0.01,-0.091,0.032,-0.003,-0.108,0.043,1.0,-0.063,-0.062,0.045,0.065
7,B2_3,0.046,0.076,-0.113,0.297,0.154,0.171,-0.058,0.191,0.036,-0.024,0.129,-0.063,1.0,0.123,0.074,0.018
7,y1,0.092,0.135,-0.068,0.005,-0.128,-0.065,-0.154,0.262,-0.123,0.211,-0.164,-0.062,0.123,1.0,0.137,0.012
7,y2,-0.286,-0.046,0.073,-0.031,0.073,0.328,-0.04,-0.037,-0.009,-0.113,-0.104,0.045,0.074,0.137,1.0,0.005
7,y3,-0.028,0.0,0.059,0.007,-0.212,-0.148,-0.158,-0.154,-0.041,-0.119,-0.136,0.065,0.018,0.012,0.005,1.0
8,.,1.0,-0.13,-0.135,0.016,-0.133,-0.209,-0.098,0.151,0.161,0.17,0.188,-0.244,0.047,0.089,-0.288,-0.027
8,A1_1,-0.13,1.0,0.08,0.11,-0.188,0.088,0.076,0.095,-0.262,0.148,0.017,0.025,0.077,0.133,-0.048,-0.001
8,A1_2,-0.135,0.08,1.0,-0.054,-0.049,-0.068,0.183,0.054,-0.013,-0.029,-0.178,0.057,-0.112,-0.068,0.073,0.059
8,A1_3,0.016,0.11,-0.054,1.0,0.16,0.085,-0.254,0.166,0.148,0.139,-0.039,-0.217,0.297,0.005,-0.03,0.007
8,B1_1,-0.133,-0.188,-0.049,0.16,1.0,-0.067,-0.037,-0.005,-0.023,0.081,0.193,-0.136,0.154,-0.127,0.074,-0.212
8,B1_2,-0.209,0.088,-0.068,0.085,-0.067,1.0,0.0,0.046,-0.04,0.106,0.03,0.01,0.172,-0.066,0.327,-0.149
8,B1_3,-0.098,0.076,0.183,-0.254,-0.037,0.0,1.0,-0.052,-0.021,-0.11,-0.034,-0.09,-0.057,-0.155,-0.041,-0.159
8,A2_1,0.151,0.095,0.054,0.166,-0.005,0.046,-0.052,1.0,0.077,0.219,0.01,0.033,0.191,0.26,-0.036,-0.154
8,A2_2,0.161,-0.262,-0.013,0.148,-0.023,-0.04,-0.021,0.077,1.0,-0.263,0.235,-0.004,0.038,-0.125,-0.009,-0.041
8,A2_3,0.17,0.148,-0.029,0.139,0.081,0.106,-0.11,0.219,-0.263,1.0,-0.151,-0.108,-0.023,0.21,-0.112,-0.119
8,B2_1,0.188,0.017,-0.178,-0.039,0.193,0.03,-0.034,0.01,0.235,-0.151,1.0,0.044,0.129,-0.167,-0.107,-0.139
8,B2_2,-0.244,0.025,0.057,-0.217,-0.136,0.01,-0.09,0.033,-0.004,-0.108,0.044,1.0,-0.062,-0.062,0.045,0.064
8,B2_3,0.047,0.077,-0.112,0.297,0.154,0.172,-0.057,0.191,0.038,-0.023,0.129,-0.062,1.0,0.121,0.074,0.017
8,y1,0.089,0.133,-0.068,0.005,-0.127,-0.066,-0.155,0.26,-0.125,0.21,-0.167,-0.062,0.121,1.0,0.139,0.015
8,y2,-0.288,-0.048,0.073,-0.03,0.074,0.327,-0.041,-0.036,-0.009,-0.112,-0.107,0.045,0.074,0.139,1.0,0.008
8,y3,-0.027,-0.001,0.059,0.007,-0.212,-0.149,-0.159,-0.154,-0.041,-0.119,-0.139,0.064,0.017,0.015,0.008,1.0
9,.,1.0,-0.132,-0.137,0.018,-0.135,-0.21,-0.1,0.152,0.16,0.171,0.185,-0.244,0.046,0.09,-0.288,-0.03
9,A1_1,-0.132,1.0,0.08,0.111,-0.187,0.089,0.077,0.095,-0.261,0.148,0.019,0.025,0.078,0.133,-0.048,-0.0
9,A1_2,-0.137,0.08,1.0,-0.054,-0.049,-0.067,0.183,0.054,-0.013,-0.029,-0.177,0.057,-0.112,-0.069,0.074,0.058
9,A1_3,0.018,0.111,-0.054,1.0,0.16,0.085,-0.254,0.166,0.148,0.139,-0.039,-0.217,0.297,0.005,-0.031,0.008
9,B1_1,-0.135,-0.187,-0.049,0.16,1.0,-0.066,-0.036,-0.006,-0.022,0.081,0.194,-0.135,0.154,-0.127,0.074,-0.212
9,B1_2,-0.21,0.089,-0.067,0.085,-0.066,1.0,0.001,0.046,-0.04,0.106,0.031,0.011,0.172,-0.066,0.326,-0.149
9,B1_3,-0.1,0.077,0.183,-0.254,-0.036,0.001,1.0,-0.052,-0.021,-0.11,-0.032,-0.09,-0.056,-0.156,-0.043,-0.16
9,A2_1,0.152,0.095,0.054,0.166,-0.006,0.046,-0.052,1.0,0.077,0.218,0.01,0.032,0.191,0.259,-0.037,-0.155
9,A2_2,0.16,-0.261,-0.013,0.148,-0.022,-0.04,-0.021,0.077,1.0,-0.263,0.236,-0.003,0.038,-0.125,-0.01,-0.04
9,A2_3,0.171,0.148,-0.029,0.139,0.081,0.106,-0.11,0.218,-0.263,1.0,-0.151,-0.108,-0.023,0.209,-0.111,-0.12
9,B2_1,0.185,0.019,-0.177,-0.039,0.194,0.031,-0.032,0.01,0.236,-0.151,1.0,0.045,0.13,-0.168,-0.109,-0.141
9,B2_2,-0.244,0.025,0.057,-0.217,-0.135,0.011,-0.09,0.032,-0.003,-0.108,0.045,1.0,-0.062,-0.063,0.044,0.063
9,B2_3,0.046,0.078,-0.112,0.297,0.154,0.172,-0.056,0.191,0.038,-0.023,0.13,-0.062,1.0,0.12,0.073,0.016
9,y1,0.09,0.133,-0.069,0.005,-0.127,-0.066,-0.156,0.259,-0.125,0.209,-0.168,-0.063,0.12,1.0,0.142,0.018
9,y2,-0.288,-0.048,0.074,-0.031,0.074,0.326,-0.043,-0.037,-0.01,-0.111,-0.109,0.044,0.073,0.142,1.0,0.011
9,y3,-0.03,-0.0,0.058,0.008,-0.212,-0.149,-0.16,-0.155,-0.04,-0.12,-0.141,0.063,0.016,0.018,0.011,1.0
10,.,1.0,-0.133,-0.138,0.02,-0.135,-0.211,-0.102,0.153,0.16,0.172,0.183,-0.244,0.046,0.09,-0.289,-0.031
10,A1_1,-0.133,1.0,0.081,0.112,-0.187,0.089,0.077,0.096,-0.261,0.149,0.02,0.026,0.078,0.132,-0.048,-0.001
10,A1_2,-0.138,0.081,1.0,-0.054,-0.049,-0.067,0.184,0.054,-0.013,-0.029,-0.176,0.057,-0.112,-0.069,0.073,0.057
10,A1_3,0.02,0.112,-0.054,1.0,0.16,0.085,-0.254,0.165,0.149,0.139,-0.039,-0.217,0.297,0.004,-0.03,0.007
10,B1_1,-0.135,-0.187,-0.049,0.16,1.0,-0.066,-0.035,-0.006,-0.022,0.081,0.194,-0.135,0.155,-0.127,0.074,-0.212
10,B1_2,-0.211,0.089,-0.067,0.085,-0.066,1.0,0.002,0.046,-0.039,0.107,0.032,0.011,0.172,-0.067,0.325,-0.15
10,B1_3,-0.102,0.077,0.184,-0.254,-0.035,0.002,1.0,-0.051,-0.02,-0.11,-0.032,-0.089,-0.056,-0.156,-0.043,-0.161
10,A2_1,0.153,0.096,0.054,0.165,-0.006,0.046,-0.051,1.0,0.078,0.218,0.011,0.032,0.191,0.258,-0.036,-0.155
10,A2_2,0.16,-0.261,-0.013,0.149,-0.022,-0.039,-0.02,0.078,1.0,-0.263,0.237,-0.003,0.039,-0.126,-0.011,-0.041
10,A2_3,0.172,0.149,-0.029,0.139,0.081,0.107,-0.11,0.218,-0.263,1.0,-0.15,-0.108,-0.023,0.209,-0.111,-0.12
10,B2_1,0.183,0.02,-0.176,-0.039,0.194,0.032,-0.032,0.011,0.237,-0.15,1.0,0.046,0.13,-0.169,-0.111,-0.143
10,B2_2,-0.244,0.026,0.057,-0.217,-0.135,0.011,-0.089,0.032,-0.003,-0.108,0.046,1.0,-0.061,-0.063,0.045,0.063
10,B2_3,0.046,0.078,-0.112,0.297,0.155,0.172,-0.056,0.191,0.039,-0.023,0.13,-0.061,1.0,0.119,0.073,0.016
10,y1,0.09,0.132,-0.069,0.004,-0.127,-0.067,-0.156,0.258,-0.126,0.209,-0.169,-0.063,0.119,1.0,0.144,0.019
10,y2,-0.289,-0.048,0.073,-0.03,0.074,0.325,-0.043,-0.036,-0.011,-0.111,-0.111,0.045,0.073,0.144,1.0,0.012
10,y3,-0.031,-0.001,0.057,0.007,-0.212,-0.15,-0.161,-0.155,-0.041,-0.12,-0.143,0.063,0.016,0.019,0.012,1.0
11,.,1.0,-0.136,-0.139,0.02,-0.136,-0.213,-0.104,0.152,0.159,0.173,0.181,-0.245,0.045,0.089,-0.291,-0.031
11,A1_1,-0.136,1.0,0.081,0.112,-0.187,0.089,0.077,0.096,-0.261,0.15,0.02,0.027,0.078,0.132,-0.048,-0.001
11,A1_2,-0.139,0.081,1.0,-0.054,-0.049,-0.066,0.184,0.055,-0.012,-0.029,-0.176,0.058,-0.112,-0.069,0.073,0.057
11,A1_3,0.02,0.112,-0.054,1.0,0.16,0.085,-0.254,0.165,0.149,0.14,-0.038,-0.219,0.297,0.004,-0.029,0.008
11,B1_1,-0.136,-0.187,-0.049,0.16,1.0,-0.065,-0.035,-0.006,-0.021,0.081,0.194,-0.134,0.155,-0.127,0.073,-0.213
11,B1_2,-0.213,0.089,-0.066,0.085,-0.065,1.0,0.002,0.047,-0.039,0.107,0.032,0.012,0.172,-0.067,0.324,-0.15
11,B1_3,-0.104,0.077,0.184,-0.254,-0.035,0.002,1.0,-0.051,-0.02,-0.11,-0.031,-0.087,-0.055,-0.156,-0.044,-0.162
11,A2_1,0.152,0.096,0.055,0.165,-0.006,0.047,-0.051,1.0,0.078,0.219,0.011,0.032,0.191,0.258,-0.036,-0.155
11,A2_2,0.159,-0.261,-0.012,0.149,-0.021,-0.039,-0.02,0.078,1.0,-0.262,0.237,-0.003,0.039,-0.126,-0.012,-0.04
11,A2_3,0.173,0.15,-0.029,0.14,0.081,0.107,-0.11,0.219,-0.262,1.0,-0.15,-0.11,-0.022,0.208,-0.111,-0.119
11,B2_1,0.181,0.02,-0.176,-0.038,0.194,0.032,-0.031,0.011,0.237,-0.15,1.0,0.046,0.131,-0.17,-0.112,-0.143
11,B2_2,-0.245,0.027,0.058,-0.219,-0.134,0.012,-0.087,0.032,-0.003,-0.11,0.046,1.0,-0.061,-0.064,0.044,0.062
11,B2_3,0.045,0.078,-0.112,0.297,0.155,0.172,-0.055,0.191,0.039,-0.022,0.131,-0.061,1.0,0.119,0.072,0.015
11,y1,0.089,0.132,-0.069,0.004,-0.127,-0.067,-0.156,0.258,-0.126,0.208,-0.17,-0.064,0.119,1.0,0.144,0.021
11,y2,-0.291,-0.048,0.073,-0.029,0.073,0.324,-0.044,-0.036,-0.012,-0.111,-0.112,0.044,0.072,0.144,1.0,0.014
11,y3,-0.031,-0.001,0.057,0.008,-0.213,-0.15,-0.162,-0.155,-0.04,-0.119,-0.143,0.062,0.015,0.021,0.014,1.0
12,.,1.0,-0.136,-0.139,0.021,-0.136,-0.214,-0.104,0.154,0.158,0.174,0.178,-0.244,0.045,0.089,-0.291,-0.032
12,A1_1,-0.136,1.0,0.081,0.112,-0.187,0.09,0.077,0.096,-0.261,0.15,0.021,0.027,0.078,0.131,-0.049,-0.002
12,A1_2,-0.139,0.081,1.0,-0.054,-0.049,-0.066,0.184,0.055,-0.012,-0.03,-0.176,0.058,-0.112,-0.069,0.072,0.056
12,A1_3,0.021,0.112,-0.054,1.0,0.16,0.085,-0.254,0.164,0.15,0.14,-0.039,-0.219,0.298,0.005,-0.028,0.009
12,B1_1,-0.136,-0.187,-0.049,0.16,1.0,-0.065,-0.035,-0.006,-0.021,0.081,0.195,-0.134,0.155,-0.126,0.074,-0.212
12,B1_2,-0.214,0.09,-0.066,0.085,-0.065,1.0,0.003,0.046,-0.038,0.107,0.033,0.013,0.173,-0.067,0.324,-0.15
12,B1_3,-0.104,0.077,0.184,-0.254,-0.035,0.003,1.0,-0.051,-0.02,-0.11,-0.03,-0.087,-0.055,-0.157,-0.044,-0.162
12,A2_1,0.154,0.096,0.055,0.164,-0.006,0.046,-0.051,1.0,0.078,0.218,0.011,0.032,0.191,0.258,-0.036,-0.155
12,A2_2,0.158,-0.261,-0.012,0.15,-0.021,-0.038,-0.02,0.078,1.0,-0.263,0.238,-0.003,0.039,-0.126,-0.011,-0.04
12,A2_3,0.174,0.15,-0.03,0.14,0.081,0.107,-0.11,0.218,-0.263,1.0,-0.15,-0.11,-0.022,0.207,-0.11,-0.119
12,B2_1,0.178,0.021,-0.176,-0.039,0.195,0.033,-0.03,0.011,0.238,-0.15,1.0,0.047,0.131,-0.171,-0.114,-0.145
12,B2_2,-0.244,0.027,0.058,-0.219,-0.134,0.013,-0.087,0.032,-0.003,-0.11,0.047,1.0,-0.061,-0.064,0.044,0.061
12,B2_3,0.045,0.078,-0.112,0.298,0.155,0.173,-0.055,0.191,0.039,-0.022,0.131,-0.061,1.0,0.118,0.072,0.015
12,y1,0.089,0.131,-0.069,0.005,-0.126,-0.067,-0.157,0.258,-0.126,0.207,-0.171,-0.064,0.118,1.0,0.146,0.022
12,y2,-0.291,-0.049,0.072,-0.028,0.074,0.324,-0.044,-0.036,-0.011,-0.11,-0.114,0.044,0.072,0.146,1.0,0.015
12,y3,-0.032,-0.002,0.056,0.009,-0.212,-0.15,-0.162,-0.155,-0.04,-0.119,-0.145,0.061,0.015,0.022,0.015,1.0
13,.,1.0,-0.139,-0.138,0.021,-0.137,-0.215,-0.106,0.153,0.159,0.174,0.178,-0.245,0.044,0.089,-0.293,-0.032
13,A1_1,-0.139,1.0,0.082,0.113,-0.186,0.09,0.077,0.096,-0.261,0.151,0.021,0.028,0.078,0.131,-0.049,-0.002
13,A1_2,-0.138,0.082,1.0,-0.054,-0.049,-0.066,0.184,0.055,-0.012,-0.03,-0.175,0.058,-0.111,-0.069,0.072,0.055
13,A1_3,0.021,0.113,-0.054,1.0,0.16,0.085,-0.254,0.164,0.15,0.141,-0.039,-0.22,0.297,0.005,-0.028,0.009
13,B1_1,-0.137,-0.186,-0.049,0.16,1.0,-0.065,-0.034,-0.006,-0.021,0.081,0.195,-0.133,0.155,-0.126,0.075,-0.213
13,B1_2,-0.215,0.09,-0.066,0.085,-0.065,1.0,0.003,0.046,-0.038,0.107,0.033,0.014,0.173,-0.068,0.323,-0.15
13,B1_3,-0.106,0.077,0.184,-0.254,-0.034,0.003,1.0,-0.051,-0.019,-0.11,-0.03,-0.086,-0.054,-0.157,-0.045,-0.163
13,A2_1,0.153,0.096,0.055,0.164,-0.006,0.046,-0.051,1.0,0.078,0.217,0.011,0.032,0.191,0.258,-0.036,-0.155
13,A2_2,0.159,-0.261,-0.012,0.15,-0.021,-0.038,-0.019,0.078,1.0,-0.262,0.238,-0.003,0.039,-0.125,-0.012,-0.04
13,A2_3,0.174,0.151,-0.03,0.141,0.081,0.107,-0.11,0.217,-0.262,1.0,-0.149,-0.111,-0.021,0.206,-0.109,-0.119
13,B2_1,0.178,0.021,-0.175,-0.039,0.195,0.033,-0.03,0.011,0.238,-0.149,1.0,0.047,0.131,-0.171,-0.115,-0.145
13,B2_2,-0.245,0.028,0.058,-0.22,-0.133,0.014,-0.086,0.032,-0.003,-0.111,0.047,1.0,-0.061,-0.065,0.044,0.06
13,B2_3,0.044,0.078,-0.111,0.297,0.155,0.173,-0.054,0.191,0.039,-0.021,0.131,-0.061,1.0,0.118,0.071,0.015
13,y1,0.089,0.131,-0.069,0.005,-0.126,-0.068,-0.157,0.258,-0.125,0.206,-0.171,-0.065,0.118,1.0,0.147,0.023
13,y2,-0.293,-0.049,0.072,-0.028,0.075,0.323,-0.045,-0.036,-0.012,-0.109,-0.115,0.044,0.071,0.147,1.0,0.016
13,y3,-0.032,-0.002,0.055,0.009,-0.213,-0.15,-0.163,-0.155,-0.04,-0.119,-0.145,0.06,0.015,0.023,0.016,1.0
14,.,1.0,-0.139,-0.14,0.021,-0.137,-0.216,-0.107,0.154,0.159,0.175,0.177,-0.245,0.044,0.088,-0.293,-0.035
14,A1_1,-0.139,1.0,0.082,0.112,-0.186,0.09,0.078,0.097,-0.261,0.152,0.021,0.028,0.079,0.131,-0.05,-0.002
14,A1_2,-0.14,0.082,1.0,-0.053,-0.049,-0.065,0.185,0.055,-0.012,-0.03,-0.174,0.058,-0.111,-0.069,0.073,0.055
14,A1_3,0.021,0.112,-0.053,1.0,0.159,0.085,-0.254,0.164,0.15,0.141,-0.039,-0.22,0.297,0.005,-0.028,0.009
14,B1_1,-0.137,-0.186,-0.049,0.159,1.0,-0.064,-0.034,-0.006,-0.02,0.081,0.195,-0.132,0.156,-0.126,0.075,-0.212
14,B1_2,-0.216,0.09,-0.065,0.085,-0.064,1.0,0.003,0.046,-0.038,0.108,0.033,0.014,0.173,-0.068,0.323,-0.15
14,B1_3,-0.107,0.078,0.185,-0.254,-0.034,0.003,1.0,-0.051,-0.019,-0.11,-0.03,-0.085,-0.054,-0.158,-0.046,-0.164
14,A2_1,0.154,0.097,0.055,0.164,-0.006,0.046,-0.051,1.0,0.079,0.218,0.011,0.032,0.191,0.257,-0.036,-0.155
14,A2_2,0.159,-0.261,-0.012,0.15,-0.02,-0.038,-0.019,0.079,1.0,-0.262,0.239,-0.003,0.04,-0.125,-0.012,-0.04
14,A2_3,0.175,0.152,-0.03,0.141,0.081,0.108,-0.11,0.218,-0.262,1.0,-0.149,-0.111,-0.021,0.206,-0.109,-0.119
14,B2_1,0.177,0.021,-0.174,-0.039,0.195,0.033,-0.03,0.011,0.239,-0.149,1.0,0.048,0.131,-0.171,-0.115,-0.146
14,B2_2,-0.245,0.028,0.058,-0.22,-0.132,0.014,-0.085,0.032,-0.003,-0.111,0.048,1.0,-0.061,-0.066,0.044,0.06
14,B2_3,0.044,0.079,-0.111,0.297,0.156,0.173,-0.054,0.191,0.04,-0.021,0.131,-0.061,1.0,0.117,0.071,0.014
14,y1,0.088,0.131,-0.069,0.005,-0.126,-0.068,-0.158,0.257,-0.125,0.206,-0.171,-0.066,0.117,1.0,0.147,0.024
14,y2,-0.293,-0.05,0.073,-0.028,0.075,0.323,-0.046,-0.036,-0.012,-0.109,-0.115,0.044,0.071,0.147,1.0,0.017
14,y3,-0.035,-0.002,0.055,0.009,-0.212,-0.15,-0.164,-0.155,-0.04,-0.119,-0.146,0.06,0.014,0.024,0.017,1.0
15,.,1.0,-0.139,-0.14,0.022,-0.138,-0.215,-0.107,0.154,0.157,0.176,0.176,-0.244,0.044,0.089,-0.293,-0.037
15,A1_1,-0.139,1.0,0.082,0.113,-0.186,0.091,0.078,0.096,-0.261,0.151,0.022,0.028,0.079,0.13,-0.049,-0.001
15,A1_2,-0.14,0.082,1.0,-0.053,-0.049,-0.065,0.185,0.055,-0.012,-0.03,-0.174,0.058,-0.111,-0.069,0.073,0.055
15,A1_3,0.022,0.113,-0.053,1.0,0.159,0.085,-0.254,0.163,0.15,0.141,-0.039,-0.22,0.297,0.004,-0.027,0.009
15,B1_1,-0.138,-0.186,-0.049,0.159,1.0,-0.064,-0.033,-0.006,-0.02,0.081,0.195,-0.132,0.156,-0.126,0.075,-0.212
15,B1_2,-0.215,0.091,-0.065,0.085,-0.064,1.0,0.004,0.047,-0.038,0.108,0.033,0.014,0.173,-0.068,0.323,-0.15
15,B1_3,-0.107,0.078,0.185,-0.254,-0.033,0.004,1.0,-0.051,-0.019,-0.11,-0.029,-0.084,-0.054,-0.159,-0.046,-0.165
15,A2_1,0.154,0.096,0.055,0.163,-0.006,0.047,-0.051,1.0,0.078,0.218,0.011,0.032,0.191,0.257,-0.036,-0.154
15,A2_2,0.157,-0.261,-0.012,0.15,-0.02,-0.038,-0.019,0.078,1.0,-0.262,0.239,-0.003,0.04,-0.125,-0.012,-0.04
15,A2_3,0.176,0.151,-0.03,0.141,0.081,0.108,-0.11,0.218,-0.262,1.0,-0.149,-0.11,-0.021,0.206,-0.109,-0.119
15,B2_1,0.176,0.022,-0.174,-0.039,0.195,0.033,-0.029,0.011,0.239,-0.149,1.0,0.048,0.131,-0.172,-0.116,-0.147
15,B2_2,-0.244,0.028,0.058,-0.22,-0.132,0.014,-0.084,0.032,-0.003,-0.11,0.048,1.0,-0.06,-0.065,0.045,0.06
15,B2_3,0.044,0.079,-0.111,0.297,0.156,0.173,-0.054,0.191,0.04,-0.021,0.131,-0.06,1.0,0.117,0.071,0.014
15,y1,0.089,0.13,-0.069,0.004,-0.126,-0.068,-0.159,0.257,-0.125,0.206,-0.172,-0.065,0.117,1.0,0.147,0.025
15,y2,-0.293,-0.049,0.073,-0.027,0.075,0.323,-0.046,-0.036,-0.012,-0.109,-0.116,0.045,0.071,0.147,1.0,0.019
15,y3,-0.037,-0.001,0.055,0.009,-0.212,-0.15,-0.165,-0.154,-0.04,-0.119,-0.147,0.06,0.014,0.025,0.019,1.0
16,.,1.0,-0.139,-0.141,0.022,-0.139,-0.216,-0.108,0.154,0.157,0.176,0.176,-0.242,0.045,0.087,-0.294,-0.038
16,A1_1,-0.139,1.0,0.083,0.113,-0.185,0.091,0.079,0.097,-0.261,0.152,0.022,0.028,0.079,0.13,-0.05,-0.002
16,A1_2,-0.141,0.083,1.0,-0.052,-0.048,-0.064,0.185,0.055,-0.011,-0.03,-0.173,0.058,-0.11,-0.069,0.073,0.054
16,A1_3,0.022,0.113,-0.052,1.0,0.159,0.085,-0.254,0.163,0.15,0.141,-0.039,-0.22,0.296,0.005,-0.027,0.01
16,B1_1,-0.139,-0.185,-0.048,0.159,1.0,-0.063,-0.032,-0.006,-0.019,0.08,0.196,-0.132,0.156,-0.126,0.076,-0.211
16,B1_2,-0.216,0.091,-0.064,0.085,-0.063,1.0,0.004,0.046,-0.037,0.108,0.034,0.014,0.173,-0.069,0.323,-0.15
16,B1_3,-0.108,0.079,0.185,-0.254,-0.032,0.004,1.0,-0.051,-0.018,-0.11,-0.029,-0.084,-0.054,-0.159,-0.047,-0.166
16,A2_1,0.154,0.097,0.055,0.163,-0.006,0.046,-0.051,1.0,0.078,0.218,0.011,0.032,0.191,0.257,-0.036,-0.154
16,A2_2,0.157,-0.261,-0.011,0.15,-0.019,-0.037,-0.018,0.078,1.0,-0.261,0.239,-0.003,0.04,-0.125,-0.013,-0.04
16,A2_3,0.176,0.152,-0.03,0.141,0.08,0.108,-0.11,0.218,-0.261,1.0,-0.149,-0.11,-0.021,0.205,-0.109,-0.119
16,B2_1,0.176,0.022,-0.173,-0.039,0.196,0.034,-0.029,0.011,0.239,-0.149,1.0,0.048,0.132,-0.173,-0.116,-0.148
16,B2_2,-0.242,0.028,0.058,-0.22,-0.132,0.014,-0.084,0.032,-0.003,-0.11,0.048,1.0,-0.06,-0.065,0.045,0.061
16,B2_3,0.045,0.079,-0.11,0.296,0.156,0.173,-0.054,0.191,0.04,-0.021,0.132,-0.06,1.0,0.117,0.071,0.014
16,y1,0.087,0.13,-0.069,0.005,-0.126,-0.069,-0.159,0.257,-0.125,0.205,-0.173,-0.065,0.117,1.0,0.149,0.027
16,y2,-0.294,-0.05,0.073,-0.027,0.076,0.323,-0.047,-0.036,-0.013,-0.109,-0.116,0.045,0.071,0.149,1.0,0.02
16,y3,-0.038,-0.002,0.054,0.01,-0.211,-0.15,-0.166,-0.154,-0.04,-0.119,-0.148,0.061,0.014,0.027,0.02,1.0
17,.,1.0,-0.14,-0.141,0.022,-0.139,-0.217,-0.108,0.154,0.157,0.176,0.175,-0.242,0.044,0.088,-0.294,-0.038
17,A1_1,-0.14,1.0,0.083,0.113,-0.185,0.091,0.079,0.097,-0.261,0.152,0.023,0.028,0.079,0.13,-0.05,-0.002
17,A1_2,-0.141,0.083,1.0,-0.052,-0.048,-0.064,0.185,0.055,-0.011,-0.03,-0.173,0.058,-0.11,-0.07,0.072,0.054
17,A1_3,0.022,0.113,-0.052,1.0,0.159,0.086,-0.254,0.162,0.151,0.141,-0.038,-0.22,0.297,0.004,-0.026,0.01
17,B1_1,-0.139,-0.185,-0.048,0.159,1.0,-0.063,-0.032,-0.006,-0.019,0.08,0.196,-0.131,0.156,-0.126,0.077,-0.211
17,B1_2,-0.217,0.091,-0.064,0.086,-0.063,1.0,0.005,0.046,-0.037,0.108,0.034,0.015,0.173,-0.069,0.322,-0.15
17,B1_3,-0.108,0.079,0.185,-0.254,-0.032,0.005,1.0,-0.05,-0.018,-0.11,-0.029,-0.084,-0.054,-0.159,-0.047,-0.166
17,A2_1,0.154,0.097,0.055,0.162,-0.006,0.046,-0.05,1.0,0.079,0.218,0.011,0.032,0.191,0.257,-0.035,-0.154
17,A2_2,0.157,-0.261,-0.011,0.151,-0.019,-0.037,-0.018,0.079,1.0,-0.261,0.239,-0.003,0.04,-0.125,-0.012,-0.04
17,A2_3,0.176,0.152,-0.03,0.141,0.08,0.108,-0.11,0.218,-0.261,1.0,-0.149,-0.11,-0.021,0.205,-0.109,-0.119
17,B2_1,0.175,0.023,-0.173,-0.038,0.196,0.034,-0.029,0.011,0.239,-0.149,1.0,0.048,0.132,-0.173,-0.117,-0.148
17,B2_2,-0.242,0.028,0.058,-0.22,-0.131,0.015,-0.084,0.032,-0.003,-0.11,0.048,1.0,-0.06,-0.066,0.045,0.06
17,B2_3,0.044,0.079,-0.11,0.297,0.156,0.173,-0.054,0.191,0.04,-0.021,0.132,-0.06,1.0,0.117,0.07,0.013
17,y1,0.088,0.13,-0.07,0.004,-0.126,-0.069,-0.159,0.257,-0.125,0.205,-0.173,-0.066,0.117,1.0,0.149,0.027
17,y2,-0.294,-0.05,0.072,-0.026,0.077,0.322,-0.047,-0.035,-0.012,-0.109,-0.117,0.045,0.07,0.149,1.0,0.02
17,y3,-0.038,-0.002,0.054,0.01,-0.211,-0.15,-0.166,-0.154,-0.04,-0.119,-0.148,0.06,0.013,0.027,0.02,1.0
18,.,1.0,-0.141,-0.141,0.022,-0.139,-0.218,-0.109,0.153,0.156,0.177,0.174,-0.244,0.042,0.088,-0.295,-0.037
18,A1_1,-0.141,1.0,0.082,0.113,-0.185,0.092,0.079,0.097,-0.261,0.153,0.023,0.029,0.079,0.129,-0.05,-0.003
18,A1_2,-0.141,0.082,1.0,-0.052,-0.048,-0.064,0.186,0.055,-0.011,-0.03,-0.173,0.059,-0.11,-0.069,0.072,0.054
18,A1_3,0.022,0.113,-0.052,1.0,0.158,0.086,-0.254,0.162,0.151,0.142,-0.037,-0.221,0.297,0.004,-0.025,0.01
18,B1_1,-0.139,-0.185,-0.048,0.158,1.0,-0.063,-0.032,-0.006,-0.019,0.081,0.196,-0.131,0.156,-0.126,0.077,-0.211
18,B1_2,-0.218,0.092,-0.064,0.086,-0.063,1.0,0.005,0.046,-0.037,0.108,0.034,0.016,0.173,-0.069,0.321,-0.151
18,B1_3,-0.109,0.079,0.186,-0.254,-0.032,0.005,1.0,-0.051,-0.018,-0.109,-0.029,-0.083,-0.053,-0.159,-0.048,-0.166
18,A2_1,0.153,0.097,0.055,0.162,-0.006,0.046,-0.051,1.0,0.079,0.218,0.012,0.032,0.191,0.257,-0.035,-0.154
18,A2_2,0.156,-0.261,-0.011,0.151,-0.019,-0.037,-0.018,0.079,1.0,-0.261,0.239,-0.002,0.04,-0.125,-0.013,-0.041
18,A2_3,0.177,0.153,-0.03,0.142,0.081,0.108,-0.109,0.218,-0.261,1.0,-0.148,-0.112,-0.02,0.204,-0.108,-0.119
18,B2_1,0.174,0.023,-0.173,-0.037,0.196,0.034,-0.029,0.012,0.239,-0.148,1.0,0.049,0.132,-0.174,-0.118,-0.149
18,B2_2,-0.244,0.029,0.059,-0.221,-0.131,0.016,-0.083,0.032,-0.002,-0.112,0.049,1.0,-0.06,-0.067,0.045,0.059
18,B2_3,0.042,0.079,-0.11,0.297,0.156,0.173,-0.053,0.191,0.04,-0.02,0.132,-0.06,1.0,0.117,0.07,0.013
18,y1,0.088,0.129,-0.069,0.004,-0.126,-0.069,-0.159,0.257,-0.125,0.204,-0.174,-0.067,0.117,1.0,0.15,0.028
18,y2,-0.295,-0.05,0.072,-0.025,0.077,0.321,-0.048,-0.035,-0.013,-0.108,-0.118,0.045,0.07,0.15,1.0,0.021
18,y3,-0.037,-0.003,0.054,0.01,-0.211,-0.151,-0.166,-0.154,-0.041,-0.119,-0.149,0.059,0.013,0.028,0.021,1.0
19,.,1.0,-0.142,-0.142,0.023,-0.14,-0.218,-0.11,0.153,0.156,0.177,0.173,-0.245,0.042,0.088,-0.295,-0.038
19,A1_1,-0.142,1.0,0.083,0.114,-0.184,0.092,0.08,0.097,-0.261,0.153,0.023,0.029,0.079,0.129,-0.05,-0.003
19,A1_2,-0.142,0.083,1.0,-0.052,-0.048,-0.064,0.186,0.055,-0.011,-0.03,-0.173,0.059,-0.11,-0.069,0.073,0.054
19,A1_3,0.023,0.114,-0.052,1.0,0.158,0.086,-0.254,0.161,0.152,0.141,-0.037,-0.221,0.297,0.004,-0.025,0.011
19,B1_1,-0.14,-0.184,-0.048,0.158,1.0,-0.063,-0.031,-0.005,-0.019,0.08,0.196,-0.13,0.156,-0.126,0.076,-0.211
19,B1_2,-0.218,0.092,-0.064,0.086,-0.063,1.0,0.005,0.046,-0.037,0.108,0.034,0.016,0.174,-0.07,0.322,-0.151
19,B1_3,-0.11,0.08,0.186,-0.254,-0.031,0.005,1.0,-0.05,-0.018,-0.109,-0.029,-0.083,-0.053,-0.16,-0.048,-0.166
19,A2_1,0.153,0.097,0.055,0.161,-0.005,0.046,-0.05,1.0,0.079,0.218,0.012,0.032,0.191,0.257,-0.035,-0.154
19,A2_2,0.156,-0.261,-0.011,0.152,-0.019,-0.037,-0.018,0.079,1.0,-0.261,0.24,-0.002,0.04,-0.125,-0.013,-0.04
19,A2_3,0.177,0.153,-0.03,0.141,0.08,0.108,-0.109,0.218,-0.261,1.0,-0.149,-0.112,-0.02,0.204,-0.108,-0.119
19,B2_1,0.173,0.023,-0.173,-0.037,0.196,0.034,-0.029,0.012,0.24,-0.149,1.0,0.049,0.132,-0.174,-0.118,-0.149
19,B2_2,-0.245,0.029,0.059,-0.221,-0.13,0.016,-0.083,0.032,-0.002,-0.112,0.049,1.0,-0.06,-0.067,0.045,0.059
19,B2_3,0.042,0.079,-0.11,0.297,0.156,0.174,-0.053,0.191,0.04,-0.02,0.132,-0.06,1.0,0.116,0.07,0.013
19,y1,0.088,0.129,-0.069,0.004,-0.126,-0.07,-0.16,0.257,-0.125,0.204,-0.174,-0.067,0.116,1.0,0.15,0.028
19,y2,-0.295,-0.05,0.073,-0.025,0.076,0.322,-0.048,-0.035,-0.013,-0.108,-0.118,0.045,0.07,0.15,1.0,0.022
19,y3,-0.038,-0.003,0.054,0.011,-0.211,-0.151,-0.166,-0.154,-0.04,-0.119,-0.149,0.059,0.013,0.028,0.022,1.0
20,.,1.0,-0.142,-0.141,0.023,-0.14,-0.219,-0.11,0.154,0.156,0.178,0.174,-0.245,0.042,0.087,-0.295,-0.039
20,A1_1,-0.142,1.0,0.083,0.114,-0.184,0.093,0.08,0.097,-0.261,0.153,0.024,0.029,0.079,0.129,-0.05,-0.002
20,A1_2,-0.141,0.083,1.0,-0.052,-0.048,-0.063,0.186,0.055,-0.011,-0.03,-0.172,0.059,-0.11,-0.069,0.073,0.054
20,A1_3,0.023,0.114,-0.052,1.0,0.158,0.085,-0.254,0.161,0.152,0.141,-0.037,-0.221,0.297,0.003,-0.026,0.011
20,B1_1,-0.14,-0.184,-0.048,0.158,1.0,-0.062,-0.031,-0.005,-0.018,0.08,0.196,-0.13,0.156,-0.126,0.077,-0.211
20,B1_2,-0.219,0.093,-0.063,0.085,-0.062,1.0,0.006,0.046,-0.036,0.108,0.034,0.016,0.173,-0.07,0.321,-0.151
20,B1_3,-0.11,0.08,0.186,-0.254,-0.031,0.006,1.0,-0.05,-0.018,-0.109,-0.029,-0.082,-0.053,-0.16,-0.048,-0.166
20,A2_1,0.154,0.097,0.055,0.161,-0.005,0.046,-0.05,1.0,0.079,0.218,0.012,0.032,0.191,0.257,-0.035,-0.154
20,A2_2,0.156,-0.261,-0.011,0.152,-0.018,-0.036,-0.018,0.079,1.0,-0.261,0.24,-0.002,0.04,-0.125,-0.014,-0.041
20,A2_3,0.178,0.153,-0.03,0.141,0.08,0.108,-0.109,0.218,-0.261,1.0,-0.149,-0.112,-0.021,0.204,-0.108,-0.119
20,B2_1,0.174,0.024,-0.172,-0.037,0.196,0.034,-0.029,0.012,0.24,-0.149,1.0,0.049,0.132,-0.175,-0.119,-0.149
20,B2_2,-0.245,0.029,0.059,-0.221,-0.13,0.016,-0.082,0.032,-0.002,-0.112,0.049,1.0,-0.06,-0.068,0.046,0.059
20,B2_3,0.042,0.079,-0.11,0.297,0.156,0.173,-0.053,0.191,0.04,-0.021,0.132,-0.06,1.0,0.116,0.07,0.013
20,y1,0.087,0.129,-0.069,0.003,-0.126,-0.07,-0.16,0.257,-0.125,0.204,-0.175,-0.068,0.116,1.0,0.151,0.028
20,y2,-0.295,-0.05,0.073,-0.026,0.077,0.321,-0.048,-0.035,-0.014,-0.108,-0.119,0.046,0.07,0.151,1.0,0.022
20,y3,-0.039,-0.002,0.054,0.011,-0.211,-0.151,-0.166,-0.154,-0.041,-0.119,-0.149,0.059,0.013,0.028,0.022,1.0
21,.,1.0,-0.143,-0.142,0.023,-0.139,-0.219,-0.111,0.153,0.155,0.178,0.174,-0.245,0.042,0.086,-0.297,-0.039
21,A1_1,-0.143,1.0,0.083,0.115,-0.184,0.093,0.08,0.097,-0.261,0.153,0.024,0.029,0.079,0.129,-0.051,-0.002
21,A1_2,-0.142,0.083,1.0,-0.051,-0.048,-0.063,0.186,0.055,-0.009,-0.03,-0.171,0.058,-0.109,-0.07,0.073,0.053
21,A1_3,0.023,0.115,-0.051,1.0,0.158,0.085,-0.254,0.161,0.153,0.141,-0.037,-0.221,0.297,0.003,-0.025,0.012
21,B1_1,-0.139,-0.184,-0.048,0.158,1.0,-0.062,-0.031,-0.005,-0.018,0.08,0.197,-0.13,0.156,-0.126,0.077,-0.211
21,B1_2,-0.219,0.093,-0.063,0.085,-0.062,1.0,0.006,0.046,-0.036,0.109,0.035,0.016,0.174,-0.07,0.321,-0.151
21,B1_3,-0.111,0.08,0.186,-0.254,-0.031,0.006,1.0,-0.05,-0.017,-0.109,-0.028,-0.082,-0.053,-0.16,-0.048,-0.166
21,A2_1,0.153,0.097,0.055,0.161,-0.005,0.046,-0.05,1.0,0.08,0.218,0.012,0.032,0.191,0.257,-0.034,-0.154
21,A2_2,0.155,-0.261,-0.009,0.153,-0.018,-0.036,-0.017,0.08,1.0,-0.26,0.24,-0.002,0.04,-0.125,-0.014,-0.04
21,A2_3,0.178,0.153,-0.03,0.141,0.08,0.109,-0.109,0.218,-0.26,1.0,-0.148,-0.112,-0.02,0.204,-0.108,-0.119
21,B2_1,0.174,0.024,-0.171,-0.037,0.197,0.035,-0.028,0.012,0.24,-0.148,1.0,0.049,0.132,-0.174,-0.119,-0.15
21,B2_2,-0.245,0.029,0.058,-0.221,-0.13,0.016,-0.082,0.032,-0.002,-0.112,0.049,1.0,-0.06,-0.068,0.046,0.059
21,B2_3,0.042,0.079,-0.109,0.297,0.156,0.174,-0.053,0.191,0.04,-0.02,0.132,-0.06,1.0,0.116,0.069,0.013
21,y1,0.086,0.129,-0.07,0.003,-0.126,-0.07,-0.16,0.257,-0.125,0.204,-0.174,-0.068,0.116,1.0,0.152,0.029
21,y2,-0.297,-0.051,0.073,-0.025,0.077,0.321,-0.048,-0.034,-0.014,-0.108,-0.119,0.046,0.069,0.152,1.0,0.022
21,y3,-0.039,-0.002,0.053,0.012,-0.211,-0.151,-0.166,-0.154,-0.04,-0.119,-0.15,0.059,0.013,0.029,0.022,1.0
22,.,1.0,-0.144,-0.142,0.023,-0.141,-0.22,-0.113,0.155,0.155,0.179,0.17,-0.244,0.041,0.086,-0.297,-0.04
22,A1_1,-0.144,1.0,0.083,0.115,-0.184,0.093,0.08,0.098,-0.261,0.153,0.025,0.029,0.08,0.128,-0.052,-0.002
22,A1_2,-0.142,0.083,1.0,-0.052,-0.048,-0.062,0.186,0.055,-0.009,-0.03,-0.17,0.058,-0.11,-0.07,0.074,0.053
22,A1_3,0.023,0.115,-0.052,1.0,0.158,0.085,-0.254,0.16,0.153,0.141,-0.037,-0.221,0.298,0.003,-0.026,0.011
22,B1_1,-0.141,-0.184,-0.048,0.158,1.0,-0.062,-0.031,-0.005,-0.017,0.08,0.197,-0.13,0.156,-0.126,0.077,-0.211
22,B1_2,-0.22,0.093,-0.062,0.085,-0.062,1.0,0.007,0.046,-0.036,0.109,0.036,0.017,0.174,-0.07,0.321,-0.151
22,B1_3,-0.113,0.08,0.186,-0.254,-0.031,0.007,1.0,-0.05,-0.017,-0.109,-0.027,-0.082,-0.053,-0.161,-0.049,-0.166
22,A2_1,0.155,0.098,0.055,0.16,-0.005,0.046,-0.05,1.0,0.08,0.217,0.012,0.032,0.191,0.256,-0.034,-0.154
22,A2_2,0.155,-0.261,-0.009,0.153,-0.017,-0.036,-0.017,0.08,1.0,-0.259,0.24,-0.002,0.04,-0.126,-0.014,-0.04
22,A2_3,0.179,0.153,-0.03,0.141,0.08,0.109,-0.109,0.217,-0.259,1.0,-0.148,-0.113,-0.019,0.203,-0.107,-0.119
22,B2_1,0.17,0.025,-0.17,-0.037,0.197,0.036,-0.027,0.012,0.24,-0.148,1.0,0.05,0.132,-0.177,-0.12,-0.151
22,B2_2,-0.244,0.029,0.058,-0.221,-0.13,0.017,-0.082,0.032,-0.002,-0.113,0.05,1.0,-0.06,-0.068,0.047,0.059
22,B2_3,0.041,0.08,-0.11,0.298,0.156,0.174,-0.053,0.191,0.04,-0.019,0.132,-0.06,1.0,0.115,0.069,0.013
22,y1,0.086,0.128,-0.07,0.003,-0.126,-0.07,-0.161,0.256,-0.126,0.203,-0.177,-0.068,0.115,1.0,0.154,0.031
22,y2,-0.297,-0.052,0.074,-0.026,0.077,0.321,-0.049,-0.034,-0.014,-0.107,-0.12,0.047,0.069,0.154,1.0,0.023
22,y3,-0.04,-0.002,0.053,0.011,-0.211,-0.151,-0.166,-0.154,-0.04,-0.119,-0.151,0.059,0.013,0.031,0.023,1.0
23,.,1.0,-0.145,-0.142,0.022,-0.142,-0.22,-0.113,0.154,0.153,0.18,0.168,-0.244,0.038,0.086,-0.296,-0.039
23,A1_1,-0.145,1.0,0.083,0.115,-0.184,0.093,0.081,0.097,-0.26,0.153,0.025,0.029,0.081,0.127,-0.051,-0.002
23,A1_2,-0.142,0.083,1.0,-0.051,-0.048,-0.062,0.186,0.055,-0.009,-0.03,-0.17,0.058,-0.109,-0.07,0.073,0.053
23,A1_3,0.022,0.115,-0.051,1.0,0.158,0.084,-0.253,0.16,0.153,0.141,-0.037,-0.221,0.297,0.003,-0.025,0.011
23,B1_1,-0.142,-0.184,-0.048,0.158,1.0,-0.062,-0.031,-0.005,-0.017,0.08,0.197,-0.13,0.157,-0.127,0.077,-0.211
