,,.,A1_1,A1_2,A1_3,B1_1,B1_2,B1_3,A2_1,A2_2,A2_3,B2_1,B2_2,B2_3,y1,y2,y3
0,.,1.0,0.802,0.776,0.779,0.889,0.806,0.865,0.877,0.846,0.86,0.831,0.853,0.772,0.783,0.785,0.771
0,A1_1,0.802,1.0,0.857,0.878,0.78,0.805,0.774,0.829,0.843,0.875,0.762,0.809,0.749,0.779,0.765,0.744
0,A1_2,0.776,0.857,1.0,0.929,0.712,0.785,0.706,0.855,0.918,0.916,0.699,0.764,0.686,0.795,0.817,0.77
0,A1_3,0.779,0.878,0.929,1.0,0.743,0.794,0.699,0.864,0.929,0.893,0.723,0.766,0.727,0.814,0.801,0.775
0,B1_1,0.889,0.78,0.712,0.743,1.0,0.868,0.922,0.787,0.735,0.793,0.925,0.904,0.911,0.832,0.821,0.798
0,B1_2,0.806,0.805,0.785,0.794,0.868,1.0,0.83,0.776,0.778,0.812,0.9,0.847,0.872,0.835,0.865,0.825
0,B1_3,0.865,0.774,0.706,0.699,0.922,0.83,1.0,0.762,0.73,0.763,0.891,0.877,0.835,0.752,0.768,0.714
0,A2_1,0.877,0.829,0.855,0.864,0.787,0.776,0.762,1.0,0.925,0.913,0.692,0.743,0.671,0.742,0.726,0.702
0,A2_2,0.846,0.843,0.918,0.929,0.735,0.778,0.73,0.925,1.0,0.912,0.696,0.742,0.652,0.756,0.757,0.723
0,A2_3,0.86,0.875,0.916,0.893,0.793,0.812,0.763,0.913,0.912,1.0,0.744,0.761,0.717,0.841,0.805,0.785
0,B2_1,0.831,0.762,0.699,0.723,0.925,0.9,0.891,0.692,0.696,0.744,1.0,0.929,0.919,0.84,0.849,0.803
0,B2_2,0.853,0.809,0.764,0.766,0.904,0.847,0.877,0.743,0.742,0.761,0.929,1.0,0.909,0.818,0.832,0.819
0,B2_3,0.772,0.749,0.686,0.727,0.911,0.872,0.835,0.671,0.652,0.717,0.919,0.909,1.0,0.882,0.857,0.861
0,y1,0.783,0.779,0.795,0.814,0.832,0.835,0.752,0.742,0.756,0.841,0.84,0.818,0.882,1.0,0.877,0.867
0,y2,0.785,0.765,0.817,0.801,0.821,0.865,0.768,0.726,0.757,0.805,0.849,0.832,0.857,0.877,1.0,0.856
0,y3,0.771,0.744,0.77,0.775,0.798,0.825,0.714,0.702,0.723,0.785,0.803,0.819,0.861,0.867,0.856,1.0
1,.,1.0,0.888,0.895,0.897,0.935,0.894,0.907,0.94,0.932,0.914,0.93,0.895,0.901,0.892,0.904,0.885
1,A1_1,0.888,1.0,0.923,0.923,0.874,0.886,0.862,0.912,0.9,0.918,0.874,0.885,0.882,0.857,0.874,0.838
1,A1_2,0.895,0.923,1.0,0.964,0.858,0.877,0.836,0.921,0.951,0.949,0.86,0.877,0.864,0.885,0.908,0.864
1,A1_3,0.897,0.923,0.964,1.0,0.866,0.876,0.823,0.926,0.96,0.943,0.867,0.861,0.878,0.883,0.898,0.854
1,B1_1,0.935,0.874,0.858,0.866,1.0,0.933,0.948,0.906,0.887,0.885,0.97,0.937,0.955,0.894,0.902,0.88
1,B1_2,0.894,0.886,0.877,0.876,0.933,1.0,0.906,0.895,0.901,0.899,0.933,0.902,0.918,0.884,0.92,0.88
1,B1_3,0.907,0.862,0.836,0.823,0.948,0.906,1.0,0.893,0.86,0.859,0.946,0.915,0.925,0.844,0.87,0.848
1,A2_1,0.94,0.912,0.921,0.926,0.906,0.895,0.893,1.0,0.949,0.961,0.891,0.87,0.882,0.863,0.872,0.839
1,A2_2,0.932,0.9,0.951,0.96,0.887,0.901,0.86,0.949,1.0,0.953,0.897,0.876,0.876,0.894,0.904,0.877
1,A2_3,0.914,0.918,0.949,0.943,0.885,0.899,0.859,0.961,0.953,1.0,0.87,0.859,0.868,0.9,0.895,0.854
1,B2_1,0.93,0.874,0.86,0.867,0.97,0.933,0.946,0.891,0.897,0.87,1.0,0.961,0.958,0.883,0.908,0.89
1,B2_2,0.895,0.885,0.877,0.861,0.937,0.902,0.915,0.87,0.876,0.859,0.961,1.0,0.954,0.873,0.891,0.88
1,B2_3,0.901,0.882,0.864,0.878,0.955,0.918,0.925,0.882,0.876,0.868,0.958,0.954,1.0,0.911,0.921,0.906
1,y1,0.892,0.857,0.885,0.883,0.894,0.884,0.844,0.863,0.894,0.9,0.883,0.873,0.911,1.0,0.923,0.905
1,y2,0.904,0.874,0.908,0.898,0.902,0.92,0.87,0.872,0.904,0.895,0.908,0.891,0.921,0.923,1.0,0.899
1,y3,0.885,0.838,0.864,0.854,0.88,0.88,0.848,0.839,0.877,0.854,0.89,0.88,0.906,0.905,0.899,1.0
2,.,1.0,0.868,0.864,0.864,0.913,0.866,0.879,0.928,0.912,0.886,0.918,0.878,0.885,0.845,0.872,0.852
2,A1_1,0.868,1.0,0.91,0.904,0.849,0.869,0.829,0.906,0.887,0.914,0.85,0.86,0.871,0.825,0.859,0.822
2,A1_2,0.864,0.91,1.0,0.958,0.8,0.835,0.765,0.914,0.944,0.947,0.802,0.811,0.826,0.832,0.879,0.82
2,A1_3,0.864,0.904,0.958,1.0,0.805,0.823,0.743,0.916,0.955,0.931,0.804,0.788,0.832,0.816,0.852,0.806
2,B1_1,0.913,0.849,0.8,0.805,1.0,0.925,0.938,0.868,0.848,0.844,0.968,0.933,0.955,0.868,0.878,0.862
2,B1_2,0.866,0.869,0.835,0.823,0.925,1.0,0.891,0.862,0.87,0.874,0.927,0.898,0.922,0.857,0.909,0.867
2,B1_3,0.879,0.829,0.765,0.743,0.938,0.891,1.0,0.847,0.799,0.805,0.937,0.91,0.914,0.803,0.834,0.821
2,A2_1,0.928,0.906,0.914,0.916,0.868,0.862,0.847,1.0,0.937,0.95,0.863,0.838,0.867,0.824,0.848,0.81
2,A2_2,0.912,0.887,0.944,0.955,0.848,0.87,0.799,0.937,1.0,0.945,0.864,0.832,0.857,0.863,0.885,0.855
2,A2_3,0.886,0.914,0.947,0.931,0.844,0.874,0.805,0.95,0.945,1.0,0.836,0.818,0.858,0.88,0.891,0.839
2,B2_1,0.918,0.85,0.802,0.804,0.968,0.927,0.937,0.863,0.864,0.836,1.0,0.956,0.953,0.859,0.882,0.877
2,B2_2,0.878,0.86,0.811,0.788,0.933,0.898,0.91,0.838,0.832,0.818,0.956,1.0,0.944,0.833,0.859,0.856
2,B2_3,0.885,0.871,0.826,0.832,0.955,0.922,0.914,0.867,0.857,0.858,0.953,0.944,1.0,0.895,0.91,0.892
2,y1,0.845,0.825,0.832,0.816,0.868,0.857,0.803,0.824,0.863,0.88,0.859,0.833,0.895,1.0,0.9,0.885
2,y2,0.872,0.859,0.879,0.852,0.878,0.909,0.834,0.848,0.885,0.891,0.882,0.859,0.91,0.9,1.0,0.888
2,y3,0.852,0.822,0.82,0.806,0.862,0.867,0.821,0.81,0.855,0.839,0.877,0.856,0.892,0.885,0.888,1.0
3,.,1.0,0.831,0.802,0.795,0.871,0.81,0.832,0.894,0.857,0.808,0.871,0.836,0.823,0.778,0.8,0.795
3,A1_1,0.831,1.0,0.901,0.876,0.794,0.835,0.773,0.898,0.877,0.908,0.79,0.806,0.834,0.785,0.835,0.789
3,A1_2,0.802,0.901,1.0,0.944,0.703,0.774,0.666,0.894,0.938,0.939,0.687,0.7,0.741,0.77,0.841,0.767
3,A1_3,0.795,0.876,0.944,1.0,0.691,0.737,0.624,0.889,0.942,0.896,0.667,0.664,0.73,0.722,0.786,0.741
3,B1_1,0.871,0.794,0.703,0.691,1.0,0.915,0.935,0.783,0.738,0.74,0.957,0.917,0.936,0.823,0.819,0.823
3,B1_2,0.81,0.835,0.774,0.737,0.915,1.0,0.875,0.796,0.799,0.813,0.906,0.881,0.914,0.825,0.882,0.841
3,B1_3,0.832,0.773,0.666,0.624,0.935,0.875,1.0,0.762,0.693,0.695,0.943,0.921,0.907,0.754,0.776,0.779
3,A2_1,0.894,0.898,0.894,0.889,0.783,0.796,0.762,1.0,0.925,0.918,0.782,0.752,0.795,0.751,0.788,0.748
3,A2_2,0.857,0.877,0.938,0.942,0.738,0.799,0.693,0.925,1.0,0.922,0.745,0.723,0.768,0.783,0.828,0.793
3,A2_3,0.808,0.908,0.939,0.896,0.74,0.813,0.695,0.918,0.922,1.0,0.727,0.706,0.788,0.838,0.87,0.802
3,B2_1,0.871,0.79,0.687,0.667,0.957,0.906,0.943,0.782,0.745,0.727,1.0,0.949,0.937,0.824,0.82,0.837
3,B2_2,0.836,0.806,0.7,0.664,0.917,0.881,0.921,0.752,0.723,0.706,0.949,1.0,0.925,0.775,0.791,0.805
3,B2_3,0.823,0.834,0.741,0.73,0.936,0.914,0.907,0.795,0.768,0.788,0.937,0.925,1.0,0.87,0.877,0.876
3,y1,0.778,0.785,0.77,0.722,0.823,0.825,0.754,0.751,0.783,0.838,0.824,0.775,0.87,1.0,0.898,0.895
3,y2,0.8,0.835,0.841,0.786,0.819,0.882,0.776,0.788,0.828,0.87,0.82,0.791,0.877,0.898,1.0,0.893
3,y3,0.795,0.789,0.767,0.741,0.823,0.841,0.779,0.748,0.793,0.802,0.837,0.805,0.876,0.895,0.893,1.0
4,.,1.0,0.703,0.604,0.61,0.701,0.642,0.704,0.744,0.687,0.62,0.723,0.741,0.631,0.532,0.551,0.567
4,A1_1,0.703,1.0,0.882,0.824,0.57,0.702,0.591,0.879,0.867,0.9,0.618,0.639,0.66,0.663,0.745,0.701
4,A1_2,0.604,0.882,1.0,0.917,0.374,0.55,0.38,0.889,0.937,0.943,0.406,0.422,0.456,0.609,0.724,0.66
4,A1_3,0.61,0.824,0.917,1.0,0.339,0.479,0.314,0.883,0.918,0.856,0.351,0.362,0.402,0.523,0.607,0.571
4,B1_1,0.701,0.57,0.374,0.339,1.0,0.892,0.927,0.449,0.423,0.429,0.94,0.912,0.912,0.656,0.629,0.64
4,B1_2,0.642,0.702,0.55,0.479,0.892,1.0,0.849,0.548,0.584,0.609,0.878,0.862,0.897,0.711,0.776,0.756
4,B1_3,0.704,0.591,0.38,0.314,0.927,0.849,1.0,0.474,0.423,0.424,0.939,0.935,0.887,0.582,0.596,0.594
4,A2_1,0.744,0.879,0.889,0.883,0.449,0.548,0.474,1.0,0.93,0.893,0.496,0.494,0.508,0.549,0.622,0.566
4,A2_2,0.687,0.867,0.937,0.918,0.423,0.584,0.423,0.93,1.0,0.92,0.465,0.468,0.491,0.589,0.682,0.64
4,A2_3,0.62,0.9,0.943,0.856,0.429,0.609,0.424,0.893,0.92,1.0,0.47,0.46,0.531,0.693,0.791,0.719
4,B2_1,0.723,0.618,0.406,0.351,0.94,0.878,0.939,0.496,0.465,0.47,1.0,0.943,0.921,0.694,0.663,0.673
4,B2_2,0.741,0.639,0.422,0.362,0.912,0.862,0.935,0.494,0.468,0.46,0.943,1.0,0.912,0.605,0.621,0.646
4,B2_3,0.631,0.66,0.456,0.402,0.912,0.897,0.887,0.508,0.491,0.531,0.921,0.912,1.0,0.766,0.746,0.755
4,y1,0.532,0.663,0.609,0.523,0.656,0.711,0.582,0.549,0.589,0.693,0.694,0.605,0.766,1.0,0.864,0.877
4,y2,0.551,0.745,0.724,0.607,0.629,0.776,0.596,0.622,0.682,0.791,0.663,0.621,0.746,0.864,1.0,0.891
4,y3,0.567,0.701,0.66,0.571,0.64,0.756,0.594,0.566,0.64,0.719,0.673,0.646,0.755,0.877,0.891,1.0
5,.,1.0,0.47,0.301,0.368,0.515,0.469,0.565,0.475,0.516,0.415,0.498,0.576,0.393,0.23,0.21,0.246
5,A1_1,0.47,1.0,0.854,0.832,0.277,0.534,0.33,0.867,0.855,0.906,0.426,0.321,0.424,0.54,0.61,0.577
5,A1_2,0.301,0.854,1.0,0.939,-0.024,0.27,0.026,0.89,0.894,0.932,0.129,-0.013,0.129,0.475,0.558,0.524
5,A1_3,0.368,0.832,0.939,1.0,-0.011,0.254,0.018,0.915,0.918,0.903,0.096,-0.014,0.106,0.393,0.456,0.431
5,B1_1,0.515,0.277,-0.024,-0.011,1.0,0.863,0.932,0.042,0.07,0.056,0.894,0.921,0.897,0.443,0.4,0.388
5,B1_2,0.469,0.534,0.27,0.254,0.863,1.0,0.851,0.278,0.331,0.338,0.893,0.853,0.894,0.565,0.614,0.588
5,B1_3,0.565,0.33,0.026,0.018,0.932,0.851,1.0,0.114,0.145,0.109,0.901,0.94,0.853,0.385,0.382,0.358
5,A2_1,0.475,0.867,0.89,0.915,0.042,0.278,0.114,1.0,0.952,0.924,0.183,0.067,0.154,0.39,0.437,0.395
5,A2_2,0.516,0.855,0.894,0.918,0.07,0.331,0.145,0.952,1.0,0.914,0.214,0.115,0.171,0.361,0.429,0.408
5,A2_3,0.415,0.906,0.932,0.903,0.056,0.338,0.109,0.924,0.914,1.0,0.222,0.078,0.215,0.537,0.598,0.557
5,B2_1,0.498,0.426,0.129,0.096,0.894,0.893,0.901,0.183,0.214,0.222,1.0,0.907,0.906,0.582,0.597,0.557
5,B2_2,0.576,0.321,-0.013,-0.014,0.921,0.853,0.94,0.067,0.115,0.078,0.907,1.0,0.878,0.385,0.383,0.376
5,B2_3,0.393,0.424,0.129,0.106,0.897,0.894,0.853,0.154,0.171,0.215,0.906,0.878,1.0,0.65,0.615,0.616
5,y1,0.23,0.54,0.475,0.393,0.443,0.565,0.385,0.39,0.361,0.537,0.582,0.385,0.65,1.0,0.885,0.868
5,y2,0.21,0.61,0.558,0.456,0.4,0.614,0.382,0.437,0.429,0.598,0.597,0.383,0.615,0.885,1.0,0.898
5,y3,0.246,0.577,0.524,0.431,0.388,0.588,0.358,0.395,0.408,0.557,0.557,0.376,0.616,0.868,0.898,1.0
6,.,1.0,0.285,0.142,0.21,0.408,0.383,0.472,0.28,0.362,0.276,0.388,0.467,0.304,0.126,0.089,0.148
6,A1_1,0.285,1.0,0.874,0.855,0.165,0.444,0.198,0.889,0.851,0.913,0.356,0.195,0.31,0.447,0.515,0.497
6,A1_2,0.142,0.874,1.0,0.951,-0.146,0.165,-0.096,0.918,0.883,0.924,0.035,-0.128,-0.004,0.338,0.421,0.402
6,A1_3,0.21,0.855,0.951,1.0,-0.143,0.145,-0.106,0.948,0.919,0.92,-0.002,-0.136,-0.028,0.259,0.337,0.323
6,B1_1,0.408,0.165,-0.146,-0.143,1.0,0.876,0.947,-0.082,-0.033,-0.068,0.898,0.943,0.928,0.362,0.323,0.314
6,B1_2,0.383,0.444,0.165,0.145,0.876,1.0,0.873,0.198,0.255,0.223,0.903,0.891,0.907,0.441,0.489,0.464
6,B1_3,0.472,0.198,-0.096,-0.106,0.947,0.873,1.0,-0.025,0.036,-0.022,0.882,0.95,0.886,0.322,0.303,0.283
6,A2_1,0.28,0.889,0.918,0.948,-0.082,0.198,-0.025,1.0,0.956,0.947,0.105,-0.053,0.041,0.265,0.326,0.312
6,A2_2,0.362,0.851,0.883,0.919,-0.033,0.255,0.036,0.956,1.0,0.915,0.151,0.02,0.064,0.196,0.272,0.28
6,A2_3,0.276,0.913,0.924,0.92,-0.068,0.223,-0.022,0.947,0.915,1.0,0.121,-0.042,0.07,0.37,0.43,0.411
6,B2_1,0.388,0.356,0.035,-0.002,0.898,0.903,0.882,0.105,0.151,0.121,1.0,0.903,0.926,0.516,0.512,0.489
6,B2_2,0.467,0.195,-0.128,-0.136,0.943,0.891,0.95,-0.053,0.02,-0.042,0.903,1.0,0.902,0.317,0.292,0.287
6,B2_3,0.304,0.31,-0.004,-0.028,0.928,0.907,0.886,0.041,0.064,0.07,0.926,0.902,1.0,0.54,0.506,0.505
6,y1,0.126,0.447,0.338,0.259,0.362,0.441,0.322,0.265,0.196,0.37,0.516,0.317,0.54,1.0,0.925,0.898
6,y2,0.089,0.515,0.421,0.337,0.323,0.489,0.303,0.326,0.272,0.43,0.512,0.292,0.506,0.925,1.0,0.919
6,y3,0.148,0.497,0.402,0.323,0.314,0.464,0.283,0.312,0.28,0.411,0.489,0.287,0.505,0.898,0.919,1.0
7,.,1.0,0.129,0.024,0.097,0.298,0.282,0.363,0.118,0.177,0.118,0.317,0.341,0.2,0.064,0.012,0.063
7,A1_1,0.129,1.0,0.891,0.867,0.109,0.381,0.151,0.897,0.872,0.914,0.259,0.11,0.211,0.317,0.394,0.384
7,A1_2,0.024,0.891,1.0,0.954,-0.189,0.109,-0.124,0.945,0.924,0.94,-0.05,-0.189,-0.087,0.18,0.27,0.259
7,A1_3,0.097,0.867,0.954,1.0,-0.198,0.081,-0.147,0.97,0.954,0.946,-0.087,-0.21,-0.115,0.113,0.191,0.188
7,B1_1,0.298,0.109,-0.189,-0.198,1.0,0.888,0.953,-0.158,-0.119,-0.144,0.937,0.952,0.949,0.307,0.271,0.262
7,B1_2,0.282,0.381,0.109,0.081,0.888,1.0,0.896,0.131,0.18,0.139,0.923,0.906,0.913,0.349,0.39,0.372
7,B1_3,0.363,0.151,-0.124,-0.147,0.953,0.896,1.0,-0.091,-0.042,-0.093,0.923,0.954,0.916,0.27,0.248,0.231
7,A2_1,0.118,0.897,0.945,0.97,-0.158,0.131,-0.091,1.0,0.963,0.956,-0.014,-0.155,-0.063,0.135,0.203,0.197
7,A2_2,0.177,0.872,0.924,0.954,-0.119,0.18,-0.042,0.963,1.0,0.93,0.028,-0.099,-0.041,0.073,0.159,0.174
7,A2_3,0.118,0.914,0.94,0.946,-0.144,0.139,-0.093,0.956,0.93,1.0,-0.013,-0.152,-0.049,0.211,0.281,0.269
7,B2_1,0.317,0.259,-0.05,-0.087,0.937,0.923,0.923,-0.014,0.028,-0.013,1.0,0.926,0.94,0.406,0.395,0.378
7,B2_2,0.341,0.11,-0.189,-0.21,0.952,0.906,0.954,-0.155,-0.099,-0.152,0.926,1.0,0.921,0.25,0.227,0.216
7,B2_3,0.2,0.211,-0.087,-0.115,0.949,0.913,0.916,-0.063,-0.041,-0.049,0.94,0.921,1.0,0.421,0.389,0.389
7,y1,0.064,0.317,0.18,0.113,0.307,0.349,0.27,0.135,0.073,0.211,0.406,0.25,0.421,1.0,0.933,0.92
7,y2,0.012,0.394,0.27,0.191,0.271,0.39,0.248,0.203,0.159,0.281,0.395,0.227,0.389,0.933,1.0,0.929
7,y3,0.063,0.384,0.259,0.188,0.262,0.372,0.231,0.197,0.174,0.269,0.378,0.216,0.389,0.92,0.929,1.0
8,.,1.0,0.017,-0.051,0.022,0.224,0.209,0.277,0.021,0.077,0.03,0.253,0.252,0.147,-0.016,-0.07,-0.037
8,A1_1,0.017,1.0,0.904,0.878,0.048,0.307,0.095,0.901,0.877,0.91,0.136,0.031,0.113,0.22,0.292,0.282
8,A1_2,-0.051,0.904,1.0,0.957,-0.233,0.045,-0.162,0.956,0.947,0.95,-0.154,-0.248,-0.166,0.088,0.168,0.154
8,A1_3,0.022,0.878,0.957,1.0,-0.251,0.01,-0.198,0.979,0.97,0.964,-0.193,-0.279,-0.196,0.032,0.095,0.09
8,B1_1,0.224,0.048,-0.233,-0.251,1.0,0.897,0.959,-0.227,-0.219,-0.223,0.96,0.955,0.962,0.265,0.231,0.225
8,B1_2,0.209,0.307,0.045,0.01,0.897,1.0,0.908,0.048,0.068,0.041,0.924,0.912,0.919,0.282,0.311,0.305
8,B1_3,0.277,0.095,-0.162,-0.198,0.959,0.908,1.0,-0.161,-0.143,-0.17,0.944,0.953,0.937,0.223,0.196,0.187
8,A2_1,0.021,0.901,0.956,0.979,-0.227,0.048,-0.161,1.0,0.972,0.966,-0.148,-0.244,-0.161,0.055,0.114,0.104
8,A2_2,0.077,0.877,0.947,0.97,-0.219,0.068,-0.143,0.972,1.0,0.949,-0.132,-0.226,-0.165,0.004,0.08,0.086
8,A2_3,0.03,0.91,0.95,0.964,-0.223,0.041,-0.17,0.966,0.949,1.0,-0.154,-0.252,-0.163,0.106,0.17,0.154
8,B2_1,0.253,0.136,-0.154,-0.193,0.96,0.924,0.944,-0.148,-0.132,-0.154,1.0,0.941,0.954,0.34,0.324,0.313
8,B2_2,0.252,0.031,-0.248,-0.279,0.955,0.912,0.953,-0.244,-0.226,-0.252,0.941,1.0,0.938,0.206,0.184,0.177
8,B2_3,0.147,0.113,-0.166,-0.196,0.962,0.919,0.937,-0.161,-0.165,-0.163,0.954,0.938,1.0,0.357,0.329,0.33
8,y1,-0.016,0.22,0.088,0.032,0.265,0.282,0.223,0.055,0.004,0.106,0.34,0.206,0.357,1.0,0.938,0.933
8,y2,-0.07,0.292,0.168,0.095,0.231,0.311,0.196,0.114,0.08,0.17,0.324,0.184,0.329,0.938,1.0,0.94
8,y3,-0.037,0.282,0.154,0.09,0.225,0.305,0.187,0.104,0.086,0.154,0.313,0.177,0.33,0.933,0.94,1.0
9,.,1.0,-0.052,-0.063,-0.012,0.203,0.207,0.251,-0.031,0.022,-0.013,0.228,0.226,0.144,-0.096,-0.14,-0.12
9,A1_1,-0.052,1.0,0.908,0.878,-0.003,0.239,0.05,0.898,0.874,0.907,0.061,-0.02,0.049,0.201,0.262,0.251
9,A1_2,-0.063,0.908,1.0,0.969,-0.283,-0.021,-0.204,0.968,0.964,0.961,-0.22,-0.294,-0.232,0.064,0.13,0.112
9,A1_3,-0.012,0.878,0.969,1.0,-0.311,-0.063,-0.252,0.983,0.975,0.973,-0.268,-0.336,-0.268,0.025,0.076,0.062
9,B1_1,0.203,-0.003,-0.283,-0.311,1.0,0.909,0.963,-0.289,-0.29,-0.284,0.971,0.958,0.973,0.258,0.235,0.235
9,B1_2,0.207,0.239,-0.021,-0.063,0.909,1.0,0.926,-0.03,-0.019,-0.037,0.927,0.923,0.924,0.243,0.265,0.265
9,B1_3,0.251,0.05,-0.204,-0.252,0.963,0.926,1.0,-0.221,-0.213,-0.226,0.955,0.956,0.953,0.202,0.184,0.181
9,A2_1,-0.031,0.898,0.968,0.983,-0.289,-0.03,-0.221,1.0,0.977,0.973,-0.23,-0.304,-0.237,0.043,0.093,0.076
9,A2_2,0.022,0.874,0.964,0.975,-0.29,-0.019,-0.213,0.977,1.0,0.959,-0.221,-0.297,-0.246,-0.006,0.057,0.052
9,A2_3,-0.013,0.907,0.961,0.973,-0.284,-0.037,-0.226,0.973,0.959,1.0,-0.233,-0.309,-0.238,0.078,0.133,0.113
9,B2_1,0.228,0.061,-0.22,-0.268,0.971,0.927,0.955,-0.23,-0.221,-0.233,1.0,0.952,0.963,0.303,0.294,0.291
9,B2_2,0.226,-0.02,-0.294,-0.336,0.958,0.923,0.956,-0.304,-0.297,-0.309,0.952,1.0,0.952,0.191,0.177,0.178
9,B2_3,0.144,0.049,-0.232,-0.268,0.973,0.924,0.953,-0.237,-0.246,-0.238,0.963,0.952,1.0,0.325,0.305,0.31
9,y1,-0.096,0.201,0.064,0.025,0.258,0.243,0.202,0.043,-0.006,0.078,0.303,0.191,0.325,1.0,0.947,0.944
9,y2,-0.14,0.262,0.13,0.076,0.235,0.265,0.184,0.093,0.057,0.133,0.294,0.177,0.305,0.947,1.0,0.952
9,y3,-0.12,0.251,0.112,0.062,0.235,0.265,0.181,0.076,0.052,0.113,0.291,0.178,0.31,0.944,0.952,1.0
10,.,1.0,-0.06,-0.067,-0.008,0.204,0.196,0.242,-0.023,0.034,-0.001,0.22,0.22,0.143,-0.134,-0.178,-0.162
10,A1_1,-0.06,1.0,0.912,0.885,-0.043,0.206,0.017,0.901,0.876,0.903,0.009,-0.056,0.005,0.173,0.229,0.219
10,A1_2,-0.067,0.912,1.0,0.97,-0.311,-0.049,-0.227,0.97,0.964,0.963,-0.261,-0.32,-0.265,0.055,0.116,0.095
10,A1_3,-0.008,0.885,0.97,1.0,-0.336,-0.087,-0.271,0.984,0.976,0.977,-0.304,-0.358,-0.296,0.017,0.063,0.046
10,B1_1,0.204,-0.043,-0.311,-0.336,1.0,0.91,0.964,-0.319,-0.324,-0.324,0.971,0.963,0.973,0.246,0.221,0.222
10,B1_2,0.196,0.206,-0.049,-0.087,0.91,1.0,0.928,-0.059,-0.053,-0.076,0.923,0.924,0.924,0.238,0.255,0.259
10,B1_3,0.242,0.017,-0.227,-0.271,0.964,0.928,1.0,-0.245,-0.241,-0.259,0.955,0.958,0.954,0.192,0.169,0.17
10,A2_1,-0.023,0.901,0.97,0.984,-0.319,-0.059,-0.245,1.0,0.979,0.976,-0.273,-0.332,-0.274,0.028,0.073,0.054
10,A2_2,0.034,0.876,0.964,0.976,-0.324,-0.053,-0.241,0.979,1.0,0.962,-0.268,-0.33,-0.286,-0.015,0.043,0.032
10,A2_3,-0.001,0.903,0.963,0.977,-0.324,-0.076,-0.259,0.976,0.962,1.0,-0.282,-0.346,-0.283,0.068,0.118,0.093
10,B2_1,0.22,0.009,-0.261,-0.304,0.971,0.923,0.955,-0.273,-0.268,-0.282,1.0,0.954,0.964,0.306,0.294,0.295
10,B2_2,0.22,-0.056,-0.32,-0.358,0.963,0.924,0.958,-0.332,-0.33,-0.346,0.954,1.0,0.955,0.19,0.174,0.179
10,B2_3,0.143,0.005,-0.265,-0.296,0.973,0.924,0.954,-0.274,-0.286,-0.283,0.964,0.955,1.0,0.325,0.305,0.31
10,y1,-0.134,0.173,0.055,0.017,0.246,0.238,0.192,0.028,-0.015,0.068,0.306,0.19,0.325,1.0,0.952,0.948
10,y2,-0.178,0.229,0.116,0.063,0.221,0.255,0.169,0.073,0.043,0.118,0.294,0.174,0.305,0.952,1.0,0.959
10,y3,-0.162,0.219,0.095,0.046,0.222,0.259,0.17,0.054,0.032,0.093,0.295,0.179,0.31,0.948,0.959,1.0
11,.,1.0,-0.098,-0.098,-0.049,0.191,0.181,0.217,-0.066,-0.009,-0.04,0.197,0.202,0.133,-0.133,-0.181,-0.164
11,A1_1,-0.098,1.0,0.913,0.886,-0.047,0.187,0.021,0.904,0.879,0.906,0.005,-0.057,-0.0,0.139,0.192,0.183
11,A1_2,-0.098,0.913,1.0,0.971,-0.31,-0.059,-0.218,0.973,0.967,0.964,-0.259,-0.316,-0.264,0.029,0.089,0.07
11,A1_3,-0.049,0.886,0.971,1.0,-0.343,-0.107,-0.274,0.984,0.975,0.978,-0.311,-0.365,-0.302,0.004,0.051,0.034
11,B1_1,0.191,-0.047,-0.31,-0.343,1.0,0.916,0.965,-0.32,-0.325,-0.324,0.975,0.964,0.975,0.229,0.204,0.204
11,B1_2,0.181,0.187,-0.059,-0.107,0.916,1.0,0.937,-0.073,-0.067,-0.085,0.928,0.929,0.929,0.214,0.224,0.228
11,B1_3,0.217,0.021,-0.218,-0.274,0.965,0.937,1.0,-0.24,-0.236,-0.252,0.96,0.958,0.961,0.178,0.157,0.155
11,A2_1,-0.066,0.904,0.973,0.984,-0.32,-0.073,-0.24,1.0,0.979,0.977,-0.274,-0.332,-0.274,0.013,0.059,0.04
11,A2_2,-0.009,0.879,0.967,0.975,-0.325,-0.067,-0.236,0.979,1.0,0.963,-0.269,-0.329,-0.285,-0.033,0.024,0.014
11,A2_3,-0.04,0.906,0.964,0.978,-0.324,-0.085,-0.252,0.977,0.963,1.0,-0.282,-0.343,-0.282,0.038,0.089,0.066
11,B2_1,0.197,0.005,-0.259,-0.311,0.975,0.928,0.96,-0.274,-0.269,-0.282,1.0,0.955,0.968,0.282,0.268,0.268
11,B2_2,0.202,-0.057,-0.316,-0.365,0.964,0.929,0.958,-0.332,-0.329,-0.343,0.955,1.0,0.958,0.17,0.151,0.155
11,B2_3,0.133,-0.0,-0.264,-0.302,0.975,0.929,0.961,-0.274,-0.285,-0.282,0.968,0.958,1.0,0.299,0.279,0.282
11,y1,-0.133,0.139,0.029,0.004,0.229,0.214,0.178,0.013,-0.033,0.038,0.282,0.17,0.299,1.0,0.956,0.953
11,y2,-0.181,0.192,0.089,0.051,0.204,0.224,0.157,0.059,0.024,0.089,0.268,0.151,0.279,0.956,1.0,0.962
11,y3,-0.164,0.183,0.07,0.034,0.204,0.228,0.155,0.04,0.014,0.066,0.268,0.155,0.282,0.953,0.962,1.0
12,.,1.0,-0.095,-0.059,-0.007,0.193,0.173,0.219,-0.029,0.027,-0.007,0.207,0.212,0.137,-0.238,-0.279,-0.265
12,A1_1,-0.095,1.0,0.913,0.888,-0.13,0.127,-0.061,0.903,0.873,0.892,-0.114,-0.145,-0.099,0.127,0.174,0.167
12,A1_2,-0.059,0.913,1.0,0.974,-0.382,-0.12,-0.292,0.976,0.969,0.968,-0.365,-0.392,-0.351,0.032,0.086,0.064
12,A1_3,-0.007,0.888,0.974,1.0,-0.402,-0.153,-0.332,0.987,0.978,0.981,-0.399,-0.424,-0.374,0.004,0.045,0.027
12,B1_1,0.193,-0.13,-0.382,-0.402,1.0,0.908,0.964,-0.395,-0.408,-0.409,0.977,0.967,0.976,0.236,0.201,0.209
12,B1_2,0.173,0.127,-0.12,-0.153,0.908,1.0,0.931,-0.137,-0.141,-0.164,0.913,0.918,0.919,0.213,0.217,0.229
12,B1_3,0.219,-0.061,-0.292,-0.332,0.964,0.931,1.0,-0.316,-0.319,-0.338,0.959,0.959,0.956,0.172,0.14,0.149
12,A2_1,-0.029,0.903,0.976,0.987,-0.395,-0.137,-0.316,1.0,0.981,0.98,-0.381,-0.411,-0.364,0.018,0.058,0.038
12,A2_2,0.027,0.873,0.969,0.978,-0.408,-0.141,-0.319,0.981,1.0,0.966,-0.383,-0.417,-0.383,-0.024,0.027,0.01
12,A2_3,-0.007,0.892,0.968,0.981,-0.409,-0.164,-0.338,0.98,0.966,1.0,-0.395,-0.433,-0.381,0.057,0.101,0.073
12,B2_1,0.207,-0.114,-0.365,-0.399,0.977,0.913,0.959,-0.381,-0.383,-0.395,1.0,0.961,0.969,0.288,0.262,0.27
12,B2_2,0.212,-0.145,-0.392,-0.424,0.967,0.918,0.959,-0.411,-0.417,-0.433,0.961,1.0,0.959,0.175,0.147,0.16
12,B2_3,0.137,-0.099,-0.351,-0.374,0.976,0.919,0.956,-0.364,-0.383,-0.381,0.969,0.959,1.0,0.308,0.277,0.288
12,y1,-0.238,0.127,0.032,0.004,0.236,0.213,0.172,0.018,-0.024,0.057,0.288,0.175,0.308,1.0,0.959,0.955
12,y2,-0.279,0.174,0.086,0.045,0.201,0.217,0.14,0.058,0.027,0.101,0.262,0.147,0.277,0.959,1.0,0.967
12,y3,-0.265,0.167,0.064,0.027,0.209,0.229,0.149,0.038,0.01,0.073,0.27,0.16,0.288,0.955,0.967,1.0
13,.,1.0,-0.129,-0.098,-0.054,0.179,0.158,0.202,-0.072,-0.021,-0.052,0.176,0.179,0.116,-0.192,-0.238,-0.22
13,A1_1,-0.129,1.0,0.918,0.896,-0.101,0.138,-0.036,0.911,0.885,0.911,-0.057,-0.102,-0.05,0.115,0.162,0.154
13,A1_2,-0.098,0.918,1.0,0.975,-0.346,-0.096,-0.258,0.977,0.971,0.969,-0.303,-0.345,-0.299,0.015,0.07,0.049
13,A1_3,-0.054,0.896,0.975,1.0,-0.371,-0.132,-0.303,0.987,0.978,0.982,-0.344,-0.384,-0.328,-0.009,0.034,0.016
13,B1_1,0.179,-0.101,-0.346,-0.371,1.0,0.914,0.966,-0.354,-0.361,-0.363,0.977,0.965,0.975,0.217,0.187,0.197
13,B1_2,0.158,0.138,-0.096,-0.132,0.914,1.0,0.937,-0.105,-0.103,-0.124,0.927,0.93,0.93,0.189,0.191,0.204
13,B1_3,0.202,-0.036,-0.258,-0.303,0.966,0.937,1.0,-0.276,-0.273,-0.294,0.963,0.961,0.961,0.159,0.131,0.141
13,A2_1,-0.072,0.911,0.977,0.987,-0.354,-0.105,-0.276,1.0,0.982,0.98,-0.315,-0.357,-0.306,-0.005,0.036,0.018
13,A2_2,-0.021,0.885,0.971,0.978,-0.361,-0.103,-0.273,0.982,1.0,0.966,-0.313,-0.359,-0.319,-0.047,0.004,-0.009
13,A2_3,-0.052,0.911,0.969,0.982,-0.363,-0.124,-0.294,0.98,0.966,1.0,-0.328,-0.375,-0.319,0.028,0.074,0.051
13,B2_1,0.176,-0.057,-0.303,-0.344,0.977,0.927,0.963,-0.315,-0.313,-0.328,1.0,0.959,0.971,0.264,0.242,0.253
13,B2_2,0.179,-0.102,-0.345,-0.384,0.965,0.93,0.961,-0.357,-0.359,-0.375,0.959,1.0,0.96,0.158,0.132,0.147
13,B2_3,0.116,-0.05,-0.299,-0.328,0.975,0.93,0.961,-0.306,-0.319,-0.319,0.971,0.96,1.0,0.282,0.255,0.268
13,y1,-0.192,0.115,0.015,-0.009,0.217,0.189,0.159,-0.005,-0.047,0.028,0.264,0.158,0.282,1.0,0.962,0.96
13,y2,-0.238,0.162,0.07,0.034,0.187,0.191,0.131,0.036,0.004,0.074,0.242,0.132,0.255,0.962,1.0,0.968
13,y3,-0.22,0.154,0.049,0.016,0.197,0.204,0.141,0.018,-0.009,0.051,0.253,0.147,0.268,0.96,0.968,1.0
14,.,1.0,-0.136,-0.091,-0.056,0.17,0.152,0.19,-0.073,-0.029,-0.057,0.166,0.173,0.107,-0.245,-0.291,-0.27
14,A1_1,-0.136,1.0,0.915,0.895,-0.147,0.097,-0.075,0.912,0.885,0.907,-0.116,-0.142,-0.094,0.093,0.135,0.125
14,A1_2,-0.091,0.915,1.0,0.978,-0.397,-0.146,-0.304,0.979,0.975,0.973,-0.367,-0.391,-0.349,0.003,0.051,0.028
14,A1_3,-0.056,0.895,0.978,1.0,-0.418,-0.179,-0.345,0.987,0.979,0.984,-0.403,-0.424,-0.372,-0.012,0.026,0.006
14,B1_1,0.17,-0.147,-0.397,-0.418,1.0,0.912,0.967,-0.4,-0.414,-0.416,0.981,0.967,0.976,0.217,0.185,0.198
14,B1_2,0.152,0.097,-0.146,-0.179,0.912,1.0,0.938,-0.15,-0.157,-0.178,0.924,0.93,0.929,0.17,0.166,0.182
14,B1_3,0.19,-0.075,-0.304,-0.345,0.967,0.938,1.0,-0.318,-0.323,-0.341,0.967,0.96,0.963,0.157,0.128,0.141
14,A2_1,-0.073,0.912,0.979,0.987,-0.4,-0.15,-0.318,1.0,0.983,0.982,-0.374,-0.397,-0.351,-0.011,0.025,0.004
14,A2_2,-0.029,0.885,0.975,0.979,-0.414,-0.157,-0.323,0.983,1.0,0.968,-0.38,-0.408,-0.371,-0.052,-0.005,-0.023
14,A2_3,-0.057,0.907,0.973,0.984,-0.416,-0.178,-0.341,0.982,0.968,1.0,-0.393,-0.422,-0.37,0.022,0.062,0.037
14,B2_1,0.166,-0.116,-0.367,-0.403,0.981,0.924,0.967,-0.374,-0.38,-0.393,1.0,0.964,0.973,0.252,0.226,0.241
14,B2_2,0.173,-0.142,-0.391,-0.424,0.967,0.93,0.96,-0.397,-0.408,-0.422,0.964,1.0,0.962,0.15,0.122,0.14
14,B2_3,0.107,-0.094,-0.349,-0.372,0.976,0.929,0.963,-0.351,-0.371,-0.37,0.973,0.962,1.0,0.275,0.246,0.261
14,y1,-0.245,0.093,0.003,-0.012,0.217,0.17,0.157,-0.011,-0.052,0.022,0.252,0.15,0.275,1.0,0.965,0.962
14,y2,-0.291,0.135,0.051,0.026,0.185,0.166,0.128,0.025,-0.005,0.062,0.226,0.122,0.246,0.965,1.0,0.97
14,y3,-0.27,0.125,0.028,0.006,0.198,0.182,0.141,0.004,-0.023,0.037,0.241,0.14,0.261,0.962,0.97,1.0
15,.,1.0,-0.141,-0.093,-0.068,0.17,0.155,0.187,-0.087,-0.039,-0.067,0.156,0.166,0.106,-0.22,-0.266,-0.248
15,A1_1,-0.141,1.0,0.916,0.901,-0.137,0.106,-0.064,0.917,0.892,0.917,-0.086,-0.123,-0.076,0.088,0.132,0.119
15,A1_2,-0.093,0.916,1.0,0.98,-0.382,-0.13,-0.287,0.979,0.975,0.974,-0.333,-0.368,-0.327,-0.004,0.046,0.021
15,A1_3,-0.068,0.901,0.98,1.0,-0.401,-0.161,-0.327,0.987,0.978,0.984,-0.368,-0.4,-0.349,-0.017,0.024,0.002
15,B1_1,0.17,-0.137,-0.382,-0.401,1.0,0.914,0.967,-0.382,-0.388,-0.39,0.979,0.966,0.976,0.217,0.188,0.202
15,B1_2,0.155,0.106,-0.13,-0.161,0.914,1.0,0.942,-0.13,-0.129,-0.149,0.93,0.934,0.934,0.165,0.163,0.179
15,B1_3,0.187,-0.064,-0.287,-0.327,0.967,0.942,1.0,-0.297,-0.295,-0.313,0.969,0.963,0.966,0.159,0.134,0.147
15,A2_1,-0.087,0.917,0.979,0.987,-0.382,-0.13,-0.297,1.0,0.983,0.983,-0.337,-0.37,-0.325,-0.019,0.019,-0.002
15,A2_2,-0.039,0.892,0.975,0.978,-0.388,-0.129,-0.295,0.983,1.0,0.969,-0.336,-0.372,-0.337,-0.062,-0.015,-0.033
15,A2_3,-0.067,0.917,0.974,0.984,-0.39,-0.149,-0.313,0.983,0.969,1.0,-0.351,-0.387,-0.338,0.009,0.052,0.026
15,B2_1,0.156,-0.086,-0.333,-0.368,0.979,0.93,0.969,-0.337,-0.336,-0.351,1.0,0.962,0.974,0.25,0.229,0.244
15,B2_2,0.166,-0.123,-0.368,-0.4,0.966,0.934,0.963,-0.37,-0.372,-0.387,0.962,1.0,0.963,0.148,0.124,0.142
15,B2_3,0.106,-0.076,-0.327,-0.349,0.976,0.934,0.966,-0.325,-0.337,-0.338,0.974,0.963,1.0,0.269,0.245,0.26
15,y1,-0.22,0.088,-0.004,-0.017,0.217,0.165,0.159,-0.019,-0.062,0.009,0.25,0.148,0.269,1.0,0.964,0.963
15,y2,-0.266,0.132,0.046,0.024,0.188,0.163,0.134,0.019,-0.015,0.052,0.229,0.124,0.245,0.964,1.0,0.971
15,y3,-0.248,0.119,0.021,0.002,0.202,0.179,0.147,-0.002,-0.033,0.026,0.244,0.142,0.26,0.963,0.971,1.0
16,.,1.0,-0.112,-0.074,-0.039,0.181,0.15,0.192,-0.057,-0.011,-0.036,0.177,0.19,0.124,-0.276,-0.32,-0.303
16,A1_1,-0.112,1.0,0.923,0.909,-0.191,0.062,-0.118,0.919,0.895,0.911,-0.173,-0.196,-0.15,0.066,0.108,0.1
16,A1_2,-0.074,0.923,1.0,0.979,-0.418,-0.168,-0.33,0.98,0.975,0.974,-0.402,-0.423,-0.383,-0.005,0.042,0.019
16,A1_3,-0.039,0.909,0.979,1.0,-0.434,-0.194,-0.363,0.988,0.979,0.985,-0.43,-0.448,-0.399,-0.016,0.022,0.002
16,B1_1,0.181,-0.191,-0.418,-0.434,1.0,0.914,0.968,-0.43,-0.438,-0.444,0.982,0.971,0.978,0.197,0.167,0.182
16,B1_2,0.15,0.062,-0.168,-0.194,0.914,1.0,0.938,-0.182,-0.183,-0.206,0.921,0.923,0.929,0.161,0.16,0.177
16,B1_3,0.192,-0.118,-0.33,-0.363,0.968,0.938,1.0,-0.352,-0.35,-0.372,0.968,0.962,0.965,0.143,0.116,0.132
16,A2_1,-0.057,0.919,0.98,0.988,-0.43,-0.182,-0.352,1.0,0.983,0.985,-0.417,-0.439,-0.393,-0.007,0.029,0.009
16,A2_2,-0.011,0.895,0.975,0.979,-0.438,-0.183,-0.35,0.983,1.0,0.971,-0.418,-0.442,-0.407,-0.056,-0.012,-0.029
16,A2_3,-0.036,0.911,0.974,0.985,-0.444,-0.206,-0.372,0.985,0.971,1.0,-0.434,-0.459,-0.411,0.017,0.056,0.03
16,B2_1,0.177,-0.173,-0.402,-0.43,0.982,0.921,0.968,-0.417,-0.418,-0.434,1.0,0.964,0.974,0.238,0.214,0.229
16,B2_2,0.19,-0.196,-0.423,-0.448,0.971,0.923,0.962,-0.439,-0.442,-0.459,0.964,1.0,0.964,0.136,0.109,0.128
16,B2_3,0.124,-0.15,-0.383,-0.399,0.978,0.929,0.965,-0.393,-0.407,-0.411,0.974,0.964,1.0,0.259,0.233,0.249
16,y1,-0.276,0.066,-0.005,-0.016,0.197,0.161,0.143,-0.007,-0.056,0.017,0.238,0.136,0.259,1.0,0.968,0.964
16,y2,-0.32,0.108,0.042,0.022,0.167,0.16,0.116,0.029,-0.012,0.056,0.214,0.109,0.233,0.968,1.0,0.974
16,y3,-0.303,0.1,0.019,0.002,0.182,0.177,0.132,0.009,-0.029,0.03,0.229,0.128,0.249,0.964,0.974,1.0
17,.,1.0,-0.128,-0.08,-0.05,0.17,0.143,0.181,-0.069,-0.026,-0.048,0.167,0.182,0.115,-0.286,-0.331,-0.312
17,A1_1,-0.128,1.0,0.919,0.905,-0.195,0.06,-0.116,0.917,0.892,0.908,-0.18,-0.198,-0.153,0.057,0.097,0.088
17,A1_2,-0.08,0.919,1.0,0.98,-0.431,-0.178,-0.337,0.982,0.977,0.976,-0.418,-0.432,-0.394,-0.015,0.031,0.009
17,A1_3,-0.05,0.905,0.98,1.0,-0.447,-0.204,-0.371,0.989,0.981,0.986,-0.446,-0.457,-0.41,-0.023,0.014,-0.006
17,B1_1,0.17,-0.195,-0.431,-0.447,1.0,0.913,0.968,-0.44,-0.45,-0.457,0.984,0.971,0.979,0.197,0.165,0.181
17,B1_2,0.143,0.06,-0.178,-0.204,0.913,1.0,0.941,-0.189,-0.192,-0.217,0.92,0.923,0.929,0.147,0.143,0.159
17,B1_3,0.181,-0.116,-0.337,-0.371,0.968,0.941,1.0,-0.355,-0.357,-0.379,0.969,0.961,0.966,0.141,0.111,0.128
17,A2_1,-0.069,0.917,0.982,0.989,-0.44,-0.189,-0.355,1.0,0.984,0.985,-0.43,-0.445,-0.401,-0.016,0.02,-0.0
17,A2_2,-0.026,0.892,0.977,0.981,-0.45,-0.192,-0.357,0.984,1.0,0.972,-0.434,-0.452,-0.417,-0.061,-0.017,-0.035
17,A2_3,-0.048,0.908,0.976,0.986,-0.457,-0.217,-0.379,0.985,0.972,1.0,-0.45,-0.468,-0.422,0.01,0.05,0.024
17,B2_1,0.167,-0.18,-0.418,-0.446,0.984,0.92,0.969,-0.43,-0.434,-0.45,1.0,0.967,0.976,0.23,0.204,0.22
17,B2_2,0.182,-0.198,-0.432,-0.457,0.971,0.923,0.961,-0.445,-0.452,-0.468,0.967,1.0,0.966,0.134,0.104,0.123
17,B2_3,0.115,-0.153,-0.394,-0.41,0.979,0.929,0.966,-0.401,-0.417,-0.422,0.976,0.966,1.0,0.25,0.221,0.237
17,y1,-0.286,0.057,-0.015,-0.023,0.197,0.147,0.141,-0.016,-0.061,0.01,0.23,0.134,0.25,1.0,0.968,0.965
17,y2,-0.331,0.097,0.031,0.014,0.165,0.143,0.111,0.02,-0.017,0.05,0.204,0.104,0.221,0.968,1.0,0.974
17,y3,-0.312,0.088,0.009,-0.006,0.181,0.159,0.128,-0.0,-0.035,0.024,0.22,0.123,0.237,0.965,0.974,1.0
18,.,1.0,-0.123,-0.079,-0.042,0.178,0.149,0.189,-0.059,-0.018,-0.042,0.177,0.193,0.124,-0.294,-0.343,-0.32
18,A1_1,-0.123,1.0,0.922,0.907,-0.208,0.045,-0.13,0.916,0.893,0.908,-0.199,-0.219,-0.176,0.044,0.089,0.079
18,A1_2,-0.079,0.922,1.0,0.979,-0.434,-0.186,-0.343,0.981,0.976,0.973,-0.428,-0.443,-0.406,-0.018,0.033,0.01
18,A1_3,-0.042,0.907,0.979,1.0,-0.451,-0.213,-0.377,0.989,0.981,0.985,-0.456,-0.469,-0.424,-0.028,0.014,-0.006
18,B1_1,0.178,-0.208,-0.434,-0.451,1.0,0.914,0.968,-0.448,-0.456,-0.462,0.984,0.97,0.979,0.188,0.151,0.169
18,B1_2,0.149,0.045,-0.186,-0.213,0.914,1.0,0.941,-0.203,-0.204,-0.228,0.92,0.921,0.928,0.144,0.136,0.153
18,B1_3,0.189,-0.13,-0.343,-0.377,0.968,0.941,1.0,-0.365,-0.365,-0.387,0.968,0.96,0.965,0.129,0.094,0.112
18,A2_1,-0.059,0.916,0.981,0.989,-0.448,-0.203,-0.365,1.0,0.983,0.984,-0.444,-0.462,-0.419,-0.017,0.023,0.002
18,A2_2,-0.018,0.893,0.976,0.981,-0.456,-0.204,-0.365,0.983,1.0,0.97,-0.446,-0.465,-0.433,-0.068,-0.019,-0.038
18,A2_3,-0.042,0.908,0.973,0.985,-0.462,-0.228,-0.387,0.984,0.97,1.0,-0.461,-0.482,-0.437,0.008,0.052,0.026
18,B2_1,0.177,-0.199,-0.428,-0.456,0.984,0.92,0.968,-0.444,-0.446,-0.461,1.0,0.966,0.975,0.221,0.189,0.207
18,B2_2,0.193,-0.219,-0.443,-0.469,0.97,0.921,0.96,-0.462,-0.465,-0.482,0.966,1.0,0.965,0.129,0.094,0.114
18,B2_3,0.124,-0.176,-0.406,-0.424,0.979,0.928,0.965,-0.419,-0.433,-0.437,0.975,0.965,1.0,0.245,0.211,0.229
18,y1,-0.294,0.044,-0.018,-0.028,0.188,0.144,0.129,-0.017,-0.068,0.008,0.221,0.129,0.245,1.0,0.966,0.965
18,y2,-0.343,0.089,0.033,0.014,0.151,0.136,0.094,0.023,-0.019,0.052,0.189,0.094,0.211,0.966,1.0,0.973
18,y3,-0.32,0.079,0.01,-0.006,0.169,0.153,0.112,0.002,-0.038,0.026,0.207,0.114,0.229,0.965,0.973,1.0
19,.,1.0,-0.138,-0.091,-0.062,0.167,0.14,0.178,-0.078,-0.039,-0.059,0.16,0.179,0.108,-0.283,-0.331,-0.31
19,A1_1,-0.138,1.0,0.924,0.912,-0.201,0.05,-0.124,0.922,0.898,0.914,-0.183,-0.204,-0.156,0.034,0.077,0.067
19,A1_2,-0.091,0.924,1.0,0.981,-0.427,-0.177,-0.334,0.982,0.977,0.976,-0.412,-0.429,-0.388,-0.03,0.019,-0.003
19,A1_3,-0.062,0.912,0.981,1.0,-0.443,-0.202,-0.367,0.989,0.98,0.986,-0.439,-0.453,-0.404,-0.039,0.002,-0.017
19,B1_1,0.167,-0.201,-0.427,-0.443,1.0,0.915,0.969,-0.433,-0.442,-0.452,0.984,0.97,0.978,0.193,0.16,0.175
19,B1_2,0.14,0.05,-0.177,-0.202,0.915,1.0,0.942,-0.185,-0.188,-0.215,0.924,0.925,0.932,0.134,0.128,0.142
19,B1_3,0.178,-0.124,-0.334,-0.367,0.969,0.942,1.0,-0.349,-0.349,-0.375,0.971,0.961,0.967,0.133,0.102,0.117
19,A2_1,-0.078,0.922,0.982,0.989,-0.433,-0.185,-0.349,1.0,0.984,0.985,-0.421,-0.438,-0.392,-0.032,0.006,-0.013
19,A2_2,-0.039,0.898,0.977,0.98,-0.442,-0.188,-0.349,0.984,1.0,0.971,-0.424,-0.444,-0.408,-0.079,-0.032,-0.05
19,A2_3,-0.059,0.914,0.976,0.986,-0.452,-0.215,-0.375,0.985,0.971,1.0,-0.442,-0.464,-0.415,-0.006,0.036,0.012
19,B2_1,0.16,-0.183,-0.412,-0.439,0.984,0.924,0.971,-0.421,-0.424,-0.442,1.0,0.967,0.976,0.22,0.193,0.208
19,B2_2,0.179,-0.204,-0.429,-0.453,0.97,0.925,0.961,-0.438,-0.444,-0.464,0.967,1.0,0.964,0.128,0.097,0.114
19,B2_3,0.108,-0.156,-0.388,-0.404,0.978,0.932,0.967,-0.392,-0.408,-0.415,0.976,0.964,1.0,0.242,0.213,0.227
19,y1,-0.283,0.034,-0.03,-0.039,0.193,0.134,0.133,-0.032,-0.079,-0.006,0.22,0.128,0.242,1.0,0.966,0.965
19,y2,-0.331,0.077,0.019,0.002,0.16,0.128,0.102,0.006,-0.032,0.036,0.193,0.097,0.213,0.966,1.0,0.974
19,y3,-0.31,0.067,-0.003,-0.017,0.175,0.142,0.117,-0.013,-0.05,0.012,0.208,0.114,0.227,0.965,0.974,1.0
20,.,1.0,-0.144,-0.103,-0.074,0.162,0.131,0.175,-0.09,-0.053,-0.072,0.145,0.168,0.096,-0.263,-0.31,-0.289
20,A1_1,-0.144,1.0,0.926,0.916,-0.197,0.054,-0.12,0.926,0.905,0.921,-0.165,-0.194,-0.142,0.017,0.062,0.052
20,A1_2,-0.103,0.926,1.0,0.981,-0.42,-0.17,-0.327,0.982,0.976,0.976,-0.393,-0.417,-0.372,-0.042,0.008,-0.013
20,A1_3,-0.074,0.916,0.981,1.0,-0.433,-0.192,-0.358,0.989,0.98,0.986,-0.419,-0.439,-0.386,-0.052,-0.011,-0.029
20,B1_1,0.162,-0.197,-0.42,-0.433,1.0,0.917,0.969,-0.423,-0.427,-0.44,0.983,0.97,0.977,0.188,0.158,0.172
20,B1_2,0.131,0.054,-0.17,-0.192,0.917,1.0,0.943,-0.174,-0.171,-0.2,0.931,0.929,0.936,0.127,0.125,0.139
20,B1_3,0.175,-0.12,-0.327,-0.358,0.969,0.943,1.0,-0.338,-0.333,-0.362,0.972,0.962,0.966,0.128,0.1,0.115
20,A2_1,-0.09,0.926,0.982,0.989,-0.423,-0.174,-0.338,1.0,0.984,0.985,-0.399,-0.422,-0.373,-0.05,-0.01,-0.029
20,A2_2,-0.053,0.905,0.976,0.98,-0.427,-0.171,-0.333,0.984,1.0,0.971,-0.398,-0.423,-0.384,-0.1,-0.052,-0.068
20,A2_3,-0.072,0.921,0.976,0.986,-0.44,-0.2,-0.362,0.985,0.971,1.0,-0.42,-0.446,-0.395,-0.026,0.018,-0.005
20,B2_1,0.145,-0.165,-0.393,-0.419,0.983,0.931,0.972,-0.399,-0.398,-0.42,1.0,0.967,0.976,0.211,0.188,0.203
20,B2_2,0.168,-0.194,-0.417,-0.439,0.97,0.929,0.962,-0.422,-0.423,-0.446,0.967,1.0,0.963,0.12,0.093,0.109
20,B2_3,0.096,-0.142,-0.372,-0.386,0.977,0.936,0.966,-0.373,-0.384,-0.395,0.976,0.963,1.0,0.234,0.209,0.223
20,y1,-0.263,0.017,-0.042,-0.052,0.188,0.127,0.128,-0.05,-0.1,-0.026,0.211,0.12,0.234,1.0,0.964,0.964
20,y2,-0.31,0.062,0.008,-0.011,0.158,0.125,0.1,-0.01,-0.052,0.018,0.188,0.093,0.209,0.964,1.0,0.972
20,y3,-0.289,0.052,-0.013,-0.029,0.172,0.139,0.115,-0.029,-0.068,-0.005,0.203,0.109,0.223,0.964,0.972,1.0
21,.,1.0,-0.151,-0.108,-0.079,0.158,0.127,0.163,-0.097,-0.062,-0.078,0.14,0.162,0.09,-0.261,-0.309,-0.288
21,A1_1,-0.151,1.0,0.927,0.916,-0.192,0.054,-0.114,0.929,0.909,0.922,-0.161,-0.188,-0.136,0.002,0.044,0.035
21,A1_2,-0.108,0.927,1.0,0.981,-0.414,-0.168,-0.321,0.982,0.978,0.976,-0.389,-0.411,-0.365,-0.047,0.001,-0.019
21,A1_3,-0.079,0.916,0.981,1.0,-0.429,-0.192,-0.353,0.989,0.981,0.986,-0.416,-0.434,-0.38,-0.052,-0.013,-0.03
21,B1_1,0.158,-0.192,-0.414,-0.429,1.0,0.917,0.97,-0.413,-0.419,-0.434,0.984,0.97,0.977,0.186,0.154,0.168
21,B1_2,0.127,0.054,-0.168,-0.192,0.917,1.0,0.944,-0.167,-0.168,-0.198,0.932,0.93,0.937,0.118,0.112,0.126
21,B1_3,0.163,-0.114,-0.321,-0.353,0.97,0.944,1.0,-0.327,-0.326,-0.355,0.974,0.962,0.968,0.128,0.099,0.112
21,A2_1,-0.097,0.929,0.982,0.989,-0.413,-0.167,-0.327,1.0,0.985,0.985,-0.39,-0.412,-0.361,-0.052,-0.014,-0.032
21,A2_2,-0.062,0.909,0.978,0.981,-0.419,-0.168,-0.326,0.985,1.0,0.972,-0.392,-0.416,-0.374,-0.098,-0.052,-0.067
21,A2_3,-0.078,0.922,0.976,0.986,-0.434,-0.198,-0.355,0.985,0.972,1.0,-0.415,-0.44,-0.387,-0.028,0.013,-0.008
21,B2_1,0.14,-0.161,-0.389,-0.416,0.984,0.932,0.974,-0.39,-0.392,-0.415,1.0,0.968,0.976,0.202,0.177,0.191
21,B2_2,0.162,-0.188,-0.411,-0.434,0.97,0.93,0.962,-0.412,-0.416,-0.44,0.968,1.0,0.964,0.114,0.085,0.1
21,B2_3,0.09,-0.136,-0.365,-0.38,0.977,0.937,0.968,-0.361,-0.374,-0.387,0.976,0.964,1.0,0.227,0.201,0.213
21,y1,-0.261,0.002,-0.047,-0.052,0.186,0.118,0.128,-0.052,-0.098,-0.028,0.202,0.114,0.227,1.0,0.966,0.965
21,y2,-0.309,0.044,0.001,-0.013,0.154,0.112,0.099,-0.014,-0.052,0.013,0.177,0.085,0.201,0.966,1.0,0.973
21,y3,-0.288,0.035,-0.019,-0.03,0.168,0.126,0.112,-0.032,-0.067,-0.008,0.191,0.1,0.213,0.965,0.973,1.0
22,.,1.0,-0.153,-0.132,-0.086,0.163,0.107,0.169,-0.101,-0.061,-0.073,0.124,0.161,0.087,-0.23,-0.279,-0.258
22,A1_1,-0.153,1.0,0.931,0.92,-0.185,0.061,-0.105,0.929,0.912,0.925,-0.146,-0.185,-0.128,-0.025,0.023,0.012
22,A1_2,-0.132,0.931,1.0,0.978,-0.399,-0.159,-0.308,0.98,0.97,0.972,-0.37,-0.402,-0.348,-0.06,-0.007,-0.029
22,A1_3,-0.086,0.92,0.978,1.0,-0.414,-0.182,-0.338,0.989,0.978,0.985,-0.398,-0.425,-0.365,-0.075,-0.032,-0.051
22,B1_1,0.163,-0.185,-0.399,-0.414,1.0,0.922,0.97,-0.407,-0.401,-0.42,0.981,0.971,0.974,0.159,0.127,0.142
22,B1_2,0.107,0.061,-0.159,-0.182,0.922,1.0,0.945,-0.167,-0.155,-0.186,0.936,0.93,0.941,0.115,0.113,0.127
22,B1_3,0.169,-0.105,-0.308,-0.338,0.97,0.945,1.0,-0.322,-0.305,-0.339,0.968,0.961,0.965,0.103,0.073,0.088
22,A2_1,-0.101,0.929,0.98,0.989,-0.407,-0.167,-0.322,1.0,0.983,0.985,-0.381,-0.413,-0.356,-0.07,-0.027,-0.047
22,A2_2,-0.061,0.912,0.97,0.978,-0.401,-0.155,-0.305,0.983,1.0,0.972,-0.374,-0.403,-0.359,-0.132,-0.082,-0.097
22,A2_3,-0.073,0.925,0.972,0.985,-0.42,-0.186,-0.339,0.985,0.972,1.0,-0.4,-0.43,-0.375,-0.06,-0.014,-0.037
22,B2_1,0.124,-0.146,-0.37,-0.398,0.981,0.936,0.968,-0.381,-0.374,-0.4,1.0,0.965,0.976,0.2,0.179,0.192
22,B2_2,0.161,-0.185,-0.402,-0.425,0.971,0.93,0.961,-0.413,-0.403,-0.43,0.965,1.0,0.963,0.107,0.08,0.096
22,B2_3,0.087,-0.128,-0.348,-0.365,0.974,0.941,0.965,-0.356,-0.359,-0.375,0.976,0.963,1.0,0.217,0.192,0.205
22,y1,-0.23,-0.025,-0.06,-0.075,0.159,0.115,0.103,-0.07,-0.132,-0.06,0.2,0.107,0.217,1.0,0.964,0.965
22,y2,-0.279,0.023,-0.007,-0.032,0.127,0.113,0.073,-0.027,-0.082,-0.014,0.179,0.08,0.192,0.964,1.0,0.972
22,y3,-0.258,0.012,-0.029,-0.051,0.142,0.127,0.088,-0.047,-0.097,-0.037,0.192,0.096,0.205,0.965,0.972,1.0
23,.,1.0,-0.156,-0.124,-0.087,0.168,0.125,0.173,-0.099,-0.059,-0.072,0.138,0.169,0.093,-0.263,-0.317,-0.293
23,A1_1,-0.156,1.0,0.925,0.915,-0.205,0.047,-0.118,0.924,0.905,0.919,-0.173,-0.204,-0.15,-0.022,0.025,0.015
23,A1_2,-0.124,0.925,1.0,0.981,-0.423,-0.178,-0.324,0.981,0.974,0.974,-0.4,-0.427,-0.377,-0.062,-0.011,-0.032
23,A1_3,-0.087,0.915,0.981,1.0,-0.438,-0.2,-0.354,0.989,0.978,0.985,-0.427,-0.449,-0.393,-0.071,-0.029,-0.047
23,B1_1,0.168,-0.205,-0.423,-0.438,1.0,0.919,0.968,-0.428,-0.426,-0.445,0.982,0.971,0.975,0.165,0.135,0.15
23,B1_2,0.125,0.047,-0.178,-0.2,0.919,1.0,0.946,-0.182,-0.175,-0.206,0.932,0.928,0.937,0.11,0.107,0.121
23,B1_3,0.173,-0.118,-0.324,-0.354,0.968,0.946,1.0,-0.335,-0.324,-0.357,0.97,0.96,0.965,0.105,0.076,0.091
23,A2_1,-0.099,0.924,0.981,0.989,-0.428,-0.182,-0.335,1.0,0.985,0.985,-0.407,-0.433,-0.381,-0.069,-0.028,-0.047
23,A2_2,-0.059,0.905,0.974,0.978,-0.426,-0.175,-0.324,0.985,1.0,0.973,-0.403,-0.427,-0.389,-0.125,-0.076,-0.092
23,A2_3,-0.072,0.919,0.974,0.985,-0.445,-0.206,-0.357,0.985,0.973,1.0,-0.428,-0.455,-0.404,-0.055,-0.011,-0.033
23,B2_1,0.138,-0.173,-0.4,-0.427,0.982,0.932,0.97,-0.407,-0.403,-0.428,1.0,0.966,0.977,0.201,0.178,0.192
23,B2_2,0.169,-0.204,-0.427,-0.449,0.971,0.928,0.96,-0.433,-0.427,-0.455,0.966,1.0,0.963,0.111,0.084,0.099
23,B2_3,0.093,-0.15,-0.377,-0.393,0.975,0.937,0.965,-0.381,-0.389,-0.404,0.977,0.963,1.0,0.223,0.199,0.211
23,y1,-0.263,-0.022,-0.062,-0.071,0.165,0.11,0.105,-0.069,-0.125,-0.055,0.201,0.111,0.223,1.0,0.964,0.965
23,y2,-0.317,0.025,-0.011,-0.029,0.135,0.107,0.076,-0.028,-0.076,-0.011,0.178,0.084,0.199,0.964,1.0,0.973
23,y3,-0.293,0.015,-0.032,-0.047,0.15,0.121,0.091,-0.047,-0.092,-0.033,0.192,0.099,0.211,0.965,0.973,1.0
