,,.,A1_1,A1_2,A1_3,B1_1,B1_2,B1_3,A2_1,A2_2,A2_3,B2_1,B2_2,B2_3,y1,y2,y3
1,.,1.0,0.181,0.061,-0.008,-0.013,-0.051,-0.243,-0.06,0.106,0.005,0.222,0.224,-0.039,-0.164,-0.102,-0.182
1,A1_1,0.181,1.0,-0.056,-0.047,-0.026,-0.061,-0.348,-0.181,0.032,-0.065,-0.091,0.238,0.043,-0.008,-0.059,-0.07
1,A1_2,0.061,-0.056,1.0,0.024,0.073,-0.134,0.101,0.079,-0.055,-0.122,-0.23,0.091,0.247,0.074,0.122,0.067
1,A1_3,-0.008,-0.047,0.024,1.0,-0.124,0.137,0.092,0.011,0.003,-0.198,-0.223,-0.245,-0.043,0.128,-0.044,0.134
1,B1_1,-0.013,-0.026,0.073,-0.124,1.0,-0.058,-0.212,-0.05,-0.193,0.097,0.104,0.065,0.01,0.058,0.16,-0.048
1,B1_2,-0.051,-0.061,-0.134,0.137,-0.058,1.0,0.264,-0.043,-0.029,-0.132,-0.126,0.045,0.011,-0.163,0.116,-0.247
1,B1_3,-0.243,-0.348,0.101,0.092,-0.212,0.264,1.0,0.145,0.057,-0.102,-0.177,-0.056,0.088,-0.094,0.005,-0.11
1,A2_1,-0.06,-0.181,0.079,0.011,-0.05,-0.043,0.145,1.0,-0.034,0.219,0.043,-0.075,-0.05,-0.031,0.07,-0.126
1,A2_2,0.106,0.032,-0.055,0.003,-0.193,-0.029,0.057,-0.034,1.0,0.147,0.134,0.105,-0.043,-0.092,-0.152,0.184
1,A2_3,0.005,-0.065,-0.122,-0.198,0.097,-0.132,-0.102,0.219,0.147,1.0,0.262,0.127,-0.21,-0.331,-0.25,-0.015
1,B2_1,0.222,-0.091,-0.23,-0.223,0.104,-0.126,-0.177,0.043,0.134,0.262,1.0,-0.085,0.046,-0.048,-0.112,0.07
1,B2_2,0.224,0.238,0.091,-0.245,0.065,0.045,-0.056,-0.075,0.105,0.127,-0.085,1.0,-0.036,-0.14,0.184,0.032
1,B2_3,-0.039,0.043,0.247,-0.043,0.01,0.011,0.088,-0.05,-0.043,-0.21,0.046,-0.036,1.0,-0.05,0.054,-0.13
1,y1,-0.164,-0.008,0.074,0.128,0.058,-0.163,-0.094,-0.031,-0.092,-0.331,-0.048,-0.14,-0.05,1.0,-0.047,0.019
1,y2,-0.102,-0.059,0.122,-0.044,0.16,0.116,0.005,0.07,-0.152,-0.25,-0.112,0.184,0.054,-0.047,1.0,-0.061
1,y3,-0.182,-0.07,0.067,0.134,-0.048,-0.247,-0.11,-0.126,0.184,-0.015,0.07,0.032,-0.13,0.019,-0.061,1.0
2,.,1.0,0.183,0.062,-0.005,-0.029,-0.072,-0.264,-0.077,0.092,-0.023,0.197,0.198,-0.057,-0.16,-0.096,-0.175
2,A1_1,0.183,1.0,-0.064,-0.046,-0.022,-0.05,-0.344,-0.186,0.027,-0.065,-0.091,0.236,0.044,-0.011,-0.065,-0.074
2,A1_2,0.062,-0.064,1.0,0.023,0.078,-0.123,0.101,0.073,-0.063,-0.126,-0.23,0.09,0.247,0.074,0.12,0.068
2,A1_3,-0.005,-0.046,0.023,1.0,-0.121,0.144,0.09,0.014,0.004,-0.192,-0.223,-0.244,-0.041,0.119,-0.053,0.125
2,B1_1,-0.029,-0.022,0.078,-0.121,1.0,-0.055,-0.205,-0.043,-0.193,0.1,0.093,0.063,0.015,0.054,0.164,-0.051
2,B1_2,-0.072,-0.05,-0.123,0.144,-0.055,1.0,0.283,-0.029,-0.02,-0.122,-0.113,0.063,0.037,-0.177,0.105,-0.258
2,B1_3,-0.264,-0.344,0.101,0.09,-0.205,0.283,1.0,0.147,0.055,-0.101,-0.16,-0.034,0.114,-0.098,0.006,-0.112
2,A2_1,-0.077,-0.186,0.073,0.014,-0.043,-0.029,0.147,1.0,-0.039,0.219,0.048,-0.072,-0.044,-0.03,0.069,-0.124
2,A2_2,0.092,0.027,-0.063,0.004,-0.193,-0.02,0.055,-0.039,1.0,0.146,0.134,0.103,-0.042,-0.088,-0.151,0.187
2,A2_3,-0.023,-0.065,-0.126,-0.192,0.1,-0.122,-0.101,0.219,0.146,1.0,0.262,0.124,-0.206,-0.325,-0.247,-0.011
2,B2_1,0.197,-0.091,-0.23,-0.223,0.093,-0.113,-0.16,0.048,0.134,0.262,1.0,-0.078,0.059,-0.052,-0.109,0.066
2,B2_2,0.198,0.236,0.09,-0.244,0.063,0.063,-0.034,-0.072,0.103,0.124,-0.078,1.0,-0.014,-0.143,0.184,0.028
2,B2_3,-0.057,0.044,0.247,-0.041,0.015,0.037,0.114,-0.044,-0.042,-0.206,0.059,-0.014,1.0,-0.06,0.05,-0.137
2,y1,-0.16,-0.011,0.074,0.119,0.054,-0.177,-0.098,-0.03,-0.088,-0.325,-0.052,-0.143,-0.06,1.0,-0.039,0.028
2,y2,-0.096,-0.065,0.12,-0.053,0.164,0.105,0.006,0.069,-0.151,-0.247,-0.109,0.184,0.05,-0.039,1.0,-0.052
2,y3,-0.175,-0.074,0.068,0.125,-0.051,-0.258,-0.112,-0.124,0.187,-0.011,0.066,0.028,-0.137,0.028,-0.052,1.0
3,.,1.0,0.182,0.061,-0.002,-0.046,-0.096,-0.287,-0.095,0.077,-0.052,0.165,0.167,-0.08,-0.155,-0.091,-0.167
3,A1_1,0.182,1.0,-0.07,-0.043,-0.018,-0.039,-0.338,-0.189,0.023,-0.065,-0.09,0.234,0.045,-0.016,-0.071,-0.078
3,A1_2,0.061,-0.07,1.0,0.023,0.084,-0.111,0.101,0.068,-0.07,-0.127,-0.228,0.091,0.246,0.073,0.118,0.067
3,A1_3,-0.002,-0.043,0.023,1.0,-0.119,0.15,0.089,0.017,0.006,-0.185,-0.222,-0.242,-0.039,0.109,-0.063,0.115
3,B1_1,-0.046,-0.018,0.084,-0.119,1.0,-0.046,-0.191,-0.034,-0.192,0.105,0.087,0.066,0.025,0.049,0.167,-0.057
3,B1_2,-0.096,-0.039,-0.111,0.15,-0.046,1.0,0.305,-0.013,-0.01,-0.11,-0.093,0.086,0.067,-0.192,0.092,-0.272
3,B1_3,-0.287,-0.338,0.101,0.089,-0.191,0.305,1.0,0.149,0.055,-0.099,-0.135,-0.006,0.144,-0.103,0.005,-0.117
3,A2_1,-0.095,-0.189,0.068,0.017,-0.034,-0.013,0.149,1.0,-0.042,0.22,0.055,-0.067,-0.036,-0.03,0.067,-0.123
3,A2_2,0.077,0.023,-0.07,0.006,-0.192,-0.01,0.055,-0.042,1.0,0.147,0.135,0.101,-0.04,-0.086,-0.15,0.189
3,A2_3,-0.052,-0.065,-0.127,-0.185,0.105,-0.11,-0.099,0.22,0.147,1.0,0.263,0.123,-0.199,-0.32,-0.244,-0.007
3,B2_1,0.165,-0.09,-0.228,-0.222,0.087,-0.093,-0.135,0.055,0.135,0.263,1.0,-0.064,0.079,-0.058,-0.106,0.058
3,B2_2,0.167,0.234,0.091,-0.242,0.066,0.086,-0.006,-0.067,0.101,0.123,-0.064,1.0,0.013,-0.147,0.182,0.02
3,B2_3,-0.08,0.045,0.246,-0.039,0.025,0.067,0.144,-0.036,-0.04,-0.199,0.079,0.013,1.0,-0.07,0.044,-0.147
3,y1,-0.155,-0.016,0.073,0.109,0.049,-0.192,-0.103,-0.03,-0.086,-0.32,-0.058,-0.147,-0.07,1.0,-0.028,0.039
3,y2,-0.091,-0.071,0.118,-0.063,0.167,0.092,0.005,0.067,-0.15,-0.244,-0.106,0.182,0.044,-0.028,1.0,-0.041
3,y3,-0.167,-0.078,0.067,0.115,-0.057,-0.272,-0.117,-0.123,0.189,-0.007,0.058,0.02,-0.147,0.039,-0.041,1.0
4,.,1.0,0.178,0.058,-0.001,-0.067,-0.122,-0.31,-0.114,0.06,-0.08,0.129,0.131,-0.105,-0.148,-0.086,-0.157
4,A1_1,0.178,1.0,-0.075,-0.04,-0.013,-0.028,-0.331,-0.191,0.02,-0.063,-0.088,0.231,0.046,-0.021,-0.078,-0.083
4,A1_2,0.058,-0.075,1.0,0.024,0.091,-0.099,0.102,0.064,-0.075,-0.128,-0.224,0.092,0.246,0.071,0.114,0.065
4,A1_3,-0.001,-0.04,0.024,1.0,-0.116,0.155,0.087,0.022,0.009,-0.177,-0.22,-0.239,-0.038,0.099,-0.073,0.105
4,B1_1,-0.067,-0.013,0.091,-0.116,1.0,-0.031,-0.171,-0.024,-0.188,0.111,0.087,0.075,0.042,0.042,0.167,-0.065
4,B1_2,-0.122,-0.028,-0.099,0.155,-0.031,1.0,0.329,0.003,-0.0,-0.097,-0.066,0.112,0.1,-0.208,0.077,-0.287
4,B1_3,-0.31,-0.331,0.102,0.087,-0.171,0.329,1.0,0.152,0.055,-0.094,-0.104,0.026,0.177,-0.11,0.002,-0.124
4,A2_1,-0.114,-0.191,0.064,0.022,-0.024,0.003,0.152,1.0,-0.045,0.223,0.062,-0.061,-0.028,-0.031,0.063,-0.123
4,A2_2,0.06,0.02,-0.075,0.009,-0.188,-0.0,0.055,-0.045,1.0,0.148,0.136,0.1,-0.037,-0.084,-0.15,0.19
4,A2_3,-0.08,-0.063,-0.128,-0.177,0.111,-0.097,-0.094,0.223,0.148,1.0,0.264,0.123,-0.191,-0.315,-0.243,-0.006
4,B2_1,0.129,-0.088,-0.224,-0.22,0.087,-0.066,-0.104,0.062,0.136,0.264,1.0,-0.043,0.104,-0.066,-0.105,0.047
4,B2_2,0.131,0.231,0.092,-0.239,0.075,0.112,0.026,-0.061,0.1,0.123,-0.043,1.0,0.044,-0.153,0.177,0.01
4,B2_3,-0.105,0.046,0.246,-0.038,0.042,0.1,0.177,-0.028,-0.037,-0.191,0.104,0.044,1.0,-0.083,0.036,-0.159
4,y1,-0.148,-0.021,0.071,0.099,0.042,-0.208,-0.11,-0.031,-0.084,-0.315,-0.066,-0.153,-0.083,1.0,-0.014,0.054
4,y2,-0.086,-0.078,0.114,-0.073,0.167,0.077,0.002,0.063,-0.15,-0.243,-0.105,0.177,0.036,-0.014,1.0,-0.027
4,y3,-0.157,-0.083,0.065,0.105,-0.065,-0.287,-0.124,-0.123,0.19,-0.006,0.047,0.01,-0.159,0.054,-0.027,1.0
5,.,1.0,0.171,0.052,-0.001,-0.091,-0.152,-0.333,-0.133,0.041,-0.108,0.087,0.09,-0.134,-0.14,-0.081,-0.144
5,A1_1,0.171,1.0,-0.079,-0.036,-0.008,-0.017,-0.323,-0.192,0.018,-0.06,-0.085,0.228,0.047,-0.027,-0.086,-0.089
5,A1_2,0.052,-0.079,1.0,0.025,0.098,-0.086,0.103,0.06,-0.08,-0.128,-0.218,0.093,0.246,0.068,0.109,0.063
5,A1_3,-0.001,-0.036,0.025,1.0,-0.113,0.159,0.084,0.027,0.013,-0.168,-0.217,-0.236,-0.037,0.088,-0.083,0.094
5,B1_1,-0.091,-0.008,0.098,-0.113,1.0,-0.01,-0.143,-0.011,-0.183,0.118,0.095,0.09,0.063,0.033,0.165,-0.076
5,B1_2,-0.152,-0.017,-0.086,0.159,-0.01,1.0,0.356,0.02,0.01,-0.083,-0.034,0.142,0.136,-0.225,0.06,-0.304
5,B1_3,-0.333,-0.323,0.103,0.084,-0.143,0.356,1.0,0.156,0.055,-0.089,-0.066,0.063,0.212,-0.119,-0.004,-0.134
5,A2_1,-0.133,-0.192,0.06,0.027,-0.011,0.02,0.156,1.0,-0.046,0.226,0.071,-0.053,-0.018,-0.033,0.058,-0.124
5,A2_2,0.041,0.018,-0.08,0.013,-0.183,0.01,0.055,-0.046,1.0,0.15,0.137,0.099,-0.034,-0.082,-0.151,0.189
5,A2_3,-0.108,-0.06,-0.128,-0.168,0.118,-0.083,-0.089,0.226,0.15,1.0,0.266,0.124,-0.182,-0.311,-0.242,-0.005
5,B2_1,0.087,-0.085,-0.218,-0.217,0.095,-0.034,-0.066,0.071,0.137,0.266,1.0,-0.015,0.133,-0.076,-0.106,0.033
5,B2_2,0.09,0.228,0.093,-0.236,0.09,0.142,0.063,-0.053,0.099,0.124,-0.015,1.0,0.079,-0.161,0.17,-0.004
5,B2_3,-0.134,0.047,0.246,-0.037,0.063,0.136,0.212,-0.018,-0.034,-0.182,0.133,0.079,1.0,-0.097,0.026,-0.173
5,y1,-0.14,-0.027,0.068,0.088,0.033,-0.225,-0.119,-0.033,-0.082,-0.311,-0.076,-0.161,-0.097,1.0,0.002,0.071
5,y2,-0.081,-0.086,0.109,-0.083,0.165,0.06,-0.004,0.058,-0.151,-0.242,-0.106,0.17,0.026,0.002,1.0,-0.01
5,y3,-0.144,-0.089,0.063,0.094,-0.076,-0.304,-0.134,-0.124,0.189,-0.005,0.033,-0.004,-0.173,0.071,-0.01,1.0
6,.,1.0,0.162,0.044,-0.003,-0.119,-0.183,-0.358,-0.153,0.023,-0.135,0.042,0.046,-0.165,-0.13,-0.075,-0.129
6,A1_1,0.162,1.0,-0.082,-0.031,-0.002,-0.007,-0.314,-0.191,0.017,-0.056,-0.081,0.224,0.049,-0.033,-0.094,-0.094
6,A1_2,0.044,-0.082,1.0,0.028,0.106,-0.073,0.104,0.058,-0.084,-0.127,-0.211,0.094,0.245,0.064,0.103,0.059
6,A1_3,-0.003,-0.031,0.028,1.0,-0.109,0.162,0.081,0.033,0.018,-0.159,-0.213,-0.232,-0.036,0.077,-0.093,0.083
6,B1_1,-0.119,-0.002,0.106,-0.109,1.0,0.016,-0.109,0.002,-0.177,0.127,0.109,0.111,0.09,0.021,0.16,-0.089
6,B1_2,-0.183,-0.007,-0.073,0.162,0.016,1.0,0.384,0.038,0.02,-0.069,0.003,0.175,0.174,-0.243,0.04,-0.322
6,B1_3,-0.358,-0.314,0.104,0.081,-0.109,0.384,1.0,0.159,0.055,-0.083,-0.024,0.102,0.248,-0.131,-0.012,-0.147
6,A2_1,-0.153,-0.191,0.058,0.033,0.002,0.038,0.159,1.0,-0.047,0.229,0.081,-0.045,-0.009,-0.036,0.052,-0.126
6,A2_2,0.023,0.017,-0.084,0.018,-0.177,0.02,0.055,-0.047,1.0,0.152,0.138,0.098,-0.031,-0.081,-0.152,0.187
6,A2_3,-0.135,-0.056,-0.127,-0.159,0.127,-0.069,-0.083,0.229,0.152,1.0,0.268,0.125,-0.172,-0.307,-0.241,-0.005
6,B2_1,0.042,-0.081,-0.211,-0.213,0.109,0.003,-0.024,0.081,0.138,0.268,1.0,0.018,0.167,-0.088,-0.109,0.014
6,B2_2,0.046,0.224,0.094,-0.232,0.111,0.175,0.102,-0.045,0.098,0.125,0.018,1.0,0.117,-0.17,0.159,-0.021
6,B2_3,-0.165,0.049,0.245,-0.036,0.09,0.174,0.248,-0.009,-0.031,-0.172,0.167,0.117,1.0,-0.113,0.014,-0.189
6,y1,-0.13,-0.033,0.064,0.077,0.021,-0.243,-0.131,-0.036,-0.081,-0.307,-0.088,-0.17,-0.113,1.0,0.02,0.092
6,y2,-0.075,-0.094,0.103,-0.093,0.16,0.04,-0.012,0.052,-0.152,-0.241,-0.109,0.159,0.014,0.02,1.0,0.01
6,y3,-0.129,-0.094,0.059,0.083,-0.089,-0.322,-0.147,-0.126,0.187,-0.005,0.014,-0.021,-0.189,0.092,0.01,1.0
7,.,1.0,0.151,0.034,-0.005,-0.15,-0.217,-0.384,-0.172,0.004,-0.16,-0.007,-0.001,-0.199,-0.117,-0.067,-0.111
7,A1_1,0.151,1.0,-0.085,-0.025,0.005,0.004,-0.305,-0.19,0.017,-0.051,-0.077,0.22,0.049,-0.04,-0.102,-0.1
7,A1_2,0.034,-0.085,1.0,0.031,0.114,-0.059,0.105,0.056,-0.086,-0.125,-0.202,0.096,0.244,0.059,0.096,0.054
7,A1_3,-0.005,-0.025,0.031,1.0,-0.105,0.164,0.078,0.04,0.023,-0.149,-0.209,-0.228,-0.035,0.065,-0.104,0.071
7,B1_1,-0.15,0.005,0.114,-0.105,1.0,0.048,-0.07,0.017,-0.169,0.135,0.129,0.136,0.121,0.006,0.151,-0.106
7,B1_2,-0.217,0.004,-0.059,0.164,0.048,1.0,0.414,0.054,0.03,-0.054,0.045,0.211,0.213,-0.263,0.019,-0.341
7,B1_3,-0.384,-0.305,0.105,0.078,-0.07,0.414,1.0,0.163,0.055,-0.076,0.022,0.143,0.286,-0.144,-0.023,-0.163
7,A2_1,-0.172,-0.19,0.056,0.04,0.017,0.054,0.163,1.0,-0.046,0.233,0.091,-0.036,0.001,-0.041,0.044,-0.129
7,A2_2,0.004,0.017,-0.086,0.023,-0.169,0.03,0.055,-0.046,1.0,0.156,0.139,0.098,-0.027,-0.081,-0.153,0.184
7,A2_3,-0.16,-0.051,-0.125,-0.149,0.135,-0.054,-0.076,0.233,0.156,1.0,0.27,0.127,-0.161,-0.304,-0.242,-0.006
7,B2_1,-0.007,-0.077,-0.202,-0.209,0.129,0.045,0.022,0.091,0.139,0.27,1.0,0.056,0.204,-0.102,-0.114,-0.007
7,B2_2,-0.001,0.22,0.096,-0.228,0.136,0.211,0.143,-0.036,0.098,0.127,0.056,1.0,0.158,-0.181,0.144,-0.04
7,B2_3,-0.199,0.049,0.244,-0.035,0.121,0.213,0.286,0.001,-0.027,-0.161,0.204,0.158,1.0,-0.131,-0.001,-0.207
7,y1,-0.117,-0.04,0.059,0.065,0.006,-0.263,-0.144,-0.041,-0.081,-0.304,-0.102,-0.181,-0.131,1.0,0.042,0.116
7,y2,-0.067,-0.102,0.096,-0.104,0.151,0.019,-0.023,0.044,-0.153,-0.242,-0.114,0.144,-0.001,0.042,1.0,0.033
7,y3,-0.111,-0.1,0.054,0.071,-0.106,-0.341,-0.163,-0.129,0.184,-0.006,-0.007,-0.04,-0.207,0.116,0.033,1.0
8,.,1.0,0.139,0.024,-0.008,-0.184,-0.253,-0.41,-0.19,-0.014,-0.184,-0.059,-0.05,-0.234,-0.101,-0.058,-0.089
8,A1_1,0.139,1.0,-0.086,-0.018,0.011,0.013,-0.296,-0.187,0.018,-0.046,-0.073,0.216,0.05,-0.048,-0.111,-0.107
8,A1_2,0.024,-0.086,1.0,0.035,0.122,-0.047,0.106,0.055,-0.088,-0.123,-0.192,0.097,0.243,0.054,0.088,0.049
8,A1_3,-0.008,-0.018,0.035,1.0,-0.101,0.165,0.074,0.047,0.029,-0.138,-0.204,-0.223,-0.034,0.053,-0.114,0.059
8,B1_1,-0.184,0.011,0.122,-0.101,1.0,0.084,-0.027,0.032,-0.16,0.144,0.155,0.167,0.156,-0.012,0.139,-0.125
8,B1_2,-0.253,0.013,-0.047,0.165,0.084,1.0,0.444,0.071,0.039,-0.04,0.089,0.248,0.254,-0.284,-0.006,-0.362
8,B1_3,-0.41,-0.296,0.106,0.074,-0.027,0.444,1.0,0.166,0.055,-0.069,0.071,0.185,0.324,-0.16,-0.037,-0.181
8,A2_1,-0.19,-0.187,0.055,0.047,0.032,0.071,0.166,1.0,-0.045,0.238,0.101,-0.027,0.011,-0.047,0.034,-0.132
8,A2_2,-0.014,0.018,-0.088,0.029,-0.16,0.039,0.055,-0.045,1.0,0.159,0.14,0.097,-0.024,-0.082,-0.156,0.18
8,A2_3,-0.184,-0.046,-0.123,-0.138,0.144,-0.04,-0.069,0.238,0.159,1.0,0.271,0.128,-0.15,-0.301,-0.243,-0.009
8,B2_1,-0.059,-0.073,-0.192,-0.204,0.155,0.089,0.071,0.101,0.14,0.271,1.0,0.097,0.243,-0.12,-0.123,-0.032
8,B2_2,-0.05,0.216,0.097,-0.223,0.167,0.248,0.185,-0.027,0.097,0.128,0.097,1.0,0.199,-0.195,0.127,-0.063
8,B2_3,-0.234,0.05,0.243,-0.034,0.156,0.254,0.324,0.011,-0.024,-0.15,0.243,0.199,1.0,-0.151,-0.019,-0.227
8,y1,-0.101,-0.048,0.054,0.053,-0.012,-0.284,-0.16,-0.047,-0.082,-0.301,-0.12,-0.195,-0.151,1.0,0.066,0.142
8,y2,-0.058,-0.111,0.088,-0.114,0.139,-0.006,-0.037,0.034,-0.156,-0.243,-0.123,0.127,-0.019,0.066,1.0,0.059
8,y3,-0.089,-0.107,0.049,0.059,-0.125,-0.362,-0.181,-0.132,0.18,-0.009,-0.032,-0.063,-0.227,0.142,0.059,1.0
9,.,1.0,0.126,0.013,-0.011,-0.22,-0.289,-0.437,-0.208,-0.031,-0.205,-0.111,-0.099,-0.27,-0.082,-0.045,-0.065
9,A1_1,0.126,1.0,-0.086,-0.011,0.017,0.022,-0.287,-0.184,0.02,-0.04,-0.069,0.21,0.05,-0.055,-0.121,-0.113
9,A1_2,0.013,-0.086,1.0,0.039,0.13,-0.034,0.106,0.055,-0.089,-0.119,-0.182,0.098,0.241,0.047,0.079,0.043
9,A1_3,-0.011,-0.011,0.039,1.0,-0.097,0.165,0.07,0.055,0.036,-0.127,-0.199,-0.219,-0.034,0.041,-0.124,0.047
9,B1_1,-0.22,0.017,0.13,-0.097,1.0,0.123,0.02,0.048,-0.151,0.153,0.187,0.2,0.195,-0.033,0.122,-0.147
9,B1_2,-0.289,0.022,-0.034,0.165,0.123,1.0,0.474,0.086,0.048,-0.026,0.136,0.286,0.294,-0.306,-0.032,-0.384
9,B1_3,-0.437,-0.287,0.106,0.07,0.02,0.474,1.0,0.169,0.055,-0.062,0.122,0.228,0.362,-0.178,-0.053,-0.201
9,A2_1,-0.208,-0.184,0.055,0.055,0.048,0.086,0.169,1.0,-0.042,0.243,0.11,-0.018,0.02,-0.054,0.024,-0.137
9,A2_2,-0.031,0.02,-0.089,0.036,-0.151,0.048,0.055,-0.042,1.0,0.164,0.14,0.095,-0.02,-0.083,-0.158,0.175
9,A2_3,-0.205,-0.04,-0.119,-0.127,0.153,-0.026,-0.062,0.243,0.164,1.0,0.271,0.13,-0.138,-0.299,-0.245,-0.012
9,B2_1,-0.111,-0.069,-0.182,-0.199,0.187,0.136,0.122,0.11,0.14,0.271,1.0,0.141,0.284,-0.139,-0.134,-0.06
9,B2_2,-0.099,0.21,0.098,-0.219,0.2,0.286,0.228,-0.018,0.095,0.13,0.141,1.0,0.241,-0.211,0.106,-0.088
9,B2_3,-0.27,0.05,0.241,-0.034,0.195,0.294,0.362,0.02,-0.02,-0.138,0.284,0.241,1.0,-0.173,-0.039,-0.249
9,y1,-0.082,-0.055,0.047,0.041,-0.033,-0.306,-0.178,-0.054,-0.083,-0.299,-0.139,-0.211,-0.173,1.0,0.092,0.171
9,y2,-0.045,-0.121,0.079,-0.124,0.122,-0.032,-0.053,0.024,-0.158,-0.245,-0.134,0.106,-0.039,0.092,1.0,0.088
9,y3,-0.065,-0.113,0.043,0.047,-0.147,-0.384,-0.201,-0.137,0.175,-0.012,-0.06,-0.088,-0.249,0.171,0.088,1.0
10,.,1.0,0.113,0.001,-0.014,-0.258,-0.325,-0.464,-0.224,-0.047,-0.223,-0.164,-0.149,-0.307,-0.06,-0.03,-0.039
10,A1_1,0.113,1.0,-0.086,-0.002,0.023,0.03,-0.278,-0.179,0.022,-0.033,-0.065,0.205,0.05,-0.063,-0.13,-0.12
10,A1_2,0.001,-0.086,1.0,0.044,0.137,-0.022,0.106,0.056,-0.09,-0.115,-0.172,0.099,0.238,0.04,0.07,0.036
10,A1_3,-0.014,-0.002,0.044,1.0,-0.092,0.164,0.065,0.064,0.043,-0.115,-0.193,-0.214,-0.034,0.029,-0.135,0.035
10,B1_1,-0.258,0.023,0.137,-0.092,1.0,0.165,0.07,0.063,-0.141,0.161,0.222,0.237,0.235,-0.058,0.101,-0.171
10,B1_2,-0.325,0.03,-0.022,0.164,0.165,1.0,0.503,0.101,0.056,-0.013,0.183,0.324,0.334,-0.329,-0.061,-0.407
10,B1_3,-0.464,-0.278,0.106,0.065,0.07,0.503,1.0,0.171,0.055,-0.055,0.173,0.271,0.399,-0.198,-0.073,-0.223
10,A2_1,-0.224,-0.179,0.056,0.064,0.063,0.101,0.171,1.0,-0.039,0.249,0.119,-0.009,0.029,-0.061,0.012,-0.142
10,A2_2,-0.047,0.022,-0.09,0.043,-0.141,0.056,0.055,-0.039,1.0,0.169,0.139,0.094,-0.018,-0.084,-0.161,0.168
10,A2_3,-0.223,-0.033,-0.115,-0.115,0.161,-0.013,-0.055,0.249,0.169,1.0,0.271,0.131,-0.128,-0.297,-0.248,-0.016
10,B2_1,-0.164,-0.065,-0.172,-0.193,0.222,0.183,0.173,0.119,0.139,0.271,1.0,0.187,0.325,-0.161,-0.149,-0.09
10,B2_2,-0.149,0.205,0.099,-0.214,0.237,0.324,0.271,-0.009,0.094,0.131,0.187,1.0,0.283,-0.229,0.082,-0.114
10,B2_3,-0.307,0.05,0.238,-0.034,0.235,0.334,0.399,0.029,-0.018,-0.128,0.325,0.283,1.0,-0.197,-0.062,-0.272
10,y1,-0.06,-0.063,0.04,0.029,-0.058,-0.329,-0.198,-0.061,-0.084,-0.297,-0.161,-0.229,-0.197,1.0,0.121,0.202
10,y2,-0.03,-0.13,0.07,-0.135,0.101,-0.061,-0.073,0.012,-0.161,-0.248,-0.149,0.082,-0.062,0.121,1.0,0.119
10,y3,-0.039,-0.12,0.036,0.035,-0.171,-0.407,-0.223,-0.142,0.168,-0.016,-0.09,-0.114,-0.272,0.202,0.119,1.0
11,.,1.0,0.1,-0.01,-0.018,-0.297,-0.361,-0.49,-0.238,-0.062,-0.24,-0.215,-0.197,-0.343,-0.036,-0.013,-0.011
11,A1_1,0.1,1.0,-0.085,0.006,0.028,0.037,-0.269,-0.174,0.025,-0.025,-0.061,0.198,0.049,-0.071,-0.139,-0.126
11,A1_2,-0.01,-0.085,1.0,0.05,0.143,-0.011,0.106,0.057,-0.089,-0.11,-0.162,0.099,0.235,0.032,0.06,0.029
11,A1_3,-0.018,0.006,0.05,1.0,-0.088,0.163,0.061,0.073,0.051,-0.103,-0.188,-0.21,-0.035,0.017,-0.145,0.024
11,B1_1,-0.297,0.028,0.143,-0.088,1.0,0.208,0.12,0.077,-0.131,0.168,0.26,0.276,0.277,-0.084,0.077,-0.198
11,B1_2,-0.361,0.037,-0.011,0.163,0.208,1.0,0.532,0.114,0.063,-0.0,0.231,0.362,0.373,-0.353,-0.091,-0.43
11,B1_3,-0.49,-0.269,0.106,0.061,0.12,0.532,1.0,0.173,0.054,-0.048,0.223,0.313,0.435,-0.22,-0.094,-0.246
11,A2_1,-0.238,-0.174,0.057,0.073,0.077,0.114,0.173,1.0,-0.035,0.255,0.127,-0.001,0.037,-0.069,0.0,-0.147
11,A2_2,-0.062,0.025,-0.089,0.051,-0.131,0.063,0.054,-0.035,1.0,0.174,0.138,0.092,-0.015,-0.086,-0.165,0.161
11,A2_3,-0.24,-0.025,-0.11,-0.103,0.168,-0.0,-0.048,0.255,0.174,1.0,0.269,0.132,-0.117,-0.296,-0.25,-0.021
11,B2_1,-0.215,-0.061,-0.162,-0.188,0.26,0.231,0.223,0.127,0.138,0.269,1.0,0.233,0.366,-0.186,-0.166,-0.122
11,B2_2,-0.197,0.198,0.099,-0.21,0.276,0.362,0.313,-0.001,0.092,0.132,0.233,1.0,0.325,-0.249,0.055,-0.143
11,B2_3,-0.343,0.049,0.235,-0.035,0.277,0.373,0.435,0.037,-0.015,-0.117,0.366,0.325,1.0,-0.222,-0.087,-0.297
11,y1,-0.036,-0.071,0.032,0.017,-0.084,-0.353,-0.22,-0.069,-0.086,-0.296,-0.186,-0.249,-0.222,1.0,0.153,0.236
11,y2,-0.013,-0.139,0.06,-0.145,0.077,-0.091,-0.094,0.0,-0.165,-0.25,-0.166,0.055,-0.087,0.153,1.0,0.153
11,y3,-0.011,-0.126,0.029,0.024,-0.198,-0.43,-0.246,-0.147,0.161,-0.021,-0.122,-0.143,-0.297,0.236,0.153,1.0
12,.,1.0,0.087,-0.02,-0.021,-0.336,-0.395,-0.515,-0.251,-0.075,-0.254,-0.265,-0.244,-0.377,-0.01,0.007,0.018
12,A1_1,0.087,1.0,-0.083,0.016,0.033,0.043,-0.261,-0.167,0.03,-0.017,-0.057,0.191,0.048,-0.079,-0.149,-0.132
12,A1_2,-0.02,-0.083,1.0,0.056,0.148,-0.001,0.105,0.059,-0.088,-0.105,-0.152,0.099,0.231,0.024,0.049,0.022
12,A1_3,-0.021,0.016,0.056,1.0,-0.084,0.161,0.056,0.083,0.06,-0.09,-0.182,-0.205,-0.036,0.006,-0.154,0.012
12,B1_1,-0.336,0.033,0.148,-0.084,1.0,0.253,0.171,0.09,-0.121,0.175,0.3,0.315,0.319,-0.113,0.049,-0.226
12,B1_2,-0.395,0.043,-0.001,0.161,0.253,1.0,0.56,0.126,0.069,0.012,0.278,0.399,0.411,-0.378,-0.122,-0.453
12,B1_3,-0.515,-0.261,0.105,0.056,0.171,0.56,1.0,0.174,0.053,-0.042,0.272,0.353,0.47,-0.243,-0.118,-0.27
12,A2_1,-0.251,-0.167,0.059,0.083,0.09,0.126,0.174,1.0,-0.03,0.261,0.134,0.006,0.044,-0.078,-0.013,-0.153
12,A2_2,-0.075,0.03,-0.088,0.06,-0.121,0.069,0.053,-0.03,1.0,0.18,0.137,0.09,-0.013,-0.088,-0.168,0.153
12,A2_3,-0.254,-0.017,-0.105,-0.09,0.175,0.012,-0.042,0.261,0.18,1.0,0.267,0.132,-0.108,-0.294,-0.253,-0.026
12,B2_1,-0.265,-0.057,-0.152,-0.182,0.3,0.278,0.272,0.134,0.137,0.267,1.0,0.279,0.406,-0.211,-0.185,-0.155
12,B2_2,-0.244,0.191,0.099,-0.205,0.315,0.399,0.353,0.006,0.09,0.132,0.279,1.0,0.365,-0.27,0.025,-0.173
12,B2_3,-0.377,0.048,0.231,-0.036,0.319,0.411,0.47,0.044,-0.013,-0.108,0.406,0.365,1.0,-0.248,-0.113,-0.322
12,y1,-0.01,-0.079,0.024,0.006,-0.113,-0.378,-0.243,-0.078,-0.088,-0.294,-0.211,-0.27,-0.248,1.0,0.186,0.27
12,y2,0.007,-0.149,0.049,-0.154,0.049,-0.122,-0.118,-0.013,-0.168,-0.253,-0.185,0.025,-0.113,0.186,1.0,0.188
12,y3,0.018,-0.132,0.022,0.012,-0.226,-0.453,-0.27,-0.153,0.153,-0.026,-0.155,-0.173,-0.322,0.27,0.188,1.0
13,.,1.0,0.075,-0.03,-0.024,-0.374,-0.429,-0.539,-0.262,-0.087,-0.266,-0.312,-0.288,-0.411,0.018,0.029,0.048
13,A1_1,0.075,1.0,-0.08,0.026,0.037,0.048,-0.253,-0.16,0.034,-0.008,-0.054,0.184,0.046,-0.087,-0.158,-0.138
13,A1_2,-0.03,-0.08,1.0,0.063,0.153,0.008,0.103,0.061,-0.085,-0.099,-0.142,0.098,0.227,0.016,0.038,0.014
13,A1_3,-0.024,0.026,0.063,1.0,-0.08,0.158,0.051,0.093,0.069,-0.077,-0.177,-0.201,-0.037,-0.006,-0.163,0.001
13,B1_1,-0.374,0.037,0.153,-0.08,1.0,0.297,0.221,0.103,-0.111,0.18,0.341,0.355,0.36,-0.144,0.018,-0.255
13,B1_2,-0.429,0.048,0.008,0.158,0.297,1.0,0.587,0.137,0.074,0.022,0.324,0.434,0.447,-0.403,-0.155,-0.477
13,B1_3,-0.539,-0.253,0.103,0.051,0.221,0.587,1.0,0.174,0.051,-0.037,0.319,0.393,0.503,-0.267,-0.143,-0.295
13,A2_1,-0.262,-0.16,0.061,0.093,0.103,0.137,0.174,1.0,-0.025,0.268,0.139,0.013,0.05,-0.087,-0.026,-0.159
13,A2_2,-0.087,0.034,-0.085,0.069,-0.111,0.074,0.051,-0.025,1.0,0.187,0.135,0.087,-0.011,-0.091,-0.172,0.145
13,A2_3,-0.266,-0.008,-0.099,-0.077,0.18,0.022,-0.037,0.268,0.187,1.0,0.264,0.132,-0.098,-0.293,-0.256,-0.032
13,B2_1,-0.312,-0.054,-0.142,-0.177,0.341,0.324,0.319,0.139,0.135,0.264,1.0,0.324,0.445,-0.238,-0.207,-0.189
13,B2_2,-0.288,0.184,0.098,-0.201,0.355,0.434,0.393,0.013,0.087,0.132,0.324,1.0,0.404,-0.292,-0.006,-0.203
13,B2_3,-0.411,0.046,0.227,-0.037,0.36,0.447,0.503,0.05,-0.011,-0.098,0.445,0.404,1.0,-0.274,-0.141,-0.347
13,y1,0.018,-0.087,0.016,-0.006,-0.144,-0.403,-0.267,-0.087,-0.091,-0.293,-0.238,-0.292,-0.274,1.0,0.221,0.306
13,y2,0.029,-0.158,0.038,-0.163,0.018,-0.155,-0.143,-0.026,-0.172,-0.256,-0.207,-0.006,-0.141,0.221,1.0,0.225
13,y3,0.048,-0.138,0.014,0.001,-0.255,-0.477,-0.295,-0.159,0.145,-0.032,-0.189,-0.203,-0.347,0.306,0.225,1.0
14,.,1.0,0.064,-0.04,-0.027,-0.411,-0.46,-0.561,-0.272,-0.098,-0.276,-0.356,-0.33,-0.442,0.046,0.052,0.079
14,A1_1,0.064,1.0,-0.076,0.036,0.041,0.053,-0.245,-0.151,0.04,0.001,-0.052,0.177,0.044,-0.095,-0.167,-0.144
14,A1_2,-0.04,-0.076,1.0,0.071,0.156,0.016,0.101,0.065,-0.082,-0.092,-0.133,0.097,0.222,0.007,0.026,0.006
14,A1_3,-0.027,0.036,0.071,1.0,-0.077,0.154,0.045,0.104,0.078,-0.064,-0.172,-0.197,-0.038,-0.017,-0.172,-0.01
14,B1_1,-0.411,0.041,0.156,-0.077,1.0,0.34,0.27,0.114,-0.102,0.185,0.381,0.394,0.401,-0.176,-0.015,-0.284
14,B1_2,-0.46,0.053,0.016,0.154,0.34,1.0,0.613,0.146,0.079,0.032,0.368,0.469,0.482,-0.428,-0.188,-0.5
14,B1_3,-0.561,-0.245,0.101,0.045,0.27,0.613,1.0,0.174,0.049,-0.032,0.364,0.43,0.534,-0.292,-0.17,-0.321
14,A2_1,-0.272,-0.151,0.065,0.104,0.114,0.146,0.174,1.0,-0.018,0.275,0.144,0.019,0.055,-0.096,-0.039,-0.165
14,A2_2,-0.098,0.04,-0.082,0.078,-0.102,0.079,0.049,-0.018,1.0,0.193,0.132,0.085,-0.01,-0.093,-0.175,0.136
14,A2_3,-0.276,0.001,-0.092,-0.064,0.185,0.032,-0.032,0.275,0.193,1.0,0.261,0.132,-0.09,-0.292,-0.259,-0.038
14,B2_1,-0.356,-0.052,-0.133,-0.172,0.381,0.368,0.364,0.144,0.132,0.261,1.0,0.367,0.482,-0.266,-0.23,-0.223
14,B2_2,-0.33,0.177,0.097,-0.197,0.394,0.469,0.43,0.019,0.085,0.132,0.367,1.0,0.441,-0.315,-0.039,-0.234
14,B2_3,-0.442,0.044,0.222,-0.038,0.401,0.482,0.534,0.055,-0.01,-0.09,0.482,0.441,1.0,-0.301,-0.17,-0.372
14,y1,0.046,-0.095,0.007,-0.017,-0.176,-0.428,-0.292,-0.096,-0.093,-0.292,-0.266,-0.315,-0.301,1.0,0.257,0.342
14,y2,0.052,-0.167,0.026,-0.172,-0.015,-0.188,-0.17,-0.039,-0.175,-0.259,-0.23,-0.039,-0.17,0.257,1.0,0.262
14,y3,0.079,-0.144,0.006,-0.01,-0.284,-0.5,-0.321,-0.165,0.136,-0.038,-0.223,-0.234,-0.372,0.342,0.262,1.0
15,.,1.0,0.053,-0.049,-0.03,-0.446,-0.489,-0.583,-0.28,-0.108,-0.285,-0.398,-0.369,-0.472,0.074,0.076,0.109
15,A1_1,0.053,1.0,-0.071,0.047,0.043,0.056,-0.238,-0.142,0.047,0.011,-0.049,0.169,0.041,-0.102,-0.175,-0.149
15,A1_2,-0.049,-0.071,1.0,0.079,0.159,0.024,0.099,0.069,-0.078,-0.085,-0.124,0.096,0.216,-0.002,0.015,-0.002
15,A1_3,-0.03,0.047,0.079,1.0,-0.073,0.151,0.04,0.115,0.089,-0.05,-0.167,-0.193,-0.039,-0.027,-0.18,-0.02
15,B1_1,-0.446,0.043,0.159,-0.073,1.0,0.382,0.317,0.123,-0.093,0.188,0.421,0.432,0.44,-0.209,-0.05,-0.314
15,B1_2,-0.489,0.056,0.024,0.151,0.382,1.0,0.637,0.154,0.083,0.041,0.41,0.502,0.515,-0.453,-0.222,-0.522
15,B1_3,-0.583,-0.238,0.099,0.04,0.317,0.637,1.0,0.173,0.047,-0.027,0.407,0.466,0.564,-0.317,-0.197,-0.346
15,A2_1,-0.28,-0.142,0.069,0.115,0.123,0.154,0.173,1.0,-0.011,0.283,0.148,0.025,0.06,-0.105,-0.053,-0.171
15,A2_2,-0.108,0.047,-0.078,0.089,-0.093,0.083,0.047,-0.011,1.0,0.201,0.129,0.081,-0.009,-0.096,-0.179,0.126
15,A2_3,-0.285,0.011,-0.085,-0.05,0.188,0.041,-0.027,0.283,0.201,1.0,0.257,0.131,-0.082,-0.29,-0.262,-0.045
15,B2_1,-0.398,-0.049,-0.124,-0.167,0.421,0.41,0.407,0.148,0.129,0.257,1.0,0.409,0.516,-0.294,-0.254,-0.256
15,B2_2,-0.369,0.169,0.096,-0.193,0.432,0.502,0.466,0.025,0.081,0.131,0.409,1.0,0.476,-0.339,-0.072,-0.264
15,B2_3,-0.472,0.041,0.216,-0.039,0.44,0.515,0.564,0.06,-0.009,-0.082,0.516,0.476,1.0,-0.328,-0.2,-0.397
15,y1,0.074,-0.102,-0.002,-0.027,-0.209,-0.453,-0.317,-0.105,-0.096,-0.29,-0.294,-0.339,-0.328,1.0,0.293,0.378
15,y2,0.076,-0.175,0.015,-0.18,-0.05,-0.222,-0.197,-0.053,-0.179,-0.262,-0.254,-0.072,-0.2,0.293,1.0,0.3
15,y3,0.109,-0.149,-0.002,-0.02,-0.314,-0.522,-0.346,-0.171,0.126,-0.045,-0.256,-0.264,-0.397,0.378,0.3,1.0
16,.,1.0,0.043,-0.057,-0.032,-0.48,-0.517,-0.603,-0.287,-0.116,-0.292,-0.436,-0.406,-0.499,0.103,0.1,0.138
16,A1_1,0.043,1.0,-0.065,0.058,0.045,0.059,-0.232,-0.132,0.054,0.022,-0.048,0.161,0.039,-0.109,-0.183,-0.154
16,A1_2,-0.057,-0.065,1.0,0.087,0.16,0.03,0.097,0.074,-0.074,-0.077,-0.116,0.094,0.211,-0.01,0.003,-0.01
16,A1_3,-0.032,0.058,0.087,1.0,-0.071,0.147,0.035,0.126,0.099,-0.036,-0.163,-0.19,-0.041,-0.038,-0.187,-0.03
16,B1_1,-0.48,0.045,0.16,-0.071,1.0,0.422,0.362,0.131,-0.085,0.19,0.46,0.468,0.477,-0.242,-0.086,-0.344
16,B1_2,-0.517,0.059,0.03,0.147,0.422,1.0,0.66,0.161,0.086,0.048,0.449,0.533,0.546,-0.477,-0.255,-0.544
16,B1_3,-0.603,-0.232,0.097,0.035,0.362,0.66,1.0,0.171,0.045,-0.023,0.447,0.499,0.592,-0.342,-0.224,-0.371
16,A2_1,-0.287,-0.132,0.074,0.126,0.131,0.161,0.171,1.0,-0.003,0.291,0.151,0.029,0.064,-0.114,-0.066,-0.177
16,A2_2,-0.116,0.054,-0.074,0.099,-0.085,0.086,0.045,-0.003,1.0,0.209,0.125,0.078,-0.009,-0.099,-0.182,0.117
16,A2_3,-0.292,0.022,-0.077,-0.036,0.19,0.048,-0.023,0.291,0.209,1.0,0.252,0.129,-0.075,-0.289,-0.265,-0.051
16,B2_1,-0.436,-0.048,-0.116,-0.163,0.46,0.449,0.447,0.151,0.125,0.252,1.0,0.448,0.549,-0.322,-0.279,-0.289
16,B2_2,-0.406,0.161,0.094,-0.19,0.468,0.533,0.499,0.029,0.078,0.129,0.448,1.0,0.509,-0.362,-0.106,-0.294
16,B2_3,-0.499,0.039,0.211,-0.041,0.477,0.546,0.592,0.064,-0.009,-0.075,0.549,0.509,1.0,-0.355,-0.229,-0.421
16,y1,0.103,-0.109,-0.01,-0.038,-0.242,-0.477,-0.342,-0.114,-0.099,-0.289,-0.322,-0.362,-0.355,1.0,0.329,0.413
16,y2,0.1,-0.183,0.003,-0.187,-0.086,-0.255,-0.224,-0.066,-0.182,-0.265,-0.279,-0.106,-0.229,0.329,1.0,0.337
16,y3,0.138,-0.154,-0.01,-0.03,-0.344,-0.544,-0.371,-0.177,0.117,-0.051,-0.289,-0.294,-0.421,0.413,0.337,1.0
17,.,1.0,0.035,-0.064,-0.035,-0.511,-0.543,-0.621,-0.293,-0.124,-0.298,-0.471,-0.44,-0.525,0.131,0.125,0.167
17,A1_1,0.035,1.0,-0.059,0.07,0.046,0.061,-0.226,-0.121,0.062,0.033,-0.046,0.153,0.036,-0.116,-0.19,-0.159
17,A1_2,-0.064,-0.059,1.0,0.096,0.161,0.036,0.094,0.08,-0.068,-0.068,-0.109,0.091,0.205,-0.019,-0.008,-0.018
17,A1_3,-0.035,0.07,0.096,1.0,-0.068,0.142,0.03,0.138,0.11,-0.022,-0.159,-0.186,-0.043,-0.047,-0.194,-0.039
17,B1_1,-0.511,0.046,0.161,-0.068,1.0,0.461,0.405,0.139,-0.077,0.192,0.496,0.503,0.512,-0.274,-0.122,-0.372
17,B1_2,-0.543,0.061,0.036,0.142,0.461,1.0,0.681,0.167,0.088,0.055,0.486,0.562,0.575,-0.5,-0.287,-0.564
17,B1_3,-0.621,-0.226,0.094,0.03,0.405,0.681,1.0,0.169,0.042,-0.02,0.485,0.531,0.618,-0.367,-0.252,-0.395
17,A2_1,-0.293,-0.121,0.08,0.138,0.139,0.167,0.169,1.0,0.006,0.299,0.152,0.033,0.067,-0.123,-0.08,-0.182
17,A2_2,-0.124,0.062,-0.068,0.11,-0.077,0.088,0.042,0.006,1.0,0.217,0.122,0.075,-0.009,-0.102,-0.185,0.107
17,A2_3,-0.298,0.033,-0.068,-0.022,0.192,0.055,-0.02,0.299,0.217,1.0,0.247,0.128,-0.068,-0.288,-0.267,-0.057
17,B2_1,-0.471,-0.046,-0.109,-0.159,0.496,0.486,0.485,0.152,0.122,0.247,1.0,0.485,0.58,-0.35,-0.305,-0.321
17,B2_2,-0.44,0.153,0.091,-0.186,0.503,0.562,0.531,0.033,0.075,0.128,0.485,1.0,0.541,-0.386,-0.14,-0.324
17,B2_3,-0.525,0.036,0.205,-0.043,0.512,0.575,0.618,0.067,-0.009,-0.068,0.58,0.541,1.0,-0.381,-0.259,-0.445
17,y1,0.131,-0.116,-0.019,-0.047,-0.274,-0.5,-0.367,-0.123,-0.102,-0.288,-0.35,-0.386,-0.381,1.0,0.365,0.448
17,y2,0.125,-0.19,-0.008,-0.194,-0.122,-0.287,-0.252,-0.08,-0.185,-0.267,-0.305,-0.14,-0.259,0.365,1.0,0.374
17,y3,0.167,-0.159,-0.018,-0.039,-0.372,-0.564,-0.395,-0.182,0.107,-0.057,-0.321,-0.324,-0.445,0.448,0.374,1.0
18,.,1.0,0.026,-0.071,-0.037,-0.54,-0.566,-0.638,-0.298,-0.131,-0.303,-0.503,-0.471,-0.549,0.159,0.15,0.195
18,A1_1,0.026,1.0,-0.052,0.083,0.047,0.063,-0.22,-0.109,0.07,0.044,-0.045,0.145,0.032,-0.123,-0.197,-0.163
18,A1_2,-0.071,-0.052,1.0,0.106,0.161,0.041,0.091,0.086,-0.061,-0.059,-0.103,0.089,0.199,-0.028,-0.019,-0.026
18,A1_3,-0.037,0.083,0.106,1.0,-0.066,0.137,0.024,0.15,0.121,-0.007,-0.155,-0.183,-0.045,-0.056,-0.2,-0.048
18,B1_1,-0.54,0.047,0.161,-0.066,1.0,0.497,0.445,0.144,-0.07,0.192,0.531,0.536,0.545,-0.306,-0.158,-0.4
18,B1_2,-0.566,0.063,0.041,0.137,0.497,1.0,0.701,0.172,0.09,0.061,0.521,0.59,0.602,-0.523,-0.319,-0.584
18,B1_3,-0.638,-0.22,0.091,0.024,0.445,0.701,1.0,0.167,0.039,-0.016,0.52,0.56,0.642,-0.391,-0.279,-0.419
18,A2_1,-0.298,-0.109,0.086,0.15,0.144,0.172,0.167,1.0,0.015,0.308,0.154,0.037,0.07,-0.132,-0.092,-0.188
18,A2_2,-0.131,0.07,-0.061,0.121,-0.07,0.09,0.039,0.015,1.0,0.226,0.118,0.071,-0.009,-0.105,-0.188,0.098
18,A2_3,-0.303,0.044,-0.059,-0.007,0.192,0.061,-0.016,0.308,0.226,1.0,0.241,0.126,-0.062,-0.286,-0.269,-0.064
18,B2_1,-0.503,-0.045,-0.103,-0.155,0.531,0.521,0.52,0.154,0.118,0.241,1.0,0.519,0.609,-0.377,-0.33,-0.352
18,B2_2,-0.471,0.145,0.089,-0.183,0.536,0.59,0.56,0.037,0.071,0.126,0.519,1.0,0.57,-0.409,-0.174,-0.352
18,B2_3,-0.549,0.032,0.199,-0.045,0.545,0.602,0.642,0.07,-0.009,-0.062,0.609,0.57,1.0,-0.407,-0.288,-0.467
18,y1,0.159,-0.123,-0.028,-0.056,-0.306,-0.523,-0.391,-0.132,-0.105,-0.286,-0.377,-0.409,-0.407,1.0,0.401,0.481
18,y2,0.15,-0.197,-0.019,-0.2,-0.158,-0.319,-0.279,-0.092,-0.188,-0.269,-0.33,-0.174,-0.288,0.401,1.0,0.411
18,y3,0.195,-0.163,-0.026,-0.048,-0.4,-0.584,-0.419,-0.188,0.098,-0.064,-0.352,-0.352,-0.467,0.481,0.411,1.0
19,.,1.0,0.019,-0.077,-0.039,-0.567,-0.588,-0.654,-0.302,-0.136,-0.307,-0.533,-0.499,-0.571,0.185,0.175,0.221
19,A1_1,0.019,1.0,-0.044,0.095,0.047,0.064,-0.215,-0.096,0.08,0.056,-0.044,0.137,0.029,-0.129,-0.204,-0.168
19,A1_2,-0.077,-0.044,1.0,0.116,0.161,0.046,0.088,0.093,-0.054,-0.049,-0.096,0.086,0.193,-0.036,-0.03,-0.034
19,A1_3,-0.039,0.095,0.116,1.0,-0.065,0.133,0.019,0.163,0.133,0.008,-0.152,-0.18,-0.047,-0.065,-0.206,-0.056
19,B1_1,-0.567,0.047,0.161,-0.065,1.0,0.531,0.483,0.149,-0.064,0.192,0.564,0.567,0.577,-0.337,-0.194,-0.427
19,B1_2,-0.588,0.064,0.046,0.133,0.531,1.0,0.72,0.176,0.091,0.067,0.553,0.616,0.627,-0.544,-0.35,-0.603
19,B1_3,-0.654,-0.215,0.088,0.019,0.483,0.72,1.0,0.164,0.037,-0.014,0.552,0.588,0.664,-0.414,-0.306,-0.441
19,A2_1,-0.302,-0.096,0.093,0.163,0.149,0.176,0.164,1.0,0.025,0.317,0.154,0.04,0.072,-0.14,-0.105,-0.193
19,A2_2,-0.136,0.08,-0.054,0.133,-0.064,0.091,0.037,0.025,1.0,0.235,0.113,0.067,-0.009,-0.108,-0.191,0.088
19,A2_3,-0.307,0.056,-0.049,0.008,0.192,0.067,-0.014,0.317,0.235,1.0,0.236,0.123,-0.057,-0.285,-0.272,-0.07
19,B2_1,-0.533,-0.044,-0.096,-0.152,0.564,0.553,0.552,0.154,0.113,0.236,1.0,0.552,0.636,-0.403,-0.355,-0.381
19,B2_2,-0.499,0.137,0.086,-0.18,0.567,0.616,0.588,0.04,0.067,0.123,0.552,1.0,0.598,-0.431,-0.207,-0.379
19,B2_3,-0.571,0.029,0.193,-0.047,0.577,0.627,0.664,0.072,-0.009,-0.057,0.636,0.598,1.0,-0.431,-0.316,-0.489
19,y1,0.185,-0.129,-0.036,-0.065,-0.337,-0.544,-0.414,-0.14,-0.108,-0.285,-0.403,-0.431,-0.431,1.0,0.435,0.513
19,y2,0.175,-0.204,-0.03,-0.206,-0.194,-0.35,-0.306,-0.105,-0.191,-0.272,-0.355,-0.207,-0.316,0.435,1.0,0.445
19,y3,0.221,-0.168,-0.034,-0.056,-0.427,-0.603,-0.441,-0.193,0.088,-0.07,-0.381,-0.379,-0.489,0.513,0.445,1.0
20,.,1.0,0.011,-0.082,-0.04,-0.592,-0.609,-0.669,-0.305,-0.142,-0.31,-0.559,-0.526,-0.591,0.211,0.199,0.246
20,A1_1,0.011,1.0,-0.035,0.108,0.047,0.064,-0.209,-0.083,0.09,0.069,-0.044,0.129,0.026,-0.135,-0.21,-0.172
20,A1_2,-0.082,-0.035,1.0,0.126,0.159,0.049,0.085,0.101,-0.046,-0.038,-0.091,0.083,0.187,-0.044,-0.041,-0.042
20,A1_3,-0.04,0.108,0.126,1.0,-0.063,0.128,0.014,0.176,0.145,0.023,-0.149,-0.177,-0.049,-0.073,-0.211,-0.064
20,B1_1,-0.592,0.047,0.159,-0.063,1.0,0.562,0.518,0.153,-0.058,0.191,0.594,0.596,0.606,-0.367,-0.229,-0.453
20,B1_2,-0.609,0.064,0.049,0.128,0.562,1.0,0.737,0.179,0.092,0.071,0.583,0.64,0.651,-0.564,-0.379,-0.62
20,B1_3,-0.669,-0.209,0.085,0.014,0.518,0.737,1.0,0.161,0.034,-0.011,0.582,0.614,0.685,-0.437,-0.333,-0.463
20,A2_1,-0.305,-0.083,0.101,0.176,0.153,0.179,0.161,1.0,0.036,0.327,0.154,0.042,0.073,-0.148,-0.117,-0.198
20,A2_2,-0.142,0.09,-0.046,0.145,-0.058,0.092,0.034,0.036,1.0,0.245,0.109,0.063,-0.01,-0.111,-0.194,0.078
20,A2_3,-0.31,0.069,-0.038,0.023,0.191,0.071,-0.011,0.327,0.245,1.0,0.23,0.121,-0.052,-0.283,-0.273,-0.076
20,B2_1,-0.559,-0.044,-0.091,-0.149,0.594,0.583,0.582,0.154,0.109,0.23,1.0,0.582,0.66,-0.428,-0.38,-0.409
20,B2_2,-0.526,0.129,0.083,-0.177,0.596,0.64,0.614,0.042,0.063,0.121,0.582,1.0,0.623,-0.453,-0.239,-0.405
20,B2_3,-0.591,0.026,0.187,-0.049,0.606,0.651,0.685,0.073,-0.01,-0.052,0.66,0.623,1.0,-0.455,-0.344,-0.51
20,y1,0.211,-0.135,-0.044,-0.073,-0.367,-0.564,-0.437,-0.148,-0.111,-0.283,-0.428,-0.453,-0.455,1.0,0.469,0.543
20,y2,0.199,-0.21,-0.041,-0.211,-0.229,-0.379,-0.333,-0.117,-0.194,-0.273,-0.38,-0.239,-0.344,0.469,1.0,0.479
20,y3,0.246,-0.172,-0.042,-0.064,-0.453,-0.62,-0.463,-0.198,0.078,-0.076,-0.409,-0.405,-0.51,0.543,0.479,1.0
21,.,1.0,0.005,-0.088,-0.042,-0.615,-0.628,-0.683,-0.308,-0.146,-0.312,-0.584,-0.55,-0.61,0.236,0.222,0.27
21,A1_1,0.005,1.0,-0.025,0.121,0.047,0.065,-0.205,-0.069,0.1,0.082,-0.043,0.122,0.023,-0.141,-0.216,-0.176
21,A1_2,-0.088,-0.025,1.0,0.137,0.158,0.053,0.081,0.11,-0.037,-0.027,-0.086,0.08,0.18,-0.052,-0.051,-0.049
21,A1_3,-0.042,0.121,0.137,1.0,-0.062,0.123,0.009,0.189,0.158,0.038,-0.146,-0.175,-0.051,-0.081,-0.215,-0.072
21,B1_1,-0.615,0.047,0.158,-0.062,1.0,0.592,0.55,0.156,-0.053,0.19,0.623,0.624,0.633,-0.396,-0.263,-0.477
21,B1_2,-0.628,0.065,0.053,0.123,0.592,1.0,0.753,0.182,0.093,0.076,0.611,0.662,0.673,-0.584,-0.408,-0.637
21,B1_3,-0.683,-0.205,0.081,0.009,0.55,0.753,1.0,0.158,0.031,-0.009,0.61,0.638,0.705,-0.458,-0.358,-0.484
21,A2_1,-0.308,-0.069,0.11,0.189,0.156,0.182,0.158,1.0,0.048,0.337,0.153,0.044,0.074,-0.156,-0.128,-0.203
21,A2_2,-0.146,0.1,-0.037,0.158,-0.053,0.093,0.031,0.048,1.0,0.255,0.105,0.06,-0.01,-0.114,-0.197,0.069
21,A2_3,-0.312,0.082,-0.027,0.038,0.19,0.076,-0.009,0.337,0.255,1.0,0.224,0.119,-0.047,-0.282,-0.275,-0.082
21,B2_1,-0.584,-0.043,-0.086,-0.146,0.623,0.611,0.61,0.153,0.105,0.224,1.0,0.61,0.683,-0.452,-0.404,-0.436
21,B2_2,-0.55,0.122,0.08,-0.175,0.624,0.662,0.638,0.044,0.06,0.119,0.61,1.0,0.647,-0.474,-0.271,-0.43
21,B2_3,-0.61,0.023,0.18,-0.051,0.633,0.673,0.705,0.074,-0.01,-0.047,0.683,0.647,1.0,-0.477,-0.37,-0.53
21,y1,0.236,-0.141,-0.052,-0.081,-0.396,-0.584,-0.458,-0.156,-0.114,-0.282,-0.452,-0.474,-0.477,1.0,0.5,0.572
21,y2,0.222,-0.216,-0.051,-0.215,-0.263,-0.408,-0.358,-0.128,-0.197,-0.275,-0.404,-0.271,-0.37,0.5,1.0,0.511
21,y3,0.27,-0.176,-0.049,-0.072,-0.477,-0.637,-0.484,-0.203,0.069,-0.082,-0.436,-0.43,-0.53,0.572,0.511,1.0
22,.,1.0,-0.001,-0.092,-0.044,-0.636,-0.645,-0.696,-0.31,-0.15,-0.314,-0.607,-0.573,-0.628,0.259,0.245,0.292
22,A1_1,-0.001,1.0,-0.015,0.135,0.046,0.065,-0.2,-0.054,0.111,0.095,-0.043,0.114,0.019,-0.146,-0.221,-0.179
22,A1_2,-0.092,-0.015,1.0,0.148,0.156,0.055,0.078,0.119,-0.028,-0.015,-0.081,0.077,0.174,-0.06,-0.061,-0.056
22,A1_3,-0.044,0.135,0.148,1.0,-0.061,0.118,0.005,0.203,0.17,0.054,-0.143,-0.172,-0.053,-0.088,-0.219,-0.079
22,B1_1,-0.636,0.046,0.156,-0.061,1.0,0.62,0.581,0.158,-0.048,0.188,0.649,0.649,0.658,-0.423,-0.295,-0.5
22,B1_2,-0.645,0.065,0.055,0.118,0.62,1.0,0.769,0.183,0.093,0.079,0.637,0.683,0.693,-0.602,-0.434,-0.652
22,B1_3,-0.696,-0.2,0.078,0.005,0.581,0.769,1.0,0.155,0.028,-0.007,0.636,0.66,0.723,-0.479,-0.382,-0.503
22,A2_1,-0.31,-0.054,0.119,0.203,0.158,0.183,0.155,1.0,0.06,0.347,0.152,0.046,0.075,-0.163,-0.139,-0.207
22,A2_2,-0.15,0.111,-0.028,0.17,-0.048,0.093,0.028,0.06,1.0,0.265,0.1,0.056,-0.011,-0.117,-0.199,0.059
22,A2_3,-0.314,0.095,-0.015,0.054,0.188,0.079,-0.007,0.347,0.265,1.0,0.218,0.116,-0.043,-0.28,-0.276,-0.088
22,B2_1,-0.607,-0.043,-0.081,-0.143,0.649,0.637,0.636,0.152,0.1,0.218,1.0,0.636,0.705,-0.475,-0.427,-0.461
22,B2_2,-0.573,0.114,0.077,-0.172,0.649,0.683,0.66,0.046,0.056,0.116,0.636,1.0,0.669,-0.494,-0.301,-0.454
22,B2_3,-0.628,0.019,0.174,-0.053,0.658,0.693,0.723,0.075,-0.011,-0.043,0.705,0.669,1.0,-0.498,-0.396,-0.548
22,y1,0.259,-0.146,-0.06,-0.088,-0.423,-0.602,-0.479,-0.163,-0.117,-0.28,-0.475,-0.494,-0.498,1.0,0.531,0.6
22,y2,0.245,-0.221,-0.061,-0.219,-0.295,-0.434,-0.382,-0.139,-0.199,-0.276,-0.427,-0.301,-0.396,0.531,1.0,0.541
22,y3,0.292,-0.179,-0.056,-0.079,-0.5,-0.652,-0.503,-0.207,0.059,-0.088,-0.461,-0.454,-0.548,0.6,0.541,1.0
23,.,1.0,-0.007,-0.097,-0.045,-0.655,-0.661,-0.708,-0.311,-0.154,-0.315,-0.627,-0.593,-0.644,0.282,0.266,0.314
23,A1_1,-0.007,1.0,-0.004,0.149,0.045,0.064,-0.196,-0.039,0.123,0.109,-0.043,0.107,0.016,-0.151,-0.226,-0.183
23,A1_2,-0.097,-0.004,1.0,0.159,0.153,0.058,0.074,0.129,-0.018,-0.003,-0.077,0.074,0.168,-0.067,-0.071,-0.063
23,A1_3,-0.045,0.149,0.159,1.0,-0.06,0.112,0.0,0.216,0.183,0.069,-0.14,-0.17,-0.055,-0.095,-0.223,-0.086
23,B1_1,-0.655,0.045,0.153,-0.06,1.0,0.645,0.609,0.16,-0.044,0.186,0.674,0.673,0.681,-0.449,-0.326,-0.522
23,B1_2,-0.661,0.064,0.058,0.112,0.645,1.0,0.783,0.185,0.092,0.082,0.661,0.703,0.712,-0.619,-0.46,-0.667
23,B1_3,-0.708,-0.196,0.074,0.0,0.609,0.783,1.0,0.151,0.025,-0.006,0.66,0.681,0.74,-0.499,-0.406,-0.522
23,A2_1,-0.311,-0.039,0.129,0.216,0.16,0.185,0.151,1.0,0.073,0.357,0.151,0.047,0.076,-0.17,-0.15,-0.212
23,A2_2,-0.154,0.123,-0.018,0.183,-0.044,0.092,0.025,0.073,1.0,0.275,0.096,0.052,-0.012,-0.12,-0.202,0.05
23,A2_3,-0.315,0.109,-0.003,0.069,0.186,0.082,-0.006,0.357,0.275,1.0,0.212,0.113,-0.04,-0.279,-0.278,-0.094
23,B2_1,-0.627,-0.043,-0.077,-0.14,0.674,0.661,0.66,0.151,0.096,0.212,1.0,0.66,0.724,-0.496,-0.449,-0.484
23,B2_2,-0.593,0.107,0.074,-0.17,0.673,0.703,0.681,0.047,0.052,0.113,0.66,1.0,0.69,-0.513,-0.329,-0.476
23,B2_3,-0.644,0.016,0.168,-0.055,0.681,0.712,0.74,0.076,-0.012,-0.04,0.724,0.69,1.0,-0.518,-0.42,-0.566
23,y1,0.282,-0.151,-0.067,-0.095,-0.449,-0.619,-0.499,-0.17,-0.12,-0.279,-0.496,-0.513,-0.518,1.0,0.56,0.625
23,y2,0.266,-0.226,-0.071,-0.223,-0.326,-0.46,-0.406,-0.15,-0.202,-0.278,-0.449,-0.329,-0.42,0.56,1.0,0.57
23,y3,0.314,-0.183,-0.063,-0.086,-0.522,-0.667,-0.522,-0.212,0.05,-0.094,-0.484,-0.476,-0.566,0.625,0.57,1.0
24,.,1.0,-0.012,-0.101,-0.047,-0.673,-0.676,-0.719,-0.312,-0.157,-0.316,-0.646,-0.613,-0.659,0.303,0.287,0.334
24,A1_1,-0.012,1.0,0.007,0.162,0.044,0.064,-0.191,-0.023,0.135,0.123,-0.043,0.1,0.013,-0.156,-0.23,-0.186
24,A1_2,-0.101,0.007,1.0,0.171,0.15,0.06,0.071,0.139,-0.007,0.01,-0.073,0.07,0.162,-0.075,-0.08,-0.07
24,A1_3,-0.047,0.162,0.171,1.0,-0.06,0.107,-0.004,0.23,0.196,0.085,-0.138,-0.168,-0.056,-0.101,-0.226,-0.092
