,,.,A1_1,A1_2,A1_3,B1_1,B1_2,B1_3,A2_1,A2_2,A2_3,B2_1,B2_2,B2_3,y1,y2,y3
0,.,1.0,0.519,0.681,0.632,0.716,0.473,0.594,0.604,0.468,0.541,0.813,0.815,0.663,0.724,0.727,0.693
0,A1_1,0.519,1.0,0.528,0.652,0.491,0.597,0.384,0.751,0.675,0.637,0.641,0.655,0.698,0.402,0.463,0.398
0,A1_2,0.681,0.528,1.0,0.866,0.745,0.511,0.792,0.765,0.818,0.736,0.728,0.738,0.673,0.683,0.761,0.727
0,A1_3,0.632,0.652,0.866,1.0,0.734,0.499,0.723,0.812,0.825,0.774,0.743,0.696,0.76,0.555,0.722,0.598
0,B1_1,0.716,0.491,0.745,0.734,1.0,0.734,0.75,0.698,0.676,0.607,0.848,0.804,0.809,0.739,0.772,0.567
0,B1_2,0.473,0.597,0.511,0.499,0.734,1.0,0.581,0.708,0.671,0.43,0.779,0.737,0.756,0.546,0.55,0.337
0,B1_3,0.594,0.384,0.792,0.723,0.75,0.581,1.0,0.694,0.77,0.644,0.734,0.707,0.68,0.601,0.776,0.681
0,A2_1,0.604,0.751,0.765,0.812,0.698,0.708,0.694,1.0,0.854,0.793,0.776,0.749,0.748,0.502,0.715,0.443
0,A2_2,0.468,0.675,0.818,0.825,0.676,0.671,0.77,0.854,1.0,0.773,0.675,0.675,0.691,0.552,0.741,0.584
0,A2_3,0.541,0.637,0.736,0.774,0.607,0.43,0.644,0.793,0.773,1.0,0.618,0.67,0.576,0.621,0.709,0.64
0,B2_1,0.813,0.641,0.728,0.743,0.848,0.779,0.734,0.776,0.675,0.618,1.0,0.903,0.85,0.704,0.774,0.57
0,B2_2,0.815,0.655,0.738,0.696,0.804,0.737,0.707,0.749,0.675,0.67,0.903,1.0,0.819,0.74,0.763,0.656
0,B2_3,0.663,0.698,0.673,0.76,0.809,0.756,0.68,0.748,0.691,0.576,0.85,0.819,1.0,0.666,0.66,0.55
0,y1,0.724,0.402,0.683,0.555,0.739,0.546,0.601,0.502,0.552,0.621,0.704,0.74,0.666,1.0,0.697,0.753
0,y2,0.727,0.463,0.761,0.722,0.772,0.55,0.776,0.715,0.741,0.709,0.774,0.763,0.66,0.697,1.0,0.653
0,y3,0.693,0.398,0.727,0.598,0.567,0.337,0.681,0.443,0.584,0.64,0.57,0.656,0.55,0.753,0.653,1.0
500,.,1.0,0.169,0.032,0.087,-0.019,-0.102,-0.05,0.072,-0.007,-0.045,0.104,0.009,0.015,-0.201,-0.178,-0.269
500,A1_1,0.169,1.0,0.941,0.922,-0.157,-0.168,-0.149,0.868,0.915,0.864,0.009,0.064,-0.064,-0.25,-0.298,-0.28
500,A1_2,0.032,0.941,1.0,0.944,-0.231,-0.24,-0.202,0.899,0.916,0.916,-0.079,-0.019,-0.163,-0.244,-0.3,-0.28
500,A1_3,0.087,0.922,0.944,1.0,-0.214,-0.2,-0.193,0.922,0.914,0.914,-0.052,0.009,-0.131,-0.285,-0.316,-0.321
500,B1_1,-0.019,-0.157,-0.231,-0.214,1.0,0.975,0.966,-0.174,-0.188,-0.306,0.848,0.861,0.901,0.063,0.18,0.126
500,B1_2,-0.102,-0.168,-0.24,-0.2,0.975,1.0,0.96,-0.158,-0.179,-0.285,0.85,0.866,0.904,0.081,0.206,0.159
500,B1_3,-0.05,-0.149,-0.202,-0.193,0.966,0.96,1.0,-0.148,-0.154,-0.27,0.872,0.896,0.918,0.028,0.135,0.096
500,A2_1,0.072,0.868,0.899,0.922,-0.174,-0.158,-0.148,1.0,0.883,0.916,-0.053,0.007,-0.108,-0.289,-0.34,-0.325
500,A2_2,-0.007,0.915,0.916,0.914,-0.188,-0.179,-0.154,0.883,1.0,0.939,-0.095,-0.014,-0.146,-0.111,-0.173,-0.142
500,A2_3,-0.045,0.864,0.916,0.914,-0.306,-0.285,-0.27,0.916,0.939,1.0,-0.227,-0.155,-0.281,-0.153,-0.234,-0.195
500,B2_1,0.104,0.009,-0.079,-0.052,0.848,0.85,0.872,-0.053,-0.095,-0.227,1.0,0.948,0.959,-0.137,0.001,-0.038
500,B2_2,0.009,0.064,-0.019,0.009,0.861,0.866,0.896,0.007,-0.014,-0.155,0.948,1.0,0.951,-0.095,0.04,0.003
500,B2_3,0.015,-0.064,-0.163,-0.131,0.901,0.904,0.918,-0.108,-0.146,-0.281,0.959,0.951,1.0,-0.092,0.048,0.005
500,y1,-0.201,-0.25,-0.244,-0.285,0.063,0.081,0.028,-0.289,-0.111,-0.153,-0.137,-0.095,-0.092,1.0,0.962,0.962
500,y2,-0.178,-0.298,-0.3,-0.316,0.18,0.206,0.135,-0.34,-0.173,-0.234,0.001,0.04,0.048,0.962,1.0,0.962
500,y3,-0.269,-0.28,-0.28,-0.321,0.126,0.159,0.096,-0.325,-0.142,-0.195,-0.038,0.003,0.005,0.962,0.962,1.0
1000,.,1.0,-0.22,-0.363,-0.077,-0.137,-0.223,-0.235,-0.27,-0.36,-0.325,-0.117,-0.205,-0.228,0.035,0.071,0.003
1000,A1_1,-0.22,1.0,0.875,0.884,0.091,0.045,0.163,0.76,0.811,0.804,0.145,0.233,0.172,-0.345,-0.339,-0.293
1000,A1_2,-0.363,0.875,1.0,0.868,0.203,0.167,0.26,0.76,0.935,0.808,0.21,0.321,0.24,-0.162,-0.143,-0.131
1000,A1_3,-0.077,0.884,0.868,1.0,0.133,0.054,0.185,0.744,0.833,0.739,0.15,0.233,0.162,-0.422,-0.392,-0.4
1000,B1_1,-0.137,0.091,0.203,0.133,1.0,0.954,0.955,0.247,0.22,0.05,0.944,0.901,0.904,-0.124,-0.056,-0.083
1000,B1_2,-0.223,0.045,0.167,0.054,0.954,1.0,0.952,0.248,0.188,0.041,0.947,0.919,0.908,-0.087,-0.052,-0.071
1000,B1_3,-0.235,0.163,0.26,0.185,0.955,0.952,1.0,0.349,0.295,0.152,0.952,0.941,0.914,-0.199,-0.144,-0.152
1000,A2_1,-0.27,0.76,0.76,0.744,0.247,0.248,0.349,1.0,0.875,0.915,0.319,0.391,0.32,-0.481,-0.44,-0.482
1000,A2_2,-0.36,0.811,0.935,0.833,0.22,0.188,0.295,0.875,1.0,0.888,0.234,0.343,0.269,-0.263,-0.236,-0.263
1000,A2_3,-0.325,0.804,0.808,0.739,0.05,0.041,0.152,0.915,0.888,1.0,0.1,0.192,0.154,-0.384,-0.364,-0.375
1000,B2_1,-0.117,0.145,0.21,0.15,0.944,0.947,0.952,0.319,0.234,0.1,1.0,0.978,0.96,-0.173,-0.121,-0.168
1000,B2_2,-0.205,0.233,0.321,0.233,0.901,0.919,0.941,0.391,0.343,0.192,0.978,1.0,0.967,-0.177,-0.137,-0.171
1000,B2_3,-0.228,0.172,0.24,0.162,0.904,0.908,0.914,0.32,0.269,0.154,0.96,0.967,1.0,-0.202,-0.147,-0.199
1000,y1,0.035,-0.345,-0.162,-0.422,-0.124,-0.087,-0.199,-0.481,-0.263,-0.384,-0.173,-0.177,-0.202,1.0,0.941,0.94
1000,y2,0.071,-0.339,-0.143,-0.392,-0.056,-0.052,-0.144,-0.44,-0.236,-0.364,-0.121,-0.137,-0.147,0.941,1.0,0.941
1000,y3,0.003,-0.293,-0.131,-0.4,-0.083,-0.071,-0.152,-0.482,-0.263,-0.375,-0.168,-0.171,-0.199,0.94,0.941,1.0
1500,.,1.0,0.091,-0.137,-0.013,-0.074,-0.028,-0.1,-0.209,-0.174,-0.056,-0.106,0.001,-0.072,-0.189,-0.216,-0.226
1500,A1_1,0.091,1.0,0.894,0.811,0.129,0.114,0.187,0.687,0.737,0.765,0.065,0.149,0.024,-0.369,-0.398,-0.383
1500,A1_2,-0.137,0.894,1.0,0.847,0.105,0.08,0.144,0.861,0.857,0.743,0.011,0.075,-0.039,-0.241,-0.265,-0.272
1500,A1_3,-0.013,0.811,0.847,1.0,0.055,0.022,0.102,0.759,0.789,0.591,-0.113,-0.004,-0.188,-0.208,-0.25,-0.269
1500,B1_1,-0.074,0.129,0.105,0.055,1.0,0.965,0.974,-0.085,-0.043,-0.059,0.898,0.945,0.835,-0.155,-0.182,-0.2
1500,B1_2,-0.028,0.114,0.08,0.022,0.965,1.0,0.945,-0.108,-0.108,-0.129,0.912,0.95,0.815,-0.097,-0.107,-0.136
1500,B1_3,-0.1,0.187,0.144,0.102,0.974,0.945,1.0,-0.049,-0.005,-0.003,0.904,0.94,0.818,-0.106,-0.116,-0.15
1500,A2_1,-0.209,0.687,0.861,0.759,-0.085,-0.108,-0.049,1.0,0.916,0.748,-0.208,-0.145,-0.233,-0.112,-0.118,-0.125
1500,A2_2,-0.174,0.737,0.857,0.789,-0.043,-0.108,-0.005,0.916,1.0,0.835,-0.215,-0.126,-0.254,-0.16,-0.175,-0.176
1500,A2_3,-0.056,0.765,0.743,0.591,-0.059,-0.129,-0.003,0.748,0.835,1.0,-0.135,-0.085,-0.147,-0.32,-0.327,-0.308
1500,B2_1,-0.106,0.065,0.011,-0.113,0.898,0.912,0.904,-0.208,-0.215,-0.135,1.0,0.953,0.937,-0.216,-0.18,-0.222
1500,B2_2,0.001,0.149,0.075,-0.004,0.945,0.95,0.94,-0.145,-0.126,-0.085,0.953,1.0,0.904,-0.224,-0.21,-0.241
1500,B2_3,-0.072,0.024,-0.039,-0.188,0.835,0.815,0.818,-0.233,-0.254,-0.147,0.937,0.904,1.0,-0.296,-0.269,-0.279
1500,y1,-0.189,-0.369,-0.241,-0.208,-0.155,-0.097,-0.106,-0.112,-0.16,-0.32,-0.216,-0.224,-0.296,1.0,0.968,0.976
1500,y2,-0.216,-0.398,-0.265,-0.25,-0.182,-0.107,-0.116,-0.118,-0.175,-0.327,-0.18,-0.21,-0.269,0.968,1.0,0.969
1500,y3,-0.226,-0.383,-0.272,-0.269,-0.2,-0.136,-0.15,-0.125,-0.176,-0.308,-0.222,-0.241,-0.279,0.976,0.969,1.0
2000,.,1.0,0.062,-0.042,0.007,0.077,-0.046,-0.073,-0.211,-0.204,-0.097,0.139,0.174,0.127,-0.126,-0.174,-0.207
2000,A1_1,0.062,1.0,0.852,0.731,0.054,0.042,0.114,0.731,0.68,0.836,0.003,0.1,0.035,-0.232,-0.207,-0.261
2000,A1_2,-0.042,0.852,1.0,0.871,-0.117,-0.065,-0.046,0.822,0.804,0.84,-0.138,-0.009,-0.126,-0.225,-0.222,-0.255
2000,A1_3,0.007,0.731,0.871,1.0,0.002,0.078,0.022,0.652,0.562,0.614,-0.04,0.105,-0.017,-0.342,-0.322,-0.332
2000,B1_1,0.077,0.054,-0.117,0.002,1.0,0.95,0.937,-0.222,-0.287,-0.176,0.909,0.902,0.904,-0.046,-0.051,0.02
2000,B1_2,-0.046,0.042,-0.065,0.078,0.95,1.0,0.912,-0.172,-0.213,-0.193,0.9,0.875,0.883,0.006,0.004,0.072
2000,B1_3,-0.073,0.114,-0.046,0.022,0.937,0.912,1.0,-0.122,-0.184,-0.081,0.825,0.835,0.813,0.03,0.031,0.109
2000,A2_1,-0.211,0.731,0.822,0.652,-0.222,-0.172,-0.122,1.0,0.901,0.912,-0.26,-0.159,-0.239,-0.107,-0.095,-0.121
2000,A2_2,-0.204,0.68,0.804,0.562,-0.287,-0.213,-0.184,0.901,1.0,0.877,-0.27,-0.219,-0.272,0.064,0.076,0.013
2000,A2_3,-0.097,0.836,0.84,0.614,-0.176,-0.193,-0.081,0.912,0.877,1.0,-0.226,-0.135,-0.202,-0.19,-0.158,-0.224
2000,B2_1,0.139,0.003,-0.138,-0.04,0.909,0.9,0.825,-0.26,-0.27,-0.226,1.0,0.934,0.965,-0.108,-0.112,-0.075
2000,B2_2,0.174,0.1,-0.009,0.105,0.902,0.875,0.835,-0.159,-0.219,-0.135,0.934,1.0,0.94,-0.166,-0.183,-0.14
2000,B2_3,0.127,0.035,-0.126,-0.017,0.904,0.883,0.813,-0.239,-0.272,-0.202,0.965,0.94,1.0,-0.157,-0.178,-0.146
2000,y1,-0.126,-0.232,-0.225,-0.342,-0.046,0.006,0.03,-0.107,0.064,-0.19,-0.108,-0.166,-0.157,1.0,0.963,0.963
2000,y2,-0.174,-0.207,-0.222,-0.322,-0.051,0.004,0.031,-0.095,0.076,-0.158,-0.112,-0.183,-0.178,0.963,1.0,0.96
2000,y3,-0.207,-0.261,-0.255,-0.332,0.02,0.072,0.109,-0.121,0.013,-0.224,-0.075,-0.14,-0.146,0.963,0.96,1.0
2500,.,1.0,0.133,0.135,0.193,-0.15,-0.122,-0.097,0.185,0.111,0.007,-0.182,-0.125,-0.181,-0.213,-0.276,-0.291
2500,A1_1,0.133,1.0,0.827,0.866,-0.115,-0.061,-0.109,0.666,0.743,0.632,-0.02,-0.089,-0.104,-0.12,-0.108,0.035
2500,A1_2,0.135,0.827,1.0,0.873,-0.2,-0.133,-0.113,0.748,0.887,0.788,-0.025,-0.153,-0.163,-0.247,-0.165,-0.094
2500,A1_3,0.193,0.866,0.873,1.0,-0.124,-0.086,-0.043,0.729,0.808,0.737,-0.041,-0.104,-0.161,-0.205,-0.105,-0.055
2500,B1_1,-0.15,-0.115,-0.2,-0.124,1.0,0.968,0.948,-0.231,-0.297,-0.093,0.929,0.92,0.899,0.12,0.047,0.062
2500,B1_2,-0.122,-0.061,-0.133,-0.086,0.968,1.0,0.921,-0.182,-0.247,-0.07,0.923,0.889,0.863,0.174,0.082,0.102
2500,B1_3,-0.097,-0.109,-0.113,-0.043,0.948,0.921,1.0,-0.171,-0.179,0.066,0.887,0.871,0.848,0.145,0.078,0.083
2500,A2_1,0.185,0.666,0.748,0.729,-0.231,-0.182,-0.171,1.0,0.857,0.646,-0.112,-0.278,-0.223,-0.147,-0.056,0.022
2500,A2_2,0.111,0.743,0.887,0.808,-0.297,-0.247,-0.179,0.857,1.0,0.858,-0.123,-0.293,-0.258,-0.238,-0.146,-0.053
2500,A2_3,0.007,0.632,0.788,0.737,-0.093,-0.07,0.066,0.646,0.858,1.0,0.047,-0.095,-0.059,-0.213,-0.147,-0.076
2500,B2_1,-0.182,-0.02,-0.025,-0.041,0.929,0.923,0.887,-0.112,-0.123,0.047,1.0,0.92,0.905,-0.039,-0.08,-0.067
2500,B2_2,-0.125,-0.089,-0.153,-0.104,0.92,0.889,0.871,-0.278,-0.293,-0.095,0.92,1.0,0.95,-0.031,-0.092,-0.11
2500,B2_3,-0.181,-0.104,-0.163,-0.161,0.899,0.863,0.848,-0.223,-0.258,-0.059,0.905,0.95,1.0,0.018,-0.059,-0.059
2500,y1,-0.213,-0.12,-0.247,-0.205,0.12,0.174,0.145,-0.147,-0.238,-0.213,-0.039,-0.031,0.018,1.0,0.928,0.944
2500,y2,-0.276,-0.108,-0.165,-0.105,0.047,0.082,0.078,-0.056,-0.146,-0.147,-0.08,-0.092,-0.059,0.928,1.0,0.94
2500,y3,-0.291,0.035,-0.094,-0.055,0.062,0.102,0.083,0.022,-0.053,-0.076,-0.067,-0.11,-0.059,0.944,0.94,1.0
3000,.,1.0,0.001,-0.083,-0.014,0.031,0.048,0.033,-0.124,-0.121,-0.077,0.048,0.056,-0.011,-0.209,-0.284,-0.293
3000,A1_1,0.001,1.0,0.914,0.895,-0.24,-0.175,-0.208,0.733,0.806,0.708,-0.211,-0.273,-0.195,-0.103,-0.102,-0.023
3000,A1_2,-0.083,0.914,1.0,0.863,-0.267,-0.201,-0.246,0.781,0.814,0.619,-0.211,-0.278,-0.211,-0.137,-0.138,-0.082
3000,A1_3,-0.014,0.895,0.863,1.0,-0.313,-0.27,-0.284,0.754,0.783,0.75,-0.331,-0.351,-0.313,-0.167,-0.149,-0.083
3000,B1_1,0.031,-0.24,-0.267,-0.313,1.0,0.985,0.974,-0.356,-0.367,-0.32,0.947,0.931,0.938,0.022,0.018,-0.05
3000,B1_2,0.048,-0.175,-0.201,-0.27,0.985,1.0,0.959,-0.307,-0.305,-0.322,0.951,0.908,0.925,0.029,0.015,-0.035
3000,B1_3,0.033,-0.208,-0.246,-0.284,0.974,0.959,1.0,-0.274,-0.28,-0.254,0.942,0.93,0.929,0.033,0.038,-0.032
3000,A2_1,-0.124,0.733,0.781,0.754,-0.356,-0.307,-0.274,1.0,0.943,0.719,-0.3,-0.335,-0.225,-0.122,-0.102,-0.084
3000,A2_2,-0.121,0.806,0.814,0.783,-0.367,-0.305,-0.28,0.943,1.0,0.784,-0.28,-0.321,-0.233,-0.223,-0.204,-0.146
3000,A2_3,-0.077,0.708,0.619,0.75,-0.32,-0.322,-0.254,0.719,0.784,1.0,-0.327,-0.335,-0.252,-0.257,-0.183,-0.165
3000,B2_1,0.048,-0.211,-0.211,-0.331,0.947,0.951,0.942,-0.3,-0.28,-0.327,1.0,0.964,0.959,-0.096,-0.088,-0.169
3000,B2_2,0.056,-0.273,-0.278,-0.351,0.931,0.908,0.93,-0.335,-0.321,-0.335,0.964,1.0,0.941,-0.189,-0.188,-0.273
3000,B2_3,-0.011,-0.195,-0.211,-0.313,0.938,0.925,0.929,-0.225,-0.233,-0.252,0.959,0.941,1.0,-0.079,-0.072,-0.162
3000,y1,-0.209,-0.103,-0.137,-0.167,0.022,0.029,0.033,-0.122,-0.223,-0.257,-0.096,-0.189,-0.079,1.0,0.961,0.964
3000,y2,-0.284,-0.102,-0.138,-0.149,0.018,0.015,0.038,-0.102,-0.204,-0.183,-0.088,-0.188,-0.072,0.961,1.0,0.959
3000,y3,-0.293,-0.023,-0.082,-0.083,-0.05,-0.035,-0.032,-0.084,-0.146,-0.165,-0.169,-0.273,-0.162,0.964,0.959,1.0
3500,.,1.0,0.031,0.043,0.095,-0.019,0.059,0.002,0.019,-0.018,-0.027,-0.109,-0.057,-0.17,0.029,-0.005,0.047
3500,A1_1,0.031,1.0,0.847,0.813,-0.146,-0.156,-0.095,0.77,0.721,0.717,-0.178,-0.1,-0.182,-0.011,-0.06,0.049
3500,A1_2,0.043,0.847,1.0,0.872,-0.208,-0.228,-0.178,0.87,0.794,0.786,-0.242,-0.187,-0.263,-0.023,-0.081,0.029
3500,A1_3,0.095,0.813,0.872,1.0,-0.15,-0.206,-0.145,0.908,0.883,0.809,-0.203,-0.161,-0.194,-0.082,-0.094,-0.009
3500,B1_1,-0.019,-0.146,-0.208,-0.15,1.0,0.958,0.967,-0.088,-0.17,-0.174,0.926,0.92,0.928,0.017,0.11,0.005
3500,B1_2,0.059,-0.156,-0.228,-0.206,0.958,1.0,0.952,-0.159,-0.229,-0.28,0.929,0.906,0.892,0.108,0.207,0.091
3500,B1_3,0.002,-0.095,-0.178,-0.145,0.967,0.952,1.0,-0.061,-0.168,-0.153,0.929,0.954,0.898,0.001,0.097,-0.006
3500,A2_1,0.019,0.77,0.87,0.908,-0.088,-0.159,-0.061,1.0,0.912,0.92,-0.117,-0.058,-0.117,-0.085,-0.054,0.005
3500,A2_2,-0.018,0.721,0.794,0.883,-0.17,-0.229,-0.168,0.912,1.0,0.898,-0.183,-0.159,-0.173,-0.109,-0.103,-0.045
3500,A2_3,-0.027,0.717,0.786,0.809,-0.174,-0.28,-0.153,0.92,0.898,1.0,-0.201,-0.135,-0.2,-0.196,-0.203,-0.127
3500,B2_1,-0.109,-0.178,-0.242,-0.203,0.926,0.929,0.929,-0.117,-0.183,-0.201,1.0,0.964,0.96,-0.138,0.001,-0.132
3500,B2_2,-0.057,-0.1,-0.187,-0.161,0.92,0.906,0.954,-0.058,-0.159,-0.135,0.964,1.0,0.942,-0.142,-0.025,-0.137
3500,B2_3,-0.17,-0.182,-0.263,-0.194,0.928,0.892,0.898,-0.117,-0.173,-0.2,0.96,0.942,1.0,-0.137,-0.004,-0.144
3500,y1,0.029,-0.011,-0.023,-0.082,0.017,0.108,0.001,-0.085,-0.109,-0.196,-0.138,-0.142,-0.137,1.0,0.951,0.97
3500,y2,-0.005,-0.06,-0.081,-0.094,0.11,0.207,0.097,-0.054,-0.103,-0.203,0.001,-0.025,-0.004,0.951,1.0,0.961
3500,y3,0.047,0.049,0.029,-0.009,0.005,0.091,-0.006,0.005,-0.045,-0.127,-0.132,-0.137,-0.144,0.97,0.961,1.0
4000,.,1.0,-0.084,-0.116,-0.035,-0.206,-0.168,-0.264,-0.087,-0.089,-0.054,-0.241,-0.195,-0.272,-0.098,-0.087,-0.084
4000,A1_1,-0.084,1.0,0.724,0.725,-0.108,-0.027,-0.022,0.687,0.715,0.643,-0.028,-0.007,-0.036,-0.186,-0.144,-0.123
4000,A1_2,-0.116,0.724,1.0,0.867,-0.153,-0.133,-0.172,0.917,0.854,0.809,-0.131,-0.169,-0.189,-0.066,-0.083,-0.1
4000,A1_3,-0.035,0.725,0.867,1.0,-0.173,-0.188,-0.194,0.901,0.89,0.823,-0.175,-0.201,-0.211,-0.164,-0.152,-0.148
4000,B1_1,-0.206,-0.108,-0.153,-0.173,1.0,0.941,0.961,-0.135,-0.224,-0.243,0.92,0.897,0.916,-0.094,-0.058,-0.078
4000,B1_2,-0.168,-0.027,-0.133,-0.188,0.941,1.0,0.957,-0.137,-0.207,-0.27,0.898,0.898,0.885,0.067,0.093,0.092
4000,B1_3,-0.264,-0.022,-0.172,-0.194,0.961,0.957,1.0,-0.158,-0.227,-0.28,0.942,0.947,0.939,-0.054,-0.033,-0.015
4000,A2_1,-0.087,0.687,0.917,0.901,-0.135,-0.137,-0.158,1.0,0.899,0.879,-0.143,-0.173,-0.183,-0.036,-0.025,-0.041
4000,A2_2,-0.089,0.715,0.854,0.89,-0.224,-0.207,-0.227,0.899,1.0,0.892,-0.22,-0.239,-0.253,-0.104,-0.119,-0.116
4000,A2_3,-0.054,0.643,0.809,0.823,-0.243,-0.27,-0.28,0.879,0.892,1.0,-0.248,-0.295,-0.303,-0.189,-0.187,-0.209
4000,B2_1,-0.241,-0.028,-0.131,-0.175,0.92,0.898,0.942,-0.143,-0.22,-0.248,1.0,0.97,0.968,-0.194,-0.19,-0.172
4000,B2_2,-0.195,-0.007,-0.169,-0.201,0.897,0.898,0.947,-0.173,-0.239,-0.295,0.97,1.0,0.956,-0.175,-0.162,-0.126
4000,B2_3,-0.272,-0.036,-0.189,-0.211,0.916,0.885,0.939,-0.183,-0.253,-0.303,0.968,0.956,1.0,-0.177,-0.162,-0.164
4000,y1,-0.098,-0.186,-0.066,-0.164,-0.094,0.067,-0.054,-0.036,-0.104,-0.189,-0.194,-0.175,-0.177,1.0,0.963,0.967
4000,y2,-0.087,-0.144,-0.083,-0.152,-0.058,0.093,-0.033,-0.025,-0.119,-0.187,-0.19,-0.162,-0.162,0.963,1.0,0.963
4000,y3,-0.084,-0.123,-0.1,-0.148,-0.078,0.092,-0.015,-0.041,-0.116,-0.209,-0.172,-0.126,-0.164,0.967,0.963,1.0
4500,.,1.0,-0.174,-0.178,-0.125,-0.06,-0.13,-0.17,-0.169,-0.194,-0.097,-0.11,-0.062,-0.128,-0.212,-0.208,-0.2
4500,A1_1,-0.174,1.0,0.781,0.755,0.26,0.236,0.35,0.838,0.765,0.703,0.339,0.361,0.354,-0.218,-0.228,-0.232
4500,A1_2,-0.178,0.781,1.0,0.836,0.063,-0.002,0.157,0.894,0.877,0.812,0.117,0.101,0.114,-0.186,-0.213,-0.209
4500,A1_3,-0.125,0.755,0.836,1.0,0.04,-0.078,0.073,0.776,0.744,0.718,0.052,0.012,0.087,-0.293,-0.3,-0.29
4500,B1_1,-0.06,0.26,0.063,0.04,1.0,0.945,0.954,0.083,0.052,-0.033,0.935,0.916,0.968,0.058,0.004,-0.024
4500,B1_2,-0.13,0.236,-0.002,-0.078,0.945,1.0,0.939,0.021,0.009,-0.103,0.942,0.92,0.941,0.077,0.024,-0.009
4500,B1_3,-0.17,0.35,0.157,0.073,0.954,0.939,1.0,0.194,0.185,0.077,0.963,0.956,0.952,-0.0,-0.051,-0.078
4500,A2_1,-0.169,0.838,0.894,0.776,0.083,0.021,0.194,1.0,0.905,0.875,0.141,0.163,0.161,-0.129,-0.133,-0.142
4500,A2_2,-0.194,0.765,0.877,0.744,0.052,0.009,0.185,0.905,1.0,0.922,0.114,0.121,0.117,-0.193,-0.176,-0.187
4500,A2_3,-0.097,0.703,0.812,0.718,-0.033,-0.103,0.077,0.875,0.922,1.0,0.042,0.043,0.02,-0.187,-0.167,-0.173
4500,B2_1,-0.11,0.339,0.117,0.052,0.935,0.942,0.963,0.141,0.114,0.042,1.0,0.961,0.955,-0.055,-0.113,-0.137
4500,B2_2,-0.062,0.361,0.101,0.012,0.916,0.92,0.956,0.163,0.121,0.043,0.961,1.0,0.942,-0.077,-0.13,-0.13
4500,B2_3,-0.128,0.354,0.114,0.087,0.968,0.941,0.952,0.161,0.117,0.02,0.955,0.942,1.0,-0.049,-0.103,-0.132
4500,y1,-0.212,-0.218,-0.186,-0.293,0.058,0.077,-0.0,-0.129,-0.193,-0.187,-0.055,-0.077,-0.049,1.0,0.984,0.98
4500,y2,-0.208,-0.228,-0.213,-0.3,0.004,0.024,-0.051,-0.133,-0.176,-0.167,-0.113,-0.13,-0.103,0.984,1.0,0.977
4500,y3,-0.2,-0.232,-0.209,-0.29,-0.024,-0.009,-0.078,-0.142,-0.187,-0.173,-0.137,-0.13,-0.132,0.98,0.977,1.0
5000,.,1.0,-0.292,-0.181,-0.149,0.017,0.005,-0.028,-0.341,-0.429,-0.416,-0.142,-0.099,-0.197,-0.066,-0.107,-0.03
5000,A1_1,-0.292,1.0,0.729,0.776,-0.022,0.056,0.07,0.789,0.797,0.748,0.172,0.203,0.142,-0.277,-0.306,-0.284
5000,A1_2,-0.181,0.729,1.0,0.875,-0.214,-0.226,-0.209,0.625,0.509,0.463,-0.233,-0.196,-0.228,-0.159,-0.255,-0.2
5000,A1_3,-0.149,0.776,0.875,1.0,-0.199,-0.215,-0.158,0.745,0.595,0.522,-0.187,-0.165,-0.17,-0.278,-0.319,-0.294
5000,B1_1,0.017,-0.022,-0.214,-0.199,1.0,0.946,0.955,-0.153,-0.174,-0.135,0.873,0.858,0.904,0.014,0.047,0.03
5000,B1_2,0.005,0.056,-0.226,-0.215,0.946,1.0,0.936,-0.062,-0.05,-0.02,0.935,0.925,0.934,0.074,0.109,0.097
5000,B1_3,-0.028,0.07,-0.209,-0.158,0.955,0.936,1.0,-0.018,-0.038,-0.0,0.921,0.925,0.923,0.011,0.039,0.034
5000,A2_1,-0.341,0.789,0.625,0.745,-0.153,-0.062,-0.018,1.0,0.885,0.871,0.063,0.091,0.054,-0.158,-0.155,-0.174
5000,A2_2,-0.429,0.797,0.509,0.595,-0.174,-0.05,-0.038,0.885,1.0,0.953,0.119,0.146,0.09,-0.302,-0.289,-0.309
5000,A2_3,-0.416,0.748,0.463,0.522,-0.135,-0.02,-0.0,0.871,0.953,1.0,0.146,0.174,0.102,-0.221,-0.195,-0.216
5000,B2_1,-0.142,0.172,-0.233,-0.187,0.873,0.935,0.921,0.063,0.119,0.146,1.0,0.966,0.965,-0.047,0.006,-0.028
5000,B2_2,-0.099,0.203,-0.196,-0.165,0.858,0.925,0.925,0.091,0.146,0.174,0.966,1.0,0.939,-0.065,-0.02,-0.026
5000,B2_3,-0.197,0.142,-0.228,-0.17,0.904,0.934,0.923,0.054,0.09,0.102,0.965,0.939,1.0,-0.103,-0.044,-0.096
5000,y1,-0.066,-0.277,-0.159,-0.278,0.014,0.074,0.011,-0.158,-0.302,-0.221,-0.047,-0.065,-0.103,1.0,0.966,0.981
5000,y2,-0.107,-0.306,-0.255,-0.319,0.047,0.109,0.039,-0.155,-0.289,-0.195,0.006,-0.02,-0.044,0.966,1.0,0.974
5000,y3,-0.03,-0.284,-0.2,-0.294,0.03,0.097,0.034,-0.174,-0.309,-0.216,-0.028,-0.026,-0.096,0.981,0.974,1.0
5500,.,1.0,-0.129,-0.055,-0.066,-0.163,-0.183,-0.163,-0.129,-0.203,-0.169,-0.198,-0.166,-0.246,-0.367,-0.274,-0.298
5500,A1_1,-0.129,1.0,0.711,0.803,-0.165,0.065,0.008,0.871,0.717,0.774,-0.008,0.099,-0.047,-0.045,-0.122,-0.056
5500,A1_2,-0.055,0.711,1.0,0.788,-0.344,-0.266,-0.26,0.689,0.691,0.699,-0.293,-0.258,-0.315,-0.071,-0.189,-0.124
5500,A1_3,-0.066,0.803,0.788,1.0,-0.256,-0.098,-0.119,0.901,0.772,0.785,-0.115,-0.074,-0.105,-0.22,-0.329,-0.296
5500,B1_1,-0.163,-0.165,-0.344,-0.256,1.0,0.895,0.933,-0.169,-0.178,-0.152,0.916,0.872,0.933,-0.084,-0.036,-0.05
5500,B1_2,-0.183,0.065,-0.266,-0.098,0.895,1.0,0.947,0.067,0.043,0.102,0.947,0.951,0.936,0.015,0.053,0.047
5500,B1_3,-0.163,0.008,-0.26,-0.119,0.933,0.947,1.0,0.035,-0.018,0.047,0.951,0.952,0.929,-0.019,0.025,0.018
5500,A2_1,-0.129,0.871,0.689,0.901,-0.169,0.067,0.035,1.0,0.802,0.847,0.018,0.114,0.001,-0.059,-0.15,-0.094
5500,A2_2,-0.203,0.717,0.691,0.772,-0.178,0.043,-0.018,0.802,1.0,0.952,0.014,0.059,-0.002,-0.029,-0.108,-0.088
5500,A2_3,-0.169,0.774,0.699,0.785,-0.152,0.102,0.047,0.847,0.952,1.0,0.045,0.125,0.012,-0.001,-0.073,-0.048
5500,B2_1,-0.198,-0.008,-0.293,-0.115,0.916,0.947,0.951,0.018,0.014,0.045,1.0,0.951,0.972,-0.128,-0.086,-0.098
5500,B2_2,-0.166,0.099,-0.258,-0.074,0.872,0.951,0.952,0.114,0.059,0.125,0.951,1.0,0.926,-0.11,-0.065,-0.064
5500,B2_3,-0.246,-0.047,-0.315,-0.105,0.933,0.936,0.929,0.001,-0.002,0.012,0.972,0.926,1.0,-0.175,-0.135,-0.157
5500,y1,-0.367,-0.045,-0.071,-0.22,-0.084,0.015,-0.019,-0.059,-0.029,-0.001,-0.128,-0.11,-0.175,1.0,0.972,0.976
5500,y2,-0.274,-0.122,-0.189,-0.329,-0.036,0.053,0.025,-0.15,-0.108,-0.073,-0.086,-0.065,-0.135,0.972,1.0,0.985
5500,y3,-0.298,-0.056,-0.124,-0.296,-0.05,0.047,0.018,-0.094,-0.088,-0.048,-0.098,-0.064,-0.157,0.976,0.985,1.0
6000,.,1.0,-0.042,-0.044,-0.021,-0.211,-0.181,-0.224,-0.193,-0.241,-0.189,-0.229,-0.154,-0.222,-0.036,-0.005,0.007
6000,A1_1,-0.042,1.0,0.785,0.762,0.048,0.214,0.158,0.875,0.749,0.819,0.122,0.193,0.011,-0.176,-0.2,-0.231
6000,A1_2,-0.044,0.785,1.0,0.671,-0.236,-0.098,-0.18,0.795,0.83,0.869,-0.179,-0.178,-0.299,-0.075,-0.134,-0.164
6000,A1_3,-0.021,0.762,0.671,1.0,-0.006,0.044,0.02,0.62,0.427,0.522,0.079,0.089,-0.0,-0.384,-0.409,-0.408
6000,B1_1,-0.211,0.048,-0.236,-0.006,1.0,0.947,0.959,0.17,0.091,0.032,0.961,0.91,0.966,-0.131,-0.08,-0.077
6000,B1_2,-0.181,0.214,-0.098,0.044,0.947,1.0,0.965,0.318,0.225,0.192,0.94,0.944,0.912,-0.035,0.014,0.017
6000,B1_3,-0.224,0.158,-0.18,0.02,0.959,0.965,1.0,0.272,0.153,0.131,0.956,0.945,0.93,-0.097,-0.058,-0.046
6000,A2_1,-0.193,0.875,0.795,0.62,0.17,0.318,0.272,1.0,0.917,0.934,0.21,0.258,0.094,-0.084,-0.116,-0.135
6000,A2_2,-0.241,0.749,0.83,0.427,0.091,0.225,0.153,0.917,1.0,0.961,0.12,0.123,0.011,-0.004,-0.038,-0.079
6000,A2_3,-0.189,0.819,0.869,0.522,0.032,0.192,0.131,0.934,0.961,1.0,0.086,0.114,-0.026,-0.038,-0.08,-0.116
6000,B2_1,-0.229,0.122,-0.179,0.079,0.961,0.94,0.956,0.21,0.12,0.086,1.0,0.948,0.962,-0.231,-0.175,-0.172
6000,B2_2,-0.154,0.193,-0.178,0.089,0.91,0.944,0.945,0.258,0.123,0.114,0.948,1.0,0.92,-0.165,-0.113,-0.092
6000,B2_3,-0.222,0.011,-0.299,-0.0,0.966,0.912,0.93,0.094,0.011,-0.026,0.962,0.92,1.0,-0.249,-0.191,-0.188
6000,y1,-0.036,-0.176,-0.075,-0.384,-0.131,-0.035,-0.097,-0.084,-0.004,-0.038,-0.231,-0.165,-0.249,1.0,0.987,0.979
6000,y2,-0.005,-0.2,-0.134,-0.409,-0.08,0.014,-0.058,-0.116,-0.038,-0.08,-0.175,-0.113,-0.191,0.987,1.0,0.987
6000,y3,0.007,-0.231,-0.164,-0.408,-0.077,0.017,-0.046,-0.135,-0.079,-0.116,-0.172,-0.092,-0.188,0.979,0.987,1.0
6500,.,1.0,0.102,0.023,0.207,-0.149,-0.146,-0.249,0.183,0.289,0.295,-0.142,-0.122,-0.233,0.379,0.367,0.371
6500,A1_1,0.102,1.0,0.963,0.91,0.131,0.104,0.034,0.898,0.626,0.64,0.335,0.225,0.2,-0.204,-0.191,-0.21
6500,A1_2,0.023,0.963,1.0,0.909,0.174,0.136,0.082,0.885,0.62,0.626,0.34,0.244,0.251,-0.295,-0.272,-0.293
6500,A1_3,0.207,0.91,0.909,1.0,0.126,0.079,0.011,0.946,0.789,0.813,0.288,0.208,0.164,-0.085,-0.068,-0.097
6500,B1_1,-0.149,0.131,0.174,0.126,1.0,0.966,0.951,0.233,0.403,0.327,0.896,0.954,0.948,-0.253,-0.257,-0.305
6500,B1_2,-0.146,0.104,0.136,0.079,0.966,1.0,0.952,0.219,0.398,0.313,0.911,0.962,0.934,-0.238,-0.248,-0.294
6500,B1_3,-0.249,0.034,0.082,0.011,0.951,0.952,1.0,0.115,0.319,0.226,0.837,0.935,0.913,-0.32,-0.33,-0.38
6500,A2_1,0.183,0.898,0.885,0.946,0.233,0.219,0.115,1.0,0.847,0.87,0.423,0.34,0.283,-0.094,-0.088,-0.109
6500,A2_2,0.289,0.626,0.62,0.789,0.403,0.398,0.319,0.847,1.0,0.976,0.519,0.513,0.402,-0.05,-0.051,-0.086
6500,A2_3,0.295,0.64,0.626,0.813,0.327,0.313,0.226,0.87,0.976,1.0,0.473,0.427,0.348,-0.015,-0.014,-0.052
6500,B2_1,-0.142,0.335,0.34,0.288,0.896,0.911,0.837,0.423,0.519,0.473,1.0,0.93,0.917,-0.317,-0.33,-0.383
6500,B2_2,-0.122,0.225,0.244,0.208,0.954,0.962,0.935,0.34,0.513,0.427,0.93,1.0,0.921,-0.245,-0.263,-0.311
6500,B2_3,-0.233,0.2,0.251,0.164,0.948,0.934,0.913,0.283,0.402,0.348,0.917,0.921,1.0,-0.346,-0.344,-0.395
6500,y1,0.379,-0.204,-0.295,-0.085,-0.253,-0.238,-0.32,-0.094,-0.05,-0.015,-0.317,-0.245,-0.346,1.0,0.994,0.987
6500,y2,0.367,-0.191,-0.272,-0.068,-0.257,-0.248,-0.33,-0.088,-0.051,-0.014,-0.33,-0.263,-0.344,0.994,1.0,0.993
6500,y3,0.371,-0.21,-0.293,-0.097,-0.305,-0.294,-0.38,-0.109,-0.086,-0.052,-0.383,-0.311,-0.395,0.987,0.993,1.0
7000,.,1.0,-0.116,-0.092,0.001,0.058,-0.022,0.085,-0.074,-0.16,-0.152,-0.0,0.059,-0.039,-0.036,-0.04,-0.032
7000,A1_1,-0.116,1.0,0.891,0.865,0.136,0.196,0.312,0.928,0.907,0.934,0.152,0.202,0.191,-0.037,-0.051,-0.045
7000,A1_2,-0.092,0.891,1.0,0.943,-0.078,-0.019,0.113,0.955,0.866,0.934,-0.077,-0.004,-0.036,-0.134,-0.121,-0.119
7000,A1_3,0.001,0.865,0.943,1.0,0.038,0.036,0.229,0.952,0.893,0.92,0.038,0.108,0.066,-0.258,-0.257,-0.242
7000,B1_1,0.058,0.136,-0.078,0.038,1.0,0.94,0.935,0.043,0.236,0.071,0.951,0.943,0.971,-0.113,-0.187,-0.157
7000,B1_2,-0.022,0.196,-0.019,0.036,0.94,1.0,0.856,0.072,0.232,0.077,0.938,0.92,0.964,-0.018,-0.093,-0.062
7000,B1_3,0.085,0.312,0.113,0.229,0.935,0.856,1.0,0.238,0.423,0.273,0.895,0.951,0.901,-0.123,-0.187,-0.153
7000,A2_1,-0.074,0.928,0.955,0.952,0.043,0.072,0.238,1.0,0.933,0.929,0.058,0.13,0.088,-0.214,-0.219,-0.21
7000,A2_2,-0.16,0.907,0.866,0.893,0.236,0.232,0.423,0.933,1.0,0.938,0.242,0.319,0.268,-0.226,-0.247,-0.231
7000,A2_3,-0.152,0.934,0.934,0.92,0.071,0.077,0.273,0.929,0.938,1.0,0.068,0.132,0.101,-0.148,-0.152,-0.147
7000,B2_1,-0.0,0.152,-0.077,0.038,0.951,0.938,0.895,0.058,0.242,0.068,1.0,0.964,0.972,-0.219,-0.29,-0.262
7000,B2_2,0.059,0.202,-0.004,0.108,0.943,0.92,0.951,0.13,0.319,0.132,0.964,1.0,0.948,-0.176,-0.249,-0.212
7000,B2_3,-0.039,0.191,-0.036,0.066,0.971,0.964,0.901,0.088,0.268,0.101,0.972,0.948,1.0,-0.186,-0.262,-0.23
7000,y1,-0.036,-0.037,-0.134,-0.258,-0.113,-0.018,-0.123,-0.214,-0.226,-0.148,-0.219,-0.176,-0.186,1.0,0.991,0.994
7000,y2,-0.04,-0.051,-0.121,-0.257,-0.187,-0.093,-0.187,-0.219,-0.247,-0.152,-0.29,-0.249,-0.262,0.991,1.0,0.995
7000,y3,-0.032,-0.045,-0.119,-0.242,-0.157,-0.062,-0.153,-0.21,-0.231,-0.147,-0.262,-0.212,-0.23,0.994,0.995,1.0
7500,.,1.0,-0.097,-0.072,-0.02,-0.024,-0.03,0.026,0.129,-0.216,-0.132,-0.017,0.023,0.022,-0.162,-0.173,-0.182
7500,A1_1,-0.097,1.0,0.755,0.754,-0.037,0.022,0.078,0.807,0.735,0.812,0.011,-0.029,0.034,-0.16,-0.112,-0.172
7500,A1_2,-0.072,0.755,1.0,0.965,-0.413,-0.386,-0.404,0.743,0.548,0.777,-0.362,-0.436,-0.38,-0.314,-0.233,-0.281
7500,A1_3,-0.02,0.754,0.965,1.0,-0.362,-0.402,-0.4,0.82,0.607,0.802,-0.371,-0.441,-0.385,-0.367,-0.292,-0.343
7500,B1_1,-0.024,-0.037,-0.413,-0.362,1.0,0.912,0.905,-0.229,0.197,-0.151,0.913,0.899,0.887,-0.035,-0.077,-0.054
7500,B1_2,-0.03,0.022,-0.386,-0.402,0.912,1.0,0.931,-0.305,0.101,-0.18,0.958,0.96,0.976,-0.096,-0.127,-0.118
7500,B1_3,0.026,0.078,-0.404,-0.4,0.905,0.931,1.0,-0.175,0.126,-0.154,0.934,0.95,0.93,-0.023,-0.065,-0.048
7500,A2_1,0.129,0.807,0.743,0.82,-0.229,-0.305,-0.175,1.0,0.684,0.835,-0.294,-0.308,-0.257,-0.113,-0.075,-0.123
7500,A2_2,-0.216,0.735,0.548,0.607,0.197,0.101,0.126,0.684,1.0,0.884,0.095,0.053,0.085,0.035,0.087,0.033
7500,A2_3,-0.132,0.812,0.777,0.802,-0.151,-0.18,-0.154,0.835,0.884,1.0,-0.173,-0.216,-0.161,-0.08,-0.021,-0.063
7500,B2_1,-0.017,0.011,-0.362,-0.371,0.913,0.958,0.934,-0.294,0.095,-0.173,1.0,0.965,0.961,-0.132,-0.17,-0.151
7500,B2_2,0.023,-0.029,-0.436,-0.441,0.899,0.96,0.95,-0.308,0.053,-0.216,0.965,1.0,0.969,-0.126,-0.165,-0.147
7500,B2_3,0.022,0.034,-0.38,-0.385,0.887,0.976,0.93,-0.257,0.085,-0.161,0.961,0.969,1.0,-0.143,-0.18,-0.165
7500,y1,-0.162,-0.16,-0.314,-0.367,-0.035,-0.096,-0.023,-0.113,0.035,-0.08,-0.132,-0.126,-0.143,1.0,0.984,0.989
7500,y2,-0.173,-0.112,-0.233,-0.292,-0.077,-0.127,-0.065,-0.075,0.087,-0.021,-0.17,-0.165,-0.18,0.984,1.0,0.98
7500,y3,-0.182,-0.172,-0.281,-0.343,-0.054,-0.118,-0.048,-0.123,0.033,-0.063,-0.151,-0.147,-0.165,0.989,0.98,1.0
8000,.,1.0,-0.1,0.099,0.041,0.406,0.383,0.333,-0.118,-0.056,-0.084,0.428,0.35,0.386,-0.244,-0.273,-0.223
8000,A1_1,-0.1,1.0,0.892,0.936,-0.129,-0.132,-0.112,0.945,0.941,0.961,-0.163,-0.059,-0.108,-0.069,-0.039,-0.038
8000,A1_2,0.099,0.892,1.0,0.952,-0.177,-0.188,-0.18,0.898,0.957,0.938,-0.205,-0.122,-0.168,-0.289,-0.253,-0.255
8000,A1_3,0.041,0.936,0.952,1.0,-0.205,-0.179,-0.198,0.919,0.959,0.958,-0.2,-0.113,-0.17,-0.273,-0.229,-0.225
8000,B1_1,0.406,-0.129,-0.177,-0.205,1.0,0.938,0.958,-0.209,-0.177,-0.196,0.942,0.895,0.969,0.198,0.128,0.234
8000,B1_2,0.383,-0.132,-0.188,-0.179,0.938,1.0,0.96,-0.251,-0.197,-0.214,0.977,0.968,0.969,0.103,0.038,0.137
8000,B1_3,0.333,-0.112,-0.18,-0.198,0.958,0.96,1.0,-0.233,-0.181,-0.193,0.955,0.952,0.951,0.179,0.109,0.202
8000,A2_1,-0.118,0.945,0.898,0.919,-0.209,-0.251,-0.233,1.0,0.95,0.961,-0.272,-0.186,-0.208,-0.14,-0.113,-0.114
8000,A2_2,-0.056,0.941,0.957,0.959,-0.177,-0.197,-0.181,0.95,1.0,0.966,-0.219,-0.134,-0.17,-0.216,-0.189,-0.173
8000,A2_3,-0.084,0.961,0.938,0.958,-0.196,-0.214,-0.193,0.961,0.966,1.0,-0.25,-0.151,-0.187,-0.171,-0.132,-0.143
8000,B2_1,0.428,-0.163,-0.205,-0.2,0.942,0.977,0.955,-0.272,-0.219,-0.25,1.0,0.968,0.977,0.04,-0.029,0.075
8000,B2_2,0.35,-0.059,-0.122,-0.113,0.895,0.968,0.952,-0.186,-0.134,-0.151,0.968,1.0,0.948,0.058,-0.009,0.083
8000,B2_3,0.386,-0.108,-0.168,-0.17,0.969,0.969,0.951,-0.208,-0.17,-0.187,0.977,0.948,1.0,0.099,0.031,0.132
8000,y1,-0.244,-0.069,-0.289,-0.273,0.198,0.103,0.179,-0.14,-0.216,-0.171,0.04,0.058,0.099,1.0,0.987,0.986
8000,y2,-0.273,-0.039,-0.253,-0.229,0.128,0.038,0.109,-0.113,-0.189,-0.132,-0.029,-0.009,0.031,0.987,1.0,0.98
8000,y3,-0.223,-0.038,-0.255,-0.225,0.234,0.137,0.202,-0.114,-0.173,-0.143,0.075,0.083,0.132,0.986,0.98,1.0
8500,.,1.0,-0.217,-0.17,-0.179,-0.027,-0.051,-0.111,-0.229,-0.292,-0.254,-0.12,-0.084,-0.075,0.125,0.136,0.108
8500,A1_1,-0.217,1.0,0.869,0.88,0.021,0.056,0.09,0.872,0.939,0.915,0.063,0.279,0.013,-0.133,-0.113,-0.095
8500,A1_2,-0.17,0.869,1.0,0.922,-0.337,-0.314,-0.238,0.826,0.806,0.76,-0.285,-0.084,-0.327,-0.082,-0.058,-0.077
8500,A1_3,-0.179,0.88,0.922,1.0,-0.212,-0.166,-0.095,0.724,0.782,0.782,-0.155,0.029,-0.185,0.024,0.059,0.044
8500,B1_1,-0.027,0.021,-0.337,-0.212,1.0,0.973,0.929,-0.059,0.043,0.091,0.973,0.917,0.941,-0.198,-0.226,-0.164
8500,B1_2,-0.051,0.056,-0.314,-0.166,0.973,1.0,0.94,-0.034,0.062,0.116,0.97,0.925,0.972,-0.254,-0.272,-0.215
8500,B1_3,-0.111,0.09,-0.238,-0.095,0.929,0.94,1.0,0.03,0.125,0.198,0.922,0.859,0.919,-0.218,-0.236,-0.187
8500,A2_1,-0.229,0.872,0.826,0.724,-0.059,-0.034,0.03,1.0,0.934,0.916,-0.013,0.165,-0.051,-0.329,-0.298,-0.303
8500,A2_2,-0.292,0.939,0.806,0.782,0.043,0.062,0.125,0.934,1.0,0.967,0.098,0.281,0.029,-0.295,-0.276,-0.249
8500,A2_3,-0.254,0.915,0.76,0.782,0.091,0.116,0.198,0.916,0.967,1.0,0.132,0.294,0.089,-0.303,-0.263,-0.255
8500,B2_1,-0.12,0.063,-0.285,-0.155,0.973,0.97,0.922,-0.013,0.098,0.132,1.0,0.942,0.951,-0.296,-0.324,-0.26
8500,B2_2,-0.084,0.279,-0.084,0.029,0.917,0.925,0.859,0.165,0.281,0.294,0.942,1.0,0.892,-0.304,-0.339,-0.267
8500,B2_3,-0.075,0.013,-0.327,-0.185,0.941,0.972,0.919,-0.051,0.029,0.089,0.951,0.892,1.0,-0.292,-0.316,-0.26
8500,y1,0.125,-0.133,-0.082,0.024,-0.198,-0.254,-0.218,-0.329,-0.295,-0.303,-0.296,-0.304,-0.292,1.0,0.987,0.99
8500,y2,0.136,-0.113,-0.058,0.059,-0.226,-0.272,-0.236,-0.298,-0.276,-0.263,-0.324,-0.339,-0.316,0.987,1.0,0.987
8500,y3,0.108,-0.095,-0.077,0.044,-0.164,-0.215,-0.187,-0.303,-0.249,-0.255,-0.26,-0.267,-0.26,0.99,0.987,1.0
9000,.,1.0,0.121,0.203,0.199,-0.115,0.045,-0.096,0.031,0.064,0.096,0.106,0.097,0.076,-0.13,-0.146,-0.199
9000,A1_1,0.121,1.0,0.805,0.783,-0.037,-0.136,0.028,0.94,0.902,0.91,-0.129,-0.143,-0.143,0.511,0.489,0.437
9000,A1_2,0.203,0.805,1.0,0.961,-0.183,-0.291,-0.15,0.698,0.658,0.681,-0.244,-0.298,-0.255,0.143,0.111,0.058
9000,A1_3,0.199,0.783,0.961,1.0,-0.18,-0.23,-0.135,0.678,0.623,0.649,-0.203,-0.252,-0.213,0.151,0.12,0.074
9000,B1_1,-0.115,-0.037,-0.183,-0.18,1.0,0.909,0.975,-0.042,-0.063,-0.118,0.808,0.864,0.863,0.259,0.258,0.305
9000,B1_2,0.045,-0.136,-0.291,-0.23,0.909,1.0,0.896,-0.15,-0.175,-0.219,0.89,0.941,0.956,0.178,0.189,0.239
9000,B1_3,-0.096,0.028,-0.15,-0.135,0.975,0.896,1.0,0.015,-0.003,-0.048,0.809,0.878,0.851,0.283,0.284,0.328
9000,A2_1,0.031,0.94,0.698,0.678,-0.042,-0.15,0.015,1.0,0.976,0.966,-0.226,-0.165,-0.198,0.566,0.542,0.487
9000,A2_2,0.064,0.902,0.658,0.623,-0.063,-0.175,-0.003,0.976,1.0,0.991,-0.292,-0.205,-0.244,0.539,0.519,0.445
9000,A2_3,0.096,0.91,0.681,0.649,-0.118,-0.219,-0.048,0.966,0.991,1.0,-0.313,-0.238,-0.274,0.513,0.491,0.418
9000,B2_1,0.106,-0.129,-0.244,-0.203,0.808,0.89,0.809,-0.226,-0.292,-0.313,1.0,0.937,0.961,0.045,0.043,0.112
9000,B2_2,0.097,-0.143,-0.298,-0.252,0.864,0.941,0.878,-0.165,-0.205,-0.238,0.937,1.0,0.969,0.142,0.136,0.181
9000,B2_3,0.076,-0.143,-0.255,-0.213,0.863,0.956,0.851,-0.198,-0.244,-0.274,0.961,0.969,1.0,0.091,0.093,0.146
9000,y1,-0.13,0.511,0.143,0.151,0.259,0.178,0.283,0.566,0.539,0.513,0.045,0.142,0.091,1.0,0.988,0.966
9000,y2,-0.146,0.489,0.111,0.12,0.258,0.189,0.284,0.542,0.519,0.491,0.043,0.136,0.093,0.988,1.0,0.984
9000,y3,-0.199,0.437,0.058,0.074,0.305,0.239,0.328,0.487,0.445,0.418,0.112,0.181,0.146,0.966,0.984,1.0
9500,.,1.0,-0.253,-0.213,-0.278,-0.063,0.042,-0.042,-0.091,-0.151,-0.151,-0.066,-0.036,-0.044,-0.169,-0.159,-0.149
9500,A1_1,-0.253,1.0,0.896,0.925,0.22,0.314,0.328,0.878,0.857,0.86,0.406,0.369,0.346,0.478,0.498,0.48
9500,A1_2,-0.213,0.896,1.0,0.97,0.105,0.192,0.205,0.866,0.742,0.81,0.237,0.205,0.198,0.402,0.419,0.391
9500,A1_3,-0.278,0.925,0.97,1.0,0.164,0.234,0.245,0.858,0.753,0.8,0.273,0.248,0.232,0.46,0.482,0.457
9500,B1_1,-0.063,0.22,0.105,0.164,1.0,0.942,0.949,0.065,0.242,0.064,0.888,0.916,0.922,0.218,0.209,0.236
9500,B1_2,0.042,0.314,0.192,0.234,0.942,1.0,0.944,0.185,0.318,0.147,0.915,0.94,0.956,0.319,0.325,0.351
9500,B1_3,-0.042,0.328,0.205,0.245,0.949,0.944,1.0,0.134,0.244,0.107,0.938,0.966,0.943,0.279,0.255,0.298
9500,A2_1,-0.091,0.878,0.866,0.858,0.065,0.185,0.134,1.0,0.882,0.899,0.146,0.15,0.131,0.516,0.537,0.505
9500,A2_2,-0.151,0.857,0.742,0.753,0.242,0.318,0.244,0.882,1.0,0.939,0.322,0.307,0.318,0.416,0.455,0.41
9500,A2_3,-0.151,0.86,0.81,0.8,0.064,0.147,0.107,0.899,0.939,1.0,0.162,0.166,0.159,0.362,0.387,0.343
9500,B2_1,-0.066,0.406,0.237,0.273,0.888,0.915,0.938,0.146,0.322,0.162,1.0,0.941,0.976,0.282,0.27,0.313
9500,B2_2,-0.036,0.369,0.205,0.248,0.916,0.94,0.966,0.15,0.307,0.166,0.941,1.0,0.947,0.302,0.282,0.316
9500,B2_3,-0.044,0.346,0.198,0.232,0.922,0.956,0.943,0.131,0.318,0.159,0.976,0.947,1.0,0.263,0.258,0.295
9500,y1,-0.169,0.478,0.402,0.46,0.218,0.319,0.279,0.516,0.416,0.362,0.282,0.302,0.263,1.0,0.987,0.991
9500,y2,-0.159,0.498,0.419,0.482,0.209,0.325,0.255,0.537,0.455,0.387,0.27,0.282,0.258,0.987,1.0,0.992
9500,y3,-0.149,0.48,0.391,0.457,0.236,0.351,0.298,0.505,0.41,0.343,0.313,0.316,0.295,0.991,0.992,1.0
10000,.,1.0,0.077,0.21,0.052,-0.094,0.001,0.029,0.143,0.21,0.153,0.013,-0.036,-0.07,-0.057,-0.095,-0.088
10000,A1_1,0.077,1.0,0.814,0.862,0.253,0.321,0.371,0.885,0.722,0.725,0.393,0.382,0.273,0.351,0.349,0.39
10000,A1_2,0.21,0.814,1.0,0.889,-0.148,-0.044,-0.011,0.841,0.712,0.821,0.035,0.012,-0.087,0.157,0.195,0.203
10000,A1_3,0.052,0.862,0.889,1.0,-0.026,0.042,0.08,0.824,0.779,0.811,0.099,0.099,0.016,0.301,0.364,0.371
10000,B1_1,-0.094,0.253,-0.148,-0.026,1.0,0.945,0.94,0.07,0.062,-0.109,0.896,0.905,0.945,0.359,0.288,0.333
10000,B1_2,0.001,0.321,-0.044,0.042,0.945,1.0,0.957,0.108,0.092,-0.078,0.959,0.969,0.969,0.303,0.211,0.261
10000,B1_3,0.029,0.371,-0.011,0.08,0.94,0.957,1.0,0.141,0.124,-0.072,0.931,0.941,0.915,0.339,0.262,0.305
10000,A2_1,0.143,0.885,0.841,0.824,0.07,0.108,0.141,1.0,0.901,0.909,0.151,0.126,0.053,0.412,0.415,0.44
10000,A2_2,0.21,0.722,0.712,0.779,0.062,0.092,0.124,0.901,1.0,0.909,0.082,0.076,0.029,0.475,0.507,0.498
10000,A2_3,0.153,0.725,0.821,0.811,-0.109,-0.078,-0.072,0.909,0.909,1.0,-0.076,-0.08,-0.126,0.448,0.49,0.472
10000,B2_1,0.013,0.393,0.035,0.099,0.896,0.959,0.931,0.151,0.082,-0.076,1.0,0.975,0.938,0.308,0.203,0.255
10000,B2_2,-0.036,0.382,0.012,0.099,0.905,0.969,0.941,0.126,0.076,-0.08,0.975,1.0,0.953,0.278,0.194,0.234
10000,B2_3,-0.07,0.273,-0.087,0.016,0.945,0.969,0.915,0.053,0.029,-0.126,0.938,0.953,1.0,0.286,0.197,0.251
10000,y1,-0.057,0.351,0.157,0.301,0.359,0.303,0.339,0.412,0.475,0.448,0.308,0.278,0.286,1.0,0.967,0.969
10000,y2,-0.095,0.349,0.195,0.364,0.288,0.211,0.262,0.415,0.507,0.49,0.203,0.194,0.197,0.967,1.0,0.976
10000,y3,-0.088,0.39,0.203,0.371,0.333,0.261,0.305,0.44,0.498,0.472,0.255,0.234,0.251,0.969,0.976,1.0
