,,.,A1_1,A1_2,A1_3,B1_1,B1_2,B1_3,A2_1,A2_2,A2_3,B2_1,B2_2,B2_3,y1,y2,y3
2,.,1.0,-0.342,0.179,0.244,0.521,-0.11,-0.074,-0.361,-0.25,0.278,-0.224,0.147,-0.278,-0.433,-0.221,-0.494
2,A1_1,-0.342,1.0,-0.399,0.074,-0.339,-0.397,0.226,-0.334,0.168,-0.529,-0.368,0.444,0.044,-0.396,-0.545,-0.213
2,A1_2,0.179,-0.399,1.0,0.484,-0.07,0.042,-0.476,0.417,-0.559,-0.025,0.151,-0.409,-0.008,0.186,0.062,0.405
2,A1_3,0.244,0.074,0.484,1.0,-0.396,0.128,-0.197,-0.427,-0.431,-0.428,0.319,0.287,0.199,0.14,-0.651,-0.24
2,B1_1,0.521,-0.339,-0.07,-0.396,1.0,0.349,0.51,-0.133,-0.111,0.327,-0.445,-0.258,-0.54,-0.049,0.248,-0.185
2,B1_2,-0.11,-0.397,0.042,0.128,0.349,1.0,0.539,-0.146,0.013,0.125,0.26,-0.3,-0.251,0.799,0.005,-0.083
2,B1_3,-0.074,0.226,-0.476,-0.197,0.51,0.539,1.0,-0.509,-0.059,-0.093,-0.04,0.223,-0.096,0.285,-0.031,-0.384
2,A2_1,-0.361,-0.334,0.417,-0.427,-0.133,-0.146,-0.509,1.0,0.24,0.479,-0.071,-0.583,-0.146,0.067,0.537,0.622
2,A2_2,-0.25,0.168,-0.559,-0.431,-0.111,0.013,-0.059,0.24,1.0,0.524,-0.359,-0.081,-0.484,-0.174,-0.182,-0.235
2,A2_3,0.278,-0.529,-0.025,-0.428,0.327,0.125,-0.093,0.479,0.524,1.0,-0.178,-0.2,-0.502,-0.128,0.268,-0.257
2,B2_1,-0.224,-0.368,0.151,0.319,-0.445,0.26,-0.04,-0.071,-0.359,-0.178,1.0,0.058,0.772,0.666,0.214,0.238
2,B2_2,0.147,0.444,-0.409,0.287,-0.258,-0.3,0.223,-0.583,-0.081,-0.2,0.058,1.0,0.356,-0.412,-0.324,-0.664
2,B2_3,-0.278,0.044,-0.008,0.199,-0.54,-0.251,-0.096,-0.146,-0.484,-0.502,0.772,0.356,1.0,0.253,0.227,0.323
2,y1,-0.433,-0.396,0.186,0.14,-0.049,0.799,0.285,0.067,-0.174,-0.128,0.666,-0.412,0.253,1.0,0.213,0.389
2,y2,-0.221,-0.545,0.062,-0.651,0.248,0.005,-0.031,0.537,-0.182,0.268,0.214,-0.324,0.227,0.213,1.0,0.537
2,y3,-0.494,-0.213,0.405,-0.24,-0.185,-0.083,-0.384,0.622,-0.235,-0.257,0.238,-0.664,0.323,0.389,0.537,1.0
4,.,1.0,0.005,0.241,0.503,0.354,0.462,0.005,-0.431,-0.085,-0.452,-0.212,-0.662,-0.374,-0.796,-0.312,-0.175
4,A1_1,0.005,1.0,0.693,0.021,-0.154,-0.46,-0.325,0.121,0.208,-0.17,-0.155,-0.148,-0.486,0.267,0.153,0.382
4,A1_2,0.241,0.693,1.0,0.52,-0.248,-0.154,-0.491,0.068,0.016,0.014,0.144,0.017,-0.639,-0.003,0.051,-0.176
4,A1_3,0.503,0.021,0.52,1.0,-0.221,0.178,-0.267,0.127,0.126,0.138,-0.115,-0.265,-0.479,-0.481,-0.197,-0.255
4,B1_1,0.354,-0.154,-0.248,-0.221,1.0,0.724,0.737,-0.429,-0.428,-0.341,-0.422,-0.625,-0.215,-0.117,0.304,0.007
4,B1_2,0.462,-0.46,-0.154,0.178,0.724,1.0,0.545,-0.656,-0.675,-0.416,-0.016,-0.334,-0.107,-0.483,-0.052,-0.383
4,B1_3,0.005,-0.325,-0.491,-0.267,0.737,0.545,1.0,0.003,-0.06,-0.036,-0.555,-0.455,-0.188,-0.067,0.548,0.318
4,A2_1,-0.431,0.121,0.068,0.127,-0.429,-0.656,0.003,1.0,0.803,0.837,-0.416,0.064,-0.253,0.397,0.532,0.397
4,A2_2,-0.085,0.208,0.016,0.126,-0.428,-0.675,-0.06,0.803,1.0,0.478,-0.504,-0.229,-0.346,0.169,0.391,0.69
4,A2_3,-0.452,-0.17,0.014,0.138,-0.341,-0.416,-0.036,0.837,0.478,1.0,-0.251,0.251,-0.092,0.347,0.493,-0.007
4,B2_1,-0.212,-0.155,0.144,-0.115,-0.422,-0.016,-0.555,-0.416,-0.504,-0.251,1.0,0.798,0.526,0.046,-0.577,-0.626
4,B2_2,-0.662,-0.148,0.017,-0.265,-0.625,-0.334,-0.455,0.064,-0.229,0.251,0.798,1.0,0.579,0.321,-0.249,-0.431
4,B2_3,-0.374,-0.486,-0.639,-0.479,-0.215,-0.107,-0.188,-0.253,-0.346,-0.092,0.526,0.579,1.0,0.036,-0.592,-0.353
4,y1,-0.796,0.267,-0.003,-0.481,-0.117,-0.483,-0.067,0.397,0.169,0.347,0.046,0.321,0.036,1.0,0.498,0.313
4,y2,-0.312,0.153,0.051,-0.197,0.304,-0.052,0.548,0.532,0.391,0.493,-0.577,-0.249,-0.592,0.498,1.0,0.517
4,y3,-0.175,0.382,-0.176,-0.255,0.007,-0.383,0.318,0.397,0.69,-0.007,-0.626,-0.431,-0.353,0.313,0.517,1.0
6,.,1.0,0.178,0.271,0.381,-0.651,-0.201,-0.114,0.539,0.169,-0.182,-0.175,-0.137,-0.117,0.099,-0.397,-0.855
6,A1_1,0.178,1.0,0.593,0.524,0.14,0.148,0.05,0.272,0.258,-0.26,-0.803,-0.637,-0.396,0.493,-0.603,-0.206
6,A1_2,0.271,0.593,1.0,0.762,0.098,0.031,-0.054,-0.083,-0.102,-0.216,-0.433,-0.196,-0.093,0.517,-0.381,-0.433
6,A1_3,0.381,0.524,0.762,1.0,-0.116,0.295,0.02,0.201,-0.055,-0.44,-0.533,0.002,0.093,0.389,-0.518,-0.409
6,B1_1,-0.651,0.14,0.098,-0.116,1.0,0.443,0.195,-0.454,-0.259,0.178,-0.194,-0.303,0.211,-0.176,0.075,0.456
6,B1_2,-0.201,0.148,0.031,0.295,0.443,1.0,0.458,0.084,-0.089,-0.571,-0.505,-0.104,0.3,0.265,-0.4,0.311
6,B1_3,-0.114,0.05,-0.054,0.02,0.195,0.458,1.0,-0.32,-0.511,-0.362,-0.018,-0.472,-0.376,0.422,0.303,0.217
6,A2_1,0.539,0.272,-0.083,0.201,-0.454,0.084,-0.32,1.0,0.842,0.045,-0.602,-0.134,-0.108,0.114,-0.777,-0.153
6,A2_2,0.169,0.258,-0.102,-0.055,-0.259,-0.089,-0.511,0.842,1.0,0.306,-0.544,-0.133,-0.241,0.123,-0.684,0.117
6,A2_3,-0.182,-0.26,-0.216,-0.44,0.178,-0.571,-0.362,0.045,0.306,1.0,0.217,-0.103,-0.143,-0.481,0.252,0.225
6,B2_1,-0.175,-0.803,-0.433,-0.533,-0.194,-0.505,-0.018,-0.602,-0.544,0.217,1.0,0.532,0.2,-0.464,0.887,0.004
6,B2_2,-0.137,-0.637,-0.196,0.002,-0.303,-0.104,-0.472,-0.134,-0.133,-0.103,0.532,1.0,0.699,-0.331,0.216,0.06
6,B2_3,-0.117,-0.396,-0.093,0.093,0.211,0.3,-0.376,-0.108,-0.241,-0.143,0.2,0.699,1.0,-0.519,-0.027,0.021
6,y1,0.099,0.493,0.517,0.389,-0.176,0.265,0.422,0.114,0.123,-0.481,-0.464,-0.331,-0.519,1.0,-0.338,0.053
6,y2,-0.397,-0.603,-0.381,-0.518,0.075,-0.4,0.303,-0.777,-0.684,0.252,0.887,0.216,-0.027,-0.338,1.0,0.209
6,y3,-0.855,-0.206,-0.433,-0.409,0.456,0.311,0.217,-0.153,0.117,0.225,0.004,0.06,0.021,0.053,0.209,1.0
8,.,1.0,0.095,0.32,-0.093,-0.125,-0.13,0.261,-0.464,0.037,-0.315,-0.609,-0.016,0.156,-0.848,-0.188,-0.207
8,A1_1,0.095,1.0,0.597,0.6,-0.384,-0.138,0.336,-0.455,-0.555,-0.164,-0.257,-0.188,-0.359,-0.057,0.114,0.458
8,A1_2,0.32,0.597,1.0,0.784,-0.617,-0.533,-0.014,-0.094,-0.539,-0.215,0.021,-0.235,-0.184,-0.277,0.274,-0.17
8,A1_3,-0.093,0.6,0.784,1.0,-0.512,-0.415,-0.203,0.176,-0.312,-0.23,0.235,-0.33,-0.326,0.125,0.08,0.106
8,B1_1,-0.125,-0.384,-0.617,-0.512,1.0,0.812,0.464,-0.134,0.262,-0.422,-0.141,0.034,0.189,0.378,0.21,0.551
8,B1_2,-0.13,-0.138,-0.533,-0.415,0.812,1.0,0.676,-0.467,0.057,-0.445,-0.208,0.284,0.249,0.274,-0.055,0.624
8,B1_3,0.261,0.336,-0.014,-0.203,0.464,0.676,1.0,-0.657,-0.324,-0.321,-0.597,-0.079,-0.113,0.055,0.015,0.644
8,A2_1,-0.464,-0.455,-0.094,0.176,-0.134,-0.467,-0.657,1.0,0.382,0.478,0.405,-0.444,-0.35,0.435,-0.051,-0.362
8,A2_2,0.037,-0.555,-0.539,-0.312,0.262,0.057,-0.324,0.382,1.0,0.256,-0.27,-0.317,-0.239,-0.035,-0.553,-0.191
8,A2_3,-0.315,-0.164,-0.215,-0.23,-0.422,-0.445,-0.321,0.478,0.256,1.0,-0.056,-0.309,-0.516,0.138,-0.347,-0.428
8,B2_1,-0.609,-0.257,0.021,0.235,-0.141,-0.208,-0.597,0.405,-0.27,-0.056,1.0,0.423,0.454,0.409,0.42,-0.203
8,B2_2,-0.016,-0.188,-0.235,-0.33,0.034,0.284,-0.079,-0.444,-0.317,-0.309,0.423,1.0,0.906,-0.294,0.142,-0.167
8,B2_3,0.156,-0.359,-0.184,-0.326,0.189,0.249,-0.113,-0.35,-0.239,-0.516,0.454,0.906,1.0,-0.324,0.284,-0.19
8,y1,-0.848,-0.057,-0.277,0.125,0.378,0.274,0.055,0.435,-0.035,0.138,0.409,-0.294,-0.324,1.0,0.222,0.515
8,y2,-0.188,0.114,0.274,0.08,0.21,-0.055,0.015,-0.051,-0.553,-0.347,0.42,0.142,0.284,0.222,1.0,0.105
8,y3,-0.207,0.458,-0.17,0.106,0.551,0.624,0.644,-0.362,-0.191,-0.428,-0.203,-0.167,-0.19,0.515,0.105,1.0
10,.,1.0,0.58,0.321,0.351,0.224,-0.232,0.277,-0.391,0.155,-0.505,0.12,-0.131,0.317,-0.36,-0.69,-0.76
10,A1_1,0.58,1.0,0.684,0.371,0.089,-0.209,0.125,0.133,-0.037,-0.132,0.022,-0.245,-0.346,-0.586,-0.635,-0.727
10,A1_2,0.321,0.684,1.0,0.343,-0.084,0.089,0.0,-0.233,-0.221,-0.405,-0.321,-0.167,-0.317,-0.092,-0.196,-0.297
10,A1_3,0.351,0.371,0.343,1.0,0.234,-0.297,-0.082,0.108,0.28,0.251,-0.448,-0.489,-0.467,-0.351,-0.167,-0.548
10,B1_1,0.224,0.089,-0.084,0.234,1.0,0.191,0.776,-0.287,0.243,0.054,-0.615,-0.757,-0.112,-0.083,-0.377,-0.487
10,B1_2,-0.232,-0.209,0.089,-0.297,0.191,1.0,0.141,-0.327,-0.44,-0.532,-0.285,-0.187,0.006,0.33,-0.017,0.354
10,B1_3,0.277,0.125,0.0,-0.082,0.776,0.141,1.0,-0.188,0.115,-0.138,-0.486,-0.635,-0.071,0.051,-0.237,-0.292
10,A2_1,-0.391,0.133,-0.233,0.108,-0.287,-0.327,-0.188,1.0,-0.008,0.714,0.141,-0.11,-0.594,-0.367,0.284,0.081
10,A2_2,0.155,-0.037,-0.221,0.28,0.243,-0.44,0.115,-0.008,1.0,0.397,-0.098,0.03,-0.149,-0.537,-0.256,-0.249
10,A2_3,-0.505,-0.132,-0.405,0.251,0.054,-0.532,-0.138,0.714,0.397,1.0,-0.102,-0.158,-0.505,-0.298,0.32,0.004
10,B2_1,0.12,0.022,-0.321,-0.448,-0.615,-0.285,-0.486,0.141,-0.098,-0.102,1.0,0.81,0.452,-0.069,-0.226,0.14
10,B2_2,-0.131,-0.245,-0.167,-0.489,-0.757,-0.187,-0.635,-0.11,0.03,-0.158,0.81,1.0,0.429,0.171,0.039,0.478
10,B2_3,0.317,-0.346,-0.317,-0.467,-0.112,0.006,-0.071,-0.594,-0.149,-0.505,0.452,0.429,1.0,0.277,-0.032,0.016
10,y1,-0.36,-0.586,-0.092,-0.351,-0.083,0.33,0.051,-0.367,-0.537,-0.298,-0.069,0.171,0.277,1.0,0.471,0.654
10,y2,-0.69,-0.635,-0.196,-0.167,-0.377,-0.017,-0.237,0.284,-0.256,0.32,-0.226,0.039,-0.032,0.471,1.0,0.645
10,y3,-0.76,-0.727,-0.297,-0.548,-0.487,0.354,-0.292,0.081,-0.249,0.004,0.14,0.478,0.016,0.654,0.645,1.0
12,.,1.0,-0.1,-0.139,-0.361,0.204,-0.348,-0.13,0.389,-0.268,0.227,-0.061,0.025,-0.075,-0.695,-0.861,-0.463
12,A1_1,-0.1,1.0,0.629,0.443,0.157,-0.078,-0.046,0.281,-0.263,0.012,-0.162,-0.406,-0.203,-0.299,0.145,0.294
12,A1_2,-0.139,0.629,1.0,0.673,-0.393,-0.076,-0.455,-0.058,0.104,-0.391,0.328,-0.168,0.133,-0.373,0.16,0.157
12,A1_3,-0.361,0.443,0.673,1.0,-0.468,0.269,-0.616,-0.434,0.093,-0.249,0.496,0.19,-0.008,-0.056,0.393,0.559
12,B1_1,0.204,0.157,-0.393,-0.468,1.0,0.064,0.503,0.083,-0.543,-0.03,-0.365,0.12,-0.034,0.202,-0.16,-0.471
12,B1_2,-0.348,-0.078,-0.076,0.269,0.064,1.0,0.316,-0.784,-0.093,-0.547,-0.099,0.049,-0.346,0.663,-0.038,-0.097
12,B1_3,-0.13,-0.046,-0.455,-0.616,0.503,0.316,1.0,0.172,-0.077,0.0,-0.808,-0.452,-0.361,0.461,-0.159,-0.197
12,A2_1,0.389,0.281,-0.058,-0.434,0.083,-0.784,0.172,1.0,0.094,0.714,-0.458,-0.545,-0.158,-0.575,-0.207,0.157
12,A2_2,-0.268,-0.263,0.104,0.093,-0.543,-0.093,-0.077,0.094,1.0,0.359,-0.211,-0.379,-0.413,0.241,0.223,0.268
12,A2_3,0.227,0.012,-0.391,-0.249,-0.03,-0.547,0.0,0.714,0.359,1.0,-0.429,-0.347,-0.443,-0.216,-0.006,0.41
12,B2_1,-0.061,-0.162,0.328,0.496,-0.365,-0.099,-0.808,-0.458,-0.211,-0.429,1.0,0.719,0.73,-0.242,0.226,0.016
12,B2_2,0.025,-0.406,-0.168,0.19,0.12,0.049,-0.452,-0.545,-0.379,-0.347,0.719,1.0,0.673,0.051,0.209,-0.092
12,B2_3,-0.075,-0.203,0.133,-0.008,-0.034,-0.346,-0.361,-0.158,-0.413,-0.443,0.73,0.673,1.0,-0.226,0.287,-0.144
12,y1,-0.695,-0.299,-0.373,-0.056,0.202,0.663,0.461,-0.575,0.241,-0.216,-0.242,0.051,-0.226,1.0,0.451,-0.023
12,y2,-0.861,0.145,0.16,0.393,-0.16,-0.038,-0.159,-0.207,0.223,-0.006,0.226,0.209,0.287,0.451,1.0,0.564
12,y3,-0.463,0.294,0.157,0.559,-0.471,-0.097,-0.197,0.157,0.268,0.41,0.016,-0.092,-0.144,-0.023,0.564,1.0
14,.,1.0,0.218,-0.27,-0.289,-0.158,-0.681,-0.475,0.255,-0.381,0.639,-0.573,-0.236,-0.302,-0.344,-0.364,-0.332
14,A1_1,0.218,1.0,0.118,0.739,-0.387,-0.501,-0.121,0.472,0.216,0.462,-0.379,-0.468,0.028,-0.404,-0.369,-0.519
14,A1_2,-0.27,0.118,1.0,0.485,-0.011,0.306,0.148,-0.168,0.196,-0.52,0.168,-0.013,-0.073,0.071,-0.266,-0.12
14,A1_3,-0.289,0.739,0.485,1.0,-0.367,-0.163,0.176,0.242,0.48,-0.129,0.084,-0.165,0.398,-0.087,-0.067,-0.131
14,B1_1,-0.158,-0.387,-0.011,-0.367,1.0,0.557,0.387,-0.838,-0.604,-0.105,0.014,-0.118,-0.013,-0.349,-0.0,0.048
14,B1_2,-0.681,-0.501,0.306,-0.163,0.557,1.0,0.37,-0.659,-0.047,-0.386,0.061,-0.008,-0.108,0.307,0.232,0.319
14,B1_3,-0.475,-0.121,0.148,0.176,0.387,0.37,1.0,-0.587,-0.111,-0.325,0.322,-0.242,0.434,-0.356,0.105,0.533
14,A2_1,0.255,0.472,-0.168,0.242,-0.838,-0.659,-0.587,1.0,0.645,0.318,-0.061,-0.039,-0.283,0.298,0.105,-0.238
14,A2_2,-0.381,0.216,0.196,0.48,-0.604,-0.047,-0.111,0.645,1.0,-0.111,0.215,-0.116,-0.144,0.647,0.609,0.318
14,A2_3,0.639,0.462,-0.52,-0.129,-0.105,-0.386,-0.325,0.318,-0.111,1.0,-0.821,-0.655,-0.421,-0.199,-0.079,-0.189
14,B2_1,-0.573,-0.379,0.168,0.084,0.014,0.061,0.322,-0.061,0.215,-0.821,1.0,0.647,0.489,0.168,0.243,0.269
14,B2_2,-0.236,-0.468,-0.013,-0.165,-0.118,-0.008,-0.242,-0.039,-0.116,-0.655,0.647,1.0,0.48,0.285,-0.052,-0.073
14,B2_3,-0.302,0.028,-0.073,0.398,-0.013,-0.108,0.434,-0.283,-0.144,-0.421,0.489,0.48,1.0,-0.213,-0.012,0.205
14,y1,-0.344,-0.404,0.071,-0.087,-0.349,0.307,-0.356,0.298,0.647,-0.199,0.168,0.285,-0.213,1.0,0.646,0.445
14,y2,-0.364,-0.369,-0.266,-0.067,-0.0,0.232,0.105,0.105,0.609,-0.079,0.243,-0.052,-0.012,0.646,1.0,0.753
14,y3,-0.332,-0.519,-0.12,-0.131,0.048,0.319,0.533,-0.238,0.318,-0.189,0.269,-0.073,0.205,0.445,0.753,1.0
16,.,1.0,-0.328,-0.178,-0.059,-0.313,0.125,-0.453,-0.062,-0.239,-0.192,0.346,0.521,0.072,0.15,-0.681,-0.384
16,A1_1,-0.328,1.0,0.673,0.639,-0.278,0.252,-0.523,0.186,-0.05,-0.102,-0.003,-0.339,0.027,0.4,0.222,-0.052
16,A1_2,-0.178,0.673,1.0,0.772,0.165,0.493,-0.42,-0.363,-0.682,-0.335,0.228,-0.055,0.172,-0.036,0.321,-0.109
16,A1_3,-0.059,0.639,0.772,1.0,-0.132,-0.085,-0.528,-0.217,-0.458,-0.483,-0.131,0.054,0.086,-0.064,0.193,-0.073
16,B1_1,-0.313,-0.278,0.165,-0.132,1.0,0.363,0.389,-0.534,-0.264,-0.351,-0.065,-0.096,-0.347,-0.761,0.177,-0.25
16,B1_2,0.125,0.252,0.493,-0.085,0.363,1.0,-0.209,-0.328,-0.468,-0.088,0.597,-0.071,0.107,0.039,-0.03,-0.332
16,B1_3,-0.453,-0.523,-0.42,-0.528,0.389,-0.209,1.0,-0.248,0.099,0.181,-0.083,-0.08,0.039,-0.178,0.624,0.676
16,A2_1,-0.062,0.186,-0.363,-0.217,-0.534,-0.328,-0.248,1.0,0.675,0.363,-0.463,-0.169,-0.395,0.497,-0.391,-0.13
16,A2_2,-0.239,-0.05,-0.682,-0.458,-0.264,-0.468,0.099,0.675,1.0,0.363,-0.404,-0.496,-0.412,0.251,-0.271,-0.068
16,A2_3,-0.192,-0.102,-0.335,-0.483,-0.351,-0.088,0.181,0.363,0.363,1.0,0.37,0.109,0.442,0.375,0.004,0.349
16,B2_1,0.346,-0.003,0.228,-0.131,-0.065,0.597,-0.083,-0.463,-0.404,0.37,1.0,0.23,0.626,0.286,0.025,0.104
16,B2_2,0.521,-0.339,-0.055,0.054,-0.096,-0.071,-0.08,-0.169,-0.496,0.109,0.23,1.0,0.344,-0.169,-0.226,0.065
16,B2_3,0.072,0.027,0.172,0.086,-0.347,0.107,0.039,-0.395,-0.412,0.442,0.626,0.344,1.0,0.143,0.328,0.497
16,y1,0.15,0.4,-0.036,-0.064,-0.761,0.039,-0.178,0.497,0.251,0.375,0.286,-0.169,0.143,1.0,0.035,0.323
16,y2,-0.681,0.222,0.321,0.193,0.177,-0.03,0.624,-0.391,-0.271,0.004,0.025,-0.226,0.328,0.035,1.0,0.801
16,y3,-0.384,-0.052,-0.109,-0.073,-0.25,-0.332,0.676,-0.13,-0.068,0.349,0.104,0.065,0.497,0.323,0.801,1.0
18,.,1.0,-0.508,0.495,-0.046,-0.096,0.24,-0.452,0.099,-0.469,0.214,-0.571,-0.153,-0.205,-0.363,-0.665,-0.132
18,A1_1,-0.508,1.0,0.074,0.108,-0.15,-0.273,0.188,0.313,0.082,-0.158,-0.032,-0.318,-0.034,-0.017,0.254,-0.139
18,A1_2,0.495,0.074,1.0,0.525,0.105,0.326,-0.125,-0.402,-0.459,-0.117,-0.724,-0.383,-0.395,0.127,-0.257,-0.006
18,A1_3,-0.046,0.108,0.525,1.0,-0.287,0.021,-0.187,-0.53,-0.118,-0.302,-0.31,-0.071,-0.226,0.087,0.088,0.142
18,B1_1,-0.096,-0.15,0.105,-0.287,1.0,0.398,0.549,-0.47,-0.233,-0.251,0.084,-0.204,-0.346,0.467,-0.097,-0.194
18,B1_2,0.24,-0.273,0.326,0.021,0.398,1.0,0.677,-0.157,-0.193,-0.371,-0.311,0.063,-0.084,0.516,0.21,0.137
18,B1_3,-0.452,0.188,-0.125,-0.187,0.549,0.677,1.0,-0.118,-0.067,-0.585,0.281,0.235,0.18,0.533,0.485,-0.1
18,A2_1,0.099,0.313,-0.402,-0.53,-0.47,-0.157,-0.118,1.0,0.32,0.423,-0.102,-0.133,0.103,-0.305,0.06,0.061
18,A2_2,-0.469,0.082,-0.459,-0.118,-0.233,-0.193,-0.067,0.32,1.0,0.619,-0.047,-0.254,-0.164,0.454,0.611,0.815
18,A2_3,0.214,-0.158,-0.117,-0.302,-0.251,-0.371,-0.585,0.423,0.619,1.0,-0.35,-0.468,-0.382,-0.017,-0.071,0.504
18,B2_1,-0.571,-0.032,-0.724,-0.31,0.084,-0.311,0.281,-0.102,-0.047,-0.35,1.0,0.709,0.678,-0.24,0.124,-0.425
18,B2_2,-0.153,-0.318,-0.383,-0.071,-0.204,0.063,0.235,-0.133,-0.254,-0.468,0.709,1.0,0.872,-0.196,0.222,-0.28
18,B2_3,-0.205,-0.034,-0.395,-0.226,-0.346,-0.084,0.18,0.103,-0.164,-0.382,0.678,0.872,1.0,-0.302,0.21,-0.252
18,y1,-0.363,-0.017,0.127,0.087,0.467,0.516,0.533,-0.305,0.454,-0.017,-0.24,-0.196,-0.302,1.0,0.715,0.667
18,y2,-0.665,0.254,-0.257,0.088,-0.097,0.21,0.485,0.06,0.611,-0.071,0.124,0.222,0.21,0.715,1.0,0.609
18,y3,-0.132,-0.139,-0.006,0.142,-0.194,0.137,-0.1,0.061,0.815,0.504,-0.425,-0.28,-0.252,0.667,0.609,1.0
20,.,1.0,-0.084,-0.767,-0.066,0.566,-0.327,0.25,-0.033,0.293,-0.423,0.249,0.411,-0.113,-0.826,-0.549,0.115
20,A1_1,-0.084,1.0,0.518,0.318,-0.248,0.08,-0.66,-0.056,-0.098,0.054,-0.421,-0.783,-0.696,-0.118,-0.148,-0.132
20,A1_2,-0.767,0.518,1.0,0.309,-0.509,0.436,-0.552,-0.178,-0.342,0.365,-0.189,-0.631,-0.053,0.454,0.234,-0.435
20,A1_3,-0.066,0.318,0.309,1.0,-0.285,-0.215,-0.057,-0.027,-0.221,-0.467,-0.377,-0.483,-0.31,0.266,-0.594,0.202
20,B1_1,0.566,-0.248,-0.509,-0.285,1.0,0.27,0.523,-0.47,-0.332,-0.329,0.276,0.552,0.33,-0.373,0.168,0.235
20,B1_2,-0.327,0.08,0.436,-0.215,0.27,1.0,0.0,-0.36,-0.152,0.206,0.039,-0.05,0.2,0.207,0.638,-0.468
20,B1_3,0.25,-0.66,-0.552,-0.057,0.523,0.0,1.0,-0.421,0.029,-0.71,0.307,0.662,0.56,0.015,0.0,0.609
20,A2_1,-0.033,-0.056,-0.178,-0.027,-0.47,-0.36,-0.421,1.0,0.439,0.467,-0.532,-0.19,-0.557,0.224,0.01,-0.152
20,A2_2,0.293,-0.098,-0.342,-0.221,-0.332,-0.152,0.029,0.439,1.0,-0.065,-0.037,0.082,-0.289,-0.336,-0.235,-0.187
20,A2_3,-0.423,0.054,0.365,-0.467,-0.329,0.206,-0.71,0.467,-0.065,1.0,-0.032,-0.153,-0.056,0.196,0.522,-0.667
20,B2_1,0.249,-0.421,-0.189,-0.377,0.276,0.039,0.307,-0.532,-0.037,-0.032,1.0,0.699,0.776,-0.443,-0.075,-0.218
20,B2_2,0.411,-0.783,-0.631,-0.483,0.552,-0.05,0.662,-0.19,0.082,-0.153,0.699,1.0,0.729,-0.259,0.123,0.112
20,B2_3,-0.113,-0.696,-0.053,-0.31,0.33,0.2,0.56,-0.557,-0.289,-0.056,0.776,0.729,1.0,0.029,0.234,-0.022
20,y1,-0.826,-0.118,0.454,0.266,-0.373,0.207,0.015,0.224,-0.336,0.196,-0.443,-0.259,0.029,1.0,0.506,0.183
20,y2,-0.549,-0.148,0.234,-0.594,0.168,0.638,0.0,0.01,-0.235,0.522,-0.075,0.123,0.234,0.506,1.0,-0.135
20,y3,0.115,-0.132,-0.435,0.202,0.235,-0.468,0.609,-0.152,-0.187,-0.667,-0.218,0.112,-0.022,0.183,-0.135,1.0
22,.,1.0,0.078,0.19,-0.074,-0.422,-0.05,0.012,-0.308,0.094,-0.193,0.111,0.051,-0.264,-0.827,-0.727,-0.852
22,A1_1,0.078,1.0,0.712,0.526,0.074,-0.051,-0.309,-0.257,-0.346,-0.461,-0.447,-0.453,-0.099,-0.088,0.312,0.039
22,A1_2,0.19,0.712,1.0,0.728,-0.027,-0.36,-0.432,-0.295,-0.345,-0.388,-0.214,-0.372,-0.124,0.075,0.28,-0.043
22,A1_3,-0.074,0.526,0.728,1.0,0.096,-0.284,-0.286,0.029,-0.208,-0.328,-0.473,-0.534,-0.211,0.439,0.173,0.225
22,B1_1,-0.422,0.074,-0.027,0.096,1.0,0.605,0.496,-0.274,-0.758,-0.6,0.322,-0.194,-0.061,0.215,0.073,0.246
22,B1_2,-0.05,-0.051,-0.36,-0.284,0.605,1.0,0.914,-0.581,-0.327,-0.457,0.13,-0.215,-0.354,-0.369,-0.378,0.167
22,B1_3,0.012,-0.309,-0.432,-0.286,0.496,0.914,1.0,-0.416,-0.123,-0.229,0.077,-0.265,-0.513,-0.321,-0.484,0.091
22,A2_1,-0.308,-0.257,-0.295,0.029,-0.274,-0.581,-0.416,1.0,0.471,0.722,-0.275,-0.018,0.08,0.51,0.351,-0.015
22,A2_2,0.094,-0.346,-0.345,-0.208,-0.758,-0.327,-0.123,0.471,1.0,0.822,-0.396,-0.095,-0.251,0.031,-0.028,0.039
22,A2_3,-0.193,-0.461,-0.388,-0.328,-0.6,-0.457,-0.229,0.722,0.822,1.0,-0.229,0.03,-0.08,0.248,0.319,0.067
22,B2_1,0.111,-0.447,-0.214,-0.473,0.322,0.13,0.077,-0.275,-0.396,-0.229,1.0,0.53,0.296,-0.199,-0.169,-0.321
22,B2_2,0.051,-0.453,-0.372,-0.534,-0.194,-0.215,-0.265,-0.018,-0.095,0.03,0.53,1.0,0.859,-0.102,-0.167,-0.16
22,B2_3,-0.264,-0.099,-0.124,-0.211,-0.061,-0.354,-0.513,0.08,-0.251,-0.08,0.296,0.859,1.0,0.242,0.203,0.137
22,y1,-0.827,-0.088,0.075,0.439,0.215,-0.369,-0.321,0.51,0.031,0.248,-0.199,-0.102,0.242,1.0,0.66,0.7
22,y2,-0.727,0.312,0.28,0.173,0.073,-0.378,-0.484,0.351,-0.028,0.319,-0.169,-0.167,0.203,0.66,1.0,0.551
22,y3,-0.852,0.039,-0.043,0.225,0.246,0.167,0.091,-0.015,0.039,0.067,-0.321,-0.16,0.137,0.7,0.551,1.0
24,.,1.0,0.203,-0.388,-0.628,0.052,0.334,0.457,0.644,0.161,0.836,-0.638,-0.195,-0.322,-0.502,-0.337,-0.091
24,A1_1,0.203,1.0,-0.051,0.429,-0.602,-0.144,-0.229,0.015,-0.088,0.11,-0.527,-0.039,-0.034,-0.057,-0.551,-0.494
24,A1_2,-0.388,-0.051,1.0,0.638,0.324,-0.635,-0.243,-0.155,-0.255,-0.313,0.085,-0.462,-0.401,-0.338,0.096,-0.03
24,A1_3,-0.628,0.429,0.638,1.0,-0.167,-0.485,-0.323,-0.526,-0.421,-0.623,0.081,-0.128,-0.079,0.21,-0.021,-0.113
24,B1_1,0.052,-0.602,0.324,-0.167,1.0,0.407,0.67,-0.265,-0.344,-0.176,0.116,-0.427,-0.107,-0.229,0.034,0.084
24,B1_2,0.334,-0.144,-0.635,-0.485,0.407,1.0,0.794,-0.277,-0.083,0.019,-0.131,0.081,0.301,0.233,-0.202,-0.14
24,B1_3,0.457,-0.229,-0.243,-0.323,0.67,0.794,1.0,-0.205,-0.292,0.059,-0.205,-0.131,-0.032,-0.127,-0.17,-0.054
24,A2_1,0.644,0.015,-0.155,-0.526,-0.265,-0.277,-0.205,1.0,0.478,0.937,-0.532,-0.306,-0.446,-0.395,-0.005,0.209
24,A2_2,0.161,-0.088,-0.255,-0.421,-0.344,-0.083,-0.292,0.478,1.0,0.418,-0.234,0.053,-0.381,0.022,0.457,0.143
24,A2_3,0.836,0.11,-0.313,-0.623,-0.176,0.019,0.059,0.937,0.418,1.0,-0.68,-0.312,-0.412,-0.39,-0.16,0.077
24,B2_1,-0.638,-0.527,0.085,0.081,0.116,-0.131,-0.205,-0.532,-0.234,-0.68,1.0,0.638,0.532,0.218,0.349,0.171
24,B2_2,-0.195,-0.039,-0.462,-0.128,-0.427,0.081,-0.131,-0.306,0.053,-0.312,0.638,1.0,0.58,0.195,0.116,-0.11
24,B2_3,-0.322,-0.034,-0.401,-0.079,-0.107,0.301,-0.032,-0.446,-0.381,-0.412,0.532,0.58,1.0,0.171,-0.447,-0.442
24,y1,-0.502,-0.057,-0.338,0.21,-0.229,0.233,-0.127,-0.395,0.022,-0.39,0.218,0.195,0.171,1.0,0.452,0.467
24,y2,-0.337,-0.551,0.096,-0.021,0.034,-0.202,-0.17,-0.005,0.457,-0.16,0.349,0.116,-0.447,0.452,1.0,0.806
24,y3,-0.091,-0.494,-0.03,-0.113,0.084,-0.14,-0.054,0.209,0.143,0.077,0.171,-0.11,-0.442,0.467,0.806,1.0
26,.,1.0,0.371,0.882,0.365,0.03,-0.177,0.136,-0.676,-0.244,-0.263,0.062,0.311,-0.24,-0.661,-0.278,-0.342
26,A1_1,0.371,1.0,0.522,0.808,-0.52,-0.441,-0.28,-0.163,0.043,-0.129,0.042,0.081,-0.736,-0.07,0.439,-0.087
26,A1_2,0.882,0.522,1.0,0.543,-0.176,-0.23,-0.097,-0.628,-0.197,-0.37,0.065,0.189,-0.254,-0.743,-0.244,-0.317
26,A1_3,0.365,0.808,0.543,1.0,-0.172,-0.221,-0.239,-0.232,-0.082,-0.136,-0.234,-0.142,-0.656,-0.108,0.583,0.222
26,B1_1,0.03,-0.52,-0.176,-0.172,1.0,0.689,0.609,-0.179,-0.179,0.009,-0.648,-0.315,-0.029,-0.245,-0.149,-0.151
26,B1_2,-0.177,-0.441,-0.23,-0.221,0.689,1.0,0.409,0.026,-0.465,-0.373,-0.479,-0.309,0.242,-0.304,-0.175,-0.119
26,B1_3,0.136,-0.28,-0.097,-0.239,0.609,0.409,1.0,-0.571,-0.606,-0.469,0.012,-0.022,0.094,-0.13,-0.042,-0.109
26,A2_1,-0.676,-0.163,-0.628,-0.232,-0.179,0.026,-0.571,1.0,0.629,0.673,-0.331,-0.449,0.047,0.414,0.012,0.039
26,A2_2,-0.244,0.043,-0.197,-0.082,-0.179,-0.465,-0.606,0.629,1.0,0.885,-0.325,-0.212,-0.362,0.186,-0.135,-0.285
26,A2_3,-0.263,-0.129,-0.37,-0.136,0.009,-0.373,-0.469,0.673,0.885,1.0,-0.377,-0.211,-0.246,0.367,-0.039,-0.065
26,B2_1,0.062,0.042,0.065,-0.234,-0.648,-0.479,0.012,-0.331,-0.325,-0.377,1.0,0.693,0.448,0.289,0.066,0.32
26,B2_2,0.311,0.081,0.189,-0.142,-0.315,-0.309,-0.022,-0.449,-0.212,-0.211,0.693,1.0,0.104,0.166,0.042,0.12
26,B2_3,-0.24,-0.736,-0.254,-0.656,-0.029,0.242,0.094,0.047,-0.362,-0.246,0.448,0.104,1.0,0.03,-0.398,0.286
26,y1,-0.661,-0.07,-0.743,-0.108,-0.245,-0.304,-0.13,0.414,0.186,0.367,0.289,0.166,0.03,1.0,0.676,0.678
26,y2,-0.278,0.439,-0.244,0.583,-0.149,-0.175,-0.042,0.012,-0.135,-0.039,0.066,0.042,-0.398,0.676,1.0,0.719
26,y3,-0.342,-0.087,-0.317,0.222,-0.151,-0.119,-0.109,0.039,-0.285,-0.065,0.32,0.12,0.286,0.678,0.719,1.0
28,.,1.0,-0.439,-0.216,0.223,-0.264,-0.585,-0.49,0.378,0.236,-0.033,0.052,-0.015,0.078,-0.801,-0.662,-0.076
28,A1_1,-0.439,1.0,0.851,0.225,-0.351,-0.022,-0.262,0.097,0.099,0.203,-0.414,-0.181,-0.141,0.33,-0.152,0.154
28,A1_2,-0.216,0.851,1.0,0.632,-0.315,-0.189,-0.362,-0.196,-0.104,-0.043,-0.512,-0.309,-0.211,0.109,-0.299,0.406
28,A1_3,0.223,0.225,0.632,1.0,0.017,-0.149,-0.327,-0.347,-0.29,-0.385,-0.632,-0.639,-0.417,-0.295,-0.346,0.576
28,B1_1,-0.264,-0.351,-0.315,0.017,1.0,0.851,0.428,-0.482,-0.536,-0.493,-0.166,-0.022,-0.105,-0.162,0.28,-0.099
28,B1_2,-0.585,-0.022,-0.189,-0.149,0.851,1.0,0.536,-0.439,-0.553,-0.391,-0.121,0.054,0.04,0.199,0.465,-0.16
28,B1_3,-0.49,-0.262,-0.362,-0.327,0.428,0.536,1.0,-0.539,-0.483,-0.143,0.002,0.065,0.04,0.227,0.31,-0.471
28,A2_1,0.378,0.097,-0.196,-0.347,-0.482,-0.439,-0.539,1.0,0.837,0.578,0.074,-0.04,-0.098,-0.119,-0.256,-0.155
28,A2_2,0.236,0.099,-0.104,-0.29,-0.536,-0.553,-0.483,0.837,1.0,0.871,0.188,0.072,-0.39,-0.027,-0.054,-0.086
28,A2_3,-0.033,0.203,-0.043,-0.385,-0.493,-0.391,-0.143,0.578,0.871,1.0,0.204,0.246,-0.432,0.091,0.096,-0.234
28,B2_1,0.052,-0.414,-0.512,-0.632,-0.166,-0.121,0.002,0.074,0.188,0.204,1.0,0.826,0.577,0.252,0.454,-0.23
28,B2_2,-0.015,-0.181,-0.309,-0.639,-0.022,0.054,0.065,-0.04,0.072,0.246,0.826,1.0,0.553,0.036,0.273,-0.406
28,B2_3,0.078,-0.141,-0.211,-0.417,-0.105,0.04,0.04,-0.098,-0.39,-0.432,0.577,0.553,1.0,0.161,0.022,-0.193
28,y1,-0.801,0.33,0.109,-0.295,-0.162,0.199,0.227,-0.119,-0.027,0.091,0.252,0.036,0.161,1.0,0.737,0.28
28,y2,-0.662,-0.152,-0.299,-0.346,0.28,0.465,0.31,-0.256,-0.054,0.096,0.454,0.273,0.022,0.737,1.0,0.263
28,y3,-0.076,0.154,0.406,0.576,-0.099,-0.16,-0.471,-0.155,-0.086,-0.234,-0.23,-0.406,-0.193,0.28,0.263,1.0
30,.,1.0,-0.337,0.23,-0.268,0.326,-0.376,0.239,0.006,-0.059,0.352,-0.291,0.209,0.409,-0.653,-0.179,-0.725
30,A1_1,-0.337,1.0,0.422,0.715,-0.427,-0.319,-0.444,0.046,-0.136,-0.297,-0.341,-0.144,-0.556,0.129,0.13,0.171
30,A1_2,0.23,0.422,1.0,0.169,-0.416,-0.447,-0.239,-0.184,-0.66,-0.423,0.05,0.403,0.062,-0.246,0.556,-0.142
30,A1_3,-0.268,0.715,0.169,1.0,0.031,-0.24,0.02,0.024,-0.271,-0.298,-0.357,-0.477,-0.769,-0.204,-0.225,-0.081
30,B1_1,0.326,-0.427,-0.416,0.031,1.0,0.103,0.77,-0.468,-0.236,0.071,-0.167,-0.327,-0.279,-0.318,-0.268,-0.334
30,B1_2,-0.376,-0.319,-0.447,-0.24,0.103,1.0,0.441,-0.041,0.115,-0.303,0.066,-0.445,0.23,0.747,0.277,0.639
30,B1_3,0.239,-0.444,-0.239,0.02,0.77,0.441,1.0,-0.384,-0.426,-0.158,-0.321,-0.511,-0.188,-0.068,0.144,-0.021
30,A2_1,0.006,0.046,-0.184,0.024,-0.468,-0.041,-0.384,1.0,0.638,0.668,-0.192,-0.322,0.199,0.008,-0.488,0.093
30,A2_2,-0.059,-0.136,-0.66,-0.271,-0.236,0.115,-0.426,0.638,1.0,0.64,-0.079,-0.056,0.319,0.183,-0.608,0.014
30,A2_3,0.352,-0.297,-0.423,-0.298,0.071,-0.303,-0.158,0.668,0.64,1.0,-0.24,-0.128,0.134,-0.293,-0.629,-0.235
30,B2_1,-0.291,-0.341,0.05,-0.357,-0.167,0.066,-0.321,-0.192,-0.079,-0.24,1.0,0.559,0.348,0.156,0.085,0.152
30,B2_2,0.209,-0.144,0.403,-0.477,-0.327,-0.445,-0.511,-0.322,-0.056,-0.128,0.559,1.0,0.479,-0.22,0.229,-0.331
30,B2_3,0.409,-0.556,0.062,-0.769,-0.279,0.23,-0.188,0.199,0.319,0.134,0.348,0.479,1.0,0.068,0.09,-0.124
30,y1,-0.653,0.129,-0.246,-0.204,-0.318,0.747,-0.068,0.008,0.183,-0.293,0.156,-0.22,0.068,1.0,0.459,0.926
30,y2,-0.179,0.13,0.556,-0.225,-0.268,0.277,0.144,-0.488,-0.608,-0.629,0.085,0.229,0.09,0.459,1.0,0.492
30,y3,-0.725,0.171,-0.142,-0.081,-0.334,0.639,-0.021,0.093,0.014,-0.235,0.152,-0.331,-0.124,0.926,0.492,1.0
32,.,1.0,0.153,-0.264,0.19,0.358,-0.502,0.477,0.332,0.006,0.381,-0.27,-0.018,0.008,-0.753,-0.732,-0.769
32,A1_1,0.153,1.0,0.547,0.747,-0.07,0.273,0.189,-0.217,-0.451,-0.473,-0.659,-0.468,-0.053,-0.086,-0.482,-0.271
32,A1_2,-0.264,0.547,1.0,0.506,0.123,0.497,0.167,-0.433,-0.154,-0.302,-0.458,-0.382,-0.062,0.211,-0.353,0.069
32,A1_3,0.19,0.747,0.506,1.0,0.068,-0.028,0.34,0.289,-0.375,-0.003,-0.67,-0.847,-0.329,-0.173,-0.551,-0.322
32,B1_1,0.358,-0.07,0.123,0.068,1.0,0.215,0.72,0.181,-0.275,0.092,-0.283,-0.127,-0.54,-0.596,-0.553,-0.289
32,B1_2,-0.502,0.273,0.497,-0.028,0.215,1.0,0.016,-0.479,-0.387,-0.697,-0.334,-0.161,-0.264,0.146,0.031,0.256
32,B1_3,0.477,0.189,0.167,0.34,0.72,0.016,1.0,-0.005,-0.287,0.15,-0.428,-0.269,-0.303,-0.328,-0.574,-0.2
32,A2_1,0.332,-0.217,-0.433,0.289,0.181,-0.479,-0.005,1.0,0.013,0.493,-0.142,-0.382,-0.582,-0.476,-0.245,-0.522
32,A2_2,0.006,-0.451,-0.154,-0.375,-0.275,-0.387,-0.287,0.013,1.0,0.68,0.135,0.452,0.223,0.371,0.126,0.072
32,A2_3,0.381,-0.473,-0.302,-0.003,0.092,-0.697,0.15,0.493,0.68,1.0,0.102,-0.029,0.03,-0.12,-0.135,-0.116
32,B2_1,-0.27,-0.659,-0.458,-0.67,-0.283,-0.334,-0.428,-0.142,0.135,0.102,1.0,0.526,0.595,0.173,0.747,0.537
32,B2_2,-0.018,-0.468,-0.382,-0.847,-0.127,-0.161,-0.269,-0.382,0.452,-0.029,0.526,1.0,0.383,0.237,0.346,0.132
32,B2_3,0.008,-0.053,-0.062,-0.329,-0.54,-0.264,-0.303,-0.582,0.223,0.03,0.595,0.383,1.0,0.234,0.391,0.405
32,y1,-0.753,-0.086,0.211,-0.173,-0.596,0.146,-0.328,-0.476,0.371,-0.12,0.173,0.237,0.234,1.0,0.63,0.686
32,y2,-0.732,-0.482,-0.353,-0.551,-0.553,0.031,-0.574,-0.245,0.126,-0.135,0.747,0.346,0.391,0.63,1.0,0.816
32,y3,-0.769,-0.271,0.069,-0.322,-0.289,0.256,-0.2,-0.522,0.072,-0.116,0.537,0.132,0.405,0.686,0.816,1.0
34,.,1.0,-0.346,0.197,-0.191,0.202,0.665,0.104,-0.297,-0.182,-0.299,0.194,0.187,-0.069,-0.283,-0.654,-0.51
34,A1_1,-0.346,1.0,0.205,0.013,0.027,-0.475,-0.009,0.236,-0.582,-0.024,-0.156,0.327,-0.229,-0.352,-0.193,-0.307
34,A1_2,0.197,0.205,1.0,0.682,0.11,0.129,0.065,-0.423,-0.393,-0.853,-0.236,-0.254,-0.497,-0.116,0.059,-0.358
34,A1_3,-0.191,0.013,0.682,1.0,0.071,0.011,0.093,-0.42,-0.098,-0.6,0.049,-0.604,-0.015,0.007,0.56,0.24
34,B1_1,0.202,0.027,0.11,0.071,1.0,0.425,0.898,-0.591,-0.44,-0.21,-0.178,0.124,-0.294,0.491,0.104,-0.098
34,B1_2,0.665,-0.475,0.129,0.011,0.425,1.0,0.353,-0.582,-0.202,-0.416,0.119,0.215,0.217,0.233,0.008,0.138
34,B1_3,0.104,-0.009,0.065,0.093,0.898,0.353,1.0,-0.549,-0.534,-0.297,0.054,0.126,-0.163,0.398,0.141,0.066
34,A2_1,-0.297,0.236,-0.423,-0.42,-0.591,-0.582,-0.549,1.0,0.253,0.419,-0.065,-0.162,-0.094,-0.525,-0.285,-0.136
34,A2_2,-0.182,-0.582,-0.393,-0.098,-0.44,-0.202,-0.534,0.253,1.0,0.568,-0.26,-0.47,0.137,0.26,0.293,0.312
34,A2_3,-0.299,-0.024,-0.853,-0.6,-0.21,-0.416,-0.297,0.419,0.568,1.0,-0.027,0.184,0.305,0.139,-0.076,0.159
34,B2_1,0.194,-0.156,-0.236,0.049,-0.178,0.119,0.054,-0.065,-0.26,-0.027,1.0,0.225,0.705,-0.398,-0.227,0.178
34,B2_2,0.187,0.327,-0.254,-0.604,0.124,0.215,0.126,-0.162,-0.47,0.184,0.225,1.0,0.263,0.053,-0.42,-0.152
34,B2_3,-0.069,-0.229,-0.497,-0.015,-0.294,0.217,-0.163,-0.094,0.137,0.305,0.705,0.263,1.0,-0.063,0.191,0.67
34,y1,-0.283,-0.352,-0.116,0.007,0.491,0.233,0.398,-0.525,0.26,0.139,-0.398,0.053,-0.063,1.0,0.627,0.397
34,y2,-0.654,-0.193,0.059,0.56,0.104,0.008,0.141,-0.285,0.293,-0.076,-0.227,-0.42,0.191,0.627,1.0,0.797
34,y3,-0.51,-0.307,-0.358,0.24,-0.098,0.138,0.066,-0.136,0.312,0.159,0.178,-0.152,0.67,0.397,0.797,1.0
36,.,1.0,0.25,-0.272,-0.585,0.164,-0.262,0.133,-0.235,-0.061,-0.049,0.491,0.308,0.395,-0.489,-0.52,-0.693
36,A1_1,0.25,1.0,0.453,0.212,0.084,-0.295,-0.134,-0.511,-0.405,-0.395,-0.263,-0.543,-0.167,-0.372,-0.623,-0.268
36,A1_2,-0.272,0.453,1.0,0.469,-0.073,-0.432,-0.288,0.085,-0.018,0.112,-0.462,-0.331,-0.487,0.044,-0.362,-0.047
36,A1_3,-0.585,0.212,0.469,1.0,-0.362,-0.312,-0.438,0.146,-0.209,-0.064,-0.626,-0.462,-0.583,-0.08,-0.095,0.199
36,B1_1,0.164,0.084,-0.073,-0.362,1.0,0.282,0.826,-0.433,-0.009,-0.457,-0.044,0.283,0.038,-0.204,-0.213,0.173
36,B1_2,-0.262,-0.295,-0.432,-0.312,0.282,1.0,0.63,-0.244,-0.095,-0.149,0.161,0.14,0.016,0.583,0.715,0.574
36,B1_3,0.133,-0.134,-0.288,-0.438,0.826,0.63,1.0,-0.553,-0.289,-0.536,0.2,0.521,0.202,0.055,0.046,0.124
36,A2_1,-0.235,-0.511,0.085,0.146,-0.433,-0.244,-0.553,1.0,0.749,0.928,0.089,0.033,-0.126,0.405,0.315,0.241
36,A2_2,-0.061,-0.405,-0.018,-0.209,-0.009,-0.095,-0.289,0.749,1.0,0.772,0.054,-0.01,-0.278,0.265,0.34,0.344
36,A2_3,-0.049,-0.395,0.112,-0.064,-0.457,-0.149,-0.536,0.928,0.772,1.0,0.177,-0.021,-0.134,0.467,0.357,0.189
36,B2_1,0.491,-0.263,-0.462,-0.626,-0.044,0.161,0.2,0.089,0.054,0.177,1.0,0.744,0.7,0.342,-0.051,-0.502
36,B2_2,0.308,-0.543,-0.331,-0.462,0.283,0.14,0.521,0.033,-0.01,-0.021,0.744,1.0,0.532,0.185,-0.093,-0.414
36,B2_3,0.395,-0.167,-0.487,-0.583,0.038,0.016,0.202,-0.126,-0.278,-0.134,0.7,0.532,1.0,-0.004,-0.199,-0.468
36,y1,-0.489,-0.372,0.044,-0.08,-0.204,0.583,0.055,0.405,0.265,0.467,0.342,0.185,-0.004,1.0,0.637,0.423
36,y2,-0.52,-0.623,-0.362,-0.095,-0.213,0.715,0.046,0.315,0.34,0.357,-0.051,-0.093,-0.199,0.637,1.0,0.734
36,y3,-0.693,-0.268,-0.047,0.199,0.173,0.574,0.124,0.241,0.344,0.189,-0.502,-0.414,-0.468,0.423,0.734,1.0
38,.,1.0,0.104,0.158,0.251,-0.162,-0.563,-0.269,-0.153,0.165,0.428,0.266,-0.27,-0.409,-0.779,-0.256,-0.783
38,A1_1,0.104,1.0,0.558,0.54,-0.283,-0.659,-0.249,0.12,-0.297,-0.514,-0.593,-0.217,-0.116,-0.357,-0.35,0.037
38,A1_2,0.158,0.558,1.0,0.913,-0.027,-0.428,-0.059,0.238,-0.476,-0.573,-0.129,-0.592,-0.503,-0.273,0.074,-0.155
38,A1_3,0.251,0.54,0.913,1.0,-0.236,-0.449,-0.421,0.248,-0.323,-0.496,-0.101,-0.401,-0.385,-0.329,0.022,-0.244
38,B1_1,-0.162,-0.283,-0.027,-0.236,1.0,0.409,0.404,0.231,0.015,0.092,-0.162,-0.069,-0.417,-0.013,0.513,0.025
38,B1_2,-0.563,-0.659,-0.428,-0.449,0.409,1.0,0.319,-0.353,-0.169,-0.108,0.347,0.537,0.494,0.469,0.054,0.212
38,B1_3,-0.269,-0.249,-0.059,-0.421,0.404,0.319,1.0,-0.275,-0.334,-0.155,0.072,-0.378,-0.098,0.334,0.014,0.289
38,A2_1,-0.153,0.12,0.238,0.248,0.231,-0.353,-0.275,1.0,0.572,0.225,-0.507,-0.307,-0.57,0.016,0.736,0.169
38,A2_2,0.165,-0.297,-0.476,-0.323,0.015,-0.169,-0.334,0.572,1.0,0.823,-0.109,0.134,-0.148,-0.182,0.319,-0.195
38,A2_3,0.428,-0.514,-0.573,-0.496,0.092,-0.108,-0.155,0.225,0.823,1.0,0.301,0.156,-0.122,-0.305,0.199,-0.443
38,B2_1,0.266,-0.593,-0.129,-0.101,-0.162,0.347,0.072,-0.507,-0.109,0.301,1.0,0.263,0.333,-0.141,-0.265,-0.549
38,B2_2,-0.27,-0.217,-0.592,-0.401,-0.069,0.537,-0.378,-0.307,0.134,0.156,0.263,1.0,0.812,0.002,-0.352,-0.093
38,B2_3,-0.409,-0.116,-0.503,-0.385,-0.417,0.494,-0.098,-0.57,-0.148,-0.122,0.333,0.812,1.0,0.244,-0.602,0.115
38,y1,-0.779,-0.357,-0.273,-0.329,-0.013,0.469,0.334,0.016,-0.182,-0.305,-0.141,0.002,0.244,1.0,0.393,0.889
38,y2,-0.256,-0.35,0.074,0.022,0.513,0.054,0.014,0.736,0.319,0.199,-0.265,-0.352,-0.602,0.393,1.0,0.356
38,y3,-0.783,0.037,-0.155,-0.244,0.025,0.212,0.289,0.169,-0.195,-0.443,-0.549,-0.093,0.115,0.889,0.356,1.0
40,.,1.0,0.204,0.226,0.033,-0.619,-0.279,-0.098,0.158,0.274,0.404,0.153,-0.01,-0.061,-0.741,-0.842,-0.32
40,A1_1,0.204,1.0,0.767,0.595,-0.391,-0.105,0.331,-0.421,-0.379,-0.274,-0.438,-0.632,-0.383,-0.638,-0.359,-0.026
40,A1_2,0.226,0.767,1.0,0.688,-0.521,-0.055,0.181,-0.453,-0.611,-0.228,-0.357,-0.387,0.009,-0.388,-0.474,0.067
40,A1_3,0.033,0.595,0.688,1.0,-0.521,-0.102,-0.105,-0.134,-0.323,-0.01,-0.279,-0.318,0.083,-0.062,-0.05,-0.008
40,B1_1,-0.619,-0.391,-0.521,-0.521,1.0,0.606,0.57,-0.176,-0.229,-0.353,-0.187,0.371,0.233,0.457,0.522,-0.093
40,B1_2,-0.279,-0.105,-0.055,-0.102,0.606,1.0,0.72,-0.438,-0.257,0.078,-0.16,0.081,0.217,0.077,-0.033,0.242
40,B1_3,-0.098,0.331,0.181,-0.105,0.57,0.72,1.0,-0.433,-0.438,-0.189,-0.635,-0.111,-0.066,-0.237,-0.153,-0.121
40,A2_1,0.158,-0.421,-0.453,-0.134,-0.176,-0.438,-0.433,1.0,0.467,0.508,-0.04,-0.001,-0.3,0.312,0.112,-0.433
40,A2_2,0.274,-0.379,-0.611,-0.323,-0.229,-0.257,-0.438,0.467,1.0,0.689,0.358,-0.044,-0.386,-0.137,0.061,0.267
40,A2_3,0.404,-0.274,-0.228,-0.01,-0.353,0.078,-0.189,0.508,0.689,1.0,0.073,-0.268,-0.343,-0.105,-0.284,0.173
40,B2_1,0.153,-0.438,-0.357,-0.279,-0.187,-0.16,-0.635,-0.04,0.358,0.073,1.0,0.311,0.293,-0.018,-0.102,0.254
40,B2_2,-0.01,-0.632,-0.387,-0.318,0.371,0.081,-0.111,-0.001,-0.044,-0.268,0.311,1.0,0.826,0.355,0.215,-0.238
40,B2_3,-0.061,-0.383,0.009,0.083,0.233,0.217,-0.066,-0.3,-0.386,-0.343,0.293,0.826,1.0,0.356,0.115,-0.17
40,y1,-0.741,-0.638,-0.388,-0.062,0.457,0.077,-0.237,0.312,-0.137,-0.105,-0.018,0.355,0.356,1.0,0.773,-0.004
40,y2,-0.842,-0.359,-0.474,-0.05,0.522,-0.033,-0.153,0.112,0.061,-0.284,-0.102,0.215,0.115,0.773,1.0,0.135
40,y3,-0.32,-0.026,0.067,-0.008,-0.093,0.242,-0.121,-0.433,0.267,0.173,0.254,-0.238,-0.17,-0.004,0.135,1.0
42,.,1.0,-0.165,-0.138,0.356,0.01,0.269,-0.056,-0.279,-0.594,-0.617,-0.008,0.45,0.445,-0.461,-0.472,-0.455
42,A1_1,-0.165,1.0,0.668,0.495,-0.152,-0.165,-0.054,0.116,-0.417,-0.351,-0.786,-0.248,-0.577,0.187,-0.171,-0.025
42,A1_2,-0.138,0.668,1.0,0.332,-0.238,0.18,-0.151,-0.455,-0.395,-0.171,-0.443,-0.164,-0.432,-0.225,-0.266,-0.028
42,A1_3,0.356,0.495,0.332,1.0,-0.121,-0.163,-0.102,-0.373,-0.65,-0.475,-0.845,-0.132,-0.125,-0.03,0.069,0.187
42,B1_1,0.01,-0.152,-0.238,-0.121,1.0,0.544,0.905,-0.257,-0.257,-0.229,0.143,-0.138,-0.028,0.661,0.482,0.428
42,B1_2,0.269,-0.165,0.18,-0.163,0.544,1.0,0.664,-0.381,-0.264,-0.23,0.237,-0.102,-0.111,0.061,-0.2,-0.117
42,B1_3,-0.056,-0.054,-0.151,-0.102,0.905,0.664,1.0,-0.126,-0.112,-0.126,0.0,-0.295,-0.352,0.696,0.276,0.245
42,A2_1,-0.279,0.116,-0.455,-0.373,-0.257,-0.381,-0.126,1.0,0.556,0.281,0.038,-0.069,-0.207,0.214,-0.2,-0.355
42,A2_2,-0.594,-0.417,-0.395,-0.65,-0.257,-0.264,-0.112,0.556,1.0,0.864,0.442,-0.275,-0.146,0.017,0.011,-0.138
42,A2_3,-0.617,-0.351,-0.171,-0.475,-0.229,-0.23,-0.126,0.281,0.864,1.0,0.296,-0.317,-0.246,-0.03,0.102,-0.067
42,B2_1,-0.008,-0.786,-0.443,-0.845,0.143,0.237,0.0,0.038,0.442,0.296,1.0,0.23,0.58,-0.252,-0.006,-0.097
42,B2_2,0.45,-0.248,-0.164,-0.132,-0.138,-0.102,-0.295,-0.069,-0.275,-0.317,0.23,1.0,0.346,-0.159,-0.164,-0.216
42,B2_3,0.445,-0.577,-0.432,-0.125,-0.028,-0.111,-0.352,-0.207,-0.146,-0.246,0.58,0.346,1.0,-0.455,0.145,0.125
42,y1,-0.461,0.187,-0.225,-0.03,0.661,0.061,0.696,0.214,0.017,-0.03,-0.252,-0.159,-0.455,1.0,0.626,0.552
42,y2,-0.472,-0.171,-0.266,0.069,0.482,-0.2,0.276,-0.2,0.011,0.102,-0.006,-0.164,0.145,0.626,1.0,0.947
42,y3,-0.455,-0.025,-0.028,0.187,0.428,-0.117,0.245,-0.355,-0.138,-0.067,-0.097,-0.216,0.125,0.552,0.947,1.0
44,.,1.0,0.005,-0.124,-0.204,0.167,-0.521,-0.169,-0.07,-0.323,0.132,0.106,-0.155,-0.146,-0.527,-0.767,-0.736
44,A1_1,0.005,1.0,0.915,0.687,0.049,0.12,-0.217,-0.192,-0.242,-0.282,-0.637,-0.295,-0.462,-0.218,0.023,-0.2
44,A1_2,-0.124,0.915,1.0,0.644,-0.165,0.144,-0.367,-0.047,0.064,-0.035,-0.617,-0.347,-0.481,-0.176,0.077,-0.177
44,A1_3,-0.204,0.687,0.644,1.0,-0.214,-0.178,-0.26,-0.008,-0.23,-0.262,-0.275,-0.086,-0.401,-0.04,0.153,0.399
44,B1_1,0.167,0.049,-0.165,-0.214,1.0,0.418,0.219,-0.059,-0.499,-0.528,-0.164,-0.39,-0.296,0.265,-0.102,-0.104
44,B1_2,-0.521,0.12,0.144,-0.178,0.418,1.0,0.512,-0.306,-0.113,-0.425,-0.356,0.017,0.128,0.339,0.657,0.201
44,B1_3,-0.169,-0.217,-0.367,-0.26,0.219,0.512,1.0,-0.476,-0.466,-0.562,-0.06,0.615,0.48,-0.236,0.336,0.288
44,A2_1,-0.07,-0.192,-0.047,-0.008,-0.059,-0.306,-0.476,1.0,0.704,0.7,-0.16,-0.694,-0.61,0.252,-0.366,0.015
44,A2_2,-0.323,-0.242,0.064,-0.23,-0.499,-0.113,-0.466,0.704,1.0,0.875,-0.052,-0.355,-0.143,0.236,-0.034,-0.077
44,A2_3,0.132,-0.282,-0.035,-0.262,-0.528,-0.425,-0.562,0.7,0.875,1.0,0.081,-0.382,-0.152,0.001,-0.375,-0.359
44,B2_1,0.106,-0.637,-0.617,-0.275,-0.164,-0.356,-0.06,-0.16,-0.052,0.081,1.0,0.441,0.651,-0.006,-0.163,0.116
44,B2_2,-0.155,-0.295,-0.347,-0.086,-0.39,0.017,0.615,-0.694,-0.355,-0.382,0.441,1.0,0.843,-0.316,0.361,0.343
44,B2_3,-0.146,-0.462,-0.481,-0.401,-0.296,0.128,0.48,-0.61,-0.143,-0.152,0.651,0.843,1.0,-0.14,0.301,0.115
44,y1,-0.527,-0.218,-0.176,-0.04,0.265,0.339,-0.236,0.252,0.236,0.001,-0.006,-0.316,-0.14,1.0,0.568,0.444
44,y2,-0.767,0.023,0.077,0.153,-0.102,0.657,0.336,-0.366,-0.034,-0.375,-0.163,0.361,0.301,0.568,1.0,0.647
44,y3,-0.736,-0.2,-0.177,0.399,-0.104,0.201,0.288,0.015,-0.077,-0.359,0.116,0.343,0.115,0.444,0.647,1.0
46,.,1.0,-0.292,0.079,-0.655,-0.377,-0.068,0.153,0.087,0.046,-0.128,-0.064,0.409,0.499,-0.395,0.352,-0.602
46,A1_1,-0.292,1.0,0.647,0.762,-0.033,-0.077,-0.377,0.039,-0.293,-0.143,-0.579,-0.762,-0.819,0.025,-0.331,-0.171
46,A1_2,0.079,0.647,1.0,0.582,-0.53,-0.54,-0.569,0.156,-0.185,-0.273,-0.522,-0.305,-0.424,-0.002,0.166,-0.202
46,A1_3,-0.655,0.762,0.582,1.0,-0.193,-0.396,-0.547,0.007,-0.259,-0.158,-0.4,-0.65,-0.793,0.449,-0.193,0.335
46,B1_1,-0.377,-0.033,-0.53,-0.193,1.0,0.755,0.546,-0.549,-0.195,0.048,0.481,-0.25,-0.068,-0.046,-0.474,0.203
46,B1_2,-0.068,-0.077,-0.54,-0.396,0.755,1.0,0.729,-0.156,0.079,0.059,0.11,-0.195,0.121,-0.181,-0.199,0.081
46,B1_3,0.153,-0.377,-0.569,-0.547,0.546,0.729,1.0,-0.242,0.062,-0.229,0.14,0.034,0.123,0.21,0.215,0.2
46,A2_1,0.087,0.039,0.156,0.007,-0.549,-0.156,-0.242,1.0,0.695,0.489,-0.686,0.166,0.01,-0.208,0.302,-0.34
46,A2_2,0.046,-0.293,-0.185,-0.259,-0.195,0.079,0.062,0.695,1.0,0.802,-0.401,0.067,0.238,-0.164,0.603,0.039
46,A2_3,-0.128,-0.143,-0.273,-0.158,0.048,0.059,-0.229,0.489,0.802,1.0,-0.134,-0.03,0.19,-0.384,0.105,-0.102
46,B2_1,-0.064,-0.579,-0.522,-0.4,0.481,0.11,0.14,-0.686,-0.401,-0.134,1.0,0.474,0.536,-0.119,-0.37,0.19
46,B2_2,0.409,-0.762,-0.305,-0.65,-0.25,-0.195,0.034,0.166,0.067,-0.03,0.474,1.0,0.77,-0.353,0.078,-0.302
46,B2_3,0.499,-0.819,-0.424,-0.793,-0.068,0.121,0.123,0.01,0.238,0.19,0.536,0.77,1.0,-0.489,0.201,-0.117
46,y1,-0.395,0.025,-0.002,0.449,-0.046,-0.181,0.21,-0.208,-0.164,-0.384,-0.119,-0.353,-0.489,1.0,0.257,0.712
46,y2,0.352,-0.331,0.166,-0.193,-0.474,-0.199,0.215,0.302,0.603,0.105,-0.37,0.078,0.201,0.257,1.0,0.27
46,y3,-0.602,-0.171,-0.202,0.335,0.203,0.081,0.2,-0.34,0.039,-0.102,0.19,-0.302,-0.117,0.712,0.27,1.0
48,.,1.0,0.089,0.219,0.063,-0.098,0.083,-0.493,0.201,-0.534,-0.361,-0.236,0.25,0.183,-0.79,-0.751,-0.627
