,,.,A1_1,A1_2,A1_3,B1_1,B1_2,B1_3,A2_1,A2_2,A2_3,B2_1,B2_2,B2_3,y1,y2,y3
2,.,0.15,0.029,0.079,0.04,0.066,0.027,0.015,0.021,0.035,0.027,0.021,0.016,0.02,0.11,0.157,0.187
2,A1_1,0.149,0.03,0.011,0.013,0.05,0.138,0.072,0.017,0.026,0.039,0.03,0.016,0.047,0.202,0.116,0.044
2,A1_2,0.038,0.002,0.002,0.004,0.921,0.004,0.002,0.001,0.006,0.001,0.0,0.01,0.0,0.002,0.005,0.003
2,A1_3,0.015,0.006,0.0,0.004,0.931,0.006,0.003,0.001,0.007,0.002,0.0,0.0,0.0,0.014,0.007,0.004
2,B1_1,0.177,0.039,0.219,0.057,0.015,0.017,0.011,0.015,0.013,0.014,0.02,0.015,0.014,0.079,0.135,0.159
2,B1_2,0.372,0.112,0.031,0.064,0.033,0.021,0.019,0.02,0.029,0.009,0.014,0.025,0.013,0.058,0.114,0.065
2,B1_3,0.245,0.096,0.058,0.036,0.012,0.032,0.036,0.024,0.025,0.021,0.017,0.012,0.017,0.17,0.119,0.078
2,A2_1,0.311,0.009,0.039,0.013,0.026,0.028,0.015,0.019,0.023,0.004,0.016,0.329,0.032,0.014,0.088,0.035
2,A2_2,0.147,0.025,0.019,0.021,0.003,0.03,0.017,0.019,0.013,0.014,0.084,0.038,0.128,0.058,0.27,0.113
2,A2_3,0.204,0.025,0.077,0.033,0.016,0.017,0.012,0.026,0.02,0.011,0.026,0.048,0.033,0.06,0.228,0.164
2,B2_1,0.195,0.053,0.051,0.022,0.019,0.006,0.011,0.041,0.342,0.025,0.008,0.019,0.009,0.043,0.046,0.11
2,B2_2,0.078,0.023,0.022,0.012,0.043,0.035,0.027,0.04,0.037,0.047,0.013,0.004,0.019,0.377,0.122,0.103
2,B2_3,0.195,0.034,0.057,0.018,0.038,0.027,0.026,0.048,0.197,0.043,0.014,0.024,0.02,0.104,0.063,0.092
2,y1,0.449,0.12,0.027,0.045,0.024,0.014,0.018,0.022,0.088,0.008,0.01,0.04,0.01,0.03,0.055,0.041
2,y2,0.323,0.018,0.219,0.02,0.008,0.015,0.013,0.054,0.044,0.009,0.012,0.098,0.018,0.03,0.054,0.064
2,y3,0.335,0.031,0.052,0.027,0.051,0.049,0.028,0.027,0.071,0.018,0.021,0.081,0.029,0.046,0.076,0.057
4,.,0.053,0.009,0.026,0.106,0.031,0.016,0.029,0.009,0.01,0.016,0.02,0.02,0.009,0.312,0.211,0.123
4,A1_1,0.395,0.019,0.02,0.024,0.032,0.04,0.036,0.011,0.03,0.04,0.046,0.038,0.062,0.093,0.071,0.043
4,A1_2,0.232,0.013,0.014,0.015,0.101,0.03,0.043,0.003,0.017,0.055,0.023,0.04,0.034,0.13,0.159,0.092
4,A1_3,0.089,0.01,0.023,0.026,0.108,0.018,0.026,0.006,0.013,0.021,0.022,0.054,0.026,0.145,0.286,0.128
4,B1_1,0.032,0.013,0.032,0.73,0.005,0.011,0.012,0.004,0.003,0.003,0.006,0.008,0.004,0.081,0.03,0.026
4,B1_2,0.047,0.021,0.054,0.355,0.024,0.012,0.027,0.013,0.015,0.019,0.008,0.015,0.005,0.145,0.122,0.118
4,B1_3,0.028,0.005,0.034,0.61,0.002,0.012,0.006,0.005,0.003,0.006,0.007,0.023,0.005,0.129,0.096,0.029
4,A2_1,0.352,0.01,0.014,0.009,0.015,0.042,0.012,0.011,0.015,0.018,0.056,0.203,0.151,0.024,0.05,0.019
4,A2_2,0.186,0.003,0.012,0.014,0.009,0.04,0.011,0.005,0.006,0.011,0.109,0.168,0.11,0.103,0.187,0.027
4,A2_3,0.239,0.015,0.021,0.023,0.02,0.031,0.008,0.016,0.013,0.028,0.036,0.333,0.064,0.044,0.076,0.034
4,B2_1,0.107,0.03,0.016,0.007,0.03,0.007,0.026,0.106,0.192,0.243,0.006,0.011,0.007,0.04,0.043,0.129
4,B2_2,0.221,0.029,0.023,0.014,0.021,0.017,0.018,0.101,0.116,0.169,0.015,0.054,0.021,0.047,0.056,0.078
4,B2_3,0.025,0.013,0.01,0.007,0.002,0.002,0.003,0.749,0.099,0.037,0.003,0.006,0.002,0.014,0.006,0.023
4,y1,0.492,0.044,0.021,0.02,0.012,0.031,0.015,0.027,0.046,0.047,0.037,0.069,0.071,0.021,0.024,0.022
4,y2,0.42,0.025,0.027,0.046,0.016,0.053,0.026,0.008,0.017,0.021,0.048,0.097,0.101,0.029,0.042,0.024
4,y3,0.4,0.015,0.023,0.031,0.009,0.05,0.026,0.012,0.021,0.016,0.088,0.055,0.13,0.046,0.057,0.02
6,.,0.117,0.021,0.026,0.03,0.089,0.076,0.025,0.027,0.023,0.03,0.028,0.039,0.026,0.134,0.052,0.257
6,A1_1,0.282,0.013,0.026,0.026,0.207,0.059,0.132,0.01,0.002,0.004,0.025,0.041,0.028,0.015,0.038,0.091
6,A1_2,0.323,0.004,0.014,0.008,0.414,0.032,0.052,0.008,0.004,0.005,0.014,0.027,0.004,0.008,0.03,0.051
6,A1_3,0.227,0.018,0.025,0.036,0.246,0.043,0.057,0.028,0.008,0.02,0.014,0.028,0.014,0.032,0.056,0.148
6,B1_1,0.533,0.039,0.033,0.079,0.021,0.008,0.069,0.015,0.02,0.008,0.014,0.01,0.014,0.01,0.067,0.06
6,B1_2,0.145,0.084,0.048,0.429,0.014,0.004,0.027,0.026,0.006,0.021,0.005,0.007,0.019,0.024,0.052,0.09
6,B1_3,0.095,0.137,0.193,0.233,0.014,0.009,0.028,0.012,0.068,0.022,0.005,0.007,0.012,0.092,0.014,0.059
6,A2_1,0.105,0.014,0.015,0.045,0.037,0.065,0.021,0.024,0.004,0.02,0.047,0.048,0.114,0.072,0.056,0.314
6,A2_2,0.074,0.011,0.007,0.029,0.011,0.04,0.018,0.021,0.003,0.016,0.064,0.032,0.353,0.059,0.043,0.221
6,A2_3,0.375,0.01,0.02,0.015,0.041,0.057,0.031,0.018,0.037,0.019,0.068,0.037,0.038,0.036,0.051,0.148
6,B2_1,0.027,0.004,0.008,0.002,0.001,0.004,0.002,0.017,0.79,0.071,0.004,0.001,0.002,0.046,0.005,0.015
6,B2_2,0.281,0.009,0.016,0.021,0.033,0.021,0.017,0.103,0.098,0.153,0.02,0.013,0.015,0.037,0.058,0.103
6,B2_3,0.307,0.019,0.019,0.047,0.034,0.018,0.023,0.08,0.046,0.073,0.015,0.013,0.011,0.031,0.114,0.151
6,y1,0.399,0.01,0.047,0.033,0.202,0.033,0.062,0.013,0.008,0.011,0.024,0.035,0.016,0.017,0.026,0.063
6,y2,0.23,0.009,0.043,0.009,0.014,0.012,0.015,0.015,0.541,0.036,0.01,0.005,0.002,0.025,0.01,0.022
6,y3,0.565,0.013,0.042,0.049,0.029,0.016,0.045,0.022,0.022,0.02,0.028,0.018,0.026,0.011,0.034,0.058
8,.,0.083,0.017,0.054,0.026,0.076,0.043,0.054,0.037,0.082,0.021,0.046,0.04,0.037,0.09,0.117,0.176
8,A1_1,0.126,0.018,0.048,0.01,0.245,0.083,0.155,0.017,0.022,0.011,0.018,0.021,0.007,0.056,0.071,0.092
8,A1_2,0.002,0.0,0.001,0.0,0.944,0.003,0.032,0.001,0.001,0.001,0.0,0.0,0.0,0.007,0.004,0.003
8,A1_3,0.065,0.011,0.007,0.003,0.654,0.035,0.067,0.007,0.007,0.012,0.004,0.007,0.008,0.04,0.055,0.02
8,B1_1,0.011,0.056,0.03,0.862,0.0,0.003,0.001,0.003,0.006,0.002,0.005,0.001,0.006,0.001,0.008,0.007
8,B1_2,0.081,0.185,0.162,0.279,0.004,0.011,0.009,0.027,0.029,0.011,0.018,0.009,0.01,0.017,0.07,0.079
8,B1_3,0.064,0.114,0.363,0.079,0.016,0.021,0.027,0.012,0.022,0.005,0.011,0.013,0.004,0.026,0.049,0.175
8,A2_1,0.261,0.017,0.002,0.016,0.023,0.016,0.007,0.009,0.006,0.022,0.011,0.07,0.48,0.022,0.029,0.008
8,A2_2,0.059,0.006,0.004,0.029,0.002,0.015,0.003,0.006,0.007,0.007,0.117,0.039,0.651,0.015,0.026,0.015
8,A2_3,0.398,0.011,0.006,0.004,0.009,0.012,0.011,0.012,0.007,0.01,0.024,0.249,0.176,0.023,0.018,0.03
8,B2_1,0.307,0.038,0.008,0.033,0.067,0.022,0.03,0.088,0.077,0.084,0.013,0.027,0.043,0.035,0.103,0.025
8,B2_2,0.098,0.02,0.02,0.033,0.013,0.007,0.02,0.24,0.252,0.059,0.018,0.012,0.006,0.026,0.116,0.061
8,B2_3,0.07,0.017,0.017,0.057,0.017,0.011,0.019,0.177,0.313,0.062,0.021,0.01,0.011,0.028,0.119,0.051
8,y1,0.398,0.144,0.03,0.104,0.021,0.035,0.018,0.017,0.013,0.021,0.013,0.033,0.057,0.02,0.05,0.025
8,y2,0.193,0.035,0.029,0.077,0.094,0.049,0.077,0.049,0.097,0.042,0.02,0.028,0.027,0.044,0.084,0.054
8,y3,0.185,0.065,0.081,0.11,0.04,0.087,0.052,0.025,0.035,0.017,0.039,0.025,0.028,0.038,0.088,0.082
10,.,0.094,0.014,0.032,0.028,0.06,0.056,0.049,0.102,0.051,0.033,0.011,0.021,0.018,0.14,0.206,0.086
10,A1_1,0.036,0.005,0.006,0.008,0.06,0.064,0.08,0.072,0.013,0.028,0.005,0.047,0.01,0.192,0.249,0.123
10,A1_2,0.044,0.009,0.007,0.008,0.199,0.092,0.303,0.044,0.007,0.011,0.004,0.024,0.005,0.113,0.075,0.054
10,A1_3,0.062,0.006,0.007,0.012,0.092,0.131,0.059,0.016,0.005,0.006,0.014,0.028,0.033,0.223,0.149,0.157
10,B1_1,0.107,0.022,0.111,0.215,0.017,0.031,0.023,0.038,0.011,0.002,0.01,0.007,0.022,0.109,0.2,0.076
10,B1_2,0.194,0.258,0.094,0.136,0.028,0.029,0.044,0.041,0.025,0.014,0.012,0.013,0.008,0.036,0.043,0.024
10,B1_3,0.093,0.023,0.217,0.157,0.018,0.02,0.025,0.044,0.013,0.002,0.01,0.013,0.018,0.076,0.226,0.045
10,A2_1,0.058,0.008,0.007,0.005,0.009,0.015,0.007,0.006,0.004,0.034,0.053,0.337,0.123,0.066,0.16,0.109
10,A2_2,0.167,0.015,0.037,0.027,0.035,0.027,0.022,0.05,0.024,0.035,0.028,0.028,0.062,0.146,0.194,0.101
10,A2_3,0.15,0.011,0.02,0.017,0.017,0.022,0.01,0.012,0.009,0.026,0.062,0.091,0.191,0.092,0.137,0.132
10,B2_1,0.011,0.001,0.001,0.0,0.002,0.002,0.001,0.025,0.058,0.865,0.002,0.01,0.003,0.005,0.008,0.006
10,B2_2,0.117,0.014,0.009,0.003,0.027,0.016,0.014,0.058,0.078,0.521,0.015,0.028,0.021,0.029,0.024,0.027
10,B2_3,0.119,0.014,0.021,0.01,0.025,0.015,0.009,0.142,0.423,0.16,0.006,0.004,0.008,0.015,0.016,0.013
10,y1,0.236,0.045,0.037,0.018,0.093,0.097,0.056,0.051,0.052,0.088,0.02,0.044,0.036,0.051,0.03,0.046
10,y2,0.268,0.036,0.032,0.015,0.073,0.049,0.035,0.023,0.031,0.054,0.049,0.088,0.097,0.05,0.043,0.057
10,y3,0.291,0.074,0.048,0.021,0.043,0.033,0.028,0.032,0.039,0.113,0.042,0.061,0.056,0.041,0.037,0.04
12,.,0.168,0.015,0.033,0.025,0.037,0.03,0.022,0.054,0.016,0.033,0.019,0.027,0.022,0.214,0.15,0.136
12,A1_1,0.116,0.008,0.011,0.012,0.054,0.061,0.538,0.012,0.004,0.004,0.019,0.008,0.007,0.07,0.038,0.038
12,A1_2,0.243,0.018,0.015,0.026,0.05,0.032,0.199,0.042,0.021,0.02,0.038,0.012,0.025,0.137,0.061,0.061
12,A1_3,0.211,0.016,0.008,0.018,0.083,0.027,0.184,0.062,0.02,0.034,0.045,0.038,0.053,0.115,0.043,0.043
12,B1_1,0.301,0.023,0.071,0.057,0.024,0.035,0.035,0.05,0.02,0.033,0.028,0.032,0.02,0.078,0.121,0.072
12,B1_2,0.381,0.136,0.061,0.09,0.021,0.015,0.041,0.039,0.024,0.024,0.017,0.033,0.032,0.034,0.032,0.022
12,B1_3,0.332,0.04,0.262,0.063,0.007,0.02,0.017,0.016,0.011,0.006,0.016,0.029,0.017,0.03,0.091,0.042
12,A2_1,0.15,0.005,0.038,0.012,0.029,0.041,0.045,0.028,0.008,0.008,0.032,0.044,0.027,0.193,0.184,0.157
12,A2_2,0.208,0.008,0.015,0.01,0.021,0.009,0.04,0.027,0.017,0.006,0.068,0.132,0.205,0.107,0.055,0.07
12,A2_3,0.131,0.007,0.026,0.009,0.022,0.025,0.032,0.039,0.006,0.008,0.037,0.178,0.059,0.161,0.123,0.138
12,B2_1,0.21,0.01,0.008,0.024,0.062,0.021,0.043,0.102,0.039,0.135,0.044,0.022,0.034,0.13,0.068,0.047
12,B2_2,0.13,0.01,0.007,0.027,0.015,0.007,0.005,0.225,0.031,0.41,0.017,0.015,0.012,0.034,0.037,0.018
12,B2_3,0.258,0.008,0.016,0.031,0.041,0.023,0.029,0.095,0.043,0.142,0.046,0.015,0.021,0.092,0.097,0.044
12,y1,0.445,0.045,0.065,0.066,0.009,0.009,0.023,0.035,0.027,0.017,0.042,0.087,0.062,0.018,0.034,0.018
12,y2,0.336,0.013,0.021,0.027,0.025,0.02,0.086,0.069,0.024,0.031,0.081,0.072,0.058,0.05,0.054,0.034
12,y3,0.194,0.013,0.015,0.011,0.044,0.027,0.148,0.068,0.009,0.015,0.054,0.125,0.074,0.095,0.055,0.051
14,.,0.106,0.01,0.018,0.017,0.01,0.01,0.025,0.023,0.03,0.022,0.05,0.077,0.026,0.119,0.271,0.185
14,A1_1,0.229,0.012,0.008,0.008,0.037,0.125,0.04,0.01,0.015,0.013,0.016,0.041,0.032,0.147,0.171,0.098
14,A1_2,0.434,0.03,0.008,0.016,0.243,0.064,0.044,0.008,0.01,0.014,0.015,0.01,0.025,0.04,0.015,0.025
14,A1_3,0.458,0.013,0.006,0.007,0.087,0.193,0.034,0.007,0.013,0.016,0.008,0.017,0.02,0.059,0.03,0.033
14,B1_1,0.236,0.074,0.062,0.115,0.022,0.01,0.022,0.025,0.037,0.03,0.019,0.021,0.013,0.137,0.048,0.128
14,B1_2,0.199,0.197,0.076,0.288,0.032,0.009,0.012,0.013,0.009,0.013,0.02,0.011,0.01,0.059,0.01,0.04
14,B1_3,0.442,0.041,0.069,0.069,0.027,0.023,0.014,0.011,0.032,0.037,0.013,0.013,0.01,0.133,0.024,0.041
14,A2_1,0.28,0.015,0.012,0.012,0.02,0.044,0.03,0.027,0.017,0.032,0.051,0.111,0.065,0.059,0.157,0.07
14,A2_2,0.514,0.021,0.014,0.015,0.042,0.055,0.024,0.013,0.014,0.041,0.03,0.063,0.05,0.034,0.043,0.026
14,A2_3,0.088,0.005,0.01,0.007,0.008,0.016,0.015,0.006,0.02,0.018,0.029,0.118,0.042,0.142,0.398,0.078
14,B2_1,0.705,0.016,0.01,0.009,0.024,0.016,0.012,0.044,0.037,0.069,0.007,0.008,0.013,0.014,0.005,0.012
14,B2_2,0.406,0.035,0.018,0.026,0.029,0.016,0.025,0.122,0.059,0.051,0.029,0.026,0.025,0.042,0.02,0.07
14,B2_3,0.545,0.012,0.014,0.01,0.03,0.037,0.017,0.031,0.091,0.055,0.008,0.014,0.011,0.069,0.016,0.041
14,y1,0.51,0.024,0.014,0.017,0.053,0.025,0.021,0.02,0.024,0.056,0.038,0.063,0.06,0.027,0.026,0.02
14,y2,0.556,0.021,0.03,0.026,0.015,0.013,0.01,0.011,0.027,0.102,0.023,0.079,0.029,0.019,0.022,0.016
14,y3,0.551,0.016,0.026,0.02,0.032,0.018,0.014,0.013,0.042,0.079,0.024,0.044,0.028,0.046,0.026,0.02
16,.,0.113,0.043,0.033,0.024,0.015,0.026,0.024,0.053,0.032,0.052,0.017,0.05,0.036,0.083,0.118,0.281
16,A1_1,0.287,0.009,0.012,0.02,0.081,0.081,0.05,0.02,0.015,0.01,0.04,0.025,0.059,0.098,0.112,0.082
16,A1_2,0.278,0.006,0.014,0.024,0.124,0.055,0.062,0.038,0.026,0.011,0.018,0.008,0.022,0.072,0.16,0.084
16,A1_3,0.238,0.011,0.02,0.018,0.092,0.073,0.049,0.044,0.023,0.017,0.016,0.017,0.027,0.087,0.124,0.143
16,B1_1,0.026,0.087,0.566,0.162,0.005,0.005,0.002,0.003,0.002,0.004,0.001,0.004,0.003,0.011,0.049,0.07
16,B1_2,0.081,0.039,0.094,0.134,0.015,0.022,0.017,0.016,0.014,0.017,0.009,0.018,0.024,0.058,0.278,0.164
16,B1_3,0.438,0.177,0.069,0.035,0.022,0.016,0.008,0.028,0.022,0.028,0.024,0.013,0.011,0.021,0.015,0.074
16,A2_1,0.26,0.035,0.016,0.013,0.021,0.028,0.027,0.019,0.012,0.019,0.079,0.137,0.089,0.088,0.042,0.115
16,A2_2,0.2,0.024,0.009,0.005,0.011,0.012,0.016,0.007,0.009,0.008,0.394,0.085,0.113,0.059,0.009,0.04
16,A2_3,0.45,0.02,0.01,0.009,0.023,0.016,0.017,0.041,0.041,0.021,0.097,0.03,0.042,0.063,0.038,0.082
16,B2_1,0.215,0.014,0.013,0.019,0.022,0.019,0.021,0.089,0.12,0.043,0.027,0.008,0.023,0.061,0.16,0.145
16,B2_2,0.168,0.044,0.034,0.018,0.014,0.019,0.011,0.083,0.034,0.063,0.004,0.025,0.014,0.054,0.114,0.298
16,B2_3,0.396,0.007,0.004,0.006,0.04,0.023,0.019,0.134,0.117,0.029,0.031,0.005,0.011,0.047,0.053,0.078
16,y1,0.341,0.024,0.013,0.014,0.039,0.035,0.038,0.044,0.035,0.029,0.062,0.035,0.049,0.076,0.057,0.109
16,y2,0.657,0.017,0.009,0.012,0.089,0.033,0.019,0.032,0.026,0.011,0.023,0.003,0.007,0.019,0.015,0.027
16,y3,0.578,0.027,0.008,0.008,0.045,0.028,0.019,0.054,0.041,0.026,0.035,0.01,0.015,0.031,0.019,0.056
18,.,0.108,0.027,0.025,0.032,0.049,0.02,0.03,0.05,0.019,0.027,0.052,0.067,0.016,0.182,0.143,0.153
18,A1_1,0.66,0.018,0.008,0.011,0.018,0.069,0.039,0.017,0.012,0.012,0.025,0.027,0.025,0.026,0.014,0.02
18,A1_2,0.14,0.031,0.017,0.039,0.103,0.062,0.139,0.058,0.023,0.016,0.018,0.015,0.015,0.215,0.056,0.054
18,A1_3,0.183,0.019,0.008,0.015,0.247,0.083,0.145,0.033,0.026,0.025,0.013,0.008,0.037,0.091,0.039,0.029
18,B1_1,0.063,0.047,0.495,0.07,0.017,0.003,0.009,0.006,0.003,0.005,0.012,0.011,0.013,0.024,0.193,0.03
18,B1_2,0.067,0.459,0.027,0.136,0.037,0.006,0.079,0.042,0.031,0.023,0.003,0.012,0.013,0.041,0.014,0.007
18,B1_3,0.252,0.339,0.085,0.078,0.027,0.006,0.029,0.022,0.022,0.04,0.006,0.017,0.023,0.017,0.027,0.008
18,A2_1,0.342,0.023,0.012,0.014,0.01,0.017,0.013,0.024,0.016,0.021,0.133,0.187,0.035,0.033,0.033,0.086
18,A2_2,0.312,0.011,0.01,0.01,0.012,0.01,0.039,0.011,0.018,0.007,0.231,0.039,0.25,0.008,0.008,0.023
18,A2_3,0.071,0.001,0.007,0.004,0.004,0.006,0.009,0.005,0.004,0.002,0.644,0.051,0.048,0.018,0.017,0.109
18,B2_1,0.391,0.043,0.033,0.01,0.035,0.004,0.005,0.021,0.026,0.267,0.017,0.02,0.018,0.016,0.072,0.022
18,B2_2,0.181,0.063,0.008,0.009,0.063,0.004,0.011,0.059,0.053,0.439,0.007,0.017,0.009,0.03,0.032,0.015
18,B2_3,0.287,0.05,0.008,0.007,0.036,0.005,0.01,0.065,0.051,0.34,0.014,0.031,0.011,0.032,0.031,0.02
18,y1,0.275,0.081,0.06,0.066,0.054,0.016,0.122,0.034,0.032,0.019,0.038,0.022,0.099,0.034,0.029,0.02
18,y2,0.41,0.056,0.019,0.027,0.05,0.02,0.069,0.041,0.042,0.046,0.041,0.032,0.07,0.032,0.022,0.023
18,y3,0.272,0.026,0.011,0.024,0.042,0.021,0.139,0.04,0.042,0.016,0.101,0.033,0.16,0.034,0.013,0.027
20,.,0.041,0.013,0.121,0.053,0.01,0.016,0.015,0.04,0.013,0.026,0.036,0.016,0.05,0.182,0.264,0.104
20,A1_1,0.213,0.012,0.025,0.017,0.053,0.084,0.054,0.011,0.033,0.023,0.026,0.036,0.039,0.145,0.109,0.121
20,A1_2,0.538,0.007,0.003,0.004,0.068,0.073,0.068,0.002,0.053,0.013,0.008,0.031,0.006,0.044,0.018,0.064
20,A1_3,0.148,0.009,0.026,0.019,0.089,0.078,0.067,0.026,0.125,0.026,0.014,0.032,0.032,0.077,0.061,0.171
20,B1_1,0.051,0.024,0.356,0.086,0.006,0.012,0.009,0.026,0.008,0.017,0.033,0.004,0.014,0.09,0.243,0.021
20,B1_2,0.383,0.055,0.059,0.048,0.018,0.04,0.027,0.008,0.016,0.013,0.026,0.027,0.014,0.085,0.114,0.068
20,B1_3,0.122,0.035,0.213,0.107,0.012,0.025,0.02,0.043,0.027,0.014,0.028,0.013,0.033,0.072,0.19,0.046
20,A2_1,0.03,0.006,0.004,0.003,0.011,0.009,0.008,0.007,0.003,0.006,0.02,0.549,0.28,0.034,0.013,0.016
20,A2_2,0.105,0.02,0.013,0.016,0.01,0.019,0.013,0.024,0.023,0.008,0.02,0.072,0.107,0.066,0.058,0.427
20,A2_3,0.294,0.026,0.017,0.013,0.019,0.022,0.029,0.011,0.012,0.034,0.054,0.141,0.059,0.154,0.074,0.04
20,B2_1,0.168,0.013,0.021,0.014,0.011,0.01,0.021,0.055,0.111,0.059,0.016,0.006,0.009,0.095,0.059,0.333
20,B2_2,0.121,0.021,0.041,0.015,0.012,0.01,0.016,0.134,0.168,0.043,0.021,0.01,0.023,0.051,0.041,0.274
20,B2_3,0.223,0.014,0.017,0.009,0.017,0.013,0.022,0.062,0.285,0.035,0.011,0.006,0.007,0.031,0.021,0.228
20,y1,0.35,0.027,0.028,0.017,0.057,0.061,0.052,0.023,0.086,0.02,0.021,0.064,0.044,0.048,0.038,0.063
20,y2,0.589,0.075,0.028,0.011,0.015,0.024,0.019,0.015,0.038,0.014,0.028,0.035,0.022,0.028,0.022,0.038
20,y3,0.116,0.015,0.128,0.028,0.044,0.056,0.035,0.098,0.205,0.018,0.018,0.01,0.056,0.033,0.057,0.082
22,.,0.127,0.027,0.042,0.027,0.073,0.033,0.05,0.03,0.035,0.026,0.024,0.032,0.017,0.192,0.206,0.062
22,A1_1,0.284,0.014,0.014,0.012,0.141,0.103,0.137,0.017,0.011,0.009,0.011,0.033,0.014,0.058,0.06,0.084
22,A1_2,0.253,0.008,0.011,0.01,0.233,0.101,0.083,0.02,0.022,0.013,0.017,0.026,0.016,0.046,0.068,0.072
22,A1_3,0.193,0.006,0.009,0.005,0.366,0.253,0.039,0.005,0.005,0.003,0.012,0.011,0.021,0.013,0.02,0.039
22,B1_1,0.324,0.049,0.085,0.058,0.045,0.044,0.036,0.024,0.053,0.022,0.018,0.031,0.025,0.048,0.083,0.054
22,B1_2,0.319,0.088,0.103,0.071,0.023,0.018,0.043,0.035,0.044,0.021,0.013,0.019,0.01,0.066,0.099,0.029
22,B1_3,0.156,0.168,0.297,0.115,0.017,0.009,0.018,0.011,0.02,0.008,0.01,0.01,0.005,0.045,0.099,0.012
22,A2_1,0.196,0.009,0.014,0.016,0.02,0.044,0.016,0.02,0.016,0.017,0.124,0.161,0.203,0.047,0.033,0.064
22,A2_2,0.29,0.026,0.026,0.031,0.029,0.028,0.04,0.042,0.022,0.022,0.098,0.081,0.045,0.106,0.074,0.041
22,A2_3,0.221,0.018,0.023,0.029,0.018,0.022,0.021,0.026,0.019,0.02,0.172,0.158,0.08,0.069,0.059,0.045
22,B2_1,0.081,0.008,0.011,0.018,0.004,0.002,0.007,0.059,0.575,0.08,0.006,0.01,0.007,0.042,0.073,0.017
22,B2_2,0.161,0.012,0.01,0.018,0.004,0.008,0.015,0.183,0.1,0.2,0.019,0.027,0.021,0.089,0.068,0.064
22,B2_3,0.266,0.006,0.004,0.01,0.005,0.016,0.021,0.201,0.07,0.175,0.014,0.027,0.028,0.044,0.029,0.084
22,y1,0.524,0.01,0.011,0.017,0.03,0.063,0.023,0.032,0.028,0.021,0.046,0.047,0.073,0.015,0.016,0.045
22,y2,0.493,0.01,0.009,0.016,0.027,0.039,0.044,0.034,0.032,0.021,0.043,0.082,0.044,0.024,0.027,0.056
22,y3,0.656,0.023,0.017,0.025,0.017,0.031,0.032,0.04,0.02,0.018,0.023,0.023,0.019,0.014,0.016,0.026
24,.,0.055,0.045,0.134,0.058,0.028,0.01,0.011,0.01,0.008,0.015,0.049,0.037,0.049,0.106,0.059,0.325
24,A1_1,0.072,0.018,0.012,0.018,0.028,0.061,0.051,0.011,0.01,0.022,0.03,0.037,0.02,0.067,0.145,0.396
24,A1_2,0.225,0.001,0.006,0.001,0.033,0.029,0.626,0.003,0.012,0.002,0.01,0.003,0.012,0.011,0.011,0.014
24,A1_3,0.306,0.01,0.01,0.006,0.044,0.152,0.263,0.018,0.027,0.007,0.012,0.011,0.011,0.031,0.056,0.036
24,B1_1,0.15,0.048,0.444,0.068,0.034,0.013,0.034,0.014,0.027,0.003,0.013,0.007,0.014,0.075,0.029,0.028
24,B1_2,0.062,0.174,0.274,0.166,0.013,0.009,0.003,0.026,0.017,0.01,0.022,0.01,0.009,0.087,0.063,0.054
24,B1_3,0.045,0.126,0.48,0.102,0.02,0.008,0.005,0.011,0.009,0.005,0.009,0.007,0.008,0.085,0.036,0.044
24,A2_1,0.037,0.006,0.018,0.011,0.015,0.005,0.01,0.005,0.003,0.008,0.104,0.058,0.205,0.044,0.025,0.445
24,A2_2,0.121,0.01,0.016,0.014,0.016,0.007,0.01,0.008,0.006,0.017,0.508,0.035,0.111,0.02,0.021,0.081
24,A2_3,0.036,0.019,0.047,0.029,0.018,0.006,0.008,0.006,0.004,0.01,0.081,0.047,0.112,0.07,0.04,0.466
24,B2_1,0.512,0.004,0.009,0.006,0.008,0.015,0.024,0.058,0.271,0.037,0.015,0.005,0.005,0.015,0.012,0.004
24,B2_2,0.315,0.011,0.008,0.012,0.01,0.015,0.012,0.073,0.136,0.227,0.065,0.012,0.009,0.032,0.037,0.026
24,B2_3,0.203,0.02,0.019,0.034,0.008,0.031,0.017,0.075,0.228,0.058,0.018,0.019,0.009,0.085,0.122,0.054
24,y1,0.372,0.088,0.022,0.041,0.017,0.064,0.013,0.139,0.035,0.016,0.052,0.014,0.021,0.031,0.048,0.027
24,y2,0.51,0.017,0.025,0.013,0.034,0.02,0.034,0.036,0.023,0.016,0.151,0.013,0.058,0.018,0.013,0.02
24,y3,0.373,0.038,0.055,0.028,0.041,0.028,0.027,0.053,0.023,0.014,0.085,0.024,0.092,0.04,0.023,0.057
26,.,0.083,0.026,0.044,0.047,0.069,0.039,0.14,0.032,0.017,0.014,0.019,0.01,0.009,0.056,0.115,0.279
26,A1_1,0.017,0.001,0.001,0.0,0.053,0.022,0.836,0.0,0.003,0.006,0.003,0.002,0.002,0.003,0.026,0.024
26,A1_2,0.067,0.01,0.019,0.016,0.095,0.052,0.243,0.011,0.01,0.011,0.012,0.003,0.005,0.039,0.125,0.281
26,A1_3,0.08,0.011,0.014,0.011,0.132,0.049,0.568,0.003,0.006,0.01,0.009,0.007,0.005,0.011,0.031,0.052
26,B1_1,0.137,0.106,0.173,0.402,0.01,0.006,0.005,0.033,0.004,0.002,0.012,0.011,0.01,0.048,0.011,0.031
26,B1_2,0.393,0.05,0.076,0.14,0.018,0.021,0.014,0.038,0.014,0.011,0.016,0.015,0.022,0.091,0.033,0.046
26,B1_3,0.189,0.136,0.107,0.076,0.017,0.01,0.017,0.048,0.036,0.046,0.008,0.015,0.011,0.155,0.049,0.079
26,A2_1,0.388,0.008,0.011,0.017,0.022,0.019,0.017,0.021,0.025,0.019,0.12,0.106,0.112,0.05,0.037,0.028
26,A2_2,0.206,0.007,0.011,0.014,0.031,0.019,0.031,0.011,0.016,0.012,0.288,0.084,0.109,0.041,0.057,0.062
26,A2_3,0.228,0.01,0.014,0.019,0.027,0.01,0.018,0.018,0.018,0.016,0.227,0.153,0.118,0.038,0.038,0.049
26,B2_1,0.076,0.005,0.003,0.001,0.012,0.009,0.019,0.04,0.143,0.454,0.007,0.012,0.009,0.042,0.077,0.093
26,B2_2,0.163,0.012,0.012,0.006,0.022,0.011,0.035,0.025,0.074,0.249,0.016,0.018,0.018,0.052,0.098,0.189
26,B2_3,0.147,0.011,0.01,0.034,0.005,0.008,0.001,0.496,0.059,0.042,0.01,0.014,0.013,0.077,0.028,0.045
26,y1,0.306,0.021,0.013,0.011,0.027,0.013,0.031,0.032,0.069,0.16,0.038,0.116,0.055,0.04,0.033,0.036
26,y2,0.298,0.03,0.017,0.01,0.074,0.024,0.182,0.01,0.038,0.138,0.015,0.05,0.024,0.025,0.03,0.035
26,y3,0.331,0.027,0.018,0.021,0.051,0.021,0.051,0.053,0.057,0.138,0.02,0.049,0.027,0.042,0.038,0.054
28,.,0.126,0.023,0.018,0.028,0.028,0.059,0.026,0.022,0.019,0.051,0.053,0.049,0.083,0.193,0.091,0.13
28,A1_1,0.161,0.01,0.011,0.013,0.019,0.017,0.662,0.018,0.002,0.003,0.011,0.005,0.007,0.018,0.019,0.024
28,A1_2,0.052,0.002,0.003,0.005,0.046,0.037,0.79,0.008,0.002,0.002,0.005,0.003,0.004,0.011,0.011,0.019
28,A1_3,0.044,0.014,0.009,0.041,0.181,0.246,0.252,0.006,0.006,0.004,0.012,0.015,0.022,0.043,0.032,0.073
28,B1_1,0.04,0.161,0.043,0.603,0.015,0.018,0.006,0.008,0.011,0.006,0.002,0.004,0.004,0.011,0.047,0.02
28,B1_2,0.029,0.191,0.042,0.659,0.005,0.007,0.008,0.008,0.003,0.002,0.001,0.002,0.002,0.005,0.024,0.012
28,B1_3,0.145,0.215,0.126,0.133,0.011,0.014,0.014,0.041,0.033,0.018,0.01,0.01,0.007,0.025,0.141,0.056
28,A2_1,0.282,0.023,0.018,0.012,0.006,0.015,0.023,0.014,0.006,0.023,0.105,0.061,0.115,0.187,0.038,0.071
28,A2_2,0.474,0.012,0.014,0.004,0.011,0.014,0.029,0.017,0.011,0.041,0.103,0.039,0.051,0.108,0.032,0.04
28,A2_3,0.523,0.018,0.023,0.004,0.006,0.007,0.027,0.012,0.006,0.022,0.138,0.031,0.026,0.083,0.04,0.033
28,B2_1,0.35,0.012,0.011,0.006,0.006,0.007,0.007,0.101,0.051,0.284,0.023,0.023,0.019,0.046,0.03,0.024
28,B2_2,0.326,0.012,0.013,0.009,0.006,0.006,0.009,0.108,0.041,0.292,0.023,0.016,0.012,0.05,0.054,0.025
28,B2_3,0.117,0.013,0.01,0.02,0.006,0.01,0.012,0.293,0.07,0.283,0.006,0.015,0.019,0.039,0.046,0.042
28,y1,0.555,0.035,0.028,0.014,0.014,0.011,0.08,0.121,0.031,0.034,0.009,0.016,0.008,0.011,0.016,0.016
28,y2,0.478,0.067,0.04,0.042,0.022,0.019,0.033,0.074,0.036,0.052,0.016,0.028,0.013,0.024,0.031,0.025
28,y3,0.172,0.021,0.014,0.034,0.112,0.124,0.245,0.032,0.014,0.015,0.015,0.072,0.03,0.036,0.018,0.047
30,.,0.201,0.016,0.047,0.018,0.038,0.042,0.056,0.062,0.024,0.027,0.073,0.015,0.051,0.049,0.187,0.094
30,A1_1,0.166,0.02,0.005,0.014,0.101,0.128,0.033,0.004,0.008,0.015,0.019,0.018,0.022,0.288,0.103,0.057
30,A1_2,0.112,0.015,0.007,0.006,0.254,0.038,0.049,0.019,0.011,0.023,0.007,0.008,0.008,0.092,0.333,0.017
30,A1_3,0.241,0.019,0.029,0.016,0.07,0.117,0.039,0.013,0.023,0.022,0.024,0.022,0.032,0.102,0.082,0.149
30,B1_1,0.145,0.025,0.171,0.039,0.016,0.038,0.022,0.044,0.022,0.024,0.038,0.007,0.019,0.033,0.057,0.299
30,B1_2,0.429,0.058,0.046,0.109,0.019,0.025,0.013,0.022,0.019,0.02,0.028,0.023,0.022,0.049,0.067,0.052
30,B1_3,0.216,0.059,0.238,0.066,0.023,0.032,0.022,0.03,0.011,0.013,0.027,0.009,0.011,0.022,0.058,0.163
30,A2_1,0.308,0.007,0.01,0.01,0.013,0.036,0.021,0.011,0.023,0.008,0.2,0.062,0.158,0.035,0.069,0.029
30,A2_2,0.327,0.01,0.011,0.022,0.006,0.028,0.015,0.023,0.031,0.02,0.163,0.044,0.141,0.049,0.053,0.055
30,A2_3,0.071,0.002,0.006,0.003,0.002,0.01,0.007,0.009,0.01,0.003,0.658,0.02,0.139,0.01,0.026,0.024
30,B2_1,0.381,0.014,0.032,0.021,0.032,0.015,0.015,0.09,0.117,0.093,0.012,0.015,0.021,0.032,0.075,0.036
30,B2_2,0.143,0.011,0.008,0.012,0.039,0.012,0.019,0.121,0.057,0.151,0.016,0.01,0.018,0.079,0.278,0.025
30,B2_3,0.385,0.016,0.028,0.025,0.025,0.017,0.03,0.091,0.044,0.039,0.039,0.022,0.046,0.029,0.133,0.032
30,y1,0.718,0.034,0.014,0.038,0.024,0.017,0.013,0.014,0.018,0.017,0.009,0.017,0.011,0.024,0.017,0.015
30,y2,0.444,0.059,0.024,0.032,0.109,0.025,0.03,0.033,0.018,0.034,0.009,0.013,0.007,0.048,0.092,0.023
30,y3,0.682,0.033,0.018,0.027,0.034,0.023,0.016,0.014,0.022,0.017,0.014,0.022,0.013,0.026,0.022,0.019
32,.,0.1,0.022,0.013,0.008,0.016,0.054,0.011,0.014,0.009,0.02,0.09,0.049,0.069,0.278,0.174,0.075
32,A1_1,0.207,0.023,0.016,0.058,0.036,0.067,0.09,0.016,0.014,0.014,0.021,0.022,0.019,0.242,0.09,0.064
32,A1_2,0.235,0.018,0.018,0.065,0.033,0.052,0.08,0.024,0.024,0.019,0.01,0.012,0.01,0.26,0.09,0.049
32,A1_3,0.236,0.017,0.014,0.027,0.032,0.113,0.069,0.01,0.01,0.011,0.019,0.045,0.034,0.212,0.099,0.052
32,B1_1,0.094,0.06,0.032,0.047,0.021,0.052,0.01,0.012,0.009,0.016,0.036,0.036,0.032,0.239,0.192,0.11
32,B1_2,0.02,0.021,0.019,0.817,0.01,0.005,0.022,0.003,0.004,0.001,0.001,0.001,0.001,0.036,0.013,0.026
32,B1_3,0.075,0.095,0.055,0.025,0.015,0.061,0.012,0.007,0.003,0.008,0.042,0.017,0.022,0.393,0.112,0.058
32,A2_1,0.103,0.004,0.003,0.002,0.007,0.051,0.004,0.004,0.004,0.009,0.033,0.403,0.211,0.024,0.097,0.041
32,A2_2,0.196,0.01,0.023,0.013,0.008,0.011,0.02,0.047,0.028,0.016,0.061,0.062,0.099,0.22,0.122,0.064
32,A2_3,0.163,0.015,0.02,0.01,0.011,0.031,0.011,0.021,0.015,0.017,0.061,0.093,0.109,0.216,0.145,0.063
32,B2_1,0.29,0.009,0.006,0.011,0.015,0.011,0.004,0.145,0.124,0.159,0.019,0.029,0.016,0.067,0.068,0.028
32,B2_2,0.24,0.02,0.016,0.022,0.016,0.011,0.015,0.12,0.066,0.074,0.045,0.022,0.022,0.138,0.106,0.066
32,B2_3,0.278,0.01,0.01,0.016,0.022,0.02,0.02,0.101,0.077,0.075,0.021,0.013,0.013,0.225,0.07,0.028
32,y1,0.444,0.014,0.024,0.05,0.019,0.013,0.064,0.079,0.055,0.028,0.01,0.016,0.01,0.106,0.039,0.029
32,y2,0.426,0.011,0.012,0.035,0.019,0.01,0.015,0.128,0.116,0.077,0.009,0.026,0.01,0.048,0.035,0.023
32,y3,0.362,0.022,0.03,0.101,0.022,0.012,0.022,0.093,0.075,0.042,0.008,0.015,0.008,0.119,0.04,0.028
34,.,0.196,0.05,0.046,0.076,0.018,0.03,0.02,0.038,0.017,0.02,0.05,0.016,0.017,0.094,0.12,0.193
34,A1_1,0.322,0.01,0.038,0.016,0.077,0.058,0.079,0.025,0.023,0.009,0.016,0.083,0.01,0.116,0.061,0.057
34,A1_2,0.269,0.014,0.036,0.046,0.075,0.052,0.119,0.019,0.027,0.02,0.02,0.023,0.019,0.048,0.07,0.143
34,A1_3,0.412,0.016,0.035,0.055,0.063,0.05,0.064,0.019,0.029,0.018,0.028,0.017,0.024,0.038,0.059,0.073
34,B1_1,0.15,0.025,0.264,0.346,0.031,0.008,0.012,0.007,0.007,0.03,0.005,0.005,0.012,0.033,0.021,0.043
34,B1_2,0.283,0.047,0.053,0.162,0.018,0.024,0.014,0.038,0.021,0.038,0.031,0.007,0.016,0.053,0.054,0.141
34,B1_3,0.185,0.033,0.251,0.33,0.03,0.008,0.013,0.008,0.015,0.033,0.004,0.005,0.008,0.025,0.018,0.032
34,A2_1,0.325,0.016,0.008,0.006,0.013,0.028,0.02,0.03,0.02,0.007,0.094,0.151,0.021,0.098,0.112,0.051
34,A2_2,0.284,0.014,0.007,0.013,0.009,0.022,0.007,0.025,0.007,0.014,0.268,0.023,0.079,0.066,0.114,0.048
34,A2_3,0.342,0.013,0.015,0.011,0.011,0.016,0.006,0.045,0.024,0.022,0.113,0.042,0.044,0.157,0.111,0.03
34,B2_1,0.16,0.007,0.007,0.008,0.008,0.006,0.013,0.033,0.664,0.026,0.002,0.005,0.002,0.019,0.024,0.017
34,B2_2,0.276,0.014,0.036,0.031,0.033,0.026,0.028,0.067,0.097,0.057,0.014,0.022,0.012,0.135,0.064,0.091
34,B2_3,0.481,0.011,0.01,0.017,0.013,0.017,0.009,0.064,0.19,0.039,0.022,0.009,0.011,0.045,0.038,0.025
34,y1,0.392,0.011,0.054,0.091,0.045,0.021,0.02,0.018,0.019,0.073,0.032,0.012,0.073,0.05,0.041,0.048
34,y2,0.638,0.008,0.021,0.05,0.038,0.028,0.015,0.011,0.013,0.023,0.039,0.011,0.054,0.018,0.019,0.016
34,y3,0.681,0.012,0.013,0.032,0.015,0.018,0.006,0.027,0.039,0.029,0.039,0.009,0.024,0.023,0.02,0.013
36,.,0.092,0.038,0.028,0.033,0.014,0.032,0.013,0.026,0.024,0.066,0.052,0.036,0.035,0.129,0.141,0.241
36,A1_1,0.091,0.015,0.022,0.034,0.039,0.098,0.016,0.01,0.015,0.011,0.011,0.008,0.01,0.088,0.331,0.202
36,A1_2,0.64,0.004,0.004,0.019,0.088,0.044,0.046,0.006,0.008,0.002,0.014,0.012,0.009,0.021,0.055,0.027
36,A1_3,0.458,0.004,0.008,0.007,0.327,0.028,0.04,0.009,0.009,0.002,0.009,0.018,0.009,0.015,0.029,0.03
36,B1_1,0.055,0.037,0.03,0.752,0.004,0.005,0.005,0.008,0.003,0.009,0.004,0.003,0.003,0.028,0.033,0.022
36,B1_2,0.107,0.395,0.075,0.049,0.005,0.011,0.011,0.016,0.013,0.079,0.021,0.031,0.013,0.041,0.019,0.113
36,B1_3,0.147,0.161,0.049,0.278,0.01,0.013,0.015,0.036,0.016,0.061,0.012,0.013,0.008,0.067,0.045,0.07
36,A2_1,0.654,0.006,0.005,0.006,0.027,0.008,0.014,0.009,0.018,0.014,0.062,0.074,0.047,0.013,0.017,0.025
36,A2_2,0.422,0.015,0.015,0.023,0.014,0.012,0.015,0.009,0.013,0.023,0.111,0.097,0.107,0.029,0.032,0.063
36,A2_3,0.367,0.014,0.008,0.005,0.013,0.013,0.012,0.007,0.016,0.027,0.162,0.134,0.093,0.027,0.028,0.074
36,B2_1,0.312,0.039,0.004,0.022,0.005,0.007,0.006,0.054,0.128,0.243,0.029,0.019,0.023,0.033,0.043,0.033
36,B2_2,0.421,0.044,0.009,0.063,0.018,0.01,0.017,0.061,0.052,0.102,0.029,0.025,0.022,0.048,0.038,0.039
36,B2_3,0.252,0.038,0.02,0.036,0.014,0.014,0.017,0.062,0.098,0.131,0.024,0.026,0.016,0.07,0.099,0.081
36,y1,0.789,0.039,0.004,0.009,0.009,0.005,0.01,0.009,0.025,0.025,0.018,0.023,0.011,0.006,0.007,0.011
36,y2,0.526,0.056,0.033,0.018,0.021,0.011,0.029,0.022,0.025,0.037,0.033,0.078,0.025,0.022,0.014,0.05
36,y3,0.629,0.029,0.037,0.043,0.038,0.013,0.03,0.012,0.012,0.011,0.018,0.042,0.015,0.017,0.02,0.034
38,.,0.074,0.034,0.014,0.032,0.054,0.023,0.039,0.015,0.007,0.014,0.041,0.04,0.06,0.291,0.103,0.16
38,A1_1,0.055,0.003,0.009,0.001,0.124,0.396,0.3,0.003,0.008,0.005,0.002,0.006,0.009,0.014,0.025,0.039
38,A1_2,0.097,0.007,0.011,0.006,0.375,0.239,0.058,0.006,0.005,0.006,0.002,0.005,0.013,0.034,0.119,0.015
38,A1_3,0.106,0.008,0.006,0.007,0.3,0.202,0.06,0.012,0.01,0.013,0.006,0.012,0.028,0.057,0.139,0.034
38,B1_1,0.048,0.039,0.039,0.808,0.004,0.002,0.002,0.002,0.0,0.002,0.009,0.007,0.009,0.011,0.009,0.009
38,B1_2,0.372,0.051,0.035,0.118,0.017,0.01,0.013,0.069,0.049,0.048,0.032,0.03,0.017,0.048,0.043,0.047
38,B1_3,0.409,0.105,0.144,0.131,0.014,0.008,0.018,0.013,0.013,0.007,0.013,0.02,0.009,0.039,0.03,0.027
38,A2_1,0.257,0.015,0.01,0.038,0.069,0.067,0.036,0.01,0.006,0.018,0.094,0.04,0.205,0.037,0.063,0.032
38,A2_2,0.114,0.011,0.004,0.02,0.01,0.01,0.012,0.015,0.008,0.023,0.321,0.045,0.253,0.061,0.035,0.058
38,A2_3,0.085,0.019,0.006,0.025,0.008,0.004,0.009,0.021,0.009,0.032,0.319,0.039,0.159,0.148,0.04,0.076
38,B2_1,0.191,0.026,0.016,0.017,0.036,0.015,0.015,0.099,0.07,0.073,0.042,0.019,0.023,0.187,0.109,0.063
38,B2_2,0.192,0.013,0.012,0.019,0.013,0.017,0.023,0.135,0.136,0.165,0.059,0.023,0.022,0.053,0.031,0.087
38,B2_3,0.171,0.005,0.007,0.002,0.005,0.01,0.015,0.154,0.425,0.116,0.014,0.008,0.003,0.018,0.012,0.036
38,y1,0.644,0.031,0.016,0.025,0.024,0.017,0.019,0.027,0.046,0.026,0.021,0.035,0.016,0.015,0.02,0.019
38,y2,0.367,0.035,0.015,0.073,0.065,0.032,0.023,0.016,0.01,0.025,0.067,0.044,0.099,0.044,0.057,0.028
38,y3,0.646,0.028,0.021,0.025,0.029,0.031,0.039,0.015,0.032,0.018,0.016,0.037,0.017,0.01,0.015,0.021
40,.,0.078,0.029,0.012,0.02,0.034,0.042,0.018,0.016,0.009,0.037,0.043,0.025,0.045,0.146,0.297,0.148
40,A1_1,0.198,0.039,0.014,0.02,0.118,0.067,0.079,0.016,0.01,0.022,0.014,0.017,0.02,0.132,0.182,0.054
40,A1_2,0.146,0.031,0.008,0.018,0.167,0.087,0.085,0.017,0.007,0.022,0.009,0.012,0.016,0.116,0.218,0.041
40,A1_3,0.243,0.02,0.008,0.014,0.16,0.102,0.06,0.026,0.019,0.025,0.014,0.015,0.026,0.111,0.099,0.058
40,B1_1,0.107,0.097,0.462,0.181,0.003,0.003,0.004,0.011,0.048,0.007,0.006,0.018,0.009,0.013,0.023,0.009
40,B1_2,0.049,0.231,0.165,0.353,0.007,0.007,0.006,0.005,0.007,0.007,0.011,0.008,0.005,0.014,0.099,0.024
40,B1_3,0.108,0.234,0.13,0.156,0.017,0.015,0.02,0.009,0.008,0.005,0.009,0.012,0.01,0.051,0.196,0.02
40,A2_1,0.197,0.017,0.018,0.013,0.026,0.033,0.013,0.019,0.028,0.028,0.068,0.096,0.173,0.069,0.086,0.115
40,A2_2,0.121,0.022,0.017,0.017,0.013,0.026,0.007,0.012,0.025,0.059,0.223,0.037,0.07,0.044,0.073,0.235
40,A2_3,0.086,0.044,0.01,0.027,0.022,0.051,0.01,0.007,0.007,0.023,0.171,0.027,0.072,0.039,0.182,0.221
40,B2_1,0.049,0.004,0.01,0.008,0.01,0.01,0.005,0.023,0.028,0.541,0.037,0.016,0.017,0.036,0.026,0.18
40,B2_2,0.266,0.014,0.031,0.012,0.021,0.025,0.013,0.14,0.109,0.078,0.016,0.016,0.037,0.136,0.042,0.044
40,B2_3,0.237,0.026,0.036,0.028,0.044,0.04,0.022,0.084,0.077,0.073,0.016,0.019,0.031,0.128,0.082,0.058
40,y1,0.354,0.029,0.062,0.04,0.035,0.029,0.018,0.042,0.097,0.042,0.024,0.051,0.055,0.042,0.04,0.042
40,y2,0.469,0.013,0.069,0.021,0.017,0.012,0.01,0.031,0.239,0.02,0.011,0.029,0.023,0.016,0.006,0.013
40,y3,0.328,0.038,0.023,0.023,0.061,0.055,0.042,0.036,0.029,0.092,0.043,0.014,0.022,0.055,0.065,0.073
42,.,0.119,0.037,0.043,0.058,0.071,0.037,0.023,0.056,0.1,0.059,0.012,0.021,0.013,0.097,0.143,0.109
42,A1_1,0.14,0.011,0.02,0.017,0.148,0.152,0.215,0.016,0.01,0.018,0.013,0.006,0.012,0.049,0.09,0.083
42,A1_2,0.308,0.015,0.009,0.015,0.097,0.08,0.179,0.014,0.017,0.025,0.014,0.01,0.008,0.03,0.125,0.053
42,A1_3,0.029,0.002,0.004,0.005,0.763,0.056,0.048,0.003,0.011,0.008,0.001,0.002,0.002,0.035,0.016,0.015
42,B1_1,0.033,0.077,0.325,0.429,0.009,0.018,0.005,0.005,0.007,0.009,0.009,0.011,0.003,0.016,0.025,0.02
42,B1_2,0.106,0.18,0.111,0.216,0.024,0.018,0.019,0.014,0.022,0.02,0.011,0.016,0.005,0.022,0.159,0.058
42,B1_3,0.06,0.109,0.282,0.285,0.019,0.031,0.014,0.006,0.007,0.011,0.021,0.017,0.007,0.024,0.064,0.043
42,A2_1,0.212,0.027,0.033,0.019,0.017,0.061,0.023,0.045,0.028,0.038,0.061,0.041,0.073,0.058,0.119,0.148
42,A2_2,0.318,0.027,0.023,0.016,0.007,0.026,0.009,0.015,0.023,0.024,0.105,0.122,0.078,0.035,0.105,0.067
42,A2_3,0.196,0.027,0.043,0.03,0.012,0.023,0.014,0.012,0.016,0.016,0.088,0.201,0.06,0.054,0.134,0.073
42,B2_1,0.489,0.036,0.01,0.022,0.004,0.019,0.005,0.034,0.103,0.082,0.028,0.03,0.019,0.017,0.06,0.04
42,B2_2,0.1,0.008,0.003,0.01,0.006,0.014,0.005,0.358,0.096,0.28,0.009,0.004,0.005,0.028,0.035,0.04
42,B2_3,0.267,0.012,0.006,0.015,0.011,0.014,0.003,0.042,0.421,0.096,0.005,0.019,0.01,0.027,0.027,0.025
42,y1,0.289,0.043,0.064,0.079,0.037,0.121,0.034,0.023,0.019,0.051,0.053,0.019,0.021,0.034,0.055,0.06
42,y2,0.521,0.018,0.016,0.033,0.032,0.084,0.017,0.016,0.048,0.067,0.032,0.023,0.016,0.023,0.027,0.027
42,y3,0.578,0.014,0.011,0.025,0.039,0.089,0.021,0.012,0.045,0.06,0.023,0.014,0.012,0.017,0.022,0.019
44,.,0.059,0.023,0.039,0.015,0.042,0.02,0.018,0.02,0.029,0.031,0.016,0.017,0.021,0.158,0.353,0.139
44,A1_1,0.21,0.01,0.03,0.016,0.155,0.111,0.203,0.016,0.01,0.009,0.018,0.011,0.013,0.054,0.079,0.055
44,A1_2,0.194,0.003,0.012,0.008,0.183,0.088,0.342,0.009,0.006,0.007,0.025,0.008,0.009,0.029,0.047,0.03
44,A1_3,0.264,0.008,0.018,0.008,0.124,0.211,0.107,0.026,0.007,0.012,0.022,0.019,0.018,0.068,0.049,0.04
44,B1_1,0.126,0.052,0.305,0.189,0.027,0.023,0.018,0.012,0.019,0.019,0.007,0.015,0.021,0.052,0.075,0.039
44,B1_2,0.497,0.063,0.05,0.095,0.026,0.03,0.053,0.039,0.015,0.013,0.019,0.011,0.017,0.024,0.017,0.029
44,B1_3,0.185,0.401,0.029,0.041,0.005,0.018,0.004,0.114,0.007,0.006,0.007,0.011,0.013,0.076,0.018,0.066
44,A2_1,0.167,0.033,0.03,0.028,0.026,0.037,0.015,0.013,0.017,0.019,0.148,0.084,0.104,0.143,0.067,0.069
44,A2_2,0.116,0.008,0.003,0.007,0.01,0.01,0.01,0.005,0.013,0.013,0.556,0.06,0.097,0.048,0.016,0.028
44,A2_3,0.14,0.019,0.013,0.013,0.028,0.022,0.019,0.015,0.03,0.034,0.202,0.058,0.082,0.136,0.098,0.091
44,B2_1,0.103,0.014,0.011,0.009,0.012,0.008,0.005,0.091,0.096,0.353,0.019,0.012,0.016,0.105,0.075,0.071
44,B2_2,0.202,0.046,0.006,0.006,0.011,0.016,0.01,0.439,0.03,0.052,0.006,0.005,0.006,0.057,0.031,0.077
44,B2_3,0.238,0.046,0.011,0.015,0.015,0.013,0.014,0.215,0.068,0.113,0.017,0.008,0.012,0.073,0.049,0.092
44,y1,0.371,0.016,0.044,0.05,0.04,0.038,0.045,0.032,0.05,0.059,0.057,0.03,0.054,0.036,0.044,0.034
44,y2,0.564,0.02,0.016,0.026,0.031,0.041,0.062,0.083,0.025,0.027,0.023,0.01,0.017,0.017,0.015,0.023
44,y3,0.475,0.028,0.022,0.023,0.026,0.061,0.026,0.092,0.02,0.037,0.034,0.028,0.033,0.047,0.019,0.03
46,.,0.127,0.025,0.034,0.029,0.025,0.012,0.058,0.072,0.14,0.025,0.029,0.039,0.032,0.183,0.106,0.065
46,A1_1,0.215,0.02,0.016,0.031,0.076,0.136,0.094,0.006,0.005,0.009,0.016,0.04,0.017,0.124,0.122,0.072
46,A1_2,0.336,0.005,0.006,0.014,0.159,0.077,0.15,0.02,0.017,0.017,0.012,0.031,0.015,0.051,0.059,0.031
46,A1_3,0.452,0.009,0.004,0.028,0.088,0.173,0.061,0.009,0.005,0.014,0.013,0.023,0.013,0.04,0.036,0.032
46,B1_1,0.062,0.172,0.116,0.085,0.004,0.02,0.008,0.01,0.011,0.009,0.02,0.009,0.016,0.229,0.093,0.136
46,B1_2,0.079,0.156,0.088,0.061,0.007,0.02,0.016,0.017,0.03,0.01,0.03,0.022,0.042,0.227,0.108,0.087
46,B1_3,0.069,0.105,0.25,0.062,0.005,0.009,0.017,0.021,0.028,0.01,0.029,0.035,0.034,0.209,0.066,0.052
46,A2_1,0.103,0.013,0.02,0.004,0.018,0.019,0.037,0.033,0.033,0.008,0.098,0.17,0.165,0.118,0.105,0.055
46,A2_2,0.072,0.016,0.024,0.004,0.008,0.012,0.02,0.019,0.045,0.003,0.238,0.079,0.273,0.074,0.064,0.049
46,A2_3,0.078,0.025,0.018,0.007,0.009,0.022,0.018,0.018,0.036,0.006,0.183,0.047,0.149,0.129,0.12,0.135
46,B2_1,0.202,0.053,0.025,0.056,0.012,0.02,0.016,0.124,0.088,0.05,0.017,0.01,0.016,0.15,0.057,0.104
46,B2_2,0.04,0.003,0.003,0.002,0.003,0.001,0.003,0.623,0.209,0.034,0.005,0.006,0.01,0.031,0.011,0.015
46,B2_3,0.097,0.021,0.008,0.01,0.008,0.005,0.012,0.214,0.363,0.028,0.025,0.01,0.035,0.079,0.039,0.046
46,y1,0.471,0.024,0.022,0.111,0.032,0.056,0.04,0.024,0.014,0.028,0.021,0.03,0.019,0.057,0.026,0.025
46,y2,0.205,0.015,0.068,0.016,0.026,0.017,0.078,0.034,0.086,0.009,0.105,0.091,0.116,0.07,0.039,0.023
46,y3,0.49,0.042,0.022,0.079,0.024,0.075,0.026,0.024,0.022,0.019,0.032,0.018,0.031,0.048,0.02,0.029
48,.,0.071,0.009,0.014,0.024,0.023,0.016,0.017,0.026,0.01,0.018,0.013,0.016,0.015,0.222,0.281,0.228
48,A1_1,0.042,0.016,0.011,0.01,0.029,0.534,0.115,0.003,0.004,0.007,0.009,0.028,0.011,0.105,0.042,0.034
48,A1_2,0.04,0.009,0.012,0.015,0.296,0.21,0.158,0.014,0.009,0.015,0.004,0.006,0.007,0.117,0.043,0.044
48,A1_3,0.007,0.003,0.001,0.003,0.903,0.012,0.014,0.002,0.004,0.003,0.001,0.001,0.001,0.031,0.004,0.01
48,B1_1,0.585,0.036,0.085,0.081,0.004,0.003,0.008,0.01,0.012,0.009,0.01,0.01,0.011,0.014,0.102,0.019
48,B1_2,0.451,0.041,0.051,0.089,0.041,0.008,0.015,0.015,0.018,0.016,0.01,0.012,0.009,0.041,0.157,0.027
48,B1_3,0.532,0.096,0.109,0.065,0.006,0.009,0.012,0.005,0.016,0.008,0.025,0.022,0.019,0.019,0.04,0.018
48,A2_1,0.325,0.005,0.007,0.016,0.009,0.016,0.014,0.011,0.007,0.01,0.036,0.196,0.044,0.056,0.162,0.087
48,A2_2,0.264,0.028,0.026,0.015,0.009,0.028,0.015,0.028,0.039,0.029,0.142,0.101,0.091,0.059,0.032,0.094
48,A2_3,0.373,0.013,0.011,0.011,0.006,0.016,0.009,0.01,0.015,0.011,0.11,0.224,0.068,0.032,0.039,0.053
48,B2_1,0.255,0.028,0.018,0.02,0.082,0.007,0.01,0.103,0.11,0.103,0.035,0.014,0.025,0.068,0.044,0.077
48,B2_2,0.097,0.01,0.01,0.013,0.036,0.01,0.01,0.209,0.069,0.156,0.022,0.011,0.023,0.121,0.072,0.129
48,B2_3,0.09,0.008,0.008,0.008,0.027,0.006,0.007,0.324,0.092,0.228,0.012,0.004,0.012,0.063,0.048,0.063
48,y1,0.656,0.019,0.02,0.02,0.035,0.023,0.037,0.012,0.021,0.02,0.017,0.049,0.029,0.012,0.019,0.013
48,y2,0.474,0.088,0.076,0.05,0.033,0.03,0.027,0.019,0.047,0.028,0.028,0.016,0.021,0.022,0.026,0.014
48,y3,0.715,0.008,0.01,0.016,0.064,0.006,0.016,0.017,0.023,0.02,0.015,0.035,0.022,0.007,0.016,0.01
50,.,0.088,0.011,0.025,0.021,0.051,0.039,0.046,0.024,0.026,0.019,0.019,0.037,0.027,0.216,0.143,0.21
50,A1_1,0.402,0.015,0.015,0.011,0.072,0.044,0.132,0.008,0.01,0.008,0.036,0.015,0.015,0.102,0.02,0.095
50,A1_2,0.329,0.011,0.017,0.009,0.162,0.033,0.181,0.016,0.011,0.015,0.008,0.008,0.007,0.056,0.028,0.108
50,A1_3,0.222,0.008,0.014,0.014,0.18,0.128,0.178,0.007,0.005,0.009,0.014,0.026,0.013,0.062,0.027,0.092
50,B1_1,0.125,0.109,0.656,0.035,0.008,0.003,0.004,0.011,0.007,0.013,0.001,0.002,0.001,0.01,0.008,0.009
50,B1_2,0.365,0.204,0.266,0.062,0.006,0.006,0.008,0.005,0.003,0.004,0.01,0.008,0.006,0.012,0.021,0.015
50,B1_3,0.182,0.156,0.468,0.05,0.012,0.006,0.007,0.02,0.011,0.014,0.003,0.006,0.003,0.014,0.033,0.016
50,A2_1,0.248,0.024,0.018,0.031,0.018,0.038,0.022,0.019,0.025,0.022,0.104,0.116,0.064,0.089,0.081,0.08
50,A2_2,0.163,0.01,0.006,0.018,0.006,0.019,0.013,0.005,0.018,0.007,0.289,0.095,0.12,0.12,0.044,0.067
