,,.,A1_1,A1_2,A1_3,B1_1,B1_2,B1_3,A2_1,A2_2,A2_3,B2_1,B2_2,B2_3,y1,y2,y3
0,.,1.0,0.484,0.107,-0.34,0.388,0.163,-0.564,-0.361,-0.211,-0.253,0.437,0.015,-0.041,0.284,0.121,-0.229
0,A1_1,0.484,1.0,-0.393,-0.055,-0.061,0.032,-0.237,-0.709,-0.302,-0.374,-0.09,-0.222,0.335,-0.116,0.273,-0.352
0,A1_2,0.107,-0.393,1.0,-0.237,0.664,0.343,0.025,0.057,0.284,0.255,0.252,0.23,-0.055,0.185,-0.329,0.147
0,A1_3,-0.34,-0.055,-0.237,1.0,-0.429,-0.245,0.076,-0.026,-0.086,0.364,-0.292,-0.285,0.017,0.136,-0.03,0.089
0,B1_1,0.388,-0.061,0.664,-0.429,1.0,0.088,-0.075,-0.024,0.581,-0.149,0.095,0.539,-0.272,0.314,-0.277,0.134
0,B1_2,0.163,0.032,0.343,-0.245,0.088,1.0,-0.136,0.312,0.188,0.058,0.154,-0.237,0.544,-0.057,0.544,-0.162
0,B1_3,-0.564,-0.237,0.025,0.076,-0.075,-0.136,1.0,0.33,0.008,0.266,-0.359,0.175,0.218,0.059,0.287,0.458
0,A2_1,-0.361,-0.709,0.057,-0.026,-0.024,0.312,0.33,1.0,0.4,0.054,0.101,0.007,-0.022,0.144,0.309,0.41
0,A2_2,-0.211,-0.302,0.284,-0.086,0.581,0.188,0.008,0.4,1.0,-0.272,-0.323,0.182,0.001,-0.057,-0.047,0.266
0,A2_3,-0.253,-0.374,0.255,0.364,-0.149,0.058,0.266,0.054,-0.272,1.0,-0.239,0.378,-0.048,0.376,-0.024,-0.313
0,B2_1,0.437,-0.09,0.252,-0.292,0.095,0.154,-0.359,0.101,-0.323,-0.239,1.0,-0.138,-0.354,-0.072,-0.268,0.168
0,B2_2,0.015,-0.222,0.23,-0.285,0.539,-0.237,0.175,0.007,0.182,0.378,-0.138,1.0,-0.618,0.405,-0.297,-0.063
0,B2_3,-0.041,0.335,-0.055,0.017,-0.272,0.544,0.218,-0.022,0.001,-0.048,-0.354,-0.618,1.0,-0.286,0.699,-0.15
0,y1,0.284,-0.116,0.185,0.136,0.314,-0.057,0.059,0.144,-0.057,0.376,-0.072,0.405,-0.286,1.0,0.072,-0.135
0,y2,0.121,0.273,-0.329,-0.03,-0.277,0.544,0.287,0.309,-0.047,-0.024,-0.268,-0.297,0.699,0.072,1.0,0.025
0,y3,-0.229,-0.352,0.147,0.089,0.134,-0.162,0.458,0.41,0.266,-0.313,0.168,-0.063,-0.15,-0.135,0.025,1.0
1,.,1.0,0.484,0.106,-0.338,0.389,0.161,-0.564,-0.361,-0.209,-0.256,0.437,0.012,-0.042,0.282,0.121,-0.224
1,A1_1,0.484,1.0,-0.394,-0.055,-0.062,0.032,-0.236,-0.71,-0.304,-0.373,-0.088,-0.221,0.335,-0.117,0.272,-0.353
1,A1_2,0.106,-0.394,1.0,-0.236,0.664,0.342,0.024,0.056,0.283,0.255,0.252,0.23,-0.056,0.186,-0.329,0.148
1,A1_3,-0.338,-0.055,-0.236,1.0,-0.429,-0.245,0.076,-0.024,-0.085,0.365,-0.291,-0.284,0.017,0.136,-0.03,0.089
1,B1_1,0.389,-0.062,0.664,-0.429,1.0,0.088,-0.074,-0.025,0.58,-0.151,0.096,0.539,-0.273,0.315,-0.277,0.136
1,B1_2,0.161,0.032,0.342,-0.245,0.088,1.0,-0.135,0.312,0.187,0.057,0.153,-0.238,0.544,-0.055,0.545,-0.16
1,B1_3,-0.564,-0.236,0.024,0.076,-0.074,-0.135,1.0,0.329,0.008,0.264,-0.357,0.176,0.219,0.058,0.287,0.458
1,A2_1,-0.361,-0.71,0.056,-0.024,-0.025,0.312,0.329,1.0,0.4,0.054,0.101,0.006,-0.023,0.144,0.31,0.41
1,A2_2,-0.209,-0.304,0.283,-0.085,0.58,0.187,0.008,0.4,1.0,-0.272,-0.323,0.181,0.0,-0.057,-0.049,0.266
1,A2_3,-0.256,-0.373,0.255,0.365,-0.151,0.057,0.264,0.054,-0.272,1.0,-0.239,0.376,-0.049,0.377,-0.024,-0.312
1,B2_1,0.437,-0.088,0.252,-0.291,0.096,0.153,-0.357,0.101,-0.323,-0.239,1.0,-0.138,-0.355,-0.07,-0.267,0.171
1,B2_2,0.012,-0.221,0.23,-0.284,0.539,-0.238,0.176,0.006,0.181,0.376,-0.138,1.0,-0.618,0.406,-0.296,-0.061
1,B2_3,-0.042,0.335,-0.056,0.017,-0.273,0.544,0.219,-0.023,0.0,-0.049,-0.355,-0.618,1.0,-0.286,0.698,-0.15
1,y1,0.282,-0.117,0.186,0.136,0.315,-0.055,0.058,0.144,-0.057,0.377,-0.07,0.406,-0.286,1.0,0.073,-0.133
1,y2,0.121,0.272,-0.329,-0.03,-0.277,0.545,0.287,0.31,-0.049,-0.024,-0.267,-0.296,0.698,0.073,1.0,0.026
1,y3,-0.224,-0.353,0.148,0.089,0.136,-0.16,0.458,0.41,0.266,-0.312,0.171,-0.061,-0.15,-0.133,0.026,1.0
2,.,1.0,0.485,0.106,-0.336,0.389,0.159,-0.565,-0.362,-0.207,-0.26,0.437,0.009,-0.043,0.28,0.12,-0.219
2,A1_1,0.485,1.0,-0.394,-0.055,-0.062,0.032,-0.236,-0.711,-0.306,-0.372,-0.087,-0.221,0.335,-0.117,0.272,-0.352
2,A1_2,0.106,-0.394,1.0,-0.235,0.663,0.342,0.024,0.055,0.282,0.256,0.253,0.23,-0.057,0.187,-0.329,0.149
2,A1_3,-0.336,-0.055,-0.235,1.0,-0.429,-0.246,0.075,-0.023,-0.083,0.366,-0.291,-0.284,0.016,0.136,-0.031,0.088
2,B1_1,0.389,-0.062,0.663,-0.429,1.0,0.088,-0.073,-0.026,0.579,-0.152,0.096,0.54,-0.273,0.316,-0.277,0.137
2,B1_2,0.159,0.032,0.342,-0.246,0.088,1.0,-0.134,0.312,0.187,0.056,0.152,-0.239,0.544,-0.053,0.546,-0.157
2,B1_3,-0.565,-0.236,0.024,0.075,-0.073,-0.134,1.0,0.328,0.007,0.262,-0.356,0.178,0.22,0.058,0.286,0.458
2,A2_1,-0.362,-0.711,0.055,-0.023,-0.026,0.312,0.328,1.0,0.4,0.055,0.101,0.005,-0.023,0.144,0.309,0.411
2,A2_2,-0.207,-0.306,0.282,-0.083,0.579,0.187,0.007,0.4,1.0,-0.271,-0.323,0.181,-0.001,-0.058,-0.05,0.265
2,A2_3,-0.26,-0.372,0.256,0.366,-0.152,0.056,0.262,0.055,-0.271,1.0,-0.24,0.375,-0.051,0.378,-0.024,-0.311
2,B2_1,0.437,-0.087,0.253,-0.291,0.096,0.152,-0.356,0.101,-0.323,-0.24,1.0,-0.138,-0.355,-0.068,-0.267,0.173
2,B2_2,0.009,-0.221,0.23,-0.284,0.54,-0.239,0.178,0.005,0.181,0.375,-0.138,1.0,-0.618,0.408,-0.295,-0.06
2,B2_3,-0.043,0.335,-0.057,0.016,-0.273,0.544,0.22,-0.023,-0.001,-0.051,-0.355,-0.618,1.0,-0.286,0.697,-0.15
2,y1,0.28,-0.117,0.187,0.136,0.316,-0.053,0.058,0.144,-0.058,0.378,-0.068,0.408,-0.286,1.0,0.074,-0.132
2,y2,0.12,0.272,-0.329,-0.031,-0.277,0.546,0.286,0.309,-0.05,-0.024,-0.267,-0.295,0.697,0.074,1.0,0.027
2,y3,-0.219,-0.352,0.149,0.088,0.137,-0.157,0.458,0.411,0.265,-0.311,0.173,-0.06,-0.15,-0.132,0.027,1.0
3,.,1.0,0.485,0.105,-0.334,0.389,0.157,-0.565,-0.362,-0.205,-0.263,0.436,0.007,-0.044,0.278,0.118,-0.215
3,A1_1,0.485,1.0,-0.395,-0.055,-0.062,0.032,-0.236,-0.711,-0.307,-0.372,-0.086,-0.22,0.336,-0.117,0.272,-0.352
3,A1_2,0.105,-0.395,1.0,-0.234,0.663,0.342,0.024,0.055,0.282,0.256,0.253,0.23,-0.057,0.187,-0.329,0.15
3,A1_3,-0.334,-0.055,-0.234,1.0,-0.429,-0.247,0.075,-0.021,-0.082,0.367,-0.291,-0.284,0.016,0.137,-0.031,0.088
3,B1_1,0.389,-0.062,0.663,-0.429,1.0,0.087,-0.071,-0.028,0.578,-0.153,0.096,0.54,-0.273,0.317,-0.277,0.138
3,B1_2,0.157,0.032,0.342,-0.247,0.087,1.0,-0.134,0.311,0.187,0.055,0.151,-0.24,0.544,-0.051,0.547,-0.155
3,B1_3,-0.565,-0.236,0.024,0.075,-0.071,-0.134,1.0,0.327,0.007,0.261,-0.354,0.179,0.221,0.058,0.286,0.458
3,A2_1,-0.362,-0.711,0.055,-0.021,-0.028,0.311,0.327,1.0,0.4,0.055,0.102,0.005,-0.025,0.145,0.309,0.412
3,A2_2,-0.205,-0.307,0.282,-0.082,0.578,0.187,0.007,0.4,1.0,-0.27,-0.323,0.181,-0.002,-0.058,-0.051,0.264
3,A2_3,-0.263,-0.372,0.256,0.367,-0.153,0.055,0.261,0.055,-0.27,1.0,-0.24,0.374,-0.052,0.378,-0.024,-0.31
3,B2_1,0.436,-0.086,0.253,-0.291,0.096,0.151,-0.354,0.102,-0.323,-0.24,1.0,-0.138,-0.356,-0.066,-0.266,0.176
3,B2_2,0.007,-0.22,0.23,-0.284,0.54,-0.24,0.179,0.005,0.181,0.374,-0.138,1.0,-0.618,0.409,-0.294,-0.058
3,B2_3,-0.044,0.336,-0.057,0.016,-0.273,0.544,0.221,-0.025,-0.002,-0.052,-0.356,-0.618,1.0,-0.286,0.697,-0.149
3,y1,0.278,-0.117,0.187,0.137,0.317,-0.051,0.058,0.145,-0.058,0.378,-0.066,0.409,-0.286,1.0,0.074,-0.131
3,y2,0.118,0.272,-0.329,-0.031,-0.277,0.547,0.286,0.309,-0.051,-0.024,-0.266,-0.294,0.697,0.074,1.0,0.028
3,y3,-0.215,-0.352,0.15,0.088,0.138,-0.155,0.458,0.412,0.264,-0.31,0.176,-0.058,-0.149,-0.131,0.028,1.0
4,.,1.0,0.485,0.104,-0.332,0.389,0.154,-0.565,-0.364,-0.204,-0.266,0.436,0.005,-0.045,0.277,0.116,-0.212
4,A1_1,0.485,1.0,-0.395,-0.055,-0.061,0.032,-0.235,-0.712,-0.309,-0.372,-0.085,-0.219,0.336,-0.117,0.271,-0.353
4,A1_2,0.104,-0.395,1.0,-0.233,0.662,0.342,0.023,0.054,0.282,0.256,0.253,0.231,-0.058,0.187,-0.33,0.151
4,A1_3,-0.332,-0.055,-0.233,1.0,-0.43,-0.247,0.074,-0.02,-0.081,0.368,-0.29,-0.285,0.016,0.136,-0.031,0.088
4,B1_1,0.389,-0.061,0.662,-0.43,1.0,0.087,-0.07,-0.029,0.577,-0.154,0.097,0.54,-0.273,0.317,-0.278,0.139
4,B1_2,0.154,0.032,0.342,-0.247,0.087,1.0,-0.133,0.311,0.187,0.054,0.15,-0.241,0.544,-0.049,0.548,-0.153
4,B1_3,-0.565,-0.235,0.023,0.074,-0.07,-0.133,1.0,0.326,0.006,0.259,-0.353,0.18,0.221,0.058,0.286,0.459
4,A2_1,-0.364,-0.712,0.054,-0.02,-0.029,0.311,0.326,1.0,0.4,0.056,0.101,0.005,-0.026,0.145,0.309,0.412
4,A2_2,-0.204,-0.309,0.282,-0.081,0.577,0.187,0.006,0.4,1.0,-0.269,-0.323,0.181,-0.002,-0.058,-0.052,0.263
4,A2_3,-0.266,-0.372,0.256,0.368,-0.154,0.054,0.259,0.056,-0.269,1.0,-0.241,0.373,-0.053,0.378,-0.024,-0.309
4,B2_1,0.436,-0.085,0.253,-0.29,0.097,0.15,-0.353,0.101,-0.323,-0.241,1.0,-0.138,-0.356,-0.064,-0.265,0.178
4,B2_2,0.005,-0.219,0.231,-0.285,0.54,-0.241,0.18,0.005,0.181,0.373,-0.138,1.0,-0.618,0.41,-0.294,-0.057
4,B2_3,-0.045,0.336,-0.058,0.016,-0.273,0.544,0.221,-0.026,-0.002,-0.053,-0.356,-0.618,1.0,-0.286,0.695,-0.149
4,y1,0.277,-0.117,0.187,0.136,0.317,-0.049,0.058,0.145,-0.058,0.378,-0.064,0.41,-0.286,1.0,0.075,-0.13
4,y2,0.116,0.271,-0.33,-0.031,-0.278,0.548,0.286,0.309,-0.052,-0.024,-0.265,-0.294,0.695,0.075,1.0,0.029
4,y3,-0.212,-0.353,0.151,0.088,0.139,-0.153,0.459,0.412,0.263,-0.309,0.178,-0.057,-0.149,-0.13,0.029,1.0
5,.,1.0,0.487,0.103,-0.329,0.39,0.151,-0.566,-0.365,-0.202,-0.269,0.435,0.002,-0.046,0.275,0.115,-0.208
5,A1_1,0.487,1.0,-0.396,-0.054,-0.061,0.033,-0.235,-0.713,-0.31,-0.371,-0.084,-0.218,0.337,-0.117,0.271,-0.353
5,A1_2,0.103,-0.396,1.0,-0.232,0.662,0.342,0.023,0.054,0.282,0.256,0.253,0.231,-0.059,0.187,-0.33,0.151
5,A1_3,-0.329,-0.054,-0.232,1.0,-0.43,-0.247,0.074,-0.019,-0.08,0.369,-0.29,-0.285,0.016,0.136,-0.031,0.087
5,B1_1,0.39,-0.061,0.662,-0.43,1.0,0.087,-0.068,-0.03,0.576,-0.156,0.097,0.541,-0.273,0.317,-0.278,0.14
5,B1_2,0.151,0.033,0.342,-0.247,0.087,1.0,-0.133,0.311,0.187,0.053,0.149,-0.242,0.544,-0.047,0.549,-0.15
5,B1_3,-0.566,-0.235,0.023,0.074,-0.068,-0.133,1.0,0.325,0.006,0.257,-0.351,0.181,0.222,0.058,0.285,0.459
5,A2_1,-0.365,-0.713,0.054,-0.019,-0.03,0.311,0.325,1.0,0.4,0.057,0.101,0.004,-0.027,0.146,0.309,0.413
5,A2_2,-0.202,-0.31,0.282,-0.08,0.576,0.187,0.006,0.4,1.0,-0.268,-0.324,0.18,-0.003,-0.059,-0.053,0.262
5,A2_3,-0.269,-0.371,0.256,0.369,-0.156,0.053,0.257,0.057,-0.268,1.0,-0.242,0.371,-0.055,0.379,-0.023,-0.308
5,B2_1,0.435,-0.084,0.253,-0.29,0.097,0.149,-0.351,0.101,-0.324,-0.242,1.0,-0.138,-0.357,-0.063,-0.265,0.18
5,B2_2,0.002,-0.218,0.231,-0.285,0.541,-0.242,0.181,0.004,0.18,0.371,-0.138,1.0,-0.618,0.411,-0.293,-0.056
5,B2_3,-0.046,0.337,-0.059,0.016,-0.273,0.544,0.222,-0.027,-0.003,-0.055,-0.357,-0.618,1.0,-0.285,0.695,-0.148
5,y1,0.275,-0.117,0.187,0.136,0.317,-0.047,0.058,0.146,-0.059,0.379,-0.063,0.411,-0.285,1.0,0.077,-0.13
5,y2,0.115,0.271,-0.33,-0.031,-0.278,0.549,0.285,0.309,-0.053,-0.023,-0.265,-0.293,0.695,0.077,1.0,0.03
5,y3,-0.208,-0.353,0.151,0.087,0.14,-0.15,0.459,0.413,0.262,-0.308,0.18,-0.056,-0.148,-0.13,0.03,1.0
6,.,1.0,0.488,0.102,-0.327,0.389,0.148,-0.567,-0.367,-0.2,-0.272,0.433,-0.0,-0.046,0.273,0.113,-0.205
6,A1_1,0.488,1.0,-0.396,-0.054,-0.061,0.033,-0.234,-0.713,-0.312,-0.371,-0.083,-0.218,0.337,-0.117,0.27,-0.353
6,A1_2,0.102,-0.396,1.0,-0.231,0.662,0.342,0.022,0.053,0.282,0.257,0.253,0.231,-0.059,0.188,-0.33,0.152
6,A1_3,-0.327,-0.054,-0.231,1.0,-0.43,-0.248,0.073,-0.017,-0.079,0.37,-0.29,-0.286,0.016,0.137,-0.032,0.087
6,B1_1,0.389,-0.061,0.662,-0.43,1.0,0.087,-0.067,-0.031,0.575,-0.157,0.098,0.541,-0.273,0.317,-0.278,0.141
6,B1_2,0.148,0.033,0.342,-0.248,0.087,1.0,-0.132,0.31,0.187,0.052,0.148,-0.243,0.543,-0.046,0.55,-0.148
6,B1_3,-0.567,-0.234,0.022,0.073,-0.067,-0.132,1.0,0.324,0.006,0.255,-0.35,0.182,0.223,0.057,0.285,0.459
6,A2_1,-0.367,-0.713,0.053,-0.017,-0.031,0.31,0.324,1.0,0.401,0.057,0.101,0.004,-0.028,0.146,0.309,0.413
6,A2_2,-0.2,-0.312,0.282,-0.079,0.575,0.187,0.006,0.401,1.0,-0.268,-0.324,0.18,-0.004,-0.059,-0.054,0.262
6,A2_3,-0.272,-0.371,0.257,0.37,-0.157,0.052,0.255,0.057,-0.268,1.0,-0.242,0.37,-0.056,0.379,-0.023,-0.308
6,B2_1,0.433,-0.083,0.253,-0.29,0.098,0.148,-0.35,0.101,-0.324,-0.242,1.0,-0.139,-0.357,-0.062,-0.264,0.182
6,B2_2,-0.0,-0.218,0.231,-0.286,0.541,-0.243,0.182,0.004,0.18,0.37,-0.139,1.0,-0.618,0.411,-0.292,-0.054
6,B2_3,-0.046,0.337,-0.059,0.016,-0.273,0.543,0.223,-0.028,-0.004,-0.056,-0.357,-0.618,1.0,-0.285,0.694,-0.147
6,y1,0.273,-0.117,0.188,0.137,0.317,-0.046,0.057,0.146,-0.059,0.379,-0.062,0.411,-0.285,1.0,0.078,-0.129
6,y2,0.113,0.27,-0.33,-0.032,-0.278,0.55,0.285,0.309,-0.054,-0.023,-0.264,-0.292,0.694,0.078,1.0,0.03
6,y3,-0.205,-0.353,0.152,0.087,0.141,-0.148,0.459,0.413,0.262,-0.308,0.182,-0.054,-0.147,-0.129,0.03,1.0
7,.,1.0,0.49,0.1,-0.325,0.389,0.146,-0.567,-0.368,-0.199,-0.275,0.432,-0.003,-0.046,0.27,0.112,-0.203
7,A1_1,0.49,1.0,-0.397,-0.054,-0.061,0.033,-0.234,-0.714,-0.313,-0.37,-0.082,-0.217,0.337,-0.117,0.27,-0.353
7,A1_2,0.1,-0.397,1.0,-0.23,0.661,0.342,0.022,0.053,0.282,0.257,0.253,0.231,-0.06,0.188,-0.33,0.153
7,A1_3,-0.325,-0.054,-0.23,1.0,-0.431,-0.248,0.073,-0.016,-0.078,0.371,-0.29,-0.286,0.015,0.136,-0.032,0.087
7,B1_1,0.389,-0.061,0.661,-0.431,1.0,0.087,-0.066,-0.032,0.574,-0.158,0.098,0.542,-0.273,0.318,-0.278,0.142
7,B1_2,0.146,0.033,0.342,-0.248,0.087,1.0,-0.132,0.31,0.187,0.051,0.148,-0.243,0.543,-0.044,0.551,-0.147
7,B1_3,-0.567,-0.234,0.022,0.073,-0.066,-0.132,1.0,0.322,0.005,0.254,-0.349,0.184,0.224,0.057,0.285,0.46
7,A2_1,-0.368,-0.714,0.053,-0.016,-0.032,0.31,0.322,1.0,0.4,0.058,0.101,0.003,-0.028,0.146,0.309,0.414
7,A2_2,-0.199,-0.313,0.282,-0.078,0.574,0.187,0.005,0.4,1.0,-0.267,-0.324,0.18,-0.005,-0.059,-0.055,0.261
7,A2_3,-0.275,-0.37,0.257,0.371,-0.158,0.051,0.254,0.058,-0.267,1.0,-0.243,0.368,-0.058,0.379,-0.022,-0.306
7,B2_1,0.432,-0.082,0.253,-0.29,0.098,0.148,-0.349,0.101,-0.324,-0.243,1.0,-0.139,-0.357,-0.06,-0.264,0.184
7,B2_2,-0.003,-0.217,0.231,-0.286,0.542,-0.243,0.184,0.003,0.18,0.368,-0.139,1.0,-0.619,0.412,-0.291,-0.053
7,B2_3,-0.046,0.337,-0.06,0.015,-0.273,0.543,0.224,-0.028,-0.005,-0.058,-0.357,-0.619,1.0,-0.285,0.693,-0.147
7,y1,0.27,-0.117,0.188,0.136,0.318,-0.044,0.057,0.146,-0.059,0.379,-0.06,0.412,-0.285,1.0,0.079,-0.128
7,y2,0.112,0.27,-0.33,-0.032,-0.278,0.551,0.285,0.309,-0.055,-0.022,-0.264,-0.291,0.693,0.079,1.0,0.031
7,y3,-0.203,-0.353,0.153,0.087,0.142,-0.147,0.46,0.414,0.261,-0.306,0.184,-0.053,-0.147,-0.128,0.031,1.0
8,.,1.0,0.491,0.099,-0.323,0.388,0.144,-0.568,-0.37,-0.198,-0.278,0.431,-0.005,-0.046,0.269,0.111,-0.201
8,A1_1,0.491,1.0,-0.397,-0.054,-0.061,0.034,-0.234,-0.715,-0.315,-0.37,-0.081,-0.216,0.338,-0.117,0.269,-0.354
8,A1_2,0.099,-0.397,1.0,-0.229,0.661,0.342,0.021,0.052,0.281,0.257,0.253,0.231,-0.061,0.188,-0.33,0.153
8,A1_3,-0.323,-0.054,-0.229,1.0,-0.431,-0.249,0.072,-0.014,-0.076,0.372,-0.29,-0.286,0.015,0.137,-0.032,0.086
8,B1_1,0.388,-0.061,0.661,-0.431,1.0,0.086,-0.064,-0.033,0.573,-0.159,0.099,0.542,-0.273,0.318,-0.279,0.143
8,B1_2,0.144,0.034,0.342,-0.249,0.086,1.0,-0.132,0.31,0.187,0.049,0.147,-0.244,0.543,-0.043,0.551,-0.145
8,B1_3,-0.568,-0.234,0.021,0.072,-0.064,-0.132,1.0,0.321,0.004,0.252,-0.347,0.185,0.224,0.057,0.284,0.46
8,A2_1,-0.37,-0.715,0.052,-0.014,-0.033,0.31,0.321,1.0,0.401,0.058,0.1,0.003,-0.03,0.146,0.309,0.414
8,A2_2,-0.198,-0.315,0.281,-0.076,0.573,0.187,0.004,0.401,1.0,-0.266,-0.324,0.18,-0.006,-0.059,-0.056,0.26
8,A2_3,-0.278,-0.37,0.257,0.372,-0.159,0.049,0.252,0.058,-0.266,1.0,-0.244,0.367,-0.059,0.38,-0.022,-0.305
8,B2_1,0.431,-0.081,0.253,-0.29,0.099,0.147,-0.347,0.1,-0.324,-0.244,1.0,-0.139,-0.357,-0.059,-0.263,0.186
8,B2_2,-0.005,-0.216,0.231,-0.286,0.542,-0.244,0.185,0.003,0.18,0.367,-0.139,1.0,-0.619,0.412,-0.29,-0.051
8,B2_3,-0.046,0.338,-0.061,0.015,-0.273,0.543,0.224,-0.03,-0.006,-0.059,-0.357,-0.619,1.0,-0.284,0.692,-0.146
8,y1,0.269,-0.117,0.188,0.137,0.318,-0.043,0.057,0.146,-0.059,0.38,-0.059,0.412,-0.284,1.0,0.08,-0.127
8,y2,0.111,0.269,-0.33,-0.032,-0.279,0.551,0.284,0.309,-0.056,-0.022,-0.263,-0.29,0.692,0.08,1.0,0.031
8,y3,-0.201,-0.354,0.153,0.086,0.143,-0.145,0.46,0.414,0.26,-0.305,0.186,-0.051,-0.146,-0.127,0.031,1.0
9,.,1.0,0.493,0.097,-0.321,0.388,0.141,-0.568,-0.372,-0.197,-0.281,0.429,-0.007,-0.046,0.267,0.11,-0.199
9,A1_1,0.493,1.0,-0.398,-0.054,-0.06,0.034,-0.233,-0.715,-0.316,-0.37,-0.081,-0.215,0.338,-0.117,0.269,-0.355
9,A1_2,0.097,-0.398,1.0,-0.229,0.661,0.343,0.021,0.052,0.281,0.258,0.254,0.232,-0.061,0.189,-0.33,0.153
9,A1_3,-0.321,-0.054,-0.229,1.0,-0.432,-0.249,0.072,-0.013,-0.075,0.372,-0.289,-0.287,0.015,0.137,-0.032,0.086
9,B1_1,0.388,-0.06,0.661,-0.432,1.0,0.086,-0.063,-0.034,0.571,-0.16,0.099,0.543,-0.273,0.318,-0.279,0.144
9,B1_2,0.141,0.034,0.343,-0.249,0.086,1.0,-0.131,0.309,0.186,0.048,0.147,-0.245,0.543,-0.042,0.552,-0.143
9,B1_3,-0.568,-0.233,0.021,0.072,-0.063,-0.131,1.0,0.32,0.004,0.251,-0.346,0.186,0.225,0.057,0.284,0.461
9,A2_1,-0.372,-0.715,0.052,-0.013,-0.034,0.309,0.32,1.0,0.401,0.059,0.1,0.002,-0.031,0.146,0.309,0.415
9,A2_2,-0.197,-0.316,0.281,-0.075,0.571,0.186,0.004,0.401,1.0,-0.265,-0.324,0.18,-0.006,-0.06,-0.056,0.259
9,A2_3,-0.281,-0.37,0.258,0.372,-0.16,0.048,0.251,0.059,-0.265,1.0,-0.244,0.366,-0.06,0.38,-0.021,-0.305
9,B2_1,0.429,-0.081,0.254,-0.289,0.099,0.147,-0.346,0.1,-0.324,-0.244,1.0,-0.139,-0.358,-0.058,-0.263,0.188
9,B2_2,-0.007,-0.215,0.232,-0.287,0.543,-0.245,0.186,0.002,0.18,0.366,-0.139,1.0,-0.618,0.413,-0.29,-0.05
9,B2_3,-0.046,0.338,-0.061,0.015,-0.273,0.543,0.225,-0.031,-0.006,-0.06,-0.358,-0.618,1.0,-0.284,0.691,-0.146
9,y1,0.267,-0.117,0.189,0.137,0.318,-0.042,0.057,0.146,-0.06,0.38,-0.058,0.413,-0.284,1.0,0.081,-0.126
9,y2,0.11,0.269,-0.33,-0.032,-0.279,0.552,0.284,0.309,-0.056,-0.021,-0.263,-0.29,0.691,0.081,1.0,0.032
9,y3,-0.199,-0.355,0.153,0.086,0.144,-0.143,0.461,0.415,0.259,-0.305,0.188,-0.05,-0.146,-0.126,0.032,1.0
10,.,1.0,0.494,0.095,-0.318,0.387,0.139,-0.569,-0.373,-0.195,-0.284,0.428,-0.01,-0.046,0.265,0.108,-0.196
10,A1_1,0.494,1.0,-0.398,-0.054,-0.06,0.035,-0.233,-0.716,-0.317,-0.369,-0.08,-0.215,0.339,-0.117,0.268,-0.355
10,A1_2,0.095,-0.398,1.0,-0.228,0.66,0.343,0.02,0.052,0.281,0.258,0.254,0.232,-0.062,0.189,-0.33,0.154
10,A1_3,-0.318,-0.054,-0.228,1.0,-0.432,-0.25,0.071,-0.012,-0.074,0.373,-0.289,-0.288,0.014,0.137,-0.032,0.086
10,B1_1,0.387,-0.06,0.66,-0.432,1.0,0.086,-0.062,-0.035,0.57,-0.161,0.1,0.543,-0.272,0.318,-0.279,0.144
10,B1_2,0.139,0.035,0.343,-0.25,0.086,1.0,-0.131,0.309,0.186,0.047,0.146,-0.246,0.543,-0.04,0.553,-0.141
10,B1_3,-0.569,-0.233,0.02,0.071,-0.062,-0.131,1.0,0.319,0.003,0.249,-0.345,0.187,0.225,0.057,0.284,0.461
10,A2_1,-0.373,-0.716,0.052,-0.012,-0.035,0.309,0.319,1.0,0.401,0.06,0.1,0.001,-0.032,0.146,0.309,0.415
10,A2_2,-0.195,-0.317,0.281,-0.074,0.57,0.186,0.003,0.401,1.0,-0.264,-0.324,0.179,-0.007,-0.06,-0.057,0.259
10,A2_3,-0.284,-0.369,0.258,0.373,-0.161,0.047,0.249,0.06,-0.264,1.0,-0.245,0.365,-0.062,0.38,-0.021,-0.304
10,B2_1,0.428,-0.08,0.254,-0.289,0.1,0.146,-0.345,0.1,-0.324,-0.245,1.0,-0.139,-0.358,-0.056,-0.263,0.19
10,B2_2,-0.01,-0.215,0.232,-0.288,0.543,-0.246,0.187,0.001,0.179,0.365,-0.139,1.0,-0.618,0.413,-0.289,-0.049
10,B2_3,-0.046,0.339,-0.062,0.014,-0.272,0.543,0.225,-0.032,-0.007,-0.062,-0.358,-0.618,1.0,-0.284,0.69,-0.145
10,y1,0.265,-0.117,0.189,0.137,0.318,-0.04,0.057,0.146,-0.06,0.38,-0.056,0.413,-0.284,1.0,0.082,-0.125
10,y2,0.108,0.268,-0.33,-0.032,-0.279,0.553,0.284,0.309,-0.057,-0.021,-0.263,-0.289,0.69,0.082,1.0,0.032
10,y3,-0.196,-0.355,0.154,0.086,0.144,-0.141,0.461,0.415,0.259,-0.304,0.19,-0.049,-0.145,-0.125,0.032,1.0
11,.,1.0,0.496,0.094,-0.317,0.387,0.136,-0.57,-0.375,-0.194,-0.286,0.427,-0.012,-0.046,0.263,0.107,-0.194
11,A1_1,0.496,1.0,-0.399,-0.054,-0.06,0.035,-0.233,-0.716,-0.319,-0.369,-0.08,-0.214,0.339,-0.117,0.268,-0.356
11,A1_2,0.094,-0.399,1.0,-0.227,0.66,0.343,0.02,0.052,0.281,0.259,0.254,0.232,-0.062,0.19,-0.33,0.154
11,A1_3,-0.317,-0.054,-0.227,1.0,-0.432,-0.251,0.071,-0.01,-0.073,0.374,-0.29,-0.288,0.014,0.137,-0.032,0.086
11,B1_1,0.387,-0.06,0.66,-0.432,1.0,0.086,-0.061,-0.036,0.569,-0.162,0.101,0.543,-0.272,0.318,-0.279,0.145
11,B1_2,0.136,0.035,0.343,-0.251,0.086,1.0,-0.131,0.309,0.186,0.046,0.146,-0.246,0.543,-0.039,0.554,-0.139
11,B1_3,-0.57,-0.233,0.02,0.071,-0.061,-0.131,1.0,0.318,0.002,0.248,-0.344,0.188,0.226,0.057,0.283,0.461
11,A2_1,-0.375,-0.716,0.052,-0.01,-0.036,0.309,0.318,1.0,0.402,0.061,0.1,0.001,-0.033,0.147,0.309,0.415
11,A2_2,-0.194,-0.319,0.281,-0.073,0.569,0.186,0.002,0.402,1.0,-0.263,-0.324,0.179,-0.007,-0.06,-0.057,0.258
11,A2_3,-0.286,-0.369,0.259,0.374,-0.162,0.046,0.248,0.061,-0.263,1.0,-0.245,0.364,-0.063,0.38,-0.02,-0.303
11,B2_1,0.427,-0.08,0.254,-0.29,0.101,0.146,-0.344,0.1,-0.324,-0.245,1.0,-0.138,-0.358,-0.055,-0.262,0.192
11,B2_2,-0.012,-0.214,0.232,-0.288,0.543,-0.246,0.188,0.001,0.179,0.364,-0.138,1.0,-0.618,0.414,-0.288,-0.048
11,B2_3,-0.046,0.339,-0.062,0.014,-0.272,0.543,0.226,-0.033,-0.007,-0.063,-0.358,-0.618,1.0,-0.284,0.69,-0.145
11,y1,0.263,-0.117,0.19,0.137,0.318,-0.039,0.057,0.147,-0.06,0.38,-0.055,0.414,-0.284,1.0,0.083,-0.124
11,y2,0.107,0.268,-0.33,-0.032,-0.279,0.554,0.283,0.309,-0.057,-0.02,-0.262,-0.288,0.69,0.083,1.0,0.033
11,y3,-0.194,-0.356,0.154,0.086,0.145,-0.139,0.461,0.415,0.258,-0.303,0.192,-0.048,-0.145,-0.124,0.033,1.0
12,.,1.0,0.494,0.09,-0.316,0.386,0.133,-0.573,-0.375,-0.191,-0.289,0.425,-0.013,-0.051,0.26,0.105,-0.194
12,A1_1,0.494,1.0,-0.4,-0.053,-0.061,0.035,-0.233,-0.717,-0.319,-0.368,-0.08,-0.213,0.339,-0.119,0.267,-0.358
12,A1_2,0.09,-0.4,1.0,-0.226,0.659,0.343,0.02,0.051,0.28,0.259,0.254,0.232,-0.062,0.189,-0.33,0.155
12,A1_3,-0.316,-0.053,-0.226,1.0,-0.433,-0.251,0.071,-0.01,-0.073,0.376,-0.29,-0.289,0.014,0.136,-0.031,0.086
12,B1_1,0.386,-0.061,0.659,-0.433,1.0,0.085,-0.059,-0.038,0.568,-0.165,0.1,0.543,-0.273,0.319,-0.279,0.146
12,B1_2,0.133,0.035,0.343,-0.251,0.085,1.0,-0.13,0.309,0.185,0.046,0.145,-0.247,0.543,-0.037,0.555,-0.137
12,B1_3,-0.573,-0.233,0.02,0.071,-0.059,-0.13,1.0,0.318,0.002,0.247,-0.342,0.19,0.227,0.058,0.282,0.461
12,A2_1,-0.375,-0.717,0.051,-0.01,-0.038,0.309,0.318,1.0,0.4,0.061,0.099,-0.001,-0.031,0.147,0.31,0.417
12,A2_2,-0.191,-0.319,0.28,-0.073,0.568,0.185,0.002,0.4,1.0,-0.263,-0.325,0.177,-0.008,-0.061,-0.057,0.258
12,A2_3,-0.289,-0.368,0.259,0.376,-0.165,0.046,0.247,0.061,-0.263,1.0,-0.246,0.362,-0.062,0.381,-0.018,-0.301
12,B2_1,0.425,-0.08,0.254,-0.29,0.1,0.145,-0.342,0.099,-0.325,-0.246,1.0,-0.138,-0.359,-0.054,-0.262,0.193
12,B2_2,-0.013,-0.213,0.232,-0.289,0.543,-0.247,0.19,-0.001,0.177,0.362,-0.138,1.0,-0.618,0.416,-0.288,-0.046
12,B2_3,-0.051,0.339,-0.062,0.014,-0.273,0.543,0.227,-0.031,-0.008,-0.062,-0.359,-0.618,1.0,-0.282,0.689,-0.145
12,y1,0.26,-0.119,0.189,0.136,0.319,-0.037,0.058,0.147,-0.061,0.381,-0.054,0.416,-0.282,1.0,0.084,-0.123
12,y2,0.105,0.267,-0.33,-0.031,-0.279,0.555,0.282,0.31,-0.057,-0.018,-0.262,-0.288,0.689,0.084,1.0,0.034
12,y3,-0.194,-0.358,0.155,0.086,0.146,-0.137,0.461,0.417,0.258,-0.301,0.193,-0.046,-0.145,-0.123,0.034,1.0
13,.,1.0,0.495,0.089,-0.314,0.386,0.13,-0.573,-0.377,-0.19,-0.292,0.424,-0.015,-0.051,0.258,0.104,-0.192
13,A1_1,0.495,1.0,-0.4,-0.053,-0.061,0.035,-0.233,-0.717,-0.32,-0.367,-0.079,-0.213,0.34,-0.118,0.267,-0.359
13,A1_2,0.089,-0.4,1.0,-0.226,0.658,0.343,0.019,0.051,0.28,0.259,0.254,0.232,-0.062,0.19,-0.33,0.156
13,A1_3,-0.314,-0.053,-0.226,1.0,-0.434,-0.252,0.07,-0.009,-0.072,0.376,-0.29,-0.289,0.014,0.136,-0.031,0.085
13,B1_1,0.386,-0.061,0.658,-0.434,1.0,0.085,-0.058,-0.039,0.566,-0.166,0.101,0.543,-0.273,0.319,-0.279,0.146
13,B1_2,0.13,0.035,0.343,-0.252,0.085,1.0,-0.129,0.308,0.185,0.045,0.144,-0.248,0.543,-0.035,0.556,-0.135
13,B1_3,-0.573,-0.233,0.019,0.07,-0.058,-0.129,1.0,0.317,0.002,0.245,-0.341,0.191,0.228,0.058,0.281,0.461
13,A2_1,-0.377,-0.717,0.051,-0.009,-0.039,0.308,0.317,1.0,0.401,0.062,0.099,-0.001,-0.032,0.147,0.31,0.418
13,A2_2,-0.19,-0.32,0.28,-0.072,0.566,0.185,0.002,0.401,1.0,-0.262,-0.326,0.176,-0.008,-0.061,-0.058,0.257
13,A2_3,-0.292,-0.367,0.259,0.376,-0.166,0.045,0.245,0.062,-0.262,1.0,-0.247,0.36,-0.064,0.382,-0.018,-0.3
13,B2_1,0.424,-0.079,0.254,-0.29,0.101,0.144,-0.341,0.099,-0.326,-0.247,1.0,-0.138,-0.359,-0.053,-0.262,0.195
13,B2_2,-0.015,-0.213,0.232,-0.289,0.543,-0.248,0.191,-0.001,0.176,0.36,-0.138,1.0,-0.618,0.416,-0.287,-0.045
13,B2_3,-0.051,0.34,-0.062,0.014,-0.273,0.543,0.228,-0.032,-0.008,-0.064,-0.359,-0.618,1.0,-0.282,0.688,-0.144
13,y1,0.258,-0.118,0.19,0.136,0.319,-0.035,0.058,0.147,-0.061,0.382,-0.053,0.416,-0.282,1.0,0.085,-0.123
13,y2,0.104,0.267,-0.33,-0.031,-0.279,0.556,0.281,0.31,-0.058,-0.018,-0.262,-0.287,0.688,0.085,1.0,0.034
13,y3,-0.192,-0.359,0.156,0.085,0.146,-0.135,0.461,0.418,0.257,-0.3,0.195,-0.045,-0.144,-0.123,0.034,1.0
14,.,1.0,0.496,0.088,-0.311,0.385,0.128,-0.574,-0.378,-0.188,-0.294,0.422,-0.018,-0.05,0.256,0.102,-0.19
14,A1_1,0.496,1.0,-0.401,-0.052,-0.061,0.035,-0.233,-0.718,-0.321,-0.367,-0.079,-0.212,0.34,-0.118,0.266,-0.359
14,A1_2,0.088,-0.401,1.0,-0.225,0.658,0.344,0.019,0.051,0.28,0.259,0.254,0.232,-0.063,0.19,-0.33,0.156
14,A1_3,-0.311,-0.052,-0.225,1.0,-0.434,-0.252,0.069,-0.007,-0.07,0.377,-0.29,-0.29,0.013,0.136,-0.032,0.085
14,B1_1,0.385,-0.061,0.658,-0.434,1.0,0.085,-0.056,-0.04,0.565,-0.167,0.101,0.544,-0.272,0.319,-0.279,0.147
14,B1_2,0.128,0.035,0.344,-0.252,0.085,1.0,-0.128,0.308,0.185,0.044,0.144,-0.248,0.543,-0.034,0.556,-0.133
14,B1_3,-0.574,-0.233,0.019,0.069,-0.056,-0.128,1.0,0.316,0.001,0.244,-0.339,0.192,0.228,0.058,0.281,0.462
14,A2_1,-0.378,-0.718,0.051,-0.007,-0.04,0.308,0.316,1.0,0.401,0.063,0.098,-0.001,-0.033,0.148,0.31,0.418
14,A2_2,-0.188,-0.321,0.28,-0.07,0.565,0.185,0.001,0.401,1.0,-0.261,-0.326,0.176,-0.009,-0.062,-0.059,0.256
14,A2_3,-0.294,-0.367,0.259,0.377,-0.167,0.044,0.244,0.063,-0.261,1.0,-0.247,0.359,-0.065,0.382,-0.017,-0.299
14,B2_1,0.422,-0.079,0.254,-0.29,0.101,0.144,-0.339,0.098,-0.326,-0.247,1.0,-0.138,-0.359,-0.052,-0.261,0.197
14,B2_2,-0.018,-0.212,0.232,-0.29,0.544,-0.248,0.192,-0.001,0.176,0.359,-0.138,1.0,-0.617,0.416,-0.286,-0.044
14,B2_3,-0.05,0.34,-0.063,0.013,-0.272,0.543,0.228,-0.033,-0.009,-0.065,-0.359,-0.617,1.0,-0.281,0.688,-0.143
14,y1,0.256,-0.118,0.19,0.136,0.319,-0.034,0.058,0.148,-0.062,0.382,-0.052,0.416,-0.281,1.0,0.086,-0.122
14,y2,0.102,0.266,-0.33,-0.032,-0.279,0.556,0.281,0.31,-0.059,-0.017,-0.261,-0.286,0.688,0.086,1.0,0.035
14,y3,-0.19,-0.359,0.156,0.085,0.147,-0.133,0.462,0.418,0.256,-0.299,0.197,-0.044,-0.143,-0.122,0.035,1.0
15,.,1.0,0.498,0.086,-0.31,0.385,0.125,-0.574,-0.38,-0.187,-0.297,0.421,-0.02,-0.05,0.253,0.1,-0.187
15,A1_1,0.498,1.0,-0.402,-0.052,-0.061,0.036,-0.233,-0.718,-0.323,-0.366,-0.078,-0.212,0.34,-0.119,0.265,-0.36
15,A1_2,0.086,-0.402,1.0,-0.224,0.658,0.344,0.019,0.051,0.28,0.26,0.254,0.232,-0.063,0.191,-0.33,0.157
15,A1_3,-0.31,-0.052,-0.224,1.0,-0.435,-0.253,0.069,-0.006,-0.069,0.378,-0.29,-0.29,0.012,0.136,-0.032,0.085
15,B1_1,0.385,-0.061,0.658,-0.435,1.0,0.085,-0.055,-0.041,0.563,-0.168,0.102,0.544,-0.272,0.318,-0.28,0.148
15,B1_2,0.125,0.036,0.344,-0.253,0.085,1.0,-0.128,0.307,0.185,0.043,0.144,-0.249,0.543,-0.033,0.557,-0.131
15,B1_3,-0.574,-0.233,0.019,0.069,-0.055,-0.128,1.0,0.314,0.0,0.242,-0.338,0.193,0.229,0.058,0.281,0.462
15,A2_1,-0.38,-0.718,0.051,-0.006,-0.041,0.307,0.314,1.0,0.402,0.064,0.098,-0.002,-0.034,0.148,0.311,0.418
15,A2_2,-0.187,-0.323,0.28,-0.069,0.563,0.185,0.0,0.402,1.0,-0.26,-0.326,0.175,-0.009,-0.062,-0.059,0.255
15,A2_3,-0.297,-0.366,0.26,0.378,-0.168,0.043,0.242,0.064,-0.26,1.0,-0.248,0.358,-0.066,0.382,-0.017,-0.298
15,B2_1,0.421,-0.078,0.254,-0.29,0.102,0.144,-0.338,0.098,-0.326,-0.248,1.0,-0.138,-0.359,-0.051,-0.261,0.198
15,B2_2,-0.02,-0.212,0.232,-0.29,0.544,-0.249,0.193,-0.002,0.175,0.358,-0.138,1.0,-0.617,0.417,-0.286,-0.043
15,B2_3,-0.05,0.34,-0.063,0.012,-0.272,0.543,0.229,-0.034,-0.009,-0.066,-0.359,-0.617,1.0,-0.281,0.687,-0.143
15,y1,0.253,-0.119,0.191,0.136,0.318,-0.033,0.058,0.148,-0.062,0.382,-0.051,0.417,-0.281,1.0,0.087,-0.121
15,y2,0.1,0.265,-0.33,-0.032,-0.28,0.557,0.281,0.311,-0.059,-0.017,-0.261,-0.286,0.687,0.087,1.0,0.036
15,y3,-0.187,-0.36,0.157,0.085,0.148,-0.131,0.462,0.418,0.255,-0.298,0.198,-0.043,-0.143,-0.121,0.036,1.0
16,.,1.0,0.499,0.085,-0.308,0.384,0.123,-0.575,-0.382,-0.186,-0.3,0.42,-0.022,-0.05,0.251,0.099,-0.186
16,A1_1,0.499,1.0,-0.402,-0.052,-0.061,0.036,-0.233,-0.719,-0.324,-0.366,-0.078,-0.211,0.341,-0.119,0.265,-0.36
16,A1_2,0.085,-0.402,1.0,-0.223,0.657,0.344,0.018,0.05,0.28,0.26,0.254,0.233,-0.063,0.191,-0.329,0.157
16,A1_3,-0.308,-0.052,-0.223,1.0,-0.435,-0.254,0.068,-0.004,-0.068,0.379,-0.291,-0.291,0.012,0.136,-0.032,0.084
16,B1_1,0.384,-0.061,0.657,-0.435,1.0,0.085,-0.054,-0.042,0.562,-0.169,0.103,0.545,-0.271,0.318,-0.28,0.148
16,B1_2,0.123,0.036,0.344,-0.254,0.085,1.0,-0.128,0.307,0.185,0.042,0.143,-0.249,0.543,-0.032,0.558,-0.129
16,B1_3,-0.575,-0.233,0.018,0.068,-0.054,-0.128,1.0,0.313,-0.0,0.241,-0.337,0.194,0.229,0.058,0.281,0.462
16,A2_1,-0.382,-0.719,0.05,-0.004,-0.042,0.307,0.313,1.0,0.403,0.064,0.097,-0.002,-0.035,0.148,0.311,0.419
16,A2_2,-0.186,-0.324,0.28,-0.068,0.562,0.185,-0.0,0.403,1.0,-0.259,-0.326,0.175,-0.01,-0.063,-0.06,0.255
16,A2_3,-0.3,-0.366,0.26,0.379,-0.169,0.042,0.241,0.064,-0.259,1.0,-0.248,0.356,-0.067,0.383,-0.016,-0.297
16,B2_1,0.42,-0.078,0.254,-0.291,0.103,0.143,-0.337,0.097,-0.326,-0.248,1.0,-0.137,-0.359,-0.05,-0.26,0.2
16,B2_2,-0.022,-0.211,0.233,-0.291,0.545,-0.249,0.194,-0.002,0.175,0.356,-0.137,1.0,-0.617,0.417,-0.285,-0.042
16,B2_3,-0.05,0.341,-0.063,0.012,-0.271,0.543,0.229,-0.035,-0.01,-0.067,-0.359,-0.617,1.0,-0.28,0.686,-0.142
16,y1,0.251,-0.119,0.191,0.136,0.318,-0.032,0.058,0.148,-0.063,0.383,-0.05,0.417,-0.28,1.0,0.088,-0.12
16,y2,0.099,0.265,-0.329,-0.032,-0.28,0.558,0.281,0.311,-0.06,-0.016,-0.26,-0.285,0.686,0.088,1.0,0.037
16,y3,-0.186,-0.36,0.157,0.084,0.148,-0.129,0.462,0.419,0.255,-0.297,0.2,-0.042,-0.142,-0.12,0.037,1.0
17,.,1.0,0.497,0.083,-0.307,0.384,0.119,-0.578,-0.381,-0.182,-0.302,0.418,-0.023,-0.053,0.248,0.097,-0.184
17,A1_1,0.497,1.0,-0.403,-0.051,-0.062,0.036,-0.233,-0.719,-0.324,-0.365,-0.078,-0.211,0.341,-0.12,0.264,-0.362
17,A1_2,0.083,-0.403,1.0,-0.222,0.657,0.344,0.018,0.049,0.279,0.261,0.253,0.232,-0.063,0.191,-0.33,0.159
17,A1_3,-0.307,-0.051,-0.222,1.0,-0.436,-0.254,0.068,-0.004,-0.068,0.38,-0.291,-0.292,0.012,0.135,-0.031,0.085
17,B1_1,0.384,-0.062,0.657,-0.436,1.0,0.084,-0.052,-0.043,0.56,-0.17,0.102,0.545,-0.272,0.32,-0.28,0.15
17,B1_2,0.119,0.036,0.344,-0.254,0.084,1.0,-0.126,0.307,0.184,0.042,0.142,-0.25,0.542,-0.029,0.559,-0.126
17,B1_3,-0.578,-0.233,0.018,0.068,-0.052,-0.126,1.0,0.313,-0.001,0.239,-0.335,0.196,0.23,0.059,0.279,0.462
17,A2_1,-0.381,-0.719,0.049,-0.004,-0.043,0.307,0.313,1.0,0.402,0.064,0.096,-0.004,-0.035,0.148,0.312,0.42
17,A2_2,-0.182,-0.324,0.279,-0.068,0.56,0.184,-0.001,0.402,1.0,-0.259,-0.328,0.173,-0.01,-0.064,-0.059,0.255
17,A2_3,-0.302,-0.365,0.261,0.38,-0.17,0.042,0.239,0.064,-0.259,1.0,-0.249,0.355,-0.067,0.384,-0.015,-0.294
17,B2_1,0.418,-0.078,0.253,-0.291,0.102,0.142,-0.335,0.096,-0.328,-0.249,1.0,-0.137,-0.36,-0.048,-0.26,0.201
17,B2_2,-0.023,-0.211,0.232,-0.292,0.545,-0.25,0.196,-0.004,0.173,0.355,-0.137,1.0,-0.616,0.418,-0.284,-0.04
17,B2_3,-0.053,0.341,-0.063,0.012,-0.272,0.542,0.23,-0.035,-0.01,-0.067,-0.36,-0.616,1.0,-0.28,0.685,-0.142
17,y1,0.248,-0.12,0.191,0.135,0.32,-0.029,0.059,0.148,-0.064,0.384,-0.048,0.418,-0.28,1.0,0.089,-0.119
17,y2,0.097,0.264,-0.33,-0.031,-0.28,0.559,0.279,0.312,-0.059,-0.015,-0.26,-0.284,0.685,0.089,1.0,0.037
17,y3,-0.184,-0.362,0.159,0.085,0.15,-0.126,0.462,0.42,0.255,-0.294,0.201,-0.04,-0.142,-0.119,0.037,1.0
18,.,1.0,0.498,0.081,-0.304,0.383,0.117,-0.578,-0.383,-0.181,-0.305,0.417,-0.026,-0.053,0.246,0.095,-0.182
18,A1_1,0.498,1.0,-0.403,-0.05,-0.062,0.036,-0.233,-0.72,-0.325,-0.364,-0.077,-0.21,0.342,-0.12,0.264,-0.362
18,A1_2,0.081,-0.403,1.0,-0.221,0.656,0.345,0.018,0.049,0.279,0.261,0.253,0.233,-0.063,0.192,-0.329,0.16
18,A1_3,-0.304,-0.05,-0.221,1.0,-0.437,-0.255,0.067,-0.002,-0.066,0.381,-0.292,-0.293,0.011,0.136,-0.031,0.085
18,B1_1,0.383,-0.062,0.656,-0.437,1.0,0.085,-0.051,-0.045,0.559,-0.171,0.103,0.545,-0.271,0.319,-0.28,0.151
18,B1_2,0.117,0.036,0.345,-0.255,0.085,1.0,-0.126,0.307,0.184,0.041,0.142,-0.25,0.542,-0.028,0.559,-0.124
18,B1_3,-0.578,-0.233,0.018,0.067,-0.051,-0.126,1.0,0.312,-0.001,0.238,-0.334,0.197,0.231,0.059,0.279,0.462
18,A2_1,-0.383,-0.72,0.049,-0.002,-0.045,0.307,0.312,1.0,0.402,0.065,0.096,-0.005,-0.036,0.148,0.312,0.42
18,A2_2,-0.181,-0.325,0.279,-0.066,0.559,0.184,-0.001,0.402,1.0,-0.258,-0.328,0.172,-0.011,-0.064,-0.06,0.255
18,A2_3,-0.305,-0.364,0.261,0.381,-0.171,0.041,0.238,0.065,-0.258,1.0,-0.25,0.354,-0.068,0.384,-0.014,-0.293
18,B2_1,0.417,-0.077,0.253,-0.292,0.103,0.142,-0.334,0.096,-0.328,-0.25,1.0,-0.136,-0.36,-0.047,-0.26,0.202
18,B2_2,-0.026,-0.21,0.233,-0.293,0.545,-0.25,0.197,-0.005,0.172,0.354,-0.136,1.0,-0.616,0.419,-0.283,-0.039
18,B2_3,-0.053,0.342,-0.063,0.011,-0.271,0.542,0.231,-0.036,-0.011,-0.068,-0.36,-0.616,1.0,-0.28,0.684,-0.141
18,y1,0.246,-0.12,0.192,0.136,0.319,-0.028,0.059,0.148,-0.064,0.384,-0.047,0.419,-0.28,1.0,0.09,-0.118
18,y2,0.095,0.264,-0.329,-0.031,-0.28,0.559,0.279,0.312,-0.06,-0.014,-0.26,-0.283,0.684,0.09,1.0,0.038
18,y3,-0.182,-0.362,0.16,0.085,0.151,-0.124,0.462,0.42,0.255,-0.293,0.202,-0.039,-0.141,-0.118,0.038,1.0
19,.,1.0,0.498,0.08,-0.303,0.383,0.114,-0.579,-0.383,-0.178,-0.308,0.416,-0.028,-0.055,0.243,0.093,-0.18
19,A1_1,0.498,1.0,-0.404,-0.05,-0.062,0.037,-0.233,-0.72,-0.326,-0.363,-0.077,-0.209,0.342,-0.12,0.263,-0.364
19,A1_2,0.08,-0.404,1.0,-0.22,0.656,0.345,0.017,0.049,0.279,0.262,0.253,0.232,-0.064,0.192,-0.329,0.16
19,A1_3,-0.303,-0.05,-0.22,1.0,-0.438,-0.256,0.066,-0.001,-0.066,0.381,-0.292,-0.294,0.011,0.135,-0.031,0.085
19,B1_1,0.383,-0.062,0.656,-0.438,1.0,0.085,-0.049,-0.046,0.557,-0.172,0.104,0.546,-0.271,0.319,-0.28,0.151
19,B1_2,0.114,0.037,0.345,-0.256,0.085,1.0,-0.125,0.307,0.184,0.04,0.142,-0.25,0.542,-0.026,0.56,-0.122
19,B1_3,-0.579,-0.233,0.017,0.066,-0.049,-0.125,1.0,0.311,-0.002,0.237,-0.332,0.198,0.232,0.059,0.279,0.462
19,A2_1,-0.383,-0.72,0.049,-0.001,-0.046,0.307,0.311,1.0,0.402,0.066,0.095,-0.005,-0.036,0.148,0.313,0.421
19,A2_2,-0.178,-0.326,0.279,-0.066,0.557,0.184,-0.002,0.402,1.0,-0.258,-0.329,0.171,-0.011,-0.065,-0.06,0.254
19,A2_3,-0.308,-0.363,0.262,0.381,-0.172,0.04,0.237,0.066,-0.258,1.0,-0.25,0.352,-0.069,0.384,-0.013,-0.292
19,B2_1,0.416,-0.077,0.253,-0.292,0.104,0.142,-0.332,0.095,-0.329,-0.25,1.0,-0.136,-0.361,-0.046,-0.259,0.204
19,B2_2,-0.028,-0.209,0.232,-0.294,0.546,-0.25,0.198,-0.005,0.171,0.352,-0.136,1.0,-0.615,0.419,-0.283,-0.038
19,B2_3,-0.055,0.342,-0.064,0.011,-0.271,0.542,0.232,-0.036,-0.011,-0.069,-0.361,-0.615,1.0,-0.279,0.683,-0.141
19,y1,0.243,-0.12,0.192,0.135,0.319,-0.026,0.059,0.148,-0.065,0.384,-0.046,0.419,-0.279,1.0,0.091,-0.117
19,y2,0.093,0.263,-0.329,-0.031,-0.28,0.56,0.279,0.313,-0.06,-0.013,-0.259,-0.283,0.683,0.091,1.0,0.039
19,y3,-0.18,-0.364,0.16,0.085,0.151,-0.122,0.462,0.421,0.254,-0.292,0.204,-0.038,-0.141,-0.117,0.039,1.0
20,.,1.0,0.499,0.078,-0.301,0.383,0.112,-0.579,-0.385,-0.177,-0.311,0.415,-0.031,-0.054,0.24,0.092,-0.178
20,A1_1,0.499,1.0,-0.405,-0.049,-0.062,0.037,-0.233,-0.72,-0.327,-0.363,-0.076,-0.209,0.342,-0.12,0.263,-0.364
20,A1_2,0.078,-0.405,1.0,-0.219,0.656,0.346,0.017,0.049,0.279,0.262,0.254,0.233,-0.064,0.193,-0.329,0.161
20,A1_3,-0.301,-0.049,-0.219,1.0,-0.438,-0.257,0.066,-0.0,-0.064,0.382,-0.293,-0.295,0.01,0.135,-0.031,0.085
20,B1_1,0.383,-0.062,0.656,-0.438,1.0,0.085,-0.048,-0.047,0.556,-0.173,0.105,0.546,-0.27,0.319,-0.28,0.152
20,B1_2,0.112,0.037,0.346,-0.257,0.085,1.0,-0.124,0.306,0.184,0.039,0.141,-0.25,0.542,-0.025,0.561,-0.12
20,B1_3,-0.579,-0.233,0.017,0.066,-0.048,-0.124,1.0,0.31,-0.003,0.235,-0.331,0.199,0.233,0.059,0.278,0.463
20,A2_1,-0.385,-0.72,0.049,-0.0,-0.047,0.306,0.31,1.0,0.402,0.067,0.094,-0.006,-0.037,0.148,0.313,0.421
20,A2_2,-0.177,-0.327,0.279,-0.064,0.556,0.184,-0.003,0.402,1.0,-0.256,-0.329,0.17,-0.012,-0.065,-0.06,0.253
20,A2_3,-0.311,-0.363,0.262,0.382,-0.173,0.039,0.235,0.067,-0.256,1.0,-0.251,0.351,-0.07,0.385,-0.013,-0.291
20,B2_1,0.415,-0.076,0.254,-0.293,0.105,0.141,-0.331,0.094,-0.329,-0.251,1.0,-0.135,-0.361,-0.045,-0.259,0.205
20,B2_2,-0.031,-0.209,0.233,-0.295,0.546,-0.25,0.199,-0.006,0.17,0.351,-0.135,1.0,-0.615,0.42,-0.282,-0.037
20,B2_3,-0.054,0.342,-0.064,0.01,-0.27,0.542,0.233,-0.037,-0.012,-0.07,-0.361,-0.615,1.0,-0.278,0.682,-0.14
20,y1,0.24,-0.12,0.193,0.135,0.319,-0.025,0.059,0.148,-0.065,0.385,-0.045,0.42,-0.278,1.0,0.092,-0.116
20,y2,0.092,0.263,-0.329,-0.031,-0.28,0.561,0.278,0.313,-0.06,-0.013,-0.259,-0.282,0.682,0.092,1.0,0.039
20,y3,-0.178,-0.364,0.161,0.085,0.152,-0.12,0.463,0.421,0.253,-0.291,0.205,-0.037,-0.14,-0.116,0.039,1.0
21,.,1.0,0.5,0.077,-0.299,0.382,0.109,-0.58,-0.387,-0.175,-0.314,0.413,-0.033,-0.054,0.238,0.089,-0.176
21,A1_1,0.5,1.0,-0.406,-0.049,-0.062,0.037,-0.233,-0.721,-0.328,-0.362,-0.076,-0.208,0.342,-0.12,0.262,-0.365
21,A1_2,0.077,-0.406,1.0,-0.218,0.655,0.346,0.017,0.048,0.279,0.263,0.254,0.233,-0.065,0.194,-0.329,0.161
21,A1_3,-0.299,-0.049,-0.218,1.0,-0.439,-0.257,0.065,0.001,-0.063,0.382,-0.293,-0.295,0.01,0.136,-0.031,0.085
21,B1_1,0.382,-0.062,0.655,-0.439,1.0,0.085,-0.046,-0.049,0.554,-0.174,0.105,0.546,-0.27,0.319,-0.28,0.152
21,B1_2,0.109,0.037,0.346,-0.257,0.085,1.0,-0.124,0.305,0.184,0.038,0.141,-0.251,0.542,-0.023,0.561,-0.118
21,B1_3,-0.58,-0.233,0.017,0.065,-0.046,-0.124,1.0,0.309,-0.003,0.234,-0.33,0.201,0.234,0.059,0.278,0.463
21,A2_1,-0.387,-0.721,0.048,0.001,-0.049,0.305,0.309,1.0,0.403,0.067,0.094,-0.007,-0.038,0.148,0.314,0.421
21,A2_2,-0.175,-0.328,0.279,-0.063,0.554,0.184,-0.003,0.403,1.0,-0.256,-0.329,0.17,-0.012,-0.065,-0.061,0.252
21,A2_3,-0.314,-0.362,0.263,0.382,-0.174,0.038,0.234,0.067,-0.256,1.0,-0.251,0.35,-0.071,0.385,-0.012,-0.29
21,B2_1,0.413,-0.076,0.254,-0.293,0.105,0.141,-0.33,0.094,-0.329,-0.251,1.0,-0.135,-0.361,-0.044,-0.258,0.207
21,B2_2,-0.033,-0.208,0.233,-0.295,0.546,-0.251,0.201,-0.007,0.17,0.35,-0.135,1.0,-0.614,0.42,-0.281,-0.036
21,B2_3,-0.054,0.342,-0.065,0.01,-0.27,0.542,0.234,-0.038,-0.012,-0.071,-0.361,-0.614,1.0,-0.277,0.682,-0.14
21,y1,0.238,-0.12,0.194,0.136,0.319,-0.023,0.059,0.148,-0.065,0.385,-0.044,0.42,-0.277,1.0,0.093,-0.115
21,y2,0.089,0.262,-0.329,-0.031,-0.28,0.561,0.278,0.314,-0.061,-0.012,-0.258,-0.281,0.682,0.093,1.0,0.04
21,y3,-0.176,-0.365,0.161,0.085,0.152,-0.118,0.463,0.421,0.252,-0.29,0.207,-0.036,-0.14,-0.115,0.04,1.0
22,.,1.0,0.501,0.075,-0.297,0.382,0.107,-0.58,-0.388,-0.174,-0.316,0.412,-0.035,-0.055,0.235,0.088,-0.175
22,A1_1,0.501,1.0,-0.406,-0.048,-0.062,0.038,-0.233,-0.721,-0.329,-0.362,-0.075,-0.208,0.342,-0.12,0.262,-0.365
22,A1_2,0.075,-0.406,1.0,-0.216,0.655,0.347,0.016,0.048,0.279,0.264,0.253,0.233,-0.065,0.194,-0.328,0.162
22,A1_3,-0.297,-0.048,-0.216,1.0,-0.439,-0.258,0.064,0.003,-0.062,0.383,-0.294,-0.296,0.009,0.136,-0.031,0.085
22,B1_1,0.382,-0.062,0.655,-0.439,1.0,0.086,-0.045,-0.05,0.553,-0.175,0.106,0.547,-0.269,0.319,-0.28,0.152
22,B1_2,0.107,0.038,0.347,-0.258,0.086,1.0,-0.123,0.305,0.184,0.037,0.141,-0.251,0.542,-0.022,0.562,-0.116
22,B1_3,-0.58,-0.233,0.016,0.064,-0.045,-0.123,1.0,0.308,-0.004,0.232,-0.328,0.202,0.235,0.059,0.278,0.464
22,A2_1,-0.388,-0.721,0.048,0.003,-0.05,0.305,0.308,1.0,0.403,0.068,0.093,-0.007,-0.039,0.149,0.314,0.421
22,A2_2,-0.174,-0.329,0.279,-0.062,0.553,0.184,-0.004,0.403,1.0,-0.255,-0.33,0.169,-0.013,-0.066,-0.061,0.25
22,A2_3,-0.316,-0.362,0.264,0.383,-0.175,0.037,0.232,0.068,-0.255,1.0,-0.252,0.348,-0.072,0.385,-0.012,-0.288
22,B2_1,0.412,-0.075,0.253,-0.294,0.106,0.141,-0.328,0.093,-0.33,-0.252,1.0,-0.134,-0.361,-0.043,-0.257,0.208
22,B2_2,-0.035,-0.208,0.233,-0.296,0.547,-0.251,0.202,-0.007,0.169,0.348,-0.134,1.0,-0.613,0.42,-0.28,-0.035
22,B2_3,-0.055,0.342,-0.065,0.009,-0.269,0.542,0.235,-0.039,-0.013,-0.072,-0.361,-0.613,1.0,-0.277,0.681,-0.139
22,y1,0.235,-0.12,0.194,0.136,0.319,-0.022,0.059,0.149,-0.066,0.385,-0.043,0.42,-0.277,1.0,0.094,-0.114
22,y2,0.088,0.262,-0.328,-0.031,-0.28,0.562,0.278,0.314,-0.061,-0.012,-0.257,-0.28,0.681,0.094,1.0,0.041
22,y3,-0.175,-0.365,0.162,0.085,0.152,-0.116,0.464,0.421,0.25,-0.288,0.208,-0.035,-0.139,-0.114,0.041,1.0
23,.,1.0,0.499,0.074,-0.296,0.381,0.104,-0.583,-0.388,-0.171,-0.319,0.411,-0.038,-0.057,0.232,0.086,-0.173
23,A1_1,0.499,1.0,-0.407,-0.048,-0.063,0.038,-0.232,-0.721,-0.329,-0.361,-0.076,-0.207,0.343,-0.121,0.261,-0.367
23,A1_2,0.074,-0.407,1.0,-0.216,0.654,0.347,0.016,0.048,0.278,0.264,0.253,0.232,-0.065,0.195,-0.328,0.163
23,A1_3,-0.296,-0.048,-0.216,1.0,-0.441,-0.259,0.064,0.003,-0.061,0.384,-0.295,-0.297,0.009,0.135,-0.03,0.084
23,B1_1,0.381,-0.063,0.654,-0.441,1.0,0.085,-0.043,-0.051,0.551,-0.176,0.106,0.547,-0.27,0.32,-0.281,0.154
23,B1_2,0.104,0.038,0.347,-0.259,0.085,1.0,-0.122,0.305,0.183,0.036,0.14,-0.251,0.541,-0.02,0.563,-0.113
