,,.,A1_1,A1_2,A1_3,B1_1,B1_2,B1_3,A2_1,A2_2,A2_3,B2_1,B2_2,B2_3,y1,y2,y3
0,.,1.0,-0.047,-0.225,-0.47,-0.102,-0.159,-0.219,-0.337,-0.281,-0.457,-0.32,-0.297,-0.195,0.795,0.816,0.76
0,A1_1,-0.047,1.0,0.854,0.843,0.778,0.701,0.806,0.805,0.862,0.716,0.789,0.78,0.798,-0.2,-0.09,-0.025
0,A1_2,-0.225,0.854,1.0,0.912,0.898,0.872,0.974,0.963,0.942,0.929,0.94,0.906,0.945,-0.261,-0.173,-0.048
0,A1_3,-0.47,0.843,0.912,1.0,0.779,0.733,0.875,0.922,0.913,0.901,0.919,0.851,0.855,-0.528,-0.414,-0.312
0,B1_1,-0.102,0.778,0.898,0.779,1.0,0.935,0.947,0.907,0.941,0.857,0.891,0.971,0.92,-0.122,-0.043,0.044
0,B1_2,-0.159,0.701,0.872,0.733,0.935,1.0,0.94,0.905,0.885,0.898,0.861,0.944,0.918,-0.212,-0.042,-0.047
0,B1_3,-0.219,0.806,0.974,0.875,0.947,0.94,1.0,0.986,0.96,0.948,0.957,0.953,0.982,-0.233,-0.105,-0.036
0,A2_1,-0.337,0.805,0.963,0.922,0.907,0.905,0.986,1.0,0.968,0.97,0.967,0.942,0.981,-0.341,-0.203,-0.151
0,A2_2,-0.281,0.862,0.942,0.913,0.941,0.885,0.96,0.968,1.0,0.913,0.92,0.955,0.955,-0.283,-0.172,-0.077
0,A2_3,-0.457,0.716,0.929,0.901,0.857,0.898,0.948,0.97,0.913,1.0,0.953,0.931,0.933,-0.502,-0.376,-0.318
0,B2_1,-0.32,0.789,0.94,0.919,0.891,0.861,0.957,0.967,0.92,0.953,1.0,0.931,0.942,-0.405,-0.281,-0.229
0,B2_2,-0.297,0.78,0.906,0.851,0.971,0.944,0.953,0.942,0.955,0.931,0.931,1.0,0.923,-0.335,-0.239,-0.166
0,B2_3,-0.195,0.798,0.945,0.855,0.92,0.918,0.982,0.981,0.955,0.933,0.942,0.923,1.0,-0.229,-0.065,-0.045
0,y1,0.795,-0.2,-0.261,-0.528,-0.122,-0.212,-0.233,-0.341,-0.283,-0.502,-0.405,-0.335,-0.229,1.0,0.891,0.895
0,y2,0.816,-0.09,-0.173,-0.414,-0.043,-0.042,-0.105,-0.203,-0.172,-0.376,-0.281,-0.239,-0.065,0.891,1.0,0.872
0,y3,0.76,-0.025,-0.048,-0.312,0.044,-0.047,-0.036,-0.151,-0.077,-0.318,-0.229,-0.166,-0.045,0.895,0.872,1.0
1,.,1.0,-0.177,-0.356,-0.588,-0.247,-0.275,-0.341,-0.495,-0.46,-0.59,-0.474,-0.442,-0.373,0.825,0.846,0.815
1,A1_1,-0.177,1.0,0.856,0.843,0.786,0.701,0.814,0.789,0.845,0.71,0.802,0.782,0.794,-0.309,-0.193,-0.152
1,A1_2,-0.356,0.856,1.0,0.918,0.908,0.872,0.979,0.958,0.946,0.925,0.953,0.915,0.95,-0.391,-0.29,-0.202
1,A1_3,-0.588,0.843,0.918,1.0,0.795,0.733,0.877,0.925,0.933,0.905,0.934,0.867,0.871,-0.63,-0.519,-0.455
1,B1_1,-0.247,0.786,0.908,0.795,1.0,0.941,0.953,0.904,0.932,0.866,0.897,0.971,0.905,-0.257,-0.171,-0.118
1,B1_2,-0.275,0.701,0.872,0.733,0.941,1.0,0.94,0.898,0.878,0.893,0.861,0.943,0.909,-0.308,-0.145,-0.178
1,B1_3,-0.341,0.814,0.979,0.877,0.953,0.94,1.0,0.976,0.958,0.942,0.959,0.955,0.976,-0.351,-0.222,-0.187
1,A2_1,-0.495,0.789,0.958,0.925,0.904,0.898,0.976,1.0,0.976,0.977,0.974,0.945,0.984,-0.492,-0.351,-0.344
1,A2_2,-0.46,0.845,0.946,0.933,0.932,0.878,0.958,0.976,1.0,0.936,0.946,0.956,0.961,-0.458,-0.338,-0.292
1,A2_3,-0.59,0.71,0.925,0.905,0.866,0.893,0.942,0.977,0.936,1.0,0.962,0.941,0.947,-0.614,-0.489,-0.474
1,B2_1,-0.474,0.802,0.953,0.934,0.897,0.861,0.959,0.974,0.946,0.962,1.0,0.941,0.949,-0.538,-0.413,-0.394
1,B2_2,-0.442,0.782,0.915,0.867,0.971,0.943,0.955,0.945,0.956,0.941,0.941,1.0,0.92,-0.461,-0.364,-0.331
1,B2_3,-0.373,0.794,0.95,0.871,0.905,0.909,0.976,0.984,0.961,0.947,0.949,0.92,1.0,-0.403,-0.233,-0.246
1,y1,0.825,-0.309,-0.391,-0.63,-0.257,-0.308,-0.351,-0.492,-0.458,-0.614,-0.538,-0.461,-0.403,1.0,0.896,0.911
1,y2,0.846,-0.193,-0.29,-0.519,-0.171,-0.145,-0.222,-0.351,-0.338,-0.489,-0.413,-0.364,-0.233,0.896,1.0,0.885
1,y3,0.815,-0.152,-0.202,-0.455,-0.118,-0.178,-0.187,-0.344,-0.292,-0.474,-0.394,-0.331,-0.246,0.911,0.885,1.0
2,.,1.0,-0.273,-0.448,-0.667,-0.35,-0.359,-0.426,-0.597,-0.576,-0.676,-0.572,-0.537,-0.491,0.845,0.867,0.853
2,A1_1,-0.273,1.0,0.862,0.846,0.796,0.703,0.822,0.784,0.837,0.713,0.815,0.788,0.794,-0.391,-0.271,-0.249
2,A1_2,-0.448,0.862,1.0,0.921,0.916,0.871,0.981,0.955,0.947,0.923,0.961,0.921,0.95,-0.482,-0.374,-0.317
2,A1_3,-0.667,0.846,0.921,1.0,0.808,0.734,0.879,0.928,0.945,0.91,0.943,0.878,0.879,-0.697,-0.591,-0.554
2,B1_1,-0.35,0.796,0.916,0.808,1.0,0.945,0.958,0.903,0.924,0.874,0.903,0.972,0.895,-0.351,-0.262,-0.237
2,B1_2,-0.359,0.703,0.871,0.734,0.945,1.0,0.94,0.893,0.869,0.89,0.86,0.942,0.901,-0.374,-0.218,-0.273
2,B1_3,-0.426,0.822,0.981,0.879,0.958,0.94,1.0,0.969,0.953,0.938,0.96,0.956,0.968,-0.435,-0.305,-0.297
2,A2_1,-0.597,0.784,0.955,0.928,0.903,0.893,0.969,1.0,0.98,0.981,0.976,0.947,0.984,-0.588,-0.449,-0.474
2,A2_2,-0.576,0.837,0.947,0.945,0.924,0.869,0.953,0.98,1.0,0.948,0.958,0.955,0.961,-0.57,-0.448,-0.438
2,A2_3,-0.676,0.713,0.923,0.91,0.874,0.89,0.938,0.981,0.948,1.0,0.965,0.946,0.953,-0.685,-0.564,-0.579
2,B2_1,-0.572,0.815,0.961,0.943,0.903,0.86,0.96,0.976,0.958,0.965,1.0,0.947,0.95,-0.622,-0.5,-0.505
2,B2_2,-0.537,0.788,0.921,0.878,0.972,0.942,0.956,0.947,0.955,0.946,0.947,1.0,0.916,-0.541,-0.447,-0.442
2,B2_3,-0.491,0.794,0.95,0.879,0.895,0.901,0.968,0.984,0.961,0.953,0.95,0.916,1.0,-0.518,-0.346,-0.386
2,y1,0.845,-0.391,-0.482,-0.697,-0.351,-0.374,-0.435,-0.588,-0.57,-0.685,-0.622,-0.541,-0.518,1.0,0.904,0.921
2,y2,0.867,-0.271,-0.374,-0.591,-0.262,-0.218,-0.305,-0.449,-0.448,-0.564,-0.5,-0.447,-0.346,0.904,1.0,0.895
2,y3,0.853,-0.249,-0.317,-0.554,-0.237,-0.273,-0.297,-0.474,-0.438,-0.579,-0.505,-0.442,-0.386,0.921,0.895,1.0
3,.,1.0,-0.353,-0.521,-0.725,-0.43,-0.421,-0.492,-0.667,-0.653,-0.733,-0.638,-0.606,-0.568,0.863,0.885,0.884
3,A1_1,-0.353,1.0,0.868,0.85,0.811,0.708,0.835,0.788,0.838,0.724,0.834,0.8,0.801,-0.458,-0.335,-0.33
3,A1_2,-0.521,0.868,1.0,0.925,0.926,0.871,0.984,0.956,0.951,0.927,0.969,0.928,0.953,-0.554,-0.441,-0.408
3,A1_3,-0.725,0.85,0.925,1.0,0.823,0.736,0.883,0.932,0.954,0.917,0.951,0.889,0.885,-0.747,-0.646,-0.628
3,B1_1,-0.43,0.811,0.926,0.823,1.0,0.948,0.963,0.907,0.922,0.885,0.911,0.974,0.893,-0.423,-0.334,-0.327
3,B1_2,-0.421,0.708,0.871,0.736,0.948,1.0,0.938,0.891,0.863,0.889,0.859,0.94,0.897,-0.421,-0.272,-0.342
3,B1_3,-0.492,0.835,0.984,0.883,0.963,0.938,1.0,0.965,0.95,0.938,0.962,0.957,0.964,-0.5,-0.37,-0.381
3,A2_1,-0.667,0.788,0.956,0.932,0.907,0.891,0.965,1.0,0.982,0.985,0.977,0.949,0.983,-0.654,-0.519,-0.564
3,A2_2,-0.653,0.838,0.951,0.954,0.922,0.863,0.95,0.982,1.0,0.956,0.965,0.955,0.96,-0.646,-0.526,-0.538
3,A2_3,-0.733,0.724,0.927,0.917,0.885,0.889,0.938,0.985,0.956,1.0,0.966,0.951,0.955,-0.73,-0.615,-0.649
3,B2_1,-0.638,0.834,0.969,0.951,0.911,0.859,0.962,0.977,0.965,0.966,1.0,0.951,0.95,-0.677,-0.559,-0.578
3,B2_2,-0.606,0.8,0.928,0.889,0.974,0.94,0.957,0.949,0.955,0.951,0.951,1.0,0.914,-0.598,-0.508,-0.519
3,B2_3,-0.568,0.801,0.953,0.885,0.893,0.897,0.964,0.983,0.96,0.955,0.95,0.914,1.0,-0.595,-0.425,-0.481
3,y1,0.863,-0.458,-0.554,-0.747,-0.423,-0.421,-0.5,-0.654,-0.646,-0.73,-0.677,-0.598,-0.595,1.0,0.911,0.927
3,y2,0.885,-0.335,-0.441,-0.646,-0.334,-0.272,-0.37,-0.519,-0.526,-0.615,-0.559,-0.508,-0.425,0.911,1.0,0.903
3,y3,0.884,-0.33,-0.408,-0.628,-0.327,-0.342,-0.381,-0.564,-0.538,-0.649,-0.578,-0.519,-0.481,0.927,0.903,1.0
4,.,1.0,-0.41,-0.57,-0.762,-0.483,-0.462,-0.536,-0.71,-0.699,-0.768,-0.678,-0.648,-0.612,0.872,0.896,0.903
4,A1_1,-0.41,1.0,0.874,0.855,0.825,0.715,0.846,0.798,0.846,0.74,0.849,0.811,0.811,-0.507,-0.383,-0.388
4,A1_2,-0.57,0.874,1.0,0.929,0.932,0.87,0.985,0.958,0.955,0.932,0.975,0.933,0.955,-0.603,-0.49,-0.47
4,A1_3,-0.762,0.855,0.929,1.0,0.834,0.738,0.887,0.937,0.961,0.925,0.955,0.897,0.89,-0.778,-0.684,-0.675
4,B1_1,-0.483,0.825,0.932,0.834,1.0,0.948,0.967,0.91,0.922,0.893,0.918,0.976,0.895,-0.472,-0.384,-0.386
4,B1_2,-0.462,0.715,0.87,0.738,0.948,1.0,0.936,0.888,0.858,0.887,0.857,0.937,0.896,-0.452,-0.309,-0.387
4,B1_3,-0.536,0.846,0.985,0.887,0.967,0.936,1.0,0.963,0.948,0.939,0.965,0.958,0.963,-0.544,-0.417,-0.436
4,A2_1,-0.71,0.798,0.958,0.937,0.91,0.888,0.963,1.0,0.983,0.987,0.977,0.95,0.982,-0.695,-0.567,-0.62
4,A2_2,-0.699,0.846,0.955,0.961,0.922,0.858,0.948,0.983,1.0,0.961,0.968,0.954,0.959,-0.692,-0.578,-0.598
4,A2_3,-0.768,0.74,0.932,0.925,0.893,0.887,0.939,0.987,0.961,1.0,0.967,0.954,0.955,-0.757,-0.65,-0.692
4,B2_1,-0.678,0.849,0.975,0.955,0.918,0.857,0.965,0.977,0.968,0.967,1.0,0.954,0.95,-0.709,-0.598,-0.622
4,B2_2,-0.648,0.811,0.933,0.897,0.976,0.937,0.958,0.95,0.954,0.954,0.954,1.0,0.914,-0.632,-0.548,-0.566
4,B2_3,-0.612,0.811,0.955,0.89,0.895,0.896,0.963,0.982,0.959,0.955,0.95,0.914,1.0,-0.64,-0.474,-0.537
4,y1,0.872,-0.507,-0.603,-0.778,-0.472,-0.452,-0.544,-0.695,-0.692,-0.757,-0.709,-0.632,-0.64,1.0,0.916,0.93
4,y2,0.896,-0.383,-0.49,-0.684,-0.384,-0.309,-0.417,-0.567,-0.578,-0.65,-0.598,-0.548,-0.474,0.916,1.0,0.908
4,y3,0.903,-0.388,-0.47,-0.675,-0.386,-0.387,-0.436,-0.62,-0.598,-0.692,-0.622,-0.566,-0.537,0.93,0.908,1.0
5,.,1.0,-0.459,-0.61,-0.79,-0.526,-0.496,-0.571,-0.742,-0.733,-0.794,-0.706,-0.68,-0.644,0.877,0.905,0.917
5,A1_1,-0.459,1.0,0.882,0.861,0.838,0.722,0.858,0.811,0.856,0.757,0.865,0.823,0.823,-0.551,-0.428,-0.441
5,A1_2,-0.61,0.882,1.0,0.933,0.938,0.869,0.986,0.961,0.959,0.938,0.979,0.938,0.959,-0.644,-0.534,-0.523
5,A1_3,-0.79,0.861,0.933,1.0,0.845,0.742,0.891,0.943,0.967,0.933,0.958,0.904,0.894,-0.804,-0.716,-0.714
5,B1_1,-0.526,0.838,0.938,0.845,1.0,0.948,0.97,0.914,0.923,0.901,0.926,0.978,0.901,-0.514,-0.43,-0.437
5,B1_2,-0.496,0.722,0.869,0.742,0.948,1.0,0.935,0.887,0.854,0.887,0.857,0.935,0.898,-0.478,-0.343,-0.426
5,B1_3,-0.571,0.858,0.986,0.891,0.97,0.935,1.0,0.962,0.948,0.94,0.967,0.959,0.964,-0.582,-0.459,-0.484
5,A2_1,-0.742,0.811,0.961,0.943,0.914,0.887,0.962,1.0,0.984,0.988,0.977,0.951,0.981,-0.727,-0.607,-0.665
5,A2_2,-0.733,0.856,0.959,0.967,0.923,0.854,0.948,0.984,1.0,0.965,0.97,0.954,0.958,-0.728,-0.62,-0.645
5,A2_3,-0.794,0.757,0.938,0.933,0.901,0.887,0.94,0.988,0.965,1.0,0.968,0.957,0.955,-0.779,-0.679,-0.726
5,B2_1,-0.706,0.865,0.979,0.958,0.926,0.857,0.967,0.977,0.97,0.968,1.0,0.956,0.95,-0.734,-0.63,-0.656
5,B2_2,-0.68,0.823,0.938,0.904,0.978,0.935,0.959,0.951,0.954,0.957,0.956,1.0,0.914,-0.659,-0.582,-0.604
5,B2_3,-0.644,0.823,0.959,0.894,0.901,0.898,0.964,0.981,0.958,0.955,0.95,0.914,1.0,-0.674,-0.514,-0.581
5,y1,0.877,-0.551,-0.644,-0.804,-0.514,-0.478,-0.582,-0.727,-0.728,-0.779,-0.734,-0.659,-0.674,1.0,0.921,0.932
5,y2,0.905,-0.428,-0.534,-0.716,-0.43,-0.343,-0.459,-0.607,-0.62,-0.679,-0.63,-0.582,-0.514,0.921,1.0,0.913
5,y3,0.917,-0.441,-0.523,-0.714,-0.437,-0.426,-0.484,-0.665,-0.645,-0.726,-0.656,-0.604,-0.581,0.932,0.913,1.0
6,.,1.0,-0.495,-0.638,-0.809,-0.557,-0.521,-0.596,-0.764,-0.755,-0.812,-0.723,-0.701,-0.664,0.879,0.91,0.927
6,A1_1,-0.495,1.0,0.891,0.868,0.85,0.729,0.868,0.825,0.867,0.775,0.878,0.833,0.835,-0.584,-0.463,-0.481
6,A1_2,-0.638,0.891,1.0,0.937,0.942,0.868,0.986,0.964,0.962,0.942,0.983,0.941,0.961,-0.672,-0.567,-0.56
6,A1_3,-0.809,0.868,0.937,1.0,0.854,0.747,0.895,0.949,0.972,0.941,0.96,0.91,0.898,-0.82,-0.739,-0.741
6,B1_1,-0.557,0.85,0.942,0.854,1.0,0.947,0.972,0.918,0.925,0.906,0.932,0.98,0.907,-0.544,-0.465,-0.473
6,B1_2,-0.521,0.729,0.868,0.747,0.947,1.0,0.934,0.886,0.851,0.886,0.859,0.933,0.901,-0.497,-0.371,-0.455
6,B1_3,-0.596,0.868,0.986,0.895,0.972,0.934,1.0,0.962,0.948,0.942,0.97,0.96,0.966,-0.607,-0.491,-0.517
6,A2_1,-0.764,0.825,0.964,0.949,0.918,0.886,0.962,1.0,0.985,0.99,0.977,0.952,0.98,-0.749,-0.638,-0.695
6,A2_2,-0.755,0.867,0.962,0.972,0.925,0.851,0.948,0.985,1.0,0.968,0.971,0.954,0.957,-0.752,-0.652,-0.677
6,A2_3,-0.812,0.775,0.942,0.941,0.906,0.886,0.942,0.99,0.968,1.0,0.969,0.959,0.955,-0.793,-0.703,-0.749
6,B2_1,-0.723,0.878,0.983,0.96,0.932,0.859,0.97,0.977,0.971,0.969,1.0,0.958,0.95,-0.748,-0.652,-0.676
6,B2_2,-0.701,0.833,0.941,0.91,0.98,0.933,0.96,0.952,0.954,0.959,0.958,1.0,0.915,-0.675,-0.607,-0.628
6,B2_3,-0.664,0.835,0.961,0.898,0.907,0.901,0.966,0.98,0.957,0.955,0.95,0.915,1.0,-0.695,-0.543,-0.609
6,y1,0.879,-0.584,-0.672,-0.82,-0.544,-0.497,-0.607,-0.749,-0.752,-0.793,-0.748,-0.675,-0.695,1.0,0.924,0.934
6,y2,0.91,-0.463,-0.567,-0.739,-0.465,-0.371,-0.491,-0.638,-0.652,-0.703,-0.652,-0.607,-0.543,0.924,1.0,0.916
6,y3,0.927,-0.481,-0.56,-0.741,-0.473,-0.455,-0.517,-0.695,-0.677,-0.749,-0.676,-0.628,-0.609,0.934,0.916,1.0
7,.,1.0,-0.511,-0.647,-0.814,-0.566,-0.53,-0.603,-0.771,-0.759,-0.817,-0.725,-0.705,-0.668,0.876,0.912,0.931
7,A1_1,-0.511,1.0,0.898,0.873,0.858,0.736,0.876,0.837,0.876,0.789,0.887,0.841,0.844,-0.602,-0.481,-0.503
7,A1_2,-0.647,0.898,1.0,0.941,0.944,0.866,0.986,0.965,0.964,0.945,0.985,0.941,0.961,-0.685,-0.584,-0.576
7,A1_3,-0.814,0.873,0.941,1.0,0.859,0.751,0.898,0.955,0.975,0.947,0.962,0.911,0.901,-0.826,-0.747,-0.753
7,B1_1,-0.566,0.858,0.944,0.859,1.0,0.945,0.973,0.919,0.925,0.908,0.935,0.981,0.91,-0.554,-0.48,-0.485
7,B1_2,-0.53,0.736,0.866,0.751,0.945,1.0,0.933,0.884,0.849,0.884,0.859,0.932,0.904,-0.504,-0.382,-0.466
7,B1_3,-0.603,0.876,0.986,0.898,0.973,0.933,1.0,0.962,0.948,0.943,0.971,0.96,0.968,-0.618,-0.505,-0.53
7,A2_1,-0.771,0.837,0.965,0.955,0.919,0.884,0.962,1.0,0.985,0.99,0.978,0.951,0.979,-0.758,-0.651,-0.707
7,A2_2,-0.759,0.876,0.964,0.975,0.925,0.849,0.948,0.985,1.0,0.969,0.971,0.953,0.956,-0.76,-0.664,-0.688
7,A2_3,-0.817,0.789,0.945,0.947,0.908,0.884,0.943,0.99,0.969,1.0,0.97,0.958,0.954,-0.797,-0.713,-0.758
7,B2_1,-0.725,0.887,0.985,0.962,0.935,0.859,0.971,0.978,0.971,0.97,1.0,0.958,0.95,-0.751,-0.66,-0.682
7,B2_2,-0.705,0.841,0.941,0.911,0.981,0.932,0.96,0.951,0.953,0.958,0.958,1.0,0.916,-0.677,-0.615,-0.634
7,B2_3,-0.668,0.844,0.961,0.901,0.91,0.904,0.968,0.979,0.956,0.954,0.95,0.916,1.0,-0.702,-0.554,-0.618
7,y1,0.876,-0.602,-0.685,-0.826,-0.554,-0.504,-0.618,-0.758,-0.76,-0.797,-0.751,-0.677,-0.702,1.0,0.925,0.933
7,y2,0.912,-0.481,-0.584,-0.747,-0.48,-0.382,-0.505,-0.651,-0.664,-0.713,-0.66,-0.615,-0.554,0.925,1.0,0.918
7,y3,0.931,-0.503,-0.576,-0.753,-0.485,-0.466,-0.53,-0.707,-0.688,-0.758,-0.682,-0.634,-0.618,0.933,0.918,1.0
8,.,1.0,-0.532,-0.663,-0.824,-0.582,-0.545,-0.617,-0.783,-0.77,-0.828,-0.734,-0.714,-0.678,0.875,0.914,0.935
8,A1_1,-0.532,1.0,0.904,0.877,0.867,0.742,0.884,0.848,0.883,0.802,0.895,0.847,0.854,-0.623,-0.504,-0.528
8,A1_2,-0.663,0.904,1.0,0.944,0.945,0.865,0.986,0.967,0.966,0.947,0.986,0.942,0.962,-0.701,-0.605,-0.598
8,A1_3,-0.824,0.877,0.944,1.0,0.864,0.756,0.901,0.96,0.978,0.954,0.963,0.913,0.904,-0.834,-0.761,-0.77
8,B1_1,-0.582,0.867,0.945,0.864,1.0,0.944,0.974,0.92,0.926,0.91,0.939,0.982,0.913,-0.57,-0.501,-0.505
8,B1_2,-0.545,0.742,0.865,0.756,0.944,1.0,0.932,0.882,0.848,0.882,0.86,0.931,0.907,-0.515,-0.401,-0.483
8,B1_3,-0.617,0.884,0.986,0.901,0.974,0.932,1.0,0.962,0.948,0.943,0.973,0.961,0.969,-0.633,-0.526,-0.549
8,A2_1,-0.783,0.848,0.967,0.96,0.92,0.882,0.962,1.0,0.986,0.991,0.978,0.951,0.977,-0.771,-0.672,-0.725
8,A2_2,-0.77,0.883,0.966,0.978,0.926,0.848,0.948,0.986,1.0,0.971,0.972,0.952,0.955,-0.773,-0.684,-0.706
8,A2_3,-0.828,0.802,0.947,0.954,0.91,0.882,0.943,0.991,0.971,1.0,0.97,0.958,0.954,-0.805,-0.728,-0.771
8,B2_1,-0.734,0.895,0.986,0.963,0.939,0.86,0.973,0.978,0.972,0.97,1.0,0.959,0.951,-0.758,-0.674,-0.693
8,B2_2,-0.714,0.847,0.942,0.913,0.982,0.931,0.961,0.951,0.952,0.958,0.959,1.0,0.916,-0.683,-0.628,-0.646
8,B2_3,-0.678,0.854,0.962,0.904,0.913,0.907,0.969,0.977,0.955,0.954,0.951,0.916,1.0,-0.713,-0.572,-0.634
8,y1,0.875,-0.623,-0.701,-0.834,-0.57,-0.515,-0.633,-0.771,-0.773,-0.805,-0.758,-0.683,-0.713,1.0,0.927,0.934
8,y2,0.914,-0.504,-0.605,-0.761,-0.501,-0.401,-0.526,-0.672,-0.684,-0.728,-0.674,-0.628,-0.572,0.927,1.0,0.921
8,y3,0.935,-0.528,-0.598,-0.77,-0.505,-0.483,-0.549,-0.725,-0.706,-0.771,-0.693,-0.646,-0.634,0.934,0.921,1.0
9,.,1.0,-0.549,-0.673,-0.831,-0.593,-0.557,-0.626,-0.792,-0.777,-0.834,-0.739,-0.72,-0.685,0.873,0.917,0.938
9,A1_1,-0.549,1.0,0.909,0.881,0.874,0.749,0.89,0.857,0.89,0.813,0.902,0.853,0.862,-0.64,-0.523,-0.549
9,A1_2,-0.673,0.909,1.0,0.946,0.947,0.863,0.986,0.968,0.967,0.949,0.988,0.942,0.963,-0.714,-0.622,-0.615
9,A1_3,-0.831,0.881,0.946,1.0,0.868,0.76,0.904,0.964,0.98,0.959,0.964,0.915,0.906,-0.841,-0.772,-0.783
9,B1_1,-0.593,0.874,0.947,0.868,1.0,0.942,0.975,0.92,0.927,0.911,0.941,0.982,0.916,-0.582,-0.517,-0.52
9,B1_2,-0.557,0.749,0.863,0.76,0.942,1.0,0.931,0.881,0.847,0.881,0.86,0.93,0.909,-0.524,-0.415,-0.496
9,B1_3,-0.626,0.89,0.986,0.904,0.975,0.931,1.0,0.961,0.949,0.943,0.974,0.961,0.97,-0.645,-0.542,-0.564
9,A2_1,-0.792,0.857,0.968,0.964,0.92,0.881,0.961,1.0,0.986,0.991,0.979,0.95,0.976,-0.781,-0.688,-0.739
9,A2_2,-0.777,0.89,0.967,0.98,0.927,0.847,0.949,0.986,1.0,0.972,0.972,0.952,0.955,-0.782,-0.698,-0.719
9,A2_3,-0.834,0.813,0.949,0.959,0.911,0.881,0.943,0.991,0.972,1.0,0.971,0.958,0.953,-0.811,-0.74,-0.782
9,B2_1,-0.739,0.902,0.988,0.964,0.941,0.86,0.974,0.979,0.972,0.971,1.0,0.959,0.951,-0.763,-0.684,-0.701
9,B2_2,-0.72,0.853,0.942,0.915,0.982,0.93,0.961,0.95,0.952,0.958,0.959,1.0,0.917,-0.688,-0.637,-0.654
9,B2_3,-0.685,0.862,0.963,0.906,0.916,0.909,0.97,0.976,0.955,0.953,0.951,0.917,1.0,-0.723,-0.586,-0.646
9,y1,0.873,-0.64,-0.714,-0.841,-0.582,-0.524,-0.645,-0.781,-0.782,-0.811,-0.763,-0.688,-0.723,1.0,0.927,0.934
9,y2,0.917,-0.523,-0.622,-0.772,-0.517,-0.415,-0.542,-0.688,-0.698,-0.74,-0.684,-0.637,-0.586,0.927,1.0,0.923
9,y3,0.938,-0.549,-0.615,-0.783,-0.52,-0.496,-0.564,-0.739,-0.719,-0.782,-0.701,-0.654,-0.646,0.934,0.923,1.0
10,.,1.0,-0.562,-0.683,-0.836,-0.602,-0.568,-0.635,-0.799,-0.783,-0.84,-0.744,-0.724,-0.692,0.87,0.917,0.941
10,A1_1,-0.562,1.0,0.914,0.884,0.878,0.753,0.895,0.864,0.894,0.821,0.907,0.857,0.868,-0.656,-0.54,-0.569
10,A1_2,-0.683,0.914,1.0,0.947,0.947,0.862,0.986,0.969,0.968,0.95,0.989,0.942,0.963,-0.726,-0.638,-0.631
10,A1_3,-0.836,0.884,0.947,1.0,0.87,0.764,0.905,0.968,0.981,0.963,0.964,0.915,0.908,-0.847,-0.781,-0.795
10,B1_1,-0.602,0.878,0.947,0.87,1.0,0.94,0.975,0.92,0.927,0.912,0.942,0.983,0.917,-0.593,-0.532,-0.533
10,B1_2,-0.568,0.753,0.862,0.764,0.94,1.0,0.93,0.879,0.846,0.88,0.86,0.93,0.911,-0.533,-0.428,-0.509
10,B1_3,-0.635,0.895,0.986,0.905,0.975,0.93,1.0,0.961,0.949,0.944,0.975,0.961,0.971,-0.657,-0.557,-0.579
10,A2_1,-0.799,0.864,0.969,0.968,0.92,0.879,0.961,1.0,0.987,0.991,0.979,0.949,0.975,-0.79,-0.701,-0.752
10,A2_2,-0.783,0.894,0.968,0.981,0.927,0.846,0.949,0.987,1.0,0.974,0.972,0.951,0.954,-0.791,-0.711,-0.732
10,A2_3,-0.84,0.821,0.95,0.963,0.912,0.88,0.944,0.991,0.974,1.0,0.971,0.957,0.952,-0.816,-0.75,-0.791
10,B2_1,-0.744,0.907,0.989,0.964,0.942,0.86,0.975,0.979,0.972,0.971,1.0,0.958,0.951,-0.768,-0.694,-0.709
10,B2_2,-0.724,0.857,0.942,0.915,0.983,0.93,0.961,0.949,0.951,0.957,0.958,1.0,0.917,-0.691,-0.645,-0.661
10,B2_3,-0.692,0.868,0.963,0.908,0.917,0.911,0.971,0.975,0.954,0.952,0.951,0.917,1.0,-0.733,-0.598,-0.658
10,y1,0.87,-0.656,-0.726,-0.847,-0.593,-0.533,-0.657,-0.79,-0.791,-0.816,-0.768,-0.691,-0.733,1.0,0.928,0.934
10,y2,0.917,-0.54,-0.638,-0.781,-0.532,-0.428,-0.557,-0.701,-0.711,-0.75,-0.694,-0.645,-0.598,0.928,1.0,0.924
10,y3,0.941,-0.569,-0.631,-0.795,-0.533,-0.509,-0.579,-0.752,-0.732,-0.791,-0.709,-0.661,-0.658,0.934,0.924,1.0
11,.,1.0,-0.577,-0.692,-0.843,-0.612,-0.579,-0.643,-0.807,-0.79,-0.846,-0.748,-0.729,-0.698,0.869,0.919,0.943
11,A1_1,-0.577,1.0,0.918,0.886,0.884,0.76,0.902,0.872,0.899,0.83,0.913,0.861,0.875,-0.669,-0.556,-0.586
11,A1_2,-0.692,0.918,1.0,0.949,0.948,0.862,0.986,0.97,0.969,0.951,0.99,0.942,0.963,-0.736,-0.652,-0.644
11,A1_3,-0.843,0.886,0.949,1.0,0.874,0.77,0.908,0.971,0.983,0.967,0.964,0.917,0.911,-0.852,-0.791,-0.806
11,B1_1,-0.612,0.884,0.948,0.874,1.0,0.939,0.976,0.92,0.929,0.913,0.945,0.983,0.919,-0.603,-0.547,-0.546
11,B1_2,-0.579,0.76,0.862,0.77,0.939,1.0,0.93,0.879,0.847,0.879,0.862,0.93,0.914,-0.542,-0.442,-0.521
11,B1_3,-0.643,0.902,0.986,0.908,0.976,0.93,1.0,0.961,0.95,0.944,0.976,0.961,0.972,-0.667,-0.572,-0.591
11,A2_1,-0.807,0.872,0.97,0.971,0.92,0.879,0.961,1.0,0.987,0.992,0.979,0.948,0.974,-0.798,-0.715,-0.764
11,A2_2,-0.79,0.899,0.969,0.983,0.929,0.847,0.95,0.987,1.0,0.975,0.972,0.951,0.954,-0.799,-0.724,-0.743
11,A2_3,-0.846,0.83,0.951,0.967,0.913,0.879,0.944,0.992,0.975,1.0,0.971,0.957,0.951,-0.821,-0.761,-0.8
11,B2_1,-0.748,0.913,0.99,0.964,0.945,0.862,0.976,0.979,0.972,0.971,1.0,0.958,0.951,-0.772,-0.703,-0.715
11,B2_2,-0.729,0.861,0.942,0.917,0.983,0.93,0.961,0.948,0.951,0.957,0.958,1.0,0.917,-0.694,-0.654,-0.668
11,B2_3,-0.698,0.875,0.963,0.911,0.919,0.914,0.972,0.974,0.954,0.951,0.951,0.917,1.0,-0.74,-0.611,-0.667
11,y1,0.869,-0.669,-0.736,-0.852,-0.603,-0.542,-0.667,-0.798,-0.799,-0.821,-0.772,-0.694,-0.74,1.0,0.929,0.935
11,y2,0.919,-0.556,-0.652,-0.791,-0.547,-0.442,-0.572,-0.715,-0.724,-0.761,-0.703,-0.654,-0.611,0.929,1.0,0.927
11,y3,0.943,-0.586,-0.644,-0.806,-0.546,-0.521,-0.591,-0.764,-0.743,-0.8,-0.715,-0.668,-0.667,0.935,0.927,1.0
12,.,1.0,-0.534,-0.663,-0.827,-0.57,-0.553,-0.613,-0.793,-0.772,-0.833,-0.732,-0.702,-0.669,0.843,0.9,0.917
12,A1_1,-0.534,1.0,0.911,0.878,0.854,0.738,0.883,0.855,0.886,0.809,0.89,0.833,0.857,-0.621,-0.516,-0.524
12,A1_2,-0.663,0.911,1.0,0.942,0.93,0.855,0.982,0.962,0.96,0.943,0.985,0.927,0.956,-0.682,-0.612,-0.58
12,A1_3,-0.827,0.878,0.942,1.0,0.85,0.758,0.895,0.967,0.979,0.96,0.96,0.901,0.897,-0.815,-0.762,-0.767
12,B1_1,-0.57,0.854,0.93,0.85,1.0,0.94,0.966,0.904,0.915,0.898,0.933,0.981,0.903,-0.528,-0.491,-0.476
12,B1_2,-0.553,0.738,0.855,0.758,0.94,1.0,0.932,0.873,0.839,0.878,0.864,0.935,0.912,-0.491,-0.401,-0.464
12,B1_3,-0.613,0.883,0.982,0.895,0.966,0.932,1.0,0.955,0.94,0.939,0.973,0.953,0.97,-0.605,-0.523,-0.524
12,A2_1,-0.793,0.855,0.962,0.967,0.904,0.873,0.955,1.0,0.985,0.991,0.978,0.941,0.969,-0.753,-0.68,-0.72
12,A2_2,-0.772,0.886,0.96,0.979,0.915,0.839,0.94,0.985,1.0,0.969,0.969,0.944,0.944,-0.752,-0.689,-0.701
12,A2_3,-0.833,0.809,0.943,0.96,0.898,0.878,0.939,0.991,0.969,1.0,0.972,0.951,0.946,-0.782,-0.731,-0.76
12,B2_1,-0.732,0.89,0.985,0.96,0.933,0.864,0.973,0.978,0.969,0.972,1.0,0.954,0.945,-0.73,-0.674,-0.672
12,B2_2,-0.702,0.833,0.927,0.901,0.981,0.935,0.953,0.941,0.944,0.951,0.954,1.0,0.908,-0.642,-0.614,-0.619
12,B2_3,-0.669,0.857,0.956,0.897,0.903,0.912,0.97,0.969,0.944,0.946,0.945,0.908,1.0,-0.684,-0.561,-0.604
12,y1,0.843,-0.621,-0.682,-0.815,-0.528,-0.491,-0.605,-0.753,-0.752,-0.782,-0.73,-0.642,-0.684,1.0,0.922,0.926
12,y2,0.9,-0.516,-0.612,-0.762,-0.491,-0.401,-0.523,-0.68,-0.689,-0.731,-0.674,-0.614,-0.561,0.922,1.0,0.915
12,y3,0.917,-0.524,-0.58,-0.767,-0.476,-0.464,-0.524,-0.72,-0.701,-0.76,-0.672,-0.619,-0.604,0.926,0.915,1.0
13,.,1.0,-0.559,-0.68,-0.839,-0.589,-0.571,-0.629,-0.808,-0.786,-0.845,-0.743,-0.716,-0.684,0.846,0.904,0.923
13,A1_1,-0.559,1.0,0.916,0.881,0.862,0.745,0.89,0.863,0.892,0.819,0.899,0.84,0.865,-0.645,-0.542,-0.554
13,A1_2,-0.68,0.916,1.0,0.944,0.934,0.856,0.983,0.963,0.962,0.945,0.987,0.93,0.958,-0.702,-0.635,-0.607
13,A1_3,-0.839,0.881,0.944,1.0,0.855,0.763,0.897,0.97,0.981,0.964,0.96,0.904,0.899,-0.828,-0.779,-0.786
13,B1_1,-0.589,0.862,0.934,0.855,1.0,0.939,0.968,0.906,0.916,0.9,0.937,0.982,0.906,-0.551,-0.515,-0.499
13,B1_2,-0.571,0.745,0.856,0.763,0.939,1.0,0.932,0.873,0.839,0.877,0.865,0.934,0.913,-0.508,-0.422,-0.484
13,B1_3,-0.629,0.89,0.983,0.897,0.968,0.932,1.0,0.954,0.94,0.939,0.974,0.954,0.97,-0.626,-0.546,-0.549
13,A2_1,-0.808,0.863,0.963,0.97,0.906,0.873,0.954,1.0,0.986,0.991,0.977,0.941,0.968,-0.77,-0.702,-0.742
13,A2_2,-0.786,0.892,0.962,0.981,0.916,0.839,0.94,0.986,1.0,0.972,0.969,0.944,0.944,-0.77,-0.711,-0.723
13,A2_3,-0.845,0.819,0.945,0.964,0.9,0.877,0.939,0.991,0.972,1.0,0.972,0.951,0.946,-0.794,-0.747,-0.776
13,B2_1,-0.743,0.899,0.987,0.96,0.937,0.865,0.974,0.977,0.969,0.972,1.0,0.955,0.946,-0.743,-0.69,-0.687
13,B2_2,-0.716,0.84,0.93,0.904,0.982,0.934,0.954,0.941,0.944,0.951,0.955,1.0,0.909,-0.655,-0.631,-0.635
13,B2_3,-0.684,0.865,0.958,0.899,0.906,0.913,0.97,0.968,0.944,0.946,0.946,0.909,1.0,-0.703,-0.584,-0.626
13,y1,0.846,-0.645,-0.702,-0.828,-0.551,-0.508,-0.626,-0.77,-0.77,-0.794,-0.743,-0.655,-0.703,1.0,0.924,0.927
13,y2,0.904,-0.542,-0.635,-0.779,-0.515,-0.422,-0.546,-0.702,-0.711,-0.747,-0.69,-0.631,-0.584,0.924,1.0,0.918
13,y3,0.923,-0.554,-0.607,-0.786,-0.499,-0.484,-0.549,-0.742,-0.723,-0.776,-0.687,-0.635,-0.626,0.927,0.918,1.0
14,.,1.0,-0.574,-0.69,-0.845,-0.599,-0.581,-0.638,-0.815,-0.792,-0.85,-0.747,-0.721,-0.691,0.846,0.906,0.927
14,A1_1,-0.574,1.0,0.92,0.884,0.869,0.751,0.896,0.87,0.896,0.828,0.906,0.846,0.872,-0.661,-0.558,-0.573
14,A1_2,-0.69,0.92,1.0,0.945,0.937,0.857,0.983,0.965,0.964,0.947,0.989,0.932,0.958,-0.714,-0.65,-0.622
14,A1_3,-0.845,0.884,0.945,1.0,0.859,0.767,0.9,0.973,0.983,0.967,0.96,0.906,0.902,-0.834,-0.789,-0.797
14,B1_1,-0.599,0.869,0.937,0.859,1.0,0.938,0.969,0.907,0.917,0.902,0.939,0.982,0.909,-0.564,-0.53,-0.513
14,B1_2,-0.581,0.751,0.857,0.767,0.938,1.0,0.931,0.873,0.84,0.877,0.865,0.934,0.915,-0.518,-0.435,-0.497
14,B1_3,-0.638,0.896,0.983,0.9,0.969,0.931,1.0,0.954,0.941,0.939,0.975,0.955,0.971,-0.639,-0.561,-0.563
14,A2_1,-0.815,0.87,0.965,0.973,0.907,0.873,0.954,1.0,0.986,0.992,0.977,0.941,0.967,-0.78,-0.716,-0.754
14,A2_2,-0.792,0.896,0.964,0.983,0.917,0.84,0.941,0.986,1.0,0.973,0.97,0.944,0.945,-0.78,-0.724,-0.735
14,A2_3,-0.85,0.828,0.947,0.967,0.902,0.877,0.939,0.992,0.973,1.0,0.971,0.951,0.945,-0.8,-0.757,-0.785
14,B2_1,-0.747,0.906,0.989,0.96,0.939,0.865,0.975,0.977,0.97,0.971,1.0,0.955,0.946,-0.749,-0.699,-0.695
14,B2_2,-0.721,0.846,0.932,0.906,0.982,0.934,0.955,0.941,0.944,0.951,0.955,1.0,0.91,-0.661,-0.64,-0.643
14,B2_3,-0.691,0.872,0.958,0.902,0.909,0.915,0.971,0.967,0.945,0.945,0.946,0.91,1.0,-0.713,-0.597,-0.638
14,y1,0.846,-0.661,-0.714,-0.834,-0.564,-0.518,-0.639,-0.78,-0.78,-0.8,-0.749,-0.661,-0.713,1.0,0.926,0.928
14,y2,0.906,-0.558,-0.65,-0.789,-0.53,-0.435,-0.561,-0.716,-0.724,-0.757,-0.699,-0.64,-0.597,0.926,1.0,0.921
14,y3,0.927,-0.573,-0.622,-0.797,-0.513,-0.497,-0.563,-0.754,-0.735,-0.785,-0.695,-0.643,-0.638,0.928,0.921,1.0
15,.,1.0,-0.594,-0.704,-0.855,-0.614,-0.597,-0.652,-0.826,-0.803,-0.858,-0.756,-0.732,-0.704,0.849,0.908,0.931
15,A1_1,-0.594,1.0,0.923,0.887,0.874,0.756,0.901,0.875,0.9,0.835,0.912,0.851,0.878,-0.681,-0.581,-0.598
15,A1_2,-0.704,0.923,1.0,0.946,0.939,0.858,0.984,0.965,0.965,0.949,0.99,0.934,0.959,-0.731,-0.669,-0.643
15,A1_3,-0.855,0.887,0.946,1.0,0.862,0.772,0.901,0.975,0.984,0.97,0.96,0.909,0.903,-0.844,-0.803,-0.812
15,B1_1,-0.614,0.874,0.939,0.862,1.0,0.938,0.97,0.908,0.918,0.904,0.942,0.983,0.91,-0.583,-0.55,-0.533
15,B1_2,-0.597,0.756,0.858,0.772,0.938,1.0,0.931,0.874,0.842,0.877,0.866,0.934,0.916,-0.534,-0.453,-0.515
15,B1_3,-0.652,0.901,0.984,0.901,0.97,0.931,1.0,0.954,0.943,0.939,0.977,0.956,0.971,-0.658,-0.581,-0.584
15,A2_1,-0.826,0.875,0.965,0.975,0.908,0.874,0.954,1.0,0.987,0.992,0.977,0.942,0.966,-0.794,-0.733,-0.772
15,A2_2,-0.803,0.9,0.965,0.984,0.918,0.842,0.943,0.987,1.0,0.975,0.97,0.944,0.945,-0.795,-0.742,-0.752
15,A2_3,-0.858,0.835,0.949,0.97,0.904,0.877,0.939,0.992,0.975,1.0,0.971,0.952,0.944,-0.809,-0.77,-0.798
15,B2_1,-0.756,0.912,0.99,0.96,0.942,0.866,0.977,0.977,0.97,0.971,1.0,0.955,0.947,-0.76,-0.713,-0.708
15,B2_2,-0.732,0.851,0.934,0.909,0.983,0.934,0.956,0.942,0.944,0.952,0.955,1.0,0.91,-0.673,-0.654,-0.657
15,B2_3,-0.704,0.878,0.959,0.903,0.91,0.916,0.971,0.966,0.945,0.944,0.947,0.91,1.0,-0.73,-0.616,-0.657
15,y1,0.849,-0.681,-0.731,-0.844,-0.583,-0.534,-0.658,-0.794,-0.795,-0.809,-0.76,-0.673,-0.73,1.0,0.928,0.929
15,y2,0.908,-0.581,-0.669,-0.803,-0.55,-0.453,-0.581,-0.733,-0.742,-0.77,-0.713,-0.654,-0.616,0.928,1.0,0.923
15,y3,0.931,-0.598,-0.643,-0.812,-0.533,-0.515,-0.584,-0.772,-0.752,-0.798,-0.708,-0.657,-0.657,0.929,0.923,1.0
16,.,1.0,-0.606,-0.713,-0.861,-0.623,-0.607,-0.66,-0.833,-0.81,-0.864,-0.761,-0.737,-0.711,0.849,0.909,0.933
16,A1_1,-0.606,1.0,0.926,0.889,0.878,0.761,0.906,0.88,0.902,0.841,0.917,0.855,0.882,-0.695,-0.597,-0.615
16,A1_2,-0.713,0.926,1.0,0.947,0.941,0.86,0.984,0.966,0.966,0.95,0.991,0.935,0.96,-0.743,-0.683,-0.658
16,A1_3,-0.861,0.889,0.947,1.0,0.864,0.775,0.903,0.976,0.985,0.972,0.96,0.91,0.905,-0.851,-0.812,-0.822
16,B1_1,-0.623,0.878,0.941,0.864,1.0,0.937,0.971,0.909,0.919,0.905,0.944,0.983,0.912,-0.595,-0.564,-0.546
16,B1_2,-0.607,0.761,0.86,0.775,0.937,1.0,0.931,0.874,0.843,0.877,0.867,0.933,0.917,-0.544,-0.466,-0.528
16,B1_3,-0.66,0.906,0.984,0.903,0.971,0.931,1.0,0.953,0.943,0.939,0.977,0.956,0.972,-0.67,-0.595,-0.598
16,A2_1,-0.833,0.88,0.966,0.976,0.909,0.874,0.953,1.0,0.988,0.993,0.976,0.942,0.965,-0.803,-0.746,-0.783
16,A2_2,-0.81,0.902,0.966,0.985,0.919,0.843,0.943,0.988,1.0,0.976,0.97,0.945,0.946,-0.804,-0.754,-0.764
16,A2_3,-0.864,0.841,0.95,0.972,0.905,0.877,0.939,0.993,0.976,1.0,0.97,0.952,0.943,-0.815,-0.779,-0.807
16,B2_1,-0.761,0.917,0.991,0.96,0.944,0.867,0.977,0.976,0.97,0.97,1.0,0.956,0.947,-0.766,-0.722,-0.716
16,B2_2,-0.737,0.855,0.935,0.91,0.983,0.933,0.956,0.942,0.945,0.952,0.956,1.0,0.91,-0.68,-0.663,-0.665
16,B2_3,-0.711,0.882,0.96,0.905,0.912,0.917,0.972,0.965,0.946,0.943,0.947,0.91,1.0,-0.74,-0.629,-0.669
16,y1,0.849,-0.695,-0.743,-0.851,-0.595,-0.544,-0.67,-0.803,-0.804,-0.815,-0.766,-0.68,-0.74,1.0,0.93,0.93
16,y2,0.909,-0.597,-0.683,-0.812,-0.564,-0.466,-0.595,-0.746,-0.754,-0.779,-0.722,-0.663,-0.629,0.93,1.0,0.925
16,y3,0.933,-0.615,-0.658,-0.822,-0.546,-0.528,-0.598,-0.783,-0.764,-0.807,-0.716,-0.665,-0.669,0.93,0.925,1.0
17,.,1.0,-0.573,-0.689,-0.846,-0.585,-0.581,-0.633,-0.821,-0.794,-0.852,-0.746,-0.712,-0.685,0.824,0.894,0.909
17,A1_1,-0.573,1.0,0.922,0.884,0.856,0.747,0.894,0.869,0.894,0.829,0.901,0.835,0.87,-0.658,-0.565,-0.563
17,A1_2,-0.689,0.922,1.0,0.942,0.924,0.851,0.98,0.96,0.958,0.945,0.988,0.922,0.953,-0.698,-0.652,-0.602
17,A1_3,-0.846,0.884,0.942,1.0,0.843,0.765,0.893,0.975,0.982,0.969,0.958,0.896,0.894,-0.821,-0.789,-0.789
17,B1_1,-0.585,0.856,0.924,0.843,1.0,0.936,0.961,0.892,0.905,0.889,0.933,0.981,0.896,-0.529,-0.516,-0.481
17,B1_2,-0.581,0.747,0.851,0.765,0.936,1.0,0.932,0.866,0.833,0.874,0.867,0.936,0.916,-0.497,-0.427,-0.47
17,B1_3,-0.633,0.894,0.98,0.893,0.961,0.932,1.0,0.947,0.933,0.935,0.974,0.95,0.969,-0.618,-0.555,-0.536
17,A2_1,-0.821,0.869,0.96,0.975,0.892,0.866,0.947,1.0,0.986,0.992,0.975,0.933,0.96,-0.768,-0.72,-0.746
17,A2_2,-0.794,0.894,0.958,0.982,0.905,0.833,0.933,0.986,1.0,0.972,0.966,0.938,0.935,-0.767,-0.728,-0.729
17,A2_3,-0.852,0.829,0.945,0.969,0.889,0.874,0.935,0.992,0.972,1.0,0.971,0.945,0.94,-0.782,-0.754,-0.769
17,B2_1,-0.746,0.901,0.988,0.958,0.933,0.867,0.974,0.975,0.966,0.971,1.0,0.951,0.94,-0.729,-0.698,-0.674
17,B2_2,-0.712,0.835,0.922,0.896,0.981,0.936,0.95,0.933,0.938,0.945,0.951,1.0,0.902,-0.632,-0.628,-0.617
17,B2_3,-0.685,0.87,0.953,0.894,0.896,0.916,0.969,0.96,0.935,0.94,0.94,0.902,1.0,-0.693,-0.588,-0.612
17,y1,0.824,-0.658,-0.698,-0.821,-0.529,-0.497,-0.618,-0.768,-0.767,-0.782,-0.729,-0.632,-0.693,1.0,0.922,0.921
17,y2,0.894,-0.565,-0.652,-0.789,-0.516,-0.427,-0.555,-0.72,-0.728,-0.754,-0.698,-0.628,-0.588,0.922,1.0,0.913
17,y3,0.909,-0.563,-0.602,-0.789,-0.481,-0.47,-0.536,-0.746,-0.729,-0.769,-0.674,-0.617,-0.612,0.921,0.913,1.0
18,.,1.0,-0.592,-0.702,-0.855,-0.599,-0.595,-0.646,-0.832,-0.804,-0.859,-0.753,-0.722,-0.697,0.826,0.896,0.914
18,A1_1,-0.592,1.0,0.924,0.886,0.861,0.751,0.898,0.875,0.897,0.835,0.908,0.84,0.875,-0.678,-0.587,-0.589
18,A1_2,-0.702,0.924,1.0,0.943,0.928,0.853,0.981,0.961,0.96,0.947,0.99,0.925,0.954,-0.717,-0.67,-0.624
18,A1_3,-0.855,0.886,0.943,1.0,0.846,0.768,0.894,0.976,0.983,0.971,0.957,0.899,0.896,-0.832,-0.802,-0.804
18,B1_1,-0.599,0.861,0.928,0.846,1.0,0.936,0.964,0.894,0.906,0.892,0.936,0.982,0.899,-0.549,-0.536,-0.501
18,B1_2,-0.595,0.751,0.853,0.768,0.936,1.0,0.932,0.866,0.834,0.874,0.867,0.935,0.917,-0.513,-0.444,-0.488
18,B1_3,-0.646,0.898,0.981,0.894,0.964,0.932,1.0,0.947,0.935,0.935,0.975,0.951,0.97,-0.637,-0.575,-0.558
18,A2_1,-0.832,0.875,0.961,0.976,0.894,0.866,0.947,1.0,0.987,0.992,0.974,0.934,0.959,-0.782,-0.737,-0.763
18,A2_2,-0.804,0.897,0.96,0.983,0.906,0.834,0.935,0.987,1.0,0.974,0.967,0.938,0.936,-0.783,-0.745,-0.746
18,A2_3,-0.859,0.835,0.947,0.971,0.892,0.874,0.935,0.992,0.974,1.0,0.97,0.946,0.939,-0.793,-0.767,-0.783
18,B2_1,-0.753,0.908,0.99,0.957,0.936,0.867,0.975,0.974,0.967,0.97,1.0,0.952,0.941,-0.74,-0.711,-0.686
18,B2_2,-0.722,0.84,0.925,0.899,0.982,0.935,0.951,0.934,0.938,0.946,0.952,1.0,0.903,-0.645,-0.641,-0.63
18,B2_3,-0.697,0.875,0.954,0.896,0.899,0.917,0.97,0.959,0.936,0.939,0.941,0.903,1.0,-0.711,-0.607,-0.631
18,y1,0.826,-0.678,-0.717,-0.832,-0.549,-0.513,-0.637,-0.782,-0.783,-0.793,-0.74,-0.645,-0.711,1.0,0.925,0.922
18,y2,0.896,-0.587,-0.67,-0.802,-0.536,-0.444,-0.575,-0.737,-0.745,-0.767,-0.711,-0.641,-0.607,0.925,1.0,0.916
18,y3,0.914,-0.589,-0.624,-0.804,-0.501,-0.488,-0.558,-0.763,-0.746,-0.783,-0.686,-0.63,-0.631,0.922,0.916,1.0
19,.,1.0,-0.596,-0.706,-0.857,-0.599,-0.598,-0.649,-0.835,-0.806,-0.861,-0.755,-0.72,-0.698,0.824,0.894,0.911
19,A1_1,-0.596,1.0,0.925,0.886,0.861,0.753,0.9,0.876,0.897,0.837,0.908,0.84,0.877,-0.681,-0.592,-0.592
19,A1_2,-0.706,0.925,1.0,0.943,0.925,0.853,0.981,0.961,0.96,0.947,0.99,0.923,0.953,-0.718,-0.675,-0.627
19,A1_3,-0.857,0.886,0.943,1.0,0.844,0.769,0.894,0.977,0.983,0.972,0.957,0.897,0.895,-0.832,-0.805,-0.807
19,B1_1,-0.599,0.861,0.925,0.844,1.0,0.935,0.962,0.891,0.904,0.89,0.934,0.982,0.897,-0.548,-0.537,-0.501
19,B1_2,-0.598,0.753,0.853,0.769,0.935,1.0,0.931,0.865,0.834,0.873,0.867,0.935,0.918,-0.512,-0.446,-0.487
19,B1_3,-0.649,0.9,0.981,0.894,0.962,0.931,1.0,0.946,0.934,0.935,0.975,0.95,0.97,-0.639,-0.578,-0.559
19,A2_1,-0.835,0.876,0.961,0.977,0.891,0.865,0.946,1.0,0.986,0.992,0.974,0.932,0.957,-0.784,-0.74,-0.766
19,A2_2,-0.806,0.897,0.96,0.983,0.904,0.834,0.934,0.986,1.0,0.974,0.967,0.937,0.934,-0.784,-0.749,-0.75
19,A2_3,-0.861,0.837,0.947,0.972,0.89,0.873,0.935,0.992,0.974,1.0,0.97,0.944,0.937,-0.792,-0.769,-0.783
19,B2_1,-0.755,0.908,0.99,0.957,0.934,0.867,0.975,0.974,0.967,0.97,1.0,0.951,0.94,-0.74,-0.713,-0.686
19,B2_2,-0.72,0.84,0.923,0.897,0.982,0.935,0.95,0.932,0.937,0.944,0.951,1.0,0.902,-0.642,-0.641,-0.629
19,B2_3,-0.698,0.877,0.953,0.895,0.897,0.918,0.97,0.957,0.934,0.937,0.94,0.902,1.0,-0.711,-0.608,-0.631
19,y1,0.824,-0.681,-0.718,-0.832,-0.548,-0.512,-0.639,-0.784,-0.784,-0.792,-0.74,-0.642,-0.711,1.0,0.926,0.923
19,y2,0.894,-0.592,-0.675,-0.805,-0.537,-0.446,-0.578,-0.74,-0.749,-0.769,-0.713,-0.641,-0.608,0.926,1.0,0.917
19,y3,0.911,-0.592,-0.627,-0.807,-0.501,-0.487,-0.559,-0.766,-0.75,-0.783,-0.686,-0.629,-0.631,0.923,0.917,1.0
20,.,1.0,-0.612,-0.717,-0.864,-0.611,-0.61,-0.66,-0.843,-0.814,-0.867,-0.76,-0.728,-0.708,0.826,0.896,0.916
20,A1_1,-0.612,1.0,0.927,0.888,0.865,0.757,0.904,0.88,0.9,0.843,0.914,0.844,0.882,-0.699,-0.611,-0.615
20,A1_2,-0.717,0.927,1.0,0.944,0.928,0.855,0.981,0.962,0.962,0.949,0.991,0.926,0.955,-0.734,-0.691,-0.646
20,A1_3,-0.864,0.888,0.944,1.0,0.847,0.771,0.895,0.979,0.984,0.974,0.956,0.899,0.896,-0.841,-0.816,-0.819
20,B1_1,-0.611,0.865,0.928,0.847,1.0,0.935,0.963,0.892,0.906,0.892,0.937,0.982,0.9,-0.566,-0.554,-0.517
20,B1_2,-0.61,0.757,0.855,0.771,0.935,1.0,0.931,0.865,0.835,0.873,0.867,0.935,0.919,-0.527,-0.461,-0.503
20,B1_3,-0.66,0.904,0.981,0.895,0.963,0.931,1.0,0.946,0.935,0.935,0.976,0.95,0.971,-0.656,-0.595,-0.577
20,A2_1,-0.843,0.88,0.962,0.979,0.892,0.865,0.946,1.0,0.987,0.993,0.973,0.933,0.956,-0.796,-0.754,-0.781
20,A2_2,-0.814,0.9,0.962,0.984,0.906,0.835,0.935,0.987,1.0,0.976,0.967,0.938,0.935,-0.797,-0.764,-0.764
20,A2_3,-0.867,0.843,0.949,0.974,0.892,0.873,0.935,0.993,0.976,1.0,0.969,0.944,0.937,-0.801,-0.779,-0.794
20,B2_1,-0.76,0.914,0.991,0.956,0.937,0.867,0.976,0.973,0.967,0.969,1.0,0.951,0.941,-0.751,-0.724,-0.697
20,B2_2,-0.728,0.844,0.926,0.899,0.982,0.935,0.95,0.933,0.938,0.944,0.951,1.0,0.902,-0.653,-0.653,-0.64
20,B2_3,-0.708,0.882,0.955,0.896,0.9,0.919,0.971,0.956,0.935,0.937,0.941,0.902,1.0,-0.726,-0.624,-0.647
20,y1,0.826,-0.699,-0.734,-0.841,-0.566,-0.527,-0.656,-0.796,-0.797,-0.801,-0.751,-0.653,-0.726,1.0,0.928,0.924
20,y2,0.896,-0.611,-0.691,-0.816,-0.554,-0.461,-0.595,-0.754,-0.764,-0.779,-0.724,-0.653,-0.624,0.928,1.0,0.919
20,y3,0.916,-0.615,-0.646,-0.819,-0.517,-0.503,-0.577,-0.781,-0.764,-0.794,-0.697,-0.64,-0.647,0.924,0.919,1.0
21,.,1.0,-0.629,-0.729,-0.871,-0.624,-0.624,-0.671,-0.852,-0.822,-0.873,-0.766,-0.737,-0.718,0.829,0.896,0.919
21,A1_1,-0.629,1.0,0.929,0.89,0.87,0.761,0.908,0.884,0.903,0.848,0.919,0.849,0.886,-0.716,-0.63,-0.637
21,A1_2,-0.729,0.929,1.0,0.944,0.932,0.857,0.982,0.963,0.964,0.951,0.992,0.929,0.956,-0.749,-0.707,-0.664
21,A1_3,-0.871,0.89,0.944,1.0,0.85,0.775,0.896,0.98,0.985,0.975,0.955,0.901,0.897,-0.849,-0.827,-0.831
21,B1_1,-0.624,0.87,0.932,0.85,1.0,0.935,0.965,0.894,0.907,0.894,0.94,0.982,0.903,-0.585,-0.571,-0.534
21,B1_2,-0.624,0.761,0.857,0.775,0.935,1.0,0.931,0.867,0.837,0.873,0.868,0.934,0.92,-0.543,-0.477,-0.52
21,B1_3,-0.671,0.908,0.982,0.896,0.965,0.931,1.0,0.946,0.937,0.935,0.977,0.952,0.972,-0.674,-0.613,-0.596
21,A2_1,-0.852,0.884,0.963,0.98,0.894,0.867,0.946,1.0,0.988,0.993,0.972,0.934,0.956,-0.808,-0.768,-0.795
21,A2_2,-0.822,0.903,0.964,0.985,0.907,0.837,0.937,0.988,1.0,0.977,0.968,0.939,0.937,-0.81,-0.777,-0.777
21,A2_3,-0.873,0.848,0.951,0.975,0.894,0.873,0.935,0.993,0.977,1.0,0.968,0.946,0.936,-0.81,-0.79,-0.805
21,B2_1,-0.766,0.919,0.992,0.955,0.94,0.868,0.977,0.972,0.968,0.968,1.0,0.952,0.942,-0.761,-0.735,-0.708
21,B2_2,-0.737,0.849,0.929,0.901,0.982,0.934,0.952,0.934,0.939,0.946,0.952,1.0,0.903,-0.666,-0.665,-0.651
21,B2_3,-0.718,0.886,0.956,0.897,0.903,0.92,0.972,0.956,0.937,0.936,0.942,0.903,1.0,-0.741,-0.64,-0.664
21,y1,0.829,-0.716,-0.749,-0.849,-0.585,-0.543,-0.674,-0.808,-0.81,-0.81,-0.761,-0.666,-0.741,1.0,0.931,0.925
21,y2,0.896,-0.63,-0.707,-0.827,-0.571,-0.477,-0.613,-0.768,-0.777,-0.79,-0.735,-0.665,-0.64,0.931,1.0,0.921
21,y3,0.919,-0.637,-0.664,-0.831,-0.534,-0.52,-0.596,-0.795,-0.777,-0.805,-0.708,-0.651,-0.664,0.925,0.921,1.0
22,.,1.0,-0.642,-0.738,-0.877,-0.632,-0.634,-0.68,-0.858,-0.828,-0.878,-0.771,-0.742,-0.725,0.829,0.896,0.921
22,A1_1,-0.642,1.0,0.931,0.891,0.872,0.764,0.91,0.887,0.904,0.852,0.922,0.851,0.89,-0.729,-0.645,-0.654
22,A1_2,-0.738,0.931,1.0,0.945,0.934,0.858,0.982,0.964,0.965,0.952,0.993,0.931,0.957,-0.76,-0.72,-0.677
22,A1_3,-0.877,0.891,0.945,1.0,0.851,0.777,0.896,0.98,0.986,0.976,0.954,0.902,0.897,-0.854,-0.835,-0.839
22,B1_1,-0.632,0.872,0.934,0.851,1.0,0.935,0.966,0.895,0.908,0.895,0.942,0.983,0.905,-0.597,-0.584,-0.546
22,B1_2,-0.634,0.764,0.858,0.777,0.935,1.0,0.931,0.867,0.839,0.873,0.868,0.934,0.921,-0.553,-0.488,-0.531
22,B1_3,-0.68,0.91,0.982,0.896,0.966,0.931,1.0,0.946,0.937,0.935,0.978,0.952,0.972,-0.686,-0.626,-0.609
22,A2_1,-0.858,0.887,0.964,0.98,0.895,0.867,0.946,1.0,0.988,0.993,0.971,0.934,0.955,-0.815,-0.778,-0.804
22,A2_2,-0.828,0.904,0.965,0.986,0.908,0.839,0.937,0.988,1.0,0.979,0.968,0.939,0.937,-0.817,-0.788,-0.785
22,A2_3,-0.878,0.852,0.952,0.976,0.895,0.873,0.935,0.993,0.979,1.0,0.967,0.946,0.935,-0.815,-0.797,-0.811
22,B2_1,-0.771,0.922,0.993,0.954,0.942,0.868,0.978,0.971,0.968,0.967,1.0,0.952,0.942,-0.768,-0.743,-0.715
22,B2_2,-0.742,0.851,0.931,0.902,0.983,0.934,0.952,0.934,0.939,0.946,0.952,1.0,0.904,-0.672,-0.673,-0.658
22,B2_3,-0.725,0.89,0.957,0.897,0.905,0.921,0.972,0.955,0.937,0.935,0.942,0.904,1.0,-0.751,-0.652,-0.675
22,y1,0.829,-0.729,-0.76,-0.854,-0.597,-0.553,-0.686,-0.815,-0.817,-0.815,-0.768,-0.672,-0.751,1.0,0.933,0.926
22,y2,0.896,-0.645,-0.72,-0.835,-0.584,-0.488,-0.626,-0.778,-0.788,-0.797,-0.743,-0.673,-0.652,0.933,1.0,0.923
22,y3,0.921,-0.654,-0.677,-0.839,-0.546,-0.531,-0.609,-0.804,-0.785,-0.811,-0.715,-0.658,-0.675,0.926,0.923,1.0
23,.,1.0,-0.62,-0.724,-0.866,-0.606,-0.616,-0.663,-0.851,-0.817,-0.869,-0.76,-0.724,-0.708,0.809,0.883,0.901
23,A1_1,-0.62,1.0,0.927,0.888,0.855,0.753,0.902,0.88,0.898,0.845,0.913,0.838,0.881,-0.708,-0.626,-0.62
23,A1_2,-0.724,0.927,1.0,0.942,0.921,0.852,0.98,0.96,0.96,0.95,0.991,0.923,0.951,-0.734,-0.701,-0.641
23,A1_3,-0.866,0.888,0.942,1.0,0.835,0.767,0.889,0.98,0.984,0.974,0.952,0.892,0.889,-0.837,-0.82,-0.816
23,B1_1,-0.606,0.855,0.921,0.835,1.0,0.933,0.959,0.882,0.896,0.884,0.934,0.982,0.893,-0.554,-0.55,-0.5
23,B1_2,-0.616,0.753,0.852,0.767,0.933,1.0,0.931,0.86,0.829,0.87,0.867,0.934,0.919,-0.52,-0.458,-0.488
23,B1_3,-0.663,0.902,0.98,0.889,0.959,0.931,1.0,0.94,0.929,0.932,0.976,0.948,0.97,-0.654,-0.599,-0.567
23,A2_1,-0.851,0.88,0.96,0.98,0.882,0.86,0.94,1.0,0.987,0.993,0.97,0.928,0.95,-0.795,-0.762,-0.78
23,A2_2,-0.817,0.898,0.96,0.984,0.896,0.829,0.929,0.987,1.0,0.976,0.964,0.933,0.928,-0.797,-0.773,-0.764
23,A2_3,-0.869,0.845,0.95,0.974,0.884,0.87,0.932,0.993,0.976,1.0,0.968,0.94,0.932,-0.794,-0.779,-0.784
