,,.,A1_1,A1_2,A1_3,B1_1,B1_2,B1_3,A2_1,A2_2,A2_3,B2_1,B2_2,B2_3,y1,y2,y3
1,.,1.0,0.799,0.944,0.786,0.736,0.892,0.764,0.898,0.88,0.846,0.864,0.901,0.853,0.849,0.902,0.887
1,A1_1,0.799,1.0,0.893,0.715,0.717,0.748,0.757,0.682,0.835,0.533,0.73,0.763,0.721,0.622,0.883,0.843
1,A1_2,0.944,0.893,1.0,0.773,0.808,0.872,0.902,0.82,0.957,0.73,0.898,0.885,0.875,0.816,0.95,0.901
1,A1_3,0.786,0.715,0.773,1.0,0.61,0.902,0.728,0.617,0.665,0.579,0.76,0.644,0.828,0.756,0.736,0.775
1,B1_1,0.736,0.717,0.808,0.61,1.0,0.796,0.758,0.782,0.765,0.649,0.758,0.761,0.855,0.842,0.833,0.829
1,B1_2,0.892,0.748,0.872,0.902,0.796,1.0,0.759,0.815,0.757,0.733,0.868,0.822,0.926,0.9,0.845,0.898
1,B1_3,0.764,0.757,0.902,0.728,0.758,0.759,1.0,0.587,0.918,0.48,0.821,0.698,0.827,0.684,0.833,0.774
1,A2_1,0.898,0.682,0.82,0.617,0.782,0.815,0.587,1.0,0.78,0.942,0.86,0.961,0.853,0.902,0.863,0.79
1,A2_2,0.88,0.835,0.957,0.665,0.765,0.757,0.918,0.78,1.0,0.666,0.861,0.864,0.849,0.74,0.943,0.784
1,A2_3,0.846,0.533,0.73,0.579,0.649,0.733,0.48,0.942,0.666,1.0,0.81,0.87,0.752,0.896,0.728,0.69
1,B2_1,0.864,0.73,0.898,0.76,0.758,0.868,0.821,0.86,0.861,0.81,1.0,0.933,0.91,0.877,0.861,0.84
1,B2_2,0.901,0.763,0.885,0.644,0.761,0.822,0.698,0.961,0.864,0.87,0.933,1.0,0.875,0.851,0.913,0.813
1,B2_3,0.853,0.721,0.875,0.828,0.855,0.926,0.827,0.853,0.849,0.752,0.91,0.875,1.0,0.925,0.92,0.796
1,y1,0.849,0.622,0.816,0.756,0.842,0.9,0.684,0.902,0.74,0.896,0.877,0.851,0.925,1.0,0.823,0.79
1,y2,0.902,0.883,0.95,0.736,0.833,0.845,0.833,0.863,0.943,0.728,0.861,0.913,0.92,0.823,1.0,0.811
1,y3,0.887,0.843,0.901,0.775,0.829,0.898,0.774,0.79,0.784,0.69,0.84,0.813,0.796,0.79,0.811,1.0
2,.,1.0,0.818,0.95,0.802,0.749,0.905,0.78,0.901,0.886,0.851,0.875,0.908,0.87,0.858,0.91,0.895
2,A1_1,0.818,1.0,0.898,0.729,0.728,0.77,0.772,0.699,0.848,0.557,0.742,0.778,0.74,0.641,0.894,0.855
2,A1_2,0.95,0.898,1.0,0.781,0.818,0.886,0.908,0.831,0.959,0.747,0.906,0.895,0.888,0.829,0.955,0.909
2,A1_3,0.802,0.729,0.781,1.0,0.616,0.908,0.735,0.631,0.681,0.595,0.766,0.66,0.836,0.759,0.745,0.784
2,B1_1,0.749,0.728,0.818,0.616,1.0,0.8,0.761,0.796,0.772,0.672,0.77,0.777,0.857,0.849,0.833,0.837
2,B1_2,0.905,0.77,0.886,0.908,0.8,1.0,0.773,0.824,0.775,0.747,0.879,0.837,0.931,0.901,0.853,0.906
2,B1_3,0.78,0.772,0.908,0.735,0.761,0.773,1.0,0.607,0.926,0.508,0.834,0.719,0.836,0.697,0.844,0.787
2,A2_1,0.901,0.699,0.831,0.631,0.796,0.824,0.607,1.0,0.786,0.945,0.866,0.962,0.864,0.911,0.868,0.801
2,A2_2,0.886,0.848,0.959,0.681,0.772,0.775,0.926,0.786,1.0,0.681,0.871,0.871,0.861,0.753,0.949,0.796
2,A2_3,0.851,0.557,0.747,0.595,0.672,0.747,0.508,0.945,0.681,1.0,0.82,0.877,0.77,0.905,0.743,0.707
2,B2_1,0.875,0.742,0.906,0.766,0.77,0.879,0.834,0.866,0.871,0.82,1.0,0.938,0.918,0.886,0.87,0.851
2,B2_2,0.908,0.778,0.895,0.66,0.777,0.837,0.719,0.962,0.871,0.877,0.938,1.0,0.888,0.865,0.919,0.827
2,B2_3,0.87,0.74,0.888,0.836,0.857,0.931,0.836,0.864,0.861,0.77,0.918,0.888,1.0,0.928,0.923,0.812
2,y1,0.858,0.641,0.829,0.759,0.849,0.901,0.697,0.911,0.753,0.905,0.886,0.865,0.928,1.0,0.829,0.801
2,y2,0.91,0.894,0.955,0.745,0.833,0.853,0.844,0.868,0.949,0.743,0.87,0.919,0.923,0.829,1.0,0.821
2,y3,0.895,0.855,0.909,0.784,0.837,0.906,0.787,0.801,0.796,0.707,0.851,0.827,0.812,0.801,0.821,1.0
3,.,1.0,0.836,0.954,0.818,0.761,0.916,0.794,0.904,0.891,0.855,0.884,0.915,0.884,0.866,0.917,0.903
3,A1_1,0.836,1.0,0.903,0.743,0.741,0.791,0.786,0.717,0.86,0.582,0.755,0.792,0.76,0.661,0.903,0.866
3,A1_2,0.954,0.903,1.0,0.789,0.829,0.898,0.913,0.843,0.962,0.763,0.914,0.906,0.901,0.841,0.959,0.916
3,A1_3,0.818,0.743,0.789,1.0,0.624,0.913,0.744,0.647,0.698,0.612,0.774,0.678,0.844,0.765,0.754,0.793
3,B1_1,0.761,0.741,0.829,0.624,1.0,0.805,0.767,0.811,0.781,0.695,0.784,0.793,0.86,0.858,0.836,0.845
3,B1_2,0.916,0.791,0.898,0.913,0.805,1.0,0.788,0.834,0.793,0.761,0.889,0.851,0.937,0.903,0.861,0.913
3,B1_3,0.794,0.786,0.913,0.744,0.767,0.788,1.0,0.628,0.934,0.536,0.847,0.739,0.847,0.712,0.856,0.799
3,A2_1,0.904,0.717,0.843,0.647,0.811,0.834,0.628,1.0,0.794,0.948,0.873,0.964,0.874,0.919,0.874,0.813
3,A2_2,0.891,0.86,0.962,0.698,0.781,0.793,0.934,0.794,1.0,0.696,0.881,0.879,0.873,0.767,0.954,0.809
3,A2_3,0.855,0.582,0.763,0.612,0.695,0.761,0.536,0.948,0.696,1.0,0.83,0.884,0.786,0.914,0.758,0.723
3,B2_1,0.884,0.755,0.914,0.774,0.784,0.889,0.847,0.873,0.881,0.83,1.0,0.942,0.927,0.895,0.879,0.863
3,B2_2,0.915,0.792,0.906,0.678,0.793,0.851,0.739,0.964,0.879,0.884,0.942,1.0,0.899,0.877,0.925,0.84
3,B2_3,0.884,0.76,0.901,0.844,0.86,0.937,0.847,0.874,0.873,0.786,0.927,0.899,1.0,0.932,0.926,0.827
3,y1,0.866,0.661,0.841,0.765,0.858,0.903,0.712,0.919,0.767,0.914,0.895,0.877,0.932,1.0,0.837,0.813
3,y2,0.917,0.903,0.959,0.754,0.836,0.861,0.856,0.874,0.954,0.758,0.879,0.925,0.926,0.837,1.0,0.832
3,y3,0.903,0.866,0.916,0.793,0.845,0.913,0.799,0.813,0.809,0.723,0.863,0.84,0.827,0.813,0.832,1.0
4,.,1.0,0.851,0.958,0.832,0.772,0.924,0.806,0.907,0.896,0.86,0.891,0.92,0.896,0.872,0.922,0.909
4,A1_1,0.851,1.0,0.908,0.756,0.753,0.808,0.799,0.733,0.87,0.605,0.768,0.806,0.777,0.68,0.911,0.876
4,A1_2,0.958,0.908,1.0,0.797,0.839,0.908,0.918,0.853,0.963,0.778,0.921,0.915,0.911,0.852,0.962,0.923
4,A1_3,0.832,0.756,0.797,1.0,0.633,0.919,0.752,0.662,0.714,0.628,0.781,0.694,0.851,0.77,0.764,0.802
4,B1_1,0.772,0.753,0.839,0.633,1.0,0.811,0.774,0.824,0.79,0.715,0.798,0.808,0.864,0.866,0.84,0.853
4,B1_2,0.924,0.808,0.908,0.919,0.811,1.0,0.802,0.842,0.809,0.773,0.898,0.863,0.942,0.906,0.869,0.919
4,B1_3,0.806,0.799,0.918,0.752,0.774,0.802,1.0,0.647,0.94,0.562,0.859,0.758,0.857,0.726,0.866,0.81
4,A2_1,0.907,0.733,0.853,0.662,0.824,0.842,0.647,1.0,0.801,0.95,0.878,0.965,0.882,0.926,0.878,0.823
4,A2_2,0.896,0.87,0.963,0.714,0.79,0.809,0.94,0.801,1.0,0.71,0.89,0.886,0.883,0.78,0.959,0.82
4,A2_3,0.86,0.605,0.778,0.628,0.715,0.773,0.562,0.95,0.71,1.0,0.839,0.89,0.8,0.921,0.77,0.738
4,B2_1,0.891,0.768,0.921,0.781,0.798,0.898,0.859,0.878,0.89,0.839,1.0,0.946,0.934,0.903,0.886,0.872
4,B2_2,0.92,0.806,0.915,0.694,0.808,0.863,0.758,0.965,0.886,0.89,0.946,1.0,0.909,0.888,0.931,0.852
4,B2_3,0.896,0.777,0.911,0.851,0.864,0.942,0.857,0.882,0.883,0.8,0.934,0.909,1.0,0.936,0.93,0.841
4,y1,0.872,0.68,0.852,0.77,0.866,0.906,0.726,0.926,0.78,0.921,0.903,0.888,0.936,1.0,0.844,0.823
4,y2,0.922,0.911,0.962,0.764,0.84,0.869,0.866,0.878,0.959,0.77,0.886,0.931,0.93,0.844,1.0,0.842
4,y3,0.909,0.876,0.923,0.802,0.853,0.919,0.81,0.823,0.82,0.738,0.872,0.852,0.841,0.823,0.842,1.0
5,.,1.0,0.863,0.96,0.843,0.781,0.931,0.815,0.908,0.898,0.862,0.896,0.924,0.905,0.876,0.926,0.913
5,A1_1,0.863,1.0,0.912,0.765,0.762,0.822,0.809,0.746,0.877,0.623,0.778,0.817,0.789,0.695,0.916,0.884
5,A1_2,0.96,0.912,1.0,0.802,0.847,0.915,0.921,0.86,0.964,0.789,0.926,0.921,0.918,0.86,0.964,0.927
5,A1_3,0.843,0.765,0.802,1.0,0.64,0.922,0.757,0.673,0.725,0.64,0.786,0.708,0.856,0.773,0.77,0.808
5,B1_1,0.781,0.762,0.847,0.64,1.0,0.816,0.781,0.835,0.798,0.732,0.81,0.82,0.868,0.873,0.844,0.859
5,B1_2,0.931,0.822,0.915,0.922,0.816,1.0,0.813,0.849,0.822,0.782,0.905,0.874,0.946,0.907,0.876,0.924
5,B1_3,0.815,0.809,0.921,0.757,0.781,0.813,1.0,0.662,0.945,0.582,0.869,0.774,0.865,0.738,0.875,0.819
5,A2_1,0.908,0.746,0.86,0.673,0.835,0.849,0.662,1.0,0.807,0.952,0.883,0.966,0.888,0.931,0.882,0.831
5,A2_2,0.898,0.877,0.964,0.725,0.798,0.822,0.945,0.807,1.0,0.72,0.897,0.892,0.892,0.791,0.962,0.829
5,A2_3,0.862,0.623,0.789,0.64,0.732,0.782,0.582,0.952,0.72,1.0,0.845,0.894,0.81,0.926,0.78,0.75
5,B2_1,0.896,0.778,0.926,0.786,0.81,0.905,0.869,0.883,0.897,0.845,1.0,0.949,0.94,0.91,0.893,0.88
5,B2_2,0.924,0.817,0.921,0.708,0.82,0.874,0.774,0.966,0.892,0.894,0.949,1.0,0.917,0.897,0.935,0.862
5,B2_3,0.905,0.789,0.918,0.856,0.868,0.946,0.865,0.888,0.892,0.81,0.94,0.917,1.0,0.939,0.933,0.851
5,y1,0.876,0.695,0.86,0.773,0.873,0.907,0.738,0.931,0.791,0.926,0.91,0.897,0.939,1.0,0.85,0.831
5,y2,0.926,0.916,0.964,0.77,0.844,0.876,0.875,0.882,0.962,0.78,0.893,0.935,0.933,0.85,1.0,0.849
5,y3,0.913,0.884,0.927,0.808,0.859,0.924,0.819,0.831,0.829,0.75,0.88,0.862,0.851,0.831,0.849,1.0
6,.,1.0,0.873,0.961,0.853,0.787,0.936,0.821,0.91,0.9,0.865,0.899,0.927,0.911,0.879,0.928,0.917
6,A1_1,0.873,1.0,0.915,0.773,0.771,0.834,0.817,0.758,0.884,0.64,0.787,0.826,0.801,0.709,0.921,0.891
6,A1_2,0.961,0.915,1.0,0.806,0.855,0.92,0.924,0.867,0.965,0.799,0.93,0.927,0.924,0.868,0.965,0.931
6,A1_3,0.853,0.773,0.806,1.0,0.646,0.925,0.762,0.684,0.735,0.65,0.791,0.719,0.86,0.777,0.776,0.814
6,B1_1,0.787,0.771,0.855,0.646,1.0,0.82,0.787,0.844,0.805,0.746,0.82,0.831,0.871,0.879,0.847,0.865
6,B1_2,0.936,0.834,0.92,0.925,0.82,1.0,0.822,0.855,0.832,0.79,0.911,0.883,0.949,0.909,0.882,0.928
6,B1_3,0.821,0.817,0.924,0.762,0.787,0.822,1.0,0.675,0.95,0.599,0.878,0.787,0.873,0.749,0.882,0.826
6,A2_1,0.91,0.758,0.867,0.684,0.844,0.855,0.675,1.0,0.812,0.953,0.886,0.966,0.893,0.935,0.885,0.839
6,A2_2,0.9,0.884,0.965,0.735,0.805,0.832,0.95,0.812,1.0,0.729,0.903,0.897,0.899,0.8,0.965,0.837
6,A2_3,0.865,0.64,0.799,0.65,0.746,0.79,0.599,0.953,0.729,1.0,0.85,0.897,0.819,0.931,0.788,0.76
6,B2_1,0.899,0.787,0.93,0.791,0.82,0.911,0.878,0.886,0.903,0.85,1.0,0.951,0.944,0.915,0.899,0.886
6,B2_2,0.927,0.826,0.927,0.719,0.831,0.883,0.787,0.966,0.897,0.897,0.951,1.0,0.924,0.904,0.939,0.871
6,B2_3,0.911,0.801,0.924,0.86,0.871,0.949,0.873,0.893,0.899,0.819,0.944,0.924,1.0,0.941,0.936,0.861
6,y1,0.879,0.709,0.868,0.777,0.879,0.909,0.749,0.935,0.8,0.931,0.915,0.904,0.941,1.0,0.856,0.839
6,y2,0.928,0.921,0.965,0.776,0.847,0.882,0.882,0.885,0.965,0.788,0.899,0.939,0.936,0.856,1.0,0.856
6,y3,0.917,0.891,0.931,0.814,0.865,0.928,0.826,0.839,0.837,0.76,0.886,0.871,0.861,0.839,0.856,1.0
7,.,1.0,0.88,0.961,0.86,0.792,0.94,0.825,0.912,0.902,0.867,0.901,0.93,0.915,0.881,0.93,0.919
7,A1_1,0.88,1.0,0.918,0.779,0.779,0.842,0.823,0.768,0.889,0.654,0.794,0.834,0.809,0.72,0.924,0.896
7,A1_2,0.961,0.918,1.0,0.809,0.861,0.924,0.927,0.873,0.966,0.807,0.934,0.932,0.928,0.873,0.966,0.934
7,A1_3,0.86,0.779,0.809,1.0,0.651,0.927,0.765,0.692,0.743,0.659,0.794,0.728,0.862,0.778,0.78,0.819
7,B1_1,0.792,0.779,0.861,0.651,1.0,0.823,0.793,0.852,0.812,0.757,0.829,0.84,0.874,0.885,0.851,0.87
7,B1_2,0.94,0.842,0.924,0.927,0.823,1.0,0.829,0.86,0.841,0.796,0.915,0.89,0.952,0.909,0.886,0.931
7,B1_3,0.825,0.823,0.927,0.765,0.793,0.829,1.0,0.686,0.953,0.613,0.885,0.798,0.879,0.757,0.887,0.832
7,A2_1,0.912,0.768,0.873,0.692,0.852,0.86,0.686,1.0,0.815,0.954,0.888,0.967,0.897,0.938,0.888,0.845
7,A2_2,0.902,0.889,0.966,0.743,0.812,0.841,0.953,0.815,1.0,0.736,0.908,0.902,0.904,0.807,0.967,0.843
7,A2_3,0.867,0.654,0.807,0.659,0.757,0.796,0.613,0.954,0.736,1.0,0.853,0.899,0.825,0.934,0.795,0.769
7,B2_1,0.901,0.794,0.934,0.794,0.829,0.915,0.885,0.888,0.908,0.853,1.0,0.953,0.948,0.919,0.902,0.891
7,B2_2,0.93,0.834,0.932,0.728,0.84,0.89,0.798,0.967,0.902,0.899,0.953,1.0,0.929,0.91,0.942,0.877
7,B2_3,0.915,0.809,0.928,0.862,0.874,0.952,0.879,0.897,0.904,0.825,0.948,0.929,1.0,0.942,0.938,0.868
7,y1,0.881,0.72,0.873,0.778,0.885,0.909,0.757,0.938,0.807,0.934,0.919,0.91,0.942,1.0,0.861,0.845
7,y2,0.93,0.924,0.966,0.78,0.851,0.886,0.887,0.888,0.967,0.795,0.902,0.942,0.938,0.861,1.0,0.862
7,y3,0.919,0.896,0.934,0.819,0.87,0.931,0.832,0.845,0.843,0.769,0.891,0.877,0.868,0.845,0.862,1.0
8,.,1.0,0.885,0.96,0.866,0.794,0.942,0.827,0.912,0.901,0.867,0.9,0.931,0.917,0.881,0.93,0.92
8,A1_1,0.885,1.0,0.92,0.782,0.784,0.848,0.827,0.775,0.892,0.665,0.799,0.839,0.814,0.728,0.926,0.9
8,A1_2,0.96,0.92,1.0,0.81,0.865,0.927,0.928,0.876,0.966,0.813,0.936,0.935,0.931,0.877,0.967,0.937
8,A1_3,0.866,0.782,0.81,1.0,0.653,0.928,0.766,0.697,0.748,0.664,0.795,0.734,0.863,0.778,0.781,0.822
8,B1_1,0.794,0.784,0.865,0.653,1.0,0.826,0.798,0.857,0.816,0.765,0.836,0.847,0.877,0.89,0.854,0.874
8,B1_2,0.942,0.848,0.927,0.928,0.826,1.0,0.834,0.863,0.847,0.8,0.918,0.895,0.954,0.909,0.889,0.933
8,B1_3,0.827,0.827,0.928,0.766,0.798,0.834,1.0,0.693,0.955,0.622,0.891,0.807,0.883,0.763,0.891,0.836
8,A2_1,0.912,0.775,0.876,0.697,0.857,0.863,0.693,1.0,0.818,0.955,0.889,0.967,0.899,0.941,0.89,0.85
8,A2_2,0.901,0.892,0.966,0.748,0.816,0.847,0.955,0.818,1.0,0.74,0.911,0.905,0.909,0.811,0.968,0.847
8,A2_3,0.867,0.665,0.813,0.664,0.765,0.8,0.622,0.955,0.74,1.0,0.855,0.9,0.828,0.936,0.799,0.775
8,B2_1,0.9,0.799,0.936,0.795,0.836,0.918,0.891,0.889,0.911,0.855,1.0,0.955,0.951,0.921,0.905,0.895
8,B2_2,0.931,0.839,0.935,0.734,0.847,0.895,0.807,0.967,0.905,0.9,0.955,1.0,0.934,0.914,0.944,0.883
8,B2_3,0.917,0.814,0.931,0.863,0.877,0.954,0.883,0.899,0.909,0.828,0.951,0.934,1.0,0.943,0.939,0.873
8,y1,0.881,0.728,0.877,0.778,0.89,0.909,0.763,0.941,0.811,0.936,0.921,0.914,0.943,1.0,0.864,0.849
8,y2,0.93,0.926,0.967,0.781,0.854,0.889,0.891,0.89,0.968,0.799,0.905,0.944,0.939,0.864,1.0,0.866
8,y3,0.92,0.9,0.937,0.822,0.874,0.933,0.836,0.85,0.847,0.775,0.895,0.883,0.873,0.849,0.866,1.0
9,.,1.0,0.889,0.958,0.87,0.794,0.944,0.826,0.912,0.9,0.867,0.899,0.931,0.918,0.88,0.93,0.921
9,A1_1,0.889,1.0,0.922,0.783,0.788,0.852,0.829,0.781,0.895,0.674,0.802,0.843,0.818,0.734,0.928,0.903
9,A1_2,0.958,0.922,1.0,0.81,0.869,0.928,0.929,0.878,0.967,0.817,0.938,0.938,0.933,0.88,0.967,0.938
9,A1_3,0.87,0.783,0.81,1.0,0.653,0.929,0.765,0.701,0.751,0.668,0.794,0.739,0.863,0.776,0.781,0.824
9,B1_1,0.794,0.788,0.869,0.653,1.0,0.827,0.801,0.861,0.82,0.772,0.841,0.852,0.879,0.893,0.856,0.877
9,B1_2,0.944,0.852,0.928,0.929,0.827,1.0,0.837,0.866,0.852,0.803,0.92,0.9,0.955,0.909,0.891,0.935
9,B1_3,0.826,0.829,0.929,0.765,0.801,0.837,1.0,0.698,0.957,0.629,0.895,0.813,0.887,0.768,0.893,0.838
9,A2_1,0.912,0.781,0.878,0.701,0.861,0.866,0.698,1.0,0.819,0.955,0.889,0.966,0.9,0.942,0.891,0.854
9,A2_2,0.9,0.895,0.967,0.751,0.82,0.852,0.957,0.819,1.0,0.743,0.914,0.907,0.912,0.815,0.969,0.851
9,A2_3,0.867,0.674,0.817,0.668,0.772,0.803,0.629,0.955,0.743,1.0,0.855,0.9,0.831,0.938,0.802,0.78
9,B2_1,0.899,0.802,0.938,0.794,0.841,0.92,0.895,0.889,0.914,0.855,1.0,0.956,0.953,0.923,0.907,0.897
9,B2_2,0.931,0.843,0.938,0.739,0.852,0.9,0.813,0.966,0.907,0.9,0.956,1.0,0.937,0.917,0.946,0.887
9,B2_3,0.918,0.818,0.933,0.863,0.879,0.955,0.887,0.9,0.912,0.831,0.953,0.937,1.0,0.943,0.94,0.877
9,y1,0.88,0.734,0.88,0.776,0.893,0.909,0.768,0.942,0.815,0.938,0.923,0.917,0.943,1.0,0.866,0.853
9,y2,0.93,0.928,0.967,0.781,0.856,0.891,0.893,0.891,0.969,0.802,0.907,0.946,0.94,0.866,1.0,0.869
9,y3,0.921,0.903,0.938,0.824,0.877,0.935,0.838,0.854,0.851,0.78,0.897,0.887,0.877,0.853,0.869,1.0
10,.,1.0,0.891,0.956,0.873,0.792,0.945,0.824,0.911,0.897,0.866,0.896,0.93,0.917,0.877,0.928,0.92
10,A1_1,0.891,1.0,0.923,0.783,0.789,0.854,0.829,0.784,0.896,0.679,0.803,0.845,0.818,0.737,0.928,0.904
10,A1_2,0.956,0.923,1.0,0.809,0.871,0.929,0.929,0.879,0.967,0.819,0.939,0.939,0.933,0.882,0.967,0.939
10,A1_3,0.873,0.783,0.809,1.0,0.651,0.928,0.763,0.703,0.751,0.669,0.792,0.741,0.861,0.773,0.779,0.824
10,B1_1,0.792,0.789,0.871,0.651,1.0,0.827,0.803,0.864,0.822,0.775,0.845,0.856,0.88,0.896,0.857,0.878
10,B1_2,0.945,0.854,0.929,0.928,0.827,1.0,0.839,0.868,0.854,0.804,0.921,0.903,0.956,0.908,0.892,0.936
10,B1_3,0.824,0.829,0.929,0.763,0.803,0.839,1.0,0.7,0.959,0.632,0.899,0.818,0.889,0.77,0.894,0.839
10,A2_1,0.911,0.784,0.879,0.703,0.864,0.868,0.7,1.0,0.818,0.954,0.888,0.966,0.9,0.943,0.891,0.856
10,A2_2,0.897,0.896,0.967,0.751,0.822,0.854,0.959,0.818,1.0,0.743,0.916,0.909,0.913,0.816,0.969,0.852
10,A2_3,0.866,0.679,0.819,0.669,0.775,0.804,0.632,0.954,0.743,1.0,0.854,0.9,0.831,0.938,0.804,0.782
10,B2_1,0.896,0.803,0.939,0.792,0.845,0.921,0.899,0.888,0.916,0.854,1.0,0.956,0.954,0.923,0.908,0.899
10,B2_2,0.93,0.845,0.939,0.741,0.856,0.903,0.818,0.966,0.909,0.9,0.956,1.0,0.939,0.919,0.947,0.889
10,B2_3,0.917,0.818,0.933,0.861,0.88,0.956,0.889,0.9,0.913,0.831,0.954,0.939,1.0,0.942,0.94,0.88
10,y1,0.877,0.737,0.882,0.773,0.896,0.908,0.77,0.943,0.816,0.938,0.923,0.919,0.942,1.0,0.867,0.855
10,y2,0.928,0.928,0.967,0.779,0.857,0.892,0.894,0.891,0.969,0.804,0.908,0.947,0.94,0.867,1.0,0.87
10,y3,0.92,0.904,0.939,0.824,0.878,0.936,0.839,0.856,0.852,0.782,0.899,0.889,0.88,0.855,0.87,1.0
11,.,1.0,0.892,0.954,0.876,0.789,0.945,0.82,0.91,0.895,0.864,0.892,0.929,0.916,0.873,0.926,0.919
11,A1_1,0.892,1.0,0.924,0.782,0.79,0.855,0.828,0.786,0.896,0.684,0.803,0.846,0.818,0.739,0.928,0.905
11,A1_2,0.954,0.924,1.0,0.807,0.872,0.929,0.929,0.879,0.966,0.821,0.94,0.94,0.933,0.883,0.967,0.94
11,A1_3,0.876,0.782,0.807,1.0,0.647,0.927,0.759,0.703,0.75,0.67,0.79,0.742,0.859,0.769,0.776,0.824
11,B1_1,0.789,0.79,0.872,0.647,1.0,0.827,0.805,0.865,0.824,0.778,0.848,0.859,0.88,0.898,0.858,0.879
11,B1_2,0.945,0.855,0.929,0.927,0.827,1.0,0.84,0.869,0.857,0.805,0.922,0.906,0.956,0.906,0.893,0.937
11,B1_3,0.82,0.828,0.929,0.759,0.805,0.84,1.0,0.701,0.96,0.634,0.902,0.822,0.891,0.771,0.895,0.84
11,A2_1,0.91,0.786,0.879,0.703,0.865,0.869,0.701,1.0,0.817,0.954,0.886,0.965,0.9,0.943,0.891,0.858
11,A2_2,0.895,0.896,0.966,0.75,0.824,0.857,0.96,0.817,1.0,0.743,0.918,0.91,0.915,0.817,0.969,0.853
11,A2_3,0.864,0.684,0.821,0.67,0.778,0.805,0.634,0.954,0.743,1.0,0.853,0.899,0.83,0.939,0.805,0.785
11,B2_1,0.892,0.803,0.94,0.79,0.848,0.922,0.902,0.886,0.918,0.853,1.0,0.957,0.955,0.923,0.908,0.9
11,B2_2,0.929,0.846,0.94,0.742,0.859,0.906,0.822,0.965,0.91,0.899,0.957,1.0,0.942,0.92,0.948,0.892
11,B2_3,0.916,0.818,0.933,0.859,0.88,0.956,0.891,0.9,0.915,0.83,0.955,0.942,1.0,0.941,0.939,0.882
11,y1,0.873,0.739,0.883,0.769,0.898,0.906,0.771,0.943,0.817,0.939,0.923,0.92,0.941,1.0,0.868,0.856
11,y2,0.926,0.928,0.967,0.776,0.858,0.893,0.895,0.891,0.969,0.805,0.908,0.948,0.939,0.868,1.0,0.871
11,y3,0.919,0.905,0.94,0.824,0.879,0.937,0.84,0.858,0.853,0.785,0.9,0.892,0.882,0.856,0.871,1.0
12,.,1.0,0.892,0.95,0.878,0.783,0.944,0.813,0.908,0.89,0.862,0.885,0.926,0.913,0.869,0.924,0.918
12,A1_1,0.892,1.0,0.924,0.78,0.79,0.855,0.826,0.788,0.896,0.688,0.802,0.847,0.818,0.741,0.928,0.906
12,A1_2,0.95,0.924,1.0,0.804,0.873,0.929,0.928,0.878,0.966,0.822,0.94,0.941,0.933,0.883,0.966,0.94
12,A1_3,0.878,0.78,0.804,1.0,0.642,0.926,0.753,0.703,0.749,0.67,0.785,0.742,0.856,0.764,0.773,0.823
12,B1_1,0.783,0.79,0.873,0.642,1.0,0.825,0.806,0.865,0.824,0.778,0.851,0.861,0.88,0.899,0.858,0.88
12,B1_2,0.944,0.855,0.929,0.926,0.825,1.0,0.839,0.869,0.858,0.805,0.922,0.908,0.956,0.904,0.892,0.937
12,B1_3,0.813,0.826,0.928,0.753,0.806,0.839,1.0,0.698,0.96,0.633,0.905,0.825,0.891,0.77,0.894,0.839
12,A2_1,0.908,0.788,0.878,0.703,0.865,0.869,0.698,1.0,0.815,0.953,0.882,0.963,0.899,0.944,0.891,0.859
12,A2_2,0.89,0.896,0.966,0.749,0.824,0.858,0.96,0.815,1.0,0.742,0.919,0.911,0.915,0.816,0.969,0.854
12,A2_3,0.862,0.688,0.822,0.67,0.778,0.805,0.633,0.953,0.742,1.0,0.849,0.897,0.829,0.94,0.805,0.786
12,B2_1,0.885,0.802,0.94,0.785,0.851,0.922,0.905,0.882,0.919,0.849,1.0,0.956,0.955,0.922,0.908,0.9
12,B2_2,0.926,0.847,0.941,0.742,0.861,0.908,0.825,0.963,0.911,0.897,0.956,1.0,0.943,0.921,0.949,0.894
12,B2_3,0.913,0.818,0.933,0.856,0.88,0.956,0.891,0.899,0.915,0.829,0.955,0.943,1.0,0.94,0.938,0.883
12,y1,0.869,0.741,0.883,0.764,0.899,0.904,0.77,0.944,0.816,0.94,0.922,0.921,0.94,1.0,0.867,0.856
12,y2,0.924,0.928,0.966,0.773,0.858,0.892,0.894,0.891,0.969,0.805,0.908,0.949,0.938,0.867,1.0,0.872
12,y3,0.918,0.906,0.94,0.823,0.88,0.937,0.839,0.859,0.854,0.786,0.9,0.894,0.883,0.856,0.872,1.0
13,.,1.0,0.89,0.945,0.879,0.775,0.942,0.805,0.905,0.884,0.859,0.878,0.923,0.909,0.863,0.919,0.915
13,A1_1,0.89,1.0,0.923,0.777,0.788,0.853,0.822,0.787,0.895,0.689,0.8,0.846,0.815,0.74,0.927,0.905
13,A1_2,0.945,0.923,1.0,0.8,0.873,0.927,0.927,0.876,0.966,0.821,0.94,0.941,0.932,0.882,0.965,0.939
13,A1_3,0.879,0.777,0.8,1.0,0.634,0.924,0.746,0.701,0.745,0.667,0.78,0.74,0.852,0.758,0.767,0.821
13,B1_1,0.775,0.788,0.873,0.634,1.0,0.822,0.806,0.864,0.824,0.777,0.852,0.862,0.879,0.899,0.857,0.879
13,B1_2,0.942,0.853,0.927,0.924,0.822,1.0,0.837,0.868,0.858,0.803,0.921,0.91,0.956,0.901,0.891,0.937
13,B1_3,0.805,0.822,0.927,0.746,0.806,0.837,1.0,0.694,0.96,0.629,0.906,0.826,0.891,0.767,0.892,0.837
13,A2_1,0.905,0.787,0.876,0.701,0.864,0.868,0.694,1.0,0.811,0.952,0.878,0.962,0.897,0.943,0.889,0.86
13,A2_2,0.884,0.895,0.966,0.745,0.824,0.858,0.96,0.811,1.0,0.738,0.919,0.912,0.915,0.814,0.968,0.853
13,A2_3,0.859,0.689,0.821,0.667,0.777,0.803,0.629,0.952,0.738,1.0,0.845,0.894,0.826,0.939,0.804,0.785
13,B2_1,0.878,0.8,0.94,0.78,0.852,0.921,0.906,0.878,0.919,0.845,1.0,0.956,0.956,0.92,0.907,0.899
13,B2_2,0.923,0.846,0.941,0.74,0.862,0.91,0.826,0.962,0.912,0.894,0.956,1.0,0.944,0.921,0.949,0.894
13,B2_3,0.909,0.815,0.932,0.852,0.879,0.956,0.891,0.897,0.915,0.826,0.956,0.944,1.0,0.938,0.937,0.883
13,y1,0.863,0.74,0.882,0.758,0.899,0.901,0.767,0.943,0.814,0.939,0.92,0.921,0.938,1.0,0.866,0.856
13,y2,0.919,0.927,0.965,0.767,0.857,0.891,0.892,0.889,0.968,0.804,0.907,0.949,0.937,0.866,1.0,0.872
13,y3,0.915,0.905,0.939,0.821,0.879,0.937,0.837,0.86,0.853,0.785,0.899,0.894,0.883,0.856,0.872,1.0
14,.,1.0,0.888,0.939,0.88,0.766,0.94,0.794,0.903,0.878,0.856,0.868,0.918,0.903,0.856,0.915,0.911
14,A1_1,0.888,1.0,0.923,0.772,0.785,0.851,0.817,0.787,0.894,0.691,0.796,0.844,0.811,0.739,0.927,0.904
14,A1_2,0.939,0.923,1.0,0.794,0.872,0.926,0.926,0.874,0.965,0.82,0.939,0.941,0.93,0.88,0.965,0.939
14,A1_3,0.88,0.772,0.794,1.0,0.626,0.921,0.736,0.698,0.74,0.664,0.773,0.738,0.847,0.751,0.761,0.818
14,B1_1,0.766,0.785,0.872,0.626,1.0,0.819,0.806,0.862,0.823,0.774,0.853,0.863,0.878,0.899,0.855,0.878
14,B1_2,0.94,0.851,0.926,0.921,0.819,1.0,0.834,0.868,0.857,0.801,0.919,0.911,0.955,0.898,0.889,0.937
14,B1_3,0.794,0.817,0.926,0.736,0.806,0.834,1.0,0.688,0.96,0.624,0.908,0.826,0.89,0.763,0.889,0.833
14,A2_1,0.903,0.787,0.874,0.698,0.862,0.868,0.688,1.0,0.807,0.951,0.873,0.96,0.894,0.942,0.888,0.859
14,A2_2,0.878,0.894,0.965,0.74,0.823,0.857,0.96,0.807,1.0,0.734,0.92,0.912,0.915,0.811,0.967,0.852
14,A2_3,0.856,0.691,0.82,0.664,0.774,0.801,0.624,0.951,0.734,1.0,0.839,0.891,0.822,0.939,0.802,0.784
14,B2_1,0.868,0.796,0.939,0.773,0.853,0.919,0.908,0.873,0.92,0.839,1.0,0.956,0.956,0.918,0.904,0.897
14,B2_2,0.918,0.844,0.941,0.738,0.863,0.911,0.826,0.96,0.912,0.891,0.956,1.0,0.946,0.921,0.949,0.895
14,B2_3,0.903,0.811,0.93,0.847,0.878,0.955,0.89,0.894,0.915,0.822,0.956,0.946,1.0,0.935,0.935,0.882
14,y1,0.856,0.739,0.88,0.751,0.899,0.898,0.763,0.942,0.811,0.939,0.918,0.921,0.935,1.0,0.865,0.855
14,y2,0.915,0.927,0.965,0.761,0.855,0.889,0.889,0.888,0.967,0.802,0.904,0.949,0.935,0.865,1.0,0.871
14,y3,0.911,0.904,0.939,0.818,0.878,0.937,0.833,0.859,0.852,0.784,0.897,0.895,0.882,0.855,0.871,1.0
15,.,1.0,0.885,0.933,0.88,0.755,0.937,0.781,0.9,0.87,0.852,0.857,0.913,0.896,0.848,0.91,0.907
15,A1_1,0.885,1.0,0.922,0.767,0.781,0.847,0.812,0.786,0.892,0.691,0.792,0.842,0.806,0.737,0.926,0.903
15,A1_2,0.933,0.922,1.0,0.789,0.871,0.924,0.924,0.871,0.965,0.818,0.938,0.94,0.928,0.879,0.964,0.938
15,A1_3,0.88,0.767,0.789,1.0,0.616,0.919,0.726,0.695,0.734,0.661,0.764,0.734,0.84,0.742,0.754,0.814
15,B1_1,0.755,0.781,0.871,0.616,1.0,0.816,0.805,0.859,0.822,0.771,0.854,0.863,0.877,0.898,0.853,0.877
15,B1_2,0.937,0.847,0.924,0.919,0.816,1.0,0.83,0.866,0.855,0.798,0.917,0.912,0.954,0.895,0.887,0.937
15,B1_3,0.781,0.812,0.924,0.726,0.805,0.83,1.0,0.681,0.959,0.617,0.909,0.827,0.889,0.758,0.885,0.83
15,A2_1,0.9,0.786,0.871,0.695,0.859,0.866,0.681,1.0,0.801,0.95,0.866,0.957,0.891,0.941,0.886,0.859
15,A2_2,0.87,0.892,0.965,0.734,0.822,0.855,0.959,0.801,1.0,0.729,0.92,0.912,0.914,0.807,0.966,0.85
15,A2_3,0.852,0.691,0.818,0.661,0.771,0.798,0.617,0.95,0.729,1.0,0.832,0.886,0.816,0.938,0.8,0.783
15,B2_1,0.857,0.792,0.938,0.764,0.854,0.917,0.909,0.866,0.92,0.832,1.0,0.955,0.955,0.914,0.902,0.895
15,B2_2,0.913,0.842,0.94,0.734,0.863,0.912,0.827,0.957,0.912,0.886,0.955,1.0,0.946,0.92,0.949,0.895
15,B2_3,0.896,0.806,0.928,0.84,0.877,0.954,0.889,0.891,0.914,0.816,0.955,0.946,1.0,0.932,0.932,0.881
15,y1,0.848,0.737,0.879,0.742,0.898,0.895,0.758,0.941,0.807,0.938,0.914,0.92,0.932,1.0,0.863,0.854
15,y2,0.91,0.926,0.964,0.754,0.853,0.887,0.885,0.886,0.966,0.8,0.902,0.949,0.932,0.863,1.0,0.87
15,y3,0.907,0.903,0.938,0.814,0.877,0.937,0.83,0.859,0.85,0.783,0.895,0.895,0.881,0.854,0.87,1.0
16,.,1.0,0.881,0.925,0.879,0.741,0.933,0.765,0.896,0.86,0.847,0.844,0.906,0.887,0.839,0.904,0.902
16,A1_1,0.881,1.0,0.921,0.761,0.776,0.843,0.804,0.783,0.889,0.69,0.786,0.838,0.8,0.734,0.924,0.9
16,A1_2,0.925,0.921,1.0,0.782,0.869,0.921,0.921,0.866,0.964,0.815,0.936,0.939,0.926,0.876,0.963,0.936
16,A1_3,0.879,0.761,0.782,1.0,0.603,0.915,0.713,0.69,0.726,0.656,0.754,0.729,0.833,0.733,0.745,0.81
16,B1_1,0.741,0.776,0.869,0.603,1.0,0.812,0.803,0.854,0.82,0.765,0.854,0.862,0.875,0.897,0.851,0.874
16,B1_2,0.933,0.843,0.921,0.915,0.812,1.0,0.825,0.864,0.853,0.794,0.915,0.913,0.953,0.891,0.884,0.936
16,B1_3,0.765,0.804,0.921,0.713,0.803,0.825,1.0,0.671,0.958,0.607,0.91,0.826,0.887,0.751,0.88,0.825
16,A2_1,0.896,0.783,0.866,0.69,0.854,0.864,0.671,1.0,0.795,0.948,0.858,0.954,0.886,0.94,0.884,0.857
16,A2_2,0.86,0.889,0.964,0.726,0.82,0.853,0.958,0.795,1.0,0.722,0.919,0.911,0.912,0.802,0.964,0.848
16,A2_3,0.847,0.69,0.815,0.656,0.765,0.794,0.607,0.948,0.722,1.0,0.824,0.882,0.81,0.937,0.798,0.78
16,B2_1,0.844,0.786,0.936,0.754,0.854,0.915,0.91,0.858,0.919,0.824,1.0,0.954,0.954,0.91,0.898,0.892
16,B2_2,0.906,0.838,0.939,0.729,0.862,0.913,0.826,0.954,0.911,0.882,0.954,1.0,0.947,0.918,0.948,0.894
16,B2_3,0.887,0.8,0.926,0.833,0.875,0.953,0.887,0.886,0.912,0.81,0.954,0.947,1.0,0.928,0.929,0.879
16,y1,0.839,0.734,0.876,0.733,0.897,0.891,0.751,0.94,0.802,0.937,0.91,0.918,0.928,1.0,0.86,0.852
16,y2,0.904,0.924,0.963,0.745,0.851,0.884,0.88,0.884,0.964,0.798,0.898,0.948,0.929,0.86,1.0,0.869
16,y3,0.902,0.9,0.936,0.81,0.874,0.936,0.825,0.857,0.848,0.78,0.892,0.894,0.879,0.852,0.869,1.0
17,.,1.0,0.875,0.916,0.878,0.724,0.928,0.747,0.891,0.848,0.841,0.828,0.897,0.876,0.827,0.895,0.895
17,A1_1,0.875,1.0,0.919,0.754,0.769,0.837,0.795,0.778,0.885,0.687,0.778,0.832,0.791,0.728,0.922,0.897
17,A1_2,0.916,0.919,1.0,0.773,0.866,0.918,0.918,0.86,0.963,0.81,0.934,0.937,0.922,0.872,0.961,0.935
17,A1_3,0.878,0.754,0.773,1.0,0.588,0.91,0.698,0.683,0.716,0.649,0.742,0.721,0.823,0.721,0.733,0.804
17,B1_1,0.724,0.769,0.866,0.588,1.0,0.807,0.802,0.848,0.817,0.757,0.853,0.861,0.873,0.895,0.847,0.871
17,B1_2,0.928,0.837,0.918,0.91,0.807,1.0,0.819,0.861,0.849,0.788,0.912,0.913,0.951,0.886,0.88,0.935
17,B1_3,0.747,0.795,0.918,0.698,0.802,0.819,1.0,0.659,0.957,0.595,0.911,0.824,0.885,0.743,0.875,0.819
17,A2_1,0.891,0.778,0.86,0.683,0.848,0.861,0.659,1.0,0.786,0.946,0.849,0.95,0.88,0.938,0.88,0.855
17,A2_2,0.848,0.885,0.963,0.716,0.817,0.849,0.957,0.786,1.0,0.713,0.918,0.91,0.91,0.795,0.962,0.844
17,A2_3,0.841,0.687,0.81,0.649,0.757,0.788,0.595,0.946,0.713,1.0,0.814,0.875,0.8,0.935,0.793,0.776
17,B2_1,0.828,0.778,0.934,0.742,0.853,0.912,0.911,0.849,0.918,0.814,1.0,0.953,0.954,0.905,0.895,0.889
17,B2_2,0.897,0.832,0.937,0.721,0.861,0.913,0.824,0.95,0.91,0.875,0.953,1.0,0.947,0.916,0.947,0.893
17,B2_3,0.876,0.791,0.922,0.823,0.873,0.951,0.885,0.88,0.91,0.8,0.954,0.947,1.0,0.924,0.924,0.876
17,y1,0.827,0.728,0.872,0.721,0.895,0.886,0.743,0.938,0.795,0.935,0.905,0.916,0.924,1.0,0.856,0.849
17,y2,0.895,0.922,0.961,0.733,0.847,0.88,0.875,0.88,0.962,0.793,0.895,0.947,0.924,0.856,1.0,0.866
17,y3,0.895,0.897,0.935,0.804,0.871,0.935,0.819,0.855,0.844,0.776,0.889,0.893,0.876,0.849,0.866,1.0
18,.,1.0,0.868,0.905,0.877,0.704,0.921,0.725,0.886,0.835,0.835,0.809,0.886,0.862,0.814,0.886,0.887
18,A1_1,0.868,1.0,0.917,0.745,0.761,0.83,0.785,0.774,0.881,0.684,0.769,0.826,0.781,0.722,0.92,0.894
18,A1_2,0.905,0.917,1.0,0.763,0.863,0.915,0.914,0.854,0.962,0.805,0.931,0.935,0.917,0.867,0.959,0.932
18,A1_3,0.877,0.745,0.763,1.0,0.57,0.904,0.68,0.676,0.705,0.642,0.728,0.712,0.812,0.708,0.721,0.797
18,B1_1,0.704,0.761,0.863,0.57,1.0,0.801,0.799,0.84,0.814,0.748,0.852,0.859,0.87,0.891,0.843,0.867
18,B1_2,0.921,0.83,0.915,0.904,0.801,1.0,0.813,0.857,0.846,0.782,0.909,0.913,0.949,0.881,0.875,0.934
18,B1_3,0.725,0.785,0.914,0.68,0.799,0.813,1.0,0.644,0.956,0.581,0.911,0.822,0.882,0.733,0.868,0.812
18,A2_1,0.886,0.774,0.854,0.676,0.84,0.857,0.644,1.0,0.777,0.944,0.838,0.945,0.873,0.935,0.876,0.851
18,A2_2,0.835,0.881,0.962,0.705,0.814,0.846,0.956,0.777,1.0,0.703,0.917,0.909,0.907,0.787,0.959,0.84
18,A2_3,0.835,0.684,0.805,0.642,0.748,0.782,0.581,0.944,0.703,1.0,0.802,0.868,0.791,0.933,0.788,0.771
18,B2_1,0.809,0.769,0.931,0.728,0.852,0.909,0.911,0.838,0.917,0.802,1.0,0.951,0.952,0.899,0.89,0.885
18,B2_2,0.886,0.826,0.935,0.712,0.859,0.913,0.822,0.945,0.909,0.868,0.951,1.0,0.947,0.913,0.946,0.891
18,B2_3,0.862,0.781,0.917,0.812,0.87,0.949,0.882,0.873,0.907,0.791,0.952,0.947,1.0,0.918,0.919,0.873
18,y1,0.814,0.722,0.867,0.708,0.891,0.881,0.733,0.935,0.787,0.933,0.899,0.913,0.918,1.0,0.852,0.845
18,y2,0.886,0.92,0.959,0.721,0.843,0.875,0.868,0.876,0.959,0.788,0.89,0.946,0.919,0.852,1.0,0.863
18,y3,0.887,0.894,0.932,0.797,0.867,0.934,0.812,0.851,0.84,0.771,0.885,0.891,0.873,0.845,0.863,1.0
19,.,1.0,0.861,0.893,0.875,0.681,0.912,0.7,0.88,0.819,0.828,0.787,0.874,0.846,0.8,0.875,0.878
19,A1_1,0.861,1.0,0.914,0.736,0.751,0.823,0.773,0.769,0.877,0.681,0.759,0.82,0.77,0.716,0.918,0.89
19,A1_2,0.893,0.914,1.0,0.753,0.859,0.911,0.91,0.847,0.961,0.799,0.928,0.933,0.913,0.863,0.957,0.93
19,A1_3,0.875,0.736,0.753,1.0,0.551,0.898,0.661,0.669,0.692,0.635,0.712,0.703,0.8,0.695,0.708,0.789
19,B1_1,0.681,0.751,0.859,0.551,1.0,0.794,0.797,0.83,0.81,0.737,0.851,0.857,0.867,0.887,0.837,0.863
19,B1_2,0.912,0.823,0.911,0.898,0.794,1.0,0.806,0.853,0.842,0.775,0.905,0.912,0.946,0.875,0.87,0.932
19,B1_3,0.7,0.773,0.91,0.661,0.797,0.806,1.0,0.627,0.954,0.565,0.912,0.82,0.879,0.722,0.86,0.804
19,A2_1,0.88,0.769,0.847,0.669,0.83,0.853,0.627,1.0,0.766,0.942,0.826,0.939,0.864,0.932,0.872,0.848
19,A2_2,0.819,0.877,0.961,0.692,0.81,0.842,0.954,0.766,1.0,0.692,0.916,0.908,0.904,0.779,0.956,0.836
19,A2_3,0.828,0.681,0.799,0.635,0.737,0.775,0.565,0.942,0.692,1.0,0.788,0.859,0.779,0.931,0.783,0.765
19,B2_1,0.787,0.759,0.928,0.712,0.851,0.905,0.912,0.826,0.916,0.788,1.0,0.95,0.951,0.891,0.884,0.88
19,B2_2,0.874,0.82,0.933,0.703,0.857,0.912,0.82,0.939,0.908,0.859,0.95,1.0,0.947,0.909,0.944,0.889
19,B2_3,0.846,0.77,0.913,0.8,0.867,0.946,0.879,0.864,0.904,0.779,0.951,0.947,1.0,0.912,0.914,0.868
19,y1,0.8,0.716,0.863,0.695,0.887,0.875,0.722,0.932,0.779,0.931,0.891,0.909,0.912,1.0,0.847,0.841
19,y2,0.875,0.918,0.957,0.708,0.837,0.87,0.86,0.872,0.956,0.783,0.884,0.944,0.914,0.847,1.0,0.86
19,y3,0.878,0.89,0.93,0.789,0.863,0.932,0.804,0.848,0.836,0.765,0.88,0.889,0.868,0.841,0.86,1.0
20,.,1.0,0.852,0.878,0.873,0.654,0.902,0.67,0.874,0.801,0.821,0.761,0.859,0.826,0.784,0.863,0.867
20,A1_1,0.852,1.0,0.911,0.726,0.74,0.814,0.759,0.763,0.871,0.677,0.747,0.811,0.757,0.709,0.915,0.885
20,A1_2,0.878,0.911,1.0,0.74,0.854,0.907,0.905,0.838,0.96,0.792,0.924,0.931,0.907,0.857,0.956,0.927
20,A1_3,0.873,0.726,0.74,1.0,0.528,0.89,0.638,0.659,0.677,0.625,0.693,0.69,0.784,0.678,0.692,0.781
20,B1_1,0.654,0.74,0.854,0.528,1.0,0.788,0.794,0.819,0.806,0.723,0.85,0.855,0.864,0.882,0.831,0.857
20,B1_2,0.902,0.814,0.907,0.89,0.788,1.0,0.798,0.847,0.836,0.766,0.901,0.912,0.943,0.868,0.864,0.93
20,B1_3,0.67,0.759,0.905,0.638,0.794,0.798,1.0,0.608,0.951,0.545,0.912,0.818,0.877,0.708,0.851,0.794
20,A2_1,0.874,0.763,0.838,0.659,0.819,0.847,0.608,1.0,0.754,0.939,0.811,0.932,0.854,0.929,0.866,0.843
20,A2_2,0.801,0.871,0.96,0.677,0.806,0.836,0.951,0.754,1.0,0.68,0.914,0.907,0.901,0.768,0.953,0.831
20,A2_3,0.821,0.677,0.792,0.625,0.723,0.766,0.545,0.939,0.68,1.0,0.772,0.849,0.765,0.928,0.777,0.759
20,B2_1,0.761,0.747,0.924,0.693,0.85,0.901,0.912,0.811,0.914,0.772,1.0,0.948,0.95,0.883,0.877,0.873
20,B2_2,0.859,0.811,0.931,0.69,0.855,0.912,0.818,0.932,0.907,0.849,0.948,1.0,0.947,0.905,0.942,0.886
20,B2_3,0.826,0.757,0.907,0.784,0.864,0.943,0.877,0.854,0.901,0.765,0.95,0.947,1.0,0.904,0.906,0.863
20,y1,0.784,0.709,0.857,0.678,0.882,0.868,0.708,0.929,0.768,0.928,0.883,0.905,0.904,1.0,0.841,0.836
20,y2,0.863,0.915,0.956,0.692,0.831,0.864,0.851,0.866,0.953,0.777,0.877,0.942,0.906,0.841,1.0,0.856
20,y3,0.867,0.885,0.927,0.781,0.857,0.93,0.794,0.843,0.831,0.759,0.873,0.886,0.863,0.836,0.856,1.0
21,.,1.0,0.84,0.861,0.87,0.622,0.888,0.635,0.865,0.778,0.811,0.731,0.839,0.802,0.764,0.847,0.853
21,A1_1,0.84,1.0,0.908,0.714,0.726,0.802,0.743,0.754,0.864,0.671,0.733,0.8,0.74,0.699,0.912,0.879
21,A1_2,0.861,0.908,1.0,0.726,0.848,0.902,0.899,0.827,0.958,0.783,0.92,0.927,0.9,0.85,0.953,0.923
21,A1_3,0.87,0.714,0.726,1.0,0.501,0.88,0.611,0.648,0.658,0.614,0.671,0.675,0.765,0.66,0.672,0.77
21,B1_1,0.622,0.726,0.848,0.501,1.0,0.779,0.791,0.804,0.8,0.706,0.848,0.851,0.86,0.876,0.823,0.851
21,B1_2,0.888,0.802,0.902,0.88,0.779,1.0,0.788,0.839,0.83,0.754,0.897,0.911,0.94,0.86,0.856,0.928
21,B1_3,0.635,0.743,0.899,0.611,0.791,0.788,1.0,0.584,0.949,0.522,0.912,0.815,0.873,0.692,0.84,0.783
21,A2_1,0.865,0.754,0.827,0.648,0.804,0.839,0.584,1.0,0.738,0.936,0.793,0.924,0.84,0.925,0.86,0.837
21,A2_2,0.778,0.864,0.958,0.658,0.8,0.83,0.949,0.738,1.0,0.663,0.911,0.904,0.896,0.755,0.948,0.824
21,A2_3,0.811,0.671,0.783,0.614,0.706,0.754,0.522,0.936,0.663,1.0,0.753,0.836,0.747,0.925,0.769,0.75
21,B2_1,0.731,0.733,0.92,0.671,0.848,0.897,0.912,0.793,0.911,0.753,1.0,0.946,0.948,0.872,0.869,0.866
21,B2_2,0.839,0.8,0.927,0.675,0.851,0.911,0.815,0.924,0.904,0.836,0.946,1.0,0.946,0.899,0.939,0.882
21,B2_3,0.802,0.74,0.9,0.765,0.86,0.94,0.873,0.84,0.896,0.747,0.948,0.946,1.0,0.895,0.897,0.856
21,y1,0.764,0.699,0.85,0.66,0.876,0.86,0.692,0.925,0.755,0.925,0.872,0.899,0.895,1.0,0.834,0.83
21,y2,0.847,0.912,0.953,0.672,0.823,0.856,0.84,0.86,0.948,0.769,0.869,0.939,0.897,0.834,1.0,0.851
21,y3,0.853,0.879,0.923,0.77,0.851,0.928,0.783,0.837,0.824,0.75,0.866,0.882,0.856,0.83,0.851,1.0
22,.,1.0,0.828,0.841,0.866,0.584,0.871,0.597,0.856,0.752,0.8,0.697,0.817,0.772,0.741,0.829,0.838
22,A1_1,0.828,1.0,0.904,0.7,0.71,0.789,0.725,0.746,0.855,0.665,0.717,0.788,0.721,0.689,0.908,0.872
22,A1_2,0.841,0.904,1.0,0.709,0.841,0.896,0.893,0.816,0.956,0.774,0.915,0.923,0.892,0.842,0.95,0.918
22,A1_3,0.866,0.7,0.709,1.0,0.47,0.868,0.582,0.635,0.636,0.601,0.645,0.656,0.742,0.637,0.65,0.757
22,B1_1,0.584,0.71,0.841,0.47,1.0,0.772,0.789,0.788,0.794,0.686,0.847,0.848,0.856,0.869,0.814,0.843
22,B1_2,0.871,0.789,0.896,0.868,0.772,1.0,0.781,0.83,0.823,0.74,0.893,0.909,0.936,0.851,0.847,0.925
22,B1_3,0.597,0.725,0.893,0.582,0.789,0.781,1.0,0.559,0.946,0.497,0.913,0.812,0.87,0.676,0.829,0.772
22,A2_1,0.856,0.746,0.816,0.635,0.788,0.83,0.559,1.0,0.721,0.933,0.773,0.913,0.824,0.92,0.852,0.831
22,A2_2,0.752,0.855,0.956,0.636,0.794,0.823,0.946,0.721,1.0,0.646,0.909,0.902,0.891,0.741,0.943,0.816
22,A2_3,0.8,0.665,0.774,0.601,0.686,0.74,0.497,0.933,0.646,1.0,0.732,0.821,0.725,0.921,0.76,0.74
22,B2_1,0.697,0.717,0.915,0.645,0.847,0.893,0.913,0.773,0.909,0.732,1.0,0.945,0.947,0.861,0.86,0.858
22,B2_2,0.817,0.788,0.923,0.656,0.848,0.909,0.812,0.913,0.902,0.821,0.945,1.0,0.946,0.893,0.935,0.877
22,B2_3,0.772,0.721,0.892,0.742,0.856,0.936,0.87,0.824,0.891,0.725,0.947,0.946,1.0,0.883,0.886,0.847
22,y1,0.741,0.689,0.842,0.637,0.869,0.851,0.676,0.92,0.741,0.921,0.861,0.893,0.883,1.0,0.826,0.823
22,y2,0.829,0.908,0.95,0.65,0.814,0.847,0.829,0.852,0.943,0.76,0.86,0.935,0.886,0.826,1.0,0.846
22,y3,0.838,0.872,0.918,0.757,0.843,0.925,0.772,0.831,0.816,0.74,0.858,0.877,0.847,0.823,0.846,1.0
23,.,1.0,0.812,0.817,0.861,0.539,0.849,0.551,0.845,0.721,0.788,0.655,0.788,0.735,0.714,0.807,0.819
23,A1_1,0.812,1.0,0.898,0.685,0.69,0.773,0.704,0.734,0.845,0.656,0.697,0.772,0.697,0.676,0.904,0.863
23,A1_2,0.817,0.898,1.0,0.69,0.832,0.889,0.885,0.802,0.953,0.761,0.908,0.918,0.882,0.832,0.947,0.913
23,A1_3,0.861,0.685,0.69,1.0,0.433,0.853,0.546,0.62,0.61,0.588,0.615,0.633,0.714,0.612,0.624,0.742
23,B1_1,0.539,0.69,0.832,0.433,1.0,0.762,0.785,0.767,0.786,0.661,0.845,0.844,0.851,0.858,0.802,0.833
23,B1_2,0.849,0.773,0.889,0.853,0.762,1.0,0.77,0.818,0.815,0.723,0.887,0.907,0.932,0.84,0.836,0.922
23,B1_3,0.551,0.704,0.885,0.546,0.785,0.77,1.0,0.528,0.943,0.466,0.913,0.809,0.867,0.654,0.813,0.757
23,A2_1,0.845,0.734,0.802,0.62,0.767,0.818,0.528,1.0,0.699,0.928,0.749,0.9,0.803,0.914,0.842,0.822
23,A2_2,0.721,0.845,0.953,0.61,0.786,0.815,0.943,0.699,1.0,0.624,0.906,0.899,0.884,0.723,0.937,0.806
23,A2_3,0.788,0.656,0.761,0.588,0.661,0.723,0.466,0.928,0.624,1.0,0.706,0.803,0.699,0.916,0.749,0.728
23,B2_1,0.655,0.697,0.908,0.615,0.845,0.887,0.913,0.749,0.906,0.706,1.0,0.943,0.946,0.847,0.848,0.847
23,B2_2,0.788,0.772,0.918,0.633,0.844,0.907,0.809,0.9,0.899,0.803,0.943,1.0,0.945,0.884,0.93,0.871
23,B2_3,0.735,0.697,0.882,0.714,0.851,0.932,0.867,0.803,0.884,0.699,0.946,0.945,1.0,0.869,0.872,0.836
23,y1,0.714,0.676,0.832,0.612,0.858,0.84,0.654,0.914,0.723,0.916,0.847,0.884,0.869,1.0,0.815,0.814
23,y2,0.807,0.904,0.947,0.624,0.802,0.836,0.813,0.842,0.937,0.749,0.848,0.93,0.872,0.815,1.0,0.839
23,y3,0.819,0.863,0.913,0.742,0.833,0.922,0.757,0.822,0.806,0.728,0.847,0.871,0.836,0.814,0.839,1.0
24,.,1.0,0.795,0.789,0.855,0.488,0.822,0.497,0.833,0.685,0.774,0.606,0.753,0.69,0.685,0.784,0.798
24,A1_1,0.795,1.0,0.893,0.668,0.669,0.754,0.679,0.723,0.834,0.648,0.674,0.754,0.67,0.664,0.901,0.855
24,A1_2,0.789,0.893,1.0,0.668,0.822,0.881,0.876,0.786,0.951,0.747,0.901,0.913,0.871,0.821,0.943,0.907
24,A1_3,0.855,0.668,0.668,1.0,0.392,0.834,0.505,0.602,0.58,0.572,0.578,0.605,0.678,0.583,0.594,0.726
24,B1_1,0.488,0.669,0.822,0.392,1.0,0.752,0.781,0.743,0.778,0.633,0.842,0.84,0.847,0.846,0.788,0.822
24,B1_2,0.822,0.754,0.881,0.834,0.752,1.0,0.759,0.804,0.805,0.703,0.881,0.905,0.926,0.826,0.822,0.918
24,B1_3,0.497,0.679,0.876,0.505,0.781,0.759,1.0,0.492,0.938,0.43,0.913,0.805,0.864,0.628,0.794,0.74
24,A2_1,0.833,0.723,0.786,0.602,0.743,0.804,0.492,1.0,0.674,0.924,0.72,0.883,0.778,0.907,0.832,0.813
24,A2_2,0.685,0.834,0.951,0.58,0.778,0.805,0.938,0.674,1.0,0.599,0.902,0.896,0.875,0.702,0.928,0.795
24,A2_3,0.774,0.648,0.747,0.572,0.633,0.703,0.43,0.924,0.599,1.0,0.675,0.78,0.666,0.911,0.738,0.714
24,B2_1,0.606,0.674,0.901,0.578,0.842,0.881,0.913,0.72,0.902,0.675,1.0,0.941,0.945,0.829,0.832,0.834
24,B2_2,0.753,0.754,0.913,0.605,0.84,0.905,0.805,0.883,0.896,0.78,0.941,1.0,0.944,0.872,0.922,0.863
24,B2_3,0.69,0.67,0.871,0.678,0.847,0.926,0.864,0.778,0.875,0.666,0.945,0.944,1.0,0.85,0.852,0.823
24,y1,0.685,0.664,0.821,0.583,0.846,0.826,0.628,0.907,0.702,0.911,0.829,0.872,0.85,1.0,0.804,0.805
24,y2,0.784,0.901,0.943,0.594,0.788,0.822,0.794,0.832,0.928,0.738,0.832,0.922,0.852,0.804,1.0,0.832
24,y3,0.798,0.855,0.907,0.726,0.822,0.918,0.74,0.813,0.795,0.714,0.834,0.863,0.823,0.805,0.832,1.0
25,.,1.0,0.776,0.758,0.85,0.43,0.79,0.437,0.821,0.644,0.762,0.549,0.711,0.637,0.654,0.759,0.774
25,A1_1,0.776,1.0,0.887,0.652,0.644,0.734,0.652,0.712,0.823,0.641,0.649,0.734,0.64,0.651,0.898,0.845
25,A1_2,0.758,0.887,1.0,0.644,0.811,0.872,0.865,0.768,0.949,0.733,0.892,0.907,0.859,0.809,0.938,0.9
25,A1_3,0.85,0.652,0.644,1.0,0.346,0.812,0.459,0.586,0.547,0.558,0.537,0.573,0.638,0.554,0.563,0.709
25,B1_1,0.43,0.644,0.811,0.346,1.0,0.742,0.778,0.713,0.769,0.6,0.84,0.835,0.843,0.83,0.769,0.809
25,B1_2,0.79,0.734,0.872,0.812,0.742,1.0,0.748,0.786,0.795,0.68,0.875,0.902,0.919,0.81,0.806,0.913
25,B1_3,0.437,0.652,0.865,0.459,0.778,0.748,1.0,0.451,0.933,0.391,0.913,0.803,0.861,0.598,0.77,0.721
25,A2_1,0.821,0.712,0.768,0.586,0.713,0.786,0.451,1.0,0.647,0.92,0.686,0.862,0.747,0.9,0.822,0.802
25,A2_2,0.644,0.823,0.949,0.547,0.769,0.795,0.933,0.647,1.0,0.573,0.897,0.893,0.866,0.678,0.917,0.784
25,A2_3,0.762,0.641,0.733,0.558,0.6,0.68,0.391,0.92,0.573,1.0,0.64,0.753,0.63,0.906,0.728,0.7
25,B2_1,0.549,0.649,0.892,0.537,0.84,0.875,0.913,0.686,0.897,0.64,1.0,0.939,0.943,0.807,0.812,0.82
25,B2_2,0.711,0.734,0.907,0.573,0.835,0.902,0.803,0.862,0.893,0.753,0.939,1.0,0.943,0.858,0.911,0.853
25,B2_3,0.637,0.64,0.859,0.638,0.843,0.919,0.861,0.747,0.866,0.63,0.943,0.943,1.0,0.828,0.829,0.808
25,y1,0.654,0.651,0.809,0.554,0.83,0.81,0.598,0.9,0.678,0.906,0.807,0.858,0.828,1.0,0.791,0.795
25,y2,0.759,0.898,0.938,0.563,0.769,0.806,0.77,0.822,0.917,0.728,0.812,0.911,0.829,0.791,1.0,0.824
25,y3,0.774,0.845,0.9,0.709,0.809,0.913,0.721,0.802,0.784,0.7,0.82,0.853,0.808,0.795,0.824,1.0
26,.,1.0,0.756,0.722,0.844,0.365,0.749,0.37,0.809,0.598,0.749,0.485,0.662,0.574,0.62,0.732,0.747
26,A1_1,0.756,1.0,0.88,0.634,0.616,0.711,0.621,0.701,0.81,0.635,0.62,0.71,0.605,0.64,0.897,0.834
