,,.,A1_1,A1_2,A1_3,B1_1,B1_2,B1_3,A2_1,A2_2,A2_3,B2_1,B2_2,B2_3,y1,y2,y3
0,.,1.0,-0.083,0.526,0.596,0.566,0.589,0.137,0.7,0.659,0.025,0.616,0.393,0.705,0.823,0.768,0.914
0,A1_1,-0.083,1.0,0.475,-0.14,0.306,0.31,0.573,-0.217,-0.107,0.72,0.236,0.477,-0.114,-0.129,-0.204,-0.023
0,A1_2,0.526,0.475,1.0,0.743,0.877,0.799,0.744,0.705,0.732,0.618,0.787,0.936,0.725,0.657,0.679,0.645
0,A1_3,0.596,-0.14,0.743,1.0,0.79,0.631,0.406,0.943,0.962,0.197,0.674,0.685,0.908,0.733,0.858,0.64
0,B1_1,0.566,0.306,0.877,0.79,1.0,0.882,0.705,0.791,0.745,0.446,0.872,0.907,0.872,0.606,0.629,0.653
0,B1_2,0.589,0.31,0.799,0.631,0.882,1.0,0.748,0.664,0.584,0.522,0.809,0.874,0.712,0.574,0.586,0.69
0,B1_3,0.137,0.573,0.744,0.406,0.705,0.748,1.0,0.358,0.336,0.827,0.572,0.883,0.413,0.239,0.289,0.315
0,A2_1,0.7,-0.217,0.705,0.943,0.791,0.664,0.358,1.0,0.908,0.13,0.74,0.654,0.944,0.734,0.876,0.719
0,A2_2,0.659,-0.107,0.732,0.962,0.745,0.584,0.336,0.908,1.0,0.231,0.726,0.64,0.882,0.757,0.89,0.696
0,A2_3,0.025,0.72,0.618,0.197,0.446,0.522,0.827,0.13,0.231,1.0,0.438,0.715,0.187,0.036,0.179,0.14
0,B2_1,0.616,0.236,0.787,0.674,0.872,0.809,0.572,0.74,0.726,0.438,1.0,0.806,0.79,0.619,0.676,0.744
0,B2_2,0.393,0.477,0.936,0.685,0.907,0.874,0.883,0.654,0.64,0.715,0.806,1.0,0.705,0.519,0.586,0.55
0,B2_3,0.705,-0.114,0.725,0.908,0.872,0.712,0.413,0.944,0.882,0.187,0.79,0.705,1.0,0.718,0.799,0.712
0,y1,0.823,-0.129,0.657,0.733,0.606,0.574,0.239,0.734,0.757,0.036,0.619,0.519,0.718,1.0,0.901,0.901
0,y2,0.768,-0.204,0.679,0.858,0.629,0.586,0.289,0.876,0.89,0.179,0.676,0.586,0.799,0.901,1.0,0.84
0,y3,0.914,-0.023,0.645,0.64,0.653,0.69,0.315,0.719,0.696,0.14,0.744,0.55,0.712,0.901,0.84,1.0
1,.,1.0,-0.08,0.597,0.614,0.582,0.6,0.196,0.709,0.673,0.033,0.624,0.394,0.714,0.828,0.772,0.918
1,A1_1,-0.08,1.0,0.364,-0.134,0.287,0.304,0.511,-0.209,-0.089,0.712,0.239,0.482,-0.094,-0.121,-0.189,-0.028
1,A1_2,0.597,0.364,1.0,0.823,0.905,0.802,0.737,0.79,0.809,0.545,0.807,0.92,0.806,0.736,0.768,0.702
1,A1_3,0.614,-0.134,0.823,1.0,0.806,0.636,0.467,0.946,0.959,0.209,0.666,0.68,0.909,0.751,0.872,0.649
1,B1_1,0.582,0.287,0.905,0.806,1.0,0.875,0.729,0.806,0.754,0.435,0.859,0.9,0.89,0.637,0.657,0.658
1,B1_2,0.6,0.304,0.802,0.636,0.875,1.0,0.771,0.666,0.581,0.516,0.8,0.87,0.719,0.591,0.599,0.691
1,B1_3,0.196,0.511,0.737,0.467,0.729,0.771,1.0,0.434,0.392,0.81,0.596,0.9,0.483,0.306,0.372,0.361
1,A2_1,0.709,-0.209,0.79,0.946,0.806,0.666,0.434,1.0,0.906,0.147,0.733,0.648,0.941,0.746,0.886,0.723
1,A2_2,0.673,-0.089,0.809,0.959,0.754,0.581,0.392,0.906,1.0,0.25,0.718,0.633,0.878,0.771,0.902,0.703
1,A2_3,0.033,0.712,0.545,0.209,0.435,0.516,0.81,0.147,0.25,1.0,0.432,0.716,0.204,0.05,0.201,0.141
1,B2_1,0.624,0.239,0.807,0.666,0.859,0.8,0.596,0.733,0.718,0.432,1.0,0.792,0.788,0.632,0.684,0.744
1,B2_2,0.394,0.482,0.92,0.68,0.9,0.87,0.9,0.648,0.633,0.716,0.792,1.0,0.71,0.53,0.594,0.541
1,B2_3,0.714,-0.094,0.806,0.909,0.89,0.719,0.483,0.941,0.878,0.204,0.788,0.71,1.0,0.738,0.81,0.716
1,y1,0.828,-0.121,0.736,0.751,0.637,0.591,0.306,0.746,0.771,0.05,0.632,0.53,0.738,1.0,0.902,0.904
1,y2,0.772,-0.189,0.768,0.872,0.657,0.599,0.372,0.886,0.902,0.201,0.684,0.594,0.81,0.902,1.0,0.844
1,y3,0.918,-0.028,0.702,0.649,0.658,0.691,0.361,0.723,0.703,0.141,0.744,0.541,0.716,0.904,0.844,1.0
2,.,1.0,-0.067,0.655,0.634,0.606,0.611,0.26,0.72,0.689,0.042,0.632,0.4,0.722,0.831,0.778,0.922
2,A1_1,-0.067,1.0,0.277,-0.119,0.264,0.302,0.468,-0.191,-0.064,0.705,0.253,0.487,-0.062,-0.103,-0.169,-0.021
2,A1_2,0.655,0.277,1.0,0.876,0.922,0.794,0.727,0.846,0.857,0.478,0.812,0.888,0.859,0.803,0.825,0.749
2,A1_3,0.634,-0.119,0.876,1.0,0.83,0.645,0.514,0.949,0.954,0.221,0.659,0.679,0.907,0.772,0.879,0.664
2,B1_1,0.606,0.264,0.922,0.83,1.0,0.866,0.742,0.83,0.766,0.414,0.846,0.889,0.91,0.681,0.685,0.676
2,B1_2,0.611,0.302,0.794,0.645,0.866,1.0,0.792,0.673,0.581,0.508,0.791,0.868,0.727,0.612,0.605,0.698
2,B1_3,0.26,0.468,0.727,0.514,0.742,0.792,1.0,0.495,0.435,0.797,0.617,0.91,0.54,0.373,0.434,0.414
2,A2_1,0.72,-0.191,0.846,0.949,0.83,0.673,0.495,1.0,0.901,0.164,0.727,0.648,0.936,0.759,0.888,0.731
2,A2_2,0.689,-0.064,0.857,0.954,0.766,0.581,0.435,0.901,1.0,0.269,0.711,0.627,0.872,0.786,0.911,0.712
2,A2_3,0.042,0.705,0.478,0.221,0.414,0.508,0.797,0.164,0.269,1.0,0.426,0.711,0.223,0.067,0.219,0.145
2,B2_1,0.632,0.253,0.812,0.659,0.846,0.791,0.617,0.727,0.711,0.426,1.0,0.78,0.787,0.649,0.685,0.745
2,B2_2,0.4,0.487,0.888,0.679,0.889,0.868,0.91,0.648,0.627,0.711,0.78,1.0,0.718,0.549,0.596,0.543
2,B2_3,0.722,-0.062,0.859,0.907,0.91,0.727,0.54,0.936,0.872,0.223,0.787,0.718,1.0,0.758,0.813,0.725
2,y1,0.831,-0.103,0.803,0.772,0.681,0.612,0.373,0.759,0.786,0.067,0.649,0.549,0.758,1.0,0.902,0.906
2,y2,0.778,-0.169,0.825,0.879,0.685,0.605,0.434,0.888,0.911,0.219,0.685,0.596,0.813,0.902,1.0,0.845
2,y3,0.922,-0.021,0.749,0.664,0.676,0.698,0.414,0.731,0.712,0.145,0.745,0.543,0.725,0.906,0.845,1.0
3,.,1.0,-0.05,0.683,0.648,0.624,0.62,0.284,0.725,0.699,0.048,0.631,0.402,0.724,0.831,0.781,0.925
3,A1_1,-0.05,1.0,0.244,-0.102,0.253,0.305,0.466,-0.169,-0.036,0.701,0.273,0.495,-0.026,-0.08,-0.146,-0.008
3,A1_2,0.683,0.244,1.0,0.897,0.933,0.793,0.723,0.871,0.875,0.45,0.809,0.871,0.884,0.83,0.849,0.771
3,A1_3,0.648,-0.102,0.897,1.0,0.848,0.654,0.531,0.951,0.95,0.231,0.651,0.678,0.906,0.783,0.883,0.675
3,B1_1,0.624,0.253,0.933,0.848,1.0,0.86,0.743,0.847,0.777,0.402,0.837,0.881,0.925,0.71,0.706,0.693
3,B1_2,0.62,0.305,0.793,0.654,0.86,1.0,0.795,0.677,0.581,0.503,0.785,0.865,0.735,0.626,0.607,0.705
3,B1_3,0.284,0.466,0.723,0.531,0.743,0.795,1.0,0.516,0.454,0.799,0.622,0.914,0.568,0.401,0.455,0.435
3,A2_1,0.725,-0.169,0.871,0.951,0.847,0.677,0.516,1.0,0.898,0.181,0.717,0.646,0.93,0.762,0.888,0.735
3,A2_2,0.699,-0.036,0.875,0.95,0.777,0.581,0.454,0.898,1.0,0.287,0.703,0.623,0.866,0.793,0.918,0.719
3,A2_3,0.048,0.701,0.45,0.231,0.402,0.503,0.799,0.181,0.287,1.0,0.425,0.707,0.243,0.081,0.236,0.15
3,B2_1,0.631,0.273,0.809,0.651,0.837,0.785,0.622,0.717,0.703,0.425,1.0,0.771,0.784,0.655,0.681,0.744
3,B2_2,0.402,0.495,0.871,0.678,0.881,0.865,0.914,0.646,0.623,0.707,0.771,1.0,0.727,0.561,0.595,0.544
3,B2_3,0.724,-0.026,0.884,0.906,0.925,0.735,0.568,0.93,0.866,0.243,0.784,0.727,1.0,0.769,0.812,0.73
3,y1,0.831,-0.08,0.83,0.783,0.71,0.626,0.401,0.762,0.793,0.081,0.655,0.561,0.769,1.0,0.901,0.906
3,y2,0.781,-0.146,0.849,0.883,0.706,0.607,0.455,0.888,0.918,0.236,0.681,0.595,0.812,0.901,1.0,0.845
3,y3,0.925,-0.008,0.771,0.675,0.693,0.705,0.435,0.735,0.719,0.15,0.744,0.544,0.73,0.906,0.845,1.0
4,.,1.0,-0.008,0.665,0.616,0.603,0.618,0.265,0.685,0.669,-0.072,0.445,0.388,0.675,0.811,0.761,0.917
4,A1_1,-0.008,1.0,0.248,-0.09,0.263,0.318,0.491,-0.151,0.055,0.77,0.484,0.506,0.103,-0.038,-0.094,0.018
4,A1_2,0.665,0.248,1.0,0.901,0.934,0.793,0.717,0.875,0.871,0.323,0.725,0.864,0.887,0.822,0.838,0.755
4,A1_3,0.616,-0.09,0.901,1.0,0.848,0.654,0.522,0.953,0.912,0.068,0.485,0.669,0.851,0.761,0.854,0.651
4,B1_1,0.603,0.263,0.934,0.848,1.0,0.858,0.739,0.845,0.747,0.289,0.773,0.877,0.94,0.689,0.678,0.675
4,B1_2,0.618,0.318,0.793,0.654,0.858,1.0,0.788,0.671,0.562,0.435,0.769,0.863,0.759,0.616,0.595,0.701
4,B1_3,0.265,0.491,0.717,0.522,0.739,0.788,1.0,0.504,0.444,0.756,0.689,0.914,0.608,0.383,0.432,0.417
4,A2_1,0.685,-0.151,0.875,0.953,0.845,0.671,0.504,1.0,0.859,0.026,0.525,0.636,0.863,0.728,0.85,0.699
4,A2_2,0.669,0.055,0.871,0.912,0.747,0.562,0.444,0.859,1.0,0.177,0.537,0.62,0.79,0.768,0.902,0.691
4,A2_3,-0.072,0.77,0.323,0.068,0.289,0.435,0.756,0.026,0.177,1.0,0.484,0.643,0.17,-0.02,0.102,0.034
4,B2_1,0.445,0.484,0.725,0.485,0.773,0.769,0.689,0.525,0.537,0.484,1.0,0.813,0.697,0.518,0.509,0.608
4,B2_2,0.388,0.506,0.864,0.669,0.877,0.863,0.914,0.636,0.62,0.643,0.813,1.0,0.772,0.552,0.581,0.528
4,B2_3,0.675,0.103,0.887,0.851,0.94,0.759,0.608,0.863,0.79,0.17,0.697,0.772,1.0,0.729,0.73,0.692
4,y1,0.811,-0.038,0.822,0.761,0.689,0.616,0.383,0.728,0.768,-0.02,0.518,0.552,0.729,1.0,0.902,0.898
4,y2,0.761,-0.094,0.838,0.854,0.678,0.595,0.432,0.85,0.902,0.102,0.509,0.581,0.73,0.902,1.0,0.836
4,y3,0.917,0.018,0.755,0.651,0.675,0.701,0.417,0.699,0.691,0.034,0.608,0.528,0.692,0.898,0.836,1.0
5,.,1.0,0.026,0.648,0.588,0.583,0.613,0.251,0.646,0.641,-0.092,0.374,0.373,0.615,0.799,0.751,0.912
5,A1_1,0.026,1.0,0.25,-0.078,0.271,0.331,0.514,-0.132,0.174,0.799,0.571,0.52,0.267,0.005,-0.052,0.046
5,A1_2,0.648,0.25,1.0,0.906,0.935,0.792,0.71,0.88,0.86,0.275,0.655,0.855,0.87,0.805,0.837,0.734
5,A1_3,0.588,-0.078,0.906,1.0,0.848,0.652,0.512,0.955,0.856,0.003,0.39,0.657,0.759,0.728,0.837,0.623
5,B1_1,0.583,0.271,0.935,0.848,1.0,0.856,0.734,0.845,0.718,0.247,0.718,0.872,0.928,0.67,0.668,0.651
5,B1_2,0.613,0.331,0.792,0.652,0.856,1.0,0.781,0.663,0.572,0.414,0.752,0.861,0.784,0.607,0.591,0.697
5,B1_3,0.251,0.514,0.71,0.512,0.734,0.781,1.0,0.494,0.466,0.736,0.698,0.915,0.668,0.368,0.426,0.402
5,A2_1,0.646,-0.132,0.88,0.955,0.845,0.663,0.494,1.0,0.8,-0.032,0.419,0.623,0.755,0.682,0.824,0.657
5,A2_2,0.641,0.174,0.86,0.856,0.718,0.572,0.466,0.8,1.0,0.216,0.499,0.639,0.704,0.74,0.889,0.671
5,A2_3,-0.092,0.799,0.275,0.003,0.247,0.414,0.736,-0.032,0.216,1.0,0.551,0.622,0.26,-0.021,0.076,0.029
5,B2_1,0.374,0.571,0.655,0.39,0.718,0.752,0.698,0.419,0.499,0.551,1.0,0.808,0.724,0.448,0.427,0.54
5,B2_2,0.373,0.52,0.855,0.657,0.872,0.861,0.915,0.623,0.639,0.622,0.808,1.0,0.825,0.54,0.571,0.514
5,B2_3,0.615,0.267,0.87,0.759,0.928,0.784,0.668,0.755,0.704,0.26,0.724,0.825,1.0,0.697,0.665,0.649
5,y1,0.799,0.005,0.805,0.728,0.67,0.607,0.368,0.682,0.74,-0.021,0.448,0.54,0.697,1.0,0.898,0.895
5,y2,0.751,-0.052,0.837,0.837,0.668,0.591,0.426,0.824,0.889,0.076,0.427,0.571,0.665,0.898,1.0,0.836
5,y3,0.912,0.046,0.734,0.623,0.651,0.697,0.402,0.657,0.671,0.029,0.54,0.514,0.649,0.895,0.836,1.0
6,.,1.0,0.047,0.649,0.586,0.582,0.618,0.255,0.633,0.631,-0.086,0.36,0.37,0.587,0.794,0.749,0.91
6,A1_1,0.047,1.0,0.253,-0.061,0.279,0.345,0.537,-0.107,0.246,0.796,0.595,0.533,0.324,0.029,-0.021,0.064
6,A1_2,0.649,0.253,1.0,0.912,0.938,0.794,0.705,0.886,0.855,0.273,0.633,0.845,0.861,0.807,0.84,0.734
6,A1_3,0.586,-0.061,0.912,1.0,0.851,0.655,0.507,0.955,0.829,0.014,0.368,0.648,0.73,0.726,0.834,0.622
6,B1_1,0.582,0.279,0.938,0.851,1.0,0.855,0.73,0.846,0.71,0.249,0.699,0.866,0.921,0.673,0.67,0.652
6,B1_2,0.618,0.345,0.794,0.655,0.855,1.0,0.777,0.66,0.589,0.417,0.745,0.859,0.792,0.608,0.59,0.702
6,B1_3,0.255,0.537,0.705,0.507,0.73,0.777,1.0,0.49,0.498,0.75,0.699,0.917,0.697,0.368,0.427,0.405
6,A2_1,0.633,-0.107,0.886,0.955,0.846,0.66,0.49,1.0,0.772,-0.013,0.392,0.614,0.719,0.672,0.816,0.644
6,A2_2,0.631,0.246,0.855,0.829,0.71,0.589,0.498,0.772,1.0,0.28,0.515,0.655,0.681,0.734,0.888,0.667
6,A2_3,-0.086,0.796,0.273,0.014,0.249,0.417,0.75,-0.013,0.28,1.0,0.558,0.627,0.312,-0.011,0.092,0.034
6,B2_1,0.36,0.595,0.633,0.368,0.699,0.745,0.699,0.392,0.515,0.558,1.0,0.802,0.734,0.438,0.413,0.53
6,B2_2,0.37,0.533,0.845,0.648,0.866,0.859,0.917,0.614,0.655,0.627,0.802,1.0,0.841,0.538,0.565,0.514
6,B2_3,0.587,0.324,0.861,0.73,0.921,0.792,0.697,0.719,0.681,0.312,0.734,0.841,1.0,0.681,0.643,0.633
6,y1,0.794,0.029,0.807,0.726,0.673,0.608,0.368,0.672,0.734,-0.011,0.438,0.538,0.681,1.0,0.896,0.893
6,y2,0.749,-0.021,0.84,0.834,0.67,0.59,0.427,0.816,0.888,0.092,0.413,0.565,0.643,0.896,1.0,0.835
6,y3,0.91,0.064,0.734,0.622,0.652,0.702,0.405,0.644,0.667,0.034,0.53,0.514,0.633,0.893,0.835,1.0
7,.,1.0,0.072,0.642,0.575,0.572,0.618,0.252,0.611,0.606,-0.083,0.325,0.363,0.553,0.788,0.745,0.906
7,A1_1,0.072,1.0,0.265,-0.039,0.297,0.367,0.568,-0.076,0.351,0.794,0.629,0.55,0.389,0.059,0.015,0.089
7,A1_2,0.642,0.265,1.0,0.915,0.936,0.791,0.694,0.889,0.84,0.277,0.596,0.834,0.84,0.802,0.841,0.73
7,A1_3,0.575,-0.039,0.915,1.0,0.848,0.651,0.491,0.955,0.781,0.026,0.325,0.634,0.687,0.715,0.827,0.616
7,B1_1,0.572,0.297,0.936,0.848,1.0,0.854,0.723,0.841,0.69,0.257,0.669,0.861,0.907,0.664,0.664,0.65
7,B1_2,0.618,0.367,0.791,0.651,0.854,1.0,0.771,0.649,0.61,0.423,0.731,0.858,0.798,0.598,0.589,0.702
7,B1_3,0.252,0.568,0.694,0.491,0.723,0.771,1.0,0.475,0.537,0.768,0.7,0.917,0.721,0.358,0.426,0.401
7,A2_1,0.611,-0.076,0.889,0.955,0.841,0.649,0.475,1.0,0.721,0.008,0.341,0.599,0.671,0.65,0.803,0.623
7,A2_2,0.606,0.351,0.84,0.781,0.69,0.61,0.537,0.721,1.0,0.368,0.537,0.678,0.66,0.716,0.871,0.655
7,A2_3,-0.083,0.794,0.277,0.026,0.257,0.423,0.768,0.008,0.368,1.0,0.576,0.633,0.369,-0.003,0.11,0.039
7,B2_1,0.325,0.629,0.596,0.325,0.669,0.731,0.7,0.341,0.537,0.576,1.0,0.794,0.738,0.413,0.385,0.505
7,B2_2,0.363,0.55,0.834,0.634,0.861,0.858,0.917,0.599,0.678,0.633,0.794,1.0,0.853,0.529,0.558,0.511
7,B2_3,0.553,0.389,0.84,0.687,0.907,0.798,0.721,0.671,0.66,0.369,0.738,0.853,1.0,0.65,0.612,0.614
7,y1,0.788,0.059,0.802,0.715,0.664,0.598,0.358,0.65,0.716,-0.003,0.413,0.529,0.65,1.0,0.894,0.896
7,y2,0.745,0.015,0.841,0.827,0.664,0.589,0.426,0.803,0.871,0.11,0.385,0.558,0.612,0.894,1.0,0.835
7,y3,0.906,0.089,0.73,0.616,0.65,0.702,0.401,0.623,0.655,0.039,0.505,0.511,0.614,0.896,0.835,1.0
8,.,1.0,0.087,0.639,0.569,0.567,0.618,0.255,0.595,0.592,-0.077,0.301,0.356,0.539,0.784,0.74,0.902
8,A1_1,0.087,1.0,0.273,-0.022,0.31,0.385,0.593,-0.052,0.404,0.794,0.651,0.562,0.424,0.08,0.04,0.108
8,A1_2,0.639,0.273,1.0,0.918,0.933,0.789,0.684,0.891,0.83,0.283,0.573,0.823,0.829,0.8,0.844,0.731
8,A1_3,0.569,-0.022,0.918,1.0,0.846,0.649,0.479,0.953,0.756,0.038,0.3,0.622,0.666,0.707,0.824,0.614
8,B1_1,0.567,0.31,0.933,0.846,1.0,0.854,0.716,0.837,0.678,0.267,0.65,0.856,0.9,0.659,0.662,0.651
8,B1_2,0.618,0.385,0.789,0.649,0.854,1.0,0.768,0.639,0.621,0.433,0.723,0.857,0.803,0.594,0.589,0.702
8,B1_3,0.255,0.593,0.684,0.479,0.716,0.768,1.0,0.462,0.561,0.784,0.703,0.918,0.732,0.357,0.43,0.404
8,A2_1,0.595,-0.052,0.891,0.953,0.837,0.639,0.462,1.0,0.695,0.029,0.311,0.585,0.648,0.634,0.795,0.61
8,A2_2,0.592,0.404,0.83,0.756,0.678,0.621,0.561,0.695,1.0,0.413,0.549,0.686,0.654,0.705,0.861,0.651
8,A2_3,-0.077,0.794,0.283,0.038,0.267,0.433,0.784,0.029,0.413,1.0,0.593,0.642,0.4,0.004,0.124,0.047
8,B2_1,0.301,0.651,0.573,0.3,0.65,0.723,0.703,0.311,0.549,0.593,1.0,0.789,0.737,0.401,0.371,0.49
8,B2_2,0.356,0.562,0.823,0.622,0.856,0.857,0.918,0.585,0.686,0.642,0.789,1.0,0.857,0.523,0.553,0.512
8,B2_3,0.539,0.424,0.829,0.666,0.9,0.803,0.732,0.648,0.654,0.4,0.737,0.857,1.0,0.632,0.596,0.607
8,y1,0.784,0.08,0.8,0.707,0.659,0.594,0.357,0.634,0.705,0.004,0.401,0.523,0.632,1.0,0.892,0.901
8,y2,0.74,0.04,0.844,0.824,0.662,0.589,0.43,0.795,0.861,0.124,0.371,0.553,0.596,0.892,1.0,0.838
8,y3,0.902,0.108,0.731,0.614,0.651,0.702,0.404,0.61,0.651,0.047,0.49,0.512,0.607,0.901,0.838,1.0
9,.,1.0,0.11,0.654,0.581,0.583,0.63,0.273,0.598,0.602,-0.064,0.311,0.365,0.551,0.781,0.742,0.901
9,A1_1,0.11,1.0,0.28,0.012,0.321,0.402,0.617,-0.011,0.41,0.789,0.657,0.574,0.429,0.102,0.077,0.136
9,A1_2,0.654,0.28,1.0,0.928,0.935,0.79,0.671,0.902,0.833,0.281,0.571,0.809,0.833,0.811,0.858,0.747
9,A1_3,0.581,0.012,0.928,1.0,0.855,0.658,0.479,0.953,0.771,0.062,0.317,0.622,0.68,0.718,0.832,0.63
9,B1_1,0.583,0.321,0.935,0.855,1.0,0.856,0.708,0.844,0.685,0.27,0.65,0.85,0.903,0.677,0.679,0.673
9,B1_2,0.63,0.402,0.79,0.658,0.856,1.0,0.766,0.645,0.625,0.439,0.727,0.857,0.805,0.602,0.596,0.713
9,B1_3,0.273,0.617,0.671,0.479,0.708,0.766,1.0,0.462,0.572,0.797,0.71,0.917,0.735,0.367,0.442,0.425
9,A2_1,0.598,-0.011,0.902,0.953,0.844,0.645,0.462,1.0,0.715,0.061,0.326,0.586,0.662,0.641,0.799,0.618
9,A2_2,0.602,0.41,0.833,0.771,0.685,0.625,0.572,0.715,1.0,0.419,0.545,0.678,0.655,0.709,0.876,0.663
9,A2_3,-0.064,0.789,0.281,0.062,0.27,0.439,0.797,0.061,0.419,1.0,0.59,0.646,0.396,0.017,0.147,0.065
9,B2_1,0.311,0.657,0.571,0.317,0.65,0.727,0.71,0.326,0.545,0.59,1.0,0.791,0.737,0.416,0.386,0.506
9,B2_2,0.365,0.574,0.809,0.622,0.85,0.857,0.917,0.586,0.678,0.646,0.791,1.0,0.853,0.532,0.559,0.528
9,B2_3,0.551,0.429,0.833,0.68,0.903,0.805,0.735,0.662,0.655,0.396,0.737,0.853,1.0,0.647,0.612,0.626
9,y1,0.781,0.102,0.811,0.718,0.677,0.602,0.367,0.641,0.709,0.017,0.416,0.532,0.647,1.0,0.893,0.902
9,y2,0.742,0.077,0.858,0.832,0.679,0.596,0.442,0.799,0.876,0.147,0.386,0.559,0.612,0.893,1.0,0.841
9,y3,0.901,0.136,0.747,0.63,0.673,0.713,0.425,0.618,0.663,0.065,0.506,0.528,0.626,0.902,0.841,1.0
10,.,1.0,0.124,0.651,0.576,0.576,0.627,0.274,0.582,0.594,-0.057,0.297,0.357,0.54,0.771,0.736,0.895
10,A1_1,0.124,1.0,0.292,0.041,0.336,0.421,0.642,0.028,0.439,0.789,0.668,0.586,0.446,0.122,0.105,0.159
10,A1_2,0.651,0.292,1.0,0.932,0.929,0.783,0.653,0.907,0.831,0.288,0.557,0.793,0.824,0.811,0.861,0.749
10,A1_3,0.576,0.041,0.932,1.0,0.854,0.655,0.465,0.952,0.768,0.083,0.313,0.613,0.673,0.716,0.831,0.632
10,B1_1,0.576,0.336,0.929,0.854,1.0,0.857,0.698,0.84,0.678,0.279,0.643,0.845,0.901,0.675,0.676,0.678
10,B1_2,0.627,0.421,0.783,0.655,0.857,1.0,0.76,0.635,0.627,0.448,0.726,0.855,0.806,0.595,0.59,0.713
10,B1_3,0.274,0.642,0.653,0.465,0.698,0.76,1.0,0.45,0.584,0.81,0.715,0.915,0.74,0.362,0.44,0.43
10,A2_1,0.582,0.028,0.907,0.952,0.84,0.635,0.45,1.0,0.714,0.092,0.317,0.577,0.653,0.631,0.793,0.607
10,A2_2,0.594,0.439,0.831,0.768,0.678,0.627,0.584,0.714,1.0,0.446,0.547,0.675,0.648,0.704,0.877,0.664
10,A2_3,-0.057,0.789,0.288,0.083,0.279,0.448,0.81,0.092,0.446,1.0,0.596,0.652,0.409,0.025,0.165,0.077
10,B2_1,0.297,0.668,0.557,0.313,0.643,0.726,0.715,0.317,0.547,0.596,1.0,0.791,0.735,0.415,0.382,0.503
10,B2_2,0.357,0.586,0.793,0.613,0.845,0.855,0.915,0.577,0.675,0.652,0.791,1.0,0.852,0.526,0.552,0.532
10,B2_3,0.54,0.446,0.824,0.673,0.901,0.806,0.74,0.653,0.648,0.409,0.735,0.852,1.0,0.639,0.604,0.627
10,y1,0.771,0.122,0.811,0.716,0.675,0.595,0.362,0.631,0.704,0.025,0.415,0.526,0.639,1.0,0.892,0.904
10,y2,0.736,0.105,0.861,0.831,0.676,0.59,0.44,0.793,0.877,0.165,0.382,0.552,0.604,0.892,1.0,0.842
10,y3,0.895,0.159,0.749,0.632,0.678,0.713,0.43,0.607,0.664,0.077,0.503,0.532,0.627,0.904,0.842,1.0
11,.,1.0,0.151,0.665,0.592,0.594,0.638,0.29,0.589,0.61,-0.035,0.32,0.371,0.566,0.769,0.742,0.896
11,A1_1,0.151,1.0,0.311,0.086,0.358,0.436,0.663,0.08,0.429,0.788,0.668,0.597,0.439,0.149,0.15,0.194
11,A1_2,0.665,0.311,1.0,0.94,0.93,0.786,0.645,0.916,0.844,0.3,0.571,0.784,0.842,0.823,0.874,0.766
11,A1_3,0.592,0.086,0.94,1.0,0.864,0.671,0.472,0.952,0.8,0.118,0.35,0.622,0.707,0.733,0.842,0.654
11,B1_1,0.594,0.358,0.93,0.864,1.0,0.863,0.695,0.847,0.693,0.292,0.66,0.844,0.916,0.695,0.697,0.704
11,B1_2,0.638,0.436,0.786,0.671,0.863,1.0,0.759,0.648,0.622,0.454,0.735,0.856,0.807,0.606,0.602,0.726
11,B1_3,0.29,0.663,0.645,0.472,0.695,0.759,1.0,0.459,0.581,0.819,0.724,0.914,0.732,0.373,0.453,0.45
11,A2_1,0.589,0.08,0.916,0.952,0.847,0.648,0.459,1.0,0.754,0.136,0.354,0.588,0.692,0.647,0.802,0.624
11,A2_2,0.61,0.429,0.844,0.8,0.693,0.622,0.581,0.754,1.0,0.443,0.533,0.662,0.66,0.715,0.898,0.678
11,A2_3,-0.035,0.788,0.3,0.118,0.292,0.454,0.819,0.136,0.443,1.0,0.591,0.656,0.391,0.046,0.195,0.102
11,B2_1,0.32,0.668,0.571,0.35,0.66,0.735,0.724,0.354,0.533,0.591,1.0,0.797,0.736,0.438,0.413,0.532
11,B2_2,0.371,0.597,0.784,0.622,0.844,0.856,0.914,0.588,0.662,0.656,0.797,1.0,0.845,0.539,0.565,0.553
11,B2_3,0.566,0.439,0.842,0.707,0.916,0.807,0.732,0.692,0.66,0.391,0.736,0.845,1.0,0.669,0.639,0.662
11,y1,0.769,0.149,0.823,0.733,0.695,0.606,0.373,0.647,0.715,0.046,0.438,0.539,0.669,1.0,0.897,0.905
11,y2,0.742,0.15,0.874,0.842,0.697,0.602,0.453,0.802,0.898,0.195,0.413,0.565,0.639,0.897,1.0,0.849
11,y3,0.896,0.194,0.766,0.654,0.704,0.726,0.45,0.624,0.678,0.102,0.532,0.553,0.662,0.905,0.849,1.0
12,.,1.0,0.176,0.666,0.592,0.595,0.64,0.3,0.583,0.607,-0.017,0.319,0.372,0.57,0.761,0.74,0.892
12,A1_1,0.176,1.0,0.337,0.132,0.383,0.455,0.684,0.135,0.448,0.786,0.672,0.608,0.444,0.177,0.192,0.229
12,A1_2,0.666,0.337,1.0,0.944,0.926,0.784,0.633,0.921,0.85,0.319,0.571,0.773,0.848,0.828,0.879,0.775
12,A1_3,0.592,0.132,0.944,1.0,0.865,0.677,0.469,0.95,0.815,0.155,0.366,0.624,0.724,0.739,0.847,0.665
12,B1_1,0.595,0.383,0.926,0.865,1.0,0.869,0.691,0.845,0.697,0.311,0.667,0.843,0.923,0.699,0.703,0.718
12,B1_2,0.64,0.455,0.784,0.677,0.869,1.0,0.756,0.651,0.617,0.461,0.738,0.856,0.808,0.603,0.604,0.729
12,B1_3,0.3,0.684,0.633,0.469,0.691,0.756,1.0,0.457,0.586,0.828,0.73,0.911,0.729,0.378,0.46,0.466
12,A2_1,0.583,0.135,0.921,0.95,0.845,0.651,0.457,1.0,0.775,0.184,0.368,0.59,0.71,0.649,0.803,0.628
12,A2_2,0.607,0.448,0.85,0.815,0.697,0.617,0.586,0.775,1.0,0.466,0.524,0.655,0.665,0.716,0.905,0.683
12,A2_3,-0.017,0.786,0.319,0.155,0.311,0.461,0.828,0.184,0.466,1.0,0.59,0.66,0.389,0.063,0.224,0.123
12,B2_1,0.319,0.672,0.571,0.366,0.667,0.738,0.73,0.368,0.524,0.59,1.0,0.799,0.73,0.445,0.423,0.542
12,B2_2,0.372,0.608,0.773,0.624,0.843,0.856,0.911,0.59,0.655,0.66,0.799,1.0,0.84,0.541,0.568,0.565
12,B2_3,0.57,0.444,0.848,0.724,0.923,0.808,0.729,0.71,0.665,0.389,0.73,0.84,1.0,0.677,0.652,0.68
12,y1,0.761,0.177,0.828,0.739,0.699,0.603,0.378,0.649,0.716,0.063,0.445,0.541,0.677,1.0,0.899,0.906
12,y2,0.74,0.192,0.879,0.847,0.703,0.604,0.46,0.803,0.905,0.224,0.423,0.568,0.652,0.899,1.0,0.855
12,y3,0.892,0.229,0.775,0.665,0.718,0.729,0.466,0.628,0.683,0.123,0.542,0.565,0.68,0.906,0.855,1.0
13,.,1.0,0.193,0.66,0.586,0.587,0.635,0.302,0.569,0.597,-0.006,0.309,0.364,0.561,0.751,0.736,0.886
13,A1_1,0.193,1.0,0.362,0.172,0.407,0.471,0.7,0.185,0.475,0.786,0.675,0.618,0.452,0.199,0.226,0.256
13,A1_2,0.66,0.362,1.0,0.946,0.919,0.779,0.621,0.922,0.853,0.34,0.57,0.762,0.849,0.827,0.879,0.777
13,A1_3,0.586,0.172,0.946,1.0,0.864,0.677,0.461,0.948,0.822,0.19,0.374,0.623,0.732,0.74,0.848,0.67
13,B1_1,0.587,0.407,0.919,0.864,1.0,0.872,0.686,0.839,0.695,0.33,0.671,0.843,0.927,0.696,0.7,0.723
13,B1_2,0.635,0.471,0.779,0.677,0.872,1.0,0.751,0.646,0.612,0.468,0.739,0.855,0.807,0.593,0.598,0.728
13,B1_3,0.302,0.7,0.621,0.461,0.686,0.751,1.0,0.451,0.591,0.834,0.733,0.908,0.728,0.375,0.46,0.474
13,A2_1,0.569,0.185,0.922,0.948,0.839,0.646,0.451,1.0,0.787,0.23,0.373,0.589,0.717,0.644,0.798,0.624
13,A2_2,0.597,0.475,0.853,0.822,0.695,0.612,0.591,0.787,1.0,0.497,0.52,0.652,0.666,0.712,0.906,0.681
13,A2_3,-0.006,0.786,0.34,0.19,0.33,0.468,0.834,0.23,0.497,1.0,0.588,0.664,0.397,0.074,0.247,0.138
13,B2_1,0.309,0.675,0.57,0.374,0.671,0.739,0.733,0.373,0.52,0.588,1.0,0.799,0.723,0.446,0.424,0.544
13,B2_2,0.364,0.618,0.762,0.623,0.843,0.855,0.908,0.589,0.652,0.664,0.799,1.0,0.837,0.535,0.564,0.569
13,B2_3,0.561,0.452,0.849,0.732,0.927,0.807,0.728,0.717,0.666,0.397,0.723,0.837,1.0,0.675,0.654,0.686
13,y1,0.751,0.199,0.827,0.74,0.696,0.593,0.375,0.644,0.712,0.074,0.446,0.535,0.675,1.0,0.9,0.905
13,y2,0.736,0.226,0.879,0.848,0.7,0.598,0.46,0.798,0.906,0.247,0.424,0.564,0.654,0.9,1.0,0.858
13,y3,0.886,0.256,0.777,0.67,0.723,0.728,0.474,0.624,0.681,0.138,0.544,0.569,0.686,0.905,0.858,1.0
14,.,1.0,0.214,0.664,0.598,0.593,0.639,0.314,0.575,0.604,0.018,0.32,0.369,0.57,0.748,0.739,0.884
14,A1_1,0.214,1.0,0.392,0.217,0.432,0.484,0.71,0.236,0.485,0.787,0.67,0.628,0.452,0.226,0.268,0.285
14,A1_2,0.664,0.392,1.0,0.95,0.918,0.783,0.625,0.926,0.865,0.371,0.591,0.759,0.863,0.834,0.881,0.782
14,A1_3,0.598,0.217,0.95,1.0,0.867,0.688,0.471,0.948,0.845,0.235,0.408,0.629,0.762,0.756,0.855,0.686
14,B1_1,0.593,0.432,0.918,0.867,1.0,0.878,0.691,0.84,0.708,0.357,0.69,0.844,0.938,0.707,0.71,0.738
14,B1_2,0.639,0.484,0.783,0.688,0.878,1.0,0.751,0.655,0.614,0.478,0.745,0.856,0.809,0.596,0.605,0.734
14,B1_3,0.314,0.71,0.625,0.471,0.691,0.751,1.0,0.463,0.595,0.838,0.735,0.91,0.727,0.39,0.477,0.492
14,A2_1,0.575,0.236,0.926,0.948,0.84,0.655,0.463,1.0,0.813,0.282,0.407,0.596,0.749,0.66,0.804,0.635
14,A2_2,0.604,0.485,0.865,0.845,0.708,0.614,0.595,0.813,1.0,0.517,0.522,0.649,0.69,0.726,0.917,0.69
14,A2_3,0.018,0.787,0.371,0.235,0.357,0.478,0.838,0.282,0.517,1.0,0.578,0.673,0.403,0.098,0.283,0.162
14,B2_1,0.32,0.67,0.591,0.408,0.69,0.745,0.735,0.407,0.522,0.578,1.0,0.804,0.719,0.467,0.453,0.566
14,B2_2,0.369,0.628,0.759,0.629,0.844,0.856,0.91,0.596,0.649,0.673,0.804,1.0,0.834,0.541,0.572,0.581
14,B2_3,0.57,0.452,0.863,0.762,0.938,0.809,0.727,0.749,0.69,0.403,0.719,0.834,1.0,0.69,0.681,0.705
14,y1,0.748,0.226,0.834,0.756,0.707,0.596,0.39,0.66,0.726,0.098,0.467,0.541,0.69,1.0,0.905,0.906
14,y2,0.739,0.268,0.881,0.855,0.71,0.605,0.477,0.804,0.917,0.283,0.453,0.572,0.681,0.905,1.0,0.862
14,y3,0.884,0.285,0.782,0.686,0.738,0.734,0.492,0.635,0.69,0.162,0.566,0.581,0.705,0.906,0.862,1.0
15,.,1.0,0.232,0.661,0.598,0.59,0.636,0.323,0.571,0.6,0.042,0.321,0.366,0.565,0.742,0.735,0.879
15,A1_1,0.232,1.0,0.422,0.26,0.455,0.498,0.718,0.286,0.509,0.791,0.668,0.638,0.463,0.252,0.307,0.314
15,A1_2,0.661,0.422,1.0,0.951,0.914,0.78,0.626,0.928,0.872,0.401,0.602,0.753,0.866,0.834,0.88,0.782
15,A1_3,0.598,0.26,0.951,1.0,0.867,0.69,0.477,0.947,0.856,0.277,0.429,0.631,0.775,0.762,0.857,0.691
15,B1_1,0.59,0.455,0.914,0.867,1.0,0.883,0.694,0.836,0.711,0.383,0.7,0.844,0.942,0.709,0.709,0.743
15,B1_2,0.636,0.498,0.78,0.69,0.883,1.0,0.751,0.655,0.614,0.49,0.748,0.856,0.809,0.59,0.6,0.734
15,B1_3,0.323,0.718,0.626,0.477,0.694,0.751,1.0,0.472,0.602,0.839,0.733,0.91,0.732,0.4,0.487,0.507
15,A2_1,0.571,0.286,0.928,0.947,0.836,0.655,0.472,1.0,0.829,0.331,0.428,0.598,0.761,0.664,0.804,0.636
15,A2_2,0.6,0.509,0.872,0.856,0.711,0.614,0.602,0.829,1.0,0.548,0.526,0.648,0.7,0.73,0.921,0.691
15,A2_3,0.042,0.791,0.401,0.277,0.383,0.49,0.839,0.331,0.548,1.0,0.572,0.681,0.422,0.122,0.318,0.187
15,B2_1,0.321,0.668,0.602,0.429,0.7,0.748,0.733,0.428,0.526,0.572,1.0,0.804,0.718,0.479,0.466,0.579
15,B2_2,0.366,0.638,0.753,0.631,0.844,0.856,0.91,0.598,0.648,0.681,0.804,1.0,0.832,0.54,0.572,0.586
15,B2_3,0.565,0.463,0.866,0.775,0.942,0.809,0.732,0.761,0.7,0.422,0.718,0.832,1.0,0.694,0.688,0.71
15,y1,0.742,0.252,0.834,0.762,0.709,0.59,0.4,0.664,0.73,0.122,0.479,0.54,0.694,1.0,0.906,0.905
15,y2,0.735,0.307,0.88,0.857,0.709,0.6,0.487,0.804,0.921,0.318,0.466,0.572,0.688,0.906,1.0,0.862
15,y3,0.879,0.314,0.782,0.691,0.743,0.734,0.507,0.636,0.691,0.187,0.579,0.586,0.71,0.905,0.862,1.0
16,.,1.0,0.24,0.652,0.591,0.58,0.629,0.323,0.56,0.59,0.052,0.309,0.354,0.549,0.731,0.729,0.872
16,A1_1,0.24,1.0,0.446,0.292,0.471,0.509,0.725,0.324,0.533,0.798,0.668,0.645,0.476,0.269,0.334,0.332
16,A1_2,0.652,0.446,1.0,0.952,0.906,0.776,0.624,0.929,0.875,0.423,0.603,0.745,0.861,0.827,0.876,0.776
16,A1_3,0.591,0.292,0.952,1.0,0.864,0.688,0.476,0.947,0.86,0.304,0.437,0.627,0.776,0.761,0.856,0.691
16,B1_1,0.58,0.471,0.906,0.864,1.0,0.885,0.695,0.828,0.707,0.398,0.703,0.844,0.941,0.703,0.703,0.742
16,B1_2,0.629,0.509,0.776,0.688,0.885,1.0,0.748,0.65,0.612,0.499,0.747,0.855,0.809,0.58,0.591,0.73
16,B1_3,0.323,0.725,0.624,0.476,0.695,0.748,1.0,0.471,0.606,0.838,0.734,0.91,0.738,0.403,0.491,0.513
16,A2_1,0.56,0.324,0.929,0.947,0.828,0.65,0.471,1.0,0.836,0.363,0.431,0.594,0.757,0.658,0.8,0.629
16,A2_2,0.59,0.533,0.875,0.86,0.707,0.612,0.606,0.836,1.0,0.573,0.527,0.645,0.698,0.725,0.919,0.686
16,A2_3,0.052,0.798,0.423,0.304,0.398,0.499,0.838,0.363,0.573,1.0,0.574,0.687,0.44,0.135,0.337,0.202
16,B2_1,0.309,0.668,0.603,0.437,0.703,0.747,0.734,0.431,0.527,0.574,1.0,0.806,0.719,0.481,0.468,0.581
16,B2_2,0.354,0.645,0.745,0.627,0.844,0.855,0.91,0.594,0.645,0.687,0.806,1.0,0.833,0.533,0.567,0.584
16,B2_3,0.549,0.476,0.861,0.776,0.941,0.809,0.738,0.757,0.698,0.44,0.719,0.833,1.0,0.689,0.686,0.708
16,y1,0.731,0.269,0.827,0.761,0.703,0.58,0.403,0.658,0.725,0.135,0.481,0.533,0.689,1.0,0.907,0.905
16,y2,0.729,0.334,0.876,0.856,0.703,0.591,0.491,0.8,0.919,0.337,0.468,0.567,0.686,0.907,1.0,0.863
16,y3,0.872,0.332,0.776,0.691,0.742,0.73,0.513,0.629,0.686,0.202,0.581,0.584,0.708,0.905,0.863,1.0
17,.,1.0,0.238,0.637,0.576,0.562,0.615,0.315,0.539,0.571,0.053,0.286,0.335,0.527,0.718,0.72,0.864
17,A1_1,0.238,1.0,0.463,0.315,0.48,0.518,0.729,0.354,0.555,0.804,0.67,0.648,0.485,0.277,0.347,0.341
17,A1_2,0.637,0.463,1.0,0.951,0.897,0.768,0.615,0.927,0.874,0.437,0.597,0.734,0.851,0.815,0.869,0.766
17,A1_3,0.576,0.315,0.951,1.0,0.859,0.681,0.468,0.946,0.859,0.323,0.434,0.621,0.768,0.75,0.85,0.685
17,B1_1,0.562,0.48,0.897,0.859,1.0,0.886,0.692,0.817,0.697,0.408,0.7,0.843,0.939,0.689,0.69,0.735
17,B1_2,0.615,0.518,0.768,0.681,0.886,1.0,0.745,0.639,0.608,0.508,0.746,0.854,0.806,0.562,0.578,0.72
17,B1_3,0.315,0.729,0.615,0.468,0.692,0.745,1.0,0.464,0.608,0.837,0.735,0.907,0.743,0.398,0.486,0.512
17,A2_1,0.539,0.354,0.927,0.946,0.817,0.639,0.464,1.0,0.839,0.387,0.424,0.586,0.745,0.641,0.789,0.615
17,A2_2,0.571,0.555,0.874,0.859,0.697,0.608,0.608,0.839,1.0,0.596,0.523,0.641,0.687,0.71,0.91,0.676
17,A2_3,0.053,0.804,0.437,0.323,0.408,0.508,0.837,0.387,0.596,1.0,0.58,0.689,0.452,0.138,0.345,0.209
17,B2_1,0.286,0.67,0.597,0.434,0.7,0.746,0.735,0.424,0.523,0.58,1.0,0.808,0.718,0.473,0.458,0.573
17,B2_2,0.335,0.648,0.734,0.621,0.843,0.854,0.907,0.586,0.641,0.689,0.808,1.0,0.834,0.521,0.555,0.578
17,B2_3,0.527,0.485,0.851,0.768,0.939,0.806,0.743,0.745,0.687,0.452,0.718,0.834,1.0,0.676,0.674,0.7
17,y1,0.718,0.277,0.815,0.75,0.689,0.562,0.398,0.641,0.71,0.138,0.473,0.521,0.676,1.0,0.907,0.905
17,y2,0.72,0.347,0.869,0.85,0.69,0.578,0.486,0.789,0.91,0.345,0.458,0.555,0.674,0.907,1.0,0.864
17,y3,0.864,0.341,0.766,0.685,0.735,0.72,0.512,0.615,0.676,0.209,0.573,0.578,0.7,0.905,0.864,1.0
18,.,1.0,0.252,0.63,0.571,0.555,0.608,0.32,0.531,0.562,0.071,0.282,0.324,0.513,0.71,0.713,0.859
18,A1_1,0.252,1.0,0.498,0.362,0.502,0.527,0.728,0.407,0.584,0.811,0.663,0.653,0.497,0.304,0.387,0.367
18,A1_2,0.63,0.498,1.0,0.952,0.891,0.766,0.623,0.928,0.88,0.466,0.609,0.729,0.852,0.81,0.864,0.762
18,A1_3,0.571,0.362,0.952,1.0,0.858,0.683,0.48,0.945,0.869,0.362,0.454,0.622,0.777,0.751,0.85,0.687
18,B1_1,0.555,0.502,0.891,0.858,1.0,0.89,0.7,0.812,0.699,0.429,0.709,0.844,0.94,0.687,0.685,0.735
18,B1_2,0.608,0.527,0.766,0.683,0.89,1.0,0.745,0.639,0.606,0.516,0.746,0.854,0.806,0.554,0.568,0.717
18,B1_3,0.32,0.728,0.623,0.48,0.7,0.745,1.0,0.478,0.615,0.829,0.734,0.908,0.754,0.413,0.5,0.527
18,A2_1,0.531,0.407,0.928,0.945,0.812,0.639,0.478,1.0,0.852,0.431,0.443,0.589,0.752,0.639,0.787,0.612
18,A2_2,0.562,0.584,0.88,0.869,0.699,0.606,0.615,0.852,1.0,0.625,0.526,0.638,0.694,0.707,0.91,0.673
18,A2_3,0.071,0.811,0.466,0.362,0.429,0.516,0.829,0.431,0.625,1.0,0.573,0.693,0.469,0.159,0.376,0.231
18,B2_1,0.282,0.663,0.609,0.454,0.709,0.746,0.734,0.443,0.526,0.573,1.0,0.807,0.721,0.483,0.467,0.58
18,B2_2,0.324,0.653,0.729,0.622,0.844,0.854,0.908,0.589,0.638,0.693,0.807,1.0,0.834,0.517,0.551,0.578
18,B2_3,0.513,0.497,0.852,0.777,0.94,0.806,0.754,0.752,0.694,0.469,0.721,0.834,1.0,0.676,0.678,0.7
18,y1,0.71,0.304,0.81,0.751,0.687,0.554,0.413,0.639,0.707,0.159,0.483,0.517,0.676,1.0,0.906,0.906
18,y2,0.713,0.387,0.864,0.85,0.685,0.568,0.5,0.787,0.91,0.376,0.467,0.551,0.678,0.906,1.0,0.863
18,y3,0.859,0.367,0.762,0.687,0.735,0.717,0.527,0.612,0.673,0.231,0.58,0.578,0.7,0.906,0.863,1.0
19,.,1.0,0.257,0.618,0.561,0.541,0.595,0.32,0.518,0.548,0.081,0.268,0.309,0.492,0.701,0.706,0.854
19,A1_1,0.257,1.0,0.527,0.403,0.518,0.532,0.723,0.455,0.613,0.82,0.658,0.655,0.51,0.323,0.416,0.384
19,A1_2,0.618,0.527,1.0,0.953,0.884,0.759,0.627,0.928,0.884,0.489,0.614,0.722,0.847,0.801,0.858,0.755
19,A1_3,0.561,0.403,0.953,1.0,0.855,0.682,0.489,0.945,0.876,0.394,0.466,0.623,0.78,0.746,0.847,0.685
19,B1_1,0.541,0.518,0.884,0.855,1.0,0.893,0.705,0.804,0.697,0.445,0.713,0.845,0.94,0.679,0.677,0.731
19,B1_2,0.595,0.532,0.759,0.682,0.893,1.0,0.744,0.635,0.602,0.523,0.745,0.855,0.804,0.541,0.556,0.708
19,B1_3,0.32,0.723,0.627,0.489,0.705,0.744,1.0,0.489,0.621,0.819,0.736,0.909,0.765,0.423,0.508,0.536
19,A2_1,0.518,0.455,0.928,0.945,0.804,0.635,0.489,1.0,0.862,0.468,0.453,0.59,0.751,0.63,0.781,0.605
19,A2_2,0.548,0.613,0.884,0.876,0.697,0.602,0.621,0.862,1.0,0.651,0.526,0.636,0.696,0.699,0.905,0.668
19,A2_3,0.081,0.82,0.489,0.394,0.445,0.523,0.819,0.468,0.651,1.0,0.572,0.694,0.486,0.172,0.396,0.246
19,B2_1,0.268,0.658,0.614,0.466,0.713,0.745,0.736,0.453,0.526,0.572,1.0,0.808,0.724,0.483,0.467,0.577
19,B2_2,0.309,0.655,0.722,0.623,0.845,0.855,0.909,0.59,0.636,0.694,0.808,1.0,0.837,0.509,0.544,0.573
19,B2_3,0.492,0.51,0.847,0.78,0.94,0.804,0.765,0.751,0.696,0.486,0.724,0.837,1.0,0.67,0.675,0.694
19,y1,0.701,0.323,0.801,0.746,0.679,0.541,0.423,0.63,0.699,0.172,0.483,0.509,0.67,1.0,0.907,0.906
19,y2,0.706,0.416,0.858,0.847,0.677,0.556,0.508,0.781,0.905,0.396,0.467,0.544,0.675,0.907,1.0,0.865
19,y3,0.854,0.384,0.755,0.685,0.731,0.708,0.536,0.605,0.668,0.246,0.577,0.573,0.694,0.906,0.865,1.0
20,.,1.0,0.266,0.61,0.555,0.533,0.586,0.321,0.508,0.54,0.092,0.26,0.299,0.476,0.695,0.702,0.853
20,A1_1,0.266,1.0,0.558,0.445,0.534,0.537,0.719,0.502,0.641,0.827,0.652,0.656,0.524,0.343,0.447,0.402
20,A1_2,0.61,0.558,1.0,0.954,0.88,0.759,0.638,0.929,0.889,0.509,0.622,0.719,0.846,0.793,0.852,0.753
20,A1_3,0.555,0.445,0.954,1.0,0.853,0.684,0.505,0.945,0.885,0.422,0.48,0.627,0.786,0.743,0.845,0.687
20,B1_1,0.533,0.534,0.88,0.853,1.0,0.896,0.716,0.8,0.7,0.457,0.72,0.847,0.941,0.673,0.672,0.729
20,B1_2,0.586,0.537,0.759,0.684,0.896,1.0,0.746,0.635,0.603,0.529,0.747,0.857,0.806,0.532,0.549,0.703
20,B1_3,0.321,0.719,0.638,0.505,0.716,0.746,1.0,0.507,0.63,0.807,0.742,0.91,0.779,0.435,0.519,0.546
20,A2_1,0.508,0.502,0.929,0.945,0.8,0.635,0.507,1.0,0.873,0.5,0.465,0.594,0.755,0.623,0.777,0.603
20,A2_2,0.54,0.641,0.889,0.885,0.7,0.603,0.63,0.873,1.0,0.671,0.527,0.635,0.702,0.693,0.9,0.667
20,A2_3,0.092,0.827,0.509,0.422,0.457,0.529,0.807,0.5,0.671,1.0,0.571,0.694,0.497,0.183,0.411,0.259
20,B2_1,0.26,0.652,0.622,0.48,0.72,0.747,0.742,0.465,0.527,0.571,1.0,0.811,0.732,0.484,0.47,0.575
20,B2_2,0.299,0.656,0.719,0.627,0.847,0.857,0.91,0.594,0.635,0.694,0.811,1.0,0.84,0.502,0.539,0.568
20,B2_3,0.476,0.524,0.846,0.786,0.941,0.806,0.779,0.755,0.702,0.497,0.732,0.84,1.0,0.665,0.675,0.69
20,y1,0.695,0.343,0.793,0.743,0.673,0.532,0.435,0.623,0.693,0.183,0.484,0.502,0.665,1.0,0.908,0.906
20,y2,0.702,0.447,0.852,0.845,0.672,0.549,0.519,0.777,0.9,0.411,0.47,0.539,0.675,0.908,1.0,0.868
20,y3,0.853,0.402,0.753,0.687,0.729,0.703,0.546,0.603,0.667,0.259,0.575,0.568,0.69,0.906,0.868,1.0
21,.,1.0,0.274,0.603,0.548,0.523,0.574,0.324,0.497,0.53,0.1,0.248,0.285,0.457,0.687,0.697,0.851
21,A1_1,0.274,1.0,0.59,0.492,0.55,0.54,0.713,0.554,0.674,0.836,0.646,0.656,0.541,0.366,0.48,0.422
21,A1_2,0.603,0.59,1.0,0.956,0.875,0.754,0.646,0.93,0.892,0.525,0.627,0.712,0.841,0.787,0.849,0.751
21,A1_3,0.548,0.492,0.956,1.0,0.853,0.686,0.522,0.945,0.892,0.45,0.493,0.63,0.788,0.74,0.842,0.688
21,B1_1,0.523,0.55,0.875,0.853,1.0,0.899,0.725,0.796,0.702,0.467,0.725,0.849,0.941,0.67,0.669,0.728
21,B1_2,0.574,0.54,0.754,0.686,0.899,1.0,0.746,0.635,0.602,0.533,0.748,0.857,0.808,0.522,0.541,0.695
21,B1_3,0.324,0.713,0.646,0.522,0.725,0.746,1.0,0.527,0.638,0.791,0.748,0.909,0.795,0.452,0.533,0.558
21,A2_1,0.497,0.554,0.93,0.945,0.796,0.635,0.527,1.0,0.882,0.533,0.476,0.599,0.756,0.617,0.772,0.6
21,A2_2,0.53,0.674,0.892,0.892,0.702,0.602,0.638,0.882,1.0,0.692,0.528,0.634,0.706,0.688,0.895,0.667
21,A2_3,0.1,0.836,0.525,0.45,0.467,0.533,0.791,0.533,0.692,1.0,0.57,0.692,0.511,0.196,0.427,0.272
21,B2_1,0.248,0.646,0.627,0.493,0.725,0.748,0.748,0.476,0.528,0.57,1.0,0.813,0.74,0.485,0.471,0.571
21,B2_2,0.285,0.656,0.712,0.63,0.849,0.857,0.909,0.599,0.634,0.692,0.813,1.0,0.844,0.496,0.533,0.562
21,B2_3,0.457,0.541,0.841,0.788,0.941,0.808,0.795,0.756,0.706,0.511,0.74,0.844,1.0,0.66,0.672,0.685
21,y1,0.687,0.366,0.787,0.74,0.67,0.522,0.452,0.617,0.688,0.196,0.485,0.496,0.66,1.0,0.91,0.907
21,y2,0.697,0.48,0.849,0.842,0.669,0.541,0.533,0.772,0.895,0.427,0.471,0.533,0.672,0.91,1.0,0.872
21,y3,0.851,0.422,0.751,0.688,0.728,0.695,0.558,0.6,0.667,0.272,0.571,0.562,0.685,0.907,0.872,1.0
22,.,1.0,0.284,0.6,0.544,0.52,0.568,0.331,0.492,0.526,0.113,0.24,0.278,0.444,0.679,0.694,0.849
22,A1_1,0.284,1.0,0.617,0.533,0.563,0.542,0.708,0.599,0.704,0.845,0.641,0.656,0.557,0.391,0.512,0.442
22,A1_2,0.6,0.617,1.0,0.957,0.87,0.748,0.652,0.931,0.895,0.537,0.628,0.704,0.836,0.785,0.847,0.751
22,A1_3,0.544,0.533,0.957,1.0,0.852,0.688,0.537,0.945,0.897,0.474,0.502,0.633,0.788,0.738,0.841,0.69
22,B1_1,0.52,0.563,0.87,0.852,1.0,0.902,0.733,0.792,0.702,0.474,0.728,0.849,0.94,0.669,0.669,0.729
22,B1_2,0.568,0.542,0.748,0.688,0.902,1.0,0.747,0.635,0.602,0.536,0.748,0.859,0.811,0.517,0.538,0.69
22,B1_3,0.331,0.708,0.652,0.537,0.733,0.747,1.0,0.543,0.646,0.777,0.755,0.909,0.81,0.47,0.548,0.571
22,A2_1,0.492,0.599,0.931,0.945,0.792,0.635,0.543,1.0,0.888,0.559,0.483,0.602,0.753,0.613,0.769,0.601
22,A2_2,0.526,0.704,0.895,0.897,0.702,0.602,0.646,0.888,1.0,0.71,0.529,0.633,0.706,0.684,0.89,0.667
22,A2_3,0.113,0.845,0.537,0.474,0.474,0.536,0.777,0.559,0.71,1.0,0.571,0.69,0.522,0.211,0.443,0.287
22,B2_1,0.24,0.641,0.628,0.502,0.728,0.748,0.755,0.483,0.529,0.571,1.0,0.816,0.748,0.487,0.476,0.568
22,B2_2,0.278,0.656,0.704,0.633,0.849,0.859,0.909,0.602,0.633,0.69,0.816,1.0,0.85,0.496,0.533,0.56
22,B2_3,0.444,0.557,0.836,0.788,0.94,0.811,0.81,0.753,0.706,0.522,0.748,0.85,1.0,0.657,0.671,0.682
22,y1,0.679,0.391,0.785,0.738,0.669,0.517,0.47,0.613,0.684,0.211,0.487,0.496,0.657,1.0,0.912,0.907
22,y2,0.694,0.512,0.847,0.841,0.669,0.538,0.548,0.769,0.89,0.443,0.476,0.533,0.671,0.912,1.0,0.876
22,y3,0.849,0.442,0.751,0.69,0.729,0.69,0.571,0.601,0.667,0.287,0.568,0.56,0.682,0.907,0.876,1.0
23,.,1.0,0.275,0.585,0.529,0.505,0.551,0.317,0.472,0.509,0.111,0.22,0.257,0.415,0.669,0.688,0.844
23,A1_1,0.275,1.0,0.63,0.555,0.567,0.542,0.703,0.626,0.72,0.852,0.636,0.652,0.561,0.392,0.518,0.441
23,A1_2,0.585,0.63,1.0,0.959,0.866,0.743,0.654,0.93,0.895,0.547,0.629,0.697,0.828,0.775,0.84,0.743
23,A1_3,0.529,0.555,0.959,1.0,0.85,0.687,0.545,0.945,0.9,0.493,0.509,0.633,0.782,0.729,0.834,0.684
23,B1_1,0.505,0.567,0.866,0.85,1.0,0.903,0.739,0.786,0.699,0.481,0.73,0.849,0.938,0.66,0.66,0.72
23,B1_2,0.551,0.542,0.743,0.687,0.903,1.0,0.749,0.63,0.6,0.54,0.749,0.86,0.812,0.504,0.528,0.676
23,B1_3,0.317,0.703,0.654,0.545,0.739,0.749,1.0,0.552,0.649,0.77,0.762,0.909,0.821,0.47,0.546,0.565
23,A2_1,0.472,0.626,0.93,0.945,0.786,0.63,0.552,1.0,0.894,0.581,0.486,0.601,0.744,0.6,0.759,0.59
23,A2_2,0.509,0.72,0.895,0.9,0.699,0.6,0.649,0.894,1.0,0.725,0.529,0.63,0.701,0.673,0.88,0.659
23,A2_3,0.111,0.852,0.547,0.493,0.481,0.54,0.77,0.581,0.725,1.0,0.572,0.688,0.531,0.214,0.445,0.289
23,B2_1,0.22,0.636,0.629,0.509,0.73,0.749,0.762,0.486,0.529,0.572,1.0,0.82,0.756,0.482,0.472,0.557
23,B2_2,0.257,0.652,0.697,0.633,0.849,0.86,0.909,0.601,0.63,0.688,0.82,1.0,0.855,0.485,0.522,0.546
23,B2_3,0.415,0.561,0.828,0.782,0.938,0.812,0.821,0.744,0.701,0.531,0.756,0.855,1.0,0.644,0.658,0.667
23,y1,0.669,0.392,0.775,0.729,0.66,0.504,0.47,0.6,0.673,0.214,0.482,0.485,0.644,1.0,0.914,0.908
23,y2,0.688,0.518,0.84,0.834,0.66,0.528,0.546,0.759,0.88,0.445,0.472,0.522,0.658,0.914,1.0,0.881
23,y3,0.844,0.441,0.743,0.684,0.72,0.676,0.565,0.59,0.659,0.289,0.557,0.546,0.667,0.908,0.881,1.0
24,.,1.0,0.259,0.569,0.516,0.488,0.538,0.299,0.455,0.492,0.106,0.2,0.238,0.387,0.66,0.68,0.839
24,A1_1,0.259,1.0,0.637,0.565,0.564,0.539,0.698,0.641,0.727,0.858,0.631,0.646,0.559,0.385,0.514,0.433
24,A1_2,0.569,0.637,1.0,0.96,0.861,0.74,0.653,0.931,0.896,0.559,0.627,0.691,0.819,0.761,0.83,0.731
24,A1_3,0.516,0.565,0.96,1.0,0.846,0.685,0.547,0.945,0.901,0.506,0.51,0.629,0.774,0.72,0.826,0.676
24,B1_1,0.488,0.564,0.861,0.846,1.0,0.905,0.742,0.779,0.694,0.486,0.73,0.85,0.935,0.649,0.651,0.709
24,B1_2,0.538,0.539,0.74,0.685,0.905,1.0,0.751,0.626,0.597,0.543,0.747,0.861,0.811,0.494,0.519,0.664
24,B1_3,0.299,0.698,0.653,0.547,0.742,0.751,1.0,0.554,0.648,0.766,0.767,0.911,0.829,0.464,0.54,0.554
24,A2_1,0.455,0.641,0.931,0.945,0.779,0.626,0.554,1.0,0.897,0.597,0.487,0.597,0.734,0.588,0.75,0.579
24,A2_2,0.492,0.727,0.896,0.901,0.694,0.597,0.648,0.897,1.0,0.736,0.527,0.625,0.693,0.66,0.868,0.648
24,A2_3,0.106,0.858,0.559,0.506,0.486,0.543,0.766,0.597,0.736,1.0,0.575,0.686,0.538,0.214,0.444,0.288
24,B2_1,0.2,0.631,0.627,0.51,0.73,0.747,0.767,0.487,0.527,0.575,1.0,0.822,0.761,0.475,0.467,0.545
24,B2_2,0.238,0.646,0.691,0.629,0.85,0.861,0.911,0.597,0.625,0.686,0.822,1.0,0.859,0.473,0.51,0.533
24,B2_3,0.387,0.559,0.819,0.774,0.935,0.811,0.829,0.734,0.693,0.538,0.761,0.859,1.0,0.63,0.645,0.65
24,y1,0.66,0.385,0.761,0.72,0.649,0.494,0.464,0.588,0.66,0.214,0.475,0.473,0.63,1.0,0.916,0.909
24,y2,0.68,0.514,0.83,0.826,0.651,0.519,0.54,0.75,0.868,0.444,0.467,0.51,0.645,0.916,1.0,0.884
24,y3,0.839,0.433,0.731,0.676,0.709,0.664,0.554,0.579,0.648,0.288,0.545,0.533,0.65,0.909,0.884,1.0
25,.,1.0,0.252,0.56,0.507,0.478,0.527,0.29,0.442,0.481,0.108,0.188,0.224,0.365,0.653,0.675,0.836
