,,.,A1_1,A1_2,A1_3,B1_1,B1_2,B1_3,A2_1,A2_2,A2_3,B2_1,B2_2,B2_3,y1,y2,y3
1,.,1.0,0.767,0.81,0.749,0.527,0.025,0.466,0.776,0.691,0.582,0.502,0.263,0.264,0.596,0.443,0.513
1,A1_1,0.767,1.0,0.63,0.464,0.391,0.075,0.603,0.672,0.603,0.489,0.349,0.269,0.152,0.34,0.47,0.524
1,A1_2,0.81,0.63,1.0,0.713,0.847,0.397,0.805,0.846,0.656,0.477,0.782,0.458,0.737,0.751,0.53,0.799
1,A1_3,0.749,0.464,0.713,1.0,0.57,0.123,0.28,0.728,0.795,0.637,0.749,0.547,0.454,0.871,0.406,0.574
1,B1_1,0.527,0.391,0.847,0.57,1.0,0.674,0.717,0.655,0.536,0.437,0.865,0.407,0.827,0.688,0.432,0.925
1,B1_2,0.025,0.075,0.397,0.123,0.674,1.0,0.59,0.231,0.134,-0.058,0.395,0.551,0.697,0.427,0.562,0.716
1,B1_3,0.466,0.603,0.805,0.28,0.717,0.59,1.0,0.705,0.437,0.187,0.561,0.458,0.702,0.471,0.489,0.749
1,A2_1,0.776,0.672,0.846,0.728,0.655,0.231,0.705,1.0,0.907,0.627,0.728,0.566,0.483,0.778,0.342,0.72
1,A2_2,0.691,0.603,0.656,0.795,0.536,0.134,0.437,0.907,1.0,0.83,0.718,0.587,0.36,0.779,0.277,0.633
1,A2_3,0.582,0.489,0.477,0.637,0.437,-0.058,0.187,0.627,0.83,1.0,0.659,0.201,0.261,0.482,0.077,0.442
1,B2_1,0.502,0.349,0.782,0.749,0.865,0.395,0.561,0.728,0.718,0.659,1.0,0.397,0.754,0.748,0.204,0.812
1,B2_2,0.263,0.269,0.458,0.547,0.407,0.551,0.458,0.566,0.587,0.201,0.397,1.0,0.563,0.82,0.716,0.587
1,B2_3,0.264,0.152,0.737,0.454,0.827,0.697,0.702,0.483,0.36,0.261,0.754,0.563,1.0,0.68,0.561,0.771
1,y1,0.596,0.34,0.751,0.871,0.688,0.427,0.471,0.778,0.779,0.482,0.748,0.82,0.68,1.0,0.589,0.732
1,y2,0.443,0.47,0.53,0.406,0.432,0.562,0.489,0.342,0.277,0.077,0.204,0.716,0.561,0.589,1.0,0.551
1,y3,0.513,0.524,0.799,0.574,0.925,0.716,0.749,0.72,0.633,0.442,0.812,0.587,0.771,0.732,0.551,1.0
2,.,1.0,0.775,0.814,0.759,0.545,0.083,0.487,0.783,0.709,0.607,0.515,0.295,0.297,0.607,0.471,0.515
2,A1_1,0.775,1.0,0.642,0.483,0.408,0.113,0.617,0.68,0.618,0.515,0.363,0.293,0.181,0.355,0.498,0.527
2,A1_2,0.814,0.642,1.0,0.728,0.857,0.45,0.819,0.848,0.666,0.491,0.79,0.483,0.751,0.759,0.552,0.801
2,A1_3,0.759,0.483,0.728,1.0,0.6,0.205,0.323,0.735,0.801,0.643,0.762,0.577,0.498,0.881,0.451,0.588
2,B1_1,0.545,0.408,0.857,0.6,1.0,0.69,0.726,0.662,0.546,0.451,0.873,0.417,0.823,0.695,0.433,0.918
2,B1_2,0.083,0.113,0.45,0.205,0.69,1.0,0.605,0.258,0.17,0.001,0.432,0.574,0.715,0.467,0.576,0.713
2,B1_3,0.487,0.617,0.819,0.323,0.726,0.605,1.0,0.714,0.454,0.212,0.578,0.475,0.702,0.49,0.498,0.75
2,A2_1,0.783,0.68,0.848,0.735,0.662,0.258,0.714,1.0,0.908,0.632,0.727,0.575,0.488,0.777,0.354,0.72
2,A2_2,0.709,0.618,0.666,0.801,0.546,0.17,0.454,0.908,1.0,0.834,0.717,0.594,0.375,0.777,0.302,0.63
2,A2_3,0.607,0.515,0.491,0.643,0.451,0.001,0.212,0.632,0.834,1.0,0.654,0.224,0.292,0.488,0.134,0.442
2,B2_1,0.515,0.363,0.79,0.762,0.873,0.432,0.578,0.727,0.717,0.654,1.0,0.415,0.765,0.752,0.233,0.81
2,B2_2,0.295,0.293,0.483,0.577,0.417,0.574,0.475,0.575,0.594,0.224,0.415,1.0,0.577,0.829,0.721,0.585
2,B2_3,0.297,0.181,0.751,0.498,0.823,0.715,0.702,0.488,0.375,0.292,0.765,0.577,1.0,0.693,0.577,0.753
2,y1,0.607,0.355,0.759,0.881,0.695,0.467,0.49,0.777,0.777,0.488,0.752,0.829,0.693,1.0,0.601,0.729
2,y2,0.471,0.498,0.552,0.451,0.433,0.576,0.498,0.354,0.302,0.134,0.233,0.721,0.577,0.601,1.0,0.537
2,y3,0.515,0.527,0.801,0.588,0.918,0.713,0.75,0.72,0.63,0.442,0.81,0.585,0.753,0.729,0.537,1.0
3,.,1.0,0.783,0.819,0.767,0.567,0.162,0.511,0.792,0.725,0.631,0.531,0.328,0.333,0.619,0.499,0.525
3,A1_1,0.783,1.0,0.657,0.502,0.433,0.172,0.635,0.69,0.635,0.541,0.384,0.322,0.219,0.376,0.525,0.538
3,A1_2,0.819,0.657,1.0,0.743,0.868,0.512,0.834,0.851,0.678,0.509,0.799,0.514,0.764,0.769,0.579,0.806
3,A1_3,0.767,0.502,0.743,1.0,0.63,0.293,0.366,0.743,0.807,0.649,0.775,0.606,0.537,0.889,0.493,0.605
3,B1_1,0.567,0.433,0.868,0.63,1.0,0.717,0.741,0.671,0.562,0.472,0.882,0.441,0.825,0.708,0.456,0.913
3,B1_2,0.162,0.172,0.512,0.293,0.717,1.0,0.633,0.298,0.225,0.082,0.483,0.604,0.748,0.515,0.611,0.712
3,B1_3,0.511,0.635,0.834,0.366,0.741,0.633,1.0,0.723,0.477,0.246,0.601,0.502,0.71,0.516,0.521,0.755
3,A2_1,0.792,0.69,0.851,0.743,0.671,0.298,0.723,1.0,0.91,0.64,0.728,0.586,0.495,0.777,0.372,0.724
3,A2_2,0.725,0.635,0.678,0.807,0.562,0.225,0.477,0.91,1.0,0.839,0.719,0.603,0.397,0.777,0.332,0.634
3,A2_3,0.631,0.541,0.509,0.649,0.472,0.082,0.246,0.64,0.839,1.0,0.653,0.252,0.328,0.498,0.194,0.45
3,B2_1,0.531,0.384,0.799,0.775,0.882,0.483,0.601,0.728,0.719,0.653,1.0,0.442,0.778,0.761,0.277,0.811
3,B2_2,0.328,0.322,0.514,0.606,0.441,0.604,0.502,0.586,0.603,0.252,0.442,1.0,0.6,0.84,0.732,0.592
3,B2_3,0.333,0.219,0.764,0.537,0.825,0.748,0.71,0.495,0.397,0.328,0.778,0.6,1.0,0.708,0.608,0.741
3,y1,0.619,0.376,0.769,0.889,0.708,0.515,0.516,0.777,0.777,0.498,0.761,0.84,0.708,1.0,0.619,0.732
3,y2,0.499,0.525,0.579,0.493,0.456,0.611,0.521,0.372,0.332,0.194,0.277,0.732,0.608,0.619,1.0,0.538
3,y3,0.525,0.538,0.806,0.605,0.913,0.712,0.755,0.724,0.634,0.45,0.811,0.592,0.741,0.732,0.538,1.0
4,.,1.0,0.787,0.82,0.772,0.579,0.216,0.529,0.8,0.741,0.65,0.542,0.354,0.355,0.626,0.51,0.529
4,A1_1,0.787,1.0,0.666,0.514,0.448,0.214,0.647,0.698,0.649,0.562,0.399,0.346,0.246,0.39,0.539,0.544
4,A1_2,0.82,0.666,1.0,0.753,0.875,0.559,0.846,0.851,0.687,0.521,0.808,0.542,0.772,0.777,0.599,0.81
4,A1_3,0.772,0.514,0.753,1.0,0.652,0.361,0.403,0.747,0.81,0.651,0.784,0.629,0.564,0.895,0.522,0.616
4,B1_1,0.579,0.448,0.875,0.652,1.0,0.739,0.757,0.675,0.573,0.486,0.89,0.469,0.828,0.719,0.478,0.906
4,B1_2,0.216,0.214,0.559,0.361,0.739,1.0,0.658,0.329,0.274,0.152,0.53,0.638,0.781,0.556,0.643,0.704
4,B1_3,0.529,0.647,0.846,0.403,0.757,0.658,1.0,0.728,0.496,0.275,0.625,0.53,0.721,0.54,0.545,0.761
4,A2_1,0.8,0.698,0.851,0.747,0.675,0.329,0.728,1.0,0.911,0.647,0.726,0.594,0.496,0.776,0.385,0.725
4,A2_2,0.741,0.649,0.687,0.81,0.573,0.274,0.496,0.911,1.0,0.844,0.718,0.611,0.413,0.776,0.356,0.635
4,A2_3,0.65,0.562,0.521,0.651,0.486,0.152,0.275,0.647,0.844,1.0,0.651,0.276,0.355,0.503,0.238,0.455
4,B2_1,0.542,0.399,0.808,0.784,0.89,0.53,0.625,0.726,0.718,0.651,1.0,0.469,0.788,0.768,0.316,0.812
4,B2_2,0.354,0.346,0.542,0.629,0.469,0.638,0.53,0.594,0.611,0.276,0.469,1.0,0.624,0.85,0.747,0.6
4,B2_3,0.355,0.246,0.772,0.564,0.828,0.781,0.721,0.496,0.413,0.355,0.788,0.624,1.0,0.719,0.637,0.729
4,y1,0.626,0.39,0.777,0.895,0.719,0.556,0.54,0.776,0.776,0.503,0.768,0.85,0.719,1.0,0.635,0.734
4,y2,0.51,0.539,0.599,0.522,0.478,0.643,0.545,0.385,0.356,0.238,0.316,0.747,0.637,0.635,1.0,0.539
4,y3,0.529,0.544,0.81,0.616,0.906,0.704,0.761,0.725,0.635,0.455,0.812,0.6,0.729,0.734,0.539,1.0
5,.,1.0,0.79,0.82,0.775,0.589,0.264,0.542,0.806,0.752,0.667,0.55,0.375,0.373,0.63,0.518,0.532
5,A1_1,0.79,1.0,0.675,0.525,0.463,0.254,0.659,0.706,0.662,0.581,0.414,0.368,0.273,0.403,0.552,0.552
5,A1_2,0.82,0.675,1.0,0.763,0.882,0.599,0.858,0.851,0.695,0.534,0.816,0.571,0.778,0.785,0.62,0.814
5,A1_3,0.775,0.525,0.763,1.0,0.672,0.415,0.436,0.751,0.812,0.653,0.792,0.65,0.585,0.9,0.546,0.628
5,B1_1,0.589,0.463,0.882,0.672,1.0,0.761,0.774,0.677,0.583,0.5,0.898,0.5,0.835,0.731,0.507,0.901
5,B1_2,0.264,0.254,0.599,0.415,0.761,1.0,0.682,0.352,0.317,0.217,0.573,0.666,0.814,0.591,0.678,0.696
5,B1_3,0.542,0.659,0.858,0.436,0.774,0.682,1.0,0.731,0.514,0.304,0.649,0.561,0.734,0.565,0.572,0.768
5,A2_1,0.806,0.706,0.851,0.751,0.677,0.352,0.731,1.0,0.912,0.653,0.724,0.6,0.495,0.774,0.395,0.726
5,A2_2,0.752,0.662,0.695,0.812,0.583,0.317,0.514,0.912,1.0,0.848,0.718,0.618,0.428,0.774,0.378,0.637
5,A2_3,0.667,0.581,0.534,0.653,0.5,0.217,0.304,0.653,0.848,1.0,0.648,0.299,0.379,0.509,0.28,0.461
5,B2_1,0.55,0.414,0.816,0.792,0.898,0.573,0.649,0.724,0.718,0.648,1.0,0.499,0.798,0.776,0.359,0.814
5,B2_2,0.375,0.368,0.571,0.65,0.5,0.666,0.561,0.6,0.618,0.299,0.499,1.0,0.65,0.86,0.762,0.612
5,B2_3,0.373,0.273,0.778,0.585,0.835,0.814,0.734,0.495,0.428,0.379,0.798,0.65,1.0,0.729,0.67,0.721
5,y1,0.63,0.403,0.785,0.9,0.731,0.591,0.565,0.774,0.774,0.509,0.776,0.86,0.729,1.0,0.651,0.738
5,y2,0.518,0.552,0.62,0.546,0.507,0.678,0.572,0.395,0.378,0.28,0.359,0.762,0.67,0.651,1.0,0.547
5,y3,0.532,0.552,0.814,0.628,0.901,0.696,0.768,0.726,0.637,0.461,0.814,0.612,0.721,0.738,0.547,1.0
6,.,1.0,0.79,0.817,0.775,0.593,0.294,0.549,0.81,0.761,0.68,0.552,0.388,0.382,0.629,0.519,0.532
6,A1_1,0.79,1.0,0.68,0.531,0.474,0.282,0.666,0.711,0.671,0.597,0.424,0.384,0.291,0.41,0.559,0.558
6,A1_2,0.817,0.68,1.0,0.77,0.888,0.628,0.868,0.849,0.7,0.542,0.823,0.595,0.783,0.791,0.636,0.816
6,A1_3,0.775,0.531,0.77,1.0,0.685,0.45,0.463,0.753,0.814,0.652,0.797,0.665,0.598,0.902,0.562,0.636
6,B1_1,0.593,0.474,0.888,0.685,1.0,0.78,0.79,0.675,0.59,0.508,0.905,0.531,0.842,0.741,0.534,0.895
6,B1_2,0.294,0.282,0.628,0.45,0.78,1.0,0.704,0.366,0.346,0.265,0.607,0.689,0.841,0.615,0.707,0.688
6,B1_3,0.549,0.666,0.868,0.463,0.79,0.704,1.0,0.731,0.528,0.328,0.672,0.59,0.747,0.587,0.598,0.774
6,A2_1,0.81,0.711,0.849,0.753,0.675,0.366,0.731,1.0,0.913,0.658,0.719,0.603,0.49,0.769,0.401,0.726
6,A2_2,0.761,0.671,0.7,0.814,0.59,0.346,0.528,0.913,1.0,0.852,0.716,0.622,0.437,0.77,0.394,0.638
6,A2_3,0.68,0.597,0.542,0.652,0.508,0.265,0.328,0.658,0.852,1.0,0.642,0.316,0.394,0.511,0.311,0.465
6,B2_1,0.552,0.424,0.823,0.797,0.905,0.607,0.672,0.719,0.716,0.642,1.0,0.526,0.807,0.783,0.396,0.815
6,B2_2,0.388,0.384,0.595,0.665,0.531,0.689,0.59,0.603,0.622,0.316,0.526,1.0,0.673,0.869,0.775,0.624
6,B2_3,0.382,0.291,0.783,0.598,0.842,0.841,0.747,0.49,0.437,0.394,0.807,0.673,1.0,0.737,0.698,0.715
6,y1,0.629,0.41,0.791,0.902,0.741,0.615,0.587,0.769,0.77,0.511,0.783,0.869,0.737,1.0,0.664,0.742
6,y2,0.519,0.559,0.636,0.562,0.534,0.707,0.598,0.401,0.394,0.311,0.396,0.775,0.698,0.664,1.0,0.555
6,y3,0.532,0.558,0.816,0.636,0.895,0.688,0.774,0.726,0.638,0.465,0.815,0.624,0.715,0.742,0.555,1.0
7,.,1.0,0.789,0.812,0.771,0.59,0.306,0.551,0.812,0.765,0.688,0.548,0.391,0.38,0.621,0.511,0.529
7,A1_1,0.789,1.0,0.682,0.532,0.478,0.297,0.668,0.713,0.678,0.609,0.428,0.391,0.299,0.411,0.558,0.56
7,A1_2,0.812,0.682,1.0,0.775,0.891,0.648,0.876,0.845,0.703,0.546,0.829,0.614,0.784,0.794,0.648,0.818
7,A1_3,0.771,0.532,0.775,1.0,0.693,0.468,0.484,0.753,0.813,0.648,0.799,0.675,0.603,0.903,0.57,0.641
7,B1_1,0.59,0.478,0.891,0.693,1.0,0.796,0.804,0.668,0.592,0.511,0.91,0.557,0.848,0.749,0.558,0.889
7,B1_2,0.306,0.297,0.648,0.468,0.796,1.0,0.723,0.367,0.361,0.294,0.634,0.705,0.861,0.629,0.73,0.682
7,B1_3,0.551,0.668,0.876,0.484,0.804,0.723,1.0,0.726,0.538,0.345,0.692,0.615,0.76,0.605,0.62,0.779
7,A2_1,0.812,0.713,0.845,0.753,0.668,0.367,0.726,1.0,0.913,0.661,0.712,0.601,0.479,0.762,0.398,0.723
7,A2_2,0.765,0.678,0.703,0.813,0.592,0.361,0.538,0.913,1.0,0.854,0.711,0.62,0.44,0.764,0.4,0.639
7,A2_3,0.688,0.609,0.546,0.648,0.511,0.294,0.345,0.661,0.854,1.0,0.634,0.324,0.401,0.507,0.329,0.467
7,B2_1,0.548,0.428,0.829,0.799,0.91,0.634,0.692,0.712,0.711,0.634,1.0,0.55,0.813,0.789,0.426,0.816
7,B2_2,0.391,0.391,0.614,0.675,0.557,0.705,0.615,0.601,0.62,0.324,0.55,1.0,0.693,0.876,0.786,0.634
7,B2_3,0.38,0.299,0.784,0.603,0.848,0.861,0.76,0.479,0.44,0.401,0.813,0.693,1.0,0.741,0.721,0.708
7,y1,0.621,0.411,0.794,0.903,0.749,0.629,0.605,0.762,0.764,0.507,0.789,0.876,0.741,1.0,0.672,0.745
7,y2,0.511,0.558,0.648,0.57,0.558,0.73,0.62,0.398,0.4,0.329,0.426,0.786,0.721,0.672,1.0,0.562
7,y3,0.529,0.56,0.818,0.641,0.889,0.682,0.779,0.723,0.639,0.467,0.816,0.634,0.708,0.745,0.562,1.0
8,.,1.0,0.786,0.804,0.765,0.582,0.309,0.544,0.812,0.767,0.695,0.538,0.386,0.37,0.609,0.498,0.522
8,A1_1,0.786,1.0,0.681,0.529,0.477,0.301,0.665,0.715,0.682,0.618,0.427,0.392,0.299,0.406,0.552,0.56
8,A1_2,0.804,0.681,1.0,0.777,0.893,0.661,0.882,0.84,0.703,0.548,0.833,0.63,0.784,0.796,0.657,0.818
8,A1_3,0.765,0.529,0.777,1.0,0.697,0.476,0.498,0.753,0.811,0.643,0.799,0.681,0.603,0.902,0.573,0.644
8,B1_1,0.582,0.477,0.893,0.697,1.0,0.809,0.816,0.658,0.59,0.51,0.915,0.58,0.854,0.754,0.578,0.883
8,B1_2,0.309,0.301,0.661,0.476,0.809,1.0,0.739,0.362,0.368,0.313,0.654,0.716,0.877,0.638,0.747,0.675
8,B1_3,0.544,0.665,0.882,0.498,0.816,0.739,1.0,0.718,0.543,0.357,0.71,0.638,0.772,0.62,0.64,0.781
8,A2_1,0.812,0.715,0.84,0.753,0.658,0.362,0.718,1.0,0.914,0.663,0.702,0.594,0.464,0.753,0.391,0.719
8,A2_2,0.767,0.682,0.703,0.811,0.59,0.368,0.543,0.914,1.0,0.856,0.704,0.615,0.436,0.756,0.402,0.637
8,A2_3,0.695,0.618,0.548,0.643,0.51,0.313,0.357,0.663,0.856,1.0,0.622,0.328,0.401,0.5,0.342,0.466
8,B2_1,0.538,0.427,0.833,0.799,0.915,0.654,0.71,0.702,0.704,0.622,1.0,0.571,0.819,0.792,0.451,0.815
8,B2_2,0.386,0.392,0.63,0.681,0.58,0.716,0.638,0.594,0.615,0.328,0.571,1.0,0.71,0.881,0.794,0.642
8,B2_3,0.37,0.299,0.784,0.603,0.854,0.877,0.772,0.464,0.436,0.401,0.819,0.71,1.0,0.743,0.74,0.701
8,y1,0.609,0.406,0.796,0.902,0.754,0.638,0.62,0.753,0.756,0.5,0.792,0.881,0.743,1.0,0.678,0.747
8,y2,0.498,0.552,0.657,0.573,0.578,0.747,0.64,0.391,0.402,0.342,0.451,0.794,0.74,0.678,1.0,0.566
8,y3,0.522,0.56,0.818,0.644,0.883,0.675,0.781,0.719,0.637,0.466,0.815,0.642,0.701,0.747,0.566,1.0
9,.,1.0,0.781,0.792,0.757,0.566,0.299,0.529,0.811,0.767,0.699,0.521,0.371,0.35,0.59,0.477,0.51
9,A1_1,0.781,1.0,0.677,0.523,0.468,0.294,0.656,0.714,0.684,0.625,0.42,0.385,0.29,0.395,0.54,0.555
9,A1_2,0.792,0.677,1.0,0.777,0.894,0.669,0.886,0.832,0.7,0.546,0.836,0.641,0.782,0.795,0.661,0.817
9,A1_3,0.757,0.523,0.777,1.0,0.696,0.475,0.507,0.75,0.808,0.635,0.795,0.682,0.596,0.9,0.57,0.643
9,B1_1,0.566,0.468,0.894,0.696,1.0,0.82,0.827,0.643,0.583,0.503,0.918,0.599,0.859,0.757,0.594,0.875
9,B1_2,0.299,0.294,0.669,0.475,0.82,1.0,0.751,0.347,0.365,0.32,0.669,0.724,0.89,0.641,0.759,0.666
9,B1_3,0.529,0.656,0.886,0.507,0.827,0.751,1.0,0.705,0.542,0.361,0.726,0.658,0.782,0.631,0.656,0.782
9,A2_1,0.811,0.714,0.832,0.75,0.643,0.347,0.705,1.0,0.913,0.663,0.688,0.582,0.443,0.741,0.378,0.712
9,A2_2,0.767,0.684,0.7,0.808,0.583,0.365,0.542,0.913,1.0,0.857,0.693,0.605,0.426,0.745,0.397,0.632
9,A2_3,0.699,0.625,0.546,0.635,0.503,0.32,0.361,0.663,0.857,1.0,0.606,0.324,0.393,0.488,0.345,0.462
9,B2_1,0.521,0.42,0.836,0.795,0.918,0.669,0.726,0.688,0.693,0.606,1.0,0.589,0.823,0.794,0.471,0.814
9,B2_2,0.371,0.385,0.641,0.682,0.599,0.724,0.658,0.582,0.605,0.324,0.589,1.0,0.724,0.886,0.801,0.647
9,B2_3,0.35,0.29,0.782,0.596,0.859,0.89,0.782,0.443,0.426,0.393,0.823,0.724,1.0,0.743,0.755,0.692
9,y1,0.59,0.395,0.795,0.9,0.757,0.641,0.631,0.741,0.745,0.488,0.794,0.886,0.743,1.0,0.68,0.747
9,y2,0.477,0.54,0.661,0.57,0.594,0.759,0.656,0.378,0.397,0.345,0.471,0.801,0.755,0.68,1.0,0.567
9,y3,0.51,0.555,0.817,0.643,0.875,0.666,0.782,0.712,0.632,0.462,0.814,0.647,0.692,0.747,0.567,1.0
10,.,1.0,0.772,0.772,0.745,0.535,0.267,0.502,0.81,0.767,0.7,0.491,0.345,0.314,0.563,0.44,0.484
10,A1_1,0.772,1.0,0.664,0.51,0.445,0.268,0.637,0.712,0.683,0.627,0.4,0.368,0.264,0.373,0.516,0.539
10,A1_2,0.772,0.664,1.0,0.773,0.893,0.668,0.888,0.82,0.692,0.535,0.836,0.646,0.776,0.791,0.658,0.812
10,A1_3,0.745,0.51,0.773,1.0,0.687,0.459,0.506,0.745,0.803,0.623,0.785,0.677,0.579,0.895,0.556,0.634
10,B1_1,0.535,0.445,0.893,0.687,1.0,0.825,0.836,0.62,0.566,0.484,0.92,0.612,0.863,0.754,0.6,0.864
10,B1_2,0.267,0.268,0.668,0.459,0.825,1.0,0.759,0.321,0.349,0.311,0.677,0.73,0.898,0.637,0.763,0.649
10,B1_3,0.502,0.637,0.888,0.506,0.836,0.759,1.0,0.684,0.531,0.355,0.739,0.672,0.791,0.635,0.665,0.779
10,A2_1,0.81,0.712,0.82,0.745,0.62,0.321,0.684,1.0,0.912,0.661,0.667,0.563,0.412,0.724,0.353,0.699
10,A2_2,0.767,0.683,0.692,0.803,0.566,0.349,0.531,0.912,1.0,0.857,0.674,0.588,0.404,0.73,0.38,0.621
10,A2_3,0.7,0.627,0.535,0.623,0.484,0.311,0.355,0.661,0.857,1.0,0.582,0.309,0.371,0.467,0.333,0.447
10,B2_1,0.491,0.4,0.836,0.785,0.92,0.677,0.739,0.667,0.674,0.582,1.0,0.6,0.824,0.791,0.478,0.809
10,B2_2,0.345,0.368,0.646,0.677,0.612,0.73,0.672,0.563,0.588,0.309,0.6,1.0,0.733,0.888,0.805,0.647
10,B2_3,0.314,0.264,0.776,0.579,0.863,0.898,0.791,0.412,0.404,0.371,0.824,0.733,1.0,0.736,0.762,0.679
10,y1,0.563,0.373,0.791,0.895,0.754,0.637,0.635,0.724,0.73,0.467,0.791,0.888,0.736,1.0,0.676,0.742
10,y2,0.44,0.516,0.658,0.556,0.6,0.763,0.665,0.353,0.38,0.333,0.478,0.805,0.762,0.676,1.0,0.558
10,y3,0.484,0.539,0.812,0.634,0.864,0.649,0.779,0.699,0.621,0.447,0.809,0.647,0.679,0.742,0.558,1.0
11,.,1.0,0.763,0.75,0.73,0.501,0.229,0.469,0.806,0.762,0.7,0.457,0.31,0.273,0.529,0.399,0.457
11,A1_1,0.763,1.0,0.649,0.494,0.419,0.239,0.614,0.707,0.68,0.629,0.377,0.344,0.236,0.346,0.489,0.522
11,A1_2,0.75,0.649,1.0,0.766,0.89,0.665,0.889,0.806,0.681,0.522,0.835,0.65,0.77,0.784,0.653,0.806
11,A1_3,0.73,0.494,0.766,1.0,0.674,0.435,0.501,0.739,0.797,0.609,0.773,0.668,0.559,0.888,0.538,0.624
11,B1_1,0.501,0.419,0.89,0.674,1.0,0.831,0.844,0.592,0.546,0.462,0.922,0.624,0.866,0.75,0.607,0.853
11,B1_2,0.229,0.239,0.665,0.435,0.831,1.0,0.767,0.287,0.326,0.296,0.683,0.731,0.905,0.628,0.768,0.632
11,B1_3,0.469,0.614,0.889,0.501,0.844,0.767,1.0,0.659,0.518,0.345,0.75,0.685,0.8,0.639,0.674,0.775
11,A2_1,0.806,0.707,0.806,0.739,0.592,0.287,0.659,1.0,0.911,0.658,0.643,0.538,0.377,0.704,0.323,0.685
11,A2_2,0.762,0.68,0.681,0.797,0.546,0.326,0.518,0.911,1.0,0.856,0.654,0.567,0.379,0.712,0.359,0.609
11,A2_3,0.7,0.629,0.522,0.609,0.462,0.296,0.345,0.658,0.856,1.0,0.556,0.289,0.347,0.443,0.318,0.432
11,B2_1,0.457,0.377,0.835,0.773,0.922,0.683,0.75,0.643,0.654,0.556,1.0,0.611,0.826,0.788,0.485,0.803
11,B2_2,0.31,0.344,0.65,0.668,0.624,0.731,0.685,0.538,0.567,0.289,0.611,1.0,0.741,0.889,0.808,0.646
11,B2_3,0.273,0.236,0.77,0.559,0.866,0.905,0.8,0.377,0.379,0.347,0.826,0.741,1.0,0.729,0.769,0.665
11,y1,0.529,0.346,0.784,0.888,0.75,0.628,0.639,0.704,0.712,0.443,0.788,0.889,0.729,1.0,0.669,0.736
11,y2,0.399,0.489,0.653,0.538,0.607,0.768,0.674,0.323,0.359,0.318,0.485,0.808,0.769,0.669,1.0,0.549
11,y3,0.457,0.522,0.806,0.624,0.853,0.632,0.775,0.685,0.609,0.432,0.803,0.646,0.665,0.736,0.549,1.0
12,.,1.0,0.755,0.723,0.714,0.457,0.185,0.428,0.802,0.758,0.701,0.412,0.267,0.222,0.49,0.353,0.426
12,A1_1,0.755,1.0,0.631,0.479,0.386,0.205,0.583,0.704,0.679,0.632,0.346,0.315,0.199,0.316,0.46,0.503
12,A1_2,0.723,0.631,1.0,0.757,0.887,0.659,0.889,0.789,0.668,0.507,0.833,0.65,0.762,0.776,0.647,0.799
12,A1_3,0.714,0.479,0.757,1.0,0.654,0.403,0.489,0.733,0.791,0.595,0.755,0.654,0.53,0.878,0.515,0.61
12,B1_1,0.457,0.386,0.887,0.654,1.0,0.835,0.851,0.558,0.52,0.434,0.922,0.634,0.869,0.743,0.611,0.839
12,B1_2,0.185,0.205,0.659,0.403,0.835,1.0,0.774,0.248,0.297,0.275,0.686,0.732,0.911,0.616,0.771,0.614
12,B1_3,0.428,0.583,0.889,0.489,0.851,0.774,1.0,0.628,0.499,0.33,0.761,0.697,0.808,0.639,0.681,0.769
12,A2_1,0.802,0.704,0.789,0.733,0.558,0.248,0.628,1.0,0.91,0.657,0.614,0.508,0.335,0.681,0.289,0.669
12,A2_2,0.758,0.679,0.668,0.791,0.52,0.297,0.499,0.91,1.0,0.856,0.628,0.54,0.347,0.69,0.335,0.595
12,A2_3,0.701,0.632,0.507,0.595,0.434,0.275,0.33,0.657,0.856,1.0,0.523,0.265,0.315,0.415,0.3,0.416
12,B2_1,0.412,0.346,0.833,0.755,0.922,0.686,0.761,0.614,0.628,0.523,1.0,0.619,0.826,0.782,0.487,0.795
12,B2_2,0.267,0.315,0.65,0.654,0.634,0.732,0.697,0.508,0.54,0.265,0.619,1.0,0.748,0.89,0.809,0.643
12,B2_3,0.222,0.199,0.762,0.53,0.869,0.911,0.808,0.335,0.347,0.315,0.826,0.748,1.0,0.719,0.772,0.649
12,y1,0.49,0.316,0.776,0.878,0.743,0.616,0.639,0.681,0.69,0.415,0.782,0.89,0.719,1.0,0.66,0.729
12,y2,0.353,0.46,0.647,0.515,0.611,0.771,0.681,0.289,0.335,0.3,0.487,0.809,0.772,0.66,1.0,0.538
12,y3,0.426,0.503,0.799,0.61,0.839,0.614,0.769,0.669,0.595,0.416,0.795,0.643,0.649,0.729,0.538,1.0
13,.,1.0,0.744,0.689,0.695,0.402,0.126,0.375,0.796,0.751,0.698,0.358,0.212,0.162,0.44,0.296,0.386
13,A1_1,0.744,1.0,0.606,0.459,0.344,0.158,0.544,0.698,0.674,0.632,0.306,0.276,0.153,0.275,0.42,0.476
13,A1_2,0.689,0.606,1.0,0.743,0.882,0.648,0.887,0.768,0.651,0.486,0.829,0.647,0.752,0.764,0.635,0.789
13,A1_3,0.695,0.459,0.743,1.0,0.626,0.359,0.469,0.726,0.783,0.578,0.731,0.633,0.493,0.865,0.482,0.59
13,B1_1,0.402,0.344,0.882,0.626,1.0,0.837,0.858,0.517,0.485,0.397,0.922,0.641,0.872,0.732,0.61,0.823
13,B1_2,0.126,0.158,0.648,0.359,0.837,1.0,0.779,0.197,0.257,0.241,0.685,0.73,0.915,0.597,0.77,0.589
13,B1_3,0.375,0.544,0.887,0.469,0.858,0.779,1.0,0.59,0.472,0.305,0.77,0.707,0.815,0.636,0.685,0.76
13,A2_1,0.796,0.698,0.768,0.726,0.517,0.197,0.59,1.0,0.908,0.653,0.577,0.47,0.286,0.652,0.244,0.648
13,A2_2,0.751,0.674,0.651,0.783,0.485,0.257,0.472,0.908,1.0,0.855,0.595,0.506,0.307,0.664,0.3,0.576
13,A2_3,0.698,0.632,0.486,0.578,0.397,0.241,0.305,0.653,0.855,1.0,0.484,0.23,0.274,0.378,0.27,0.393
13,B2_1,0.358,0.306,0.829,0.731,0.922,0.685,0.77,0.577,0.595,0.484,1.0,0.625,0.826,0.774,0.485,0.785
13,B2_2,0.212,0.276,0.647,0.633,0.641,0.73,0.707,0.47,0.506,0.23,0.625,1.0,0.753,0.889,0.808,0.636
13,B2_3,0.162,0.153,0.752,0.493,0.872,0.915,0.815,0.286,0.307,0.274,0.826,0.753,1.0,0.706,0.774,0.629
13,y1,0.44,0.275,0.764,0.865,0.732,0.597,0.636,0.652,0.664,0.378,0.774,0.889,0.706,1.0,0.646,0.718
13,y2,0.296,0.42,0.635,0.482,0.61,0.77,0.685,0.244,0.3,0.27,0.485,0.808,0.774,0.646,1.0,0.521
13,y3,0.386,0.476,0.789,0.59,0.823,0.589,0.76,0.648,0.576,0.393,0.785,0.636,0.629,0.718,0.521,1.0
14,.,1.0,0.736,0.651,0.679,0.339,0.065,0.314,0.793,0.747,0.699,0.296,0.154,0.095,0.391,0.236,0.345
14,A1_1,0.736,1.0,0.58,0.443,0.295,0.106,0.497,0.696,0.673,0.635,0.261,0.233,0.101,0.235,0.378,0.449
14,A1_2,0.651,0.58,1.0,0.726,0.875,0.636,0.883,0.745,0.631,0.464,0.823,0.642,0.74,0.75,0.621,0.778
14,A1_3,0.679,0.443,0.726,1.0,0.589,0.308,0.441,0.722,0.778,0.564,0.699,0.605,0.448,0.849,0.444,0.567
14,B1_1,0.339,0.295,0.875,0.589,1.0,0.839,0.864,0.469,0.445,0.356,0.922,0.648,0.874,0.719,0.608,0.804
14,B1_2,0.065,0.106,0.636,0.308,0.839,1.0,0.783,0.143,0.213,0.204,0.683,0.729,0.918,0.578,0.768,0.563
14,B1_3,0.314,0.497,0.883,0.441,0.864,0.783,1.0,0.545,0.438,0.276,0.778,0.716,0.823,0.629,0.687,0.748
14,A2_1,0.793,0.696,0.745,0.722,0.469,0.143,0.545,1.0,0.907,0.653,0.535,0.428,0.231,0.622,0.199,0.626
14,A2_2,0.747,0.673,0.631,0.778,0.445,0.213,0.438,0.907,1.0,0.855,0.557,0.468,0.261,0.636,0.263,0.556
14,A2_3,0.699,0.635,0.464,0.564,0.356,0.204,0.276,0.653,0.855,1.0,0.44,0.194,0.228,0.343,0.239,0.37
14,B2_1,0.296,0.261,0.823,0.699,0.922,0.683,0.778,0.535,0.557,0.44,1.0,0.631,0.825,0.762,0.479,0.771
14,B2_2,0.154,0.233,0.642,0.605,0.648,0.729,0.716,0.428,0.468,0.194,0.631,1.0,0.758,0.886,0.808,0.627
14,B2_3,0.095,0.101,0.74,0.448,0.874,0.918,0.823,0.231,0.261,0.228,0.825,0.758,1.0,0.689,0.773,0.607
14,y1,0.391,0.235,0.75,0.849,0.719,0.578,0.629,0.622,0.636,0.343,0.762,0.886,0.689,1.0,0.631,0.707
14,y2,0.236,0.378,0.621,0.444,0.608,0.768,0.687,0.199,0.263,0.239,0.479,0.808,0.773,0.631,1.0,0.501
14,y3,0.345,0.449,0.778,0.567,0.804,0.563,0.748,0.626,0.556,0.37,0.771,0.627,0.607,0.707,0.501,1.0
15,.,1.0,0.729,0.609,0.667,0.27,0.001,0.246,0.79,0.744,0.701,0.228,0.091,0.024,0.339,0.173,0.303
15,A1_1,0.729,1.0,0.552,0.432,0.24,0.051,0.444,0.696,0.673,0.64,0.211,0.186,0.044,0.194,0.333,0.42
15,A1_2,0.609,0.552,1.0,0.705,0.867,0.622,0.878,0.719,0.61,0.44,0.816,0.636,0.727,0.734,0.607,0.765
15,A1_3,0.667,0.432,0.705,1.0,0.544,0.247,0.404,0.719,0.775,0.554,0.657,0.57,0.392,0.829,0.399,0.539
15,B1_1,0.27,0.24,0.867,0.544,1.0,0.841,0.87,0.415,0.399,0.308,0.921,0.655,0.877,0.702,0.605,0.781
15,B1_2,0.001,0.051,0.622,0.247,0.841,1.0,0.787,0.085,0.164,0.163,0.681,0.728,0.921,0.555,0.766,0.534
15,B1_3,0.246,0.444,0.878,0.404,0.87,0.787,1.0,0.493,0.399,0.241,0.787,0.725,0.83,0.619,0.689,0.733
15,A2_1,0.79,0.696,0.719,0.719,0.415,0.085,0.493,1.0,0.907,0.655,0.486,0.38,0.171,0.589,0.15,0.602
15,A2_2,0.744,0.673,0.61,0.775,0.399,0.164,0.399,0.907,1.0,0.856,0.513,0.425,0.21,0.606,0.223,0.535
15,A2_3,0.701,0.64,0.44,0.554,0.308,0.163,0.241,0.655,0.856,1.0,0.391,0.154,0.178,0.305,0.204,0.347
15,B2_1,0.228,0.211,0.816,0.657,0.921,0.681,0.787,0.486,0.513,0.391,1.0,0.636,0.825,0.747,0.472,0.755
15,B2_2,0.091,0.186,0.636,0.57,0.655,0.728,0.725,0.38,0.425,0.154,0.636,1.0,0.763,0.882,0.806,0.617
15,B2_3,0.024,0.044,0.727,0.392,0.877,0.921,0.83,0.171,0.21,0.178,0.825,0.763,1.0,0.67,0.771,0.582
15,y1,0.339,0.194,0.734,0.829,0.702,0.555,0.619,0.589,0.606,0.305,0.747,0.882,0.67,1.0,0.613,0.693
15,y2,0.173,0.333,0.607,0.399,0.605,0.766,0.689,0.15,0.223,0.204,0.472,0.806,0.771,0.613,1.0,0.48
15,y3,0.303,0.42,0.765,0.539,0.781,0.534,0.733,0.602,0.535,0.347,0.755,0.617,0.582,0.693,0.48,1.0
16,.,1.0,0.722,0.56,0.657,0.192,-0.07,0.166,0.785,0.739,0.703,0.15,0.017,-0.053,0.278,0.105,0.253
16,A1_1,0.722,1.0,0.518,0.419,0.176,-0.013,0.38,0.694,0.672,0.644,0.152,0.128,-0.02,0.142,0.281,0.384
16,A1_2,0.56,0.518,1.0,0.675,0.857,0.602,0.871,0.687,0.582,0.41,0.807,0.626,0.712,0.712,0.587,0.748
16,A1_3,0.657,0.419,0.675,1.0,0.484,0.174,0.351,0.717,0.771,0.543,0.604,0.522,0.324,0.802,0.342,0.504
16,B1_1,0.192,0.176,0.857,0.484,1.0,0.842,0.875,0.35,0.343,0.253,0.92,0.661,0.88,0.68,0.599,0.754
16,B1_2,-0.07,-0.013,0.602,0.174,0.842,1.0,0.787,0.015,0.105,0.115,0.677,0.723,0.922,0.526,0.762,0.499
16,B1_3,0.166,0.38,0.871,0.351,0.875,0.787,1.0,0.43,0.348,0.196,0.794,0.732,0.838,0.603,0.687,0.713
16,A2_1,0.785,0.694,0.687,0.717,0.35,0.015,0.43,1.0,0.906,0.656,0.428,0.322,0.103,0.549,0.09,0.572
16,A2_2,0.739,0.672,0.582,0.771,0.343,0.105,0.348,0.906,1.0,0.857,0.46,0.372,0.151,0.569,0.174,0.508
16,A2_3,0.703,0.644,0.41,0.543,0.253,0.115,0.196,0.656,0.857,1.0,0.334,0.104,0.12,0.26,0.164,0.318
16,B2_1,0.15,0.152,0.807,0.604,0.92,0.677,0.794,0.428,0.46,0.334,1.0,0.64,0.824,0.729,0.461,0.735
16,B2_2,0.017,0.128,0.626,0.522,0.661,0.723,0.732,0.322,0.372,0.104,0.64,1.0,0.767,0.877,0.802,0.601
16,B2_3,-0.053,-0.02,0.712,0.324,0.88,0.922,0.838,0.103,0.151,0.12,0.824,0.767,1.0,0.647,0.767,0.553
16,y1,0.278,0.142,0.712,0.802,0.68,0.526,0.603,0.549,0.569,0.26,0.729,0.877,0.647,1.0,0.59,0.674
16,y2,0.105,0.281,0.587,0.342,0.599,0.762,0.687,0.09,0.174,0.164,0.461,0.802,0.767,0.59,1.0,0.451
16,y3,0.253,0.384,0.748,0.504,0.754,0.499,0.713,0.572,0.508,0.318,0.735,0.601,0.553,0.674,0.451,1.0
17,.,1.0,0.719,0.51,0.654,0.109,-0.141,0.083,0.784,0.738,0.708,0.068,-0.059,-0.132,0.219,0.036,0.207
17,A1_1,0.719,1.0,0.483,0.417,0.108,-0.078,0.311,0.697,0.675,0.653,0.09,0.067,-0.087,0.093,0.228,0.351
17,A1_2,0.51,0.483,1.0,0.639,0.844,0.581,0.861,0.653,0.552,0.38,0.796,0.613,0.696,0.687,0.564,0.729
17,A1_3,0.654,0.417,0.639,1.0,0.409,0.087,0.287,0.719,0.771,0.539,0.536,0.462,0.244,0.768,0.277,0.463
17,B1_1,0.109,0.108,0.844,0.409,1.0,0.842,0.88,0.277,0.28,0.192,0.919,0.666,0.884,0.653,0.591,0.722
17,B1_2,-0.141,-0.078,0.581,0.087,0.842,1.0,0.789,-0.059,0.042,0.063,0.672,0.719,0.924,0.492,0.757,0.459
17,B1_3,0.083,0.311,0.861,0.287,0.88,0.789,1.0,0.36,0.292,0.147,0.801,0.74,0.846,0.584,0.684,0.689
17,A2_1,0.784,0.697,0.653,0.719,0.277,-0.059,0.36,1.0,0.907,0.661,0.363,0.257,0.03,0.506,0.029,0.542
17,A2_2,0.738,0.675,0.552,0.771,0.28,0.042,0.292,0.907,1.0,0.86,0.401,0.313,0.088,0.53,0.123,0.481
17,A2_3,0.708,0.653,0.38,0.539,0.192,0.063,0.147,0.661,0.86,1.0,0.272,0.051,0.059,0.214,0.122,0.291
17,B2_1,0.068,0.09,0.796,0.536,0.919,0.672,0.801,0.363,0.401,0.272,1.0,0.644,0.823,0.706,0.448,0.71
17,B2_2,-0.059,0.067,0.613,0.462,0.666,0.719,0.74,0.257,0.313,0.051,0.644,1.0,0.771,0.868,0.797,0.582
17,B2_3,-0.132,-0.087,0.696,0.244,0.884,0.924,0.846,0.03,0.088,0.059,0.823,0.771,1.0,0.62,0.761,0.519
17,y1,0.219,0.093,0.687,0.768,0.653,0.492,0.584,0.506,0.53,0.214,0.706,0.868,0.62,1.0,0.564,0.653
17,y2,0.036,0.228,0.564,0.277,0.591,0.757,0.684,0.029,0.123,0.122,0.448,0.797,0.761,0.564,1.0,0.419
17,y3,0.207,0.351,0.729,0.463,0.722,0.459,0.689,0.542,0.481,0.291,0.71,0.582,0.519,0.653,0.419,1.0
18,.,1.0,0.718,0.459,0.659,0.022,-0.213,-0.003,0.786,0.74,0.715,-0.017,-0.134,-0.21,0.164,-0.032,0.163
18,A1_1,0.718,1.0,0.446,0.423,0.033,-0.147,0.235,0.703,0.68,0.662,0.021,0.004,-0.157,0.046,0.173,0.319
18,A1_2,0.459,0.446,1.0,0.594,0.829,0.557,0.849,0.615,0.521,0.348,0.783,0.6,0.678,0.657,0.539,0.706
18,A1_3,0.659,0.423,0.594,1.0,0.318,-0.011,0.208,0.727,0.775,0.54,0.451,0.389,0.148,0.727,0.2,0.416
18,B1_1,0.022,0.033,0.829,0.318,1.0,0.843,0.886,0.198,0.21,0.125,0.917,0.672,0.888,0.619,0.581,0.682
18,B1_2,-0.213,-0.147,0.557,-0.011,0.843,1.0,0.791,-0.136,-0.026,0.004,0.669,0.717,0.925,0.454,0.75,0.414
18,B1_3,-0.003,0.235,0.849,0.208,0.886,0.791,1.0,0.282,0.228,0.092,0.809,0.748,0.854,0.558,0.679,0.659
18,A2_1,0.786,0.703,0.615,0.727,0.198,-0.136,0.282,1.0,0.908,0.669,0.291,0.188,-0.047,0.464,-0.035,0.511
18,A2_2,0.74,0.68,0.521,0.775,0.21,-0.026,0.228,0.908,1.0,0.863,0.334,0.25,0.018,0.49,0.068,0.454
18,A2_3,0.715,0.662,0.348,0.54,0.125,0.004,0.092,0.669,0.863,1.0,0.204,-0.005,-0.008,0.169,0.076,0.265
18,B2_1,-0.017,0.021,0.783,0.451,0.917,0.669,0.809,0.291,0.334,0.204,1.0,0.649,0.823,0.676,0.432,0.68
18,B2_2,-0.134,0.004,0.6,0.389,0.672,0.717,0.748,0.188,0.25,-0.005,0.649,1.0,0.776,0.857,0.793,0.56
18,B2_3,-0.21,-0.157,0.678,0.148,0.888,0.925,0.854,-0.047,0.018,-0.008,0.823,0.776,1.0,0.587,0.754,0.48
18,y1,0.164,0.046,0.657,0.727,0.619,0.454,0.558,0.464,0.49,0.169,0.676,0.857,0.587,1.0,0.534,0.629
18,y2,-0.032,0.173,0.539,0.2,0.581,0.75,0.679,-0.035,0.068,0.076,0.432,0.793,0.754,0.534,1.0,0.383
18,y3,0.163,0.319,0.706,0.416,0.682,0.414,0.659,0.511,0.454,0.265,0.68,0.56,0.48,0.629,0.383,1.0
19,.,1.0,0.719,0.404,0.672,-0.072,-0.287,-0.095,0.789,0.745,0.725,-0.108,-0.214,-0.291,0.108,-0.103,0.117
19,A1_1,0.719,1.0,0.404,0.436,-0.052,-0.222,0.149,0.712,0.688,0.673,-0.055,-0.066,-0.233,-0.004,0.112,0.283
19,A1_2,0.404,0.404,1.0,0.536,0.81,0.527,0.834,0.572,0.483,0.311,0.765,0.581,0.656,0.616,0.505,0.675
19,A1_3,0.672,0.436,0.536,1.0,0.204,-0.126,0.108,0.738,0.781,0.547,0.344,0.298,0.035,0.677,0.109,0.358
19,B1_1,-0.072,-0.052,0.81,0.204,1.0,0.843,0.891,0.106,0.128,0.047,0.915,0.678,0.892,0.574,0.566,0.633
19,B1_2,-0.287,-0.222,0.527,-0.126,0.843,1.0,0.791,-0.219,-0.1,-0.059,0.663,0.714,0.924,0.407,0.741,0.358
19,B1_3,-0.095,0.149,0.834,0.108,0.891,0.791,1.0,0.194,0.154,0.029,0.815,0.754,0.862,0.522,0.67,0.62
19,A2_1,0.789,0.712,0.572,0.738,0.106,-0.219,0.194,1.0,0.911,0.679,0.207,0.111,-0.131,0.418,-0.105,0.477
19,A2_2,0.745,0.688,0.483,0.781,0.128,-0.1,0.154,0.911,1.0,0.867,0.256,0.177,-0.059,0.447,0.006,0.423
19,A2_3,0.725,0.673,0.311,0.547,0.047,-0.059,0.029,0.679,0.867,1.0,0.128,-0.067,-0.08,0.121,0.024,0.236
19,B2_1,-0.108,-0.055,0.765,0.344,0.915,0.663,0.815,0.207,0.256,0.128,1.0,0.652,0.823,0.636,0.409,0.641
19,B2_2,-0.214,-0.066,0.581,0.298,0.678,0.714,0.754,0.111,0.177,-0.067,0.652,1.0,0.78,0.841,0.786,0.531
19,B2_3,-0.291,-0.233,0.656,0.035,0.892,0.924,0.862,-0.131,-0.059,-0.08,0.823,0.78,1.0,0.544,0.742,0.433
19,y1,0.108,-0.004,0.616,0.677,0.574,0.407,0.522,0.418,0.447,0.121,0.636,0.841,0.544,1.0,0.495,0.596
19,y2,-0.103,0.112,0.505,0.109,0.566,0.741,0.67,-0.105,0.006,0.024,0.409,0.786,0.742,0.495,1.0,0.335
19,y3,0.117,0.283,0.675,0.358,0.633,0.358,0.62,0.477,0.423,0.236,0.641,0.531,0.433,0.596,0.335,1.0
20,.,1.0,0.723,0.351,0.693,-0.165,-0.356,-0.186,0.795,0.753,0.736,-0.199,-0.291,-0.367,0.06,-0.168,0.076
20,A1_1,0.723,1.0,0.362,0.461,-0.14,-0.296,0.059,0.724,0.699,0.687,-0.135,-0.138,-0.31,-0.048,0.053,0.252
20,A1_2,0.351,0.362,1.0,0.466,0.786,0.492,0.816,0.526,0.443,0.273,0.744,0.56,0.632,0.566,0.465,0.638
20,A1_3,0.693,0.461,0.466,1.0,0.073,-0.247,-0.007,0.755,0.792,0.562,0.218,0.192,-0.091,0.619,0.011,0.296
20,B1_1,-0.165,-0.14,0.786,0.073,1.0,0.843,0.896,0.008,0.039,-0.035,0.913,0.684,0.897,0.518,0.547,0.572
20,B1_2,-0.356,-0.296,0.492,-0.247,0.843,1.0,0.791,-0.304,-0.177,-0.124,0.659,0.712,0.923,0.353,0.729,0.295
20,B1_3,-0.186,0.059,0.816,-0.007,0.896,0.791,1.0,0.1,0.073,-0.04,0.823,0.76,0.87,0.476,0.657,0.572
20,A2_1,0.795,0.724,0.526,0.755,0.008,-0.304,0.1,1.0,0.914,0.693,0.117,0.029,-0.217,0.374,-0.175,0.446
20,A2_2,0.753,0.699,0.443,0.792,0.039,-0.177,0.073,0.914,1.0,0.873,0.171,0.1,-0.139,0.406,-0.055,0.394
20,A2_3,0.736,0.687,0.273,0.562,-0.035,-0.124,-0.04,0.693,0.873,1.0,0.047,-0.132,-0.155,0.077,-0.027,0.21
20,B2_1,-0.199,-0.135,0.744,0.218,0.913,0.659,0.823,0.117,0.171,0.047,1.0,0.655,0.824,0.585,0.382,0.592
20,B2_2,-0.291,-0.138,0.56,0.192,0.684,0.712,0.76,0.029,0.1,-0.132,0.655,1.0,0.784,0.818,0.777,0.494
20,B2_3,-0.367,-0.31,0.632,-0.091,0.897,0.923,0.87,-0.217,-0.139,-0.155,0.824,0.784,1.0,0.492,0.727,0.376
20,y1,0.06,-0.048,0.566,0.619,0.518,0.353,0.476,0.374,0.406,0.077,0.585,0.818,0.492,1.0,0.45,0.559
20,y2,-0.168,0.053,0.465,0.011,0.547,0.729,0.657,-0.175,-0.055,-0.027,0.382,0.777,0.727,0.45,1.0,0.279
20,y3,0.076,0.252,0.638,0.296,0.572,0.295,0.572,0.446,0.394,0.21,0.592,0.494,0.376,0.559,0.279,1.0
21,.,1.0,0.729,0.306,0.718,-0.249,-0.411,-0.268,0.801,0.761,0.749,-0.284,-0.361,-0.431,0.022,-0.219,0.05
21,A1_1,0.729,1.0,0.328,0.495,-0.219,-0.359,-0.025,0.738,0.713,0.702,-0.209,-0.204,-0.375,-0.081,0.004,0.232
21,A1_2,0.306,0.328,1.0,0.395,0.761,0.462,0.795,0.482,0.407,0.24,0.721,0.539,0.609,0.512,0.428,0.597
21,A1_3,0.718,0.495,0.395,1.0,-0.06,-0.359,-0.122,0.773,0.803,0.582,0.085,0.08,-0.213,0.561,-0.08,0.244
21,B1_1,-0.249,-0.219,0.761,-0.06,1.0,0.846,0.901,-0.087,-0.047,-0.114,0.912,0.693,0.903,0.457,0.532,0.506
21,B1_2,-0.411,-0.359,0.462,-0.359,0.846,1.0,0.794,-0.38,-0.249,-0.186,0.66,0.713,0.923,0.3,0.721,0.235
21,B1_3,-0.268,-0.025,0.795,-0.122,0.901,0.794,1.0,0.007,-0.006,-0.106,0.831,0.769,0.879,0.425,0.646,0.518
21,A2_1,0.801,0.738,0.482,0.773,-0.087,-0.38,0.007,1.0,0.918,0.708,0.025,-0.052,-0.296,0.333,-0.236,0.419
21,A2_2,0.761,0.713,0.407,0.803,-0.047,-0.249,-0.006,0.918,1.0,0.879,0.085,0.023,-0.213,0.366,-0.111,0.371
21,A2_3,0.749,0.702,0.24,0.582,-0.114,-0.186,-0.106,0.708,0.879,1.0,-0.034,-0.195,-0.224,0.037,-0.071,0.193
21,B2_1,-0.284,-0.209,0.721,0.085,0.912,0.66,0.831,0.025,0.085,-0.034,1.0,0.663,0.827,0.529,0.361,0.537
21,B2_2,-0.361,-0.204,0.539,0.08,0.693,0.713,0.769,-0.052,0.023,-0.195,0.663,1.0,0.791,0.79,0.768,0.455
21,B2_3,-0.431,-0.375,0.609,-0.213,0.903,0.923,0.879,-0.296,-0.213,-0.224,0.827,0.791,1.0,0.438,0.713,0.318
21,y1,0.022,-0.081,0.512,0.561,0.457,0.3,0.425,0.333,0.366,0.037,0.529,0.79,0.438,1.0,0.407,0.522
21,y2,-0.219,0.004,0.428,-0.08,0.532,0.721,0.646,-0.236,-0.111,-0.071,0.361,0.768,0.713,0.407,1.0,0.229
21,y3,0.05,0.232,0.597,0.244,0.506,0.235,0.518,0.419,0.371,0.193,0.537,0.455,0.318,0.522,0.229,1.0
22,.,1.0,0.736,0.265,0.747,-0.328,-0.461,-0.344,0.809,0.772,0.762,-0.367,-0.425,-0.489,-0.005,-0.261,0.032
22,A1_1,0.736,1.0,0.296,0.536,-0.297,-0.417,-0.107,0.755,0.728,0.718,-0.283,-0.267,-0.437,-0.101,-0.039,0.22
22,A1_2,0.265,0.296,1.0,0.321,0.731,0.43,0.772,0.439,0.371,0.208,0.693,0.517,0.584,0.447,0.387,0.549
22,A1_3,0.747,0.536,0.321,1.0,-0.198,-0.466,-0.24,0.795,0.816,0.608,-0.058,-0.035,-0.334,0.505,-0.164,0.198
22,B1_1,-0.328,-0.297,0.731,-0.198,1.0,0.85,0.907,-0.183,-0.136,-0.194,0.911,0.705,0.909,0.384,0.514,0.427
22,B1_2,-0.461,-0.417,0.43,-0.466,0.85,1.0,0.798,-0.452,-0.319,-0.247,0.663,0.717,0.922,0.242,0.712,0.169
22,B1_3,-0.344,-0.107,0.772,-0.24,0.907,0.798,1.0,-0.086,-0.087,-0.173,0.84,0.779,0.888,0.364,0.631,0.455
22,A2_1,0.809,0.755,0.439,0.795,-0.183,-0.452,-0.086,1.0,0.922,0.725,-0.07,-0.132,-0.373,0.298,-0.291,0.398
22,A2_2,0.772,0.728,0.371,0.816,-0.136,-0.319,-0.087,0.922,1.0,0.885,-0.006,-0.054,-0.287,0.332,-0.162,0.353
22,A2_3,0.762,0.718,0.208,0.608,-0.194,-0.247,-0.173,0.725,0.885,1.0,-0.118,-0.256,-0.292,0.007,-0.112,0.182
22,B2_1,-0.367,-0.283,0.693,-0.058,0.911,0.663,0.84,-0.07,-0.006,-0.118,1.0,0.674,0.832,0.459,0.336,0.469
22,B2_2,-0.425,-0.267,0.517,-0.035,0.705,0.717,0.779,-0.132,-0.054,-0.256,0.674,1.0,0.798,0.754,0.757,0.41
22,B2_3,-0.489,-0.437,0.584,-0.334,0.909,0.922,0.888,-0.373,-0.287,-0.292,0.832,0.798,1.0,0.374,0.696,0.252
22,y1,-0.005,-0.101,0.447,0.505,0.384,0.242,0.364,0.298,0.332,0.007,0.459,0.754,0.374,1.0,0.362,0.483
22,y2,-0.261,-0.039,0.387,-0.164,0.514,0.712,0.631,-0.291,-0.162,-0.112,0.336,0.757,0.696,0.362,1.0,0.174
22,y3,0.032,0.22,0.549,0.198,0.427,0.169,0.455,0.398,0.353,0.182,0.469,0.41,0.252,0.483,0.174,1.0
23,.,1.0,0.746,0.232,0.775,-0.404,-0.508,-0.415,0.818,0.784,0.777,-0.446,-0.486,-0.543,-0.018,-0.296,0.03
23,A1_1,0.746,1.0,0.27,0.583,-0.372,-0.47,-0.187,0.773,0.746,0.736,-0.354,-0.327,-0.496,-0.103,-0.073,0.222
23,A1_2,0.232,0.27,1.0,0.247,0.696,0.394,0.744,0.399,0.337,0.179,0.659,0.489,0.555,0.367,0.338,0.492
23,A1_3,0.775,0.583,0.247,1.0,-0.336,-0.567,-0.356,0.818,0.831,0.637,-0.203,-0.152,-0.451,0.458,-0.238,0.169
23,B1_1,-0.404,-0.372,0.696,-0.336,1.0,0.855,0.913,-0.279,-0.228,-0.278,0.911,0.716,0.915,0.292,0.489,0.333
23,B1_2,-0.508,-0.47,0.394,-0.567,0.855,1.0,0.802,-0.52,-0.389,-0.311,0.668,0.722,0.922,0.169,0.697,0.094
23,B1_3,-0.415,-0.187,0.744,-0.356,0.913,0.802,1.0,-0.177,-0.169,-0.241,0.849,0.788,0.897,0.286,0.609,0.378
23,A2_1,0.818,0.773,0.399,0.818,-0.279,-0.52,-0.177,1.0,0.928,0.744,-0.165,-0.211,-0.448,0.276,-0.337,0.388
23,A2_2,0.784,0.746,0.337,0.831,-0.228,-0.389,-0.169,0.928,1.0,0.892,-0.1,-0.133,-0.362,0.306,-0.209,0.345
23,A2_3,0.777,0.736,0.179,0.637,-0.278,-0.311,-0.241,0.744,0.892,1.0,-0.204,-0.319,-0.362,-0.015,-0.15,0.181
23,B2_1,-0.446,-0.354,0.659,-0.203,0.911,0.668,0.849,-0.165,-0.1,-0.204,1.0,0.683,0.836,0.37,0.304,0.386
23,B2_2,-0.486,-0.327,0.489,-0.152,0.716,0.722,0.788,-0.211,-0.133,-0.319,0.683,1.0,0.805,0.704,0.743,0.354
23,B2_3,-0.543,-0.496,0.555,-0.451,0.915,0.922,0.897,-0.448,-0.362,-0.362,0.836,0.805,1.0,0.291,0.671,0.171
23,y1,-0.018,-0.103,0.367,0.458,0.292,0.169,0.286,0.276,0.306,-0.015,0.37,0.704,0.291,1.0,0.309,0.444
23,y2,-0.296,-0.073,0.338,-0.238,0.489,0.697,0.609,-0.337,-0.209,-0.15,0.304,0.743,0.671,0.309,1.0,0.114
23,y3,0.03,0.222,0.492,0.169,0.333,0.094,0.378,0.388,0.345,0.181,0.386,0.354,0.171,0.444,0.114,1.0
24,.,1.0,0.757,0.209,0.802,-0.468,-0.543,-0.476,0.827,0.798,0.793,-0.516,-0.537,-0.586,-0.01,-0.315,0.043
24,A1_1,0.757,1.0,0.253,0.631,-0.441,-0.519,-0.261,0.793,0.766,0.754,-0.421,-0.381,-0.548,-0.085,-0.097,0.237
24,A1_2,0.209,0.253,1.0,0.186,0.656,0.36,0.713,0.366,0.31,0.156,0.62,0.461,0.524,0.284,0.29,0.429
24,A1_3,0.802,0.631,0.186,1.0,-0.457,-0.646,-0.459,0.84,0.845,0.67,-0.336,-0.258,-0.551,0.431,-0.288,0.164
24,B1_1,-0.468,-0.441,0.656,-0.457,1.0,0.861,0.918,-0.367,-0.315,-0.356,0.911,0.729,0.922,0.19,0.463,0.228
24,B1_2,-0.543,-0.519,0.36,-0.646,0.861,1.0,0.808,-0.577,-0.453,-0.37,0.677,0.729,0.922,0.092,0.68,0.015
24,B1_3,-0.476,-0.261,0.713,-0.459,0.918,0.808,1.0,-0.262,-0.248,-0.308,0.858,0.798,0.905,0.196,0.585,0.289
24,A2_1,0.827,0.793,0.366,0.84,-0.367,-0.577,-0.262,1.0,0.935,0.766,-0.256,-0.284,-0.513,0.269,-0.369,0.39
24,A2_2,0.798,0.766,0.31,0.845,-0.315,-0.453,-0.248,0.935,1.0,0.9,-0.192,-0.208,-0.431,0.293,-0.245,0.348
24,A2_3,0.793,0.754,0.156,0.67,-0.356,-0.37,-0.308,0.766,0.9,1.0,-0.287,-0.378,-0.426,-0.019,-0.179,0.192
24,B2_1,-0.516,-0.421,0.62,-0.336,0.911,0.677,0.858,-0.256,-0.192,-0.287,1.0,0.697,0.842,0.268,0.272,0.292
24,B2_2,-0.537,-0.381,0.461,-0.258,0.729,0.729,0.798,-0.284,-0.208,-0.378,0.697,1.0,0.814,0.638,0.726,0.29
24,B2_3,-0.586,-0.548,0.524,-0.551,0.922,0.922,0.905,-0.513,-0.431,-0.426,0.842,0.814,1.0,0.199,0.643,0.083
24,y1,-0.01,-0.085,0.284,0.431,0.19,0.092,0.196,0.269,0.293,-0.019,0.268,0.638,0.199,1.0,0.26,0.413
24,y2,-0.315,-0.097,0.29,-0.288,0.463,0.68,0.585,-0.369,-0.245,-0.179,0.272,0.726,0.643,0.26,1.0,0.059
24,y3,0.043,0.237,0.429,0.164,0.228,0.015,0.289,0.39,0.348,0.192,0.292,0.29,0.083,0.413,0.059,1.0
25,.,1.0,0.768,0.195,0.824,-0.529,-0.578,-0.531,0.837,0.812,0.809,-0.583,-0.584,-0.626,0.014,-0.323,0.07
25,A1_1,0.768,1.0,0.245,0.678,-0.505,-0.562,-0.33,0.813,0.787,0.773,-0.483,-0.43,-0.595,-0.042,-0.107,0.269
25,A1_2,0.195,0.245,1.0,0.138,0.608,0.316,0.674,0.342,0.288,0.14,0.572,0.425,0.485,0.188,0.231,0.357
25,A1_3,0.824,0.678,0.138,1.0,-0.566,-0.714,-0.549,0.861,0.86,0.702,-0.459,-0.354,-0.638,0.425,-0.317,0.182
25,B1_1,-0.529,-0.505,0.608,-0.566,1.0,0.867,0.923,-0.451,-0.401,-0.434,0.911,0.741,0.928,0.067,0.424,0.105
25,B1_2,-0.578,-0.562,0.316,-0.714,0.867,1.0,0.814,-0.631,-0.516,-0.43,0.687,0.736,0.922,-0.0,0.654,-0.077
25,B1_3,-0.531,-0.33,0.674,-0.549,0.923,0.814,1.0,-0.343,-0.324,-0.372,0.868,0.807,0.912,0.088,0.549,0.184
25,A2_1,0.837,0.813,0.342,0.861,-0.451,-0.631,-0.343,1.0,0.942,0.788,-0.345,-0.352,-0.574,0.279,-0.387,0.405
25,A2_2,0.812,0.787,0.288,0.86,-0.401,-0.516,-0.324,0.942,1.0,0.908,-0.285,-0.281,-0.498,0.294,-0.27,0.363
25,A2_3,0.809,0.773,0.14,0.702,-0.434,-0.43,-0.372,0.788,0.908,1.0,-0.37,-0.435,-0.489,-0.005,-0.199,0.216
25,B2_1,-0.583,-0.483,0.572,-0.459,0.911,0.687,0.868,-0.345,-0.285,-0.37,1.0,0.709,0.848,0.144,0.231,0.179
