,,.,A1_1,A1_2,A1_3,B1_1,B1_2,B1_3,A2_1,A2_2,A2_3,B2_1,B2_2,B2_3,y1,y2,y3
0,.,1.0,-0.098,-0.21,0.816,-0.23,0.192,-0.045,-0.155,0.247,0.349,-0.266,0.196,-0.147,-0.376,-0.372,0.052
0,A1_1,-0.098,1.0,-0.152,-0.314,-0.155,-0.282,0.296,-0.352,-0.268,-0.126,0.634,0.379,0.309,0.136,-0.363,-0.456
0,A1_2,-0.21,-0.152,1.0,-0.253,-0.478,0.41,-0.13,0.703,0.157,-0.38,0.15,-0.348,-0.423,-0.043,0.782,0.571
0,A1_3,0.816,-0.314,-0.253,1.0,-0.228,0.026,-0.122,-0.276,0.507,0.458,-0.47,-0.043,-0.114,-0.396,-0.319,0.071
0,B1_1,-0.23,-0.155,-0.478,-0.228,1.0,-0.336,-0.303,-0.331,-0.295,-0.143,-0.406,0.4,0.4,0.432,-0.278,0.131
0,B1_2,0.192,-0.282,0.41,0.026,-0.336,1.0,0.025,0.277,-0.043,-0.4,0.36,0.292,0.026,-0.523,0.47,0.01
0,B1_3,-0.045,0.296,-0.13,-0.122,-0.303,0.025,1.0,-0.082,0.367,0.432,0.238,0.154,-0.061,-0.541,0.158,-0.277
0,A2_1,-0.155,-0.352,0.703,-0.276,-0.331,0.277,-0.082,1.0,0.001,0.076,0.126,-0.492,-0.466,0.275,0.676,0.517
0,A2_2,0.247,-0.268,0.157,0.507,-0.295,-0.043,0.367,0.001,1.0,0.567,-0.432,-0.156,-0.018,-0.43,0.12,0.172
0,A2_3,0.349,-0.126,-0.38,0.458,-0.143,-0.4,0.432,0.076,0.567,1.0,-0.301,-0.242,-0.077,-0.017,-0.255,-0.078
0,B2_1,-0.266,0.634,0.15,-0.47,-0.406,0.36,0.238,0.126,-0.432,-0.301,1.0,0.282,0.29,0.045,0.11,-0.487
0,B2_2,0.196,0.379,-0.348,-0.043,0.4,0.292,0.154,-0.492,-0.156,-0.242,0.282,1.0,0.669,-0.173,-0.26,-0.237
0,B2_3,-0.147,0.309,-0.423,-0.114,0.4,0.026,-0.061,-0.466,-0.018,-0.077,0.29,0.669,1.0,0.203,-0.472,-0.55
0,y1,-0.376,0.136,-0.043,-0.396,0.432,-0.523,-0.541,0.275,-0.43,-0.017,0.045,-0.173,0.203,1.0,-0.206,0.122
0,y2,-0.372,-0.363,0.782,-0.319,-0.278,0.47,0.158,0.676,0.12,-0.255,0.11,-0.26,-0.472,-0.206,1.0,0.605
0,y3,0.052,-0.456,0.571,0.071,0.131,0.01,-0.277,0.517,0.172,-0.078,-0.487,-0.237,-0.55,0.122,0.605,1.0
500,.,1.0,0.01,-0.007,0.679,-0.362,0.058,-0.38,-0.173,0.317,0.131,-0.213,0.147,-0.037,-0.091,0.088,0.003
500,A1_1,0.01,1.0,0.167,-0.077,-0.426,-0.153,0.301,-0.001,-0.008,0.069,0.445,0.142,-0.003,-0.238,-0.184,-0.441
500,A1_2,-0.007,0.167,1.0,-0.097,-0.636,0.23,-0.209,0.729,0.226,-0.124,0.001,-0.468,-0.622,0.206,0.638,0.408
500,A1_3,0.679,-0.077,-0.097,1.0,-0.377,-0.049,-0.067,-0.058,0.622,0.575,-0.526,-0.213,-0.342,-0.403,-0.313,-0.176
500,B1_1,-0.362,-0.426,-0.636,-0.377,1.0,-0.168,-0.11,-0.433,-0.521,-0.297,-0.169,0.444,0.473,0.218,-0.085,0.133
500,B1_2,0.058,-0.153,0.23,-0.049,-0.168,1.0,0.203,0.222,-0.228,-0.344,0.52,0.349,0.146,-0.564,-0.042,-0.341
500,B1_3,-0.38,0.301,-0.209,-0.067,-0.11,0.203,1.0,0.026,0.152,0.391,0.434,0.271,0.119,-0.463,-0.398,-0.521
500,A2_1,-0.173,-0.001,0.729,-0.058,-0.433,0.222,0.026,1.0,0.158,0.308,0.024,-0.513,-0.575,0.238,0.383,0.258
500,A2_2,0.317,-0.008,0.226,0.622,-0.521,-0.228,0.152,0.158,1.0,0.687,-0.518,-0.359,-0.281,-0.108,-0.059,0.005
500,A2_3,0.131,0.069,-0.124,0.575,-0.297,-0.344,0.391,0.308,0.687,1.0,-0.341,-0.346,-0.256,-0.066,-0.343,-0.193
500,B2_1,-0.213,0.445,0.001,-0.526,-0.169,0.52,0.434,0.024,-0.518,-0.341,1.0,0.408,0.416,-0.3,-0.174,-0.522
500,B2_2,0.147,0.142,-0.468,-0.213,0.444,0.349,0.271,-0.513,-0.359,-0.346,0.408,1.0,0.707,-0.307,-0.147,-0.374
500,B2_3,-0.037,-0.003,-0.622,-0.342,0.473,0.146,0.119,-0.575,-0.281,-0.256,0.416,0.707,1.0,-0.2,-0.435,-0.51
500,y1,-0.091,-0.238,0.206,-0.403,0.218,-0.564,-0.463,0.238,-0.108,-0.066,-0.3,-0.307,-0.2,1.0,0.714,0.829
500,y2,0.088,-0.184,0.638,-0.313,-0.085,-0.042,-0.398,0.383,-0.059,-0.343,-0.174,-0.147,-0.435,0.714,1.0,0.875
500,y3,0.003,-0.441,0.408,-0.176,0.133,-0.341,-0.521,0.258,0.005,-0.193,-0.522,-0.374,-0.51,0.829,0.875,1.0
1000,.,1.0,0.031,-0.016,0.654,-0.354,0.017,-0.389,-0.167,0.31,0.144,-0.211,0.14,-0.018,-0.041,0.09,-0.026
1000,A1_1,0.031,1.0,0.222,0.001,-0.451,-0.111,0.312,0.069,0.034,0.099,0.413,0.107,-0.048,-0.343,-0.193,-0.418
1000,A1_2,-0.016,0.222,1.0,-0.06,-0.663,0.217,-0.21,0.74,0.243,-0.103,-0.011,-0.465,-0.628,0.129,0.659,0.465
1000,A1_3,0.654,0.001,-0.06,1.0,-0.398,-0.053,-0.07,-0.02,0.64,0.591,-0.521,-0.227,-0.348,-0.374,-0.332,-0.225
1000,B1_1,-0.354,-0.451,-0.663,-0.398,1.0,-0.137,-0.082,-0.464,-0.549,-0.314,-0.125,0.47,0.494,0.225,-0.179,0.009
1000,B1_2,0.017,-0.111,0.217,-0.053,-0.137,1.0,0.24,0.23,-0.237,-0.329,0.538,0.355,0.157,-0.57,-0.052,-0.357
1000,B1_3,-0.389,0.312,-0.21,-0.07,-0.082,0.24,1.0,0.035,0.125,0.379,0.468,0.29,0.14,-0.451,-0.436,-0.533
1000,A2_1,-0.167,0.069,0.74,-0.02,-0.464,0.23,0.035,1.0,0.19,0.321,0.017,-0.495,-0.573,0.165,0.394,0.291
1000,A2_2,0.31,0.034,0.243,0.64,-0.549,-0.237,0.125,0.19,1.0,0.699,-0.521,-0.368,-0.296,-0.108,-0.048,0.044
1000,A2_3,0.144,0.099,-0.103,0.591,-0.314,-0.329,0.379,0.321,0.699,1.0,-0.343,-0.344,-0.266,-0.055,-0.342,-0.18
1000,B2_1,-0.211,0.413,-0.011,-0.521,-0.125,0.538,0.468,0.017,-0.521,-0.343,1.0,0.414,0.427,-0.339,-0.142,-0.481
1000,B2_2,0.14,0.107,-0.465,-0.227,0.47,0.355,0.29,-0.495,-0.368,-0.344,0.414,1.0,0.708,-0.275,-0.207,-0.438
1000,B2_3,-0.018,-0.048,-0.628,-0.348,0.494,0.157,0.14,-0.573,-0.296,-0.266,0.427,0.708,1.0,-0.217,-0.436,-0.523
1000,y1,-0.041,-0.343,0.129,-0.374,0.225,-0.57,-0.451,0.165,-0.108,-0.055,-0.339,-0.275,-0.217,1.0,0.717,0.857
1000,y2,0.09,-0.193,0.659,-0.332,-0.179,-0.052,-0.436,0.394,-0.048,-0.342,-0.142,-0.207,-0.436,0.717,1.0,0.887
1000,y3,-0.026,-0.418,0.465,-0.225,0.009,-0.357,-0.533,0.291,0.044,-0.18,-0.481,-0.438,-0.523,0.857,0.887,1.0
1500,.,1.0,0.048,-0.056,0.614,-0.331,-0.02,-0.38,-0.183,0.283,0.145,-0.19,0.145,0.02,-0.072,0.048,-0.031
1500,A1_1,0.048,1.0,0.241,0.039,-0.461,-0.107,0.301,0.111,0.036,0.102,0.401,0.086,-0.063,-0.416,-0.234,-0.407
1500,A1_2,-0.056,0.241,1.0,-0.038,-0.674,0.205,-0.21,0.744,0.243,-0.102,-0.014,-0.47,-0.626,0.155,0.584,0.481
1500,A1_3,0.614,0.039,-0.038,1.0,-0.422,-0.053,-0.065,0.017,0.657,0.607,-0.512,-0.241,-0.353,-0.411,-0.394,-0.25
1500,B1_1,-0.331,-0.461,-0.674,-0.422,1.0,-0.098,-0.055,-0.48,-0.562,-0.327,-0.094,0.493,0.511,0.204,-0.161,-0.061
1500,B1_2,-0.02,-0.107,0.205,-0.053,-0.098,1.0,0.286,0.238,-0.243,-0.318,0.546,0.368,0.174,-0.492,-0.126,-0.369
1500,B1_3,-0.38,0.301,-0.21,-0.065,-0.055,0.286,1.0,0.052,0.095,0.364,0.501,0.334,0.168,-0.428,-0.426,-0.538
1500,A2_1,-0.183,0.111,0.744,0.017,-0.48,0.238,0.052,1.0,0.207,0.326,0.018,-0.466,-0.563,0.178,0.301,0.305
1500,A2_2,0.283,0.036,0.243,0.657,-0.562,-0.243,0.095,0.207,1.0,0.703,-0.519,-0.379,-0.297,-0.123,-0.048,0.089
1500,A2_3,0.145,0.102,-0.102,0.607,-0.327,-0.318,0.364,0.326,0.703,1.0,-0.337,-0.334,-0.265,-0.081,-0.346,-0.142
1500,B2_1,-0.19,0.401,-0.014,-0.512,-0.094,0.546,0.501,0.018,-0.519,-0.337,1.0,0.427,0.436,-0.326,-0.135,-0.459
1500,B2_2,0.145,0.086,-0.47,-0.241,0.493,0.368,0.334,-0.466,-0.379,-0.334,0.427,1.0,0.711,-0.284,-0.217,-0.463
1500,B2_3,0.02,-0.063,-0.626,-0.353,0.511,0.174,0.168,-0.563,-0.297,-0.265,0.436,0.711,1.0,-0.258,-0.371,-0.497
1500,y1,-0.072,-0.416,0.155,-0.411,0.204,-0.492,-0.428,0.178,-0.123,-0.081,-0.326,-0.284,-0.258,1.0,0.798,0.896
1500,y2,0.048,-0.234,0.584,-0.394,-0.161,-0.126,-0.426,0.301,-0.048,-0.346,-0.135,-0.217,-0.371,0.798,1.0,0.912
1500,y3,-0.031,-0.407,0.481,-0.25,-0.061,-0.369,-0.538,0.305,0.089,-0.142,-0.459,-0.463,-0.497,0.896,0.912,1.0
2000,.,1.0,0.16,0.014,0.596,-0.381,-0.083,-0.384,-0.108,0.251,0.159,-0.193,0.085,-0.096,-0.114,0.09,-0.023
2000,A1_1,0.16,1.0,0.29,0.105,-0.491,-0.119,0.252,0.174,0.081,0.136,0.353,0.023,-0.118,-0.446,-0.248,-0.359
2000,A1_2,0.014,0.29,1.0,0.01,-0.686,0.179,-0.217,0.752,0.269,-0.066,-0.031,-0.478,-0.626,0.096,0.508,0.415
2000,A1_3,0.596,0.105,0.01,1.0,-0.457,-0.066,-0.088,0.068,0.672,0.624,-0.507,-0.278,-0.371,-0.445,-0.447,-0.301
2000,B1_1,-0.381,-0.491,-0.686,-0.457,1.0,-0.069,-0.024,-0.501,-0.579,-0.354,-0.065,0.509,0.522,0.2,-0.062,-0.034
2000,B1_2,-0.083,-0.119,0.179,-0.066,-0.069,1.0,0.316,0.231,-0.254,-0.302,0.568,0.39,0.207,-0.492,-0.165,-0.45
2000,B1_3,-0.384,0.252,-0.217,-0.088,-0.024,0.316,1.0,0.052,0.069,0.34,0.527,0.372,0.206,-0.315,-0.468,-0.516
2000,A2_1,-0.108,0.174,0.752,0.068,-0.501,0.231,0.052,1.0,0.239,0.354,0.011,-0.449,-0.549,0.109,0.245,0.226
2000,A2_2,0.251,0.081,0.269,0.672,-0.579,-0.254,0.069,0.239,1.0,0.714,-0.51,-0.394,-0.304,-0.106,-0.113,0.054
2000,A2_3,0.159,0.136,-0.066,0.624,-0.354,-0.302,0.34,0.354,0.714,1.0,-0.33,-0.339,-0.268,-0.07,-0.387,-0.154
2000,B2_1,-0.193,0.353,-0.031,-0.507,-0.065,0.568,0.527,0.011,-0.51,-0.33,1.0,0.455,0.463,-0.306,-0.154,-0.451
2000,B2_2,0.085,0.023,-0.478,-0.278,0.509,0.39,0.372,-0.449,-0.394,-0.339,0.455,1.0,0.72,-0.279,-0.147,-0.447
2000,B2_3,-0.096,-0.118,-0.626,-0.371,0.522,0.207,0.206,-0.549,-0.304,-0.268,0.463,0.72,1.0,-0.247,-0.284,-0.465
2000,y1,-0.114,-0.446,0.096,-0.445,0.2,-0.492,-0.315,0.109,-0.106,-0.07,-0.306,-0.279,-0.247,1.0,0.795,0.91
2000,y2,0.09,-0.248,0.508,-0.447,-0.062,-0.165,-0.468,0.245,-0.113,-0.387,-0.154,-0.147,-0.284,0.795,1.0,0.901
2000,y3,-0.023,-0.359,0.415,-0.301,-0.034,-0.45,-0.516,0.226,0.054,-0.154,-0.451,-0.447,-0.465,0.91,0.901,1.0
2500,.,1.0,0.18,0.014,0.582,-0.396,-0.151,-0.386,-0.092,0.265,0.193,-0.215,0.043,-0.138,-0.102,0.086,-0.021
2500,A1_1,0.18,1.0,0.316,0.146,-0.502,-0.153,0.195,0.203,0.107,0.158,0.302,-0.025,-0.16,-0.401,-0.168,-0.322
2500,A1_2,0.014,0.316,1.0,0.051,-0.693,0.158,-0.231,0.755,0.284,-0.041,-0.053,-0.482,-0.627,0.105,0.522,0.438
2500,A1_3,0.582,0.146,0.051,1.0,-0.472,-0.086,-0.113,0.11,0.687,0.634,-0.515,-0.304,-0.387,-0.491,-0.47,-0.335
2500,B1_1,-0.396,-0.502,-0.693,-0.472,1.0,-0.041,0.005,-0.51,-0.583,-0.366,-0.037,0.521,0.533,0.214,-0.083,-0.006
2500,B1_2,-0.151,-0.153,0.158,-0.086,-0.041,1.0,0.335,0.221,-0.261,-0.302,0.587,0.407,0.239,-0.473,-0.2,-0.403
2500,B1_3,-0.386,0.195,-0.231,-0.113,0.005,0.335,1.0,0.037,0.057,0.321,0.544,0.39,0.244,-0.322,-0.481,-0.542
2500,A2_1,-0.092,0.203,0.755,0.11,-0.51,0.221,0.037,1.0,0.251,0.373,-0.0,-0.443,-0.543,0.112,0.253,0.227
2500,A2_2,0.265,0.107,0.284,0.687,-0.583,-0.261,0.057,0.251,1.0,0.718,-0.509,-0.395,-0.3,-0.198,-0.166,-0.046
2500,A2_3,0.193,0.158,-0.041,0.634,-0.366,-0.302,0.321,0.373,0.718,1.0,-0.332,-0.345,-0.272,-0.128,-0.405,-0.242
2500,B2_1,-0.215,0.302,-0.053,-0.515,-0.037,0.587,0.544,-0.0,-0.509,-0.332,1.0,0.478,0.482,-0.279,-0.134,-0.435
2500,B2_2,0.043,-0.025,-0.482,-0.304,0.521,0.407,0.39,-0.443,-0.395,-0.345,0.478,1.0,0.73,-0.275,-0.181,-0.421
2500,B2_3,-0.138,-0.16,-0.627,-0.387,0.533,0.239,0.244,-0.543,-0.3,-0.272,0.482,0.73,1.0,-0.273,-0.315,-0.489
2500,y1,-0.102,-0.401,0.105,-0.491,0.214,-0.473,-0.322,0.112,-0.198,-0.128,-0.279,-0.275,-0.273,1.0,0.803,0.894
2500,y2,0.086,-0.168,0.522,-0.47,-0.083,-0.2,-0.481,0.253,-0.166,-0.405,-0.134,-0.181,-0.315,0.803,1.0,0.917
2500,y3,-0.021,-0.322,0.438,-0.335,-0.006,-0.403,-0.542,0.227,-0.046,-0.242,-0.435,-0.421,-0.489,0.894,0.917,1.0
3000,.,1.0,0.171,0.007,0.582,-0.386,-0.182,-0.393,-0.085,0.289,0.213,-0.238,0.034,-0.136,-0.033,0.089,-0.012
3000,A1_1,0.171,1.0,0.332,0.192,-0.512,-0.154,0.181,0.236,0.129,0.175,0.267,-0.045,-0.195,-0.331,-0.172,-0.276
3000,A1_2,0.007,0.332,1.0,0.08,-0.703,0.153,-0.236,0.745,0.292,-0.044,-0.062,-0.484,-0.633,0.183,0.536,0.421
3000,A1_3,0.582,0.192,0.08,1.0,-0.488,-0.094,-0.124,0.144,0.699,0.636,-0.516,-0.318,-0.397,-0.459,-0.447,-0.34
3000,B1_1,-0.386,-0.512,-0.703,-0.488,1.0,-0.033,0.016,-0.523,-0.588,-0.363,-0.027,0.526,0.537,0.141,-0.099,-0.019
3000,B1_2,-0.182,-0.154,0.153,-0.094,-0.033,1.0,0.34,0.214,-0.255,-0.304,0.593,0.411,0.249,-0.47,-0.188,-0.466
3000,B1_3,-0.393,0.181,-0.236,-0.124,0.016,0.34,1.0,0.043,0.054,0.314,0.549,0.396,0.258,-0.36,-0.471,-0.555
3000,A2_1,-0.085,0.236,0.745,0.144,-0.523,0.214,0.043,1.0,0.266,0.389,-0.01,-0.438,-0.55,0.17,0.263,0.226
3000,A2_2,0.289,0.129,0.292,0.699,-0.588,-0.255,0.054,0.266,1.0,0.712,-0.505,-0.39,-0.297,-0.207,-0.164,-0.056
3000,A2_3,0.213,0.175,-0.044,0.636,-0.363,-0.304,0.314,0.389,0.712,1.0,-0.336,-0.346,-0.275,-0.127,-0.397,-0.208
3000,B2_1,-0.238,0.267,-0.062,-0.516,-0.027,0.593,0.549,-0.01,-0.505,-0.336,1.0,0.486,0.489,-0.28,-0.141,-0.429
3000,B2_2,0.034,-0.045,-0.484,-0.318,0.526,0.411,0.396,-0.438,-0.39,-0.346,0.486,1.0,0.732,-0.306,-0.188,-0.458
3000,B2_3,-0.136,-0.195,-0.633,-0.397,0.537,0.249,0.258,-0.55,-0.297,-0.275,0.489,0.732,1.0,-0.348,-0.345,-0.481
3000,y1,-0.033,-0.331,0.183,-0.459,0.141,-0.47,-0.36,0.17,-0.207,-0.127,-0.28,-0.306,-0.348,1.0,0.838,0.931
3000,y2,0.089,-0.172,0.536,-0.447,-0.099,-0.188,-0.471,0.263,-0.164,-0.397,-0.141,-0.188,-0.345,0.838,1.0,0.907
3000,y3,-0.012,-0.276,0.421,-0.34,-0.019,-0.466,-0.555,0.226,-0.056,-0.208,-0.429,-0.458,-0.481,0.931,0.907,1.0
3500,.,1.0,0.187,0.019,0.594,-0.4,-0.208,-0.396,-0.061,0.316,0.238,-0.255,0.009,-0.15,-0.042,0.107,0.004
3500,A1_1,0.187,1.0,0.365,0.246,-0.539,-0.132,0.168,0.259,0.163,0.184,0.234,-0.065,-0.238,-0.36,-0.136,-0.243
3500,A1_2,0.019,0.365,1.0,0.107,-0.71,0.15,-0.231,0.746,0.312,-0.025,-0.076,-0.483,-0.64,0.182,0.523,0.464
3500,A1_3,0.594,0.246,0.107,1.0,-0.498,-0.095,-0.134,0.166,0.696,0.64,-0.515,-0.321,-0.4,-0.473,-0.443,-0.332
3500,B1_1,-0.4,-0.539,-0.71,-0.498,1.0,-0.028,0.021,-0.535,-0.596,-0.37,-0.019,0.528,0.539,0.151,-0.095,-0.052
3500,B1_2,-0.208,-0.132,0.15,-0.095,-0.028,1.0,0.344,0.217,-0.253,-0.292,0.596,0.413,0.253,-0.447,-0.208,-0.42
3500,B1_3,-0.396,0.168,-0.231,-0.134,0.021,0.344,1.0,0.051,0.055,0.313,0.554,0.399,0.265,-0.349,-0.487,-0.542
3500,A2_1,-0.061,0.259,0.746,0.166,-0.535,0.217,0.051,1.0,0.281,0.405,-0.021,-0.432,-0.562,0.169,0.26,0.257
3500,A2_2,0.316,0.163,0.312,0.696,-0.596,-0.253,0.055,0.281,1.0,0.714,-0.496,-0.385,-0.293,-0.223,-0.194,-0.082
3500,A2_3,0.238,0.184,-0.025,0.64,-0.37,-0.292,0.313,0.405,0.714,1.0,-0.341,-0.342,-0.281,-0.153,-0.408,-0.237
3500,B2_1,-0.255,0.234,-0.076,-0.515,-0.019,0.596,0.554,-0.021,-0.496,-0.341,1.0,0.491,0.493,-0.274,-0.134,-0.403
3500,B2_2,0.009,-0.065,-0.483,-0.321,0.528,0.413,0.399,-0.432,-0.385,-0.342,0.491,1.0,0.733,-0.294,-0.186,-0.452
3500,B2_3,-0.15,-0.238,-0.64,-0.4,0.539,0.253,0.265,-0.562,-0.293,-0.281,0.493,0.733,1.0,-0.352,-0.355,-0.528
3500,y1,-0.042,-0.36,0.182,-0.473,0.151,-0.447,-0.349,0.169,-0.223,-0.153,-0.274,-0.294,-0.352,1.0,0.845,0.924
3500,y2,0.107,-0.136,0.523,-0.443,-0.095,-0.208,-0.487,0.26,-0.194,-0.408,-0.134,-0.186,-0.355,0.845,1.0,0.922
3500,y3,0.004,-0.243,0.464,-0.332,-0.052,-0.42,-0.542,0.257,-0.082,-0.237,-0.403,-0.452,-0.528,0.924,0.922,1.0
4000,.,1.0,0.178,0.018,0.595,-0.392,-0.228,-0.399,-0.059,0.326,0.254,-0.277,-0.004,-0.165,0.017,0.114,0.033
4000,A1_1,0.178,1.0,0.382,0.29,-0.547,-0.119,0.162,0.273,0.173,0.196,0.209,-0.076,-0.272,-0.266,-0.136,-0.202
4000,A1_2,0.018,0.382,1.0,0.139,-0.72,0.152,-0.22,0.754,0.331,0.002,-0.078,-0.48,-0.642,0.206,0.505,0.475
4000,A1_3,0.595,0.29,0.139,1.0,-0.509,-0.082,-0.133,0.201,0.701,0.651,-0.506,-0.315,-0.4,-0.453,-0.434,-0.325
4000,B1_1,-0.392,-0.547,-0.72,-0.509,1.0,-0.023,0.022,-0.546,-0.606,-0.384,-0.014,0.531,0.541,0.102,-0.115,-0.087
4000,B1_2,-0.228,-0.119,0.152,-0.082,-0.023,1.0,0.346,0.233,-0.241,-0.279,0.598,0.416,0.255,-0.474,-0.233,-0.404
4000,B1_3,-0.399,0.162,-0.22,-0.133,0.022,0.346,1.0,0.066,0.056,0.313,0.557,0.4,0.267,-0.367,-0.45,-0.518
4000,A2_1,-0.059,0.273,0.754,0.201,-0.546,0.233,0.066,1.0,0.298,0.417,-0.024,-0.419,-0.571,0.177,0.253,0.261
4000,A2_2,0.326,0.173,0.331,0.701,-0.606,-0.241,0.056,0.298,1.0,0.721,-0.485,-0.38,-0.29,-0.253,-0.185,-0.101
4000,A2_3,0.254,0.196,0.002,0.651,-0.384,-0.279,0.313,0.417,0.721,1.0,-0.342,-0.338,-0.287,-0.165,-0.377,-0.247
4000,B2_1,-0.277,0.209,-0.078,-0.506,-0.014,0.598,0.557,-0.024,-0.485,-0.342,1.0,0.492,0.496,-0.263,-0.134,-0.376
4000,B2_2,-0.004,-0.076,-0.48,-0.315,0.531,0.416,0.4,-0.419,-0.38,-0.338,0.492,1.0,0.732,-0.317,-0.21,-0.452
4000,B2_3,-0.165,-0.272,-0.642,-0.4,0.541,0.255,0.267,-0.571,-0.29,-0.287,0.496,0.732,1.0,-0.411,-0.389,-0.565
4000,y1,0.017,-0.266,0.206,-0.453,0.102,-0.474,-0.367,0.177,-0.253,-0.165,-0.263,-0.317,-0.411,1.0,0.877,0.928
4000,y2,0.114,-0.136,0.505,-0.434,-0.115,-0.233,-0.45,0.253,-0.185,-0.377,-0.134,-0.21,-0.389,0.877,1.0,0.939
4000,y3,0.033,-0.202,0.475,-0.325,-0.087,-0.404,-0.518,0.261,-0.101,-0.247,-0.376,-0.452,-0.565,0.928,0.939,1.0
4500,.,1.0,0.119,0.026,0.582,-0.366,-0.21,-0.407,-0.05,0.317,0.244,-0.292,0.007,-0.162,0.036,0.148,0.114
4500,A1_1,0.119,1.0,0.407,0.327,-0.552,-0.122,0.154,0.301,0.185,0.223,0.181,-0.103,-0.305,-0.264,-0.128,-0.2
4500,A1_2,0.026,0.407,1.0,0.186,-0.735,0.149,-0.22,0.762,0.353,0.04,-0.083,-0.486,-0.644,0.208,0.455,0.411
4500,A1_3,0.582,0.327,0.186,1.0,-0.529,-0.074,-0.136,0.247,0.708,0.657,-0.495,-0.321,-0.403,-0.434,-0.429,-0.303
4500,B1_1,-0.366,-0.552,-0.735,-0.529,1.0,-0.013,0.025,-0.568,-0.614,-0.411,-0.006,0.536,0.544,0.027,-0.101,-0.081
4500,B1_2,-0.21,-0.122,0.149,-0.074,-0.013,1.0,0.349,0.242,-0.241,-0.271,0.6,0.42,0.258,-0.496,-0.257,-0.447
4500,B1_3,-0.407,0.154,-0.22,-0.136,0.025,0.349,1.0,0.075,0.05,0.308,0.56,0.401,0.268,-0.303,-0.445,-0.522
4500,A2_1,-0.05,0.301,0.762,0.247,-0.568,0.242,0.075,1.0,0.326,0.442,-0.024,-0.419,-0.575,0.163,0.201,0.204
4500,A2_2,0.317,0.185,0.353,0.708,-0.614,-0.241,0.05,0.326,1.0,0.734,-0.484,-0.388,-0.291,-0.162,-0.219,-0.095
4500,A2_3,0.244,0.223,0.04,0.657,-0.411,-0.271,0.308,0.442,0.734,1.0,-0.333,-0.345,-0.29,-0.106,-0.384,-0.222
4500,B2_1,-0.292,0.181,-0.083,-0.495,-0.006,0.6,0.56,-0.024,-0.484,-0.333,1.0,0.496,0.499,-0.263,-0.135,-0.397
4500,B2_2,0.007,-0.103,-0.486,-0.321,0.536,0.42,0.401,-0.419,-0.388,-0.345,0.496,1.0,0.733,-0.354,-0.208,-0.434
4500,B2_3,-0.162,-0.305,-0.644,-0.403,0.544,0.258,0.268,-0.575,-0.291,-0.29,0.499,0.733,1.0,-0.424,-0.407,-0.557
4500,y1,0.036,-0.264,0.208,-0.434,0.027,-0.496,-0.303,0.163,-0.162,-0.106,-0.263,-0.354,-0.424,1.0,0.88,0.938
4500,y2,0.148,-0.128,0.455,-0.429,-0.101,-0.257,-0.445,0.201,-0.219,-0.384,-0.135,-0.208,-0.407,0.88,1.0,0.943
4500,y3,0.114,-0.2,0.411,-0.303,-0.081,-0.447,-0.522,0.204,-0.095,-0.222,-0.397,-0.434,-0.557,0.938,0.943,1.0
5000,.,1.0,0.07,0.033,0.566,-0.351,-0.203,-0.423,-0.043,0.309,0.234,-0.307,0.014,-0.158,0.04,0.175,0.12
5000,A1_1,0.07,1.0,0.428,0.353,-0.553,-0.132,0.142,0.322,0.2,0.248,0.153,-0.138,-0.331,-0.294,-0.116,-0.218
5000,A1_2,0.033,0.428,1.0,0.218,-0.755,0.147,-0.22,0.77,0.374,0.082,-0.089,-0.495,-0.651,0.185,0.431,0.367
5000,A1_3,0.566,0.353,0.218,1.0,-0.534,-0.073,-0.149,0.274,0.707,0.66,-0.495,-0.327,-0.407,-0.444,-0.421,-0.316
5000,B1_1,-0.351,-0.553,-0.755,-0.534,1.0,-0.003,0.037,-0.586,-0.628,-0.43,0.008,0.541,0.549,0.041,-0.157,-0.108
5000,B1_2,-0.203,-0.132,0.147,-0.073,-0.003,1.0,0.349,0.243,-0.243,-0.263,0.6,0.422,0.259,-0.493,-0.315,-0.497
5000,B1_3,-0.423,0.142,-0.22,-0.149,0.037,0.349,1.0,0.079,0.031,0.297,0.568,0.398,0.269,-0.3,-0.441,-0.49
5000,A2_1,-0.043,0.322,0.77,0.274,-0.586,0.243,0.079,1.0,0.35,0.472,-0.029,-0.421,-0.578,0.149,0.181,0.17
5000,A2_2,0.309,0.2,0.374,0.707,-0.628,-0.243,0.031,0.35,1.0,0.742,-0.484,-0.402,-0.296,-0.148,-0.187,-0.047
5000,A2_3,0.234,0.248,0.082,0.66,-0.43,-0.263,0.297,0.472,0.742,1.0,-0.332,-0.352,-0.298,-0.103,-0.335,-0.173
5000,B2_1,-0.307,0.153,-0.089,-0.495,0.008,0.6,0.568,-0.029,-0.484,-0.332,1.0,0.497,0.5,-0.278,-0.13,-0.394
5000,B2_2,0.014,-0.138,-0.495,-0.327,0.541,0.422,0.398,-0.421,-0.402,-0.352,0.497,1.0,0.733,-0.337,-0.262,-0.461
5000,B2_3,-0.158,-0.331,-0.651,-0.407,0.549,0.259,0.269,-0.578,-0.296,-0.298,0.5,0.733,1.0,-0.402,-0.411,-0.526
5000,y1,0.04,-0.294,0.185,-0.444,0.041,-0.493,-0.3,0.149,-0.148,-0.103,-0.278,-0.337,-0.402,1.0,0.893,0.954
5000,y2,0.175,-0.116,0.431,-0.421,-0.157,-0.315,-0.441,0.181,-0.187,-0.335,-0.13,-0.262,-0.411,0.893,1.0,0.94
5000,y3,0.12,-0.218,0.367,-0.316,-0.108,-0.497,-0.49,0.17,-0.047,-0.173,-0.394,-0.461,-0.526,0.954,0.94,1.0
5500,.,1.0,0.052,0.049,0.551,-0.358,-0.202,-0.442,-0.031,0.311,0.229,-0.311,0.014,-0.155,0.071,0.211,0.156
5500,A1_1,0.052,1.0,0.442,0.374,-0.546,-0.138,0.146,0.334,0.209,0.259,0.129,-0.162,-0.353,-0.224,-0.098,-0.156
5500,A1_2,0.049,0.442,1.0,0.254,-0.775,0.147,-0.219,0.775,0.396,0.108,-0.094,-0.499,-0.656,0.169,0.417,0.366
5500,A1_3,0.551,0.374,0.254,1.0,-0.539,-0.069,-0.155,0.307,0.712,0.664,-0.498,-0.331,-0.415,-0.423,-0.4,-0.295
5500,B1_1,-0.358,-0.546,-0.775,-0.539,1.0,0.003,0.055,-0.601,-0.636,-0.435,0.022,0.543,0.551,0.023,-0.172,-0.152
5500,B1_2,-0.202,-0.138,0.147,-0.069,0.003,1.0,0.346,0.248,-0.243,-0.259,0.601,0.426,0.262,-0.534,-0.334,-0.527
5500,B1_3,-0.442,0.146,-0.219,-0.155,0.055,0.346,1.0,0.076,0.009,0.287,0.578,0.397,0.272,-0.324,-0.483,-0.517
5500,A2_1,-0.031,0.334,0.775,0.307,-0.601,0.248,0.076,1.0,0.369,0.488,-0.033,-0.422,-0.584,0.139,0.169,0.168
5500,A2_2,0.311,0.209,0.396,0.712,-0.636,-0.243,0.009,0.369,1.0,0.746,-0.489,-0.409,-0.302,-0.166,-0.187,-0.048
5500,A2_3,0.229,0.259,0.108,0.664,-0.435,-0.259,0.287,0.488,0.746,1.0,-0.335,-0.354,-0.305,-0.091,-0.33,-0.159
5500,B2_1,-0.311,0.129,-0.094,-0.498,0.022,0.601,0.578,-0.033,-0.489,-0.335,1.0,0.5,0.502,-0.28,-0.141,-0.383
5500,B2_2,0.014,-0.162,-0.499,-0.331,0.543,0.426,0.397,-0.422,-0.409,-0.354,0.5,1.0,0.733,-0.345,-0.268,-0.481
5500,B2_3,-0.155,-0.353,-0.656,-0.415,0.551,0.262,0.272,-0.584,-0.302,-0.305,0.502,0.733,1.0,-0.421,-0.408,-0.537
5500,y1,0.071,-0.224,0.169,-0.423,0.023,-0.534,-0.324,0.139,-0.166,-0.091,-0.28,-0.345,-0.421,1.0,0.888,0.949
5500,y2,0.211,-0.098,0.417,-0.4,-0.172,-0.334,-0.483,0.169,-0.187,-0.33,-0.141,-0.268,-0.408,0.888,1.0,0.944
5500,y3,0.156,-0.156,0.366,-0.295,-0.152,-0.527,-0.517,0.168,-0.048,-0.159,-0.383,-0.481,-0.537,0.949,0.944,1.0
6000,.,1.0,0.048,0.076,0.55,-0.384,-0.202,-0.459,-0.003,0.325,0.237,-0.307,-0.004,-0.156,0.117,0.247,0.194
6000,A1_1,0.048,1.0,0.457,0.388,-0.537,-0.144,0.148,0.341,0.213,0.265,0.109,-0.187,-0.37,-0.189,-0.122,-0.13
6000,A1_2,0.076,0.457,1.0,0.282,-0.79,0.15,-0.214,0.78,0.413,0.13,-0.099,-0.499,-0.66,0.17,0.342,0.314
6000,A1_3,0.55,0.388,0.282,1.0,-0.541,-0.065,-0.164,0.333,0.712,0.668,-0.5,-0.335,-0.42,-0.385,-0.397,-0.274
6000,B1_1,-0.384,-0.537,-0.79,-0.541,1.0,0.007,0.074,-0.613,-0.643,-0.436,0.038,0.541,0.55,-0.017,-0.161,-0.137
6000,B1_2,-0.202,-0.144,0.15,-0.065,0.007,1.0,0.343,0.258,-0.242,-0.253,0.603,0.432,0.264,-0.558,-0.395,-0.572
6000,B1_3,-0.459,0.148,-0.214,-0.164,0.074,0.343,1.0,0.075,-0.011,0.278,0.587,0.4,0.274,-0.348,-0.502,-0.542
6000,A2_1,-0.003,0.341,0.78,0.333,-0.613,0.258,0.075,1.0,0.386,0.5,-0.039,-0.417,-0.589,0.139,0.107,0.132
6000,A2_2,0.325,0.213,0.413,0.712,-0.643,-0.242,-0.011,0.386,1.0,0.751,-0.494,-0.409,-0.303,-0.135,-0.18,-0.056
6000,A2_3,0.237,0.265,0.13,0.668,-0.436,-0.253,0.278,0.5,0.751,1.0,-0.342,-0.352,-0.313,-0.065,-0.311,-0.145
6000,B2_1,-0.307,0.109,-0.099,-0.5,0.038,0.603,0.587,-0.039,-0.494,-0.342,1.0,0.511,0.505,-0.296,-0.162,-0.409
6000,B2_2,-0.004,-0.187,-0.499,-0.335,0.541,0.432,0.4,-0.417,-0.409,-0.352,0.511,1.0,0.737,-0.359,-0.276,-0.472
6000,B2_3,-0.156,-0.37,-0.66,-0.42,0.55,0.264,0.274,-0.589,-0.303,-0.313,0.505,0.737,1.0,-0.435,-0.379,-0.532
6000,y1,0.117,-0.189,0.17,-0.385,-0.017,-0.558,-0.348,0.139,-0.135,-0.065,-0.296,-0.359,-0.435,1.0,0.91,0.959
6000,y2,0.247,-0.122,0.342,-0.397,-0.161,-0.395,-0.502,0.107,-0.18,-0.311,-0.162,-0.276,-0.379,0.91,1.0,0.949
6000,y3,0.194,-0.13,0.314,-0.274,-0.137,-0.572,-0.542,0.132,-0.056,-0.145,-0.409,-0.472,-0.532,0.959,0.949,1.0
6500,.,1.0,0.051,0.085,0.544,-0.42,-0.201,-0.461,0.014,0.32,0.242,-0.304,-0.024,-0.166,0.14,0.264,0.228
6500,A1_1,0.051,1.0,0.476,0.41,-0.538,-0.15,0.136,0.357,0.234,0.275,0.085,-0.21,-0.391,-0.139,-0.129,-0.114
6500,A1_2,0.085,0.476,1.0,0.302,-0.795,0.152,-0.2,0.787,0.425,0.154,-0.096,-0.495,-0.658,0.166,0.285,0.281
6500,A1_3,0.544,0.41,0.302,1.0,-0.556,-0.064,-0.168,0.361,0.708,0.672,-0.498,-0.355,-0.434,-0.352,-0.408,-0.256
6500,B1_1,-0.42,-0.538,-0.795,-0.556,1.0,0.027,0.095,-0.623,-0.657,-0.454,0.06,0.539,0.547,-0.023,-0.147,-0.154
6500,B1_2,-0.201,-0.15,0.152,-0.064,0.027,1.0,0.346,0.271,-0.246,-0.235,0.605,0.447,0.276,-0.573,-0.413,-0.601
6500,B1_3,-0.461,0.136,-0.2,-0.168,0.095,0.346,1.0,0.086,-0.009,0.277,0.593,0.413,0.284,-0.374,-0.532,-0.561
6500,A2_1,0.014,0.357,0.787,0.361,-0.623,0.271,0.086,1.0,0.404,0.52,-0.037,-0.407,-0.591,0.141,0.042,0.095
6500,A2_2,0.32,0.234,0.425,0.708,-0.657,-0.246,-0.009,0.404,1.0,0.752,-0.492,-0.427,-0.311,-0.137,-0.218,-0.052
6500,A2_3,0.242,0.275,0.154,0.672,-0.454,-0.235,0.277,0.52,0.752,1.0,-0.333,-0.363,-0.326,-0.053,-0.341,-0.137
6500,B2_1,-0.304,0.085,-0.096,-0.498,0.06,0.605,0.593,-0.037,-0.492,-0.333,1.0,0.528,0.515,-0.32,-0.152,-0.417
6500,B2_2,-0.024,-0.21,-0.495,-0.355,0.539,0.447,0.413,-0.407,-0.427,-0.363,0.528,1.0,0.735,-0.348,-0.268,-0.477
6500,B2_3,-0.166,-0.391,-0.658,-0.434,0.547,0.276,0.284,-0.591,-0.311,-0.326,0.515,0.735,1.0,-0.45,-0.346,-0.523
6500,y1,0.14,-0.139,0.166,-0.352,-0.023,-0.573,-0.374,0.141,-0.137,-0.053,-0.32,-0.348,-0.45,1.0,0.896,0.955
6500,y2,0.264,-0.129,0.285,-0.408,-0.147,-0.413,-0.532,0.042,-0.218,-0.341,-0.152,-0.268,-0.346,0.896,1.0,0.943
6500,y3,0.228,-0.114,0.281,-0.256,-0.154,-0.601,-0.561,0.095,-0.052,-0.137,-0.417,-0.477,-0.523,0.955,0.943,1.0
7000,.,1.0,0.037,0.083,0.533,-0.46,-0.197,-0.472,0.015,0.314,0.232,-0.308,-0.043,-0.171,0.149,0.282,0.221
7000,A1_1,0.037,1.0,0.494,0.433,-0.55,-0.154,0.127,0.37,0.243,0.283,0.072,-0.229,-0.402,-0.199,-0.231,-0.206
7000,A1_2,0.083,0.494,1.0,0.328,-0.783,0.154,-0.169,0.793,0.439,0.174,-0.095,-0.485,-0.661,0.1,0.242,0.237
7000,A1_3,0.533,0.433,0.328,1.0,-0.602,-0.064,-0.177,0.383,0.707,0.672,-0.494,-0.373,-0.443,-0.381,-0.414,-0.288
7000,B1_1,-0.46,-0.55,-0.783,-0.602,1.0,0.084,0.131,-0.616,-0.688,-0.487,0.121,0.555,0.555,0.006,-0.126,-0.123
7000,B1_2,-0.197,-0.154,0.154,-0.064,0.084,1.0,0.363,0.278,-0.245,-0.233,0.606,0.467,0.28,-0.56,-0.388,-0.559
7000,B1_3,-0.472,0.127,-0.169,-0.177,0.131,0.363,1.0,0.107,-0.013,0.267,0.612,0.43,0.29,-0.372,-0.523,-0.551
7000,A2_1,0.015,0.37,0.793,0.383,-0.616,0.278,0.107,1.0,0.412,0.531,-0.032,-0.396,-0.593,0.062,0.005,0.049
7000,A2_2,0.314,0.243,0.439,0.707,-0.688,-0.245,-0.013,0.412,1.0,0.751,-0.488,-0.435,-0.313,-0.181,-0.188,-0.065
7000,A2_3,0.232,0.283,0.174,0.672,-0.487,-0.233,0.267,0.531,0.751,1.0,-0.33,-0.373,-0.331,-0.1,-0.342,-0.173
7000,B2_1,-0.308,0.072,-0.095,-0.494,0.121,0.606,0.612,-0.032,-0.488,-0.33,1.0,0.547,0.518,-0.313,-0.183,-0.426
7000,B2_2,-0.043,-0.229,-0.485,-0.373,0.555,0.467,0.43,-0.396,-0.435,-0.373,0.547,1.0,0.732,-0.321,-0.243,-0.44
7000,B2_3,-0.171,-0.402,-0.661,-0.443,0.555,0.28,0.29,-0.593,-0.313,-0.331,0.518,0.732,1.0,-0.431,-0.316,-0.496
7000,y1,0.149,-0.199,0.1,-0.381,0.006,-0.56,-0.372,0.062,-0.181,-0.1,-0.313,-0.321,-0.431,1.0,0.899,0.954
7000,y2,0.282,-0.231,0.242,-0.414,-0.126,-0.388,-0.523,0.005,-0.188,-0.342,-0.183,-0.243,-0.316,0.899,1.0,0.948
7000,y3,0.221,-0.206,0.237,-0.288,-0.123,-0.559,-0.551,0.049,-0.065,-0.173,-0.426,-0.44,-0.496,0.954,0.948,1.0
7500,.,1.0,0.003,0.094,0.495,-0.526,-0.197,-0.49,0.017,0.305,0.227,-0.313,-0.078,-0.176,0.23,0.321,0.286
7500,A1_1,0.003,1.0,0.516,0.462,-0.545,-0.158,0.129,0.406,0.263,0.302,0.065,-0.248,-0.412,-0.243,-0.265,-0.25
7500,A1_2,0.094,0.516,1.0,0.352,-0.753,0.158,-0.142,0.799,0.447,0.194,-0.081,-0.464,-0.66,0.072,0.184,0.163
7500,A1_3,0.495,0.462,0.352,1.0,-0.634,-0.062,-0.16,0.411,0.708,0.681,-0.482,-0.394,-0.454,-0.359,-0.423,-0.292
7500,B1_1,-0.526,-0.545,-0.753,-0.634,1.0,0.135,0.17,-0.6,-0.703,-0.521,0.161,0.553,0.543,-0.029,-0.114,-0.112
7500,B1_2,-0.197,-0.158,0.158,-0.062,0.135,1.0,0.367,0.287,-0.248,-0.233,0.609,0.49,0.284,-0.559,-0.407,-0.57
7500,B1_3,-0.49,0.129,-0.142,-0.16,0.17,0.367,1.0,0.142,0.002,0.268,0.613,0.448,0.294,-0.4,-0.516,-0.564
7500,A2_1,0.017,0.406,0.799,0.411,-0.6,0.287,0.142,1.0,0.423,0.543,-0.009,-0.38,-0.591,0.016,-0.049,-0.023
7500,A2_2,0.305,0.263,0.447,0.708,-0.703,-0.248,0.002,0.423,1.0,0.759,-0.482,-0.449,-0.32,-0.152,-0.196,-0.075
7500,A2_3,0.227,0.302,0.194,0.681,-0.521,-0.233,0.268,0.543,0.759,1.0,-0.326,-0.391,-0.336,-0.092,-0.33,-0.171
7500,B2_1,-0.313,0.065,-0.081,-0.482,0.161,0.609,0.613,-0.009,-0.482,-0.326,1.0,0.567,0.522,-0.346,-0.208,-0.447
7500,B2_2,-0.078,-0.248,-0.464,-0.394,0.553,0.49,0.448,-0.38,-0.449,-0.391,0.567,1.0,0.725,-0.317,-0.229,-0.411
7500,B2_3,-0.176,-0.412,-0.66,-0.454,0.543,0.284,0.294,-0.591,-0.32,-0.336,0.522,0.725,1.0,-0.425,-0.317,-0.468
7500,y1,0.23,-0.243,0.072,-0.359,-0.029,-0.559,-0.4,0.016,-0.152,-0.092,-0.346,-0.317,-0.425,1.0,0.923,0.966
7500,y2,0.321,-0.265,0.184,-0.423,-0.114,-0.407,-0.516,-0.049,-0.196,-0.33,-0.208,-0.229,-0.317,0.923,1.0,0.955
7500,y3,0.286,-0.25,0.163,-0.292,-0.112,-0.57,-0.564,-0.023,-0.075,-0.171,-0.447,-0.411,-0.468,0.966,0.955,1.0
8000,.,1.0,-0.037,0.094,0.487,-0.56,-0.201,-0.523,0.017,0.299,0.212,-0.327,-0.094,-0.184,0.252,0.328,0.249
8000,A1_1,-0.037,1.0,0.518,0.471,-0.511,-0.149,0.146,0.407,0.269,0.307,0.061,-0.254,-0.409,-0.252,-0.312,-0.197
8000,A1_2,0.094,0.518,1.0,0.371,-0.742,0.152,-0.138,0.801,0.462,0.205,-0.081,-0.463,-0.658,0.033,0.135,0.137
8000,A1_3,0.487,0.471,0.371,1.0,-0.648,-0.065,-0.167,0.424,0.704,0.678,-0.476,-0.408,-0.452,-0.365,-0.44,-0.317
8000,B1_1,-0.56,-0.511,-0.742,-0.648,1.0,0.171,0.227,-0.591,-0.717,-0.525,0.208,0.56,0.537,-0.056,-0.112,-0.126
8000,B1_2,-0.201,-0.149,0.152,-0.065,0.171,1.0,0.378,0.286,-0.259,-0.238,0.626,0.5,0.303,-0.593,-0.425,-0.616
8000,B1_3,-0.523,0.146,-0.138,-0.167,0.227,0.378,1.0,0.14,-0.015,0.252,0.625,0.452,0.308,-0.446,-0.528,-0.555
8000,A2_1,0.017,0.407,0.801,0.424,-0.591,0.286,0.14,1.0,0.433,0.549,-0.002,-0.373,-0.581,-0.017,-0.087,-0.051
8000,A2_2,0.299,0.269,0.462,0.704,-0.717,-0.259,-0.015,0.433,1.0,0.757,-0.478,-0.463,-0.321,-0.154,-0.2,-0.116
8000,A2_3,0.212,0.307,0.205,0.678,-0.525,-0.238,0.252,0.549,0.757,1.0,-0.324,-0.397,-0.331,-0.091,-0.335,-0.185
8000,B2_1,-0.327,0.061,-0.081,-0.476,0.208,0.626,0.625,-0.002,-0.478,-0.324,1.0,0.586,0.535,-0.353,-0.222,-0.424
8000,B2_2,-0.094,-0.254,-0.463,-0.408,0.56,0.5,0.452,-0.373,-0.463,-0.397,0.586,1.0,0.725,-0.32,-0.213,-0.433
8000,B2_3,-0.184,-0.409,-0.658,-0.452,0.537,0.303,0.308,-0.581,-0.321,-0.331,0.535,0.725,1.0,-0.397,-0.3,-0.49
8000,y1,0.252,-0.252,0.033,-0.365,-0.056,-0.593,-0.446,-0.017,-0.154,-0.091,-0.353,-0.32,-0.397,1.0,0.926,0.966
8000,y2,0.328,-0.312,0.135,-0.44,-0.112,-0.425,-0.528,-0.087,-0.2,-0.335,-0.222,-0.213,-0.3,0.926,1.0,0.946
8000,y3,0.249,-0.197,0.137,-0.317,-0.126,-0.616,-0.555,-0.051,-0.116,-0.185,-0.424,-0.433,-0.49,0.966,0.946,1.0
8500,.,1.0,-0.051,0.09,0.47,-0.569,-0.215,-0.526,0.012,0.289,0.206,-0.335,-0.096,-0.196,0.256,0.329,0.322
8500,A1_1,-0.051,1.0,0.534,0.493,-0.503,-0.151,0.144,0.424,0.289,0.32,0.047,-0.268,-0.415,-0.264,-0.308,-0.218
8500,A1_2,0.09,0.534,1.0,0.398,-0.736,0.136,-0.128,0.8,0.478,0.228,-0.083,-0.464,-0.666,0.027,0.076,0.134
8500,A1_3,0.47,0.493,0.398,1.0,-0.655,-0.08,-0.172,0.446,0.702,0.675,-0.478,-0.427,-0.468,-0.361,-0.448,-0.273
8500,B1_1,-0.569,-0.503,-0.736,-0.655,1.0,0.201,0.249,-0.584,-0.721,-0.534,0.228,0.569,0.544,-0.065,-0.111,-0.186
8500,B1_2,-0.215,-0.151,0.136,-0.08,0.201,1.0,0.396,0.275,-0.277,-0.242,0.642,0.515,0.313,-0.578,-0.473,-0.627
8500,B1_3,-0.526,0.144,-0.128,-0.172,0.249,0.396,1.0,0.144,-0.016,0.245,0.63,0.459,0.319,-0.419,-0.521,-0.59
8500,A2_1,0.012,0.424,0.8,0.446,-0.584,0.275,0.144,1.0,0.442,0.567,-0.003,-0.377,-0.583,-0.022,-0.139,-0.042
8500,A2_2,0.289,0.289,0.478,0.702,-0.721,-0.277,-0.016,0.442,1.0,0.76,-0.476,-0.475,-0.333,-0.149,-0.213,-0.057
8500,A2_3,0.206,0.32,0.228,0.675,-0.534,-0.242,0.245,0.567,0.76,1.0,-0.324,-0.409,-0.335,-0.084,-0.322,-0.136
8500,B2_1,-0.335,0.047,-0.083,-0.478,0.228,0.642,0.63,-0.003,-0.476,-0.324,1.0,0.595,0.542,-0.357,-0.225,-0.456
8500,B2_2,-0.096,-0.268,-0.464,-0.427,0.569,0.515,0.459,-0.377,-0.475,-0.409,0.595,1.0,0.724,-0.309,-0.226,-0.435
8500,B2_3,-0.196,-0.415,-0.666,-0.468,0.544,0.313,0.319,-0.583,-0.333,-0.335,0.542,0.724,1.0,-0.42,-0.294,-0.476
8500,y1,0.256,-0.264,0.027,-0.361,-0.065,-0.578,-0.419,-0.022,-0.149,-0.084,-0.357,-0.309,-0.42,1.0,0.935,0.967
8500,y2,0.329,-0.308,0.076,-0.448,-0.111,-0.473,-0.521,-0.139,-0.213,-0.322,-0.225,-0.226,-0.294,0.935,1.0,0.957
8500,y3,0.322,-0.218,0.134,-0.273,-0.186,-0.627,-0.59,-0.042,-0.057,-0.136,-0.456,-0.435,-0.476,0.967,0.957,1.0
9000,.,1.0,-0.061,0.093,0.439,-0.601,-0.223,-0.536,0.024,0.292,0.201,-0.336,-0.114,-0.2,0.287,0.388,0.303
9000,A1_1,-0.061,1.0,0.557,0.526,-0.497,-0.155,0.148,0.444,0.314,0.348,0.037,-0.277,-0.422,-0.262,-0.325,-0.258
9000,A1_2,0.093,0.557,1.0,0.415,-0.724,0.136,-0.1,0.802,0.479,0.243,-0.073,-0.462,-0.666,-0.033,0.018,0.1
9000,A1_3,0.439,0.526,0.415,1.0,-0.653,-0.079,-0.154,0.464,0.697,0.676,-0.461,-0.43,-0.474,-0.367,-0.444,-0.326
9000,B1_1,-0.601,-0.497,-0.724,-0.653,1.0,0.222,0.263,-0.576,-0.721,-0.536,0.244,0.572,0.544,-0.069,-0.131,-0.158
9000,B1_2,-0.223,-0.155,0.136,-0.079,0.222,1.0,0.404,0.275,-0.285,-0.24,0.647,0.522,0.319,-0.608,-0.502,-0.604
9000,B1_3,-0.536,0.148,-0.1,-0.154,0.263,0.404,1.0,0.162,-0.003,0.255,0.633,0.462,0.322,-0.441,-0.559,-0.586
9000,A2_1,0.024,0.444,0.802,0.464,-0.576,0.275,0.162,1.0,0.445,0.58,0.004,-0.376,-0.581,-0.068,-0.18,-0.073
9000,A2_2,0.292,0.314,0.479,0.697,-0.721,-0.285,-0.003,0.445,1.0,0.762,-0.468,-0.481,-0.333,-0.168,-0.21,-0.092
9000,A2_3,0.201,0.348,0.243,0.676,-0.536,-0.24,0.255,0.58,0.762,1.0,-0.311,-0.413,-0.337,-0.087,-0.312,-0.179
9000,B2_1,-0.336,0.037,-0.073,-0.461,0.244,0.647,0.633,0.004,-0.468,-0.311,1.0,0.6,0.547,-0.37,-0.253,-0.449
9000,B2_2,-0.114,-0.277,-0.462,-0.43,0.572,0.522,0.462,-0.376,-0.481,-0.413,0.6,1.0,0.723,-0.308,-0.224,-0.417
9000,B2_3,-0.2,-0.422,-0.666,-0.474,0.544,0.319,0.322,-0.581,-0.333,-0.337,0.547,0.723,1.0,-0.396,-0.263,-0.459
9000,y1,0.287,-0.262,-0.033,-0.367,-0.069,-0.608,-0.441,-0.068,-0.168,-0.087,-0.37,-0.308,-0.396,1.0,0.931,0.962
9000,y2,0.388,-0.325,0.018,-0.444,-0.131,-0.502,-0.559,-0.18,-0.21,-0.312,-0.253,-0.224,-0.263,0.931,1.0,0.959
9000,y3,0.303,-0.258,0.1,-0.326,-0.158,-0.604,-0.586,-0.073,-0.092,-0.179,-0.449,-0.417,-0.459,0.962,0.959,1.0
9500,.,1.0,-0.05,0.101,0.442,-0.637,-0.233,-0.555,0.032,0.3,0.202,-0.334,-0.14,-0.206,0.281,0.343,0.316
9500,A1_1,-0.05,1.0,0.571,0.543,-0.476,-0.143,0.157,0.446,0.32,0.356,0.021,-0.287,-0.43,-0.259,-0.31,-0.23
9500,A1_2,0.101,0.571,1.0,0.439,-0.715,0.131,-0.084,0.804,0.493,0.262,-0.077,-0.462,-0.667,-0.053,0.033,0.073
9500,A1_3,0.442,0.543,0.439,1.0,-0.653,-0.08,-0.156,0.48,0.697,0.679,-0.463,-0.441,-0.48,-0.371,-0.468,-0.308
9500,B1_1,-0.637,-0.476,-0.715,-0.653,1.0,0.251,0.302,-0.564,-0.726,-0.536,0.278,0.583,0.545,-0.097,-0.146,-0.179
9500,B1_2,-0.233,-0.143,0.131,-0.08,0.251,1.0,0.424,0.273,-0.288,-0.24,0.66,0.537,0.324,-0.621,-0.473,-0.622
9500,B1_3,-0.555,0.157,-0.084,-0.156,0.302,0.424,1.0,0.162,-0.016,0.237,0.643,0.46,0.32,-0.481,-0.548,-0.62
9500,A2_1,0.032,0.446,0.804,0.48,-0.564,0.273,0.162,1.0,0.45,0.587,0.0,-0.371,-0.582,-0.078,-0.159,-0.084
9500,A2_2,0.3,0.32,0.493,0.697,-0.726,-0.288,-0.016,0.45,1.0,0.761,-0.466,-0.49,-0.334,-0.181,-0.246,-0.124
9500,A2_3,0.202,0.356,0.262,0.679,-0.536,-0.24,0.237,0.587,0.761,1.0,-0.314,-0.424,-0.341,-0.098,-0.344,-0.188
9500,B2_1,-0.334,0.021,-0.077,-0.463,0.278,0.66,0.643,0.0,-0.466,-0.314,1.0,0.611,0.551,-0.366,-0.211,-0.456
9500,B2_2,-0.14,-0.287,-0.462,-0.441,0.583,0.537,0.46,-0.371,-0.49,-0.424,0.611,1.0,0.724,-0.313,-0.224,-0.409
9500,B2_3,-0.206,-0.43,-0.667,-0.48,0.545,0.324,0.32,-0.582,-0.334,-0.341,0.551,0.724,1.0,-0.374,-0.28,-0.464
9500,y1,0.281,-0.259,-0.053,-0.371,-0.097,-0.621,-0.481,-0.078,-0.181,-0.098,-0.366,-0.313,-0.374,1.0,0.928,0.967
9500,y2,0.343,-0.31,0.033,-0.468,-0.146,-0.473,-0.548,-0.159,-0.246,-0.344,-0.211,-0.224,-0.28,0.928,1.0,0.955
9500,y3,0.316,-0.23,0.073,-0.308,-0.179,-0.622,-0.62,-0.084,-0.124,-0.188,-0.456,-0.409,-0.464,0.967,0.955,1.0
10000,.,1.0,-0.056,0.103,0.432,-0.649,-0.232,-0.55,0.026,0.3,0.216,-0.334,-0.163,-0.207,0.263,0.372,0.317
10000,A1_1,-0.056,1.0,0.584,0.554,-0.468,-0.144,0.158,0.469,0.327,0.358,0.01,-0.3,-0.439,-0.315,-0.346,-0.244
10000,A1_2,0.103,0.584,1.0,0.459,-0.712,0.127,-0.08,0.803,0.496,0.267,-0.074,-0.458,-0.672,-0.068,-0.019,0.081
10000,A1_3,0.432,0.554,0.459,1.0,-0.65,-0.084,-0.157,0.497,0.701,0.681,-0.472,-0.456,-0.492,-0.398,-0.441,-0.309
10000,B1_1,-0.649,-0.468,-0.712,-0.65,1.0,0.253,0.303,-0.555,-0.724,-0.538,0.282,0.591,0.546,-0.064,-0.141,-0.207
10000,B1_2,-0.232,-0.144,0.127,-0.084,0.253,1.0,0.426,0.271,-0.292,-0.242,0.668,0.557,0.327,-0.582,-0.511,-0.621
10000,B1_3,-0.55,0.158,-0.08,-0.157,0.303,0.426,1.0,0.176,-0.017,0.232,0.646,0.466,0.322,-0.456,-0.565,-0.599
10000,A2_1,0.026,0.469,0.803,0.497,-0.555,0.271,0.176,1.0,0.452,0.593,0.006,-0.368,-0.585,-0.104,-0.204,-0.084
10000,A2_2,0.3,0.327,0.496,0.701,-0.724,-0.292,-0.017,0.452,1.0,0.762,-0.469,-0.502,-0.339,-0.196,-0.224,-0.088
10000,A2_3,0.216,0.358,0.267,0.681,-0.538,-0.242,0.232,0.593,0.762,1.0,-0.319,-0.438,-0.343,-0.124,-0.309,-0.163
10000,B2_1,-0.334,0.01,-0.074,-0.472,0.282,0.668,0.646,0.006,-0.469,-0.319,1.0,0.619,0.547,-0.359,-0.272,-0.444
10000,B2_2,-0.163,-0.3,-0.458,-0.456,0.591,0.557,0.466,-0.368,-0.502,-0.438,0.619,1.0,0.722,-0.287,-0.235,-0.424
10000,B2_3,-0.207,-0.439,-0.672,-0.492,0.546,0.327,0.322,-0.585,-0.339,-0.343,0.547,0.722,1.0,-0.371,-0.284,-0.457
10000,y1,0.263,-0.315,-0.068,-0.398,-0.064,-0.582,-0.456,-0.104,-0.196,-0.124,-0.359,-0.287,-0.371,1.0,0.948,0.966
10000,y2,0.372,-0.346,-0.019,-0.441,-0.141,-0.511,-0.565,-0.204,-0.224,-0.309,-0.272,-0.235,-0.284,0.948,1.0,0.968
10000,y3,0.317,-0.244,0.081,-0.309,-0.207,-0.621,-0.599,-0.084,-0.088,-0.163,-0.444,-0.424,-0.457,0.966,0.968,1.0
