,,.,A1_1,A1_2,A1_3,B1_1,B1_2,B1_3,A2_1,A2_2,A2_3,B2_1,B2_2,B2_3,y1,y2,y3
1,.,1.0,0.796,0.788,0.736,0.524,0.723,0.733,0.809,0.822,0.815,0.598,0.705,0.618,0.577,0.723,0.671
1,A1_1,0.796,1.0,0.695,0.659,0.55,0.677,0.594,0.689,0.738,0.71,0.703,0.684,0.643,0.676,0.754,0.595
1,A1_2,0.788,0.695,1.0,0.598,0.68,0.664,0.654,0.71,0.631,0.667,0.516,0.702,0.581,0.574,0.748,0.578
1,A1_3,0.736,0.659,0.598,1.0,0.649,0.697,0.692,0.64,0.708,0.641,0.591,0.621,0.674,0.783,0.708,0.554
1,B1_1,0.524,0.55,0.68,0.649,1.0,0.549,0.637,0.581,0.493,0.347,0.471,0.585,0.543,0.759,0.661,0.61
1,B1_2,0.723,0.677,0.664,0.697,0.549,1.0,0.648,0.632,0.604,0.603,0.522,0.687,0.68,0.641,0.671,0.571
1,B1_3,0.733,0.594,0.654,0.692,0.637,0.648,1.0,0.626,0.688,0.636,0.64,0.663,0.558,0.713,0.61,0.71
1,A2_1,0.809,0.689,0.71,0.64,0.581,0.632,0.626,1.0,0.67,0.716,0.586,0.789,0.684,0.565,0.678,0.711
1,A2_2,0.822,0.738,0.631,0.708,0.493,0.604,0.688,0.67,1.0,0.662,0.55,0.589,0.693,0.575,0.723,0.515
1,A2_3,0.815,0.71,0.667,0.641,0.347,0.603,0.636,0.716,0.662,1.0,0.589,0.746,0.576,0.514,0.676,0.654
1,B2_1,0.598,0.703,0.516,0.591,0.471,0.522,0.64,0.586,0.55,0.589,1.0,0.658,0.597,0.735,0.587,0.577
1,B2_2,0.705,0.684,0.702,0.621,0.585,0.687,0.663,0.789,0.589,0.746,0.658,1.0,0.72,0.589,0.777,0.744
1,B2_3,0.618,0.643,0.581,0.674,0.543,0.68,0.558,0.684,0.693,0.576,0.597,0.72,1.0,0.592,0.76,0.507
1,y1,0.577,0.676,0.574,0.783,0.759,0.641,0.713,0.565,0.575,0.514,0.735,0.589,0.592,1.0,0.688,0.59
1,y2,0.723,0.754,0.748,0.708,0.661,0.671,0.61,0.678,0.723,0.676,0.587,0.777,0.76,0.688,1.0,0.655
1,y3,0.671,0.595,0.578,0.554,0.61,0.571,0.71,0.711,0.515,0.654,0.577,0.744,0.507,0.59,0.655,1.0
2,.,1.0,0.799,0.793,0.742,0.536,0.726,0.731,0.811,0.824,0.813,0.602,0.705,0.625,0.585,0.724,0.667
2,A1_1,0.799,1.0,0.7,0.664,0.556,0.677,0.599,0.693,0.743,0.713,0.701,0.683,0.642,0.677,0.751,0.594
2,A1_2,0.793,0.7,1.0,0.606,0.686,0.668,0.663,0.713,0.637,0.672,0.525,0.705,0.586,0.583,0.747,0.582
2,A1_3,0.742,0.664,0.606,1.0,0.657,0.702,0.7,0.644,0.713,0.645,0.599,0.625,0.679,0.788,0.707,0.559
2,B1_1,0.536,0.556,0.686,0.657,1.0,0.56,0.656,0.587,0.501,0.36,0.492,0.596,0.556,0.767,0.661,0.623
2,B1_2,0.726,0.677,0.668,0.702,0.56,1.0,0.661,0.633,0.606,0.606,0.535,0.692,0.686,0.65,0.672,0.578
2,B1_3,0.731,0.599,0.663,0.7,0.656,0.661,1.0,0.63,0.687,0.638,0.656,0.674,0.575,0.729,0.616,0.719
2,A2_1,0.811,0.693,0.713,0.644,0.587,0.633,0.63,1.0,0.673,0.717,0.589,0.789,0.685,0.571,0.678,0.71
2,A2_2,0.824,0.743,0.637,0.713,0.501,0.606,0.687,0.673,1.0,0.665,0.553,0.592,0.695,0.58,0.723,0.515
2,A2_3,0.813,0.713,0.672,0.645,0.36,0.606,0.638,0.717,0.665,1.0,0.592,0.747,0.578,0.523,0.678,0.653
2,B2_1,0.602,0.701,0.525,0.599,0.492,0.535,0.656,0.589,0.553,0.592,1.0,0.666,0.608,0.744,0.588,0.588
2,B2_2,0.705,0.683,0.705,0.625,0.596,0.692,0.674,0.789,0.592,0.747,0.666,1.0,0.725,0.6,0.778,0.748
2,B2_3,0.625,0.642,0.586,0.679,0.556,0.686,0.575,0.685,0.695,0.578,0.608,0.725,1.0,0.602,0.759,0.515
2,y1,0.585,0.677,0.583,0.788,0.767,0.65,0.729,0.571,0.58,0.523,0.744,0.6,0.602,1.0,0.687,0.602
2,y2,0.724,0.751,0.747,0.707,0.661,0.672,0.616,0.678,0.723,0.678,0.588,0.778,0.759,0.687,1.0,0.657
2,y3,0.667,0.594,0.582,0.559,0.623,0.578,0.719,0.71,0.515,0.653,0.588,0.748,0.515,0.602,0.657,1.0
3,.,1.0,0.806,0.801,0.751,0.553,0.733,0.733,0.816,0.829,0.815,0.611,0.708,0.637,0.597,0.728,0.669
3,A1_1,0.806,1.0,0.711,0.676,0.569,0.684,0.613,0.702,0.753,0.722,0.705,0.689,0.649,0.684,0.753,0.602
3,A1_2,0.801,0.711,1.0,0.622,0.697,0.679,0.679,0.721,0.65,0.683,0.544,0.715,0.6,0.599,0.751,0.594
3,A1_3,0.751,0.676,0.622,1.0,0.67,0.712,0.714,0.654,0.723,0.656,0.614,0.638,0.69,0.795,0.712,0.571
3,B1_1,0.553,0.569,0.697,0.67,1.0,0.582,0.681,0.6,0.515,0.381,0.522,0.617,0.581,0.78,0.667,0.642
3,B1_2,0.733,0.684,0.679,0.712,0.582,1.0,0.681,0.642,0.615,0.616,0.558,0.704,0.7,0.667,0.68,0.594
3,B1_3,0.733,0.613,0.679,0.714,0.681,0.681,1.0,0.641,0.691,0.646,0.678,0.693,0.601,0.748,0.63,0.732
3,A2_1,0.816,0.702,0.721,0.654,0.6,0.642,0.641,1.0,0.681,0.723,0.6,0.792,0.691,0.585,0.684,0.714
3,A2_2,0.829,0.753,0.65,0.723,0.515,0.615,0.691,0.681,1.0,0.673,0.561,0.601,0.7,0.59,0.726,0.521
3,A2_3,0.815,0.722,0.683,0.656,0.381,0.616,0.646,0.723,0.673,1.0,0.602,0.751,0.588,0.538,0.684,0.657
3,B2_1,0.611,0.705,0.544,0.614,0.522,0.558,0.678,0.6,0.561,0.602,1.0,0.683,0.628,0.758,0.597,0.606
3,B2_2,0.708,0.689,0.715,0.638,0.617,0.704,0.693,0.792,0.601,0.751,0.683,1.0,0.737,0.62,0.784,0.758
3,B2_3,0.637,0.649,0.6,0.69,0.581,0.7,0.601,0.691,0.7,0.588,0.628,0.737,1.0,0.621,0.762,0.534
3,y1,0.597,0.684,0.599,0.795,0.78,0.667,0.748,0.585,0.59,0.538,0.758,0.62,0.621,1.0,0.693,0.62
3,y2,0.728,0.753,0.751,0.712,0.667,0.68,0.63,0.684,0.726,0.684,0.597,0.784,0.762,0.693,1.0,0.665
3,y3,0.669,0.602,0.594,0.571,0.642,0.594,0.732,0.714,0.521,0.657,0.606,0.758,0.534,0.62,0.665,1.0
4,.,1.0,0.812,0.807,0.758,0.565,0.738,0.733,0.821,0.834,0.816,0.619,0.711,0.648,0.606,0.731,0.667
4,A1_1,0.812,1.0,0.723,0.689,0.582,0.691,0.626,0.713,0.762,0.732,0.709,0.696,0.657,0.69,0.755,0.608
4,A1_2,0.807,0.723,1.0,0.638,0.707,0.691,0.694,0.731,0.663,0.694,0.564,0.725,0.617,0.615,0.755,0.605
4,A1_3,0.758,0.689,0.638,1.0,0.683,0.723,0.727,0.666,0.732,0.667,0.63,0.652,0.703,0.801,0.717,0.583
4,B1_1,0.565,0.582,0.707,0.683,1.0,0.605,0.705,0.612,0.527,0.401,0.553,0.639,0.607,0.793,0.675,0.659
4,B1_2,0.738,0.691,0.691,0.723,0.605,1.0,0.701,0.652,0.624,0.625,0.583,0.719,0.716,0.684,0.689,0.61
4,B1_3,0.733,0.626,0.694,0.727,0.705,0.701,1.0,0.653,0.694,0.654,0.7,0.713,0.629,0.767,0.644,0.744
4,A2_1,0.821,0.713,0.731,0.666,0.612,0.652,0.653,1.0,0.691,0.73,0.612,0.795,0.699,0.598,0.69,0.718
4,A2_2,0.834,0.762,0.663,0.732,0.527,0.624,0.694,0.691,1.0,0.682,0.57,0.611,0.705,0.599,0.729,0.527
4,A2_3,0.816,0.732,0.694,0.667,0.401,0.625,0.654,0.73,0.682,1.0,0.611,0.755,0.598,0.552,0.691,0.661
4,B2_1,0.619,0.709,0.564,0.63,0.553,0.583,0.7,0.612,0.57,0.611,1.0,0.701,0.651,0.772,0.609,0.623
4,B2_2,0.711,0.696,0.725,0.652,0.639,0.719,0.713,0.795,0.611,0.755,0.701,1.0,0.752,0.642,0.79,0.768
4,B2_3,0.648,0.657,0.617,0.703,0.607,0.716,0.629,0.699,0.705,0.598,0.651,0.752,1.0,0.643,0.766,0.555
4,y1,0.606,0.69,0.615,0.801,0.793,0.684,0.767,0.598,0.599,0.552,0.772,0.642,0.643,1.0,0.701,0.639
4,y2,0.731,0.755,0.755,0.717,0.675,0.689,0.644,0.69,0.729,0.691,0.609,0.79,0.766,0.701,1.0,0.675
4,y3,0.667,0.608,0.605,0.583,0.659,0.61,0.744,0.718,0.527,0.661,0.623,0.768,0.555,0.639,0.675,1.0
5,.,1.0,0.815,0.812,0.763,0.57,0.738,0.73,0.825,0.838,0.818,0.62,0.71,0.653,0.607,0.73,0.663
5,A1_1,0.815,1.0,0.734,0.7,0.59,0.697,0.637,0.723,0.771,0.741,0.712,0.701,0.663,0.693,0.757,0.613
5,A1_2,0.812,0.734,1.0,0.653,0.715,0.702,0.708,0.74,0.675,0.705,0.58,0.735,0.632,0.628,0.759,0.613
5,A1_3,0.763,0.7,0.653,1.0,0.692,0.733,0.737,0.677,0.739,0.677,0.643,0.665,0.714,0.805,0.722,0.592
5,B1_1,0.57,0.59,0.715,0.692,1.0,0.626,0.725,0.62,0.534,0.416,0.581,0.659,0.632,0.804,0.682,0.674
5,B1_2,0.738,0.697,0.702,0.733,0.626,1.0,0.72,0.66,0.629,0.633,0.606,0.733,0.732,0.699,0.697,0.624
5,B1_3,0.73,0.637,0.708,0.737,0.725,0.72,1.0,0.662,0.695,0.659,0.72,0.732,0.655,0.782,0.656,0.753
5,A2_1,0.825,0.723,0.74,0.677,0.62,0.66,0.662,1.0,0.701,0.737,0.62,0.798,0.705,0.607,0.695,0.72
5,A2_2,0.838,0.771,0.675,0.739,0.534,0.629,0.695,0.701,1.0,0.691,0.576,0.618,0.706,0.603,0.73,0.53
5,A2_3,0.818,0.741,0.705,0.677,0.416,0.633,0.659,0.737,0.691,1.0,0.617,0.756,0.605,0.562,0.696,0.662
5,B2_1,0.62,0.712,0.58,0.643,0.581,0.606,0.72,0.62,0.576,0.617,1.0,0.717,0.672,0.784,0.619,0.638
5,B2_2,0.71,0.701,0.735,0.665,0.659,0.733,0.732,0.798,0.618,0.756,0.717,1.0,0.766,0.661,0.796,0.777
5,B2_3,0.653,0.663,0.632,0.714,0.632,0.732,0.655,0.705,0.706,0.605,0.672,0.766,1.0,0.662,0.77,0.573
5,y1,0.607,0.693,0.628,0.805,0.804,0.699,0.782,0.607,0.603,0.562,0.784,0.661,0.662,1.0,0.708,0.653
5,y2,0.73,0.757,0.759,0.722,0.682,0.697,0.656,0.695,0.73,0.696,0.619,0.796,0.77,0.708,1.0,0.683
5,y3,0.663,0.613,0.613,0.592,0.674,0.624,0.753,0.72,0.53,0.662,0.638,0.777,0.573,0.653,0.683,1.0
6,.,1.0,0.816,0.812,0.764,0.566,0.734,0.722,0.826,0.839,0.817,0.615,0.703,0.65,0.599,0.724,0.652
6,A1_1,0.816,1.0,0.742,0.707,0.591,0.698,0.641,0.729,0.777,0.748,0.71,0.701,0.663,0.692,0.756,0.611
6,A1_2,0.812,0.742,1.0,0.664,0.718,0.709,0.716,0.747,0.684,0.712,0.592,0.741,0.642,0.636,0.761,0.615
6,A1_3,0.764,0.707,0.664,1.0,0.697,0.739,0.744,0.684,0.743,0.683,0.652,0.674,0.721,0.806,0.724,0.595
6,B1_1,0.566,0.591,0.718,0.697,1.0,0.643,0.742,0.622,0.534,0.423,0.604,0.676,0.653,0.812,0.686,0.683
6,B1_2,0.734,0.698,0.709,0.739,0.643,1.0,0.735,0.664,0.63,0.634,0.625,0.745,0.745,0.711,0.701,0.632
6,B1_3,0.722,0.641,0.716,0.744,0.742,0.735,1.0,0.666,0.692,0.659,0.736,0.747,0.676,0.794,0.664,0.758
6,A2_1,0.826,0.729,0.747,0.684,0.622,0.664,0.666,1.0,0.707,0.741,0.624,0.796,0.706,0.61,0.697,0.717
6,A2_2,0.839,0.777,0.684,0.743,0.534,0.63,0.692,0.707,1.0,0.697,0.576,0.619,0.702,0.601,0.727,0.526
6,A2_3,0.817,0.748,0.712,0.683,0.423,0.634,0.659,0.741,0.697,1.0,0.617,0.753,0.606,0.565,0.697,0.658
6,B2_1,0.615,0.71,0.592,0.652,0.604,0.625,0.736,0.624,0.576,0.617,1.0,0.731,0.689,0.793,0.626,0.647
6,B2_2,0.703,0.701,0.741,0.674,0.676,0.745,0.747,0.796,0.619,0.753,0.731,1.0,0.778,0.676,0.8,0.782
6,B2_3,0.65,0.663,0.642,0.721,0.653,0.745,0.676,0.706,0.702,0.606,0.689,0.778,1.0,0.677,0.771,0.584
6,y1,0.599,0.692,0.636,0.806,0.812,0.711,0.794,0.61,0.601,0.565,0.793,0.676,0.677,1.0,0.713,0.662
6,y2,0.724,0.756,0.761,0.724,0.686,0.701,0.664,0.697,0.727,0.697,0.626,0.8,0.771,0.713,1.0,0.688
6,y3,0.652,0.611,0.615,0.595,0.683,0.632,0.758,0.717,0.526,0.658,0.647,0.782,0.584,0.662,0.688,1.0
7,.,1.0,0.814,0.81,0.759,0.552,0.722,0.708,0.825,0.839,0.814,0.602,0.69,0.639,0.582,0.713,0.635
7,A1_1,0.814,1.0,0.747,0.71,0.585,0.694,0.639,0.733,0.782,0.752,0.703,0.697,0.657,0.685,0.752,0.604
7,A1_2,0.81,0.747,1.0,0.671,0.716,0.712,0.72,0.751,0.689,0.716,0.597,0.743,0.646,0.638,0.76,0.613
7,A1_3,0.759,0.71,0.671,1.0,0.697,0.741,0.746,0.687,0.745,0.686,0.655,0.679,0.723,0.803,0.724,0.592
7,B1_1,0.552,0.585,0.716,0.697,1.0,0.656,0.754,0.618,0.526,0.42,0.621,0.69,0.67,0.818,0.686,0.687
7,B1_2,0.722,0.694,0.712,0.741,0.656,1.0,0.747,0.663,0.626,0.631,0.639,0.755,0.755,0.718,0.703,0.636
7,B1_3,0.708,0.639,0.72,0.746,0.754,0.747,1.0,0.665,0.684,0.653,0.748,0.758,0.692,0.801,0.667,0.759
7,A2_1,0.825,0.733,0.751,0.687,0.618,0.663,0.665,1.0,0.712,0.743,0.622,0.792,0.701,0.607,0.695,0.71
7,A2_2,0.839,0.782,0.689,0.745,0.526,0.626,0.684,0.712,1.0,0.701,0.57,0.615,0.692,0.592,0.722,0.516
7,A2_3,0.814,0.752,0.716,0.686,0.42,0.631,0.653,0.743,0.701,1.0,0.61,0.746,0.599,0.56,0.695,0.651
7,B2_1,0.602,0.703,0.597,0.655,0.621,0.639,0.748,0.622,0.57,0.61,1.0,0.743,0.703,0.799,0.629,0.65
7,B2_2,0.69,0.697,0.743,0.679,0.69,0.755,0.758,0.792,0.615,0.746,0.743,1.0,0.787,0.687,0.801,0.783
7,B2_3,0.639,0.657,0.646,0.723,0.67,0.755,0.692,0.701,0.692,0.599,0.703,0.787,1.0,0.688,0.768,0.589
7,y1,0.582,0.685,0.638,0.803,0.818,0.718,0.801,0.607,0.592,0.56,0.799,0.687,0.688,1.0,0.715,0.666
7,y2,0.713,0.752,0.76,0.724,0.686,0.703,0.667,0.695,0.722,0.695,0.629,0.801,0.768,0.715,1.0,0.689
7,y3,0.635,0.604,0.613,0.592,0.687,0.636,0.759,0.71,0.516,0.651,0.65,0.783,0.589,0.666,0.689,1.0
8,.,1.0,0.808,0.803,0.751,0.527,0.704,0.686,0.822,0.836,0.809,0.579,0.668,0.617,0.555,0.697,0.612
8,A1_1,0.808,1.0,0.748,0.709,0.572,0.685,0.631,0.734,0.785,0.754,0.69,0.688,0.644,0.672,0.746,0.591
8,A1_2,0.803,0.748,1.0,0.675,0.709,0.71,0.72,0.752,0.692,0.717,0.597,0.741,0.644,0.634,0.757,0.604
8,A1_3,0.751,0.709,0.675,1.0,0.692,0.74,0.744,0.687,0.743,0.685,0.654,0.679,0.72,0.797,0.72,0.584
8,B1_1,0.527,0.572,0.709,0.692,1.0,0.665,0.763,0.608,0.511,0.408,0.635,0.7,0.683,0.821,0.682,0.685
8,B1_2,0.704,0.685,0.71,0.74,0.665,1.0,0.755,0.657,0.615,0.621,0.65,0.762,0.762,0.722,0.7,0.633
8,B1_3,0.686,0.631,0.72,0.744,0.763,0.755,1.0,0.659,0.67,0.641,0.757,0.767,0.704,0.805,0.667,0.756
8,A2_1,0.822,0.734,0.752,0.687,0.608,0.657,0.659,1.0,0.714,0.743,0.614,0.783,0.691,0.597,0.69,0.699
8,A2_2,0.836,0.785,0.692,0.743,0.511,0.615,0.67,0.714,1.0,0.703,0.557,0.605,0.676,0.577,0.712,0.5
8,A2_3,0.809,0.754,0.717,0.685,0.408,0.621,0.641,0.743,0.703,1.0,0.597,0.732,0.585,0.549,0.69,0.637
8,B2_1,0.579,0.69,0.597,0.654,0.635,0.65,0.757,0.614,0.557,0.597,1.0,0.751,0.714,0.802,0.628,0.647
8,B2_2,0.668,0.688,0.741,0.679,0.7,0.762,0.767,0.783,0.605,0.732,0.751,1.0,0.794,0.694,0.799,0.78
8,B2_3,0.617,0.644,0.644,0.72,0.683,0.762,0.704,0.691,0.676,0.585,0.714,0.794,1.0,0.694,0.762,0.587
8,y1,0.555,0.672,0.634,0.797,0.821,0.722,0.805,0.597,0.577,0.549,0.802,0.694,0.694,1.0,0.714,0.665
8,y2,0.697,0.746,0.757,0.72,0.682,0.7,0.667,0.69,0.712,0.69,0.628,0.799,0.762,0.714,1.0,0.688
8,y3,0.612,0.591,0.604,0.584,0.685,0.633,0.756,0.699,0.5,0.637,0.647,0.78,0.587,0.665,0.688,1.0
9,.,1.0,0.8,0.793,0.738,0.491,0.677,0.657,0.817,0.832,0.803,0.547,0.638,0.586,0.518,0.674,0.582
9,A1_1,0.8,1.0,0.748,0.705,0.55,0.67,0.616,0.733,0.786,0.755,0.672,0.672,0.624,0.653,0.737,0.572
9,A1_2,0.793,0.748,1.0,0.675,0.696,0.704,0.714,0.751,0.692,0.716,0.591,0.736,0.637,0.625,0.75,0.59
9,A1_3,0.738,0.705,0.675,1.0,0.682,0.734,0.738,0.684,0.739,0.681,0.647,0.674,0.712,0.787,0.714,0.569
9,B1_1,0.491,0.55,0.696,0.682,1.0,0.671,0.77,0.589,0.487,0.387,0.646,0.708,0.693,0.822,0.674,0.678
9,B1_2,0.677,0.67,0.704,0.734,0.671,1.0,0.76,0.645,0.599,0.604,0.657,0.767,0.767,0.722,0.694,0.625
9,B1_3,0.657,0.616,0.714,0.738,0.77,0.76,1.0,0.646,0.651,0.622,0.763,0.773,0.713,0.806,0.661,0.749
9,A2_1,0.817,0.733,0.751,0.684,0.589,0.645,0.646,1.0,0.714,0.741,0.599,0.769,0.675,0.581,0.681,0.682
9,A2_2,0.832,0.786,0.692,0.739,0.487,0.599,0.651,0.714,1.0,0.704,0.538,0.588,0.653,0.556,0.7,0.478
9,A2_3,0.803,0.755,0.716,0.681,0.387,0.604,0.622,0.741,0.704,1.0,0.576,0.712,0.563,0.53,0.68,0.619
9,B2_1,0.547,0.672,0.591,0.647,0.646,0.657,0.763,0.599,0.538,0.576,1.0,0.757,0.722,0.803,0.622,0.639
9,B2_2,0.638,0.672,0.736,0.674,0.708,0.767,0.773,0.769,0.588,0.712,0.757,1.0,0.8,0.698,0.793,0.772
9,B2_3,0.586,0.624,0.637,0.712,0.693,0.767,0.713,0.675,0.653,0.563,0.722,0.8,1.0,0.696,0.751,0.578
9,y1,0.518,0.653,0.625,0.787,0.822,0.722,0.806,0.581,0.556,0.53,0.803,0.698,0.696,1.0,0.71,0.659
9,y2,0.674,0.737,0.75,0.714,0.674,0.694,0.661,0.681,0.7,0.68,0.622,0.793,0.751,0.71,1.0,0.682
9,y3,0.582,0.572,0.59,0.569,0.678,0.625,0.749,0.682,0.478,0.619,0.639,0.772,0.578,0.659,0.682,1.0
10,.,1.0,0.79,0.78,0.722,0.445,0.642,0.62,0.81,0.828,0.796,0.507,0.6,0.545,0.474,0.647,0.546
10,A1_1,0.79,1.0,0.745,0.7,0.521,0.649,0.596,0.732,0.787,0.755,0.648,0.651,0.597,0.631,0.726,0.55
10,A1_2,0.78,0.745,1.0,0.674,0.678,0.695,0.705,0.749,0.691,0.712,0.581,0.726,0.625,0.611,0.742,0.571
10,A1_3,0.722,0.7,0.674,1.0,0.666,0.724,0.728,0.68,0.733,0.676,0.636,0.666,0.7,0.774,0.705,0.551
10,B1_1,0.445,0.521,0.678,0.666,1.0,0.675,0.774,0.564,0.456,0.357,0.655,0.714,0.702,0.821,0.662,0.667
10,B1_2,0.642,0.649,0.695,0.724,0.675,1.0,0.765,0.628,0.577,0.58,0.664,0.77,0.771,0.72,0.684,0.613
10,B1_3,0.62,0.596,0.705,0.728,0.774,0.765,1.0,0.629,0.626,0.597,0.768,0.778,0.72,0.804,0.652,0.737
10,A2_1,0.81,0.732,0.749,0.68,0.564,0.628,0.629,1.0,0.715,0.738,0.58,0.751,0.652,0.56,0.67,0.662
10,A2_2,0.828,0.787,0.691,0.733,0.456,0.577,0.626,0.715,1.0,0.705,0.513,0.566,0.624,0.53,0.685,0.452
10,A2_3,0.796,0.755,0.712,0.676,0.357,0.58,0.597,0.738,0.705,1.0,0.549,0.686,0.533,0.506,0.668,0.597
10,B2_1,0.507,0.648,0.581,0.636,0.655,0.664,0.768,0.58,0.513,0.549,1.0,0.763,0.729,0.802,0.613,0.626
10,B2_2,0.6,0.651,0.726,0.666,0.714,0.77,0.778,0.751,0.566,0.686,0.763,1.0,0.804,0.699,0.785,0.761
10,B2_3,0.545,0.597,0.625,0.7,0.702,0.771,0.72,0.652,0.624,0.533,0.729,0.804,1.0,0.695,0.737,0.564
10,y1,0.474,0.631,0.611,0.774,0.821,0.72,0.804,0.56,0.53,0.506,0.802,0.699,0.695,1.0,0.705,0.65
10,y2,0.647,0.726,0.742,0.705,0.662,0.684,0.652,0.67,0.685,0.668,0.613,0.785,0.737,0.705,1.0,0.675
10,y3,0.546,0.55,0.571,0.551,0.667,0.613,0.737,0.662,0.452,0.597,0.626,0.761,0.564,0.65,0.675,1.0
11,.,1.0,0.778,0.764,0.703,0.389,0.598,0.574,0.802,0.821,0.789,0.459,0.552,0.494,0.42,0.614,0.505
11,A1_1,0.778,1.0,0.742,0.693,0.484,0.623,0.569,0.729,0.788,0.756,0.618,0.623,0.563,0.603,0.713,0.523
11,A1_2,0.764,0.742,1.0,0.67,0.654,0.681,0.691,0.746,0.689,0.708,0.566,0.712,0.607,0.593,0.731,0.546
11,A1_3,0.703,0.693,0.67,1.0,0.645,0.71,0.713,0.673,0.727,0.669,0.621,0.653,0.682,0.758,0.694,0.528
11,B1_1,0.389,0.484,0.654,0.645,1.0,0.678,0.777,0.531,0.418,0.317,0.662,0.718,0.709,0.818,0.646,0.65
11,B1_2,0.598,0.623,0.681,0.71,0.678,1.0,0.768,0.605,0.549,0.55,0.668,0.773,0.774,0.716,0.67,0.595
11,B1_3,0.574,0.569,0.691,0.713,0.777,0.768,1.0,0.606,0.596,0.565,0.773,0.782,0.725,0.801,0.639,0.72
11,A2_1,0.802,0.729,0.746,0.673,0.531,0.605,0.606,1.0,0.715,0.735,0.555,0.727,0.623,0.532,0.656,0.637
11,A2_2,0.821,0.788,0.689,0.727,0.418,0.549,0.596,0.715,1.0,0.706,0.483,0.537,0.588,0.498,0.667,0.422
11,A2_3,0.789,0.756,0.708,0.669,0.317,0.55,0.565,0.735,0.706,1.0,0.514,0.653,0.495,0.476,0.654,0.571
11,B2_1,0.459,0.618,0.566,0.621,0.662,0.668,0.773,0.555,0.483,0.514,1.0,0.767,0.734,0.799,0.6,0.609
11,B2_2,0.552,0.623,0.712,0.653,0.718,0.773,0.782,0.727,0.537,0.653,0.767,1.0,0.807,0.698,0.773,0.746
11,B2_3,0.494,0.563,0.607,0.682,0.709,0.774,0.725,0.623,0.588,0.495,0.734,0.807,1.0,0.691,0.718,0.543
11,y1,0.42,0.603,0.593,0.758,0.818,0.716,0.801,0.532,0.498,0.476,0.799,0.698,0.691,1.0,0.697,0.638
11,y2,0.614,0.713,0.731,0.694,0.646,0.67,0.639,0.656,0.667,0.654,0.6,0.773,0.718,0.697,1.0,0.666
11,y3,0.505,0.523,0.546,0.528,0.65,0.595,0.72,0.637,0.422,0.571,0.609,0.746,0.543,0.638,0.666,1.0
12,.,1.0,0.765,0.745,0.681,0.322,0.545,0.519,0.793,0.815,0.782,0.4,0.495,0.432,0.359,0.578,0.462
12,A1_1,0.765,1.0,0.738,0.686,0.439,0.59,0.535,0.727,0.79,0.757,0.58,0.589,0.521,0.571,0.698,0.495
12,A1_2,0.745,0.738,1.0,0.666,0.625,0.662,0.672,0.742,0.687,0.703,0.545,0.693,0.582,0.57,0.719,0.519
12,A1_3,0.681,0.686,0.666,1.0,0.617,0.691,0.693,0.666,0.721,0.661,0.6,0.635,0.657,0.738,0.682,0.501
12,B1_1,0.322,0.439,0.625,0.617,1.0,0.68,0.78,0.49,0.372,0.27,0.669,0.722,0.716,0.813,0.626,0.628
12,B1_2,0.545,0.59,0.662,0.691,0.68,1.0,0.77,0.576,0.515,0.513,0.672,0.776,0.776,0.709,0.652,0.572
12,B1_3,0.519,0.535,0.672,0.693,0.78,0.77,1.0,0.576,0.559,0.525,0.776,0.785,0.73,0.795,0.622,0.699
12,A2_1,0.793,0.727,0.742,0.666,0.49,0.576,0.576,1.0,0.717,0.733,0.522,0.697,0.585,0.499,0.64,0.609
12,A2_2,0.815,0.79,0.687,0.721,0.372,0.515,0.559,0.717,1.0,0.708,0.446,0.502,0.544,0.463,0.648,0.39
12,A2_3,0.782,0.757,0.703,0.661,0.27,0.513,0.525,0.733,0.708,1.0,0.471,0.612,0.447,0.44,0.637,0.543
12,B2_1,0.4,0.58,0.545,0.6,0.669,0.672,0.776,0.522,0.446,0.471,1.0,0.771,0.74,0.794,0.583,0.585
12,B2_2,0.495,0.589,0.693,0.635,0.722,0.776,0.785,0.697,0.502,0.612,0.771,1.0,0.81,0.694,0.758,0.725
12,B2_3,0.432,0.521,0.582,0.657,0.716,0.776,0.73,0.585,0.544,0.447,0.74,0.81,1.0,0.684,0.694,0.515
12,y1,0.359,0.571,0.57,0.738,0.813,0.709,0.795,0.499,0.463,0.44,0.794,0.694,0.684,1.0,0.689,0.623
12,y2,0.578,0.698,0.719,0.682,0.626,0.652,0.622,0.64,0.648,0.637,0.583,0.758,0.694,0.689,1.0,0.657
12,y3,0.462,0.495,0.519,0.501,0.628,0.572,0.699,0.609,0.39,0.543,0.585,0.725,0.515,0.623,0.657,1.0
13,.,1.0,0.753,0.725,0.658,0.246,0.483,0.457,0.785,0.808,0.776,0.333,0.429,0.36,0.293,0.538,0.418
13,A1_1,0.753,1.0,0.734,0.68,0.387,0.55,0.495,0.726,0.792,0.76,0.537,0.548,0.471,0.536,0.683,0.466
13,A1_2,0.725,0.734,1.0,0.661,0.588,0.639,0.649,0.738,0.686,0.699,0.52,0.669,0.553,0.545,0.705,0.488
13,A1_3,0.658,0.68,0.661,1.0,0.583,0.668,0.669,0.659,0.716,0.656,0.575,0.612,0.626,0.715,0.669,0.473
13,B1_1,0.246,0.387,0.588,0.583,1.0,0.682,0.783,0.442,0.32,0.215,0.676,0.727,0.723,0.807,0.601,0.599
13,B1_2,0.483,0.55,0.639,0.668,0.682,1.0,0.773,0.541,0.476,0.469,0.677,0.779,0.779,0.7,0.63,0.543
13,B1_3,0.457,0.495,0.649,0.669,0.783,0.773,1.0,0.54,0.517,0.479,0.781,0.789,0.735,0.787,0.601,0.672
13,A2_1,0.785,0.726,0.738,0.659,0.442,0.541,0.54,1.0,0.72,0.733,0.483,0.659,0.539,0.463,0.623,0.579
13,A2_2,0.808,0.792,0.686,0.716,0.32,0.476,0.517,0.72,1.0,0.712,0.404,0.462,0.493,0.424,0.628,0.358
13,A2_3,0.776,0.76,0.699,0.656,0.215,0.469,0.479,0.733,0.712,1.0,0.422,0.563,0.392,0.402,0.62,0.515
13,B2_1,0.333,0.537,0.52,0.575,0.676,0.677,0.781,0.483,0.404,0.422,1.0,0.776,0.745,0.788,0.562,0.556
13,B2_2,0.429,0.548,0.669,0.612,0.727,0.779,0.789,0.659,0.462,0.563,0.776,1.0,0.814,0.689,0.738,0.698
13,B2_3,0.36,0.471,0.553,0.626,0.723,0.779,0.735,0.539,0.493,0.392,0.745,0.814,1.0,0.675,0.665,0.481
13,y1,0.293,0.536,0.545,0.715,0.807,0.7,0.787,0.463,0.424,0.402,0.788,0.689,0.675,1.0,0.68,0.606
13,y2,0.538,0.683,0.705,0.669,0.601,0.63,0.601,0.623,0.628,0.62,0.562,0.738,0.665,0.68,1.0,0.647
13,y3,0.418,0.466,0.488,0.473,0.599,0.543,0.672,0.579,0.358,0.515,0.556,0.698,0.481,0.606,0.647,1.0
14,.,1.0,0.739,0.703,0.634,0.163,0.412,0.384,0.776,0.801,0.77,0.258,0.353,0.278,0.222,0.496,0.373
14,A1_1,0.739,1.0,0.731,0.674,0.327,0.503,0.447,0.727,0.796,0.763,0.485,0.498,0.412,0.498,0.668,0.436
14,A1_2,0.703,0.731,1.0,0.656,0.545,0.609,0.618,0.734,0.686,0.695,0.488,0.639,0.515,0.516,0.69,0.454
14,A1_3,0.634,0.674,0.656,1.0,0.542,0.638,0.637,0.652,0.711,0.65,0.542,0.582,0.587,0.689,0.655,0.441
14,B1_1,0.163,0.327,0.545,0.542,1.0,0.685,0.786,0.384,0.262,0.152,0.684,0.731,0.73,0.798,0.571,0.564
14,B1_2,0.412,0.503,0.609,0.638,0.685,1.0,0.776,0.497,0.43,0.417,0.682,0.783,0.781,0.689,0.603,0.508
14,B1_3,0.384,0.447,0.618,0.637,0.786,0.776,1.0,0.496,0.468,0.423,0.785,0.793,0.74,0.776,0.574,0.638
14,A2_1,0.776,0.727,0.734,0.652,0.384,0.497,0.496,1.0,0.724,0.733,0.436,0.613,0.484,0.421,0.604,0.546
14,A2_2,0.801,0.796,0.686,0.711,0.262,0.43,0.468,0.724,1.0,0.718,0.355,0.414,0.435,0.383,0.607,0.325
14,A2_3,0.77,0.763,0.695,0.65,0.152,0.417,0.423,0.733,0.718,1.0,0.364,0.505,0.327,0.359,0.602,0.486
14,B2_1,0.258,0.485,0.488,0.542,0.684,0.682,0.785,0.436,0.355,0.364,1.0,0.781,0.751,0.778,0.537,0.52
14,B2_2,0.353,0.498,0.639,0.582,0.731,0.783,0.793,0.613,0.414,0.505,0.781,1.0,0.817,0.681,0.713,0.664
14,B2_3,0.278,0.412,0.515,0.587,0.73,0.781,0.74,0.484,0.435,0.327,0.751,0.817,1.0,0.662,0.629,0.439
14,y1,0.222,0.498,0.516,0.689,0.798,0.689,0.776,0.421,0.383,0.359,0.778,0.681,0.662,1.0,0.67,0.586
14,y2,0.496,0.668,0.69,0.655,0.571,0.603,0.574,0.604,0.607,0.602,0.537,0.713,0.629,0.67,1.0,0.637
14,y3,0.373,0.436,0.454,0.441,0.564,0.508,0.638,0.546,0.325,0.486,0.52,0.664,0.439,0.586,0.637,1.0
15,.,1.0,0.727,0.682,0.612,0.075,0.332,0.304,0.769,0.794,0.765,0.177,0.271,0.19,0.15,0.455,0.331
15,A1_1,0.727,1.0,0.729,0.67,0.262,0.447,0.39,0.729,0.8,0.769,0.427,0.442,0.346,0.459,0.653,0.408
15,A1_2,0.682,0.729,1.0,0.652,0.495,0.572,0.581,0.731,0.687,0.693,0.451,0.603,0.471,0.484,0.674,0.419
15,A1_3,0.612,0.67,0.652,1.0,0.494,0.6,0.597,0.646,0.708,0.647,0.503,0.545,0.54,0.66,0.641,0.41
15,B1_1,0.075,0.262,0.495,0.494,1.0,0.69,0.79,0.32,0.198,0.085,0.693,0.738,0.739,0.786,0.536,0.523
15,B1_2,0.332,0.447,0.572,0.6,0.69,1.0,0.78,0.445,0.377,0.357,0.689,0.787,0.785,0.676,0.571,0.467
15,B1_3,0.304,0.39,0.581,0.597,0.79,0.78,1.0,0.443,0.411,0.36,0.79,0.798,0.747,0.763,0.542,0.596
15,A2_1,0.769,0.729,0.731,0.646,0.32,0.445,0.443,1.0,0.73,0.737,0.382,0.558,0.42,0.378,0.585,0.513
15,A2_2,0.794,0.8,0.687,0.708,0.198,0.377,0.411,0.73,1.0,0.725,0.301,0.36,0.37,0.341,0.587,0.293
15,A2_3,0.765,0.769,0.693,0.647,0.085,0.357,0.36,0.737,0.725,1.0,0.3,0.439,0.256,0.317,0.585,0.459
15,B2_1,0.177,0.427,0.451,0.503,0.693,0.689,0.79,0.382,0.301,0.3,1.0,0.787,0.758,0.766,0.506,0.477
15,B2_2,0.271,0.442,0.603,0.545,0.738,0.787,0.798,0.558,0.36,0.439,0.787,1.0,0.821,0.671,0.682,0.622
15,B2_3,0.19,0.346,0.471,0.54,0.739,0.785,0.747,0.42,0.37,0.256,0.758,0.821,1.0,0.645,0.587,0.389
15,y1,0.15,0.459,0.484,0.66,0.786,0.676,0.763,0.378,0.341,0.317,0.766,0.671,0.645,1.0,0.661,0.568
15,y2,0.455,0.653,0.674,0.641,0.536,0.571,0.542,0.585,0.587,0.585,0.506,0.682,0.587,0.661,1.0,0.629
15,y3,0.331,0.408,0.419,0.41,0.523,0.467,0.596,0.513,0.293,0.459,0.477,0.622,0.389,0.568,0.629,1.0
16,.,1.0,0.717,0.661,0.592,-0.017,0.246,0.216,0.764,0.788,0.763,0.092,0.183,0.097,0.08,0.416,0.295
16,A1_1,0.717,1.0,0.728,0.67,0.189,0.385,0.325,0.734,0.806,0.778,0.361,0.378,0.273,0.421,0.64,0.385
16,A1_2,0.661,0.728,1.0,0.649,0.437,0.528,0.535,0.73,0.69,0.693,0.407,0.559,0.419,0.451,0.658,0.384
16,A1_3,0.592,0.67,0.649,1.0,0.436,0.553,0.547,0.644,0.709,0.649,0.455,0.5,0.483,0.629,0.628,0.381
16,B1_1,-0.017,0.189,0.437,0.436,1.0,0.696,0.795,0.247,0.13,0.013,0.703,0.744,0.748,0.77,0.495,0.474
16,B1_2,0.246,0.385,0.528,0.553,0.696,1.0,0.785,0.385,0.318,0.29,0.697,0.793,0.79,0.659,0.532,0.418
16,B1_3,0.216,0.325,0.535,0.547,0.795,0.785,1.0,0.381,0.347,0.289,0.797,0.804,0.755,0.746,0.503,0.546
16,A2_1,0.764,0.734,0.73,0.644,0.247,0.385,0.381,1.0,0.74,0.743,0.321,0.494,0.348,0.334,0.568,0.482
16,A2_2,0.788,0.806,0.69,0.709,0.13,0.318,0.347,0.74,1.0,0.735,0.243,0.301,0.299,0.3,0.568,0.266
16,A2_3,0.763,0.778,0.693,0.649,0.013,0.29,0.289,0.743,0.735,1.0,0.23,0.367,0.179,0.277,0.571,0.437
16,B2_1,0.092,0.361,0.407,0.455,0.703,0.697,0.797,0.321,0.243,0.23,1.0,0.793,0.765,0.75,0.47,0.426
16,B2_2,0.183,0.378,0.559,0.5,0.744,0.793,0.804,0.494,0.301,0.367,0.793,1.0,0.826,0.658,0.645,0.572
16,B2_3,0.097,0.273,0.419,0.483,0.748,0.79,0.755,0.348,0.299,0.179,0.765,0.826,1.0,0.624,0.538,0.332
16,y1,0.08,0.421,0.451,0.629,0.77,0.659,0.746,0.334,0.3,0.277,0.75,0.658,0.624,1.0,0.654,0.55
16,y2,0.416,0.64,0.658,0.628,0.495,0.532,0.503,0.568,0.568,0.571,0.47,0.645,0.538,0.654,1.0,0.624
16,y3,0.295,0.385,0.384,0.381,0.474,0.418,0.546,0.482,0.266,0.437,0.426,0.572,0.332,0.55,0.624,1.0
17,.,1.0,0.707,0.642,0.576,-0.108,0.155,0.123,0.76,0.782,0.761,0.005,0.092,0.002,0.016,0.379,0.265
17,A1_1,0.707,1.0,0.73,0.674,0.114,0.315,0.253,0.742,0.813,0.787,0.29,0.308,0.195,0.386,0.629,0.367
17,A1_2,0.642,0.73,1.0,0.649,0.374,0.476,0.481,0.73,0.696,0.696,0.357,0.507,0.36,0.417,0.642,0.351
17,A1_3,0.576,0.674,0.649,1.0,0.371,0.496,0.486,0.645,0.712,0.655,0.399,0.445,0.416,0.597,0.617,0.355
17,B1_1,-0.108,0.114,0.374,0.371,1.0,0.706,0.803,0.17,0.059,-0.061,0.715,0.753,0.759,0.749,0.45,0.419
17,B1_2,0.155,0.315,0.476,0.496,0.706,1.0,0.792,0.316,0.253,0.217,0.707,0.8,0.797,0.638,0.488,0.363
17,B1_3,0.123,0.253,0.481,0.486,0.803,0.792,1.0,0.31,0.276,0.21,0.806,0.812,0.766,0.723,0.457,0.486
17,A2_1,0.76,0.742,0.73,0.645,0.17,0.316,0.31,1.0,0.75,0.752,0.253,0.422,0.268,0.292,0.552,0.454
17,A2_2,0.782,0.813,0.696,0.712,0.059,0.253,0.276,0.75,1.0,0.746,0.18,0.236,0.223,0.262,0.551,0.244
17,A2_3,0.761,0.787,0.696,0.655,-0.061,0.217,0.21,0.752,0.746,1.0,0.155,0.288,0.098,0.242,0.559,0.419
17,B2_1,0.005,0.29,0.357,0.399,0.715,0.707,0.806,0.253,0.18,0.155,1.0,0.801,0.774,0.729,0.429,0.369
17,B2_2,0.092,0.308,0.507,0.445,0.753,0.8,0.812,0.422,0.236,0.288,0.801,1.0,0.832,0.64,0.6,0.513
17,B2_3,0.002,0.195,0.36,0.416,0.759,0.797,0.766,0.268,0.223,0.098,0.774,0.832,1.0,0.598,0.483,0.268
17,y1,0.016,0.386,0.417,0.597,0.749,0.638,0.723,0.292,0.262,0.242,0.729,0.64,0.598,1.0,0.649,0.535
17,y2,0.379,0.629,0.642,0.617,0.45,0.488,0.457,0.552,0.551,0.559,0.429,0.6,0.483,0.649,1.0,0.623
17,y3,0.265,0.367,0.351,0.355,0.419,0.363,0.486,0.454,0.244,0.419,0.369,0.513,0.268,0.535,0.623,1.0
18,.,1.0,0.7,0.627,0.564,-0.196,0.062,0.029,0.758,0.776,0.76,-0.081,-0.001,-0.091,-0.039,0.347,0.244
18,A1_1,0.7,1.0,0.735,0.683,0.038,0.24,0.177,0.752,0.821,0.799,0.216,0.233,0.114,0.358,0.622,0.358
18,A1_2,0.627,0.735,1.0,0.652,0.302,0.414,0.417,0.733,0.704,0.702,0.3,0.446,0.293,0.385,0.627,0.322
18,A1_3,0.564,0.683,0.652,1.0,0.298,0.43,0.416,0.65,0.719,0.666,0.336,0.381,0.341,0.566,0.609,0.338
18,B1_1,-0.196,0.038,0.302,0.298,1.0,0.717,0.812,0.089,-0.013,-0.134,0.728,0.764,0.771,0.723,0.4,0.359
18,B1_2,0.062,0.24,0.414,0.43,0.717,1.0,0.801,0.241,0.184,0.14,0.72,0.809,0.806,0.613,0.437,0.304
18,B1_3,0.029,0.177,0.417,0.416,0.812,0.801,1.0,0.232,0.2,0.128,0.816,0.822,0.778,0.695,0.406,0.419
18,A2_1,0.758,0.752,0.733,0.65,0.089,0.241,0.232,1.0,0.763,0.764,0.181,0.343,0.184,0.255,0.539,0.431
18,A2_2,0.776,0.821,0.704,0.719,-0.013,0.184,0.2,0.763,1.0,0.759,0.114,0.167,0.145,0.23,0.536,0.228
18,A2_3,0.76,0.799,0.702,0.666,-0.134,0.14,0.128,0.764,0.759,1.0,0.079,0.204,0.015,0.214,0.551,0.41
18,B2_1,-0.081,0.216,0.3,0.336,0.728,0.72,0.816,0.181,0.114,0.079,1.0,0.81,0.784,0.703,0.383,0.308
18,B2_2,-0.001,0.233,0.446,0.381,0.764,0.809,0.822,0.343,0.167,0.204,0.81,1.0,0.84,0.617,0.549,0.447
18,B2_3,-0.091,0.114,0.293,0.341,0.771,0.806,0.778,0.184,0.145,0.015,0.784,0.84,1.0,0.565,0.421,0.199
18,y1,-0.039,0.358,0.385,0.566,0.723,0.613,0.695,0.255,0.23,0.214,0.703,0.617,0.565,1.0,0.648,0.526
18,y2,0.347,0.622,0.627,0.609,0.4,0.437,0.406,0.539,0.536,0.551,0.383,0.549,0.421,0.648,1.0,0.626
18,y3,0.244,0.358,0.322,0.338,0.359,0.304,0.419,0.431,0.228,0.41,0.308,0.447,0.199,0.526,0.626,1.0
19,.,1.0,0.692,0.613,0.555,-0.277,-0.03,-0.067,0.756,0.77,0.758,-0.165,-0.092,-0.18,-0.087,0.317,0.228
19,A1_1,0.692,1.0,0.741,0.695,-0.037,0.162,0.095,0.763,0.829,0.811,0.14,0.154,0.034,0.335,0.616,0.352
19,A1_2,0.613,0.741,1.0,0.656,0.229,0.347,0.345,0.737,0.714,0.711,0.239,0.378,0.223,0.355,0.613,0.298
19,A1_3,0.555,0.695,0.656,1.0,0.221,0.356,0.335,0.658,0.728,0.68,0.267,0.309,0.259,0.537,0.603,0.327
19,B1_1,-0.277,-0.037,0.229,0.221,1.0,0.732,0.824,0.009,-0.084,-0.204,0.743,0.776,0.785,0.691,0.349,0.299
19,B1_2,-0.03,0.162,0.347,0.356,0.732,1.0,0.812,0.162,0.111,0.061,0.735,0.82,0.817,0.583,0.383,0.243
19,B1_3,-0.067,0.095,0.345,0.335,0.824,0.812,1.0,0.148,0.118,0.042,0.828,0.834,0.793,0.659,0.349,0.346
19,A2_1,0.756,0.763,0.737,0.658,0.009,0.162,0.148,1.0,0.775,0.776,0.106,0.258,0.098,0.223,0.527,0.412
19,A2_2,0.77,0.829,0.714,0.728,-0.084,0.111,0.118,0.775,1.0,0.771,0.047,0.095,0.067,0.202,0.523,0.216
19,A2_3,0.758,0.811,0.711,0.68,-0.204,0.061,0.042,0.776,0.771,1.0,0.003,0.119,-0.066,0.194,0.545,0.403
19,B2_1,-0.165,0.14,0.239,0.267,0.743,0.735,0.828,0.106,0.047,0.003,1.0,0.821,0.796,0.671,0.334,0.245
19,B2_2,-0.092,0.154,0.378,0.309,0.776,0.82,0.834,0.258,0.095,0.119,0.821,1.0,0.849,0.588,0.491,0.377
19,B2_3,-0.18,0.034,0.223,0.259,0.785,0.817,0.793,0.098,0.067,-0.066,0.796,0.849,1.0,0.527,0.357,0.131
19,y1,-0.087,0.335,0.355,0.537,0.691,0.583,0.659,0.223,0.202,0.194,0.671,0.588,0.527,1.0,0.652,0.525
19,y2,0.317,0.616,0.613,0.603,0.349,0.383,0.349,0.527,0.523,0.545,0.334,0.491,0.357,0.652,1.0,0.635
19,y3,0.228,0.352,0.298,0.327,0.299,0.243,0.346,0.412,0.216,0.403,0.245,0.377,0.131,0.525,0.635,1.0
20,.,1.0,0.686,0.603,0.55,-0.353,-0.119,-0.159,0.755,0.764,0.756,-0.244,-0.179,-0.262,-0.121,0.293,0.219
20,A1_1,0.686,1.0,0.752,0.711,-0.111,0.083,0.012,0.776,0.838,0.824,0.063,0.075,-0.044,0.323,0.613,0.355
20,A1_2,0.603,0.752,1.0,0.666,0.151,0.272,0.265,0.745,0.728,0.724,0.172,0.304,0.148,0.331,0.602,0.282
20,A1_3,0.55,0.711,0.666,1.0,0.14,0.275,0.247,0.671,0.74,0.699,0.192,0.232,0.173,0.515,0.602,0.328
20,B1_1,-0.353,-0.111,0.151,0.14,1.0,0.748,0.837,-0.072,-0.153,-0.271,0.759,0.789,0.798,0.651,0.296,0.237
20,B1_2,-0.119,0.083,0.272,0.275,0.748,1.0,0.824,0.08,0.037,-0.017,0.752,0.832,0.83,0.545,0.325,0.18
20,B1_3,-0.159,0.012,0.265,0.247,0.837,0.824,1.0,0.06,0.036,-0.044,0.841,0.846,0.809,0.614,0.289,0.271
20,A2_1,0.755,0.776,0.745,0.671,-0.072,0.08,0.06,1.0,0.79,0.791,0.03,0.17,0.012,0.202,0.52,0.401
20,A2_2,0.764,0.838,0.728,0.74,-0.153,0.037,0.036,0.79,1.0,0.785,-0.019,0.023,-0.01,0.184,0.513,0.212
20,A2_3,0.756,0.824,0.724,0.699,-0.271,-0.017,-0.044,0.791,0.785,1.0,-0.071,0.036,-0.143,0.185,0.544,0.404
20,B2_1,-0.244,0.063,0.172,0.192,0.759,0.752,0.841,0.03,-0.019,-0.071,1.0,0.833,0.809,0.63,0.283,0.18
20,B2_2,-0.179,0.075,0.304,0.232,0.789,0.832,0.846,0.17,0.023,0.036,0.833,1.0,0.858,0.552,0.43,0.303
20,B2_3,-0.262,-0.044,0.148,0.173,0.798,0.83,0.809,0.012,-0.01,-0.143,0.809,0.858,1.0,0.481,0.291,0.064
20,y1,-0.121,0.323,0.331,0.515,0.651,0.545,0.614,0.202,0.184,0.185,0.63,0.552,0.481,1.0,0.662,0.534
20,y2,0.293,0.613,0.602,0.602,0.296,0.325,0.289,0.52,0.513,0.544,0.283,0.43,0.291,0.662,1.0,0.648
20,y3,0.219,0.355,0.282,0.328,0.237,0.18,0.271,0.401,0.212,0.404,0.18,0.303,0.064,0.534,0.648,1.0
21,.,1.0,0.679,0.594,0.546,-0.42,-0.204,-0.246,0.753,0.758,0.753,-0.316,-0.259,-0.336,-0.144,0.272,0.215
21,A1_1,0.679,1.0,0.764,0.731,-0.177,0.006,-0.068,0.791,0.846,0.837,-0.009,-0.001,-0.117,0.321,0.614,0.364
21,A1_2,0.594,0.764,1.0,0.678,0.073,0.193,0.181,0.756,0.742,0.738,0.104,0.227,0.073,0.314,0.593,0.274
21,A1_3,0.546,0.731,0.678,1.0,0.06,0.19,0.155,0.687,0.754,0.72,0.116,0.152,0.087,0.501,0.605,0.338
21,B1_1,-0.42,-0.177,0.073,0.06,1.0,0.766,0.85,-0.146,-0.217,-0.331,0.775,0.803,0.812,0.604,0.244,0.18
21,B1_2,-0.204,0.006,0.193,0.19,0.766,1.0,0.838,-0.002,-0.036,-0.093,0.769,0.845,0.843,0.5,0.267,0.121
21,B1_3,-0.246,-0.068,0.181,0.155,0.85,0.838,1.0,-0.026,-0.046,-0.127,0.854,0.86,0.825,0.56,0.228,0.197
21,A2_1,0.753,0.791,0.756,0.687,-0.146,-0.002,-0.026,1.0,0.804,0.806,-0.043,0.085,-0.069,0.192,0.517,0.396
21,A2_2,0.758,0.846,0.742,0.754,-0.217,-0.036,-0.046,0.804,1.0,0.799,-0.083,-0.048,-0.083,0.175,0.505,0.213
21,A2_3,0.753,0.837,0.738,0.72,-0.331,-0.093,-0.127,0.806,0.799,1.0,-0.14,-0.045,-0.214,0.188,0.546,0.41
21,B2_1,-0.316,-0.009,0.104,0.116,0.775,0.769,0.854,-0.043,-0.083,-0.14,1.0,0.844,0.821,0.582,0.232,0.119
21,B2_2,-0.259,-0.001,0.227,0.152,0.803,0.845,0.86,0.085,-0.048,-0.045,0.844,1.0,0.868,0.508,0.367,0.232
21,B2_3,-0.336,-0.117,0.073,0.087,0.812,0.843,0.825,-0.069,-0.083,-0.214,0.821,0.868,1.0,0.429,0.226,0.001
21,y1,-0.144,0.321,0.314,0.501,0.604,0.5,0.56,0.192,0.175,0.188,0.582,0.508,0.429,1.0,0.679,0.552
21,y2,0.272,0.614,0.593,0.605,0.244,0.267,0.228,0.517,0.505,0.546,0.232,0.367,0.226,0.679,1.0,0.667
21,y3,0.215,0.364,0.274,0.338,0.18,0.121,0.197,0.396,0.213,0.41,0.119,0.232,0.001,0.552,0.667,1.0
22,.,1.0,0.671,0.587,0.544,-0.477,-0.281,-0.323,0.75,0.751,0.747,-0.381,-0.332,-0.401,-0.157,0.251,0.211
22,A1_1,0.671,1.0,0.779,0.753,-0.237,-0.067,-0.141,0.805,0.855,0.85,-0.077,-0.072,-0.182,0.328,0.615,0.375
22,A1_2,0.587,0.779,1.0,0.695,-0.002,0.113,0.097,0.768,0.759,0.756,0.036,0.148,-0.001,0.306,0.587,0.273
22,A1_3,0.544,0.753,0.695,1.0,-0.018,0.104,0.064,0.706,0.769,0.744,0.04,0.07,0.003,0.494,0.611,0.355
22,B1_1,-0.477,-0.237,-0.002,-0.018,1.0,0.785,0.863,-0.214,-0.275,-0.383,0.792,0.817,0.825,0.552,0.198,0.13
22,B1_2,-0.281,-0.067,0.113,0.104,0.785,1.0,0.852,-0.079,-0.106,-0.163,0.788,0.858,0.856,0.448,0.213,0.068
22,B1_3,-0.323,-0.141,0.097,0.064,0.863,0.852,1.0,-0.106,-0.121,-0.201,0.867,0.873,0.842,0.5,0.171,0.13
22,A2_1,0.75,0.805,0.768,0.706,-0.214,-0.079,-0.106,1.0,0.817,0.821,-0.111,0.003,-0.144,0.193,0.516,0.395
22,A2_2,0.751,0.855,0.759,0.769,-0.275,-0.106,-0.121,0.817,1.0,0.812,-0.143,-0.114,-0.15,0.174,0.498,0.216
22,A2_3,0.747,0.85,0.756,0.744,-0.383,-0.163,-0.201,0.821,0.812,1.0,-0.203,-0.119,-0.276,0.202,0.549,0.417
22,B2_1,-0.381,-0.077,0.036,0.04,0.792,0.788,0.867,-0.111,-0.143,-0.203,1.0,0.857,0.834,0.528,0.184,0.065
22,B2_2,-0.332,-0.072,0.148,0.07,0.817,0.858,0.873,0.003,-0.114,-0.119,0.857,1.0,0.878,0.457,0.307,0.166
22,B2_3,-0.401,-0.182,-0.001,0.003,0.825,0.856,0.842,-0.144,-0.15,-0.276,0.834,0.878,1.0,0.371,0.167,-0.052
22,y1,-0.157,0.328,0.306,0.494,0.552,0.448,0.5,0.193,0.174,0.202,0.528,0.457,0.371,1.0,0.702,0.581
22,y2,0.251,0.615,0.587,0.611,0.198,0.213,0.171,0.516,0.498,0.549,0.184,0.307,0.167,0.702,1.0,0.689
22,y3,0.211,0.375,0.273,0.355,0.13,0.068,0.13,0.395,0.216,0.417,0.065,0.166,-0.052,0.581,0.689,1.0
23,.,1.0,0.661,0.58,0.541,-0.527,-0.349,-0.392,0.746,0.743,0.74,-0.438,-0.396,-0.457,-0.162,0.232,0.205
23,A1_1,0.661,1.0,0.796,0.776,-0.29,-0.133,-0.21,0.82,0.863,0.862,-0.138,-0.136,-0.24,0.342,0.617,0.387
23,A1_2,0.58,0.796,1.0,0.714,-0.076,0.034,0.013,0.782,0.776,0.775,-0.031,0.07,-0.071,0.305,0.582,0.277
23,A1_3,0.541,0.776,0.714,1.0,-0.089,0.023,-0.023,0.726,0.783,0.766,-0.03,-0.005,-0.074,0.496,0.619,0.376
23,B1_1,-0.527,-0.29,-0.076,-0.089,1.0,0.802,0.875,-0.277,-0.328,-0.429,0.807,0.83,0.838,0.496,0.155,0.088
23,B1_2,-0.349,-0.133,0.034,0.023,0.802,1.0,0.865,-0.152,-0.17,-0.226,0.805,0.87,0.869,0.393,0.162,0.023
23,B1_3,-0.392,-0.21,0.013,-0.023,0.875,0.865,1.0,-0.183,-0.192,-0.269,0.879,0.885,0.857,0.434,0.117,0.071
23,A2_1,0.746,0.82,0.782,0.726,-0.277,-0.152,-0.183,1.0,0.831,0.836,-0.175,-0.074,-0.213,0.202,0.516,0.397
23,A2_2,0.743,0.863,0.776,0.783,-0.328,-0.17,-0.192,0.831,1.0,0.825,-0.199,-0.175,-0.21,0.18,0.492,0.222
23,A2_3,0.74,0.862,0.775,0.766,-0.429,-0.226,-0.269,0.836,0.825,1.0,-0.259,-0.185,-0.331,0.222,0.552,0.424
23,B2_1,-0.438,-0.138,-0.031,-0.03,0.807,0.805,0.879,-0.175,-0.199,-0.259,1.0,0.868,0.847,0.47,0.14,0.019
23,B2_2,-0.396,-0.136,0.07,-0.005,0.83,0.87,0.885,-0.074,-0.175,-0.185,0.868,1.0,0.887,0.403,0.25,0.11
23,B2_3,-0.457,-0.24,-0.071,-0.074,0.838,0.869,0.857,-0.213,-0.21,-0.331,0.847,0.887,1.0,0.312,0.112,-0.096
23,y1,-0.162,0.342,0.305,0.496,0.496,0.393,0.434,0.202,0.18,0.222,0.47,0.403,0.312,1.0,0.729,0.615
23,y2,0.232,0.617,0.582,0.619,0.155,0.162,0.117,0.516,0.492,0.552,0.14,0.25,0.112,0.729,1.0,0.712
23,y3,0.205,0.387,0.277,0.376,0.088,0.023,0.071,0.397,0.222,0.424,0.019,0.11,-0.096,0.615,0.712,1.0
24,.,1.0,0.649,0.57,0.535,-0.569,-0.408,-0.451,0.739,0.732,0.73,-0.488,-0.453,-0.505,-0.165,0.208,0.198
24,A1_1,0.649,1.0,0.812,0.797,-0.336,-0.192,-0.269,0.834,0.871,0.873,-0.192,-0.194,-0.29,0.358,0.616,0.398
24,A1_2,0.57,0.812,1.0,0.733,-0.142,-0.039,-0.064,0.797,0.793,0.792,-0.093,-0.003,-0.136,0.308,0.577,0.285
24,A1_3,0.535,0.797,0.733,1.0,-0.155,-0.054,-0.104,0.746,0.797,0.788,-0.098,-0.078,-0.146,0.501,0.626,0.399
24,B1_1,-0.569,-0.336,-0.142,-0.155,1.0,0.819,0.887,-0.331,-0.375,-0.468,0.822,0.843,0.849,0.443,0.123,0.053
24,B1_2,-0.408,-0.192,-0.039,-0.054,0.819,1.0,0.877,-0.217,-0.229,-0.282,0.822,0.881,0.881,0.34,0.119,-0.015
24,B1_3,-0.451,-0.269,-0.064,-0.104,0.887,0.877,1.0,-0.251,-0.256,-0.329,0.89,0.897,0.871,0.371,0.074,0.02
24,A2_1,0.739,0.834,0.797,0.746,-0.331,-0.217,-0.251,1.0,0.843,0.85,-0.232,-0.144,-0.272,0.217,0.515,0.4
24,A2_2,0.732,0.871,0.793,0.797,-0.375,-0.229,-0.256,0.843,1.0,0.836,-0.249,-0.231,-0.264,0.188,0.484,0.227
24,A2_3,0.73,0.873,0.792,0.788,-0.468,-0.282,-0.329,0.85,0.836,1.0,-0.309,-0.244,-0.378,0.243,0.552,0.43
24,B2_1,-0.488,-0.192,-0.093,-0.098,0.822,0.822,0.89,-0.232,-0.249,-0.309,1.0,0.879,0.859,0.413,0.104,-0.02
24,B2_2,-0.453,-0.194,-0.003,-0.078,0.843,0.881,0.897,-0.144,-0.231,-0.244,0.879,1.0,0.896,0.35,0.202,0.06
24,B2_3,-0.505,-0.29,-0.136,-0.146,0.849,0.881,0.871,-0.272,-0.264,-0.378,0.859,0.896,1.0,0.257,0.069,-0.132
24,y1,-0.165,0.358,0.308,0.501,0.443,0.34,0.371,0.217,0.188,0.243,0.413,0.35,0.257,1.0,0.756,0.651
24,y2,0.208,0.616,0.577,0.626,0.123,0.119,0.074,0.515,0.484,0.552,0.104,0.202,0.069,0.756,1.0,0.735
24,y3,0.198,0.398,0.285,0.399,0.053,-0.015,0.02,0.4,0.227,0.43,-0.02,0.06,-0.132,0.651,0.735,1.0
25,.,1.0,0.633,0.56,0.524,-0.602,-0.457,-0.497,0.728,0.719,0.717,-0.529,-0.499,-0.542,-0.17,0.178,0.183
25,A1_1,0.633,1.0,0.828,0.816,-0.375,-0.243,-0.319,0.846,0.878,0.882,-0.239,-0.243,-0.332,0.372,0.612,0.404
25,A1_2,0.56,0.828,1.0,0.754,-0.204,-0.109,-0.135,0.812,0.81,0.811,-0.151,-0.072,-0.195,0.313,0.57,0.292
25,A1_3,0.524,0.816,0.754,1.0,-0.208,-0.117,-0.169,0.764,0.809,0.806,-0.152,-0.137,-0.202,0.508,0.63,0.417
25,B1_1,-0.602,-0.375,-0.204,-0.208,1.0,0.835,0.897,-0.376,-0.415,-0.5,0.836,0.856,0.861,0.395,0.099,0.03
25,B1_2,-0.457,-0.243,-0.109,-0.117,0.835,1.0,0.889,-0.272,-0.281,-0.33,0.837,0.892,0.893,0.293,0.087,-0.041
25,B1_3,-0.497,-0.319,-0.135,-0.169,0.897,0.889,1.0,-0.306,-0.31,-0.379,0.9,0.908,0.884,0.315,0.041,-0.016
25,A2_1,0.728,0.846,0.812,0.764,-0.376,-0.272,-0.306,1.0,0.855,0.862,-0.279,-0.203,-0.321,0.232,0.51,0.399
25,A2_2,0.719,0.878,0.81,0.809,-0.415,-0.281,-0.31,0.855,1.0,0.847,-0.293,-0.28,-0.31,0.196,0.472,0.227
25,A2_3,0.717,0.882,0.811,0.806,-0.5,-0.33,-0.379,0.862,0.847,1.0,-0.351,-0.295,-0.417,0.264,0.549,0.431
25,B2_1,-0.529,-0.239,-0.151,-0.152,0.836,0.837,0.9,-0.279,-0.293,-0.351,1.0,0.89,0.87,0.362,0.077,-0.047
25,B2_2,-0.499,-0.243,-0.072,-0.137,0.856,0.892,0.908,-0.203,-0.28,-0.295,0.89,1.0,0.905,0.303,0.164,0.024
25,B2_3,-0.542,-0.332,-0.195,-0.202,0.861,0.893,0.884,-0.321,-0.31,-0.417,0.87,0.905,1.0,0.21,0.037,-0.154
