,,.,A1_1,A1_2,A1_3,B1_1,B1_2,B1_3,A2_1,A2_2,A2_3,B2_1,B2_2,B2_3,y1,y2,y3
2,.,1.0,-0.039,-0.238,-0.361,0.793,0.799,0.521,-0.351,-0.091,-0.515,0.047,-0.443,0.013,0.078,-0.175,-0.56
2,A1_1,-0.039,1.0,0.151,0.219,-0.321,0.188,0.184,-0.028,-0.14,-0.052,-0.837,-0.119,0.01,0.167,0.281,0.507
2,A1_2,-0.238,0.151,1.0,0.669,-0.359,-0.422,-0.355,-0.029,-0.024,0.397,-0.551,0.379,-0.298,0.227,0.081,0.41
2,A1_3,-0.361,0.219,0.669,1.0,-0.412,-0.261,-0.355,0.091,0.172,0.378,-0.548,0.182,-0.568,0.134,0.126,0.495
2,B1_1,0.793,-0.321,-0.359,-0.412,1.0,0.604,0.479,-0.48,-0.31,-0.201,0.365,-0.068,-0.102,0.225,-0.298,-0.562
2,B1_2,0.799,0.188,-0.422,-0.261,0.604,1.0,0.687,-0.267,-0.117,-0.432,-0.05,-0.33,-0.108,0.308,0.28,-0.271
2,B1_3,0.521,0.184,-0.355,-0.355,0.479,0.687,1.0,-0.616,-0.576,-0.152,0.108,0.105,-0.09,0.607,0.483,0.119
2,A2_1,-0.351,-0.028,-0.029,0.091,-0.48,-0.267,-0.616,1.0,0.915,0.184,0.084,-0.427,-0.194,-0.737,-0.015,-0.334
2,A2_2,-0.091,-0.14,-0.024,0.172,-0.31,-0.117,-0.576,0.915,1.0,-0.037,0.098,-0.605,-0.26,-0.816,-0.184,-0.512
2,A2_3,-0.515,-0.052,0.397,0.378,-0.201,-0.432,-0.152,0.184,-0.037,1.0,0.067,0.455,-0.563,0.233,0.367,0.356
2,B2_1,0.047,-0.837,-0.551,-0.548,0.365,-0.05,0.108,0.084,0.098,0.067,1.0,0.016,0.022,-0.211,-0.129,-0.542
2,B2_2,-0.443,-0.119,0.379,0.182,-0.068,-0.33,0.105,-0.427,-0.605,0.455,0.016,1.0,-0.182,0.701,0.28,0.527
2,B2_3,0.013,0.01,-0.298,-0.568,-0.102,-0.108,-0.09,-0.194,-0.26,-0.563,0.022,-0.182,1.0,-0.152,-0.272,-0.001
2,y1,0.078,0.167,0.227,0.134,0.225,0.308,0.607,-0.737,-0.816,0.233,-0.211,0.701,-0.152,1.0,0.573,0.594
2,y2,-0.175,0.281,0.081,0.126,-0.298,0.28,0.483,-0.015,-0.184,0.367,-0.129,0.28,-0.272,0.573,1.0,0.548
2,y3,-0.56,0.507,0.41,0.495,-0.562,-0.271,0.119,-0.334,-0.512,0.356,-0.542,0.527,-0.001,0.594,0.548,1.0
4,.,1.0,-0.135,0.586,-0.324,0.363,0.249,0.29,-0.679,-0.295,0.074,-0.149,-0.057,-0.29,-0.213,-0.454,-0.652
4,A1_1,-0.135,1.0,0.081,0.85,-0.208,-0.194,-0.621,0.421,-0.013,0.208,-0.139,-0.43,-0.279,-0.316,-0.108,0.424
4,A1_2,0.586,0.081,1.0,-0.042,-0.3,0.495,-0.36,-0.347,0.355,0.671,-0.649,-0.365,-0.441,0.269,-0.125,-0.307
4,A1_3,-0.324,0.85,-0.042,1.0,-0.326,-0.398,-0.502,0.666,0.172,0.363,-0.309,-0.259,-0.544,-0.198,-0.188,0.542
4,B1_1,0.363,-0.208,-0.3,-0.326,1.0,-0.04,0.679,-0.303,-0.839,-0.63,0.7,0.151,0.142,-0.331,-0.245,-0.294
4,B1_2,0.249,-0.194,0.495,-0.398,-0.04,1.0,0.033,-0.345,0.276,-0.022,-0.176,-0.366,0.037,0.154,-0.18,-0.531
4,B1_3,0.29,-0.621,-0.36,-0.502,0.679,0.033,1.0,-0.397,-0.45,-0.421,0.525,0.24,0.125,-0.413,-0.366,-0.565
4,A2_1,-0.679,0.421,-0.347,0.666,-0.303,-0.345,-0.397,1.0,0.388,0.024,-0.263,0.359,-0.365,0.053,-0.118,0.449
4,A2_2,-0.295,-0.013,0.355,0.172,-0.839,0.276,-0.45,0.388,1.0,0.577,-0.79,0.07,-0.341,0.289,-0.108,-0.056
4,A2_3,0.074,0.208,0.671,0.363,-0.63,-0.022,-0.421,0.024,0.577,1.0,-0.659,-0.362,-0.476,0.15,0.031,0.099
4,B2_1,-0.149,-0.139,-0.649,-0.309,0.7,-0.176,0.525,-0.263,-0.79,-0.659,1.0,-0.048,0.711,-0.37,0.279,0.054
4,B2_2,-0.057,-0.43,-0.365,-0.259,0.151,-0.366,0.24,0.359,0.07,-0.362,-0.048,1.0,-0.077,0.047,-0.202,-0.204
4,B2_3,-0.29,-0.279,-0.441,-0.544,0.142,0.037,0.125,-0.365,-0.341,-0.476,0.711,-0.077,1.0,0.002,0.666,0.116
4,y1,-0.213,-0.316,0.269,-0.198,-0.331,0.154,-0.413,0.053,0.289,0.15,-0.37,0.047,0.002,1.0,0.554,0.418
4,y2,-0.454,-0.108,-0.125,-0.188,-0.245,-0.18,-0.366,-0.118,-0.108,0.031,0.279,-0.202,0.666,0.554,1.0,0.643
4,y3,-0.652,0.424,-0.307,0.542,-0.294,-0.531,-0.565,0.449,-0.056,0.099,0.054,-0.204,0.116,0.418,0.643,1.0
6,.,1.0,-0.02,-0.436,-0.088,-0.34,-0.297,0.437,-0.653,0.011,-0.684,0.228,0.046,0.453,0.258,-0.867,-0.783
6,A1_1,-0.02,1.0,0.782,0.293,-0.384,-0.394,-0.335,0.409,0.214,0.218,-0.107,-0.745,-0.6,-0.165,0.091,0.079
6,A1_2,-0.436,0.782,1.0,0.386,-0.367,-0.423,-0.351,0.508,0.019,0.548,-0.358,-0.564,-0.717,-0.026,0.58,0.601
6,A1_3,-0.088,0.293,0.386,1.0,-0.146,-0.571,-0.327,0.045,0.638,0.726,-0.148,0.059,-0.314,-0.268,0.162,-0.043
6,B1_1,-0.34,-0.384,-0.367,-0.146,1.0,0.773,0.056,0.031,0.037,0.204,-0.065,-0.085,-0.141,-0.499,0.197,-0.041
6,B1_2,-0.297,-0.394,-0.423,-0.571,0.773,1.0,0.262,0.254,-0.358,-0.138,0.327,0.037,0.092,-0.484,0.216,-0.006
6,B1_3,0.437,-0.335,-0.351,-0.327,0.056,0.262,1.0,-0.564,-0.721,-0.585,0.32,0.261,0.593,0.273,-0.062,-0.093
6,A2_1,-0.653,0.409,0.508,0.045,0.031,0.254,-0.564,1.0,0.147,0.519,0.224,-0.231,-0.578,-0.573,0.507,0.322
6,A2_2,0.011,0.214,0.019,0.638,0.037,-0.358,-0.721,0.147,1.0,0.508,-0.111,-0.092,-0.383,-0.407,-0.281,-0.417
6,A2_3,-0.684,0.218,0.548,0.726,0.204,-0.138,-0.585,0.519,0.508,1.0,-0.318,-0.112,-0.676,-0.492,0.63,0.395
6,B2_1,0.228,-0.107,-0.358,-0.148,-0.065,0.327,0.32,0.224,-0.111,-0.318,1.0,0.457,0.445,-0.276,-0.199,-0.415
6,B2_2,0.046,-0.745,-0.564,0.059,-0.085,0.037,0.261,-0.231,-0.092,-0.112,0.457,1.0,0.742,0.187,-0.056,-0.085
6,B2_3,0.453,-0.6,-0.717,-0.314,-0.141,0.092,0.593,-0.578,-0.383,-0.676,0.445,0.742,1.0,0.424,-0.399,-0.292
6,y1,0.258,-0.165,-0.026,-0.268,-0.499,-0.484,0.273,-0.573,-0.407,-0.492,-0.276,0.187,0.424,1.0,-0.186,0.274
6,y2,-0.867,0.091,0.58,0.162,0.197,0.216,-0.062,0.507,-0.281,0.63,-0.199,-0.056,-0.399,-0.186,1.0,0.868
6,y3,-0.783,0.079,0.601,-0.043,-0.041,-0.006,-0.093,0.322,-0.417,0.395,-0.415,-0.085,-0.292,0.274,0.868,1.0
8,.,1.0,-0.173,0.191,-0.665,-0.322,0.106,0.035,-0.235,0.267,-0.205,0.494,0.195,0.449,-0.67,-0.12,-0.247
8,A1_1,-0.173,1.0,-0.161,0.338,-0.699,-0.699,-0.483,-0.017,0.235,0.674,-0.88,-0.467,-0.337,0.205,-0.265,0.634
8,A1_2,0.191,-0.161,1.0,-0.086,0.224,0.119,-0.677,0.808,0.451,0.251,0.27,-0.493,-0.005,-0.157,0.132,-0.199
8,A1_3,-0.665,0.338,-0.086,1.0,0.34,-0.624,-0.141,0.194,0.003,0.138,-0.43,-0.454,0.141,0.514,-0.448,-0.126
8,B1_1,-0.322,-0.699,0.224,0.34,1.0,0.298,0.222,0.198,-0.392,-0.4,0.495,0.119,0.329,-0.035,-0.146,-0.663
8,B1_2,0.106,-0.699,0.119,-0.624,0.298,1.0,0.392,-0.076,-0.181,-0.286,0.473,0.449,-0.322,-0.172,0.659,-0.029
8,B1_3,0.035,-0.483,-0.677,-0.141,0.222,0.392,1.0,-0.63,-0.378,-0.524,0.343,0.601,0.258,-0.106,0.2,-0.092
8,A2_1,-0.235,-0.017,0.808,0.194,0.198,-0.076,-0.63,1.0,0.354,0.261,0.085,-0.522,-0.082,0.2,0.26,-0.004
8,A2_2,0.267,0.235,0.451,0.003,-0.392,-0.181,-0.378,0.354,1.0,0.194,-0.131,-0.697,-0.046,0.301,0.295,0.107
8,A2_3,-0.205,0.674,0.251,0.138,-0.4,-0.286,-0.524,0.261,0.194,1.0,-0.616,-0.457,-0.568,0.0,0.04,0.714
8,B2_1,0.494,-0.88,0.27,-0.43,0.495,0.473,0.343,0.085,-0.131,-0.616,1.0,0.494,0.563,-0.394,0.084,-0.68
8,B2_2,0.195,-0.467,-0.493,-0.454,0.119,0.449,0.601,-0.522,-0.697,-0.457,0.494,1.0,0.09,-0.252,-0.01,-0.191
8,B2_3,0.449,-0.337,-0.005,0.141,0.329,-0.322,0.258,-0.082,-0.046,-0.568,0.563,0.09,1.0,-0.4,-0.529,-0.711
8,y1,-0.67,0.205,-0.157,0.514,-0.035,-0.172,-0.106,0.2,0.301,0.0,-0.394,-0.252,-0.4,1.0,0.242,0.116
8,y2,-0.12,-0.265,0.132,-0.448,-0.146,0.659,0.2,0.26,0.295,0.04,0.084,-0.01,-0.529,0.242,1.0,0.461
8,y3,-0.247,0.634,-0.199,-0.126,-0.663,-0.029,-0.092,-0.004,0.107,0.714,-0.68,-0.191,-0.711,0.116,0.461,1.0
10,.,1.0,-0.063,0.462,0.366,-0.604,0.326,-0.157,0.074,-0.171,0.618,-0.155,-0.057,-0.645,-0.24,-0.371,-0.146
10,A1_1,-0.063,1.0,0.158,-0.017,-0.531,-0.498,-0.647,0.34,0.096,0.111,-0.12,-0.268,-0.67,0.163,-0.064,0.649
10,A1_2,0.462,0.158,1.0,0.504,-0.474,-0.287,-0.704,0.091,0.561,0.829,-0.47,-0.551,-0.439,0.592,0.426,0.209
10,A1_3,0.366,-0.017,0.504,1.0,-0.626,-0.053,-0.379,0.588,0.669,0.437,-0.834,-0.829,-0.133,0.073,-0.167,-0.41
10,B1_1,-0.604,-0.531,-0.474,-0.626,1.0,0.093,0.592,-0.573,-0.337,-0.621,0.551,0.471,0.8,-0.028,0.371,-0.133
10,B1_2,0.326,-0.498,-0.287,-0.053,0.093,1.0,0.325,-0.2,-0.229,-0.087,0.054,0.484,0.043,-0.117,-0.363,-0.134
10,B1_3,-0.157,-0.647,-0.704,-0.379,0.592,0.325,1.0,-0.277,-0.517,-0.502,0.512,0.566,0.578,-0.606,-0.24,-0.587
10,A2_1,0.074,0.34,0.091,0.588,-0.573,-0.2,-0.277,1.0,0.411,0.322,-0.801,-0.673,-0.31,0.002,-0.094,-0.046
10,A2_2,-0.171,0.096,0.561,0.669,-0.337,-0.229,-0.517,0.411,1.0,0.418,-0.73,-0.687,0.035,0.68,0.33,0.006
10,A2_3,0.618,0.111,0.829,0.437,-0.621,-0.087,-0.502,0.322,0.418,1.0,-0.525,-0.362,-0.614,0.471,0.327,0.242
10,B2_1,-0.155,-0.12,-0.47,-0.834,0.551,0.054,0.512,-0.801,-0.73,-0.525,1.0,0.827,0.193,-0.376,-0.158,0.031
10,B2_2,-0.057,-0.268,-0.551,-0.829,0.471,0.484,0.566,-0.673,-0.687,-0.362,0.827,1.0,0.112,-0.233,-0.16,0.155
10,B2_3,-0.645,-0.67,-0.439,-0.133,0.8,0.043,0.578,-0.31,0.035,-0.614,0.193,0.112,1.0,-0.086,0.215,-0.51
10,y1,-0.24,0.163,0.592,0.073,-0.028,-0.117,-0.606,0.002,0.68,0.471,-0.376,-0.233,-0.086,1.0,0.746,0.601
10,y2,-0.371,-0.064,0.426,-0.167,0.371,-0.363,-0.24,-0.094,0.33,0.327,-0.158,-0.16,0.215,0.746,1.0,0.434
10,y3,-0.146,0.649,0.209,-0.41,-0.133,-0.134,-0.587,-0.046,0.006,0.242,0.031,0.155,-0.51,0.601,0.434,1.0
12,.,1.0,0.366,0.255,0.391,-0.484,-0.526,-0.041,0.06,0.106,0.034,-0.032,0.082,-0.619,-0.596,-0.505,-0.518
12,A1_1,0.366,1.0,0.708,0.905,-0.581,-0.815,-0.744,0.618,0.531,0.381,0.248,-0.581,-0.599,-0.207,-0.014,0.218
12,A1_2,0.255,0.708,1.0,0.845,-0.572,-0.698,-0.807,0.809,0.906,0.522,-0.222,-0.291,-0.747,-0.282,-0.292,-0.138
12,A1_3,0.391,0.905,0.845,1.0,-0.483,-0.832,-0.711,0.623,0.63,0.29,-0.048,-0.371,-0.779,-0.327,-0.246,0.016
12,B1_1,-0.484,-0.581,-0.572,-0.483,1.0,0.315,0.438,-0.558,-0.434,-0.431,-0.463,0.189,0.285,-0.154,0.026,-0.185
12,B1_2,-0.526,-0.815,-0.698,-0.832,0.315,1.0,0.601,-0.496,-0.611,-0.216,0.172,0.277,0.847,0.595,0.277,0.261
12,B1_3,-0.041,-0.744,-0.807,-0.711,0.438,0.601,1.0,-0.833,-0.834,-0.445,0.161,0.611,0.443,0.265,0.228,0.001
12,A2_1,0.06,0.618,0.809,0.623,-0.558,-0.496,-0.833,1.0,0.887,0.521,-0.108,-0.569,-0.51,-0.029,0.004,-0.013
12,A2_2,0.106,0.531,0.906,0.63,-0.434,-0.611,-0.834,0.887,1.0,0.477,-0.365,-0.311,-0.632,-0.304,-0.272,-0.284
12,A2_3,0.034,0.381,0.522,0.29,-0.431,-0.216,-0.445,0.521,0.477,1.0,0.171,-0.62,-0.331,0.02,0.315,0.124
12,B2_1,-0.032,0.248,-0.222,-0.048,-0.463,0.172,0.161,-0.108,-0.365,0.171,1.0,-0.203,0.393,0.643,0.652,0.769
12,B2_2,0.082,-0.581,-0.291,-0.371,0.189,0.277,0.611,-0.569,-0.311,-0.62,-0.203,1.0,0.176,0.002,-0.366,-0.289
12,B2_3,-0.619,-0.599,-0.747,-0.779,0.285,0.847,0.443,-0.51,-0.632,-0.331,0.393,0.176,1.0,0.638,0.375,0.492
12,y1,-0.596,-0.207,-0.282,-0.327,-0.154,0.595,0.265,-0.029,-0.304,0.02,0.643,0.002,0.638,1.0,0.747,0.825
12,y2,-0.505,-0.014,-0.292,-0.246,0.026,0.277,0.228,0.004,-0.272,0.315,0.652,-0.366,0.375,0.747,1.0,0.74
12,y3,-0.518,0.218,-0.138,0.016,-0.185,0.261,0.001,-0.013,-0.284,0.124,0.769,-0.289,0.492,0.825,0.74,1.0
14,.,1.0,-0.378,-0.371,-0.23,-0.341,0.361,-0.405,0.343,-0.155,0.195,0.073,0.144,0.568,-0.718,-0.302,-0.667
14,A1_1,-0.378,1.0,0.765,0.931,-0.316,-0.832,-0.32,0.186,0.03,0.173,-0.1,-0.441,-0.705,0.56,0.516,0.182
14,A1_2,-0.371,0.765,1.0,0.713,0.197,-0.522,0.126,-0.029,-0.514,-0.25,0.168,-0.448,-0.493,0.539,0.559,0.513
14,A1_3,-0.23,0.931,0.713,1.0,-0.406,-0.733,-0.509,0.462,-0.069,0.103,0.027,-0.465,-0.638,0.586,0.668,0.138
14,B1_1,-0.341,-0.316,0.197,-0.406,1.0,0.269,0.922,-0.677,-0.495,-0.782,0.409,0.011,0.07,0.127,-0.097,0.578
14,B1_2,0.361,-0.832,-0.522,-0.733,0.269,1.0,0.234,-0.005,-0.078,-0.037,-0.143,0.528,0.832,-0.599,-0.429,0.007
14,B1_3,-0.405,-0.32,0.126,-0.509,0.922,0.234,1.0,-0.867,-0.37,-0.619,0.32,0.123,0.141,0.082,-0.194,0.545
14,A2_1,0.343,0.186,-0.029,0.462,-0.677,-0.005,-0.867,1.0,0.067,0.416,-0.205,-0.315,-0.031,0.053,0.424,-0.186
14,A2_2,-0.155,0.03,-0.514,-0.069,-0.495,-0.078,-0.37,0.067,1.0,0.598,-0.7,0.412,-0.199,-0.258,-0.493,-0.449
14,A2_3,0.195,0.173,-0.25,0.103,-0.782,-0.037,-0.619,0.416,0.598,1.0,-0.793,0.042,0.126,-0.306,-0.2,-0.395
14,B2_1,0.073,-0.1,0.168,0.027,0.409,-0.143,0.32,-0.205,-0.7,-0.793,1.0,-0.237,0.01,0.394,0.45,0.192
14,B2_2,0.144,-0.441,-0.448,-0.465,0.011,0.528,0.123,-0.315,0.412,0.042,-0.237,1.0,0.415,-0.577,-0.686,-0.411
14,B2_3,0.568,-0.705,-0.493,-0.638,0.07,0.832,0.141,-0.031,-0.199,0.126,0.01,0.415,1.0,-0.58,-0.313,-0.116
14,y1,-0.718,0.56,0.539,0.586,0.127,-0.599,0.082,0.053,-0.258,-0.306,0.394,-0.577,-0.58,1.0,0.831,0.633
14,y2,-0.302,0.516,0.559,0.668,-0.097,-0.429,-0.194,0.424,-0.493,-0.2,0.45,-0.686,-0.313,0.831,1.0,0.563
14,y3,-0.667,0.182,0.513,0.138,0.578,0.007,0.545,-0.186,-0.449,-0.395,0.192,-0.411,-0.116,0.633,0.563,1.0
16,.,1.0,-0.053,0.163,0.187,-0.58,-0.231,-0.251,0.166,0.088,0.411,0.405,-0.388,0.05,-0.859,-0.826,-0.854
16,A1_1,-0.053,1.0,0.16,0.678,-0.554,-0.812,-0.278,0.62,0.68,0.128,0.039,-0.194,-0.595,0.446,-0.088,0.063
16,A1_2,0.163,0.16,1.0,0.536,-0.489,-0.55,-0.788,0.671,0.64,0.596,0.176,-0.637,-0.359,-0.302,-0.617,0.01
16,A1_3,0.187,0.678,0.536,1.0,-0.791,-0.733,-0.603,0.597,0.896,0.432,-0.263,-0.655,-0.731,-0.04,-0.372,0.015
16,B1_1,-0.58,-0.554,-0.489,-0.791,1.0,0.724,0.443,-0.72,-0.628,-0.499,-0.117,0.53,0.393,0.366,0.663,0.517
16,B1_2,-0.231,-0.812,-0.55,-0.733,0.724,1.0,0.716,-0.705,-0.833,-0.527,-0.067,0.512,0.661,0.002,0.498,0.145
16,B1_3,-0.251,-0.278,-0.788,-0.603,0.443,0.716,1.0,-0.434,-0.776,-0.775,0.119,0.694,0.676,0.351,0.597,-0.025
16,A2_1,0.166,0.62,0.671,0.597,-0.72,-0.705,-0.434,1.0,0.539,0.532,0.415,-0.256,-0.343,0.008,-0.517,-0.182
16,A2_2,0.088,0.68,0.64,0.896,-0.628,-0.833,-0.776,0.539,1.0,0.429,-0.253,-0.758,-0.798,0.017,-0.396,0.176
16,A2_3,0.411,0.128,0.596,0.432,-0.499,-0.527,-0.775,0.532,0.429,1.0,0.008,-0.306,-0.552,-0.494,-0.62,-0.21
16,B2_1,0.405,0.039,0.176,-0.263,-0.117,-0.067,0.119,0.415,-0.253,0.008,1.0,0.102,0.492,-0.224,-0.488,-0.55
16,B2_2,-0.388,-0.194,-0.637,-0.655,0.53,0.512,0.694,-0.256,-0.758,-0.306,0.102,1.0,0.334,0.456,0.655,0.158
16,B2_3,0.05,-0.595,-0.359,-0.731,0.393,0.661,0.676,-0.343,-0.798,-0.552,0.492,0.334,1.0,-0.157,0.085,-0.395
16,y1,-0.859,0.446,-0.302,-0.04,0.366,0.002,0.351,0.008,0.017,-0.494,-0.224,0.456,-0.157,1.0,0.786,0.713
16,y2,-0.826,-0.088,-0.617,-0.372,0.663,0.498,0.597,-0.517,-0.396,-0.62,-0.488,0.655,0.085,0.786,1.0,0.677
16,y3,-0.854,0.063,0.01,0.015,0.517,0.145,-0.025,-0.182,0.176,-0.21,-0.55,0.158,-0.395,0.713,0.677,1.0
18,.,1.0,0.304,0.336,0.227,-0.516,-0.125,-0.014,0.296,0.301,-0.18,-0.341,-0.457,0.272,-0.313,-0.709,-0.306
18,A1_1,0.304,1.0,0.606,0.419,-0.543,-0.593,-0.538,0.42,0.775,0.649,-0.446,-0.798,-0.344,-0.097,-0.274,-0.171
18,A1_2,0.336,0.606,1.0,0.691,-0.622,-0.541,0.209,0.38,0.505,0.041,-0.656,-0.753,-0.493,-0.593,-0.531,-0.673
18,A1_3,0.227,0.419,0.691,1.0,-0.865,-0.556,-0.015,0.85,0.566,0.004,-0.884,-0.682,-0.552,0.047,-0.273,-0.088
18,B1_1,-0.516,-0.543,-0.622,-0.865,1.0,0.756,0.296,-0.717,-0.634,-0.188,0.713,0.646,0.334,-0.105,0.278,0.022
18,B1_2,-0.125,-0.593,-0.541,-0.556,0.756,1.0,0.491,-0.255,-0.551,-0.544,0.278,0.369,0.324,-0.059,-0.032,0.034
18,B1_3,-0.014,-0.538,0.209,-0.015,0.296,0.491,1.0,-0.19,-0.585,-0.848,-0.055,0.089,-0.05,-0.589,-0.252,-0.577
18,A2_1,0.296,0.42,0.38,0.85,-0.717,-0.255,-0.19,1.0,0.596,0.042,-0.875,-0.663,-0.389,0.269,-0.294,0.129
18,A2_2,0.301,0.775,0.505,0.566,-0.634,-0.551,-0.585,0.596,1.0,0.634,-0.637,-0.657,-0.336,0.028,-0.42,0.045
18,A2_3,-0.18,0.649,0.041,0.004,-0.188,-0.544,-0.848,0.042,0.634,1.0,-0.015,-0.198,-0.317,0.325,0.266,0.282
18,B2_1,-0.341,-0.446,-0.656,-0.884,0.713,0.278,-0.055,-0.875,-0.637,-0.015,1.0,0.802,0.636,0.051,0.449,0.165
18,B2_2,-0.457,-0.798,-0.753,-0.682,0.646,0.369,0.089,-0.663,-0.657,-0.198,0.802,1.0,0.541,0.196,0.467,0.275
18,B2_3,0.272,-0.344,-0.493,-0.552,0.334,0.324,-0.05,-0.389,-0.336,-0.317,0.636,0.541,1.0,-0.073,-0.188,0.101
18,y1,-0.313,-0.097,-0.593,0.047,-0.105,-0.059,-0.589,0.269,0.028,0.325,0.051,0.196,-0.073,1.0,0.694,0.927
18,y2,-0.709,-0.274,-0.531,-0.273,0.278,-0.032,-0.252,-0.294,-0.42,0.266,0.449,0.467,-0.188,0.694,1.0,0.576
18,y3,-0.306,-0.171,-0.673,-0.088,0.022,0.034,-0.577,0.129,0.045,0.282,0.165,0.275,0.101,0.927,0.576,1.0
20,.,1.0,0.13,-0.327,-0.221,0.034,-0.127,0.48,-0.258,-0.286,-0.318,0.211,0.78,0.26,-0.636,-0.78,-0.562
20,A1_1,0.13,1.0,0.091,0.296,-0.458,-0.678,-0.396,0.732,0.236,0.201,-0.151,0.111,-0.383,-0.102,-0.465,-0.442
20,A1_2,-0.327,0.091,1.0,0.585,-0.435,-0.077,-0.595,0.483,0.427,0.312,0.143,-0.41,-0.588,-0.318,0.058,-0.507
20,A1_3,-0.221,0.296,0.585,1.0,-0.713,-0.337,-0.821,0.53,0.75,0.165,-0.514,-0.059,-0.765,-0.136,-0.341,-0.237
20,B1_1,0.034,-0.458,-0.435,-0.713,1.0,0.565,0.654,-0.256,-0.8,-0.629,0.489,-0.042,0.419,-0.027,0.484,0.229
20,B1_2,-0.127,-0.678,-0.077,-0.337,0.565,1.0,0.473,-0.456,-0.66,-0.561,0.322,-0.116,0.511,-0.209,0.592,0.285
20,B1_3,0.48,-0.396,-0.595,-0.821,0.654,0.473,1.0,-0.699,-0.763,-0.477,0.301,0.474,0.741,-0.088,0.114,0.075
20,A2_1,-0.258,0.732,0.483,0.53,-0.256,-0.456,-0.699,1.0,0.302,0.05,-0.006,-0.285,-0.749,-0.175,-0.134,-0.43
20,A2_2,-0.286,0.236,0.427,0.75,-0.8,-0.66,-0.763,0.302,1.0,0.605,-0.651,-0.145,-0.667,0.311,-0.303,-0.028
20,A2_3,-0.318,0.201,0.312,0.165,-0.629,-0.561,-0.477,0.05,0.605,1.0,-0.09,-0.416,-0.096,0.442,-0.023,0.122
20,B2_1,0.211,-0.151,0.143,-0.514,0.489,0.322,0.301,-0.006,-0.651,-0.09,1.0,-0.157,0.3,-0.471,0.163,-0.316
20,B2_2,0.78,0.111,-0.41,-0.059,-0.042,-0.116,0.474,-0.285,-0.145,-0.416,-0.157,1.0,0.054,-0.307,-0.673,-0.346
20,B2_3,0.26,-0.383,-0.588,-0.765,0.419,0.511,0.741,-0.749,-0.667,-0.096,0.3,0.054,1.0,0.041,0.245,0.383
20,y1,-0.636,-0.102,-0.318,-0.136,-0.027,-0.209,-0.088,-0.175,0.311,0.442,-0.471,-0.307,0.041,1.0,0.475,0.788
20,y2,-0.78,-0.465,0.058,-0.341,0.484,0.592,0.114,-0.134,-0.303,-0.023,0.163,-0.673,0.245,0.475,1.0,0.602
20,y3,-0.562,-0.442,-0.507,-0.237,0.229,0.285,0.075,-0.43,-0.028,0.122,-0.316,-0.346,0.383,0.788,0.602,1.0
22,.,1.0,0.17,-0.174,-0.039,0.498,0.305,0.088,-0.267,0.074,-0.331,0.435,-0.012,-0.033,-0.341,-0.644,-0.259
22,A1_1,0.17,1.0,0.067,0.552,-0.389,-0.522,-0.573,0.287,0.223,0.28,-0.065,-0.482,0.047,-0.112,-0.294,-0.293
22,A1_2,-0.174,0.067,1.0,-0.41,-0.74,-0.069,0.209,0.218,0.286,0.235,-0.064,-0.413,-0.416,-0.319,0.653,0.727
22,A1_3,-0.039,0.552,-0.41,1.0,-0.178,-0.475,-0.876,0.273,0.563,0.396,-0.626,-0.291,-0.084,0.438,-0.367,-0.498
22,B1_1,0.498,-0.389,-0.74,-0.178,1.0,0.527,0.33,-0.541,-0.519,-0.625,0.522,0.557,0.423,-0.052,-0.597,-0.476
22,B1_2,0.305,-0.522,-0.069,-0.475,0.527,1.0,0.521,-0.82,-0.19,-0.479,0.454,0.761,0.215,-0.315,-0.092,-0.239
22,B1_3,0.088,-0.573,0.209,-0.876,0.33,0.521,1.0,-0.213,-0.521,-0.604,0.684,0.374,0.214,-0.387,0.431,0.464
22,A2_1,-0.267,0.287,0.218,0.273,-0.541,-0.82,-0.213,1.0,0.301,0.519,-0.295,-0.542,-0.53,0.198,0.381,0.496
22,A2_2,0.074,0.223,0.286,0.563,-0.519,-0.19,-0.521,0.301,1.0,0.571,-0.713,-0.349,-0.493,0.022,0.099,0.044
22,A2_3,-0.331,0.28,0.235,0.396,-0.625,-0.479,-0.604,0.519,0.571,1.0,-0.636,-0.183,-0.494,-0.056,0.089,-0.026
22,B2_1,0.435,-0.065,-0.064,-0.626,0.522,0.454,0.684,-0.295,-0.713,-0.636,1.0,0.398,0.211,-0.349,-0.126,0.016
22,B2_2,-0.012,-0.482,-0.413,-0.291,0.557,0.761,0.374,-0.542,-0.349,-0.183,0.398,1.0,0.238,-0.18,-0.113,-0.445
22,B2_3,-0.033,0.047,-0.416,-0.084,0.423,0.215,0.214,-0.53,-0.493,-0.494,0.211,0.238,1.0,-0.252,-0.224,-0.452
22,y1,-0.341,-0.112,-0.319,0.438,-0.052,-0.315,-0.387,0.198,0.022,-0.056,-0.349,-0.18,-0.252,1.0,0.02,0.032
22,y2,-0.644,-0.294,0.653,-0.367,-0.597,-0.092,0.431,0.381,0.099,0.089,-0.126,-0.113,-0.224,0.02,1.0,0.789
22,y3,-0.259,-0.293,0.727,-0.498,-0.476,-0.239,0.464,0.496,0.044,-0.026,0.016,-0.445,-0.452,0.032,0.789,1.0
24,.,1.0,0.284,0.003,-0.163,0.02,0.307,0.48,0.181,0.02,-0.298,0.301,-0.061,0.045,-0.524,-0.636,-0.838
24,A1_1,0.284,1.0,0.285,0.534,-0.222,0.325,-0.011,0.357,0.288,-0.001,-0.358,-0.61,-0.643,-0.112,-0.597,-0.114
24,A1_2,0.003,0.285,1.0,0.767,-0.606,-0.423,-0.18,0.242,0.663,0.311,-0.657,-0.545,-0.202,-0.093,0.168,0.442
24,A1_3,-0.163,0.534,0.767,1.0,-0.432,-0.292,-0.193,0.44,0.522,0.39,-0.459,-0.837,-0.467,-0.286,0.007,0.548
24,B1_1,0.02,-0.222,-0.606,-0.432,1.0,0.595,0.621,0.368,-0.597,-0.288,0.748,0.353,0.187,-0.362,-0.4,-0.244
24,B1_2,0.307,0.325,-0.423,-0.292,0.595,1.0,0.763,0.342,-0.55,-0.799,0.427,0.211,0.197,-0.12,-0.646,-0.496
24,B1_3,0.48,-0.011,-0.18,-0.193,0.621,0.763,1.0,0.498,-0.43,-0.747,0.618,0.133,0.436,-0.483,-0.47,-0.451
24,A2_1,0.181,0.357,0.242,0.44,0.368,0.342,0.498,1.0,0.302,-0.01,0.331,-0.629,-0.355,-0.666,-0.325,-0.041
24,A2_2,0.02,0.288,0.663,0.522,-0.597,-0.55,-0.43,0.302,1.0,0.569,-0.471,-0.693,-0.643,0.002,0.344,0.282
24,A2_3,-0.298,-0.001,0.311,0.39,-0.288,-0.799,-0.747,-0.01,0.569,1.0,-0.291,-0.382,-0.63,-0.095,0.274,0.454
24,B2_1,0.301,-0.358,-0.657,-0.459,0.748,0.427,0.618,0.331,-0.471,-0.291,1.0,0.23,0.244,-0.562,-0.269,-0.483
24,B2_2,-0.061,-0.61,-0.545,-0.837,0.353,0.211,0.133,-0.629,-0.693,-0.382,0.23,1.0,0.661,0.409,0.047,-0.238
24,B2_3,0.045,-0.643,-0.202,-0.467,0.187,0.197,0.436,-0.355,-0.643,-0.63,0.244,0.661,1.0,0.071,0.142,-0.197
24,y1,-0.524,-0.112,-0.093,-0.286,-0.362,-0.12,-0.483,-0.666,0.002,-0.095,-0.562,0.409,0.071,1.0,0.511,0.339
24,y2,-0.636,-0.597,0.168,0.007,-0.4,-0.646,-0.47,-0.325,0.344,0.274,-0.269,0.047,0.142,0.511,1.0,0.623
24,y3,-0.838,-0.114,0.442,0.548,-0.244,-0.496,-0.451,-0.041,0.282,0.454,-0.483,-0.238,-0.197,0.339,0.623,1.0
26,.,1.0,-0.621,0.2,0.297,0.379,-0.56,0.376,0.203,-0.134,-0.12,-0.046,0.092,0.525,-0.67,-0.656,-0.257
26,A1_1,-0.621,1.0,0.247,0.216,-0.501,0.205,-0.871,0.192,0.449,0.509,-0.309,0.14,-0.655,0.188,0.253,-0.334
26,A1_2,0.2,0.247,1.0,0.513,-0.379,-0.607,-0.54,0.513,0.668,0.583,-0.68,-0.385,-0.209,-0.551,0.048,0.219
26,A1_3,0.297,0.216,0.513,1.0,-0.673,-0.208,-0.531,0.789,0.496,0.342,-0.729,-0.509,-0.097,-0.094,-0.147,-0.228
26,B1_1,0.379,-0.501,-0.379,-0.673,1.0,-0.127,0.692,-0.563,-0.558,-0.396,0.529,0.675,0.397,-0.381,-0.254,-0.108
26,B1_2,-0.56,0.205,-0.607,-0.208,-0.127,1.0,-0.047,-0.17,-0.293,-0.38,0.375,0.2,-0.063,0.851,0.505,-0.093
26,B1_3,0.376,-0.871,-0.54,-0.531,0.692,-0.047,1.0,-0.491,-0.546,-0.553,0.501,0.135,0.471,-0.053,-0.272,0.182
26,A2_1,0.203,0.192,0.513,0.789,-0.563,-0.17,-0.491,1.0,0.763,0.673,-0.843,-0.511,-0.425,-0.25,0.204,-0.025
26,A2_2,-0.134,0.449,0.668,0.496,-0.558,-0.293,-0.546,0.763,1.0,0.925,-0.863,-0.445,-0.808,-0.303,0.271,0.078
26,A2_3,-0.12,0.509,0.583,0.342,-0.396,-0.38,-0.553,0.673,0.925,1.0,-0.76,-0.226,-0.82,-0.43,0.209,-0.047
26,B2_1,-0.046,-0.309,-0.68,-0.729,0.529,0.375,0.501,-0.843,-0.863,-0.76,1.0,0.57,0.543,0.311,-0.223,-0.09
26,B2_2,0.092,0.14,-0.385,-0.509,0.675,0.2,0.135,-0.511,-0.445,-0.226,0.57,1.0,0.111,-0.131,-0.273,-0.643
26,B2_3,0.525,-0.655,-0.209,-0.097,0.397,-0.063,0.471,-0.425,-0.808,-0.82,0.543,0.111,1.0,0.005,-0.364,0.083
26,y1,-0.67,0.188,-0.551,-0.094,-0.381,0.851,-0.053,-0.25,-0.303,-0.43,0.311,-0.131,0.005,1.0,0.425,0.084
26,y2,-0.656,0.253,0.048,-0.147,-0.254,0.505,-0.272,0.204,0.271,0.209,-0.223,-0.273,-0.364,0.425,1.0,0.559
26,y3,-0.257,-0.334,0.219,-0.228,-0.108,-0.093,0.182,-0.025,0.078,-0.047,-0.09,-0.643,0.083,0.084,0.559,1.0
28,.,1.0,-0.265,-0.004,-0.521,0.268,-0.256,0.12,0.435,-0.074,-0.478,0.034,-0.229,0.65,-0.573,-0.538,-0.635
28,A1_1,-0.265,1.0,0.449,0.259,-0.405,-0.526,-0.521,0.297,0.398,0.193,-0.37,-0.524,-0.606,0.262,0.598,-0.24
28,A1_2,-0.004,0.449,1.0,0.312,-0.332,-0.467,-0.935,0.182,0.546,0.018,-0.365,-0.551,-0.356,-0.217,-0.035,0.073
28,A1_3,-0.521,0.259,0.312,1.0,0.141,0.466,-0.327,-0.324,0.362,0.732,-0.66,-0.212,-0.529,0.54,0.049,0.21
28,B1_1,0.268,-0.405,-0.332,0.141,1.0,0.649,0.584,-0.566,-0.581,-0.169,0.024,0.362,0.17,0.152,-0.568,-0.046
28,B1_2,-0.256,-0.526,-0.467,0.466,0.649,1.0,0.495,-0.639,-0.355,0.324,-0.178,0.486,0.158,0.395,-0.381,0.338
28,B1_3,0.12,-0.521,-0.935,-0.327,0.584,0.495,1.0,-0.365,-0.668,-0.134,0.43,0.578,0.316,0.118,-0.15,-0.08
28,A2_1,0.435,0.297,0.182,-0.324,-0.566,-0.639,-0.365,1.0,0.498,-0.144,-0.019,-0.566,0.18,-0.215,0.16,-0.623
28,A2_2,-0.074,0.398,0.546,0.362,-0.581,-0.355,-0.668,0.498,1.0,0.618,-0.39,-0.867,-0.408,-0.294,-0.003,-0.374
28,A2_3,-0.478,0.193,0.018,0.732,-0.169,0.324,-0.134,-0.144,0.618,1.0,-0.546,-0.403,-0.472,0.188,0.101,-0.041
28,B2_1,0.034,-0.37,-0.365,-0.66,0.024,-0.178,0.43,-0.019,-0.39,-0.546,1.0,0.455,0.104,-0.259,-0.087,0.021
28,B2_2,-0.229,-0.524,-0.551,-0.212,0.362,0.486,0.578,-0.566,-0.867,-0.403,0.455,1.0,0.382,0.343,0.044,0.607
28,B2_3,0.65,-0.606,-0.356,-0.529,0.17,0.158,0.316,0.18,-0.408,-0.472,0.104,0.382,1.0,-0.304,-0.396,-0.089
28,y1,-0.573,0.262,-0.217,0.54,0.152,0.395,0.118,-0.215,-0.294,0.188,-0.259,0.343,-0.304,1.0,0.559,0.356
28,y2,-0.538,0.598,-0.035,0.049,-0.568,-0.381,-0.15,0.16,-0.003,0.101,-0.087,0.044,-0.396,0.559,1.0,0.249
28,y3,-0.635,-0.24,0.073,0.21,-0.046,0.338,-0.08,-0.623,-0.374,-0.041,0.021,0.607,-0.089,0.356,0.249,1.0
30,.,1.0,0.359,-0.526,-0.097,-0.581,-0.384,-0.155,0.073,-0.173,0.451,0.017,0.229,0.367,-0.518,-0.354,-0.822
30,A1_1,0.359,1.0,0.432,0.517,-0.615,-0.266,-0.79,0.156,0.726,0.609,-0.569,-0.31,-0.221,0.187,-0.497,-0.535
30,A1_2,-0.526,0.432,1.0,0.715,-0.077,0.064,-0.415,-0.13,0.634,0.15,-0.614,-0.723,-0.598,0.351,-0.12,0.292
30,A1_3,-0.097,0.517,0.715,1.0,-0.133,-0.248,-0.569,-0.157,0.726,0.375,-0.526,-0.725,-0.619,0.016,-0.606,-0.17
30,B1_1,-0.581,-0.615,-0.077,-0.133,1.0,0.146,0.278,-0.181,-0.241,-0.566,0.425,0.27,-0.134,0.181,0.106,0.429
30,B1_2,-0.384,-0.266,0.064,-0.248,0.146,1.0,0.663,-0.521,-0.201,-0.554,0.23,0.324,0.041,-0.258,0.094,0.084
30,B1_3,-0.155,-0.79,-0.415,-0.569,0.278,0.663,1.0,-0.513,-0.81,-0.668,0.629,0.505,0.377,-0.462,0.419,0.187
30,A2_1,0.073,0.156,-0.13,-0.157,-0.181,-0.521,-0.513,1.0,0.271,0.619,-0.313,-0.287,-0.219,0.332,0.005,0.222
30,A2_2,-0.173,0.726,0.634,0.726,-0.241,-0.201,-0.81,0.271,1.0,0.417,-0.701,-0.605,-0.507,0.423,-0.451,-0.05
30,A2_3,0.451,0.609,0.15,0.375,-0.566,-0.554,-0.668,0.619,0.417,1.0,-0.5,-0.473,-0.373,-0.064,-0.549,-0.38
30,B2_1,0.017,-0.569,-0.614,-0.526,0.425,0.23,0.629,-0.313,-0.701,-0.5,1.0,0.674,0.241,-0.273,0.216,-0.043
30,B2_2,0.229,-0.31,-0.723,-0.725,0.27,0.324,0.505,-0.287,-0.605,-0.473,0.674,1.0,0.704,-0.088,0.209,-0.29
30,B2_3,0.367,-0.221,-0.598,-0.619,-0.134,0.041,0.377,-0.219,-0.507,-0.373,0.241,0.704,1.0,0.065,0.506,-0.158
30,y1,-0.518,0.187,0.351,0.016,0.181,-0.258,-0.462,0.332,0.423,-0.064,-0.273,-0.088,0.065,1.0,0.427,0.527
30,y2,-0.354,-0.497,-0.12,-0.606,0.106,0.094,0.419,0.005,-0.451,-0.549,0.216,0.209,0.506,0.427,1.0,0.687
30,y3,-0.822,-0.535,0.292,-0.17,0.429,0.084,0.187,0.222,-0.05,-0.38,-0.043,-0.29,-0.158,0.527,0.687,1.0
32,.,1.0,0.062,-0.15,0.231,0.091,-0.1,-0.079,0.259,0.333,0.576,0.045,0.109,-0.142,-0.668,-0.76,-0.52
32,A1_1,0.062,1.0,-0.073,0.505,-0.061,-0.201,-0.685,0.608,0.437,0.356,-0.135,-0.056,-0.66,-0.248,-0.395,0.341
32,A1_2,-0.15,-0.073,1.0,0.137,-0.28,-0.674,-0.34,0.193,0.464,0.117,-0.059,-0.884,-0.484,0.67,0.514,-0.392
32,A1_3,0.231,0.505,0.137,1.0,-0.454,-0.22,-0.807,0.885,0.858,0.771,-0.653,0.036,-0.637,-0.055,-0.331,0.236
32,B1_1,0.091,-0.061,-0.28,-0.454,1.0,0.121,0.124,-0.547,-0.617,-0.22,0.866,0.206,0.118,-0.451,-0.022,-0.11
32,B1_2,-0.1,-0.201,-0.674,-0.22,0.121,1.0,0.253,-0.479,-0.434,-0.088,-0.198,0.769,0.627,-0.264,-0.234,0.627
32,B1_3,-0.079,-0.685,-0.34,-0.807,0.124,0.253,1.0,-0.685,-0.745,-0.682,0.333,0.184,0.837,-0.019,0.195,-0.311
32,A2_1,0.259,0.608,0.193,0.885,-0.547,-0.479,-0.685,1.0,0.888,0.595,-0.549,-0.174,-0.739,-0.051,-0.359,0.025
32,A2_2,0.333,0.437,0.464,0.858,-0.617,-0.434,-0.745,0.888,1.0,0.752,-0.619,-0.315,-0.744,0.132,-0.265,-0.06
32,A2_3,0.576,0.356,0.117,0.771,-0.22,-0.088,-0.682,0.595,0.752,1.0,-0.392,0.154,-0.547,-0.146,-0.405,0.018
32,B2_1,0.045,-0.135,-0.059,-0.653,0.866,-0.198,0.333,-0.549,-0.619,-0.392,1.0,-0.086,0.079,-0.218,0.19,-0.424
32,B2_2,0.109,-0.056,-0.884,0.036,0.206,0.769,0.184,-0.174,-0.315,0.154,-0.086,1.0,0.43,-0.459,-0.35,0.493
32,B2_3,-0.142,-0.66,-0.484,-0.637,0.118,0.627,0.837,-0.739,-0.744,-0.547,0.079,0.43,1.0,-0.115,0.103,0.021
32,y1,-0.668,-0.248,0.67,-0.055,-0.451,-0.264,-0.019,-0.051,0.132,-0.146,-0.218,-0.459,-0.115,1.0,0.859,0.083
32,y2,-0.76,-0.395,0.514,-0.331,-0.022,-0.234,0.195,-0.359,-0.265,-0.405,0.19,-0.35,0.103,0.859,1.0,-0.021
32,y3,-0.52,0.341,-0.392,0.236,-0.11,0.627,-0.311,0.025,-0.06,0.018,-0.424,0.493,0.021,0.083,-0.021,1.0
34,.,1.0,-0.028,0.057,-0.469,0.144,0.33,0.376,0.643,0.186,-0.279,0.605,0.021,-0.433,-0.567,-0.499,-0.168
34,A1_1,-0.028,1.0,-0.057,0.371,-0.1,-0.485,-0.733,-0.018,0.307,0.512,-0.467,-0.57,-0.39,0.015,0.061,0.129
34,A1_2,0.057,-0.057,1.0,0.491,-0.512,0.096,-0.238,0.328,0.02,0.112,0.211,-0.055,-0.502,-0.34,0.314,-0.162
34,A1_3,-0.469,0.371,0.491,1.0,-0.711,-0.11,-0.67,-0.169,0.114,0.288,-0.353,-0.031,0.13,0.243,0.411,0.055
34,B1_1,0.144,-0.1,-0.512,-0.711,1.0,-0.034,0.449,-0.137,-0.416,-0.322,0.125,-0.241,0.012,-0.236,-0.35,-0.16
34,B1_2,0.33,-0.485,0.096,-0.11,-0.034,1.0,0.711,-0.094,-0.512,-0.756,0.519,0.567,0.24,0.219,0.138,0.492
34,B1_3,0.376,-0.733,-0.238,-0.67,0.449,0.711,1.0,-0.031,-0.505,-0.787,0.459,0.407,0.27,-0.112,-0.105,0.102
34,A2_1,0.643,-0.018,0.328,-0.169,-0.137,-0.094,-0.031,1.0,0.701,0.34,0.183,-0.368,-0.612,-0.615,-0.139,-0.42
34,A2_2,0.186,0.307,0.02,0.114,-0.416,-0.512,-0.505,0.701,1.0,0.721,-0.245,-0.33,-0.352,-0.165,-0.104,-0.242
34,A2_3,-0.279,0.512,0.112,0.288,-0.322,-0.756,-0.787,0.34,0.721,1.0,-0.574,-0.62,-0.438,0.023,0.268,-0.17
34,B2_1,0.605,-0.467,0.211,-0.353,0.125,0.519,0.459,0.183,-0.245,-0.574,1.0,0.622,-0.086,-0.167,-0.613,0.012
34,B2_2,0.021,-0.57,-0.055,-0.031,-0.241,0.567,0.407,-0.368,-0.33,-0.62,0.622,1.0,0.553,0.441,-0.313,0.351
34,B2_3,-0.433,-0.39,-0.502,0.13,0.012,0.24,0.27,-0.612,-0.352,-0.438,-0.086,0.553,1.0,0.482,-0.077,0.071
34,y1,-0.567,0.015,-0.34,0.243,-0.236,0.219,-0.112,-0.615,-0.165,0.023,-0.167,0.441,0.482,1.0,0.297,0.785
34,y2,-0.499,0.061,0.314,0.411,-0.35,0.138,-0.105,-0.139,-0.104,0.268,-0.613,-0.313,-0.077,0.297,1.0,0.359
34,y3,-0.168,0.129,-0.162,0.055,-0.16,0.492,0.102,-0.42,-0.242,-0.17,0.012,0.351,0.071,0.785,0.359,1.0
36,.,1.0,-0.211,-0.291,-0.699,-0.145,0.718,0.294,0.047,-0.719,-0.355,-0.148,0.147,-0.238,-0.064,-0.798,-0.694
36,A1_1,-0.211,1.0,0.537,0.554,-0.671,-0.498,-0.634,0.872,0.553,0.43,-0.8,-0.578,0.024,-0.048,0.367,0.078
36,A1_2,-0.291,0.537,1.0,0.368,-0.659,-0.59,-0.732,0.302,0.5,0.933,-0.533,-0.391,-0.277,-0.297,0.171,-0.249
36,A1_3,-0.699,0.554,0.368,1.0,-0.154,-0.637,-0.335,0.194,0.932,0.463,-0.404,-0.44,0.358,-0.104,0.485,0.487
36,B1_1,-0.145,-0.671,-0.659,-0.154,1.0,0.039,0.577,-0.628,-0.118,-0.477,0.792,0.116,0.489,-0.062,0.007,0.416
36,B1_2,0.718,-0.498,-0.59,-0.637,0.039,1.0,0.384,-0.269,-0.792,-0.631,0.081,0.424,-0.323,0.331,-0.483,-0.473
36,B1_3,0.294,-0.634,-0.732,-0.335,0.577,0.384,1.0,-0.541,-0.405,-0.645,0.674,0.669,0.486,0.216,-0.306,0.346
36,A2_1,0.047,0.872,0.302,0.194,-0.628,-0.269,-0.541,1.0,0.179,0.104,-0.688,-0.461,-0.212,0.017,0.188,-0.106
36,A2_2,-0.719,0.553,0.5,0.932,-0.118,-0.792,-0.405,0.179,1.0,0.646,-0.319,-0.516,0.336,-0.189,0.497,0.465
36,A2_3,-0.355,0.43,0.933,0.463,-0.477,-0.631,-0.645,0.104,0.646,1.0,-0.424,-0.404,-0.113,-0.4,0.14,-0.147
36,B2_1,-0.148,-0.8,-0.533,-0.404,0.792,0.081,0.674,-0.688,-0.319,-0.424,1.0,0.582,0.245,0.164,0.044,0.414
36,B2_2,0.147,-0.578,-0.391,-0.44,0.116,0.424,0.669,-0.461,-0.516,-0.404,0.582,1.0,0.026,0.283,-0.194,0.183
36,B2_3,-0.238,0.024,-0.277,0.358,0.489,-0.323,0.486,-0.212,0.336,-0.113,0.245,0.026,1.0,-0.221,0.122,0.711
36,y1,-0.064,-0.048,-0.297,-0.104,-0.062,0.331,0.216,0.017,-0.189,-0.4,0.164,0.283,-0.221,1.0,0.521,0.252
36,y2,-0.798,0.367,0.171,0.485,0.007,-0.483,-0.306,0.188,0.497,0.14,0.044,-0.194,0.122,0.521,1.0,0.655
36,y3,-0.694,0.078,-0.249,0.487,0.416,-0.473,0.346,-0.106,0.465,-0.147,0.414,0.183,0.711,0.252,0.655,1.0
38,.,1.0,0.341,-0.416,-0.612,0.032,0.045,0.34,0.375,-0.377,0.55,-0.323,-0.031,-0.262,-0.825,-0.297,-0.481
38,A1_1,0.341,1.0,0.263,0.101,-0.562,-0.767,-0.57,0.745,0.507,0.628,-0.536,-0.456,-0.278,-0.255,-0.071,-0.549
38,A1_2,-0.416,0.263,1.0,0.85,-0.279,-0.441,-0.442,0.065,0.577,0.31,-0.422,-0.773,-0.142,0.172,-0.035,0.321
38,A1_3,-0.612,0.101,0.85,1.0,-0.505,-0.456,-0.635,0.139,0.682,0.119,-0.295,-0.605,-0.211,0.391,-0.025,0.449
38,B1_1,0.032,-0.562,-0.279,-0.505,1.0,0.71,0.772,-0.568,-0.469,-0.277,0.248,0.214,0.569,-0.015,0.068,-0.041
38,B1_2,0.045,-0.767,-0.441,-0.456,0.71,1.0,0.593,-0.695,-0.74,-0.654,0.321,0.57,0.181,-0.268,-0.35,0.144
38,B1_3,0.34,-0.57,-0.442,-0.635,0.772,0.593,1.0,-0.539,-0.692,-0.042,0.367,0.296,0.225,-0.125,0.304,0.197
38,A2_1,0.375,0.745,0.065,0.139,-0.568,-0.695,-0.539,1.0,0.661,0.675,-0.695,-0.504,-0.255,-0.202,-0.17,-0.487
38,A2_2,-0.377,0.507,0.577,0.682,-0.469,-0.74,-0.692,0.661,1.0,0.397,-0.572,-0.694,-0.1,0.409,0.116,-0.018
38,A2_3,0.55,0.628,0.31,0.119,-0.277,-0.654,-0.042,0.675,0.397,1.0,-0.581,-0.755,-0.218,-0.282,0.11,-0.235
38,B2_1,-0.323,-0.536,-0.422,-0.295,0.248,0.321,0.367,-0.695,-0.572,-0.581,1.0,0.718,0.41,0.438,0.471,0.206
38,B2_2,-0.031,-0.456,-0.773,-0.605,0.214,0.57,0.296,-0.504,-0.694,-0.755,0.718,1.0,0.171,0.054,0.052,-0.038
38,B2_3,-0.262,-0.278,-0.142,-0.211,0.569,0.181,0.225,-0.255,-0.1,-0.218,0.41,0.171,1.0,0.351,0.168,-0.393
38,y1,-0.825,-0.255,0.172,0.391,-0.015,-0.268,-0.125,-0.202,0.409,-0.282,0.438,0.054,0.351,1.0,0.73,0.408
38,y2,-0.297,-0.071,-0.035,-0.025,0.068,-0.35,0.304,-0.17,0.116,0.11,0.471,0.052,0.168,0.73,1.0,0.357
38,y3,-0.481,-0.549,0.321,0.449,-0.041,0.144,0.197,-0.487,-0.018,-0.235,0.206,-0.038,-0.393,0.408,0.357,1.0
40,.,1.0,-0.263,-0.303,-0.646,0.085,-0.158,0.034,-0.352,0.005,-0.581,0.568,0.238,0.221,-0.699,-0.497,-0.688
40,A1_1,-0.263,1.0,0.687,0.062,-0.328,-0.177,-0.686,0.329,0.642,-0.169,-0.258,-0.203,-0.562,0.024,-0.254,-0.07
40,A1_2,-0.303,0.687,1.0,0.111,-0.613,-0.715,-0.526,0.599,0.489,-0.018,-0.444,-0.222,-0.769,-0.362,-0.464,-0.172
40,A1_3,-0.646,0.062,0.111,1.0,-0.149,0.16,-0.212,0.585,0.145,0.673,-0.718,-0.197,-0.331,0.491,0.679,0.681
40,B1_1,0.085,-0.328,-0.613,-0.149,1.0,0.732,0.561,-0.522,-0.786,-0.377,0.74,0.758,0.328,0.38,0.36,0.462
40,B1_2,-0.158,-0.177,-0.715,0.16,0.732,1.0,0.42,-0.556,-0.48,-0.074,0.352,0.42,0.572,0.699,0.571,0.454
40,B1_3,0.034,-0.686,-0.526,-0.212,0.561,0.42,1.0,-0.622,-0.811,-0.273,0.505,0.55,0.675,0.061,0.091,0.08
40,A2_1,-0.352,0.329,0.599,0.585,-0.522,-0.556,-0.622,1.0,0.538,0.562,-0.714,-0.508,-0.808,-0.07,0.181,0.292
40,A2_2,0.005,0.642,0.489,0.145,-0.786,-0.48,-0.811,0.538,1.0,0.237,-0.597,-0.757,-0.406,-0.205,-0.183,-0.321
40,A2_3,-0.581,-0.169,-0.018,0.673,-0.377,-0.074,-0.273,0.562,0.237,1.0,-0.777,-0.69,-0.14,0.504,0.602,0.492
40,B2_1,0.568,-0.258,-0.444,-0.718,0.74,0.352,0.505,-0.714,-0.597,-0.777,1.0,0.706,0.429,-0.202,-0.207,-0.208
40,B2_2,0.238,-0.203,-0.222,-0.197,0.758,0.42,0.55,-0.508,-0.757,-0.69,0.706,1.0,0.13,-0.085,-0.11,0.105
40,B2_3,0.221,-0.562,-0.769,-0.331,0.328,0.572,0.675,-0.808,-0.406,-0.14,0.429,0.13,1.0,0.18,0.15,-0.207
40,y1,-0.699,0.024,-0.362,0.491,0.38,0.699,0.061,-0.07,-0.205,0.504,-0.202,-0.085,0.18,1.0,0.759,0.787
40,y2,-0.497,-0.254,-0.464,0.679,0.36,0.571,0.091,0.181,-0.183,0.602,-0.207,-0.11,0.15,0.759,1.0,0.826
40,y3,-0.688,-0.07,-0.172,0.681,0.462,0.454,0.08,0.292,-0.321,0.492,-0.208,0.105,-0.207,0.787,0.826,1.0
42,.,1.0,0.005,0.535,0.643,-0.651,0.365,-0.405,0.603,0.405,0.178,-0.238,-0.049,-0.167,-0.933,-0.876,-0.634
42,A1_1,0.005,1.0,0.504,0.561,-0.342,-0.672,-0.488,0.382,0.235,0.263,-0.458,-0.541,-0.295,0.104,0.12,0.406
42,A1_2,0.535,0.504,1.0,0.856,-0.614,-0.408,-0.657,0.843,0.642,0.723,-0.475,-0.668,-0.267,-0.527,-0.524,-0.216
42,A1_3,0.643,0.561,0.856,1.0,-0.798,-0.16,-0.71,0.864,0.621,0.45,-0.7,-0.615,-0.456,-0.482,-0.422,-0.066
42,B1_1,-0.651,-0.342,-0.614,-0.798,1.0,-0.23,0.651,-0.743,-0.376,-0.196,0.62,0.068,0.412,0.467,0.399,0.248
42,B1_2,0.365,-0.672,-0.408,-0.16,-0.23,1.0,0.171,-0.178,-0.332,-0.487,0.105,0.713,0.196,-0.266,-0.268,-0.363
42,B1_3,-0.405,-0.488,-0.657,-0.71,0.651,0.171,1.0,-0.813,-0.418,-0.023,0.404,0.36,0.529,0.178,0.155,-0.216
42,A2_1,0.603,0.382,0.843,0.864,-0.743,-0.178,-0.813,1.0,0.821,0.456,-0.669,-0.534,-0.644,-0.475,-0.431,-0.19
42,A2_2,0.405,0.235,0.642,0.621,-0.376,-0.332,-0.418,0.821,1.0,0.603,-0.676,-0.649,-0.718,-0.39,-0.332,-0.276
42,A2_3,0.178,0.263,0.723,0.45,-0.196,-0.487,-0.023,0.456,0.603,1.0,-0.418,-0.605,-0.025,-0.364,-0.417,-0.397
42,B2_1,-0.238,-0.458,-0.475,-0.7,0.62,0.105,0.404,-0.669,-0.676,-0.418,1.0,0.477,0.658,0.067,0.052,-0.053
42,B2_2,-0.049,-0.541,-0.668,-0.615,0.068,0.713,0.36,-0.534,-0.649,-0.605,0.477,1.0,0.397,0.033,0.002,-0.281
42,B2_3,-0.167,-0.295,-0.267,-0.456,0.412,0.196,0.529,-0.644,-0.718,-0.025,0.658,0.397,1.0,-0.025,-0.164,-0.169
42,y1,-0.933,0.104,-0.527,-0.482,0.467,-0.266,0.178,-0.475,-0.39,-0.364,0.067,0.033,-0.025,1.0,0.965,0.823
42,y2,-0.876,0.12,-0.524,-0.422,0.399,-0.268,0.155,-0.431,-0.332,-0.417,0.052,0.002,-0.164,0.965,1.0,0.825
42,y3,-0.634,0.406,-0.216,-0.066,0.248,-0.363,-0.216,-0.19,-0.276,-0.397,-0.053,-0.281,-0.169,0.823,0.825,1.0
44,.,1.0,0.006,0.404,0.291,-0.3,-0.309,-0.375,-0.001,0.078,0.147,-0.024,0.335,-0.283,-0.698,-0.528,-0.815
44,A1_1,0.006,1.0,0.713,-0.05,-0.692,-0.167,-0.444,0.4,0.238,0.45,-0.517,-0.384,-0.662,0.191,0.464,0.049
44,A1_2,0.404,0.713,1.0,0.259,-0.808,-0.499,-0.576,0.302,-0.002,0.671,-0.496,-0.172,-0.72,0.039,0.345,-0.155
44,A1_3,0.291,-0.05,0.259,1.0,-0.017,-0.835,-0.622,0.356,0.176,0.044,-0.653,-0.047,-0.568,-0.564,0.234,-0.135
44,B1_1,-0.3,-0.692,-0.808,-0.017,1.0,0.279,0.374,-0.524,-0.309,-0.473,0.414,0.024,0.739,-0.082,-0.368,0.23
44,B1_2,-0.309,-0.167,-0.499,-0.835,0.279,1.0,0.861,-0.5,-0.148,-0.498,0.625,0.213,0.726,0.355,-0.401,0.075
44,B1_3,-0.375,-0.444,-0.576,-0.622,0.374,0.861,1.0,-0.655,-0.39,-0.595,0.724,0.499,0.774,0.365,-0.259,0.153
44,A2_1,-0.001,0.4,0.302,0.356,-0.524,-0.5,-0.655,1.0,0.783,0.185,-0.735,-0.426,-0.762,-0.101,0.425,0.065
44,A2_2,0.078,0.238,-0.002,0.176,-0.309,-0.148,-0.39,0.783,1.0,-0.111,-0.614,-0.425,-0.438,-0.415,0.05,-0.311
44,A2_3,0.147,0.45,0.671,0.044,-0.473,-0.498,-0.595,0.185,-0.111,1.0,-0.291,-0.495,-0.364,0.164,0.207,-0.034
44,B2_1,-0.024,-0.517,-0.496,-0.653,0.414,0.625,0.724,-0.735,-0.614,-0.291,1.0,0.599,0.759,0.289,-0.418,0.041
44,B2_2,0.335,-0.384,-0.172,-0.047,0.024,0.213,0.499,-0.426,-0.425,-0.495,0.599,1.0,0.17,-0.11,-0.216,-0.222
44,B2_3,-0.283,-0.662,-0.72,-0.568,0.739,0.726,0.774,-0.762,-0.438,-0.364,0.759,0.17,1.0,0.197,-0.551,0.091
44,y1,-0.698,0.191,0.039,-0.564,-0.082,0.355,0.365,-0.101,-0.415,0.164,0.289,-0.11,0.197,1.0,0.483,0.815
44,y2,-0.528,0.464,0.345,0.234,-0.368,-0.401,-0.259,0.425,0.05,0.207,-0.418,-0.216,-0.551,0.483,1.0,0.61
44,y3,-0.815,0.049,-0.155,-0.135,0.23,0.075,0.153,0.065,-0.311,-0.034,0.041,-0.222,0.091,0.815,0.61,1.0
46,.,1.0,-0.462,-0.075,-0.319,0.325,0.15,0.165,-0.267,0.024,-0.315,0.193,-0.077,0.567,-0.823,-0.592,-0.734
46,A1_1,-0.462,1.0,0.484,0.74,-0.96,-0.423,-0.542,0.301,0.496,0.515,-0.548,-0.796,-0.897,0.349,0.076,0.374
46,A1_2,-0.075,0.484,1.0,0.397,-0.578,-0.729,-0.031,0.318,0.938,-0.289,0.251,-0.279,-0.382,-0.399,-0.672,0.087
46,A1_3,-0.319,0.74,0.397,1.0,-0.783,-0.587,-0.492,0.558,0.517,0.608,-0.032,-0.563,-0.657,0.122,0.032,-0.133
46,B1_1,0.325,-0.96,-0.578,-0.783,1.0,0.614,0.518,-0.452,-0.625,-0.448,0.427,0.834,0.759,-0.144,0.059,-0.24
46,B1_2,0.15,-0.423,-0.729,-0.587,0.614,1.0,0.214,-0.85,-0.801,-0.065,-0.288,0.317,0.129,0.3,0.331,0.073
46,B1_3,0.165,-0.542,-0.031,-0.492,0.518,0.214,1.0,-0.448,-0.031,-0.745,0.458,0.677,0.457,-0.352,-0.372,-0.151
46,A2_1,-0.267,0.301,0.318,0.558,-0.452,-0.85,-0.448,1.0,0.424,0.413,0.175,-0.253,-0.019,0.004,0.111,-0.077
46,A2_2,0.024,0.496,0.938,0.517,-0.625,-0.801,-0.031,0.424,1.0,-0.168,0.23,-0.367,-0.326,-0.478,-0.709,-0.15
46,A2_3,-0.315,0.515,-0.289,0.608,-0.448,-0.065,-0.745,0.413,-0.168,1.0,-0.463,-0.522,-0.477,0.545,0.572,-0.004
46,B2_1,0.193,-0.548,0.251,-0.032,0.427,-0.288,0.458,0.175,0.23,-0.463,1.0,0.664,0.468,-0.54,-0.435,-0.435
46,B2_2,-0.077,-0.796,-0.279,-0.563,0.834,0.317,0.677,-0.253,-0.367,-0.522,0.664,1.0,0.564,-0.033,0.032,-0.031
46,B2_3,0.567,-0.897,-0.382,-0.657,0.759,0.129,0.457,-0.019,-0.326,-0.477,0.468,0.564,1.0,-0.499,-0.144,-0.442
46,y1,-0.823,0.349,-0.399,0.122,-0.144,0.3,-0.352,0.004,-0.478,0.545,-0.54,-0.033,-0.499,1.0,0.874,0.692
46,y2,-0.592,0.076,-0.672,0.032,0.059,0.331,-0.372,0.111,-0.709,0.572,-0.435,0.032,-0.144,0.874,1.0,0.459
46,y3,-0.734,0.374,0.087,-0.133,-0.24,0.073,-0.151,-0.077,-0.15,-0.004,-0.435,-0.031,-0.442,0.692,0.459,1.0
48,.,1.0,-0.079,-0.106,-0.079,0.097,-0.006,-0.141,0.527,-0.006,0.02,0.256,-0.078,0.158,-0.717,-0.768,-0.784
48,A1_1,-0.079,1.0,0.586,0.323,-0.559,-0.84,-0.411,0.368,0.649,0.749,-0.674,-0.229,-0.85,-0.32,-0.307,0.087
48,A1_2,-0.106,0.586,1.0,0.562,-0.401,-0.562,-0.268,-0.091,0.747,0.083,-0.648,0.485,-0.373,0.142,0.064,-0.041
