,,.,A1_1,A1_2,A1_3,B1_1,B1_2,B1_3,A2_1,A2_2,A2_3,B2_1,B2_2,B2_3,y1,y2,y3
0,.,1.0,-0.194,-0.155,-0.104,-0.036,-0.098,-0.213,-0.005,-0.007,0.083,-0.125,-0.196,0.127,-0.1,0.22,0.032
0,A1_1,-0.194,1.0,-0.157,-0.023,-0.076,0.193,0.045,0.057,0.027,-0.038,0.226,0.016,-0.369,0.138,-0.249,-0.163
0,A1_2,-0.155,-0.157,1.0,0.118,0.008,-0.021,-0.074,0.052,-0.075,0.052,-0.02,-0.008,-0.183,-0.133,0.003,0.155
0,A1_3,-0.104,-0.023,0.118,1.0,0.098,-0.12,-0.08,-0.106,0.079,-0.202,-0.004,-0.235,-0.07,-0.019,0.178,0.037
0,B1_1,-0.036,-0.076,0.008,0.098,1.0,0.085,-0.076,-0.173,0.09,0.195,0.023,-0.019,-0.174,0.261,0.131,-0.208
0,B1_2,-0.098,0.193,-0.021,-0.12,0.085,1.0,0.185,-0.018,0.023,0.18,0.134,-0.165,-0.053,0.177,0.141,0.108
0,B1_3,-0.213,0.045,-0.074,-0.08,-0.076,0.185,1.0,-0.091,-0.273,-0.012,-0.03,-0.054,-0.002,0.021,-0.167,0.137
0,A2_1,-0.005,0.057,0.052,-0.106,-0.173,-0.018,-0.091,1.0,0.061,-0.105,-0.127,0.072,-0.106,-0.274,-0.25,-0.329
0,A2_2,-0.007,0.027,-0.075,0.079,0.09,0.023,-0.273,0.061,1.0,0.139,0.119,-0.01,-0.006,0.062,-0.057,-0.06
0,A2_3,0.083,-0.038,0.052,-0.202,0.195,0.18,-0.012,-0.105,0.139,1.0,0.067,-0.035,0.024,0.228,0.068,0.007
0,B2_1,-0.125,0.226,-0.02,-0.004,0.023,0.134,-0.03,-0.127,0.119,0.067,1.0,-0.108,0.05,0.238,-0.123,0.224
0,B2_2,-0.196,0.016,-0.008,-0.235,-0.019,-0.165,-0.054,0.072,-0.01,-0.035,-0.108,1.0,0.092,0.053,-0.249,-0.315
0,B2_3,0.127,-0.369,-0.183,-0.07,-0.174,-0.053,-0.002,-0.106,-0.006,0.024,0.05,0.092,1.0,-0.171,-0.074,0.046
0,y1,-0.1,0.138,-0.133,-0.019,0.261,0.177,0.021,-0.274,0.062,0.228,0.238,0.053,-0.171,1.0,-0.011,-0.032
0,y2,0.22,-0.249,0.003,0.178,0.131,0.141,-0.167,-0.25,-0.057,0.068,-0.123,-0.249,-0.074,-0.011,1.0,0.201
0,y3,0.032,-0.163,0.155,0.037,-0.208,0.108,0.137,-0.329,-0.06,0.007,0.224,-0.315,0.046,-0.032,0.201,1.0
1,.,1.0,-0.195,-0.158,-0.106,-0.037,-0.107,-0.219,-0.017,-0.007,0.082,-0.128,-0.195,0.126,-0.102,0.22,0.026
1,A1_1,-0.195,1.0,-0.159,-0.023,-0.079,0.192,0.046,0.059,0.03,-0.035,0.225,0.014,-0.371,0.143,-0.245,-0.159
1,A1_2,-0.158,-0.159,1.0,0.115,0.007,-0.021,-0.071,0.05,-0.077,0.051,-0.019,-0.008,-0.185,-0.128,0.007,0.158
1,A1_3,-0.106,-0.023,0.115,1.0,0.098,-0.119,-0.076,-0.105,0.078,-0.2,-0.004,-0.235,-0.071,-0.016,0.18,0.038
1,B1_1,-0.037,-0.079,0.007,0.098,1.0,0.086,-0.077,-0.174,0.09,0.19,0.022,-0.02,-0.171,0.263,0.133,-0.208
1,B1_2,-0.107,0.192,-0.021,-0.119,0.086,1.0,0.184,-0.017,0.025,0.177,0.134,-0.163,-0.048,0.185,0.149,0.111
1,B1_3,-0.219,0.046,-0.071,-0.076,-0.077,0.184,1.0,-0.085,-0.268,-0.012,-0.032,-0.052,0.001,0.026,-0.164,0.137
1,A2_1,-0.017,0.059,0.05,-0.105,-0.174,-0.017,-0.085,1.0,0.064,-0.1,-0.125,0.072,-0.107,-0.272,-0.247,-0.325
1,A2_2,-0.007,0.03,-0.077,0.078,0.09,0.025,-0.268,0.064,1.0,0.142,0.121,-0.009,-0.007,0.061,-0.058,-0.059
1,A2_3,0.082,-0.035,0.051,-0.2,0.19,0.177,-0.012,-0.1,0.142,1.0,0.063,-0.039,0.019,0.228,0.068,0.008
1,B2_1,-0.128,0.225,-0.019,-0.004,0.022,0.134,-0.032,-0.125,0.121,0.063,1.0,-0.107,0.054,0.239,-0.123,0.221
1,B2_2,-0.195,0.014,-0.008,-0.235,-0.02,-0.163,-0.052,0.072,-0.009,-0.039,-0.107,1.0,0.097,0.053,-0.251,-0.318
1,B2_3,0.126,-0.371,-0.185,-0.071,-0.171,-0.048,0.001,-0.107,-0.007,0.019,0.054,0.097,1.0,-0.175,-0.08,0.04
1,y1,-0.102,0.143,-0.128,-0.016,0.263,0.185,0.026,-0.272,0.061,0.228,0.239,0.053,-0.175,1.0,-0.015,-0.031
1,y2,0.22,-0.245,0.007,0.18,0.133,0.149,-0.164,-0.247,-0.058,0.068,-0.123,-0.251,-0.08,-0.015,1.0,0.202
1,y3,0.026,-0.159,0.158,0.038,-0.208,0.111,0.137,-0.325,-0.059,0.008,0.221,-0.318,0.04,-0.031,0.202,1.0
2,.,1.0,-0.196,-0.16,-0.107,-0.039,-0.115,-0.227,-0.021,-0.004,0.086,-0.131,-0.195,0.125,-0.102,0.221,0.017
2,A1_1,-0.196,1.0,-0.159,-0.021,-0.081,0.191,0.046,0.062,0.032,-0.032,0.224,0.013,-0.372,0.147,-0.242,-0.155
2,A1_2,-0.16,-0.159,1.0,0.113,0.006,-0.022,-0.068,0.051,-0.079,0.052,-0.018,-0.009,-0.188,-0.123,0.011,0.163
2,A1_3,-0.107,-0.021,0.113,1.0,0.096,-0.119,-0.073,-0.102,0.079,-0.198,-0.005,-0.236,-0.074,-0.014,0.182,0.038
2,B1_1,-0.039,-0.081,0.006,0.096,1.0,0.087,-0.078,-0.175,0.089,0.187,0.023,-0.02,-0.168,0.265,0.134,-0.207
2,B1_2,-0.115,0.191,-0.022,-0.119,0.087,1.0,0.183,-0.018,0.026,0.174,0.134,-0.162,-0.045,0.192,0.153,0.112
2,B1_3,-0.227,0.046,-0.068,-0.073,-0.078,0.183,1.0,-0.083,-0.265,-0.013,-0.033,-0.051,0.004,0.029,-0.165,0.137
2,A2_1,-0.021,0.062,0.051,-0.102,-0.175,-0.018,-0.083,1.0,0.066,-0.095,-0.125,0.07,-0.109,-0.272,-0.246,-0.323
2,A2_2,-0.004,0.032,-0.079,0.079,0.089,0.026,-0.265,0.066,1.0,0.145,0.121,-0.01,-0.009,0.059,-0.058,-0.061
2,A2_3,0.086,-0.032,0.052,-0.198,0.187,0.174,-0.013,-0.095,0.145,1.0,0.061,-0.042,0.016,0.227,0.066,0.008
2,B2_1,-0.131,0.224,-0.018,-0.005,0.023,0.134,-0.033,-0.125,0.121,0.061,1.0,-0.105,0.058,0.241,-0.123,0.22
2,B2_2,-0.195,0.013,-0.009,-0.236,-0.02,-0.162,-0.051,0.07,-0.01,-0.042,-0.105,1.0,0.099,0.052,-0.252,-0.319
2,B2_3,0.125,-0.372,-0.188,-0.074,-0.168,-0.045,0.004,-0.109,-0.009,0.016,0.058,0.099,1.0,-0.179,-0.083,0.036
2,y1,-0.102,0.147,-0.123,-0.014,0.265,0.192,0.029,-0.272,0.059,0.227,0.241,0.052,-0.179,1.0,-0.016,-0.029
2,y2,0.221,-0.242,0.011,0.182,0.134,0.153,-0.165,-0.246,-0.058,0.066,-0.123,-0.252,-0.083,-0.016,1.0,0.203
2,y3,0.017,-0.155,0.163,0.038,-0.207,0.112,0.137,-0.323,-0.061,0.008,0.22,-0.319,0.036,-0.029,0.203,1.0
3,.,1.0,-0.197,-0.161,-0.109,-0.04,-0.122,-0.237,-0.025,-0.0,0.089,-0.134,-0.193,0.124,-0.102,0.221,0.009
3,A1_1,-0.197,1.0,-0.159,-0.02,-0.082,0.19,0.047,0.064,0.034,-0.03,0.222,0.012,-0.373,0.148,-0.24,-0.153
3,A1_2,-0.161,-0.159,1.0,0.112,0.005,-0.022,-0.066,0.051,-0.08,0.053,-0.017,-0.011,-0.19,-0.12,0.014,0.165
3,A1_3,-0.109,-0.02,0.112,1.0,0.095,-0.119,-0.071,-0.1,0.079,-0.197,-0.005,-0.236,-0.075,-0.012,0.182,0.038
3,B1_1,-0.04,-0.082,0.005,0.095,1.0,0.087,-0.078,-0.177,0.088,0.184,0.024,-0.019,-0.166,0.266,0.136,-0.206
3,B1_2,-0.122,0.19,-0.022,-0.119,0.087,1.0,0.183,-0.019,0.026,0.173,0.135,-0.161,-0.043,0.195,0.158,0.115
3,B1_3,-0.237,0.047,-0.066,-0.071,-0.078,0.183,1.0,-0.081,-0.263,-0.013,-0.034,-0.051,0.005,0.031,-0.165,0.138
3,A2_1,-0.025,0.064,0.051,-0.1,-0.177,-0.019,-0.081,1.0,0.068,-0.092,-0.125,0.069,-0.111,-0.272,-0.246,-0.322
3,A2_2,-0.0,0.034,-0.08,0.079,0.088,0.026,-0.263,0.068,1.0,0.147,0.12,-0.011,-0.01,0.058,-0.059,-0.061
3,A2_3,0.089,-0.03,0.053,-0.197,0.184,0.173,-0.013,-0.092,0.147,1.0,0.059,-0.045,0.014,0.226,0.065,0.008
3,B2_1,-0.134,0.222,-0.017,-0.005,0.024,0.135,-0.034,-0.125,0.12,0.059,1.0,-0.103,0.061,0.241,-0.122,0.22
3,B2_2,-0.193,0.012,-0.011,-0.236,-0.019,-0.161,-0.051,0.069,-0.011,-0.045,-0.103,1.0,0.101,0.051,-0.254,-0.32
3,B2_3,0.124,-0.373,-0.19,-0.075,-0.166,-0.043,0.005,-0.111,-0.01,0.014,0.061,0.101,1.0,-0.182,-0.086,0.032
3,y1,-0.102,0.148,-0.12,-0.012,0.266,0.195,0.031,-0.272,0.058,0.226,0.241,0.051,-0.182,1.0,-0.015,-0.027
3,y2,0.221,-0.24,0.014,0.182,0.136,0.158,-0.165,-0.246,-0.059,0.065,-0.122,-0.254,-0.086,-0.015,1.0,0.206
3,y3,0.009,-0.153,0.165,0.038,-0.206,0.115,0.138,-0.322,-0.061,0.008,0.22,-0.32,0.032,-0.027,0.206,1.0
4,.,1.0,-0.198,-0.163,-0.108,-0.041,-0.13,-0.243,-0.026,0.003,0.089,-0.135,-0.192,0.126,-0.102,0.222,-0.0
4,A1_1,-0.198,1.0,-0.159,-0.02,-0.083,0.189,0.048,0.065,0.036,-0.028,0.222,0.011,-0.374,0.149,-0.238,-0.152
4,A1_2,-0.163,-0.159,1.0,0.111,0.004,-0.023,-0.064,0.053,-0.08,0.053,-0.018,-0.011,-0.191,-0.119,0.014,0.166
4,A1_3,-0.108,-0.02,0.111,1.0,0.093,-0.119,-0.07,-0.099,0.079,-0.196,-0.005,-0.237,-0.076,-0.011,0.182,0.039
4,B1_1,-0.041,-0.083,0.004,0.093,1.0,0.088,-0.078,-0.178,0.088,0.182,0.024,-0.018,-0.164,0.267,0.136,-0.206
4,B1_2,-0.13,0.189,-0.023,-0.119,0.088,1.0,0.183,-0.019,0.026,0.172,0.135,-0.16,-0.043,0.198,0.16,0.117
4,B1_3,-0.243,0.048,-0.064,-0.07,-0.078,0.183,1.0,-0.081,-0.262,-0.012,-0.034,-0.051,0.005,0.032,-0.164,0.138
4,A2_1,-0.026,0.065,0.053,-0.099,-0.178,-0.019,-0.081,1.0,0.068,-0.089,-0.126,0.068,-0.113,-0.271,-0.244,-0.321
4,A2_2,0.003,0.036,-0.08,0.079,0.088,0.026,-0.262,0.068,1.0,0.148,0.12,-0.011,-0.012,0.057,-0.06,-0.062
4,A2_3,0.089,-0.028,0.053,-0.196,0.182,0.172,-0.012,-0.089,0.148,1.0,0.059,-0.046,0.011,0.226,0.063,0.007
4,B2_1,-0.135,0.222,-0.018,-0.005,0.024,0.135,-0.034,-0.126,0.12,0.059,1.0,-0.103,0.062,0.242,-0.121,0.22
4,B2_2,-0.192,0.011,-0.011,-0.237,-0.018,-0.16,-0.051,0.068,-0.011,-0.046,-0.103,1.0,0.103,0.051,-0.255,-0.321
4,B2_3,0.126,-0.374,-0.191,-0.076,-0.164,-0.043,0.005,-0.113,-0.012,0.011,0.062,0.103,1.0,-0.184,-0.088,0.031
4,y1,-0.102,0.149,-0.119,-0.011,0.267,0.198,0.032,-0.271,0.057,0.226,0.242,0.051,-0.184,1.0,-0.015,-0.025
4,y2,0.222,-0.238,0.014,0.182,0.136,0.16,-0.164,-0.244,-0.06,0.063,-0.121,-0.255,-0.088,-0.015,1.0,0.208
4,y3,-0.0,-0.152,0.166,0.039,-0.206,0.117,0.138,-0.321,-0.062,0.007,0.22,-0.321,0.031,-0.025,0.208,1.0
5,.,1.0,-0.199,-0.164,-0.109,-0.039,-0.136,-0.249,-0.026,0.006,0.09,-0.138,-0.19,0.127,-0.102,0.221,-0.009
5,A1_1,-0.199,1.0,-0.159,-0.019,-0.084,0.189,0.048,0.066,0.036,-0.027,0.221,0.011,-0.374,0.15,-0.237,-0.151
5,A1_2,-0.164,-0.159,1.0,0.11,0.003,-0.024,-0.063,0.053,-0.081,0.053,-0.018,-0.012,-0.193,-0.118,0.015,0.167
5,A1_3,-0.109,-0.019,0.11,1.0,0.094,-0.119,-0.07,-0.099,0.08,-0.196,-0.005,-0.237,-0.077,-0.011,0.181,0.038
5,B1_1,-0.039,-0.084,0.003,0.094,1.0,0.088,-0.077,-0.179,0.088,0.181,0.024,-0.018,-0.164,0.267,0.136,-0.206
5,B1_2,-0.136,0.189,-0.024,-0.119,0.088,1.0,0.183,-0.02,0.026,0.171,0.135,-0.16,-0.042,0.2,0.163,0.118
5,B1_3,-0.249,0.048,-0.063,-0.07,-0.077,0.183,1.0,-0.08,-0.263,-0.012,-0.034,-0.05,0.006,0.033,-0.162,0.139
5,A2_1,-0.026,0.066,0.053,-0.099,-0.179,-0.02,-0.08,1.0,0.069,-0.087,-0.126,0.068,-0.113,-0.271,-0.243,-0.32
5,A2_2,0.006,0.036,-0.081,0.08,0.088,0.026,-0.263,0.069,1.0,0.149,0.121,-0.011,-0.012,0.058,-0.061,-0.062
5,A2_3,0.09,-0.027,0.053,-0.196,0.181,0.171,-0.012,-0.087,0.149,1.0,0.059,-0.047,0.011,0.225,0.062,0.007
5,B2_1,-0.138,0.221,-0.018,-0.005,0.024,0.135,-0.034,-0.126,0.121,0.059,1.0,-0.102,0.062,0.242,-0.121,0.22
5,B2_2,-0.19,0.011,-0.012,-0.237,-0.018,-0.16,-0.05,0.068,-0.011,-0.047,-0.102,1.0,0.104,0.051,-0.255,-0.322
5,B2_3,0.127,-0.374,-0.193,-0.077,-0.164,-0.042,0.006,-0.113,-0.012,0.011,0.062,0.104,1.0,-0.185,-0.091,0.029
5,y1,-0.102,0.15,-0.118,-0.011,0.267,0.2,0.033,-0.271,0.058,0.225,0.242,0.051,-0.185,1.0,-0.015,-0.024
5,y2,0.221,-0.237,0.015,0.181,0.136,0.163,-0.162,-0.243,-0.061,0.062,-0.121,-0.255,-0.091,-0.015,1.0,0.209
5,y3,-0.009,-0.151,0.167,0.038,-0.206,0.118,0.139,-0.32,-0.062,0.007,0.22,-0.322,0.029,-0.024,0.209,1.0
6,.,1.0,-0.201,-0.164,-0.11,-0.039,-0.138,-0.253,-0.025,0.009,0.091,-0.139,-0.188,0.126,-0.103,0.22,-0.012
6,A1_1,-0.201,1.0,-0.159,-0.02,-0.083,0.189,0.048,0.066,0.037,-0.025,0.221,0.01,-0.374,0.151,-0.236,-0.15
6,A1_2,-0.164,-0.159,1.0,0.11,0.003,-0.024,-0.062,0.052,-0.081,0.053,-0.019,-0.012,-0.193,-0.117,0.017,0.168
6,A1_3,-0.11,-0.02,0.11,1.0,0.094,-0.119,-0.07,-0.099,0.08,-0.196,-0.005,-0.238,-0.078,-0.01,0.18,0.038
6,B1_1,-0.039,-0.083,0.003,0.094,1.0,0.088,-0.077,-0.18,0.088,0.18,0.024,-0.017,-0.163,0.267,0.137,-0.205
6,B1_2,-0.138,0.189,-0.024,-0.119,0.088,1.0,0.183,-0.02,0.026,0.17,0.136,-0.16,-0.042,0.201,0.165,0.118
6,B1_3,-0.253,0.048,-0.062,-0.07,-0.077,0.183,1.0,-0.08,-0.262,-0.01,-0.034,-0.05,0.006,0.034,-0.16,0.14
6,A2_1,-0.025,0.066,0.052,-0.099,-0.18,-0.02,-0.08,1.0,0.069,-0.085,-0.126,0.067,-0.113,-0.272,-0.242,-0.319
6,A2_2,0.009,0.037,-0.081,0.08,0.088,0.026,-0.262,0.069,1.0,0.149,0.121,-0.012,-0.013,0.057,-0.062,-0.064
6,A2_3,0.091,-0.025,0.053,-0.196,0.18,0.17,-0.01,-0.085,0.149,1.0,0.059,-0.048,0.009,0.225,0.062,0.006
6,B2_1,-0.139,0.221,-0.019,-0.005,0.024,0.136,-0.034,-0.126,0.121,0.059,1.0,-0.102,0.063,0.243,-0.121,0.22
6,B2_2,-0.188,0.01,-0.012,-0.238,-0.017,-0.16,-0.05,0.067,-0.012,-0.048,-0.102,1.0,0.105,0.05,-0.255,-0.322
6,B2_3,0.126,-0.374,-0.193,-0.078,-0.163,-0.042,0.006,-0.113,-0.013,0.009,0.063,0.105,1.0,-0.186,-0.092,0.028
6,y1,-0.103,0.151,-0.117,-0.01,0.267,0.201,0.034,-0.272,0.057,0.225,0.243,0.05,-0.186,1.0,-0.014,-0.022
6,y2,0.22,-0.236,0.017,0.18,0.137,0.165,-0.16,-0.242,-0.062,0.062,-0.121,-0.255,-0.092,-0.014,1.0,0.21
6,y3,-0.012,-0.15,0.168,0.038,-0.205,0.118,0.14,-0.319,-0.064,0.006,0.22,-0.322,0.028,-0.022,0.21,1.0
7,.,1.0,-0.202,-0.165,-0.109,-0.039,-0.141,-0.254,-0.026,0.011,0.091,-0.139,-0.188,0.127,-0.104,0.218,-0.015
7,A1_1,-0.202,1.0,-0.159,-0.019,-0.083,0.189,0.048,0.067,0.037,-0.025,0.221,0.01,-0.374,0.151,-0.235,-0.15
7,A1_2,-0.165,-0.159,1.0,0.11,0.003,-0.024,-0.062,0.051,-0.081,0.053,-0.019,-0.012,-0.194,-0.117,0.016,0.167
7,A1_3,-0.109,-0.019,0.11,1.0,0.093,-0.119,-0.07,-0.099,0.08,-0.196,-0.005,-0.238,-0.078,-0.011,0.18,0.038
7,B1_1,-0.039,-0.083,0.003,0.093,1.0,0.088,-0.077,-0.18,0.087,0.18,0.025,-0.017,-0.163,0.267,0.137,-0.205
7,B1_2,-0.141,0.189,-0.024,-0.119,0.088,1.0,0.183,-0.021,0.026,0.17,0.136,-0.16,-0.042,0.202,0.166,0.119
7,B1_3,-0.254,0.048,-0.062,-0.07,-0.077,0.183,1.0,-0.078,-0.262,-0.01,-0.034,-0.05,0.006,0.035,-0.16,0.14
7,A2_1,-0.026,0.067,0.051,-0.099,-0.18,-0.021,-0.078,1.0,0.069,-0.084,-0.127,0.067,-0.114,-0.272,-0.242,-0.32
7,A2_2,0.011,0.037,-0.081,0.08,0.087,0.026,-0.262,0.069,1.0,0.15,0.121,-0.011,-0.013,0.057,-0.062,-0.064
7,A2_3,0.091,-0.025,0.053,-0.196,0.18,0.17,-0.01,-0.084,0.15,1.0,0.058,-0.048,0.009,0.225,0.062,0.006
7,B2_1,-0.139,0.221,-0.019,-0.005,0.025,0.136,-0.034,-0.127,0.121,0.058,1.0,-0.101,0.063,0.243,-0.12,0.22
7,B2_2,-0.188,0.01,-0.012,-0.238,-0.017,-0.16,-0.05,0.067,-0.011,-0.048,-0.101,1.0,0.106,0.05,-0.256,-0.322
7,B2_3,0.127,-0.374,-0.194,-0.078,-0.163,-0.042,0.006,-0.114,-0.013,0.009,0.063,0.106,1.0,-0.186,-0.093,0.027
7,y1,-0.104,0.151,-0.117,-0.011,0.267,0.202,0.035,-0.272,0.057,0.225,0.243,0.05,-0.186,1.0,-0.013,-0.021
7,y2,0.218,-0.235,0.016,0.18,0.137,0.166,-0.16,-0.242,-0.062,0.062,-0.12,-0.256,-0.093,-0.013,1.0,0.211
7,y3,-0.015,-0.15,0.167,0.038,-0.205,0.119,0.14,-0.32,-0.064,0.006,0.22,-0.322,0.027,-0.021,0.211,1.0
8,.,1.0,-0.202,-0.166,-0.108,-0.039,-0.143,-0.255,-0.026,0.011,0.088,-0.141,-0.188,0.128,-0.106,0.217,-0.02
8,A1_1,-0.202,1.0,-0.159,-0.019,-0.084,0.189,0.048,0.067,0.037,-0.024,0.22,0.01,-0.374,0.152,-0.235,-0.15
8,A1_2,-0.166,-0.159,1.0,0.11,0.002,-0.025,-0.061,0.052,-0.081,0.053,-0.019,-0.012,-0.194,-0.118,0.016,0.167
8,A1_3,-0.108,-0.019,0.11,1.0,0.093,-0.119,-0.07,-0.098,0.08,-0.195,-0.005,-0.238,-0.078,-0.01,0.18,0.039
8,B1_1,-0.039,-0.084,0.002,0.093,1.0,0.088,-0.077,-0.18,0.087,0.179,0.025,-0.017,-0.162,0.267,0.137,-0.205
8,B1_2,-0.143,0.189,-0.025,-0.119,0.088,1.0,0.183,-0.021,0.026,0.17,0.136,-0.16,-0.042,0.203,0.167,0.12
8,B1_3,-0.255,0.048,-0.061,-0.07,-0.077,0.183,1.0,-0.08,-0.262,-0.01,-0.034,-0.05,0.007,0.036,-0.159,0.14
8,A2_1,-0.026,0.067,0.052,-0.098,-0.18,-0.021,-0.08,1.0,0.069,-0.083,-0.127,0.066,-0.114,-0.271,-0.241,-0.32
8,A2_2,0.011,0.037,-0.081,0.08,0.087,0.026,-0.262,0.069,1.0,0.15,0.121,-0.012,-0.013,0.057,-0.062,-0.063
8,A2_3,0.088,-0.024,0.053,-0.195,0.179,0.17,-0.01,-0.083,0.15,1.0,0.057,-0.048,0.008,0.224,0.062,0.006
8,B2_1,-0.141,0.22,-0.019,-0.005,0.025,0.136,-0.034,-0.127,0.121,0.057,1.0,-0.101,0.064,0.244,-0.12,0.22
8,B2_2,-0.188,0.01,-0.012,-0.238,-0.017,-0.16,-0.05,0.066,-0.012,-0.048,-0.101,1.0,0.106,0.05,-0.256,-0.322
8,B2_3,0.128,-0.374,-0.194,-0.078,-0.162,-0.042,0.007,-0.114,-0.013,0.008,0.064,0.106,1.0,-0.187,-0.094,0.028
8,y1,-0.106,0.152,-0.118,-0.01,0.267,0.203,0.036,-0.271,0.057,0.224,0.244,0.05,-0.187,1.0,-0.013,-0.02
8,y2,0.217,-0.235,0.016,0.18,0.137,0.167,-0.159,-0.241,-0.062,0.062,-0.12,-0.256,-0.094,-0.013,1.0,0.213
8,y3,-0.02,-0.15,0.167,0.039,-0.205,0.12,0.14,-0.32,-0.063,0.006,0.22,-0.322,0.028,-0.02,0.213,1.0
9,.,1.0,-0.204,-0.166,-0.108,-0.038,-0.145,-0.257,-0.027,0.012,0.087,-0.141,-0.187,0.128,-0.106,0.218,-0.022
9,A1_1,-0.204,1.0,-0.159,-0.019,-0.084,0.189,0.048,0.068,0.038,-0.024,0.221,0.011,-0.374,0.153,-0.234,-0.15
9,A1_2,-0.166,-0.159,1.0,0.109,0.002,-0.025,-0.06,0.052,-0.082,0.053,-0.019,-0.012,-0.194,-0.117,0.017,0.167
9,A1_3,-0.108,-0.019,0.109,1.0,0.092,-0.12,-0.07,-0.098,0.081,-0.195,-0.006,-0.238,-0.078,-0.01,0.18,0.039
9,B1_1,-0.038,-0.084,0.002,0.092,1.0,0.088,-0.077,-0.18,0.087,0.178,0.025,-0.017,-0.162,0.268,0.137,-0.204
9,B1_2,-0.145,0.189,-0.025,-0.12,0.088,1.0,0.183,-0.021,0.026,0.17,0.136,-0.159,-0.042,0.203,0.168,0.119
9,B1_3,-0.257,0.048,-0.06,-0.07,-0.077,0.183,1.0,-0.08,-0.261,-0.01,-0.034,-0.05,0.007,0.037,-0.158,0.14
9,A2_1,-0.027,0.068,0.052,-0.098,-0.18,-0.021,-0.08,1.0,0.069,-0.083,-0.127,0.066,-0.114,-0.271,-0.241,-0.321
9,A2_2,0.012,0.038,-0.082,0.081,0.087,0.026,-0.261,0.069,1.0,0.15,0.12,-0.012,-0.013,0.056,-0.063,-0.063
9,A2_3,0.087,-0.024,0.053,-0.195,0.178,0.17,-0.01,-0.083,0.15,1.0,0.057,-0.048,0.008,0.224,0.061,0.006
9,B2_1,-0.141,0.221,-0.019,-0.006,0.025,0.136,-0.034,-0.127,0.12,0.057,1.0,-0.101,0.064,0.244,-0.12,0.22
9,B2_2,-0.187,0.011,-0.012,-0.238,-0.017,-0.159,-0.05,0.066,-0.012,-0.048,-0.101,1.0,0.106,0.05,-0.256,-0.321
9,B2_3,0.128,-0.374,-0.194,-0.078,-0.162,-0.042,0.007,-0.114,-0.013,0.008,0.064,0.106,1.0,-0.188,-0.095,0.027
9,y1,-0.106,0.153,-0.117,-0.01,0.268,0.203,0.037,-0.271,0.056,0.224,0.244,0.05,-0.188,1.0,-0.013,-0.019
9,y2,0.218,-0.234,0.017,0.18,0.137,0.168,-0.158,-0.241,-0.063,0.061,-0.12,-0.256,-0.095,-0.013,1.0,0.214
9,y3,-0.022,-0.15,0.167,0.039,-0.204,0.119,0.14,-0.321,-0.063,0.006,0.22,-0.321,0.027,-0.019,0.214,1.0
10,.,1.0,-0.205,-0.165,-0.108,-0.037,-0.144,-0.259,-0.026,0.014,0.086,-0.141,-0.187,0.127,-0.106,0.216,-0.023
10,A1_1,-0.205,1.0,-0.159,-0.019,-0.084,0.188,0.049,0.069,0.039,-0.023,0.22,0.011,-0.374,0.153,-0.234,-0.151
10,A1_2,-0.165,-0.159,1.0,0.109,0.002,-0.025,-0.06,0.052,-0.081,0.053,-0.019,-0.012,-0.195,-0.117,0.017,0.168
10,A1_3,-0.108,-0.019,0.109,1.0,0.092,-0.12,-0.07,-0.098,0.081,-0.195,-0.006,-0.238,-0.078,-0.01,0.18,0.039
10,B1_1,-0.037,-0.084,0.002,0.092,1.0,0.088,-0.077,-0.18,0.087,0.178,0.025,-0.017,-0.162,0.268,0.137,-0.204
10,B1_2,-0.144,0.188,-0.025,-0.12,0.088,1.0,0.183,-0.021,0.026,0.169,0.136,-0.159,-0.042,0.204,0.169,0.12
10,B1_3,-0.259,0.049,-0.06,-0.07,-0.077,0.183,1.0,-0.08,-0.261,-0.01,-0.034,-0.05,0.007,0.038,-0.158,0.139
10,A2_1,-0.026,0.069,0.052,-0.098,-0.18,-0.021,-0.08,1.0,0.069,-0.084,-0.128,0.067,-0.114,-0.271,-0.241,-0.322
10,A2_2,0.014,0.039,-0.081,0.081,0.087,0.026,-0.261,0.069,1.0,0.15,0.12,-0.012,-0.013,0.055,-0.063,-0.064
10,A2_3,0.086,-0.023,0.053,-0.195,0.178,0.169,-0.01,-0.084,0.15,1.0,0.057,-0.048,0.007,0.224,0.062,0.006
10,B2_1,-0.141,0.22,-0.019,-0.006,0.025,0.136,-0.034,-0.128,0.12,0.057,1.0,-0.101,0.064,0.244,-0.119,0.22
10,B2_2,-0.187,0.011,-0.012,-0.238,-0.017,-0.159,-0.05,0.067,-0.012,-0.048,-0.101,1.0,0.106,0.05,-0.256,-0.321
10,B2_3,0.127,-0.374,-0.195,-0.078,-0.162,-0.042,0.007,-0.114,-0.013,0.007,0.064,0.106,1.0,-0.189,-0.096,0.027
10,y1,-0.106,0.153,-0.117,-0.01,0.268,0.204,0.038,-0.271,0.055,0.224,0.244,0.05,-0.189,1.0,-0.012,-0.018
10,y2,0.216,-0.234,0.017,0.18,0.137,0.169,-0.158,-0.241,-0.063,0.062,-0.119,-0.256,-0.096,-0.012,1.0,0.216
10,y3,-0.023,-0.151,0.168,0.039,-0.204,0.12,0.139,-0.322,-0.064,0.006,0.22,-0.321,0.027,-0.018,0.216,1.0
11,.,1.0,-0.205,-0.165,-0.109,-0.038,-0.145,-0.259,-0.028,0.014,0.086,-0.141,-0.187,0.128,-0.107,0.215,-0.025
11,A1_1,-0.205,1.0,-0.159,-0.019,-0.084,0.188,0.049,0.069,0.039,-0.023,0.221,0.011,-0.374,0.154,-0.234,-0.151
11,A1_2,-0.165,-0.159,1.0,0.108,0.002,-0.025,-0.061,0.052,-0.081,0.053,-0.018,-0.012,-0.195,-0.116,0.017,0.168
11,A1_3,-0.109,-0.019,0.108,1.0,0.092,-0.119,-0.071,-0.097,0.081,-0.194,-0.005,-0.238,-0.078,-0.009,0.18,0.039
11,B1_1,-0.038,-0.084,0.002,0.092,1.0,0.089,-0.077,-0.18,0.087,0.178,0.025,-0.017,-0.161,0.268,0.136,-0.204
11,B1_2,-0.145,0.188,-0.025,-0.119,0.089,1.0,0.183,-0.022,0.026,0.17,0.136,-0.159,-0.042,0.204,0.169,0.12
11,B1_3,-0.259,0.049,-0.061,-0.071,-0.077,0.183,1.0,-0.08,-0.261,-0.01,-0.034,-0.05,0.007,0.038,-0.158,0.138
11,A2_1,-0.028,0.069,0.052,-0.097,-0.18,-0.022,-0.08,1.0,0.069,-0.084,-0.127,0.067,-0.115,-0.27,-0.241,-0.322
11,A2_2,0.014,0.039,-0.081,0.081,0.087,0.026,-0.261,0.069,1.0,0.15,0.121,-0.012,-0.014,0.056,-0.063,-0.064
11,A2_3,0.086,-0.023,0.053,-0.194,0.178,0.17,-0.01,-0.084,0.15,1.0,0.057,-0.048,0.007,0.224,0.062,0.006
11,B2_1,-0.141,0.221,-0.018,-0.005,0.025,0.136,-0.034,-0.127,0.121,0.057,1.0,-0.101,0.064,0.244,-0.119,0.22
11,B2_2,-0.187,0.011,-0.012,-0.238,-0.017,-0.159,-0.05,0.067,-0.012,-0.048,-0.101,1.0,0.106,0.05,-0.256,-0.321
11,B2_3,0.128,-0.374,-0.195,-0.078,-0.161,-0.042,0.007,-0.115,-0.014,0.007,0.064,0.106,1.0,-0.189,-0.096,0.028
11,y1,-0.107,0.154,-0.116,-0.009,0.268,0.204,0.038,-0.27,0.056,0.224,0.244,0.05,-0.189,1.0,-0.013,-0.017
11,y2,0.215,-0.234,0.017,0.18,0.136,0.169,-0.158,-0.241,-0.063,0.062,-0.119,-0.256,-0.096,-0.013,1.0,0.216
11,y3,-0.025,-0.151,0.168,0.039,-0.204,0.12,0.138,-0.322,-0.064,0.006,0.22,-0.321,0.028,-0.017,0.216,1.0
12,.,1.0,-0.206,-0.165,-0.109,-0.038,-0.146,-0.26,-0.028,0.014,0.085,-0.141,-0.186,0.128,-0.108,0.215,-0.026
12,A1_1,-0.206,1.0,-0.16,-0.019,-0.084,0.188,0.049,0.07,0.039,-0.023,0.22,0.011,-0.374,0.155,-0.234,-0.151
12,A1_2,-0.165,-0.16,1.0,0.108,0.002,-0.025,-0.06,0.053,-0.082,0.053,-0.019,-0.012,-0.195,-0.115,0.017,0.168
12,A1_3,-0.109,-0.019,0.108,1.0,0.092,-0.119,-0.07,-0.096,0.082,-0.194,-0.005,-0.237,-0.078,-0.009,0.179,0.039
12,B1_1,-0.038,-0.084,0.002,0.092,1.0,0.089,-0.077,-0.181,0.087,0.178,0.025,-0.016,-0.161,0.268,0.136,-0.203
12,B1_2,-0.146,0.188,-0.025,-0.119,0.089,1.0,0.183,-0.022,0.026,0.17,0.136,-0.159,-0.042,0.205,0.17,0.12
12,B1_3,-0.26,0.049,-0.06,-0.07,-0.077,0.183,1.0,-0.08,-0.261,-0.01,-0.034,-0.05,0.007,0.039,-0.157,0.138
12,A2_1,-0.028,0.07,0.053,-0.096,-0.181,-0.022,-0.08,1.0,0.069,-0.083,-0.128,0.066,-0.115,-0.27,-0.241,-0.323
12,A2_2,0.014,0.039,-0.082,0.082,0.087,0.026,-0.261,0.069,1.0,0.15,0.121,-0.012,-0.014,0.056,-0.064,-0.064
12,A2_3,0.085,-0.023,0.053,-0.194,0.178,0.17,-0.01,-0.083,0.15,1.0,0.057,-0.048,0.007,0.224,0.061,0.006
12,B2_1,-0.141,0.22,-0.019,-0.005,0.025,0.136,-0.034,-0.128,0.121,0.057,1.0,-0.101,0.064,0.244,-0.119,0.22
12,B2_2,-0.186,0.011,-0.012,-0.237,-0.016,-0.159,-0.05,0.066,-0.012,-0.048,-0.101,1.0,0.106,0.049,-0.256,-0.321
12,B2_3,0.128,-0.374,-0.195,-0.078,-0.161,-0.042,0.007,-0.115,-0.014,0.007,0.064,0.106,1.0,-0.19,-0.096,0.027
12,y1,-0.108,0.155,-0.115,-0.009,0.268,0.205,0.039,-0.27,0.056,0.224,0.244,0.049,-0.19,1.0,-0.013,-0.017
12,y2,0.215,-0.234,0.017,0.179,0.136,0.17,-0.157,-0.241,-0.064,0.061,-0.119,-0.256,-0.096,-0.013,1.0,0.217
12,y3,-0.026,-0.151,0.168,0.039,-0.203,0.12,0.138,-0.323,-0.064,0.006,0.22,-0.321,0.027,-0.017,0.217,1.0
13,.,1.0,-0.208,-0.164,-0.109,-0.039,-0.147,-0.262,-0.029,0.016,0.084,-0.14,-0.185,0.127,-0.108,0.215,-0.026
13,A1_1,-0.208,1.0,-0.16,-0.018,-0.084,0.189,0.049,0.07,0.039,-0.024,0.22,0.011,-0.374,0.155,-0.234,-0.151
13,A1_2,-0.164,-0.16,1.0,0.107,0.002,-0.025,-0.061,0.052,-0.082,0.053,-0.018,-0.013,-0.195,-0.116,0.016,0.168
13,A1_3,-0.109,-0.018,0.107,1.0,0.092,-0.119,-0.07,-0.096,0.082,-0.194,-0.006,-0.237,-0.078,-0.009,0.179,0.039
13,B1_1,-0.039,-0.084,0.002,0.092,1.0,0.089,-0.077,-0.181,0.087,0.178,0.025,-0.016,-0.161,0.268,0.136,-0.203
13,B1_2,-0.147,0.189,-0.025,-0.119,0.089,1.0,0.183,-0.022,0.027,0.17,0.136,-0.159,-0.042,0.205,0.17,0.12
13,B1_3,-0.262,0.049,-0.061,-0.07,-0.077,0.183,1.0,-0.079,-0.262,-0.01,-0.034,-0.05,0.007,0.039,-0.157,0.138
13,A2_1,-0.029,0.07,0.052,-0.096,-0.181,-0.022,-0.079,1.0,0.069,-0.083,-0.128,0.066,-0.116,-0.269,-0.241,-0.323
13,A2_2,0.016,0.039,-0.082,0.082,0.087,0.027,-0.262,0.069,1.0,0.15,0.121,-0.012,-0.014,0.057,-0.064,-0.064
13,A2_3,0.084,-0.024,0.053,-0.194,0.178,0.17,-0.01,-0.083,0.15,1.0,0.057,-0.048,0.007,0.223,0.061,0.006
13,B2_1,-0.14,0.22,-0.018,-0.006,0.025,0.136,-0.034,-0.128,0.121,0.057,1.0,-0.101,0.064,0.244,-0.119,0.22
13,B2_2,-0.185,0.011,-0.013,-0.237,-0.016,-0.159,-0.05,0.066,-0.012,-0.048,-0.101,1.0,0.106,0.05,-0.256,-0.321
13,B2_3,0.127,-0.374,-0.195,-0.078,-0.161,-0.042,0.007,-0.116,-0.014,0.007,0.064,0.106,1.0,-0.19,-0.096,0.027
13,y1,-0.108,0.155,-0.116,-0.009,0.268,0.205,0.039,-0.269,0.057,0.223,0.244,0.05,-0.19,1.0,-0.013,-0.017
13,y2,0.215,-0.234,0.016,0.179,0.136,0.17,-0.157,-0.241,-0.064,0.061,-0.119,-0.256,-0.096,-0.013,1.0,0.218
13,y3,-0.026,-0.151,0.168,0.039,-0.203,0.12,0.138,-0.323,-0.064,0.006,0.22,-0.321,0.027,-0.017,0.218,1.0
14,.,1.0,-0.209,-0.163,-0.109,-0.038,-0.148,-0.262,-0.029,0.015,0.085,-0.14,-0.185,0.127,-0.11,0.214,-0.025
14,A1_1,-0.209,1.0,-0.159,-0.018,-0.084,0.189,0.049,0.071,0.039,-0.024,0.22,0.011,-0.374,0.156,-0.233,-0.151
14,A1_2,-0.163,-0.159,1.0,0.107,0.002,-0.025,-0.06,0.052,-0.082,0.053,-0.019,-0.013,-0.196,-0.116,0.016,0.168
14,A1_3,-0.109,-0.018,0.107,1.0,0.091,-0.119,-0.07,-0.096,0.082,-0.194,-0.006,-0.237,-0.078,-0.009,0.179,0.039
14,B1_1,-0.038,-0.084,0.002,0.091,1.0,0.089,-0.077,-0.182,0.087,0.177,0.025,-0.016,-0.161,0.268,0.136,-0.203
14,B1_2,-0.148,0.189,-0.025,-0.119,0.089,1.0,0.183,-0.023,0.027,0.169,0.136,-0.159,-0.042,0.205,0.171,0.12
14,B1_3,-0.262,0.049,-0.06,-0.07,-0.077,0.183,1.0,-0.078,-0.262,-0.01,-0.035,-0.05,0.007,0.039,-0.157,0.137
14,A2_1,-0.029,0.071,0.052,-0.096,-0.182,-0.023,-0.078,1.0,0.07,-0.083,-0.128,0.066,-0.116,-0.27,-0.24,-0.323
14,A2_2,0.015,0.039,-0.082,0.082,0.087,0.027,-0.262,0.07,1.0,0.151,0.121,-0.012,-0.014,0.057,-0.064,-0.065
14,A2_3,0.085,-0.024,0.053,-0.194,0.177,0.169,-0.01,-0.083,0.151,1.0,0.057,-0.049,0.007,0.222,0.061,0.005
14,B2_1,-0.14,0.22,-0.019,-0.006,0.025,0.136,-0.035,-0.128,0.121,0.057,1.0,-0.1,0.064,0.245,-0.119,0.22
14,B2_2,-0.185,0.011,-0.013,-0.237,-0.016,-0.159,-0.05,0.066,-0.012,-0.049,-0.1,1.0,0.107,0.05,-0.256,-0.321
14,B2_3,0.127,-0.374,-0.196,-0.078,-0.161,-0.042,0.007,-0.116,-0.014,0.007,0.064,0.107,1.0,-0.191,-0.097,0.027
14,y1,-0.11,0.156,-0.116,-0.009,0.268,0.205,0.039,-0.27,0.057,0.222,0.245,0.05,-0.191,1.0,-0.012,-0.017
14,y2,0.214,-0.233,0.016,0.179,0.136,0.171,-0.157,-0.24,-0.064,0.061,-0.119,-0.256,-0.097,-0.012,1.0,0.219
14,y3,-0.025,-0.151,0.168,0.039,-0.203,0.12,0.137,-0.323,-0.065,0.005,0.22,-0.321,0.027,-0.017,0.219,1.0
15,.,1.0,-0.21,-0.161,-0.11,-0.038,-0.148,-0.264,-0.029,0.014,0.087,-0.14,-0.184,0.127,-0.11,0.215,-0.026
15,A1_1,-0.21,1.0,-0.159,-0.019,-0.084,0.189,0.049,0.072,0.039,-0.024,0.221,0.011,-0.374,0.157,-0.233,-0.15
15,A1_2,-0.161,-0.159,1.0,0.107,0.001,-0.025,-0.06,0.051,-0.082,0.053,-0.019,-0.013,-0.196,-0.117,0.016,0.167
15,A1_3,-0.11,-0.019,0.107,1.0,0.091,-0.119,-0.07,-0.096,0.082,-0.194,-0.006,-0.237,-0.078,-0.01,0.18,0.04
15,B1_1,-0.038,-0.084,0.001,0.091,1.0,0.089,-0.077,-0.182,0.087,0.177,0.025,-0.016,-0.16,0.269,0.137,-0.203
15,B1_2,-0.148,0.189,-0.025,-0.119,0.089,1.0,0.183,-0.023,0.027,0.169,0.136,-0.159,-0.042,0.205,0.17,0.119
15,B1_3,-0.264,0.049,-0.06,-0.07,-0.077,0.183,1.0,-0.078,-0.261,-0.01,-0.035,-0.05,0.007,0.04,-0.157,0.137
15,A2_1,-0.029,0.072,0.051,-0.096,-0.182,-0.023,-0.078,1.0,0.071,-0.083,-0.129,0.065,-0.116,-0.271,-0.239,-0.323
15,A2_2,0.014,0.039,-0.082,0.082,0.087,0.027,-0.261,0.071,1.0,0.15,0.121,-0.012,-0.014,0.056,-0.064,-0.064
15,A2_3,0.087,-0.024,0.053,-0.194,0.177,0.169,-0.01,-0.083,0.15,1.0,0.056,-0.049,0.007,0.221,0.06,0.005
15,B2_1,-0.14,0.221,-0.019,-0.006,0.025,0.136,-0.035,-0.129,0.121,0.056,1.0,-0.1,0.065,0.245,-0.119,0.22
15,B2_2,-0.184,0.011,-0.013,-0.237,-0.016,-0.159,-0.05,0.065,-0.012,-0.049,-0.1,1.0,0.107,0.05,-0.256,-0.321
15,B2_3,0.127,-0.374,-0.196,-0.078,-0.16,-0.042,0.007,-0.116,-0.014,0.007,0.065,0.107,1.0,-0.191,-0.097,0.026
15,y1,-0.11,0.157,-0.117,-0.01,0.269,0.205,0.04,-0.271,0.056,0.221,0.245,0.05,-0.191,1.0,-0.013,-0.017
15,y2,0.215,-0.233,0.016,0.18,0.137,0.17,-0.157,-0.239,-0.064,0.06,-0.119,-0.256,-0.097,-0.013,1.0,0.218
15,y3,-0.026,-0.15,0.167,0.04,-0.203,0.119,0.137,-0.323,-0.064,0.005,0.22,-0.321,0.026,-0.017,0.218,1.0
16,.,1.0,-0.209,-0.161,-0.11,-0.037,-0.148,-0.266,-0.027,0.013,0.087,-0.141,-0.183,0.126,-0.111,0.213,-0.029
16,A1_1,-0.209,1.0,-0.159,-0.019,-0.084,0.189,0.049,0.072,0.039,-0.025,0.22,0.011,-0.375,0.157,-0.234,-0.15
16,A1_2,-0.161,-0.159,1.0,0.107,0.001,-0.025,-0.06,0.051,-0.083,0.053,-0.019,-0.013,-0.196,-0.116,0.017,0.168
16,A1_3,-0.11,-0.019,0.107,1.0,0.091,-0.119,-0.071,-0.096,0.082,-0.194,-0.006,-0.237,-0.078,-0.009,0.18,0.04
16,B1_1,-0.037,-0.084,0.001,0.091,1.0,0.089,-0.077,-0.182,0.087,0.177,0.026,-0.016,-0.16,0.268,0.137,-0.203
16,B1_2,-0.148,0.189,-0.025,-0.119,0.089,1.0,0.183,-0.023,0.027,0.169,0.136,-0.159,-0.042,0.206,0.171,0.119
16,B1_3,-0.266,0.049,-0.06,-0.071,-0.077,0.183,1.0,-0.078,-0.261,-0.009,-0.035,-0.05,0.007,0.04,-0.157,0.137
16,A2_1,-0.027,0.072,0.051,-0.096,-0.182,-0.023,-0.078,1.0,0.071,-0.083,-0.129,0.065,-0.116,-0.271,-0.239,-0.323
16,A2_2,0.013,0.039,-0.083,0.082,0.087,0.027,-0.261,0.071,1.0,0.15,0.121,-0.012,-0.014,0.056,-0.064,-0.064
16,A2_3,0.087,-0.025,0.053,-0.194,0.177,0.169,-0.009,-0.083,0.15,1.0,0.056,-0.048,0.007,0.222,0.061,0.006
16,B2_1,-0.141,0.22,-0.019,-0.006,0.026,0.136,-0.035,-0.129,0.121,0.056,1.0,-0.1,0.065,0.245,-0.118,0.22
16,B2_2,-0.183,0.011,-0.013,-0.237,-0.016,-0.159,-0.05,0.065,-0.012,-0.048,-0.1,1.0,0.107,0.05,-0.256,-0.321
16,B2_3,0.126,-0.375,-0.196,-0.078,-0.16,-0.042,0.007,-0.116,-0.014,0.007,0.065,0.107,1.0,-0.192,-0.097,0.026
16,y1,-0.111,0.157,-0.116,-0.009,0.268,0.206,0.04,-0.271,0.056,0.222,0.245,0.05,-0.192,1.0,-0.013,-0.015
16,y2,0.213,-0.234,0.017,0.18,0.137,0.171,-0.157,-0.239,-0.064,0.061,-0.118,-0.256,-0.097,-0.013,1.0,0.219
16,y3,-0.029,-0.15,0.168,0.04,-0.203,0.119,0.137,-0.323,-0.064,0.006,0.22,-0.321,0.026,-0.015,0.219,1.0
17,.,1.0,-0.209,-0.16,-0.11,-0.038,-0.148,-0.266,-0.027,0.014,0.087,-0.141,-0.182,0.125,-0.112,0.212,-0.029
17,A1_1,-0.209,1.0,-0.158,-0.018,-0.084,0.189,0.049,0.073,0.039,-0.024,0.22,0.011,-0.375,0.157,-0.234,-0.15
17,A1_2,-0.16,-0.158,1.0,0.107,0.0,-0.025,-0.06,0.052,-0.083,0.053,-0.019,-0.014,-0.197,-0.115,0.017,0.169
17,A1_3,-0.11,-0.018,0.107,1.0,0.091,-0.119,-0.071,-0.096,0.082,-0.193,-0.007,-0.238,-0.078,-0.009,0.179,0.04
17,B1_1,-0.038,-0.084,0.0,0.091,1.0,0.089,-0.077,-0.182,0.087,0.176,0.026,-0.016,-0.16,0.268,0.137,-0.203
17,B1_2,-0.148,0.189,-0.025,-0.119,0.089,1.0,0.183,-0.023,0.026,0.168,0.136,-0.159,-0.042,0.206,0.171,0.119
17,B1_3,-0.266,0.049,-0.06,-0.071,-0.077,0.183,1.0,-0.078,-0.261,-0.009,-0.035,-0.05,0.007,0.041,-0.156,0.137
17,A2_1,-0.027,0.073,0.052,-0.096,-0.182,-0.023,-0.078,1.0,0.071,-0.082,-0.129,0.065,-0.116,-0.272,-0.239,-0.324
17,A2_2,0.014,0.039,-0.083,0.082,0.087,0.026,-0.261,0.071,1.0,0.151,0.121,-0.012,-0.014,0.055,-0.064,-0.065
17,A2_3,0.087,-0.024,0.053,-0.193,0.176,0.168,-0.009,-0.082,0.151,1.0,0.055,-0.049,0.007,0.222,0.06,0.005
17,B2_1,-0.141,0.22,-0.019,-0.007,0.026,0.136,-0.035,-0.129,0.121,0.055,1.0,-0.099,0.067,0.245,-0.118,0.22
17,B2_2,-0.182,0.011,-0.014,-0.238,-0.016,-0.159,-0.05,0.065,-0.012,-0.049,-0.099,1.0,0.107,0.05,-0.256,-0.321
17,B2_3,0.125,-0.375,-0.197,-0.078,-0.16,-0.042,0.007,-0.116,-0.014,0.007,0.067,0.107,1.0,-0.191,-0.097,0.026
17,y1,-0.112,0.157,-0.115,-0.009,0.268,0.206,0.041,-0.272,0.055,0.222,0.245,0.05,-0.191,1.0,-0.012,-0.015
17,y2,0.212,-0.234,0.017,0.179,0.137,0.171,-0.156,-0.239,-0.064,0.06,-0.118,-0.256,-0.097,-0.012,1.0,0.22
17,y3,-0.029,-0.15,0.169,0.04,-0.203,0.119,0.137,-0.324,-0.065,0.005,0.22,-0.321,0.026,-0.015,0.22,1.0
18,.,1.0,-0.209,-0.161,-0.11,-0.038,-0.149,-0.267,-0.027,0.016,0.085,-0.141,-0.182,0.126,-0.112,0.21,-0.03
18,A1_1,-0.209,1.0,-0.158,-0.019,-0.084,0.189,0.049,0.073,0.039,-0.024,0.22,0.011,-0.375,0.157,-0.234,-0.151
18,A1_2,-0.161,-0.158,1.0,0.107,0.0,-0.025,-0.06,0.052,-0.083,0.053,-0.019,-0.013,-0.197,-0.115,0.017,0.169
18,A1_3,-0.11,-0.019,0.107,1.0,0.091,-0.119,-0.071,-0.096,0.082,-0.193,-0.006,-0.238,-0.078,-0.009,0.179,0.04
18,B1_1,-0.038,-0.084,0.0,0.091,1.0,0.089,-0.077,-0.182,0.087,0.176,0.026,-0.016,-0.16,0.268,0.136,-0.203
18,B1_2,-0.149,0.189,-0.025,-0.119,0.089,1.0,0.183,-0.024,0.026,0.168,0.136,-0.159,-0.042,0.207,0.173,0.119
18,B1_3,-0.267,0.049,-0.06,-0.071,-0.077,0.183,1.0,-0.078,-0.261,-0.008,-0.035,-0.05,0.007,0.041,-0.155,0.136
18,A2_1,-0.027,0.073,0.052,-0.096,-0.182,-0.024,-0.078,1.0,0.071,-0.081,-0.13,0.065,-0.116,-0.271,-0.239,-0.324
18,A2_2,0.016,0.039,-0.083,0.082,0.087,0.026,-0.261,0.071,1.0,0.151,0.12,-0.013,-0.014,0.056,-0.064,-0.064
18,A2_3,0.085,-0.024,0.053,-0.193,0.176,0.168,-0.008,-0.081,0.151,1.0,0.055,-0.049,0.007,0.223,0.061,0.006
18,B2_1,-0.141,0.22,-0.019,-0.006,0.026,0.136,-0.035,-0.13,0.12,0.055,1.0,-0.099,0.067,0.245,-0.118,0.22
18,B2_2,-0.182,0.011,-0.013,-0.238,-0.016,-0.159,-0.05,0.065,-0.013,-0.049,-0.099,1.0,0.108,0.05,-0.255,-0.321
18,B2_3,0.126,-0.375,-0.197,-0.078,-0.16,-0.042,0.007,-0.116,-0.014,0.007,0.067,0.108,1.0,-0.192,-0.098,0.026
18,y1,-0.112,0.157,-0.115,-0.009,0.268,0.207,0.041,-0.271,0.056,0.223,0.245,0.05,-0.192,1.0,-0.011,-0.014
18,y2,0.21,-0.234,0.017,0.179,0.136,0.173,-0.155,-0.239,-0.064,0.061,-0.118,-0.255,-0.098,-0.011,1.0,0.222
18,y3,-0.03,-0.151,0.169,0.04,-0.203,0.119,0.136,-0.324,-0.064,0.006,0.22,-0.321,0.026,-0.014,0.222,1.0
19,.,1.0,-0.212,-0.161,-0.11,-0.038,-0.15,-0.268,-0.027,0.016,0.084,-0.14,-0.18,0.126,-0.112,0.209,-0.031
19,A1_1,-0.212,1.0,-0.158,-0.019,-0.083,0.189,0.049,0.073,0.039,-0.024,0.22,0.011,-0.376,0.159,-0.234,-0.151
19,A1_2,-0.161,-0.158,1.0,0.107,-0.0,-0.026,-0.059,0.053,-0.083,0.053,-0.019,-0.013,-0.198,-0.115,0.017,0.169
19,A1_3,-0.11,-0.019,0.107,1.0,0.091,-0.119,-0.072,-0.096,0.082,-0.192,-0.007,-0.238,-0.078,-0.009,0.179,0.039
19,B1_1,-0.038,-0.083,-0.0,0.091,1.0,0.089,-0.077,-0.182,0.087,0.176,0.027,-0.016,-0.16,0.268,0.136,-0.203
19,B1_2,-0.15,0.189,-0.026,-0.119,0.089,1.0,0.183,-0.023,0.026,0.168,0.136,-0.159,-0.041,0.208,0.173,0.119
19,B1_3,-0.268,0.049,-0.059,-0.072,-0.077,0.183,1.0,-0.079,-0.262,-0.009,-0.035,-0.05,0.008,0.042,-0.154,0.136
19,A2_1,-0.027,0.073,0.053,-0.096,-0.182,-0.023,-0.079,1.0,0.072,-0.081,-0.13,0.065,-0.116,-0.27,-0.239,-0.324
19,A2_2,0.016,0.039,-0.083,0.082,0.087,0.026,-0.262,0.072,1.0,0.152,0.121,-0.013,-0.014,0.055,-0.065,-0.065
19,A2_3,0.084,-0.024,0.053,-0.192,0.176,0.168,-0.009,-0.081,0.152,1.0,0.055,-0.049,0.006,0.223,0.06,0.005
19,B2_1,-0.14,0.22,-0.019,-0.007,0.027,0.136,-0.035,-0.13,0.121,0.055,1.0,-0.099,0.067,0.246,-0.117,0.219
19,B2_2,-0.18,0.011,-0.013,-0.238,-0.016,-0.159,-0.05,0.065,-0.013,-0.049,-0.099,1.0,0.108,0.05,-0.255,-0.321
19,B2_3,0.126,-0.376,-0.198,-0.078,-0.16,-0.041,0.008,-0.116,-0.014,0.006,0.067,0.108,1.0,-0.192,-0.098,0.026
19,y1,-0.112,0.159,-0.115,-0.009,0.268,0.208,0.042,-0.27,0.055,0.223,0.246,0.05,-0.192,1.0,-0.012,-0.013
19,y2,0.209,-0.234,0.017,0.179,0.136,0.173,-0.154,-0.239,-0.065,0.06,-0.117,-0.255,-0.098,-0.012,1.0,0.222
19,y3,-0.031,-0.151,0.169,0.039,-0.203,0.119,0.136,-0.324,-0.065,0.005,0.219,-0.321,0.026,-0.013,0.222,1.0
20,.,1.0,-0.213,-0.161,-0.109,-0.038,-0.15,-0.269,-0.027,0.017,0.083,-0.141,-0.181,0.126,-0.112,0.208,-0.031
20,A1_1,-0.213,1.0,-0.158,-0.018,-0.083,0.189,0.049,0.073,0.039,-0.024,0.22,0.011,-0.376,0.159,-0.233,-0.151
20,A1_2,-0.161,-0.158,1.0,0.106,-0.0,-0.026,-0.058,0.053,-0.083,0.053,-0.019,-0.013,-0.197,-0.116,0.016,0.17
20,A1_3,-0.109,-0.018,0.106,1.0,0.091,-0.12,-0.07,-0.095,0.082,-0.192,-0.008,-0.238,-0.079,-0.009,0.179,0.04
20,B1_1,-0.038,-0.083,-0.0,0.091,1.0,0.089,-0.077,-0.182,0.087,0.176,0.027,-0.016,-0.16,0.269,0.137,-0.203
20,B1_2,-0.15,0.189,-0.026,-0.12,0.089,1.0,0.183,-0.024,0.026,0.168,0.136,-0.159,-0.041,0.208,0.173,0.119
20,B1_3,-0.269,0.049,-0.058,-0.07,-0.077,0.183,1.0,-0.078,-0.262,-0.009,-0.035,-0.05,0.008,0.042,-0.155,0.135
20,A2_1,-0.027,0.073,0.053,-0.095,-0.182,-0.024,-0.078,1.0,0.073,-0.081,-0.13,0.065,-0.116,-0.271,-0.238,-0.325
20,A2_2,0.017,0.039,-0.083,0.082,0.087,0.026,-0.262,0.073,1.0,0.152,0.12,-0.013,-0.014,0.055,-0.064,-0.065
20,A2_3,0.083,-0.024,0.053,-0.192,0.176,0.168,-0.009,-0.081,0.152,1.0,0.055,-0.049,0.006,0.222,0.06,0.005
20,B2_1,-0.141,0.22,-0.019,-0.008,0.027,0.136,-0.035,-0.13,0.12,0.055,1.0,-0.099,0.067,0.245,-0.118,0.22
20,B2_2,-0.181,0.011,-0.013,-0.238,-0.016,-0.159,-0.05,0.065,-0.013,-0.049,-0.099,1.0,0.108,0.05,-0.255,-0.321
20,B2_3,0.126,-0.376,-0.197,-0.079,-0.16,-0.041,0.008,-0.116,-0.014,0.006,0.067,0.108,1.0,-0.192,-0.098,0.025
20,y1,-0.112,0.159,-0.116,-0.009,0.269,0.208,0.042,-0.271,0.055,0.222,0.245,0.05,-0.192,1.0,-0.012,-0.014
20,y2,0.208,-0.233,0.016,0.179,0.137,0.173,-0.155,-0.238,-0.064,0.06,-0.118,-0.255,-0.098,-0.012,1.0,0.223
20,y3,-0.031,-0.151,0.17,0.04,-0.203,0.119,0.135,-0.325,-0.065,0.005,0.22,-0.321,0.025,-0.014,0.223,1.0
21,.,1.0,-0.215,-0.16,-0.11,-0.038,-0.15,-0.27,-0.026,0.017,0.083,-0.141,-0.18,0.127,-0.114,0.207,-0.031
21,A1_1,-0.215,1.0,-0.158,-0.018,-0.083,0.189,0.048,0.074,0.04,-0.023,0.22,0.012,-0.376,0.16,-0.234,-0.152
21,A1_2,-0.16,-0.158,1.0,0.106,-0.0,-0.026,-0.059,0.053,-0.082,0.053,-0.019,-0.014,-0.198,-0.114,0.016,0.17
21,A1_3,-0.11,-0.018,0.106,1.0,0.091,-0.12,-0.071,-0.095,0.082,-0.192,-0.008,-0.238,-0.079,-0.008,0.179,0.04
21,B1_1,-0.038,-0.083,-0.0,0.091,1.0,0.089,-0.077,-0.182,0.087,0.176,0.027,-0.016,-0.16,0.269,0.136,-0.203
21,B1_2,-0.15,0.189,-0.026,-0.12,0.089,1.0,0.183,-0.024,0.026,0.168,0.136,-0.159,-0.041,0.209,0.173,0.119
21,B1_3,-0.27,0.048,-0.059,-0.071,-0.077,0.183,1.0,-0.079,-0.262,-0.009,-0.035,-0.05,0.008,0.043,-0.155,0.135
21,A2_1,-0.026,0.074,0.053,-0.095,-0.182,-0.024,-0.079,1.0,0.072,-0.081,-0.13,0.065,-0.116,-0.27,-0.238,-0.326
21,A2_2,0.017,0.04,-0.082,0.082,0.087,0.026,-0.262,0.072,1.0,0.152,0.12,-0.013,-0.014,0.054,-0.064,-0.065
21,A2_3,0.083,-0.023,0.053,-0.192,0.176,0.168,-0.009,-0.081,0.152,1.0,0.055,-0.05,0.006,0.222,0.06,0.005
21,B2_1,-0.141,0.22,-0.019,-0.008,0.027,0.136,-0.035,-0.13,0.12,0.055,1.0,-0.099,0.067,0.246,-0.117,0.219
21,B2_2,-0.18,0.012,-0.014,-0.238,-0.016,-0.159,-0.05,0.065,-0.013,-0.05,-0.099,1.0,0.108,0.05,-0.255,-0.321
21,B2_3,0.127,-0.376,-0.198,-0.079,-0.16,-0.041,0.008,-0.116,-0.014,0.006,0.067,0.108,1.0,-0.193,-0.098,0.025
21,y1,-0.114,0.16,-0.114,-0.008,0.269,0.209,0.043,-0.27,0.054,0.222,0.246,0.05,-0.193,1.0,-0.012,-0.014
21,y2,0.207,-0.234,0.016,0.179,0.136,0.173,-0.155,-0.238,-0.064,0.06,-0.117,-0.255,-0.098,-0.012,1.0,0.223
21,y3,-0.031,-0.152,0.17,0.04,-0.203,0.119,0.135,-0.326,-0.065,0.005,0.219,-0.321,0.025,-0.014,0.223,1.0
22,.,1.0,-0.216,-0.159,-0.111,-0.039,-0.151,-0.27,-0.026,0.016,0.084,-0.14,-0.18,0.127,-0.115,0.207,-0.031
22,A1_1,-0.216,1.0,-0.158,-0.017,-0.083,0.189,0.049,0.074,0.04,-0.024,0.22,0.012,-0.376,0.161,-0.234,-0.151
22,A1_2,-0.159,-0.158,1.0,0.107,-0.0,-0.026,-0.058,0.053,-0.083,0.053,-0.019,-0.014,-0.198,-0.114,0.017,0.17
22,A1_3,-0.111,-0.017,0.107,1.0,0.09,-0.12,-0.07,-0.094,0.082,-0.192,-0.008,-0.238,-0.079,-0.009,0.177,0.04
22,B1_1,-0.039,-0.083,-0.0,0.09,1.0,0.089,-0.077,-0.182,0.087,0.175,0.027,-0.015,-0.16,0.269,0.136,-0.202
22,B1_2,-0.151,0.189,-0.026,-0.12,0.089,1.0,0.183,-0.024,0.026,0.168,0.136,-0.159,-0.041,0.209,0.174,0.119
22,B1_3,-0.27,0.049,-0.058,-0.07,-0.077,0.183,1.0,-0.079,-0.262,-0.009,-0.035,-0.05,0.008,0.043,-0.154,0.135
22,A2_1,-0.026,0.074,0.053,-0.094,-0.182,-0.024,-0.079,1.0,0.073,-0.081,-0.13,0.064,-0.117,-0.27,-0.238,-0.326
22,A2_2,0.016,0.04,-0.083,0.082,0.087,0.026,-0.262,0.073,1.0,0.152,0.12,-0.013,-0.014,0.054,-0.064,-0.065
22,A2_3,0.084,-0.024,0.053,-0.192,0.175,0.168,-0.009,-0.081,0.152,1.0,0.055,-0.05,0.006,0.222,0.059,0.005
22,B2_1,-0.14,0.22,-0.019,-0.008,0.027,0.136,-0.035,-0.13,0.12,0.055,1.0,-0.099,0.067,0.246,-0.118,0.218
22,B2_2,-0.18,0.012,-0.014,-0.238,-0.015,-0.159,-0.05,0.064,-0.013,-0.05,-0.099,1.0,0.108,0.05,-0.255,-0.321
22,B2_3,0.127,-0.376,-0.198,-0.079,-0.16,-0.041,0.008,-0.117,-0.014,0.006,0.067,0.108,1.0,-0.193,-0.099,0.025
22,y1,-0.115,0.161,-0.114,-0.009,0.269,0.209,0.043,-0.27,0.054,0.222,0.246,0.05,-0.193,1.0,-0.011,-0.013
22,y2,0.207,-0.234,0.017,0.177,0.136,0.174,-0.154,-0.238,-0.064,0.059,-0.118,-0.255,-0.099,-0.011,1.0,0.224
22,y3,-0.031,-0.151,0.17,0.04,-0.202,0.119,0.135,-0.326,-0.065,0.005,0.218,-0.321,0.025,-0.013,0.224,1.0
23,.,1.0,-0.215,-0.158,-0.112,-0.038,-0.152,-0.272,-0.025,0.017,0.085,-0.14,-0.179,0.127,-0.115,0.207,-0.033
23,A1_1,-0.215,1.0,-0.159,-0.017,-0.083,0.189,0.049,0.074,0.04,-0.024,0.22,0.012,-0.375,0.161,-0.233,-0.151
23,A1_2,-0.158,-0.159,1.0,0.107,-0.001,-0.027,-0.057,0.054,-0.083,0.053,-0.02,-0.014,-0.198,-0.115,0.017,0.17
