,,.,A1_1,A1_2,A1_3,B1_1,B1_2,B1_3,A2_1,A2_2,A2_3,B2_1,B2_2,B2_3,y1,y2,y3
1,.,1.0,0.926,0.841,0.912,0.957,0.86,0.721,0.883,0.894,0.845,0.812,0.854,0.84,0.8,0.836,0.751
1,A1_1,0.926,1.0,0.83,0.918,0.928,0.851,0.717,0.881,0.869,0.849,0.827,0.786,0.781,0.894,0.812,0.726
1,A1_2,0.841,0.83,1.0,0.846,0.801,0.778,0.712,0.806,0.941,0.952,0.811,0.946,0.737,0.807,0.824,0.909
1,A1_3,0.912,0.918,0.846,1.0,0.964,0.754,0.577,0.92,0.856,0.796,0.784,0.792,0.698,0.822,0.791,0.647
1,B1_1,0.957,0.928,0.801,0.964,1.0,0.824,0.608,0.894,0.853,0.756,0.746,0.778,0.771,0.765,0.79,0.659
1,B1_2,0.86,0.851,0.778,0.754,0.824,1.0,0.845,0.699,0.868,0.755,0.709,0.838,0.971,0.705,0.862,0.865
1,B1_3,0.721,0.717,0.712,0.577,0.608,0.845,1.0,0.701,0.819,0.814,0.851,0.827,0.903,0.799,0.89,0.836
1,A2_1,0.883,0.881,0.806,0.92,0.894,0.699,0.701,1.0,0.844,0.851,0.926,0.806,0.712,0.912,0.878,0.622
1,A2_2,0.894,0.869,0.941,0.856,0.853,0.868,0.819,0.844,1.0,0.916,0.861,0.918,0.863,0.824,0.863,0.891
1,A2_3,0.845,0.849,0.952,0.796,0.756,0.755,0.814,0.851,0.916,1.0,0.921,0.938,0.749,0.912,0.866,0.879
1,B2_1,0.812,0.827,0.811,0.784,0.746,0.709,0.851,0.926,0.861,0.921,1.0,0.858,0.759,0.962,0.91,0.714
1,B2_2,0.854,0.786,0.946,0.792,0.778,0.838,0.827,0.806,0.918,0.938,0.858,1.0,0.846,0.807,0.924,0.919
1,B2_3,0.84,0.781,0.737,0.698,0.771,0.971,0.903,0.712,0.863,0.749,0.759,0.846,1.0,0.698,0.902,0.841
1,y1,0.8,0.894,0.807,0.822,0.765,0.705,0.799,0.912,0.824,0.912,0.962,0.807,0.698,1.0,0.859,0.69
1,y2,0.836,0.812,0.824,0.791,0.79,0.862,0.89,0.878,0.863,0.866,0.91,0.924,0.902,0.859,1.0,0.809
1,y3,0.751,0.726,0.909,0.647,0.659,0.865,0.836,0.622,0.891,0.879,0.714,0.919,0.841,0.69,0.809,1.0
2,.,1.0,0.927,0.847,0.912,0.96,0.862,0.722,0.882,0.895,0.851,0.816,0.86,0.839,0.804,0.837,0.755
2,A1_1,0.927,1.0,0.837,0.92,0.931,0.851,0.718,0.885,0.874,0.855,0.832,0.792,0.78,0.896,0.814,0.729
2,A1_2,0.847,0.837,1.0,0.851,0.81,0.781,0.714,0.812,0.944,0.953,0.816,0.946,0.739,0.813,0.83,0.907
2,A1_3,0.912,0.92,0.851,1.0,0.964,0.752,0.579,0.921,0.86,0.803,0.789,0.794,0.695,0.826,0.793,0.647
2,B1_1,0.96,0.931,0.81,0.964,1.0,0.825,0.615,0.897,0.858,0.768,0.757,0.786,0.773,0.773,0.796,0.664
2,B1_2,0.862,0.851,0.781,0.752,0.825,1.0,0.852,0.707,0.871,0.763,0.723,0.844,0.972,0.714,0.87,0.867
2,B1_3,0.722,0.718,0.714,0.579,0.615,0.852,1.0,0.708,0.82,0.816,0.855,0.831,0.907,0.803,0.895,0.84
2,A2_1,0.882,0.885,0.812,0.921,0.897,0.707,0.708,1.0,0.85,0.857,0.93,0.811,0.718,0.915,0.88,0.629
2,A2_2,0.895,0.874,0.944,0.86,0.858,0.871,0.82,0.85,1.0,0.921,0.866,0.922,0.862,0.832,0.87,0.893
2,A2_3,0.851,0.855,0.953,0.803,0.768,0.763,0.816,0.857,0.921,1.0,0.923,0.941,0.756,0.915,0.872,0.881
2,B2_1,0.816,0.832,0.816,0.789,0.757,0.723,0.855,0.93,0.866,0.923,1.0,0.862,0.769,0.963,0.914,0.722
2,B2_2,0.86,0.792,0.946,0.794,0.786,0.844,0.831,0.811,0.922,0.941,0.862,1.0,0.852,0.812,0.928,0.922
2,B2_3,0.839,0.78,0.739,0.695,0.773,0.972,0.907,0.718,0.862,0.756,0.769,0.852,1.0,0.706,0.906,0.844
2,y1,0.804,0.896,0.813,0.826,0.773,0.714,0.803,0.915,0.832,0.915,0.963,0.812,0.706,1.0,0.864,0.697
2,y2,0.837,0.814,0.83,0.793,0.796,0.87,0.895,0.88,0.87,0.872,0.914,0.928,0.906,0.864,1.0,0.817
2,y3,0.755,0.729,0.907,0.647,0.664,0.867,0.84,0.629,0.893,0.881,0.722,0.922,0.844,0.697,0.817,1.0
3,.,1.0,0.928,0.853,0.912,0.962,0.863,0.724,0.883,0.898,0.856,0.821,0.865,0.838,0.808,0.838,0.76
3,A1_1,0.928,1.0,0.844,0.922,0.934,0.85,0.72,0.888,0.879,0.861,0.838,0.798,0.78,0.899,0.817,0.733
3,A1_2,0.853,0.844,1.0,0.857,0.819,0.785,0.717,0.819,0.947,0.954,0.821,0.946,0.742,0.818,0.835,0.905
3,A1_3,0.912,0.922,0.857,1.0,0.964,0.751,0.583,0.923,0.864,0.81,0.795,0.797,0.694,0.83,0.795,0.65
3,B1_1,0.962,0.934,0.819,0.964,1.0,0.827,0.625,0.901,0.864,0.779,0.769,0.795,0.775,0.781,0.801,0.67
3,B1_2,0.863,0.85,0.785,0.751,0.827,1.0,0.859,0.716,0.873,0.772,0.737,0.852,0.973,0.723,0.878,0.87
3,B1_3,0.724,0.72,0.717,0.583,0.625,0.859,1.0,0.715,0.821,0.819,0.86,0.836,0.912,0.807,0.9,0.846
3,A2_1,0.883,0.888,0.819,0.923,0.901,0.716,0.715,1.0,0.856,0.862,0.934,0.817,0.725,0.918,0.881,0.638
3,A2_2,0.898,0.879,0.947,0.864,0.864,0.873,0.821,0.856,1.0,0.925,0.872,0.926,0.862,0.839,0.876,0.894
3,A2_3,0.856,0.861,0.954,0.81,0.779,0.772,0.819,0.862,0.925,1.0,0.925,0.943,0.763,0.918,0.878,0.884
3,B2_1,0.821,0.838,0.821,0.795,0.769,0.737,0.86,0.934,0.872,0.925,1.0,0.867,0.78,0.965,0.919,0.731
3,B2_2,0.865,0.798,0.946,0.797,0.795,0.852,0.836,0.817,0.926,0.943,0.867,1.0,0.858,0.818,0.932,0.924
3,B2_3,0.838,0.78,0.742,0.694,0.775,0.973,0.912,0.725,0.862,0.763,0.78,0.858,1.0,0.716,0.911,0.848
3,y1,0.808,0.899,0.818,0.83,0.781,0.723,0.807,0.918,0.839,0.918,0.965,0.818,0.716,1.0,0.869,0.704
3,y2,0.838,0.817,0.835,0.795,0.801,0.878,0.9,0.881,0.876,0.878,0.919,0.932,0.911,0.869,1.0,0.826
3,y3,0.76,0.733,0.905,0.65,0.67,0.87,0.846,0.638,0.894,0.884,0.731,0.924,0.848,0.704,0.826,1.0
4,.,1.0,0.93,0.858,0.913,0.964,0.863,0.724,0.883,0.899,0.861,0.824,0.869,0.835,0.811,0.837,0.764
4,A1_1,0.93,1.0,0.851,0.925,0.937,0.849,0.722,0.892,0.884,0.866,0.843,0.804,0.78,0.901,0.819,0.737
4,A1_2,0.858,0.851,1.0,0.863,0.827,0.788,0.719,0.827,0.95,0.955,0.826,0.946,0.745,0.824,0.84,0.904
4,A1_3,0.913,0.925,0.863,1.0,0.964,0.75,0.586,0.925,0.869,0.816,0.8,0.8,0.693,0.834,0.796,0.653
4,B1_1,0.964,0.937,0.827,0.964,1.0,0.829,0.634,0.906,0.871,0.79,0.781,0.803,0.778,0.789,0.806,0.677
4,B1_2,0.863,0.849,0.788,0.75,0.829,1.0,0.866,0.725,0.875,0.78,0.75,0.859,0.975,0.732,0.885,0.873
4,B1_3,0.724,0.722,0.719,0.586,0.634,0.866,1.0,0.72,0.821,0.821,0.863,0.841,0.917,0.811,0.904,0.851
4,A2_1,0.883,0.892,0.827,0.925,0.906,0.725,0.72,1.0,0.862,0.867,0.936,0.822,0.732,0.921,0.883,0.647
4,A2_2,0.899,0.884,0.95,0.869,0.871,0.875,0.821,0.862,1.0,0.929,0.877,0.929,0.862,0.846,0.88,0.895
4,A2_3,0.861,0.866,0.955,0.816,0.79,0.78,0.821,0.867,0.929,1.0,0.927,0.945,0.77,0.921,0.882,0.886
4,B2_1,0.824,0.843,0.826,0.8,0.781,0.75,0.863,0.936,0.877,0.927,1.0,0.871,0.79,0.966,0.922,0.74
4,B2_2,0.869,0.804,0.946,0.8,0.803,0.859,0.841,0.822,0.929,0.945,0.871,1.0,0.864,0.823,0.936,0.927
4,B2_3,0.835,0.78,0.745,0.693,0.778,0.975,0.917,0.732,0.862,0.77,0.79,0.864,1.0,0.725,0.915,0.852
4,y1,0.811,0.901,0.824,0.834,0.789,0.732,0.811,0.921,0.846,0.921,0.966,0.823,0.725,1.0,0.873,0.712
4,y2,0.837,0.819,0.84,0.796,0.806,0.885,0.904,0.883,0.88,0.882,0.922,0.936,0.915,0.873,1.0,0.834
4,y3,0.764,0.737,0.904,0.653,0.677,0.873,0.851,0.647,0.895,0.886,0.74,0.927,0.852,0.712,0.834,1.0
5,.,1.0,0.93,0.862,0.913,0.966,0.861,0.722,0.883,0.9,0.863,0.825,0.871,0.831,0.813,0.834,0.764
5,A1_1,0.93,1.0,0.857,0.927,0.939,0.846,0.722,0.895,0.889,0.871,0.847,0.808,0.778,0.902,0.819,0.738
5,A1_2,0.862,0.857,1.0,0.869,0.835,0.789,0.719,0.834,0.952,0.957,0.83,0.945,0.746,0.829,0.843,0.901
5,A1_3,0.913,0.927,0.869,1.0,0.964,0.747,0.588,0.927,0.874,0.822,0.804,0.802,0.689,0.837,0.795,0.655
5,B1_1,0.966,0.939,0.835,0.964,1.0,0.83,0.641,0.909,0.877,0.799,0.79,0.81,0.779,0.795,0.81,0.682
5,B1_2,0.861,0.846,0.789,0.747,0.83,1.0,0.873,0.731,0.876,0.785,0.76,0.864,0.976,0.738,0.891,0.875
5,B1_3,0.722,0.722,0.719,0.588,0.641,0.873,1.0,0.723,0.82,0.821,0.866,0.845,0.921,0.813,0.908,0.855
5,A2_1,0.883,0.895,0.834,0.927,0.909,0.731,0.723,1.0,0.868,0.872,0.938,0.827,0.735,0.924,0.883,0.654
5,A2_2,0.9,0.889,0.952,0.874,0.877,0.876,0.82,0.868,1.0,0.932,0.881,0.932,0.86,0.852,0.884,0.894
5,A2_3,0.863,0.871,0.957,0.822,0.799,0.785,0.821,0.872,0.932,1.0,0.928,0.946,0.773,0.924,0.885,0.887
5,B2_1,0.825,0.847,0.83,0.804,0.79,0.76,0.866,0.938,0.881,0.928,1.0,0.875,0.798,0.967,0.925,0.747
5,B2_2,0.871,0.808,0.945,0.802,0.81,0.864,0.845,0.827,0.932,0.946,0.875,1.0,0.868,0.827,0.939,0.929
5,B2_3,0.831,0.778,0.746,0.689,0.779,0.976,0.921,0.735,0.86,0.773,0.798,0.868,1.0,0.731,0.919,0.855
5,y1,0.813,0.902,0.829,0.837,0.795,0.738,0.813,0.924,0.852,0.924,0.967,0.827,0.731,1.0,0.876,0.718
5,y2,0.834,0.819,0.843,0.795,0.81,0.891,0.908,0.883,0.884,0.885,0.925,0.939,0.919,0.876,1.0,0.841
5,y3,0.764,0.738,0.901,0.655,0.682,0.875,0.855,0.654,0.894,0.887,0.747,0.929,0.855,0.718,0.841,1.0
6,.,1.0,0.93,0.863,0.912,0.968,0.856,0.716,0.881,0.9,0.863,0.824,0.871,0.824,0.811,0.829,0.762
6,A1_1,0.93,1.0,0.861,0.928,0.94,0.843,0.72,0.898,0.893,0.874,0.85,0.81,0.775,0.903,0.818,0.739
6,A1_2,0.863,0.861,1.0,0.873,0.84,0.789,0.718,0.84,0.954,0.957,0.833,0.943,0.744,0.832,0.845,0.898
6,A1_3,0.912,0.928,0.873,1.0,0.963,0.744,0.587,0.929,0.879,0.826,0.806,0.802,0.685,0.838,0.793,0.655
6,B1_1,0.968,0.94,0.84,0.963,1.0,0.829,0.646,0.913,0.882,0.806,0.797,0.815,0.78,0.799,0.812,0.686
6,B1_2,0.856,0.843,0.789,0.744,0.829,1.0,0.879,0.736,0.875,0.788,0.769,0.869,0.978,0.743,0.897,0.877
6,B1_3,0.716,0.72,0.718,0.587,0.646,0.879,1.0,0.725,0.817,0.82,0.868,0.849,0.925,0.814,0.912,0.858
6,A2_1,0.881,0.898,0.84,0.929,0.913,0.736,0.725,1.0,0.874,0.876,0.94,0.83,0.738,0.925,0.882,0.66
6,A2_2,0.9,0.893,0.954,0.879,0.882,0.875,0.817,0.874,1.0,0.934,0.884,0.933,0.857,0.856,0.886,0.893
6,A2_3,0.863,0.874,0.957,0.826,0.806,0.788,0.82,0.876,0.934,1.0,0.929,0.946,0.775,0.926,0.887,0.887
6,B2_1,0.824,0.85,0.833,0.806,0.797,0.769,0.868,0.94,0.884,0.929,1.0,0.878,0.804,0.968,0.927,0.752
6,B2_2,0.871,0.81,0.943,0.802,0.815,0.869,0.849,0.83,0.933,0.946,0.878,1.0,0.872,0.83,0.941,0.93
6,B2_3,0.824,0.775,0.744,0.685,0.78,0.978,0.925,0.738,0.857,0.775,0.804,0.872,1.0,0.736,0.922,0.857
6,y1,0.811,0.903,0.832,0.838,0.799,0.743,0.814,0.925,0.856,0.926,0.968,0.83,0.736,1.0,0.879,0.722
6,y2,0.829,0.818,0.845,0.793,0.812,0.897,0.912,0.882,0.886,0.887,0.927,0.941,0.922,0.879,1.0,0.846
6,y3,0.762,0.739,0.898,0.655,0.686,0.877,0.858,0.66,0.893,0.887,0.752,0.93,0.857,0.722,0.846,1.0
7,.,1.0,0.929,0.863,0.911,0.97,0.85,0.707,0.88,0.899,0.862,0.821,0.869,0.816,0.807,0.821,0.758
7,A1_1,0.929,1.0,0.865,0.93,0.942,0.838,0.716,0.901,0.897,0.877,0.851,0.811,0.77,0.903,0.816,0.738
7,A1_2,0.863,0.865,1.0,0.878,0.845,0.787,0.715,0.846,0.956,0.958,0.835,0.941,0.741,0.835,0.845,0.895
7,A1_3,0.911,0.93,0.878,1.0,0.962,0.738,0.584,0.931,0.883,0.83,0.807,0.802,0.68,0.839,0.789,0.655
7,B1_1,0.97,0.942,0.845,0.962,1.0,0.828,0.649,0.915,0.887,0.812,0.803,0.819,0.78,0.802,0.812,0.688
7,B1_2,0.85,0.838,0.787,0.738,0.828,1.0,0.884,0.739,0.873,0.789,0.777,0.873,0.979,0.746,0.901,0.878
7,B1_3,0.707,0.716,0.715,0.584,0.649,0.884,1.0,0.725,0.812,0.817,0.869,0.851,0.928,0.814,0.914,0.86
7,A2_1,0.88,0.901,0.846,0.931,0.915,0.739,0.725,1.0,0.879,0.88,0.94,0.833,0.738,0.927,0.881,0.664
7,A2_2,0.899,0.897,0.956,0.883,0.887,0.873,0.812,0.879,1.0,0.936,0.886,0.934,0.852,0.86,0.886,0.891
7,A2_3,0.862,0.877,0.958,0.83,0.812,0.789,0.817,0.88,0.936,1.0,0.93,0.946,0.774,0.928,0.888,0.886
7,B2_1,0.821,0.851,0.835,0.807,0.803,0.777,0.869,0.94,0.886,0.93,1.0,0.881,0.809,0.968,0.929,0.756
7,B2_2,0.869,0.811,0.941,0.802,0.819,0.873,0.851,0.833,0.934,0.946,0.881,1.0,0.875,0.833,0.943,0.931
7,B2_3,0.816,0.77,0.741,0.68,0.78,0.979,0.928,0.738,0.852,0.774,0.809,0.875,1.0,0.738,0.924,0.858
7,y1,0.807,0.903,0.835,0.839,0.802,0.746,0.814,0.927,0.86,0.928,0.968,0.833,0.738,1.0,0.88,0.725
7,y2,0.821,0.816,0.845,0.789,0.812,0.901,0.914,0.881,0.886,0.888,0.929,0.943,0.924,0.88,1.0,0.851
7,y3,0.758,0.738,0.895,0.655,0.688,0.878,0.86,0.664,0.891,0.886,0.756,0.931,0.858,0.725,0.851,1.0
8,.,1.0,0.927,0.861,0.909,0.971,0.84,0.694,0.877,0.897,0.858,0.814,0.863,0.804,0.801,0.811,0.75
8,A1_1,0.927,1.0,0.868,0.931,0.942,0.831,0.709,0.903,0.9,0.879,0.851,0.81,0.763,0.902,0.812,0.734
8,A1_2,0.861,0.868,1.0,0.881,0.847,0.782,0.708,0.851,0.957,0.958,0.835,0.938,0.735,0.836,0.843,0.89
8,A1_3,0.909,0.931,0.881,1.0,0.96,0.73,0.577,0.932,0.887,0.833,0.805,0.799,0.67,0.838,0.783,0.652
8,B1_1,0.971,0.942,0.847,0.96,1.0,0.825,0.648,0.917,0.891,0.815,0.806,0.821,0.777,0.803,0.81,0.687
8,B1_2,0.84,0.831,0.782,0.73,0.825,1.0,0.888,0.74,0.869,0.787,0.781,0.876,0.98,0.747,0.905,0.878
8,B1_3,0.694,0.709,0.708,0.577,0.648,0.888,1.0,0.721,0.805,0.812,0.868,0.852,0.93,0.812,0.916,0.86
8,A2_1,0.877,0.903,0.851,0.932,0.917,0.74,0.721,1.0,0.883,0.883,0.94,0.834,0.736,0.927,0.878,0.665
8,A2_2,0.897,0.9,0.957,0.887,0.891,0.869,0.805,0.883,1.0,0.937,0.886,0.933,0.846,0.862,0.885,0.887
8,A2_3,0.858,0.879,0.958,0.833,0.815,0.787,0.812,0.883,0.937,1.0,0.929,0.945,0.77,0.929,0.887,0.884
8,B2_1,0.814,0.851,0.835,0.805,0.806,0.781,0.868,0.94,0.886,0.929,1.0,0.882,0.811,0.968,0.93,0.757
8,B2_2,0.863,0.81,0.938,0.799,0.821,0.876,0.852,0.834,0.933,0.945,0.882,1.0,0.876,0.833,0.944,0.932
8,B2_3,0.804,0.763,0.735,0.67,0.777,0.98,0.93,0.736,0.846,0.77,0.811,0.876,1.0,0.738,0.926,0.857
8,y1,0.801,0.902,0.836,0.838,0.803,0.747,0.812,0.927,0.862,0.929,0.968,0.833,0.738,1.0,0.88,0.726
8,y2,0.811,0.812,0.843,0.783,0.81,0.905,0.916,0.878,0.885,0.887,0.93,0.944,0.926,0.88,1.0,0.854
8,y3,0.75,0.734,0.89,0.652,0.687,0.878,0.86,0.665,0.887,0.884,0.757,0.932,0.857,0.726,0.854,1.0
9,.,1.0,0.924,0.857,0.906,0.971,0.828,0.676,0.873,0.893,0.852,0.805,0.856,0.789,0.791,0.797,0.738
9,A1_1,0.924,1.0,0.87,0.932,0.942,0.822,0.699,0.905,0.902,0.879,0.849,0.806,0.753,0.899,0.805,0.728
9,A1_2,0.857,0.87,1.0,0.884,0.848,0.775,0.699,0.855,0.959,0.958,0.833,0.934,0.726,0.837,0.839,0.884
9,A1_3,0.906,0.932,0.884,1.0,0.958,0.72,0.566,0.933,0.89,0.835,0.802,0.794,0.658,0.836,0.774,0.646
9,B1_1,0.971,0.942,0.848,0.958,1.0,0.82,0.644,0.919,0.894,0.817,0.807,0.821,0.772,0.801,0.807,0.684
9,B1_2,0.828,0.822,0.775,0.72,0.82,1.0,0.891,0.738,0.863,0.783,0.784,0.877,0.98,0.746,0.908,0.877
9,B1_3,0.676,0.699,0.699,0.566,0.644,0.891,1.0,0.715,0.795,0.804,0.867,0.852,0.932,0.808,0.918,0.86
9,A2_1,0.873,0.905,0.855,0.933,0.919,0.738,0.715,1.0,0.887,0.885,0.939,0.833,0.731,0.927,0.873,0.663
9,A2_2,0.893,0.902,0.959,0.89,0.894,0.863,0.795,0.887,1.0,0.937,0.885,0.931,0.837,0.863,0.882,0.882
9,A2_3,0.852,0.879,0.958,0.835,0.817,0.783,0.804,0.885,0.937,1.0,0.928,0.943,0.764,0.929,0.884,0.88
9,B2_1,0.805,0.849,0.833,0.802,0.807,0.784,0.867,0.939,0.885,0.928,1.0,0.883,0.812,0.968,0.93,0.756
9,B2_2,0.856,0.806,0.934,0.794,0.821,0.877,0.852,0.833,0.931,0.943,0.883,1.0,0.877,0.832,0.944,0.931
9,B2_3,0.789,0.753,0.726,0.658,0.772,0.98,0.932,0.731,0.837,0.764,0.812,0.877,1.0,0.736,0.927,0.856
9,y1,0.791,0.899,0.837,0.836,0.801,0.746,0.808,0.927,0.863,0.929,0.968,0.832,0.736,1.0,0.878,0.724
9,y2,0.797,0.805,0.839,0.774,0.807,0.908,0.918,0.873,0.882,0.884,0.93,0.944,0.927,0.878,1.0,0.855
9,y3,0.738,0.728,0.884,0.646,0.684,0.877,0.86,0.663,0.882,0.88,0.756,0.931,0.856,0.724,0.855,1.0
10,.,1.0,0.921,0.852,0.902,0.971,0.811,0.653,0.868,0.888,0.844,0.793,0.845,0.77,0.779,0.779,0.722
10,A1_1,0.921,1.0,0.871,0.932,0.941,0.812,0.686,0.906,0.903,0.879,0.845,0.801,0.74,0.896,0.796,0.72
10,A1_2,0.852,0.871,1.0,0.887,0.848,0.766,0.687,0.858,0.96,0.958,0.83,0.929,0.715,0.836,0.833,0.878
10,A1_3,0.902,0.932,0.887,1.0,0.954,0.707,0.551,0.933,0.894,0.835,0.796,0.787,0.642,0.833,0.763,0.638
10,B1_1,0.971,0.941,0.848,0.954,1.0,0.814,0.637,0.919,0.896,0.817,0.806,0.819,0.765,0.798,0.801,0.679
10,B1_2,0.811,0.812,0.766,0.707,0.814,1.0,0.893,0.733,0.855,0.776,0.785,0.877,0.981,0.743,0.909,0.875
10,B1_3,0.653,0.686,0.687,0.551,0.637,0.893,1.0,0.705,0.782,0.793,0.864,0.851,0.934,0.803,0.919,0.857
10,A2_1,0.868,0.906,0.858,0.933,0.919,0.733,0.705,1.0,0.891,0.887,0.937,0.832,0.723,0.926,0.867,0.66
10,A2_2,0.888,0.903,0.96,0.894,0.896,0.855,0.782,0.891,1.0,0.937,0.883,0.928,0.825,0.863,0.877,0.876
10,A2_3,0.844,0.879,0.958,0.835,0.817,0.776,0.793,0.887,0.937,1.0,0.926,0.94,0.755,0.929,0.879,0.875
10,B2_1,0.793,0.845,0.83,0.796,0.806,0.785,0.864,0.937,0.883,0.926,1.0,0.882,0.812,0.967,0.93,0.754
10,B2_2,0.845,0.801,0.929,0.787,0.819,0.877,0.851,0.832,0.928,0.94,0.882,1.0,0.876,0.83,0.944,0.93
10,B2_3,0.77,0.74,0.715,0.642,0.765,0.981,0.934,0.723,0.825,0.755,0.812,0.876,1.0,0.731,0.928,0.852
10,y1,0.779,0.896,0.836,0.833,0.798,0.743,0.803,0.926,0.863,0.929,0.967,0.83,0.731,1.0,0.876,0.721
10,y2,0.779,0.796,0.833,0.763,0.801,0.909,0.919,0.867,0.877,0.879,0.93,0.944,0.928,0.876,1.0,0.855
10,y3,0.722,0.72,0.878,0.638,0.679,0.875,0.857,0.66,0.876,0.875,0.754,0.93,0.852,0.721,0.855,1.0
11,.,1.0,0.915,0.843,0.897,0.971,0.79,0.624,0.86,0.88,0.832,0.776,0.83,0.746,0.762,0.756,0.701
11,A1_1,0.915,1.0,0.871,0.932,0.939,0.798,0.669,0.906,0.904,0.877,0.839,0.794,0.725,0.892,0.784,0.708
11,A1_2,0.843,0.871,1.0,0.888,0.846,0.753,0.671,0.861,0.96,0.958,0.825,0.923,0.699,0.834,0.824,0.869
11,A1_3,0.897,0.932,0.888,1.0,0.95,0.69,0.531,0.933,0.897,0.835,0.788,0.777,0.623,0.827,0.748,0.627
11,B1_1,0.971,0.939,0.846,0.95,1.0,0.806,0.627,0.919,0.897,0.815,0.803,0.816,0.756,0.792,0.793,0.67
11,B1_2,0.79,0.798,0.753,0.69,0.806,1.0,0.895,0.725,0.845,0.766,0.784,0.876,0.981,0.737,0.91,0.871
11,B1_3,0.624,0.669,0.671,0.531,0.627,0.895,1.0,0.691,0.765,0.78,0.861,0.849,0.935,0.795,0.919,0.853
11,A2_1,0.86,0.906,0.861,0.933,0.919,0.725,0.691,1.0,0.893,0.887,0.934,0.828,0.711,0.924,0.859,0.653
11,A2_2,0.88,0.904,0.96,0.897,0.897,0.845,0.765,0.893,1.0,0.936,0.878,0.924,0.811,0.861,0.869,0.867
11,A2_3,0.832,0.877,0.958,0.835,0.815,0.766,0.78,0.887,0.936,1.0,0.922,0.935,0.742,0.929,0.873,0.867
11,B2_1,0.776,0.839,0.825,0.788,0.803,0.784,0.861,0.934,0.878,0.922,1.0,0.881,0.809,0.966,0.929,0.748
11,B2_2,0.83,0.794,0.923,0.777,0.816,0.876,0.849,0.828,0.924,0.935,0.881,1.0,0.874,0.827,0.944,0.928
11,B2_3,0.746,0.725,0.699,0.623,0.756,0.981,0.935,0.711,0.811,0.742,0.809,0.874,1.0,0.724,0.928,0.847
11,y1,0.762,0.892,0.834,0.827,0.792,0.737,0.795,0.924,0.861,0.929,0.966,0.827,0.724,1.0,0.872,0.715
11,y2,0.756,0.784,0.824,0.748,0.793,0.91,0.919,0.859,0.869,0.873,0.929,0.944,0.928,0.872,1.0,0.853
11,y3,0.701,0.708,0.869,0.627,0.67,0.871,0.853,0.653,0.867,0.867,0.748,0.928,0.847,0.715,0.853,1.0
12,.,1.0,0.908,0.832,0.891,0.969,0.764,0.588,0.851,0.871,0.817,0.754,0.811,0.717,0.74,0.728,0.675
12,A1_1,0.908,1.0,0.87,0.931,0.936,0.782,0.649,0.906,0.905,0.875,0.831,0.784,0.706,0.886,0.77,0.694
12,A1_2,0.832,0.87,1.0,0.889,0.843,0.738,0.652,0.864,0.961,0.958,0.818,0.915,0.681,0.831,0.813,0.859
12,A1_3,0.891,0.931,0.889,1.0,0.945,0.67,0.507,0.933,0.899,0.834,0.777,0.765,0.6,0.82,0.731,0.614
12,B1_1,0.969,0.936,0.843,0.945,1.0,0.796,0.615,0.918,0.897,0.811,0.798,0.81,0.746,0.785,0.783,0.659
12,B1_2,0.764,0.782,0.738,0.67,0.796,1.0,0.896,0.714,0.831,0.753,0.782,0.875,0.981,0.729,0.911,0.866
12,B1_3,0.588,0.649,0.652,0.507,0.615,0.896,1.0,0.675,0.745,0.763,0.856,0.846,0.936,0.786,0.919,0.848
12,A2_1,0.851,0.906,0.864,0.933,0.918,0.714,0.675,1.0,0.896,0.888,0.929,0.822,0.697,0.921,0.849,0.644
12,A2_2,0.871,0.905,0.961,0.899,0.897,0.831,0.745,0.896,1.0,0.935,0.871,0.918,0.794,0.857,0.86,0.857
12,A2_3,0.817,0.875,0.958,0.834,0.811,0.753,0.763,0.888,0.935,1.0,0.918,0.93,0.725,0.927,0.864,0.858
12,B2_1,0.754,0.831,0.818,0.777,0.798,0.782,0.856,0.929,0.871,0.918,1.0,0.878,0.805,0.964,0.927,0.741
12,B2_2,0.811,0.784,0.915,0.765,0.81,0.875,0.846,0.822,0.918,0.93,0.878,1.0,0.871,0.822,0.943,0.926
12,B2_3,0.717,0.706,0.681,0.6,0.746,0.981,0.936,0.697,0.794,0.725,0.805,0.871,1.0,0.715,0.927,0.841
12,y1,0.74,0.886,0.831,0.82,0.785,0.729,0.786,0.921,0.857,0.927,0.964,0.822,0.715,1.0,0.867,0.707
12,y2,0.728,0.77,0.813,0.731,0.783,0.911,0.919,0.849,0.86,0.864,0.927,0.943,0.927,0.867,1.0,0.851
12,y3,0.675,0.694,0.859,0.614,0.659,0.866,0.848,0.644,0.857,0.858,0.741,0.926,0.841,0.707,0.851,1.0
13,.,1.0,0.899,0.82,0.884,0.966,0.733,0.548,0.84,0.86,0.8,0.729,0.789,0.683,0.715,0.696,0.644
13,A1_1,0.899,1.0,0.869,0.931,0.933,0.764,0.627,0.906,0.905,0.873,0.822,0.773,0.686,0.88,0.755,0.679
13,A1_2,0.82,0.869,1.0,0.89,0.838,0.72,0.631,0.866,0.961,0.957,0.81,0.906,0.66,0.828,0.801,0.848
13,A1_3,0.884,0.931,0.89,1.0,0.939,0.648,0.482,0.933,0.903,0.834,0.765,0.752,0.575,0.813,0.712,0.599
13,B1_1,0.966,0.933,0.838,0.939,1.0,0.786,0.602,0.916,0.897,0.807,0.792,0.805,0.735,0.776,0.773,0.647
13,B1_2,0.733,0.764,0.72,0.648,0.786,1.0,0.898,0.701,0.816,0.737,0.78,0.873,0.982,0.72,0.911,0.86
13,B1_3,0.548,0.627,0.631,0.482,0.602,0.898,1.0,0.657,0.723,0.744,0.852,0.843,0.936,0.776,0.918,0.842
13,A2_1,0.84,0.906,0.866,0.933,0.916,0.701,0.657,1.0,0.898,0.888,0.924,0.816,0.681,0.918,0.837,0.633
13,A2_2,0.86,0.905,0.961,0.903,0.897,0.816,0.723,0.898,1.0,0.933,0.863,0.91,0.774,0.854,0.848,0.845
13,A2_3,0.8,0.873,0.957,0.834,0.807,0.737,0.744,0.888,0.933,1.0,0.912,0.923,0.707,0.926,0.854,0.848
13,B2_1,0.729,0.822,0.81,0.765,0.792,0.78,0.852,0.924,0.863,0.912,1.0,0.876,0.802,0.962,0.926,0.733
13,B2_2,0.789,0.773,0.906,0.752,0.805,0.873,0.843,0.816,0.91,0.923,0.876,1.0,0.868,0.817,0.942,0.924
13,B2_3,0.683,0.686,0.66,0.575,0.735,0.982,0.936,0.681,0.774,0.707,0.802,0.868,1.0,0.704,0.926,0.833
13,y1,0.715,0.88,0.828,0.813,0.776,0.72,0.776,0.918,0.854,0.926,0.962,0.817,0.704,1.0,0.862,0.698
13,y2,0.696,0.755,0.801,0.712,0.773,0.911,0.918,0.837,0.848,0.854,0.926,0.942,0.926,0.862,1.0,0.848
13,y3,0.644,0.679,0.848,0.599,0.647,0.86,0.842,0.633,0.845,0.848,0.733,0.924,0.833,0.698,0.848,1.0
14,.,1.0,0.888,0.804,0.876,0.961,0.696,0.501,0.827,0.846,0.78,0.699,0.762,0.643,0.686,0.658,0.609
14,A1_1,0.888,1.0,0.868,0.931,0.929,0.742,0.602,0.906,0.905,0.87,0.812,0.759,0.661,0.873,0.737,0.661
14,A1_2,0.804,0.868,1.0,0.891,0.832,0.699,0.607,0.867,0.961,0.957,0.8,0.895,0.636,0.824,0.786,0.836
14,A1_3,0.876,0.931,0.891,1.0,0.931,0.623,0.453,0.933,0.906,0.833,0.752,0.736,0.547,0.805,0.691,0.583
14,B1_1,0.961,0.929,0.832,0.931,1.0,0.774,0.587,0.914,0.896,0.801,0.786,0.798,0.723,0.766,0.762,0.633
14,B1_2,0.696,0.742,0.699,0.623,0.774,1.0,0.899,0.686,0.797,0.718,0.777,0.87,0.982,0.709,0.911,0.853
14,B1_3,0.501,0.602,0.607,0.453,0.587,0.899,1.0,0.636,0.696,0.722,0.847,0.84,0.937,0.765,0.918,0.834
14,A2_1,0.827,0.906,0.867,0.933,0.914,0.686,0.636,1.0,0.901,0.889,0.917,0.808,0.662,0.914,0.824,0.621
14,A2_2,0.846,0.905,0.961,0.906,0.896,0.797,0.696,0.901,1.0,0.931,0.853,0.9,0.75,0.848,0.834,0.83
14,A2_3,0.78,0.87,0.957,0.833,0.801,0.718,0.722,0.889,0.931,1.0,0.904,0.914,0.684,0.924,0.841,0.836
14,B2_1,0.699,0.812,0.8,0.752,0.786,0.777,0.847,0.917,0.853,0.904,1.0,0.872,0.798,0.959,0.924,0.724
14,B2_2,0.762,0.759,0.895,0.736,0.798,0.87,0.84,0.808,0.9,0.914,0.872,1.0,0.864,0.81,0.941,0.92
14,B2_3,0.643,0.661,0.636,0.547,0.723,0.982,0.937,0.662,0.75,0.684,0.798,0.864,1.0,0.692,0.925,0.824
14,y1,0.686,0.873,0.824,0.805,0.766,0.709,0.765,0.914,0.848,0.924,0.959,0.81,0.692,1.0,0.855,0.688
14,y2,0.658,0.737,0.786,0.691,0.762,0.911,0.918,0.824,0.834,0.841,0.924,0.941,0.925,0.855,1.0,0.844
14,y3,0.609,0.661,0.836,0.583,0.633,0.853,0.834,0.621,0.83,0.836,0.724,0.92,0.824,0.688,0.844,1.0
15,.,1.0,0.874,0.784,0.865,0.954,0.65,0.443,0.811,0.829,0.755,0.66,0.727,0.594,0.649,0.61,0.564
15,A1_1,0.874,1.0,0.866,0.931,0.923,0.717,0.571,0.905,0.905,0.866,0.798,0.742,0.632,0.865,0.714,0.64
15,A1_2,0.784,0.866,1.0,0.892,0.824,0.674,0.577,0.869,0.961,0.957,0.788,0.882,0.606,0.818,0.768,0.82
15,A1_3,0.865,0.931,0.892,1.0,0.923,0.593,0.42,0.933,0.91,0.832,0.735,0.717,0.513,0.795,0.666,0.563
15,B1_1,0.954,0.923,0.824,0.923,1.0,0.761,0.57,0.91,0.894,0.792,0.778,0.79,0.709,0.754,0.748,0.616
15,B1_2,0.65,0.717,0.674,0.593,0.761,1.0,0.9,0.667,0.773,0.694,0.773,0.867,0.982,0.696,0.911,0.845
15,B1_3,0.443,0.571,0.577,0.42,0.57,0.9,1.0,0.611,0.664,0.694,0.841,0.836,0.938,0.751,0.917,0.825
15,A2_1,0.811,0.905,0.869,0.933,0.91,0.667,0.611,1.0,0.903,0.888,0.908,0.796,0.638,0.909,0.807,0.605
15,A2_2,0.829,0.905,0.961,0.91,0.894,0.773,0.664,0.903,1.0,0.928,0.84,0.887,0.721,0.841,0.815,0.813
15,A2_3,0.755,0.866,0.957,0.832,0.792,0.694,0.694,0.888,0.928,1.0,0.894,0.902,0.656,0.921,0.824,0.82
15,B2_1,0.66,0.798,0.788,0.735,0.778,0.773,0.841,0.908,0.84,0.894,1.0,0.868,0.792,0.956,0.921,0.712
15,B2_2,0.727,0.742,0.882,0.717,0.79,0.867,0.836,0.796,0.887,0.902,0.868,1.0,0.86,0.802,0.939,0.916
15,B2_3,0.594,0.632,0.606,0.513,0.709,0.982,0.938,0.638,0.721,0.656,0.792,0.86,1.0,0.677,0.924,0.814
15,y1,0.649,0.865,0.818,0.795,0.754,0.696,0.751,0.909,0.841,0.921,0.956,0.802,0.677,1.0,0.847,0.676
15,y2,0.61,0.714,0.768,0.666,0.748,0.911,0.917,0.807,0.815,0.824,0.921,0.939,0.924,0.847,1.0,0.839
15,y3,0.564,0.64,0.82,0.563,0.616,0.845,0.825,0.605,0.813,0.82,0.712,0.916,0.814,0.676,0.839,1.0
16,.,1.0,0.857,0.761,0.852,0.942,0.594,0.376,0.79,0.809,0.725,0.614,0.684,0.536,0.605,0.554,0.513
16,A1_1,0.857,1.0,0.863,0.931,0.916,0.687,0.535,0.904,0.904,0.861,0.781,0.721,0.598,0.855,0.687,0.615
16,A1_2,0.761,0.863,1.0,0.893,0.814,0.644,0.543,0.87,0.961,0.956,0.772,0.865,0.572,0.812,0.746,0.803
16,A1_3,0.852,0.931,0.893,1.0,0.912,0.559,0.381,0.933,0.913,0.832,0.715,0.694,0.476,0.784,0.637,0.541
16,B1_1,0.942,0.916,0.814,0.912,1.0,0.747,0.552,0.906,0.89,0.781,0.768,0.779,0.694,0.74,0.734,0.597
16,B1_2,0.594,0.687,0.644,0.559,0.747,1.0,0.901,0.643,0.744,0.664,0.768,0.863,0.982,0.681,0.91,0.834
16,B1_3,0.376,0.535,0.543,0.381,0.552,0.901,1.0,0.58,0.626,0.66,0.835,0.831,0.938,0.735,0.915,0.813
16,A2_1,0.79,0.904,0.87,0.933,0.906,0.643,0.58,1.0,0.905,0.887,0.897,0.782,0.61,0.903,0.787,0.586
16,A2_2,0.809,0.904,0.961,0.913,0.89,0.744,0.626,0.905,1.0,0.924,0.823,0.871,0.686,0.832,0.793,0.793
16,A2_3,0.725,0.861,0.956,0.832,0.781,0.664,0.66,0.887,0.924,1.0,0.881,0.887,0.622,0.917,0.804,0.802
16,B2_1,0.614,0.781,0.772,0.715,0.768,0.768,0.835,0.897,0.823,0.881,1.0,0.863,0.786,0.951,0.918,0.698
16,B2_2,0.684,0.721,0.865,0.694,0.779,0.863,0.831,0.782,0.871,0.887,0.863,1.0,0.855,0.792,0.937,0.912
16,B2_3,0.536,0.598,0.572,0.476,0.694,0.982,0.938,0.61,0.686,0.622,0.786,0.855,1.0,0.659,0.922,0.801
16,y1,0.605,0.855,0.812,0.784,0.74,0.681,0.735,0.903,0.832,0.917,0.951,0.792,0.659,1.0,0.837,0.661
16,y2,0.554,0.687,0.746,0.637,0.734,0.91,0.915,0.787,0.793,0.804,0.918,0.937,0.922,0.837,1.0,0.832
16,y3,0.513,0.615,0.803,0.541,0.597,0.834,0.813,0.586,0.793,0.802,0.698,0.912,0.801,0.661,0.832,1.0
17,.,1.0,0.835,0.732,0.835,0.926,0.528,0.299,0.765,0.785,0.689,0.557,0.631,0.467,0.552,0.487,0.452
17,A1_1,0.835,1.0,0.86,0.931,0.907,0.652,0.495,0.903,0.903,0.856,0.76,0.696,0.56,0.843,0.657,0.586
17,A1_2,0.732,0.86,1.0,0.893,0.801,0.609,0.504,0.871,0.961,0.956,0.752,0.845,0.533,0.803,0.72,0.783
17,A1_3,0.835,0.931,0.893,1.0,0.898,0.52,0.339,0.934,0.918,0.832,0.691,0.668,0.434,0.772,0.605,0.516
17,B1_1,0.926,0.907,0.801,0.898,1.0,0.731,0.532,0.9,0.884,0.767,0.757,0.768,0.678,0.724,0.717,0.575
17,B1_2,0.528,0.652,0.609,0.52,0.731,1.0,0.902,0.615,0.709,0.628,0.762,0.858,0.983,0.663,0.909,0.821
17,B1_3,0.299,0.495,0.504,0.339,0.532,0.902,1.0,0.546,0.582,0.62,0.828,0.826,0.939,0.717,0.913,0.8
17,A2_1,0.765,0.903,0.871,0.934,0.9,0.615,0.546,1.0,0.906,0.886,0.883,0.765,0.578,0.896,0.763,0.564
17,A2_2,0.785,0.903,0.961,0.918,0.884,0.709,0.582,0.906,1.0,0.92,0.802,0.85,0.646,0.821,0.765,0.769
17,A2_3,0.689,0.856,0.956,0.832,0.767,0.628,0.62,0.886,0.92,1.0,0.864,0.869,0.582,0.911,0.779,0.78
17,B2_1,0.557,0.76,0.752,0.691,0.757,0.762,0.828,0.883,0.802,0.864,1.0,0.857,0.78,0.946,0.914,0.681
17,B2_2,0.631,0.696,0.845,0.668,0.768,0.858,0.826,0.765,0.85,0.869,0.857,1.0,0.849,0.78,0.936,0.906
17,B2_3,0.467,0.56,0.533,0.434,0.678,0.983,0.939,0.578,0.646,0.582,0.78,0.849,1.0,0.639,0.919,0.786
17,y1,0.552,0.843,0.803,0.772,0.724,0.663,0.717,0.896,0.821,0.911,0.946,0.78,0.639,1.0,0.826,0.645
17,y2,0.487,0.657,0.72,0.605,0.717,0.909,0.913,0.763,0.765,0.779,0.914,0.936,0.919,0.826,1.0,0.824
17,y3,0.452,0.586,0.783,0.516,0.575,0.821,0.8,0.564,0.769,0.78,0.681,0.906,0.786,0.645,0.824,1.0
18,.,1.0,0.807,0.696,0.813,0.902,0.446,0.205,0.733,0.754,0.645,0.484,0.563,0.383,0.486,0.404,0.378
18,A1_1,0.807,1.0,0.856,0.931,0.895,0.61,0.447,0.901,0.901,0.848,0.733,0.664,0.514,0.828,0.618,0.552
18,A1_2,0.696,0.856,1.0,0.893,0.783,0.567,0.457,0.871,0.96,0.956,0.727,0.819,0.487,0.793,0.688,0.76
18,A1_3,0.813,0.931,0.893,1.0,0.882,0.475,0.289,0.934,0.922,0.831,0.662,0.635,0.384,0.757,0.565,0.487
18,B1_1,0.902,0.895,0.783,0.882,1.0,0.712,0.509,0.891,0.874,0.748,0.743,0.753,0.659,0.703,0.697,0.548
18,B1_2,0.446,0.61,0.567,0.475,0.712,1.0,0.903,0.58,0.666,0.583,0.756,0.853,0.983,0.642,0.907,0.805
18,B1_3,0.205,0.447,0.457,0.289,0.509,0.903,1.0,0.504,0.529,0.571,0.821,0.821,0.939,0.696,0.911,0.783
18,A2_1,0.733,0.901,0.871,0.934,0.891,0.58,0.504,1.0,0.907,0.884,0.865,0.742,0.538,0.886,0.733,0.536
18,A2_2,0.754,0.901,0.96,0.922,0.874,0.666,0.529,0.907,1.0,0.914,0.774,0.822,0.597,0.806,0.73,0.74
18,A2_3,0.645,0.848,0.956,0.831,0.748,0.583,0.571,0.884,0.914,1.0,0.841,0.843,0.531,0.904,0.746,0.753
18,B2_1,0.484,0.733,0.727,0.662,0.743,0.756,0.821,0.865,0.774,0.841,1.0,0.849,0.772,0.939,0.909,0.66
18,B2_2,0.563,0.664,0.819,0.635,0.753,0.853,0.821,0.742,0.822,0.843,0.849,1.0,0.843,0.766,0.933,0.898
18,B2_3,0.383,0.514,0.487,0.384,0.659,0.983,0.939,0.538,0.597,0.531,0.772,0.843,1.0,0.615,0.917,0.768
18,y1,0.486,0.828,0.793,0.757,0.703,0.642,0.696,0.886,0.806,0.904,0.939,0.766,0.615,1.0,0.812,0.624
18,y2,0.404,0.618,0.688,0.565,0.697,0.907,0.911,0.733,0.73,0.746,0.909,0.933,0.917,0.812,1.0,0.813
18,y3,0.378,0.552,0.76,0.487,0.548,0.805,0.783,0.536,0.74,0.753,0.66,0.898,0.768,0.624,0.813,1.0
19,.,1.0,0.774,0.654,0.785,0.869,0.352,0.103,0.694,0.719,0.595,0.399,0.484,0.291,0.409,0.311,0.296
19,A1_1,0.774,1.0,0.851,0.931,0.879,0.562,0.395,0.898,0.898,0.84,0.701,0.627,0.463,0.811,0.575,0.513
19,A1_2,0.654,0.851,1.0,0.894,0.76,0.518,0.406,0.869,0.959,0.955,0.696,0.788,0.434,0.78,0.652,0.732
19,A1_3,0.785,0.931,0.894,1.0,0.861,0.425,0.237,0.934,0.926,0.831,0.628,0.597,0.332,0.74,0.523,0.454
19,B1_1,0.869,0.879,0.76,0.861,1.0,0.695,0.489,0.88,0.86,0.721,0.728,0.737,0.643,0.68,0.678,0.518
19,B1_2,0.352,0.562,0.518,0.425,0.695,1.0,0.905,0.541,0.616,0.528,0.751,0.848,0.983,0.619,0.905,0.787
19,B1_3,0.103,0.395,0.406,0.237,0.489,0.905,1.0,0.458,0.47,0.513,0.816,0.817,0.94,0.673,0.908,0.765
19,A2_1,0.694,0.898,0.869,0.934,0.88,0.541,0.458,1.0,0.907,0.88,0.842,0.714,0.494,0.876,0.699,0.504
19,A2_2,0.719,0.898,0.959,0.926,0.86,0.616,0.47,0.907,1.0,0.908,0.74,0.788,0.542,0.788,0.689,0.707
19,A2_3,0.595,0.84,0.955,0.831,0.721,0.528,0.513,0.88,0.908,1.0,0.81,0.811,0.472,0.894,0.706,0.721
19,B2_1,0.399,0.701,0.696,0.628,0.728,0.751,0.816,0.842,0.74,0.81,1.0,0.841,0.766,0.931,0.905,0.636
19,B2_2,0.484,0.627,0.788,0.597,0.737,0.848,0.817,0.714,0.788,0.811,0.841,1.0,0.838,0.749,0.932,0.889
19,B2_3,0.291,0.463,0.434,0.332,0.643,0.983,0.94,0.494,0.542,0.472,0.766,0.838,1.0,0.59,0.914,0.748
19,y1,0.409,0.811,0.78,0.74,0.68,0.619,0.673,0.876,0.788,0.894,0.931,0.749,0.59,1.0,0.796,0.601
19,y2,0.311,0.575,0.652,0.523,0.678,0.905,0.908,0.699,0.689,0.706,0.905,0.932,0.914,0.796,1.0,0.802
19,y3,0.296,0.513,0.732,0.454,0.518,0.787,0.765,0.504,0.707,0.721,0.636,0.889,0.748,0.601,0.802,1.0
20,.,1.0,0.738,0.61,0.754,0.828,0.253,0.0,0.652,0.681,0.545,0.308,0.397,0.194,0.329,0.214,0.211
20,A1_1,0.738,1.0,0.847,0.931,0.859,0.51,0.34,0.897,0.895,0.833,0.664,0.585,0.409,0.793,0.529,0.473
20,A1_2,0.61,0.847,1.0,0.895,0.734,0.465,0.351,0.869,0.957,0.955,0.66,0.751,0.379,0.767,0.611,0.702
20,A1_3,0.754,0.931,0.895,1.0,0.836,0.372,0.184,0.935,0.931,0.833,0.591,0.555,0.278,0.724,0.478,0.422
20,B1_1,0.828,0.859,0.734,0.836,1.0,0.679,0.473,0.866,0.841,0.691,0.714,0.722,0.629,0.656,0.66,0.489
20,B1_2,0.253,0.51,0.465,0.372,0.679,1.0,0.908,0.498,0.56,0.468,0.747,0.845,0.984,0.596,0.903,0.769
20,B1_3,0.0,0.34,0.351,0.184,0.473,0.908,1.0,0.41,0.407,0.45,0.812,0.815,0.941,0.651,0.906,0.746
20,A2_1,0.652,0.897,0.869,0.935,0.866,0.498,0.41,1.0,0.908,0.876,0.816,0.682,0.448,0.864,0.661,0.472
20,A2_2,0.681,0.895,0.957,0.931,0.841,0.56,0.407,0.908,1.0,0.901,0.7,0.748,0.481,0.767,0.643,0.672
20,A2_3,0.545,0.833,0.955,0.833,0.691,0.468,0.45,0.876,0.901,1.0,0.772,0.771,0.408,0.881,0.661,0.684
20,B2_1,0.308,0.664,0.66,0.591,0.714,0.747,0.812,0.816,0.7,0.772,1.0,0.833,0.762,0.921,0.9,0.612
20,B2_2,0.397,0.585,0.751,0.555,0.722,0.845,0.815,0.682,0.748,0.771,0.833,1.0,0.835,0.732,0.931,0.879
20,B2_3,0.194,0.409,0.379,0.278,0.629,0.984,0.941,0.448,0.481,0.408,0.762,0.835,1.0,0.566,0.911,0.728
20,y1,0.329,0.793,0.767,0.724,0.656,0.596,0.651,0.864,0.767,0.881,0.921,0.732,0.566,1.0,0.78,0.578
20,y2,0.214,0.529,0.611,0.478,0.66,0.903,0.906,0.661,0.643,0.661,0.9,0.931,0.911,0.78,1.0,0.79
20,y3,0.211,0.473,0.702,0.422,0.489,0.769,0.746,0.472,0.672,0.684,0.612,0.879,0.728,0.578,0.79,1.0
21,.,1.0,0.698,0.564,0.719,0.776,0.147,-0.106,0.608,0.643,0.495,0.209,0.301,0.091,0.245,0.111,0.124
21,A1_1,0.698,1.0,0.844,0.933,0.832,0.451,0.278,0.895,0.893,0.825,0.622,0.536,0.348,0.773,0.476,0.429
21,A1_2,0.564,0.844,1.0,0.896,0.701,0.407,0.292,0.87,0.956,0.955,0.619,0.708,0.318,0.753,0.566,0.67
21,A1_3,0.719,0.933,0.896,1.0,0.806,0.315,0.128,0.937,0.937,0.836,0.55,0.509,0.22,0.707,0.43,0.389
21,B1_1,0.776,0.832,0.701,0.806,1.0,0.665,0.458,0.846,0.816,0.651,0.7,0.706,0.617,0.629,0.642,0.456
21,B1_2,0.147,0.451,0.407,0.315,0.665,1.0,0.911,0.449,0.494,0.395,0.745,0.842,0.984,0.57,0.901,0.745
21,B1_3,-0.106,0.278,0.292,0.128,0.458,0.911,1.0,0.356,0.335,0.375,0.808,0.814,0.943,0.626,0.903,0.723
21,A2_1,0.608,0.895,0.87,0.937,0.846,0.449,0.356,1.0,0.909,0.873,0.782,0.644,0.395,0.85,0.618,0.437
21,A2_2,0.643,0.893,0.956,0.937,0.816,0.494,0.335,0.909,1.0,0.894,0.651,0.698,0.412,0.744,0.589,0.632
21,A2_3,0.495,0.825,0.955,0.836,0.651,0.395,0.375,0.873,0.894,1.0,0.723,0.72,0.333,0.866,0.606,0.643
21,B2_1,0.209,0.622,0.619,0.55,0.7,0.745,0.808,0.782,0.651,0.723,1.0,0.825,0.759,0.908,0.895,0.584
21,B2_2,0.301,0.536,0.708,0.509,0.706,0.842,0.814,0.644,0.698,0.72,0.825,1.0,0.832,0.712,0.93,0.867
21,B2_3,0.091,0.348,0.318,0.22,0.617,0.984,0.943,0.395,0.412,0.333,0.759,0.832,1.0,0.538,0.908,0.704
21,y1,0.245,0.773,0.753,0.707,0.629,0.57,0.626,0.85,0.744,0.866,0.908,0.712,0.538,1.0,0.762,0.554
21,y2,0.111,0.476,0.566,0.43,0.642,0.901,0.903,0.618,0.589,0.606,0.895,0.93,0.908,0.762,1.0,0.776
21,y3,0.124,0.429,0.67,0.389,0.456,0.745,0.723,0.437,0.632,0.643,0.584,0.867,0.704,0.554,0.776,1.0
22,.,1.0,0.658,0.518,0.682,0.715,0.039,-0.21,0.563,0.605,0.45,0.107,0.2,-0.012,0.16,0.007,0.039
22,A1_1,0.658,1.0,0.841,0.935,0.799,0.386,0.213,0.894,0.891,0.817,0.574,0.48,0.283,0.751,0.419,0.384
22,A1_2,0.518,0.841,1.0,0.899,0.661,0.342,0.228,0.871,0.954,0.956,0.572,0.656,0.252,0.737,0.516,0.635
22,A1_3,0.682,0.935,0.899,1.0,0.768,0.255,0.071,0.94,0.943,0.84,0.504,0.456,0.16,0.69,0.379,0.356
22,B1_1,0.715,0.799,0.661,0.768,1.0,0.653,0.449,0.821,0.782,0.601,0.688,0.69,0.609,0.6,0.626,0.421
22,B1_2,0.039,0.386,0.342,0.255,0.653,1.0,0.915,0.395,0.422,0.313,0.744,0.84,0.985,0.543,0.898,0.719
22,B1_3,-0.21,0.213,0.228,0.071,0.449,0.915,1.0,0.298,0.258,0.291,0.807,0.815,0.945,0.599,0.901,0.698
22,A2_1,0.563,0.894,0.871,0.94,0.821,0.395,0.298,1.0,0.91,0.869,0.743,0.6,0.337,0.835,0.569,0.401
22,A2_2,0.605,0.891,0.954,0.943,0.782,0.422,0.258,0.91,1.0,0.888,0.596,0.639,0.337,0.718,0.529,0.59
22,A2_3,0.45,0.817,0.956,0.84,0.601,0.313,0.291,0.869,0.888,1.0,0.664,0.658,0.249,0.846,0.543,0.597
22,B2_1,0.107,0.574,0.572,0.504,0.688,0.744,0.807,0.743,0.596,0.664,1.0,0.818,0.758,0.894,0.889,0.554
22,B2_2,0.2,0.48,0.656,0.456,0.69,0.84,0.815,0.6,0.639,0.658,0.818,1.0,0.831,0.691,0.931,0.852
22,B2_3,-0.012,0.283,0.252,0.16,0.609,0.985,0.945,0.337,0.337,0.249,0.758,0.831,1.0,0.51,0.905,0.678
22,y1,0.16,0.751,0.737,0.69,0.6,0.543,0.599,0.835,0.718,0.846,0.894,0.691,0.51,1.0,0.743,0.528
22,y2,0.007,0.419,0.516,0.379,0.626,0.898,0.901,0.569,0.529,0.543,0.889,0.931,0.905,0.743,1.0,0.761
22,y3,0.039,0.384,0.635,0.356,0.421,0.719,0.698,0.401,0.59,0.597,0.554,0.852,0.678,0.528,0.761,1.0
23,.,1.0,0.619,0.475,0.643,0.645,-0.063,-0.303,0.519,0.569,0.412,0.006,0.099,-0.107,0.077,-0.09,-0.039
23,A1_1,0.619,1.0,0.84,0.937,0.755,0.319,0.148,0.894,0.889,0.811,0.519,0.418,0.217,0.728,0.359,0.339
23,A1_2,0.475,0.84,1.0,0.902,0.611,0.275,0.164,0.873,0.953,0.955,0.518,0.597,0.186,0.721,0.463,0.599
23,A1_3,0.643,0.937,0.902,1.0,0.721,0.194,0.016,0.943,0.948,0.844,0.454,0.398,0.101,0.673,0.327,0.323
23,B1_1,0.645,0.755,0.611,0.721,1.0,0.648,0.448,0.788,0.737,0.538,0.679,0.677,0.609,0.568,0.614,0.386
23,B1_2,-0.063,0.319,0.275,0.194,0.648,1.0,0.919,0.339,0.345,0.224,0.747,0.841,0.986,0.517,0.896,0.692
23,B1_3,-0.303,0.148,0.164,0.016,0.448,0.919,1.0,0.239,0.181,0.203,0.808,0.82,0.947,0.574,0.898,0.673
23,A2_1,0.519,0.894,0.873,0.943,0.788,0.339,0.239,1.0,0.912,0.863,0.698,0.549,0.279,0.819,0.518,0.364
23,A2_2,0.569,0.889,0.953,0.948,0.737,0.345,0.181,0.912,1.0,0.882,0.533,0.571,0.26,0.691,0.464,0.546
23,A2_3,0.412,0.811,0.955,0.844,0.538,0.224,0.203,0.863,0.882,1.0,0.593,0.583,0.16,0.822,0.474,0.549
23,B2_1,0.006,0.519,0.518,0.454,0.679,0.747,0.808,0.698,0.533,0.593,1.0,0.813,0.761,0.877,0.884,0.524
23,B2_2,0.099,0.418,0.597,0.398,0.677,0.841,0.82,0.549,0.571,0.583,0.813,1.0,0.833,0.668,0.932,0.834
23,B2_3,-0.107,0.217,0.186,0.101,0.609,0.986,0.947,0.279,0.26,0.16,0.761,0.833,1.0,0.484,0.902,0.652
23,y1,0.077,0.728,0.721,0.673,0.568,0.517,0.574,0.819,0.691,0.822,0.877,0.668,0.484,1.0,0.723,0.503
23,y2,-0.09,0.359,0.463,0.327,0.614,0.896,0.898,0.518,0.464,0.474,0.884,0.932,0.902,0.723,1.0,0.747
23,y3,-0.039,0.339,0.599,0.323,0.386,0.692,0.673,0.364,0.546,0.549,0.524,0.834,0.652,0.503,0.747,1.0
24,.,1.0,0.583,0.437,0.606,0.569,-0.158,-0.388,0.479,0.537,0.383,-0.092,-0.001,-0.197,0.001,-0.18,-0.107
24,A1_1,0.583,1.0,0.84,0.94,0.701,0.247,0.08,0.894,0.888,0.805,0.458,0.349,0.147,0.705,0.296,0.294
24,A1_2,0.437,0.84,1.0,0.905,0.553,0.206,0.1,0.876,0.951,0.955,0.46,0.531,0.119,0.705,0.408,0.564
24,A1_3,0.606,0.94,0.905,1.0,0.666,0.133,-0.039,0.948,0.954,0.85,0.401,0.336,0.042,0.657,0.275,0.294
24,B1_1,0.569,0.701,0.553,0.666,1.0,0.647,0.454,0.746,0.68,0.462,0.673,0.666,0.613,0.534,0.604,0.348
24,B1_2,-0.158,0.247,0.206,0.133,0.647,1.0,0.924,0.278,0.264,0.13,0.752,0.844,0.987,0.489,0.893,0.66
24,B1_3,-0.388,0.08,0.1,-0.039,0.454,0.924,1.0,0.177,0.1,0.109,0.811,0.827,0.95,0.547,0.895,0.643
24,A2_1,0.479,0.894,0.876,0.948,0.746,0.278,0.177,1.0,0.914,0.858,0.644,0.491,0.217,0.801,0.462,0.329
24,A2_2,0.537,0.888,0.951,0.954,0.68,0.264,0.1,0.914,1.0,0.876,0.463,0.494,0.18,0.662,0.396,0.503
24,A2_3,0.383,0.805,0.955,0.85,0.462,0.13,0.109,0.858,0.876,1.0,0.51,0.497,0.067,0.794,0.398,0.5
24,B2_1,-0.092,0.458,0.46,0.401,0.673,0.752,0.811,0.644,0.463,0.51,1.0,0.81,0.765,0.856,0.879,0.491
24,B2_2,-0.001,0.349,0.531,0.336,0.666,0.844,0.827,0.491,0.494,0.497,0.81,1.0,0.838,0.643,0.934,0.812
24,B2_3,-0.197,0.147,0.119,0.042,0.613,0.987,0.95,0.217,0.18,0.067,0.765,0.838,1.0,0.455,0.899,0.622
24,y1,0.001,0.705,0.705,0.657,0.534,0.489,0.547,0.801,0.662,0.794,0.856,0.643,0.455,1.0,0.702,0.478
24,y2,-0.18,0.296,0.408,0.275,0.604,0.893,0.895,0.462,0.396,0.398,0.879,0.934,0.899,0.702,1.0,0.73
24,y3,-0.107,0.294,0.564,0.294,0.348,0.66,0.643,0.329,0.503,0.5,0.491,0.812,0.622,0.478,0.73,1.0
25,.,1.0,0.551,0.405,0.57,0.485,-0.248,-0.464,0.443,0.511,0.365,-0.188,-0.097,-0.28,-0.07,-0.263,-0.161
25,A1_1,0.551,1.0,0.842,0.944,0.632,0.17,0.008,0.895,0.887,0.801,0.389,0.273,0.073,0.681,0.228,0.253
25,A1_2,0.405,0.842,1.0,0.91,0.481,0.134,0.032,0.881,0.949,0.954,0.395,0.457,0.049,0.69,0.35,0.53
25,A1_3,0.57,0.944,0.91,1.0,0.599,0.07,-0.094,0.953,0.958,0.854,0.343,0.269,-0.017,0.643,0.221,0.269
25,B1_1,0.485,0.632,0.481,0.599,1.0,0.652,0.465,0.691,0.607,0.368,0.67,0.657,0.622,0.495,0.596,0.305
25,B1_2,-0.248,0.17,0.134,0.07,0.652,1.0,0.928,0.212,0.177,0.028,0.759,0.848,0.988,0.458,0.889,0.621
25,B1_3,-0.464,0.008,0.032,-0.094,0.465,0.928,1.0,0.11,0.016,0.008,0.816,0.836,0.952,0.517,0.892,0.607
25,A2_1,0.443,0.895,0.881,0.953,0.691,0.212,0.11,1.0,0.916,0.852,0.581,0.425,0.15,0.782,0.401,0.296
25,A2_2,0.511,0.887,0.949,0.958,0.607,0.177,0.016,0.916,1.0,0.871,0.383,0.407,0.094,0.631,0.322,0.463
25,A2_3,0.365,0.801,0.954,0.854,0.368,0.028,0.008,0.852,0.871,1.0,0.412,0.398,-0.033,0.762,0.316,0.453
25,B2_1,-0.188,0.389,0.395,0.343,0.67,0.759,0.816,0.581,0.383,0.412,1.0,0.808,0.771,0.831,0.874,0.45
25,B2_2,-0.097,0.273,0.457,0.269,0.657,0.848,0.836,0.425,0.407,0.398,0.808,1.0,0.844,0.615,0.937,0.783
25,B2_3,-0.28,0.073,0.049,-0.017,0.622,0.988,0.952,0.15,0.094,-0.033,0.771,0.844,1.0,0.424,0.895,0.585
25,y1,-0.07,0.681,0.69,0.643,0.495,0.458,0.517,0.782,0.631,0.762,0.831,0.615,0.424,1.0,0.679,0.451
25,y2,-0.263,0.228,0.35,0.221,0.596,0.889,0.892,0.401,0.322,0.316,0.874,0.937,0.895,0.679,1.0,0.709
25,y3,-0.161,0.253,0.53,0.269,0.305,0.621,0.607,0.296,0.463,0.453,0.45,0.783,0.585,0.451,0.709,1.0
