,,.,A1_1,A1_2,A1_3,B1_1,B1_2,B1_3,A2_1,A2_2,A2_3,B2_1,B2_2,B2_3,y1,y2,y3
1,.,1.0,-0.082,0.274,-0.14,0.157,-0.244,-0.287,-0.225,0.174,0.201,0.249,0.288,0.145,0.222,-0.406,0.196
1,A1_1,-0.082,1.0,-0.288,-0.14,-0.073,-0.01,-0.376,-0.442,0.002,-0.192,0.2,0.049,-0.191,0.282,0.04,-0.15
1,A1_2,0.274,-0.288,1.0,0.086,0.427,-0.208,0.072,0.127,0.008,0.047,0.229,0.162,0.208,-0.391,-0.141,-0.251
1,A1_3,-0.14,-0.14,0.086,1.0,0.273,-0.497,-0.125,0.089,-0.325,0.138,0.554,0.262,0.062,-0.101,-0.127,0.062
1,B1_1,0.157,-0.073,0.427,0.273,1.0,-0.257,0.226,0.216,-0.27,-0.042,0.202,0.275,0.391,-0.253,-0.148,-0.345
1,B1_2,-0.244,-0.01,-0.208,-0.497,-0.257,1.0,0.312,0.384,0.021,-0.581,-0.314,-0.526,-0.137,0.222,-0.02,-0.187
1,B1_3,-0.287,-0.376,0.072,-0.125,0.226,0.312,1.0,0.577,-0.078,-0.389,-0.163,-0.537,-0.047,-0.495,0.227,-0.228
1,A2_1,-0.225,-0.442,0.127,0.089,0.216,0.384,0.577,1.0,0.025,-0.315,0.216,-0.345,0.364,-0.526,0.075,-0.289
1,A2_2,0.174,0.002,0.008,-0.325,-0.27,0.021,-0.078,0.025,1.0,0.11,-0.129,-0.207,0.304,-0.203,-0.388,0.235
1,A2_3,0.201,-0.192,0.047,0.138,-0.042,-0.581,-0.389,-0.315,0.11,1.0,-0.028,0.711,-0.069,0.126,-0.26,0.224
1,B2_1,0.249,0.2,0.229,0.554,0.202,-0.314,-0.163,0.216,-0.129,-0.028,1.0,0.09,0.109,-0.084,0.043,-0.001
1,B2_2,0.288,0.049,0.162,0.262,0.275,-0.526,-0.537,-0.345,-0.207,0.711,0.09,1.0,-0.085,0.263,-0.373,0.04
1,B2_3,0.145,-0.191,0.208,0.062,0.391,-0.137,-0.047,0.364,0.304,-0.069,0.109,-0.085,1.0,-0.261,0.051,0.005
1,y1,0.222,0.282,-0.391,-0.101,-0.253,0.222,-0.495,-0.526,-0.203,0.126,-0.084,0.263,-0.261,1.0,-0.192,0.471
1,y2,-0.406,0.04,-0.141,-0.127,-0.148,-0.02,0.227,0.075,-0.388,-0.26,0.043,-0.373,0.051,-0.192,1.0,-0.052
1,y3,0.196,-0.15,-0.251,0.062,-0.345,-0.187,-0.228,-0.289,0.235,0.224,-0.001,0.04,0.005,0.471,-0.052,1.0
2,.,1.0,-0.08,0.276,-0.139,0.154,-0.245,-0.288,-0.225,0.174,0.202,0.253,0.285,0.142,0.221,-0.405,0.193
2,A1_1,-0.08,1.0,-0.289,-0.141,-0.074,-0.01,-0.377,-0.443,0.002,-0.192,0.199,0.048,-0.192,0.283,0.041,-0.15
2,A1_2,0.276,-0.289,1.0,0.086,0.428,-0.207,0.072,0.127,0.008,0.047,0.229,0.162,0.209,-0.392,-0.141,-0.252
2,A1_3,-0.139,-0.141,0.086,1.0,0.273,-0.497,-0.125,0.089,-0.325,0.138,0.554,0.263,0.063,-0.101,-0.128,0.061
2,B1_1,0.154,-0.074,0.428,0.273,1.0,-0.257,0.226,0.216,-0.271,-0.041,0.202,0.276,0.391,-0.253,-0.148,-0.345
2,B1_2,-0.245,-0.01,-0.207,-0.497,-0.257,1.0,0.312,0.384,0.02,-0.58,-0.315,-0.524,-0.138,0.222,-0.019,-0.187
2,B1_3,-0.288,-0.377,0.072,-0.125,0.226,0.312,1.0,0.577,-0.078,-0.389,-0.163,-0.534,-0.047,-0.495,0.227,-0.228
2,A2_1,-0.225,-0.443,0.127,0.089,0.216,0.384,0.577,1.0,0.024,-0.315,0.216,-0.345,0.364,-0.525,0.075,-0.289
2,A2_2,0.174,0.002,0.008,-0.325,-0.271,0.02,-0.078,0.024,1.0,0.11,-0.13,-0.208,0.304,-0.202,-0.387,0.236
2,A2_3,0.202,-0.192,0.047,0.138,-0.041,-0.58,-0.389,-0.315,0.11,1.0,-0.028,0.711,-0.068,0.125,-0.261,0.223
2,B2_1,0.253,0.199,0.229,0.554,0.202,-0.315,-0.163,0.216,-0.13,-0.028,1.0,0.091,0.108,-0.085,0.043,-0.002
2,B2_2,0.285,0.048,0.162,0.263,0.276,-0.524,-0.534,-0.345,-0.208,0.711,0.091,1.0,-0.084,0.262,-0.373,0.039
2,B2_3,0.142,-0.192,0.209,0.063,0.391,-0.138,-0.047,0.364,0.304,-0.068,0.108,-0.084,1.0,-0.26,0.052,0.006
2,y1,0.221,0.283,-0.392,-0.101,-0.253,0.222,-0.495,-0.525,-0.202,0.125,-0.085,0.262,-0.26,1.0,-0.192,0.472
2,y2,-0.405,0.041,-0.141,-0.128,-0.148,-0.019,0.227,0.075,-0.387,-0.261,0.043,-0.373,0.052,-0.192,1.0,-0.052
2,y3,0.193,-0.15,-0.252,0.061,-0.345,-0.187,-0.228,-0.289,0.236,0.223,-0.002,0.039,0.006,0.472,-0.052,1.0
3,.,1.0,-0.078,0.278,-0.138,0.151,-0.246,-0.289,-0.226,0.174,0.203,0.256,0.282,0.138,0.219,-0.404,0.191
3,A1_1,-0.078,1.0,-0.289,-0.141,-0.074,-0.011,-0.378,-0.444,0.002,-0.192,0.198,0.048,-0.193,0.283,0.041,-0.149
3,A1_2,0.278,-0.289,1.0,0.086,0.428,-0.207,0.072,0.126,0.008,0.047,0.229,0.163,0.209,-0.392,-0.142,-0.252
3,A1_3,-0.138,-0.141,0.086,1.0,0.274,-0.497,-0.124,0.089,-0.326,0.138,0.554,0.263,0.063,-0.102,-0.129,0.061
3,B1_1,0.151,-0.074,0.428,0.274,1.0,-0.257,0.227,0.216,-0.272,-0.04,0.201,0.278,0.391,-0.253,-0.148,-0.345
3,B1_2,-0.246,-0.011,-0.207,-0.497,-0.257,1.0,0.313,0.385,0.019,-0.58,-0.317,-0.523,-0.139,0.222,-0.019,-0.188
3,B1_3,-0.289,-0.378,0.072,-0.124,0.227,0.313,1.0,0.577,-0.079,-0.388,-0.163,-0.532,-0.047,-0.494,0.227,-0.228
3,A2_1,-0.226,-0.444,0.126,0.089,0.216,0.385,0.577,1.0,0.024,-0.316,0.216,-0.344,0.365,-0.525,0.076,-0.288
3,A2_2,0.174,0.002,0.008,-0.326,-0.272,0.019,-0.079,0.024,1.0,0.11,-0.131,-0.208,0.303,-0.201,-0.386,0.236
3,A2_3,0.203,-0.192,0.047,0.138,-0.04,-0.58,-0.388,-0.316,0.11,1.0,-0.027,0.711,-0.067,0.124,-0.262,0.223
3,B2_1,0.256,0.198,0.229,0.554,0.201,-0.317,-0.163,0.216,-0.131,-0.027,1.0,0.092,0.107,-0.086,0.042,-0.002
3,B2_2,0.282,0.048,0.163,0.263,0.278,-0.523,-0.532,-0.344,-0.208,0.711,0.092,1.0,-0.083,0.261,-0.373,0.038
3,B2_3,0.138,-0.193,0.209,0.063,0.391,-0.139,-0.047,0.365,0.303,-0.067,0.107,-0.083,1.0,-0.26,0.053,0.006
3,y1,0.219,0.283,-0.392,-0.102,-0.253,0.222,-0.494,-0.525,-0.201,0.124,-0.086,0.261,-0.26,1.0,-0.192,0.472
3,y2,-0.404,0.041,-0.142,-0.129,-0.148,-0.019,0.227,0.076,-0.386,-0.262,0.042,-0.373,0.053,-0.192,1.0,-0.051
3,y3,0.191,-0.149,-0.252,0.061,-0.345,-0.188,-0.228,-0.288,0.236,0.223,-0.002,0.038,0.006,0.472,-0.051,1.0
4,.,1.0,-0.076,0.28,-0.137,0.149,-0.247,-0.29,-0.227,0.174,0.204,0.26,0.278,0.134,0.218,-0.402,0.189
4,A1_1,-0.076,1.0,-0.29,-0.141,-0.075,-0.012,-0.378,-0.444,0.001,-0.193,0.196,0.047,-0.194,0.284,0.042,-0.148
4,A1_2,0.28,-0.29,1.0,0.086,0.428,-0.207,0.072,0.126,0.008,0.047,0.229,0.163,0.209,-0.393,-0.143,-0.252
4,A1_3,-0.137,-0.141,0.086,1.0,0.274,-0.496,-0.124,0.088,-0.326,0.138,0.555,0.263,0.064,-0.102,-0.13,0.06
4,B1_1,0.149,-0.075,0.428,0.274,1.0,-0.257,0.227,0.217,-0.273,-0.039,0.201,0.279,0.391,-0.253,-0.148,-0.345
4,B1_2,-0.247,-0.012,-0.207,-0.496,-0.257,1.0,0.313,0.385,0.018,-0.58,-0.318,-0.522,-0.14,0.223,-0.018,-0.188
4,B1_3,-0.29,-0.378,0.072,-0.124,0.227,0.313,1.0,0.577,-0.081,-0.387,-0.163,-0.53,-0.047,-0.494,0.227,-0.228
4,A2_1,-0.227,-0.444,0.126,0.088,0.217,0.385,0.577,1.0,0.023,-0.316,0.216,-0.343,0.365,-0.524,0.076,-0.288
4,A2_2,0.174,0.001,0.008,-0.326,-0.273,0.018,-0.081,0.023,1.0,0.11,-0.133,-0.209,0.302,-0.2,-0.385,0.237
4,A2_3,0.204,-0.193,0.047,0.138,-0.039,-0.58,-0.387,-0.316,0.11,1.0,-0.027,0.71,-0.066,0.124,-0.263,0.222
4,B2_1,0.26,0.196,0.229,0.555,0.201,-0.318,-0.163,0.216,-0.133,-0.027,1.0,0.092,0.106,-0.087,0.042,-0.003
4,B2_2,0.278,0.047,0.163,0.263,0.279,-0.522,-0.53,-0.343,-0.209,0.71,0.092,1.0,-0.082,0.26,-0.374,0.036
4,B2_3,0.134,-0.194,0.209,0.064,0.391,-0.14,-0.047,0.365,0.302,-0.066,0.106,-0.082,1.0,-0.259,0.055,0.006
4,y1,0.218,0.284,-0.393,-0.102,-0.253,0.223,-0.494,-0.524,-0.2,0.124,-0.087,0.26,-0.259,1.0,-0.192,0.473
4,y2,-0.402,0.042,-0.143,-0.13,-0.148,-0.018,0.227,0.076,-0.385,-0.263,0.042,-0.374,0.055,-0.192,1.0,-0.05
4,y3,0.189,-0.148,-0.252,0.06,-0.345,-0.188,-0.228,-0.288,0.237,0.222,-0.003,0.036,0.006,0.473,-0.05,1.0
5,.,1.0,-0.074,0.281,-0.137,0.145,-0.248,-0.291,-0.227,0.175,0.204,0.263,0.274,0.13,0.216,-0.401,0.187
5,A1_1,-0.074,1.0,-0.29,-0.142,-0.076,-0.014,-0.379,-0.445,0.001,-0.193,0.195,0.046,-0.194,0.284,0.042,-0.148
5,A1_2,0.281,-0.29,1.0,0.085,0.429,-0.207,0.072,0.126,0.008,0.047,0.229,0.164,0.21,-0.393,-0.145,-0.252
5,A1_3,-0.137,-0.142,0.085,1.0,0.275,-0.496,-0.124,0.088,-0.326,0.138,0.556,0.264,0.064,-0.103,-0.131,0.06
5,B1_1,0.145,-0.076,0.429,0.275,1.0,-0.257,0.228,0.217,-0.273,-0.038,0.201,0.281,0.391,-0.253,-0.148,-0.345
5,B1_2,-0.248,-0.014,-0.207,-0.496,-0.257,1.0,0.313,0.386,0.017,-0.58,-0.319,-0.52,-0.141,0.223,-0.017,-0.188
5,B1_3,-0.291,-0.379,0.072,-0.124,0.228,0.313,1.0,0.577,-0.082,-0.387,-0.163,-0.527,-0.047,-0.494,0.228,-0.228
5,A2_1,-0.227,-0.445,0.126,0.088,0.217,0.386,0.577,1.0,0.023,-0.316,0.217,-0.342,0.366,-0.524,0.076,-0.288
5,A2_2,0.175,0.001,0.008,-0.326,-0.273,0.017,-0.082,0.023,1.0,0.11,-0.135,-0.21,0.301,-0.198,-0.384,0.238
5,A2_3,0.204,-0.193,0.047,0.138,-0.038,-0.58,-0.387,-0.316,0.11,1.0,-0.026,0.71,-0.065,0.123,-0.264,0.222
5,B2_1,0.263,0.195,0.229,0.556,0.201,-0.319,-0.163,0.217,-0.135,-0.026,1.0,0.093,0.106,-0.087,0.041,-0.004
5,B2_2,0.274,0.046,0.164,0.264,0.281,-0.52,-0.527,-0.342,-0.21,0.71,0.093,1.0,-0.08,0.258,-0.374,0.035
5,B2_3,0.13,-0.194,0.21,0.064,0.391,-0.141,-0.047,0.366,0.301,-0.065,0.106,-0.08,1.0,-0.258,0.056,0.006
5,y1,0.216,0.284,-0.393,-0.103,-0.253,0.223,-0.494,-0.524,-0.198,0.123,-0.087,0.258,-0.258,1.0,-0.191,0.474
5,y2,-0.401,0.042,-0.145,-0.131,-0.148,-0.017,0.228,0.076,-0.384,-0.264,0.041,-0.374,0.056,-0.191,1.0,-0.049
5,y3,0.187,-0.148,-0.252,0.06,-0.345,-0.188,-0.228,-0.288,0.238,0.222,-0.004,0.035,0.006,0.474,-0.049,1.0
6,.,1.0,-0.071,0.282,-0.137,0.141,-0.249,-0.292,-0.228,0.176,0.205,0.266,0.269,0.125,0.215,-0.399,0.185
6,A1_1,-0.071,1.0,-0.29,-0.142,-0.076,-0.015,-0.38,-0.446,0.001,-0.193,0.194,0.045,-0.195,0.285,0.043,-0.147
6,A1_2,0.282,-0.29,1.0,0.085,0.429,-0.207,0.072,0.125,0.007,0.047,0.229,0.164,0.21,-0.394,-0.146,-0.253
6,A1_3,-0.137,-0.142,0.085,1.0,0.276,-0.495,-0.123,0.088,-0.326,0.138,0.556,0.265,0.065,-0.104,-0.133,0.059
6,B1_1,0.141,-0.076,0.429,0.276,1.0,-0.257,0.229,0.218,-0.274,-0.037,0.2,0.282,0.391,-0.253,-0.148,-0.346
6,B1_2,-0.249,-0.015,-0.207,-0.495,-0.257,1.0,0.313,0.387,0.015,-0.579,-0.321,-0.519,-0.141,0.224,-0.016,-0.188
6,B1_3,-0.292,-0.38,0.072,-0.123,0.229,0.313,1.0,0.578,-0.083,-0.386,-0.163,-0.524,-0.046,-0.493,0.228,-0.229
6,A2_1,-0.228,-0.446,0.125,0.088,0.218,0.387,0.578,1.0,0.023,-0.317,0.218,-0.341,0.367,-0.524,0.076,-0.287
6,A2_2,0.176,0.001,0.007,-0.326,-0.274,0.015,-0.083,0.023,1.0,0.11,-0.136,-0.211,0.3,-0.197,-0.383,0.239
6,A2_3,0.205,-0.193,0.047,0.138,-0.037,-0.579,-0.386,-0.317,0.11,1.0,-0.026,0.71,-0.064,0.123,-0.265,0.221
6,B2_1,0.266,0.194,0.229,0.556,0.2,-0.321,-0.163,0.218,-0.136,-0.026,1.0,0.094,0.105,-0.088,0.041,-0.005
6,B2_2,0.269,0.045,0.164,0.265,0.282,-0.519,-0.524,-0.341,-0.211,0.71,0.094,1.0,-0.079,0.256,-0.375,0.033
6,B2_3,0.125,-0.195,0.21,0.065,0.391,-0.141,-0.046,0.367,0.3,-0.064,0.105,-0.079,1.0,-0.257,0.057,0.006
6,y1,0.215,0.285,-0.394,-0.104,-0.253,0.224,-0.493,-0.524,-0.197,0.123,-0.088,0.256,-0.257,1.0,-0.191,0.474
6,y2,-0.399,0.043,-0.146,-0.133,-0.148,-0.016,0.228,0.076,-0.383,-0.265,0.041,-0.375,0.057,-0.191,1.0,-0.048
6,y3,0.185,-0.147,-0.253,0.059,-0.346,-0.188,-0.229,-0.287,0.239,0.221,-0.005,0.033,0.006,0.474,-0.048,1.0
7,.,1.0,-0.069,0.283,-0.137,0.137,-0.25,-0.293,-0.229,0.177,0.205,0.269,0.264,0.119,0.213,-0.397,0.184
7,A1_1,-0.069,1.0,-0.291,-0.142,-0.077,-0.016,-0.381,-0.446,0.001,-0.193,0.193,0.045,-0.196,0.286,0.044,-0.146
7,A1_2,0.283,-0.291,1.0,0.085,0.429,-0.206,0.072,0.125,0.007,0.047,0.229,0.165,0.211,-0.394,-0.147,-0.253
7,A1_3,-0.137,-0.142,0.085,1.0,0.276,-0.495,-0.123,0.087,-0.326,0.138,0.557,0.265,0.066,-0.104,-0.134,0.059
7,B1_1,0.137,-0.077,0.429,0.276,1.0,-0.256,0.23,0.219,-0.275,-0.037,0.2,0.284,0.391,-0.253,-0.148,-0.346
7,B1_2,-0.25,-0.016,-0.206,-0.495,-0.256,1.0,0.313,0.388,0.014,-0.579,-0.322,-0.517,-0.142,0.224,-0.015,-0.189
7,B1_3,-0.293,-0.381,0.072,-0.123,0.23,0.313,1.0,0.578,-0.084,-0.386,-0.163,-0.521,-0.046,-0.493,0.228,-0.229
7,A2_1,-0.229,-0.446,0.125,0.087,0.219,0.388,0.578,1.0,0.022,-0.317,0.218,-0.34,0.367,-0.523,0.076,-0.287
7,A2_2,0.177,0.001,0.007,-0.326,-0.275,0.014,-0.084,0.022,1.0,0.11,-0.138,-0.212,0.299,-0.195,-0.381,0.241
7,A2_3,0.205,-0.193,0.047,0.138,-0.037,-0.579,-0.386,-0.317,0.11,1.0,-0.026,0.709,-0.064,0.122,-0.267,0.221
7,B2_1,0.269,0.193,0.229,0.557,0.2,-0.322,-0.163,0.218,-0.138,-0.026,1.0,0.095,0.104,-0.089,0.041,-0.007
7,B2_2,0.264,0.045,0.165,0.265,0.284,-0.517,-0.521,-0.34,-0.212,0.709,0.095,1.0,-0.077,0.254,-0.375,0.031
7,B2_3,0.119,-0.196,0.211,0.066,0.391,-0.142,-0.046,0.367,0.299,-0.064,0.104,-0.077,1.0,-0.256,0.059,0.006
7,y1,0.213,0.286,-0.394,-0.104,-0.253,0.224,-0.493,-0.523,-0.195,0.122,-0.089,0.254,-0.256,1.0,-0.19,0.475
7,y2,-0.397,0.044,-0.147,-0.134,-0.148,-0.015,0.228,0.076,-0.381,-0.267,0.041,-0.375,0.059,-0.19,1.0,-0.047
7,y3,0.184,-0.146,-0.253,0.059,-0.346,-0.189,-0.229,-0.287,0.241,0.221,-0.007,0.031,0.006,0.475,-0.047,1.0
8,.,1.0,-0.065,0.284,-0.137,0.132,-0.252,-0.294,-0.23,0.179,0.205,0.272,0.258,0.114,0.212,-0.394,0.183
8,A1_1,-0.065,1.0,-0.291,-0.142,-0.078,-0.017,-0.382,-0.447,0.001,-0.193,0.192,0.044,-0.197,0.287,0.044,-0.145
8,A1_2,0.284,-0.291,1.0,0.085,0.429,-0.206,0.072,0.124,0.007,0.046,0.23,0.165,0.211,-0.395,-0.148,-0.253
8,A1_3,-0.137,-0.142,0.085,1.0,0.277,-0.494,-0.122,0.087,-0.326,0.138,0.558,0.266,0.067,-0.105,-0.136,0.058
8,B1_1,0.132,-0.078,0.429,0.277,1.0,-0.256,0.23,0.219,-0.277,-0.036,0.2,0.286,0.392,-0.253,-0.148,-0.347
8,B1_2,-0.252,-0.017,-0.206,-0.494,-0.256,1.0,0.314,0.388,0.012,-0.579,-0.323,-0.515,-0.142,0.224,-0.014,-0.189
8,B1_3,-0.294,-0.382,0.072,-0.122,0.23,0.314,1.0,0.578,-0.086,-0.385,-0.162,-0.519,-0.045,-0.493,0.228,-0.23
8,A2_1,-0.23,-0.447,0.124,0.087,0.219,0.388,0.578,1.0,0.022,-0.318,0.219,-0.339,0.368,-0.523,0.076,-0.286
8,A2_2,0.179,0.001,0.007,-0.326,-0.277,0.012,-0.086,0.022,1.0,0.111,-0.14,-0.213,0.298,-0.193,-0.38,0.242
8,A2_3,0.205,-0.193,0.046,0.138,-0.036,-0.579,-0.385,-0.318,0.111,1.0,-0.025,0.709,-0.063,0.121,-0.268,0.22
8,B2_1,0.272,0.192,0.23,0.558,0.2,-0.323,-0.162,0.219,-0.14,-0.025,1.0,0.095,0.104,-0.09,0.041,-0.008
8,B2_2,0.258,0.044,0.165,0.266,0.286,-0.515,-0.519,-0.339,-0.213,0.709,0.095,1.0,-0.075,0.252,-0.376,0.029
8,B2_3,0.114,-0.197,0.211,0.067,0.392,-0.142,-0.045,0.368,0.298,-0.063,0.104,-0.075,1.0,-0.256,0.06,0.006
8,y1,0.212,0.287,-0.395,-0.105,-0.253,0.224,-0.493,-0.523,-0.193,0.121,-0.09,0.252,-0.256,1.0,-0.19,0.476
8,y2,-0.394,0.044,-0.148,-0.136,-0.148,-0.014,0.228,0.076,-0.38,-0.268,0.041,-0.376,0.06,-0.19,1.0,-0.045
8,y3,0.183,-0.145,-0.253,0.058,-0.347,-0.189,-0.23,-0.286,0.242,0.22,-0.008,0.029,0.006,0.476,-0.045,1.0
9,.,1.0,-0.062,0.284,-0.137,0.127,-0.253,-0.296,-0.232,0.181,0.206,0.275,0.252,0.107,0.211,-0.392,0.182
9,A1_1,-0.062,1.0,-0.291,-0.142,-0.079,-0.018,-0.383,-0.448,0.001,-0.193,0.191,0.043,-0.198,0.288,0.045,-0.144
9,A1_2,0.284,-0.291,1.0,0.085,0.429,-0.206,0.072,0.124,0.007,0.046,0.23,0.166,0.211,-0.395,-0.15,-0.253
9,A1_3,-0.137,-0.142,0.085,1.0,0.278,-0.493,-0.121,0.086,-0.326,0.138,0.559,0.266,0.068,-0.106,-0.137,0.057
9,B1_1,0.127,-0.079,0.429,0.278,1.0,-0.255,0.231,0.22,-0.278,-0.035,0.2,0.288,0.392,-0.254,-0.148,-0.348
9,B1_2,-0.253,-0.018,-0.206,-0.493,-0.255,1.0,0.314,0.389,0.011,-0.579,-0.324,-0.513,-0.143,0.224,-0.013,-0.19
9,B1_3,-0.296,-0.383,0.072,-0.121,0.231,0.314,1.0,0.578,-0.087,-0.385,-0.162,-0.516,-0.045,-0.493,0.228,-0.23
9,A2_1,-0.232,-0.448,0.124,0.086,0.22,0.389,0.578,1.0,0.022,-0.319,0.22,-0.337,0.369,-0.522,0.076,-0.286
9,A2_2,0.181,0.001,0.007,-0.326,-0.278,0.011,-0.087,0.022,1.0,0.111,-0.141,-0.214,0.297,-0.191,-0.378,0.243
9,A2_3,0.206,-0.193,0.046,0.138,-0.035,-0.579,-0.385,-0.319,0.111,1.0,-0.025,0.708,-0.062,0.121,-0.269,0.22
9,B2_1,0.275,0.191,0.23,0.559,0.2,-0.324,-0.162,0.22,-0.141,-0.025,1.0,0.096,0.104,-0.091,0.04,-0.009
9,B2_2,0.252,0.043,0.166,0.266,0.288,-0.513,-0.516,-0.337,-0.214,0.708,0.096,1.0,-0.073,0.25,-0.377,0.026
9,B2_3,0.107,-0.198,0.211,0.068,0.392,-0.143,-0.045,0.369,0.297,-0.062,0.104,-0.073,1.0,-0.255,0.061,0.005
9,y1,0.211,0.288,-0.395,-0.106,-0.254,0.224,-0.493,-0.522,-0.191,0.121,-0.091,0.25,-0.255,1.0,-0.189,0.477
9,y2,-0.392,0.045,-0.15,-0.137,-0.148,-0.013,0.228,0.076,-0.378,-0.269,0.04,-0.377,0.061,-0.189,1.0,-0.044
9,y3,0.182,-0.144,-0.253,0.057,-0.348,-0.19,-0.23,-0.286,0.243,0.22,-0.009,0.026,0.005,0.477,-0.044,1.0
10,.,1.0,-0.058,0.284,-0.138,0.121,-0.255,-0.298,-0.234,0.183,0.206,0.277,0.246,0.101,0.21,-0.389,0.181
10,A1_1,-0.058,1.0,-0.291,-0.143,-0.079,-0.019,-0.384,-0.448,0.001,-0.193,0.189,0.042,-0.199,0.289,0.046,-0.143
10,A1_2,0.284,-0.291,1.0,0.085,0.429,-0.206,0.072,0.124,0.007,0.046,0.23,0.166,0.212,-0.396,-0.151,-0.254
10,A1_3,-0.138,-0.143,0.085,1.0,0.278,-0.492,-0.121,0.086,-0.326,0.138,0.56,0.267,0.068,-0.107,-0.139,0.056
10,B1_1,0.121,-0.079,0.429,0.278,1.0,-0.254,0.233,0.221,-0.279,-0.035,0.201,0.29,0.393,-0.254,-0.149,-0.349
10,B1_2,-0.255,-0.019,-0.206,-0.492,-0.254,1.0,0.314,0.391,0.009,-0.579,-0.325,-0.511,-0.143,0.225,-0.012,-0.19
10,B1_3,-0.298,-0.384,0.072,-0.121,0.233,0.314,1.0,0.579,-0.089,-0.385,-0.161,-0.512,-0.044,-0.493,0.228,-0.231
10,A2_1,-0.234,-0.448,0.124,0.086,0.221,0.391,0.579,1.0,0.021,-0.319,0.222,-0.336,0.37,-0.522,0.075,-0.286
10,A2_2,0.183,0.001,0.007,-0.326,-0.279,0.009,-0.089,0.021,1.0,0.111,-0.143,-0.215,0.295,-0.189,-0.376,0.244
10,A2_3,0.206,-0.193,0.046,0.138,-0.035,-0.579,-0.385,-0.319,0.111,1.0,-0.025,0.708,-0.061,0.12,-0.271,0.22
10,B2_1,0.277,0.189,0.23,0.56,0.201,-0.325,-0.161,0.222,-0.143,-0.025,1.0,0.097,0.103,-0.092,0.04,-0.011
10,B2_2,0.246,0.042,0.166,0.267,0.29,-0.511,-0.512,-0.336,-0.215,0.708,0.097,1.0,-0.071,0.248,-0.378,0.024
10,B2_3,0.101,-0.199,0.212,0.068,0.393,-0.143,-0.044,0.37,0.295,-0.061,0.103,-0.071,1.0,-0.254,0.062,0.005
10,y1,0.21,0.289,-0.396,-0.107,-0.254,0.225,-0.493,-0.522,-0.189,0.12,-0.092,0.248,-0.254,1.0,-0.188,0.478
10,y2,-0.389,0.046,-0.151,-0.139,-0.149,-0.012,0.228,0.075,-0.376,-0.271,0.04,-0.378,0.062,-0.188,1.0,-0.042
10,y3,0.181,-0.143,-0.254,0.056,-0.349,-0.19,-0.231,-0.286,0.244,0.22,-0.011,0.024,0.005,0.478,-0.042,1.0
11,.,1.0,-0.055,0.283,-0.138,0.114,-0.256,-0.3,-0.236,0.185,0.207,0.278,0.239,0.094,0.209,-0.386,0.181
11,A1_1,-0.055,1.0,-0.292,-0.143,-0.08,-0.02,-0.385,-0.449,0.001,-0.193,0.188,0.041,-0.2,0.289,0.047,-0.142
11,A1_2,0.283,-0.292,1.0,0.085,0.429,-0.206,0.072,0.123,0.007,0.046,0.231,0.167,0.212,-0.397,-0.153,-0.254
11,A1_3,-0.138,-0.143,0.085,1.0,0.279,-0.491,-0.12,0.085,-0.326,0.137,0.561,0.268,0.069,-0.108,-0.141,0.056
11,B1_1,0.114,-0.08,0.429,0.279,1.0,-0.253,0.234,0.222,-0.28,-0.034,0.201,0.292,0.394,-0.255,-0.149,-0.35
11,B1_2,-0.256,-0.02,-0.206,-0.491,-0.253,1.0,0.315,0.392,0.007,-0.579,-0.326,-0.509,-0.143,0.224,-0.011,-0.191
11,B1_3,-0.3,-0.385,0.072,-0.12,0.234,0.315,1.0,0.579,-0.09,-0.384,-0.161,-0.509,-0.043,-0.493,0.228,-0.232
11,A2_1,-0.236,-0.449,0.123,0.085,0.222,0.392,0.579,1.0,0.021,-0.32,0.223,-0.335,0.371,-0.522,0.075,-0.286
11,A2_2,0.185,0.001,0.007,-0.326,-0.28,0.007,-0.09,0.021,1.0,0.111,-0.145,-0.216,0.294,-0.187,-0.374,0.246
11,A2_3,0.207,-0.193,0.046,0.137,-0.034,-0.579,-0.384,-0.32,0.111,1.0,-0.025,0.707,-0.061,0.12,-0.272,0.219
11,B2_1,0.278,0.188,0.231,0.561,0.201,-0.326,-0.161,0.223,-0.145,-0.025,1.0,0.098,0.103,-0.093,0.04,-0.013
11,B2_2,0.239,0.041,0.167,0.268,0.292,-0.509,-0.509,-0.335,-0.216,0.707,0.098,1.0,-0.069,0.245,-0.379,0.021
11,B2_3,0.094,-0.2,0.212,0.069,0.394,-0.143,-0.043,0.371,0.294,-0.061,0.103,-0.069,1.0,-0.254,0.063,0.004
11,y1,0.209,0.289,-0.397,-0.108,-0.255,0.224,-0.493,-0.522,-0.187,0.12,-0.093,0.245,-0.254,1.0,-0.187,0.479
11,y2,-0.386,0.047,-0.153,-0.141,-0.149,-0.011,0.228,0.075,-0.374,-0.272,0.04,-0.379,0.063,-0.187,1.0,-0.04
11,y3,0.181,-0.142,-0.254,0.056,-0.35,-0.191,-0.232,-0.286,0.246,0.219,-0.013,0.021,0.004,0.479,-0.04,1.0
12,.,1.0,-0.051,0.282,-0.139,0.107,-0.258,-0.302,-0.238,0.187,0.207,0.279,0.232,0.086,0.209,-0.383,0.181
12,A1_1,-0.051,1.0,-0.292,-0.143,-0.081,-0.022,-0.386,-0.45,0.001,-0.193,0.187,0.04,-0.201,0.29,0.049,-0.14
12,A1_2,0.282,-0.292,1.0,0.085,0.429,-0.205,0.072,0.123,0.007,0.046,0.231,0.167,0.212,-0.397,-0.154,-0.254
12,A1_3,-0.139,-0.143,0.085,1.0,0.28,-0.49,-0.12,0.085,-0.326,0.137,0.562,0.268,0.07,-0.109,-0.143,0.055
12,B1_1,0.107,-0.081,0.429,0.28,1.0,-0.251,0.235,0.223,-0.281,-0.034,0.201,0.294,0.394,-0.256,-0.15,-0.351
12,B1_2,-0.258,-0.022,-0.205,-0.49,-0.251,1.0,0.316,0.393,0.005,-0.579,-0.326,-0.507,-0.142,0.224,-0.009,-0.192
12,B1_3,-0.302,-0.386,0.072,-0.12,0.235,0.316,1.0,0.58,-0.092,-0.384,-0.16,-0.506,-0.041,-0.493,0.228,-0.233
12,A2_1,-0.238,-0.45,0.123,0.085,0.223,0.393,0.58,1.0,0.02,-0.321,0.225,-0.333,0.372,-0.522,0.074,-0.286
12,A2_2,0.187,0.001,0.007,-0.326,-0.281,0.005,-0.092,0.02,1.0,0.112,-0.147,-0.218,0.292,-0.185,-0.372,0.247
12,A2_3,0.207,-0.193,0.046,0.137,-0.034,-0.579,-0.384,-0.321,0.112,1.0,-0.025,0.706,-0.06,0.119,-0.274,0.219
12,B2_1,0.279,0.187,0.231,0.562,0.201,-0.326,-0.16,0.225,-0.147,-0.025,1.0,0.099,0.103,-0.094,0.04,-0.014
12,B2_2,0.232,0.04,0.167,0.268,0.294,-0.507,-0.506,-0.333,-0.218,0.706,0.099,1.0,-0.067,0.242,-0.38,0.018
12,B2_3,0.086,-0.201,0.212,0.07,0.394,-0.142,-0.041,0.372,0.292,-0.06,0.103,-0.067,1.0,-0.254,0.064,0.003
12,y1,0.209,0.29,-0.397,-0.109,-0.256,0.224,-0.493,-0.522,-0.185,0.119,-0.094,0.242,-0.254,1.0,-0.186,0.481
12,y2,-0.383,0.049,-0.154,-0.143,-0.15,-0.009,0.228,0.074,-0.372,-0.274,0.04,-0.38,0.064,-0.186,1.0,-0.038
12,y3,0.181,-0.14,-0.254,0.055,-0.351,-0.192,-0.233,-0.286,0.247,0.219,-0.014,0.018,0.003,0.481,-0.038,1.0
13,.,1.0,-0.047,0.281,-0.139,0.1,-0.26,-0.305,-0.241,0.189,0.208,0.28,0.224,0.078,0.209,-0.38,0.182
13,A1_1,-0.047,1.0,-0.292,-0.143,-0.082,-0.023,-0.387,-0.45,0.001,-0.193,0.185,0.039,-0.202,0.291,0.05,-0.139
13,A1_2,0.281,-0.292,1.0,0.084,0.429,-0.205,0.072,0.122,0.007,0.046,0.231,0.168,0.213,-0.398,-0.156,-0.254
13,A1_3,-0.139,-0.143,0.084,1.0,0.28,-0.489,-0.119,0.084,-0.326,0.137,0.564,0.269,0.071,-0.11,-0.145,0.054
13,B1_1,0.1,-0.082,0.429,0.28,1.0,-0.25,0.237,0.224,-0.283,-0.034,0.202,0.296,0.395,-0.257,-0.15,-0.352
13,B1_2,-0.26,-0.023,-0.205,-0.489,-0.25,1.0,0.316,0.395,0.003,-0.579,-0.327,-0.505,-0.142,0.224,-0.008,-0.193
13,B1_3,-0.305,-0.387,0.072,-0.119,0.237,0.316,1.0,0.58,-0.094,-0.384,-0.159,-0.502,-0.04,-0.493,0.227,-0.234
13,A2_1,-0.241,-0.45,0.122,0.084,0.224,0.395,0.58,1.0,0.02,-0.322,0.226,-0.331,0.373,-0.522,0.073,-0.286
13,A2_2,0.189,0.001,0.007,-0.326,-0.283,0.003,-0.094,0.02,1.0,0.112,-0.149,-0.219,0.291,-0.182,-0.37,0.249
13,A2_3,0.208,-0.193,0.046,0.137,-0.034,-0.579,-0.384,-0.322,0.112,1.0,-0.025,0.705,-0.06,0.119,-0.275,0.219
13,B2_1,0.28,0.185,0.231,0.564,0.202,-0.327,-0.159,0.226,-0.149,-0.025,1.0,0.1,0.104,-0.095,0.04,-0.016
13,B2_2,0.224,0.039,0.168,0.269,0.296,-0.505,-0.502,-0.331,-0.219,0.705,0.1,1.0,-0.065,0.239,-0.382,0.015
13,B2_3,0.078,-0.202,0.213,0.071,0.395,-0.142,-0.04,0.373,0.291,-0.06,0.104,-0.065,1.0,-0.254,0.065,0.002
13,y1,0.209,0.291,-0.398,-0.11,-0.257,0.224,-0.493,-0.522,-0.182,0.119,-0.095,0.239,-0.254,1.0,-0.184,0.482
13,y2,-0.38,0.05,-0.156,-0.145,-0.15,-0.008,0.227,0.073,-0.37,-0.275,0.04,-0.382,0.065,-0.184,1.0,-0.036
13,y3,0.182,-0.139,-0.254,0.054,-0.352,-0.193,-0.234,-0.286,0.249,0.219,-0.016,0.015,0.002,0.482,-0.036,1.0
14,.,1.0,-0.042,0.28,-0.14,0.092,-0.262,-0.307,-0.243,0.192,0.209,0.28,0.216,0.07,0.209,-0.376,0.182
14,A1_1,-0.042,1.0,-0.292,-0.143,-0.083,-0.024,-0.388,-0.451,0.001,-0.192,0.184,0.038,-0.203,0.292,0.051,-0.137
14,A1_2,0.28,-0.292,1.0,0.084,0.429,-0.205,0.071,0.122,0.007,0.045,0.232,0.168,0.213,-0.398,-0.158,-0.254
14,A1_3,-0.14,-0.143,0.084,1.0,0.281,-0.488,-0.118,0.083,-0.326,0.137,0.565,0.27,0.072,-0.111,-0.147,0.053
14,B1_1,0.092,-0.083,0.429,0.281,1.0,-0.248,0.238,0.225,-0.284,-0.033,0.203,0.298,0.397,-0.258,-0.151,-0.354
14,B1_2,-0.262,-0.024,-0.205,-0.488,-0.248,1.0,0.317,0.396,0.001,-0.579,-0.327,-0.502,-0.141,0.223,-0.007,-0.194
14,B1_3,-0.307,-0.388,0.071,-0.118,0.238,0.317,1.0,0.581,-0.096,-0.384,-0.158,-0.499,-0.038,-0.493,0.227,-0.235
14,A2_1,-0.243,-0.451,0.122,0.083,0.225,0.396,0.581,1.0,0.019,-0.322,0.228,-0.33,0.374,-0.522,0.073,-0.286
14,A2_2,0.192,0.001,0.007,-0.326,-0.284,0.001,-0.096,0.019,1.0,0.112,-0.151,-0.221,0.289,-0.18,-0.368,0.25
14,A2_3,0.209,-0.192,0.045,0.137,-0.033,-0.579,-0.384,-0.322,0.112,1.0,-0.025,0.704,-0.06,0.118,-0.276,0.218
14,B2_1,0.28,0.184,0.232,0.565,0.203,-0.327,-0.158,0.228,-0.151,-0.025,1.0,0.1,0.104,-0.097,0.04,-0.018
14,B2_2,0.216,0.038,0.168,0.27,0.298,-0.502,-0.499,-0.33,-0.221,0.704,0.1,1.0,-0.062,0.236,-0.383,0.012
14,B2_3,0.07,-0.203,0.213,0.072,0.397,-0.141,-0.038,0.374,0.289,-0.06,0.104,-0.062,1.0,-0.254,0.066,0.001
14,y1,0.209,0.292,-0.398,-0.111,-0.258,0.223,-0.493,-0.522,-0.18,0.118,-0.097,0.236,-0.254,1.0,-0.183,0.484
14,y2,-0.376,0.051,-0.158,-0.147,-0.151,-0.007,0.227,0.073,-0.368,-0.276,0.04,-0.383,0.066,-0.183,1.0,-0.034
14,y3,0.182,-0.137,-0.254,0.053,-0.354,-0.194,-0.235,-0.286,0.25,0.218,-0.018,0.012,0.001,0.484,-0.034,1.0
15,.,1.0,-0.038,0.278,-0.14,0.083,-0.264,-0.31,-0.246,0.195,0.21,0.279,0.208,0.061,0.209,-0.372,0.183
15,A1_1,-0.038,1.0,-0.292,-0.143,-0.084,-0.026,-0.389,-0.452,0.002,-0.192,0.182,0.037,-0.204,0.293,0.052,-0.136
15,A1_2,0.278,-0.292,1.0,0.084,0.429,-0.204,0.071,0.121,0.007,0.045,0.233,0.169,0.213,-0.399,-0.16,-0.255
15,A1_3,-0.14,-0.143,0.084,1.0,0.282,-0.487,-0.118,0.083,-0.325,0.137,0.566,0.271,0.073,-0.112,-0.149,0.052
15,B1_1,0.083,-0.084,0.429,0.282,1.0,-0.246,0.24,0.227,-0.286,-0.033,0.204,0.301,0.398,-0.26,-0.152,-0.355
15,B1_2,-0.264,-0.026,-0.204,-0.487,-0.246,1.0,0.318,0.398,-0.001,-0.579,-0.328,-0.5,-0.141,0.222,-0.006,-0.195
15,B1_3,-0.31,-0.389,0.071,-0.118,0.24,0.318,1.0,0.581,-0.097,-0.384,-0.156,-0.495,-0.036,-0.493,0.226,-0.236
15,A2_1,-0.246,-0.452,0.121,0.083,0.227,0.398,0.581,1.0,0.019,-0.323,0.231,-0.328,0.376,-0.522,0.071,-0.286
15,A2_2,0.195,0.002,0.007,-0.325,-0.286,-0.001,-0.097,0.019,1.0,0.112,-0.154,-0.222,0.287,-0.177,-0.366,0.252
15,A2_3,0.21,-0.192,0.045,0.137,-0.033,-0.579,-0.384,-0.323,0.112,1.0,-0.025,0.703,-0.06,0.118,-0.277,0.218
15,B2_1,0.279,0.182,0.233,0.566,0.204,-0.328,-0.156,0.231,-0.154,-0.025,1.0,0.101,0.104,-0.098,0.041,-0.021
15,B2_2,0.208,0.037,0.169,0.271,0.301,-0.5,-0.495,-0.328,-0.222,0.703,0.101,1.0,-0.06,0.233,-0.384,0.009
15,B2_3,0.061,-0.204,0.213,0.073,0.398,-0.141,-0.036,0.376,0.287,-0.06,0.104,-0.06,1.0,-0.254,0.067,-0.001
15,y1,0.209,0.293,-0.399,-0.112,-0.26,0.222,-0.493,-0.522,-0.177,0.118,-0.098,0.233,-0.254,1.0,-0.181,0.485
15,y2,-0.372,0.052,-0.16,-0.149,-0.152,-0.006,0.226,0.071,-0.366,-0.277,0.041,-0.384,0.067,-0.181,1.0,-0.031
15,y3,0.183,-0.136,-0.255,0.052,-0.355,-0.195,-0.236,-0.286,0.252,0.218,-0.021,0.009,-0.001,0.485,-0.031,1.0
16,.,1.0,-0.034,0.277,-0.141,0.074,-0.267,-0.314,-0.249,0.197,0.211,0.278,0.199,0.051,0.21,-0.368,0.185
16,A1_1,-0.034,1.0,-0.292,-0.143,-0.085,-0.027,-0.39,-0.453,0.002,-0.192,0.181,0.036,-0.205,0.294,0.053,-0.134
16,A1_2,0.277,-0.292,1.0,0.084,0.429,-0.204,0.071,0.12,0.007,0.045,0.233,0.169,0.213,-0.4,-0.162,-0.255
16,A1_3,-0.141,-0.143,0.084,1.0,0.282,-0.485,-0.117,0.082,-0.325,0.137,0.568,0.272,0.074,-0.114,-0.152,0.051
16,B1_1,0.074,-0.085,0.429,0.282,1.0,-0.243,0.242,0.228,-0.287,-0.033,0.205,0.303,0.399,-0.261,-0.153,-0.357
16,B1_2,-0.267,-0.027,-0.204,-0.485,-0.243,1.0,0.32,0.4,-0.003,-0.579,-0.328,-0.497,-0.139,0.221,-0.005,-0.196
16,B1_3,-0.314,-0.39,0.071,-0.117,0.242,0.32,1.0,0.582,-0.099,-0.384,-0.154,-0.491,-0.034,-0.494,0.226,-0.238
16,A2_1,-0.249,-0.453,0.12,0.082,0.228,0.4,0.582,1.0,0.018,-0.324,0.233,-0.326,0.377,-0.522,0.07,-0.286
16,A2_2,0.197,0.002,0.007,-0.325,-0.287,-0.003,-0.099,0.018,1.0,0.113,-0.156,-0.224,0.285,-0.174,-0.364,0.253
16,A2_3,0.211,-0.192,0.045,0.137,-0.033,-0.579,-0.384,-0.324,0.113,1.0,-0.025,0.702,-0.059,0.118,-0.279,0.218
16,B2_1,0.278,0.181,0.233,0.568,0.205,-0.328,-0.154,0.233,-0.156,-0.025,1.0,0.102,0.105,-0.1,0.041,-0.023
16,B2_2,0.199,0.036,0.169,0.272,0.303,-0.497,-0.491,-0.326,-0.224,0.702,0.102,1.0,-0.057,0.23,-0.385,0.005
16,B2_3,0.051,-0.205,0.213,0.074,0.399,-0.139,-0.034,0.377,0.285,-0.059,0.105,-0.057,1.0,-0.254,0.067,-0.002
16,y1,0.21,0.294,-0.4,-0.114,-0.261,0.221,-0.494,-0.522,-0.174,0.118,-0.1,0.23,-0.254,1.0,-0.18,0.487
16,y2,-0.368,0.053,-0.162,-0.152,-0.153,-0.005,0.226,0.07,-0.364,-0.279,0.041,-0.385,0.067,-0.18,1.0,-0.028
16,y3,0.185,-0.134,-0.255,0.051,-0.357,-0.196,-0.238,-0.286,0.253,0.218,-0.023,0.005,-0.002,0.487,-0.028,1.0
17,.,1.0,-0.029,0.275,-0.141,0.064,-0.27,-0.317,-0.253,0.2,0.212,0.277,0.19,0.042,0.212,-0.363,0.186
17,A1_1,-0.029,1.0,-0.292,-0.143,-0.086,-0.029,-0.391,-0.453,0.002,-0.192,0.18,0.035,-0.206,0.295,0.055,-0.133
17,A1_2,0.275,-0.292,1.0,0.084,0.428,-0.204,0.071,0.12,0.007,0.045,0.234,0.17,0.213,-0.4,-0.164,-0.255
17,A1_3,-0.141,-0.143,0.084,1.0,0.283,-0.484,-0.116,0.081,-0.325,0.137,0.569,0.273,0.075,-0.115,-0.154,0.05
17,B1_1,0.064,-0.086,0.428,0.283,1.0,-0.241,0.244,0.23,-0.288,-0.033,0.206,0.306,0.401,-0.263,-0.154,-0.359
17,B1_2,-0.27,-0.029,-0.204,-0.484,-0.241,1.0,0.321,0.401,-0.005,-0.579,-0.328,-0.494,-0.138,0.22,-0.004,-0.197
17,B1_3,-0.317,-0.391,0.071,-0.116,0.244,0.321,1.0,0.583,-0.101,-0.384,-0.153,-0.487,-0.032,-0.494,0.225,-0.239
17,A2_1,-0.253,-0.453,0.12,0.081,0.23,0.401,0.583,1.0,0.018,-0.325,0.236,-0.323,0.379,-0.522,0.069,-0.286
17,A2_2,0.2,0.002,0.007,-0.325,-0.288,-0.005,-0.101,0.018,1.0,0.113,-0.158,-0.225,0.282,-0.171,-0.361,0.255
17,A2_3,0.212,-0.192,0.045,0.137,-0.033,-0.579,-0.384,-0.325,0.113,1.0,-0.026,0.701,-0.059,0.117,-0.28,0.217
17,B2_1,0.277,0.18,0.234,0.569,0.206,-0.328,-0.153,0.236,-0.158,-0.026,1.0,0.103,0.106,-0.102,0.041,-0.026
17,B2_2,0.19,0.035,0.17,0.273,0.306,-0.494,-0.487,-0.323,-0.225,0.701,0.103,1.0,-0.054,0.226,-0.386,0.002
17,B2_3,0.042,-0.206,0.213,0.075,0.401,-0.138,-0.032,0.379,0.282,-0.059,0.106,-0.054,1.0,-0.254,0.068,-0.004
17,y1,0.212,0.295,-0.4,-0.115,-0.263,0.22,-0.494,-0.522,-0.171,0.117,-0.102,0.226,-0.254,1.0,-0.178,0.489
17,y2,-0.363,0.055,-0.164,-0.154,-0.154,-0.004,0.225,0.069,-0.361,-0.28,0.041,-0.386,0.068,-0.178,1.0,-0.025
17,y3,0.186,-0.133,-0.255,0.05,-0.359,-0.197,-0.239,-0.286,0.255,0.217,-0.026,0.002,-0.004,0.489,-0.025,1.0
18,.,1.0,-0.025,0.272,-0.142,0.054,-0.273,-0.321,-0.256,0.203,0.213,0.275,0.181,0.031,0.213,-0.358,0.188
18,A1_1,-0.025,1.0,-0.293,-0.143,-0.087,-0.03,-0.392,-0.454,0.002,-0.192,0.178,0.033,-0.207,0.297,0.056,-0.131
18,A1_2,0.272,-0.293,1.0,0.084,0.428,-0.203,0.071,0.119,0.007,0.045,0.234,0.17,0.213,-0.401,-0.166,-0.255
18,A1_3,-0.142,-0.143,0.084,1.0,0.284,-0.483,-0.116,0.08,-0.325,0.137,0.571,0.274,0.076,-0.116,-0.157,0.049
18,B1_1,0.054,-0.087,0.428,0.284,1.0,-0.238,0.247,0.231,-0.29,-0.034,0.207,0.308,0.403,-0.265,-0.156,-0.361
18,B1_2,-0.273,-0.03,-0.203,-0.483,-0.238,1.0,0.323,0.404,-0.008,-0.579,-0.327,-0.491,-0.136,0.219,-0.003,-0.199
18,B1_3,-0.321,-0.392,0.071,-0.116,0.247,0.323,1.0,0.583,-0.103,-0.384,-0.151,-0.483,-0.029,-0.495,0.224,-0.241
18,A2_1,-0.256,-0.454,0.119,0.08,0.231,0.404,0.583,1.0,0.017,-0.326,0.238,-0.321,0.38,-0.523,0.067,-0.286
18,A2_2,0.203,0.002,0.007,-0.325,-0.29,-0.008,-0.103,0.017,1.0,0.114,-0.16,-0.227,0.28,-0.168,-0.359,0.257
18,A2_3,0.213,-0.192,0.045,0.137,-0.034,-0.579,-0.384,-0.326,0.114,1.0,-0.026,0.7,-0.06,0.117,-0.281,0.217
18,B2_1,0.275,0.178,0.234,0.571,0.207,-0.327,-0.151,0.238,-0.16,-0.026,1.0,0.104,0.107,-0.104,0.041,-0.028
18,B2_2,0.181,0.033,0.17,0.274,0.308,-0.491,-0.483,-0.321,-0.227,0.7,0.104,1.0,-0.051,0.222,-0.388,-0.002
18,B2_3,0.031,-0.207,0.213,0.076,0.403,-0.136,-0.029,0.38,0.28,-0.06,0.107,-0.051,1.0,-0.255,0.068,-0.006
18,y1,0.213,0.297,-0.401,-0.116,-0.265,0.219,-0.495,-0.523,-0.168,0.117,-0.104,0.222,-0.255,1.0,-0.175,0.491
18,y2,-0.358,0.056,-0.166,-0.157,-0.156,-0.003,0.224,0.067,-0.359,-0.281,0.041,-0.388,0.068,-0.175,1.0,-0.022
18,y3,0.188,-0.131,-0.255,0.049,-0.361,-0.199,-0.241,-0.286,0.257,0.217,-0.028,-0.002,-0.006,0.491,-0.022,1.0
19,.,1.0,-0.02,0.27,-0.142,0.043,-0.276,-0.325,-0.26,0.205,0.215,0.272,0.171,0.021,0.215,-0.353,0.19
19,A1_1,-0.02,1.0,-0.293,-0.143,-0.088,-0.032,-0.393,-0.455,0.002,-0.191,0.176,0.032,-0.208,0.298,0.058,-0.13
19,A1_2,0.27,-0.293,1.0,0.084,0.427,-0.203,0.07,0.118,0.007,0.045,0.235,0.171,0.213,-0.401,-0.168,-0.255
19,A1_3,-0.142,-0.143,0.084,1.0,0.284,-0.481,-0.115,0.08,-0.324,0.137,0.572,0.275,0.077,-0.117,-0.16,0.048
19,B1_1,0.043,-0.088,0.427,0.284,1.0,-0.234,0.249,0.233,-0.292,-0.034,0.209,0.311,0.405,-0.267,-0.157,-0.363
19,B1_2,-0.276,-0.032,-0.203,-0.481,-0.234,1.0,0.324,0.406,-0.01,-0.58,-0.327,-0.488,-0.135,0.217,-0.002,-0.201
19,B1_3,-0.325,-0.393,0.07,-0.115,0.249,0.324,1.0,0.584,-0.105,-0.384,-0.149,-0.478,-0.027,-0.495,0.222,-0.243
19,A2_1,-0.26,-0.455,0.118,0.08,0.233,0.406,0.584,1.0,0.017,-0.326,0.241,-0.318,0.382,-0.523,0.065,-0.287
19,A2_2,0.205,0.002,0.007,-0.324,-0.292,-0.01,-0.105,0.017,1.0,0.114,-0.163,-0.228,0.278,-0.166,-0.356,0.258
19,A2_3,0.215,-0.191,0.045,0.137,-0.034,-0.58,-0.384,-0.326,0.114,1.0,-0.027,0.698,-0.06,0.117,-0.282,0.217
19,B2_1,0.272,0.176,0.235,0.572,0.209,-0.327,-0.149,0.241,-0.163,-0.027,1.0,0.105,0.108,-0.106,0.041,-0.031
19,B2_2,0.171,0.032,0.171,0.275,0.311,-0.488,-0.478,-0.318,-0.228,0.698,0.105,1.0,-0.048,0.218,-0.389,-0.006
19,B2_3,0.021,-0.208,0.213,0.077,0.405,-0.135,-0.027,0.382,0.278,-0.06,0.108,-0.048,1.0,-0.256,0.068,-0.009
19,y1,0.215,0.298,-0.401,-0.117,-0.267,0.217,-0.495,-0.523,-0.166,0.117,-0.106,0.218,-0.256,1.0,-0.173,0.493
19,y2,-0.353,0.058,-0.168,-0.16,-0.157,-0.002,0.222,0.065,-0.356,-0.282,0.041,-0.389,0.068,-0.173,1.0,-0.019
19,y3,0.19,-0.13,-0.255,0.048,-0.363,-0.201,-0.243,-0.287,0.258,0.217,-0.031,-0.006,-0.009,0.493,-0.019,1.0
20,.,1.0,-0.015,0.267,-0.143,0.032,-0.279,-0.329,-0.264,0.208,0.216,0.268,0.162,0.01,0.218,-0.347,0.193
20,A1_1,-0.015,1.0,-0.293,-0.143,-0.089,-0.033,-0.393,-0.456,0.003,-0.191,0.175,0.031,-0.209,0.299,0.059,-0.128
20,A1_2,0.267,-0.293,1.0,0.084,0.427,-0.203,0.07,0.118,0.007,0.045,0.235,0.172,0.213,-0.402,-0.17,-0.256
20,A1_3,-0.143,-0.143,0.084,1.0,0.285,-0.48,-0.114,0.079,-0.324,0.137,0.574,0.276,0.077,-0.118,-0.162,0.047
20,B1_1,0.032,-0.089,0.427,0.285,1.0,-0.23,0.252,0.235,-0.293,-0.034,0.21,0.314,0.407,-0.27,-0.158,-0.365
20,B1_2,-0.279,-0.033,-0.203,-0.48,-0.23,1.0,0.326,0.408,-0.013,-0.58,-0.326,-0.485,-0.132,0.215,-0.001,-0.202
20,B1_3,-0.329,-0.393,0.07,-0.114,0.252,0.326,1.0,0.585,-0.107,-0.384,-0.146,-0.473,-0.023,-0.496,0.221,-0.245
20,A2_1,-0.264,-0.456,0.118,0.079,0.235,0.408,0.585,1.0,0.016,-0.327,0.245,-0.316,0.384,-0.523,0.063,-0.287
20,A2_2,0.208,0.003,0.007,-0.324,-0.293,-0.013,-0.107,0.016,1.0,0.115,-0.165,-0.23,0.275,-0.162,-0.354,0.26
20,A2_3,0.216,-0.191,0.045,0.137,-0.034,-0.58,-0.384,-0.327,0.115,1.0,-0.028,0.696,-0.06,0.117,-0.283,0.217
20,B2_1,0.268,0.175,0.235,0.574,0.21,-0.326,-0.146,0.245,-0.165,-0.028,1.0,0.106,0.109,-0.109,0.041,-0.034
20,B2_2,0.162,0.031,0.172,0.276,0.314,-0.485,-0.473,-0.316,-0.23,0.696,0.106,1.0,-0.044,0.214,-0.39,-0.01
20,B2_3,0.01,-0.209,0.213,0.077,0.407,-0.132,-0.023,0.384,0.275,-0.06,0.109,-0.044,1.0,-0.257,0.068,-0.011
20,y1,0.218,0.299,-0.402,-0.118,-0.27,0.215,-0.496,-0.523,-0.162,0.117,-0.109,0.214,-0.257,1.0,-0.17,0.495
20,y2,-0.347,0.059,-0.17,-0.162,-0.158,-0.001,0.221,0.063,-0.354,-0.283,0.041,-0.39,0.068,-0.17,1.0,-0.015
20,y3,0.193,-0.128,-0.256,0.047,-0.365,-0.202,-0.245,-0.287,0.26,0.217,-0.034,-0.01,-0.011,0.495,-0.015,1.0
21,.,1.0,-0.011,0.264,-0.143,0.02,-0.283,-0.334,-0.267,0.211,0.218,0.264,0.151,-0.002,0.22,-0.341,0.196
21,A1_1,-0.011,1.0,-0.293,-0.143,-0.091,-0.035,-0.394,-0.457,0.003,-0.191,0.173,0.03,-0.211,0.3,0.061,-0.126
21,A1_2,0.264,-0.293,1.0,0.084,0.426,-0.202,0.07,0.117,0.007,0.046,0.236,0.172,0.213,-0.402,-0.173,-0.256
21,A1_3,-0.143,-0.143,0.084,1.0,0.285,-0.478,-0.113,0.078,-0.324,0.138,0.575,0.277,0.078,-0.119,-0.165,0.046
21,B1_1,0.02,-0.091,0.426,0.285,1.0,-0.226,0.255,0.237,-0.295,-0.035,0.212,0.317,0.409,-0.272,-0.16,-0.368
21,B1_2,-0.283,-0.035,-0.202,-0.478,-0.226,1.0,0.328,0.41,-0.015,-0.58,-0.326,-0.481,-0.13,0.212,-0.0,-0.205
21,B1_3,-0.334,-0.394,0.07,-0.113,0.255,0.328,1.0,0.586,-0.11,-0.384,-0.143,-0.468,-0.02,-0.497,0.22,-0.247
21,A2_1,-0.267,-0.457,0.117,0.078,0.237,0.41,0.586,1.0,0.016,-0.328,0.248,-0.313,0.385,-0.524,0.061,-0.287
21,A2_2,0.211,0.003,0.007,-0.324,-0.295,-0.015,-0.11,0.016,1.0,0.115,-0.168,-0.232,0.272,-0.159,-0.351,0.262
21,A2_3,0.218,-0.191,0.046,0.138,-0.035,-0.58,-0.384,-0.328,0.115,1.0,-0.029,0.695,-0.06,0.117,-0.284,0.217
21,B2_1,0.264,0.173,0.236,0.575,0.212,-0.326,-0.143,0.248,-0.168,-0.029,1.0,0.107,0.111,-0.111,0.042,-0.038
21,B2_2,0.151,0.03,0.172,0.277,0.317,-0.481,-0.468,-0.313,-0.232,0.695,0.107,1.0,-0.041,0.209,-0.392,-0.014
21,B2_3,-0.002,-0.211,0.213,0.078,0.409,-0.13,-0.02,0.385,0.272,-0.06,0.111,-0.041,1.0,-0.258,0.068,-0.014
21,y1,0.22,0.3,-0.402,-0.119,-0.272,0.212,-0.497,-0.524,-0.159,0.117,-0.111,0.209,-0.258,1.0,-0.167,0.498
21,y2,-0.341,0.061,-0.173,-0.165,-0.16,-0.0,0.22,0.061,-0.351,-0.284,0.042,-0.392,0.068,-0.167,1.0,-0.011
21,y3,0.196,-0.126,-0.256,0.046,-0.368,-0.205,-0.247,-0.287,0.262,0.217,-0.038,-0.014,-0.014,0.498,-0.011,1.0
22,.,1.0,-0.006,0.261,-0.143,0.007,-0.288,-0.339,-0.271,0.214,0.219,0.259,0.14,-0.014,0.223,-0.334,0.199
22,A1_1,-0.006,1.0,-0.293,-0.143,-0.092,-0.037,-0.395,-0.458,0.003,-0.19,0.171,0.028,-0.212,0.301,0.062,-0.124
22,A1_2,0.261,-0.293,1.0,0.084,0.425,-0.202,0.069,0.116,0.008,0.046,0.237,0.173,0.213,-0.402,-0.175,-0.256
22,A1_3,-0.143,-0.143,0.084,1.0,0.285,-0.476,-0.113,0.077,-0.323,0.138,0.577,0.278,0.079,-0.12,-0.168,0.045
22,B1_1,0.007,-0.092,0.425,0.285,1.0,-0.222,0.258,0.239,-0.296,-0.036,0.214,0.32,0.412,-0.275,-0.162,-0.37
22,B1_2,-0.288,-0.037,-0.202,-0.476,-0.222,1.0,0.33,0.413,-0.018,-0.581,-0.325,-0.477,-0.127,0.21,0.001,-0.207
22,B1_3,-0.339,-0.395,0.069,-0.113,0.258,0.33,1.0,0.587,-0.112,-0.384,-0.14,-0.463,-0.016,-0.498,0.218,-0.25
22,A2_1,-0.271,-0.458,0.116,0.077,0.239,0.413,0.587,1.0,0.015,-0.329,0.252,-0.31,0.387,-0.524,0.058,-0.288
22,A2_2,0.214,0.003,0.008,-0.323,-0.296,-0.018,-0.112,0.015,1.0,0.116,-0.171,-0.234,0.269,-0.156,-0.348,0.264
22,A2_3,0.219,-0.19,0.046,0.138,-0.036,-0.581,-0.384,-0.329,0.116,1.0,-0.03,0.693,-0.061,0.117,-0.285,0.217
22,B2_1,0.259,0.171,0.237,0.577,0.214,-0.325,-0.14,0.252,-0.171,-0.03,1.0,0.108,0.112,-0.114,0.042,-0.041
22,B2_2,0.14,0.028,0.173,0.278,0.32,-0.477,-0.463,-0.31,-0.234,0.693,0.108,1.0,-0.037,0.205,-0.393,-0.018
22,B2_3,-0.014,-0.212,0.213,0.079,0.412,-0.127,-0.016,0.387,0.269,-0.061,0.112,-0.037,1.0,-0.259,0.068,-0.017
22,y1,0.223,0.301,-0.402,-0.12,-0.275,0.21,-0.498,-0.524,-0.156,0.117,-0.114,0.205,-0.259,1.0,-0.164,0.5
22,y2,-0.334,0.062,-0.175,-0.168,-0.162,0.001,0.218,0.058,-0.348,-0.285,0.042,-0.393,0.068,-0.164,1.0,-0.007
22,y3,0.199,-0.124,-0.256,0.045,-0.37,-0.207,-0.25,-0.288,0.264,0.217,-0.041,-0.018,-0.017,0.5,-0.007,1.0
23,.,1.0,-0.001,0.258,-0.143,-0.006,-0.292,-0.345,-0.275,0.217,0.221,0.253,0.13,-0.026,0.227,-0.327,0.202
23,A1_1,-0.001,1.0,-0.293,-0.142,-0.093,-0.039,-0.396,-0.46,0.004,-0.19,0.17,0.027,-0.213,0.302,0.064,-0.122
23,A1_2,0.258,-0.293,1.0,0.084,0.425,-0.202,0.069,0.115,0.008,0.046,0.237,0.174,0.213,-0.403,-0.178,-0.256
23,A1_3,-0.143,-0.142,0.084,1.0,0.286,-0.475,-0.112,0.076,-0.323,0.138,0.579,0.279,0.08,-0.121,-0.172,0.044
23,B1_1,-0.006,-0.093,0.425,0.286,1.0,-0.217,0.262,0.241,-0.298,-0.037,0.217,0.323,0.414,-0.278,-0.164,-0.373
23,B1_2,-0.292,-0.039,-0.202,-0.475,-0.217,1.0,0.333,0.416,-0.021,-0.581,-0.323,-0.473,-0.124,0.207,0.001,-0.209
23,B1_3,-0.345,-0.396,0.069,-0.112,0.262,0.333,1.0,0.588,-0.114,-0.384,-0.137,-0.457,-0.012,-0.499,0.216,-0.252
23,A2_1,-0.275,-0.46,0.115,0.076,0.241,0.416,0.588,1.0,0.014,-0.33,0.256,-0.306,0.389,-0.525,0.055,-0.289
23,A2_2,0.217,0.004,0.008,-0.323,-0.298,-0.021,-0.114,0.014,1.0,0.117,-0.174,-0.235,0.266,-0.152,-0.345,0.266
23,A2_3,0.221,-0.19,0.046,0.138,-0.037,-0.581,-0.384,-0.33,0.117,1.0,-0.031,0.691,-0.062,0.117,-0.285,0.217
23,B2_1,0.253,0.17,0.237,0.579,0.217,-0.323,-0.137,0.256,-0.174,-0.031,1.0,0.109,0.114,-0.118,0.042,-0.045
23,B2_2,0.13,0.027,0.174,0.279,0.323,-0.473,-0.457,-0.306,-0.235,0.691,0.109,1.0,-0.033,0.2,-0.394,-0.023
23,B2_3,-0.026,-0.213,0.213,0.08,0.414,-0.124,-0.012,0.389,0.266,-0.062,0.114,-0.033,1.0,-0.261,0.068,-0.02
23,y1,0.227,0.302,-0.403,-0.121,-0.278,0.207,-0.499,-0.525,-0.152,0.117,-0.118,0.2,-0.261,1.0,-0.16,0.503
23,y2,-0.327,0.064,-0.178,-0.172,-0.164,0.001,0.216,0.055,-0.345,-0.285,0.042,-0.394,0.068,-0.16,1.0,-0.002
23,y3,0.202,-0.122,-0.256,0.044,-0.373,-0.209,-0.252,-0.289,0.266,0.217,-0.045,-0.023,-0.02,0.503,-0.002,1.0
24,.,1.0,0.005,0.254,-0.143,-0.019,-0.298,-0.351,-0.279,0.22,0.223,0.247,0.118,-0.038,0.231,-0.32,0.206
24,A1_1,0.005,1.0,-0.293,-0.142,-0.095,-0.041,-0.397,-0.461,0.004,-0.189,0.168,0.026,-0.215,0.303,0.065,-0.12
24,A1_2,0.254,-0.293,1.0,0.084,0.424,-0.201,0.068,0.114,0.008,0.046,0.238,0.174,0.212,-0.403,-0.181,-0.256
