,,.,A1_1,A1_2,A1_3,B1_1,B1_2,B1_3,A2_1,A2_2,A2_3,B2_1,B2_2,B2_3,y1,y2,y3
0,.,1.0,0.859,0.975,0.927,0.934,0.881,0.974,0.934,0.958,0.963,0.939,0.891,0.923,0.934,0.883,0.925
0,A1_1,0.859,1.0,0.854,0.838,0.759,0.914,0.886,0.848,0.868,0.82,0.895,0.809,0.819,0.783,0.819,0.868
0,A1_2,0.975,0.854,1.0,0.941,0.953,0.867,0.955,0.928,0.964,0.975,0.963,0.929,0.96,0.97,0.935,0.978
0,A1_3,0.927,0.838,0.941,1.0,0.955,0.848,0.952,0.919,0.917,0.957,0.944,0.962,0.965,0.937,0.955,0.928
0,B1_1,0.934,0.759,0.953,0.955,1.0,0.799,0.94,0.92,0.914,0.981,0.915,0.941,0.955,0.969,0.92,0.937
0,B1_2,0.881,0.914,0.867,0.848,0.799,1.0,0.877,0.858,0.87,0.86,0.944,0.846,0.827,0.791,0.795,0.876
0,B1_3,0.974,0.886,0.955,0.952,0.94,0.877,1.0,0.947,0.96,0.959,0.929,0.899,0.924,0.931,0.908,0.926
0,A2_1,0.934,0.848,0.928,0.919,0.92,0.858,0.947,1.0,0.962,0.967,0.894,0.852,0.89,0.91,0.887,0.909
0,A2_2,0.958,0.868,0.964,0.917,0.914,0.87,0.96,0.962,1.0,0.958,0.93,0.885,0.907,0.92,0.913,0.941
0,A2_3,0.963,0.82,0.975,0.957,0.981,0.86,0.959,0.967,0.958,1.0,0.939,0.922,0.944,0.957,0.922,0.95
0,B2_1,0.939,0.895,0.963,0.944,0.915,0.944,0.929,0.894,0.93,0.939,1.0,0.962,0.954,0.926,0.932,0.97
0,B2_2,0.891,0.809,0.929,0.962,0.941,0.846,0.899,0.852,0.885,0.922,0.962,1.0,0.977,0.936,0.949,0.945
0,B2_3,0.923,0.819,0.96,0.965,0.955,0.827,0.924,0.89,0.907,0.944,0.954,0.977,1.0,0.982,0.965,0.967
0,y1,0.934,0.783,0.97,0.937,0.969,0.791,0.931,0.91,0.92,0.957,0.926,0.936,0.982,1.0,0.947,0.969
0,y2,0.883,0.819,0.935,0.955,0.92,0.795,0.908,0.887,0.913,0.922,0.932,0.949,0.965,0.947,1.0,0.947
0,y3,0.925,0.868,0.978,0.928,0.937,0.876,0.926,0.909,0.941,0.95,0.97,0.945,0.967,0.969,0.947,1.0
500,.,1.0,-0.181,0.002,-0.084,-0.37,-0.301,-0.301,-0.065,-0.073,-0.009,-0.231,-0.321,-0.354,-0.512,-0.567,-0.545
500,A1_1,-0.181,1.0,0.923,0.932,0.061,0.165,0.048,0.936,0.938,0.914,0.028,0.072,0.077,-0.36,-0.325,-0.29
500,A1_2,0.002,0.923,1.0,0.934,-0.152,-0.028,-0.187,0.94,0.989,0.992,-0.214,-0.149,-0.156,-0.282,-0.291,-0.233
500,A1_3,-0.084,0.932,0.934,1.0,-0.122,-0.019,-0.177,0.989,0.96,0.932,-0.175,-0.134,-0.124,-0.371,-0.356,-0.3
500,B1_1,-0.37,0.061,-0.152,-0.122,1.0,0.956,0.965,-0.095,-0.122,-0.158,0.964,0.967,0.974,-0.258,-0.178,-0.247
500,B1_2,-0.301,0.165,-0.028,-0.019,0.956,1.0,0.909,0.016,-0.004,-0.039,0.91,0.918,0.92,-0.286,-0.2,-0.266
500,B1_3,-0.301,0.048,-0.187,-0.177,0.965,0.909,1.0,-0.145,-0.167,-0.199,0.986,0.985,0.984,-0.284,-0.194,-0.285
500,A2_1,-0.065,0.936,0.94,0.989,-0.095,0.016,-0.145,1.0,0.962,0.938,-0.146,-0.09,-0.085,-0.39,-0.366,-0.333
500,A2_2,-0.073,0.938,0.989,0.96,-0.122,-0.004,-0.167,0.962,1.0,0.986,-0.188,-0.127,-0.13,-0.265,-0.261,-0.206
500,A2_3,-0.009,0.914,0.992,0.932,-0.158,-0.039,-0.199,0.938,0.986,1.0,-0.227,-0.164,-0.173,-0.269,-0.283,-0.226
500,B2_1,-0.231,0.028,-0.214,-0.175,0.964,0.91,0.986,-0.146,-0.188,-0.227,1.0,0.971,0.974,-0.36,-0.271,-0.352
500,B2_2,-0.321,0.072,-0.149,-0.134,0.967,0.918,0.985,-0.09,-0.127,-0.164,0.971,1.0,0.997,-0.3,-0.207,-0.312
500,B2_3,-0.354,0.077,-0.156,-0.124,0.974,0.92,0.984,-0.085,-0.13,-0.173,0.974,0.997,1.0,-0.297,-0.202,-0.302
500,y1,-0.512,-0.36,-0.282,-0.371,-0.258,-0.286,-0.284,-0.39,-0.265,-0.269,-0.36,-0.3,-0.297,1.0,0.984,0.985
500,y2,-0.567,-0.325,-0.291,-0.356,-0.178,-0.2,-0.194,-0.366,-0.261,-0.283,-0.271,-0.207,-0.202,0.984,1.0,0.976
500,y3,-0.545,-0.29,-0.233,-0.3,-0.247,-0.266,-0.285,-0.333,-0.206,-0.226,-0.352,-0.312,-0.302,0.985,0.976,1.0
1000,.,1.0,-0.326,-0.202,-0.332,-0.312,-0.29,-0.329,-0.345,-0.328,-0.344,-0.3,-0.282,-0.284,-0.452,-0.515,-0.491
1000,A1_1,-0.326,1.0,0.937,0.887,0.171,0.192,0.241,0.822,0.908,0.969,0.152,0.079,0.124,-0.222,-0.185,-0.188
1000,A1_2,-0.202,0.937,1.0,0.909,0.08,0.111,0.139,0.814,0.952,0.958,0.11,0.028,0.068,-0.301,-0.284,-0.283
1000,A1_3,-0.332,0.887,0.909,1.0,-0.076,0.015,0.035,0.96,0.952,0.933,-0.034,-0.089,-0.112,-0.096,-0.076,-0.08
1000,B1_1,-0.312,0.171,0.08,-0.076,1.0,0.948,0.968,-0.168,0.01,0.09,0.965,0.938,0.978,-0.04,0.018,0.024
1000,B1_2,-0.29,0.192,0.111,0.015,0.948,1.0,0.979,-0.093,0.04,0.132,0.95,0.966,0.901,0.123,0.171,0.18
1000,B1_3,-0.329,0.241,0.139,0.035,0.968,0.979,1.0,-0.085,0.069,0.16,0.947,0.928,0.932,0.062,0.123,0.134
1000,A2_1,-0.345,0.822,0.814,0.96,-0.168,-0.093,-0.085,1.0,0.908,0.878,-0.142,-0.172,-0.214,-0.098,-0.084,-0.097
1000,A2_2,-0.328,0.908,0.952,0.952,0.01,0.04,0.069,0.908,1.0,0.945,0.053,-0.032,-0.013,-0.206,-0.187,-0.189
1000,A2_3,-0.344,0.969,0.958,0.933,0.09,0.132,0.16,0.878,0.945,1.0,0.086,0.044,0.04,-0.198,-0.174,-0.178
1000,B2_1,-0.3,0.152,0.11,-0.034,0.965,0.95,0.947,-0.142,0.053,0.086,1.0,0.964,0.967,-0.025,0.035,0.034
1000,B2_2,-0.282,0.079,0.028,-0.089,0.938,0.966,0.928,-0.172,-0.032,0.044,0.964,1.0,0.918,0.066,0.114,0.111
1000,B2_3,-0.284,0.124,0.068,-0.112,0.978,0.901,0.932,-0.214,-0.013,0.04,0.967,0.918,1.0,-0.128,-0.065,-0.065
1000,y1,-0.452,-0.222,-0.301,-0.096,-0.04,0.123,0.062,-0.098,-0.206,-0.198,-0.025,0.066,-0.128,1.0,0.993,0.995
1000,y2,-0.515,-0.185,-0.284,-0.076,0.018,0.171,0.123,-0.084,-0.187,-0.174,0.035,0.114,-0.065,0.993,1.0,0.997
1000,y3,-0.491,-0.188,-0.283,-0.08,0.024,0.18,0.134,-0.097,-0.189,-0.178,0.034,0.111,-0.065,0.995,0.997,1.0
1500,.,1.0,-0.352,-0.314,-0.27,-0.388,-0.146,-0.388,-0.224,-0.407,-0.425,-0.389,-0.301,-0.382,-0.347,-0.296,-0.318
1500,A1_1,-0.352,1.0,0.858,0.969,0.139,0.109,0.243,0.931,0.88,0.9,0.12,0.121,0.078,-0.089,-0.135,-0.104
1500,A1_2,-0.314,0.858,1.0,0.893,0.132,0.11,0.191,0.733,0.942,0.972,0.179,0.13,0.124,-0.234,-0.271,-0.243
1500,A1_3,-0.27,0.969,0.893,1.0,0.05,0.026,0.14,0.948,0.919,0.914,0.059,0.037,-0.008,-0.167,-0.215,-0.186
1500,B1_1,-0.388,0.139,0.132,0.05,1.0,0.891,0.981,-0.054,0.121,0.185,0.963,0.986,0.969,-0.072,-0.048,-0.071
1500,B1_2,-0.146,0.109,0.11,0.026,0.891,1.0,0.842,-0.076,0.042,0.131,0.788,0.952,0.9,-0.009,0.035,0.006
1500,B1_3,-0.388,0.243,0.191,0.14,0.981,0.842,1.0,0.038,0.187,0.247,0.951,0.952,0.923,-0.079,-0.057,-0.074
1500,A2_1,-0.224,0.931,0.733,0.948,-0.054,-0.076,0.038,1.0,0.816,0.786,-0.085,-0.075,-0.143,-0.044,-0.103,-0.076
1500,A2_2,-0.407,0.88,0.942,0.919,0.121,0.042,0.187,0.816,1.0,0.971,0.154,0.095,0.066,-0.135,-0.18,-0.153
1500,A2_3,-0.425,0.9,0.972,0.914,0.185,0.131,0.247,0.786,0.971,1.0,0.222,0.171,0.154,-0.172,-0.213,-0.186
1500,B2_1,-0.389,0.12,0.179,0.059,0.963,0.788,0.951,-0.085,0.154,0.222,1.0,0.932,0.94,-0.218,-0.196,-0.217
1500,B2_2,-0.301,0.121,0.13,0.037,0.986,0.952,0.952,-0.075,0.095,0.171,0.932,1.0,0.972,-0.073,-0.041,-0.067
1500,B2_3,-0.382,0.078,0.124,-0.008,0.969,0.9,0.923,-0.143,0.066,0.154,0.94,0.972,1.0,-0.141,-0.12,-0.137
1500,y1,-0.347,-0.089,-0.234,-0.167,-0.072,-0.009,-0.079,-0.044,-0.135,-0.172,-0.218,-0.073,-0.141,1.0,0.993,0.994
1500,y2,-0.296,-0.135,-0.271,-0.215,-0.048,0.035,-0.057,-0.103,-0.18,-0.213,-0.196,-0.041,-0.12,0.993,1.0,0.996
1500,y3,-0.318,-0.104,-0.243,-0.186,-0.071,0.006,-0.074,-0.076,-0.153,-0.186,-0.217,-0.067,-0.137,0.994,0.996,1.0
2000,.,1.0,-0.116,0.02,-0.111,-0.158,-0.167,-0.226,-0.102,-0.145,-0.183,-0.258,-0.237,-0.262,-0.463,-0.514,-0.51
2000,A1_1,-0.116,1.0,0.849,0.94,0.123,0.154,0.11,0.946,0.939,0.865,0.03,0.059,0.038,0.182,0.223,0.251
2000,A1_2,0.02,0.849,1.0,0.779,0.024,0.037,-0.049,0.801,0.77,0.632,-0.053,0.027,0.016,0.031,0.074,0.129
2000,A1_3,-0.111,0.94,0.779,1.0,-0.059,-0.037,-0.092,0.975,0.856,0.864,-0.124,-0.086,-0.139,0.286,0.328,0.359
2000,B1_1,-0.158,0.123,0.024,-0.059,1.0,0.965,0.97,0.004,0.191,-0.024,0.936,0.937,0.915,-0.019,-0.052,-0.038
2000,B1_2,-0.167,0.154,0.037,-0.037,0.965,1.0,0.971,-0.001,0.216,-0.032,0.906,0.941,0.942,-0.011,-0.041,0.005
2000,B1_3,-0.226,0.11,-0.049,-0.092,0.97,0.971,1.0,-0.041,0.168,-0.021,0.937,0.918,0.923,-0.049,-0.073,-0.07
2000,A2_1,-0.102,0.946,0.801,0.975,0.004,-0.001,-0.041,1.0,0.889,0.842,-0.044,-0.023,-0.076,0.256,0.285,0.317
2000,A2_2,-0.145,0.939,0.77,0.856,0.191,0.216,0.168,0.889,1.0,0.862,0.072,0.107,0.085,0.174,0.193,0.24
2000,A2_3,-0.183,0.865,0.632,0.864,-0.024,-0.032,-0.021,0.842,0.862,1.0,-0.122,-0.142,-0.172,0.069,0.121,0.104
2000,B2_1,-0.258,0.03,-0.053,-0.124,0.936,0.906,0.937,-0.044,0.072,-0.122,1.0,0.969,0.955,-0.113,-0.139,-0.109
2000,B2_2,-0.237,0.059,0.027,-0.086,0.937,0.941,0.918,-0.023,0.107,-0.142,0.969,1.0,0.984,-0.043,-0.074,-0.006
2000,B2_3,-0.262,0.038,0.016,-0.139,0.915,0.942,0.923,-0.076,0.085,-0.172,0.955,0.984,1.0,-0.097,-0.123,-0.055
2000,y1,-0.463,0.182,0.031,0.286,-0.019,-0.011,-0.049,0.256,0.174,0.069,-0.113,-0.043,-0.097,1.0,0.992,0.97
2000,y2,-0.514,0.223,0.074,0.328,-0.052,-0.041,-0.073,0.285,0.193,0.121,-0.139,-0.074,-0.123,0.992,1.0,0.972
2000,y3,-0.51,0.251,0.129,0.359,-0.038,0.005,-0.07,0.317,0.24,0.104,-0.109,-0.006,-0.055,0.97,0.972,1.0
2500,.,1.0,-0.157,-0.293,-0.438,-0.403,-0.296,-0.39,-0.393,-0.3,-0.208,-0.37,-0.408,-0.4,-0.315,-0.271,-0.368
2500,A1_1,-0.157,1.0,0.886,0.767,-0.086,0.021,-0.002,0.749,0.688,0.695,-0.234,-0.147,-0.206,0.093,0.102,0.137
2500,A1_2,-0.293,0.886,1.0,0.912,-0.064,-0.056,-0.068,0.909,0.909,0.901,-0.138,-0.067,-0.091,-0.08,-0.069,-0.019
2500,A1_3,-0.438,0.767,0.912,1.0,0.064,0.041,0.038,0.985,0.865,0.825,0.004,0.052,0.023,0.029,0.008,0.063
2500,B1_1,-0.403,-0.086,-0.064,0.064,1.0,0.948,0.959,0.023,-0.095,-0.162,0.953,0.97,0.93,-0.172,-0.188,-0.141
2500,B1_2,-0.296,0.021,-0.056,0.041,0.948,1.0,0.977,0.007,-0.127,-0.184,0.858,0.917,0.856,-0.08,-0.097,-0.041
2500,B1_3,-0.39,-0.002,-0.068,0.038,0.959,0.977,1.0,-0.01,-0.153,-0.223,0.884,0.932,0.87,-0.114,-0.137,-0.076
2500,A2_1,-0.393,0.749,0.909,0.985,0.023,0.007,-0.01,1.0,0.862,0.833,-0.006,0.038,0.006,0.025,0.017,0.071
2500,A2_2,-0.3,0.688,0.909,0.865,-0.095,-0.127,-0.153,0.862,1.0,0.989,-0.124,-0.072,-0.027,-0.056,-0.057,0.004
2500,A2_3,-0.208,0.695,0.901,0.825,-0.162,-0.184,-0.223,0.833,0.989,1.0,-0.186,-0.138,-0.077,-0.037,-0.028,0.023
2500,B2_1,-0.37,-0.234,-0.138,0.004,0.953,0.858,0.884,-0.006,-0.124,-0.186,1.0,0.98,0.963,-0.254,-0.261,-0.214
2500,B2_2,-0.408,-0.147,-0.067,0.052,0.97,0.917,0.932,0.038,-0.072,-0.138,0.98,1.0,0.97,-0.243,-0.256,-0.189
2500,B2_3,-0.4,-0.206,-0.091,0.023,0.93,0.856,0.87,0.006,-0.027,-0.077,0.963,0.97,1.0,-0.201,-0.213,-0.146
2500,y1,-0.315,0.093,-0.08,0.029,-0.172,-0.08,-0.114,0.025,-0.056,-0.037,-0.254,-0.243,-0.201,1.0,0.992,0.988
2500,y2,-0.271,0.102,-0.069,0.008,-0.188,-0.097,-0.137,0.017,-0.057,-0.028,-0.261,-0.256,-0.213,0.992,1.0,0.986
2500,y3,-0.368,0.137,-0.019,0.063,-0.141,-0.041,-0.076,0.071,0.004,0.023,-0.214,-0.189,-0.146,0.988,0.986,1.0
3000,.,1.0,-0.079,-0.155,-0.097,-0.139,-0.054,-0.168,-0.152,-0.213,-0.164,-0.189,-0.26,-0.179,-0.166,-0.154,-0.237
3000,A1_1,-0.079,1.0,0.934,0.93,-0.074,-0.044,0.029,0.949,0.9,0.912,-0.024,-0.094,-0.143,0.073,-0.008,-0.032
3000,A1_2,-0.155,0.934,1.0,0.895,-0.01,0.03,0.048,0.924,0.981,0.99,0.013,-0.028,-0.097,0.057,-0.024,-0.038
3000,A1_3,-0.097,0.93,0.895,1.0,-0.153,-0.174,-0.092,0.947,0.861,0.899,-0.119,-0.17,-0.221,0.114,0.094,0.05
3000,B1_1,-0.139,-0.074,-0.01,-0.153,1.0,0.961,0.97,0.006,0.005,-0.064,0.958,0.979,0.979,0.074,-0.026,0.03
3000,B1_2,-0.054,-0.044,0.03,-0.174,0.961,1.0,0.942,-0.006,0.057,-0.023,0.888,0.919,0.918,0.084,-0.035,0.033
3000,B1_3,-0.168,0.029,0.048,-0.092,0.97,0.942,1.0,0.085,0.041,-0.026,0.97,0.953,0.964,0.124,0.003,0.05
3000,A2_1,-0.152,0.949,0.924,0.947,0.006,-0.006,0.085,1.0,0.893,0.902,0.051,-0.015,-0.057,0.169,0.079,0.055
3000,A2_2,-0.213,0.9,0.981,0.861,0.005,0.057,0.041,0.893,1.0,0.983,0.001,-0.017,-0.094,0.065,-0.005,0.009
3000,A2_3,-0.164,0.912,0.99,0.899,-0.064,-0.023,-0.026,0.902,0.983,1.0,-0.056,-0.079,-0.155,0.019,-0.041,-0.04
3000,B2_1,-0.189,-0.024,0.013,-0.119,0.958,0.888,0.97,0.051,0.001,-0.056,1.0,0.97,0.978,-0.025,-0.137,-0.09
3000,B2_2,-0.26,-0.094,-0.028,-0.17,0.979,0.919,0.953,-0.015,-0.017,-0.079,0.97,1.0,0.987,0.005,-0.088,-0.024
3000,B2_3,-0.179,-0.143,-0.097,-0.221,0.979,0.918,0.964,-0.057,-0.094,-0.155,0.978,0.987,1.0,0.026,-0.067,-0.013
3000,y1,-0.166,0.073,0.057,0.114,0.074,0.084,0.124,0.169,0.065,0.019,-0.025,0.005,0.026,1.0,0.963,0.943
3000,y2,-0.154,-0.008,-0.024,0.094,-0.026,-0.035,0.003,0.079,-0.005,-0.041,-0.137,-0.088,-0.067,0.963,1.0,0.971
3000,y3,-0.237,-0.032,-0.038,0.05,0.03,0.033,0.05,0.055,0.009,-0.04,-0.09,-0.024,-0.013,0.943,0.971,1.0
3500,.,1.0,0.015,-0.102,-0.148,-0.295,-0.305,-0.27,-0.218,-0.268,-0.21,-0.36,-0.399,-0.379,-0.063,-0.016,0.033
3500,A1_1,0.015,1.0,0.803,0.79,0.051,0.187,0.12,0.532,0.674,0.613,0.162,0.111,0.023,0.101,0.176,0.117
3500,A1_2,-0.102,0.803,1.0,0.766,-0.03,0.081,-0.02,0.418,0.627,0.507,0.044,0.061,-0.0,0.16,0.172,0.097
3500,A1_3,-0.148,0.79,0.766,1.0,0.297,0.345,0.333,0.897,0.954,0.93,0.371,0.322,0.254,0.153,0.249,0.16
3500,B1_1,-0.295,0.051,-0.03,0.297,1.0,0.958,0.974,0.444,0.467,0.475,0.961,0.928,0.914,0.107,0.127,0.095
3500,B1_2,-0.305,0.187,0.081,0.345,0.958,1.0,0.964,0.427,0.494,0.469,0.988,0.96,0.935,0.108,0.143,0.087
3500,B1_3,-0.27,0.12,-0.02,0.333,0.974,0.964,1.0,0.477,0.487,0.503,0.958,0.887,0.856,0.131,0.186,0.155
3500,A2_1,-0.218,0.532,0.418,0.897,0.444,0.427,0.477,1.0,0.938,0.981,0.499,0.425,0.372,0.071,0.196,0.116
3500,A2_2,-0.268,0.674,0.627,0.954,0.467,0.494,0.487,0.938,1.0,0.965,0.534,0.486,0.43,0.118,0.213,0.132
3500,A2_3,-0.21,0.613,0.507,0.93,0.475,0.469,0.503,0.981,0.965,1.0,0.528,0.461,0.403,0.07,0.185,0.114
3500,B2_1,-0.36,0.162,0.044,0.371,0.961,0.988,0.958,0.499,0.534,0.528,1.0,0.976,0.951,0.072,0.11,0.049
3500,B2_2,-0.399,0.111,0.061,0.322,0.928,0.96,0.887,0.425,0.486,0.461,0.976,1.0,0.989,0.064,0.062,-0.006
3500,B2_3,-0.379,0.023,-0.0,0.254,0.914,0.935,0.856,0.372,0.43,0.403,0.951,0.989,1.0,0.007,0.0,-0.07
3500,y1,-0.063,0.101,0.16,0.153,0.107,0.108,0.131,0.071,0.118,0.07,0.072,0.064,0.007,1.0,0.967,0.964
3500,y2,-0.016,0.176,0.172,0.249,0.127,0.143,0.186,0.196,0.213,0.185,0.11,0.062,0.0,0.967,1.0,0.982
3500,y3,0.033,0.117,0.097,0.16,0.095,0.087,0.155,0.116,0.132,0.114,0.049,-0.006,-0.07,0.964,0.982,1.0
4000,.,1.0,-0.223,-0.403,-0.338,-0.26,-0.236,-0.346,-0.297,-0.199,-0.199,-0.243,-0.245,-0.321,-0.301,-0.27,-0.317
4000,A1_1,-0.223,1.0,0.929,0.707,0.059,0.094,0.161,0.868,0.858,0.685,-0.031,0.004,0.079,0.111,0.079,0.072
4000,A1_2,-0.403,0.929,1.0,0.838,0.242,0.229,0.317,0.879,0.875,0.756,0.155,0.184,0.249,0.08,0.021,0.004
4000,A1_3,-0.338,0.707,0.838,1.0,0.199,0.111,0.182,0.832,0.799,0.873,0.083,0.126,0.147,0.155,0.109,0.095
4000,B1_1,-0.26,0.059,0.242,0.199,1.0,0.956,0.941,-0.071,-0.021,0.087,0.98,0.992,0.968,0.068,0.112,0.024
4000,B1_2,-0.236,0.094,0.229,0.111,0.956,1.0,0.968,-0.087,-0.005,0.091,0.956,0.97,0.977,0.077,0.145,0.076
4000,B1_3,-0.346,0.161,0.317,0.182,0.941,0.968,1.0,-0.021,0.019,0.098,0.952,0.961,0.987,0.138,0.197,0.092
4000,A2_1,-0.297,0.868,0.879,0.832,-0.071,-0.087,-0.021,1.0,0.885,0.859,-0.172,-0.138,-0.094,-0.017,-0.072,0.003
4000,A2_2,-0.199,0.858,0.875,0.799,-0.021,-0.005,0.019,0.885,1.0,0.849,-0.14,-0.091,-0.035,-0.065,-0.106,-0.081
4000,A2_3,-0.199,0.685,0.756,0.873,0.087,0.091,0.098,0.859,0.849,1.0,-0.037,0.028,0.053,-0.039,-0.041,0.038
4000,B2_1,-0.243,-0.031,0.155,0.083,0.98,0.956,0.952,-0.172,-0.14,-0.037,1.0,0.994,0.976,0.037,0.083,-0.014
4000,B2_2,-0.245,0.004,0.184,0.126,0.992,0.97,0.961,-0.138,-0.091,0.028,0.994,1.0,0.982,0.066,0.122,0.029
4000,B2_3,-0.321,0.079,0.249,0.147,0.968,0.977,0.987,-0.094,-0.035,0.053,0.976,0.982,1.0,0.075,0.134,0.031
4000,y1,-0.301,0.111,0.08,0.155,0.068,0.077,0.138,-0.017,-0.065,-0.039,0.037,0.066,0.075,1.0,0.972,0.925
4000,y2,-0.27,0.079,0.021,0.109,0.112,0.145,0.197,-0.072,-0.106,-0.041,0.083,0.122,0.134,0.972,1.0,0.951
4000,y3,-0.317,0.072,0.004,0.095,0.024,0.076,0.092,0.003,-0.081,0.038,-0.014,0.029,0.031,0.925,0.951,1.0
4500,.,1.0,-0.334,-0.108,-0.348,-0.16,0.063,-0.123,-0.116,-0.172,-0.113,-0.183,-0.11,-0.116,-0.604,-0.593,-0.615
4500,A1_1,-0.334,1.0,0.826,0.93,-0.11,-0.176,-0.165,0.909,0.962,0.897,-0.11,-0.249,-0.174,0.095,0.047,0.036
4500,A1_2,-0.108,0.826,1.0,0.87,-0.148,-0.164,-0.14,0.786,0.811,0.804,-0.117,-0.225,-0.284,-0.034,-0.047,-0.098
4500,A1_3,-0.348,0.93,0.87,1.0,-0.183,-0.28,-0.223,0.845,0.856,0.821,-0.159,-0.285,-0.255,0.138,0.114,0.088
4500,B1_1,-0.16,-0.11,-0.148,-0.183,1.0,0.894,0.926,-0.13,-0.077,-0.256,0.969,0.963,0.937,0.146,0.134,0.143
4500,B1_2,0.063,-0.176,-0.164,-0.28,0.894,1.0,0.956,-0.165,-0.077,-0.322,0.902,0.921,0.932,-0.043,-0.061,-0.06
4500,B1_3,-0.123,-0.165,-0.14,-0.223,0.926,0.956,1.0,-0.204,-0.122,-0.377,0.947,0.971,0.933,0.016,0.015,0.017
4500,A2_1,-0.116,0.909,0.786,0.845,-0.13,-0.165,-0.204,1.0,0.938,0.88,-0.136,-0.266,-0.192,0.049,-0.013,-0.026
4500,A2_2,-0.172,0.962,0.811,0.856,-0.077,-0.077,-0.122,0.938,1.0,0.92,-0.104,-0.216,-0.13,-0.032,-0.096,-0.104
4500,A2_3,-0.113,0.897,0.804,0.821,-0.256,-0.322,-0.377,0.88,0.92,1.0,-0.31,-0.425,-0.358,-0.012,-0.083,-0.09
4500,B2_1,-0.183,-0.11,-0.117,-0.159,0.969,0.902,0.947,-0.136,-0.104,-0.31,1.0,0.967,0.919,0.223,0.223,0.222
4500,B2_2,-0.11,-0.249,-0.225,-0.285,0.963,0.921,0.971,-0.266,-0.216,-0.425,0.967,1.0,0.928,0.066,0.064,0.072
4500,B2_3,-0.116,-0.174,-0.284,-0.255,0.937,0.932,0.933,-0.192,-0.13,-0.358,0.919,0.928,1.0,0.07,0.055,0.07
4500,y1,-0.604,0.095,-0.034,0.138,0.146,-0.043,0.016,0.049,-0.032,-0.012,0.223,0.066,0.07,1.0,0.986,0.989
4500,y2,-0.593,0.047,-0.047,0.114,0.134,-0.061,0.015,-0.013,-0.096,-0.083,0.223,0.064,0.055,0.986,1.0,0.993
4500,y3,-0.615,0.036,-0.098,0.088,0.143,-0.06,0.017,-0.026,-0.104,-0.09,0.222,0.072,0.07,0.989,0.993,1.0
5000,.,1.0,-0.405,-0.291,-0.37,-0.421,-0.356,-0.455,-0.112,-0.308,-0.202,-0.439,-0.417,-0.355,-0.28,-0.196,-0.212
5000,A1_1,-0.405,1.0,0.909,0.876,0.06,0.077,0.152,0.844,0.936,0.851,0.048,-0.026,-0.012,-0.097,-0.12,-0.097
5000,A1_2,-0.291,0.909,1.0,0.81,0.121,0.182,0.224,0.897,0.972,0.91,0.097,0.002,0.101,-0.252,-0.252,-0.275
5000,A1_3,-0.37,0.876,0.81,1.0,-0.1,-0.068,-0.065,0.874,0.854,0.932,-0.121,-0.181,-0.124,-0.018,-0.034,-0.025
5000,B1_1,-0.421,0.06,0.121,-0.1,1.0,0.964,0.97,-0.167,0.102,-0.102,0.981,0.981,0.972,-0.077,-0.164,-0.249
5000,B1_2,-0.356,0.077,0.182,-0.068,0.964,1.0,0.954,-0.068,0.168,-0.032,0.957,0.927,0.973,-0.002,-0.076,-0.203
5000,B1_3,-0.455,0.152,0.224,-0.065,0.97,0.954,1.0,-0.093,0.199,-0.048,0.968,0.94,0.932,-0.017,-0.104,-0.207
5000,A2_1,-0.112,0.844,0.897,0.874,-0.167,-0.068,-0.093,1.0,0.918,0.964,-0.212,-0.296,-0.16,-0.116,-0.068,-0.089
5000,A2_2,-0.308,0.936,0.972,0.854,0.102,0.168,0.199,0.918,1.0,0.912,0.079,-0.014,0.082,-0.138,-0.151,-0.164
5000,A2_3,-0.202,0.851,0.91,0.932,-0.102,-0.032,-0.048,0.964,0.912,1.0,-0.142,-0.218,-0.104,-0.18,-0.166,-0.181
5000,B2_1,-0.439,0.048,0.097,-0.121,0.981,0.957,0.968,-0.212,0.079,-0.142,1.0,0.986,0.955,0.03,-0.077,-0.161
5000,B2_2,-0.417,-0.026,0.002,-0.181,0.981,0.927,0.94,-0.296,-0.014,-0.218,0.986,1.0,0.948,-0.029,-0.131,-0.205
5000,B2_3,-0.355,-0.012,0.101,-0.124,0.972,0.973,0.932,-0.16,0.082,-0.104,0.955,0.948,1.0,-0.103,-0.189,-0.294
5000,y1,-0.28,-0.097,-0.252,-0.018,-0.077,-0.002,-0.017,-0.116,-0.138,-0.18,0.03,-0.029,-0.103,1.0,0.969,0.945
5000,y2,-0.196,-0.12,-0.252,-0.034,-0.164,-0.076,-0.104,-0.068,-0.151,-0.166,-0.077,-0.131,-0.189,0.969,1.0,0.962
5000,y3,-0.212,-0.097,-0.275,-0.025,-0.249,-0.203,-0.207,-0.089,-0.164,-0.181,-0.161,-0.205,-0.294,0.945,0.962,1.0
5500,.,1.0,-0.461,-0.472,-0.463,-0.385,-0.404,-0.397,-0.39,-0.355,-0.331,-0.33,-0.427,-0.498,-0.31,-0.277,-0.254
5500,A1_1,-0.461,1.0,0.948,0.985,0.268,0.322,0.252,0.944,0.95,0.916,0.169,0.216,0.286,-0.098,-0.102,-0.079
5500,A1_2,-0.472,0.948,1.0,0.927,0.329,0.383,0.305,0.829,0.832,0.923,0.23,0.234,0.321,-0.159,-0.177,-0.185
5500,A1_3,-0.463,0.985,0.927,1.0,0.262,0.309,0.252,0.955,0.955,0.917,0.167,0.209,0.283,-0.12,-0.129,-0.102
5500,B1_1,-0.385,0.268,0.329,0.262,1.0,0.99,0.996,0.081,0.169,0.334,0.864,0.846,0.957,-0.025,-0.102,-0.141
5500,B1_2,-0.404,0.322,0.383,0.309,0.99,1.0,0.989,0.126,0.218,0.385,0.886,0.874,0.965,-0.054,-0.137,-0.175
5500,B1_3,-0.397,0.252,0.305,0.252,0.996,0.989,1.0,0.073,0.158,0.307,0.891,0.878,0.971,-0.018,-0.1,-0.138
5500,A2_1,-0.39,0.944,0.829,0.955,0.081,0.126,0.073,1.0,0.976,0.851,-0.013,0.049,0.103,-0.101,-0.083,-0.038
5500,A2_2,-0.355,0.95,0.832,0.955,0.169,0.218,0.158,0.976,1.0,0.902,0.053,0.112,0.177,-0.108,-0.093,-0.046
5500,A2_3,-0.331,0.916,0.923,0.917,0.334,0.385,0.307,0.851,0.902,1.0,0.159,0.156,0.277,-0.263,-0.269,-0.252
5500,B2_1,-0.33,0.169,0.23,0.167,0.864,0.886,0.891,-0.013,0.053,0.159,1.0,0.967,0.915,-0.098,-0.197,-0.24
5500,B2_2,-0.427,0.216,0.234,0.209,0.846,0.874,0.878,0.049,0.112,0.156,0.967,1.0,0.947,0.075,-0.025,-0.066
5500,B2_3,-0.498,0.286,0.321,0.283,0.957,0.965,0.971,0.103,0.177,0.277,0.915,0.947,1.0,0.088,-0.005,-0.047
5500,y1,-0.31,-0.098,-0.159,-0.12,-0.025,-0.054,-0.018,-0.101,-0.108,-0.263,-0.098,0.075,0.088,1.0,0.989,0.976
5500,y2,-0.277,-0.102,-0.177,-0.129,-0.102,-0.137,-0.1,-0.083,-0.093,-0.269,-0.197,-0.025,-0.005,0.989,1.0,0.991
5500,y3,-0.254,-0.079,-0.185,-0.102,-0.141,-0.175,-0.138,-0.038,-0.046,-0.252,-0.24,-0.066,-0.047,0.976,0.991,1.0
6000,.,1.0,-0.585,-0.498,-0.548,-0.179,-0.202,-0.196,-0.451,-0.428,0.015,-0.51,-0.374,-0.364,-0.426,-0.432,-0.45
6000,A1_1,-0.585,1.0,0.949,0.981,-0.015,0.048,-0.013,0.972,0.928,0.598,0.097,0.002,0.045,0.095,0.14,0.199
6000,A1_2,-0.498,0.949,1.0,0.976,-0.068,-0.014,-0.064,0.964,0.937,0.598,0.058,-0.036,-0.009,-0.142,-0.092,-0.035
6000,A1_3,-0.548,0.981,0.976,1.0,-0.065,-0.005,-0.06,0.983,0.92,0.555,0.063,-0.029,0.007,0.006,0.057,0.108
6000,B1_1,-0.179,-0.015,-0.068,-0.065,1.0,0.996,0.999,-0.122,0.067,-0.017,0.883,0.931,0.968,-0.095,-0.184,-0.148
6000,B1_2,-0.202,0.048,-0.014,-0.005,0.996,1.0,0.995,-0.062,0.123,0.031,0.883,0.923,0.967,-0.083,-0.169,-0.128
6000,B1_3,-0.196,-0.013,-0.064,-0.06,0.999,0.995,1.0,-0.122,0.068,-0.029,0.898,0.939,0.976,-0.098,-0.187,-0.152
6000,A2_1,-0.451,0.972,0.964,0.983,-0.122,-0.062,-0.122,1.0,0.901,0.577,-0.034,-0.098,-0.076,-0.002,0.058,0.112
6000,A2_2,-0.428,0.928,0.937,0.92,0.067,0.123,0.068,0.901,1.0,0.793,0.113,0.012,0.087,-0.178,-0.151,-0.072
6000,A2_3,0.015,0.598,0.598,0.555,-0.017,0.031,-0.029,0.577,0.793,1.0,-0.136,-0.208,-0.094,-0.315,-0.306,-0.21
6000,B2_1,-0.51,0.097,0.058,0.063,0.883,0.883,0.898,-0.034,0.113,-0.136,1.0,0.955,0.964,0.01,-0.068,-0.038
6000,B2_2,-0.374,0.002,-0.036,-0.029,0.931,0.923,0.939,-0.098,0.012,-0.208,0.955,1.0,0.977,-0.016,-0.091,-0.065
6000,B2_3,-0.364,0.045,-0.009,0.007,0.968,0.967,0.976,-0.076,0.087,-0.094,0.964,0.977,1.0,-0.023,-0.108,-0.076
6000,y1,-0.426,0.095,-0.142,0.006,-0.095,-0.083,-0.098,-0.002,-0.178,-0.315,0.01,-0.016,-0.023,1.0,0.991,0.986
6000,y2,-0.432,0.14,-0.092,0.057,-0.184,-0.169,-0.187,0.058,-0.151,-0.306,-0.068,-0.091,-0.108,0.991,1.0,0.99
6000,y3,-0.45,0.199,-0.035,0.108,-0.148,-0.128,-0.152,0.112,-0.072,-0.21,-0.038,-0.065,-0.076,0.986,0.99,1.0
6500,.,1.0,-0.402,-0.348,-0.427,-0.186,-0.156,-0.194,-0.279,-0.321,-0.264,-0.165,-0.285,-0.186,-0.329,-0.397,-0.368
6500,A1_1,-0.402,1.0,0.976,0.982,0.069,0.008,0.06,0.903,0.933,0.856,-0.035,-0.016,-0.058,-0.107,-0.005,0.047
6500,A1_2,-0.348,0.976,1.0,0.972,0.066,0.003,0.053,0.959,0.975,0.903,-0.045,-0.042,-0.043,-0.113,-0.013,0.051
6500,A1_3,-0.427,0.982,0.972,1.0,0.018,-0.032,0.021,0.906,0.914,0.841,-0.08,-0.053,-0.103,-0.07,0.035,0.086
6500,B1_1,-0.186,0.069,0.066,0.018,1.0,0.989,0.989,0.02,0.058,0.165,0.976,0.956,0.957,-0.265,-0.169,-0.386
6500,B1_2,-0.156,0.008,0.003,-0.032,0.989,1.0,0.995,-0.052,-0.017,0.082,0.989,0.955,0.935,-0.251,-0.161,-0.376
6500,B1_3,-0.194,0.06,0.053,0.021,0.989,0.995,1.0,0.0,0.028,0.123,0.984,0.953,0.928,-0.255,-0.163,-0.376
6500,A2_1,-0.279,0.903,0.959,0.906,0.02,-0.052,0.0,1.0,0.97,0.956,-0.109,-0.11,-0.058,-0.168,-0.13,-0.032
6500,A2_2,-0.321,0.933,0.975,0.914,0.058,-0.017,0.028,0.97,1.0,0.932,-0.059,-0.054,-0.024,-0.185,-0.099,-0.002
6500,A2_3,-0.264,0.856,0.903,0.841,0.165,0.082,0.123,0.956,0.932,1.0,0.013,0.034,0.101,-0.227,-0.184,-0.132
6500,B2_1,-0.165,-0.035,-0.045,-0.08,0.976,0.989,0.984,-0.109,-0.059,0.013,1.0,0.973,0.945,-0.235,-0.159,-0.359
6500,B2_2,-0.285,-0.016,-0.042,-0.053,0.956,0.955,0.953,-0.11,-0.054,0.034,0.973,1.0,0.957,-0.203,-0.115,-0.324
6500,B2_3,-0.186,-0.058,-0.043,-0.103,0.957,0.935,0.928,-0.058,-0.024,0.101,0.945,0.957,1.0,-0.164,-0.121,-0.315
6500,y1,-0.329,-0.107,-0.113,-0.07,-0.265,-0.251,-0.255,-0.168,-0.185,-0.227,-0.235,-0.203,-0.164,1.0,0.92,0.929
6500,y2,-0.397,-0.005,-0.013,0.035,-0.169,-0.161,-0.163,-0.13,-0.099,-0.184,-0.159,-0.115,-0.121,0.92,1.0,0.936
6500,y3,-0.368,0.047,0.051,0.086,-0.386,-0.376,-0.376,-0.032,-0.002,-0.132,-0.359,-0.324,-0.315,0.929,0.936,1.0
7000,.,1.0,-0.182,-0.227,-0.269,-0.098,-0.157,-0.207,-0.053,-0.128,-0.077,-0.165,-0.129,-0.117,-0.498,-0.538,-0.468
7000,A1_1,-0.182,1.0,0.86,0.906,-0.07,-0.128,-0.171,0.76,0.895,0.833,-0.093,-0.137,-0.066,-0.067,0.005,0.047
7000,A1_2,-0.227,0.86,1.0,0.959,-0.173,-0.198,-0.242,0.836,0.92,0.906,-0.202,-0.241,-0.2,0.126,0.204,0.259
7000,A1_3,-0.269,0.906,0.959,1.0,0.003,-0.086,-0.079,0.867,0.929,0.907,-0.036,-0.06,-0.028,0.073,0.136,0.166
7000,B1_1,-0.098,-0.07,-0.173,0.003,1.0,0.924,0.922,0.041,-0.034,-0.069,0.976,0.99,0.988,-0.243,-0.3,-0.412
7000,B1_2,-0.157,-0.128,-0.198,-0.086,0.924,1.0,0.893,-0.023,-0.079,-0.115,0.929,0.909,0.931,-0.09,-0.127,-0.279
7000,B1_3,-0.207,-0.171,-0.242,-0.079,0.922,0.893,1.0,-0.133,-0.166,-0.237,0.966,0.929,0.93,-0.22,-0.267,-0.448
7000,A2_1,-0.053,0.76,0.836,0.867,0.041,-0.023,-0.133,1.0,0.893,0.949,-0.07,-0.022,-0.012,0.178,0.213,0.214
7000,A2_2,-0.128,0.895,0.92,0.929,-0.034,-0.079,-0.166,0.893,1.0,0.942,-0.081,-0.115,-0.07,0.091,0.129,0.173
7000,A2_3,-0.077,0.833,0.906,0.907,-0.069,-0.115,-0.237,0.949,0.942,1.0,-0.146,-0.143,-0.105,0.158,0.205,0.239
7000,B2_1,-0.165,-0.093,-0.202,-0.036,0.976,0.929,0.966,-0.07,-0.081,-0.146,1.0,0.969,0.985,-0.243,-0.3,-0.443
7000,B2_2,-0.129,-0.137,-0.241,-0.06,0.99,0.909,0.929,-0.022,-0.115,-0.143,0.969,1.0,0.976,-0.231,-0.297,-0.415
7000,B2_3,-0.117,-0.066,-0.2,-0.028,0.988,0.931,0.93,-0.012,-0.07,-0.105,0.985,0.976,1.0,-0.261,-0.307,-0.446
7000,y1,-0.498,-0.067,0.126,0.073,-0.243,-0.09,-0.22,0.178,0.091,0.158,-0.243,-0.231,-0.261,1.0,0.981,0.918
7000,y2,-0.538,0.005,0.204,0.136,-0.3,-0.127,-0.267,0.213,0.129,0.205,-0.3,-0.297,-0.307,0.981,1.0,0.942
7000,y3,-0.468,0.047,0.259,0.166,-0.412,-0.279,-0.448,0.214,0.173,0.239,-0.443,-0.415,-0.446,0.918,0.942,1.0
7500,.,1.0,-0.35,-0.307,-0.209,0.196,0.301,0.101,-0.246,-0.005,-0.183,0.064,0.17,0.148,-0.417,-0.47,-0.559
7500,A1_1,-0.35,1.0,0.959,0.842,-0.323,-0.378,-0.349,0.916,0.845,0.895,-0.284,-0.373,-0.299,0.205,0.073,0.229
7500,A1_2,-0.307,0.959,1.0,0.771,-0.258,-0.296,-0.273,0.826,0.817,0.841,-0.264,-0.321,-0.246,0.231,0.142,0.274
7500,A1_3,-0.209,0.842,0.771,1.0,-0.202,-0.286,-0.361,0.955,0.839,0.952,-0.151,-0.303,-0.169,0.242,0.068,0.182
7500,B1_1,0.196,-0.323,-0.258,-0.202,1.0,0.965,0.915,-0.375,-0.199,-0.266,0.935,0.949,0.965,-0.181,-0.029,-0.177
7500,B1_2,0.301,-0.378,-0.296,-0.286,0.965,1.0,0.938,-0.447,-0.191,-0.302,0.926,0.959,0.959,-0.335,-0.171,-0.326
7500,B1_3,0.101,-0.349,-0.273,-0.361,0.915,0.938,1.0,-0.493,-0.219,-0.35,0.907,0.978,0.939,-0.353,-0.126,-0.287
7500,A2_1,-0.246,0.916,0.826,0.955,-0.375,-0.447,-0.493,1.0,0.827,0.932,-0.33,-0.461,-0.359,0.198,0.008,0.172
7500,A2_2,-0.005,0.845,0.817,0.839,-0.199,-0.191,-0.219,0.827,1.0,0.943,-0.172,-0.194,-0.119,0.06,-0.065,0.008
7500,A2_3,-0.183,0.895,0.841,0.952,-0.266,-0.302,-0.35,0.932,0.943,1.0,-0.209,-0.312,-0.196,0.215,0.058,0.164
7500,B2_1,0.064,-0.284,-0.264,-0.151,0.935,0.926,0.907,-0.33,-0.172,-0.209,1.0,0.942,0.966,-0.295,-0.146,-0.281
7500,B2_2,0.17,-0.373,-0.321,-0.303,0.949,0.959,0.978,-0.461,-0.194,-0.312,0.942,1.0,0.965,-0.352,-0.163,-0.326
7500,B2_3,0.148,-0.299,-0.246,-0.169,0.965,0.959,0.939,-0.359,-0.119,-0.196,0.966,0.965,1.0,-0.206,-0.03,-0.195
7500,y1,-0.417,0.205,0.231,0.242,-0.181,-0.335,-0.353,0.198,0.06,0.215,-0.295,-0.352,-0.206,1.0,0.946,0.967
7500,y2,-0.47,0.073,0.142,0.068,-0.029,-0.171,-0.126,0.008,-0.065,0.058,-0.146,-0.163,-0.03,0.946,1.0,0.967
7500,y3,-0.559,0.229,0.274,0.182,-0.177,-0.326,-0.287,0.172,0.008,0.164,-0.281,-0.326,-0.195,0.967,0.967,1.0
8000,.,1.0,-0.584,-0.514,-0.291,0.186,0.182,0.126,-0.432,-0.137,-0.208,0.013,0.133,0.001,-0.415,-0.492,-0.451
8000,A1_1,-0.584,1.0,0.931,0.72,-0.096,-0.083,-0.097,0.876,0.751,0.693,-0.051,-0.122,-0.099,0.236,0.22,0.213
8000,A1_2,-0.514,0.931,1.0,0.671,-0.184,-0.12,-0.12,0.832,0.697,0.655,-0.187,-0.216,-0.147,0.148,0.197,0.158
8000,A1_3,-0.291,0.72,0.671,1.0,-0.255,-0.269,-0.286,0.864,0.616,0.776,-0.195,-0.193,-0.234,0.082,0.159,0.183
8000,B1_1,0.186,-0.096,-0.184,-0.255,1.0,0.968,0.945,-0.228,0.011,-0.032,0.83,0.961,0.868,-0.11,-0.165,-0.242
8000,B1_2,0.182,-0.083,-0.12,-0.269,0.968,1.0,0.98,-0.251,-0.0,-0.07,0.753,0.923,0.897,-0.158,-0.221,-0.304
8000,B1_3,0.126,-0.097,-0.12,-0.286,0.945,0.98,1.0,-0.236,-0.063,-0.134,0.772,0.937,0.919,-0.192,-0.181,-0.298
8000,A2_1,-0.432,0.876,0.832,0.864,-0.228,-0.251,-0.236,1.0,0.721,0.774,-0.108,-0.189,-0.259,0.195,0.31,0.293
8000,A2_2,-0.137,0.751,0.697,0.616,0.011,-0.0,-0.063,0.721,1.0,0.879,-0.213,-0.111,-0.19,0.117,-0.033,-0.017
8000,A2_3,-0.208,0.693,0.655,0.776,-0.032,-0.07,-0.134,0.774,0.879,1.0,-0.2,-0.098,-0.186,0.142,0.091,0.089
8000,B2_1,0.013,-0.051,-0.187,-0.195,0.83,0.753,0.772,-0.108,-0.213,-0.2,1.0,0.893,0.799,-0.051,0.033,-0.037
8000,B2_2,0.133,-0.122,-0.216,-0.193,0.961,0.923,0.937,-0.189,-0.111,-0.098,0.893,1.0,0.921,-0.164,-0.128,-0.22
8000,B2_3,0.001,-0.099,-0.147,-0.234,0.868,0.897,0.919,-0.259,-0.19,-0.186,0.799,0.921,1.0,-0.307,-0.281,-0.376
8000,y1,-0.415,0.236,0.148,0.082,-0.11,-0.158,-0.192,0.195,0.117,0.142,-0.051,-0.164,-0.307,1.0,0.882,0.927
8000,y2,-0.492,0.22,0.197,0.159,-0.165,-0.221,-0.181,0.31,-0.033,0.091,0.033,-0.128,-0.281,0.882,1.0,0.97
8000,y3,-0.451,0.213,0.158,0.183,-0.242,-0.304,-0.298,0.293,-0.017,0.089,-0.037,-0.22,-0.376,0.927,0.97,1.0
8500,.,1.0,-0.327,-0.394,-0.583,0.009,0.099,-0.045,-0.554,-0.398,-0.329,-0.004,0.102,0.047,-0.324,-0.351,-0.349
8500,A1_1,-0.327,1.0,0.876,0.844,-0.006,-0.077,-0.124,0.836,0.916,0.923,-0.036,0.0,0.035,-0.207,-0.173,-0.152
8500,A1_2,-0.394,0.876,1.0,0.885,0.009,-0.116,-0.134,0.874,0.861,0.796,-0.049,-0.044,0.022,-0.098,-0.053,-0.074
8500,A1_3,-0.583,0.844,0.885,1.0,-0.11,-0.23,-0.187,0.984,0.853,0.798,-0.179,-0.179,-0.103,0.015,0.014,0.056
8500,B1_1,0.009,-0.006,0.009,-0.11,1.0,0.961,0.963,-0.137,0.163,0.155,0.961,0.972,0.989,-0.034,-0.014,-0.121
8500,B1_2,0.099,-0.077,-0.116,-0.23,0.961,1.0,0.958,-0.237,0.057,0.073,0.922,0.971,0.958,-0.082,-0.084,-0.169
8500,B1_3,-0.045,-0.124,-0.134,-0.187,0.963,0.958,1.0,-0.22,0.044,0.057,0.95,0.951,0.944,-0.012,-0.024,-0.102
8500,A2_1,-0.554,0.836,0.874,0.984,-0.137,-0.237,-0.22,1.0,0.811,0.738,-0.203,-0.193,-0.131,-0.053,-0.051,-0.007
8500,A2_2,-0.398,0.916,0.861,0.853,0.163,0.057,0.044,0.811,1.0,0.959,0.109,0.133,0.175,-0.05,-0.001,-0.01
8500,A2_3,-0.329,0.923,0.796,0.798,0.155,0.073,0.057,0.738,0.959,1.0,0.093,0.137,0.196,-0.124,-0.109,-0.096
8500,B2_1,-0.004,-0.036,-0.049,-0.179,0.961,0.922,0.95,-0.203,0.109,0.093,1.0,0.972,0.949,-0.076,-0.042,-0.154
8500,B2_2,0.102,0.0,-0.044,-0.179,0.972,0.971,0.951,-0.193,0.133,0.137,0.972,1.0,0.976,-0.137,-0.118,-0.216
8500,B2_3,0.047,0.035,0.022,-0.103,0.989,0.958,0.944,-0.131,0.175,0.196,0.949,0.976,1.0,-0.099,-0.086,-0.188
8500,y1,-0.324,-0.207,-0.098,0.015,-0.034,-0.082,-0.012,-0.053,-0.05,-0.124,-0.076,-0.137,-0.099,1.0,0.971,0.986
8500,y2,-0.351,-0.173,-0.053,0.014,-0.014,-0.084,-0.024,-0.051,-0.001,-0.109,-0.042,-0.118,-0.086,0.971,1.0,0.978
8500,y3,-0.349,-0.152,-0.074,0.056,-0.121,-0.169,-0.102,-0.007,-0.01,-0.096,-0.154,-0.216,-0.188,0.986,0.978,1.0
9000,.,1.0,-0.434,-0.398,-0.498,0.303,0.157,0.169,-0.48,-0.144,-0.031,0.311,0.352,0.323,-0.366,-0.416,-0.407
9000,A1_1,-0.434,1.0,0.916,0.925,0.06,0.136,0.142,0.875,0.756,0.661,-0.043,-0.045,-0.022,-0.016,0.064,0.004
9000,A1_2,-0.398,0.916,1.0,0.867,0.024,0.092,0.028,0.813,0.638,0.473,-0.056,-0.085,-0.077,0.048,0.099,0.055
9000,A1_3,-0.498,0.925,0.867,1.0,-0.078,0.019,0.059,0.958,0.812,0.649,-0.151,-0.155,-0.153,0.083,0.202,0.152
9000,B1_1,0.303,0.06,0.024,-0.078,1.0,0.947,0.908,-0.108,-0.045,0.144,0.832,0.886,0.891,-0.196,-0.217,-0.304
9000,B1_2,0.157,0.136,0.092,0.019,0.947,1.0,0.94,0.007,0.041,0.185,0.841,0.869,0.888,-0.12,-0.102,-0.206
9000,B1_3,0.169,0.142,0.028,0.059,0.908,0.94,1.0,0.045,0.125,0.257,0.854,0.881,0.886,-0.109,-0.068,-0.166
9000,A2_1,-0.48,0.875,0.813,0.958,-0.108,0.007,0.045,1.0,0.863,0.749,-0.242,-0.242,-0.24,-0.02,0.127,0.065
9000,A2_2,-0.144,0.756,0.638,0.812,-0.045,0.041,0.125,0.863,1.0,0.911,-0.081,-0.075,-0.067,-0.019,0.171,0.101
9000,A2_3,-0.031,0.661,0.473,0.649,0.144,0.185,0.257,0.749,0.911,1.0,-0.051,0.002,0.021,-0.168,0.005,-0.076
9000,B2_1,0.311,-0.043,-0.056,-0.151,0.832,0.841,0.854,-0.242,-0.081,-0.051,1.0,0.986,0.979,0.005,-0.005,-0.06
9000,B2_2,0.352,-0.045,-0.085,-0.155,0.886,0.869,0.881,-0.242,-0.075,0.002,0.986,1.0,0.992,-0.076,-0.08,-0.137
9000,B2_3,0.323,-0.022,-0.077,-0.153,0.891,0.888,0.886,-0.24,-0.067,0.021,0.979,0.992,1.0,-0.035,-0.041,-0.105
9000,y1,-0.366,-0.016,0.048,0.083,-0.196,-0.12,-0.109,-0.02,-0.019,-0.168,0.005,-0.076,-0.035,1.0,0.961,0.963
9000,y2,-0.416,0.064,0.099,0.202,-0.217,-0.102,-0.068,0.127,0.171,0.005,-0.005,-0.08,-0.041,0.961,1.0,0.986
9000,y3,-0.407,0.004,0.055,0.152,-0.304,-0.206,-0.166,0.065,0.101,-0.076,-0.06,-0.137,-0.105,0.963,0.986,1.0
9500,.,1.0,-0.428,-0.1,-0.191,0.207,0.226,-0.044,0.222,-0.054,0.043,-0.021,0.091,-0.01,-0.517,-0.569,-0.559
9500,A1_1,-0.428,1.0,0.84,0.849,-0.002,-0.079,-0.09,0.417,0.813,0.685,-0.052,-0.17,-0.116,0.129,0.182,0.222
9500,A1_2,-0.1,0.84,1.0,0.88,0.019,-0.044,-0.085,0.722,0.967,0.953,-0.153,-0.183,-0.128,0.016,-0.005,0.081
9500,A1_3,-0.191,0.849,0.88,1.0,-0.116,-0.178,-0.202,0.671,0.937,0.823,-0.269,-0.265,-0.235,0.13,0.12,0.281
9500,B1_1,0.207,-0.002,0.019,-0.116,1.0,0.984,0.893,0.039,-0.002,0.018,0.922,0.947,0.92,-0.321,-0.32,-0.424
9500,B1_2,0.226,-0.079,-0.044,-0.178,0.984,1.0,0.909,0.001,-0.059,-0.05,0.932,0.956,0.936,-0.321,-0.315,-0.414
9500,B1_3,-0.044,-0.09,-0.085,-0.202,0.893,0.909,1.0,-0.092,-0.132,-0.117,0.942,0.944,0.983,-0.166,-0.169,-0.244
9500,A2_1,0.222,0.417,0.722,0.671,0.039,0.001,-0.092,1.0,0.775,0.835,-0.243,-0.106,-0.123,-0.141,-0.18,-0.121
9500,A2_2,-0.054,0.813,0.967,0.937,-0.002,-0.059,-0.132,0.775,1.0,0.947,-0.213,-0.196,-0.158,0.038,0.015,0.132
9500,A2_3,0.043,0.685,0.953,0.823,0.018,-0.05,-0.117,0.835,0.947,1.0,-0.231,-0.188,-0.153,-0.04,-0.111,0.022
9500,B2_1,-0.021,-0.052,-0.153,-0.269,0.922,0.932,0.942,-0.243,-0.213,-0.231,1.0,0.954,0.961,-0.241,-0.199,-0.348
9500,B2_2,0.091,-0.17,-0.183,-0.265,0.947,0.956,0.944,-0.106,-0.196,-0.188,0.954,1.0,0.977,-0.2,-0.198,-0.332
9500,B2_3,-0.01,-0.116,-0.128,-0.235,0.92,0.936,0.983,-0.123,-0.158,-0.153,0.961,0.977,1.0,-0.17,-0.161,-0.262
9500,y1,-0.517,0.129,0.016,0.13,-0.321,-0.321,-0.166,-0.141,0.038,-0.04,-0.241,-0.2,-0.17,1.0,0.956,0.891
9500,y2,-0.569,0.182,-0.005,0.12,-0.32,-0.315,-0.169,-0.18,0.015,-0.111,-0.199,-0.198,-0.161,0.956,1.0,0.848
9500,y3,-0.559,0.222,0.081,0.281,-0.424,-0.414,-0.244,-0.121,0.132,0.022,-0.348,-0.332,-0.262,0.891,0.848,1.0
10000,.,1.0,-0.465,-0.118,-0.222,0.098,0.112,-0.167,-0.195,-0.187,-0.521,-0.042,0.069,-0.018,-0.424,-0.377,-0.485
10000,A1_1,-0.465,1.0,0.806,0.903,0.006,-0.113,-0.126,0.828,0.823,0.922,-0.078,-0.189,-0.22,0.231,0.18,0.166
10000,A1_2,-0.118,0.806,1.0,0.941,0.059,-0.04,-0.175,0.899,0.8,0.729,-0.037,-0.085,-0.184,0.086,0.007,-0.013
10000,A1_3,-0.222,0.903,0.941,1.0,0.022,-0.121,-0.203,0.915,0.865,0.855,-0.11,-0.167,-0.252,0.205,0.141,0.123
10000,B1_1,0.098,0.006,0.059,0.022,1.0,0.95,0.865,0.14,0.166,-0.055,0.91,0.921,0.882,-0.24,-0.038,-0.135
10000,B1_2,0.112,-0.113,-0.04,-0.121,0.95,1.0,0.907,-0.015,-0.009,-0.219,0.936,0.973,0.948,-0.245,-0.062,-0.177
10000,B1_3,-0.167,-0.126,-0.175,-0.203,0.865,0.907,1.0,-0.102,-0.071,-0.16,0.91,0.932,0.952,-0.23,-0.009,-0.094
10000,A2_1,-0.195,0.828,0.899,0.915,0.14,-0.015,-0.102,1.0,0.924,0.814,0.011,-0.078,-0.199,-0.002,-0.028,-0.042
10000,A2_2,-0.187,0.823,0.8,0.865,0.166,-0.009,-0.071,0.924,1.0,0.838,0.031,-0.091,-0.169,-0.111,-0.078,-0.123
10000,A2_3,-0.521,0.922,0.729,0.855,-0.055,-0.219,-0.16,0.814,0.838,1.0,-0.075,-0.288,-0.297,0.168,0.088,0.159
10000,B2_1,-0.042,-0.078,-0.037,-0.11,0.91,0.936,0.91,0.011,0.031,-0.075,1.0,0.905,0.91,-0.322,-0.164,-0.201
10000,B2_2,0.069,-0.189,-0.085,-0.167,0.921,0.973,0.932,-0.078,-0.091,-0.288,0.905,1.0,0.976,-0.216,-0.016,-0.123
10000,B2_3,-0.018,-0.22,-0.184,-0.252,0.882,0.948,0.952,-0.199,-0.169,-0.297,0.91,0.976,1.0,-0.191,0.006,-0.083
10000,y1,-0.424,0.231,0.086,0.205,-0.24,-0.245,-0.23,-0.002,-0.111,0.168,-0.322,-0.216,-0.191,1.0,0.86,0.919
10000,y2,-0.377,0.18,0.007,0.141,-0.038,-0.062,-0.009,-0.028,-0.078,0.088,-0.164,-0.016,0.006,0.86,1.0,0.945
10000,y3,-0.485,0.166,-0.013,0.123,-0.135,-0.177,-0.094,-0.042,-0.123,0.159,-0.201,-0.123,-0.083,0.919,0.945,1.0
