,,.,A1_1,A1_2,A1_3,B1_1,B1_2,B1_3,A2_1,A2_2,A2_3,B2_1,B2_2,B2_3,y1,y2,y3
0,.,1.0,0.69,0.717,0.594,0.634,0.905,0.522,0.462,0.408,0.296,0.027,0.454,0.603,0.918,0.733,0.845
0,A1_1,0.69,1.0,0.816,0.503,0.814,0.68,0.502,0.548,0.807,0.452,0.581,0.828,0.595,0.842,0.93,0.685
0,A1_2,0.717,0.816,1.0,0.658,0.729,0.664,0.615,0.737,0.835,0.697,0.533,0.863,0.843,0.735,0.724,0.681
0,A1_3,0.594,0.503,0.658,1.0,0.665,0.605,0.716,0.712,0.626,0.508,0.296,0.473,0.769,0.481,0.566,0.686
0,B1_1,0.634,0.814,0.729,0.665,1.0,0.643,0.744,0.782,0.841,0.711,0.685,0.803,0.801,0.771,0.864,0.852
0,B1_2,0.905,0.68,0.664,0.605,0.643,1.0,0.534,0.503,0.453,0.385,0.127,0.428,0.643,0.85,0.75,0.774
0,B1_3,0.522,0.502,0.615,0.716,0.744,0.534,1.0,0.869,0.644,0.623,0.418,0.636,0.721,0.512,0.613,0.832
0,A2_1,0.462,0.548,0.737,0.712,0.782,0.503,0.869,1.0,0.774,0.802,0.533,0.691,0.827,0.475,0.648,0.739
0,A2_2,0.408,0.807,0.835,0.626,0.841,0.453,0.644,0.774,1.0,0.752,0.799,0.939,0.779,0.56,0.756,0.591
0,A2_3,0.296,0.452,0.697,0.508,0.711,0.385,0.623,0.802,0.752,1.0,0.774,0.729,0.908,0.345,0.399,0.515
0,B2_1,0.027,0.581,0.533,0.296,0.685,0.127,0.418,0.533,0.799,0.774,1.0,0.805,0.627,0.273,0.44,0.273
0,B2_2,0.454,0.828,0.863,0.473,0.803,0.428,0.636,0.691,0.939,0.729,0.805,1.0,0.742,0.63,0.717,0.601
0,B2_3,0.603,0.595,0.843,0.769,0.801,0.643,0.721,0.827,0.779,0.908,0.627,0.742,1.0,0.585,0.567,0.715
0,y1,0.918,0.842,0.735,0.481,0.771,0.85,0.512,0.475,0.56,0.345,0.273,0.63,0.585,1.0,0.873,0.824
0,y2,0.733,0.93,0.724,0.566,0.864,0.75,0.613,0.648,0.756,0.399,0.44,0.717,0.567,0.873,1.0,0.801
0,y3,0.845,0.685,0.681,0.686,0.852,0.774,0.832,0.739,0.591,0.515,0.273,0.601,0.715,0.824,0.801,1.0
500,.,1.0,-0.078,-0.067,-0.147,-0.412,-0.358,-0.404,-0.227,-0.203,-0.225,-0.415,-0.409,-0.385,-0.318,-0.289,-0.325
500,A1_1,-0.078,1.0,0.986,0.979,-0.145,-0.075,-0.122,0.972,0.964,0.954,-0.025,0.053,0.019,-0.543,-0.581,-0.548
500,A1_2,-0.067,0.986,1.0,0.973,-0.192,-0.126,-0.157,0.957,0.945,0.924,-0.084,-0.014,-0.035,-0.592,-0.622,-0.594
500,A1_3,-0.147,0.979,0.973,1.0,-0.084,-0.016,-0.073,0.979,0.993,0.979,0.033,0.11,0.076,-0.594,-0.63,-0.6
500,B1_1,-0.412,-0.145,-0.192,-0.084,1.0,0.989,0.993,-0.051,-0.041,0.005,0.986,0.959,0.974,0.03,-0.008,0.008
500,B1_2,-0.358,-0.075,-0.126,-0.016,0.989,1.0,0.978,-0.004,0.025,0.062,0.993,0.981,0.991,-0.042,-0.09,-0.068
500,B1_3,-0.404,-0.122,-0.157,-0.073,0.993,0.978,1.0,-0.032,-0.039,0.007,0.973,0.941,0.965,0.013,-0.022,-0.006
500,A2_1,-0.227,0.972,0.957,0.979,-0.051,-0.004,-0.032,1.0,0.98,0.987,0.06,0.129,0.096,-0.528,-0.558,-0.53
500,A2_2,-0.203,0.964,0.945,0.993,-0.041,0.025,-0.039,0.98,1.0,0.992,0.081,0.162,0.121,-0.568,-0.606,-0.575
500,A2_3,-0.225,0.954,0.924,0.979,0.005,0.062,0.007,0.987,0.992,1.0,0.125,0.201,0.16,-0.544,-0.582,-0.551
500,B2_1,-0.415,-0.025,-0.084,0.033,0.986,0.993,0.973,0.06,0.081,0.125,1.0,0.992,0.994,-0.034,-0.082,-0.058
500,B2_2,-0.409,0.053,-0.014,0.11,0.959,0.981,0.941,0.129,0.162,0.201,0.992,1.0,0.993,-0.08,-0.135,-0.106
500,B2_3,-0.385,0.019,-0.035,0.076,0.974,0.991,0.965,0.096,0.121,0.16,0.994,0.993,1.0,-0.099,-0.147,-0.123
500,y1,-0.318,-0.543,-0.592,-0.594,0.03,-0.042,0.013,-0.528,-0.568,-0.544,-0.034,-0.08,-0.099,1.0,0.993,0.998
500,y2,-0.289,-0.581,-0.622,-0.63,-0.008,-0.09,-0.022,-0.558,-0.606,-0.582,-0.082,-0.135,-0.147,0.993,1.0,0.997
500,y3,-0.325,-0.548,-0.594,-0.6,0.008,-0.068,-0.006,-0.53,-0.575,-0.551,-0.058,-0.106,-0.123,0.998,0.997,1.0
1000,.,1.0,-0.057,-0.112,-0.171,-0.385,-0.328,-0.376,-0.205,-0.19,-0.17,-0.341,-0.317,-0.311,-0.157,-0.156,-0.171
1000,A1_1,-0.057,1.0,0.983,0.968,0.008,0.091,0.048,0.965,0.97,0.974,0.19,0.305,0.269,-0.62,-0.637,-0.635
1000,A1_2,-0.112,0.983,1.0,0.995,0.027,0.101,0.057,0.963,0.994,0.974,0.191,0.299,0.269,-0.645,-0.66,-0.658
1000,A1_3,-0.171,0.968,0.995,1.0,0.073,0.142,0.102,0.966,0.999,0.976,0.228,0.327,0.3,-0.631,-0.646,-0.644
1000,B1_1,-0.385,0.008,0.027,0.073,1.0,0.992,0.995,0.056,0.07,0.075,0.977,0.935,0.951,-0.108,-0.146,-0.135
1000,B1_2,-0.328,0.091,0.101,0.142,0.992,1.0,0.994,0.123,0.136,0.149,0.991,0.96,0.975,-0.155,-0.198,-0.186
1000,B1_3,-0.376,0.048,0.057,0.102,0.995,0.994,1.0,0.105,0.1,0.124,0.982,0.942,0.957,-0.145,-0.184,-0.173
1000,A2_1,-0.205,0.965,0.963,0.966,0.056,0.123,0.105,1.0,0.971,0.996,0.213,0.304,0.272,-0.667,-0.678,-0.676
1000,A2_2,-0.19,0.97,0.994,0.999,0.07,0.136,0.1,0.971,1.0,0.978,0.226,0.327,0.297,-0.637,-0.651,-0.648
1000,A2_3,-0.17,0.974,0.974,0.976,0.075,0.149,0.124,0.996,0.978,1.0,0.238,0.332,0.301,-0.666,-0.681,-0.678
1000,B2_1,-0.341,0.19,0.191,0.228,0.977,0.991,0.982,0.213,0.226,0.238,1.0,0.988,0.994,-0.21,-0.252,-0.24
1000,B2_2,-0.317,0.305,0.299,0.327,0.935,0.96,0.942,0.304,0.327,0.332,0.988,1.0,0.998,-0.267,-0.31,-0.297
1000,B2_3,-0.311,0.269,0.269,0.3,0.951,0.975,0.957,0.272,0.297,0.301,0.994,0.998,1.0,-0.252,-0.295,-0.283
1000,y1,-0.157,-0.62,-0.645,-0.631,-0.108,-0.155,-0.145,-0.667,-0.637,-0.666,-0.21,-0.267,-0.252,1.0,0.998,0.998
1000,y2,-0.156,-0.637,-0.66,-0.646,-0.146,-0.198,-0.184,-0.678,-0.651,-0.681,-0.252,-0.31,-0.295,0.998,1.0,0.999
1000,y3,-0.171,-0.635,-0.658,-0.644,-0.135,-0.186,-0.173,-0.676,-0.648,-0.678,-0.24,-0.297,-0.283,0.998,0.999,1.0
1500,.,1.0,-0.071,-0.067,-0.161,-0.464,-0.48,-0.468,-0.194,-0.238,-0.104,-0.499,-0.488,-0.486,-0.412,-0.262,-0.427
1500,A1_1,-0.071,1.0,0.977,0.951,-0.119,-0.049,-0.05,0.98,0.961,0.995,0.065,0.16,0.259,-0.403,-0.442,-0.391
1500,A1_2,-0.067,0.977,1.0,0.986,-0.138,-0.078,-0.073,0.96,0.929,0.984,0.033,0.123,0.234,-0.487,-0.52,-0.471
1500,A1_3,-0.161,0.951,0.986,1.0,-0.065,-0.014,-0.006,0.957,0.923,0.962,0.09,0.162,0.287,-0.479,-0.525,-0.458
1500,B1_1,-0.464,-0.119,-0.138,-0.065,1.0,0.975,0.993,-0.03,-0.008,-0.117,0.905,0.87,0.864,-0.0,-0.124,-0.031
1500,B1_2,-0.48,-0.049,-0.078,-0.014,0.975,1.0,0.993,0.041,0.067,-0.045,0.969,0.947,0.928,0.027,-0.096,0.007
1500,B1_3,-0.468,-0.05,-0.073,-0.006,0.993,0.993,1.0,0.037,0.058,-0.048,0.947,0.92,0.914,-0.008,-0.135,-0.036
1500,A2_1,-0.194,0.98,0.96,0.957,-0.03,0.041,0.037,1.0,0.99,0.987,0.154,0.231,0.331,-0.396,-0.449,-0.372
1500,A2_2,-0.238,0.961,0.929,0.923,-0.008,0.067,0.058,0.99,1.0,0.972,0.173,0.255,0.331,-0.358,-0.41,-0.332
1500,A2_3,-0.104,0.995,0.984,0.962,-0.117,-0.045,-0.048,0.987,0.972,1.0,0.071,0.165,0.26,-0.423,-0.463,-0.405
1500,B2_1,-0.499,0.065,0.033,0.09,0.905,0.969,0.947,0.154,0.173,0.071,1.0,0.974,0.967,0.057,-0.066,0.038
1500,B2_2,-0.488,0.16,0.123,0.162,0.87,0.947,0.92,0.231,0.255,0.165,0.974,1.0,0.972,-0.01,-0.137,-0.024
1500,B2_3,-0.486,0.259,0.234,0.287,0.864,0.928,0.914,0.331,0.331,0.26,0.967,0.972,1.0,-0.094,-0.235,-0.116
1500,y1,-0.412,-0.403,-0.487,-0.479,-0.0,0.027,-0.008,-0.396,-0.358,-0.423,0.057,-0.01,-0.094,1.0,0.981,0.992
1500,y2,-0.262,-0.442,-0.52,-0.525,-0.124,-0.096,-0.135,-0.449,-0.41,-0.463,-0.066,-0.137,-0.235,0.981,1.0,0.978
1500,y3,-0.427,-0.391,-0.471,-0.458,-0.031,0.007,-0.036,-0.372,-0.332,-0.405,0.038,-0.024,-0.116,0.992,0.978,1.0
2000,.,1.0,-0.046,0.012,-0.053,-0.507,-0.496,-0.498,-0.091,-0.16,-0.065,-0.479,-0.504,-0.475,-0.45,-0.243,-0.247
2000,A1_1,-0.046,1.0,0.98,0.988,0.161,0.106,0.103,0.99,0.986,0.993,0.206,0.219,0.326,-0.446,-0.452,-0.33
2000,A1_2,0.012,0.98,1.0,0.991,0.045,-0.001,-0.002,0.987,0.958,0.987,0.091,0.108,0.239,-0.5,-0.466,-0.342
2000,A1_3,-0.053,0.988,0.991,1.0,0.094,0.04,0.039,0.991,0.979,0.992,0.138,0.151,0.262,-0.475,-0.468,-0.352
2000,B1_1,-0.507,0.161,0.045,0.094,1.0,0.992,0.989,0.123,0.195,0.147,0.995,0.988,0.932,0.142,-0.135,-0.121
2000,B1_2,-0.496,0.106,-0.001,0.04,0.992,1.0,0.996,0.073,0.136,0.094,0.981,0.973,0.925,0.166,-0.088,-0.074
2000,B1_3,-0.498,0.103,-0.002,0.039,0.989,0.996,1.0,0.074,0.136,0.094,0.977,0.973,0.932,0.161,-0.095,-0.071
2000,A2_1,-0.091,0.99,0.987,0.991,0.123,0.073,0.074,1.0,0.988,0.995,0.164,0.181,0.306,-0.472,-0.464,-0.33
2000,A2_2,-0.16,0.986,0.958,0.979,0.195,0.136,0.136,0.988,1.0,0.989,0.238,0.25,0.347,-0.447,-0.485,-0.358
2000,A2_3,-0.065,0.993,0.987,0.992,0.147,0.094,0.094,0.995,0.989,1.0,0.194,0.208,0.323,-0.49,-0.499,-0.371
2000,B2_1,-0.479,0.206,0.091,0.138,0.995,0.981,0.977,0.164,0.238,0.194,1.0,0.994,0.941,0.112,-0.174,-0.154
2000,B2_2,-0.504,0.219,0.108,0.151,0.988,0.973,0.973,0.181,0.25,0.208,0.994,1.0,0.965,0.135,-0.141,-0.114
2000,B2_3,-0.475,0.326,0.239,0.262,0.932,0.925,0.932,0.306,0.347,0.323,0.941,0.965,1.0,0.107,-0.117,-0.039
2000,y1,-0.45,-0.446,-0.5,-0.475,0.142,0.166,0.161,-0.472,-0.447,-0.49,0.112,0.135,0.107,1.0,0.917,0.888
2000,y2,-0.243,-0.452,-0.466,-0.468,-0.135,-0.088,-0.095,-0.464,-0.485,-0.499,-0.174,-0.141,-0.117,0.917,1.0,0.965
2000,y3,-0.247,-0.33,-0.342,-0.352,-0.121,-0.074,-0.071,-0.33,-0.358,-0.371,-0.154,-0.114,-0.039,0.888,0.965,1.0
2500,.,1.0,-0.048,0.149,-0.075,-0.453,-0.438,-0.483,-0.06,-0.088,-0.015,-0.487,-0.471,-0.441,0.004,0.081,0.067
2500,A1_1,-0.048,1.0,0.914,0.996,0.491,0.49,0.42,0.997,0.996,0.984,0.436,0.451,0.485,-0.137,-0.064,-0.164
2500,A1_2,0.149,0.914,1.0,0.914,0.327,0.319,0.249,0.922,0.894,0.953,0.272,0.285,0.316,0.032,0.137,0.034
2500,A1_3,-0.075,0.996,0.914,1.0,0.454,0.449,0.386,0.998,0.994,0.982,0.401,0.415,0.446,-0.123,-0.049,-0.148
2500,B1_1,-0.453,0.491,0.327,0.454,1.0,0.997,0.99,0.474,0.496,0.442,0.995,0.998,0.998,0.135,0.097,0.033
2500,B1_2,-0.438,0.49,0.319,0.449,0.997,1.0,0.984,0.472,0.496,0.441,0.989,0.994,0.999,0.103,0.062,-0.004
2500,B1_3,-0.483,0.42,0.249,0.386,0.99,0.984,1.0,0.406,0.431,0.373,0.996,0.995,0.988,0.108,0.071,0.011
2500,A2_1,-0.06,0.997,0.922,0.998,0.474,0.472,0.406,1.0,0.997,0.991,0.422,0.437,0.468,-0.136,-0.059,-0.164
2500,A2_2,-0.088,0.996,0.894,0.994,0.496,0.496,0.431,0.997,1.0,0.981,0.446,0.46,0.493,-0.184,-0.113,-0.215
2500,A2_3,-0.015,0.984,0.953,0.982,0.442,0.441,0.373,0.991,0.981,1.0,0.391,0.406,0.438,-0.114,-0.025,-0.137
2500,B2_1,-0.487,0.436,0.272,0.401,0.995,0.989,0.996,0.422,0.446,0.391,1.0,0.999,0.993,0.125,0.086,0.031
2500,B2_2,-0.471,0.451,0.285,0.415,0.998,0.994,0.995,0.437,0.46,0.406,0.999,1.0,0.997,0.121,0.082,0.022
2500,B2_3,-0.441,0.485,0.316,0.446,0.998,0.999,0.988,0.468,0.493,0.438,0.993,0.997,1.0,0.112,0.073,0.007
2500,y1,0.004,-0.137,0.032,-0.123,0.135,0.103,0.108,-0.136,-0.184,-0.114,0.125,0.121,0.112,1.0,0.985,0.982
2500,y2,0.081,-0.064,0.137,-0.049,0.097,0.062,0.071,-0.059,-0.113,-0.025,0.086,0.082,0.073,0.985,1.0,0.982
2500,y3,0.067,-0.164,0.034,-0.148,0.033,-0.004,0.011,-0.164,-0.215,-0.137,0.031,0.022,0.007,0.982,0.982,1.0
3000,.,1.0,0.172,0.332,0.293,-0.463,-0.407,-0.472,0.196,0.172,0.275,-0.449,-0.407,-0.417,-0.189,-0.199,-0.212
3000,A1_1,0.172,1.0,0.912,0.817,0.265,0.358,0.337,0.955,0.956,0.862,0.144,0.28,0.18,-0.096,-0.098,-0.079
3000,A1_2,0.332,0.912,1.0,0.972,0.066,0.15,0.153,0.978,0.957,0.98,-0.05,0.069,-0.025,-0.08,-0.085,-0.095
3000,A1_3,0.293,0.817,0.972,1.0,-0.05,0.023,0.035,0.945,0.916,0.99,-0.155,-0.053,-0.136,-0.103,-0.11,-0.133
3000,B1_1,-0.463,0.265,0.066,-0.05,1.0,0.985,0.975,0.143,0.145,-0.017,0.976,0.988,0.97,0.392,0.414,0.441
3000,B1_2,-0.407,0.358,0.15,0.023,0.985,1.0,0.971,0.225,0.241,0.071,0.939,0.988,0.948,0.348,0.37,0.4
3000,B1_3,-0.472,0.337,0.153,0.035,0.975,0.971,1.0,0.224,0.23,0.073,0.908,0.942,0.894,0.409,0.426,0.452
3000,A2_1,0.196,0.955,0.978,0.945,0.143,0.225,0.224,1.0,0.983,0.964,0.025,0.145,0.052,-0.119,-0.122,-0.123
3000,A2_2,0.172,0.956,0.957,0.916,0.145,0.241,0.23,0.983,1.0,0.954,0.018,0.155,0.052,-0.183,-0.186,-0.182
3000,A2_3,0.275,0.862,0.98,0.99,-0.017,0.071,0.073,0.964,0.954,1.0,-0.135,-0.013,-0.108,-0.164,-0.171,-0.187
3000,B2_1,-0.449,0.144,-0.05,-0.155,0.976,0.939,0.908,0.025,0.018,-0.135,1.0,0.976,0.994,0.369,0.394,0.419
3000,B2_2,-0.407,0.28,0.069,-0.053,0.988,0.988,0.942,0.145,0.155,-0.013,0.976,1.0,0.986,0.34,0.365,0.395
3000,B2_3,-0.417,0.18,-0.025,-0.136,0.97,0.948,0.894,0.052,0.052,-0.108,0.994,0.986,1.0,0.339,0.366,0.394
3000,y1,-0.189,-0.096,-0.08,-0.103,0.392,0.348,0.409,-0.119,-0.183,-0.164,0.369,0.34,0.339,1.0,0.998,0.996
3000,y2,-0.199,-0.098,-0.085,-0.11,0.414,0.37,0.426,-0.122,-0.186,-0.171,0.394,0.365,0.366,0.998,1.0,0.997
3000,y3,-0.212,-0.079,-0.095,-0.133,0.441,0.4,0.452,-0.123,-0.182,-0.187,0.419,0.395,0.394,0.996,0.997,1.0
3500,.,1.0,0.116,0.155,0.098,-0.661,-0.597,-0.627,0.066,0.101,0.039,-0.608,-0.607,-0.597,-0.071,-0.072,-0.04
3500,A1_1,0.116,1.0,0.967,0.991,0.219,0.113,0.145,0.975,0.991,0.94,0.176,0.223,0.206,0.221,0.172,0.205
3500,A1_2,0.155,0.967,1.0,0.986,0.277,0.214,0.227,0.942,0.946,0.916,0.275,0.322,0.305,0.179,0.122,0.151
3500,A1_3,0.098,0.991,0.986,1.0,0.268,0.177,0.204,0.968,0.975,0.939,0.238,0.284,0.269,0.194,0.139,0.169
3500,B1_1,-0.661,0.219,0.277,0.268,1.0,0.975,0.989,0.225,0.157,0.238,0.983,0.974,0.98,0.405,0.361,0.333
3500,B1_2,-0.597,0.113,0.214,0.177,0.975,1.0,0.994,0.122,0.051,0.142,0.991,0.97,0.988,0.323,0.282,0.252
3500,B1_3,-0.627,0.145,0.227,0.204,0.989,0.994,1.0,0.153,0.082,0.169,0.987,0.967,0.982,0.342,0.299,0.268
3500,A2_1,0.066,0.975,0.942,0.968,0.225,0.122,0.153,1.0,0.975,0.991,0.183,0.229,0.213,0.141,0.078,0.11
3500,A2_2,0.101,0.991,0.946,0.975,0.157,0.051,0.082,0.975,1.0,0.941,0.115,0.166,0.146,0.142,0.099,0.134
3500,A2_3,0.039,0.94,0.916,0.939,0.238,0.142,0.169,0.991,0.941,1.0,0.202,0.248,0.235,0.091,0.019,0.051
3500,B2_1,-0.608,0.176,0.275,0.238,0.983,0.991,0.987,0.183,0.115,0.202,1.0,0.994,0.998,0.351,0.308,0.281
3500,B2_2,-0.607,0.223,0.322,0.284,0.974,0.97,0.967,0.229,0.166,0.248,0.994,1.0,0.993,0.367,0.322,0.299
3500,B2_3,-0.597,0.206,0.305,0.269,0.98,0.988,0.982,0.213,0.146,0.235,0.998,0.993,1.0,0.344,0.299,0.275
3500,y1,-0.071,0.221,0.179,0.194,0.405,0.323,0.342,0.141,0.142,0.091,0.351,0.367,0.344,1.0,0.994,0.993
3500,y2,-0.072,0.172,0.122,0.139,0.361,0.282,0.299,0.078,0.099,0.019,0.308,0.322,0.299,0.994,1.0,0.999
3500,y3,-0.04,0.205,0.151,0.169,0.333,0.252,0.268,0.11,0.134,0.051,0.281,0.299,0.275,0.993,0.999,1.0
4000,.,1.0,-0.035,-0.048,-0.053,-0.491,-0.471,-0.462,-0.041,-0.072,-0.052,-0.461,-0.456,-0.457,-0.67,-0.663,-0.662
4000,A1_1,-0.035,1.0,0.876,0.957,0.036,0.024,0.051,0.993,0.964,0.936,0.055,0.049,0.058,-0.037,-0.024,-0.017
4000,A1_2,-0.048,0.876,1.0,0.914,-0.016,-0.004,0.02,0.889,0.956,0.968,0.022,0.024,0.031,0.129,0.141,0.148
4000,A1_3,-0.053,0.957,0.914,1.0,-0.071,-0.087,-0.057,0.938,0.938,0.909,-0.052,-0.059,-0.049,0.004,0.014,0.03
4000,B1_1,-0.491,0.036,-0.016,-0.071,1.0,0.989,0.989,0.078,0.099,0.087,0.989,0.985,0.985,0.387,0.34,0.337
4000,B1_2,-0.471,0.024,-0.004,-0.087,0.989,1.0,0.992,0.074,0.098,0.104,0.99,0.992,0.991,0.359,0.309,0.307
4000,B1_3,-0.462,0.051,0.02,-0.057,0.989,0.992,1.0,0.097,0.12,0.121,1.0,1.0,1.0,0.38,0.333,0.331
4000,A2_1,-0.041,0.993,0.889,0.938,0.078,0.074,0.097,1.0,0.978,0.957,0.1,0.097,0.105,-0.048,-0.035,-0.031
4000,A2_2,-0.072,0.964,0.956,0.938,0.099,0.098,0.12,0.978,1.0,0.991,0.123,0.121,0.129,0.065,0.078,0.081
4000,A2_3,-0.052,0.936,0.968,0.909,0.087,0.104,0.121,0.957,0.991,1.0,0.122,0.126,0.132,0.073,0.085,0.088
4000,B2_1,-0.461,0.055,0.022,-0.052,0.989,0.99,1.0,0.1,0.123,0.122,1.0,0.999,0.999,0.387,0.339,0.338
4000,B2_2,-0.456,0.049,0.024,-0.059,0.985,0.992,1.0,0.097,0.121,0.126,0.999,1.0,1.0,0.377,0.329,0.327
4000,B2_3,-0.457,0.058,0.031,-0.049,0.985,0.991,1.0,0.105,0.129,0.132,0.999,1.0,1.0,0.379,0.331,0.33
4000,y1,-0.67,-0.037,0.129,0.004,0.387,0.359,0.38,-0.048,0.065,0.073,0.387,0.377,0.379,1.0,0.995,0.996
4000,y2,-0.663,-0.024,0.141,0.014,0.34,0.309,0.333,-0.035,0.078,0.085,0.339,0.329,0.331,0.995,1.0,0.998
4000,y3,-0.662,-0.017,0.148,0.03,0.337,0.307,0.331,-0.031,0.081,0.088,0.338,0.327,0.33,0.996,0.998,1.0
4500,.,1.0,-0.356,-0.184,-0.171,-0.651,-0.597,-0.594,-0.409,-0.36,-0.201,-0.603,-0.599,-0.62,-0.413,-0.563,-0.484
4500,A1_1,-0.356,1.0,0.867,0.919,0.259,0.18,0.21,0.991,0.969,0.837,0.234,0.233,0.241,-0.093,0.043,-0.013
4500,A1_2,-0.184,0.867,1.0,0.963,0.217,0.144,0.165,0.836,0.927,0.988,0.184,0.19,0.212,-0.065,0.049,-0.001
4500,A1_3,-0.171,0.919,0.963,1.0,0.126,0.039,0.077,0.886,0.949,0.943,0.1,0.099,0.106,-0.058,0.039,0.002
4500,B1_1,-0.651,0.259,0.217,0.126,1.0,0.982,0.984,0.275,0.287,0.229,0.988,0.987,0.995,0.251,0.401,0.275
4500,B1_2,-0.597,0.18,0.144,0.039,0.982,1.0,0.995,0.2,0.208,0.16,0.992,0.994,0.991,0.15,0.311,0.179
4500,B1_3,-0.594,0.21,0.165,0.077,0.984,0.995,1.0,0.228,0.236,0.178,0.999,0.999,0.989,0.184,0.341,0.208
4500,A2_1,-0.409,0.991,0.836,0.886,0.275,0.2,0.228,1.0,0.969,0.811,0.248,0.248,0.259,-0.138,0.004,-0.062
4500,A2_2,-0.36,0.969,0.927,0.949,0.287,0.208,0.236,0.969,1.0,0.923,0.257,0.259,0.272,-0.096,0.04,-0.032
4500,A2_3,-0.201,0.837,0.988,0.943,0.229,0.16,0.178,0.811,0.923,1.0,0.197,0.204,0.225,-0.044,0.072,0.013
4500,B2_1,-0.603,0.234,0.184,0.1,0.988,0.992,0.999,0.248,0.257,0.197,1.0,0.999,0.99,0.216,0.373,0.24
4500,B2_2,-0.599,0.233,0.19,0.099,0.987,0.994,0.999,0.248,0.259,0.204,0.999,1.0,0.992,0.197,0.355,0.221
4500,B2_3,-0.62,0.241,0.212,0.106,0.995,0.991,0.989,0.259,0.272,0.225,0.99,0.992,1.0,0.203,0.355,0.225
4500,y1,-0.413,-0.093,-0.065,-0.058,0.251,0.15,0.184,-0.138,-0.096,-0.044,0.216,0.197,0.203,1.0,0.967,0.984
4500,y2,-0.563,0.043,0.049,0.039,0.401,0.311,0.341,0.004,0.04,0.072,0.373,0.355,0.355,0.967,1.0,0.983
4500,y3,-0.484,-0.013,-0.001,0.002,0.275,0.179,0.208,-0.062,-0.032,0.013,0.24,0.221,0.225,0.984,0.983,1.0
5000,.,1.0,-0.065,-0.156,-0.263,-0.597,-0.592,-0.599,-0.259,-0.23,-0.077,-0.619,-0.613,-0.619,-0.343,-0.474,-0.475
5000,A1_1,-0.065,1.0,0.959,0.918,0.076,0.084,0.092,0.918,0.932,0.986,0.072,0.08,0.12,0.053,-0.065,0.007
5000,A1_2,-0.156,0.959,1.0,0.972,0.029,0.04,0.048,0.979,0.987,0.986,0.026,0.035,0.076,-0.091,-0.184,-0.123
5000,A1_3,-0.263,0.918,0.972,1.0,0.072,0.077,0.085,0.997,0.997,0.94,0.063,0.073,0.111,-0.107,-0.171,-0.117
5000,B1_1,-0.597,0.076,0.029,0.072,1.0,0.996,0.991,0.07,0.056,0.007,0.989,0.985,0.983,0.176,0.3,0.376
5000,B1_2,-0.592,0.084,0.04,0.077,0.996,1.0,0.999,0.078,0.064,0.017,0.995,0.995,0.993,0.171,0.295,0.37
5000,B1_3,-0.599,0.092,0.048,0.085,0.991,0.999,1.0,0.087,0.073,0.025,0.996,0.998,0.997,0.186,0.308,0.383
5000,A2_1,-0.259,0.918,0.979,0.997,0.07,0.078,0.087,1.0,0.998,0.947,0.065,0.075,0.115,-0.107,-0.169,-0.114
5000,A2_2,-0.23,0.932,0.987,0.997,0.056,0.064,0.073,0.998,1.0,0.957,0.051,0.061,0.1,-0.117,-0.19,-0.133
5000,A2_3,-0.077,0.986,0.986,0.94,0.007,0.017,0.025,0.947,0.957,1.0,0.004,0.011,0.053,0.009,-0.105,-0.04
5000,B2_1,-0.619,0.072,0.026,0.063,0.989,0.995,0.996,0.065,0.051,0.004,1.0,0.995,0.997,0.203,0.333,0.404
5000,B2_2,-0.613,0.08,0.035,0.073,0.985,0.995,0.998,0.075,0.061,0.011,0.995,1.0,0.997,0.2,0.321,0.393
5000,B2_3,-0.619,0.12,0.076,0.111,0.983,0.993,0.997,0.115,0.1,0.053,0.997,0.997,1.0,0.208,0.33,0.405
5000,y1,-0.343,0.053,-0.091,-0.107,0.176,0.171,0.186,-0.107,-0.117,0.009,0.203,0.2,0.208,1.0,0.965,0.964
5000,y2,-0.474,-0.065,-0.184,-0.171,0.3,0.295,0.308,-0.169,-0.19,-0.105,0.333,0.321,0.33,0.965,1.0,0.991
5000,y3,-0.475,0.007,-0.123,-0.117,0.376,0.37,0.383,-0.114,-0.133,-0.04,0.404,0.393,0.405,0.964,0.991,1.0
5500,.,1.0,-0.408,-0.578,-0.526,-0.607,-0.617,-0.624,-0.202,-0.202,-0.484,-0.643,-0.625,-0.595,0.201,0.188,0.226
5500,A1_1,-0.408,1.0,0.93,0.931,0.501,0.401,0.459,0.95,0.951,0.981,0.435,0.3,0.329,-0.51,-0.506,-0.51
5500,A1_2,-0.578,0.93,1.0,0.962,0.55,0.459,0.527,0.818,0.809,0.981,0.503,0.372,0.406,-0.623,-0.626,-0.627
5500,A1_3,-0.526,0.931,0.962,1.0,0.545,0.457,0.519,0.85,0.849,0.953,0.506,0.39,0.415,-0.544,-0.536,-0.544
5500,B1_1,-0.607,0.501,0.55,0.545,1.0,0.923,0.994,0.415,0.421,0.529,0.992,0.901,0.927,-0.488,-0.409,-0.469
5500,B1_2,-0.617,0.401,0.459,0.457,0.923,1.0,0.899,0.312,0.318,0.429,0.936,0.983,0.986,-0.523,-0.464,-0.521
5500,B1_3,-0.624,0.459,0.527,0.519,0.994,0.899,1.0,0.359,0.367,0.495,0.994,0.891,0.917,-0.447,-0.362,-0.421
5500,A2_1,-0.202,0.95,0.818,0.85,0.415,0.312,0.359,1.0,0.998,0.906,0.33,0.192,0.225,-0.445,-0.451,-0.449
5500,A2_2,-0.202,0.951,0.809,0.849,0.421,0.318,0.367,0.998,1.0,0.9,0.34,0.205,0.236,-0.43,-0.431,-0.429
5500,A2_3,-0.484,0.981,0.981,0.953,0.529,0.429,0.495,0.906,0.9,1.0,0.467,0.327,0.363,-0.589,-0.592,-0.592
5500,B2_1,-0.643,0.435,0.503,0.506,0.992,0.936,0.994,0.33,0.34,0.467,1.0,0.935,0.953,-0.442,-0.359,-0.42
5500,B2_2,-0.625,0.3,0.372,0.39,0.901,0.983,0.891,0.192,0.205,0.327,0.935,1.0,0.994,-0.424,-0.352,-0.41
5500,B2_3,-0.595,0.329,0.406,0.415,0.927,0.986,0.917,0.225,0.236,0.363,0.953,0.994,1.0,-0.486,-0.412,-0.469
5500,y1,0.201,-0.51,-0.623,-0.544,-0.488,-0.523,-0.447,-0.445,-0.43,-0.589,-0.442,-0.424,-0.486,1.0,0.987,0.981
5500,y2,0.188,-0.506,-0.626,-0.536,-0.409,-0.464,-0.362,-0.451,-0.431,-0.592,-0.359,-0.352,-0.412,0.987,1.0,0.992
5500,y3,0.226,-0.51,-0.627,-0.544,-0.469,-0.521,-0.421,-0.449,-0.429,-0.592,-0.42,-0.41,-0.469,0.981,0.992,1.0
6000,.,1.0,0.174,0.244,-0.189,-0.725,-0.672,-0.73,-0.303,-0.609,-0.574,-0.413,-0.594,-0.486,-0.127,-0.175,-0.13
6000,A1_1,0.174,1.0,0.97,0.696,-0.095,-0.135,-0.149,0.647,0.274,0.35,0.264,0.121,0.185,-0.264,-0.437,-0.346
6000,A1_2,0.244,0.97,1.0,0.72,-0.147,-0.176,-0.198,0.662,0.27,0.357,0.233,0.067,0.143,-0.396,-0.571,-0.477
6000,A1_3,-0.189,0.696,0.72,1.0,0.247,0.18,0.189,0.976,0.707,0.746,0.45,0.329,0.388,-0.229,-0.395,-0.335
6000,B1_1,-0.725,-0.095,-0.147,0.247,1.0,0.991,0.995,0.283,0.55,0.411,0.81,0.925,0.876,-0.037,-0.019,-0.085
6000,B1_2,-0.672,-0.135,-0.176,0.18,0.991,1.0,0.991,0.215,0.491,0.353,0.824,0.937,0.891,-0.099,-0.074,-0.143
6000,B1_3,-0.73,-0.149,-0.198,0.189,0.995,0.991,1.0,0.225,0.518,0.371,0.772,0.902,0.846,-0.026,-0.002,-0.066
6000,A2_1,-0.303,0.647,0.662,0.976,0.283,0.215,0.225,1.0,0.811,0.862,0.496,0.369,0.43,-0.262,-0.388,-0.357
6000,A2_2,-0.609,0.274,0.27,0.707,0.55,0.491,0.518,0.811,1.0,0.967,0.59,0.515,0.567,-0.306,-0.289,-0.36
6000,A2_3,-0.574,0.35,0.357,0.746,0.411,0.353,0.371,0.862,0.967,1.0,0.532,0.437,0.49,-0.367,-0.367,-0.414
6000,B2_1,-0.413,0.264,0.233,0.45,0.81,0.824,0.772,0.496,0.59,0.532,1.0,0.945,0.99,-0.41,-0.42,-0.47
6000,B2_2,-0.594,0.121,0.067,0.329,0.925,0.937,0.902,0.369,0.515,0.437,0.945,1.0,0.978,-0.235,-0.248,-0.288
6000,B2_3,-0.486,0.185,0.143,0.388,0.876,0.891,0.846,0.43,0.567,0.49,0.99,0.978,1.0,-0.35,-0.353,-0.407
6000,y1,-0.127,-0.264,-0.396,-0.229,-0.037,-0.099,-0.026,-0.262,-0.306,-0.367,-0.41,-0.235,-0.35,1.0,0.962,0.987
6000,y2,-0.175,-0.437,-0.571,-0.395,-0.019,-0.074,-0.002,-0.388,-0.289,-0.367,-0.42,-0.248,-0.353,0.962,1.0,0.975
6000,y3,-0.13,-0.346,-0.477,-0.335,-0.085,-0.143,-0.066,-0.357,-0.36,-0.414,-0.47,-0.288,-0.407,0.987,0.975,1.0
6500,.,1.0,0.082,-0.562,-0.131,-0.591,-0.611,-0.597,0.013,0.129,0.085,-0.644,-0.625,-0.586,-0.282,-0.248,-0.342
6500,A1_1,0.082,1.0,0.515,0.945,0.318,0.07,0.216,0.98,0.993,0.996,0.045,0.267,0.238,-0.158,-0.21,-0.099
6500,A1_2,-0.562,0.515,1.0,0.704,0.587,0.426,0.546,0.579,0.463,0.501,0.422,0.516,0.493,-0.154,-0.169,-0.107
6500,A1_3,-0.131,0.945,0.704,1.0,0.384,0.14,0.292,0.974,0.934,0.946,0.125,0.318,0.29,-0.153,-0.201,-0.092
6500,B1_1,-0.591,0.318,0.587,0.384,1.0,0.888,0.981,0.312,0.307,0.282,0.886,0.963,0.939,0.138,0.102,0.233
6500,B1_2,-0.611,0.07,0.426,0.14,0.888,1.0,0.944,0.044,0.054,0.018,0.996,0.955,0.972,0.079,0.055,0.145
6500,B1_3,-0.597,0.216,0.546,0.292,0.981,0.944,1.0,0.203,0.204,0.173,0.944,0.974,0.965,0.101,0.071,0.212
6500,A2_1,0.013,0.98,0.579,0.974,0.312,0.044,0.203,1.0,0.97,0.983,0.022,0.249,0.219,-0.117,-0.172,-0.071
6500,A2_2,0.129,0.993,0.463,0.934,0.307,0.054,0.204,0.97,1.0,0.99,0.031,0.247,0.217,-0.146,-0.195,-0.096
6500,A2_3,0.085,0.996,0.501,0.946,0.282,0.018,0.173,0.983,0.99,1.0,-0.006,0.221,0.191,-0.129,-0.178,-0.068
6500,B2_1,-0.644,0.045,0.422,0.125,0.886,0.996,0.944,0.022,0.031,-0.006,1.0,0.95,0.957,0.115,0.087,0.184
6500,B2_2,-0.625,0.267,0.516,0.318,0.963,0.955,0.974,0.249,0.247,0.221,0.95,1.0,0.989,0.134,0.091,0.219
6500,B2_3,-0.586,0.238,0.493,0.29,0.939,0.972,0.965,0.219,0.217,0.191,0.957,0.989,1.0,0.083,0.05,0.167
6500,y1,-0.282,-0.158,-0.154,-0.153,0.138,0.079,0.101,-0.117,-0.146,-0.129,0.115,0.134,0.083,1.0,0.992,0.94
6500,y2,-0.248,-0.21,-0.169,-0.201,0.102,0.055,0.071,-0.172,-0.195,-0.178,0.087,0.091,0.05,0.992,1.0,0.925
6500,y3,-0.342,-0.099,-0.107,-0.092,0.233,0.145,0.212,-0.071,-0.096,-0.068,0.184,0.219,0.167,0.94,0.925,1.0
7000,.,1.0,-0.007,-0.02,0.044,-0.598,-0.487,-0.495,-0.053,-0.043,0.142,-0.609,-0.531,-0.463,-0.524,-0.568,-0.513
7000,A1_1,-0.007,1.0,0.976,0.989,0.343,0.356,0.401,0.993,0.987,0.977,0.208,0.315,0.338,-0.061,-0.158,-0.173
7000,A1_2,-0.02,0.976,1.0,0.974,0.261,0.285,0.331,0.988,0.949,0.968,0.123,0.233,0.275,-0.124,-0.218,-0.232
7000,A1_3,0.044,0.989,0.974,1.0,0.262,0.285,0.326,0.987,0.977,0.987,0.134,0.241,0.27,-0.111,-0.211,-0.223
7000,B1_1,-0.598,0.343,0.261,0.262,1.0,0.954,0.948,0.322,0.336,0.205,0.967,0.932,0.919,0.43,0.436,0.387
7000,B1_2,-0.487,0.356,0.285,0.285,0.954,1.0,0.99,0.335,0.344,0.24,0.95,0.962,0.991,0.297,0.284,0.238
7000,B1_3,-0.495,0.401,0.331,0.326,0.948,0.99,1.0,0.38,0.386,0.283,0.946,0.981,0.988,0.282,0.266,0.214
7000,A2_1,-0.053,0.993,0.988,0.987,0.322,0.335,0.38,1.0,0.98,0.965,0.19,0.292,0.319,-0.071,-0.159,-0.176
7000,A2_2,-0.043,0.987,0.949,0.977,0.336,0.344,0.386,0.98,1.0,0.948,0.211,0.312,0.326,-0.08,-0.17,-0.187
7000,A2_3,0.142,0.977,0.968,0.987,0.205,0.24,0.283,0.965,0.948,1.0,0.071,0.19,0.228,-0.136,-0.249,-0.256
7000,B2_1,-0.609,0.208,0.123,0.134,0.967,0.95,0.946,0.19,0.211,0.071,1.0,0.967,0.942,0.363,0.388,0.326
7000,B2_2,-0.531,0.315,0.233,0.241,0.932,0.962,0.981,0.292,0.312,0.19,0.967,1.0,0.973,0.252,0.255,0.193
7000,B2_3,-0.463,0.338,0.275,0.27,0.919,0.991,0.988,0.319,0.326,0.228,0.942,0.973,1.0,0.218,0.207,0.156
7000,y1,-0.524,-0.061,-0.124,-0.111,0.43,0.297,0.282,-0.071,-0.08,-0.136,0.363,0.252,0.218,1.0,0.985,0.984
7000,y2,-0.568,-0.158,-0.218,-0.211,0.436,0.284,0.266,-0.159,-0.17,-0.249,0.388,0.255,0.207,0.985,1.0,0.995
7000,y3,-0.513,-0.173,-0.232,-0.223,0.387,0.238,0.214,-0.176,-0.187,-0.256,0.326,0.193,0.156,0.984,0.995,1.0
7500,.,1.0,-0.024,-0.388,0.062,-0.269,-0.51,-0.461,0.016,0.094,-0.128,-0.354,-0.24,-0.532,-0.338,-0.531,-0.422
7500,A1_1,-0.024,1.0,0.842,0.98,0.544,0.275,0.399,0.987,0.977,0.966,0.469,0.339,0.233,-0.122,-0.191,-0.121
7500,A1_2,-0.388,0.842,1.0,0.789,0.562,0.411,0.528,0.833,0.767,0.911,0.524,0.335,0.451,-0.083,-0.011,-0.024
7500,A1_3,0.062,0.98,0.789,1.0,0.47,0.194,0.317,0.989,0.999,0.951,0.399,0.278,0.147,-0.176,-0.273,-0.192
7500,B1_1,-0.269,0.544,0.562,0.47,1.0,0.9,0.935,0.492,0.475,0.463,0.971,0.936,0.857,-0.045,-0.013,0.074
7500,B1_2,-0.51,0.275,0.411,0.194,0.9,1.0,0.981,0.231,0.19,0.219,0.944,0.907,0.977,0.027,0.155,0.184
7500,B1_3,-0.461,0.399,0.528,0.317,0.935,0.981,1.0,0.357,0.313,0.353,0.967,0.889,0.965,-0.05,0.088,0.11
7500,A2_1,0.016,0.987,0.833,0.989,0.492,0.231,0.357,1.0,0.985,0.965,0.43,0.286,0.197,-0.099,-0.181,-0.102
7500,A2_2,0.094,0.977,0.767,0.999,0.475,0.19,0.313,0.985,1.0,0.94,0.4,0.283,0.137,-0.182,-0.289,-0.201
7500,A2_3,-0.128,0.966,0.911,0.951,0.463,0.219,0.353,0.965,0.94,1.0,0.414,0.251,0.199,-0.156,-0.204,-0.159
7500,B2_1,-0.354,0.469,0.524,0.399,0.971,0.944,0.967,0.43,0.4,0.414,1.0,0.939,0.905,-0.031,0.025,0.104
7500,B2_2,-0.24,0.339,0.335,0.278,0.936,0.907,0.889,0.286,0.283,0.251,0.939,1.0,0.834,-0.052,-0.062,0.055
7500,B2_3,-0.532,0.233,0.451,0.147,0.857,0.977,0.965,0.197,0.137,0.199,0.905,0.834,1.0,0.009,0.191,0.187
7500,y1,-0.338,-0.122,-0.083,-0.176,-0.045,0.027,-0.05,-0.099,-0.182,-0.156,-0.031,-0.052,0.009,1.0,0.902,0.976
7500,y2,-0.531,-0.191,-0.011,-0.273,-0.013,0.155,0.088,-0.181,-0.289,-0.204,0.025,-0.062,0.191,0.902,1.0,0.956
7500,y3,-0.422,-0.121,-0.024,-0.192,0.074,0.184,0.11,-0.102,-0.201,-0.159,0.104,0.055,0.187,0.976,0.956,1.0
8000,.,1.0,0.132,0.036,0.121,-0.566,-0.582,-0.534,0.159,0.226,0.189,-0.604,-0.539,-0.565,-0.556,-0.566,-0.681
8000,A1_1,0.132,1.0,0.926,0.989,0.093,0.071,0.099,0.992,0.989,0.981,-0.019,0.09,-0.047,-0.01,0.051,-0.028
8000,A1_2,0.036,0.926,1.0,0.936,0.018,0.007,0.026,0.945,0.912,0.853,-0.038,0.023,-0.071,-0.077,-0.001,-0.055
8000,A1_3,0.121,0.989,0.936,1.0,0.03,0.012,0.035,0.996,0.984,0.969,-0.064,0.029,-0.091,-0.044,0.017,-0.059
8000,B1_1,-0.566,0.093,0.018,0.03,1.0,0.998,0.991,0.02,0.024,0.047,0.946,0.993,0.954,0.275,0.288,0.433
8000,B1_2,-0.582,0.071,0.007,0.012,0.998,1.0,0.993,0.001,-0.0,0.023,0.963,0.996,0.969,0.251,0.265,0.415
8000,B1_3,-0.534,0.099,0.026,0.035,0.991,0.993,1.0,0.027,0.032,0.054,0.966,0.999,0.962,0.233,0.246,0.396
8000,A2_1,0.159,0.992,0.945,0.996,0.02,0.001,0.027,1.0,0.993,0.965,-0.077,0.02,-0.104,-0.06,0.001,-0.078
8000,A2_2,0.226,0.989,0.912,0.984,0.024,-0.0,0.032,0.993,1.0,0.968,-0.091,0.022,-0.117,-0.055,-0.002,-0.087
8000,A2_3,0.189,0.981,0.853,0.969,0.047,0.023,0.054,0.965,0.968,1.0,-0.074,0.044,-0.098,0.011,0.068,-0.031
8000,B2_1,-0.604,-0.019,-0.038,-0.064,0.946,0.963,0.966,-0.077,-0.091,-0.074,1.0,0.969,0.988,0.125,0.138,0.307
8000,B2_2,-0.539,0.09,0.023,0.029,0.993,0.996,0.999,0.02,0.022,0.044,0.969,1.0,0.971,0.224,0.239,0.388
8000,B2_3,-0.565,-0.047,-0.071,-0.091,0.954,0.969,0.962,-0.104,-0.117,-0.098,0.988,0.971,1.0,0.107,0.124,0.284
8000,y1,-0.556,-0.01,-0.077,-0.044,0.275,0.251,0.233,-0.06,-0.055,0.011,0.125,0.224,0.107,1.0,0.993,0.968
8000,y2,-0.566,0.051,-0.001,0.017,0.288,0.265,0.246,0.001,-0.002,0.068,0.138,0.239,0.124,0.993,1.0,0.963
8000,y3,-0.681,-0.028,-0.055,-0.059,0.433,0.415,0.396,-0.078,-0.087,-0.031,0.307,0.388,0.284,0.968,0.963,1.0
8500,.,1.0,0.159,0.012,0.163,-0.62,-0.574,-0.594,0.076,-0.228,0.002,-0.63,-0.645,-0.636,-0.107,-0.111,-0.143
8500,A1_1,0.159,1.0,0.967,0.974,0.203,0.076,0.252,0.978,0.814,0.968,0.264,0.201,0.152,0.011,-0.014,0.03
8500,A1_2,0.012,0.967,1.0,0.954,0.285,0.156,0.328,0.99,0.912,0.997,0.344,0.289,0.243,-0.039,-0.041,-0.011
8500,A1_3,0.163,0.974,0.954,1.0,0.184,0.061,0.229,0.982,0.805,0.952,0.24,0.179,0.136,-0.042,-0.057,-0.029
8500,B1_1,-0.62,0.203,0.285,0.184,1.0,0.973,0.997,0.238,0.501,0.277,0.98,0.967,0.991,-0.193,-0.167,-0.122
8500,B1_2,-0.574,0.076,0.156,0.061,0.973,1.0,0.962,0.111,0.387,0.149,0.951,0.962,0.98,-0.273,-0.244,-0.204
8500,B1_3,-0.594,0.252,0.328,0.229,0.997,0.962,1.0,0.283,0.536,0.318,0.986,0.962,0.988,-0.17,-0.147,-0.1
8500,A2_1,0.076,0.978,0.99,0.982,0.238,0.111,0.283,1.0,0.878,0.986,0.297,0.236,0.192,-0.003,-0.011,0.019
8500,A2_2,-0.228,0.814,0.912,0.805,0.501,0.387,0.536,0.878,1.0,0.907,0.542,0.469,0.48,-0.055,-0.029,0.004
8500,A2_3,0.002,0.968,0.997,0.952,0.277,0.149,0.318,0.986,0.907,1.0,0.335,0.285,0.236,-0.066,-0.075,-0.037
8500,B2_1,-0.63,0.264,0.344,0.24,0.98,0.951,0.986,0.297,0.542,0.335,1.0,0.983,0.986,-0.175,-0.166,-0.118
8500,B2_2,-0.645,0.201,0.289,0.179,0.967,0.962,0.962,0.236,0.469,0.285,0.983,1.0,0.976,-0.256,-0.249,-0.204
8500,B2_3,-0.636,0.152,0.243,0.136,0.991,0.98,0.988,0.192,0.48,0.236,0.986,0.976,1.0,-0.235,-0.212,-0.169
8500,y1,-0.107,0.011,-0.039,-0.042,-0.193,-0.273,-0.17,-0.003,-0.055,-0.066,-0.175,-0.256,-0.235,1.0,0.985,0.993
8500,y2,-0.111,-0.014,-0.041,-0.057,-0.167,-0.244,-0.147,-0.011,-0.029,-0.075,-0.166,-0.249,-0.212,0.985,1.0,0.986
8500,y3,-0.143,0.03,-0.011,-0.029,-0.122,-0.204,-0.1,0.019,0.004,-0.037,-0.118,-0.204,-0.169,0.993,0.986,1.0
9000,.,1.0,0.284,0.362,0.293,-0.55,-0.592,-0.611,0.283,0.316,0.316,-0.604,-0.597,-0.622,-0.277,-0.392,-0.325
9000,A1_1,0.284,1.0,0.992,0.959,0.018,-0.068,-0.174,0.998,0.979,0.998,-0.076,-0.093,-0.171,0.135,0.081,0.101
9000,A1_2,0.362,0.992,1.0,0.965,-0.054,-0.146,-0.258,0.991,0.988,0.997,-0.157,-0.177,-0.255,0.134,0.068,0.094
9000,A1_3,0.293,0.959,0.965,1.0,-0.05,-0.147,-0.246,0.971,0.987,0.968,-0.161,-0.171,-0.247,0.079,0.036,0.038
9000,B1_1,-0.55,0.018,-0.054,-0.05,1.0,0.969,0.955,0.002,-0.039,-0.014,0.985,0.975,0.958,-0.039,0.002,-0.009
9000,B1_2,-0.592,-0.068,-0.146,-0.147,0.969,1.0,0.988,-0.09,-0.134,-0.108,0.979,0.989,0.985,-0.113,-0.074,-0.091
9000,B1_3,-0.611,-0.174,-0.258,-0.246,0.955,0.988,1.0,-0.194,-0.243,-0.215,0.976,0.992,0.998,-0.157,-0.109,-0.129
9000,A2_1,0.283,0.998,0.991,0.971,0.002,-0.09,-0.194,1.0,0.984,0.998,-0.095,-0.113,-0.191,0.136,0.086,0.102
9000,A2_2,0.316,0.979,0.988,0.987,-0.039,-0.134,-0.243,0.984,1.0,0.987,-0.146,-0.166,-0.24,0.085,0.032,0.05
9000,A2_3,0.316,0.998,0.997,0.968,-0.014,-0.108,-0.215,0.998,0.987,1.0,-0.114,-0.134,-0.212,0.135,0.08,0.1
9000,B2_1,-0.604,-0.076,-0.157,-0.161,0.985,0.979,0.976,-0.095,-0.146,-0.114,1.0,0.988,0.979,-0.043,0.008,-0.002
9000,B2_2,-0.597,-0.093,-0.177,-0.171,0.975,0.989,0.992,-0.113,-0.166,-0.134,0.988,1.0,0.989,-0.09,-0.053,-0.068
9000,B2_3,-0.622,-0.171,-0.255,-0.247,0.958,0.985,0.998,-0.191,-0.24,-0.212,0.979,0.989,1.0,-0.15,-0.098,-0.116
9000,y1,-0.277,0.135,0.134,0.079,-0.039,-0.113,-0.157,0.136,0.085,0.135,-0.043,-0.09,-0.15,1.0,0.977,0.988
9000,y2,-0.392,0.081,0.068,0.036,0.002,-0.074,-0.109,0.086,0.032,0.08,0.008,-0.053,-0.098,0.977,1.0,0.989
9000,y3,-0.325,0.101,0.094,0.038,-0.009,-0.091,-0.129,0.102,0.05,0.1,-0.002,-0.068,-0.116,0.988,0.989,1.0
9500,.,1.0,0.112,0.167,0.269,-0.668,-0.682,-0.666,0.125,0.128,0.263,-0.66,-0.672,-0.677,-0.026,-0.154,-0.116
9500,A1_1,0.112,1.0,0.997,0.91,-0.006,-0.043,0.028,0.998,0.998,0.927,0.042,0.013,-0.011,-0.047,-0.113,-0.141
9500,A1_2,0.167,0.997,1.0,0.926,-0.044,-0.082,-0.01,0.997,0.997,0.943,0.004,-0.026,-0.049,-0.047,-0.122,-0.147
9500,A1_3,0.269,0.91,0.926,1.0,-0.155,-0.195,-0.119,0.92,0.916,0.992,-0.105,-0.136,-0.161,0.038,-0.05,-0.068
9500,B1_1,-0.668,-0.006,-0.044,-0.155,1.0,0.997,0.997,-0.023,-0.024,-0.122,0.995,0.997,0.996,-0.462,-0.374,-0.401
9500,B1_2,-0.682,-0.043,-0.082,-0.195,0.997,1.0,0.991,-0.061,-0.062,-0.16,0.986,0.992,0.996,-0.474,-0.385,-0.411
9500,B1_3,-0.666,0.028,-0.01,-0.119,0.997,0.991,1.0,0.01,0.009,-0.086,0.999,1.0,0.995,-0.418,-0.332,-0.358
9500,A2_1,0.125,0.998,0.997,0.92,-0.023,-0.061,0.01,1.0,1.0,0.93,0.024,-0.006,-0.029,-0.05,-0.119,-0.145
9500,A2_2,0.128,0.998,0.997,0.916,-0.024,-0.062,0.009,1.0,1.0,0.927,0.023,-0.007,-0.03,-0.052,-0.121,-0.147
9500,A2_3,0.263,0.927,0.943,0.992,-0.122,-0.16,-0.086,0.93,0.927,1.0,-0.072,-0.103,-0.126,0.006,-0.081,-0.1
9500,B2_1,-0.66,0.042,0.004,-0.105,0.995,0.986,0.999,0.024,0.023,-0.072,1.0,0.998,0.992,-0.408,-0.323,-0.35
9500,B2_2,-0.672,0.013,-0.026,-0.136,0.997,0.992,1.0,-0.006,-0.007,-0.103,0.998,1.0,0.996,-0.409,-0.323,-0.348
9500,B2_3,-0.677,-0.011,-0.049,-0.161,0.996,0.996,0.995,-0.029,-0.03,-0.126,0.992,0.996,1.0,-0.453,-0.365,-0.39
9500,y1,-0.026,-0.047,-0.047,0.038,-0.462,-0.474,-0.418,-0.05,-0.052,0.006,-0.408,-0.409,-0.453,1.0,0.989,0.99
9500,y2,-0.154,-0.113,-0.122,-0.05,-0.374,-0.385,-0.332,-0.119,-0.121,-0.081,-0.323,-0.323,-0.365,0.989,1.0,0.997
9500,y3,-0.116,-0.141,-0.147,-0.068,-0.401,-0.411,-0.358,-0.145,-0.147,-0.1,-0.35,-0.348,-0.39,0.99,0.997,1.0
10000,.,1.0,0.112,0.19,0.105,-0.545,-0.619,-0.558,0.081,0.062,0.143,-0.59,-0.587,-0.504,0.096,0.132,-0.135
10000,A1_1,0.112,1.0,0.989,0.998,0.17,0.129,0.19,0.977,0.983,0.983,0.081,0.064,0.365,0.227,0.212,0.119
10000,A1_2,0.19,0.989,1.0,0.983,0.125,0.097,0.15,0.965,0.97,0.977,0.051,0.038,0.327,0.205,0.197,0.067
10000,A1_3,0.105,0.998,0.983,1.0,0.178,0.133,0.196,0.979,0.986,0.978,0.085,0.069,0.364,0.202,0.187,0.109
10000,B1_1,-0.545,0.17,0.125,0.178,1.0,0.95,0.987,0.136,0.171,0.1,0.95,0.909,0.919,-0.369,-0.406,-0.241
10000,B1_2,-0.619,0.129,0.097,0.133,0.95,1.0,0.977,0.135,0.163,0.042,0.99,0.98,0.946,-0.489,-0.519,-0.314
10000,B1_3,-0.558,0.19,0.15,0.196,0.987,0.977,1.0,0.162,0.197,0.114,0.971,0.955,0.962,-0.404,-0.437,-0.245
10000,A2_1,0.081,0.977,0.965,0.979,0.136,0.135,0.162,1.0,0.997,0.943,0.079,0.063,0.34,0.129,0.111,0.045
10000,A2_2,0.062,0.983,0.97,0.986,0.171,0.163,0.197,0.997,1.0,0.95,0.107,0.094,0.368,0.118,0.1,0.045
10000,A2_3,0.143,0.983,0.977,0.978,0.1,0.042,0.114,0.943,0.95,1.0,-0.002,-0.022,0.287,0.279,0.263,0.106
10000,B2_1,-0.59,0.081,0.051,0.085,0.95,0.99,0.971,0.079,0.107,-0.002,1.0,0.983,0.929,-0.511,-0.538,-0.335
10000,B2_2,-0.587,0.064,0.038,0.069,0.909,0.98,0.955,0.063,0.094,-0.022,0.983,1.0,0.93,-0.551,-0.571,-0.331
10000,B2_3,-0.504,0.365,0.327,0.364,0.919,0.946,0.962,0.34,0.368,0.287,0.929,0.93,1.0,-0.339,-0.373,-0.198
10000,y1,0.096,0.227,0.205,0.202,-0.369,-0.489,-0.404,0.129,0.118,0.279,-0.511,-0.551,-0.339,1.0,0.996,0.861
10000,y2,0.132,0.212,0.197,0.187,-0.406,-0.519,-0.437,0.111,0.1,0.263,-0.538,-0.571,-0.373,0.996,1.0,0.856
10000,y3,-0.135,0.119,0.067,0.109,-0.241,-0.314,-0.245,0.045,0.045,0.106,-0.335,-0.331,-0.198,0.861,0.856,1.0
