,,.,A1_1,A1_2,A1_3,B1_1,B1_2,B1_3,A2_1,A2_2,A2_3,B2_1,B2_2,B2_3,y1,y2,y3
2,.,1.0,-0.217,-0.118,-0.39,-0.649,0.127,-0.366,0.176,0.543,0.351,0.132,-0.456,0.196,-0.65,-0.475,0.094
2,A1_1,-0.217,1.0,0.358,0.587,-0.093,-0.671,-0.348,0.503,0.151,-0.231,-0.273,-0.133,-0.64,-0.173,-0.649,-0.171
2,A1_2,-0.118,0.358,1.0,0.868,-0.278,0.163,-0.415,0.425,-0.211,-0.175,-0.466,-0.138,-0.077,0.371,-0.001,-0.155
2,A1_3,-0.39,0.587,0.868,1.0,0.027,-0.167,-0.168,0.316,-0.432,-0.431,-0.299,-0.064,-0.22,0.434,-0.093,-0.25
2,B1_1,-0.649,-0.093,-0.278,0.027,1.0,0.146,0.817,-0.296,-0.419,-0.422,-0.098,0.404,-0.27,0.327,0.434,-0.61
2,B1_2,0.127,-0.671,0.163,-0.167,0.146,1.0,0.173,-0.211,-0.094,-0.019,-0.238,0.296,0.36,0.151,0.609,-0.293
2,B1_3,-0.366,-0.348,-0.415,-0.168,0.817,0.173,1.0,-0.624,-0.263,-0.544,0.115,0.534,-0.09,0.045,0.266,-0.469
2,A2_1,0.176,0.503,0.425,0.316,-0.296,-0.211,-0.624,1.0,0.381,0.565,-0.663,-0.76,-0.568,0.055,-0.27,-0.226
2,A2_2,0.543,0.151,-0.211,-0.432,-0.419,-0.094,-0.263,0.381,1.0,0.39,-0.437,-0.185,-0.509,-0.756,-0.578,-0.082
2,A2_3,0.351,-0.231,-0.175,-0.431,-0.422,-0.019,-0.544,0.565,0.39,1.0,-0.189,-0.71,0.016,0.095,0.143,0.355
2,B2_1,0.132,-0.273,-0.466,-0.299,-0.098,-0.238,0.115,-0.663,-0.437,-0.189,1.0,0.149,0.725,-0.061,0.001,0.588
2,B2_2,-0.456,-0.133,-0.138,-0.064,0.404,0.296,0.534,-0.76,-0.185,-0.71,0.149,1.0,0.135,-0.091,0.213,-0.071
2,B2_3,0.196,-0.64,-0.077,-0.22,-0.27,0.36,-0.09,-0.568,-0.509,0.016,0.725,0.135,1.0,0.244,0.446,0.609
2,y1,-0.65,-0.173,0.371,0.434,0.327,0.151,0.045,0.055,-0.756,0.095,-0.061,-0.091,0.244,1.0,0.773,0.098
2,y2,-0.475,-0.649,-0.001,-0.093,0.434,0.609,0.266,-0.27,-0.578,0.143,0.001,0.213,0.446,0.773,1.0,0.055
2,y3,0.094,-0.171,-0.155,-0.25,-0.61,-0.293,-0.469,-0.226,-0.082,0.355,0.588,-0.071,0.609,0.098,0.055,1.0
4,.,1.0,0.569,-0.637,0.57,0.152,-0.013,-0.303,0.245,-0.438,-0.474,-0.543,-0.098,-0.667,-0.253,-0.792,-0.873
4,A1_1,0.569,1.0,-0.249,0.556,0.095,-0.61,-0.328,0.265,0.026,0.067,-0.817,-0.596,-0.461,-0.233,-0.025,-0.253
4,A1_2,-0.637,-0.249,1.0,0.086,-0.643,-0.513,-0.454,-0.12,0.4,0.257,0.422,0.015,0.655,0.66,0.66,0.652
4,A1_3,0.57,0.556,0.086,1.0,-0.555,-0.397,-0.874,0.169,0.18,-0.008,-0.575,0.059,-0.463,0.428,-0.267,-0.378
4,B1_1,0.152,0.095,-0.643,-0.555,1.0,0.239,0.759,-0.424,-0.584,-0.32,0.04,-0.151,0.024,-0.804,-0.094,-0.09
4,B1_2,-0.013,-0.61,-0.513,-0.397,0.239,1.0,0.472,-0.058,-0.266,-0.26,0.326,0.664,-0.145,-0.236,-0.533,-0.37
4,B1_3,-0.303,-0.328,-0.454,-0.874,0.759,0.472,1.0,-0.173,-0.248,0.012,0.217,-0.143,0.052,-0.71,0.118,0.217
4,A2_1,0.245,0.265,-0.12,0.169,-0.424,-0.058,-0.173,1.0,0.361,0.282,-0.442,-0.451,-0.503,0.068,-0.252,-0.314
4,A2_2,-0.438,0.026,0.4,0.18,-0.584,-0.266,-0.248,0.361,1.0,0.951,-0.332,-0.168,-0.089,0.624,0.527,0.526
4,A2_3,-0.474,0.067,0.257,-0.008,-0.32,-0.26,0.012,0.282,0.951,1.0,-0.379,-0.313,-0.107,0.401,0.619,0.62
4,B2_1,-0.543,-0.817,0.422,-0.575,0.04,0.326,0.217,-0.442,-0.332,-0.379,1.0,0.492,0.818,0.144,0.111,0.25
4,B2_2,-0.098,-0.596,0.015,0.059,-0.151,0.664,-0.143,-0.451,-0.168,-0.313,0.492,1.0,0.212,0.325,-0.344,-0.213
4,B2_3,-0.667,-0.461,0.655,-0.463,0.024,-0.145,0.052,-0.503,-0.089,-0.107,0.818,0.212,1.0,0.271,0.511,0.542
4,y1,-0.253,-0.233,0.66,0.428,-0.804,-0.236,-0.71,0.068,0.624,0.401,0.144,0.325,0.271,1.0,0.196,0.234
4,y2,-0.792,-0.025,0.66,-0.267,-0.094,-0.533,0.118,-0.252,0.527,0.619,0.111,-0.344,0.511,0.196,1.0,0.967
4,y3,-0.873,-0.253,0.652,-0.378,-0.09,-0.37,0.217,-0.314,0.526,0.62,0.25,-0.213,0.542,0.234,0.967,1.0
6,.,1.0,0.037,0.196,-0.048,0.407,-0.328,0.459,0.1,-0.469,-0.36,0.588,0.081,-0.224,-0.741,-0.612,-0.666
6,A1_1,0.037,1.0,0.713,0.502,-0.482,-0.176,-0.124,0.194,0.209,-0.27,-0.397,-0.187,-0.461,0.026,0.563,-0.18
6,A1_2,0.196,0.713,1.0,0.732,-0.503,-0.547,-0.332,-0.007,-0.027,-0.747,-0.024,0.127,0.077,0.233,0.256,0.051
6,A1_3,-0.048,0.502,0.732,1.0,-0.124,-0.178,0.053,-0.118,-0.168,-0.62,-0.272,-0.339,0.002,0.445,-0.022,-0.071
6,B1_1,0.407,-0.482,-0.503,-0.124,1.0,0.365,0.905,-0.232,-0.744,0.104,0.362,-0.524,-0.338,-0.232,-0.732,-0.536
6,B1_2,-0.328,-0.176,-0.547,-0.178,0.365,1.0,0.31,-0.607,-0.254,0.324,-0.265,-0.214,-0.034,0.061,-0.113,0.165
6,B1_3,0.459,-0.124,-0.332,0.053,0.905,0.31,1.0,-0.016,-0.612,0.07,0.203,-0.687,-0.643,-0.343,-0.599,-0.763
6,A2_1,0.1,0.194,-0.007,-0.118,-0.232,-0.607,-0.016,1.0,0.652,0.374,-0.206,-0.177,-0.448,-0.356,0.223,-0.502
6,A2_2,-0.469,0.209,-0.027,-0.168,-0.744,-0.254,-0.612,0.652,1.0,0.446,-0.546,0.234,0.064,-0.037,0.589,0.193
6,A2_3,-0.36,-0.27,-0.747,-0.62,0.104,0.324,0.07,0.374,0.446,1.0,-0.496,-0.309,-0.281,-0.152,0.226,-0.134
6,B2_1,0.588,-0.397,-0.024,-0.272,0.362,-0.265,0.203,-0.206,-0.546,-0.496,1.0,0.429,0.148,-0.288,-0.487,-0.033
6,B2_2,0.081,-0.187,0.127,-0.339,-0.524,-0.214,-0.687,-0.177,0.234,-0.309,0.429,1.0,0.707,-0.18,0.04,0.579
6,B2_3,-0.224,-0.461,0.077,0.002,-0.338,-0.034,-0.643,-0.448,0.064,-0.281,0.148,0.707,1.0,0.292,-0.157,0.736
6,y1,-0.741,0.026,0.233,0.445,-0.232,0.061,-0.343,-0.356,-0.037,-0.152,-0.288,-0.18,0.292,1.0,0.43,0.634
6,y2,-0.612,0.563,0.256,-0.022,-0.732,-0.113,-0.599,0.223,0.589,0.226,-0.487,0.04,-0.157,0.43,1.0,0.423
6,y3,-0.666,-0.18,0.051,-0.071,-0.536,0.165,-0.763,-0.502,0.193,-0.134,-0.033,0.579,0.736,0.634,0.423,1.0
8,.,1.0,-0.418,-0.129,0.529,0.406,-0.441,-0.056,0.425,0.164,0.039,-0.403,0.27,-0.244,-0.767,-0.493,-0.799
8,A1_1,-0.418,1.0,0.666,0.394,-0.407,0.159,0.091,-0.255,0.237,0.251,-0.104,-0.877,-0.358,0.607,0.18,-0.033
8,A1_2,-0.129,0.666,1.0,0.224,-0.591,-0.242,-0.496,-0.285,0.392,0.277,0.395,-0.472,0.123,0.367,0.098,-0.315
8,A1_3,0.529,0.394,0.224,1.0,0.297,-0.341,0.395,0.239,0.231,0.256,-0.734,-0.606,-0.802,-0.118,-0.088,-0.653
8,B1_1,0.406,-0.407,-0.591,0.297,1.0,0.32,0.495,-0.029,-0.314,-0.603,-0.395,0.02,-0.159,-0.617,-0.249,0.02
8,B1_2,-0.441,0.159,-0.242,-0.341,0.32,1.0,0.215,-0.451,-0.228,-0.633,0.222,-0.235,0.313,-0.119,-0.322,0.488
8,B1_3,-0.056,0.091,-0.496,0.395,0.495,0.215,1.0,-0.12,-0.509,-0.211,-0.669,-0.334,-0.613,-0.03,0.215,0.121
8,A2_1,0.425,-0.255,-0.285,0.239,-0.029,-0.451,-0.12,1.0,0.666,0.729,-0.501,0.138,-0.476,-0.079,-0.348,-0.416
8,A2_2,0.164,0.237,0.392,0.231,-0.314,-0.228,-0.509,0.666,1.0,0.705,-0.022,-0.294,-0.173,0.104,-0.497,-0.478
8,A2_3,0.039,0.251,0.277,0.256,-0.603,-0.633,-0.211,0.729,0.705,1.0,-0.285,-0.174,-0.486,0.452,0.039,-0.388
8,B2_1,-0.403,-0.104,0.395,-0.734,-0.395,0.222,-0.669,-0.501,-0.022,-0.285,1.0,0.31,0.94,0.069,0.003,0.317
8,B2_2,0.27,-0.877,-0.472,-0.606,0.02,-0.235,-0.334,0.138,-0.294,-0.174,0.31,1.0,0.525,-0.398,-0.016,0.119
8,B2_3,-0.244,-0.358,0.123,-0.802,-0.159,0.313,-0.613,-0.476,-0.173,-0.486,0.94,0.525,1.0,-0.18,-0.107,0.35
8,y1,-0.767,0.607,0.367,-0.118,-0.617,-0.119,-0.03,-0.079,0.104,0.452,0.069,-0.398,-0.18,1.0,0.698,0.487
8,y2,-0.493,0.18,0.098,-0.088,-0.249,-0.322,0.215,-0.348,-0.497,0.039,0.003,-0.016,-0.107,0.698,1.0,0.537
8,y3,-0.799,-0.033,-0.315,-0.653,0.02,0.488,0.121,-0.416,-0.478,-0.388,0.317,0.119,0.35,0.487,0.537,1.0
10,.,1.0,0.528,-0.29,-0.528,0.002,0.442,0.139,0.311,0.54,0.638,-0.385,0.009,-0.386,-0.878,-0.629,-0.64
10,A1_1,0.528,1.0,0.355,-0.201,-0.039,0.289,0.005,0.443,0.348,0.296,-0.414,-0.332,-0.361,-0.542,-0.072,0.055
10,A1_2,-0.29,0.355,1.0,0.658,-0.348,-0.277,-0.483,0.15,-0.429,-0.03,0.308,-0.253,-0.039,0.013,0.322,0.247
10,A1_3,-0.528,-0.201,0.658,1.0,-0.744,-0.562,-0.806,-0.129,-0.746,-0.347,0.87,0.447,0.488,0.305,0.534,0.278
10,B1_1,0.002,-0.039,-0.348,-0.744,1.0,0.55,0.802,-0.15,0.423,0.154,-0.807,-0.545,-0.506,0.055,-0.383,-0.182
10,B1_2,0.442,0.289,-0.277,-0.562,0.55,1.0,0.121,0.35,0.789,0.731,-0.742,-0.075,-0.862,-0.212,-0.324,-0.323
10,B1_3,0.139,0.005,-0.483,-0.806,0.802,0.121,1.0,-0.26,0.248,-0.127,-0.642,-0.566,-0.096,-0.134,-0.467,-0.162
10,A2_1,0.311,0.443,0.15,-0.129,-0.15,0.35,-0.26,1.0,0.621,0.685,-0.24,-0.128,-0.599,-0.202,-0.117,0.299
10,A2_2,0.54,0.348,-0.429,-0.746,0.423,0.789,0.248,0.621,1.0,0.693,-0.801,-0.293,-0.79,-0.181,-0.243,-0.048
10,A2_3,0.638,0.296,-0.03,-0.347,0.154,0.731,-0.127,0.685,0.693,1.0,-0.426,-0.052,-0.853,-0.523,-0.55,-0.43
10,B2_1,-0.385,-0.414,0.308,0.87,-0.807,-0.742,-0.642,-0.24,-0.801,-0.426,1.0,0.631,0.738,0.165,0.3,0.114
10,B2_2,0.009,-0.332,-0.253,0.447,-0.545,-0.075,-0.566,-0.128,-0.293,-0.052,0.631,1.0,0.403,-0.024,0.021,-0.177
10,B2_3,-0.386,-0.361,-0.039,0.488,-0.506,-0.862,-0.096,-0.599,-0.79,-0.853,0.738,0.403,1.0,0.225,0.33,0.191
10,y1,-0.878,-0.542,0.013,0.305,0.055,-0.212,-0.134,-0.202,-0.181,-0.523,0.165,-0.024,0.225,1.0,0.763,0.688
10,y2,-0.629,-0.072,0.322,0.534,-0.383,-0.324,-0.467,-0.117,-0.243,-0.55,0.3,0.021,0.33,0.763,1.0,0.72
10,y3,-0.64,0.055,0.247,0.278,-0.182,-0.323,-0.162,0.299,-0.048,-0.43,0.114,-0.177,0.191,0.688,0.72,1.0
12,.,1.0,0.257,0.202,0.087,-0.335,0.426,0.473,-0.116,0.364,0.685,-0.529,-0.7,-0.103,-0.473,-0.444,-0.809
12,A1_1,0.257,1.0,0.771,0.104,-0.464,-0.22,0.424,0.152,0.173,0.085,-0.111,-0.462,0.05,-0.72,-0.54,-0.703
12,A1_2,0.202,0.771,1.0,0.472,-0.797,-0.479,0.229,0.193,0.107,0.074,-0.117,-0.608,-0.101,-0.655,-0.525,-0.61
12,A1_3,0.087,0.104,0.472,1.0,-0.422,-0.219,-0.0,-0.166,0.224,0.149,-0.384,-0.113,-0.662,-0.18,-0.136,-0.168
12,B1_1,-0.335,-0.464,-0.797,-0.422,1.0,0.479,0.215,-0.147,0.025,-0.213,-0.107,0.714,-0.128,0.74,0.822,0.627
12,B1_2,0.426,-0.22,-0.479,-0.219,0.479,1.0,0.391,-0.289,0.321,0.031,-0.215,0.096,-0.17,0.35,0.234,-0.167
12,B1_3,0.473,0.424,0.229,-0.0,0.215,0.391,1.0,-0.268,0.184,0.123,-0.557,-0.131,-0.22,-0.127,0.246,-0.435
12,A2_1,-0.116,0.152,0.193,-0.166,-0.147,-0.289,-0.268,1.0,0.624,0.415,-0.223,-0.492,-0.257,0.181,-0.024,0.129
12,A2_2,0.364,0.173,0.107,0.224,0.025,0.321,0.184,0.624,1.0,0.653,-0.739,-0.492,-0.763,0.206,0.049,-0.188
12,A2_3,0.685,0.085,0.074,0.149,-0.213,0.031,0.123,0.415,0.653,1.0,-0.751,-0.679,-0.409,-0.214,-0.244,-0.366
12,B2_1,-0.529,-0.111,-0.117,-0.384,-0.107,-0.215,-0.557,-0.223,-0.739,-0.751,1.0,0.38,0.789,-0.08,-0.236,0.219
12,B2_2,-0.7,-0.462,-0.608,-0.113,0.714,0.096,-0.131,-0.492,-0.492,-0.679,0.38,1.0,0.101,0.519,0.608,0.716
12,B2_3,-0.103,0.05,-0.101,-0.662,-0.128,-0.17,-0.22,-0.257,-0.763,-0.409,0.789,0.101,1.0,-0.36,-0.356,-0.088
12,y1,-0.473,-0.72,-0.655,-0.18,0.74,0.35,-0.127,0.181,0.206,-0.214,-0.08,0.519,-0.36,1.0,0.864,0.805
12,y2,-0.444,-0.54,-0.525,-0.136,0.822,0.234,0.246,-0.024,0.049,-0.244,-0.236,0.608,-0.356,0.864,1.0,0.745
12,y3,-0.809,-0.703,-0.61,-0.168,0.627,-0.167,-0.435,0.129,-0.188,-0.366,0.219,0.716,-0.088,0.805,0.745,1.0
14,.,1.0,0.125,-0.335,0.064,0.625,-0.329,0.319,0.596,0.56,0.403,-0.474,-0.02,-0.144,-0.407,-0.656,-0.629
14,A1_1,0.125,1.0,0.461,0.704,-0.417,-0.688,-0.749,-0.24,0.033,-0.266,-0.368,-0.258,-0.208,-0.45,0.141,-0.481
14,A1_2,-0.335,0.461,1.0,-0.084,-0.761,-0.363,-0.802,-0.17,-0.437,-0.163,-0.057,0.145,-0.17,0.265,0.018,0.007
14,A1_3,0.064,0.704,-0.084,1.0,-0.286,-0.568,-0.224,-0.169,0.15,-0.268,-0.112,-0.428,0.041,-0.357,0.278,-0.475
14,B1_1,0.625,-0.417,-0.761,-0.286,1.0,0.481,0.707,0.289,0.434,0.177,-0.195,-0.024,-0.116,-0.266,-0.218,-0.017
14,B1_2,-0.329,-0.688,-0.363,-0.568,0.481,1.0,0.49,-0.21,-0.129,-0.186,0.244,-0.016,-0.115,0.355,0.424,0.759
14,B1_3,0.319,-0.749,-0.802,-0.224,0.707,0.49,1.0,0.451,0.274,0.2,0.125,-0.027,0.105,0.207,-0.169,0.065
14,A2_1,0.596,-0.24,-0.17,-0.169,0.289,-0.21,0.451,1.0,0.654,0.725,-0.607,-0.295,-0.439,0.356,-0.427,-0.217
14,A2_2,0.56,0.033,-0.437,0.15,0.434,-0.129,0.274,0.654,1.0,0.764,-0.782,-0.705,-0.606,0.01,-0.005,0.008
14,A2_3,0.403,-0.266,-0.163,-0.268,0.177,-0.186,0.2,0.725,0.764,1.0,-0.509,-0.296,-0.339,0.231,-0.352,0.099
14,B2_1,-0.474,-0.368,-0.057,-0.112,-0.195,0.244,0.125,-0.607,-0.782,-0.509,1.0,0.684,0.874,-0.066,-0.081,0.066
14,B2_2,-0.02,-0.258,0.145,-0.428,-0.024,-0.016,-0.027,-0.295,-0.705,-0.296,0.684,1.0,0.783,-0.324,-0.631,-0.301
14,B2_3,-0.144,-0.208,-0.17,0.041,-0.116,-0.115,0.105,-0.439,-0.606,-0.339,0.874,0.783,1.0,-0.413,-0.416,-0.337
14,y1,-0.407,-0.45,0.265,-0.357,-0.266,0.355,0.207,0.356,0.01,0.231,-0.066,-0.324,-0.413,1.0,0.314,0.601
14,y2,-0.656,0.141,0.018,0.278,-0.218,0.424,-0.169,-0.427,-0.005,-0.352,-0.081,-0.631,-0.416,0.314,1.0,0.644
14,y3,-0.629,-0.481,0.007,-0.475,-0.017,0.759,0.065,-0.217,0.008,0.099,0.066,-0.301,-0.337,0.601,0.644,1.0
16,.,1.0,0.004,0.123,0.294,0.817,0.204,0.193,0.161,0.084,0.365,-0.527,-0.36,-0.272,-0.618,-0.459,-0.23
16,A1_1,0.004,1.0,0.815,0.281,0.019,-0.725,-0.753,0.285,-0.341,-0.275,-0.311,-0.107,-0.182,-0.51,-0.595,0.425
16,A1_2,0.123,0.815,1.0,0.094,0.14,-0.731,-0.584,0.076,-0.063,-0.143,-0.415,-0.334,-0.361,-0.48,-0.546,0.581
16,A1_3,0.294,0.281,0.094,1.0,0.133,0.012,0.036,0.378,-0.183,-0.085,0.072,-0.254,-0.194,-0.363,-0.16,-0.195
16,B1_1,0.817,0.019,0.14,0.133,1.0,0.238,0.172,0.111,0.166,0.431,-0.684,-0.454,-0.362,-0.28,-0.051,0.042
16,B1_2,0.204,-0.725,-0.731,0.012,0.238,1.0,0.871,-0.498,-0.283,-0.169,0.442,0.044,0.342,0.079,0.402,-0.255
16,B1_3,0.193,-0.753,-0.584,0.036,0.172,0.871,1.0,-0.361,-0.081,-0.18,0.496,-0.337,-0.043,0.049,0.369,-0.007
16,A2_1,0.161,0.285,0.076,0.378,0.111,-0.498,-0.361,1.0,0.49,0.502,-0.446,-0.347,-0.65,0.02,-0.133,-0.112
16,A2_2,0.084,-0.341,-0.063,-0.183,0.166,-0.283,-0.081,0.49,1.0,0.871,-0.539,-0.227,-0.512,0.535,0.353,-0.198
16,A2_3,0.365,-0.275,-0.143,-0.085,0.431,-0.169,-0.18,0.502,0.871,1.0,-0.749,-0.019,-0.301,0.382,0.229,-0.48
16,B2_1,-0.527,-0.311,-0.415,0.072,-0.684,0.442,0.496,-0.446,-0.539,-0.749,1.0,0.187,0.401,0.051,0.162,0.047
16,B2_2,-0.36,-0.107,-0.334,-0.254,-0.454,0.044,-0.337,-0.347,-0.227,-0.019,0.187,1.0,0.907,0.257,0.053,-0.612
16,B2_3,-0.272,-0.182,-0.361,-0.194,-0.362,0.342,-0.043,-0.65,-0.512,-0.301,0.401,0.907,1.0,0.085,0.048,-0.485
16,y1,-0.618,-0.51,-0.48,-0.363,-0.28,0.079,0.049,0.02,0.535,0.382,0.051,0.257,0.085,1.0,0.893,-0.145
16,y2,-0.459,-0.595,-0.546,-0.16,-0.051,0.402,0.369,-0.133,0.353,0.229,0.162,0.053,0.048,0.893,1.0,-0.044
16,y3,-0.23,0.425,0.581,-0.195,0.042,-0.255,-0.007,-0.112,-0.198,-0.48,0.047,-0.612,-0.485,-0.145,-0.044,1.0
18,.,1.0,0.112,-0.207,0.481,-0.108,-0.224,-0.083,0.091,0.018,0.285,0.382,0.159,0.499,-0.828,-0.713,-0.929
18,A1_1,0.112,1.0,0.541,0.143,-0.394,-0.55,-0.506,0.14,0.18,-0.532,-0.274,-0.69,-0.631,-0.395,0.223,0.066
18,A1_2,-0.207,0.541,1.0,-0.09,-0.124,-0.326,0.306,-0.104,-0.021,-0.668,-0.162,-0.495,-0.373,-0.118,-0.025,0.201
18,A1_3,0.481,0.143,-0.09,1.0,-0.617,-0.302,-0.305,-0.155,-0.196,0.274,0.245,0.062,0.271,-0.391,0.049,-0.566
18,B1_1,-0.108,-0.394,-0.124,-0.617,1.0,0.722,0.632,0.456,0.289,0.205,-0.519,0.298,0.14,0.059,-0.451,-0.0
18,B1_2,-0.224,-0.55,-0.326,-0.302,0.722,1.0,0.34,-0.11,-0.263,0.056,-0.335,0.766,0.434,0.477,-0.127,0.073
18,B1_3,-0.083,-0.506,0.306,-0.305,0.632,0.34,1.0,0.193,0.183,0.191,-0.148,0.17,0.262,-0.048,-0.549,-0.103
18,A2_1,0.091,0.14,-0.104,-0.155,0.456,-0.11,0.193,1.0,0.849,0.552,-0.599,-0.509,-0.427,-0.49,-0.175,-0.131
18,A2_2,0.018,0.18,-0.021,-0.196,0.289,-0.263,0.183,0.849,1.0,0.49,-0.578,-0.617,-0.604,-0.45,-0.023,0.077
18,A2_3,0.285,-0.532,-0.668,0.274,0.205,0.056,0.191,0.552,0.49,1.0,-0.046,0.112,0.214,-0.297,-0.194,-0.393
18,B2_1,0.382,-0.274,-0.162,0.245,-0.519,-0.335,-0.148,-0.599,-0.578,-0.046,1.0,0.3,0.585,-0.022,-0.252,-0.346
18,B2_2,0.159,-0.69,-0.495,0.062,0.298,0.766,0.17,-0.509,-0.617,0.112,0.3,1.0,0.858,0.352,-0.288,-0.278
18,B2_3,0.499,-0.631,-0.373,0.271,0.14,0.434,0.262,-0.427,-0.604,0.214,0.585,0.858,1.0,-0.028,-0.6,-0.644
18,y1,-0.828,-0.395,-0.118,-0.391,0.059,0.477,-0.048,-0.49,-0.45,-0.297,-0.022,0.352,-0.028,1.0,0.61,0.758
18,y2,-0.713,0.223,-0.025,0.049,-0.451,-0.127,-0.549,-0.175,-0.023,-0.194,-0.252,-0.288,-0.6,0.61,1.0,0.76
18,y3,-0.929,0.066,0.201,-0.566,-0.0,0.073,-0.103,-0.131,0.077,-0.393,-0.346,-0.278,-0.644,0.758,0.76,1.0
20,.,1.0,-0.065,-0.154,-0.148,-0.025,-0.015,0.213,-0.033,0.095,-0.249,-0.039,-0.362,0.363,-0.851,-0.839,-0.522
20,A1_1,-0.065,1.0,0.572,0.796,-0.407,-0.644,-0.097,-0.07,0.261,-0.152,-0.306,-0.324,-0.37,0.109,0.298,0.291
20,A1_2,-0.154,0.572,1.0,0.752,-0.765,-0.228,-0.349,-0.039,-0.134,0.076,-0.473,-0.319,-0.259,0.002,0.068,0.327
20,A1_3,-0.148,0.796,0.752,1.0,-0.805,-0.649,-0.609,0.023,0.265,0.106,-0.206,-0.318,-0.371,0.264,0.352,0.606
20,B1_1,-0.025,-0.407,-0.765,-0.805,1.0,0.496,0.704,0.211,0.081,0.025,-0.072,0.099,-0.044,0.069,0.01,-0.599
20,B1_2,-0.015,-0.644,-0.228,-0.649,0.496,1.0,0.477,-0.02,-0.521,-0.071,-0.238,0.135,0.084,-0.075,-0.371,-0.506
20,B1_3,0.213,-0.097,-0.349,-0.609,0.704,0.477,1.0,-0.293,-0.287,-0.425,-0.185,-0.055,0.335,-0.383,-0.399,-0.535
20,A2_1,-0.033,-0.07,-0.039,0.023,0.211,-0.02,-0.293,1.0,0.754,0.886,-0.574,-0.518,-0.734,0.354,0.356,-0.293
20,A2_2,0.095,0.261,-0.134,0.265,0.081,-0.521,-0.287,0.754,1.0,0.711,-0.305,-0.631,-0.472,0.307,0.422,0.061
20,A2_3,-0.249,-0.152,0.076,0.106,0.025,-0.071,-0.425,0.886,0.711,1.0,-0.467,-0.521,-0.546,0.493,0.484,0.081
20,B2_1,-0.039,-0.306,-0.473,-0.206,-0.072,-0.238,-0.185,-0.574,-0.305,-0.467,1.0,0.758,0.586,-0.068,-0.026,0.347
20,B2_2,-0.362,-0.324,-0.319,-0.318,0.099,0.135,-0.055,-0.518,-0.631,-0.521,0.758,1.0,0.244,0.105,0.094,0.088
20,B2_3,0.363,-0.37,-0.259,-0.371,-0.044,0.084,0.335,-0.734,-0.472,-0.546,0.586,0.244,1.0,-0.597,-0.597,0.13
20,y1,-0.851,0.109,0.002,0.264,0.069,-0.075,-0.383,0.354,0.307,0.493,-0.068,0.105,-0.597,1.0,0.922,0.501
20,y2,-0.839,0.298,0.068,0.352,0.01,-0.371,-0.399,0.356,0.422,0.484,-0.026,0.094,-0.597,0.922,1.0,0.529
20,y3,-0.522,0.291,0.327,0.606,-0.599,-0.506,-0.535,-0.293,0.061,0.081,0.347,0.088,0.13,0.501,0.529,1.0
22,.,1.0,0.536,0.607,0.052,0.57,0.034,-0.053,-0.483,-0.002,0.079,-0.348,0.29,0.102,-0.934,-0.903,-0.761
22,A1_1,0.536,1.0,0.716,0.823,-0.101,-0.502,-0.427,-0.116,-0.606,-0.287,-0.233,-0.043,-0.261,-0.57,-0.442,-0.786
22,A1_2,0.607,0.716,1.0,0.352,0.195,-0.519,-0.386,-0.501,-0.383,-0.168,-0.42,0.085,-0.115,-0.579,-0.456,-0.535
22,A1_3,0.052,0.823,0.352,1.0,-0.394,-0.527,-0.253,0.23,-0.609,-0.413,0.066,-0.149,-0.426,-0.074,-0.089,-0.566
22,B1_1,0.57,-0.101,0.195,-0.394,1.0,0.453,0.541,-0.642,0.435,0.039,-0.386,0.198,0.252,-0.34,-0.431,-0.21
22,B1_2,0.034,-0.502,-0.519,-0.527,0.453,1.0,0.747,-0.167,0.527,0.038,-0.271,-0.139,0.666,0.164,0.124,0.398
22,B1_3,-0.053,-0.427,-0.386,-0.253,0.541,0.747,1.0,-0.106,0.602,-0.076,-0.152,-0.109,0.285,0.361,0.06,0.255
22,A2_1,-0.483,-0.116,-0.501,0.23,-0.642,-0.167,-0.106,1.0,0.268,0.532,0.16,-0.531,-0.63,0.296,0.246,0.168
22,A2_2,-0.002,-0.606,-0.383,-0.609,0.435,0.527,0.602,0.268,1.0,0.735,-0.339,-0.36,-0.134,0.089,-0.067,0.342
22,A2_3,0.079,-0.287,-0.168,-0.413,0.039,0.038,-0.076,0.532,0.735,1.0,-0.331,-0.447,-0.473,-0.234,-0.177,0.123
22,B2_1,-0.348,-0.233,-0.42,0.066,-0.386,-0.271,-0.152,0.16,-0.339,-0.331,1.0,0.686,-0.058,0.261,0.026,-0.06
22,B2_2,0.29,-0.043,0.085,-0.149,0.198,-0.139,-0.109,-0.531,-0.36,-0.447,0.686,1.0,0.302,-0.26,-0.438,-0.358
22,B2_3,0.102,-0.261,-0.115,-0.426,0.252,0.666,0.285,-0.63,-0.134,-0.473,-0.058,0.302,1.0,0.054,0.145,0.318
22,y1,-0.934,-0.57,-0.579,-0.074,-0.34,0.164,0.361,0.296,0.089,-0.234,0.261,-0.26,0.054,1.0,0.878,0.774
22,y2,-0.903,-0.442,-0.456,-0.089,-0.431,0.124,0.06,0.246,-0.067,-0.177,0.026,-0.438,0.145,0.878,1.0,0.834
22,y3,-0.761,-0.786,-0.535,-0.566,-0.21,0.398,0.255,0.168,0.342,0.123,-0.06,-0.358,0.318,0.774,0.834,1.0
24,.,1.0,0.145,-0.569,-0.15,-0.511,0.049,0.61,-0.498,-0.5,0.392,-0.439,0.288,0.218,-0.618,-0.734,-0.271
24,A1_1,0.145,1.0,0.087,0.791,-0.534,-0.795,-0.387,0.089,-0.297,0.072,-0.523,-0.105,-0.254,-0.113,-0.143,-0.239
24,A1_2,-0.569,0.087,1.0,0.077,0.202,-0.304,-0.258,0.449,-0.116,-0.422,-0.009,-0.007,-0.497,-0.19,-0.047,-0.459
24,A1_3,-0.15,0.791,0.077,1.0,-0.56,-0.864,-0.77,0.132,-0.063,0.04,-0.057,-0.274,-0.23,0.094,0.207,-0.154
24,B1_1,-0.511,-0.534,0.202,-0.56,1.0,0.6,0.26,-0.023,0.535,-0.347,0.143,-0.282,-0.158,0.42,0.305,0.298
24,B1_2,0.049,-0.795,-0.304,-0.864,0.6,1.0,0.561,-0.348,0.105,-0.287,0.405,0.379,0.558,0.199,0.081,0.245
24,B1_3,0.61,-0.387,-0.258,-0.77,0.26,0.561,1.0,-0.482,-0.258,0.13,-0.384,0.12,0.115,-0.327,-0.516,-0.008
24,A2_1,-0.498,0.089,0.449,0.132,-0.023,-0.348,-0.482,1.0,0.469,0.361,-0.145,-0.165,-0.478,0.026,0.138,0.196
24,A2_2,-0.5,-0.297,-0.116,-0.063,0.535,0.105,-0.258,0.469,1.0,0.365,0.051,-0.635,-0.411,0.453,0.429,0.601
24,A2_3,0.392,0.072,-0.422,0.04,-0.347,-0.287,0.13,0.361,0.365,1.0,-0.543,-0.433,-0.365,-0.196,-0.227,0.393
24,B2_1,-0.439,-0.523,-0.009,-0.057,0.143,0.405,-0.384,-0.145,0.051,-0.543,1.0,0.351,0.577,0.382,0.542,0.029
24,B2_2,0.288,-0.105,-0.007,-0.274,-0.282,0.379,0.12,-0.165,-0.635,-0.433,0.351,1.0,0.702,-0.32,-0.291,-0.431
24,B2_3,0.218,-0.254,-0.497,-0.23,-0.158,0.558,0.115,-0.478,-0.411,-0.365,0.577,0.702,1.0,0.275,0.246,0.143
24,y1,-0.618,-0.113,-0.19,0.094,0.42,0.199,-0.327,0.026,0.453,-0.196,0.382,-0.32,0.275,1.0,0.953,0.784
24,y2,-0.734,-0.143,-0.047,0.207,0.305,0.081,-0.516,0.138,0.429,-0.227,0.542,-0.291,0.246,0.953,1.0,0.684
24,y3,-0.271,-0.239,-0.459,-0.154,0.298,0.245,-0.008,0.196,0.601,0.393,0.029,-0.431,0.143,0.784,0.684,1.0
26,.,1.0,-0.097,0.225,-0.251,0.469,0.02,-0.016,0.57,0.379,0.099,-0.178,-0.589,-0.411,-0.7,-0.47,-0.322
26,A1_1,-0.097,1.0,0.584,0.357,-0.611,-0.605,-0.553,-0.217,0.143,0.12,-0.175,-0.231,-0.32,-0.134,-0.421,-0.04
26,A1_2,0.225,0.584,1.0,0.368,-0.193,-0.179,-0.341,-0.451,-0.045,-0.227,-0.033,-0.217,-0.361,-0.609,-0.32,-0.436
26,A1_3,-0.251,0.357,0.368,1.0,0.052,0.075,0.112,-0.09,-0.045,0.097,-0.53,-0.467,-0.524,-0.321,0.254,-0.254
26,B1_1,0.469,-0.611,-0.193,0.052,1.0,0.75,0.776,0.326,-0.009,-0.255,-0.44,-0.3,-0.333,-0.231,0.359,-0.077
26,B1_2,0.02,-0.605,-0.179,0.075,0.75,1.0,0.553,0.04,-0.468,-0.527,-0.25,0.094,0.009,-0.07,0.664,-0.051
26,B1_3,-0.016,-0.553,-0.341,0.112,0.776,0.553,1.0,-0.074,-0.194,-0.38,-0.192,0.103,-0.031,0.298,0.364,0.003
26,A2_1,0.57,-0.217,-0.451,-0.09,0.326,0.04,-0.074,1.0,0.438,0.53,-0.385,-0.652,-0.311,-0.36,-0.104,0.012
26,A2_2,0.379,0.143,-0.045,-0.045,-0.009,-0.468,-0.194,0.438,1.0,0.858,-0.503,-0.647,-0.662,-0.221,-0.053,0.52
26,A2_3,0.099,0.12,-0.227,0.097,-0.255,-0.527,-0.38,0.53,0.858,1.0,-0.378,-0.58,-0.453,-0.152,0.012,0.444
26,B2_1,-0.178,-0.175,-0.033,-0.53,-0.44,-0.25,-0.192,-0.385,-0.503,-0.378,1.0,0.756,0.891,0.299,-0.465,-0.38
26,B2_2,-0.589,-0.231,-0.217,-0.467,-0.3,0.094,0.103,-0.652,-0.647,-0.58,0.756,1.0,0.881,0.718,0.072,0.057
26,B2_3,-0.411,-0.32,-0.361,-0.524,-0.333,0.009,-0.031,-0.311,-0.662,-0.453,0.891,0.881,1.0,0.564,-0.159,-0.19
26,y1,-0.7,-0.134,-0.609,-0.321,-0.231,-0.07,0.298,-0.36,-0.221,-0.152,0.299,0.718,0.564,1.0,0.242,0.517
26,y2,-0.47,-0.421,-0.32,0.254,0.359,0.664,0.364,-0.104,-0.053,0.012,-0.465,0.072,-0.159,0.242,1.0,0.541
26,y3,-0.322,-0.04,-0.436,-0.254,-0.077,-0.051,0.003,0.012,0.52,0.444,-0.38,0.057,-0.19,0.517,0.541,1.0
28,.,1.0,0.444,0.377,0.697,0.01,-0.335,-0.023,-0.312,-0.258,0.296,-0.455,-0.655,-0.245,-0.133,-0.601,-0.865
28,A1_1,0.444,1.0,0.58,0.709,-0.365,-0.32,-0.135,-0.148,-0.093,-0.27,-0.087,-0.416,-0.301,-0.651,-0.518,-0.502
28,A1_2,0.377,0.58,1.0,0.849,0.022,-0.848,-0.046,-0.129,0.06,0.088,-0.24,-0.134,-0.519,-0.139,-0.28,-0.112
28,A1_3,0.697,0.709,0.849,1.0,-0.262,-0.813,-0.297,-0.077,0.056,0.289,-0.361,-0.404,-0.478,-0.393,-0.397,-0.453
28,B1_1,0.01,-0.365,0.022,-0.262,1.0,0.288,0.876,-0.705,-0.191,-0.228,0.119,0.344,-0.257,0.653,-0.255,-0.007
28,B1_2,-0.335,-0.32,-0.848,-0.813,0.288,1.0,0.461,-0.26,-0.196,-0.468,0.368,0.181,0.328,0.144,-0.031,-0.032
28,B1_3,-0.023,-0.135,-0.046,-0.297,0.876,0.461,1.0,-0.787,-0.341,-0.624,0.391,0.31,-0.128,0.386,-0.473,-0.143
28,A2_1,-0.312,-0.148,-0.129,-0.077,-0.705,-0.26,-0.787,1.0,0.547,0.485,-0.446,-0.334,0.105,0.053,0.813,0.522
28,A2_2,-0.258,-0.093,0.06,0.056,-0.191,-0.196,-0.341,0.547,1.0,0.506,-0.479,-0.109,-0.68,0.289,0.725,0.584
28,A2_3,0.296,-0.27,0.088,0.289,-0.228,-0.468,-0.624,0.485,0.506,1.0,-0.735,-0.318,-0.292,0.28,0.497,0.106
28,B2_1,-0.455,-0.087,-0.24,-0.361,0.119,0.368,0.391,-0.446,-0.479,-0.735,1.0,0.758,0.491,-0.427,-0.369,0.062
28,B2_2,-0.655,-0.416,-0.134,-0.404,0.344,0.181,0.31,-0.334,-0.109,-0.318,0.758,1.0,0.195,-0.04,0.04,0.482
28,B2_3,-0.245,-0.301,-0.519,-0.478,-0.257,0.328,-0.128,0.105,-0.68,-0.292,0.491,0.195,1.0,-0.272,-0.081,-0.077
28,y1,-0.133,-0.651,-0.139,-0.393,0.653,0.144,0.386,0.053,0.289,0.28,-0.427,-0.04,-0.272,1.0,0.441,0.382
28,y2,-0.601,-0.518,-0.28,-0.397,-0.255,-0.031,-0.473,0.813,0.725,0.497,-0.369,0.04,-0.081,0.441,1.0,0.834
28,y3,-0.865,-0.502,-0.112,-0.453,-0.007,-0.032,-0.143,0.522,0.584,0.106,0.062,0.482,-0.077,0.382,0.834,1.0
30,.,1.0,0.074,-0.063,0.171,-0.028,-0.56,0.155,-0.404,-0.34,-0.344,0.335,0.157,0.041,-0.775,-0.705,-0.446
30,A1_1,0.074,1.0,0.473,0.584,-0.758,-0.421,-0.704,0.224,-0.006,0.304,-0.357,0.13,-0.148,-0.157,-0.473,-0.402
30,A1_2,-0.063,0.473,1.0,0.674,-0.197,-0.574,-0.357,-0.047,-0.19,-0.164,-0.137,-0.121,-0.739,0.156,0.01,-0.171
30,A1_3,0.171,0.584,0.674,1.0,-0.401,-0.75,-0.609,0.121,0.304,-0.099,-0.419,-0.049,-0.655,-0.322,-0.137,-0.517
30,B1_1,-0.028,-0.758,-0.197,-0.401,1.0,0.446,0.874,-0.278,-0.204,-0.384,-0.001,-0.433,-0.222,-0.125,0.173,0.017
30,B1_2,-0.56,-0.421,-0.574,-0.75,0.446,1.0,0.503,0.378,0.091,0.331,-0.237,-0.366,0.302,0.351,0.216,0.298
30,B1_3,0.155,-0.704,-0.357,-0.609,0.874,0.503,1.0,-0.193,-0.226,-0.086,0.083,-0.509,-0.054,-0.214,-0.145,-0.103
30,A2_1,-0.404,0.224,-0.047,0.121,-0.278,0.378,-0.193,1.0,0.652,0.694,-0.703,-0.583,-0.241,0.191,-0.067,-0.202
30,A2_2,-0.34,-0.006,-0.19,0.304,-0.204,0.091,-0.226,0.652,1.0,0.598,-0.609,-0.378,-0.206,-0.038,0.181,-0.311
30,A2_3,-0.344,0.304,-0.164,-0.099,-0.384,0.331,-0.086,0.694,0.598,1.0,-0.5,-0.441,0.023,0.113,-0.238,-0.314
30,B2_1,0.335,-0.357,-0.137,-0.419,-0.001,-0.237,0.083,-0.703,-0.609,-0.5,1.0,0.7,0.553,0.223,0.197,0.617
30,B2_2,0.157,0.13,-0.121,-0.049,-0.433,-0.366,-0.509,-0.583,-0.378,-0.441,0.7,1.0,0.667,0.166,0.254,0.549
30,B2_3,0.041,-0.148,-0.739,-0.655,-0.222,0.302,-0.054,-0.241,-0.206,0.023,0.553,0.667,1.0,0.159,0.082,0.53
30,y1,-0.775,-0.157,0.156,-0.322,-0.125,0.351,-0.214,0.191,-0.038,0.113,0.223,0.166,0.159,1.0,0.738,0.808
30,y2,-0.705,-0.473,0.01,-0.137,0.173,0.216,-0.145,-0.067,0.181,-0.238,0.197,0.254,0.082,0.738,1.0,0.744
30,y3,-0.446,-0.402,-0.171,-0.517,0.017,0.298,-0.103,-0.202,-0.311,-0.314,0.617,0.549,0.53,0.808,0.744,1.0
32,.,1.0,0.131,-0.332,0.375,0.257,-0.008,0.577,0.034,0.335,-0.263,-0.333,0.068,-0.519,-0.651,-0.575,-0.64
32,A1_1,0.131,1.0,0.476,0.581,-0.603,-0.705,-0.356,-0.347,-0.298,-0.113,-0.209,-0.267,-0.345,-0.191,0.127,-0.205
32,A1_2,-0.332,0.476,1.0,0.53,-0.357,-0.157,-0.664,-0.359,-0.152,-0.177,-0.303,-0.385,0.098,0.006,0.046,0.149
32,A1_3,0.375,0.581,0.53,1.0,-0.35,-0.131,0.116,-0.571,-0.389,-0.559,-0.234,0.255,-0.078,-0.582,-0.414,-0.706
32,B1_1,0.257,-0.603,-0.357,-0.35,1.0,0.527,0.531,-0.004,0.291,-0.134,-0.045,0.006,-0.08,0.267,-0.044,0.175
32,B1_2,-0.008,-0.705,-0.157,-0.131,0.527,1.0,0.375,0.244,0.013,-0.466,-0.122,0.274,0.318,0.189,-0.295,0.146
32,B1_3,0.577,-0.356,-0.664,0.116,0.531,0.375,1.0,-0.123,-0.1,-0.291,0.072,0.638,-0.155,-0.2,-0.25,-0.597
32,A2_1,0.034,-0.347,-0.359,-0.571,-0.004,0.244,-0.123,1.0,0.696,0.493,-0.465,-0.452,-0.372,0.248,0.168,0.387
32,A2_2,0.335,-0.298,-0.152,-0.389,0.291,0.013,-0.1,0.696,1.0,0.578,-0.562,-0.654,-0.57,-0.025,0.011,0.207
32,A2_3,-0.263,-0.113,-0.177,-0.559,-0.134,-0.466,-0.291,0.493,0.578,1.0,-0.127,-0.465,-0.408,0.309,0.617,0.288
32,B2_1,-0.333,-0.209,-0.303,-0.234,-0.045,-0.122,0.072,-0.465,-0.562,-0.127,1.0,0.627,0.766,-0.11,-0.154,-0.036
32,B2_2,0.068,-0.267,-0.385,0.255,0.006,0.274,0.638,-0.452,-0.654,-0.465,0.627,1.0,0.541,-0.338,-0.384,-0.6
32,B2_3,-0.519,-0.345,0.098,-0.078,-0.08,0.318,-0.155,-0.372,-0.57,-0.408,0.766,0.541,1.0,-0.061,-0.333,0.14
32,y1,-0.651,-0.191,0.006,-0.582,0.267,0.189,-0.2,0.248,-0.025,0.309,-0.11,-0.338,-0.061,1.0,0.837,0.775
32,y2,-0.575,0.127,0.046,-0.414,-0.044,-0.295,-0.25,0.168,0.011,0.617,-0.154,-0.384,-0.333,0.837,1.0,0.51
32,y3,-0.64,-0.205,0.149,-0.706,0.175,0.146,-0.597,0.387,0.207,0.288,-0.036,-0.6,0.14,0.775,0.51,1.0
34,.,1.0,0.2,0.152,0.194,0.164,0.321,0.548,-0.35,-0.076,0.334,0.366,-0.554,-0.254,-0.822,-0.713,-0.543
34,A1_1,0.2,1.0,0.687,0.461,-0.451,-0.465,-0.319,0.143,-0.793,-0.517,-0.462,0.125,-0.057,-0.294,-0.502,0.208
34,A1_2,0.152,0.687,1.0,0.689,0.021,-0.398,-0.309,0.288,-0.277,-0.367,-0.579,-0.095,-0.583,-0.249,-0.228,-0.213
34,A1_3,0.194,0.461,0.689,1.0,-0.261,-0.392,-0.069,-0.163,-0.138,-0.296,-0.253,-0.193,-0.209,-0.22,-0.045,0.058
34,B1_1,0.164,-0.451,0.021,-0.261,1.0,0.669,0.472,0.123,0.357,0.296,0.295,-0.398,-0.31,0.142,-0.01,-0.71
34,B1_2,0.321,-0.465,-0.398,-0.392,0.669,1.0,0.661,0.136,0.271,0.447,0.321,-0.714,-0.066,0.197,0.116,-0.571
34,B1_3,0.548,-0.319,-0.309,-0.069,0.472,0.661,1.0,-0.588,-0.052,0.014,0.58,-0.357,0.268,-0.107,-0.274,-0.204
34,A2_1,-0.35,0.143,0.288,-0.163,0.123,0.136,-0.588,1.0,0.175,0.174,-0.702,-0.294,-0.58,0.361,0.449,-0.333
34,A2_2,-0.076,-0.793,-0.277,-0.138,0.357,0.271,-0.052,0.175,1.0,0.743,0.159,-0.372,-0.46,0.026,0.526,-0.505
34,A2_3,0.334,-0.517,-0.367,-0.296,0.296,0.447,0.014,0.174,0.743,1.0,0.408,-0.564,-0.362,-0.315,0.052,-0.691
34,B2_1,0.366,-0.462,-0.579,-0.253,0.295,0.321,0.58,-0.702,0.159,0.408,1.0,-0.013,0.493,-0.262,-0.395,-0.129
34,B2_2,-0.554,0.125,-0.095,-0.193,-0.398,-0.714,-0.357,-0.294,-0.372,-0.564,-0.013,1.0,0.515,0.163,-0.088,0.753
34,B2_3,-0.254,-0.057,-0.583,-0.209,-0.31,-0.066,0.268,-0.58,-0.46,-0.362,0.493,0.515,1.0,0.312,-0.094,0.729
34,y1,-0.822,-0.294,-0.249,-0.22,0.142,0.197,-0.107,0.361,0.026,-0.315,-0.262,0.163,0.312,1.0,0.759,0.356
34,y2,-0.713,-0.502,-0.228,-0.045,-0.01,0.116,-0.274,0.449,0.526,0.052,-0.395,-0.088,-0.094,0.759,1.0,0.156
34,y3,-0.543,0.208,-0.213,0.058,-0.71,-0.571,-0.204,-0.333,-0.505,-0.691,-0.129,0.753,0.729,0.356,0.156,1.0
36,.,1.0,-0.028,-0.386,0.197,0.139,-0.129,0.085,-0.559,-0.259,0.412,-0.096,0.207,0.401,-0.611,-0.387,-0.605
36,A1_1,-0.028,1.0,-0.09,0.639,-0.62,0.056,-0.413,-0.415,-0.352,-0.482,-0.485,0.392,0.221,-0.413,-0.386,-0.42
36,A1_2,-0.386,-0.09,1.0,0.159,-0.461,-0.021,0.255,0.322,0.052,-0.291,-0.028,0.014,-0.333,0.237,-0.136,0.326
36,A1_3,0.197,0.639,0.159,1.0,-0.689,-0.184,-0.253,-0.267,-0.513,-0.161,-0.697,-0.037,-0.216,-0.386,-0.119,-0.42
36,B1_1,0.139,-0.62,-0.461,-0.689,1.0,0.499,0.512,0.129,0.131,0.245,0.115,-0.311,-0.159,0.278,0.301,-0.068
36,B1_2,-0.129,0.056,-0.021,-0.184,0.499,1.0,0.781,-0.276,-0.376,-0.593,-0.398,0.028,-0.22,0.133,0.092,-0.201
36,B1_3,0.085,-0.413,0.255,-0.253,0.512,0.781,1.0,-0.236,-0.324,-0.335,-0.158,-0.038,-0.231,0.15,0.142,-0.002
36,A2_1,-0.559,-0.415,0.322,-0.267,0.129,-0.276,-0.236,1.0,0.565,0.344,0.119,-0.587,-0.627,0.611,0.284,0.336
36,A2_2,-0.259,-0.352,0.052,-0.513,0.131,-0.376,-0.324,0.565,1.0,0.619,0.362,-0.412,-0.066,-0.083,-0.321,0.091
36,A2_3,0.412,-0.482,-0.291,-0.161,0.245,-0.593,-0.335,0.344,0.619,1.0,0.163,-0.534,-0.084,-0.28,-0.161,-0.238
36,B2_1,-0.096,-0.485,-0.028,-0.697,0.115,-0.398,-0.158,0.119,0.362,0.163,1.0,0.396,0.581,0.317,0.138,0.712
36,B2_2,0.207,0.392,0.014,-0.037,-0.311,0.028,-0.038,-0.587,-0.412,-0.534,0.396,1.0,0.829,-0.084,-0.266,0.16
36,B2_3,0.401,0.221,-0.333,-0.216,-0.159,-0.22,-0.231,-0.627,-0.066,-0.084,0.581,0.829,1.0,-0.361,-0.366,0.071
36,y1,-0.611,-0.413,0.237,-0.386,0.278,0.133,0.15,0.611,-0.083,-0.28,0.317,-0.084,-0.361,1.0,0.755,0.716
36,y2,-0.387,-0.386,-0.136,-0.119,0.301,0.092,0.142,0.284,-0.321,-0.161,0.138,-0.266,-0.366,0.755,1.0,0.597
36,y3,-0.605,-0.42,0.326,-0.42,-0.068,-0.201,-0.002,0.336,0.091,-0.238,0.712,0.16,0.071,0.716,0.597,1.0
38,.,1.0,0.07,-0.27,0.209,0.175,0.25,0.337,-0.314,-0.685,-0.647,0.147,0.125,0.326,-0.628,-0.372,-0.302
38,A1_1,0.07,1.0,0.589,0.377,-0.555,-0.214,-0.529,0.393,-0.053,-0.181,-0.114,-0.009,-0.243,-0.698,-0.467,-0.39
38,A1_2,-0.27,0.589,1.0,0.604,-0.556,0.094,-0.429,-0.051,-0.073,0.128,-0.316,-0.01,-0.431,-0.205,-0.224,-0.516
38,A1_3,0.209,0.377,0.604,1.0,-0.013,0.099,-0.222,-0.54,-0.178,-0.178,-0.197,-0.408,-0.205,-0.395,-0.459,-0.388
38,B1_1,0.175,-0.555,-0.556,-0.013,1.0,0.535,0.725,-0.474,0.226,0.083,-0.05,-0.255,-0.157,0.042,-0.053,0.102
38,B1_2,0.25,-0.214,0.094,0.099,0.535,1.0,0.784,-0.323,-0.146,0.214,-0.496,-0.056,-0.572,-0.174,-0.171,-0.537
38,B1_3,0.337,-0.529,-0.429,-0.222,0.725,0.784,1.0,-0.347,-0.29,-0.053,-0.106,0.005,-0.112,0.109,0.262,0.038
38,A2_1,-0.314,0.393,-0.051,-0.54,-0.474,-0.323,-0.347,1.0,0.345,0.418,-0.311,-0.098,-0.254,-0.03,-0.04,-0.003
38,A2_2,-0.685,-0.053,-0.073,-0.178,0.226,-0.146,-0.29,0.345,1.0,0.737,-0.303,-0.327,-0.494,0.181,-0.234,0.01
38,A2_3,-0.647,-0.181,0.128,-0.178,0.083,0.214,-0.053,0.418,0.737,1.0,-0.768,-0.499,-0.759,0.354,-0.126,-0.239
38,B2_1,0.147,-0.114,-0.316,-0.197,-0.05,-0.496,-0.106,-0.311,-0.303,-0.768,1.0,0.669,0.881,0.093,0.423,0.608
38,B2_2,0.125,-0.009,-0.01,-0.408,-0.255,-0.056,0.005,-0.098,-0.327,-0.499,0.669,1.0,0.492,-0.061,0.252,0.052
38,B2_3,0.326,-0.243,-0.431,-0.205,-0.157,-0.572,-0.112,-0.254,-0.494,-0.759,0.881,0.492,1.0,0.182,0.444,0.621
38,y1,-0.628,-0.698,-0.205,-0.395,0.042,-0.174,0.109,-0.03,0.181,0.354,0.093,-0.061,0.182,1.0,0.805,0.651
38,y2,-0.372,-0.467,-0.224,-0.459,-0.053,-0.171,0.262,-0.04,-0.234,-0.126,0.423,0.252,0.444,0.805,1.0,0.796
38,y3,-0.302,-0.39,-0.516,-0.388,0.102,-0.537,0.038,-0.003,0.01,-0.239,0.608,0.052,0.621,0.651,0.796,1.0
40,.,1.0,0.058,0.33,0.431,-0.356,-0.089,-0.23,-0.14,0.322,0.025,0.105,0.142,0.203,-0.525,-0.565,-0.591
40,A1_1,0.058,1.0,0.437,0.757,-0.407,0.445,0.263,0.065,-0.532,-0.41,-0.082,-0.105,-0.241,-0.231,-0.154,-0.02
40,A1_2,0.33,0.437,1.0,0.808,-0.513,0.34,-0.071,-0.165,0.034,-0.294,0.452,-0.393,-0.164,-0.01,-0.525,-0.15
40,A1_3,0.431,0.757,0.808,1.0,-0.454,0.413,0.088,0.075,-0.08,-0.175,0.125,-0.269,-0.253,-0.455,-0.621,-0.454
40,B1_1,-0.356,-0.407,-0.513,-0.454,1.0,0.311,0.484,-0.277,-0.285,-0.079,-0.111,-0.095,0.203,-0.26,-0.098,-0.142
40,B1_2,-0.089,0.445,0.34,0.413,0.311,1.0,0.841,-0.562,-0.719,-0.69,0.426,-0.278,0.165,-0.17,-0.498,-0.06
40,B1_3,-0.23,0.263,-0.071,0.088,0.484,0.841,1.0,-0.31,-0.753,-0.451,0.019,-0.413,-0.083,-0.077,-0.139,0.103
40,A2_1,-0.14,0.065,-0.165,0.075,-0.277,-0.562,-0.31,1.0,0.477,0.843,-0.722,-0.185,-0.745,-0.076,0.36,-0.116
40,A2_2,0.322,-0.532,0.034,-0.08,-0.285,-0.719,-0.753,0.477,1.0,0.801,-0.018,0.221,-0.042,-0.109,-0.116,-0.425
40,A2_3,0.025,-0.41,-0.294,-0.175,-0.079,-0.69,-0.451,0.843,0.801,1.0,-0.509,0.009,-0.431,-0.157,0.171,-0.335
40,B2_1,0.105,-0.082,0.452,0.125,-0.111,0.426,0.019,-0.722,-0.018,-0.509,1.0,0.305,0.693,0.187,-0.496,-0.016
40,B2_2,0.142,-0.105,-0.393,-0.269,-0.095,-0.278,-0.413,-0.185,0.221,0.009,0.305,1.0,0.765,-0.173,-0.062,-0.197
40,B2_3,0.203,-0.241,-0.164,-0.253,0.203,0.165,-0.083,-0.745,-0.042,-0.431,0.693,0.765,1.0,-0.129,-0.364,-0.17
40,y1,-0.525,-0.231,-0.01,-0.455,-0.26,-0.17,-0.077,-0.076,-0.109,-0.157,0.187,-0.173,-0.129,1.0,0.699,0.916
40,y2,-0.565,-0.154,-0.525,-0.621,-0.098,-0.498,-0.139,0.36,-0.116,0.171,-0.496,-0.062,-0.364,0.699,1.0,0.808
40,y3,-0.591,-0.02,-0.15,-0.454,-0.142,-0.06,0.103,-0.116,-0.425,-0.335,-0.016,-0.197,-0.17,0.916,0.808,1.0
42,.,1.0,-0.031,0.617,0.017,-0.138,0.048,0.194,-0.068,-0.35,0.088,-0.527,0.106,-0.253,-0.513,0.372,0.042
42,A1_1,-0.031,1.0,0.58,0.94,-0.84,-0.401,-0.133,-0.051,-0.337,0.105,-0.352,-0.183,-0.524,-0.288,-0.236,0.036
42,A1_2,0.617,0.58,1.0,0.604,-0.71,-0.203,-0.01,-0.491,-0.741,-0.286,-0.321,0.441,-0.161,-0.449,-0.039,0.013
42,A1_3,0.017,0.94,0.604,1.0,-0.929,-0.624,-0.282,-0.226,-0.274,0.105,-0.252,-0.079,-0.495,-0.318,-0.257,0.175
42,B1_1,-0.138,-0.84,-0.71,-0.929,1.0,0.699,0.388,0.306,0.309,-0.085,0.028,-0.174,0.34,0.38,0.237,-0.053
42,B1_2,0.048,-0.401,-0.203,-0.624,0.699,1.0,0.812,0.183,-0.366,-0.445,-0.282,-0.031,0.428,0.182,0.19,-0.011
42,B1_3,0.194,-0.133,-0.01,-0.282,0.388,0.812,1.0,0.018,-0.544,-0.45,-0.492,-0.105,0.301,-0.294,-0.101,0.042
42,A2_1,-0.068,-0.051,-0.491,-0.226,0.306,0.183,0.018,1.0,0.577,0.761,-0.243,-0.801,-0.442,0.236,0.535,-0.008
42,A2_2,-0.35,-0.337,-0.741,-0.274,0.309,-0.366,-0.544,0.577,1.0,0.764,0.288,-0.525,-0.338,0.319,0.202,-0.072
42,A2_3,0.088,0.105,-0.286,0.105,-0.085,-0.445,-0.45,0.761,0.764,1.0,-0.15,-0.714,-0.74,-0.04,0.365,-0.073
42,B2_1,-0.527,-0.352,-0.321,-0.252,0.028,-0.282,-0.492,-0.243,0.288,-0.15,1.0,0.556,0.604,0.347,-0.23,-0.211
42,B2_2,0.106,-0.183,0.441,-0.079,-0.174,-0.031,-0.105,-0.801,-0.525,-0.714,0.556,1.0,0.695,-0.029,-0.265,-0.145
42,B2_3,-0.253,-0.524,-0.161,-0.495,0.34,0.428,0.301,-0.442,-0.338,-0.74,0.604,0.695,1.0,0.273,-0.147,0.064
42,y1,-0.513,-0.288,-0.449,-0.318,0.38,0.182,-0.294,0.236,0.319,-0.04,0.347,-0.029,0.273,1.0,0.519,0.451
42,y2,0.372,-0.236,-0.039,-0.257,0.237,0.19,-0.101,0.535,0.202,0.365,-0.23,-0.265,-0.147,0.519,1.0,0.547
42,y3,0.042,0.036,0.013,0.175,-0.053,-0.011,0.042,-0.008,-0.072,-0.073,-0.211,-0.145,0.064,0.451,0.547,1.0
44,.,1.0,0.248,-0.026,-0.286,-0.294,0.175,-0.516,-0.302,-0.375,-0.164,0.431,-0.303,0.079,-0.712,-0.252,0.089
44,A1_1,0.248,1.0,0.519,0.55,-0.073,-0.11,-0.397,0.009,-0.041,-0.099,-0.391,-0.273,-0.329,-0.453,-0.532,-0.034
44,A1_2,-0.026,0.519,1.0,0.293,-0.363,-0.323,-0.026,-0.577,-0.482,-0.28,-0.023,0.548,-0.015,0.146,0.061,0.262
44,A1_3,-0.286,0.55,0.293,1.0,0.346,0.281,0.289,-0.087,-0.09,-0.608,-0.497,0.051,-0.085,-0.087,-0.557,-0.503
44,B1_1,-0.294,-0.073,-0.363,0.346,1.0,0.669,0.687,0.076,-0.135,0.021,-0.626,-0.431,-0.457,-0.228,0.149,-0.083
44,B1_2,0.175,-0.11,-0.323,0.281,0.669,1.0,0.614,-0.12,-0.379,-0.434,-0.433,-0.204,-0.15,-0.375,-0.237,-0.536
44,B1_3,-0.516,-0.397,-0.026,0.289,0.687,0.614,1.0,-0.292,-0.412,-0.323,-0.424,0.333,0.017,0.353,0.265,-0.218
44,A2_1,-0.302,0.009,-0.577,-0.087,0.076,-0.12,-0.292,1.0,0.941,0.591,-0.403,-0.546,-0.337,-0.006,-0.251,-0.292
44,A2_2,-0.375,-0.041,-0.482,-0.09,-0.135,-0.379,-0.412,0.941,1.0,0.55,-0.176,-0.384,-0.195,0.139,-0.199,-0.212
44,A2_3,-0.164,-0.099,-0.28,-0.608,0.021,-0.434,-0.323,0.591,0.55,1.0,-0.13,-0.484,-0.48,0.011,0.482,0.557
44,B2_1,0.431,-0.391,-0.023,-0.497,-0.626,-0.433,-0.424,-0.403,-0.176,-0.13,1.0,0.3,0.582,0.08,0.224,0.34
44,B2_2,-0.303,-0.273,0.548,0.051,-0.431,-0.204,0.333,-0.546,-0.384,-0.484,0.3,1.0,0.649,0.753,0.116,-0.087
44,B2_3,0.079,-0.329,-0.015,-0.085,-0.457,-0.15,0.017,-0.337,-0.195,-0.48,0.582,0.649,1.0,0.543,-0.243,-0.239
44,y1,-0.712,-0.453,0.146,-0.087,-0.228,-0.375,0.353,-0.006,0.139,0.011,0.08,0.753,0.543,1.0,0.233,-0.036
44,y2,-0.252,-0.532,0.061,-0.557,0.149,-0.237,0.265,-0.251,-0.199,0.482,0.224,0.116,-0.243,0.233,1.0,0.779
44,y3,0.089,-0.034,0.262,-0.503,-0.083,-0.536,-0.218,-0.292,-0.212,0.557,0.34,-0.087,-0.239,-0.036,0.779,1.0
46,.,1.0,-0.157,0.33,0.03,0.252,0.47,0.118,-0.443,-0.055,-0.205,-0.039,0.034,0.181,-0.685,-0.645,-0.491
46,A1_1,-0.157,1.0,0.651,0.863,-0.188,-0.376,-0.245,0.259,0.271,-0.245,-0.236,-0.308,-0.505,-0.191,-0.055,-0.189
46,A1_2,0.33,0.651,1.0,0.811,-0.089,-0.024,-0.385,-0.268,0.195,-0.28,-0.26,0.092,-0.032,-0.452,-0.419,-0.197
46,A1_3,0.03,0.863,0.811,1.0,-0.162,-0.379,-0.224,-0.252,-0.082,-0.483,-0.045,-0.098,-0.166,-0.148,-0.017,-0.065
46,B1_1,0.252,-0.188,-0.089,-0.162,1.0,0.856,0.828,-0.156,-0.13,-0.034,-0.527,-0.589,-0.248,-0.389,-0.155,0.079
46,B1_2,0.47,-0.376,-0.024,-0.379,0.856,1.0,0.526,-0.087,0.172,0.139,-0.625,-0.279,-0.045,-0.554,-0.451,-0.021
46,B1_3,0.118,-0.245,-0.385,-0.224,0.828,0.526,1.0,-0.128,-0.492,-0.133,-0.037,-0.737,-0.396,-0.074,0.188,0.007
46,A2_1,-0.443,0.259,-0.268,-0.252,-0.156,-0.087,-0.128,1.0,0.683,0.548,-0.295,-0.362,-0.656,-0.03,-0.064,-0.268
46,A2_2,-0.055,0.271,0.195,-0.082,-0.13,0.172,-0.492,0.683,1.0,0.611,-0.701,0.037,-0.209,-0.487,-0.607,-0.309
46,A2_3,-0.205,-0.245,-0.28,-0.483,-0.034,0.139,-0.133,0.548,0.611,1.0,-0.338,-0.137,-0.189,-0.32,-0.485,-0.447
46,B2_1,-0.039,-0.236,-0.26,-0.045,-0.527,-0.625,-0.037,-0.295,-0.701,-0.338,1.0,0.229,0.178,0.599,0.533,0.007
46,B2_2,0.034,-0.308,0.092,-0.098,-0.589,-0.279,-0.737,-0.362,0.037,-0.137,0.229,1.0,0.879,0.321,0.058,0.406
46,B2_3,0.181,-0.505,-0.032,-0.166,-0.248,-0.045,-0.396,-0.656,-0.209,-0.189,0.178,0.879,1.0,0.224,0.038,0.458
46,y1,-0.685,-0.191,-0.452,-0.148,-0.389,-0.554,-0.074,-0.03,-0.487,-0.32,0.599,0.321,0.224,1.0,0.94,0.702
46,y2,-0.645,-0.055,-0.419,-0.017,-0.155,-0.451,0.188,-0.064,-0.607,-0.485,0.533,0.058,0.038,0.94,1.0,0.707
46,y3,-0.491,-0.189,-0.197,-0.065,0.079,-0.021,0.007,-0.268,-0.309,-0.447,0.007,0.406,0.458,0.702,0.707,1.0
48,.,1.0,0.225,0.404,0.281,0.281,0.023,0.372,-0.197,-0.51,-0.298,0.199,-0.029,-0.161,-0.752,-0.693,-0.844
