,,.,A1_1,A1_2,A1_3,B1_1,B1_2,B1_3,A2_1,A2_2,A2_3,B2_1,B2_2,B2_3,y1,y2,y3
2,.,0.173,0.025,0.017,0.037,0.031,0.036,0.061,0.038,0.071,0.038,0.034,0.065,0.037,0.075,0.107,0.155
2,A1_1,0.239,0.014,0.033,0.007,0.113,0.212,0.036,0.019,0.026,0.013,0.015,0.014,0.012,0.077,0.106,0.064
2,A1_2,0.135,0.012,0.005,0.028,0.465,0.059,0.054,0.012,0.011,0.015,0.005,0.013,0.012,0.027,0.07,0.077
2,A1_3,0.128,0.008,0.008,0.008,0.653,0.067,0.019,0.006,0.007,0.008,0.001,0.003,0.004,0.016,0.035,0.03
2,B1_1,0.232,0.063,0.634,0.018,0.005,0.003,0.001,0.003,0.003,0.003,0.005,0.002,0.004,0.01,0.006,0.009
2,B1_2,0.17,0.045,0.016,0.392,0.043,0.004,0.028,0.019,0.014,0.028,0.013,0.026,0.025,0.016,0.038,0.121
2,B1_3,0.418,0.052,0.11,0.05,0.036,0.015,0.02,0.028,0.039,0.036,0.014,0.017,0.017,0.04,0.043,0.066
2,A2_1,0.152,0.03,0.025,0.017,0.061,0.127,0.034,0.012,0.015,0.007,0.046,0.074,0.043,0.104,0.139,0.113
2,A2_2,0.074,0.021,0.028,0.01,0.004,0.051,0.019,0.016,0.017,0.004,0.278,0.06,0.049,0.127,0.133,0.109
2,A2_3,0.105,0.037,0.018,0.017,0.008,0.032,0.031,0.014,0.017,0.009,0.14,0.237,0.067,0.101,0.085,0.081
2,B2_1,0.276,0.012,0.013,0.021,0.029,0.008,0.066,0.061,0.174,0.224,0.004,0.019,0.007,0.022,0.024,0.041
2,B2_2,0.443,0.017,0.025,0.072,0.078,0.009,0.059,0.048,0.042,0.099,0.004,0.005,0.006,0.016,0.03,0.049
2,B2_3,0.245,0.019,0.008,0.066,0.057,0.007,0.094,0.053,0.095,0.177,0.006,0.036,0.014,0.022,0.033,0.069
2,y1,0.379,0.037,0.028,0.051,0.16,0.023,0.048,0.021,0.023,0.043,0.007,0.03,0.017,0.033,0.044,0.057
2,y2,0.4,0.073,0.045,0.149,0.057,0.005,0.027,0.019,0.015,0.043,0.012,0.038,0.02,0.022,0.025,0.048
2,y3,0.246,0.012,0.006,0.023,0.057,0.02,0.16,0.055,0.079,0.122,0.012,0.045,0.015,0.038,0.051,0.059
4,.,0.059,0.053,0.05,0.024,0.045,0.06,0.023,0.032,0.026,0.01,0.026,0.036,0.031,0.13,0.121,0.273
4,A1_1,0.151,0.021,0.025,0.015,0.038,0.099,0.035,0.005,0.018,0.006,0.046,0.033,0.032,0.052,0.201,0.222
4,A1_2,0.784,0.001,0.002,0.001,0.003,0.03,0.058,0.006,0.041,0.021,0.02,0.004,0.006,0.004,0.013,0.005
4,A1_3,0.133,0.011,0.014,0.004,0.051,0.253,0.114,0.025,0.018,0.01,0.033,0.026,0.024,0.051,0.092,0.142
4,B1_1,0.082,0.105,0.124,0.321,0.013,0.003,0.001,0.02,0.036,0.022,0.034,0.005,0.013,0.066,0.053,0.103
4,B1_2,0.147,0.077,0.047,0.047,0.027,0.026,0.015,0.223,0.069,0.044,0.025,0.015,0.012,0.092,0.055,0.08
4,B1_3,0.13,0.18,0.133,0.304,0.005,0.001,0.001,0.02,0.036,0.017,0.063,0.01,0.01,0.03,0.025,0.035
4,A2_1,0.034,0.018,0.013,0.002,0.004,0.011,0.005,0.003,0.006,0.001,0.071,0.655,0.05,0.019,0.047,0.062
4,A2_2,0.335,0.013,0.021,0.009,0.011,0.036,0.018,0.014,0.02,0.01,0.303,0.065,0.041,0.018,0.04,0.048
4,A2_3,0.226,0.008,0.014,0.006,0.004,0.012,0.005,0.003,0.007,0.003,0.581,0.055,0.032,0.006,0.017,0.022
4,B2_1,0.395,0.012,0.023,0.025,0.01,0.015,0.019,0.115,0.169,0.101,0.013,0.004,0.008,0.039,0.03,0.022
4,B2_2,0.022,0.002,0.003,0.003,0.008,0.013,0.009,0.839,0.017,0.053,0.002,0.0,0.001,0.018,0.003,0.007
4,B2_3,0.6,0.003,0.013,0.017,0.006,0.011,0.014,0.032,0.126,0.088,0.024,0.003,0.008,0.017,0.024,0.014
4,y1,0.386,0.004,0.007,0.003,0.019,0.195,0.09,0.048,0.056,0.025,0.041,0.013,0.017,0.026,0.04,0.031
4,y2,0.786,0.002,0.007,0.006,0.002,0.005,0.007,0.001,0.016,0.01,0.125,0.004,0.008,0.002,0.012,0.006
4,y3,0.714,0.006,0.015,0.013,0.004,0.009,0.01,0.006,0.03,0.017,0.123,0.007,0.012,0.006,0.018,0.011
6,.,0.131,0.015,0.055,0.042,0.03,0.036,0.05,0.053,0.034,0.061,0.018,0.015,0.04,0.226,0.11,0.086
6,A1_1,0.097,0.005,0.012,0.004,0.029,0.528,0.222,0.003,0.007,0.005,0.002,0.004,0.023,0.042,0.008,0.008
6,A1_2,0.11,0.008,0.009,0.005,0.088,0.122,0.427,0.028,0.03,0.05,0.002,0.002,0.018,0.06,0.023,0.019
6,A1_3,0.205,0.025,0.025,0.029,0.178,0.129,0.1,0.022,0.032,0.02,0.008,0.006,0.019,0.105,0.058,0.038
6,B1_1,0.106,0.023,0.126,0.129,0.034,0.019,0.009,0.017,0.025,0.02,0.019,0.011,0.013,0.231,0.126,0.091
6,B1_2,0.241,0.138,0.049,0.113,0.033,0.049,0.011,0.029,0.04,0.013,0.043,0.046,0.013,0.077,0.05,0.057
6,B1_3,0.119,0.016,0.123,0.102,0.04,0.05,0.016,0.011,0.018,0.014,0.015,0.01,0.02,0.266,0.107,0.075
6,A2_1,0.208,0.008,0.023,0.009,0.019,0.04,0.033,0.019,0.017,0.017,0.056,0.087,0.276,0.066,0.078,0.045
6,A2_2,0.256,0.025,0.004,0.003,0.01,0.023,0.02,0.036,0.021,0.013,0.095,0.247,0.194,0.01,0.024,0.019
6,A2_3,0.048,0.016,0.003,0.003,0.001,0.002,0.001,0.003,0.004,0.001,0.155,0.713,0.034,0.003,0.008,0.007
6,B2_1,0.059,0.008,0.049,0.027,0.01,0.003,0.017,0.084,0.061,0.357,0.007,0.004,0.014,0.127,0.08,0.094
6,B2_2,0.156,0.033,0.008,0.012,0.011,0.008,0.033,0.253,0.081,0.19,0.023,0.028,0.036,0.034,0.043,0.051
6,B2_3,0.184,0.081,0.006,0.02,0.036,0.005,0.021,0.273,0.1,0.098,0.02,0.018,0.013,0.025,0.053,0.046
6,y1,0.354,0.132,0.02,0.019,0.13,0.033,0.035,0.023,0.098,0.025,0.015,0.023,0.012,0.018,0.03,0.032
6,y2,0.372,0.059,0.021,0.01,0.031,0.078,0.063,0.025,0.056,0.025,0.032,0.084,0.065,0.024,0.025,0.032
6,y3,0.289,0.129,0.01,0.015,0.031,0.013,0.026,0.105,0.12,0.077,0.031,0.05,0.02,0.016,0.029,0.039
8,.,0.089,0.005,0.022,0.012,0.034,0.019,0.009,0.02,0.021,0.028,0.011,0.007,0.025,0.274,0.172,0.253
8,A1_1,0.138,0.008,0.023,0.019,0.048,0.295,0.327,0.01,0.01,0.006,0.014,0.021,0.012,0.019,0.023,0.027
8,A1_2,0.168,0.004,0.006,0.004,0.078,0.146,0.371,0.038,0.016,0.015,0.019,0.016,0.024,0.019,0.025,0.051
8,A1_3,0.152,0.009,0.059,0.027,0.066,0.104,0.049,0.012,0.02,0.019,0.02,0.016,0.027,0.155,0.113,0.151
8,B1_1,0.188,0.023,0.072,0.065,0.02,0.027,0.009,0.038,0.024,0.032,0.011,0.011,0.017,0.245,0.111,0.105
8,B1_2,0.369,0.066,0.035,0.094,0.009,0.033,0.029,0.089,0.025,0.019,0.014,0.028,0.021,0.068,0.056,0.045
8,B1_3,0.257,0.044,0.12,0.084,0.025,0.037,0.019,0.017,0.02,0.026,0.02,0.021,0.026,0.097,0.096,0.089
8,A2_1,0.213,0.015,0.021,0.015,0.021,0.016,0.009,0.012,0.011,0.03,0.046,0.05,0.165,0.065,0.122,0.188
8,A2_2,0.275,0.012,0.01,0.009,0.024,0.029,0.031,0.018,0.012,0.018,0.057,0.059,0.182,0.04,0.075,0.15
8,A2_3,0.282,0.018,0.018,0.011,0.03,0.024,0.029,0.012,0.011,0.029,0.066,0.062,0.176,0.027,0.072,0.134
8,B2_1,0.225,0.016,0.003,0.007,0.01,0.013,0.034,0.529,0.019,0.057,0.005,0.012,0.015,0.015,0.02,0.019
8,B2_2,0.163,0.02,0.018,0.019,0.016,0.007,0.005,0.223,0.026,0.169,0.006,0.011,0.023,0.099,0.112,0.084
8,B2_3,0.096,0.009,0.002,0.006,0.004,0.005,0.009,0.757,0.015,0.048,0.001,0.004,0.004,0.017,0.015,0.01
8,y1,0.345,0.03,0.037,0.03,0.042,0.103,0.119,0.034,0.012,0.043,0.032,0.058,0.044,0.014,0.028,0.029
8,y2,0.322,0.038,0.077,0.044,0.051,0.056,0.054,0.057,0.019,0.106,0.022,0.023,0.021,0.032,0.039,0.04
8,y3,0.394,0.066,0.044,0.066,0.015,0.026,0.024,0.103,0.018,0.068,0.018,0.032,0.026,0.032,0.037,0.031
10,.,0.058,0.015,0.013,0.007,0.027,0.042,0.013,0.026,0.017,0.035,0.052,0.024,0.03,0.324,0.11,0.204
10,A1_1,0.12,0.014,0.014,0.009,0.043,0.04,0.073,0.02,0.015,0.017,0.044,0.038,0.065,0.224,0.088,0.175
10,A1_2,0.177,0.007,0.005,0.007,0.054,0.045,0.6,0.004,0.006,0.006,0.003,0.012,0.01,0.028,0.013,0.022
10,A1_3,0.433,0.008,0.005,0.023,0.024,0.038,0.248,0.018,0.038,0.091,0.004,0.009,0.008,0.021,0.01,0.021
10,B1_1,0.047,0.028,0.242,0.126,0.023,0.009,0.009,0.013,0.007,0.007,0.016,0.01,0.011,0.048,0.162,0.241
10,B1_2,0.039,0.009,0.061,0.067,0.018,0.012,0.008,0.019,0.006,0.029,0.077,0.046,0.056,0.111,0.143,0.301
10,B1_3,0.065,0.05,0.169,0.054,0.025,0.015,0.008,0.02,0.018,0.007,0.016,0.008,0.01,0.091,0.187,0.256
10,A2_1,0.098,0.005,0.006,0.018,0.006,0.011,0.026,0.011,0.008,0.013,0.069,0.198,0.394,0.048,0.027,0.063
10,A2_2,0.078,0.013,0.039,0.059,0.011,0.014,0.009,0.024,0.012,0.017,0.109,0.073,0.14,0.096,0.094,0.211
10,A2_3,0.104,0.009,0.021,0.048,0.015,0.012,0.02,0.028,0.014,0.03,0.068,0.131,0.149,0.101,0.069,0.18
10,B2_1,0.537,0.005,0.003,0.025,0.008,0.012,0.08,0.031,0.091,0.154,0.003,0.01,0.01,0.013,0.006,0.015
10,B2_2,0.066,0.001,0.001,0.008,0.002,0.004,0.004,0.025,0.034,0.809,0.003,0.003,0.003,0.015,0.006,0.016
10,B2_3,0.53,0.013,0.011,0.038,0.009,0.01,0.036,0.047,0.152,0.08,0.003,0.004,0.006,0.018,0.012,0.031
10,y1,0.344,0.012,0.057,0.427,0.006,0.007,0.039,0.012,0.022,0.017,0.005,0.006,0.01,0.003,0.011,0.022
10,y2,0.41,0.017,0.029,0.095,0.02,0.026,0.085,0.03,0.041,0.039,0.019,0.019,0.033,0.033,0.031,0.072
10,y3,0.469,0.019,0.03,0.092,0.013,0.023,0.115,0.017,0.031,0.019,0.015,0.021,0.053,0.016,0.024,0.043
12,.,0.114,0.048,0.086,0.039,0.036,0.034,0.07,0.033,0.031,0.029,0.023,0.073,0.03,0.077,0.166,0.11
12,A1_1,0.077,0.021,0.111,0.024,0.042,0.026,0.33,0.017,0.031,0.012,0.006,0.033,0.027,0.075,0.077,0.089
12,A1_2,0.01,0.004,0.018,0.003,0.042,0.017,0.823,0.002,0.007,0.001,0.0,0.014,0.008,0.018,0.019,0.013
12,A1_3,0.144,0.064,0.048,0.04,0.127,0.062,0.175,0.014,0.015,0.02,0.012,0.049,0.026,0.035,0.115,0.055
12,B1_1,0.345,0.046,0.095,0.087,0.003,0.001,0.001,0.035,0.01,0.054,0.228,0.005,0.013,0.01,0.023,0.043
12,B1_2,0.18,0.117,0.144,0.086,0.012,0.011,0.011,0.037,0.025,0.045,0.048,0.017,0.016,0.038,0.084,0.129
12,B1_3,0.059,0.03,0.68,0.028,0.011,0.003,0.034,0.013,0.005,0.004,0.012,0.007,0.005,0.01,0.033,0.066
12,A2_1,0.073,0.007,0.006,0.005,0.01,0.01,0.033,0.02,0.012,0.019,0.064,0.119,0.504,0.038,0.058,0.021
12,A2_2,0.103,0.028,0.026,0.012,0.016,0.018,0.026,0.033,0.01,0.019,0.07,0.109,0.326,0.033,0.119,0.053
12,A2_3,0.062,0.018,0.03,0.013,0.026,0.035,0.039,0.029,0.008,0.013,0.038,0.241,0.1,0.055,0.233,0.059
12,B2_1,0.184,0.024,0.01,0.041,0.017,0.016,0.041,0.03,0.252,0.136,0.012,0.016,0.016,0.105,0.045,0.054
12,B2_2,0.397,0.039,0.025,0.059,0.012,0.007,0.007,0.05,0.054,0.109,0.079,0.013,0.031,0.026,0.045,0.047
12,B2_3,0.109,0.013,0.016,0.026,0.012,0.015,0.041,0.044,0.27,0.088,0.011,0.033,0.016,0.156,0.077,0.073
12,y1,0.336,0.053,0.028,0.045,0.008,0.005,0.004,0.035,0.018,0.076,0.216,0.019,0.066,0.016,0.039,0.035
12,y2,0.325,0.048,0.063,0.049,0.016,0.007,0.013,0.043,0.025,0.059,0.135,0.027,0.055,0.024,0.059,0.053
12,y3,0.389,0.038,0.025,0.06,0.015,0.007,0.01,0.032,0.03,0.094,0.135,0.021,0.038,0.026,0.044,0.035
14,.,0.053,0.015,0.043,0.016,0.008,0.018,0.014,0.02,0.006,0.009,0.032,0.09,0.026,0.45,0.137,0.063
14,A1_1,0.131,0.005,0.003,0.004,0.052,0.426,0.103,0.012,0.01,0.006,0.021,0.014,0.008,0.111,0.044,0.05
14,A1_2,0.256,0.002,0.002,0.003,0.019,0.113,0.492,0.024,0.01,0.013,0.001,0.011,0.009,0.024,0.012,0.009
14,A1_3,0.228,0.024,0.028,0.015,0.054,0.102,0.045,0.027,0.024,0.015,0.031,0.029,0.016,0.135,0.092,0.134
14,B1_1,0.077,0.063,0.165,0.038,0.019,0.008,0.009,0.031,0.01,0.01,0.019,0.033,0.022,0.306,0.136,0.054
14,B1_2,0.281,0.115,0.165,0.062,0.06,0.006,0.011,0.055,0.031,0.024,0.014,0.016,0.03,0.052,0.043,0.035
14,B1_3,0.077,0.072,0.37,0.036,0.008,0.002,0.003,0.027,0.01,0.011,0.011,0.046,0.018,0.141,0.099,0.069
14,A2_1,0.079,0.009,0.027,0.015,0.006,0.007,0.006,0.01,0.005,0.009,0.1,0.499,0.07,0.083,0.035,0.04
14,A2_2,0.128,0.02,0.033,0.024,0.028,0.025,0.01,0.014,0.011,0.008,0.221,0.179,0.068,0.114,0.05,0.066
14,A2_3,0.087,0.007,0.016,0.016,0.008,0.007,0.006,0.012,0.008,0.01,0.242,0.347,0.118,0.049,0.029,0.038
14,B2_1,0.309,0.016,0.017,0.021,0.021,0.016,0.014,0.091,0.09,0.145,0.016,0.017,0.031,0.029,0.065,0.103
14,B2_2,0.159,0.009,0.013,0.017,0.007,0.012,0.024,0.144,0.049,0.206,0.006,0.02,0.029,0.075,0.161,0.07
14,B2_3,0.209,0.018,0.028,0.02,0.017,0.021,0.025,0.091,0.054,0.087,0.012,0.019,0.022,0.084,0.157,0.138
14,y1,0.417,0.023,0.037,0.028,0.031,0.013,0.02,0.03,0.028,0.026,0.044,0.143,0.072,0.028,0.02,0.042
14,y2,0.424,0.051,0.033,0.022,0.175,0.057,0.03,0.021,0.029,0.01,0.027,0.012,0.017,0.026,0.021,0.045
14,y3,0.436,0.053,0.055,0.042,0.085,0.014,0.022,0.04,0.036,0.02,0.037,0.029,0.051,0.025,0.022,0.033
16,.,0.125,0.033,0.169,0.051,0.011,0.048,0.027,0.015,0.008,0.016,0.016,0.023,0.013,0.225,0.137,0.081
16,A1_1,0.077,0.007,0.039,0.011,0.029,0.117,0.294,0.014,0.008,0.01,0.007,0.01,0.015,0.066,0.256,0.039
16,A1_2,0.042,0.006,0.078,0.006,0.033,0.173,0.405,0.004,0.002,0.009,0.003,0.006,0.008,0.041,0.159,0.026
16,A1_3,0.193,0.028,0.045,0.04,0.059,0.045,0.062,0.014,0.03,0.01,0.021,0.011,0.019,0.21,0.154,0.06
16,B1_1,0.169,0.041,0.22,0.089,0.007,0.048,0.031,0.011,0.005,0.011,0.019,0.022,0.013,0.164,0.099,0.052
16,B1_2,0.293,0.234,0.077,0.104,0.01,0.011,0.006,0.035,0.067,0.011,0.012,0.011,0.005,0.082,0.022,0.018
16,B1_3,0.239,0.367,0.1,0.077,0.019,0.011,0.005,0.006,0.052,0.006,0.006,0.01,0.004,0.075,0.011,0.012
16,A2_1,0.222,0.009,0.026,0.025,0.02,0.051,0.041,0.017,0.017,0.012,0.093,0.034,0.061,0.128,0.141,0.1
16,A2_2,0.288,0.007,0.021,0.021,0.009,0.03,0.012,0.028,0.015,0.017,0.257,0.035,0.062,0.061,0.05,0.087
16,A2_3,0.263,0.01,0.031,0.035,0.007,0.027,0.014,0.039,0.011,0.017,0.195,0.031,0.046,0.095,0.078,0.1
16,B2_1,0.194,0.021,0.004,0.006,0.037,0.012,0.007,0.082,0.549,0.019,0.013,0.008,0.009,0.014,0.014,0.011
16,B2_2,0.117,0.006,0.002,0.007,0.003,0.005,0.008,0.653,0.055,0.019,0.042,0.004,0.007,0.013,0.037,0.021
16,B2_3,0.07,0.007,0.002,0.005,0.002,0.003,0.003,0.764,0.083,0.018,0.011,0.002,0.002,0.006,0.016,0.008
16,y1,0.428,0.009,0.006,0.021,0.006,0.01,0.006,0.066,0.038,0.01,0.286,0.016,0.037,0.018,0.016,0.026
16,y2,0.539,0.03,0.015,0.052,0.009,0.011,0.007,0.038,0.043,0.008,0.144,0.014,0.024,0.029,0.015,0.02
16,y3,0.272,0.025,0.078,0.024,0.037,0.132,0.095,0.021,0.037,0.023,0.023,0.032,0.029,0.052,0.083,0.038
18,.,0.144,0.008,0.011,0.02,0.064,0.099,0.028,0.041,0.08,0.132,0.019,0.014,0.012,0.178,0.084,0.066
18,A1_1,0.105,0.009,0.01,0.011,0.048,0.169,0.185,0.003,0.021,0.02,0.011,0.017,0.038,0.121,0.062,0.168
18,A1_2,0.195,0.031,0.025,0.02,0.023,0.045,0.13,0.005,0.014,0.009,0.015,0.012,0.034,0.23,0.066,0.145
18,A1_3,0.179,0.011,0.01,0.012,0.148,0.27,0.046,0.02,0.042,0.042,0.014,0.022,0.012,0.097,0.041,0.031
18,B1_1,0.063,0.063,0.044,0.458,0.009,0.011,0.035,0.032,0.008,0.01,0.01,0.005,0.028,0.123,0.061,0.041
18,B1_2,0.091,0.097,0.026,0.495,0.006,0.007,0.014,0.151,0.009,0.007,0.004,0.005,0.012,0.044,0.023,0.01
18,B1_3,0.179,0.063,0.053,0.132,0.022,0.022,0.04,0.037,0.016,0.016,0.025,0.01,0.03,0.22,0.08,0.054
18,A2_1,0.117,0.011,0.015,0.033,0.009,0.023,0.029,0.014,0.012,0.015,0.037,0.056,0.102,0.136,0.184,0.207
18,A2_2,0.133,0.014,0.021,0.028,0.012,0.03,0.041,0.011,0.012,0.013,0.048,0.054,0.121,0.127,0.16,0.175
18,A2_3,0.242,0.014,0.015,0.028,0.014,0.026,0.013,0.063,0.029,0.031,0.047,0.081,0.064,0.103,0.138,0.091
18,B2_1,0.376,0.008,0.008,0.006,0.022,0.028,0.01,0.065,0.175,0.124,0.016,0.019,0.008,0.066,0.031,0.037
18,B2_2,0.286,0.027,0.012,0.053,0.007,0.01,0.006,0.335,0.05,0.04,0.012,0.02,0.013,0.061,0.044,0.025
18,B2_3,0.22,0.015,0.008,0.033,0.016,0.014,0.004,0.36,0.09,0.097,0.008,0.008,0.003,0.079,0.031,0.014
18,y1,0.306,0.096,0.048,0.121,0.026,0.046,0.082,0.03,0.028,0.013,0.013,0.02,0.043,0.06,0.03,0.037
18,y2,0.241,0.044,0.032,0.045,0.049,0.126,0.139,0.01,0.023,0.012,0.018,0.034,0.066,0.062,0.039,0.06
18,y3,0.253,0.072,0.049,0.073,0.016,0.039,0.127,0.009,0.015,0.007,0.02,0.031,0.106,0.062,0.043,0.081
20,.,0.099,0.012,0.053,0.021,0.022,0.024,0.026,0.015,0.072,0.028,0.024,0.027,0.031,0.183,0.162,0.2
20,A1_1,0.238,0.002,0.02,0.008,0.065,0.315,0.191,0.008,0.006,0.005,0.012,0.013,0.018,0.027,0.033,0.038
20,A1_2,0.16,0.004,0.006,0.005,0.126,0.085,0.422,0.007,0.005,0.002,0.019,0.025,0.01,0.02,0.056,0.049
20,A1_3,0.265,0.004,0.015,0.018,0.121,0.204,0.196,0.011,0.011,0.009,0.014,0.021,0.012,0.022,0.038,0.041
20,B1_1,0.138,0.034,0.208,0.306,0.017,0.022,0.008,0.019,0.021,0.021,0.009,0.018,0.008,0.057,0.074,0.039
20,B1_2,0.101,0.102,0.086,0.204,0.019,0.007,0.013,0.032,0.028,0.02,0.014,0.028,0.009,0.103,0.159,0.076
20,B1_3,0.072,0.043,0.271,0.093,0.008,0.012,0.009,0.019,0.036,0.015,0.009,0.01,0.01,0.141,0.18,0.071
20,A2_1,0.299,0.013,0.028,0.034,0.025,0.025,0.034,0.022,0.016,0.011,0.058,0.136,0.075,0.067,0.053,0.105
20,A2_2,0.289,0.004,0.014,0.007,0.011,0.024,0.025,0.018,0.017,0.009,0.076,0.141,0.179,0.06,0.027,0.101
20,A2_3,0.307,0.008,0.01,0.015,0.017,0.012,0.028,0.016,0.009,0.005,0.088,0.266,0.098,0.029,0.024,0.068
20,B2_1,0.148,0.005,0.015,0.022,0.024,0.018,0.015,0.081,0.155,0.317,0.009,0.005,0.009,0.088,0.041,0.046
20,B2_2,0.217,0.015,0.015,0.017,0.016,0.01,0.022,0.11,0.052,0.081,0.031,0.024,0.046,0.174,0.068,0.101
20,B2_3,0.08,0.015,0.049,0.02,0.018,0.01,0.018,0.035,0.212,0.081,0.014,0.009,0.011,0.157,0.164,0.108
20,y1,0.444,0.013,0.027,0.074,0.055,0.066,0.06,0.036,0.013,0.018,0.024,0.048,0.022,0.03,0.033,0.036
20,y2,0.52,0.006,0.01,0.016,0.025,0.036,0.049,0.048,0.009,0.014,0.044,0.07,0.066,0.032,0.018,0.037
20,y3,0.365,0.007,0.019,0.03,0.099,0.11,0.126,0.03,0.029,0.027,0.019,0.023,0.013,0.027,0.04,0.037
22,.,0.063,0.014,0.063,0.039,0.032,0.026,0.025,0.032,0.02,0.017,0.021,0.015,0.016,0.304,0.197,0.116
22,A1_1,0.054,0.005,0.02,0.01,0.092,0.112,0.053,0.018,0.017,0.01,0.018,0.017,0.01,0.294,0.078,0.192
22,A1_2,0.164,0.023,0.056,0.036,0.065,0.054,0.047,0.033,0.024,0.025,0.025,0.018,0.024,0.165,0.115,0.126
22,A1_3,0.161,0.024,0.034,0.021,0.097,0.139,0.053,0.018,0.013,0.017,0.014,0.026,0.019,0.097,0.059,0.208
22,B1_1,0.091,0.064,0.29,0.168,0.012,0.007,0.011,0.021,0.009,0.017,0.007,0.003,0.014,0.084,0.174,0.029
22,B1_2,0.262,0.097,0.108,0.128,0.022,0.018,0.015,0.019,0.012,0.015,0.012,0.015,0.04,0.073,0.107,0.055
22,B1_3,0.236,0.162,0.171,0.121,0.017,0.018,0.011,0.012,0.006,0.012,0.007,0.009,0.039,0.043,0.084,0.05
22,A2_1,0.132,0.013,0.005,0.008,0.02,0.094,0.017,0.01,0.009,0.011,0.075,0.222,0.106,0.054,0.058,0.166
22,A2_2,0.138,0.028,0.035,0.044,0.008,0.018,0.009,0.021,0.013,0.016,0.08,0.049,0.13,0.141,0.207,0.064
22,A2_3,0.071,0.008,0.01,0.017,0.008,0.02,0.011,0.017,0.015,0.012,0.165,0.123,0.117,0.149,0.182,0.074
22,B2_1,0.239,0.031,0.016,0.015,0.018,0.056,0.014,0.074,0.021,0.108,0.014,0.031,0.025,0.044,0.076,0.219
22,B2_2,0.146,0.021,0.039,0.027,0.017,0.026,0.015,0.102,0.031,0.088,0.015,0.012,0.016,0.14,0.16,0.143
22,B2_3,0.241,0.023,0.039,0.049,0.016,0.019,0.012,0.048,0.032,0.026,0.022,0.011,0.037,0.229,0.14,0.057
22,y1,0.522,0.079,0.03,0.037,0.023,0.043,0.015,0.016,0.01,0.024,0.014,0.019,0.056,0.02,0.036,0.057
22,y2,0.561,0.038,0.015,0.029,0.023,0.044,0.016,0.016,0.015,0.02,0.024,0.023,0.068,0.03,0.035,0.044
22,y3,0.5,0.061,0.029,0.051,0.017,0.022,0.014,0.019,0.015,0.022,0.026,0.024,0.078,0.033,0.053,0.039
24,.,0.058,0.018,0.019,0.048,0.01,0.026,0.03,0.05,0.044,0.059,0.046,0.02,0.037,0.054,0.257,0.227
24,A1_1,0.069,0.005,0.008,0.01,0.029,0.338,0.076,0.017,0.009,0.02,0.013,0.011,0.031,0.047,0.264,0.054
24,A1_2,0.634,0.017,0.049,0.018,0.041,0.035,0.038,0.011,0.006,0.023,0.006,0.008,0.014,0.064,0.023,0.014
24,A1_3,0.312,0.009,0.016,0.011,0.063,0.18,0.061,0.031,0.016,0.024,0.015,0.018,0.023,0.064,0.125,0.033
24,B1_1,0.734,0.021,0.15,0.017,0.01,0.004,0.007,0.009,0.004,0.004,0.007,0.006,0.004,0.014,0.004,0.005
24,B1_2,0.567,0.063,0.114,0.064,0.016,0.005,0.01,0.049,0.017,0.025,0.006,0.01,0.004,0.02,0.011,0.018
24,B1_3,0.158,0.114,0.14,0.16,0.009,0.009,0.024,0.026,0.021,0.023,0.018,0.015,0.015,0.045,0.052,0.17
24,A2_1,0.438,0.012,0.033,0.012,0.032,0.043,0.034,0.019,0.013,0.03,0.062,0.042,0.076,0.055,0.059,0.04
24,A2_2,0.443,0.01,0.054,0.008,0.014,0.015,0.013,0.021,0.018,0.008,0.183,0.051,0.056,0.029,0.043,0.033
24,A2_3,0.085,0.018,0.021,0.015,0.012,0.035,0.025,0.014,0.018,0.01,0.165,0.082,0.101,0.041,0.137,0.219
24,B2_1,0.53,0.005,0.01,0.009,0.018,0.004,0.007,0.178,0.076,0.097,0.008,0.007,0.004,0.019,0.021,0.007
24,B2_2,0.057,0.008,0.007,0.048,0.007,0.006,0.012,0.144,0.045,0.521,0.004,0.004,0.008,0.024,0.073,0.034
24,B2_3,0.077,0.008,0.005,0.024,0.006,0.004,0.005,0.46,0.162,0.157,0.005,0.006,0.003,0.006,0.044,0.026
24,y1,0.876,0.008,0.021,0.002,0.019,0.011,0.004,0.029,0.01,0.002,0.003,0.009,0.001,0.002,0.002,0.001
24,y2,0.844,0.008,0.018,0.003,0.028,0.015,0.008,0.029,0.012,0.004,0.004,0.01,0.003,0.006,0.005,0.003
24,y3,0.687,0.039,0.059,0.013,0.031,0.024,0.015,0.024,0.011,0.005,0.012,0.031,0.009,0.013,0.011,0.016
26,.,0.11,0.045,0.041,0.016,0.024,0.021,0.04,0.011,0.05,0.031,0.077,0.041,0.022,0.114,0.11,0.248
26,A1_1,0.234,0.01,0.01,0.009,0.074,0.175,0.206,0.013,0.023,0.019,0.027,0.02,0.017,0.036,0.078,0.048
26,A1_2,0.266,0.028,0.034,0.029,0.069,0.075,0.113,0.026,0.026,0.024,0.018,0.017,0.01,0.077,0.11,0.079
26,A1_3,0.165,0.025,0.043,0.059,0.115,0.094,0.062,0.018,0.01,0.01,0.024,0.042,0.032,0.128,0.079,0.094
26,B1_1,0.116,0.097,0.156,0.097,0.019,0.009,0.018,0.012,0.014,0.01,0.029,0.018,0.012,0.168,0.053,0.172
26,B1_2,0.178,0.1,0.104,0.209,0.017,0.009,0.014,0.027,0.012,0.015,0.01,0.012,0.01,0.157,0.031,0.097
26,B1_3,0.249,0.051,0.184,0.131,0.015,0.011,0.013,0.021,0.012,0.012,0.014,0.012,0.01,0.16,0.034,0.07
26,A2_1,0.107,0.034,0.035,0.022,0.022,0.018,0.026,0.009,0.039,0.019,0.127,0.08,0.062,0.105,0.062,0.235
26,A2_2,0.061,0.018,0.025,0.01,0.024,0.031,0.022,0.004,0.016,0.013,0.346,0.132,0.049,0.036,0.105,0.107
26,A2_3,0.096,0.013,0.019,0.014,0.031,0.039,0.021,0.008,0.021,0.018,0.234,0.172,0.089,0.047,0.081,0.097
26,B2_1,0.414,0.009,0.012,0.012,0.009,0.02,0.015,0.056,0.092,0.154,0.013,0.022,0.016,0.072,0.042,0.042
26,B2_2,0.638,0.009,0.016,0.028,0.006,0.015,0.012,0.066,0.038,0.079,0.005,0.007,0.007,0.041,0.019,0.014
26,B2_3,0.688,0.005,0.009,0.016,0.004,0.007,0.009,0.065,0.056,0.074,0.002,0.004,0.006,0.034,0.01,0.011
26,y1,0.772,0.007,0.026,0.043,0.006,0.014,0.014,0.032,0.015,0.017,0.006,0.005,0.007,0.021,0.009,0.007
26,y2,0.265,0.052,0.082,0.214,0.031,0.027,0.019,0.029,0.008,0.013,0.03,0.034,0.024,0.08,0.042,0.05
26,y3,0.414,0.034,0.059,0.069,0.027,0.038,0.045,0.022,0.019,0.016,0.061,0.031,0.023,0.042,0.054,0.045
28,.,0.187,0.016,0.072,0.024,0.047,0.101,0.048,0.025,0.041,0.015,0.026,0.043,0.034,0.15,0.095,0.077
28,A1_1,0.069,0.01,0.024,0.011,0.159,0.117,0.076,0.013,0.016,0.009,0.008,0.015,0.021,0.29,0.085,0.078
28,A1_2,0.084,0.006,0.062,0.003,0.465,0.12,0.094,0.007,0.007,0.008,0.005,0.005,0.009,0.079,0.027,0.018
28,A1_3,0.108,0.007,0.045,0.006,0.28,0.161,0.089,0.011,0.015,0.008,0.011,0.014,0.022,0.143,0.051,0.031
28,B1_1,0.072,0.038,0.737,0.034,0.015,0.018,0.01,0.012,0.005,0.006,0.003,0.003,0.003,0.01,0.015,0.019
28,B1_2,0.213,0.101,0.065,0.25,0.002,0.011,0.008,0.051,0.023,0.017,0.011,0.024,0.02,0.043,0.049,0.11
28,B1_3,0.103,0.054,0.458,0.057,0.024,0.034,0.02,0.028,0.016,0.014,0.004,0.007,0.009,0.049,0.047,0.076
28,A2_1,0.563,0.011,0.005,0.009,0.01,0.022,0.025,0.022,0.02,0.035,0.036,0.092,0.051,0.035,0.036,0.03
28,A2_2,0.69,0.016,0.004,0.007,0.011,0.019,0.014,0.008,0.002,0.012,0.026,0.053,0.117,0.003,0.015,0.005
28,A2_3,0.551,0.006,0.009,0.007,0.009,0.035,0.018,0.015,0.017,0.016,0.083,0.112,0.062,0.016,0.033,0.011
28,B2_1,0.224,0.016,0.041,0.025,0.011,0.023,0.015,0.097,0.048,0.091,0.013,0.033,0.023,0.098,0.109,0.133
28,B2_2,0.379,0.021,0.06,0.022,0.016,0.02,0.016,0.102,0.026,0.11,0.015,0.023,0.022,0.039,0.066,0.063
28,B2_3,0.277,0.014,0.021,0.025,0.009,0.02,0.022,0.063,0.095,0.059,0.019,0.04,0.015,0.145,0.06,0.116
28,y1,0.482,0.051,0.126,0.037,0.023,0.038,0.032,0.021,0.015,0.018,0.021,0.029,0.025,0.023,0.029,0.03
28,y2,0.708,0.027,0.012,0.014,0.02,0.021,0.028,0.016,0.007,0.021,0.021,0.031,0.034,0.013,0.014,0.013
28,y3,0.728,0.022,0.012,0.009,0.012,0.011,0.017,0.027,0.006,0.055,0.014,0.025,0.026,0.008,0.015,0.014
30,.,0.124,0.019,0.02,0.031,0.025,0.033,0.032,0.041,0.069,0.051,0.017,0.035,0.015,0.116,0.264,0.107
30,A1_1,0.051,0.001,0.001,0.001,0.019,0.082,0.724,0.007,0.004,0.005,0.013,0.013,0.005,0.016,0.039,0.018
30,A1_2,0.086,0.006,0.016,0.007,0.152,0.072,0.4,0.013,0.01,0.021,0.01,0.01,0.011,0.074,0.063,0.049
30,A1_3,0.117,0.008,0.014,0.011,0.082,0.11,0.175,0.024,0.018,0.03,0.025,0.03,0.036,0.132,0.121,0.069
30,B1_1,0.17,0.055,0.164,0.145,0.039,0.014,0.011,0.016,0.036,0.03,0.011,0.015,0.018,0.115,0.072,0.089
30,B1_2,0.519,0.045,0.137,0.125,0.01,0.009,0.009,0.006,0.013,0.011,0.022,0.021,0.018,0.016,0.012,0.028
30,B1_3,0.143,0.071,0.264,0.207,0.026,0.007,0.01,0.006,0.038,0.016,0.009,0.009,0.005,0.037,0.079,0.073
30,A2_1,0.3,0.014,0.012,0.021,0.015,0.037,0.029,0.012,0.009,0.017,0.087,0.208,0.096,0.057,0.033,0.052
30,A2_2,0.185,0.008,0.009,0.015,0.012,0.038,0.012,0.017,0.008,0.019,0.125,0.181,0.202,0.081,0.039,0.05
30,A2_3,0.322,0.013,0.015,0.023,0.01,0.03,0.042,0.01,0.01,0.012,0.177,0.171,0.05,0.023,0.04,0.053
30,B2_1,0.287,0.02,0.029,0.031,0.022,0.021,0.016,0.09,0.089,0.109,0.01,0.015,0.016,0.067,0.112,0.066
30,B2_2,0.303,0.009,0.011,0.013,0.019,0.045,0.03,0.133,0.061,0.098,0.013,0.017,0.033,0.081,0.086,0.048
30,B2_3,0.48,0.019,0.025,0.036,0.008,0.021,0.012,0.065,0.062,0.059,0.021,0.026,0.025,0.035,0.062,0.044
30,y1,0.563,0.015,0.036,0.022,0.037,0.031,0.043,0.027,0.015,0.041,0.022,0.021,0.041,0.034,0.019,0.033
30,y2,0.481,0.014,0.07,0.027,0.063,0.039,0.026,0.031,0.014,0.047,0.015,0.009,0.07,0.053,0.016,0.026
30,y3,0.532,0.019,0.051,0.031,0.032,0.027,0.026,0.043,0.032,0.06,0.011,0.011,0.026,0.038,0.029,0.033
32,.,0.106,0.025,0.046,0.034,0.013,0.032,0.028,0.017,0.013,0.022,0.038,0.028,0.108,0.104,0.303,0.083
32,A1_1,0.114,0.015,0.01,0.01,0.144,0.165,0.252,0.007,0.007,0.013,0.007,0.014,0.018,0.074,0.108,0.042
32,A1_2,0.392,0.03,0.01,0.013,0.151,0.074,0.071,0.015,0.022,0.015,0.01,0.005,0.013,0.085,0.046,0.049
32,A1_3,0.2,0.047,0.029,0.019,0.068,0.077,0.069,0.032,0.02,0.02,0.011,0.008,0.024,0.101,0.195,0.081
32,B1_1,0.435,0.049,0.085,0.079,0.015,0.016,0.015,0.016,0.015,0.016,0.018,0.005,0.024,0.059,0.069,0.086
32,B1_2,0.544,0.079,0.046,0.046,0.029,0.015,0.014,0.032,0.02,0.019,0.007,0.002,0.015,0.031,0.045,0.056
32,B1_3,0.166,0.089,0.173,0.06,0.007,0.016,0.016,0.039,0.009,0.017,0.009,0.005,0.023,0.041,0.225,0.105
32,A2_1,0.199,0.013,0.017,0.024,0.01,0.025,0.017,0.02,0.022,0.028,0.09,0.146,0.209,0.05,0.08,0.049
32,A2_2,0.109,0.007,0.012,0.018,0.006,0.015,0.01,0.005,0.011,0.014,0.157,0.159,0.279,0.086,0.07,0.041
32,A2_3,0.052,0.002,0.004,0.004,0.003,0.018,0.009,0.006,0.009,0.011,0.097,0.562,0.122,0.038,0.036,0.026
32,B2_1,0.232,0.012,0.022,0.016,0.014,0.034,0.018,0.134,0.1,0.071,0.016,0.029,0.02,0.051,0.134,0.098
32,B2_2,0.106,0.028,0.047,0.013,0.005,0.02,0.008,0.286,0.053,0.04,0.005,0.008,0.011,0.027,0.253,0.09
32,B2_3,0.207,0.006,0.007,0.006,0.01,0.019,0.005,0.273,0.23,0.066,0.01,0.012,0.011,0.026,0.062,0.05
32,y1,0.581,0.024,0.024,0.031,0.03,0.045,0.035,0.02,0.018,0.016,0.02,0.028,0.026,0.029,0.025,0.048
32,y2,0.534,0.04,0.027,0.027,0.058,0.056,0.079,0.009,0.008,0.012,0.01,0.018,0.014,0.034,0.023,0.051
32,y3,0.706,0.024,0.013,0.029,0.058,0.019,0.028,0.008,0.014,0.015,0.007,0.004,0.01,0.023,0.011,0.031
34,.,0.065,0.017,0.018,0.024,0.019,0.032,0.02,0.015,0.027,0.011,0.014,0.026,0.044,0.154,0.393,0.12
34,A1_1,0.139,0.013,0.005,0.039,0.127,0.127,0.237,0.014,0.055,0.019,0.004,0.013,0.008,0.098,0.065,0.036
34,A1_2,0.2,0.014,0.02,0.024,0.173,0.134,0.098,0.018,0.02,0.014,0.01,0.013,0.021,0.112,0.091,0.037
34,A1_3,0.087,0.006,0.007,0.011,0.254,0.358,0.041,0.008,0.016,0.005,0.006,0.006,0.027,0.045,0.109,0.015
34,B1_1,0.225,0.066,0.17,0.04,0.026,0.02,0.015,0.02,0.011,0.014,0.017,0.013,0.022,0.124,0.11,0.107
34,B1_2,0.21,0.114,0.11,0.095,0.01,0.015,0.009,0.008,0.008,0.005,0.024,0.015,0.036,0.094,0.126,0.122
34,B1_3,0.092,0.107,0.068,0.077,0.013,0.03,0.011,0.02,0.041,0.014,0.009,0.008,0.025,0.092,0.266,0.128
34,A2_1,0.462,0.02,0.017,0.021,0.031,0.026,0.039,0.016,0.011,0.017,0.05,0.042,0.067,0.1,0.038,0.041
34,A2_2,0.158,0.015,0.023,0.008,0.013,0.02,0.006,0.033,0.023,0.029,0.088,0.05,0.197,0.088,0.169,0.08
34,A2_3,0.131,0.014,0.031,0.015,0.011,0.013,0.007,0.011,0.01,0.01,0.084,0.074,0.111,0.116,0.214,0.146
34,B2_1,0.075,0.04,0.043,0.025,0.01,0.015,0.007,0.033,0.088,0.049,0.019,0.024,0.024,0.092,0.248,0.208
34,B2_2,0.031,0.005,0.001,0.002,0.004,0.005,0.009,0.099,0.406,0.406,0.003,0.004,0.002,0.008,0.005,0.009
34,B2_3,0.166,0.06,0.015,0.04,0.018,0.035,0.023,0.054,0.225,0.105,0.016,0.017,0.02,0.055,0.072,0.079
34,y1,0.502,0.098,0.033,0.05,0.028,0.035,0.02,0.028,0.044,0.042,0.022,0.008,0.018,0.029,0.014,0.028
34,y2,0.481,0.048,0.029,0.036,0.037,0.052,0.016,0.021,0.024,0.022,0.061,0.017,0.063,0.034,0.029,0.032
34,y3,0.235,0.048,0.01,0.047,0.041,0.071,0.044,0.048,0.211,0.092,0.017,0.013,0.015,0.035,0.033,0.04
36,.,0.162,0.017,0.046,0.037,0.036,0.021,0.02,0.079,0.042,0.039,0.047,0.036,0.046,0.245,0.072,0.056
36,A1_1,0.145,0.022,0.019,0.022,0.09,0.092,0.061,0.036,0.027,0.043,0.009,0.011,0.012,0.194,0.135,0.084
36,A1_2,0.455,0.019,0.005,0.027,0.04,0.022,0.231,0.016,0.01,0.022,0.013,0.017,0.012,0.03,0.035,0.047
36,A1_3,0.133,0.014,0.015,0.02,0.237,0.082,0.082,0.025,0.015,0.018,0.008,0.009,0.019,0.197,0.047,0.079
36,B1_1,0.38,0.074,0.098,0.099,0.017,0.01,0.011,0.038,0.02,0.013,0.037,0.053,0.026,0.049,0.047,0.028
36,B1_2,0.317,0.127,0.055,0.158,0.039,0.022,0.044,0.03,0.018,0.02,0.007,0.014,0.008,0.048,0.057,0.036
36,B1_3,0.385,0.109,0.045,0.23,0.021,0.006,0.039,0.031,0.017,0.016,0.008,0.015,0.01,0.028,0.02,0.02
36,A2_1,0.357,0.013,0.013,0.016,0.025,0.032,0.026,0.023,0.013,0.012,0.126,0.107,0.066,0.043,0.066,0.061
36,A2_2,0.175,0.007,0.017,0.011,0.009,0.019,0.019,0.024,0.017,0.011,0.303,0.072,0.055,0.063,0.119,0.077
36,A2_3,0.23,0.014,0.04,0.023,0.031,0.022,0.019,0.042,0.025,0.016,0.129,0.067,0.068,0.136,0.071,0.067
36,B2_1,0.491,0.009,0.012,0.011,0.006,0.008,0.009,0.051,0.058,0.074,0.063,0.053,0.026,0.057,0.049,0.022
36,B2_2,0.223,0.012,0.01,0.016,0.016,0.02,0.024,0.081,0.077,0.228,0.008,0.013,0.009,0.148,0.085,0.029
36,B2_3,0.23,0.014,0.023,0.018,0.017,0.018,0.017,0.079,0.081,0.12,0.022,0.019,0.015,0.194,0.096,0.038
36,y1,0.708,0.032,0.012,0.025,0.022,0.015,0.019,0.017,0.012,0.017,0.012,0.037,0.013,0.018,0.023,0.018
36,y2,0.639,0.037,0.023,0.032,0.041,0.018,0.013,0.022,0.019,0.016,0.014,0.031,0.018,0.034,0.02,0.021
36,y3,0.751,0.011,0.005,0.01,0.01,0.009,0.012,0.019,0.026,0.035,0.02,0.029,0.013,0.018,0.018,0.014
38,.,0.105,0.058,0.038,0.065,0.029,0.064,0.035,0.041,0.122,0.084,0.009,0.01,0.015,0.107,0.083,0.134
38,A1_1,0.293,0.011,0.008,0.007,0.038,0.11,0.147,0.021,0.015,0.018,0.01,0.012,0.024,0.116,0.115,0.055
38,A1_2,0.44,0.021,0.012,0.007,0.038,0.164,0.059,0.029,0.008,0.012,0.011,0.022,0.014,0.038,0.097,0.03
38,A1_3,0.191,0.023,0.012,0.021,0.048,0.421,0.059,0.011,0.014,0.008,0.006,0.008,0.005,0.019,0.1,0.057
38,B1_1,0.085,0.065,0.158,0.255,0.017,0.035,0.008,0.02,0.031,0.032,0.038,0.015,0.025,0.032,0.067,0.118
38,B1_2,0.276,0.148,0.108,0.059,0.018,0.079,0.029,0.034,0.011,0.013,0.013,0.028,0.016,0.045,0.085,0.038
38,B1_3,0.09,0.248,0.27,0.153,0.01,0.022,0.008,0.037,0.023,0.022,0.009,0.013,0.011,0.027,0.03,0.027
38,A2_1,0.158,0.005,0.007,0.008,0.019,0.01,0.032,0.019,0.013,0.035,0.092,0.054,0.202,0.216,0.045,0.087
38,A2_2,0.151,0.004,0.014,0.027,0.024,0.023,0.011,0.015,0.011,0.033,0.185,0.042,0.114,0.067,0.093,0.184
38,A2_3,0.265,0.017,0.024,0.027,0.024,0.038,0.017,0.019,0.006,0.014,0.12,0.089,0.094,0.065,0.085,0.097
38,B2_1,0.008,0.001,0.002,0.003,0.004,0.002,0.001,0.018,0.528,0.418,0.001,0.0,0.001,0.004,0.002,0.005
38,B2_2,0.075,0.011,0.014,0.012,0.015,0.01,0.008,0.101,0.165,0.399,0.009,0.004,0.012,0.071,0.041,0.054
38,B2_3,0.003,0.001,0.001,0.002,0.003,0.001,0.001,0.009,0.702,0.27,0.0,0.0,0.001,0.003,0.001,0.003
38,y1,0.3,0.043,0.044,0.038,0.037,0.038,0.019,0.057,0.071,0.093,0.046,0.047,0.056,0.037,0.036,0.04
38,y2,0.192,0.033,0.039,0.035,0.038,0.026,0.018,0.079,0.134,0.18,0.033,0.023,0.047,0.048,0.03,0.045
38,y3,0.116,0.016,0.026,0.035,0.033,0.016,0.014,0.046,0.274,0.254,0.03,0.013,0.049,0.029,0.015,0.033
40,.,0.104,0.016,0.01,0.02,0.033,0.02,0.034,0.051,0.042,0.084,0.059,0.02,0.044,0.197,0.103,0.162
40,A1_1,0.275,0.012,0.011,0.006,0.063,0.12,0.089,0.019,0.024,0.025,0.007,0.013,0.03,0.126,0.074,0.106
40,A1_2,0.192,0.016,0.011,0.006,0.14,0.045,0.146,0.009,0.036,0.047,0.009,0.028,0.019,0.1,0.051,0.143
40,A1_3,0.186,0.017,0.014,0.005,0.111,0.059,0.142,0.01,0.017,0.023,0.006,0.02,0.023,0.133,0.08,0.154
40,B1_1,0.142,0.054,0.037,0.377,0.006,0.007,0.007,0.038,0.016,0.025,0.028,0.014,0.016,0.122,0.074,0.037
40,B1_2,0.446,0.06,0.035,0.032,0.041,0.042,0.052,0.015,0.027,0.019,0.005,0.009,0.005,0.107,0.053,0.055
40,B1_3,0.524,0.067,0.048,0.044,0.023,0.04,0.04,0.012,0.018,0.01,0.007,0.011,0.009,0.068,0.043,0.035
40,A2_1,0.019,0.001,0.002,0.004,0.006,0.01,0.013,0.004,0.002,0.004,0.016,0.078,0.774,0.017,0.022,0.027
40,A2_2,0.067,0.01,0.007,0.019,0.029,0.011,0.034,0.048,0.028,0.059,0.089,0.084,0.184,0.109,0.084,0.138
40,A2_3,0.07,0.009,0.01,0.023,0.017,0.013,0.029,0.025,0.011,0.019,0.059,0.112,0.38,0.069,0.071,0.083
40,B2_1,0.11,0.017,0.006,0.038,0.022,0.012,0.014,0.085,0.117,0.203,0.038,0.012,0.014,0.172,0.055,0.085
40,B2_2,0.105,0.01,0.004,0.012,0.011,0.014,0.011,0.36,0.046,0.066,0.047,0.006,0.016,0.139,0.081,0.073
40,B2_3,0.145,0.027,0.009,0.034,0.014,0.01,0.011,0.209,0.072,0.105,0.038,0.005,0.005,0.172,0.072,0.071
40,y1,0.549,0.018,0.013,0.018,0.019,0.039,0.034,0.028,0.07,0.026,0.041,0.044,0.049,0.017,0.014,0.021
40,y2,0.562,0.02,0.021,0.014,0.019,0.054,0.048,0.026,0.022,0.009,0.029,0.039,0.061,0.021,0.026,0.027
40,y3,0.673,0.022,0.018,0.011,0.019,0.051,0.043,0.018,0.031,0.01,0.016,0.021,0.02,0.015,0.015,0.018
42,.,0.15,0.011,0.094,0.01,0.032,0.021,0.042,0.045,0.029,0.014,0.03,0.329,0.011,0.051,0.063,0.069
42,A1_1,0.093,0.008,0.018,0.003,0.054,0.262,0.156,0.02,0.019,0.019,0.022,0.049,0.023,0.107,0.041,0.106
42,A1_2,0.166,0.015,0.133,0.005,0.138,0.087,0.192,0.056,0.01,0.015,0.011,0.059,0.004,0.044,0.037,0.027
42,A1_3,0.213,0.016,0.046,0.008,0.076,0.174,0.13,0.027,0.015,0.022,0.032,0.05,0.022,0.068,0.043,0.056
42,B1_1,0.44,0.043,0.058,0.31,0.007,0.002,0.003,0.01,0.009,0.008,0.015,0.016,0.017,0.007,0.033,0.021
42,B1_2,0.33,0.045,0.093,0.084,0.022,0.012,0.023,0.036,0.041,0.021,0.014,0.039,0.017,0.033,0.094,0.097
42,B1_3,0.149,0.054,0.186,0.062,0.018,0.01,0.019,0.024,0.042,0.012,0.008,0.025,0.008,0.033,0.158,0.193
42,A2_1,0.403,0.018,0.029,0.037,0.017,0.038,0.026,0.01,0.013,0.012,0.062,0.143,0.058,0.035,0.034,0.067
42,A2_2,0.375,0.011,0.009,0.035,0.011,0.031,0.013,0.01,0.017,0.021,0.14,0.093,0.117,0.042,0.029,0.045
42,A2_3,0.111,0.001,0.002,0.003,0.004,0.036,0.008,0.001,0.002,0.003,0.201,0.473,0.105,0.021,0.005,0.023
42,B2_1,0.228,0.011,0.005,0.017,0.013,0.015,0.013,0.082,0.195,0.114,0.03,0.013,0.033,0.086,0.085,0.06
42,B2_2,0.118,0.011,0.019,0.009,0.027,0.011,0.026,0.215,0.203,0.088,0.008,0.013,0.006,0.076,0.115,0.053
42,B2_3,0.134,0.015,0.015,0.021,0.009,0.006,0.01,0.099,0.293,0.065,0.009,0.013,0.012,0.055,0.141,0.103
42,y1,0.593,0.023,0.033,0.049,0.025,0.029,0.031,0.026,0.018,0.022,0.024,0.034,0.028,0.019,0.026,0.021
42,y2,0.489,0.01,0.064,0.02,0.017,0.018,0.027,0.011,0.005,0.005,0.024,0.271,0.014,0.007,0.01,0.01
42,y3,0.455,0.024,0.124,0.025,0.042,0.054,0.058,0.023,0.011,0.012,0.023,0.065,0.015,0.016,0.028,0.023
44,.,0.133,0.024,0.021,0.025,0.061,0.024,0.059,0.043,0.069,0.129,0.037,0.057,0.038,0.091,0.096,0.093
44,A1_1,0.135,0.007,0.014,0.005,0.073,0.189,0.215,0.007,0.003,0.004,0.007,0.008,0.014,0.044,0.231,0.043
44,A1_2,0.384,0.004,0.007,0.003,0.32,0.036,0.093,0.013,0.013,0.038,0.006,0.005,0.006,0.029,0.03,0.014
44,A1_3,0.297,0.02,0.042,0.025,0.023,0.103,0.049,0.019,0.009,0.006,0.011,0.005,0.02,0.064,0.258,0.049
44,B1_1,0.184,0.067,0.161,0.073,0.016,0.034,0.03,0.014,0.014,0.01,0.031,0.021,0.027,0.089,0.158,0.071
44,B1_2,0.115,0.098,0.095,0.083,0.015,0.018,0.022,0.023,0.021,0.02,0.022,0.018,0.019,0.15,0.163,0.119
44,B1_3,0.397,0.067,0.147,0.079,0.016,0.017,0.013,0.022,0.015,0.012,0.015,0.005,0.011,0.073,0.078,0.033
44,A2_1,0.08,0.011,0.017,0.011,0.011,0.015,0.018,0.014,0.014,0.025,0.081,0.162,0.332,0.046,0.073,0.09
44,A2_2,0.084,0.005,0.009,0.006,0.008,0.017,0.013,0.014,0.013,0.022,0.077,0.132,0.449,0.028,0.06,0.062
44,A2_3,0.114,0.011,0.021,0.011,0.043,0.011,0.031,0.015,0.035,0.094,0.098,0.24,0.153,0.039,0.029,0.053
44,B2_1,0.074,0.003,0.003,0.007,0.029,0.004,0.011,0.059,0.187,0.512,0.019,0.025,0.018,0.018,0.013,0.018
44,B2_2,0.659,0.004,0.005,0.006,0.055,0.008,0.01,0.066,0.037,0.092,0.005,0.002,0.007,0.02,0.014,0.007
44,B2_3,0.349,0.01,0.01,0.021,0.017,0.016,0.015,0.185,0.093,0.128,0.012,0.007,0.021,0.036,0.058,0.024
44,y1,0.57,0.012,0.024,0.021,0.025,0.033,0.02,0.049,0.027,0.03,0.022,0.011,0.041,0.034,0.059,0.022
44,y2,0.364,0.023,0.054,0.038,0.068,0.021,0.03,0.024,0.065,0.085,0.054,0.04,0.031,0.043,0.032,0.028
44,y3,0.232,0.012,0.026,0.016,0.128,0.022,0.067,0.023,0.073,0.154,0.05,0.072,0.031,0.036,0.03,0.029
46,.,0.113,0.054,0.035,0.028,0.03,0.021,0.02,0.02,0.02,0.023,0.019,0.022,0.012,0.234,0.199,0.151
46,A1_1,0.182,0.011,0.014,0.009,0.115,0.103,0.037,0.009,0.015,0.008,0.018,0.026,0.026,0.204,0.106,0.115
46,A1_2,0.069,0.012,0.008,0.006,0.086,0.037,0.025,0.007,0.009,0.005,0.008,0.009,0.012,0.302,0.266,0.139
46,A1_3,0.084,0.005,0.009,0.006,0.314,0.14,0.047,0.002,0.011,0.002,0.004,0.004,0.005,0.216,0.055,0.096
46,B1_1,0.167,0.113,0.134,0.054,0.043,0.013,0.043,0.011,0.004,0.014,0.021,0.024,0.015,0.179,0.056,0.11
46,B1_2,0.127,0.16,0.089,0.071,0.029,0.01,0.03,0.015,0.005,0.017,0.027,0.025,0.013,0.158,0.101,0.123
46,B1_3,0.253,0.07,0.156,0.036,0.028,0.014,0.037,0.014,0.01,0.021,0.021,0.038,0.018,0.169,0.03,0.085
46,A2_1,0.272,0.016,0.012,0.009,0.013,0.025,0.012,0.032,0.014,0.038,0.078,0.143,0.093,0.076,0.11,0.058
46,A2_2,0.207,0.026,0.014,0.015,0.021,0.022,0.016,0.032,0.014,0.036,0.053,0.068,0.056,0.105,0.23,0.084
46,A2_3,0.229,0.044,0.017,0.018,0.008,0.015,0.006,0.017,0.007,0.047,0.226,0.119,0.054,0.044,0.113,0.037
46,B2_1,0.391,0.009,0.014,0.012,0.026,0.024,0.025,0.041,0.207,0.04,0.014,0.023,0.011,0.077,0.042,0.044
46,B2_2,0.297,0.019,0.01,0.025,0.032,0.015,0.032,0.068,0.065,0.053,0.02,0.023,0.02,0.065,0.196,0.061
46,B2_3,0.281,0.024,0.014,0.032,0.025,0.008,0.033,0.082,0.064,0.071,0.015,0.016,0.015,0.056,0.209,0.054
46,y1,0.562,0.008,0.012,0.017,0.037,0.018,0.048,0.047,0.083,0.032,0.013,0.022,0.016,0.032,0.026,0.026
46,y2,0.598,0.006,0.015,0.014,0.045,0.018,0.065,0.036,0.077,0.022,0.007,0.017,0.014,0.03,0.013,0.023
46,y3,0.467,0.019,0.021,0.043,0.082,0.016,0.104,0.041,0.038,0.022,0.009,0.012,0.012,0.039,0.036,0.039
48,.,0.069,0.02,0.051,0.033,0.039,0.03,0.057,0.021,0.073,0.027,0.012,0.012,0.017,0.132,0.112,0.295
48,A1_1,0.091,0.008,0.022,0.022,0.134,0.081,0.23,0.012,0.02,0.012,0.008,0.009,0.019,0.071,0.047,0.215
48,A1_2,0.115,0.005,0.026,0.014,0.209,0.07,0.195,0.008,0.039,0.015,0.005,0.006,0.012,0.061,0.027,0.193
48,A1_3,0.134,0.007,0.043,0.015,0.199,0.097,0.16,0.006,0.023,0.009,0.007,0.01,0.019,0.057,0.023,0.192
48,B1_1,0.125,0.071,0.078,0.335,0.025,0.017,0.021,0.028,0.045,0.006,0.011,0.005,0.005,0.057,0.039,0.132
48,B1_2,0.062,0.269,0.046,0.229,0.004,0.018,0.012,0.063,0.034,0.007,0.014,0.008,0.013,0.042,0.123,0.055
48,B1_3,0.048,0.076,0.607,0.071,0.018,0.025,0.012,0.003,0.008,0.0,0.004,0.003,0.004,0.019,0.018,0.084
48,A2_1,0.138,0.033,0.02,0.02,0.026,0.058,0.045,0.032,0.042,0.043,0.056,0.062,0.095,0.108,0.111,0.111
48,A2_2,0.039,0.02,0.002,0.004,0.003,0.004,0.002,0.003,0.004,0.003,0.837,0.021,0.026,0.016,0.01,0.007
48,A2_3,0.108,0.026,0.02,0.008,0.015,0.05,0.019,0.011,0.012,0.019,0.155,0.14,0.186,0.086,0.067,0.077
48,B2_1,0.095,0.004,0.001,0.009,0.011,0.006,0.013,0.066,0.202,0.333,0.021,0.021,0.015,0.097,0.058,0.047
48,B2_2,0.129,0.011,0.003,0.03,0.007,0.009,0.011,0.152,0.176,0.249,0.008,0.021,0.014,0.071,0.073,0.036
48,B2_3,0.258,0.013,0.003,0.049,0.011,0.007,0.007,0.117,0.268,0.161,0.009,0.01,0.006,0.039,0.023,0.018
48,y1,0.324,0.057,0.012,0.059,0.026,0.048,0.03,0.068,0.072,0.043,0.041,0.034,0.043,0.054,0.05,0.04
48,y2,0.401,0.051,0.012,0.038,0.031,0.024,0.014,0.022,0.045,0.016,0.217,0.029,0.028,0.035,0.016,0.021
48,y3,0.429,0.033,0.023,0.038,0.061,0.083,0.041,0.025,0.031,0.017,0.036,0.036,0.044,0.039,0.022,0.041
50,.,0.1,0.039,0.05,0.102,0.022,0.102,0.024,0.013,0.011,0.012,0.018,0.019,0.019,0.177,0.141,0.153
50,A1_1,0.035,0.007,0.003,0.002,0.052,0.538,0.254,0.003,0.004,0.005,0.004,0.004,0.009,0.025,0.032,0.023
50,A1_2,0.054,0.007,0.006,0.005,0.068,0.158,0.369,0.008,0.012,0.018,0.009,0.007,0.014,0.104,0.107,0.054
50,A1_3,0.048,0.009,0.009,0.009,0.037,0.617,0.064,0.004,0.004,0.007,0.008,0.011,0.013,0.046,0.053,0.06
50,B1_1,0.049,0.065,0.132,0.615,0.003,0.01,0.001,0.005,0.002,0.001,0.005,0.01,0.004,0.037,0.017,0.045
50,B1_2,0.244,0.406,0.048,0.083,0.012,0.02,0.009,0.015,0.022,0.005,0.008,0.016,0.011,0.026,0.026,0.048
50,B1_3,0.23,0.502,0.042,0.051,0.009,0.014,0.005,0.016,0.024,0.005,0.006,0.009,0.011,0.019,0.024,0.034
50,A2_1,0.288,0.033,0.016,0.033,0.012,0.034,0.018,0.028,0.027,0.018,0.079,0.1,0.06,0.072,0.057,0.125
50,A2_2,0.199,0.023,0.014,0.022,0.026,0.028,0.014,0.02,0.019,0.014,0.193,0.085,0.17,0.05,0.046,0.077
