,,.,A1_1,A1_2,A1_3,B1_1,B1_2,B1_3,A2_1,A2_2,A2_3,B2_1,B2_2,B2_3,y1,y2,y3
1,.,1.0,-0.06,-0.127,0.314,-0.118,-0.015,0.045,0.114,0.256,-0.027,-0.003,-0.238,0.186,0.004,0.268,0.069
1,A1_1,-0.06,1.0,-0.156,-0.095,-0.048,0.132,0.027,-0.108,-0.129,0.139,-0.039,0.026,0.071,0.087,0.011,-0.031
1,A1_2,-0.127,-0.156,1.0,0.048,0.123,0.164,0.016,-0.055,-0.096,0.156,0.111,-0.085,0.051,-0.068,0.067,0.021
1,A1_3,0.314,-0.095,0.048,1.0,-0.079,0.022,-0.12,0.078,0.048,0.116,-0.093,-0.165,0.109,0.265,-0.091,0.15
1,B1_1,-0.118,-0.048,0.123,-0.079,1.0,0.283,0.203,-0.095,0.04,-0.068,-0.205,0.134,0.079,-0.054,0.156,-0.105
1,B1_2,-0.015,0.132,0.164,0.022,0.283,1.0,-0.023,-0.191,-0.115,0.176,-0.308,-0.049,0.01,-0.084,0.039,-0.106
1,B1_3,0.045,0.027,0.016,-0.12,0.203,-0.023,1.0,0.209,0.186,0.148,-0.065,0.045,-0.14,-0.101,-0.057,-0.081
1,A2_1,0.114,-0.108,-0.055,0.078,-0.095,-0.191,0.209,1.0,0.069,-0.01,0.082,0.039,0.079,-0.011,-0.26,-0.134
1,A2_2,0.256,-0.129,-0.096,0.048,0.04,-0.115,0.186,0.069,1.0,-0.008,-0.19,-0.096,0.049,0.031,0.164,-0.037
1,A2_3,-0.027,0.139,0.156,0.116,-0.068,0.176,0.148,-0.01,-0.008,1.0,-0.067,0.174,0.206,0.059,0.003,0.1
1,B2_1,-0.003,-0.039,0.111,-0.093,-0.205,-0.308,-0.065,0.082,-0.19,-0.067,1.0,0.106,0.004,0.183,0.084,0.015
1,B2_2,-0.238,0.026,-0.085,-0.165,0.134,-0.049,0.045,0.039,-0.096,0.174,0.106,1.0,0.061,0.108,0.015,0.067
1,B2_3,0.186,0.071,0.051,0.109,0.079,0.01,-0.14,0.079,0.049,0.206,0.004,0.061,1.0,0.018,0.191,-0.139
1,y1,0.004,0.087,-0.068,0.265,-0.054,-0.084,-0.101,-0.011,0.031,0.059,0.183,0.108,0.018,1.0,0.071,0.134
1,y2,0.268,0.011,0.067,-0.091,0.156,0.039,-0.057,-0.26,0.164,0.003,0.084,0.015,0.191,0.071,1.0,0.048
1,y3,0.069,-0.031,0.021,0.15,-0.105,-0.106,-0.081,-0.134,-0.037,0.1,0.015,0.067,-0.139,0.134,0.048,1.0
2,.,1.0,-0.07,-0.131,0.284,-0.104,-0.041,0.059,0.127,0.26,-0.037,-0.023,-0.227,0.171,0.003,0.261,0.04
2,A1_1,-0.07,1.0,-0.148,-0.088,-0.048,0.127,0.028,-0.103,-0.12,0.146,-0.033,0.019,0.074,0.084,0.012,-0.032
2,A1_2,-0.131,-0.148,1.0,0.047,0.12,0.157,0.016,-0.057,-0.095,0.157,0.116,-0.094,0.054,-0.065,0.073,0.026
2,A1_3,0.284,-0.088,0.047,1.0,-0.075,0.024,-0.116,0.076,0.048,0.117,-0.082,-0.166,0.118,0.271,-0.084,0.156
2,B1_1,-0.104,-0.048,0.12,-0.075,1.0,0.294,0.2,-0.102,0.03,-0.071,-0.204,0.145,0.082,-0.056,0.152,-0.109
2,B1_2,-0.041,0.127,0.157,0.024,0.294,1.0,-0.017,-0.199,-0.128,0.167,-0.292,-0.024,0.024,-0.075,0.044,-0.099
2,B1_3,0.059,0.028,0.016,-0.116,0.2,-0.017,1.0,0.204,0.177,0.147,-0.075,0.048,-0.149,-0.102,-0.06,-0.083
2,A2_1,0.127,-0.103,-0.057,0.076,-0.102,-0.199,0.204,1.0,0.068,-0.01,0.081,0.025,0.076,-0.011,-0.258,-0.131
2,A2_2,0.26,-0.12,-0.095,0.048,0.03,-0.128,0.177,0.068,1.0,-0.005,-0.193,-0.113,0.042,0.032,0.169,-0.034
2,A2_3,-0.037,0.146,0.157,0.117,-0.071,0.167,0.147,-0.01,-0.005,1.0,-0.064,0.163,0.207,0.062,0.009,0.104
2,B2_1,-0.023,-0.033,0.116,-0.082,-0.204,-0.292,-0.075,0.081,-0.193,-0.064,1.0,0.112,0.001,0.188,0.086,0.016
2,B2_2,-0.227,0.019,-0.094,-0.166,0.145,-0.024,0.048,0.025,-0.113,0.163,0.112,1.0,0.071,0.112,0.018,0.068
2,B2_3,0.171,0.074,0.054,0.118,0.082,0.024,-0.149,0.076,0.042,0.207,0.001,0.071,1.0,0.02,0.192,-0.139
2,y1,0.003,0.084,-0.065,0.271,-0.056,-0.075,-0.102,-0.011,0.032,0.062,0.188,0.112,0.02,1.0,0.065,0.138
2,y2,0.261,0.012,0.073,-0.084,0.152,0.044,-0.06,-0.258,0.169,0.009,0.086,0.018,0.192,0.065,1.0,0.051
2,y3,0.04,-0.032,0.026,0.156,-0.109,-0.099,-0.083,-0.131,-0.034,0.104,0.016,0.068,-0.139,0.138,0.051,1.0
3,.,1.0,-0.08,-0.134,0.249,-0.094,-0.068,0.068,0.137,0.261,-0.047,-0.044,-0.217,0.151,-0.002,0.246,0.009
3,A1_1,-0.08,1.0,-0.139,-0.08,-0.05,0.119,0.027,-0.097,-0.11,0.153,-0.03,0.01,0.075,0.081,0.012,-0.032
3,A1_2,-0.134,-0.139,1.0,0.047,0.116,0.148,0.014,-0.058,-0.093,0.16,0.12,-0.103,0.055,-0.062,0.079,0.03
3,A1_3,0.249,-0.08,0.047,1.0,-0.071,0.026,-0.11,0.075,0.049,0.119,-0.07,-0.166,0.128,0.275,-0.077,0.16
3,B1_1,-0.094,-0.05,0.116,-0.071,1.0,0.308,0.201,-0.109,0.019,-0.074,-0.199,0.158,0.089,-0.06,0.146,-0.114
3,B1_2,-0.068,0.119,0.148,0.026,0.308,1.0,-0.005,-0.207,-0.141,0.158,-0.272,0.005,0.044,-0.067,0.048,-0.094
3,B1_3,0.068,0.027,0.014,-0.11,0.201,-0.005,1.0,0.199,0.168,0.146,-0.081,0.055,-0.153,-0.103,-0.062,-0.086
3,A2_1,0.137,-0.097,-0.058,0.075,-0.109,-0.207,0.199,1.0,0.068,-0.009,0.08,0.011,0.072,-0.011,-0.255,-0.128
3,A2_2,0.261,-0.11,-0.093,0.049,0.019,-0.141,0.168,0.068,1.0,-0.001,-0.197,-0.13,0.035,0.033,0.172,-0.031
3,A2_3,-0.047,0.153,0.16,0.119,-0.074,0.158,0.146,-0.009,-0.001,1.0,-0.06,0.151,0.208,0.064,0.014,0.107
3,B2_1,-0.044,-0.03,0.12,-0.07,-0.199,-0.272,-0.081,0.08,-0.197,-0.06,1.0,0.122,0.002,0.191,0.087,0.016
3,B2_2,-0.217,0.01,-0.103,-0.166,0.158,0.005,0.055,0.011,-0.13,0.151,0.122,1.0,0.085,0.114,0.019,0.067
3,B2_3,0.151,0.075,0.055,0.128,0.089,0.044,-0.153,0.072,0.035,0.208,0.002,0.085,1.0,0.021,0.191,-0.14
3,y1,-0.002,0.081,-0.062,0.275,-0.06,-0.067,-0.103,-0.011,0.033,0.064,0.191,0.114,0.021,1.0,0.061,0.143
3,y2,0.246,0.012,0.079,-0.077,0.146,0.048,-0.062,-0.255,0.172,0.014,0.087,0.019,0.191,0.061,1.0,0.056
3,y3,0.009,-0.032,0.03,0.16,-0.114,-0.094,-0.086,-0.128,-0.031,0.107,0.016,0.067,-0.14,0.143,0.056,1.0
4,.,1.0,-0.087,-0.136,0.212,-0.087,-0.097,0.073,0.144,0.259,-0.057,-0.066,-0.211,0.126,-0.011,0.226,-0.024
4,A1_1,-0.087,1.0,-0.129,-0.072,-0.053,0.11,0.024,-0.089,-0.099,0.162,-0.028,-0.001,0.073,0.078,0.012,-0.033
4,A1_2,-0.136,-0.129,1.0,0.048,0.111,0.137,0.011,-0.058,-0.09,0.163,0.122,-0.113,0.055,-0.06,0.085,0.034
4,A1_3,0.212,-0.072,0.048,1.0,-0.066,0.027,-0.104,0.074,0.052,0.121,-0.059,-0.166,0.138,0.278,-0.071,0.163
4,B1_1,-0.087,-0.053,0.111,-0.066,1.0,0.325,0.206,-0.117,0.007,-0.077,-0.189,0.174,0.1,-0.064,0.139,-0.119
4,B1_2,-0.097,0.11,0.137,0.027,0.325,1.0,0.012,-0.215,-0.154,0.148,-0.246,0.037,0.068,-0.062,0.05,-0.09
4,B1_3,0.073,0.024,0.011,-0.104,0.206,0.012,1.0,0.192,0.156,0.143,-0.082,0.067,-0.151,-0.104,-0.065,-0.089
4,A2_1,0.144,-0.089,-0.058,0.074,-0.117,-0.215,0.192,1.0,0.069,-0.007,0.078,-0.004,0.067,-0.01,-0.253,-0.125
4,A2_2,0.259,-0.099,-0.09,0.052,0.007,-0.154,0.156,0.069,1.0,0.004,-0.202,-0.147,0.026,0.033,0.176,-0.028
4,A2_3,-0.057,0.162,0.163,0.121,-0.077,0.148,0.143,-0.007,0.004,1.0,-0.057,0.139,0.207,0.066,0.019,0.11
4,B2_1,-0.066,-0.028,0.122,-0.059,-0.189,-0.246,-0.082,0.078,-0.202,-0.057,1.0,0.135,0.007,0.193,0.088,0.015
4,B2_2,-0.211,-0.001,-0.113,-0.166,0.174,0.037,0.067,-0.004,-0.147,0.139,0.135,1.0,0.103,0.114,0.019,0.065
4,B2_3,0.126,0.073,0.055,0.138,0.1,0.068,-0.151,0.067,0.026,0.207,0.007,0.103,1.0,0.021,0.189,-0.141
4,y1,-0.011,0.078,-0.06,0.278,-0.064,-0.062,-0.104,-0.01,0.033,0.066,0.193,0.114,0.021,1.0,0.059,0.151
4,y2,0.226,0.012,0.085,-0.071,0.139,0.05,-0.065,-0.253,0.176,0.019,0.088,0.019,0.189,0.059,1.0,0.063
4,y3,-0.024,-0.033,0.034,0.163,-0.119,-0.09,-0.089,-0.125,-0.028,0.11,0.015,0.065,-0.141,0.151,0.063,1.0
5,.,1.0,-0.093,-0.136,0.174,-0.084,-0.128,0.072,0.148,0.255,-0.066,-0.09,-0.208,0.096,-0.021,0.202,-0.056
5,A1_1,-0.093,1.0,-0.118,-0.063,-0.058,0.098,0.02,-0.081,-0.087,0.17,-0.028,-0.012,0.07,0.075,0.012,-0.033
5,A1_2,-0.136,-0.118,1.0,0.05,0.104,0.125,0.007,-0.057,-0.085,0.167,0.123,-0.123,0.054,-0.057,0.091,0.038
5,A1_3,0.174,-0.063,0.05,1.0,-0.062,0.029,-0.097,0.075,0.055,0.125,-0.047,-0.165,0.146,0.28,-0.066,0.165
5,B1_1,-0.084,-0.058,0.104,-0.062,1.0,0.344,0.214,-0.125,-0.007,-0.08,-0.175,0.194,0.115,-0.07,0.131,-0.125
5,B1_2,-0.128,0.098,0.125,0.029,0.344,1.0,0.034,-0.224,-0.167,0.137,-0.216,0.071,0.096,-0.059,0.049,-0.087
5,B1_3,0.072,0.02,0.007,-0.097,0.214,0.034,1.0,0.183,0.143,0.14,-0.079,0.083,-0.142,-0.106,-0.069,-0.093
5,A2_1,0.148,-0.081,-0.057,0.075,-0.125,-0.224,0.183,1.0,0.072,-0.004,0.075,-0.019,0.061,-0.01,-0.25,-0.122
5,A2_2,0.255,-0.087,-0.085,0.055,-0.007,-0.167,0.143,0.072,1.0,0.01,-0.208,-0.164,0.016,0.034,0.18,-0.025
5,A2_3,-0.066,0.17,0.167,0.125,-0.08,0.137,0.14,-0.004,0.01,1.0,-0.054,0.127,0.205,0.068,0.024,0.112
5,B2_1,-0.09,-0.028,0.123,-0.047,-0.175,-0.216,-0.079,0.075,-0.208,-0.054,1.0,0.152,0.017,0.193,0.087,0.013
5,B2_2,-0.208,-0.012,-0.123,-0.165,0.194,0.071,0.083,-0.019,-0.164,0.127,0.152,1.0,0.124,0.112,0.018,0.062
5,B2_3,0.096,0.07,0.054,0.146,0.115,0.096,-0.142,0.061,0.016,0.205,0.017,0.124,1.0,0.018,0.184,-0.143
5,y1,-0.021,0.075,-0.057,0.28,-0.07,-0.059,-0.106,-0.01,0.034,0.068,0.193,0.112,0.018,1.0,0.059,0.16
5,y2,0.202,0.012,0.091,-0.066,0.131,0.049,-0.069,-0.25,0.18,0.024,0.087,0.018,0.184,0.059,1.0,0.072
5,y3,-0.056,-0.033,0.038,0.165,-0.125,-0.087,-0.093,-0.122,-0.025,0.112,0.013,0.062,-0.143,0.16,0.072,1.0
6,.,1.0,-0.096,-0.135,0.137,-0.085,-0.16,0.066,0.152,0.25,-0.074,-0.114,-0.208,0.064,-0.033,0.176,-0.086
6,A1_1,-0.096,1.0,-0.107,-0.054,-0.063,0.085,0.014,-0.072,-0.074,0.179,-0.029,-0.025,0.065,0.073,0.012,-0.033
6,A1_2,-0.135,-0.107,1.0,0.053,0.096,0.112,0.001,-0.054,-0.079,0.172,0.122,-0.134,0.05,-0.054,0.096,0.042
6,A1_3,0.137,-0.054,0.053,1.0,-0.058,0.029,-0.091,0.077,0.06,0.129,-0.036,-0.165,0.154,0.281,-0.061,0.167
6,B1_1,-0.085,-0.063,0.096,-0.058,1.0,0.365,0.225,-0.134,-0.021,-0.084,-0.157,0.215,0.133,-0.077,0.12,-0.132
6,B1_2,-0.16,0.085,0.112,0.029,0.365,1.0,0.061,-0.232,-0.181,0.125,-0.182,0.108,0.128,-0.058,0.046,-0.087
6,B1_3,0.066,0.014,0.001,-0.091,0.225,0.061,1.0,0.173,0.128,0.136,-0.071,0.104,-0.127,-0.11,-0.074,-0.098
6,A2_1,0.152,-0.072,-0.054,0.077,-0.134,-0.232,0.173,1.0,0.076,0.0,0.071,-0.035,0.054,-0.01,-0.246,-0.118
6,A2_2,0.25,-0.074,-0.079,0.06,-0.021,-0.181,0.128,0.076,1.0,0.018,-0.214,-0.182,0.004,0.036,0.184,-0.021
6,A2_3,-0.074,0.179,0.172,0.129,-0.084,0.125,0.136,0.0,0.018,1.0,-0.052,0.113,0.202,0.069,0.028,0.113
6,B2_1,-0.114,-0.029,0.122,-0.036,-0.157,-0.182,-0.071,0.071,-0.214,-0.052,1.0,0.171,0.031,0.19,0.085,0.01
6,B2_2,-0.208,-0.025,-0.134,-0.165,0.215,0.108,0.104,-0.035,-0.182,0.113,0.171,1.0,0.149,0.108,0.015,0.056
6,B2_3,0.064,0.065,0.05,0.154,0.133,0.128,-0.127,0.054,0.004,0.202,0.031,0.149,1.0,0.014,0.177,-0.146
6,y1,-0.033,0.073,-0.054,0.281,-0.077,-0.058,-0.11,-0.01,0.036,0.069,0.19,0.108,0.014,1.0,0.062,0.171
6,y2,0.176,0.012,0.096,-0.061,0.12,0.046,-0.074,-0.246,0.184,0.028,0.085,0.015,0.177,0.062,1.0,0.083
6,y3,-0.086,-0.033,0.042,0.167,-0.132,-0.087,-0.098,-0.118,-0.021,0.113,0.01,0.056,-0.146,0.171,0.083,1.0
7,.,1.0,-0.098,-0.133,0.101,-0.091,-0.192,0.055,0.154,0.244,-0.082,-0.14,-0.213,0.028,-0.045,0.149,-0.112
7,A1_1,-0.098,1.0,-0.095,-0.044,-0.071,0.071,0.006,-0.062,-0.06,0.189,-0.032,-0.038,0.057,0.07,0.013,-0.032
7,A1_2,-0.133,-0.095,1.0,0.057,0.086,0.097,-0.006,-0.05,-0.071,0.177,0.119,-0.146,0.045,-0.052,0.101,0.046
7,A1_3,0.101,-0.044,0.057,1.0,-0.054,0.029,-0.085,0.079,0.065,0.134,-0.026,-0.165,0.16,0.28,-0.057,0.167
7,B1_1,-0.091,-0.071,0.086,-0.054,1.0,0.388,0.241,-0.143,-0.036,-0.088,-0.134,0.24,0.156,-0.086,0.108,-0.14
7,B1_2,-0.192,0.071,0.097,0.029,0.388,1.0,0.092,-0.24,-0.196,0.113,-0.143,0.147,0.163,-0.06,0.04,-0.09
7,B1_3,0.055,0.006,-0.006,-0.085,0.241,0.092,1.0,0.162,0.111,0.13,-0.057,0.127,-0.106,-0.115,-0.081,-0.105
7,A2_1,0.154,-0.062,-0.05,0.079,-0.143,-0.24,0.162,1.0,0.081,0.006,0.065,-0.051,0.045,-0.009,-0.241,-0.115
7,A2_2,0.244,-0.06,-0.071,0.065,-0.036,-0.196,0.111,0.081,1.0,0.026,-0.221,-0.199,-0.008,0.037,0.188,-0.017
7,A2_3,-0.082,0.189,0.177,0.134,-0.088,0.113,0.13,0.006,0.026,1.0,-0.051,0.099,0.197,0.07,0.032,0.115
7,B2_1,-0.14,-0.032,0.119,-0.026,-0.134,-0.143,-0.057,0.065,-0.221,-0.051,1.0,0.193,0.049,0.185,0.081,0.005
7,B2_2,-0.213,-0.038,-0.146,-0.165,0.24,0.147,0.127,-0.051,-0.199,0.099,0.193,1.0,0.177,0.101,0.009,0.049
7,B2_3,0.028,0.057,0.045,0.16,0.156,0.163,-0.106,0.045,-0.008,0.197,0.049,0.177,1.0,0.007,0.167,-0.15
7,y1,-0.045,0.07,-0.052,0.28,-0.086,-0.06,-0.115,-0.009,0.037,0.07,0.185,0.101,0.007,1.0,0.068,0.185
7,y2,0.149,0.013,0.101,-0.057,0.108,0.04,-0.081,-0.241,0.188,0.032,0.081,0.009,0.167,0.068,1.0,0.097
7,y3,-0.112,-0.032,0.046,0.167,-0.14,-0.09,-0.105,-0.115,-0.017,0.115,0.005,0.049,-0.15,0.185,0.097,1.0
8,.,1.0,-0.097,-0.129,0.067,-0.101,-0.224,0.038,0.155,0.238,-0.087,-0.166,-0.222,-0.01,-0.055,0.124,-0.135
8,A1_1,-0.097,1.0,-0.082,-0.033,-0.079,0.056,-0.004,-0.052,-0.046,0.199,-0.037,-0.053,0.049,0.068,0.015,-0.031
8,A1_2,-0.129,-0.082,1.0,0.062,0.075,0.081,-0.014,-0.044,-0.062,0.184,0.115,-0.159,0.039,-0.048,0.106,0.049
8,A1_3,0.067,-0.033,0.062,1.0,-0.051,0.027,-0.079,0.083,0.071,0.139,-0.016,-0.165,0.165,0.279,-0.054,0.167
8,B1_1,-0.101,-0.079,0.075,-0.051,1.0,0.413,0.259,-0.153,-0.052,-0.093,-0.106,0.265,0.181,-0.097,0.093,-0.149
8,B1_2,-0.224,0.056,0.081,0.027,0.413,1.0,0.126,-0.249,-0.211,0.099,-0.101,0.186,0.199,-0.066,0.031,-0.095
8,B1_3,0.038,-0.004,-0.014,-0.079,0.259,0.126,1.0,0.149,0.093,0.124,-0.038,0.155,-0.079,-0.123,-0.089,-0.113
8,A2_1,0.155,-0.052,-0.044,0.083,-0.153,-0.249,0.149,1.0,0.087,0.012,0.058,-0.068,0.036,-0.008,-0.236,-0.11
8,A2_2,0.238,-0.046,-0.062,0.071,-0.052,-0.211,0.093,0.087,1.0,0.036,-0.229,-0.217,-0.022,0.04,0.192,-0.013
8,A2_3,-0.087,0.199,0.184,0.139,-0.093,0.099,0.124,0.012,0.036,1.0,-0.05,0.085,0.19,0.07,0.036,0.116
8,B2_1,-0.166,-0.037,0.115,-0.016,-0.106,-0.101,-0.038,0.058,-0.229,-0.05,1.0,0.217,0.072,0.178,0.074,-0.001
8,B2_2,-0.222,-0.053,-0.159,-0.165,0.265,0.186,0.155,-0.068,-0.217,0.085,0.217,1.0,0.208,0.091,0.001,0.039
8,B2_3,-0.01,0.049,0.039,0.165,0.181,0.199,-0.079,0.036,-0.022,0.19,0.072,0.208,1.0,-0.002,0.154,-0.157
8,y1,-0.055,0.068,-0.048,0.279,-0.097,-0.066,-0.123,-0.008,0.04,0.07,0.178,0.091,-0.002,1.0,0.076,0.2
8,y2,0.124,0.015,0.106,-0.054,0.093,0.031,-0.089,-0.236,0.192,0.036,0.074,0.001,0.154,0.076,1.0,0.112
8,y3,-0.135,-0.031,0.049,0.167,-0.149,-0.095,-0.113,-0.11,-0.013,0.116,-0.001,0.039,-0.157,0.2,0.112,1.0
9,.,1.0,-0.095,-0.124,0.037,-0.115,-0.256,0.016,0.156,0.234,-0.092,-0.194,-0.233,-0.049,-0.064,0.101,-0.153
9,A1_1,-0.095,1.0,-0.068,-0.021,-0.088,0.039,-0.014,-0.04,-0.031,0.21,-0.043,-0.068,0.038,0.067,0.017,-0.029
9,A1_2,-0.124,-0.068,1.0,0.068,0.063,0.064,-0.024,-0.038,-0.051,0.191,0.108,-0.172,0.031,-0.045,0.112,0.053
9,A1_3,0.037,-0.021,0.068,1.0,-0.05,0.025,-0.074,0.087,0.079,0.146,-0.008,-0.166,0.168,0.276,-0.051,0.165
9,B1_1,-0.115,-0.088,0.063,-0.05,1.0,0.438,0.281,-0.163,-0.069,-0.098,-0.075,0.293,0.209,-0.109,0.075,-0.16
9,B1_2,-0.256,0.039,0.064,0.025,0.438,1.0,0.162,-0.258,-0.226,0.085,-0.057,0.226,0.238,-0.074,0.019,-0.102
9,B1_3,0.016,-0.014,-0.024,-0.074,0.281,0.162,1.0,0.134,0.073,0.115,-0.014,0.185,-0.047,-0.132,-0.1,-0.122
9,A2_1,0.156,-0.04,-0.038,0.087,-0.163,-0.258,0.134,1.0,0.095,0.02,0.05,-0.085,0.025,-0.006,-0.23,-0.105
9,A2_2,0.234,-0.031,-0.051,0.079,-0.069,-0.226,0.073,0.095,1.0,0.047,-0.238,-0.236,-0.037,0.042,0.196,-0.008
9,A2_3,-0.092,0.21,0.191,0.146,-0.098,0.085,0.115,0.02,0.047,1.0,-0.051,0.069,0.182,0.071,0.04,0.116
9,B2_1,-0.194,-0.043,0.108,-0.008,-0.075,-0.057,-0.014,0.05,-0.238,-0.051,1.0,0.244,0.099,0.166,0.064,-0.01
9,B2_2,-0.233,-0.068,-0.172,-0.166,0.293,0.226,0.185,-0.085,-0.236,0.069,0.244,1.0,0.24,0.079,-0.009,0.027
9,B2_3,-0.049,0.038,0.031,0.168,0.209,0.238,-0.047,0.025,-0.037,0.182,0.099,0.24,1.0,-0.015,0.137,-0.165
9,y1,-0.064,0.067,-0.045,0.276,-0.109,-0.074,-0.132,-0.006,0.042,0.071,0.166,0.079,-0.015,1.0,0.088,0.217
9,y2,0.101,0.017,0.112,-0.051,0.075,0.019,-0.1,-0.23,0.196,0.04,0.064,-0.009,0.137,0.088,1.0,0.13
9,y3,-0.153,-0.029,0.053,0.165,-0.16,-0.102,-0.122,-0.105,-0.008,0.116,-0.01,0.027,-0.165,0.217,0.13,1.0
10,.,1.0,-0.091,-0.117,0.009,-0.132,-0.288,-0.009,0.156,0.229,-0.094,-0.222,-0.248,-0.089,-0.07,0.081,-0.166
10,A1_1,-0.091,1.0,-0.053,-0.009,-0.099,0.022,-0.026,-0.028,-0.015,0.221,-0.05,-0.083,0.027,0.066,0.019,-0.027
10,A1_2,-0.117,-0.053,1.0,0.074,0.049,0.046,-0.035,-0.03,-0.039,0.199,0.1,-0.185,0.021,-0.04,0.117,0.058
10,A1_3,0.009,-0.009,0.074,1.0,-0.049,0.021,-0.07,0.093,0.087,0.153,-0.001,-0.167,0.169,0.272,-0.048,0.163
10,B1_1,-0.132,-0.099,0.049,-0.049,1.0,0.464,0.305,-0.174,-0.087,-0.105,-0.041,0.321,0.24,-0.124,0.055,-0.173
10,B1_2,-0.288,0.022,0.046,0.021,0.464,1.0,0.201,-0.268,-0.241,0.07,-0.011,0.265,0.277,-0.085,0.004,-0.112
10,B1_3,-0.009,-0.026,-0.035,-0.07,0.305,0.201,1.0,0.118,0.052,0.106,0.014,0.217,-0.01,-0.143,-0.113,-0.134
10,A2_1,0.156,-0.028,-0.03,0.093,-0.174,-0.268,0.118,1.0,0.104,0.028,0.04,-0.102,0.013,-0.004,-0.222,-0.1
10,A2_2,0.229,-0.015,-0.039,0.087,-0.087,-0.241,0.052,0.104,1.0,0.058,-0.247,-0.254,-0.054,0.046,0.201,-0.002
10,A2_3,-0.094,0.221,0.199,0.153,-0.105,0.07,0.106,0.028,0.058,1.0,-0.053,0.053,0.172,0.071,0.044,0.117
10,B2_1,-0.222,-0.05,0.1,-0.001,-0.041,-0.011,0.014,0.04,-0.247,-0.053,1.0,0.273,0.13,0.152,0.052,-0.021
10,B2_2,-0.248,-0.083,-0.185,-0.167,0.321,0.265,0.217,-0.102,-0.254,0.053,0.273,1.0,0.273,0.063,-0.022,0.013
10,B2_3,-0.089,0.027,0.021,0.169,0.24,0.277,-0.01,0.013,-0.054,0.172,0.13,0.273,1.0,-0.03,0.117,-0.175
10,y1,-0.07,0.066,-0.04,0.272,-0.124,-0.085,-0.143,-0.004,0.046,0.071,0.152,0.063,-0.03,1.0,0.102,0.237
10,y2,0.081,0.019,0.117,-0.048,0.055,0.004,-0.113,-0.222,0.201,0.044,0.052,-0.022,0.117,0.102,1.0,0.15
10,y3,-0.166,-0.027,0.058,0.163,-0.173,-0.112,-0.134,-0.1,-0.002,0.117,-0.021,0.013,-0.175,0.237,0.15,1.0
11,.,1.0,-0.085,-0.11,-0.015,-0.152,-0.318,-0.038,0.157,0.226,-0.096,-0.251,-0.264,-0.129,-0.073,0.064,-0.175
11,A1_1,-0.085,1.0,-0.038,0.003,-0.11,0.005,-0.04,-0.014,0.002,0.233,-0.058,-0.099,0.014,0.065,0.022,-0.024
11,A1_2,-0.11,-0.038,1.0,0.082,0.034,0.027,-0.047,-0.02,-0.026,0.208,0.09,-0.199,0.01,-0.035,0.123,0.062
11,A1_3,-0.015,0.003,0.082,1.0,-0.049,0.016,-0.068,0.099,0.097,0.16,0.004,-0.17,0.168,0.268,-0.045,0.161
11,B1_1,-0.152,-0.11,0.034,-0.049,1.0,0.49,0.331,-0.185,-0.105,-0.112,-0.004,0.35,0.272,-0.141,0.032,-0.187
11,B1_2,-0.318,0.005,0.027,0.016,0.49,1.0,0.24,-0.277,-0.256,0.055,0.037,0.304,0.316,-0.099,-0.014,-0.124
11,B1_3,-0.038,-0.04,-0.047,-0.068,0.331,0.24,1.0,0.1,0.029,0.095,0.046,0.25,0.03,-0.157,-0.129,-0.147
11,A2_1,0.157,-0.014,-0.02,0.099,-0.185,-0.277,0.1,1.0,0.114,0.038,0.03,-0.12,-0.0,-0.002,-0.214,-0.094
11,A2_2,0.226,0.002,-0.026,0.097,-0.105,-0.256,0.029,0.114,1.0,0.071,-0.256,-0.272,-0.07,0.05,0.206,0.005
11,A2_3,-0.096,0.233,0.208,0.16,-0.112,0.055,0.095,0.038,0.071,1.0,-0.055,0.037,0.161,0.072,0.048,0.118
11,B2_1,-0.251,-0.058,0.09,0.004,-0.004,0.037,0.046,0.03,-0.256,-0.055,1.0,0.303,0.162,0.134,0.037,-0.034
11,B2_2,-0.264,-0.099,-0.199,-0.17,0.35,0.304,0.25,-0.12,-0.272,0.037,0.303,1.0,0.307,0.045,-0.038,-0.003
11,B2_3,-0.129,0.014,0.01,0.168,0.272,0.316,0.03,-0.0,-0.07,0.161,0.162,0.307,1.0,-0.048,0.094,-0.187
11,y1,-0.073,0.065,-0.035,0.268,-0.141,-0.099,-0.157,-0.002,0.05,0.072,0.134,0.045,-0.048,1.0,0.12,0.258
11,y2,0.064,0.022,0.123,-0.045,0.032,-0.014,-0.129,-0.214,0.206,0.048,0.037,-0.038,0.094,0.12,1.0,0.173
11,y3,-0.175,-0.024,0.062,0.161,-0.187,-0.124,-0.147,-0.094,0.005,0.118,-0.034,-0.003,-0.187,0.258,0.173,1.0
12,.,1.0,-0.079,-0.102,-0.036,-0.174,-0.348,-0.068,0.158,0.223,-0.096,-0.28,-0.283,-0.169,-0.074,0.052,-0.18
12,A1_1,-0.079,1.0,-0.022,0.016,-0.121,-0.013,-0.053,-0.0,0.019,0.244,-0.067,-0.115,0.001,0.065,0.026,-0.021
12,A1_2,-0.102,-0.022,1.0,0.09,0.018,0.008,-0.061,-0.01,-0.012,0.218,0.079,-0.213,-0.003,-0.03,0.129,0.067
12,A1_3,-0.036,0.016,0.09,1.0,-0.05,0.01,-0.066,0.107,0.107,0.169,0.008,-0.173,0.165,0.262,-0.042,0.159
12,B1_1,-0.174,-0.121,0.018,-0.05,1.0,0.516,0.359,-0.196,-0.123,-0.12,0.035,0.38,0.304,-0.16,0.007,-0.202
12,B1_2,-0.348,-0.013,0.008,0.01,0.516,1.0,0.28,-0.287,-0.271,0.039,0.085,0.342,0.355,-0.115,-0.034,-0.138
12,B1_3,-0.068,-0.053,-0.061,-0.066,0.359,0.28,1.0,0.081,0.006,0.082,0.081,0.285,0.072,-0.173,-0.146,-0.163
12,A2_1,0.158,-0.0,-0.01,0.107,-0.196,-0.287,0.081,1.0,0.125,0.048,0.018,-0.138,-0.014,0.001,-0.205,-0.087
12,A2_2,0.223,0.019,-0.012,0.107,-0.123,-0.271,0.006,0.125,1.0,0.084,-0.266,-0.289,-0.088,0.055,0.211,0.012
12,A2_3,-0.096,0.244,0.218,0.169,-0.12,0.039,0.082,0.048,0.084,1.0,-0.059,0.02,0.148,0.072,0.052,0.118
12,B2_1,-0.28,-0.067,0.079,0.008,0.035,0.085,0.081,0.018,-0.266,-0.059,1.0,0.333,0.197,0.114,0.018,-0.05
12,B2_2,-0.283,-0.115,-0.213,-0.173,0.38,0.342,0.285,-0.138,-0.289,0.02,0.333,1.0,0.342,0.025,-0.056,-0.021
12,B2_3,-0.169,0.001,-0.003,0.165,0.304,0.355,0.072,-0.014,-0.088,0.148,0.197,0.342,1.0,-0.068,0.068,-0.2
12,y1,-0.074,0.065,-0.03,0.262,-0.16,-0.115,-0.173,0.001,0.055,0.072,0.114,0.025,-0.068,1.0,0.14,0.282
12,y2,0.052,0.026,0.129,-0.042,0.007,-0.034,-0.146,-0.205,0.211,0.052,0.018,-0.056,0.068,0.14,1.0,0.197
12,y3,-0.18,-0.021,0.067,0.159,-0.202,-0.138,-0.163,-0.087,0.012,0.118,-0.05,-0.021,-0.2,0.282,0.197,1.0
13,.,1.0,-0.072,-0.093,-0.054,-0.197,-0.376,-0.101,0.159,0.222,-0.094,-0.308,-0.302,-0.208,-0.072,0.042,-0.18
13,A1_1,-0.072,1.0,-0.005,0.03,-0.133,-0.031,-0.068,0.015,0.037,0.257,-0.077,-0.131,-0.014,0.066,0.03,-0.017
13,A1_2,-0.093,-0.005,1.0,0.1,0.002,-0.011,-0.075,0.002,0.003,0.228,0.066,-0.228,-0.016,-0.024,0.135,0.072
13,A1_3,-0.054,0.03,0.1,1.0,-0.053,0.003,-0.066,0.115,0.118,0.178,0.011,-0.177,0.16,0.257,-0.039,0.156
13,B1_1,-0.197,-0.133,0.002,-0.053,1.0,0.542,0.387,-0.208,-0.142,-0.128,0.076,0.409,0.338,-0.18,-0.019,-0.219
13,B1_2,-0.376,-0.031,-0.011,0.003,0.542,1.0,0.32,-0.297,-0.286,0.023,0.132,0.378,0.393,-0.134,-0.057,-0.154
13,B1_3,-0.101,-0.068,-0.075,-0.066,0.387,0.32,1.0,0.062,-0.017,0.069,0.119,0.32,0.116,-0.191,-0.166,-0.179
13,A2_1,0.159,0.015,0.002,0.115,-0.208,-0.297,0.062,1.0,0.137,0.06,0.005,-0.155,-0.029,0.005,-0.194,-0.08
13,A2_2,0.222,0.037,0.003,0.118,-0.142,-0.286,-0.017,0.137,1.0,0.098,-0.277,-0.307,-0.106,0.06,0.216,0.019
13,A2_3,-0.094,0.257,0.228,0.178,-0.128,0.023,0.069,0.06,0.098,1.0,-0.064,0.003,0.134,0.073,0.056,0.119
13,B2_1,-0.308,-0.077,0.066,0.011,0.076,0.132,0.119,0.005,-0.277,-0.064,1.0,0.364,0.233,0.09,-0.002,-0.067
13,B2_2,-0.302,-0.131,-0.228,-0.177,0.409,0.378,0.32,-0.155,-0.307,0.003,0.364,1.0,0.376,0.002,-0.075,-0.041
13,B2_3,-0.208,-0.014,-0.016,0.16,0.338,0.393,0.116,-0.029,-0.106,0.134,0.233,0.376,1.0,-0.09,0.04,-0.215
13,y1,-0.072,0.066,-0.024,0.257,-0.18,-0.134,-0.191,0.005,0.06,0.073,0.09,0.002,-0.09,1.0,0.164,0.306
13,y2,0.042,0.03,0.135,-0.039,-0.019,-0.057,-0.166,-0.194,0.216,0.056,-0.002,-0.075,0.04,0.164,1.0,0.224
13,y3,-0.18,-0.017,0.072,0.156,-0.219,-0.154,-0.179,-0.08,0.019,0.119,-0.067,-0.041,-0.215,0.306,0.224,1.0
14,.,1.0,-0.065,-0.083,-0.069,-0.221,-0.403,-0.134,0.161,0.221,-0.092,-0.337,-0.322,-0.245,-0.067,0.037,-0.177
14,A1_1,-0.065,1.0,0.012,0.044,-0.145,-0.048,-0.083,0.03,0.055,0.269,-0.088,-0.147,-0.028,0.067,0.035,-0.012
14,A1_2,-0.083,0.012,1.0,0.11,-0.015,-0.031,-0.09,0.014,0.019,0.239,0.052,-0.242,-0.03,-0.017,0.141,0.077
14,A1_3,-0.069,0.044,0.11,1.0,-0.056,-0.004,-0.067,0.124,0.13,0.187,0.011,-0.181,0.154,0.251,-0.036,0.153
14,B1_1,-0.221,-0.145,-0.015,-0.056,1.0,0.566,0.416,-0.22,-0.16,-0.137,0.117,0.438,0.371,-0.202,-0.048,-0.236
14,B1_2,-0.403,-0.048,-0.031,-0.004,0.566,1.0,0.359,-0.308,-0.301,0.007,0.179,0.413,0.429,-0.154,-0.081,-0.171
14,B1_3,-0.134,-0.083,-0.09,-0.067,0.416,0.359,1.0,0.041,-0.041,0.055,0.158,0.354,0.161,-0.211,-0.188,-0.198
14,A2_1,0.161,0.03,0.014,0.124,-0.22,-0.308,0.041,1.0,0.149,0.072,-0.009,-0.173,-0.044,0.009,-0.183,-0.072
14,A2_2,0.221,0.055,0.019,0.13,-0.16,-0.301,-0.041,0.149,1.0,0.113,-0.288,-0.324,-0.124,0.066,0.222,0.027
14,A2_3,-0.092,0.269,0.239,0.187,-0.137,0.007,0.055,0.072,0.113,1.0,-0.07,-0.014,0.12,0.074,0.06,0.12
14,B2_1,-0.337,-0.088,0.052,0.011,0.117,0.179,0.158,-0.009,-0.288,-0.07,1.0,0.395,0.27,0.064,-0.026,-0.086
14,B2_2,-0.322,-0.147,-0.242,-0.181,0.438,0.413,0.354,-0.173,-0.324,-0.014,0.395,1.0,0.409,-0.022,-0.097,-0.062
14,B2_3,-0.245,-0.028,-0.03,0.154,0.371,0.429,0.161,-0.044,-0.124,0.12,0.27,0.409,1.0,-0.115,0.009,-0.232
14,y1,-0.067,0.067,-0.017,0.251,-0.202,-0.154,-0.211,0.009,0.066,0.074,0.064,-0.022,-0.115,1.0,0.19,0.332
14,y2,0.037,0.035,0.141,-0.036,-0.048,-0.081,-0.188,-0.183,0.222,0.06,-0.026,-0.097,0.009,0.19,1.0,0.252
14,y3,-0.177,-0.012,0.077,0.153,-0.236,-0.171,-0.198,-0.072,0.027,0.12,-0.086,-0.062,-0.232,0.332,0.252,1.0
15,.,1.0,-0.057,-0.074,-0.081,-0.246,-0.428,-0.167,0.163,0.221,-0.089,-0.364,-0.342,-0.281,-0.06,0.034,-0.171
15,A1_1,-0.057,1.0,0.029,0.059,-0.158,-0.066,-0.098,0.046,0.074,0.282,-0.099,-0.163,-0.043,0.069,0.04,-0.007
15,A1_2,-0.074,0.029,1.0,0.121,-0.033,-0.051,-0.105,0.028,0.036,0.251,0.036,-0.257,-0.045,-0.01,0.148,0.083
15,A1_3,-0.081,0.059,0.121,1.0,-0.061,-0.013,-0.069,0.134,0.142,0.198,0.011,-0.186,0.147,0.245,-0.033,0.151
15,B1_1,-0.246,-0.158,-0.033,-0.061,1.0,0.59,0.445,-0.233,-0.179,-0.146,0.159,0.466,0.403,-0.224,-0.078,-0.255
15,B1_2,-0.428,-0.066,-0.051,-0.013,0.59,1.0,0.397,-0.318,-0.316,-0.01,0.225,0.447,0.464,-0.175,-0.107,-0.189
15,B1_3,-0.167,-0.098,-0.105,-0.069,0.445,0.397,1.0,0.021,-0.065,0.04,0.198,0.389,0.206,-0.232,-0.211,-0.217
15,A2_1,0.163,0.046,0.028,0.134,-0.233,-0.318,0.021,1.0,0.163,0.085,-0.024,-0.191,-0.06,0.014,-0.171,-0.064
15,A2_2,0.221,0.074,0.036,0.142,-0.179,-0.316,-0.065,0.163,1.0,0.128,-0.299,-0.341,-0.142,0.073,0.227,0.036
15,A2_3,-0.089,0.282,0.251,0.198,-0.146,-0.01,0.04,0.085,0.128,1.0,-0.077,-0.031,0.104,0.075,0.065,0.121
15,B2_1,-0.364,-0.099,0.036,0.011,0.159,0.225,0.198,-0.024,-0.299,-0.077,1.0,0.426,0.307,0.036,-0.051,-0.106
15,B2_2,-0.342,-0.163,-0.257,-0.186,0.466,0.447,0.389,-0.191,-0.341,-0.031,0.426,1.0,0.442,-0.047,-0.12,-0.084
15,B2_3,-0.281,-0.043,-0.045,0.147,0.403,0.464,0.206,-0.06,-0.142,0.104,0.307,0.442,1.0,-0.14,-0.023,-0.249
15,y1,-0.06,0.069,-0.01,0.245,-0.224,-0.175,-0.232,0.014,0.073,0.075,0.036,-0.047,-0.14,1.0,0.218,0.359
15,y2,0.034,0.04,0.148,-0.033,-0.078,-0.107,-0.211,-0.171,0.227,0.065,-0.051,-0.12,-0.023,0.218,1.0,0.281
15,y3,-0.171,-0.007,0.083,0.151,-0.255,-0.189,-0.217,-0.064,0.036,0.121,-0.106,-0.084,-0.249,0.359,0.281,1.0
16,.,1.0,-0.048,-0.064,-0.091,-0.27,-0.452,-0.199,0.165,0.221,-0.085,-0.39,-0.362,-0.314,-0.05,0.034,-0.163
16,A1_1,-0.048,1.0,0.047,0.074,-0.17,-0.083,-0.113,0.062,0.092,0.295,-0.111,-0.178,-0.059,0.072,0.046,-0.001
16,A1_2,-0.064,0.047,1.0,0.133,-0.051,-0.071,-0.121,0.042,0.054,0.263,0.021,-0.271,-0.061,-0.003,0.154,0.089
16,A1_3,-0.091,0.074,0.133,1.0,-0.066,-0.022,-0.073,0.144,0.156,0.209,0.009,-0.192,0.138,0.239,-0.029,0.148
16,B1_1,-0.27,-0.17,-0.051,-0.066,1.0,0.613,0.474,-0.245,-0.198,-0.155,0.2,0.493,0.435,-0.247,-0.108,-0.273
16,B1_2,-0.452,-0.083,-0.071,-0.022,0.613,1.0,0.434,-0.328,-0.33,-0.026,0.269,0.478,0.497,-0.197,-0.133,-0.208
16,B1_3,-0.199,-0.113,-0.121,-0.073,0.474,0.434,1.0,-0.001,-0.089,0.024,0.238,0.422,0.25,-0.254,-0.235,-0.237
16,A2_1,0.165,0.062,0.042,0.144,-0.245,-0.328,-0.001,1.0,0.177,0.098,-0.039,-0.208,-0.076,0.019,-0.158,-0.056
16,A2_2,0.221,0.092,0.054,0.156,-0.198,-0.33,-0.089,0.177,1.0,0.144,-0.31,-0.357,-0.16,0.08,0.233,0.044
16,A2_3,-0.085,0.295,0.263,0.209,-0.155,-0.026,0.024,0.098,0.144,1.0,-0.085,-0.049,0.088,0.077,0.069,0.122
16,B2_1,-0.39,-0.111,0.021,0.009,0.2,0.269,0.238,-0.039,-0.31,-0.085,1.0,0.456,0.344,0.006,-0.078,-0.128
16,B2_2,-0.362,-0.178,-0.271,-0.192,0.493,0.478,0.422,-0.208,-0.357,-0.049,0.456,1.0,0.473,-0.074,-0.144,-0.106
16,B2_3,-0.314,-0.059,-0.061,0.138,0.435,0.497,0.25,-0.076,-0.16,0.088,0.344,0.473,1.0,-0.167,-0.056,-0.268
16,y1,-0.05,0.072,-0.003,0.239,-0.247,-0.197,-0.254,0.019,0.08,0.077,0.006,-0.074,-0.167,1.0,0.248,0.386
16,y2,0.034,0.046,0.154,-0.029,-0.108,-0.133,-0.235,-0.158,0.233,0.069,-0.078,-0.144,-0.056,0.248,1.0,0.311
16,y3,-0.163,-0.001,0.089,0.148,-0.273,-0.208,-0.237,-0.056,0.044,0.122,-0.128,-0.106,-0.268,0.386,0.311,1.0
17,.,1.0,-0.04,-0.054,-0.099,-0.294,-0.474,-0.231,0.167,0.222,-0.081,-0.416,-0.381,-0.346,-0.039,0.037,-0.152
17,A1_1,-0.04,1.0,0.065,0.09,-0.183,-0.1,-0.128,0.078,0.111,0.308,-0.122,-0.193,-0.074,0.074,0.052,0.005
17,A1_2,-0.054,0.065,1.0,0.145,-0.069,-0.09,-0.137,0.057,0.072,0.275,0.004,-0.285,-0.076,0.005,0.161,0.095
17,A1_3,-0.099,0.09,0.145,1.0,-0.072,-0.032,-0.077,0.156,0.169,0.22,0.005,-0.198,0.128,0.233,-0.025,0.146
17,B1_1,-0.294,-0.183,-0.069,-0.072,1.0,0.635,0.502,-0.258,-0.216,-0.165,0.241,0.519,0.466,-0.271,-0.139,-0.293
17,B1_2,-0.474,-0.1,-0.09,-0.032,0.635,1.0,0.468,-0.338,-0.344,-0.043,0.312,0.509,0.529,-0.22,-0.161,-0.228
17,B1_3,-0.231,-0.128,-0.137,-0.077,0.502,0.468,1.0,-0.022,-0.113,0.008,0.278,0.455,0.293,-0.276,-0.26,-0.258
17,A2_1,0.167,0.078,0.057,0.156,-0.258,-0.338,-0.022,1.0,0.192,0.112,-0.054,-0.225,-0.092,0.024,-0.145,-0.047
17,A2_2,0.222,0.111,0.072,0.169,-0.216,-0.344,-0.113,0.192,1.0,0.16,-0.321,-0.373,-0.178,0.087,0.238,0.053
17,A2_3,-0.081,0.308,0.275,0.22,-0.165,-0.043,0.008,0.112,0.16,1.0,-0.093,-0.066,0.072,0.079,0.074,0.123
17,B2_1,-0.416,-0.122,0.004,0.005,0.241,0.312,0.278,-0.054,-0.321,-0.093,1.0,0.485,0.38,-0.025,-0.105,-0.15
17,B2_2,-0.381,-0.193,-0.285,-0.198,0.519,0.509,0.455,-0.225,-0.373,-0.066,0.485,1.0,0.503,-0.101,-0.169,-0.13
17,B2_3,-0.346,-0.074,-0.076,0.128,0.466,0.529,0.293,-0.092,-0.178,0.072,0.38,0.503,1.0,-0.194,-0.089,-0.287
17,y1,-0.039,0.074,0.005,0.233,-0.271,-0.22,-0.276,0.024,0.087,0.079,-0.025,-0.101,-0.194,1.0,0.279,0.414
17,y2,0.037,0.052,0.161,-0.025,-0.139,-0.161,-0.26,-0.145,0.238,0.074,-0.105,-0.169,-0.089,0.279,1.0,0.341
17,y3,-0.152,0.005,0.095,0.146,-0.293,-0.228,-0.258,-0.047,0.053,0.123,-0.15,-0.13,-0.287,0.414,0.341,1.0
18,.,1.0,-0.032,-0.044,-0.104,-0.317,-0.494,-0.262,0.17,0.223,-0.076,-0.44,-0.4,-0.376,-0.027,0.042,-0.14
18,A1_1,-0.032,1.0,0.084,0.106,-0.195,-0.117,-0.143,0.095,0.13,0.321,-0.135,-0.208,-0.089,0.077,0.058,0.011
18,A1_2,-0.044,0.084,1.0,0.158,-0.087,-0.109,-0.153,0.073,0.091,0.288,-0.013,-0.299,-0.092,0.014,0.167,0.101
18,A1_3,-0.104,0.106,0.158,1.0,-0.079,-0.042,-0.082,0.168,0.184,0.232,0.001,-0.205,0.117,0.227,-0.021,0.144
18,B1_1,-0.317,-0.195,-0.087,-0.079,1.0,0.656,0.529,-0.27,-0.234,-0.175,0.28,0.545,0.496,-0.294,-0.17,-0.312
18,B1_2,-0.494,-0.117,-0.109,-0.042,0.656,1.0,0.502,-0.348,-0.357,-0.059,0.352,0.537,0.559,-0.243,-0.188,-0.247
18,B1_3,-0.262,-0.143,-0.153,-0.082,0.529,0.502,1.0,-0.043,-0.136,-0.008,0.317,0.486,0.334,-0.299,-0.285,-0.278
18,A2_1,0.17,0.095,0.073,0.168,-0.27,-0.348,-0.043,1.0,0.207,0.127,-0.07,-0.242,-0.108,0.03,-0.131,-0.038
18,A2_2,0.223,0.13,0.091,0.184,-0.234,-0.357,-0.136,0.207,1.0,0.177,-0.332,-0.388,-0.195,0.094,0.243,0.062
18,A2_3,-0.076,0.321,0.288,0.232,-0.175,-0.059,-0.008,0.127,0.177,1.0,-0.102,-0.083,0.055,0.081,0.079,0.125
18,B2_1,-0.44,-0.135,-0.013,0.001,0.28,0.352,0.317,-0.07,-0.332,-0.102,1.0,0.513,0.414,-0.057,-0.134,-0.173
18,B2_2,-0.4,-0.208,-0.299,-0.205,0.545,0.537,0.486,-0.242,-0.388,-0.083,0.513,1.0,0.532,-0.129,-0.194,-0.153
18,B2_3,-0.376,-0.089,-0.092,0.117,0.496,0.559,0.334,-0.108,-0.195,0.055,0.414,0.532,1.0,-0.221,-0.123,-0.306
18,y1,-0.027,0.077,0.014,0.227,-0.294,-0.243,-0.299,0.03,0.094,0.081,-0.057,-0.129,-0.221,1.0,0.311,0.442
18,y2,0.042,0.058,0.167,-0.021,-0.17,-0.188,-0.285,-0.131,0.243,0.079,-0.134,-0.194,-0.123,0.311,1.0,0.372
18,y3,-0.14,0.011,0.101,0.144,-0.312,-0.247,-0.278,-0.038,0.062,0.125,-0.173,-0.153,-0.306,0.442,0.372,1.0
19,.,1.0,-0.024,-0.034,-0.109,-0.34,-0.513,-0.292,0.172,0.224,-0.071,-0.463,-0.419,-0.404,-0.014,0.049,-0.126
19,A1_1,-0.024,1.0,0.102,0.122,-0.208,-0.133,-0.158,0.112,0.149,0.335,-0.147,-0.223,-0.104,0.081,0.064,0.017
19,A1_2,-0.034,0.102,1.0,0.171,-0.105,-0.128,-0.169,0.089,0.109,0.301,-0.03,-0.313,-0.108,0.022,0.173,0.107
19,A1_3,-0.109,0.122,0.171,1.0,-0.086,-0.053,-0.088,0.18,0.198,0.244,-0.005,-0.212,0.105,0.221,-0.017,0.142
19,B1_1,-0.34,-0.208,-0.105,-0.086,1.0,0.676,0.555,-0.282,-0.251,-0.185,0.319,0.569,0.524,-0.318,-0.201,-0.331
19,B1_2,-0.513,-0.133,-0.128,-0.053,0.676,1.0,0.533,-0.358,-0.37,-0.075,0.391,0.564,0.586,-0.266,-0.215,-0.267
19,B1_3,-0.292,-0.158,-0.169,-0.088,0.555,0.533,1.0,-0.064,-0.158,-0.024,0.355,0.515,0.374,-0.322,-0.31,-0.299
19,A2_1,0.172,0.112,0.089,0.18,-0.282,-0.358,-0.064,1.0,0.222,0.142,-0.086,-0.258,-0.124,0.037,-0.117,-0.028
19,A2_2,0.224,0.149,0.109,0.198,-0.251,-0.37,-0.158,0.222,1.0,0.193,-0.343,-0.402,-0.212,0.102,0.249,0.071
19,A2_3,-0.071,0.335,0.301,0.244,-0.185,-0.075,-0.024,0.142,0.193,1.0,-0.111,-0.099,0.038,0.083,0.084,0.127
19,B2_1,-0.463,-0.147,-0.03,-0.005,0.319,0.391,0.355,-0.086,-0.343,-0.111,1.0,0.54,0.448,-0.089,-0.163,-0.196
19,B2_2,-0.419,-0.223,-0.313,-0.212,0.569,0.564,0.515,-0.258,-0.402,-0.099,0.54,1.0,0.559,-0.156,-0.219,-0.176
19,B2_3,-0.404,-0.104,-0.108,0.105,0.524,0.586,0.374,-0.124,-0.212,0.038,0.448,0.559,1.0,-0.248,-0.156,-0.325
19,y1,-0.014,0.081,0.022,0.221,-0.318,-0.266,-0.322,0.037,0.102,0.083,-0.089,-0.156,-0.248,1.0,0.344,0.47
19,y2,0.049,0.064,0.173,-0.017,-0.201,-0.215,-0.31,-0.117,0.249,0.084,-0.163,-0.219,-0.156,0.344,1.0,0.402
19,y3,-0.126,0.017,0.107,0.142,-0.331,-0.267,-0.299,-0.028,0.071,0.127,-0.196,-0.176,-0.325,0.47,0.402,1.0
20,.,1.0,-0.016,-0.024,-0.112,-0.362,-0.531,-0.32,0.175,0.226,-0.066,-0.485,-0.437,-0.43,0.0,0.057,-0.112
20,A1_1,-0.016,1.0,0.121,0.138,-0.22,-0.149,-0.173,0.13,0.168,0.348,-0.159,-0.237,-0.119,0.084,0.071,0.023
20,A1_2,-0.024,0.121,1.0,0.185,-0.123,-0.146,-0.185,0.106,0.129,0.315,-0.048,-0.327,-0.124,0.031,0.179,0.113
20,A1_3,-0.112,0.138,0.185,1.0,-0.094,-0.064,-0.095,0.193,0.214,0.257,-0.011,-0.219,0.093,0.216,-0.012,0.14
20,B1_1,-0.362,-0.22,-0.123,-0.094,1.0,0.695,0.58,-0.294,-0.268,-0.196,0.356,0.592,0.552,-0.341,-0.231,-0.35
20,B1_2,-0.531,-0.149,-0.146,-0.064,0.695,1.0,0.562,-0.368,-0.383,-0.09,0.427,0.589,0.612,-0.289,-0.242,-0.287
20,B1_3,-0.32,-0.173,-0.185,-0.095,0.58,0.562,1.0,-0.084,-0.18,-0.04,0.391,0.543,0.412,-0.345,-0.335,-0.32
20,A2_1,0.175,0.13,0.106,0.193,-0.294,-0.368,-0.084,1.0,0.238,0.158,-0.102,-0.274,-0.14,0.043,-0.103,-0.019
20,A2_2,0.226,0.168,0.129,0.214,-0.268,-0.383,-0.18,0.238,1.0,0.21,-0.353,-0.416,-0.229,0.109,0.254,0.08
20,A2_3,-0.066,0.348,0.315,0.257,-0.196,-0.09,-0.04,0.158,0.21,1.0,-0.121,-0.116,0.021,0.085,0.089,0.128
20,B2_1,-0.485,-0.159,-0.048,-0.011,0.356,0.427,0.391,-0.102,-0.353,-0.121,1.0,0.566,0.48,-0.121,-0.192,-0.22
20,B2_2,-0.437,-0.237,-0.327,-0.219,0.592,0.589,0.543,-0.274,-0.416,-0.116,0.566,1.0,0.585,-0.183,-0.244,-0.199
20,B2_3,-0.43,-0.119,-0.124,0.093,0.552,0.612,0.412,-0.14,-0.229,0.021,0.48,0.585,1.0,-0.275,-0.189,-0.344
20,y1,0.0,0.084,0.031,0.216,-0.341,-0.289,-0.345,0.043,0.109,0.085,-0.121,-0.183,-0.275,1.0,0.376,0.497
20,y2,0.057,0.071,0.179,-0.012,-0.231,-0.242,-0.335,-0.103,0.254,0.089,-0.192,-0.244,-0.189,0.376,1.0,0.432
20,y3,-0.112,0.023,0.113,0.14,-0.35,-0.287,-0.32,-0.019,0.08,0.128,-0.22,-0.199,-0.344,0.497,0.432,1.0
21,.,1.0,-0.008,-0.015,-0.113,-0.383,-0.548,-0.347,0.178,0.227,-0.06,-0.506,-0.454,-0.455,0.015,0.066,-0.096
21,A1_1,-0.008,1.0,0.14,0.155,-0.231,-0.164,-0.187,0.147,0.187,0.361,-0.171,-0.251,-0.133,0.088,0.077,0.03
21,A1_2,-0.015,0.14,1.0,0.2,-0.14,-0.164,-0.201,0.123,0.148,0.328,-0.065,-0.34,-0.139,0.039,0.185,0.12
21,A1_3,-0.113,0.155,0.2,1.0,-0.102,-0.075,-0.102,0.207,0.229,0.27,-0.018,-0.226,0.08,0.21,-0.007,0.139
21,B1_1,-0.383,-0.231,-0.14,-0.102,1.0,0.712,0.604,-0.306,-0.284,-0.206,0.391,0.614,0.577,-0.364,-0.261,-0.369
21,B1_2,-0.548,-0.164,-0.164,-0.075,0.712,1.0,0.59,-0.378,-0.395,-0.106,0.462,0.613,0.637,-0.311,-0.268,-0.306
21,B1_3,-0.347,-0.187,-0.201,-0.102,0.604,0.59,1.0,-0.105,-0.201,-0.057,0.427,0.57,0.448,-0.367,-0.359,-0.341
21,A2_1,0.178,0.147,0.123,0.207,-0.306,-0.378,-0.105,1.0,0.254,0.173,-0.119,-0.29,-0.156,0.049,-0.089,-0.01
21,A2_2,0.227,0.187,0.148,0.229,-0.284,-0.395,-0.201,0.254,1.0,0.227,-0.364,-0.43,-0.245,0.116,0.258,0.089
21,A2_3,-0.06,0.361,0.328,0.27,-0.206,-0.106,-0.057,0.173,0.227,1.0,-0.131,-0.132,0.005,0.088,0.094,0.13
21,B2_1,-0.506,-0.171,-0.065,-0.018,0.391,0.462,0.427,-0.119,-0.364,-0.131,1.0,0.591,0.511,-0.152,-0.22,-0.243
21,B2_2,-0.454,-0.251,-0.34,-0.226,0.614,0.613,0.57,-0.29,-0.43,-0.132,0.591,1.0,0.609,-0.21,-0.268,-0.222
21,B2_3,-0.455,-0.133,-0.139,0.08,0.577,0.637,0.448,-0.156,-0.245,0.005,0.511,0.609,1.0,-0.301,-0.221,-0.362
21,y1,0.015,0.088,0.039,0.21,-0.364,-0.311,-0.367,0.049,0.116,0.088,-0.152,-0.21,-0.301,1.0,0.408,0.523
21,y2,0.066,0.077,0.185,-0.007,-0.261,-0.268,-0.359,-0.089,0.258,0.094,-0.22,-0.268,-0.221,0.408,1.0,0.462
21,y3,-0.096,0.03,0.12,0.139,-0.369,-0.306,-0.341,-0.01,0.089,0.13,-0.243,-0.222,-0.362,0.523,0.462,1.0
22,.,1.0,-0.001,-0.005,-0.114,-0.403,-0.563,-0.372,0.181,0.229,-0.054,-0.525,-0.47,-0.477,0.03,0.076,-0.081
22,A1_1,-0.001,1.0,0.158,0.171,-0.243,-0.179,-0.201,0.164,0.205,0.375,-0.182,-0.264,-0.147,0.092,0.084,0.036
22,A1_2,-0.005,0.158,1.0,0.214,-0.158,-0.181,-0.216,0.14,0.167,0.342,-0.082,-0.352,-0.155,0.048,0.191,0.126
22,A1_3,-0.114,0.171,0.214,1.0,-0.111,-0.086,-0.11,0.221,0.245,0.283,-0.026,-0.234,0.067,0.205,-0.002,0.137
22,B1_1,-0.403,-0.243,-0.158,-0.111,1.0,0.729,0.627,-0.318,-0.3,-0.216,0.425,0.635,0.602,-0.385,-0.289,-0.387
22,B1_2,-0.563,-0.179,-0.181,-0.086,0.729,1.0,0.616,-0.387,-0.406,-0.121,0.494,0.635,0.66,-0.333,-0.293,-0.325
22,B1_3,-0.372,-0.201,-0.216,-0.11,0.627,0.616,1.0,-0.124,-0.221,-0.072,0.46,0.595,0.482,-0.389,-0.383,-0.361
22,A2_1,0.181,0.164,0.14,0.221,-0.318,-0.387,-0.124,1.0,0.27,0.189,-0.134,-0.305,-0.171,0.056,-0.075,-0.001
22,A2_2,0.229,0.205,0.167,0.245,-0.3,-0.406,-0.221,0.27,1.0,0.244,-0.374,-0.442,-0.261,0.124,0.263,0.098
22,A2_3,-0.054,0.375,0.342,0.283,-0.216,-0.121,-0.072,0.189,0.244,1.0,-0.141,-0.148,-0.012,0.09,0.099,0.132
22,B2_1,-0.525,-0.182,-0.082,-0.026,0.425,0.494,0.46,-0.134,-0.374,-0.141,1.0,0.614,0.54,-0.183,-0.249,-0.265
22,B2_2,-0.47,-0.264,-0.352,-0.234,0.635,0.635,0.595,-0.305,-0.442,-0.148,0.614,1.0,0.632,-0.236,-0.292,-0.244
22,B2_3,-0.477,-0.147,-0.155,0.067,0.602,0.66,0.482,-0.171,-0.261,-0.012,0.54,0.632,1.0,-0.326,-0.252,-0.381
22,y1,0.03,0.092,0.048,0.205,-0.385,-0.333,-0.389,0.056,0.124,0.09,-0.183,-0.236,-0.326,1.0,0.44,0.549
22,y2,0.076,0.084,0.191,-0.002,-0.289,-0.293,-0.383,-0.075,0.263,0.099,-0.249,-0.292,-0.252,0.44,1.0,0.49
22,y3,-0.081,0.036,0.126,0.137,-0.387,-0.325,-0.361,-0.001,0.098,0.132,-0.265,-0.244,-0.381,0.549,0.49,1.0
23,.,1.0,0.007,0.004,-0.114,-0.422,-0.577,-0.396,0.184,0.231,-0.048,-0.543,-0.485,-0.498,0.045,0.087,-0.065
23,A1_1,0.007,1.0,0.177,0.188,-0.254,-0.193,-0.214,0.182,0.224,0.388,-0.194,-0.276,-0.161,0.096,0.09,0.043
23,A1_2,0.004,0.177,1.0,0.229,-0.174,-0.198,-0.231,0.158,0.187,0.356,-0.099,-0.364,-0.17,0.056,0.197,0.132
23,A1_3,-0.114,0.188,0.229,1.0,-0.12,-0.097,-0.118,0.235,0.26,0.296,-0.035,-0.241,0.054,0.201,0.003,0.136
23,B1_1,-0.422,-0.254,-0.174,-0.12,1.0,0.745,0.649,-0.329,-0.315,-0.226,0.457,0.655,0.625,-0.407,-0.317,-0.405
23,B1_2,-0.577,-0.193,-0.198,-0.097,0.745,1.0,0.64,-0.396,-0.417,-0.135,0.525,0.656,0.681,-0.354,-0.317,-0.344
23,B1_3,-0.396,-0.214,-0.231,-0.118,0.649,0.64,1.0,-0.144,-0.24,-0.088,0.492,0.619,0.514,-0.41,-0.405,-0.38
23,A2_1,0.184,0.182,0.158,0.235,-0.329,-0.396,-0.144,1.0,0.286,0.205,-0.15,-0.319,-0.186,0.063,-0.061,0.009
23,A2_2,0.231,0.224,0.187,0.26,-0.315,-0.417,-0.24,0.286,1.0,0.261,-0.384,-0.454,-0.276,0.131,0.267,0.106
23,A2_3,-0.048,0.388,0.356,0.296,-0.226,-0.135,-0.088,0.205,0.261,1.0,-0.151,-0.163,-0.028,0.093,0.103,0.134
23,B2_1,-0.543,-0.194,-0.099,-0.035,0.457,0.525,0.492,-0.15,-0.384,-0.151,1.0,0.636,0.567,-0.213,-0.276,-0.287
23,B2_2,-0.485,-0.276,-0.364,-0.241,0.655,0.656,0.619,-0.319,-0.454,-0.163,0.636,1.0,0.653,-0.262,-0.315,-0.266
23,B2_3,-0.498,-0.161,-0.17,0.054,0.625,0.681,0.514,-0.186,-0.276,-0.028,0.567,0.653,1.0,-0.35,-0.282,-0.399
23,y1,0.045,0.096,0.056,0.201,-0.407,-0.354,-0.41,0.063,0.131,0.093,-0.213,-0.262,-0.35,1.0,0.47,0.573
23,y2,0.087,0.09,0.197,0.003,-0.317,-0.317,-0.405,-0.061,0.267,0.103,-0.276,-0.315,-0.282,0.47,1.0,0.518
23,y3,-0.065,0.043,0.132,0.136,-0.405,-0.344,-0.38,0.009,0.106,0.134,-0.287,-0.266,-0.399,0.573,0.518,1.0
24,.,1.0,0.014,0.012,-0.113,-0.441,-0.59,-0.419,0.187,0.233,-0.043,-0.56,-0.5,-0.518,0.06,0.098,-0.049
24,A1_1,0.014,1.0,0.195,0.204,-0.265,-0.206,-0.227,0.199,0.242,0.401,-0.205,-0.289,-0.174,0.1,0.096,0.049
24,A1_2,0.012,0.195,1.0,0.244,-0.191,-0.214,-0.245,0.175,0.206,0.369,-0.116,-0.376,-0.184,0.064,0.202,0.137
24,A1_3,-0.113,0.204,0.244,1.0,-0.129,-0.108,-0.126,0.249,0.276,0.31,-0.043,-0.249,0.04,0.197,0.009,0.136
24,B1_1,-0.441,-0.265,-0.191,-0.129,1.0,0.759,0.669,-0.34,-0.33,-0.236,0.488,0.674,0.646,-0.427,-0.343,-0.423
24,B1_2,-0.59,-0.206,-0.214,-0.108,0.759,1.0,0.663,-0.405,-0.428,-0.15,0.554,0.675,0.701,-0.375,-0.341,-0.362
