,,.,A1_1,A1_2,A1_3,B1_1,B1_2,B1_3,A2_1,A2_2,A2_3,B2_1,B2_2,B2_3,y1,y2,y3
0,.,0.028,0.087,0.087,0.082,0.032,0.049,0.058,0.112,0.045,0.155,0.038,0.061,0.017,0.016,0.047,0.086
0,A1_1,0.027,0.133,0.059,0.062,0.02,0.021,0.029,0.175,0.064,0.125,0.086,0.039,0.018,0.011,0.068,0.064
0,A1_2,0.043,0.114,0.104,0.074,0.034,0.024,0.076,0.132,0.055,0.148,0.031,0.031,0.014,0.019,0.041,0.061
0,A1_3,0.022,0.106,0.055,0.071,0.043,0.068,0.027,0.105,0.025,0.161,0.083,0.049,0.017,0.007,0.075,0.087
0,B1_1,0.016,0.099,0.074,0.118,0.012,0.014,0.035,0.226,0.043,0.159,0.03,0.063,0.018,0.016,0.034,0.042
0,B1_2,0.038,0.081,0.099,0.088,0.017,0.027,0.049,0.122,0.064,0.145,0.048,0.046,0.009,0.012,0.055,0.102
0,B1_3,0.06,0.064,0.133,0.072,0.015,0.036,0.059,0.102,0.08,0.076,0.076,0.047,0.008,0.017,0.064,0.091
0,A2_1,0.023,0.091,0.044,0.091,0.026,0.031,0.076,0.133,0.046,0.208,0.031,0.045,0.018,0.018,0.051,0.068
0,A2_2,0.058,0.064,0.073,0.118,0.012,0.036,0.035,0.111,0.072,0.159,0.056,0.04,0.009,0.015,0.036,0.107
0,A2_3,0.027,0.102,0.073,0.107,0.024,0.024,0.035,0.169,0.037,0.137,0.062,0.04,0.011,0.013,0.091,0.049
0,B2_1,0.039,0.07,0.055,0.122,0.025,0.033,0.038,0.202,0.037,0.186,0.025,0.029,0.012,0.026,0.06,0.042
0,B2_2,0.033,0.115,0.072,0.088,0.037,0.028,0.036,0.124,0.053,0.158,0.048,0.041,0.01,0.012,0.078,0.068
0,B2_3,0.029,0.143,0.078,0.085,0.033,0.028,0.041,0.125,0.041,0.136,0.041,0.037,0.023,0.011,0.104,0.044
0,y1,0.037,0.073,0.081,0.088,0.012,0.026,0.057,0.164,0.079,0.189,0.028,0.038,0.015,0.017,0.021,0.074
0,y2,0.015,0.134,0.06,0.066,0.02,0.021,0.032,0.153,0.052,0.162,0.094,0.061,0.013,0.006,0.048,0.064
0,y3,0.025,0.114,0.09,0.085,0.011,0.02,0.041,0.163,0.074,0.171,0.037,0.053,0.016,0.012,0.026,0.064
1,.,0.034,0.081,0.088,0.084,0.032,0.052,0.059,0.104,0.045,0.148,0.038,0.061,0.017,0.017,0.049,0.092
1,A1_1,0.035,0.118,0.061,0.066,0.021,0.024,0.031,0.16,0.064,0.119,0.087,0.039,0.018,0.012,0.075,0.072
1,A1_2,0.06,0.095,0.11,0.08,0.033,0.028,0.081,0.113,0.054,0.135,0.031,0.03,0.012,0.021,0.045,0.071
1,A1_3,0.029,0.086,0.057,0.077,0.043,0.08,0.029,0.094,0.023,0.15,0.079,0.048,0.015,0.008,0.083,0.099
1,B1_1,0.023,0.082,0.075,0.138,0.013,0.016,0.037,0.204,0.042,0.148,0.031,0.064,0.018,0.019,0.042,0.05
1,B1_2,0.057,0.062,0.1,0.095,0.017,0.031,0.055,0.099,0.061,0.131,0.043,0.044,0.008,0.014,0.063,0.12
1,B1_3,0.084,0.049,0.129,0.078,0.015,0.043,0.061,0.084,0.072,0.069,0.07,0.044,0.007,0.019,0.072,0.103
1,A2_1,0.034,0.069,0.043,0.11,0.027,0.038,0.081,0.11,0.039,0.196,0.028,0.042,0.015,0.022,0.064,0.081
1,A2_2,0.085,0.046,0.068,0.134,0.013,0.041,0.037,0.091,0.063,0.146,0.048,0.038,0.007,0.018,0.041,0.123
1,A2_3,0.039,0.082,0.07,0.125,0.026,0.03,0.036,0.144,0.032,0.132,0.059,0.037,0.009,0.015,0.113,0.054
1,B2_1,0.054,0.057,0.054,0.139,0.028,0.04,0.039,0.166,0.033,0.176,0.023,0.027,0.01,0.029,0.075,0.048
1,B2_2,0.045,0.093,0.068,0.099,0.043,0.034,0.038,0.109,0.046,0.156,0.039,0.038,0.009,0.014,0.094,0.077
1,B2_3,0.039,0.113,0.07,0.099,0.038,0.033,0.041,0.109,0.035,0.134,0.037,0.034,0.018,0.013,0.139,0.047
1,y1,0.061,0.056,0.077,0.109,0.013,0.03,0.058,0.143,0.069,0.185,0.024,0.034,0.011,0.021,0.027,0.082
1,y2,0.025,0.102,0.061,0.089,0.024,0.03,0.033,0.12,0.04,0.169,0.083,0.056,0.01,0.007,0.066,0.085
1,y3,0.041,0.079,0.095,0.115,0.011,0.024,0.044,0.141,0.061,0.165,0.031,0.051,0.01,0.016,0.038,0.078
2,.,0.04,0.076,0.088,0.085,0.032,0.055,0.06,0.097,0.045,0.142,0.038,0.06,0.017,0.018,0.051,0.096
2,A1_1,0.044,0.106,0.062,0.07,0.021,0.026,0.032,0.148,0.063,0.114,0.086,0.039,0.017,0.013,0.08,0.078
2,A1_2,0.079,0.081,0.112,0.084,0.033,0.031,0.085,0.098,0.052,0.124,0.03,0.029,0.012,0.024,0.05,0.079
2,A1_3,0.037,0.072,0.057,0.083,0.042,0.089,0.03,0.086,0.022,0.141,0.073,0.047,0.014,0.01,0.09,0.108
2,B1_1,0.032,0.07,0.072,0.154,0.013,0.018,0.037,0.186,0.04,0.137,0.031,0.065,0.017,0.022,0.049,0.055
2,B1_2,0.076,0.052,0.097,0.099,0.018,0.035,0.059,0.085,0.058,0.122,0.039,0.041,0.007,0.016,0.069,0.13
2,B1_3,0.109,0.041,0.12,0.08,0.015,0.049,0.062,0.072,0.066,0.065,0.065,0.041,0.007,0.021,0.077,0.11
2,A2_1,0.044,0.057,0.04,0.125,0.028,0.043,0.079,0.095,0.035,0.185,0.027,0.039,0.014,0.025,0.075,0.087
2,A2_2,0.108,0.038,0.062,0.143,0.014,0.043,0.037,0.081,0.057,0.139,0.042,0.036,0.006,0.02,0.044,0.13
2,A2_3,0.049,0.072,0.064,0.132,0.028,0.033,0.036,0.127,0.03,0.129,0.056,0.034,0.009,0.016,0.128,0.057
2,B2_1,0.066,0.052,0.052,0.143,0.032,0.045,0.039,0.147,0.031,0.168,0.022,0.025,0.009,0.031,0.086,0.05
2,B2_2,0.051,0.085,0.064,0.102,0.049,0.036,0.038,0.102,0.042,0.155,0.034,0.036,0.008,0.015,0.104,0.079
2,B2_3,0.047,0.098,0.064,0.104,0.042,0.037,0.041,0.099,0.032,0.131,0.034,0.032,0.016,0.014,0.16,0.049
2,y1,0.081,0.05,0.072,0.119,0.014,0.032,0.056,0.13,0.064,0.178,0.022,0.032,0.01,0.024,0.032,0.084
2,y2,0.034,0.087,0.06,0.102,0.026,0.035,0.034,0.104,0.034,0.171,0.073,0.051,0.009,0.008,0.075,0.096
2,y3,0.058,0.064,0.092,0.13,0.012,0.027,0.044,0.125,0.055,0.156,0.029,0.048,0.008,0.018,0.046,0.087
3,.,0.046,0.073,0.087,0.085,0.032,0.057,0.061,0.093,0.045,0.136,0.038,0.059,0.018,0.019,0.053,0.098
3,A1_1,0.054,0.099,0.063,0.072,0.021,0.027,0.034,0.138,0.063,0.109,0.085,0.038,0.017,0.015,0.084,0.081
3,A1_2,0.098,0.072,0.112,0.084,0.033,0.034,0.088,0.087,0.051,0.112,0.029,0.028,0.011,0.026,0.052,0.082
3,A1_3,0.044,0.064,0.057,0.085,0.042,0.097,0.032,0.079,0.021,0.131,0.07,0.045,0.014,0.011,0.095,0.113
3,B1_1,0.042,0.062,0.069,0.163,0.014,0.02,0.037,0.173,0.039,0.127,0.032,0.065,0.017,0.025,0.055,0.059
3,B1_2,0.095,0.046,0.094,0.098,0.018,0.037,0.063,0.076,0.057,0.111,0.036,0.04,0.006,0.018,0.073,0.133
3,B1_3,0.135,0.036,0.114,0.079,0.015,0.054,0.063,0.063,0.064,0.059,0.062,0.038,0.006,0.023,0.078,0.112
3,A2_1,0.053,0.052,0.039,0.131,0.03,0.047,0.079,0.086,0.033,0.172,0.027,0.038,0.014,0.028,0.083,0.089
3,A2_2,0.131,0.034,0.059,0.144,0.015,0.045,0.037,0.073,0.055,0.128,0.039,0.035,0.006,0.022,0.046,0.131
3,A2_3,0.059,0.067,0.061,0.133,0.029,0.036,0.037,0.117,0.03,0.122,0.056,0.033,0.009,0.017,0.137,0.058
3,B2_1,0.079,0.049,0.052,0.142,0.034,0.05,0.04,0.133,0.031,0.157,0.022,0.024,0.01,0.033,0.092,0.052
3,B2_2,0.057,0.082,0.062,0.103,0.054,0.038,0.038,0.096,0.04,0.15,0.032,0.035,0.008,0.016,0.11,0.08
3,B2_3,0.056,0.089,0.062,0.105,0.043,0.04,0.043,0.092,0.032,0.124,0.033,0.031,0.016,0.015,0.171,0.05
3,y1,0.101,0.046,0.07,0.121,0.014,0.034,0.056,0.118,0.063,0.166,0.022,0.031,0.01,0.026,0.035,0.087
3,y2,0.042,0.08,0.06,0.107,0.028,0.038,0.035,0.095,0.032,0.165,0.069,0.049,0.009,0.009,0.081,0.101
3,y3,0.075,0.057,0.091,0.134,0.012,0.03,0.046,0.111,0.054,0.145,0.029,0.046,0.008,0.02,0.05,0.091
4,.,0.052,0.072,0.087,0.084,0.033,0.058,0.062,0.089,0.045,0.131,0.038,0.059,0.018,0.02,0.054,0.098
4,A1_1,0.065,0.094,0.062,0.072,0.021,0.028,0.035,0.13,0.063,0.103,0.085,0.038,0.018,0.016,0.087,0.083
4,A1_2,0.118,0.067,0.113,0.082,0.033,0.036,0.091,0.078,0.051,0.102,0.029,0.027,0.011,0.027,0.054,0.083
4,A1_3,0.052,0.059,0.058,0.083,0.042,0.105,0.033,0.073,0.021,0.121,0.069,0.044,0.014,0.012,0.098,0.116
4,B1_1,0.049,0.059,0.068,0.162,0.015,0.021,0.038,0.164,0.04,0.117,0.033,0.066,0.019,0.028,0.059,0.062
4,B1_2,0.115,0.042,0.094,0.092,0.018,0.039,0.066,0.068,0.059,0.099,0.035,0.039,0.007,0.02,0.073,0.133
4,B1_3,0.161,0.033,0.112,0.073,0.015,0.058,0.063,0.055,0.063,0.052,0.061,0.036,0.007,0.024,0.077,0.111
4,A2_1,0.061,0.049,0.039,0.127,0.031,0.052,0.084,0.079,0.033,0.157,0.028,0.037,0.015,0.03,0.086,0.092
4,A2_2,0.154,0.031,0.057,0.137,0.014,0.047,0.038,0.066,0.057,0.114,0.04,0.035,0.007,0.024,0.046,0.134
4,A2_3,0.072,0.064,0.063,0.128,0.028,0.038,0.039,0.109,0.032,0.11,0.059,0.033,0.009,0.019,0.138,0.059
4,B2_1,0.096,0.047,0.055,0.139,0.033,0.055,0.042,0.12,0.032,0.143,0.023,0.024,0.01,0.036,0.093,0.055
4,B2_2,0.064,0.078,0.062,0.104,0.053,0.039,0.039,0.091,0.041,0.139,0.034,0.037,0.009,0.017,0.112,0.083
4,B2_3,0.07,0.082,0.065,0.103,0.04,0.043,0.047,0.084,0.035,0.112,0.033,0.031,0.017,0.017,0.169,0.052
4,y1,0.125,0.043,0.072,0.116,0.014,0.037,0.058,0.103,0.065,0.148,0.024,0.031,0.01,0.027,0.034,0.093
4,y2,0.05,0.078,0.061,0.104,0.028,0.04,0.037,0.088,0.034,0.15,0.073,0.051,0.01,0.01,0.085,0.102
4,y3,0.096,0.053,0.094,0.127,0.012,0.033,0.05,0.098,0.057,0.129,0.028,0.045,0.009,0.022,0.05,0.096
5,.,0.057,0.07,0.085,0.084,0.033,0.059,0.063,0.086,0.046,0.127,0.038,0.058,0.019,0.021,0.055,0.098
5,A1_1,0.076,0.09,0.061,0.072,0.022,0.029,0.036,0.123,0.063,0.097,0.085,0.037,0.018,0.017,0.089,0.084
5,A1_2,0.137,0.062,0.11,0.08,0.033,0.038,0.092,0.071,0.05,0.093,0.029,0.026,0.012,0.029,0.055,0.083
5,A1_3,0.061,0.055,0.057,0.082,0.043,0.11,0.034,0.068,0.021,0.113,0.068,0.043,0.015,0.013,0.1,0.118
5,B1_1,0.058,0.056,0.065,0.161,0.015,0.022,0.038,0.158,0.04,0.11,0.034,0.067,0.02,0.031,0.062,0.063
5,B1_2,0.135,0.039,0.091,0.088,0.018,0.04,0.068,0.064,0.06,0.09,0.034,0.037,0.007,0.022,0.075,0.131
5,B1_3,0.189,0.03,0.107,0.068,0.015,0.06,0.063,0.049,0.062,0.046,0.06,0.034,0.007,0.025,0.076,0.108
5,A2_1,0.069,0.047,0.038,0.125,0.031,0.055,0.085,0.075,0.032,0.147,0.028,0.037,0.016,0.032,0.089,0.093
5,A2_2,0.177,0.029,0.054,0.132,0.014,0.047,0.037,0.062,0.058,0.104,0.04,0.035,0.007,0.025,0.046,0.133
5,A2_3,0.085,0.061,0.062,0.124,0.027,0.039,0.041,0.103,0.033,0.102,0.06,0.033,0.009,0.021,0.14,0.06
5,B2_1,0.112,0.045,0.055,0.135,0.034,0.058,0.042,0.11,0.032,0.131,0.024,0.023,0.011,0.038,0.094,0.056
5,B2_2,0.07,0.075,0.061,0.104,0.054,0.039,0.039,0.087,0.041,0.132,0.035,0.038,0.009,0.018,0.114,0.084
5,B2_3,0.083,0.077,0.065,0.1,0.039,0.045,0.05,0.079,0.037,0.103,0.033,0.031,0.018,0.019,0.169,0.054
5,y1,0.149,0.041,0.072,0.111,0.014,0.039,0.058,0.094,0.066,0.134,0.024,0.03,0.01,0.029,0.034,0.095
5,y2,0.059,0.075,0.061,0.102,0.028,0.042,0.039,0.083,0.034,0.138,0.076,0.051,0.01,0.01,0.088,0.103
5,y3,0.117,0.05,0.094,0.121,0.012,0.036,0.053,0.088,0.058,0.117,0.028,0.043,0.01,0.024,0.051,0.098
6,.,0.063,0.07,0.085,0.083,0.033,0.06,0.063,0.084,0.046,0.123,0.038,0.058,0.019,0.022,0.056,0.098
6,A1_1,0.087,0.087,0.061,0.072,0.022,0.03,0.036,0.116,0.063,0.093,0.085,0.036,0.018,0.018,0.091,0.084
6,A1_2,0.157,0.059,0.109,0.077,0.033,0.039,0.093,0.065,0.05,0.086,0.028,0.025,0.012,0.031,0.055,0.082
6,A1_3,0.07,0.052,0.057,0.08,0.043,0.115,0.034,0.064,0.02,0.105,0.067,0.042,0.015,0.014,0.102,0.119
6,B1_1,0.065,0.053,0.064,0.157,0.016,0.024,0.039,0.152,0.04,0.103,0.035,0.067,0.022,0.033,0.065,0.064
6,B1_2,0.155,0.037,0.089,0.083,0.018,0.041,0.07,0.059,0.061,0.082,0.034,0.036,0.007,0.024,0.075,0.129
6,B1_3,0.217,0.028,0.104,0.063,0.014,0.062,0.063,0.044,0.061,0.041,0.059,0.031,0.007,0.027,0.074,0.105
6,A2_1,0.077,0.045,0.038,0.119,0.032,0.059,0.088,0.071,0.033,0.136,0.029,0.036,0.018,0.035,0.09,0.094
6,A2_2,0.2,0.027,0.052,0.124,0.014,0.048,0.037,0.057,0.059,0.093,0.041,0.035,0.008,0.026,0.046,0.132
6,A2_3,0.1,0.059,0.064,0.118,0.027,0.039,0.043,0.097,0.035,0.093,0.063,0.032,0.01,0.023,0.138,0.06
6,B2_1,0.131,0.043,0.057,0.13,0.033,0.062,0.044,0.1,0.033,0.12,0.024,0.023,0.011,0.04,0.092,0.058
6,B2_2,0.076,0.073,0.061,0.104,0.054,0.039,0.039,0.083,0.041,0.123,0.038,0.041,0.009,0.019,0.114,0.086
6,B2_3,0.099,0.071,0.067,0.097,0.036,0.047,0.054,0.072,0.039,0.093,0.034,0.031,0.019,0.021,0.163,0.056
6,y1,0.176,0.038,0.073,0.104,0.013,0.041,0.058,0.083,0.068,0.118,0.026,0.03,0.011,0.03,0.033,0.099
6,y2,0.069,0.073,0.062,0.097,0.028,0.043,0.041,0.078,0.036,0.125,0.081,0.052,0.011,0.011,0.091,0.103
6,y3,0.138,0.048,0.096,0.112,0.012,0.039,0.057,0.078,0.059,0.105,0.028,0.042,0.011,0.026,0.049,0.1
7,.,0.067,0.069,0.084,0.082,0.033,0.06,0.063,0.083,0.046,0.12,0.038,0.058,0.02,0.023,0.057,0.097
7,A1_1,0.098,0.084,0.06,0.071,0.022,0.03,0.037,0.112,0.062,0.089,0.085,0.036,0.019,0.02,0.093,0.084
7,A1_2,0.176,0.055,0.107,0.075,0.033,0.04,0.093,0.06,0.049,0.08,0.028,0.024,0.012,0.032,0.055,0.081
7,A1_3,0.078,0.05,0.056,0.079,0.043,0.119,0.035,0.061,0.02,0.099,0.066,0.041,0.016,0.015,0.103,0.12
7,B1_1,0.072,0.051,0.062,0.155,0.016,0.024,0.039,0.147,0.04,0.097,0.036,0.067,0.024,0.036,0.067,0.065
7,B1_2,0.174,0.035,0.087,0.079,0.018,0.041,0.071,0.056,0.061,0.076,0.033,0.036,0.008,0.026,0.075,0.125
7,B1_3,0.244,0.026,0.101,0.059,0.014,0.063,0.061,0.041,0.059,0.037,0.057,0.03,0.007,0.028,0.072,0.101
7,A2_1,0.084,0.044,0.038,0.116,0.033,0.061,0.089,0.068,0.033,0.128,0.03,0.036,0.019,0.037,0.091,0.094
7,A2_2,0.222,0.026,0.05,0.118,0.013,0.049,0.037,0.053,0.059,0.085,0.041,0.034,0.008,0.028,0.046,0.131
7,A2_3,0.114,0.056,0.064,0.113,0.026,0.04,0.044,0.092,0.036,0.086,0.064,0.032,0.01,0.024,0.137,0.059
7,B2_1,0.148,0.041,0.057,0.125,0.032,0.064,0.045,0.093,0.033,0.11,0.025,0.022,0.012,0.042,0.091,0.058
7,B2_2,0.083,0.07,0.061,0.103,0.053,0.039,0.04,0.081,0.042,0.116,0.039,0.042,0.009,0.02,0.114,0.087
7,B2_3,0.115,0.066,0.068,0.094,0.034,0.049,0.057,0.067,0.041,0.086,0.034,0.031,0.02,0.023,0.158,0.057
7,y1,0.201,0.036,0.072,0.098,0.013,0.042,0.058,0.075,0.069,0.107,0.026,0.03,0.011,0.031,0.032,0.1
7,y2,0.078,0.071,0.063,0.093,0.028,0.045,0.042,0.074,0.036,0.115,0.084,0.052,0.012,0.012,0.092,0.103
7,y3,0.158,0.045,0.097,0.105,0.012,0.041,0.059,0.071,0.06,0.096,0.028,0.04,0.012,0.028,0.048,0.101
8,.,0.072,0.068,0.083,0.081,0.034,0.06,0.063,0.082,0.047,0.118,0.038,0.057,0.02,0.024,0.058,0.096
8,A1_1,0.109,0.081,0.059,0.071,0.022,0.03,0.037,0.108,0.062,0.085,0.084,0.035,0.019,0.021,0.094,0.083
8,A1_2,0.193,0.053,0.105,0.073,0.033,0.04,0.092,0.057,0.049,0.074,0.028,0.023,0.012,0.033,0.055,0.079
8,A1_3,0.087,0.048,0.056,0.077,0.043,0.121,0.035,0.058,0.02,0.094,0.066,0.04,0.016,0.016,0.104,0.12
8,B1_1,0.078,0.05,0.061,0.152,0.017,0.025,0.039,0.143,0.04,0.093,0.037,0.067,0.026,0.038,0.069,0.065
8,B1_2,0.191,0.033,0.085,0.074,0.017,0.041,0.072,0.053,0.062,0.07,0.033,0.035,0.008,0.028,0.075,0.121
8,B1_3,0.271,0.025,0.098,0.055,0.013,0.062,0.06,0.037,0.058,0.033,0.056,0.028,0.008,0.029,0.07,0.096
8,A2_1,0.09,0.043,0.038,0.111,0.034,0.064,0.091,0.066,0.033,0.121,0.03,0.036,0.021,0.039,0.091,0.094
8,A2_2,0.242,0.024,0.049,0.111,0.013,0.049,0.036,0.05,0.06,0.078,0.042,0.034,0.009,0.029,0.046,0.128
8,A2_3,0.129,0.054,0.065,0.108,0.025,0.04,0.046,0.089,0.038,0.079,0.065,0.032,0.011,0.026,0.134,0.059
8,B2_1,0.167,0.039,0.058,0.12,0.031,0.065,0.045,0.088,0.034,0.101,0.026,0.022,0.013,0.044,0.089,0.058
8,B2_2,0.09,0.068,0.062,0.102,0.052,0.039,0.04,0.079,0.043,0.109,0.041,0.044,0.009,0.021,0.113,0.087
8,B2_3,0.132,0.062,0.07,0.09,0.032,0.05,0.06,0.063,0.043,0.078,0.035,0.031,0.021,0.025,0.151,0.058
8,y1,0.224,0.034,0.073,0.092,0.012,0.042,0.058,0.069,0.071,0.095,0.027,0.029,0.012,0.032,0.031,0.1
8,y2,0.089,0.069,0.064,0.088,0.028,0.046,0.045,0.07,0.038,0.104,0.087,0.052,0.013,0.013,0.093,0.101
8,y3,0.174,0.044,0.098,0.098,0.012,0.042,0.061,0.066,0.061,0.088,0.028,0.039,0.013,0.029,0.047,0.1
9,.,0.076,0.067,0.082,0.081,0.034,0.06,0.063,0.081,0.047,0.115,0.038,0.057,0.02,0.024,0.059,0.095
9,A1_1,0.12,0.078,0.058,0.07,0.022,0.03,0.037,0.104,0.062,0.082,0.083,0.035,0.019,0.022,0.095,0.082
9,A1_2,0.21,0.051,0.103,0.071,0.033,0.041,0.092,0.054,0.048,0.069,0.028,0.022,0.012,0.035,0.056,0.077
9,A1_3,0.096,0.046,0.055,0.076,0.043,0.122,0.036,0.056,0.02,0.089,0.064,0.04,0.017,0.017,0.105,0.119
9,B1_1,0.084,0.048,0.059,0.15,0.018,0.026,0.039,0.139,0.04,0.088,0.037,0.067,0.027,0.04,0.071,0.065
9,B1_2,0.206,0.032,0.083,0.071,0.017,0.041,0.073,0.051,0.063,0.065,0.032,0.034,0.008,0.03,0.075,0.118
9,B1_3,0.297,0.023,0.094,0.052,0.013,0.062,0.059,0.035,0.057,0.03,0.054,0.026,0.008,0.03,0.068,0.092
9,A2_1,0.096,0.042,0.038,0.109,0.034,0.065,0.091,0.064,0.032,0.115,0.03,0.035,0.022,0.041,0.092,0.093
9,A2_2,0.261,0.023,0.047,0.107,0.013,0.049,0.036,0.048,0.06,0.072,0.042,0.033,0.009,0.03,0.046,0.126
9,A2_3,0.143,0.052,0.065,0.104,0.025,0.04,0.047,0.085,0.039,0.074,0.066,0.031,0.011,0.028,0.134,0.058
9,B2_1,0.185,0.038,0.058,0.116,0.03,0.066,0.045,0.082,0.034,0.094,0.026,0.021,0.013,0.046,0.088,0.058
9,B2_2,0.096,0.066,0.062,0.101,0.052,0.039,0.04,0.076,0.044,0.103,0.042,0.045,0.01,0.022,0.114,0.087
9,B2_3,0.146,0.058,0.07,0.087,0.031,0.051,0.061,0.059,0.044,0.072,0.034,0.031,0.021,0.027,0.147,0.059
9,y1,0.247,0.032,0.071,0.087,0.012,0.042,0.057,0.063,0.071,0.086,0.028,0.029,0.012,0.033,0.03,0.1
9,y2,0.099,0.068,0.065,0.084,0.028,0.047,0.046,0.066,0.039,0.096,0.088,0.051,0.014,0.014,0.094,0.1
9,y3,0.19,0.043,0.097,0.093,0.012,0.044,0.062,0.061,0.061,0.081,0.028,0.038,0.014,0.031,0.046,0.099
10,.,0.079,0.067,0.08,0.081,0.034,0.06,0.063,0.08,0.047,0.114,0.038,0.057,0.021,0.025,0.059,0.094
10,A1_1,0.129,0.076,0.056,0.07,0.023,0.03,0.037,0.101,0.061,0.08,0.082,0.034,0.02,0.023,0.096,0.081
10,A1_2,0.222,0.049,0.1,0.069,0.033,0.041,0.091,0.052,0.047,0.067,0.028,0.022,0.013,0.036,0.056,0.075
10,A1_3,0.103,0.045,0.054,0.076,0.043,0.122,0.035,0.054,0.02,0.087,0.063,0.039,0.017,0.017,0.107,0.118
10,B1_1,0.089,0.047,0.057,0.15,0.018,0.026,0.038,0.137,0.039,0.086,0.037,0.067,0.028,0.042,0.073,0.065
10,B1_2,0.219,0.031,0.08,0.069,0.018,0.041,0.073,0.05,0.062,0.063,0.031,0.034,0.008,0.032,0.076,0.114
10,B1_3,0.32,0.022,0.089,0.05,0.013,0.061,0.057,0.033,0.055,0.029,0.052,0.025,0.008,0.031,0.067,0.088
10,A2_1,0.101,0.041,0.036,0.11,0.036,0.065,0.089,0.063,0.032,0.112,0.03,0.035,0.023,0.042,0.094,0.091
10,A2_2,0.275,0.022,0.044,0.105,0.013,0.048,0.035,0.046,0.059,0.069,0.041,0.033,0.009,0.032,0.046,0.122
10,A2_3,0.154,0.051,0.063,0.102,0.025,0.039,0.046,0.083,0.039,0.072,0.065,0.031,0.011,0.029,0.134,0.056
10,B2_1,0.196,0.037,0.057,0.113,0.031,0.066,0.045,0.079,0.034,0.09,0.026,0.02,0.013,0.047,0.089,0.057
10,B2_2,0.1,0.065,0.061,0.102,0.054,0.038,0.04,0.075,0.043,0.101,0.042,0.045,0.01,0.023,0.116,0.085
10,B2_3,0.156,0.056,0.068,0.086,0.031,0.051,0.061,0.057,0.044,0.07,0.034,0.03,0.022,0.028,0.147,0.058
10,y1,0.264,0.031,0.069,0.085,0.012,0.042,0.056,0.061,0.069,0.082,0.027,0.028,0.012,0.034,0.03,0.097
10,y2,0.108,0.066,0.063,0.084,0.029,0.047,0.047,0.064,0.038,0.093,0.087,0.05,0.015,0.015,0.095,0.098
10,y3,0.203,0.042,0.094,0.091,0.012,0.044,0.061,0.059,0.06,0.078,0.027,0.037,0.015,0.032,0.047,0.097
11,.,0.081,0.067,0.079,0.08,0.035,0.06,0.063,0.08,0.047,0.113,0.038,0.057,0.021,0.026,0.06,0.093
11,A1_1,0.137,0.075,0.054,0.069,0.023,0.03,0.037,0.099,0.06,0.078,0.082,0.034,0.02,0.024,0.098,0.08
11,A1_2,0.233,0.048,0.097,0.068,0.034,0.041,0.09,0.05,0.046,0.064,0.027,0.021,0.013,0.037,0.056,0.073
11,A1_3,0.11,0.044,0.053,0.075,0.044,0.123,0.035,0.053,0.02,0.084,0.062,0.038,0.017,0.018,0.108,0.116
11,B1_1,0.093,0.046,0.055,0.149,0.019,0.026,0.038,0.136,0.039,0.084,0.037,0.067,0.029,0.044,0.075,0.064
11,B1_2,0.229,0.03,0.077,0.067,0.018,0.04,0.073,0.049,0.062,0.06,0.031,0.033,0.009,0.033,0.077,0.11
11,B1_3,0.34,0.022,0.085,0.048,0.013,0.06,0.056,0.031,0.053,0.027,0.05,0.024,0.008,0.032,0.067,0.084
11,A2_1,0.104,0.041,0.035,0.108,0.037,0.065,0.088,0.063,0.031,0.11,0.03,0.034,0.024,0.044,0.095,0.089
11,A2_2,0.288,0.022,0.042,0.101,0.013,0.048,0.034,0.045,0.058,0.066,0.041,0.033,0.01,0.033,0.047,0.119
11,A2_3,0.164,0.05,0.061,0.098,0.025,0.039,0.047,0.081,0.039,0.069,0.065,0.03,0.012,0.03,0.135,0.055
11,B2_1,0.206,0.037,0.056,0.11,0.031,0.067,0.044,0.076,0.034,0.086,0.026,0.02,0.014,0.048,0.089,0.056
11,B2_2,0.103,0.065,0.06,0.101,0.055,0.038,0.04,0.075,0.043,0.098,0.042,0.046,0.01,0.024,0.117,0.084
11,B2_3,0.165,0.055,0.067,0.084,0.031,0.052,0.062,0.056,0.045,0.067,0.033,0.03,0.022,0.03,0.145,0.057
11,y1,0.278,0.03,0.066,0.082,0.012,0.042,0.055,0.059,0.069,0.078,0.028,0.028,0.013,0.036,0.03,0.095
11,y2,0.117,0.065,0.062,0.081,0.029,0.048,0.047,0.062,0.038,0.089,0.087,0.049,0.016,0.016,0.096,0.096
11,y3,0.213,0.042,0.091,0.088,0.012,0.045,0.061,0.058,0.06,0.076,0.028,0.037,0.015,0.034,0.047,0.094
12,.,0.082,0.068,0.078,0.079,0.035,0.059,0.063,0.08,0.047,0.112,0.038,0.058,0.022,0.027,0.06,0.092
12,A1_1,0.144,0.074,0.053,0.068,0.023,0.03,0.037,0.097,0.059,0.076,0.081,0.033,0.021,0.025,0.099,0.08
12,A1_2,0.242,0.047,0.095,0.066,0.034,0.041,0.09,0.049,0.046,0.062,0.027,0.021,0.013,0.038,0.057,0.071
12,A1_3,0.116,0.043,0.052,0.074,0.044,0.123,0.035,0.052,0.02,0.082,0.061,0.037,0.018,0.019,0.109,0.115
12,B1_1,0.095,0.045,0.053,0.146,0.019,0.027,0.038,0.135,0.039,0.081,0.038,0.067,0.03,0.046,0.077,0.064
12,B1_2,0.239,0.03,0.075,0.065,0.018,0.04,0.073,0.047,0.063,0.058,0.031,0.033,0.009,0.035,0.077,0.108
12,B1_3,0.358,0.021,0.082,0.045,0.013,0.059,0.055,0.03,0.052,0.026,0.049,0.023,0.008,0.033,0.066,0.081
12,A2_1,0.107,0.041,0.035,0.106,0.038,0.066,0.088,0.062,0.031,0.107,0.03,0.034,0.025,0.046,0.096,0.088
12,A2_2,0.299,0.021,0.041,0.098,0.013,0.048,0.034,0.044,0.058,0.063,0.041,0.032,0.01,0.034,0.047,0.117
12,A2_3,0.173,0.05,0.061,0.095,0.025,0.039,0.047,0.079,0.039,0.066,0.064,0.03,0.012,0.032,0.135,0.053
12,B2_1,0.218,0.036,0.055,0.106,0.031,0.067,0.044,0.073,0.034,0.082,0.026,0.02,0.014,0.05,0.088,0.055
12,B2_2,0.106,0.065,0.059,0.099,0.055,0.038,0.04,0.074,0.043,0.095,0.043,0.046,0.011,0.025,0.118,0.083
12,B2_3,0.174,0.053,0.066,0.081,0.03,0.052,0.063,0.054,0.045,0.064,0.033,0.03,0.023,0.031,0.143,0.057
12,y1,0.291,0.03,0.064,0.078,0.012,0.042,0.055,0.056,0.069,0.074,0.028,0.028,0.013,0.037,0.03,0.093
12,y2,0.124,0.065,0.061,0.078,0.029,0.048,0.048,0.06,0.039,0.085,0.088,0.048,0.017,0.017,0.097,0.095
12,y3,0.222,0.042,0.09,0.084,0.013,0.045,0.062,0.056,0.06,0.073,0.028,0.036,0.016,0.035,0.047,0.093
13,.,0.083,0.068,0.077,0.079,0.036,0.059,0.063,0.08,0.047,0.112,0.038,0.058,0.022,0.028,0.061,0.091
13,A1_1,0.152,0.072,0.052,0.067,0.024,0.03,0.036,0.094,0.059,0.075,0.08,0.033,0.021,0.026,0.1,0.079
13,A1_2,0.251,0.046,0.093,0.065,0.035,0.041,0.089,0.047,0.045,0.06,0.027,0.021,0.014,0.04,0.057,0.07
13,A1_3,0.122,0.042,0.051,0.073,0.044,0.123,0.036,0.051,0.02,0.079,0.06,0.037,0.018,0.02,0.11,0.114
13,B1_1,0.098,0.044,0.052,0.145,0.02,0.027,0.038,0.133,0.038,0.08,0.038,0.067,0.031,0.048,0.078,0.063
13,B1_2,0.246,0.029,0.073,0.063,0.018,0.04,0.073,0.046,0.063,0.056,0.03,0.033,0.009,0.037,0.078,0.105
13,B1_3,0.374,0.02,0.078,0.044,0.013,0.058,0.053,0.029,0.051,0.025,0.048,0.022,0.008,0.034,0.066,0.078
13,A2_1,0.11,0.04,0.034,0.106,0.039,0.065,0.088,0.061,0.031,0.105,0.03,0.034,0.025,0.047,0.098,0.087
13,A2_2,0.308,0.02,0.039,0.096,0.014,0.048,0.033,0.042,0.058,0.06,0.04,0.032,0.011,0.036,0.048,0.115
13,A2_3,0.181,0.049,0.059,0.093,0.025,0.039,0.047,0.077,0.039,0.064,0.064,0.03,0.013,0.033,0.136,0.052
13,B2_1,0.228,0.035,0.054,0.103,0.031,0.067,0.044,0.07,0.033,0.079,0.026,0.019,0.015,0.051,0.088,0.054
13,B2_2,0.108,0.064,0.058,0.099,0.056,0.037,0.04,0.073,0.042,0.093,0.043,0.046,0.011,0.026,0.12,0.082
13,B2_3,0.181,0.051,0.065,0.079,0.03,0.052,0.064,0.052,0.045,0.062,0.033,0.03,0.024,0.033,0.143,0.056
13,y1,0.302,0.029,0.063,0.076,0.012,0.042,0.054,0.054,0.068,0.071,0.028,0.027,0.013,0.039,0.03,0.092
13,y2,0.131,0.064,0.061,0.077,0.03,0.049,0.049,0.058,0.039,0.082,0.087,0.047,0.017,0.018,0.098,0.093
13,y3,0.229,0.041,0.088,0.083,0.013,0.046,0.062,0.054,0.059,0.07,0.028,0.036,0.017,0.037,0.047,0.091
14,.,0.084,0.068,0.075,0.079,0.036,0.059,0.063,0.08,0.046,0.112,0.038,0.058,0.023,0.029,0.061,0.09
14,A1_1,0.158,0.07,0.05,0.067,0.024,0.03,0.036,0.092,0.058,0.073,0.08,0.033,0.021,0.027,0.101,0.079
14,A1_2,0.257,0.045,0.09,0.064,0.035,0.041,0.089,0.047,0.045,0.059,0.027,0.021,0.014,0.041,0.057,0.069
14,A1_3,0.127,0.041,0.05,0.073,0.045,0.122,0.035,0.05,0.019,0.078,0.059,0.036,0.018,0.021,0.111,0.113
14,B1_1,0.099,0.044,0.05,0.145,0.021,0.027,0.037,0.132,0.038,0.078,0.038,0.067,0.032,0.05,0.08,0.063
14,B1_2,0.251,0.029,0.071,0.062,0.018,0.04,0.073,0.046,0.062,0.055,0.03,0.033,0.009,0.039,0.08,0.103
14,B1_3,0.388,0.02,0.075,0.043,0.013,0.057,0.052,0.028,0.049,0.024,0.047,0.021,0.008,0.035,0.065,0.075
14,A2_1,0.111,0.04,0.033,0.106,0.04,0.065,0.086,0.061,0.03,0.105,0.03,0.033,0.026,0.048,0.099,0.085
14,A2_2,0.315,0.02,0.038,0.094,0.014,0.047,0.033,0.042,0.057,0.059,0.04,0.032,0.011,0.037,0.048,0.113
14,A2_3,0.187,0.048,0.058,0.091,0.026,0.038,0.047,0.075,0.039,0.063,0.063,0.029,0.013,0.035,0.137,0.051
14,B2_1,0.233,0.035,0.053,0.102,0.032,0.068,0.043,0.069,0.033,0.078,0.026,0.019,0.015,0.052,0.089,0.054
14,B2_2,0.109,0.064,0.057,0.099,0.058,0.037,0.04,0.073,0.041,0.092,0.043,0.047,0.011,0.026,0.122,0.081
14,B2_3,0.186,0.05,0.063,0.079,0.03,0.052,0.064,0.051,0.045,0.061,0.032,0.029,0.024,0.034,0.143,0.056
14,y1,0.311,0.029,0.06,0.075,0.012,0.041,0.053,0.053,0.067,0.069,0.028,0.027,0.014,0.04,0.031,0.09
14,y2,0.137,0.063,0.059,0.076,0.03,0.049,0.049,0.057,0.038,0.081,0.085,0.047,0.018,0.019,0.099,0.092
14,y3,0.235,0.041,0.085,0.082,0.013,0.046,0.061,0.053,0.058,0.069,0.028,0.036,0.017,0.038,0.048,0.09
15,.,0.084,0.068,0.075,0.079,0.037,0.058,0.063,0.08,0.046,0.111,0.037,0.058,0.023,0.029,0.061,0.089
15,A1_1,0.164,0.069,0.049,0.066,0.024,0.03,0.036,0.09,0.057,0.071,0.079,0.033,0.022,0.028,0.102,0.078
15,A1_2,0.264,0.045,0.089,0.063,0.035,0.041,0.089,0.045,0.045,0.057,0.027,0.021,0.014,0.042,0.057,0.068
15,A1_3,0.133,0.04,0.05,0.071,0.045,0.122,0.035,0.049,0.02,0.075,0.059,0.036,0.018,0.022,0.111,0.113
15,B1_1,0.1,0.043,0.049,0.143,0.021,0.027,0.037,0.131,0.037,0.077,0.038,0.068,0.033,0.052,0.081,0.063
15,B1_2,0.255,0.028,0.069,0.06,0.019,0.04,0.074,0.045,0.063,0.053,0.029,0.033,0.01,0.041,0.08,0.102
15,B1_3,0.401,0.019,0.073,0.041,0.012,0.056,0.051,0.026,0.048,0.023,0.046,0.021,0.008,0.035,0.065,0.073
15,A2_1,0.112,0.04,0.033,0.104,0.041,0.065,0.087,0.06,0.03,0.103,0.03,0.033,0.027,0.05,0.099,0.085
15,A2_2,0.322,0.019,0.036,0.091,0.014,0.047,0.032,0.041,0.057,0.056,0.041,0.032,0.012,0.038,0.049,0.113
15,A2_3,0.194,0.048,0.057,0.088,0.026,0.038,0.048,0.073,0.039,0.061,0.063,0.029,0.013,0.036,0.136,0.051
15,B2_1,0.243,0.034,0.053,0.099,0.031,0.068,0.043,0.066,0.033,0.075,0.026,0.019,0.016,0.053,0.087,0.054
15,B2_2,0.112,0.063,0.057,0.098,0.058,0.037,0.04,0.072,0.042,0.09,0.044,0.047,0.011,0.027,0.122,0.081
15,B2_3,0.194,0.049,0.063,0.076,0.03,0.053,0.065,0.049,0.046,0.058,0.032,0.03,0.025,0.035,0.139,0.056
15,y1,0.318,0.028,0.059,0.073,0.012,0.041,0.053,0.051,0.067,0.066,0.028,0.027,0.014,0.041,0.031,0.09
15,y2,0.143,0.062,0.059,0.073,0.031,0.049,0.05,0.055,0.038,0.077,0.086,0.046,0.019,0.02,0.099,0.091
15,y3,0.237,0.041,0.085,0.079,0.014,0.047,0.062,0.052,0.058,0.068,0.028,0.036,0.019,0.039,0.048,0.089
16,.,0.084,0.068,0.074,0.078,0.037,0.058,0.063,0.081,0.046,0.111,0.037,0.059,0.023,0.03,0.062,0.088
16,A1_1,0.168,0.068,0.048,0.065,0.024,0.03,0.036,0.089,0.057,0.07,0.079,0.032,0.022,0.029,0.104,0.078
16,A1_2,0.267,0.044,0.087,0.062,0.036,0.041,0.089,0.045,0.044,0.056,0.027,0.02,0.015,0.043,0.058,0.067
16,A1_3,0.137,0.039,0.049,0.071,0.045,0.122,0.035,0.048,0.019,0.074,0.058,0.036,0.019,0.022,0.112,0.113
16,B1_1,0.1,0.043,0.048,0.142,0.022,0.027,0.037,0.13,0.037,0.076,0.038,0.068,0.034,0.054,0.083,0.062
16,B1_2,0.258,0.028,0.067,0.06,0.019,0.04,0.074,0.044,0.063,0.052,0.029,0.033,0.01,0.043,0.081,0.1
16,B1_3,0.412,0.019,0.07,0.04,0.013,0.056,0.05,0.026,0.047,0.022,0.045,0.02,0.009,0.036,0.065,0.072
16,A2_1,0.112,0.04,0.032,0.104,0.042,0.065,0.086,0.06,0.03,0.102,0.03,0.033,0.028,0.052,0.1,0.084
16,A2_2,0.326,0.019,0.035,0.09,0.014,0.047,0.032,0.04,0.057,0.055,0.041,0.032,0.012,0.039,0.049,0.112
16,A2_3,0.199,0.047,0.056,0.087,0.026,0.037,0.048,0.073,0.039,0.06,0.062,0.029,0.014,0.037,0.136,0.05
16,B2_1,0.248,0.034,0.052,0.097,0.032,0.068,0.043,0.065,0.033,0.073,0.026,0.018,0.016,0.054,0.087,0.053
16,B2_2,0.112,0.063,0.056,0.098,0.06,0.036,0.04,0.072,0.041,0.089,0.044,0.048,0.012,0.028,0.124,0.08
16,B2_3,0.198,0.047,0.062,0.075,0.03,0.053,0.065,0.048,0.046,0.057,0.032,0.03,0.025,0.037,0.139,0.056
16,y1,0.323,0.028,0.058,0.071,0.012,0.041,0.052,0.051,0.066,0.065,0.028,0.027,0.015,0.043,0.031,0.089
16,y2,0.147,0.062,0.058,0.072,0.031,0.05,0.051,0.054,0.038,0.076,0.085,0.046,0.02,0.021,0.099,0.09
16,y3,0.24,0.041,0.083,0.078,0.014,0.047,0.062,0.051,0.057,0.067,0.028,0.036,0.019,0.04,0.049,0.088
17,.,0.083,0.069,0.073,0.078,0.038,0.058,0.062,0.081,0.046,0.111,0.037,0.059,0.024,0.031,0.062,0.088
17,A1_1,0.172,0.067,0.047,0.064,0.024,0.03,0.036,0.087,0.056,0.068,0.079,0.032,0.022,0.03,0.105,0.078
17,A1_2,0.27,0.044,0.086,0.061,0.036,0.041,0.089,0.044,0.044,0.055,0.027,0.02,0.015,0.045,0.058,0.066
17,A1_3,0.141,0.039,0.048,0.069,0.045,0.122,0.035,0.047,0.02,0.072,0.058,0.036,0.019,0.023,0.113,0.113
17,B1_1,0.099,0.042,0.047,0.14,0.022,0.027,0.037,0.13,0.037,0.074,0.038,0.068,0.036,0.055,0.084,0.062
17,B1_2,0.26,0.027,0.066,0.058,0.019,0.04,0.074,0.044,0.064,0.05,0.029,0.033,0.011,0.045,0.081,0.099
17,B1_3,0.421,0.018,0.069,0.038,0.012,0.055,0.049,0.025,0.046,0.021,0.045,0.02,0.009,0.037,0.064,0.07
17,A2_1,0.112,0.04,0.032,0.102,0.043,0.065,0.087,0.06,0.03,0.101,0.03,0.034,0.029,0.053,0.099,0.083
17,A2_2,0.331,0.019,0.034,0.087,0.014,0.047,0.032,0.039,0.057,0.053,0.041,0.032,0.013,0.04,0.05,0.111
17,A2_3,0.203,0.047,0.056,0.084,0.026,0.037,0.048,0.072,0.039,0.058,0.062,0.029,0.014,0.039,0.136,0.049
17,B2_1,0.256,0.033,0.051,0.095,0.031,0.068,0.043,0.063,0.033,0.07,0.026,0.018,0.016,0.056,0.086,0.053
17,B2_2,0.113,0.062,0.055,0.097,0.06,0.036,0.04,0.071,0.041,0.086,0.045,0.048,0.012,0.029,0.124,0.08
17,B2_3,0.203,0.047,0.061,0.073,0.03,0.053,0.066,0.047,0.047,0.055,0.032,0.03,0.026,0.038,0.136,0.056
17,y1,0.327,0.028,0.057,0.069,0.012,0.041,0.052,0.049,0.067,0.062,0.029,0.027,0.016,0.044,0.031,0.088
17,y2,0.152,0.061,0.058,0.07,0.031,0.05,0.052,0.053,0.039,0.073,0.086,0.046,0.021,0.022,0.099,0.089
17,y3,0.239,0.041,0.082,0.076,0.014,0.048,0.063,0.051,0.058,0.065,0.029,0.036,0.02,0.042,0.048,0.088
18,.,0.083,0.07,0.072,0.077,0.039,0.057,0.062,0.082,0.046,0.111,0.037,0.059,0.024,0.031,0.062,0.087
18,A1_1,0.176,0.066,0.046,0.063,0.025,0.03,0.035,0.086,0.056,0.067,0.079,0.032,0.023,0.031,0.106,0.078
18,A1_2,0.273,0.044,0.084,0.059,0.037,0.041,0.089,0.044,0.044,0.054,0.026,0.02,0.016,0.046,0.058,0.065
18,A1_3,0.144,0.038,0.048,0.068,0.045,0.122,0.035,0.047,0.02,0.071,0.058,0.035,0.02,0.024,0.113,0.113
18,B1_1,0.098,0.042,0.046,0.137,0.023,0.027,0.037,0.13,0.037,0.073,0.038,0.069,0.037,0.057,0.086,0.062
18,B1_2,0.263,0.027,0.065,0.056,0.019,0.04,0.075,0.043,0.064,0.049,0.029,0.033,0.011,0.047,0.081,0.098
18,B1_3,0.43,0.018,0.067,0.037,0.012,0.054,0.048,0.024,0.045,0.02,0.044,0.02,0.009,0.038,0.064,0.069
18,A2_1,0.111,0.04,0.031,0.1,0.044,0.065,0.088,0.061,0.03,0.1,0.03,0.034,0.03,0.055,0.1,0.082
18,A2_2,0.335,0.018,0.034,0.084,0.014,0.047,0.031,0.038,0.057,0.051,0.041,0.032,0.013,0.042,0.05,0.111
18,A2_3,0.206,0.047,0.055,0.082,0.026,0.037,0.049,0.071,0.039,0.057,0.062,0.029,0.015,0.04,0.136,0.048
18,B2_1,0.262,0.033,0.051,0.092,0.031,0.067,0.043,0.062,0.033,0.069,0.026,0.018,0.017,0.057,0.086,0.052
18,B2_2,0.114,0.062,0.055,0.096,0.06,0.036,0.04,0.071,0.041,0.084,0.045,0.049,0.013,0.03,0.124,0.08
18,B2_3,0.207,0.046,0.061,0.071,0.03,0.053,0.067,0.046,0.048,0.054,0.032,0.03,0.027,0.039,0.134,0.056
18,y1,0.33,0.028,0.056,0.067,0.013,0.041,0.052,0.049,0.067,0.06,0.029,0.027,0.016,0.046,0.031,0.088
18,y2,0.155,0.061,0.057,0.067,0.032,0.05,0.052,0.052,0.039,0.071,0.086,0.045,0.023,0.023,0.099,0.088
18,y3,0.239,0.042,0.081,0.074,0.015,0.048,0.063,0.051,0.058,0.064,0.029,0.036,0.022,0.043,0.049,0.087
19,.,0.081,0.07,0.071,0.077,0.039,0.057,0.062,0.082,0.046,0.112,0.037,0.06,0.025,0.032,0.062,0.086
19,A1_1,0.179,0.065,0.045,0.062,0.025,0.03,0.035,0.085,0.055,0.066,0.079,0.032,0.023,0.032,0.107,0.078
19,A1_2,0.274,0.044,0.083,0.058,0.038,0.041,0.089,0.044,0.044,0.054,0.026,0.02,0.016,0.047,0.058,0.064
19,A1_3,0.148,0.038,0.047,0.067,0.045,0.121,0.035,0.046,0.02,0.07,0.057,0.035,0.02,0.025,0.114,0.112
19,B1_1,0.097,0.042,0.045,0.136,0.023,0.027,0.037,0.131,0.036,0.073,0.038,0.069,0.038,0.059,0.087,0.061
19,B1_2,0.263,0.027,0.063,0.055,0.02,0.04,0.075,0.043,0.064,0.048,0.029,0.033,0.011,0.049,0.082,0.098
19,B1_3,0.438,0.018,0.065,0.036,0.012,0.054,0.047,0.024,0.045,0.02,0.044,0.019,0.009,0.039,0.064,0.067
19,A2_1,0.109,0.04,0.031,0.1,0.045,0.064,0.088,0.062,0.03,0.1,0.029,0.034,0.031,0.057,0.1,0.081
19,A2_2,0.338,0.018,0.033,0.082,0.014,0.047,0.031,0.038,0.057,0.05,0.042,0.032,0.014,0.043,0.051,0.11
19,A2_3,0.209,0.047,0.054,0.08,0.027,0.037,0.049,0.071,0.039,0.056,0.062,0.029,0.015,0.042,0.136,0.048
19,B2_1,0.266,0.033,0.05,0.09,0.032,0.067,0.042,0.062,0.033,0.068,0.026,0.018,0.017,0.058,0.085,0.052
19,B2_2,0.113,0.062,0.054,0.095,0.061,0.036,0.04,0.072,0.041,0.084,0.045,0.049,0.013,0.031,0.125,0.079
19,B2_3,0.21,0.045,0.06,0.07,0.03,0.053,0.068,0.046,0.048,0.053,0.032,0.03,0.027,0.041,0.133,0.056
19,y1,0.331,0.028,0.055,0.066,0.013,0.041,0.052,0.048,0.067,0.06,0.03,0.028,0.017,0.048,0.031,0.087
19,y2,0.158,0.061,0.056,0.066,0.032,0.051,0.053,0.052,0.039,0.07,0.085,0.045,0.024,0.024,0.099,0.087
19,y3,0.239,0.042,0.079,0.073,0.015,0.049,0.063,0.051,0.058,0.064,0.029,0.036,0.022,0.045,0.049,0.086
20,.,0.08,0.071,0.071,0.077,0.04,0.057,0.062,0.083,0.046,0.112,0.037,0.06,0.025,0.033,0.063,0.086
20,A1_1,0.182,0.064,0.044,0.061,0.025,0.03,0.035,0.084,0.055,0.065,0.078,0.032,0.024,0.034,0.108,0.079
20,A1_2,0.274,0.043,0.082,0.058,0.038,0.041,0.09,0.044,0.043,0.053,0.026,0.02,0.017,0.049,0.058,0.064
20,A1_3,0.152,0.037,0.047,0.066,0.046,0.121,0.035,0.046,0.019,0.068,0.057,0.035,0.02,0.026,0.114,0.112
20,B1_1,0.096,0.042,0.044,0.136,0.024,0.027,0.037,0.131,0.036,0.072,0.038,0.069,0.039,0.061,0.088,0.061
20,B1_2,0.263,0.027,0.062,0.055,0.02,0.04,0.075,0.043,0.064,0.048,0.029,0.033,0.012,0.051,0.083,0.097
20,B1_3,0.445,0.017,0.063,0.035,0.012,0.053,0.046,0.023,0.044,0.019,0.043,0.019,0.009,0.04,0.064,0.066
20,A2_1,0.108,0.04,0.03,0.1,0.046,0.064,0.088,0.062,0.029,0.1,0.029,0.034,0.032,0.058,0.101,0.08
20,A2_2,0.34,0.018,0.032,0.081,0.014,0.047,0.031,0.038,0.057,0.049,0.042,0.033,0.014,0.044,0.051,0.11
20,A2_3,0.21,0.047,0.053,0.079,0.028,0.036,0.049,0.071,0.039,0.056,0.061,0.029,0.016,0.043,0.137,0.047
20,B2_1,0.268,0.033,0.05,0.089,0.032,0.068,0.042,0.061,0.032,0.067,0.026,0.018,0.018,0.059,0.085,0.052
20,B2_2,0.111,0.063,0.054,0.094,0.063,0.035,0.04,0.072,0.041,0.083,0.045,0.049,0.013,0.031,0.127,0.078
20,B2_3,0.211,0.045,0.059,0.069,0.03,0.053,0.068,0.045,0.048,0.052,0.031,0.03,0.028,0.042,0.134,0.055
20,y1,0.332,0.028,0.054,0.065,0.013,0.041,0.052,0.048,0.066,0.059,0.03,0.028,0.017,0.049,0.032,0.087
20,y2,0.16,0.06,0.055,0.066,0.033,0.051,0.053,0.051,0.039,0.069,0.084,0.045,0.024,0.025,0.1,0.086
20,y3,0.24,0.042,0.078,0.072,0.015,0.049,0.063,0.05,0.057,0.063,0.029,0.036,0.023,0.046,0.05,0.085
21,.,0.079,0.071,0.07,0.077,0.041,0.056,0.062,0.083,0.046,0.112,0.036,0.061,0.026,0.033,0.063,0.085
21,A1_1,0.185,0.063,0.043,0.061,0.025,0.03,0.034,0.082,0.054,0.064,0.078,0.032,0.024,0.034,0.11,0.078
21,A1_2,0.275,0.043,0.08,0.057,0.039,0.041,0.09,0.044,0.043,0.053,0.026,0.02,0.017,0.05,0.058,0.063
21,A1_3,0.155,0.037,0.046,0.066,0.046,0.12,0.034,0.046,0.019,0.067,0.056,0.035,0.02,0.026,0.115,0.112
21,B1_1,0.095,0.042,0.043,0.135,0.025,0.027,0.037,0.132,0.035,0.072,0.038,0.069,0.039,0.062,0.089,0.06
21,B1_2,0.264,0.026,0.061,0.054,0.02,0.04,0.075,0.042,0.064,0.047,0.029,0.033,0.012,0.052,0.084,0.096
21,B1_3,0.453,0.017,0.061,0.034,0.013,0.052,0.046,0.023,0.043,0.019,0.043,0.019,0.009,0.041,0.065,0.064
21,A2_1,0.107,0.04,0.029,0.1,0.048,0.063,0.087,0.063,0.029,0.1,0.029,0.034,0.033,0.06,0.101,0.079
21,A2_2,0.342,0.018,0.031,0.08,0.015,0.047,0.03,0.037,0.057,0.048,0.042,0.033,0.014,0.046,0.052,0.109
21,A2_3,0.212,0.047,0.052,0.078,0.028,0.036,0.049,0.07,0.039,0.055,0.06,0.029,0.016,0.044,0.138,0.046
21,B2_1,0.271,0.033,0.049,0.087,0.033,0.068,0.042,0.06,0.032,0.066,0.026,0.018,0.018,0.06,0.086,0.051
21,B2_2,0.11,0.063,0.052,0.094,0.065,0.035,0.039,0.072,0.04,0.083,0.045,0.05,0.014,0.032,0.129,0.077
21,B2_3,0.212,0.044,0.057,0.068,0.031,0.053,0.068,0.045,0.048,0.052,0.031,0.03,0.028,0.043,0.134,0.055
21,y1,0.334,0.028,0.052,0.064,0.013,0.041,0.051,0.048,0.065,0.058,0.03,0.028,0.018,0.051,0.033,0.086
21,y2,0.162,0.06,0.054,0.065,0.034,0.051,0.053,0.051,0.038,0.069,0.083,0.044,0.025,0.025,0.101,0.085
21,y3,0.241,0.042,0.076,0.072,0.016,0.05,0.062,0.05,0.057,0.063,0.03,0.036,0.024,0.048,0.051,0.085
22,.,0.078,0.072,0.069,0.076,0.041,0.056,0.062,0.084,0.045,0.113,0.036,0.061,0.026,0.034,0.063,0.084
22,A1_1,0.187,0.062,0.043,0.06,0.026,0.03,0.034,0.081,0.054,0.063,0.078,0.032,0.025,0.035,0.112,0.078
22,A1_2,0.274,0.043,0.08,0.056,0.04,0.041,0.09,0.043,0.043,0.052,0.026,0.02,0.017,0.052,0.059,0.062
22,A1_3,0.158,0.036,0.045,0.065,0.046,0.12,0.034,0.045,0.019,0.066,0.056,0.034,0.021,0.027,0.116,0.112
22,B1_1,0.093,0.041,0.042,0.134,0.025,0.027,0.036,0.132,0.035,0.071,0.038,0.07,0.04,0.064,0.09,0.06
22,B1_2,0.263,0.026,0.06,0.053,0.021,0.04,0.075,0.042,0.064,0.046,0.028,0.034,0.012,0.055,0.085,0.095
22,B1_3,0.458,0.017,0.06,0.034,0.013,0.052,0.045,0.022,0.042,0.018,0.042,0.018,0.009,0.042,0.065,0.063
22,A2_1,0.105,0.04,0.029,0.1,0.049,0.063,0.086,0.063,0.028,0.101,0.028,0.034,0.033,0.061,0.102,0.078
22,A2_2,0.342,0.017,0.03,0.079,0.015,0.047,0.03,0.037,0.056,0.048,0.042,0.033,0.015,0.047,0.053,0.109
22,A2_3,0.213,0.047,0.052,0.077,0.029,0.036,0.049,0.07,0.039,0.055,0.06,0.029,0.016,0.045,0.139,0.046
22,B2_1,0.274,0.033,0.048,0.086,0.033,0.068,0.042,0.059,0.032,0.065,0.026,0.018,0.018,0.061,0.086,0.051
22,B2_2,0.108,0.063,0.052,0.094,0.066,0.035,0.039,0.072,0.039,0.083,0.045,0.05,0.014,0.032,0.131,0.076
22,B2_3,0.213,0.043,0.056,0.067,0.031,0.054,0.069,0.045,0.049,0.051,0.031,0.03,0.029,0.045,0.134,0.055
22,y1,0.335,0.028,0.051,0.064,0.014,0.041,0.051,0.048,0.065,0.057,0.03,0.028,0.018,0.053,0.033,0.085
22,y2,0.163,0.06,0.053,0.065,0.034,0.051,0.054,0.05,0.038,0.068,0.082,0.044,0.026,0.026,0.101,0.084
22,y3,0.24,0.042,0.075,0.071,0.016,0.05,0.062,0.05,0.056,0.063,0.03,0.037,0.024,0.049,0.051,0.084
23,.,0.076,0.072,0.069,0.076,0.042,0.056,0.062,0.084,0.045,0.113,0.036,0.061,0.026,0.034,0.063,0.084
23,A1_1,0.19,0.061,0.042,0.059,0.026,0.03,0.034,0.08,0.053,0.062,0.078,0.032,0.025,0.036,0.113,0.079
23,A1_2,0.275,0.043,0.078,0.056,0.04,0.041,0.091,0.043,0.043,0.052,0.026,0.021,0.018,0.053,0.059,0.062
23,A1_3,0.161,0.036,0.045,0.064,0.046,0.119,0.034,0.045,0.019,0.065,0.056,0.034,0.021,0.028,0.115,0.112
23,B1_1,0.092,0.041,0.041,0.133,0.026,0.027,0.036,0.132,0.035,0.071,0.038,0.07,0.041,0.065,0.091,0.06
23,B1_2,0.262,0.026,0.059,0.052,0.021,0.041,0.075,0.042,0.065,0.046,0.028,0.034,0.013,0.056,0.086,0.095
23,B1_3,0.466,0.016,0.058,0.032,0.013,0.051,0.044,0.022,0.041,0.018,0.042,0.018,0.01,0.043,0.064,0.063
23,A2_1,0.104,0.04,0.029,0.098,0.049,0.062,0.087,0.063,0.029,0.1,0.028,0.034,0.034,0.063,0.101,0.078
23,A2_2,0.345,0.017,0.029,0.077,0.015,0.047,0.03,0.037,0.056,0.047,0.042,0.033,0.015,0.048,0.053,0.109
23,A2_3,0.215,0.047,0.051,0.075,0.029,0.036,0.05,0.069,0.039,0.054,0.059,0.029,0.017,0.047,0.138,0.046
23,B2_1,0.279,0.033,0.048,0.084,0.033,0.068,0.041,0.058,0.032,0.064,0.026,0.018,0.019,0.062,0.085,0.051
23,B2_2,0.108,0.063,0.051,0.093,0.067,0.035,0.039,0.073,0.04,0.082,0.045,0.05,0.014,0.033,0.131,0.076
23,B2_3,0.216,0.043,0.056,0.065,0.031,0.054,0.069,0.044,0.049,0.05,0.031,0.03,0.029,0.046,0.132,0.055
23,y1,0.334,0.028,0.051,0.062,0.014,0.041,0.051,0.048,0.065,0.057,0.03,0.028,0.019,0.055,0.033,0.085
23,y2,0.166,0.06,0.053,0.063,0.035,0.051,0.054,0.05,0.038,0.067,0.082,0.044,0.027,0.027,0.1,0.084
23,y3,0.238,0.042,0.074,0.07,0.017,0.05,0.062,0.05,0.056,0.062,0.03,0.037,0.025,0.05,0.051,0.084
24,.,0.075,0.073,0.068,0.076,0.042,0.055,0.061,0.085,0.045,0.114,0.036,0.062,0.027,0.035,0.063,0.083
24,A1_1,0.192,0.06,0.041,0.058,0.026,0.03,0.033,0.079,0.053,0.061,0.077,0.032,0.025,0.037,0.114,0.079
24,A1_2,0.274,0.043,0.077,0.055,0.041,0.041,0.091,0.043,0.043,0.052,0.026,0.021,0.018,0.054,0.059,0.061
24,A1_3,0.164,0.036,0.044,0.063,0.046,0.119,0.034,0.044,0.019,0.065,0.055,0.034,0.021,0.029,0.116,0.112
24,B1_1,0.091,0.041,0.04,0.132,0.027,0.027,0.036,0.132,0.035,0.071,0.038,0.07,0.042,0.067,0.092,0.059
24,B1_2,0.262,0.026,0.057,0.052,0.021,0.041,0.075,0.041,0.065,0.045,0.028,0.034,0.013,0.058,0.087,0.095
24,B1_3,0.472,0.016,0.056,0.032,0.013,0.051,0.043,0.021,0.04,0.017,0.041,0.018,0.01,0.043,0.065,0.062
24,A2_1,0.102,0.04,0.028,0.099,0.051,0.062,0.086,0.064,0.028,0.101,0.028,0.034,0.035,0.064,0.102,0.077
24,A2_2,0.345,0.017,0.028,0.076,0.015,0.047,0.029,0.037,0.056,0.046,0.042,0.033,0.016,0.05,0.054,0.109
24,A2_3,0.217,0.047,0.05,0.074,0.029,0.036,0.05,0.069,0.039,0.054,0.059,0.028,0.017,0.048,0.139,0.045
