,,.,A1_1,A1_2,A1_3,B1_1,B1_2,B1_3,A2_1,A2_2,A2_3,B2_1,B2_2,B2_3,y1,y2,y3
1,.,1.0,-0.207,0.598,0.637,-0.091,-0.372,0.205,-0.064,0.356,0.407,0.342,0.163,0.647,-0.565,0.273,0.031
1,A1_1,-0.207,1.0,-0.084,0.026,-0.048,-0.313,-0.091,0.563,-0.213,0.168,-0.484,-0.212,-0.09,0.158,-0.032,0.043
1,A1_2,0.598,-0.084,1.0,0.627,-0.017,-0.51,-0.189,-0.121,0.127,0.311,0.131,0.412,0.471,-0.684,0.524,-0.384
1,A1_3,0.637,0.026,0.627,1.0,-0.368,-0.618,0.011,0.109,0.211,0.287,0.071,0.548,0.355,-0.753,0.155,-0.209
1,B1_1,-0.091,-0.048,-0.017,-0.368,1.0,0.178,-0.092,0.034,0.047,0.345,-0.331,0.039,0.135,0.118,0.452,-0.516
1,B1_2,-0.372,-0.313,-0.51,-0.618,0.178,1.0,0.113,-0.099,-0.184,-0.205,0.329,-0.296,-0.061,0.477,0.073,0.186
1,B1_3,0.205,-0.091,-0.189,0.011,-0.092,0.113,1.0,0.525,0.393,-0.213,0.499,-0.573,0.261,-0.224,-0.459,0.116
1,A2_1,-0.064,0.563,-0.121,0.109,0.034,-0.099,0.525,1.0,0.042,-0.16,-0.132,-0.267,-0.126,-0.123,0.019,0.074
1,A2_2,0.356,-0.213,0.127,0.211,0.047,-0.184,0.393,0.042,1.0,0.076,0.557,0.021,-0.065,-0.159,-0.127,-0.266
1,A2_3,0.407,0.168,0.311,0.287,0.345,-0.205,-0.213,-0.16,0.076,1.0,-0.288,0.316,0.546,-0.453,0.305,-0.179
1,B2_1,0.342,-0.484,0.131,0.071,-0.331,0.329,0.499,-0.132,0.557,-0.288,1.0,-0.324,0.202,-0.037,-0.107,0.114
1,B2_2,0.163,-0.212,0.412,0.548,0.039,-0.296,-0.573,-0.267,0.021,0.316,-0.324,1.0,-0.116,-0.444,0.38,-0.427
1,B2_3,0.647,-0.09,0.471,0.355,0.135,-0.061,0.261,-0.126,-0.065,0.546,0.202,-0.116,1.0,-0.518,0.155,-0.16
1,y1,-0.565,0.158,-0.684,-0.753,0.118,0.477,-0.224,-0.123,-0.159,-0.453,-0.037,-0.444,-0.518,1.0,-0.128,0.252
1,y2,0.273,-0.032,0.524,0.155,0.452,0.073,-0.459,0.019,-0.127,0.305,-0.107,0.38,0.155,-0.128,1.0,-0.181
1,y3,0.031,0.043,-0.384,-0.209,-0.516,0.186,0.116,0.074,-0.266,-0.179,0.114,-0.427,-0.16,0.252,-0.181,1.0
2,.,1.0,-0.209,0.598,0.635,-0.09,-0.37,0.207,-0.066,0.357,0.407,0.345,0.162,0.648,-0.564,0.272,0.031
2,A1_1,-0.209,1.0,-0.083,0.026,-0.048,-0.314,-0.092,0.563,-0.213,0.168,-0.484,-0.212,-0.09,0.159,-0.032,0.043
2,A1_2,0.598,-0.083,1.0,0.627,-0.017,-0.51,-0.188,-0.121,0.127,0.311,0.131,0.412,0.471,-0.684,0.523,-0.384
2,A1_3,0.635,0.026,0.627,1.0,-0.367,-0.617,0.012,0.109,0.211,0.287,0.072,0.548,0.356,-0.751,0.156,-0.209
2,B1_1,-0.09,-0.048,-0.017,-0.367,1.0,0.178,-0.092,0.034,0.047,0.346,-0.331,0.04,0.136,0.116,0.452,-0.516
2,B1_2,-0.37,-0.314,-0.51,-0.617,0.178,1.0,0.113,-0.099,-0.185,-0.204,0.329,-0.295,-0.06,0.474,0.073,0.185
2,B1_3,0.207,-0.092,-0.188,0.012,-0.092,0.113,1.0,0.525,0.392,-0.212,0.499,-0.572,0.262,-0.226,-0.459,0.115
2,A2_1,-0.066,0.563,-0.121,0.109,0.034,-0.099,0.525,1.0,0.042,-0.16,-0.131,-0.267,-0.125,-0.122,0.019,0.075
2,A2_2,0.357,-0.213,0.127,0.211,0.047,-0.185,0.392,0.042,1.0,0.076,0.557,0.02,-0.065,-0.159,-0.127,-0.267
2,A2_3,0.407,0.168,0.311,0.287,0.346,-0.204,-0.212,-0.16,0.076,1.0,-0.287,0.317,0.546,-0.453,0.304,-0.18
2,B2_1,0.345,-0.484,0.131,0.072,-0.331,0.329,0.499,-0.131,0.557,-0.287,1.0,-0.324,0.202,-0.039,-0.107,0.113
2,B2_2,0.162,-0.212,0.412,0.548,0.04,-0.295,-0.572,-0.267,0.02,0.317,-0.324,1.0,-0.115,-0.443,0.381,-0.426
2,B2_3,0.648,-0.09,0.471,0.356,0.136,-0.06,0.262,-0.125,-0.065,0.546,0.202,-0.115,1.0,-0.519,0.154,-0.161
2,y1,-0.564,0.159,-0.684,-0.751,0.116,0.474,-0.226,-0.122,-0.159,-0.453,-0.039,-0.443,-0.519,1.0,-0.128,0.253
2,y2,0.272,-0.032,0.523,0.156,0.452,0.073,-0.459,0.019,-0.127,0.304,-0.107,0.381,0.154,-0.128,1.0,-0.181
2,y3,0.031,0.043,-0.384,-0.209,-0.516,0.185,0.115,0.075,-0.267,-0.18,0.113,-0.426,-0.161,0.253,-0.181,1.0
3,.,1.0,-0.21,0.598,0.634,-0.089,-0.368,0.21,-0.067,0.357,0.407,0.348,0.161,0.649,-0.564,0.27,0.032
3,A1_1,-0.21,1.0,-0.083,0.026,-0.048,-0.314,-0.092,0.563,-0.213,0.168,-0.484,-0.212,-0.09,0.16,-0.032,0.044
3,A1_2,0.598,-0.083,1.0,0.627,-0.016,-0.509,-0.187,-0.121,0.127,0.311,0.131,0.411,0.471,-0.683,0.523,-0.385
3,A1_3,0.634,0.026,0.627,1.0,-0.366,-0.617,0.013,0.109,0.211,0.286,0.073,0.549,0.356,-0.75,0.156,-0.209
3,B1_1,-0.089,-0.048,-0.016,-0.366,1.0,0.178,-0.092,0.034,0.046,0.346,-0.331,0.041,0.137,0.114,0.453,-0.516
3,B1_2,-0.368,-0.314,-0.509,-0.617,0.178,1.0,0.113,-0.098,-0.185,-0.204,0.33,-0.294,-0.058,0.471,0.073,0.184
3,B1_3,0.21,-0.092,-0.187,0.013,-0.092,0.113,1.0,0.526,0.392,-0.211,0.5,-0.571,0.263,-0.228,-0.459,0.114
3,A2_1,-0.067,0.563,-0.121,0.109,0.034,-0.098,0.526,1.0,0.042,-0.16,-0.131,-0.267,-0.125,-0.122,0.019,0.075
3,A2_2,0.357,-0.213,0.127,0.211,0.046,-0.185,0.392,0.042,1.0,0.076,0.557,0.019,-0.065,-0.159,-0.126,-0.267
3,A2_3,0.407,0.168,0.311,0.286,0.346,-0.204,-0.211,-0.16,0.076,1.0,-0.286,0.318,0.547,-0.454,0.304,-0.181
3,B2_1,0.348,-0.484,0.131,0.073,-0.331,0.33,0.5,-0.131,0.557,-0.286,1.0,-0.324,0.203,-0.041,-0.107,0.112
3,B2_2,0.161,-0.212,0.411,0.549,0.041,-0.294,-0.571,-0.267,0.019,0.318,-0.324,1.0,-0.113,-0.443,0.382,-0.425
3,B2_3,0.649,-0.09,0.471,0.356,0.137,-0.058,0.263,-0.125,-0.065,0.547,0.203,-0.113,1.0,-0.521,0.154,-0.161
3,y1,-0.564,0.16,-0.683,-0.75,0.114,0.471,-0.228,-0.122,-0.159,-0.454,-0.041,-0.443,-0.521,1.0,-0.127,0.254
3,y2,0.27,-0.032,0.523,0.156,0.453,0.073,-0.459,0.019,-0.126,0.304,-0.107,0.382,0.154,-0.127,1.0,-0.181
3,y3,0.032,0.044,-0.385,-0.209,-0.516,0.184,0.114,0.075,-0.267,-0.181,0.112,-0.425,-0.161,0.254,-0.181,1.0
4,.,1.0,-0.212,0.597,0.632,-0.088,-0.366,0.213,-0.068,0.358,0.406,0.351,0.16,0.65,-0.563,0.268,0.031
4,A1_1,-0.212,1.0,-0.083,0.027,-0.048,-0.314,-0.092,0.563,-0.213,0.168,-0.484,-0.213,-0.09,0.161,-0.031,0.045
4,A1_2,0.597,-0.083,1.0,0.627,-0.016,-0.509,-0.187,-0.121,0.127,0.31,0.131,0.411,0.47,-0.683,0.523,-0.386
4,A1_3,0.632,0.027,0.627,1.0,-0.365,-0.616,0.014,0.109,0.211,0.286,0.073,0.549,0.357,-0.748,0.156,-0.209
4,B1_1,-0.088,-0.048,-0.016,-0.365,1.0,0.179,-0.091,0.034,0.045,0.347,-0.331,0.041,0.139,0.112,0.453,-0.516
4,B1_2,-0.366,-0.314,-0.509,-0.616,0.179,1.0,0.114,-0.098,-0.186,-0.203,0.33,-0.294,-0.056,0.467,0.073,0.182
4,B1_3,0.213,-0.092,-0.187,0.014,-0.091,0.114,1.0,0.526,0.392,-0.21,0.5,-0.57,0.264,-0.231,-0.459,0.113
4,A2_1,-0.068,0.563,-0.121,0.109,0.034,-0.098,0.526,1.0,0.042,-0.16,-0.131,-0.267,-0.124,-0.122,0.019,0.075
4,A2_2,0.358,-0.213,0.127,0.211,0.045,-0.186,0.392,0.042,1.0,0.076,0.556,0.019,-0.066,-0.159,-0.126,-0.267
4,A2_3,0.406,0.168,0.31,0.286,0.347,-0.203,-0.21,-0.16,0.076,1.0,-0.285,0.318,0.547,-0.454,0.303,-0.182
4,B2_1,0.351,-0.484,0.131,0.073,-0.331,0.33,0.5,-0.131,0.556,-0.285,1.0,-0.324,0.204,-0.043,-0.107,0.112
4,B2_2,0.16,-0.213,0.411,0.549,0.041,-0.294,-0.57,-0.267,0.019,0.318,-0.324,1.0,-0.111,-0.442,0.382,-0.424
4,B2_3,0.65,-0.09,0.47,0.357,0.139,-0.056,0.264,-0.124,-0.066,0.547,0.204,-0.111,1.0,-0.523,0.153,-0.163
4,y1,-0.563,0.161,-0.683,-0.748,0.112,0.467,-0.231,-0.122,-0.159,-0.454,-0.043,-0.442,-0.523,1.0,-0.126,0.255
4,y2,0.268,-0.031,0.523,0.156,0.453,0.073,-0.459,0.019,-0.126,0.303,-0.107,0.382,0.153,-0.126,1.0,-0.181
4,y3,0.031,0.045,-0.386,-0.209,-0.516,0.182,0.113,0.075,-0.267,-0.182,0.112,-0.424,-0.163,0.255,-0.181,1.0
5,.,1.0,-0.213,0.597,0.63,-0.088,-0.364,0.215,-0.069,0.358,0.406,0.354,0.159,0.651,-0.563,0.267,0.031
5,A1_1,-0.213,1.0,-0.082,0.027,-0.049,-0.314,-0.093,0.564,-0.212,0.168,-0.484,-0.213,-0.09,0.162,-0.031,0.046
5,A1_2,0.597,-0.082,1.0,0.627,-0.016,-0.508,-0.186,-0.12,0.127,0.31,0.131,0.411,0.47,-0.683,0.522,-0.386
5,A1_3,0.63,0.027,0.627,1.0,-0.364,-0.615,0.015,0.109,0.211,0.286,0.074,0.549,0.357,-0.747,0.156,-0.209
5,B1_1,-0.088,-0.049,-0.016,-0.364,1.0,0.18,-0.09,0.034,0.044,0.348,-0.33,0.042,0.141,0.111,0.453,-0.516
5,B1_2,-0.364,-0.314,-0.508,-0.615,0.18,1.0,0.114,-0.098,-0.187,-0.203,0.331,-0.293,-0.054,0.464,0.072,0.181
5,B1_3,0.215,-0.093,-0.186,0.015,-0.09,0.114,1.0,0.526,0.391,-0.208,0.5,-0.569,0.266,-0.233,-0.459,0.112
5,A2_1,-0.069,0.564,-0.12,0.109,0.034,-0.098,0.526,1.0,0.043,-0.16,-0.131,-0.267,-0.124,-0.121,0.018,0.075
5,A2_2,0.358,-0.212,0.127,0.211,0.044,-0.187,0.391,0.043,1.0,0.076,0.556,0.018,-0.066,-0.159,-0.126,-0.267
5,A2_3,0.406,0.168,0.31,0.286,0.348,-0.203,-0.208,-0.16,0.076,1.0,-0.284,0.319,0.548,-0.454,0.302,-0.183
5,B2_1,0.354,-0.484,0.131,0.074,-0.33,0.331,0.5,-0.131,0.556,-0.284,1.0,-0.324,0.204,-0.045,-0.107,0.111
5,B2_2,0.159,-0.213,0.411,0.549,0.042,-0.293,-0.569,-0.267,0.018,0.319,-0.324,1.0,-0.11,-0.441,0.383,-0.423
5,B2_3,0.651,-0.09,0.47,0.357,0.141,-0.054,0.266,-0.124,-0.066,0.548,0.204,-0.11,1.0,-0.525,0.152,-0.164
5,y1,-0.563,0.162,-0.683,-0.747,0.111,0.464,-0.233,-0.121,-0.159,-0.454,-0.045,-0.441,-0.525,1.0,-0.125,0.257
5,y2,0.267,-0.031,0.522,0.156,0.453,0.072,-0.459,0.018,-0.126,0.302,-0.107,0.383,0.152,-0.125,1.0,-0.18
5,y3,0.031,0.046,-0.386,-0.209,-0.516,0.181,0.112,0.075,-0.267,-0.183,0.111,-0.423,-0.164,0.257,-0.18,1.0
6,.,1.0,-0.214,0.596,0.629,-0.088,-0.362,0.217,-0.07,0.36,0.406,0.356,0.158,0.651,-0.563,0.265,0.031
6,A1_1,-0.214,1.0,-0.082,0.027,-0.05,-0.315,-0.093,0.564,-0.212,0.168,-0.485,-0.213,-0.09,0.163,-0.031,0.046
6,A1_2,0.596,-0.082,1.0,0.627,-0.016,-0.507,-0.185,-0.12,0.127,0.31,0.131,0.411,0.469,-0.682,0.521,-0.387
6,A1_3,0.629,0.027,0.627,1.0,-0.364,-0.615,0.015,0.109,0.211,0.286,0.074,0.549,0.357,-0.745,0.156,-0.21
6,B1_1,-0.088,-0.05,-0.016,-0.364,1.0,0.181,-0.089,0.034,0.044,0.348,-0.33,0.042,0.142,0.109,0.453,-0.516
6,B1_2,-0.362,-0.315,-0.507,-0.615,0.181,1.0,0.115,-0.099,-0.187,-0.203,0.331,-0.292,-0.052,0.46,0.072,0.18
6,B1_3,0.217,-0.093,-0.185,0.015,-0.089,0.115,1.0,0.525,0.39,-0.207,0.501,-0.568,0.267,-0.236,-0.459,0.11
6,A2_1,-0.07,0.564,-0.12,0.109,0.034,-0.099,0.525,1.0,0.043,-0.159,-0.13,-0.267,-0.123,-0.121,0.018,0.075
6,A2_2,0.36,-0.212,0.127,0.211,0.044,-0.187,0.39,0.043,1.0,0.076,0.555,0.017,-0.067,-0.159,-0.126,-0.267
6,A2_3,0.406,0.168,0.31,0.286,0.348,-0.203,-0.207,-0.159,0.076,1.0,-0.283,0.32,0.548,-0.455,0.301,-0.184
6,B2_1,0.356,-0.485,0.131,0.074,-0.33,0.331,0.501,-0.13,0.555,-0.283,1.0,-0.324,0.206,-0.048,-0.107,0.11
6,B2_2,0.158,-0.213,0.411,0.549,0.042,-0.292,-0.568,-0.267,0.017,0.32,-0.324,1.0,-0.108,-0.44,0.384,-0.421
6,B2_3,0.651,-0.09,0.469,0.357,0.142,-0.052,0.267,-0.123,-0.067,0.548,0.206,-0.108,1.0,-0.526,0.15,-0.165
6,y1,-0.563,0.163,-0.682,-0.745,0.109,0.46,-0.236,-0.121,-0.159,-0.455,-0.048,-0.44,-0.526,1.0,-0.123,0.259
6,y2,0.265,-0.031,0.521,0.156,0.453,0.072,-0.459,0.018,-0.126,0.301,-0.107,0.384,0.15,-0.123,1.0,-0.18
6,y3,0.031,0.046,-0.387,-0.21,-0.516,0.18,0.11,0.075,-0.267,-0.184,0.11,-0.421,-0.165,0.259,-0.18,1.0
7,.,1.0,-0.215,0.596,0.628,-0.088,-0.361,0.218,-0.071,0.361,0.405,0.359,0.158,0.651,-0.563,0.263,0.03
7,A1_1,-0.215,1.0,-0.081,0.028,-0.05,-0.316,-0.094,0.564,-0.212,0.169,-0.485,-0.214,-0.091,0.164,-0.031,0.047
7,A1_2,0.596,-0.081,1.0,0.627,-0.016,-0.507,-0.184,-0.12,0.127,0.31,0.131,0.41,0.468,-0.682,0.521,-0.388
7,A1_3,0.628,0.028,0.627,1.0,-0.363,-0.614,0.016,0.11,0.211,0.286,0.074,0.549,0.356,-0.743,0.156,-0.21
7,B1_1,-0.088,-0.05,-0.016,-0.363,1.0,0.182,-0.087,0.034,0.043,0.349,-0.329,0.042,0.144,0.106,0.452,-0.516
7,B1_2,-0.361,-0.316,-0.507,-0.614,0.182,1.0,0.117,-0.099,-0.188,-0.202,0.332,-0.291,-0.049,0.456,0.071,0.178
7,B1_3,0.218,-0.094,-0.184,0.016,-0.087,0.117,1.0,0.525,0.39,-0.206,0.502,-0.567,0.269,-0.238,-0.459,0.109
7,A2_1,-0.071,0.564,-0.12,0.11,0.034,-0.099,0.525,1.0,0.043,-0.159,-0.13,-0.267,-0.123,-0.12,0.018,0.075
7,A2_2,0.361,-0.212,0.127,0.211,0.043,-0.188,0.39,0.043,1.0,0.076,0.554,0.016,-0.067,-0.159,-0.126,-0.267
7,A2_3,0.405,0.169,0.31,0.286,0.349,-0.202,-0.206,-0.159,0.076,1.0,-0.282,0.321,0.548,-0.455,0.3,-0.185
7,B2_1,0.359,-0.485,0.131,0.074,-0.329,0.332,0.502,-0.13,0.554,-0.282,1.0,-0.324,0.207,-0.05,-0.107,0.108
7,B2_2,0.158,-0.214,0.41,0.549,0.042,-0.291,-0.567,-0.267,0.016,0.321,-0.324,1.0,-0.106,-0.439,0.384,-0.421
7,B2_3,0.651,-0.091,0.468,0.356,0.144,-0.049,0.269,-0.123,-0.067,0.548,0.207,-0.106,1.0,-0.529,0.149,-0.167
7,y1,-0.563,0.164,-0.682,-0.743,0.106,0.456,-0.238,-0.12,-0.159,-0.455,-0.05,-0.439,-0.529,1.0,-0.122,0.261
7,y2,0.263,-0.031,0.521,0.156,0.452,0.071,-0.459,0.018,-0.126,0.3,-0.107,0.384,0.149,-0.122,1.0,-0.179
7,y3,0.03,0.047,-0.388,-0.21,-0.516,0.178,0.109,0.075,-0.267,-0.185,0.108,-0.421,-0.167,0.261,-0.179,1.0
8,.,1.0,-0.216,0.596,0.627,-0.088,-0.36,0.22,-0.072,0.362,0.404,0.361,0.157,0.65,-0.562,0.261,0.029
8,A1_1,-0.216,1.0,-0.08,0.028,-0.051,-0.316,-0.095,0.564,-0.211,0.169,-0.485,-0.215,-0.091,0.166,-0.031,0.048
8,A1_2,0.596,-0.08,1.0,0.628,-0.016,-0.506,-0.184,-0.119,0.127,0.31,0.131,0.41,0.467,-0.681,0.52,-0.389
8,A1_3,0.627,0.028,0.628,1.0,-0.363,-0.614,0.016,0.11,0.211,0.286,0.074,0.549,0.356,-0.741,0.155,-0.211
8,B1_1,-0.088,-0.051,-0.016,-0.363,1.0,0.183,-0.085,0.034,0.042,0.349,-0.328,0.042,0.147,0.104,0.452,-0.516
8,B1_2,-0.36,-0.316,-0.506,-0.614,0.183,1.0,0.118,-0.099,-0.189,-0.202,0.333,-0.29,-0.046,0.452,0.071,0.177
8,B1_3,0.22,-0.095,-0.184,0.016,-0.085,0.118,1.0,0.525,0.389,-0.205,0.502,-0.566,0.271,-0.241,-0.459,0.107
8,A2_1,-0.072,0.564,-0.119,0.11,0.034,-0.099,0.525,1.0,0.044,-0.159,-0.13,-0.267,-0.122,-0.12,0.017,0.075
8,A2_2,0.362,-0.211,0.127,0.211,0.042,-0.189,0.389,0.044,1.0,0.077,0.554,0.016,-0.067,-0.159,-0.125,-0.268
8,A2_3,0.404,0.169,0.31,0.286,0.349,-0.202,-0.205,-0.159,0.077,1.0,-0.281,0.322,0.549,-0.456,0.299,-0.187
8,B2_1,0.361,-0.485,0.131,0.074,-0.328,0.333,0.502,-0.13,0.554,-0.281,1.0,-0.324,0.208,-0.053,-0.108,0.107
8,B2_2,0.157,-0.215,0.41,0.549,0.042,-0.29,-0.566,-0.267,0.016,0.322,-0.324,1.0,-0.105,-0.437,0.385,-0.42
8,B2_3,0.65,-0.091,0.467,0.356,0.147,-0.046,0.271,-0.122,-0.067,0.549,0.208,-0.105,1.0,-0.531,0.147,-0.169
8,y1,-0.562,0.166,-0.681,-0.741,0.104,0.452,-0.241,-0.12,-0.159,-0.456,-0.053,-0.437,-0.531,1.0,-0.12,0.263
8,y2,0.261,-0.031,0.52,0.155,0.452,0.071,-0.459,0.017,-0.125,0.299,-0.108,0.385,0.147,-0.12,1.0,-0.179
8,y3,0.029,0.048,-0.389,-0.211,-0.516,0.177,0.107,0.075,-0.268,-0.187,0.107,-0.42,-0.169,0.263,-0.179,1.0
9,.,1.0,-0.217,0.596,0.625,-0.088,-0.359,0.221,-0.072,0.364,0.404,0.363,0.157,0.649,-0.562,0.259,0.029
9,A1_1,-0.217,1.0,-0.08,0.029,-0.052,-0.317,-0.095,0.565,-0.21,0.17,-0.485,-0.216,-0.091,0.167,-0.03,0.049
9,A1_2,0.596,-0.08,1.0,0.628,-0.016,-0.506,-0.183,-0.119,0.127,0.31,0.131,0.41,0.466,-0.68,0.519,-0.39
9,A1_3,0.625,0.029,0.628,1.0,-0.363,-0.613,0.017,0.11,0.211,0.286,0.074,0.549,0.356,-0.739,0.155,-0.211
9,B1_1,-0.088,-0.052,-0.016,-0.363,1.0,0.185,-0.083,0.034,0.041,0.35,-0.327,0.042,0.149,0.102,0.451,-0.515
9,B1_2,-0.359,-0.317,-0.506,-0.613,0.185,1.0,0.12,-0.099,-0.19,-0.202,0.334,-0.289,-0.044,0.448,0.07,0.175
9,B1_3,0.221,-0.095,-0.183,0.017,-0.083,0.12,1.0,0.524,0.388,-0.204,0.503,-0.565,0.273,-0.244,-0.459,0.104
9,A2_1,-0.072,0.565,-0.119,0.11,0.034,-0.099,0.524,1.0,0.044,-0.158,-0.13,-0.267,-0.122,-0.119,0.017,0.075
9,A2_2,0.364,-0.21,0.127,0.211,0.041,-0.19,0.388,0.044,1.0,0.077,0.553,0.015,-0.068,-0.159,-0.125,-0.268
9,A2_3,0.404,0.17,0.31,0.286,0.35,-0.202,-0.204,-0.158,0.077,1.0,-0.28,0.323,0.549,-0.456,0.297,-0.188
9,B2_1,0.363,-0.485,0.131,0.074,-0.327,0.334,0.503,-0.13,0.553,-0.28,1.0,-0.324,0.21,-0.056,-0.108,0.105
9,B2_2,0.157,-0.216,0.41,0.549,0.042,-0.289,-0.565,-0.267,0.015,0.323,-0.324,1.0,-0.103,-0.436,0.385,-0.419
9,B2_3,0.649,-0.091,0.466,0.356,0.149,-0.044,0.273,-0.122,-0.068,0.549,0.21,-0.103,1.0,-0.533,0.145,-0.171
9,y1,-0.562,0.167,-0.68,-0.739,0.102,0.448,-0.244,-0.119,-0.159,-0.456,-0.056,-0.436,-0.533,1.0,-0.118,0.265
9,y2,0.259,-0.03,0.519,0.155,0.451,0.07,-0.459,0.017,-0.125,0.297,-0.108,0.385,0.145,-0.118,1.0,-0.178
9,y3,0.029,0.049,-0.39,-0.211,-0.515,0.175,0.104,0.075,-0.268,-0.188,0.105,-0.419,-0.171,0.265,-0.178,1.0
10,.,1.0,-0.217,0.596,0.624,-0.089,-0.359,0.222,-0.073,0.365,0.403,0.365,0.156,0.648,-0.561,0.257,0.028
10,A1_1,-0.217,1.0,-0.079,0.03,-0.054,-0.318,-0.096,0.565,-0.21,0.17,-0.486,-0.216,-0.092,0.168,-0.03,0.05
10,A1_2,0.596,-0.079,1.0,0.628,-0.017,-0.505,-0.183,-0.118,0.128,0.31,0.13,0.409,0.465,-0.68,0.518,-0.392
10,A1_3,0.624,0.03,0.628,1.0,-0.363,-0.613,0.017,0.111,0.212,0.286,0.074,0.548,0.355,-0.737,0.155,-0.212
10,B1_1,-0.089,-0.054,-0.017,-0.363,1.0,0.187,-0.081,0.034,0.04,0.35,-0.325,0.043,0.151,0.099,0.45,-0.515
10,B1_2,-0.359,-0.318,-0.505,-0.613,0.187,1.0,0.122,-0.1,-0.191,-0.202,0.335,-0.288,-0.04,0.443,0.069,0.173
10,B1_3,0.222,-0.096,-0.183,0.017,-0.081,0.122,1.0,0.523,0.387,-0.203,0.504,-0.564,0.275,-0.247,-0.46,0.102
10,A2_1,-0.073,0.565,-0.118,0.111,0.034,-0.1,0.523,1.0,0.045,-0.158,-0.13,-0.267,-0.122,-0.119,0.017,0.075
10,A2_2,0.365,-0.21,0.128,0.212,0.04,-0.191,0.387,0.045,1.0,0.077,0.552,0.014,-0.068,-0.159,-0.125,-0.268
10,A2_3,0.403,0.17,0.31,0.286,0.35,-0.202,-0.203,-0.158,0.077,1.0,-0.28,0.323,0.549,-0.457,0.296,-0.189
10,B2_1,0.365,-0.486,0.13,0.074,-0.325,0.335,0.504,-0.13,0.552,-0.28,1.0,-0.324,0.211,-0.059,-0.109,0.104
10,B2_2,0.156,-0.216,0.409,0.548,0.043,-0.288,-0.564,-0.267,0.014,0.323,-0.324,1.0,-0.102,-0.435,0.386,-0.418
10,B2_3,0.648,-0.092,0.465,0.355,0.151,-0.04,0.275,-0.122,-0.068,0.549,0.211,-0.102,1.0,-0.536,0.143,-0.174
10,y1,-0.561,0.168,-0.68,-0.737,0.099,0.443,-0.247,-0.119,-0.159,-0.457,-0.059,-0.435,-0.536,1.0,-0.116,0.268
10,y2,0.257,-0.03,0.518,0.155,0.45,0.069,-0.46,0.017,-0.125,0.296,-0.109,0.386,0.143,-0.116,1.0,-0.177
10,y3,0.028,0.05,-0.392,-0.212,-0.515,0.173,0.102,0.075,-0.268,-0.189,0.104,-0.418,-0.174,0.268,-0.177,1.0
11,.,1.0,-0.217,0.596,0.624,-0.09,-0.359,0.223,-0.074,0.367,0.403,0.367,0.156,0.647,-0.56,0.255,0.027
11,A1_1,-0.217,1.0,-0.078,0.031,-0.055,-0.319,-0.097,0.565,-0.209,0.171,-0.486,-0.217,-0.093,0.169,-0.029,0.052
11,A1_2,0.596,-0.078,1.0,0.629,-0.017,-0.505,-0.182,-0.118,0.128,0.31,0.13,0.409,0.464,-0.679,0.517,-0.393
11,A1_3,0.624,0.031,0.629,1.0,-0.363,-0.613,0.017,0.111,0.212,0.286,0.074,0.548,0.354,-0.735,0.155,-0.212
11,B1_1,-0.09,-0.055,-0.017,-0.363,1.0,0.189,-0.079,0.034,0.039,0.35,-0.324,0.043,0.153,0.097,0.449,-0.515
11,B1_2,-0.359,-0.319,-0.505,-0.613,0.189,1.0,0.124,-0.1,-0.192,-0.202,0.336,-0.286,-0.037,0.438,0.068,0.171
11,B1_3,0.223,-0.097,-0.182,0.017,-0.079,0.124,1.0,0.523,0.386,-0.202,0.505,-0.562,0.278,-0.25,-0.46,0.099
11,A2_1,-0.074,0.565,-0.118,0.111,0.034,-0.1,0.523,1.0,0.045,-0.157,-0.13,-0.268,-0.121,-0.118,0.016,0.075
11,A2_2,0.367,-0.209,0.128,0.212,0.039,-0.192,0.386,0.045,1.0,0.078,0.551,0.013,-0.069,-0.159,-0.125,-0.268
11,A2_3,0.403,0.171,0.31,0.286,0.35,-0.202,-0.202,-0.157,0.078,1.0,-0.279,0.324,0.548,-0.458,0.295,-0.191
11,B2_1,0.367,-0.486,0.13,0.074,-0.324,0.336,0.505,-0.13,0.551,-0.279,1.0,-0.324,0.213,-0.062,-0.11,0.102
11,B2_2,0.156,-0.217,0.409,0.548,0.043,-0.286,-0.562,-0.268,0.013,0.324,-0.324,1.0,-0.1,-0.433,0.387,-0.417
11,B2_3,0.647,-0.093,0.464,0.354,0.153,-0.037,0.278,-0.121,-0.069,0.548,0.213,-0.1,1.0,-0.538,0.14,-0.176
11,y1,-0.56,0.169,-0.679,-0.735,0.097,0.438,-0.25,-0.118,-0.159,-0.458,-0.062,-0.433,-0.538,1.0,-0.114,0.272
11,y2,0.255,-0.029,0.517,0.155,0.449,0.068,-0.46,0.016,-0.125,0.295,-0.11,0.387,0.14,-0.114,1.0,-0.176
11,y3,0.027,0.052,-0.393,-0.212,-0.515,0.171,0.099,0.075,-0.268,-0.191,0.102,-0.417,-0.176,0.272,-0.176,1.0
12,.,1.0,-0.217,0.595,0.622,-0.091,-0.358,0.223,-0.075,0.368,0.402,0.368,0.156,0.645,-0.559,0.253,0.027
12,A1_1,-0.217,1.0,-0.077,0.032,-0.057,-0.32,-0.098,0.566,-0.208,0.171,-0.486,-0.218,-0.093,0.17,-0.029,0.053
12,A1_2,0.595,-0.077,1.0,0.629,-0.018,-0.504,-0.182,-0.117,0.128,0.31,0.129,0.408,0.463,-0.678,0.517,-0.394
12,A1_3,0.622,0.032,0.629,1.0,-0.363,-0.612,0.017,0.112,0.212,0.286,0.073,0.548,0.354,-0.733,0.154,-0.213
12,B1_1,-0.091,-0.057,-0.018,-0.363,1.0,0.191,-0.076,0.033,0.037,0.35,-0.322,0.043,0.156,0.094,0.448,-0.515
12,B1_2,-0.358,-0.32,-0.504,-0.612,0.191,1.0,0.126,-0.101,-0.193,-0.202,0.338,-0.285,-0.034,0.432,0.066,0.168
12,B1_3,0.223,-0.098,-0.182,0.017,-0.076,0.126,1.0,0.522,0.385,-0.201,0.506,-0.561,0.28,-0.254,-0.461,0.096
12,A2_1,-0.075,0.566,-0.117,0.112,0.033,-0.101,0.522,1.0,0.046,-0.156,-0.13,-0.268,-0.121,-0.118,0.016,0.075
12,A2_2,0.368,-0.208,0.128,0.212,0.037,-0.193,0.385,0.046,1.0,0.078,0.55,0.013,-0.069,-0.16,-0.125,-0.268
12,A2_3,0.402,0.171,0.31,0.286,0.35,-0.202,-0.201,-0.156,0.078,1.0,-0.278,0.325,0.548,-0.458,0.293,-0.192
12,B2_1,0.368,-0.486,0.129,0.073,-0.322,0.338,0.506,-0.13,0.55,-0.278,1.0,-0.324,0.215,-0.065,-0.111,0.1
12,B2_2,0.156,-0.218,0.408,0.548,0.043,-0.285,-0.561,-0.268,0.013,0.325,-0.324,1.0,-0.099,-0.432,0.387,-0.416
12,B2_3,0.645,-0.093,0.463,0.354,0.156,-0.034,0.28,-0.121,-0.069,0.548,0.215,-0.099,1.0,-0.541,0.137,-0.179
12,y1,-0.559,0.17,-0.678,-0.733,0.094,0.432,-0.254,-0.118,-0.16,-0.458,-0.065,-0.432,-0.541,1.0,-0.111,0.275
12,y2,0.253,-0.029,0.517,0.154,0.448,0.066,-0.461,0.016,-0.125,0.293,-0.111,0.387,0.137,-0.111,1.0,-0.175
12,y3,0.027,0.053,-0.394,-0.213,-0.515,0.168,0.096,0.075,-0.268,-0.192,0.1,-0.416,-0.179,0.275,-0.175,1.0
13,.,1.0,-0.217,0.595,0.621,-0.092,-0.358,0.223,-0.076,0.37,0.401,0.369,0.155,0.643,-0.558,0.25,0.026
13,A1_1,-0.217,1.0,-0.076,0.033,-0.058,-0.321,-0.1,0.566,-0.207,0.172,-0.487,-0.219,-0.094,0.171,-0.029,0.054
13,A1_2,0.595,-0.076,1.0,0.63,-0.018,-0.504,-0.181,-0.116,0.128,0.31,0.129,0.408,0.461,-0.677,0.515,-0.395
13,A1_3,0.621,0.033,0.63,1.0,-0.363,-0.612,0.017,0.112,0.213,0.287,0.073,0.547,0.353,-0.73,0.154,-0.213
13,B1_1,-0.092,-0.058,-0.018,-0.363,1.0,0.193,-0.073,0.033,0.036,0.349,-0.32,0.043,0.158,0.091,0.446,-0.515
13,B1_2,-0.358,-0.321,-0.504,-0.612,0.193,1.0,0.129,-0.101,-0.194,-0.202,0.339,-0.283,-0.03,0.426,0.065,0.166
13,B1_3,0.223,-0.1,-0.181,0.017,-0.073,0.129,1.0,0.521,0.384,-0.201,0.508,-0.559,0.282,-0.257,-0.462,0.093
13,A2_1,-0.076,0.566,-0.116,0.112,0.033,-0.101,0.521,1.0,0.047,-0.156,-0.13,-0.268,-0.12,-0.117,0.015,0.075
13,A2_2,0.37,-0.207,0.128,0.213,0.036,-0.194,0.384,0.047,1.0,0.079,0.548,0.012,-0.069,-0.16,-0.124,-0.268
13,A2_3,0.401,0.172,0.31,0.287,0.349,-0.202,-0.201,-0.156,0.079,1.0,-0.277,0.326,0.548,-0.459,0.291,-0.194
13,B2_1,0.369,-0.487,0.129,0.073,-0.32,0.339,0.508,-0.13,0.548,-0.277,1.0,-0.324,0.216,-0.069,-0.112,0.097
13,B2_2,0.155,-0.219,0.408,0.547,0.043,-0.283,-0.559,-0.268,0.012,0.326,-0.324,1.0,-0.097,-0.43,0.387,-0.415
13,B2_3,0.643,-0.094,0.461,0.353,0.158,-0.03,0.282,-0.12,-0.069,0.548,0.216,-0.097,1.0,-0.544,0.135,-0.182
13,y1,-0.558,0.171,-0.677,-0.73,0.091,0.426,-0.257,-0.117,-0.16,-0.459,-0.069,-0.43,-0.544,1.0,-0.109,0.279
13,y2,0.25,-0.029,0.515,0.154,0.446,0.065,-0.462,0.015,-0.124,0.291,-0.112,0.387,0.135,-0.109,1.0,-0.174
13,y3,0.026,0.054,-0.395,-0.213,-0.515,0.166,0.093,0.075,-0.268,-0.194,0.097,-0.415,-0.182,0.279,-0.174,1.0
14,.,1.0,-0.217,0.594,0.62,-0.094,-0.358,0.223,-0.077,0.371,0.401,0.37,0.155,0.641,-0.556,0.247,0.026
14,A1_1,-0.217,1.0,-0.075,0.034,-0.06,-0.323,-0.101,0.567,-0.206,0.173,-0.487,-0.221,-0.095,0.173,-0.028,0.056
14,A1_2,0.594,-0.075,1.0,0.63,-0.019,-0.504,-0.181,-0.115,0.129,0.31,0.128,0.407,0.46,-0.676,0.514,-0.396
14,A1_3,0.62,0.034,0.63,1.0,-0.363,-0.612,0.016,0.113,0.213,0.287,0.072,0.547,0.352,-0.727,0.154,-0.214
14,B1_1,-0.094,-0.06,-0.019,-0.363,1.0,0.196,-0.07,0.033,0.035,0.349,-0.317,0.043,0.161,0.088,0.445,-0.515
14,B1_2,-0.358,-0.323,-0.504,-0.612,0.196,1.0,0.131,-0.102,-0.195,-0.202,0.341,-0.281,-0.026,0.42,0.063,0.163
14,B1_3,0.223,-0.101,-0.181,0.016,-0.07,0.131,1.0,0.52,0.382,-0.2,0.509,-0.558,0.285,-0.261,-0.463,0.089
14,A2_1,-0.077,0.567,-0.115,0.113,0.033,-0.102,0.52,1.0,0.047,-0.155,-0.13,-0.268,-0.12,-0.117,0.015,0.075
14,A2_2,0.371,-0.206,0.129,0.213,0.035,-0.195,0.382,0.047,1.0,0.08,0.547,0.011,-0.07,-0.161,-0.124,-0.268
14,A2_3,0.401,0.173,0.31,0.287,0.349,-0.202,-0.2,-0.155,0.08,1.0,-0.277,0.326,0.547,-0.459,0.29,-0.195
14,B2_1,0.37,-0.487,0.128,0.072,-0.317,0.341,0.509,-0.13,0.547,-0.277,1.0,-0.324,0.218,-0.072,-0.113,0.095
14,B2_2,0.155,-0.221,0.407,0.547,0.043,-0.281,-0.558,-0.268,0.011,0.326,-0.324,1.0,-0.096,-0.429,0.388,-0.415
14,B2_3,0.641,-0.095,0.46,0.352,0.161,-0.026,0.285,-0.12,-0.07,0.547,0.218,-0.096,1.0,-0.547,0.131,-0.185
14,y1,-0.556,0.173,-0.676,-0.727,0.088,0.42,-0.261,-0.117,-0.161,-0.459,-0.072,-0.429,-0.547,1.0,-0.106,0.283
14,y2,0.247,-0.028,0.514,0.154,0.445,0.063,-0.463,0.015,-0.124,0.29,-0.113,0.388,0.131,-0.106,1.0,-0.172
14,y3,0.026,0.056,-0.396,-0.214,-0.515,0.163,0.089,0.075,-0.268,-0.195,0.095,-0.415,-0.185,0.283,-0.172,1.0
15,.,1.0,-0.216,0.594,0.619,-0.095,-0.359,0.223,-0.077,0.373,0.401,0.37,0.154,0.638,-0.555,0.245,0.025
15,A1_1,-0.216,1.0,-0.073,0.035,-0.062,-0.324,-0.103,0.568,-0.204,0.174,-0.488,-0.222,-0.096,0.174,-0.027,0.058
15,A1_2,0.594,-0.073,1.0,0.631,-0.02,-0.503,-0.181,-0.114,0.129,0.31,0.127,0.407,0.458,-0.674,0.513,-0.397
15,A1_3,0.619,0.035,0.631,1.0,-0.364,-0.612,0.016,0.114,0.214,0.287,0.071,0.546,0.351,-0.724,0.153,-0.214
15,B1_1,-0.095,-0.062,-0.02,-0.364,1.0,0.199,-0.067,0.032,0.034,0.348,-0.315,0.043,0.163,0.084,0.443,-0.514
15,B1_2,-0.359,-0.324,-0.503,-0.612,0.199,1.0,0.135,-0.103,-0.196,-0.202,0.343,-0.279,-0.022,0.414,0.062,0.16
15,B1_3,0.223,-0.103,-0.181,0.016,-0.067,0.135,1.0,0.519,0.381,-0.199,0.51,-0.556,0.288,-0.265,-0.464,0.086
15,A2_1,-0.077,0.568,-0.114,0.114,0.032,-0.103,0.519,1.0,0.048,-0.154,-0.13,-0.268,-0.119,-0.117,0.015,0.075
15,A2_2,0.373,-0.204,0.129,0.214,0.034,-0.196,0.381,0.048,1.0,0.08,0.545,0.011,-0.07,-0.161,-0.124,-0.268
15,A2_3,0.401,0.174,0.31,0.287,0.348,-0.202,-0.199,-0.154,0.08,1.0,-0.276,0.327,0.547,-0.46,0.288,-0.197
15,B2_1,0.37,-0.488,0.127,0.071,-0.315,0.343,0.51,-0.13,0.545,-0.276,1.0,-0.324,0.22,-0.076,-0.114,0.092
15,B2_2,0.154,-0.222,0.407,0.546,0.043,-0.279,-0.556,-0.268,0.011,0.327,-0.324,1.0,-0.094,-0.427,0.388,-0.414
15,B2_3,0.638,-0.096,0.458,0.351,0.163,-0.022,0.288,-0.119,-0.07,0.547,0.22,-0.094,1.0,-0.55,0.128,-0.189
15,y1,-0.555,0.174,-0.674,-0.724,0.084,0.414,-0.265,-0.117,-0.161,-0.46,-0.076,-0.427,-0.55,1.0,-0.102,0.288
15,y2,0.245,-0.027,0.513,0.153,0.443,0.062,-0.464,0.015,-0.124,0.288,-0.114,0.388,0.128,-0.102,1.0,-0.17
15,y3,0.025,0.058,-0.397,-0.214,-0.514,0.16,0.086,0.075,-0.268,-0.197,0.092,-0.414,-0.189,0.288,-0.17,1.0
16,.,1.0,-0.215,0.593,0.618,-0.097,-0.359,0.222,-0.078,0.374,0.401,0.37,0.154,0.635,-0.553,0.242,0.025
16,A1_1,-0.215,1.0,-0.072,0.037,-0.065,-0.326,-0.104,0.568,-0.203,0.175,-0.489,-0.223,-0.097,0.176,-0.026,0.059
16,A1_2,0.593,-0.072,1.0,0.631,-0.021,-0.503,-0.18,-0.113,0.129,0.31,0.126,0.406,0.457,-0.673,0.512,-0.398
16,A1_3,0.618,0.037,0.631,1.0,-0.364,-0.612,0.015,0.115,0.214,0.288,0.07,0.545,0.35,-0.721,0.153,-0.215
16,B1_1,-0.097,-0.065,-0.021,-0.364,1.0,0.203,-0.063,0.032,0.032,0.347,-0.312,0.043,0.166,0.081,0.441,-0.514
16,B1_2,-0.359,-0.326,-0.503,-0.612,0.203,1.0,0.138,-0.104,-0.197,-0.202,0.345,-0.277,-0.018,0.407,0.06,0.157
16,B1_3,0.222,-0.104,-0.18,0.015,-0.063,0.138,1.0,0.518,0.379,-0.199,0.512,-0.554,0.29,-0.269,-0.465,0.081
16,A2_1,-0.078,0.568,-0.113,0.115,0.032,-0.104,0.518,1.0,0.049,-0.153,-0.13,-0.269,-0.119,-0.116,0.014,0.075
16,A2_2,0.374,-0.203,0.129,0.214,0.032,-0.197,0.379,0.049,1.0,0.081,0.544,0.01,-0.071,-0.162,-0.124,-0.268
16,A2_3,0.401,0.175,0.31,0.288,0.347,-0.202,-0.199,-0.153,0.081,1.0,-0.276,0.327,0.546,-0.46,0.286,-0.198
16,B2_1,0.37,-0.489,0.126,0.07,-0.312,0.345,0.512,-0.13,0.544,-0.276,1.0,-0.323,0.222,-0.08,-0.115,0.089
16,B2_2,0.154,-0.223,0.406,0.545,0.043,-0.277,-0.554,-0.269,0.01,0.327,-0.323,1.0,-0.093,-0.425,0.388,-0.413
16,B2_3,0.635,-0.097,0.457,0.35,0.166,-0.018,0.29,-0.119,-0.071,0.546,0.222,-0.093,1.0,-0.553,0.125,-0.192
16,y1,-0.553,0.176,-0.673,-0.721,0.081,0.407,-0.269,-0.116,-0.162,-0.46,-0.08,-0.425,-0.553,1.0,-0.099,0.293
16,y2,0.242,-0.026,0.512,0.153,0.441,0.06,-0.465,0.014,-0.124,0.286,-0.115,0.388,0.125,-0.099,1.0,-0.168
16,y3,0.025,0.059,-0.398,-0.215,-0.514,0.157,0.081,0.075,-0.268,-0.198,0.089,-0.413,-0.192,0.293,-0.168,1.0
17,.,1.0,-0.214,0.592,0.617,-0.1,-0.36,0.221,-0.078,0.376,0.401,0.37,0.153,0.632,-0.551,0.239,0.025
17,A1_1,-0.214,1.0,-0.07,0.038,-0.067,-0.327,-0.106,0.569,-0.202,0.176,-0.49,-0.225,-0.098,0.178,-0.026,0.061
17,A1_2,0.592,-0.07,1.0,0.632,-0.022,-0.503,-0.18,-0.112,0.13,0.311,0.125,0.405,0.455,-0.672,0.511,-0.4
17,A1_3,0.617,0.038,0.632,1.0,-0.365,-0.611,0.015,0.116,0.215,0.289,0.069,0.544,0.348,-0.718,0.152,-0.215
17,B1_1,-0.1,-0.067,-0.022,-0.365,1.0,0.206,-0.059,0.031,0.031,0.346,-0.308,0.044,0.169,0.077,0.438,-0.515
17,B1_2,-0.36,-0.327,-0.503,-0.611,0.206,1.0,0.141,-0.105,-0.199,-0.203,0.348,-0.275,-0.014,0.4,0.058,0.154
17,B1_3,0.221,-0.106,-0.18,0.015,-0.059,0.141,1.0,0.516,0.378,-0.198,0.514,-0.552,0.293,-0.273,-0.466,0.077
17,A2_1,-0.078,0.569,-0.112,0.116,0.031,-0.105,0.516,1.0,0.05,-0.152,-0.13,-0.269,-0.118,-0.116,0.014,0.075
17,A2_2,0.376,-0.202,0.13,0.215,0.031,-0.199,0.378,0.05,1.0,0.082,0.542,0.009,-0.071,-0.162,-0.123,-0.269
17,A2_3,0.401,0.176,0.311,0.289,0.346,-0.203,-0.198,-0.152,0.082,1.0,-0.275,0.327,0.545,-0.46,0.285,-0.199
17,B2_1,0.37,-0.49,0.125,0.069,-0.308,0.348,0.514,-0.13,0.542,-0.275,1.0,-0.323,0.224,-0.084,-0.116,0.085
17,B2_2,0.153,-0.225,0.405,0.544,0.044,-0.275,-0.552,-0.269,0.009,0.327,-0.323,1.0,-0.091,-0.423,0.388,-0.413
17,B2_3,0.632,-0.098,0.455,0.348,0.169,-0.014,0.293,-0.118,-0.071,0.545,0.224,-0.091,1.0,-0.556,0.121,-0.196
17,y1,-0.551,0.178,-0.672,-0.718,0.077,0.4,-0.273,-0.116,-0.162,-0.46,-0.084,-0.423,-0.556,1.0,-0.095,0.298
17,y2,0.239,-0.026,0.511,0.152,0.438,0.058,-0.466,0.014,-0.123,0.285,-0.116,0.388,0.121,-0.095,1.0,-0.166
17,y3,0.025,0.061,-0.4,-0.215,-0.515,0.154,0.077,0.075,-0.269,-0.199,0.085,-0.413,-0.196,0.298,-0.166,1.0
18,.,1.0,-0.213,0.591,0.615,-0.102,-0.361,0.219,-0.079,0.378,0.401,0.369,0.152,0.628,-0.549,0.236,0.025
18,A1_1,-0.213,1.0,-0.069,0.04,-0.07,-0.329,-0.108,0.57,-0.2,0.177,-0.491,-0.227,-0.099,0.179,-0.025,0.063
18,A1_2,0.591,-0.069,1.0,0.632,-0.023,-0.503,-0.18,-0.111,0.13,0.311,0.124,0.405,0.453,-0.67,0.509,-0.401
18,A1_3,0.615,0.04,0.632,1.0,-0.365,-0.611,0.014,0.117,0.216,0.289,0.068,0.543,0.347,-0.715,0.152,-0.216
18,B1_1,-0.102,-0.07,-0.023,-0.365,1.0,0.21,-0.055,0.03,0.03,0.345,-0.305,0.044,0.172,0.073,0.436,-0.515
18,B1_2,-0.361,-0.329,-0.503,-0.611,0.21,1.0,0.145,-0.106,-0.2,-0.203,0.35,-0.272,-0.009,0.393,0.056,0.15
18,B1_3,0.219,-0.108,-0.18,0.014,-0.055,0.145,1.0,0.515,0.376,-0.198,0.515,-0.55,0.296,-0.277,-0.467,0.072
18,A2_1,-0.079,0.57,-0.111,0.117,0.03,-0.106,0.515,1.0,0.051,-0.15,-0.13,-0.269,-0.118,-0.115,0.014,0.075
18,A2_2,0.378,-0.2,0.13,0.216,0.03,-0.2,0.376,0.051,1.0,0.083,0.54,0.009,-0.072,-0.163,-0.123,-0.269
18,A2_3,0.401,0.177,0.311,0.289,0.345,-0.203,-0.198,-0.15,0.083,1.0,-0.275,0.328,0.544,-0.461,0.283,-0.201
18,B2_1,0.369,-0.491,0.124,0.068,-0.305,0.35,0.515,-0.13,0.54,-0.275,1.0,-0.323,0.227,-0.088,-0.118,0.082
18,B2_2,0.152,-0.227,0.405,0.543,0.044,-0.272,-0.55,-0.269,0.009,0.328,-0.323,1.0,-0.09,-0.421,0.388,-0.413
18,B2_3,0.628,-0.099,0.453,0.347,0.172,-0.009,0.296,-0.118,-0.072,0.544,0.227,-0.09,1.0,-0.559,0.117,-0.2
18,y1,-0.549,0.179,-0.67,-0.715,0.073,0.393,-0.277,-0.115,-0.163,-0.461,-0.088,-0.421,-0.559,1.0,-0.092,0.304
18,y2,0.236,-0.025,0.509,0.152,0.436,0.056,-0.467,0.014,-0.123,0.283,-0.118,0.388,0.117,-0.092,1.0,-0.164
18,y3,0.025,0.063,-0.401,-0.216,-0.515,0.15,0.072,0.075,-0.269,-0.201,0.082,-0.413,-0.2,0.304,-0.164,1.0
19,.,1.0,-0.211,0.59,0.614,-0.105,-0.362,0.217,-0.079,0.379,0.401,0.368,0.151,0.624,-0.546,0.233,0.025
19,A1_1,-0.211,1.0,-0.067,0.042,-0.073,-0.331,-0.11,0.57,-0.198,0.178,-0.492,-0.229,-0.1,0.181,-0.024,0.065
19,A1_2,0.59,-0.067,1.0,0.633,-0.025,-0.503,-0.18,-0.11,0.131,0.312,0.122,0.404,0.451,-0.669,0.508,-0.402
19,A1_3,0.614,0.042,0.633,1.0,-0.366,-0.611,0.013,0.118,0.217,0.29,0.066,0.542,0.345,-0.711,0.151,-0.216
19,B1_1,-0.105,-0.073,-0.025,-0.366,1.0,0.215,-0.051,0.029,0.028,0.344,-0.301,0.045,0.175,0.068,0.433,-0.515
19,B1_2,-0.362,-0.331,-0.503,-0.611,0.215,1.0,0.15,-0.107,-0.201,-0.204,0.353,-0.269,-0.005,0.385,0.054,0.146
19,B1_3,0.217,-0.11,-0.18,0.013,-0.051,0.15,1.0,0.513,0.374,-0.197,0.517,-0.548,0.299,-0.282,-0.468,0.067
19,A2_1,-0.079,0.57,-0.11,0.118,0.029,-0.107,0.513,1.0,0.052,-0.149,-0.13,-0.269,-0.118,-0.115,0.013,0.075
19,A2_2,0.379,-0.198,0.131,0.217,0.028,-0.201,0.374,0.052,1.0,0.085,0.538,0.008,-0.073,-0.164,-0.123,-0.269
19,A2_3,0.401,0.178,0.312,0.29,0.344,-0.204,-0.197,-0.149,0.085,1.0,-0.275,0.328,0.543,-0.461,0.281,-0.202
19,B2_1,0.368,-0.492,0.122,0.066,-0.301,0.353,0.517,-0.13,0.538,-0.275,1.0,-0.322,0.229,-0.092,-0.12,0.078
19,B2_2,0.151,-0.229,0.404,0.542,0.045,-0.269,-0.548,-0.269,0.008,0.328,-0.322,1.0,-0.089,-0.42,0.388,-0.413
19,B2_3,0.624,-0.1,0.451,0.345,0.175,-0.005,0.299,-0.118,-0.073,0.543,0.229,-0.089,1.0,-0.562,0.113,-0.205
19,y1,-0.546,0.181,-0.669,-0.711,0.068,0.385,-0.282,-0.115,-0.164,-0.461,-0.092,-0.42,-0.562,1.0,-0.088,0.31
19,y2,0.233,-0.024,0.508,0.151,0.433,0.054,-0.468,0.013,-0.123,0.281,-0.12,0.388,0.113,-0.088,1.0,-0.161
19,y3,0.025,0.065,-0.402,-0.216,-0.515,0.146,0.067,0.075,-0.269,-0.202,0.078,-0.413,-0.205,0.31,-0.161,1.0
20,.,1.0,-0.209,0.589,0.613,-0.109,-0.364,0.215,-0.079,0.381,0.401,0.367,0.15,0.62,-0.543,0.23,0.026
20,A1_1,-0.209,1.0,-0.065,0.044,-0.076,-0.333,-0.113,0.571,-0.196,0.18,-0.493,-0.231,-0.102,0.183,-0.023,0.067
20,A1_2,0.589,-0.065,1.0,0.633,-0.026,-0.502,-0.18,-0.109,0.131,0.312,0.121,0.403,0.449,-0.667,0.506,-0.403
20,A1_3,0.613,0.044,0.633,1.0,-0.367,-0.611,0.012,0.119,0.218,0.291,0.065,0.541,0.343,-0.708,0.151,-0.217
20,B1_1,-0.109,-0.076,-0.026,-0.367,1.0,0.219,-0.046,0.029,0.026,0.342,-0.297,0.045,0.178,0.063,0.43,-0.515
20,B1_2,-0.364,-0.333,-0.502,-0.611,0.219,1.0,0.154,-0.108,-0.202,-0.205,0.356,-0.266,0.001,0.376,0.052,0.142
20,B1_3,0.215,-0.113,-0.18,0.012,-0.046,0.154,1.0,0.511,0.372,-0.197,0.519,-0.546,0.302,-0.286,-0.469,0.062
20,A2_1,-0.079,0.571,-0.109,0.119,0.029,-0.108,0.511,1.0,0.053,-0.147,-0.13,-0.269,-0.117,-0.114,0.013,0.075
20,A2_2,0.381,-0.196,0.131,0.218,0.026,-0.202,0.372,0.053,1.0,0.086,0.536,0.007,-0.073,-0.165,-0.123,-0.268
20,A2_3,0.401,0.18,0.312,0.291,0.342,-0.205,-0.197,-0.147,0.086,1.0,-0.275,0.328,0.541,-0.461,0.279,-0.203
20,B2_1,0.367,-0.493,0.121,0.065,-0.297,0.356,0.519,-0.13,0.536,-0.275,1.0,-0.321,0.231,-0.097,-0.121,0.074
20,B2_2,0.15,-0.231,0.403,0.541,0.045,-0.266,-0.546,-0.269,0.007,0.328,-0.321,1.0,-0.087,-0.418,0.388,-0.413
20,B2_3,0.62,-0.102,0.449,0.343,0.178,0.001,0.302,-0.117,-0.073,0.541,0.231,-0.087,1.0,-0.566,0.109,-0.209
20,y1,-0.543,0.183,-0.667,-0.708,0.063,0.376,-0.286,-0.114,-0.165,-0.461,-0.097,-0.418,-0.566,1.0,-0.083,0.317
20,y2,0.23,-0.023,0.506,0.151,0.43,0.052,-0.469,0.013,-0.123,0.279,-0.121,0.388,0.109,-0.083,1.0,-0.158
20,y3,0.026,0.067,-0.403,-0.217,-0.515,0.142,0.062,0.075,-0.268,-0.203,0.074,-0.413,-0.209,0.317,-0.158,1.0
21,.,1.0,-0.206,0.588,0.612,-0.112,-0.365,0.212,-0.079,0.383,0.402,0.365,0.149,0.615,-0.54,0.227,0.026
21,A1_1,-0.206,1.0,-0.063,0.046,-0.079,-0.335,-0.115,0.572,-0.194,0.181,-0.494,-0.233,-0.103,0.185,-0.021,0.069
21,A1_2,0.588,-0.063,1.0,0.634,-0.028,-0.502,-0.18,-0.107,0.132,0.313,0.119,0.402,0.447,-0.665,0.505,-0.404
21,A1_3,0.612,0.046,0.634,1.0,-0.368,-0.611,0.011,0.121,0.219,0.292,0.063,0.539,0.342,-0.704,0.15,-0.217
21,B1_1,-0.112,-0.079,-0.028,-0.368,1.0,0.225,-0.041,0.028,0.024,0.339,-0.292,0.046,0.182,0.058,0.426,-0.515
21,B1_2,-0.365,-0.335,-0.502,-0.611,0.225,1.0,0.159,-0.11,-0.204,-0.205,0.359,-0.263,0.006,0.368,0.05,0.138
21,B1_3,0.212,-0.115,-0.18,0.011,-0.041,0.159,1.0,0.509,0.37,-0.197,0.521,-0.543,0.306,-0.291,-0.471,0.056
21,A2_1,-0.079,0.572,-0.107,0.121,0.028,-0.11,0.509,1.0,0.055,-0.146,-0.13,-0.27,-0.117,-0.114,0.013,0.075
21,A2_2,0.383,-0.194,0.132,0.219,0.024,-0.204,0.37,0.055,1.0,0.087,0.533,0.006,-0.074,-0.166,-0.123,-0.268
21,A2_3,0.402,0.181,0.313,0.292,0.339,-0.205,-0.197,-0.146,0.087,1.0,-0.275,0.328,0.54,-0.461,0.277,-0.205
21,B2_1,0.365,-0.494,0.119,0.063,-0.292,0.359,0.521,-0.13,0.533,-0.275,1.0,-0.32,0.234,-0.101,-0.123,0.069
21,B2_2,0.149,-0.233,0.402,0.539,0.046,-0.263,-0.543,-0.27,0.006,0.328,-0.32,1.0,-0.086,-0.416,0.388,-0.413
21,B2_3,0.615,-0.103,0.447,0.342,0.182,0.006,0.306,-0.117,-0.074,0.54,0.234,-0.086,1.0,-0.569,0.105,-0.214
21,y1,-0.54,0.185,-0.665,-0.704,0.058,0.368,-0.291,-0.114,-0.166,-0.461,-0.101,-0.416,-0.569,1.0,-0.079,0.324
21,y2,0.227,-0.021,0.505,0.15,0.426,0.05,-0.471,0.013,-0.123,0.277,-0.123,0.388,0.105,-0.079,1.0,-0.154
21,y3,0.026,0.069,-0.404,-0.217,-0.515,0.138,0.056,0.075,-0.268,-0.205,0.069,-0.413,-0.214,0.324,-0.154,1.0
22,.,1.0,-0.204,0.587,0.611,-0.117,-0.367,0.209,-0.079,0.385,0.403,0.363,0.147,0.61,-0.536,0.224,0.027
22,A1_1,-0.204,1.0,-0.061,0.048,-0.083,-0.338,-0.118,0.573,-0.192,0.183,-0.496,-0.236,-0.105,0.187,-0.02,0.072
22,A1_2,0.587,-0.061,1.0,0.635,-0.03,-0.502,-0.18,-0.106,0.133,0.313,0.117,0.401,0.444,-0.664,0.503,-0.405
22,A1_3,0.611,0.048,0.635,1.0,-0.369,-0.612,0.009,0.122,0.22,0.294,0.061,0.538,0.339,-0.699,0.15,-0.218
22,B1_1,-0.117,-0.083,-0.03,-0.369,1.0,0.23,-0.035,0.026,0.022,0.337,-0.287,0.047,0.185,0.053,0.422,-0.516
22,B1_2,-0.367,-0.338,-0.502,-0.612,0.23,1.0,0.165,-0.111,-0.205,-0.206,0.362,-0.259,0.012,0.359,0.047,0.133
22,B1_3,0.209,-0.118,-0.18,0.009,-0.035,0.165,1.0,0.507,0.368,-0.197,0.523,-0.541,0.309,-0.296,-0.472,0.05
22,A2_1,-0.079,0.573,-0.106,0.122,0.026,-0.111,0.507,1.0,0.056,-0.144,-0.131,-0.27,-0.116,-0.113,0.012,0.075
22,A2_2,0.385,-0.192,0.133,0.22,0.022,-0.205,0.368,0.056,1.0,0.089,0.531,0.005,-0.075,-0.167,-0.123,-0.268
22,A2_3,0.403,0.183,0.313,0.294,0.337,-0.206,-0.197,-0.144,0.089,1.0,-0.275,0.327,0.538,-0.461,0.275,-0.206
22,B2_1,0.363,-0.496,0.117,0.061,-0.287,0.362,0.523,-0.131,0.531,-0.275,1.0,-0.319,0.237,-0.106,-0.125,0.065
22,B2_2,0.147,-0.236,0.401,0.538,0.047,-0.259,-0.541,-0.27,0.005,0.327,-0.319,1.0,-0.084,-0.414,0.388,-0.413
22,B2_3,0.61,-0.105,0.444,0.339,0.185,0.012,0.309,-0.116,-0.075,0.538,0.237,-0.084,1.0,-0.572,0.1,-0.219
22,y1,-0.536,0.187,-0.664,-0.699,0.053,0.359,-0.296,-0.113,-0.167,-0.461,-0.106,-0.414,-0.572,1.0,-0.074,0.332
22,y2,0.224,-0.02,0.503,0.15,0.422,0.047,-0.472,0.012,-0.123,0.275,-0.125,0.388,0.1,-0.074,1.0,-0.15
22,y3,0.027,0.072,-0.405,-0.218,-0.516,0.133,0.05,0.075,-0.268,-0.206,0.065,-0.413,-0.219,0.332,-0.15,1.0
23,.,1.0,-0.201,0.586,0.61,-0.121,-0.369,0.206,-0.079,0.387,0.404,0.36,0.145,0.604,-0.532,0.221,0.029
23,A1_1,-0.201,1.0,-0.059,0.051,-0.087,-0.34,-0.121,0.574,-0.19,0.184,-0.497,-0.238,-0.107,0.189,-0.019,0.074
23,A1_2,0.586,-0.059,1.0,0.636,-0.032,-0.502,-0.181,-0.104,0.134,0.314,0.115,0.4,0.442,-0.662,0.501,-0.405
23,A1_3,0.61,0.051,0.636,1.0,-0.371,-0.612,0.007,0.124,0.221,0.295,0.058,0.536,0.337,-0.695,0.149,-0.218
23,B1_1,-0.121,-0.087,-0.032,-0.371,1.0,0.236,-0.028,0.025,0.02,0.334,-0.281,0.048,0.189,0.047,0.418,-0.517
23,B1_2,-0.369,-0.34,-0.502,-0.612,0.236,1.0,0.171,-0.113,-0.206,-0.207,0.366,-0.255,0.018,0.349,0.044,0.128
23,B1_3,0.206,-0.121,-0.181,0.007,-0.028,0.171,1.0,0.505,0.365,-0.197,0.526,-0.538,0.313,-0.301,-0.474,0.043
23,A2_1,-0.079,0.574,-0.104,0.124,0.025,-0.113,0.505,1.0,0.058,-0.142,-0.131,-0.27,-0.116,-0.113,0.012,0.075
23,A2_2,0.387,-0.19,0.134,0.221,0.02,-0.206,0.365,0.058,1.0,0.091,0.528,0.004,-0.076,-0.169,-0.123,-0.268
23,A2_3,0.404,0.184,0.314,0.295,0.334,-0.207,-0.197,-0.142,0.091,1.0,-0.275,0.327,0.536,-0.461,0.273,-0.207
23,B2_1,0.36,-0.497,0.115,0.058,-0.281,0.366,0.526,-0.131,0.528,-0.275,1.0,-0.318,0.239,-0.111,-0.127,0.06
23,B2_2,0.145,-0.238,0.4,0.536,0.048,-0.255,-0.538,-0.27,0.004,0.327,-0.318,1.0,-0.083,-0.412,0.387,-0.414
23,B2_3,0.604,-0.107,0.442,0.337,0.189,0.018,0.313,-0.116,-0.076,0.536,0.239,-0.083,1.0,-0.575,0.095,-0.224
23,y1,-0.532,0.189,-0.662,-0.695,0.047,0.349,-0.301,-0.113,-0.169,-0.461,-0.111,-0.412,-0.575,1.0,-0.068,0.34
23,y2,0.221,-0.019,0.501,0.149,0.418,0.044,-0.474,0.012,-0.123,0.273,-0.127,0.387,0.095,-0.068,1.0,-0.146
23,y3,0.029,0.074,-0.405,-0.218,-0.517,0.128,0.043,0.075,-0.268,-0.207,0.06,-0.414,-0.224,0.34,-0.146,1.0
24,.,1.0,-0.198,0.584,0.609,-0.126,-0.371,0.202,-0.078,0.388,0.405,0.356,0.143,0.598,-0.528,0.217,0.03
24,A1_1,-0.198,1.0,-0.057,0.053,-0.092,-0.343,-0.124,0.575,-0.188,0.186,-0.499,-0.241,-0.109,0.191,-0.017,0.076
24,A1_2,0.584,-0.057,1.0,0.637,-0.034,-0.502,-0.181,-0.102,0.134,0.315,0.113,0.399,0.439,-0.659,0.499,-0.406
24,A1_3,0.609,0.053,0.637,1.0,-0.372,-0.612,0.005,0.126,0.222,0.297,0.056,0.534,0.334,-0.69,0.148,-0.218
24,B1_1,-0.126,-0.092,-0.034,-0.372,1.0,0.243,-0.022,0.024,0.018,0.33,-0.275,0.049,0.193,0.041,0.414,-0.517
24,B1_2,-0.371,-0.343,-0.502,-0.612,0.243,1.0,0.177,-0.114,-0.208,-0.208,0.37,-0.25,0.025,0.339,0.042,0.123
