,,.,A1_1,A1_2,A1_3,B1_1,B1_2,B1_3,A2_1,A2_2,A2_3,B2_1,B2_2,B2_3,y1,y2,y3
1,.,1.0,0.681,0.828,0.908,0.836,0.719,0.886,0.907,0.783,0.873,0.867,0.949,0.846,0.845,0.811,0.884
1,A1_1,0.681,1.0,0.403,0.723,0.624,0.533,0.64,0.826,0.315,0.73,0.505,0.618,0.51,0.733,0.573,0.777
1,A1_2,0.828,0.403,1.0,0.796,0.838,0.493,0.816,0.816,0.841,0.595,0.804,0.838,0.76,0.713,0.835,0.569
1,A1_3,0.908,0.723,0.796,1.0,0.723,0.492,0.729,0.87,0.684,0.786,0.749,0.936,0.639,0.716,0.794,0.766
1,B1_1,0.836,0.624,0.838,0.723,1.0,0.775,0.913,0.867,0.731,0.669,0.864,0.805,0.81,0.896,0.88,0.702
1,B1_2,0.719,0.533,0.493,0.492,0.775,1.0,0.845,0.669,0.494,0.597,0.789,0.638,0.779,0.84,0.551,0.756
1,B1_3,0.886,0.64,0.816,0.729,0.913,0.845,1.0,0.889,0.708,0.746,0.873,0.782,0.95,0.927,0.712,0.813
1,A2_1,0.907,0.826,0.816,0.87,0.867,0.669,0.889,1.0,0.683,0.821,0.765,0.87,0.799,0.871,0.817,0.829
1,A2_2,0.783,0.315,0.841,0.684,0.731,0.494,0.708,0.683,1.0,0.531,0.874,0.735,0.609,0.706,0.832,0.601
1,A2_3,0.873,0.73,0.595,0.786,0.669,0.597,0.746,0.821,0.531,1.0,0.584,0.794,0.78,0.635,0.567,0.802
1,B2_1,0.867,0.505,0.804,0.749,0.864,0.789,0.873,0.765,0.874,0.584,1.0,0.803,0.745,0.909,0.838,0.789
1,B2_2,0.949,0.618,0.838,0.936,0.805,0.638,0.782,0.87,0.735,0.794,0.803,1.0,0.723,0.744,0.851,0.756
1,B2_3,0.846,0.51,0.76,0.639,0.81,0.779,0.95,0.799,0.609,0.78,0.745,0.723,1.0,0.795,0.554,0.75
1,y1,0.845,0.733,0.713,0.716,0.896,0.84,0.927,0.871,0.706,0.635,0.909,0.744,0.795,1.0,0.789,0.87
1,y2,0.811,0.573,0.835,0.794,0.88,0.551,0.712,0.817,0.832,0.567,0.838,0.851,0.554,0.789,1.0,0.651
1,y3,0.884,0.777,0.569,0.766,0.702,0.756,0.813,0.829,0.601,0.802,0.789,0.756,0.75,0.87,0.651,1.0
2,.,1.0,0.689,0.838,0.913,0.849,0.747,0.897,0.914,0.796,0.886,0.877,0.954,0.862,0.856,0.821,0.894
2,A1_1,0.689,1.0,0.426,0.735,0.634,0.547,0.648,0.826,0.342,0.735,0.522,0.636,0.525,0.74,0.591,0.78
2,A1_2,0.838,0.426,1.0,0.806,0.844,0.525,0.832,0.832,0.847,0.629,0.807,0.842,0.781,0.723,0.835,0.593
2,A1_3,0.913,0.735,0.806,1.0,0.74,0.533,0.75,0.88,0.701,0.805,0.765,0.939,0.668,0.735,0.801,0.784
2,B1_1,0.849,0.634,0.844,0.74,1.0,0.794,0.92,0.879,0.746,0.693,0.867,0.819,0.825,0.901,0.887,0.721
2,B1_2,0.747,0.547,0.525,0.533,0.794,1.0,0.854,0.694,0.531,0.622,0.806,0.675,0.794,0.854,0.59,0.775
2,B1_3,0.897,0.648,0.832,0.75,0.92,0.854,1.0,0.899,0.734,0.765,0.882,0.802,0.953,0.931,0.734,0.824
2,A2_1,0.914,0.826,0.832,0.88,0.879,0.694,0.899,1.0,0.707,0.833,0.782,0.882,0.817,0.882,0.832,0.838
2,A2_2,0.796,0.342,0.847,0.701,0.746,0.531,0.734,0.707,1.0,0.564,0.884,0.746,0.64,0.725,0.837,0.626
2,A2_3,0.886,0.735,0.629,0.805,0.693,0.622,0.765,0.833,0.564,1.0,0.615,0.816,0.8,0.66,0.597,0.813
2,B2_1,0.877,0.522,0.807,0.765,0.867,0.806,0.882,0.782,0.884,0.615,1.0,0.814,0.76,0.912,0.845,0.805
2,B2_2,0.954,0.636,0.842,0.939,0.819,0.675,0.802,0.882,0.746,0.816,0.814,1.0,0.751,0.765,0.857,0.781
2,B2_3,0.862,0.525,0.781,0.668,0.825,0.794,0.953,0.817,0.64,0.8,0.76,0.751,1.0,0.806,0.585,0.765
2,y1,0.856,0.74,0.723,0.735,0.901,0.854,0.931,0.882,0.725,0.66,0.912,0.765,0.806,1.0,0.804,0.879
2,y2,0.821,0.591,0.835,0.801,0.887,0.59,0.734,0.832,0.837,0.597,0.845,0.857,0.585,0.804,1.0,0.676
2,y3,0.894,0.78,0.593,0.784,0.721,0.775,0.824,0.838,0.626,0.813,0.805,0.781,0.765,0.879,0.676,1.0
3,.,1.0,0.699,0.849,0.919,0.861,0.771,0.908,0.921,0.809,0.899,0.886,0.959,0.878,0.867,0.833,0.904
3,A1_1,0.699,1.0,0.454,0.747,0.646,0.561,0.658,0.827,0.373,0.742,0.542,0.655,0.543,0.748,0.61,0.784
3,A1_2,0.849,0.454,1.0,0.818,0.85,0.558,0.847,0.849,0.854,0.666,0.811,0.849,0.804,0.736,0.837,0.62
3,A1_3,0.919,0.747,0.818,1.0,0.757,0.571,0.772,0.889,0.72,0.824,0.781,0.942,0.698,0.753,0.811,0.801
3,B1_1,0.861,0.646,0.85,0.757,1.0,0.813,0.927,0.891,0.763,0.717,0.872,0.834,0.84,0.907,0.896,0.741
3,B1_2,0.771,0.561,0.558,0.571,0.813,1.0,0.864,0.719,0.568,0.647,0.822,0.709,0.807,0.867,0.63,0.793
3,B1_3,0.908,0.658,0.847,0.772,0.927,0.864,1.0,0.909,0.76,0.783,0.892,0.823,0.956,0.935,0.759,0.835
3,A2_1,0.921,0.827,0.849,0.889,0.891,0.719,0.909,1.0,0.732,0.845,0.8,0.894,0.834,0.892,0.848,0.848
3,A2_2,0.809,0.373,0.854,0.72,0.763,0.568,0.76,0.732,1.0,0.598,0.894,0.758,0.672,0.744,0.844,0.653
3,A2_3,0.899,0.742,0.666,0.824,0.717,0.647,0.783,0.845,0.598,1.0,0.645,0.838,0.819,0.686,0.63,0.825
3,B2_1,0.886,0.542,0.811,0.781,0.872,0.822,0.892,0.8,0.894,0.645,1.0,0.825,0.777,0.916,0.853,0.821
3,B2_2,0.959,0.655,0.849,0.942,0.834,0.709,0.823,0.894,0.758,0.838,0.825,1.0,0.779,0.787,0.865,0.805
3,B2_3,0.878,0.543,0.804,0.698,0.84,0.807,0.956,0.834,0.672,0.819,0.777,0.779,1.0,0.818,0.62,0.78
3,y1,0.867,0.748,0.736,0.753,0.907,0.867,0.935,0.892,0.744,0.686,0.916,0.787,0.818,1.0,0.82,0.889
3,y2,0.833,0.61,0.837,0.811,0.896,0.63,0.759,0.848,0.844,0.63,0.853,0.865,0.62,0.82,1.0,0.704
3,y3,0.904,0.784,0.62,0.801,0.741,0.793,0.835,0.848,0.653,0.825,0.821,0.805,0.78,0.889,0.704,1.0
4,.,1.0,0.709,0.861,0.925,0.872,0.789,0.918,0.927,0.823,0.91,0.894,0.963,0.891,0.875,0.844,0.911
4,A1_1,0.709,1.0,0.481,0.758,0.657,0.574,0.667,0.828,0.402,0.748,0.562,0.672,0.56,0.756,0.629,0.788
4,A1_2,0.861,0.481,1.0,0.831,0.855,0.587,0.861,0.864,0.86,0.7,0.816,0.856,0.825,0.748,0.841,0.645
4,A1_3,0.925,0.758,0.831,1.0,0.772,0.603,0.791,0.897,0.738,0.841,0.796,0.945,0.725,0.77,0.821,0.816
4,B1_1,0.872,0.657,0.855,0.772,1.0,0.829,0.934,0.9,0.779,0.739,0.877,0.848,0.854,0.913,0.904,0.759
4,B1_2,0.789,0.574,0.587,0.603,0.829,1.0,0.872,0.74,0.601,0.667,0.837,0.737,0.818,0.879,0.666,0.808
4,B1_3,0.918,0.667,0.861,0.791,0.934,0.872,1.0,0.917,0.784,0.8,0.902,0.84,0.959,0.939,0.782,0.846
4,A2_1,0.927,0.828,0.864,0.897,0.9,0.74,0.917,1.0,0.756,0.855,0.816,0.904,0.849,0.901,0.863,0.858
4,A2_2,0.823,0.402,0.86,0.738,0.779,0.601,0.784,0.756,1.0,0.63,0.903,0.771,0.702,0.762,0.851,0.678
4,A2_3,0.91,0.748,0.7,0.841,0.739,0.667,0.8,0.855,0.63,1.0,0.673,0.856,0.837,0.709,0.659,0.835
4,B2_1,0.894,0.562,0.816,0.796,0.877,0.837,0.902,0.816,0.903,0.673,1.0,0.835,0.794,0.919,0.861,0.836
4,B2_2,0.963,0.672,0.856,0.945,0.848,0.737,0.84,0.904,0.771,0.856,0.835,1.0,0.803,0.806,0.873,0.825
4,B2_3,0.891,0.56,0.825,0.725,0.854,0.818,0.959,0.849,0.702,0.837,0.794,0.803,1.0,0.83,0.652,0.795
4,y1,0.875,0.756,0.748,0.77,0.913,0.879,0.939,0.901,0.762,0.709,0.919,0.806,0.83,1.0,0.835,0.898
4,y2,0.844,0.629,0.841,0.821,0.904,0.666,0.782,0.863,0.851,0.659,0.861,0.873,0.652,0.835,1.0,0.729
4,y3,0.911,0.788,0.645,0.816,0.759,0.808,0.846,0.858,0.678,0.835,0.836,0.825,0.795,0.898,0.729,1.0
5,.,1.0,0.718,0.871,0.93,0.88,0.803,0.925,0.931,0.834,0.919,0.901,0.965,0.902,0.882,0.852,0.917
5,A1_1,0.718,1.0,0.506,0.768,0.668,0.584,0.677,0.83,0.429,0.755,0.579,0.688,0.576,0.764,0.646,0.793
5,A1_2,0.871,0.506,1.0,0.843,0.86,0.609,0.871,0.877,0.865,0.728,0.82,0.863,0.841,0.758,0.844,0.666
5,A1_3,0.93,0.768,0.843,1.0,0.785,0.627,0.807,0.904,0.754,0.855,0.808,0.947,0.747,0.783,0.829,0.828
5,B1_1,0.88,0.668,0.86,0.785,1.0,0.843,0.939,0.908,0.793,0.757,0.882,0.859,0.864,0.919,0.911,0.775
5,B1_2,0.803,0.584,0.609,0.627,0.843,1.0,0.878,0.755,0.628,0.683,0.848,0.758,0.826,0.888,0.695,0.82
5,B1_3,0.925,0.677,0.871,0.807,0.939,0.878,1.0,0.924,0.805,0.814,0.909,0.854,0.961,0.942,0.8,0.855
5,A2_1,0.931,0.83,0.877,0.904,0.908,0.755,0.924,1.0,0.776,0.864,0.83,0.912,0.861,0.908,0.876,0.865
5,A2_2,0.834,0.429,0.865,0.754,0.793,0.628,0.805,0.776,1.0,0.657,0.91,0.782,0.727,0.777,0.857,0.699
5,A2_3,0.919,0.755,0.728,0.855,0.757,0.683,0.814,0.864,0.657,1.0,0.697,0.87,0.85,0.727,0.684,0.842
5,B2_1,0.901,0.579,0.82,0.808,0.882,0.848,0.909,0.83,0.91,0.697,1.0,0.845,0.807,0.923,0.868,0.848
5,B2_2,0.965,0.688,0.863,0.947,0.859,0.758,0.854,0.912,0.782,0.87,0.845,1.0,0.822,0.821,0.88,0.841
5,B2_3,0.902,0.576,0.841,0.747,0.864,0.826,0.961,0.861,0.727,0.85,0.807,0.822,1.0,0.838,0.679,0.806
5,y1,0.882,0.764,0.758,0.783,0.919,0.888,0.942,0.908,0.777,0.727,0.923,0.821,0.838,1.0,0.848,0.905
5,y2,0.852,0.646,0.844,0.829,0.911,0.695,0.8,0.876,0.857,0.684,0.868,0.88,0.679,0.848,1.0,0.749
5,y3,0.917,0.793,0.666,0.828,0.775,0.82,0.855,0.865,0.699,0.842,0.848,0.841,0.806,0.905,0.749,1.0
6,.,1.0,0.721,0.876,0.933,0.884,0.809,0.929,0.934,0.843,0.923,0.906,0.966,0.908,0.884,0.856,0.919
6,A1_1,0.721,1.0,0.52,0.773,0.673,0.588,0.682,0.831,0.446,0.757,0.589,0.696,0.585,0.767,0.654,0.795
6,A1_2,0.876,0.52,1.0,0.851,0.86,0.618,0.875,0.883,0.869,0.743,0.822,0.868,0.849,0.761,0.845,0.677
6,A1_3,0.933,0.773,0.851,1.0,0.792,0.64,0.816,0.908,0.765,0.862,0.816,0.949,0.761,0.79,0.834,0.834
6,B1_1,0.884,0.673,0.86,0.792,1.0,0.851,0.942,0.912,0.802,0.765,0.886,0.865,0.87,0.922,0.914,0.783
6,B1_2,0.809,0.588,0.618,0.64,0.851,1.0,0.881,0.763,0.644,0.69,0.855,0.77,0.83,0.893,0.711,0.826
6,B1_3,0.929,0.682,0.875,0.816,0.942,0.881,1.0,0.928,0.818,0.822,0.915,0.862,0.962,0.943,0.81,0.859
6,A2_1,0.934,0.831,0.883,0.908,0.912,0.763,0.928,1.0,0.789,0.868,0.839,0.916,0.868,0.912,0.882,0.868
6,A2_2,0.843,0.446,0.869,0.765,0.802,0.644,0.818,0.789,1.0,0.676,0.915,0.791,0.743,0.786,0.862,0.712
6,A2_3,0.923,0.757,0.743,0.862,0.765,0.69,0.822,0.868,0.676,1.0,0.712,0.877,0.859,0.736,0.695,0.845
6,B2_1,0.906,0.589,0.822,0.816,0.886,0.855,0.915,0.839,0.915,0.712,1.0,0.852,0.816,0.924,0.873,0.856
6,B2_2,0.966,0.696,0.868,0.949,0.865,0.77,0.862,0.916,0.791,0.877,0.852,1.0,0.832,0.83,0.884,0.85
6,B2_3,0.908,0.585,0.849,0.761,0.87,0.83,0.962,0.868,0.743,0.859,0.816,0.832,1.0,0.843,0.691,0.812
6,y1,0.884,0.767,0.761,0.79,0.922,0.893,0.943,0.912,0.786,0.736,0.924,0.83,0.843,1.0,0.855,0.908
6,y2,0.856,0.654,0.845,0.834,0.914,0.711,0.81,0.882,0.862,0.695,0.873,0.884,0.691,0.855,1.0,0.76
6,y3,0.919,0.795,0.677,0.834,0.783,0.826,0.859,0.868,0.712,0.845,0.856,0.85,0.812,0.908,0.76,1.0
7,.,1.0,0.724,0.88,0.936,0.886,0.813,0.932,0.935,0.85,0.927,0.91,0.967,0.913,0.886,0.857,0.921
7,A1_1,0.724,1.0,0.531,0.776,0.676,0.589,0.685,0.831,0.46,0.759,0.597,0.702,0.592,0.77,0.659,0.796
7,A1_2,0.88,0.531,1.0,0.858,0.86,0.624,0.878,0.888,0.872,0.756,0.823,0.871,0.854,0.763,0.845,0.684
7,A1_3,0.936,0.776,0.858,1.0,0.797,0.647,0.822,0.911,0.774,0.868,0.822,0.95,0.771,0.795,0.837,0.839
7,B1_1,0.886,0.676,0.86,0.797,1.0,0.858,0.944,0.915,0.81,0.771,0.889,0.87,0.873,0.924,0.916,0.789
7,B1_2,0.813,0.589,0.624,0.647,0.858,1.0,0.883,0.768,0.657,0.694,0.86,0.778,0.832,0.896,0.722,0.83
7,B1_3,0.932,0.685,0.878,0.822,0.944,0.883,1.0,0.931,0.828,0.828,0.919,0.868,0.963,0.943,0.816,0.862
7,A2_1,0.935,0.831,0.888,0.911,0.915,0.768,0.931,1.0,0.8,0.872,0.845,0.919,0.873,0.914,0.886,0.87
7,A2_2,0.85,0.46,0.872,0.774,0.81,0.657,0.828,0.8,1.0,0.691,0.919,0.798,0.757,0.793,0.864,0.722
7,A2_3,0.927,0.759,0.756,0.868,0.771,0.694,0.828,0.872,0.691,1.0,0.724,0.882,0.866,0.742,0.702,0.847
7,B2_1,0.91,0.597,0.823,0.822,0.889,0.86,0.919,0.845,0.919,0.724,1.0,0.857,0.824,0.926,0.876,0.862
7,B2_2,0.967,0.702,0.871,0.95,0.87,0.778,0.868,0.919,0.798,0.882,0.857,1.0,0.84,0.837,0.887,0.856
7,B2_3,0.913,0.592,0.854,0.771,0.873,0.832,0.963,0.873,0.757,0.866,0.824,0.84,1.0,0.845,0.701,0.816
7,y1,0.886,0.77,0.763,0.795,0.924,0.896,0.943,0.914,0.793,0.742,0.926,0.837,0.845,1.0,0.86,0.911
7,y2,0.857,0.659,0.845,0.837,0.916,0.722,0.816,0.886,0.864,0.702,0.876,0.887,0.701,0.86,1.0,0.768
7,y3,0.921,0.796,0.684,0.839,0.789,0.83,0.862,0.87,0.722,0.847,0.862,0.856,0.816,0.911,0.768,1.0
8,.,1.0,0.727,0.885,0.938,0.888,0.816,0.935,0.936,0.857,0.931,0.913,0.967,0.918,0.887,0.859,0.921
8,A1_1,0.727,1.0,0.544,0.78,0.68,0.59,0.689,0.832,0.474,0.761,0.604,0.709,0.599,0.773,0.667,0.798
8,A1_2,0.885,0.544,1.0,0.866,0.86,0.63,0.881,0.894,0.875,0.77,0.825,0.874,0.861,0.766,0.846,0.692
8,A1_3,0.938,0.78,0.866,1.0,0.801,0.654,0.829,0.914,0.783,0.874,0.827,0.951,0.782,0.8,0.84,0.843
8,B1_1,0.888,0.68,0.86,0.801,1.0,0.864,0.946,0.917,0.817,0.778,0.892,0.874,0.878,0.926,0.918,0.794
8,B1_2,0.816,0.59,0.63,0.654,0.864,1.0,0.885,0.772,0.669,0.697,0.864,0.785,0.834,0.899,0.733,0.833
8,B1_3,0.935,0.689,0.881,0.829,0.946,0.885,1.0,0.934,0.839,0.835,0.923,0.874,0.965,0.944,0.824,0.865
8,A2_1,0.936,0.832,0.894,0.914,0.917,0.772,0.934,1.0,0.811,0.875,0.852,0.922,0.879,0.917,0.89,0.873
8,A2_2,0.857,0.474,0.875,0.783,0.817,0.669,0.839,0.811,1.0,0.706,0.922,0.805,0.771,0.8,0.867,0.732
8,A2_3,0.931,0.761,0.77,0.874,0.778,0.697,0.835,0.875,0.706,1.0,0.735,0.887,0.873,0.749,0.711,0.849
8,B2_1,0.913,0.604,0.825,0.827,0.892,0.864,0.923,0.852,0.922,0.735,1.0,0.863,0.832,0.927,0.879,0.867
8,B2_2,0.967,0.709,0.874,0.951,0.874,0.785,0.874,0.922,0.805,0.887,0.863,1.0,0.848,0.844,0.889,0.863
8,B2_3,0.918,0.599,0.861,0.782,0.878,0.834,0.965,0.879,0.771,0.873,0.832,0.848,1.0,0.848,0.711,0.82
8,y1,0.887,0.773,0.766,0.8,0.926,0.899,0.944,0.917,0.8,0.749,0.927,0.844,0.848,1.0,0.865,0.913
8,y2,0.859,0.667,0.846,0.84,0.918,0.733,0.824,0.89,0.867,0.711,0.879,0.889,0.711,0.865,1.0,0.776
8,y3,0.921,0.798,0.692,0.843,0.794,0.833,0.865,0.873,0.732,0.849,0.867,0.863,0.82,0.913,0.776,1.0
9,.,1.0,0.727,0.887,0.939,0.888,0.815,0.937,0.936,0.861,0.932,0.916,0.967,0.921,0.886,0.857,0.92
9,A1_1,0.727,1.0,0.55,0.781,0.68,0.586,0.689,0.832,0.482,0.76,0.607,0.712,0.601,0.773,0.668,0.799
9,A1_2,0.887,0.55,1.0,0.871,0.858,0.628,0.881,0.897,0.876,0.776,0.825,0.876,0.863,0.764,0.844,0.693
9,A1_3,0.939,0.781,0.871,1.0,0.803,0.655,0.832,0.916,0.789,0.877,0.83,0.951,0.788,0.801,0.84,0.844
9,B1_1,0.888,0.68,0.858,0.803,1.0,0.866,0.947,0.918,0.821,0.779,0.894,0.876,0.879,0.927,0.918,0.795
9,B1_2,0.815,0.586,0.628,0.655,0.866,1.0,0.884,0.772,0.674,0.695,0.866,0.787,0.834,0.9,0.735,0.833
9,B1_3,0.937,0.689,0.881,0.832,0.947,0.884,1.0,0.935,0.845,0.838,0.925,0.877,0.965,0.943,0.826,0.865
9,A2_1,0.936,0.832,0.897,0.916,0.918,0.772,0.935,1.0,0.817,0.876,0.855,0.923,0.881,0.917,0.89,0.872
9,A2_2,0.861,0.482,0.876,0.789,0.821,0.674,0.845,0.817,1.0,0.715,0.924,0.81,0.779,0.802,0.868,0.736
9,A2_3,0.932,0.76,0.776,0.877,0.779,0.695,0.838,0.876,0.715,1.0,0.742,0.887,0.877,0.749,0.711,0.847
9,B2_1,0.916,0.607,0.825,0.83,0.894,0.866,0.925,0.855,0.924,0.742,1.0,0.866,0.837,0.927,0.879,0.869
9,B2_2,0.967,0.712,0.876,0.951,0.876,0.787,0.877,0.923,0.81,0.887,0.866,1.0,0.851,0.847,0.89,0.865
9,B2_3,0.921,0.601,0.863,0.788,0.879,0.834,0.965,0.881,0.779,0.877,0.837,0.851,1.0,0.848,0.713,0.819
9,y1,0.886,0.773,0.764,0.801,0.927,0.9,0.943,0.917,0.802,0.749,0.927,0.847,0.848,1.0,0.867,0.914
9,y2,0.857,0.668,0.844,0.84,0.918,0.735,0.826,0.89,0.868,0.711,0.879,0.89,0.713,0.867,1.0,0.777
9,y3,0.92,0.799,0.693,0.844,0.795,0.833,0.865,0.872,0.736,0.847,0.869,0.865,0.819,0.914,0.777,1.0
10,.,1.0,0.725,0.888,0.94,0.886,0.811,0.937,0.935,0.865,0.933,0.917,0.967,0.923,0.883,0.854,0.918
10,A1_1,0.725,1.0,0.554,0.781,0.678,0.579,0.688,0.831,0.487,0.758,0.607,0.712,0.601,0.773,0.668,0.798
10,A1_2,0.888,0.554,1.0,0.875,0.855,0.624,0.88,0.898,0.877,0.781,0.823,0.877,0.863,0.761,0.842,0.692
10,A1_3,0.94,0.781,0.875,1.0,0.802,0.651,0.834,0.916,0.794,0.879,0.831,0.951,0.792,0.8,0.839,0.844
10,B1_1,0.886,0.678,0.855,0.802,1.0,0.868,0.948,0.917,0.823,0.778,0.895,0.877,0.879,0.927,0.917,0.794
10,B1_2,0.811,0.579,0.624,0.651,0.868,1.0,0.883,0.769,0.675,0.69,0.866,0.787,0.832,0.9,0.735,0.829
10,B1_3,0.937,0.688,0.88,0.834,0.948,0.883,1.0,0.935,0.85,0.839,0.927,0.878,0.966,0.942,0.826,0.863
10,A2_1,0.935,0.831,0.898,0.916,0.917,0.769,0.935,1.0,0.822,0.876,0.856,0.923,0.882,0.916,0.89,0.87
10,A2_2,0.865,0.487,0.877,0.794,0.823,0.675,0.85,0.822,1.0,0.723,0.926,0.813,0.786,0.803,0.868,0.738
10,A2_3,0.933,0.758,0.781,0.879,0.778,0.69,0.839,0.876,0.723,1.0,0.746,0.888,0.879,0.748,0.709,0.844
10,B2_1,0.917,0.607,0.823,0.831,0.895,0.866,0.927,0.856,0.926,0.746,1.0,0.869,0.841,0.926,0.879,0.87
10,B2_2,0.967,0.712,0.877,0.951,0.877,0.787,0.878,0.923,0.813,0.888,0.869,1.0,0.853,0.848,0.889,0.866
10,B2_3,0.923,0.601,0.863,0.792,0.879,0.832,0.966,0.882,0.786,0.879,0.841,0.853,1.0,0.846,0.712,0.817
10,y1,0.883,0.773,0.761,0.8,0.927,0.9,0.942,0.916,0.803,0.748,0.926,0.848,0.846,1.0,0.867,0.913
10,y2,0.854,0.668,0.842,0.839,0.917,0.735,0.826,0.89,0.868,0.709,0.879,0.889,0.712,0.867,1.0,0.777
10,y3,0.918,0.798,0.692,0.844,0.794,0.829,0.863,0.87,0.738,0.844,0.87,0.866,0.817,0.913,0.777,1.0
11,.,1.0,0.722,0.889,0.94,0.884,0.805,0.937,0.934,0.868,0.934,0.918,0.966,0.924,0.878,0.85,0.915
11,A1_1,0.722,1.0,0.555,0.78,0.674,0.57,0.685,0.83,0.489,0.756,0.605,0.711,0.599,0.771,0.666,0.797
11,A1_2,0.889,0.555,1.0,0.878,0.852,0.617,0.879,0.899,0.877,0.784,0.822,0.877,0.863,0.756,0.839,0.688
11,A1_3,0.94,0.78,0.878,1.0,0.8,0.645,0.834,0.916,0.797,0.88,0.831,0.951,0.794,0.797,0.838,0.842
11,B1_1,0.884,0.674,0.852,0.8,1.0,0.868,0.948,0.915,0.824,0.775,0.895,0.876,0.878,0.926,0.915,0.79
11,B1_2,0.805,0.57,0.617,0.645,0.868,1.0,0.881,0.763,0.675,0.683,0.865,0.784,0.829,0.898,0.732,0.824
11,B1_3,0.937,0.685,0.879,0.834,0.948,0.881,1.0,0.935,0.853,0.84,0.928,0.879,0.966,0.939,0.824,0.859
11,A2_1,0.934,0.83,0.899,0.916,0.915,0.763,0.935,1.0,0.825,0.876,0.856,0.923,0.882,0.914,0.888,0.867
11,A2_2,0.868,0.489,0.877,0.797,0.824,0.675,0.853,0.825,1.0,0.73,0.926,0.816,0.791,0.802,0.867,0.738
11,A2_3,0.934,0.756,0.784,0.88,0.775,0.683,0.84,0.876,0.73,1.0,0.749,0.886,0.88,0.743,0.704,0.84
11,B2_1,0.918,0.605,0.822,0.831,0.895,0.865,0.928,0.856,0.926,0.749,1.0,0.871,0.843,0.925,0.879,0.869
11,B2_2,0.966,0.711,0.877,0.951,0.876,0.784,0.879,0.923,0.816,0.886,0.871,1.0,0.854,0.848,0.888,0.866
11,B2_3,0.924,0.599,0.863,0.794,0.878,0.829,0.966,0.882,0.791,0.88,0.843,0.854,1.0,0.843,0.71,0.813
11,y1,0.878,0.771,0.756,0.797,0.926,0.898,0.939,0.914,0.802,0.743,0.925,0.848,0.843,1.0,0.866,0.912
11,y2,0.85,0.666,0.839,0.838,0.915,0.732,0.824,0.888,0.867,0.704,0.879,0.888,0.71,0.866,1.0,0.775
11,y3,0.915,0.797,0.688,0.842,0.79,0.824,0.859,0.867,0.738,0.84,0.869,0.866,0.813,0.912,0.775,1.0
12,.,1.0,0.72,0.89,0.941,0.881,0.8,0.937,0.932,0.87,0.934,0.919,0.965,0.925,0.874,0.845,0.912
12,A1_1,0.72,1.0,0.559,0.78,0.67,0.561,0.682,0.83,0.492,0.754,0.603,0.712,0.596,0.769,0.665,0.796
12,A1_2,0.89,0.559,1.0,0.882,0.849,0.611,0.878,0.9,0.878,0.788,0.82,0.877,0.863,0.752,0.836,0.685
12,A1_3,0.941,0.78,0.882,1.0,0.799,0.639,0.834,0.917,0.8,0.882,0.831,0.951,0.796,0.795,0.836,0.841
12,B1_1,0.881,0.67,0.849,0.799,1.0,0.868,0.948,0.913,0.825,0.772,0.896,0.875,0.878,0.925,0.913,0.787
12,B1_2,0.8,0.561,0.611,0.639,0.868,1.0,0.879,0.757,0.674,0.675,0.865,0.781,0.826,0.896,0.728,0.818
12,B1_3,0.937,0.682,0.878,0.834,0.948,0.879,1.0,0.934,0.857,0.84,0.929,0.88,0.966,0.937,0.822,0.855
12,A2_1,0.932,0.83,0.9,0.917,0.913,0.757,0.934,1.0,0.828,0.876,0.857,0.923,0.881,0.912,0.886,0.864
12,A2_2,0.87,0.492,0.878,0.8,0.825,0.674,0.857,0.828,1.0,0.736,0.927,0.818,0.796,0.801,0.865,0.737
12,A2_3,0.934,0.754,0.788,0.882,0.772,0.675,0.84,0.876,0.736,1.0,0.751,0.885,0.881,0.739,0.7,0.835
12,B2_1,0.919,0.603,0.82,0.831,0.896,0.865,0.929,0.857,0.927,0.751,1.0,0.872,0.846,0.923,0.877,0.867
12,B2_2,0.965,0.712,0.877,0.951,0.875,0.781,0.88,0.923,0.818,0.885,0.872,1.0,0.854,0.848,0.886,0.866
12,B2_3,0.925,0.596,0.863,0.796,0.878,0.826,0.966,0.881,0.796,0.881,0.846,0.854,1.0,0.839,0.706,0.808
12,y1,0.874,0.769,0.752,0.795,0.925,0.896,0.937,0.912,0.801,0.739,0.923,0.848,0.839,1.0,0.865,0.91
12,y2,0.845,0.665,0.836,0.836,0.913,0.728,0.822,0.886,0.865,0.7,0.877,0.886,0.706,0.865,1.0,0.772
12,y3,0.912,0.796,0.685,0.841,0.787,0.818,0.855,0.864,0.737,0.835,0.867,0.866,0.808,0.91,0.772,1.0
13,.,1.0,0.716,0.89,0.941,0.877,0.792,0.936,0.93,0.872,0.934,0.919,0.964,0.926,0.868,0.839,0.907
13,A1_1,0.716,1.0,0.56,0.779,0.664,0.549,0.678,0.829,0.493,0.75,0.599,0.71,0.592,0.767,0.663,0.794
13,A1_2,0.89,0.56,1.0,0.885,0.845,0.602,0.876,0.901,0.878,0.792,0.818,0.878,0.863,0.746,0.833,0.681
13,A1_3,0.941,0.779,0.885,1.0,0.795,0.629,0.833,0.917,0.803,0.882,0.829,0.95,0.797,0.791,0.833,0.838
13,B1_1,0.877,0.664,0.845,0.795,1.0,0.868,0.948,0.91,0.825,0.768,0.897,0.874,0.877,0.924,0.91,0.781
13,B1_2,0.792,0.549,0.602,0.629,0.868,1.0,0.876,0.749,0.67,0.664,0.863,0.776,0.823,0.893,0.722,0.81
13,B1_3,0.936,0.678,0.876,0.833,0.948,0.876,1.0,0.933,0.859,0.839,0.93,0.88,0.966,0.934,0.82,0.849
13,A2_1,0.93,0.829,0.901,0.917,0.91,0.749,0.933,1.0,0.83,0.875,0.856,0.922,0.88,0.909,0.884,0.86
13,A2_2,0.872,0.493,0.878,0.803,0.825,0.67,0.859,0.83,1.0,0.742,0.928,0.82,0.801,0.798,0.863,0.735
13,A2_3,0.934,0.75,0.792,0.882,0.768,0.664,0.839,0.875,0.742,1.0,0.752,0.883,0.881,0.733,0.695,0.829
13,B2_1,0.919,0.599,0.818,0.829,0.897,0.863,0.93,0.856,0.928,0.752,1.0,0.873,0.849,0.921,0.875,0.864
13,B2_2,0.964,0.71,0.878,0.95,0.874,0.776,0.88,0.922,0.82,0.883,0.873,1.0,0.855,0.847,0.884,0.865
13,B2_3,0.926,0.592,0.863,0.797,0.877,0.823,0.966,0.88,0.801,0.881,0.849,0.855,1.0,0.835,0.703,0.802
13,y1,0.868,0.767,0.746,0.791,0.924,0.893,0.934,0.909,0.798,0.733,0.921,0.847,0.835,1.0,0.864,0.908
13,y2,0.839,0.663,0.833,0.833,0.91,0.722,0.82,0.884,0.863,0.695,0.875,0.884,0.703,0.864,1.0,0.769
13,y3,0.907,0.794,0.681,0.838,0.781,0.81,0.849,0.86,0.735,0.829,0.864,0.865,0.802,0.908,0.769,1.0
14,.,1.0,0.712,0.891,0.941,0.872,0.782,0.934,0.927,0.874,0.935,0.918,0.962,0.926,0.861,0.833,0.902
14,A1_1,0.712,1.0,0.562,0.778,0.658,0.536,0.672,0.828,0.494,0.746,0.594,0.709,0.587,0.764,0.66,0.793
14,A1_2,0.891,0.562,1.0,0.888,0.841,0.593,0.875,0.901,0.878,0.796,0.816,0.879,0.863,0.74,0.829,0.676
14,A1_3,0.941,0.778,0.888,1.0,0.791,0.619,0.832,0.917,0.805,0.883,0.827,0.95,0.798,0.786,0.831,0.835
14,B1_1,0.872,0.658,0.841,0.791,1.0,0.867,0.948,0.907,0.825,0.762,0.897,0.872,0.876,0.922,0.906,0.773
14,B1_2,0.782,0.536,0.593,0.619,0.867,1.0,0.873,0.739,0.666,0.652,0.861,0.77,0.818,0.89,0.715,0.8
14,B1_3,0.934,0.672,0.875,0.832,0.948,0.873,1.0,0.931,0.861,0.837,0.931,0.879,0.966,0.931,0.817,0.842
14,A2_1,0.927,0.828,0.901,0.917,0.907,0.739,0.931,1.0,0.832,0.874,0.854,0.921,0.878,0.905,0.881,0.855
14,A2_2,0.874,0.494,0.878,0.805,0.825,0.666,0.861,0.832,1.0,0.748,0.928,0.822,0.805,0.794,0.861,0.731
14,A2_3,0.935,0.746,0.796,0.883,0.762,0.652,0.837,0.874,0.748,1.0,0.752,0.882,0.881,0.725,0.69,0.822
14,B2_1,0.918,0.594,0.816,0.827,0.897,0.861,0.931,0.854,0.928,0.752,1.0,0.874,0.852,0.918,0.873,0.86
14,B2_2,0.962,0.709,0.879,0.95,0.872,0.77,0.879,0.921,0.822,0.882,0.874,1.0,0.854,0.846,0.882,0.863
14,B2_3,0.926,0.587,0.863,0.798,0.876,0.818,0.966,0.878,0.805,0.881,0.852,0.854,1.0,0.83,0.698,0.795
14,y1,0.861,0.764,0.74,0.786,0.922,0.89,0.931,0.905,0.794,0.725,0.918,0.846,0.83,1.0,0.861,0.904
14,y2,0.833,0.66,0.829,0.831,0.906,0.715,0.817,0.881,0.861,0.69,0.873,0.882,0.698,0.861,1.0,0.765
14,y3,0.902,0.793,0.676,0.835,0.773,0.8,0.842,0.855,0.731,0.822,0.86,0.863,0.795,0.904,0.765,1.0
15,.,1.0,0.707,0.892,0.941,0.866,0.771,0.932,0.924,0.875,0.935,0.917,0.961,0.926,0.853,0.826,0.895
15,A1_1,0.707,1.0,0.563,0.776,0.65,0.52,0.666,0.826,0.494,0.742,0.588,0.706,0.581,0.76,0.657,0.791
15,A1_2,0.892,0.563,1.0,0.892,0.837,0.582,0.872,0.902,0.878,0.799,0.813,0.879,0.862,0.733,0.825,0.669
15,A1_3,0.941,0.776,0.892,1.0,0.786,0.606,0.829,0.917,0.807,0.884,0.824,0.949,0.798,0.78,0.828,0.83
15,B1_1,0.866,0.65,0.837,0.786,1.0,0.865,0.948,0.903,0.824,0.755,0.897,0.869,0.874,0.92,0.902,0.764
15,B1_2,0.771,0.52,0.582,0.606,0.865,1.0,0.869,0.728,0.66,0.638,0.858,0.762,0.813,0.886,0.705,0.788
15,B1_3,0.932,0.666,0.872,0.829,0.948,0.869,1.0,0.928,0.863,0.834,0.932,0.878,0.966,0.926,0.812,0.833
15,A2_1,0.924,0.826,0.902,0.917,0.903,0.728,0.928,1.0,0.834,0.872,0.851,0.92,0.875,0.901,0.878,0.849
15,A2_2,0.875,0.494,0.878,0.807,0.824,0.66,0.863,0.834,1.0,0.753,0.927,0.823,0.809,0.789,0.858,0.726
15,A2_3,0.935,0.742,0.799,0.884,0.755,0.638,0.834,0.872,0.753,1.0,0.751,0.879,0.88,0.716,0.682,0.814
15,B2_1,0.917,0.588,0.813,0.824,0.897,0.858,0.932,0.851,0.927,0.751,1.0,0.874,0.854,0.915,0.87,0.854
15,B2_2,0.961,0.706,0.879,0.949,0.869,0.762,0.878,0.92,0.823,0.879,0.874,1.0,0.853,0.843,0.879,0.86
15,B2_3,0.926,0.581,0.862,0.798,0.874,0.813,0.966,0.875,0.809,0.88,0.854,0.853,1.0,0.823,0.691,0.785
15,y1,0.853,0.76,0.733,0.78,0.92,0.886,0.926,0.901,0.789,0.716,0.915,0.843,0.823,1.0,0.858,0.9
15,y2,0.826,0.657,0.825,0.828,0.902,0.705,0.812,0.878,0.858,0.682,0.87,0.879,0.691,0.858,1.0,0.759
15,y3,0.895,0.791,0.669,0.83,0.764,0.788,0.833,0.849,0.726,0.814,0.854,0.86,0.785,0.9,0.759,1.0
16,.,1.0,0.701,0.891,0.94,0.859,0.758,0.929,0.92,0.876,0.933,0.915,0.958,0.924,0.842,0.816,0.886
16,A1_1,0.701,1.0,0.562,0.774,0.64,0.502,0.657,0.825,0.491,0.737,0.579,0.703,0.572,0.755,0.652,0.788
16,A1_2,0.891,0.562,1.0,0.894,0.831,0.568,0.869,0.901,0.878,0.8,0.81,0.878,0.859,0.723,0.819,0.658
16,A1_3,0.94,0.774,0.894,1.0,0.779,0.59,0.825,0.917,0.808,0.883,0.82,0.948,0.795,0.772,0.823,0.824
16,B1_1,0.859,0.64,0.831,0.779,1.0,0.862,0.947,0.897,0.82,0.745,0.897,0.865,0.871,0.916,0.896,0.751
16,B1_2,0.758,0.502,0.568,0.59,0.862,1.0,0.865,0.713,0.649,0.619,0.854,0.753,0.807,0.879,0.69,0.772
16,B1_3,0.929,0.657,0.869,0.825,0.947,0.865,1.0,0.924,0.862,0.829,0.931,0.875,0.966,0.92,0.803,0.821
16,A2_1,0.92,0.825,0.901,0.917,0.897,0.713,0.924,1.0,0.833,0.87,0.847,0.918,0.871,0.895,0.872,0.841
16,A2_2,0.876,0.491,0.878,0.808,0.82,0.649,0.862,0.833,1.0,0.756,0.926,0.823,0.81,0.78,0.852,0.717
16,A2_3,0.933,0.737,0.8,0.883,0.745,0.619,0.829,0.87,0.756,1.0,0.747,0.874,0.876,0.702,0.67,0.802
16,B2_1,0.915,0.579,0.81,0.82,0.897,0.854,0.931,0.847,0.926,0.747,1.0,0.873,0.855,0.91,0.865,0.846
16,B2_2,0.958,0.703,0.878,0.948,0.865,0.753,0.875,0.918,0.823,0.874,0.873,1.0,0.849,0.84,0.875,0.855
16,B2_3,0.924,0.572,0.859,0.795,0.871,0.807,0.966,0.871,0.81,0.876,0.855,0.849,1.0,0.814,0.679,0.771
16,y1,0.842,0.755,0.723,0.772,0.916,0.879,0.92,0.895,0.78,0.702,0.91,0.84,0.814,1.0,0.852,0.895
16,y2,0.816,0.652,0.819,0.823,0.896,0.69,0.803,0.872,0.852,0.67,0.865,0.875,0.679,0.852,1.0,0.75
16,y3,0.886,0.788,0.658,0.824,0.751,0.772,0.821,0.841,0.717,0.802,0.846,0.855,0.771,0.895,0.75,1.0
17,.,1.0,0.693,0.89,0.939,0.851,0.742,0.924,0.916,0.876,0.932,0.912,0.956,0.922,0.83,0.805,0.875
17,A1_1,0.693,1.0,0.559,0.771,0.627,0.48,0.646,0.823,0.486,0.73,0.568,0.696,0.56,0.749,0.644,0.784
17,A1_2,0.89,0.559,1.0,0.896,0.824,0.55,0.864,0.9,0.877,0.798,0.805,0.876,0.855,0.711,0.812,0.644
17,A1_3,0.939,0.771,0.896,1.0,0.771,0.57,0.819,0.916,0.808,0.881,0.814,0.947,0.79,0.762,0.817,0.816
17,B1_1,0.851,0.627,0.824,0.771,1.0,0.858,0.946,0.889,0.816,0.732,0.896,0.859,0.867,0.911,0.887,0.733
17,B1_2,0.742,0.48,0.55,0.57,0.858,1.0,0.859,0.695,0.636,0.597,0.849,0.74,0.8,0.872,0.672,0.752
17,B1_3,0.924,0.646,0.864,0.819,0.946,0.859,1.0,0.919,0.86,0.823,0.931,0.871,0.966,0.913,0.791,0.805
17,A2_1,0.916,0.823,0.9,0.916,0.889,0.695,0.919,1.0,0.832,0.866,0.842,0.916,0.865,0.887,0.864,0.83
17,A2_2,0.876,0.486,0.877,0.808,0.816,0.636,0.86,0.832,1.0,0.759,0.924,0.822,0.81,0.77,0.846,0.705
17,A2_3,0.932,0.73,0.798,0.881,0.732,0.597,0.823,0.866,0.759,1.0,0.742,0.867,0.872,0.685,0.656,0.788
17,B2_1,0.912,0.568,0.805,0.814,0.896,0.849,0.931,0.842,0.924,0.742,1.0,0.872,0.855,0.905,0.858,0.834
17,B2_2,0.956,0.696,0.876,0.947,0.859,0.74,0.871,0.916,0.822,0.867,0.872,1.0,0.844,0.834,0.87,0.848
17,B2_3,0.922,0.56,0.855,0.79,0.867,0.8,0.966,0.865,0.81,0.872,0.855,0.844,1.0,0.803,0.664,0.753
17,y1,0.83,0.749,0.711,0.762,0.911,0.872,0.913,0.887,0.77,0.685,0.905,0.834,0.803,1.0,0.845,0.888
17,y2,0.805,0.644,0.812,0.817,0.887,0.672,0.791,0.864,0.846,0.656,0.858,0.87,0.664,0.845,1.0,0.739
17,y3,0.875,0.784,0.644,0.816,0.733,0.752,0.805,0.83,0.705,0.788,0.834,0.848,0.753,0.888,0.739,1.0
18,.,1.0,0.686,0.889,0.939,0.841,0.725,0.919,0.912,0.876,0.931,0.909,0.953,0.919,0.816,0.794,0.863
18,A1_1,0.686,1.0,0.557,0.768,0.614,0.457,0.635,0.822,0.483,0.724,0.556,0.691,0.549,0.742,0.638,0.78
18,A1_2,0.889,0.557,1.0,0.898,0.818,0.533,0.859,0.9,0.876,0.799,0.801,0.876,0.852,0.698,0.806,0.63
18,A1_3,0.939,0.768,0.898,1.0,0.762,0.55,0.812,0.916,0.808,0.881,0.808,0.945,0.787,0.752,0.812,0.807
18,B1_1,0.841,0.614,0.818,0.762,1.0,0.855,0.945,0.881,0.811,0.718,0.895,0.853,0.864,0.905,0.878,0.714
18,B1_2,0.725,0.457,0.533,0.55,0.855,1.0,0.854,0.676,0.622,0.574,0.845,0.727,0.793,0.863,0.653,0.729
18,B1_3,0.919,0.635,0.859,0.812,0.945,0.854,1.0,0.914,0.858,0.815,0.931,0.867,0.965,0.905,0.781,0.786
18,A2_1,0.912,0.822,0.9,0.916,0.881,0.676,0.914,1.0,0.831,0.863,0.836,0.913,0.859,0.879,0.857,0.819
18,A2_2,0.876,0.483,0.876,0.808,0.811,0.622,0.858,0.831,1.0,0.763,0.921,0.822,0.811,0.758,0.841,0.692
18,A2_3,0.931,0.724,0.799,0.881,0.718,0.574,0.815,0.863,0.763,1.0,0.736,0.861,0.866,0.668,0.643,0.773
18,B2_1,0.909,0.556,0.801,0.808,0.895,0.845,0.931,0.836,0.921,0.736,1.0,0.87,0.856,0.898,0.851,0.821
18,B2_2,0.953,0.691,0.876,0.945,0.853,0.727,0.867,0.913,0.822,0.861,0.87,1.0,0.84,0.828,0.865,0.841
18,B2_3,0.919,0.549,0.852,0.787,0.864,0.793,0.965,0.859,0.811,0.866,0.856,0.84,1.0,0.791,0.65,0.734
18,y1,0.816,0.742,0.698,0.752,0.905,0.863,0.905,0.879,0.758,0.668,0.898,0.828,0.791,1.0,0.837,0.88
18,y2,0.794,0.638,0.806,0.812,0.878,0.653,0.781,0.857,0.841,0.643,0.851,0.865,0.65,0.837,1.0,0.729
18,y3,0.863,0.78,0.63,0.807,0.714,0.729,0.786,0.819,0.692,0.773,0.821,0.841,0.734,0.88,0.729,1.0
19,.,1.0,0.678,0.889,0.938,0.83,0.705,0.913,0.907,0.876,0.929,0.905,0.95,0.916,0.8,0.781,0.848
19,A1_1,0.678,1.0,0.555,0.765,0.599,0.432,0.621,0.821,0.478,0.718,0.543,0.686,0.535,0.736,0.632,0.776
19,A1_2,0.889,0.555,1.0,0.9,0.81,0.514,0.854,0.899,0.875,0.8,0.796,0.875,0.848,0.684,0.798,0.614
19,A1_3,0.938,0.765,0.9,1.0,0.752,0.528,0.805,0.915,0.808,0.88,0.801,0.944,0.781,0.74,0.806,0.797
19,B1_1,0.83,0.599,0.81,0.752,1.0,0.851,0.943,0.872,0.804,0.703,0.895,0.847,0.86,0.898,0.868,0.691
19,B1_2,0.705,0.432,0.514,0.528,0.851,1.0,0.849,0.655,0.605,0.548,0.839,0.712,0.785,0.854,0.63,0.703
19,B1_3,0.913,0.621,0.854,0.805,0.943,0.849,1.0,0.907,0.855,0.806,0.93,0.862,0.965,0.895,0.767,0.764
19,A2_1,0.907,0.821,0.899,0.915,0.872,0.655,0.907,1.0,0.829,0.86,0.829,0.91,0.852,0.869,0.849,0.805
19,A2_2,0.876,0.478,0.875,0.808,0.804,0.605,0.855,0.829,1.0,0.766,0.918,0.82,0.81,0.743,0.833,0.676
19,A2_3,0.929,0.718,0.8,0.88,0.703,0.548,0.806,0.86,0.766,1.0,0.729,0.854,0.86,0.647,0.629,0.756
19,B2_1,0.905,0.543,0.796,0.801,0.895,0.839,0.93,0.829,0.918,0.729,1.0,0.868,0.856,0.891,0.843,0.805
19,B2_2,0.95,0.686,0.875,0.944,0.847,0.712,0.862,0.91,0.82,0.854,0.868,1.0,0.835,0.822,0.86,0.832
19,B2_3,0.916,0.535,0.848,0.781,0.86,0.785,0.965,0.852,0.81,0.86,0.856,0.835,1.0,0.777,0.633,0.71
19,y1,0.8,0.736,0.684,0.74,0.898,0.854,0.895,0.869,0.743,0.647,0.891,0.822,0.777,1.0,0.828,0.871
19,y2,0.781,0.632,0.798,0.806,0.868,0.63,0.767,0.849,0.833,0.629,0.843,0.86,0.633,0.828,1.0,0.716
19,y3,0.848,0.776,0.614,0.797,0.691,0.703,0.764,0.805,0.676,0.756,0.805,0.832,0.71,0.871,0.716,1.0
20,.,1.0,0.67,0.888,0.937,0.818,0.683,0.906,0.902,0.876,0.927,0.9,0.947,0.912,0.782,0.768,0.831
20,A1_1,0.67,1.0,0.552,0.762,0.581,0.403,0.606,0.819,0.473,0.711,0.528,0.679,0.52,0.728,0.624,0.77
20,A1_2,0.888,0.552,1.0,0.902,0.801,0.493,0.847,0.898,0.874,0.799,0.791,0.873,0.843,0.668,0.79,0.594
20,A1_3,0.937,0.762,0.902,1.0,0.739,0.503,0.796,0.915,0.808,0.878,0.793,0.942,0.775,0.726,0.799,0.784
20,B1_1,0.818,0.581,0.801,0.739,1.0,0.846,0.942,0.86,0.796,0.684,0.894,0.839,0.856,0.889,0.855,0.663
20,B1_2,0.683,0.403,0.493,0.503,0.846,1.0,0.843,0.63,0.585,0.518,0.833,0.694,0.777,0.841,0.603,0.67
20,B1_3,0.906,0.606,0.847,0.796,0.942,0.843,1.0,0.898,0.85,0.795,0.929,0.856,0.965,0.884,0.75,0.737
20,A2_1,0.902,0.819,0.898,0.915,0.86,0.63,0.898,1.0,0.827,0.856,0.82,0.907,0.844,0.857,0.84,0.789
20,A2_2,0.876,0.473,0.874,0.808,0.796,0.585,0.85,0.827,1.0,0.769,0.914,0.818,0.809,0.726,0.824,0.657
20,A2_3,0.927,0.711,0.799,0.878,0.684,0.518,0.795,0.856,0.769,1.0,0.72,0.846,0.852,0.623,0.614,0.736
20,B2_1,0.9,0.528,0.791,0.793,0.894,0.833,0.929,0.82,0.914,0.72,1.0,0.866,0.857,0.881,0.832,0.785
20,B2_2,0.947,0.679,0.873,0.942,0.839,0.694,0.856,0.907,0.818,0.846,0.866,1.0,0.828,0.813,0.853,0.821
20,B2_3,0.912,0.52,0.843,0.775,0.856,0.777,0.965,0.844,0.809,0.852,0.857,0.828,1.0,0.76,0.614,0.682
20,y1,0.782,0.728,0.668,0.726,0.889,0.841,0.884,0.857,0.726,0.623,0.881,0.813,0.76,1.0,0.817,0.86
20,y2,0.768,0.624,0.79,0.799,0.855,0.603,0.75,0.84,0.824,0.614,0.832,0.853,0.614,0.817,1.0,0.702
20,y3,0.831,0.77,0.594,0.784,0.663,0.67,0.737,0.789,0.657,0.736,0.785,0.821,0.682,0.86,0.702,1.0
21,.,1.0,0.66,0.887,0.936,0.803,0.658,0.898,0.896,0.876,0.925,0.894,0.943,0.907,0.76,0.753,0.811
21,A1_1,0.66,1.0,0.549,0.758,0.561,0.371,0.589,0.818,0.467,0.704,0.51,0.671,0.503,0.719,0.615,0.764
21,A1_2,0.887,0.549,1.0,0.904,0.791,0.47,0.84,0.897,0.873,0.798,0.784,0.872,0.837,0.649,0.78,0.572
21,A1_3,0.936,0.758,0.904,1.0,0.725,0.475,0.786,0.915,0.808,0.877,0.783,0.94,0.768,0.71,0.792,0.769
21,B1_1,0.803,0.561,0.791,0.725,1.0,0.841,0.94,0.847,0.786,0.663,0.893,0.829,0.851,0.878,0.839,0.63
21,B1_2,0.658,0.371,0.47,0.475,0.841,1.0,0.836,0.602,0.563,0.485,0.827,0.675,0.768,0.827,0.573,0.632
21,B1_3,0.898,0.589,0.84,0.786,0.94,0.836,1.0,0.888,0.844,0.782,0.929,0.848,0.964,0.87,0.731,0.705
21,A2_1,0.896,0.818,0.897,0.915,0.847,0.602,0.888,1.0,0.825,0.852,0.81,0.903,0.834,0.843,0.83,0.771
21,A2_2,0.876,0.467,0.873,0.808,0.786,0.563,0.844,0.825,1.0,0.772,0.908,0.817,0.806,0.706,0.816,0.635
21,A2_3,0.925,0.704,0.798,0.877,0.663,0.485,0.782,0.852,0.772,1.0,0.709,0.837,0.842,0.596,0.597,0.713
21,B2_1,0.894,0.51,0.784,0.783,0.893,0.827,0.929,0.81,0.908,0.709,1.0,0.862,0.857,0.87,0.82,0.761
21,B2_2,0.943,0.671,0.872,0.94,0.829,0.675,0.848,0.903,0.817,0.837,0.862,1.0,0.821,0.804,0.847,0.807
21,B2_3,0.907,0.503,0.837,0.768,0.851,0.768,0.964,0.834,0.806,0.842,0.857,0.821,1.0,0.741,0.592,0.65
21,y1,0.76,0.719,0.649,0.71,0.878,0.827,0.87,0.843,0.706,0.596,0.87,0.804,0.741,1.0,0.805,0.848
21,y2,0.753,0.615,0.78,0.792,0.839,0.573,0.731,0.83,0.816,0.597,0.82,0.847,0.592,0.805,1.0,0.687
21,y3,0.811,0.764,0.572,0.769,0.63,0.632,0.705,0.771,0.635,0.713,0.761,0.807,0.65,0.848,0.687,1.0
22,.,1.0,0.651,0.887,0.935,0.787,0.632,0.888,0.89,0.875,0.924,0.887,0.94,0.902,0.737,0.739,0.788
22,A1_1,0.651,1.0,0.546,0.755,0.538,0.338,0.57,0.816,0.462,0.696,0.492,0.662,0.485,0.709,0.608,0.756
22,A1_2,0.887,0.546,1.0,0.906,0.78,0.448,0.833,0.896,0.872,0.799,0.777,0.871,0.834,0.628,0.77,0.549
22,A1_3,0.935,0.755,0.906,1.0,0.71,0.446,0.775,0.915,0.809,0.876,0.773,0.937,0.761,0.693,0.785,0.752
22,B1_1,0.787,0.538,0.78,0.71,1.0,0.837,0.939,0.831,0.775,0.641,0.892,0.819,0.847,0.865,0.821,0.591
22,B1_2,0.632,0.338,0.448,0.446,0.837,1.0,0.83,0.572,0.54,0.45,0.821,0.656,0.759,0.812,0.542,0.59
22,B1_3,0.888,0.57,0.833,0.775,0.939,0.83,1.0,0.877,0.837,0.767,0.928,0.842,0.964,0.854,0.712,0.669
22,A2_1,0.89,0.816,0.896,0.915,0.831,0.572,0.877,1.0,0.822,0.848,0.799,0.899,0.823,0.827,0.82,0.751
22,A2_2,0.875,0.462,0.872,0.809,0.775,0.54,0.837,0.822,1.0,0.776,0.902,0.815,0.804,0.684,0.807,0.611
22,A2_3,0.924,0.696,0.799,0.876,0.641,0.45,0.767,0.848,0.776,1.0,0.698,0.829,0.831,0.568,0.584,0.69
22,B2_1,0.887,0.492,0.777,0.773,0.892,0.821,0.928,0.799,0.902,0.698,1.0,0.859,0.858,0.858,0.808,0.733
22,B2_2,0.94,0.662,0.871,0.937,0.819,0.656,0.842,0.899,0.815,0.829,0.859,1.0,0.815,0.793,0.839,0.791
22,B2_3,0.902,0.485,0.834,0.761,0.847,0.759,0.964,0.823,0.804,0.831,0.858,0.815,1.0,0.72,0.572,0.614
22,y1,0.737,0.709,0.628,0.693,0.865,0.812,0.854,0.827,0.684,0.568,0.858,0.793,0.72,1.0,0.791,0.834
22,y2,0.739,0.608,0.77,0.785,0.821,0.542,0.712,0.82,0.807,0.584,0.808,0.839,0.572,0.791,1.0,0.671
22,y3,0.788,0.756,0.549,0.752,0.591,0.59,0.669,0.751,0.611,0.69,0.733,0.791,0.614,0.834,0.671,1.0
23,.,1.0,0.641,0.886,0.934,0.769,0.603,0.876,0.883,0.875,0.922,0.879,0.935,0.895,0.71,0.723,0.762
23,A1_1,0.641,1.0,0.543,0.751,0.513,0.302,0.548,0.815,0.456,0.689,0.471,0.654,0.465,0.699,0.601,0.749
23,A1_2,0.886,0.543,1.0,0.908,0.768,0.423,0.825,0.895,0.871,0.799,0.77,0.869,0.828,0.605,0.759,0.521
23,A1_3,0.934,0.751,0.908,1.0,0.692,0.415,0.762,0.914,0.809,0.875,0.761,0.933,0.752,0.672,0.777,0.733
23,B1_1,0.769,0.513,0.768,0.692,1.0,0.834,0.938,0.812,0.762,0.616,0.891,0.808,0.843,0.849,0.8,0.548
23,B1_2,0.603,0.302,0.423,0.415,0.834,1.0,0.824,0.539,0.514,0.413,0.815,0.636,0.751,0.794,0.506,0.543
23,B1_3,0.876,0.548,0.825,0.762,0.938,0.824,1.0,0.863,0.828,0.75,0.928,0.833,0.963,0.835,0.688,0.626
23,A2_1,0.883,0.815,0.895,0.914,0.812,0.539,0.863,1.0,0.82,0.845,0.787,0.894,0.811,0.808,0.809,0.728
23,A2_2,0.875,0.456,0.871,0.809,0.762,0.514,0.828,0.82,1.0,0.78,0.895,0.812,0.8,0.657,0.796,0.584
23,A2_3,0.922,0.689,0.799,0.875,0.616,0.413,0.75,0.845,0.78,1.0,0.685,0.82,0.819,0.535,0.569,0.664
23,B2_1,0.879,0.471,0.77,0.761,0.891,0.815,0.928,0.787,0.895,0.685,1.0,0.855,0.859,0.842,0.791,0.7
23,B2_2,0.935,0.654,0.869,0.933,0.808,0.636,0.833,0.894,0.812,0.82,0.855,1.0,0.808,0.781,0.831,0.773
23,B2_3,0.895,0.465,0.828,0.752,0.843,0.751,0.963,0.811,0.8,0.819,0.859,0.808,1.0,0.696,0.547,0.573
23,y1,0.71,0.699,0.605,0.672,0.849,0.794,0.835,0.808,0.657,0.535,0.842,0.781,0.696,1.0,0.775,0.82
23,y2,0.723,0.601,0.759,0.777,0.8,0.506,0.688,0.809,0.796,0.569,0.791,0.831,0.547,0.775,1.0,0.654
23,y3,0.762,0.749,0.521,0.733,0.548,0.543,0.626,0.728,0.584,0.664,0.7,0.773,0.573,0.82,0.654,1.0
24,.,1.0,0.631,0.885,0.933,0.748,0.572,0.863,0.876,0.874,0.919,0.869,0.93,0.887,0.679,0.705,0.733
24,A1_1,0.631,1.0,0.54,0.748,0.484,0.262,0.523,0.815,0.45,0.682,0.448,0.644,0.443,0.688,0.595,0.741
24,A1_2,0.885,0.54,1.0,0.91,0.754,0.397,0.815,0.893,0.869,0.799,0.761,0.866,0.821,0.578,0.746,0.491
24,A1_3,0.933,0.748,0.91,1.0,0.671,0.382,0.747,0.915,0.809,0.874,0.747,0.929,0.741,0.65,0.768,0.711
24,B1_1,0.748,0.484,0.754,0.671,1.0,0.83,0.936,0.79,0.746,0.587,0.89,0.795,0.838,0.829,0.774,0.496
24,B1_2,0.572,0.262,0.397,0.382,0.83,1.0,0.819,0.502,0.486,0.373,0.809,0.613,0.742,0.772,0.465,0.489
24,B1_3,0.863,0.523,0.815,0.747,0.936,0.819,1.0,0.846,0.818,0.73,0.927,0.823,0.963,0.811,0.659,0.576
24,A2_1,0.876,0.815,0.893,0.915,0.79,0.502,0.846,1.0,0.817,0.842,0.771,0.888,0.796,0.786,0.796,0.703
24,A2_2,0.874,0.45,0.869,0.809,0.746,0.486,0.818,0.817,1.0,0.784,0.886,0.81,0.794,0.627,0.784,0.554
24,A2_3,0.919,0.682,0.799,0.874,0.587,0.373,0.73,0.842,0.784,1.0,0.67,0.809,0.804,0.5,0.553,0.635
24,B2_1,0.869,0.448,0.761,0.747,0.89,0.809,0.927,0.771,0.886,0.67,1.0,0.85,0.86,0.824,0.771,0.66
24,B2_2,0.93,0.644,0.866,0.929,0.795,0.613,0.823,0.888,0.81,0.809,0.85,1.0,0.799,0.768,0.821,0.752
24,B2_3,0.887,0.443,0.821,0.741,0.838,0.742,0.963,0.796,0.794,0.804,0.86,0.799,1.0,0.667,0.517,0.525
24,y1,0.679,0.688,0.578,0.65,0.829,0.772,0.811,0.786,0.627,0.5,0.824,0.768,0.667,1.0,0.757,0.803
24,y2,0.705,0.595,0.746,0.768,0.774,0.465,0.659,0.796,0.784,0.553,0.771,0.821,0.517,0.757,1.0,0.637
24,y3,0.733,0.741,0.491,0.711,0.496,0.489,0.576,0.703,0.554,0.635,0.66,0.752,0.525,0.803,0.637,1.0
25,.,1.0,0.619,0.884,0.932,0.724,0.538,0.847,0.869,0.874,0.917,0.857,0.925,0.879,0.643,0.686,0.7
25,A1_1,0.619,1.0,0.535,0.745,0.449,0.218,0.495,0.814,0.444,0.674,0.421,0.63,0.418,0.673,0.586,0.729
25,A1_2,0.884,0.535,1.0,0.912,0.737,0.368,0.804,0.891,0.868,0.799,0.751,0.863,0.814,0.546,0.731,0.457
25,A1_3,0.932,0.745,0.912,1.0,0.647,0.345,0.729,0.915,0.809,0.873,0.731,0.924,0.73,0.622,0.757,0.685
25,B1_1,0.724,0.449,0.737,0.647,1.0,0.826,0.935,0.763,0.728,0.554,0.888,0.78,0.834,0.804,0.742,0.437
25,B1_2,0.538,0.218,0.368,0.345,0.826,1.0,0.813,0.46,0.455,0.33,0.803,0.59,0.734,0.746,0.418,0.427
25,B1_3,0.847,0.495,0.804,0.729,0.935,0.813,1.0,0.825,0.805,0.707,0.926,0.813,0.962,0.784,0.626,0.519
25,A2_1,0.869,0.814,0.891,0.915,0.763,0.46,0.825,1.0,0.814,0.838,0.753,0.881,0.779,0.761,0.783,0.675
25,A2_2,0.874,0.444,0.868,0.809,0.728,0.455,0.805,0.814,1.0,0.788,0.875,0.807,0.788,0.591,0.772,0.521
25,A2_3,0.917,0.674,0.799,0.873,0.554,0.33,0.707,0.838,0.788,1.0,0.652,0.798,0.787,0.459,0.537,0.604
25,B2_1,0.857,0.421,0.751,0.731,0.888,0.803,0.926,0.753,0.875,0.652,1.0,0.844,0.861,0.8,0.747,0.614
25,B2_2,0.925,0.63,0.863,0.924,0.78,0.59,0.813,0.881,0.807,0.798,0.844,1.0,0.791,0.75,0.81,0.725
25,B2_3,0.879,0.418,0.814,0.73,0.834,0.734,0.962,0.779,0.788,0.787,0.861,0.791,1.0,0.635,0.486,0.472
25,y1,0.643,0.673,0.546,0.622,0.804,0.746,0.784,0.761,0.591,0.459,0.8,0.75,0.635,1.0,0.735,0.785
25,y2,0.686,0.586,0.731,0.757,0.742,0.418,0.626,0.783,0.772,0.537,0.747,0.81,0.486,0.735,1.0,0.618
25,y3,0.7,0.729,0.457,0.685,0.437,0.427,0.519,0.675,0.521,0.604,0.614,0.725,0.472,0.785,0.618,1.0
26,.,1.0,0.608,0.883,0.93,0.697,0.501,0.829,0.861,0.873,0.915,0.844,0.919,0.868,0.603,0.666,0.664
26,A1_1,0.608,1.0,0.531,0.741,0.409,0.17,0.462,0.813,0.438,0.667,0.391,0.614,0.39,0.659,0.578,0.717
