,,.,A1_1,A1_2,A1_3,B1_1,B1_2,B1_3,A2_1,A2_2,A2_3,B2_1,B2_2,B2_3,y1,y2,y3
1,.,1.0,0.911,0.95,0.967,0.93,0.934,0.892,0.987,0.93,0.973,0.918,0.974,0.87,0.923,0.883,0.955
1,A1_1,0.911,1.0,0.948,0.896,0.944,0.871,0.972,0.902,0.976,0.862,0.963,0.947,0.931,0.941,0.936,0.867
1,A1_2,0.95,0.948,1.0,0.933,0.981,0.975,0.942,0.948,0.939,0.926,0.955,0.969,0.905,0.934,0.955,0.933
1,A1_3,0.967,0.896,0.933,1.0,0.927,0.926,0.885,0.946,0.942,0.957,0.937,0.962,0.899,0.958,0.887,0.938
1,B1_1,0.93,0.944,0.981,0.927,1.0,0.959,0.937,0.929,0.931,0.916,0.947,0.953,0.919,0.948,0.972,0.899
1,B1_2,0.934,0.871,0.975,0.926,0.959,1.0,0.873,0.933,0.874,0.92,0.92,0.946,0.863,0.901,0.926,0.923
1,B1_3,0.892,0.972,0.942,0.885,0.937,0.873,1.0,0.904,0.958,0.852,0.966,0.943,0.926,0.942,0.956,0.897
1,A2_1,0.987,0.902,0.948,0.946,0.929,0.933,0.904,1.0,0.906,0.966,0.903,0.965,0.843,0.905,0.887,0.962
1,A2_2,0.93,0.976,0.939,0.942,0.931,0.874,0.958,0.906,1.0,0.887,0.968,0.964,0.957,0.978,0.921,0.882
1,A2_3,0.973,0.862,0.926,0.957,0.916,0.92,0.852,0.966,0.887,1.0,0.881,0.933,0.802,0.889,0.863,0.964
1,B2_1,0.918,0.963,0.955,0.937,0.947,0.92,0.966,0.903,0.968,0.881,1.0,0.958,0.94,0.961,0.96,0.915
1,B2_2,0.974,0.947,0.969,0.962,0.953,0.946,0.943,0.965,0.964,0.933,0.958,1.0,0.939,0.97,0.93,0.936
1,B2_3,0.87,0.931,0.905,0.899,0.919,0.863,0.926,0.843,0.957,0.802,0.94,0.939,1.0,0.971,0.932,0.801
1,y1,0.923,0.941,0.934,0.958,0.948,0.901,0.942,0.905,0.978,0.889,0.961,0.97,0.971,1.0,0.936,0.878
1,y2,0.883,0.936,0.955,0.887,0.972,0.926,0.956,0.887,0.921,0.863,0.96,0.93,0.932,0.936,1.0,0.879
1,y3,0.955,0.867,0.933,0.938,0.899,0.923,0.897,0.962,0.882,0.964,0.915,0.936,0.801,0.878,0.879,1.0
2,.,1.0,0.914,0.953,0.968,0.933,0.936,0.898,0.987,0.932,0.974,0.922,0.975,0.876,0.926,0.887,0.956
2,A1_1,0.914,1.0,0.949,0.899,0.944,0.872,0.971,0.905,0.977,0.87,0.964,0.947,0.932,0.944,0.938,0.871
2,A1_2,0.953,0.949,1.0,0.937,0.982,0.974,0.946,0.951,0.94,0.932,0.958,0.971,0.908,0.938,0.957,0.937
2,A1_3,0.968,0.899,0.937,1.0,0.931,0.93,0.894,0.949,0.943,0.96,0.94,0.965,0.904,0.96,0.891,0.942
2,B1_1,0.933,0.944,0.982,0.931,1.0,0.96,0.94,0.932,0.932,0.922,0.95,0.955,0.922,0.95,0.973,0.905
2,B1_2,0.936,0.872,0.974,0.93,0.96,1.0,0.88,0.935,0.875,0.923,0.923,0.948,0.869,0.905,0.928,0.929
2,B1_3,0.898,0.971,0.946,0.894,0.94,0.88,1.0,0.91,0.959,0.864,0.969,0.947,0.931,0.946,0.96,0.904
2,A2_1,0.987,0.905,0.951,0.949,0.932,0.935,0.91,1.0,0.908,0.969,0.908,0.966,0.849,0.908,0.891,0.964
2,A2_2,0.932,0.977,0.94,0.943,0.932,0.875,0.959,0.908,1.0,0.893,0.968,0.964,0.958,0.978,0.922,0.885
2,A2_3,0.974,0.87,0.932,0.96,0.922,0.923,0.864,0.969,0.893,1.0,0.888,0.937,0.813,0.895,0.869,0.966
2,B2_1,0.922,0.964,0.958,0.94,0.95,0.923,0.969,0.908,0.968,0.888,1.0,0.96,0.944,0.962,0.961,0.919
2,B2_2,0.975,0.947,0.971,0.965,0.955,0.948,0.947,0.966,0.964,0.937,0.96,1.0,0.942,0.971,0.933,0.94
2,B2_3,0.876,0.932,0.908,0.904,0.922,0.869,0.931,0.849,0.958,0.813,0.944,0.942,1.0,0.974,0.935,0.813
2,y1,0.926,0.944,0.938,0.96,0.95,0.905,0.946,0.908,0.978,0.895,0.962,0.971,0.974,1.0,0.938,0.883
2,y2,0.887,0.938,0.957,0.891,0.973,0.928,0.96,0.891,0.922,0.869,0.961,0.933,0.935,0.938,1.0,0.885
2,y3,0.956,0.871,0.937,0.942,0.905,0.929,0.904,0.964,0.885,0.966,0.919,0.94,0.813,0.883,0.885,1.0
3,.,1.0,0.919,0.956,0.97,0.937,0.938,0.906,0.987,0.936,0.976,0.927,0.977,0.884,0.93,0.893,0.959
3,A1_1,0.919,1.0,0.951,0.905,0.947,0.875,0.972,0.909,0.978,0.88,0.965,0.949,0.935,0.947,0.941,0.877
3,A1_2,0.956,0.951,1.0,0.942,0.983,0.974,0.952,0.955,0.943,0.938,0.962,0.973,0.914,0.943,0.96,0.943
3,A1_3,0.97,0.905,0.942,1.0,0.936,0.934,0.905,0.952,0.946,0.962,0.944,0.967,0.911,0.962,0.897,0.947
3,B1_1,0.937,0.947,0.983,0.936,1.0,0.962,0.945,0.937,0.934,0.928,0.953,0.958,0.927,0.953,0.975,0.912
3,B1_2,0.938,0.875,0.974,0.934,0.962,1.0,0.89,0.938,0.879,0.927,0.928,0.951,0.877,0.91,0.932,0.934
3,B1_3,0.906,0.972,0.952,0.905,0.945,0.89,1.0,0.916,0.961,0.877,0.972,0.951,0.937,0.951,0.964,0.913
3,A2_1,0.987,0.909,0.955,0.952,0.937,0.938,0.916,1.0,0.912,0.972,0.913,0.968,0.858,0.913,0.898,0.966
3,A2_2,0.936,0.978,0.943,0.946,0.934,0.879,0.961,0.912,1.0,0.9,0.968,0.965,0.96,0.979,0.925,0.89
3,A2_3,0.976,0.88,0.938,0.962,0.928,0.927,0.877,0.972,0.9,1.0,0.896,0.942,0.826,0.901,0.877,0.968
3,B2_1,0.927,0.965,0.962,0.944,0.953,0.928,0.972,0.913,0.968,0.896,1.0,0.963,0.948,0.964,0.964,0.925
3,B2_2,0.977,0.949,0.973,0.967,0.958,0.951,0.951,0.968,0.965,0.942,0.963,1.0,0.946,0.972,0.936,0.944
3,B2_3,0.884,0.935,0.914,0.911,0.927,0.877,0.937,0.858,0.96,0.826,0.948,0.946,1.0,0.976,0.939,0.827
3,y1,0.93,0.947,0.943,0.962,0.953,0.91,0.951,0.913,0.979,0.901,0.964,0.972,0.976,1.0,0.941,0.89
3,y2,0.893,0.941,0.96,0.897,0.975,0.932,0.964,0.898,0.925,0.877,0.964,0.936,0.939,0.941,1.0,0.892
3,y3,0.959,0.877,0.943,0.947,0.912,0.934,0.913,0.966,0.89,0.968,0.925,0.944,0.827,0.89,0.892,1.0
4,.,1.0,0.924,0.96,0.972,0.941,0.941,0.913,0.988,0.94,0.978,0.932,0.979,0.891,0.934,0.898,0.962
4,A1_1,0.924,1.0,0.954,0.911,0.949,0.88,0.973,0.915,0.979,0.888,0.967,0.951,0.938,0.95,0.944,0.884
4,A1_2,0.96,0.954,1.0,0.947,0.985,0.975,0.957,0.959,0.947,0.944,0.965,0.976,0.92,0.947,0.963,0.948
4,A1_3,0.972,0.911,0.947,1.0,0.941,0.938,0.914,0.955,0.949,0.964,0.948,0.97,0.918,0.964,0.903,0.952
4,B1_1,0.941,0.949,0.985,0.941,1.0,0.965,0.95,0.941,0.937,0.933,0.957,0.96,0.932,0.956,0.977,0.919
4,B1_2,0.941,0.88,0.975,0.938,0.965,1.0,0.899,0.942,0.884,0.93,0.934,0.954,0.885,0.916,0.936,0.939
4,B1_3,0.913,0.973,0.957,0.914,0.95,0.899,1.0,0.923,0.962,0.888,0.975,0.955,0.943,0.956,0.968,0.92
4,A2_1,0.988,0.915,0.959,0.955,0.941,0.942,0.923,1.0,0.917,0.974,0.919,0.97,0.867,0.918,0.904,0.968
4,A2_2,0.94,0.979,0.947,0.949,0.937,0.884,0.962,0.917,1.0,0.906,0.969,0.966,0.962,0.98,0.928,0.895
4,A2_3,0.978,0.888,0.944,0.964,0.933,0.93,0.888,0.974,0.906,1.0,0.902,0.945,0.838,0.907,0.883,0.97
4,B2_1,0.932,0.967,0.965,0.948,0.957,0.934,0.975,0.919,0.969,0.902,1.0,0.965,0.952,0.966,0.966,0.93
4,B2_2,0.979,0.951,0.976,0.97,0.96,0.954,0.955,0.97,0.966,0.945,0.965,1.0,0.95,0.974,0.94,0.948
4,B2_3,0.891,0.938,0.92,0.918,0.932,0.885,0.943,0.867,0.962,0.838,0.952,0.95,1.0,0.979,0.943,0.841
4,y1,0.934,0.95,0.947,0.964,0.956,0.916,0.956,0.918,0.98,0.907,0.966,0.974,0.979,1.0,0.944,0.897
4,y2,0.898,0.944,0.963,0.903,0.977,0.936,0.968,0.904,0.928,0.883,0.966,0.94,0.943,0.944,1.0,0.899
4,y3,0.962,0.884,0.948,0.952,0.919,0.939,0.92,0.968,0.895,0.97,0.93,0.948,0.841,0.897,0.899,1.0
5,.,1.0,0.928,0.962,0.974,0.944,0.943,0.92,0.988,0.944,0.979,0.936,0.98,0.898,0.938,0.903,0.964
5,A1_1,0.928,1.0,0.957,0.917,0.952,0.885,0.973,0.919,0.98,0.896,0.968,0.954,0.941,0.953,0.947,0.891
5,A1_2,0.962,0.957,1.0,0.951,0.986,0.975,0.961,0.962,0.95,0.948,0.968,0.977,0.925,0.951,0.966,0.952
5,A1_3,0.974,0.917,0.951,1.0,0.945,0.942,0.922,0.958,0.951,0.966,0.951,0.972,0.924,0.967,0.908,0.956
5,B1_1,0.944,0.952,0.986,0.945,1.0,0.967,0.954,0.945,0.94,0.937,0.96,0.963,0.936,0.959,0.978,0.925
5,B1_2,0.943,0.885,0.975,0.942,0.967,1.0,0.908,0.945,0.889,0.933,0.938,0.957,0.893,0.921,0.94,0.944
5,B1_3,0.92,0.973,0.961,0.922,0.954,0.908,1.0,0.929,0.963,0.896,0.977,0.959,0.949,0.959,0.971,0.927
5,A2_1,0.988,0.919,0.962,0.958,0.945,0.945,0.929,1.0,0.921,0.976,0.924,0.972,0.876,0.923,0.909,0.97
5,A2_2,0.944,0.98,0.95,0.951,0.94,0.889,0.963,0.921,1.0,0.912,0.969,0.967,0.964,0.981,0.931,0.901
5,A2_3,0.979,0.896,0.948,0.966,0.937,0.933,0.896,0.976,0.912,1.0,0.907,0.949,0.848,0.912,0.889,0.971
5,B2_1,0.936,0.968,0.968,0.951,0.96,0.938,0.977,0.924,0.969,0.907,1.0,0.967,0.955,0.968,0.968,0.935
5,B2_2,0.98,0.954,0.977,0.972,0.963,0.957,0.959,0.972,0.967,0.949,0.967,1.0,0.953,0.975,0.944,0.952
5,B2_3,0.898,0.941,0.925,0.924,0.936,0.893,0.949,0.876,0.964,0.848,0.955,0.953,1.0,0.981,0.947,0.853
5,y1,0.938,0.953,0.951,0.967,0.959,0.921,0.959,0.923,0.981,0.912,0.968,0.975,0.981,1.0,0.947,0.903
5,y2,0.903,0.947,0.966,0.908,0.978,0.94,0.971,0.909,0.931,0.889,0.968,0.944,0.947,0.947,1.0,0.905
5,y3,0.964,0.891,0.952,0.956,0.925,0.944,0.927,0.97,0.901,0.971,0.935,0.952,0.853,0.903,0.905,1.0
6,.,1.0,0.932,0.965,0.975,0.946,0.945,0.925,0.989,0.947,0.979,0.939,0.981,0.903,0.941,0.907,0.966
6,A1_1,0.932,1.0,0.959,0.921,0.954,0.889,0.974,0.924,0.981,0.902,0.969,0.955,0.944,0.956,0.949,0.896
6,A1_2,0.965,0.959,1.0,0.954,0.987,0.975,0.964,0.965,0.952,0.951,0.97,0.979,0.929,0.955,0.968,0.955
6,A1_3,0.975,0.921,0.954,1.0,0.949,0.945,0.928,0.96,0.954,0.967,0.954,0.974,0.929,0.968,0.913,0.959
6,B1_1,0.946,0.954,0.987,0.949,1.0,0.968,0.958,0.948,0.942,0.941,0.963,0.965,0.94,0.961,0.98,0.93
6,B1_2,0.945,0.889,0.975,0.945,0.968,1.0,0.915,0.947,0.893,0.935,0.942,0.959,0.899,0.926,0.943,0.948
6,B1_3,0.925,0.974,0.964,0.928,0.958,0.915,1.0,0.933,0.965,0.903,0.979,0.962,0.953,0.962,0.974,0.932
6,A2_1,0.989,0.924,0.965,0.96,0.948,0.947,0.933,1.0,0.925,0.978,0.928,0.973,0.882,0.927,0.914,0.972
6,A2_2,0.947,0.981,0.952,0.954,0.942,0.893,0.965,0.925,1.0,0.916,0.97,0.968,0.965,0.981,0.933,0.906
6,A2_3,0.979,0.902,0.951,0.967,0.941,0.935,0.903,0.978,0.916,1.0,0.911,0.951,0.856,0.916,0.893,0.972
6,B2_1,0.939,0.969,0.97,0.954,0.963,0.942,0.979,0.928,0.97,0.911,1.0,0.969,0.958,0.969,0.97,0.938
6,B2_2,0.981,0.955,0.979,0.974,0.965,0.959,0.962,0.973,0.968,0.951,0.969,1.0,0.956,0.976,0.947,0.955
6,B2_3,0.903,0.944,0.929,0.929,0.94,0.899,0.953,0.882,0.965,0.856,0.958,0.956,1.0,0.982,0.95,0.863
6,y1,0.941,0.956,0.955,0.968,0.961,0.926,0.962,0.927,0.981,0.916,0.969,0.976,0.982,1.0,0.95,0.908
6,y2,0.907,0.949,0.968,0.913,0.98,0.943,0.974,0.914,0.933,0.893,0.97,0.947,0.95,0.95,1.0,0.91
6,y3,0.966,0.896,0.955,0.959,0.93,0.948,0.932,0.972,0.906,0.972,0.938,0.955,0.863,0.908,0.91,1.0
7,.,1.0,0.935,0.966,0.976,0.948,0.945,0.929,0.989,0.95,0.98,0.941,0.981,0.907,0.943,0.91,0.967
7,A1_1,0.935,1.0,0.961,0.926,0.955,0.893,0.974,0.928,0.982,0.908,0.97,0.957,0.946,0.958,0.951,0.901
7,A1_2,0.966,0.961,1.0,0.957,0.987,0.976,0.967,0.967,0.955,0.954,0.972,0.98,0.933,0.958,0.969,0.958
7,A1_3,0.976,0.926,0.957,1.0,0.952,0.948,0.934,0.962,0.956,0.968,0.957,0.976,0.933,0.97,0.917,0.961
7,B1_1,0.948,0.955,0.987,0.952,1.0,0.97,0.961,0.951,0.944,0.943,0.965,0.967,0.944,0.963,0.981,0.934
7,B1_2,0.945,0.893,0.976,0.948,0.97,1.0,0.921,0.948,0.897,0.935,0.945,0.961,0.905,0.93,0.946,0.95
7,B1_3,0.929,0.974,0.967,0.934,0.961,0.921,1.0,0.937,0.965,0.908,0.981,0.965,0.957,0.965,0.976,0.937
7,A2_1,0.989,0.928,0.967,0.962,0.951,0.948,0.937,1.0,0.928,0.979,0.931,0.974,0.888,0.93,0.918,0.973
7,A2_2,0.95,0.982,0.955,0.956,0.944,0.897,0.965,0.928,1.0,0.921,0.97,0.969,0.966,0.982,0.935,0.91
7,A2_3,0.98,0.908,0.954,0.968,0.943,0.935,0.908,0.979,0.921,1.0,0.914,0.952,0.862,0.919,0.897,0.973
7,B2_1,0.941,0.97,0.972,0.957,0.965,0.945,0.981,0.931,0.97,0.914,1.0,0.971,0.961,0.97,0.971,0.941
7,B2_2,0.981,0.957,0.98,0.976,0.967,0.961,0.965,0.974,0.969,0.952,0.971,1.0,0.958,0.978,0.949,0.958
7,B2_3,0.907,0.946,0.933,0.933,0.944,0.905,0.957,0.888,0.966,0.862,0.961,0.958,1.0,0.983,0.953,0.871
7,y1,0.943,0.958,0.958,0.97,0.963,0.93,0.965,0.93,0.982,0.919,0.97,0.978,0.983,1.0,0.952,0.912
7,y2,0.91,0.951,0.969,0.917,0.981,0.946,0.976,0.918,0.935,0.897,0.971,0.949,0.953,0.952,1.0,0.914
7,y3,0.967,0.901,0.958,0.961,0.934,0.95,0.937,0.973,0.91,0.973,0.941,0.958,0.871,0.912,0.914,1.0
8,.,1.0,0.938,0.967,0.977,0.948,0.945,0.931,0.989,0.952,0.98,0.942,0.982,0.91,0.945,0.911,0.968
8,A1_1,0.938,1.0,0.963,0.929,0.956,0.896,0.975,0.931,0.982,0.912,0.97,0.958,0.947,0.959,0.952,0.905
8,A1_2,0.967,0.963,1.0,0.959,0.988,0.976,0.97,0.969,0.956,0.955,0.973,0.981,0.936,0.96,0.971,0.961
8,A1_3,0.977,0.929,0.959,1.0,0.954,0.949,0.937,0.964,0.958,0.968,0.958,0.977,0.936,0.971,0.92,0.963
8,B1_1,0.948,0.956,0.988,0.954,1.0,0.971,0.964,0.952,0.946,0.944,0.967,0.968,0.946,0.965,0.982,0.937
8,B1_2,0.945,0.896,0.976,0.949,0.971,1.0,0.926,0.949,0.9,0.935,0.948,0.963,0.909,0.933,0.949,0.952
8,B1_3,0.931,0.975,0.97,0.937,0.964,0.926,1.0,0.94,0.966,0.912,0.982,0.967,0.96,0.967,0.978,0.94
8,A2_1,0.989,0.931,0.969,0.964,0.952,0.949,0.94,1.0,0.931,0.979,0.933,0.975,0.892,0.933,0.92,0.974
8,A2_2,0.952,0.982,0.956,0.958,0.946,0.9,0.966,0.931,1.0,0.923,0.97,0.97,0.967,0.982,0.936,0.913
8,A2_3,0.98,0.912,0.955,0.968,0.944,0.935,0.912,0.979,0.923,1.0,0.916,0.953,0.866,0.921,0.899,0.973
8,B2_1,0.942,0.97,0.973,0.958,0.967,0.948,0.982,0.933,0.97,0.916,1.0,0.972,0.963,0.971,0.973,0.943
8,B2_2,0.982,0.958,0.981,0.977,0.968,0.963,0.967,0.975,0.97,0.953,0.972,1.0,0.96,0.978,0.951,0.96
8,B2_3,0.91,0.947,0.936,0.936,0.946,0.909,0.96,0.892,0.967,0.866,0.963,0.96,1.0,0.984,0.955,0.877
8,y1,0.945,0.959,0.96,0.971,0.965,0.933,0.967,0.933,0.982,0.921,0.971,0.978,0.984,1.0,0.953,0.916
8,y2,0.911,0.952,0.971,0.92,0.982,0.949,0.978,0.92,0.936,0.899,0.973,0.951,0.955,0.953,1.0,0.918
8,y3,0.968,0.905,0.961,0.963,0.937,0.952,0.94,0.974,0.913,0.973,0.943,0.96,0.877,0.916,0.918,1.0
9,.,1.0,0.94,0.968,0.977,0.948,0.945,0.933,0.989,0.954,0.98,0.943,0.981,0.912,0.946,0.912,0.968
9,A1_1,0.94,1.0,0.964,0.931,0.957,0.898,0.974,0.933,0.983,0.915,0.97,0.959,0.948,0.96,0.953,0.908
9,A1_2,0.968,0.964,1.0,0.961,0.988,0.976,0.971,0.97,0.958,0.957,0.974,0.982,0.938,0.962,0.971,0.962
9,A1_3,0.977,0.931,0.961,1.0,0.956,0.951,0.94,0.965,0.959,0.968,0.959,0.978,0.938,0.972,0.922,0.964
9,B1_1,0.948,0.957,0.988,0.956,1.0,0.972,0.966,0.954,0.947,0.944,0.969,0.97,0.949,0.967,0.983,0.939
9,B1_2,0.945,0.898,0.976,0.951,0.972,1.0,0.93,0.949,0.902,0.934,0.95,0.964,0.913,0.935,0.951,0.954
9,B1_3,0.933,0.974,0.971,0.94,0.966,0.93,1.0,0.941,0.966,0.914,0.983,0.968,0.962,0.968,0.979,0.942
9,A2_1,0.989,0.933,0.97,0.965,0.954,0.949,0.941,1.0,0.933,0.98,0.934,0.975,0.895,0.934,0.922,0.974
9,A2_2,0.954,0.983,0.958,0.959,0.947,0.902,0.966,0.933,1.0,0.926,0.97,0.971,0.967,0.982,0.937,0.915
9,A2_3,0.98,0.915,0.957,0.968,0.944,0.934,0.914,0.98,0.926,1.0,0.917,0.954,0.869,0.922,0.9,0.973
9,B2_1,0.943,0.97,0.974,0.959,0.969,0.95,0.983,0.934,0.97,0.917,1.0,0.973,0.964,0.972,0.974,0.945
9,B2_2,0.981,0.959,0.982,0.978,0.97,0.964,0.968,0.975,0.971,0.954,0.973,1.0,0.962,0.979,0.953,0.961
9,B2_3,0.912,0.948,0.938,0.938,0.949,0.913,0.962,0.895,0.967,0.869,0.964,0.962,1.0,0.985,0.957,0.881
9,y1,0.946,0.96,0.962,0.972,0.967,0.935,0.968,0.934,0.982,0.922,0.972,0.979,0.985,1.0,0.955,0.918
9,y2,0.912,0.953,0.971,0.922,0.983,0.951,0.979,0.922,0.937,0.9,0.974,0.953,0.957,0.955,1.0,0.92
9,y3,0.968,0.908,0.962,0.964,0.939,0.954,0.942,0.974,0.915,0.973,0.945,0.961,0.881,0.918,0.92,1.0
10,.,1.0,0.941,0.969,0.977,0.947,0.943,0.933,0.989,0.955,0.98,0.942,0.981,0.912,0.946,0.912,0.968
10,A1_1,0.941,1.0,0.965,0.933,0.957,0.899,0.974,0.935,0.983,0.917,0.97,0.959,0.948,0.961,0.952,0.91
10,A1_2,0.969,0.965,1.0,0.962,0.988,0.975,0.972,0.971,0.959,0.957,0.975,0.983,0.939,0.963,0.972,0.964
10,A1_3,0.977,0.933,0.962,1.0,0.957,0.951,0.942,0.965,0.96,0.968,0.96,0.979,0.94,0.973,0.923,0.965
10,B1_1,0.947,0.957,0.988,0.957,1.0,0.973,0.968,0.954,0.947,0.944,0.97,0.971,0.951,0.968,0.984,0.941
10,B1_2,0.943,0.899,0.975,0.951,0.973,1.0,0.934,0.949,0.903,0.932,0.952,0.965,0.916,0.937,0.952,0.955
10,B1_3,0.933,0.974,0.972,0.942,0.968,0.934,1.0,0.942,0.966,0.914,0.983,0.969,0.964,0.969,0.98,0.944
10,A2_1,0.989,0.935,0.971,0.965,0.954,0.949,0.942,1.0,0.935,0.98,0.935,0.975,0.896,0.935,0.922,0.975
10,A2_2,0.955,0.983,0.959,0.96,0.947,0.903,0.966,0.935,1.0,0.927,0.97,0.971,0.967,0.982,0.938,0.917
10,A2_3,0.98,0.917,0.957,0.968,0.944,0.932,0.914,0.98,0.927,1.0,0.916,0.953,0.869,0.923,0.9,0.972
10,B2_1,0.942,0.97,0.975,0.96,0.97,0.952,0.983,0.935,0.97,0.916,1.0,0.974,0.966,0.973,0.974,0.946
10,B2_2,0.981,0.959,0.983,0.979,0.971,0.965,0.969,0.975,0.971,0.953,0.974,1.0,0.962,0.98,0.954,0.962
10,B2_3,0.912,0.948,0.939,0.94,0.951,0.916,0.964,0.896,0.967,0.869,0.966,0.962,1.0,0.985,0.958,0.884
10,y1,0.946,0.961,0.963,0.973,0.968,0.937,0.969,0.935,0.982,0.923,0.973,0.98,0.985,1.0,0.956,0.92
10,y2,0.912,0.952,0.972,0.923,0.984,0.952,0.98,0.922,0.938,0.9,0.974,0.954,0.958,0.956,1.0,0.922
10,y3,0.968,0.91,0.964,0.965,0.941,0.955,0.944,0.975,0.917,0.972,0.946,0.962,0.884,0.92,0.922,1.0
11,.,1.0,0.942,0.968,0.977,0.946,0.941,0.933,0.989,0.956,0.979,0.941,0.98,0.911,0.946,0.911,0.968
11,A1_1,0.942,1.0,0.966,0.934,0.957,0.899,0.973,0.937,0.983,0.919,0.969,0.959,0.947,0.961,0.952,0.911
11,A1_2,0.968,0.966,1.0,0.963,0.988,0.975,0.973,0.972,0.96,0.957,0.975,0.983,0.94,0.964,0.972,0.965
11,A1_3,0.977,0.934,0.963,1.0,0.958,0.951,0.944,0.965,0.961,0.967,0.96,0.979,0.94,0.973,0.924,0.965
11,B1_1,0.946,0.957,0.988,0.958,1.0,0.974,0.969,0.954,0.948,0.943,0.971,0.971,0.952,0.969,0.984,0.942
11,B1_2,0.941,0.899,0.975,0.951,0.974,1.0,0.936,0.947,0.904,0.93,0.954,0.965,0.918,0.939,0.954,0.955
11,B1_3,0.933,0.973,0.973,0.944,0.969,0.936,1.0,0.942,0.965,0.914,0.984,0.97,0.965,0.97,0.981,0.945
11,A2_1,0.989,0.937,0.972,0.965,0.954,0.947,0.942,1.0,0.936,0.981,0.934,0.974,0.896,0.936,0.922,0.974
11,A2_2,0.956,0.983,0.96,0.961,0.948,0.904,0.965,0.936,1.0,0.928,0.969,0.971,0.966,0.982,0.938,0.918
11,A2_3,0.979,0.919,0.957,0.967,0.943,0.93,0.914,0.981,0.928,1.0,0.915,0.952,0.869,0.922,0.898,0.972
11,B2_1,0.941,0.969,0.975,0.96,0.971,0.954,0.984,0.934,0.969,0.915,1.0,0.974,0.967,0.973,0.975,0.946
11,B2_2,0.98,0.959,0.983,0.979,0.971,0.965,0.97,0.974,0.971,0.952,0.974,1.0,0.963,0.981,0.955,0.963
11,B2_3,0.911,0.947,0.94,0.94,0.952,0.918,0.965,0.896,0.966,0.869,0.967,0.963,1.0,0.986,0.959,0.887
11,y1,0.946,0.961,0.964,0.973,0.969,0.939,0.97,0.936,0.982,0.922,0.973,0.981,0.986,1.0,0.957,0.922
11,y2,0.911,0.952,0.972,0.924,0.984,0.954,0.981,0.922,0.938,0.898,0.975,0.955,0.959,0.957,1.0,0.923
11,y3,0.968,0.911,0.965,0.965,0.942,0.955,0.945,0.974,0.918,0.972,0.946,0.963,0.887,0.922,0.923,1.0
12,.,1.0,0.943,0.968,0.976,0.943,0.937,0.931,0.988,0.957,0.979,0.939,0.978,0.909,0.945,0.909,0.967
12,A1_1,0.943,1.0,0.966,0.935,0.956,0.899,0.972,0.938,0.983,0.92,0.968,0.959,0.947,0.961,0.951,0.912
12,A1_2,0.968,0.966,1.0,0.964,0.988,0.974,0.973,0.972,0.961,0.957,0.975,0.983,0.941,0.965,0.972,0.966
12,A1_3,0.976,0.935,0.964,1.0,0.959,0.951,0.944,0.965,0.962,0.966,0.961,0.98,0.941,0.974,0.924,0.965
12,B1_1,0.943,0.956,0.988,0.959,1.0,0.975,0.97,0.953,0.947,0.941,0.972,0.972,0.953,0.969,0.985,0.943
12,B1_2,0.937,0.899,0.974,0.951,0.975,1.0,0.938,0.945,0.904,0.926,0.955,0.966,0.92,0.94,0.955,0.955
12,B1_3,0.931,0.972,0.973,0.944,0.97,0.938,1.0,0.942,0.965,0.912,0.984,0.97,0.966,0.97,0.981,0.946
12,A2_1,0.988,0.938,0.972,0.965,0.953,0.945,0.942,1.0,0.937,0.981,0.933,0.973,0.896,0.936,0.921,0.974
12,A2_2,0.957,0.983,0.961,0.962,0.947,0.904,0.965,0.937,1.0,0.929,0.968,0.971,0.966,0.982,0.937,0.919
12,A2_3,0.979,0.92,0.957,0.966,0.941,0.926,0.912,0.981,0.929,1.0,0.912,0.95,0.867,0.921,0.896,0.97
12,B2_1,0.939,0.968,0.975,0.961,0.972,0.955,0.984,0.933,0.968,0.912,1.0,0.975,0.967,0.974,0.976,0.947
12,B2_2,0.978,0.959,0.983,0.98,0.972,0.966,0.97,0.973,0.971,0.95,0.975,1.0,0.964,0.981,0.956,0.963
12,B2_3,0.909,0.947,0.941,0.941,0.953,0.92,0.966,0.896,0.966,0.867,0.967,0.964,1.0,0.986,0.96,0.888
12,y1,0.945,0.961,0.965,0.974,0.969,0.94,0.97,0.936,0.982,0.921,0.974,0.981,0.986,1.0,0.957,0.923
12,y2,0.909,0.951,0.972,0.924,0.985,0.955,0.981,0.921,0.937,0.896,0.976,0.956,0.96,0.957,1.0,0.924
12,y3,0.967,0.912,0.966,0.965,0.943,0.955,0.946,0.974,0.919,0.97,0.947,0.963,0.888,0.923,0.924,1.0
13,.,1.0,0.943,0.967,0.975,0.94,0.933,0.929,0.988,0.957,0.978,0.936,0.976,0.906,0.943,0.905,0.966
13,A1_1,0.943,1.0,0.967,0.936,0.955,0.898,0.971,0.939,0.983,0.92,0.967,0.959,0.945,0.96,0.95,0.913
13,A1_2,0.967,0.967,1.0,0.964,0.987,0.973,0.974,0.972,0.961,0.956,0.975,0.983,0.941,0.965,0.971,0.966
13,A1_3,0.975,0.936,0.964,1.0,0.959,0.951,0.945,0.964,0.962,0.964,0.96,0.98,0.941,0.974,0.924,0.965
13,B1_1,0.94,0.955,0.987,0.959,1.0,0.975,0.971,0.951,0.947,0.937,0.972,0.972,0.954,0.97,0.985,0.943
13,B1_2,0.933,0.898,0.973,0.951,0.975,1.0,0.94,0.942,0.903,0.921,0.956,0.966,0.922,0.941,0.956,0.955
13,B1_3,0.929,0.971,0.974,0.945,0.971,0.94,1.0,0.94,0.964,0.91,0.985,0.971,0.967,0.971,0.982,0.946
13,A2_1,0.988,0.939,0.972,0.964,0.951,0.942,0.94,1.0,0.937,0.98,0.931,0.972,0.894,0.935,0.92,0.973
13,A2_2,0.957,0.983,0.961,0.962,0.947,0.903,0.964,0.937,1.0,0.929,0.967,0.971,0.964,0.982,0.936,0.92
13,A2_3,0.978,0.92,0.956,0.964,0.937,0.921,0.91,0.98,0.929,1.0,0.909,0.948,0.863,0.919,0.893,0.969
13,B2_1,0.936,0.967,0.975,0.96,0.972,0.956,0.985,0.931,0.967,0.909,1.0,0.975,0.968,0.974,0.976,0.946
13,B2_2,0.976,0.959,0.983,0.98,0.972,0.966,0.971,0.972,0.971,0.948,0.975,1.0,0.964,0.981,0.956,0.963
13,B2_3,0.906,0.945,0.941,0.941,0.954,0.922,0.967,0.894,0.964,0.863,0.968,0.964,1.0,0.986,0.961,0.888
13,y1,0.943,0.96,0.965,0.974,0.97,0.941,0.971,0.935,0.982,0.919,0.974,0.981,0.986,1.0,0.957,0.923
13,y2,0.905,0.95,0.971,0.924,0.985,0.956,0.982,0.92,0.936,0.893,0.976,0.956,0.961,0.957,1.0,0.924
13,y3,0.966,0.913,0.966,0.965,0.943,0.955,0.946,0.973,0.92,0.969,0.946,0.963,0.888,0.923,0.924,1.0
14,.,1.0,0.943,0.966,0.973,0.936,0.928,0.925,0.987,0.957,0.977,0.932,0.974,0.902,0.941,0.901,0.965
14,A1_1,0.943,1.0,0.967,0.936,0.954,0.896,0.969,0.94,0.983,0.921,0.965,0.958,0.943,0.96,0.948,0.913
14,A1_2,0.966,0.967,1.0,0.965,0.986,0.972,0.973,0.972,0.961,0.955,0.974,0.983,0.94,0.965,0.971,0.967
14,A1_3,0.973,0.936,0.965,1.0,0.959,0.95,0.945,0.963,0.962,0.962,0.96,0.98,0.94,0.974,0.924,0.965
14,B1_1,0.936,0.954,0.986,0.959,1.0,0.976,0.972,0.949,0.946,0.933,0.973,0.973,0.955,0.97,0.985,0.943
14,B1_2,0.928,0.896,0.972,0.95,0.976,1.0,0.941,0.939,0.902,0.915,0.957,0.966,0.923,0.942,0.957,0.954
14,B1_3,0.925,0.969,0.973,0.945,0.972,0.941,1.0,0.938,0.962,0.906,0.985,0.971,0.967,0.971,0.982,0.946
14,A2_1,0.987,0.94,0.972,0.963,0.949,0.939,0.938,1.0,0.938,0.98,0.928,0.971,0.891,0.933,0.917,0.973
14,A2_2,0.957,0.983,0.961,0.962,0.946,0.902,0.962,0.938,1.0,0.928,0.966,0.97,0.963,0.981,0.935,0.92
14,A2_3,0.977,0.921,0.955,0.962,0.933,0.915,0.906,0.98,0.928,1.0,0.904,0.945,0.859,0.916,0.889,0.967
14,B2_1,0.932,0.965,0.974,0.96,0.973,0.957,0.985,0.928,0.966,0.904,1.0,0.975,0.968,0.974,0.976,0.946
14,B2_2,0.974,0.958,0.983,0.98,0.973,0.966,0.971,0.971,0.97,0.945,0.975,1.0,0.964,0.982,0.957,0.963
14,B2_3,0.902,0.943,0.94,0.94,0.955,0.923,0.967,0.891,0.963,0.859,0.968,0.964,1.0,0.986,0.962,0.888
14,y1,0.941,0.96,0.965,0.974,0.97,0.942,0.971,0.933,0.981,0.916,0.974,0.982,0.986,1.0,0.958,0.923
14,y2,0.901,0.948,0.971,0.924,0.985,0.957,0.982,0.917,0.935,0.889,0.976,0.957,0.962,0.958,1.0,0.924
14,y3,0.965,0.913,0.967,0.965,0.943,0.954,0.946,0.973,0.92,0.967,0.946,0.963,0.888,0.923,0.924,1.0
15,.,1.0,0.942,0.964,0.971,0.931,0.921,0.92,0.987,0.956,0.976,0.927,0.971,0.897,0.938,0.896,0.963
15,A1_1,0.942,1.0,0.967,0.936,0.952,0.895,0.967,0.94,0.983,0.92,0.963,0.958,0.941,0.959,0.946,0.913
15,A1_2,0.964,0.967,1.0,0.965,0.986,0.97,0.973,0.972,0.962,0.954,0.973,0.983,0.939,0.966,0.97,0.967
15,A1_3,0.971,0.936,0.965,1.0,0.958,0.949,0.944,0.962,0.962,0.96,0.959,0.979,0.939,0.974,0.923,0.965
15,B1_1,0.931,0.952,0.986,0.958,1.0,0.976,0.973,0.946,0.945,0.928,0.974,0.973,0.956,0.971,0.986,0.943
15,B1_2,0.921,0.895,0.97,0.949,0.976,1.0,0.943,0.934,0.901,0.908,0.957,0.966,0.924,0.943,0.958,0.953
15,B1_3,0.92,0.967,0.973,0.944,0.973,0.943,1.0,0.935,0.961,0.901,0.985,0.971,0.968,0.971,0.983,0.945
15,A2_1,0.987,0.94,0.972,0.962,0.946,0.934,0.935,1.0,0.938,0.98,0.925,0.968,0.887,0.932,0.914,0.972
15,A2_2,0.956,0.983,0.962,0.962,0.945,0.901,0.961,0.938,1.0,0.927,0.964,0.97,0.961,0.98,0.933,0.92
15,A2_3,0.976,0.92,0.954,0.96,0.928,0.908,0.901,0.98,0.927,1.0,0.898,0.941,0.852,0.913,0.883,0.964
15,B2_1,0.927,0.963,0.973,0.959,0.974,0.957,0.985,0.925,0.964,0.898,1.0,0.975,0.969,0.974,0.977,0.945
15,B2_2,0.971,0.958,0.983,0.979,0.973,0.966,0.971,0.968,0.97,0.941,0.975,1.0,0.964,0.982,0.957,0.963
15,B2_3,0.897,0.941,0.939,0.939,0.956,0.924,0.968,0.887,0.961,0.852,0.969,0.964,1.0,0.985,0.962,0.887
15,y1,0.938,0.959,0.966,0.974,0.971,0.943,0.971,0.932,0.98,0.913,0.974,0.982,0.985,1.0,0.958,0.923
15,y2,0.896,0.946,0.97,0.923,0.986,0.958,0.983,0.914,0.933,0.883,0.977,0.957,0.962,0.958,1.0,0.923
15,y3,0.963,0.913,0.967,0.965,0.943,0.953,0.945,0.972,0.92,0.964,0.945,0.963,0.887,0.923,0.923,1.0
16,.,1.0,0.942,0.962,0.969,0.924,0.913,0.914,0.986,0.956,0.975,0.92,0.966,0.89,0.934,0.889,0.96
16,A1_1,0.942,1.0,0.967,0.936,0.95,0.892,0.965,0.941,0.983,0.92,0.961,0.957,0.938,0.958,0.944,0.913
16,A1_2,0.962,0.967,1.0,0.965,0.984,0.968,0.972,0.971,0.962,0.952,0.972,0.983,0.938,0.966,0.969,0.967
16,A1_3,0.969,0.936,0.965,1.0,0.958,0.947,0.943,0.96,0.963,0.957,0.958,0.979,0.938,0.974,0.922,0.964
16,B1_1,0.924,0.95,0.984,0.958,1.0,0.976,0.973,0.942,0.943,0.922,0.974,0.973,0.957,0.971,0.986,0.942
16,B1_2,0.913,0.892,0.968,0.947,0.976,1.0,0.944,0.929,0.899,0.9,0.958,0.966,0.925,0.943,0.958,0.952
16,B1_3,0.914,0.965,0.972,0.943,0.973,0.944,1.0,0.931,0.959,0.895,0.985,0.971,0.968,0.971,0.983,0.945
16,A2_1,0.986,0.941,0.971,0.96,0.942,0.929,0.931,1.0,0.937,0.98,0.92,0.966,0.882,0.929,0.91,0.97
16,A2_2,0.956,0.983,0.962,0.963,0.943,0.899,0.959,0.937,1.0,0.926,0.962,0.969,0.958,0.979,0.932,0.92
16,A2_3,0.975,0.92,0.952,0.957,0.922,0.9,0.895,0.98,0.926,1.0,0.891,0.937,0.845,0.908,0.877,0.961
16,B2_1,0.92,0.961,0.972,0.958,0.974,0.958,0.985,0.92,0.962,0.891,1.0,0.975,0.969,0.974,0.977,0.943
16,B2_2,0.966,0.957,0.983,0.979,0.973,0.966,0.971,0.966,0.969,0.937,0.975,1.0,0.963,0.983,0.958,0.962
16,B2_3,0.89,0.938,0.938,0.938,0.957,0.925,0.968,0.882,0.958,0.845,0.969,0.963,1.0,0.985,0.963,0.886
16,y1,0.934,0.958,0.966,0.974,0.971,0.943,0.971,0.929,0.979,0.908,0.974,0.983,0.985,1.0,0.958,0.923
16,y2,0.889,0.944,0.969,0.922,0.986,0.958,0.983,0.91,0.932,0.877,0.977,0.958,0.963,0.958,1.0,0.922
16,y3,0.96,0.913,0.967,0.964,0.942,0.952,0.945,0.97,0.92,0.961,0.943,0.962,0.886,0.923,0.922,1.0
17,.,1.0,0.94,0.959,0.966,0.915,0.904,0.906,0.985,0.954,0.974,0.912,0.961,0.88,0.928,0.881,0.957
17,A1_1,0.94,1.0,0.967,0.936,0.947,0.889,0.962,0.941,0.983,0.919,0.958,0.955,0.935,0.956,0.941,0.913
17,A1_2,0.959,0.967,1.0,0.965,0.983,0.966,0.971,0.97,0.962,0.949,0.971,0.983,0.936,0.965,0.968,0.967
17,A1_3,0.966,0.936,0.965,1.0,0.957,0.945,0.942,0.959,0.962,0.953,0.956,0.979,0.936,0.973,0.921,0.964
17,B1_1,0.915,0.947,0.983,0.957,1.0,0.977,0.974,0.936,0.941,0.914,0.975,0.973,0.957,0.971,0.986,0.941
17,B1_2,0.904,0.889,0.966,0.945,0.977,1.0,0.945,0.922,0.897,0.89,0.959,0.965,0.925,0.943,0.959,0.95
17,B1_3,0.906,0.962,0.971,0.942,0.974,0.945,1.0,0.926,0.957,0.886,0.985,0.97,0.969,0.971,0.983,0.943
17,A2_1,0.985,0.941,0.97,0.959,0.936,0.922,0.926,1.0,0.937,0.979,0.914,0.962,0.875,0.926,0.905,0.969
17,A2_2,0.954,0.983,0.962,0.962,0.941,0.897,0.957,0.937,1.0,0.924,0.96,0.968,0.955,0.978,0.929,0.92
17,A2_3,0.974,0.919,0.949,0.953,0.914,0.89,0.886,0.979,0.924,1.0,0.882,0.931,0.835,0.902,0.868,0.958
17,B2_1,0.912,0.958,0.971,0.956,0.975,0.959,0.985,0.914,0.96,0.882,1.0,0.974,0.969,0.974,0.977,0.942
17,B2_2,0.961,0.955,0.983,0.979,0.973,0.965,0.97,0.962,0.968,0.931,0.974,1.0,0.963,0.983,0.958,0.961
17,B2_3,0.88,0.935,0.936,0.936,0.957,0.925,0.969,0.875,0.955,0.835,0.969,0.963,1.0,0.985,0.963,0.884
17,y1,0.928,0.956,0.965,0.973,0.971,0.943,0.971,0.926,0.978,0.902,0.974,0.983,0.985,1.0,0.957,0.922
17,y2,0.881,0.941,0.968,0.921,0.986,0.959,0.983,0.905,0.929,0.868,0.977,0.958,0.963,0.957,1.0,0.921
17,y3,0.957,0.913,0.967,0.964,0.941,0.95,0.943,0.969,0.92,0.958,0.942,0.961,0.884,0.922,0.921,1.0
18,.,1.0,0.938,0.956,0.962,0.904,0.892,0.896,0.984,0.952,0.973,0.901,0.954,0.868,0.921,0.871,0.953
18,A1_1,0.938,1.0,0.967,0.936,0.944,0.885,0.958,0.94,0.983,0.917,0.954,0.954,0.931,0.955,0.938,0.912
18,A1_2,0.956,0.967,1.0,0.965,0.981,0.964,0.969,0.969,0.962,0.946,0.969,0.983,0.934,0.965,0.966,0.968
18,A1_3,0.962,0.936,0.965,1.0,0.955,0.943,0.94,0.956,0.962,0.949,0.954,0.978,0.934,0.973,0.919,0.963
18,B1_1,0.904,0.944,0.981,0.955,1.0,0.977,0.974,0.93,0.938,0.903,0.975,0.973,0.958,0.971,0.986,0.94
18,B1_2,0.892,0.885,0.964,0.943,0.977,1.0,0.946,0.914,0.893,0.878,0.959,0.965,0.926,0.943,0.959,0.948
18,B1_3,0.896,0.958,0.969,0.94,0.974,0.946,1.0,0.919,0.954,0.876,0.985,0.97,0.969,0.97,0.983,0.941
18,A2_1,0.984,0.94,0.969,0.956,0.93,0.914,0.919,1.0,0.935,0.979,0.907,0.958,0.867,0.922,0.899,0.967
18,A2_2,0.952,0.983,0.962,0.962,0.938,0.893,0.954,0.935,1.0,0.921,0.957,0.967,0.952,0.977,0.926,0.919
18,A2_3,0.973,0.917,0.946,0.949,0.903,0.878,0.876,0.979,0.921,1.0,0.871,0.923,0.823,0.895,0.858,0.954
18,B2_1,0.901,0.954,0.969,0.954,0.975,0.959,0.985,0.907,0.957,0.871,1.0,0.974,0.969,0.974,0.977,0.939
18,B2_2,0.954,0.954,0.983,0.978,0.973,0.965,0.97,0.958,0.967,0.923,0.974,1.0,0.962,0.983,0.958,0.96
18,B2_3,0.868,0.931,0.934,0.934,0.958,0.926,0.969,0.867,0.952,0.823,0.969,0.962,1.0,0.984,0.963,0.881
18,y1,0.921,0.955,0.965,0.973,0.971,0.943,0.97,0.922,0.977,0.895,0.974,0.983,0.984,1.0,0.957,0.921
18,y2,0.871,0.938,0.966,0.919,0.986,0.959,0.983,0.899,0.926,0.858,0.977,0.958,0.963,0.957,1.0,0.92
18,y3,0.953,0.912,0.968,0.963,0.94,0.948,0.941,0.967,0.919,0.954,0.939,0.96,0.881,0.921,0.92,1.0
19,.,1.0,0.936,0.951,0.957,0.891,0.877,0.883,0.983,0.949,0.971,0.888,0.946,0.854,0.913,0.858,0.948
19,A1_1,0.936,1.0,0.967,0.935,0.94,0.881,0.954,0.94,0.983,0.916,0.95,0.952,0.926,0.953,0.934,0.912
19,A1_2,0.951,0.967,1.0,0.965,0.979,0.961,0.967,0.968,0.962,0.942,0.966,0.982,0.931,0.965,0.964,0.968
19,A1_3,0.957,0.935,0.965,1.0,0.953,0.94,0.938,0.953,0.962,0.944,0.952,0.977,0.931,0.972,0.917,0.962
19,B1_1,0.891,0.94,0.979,0.953,1.0,0.977,0.975,0.922,0.935,0.891,0.975,0.973,0.958,0.971,0.987,0.938
19,B1_2,0.877,0.881,0.961,0.94,0.977,1.0,0.946,0.905,0.89,0.863,0.96,0.964,0.926,0.943,0.96,0.945
19,B1_3,0.883,0.954,0.967,0.938,0.975,0.946,1.0,0.911,0.95,0.864,0.985,0.969,0.969,0.97,0.983,0.939
19,A2_1,0.983,0.94,0.968,0.953,0.922,0.905,0.911,1.0,0.934,0.978,0.899,0.953,0.857,0.917,0.891,0.964
19,A2_2,0.949,0.983,0.962,0.962,0.935,0.89,0.95,0.934,1.0,0.918,0.953,0.966,0.948,0.976,0.923,0.919
19,A2_3,0.971,0.916,0.942,0.944,0.891,0.863,0.864,0.978,0.918,1.0,0.858,0.915,0.809,0.887,0.847,0.949
19,B2_1,0.888,0.95,0.966,0.952,0.975,0.96,0.985,0.899,0.953,0.858,1.0,0.973,0.97,0.973,0.978,0.937
19,B2_2,0.946,0.952,0.982,0.977,0.973,0.964,0.969,0.953,0.966,0.915,0.973,1.0,0.961,0.983,0.958,0.959
19,B2_3,0.854,0.926,0.931,0.931,0.958,0.926,0.969,0.857,0.948,0.809,0.97,0.961,1.0,0.983,0.963,0.877
19,y1,0.913,0.953,0.965,0.972,0.971,0.943,0.97,0.917,0.976,0.887,0.973,0.983,0.983,1.0,0.957,0.92
19,y2,0.858,0.934,0.964,0.917,0.987,0.96,0.983,0.891,0.923,0.847,0.978,0.958,0.963,0.957,1.0,0.918
19,y3,0.948,0.912,0.968,0.962,0.938,0.945,0.939,0.964,0.919,0.949,0.937,0.959,0.877,0.92,0.918,1.0
20,.,1.0,0.932,0.946,0.951,0.875,0.859,0.868,0.981,0.946,0.97,0.872,0.935,0.837,0.903,0.843,0.942
20,A1_1,0.932,1.0,0.967,0.935,0.935,0.875,0.95,0.939,0.982,0.913,0.945,0.95,0.92,0.951,0.93,0.911
20,A1_2,0.946,0.967,1.0,0.964,0.976,0.957,0.965,0.965,0.961,0.937,0.963,0.981,0.927,0.964,0.962,0.968
20,A1_3,0.951,0.935,0.964,1.0,0.95,0.936,0.935,0.95,0.962,0.938,0.949,0.976,0.927,0.972,0.914,0.961
20,B1_1,0.875,0.935,0.976,0.95,1.0,0.978,0.975,0.912,0.932,0.877,0.976,0.973,0.959,0.971,0.987,0.935
20,B1_2,0.859,0.875,0.957,0.936,0.978,1.0,0.947,0.893,0.885,0.847,0.96,0.963,0.927,0.943,0.96,0.941
20,B1_3,0.868,0.95,0.965,0.935,0.975,0.947,1.0,0.901,0.946,0.849,0.985,0.968,0.969,0.969,0.984,0.936
20,A2_1,0.981,0.939,0.965,0.95,0.912,0.893,0.901,1.0,0.932,0.978,0.888,0.947,0.845,0.911,0.882,0.961
20,A2_2,0.946,0.982,0.961,0.962,0.932,0.885,0.946,0.932,1.0,0.914,0.949,0.964,0.943,0.974,0.919,0.918
20,A2_3,0.97,0.913,0.937,0.938,0.877,0.847,0.849,0.978,0.914,1.0,0.843,0.905,0.792,0.877,0.833,0.943
20,B2_1,0.872,0.945,0.963,0.949,0.976,0.96,0.985,0.888,0.949,0.843,1.0,0.973,0.97,0.973,0.978,0.934
20,B2_2,0.935,0.95,0.981,0.976,0.973,0.963,0.968,0.947,0.964,0.905,0.973,1.0,0.96,0.984,0.958,0.958
20,B2_3,0.837,0.92,0.927,0.927,0.959,0.927,0.969,0.845,0.943,0.792,0.97,0.96,1.0,0.982,0.963,0.873
20,y1,0.903,0.951,0.964,0.972,0.971,0.943,0.969,0.911,0.974,0.877,0.973,0.984,0.982,1.0,0.956,0.919
20,y2,0.843,0.93,0.962,0.914,0.987,0.96,0.984,0.882,0.919,0.833,0.978,0.958,0.963,0.956,1.0,0.915
20,y3,0.942,0.911,0.968,0.961,0.935,0.941,0.936,0.961,0.918,0.943,0.934,0.958,0.873,0.919,0.915,1.0
21,.,1.0,0.928,0.939,0.943,0.856,0.838,0.849,0.98,0.941,0.968,0.853,0.922,0.816,0.89,0.825,0.935
21,A1_1,0.928,1.0,0.966,0.934,0.93,0.869,0.944,0.938,0.982,0.91,0.939,0.947,0.913,0.948,0.925,0.91
21,A1_2,0.939,0.966,1.0,0.964,0.972,0.953,0.961,0.963,0.961,0.931,0.96,0.98,0.923,0.963,0.959,0.968
21,A1_3,0.943,0.934,0.964,1.0,0.947,0.932,0.931,0.946,0.962,0.931,0.945,0.975,0.922,0.971,0.911,0.96
21,B1_1,0.856,0.93,0.972,0.947,1.0,0.978,0.975,0.9,0.927,0.859,0.976,0.972,0.959,0.971,0.987,0.931
21,B1_2,0.838,0.869,0.953,0.932,0.978,1.0,0.948,0.879,0.88,0.827,0.96,0.962,0.927,0.942,0.961,0.937
21,B1_3,0.849,0.944,0.961,0.931,0.975,0.948,1.0,0.888,0.942,0.831,0.985,0.967,0.969,0.968,0.984,0.932
21,A2_1,0.98,0.938,0.963,0.946,0.9,0.879,0.888,1.0,0.93,0.977,0.876,0.939,0.831,0.903,0.871,0.958
21,A2_2,0.941,0.982,0.961,0.962,0.927,0.88,0.942,0.93,1.0,0.909,0.944,0.962,0.937,0.972,0.915,0.917
21,A2_3,0.968,0.91,0.931,0.931,0.859,0.827,0.831,0.977,0.909,1.0,0.825,0.892,0.772,0.865,0.817,0.936
21,B2_1,0.853,0.939,0.96,0.945,0.976,0.96,0.985,0.876,0.944,0.825,1.0,0.972,0.97,0.972,0.978,0.93
21,B2_2,0.922,0.947,0.98,0.975,0.972,0.962,0.967,0.939,0.962,0.892,0.972,1.0,0.959,0.984,0.958,0.956
21,B2_3,0.816,0.913,0.923,0.922,0.959,0.927,0.969,0.831,0.937,0.772,0.97,0.959,1.0,0.981,0.963,0.868
21,y1,0.89,0.948,0.963,0.971,0.971,0.942,0.968,0.903,0.972,0.865,0.972,0.984,0.981,1.0,0.956,0.917
21,y2,0.825,0.925,0.959,0.911,0.987,0.961,0.984,0.871,0.915,0.817,0.978,0.958,0.963,0.956,1.0,0.913
21,y3,0.935,0.91,0.968,0.96,0.931,0.937,0.932,0.958,0.917,0.936,0.93,0.956,0.868,0.917,0.913,1.0
22,.,1.0,0.922,0.93,0.934,0.831,0.812,0.825,0.978,0.934,0.967,0.829,0.906,0.791,0.875,0.804,0.925
22,A1_1,0.922,1.0,0.966,0.933,0.923,0.862,0.937,0.937,0.982,0.906,0.932,0.944,0.905,0.945,0.919,0.909
22,A1_2,0.93,0.966,1.0,0.964,0.968,0.948,0.957,0.959,0.961,0.924,0.956,0.979,0.918,0.962,0.956,0.967
22,A1_3,0.934,0.933,0.964,1.0,0.943,0.926,0.926,0.942,0.962,0.923,0.94,0.973,0.917,0.969,0.907,0.959
22,B1_1,0.831,0.923,0.968,0.943,1.0,0.978,0.976,0.885,0.922,0.838,0.976,0.972,0.959,0.97,0.987,0.927
22,B1_2,0.812,0.862,0.948,0.926,0.978,1.0,0.949,0.862,0.874,0.803,0.961,0.961,0.928,0.941,0.961,0.932
22,B1_3,0.825,0.937,0.957,0.926,0.976,0.949,1.0,0.873,0.936,0.809,0.985,0.966,0.969,0.967,0.984,0.927
22,A2_1,0.978,0.937,0.959,0.942,0.885,0.862,0.873,1.0,0.927,0.976,0.86,0.929,0.814,0.895,0.858,0.954
22,A2_2,0.934,0.982,0.961,0.962,0.922,0.874,0.936,0.927,1.0,0.903,0.938,0.959,0.931,0.97,0.91,0.916
22,A2_3,0.967,0.906,0.924,0.923,0.838,0.803,0.809,0.976,0.903,1.0,0.803,0.877,0.749,0.851,0.798,0.928
22,B2_1,0.829,0.932,0.956,0.94,0.976,0.961,0.985,0.86,0.938,0.803,1.0,0.971,0.97,0.971,0.978,0.925
22,B2_2,0.906,0.944,0.979,0.973,0.972,0.961,0.966,0.929,0.959,0.877,0.971,1.0,0.958,0.984,0.958,0.953
22,B2_3,0.791,0.905,0.918,0.917,0.959,0.928,0.969,0.814,0.931,0.749,0.97,0.958,1.0,0.979,0.963,0.862
22,y1,0.875,0.945,0.962,0.969,0.97,0.941,0.967,0.895,0.97,0.851,0.971,0.984,0.979,1.0,0.955,0.915
22,y2,0.804,0.919,0.956,0.907,0.987,0.961,0.984,0.858,0.91,0.798,0.978,0.958,0.963,0.955,1.0,0.909
22,y3,0.925,0.909,0.967,0.959,0.927,0.932,0.927,0.954,0.916,0.928,0.925,0.953,0.862,0.915,0.909,1.0
23,.,1.0,0.914,0.919,0.923,0.802,0.781,0.795,0.975,0.926,0.965,0.8,0.885,0.76,0.856,0.778,0.914
23,A1_1,0.914,1.0,0.966,0.932,0.915,0.853,0.929,0.935,0.981,0.901,0.924,0.94,0.896,0.942,0.913,0.908
23,A1_2,0.919,0.966,1.0,0.963,0.963,0.942,0.952,0.955,0.961,0.916,0.95,0.977,0.912,0.961,0.952,0.967
23,A1_3,0.923,0.932,0.963,1.0,0.938,0.92,0.92,0.936,0.961,0.914,0.935,0.97,0.91,0.968,0.902,0.957
23,B1_1,0.802,0.915,0.963,0.938,1.0,0.979,0.976,0.867,0.915,0.813,0.976,0.971,0.959,0.969,0.987,0.922
23,B1_2,0.781,0.853,0.942,0.92,0.979,1.0,0.949,0.843,0.866,0.776,0.961,0.96,0.928,0.94,0.961,0.926
23,B1_3,0.795,0.929,0.952,0.92,0.976,0.949,1.0,0.855,0.929,0.784,0.985,0.965,0.97,0.966,0.984,0.922
23,A2_1,0.975,0.935,0.955,0.936,0.867,0.843,0.855,1.0,0.924,0.976,0.842,0.918,0.794,0.884,0.843,0.949
23,A2_2,0.926,0.981,0.961,0.961,0.915,0.866,0.929,0.924,1.0,0.896,0.931,0.956,0.923,0.968,0.905,0.915
23,A2_3,0.965,0.901,0.916,0.914,0.813,0.776,0.784,0.976,0.896,1.0,0.778,0.859,0.721,0.835,0.777,0.92
23,B2_1,0.8,0.924,0.95,0.935,0.976,0.961,0.985,0.842,0.931,0.778,1.0,0.97,0.97,0.97,0.978,0.919
23,B2_2,0.885,0.94,0.977,0.97,0.971,0.96,0.965,0.918,0.956,0.859,0.97,1.0,0.956,0.984,0.958,0.951
23,B2_3,0.76,0.896,0.912,0.91,0.959,0.928,0.97,0.794,0.923,0.721,0.97,0.956,1.0,0.977,0.963,0.854
23,y1,0.856,0.942,0.961,0.968,0.969,0.94,0.966,0.884,0.968,0.835,0.97,0.984,0.977,1.0,0.954,0.913
23,y2,0.778,0.913,0.952,0.902,0.987,0.961,0.984,0.843,0.905,0.777,0.978,0.958,0.963,0.954,1.0,0.905
23,y3,0.914,0.908,0.967,0.957,0.922,0.926,0.922,0.949,0.915,0.92,0.919,0.951,0.854,0.913,0.905,1.0
24,.,1.0,0.905,0.906,0.911,0.766,0.744,0.76,0.972,0.915,0.963,0.766,0.86,0.723,0.833,0.747,0.901
24,A1_1,0.905,1.0,0.965,0.931,0.905,0.843,0.919,0.932,0.981,0.895,0.915,0.935,0.885,0.938,0.906,0.907
24,A1_2,0.906,0.965,1.0,0.962,0.957,0.935,0.946,0.951,0.96,0.907,0.944,0.975,0.904,0.959,0.948,0.967
24,A1_3,0.911,0.931,0.962,1.0,0.931,0.912,0.913,0.931,0.961,0.904,0.928,0.968,0.902,0.966,0.897,0.956
24,B1_1,0.766,0.905,0.957,0.931,1.0,0.979,0.976,0.846,0.907,0.784,0.977,0.97,0.96,0.968,0.987,0.915
24,B1_2,0.744,0.843,0.935,0.912,0.979,1.0,0.95,0.82,0.858,0.745,0.961,0.959,0.929,0.939,0.962,0.918
24,B1_3,0.76,0.919,0.946,0.913,0.976,0.95,1.0,0.833,0.921,0.754,0.985,0.963,0.97,0.964,0.984,0.914
24,A2_1,0.972,0.932,0.951,0.931,0.846,0.82,0.833,1.0,0.919,0.975,0.821,0.904,0.771,0.872,0.826,0.944
24,A2_2,0.915,0.981,0.96,0.961,0.907,0.858,0.921,0.919,1.0,0.888,0.923,0.952,0.914,0.965,0.899,0.913
24,A2_3,0.963,0.895,0.907,0.904,0.784,0.745,0.754,0.975,0.888,1.0,0.749,0.839,0.69,0.817,0.752,0.91
24,B2_1,0.766,0.915,0.944,0.928,0.977,0.961,0.985,0.821,0.923,0.749,1.0,0.969,0.97,0.968,0.978,0.912
24,B2_2,0.86,0.935,0.975,0.968,0.97,0.959,0.963,0.904,0.952,0.839,0.969,1.0,0.955,0.985,0.959,0.947
24,B2_3,0.723,0.885,0.904,0.902,0.96,0.929,0.97,0.771,0.914,0.69,0.97,0.955,1.0,0.975,0.962,0.846
24,y1,0.833,0.938,0.959,0.966,0.968,0.939,0.964,0.872,0.965,0.817,0.968,0.985,0.975,1.0,0.953,0.91
24,y2,0.747,0.906,0.948,0.897,0.987,0.962,0.984,0.826,0.899,0.752,0.978,0.959,0.962,0.953,1.0,0.901
24,y3,0.901,0.907,0.967,0.956,0.915,0.918,0.914,0.944,0.913,0.91,0.912,0.947,0.846,0.91,0.901,1.0
25,.,1.0,0.893,0.89,0.896,0.725,0.701,0.719,0.968,0.903,0.96,0.725,0.83,0.681,0.807,0.713,0.886
25,A1_1,0.893,1.0,0.965,0.93,0.894,0.831,0.908,0.929,0.981,0.889,0.904,0.928,0.873,0.934,0.898,0.905
25,A1_2,0.89,0.965,1.0,0.962,0.949,0.926,0.938,0.945,0.96,0.897,0.937,0.972,0.896,0.957,0.943,0.967
25,A1_3,0.896,0.93,0.962,1.0,0.924,0.903,0.905,0.924,0.96,0.892,0.92,0.964,0.893,0.963,0.891,0.954
25,B1_1,0.725,0.894,0.949,0.924,1.0,0.979,0.977,0.821,0.898,0.75,0.977,0.969,0.96,0.967,0.987,0.907
25,B1_2,0.701,0.831,0.926,0.903,0.979,1.0,0.951,0.793,0.848,0.709,0.962,0.958,0.929,0.937,0.962,0.91
25,B1_3,0.719,0.908,0.938,0.905,0.977,0.951,1.0,0.808,0.911,0.72,0.985,0.962,0.97,0.962,0.983,0.906
25,A2_1,0.968,0.929,0.945,0.924,0.821,0.793,0.808,1.0,0.914,0.974,0.797,0.887,0.744,0.858,0.807,0.939
25,A2_2,0.903,0.981,0.96,0.96,0.898,0.848,0.911,0.914,1.0,0.879,0.914,0.947,0.903,0.962,0.892,0.911
25,A2_3,0.96,0.889,0.897,0.892,0.75,0.709,0.72,0.974,0.879,1.0,0.715,0.814,0.655,0.796,0.725,0.898
25,B2_1,0.725,0.904,0.937,0.92,0.977,0.962,0.985,0.797,0.914,0.715,1.0,0.968,0.97,0.966,0.978,0.904
25,B2_2,0.83,0.928,0.972,0.964,0.969,0.958,0.962,0.887,0.947,0.814,0.968,1.0,0.954,0.985,0.959,0.943
25,B2_3,0.681,0.873,0.896,0.893,0.96,0.929,0.97,0.744,0.903,0.655,0.97,0.954,1.0,0.972,0.962,0.836
25,y1,0.807,0.934,0.957,0.963,0.967,0.937,0.962,0.858,0.962,0.796,0.966,0.985,0.972,1.0,0.952,0.907
25,y2,0.713,0.898,0.943,0.891,0.987,0.962,0.983,0.807,0.892,0.725,0.978,0.959,0.962,0.952,1.0,0.896
25,y3,0.886,0.905,0.967,0.954,0.907,0.91,0.906,0.939,0.911,0.898,0.904,0.943,0.836,0.907,0.896,1.0
