,,.,A1_1,A1_2,A1_3,B1_1,B1_2,B1_3,A2_1,A2_2,A2_3,B2_1,B2_2,B2_3,y1,y2,y3
0,.,0.067,0.012,0.037,0.074,0.05,0.014,0.282,0.036,0.043,0.013,0.016,0.022,0.036,0.05,0.13,0.118
0,A1_1,0.103,0.179,0.012,0.052,0.004,0.004,0.147,0.021,0.007,0.014,0.019,0.008,0.063,0.063,0.011,0.294
0,A1_2,0.143,0.006,0.004,0.056,0.074,0.075,0.064,0.074,0.013,0.038,0.002,0.194,0.014,0.04,0.057,0.148
0,A1_3,0.102,0.027,0.049,0.365,0.003,0.034,0.057,0.033,0.002,0.065,0.034,0.018,0.037,0.053,0.008,0.112
0,B1_1,0.063,0.004,0.013,0.078,0.038,0.019,0.146,0.067,0.056,0.003,0.005,0.048,0.034,0.005,0.207,0.215
0,B1_2,0.185,0.072,0.007,0.063,0.002,0.002,0.104,0.05,0.006,0.038,0.009,0.006,0.059,0.277,0.009,0.11
0,B1_3,0.018,0.014,0.004,0.016,0.003,0.071,0.287,0.078,0.008,0.003,0.01,0.276,0.109,0.005,0.027,0.071
0,A2_1,0.069,0.145,0.064,0.217,0.015,0.007,0.073,0.011,0.002,0.066,0.094,0.013,0.022,0.093,0.006,0.103
0,A2_2,0.005,0.044,0.019,0.047,0.024,0.02,0.124,0.025,0.147,0.011,0.004,0.131,0.2,0.0,0.128,0.07
0,A2_3,0.011,0.005,0.41,0.099,0.073,0.074,0.011,0.025,0.003,0.169,0.019,0.046,0.023,0.021,0.003,0.008
0,B2_1,0.01,0.019,0.028,0.103,0.042,0.048,0.077,0.055,0.157,0.079,0.004,0.063,0.012,0.048,0.219,0.036
0,B2_2,0.013,0.017,0.079,0.058,0.006,0.027,0.05,0.046,0.04,0.142,0.007,0.182,0.203,0.039,0.055,0.036
0,B2_3,0.033,0.008,0.149,0.026,0.015,0.011,0.07,0.069,0.023,0.086,0.041,0.105,0.01,0.256,0.051,0.047
0,y1,0.019,0.009,0.031,0.008,0.004,0.002,0.017,0.02,0.096,0.008,0.007,0.024,0.12,0.117,0.48,0.039
0,y2,0.066,0.011,0.183,0.067,0.028,0.005,0.13,0.025,0.008,0.02,0.02,0.051,0.026,0.217,0.031,0.111
0,y3,0.091,0.022,0.003,0.082,0.006,0.038,0.416,0.049,0.031,0.002,0.006,0.081,0.027,0.019,0.007,0.121
1,.,0.13,0.014,0.038,0.067,0.056,0.016,0.203,0.036,0.045,0.015,0.019,0.023,0.034,0.066,0.128,0.112
1,A1_1,0.349,0.135,0.007,0.032,0.003,0.004,0.077,0.017,0.006,0.013,0.019,0.008,0.034,0.098,0.009,0.187
1,A1_2,0.458,0.005,0.003,0.02,0.04,0.041,0.029,0.049,0.006,0.034,0.002,0.108,0.009,0.058,0.029,0.108
1,A1_3,0.25,0.028,0.026,0.218,0.005,0.02,0.036,0.043,0.003,0.055,0.026,0.021,0.017,0.092,0.025,0.133
1,B1_1,0.361,0.005,0.012,0.025,0.019,0.015,0.133,0.058,0.021,0.002,0.005,0.049,0.032,0.011,0.074,0.178
1,B1_2,0.398,0.05,0.007,0.028,0.004,0.001,0.062,0.045,0.004,0.023,0.01,0.004,0.022,0.215,0.012,0.114
1,B1_3,0.189,0.016,0.003,0.007,0.004,0.083,0.156,0.144,0.007,0.006,0.004,0.162,0.058,0.018,0.016,0.127
1,A2_1,0.141,0.225,0.039,0.033,0.019,0.002,0.063,0.026,0.006,0.075,0.054,0.013,0.019,0.11,0.044,0.133
1,A2_2,0.234,0.01,0.039,0.005,0.027,0.011,0.039,0.108,0.072,0.017,0.004,0.133,0.145,0.018,0.029,0.107
1,A2_3,0.102,0.016,0.13,0.084,0.048,0.051,0.038,0.057,0.006,0.095,0.033,0.032,0.021,0.195,0.057,0.034
1,B2_1,0.222,0.009,0.012,0.083,0.008,0.012,0.134,0.039,0.074,0.009,0.007,0.023,0.033,0.241,0.037,0.058
1,B2_2,0.084,0.153,0.019,0.014,0.004,0.022,0.132,0.061,0.036,0.009,0.082,0.044,0.089,0.082,0.053,0.117
1,B2_3,0.159,0.015,0.018,0.069,0.081,0.002,0.064,0.049,0.005,0.057,0.004,0.03,0.01,0.162,0.026,0.246
1,y1,0.199,0.239,0.012,0.02,0.001,0.035,0.22,0.01,0.008,0.002,0.06,0.036,0.085,0.005,0.024,0.043
1,y2,0.111,0.014,0.045,0.033,0.269,0.002,0.05,0.047,0.009,0.025,0.003,0.018,0.005,0.039,0.104,0.227
1,y3,0.614,0.01,0.002,0.005,0.005,0.04,0.109,0.058,0.011,0.004,0.001,0.011,0.017,0.061,0.001,0.05
2,.,0.148,0.014,0.041,0.068,0.061,0.017,0.176,0.034,0.05,0.016,0.022,0.021,0.034,0.065,0.135,0.098
2,A1_1,0.478,0.114,0.006,0.024,0.003,0.004,0.051,0.012,0.005,0.01,0.021,0.006,0.028,0.09,0.009,0.14
2,A1_2,0.633,0.004,0.002,0.013,0.028,0.032,0.019,0.033,0.004,0.029,0.002,0.059,0.008,0.047,0.019,0.067
2,A1_3,0.319,0.028,0.022,0.193,0.007,0.017,0.033,0.04,0.005,0.035,0.024,0.018,0.014,0.068,0.032,0.148
2,B1_1,0.563,0.004,0.01,0.014,0.016,0.015,0.085,0.048,0.011,0.002,0.006,0.028,0.026,0.016,0.041,0.114
2,B1_2,0.511,0.062,0.008,0.027,0.007,0.001,0.057,0.036,0.005,0.019,0.011,0.003,0.02,0.087,0.017,0.128
2,B1_3,0.442,0.015,0.004,0.005,0.005,0.063,0.091,0.118,0.005,0.01,0.004,0.096,0.041,0.025,0.011,0.064
2,A2_1,0.177,0.237,0.037,0.028,0.028,0.002,0.067,0.027,0.01,0.059,0.04,0.014,0.026,0.038,0.062,0.149
2,A2_2,0.625,0.005,0.015,0.001,0.013,0.005,0.018,0.075,0.027,0.013,0.003,0.069,0.051,0.038,0.012,0.03
2,A2_3,0.185,0.03,0.099,0.069,0.046,0.072,0.067,0.066,0.007,0.061,0.025,0.031,0.027,0.08,0.071,0.063
2,B2_1,0.408,0.008,0.01,0.02,0.009,0.006,0.116,0.039,0.037,0.007,0.007,0.019,0.01,0.212,0.049,0.045
2,B2_2,0.113,0.173,0.013,0.012,0.006,0.02,0.116,0.094,0.025,0.009,0.065,0.026,0.088,0.063,0.054,0.123
2,B2_3,0.376,0.018,0.009,0.034,0.058,0.003,0.068,0.036,0.009,0.03,0.003,0.038,0.009,0.089,0.033,0.186
2,y1,0.313,0.211,0.014,0.021,0.001,0.026,0.12,0.012,0.006,0.002,0.08,0.045,0.072,0.007,0.042,0.028
2,y2,0.149,0.004,0.046,0.015,0.372,0.001,0.02,0.022,0.015,0.013,0.002,0.011,0.003,0.05,0.15,0.126
2,y3,0.774,0.006,0.003,0.005,0.009,0.01,0.074,0.032,0.004,0.007,0.001,0.006,0.007,0.022,0.003,0.037
3,.,0.123,0.014,0.045,0.075,0.071,0.019,0.151,0.034,0.06,0.018,0.026,0.022,0.035,0.074,0.14,0.094
3,A1_1,0.457,0.109,0.007,0.025,0.004,0.004,0.037,0.012,0.007,0.012,0.027,0.007,0.033,0.099,0.01,0.15
3,A1_2,0.599,0.005,0.004,0.017,0.031,0.045,0.017,0.035,0.005,0.04,0.003,0.057,0.009,0.052,0.019,0.062
3,A1_3,0.251,0.027,0.027,0.206,0.01,0.017,0.024,0.039,0.007,0.041,0.032,0.016,0.015,0.082,0.038,0.169
3,B1_1,0.516,0.005,0.012,0.015,0.015,0.026,0.09,0.06,0.017,0.002,0.01,0.029,0.034,0.023,0.036,0.11
3,B1_2,0.411,0.091,0.015,0.038,0.017,0.002,0.047,0.031,0.006,0.038,0.021,0.005,0.03,0.062,0.021,0.167
3,B1_3,0.493,0.012,0.005,0.005,0.006,0.074,0.057,0.117,0.007,0.015,0.004,0.084,0.041,0.038,0.007,0.037
3,A2_1,0.11,0.243,0.058,0.037,0.031,0.003,0.072,0.027,0.024,0.074,0.056,0.022,0.051,0.021,0.071,0.098
3,A2_2,0.571,0.005,0.018,0.001,0.01,0.006,0.015,0.102,0.025,0.012,0.003,0.055,0.05,0.096,0.01,0.022
3,A2_3,0.079,0.041,0.141,0.123,0.052,0.086,0.059,0.046,0.021,0.073,0.029,0.029,0.037,0.071,0.037,0.075
3,B2_1,0.205,0.009,0.01,0.067,0.009,0.011,0.201,0.068,0.035,0.005,0.009,0.021,0.018,0.235,0.035,0.062
3,B2_2,0.072,0.255,0.022,0.018,0.004,0.026,0.075,0.033,0.023,0.01,0.138,0.028,0.112,0.032,0.029,0.124
3,B2_3,0.223,0.017,0.037,0.082,0.134,0.009,0.061,0.042,0.016,0.034,0.011,0.036,0.021,0.091,0.019,0.167
3,y1,0.2,0.179,0.017,0.052,0.003,0.06,0.112,0.008,0.025,0.005,0.108,0.028,0.157,0.007,0.015,0.024
3,y2,0.143,0.025,0.072,0.083,0.244,0.005,0.062,0.042,0.012,0.018,0.009,0.011,0.011,0.035,0.05,0.181
3,y3,0.587,0.013,0.005,0.017,0.013,0.072,0.072,0.032,0.033,0.004,0.004,0.009,0.022,0.062,0.002,0.053
4,.,0.109,0.014,0.048,0.072,0.079,0.02,0.13,0.034,0.065,0.019,0.027,0.024,0.035,0.081,0.16,0.082
4,A1_1,0.508,0.096,0.006,0.021,0.004,0.004,0.027,0.011,0.007,0.012,0.027,0.007,0.029,0.118,0.01,0.112
4,A1_2,0.607,0.004,0.004,0.014,0.033,0.042,0.013,0.037,0.005,0.054,0.003,0.055,0.009,0.055,0.019,0.048
4,A1_3,0.197,0.033,0.032,0.182,0.014,0.016,0.024,0.043,0.01,0.045,0.033,0.017,0.016,0.105,0.065,0.168
4,B1_1,0.569,0.005,0.01,0.011,0.016,0.027,0.07,0.054,0.016,0.003,0.01,0.038,0.03,0.03,0.035,0.077
4,B1_2,0.468,0.091,0.013,0.035,0.018,0.002,0.033,0.021,0.006,0.053,0.028,0.006,0.031,0.068,0.02,0.107
4,B1_3,0.526,0.009,0.006,0.004,0.008,0.05,0.034,0.124,0.008,0.02,0.004,0.084,0.036,0.047,0.011,0.027
4,A2_1,0.081,0.264,0.052,0.028,0.036,0.002,0.054,0.026,0.023,0.085,0.044,0.019,0.043,0.031,0.113,0.099
4,A2_2,0.645,0.002,0.012,0.001,0.009,0.004,0.012,0.081,0.029,0.009,0.003,0.061,0.033,0.075,0.012,0.012
4,A2_3,0.052,0.055,0.144,0.1,0.046,0.049,0.045,0.063,0.019,0.122,0.041,0.029,0.068,0.051,0.036,0.08
4,B2_1,0.256,0.005,0.005,0.026,0.006,0.005,0.052,0.028,0.021,0.004,0.008,0.016,0.007,0.493,0.044,0.024
4,B2_2,0.119,0.272,0.013,0.013,0.005,0.015,0.065,0.025,0.029,0.012,0.145,0.028,0.071,0.043,0.036,0.108
4,B2_3,0.386,0.017,0.024,0.027,0.09,0.005,0.065,0.049,0.012,0.023,0.005,0.042,0.014,0.089,0.049,0.105
4,y1,0.341,0.118,0.018,0.05,0.007,0.065,0.076,0.014,0.016,0.006,0.066,0.072,0.062,0.008,0.053,0.03
4,y2,0.258,0.009,0.037,0.055,0.223,0.005,0.026,0.031,0.021,0.021,0.009,0.01,0.003,0.169,0.077,0.047
4,y3,0.662,0.008,0.004,0.004,0.008,0.011,0.058,0.061,0.021,0.006,0.002,0.014,0.029,0.049,0.009,0.054
5,.,0.084,0.013,0.049,0.072,0.086,0.022,0.119,0.034,0.073,0.02,0.031,0.027,0.034,0.077,0.181,0.078
5,A1_1,0.473,0.094,0.006,0.022,0.006,0.005,0.026,0.012,0.009,0.012,0.035,0.009,0.032,0.125,0.015,0.117
5,A1_2,0.573,0.005,0.005,0.017,0.038,0.052,0.015,0.041,0.007,0.061,0.004,0.064,0.011,0.046,0.019,0.042
5,A1_3,0.135,0.034,0.044,0.201,0.019,0.017,0.024,0.047,0.014,0.045,0.043,0.016,0.019,0.097,0.082,0.163
5,B1_1,0.437,0.006,0.011,0.016,0.023,0.043,0.075,0.064,0.028,0.003,0.015,0.055,0.036,0.04,0.06,0.086
5,B1_2,0.388,0.117,0.021,0.043,0.023,0.003,0.038,0.023,0.008,0.064,0.042,0.009,0.046,0.053,0.025,0.098
5,B1_3,0.474,0.009,0.01,0.006,0.012,0.051,0.028,0.127,0.011,0.032,0.005,0.105,0.044,0.053,0.011,0.022
5,A2_1,0.036,0.253,0.082,0.034,0.032,0.004,0.061,0.033,0.034,0.084,0.05,0.021,0.054,0.037,0.11,0.076
5,A2_2,0.392,0.004,0.026,0.002,0.016,0.006,0.017,0.13,0.065,0.012,0.003,0.119,0.06,0.08,0.04,0.028
5,A2_3,0.032,0.041,0.21,0.124,0.053,0.076,0.032,0.05,0.02,0.117,0.042,0.028,0.05,0.055,0.018,0.053
5,B2_1,0.171,0.006,0.008,0.082,0.008,0.009,0.067,0.035,0.042,0.006,0.012,0.019,0.016,0.409,0.067,0.044
5,B2_2,0.077,0.244,0.026,0.018,0.005,0.021,0.071,0.021,0.036,0.016,0.228,0.03,0.069,0.038,0.022,0.08
5,B2_3,0.172,0.025,0.041,0.044,0.129,0.007,0.078,0.049,0.019,0.018,0.012,0.042,0.022,0.074,0.091,0.179
5,y1,0.187,0.131,0.021,0.059,0.012,0.109,0.12,0.011,0.028,0.004,0.097,0.052,0.103,0.007,0.028,0.03
5,y2,0.249,0.04,0.06,0.115,0.21,0.01,0.046,0.029,0.027,0.041,0.018,0.015,0.01,0.042,0.041,0.049
5,y3,0.526,0.014,0.005,0.011,0.015,0.049,0.047,0.089,0.029,0.009,0.005,0.017,0.019,0.092,0.01,0.064
6,.,0.068,0.013,0.051,0.075,0.092,0.025,0.119,0.034,0.078,0.022,0.033,0.028,0.035,0.074,0.181,0.074
6,A1_1,0.487,0.076,0.007,0.021,0.006,0.006,0.024,0.011,0.008,0.013,0.037,0.01,0.032,0.129,0.016,0.117
6,A1_2,0.519,0.007,0.006,0.022,0.044,0.071,0.017,0.048,0.01,0.066,0.005,0.073,0.013,0.039,0.017,0.044
6,A1_3,0.146,0.03,0.04,0.183,0.017,0.018,0.017,0.046,0.014,0.05,0.044,0.014,0.016,0.129,0.085,0.151
6,B1_1,0.306,0.006,0.013,0.021,0.031,0.07,0.1,0.084,0.033,0.004,0.018,0.059,0.043,0.039,0.069,0.104
6,B1_2,0.466,0.09,0.017,0.039,0.021,0.004,0.033,0.021,0.008,0.054,0.04,0.008,0.041,0.051,0.021,0.087
6,B1_3,0.37,0.015,0.013,0.01,0.015,0.089,0.038,0.131,0.016,0.036,0.008,0.119,0.06,0.04,0.011,0.028
6,A2_1,0.045,0.236,0.078,0.036,0.042,0.004,0.043,0.029,0.043,0.079,0.07,0.015,0.048,0.056,0.102,0.074
6,A2_2,0.343,0.008,0.031,0.003,0.018,0.011,0.024,0.134,0.05,0.013,0.005,0.092,0.099,0.086,0.036,0.048
6,A2_3,0.045,0.038,0.2,0.153,0.068,0.088,0.021,0.033,0.019,0.133,0.046,0.026,0.039,0.045,0.009,0.037
6,B2_1,0.128,0.008,0.01,0.12,0.01,0.015,0.061,0.037,0.052,0.01,0.014,0.015,0.02,0.403,0.047,0.051
6,B2_2,0.083,0.205,0.04,0.023,0.005,0.027,0.056,0.019,0.041,0.022,0.229,0.035,0.067,0.046,0.015,0.087
6,B2_3,0.07,0.025,0.062,0.07,0.149,0.008,0.078,0.039,0.016,0.014,0.019,0.028,0.025,0.058,0.096,0.244
6,y1,0.114,0.125,0.017,0.074,0.016,0.141,0.096,0.007,0.04,0.005,0.157,0.031,0.113,0.011,0.018,0.036
6,y2,0.337,0.05,0.083,0.13,0.117,0.015,0.059,0.026,0.028,0.025,0.02,0.017,0.02,0.018,0.019,0.036
6,y3,0.39,0.042,0.009,0.027,0.032,0.117,0.051,0.07,0.037,0.012,0.013,0.021,0.015,0.087,0.01,0.066
7,.,0.059,0.013,0.054,0.071,0.097,0.027,0.114,0.036,0.081,0.024,0.035,0.031,0.034,0.069,0.183,0.071
7,A1_1,0.485,0.07,0.007,0.019,0.007,0.007,0.023,0.012,0.009,0.013,0.041,0.013,0.031,0.128,0.02,0.118
7,A1_2,0.463,0.008,0.007,0.024,0.049,0.081,0.02,0.059,0.014,0.077,0.005,0.09,0.015,0.03,0.017,0.04
7,A1_3,0.116,0.032,0.057,0.166,0.02,0.014,0.016,0.046,0.018,0.051,0.044,0.012,0.016,0.141,0.097,0.154
7,B1_1,0.219,0.006,0.012,0.021,0.034,0.11,0.097,0.111,0.038,0.004,0.019,0.071,0.043,0.044,0.077,0.094
7,B1_2,0.451,0.091,0.02,0.041,0.021,0.004,0.035,0.021,0.009,0.06,0.045,0.01,0.047,0.044,0.022,0.078
7,B1_3,0.26,0.018,0.022,0.014,0.018,0.098,0.037,0.144,0.019,0.053,0.011,0.153,0.084,0.032,0.011,0.026
7,A2_1,0.029,0.224,0.09,0.04,0.038,0.004,0.034,0.03,0.054,0.068,0.077,0.012,0.041,0.078,0.114,0.067
7,A2_2,0.19,0.011,0.038,0.005,0.021,0.016,0.032,0.155,0.067,0.015,0.005,0.122,0.156,0.06,0.045,0.061
7,A2_3,0.044,0.043,0.211,0.181,0.05,0.097,0.018,0.029,0.023,0.127,0.052,0.029,0.04,0.032,0.005,0.021
7,B2_1,0.08,0.01,0.021,0.162,0.015,0.023,0.039,0.04,0.051,0.027,0.014,0.013,0.019,0.388,0.037,0.063
7,B2_2,0.077,0.153,0.062,0.028,0.006,0.026,0.04,0.015,0.046,0.036,0.224,0.053,0.065,0.063,0.013,0.095
7,B2_3,0.035,0.015,0.076,0.073,0.183,0.006,0.069,0.035,0.012,0.013,0.022,0.02,0.018,0.044,0.124,0.253
7,y1,0.101,0.1,0.014,0.077,0.017,0.167,0.081,0.008,0.045,0.004,0.154,0.031,0.114,0.016,0.026,0.045
7,y2,0.35,0.051,0.116,0.098,0.101,0.017,0.067,0.026,0.029,0.024,0.02,0.027,0.024,0.007,0.017,0.027
7,y3,0.449,0.043,0.01,0.024,0.041,0.074,0.03,0.053,0.027,0.021,0.014,0.021,0.011,0.098,0.013,0.074
8,.,0.055,0.014,0.054,0.067,0.099,0.03,0.112,0.036,0.086,0.024,0.037,0.033,0.034,0.067,0.184,0.069
8,A1_1,0.518,0.067,0.006,0.016,0.006,0.008,0.022,0.011,0.009,0.011,0.044,0.014,0.03,0.122,0.019,0.098
8,A1_2,0.488,0.009,0.009,0.019,0.045,0.083,0.018,0.051,0.014,0.091,0.006,0.082,0.015,0.027,0.012,0.031
8,A1_3,0.109,0.038,0.065,0.173,0.019,0.015,0.015,0.046,0.021,0.056,0.046,0.011,0.015,0.146,0.1,0.126
8,B1_1,0.188,0.007,0.011,0.018,0.037,0.137,0.085,0.112,0.037,0.005,0.022,0.071,0.036,0.053,0.091,0.093
8,B1_2,0.48,0.092,0.017,0.036,0.018,0.007,0.036,0.018,0.01,0.059,0.052,0.012,0.049,0.041,0.02,0.053
8,B1_3,0.33,0.021,0.028,0.014,0.02,0.072,0.032,0.119,0.018,0.074,0.012,0.121,0.082,0.025,0.009,0.023
8,A2_1,0.026,0.244,0.079,0.049,0.034,0.006,0.026,0.041,0.039,0.068,0.061,0.013,0.031,0.109,0.118,0.057
8,A2_2,0.17,0.013,0.028,0.006,0.019,0.012,0.041,0.074,0.08,0.011,0.006,0.098,0.12,0.066,0.17,0.086
8,A2_3,0.131,0.056,0.133,0.116,0.037,0.11,0.03,0.028,0.017,0.123,0.046,0.098,0.044,0.013,0.004,0.014
8,B2_1,0.137,0.016,0.021,0.101,0.01,0.015,0.01,0.022,0.013,0.06,0.015,0.008,0.006,0.498,0.025,0.044
8,B2_2,0.057,0.135,0.035,0.024,0.012,0.027,0.043,0.029,0.068,0.037,0.173,0.095,0.03,0.071,0.034,0.13
8,B2_3,0.095,0.014,0.036,0.045,0.127,0.005,0.064,0.031,0.01,0.015,0.016,0.023,0.01,0.069,0.247,0.191
8,y1,0.229,0.094,0.017,0.035,0.017,0.1,0.075,0.014,0.021,0.005,0.158,0.079,0.067,0.012,0.041,0.036
8,y2,0.29,0.028,0.096,0.069,0.232,0.009,0.025,0.018,0.031,0.044,0.018,0.02,0.007,0.036,0.049,0.029
8,y3,0.548,0.014,0.005,0.008,0.032,0.018,0.041,0.078,0.027,0.013,0.005,0.021,0.01,0.062,0.043,0.077
9,.,0.05,0.015,0.054,0.066,0.102,0.031,0.106,0.037,0.084,0.025,0.04,0.033,0.035,0.065,0.19,0.066
9,A1_1,0.526,0.064,0.005,0.015,0.006,0.008,0.02,0.01,0.008,0.011,0.049,0.015,0.031,0.114,0.023,0.095
9,A1_2,0.469,0.011,0.011,0.021,0.045,0.083,0.017,0.053,0.016,0.106,0.007,0.078,0.018,0.025,0.013,0.025
9,A1_3,0.091,0.046,0.077,0.154,0.021,0.013,0.014,0.047,0.023,0.057,0.04,0.011,0.014,0.127,0.134,0.131
9,B1_1,0.165,0.007,0.011,0.016,0.041,0.141,0.074,0.114,0.038,0.005,0.023,0.08,0.036,0.063,0.104,0.083
9,B1_2,0.5,0.077,0.019,0.033,0.017,0.008,0.036,0.018,0.011,0.055,0.056,0.013,0.061,0.036,0.02,0.039
9,B1_3,0.321,0.022,0.035,0.016,0.021,0.053,0.028,0.128,0.021,0.091,0.012,0.113,0.086,0.026,0.009,0.018
9,A2_1,0.017,0.254,0.08,0.054,0.026,0.006,0.021,0.047,0.036,0.078,0.055,0.012,0.03,0.115,0.123,0.046
9,A2_2,0.101,0.013,0.029,0.008,0.018,0.012,0.044,0.066,0.084,0.01,0.007,0.108,0.15,0.065,0.191,0.094
9,A2_3,0.146,0.068,0.091,0.129,0.026,0.117,0.025,0.022,0.016,0.114,0.057,0.113,0.05,0.012,0.003,0.011
9,B2_1,0.161,0.023,0.026,0.141,0.009,0.015,0.007,0.016,0.009,0.077,0.022,0.008,0.005,0.404,0.027,0.05
9,B2_2,0.039,0.119,0.034,0.034,0.024,0.026,0.037,0.032,0.06,0.046,0.184,0.107,0.02,0.06,0.062,0.117
9,B2_3,0.144,0.013,0.026,0.038,0.092,0.007,0.054,0.029,0.011,0.016,0.014,0.023,0.008,0.1,0.29,0.135
9,y1,0.278,0.073,0.021,0.039,0.021,0.056,0.058,0.015,0.028,0.007,0.156,0.109,0.062,0.007,0.046,0.023
9,y2,0.24,0.031,0.123,0.066,0.169,0.009,0.013,0.018,0.025,0.047,0.022,0.021,0.005,0.099,0.077,0.036
9,y3,0.486,0.007,0.007,0.004,0.064,0.011,0.031,0.05,0.036,0.014,0.007,0.031,0.014,0.048,0.098,0.09
10,.,0.046,0.015,0.056,0.073,0.108,0.035,0.105,0.037,0.09,0.026,0.044,0.033,0.038,0.065,0.164,0.066
10,A1_1,0.511,0.057,0.005,0.015,0.006,0.009,0.017,0.01,0.009,0.009,0.057,0.013,0.035,0.132,0.017,0.098
10,A1_2,0.387,0.014,0.013,0.031,0.048,0.13,0.021,0.07,0.022,0.1,0.009,0.074,0.022,0.023,0.011,0.025
10,A1_3,0.093,0.045,0.084,0.147,0.021,0.011,0.012,0.043,0.03,0.049,0.04,0.008,0.016,0.15,0.094,0.158
10,B1_1,0.102,0.006,0.012,0.023,0.054,0.254,0.066,0.12,0.031,0.006,0.027,0.06,0.036,0.057,0.071,0.076
10,B1_2,0.496,0.084,0.017,0.034,0.013,0.008,0.036,0.022,0.014,0.042,0.052,0.009,0.073,0.038,0.013,0.049
10,B1_3,0.158,0.029,0.075,0.027,0.03,0.089,0.024,0.126,0.019,0.121,0.022,0.116,0.117,0.02,0.006,0.019
10,A2_1,0.027,0.21,0.06,0.046,0.029,0.005,0.025,0.047,0.062,0.056,0.039,0.009,0.023,0.188,0.09,0.083
10,A2_2,0.045,0.03,0.023,0.013,0.014,0.041,0.075,0.073,0.063,0.011,0.015,0.099,0.371,0.029,0.035,0.064
10,A2_3,0.258,0.038,0.124,0.175,0.021,0.056,0.008,0.011,0.011,0.104,0.074,0.017,0.058,0.035,0.001,0.01
10,B2_1,0.052,0.087,0.061,0.22,0.016,0.012,0.025,0.014,0.062,0.127,0.061,0.007,0.007,0.164,0.013,0.071
10,B2_2,0.017,0.039,0.079,0.049,0.026,0.052,0.06,0.033,0.071,0.014,0.152,0.02,0.05,0.115,0.053,0.171
10,B2_3,0.053,0.093,0.055,0.058,0.09,0.014,0.118,0.019,0.03,0.007,0.161,0.017,0.068,0.016,0.043,0.157
10,y1,0.289,0.051,0.012,0.048,0.013,0.155,0.022,0.006,0.043,0.004,0.091,0.03,0.164,0.032,0.008,0.031
10,y2,0.319,0.015,0.087,0.234,0.086,0.026,0.035,0.012,0.068,0.013,0.029,0.003,0.04,0.016,0.003,0.015
10,y3,0.216,0.128,0.034,0.062,0.02,0.033,0.028,0.035,0.08,0.036,0.08,0.01,0.055,0.069,0.013,0.101
11,.,0.044,0.016,0.057,0.071,0.117,0.038,0.099,0.037,0.088,0.027,0.045,0.034,0.036,0.066,0.162,0.063
11,A1_1,0.542,0.051,0.005,0.013,0.006,0.009,0.015,0.009,0.007,0.01,0.054,0.013,0.031,0.137,0.015,0.084
11,A1_2,0.375,0.015,0.017,0.031,0.055,0.123,0.02,0.07,0.023,0.119,0.009,0.069,0.021,0.02,0.012,0.022
11,A1_3,0.08,0.049,0.084,0.136,0.023,0.009,0.01,0.048,0.03,0.055,0.031,0.008,0.012,0.187,0.107,0.131
11,B1_1,0.084,0.005,0.013,0.023,0.06,0.272,0.061,0.108,0.031,0.007,0.027,0.064,0.036,0.059,0.078,0.071
11,B1_2,0.523,0.065,0.02,0.029,0.013,0.008,0.031,0.021,0.012,0.046,0.055,0.011,0.073,0.043,0.011,0.037
11,B1_3,0.173,0.028,0.076,0.028,0.031,0.082,0.02,0.122,0.021,0.153,0.02,0.109,0.091,0.024,0.006,0.016
11,A2_1,0.019,0.194,0.069,0.049,0.023,0.005,0.02,0.052,0.06,0.074,0.039,0.008,0.021,0.237,0.079,0.053
11,A2_2,0.031,0.029,0.025,0.012,0.016,0.04,0.075,0.083,0.065,0.011,0.014,0.105,0.332,0.034,0.048,0.079
11,A2_3,0.257,0.04,0.102,0.164,0.02,0.073,0.009,0.009,0.009,0.101,0.093,0.027,0.054,0.031,0.001,0.009
11,B2_1,0.098,0.084,0.056,0.242,0.012,0.01,0.014,0.01,0.039,0.135,0.075,0.006,0.006,0.154,0.009,0.049
11,B2_2,0.01,0.042,0.091,0.052,0.044,0.046,0.037,0.037,0.064,0.023,0.115,0.022,0.024,0.113,0.09,0.19
11,B2_3,0.053,0.076,0.062,0.041,0.105,0.019,0.102,0.03,0.028,0.012,0.124,0.022,0.044,0.048,0.082,0.151
11,y1,0.411,0.024,0.013,0.027,0.019,0.083,0.021,0.007,0.045,0.007,0.091,0.063,0.131,0.022,0.014,0.023
11,y2,0.315,0.016,0.105,0.252,0.084,0.029,0.015,0.014,0.028,0.038,0.03,0.002,0.019,0.04,0.003,0.011
11,y3,0.115,0.098,0.015,0.035,0.014,0.027,0.029,0.073,0.103,0.018,0.031,0.013,0.046,0.129,0.043,0.211
12,.,0.046,0.016,0.056,0.069,0.122,0.039,0.097,0.037,0.089,0.029,0.045,0.036,0.035,0.062,0.164,0.058
12,A1_1,0.594,0.046,0.004,0.01,0.006,0.008,0.013,0.008,0.006,0.009,0.042,0.013,0.024,0.128,0.016,0.074
12,A1_2,0.307,0.015,0.02,0.028,0.069,0.117,0.023,0.08,0.029,0.134,0.01,0.08,0.026,0.018,0.02,0.023
12,A1_3,0.075,0.06,0.074,0.124,0.024,0.009,0.011,0.045,0.031,0.043,0.026,0.008,0.011,0.176,0.15,0.133
12,B1_1,0.129,0.006,0.009,0.019,0.061,0.289,0.061,0.088,0.032,0.007,0.022,0.087,0.031,0.04,0.064,0.054
12,B1_2,0.677,0.038,0.017,0.02,0.009,0.005,0.02,0.016,0.011,0.035,0.029,0.006,0.054,0.032,0.008,0.022
12,B1_3,0.084,0.043,0.101,0.026,0.039,0.071,0.028,0.195,0.032,0.095,0.018,0.116,0.093,0.021,0.014,0.024
12,A2_1,0.035,0.167,0.027,0.027,0.037,0.008,0.022,0.051,0.044,0.06,0.022,0.008,0.018,0.282,0.1,0.091
12,A2_2,0.068,0.034,0.035,0.011,0.013,0.038,0.085,0.052,0.03,0.016,0.033,0.075,0.458,0.018,0.01,0.026
12,A2_3,0.132,0.068,0.158,0.192,0.035,0.027,0.01,0.027,0.03,0.083,0.072,0.007,0.072,0.056,0.004,0.026
12,B2_1,0.017,0.186,0.021,0.209,0.025,0.037,0.059,0.021,0.087,0.074,0.048,0.019,0.007,0.11,0.035,0.044
12,B2_2,0.389,0.027,0.02,0.031,0.014,0.036,0.05,0.006,0.015,0.01,0.149,0.022,0.112,0.017,0.033,0.07
12,B2_3,0.109,0.123,0.123,0.196,0.055,0.018,0.02,0.022,0.051,0.038,0.129,0.029,0.046,0.015,0.004,0.023
12,y1,0.242,0.023,0.009,0.03,0.013,0.136,0.011,0.042,0.056,0.015,0.012,0.021,0.037,0.145,0.165,0.045
12,y2,0.024,0.044,0.395,0.032,0.058,0.005,0.13,0.034,0.067,0.033,0.045,0.028,0.067,0.014,0.011,0.014
12,y3,0.505,0.015,0.005,0.013,0.039,0.028,0.026,0.015,0.041,0.005,0.017,0.01,0.024,0.09,0.058,0.109
13,.,0.041,0.016,0.057,0.071,0.126,0.037,0.095,0.036,0.085,0.031,0.042,0.035,0.034,0.056,0.179,0.058
13,A1_1,0.572,0.045,0.004,0.01,0.006,0.009,0.014,0.009,0.006,0.01,0.042,0.015,0.026,0.131,0.021,0.081
13,A1_2,0.288,0.014,0.022,0.029,0.071,0.118,0.023,0.082,0.026,0.145,0.011,0.083,0.027,0.016,0.021,0.024
13,A1_3,0.073,0.057,0.076,0.119,0.023,0.008,0.01,0.044,0.033,0.045,0.025,0.008,0.01,0.175,0.176,0.119
13,B1_1,0.103,0.005,0.01,0.021,0.07,0.285,0.066,0.09,0.029,0.009,0.022,0.09,0.033,0.036,0.076,0.056
13,B1_2,0.655,0.037,0.017,0.02,0.009,0.005,0.02,0.017,0.01,0.037,0.032,0.007,0.06,0.038,0.011,0.025
13,B1_3,0.081,0.035,0.088,0.029,0.04,0.075,0.025,0.174,0.031,0.125,0.021,0.135,0.085,0.02,0.015,0.021
13,A2_1,0.029,0.154,0.035,0.033,0.028,0.006,0.017,0.039,0.038,0.072,0.03,0.007,0.02,0.288,0.122,0.082
13,A2_2,0.056,0.026,0.034,0.017,0.019,0.06,0.087,0.066,0.032,0.019,0.033,0.114,0.381,0.013,0.012,0.03
13,A2_3,0.139,0.075,0.15,0.211,0.026,0.024,0.007,0.019,0.017,0.078,0.105,0.006,0.05,0.068,0.004,0.023
13,B2_1,0.007,0.126,0.025,0.307,0.026,0.037,0.054,0.017,0.136,0.056,0.051,0.021,0.013,0.037,0.046,0.041
13,B2_2,0.413,0.031,0.027,0.034,0.011,0.03,0.033,0.004,0.011,0.01,0.183,0.014,0.096,0.023,0.031,0.05
13,B2_3,0.09,0.124,0.145,0.168,0.058,0.016,0.025,0.025,0.093,0.033,0.093,0.044,0.059,0.008,0.005,0.015
13,y1,0.29,0.024,0.008,0.034,0.012,0.081,0.008,0.041,0.039,0.016,0.007,0.012,0.021,0.169,0.185,0.053
13,y2,0.012,0.028,0.377,0.035,0.063,0.007,0.107,0.047,0.086,0.027,0.041,0.026,0.089,0.022,0.014,0.019
13,y3,0.443,0.024,0.006,0.014,0.034,0.033,0.033,0.013,0.027,0.004,0.028,0.009,0.039,0.074,0.048,0.169
14,.,0.039,0.017,0.058,0.073,0.13,0.036,0.097,0.035,0.081,0.031,0.043,0.035,0.034,0.054,0.178,0.061
14,A1_1,0.573,0.043,0.004,0.01,0.006,0.01,0.015,0.008,0.005,0.009,0.041,0.016,0.025,0.122,0.025,0.088
14,A1_2,0.291,0.016,0.023,0.033,0.078,0.122,0.024,0.081,0.025,0.139,0.012,0.073,0.026,0.015,0.019,0.022
14,A1_3,0.08,0.054,0.074,0.124,0.024,0.006,0.009,0.041,0.035,0.041,0.02,0.008,0.009,0.125,0.225,0.126
14,B1_1,0.084,0.005,0.011,0.021,0.089,0.283,0.067,0.094,0.027,0.009,0.02,0.088,0.026,0.04,0.076,0.06
14,B1_2,0.753,0.021,0.011,0.013,0.007,0.004,0.015,0.013,0.007,0.025,0.018,0.005,0.038,0.032,0.012,0.026
14,B1_3,0.048,0.038,0.115,0.031,0.044,0.075,0.032,0.22,0.027,0.112,0.026,0.108,0.09,0.011,0.008,0.014
14,A2_1,0.054,0.066,0.017,0.019,0.023,0.004,0.01,0.026,0.022,0.036,0.011,0.004,0.01,0.297,0.221,0.179
14,A2_2,0.027,0.022,0.03,0.01,0.02,0.066,0.152,0.043,0.024,0.009,0.07,0.123,0.385,0.005,0.003,0.008
14,A2_3,0.709,0.014,0.022,0.072,0.011,0.009,0.004,0.004,0.009,0.018,0.035,0.001,0.017,0.044,0.005,0.027
14,B2_1,0.004,0.228,0.05,0.143,0.024,0.02,0.065,0.043,0.103,0.051,0.182,0.023,0.025,0.015,0.007,0.018
14,B2_2,0.211,0.018,0.004,0.017,0.009,0.049,0.018,0.004,0.007,0.002,0.065,0.006,0.044,0.152,0.137,0.257
14,B2_3,0.172,0.072,0.039,0.061,0.055,0.063,0.138,0.039,0.049,0.027,0.113,0.105,0.059,0.001,0.002,0.004
14,y1,0.724,0.035,0.015,0.02,0.002,0.017,0.004,0.014,0.015,0.015,0.012,0.004,0.017,0.068,0.026,0.012
14,y2,0.003,0.077,0.189,0.042,0.151,0.009,0.049,0.097,0.067,0.058,0.011,0.016,0.008,0.033,0.077,0.113
14,y3,0.21,0.013,0.015,0.007,0.053,0.058,0.152,0.018,0.014,0.004,0.019,0.016,0.069,0.085,0.065,0.202
15,.,0.039,0.017,0.059,0.075,0.131,0.036,0.097,0.035,0.078,0.034,0.041,0.036,0.033,0.055,0.172,0.061
15,A1_1,0.569,0.04,0.004,0.009,0.006,0.009,0.014,0.008,0.005,0.01,0.04,0.017,0.024,0.13,0.024,0.09
15,A1_2,0.302,0.015,0.023,0.033,0.071,0.12,0.023,0.077,0.026,0.151,0.011,0.072,0.024,0.015,0.018,0.019
15,A1_3,0.075,0.049,0.077,0.112,0.024,0.005,0.008,0.039,0.03,0.05,0.018,0.007,0.008,0.131,0.237,0.129
15,B1_1,0.066,0.005,0.012,0.021,0.09,0.279,0.067,0.095,0.025,0.011,0.022,0.107,0.029,0.046,0.076,0.051
15,B1_2,0.782,0.017,0.008,0.01,0.005,0.004,0.012,0.009,0.005,0.024,0.016,0.005,0.032,0.036,0.011,0.022
15,B1_3,0.052,0.04,0.108,0.035,0.037,0.07,0.032,0.192,0.028,0.148,0.025,0.12,0.089,0.008,0.006,0.009
15,A2_1,0.055,0.039,0.014,0.019,0.015,0.002,0.005,0.021,0.011,0.032,0.007,0.002,0.005,0.331,0.269,0.173
15,A2_2,0.017,0.023,0.019,0.011,0.021,0.083,0.194,0.054,0.026,0.009,0.053,0.209,0.261,0.005,0.005,0.009
15,A2_3,0.851,0.005,0.01,0.028,0.005,0.005,0.002,0.002,0.003,0.008,0.023,0.001,0.007,0.031,0.003,0.016
15,B2_1,0.003,0.209,0.095,0.152,0.026,0.014,0.045,0.052,0.075,0.08,0.167,0.022,0.034,0.009,0.005,0.013
15,B2_2,0.151,0.012,0.003,0.006,0.008,0.029,0.01,0.005,0.005,0.002,0.035,0.004,0.024,0.302,0.185,0.218
15,B2_3,0.089,0.056,0.045,0.046,0.066,0.058,0.202,0.038,0.043,0.035,0.094,0.164,0.055,0.001,0.003,0.003
15,y1,0.866,0.006,0.006,0.007,0.001,0.004,0.001,0.004,0.007,0.005,0.007,0.001,0.005,0.056,0.017,0.006
15,y2,0.001,0.06,0.209,0.062,0.124,0.01,0.042,0.144,0.063,0.124,0.008,0.028,0.01,0.018,0.041,0.059
15,y3,0.124,0.003,0.007,0.004,0.03,0.017,0.027,0.004,0.003,0.003,0.011,0.004,0.018,0.285,0.123,0.338
16,.,0.038,0.018,0.061,0.076,0.137,0.036,0.093,0.032,0.073,0.038,0.042,0.034,0.032,0.057,0.172,0.062
16,A1_1,0.569,0.038,0.004,0.009,0.006,0.009,0.012,0.007,0.005,0.01,0.042,0.016,0.025,0.141,0.023,0.084
16,A1_2,0.291,0.016,0.026,0.033,0.074,0.114,0.02,0.068,0.024,0.179,0.012,0.064,0.024,0.017,0.018,0.022
16,A1_3,0.067,0.049,0.083,0.108,0.024,0.005,0.007,0.036,0.026,0.058,0.018,0.006,0.008,0.162,0.222,0.12
16,B1_1,0.067,0.004,0.013,0.021,0.09,0.286,0.067,0.08,0.023,0.012,0.027,0.103,0.034,0.046,0.073,0.054
16,B1_2,0.74,0.019,0.011,0.013,0.007,0.004,0.014,0.011,0.006,0.029,0.022,0.006,0.041,0.043,0.011,0.022
16,B1_3,0.072,0.041,0.107,0.04,0.033,0.067,0.022,0.146,0.024,0.208,0.024,0.1,0.082,0.014,0.007,0.012
16,A2_1,0.028,0.074,0.024,0.022,0.014,0.002,0.006,0.023,0.014,0.048,0.015,0.004,0.008,0.38,0.212,0.128
16,A2_2,0.024,0.021,0.022,0.013,0.028,0.092,0.15,0.051,0.029,0.01,0.044,0.178,0.303,0.008,0.008,0.018
16,A2_3,0.744,0.015,0.027,0.062,0.007,0.008,0.002,0.003,0.003,0.021,0.042,0.001,0.014,0.034,0.002,0.015
16,B2_1,0.004,0.263,0.107,0.174,0.019,0.009,0.032,0.032,0.104,0.084,0.098,0.017,0.018,0.015,0.008,0.016
16,B2_2,0.086,0.011,0.003,0.011,0.011,0.024,0.009,0.004,0.005,0.002,0.029,0.002,0.009,0.288,0.247,0.26
16,B2_3,0.073,0.082,0.041,0.044,0.051,0.072,0.159,0.04,0.038,0.027,0.127,0.164,0.073,0.002,0.003,0.005
16,y1,0.834,0.007,0.014,0.007,0.002,0.008,0.001,0.003,0.006,0.005,0.012,0.001,0.013,0.064,0.011,0.01
16,y2,0.002,0.085,0.328,0.072,0.118,0.005,0.032,0.056,0.045,0.137,0.015,0.016,0.012,0.015,0.019,0.043
16,y3,0.165,0.006,0.008,0.009,0.029,0.02,0.029,0.004,0.009,0.002,0.024,0.003,0.043,0.169,0.072,0.408
17,.,0.037,0.018,0.062,0.075,0.137,0.035,0.093,0.034,0.078,0.038,0.043,0.034,0.033,0.06,0.161,0.061
17,A1_1,0.554,0.037,0.004,0.008,0.006,0.008,0.012,0.007,0.005,0.01,0.044,0.016,0.026,0.159,0.023,0.082
17,A1_2,0.286,0.014,0.028,0.034,0.073,0.107,0.019,0.075,0.029,0.176,0.011,0.065,0.026,0.018,0.016,0.022
17,A1_3,0.066,0.048,0.074,0.098,0.021,0.005,0.007,0.041,0.027,0.049,0.016,0.006,0.007,0.2,0.213,0.12
17,B1_1,0.063,0.004,0.014,0.02,0.101,0.281,0.072,0.078,0.026,0.012,0.03,0.097,0.036,0.045,0.065,0.058
17,B1_2,0.731,0.019,0.012,0.013,0.007,0.004,0.013,0.013,0.006,0.027,0.024,0.006,0.047,0.048,0.009,0.022
17,B1_3,0.061,0.034,0.115,0.04,0.035,0.071,0.018,0.15,0.029,0.192,0.027,0.098,0.088,0.019,0.008,0.015
17,A2_1,0.026,0.077,0.026,0.019,0.013,0.003,0.006,0.019,0.015,0.049,0.019,0.003,0.01,0.447,0.144,0.125
17,A2_2,0.022,0.017,0.025,0.014,0.025,0.072,0.118,0.039,0.028,0.011,0.062,0.137,0.405,0.006,0.004,0.014
17,A2_3,0.574,0.025,0.039,0.134,0.01,0.007,0.002,0.003,0.005,0.03,0.06,0.001,0.017,0.064,0.002,0.026
17,B2_1,0.003,0.231,0.047,0.191,0.016,0.018,0.044,0.025,0.145,0.049,0.14,0.028,0.019,0.014,0.013,0.017
17,B2_2,0.196,0.009,0.004,0.016,0.015,0.023,0.013,0.003,0.005,0.001,0.046,0.004,0.018,0.181,0.177,0.29
17,B2_3,0.144,0.089,0.046,0.069,0.043,0.065,0.109,0.047,0.07,0.019,0.092,0.131,0.07,0.001,0.002,0.003
17,y1,0.756,0.019,0.014,0.018,0.002,0.01,0.002,0.007,0.007,0.016,0.007,0.002,0.013,0.086,0.025,0.016
17,y2,0.002,0.082,0.315,0.055,0.089,0.009,0.038,0.08,0.062,0.09,0.02,0.02,0.012,0.035,0.019,0.071
17,y3,0.125,0.009,0.009,0.008,0.036,0.028,0.076,0.004,0.009,0.002,0.065,0.008,0.093,0.06,0.116,0.352
18,.,0.037,0.018,0.067,0.07,0.142,0.033,0.09,0.033,0.076,0.039,0.044,0.033,0.033,0.061,0.164,0.061
18,A1_1,0.549,0.036,0.004,0.008,0.007,0.008,0.011,0.007,0.004,0.01,0.047,0.017,0.029,0.153,0.026,0.084
18,A1_2,0.319,0.013,0.032,0.027,0.072,0.093,0.016,0.068,0.025,0.185,0.01,0.06,0.024,0.019,0.017,0.021
18,A1_3,0.059,0.061,0.086,0.097,0.021,0.005,0.008,0.042,0.028,0.056,0.016,0.006,0.009,0.191,0.212,0.103
18,B1_1,0.066,0.004,0.015,0.02,0.106,0.239,0.067,0.075,0.025,0.014,0.034,0.099,0.035,0.057,0.079,0.064
18,B1_2,0.663,0.024,0.016,0.015,0.009,0.005,0.016,0.014,0.007,0.035,0.034,0.009,0.066,0.054,0.012,0.021
18,B1_3,0.1,0.034,0.107,0.029,0.033,0.048,0.015,0.12,0.026,0.251,0.022,0.094,0.078,0.021,0.009,0.014
18,A2_1,0.018,0.115,0.038,0.028,0.015,0.002,0.007,0.024,0.019,0.073,0.024,0.004,0.012,0.401,0.146,0.076
18,A2_2,0.033,0.019,0.022,0.018,0.03,0.068,0.117,0.051,0.032,0.014,0.045,0.162,0.321,0.012,0.017,0.039
18,A2_3,0.283,0.065,0.095,0.173,0.021,0.021,0.005,0.008,0.008,0.06,0.141,0.007,0.042,0.052,0.003,0.017
18,B2_1,0.014,0.158,0.05,0.312,0.02,0.022,0.026,0.019,0.114,0.074,0.074,0.012,0.022,0.028,0.027,0.029
18,B2_2,0.149,0.038,0.047,0.046,0.027,0.049,0.023,0.013,0.019,0.011,0.151,0.014,0.041,0.103,0.156,0.112
18,B2_3,0.043,0.162,0.177,0.075,0.111,0.014,0.034,0.024,0.055,0.058,0.12,0.052,0.041,0.009,0.012,0.014
18,y1,0.573,0.004,0.015,0.009,0.011,0.014,0.004,0.01,0.02,0.008,0.011,0.004,0.026,0.147,0.086,0.059
18,y2,0.008,0.024,0.329,0.131,0.142,0.008,0.042,0.047,0.063,0.113,0.025,0.02,0.024,0.013,0.005,0.006
18,y3,0.138,0.008,0.003,0.008,0.012,0.006,0.011,0.005,0.016,0.002,0.015,0.002,0.029,0.197,0.112,0.436
19,.,0.038,0.018,0.064,0.072,0.145,0.033,0.087,0.036,0.073,0.04,0.04,0.034,0.031,0.063,0.165,0.061
19,A1_1,0.578,0.032,0.004,0.007,0.006,0.008,0.01,0.007,0.004,0.01,0.037,0.017,0.025,0.16,0.022,0.073
19,A1_2,0.301,0.013,0.033,0.032,0.073,0.093,0.017,0.083,0.027,0.181,0.009,0.058,0.023,0.017,0.018,0.022
19,A1_3,0.053,0.052,0.08,0.105,0.02,0.005,0.007,0.056,0.025,0.06,0.013,0.006,0.008,0.234,0.183,0.093
19,B1_1,0.053,0.003,0.013,0.023,0.104,0.254,0.066,0.069,0.026,0.013,0.031,0.102,0.034,0.05,0.091,0.065
19,B1_2,0.663,0.022,0.017,0.014,0.009,0.006,0.015,0.016,0.006,0.032,0.033,0.01,0.07,0.059,0.009,0.019
19,B1_3,0.112,0.028,0.106,0.031,0.033,0.049,0.013,0.135,0.027,0.245,0.019,0.084,0.065,0.026,0.011,0.016
19,A2_1,0.014,0.128,0.052,0.032,0.013,0.002,0.008,0.028,0.021,0.107,0.026,0.003,0.012,0.42,0.08,0.054
19,A2_2,0.03,0.022,0.023,0.018,0.029,0.052,0.106,0.054,0.034,0.014,0.046,0.147,0.323,0.016,0.028,0.059
19,A2_3,0.191,0.06,0.108,0.207,0.028,0.031,0.006,0.008,0.006,0.067,0.16,0.01,0.04,0.058,0.003,0.017
19,B2_1,0.033,0.104,0.034,0.363,0.02,0.028,0.021,0.013,0.1,0.066,0.086,0.01,0.017,0.035,0.033,0.035
19,B2_2,0.156,0.076,0.111,0.058,0.031,0.04,0.025,0.025,0.022,0.024,0.109,0.019,0.045,0.079,0.107,0.073
19,B2_3,0.031,0.12,0.172,0.068,0.195,0.01,0.023,0.028,0.062,0.051,0.062,0.042,0.02,0.024,0.054,0.039
19,y1,0.553,0.004,0.017,0.012,0.025,0.019,0.005,0.008,0.024,0.01,0.017,0.008,0.021,0.142,0.074,0.061
19,y2,0.017,0.034,0.32,0.136,0.098,0.01,0.036,0.068,0.048,0.112,0.027,0.025,0.047,0.013,0.006,0.005
19,y3,0.164,0.008,0.003,0.009,0.01,0.008,0.008,0.01,0.019,0.003,0.009,0.002,0.017,0.294,0.106,0.33
20,.,0.037,0.019,0.064,0.068,0.146,0.033,0.089,0.037,0.075,0.04,0.041,0.033,0.032,0.063,0.161,0.061
20,A1_1,0.578,0.031,0.004,0.007,0.006,0.007,0.01,0.007,0.004,0.009,0.039,0.016,0.026,0.162,0.021,0.073
20,A1_2,0.299,0.015,0.031,0.029,0.065,0.101,0.017,0.096,0.029,0.165,0.009,0.063,0.023,0.018,0.018,0.021
20,A1_3,0.052,0.047,0.066,0.094,0.019,0.006,0.007,0.056,0.026,0.05,0.012,0.005,0.007,0.238,0.205,0.11
20,B1_1,0.06,0.003,0.013,0.018,0.115,0.254,0.073,0.075,0.024,0.012,0.035,0.103,0.037,0.044,0.075,0.06
20,B1_2,0.757,0.014,0.011,0.01,0.007,0.003,0.01,0.012,0.005,0.022,0.019,0.006,0.044,0.054,0.008,0.02
20,B1_3,0.07,0.03,0.097,0.031,0.033,0.064,0.017,0.192,0.036,0.18,0.022,0.095,0.08,0.026,0.011,0.016
20,A2_1,0.017,0.084,0.03,0.02,0.012,0.002,0.006,0.018,0.013,0.075,0.025,0.003,0.012,0.506,0.091,0.086
20,A2_2,0.027,0.018,0.024,0.015,0.023,0.045,0.09,0.033,0.027,0.01,0.077,0.117,0.461,0.007,0.007,0.019
20,A2_3,0.371,0.053,0.058,0.202,0.017,0.012,0.003,0.005,0.005,0.049,0.083,0.002,0.021,0.087,0.004,0.029
20,B2_1,0.005,0.185,0.03,0.262,0.018,0.02,0.038,0.018,0.149,0.048,0.111,0.021,0.015,0.018,0.034,0.028
20,B2_2,0.31,0.019,0.017,0.022,0.022,0.034,0.017,0.006,0.008,0.003,0.106,0.013,0.044,0.111,0.119,0.149
20,B2_3,0.092,0.14,0.103,0.146,0.067,0.028,0.038,0.037,0.149,0.028,0.062,0.057,0.037,0.005,0.006,0.006
20,y1,0.433,0.014,0.01,0.037,0.007,0.016,0.004,0.023,0.017,0.016,0.004,0.003,0.014,0.186,0.13,0.086
20,y2,0.003,0.029,0.386,0.069,0.104,0.011,0.031,0.072,0.059,0.072,0.039,0.026,0.046,0.028,0.01,0.015
20,y3,0.202,0.006,0.004,0.005,0.024,0.008,0.012,0.003,0.01,0.002,0.03,0.004,0.04,0.129,0.086,0.434
21,.,0.037,0.019,0.066,0.068,0.146,0.033,0.087,0.038,0.072,0.041,0.042,0.033,0.033,0.064,0.16,0.061
21,A1_1,0.582,0.03,0.004,0.006,0.006,0.007,0.009,0.006,0.004,0.009,0.039,0.016,0.028,0.169,0.019,0.066
21,A1_2,0.316,0.015,0.033,0.028,0.062,0.092,0.017,0.096,0.027,0.172,0.008,0.057,0.022,0.017,0.017,0.019
21,A1_3,0.046,0.053,0.071,0.101,0.018,0.005,0.006,0.06,0.026,0.052,0.011,0.005,0.007,0.248,0.199,0.093
21,B1_1,0.052,0.003,0.014,0.02,0.121,0.253,0.064,0.066,0.023,0.012,0.033,0.099,0.035,0.052,0.092,0.06
21,B1_2,0.766,0.012,0.011,0.008,0.007,0.003,0.009,0.011,0.005,0.021,0.02,0.006,0.05,0.05,0.007,0.016
21,B1_3,0.082,0.029,0.116,0.031,0.033,0.047,0.015,0.195,0.033,0.212,0.017,0.073,0.068,0.028,0.01,0.014
21,A2_1,0.013,0.068,0.027,0.018,0.008,0.002,0.004,0.016,0.011,0.081,0.02,0.002,0.009,0.6,0.064,0.058
21,A2_2,0.021,0.018,0.021,0.012,0.018,0.033,0.096,0.028,0.027,0.007,0.084,0.097,0.491,0.011,0.011,0.026
21,A2_3,0.411,0.038,0.043,0.191,0.02,0.016,0.003,0.004,0.004,0.039,0.096,0.003,0.024,0.075,0.003,0.029
21,B2_1,0.012,0.179,0.03,0.279,0.016,0.018,0.029,0.013,0.115,0.053,0.158,0.015,0.013,0.019,0.028,0.021
21,B2_2,0.234,0.023,0.031,0.023,0.031,0.031,0.014,0.013,0.01,0.004,0.057,0.01,0.033,0.182,0.137,0.166
21,B2_3,0.05,0.11,0.072,0.134,0.108,0.021,0.052,0.045,0.21,0.023,0.048,0.059,0.026,0.008,0.022,0.01
21,y1,0.503,0.008,0.009,0.03,0.01,0.013,0.003,0.013,0.014,0.009,0.006,0.003,0.017,0.203,0.068,0.091
21,y2,0.004,0.026,0.304,0.153,0.093,0.018,0.027,0.099,0.061,0.082,0.026,0.025,0.047,0.017,0.01,0.007
21,y3,0.13,0.007,0.003,0.006,0.012,0.005,0.004,0.003,0.009,0.001,0.014,0.002,0.02,0.225,0.079,0.48
22,.,0.036,0.019,0.067,0.07,0.145,0.033,0.093,0.039,0.078,0.04,0.042,0.032,0.034,0.064,0.149,0.06
22,A1_1,0.576,0.028,0.003,0.006,0.005,0.006,0.009,0.006,0.004,0.009,0.038,0.015,0.029,0.181,0.018,0.065
22,A1_2,0.303,0.015,0.033,0.031,0.059,0.104,0.02,0.108,0.034,0.155,0.009,0.059,0.023,0.016,0.014,0.017
22,A1_3,0.059,0.045,0.048,0.089,0.013,0.005,0.005,0.057,0.024,0.044,0.009,0.004,0.005,0.287,0.206,0.102
22,B1_1,0.038,0.003,0.016,0.02,0.131,0.234,0.079,0.077,0.025,0.012,0.032,0.107,0.041,0.045,0.083,0.055
22,B1_2,0.858,0.005,0.005,0.003,0.003,0.002,0.004,0.005,0.002,0.011,0.01,0.003,0.024,0.05,0.004,0.012
22,B1_3,0.038,0.031,0.115,0.038,0.033,0.054,0.022,0.231,0.052,0.177,0.02,0.087,0.077,0.012,0.006,0.007
22,A2_1,0.028,0.016,0.006,0.008,0.002,0.001,0.001,0.006,0.002,0.028,0.005,0.0,0.003,0.73,0.072,0.091
22,A2_2,0.009,0.018,0.017,0.01,0.023,0.038,0.145,0.033,0.027,0.007,0.113,0.16,0.382,0.004,0.004,0.008
22,A2_3,0.842,0.004,0.004,0.033,0.005,0.004,0.001,0.001,0.001,0.005,0.019,0.0,0.003,0.048,0.003,0.026
22,B2_1,0.002,0.195,0.05,0.151,0.018,0.016,0.041,0.045,0.103,0.038,0.251,0.032,0.039,0.005,0.007,0.007
22,B2_2,0.213,0.009,0.003,0.007,0.009,0.029,0.008,0.006,0.003,0.001,0.02,0.003,0.016,0.292,0.102,0.28
22,B2_3,0.094,0.108,0.041,0.043,0.054,0.041,0.196,0.056,0.082,0.022,0.063,0.123,0.066,0.002,0.004,0.003
22,y1,0.858,0.008,0.006,0.007,0.001,0.005,0.001,0.003,0.003,0.006,0.007,0.001,0.005,0.073,0.008,0.007
22,y2,0.002,0.113,0.309,0.053,0.082,0.004,0.022,0.079,0.063,0.145,0.011,0.011,0.012,0.021,0.026,0.047
22,y3,0.1,0.005,0.008,0.003,0.04,0.011,0.023,0.003,0.005,0.002,0.028,0.004,0.027,0.287,0.125,0.328
23,.,0.036,0.02,0.067,0.07,0.148,0.033,0.096,0.037,0.076,0.04,0.042,0.032,0.034,0.061,0.149,0.06
23,A1_1,0.601,0.027,0.003,0.006,0.005,0.006,0.009,0.006,0.004,0.009,0.037,0.015,0.027,0.167,0.016,0.063
23,A1_2,0.324,0.016,0.035,0.029,0.055,0.096,0.022,0.104,0.033,0.159,0.009,0.053,0.024,0.014,0.013,0.015
23,A1_3,0.054,0.05,0.052,0.088,0.012,0.005,0.005,0.059,0.024,0.05,0.008,0.004,0.005,0.27,0.21,0.104
23,B1_1,0.037,0.003,0.015,0.018,0.131,0.236,0.091,0.07,0.025,0.012,0.033,0.104,0.041,0.041,0.086,0.058
23,B1_2,0.853,0.005,0.005,0.003,0.003,0.002,0.004,0.005,0.002,0.012,0.012,0.004,0.026,0.049,0.004,0.011
23,B1_3,0.062,0.032,0.119,0.039,0.029,0.053,0.023,0.195,0.046,0.206,0.018,0.075,0.08,0.012,0.005,0.007
23,A2_1,0.021,0.026,0.01,0.011,0.003,0.001,0.001,0.009,0.003,0.037,0.006,0.001,0.003,0.7,0.082,0.086
23,A2_2,0.009,0.019,0.017,0.013,0.032,0.05,0.182,0.039,0.028,0.007,0.093,0.155,0.329,0.006,0.007,0.014
23,A2_3,0.852,0.005,0.006,0.032,0.005,0.005,0.001,0.001,0.001,0.007,0.023,0.001,0.004,0.039,0.002,0.018
23,B2_1,0.003,0.224,0.076,0.171,0.019,0.014,0.034,0.05,0.116,0.053,0.166,0.022,0.031,0.006,0.008,0.008
23,B2_2,0.122,0.008,0.003,0.005,0.009,0.024,0.006,0.007,0.003,0.001,0.014,0.002,0.009,0.38,0.135,0.272
23,B2_3,0.053,0.102,0.048,0.032,0.063,0.04,0.214,0.057,0.062,0.023,0.077,0.14,0.079,0.002,0.005,0.003
23,y1,0.876,0.003,0.006,0.003,0.001,0.004,0.001,0.002,0.003,0.004,0.007,0.001,0.006,0.069,0.007,0.008
23,y2,0.001,0.099,0.377,0.074,0.064,0.003,0.026,0.069,0.066,0.152,0.011,0.012,0.013,0.007,0.009,0.016
23,y3,0.079,0.002,0.003,0.003,0.018,0.004,0.008,0.001,0.003,0.001,0.018,0.001,0.016,0.276,0.112,0.454
24,.,0.036,0.021,0.07,0.068,0.143,0.035,0.099,0.038,0.075,0.04,0.04,0.032,0.034,0.063,0.143,0.062
24,A1_1,0.612,0.027,0.003,0.005,0.004,0.006,0.008,0.006,0.004,0.008,0.035,0.014,0.028,0.168,0.014,0.059
24,A1_2,0.32,0.02,0.04,0.03,0.047,0.099,0.022,0.116,0.034,0.148,0.008,0.053,0.024,0.013,0.011,0.016
24,A1_3,0.05,0.054,0.05,0.086,0.011,0.006,0.005,0.055,0.023,0.052,0.008,0.004,0.005,0.304,0.189,0.099
24,B1_1,0.038,0.003,0.016,0.018,0.121,0.265,0.09,0.066,0.024,0.01,0.031,0.098,0.043,0.04,0.076,0.061
24,B1_2,0.845,0.007,0.006,0.004,0.003,0.002,0.005,0.006,0.003,0.013,0.013,0.005,0.035,0.039,0.003,0.01
24,B1_3,0.075,0.04,0.149,0.048,0.021,0.048,0.017,0.198,0.041,0.198,0.015,0.05,0.071,0.017,0.005,0.009
24,A2_1,0.011,0.041,0.017,0.012,0.003,0.001,0.002,0.01,0.005,0.054,0.01,0.001,0.005,0.695,0.058,0.075
24,A2_2,0.008,0.015,0.018,0.009,0.018,0.026,0.14,0.016,0.025,0.003,0.109,0.078,0.507,0.006,0.005,0.016
