,,.,A1_1,A1_2,A1_3,B1_1,B1_2,B1_3,A2_1,A2_2,A2_3,B2_1,B2_2,B2_3,y1,y2,y3
1,.,1.0,0.851,0.916,0.887,0.74,0.824,0.751,0.763,0.854,0.869,0.731,0.78,0.7,0.674,0.834,0.763
1,A1_1,0.851,1.0,0.811,0.759,0.707,0.788,0.8,0.729,0.766,0.72,0.769,0.791,0.786,0.69,0.814,0.713
1,A1_2,0.916,0.811,1.0,0.904,0.826,0.851,0.83,0.774,0.834,0.846,0.726,0.805,0.725,0.796,0.901,0.817
1,A1_3,0.887,0.759,0.904,1.0,0.845,0.775,0.756,0.706,0.801,0.883,0.623,0.74,0.63,0.693,0.896,0.744
1,B1_1,0.74,0.707,0.826,0.845,1.0,0.772,0.742,0.653,0.751,0.787,0.62,0.794,0.697,0.674,0.85,0.758
1,B1_2,0.824,0.788,0.851,0.775,0.772,1.0,0.79,0.603,0.775,0.783,0.712,0.822,0.661,0.711,0.845,0.806
1,B1_3,0.751,0.8,0.83,0.756,0.742,0.79,1.0,0.72,0.802,0.645,0.772,0.82,0.793,0.825,0.819,0.758
1,A2_1,0.763,0.729,0.774,0.706,0.653,0.603,0.72,1.0,0.836,0.634,0.753,0.768,0.854,0.782,0.707,0.837
1,A2_2,0.854,0.766,0.834,0.801,0.751,0.775,0.802,0.836,1.0,0.757,0.753,0.757,0.846,0.721,0.841,0.815
1,A2_3,0.869,0.72,0.846,0.883,0.787,0.783,0.645,0.634,0.757,1.0,0.605,0.703,0.594,0.604,0.859,0.73
1,B2_1,0.731,0.769,0.726,0.623,0.62,0.712,0.772,0.753,0.753,0.605,1.0,0.806,0.823,0.798,0.693,0.813
1,B2_2,0.78,0.791,0.805,0.74,0.794,0.822,0.82,0.768,0.757,0.703,0.806,1.0,0.801,0.839,0.822,0.811
1,B2_3,0.7,0.786,0.725,0.63,0.697,0.661,0.793,0.854,0.846,0.594,0.823,0.801,1.0,0.824,0.722,0.791
1,y1,0.674,0.69,0.796,0.693,0.674,0.711,0.825,0.782,0.721,0.604,0.798,0.839,0.824,1.0,0.737,0.83
1,y2,0.834,0.814,0.901,0.896,0.85,0.845,0.819,0.707,0.841,0.859,0.693,0.822,0.722,0.737,1.0,0.748
1,y3,0.763,0.713,0.817,0.744,0.758,0.806,0.758,0.837,0.815,0.73,0.813,0.811,0.791,0.83,0.748,1.0
2,.,1.0,0.854,0.916,0.888,0.744,0.823,0.751,0.768,0.853,0.87,0.736,0.785,0.706,0.675,0.834,0.764
2,A1_1,0.854,1.0,0.814,0.762,0.712,0.791,0.802,0.735,0.768,0.724,0.772,0.794,0.789,0.692,0.815,0.716
2,A1_2,0.916,0.814,1.0,0.904,0.83,0.854,0.832,0.779,0.836,0.847,0.732,0.81,0.732,0.798,0.901,0.82
2,A1_3,0.888,0.762,0.904,1.0,0.846,0.776,0.755,0.71,0.801,0.885,0.626,0.741,0.634,0.692,0.896,0.743
2,B1_1,0.744,0.712,0.83,0.846,1.0,0.778,0.744,0.66,0.754,0.791,0.624,0.796,0.702,0.677,0.853,0.762
2,B1_2,0.823,0.791,0.854,0.776,0.778,1.0,0.795,0.613,0.778,0.784,0.717,0.826,0.671,0.716,0.847,0.811
2,B1_3,0.751,0.802,0.832,0.755,0.744,0.795,1.0,0.726,0.804,0.646,0.775,0.821,0.798,0.828,0.82,0.762
2,A2_1,0.768,0.735,0.779,0.71,0.66,0.613,0.726,1.0,0.838,0.639,0.76,0.773,0.859,0.785,0.71,0.84
2,A2_2,0.853,0.768,0.836,0.801,0.754,0.778,0.804,0.838,1.0,0.758,0.756,0.758,0.85,0.723,0.841,0.817
2,A2_3,0.87,0.724,0.847,0.885,0.791,0.784,0.646,0.639,0.758,1.0,0.61,0.707,0.6,0.605,0.86,0.73
2,B2_1,0.736,0.772,0.732,0.626,0.624,0.717,0.775,0.76,0.756,0.61,1.0,0.808,0.826,0.799,0.696,0.815
2,B2_2,0.785,0.794,0.81,0.741,0.796,0.826,0.821,0.773,0.758,0.707,0.808,1.0,0.804,0.839,0.823,0.814
2,B2_3,0.706,0.789,0.732,0.634,0.702,0.671,0.798,0.859,0.85,0.6,0.826,0.804,1.0,0.825,0.725,0.797
2,y1,0.675,0.692,0.798,0.692,0.677,0.716,0.828,0.785,0.723,0.605,0.799,0.839,0.825,1.0,0.738,0.832
2,y2,0.834,0.815,0.901,0.896,0.853,0.847,0.82,0.71,0.841,0.86,0.696,0.823,0.725,0.738,1.0,0.749
2,y3,0.764,0.716,0.82,0.743,0.762,0.811,0.762,0.84,0.817,0.73,0.815,0.814,0.797,0.832,0.749,1.0
3,.,1.0,0.857,0.916,0.888,0.748,0.823,0.752,0.771,0.853,0.871,0.742,0.789,0.711,0.677,0.833,0.764
3,A1_1,0.857,1.0,0.817,0.766,0.718,0.795,0.804,0.741,0.772,0.728,0.776,0.798,0.792,0.695,0.817,0.72
3,A1_2,0.916,0.817,1.0,0.905,0.835,0.857,0.835,0.785,0.838,0.848,0.738,0.816,0.739,0.8,0.903,0.823
3,A1_3,0.888,0.766,0.905,1.0,0.847,0.777,0.754,0.713,0.802,0.887,0.631,0.743,0.638,0.692,0.897,0.743
3,B1_1,0.748,0.718,0.835,0.847,1.0,0.784,0.748,0.669,0.757,0.795,0.63,0.8,0.709,0.682,0.856,0.767
3,B1_2,0.823,0.795,0.857,0.777,0.784,1.0,0.801,0.624,0.782,0.785,0.723,0.831,0.682,0.722,0.85,0.816
3,B1_3,0.752,0.804,0.835,0.754,0.748,0.801,1.0,0.733,0.806,0.648,0.779,0.824,0.803,0.832,0.822,0.768
3,A2_1,0.771,0.741,0.785,0.713,0.669,0.624,0.733,1.0,0.842,0.644,0.767,0.779,0.864,0.788,0.714,0.844
3,A2_2,0.853,0.772,0.838,0.802,0.757,0.782,0.806,0.842,1.0,0.759,0.761,0.761,0.853,0.725,0.842,0.82
3,A2_3,0.871,0.728,0.848,0.887,0.795,0.785,0.648,0.644,0.759,1.0,0.615,0.711,0.606,0.607,0.861,0.73
3,B2_1,0.742,0.776,0.738,0.631,0.63,0.723,0.779,0.767,0.761,0.615,1.0,0.811,0.83,0.802,0.7,0.818
3,B2_2,0.789,0.798,0.816,0.743,0.8,0.831,0.824,0.779,0.761,0.711,0.811,1.0,0.808,0.841,0.825,0.818
3,B2_3,0.711,0.792,0.739,0.638,0.709,0.682,0.803,0.864,0.853,0.606,0.83,0.808,1.0,0.828,0.73,0.804
3,y1,0.677,0.695,0.8,0.692,0.682,0.722,0.832,0.788,0.725,0.607,0.802,0.841,0.828,1.0,0.74,0.835
3,y2,0.833,0.817,0.903,0.897,0.856,0.85,0.822,0.714,0.842,0.861,0.7,0.825,0.73,0.74,1.0,0.751
3,y3,0.764,0.72,0.823,0.743,0.767,0.816,0.768,0.844,0.82,0.73,0.818,0.818,0.804,0.835,0.751,1.0
4,.,1.0,0.861,0.916,0.889,0.752,0.823,0.751,0.775,0.852,0.872,0.747,0.793,0.716,0.678,0.833,0.764
4,A1_1,0.861,1.0,0.821,0.77,0.725,0.799,0.806,0.748,0.775,0.732,0.781,0.802,0.796,0.699,0.82,0.724
4,A1_2,0.916,0.821,1.0,0.905,0.841,0.86,0.838,0.791,0.84,0.849,0.745,0.821,0.747,0.802,0.904,0.826
4,A1_3,0.889,0.77,0.905,1.0,0.849,0.778,0.754,0.717,0.802,0.888,0.636,0.745,0.643,0.692,0.897,0.743
4,B1_1,0.752,0.725,0.841,0.849,1.0,0.791,0.754,0.678,0.762,0.798,0.638,0.806,0.717,0.689,0.86,0.772
4,B1_2,0.823,0.799,0.86,0.778,0.791,1.0,0.807,0.635,0.786,0.787,0.73,0.837,0.694,0.729,0.852,0.822
4,B1_3,0.751,0.806,0.838,0.754,0.754,0.807,1.0,0.74,0.809,0.651,0.783,0.828,0.809,0.836,0.824,0.775
4,A2_1,0.775,0.748,0.791,0.717,0.678,0.635,0.74,1.0,0.845,0.65,0.775,0.784,0.869,0.791,0.72,0.847
4,A2_2,0.852,0.775,0.84,0.802,0.762,0.786,0.809,0.845,1.0,0.761,0.766,0.763,0.857,0.728,0.843,0.823
4,A2_3,0.872,0.732,0.849,0.888,0.798,0.787,0.651,0.65,0.761,1.0,0.621,0.715,0.612,0.61,0.863,0.731
4,B2_1,0.747,0.781,0.745,0.636,0.638,0.73,0.783,0.775,0.766,0.621,1.0,0.816,0.835,0.805,0.705,0.822
4,B2_2,0.793,0.802,0.821,0.745,0.806,0.837,0.828,0.784,0.763,0.715,0.816,1.0,0.812,0.842,0.826,0.822
4,B2_3,0.716,0.796,0.747,0.643,0.717,0.694,0.809,0.869,0.857,0.612,0.835,0.812,1.0,0.831,0.734,0.811
4,y1,0.678,0.699,0.802,0.692,0.689,0.729,0.836,0.791,0.728,0.61,0.805,0.842,0.831,1.0,0.743,0.838
4,y2,0.833,0.82,0.904,0.897,0.86,0.852,0.824,0.72,0.843,0.863,0.705,0.826,0.734,0.743,1.0,0.754
4,y3,0.764,0.724,0.826,0.743,0.772,0.822,0.775,0.847,0.823,0.731,0.822,0.822,0.811,0.838,0.754,1.0
5,.,1.0,0.864,0.916,0.89,0.756,0.822,0.75,0.779,0.851,0.873,0.752,0.796,0.72,0.679,0.832,0.764
5,A1_1,0.864,1.0,0.825,0.773,0.732,0.804,0.808,0.754,0.779,0.736,0.786,0.806,0.799,0.702,0.822,0.728
5,A1_2,0.916,0.825,1.0,0.906,0.846,0.863,0.841,0.796,0.842,0.851,0.752,0.826,0.754,0.804,0.905,0.828
5,A1_3,0.89,0.773,0.906,1.0,0.85,0.779,0.753,0.721,0.803,0.89,0.641,0.746,0.647,0.692,0.898,0.742
5,B1_1,0.756,0.732,0.846,0.85,1.0,0.798,0.76,0.688,0.767,0.802,0.647,0.811,0.725,0.696,0.863,0.778
5,B1_2,0.822,0.804,0.863,0.779,0.798,1.0,0.813,0.646,0.79,0.788,0.738,0.843,0.705,0.735,0.854,0.827
5,B1_3,0.75,0.808,0.841,0.753,0.76,0.813,1.0,0.746,0.812,0.653,0.788,0.831,0.816,0.84,0.827,0.782
5,A2_1,0.779,0.754,0.796,0.721,0.688,0.646,0.746,1.0,0.848,0.655,0.783,0.789,0.873,0.794,0.725,0.85
5,A2_2,0.851,0.779,0.842,0.803,0.767,0.79,0.812,0.848,1.0,0.762,0.771,0.766,0.86,0.731,0.844,0.826
5,A2_3,0.873,0.736,0.851,0.89,0.802,0.788,0.653,0.655,0.762,1.0,0.627,0.718,0.618,0.611,0.863,0.731
5,B2_1,0.752,0.786,0.752,0.641,0.647,0.738,0.788,0.783,0.771,0.627,1.0,0.82,0.839,0.808,0.711,0.826
5,B2_2,0.796,0.806,0.826,0.746,0.811,0.843,0.831,0.789,0.766,0.718,0.82,1.0,0.817,0.844,0.828,0.826
5,B2_3,0.72,0.799,0.754,0.647,0.725,0.705,0.816,0.873,0.86,0.618,0.839,0.817,1.0,0.834,0.739,0.818
5,y1,0.679,0.702,0.804,0.692,0.696,0.735,0.84,0.794,0.731,0.611,0.808,0.844,0.834,1.0,0.746,0.841
5,y2,0.832,0.822,0.905,0.898,0.863,0.854,0.827,0.725,0.844,0.863,0.711,0.828,0.739,0.746,1.0,0.757
5,y3,0.764,0.728,0.828,0.742,0.778,0.827,0.782,0.85,0.826,0.731,0.826,0.826,0.818,0.841,0.757,1.0
6,.,1.0,0.866,0.916,0.89,0.758,0.821,0.749,0.782,0.85,0.874,0.756,0.797,0.723,0.679,0.831,0.762
6,A1_1,0.866,1.0,0.829,0.776,0.738,0.808,0.81,0.761,0.782,0.74,0.79,0.809,0.802,0.705,0.825,0.732
6,A1_2,0.916,0.829,1.0,0.906,0.851,0.866,0.843,0.801,0.845,0.852,0.758,0.83,0.76,0.806,0.906,0.831
6,A1_3,0.89,0.776,0.906,1.0,0.85,0.78,0.752,0.725,0.805,0.892,0.645,0.746,0.65,0.692,0.898,0.742
6,B1_1,0.758,0.738,0.851,0.85,1.0,0.805,0.766,0.697,0.772,0.804,0.657,0.816,0.733,0.703,0.867,0.784
6,B1_2,0.821,0.808,0.866,0.78,0.805,1.0,0.82,0.656,0.794,0.788,0.746,0.848,0.717,0.742,0.857,0.832
6,B1_3,0.749,0.81,0.843,0.752,0.766,0.82,1.0,0.753,0.814,0.655,0.794,0.836,0.822,0.844,0.829,0.789
6,A2_1,0.782,0.761,0.801,0.725,0.697,0.656,0.753,1.0,0.852,0.66,0.79,0.794,0.877,0.796,0.73,0.853
6,A2_2,0.85,0.782,0.845,0.805,0.772,0.794,0.814,0.852,1.0,0.764,0.776,0.769,0.863,0.734,0.846,0.829
6,A2_3,0.874,0.74,0.852,0.892,0.804,0.788,0.655,0.66,0.764,1.0,0.632,0.721,0.622,0.613,0.864,0.731
6,B2_1,0.756,0.79,0.758,0.645,0.657,0.746,0.794,0.79,0.776,0.632,1.0,0.825,0.844,0.811,0.716,0.831
6,B2_2,0.797,0.809,0.83,0.746,0.816,0.848,0.836,0.794,0.769,0.721,0.825,1.0,0.823,0.846,0.829,0.831
6,B2_3,0.723,0.802,0.76,0.65,0.733,0.717,0.822,0.877,0.863,0.622,0.844,0.823,1.0,0.837,0.744,0.825
6,y1,0.679,0.705,0.806,0.692,0.703,0.742,0.844,0.796,0.734,0.613,0.811,0.846,0.837,1.0,0.748,0.845
6,y2,0.831,0.825,0.906,0.898,0.867,0.857,0.829,0.73,0.846,0.864,0.716,0.829,0.744,0.748,1.0,0.76
6,y3,0.762,0.732,0.831,0.742,0.784,0.832,0.789,0.853,0.829,0.731,0.831,0.831,0.825,0.845,0.76,1.0
7,.,1.0,0.868,0.915,0.89,0.759,0.819,0.745,0.784,0.848,0.874,0.759,0.797,0.723,0.676,0.829,0.759
7,A1_1,0.868,1.0,0.832,0.779,0.744,0.811,0.811,0.766,0.785,0.743,0.794,0.812,0.805,0.708,0.827,0.735
7,A1_2,0.915,0.832,1.0,0.906,0.855,0.868,0.845,0.806,0.847,0.853,0.764,0.833,0.766,0.807,0.907,0.833
7,A1_3,0.89,0.779,0.906,1.0,0.85,0.779,0.75,0.728,0.805,0.893,0.648,0.744,0.651,0.69,0.898,0.74
7,B1_1,0.759,0.744,0.855,0.85,1.0,0.811,0.773,0.705,0.776,0.806,0.665,0.821,0.741,0.709,0.87,0.789
7,B1_2,0.819,0.811,0.868,0.779,0.811,1.0,0.825,0.664,0.797,0.788,0.753,0.853,0.727,0.747,0.858,0.837
7,B1_3,0.745,0.811,0.845,0.75,0.773,0.825,1.0,0.758,0.816,0.655,0.799,0.839,0.828,0.848,0.831,0.795
7,A2_1,0.784,0.766,0.806,0.728,0.705,0.664,0.758,1.0,0.854,0.664,0.796,0.797,0.88,0.798,0.734,0.856
7,A2_2,0.848,0.785,0.847,0.805,0.776,0.797,0.816,0.854,1.0,0.764,0.781,0.771,0.865,0.736,0.848,0.831
7,A2_3,0.874,0.743,0.853,0.893,0.806,0.788,0.655,0.664,0.764,1.0,0.636,0.721,0.625,0.612,0.864,0.73
7,B2_1,0.759,0.794,0.764,0.648,0.665,0.753,0.799,0.796,0.781,0.636,1.0,0.829,0.848,0.814,0.721,0.834
7,B2_2,0.797,0.812,0.833,0.744,0.821,0.853,0.839,0.797,0.771,0.721,0.829,1.0,0.827,0.848,0.829,0.834
7,B2_3,0.723,0.805,0.766,0.651,0.741,0.727,0.828,0.88,0.865,0.625,0.848,0.827,1.0,0.839,0.747,0.831
7,y1,0.676,0.708,0.807,0.69,0.709,0.747,0.848,0.798,0.736,0.612,0.814,0.848,0.839,1.0,0.75,0.847
7,y2,0.829,0.827,0.907,0.898,0.87,0.858,0.831,0.734,0.848,0.864,0.721,0.829,0.747,0.75,1.0,0.762
7,y3,0.759,0.735,0.833,0.74,0.789,0.837,0.795,0.856,0.831,0.73,0.834,0.834,0.831,0.847,0.762,1.0
8,.,1.0,0.87,0.914,0.89,0.759,0.815,0.74,0.784,0.846,0.874,0.761,0.794,0.722,0.672,0.827,0.755
8,A1_1,0.87,1.0,0.835,0.78,0.749,0.814,0.812,0.771,0.788,0.746,0.798,0.814,0.806,0.709,0.829,0.737
8,A1_2,0.914,0.835,1.0,0.905,0.859,0.869,0.846,0.81,0.849,0.853,0.769,0.835,0.77,0.807,0.908,0.834
8,A1_3,0.89,0.78,0.905,1.0,0.849,0.777,0.746,0.73,0.805,0.894,0.65,0.741,0.651,0.686,0.897,0.738
8,B1_1,0.759,0.749,0.859,0.849,1.0,0.816,0.778,0.713,0.78,0.807,0.673,0.826,0.748,0.714,0.872,0.794
8,B1_2,0.815,0.814,0.869,0.777,0.816,1.0,0.83,0.672,0.8,0.786,0.759,0.858,0.736,0.752,0.859,0.84
8,B1_3,0.74,0.812,0.846,0.746,0.778,0.83,1.0,0.763,0.817,0.654,0.803,0.843,0.834,0.851,0.832,0.8
8,A2_1,0.784,0.771,0.81,0.73,0.713,0.672,0.763,1.0,0.857,0.667,0.801,0.799,0.882,0.799,0.738,0.857
8,A2_2,0.846,0.788,0.849,0.805,0.78,0.8,0.817,0.857,1.0,0.765,0.784,0.772,0.866,0.737,0.849,0.832
8,A2_3,0.874,0.746,0.853,0.894,0.807,0.786,0.654,0.667,0.765,1.0,0.639,0.72,0.626,0.61,0.864,0.728
8,B2_1,0.761,0.798,0.769,0.65,0.673,0.759,0.803,0.801,0.784,0.639,1.0,0.833,0.852,0.817,0.725,0.838
8,B2_2,0.794,0.814,0.835,0.741,0.826,0.858,0.843,0.799,0.772,0.72,0.833,1.0,0.832,0.849,0.829,0.837
8,B2_3,0.722,0.806,0.77,0.651,0.748,0.736,0.834,0.882,0.866,0.626,0.852,0.832,1.0,0.841,0.75,0.836
8,y1,0.672,0.709,0.807,0.686,0.714,0.752,0.851,0.799,0.737,0.61,0.817,0.849,0.841,1.0,0.751,0.85
8,y2,0.827,0.829,0.908,0.897,0.872,0.859,0.832,0.738,0.849,0.864,0.725,0.829,0.75,0.751,1.0,0.763
8,y3,0.755,0.737,0.834,0.738,0.794,0.84,0.8,0.857,0.832,0.728,0.838,0.837,0.836,0.85,0.763,1.0
9,.,1.0,0.87,0.912,0.889,0.756,0.81,0.733,0.784,0.842,0.873,0.76,0.79,0.717,0.666,0.823,0.749
9,A1_1,0.87,1.0,0.838,0.78,0.753,0.817,0.812,0.775,0.79,0.747,0.801,0.815,0.807,0.709,0.83,0.738
9,A1_2,0.912,0.838,1.0,0.904,0.861,0.87,0.846,0.812,0.85,0.853,0.773,0.836,0.772,0.806,0.909,0.834
9,A1_3,0.889,0.78,0.904,1.0,0.846,0.773,0.741,0.73,0.804,0.894,0.65,0.736,0.648,0.681,0.896,0.734
9,B1_1,0.756,0.753,0.861,0.846,1.0,0.821,0.784,0.718,0.782,0.806,0.68,0.829,0.753,0.718,0.874,0.797
9,B1_2,0.81,0.817,0.87,0.773,0.821,1.0,0.835,0.678,0.801,0.783,0.765,0.861,0.744,0.755,0.86,0.843
9,B1_3,0.733,0.812,0.846,0.741,0.784,0.835,1.0,0.766,0.818,0.651,0.807,0.846,0.839,0.853,0.832,0.804
9,A2_1,0.784,0.775,0.812,0.73,0.718,0.678,0.766,1.0,0.859,0.668,0.806,0.801,0.883,0.799,0.74,0.858
9,A2_2,0.842,0.79,0.85,0.804,0.782,0.801,0.818,0.859,1.0,0.764,0.787,0.771,0.866,0.737,0.849,0.833
9,A2_3,0.873,0.747,0.853,0.894,0.806,0.783,0.651,0.668,0.764,1.0,0.64,0.718,0.624,0.606,0.862,0.724
9,B2_1,0.76,0.801,0.773,0.65,0.68,0.765,0.807,0.806,0.787,0.64,1.0,0.836,0.855,0.818,0.727,0.84
9,B2_2,0.79,0.815,0.836,0.736,0.829,0.861,0.846,0.801,0.771,0.718,0.836,1.0,0.836,0.85,0.827,0.839
9,B2_3,0.717,0.807,0.772,0.648,0.753,0.744,0.839,0.883,0.866,0.624,0.855,0.836,1.0,0.843,0.751,0.84
9,y1,0.666,0.709,0.806,0.681,0.718,0.755,0.853,0.799,0.737,0.606,0.818,0.85,0.843,1.0,0.751,0.852
9,y2,0.823,0.83,0.909,0.896,0.874,0.86,0.832,0.74,0.849,0.862,0.727,0.827,0.751,0.751,1.0,0.764
9,y3,0.749,0.738,0.834,0.734,0.797,0.843,0.804,0.858,0.833,0.724,0.84,0.839,0.84,0.852,0.764,1.0
10,.,1.0,0.869,0.91,0.887,0.752,0.804,0.724,0.782,0.838,0.872,0.758,0.784,0.711,0.657,0.818,0.741
10,A1_1,0.869,1.0,0.84,0.78,0.755,0.818,0.812,0.778,0.791,0.747,0.803,0.815,0.807,0.708,0.83,0.738
10,A1_2,0.91,0.84,1.0,0.903,0.863,0.87,0.845,0.815,0.85,0.852,0.776,0.836,0.774,0.804,0.909,0.833
10,A1_3,0.887,0.78,0.903,1.0,0.842,0.769,0.733,0.73,0.802,0.894,0.648,0.728,0.643,0.674,0.894,0.728
10,B1_1,0.752,0.755,0.863,0.842,1.0,0.824,0.788,0.723,0.784,0.804,0.685,0.832,0.758,0.721,0.875,0.8
10,B1_2,0.804,0.818,0.87,0.769,0.824,1.0,0.838,0.682,0.802,0.779,0.769,0.864,0.75,0.758,0.859,0.845
10,B1_3,0.724,0.812,0.845,0.733,0.788,0.838,1.0,0.768,0.817,0.646,0.81,0.849,0.843,0.855,0.832,0.808
10,A2_1,0.782,0.778,0.815,0.73,0.723,0.682,0.768,1.0,0.86,0.669,0.809,0.801,0.884,0.798,0.742,0.859
10,A2_2,0.838,0.791,0.85,0.802,0.784,0.802,0.817,0.86,1.0,0.762,0.789,0.77,0.865,0.736,0.85,0.833
10,A2_3,0.872,0.747,0.852,0.894,0.804,0.779,0.646,0.669,0.762,1.0,0.64,0.713,0.62,0.601,0.861,0.719
10,B2_1,0.758,0.803,0.776,0.648,0.685,0.769,0.81,0.809,0.789,0.64,1.0,0.839,0.858,0.82,0.729,0.842
10,B2_2,0.784,0.815,0.836,0.728,0.832,0.864,0.849,0.801,0.77,0.713,0.839,1.0,0.839,0.85,0.825,0.84
10,B2_3,0.711,0.807,0.774,0.643,0.758,0.75,0.843,0.884,0.865,0.62,0.858,0.839,1.0,0.844,0.752,0.843
10,y1,0.657,0.708,0.804,0.674,0.721,0.758,0.855,0.798,0.736,0.601,0.82,0.85,0.844,1.0,0.75,0.853
10,y2,0.818,0.83,0.909,0.894,0.875,0.859,0.832,0.742,0.85,0.861,0.729,0.825,0.752,0.75,1.0,0.763
10,y3,0.741,0.738,0.833,0.728,0.8,0.845,0.808,0.859,0.833,0.719,0.842,0.84,0.843,0.853,0.763,1.0
11,.,1.0,0.868,0.907,0.885,0.746,0.796,0.713,0.779,0.833,0.87,0.754,0.775,0.702,0.646,0.813,0.732
11,A1_1,0.868,1.0,0.841,0.778,0.757,0.819,0.81,0.78,0.792,0.746,0.804,0.815,0.806,0.706,0.83,0.737
11,A1_2,0.907,0.841,1.0,0.901,0.864,0.869,0.843,0.816,0.85,0.851,0.777,0.834,0.773,0.8,0.908,0.831
11,A1_3,0.885,0.778,0.901,1.0,0.837,0.762,0.724,0.728,0.799,0.894,0.644,0.719,0.635,0.664,0.891,0.721
11,B1_1,0.746,0.757,0.864,0.837,1.0,0.827,0.792,0.726,0.785,0.801,0.69,0.834,0.762,0.723,0.876,0.802
11,B1_2,0.796,0.819,0.869,0.762,0.827,1.0,0.841,0.685,0.802,0.774,0.773,0.867,0.756,0.759,0.858,0.846
11,B1_3,0.713,0.81,0.843,0.724,0.792,0.841,1.0,0.769,0.816,0.639,0.812,0.851,0.847,0.856,0.83,0.811
11,A2_1,0.779,0.78,0.816,0.728,0.726,0.685,0.769,1.0,0.861,0.668,0.812,0.8,0.883,0.796,0.743,0.858
11,A2_2,0.833,0.792,0.85,0.799,0.785,0.802,0.816,0.861,1.0,0.76,0.79,0.768,0.864,0.734,0.85,0.832
11,A2_3,0.87,0.746,0.851,0.894,0.801,0.774,0.639,0.668,0.76,1.0,0.637,0.706,0.615,0.593,0.858,0.713
11,B2_1,0.754,0.804,0.777,0.644,0.69,0.773,0.812,0.812,0.79,0.637,1.0,0.842,0.86,0.82,0.73,0.844
11,B2_2,0.775,0.815,0.834,0.719,0.834,0.867,0.851,0.8,0.768,0.706,0.842,1.0,0.842,0.849,0.822,0.84
11,B2_3,0.702,0.806,0.773,0.635,0.762,0.756,0.847,0.883,0.864,0.615,0.86,0.842,1.0,0.844,0.751,0.845
11,y1,0.646,0.706,0.8,0.664,0.723,0.759,0.856,0.796,0.734,0.593,0.82,0.849,0.844,1.0,0.748,0.853
11,y2,0.813,0.83,0.908,0.891,0.876,0.858,0.83,0.743,0.85,0.858,0.73,0.822,0.751,0.748,1.0,0.762
11,y3,0.732,0.737,0.831,0.721,0.802,0.846,0.811,0.858,0.832,0.713,0.844,0.84,0.845,0.853,0.762,1.0
12,.,1.0,0.865,0.903,0.882,0.738,0.786,0.699,0.774,0.826,0.868,0.747,0.765,0.69,0.633,0.805,0.719
12,A1_1,0.865,1.0,0.841,0.774,0.758,0.82,0.808,0.782,0.791,0.743,0.805,0.813,0.804,0.702,0.829,0.735
12,A1_2,0.903,0.841,1.0,0.898,0.864,0.867,0.839,0.816,0.85,0.849,0.777,0.831,0.772,0.795,0.907,0.828
12,A1_3,0.882,0.774,0.898,1.0,0.831,0.754,0.711,0.725,0.795,0.893,0.637,0.707,0.624,0.653,0.887,0.712
12,B1_1,0.738,0.758,0.864,0.831,1.0,0.829,0.794,0.728,0.785,0.796,0.693,0.835,0.765,0.724,0.876,0.803
12,B1_2,0.786,0.82,0.867,0.754,0.829,1.0,0.843,0.686,0.8,0.767,0.776,0.868,0.76,0.759,0.857,0.846
12,B1_3,0.699,0.808,0.839,0.711,0.794,0.843,1.0,0.769,0.813,0.63,0.814,0.852,0.85,0.856,0.827,0.812
12,A2_1,0.774,0.782,0.816,0.725,0.728,0.686,0.769,1.0,0.862,0.665,0.814,0.799,0.882,0.793,0.743,0.857
12,A2_2,0.826,0.791,0.85,0.795,0.785,0.8,0.813,0.862,1.0,0.756,0.789,0.765,0.861,0.73,0.849,0.83
12,A2_3,0.868,0.743,0.849,0.893,0.796,0.767,0.63,0.665,0.756,1.0,0.632,0.697,0.606,0.583,0.855,0.704
12,B2_1,0.747,0.805,0.777,0.637,0.693,0.776,0.814,0.814,0.789,0.632,1.0,0.843,0.862,0.82,0.729,0.844
12,B2_2,0.765,0.813,0.831,0.707,0.835,0.868,0.852,0.799,0.765,0.697,0.843,1.0,0.844,0.847,0.817,0.839
12,B2_3,0.69,0.804,0.772,0.624,0.765,0.76,0.85,0.882,0.861,0.606,0.862,0.844,1.0,0.844,0.749,0.847
12,y1,0.633,0.702,0.795,0.653,0.724,0.759,0.856,0.793,0.73,0.583,0.82,0.847,0.844,1.0,0.744,0.853
12,y2,0.805,0.829,0.907,0.887,0.876,0.857,0.827,0.743,0.849,0.855,0.729,0.817,0.749,0.744,1.0,0.76
12,y3,0.719,0.735,0.828,0.712,0.803,0.846,0.812,0.857,0.83,0.704,0.844,0.839,0.847,0.853,0.76,1.0
13,.,1.0,0.861,0.899,0.879,0.727,0.775,0.682,0.769,0.819,0.865,0.739,0.751,0.675,0.616,0.797,0.705
13,A1_1,0.861,1.0,0.841,0.769,0.758,0.819,0.805,0.783,0.791,0.74,0.804,0.811,0.801,0.697,0.828,0.732
13,A1_2,0.899,0.841,1.0,0.895,0.863,0.864,0.834,0.816,0.849,0.846,0.776,0.826,0.768,0.789,0.906,0.824
13,A1_3,0.879,0.769,0.895,1.0,0.823,0.743,0.697,0.72,0.791,0.892,0.629,0.692,0.611,0.639,0.883,0.701
13,B1_1,0.727,0.758,0.863,0.823,1.0,0.83,0.796,0.729,0.784,0.79,0.695,0.835,0.768,0.723,0.875,0.803
13,B1_2,0.775,0.819,0.864,0.743,0.83,1.0,0.845,0.686,0.798,0.758,0.778,0.869,0.764,0.758,0.854,0.845
13,B1_3,0.682,0.805,0.834,0.697,0.796,0.845,1.0,0.768,0.809,0.618,0.816,0.854,0.854,0.856,0.824,0.813
13,A2_1,0.769,0.783,0.816,0.72,0.729,0.686,0.768,1.0,0.862,0.662,0.814,0.796,0.88,0.789,0.742,0.855
13,A2_2,0.819,0.791,0.849,0.791,0.784,0.798,0.809,0.862,1.0,0.751,0.788,0.76,0.858,0.724,0.848,0.827
13,A2_3,0.865,0.74,0.846,0.892,0.79,0.758,0.618,0.662,0.751,1.0,0.625,0.686,0.595,0.571,0.851,0.695
13,B2_1,0.739,0.804,0.776,0.629,0.695,0.778,0.816,0.814,0.788,0.625,1.0,0.845,0.863,0.819,0.727,0.844
13,B2_2,0.751,0.811,0.826,0.692,0.835,0.869,0.854,0.796,0.76,0.686,0.845,1.0,0.846,0.845,0.812,0.837
13,B2_3,0.675,0.801,0.768,0.611,0.768,0.764,0.854,0.88,0.858,0.595,0.863,0.846,1.0,0.843,0.745,0.847
13,y1,0.616,0.697,0.789,0.639,0.723,0.758,0.856,0.789,0.724,0.571,0.819,0.845,0.843,1.0,0.74,0.853
13,y2,0.797,0.828,0.906,0.883,0.875,0.854,0.824,0.742,0.848,0.851,0.727,0.812,0.745,0.74,1.0,0.757
13,y3,0.705,0.732,0.824,0.701,0.803,0.845,0.813,0.855,0.827,0.695,0.844,0.837,0.847,0.853,0.757,1.0
14,.,1.0,0.855,0.894,0.875,0.714,0.761,0.663,0.762,0.811,0.862,0.728,0.736,0.658,0.598,0.787,0.689
14,A1_1,0.855,1.0,0.841,0.763,0.757,0.818,0.801,0.783,0.789,0.735,0.803,0.808,0.798,0.691,0.825,0.728
14,A1_2,0.894,0.841,1.0,0.891,0.861,0.861,0.828,0.816,0.847,0.843,0.774,0.821,0.763,0.782,0.904,0.819
14,A1_3,0.875,0.763,0.891,1.0,0.813,0.731,0.68,0.715,0.786,0.891,0.618,0.675,0.595,0.623,0.878,0.689
14,B1_1,0.714,0.757,0.861,0.813,1.0,0.831,0.798,0.73,0.782,0.782,0.697,0.835,0.769,0.722,0.874,0.802
14,B1_2,0.761,0.818,0.861,0.731,0.831,1.0,0.846,0.686,0.796,0.748,0.779,0.87,0.766,0.756,0.851,0.844
14,B1_3,0.663,0.801,0.828,0.68,0.798,0.846,1.0,0.765,0.805,0.604,0.817,0.854,0.856,0.855,0.819,0.814
14,A2_1,0.762,0.783,0.816,0.715,0.73,0.686,0.765,1.0,0.862,0.657,0.814,0.792,0.876,0.784,0.741,0.853
14,A2_2,0.811,0.789,0.847,0.786,0.782,0.796,0.805,0.862,1.0,0.746,0.786,0.754,0.853,0.718,0.847,0.824
14,A2_3,0.862,0.735,0.843,0.891,0.782,0.748,0.604,0.657,0.746,1.0,0.617,0.673,0.581,0.556,0.846,0.684
14,B2_1,0.728,0.803,0.774,0.618,0.697,0.779,0.817,0.814,0.786,0.617,1.0,0.846,0.863,0.817,0.724,0.844
14,B2_2,0.736,0.808,0.821,0.675,0.835,0.87,0.854,0.792,0.754,0.673,0.846,1.0,0.848,0.842,0.805,0.835
14,B2_3,0.658,0.798,0.763,0.595,0.769,0.766,0.856,0.876,0.853,0.581,0.863,0.848,1.0,0.841,0.741,0.847
14,y1,0.598,0.691,0.782,0.623,0.722,0.756,0.855,0.784,0.718,0.556,0.817,0.842,0.841,1.0,0.734,0.852
14,y2,0.787,0.825,0.904,0.878,0.874,0.851,0.819,0.741,0.847,0.846,0.724,0.805,0.741,0.734,1.0,0.753
14,y3,0.689,0.728,0.819,0.689,0.802,0.844,0.814,0.853,0.824,0.684,0.844,0.835,0.847,0.852,0.753,1.0
15,.,1.0,0.849,0.889,0.871,0.699,0.746,0.64,0.754,0.801,0.859,0.715,0.718,0.637,0.576,0.776,0.67
15,A1_1,0.849,1.0,0.84,0.756,0.755,0.817,0.796,0.783,0.787,0.73,0.802,0.805,0.793,0.684,0.823,0.723
15,A1_2,0.889,0.84,1.0,0.887,0.859,0.856,0.821,0.814,0.845,0.84,0.771,0.814,0.757,0.773,0.902,0.813
15,A1_3,0.871,0.756,0.887,1.0,0.801,0.717,0.661,0.709,0.78,0.89,0.605,0.655,0.577,0.606,0.872,0.676
15,B1_1,0.699,0.755,0.859,0.801,1.0,0.831,0.799,0.729,0.78,0.772,0.697,0.835,0.77,0.72,0.872,0.801
15,B1_2,0.746,0.817,0.856,0.717,0.831,1.0,0.847,0.684,0.792,0.737,0.781,0.871,0.768,0.754,0.847,0.842
15,B1_3,0.64,0.796,0.821,0.661,0.799,0.847,1.0,0.761,0.799,0.588,0.817,0.855,0.859,0.853,0.814,0.813
15,A2_1,0.754,0.783,0.814,0.709,0.729,0.684,0.761,1.0,0.861,0.652,0.813,0.787,0.872,0.778,0.739,0.85
15,A2_2,0.801,0.787,0.845,0.78,0.78,0.792,0.799,0.861,1.0,0.74,0.783,0.747,0.848,0.711,0.845,0.82
15,A2_3,0.859,0.73,0.84,0.89,0.772,0.737,0.588,0.652,0.74,1.0,0.606,0.658,0.565,0.54,0.841,0.672
15,B2_1,0.715,0.802,0.771,0.605,0.697,0.781,0.817,0.813,0.783,0.606,1.0,0.846,0.864,0.815,0.72,0.842
15,B2_2,0.718,0.805,0.814,0.655,0.835,0.871,0.855,0.787,0.747,0.658,0.846,1.0,0.849,0.839,0.797,0.831
15,B2_3,0.637,0.793,0.757,0.577,0.77,0.768,0.859,0.872,0.848,0.565,0.864,0.849,1.0,0.839,0.735,0.846
15,y1,0.576,0.684,0.773,0.606,0.72,0.754,0.853,0.778,0.711,0.54,0.815,0.839,0.839,1.0,0.727,0.851
15,y2,0.776,0.823,0.902,0.872,0.872,0.847,0.814,0.739,0.845,0.841,0.72,0.797,0.735,0.727,1.0,0.748
15,y3,0.67,0.723,0.813,0.676,0.801,0.842,0.813,0.85,0.82,0.672,0.842,0.831,0.846,0.851,0.748,1.0
16,.,1.0,0.841,0.883,0.866,0.682,0.728,0.615,0.745,0.79,0.855,0.699,0.696,0.614,0.552,0.763,0.649
16,A1_1,0.841,1.0,0.838,0.747,0.752,0.815,0.791,0.782,0.784,0.722,0.8,0.801,0.788,0.675,0.819,0.717
16,A1_2,0.883,0.838,1.0,0.883,0.855,0.851,0.812,0.813,0.843,0.836,0.766,0.805,0.748,0.763,0.899,0.806
16,A1_3,0.866,0.747,0.883,1.0,0.788,0.701,0.639,0.702,0.773,0.888,0.589,0.633,0.555,0.585,0.866,0.66
16,B1_1,0.682,0.752,0.855,0.788,1.0,0.831,0.799,0.727,0.776,0.761,0.697,0.834,0.77,0.716,0.87,0.799
16,B1_2,0.728,0.815,0.851,0.701,0.831,1.0,0.847,0.68,0.787,0.723,0.781,0.871,0.769,0.75,0.842,0.838
16,B1_3,0.615,0.791,0.812,0.639,0.799,0.847,1.0,0.756,0.792,0.569,0.817,0.855,0.861,0.851,0.807,0.811
16,A2_1,0.745,0.782,0.813,0.702,0.727,0.68,0.756,1.0,0.86,0.645,0.811,0.781,0.867,0.771,0.736,0.846
16,A2_2,0.79,0.784,0.843,0.773,0.776,0.787,0.792,0.86,1.0,0.733,0.778,0.739,0.841,0.702,0.843,0.815
16,A2_3,0.855,0.722,0.836,0.888,0.761,0.723,0.569,0.645,0.733,1.0,0.593,0.64,0.546,0.522,0.834,0.657
16,B2_1,0.699,0.8,0.766,0.589,0.697,0.781,0.817,0.811,0.778,0.593,1.0,0.846,0.864,0.812,0.714,0.84
16,B2_2,0.696,0.801,0.805,0.633,0.834,0.871,0.855,0.781,0.739,0.64,0.846,1.0,0.85,0.834,0.788,0.827
16,B2_3,0.614,0.788,0.748,0.555,0.77,0.769,0.861,0.867,0.841,0.546,0.864,0.85,1.0,0.836,0.727,0.844
16,y1,0.552,0.675,0.763,0.585,0.716,0.75,0.851,0.771,0.702,0.522,0.812,0.834,0.836,1.0,0.719,0.849
16,y2,0.763,0.819,0.899,0.866,0.87,0.842,0.807,0.736,0.843,0.834,0.714,0.788,0.727,0.719,1.0,0.742
16,y3,0.649,0.717,0.806,0.66,0.799,0.838,0.811,0.846,0.815,0.657,0.84,0.827,0.844,0.849,0.742,1.0
17,.,1.0,0.833,0.876,0.861,0.662,0.708,0.587,0.735,0.779,0.851,0.682,0.673,0.587,0.526,0.75,0.627
17,A1_1,0.833,1.0,0.836,0.737,0.749,0.812,0.785,0.78,0.781,0.715,0.797,0.796,0.782,0.666,0.815,0.71
17,A1_2,0.876,0.836,1.0,0.878,0.851,0.844,0.801,0.811,0.84,0.832,0.761,0.795,0.739,0.752,0.897,0.799
17,A1_3,0.861,0.737,0.878,1.0,0.772,0.683,0.614,0.694,0.765,0.887,0.572,0.608,0.531,0.563,0.859,0.644
17,B1_1,0.662,0.749,0.851,0.772,1.0,0.83,0.8,0.724,0.772,0.749,0.696,0.832,0.77,0.713,0.867,0.797
17,B1_2,0.708,0.812,0.844,0.683,0.83,1.0,0.847,0.676,0.782,0.708,0.781,0.87,0.77,0.745,0.837,0.835
17,B1_3,0.587,0.785,0.801,0.614,0.8,0.847,1.0,0.75,0.783,0.548,0.817,0.855,0.863,0.848,0.799,0.809
17,A2_1,0.735,0.78,0.811,0.694,0.724,0.676,0.75,1.0,0.859,0.639,0.809,0.773,0.861,0.764,0.733,0.841
17,A2_2,0.779,0.781,0.84,0.765,0.772,0.782,0.783,0.859,1.0,0.726,0.773,0.729,0.833,0.692,0.841,0.81
17,A2_3,0.851,0.715,0.832,0.887,0.749,0.708,0.548,0.639,0.726,1.0,0.579,0.62,0.525,0.502,0.828,0.642
17,B2_1,0.682,0.797,0.761,0.572,0.696,0.781,0.817,0.809,0.773,0.579,1.0,0.846,0.863,0.809,0.708,0.838
17,B2_2,0.673,0.796,0.795,0.608,0.832,0.87,0.855,0.773,0.729,0.62,0.846,1.0,0.851,0.829,0.778,0.822
17,B2_3,0.587,0.782,0.739,0.531,0.77,0.77,0.863,0.861,0.833,0.525,0.863,0.851,1.0,0.833,0.718,0.842
17,y1,0.526,0.666,0.752,0.563,0.713,0.745,0.848,0.764,0.692,0.502,0.809,0.829,0.833,1.0,0.71,0.846
17,y2,0.75,0.815,0.897,0.859,0.867,0.837,0.799,0.733,0.841,0.828,0.708,0.778,0.718,0.71,1.0,0.736
17,y3,0.627,0.71,0.799,0.644,0.797,0.835,0.809,0.841,0.81,0.642,0.838,0.822,0.842,0.846,0.736,1.0
18,.,1.0,0.823,0.868,0.856,0.639,0.686,0.555,0.723,0.766,0.847,0.661,0.646,0.558,0.497,0.735,0.602
18,A1_1,0.823,1.0,0.833,0.726,0.745,0.809,0.778,0.779,0.777,0.706,0.794,0.79,0.775,0.655,0.81,0.702
18,A1_2,0.868,0.833,1.0,0.872,0.845,0.837,0.789,0.808,0.837,0.828,0.753,0.784,0.727,0.739,0.893,0.79
18,A1_3,0.856,0.726,0.872,1.0,0.755,0.662,0.586,0.686,0.757,0.886,0.551,0.58,0.504,0.539,0.851,0.625
18,B1_1,0.639,0.745,0.845,0.755,1.0,0.829,0.799,0.721,0.767,0.734,0.695,0.83,0.769,0.708,0.863,0.794
18,B1_2,0.686,0.809,0.837,0.662,0.829,1.0,0.846,0.671,0.775,0.69,0.78,0.87,0.771,0.74,0.83,0.831
18,B1_3,0.555,0.778,0.789,0.586,0.799,0.846,1.0,0.743,0.774,0.524,0.816,0.855,0.865,0.844,0.789,0.806
18,A2_1,0.723,0.779,0.808,0.686,0.721,0.671,0.743,1.0,0.858,0.631,0.806,0.765,0.854,0.755,0.729,0.836
18,A2_2,0.766,0.777,0.837,0.757,0.767,0.775,0.774,0.858,1.0,0.718,0.767,0.718,0.824,0.681,0.838,0.803
18,A2_3,0.847,0.706,0.828,0.886,0.734,0.69,0.524,0.631,0.718,1.0,0.562,0.597,0.501,0.48,0.82,0.625
18,B2_1,0.661,0.794,0.753,0.551,0.695,0.78,0.816,0.806,0.767,0.562,1.0,0.846,0.863,0.805,0.7,0.835
18,B2_2,0.646,0.79,0.784,0.58,0.83,0.87,0.855,0.765,0.718,0.597,0.846,1.0,0.851,0.824,0.766,0.816
18,B2_3,0.558,0.775,0.727,0.504,0.769,0.771,0.865,0.854,0.824,0.501,0.863,0.851,1.0,0.829,0.708,0.838
18,y1,0.497,0.655,0.739,0.539,0.708,0.74,0.844,0.755,0.681,0.48,0.805,0.824,0.829,1.0,0.7,0.844
18,y2,0.735,0.81,0.893,0.851,0.863,0.83,0.789,0.729,0.838,0.82,0.7,0.766,0.708,0.7,1.0,0.728
18,y3,0.602,0.702,0.79,0.625,0.794,0.831,0.806,0.836,0.803,0.625,0.835,0.816,0.838,0.844,0.728,1.0
19,.,1.0,0.811,0.86,0.85,0.614,0.661,0.52,0.711,0.752,0.843,0.638,0.617,0.525,0.466,0.719,0.575
19,A1_1,0.811,1.0,0.83,0.714,0.74,0.806,0.77,0.776,0.773,0.696,0.79,0.783,0.768,0.643,0.805,0.693
19,A1_2,0.86,0.83,1.0,0.867,0.838,0.828,0.775,0.805,0.833,0.823,0.745,0.77,0.714,0.725,0.89,0.78
19,A1_3,0.85,0.714,0.867,1.0,0.735,0.639,0.556,0.677,0.749,0.885,0.529,0.55,0.474,0.513,0.843,0.605
19,B1_1,0.614,0.74,0.838,0.735,1.0,0.827,0.799,0.716,0.761,0.717,0.693,0.828,0.768,0.703,0.858,0.79
19,B1_2,0.661,0.806,0.828,0.639,0.827,1.0,0.845,0.665,0.767,0.671,0.78,0.869,0.77,0.734,0.823,0.826
19,B1_3,0.52,0.77,0.775,0.556,0.799,0.845,1.0,0.734,0.763,0.498,0.815,0.854,0.867,0.839,0.778,0.802
19,A2_1,0.711,0.776,0.805,0.677,0.716,0.665,0.734,1.0,0.856,0.623,0.801,0.755,0.846,0.745,0.725,0.831
19,A2_2,0.752,0.773,0.833,0.749,0.761,0.767,0.763,0.856,1.0,0.709,0.76,0.706,0.813,0.669,0.835,0.796
19,A2_3,0.843,0.696,0.823,0.885,0.717,0.671,0.498,0.623,0.709,1.0,0.543,0.572,0.475,0.456,0.813,0.607
19,B2_1,0.638,0.79,0.745,0.529,0.693,0.78,0.815,0.801,0.76,0.543,1.0,0.846,0.862,0.8,0.691,0.831
19,B2_2,0.617,0.783,0.77,0.55,0.828,0.869,0.854,0.755,0.706,0.572,0.846,1.0,0.851,0.817,0.753,0.809
19,B2_3,0.525,0.768,0.714,0.474,0.768,0.77,0.867,0.846,0.813,0.475,0.862,0.851,1.0,0.824,0.696,0.834
19,y1,0.466,0.643,0.725,0.513,0.703,0.734,0.839,0.745,0.669,0.456,0.8,0.817,0.824,1.0,0.689,0.841
19,y2,0.719,0.805,0.89,0.843,0.858,0.823,0.778,0.725,0.835,0.813,0.691,0.753,0.696,0.689,1.0,0.721
19,y3,0.575,0.693,0.78,0.605,0.79,0.826,0.802,0.831,0.796,0.607,0.831,0.809,0.834,0.841,0.721,1.0
20,.,1.0,0.799,0.852,0.845,0.586,0.634,0.483,0.699,0.738,0.839,0.613,0.585,0.489,0.433,0.701,0.547
20,A1_1,0.799,1.0,0.827,0.7,0.735,0.802,0.761,0.774,0.769,0.685,0.785,0.776,0.759,0.63,0.799,0.683
20,A1_2,0.852,0.827,1.0,0.861,0.831,0.818,0.76,0.803,0.829,0.818,0.736,0.756,0.699,0.71,0.886,0.769
20,A1_3,0.845,0.7,0.861,1.0,0.714,0.614,0.523,0.667,0.74,0.883,0.505,0.517,0.443,0.486,0.834,0.585
20,B1_1,0.586,0.735,0.831,0.714,1.0,0.825,0.798,0.711,0.754,0.699,0.692,0.826,0.768,0.697,0.853,0.786
20,B1_2,0.634,0.802,0.818,0.614,0.825,1.0,0.845,0.658,0.758,0.649,0.779,0.869,0.77,0.728,0.815,0.82
20,B1_3,0.483,0.761,0.76,0.523,0.798,0.845,1.0,0.725,0.75,0.47,0.814,0.854,0.869,0.834,0.766,0.797
20,A2_1,0.699,0.774,0.803,0.667,0.711,0.658,0.725,1.0,0.855,0.615,0.797,0.745,0.836,0.735,0.721,0.825
20,A2_2,0.738,0.769,0.829,0.74,0.754,0.758,0.75,0.855,1.0,0.7,0.752,0.692,0.802,0.655,0.832,0.789
20,A2_3,0.839,0.685,0.818,0.883,0.699,0.649,0.47,0.615,0.7,1.0,0.523,0.546,0.446,0.431,0.804,0.588
20,B2_1,0.613,0.785,0.736,0.505,0.692,0.779,0.814,0.797,0.752,0.523,1.0,0.845,0.862,0.795,0.681,0.827
20,B2_2,0.585,0.776,0.756,0.517,0.826,0.869,0.854,0.745,0.692,0.546,0.845,1.0,0.852,0.81,0.738,0.801
20,B2_3,0.489,0.759,0.699,0.443,0.768,0.77,0.869,0.836,0.802,0.446,0.862,0.852,1.0,0.819,0.683,0.829
20,y1,0.433,0.63,0.71,0.486,0.697,0.728,0.834,0.735,0.655,0.431,0.795,0.81,0.819,1.0,0.677,0.837
20,y2,0.701,0.799,0.886,0.834,0.853,0.815,0.766,0.721,0.832,0.804,0.681,0.738,0.683,0.677,1.0,0.712
20,y3,0.547,0.683,0.769,0.585,0.786,0.82,0.797,0.825,0.789,0.588,0.827,0.801,0.829,0.837,0.712,1.0
21,.,1.0,0.786,0.844,0.84,0.557,0.605,0.444,0.686,0.723,0.835,0.586,0.551,0.451,0.399,0.684,0.517
21,A1_1,0.786,1.0,0.823,0.687,0.73,0.797,0.752,0.772,0.764,0.674,0.78,0.769,0.75,0.616,0.793,0.673
21,A1_2,0.844,0.823,1.0,0.855,0.822,0.807,0.743,0.8,0.826,0.814,0.725,0.74,0.683,0.694,0.882,0.758
21,A1_3,0.84,0.687,0.855,1.0,0.69,0.587,0.488,0.658,0.732,0.883,0.479,0.482,0.408,0.459,0.826,0.564
21,B1_1,0.557,0.73,0.822,0.69,1.0,0.823,0.798,0.705,0.747,0.679,0.689,0.824,0.766,0.691,0.847,0.781
21,B1_2,0.605,0.797,0.807,0.587,0.823,1.0,0.844,0.65,0.749,0.626,0.778,0.868,0.77,0.72,0.805,0.813
21,B1_3,0.444,0.752,0.743,0.488,0.798,0.844,1.0,0.714,0.737,0.439,0.813,0.854,0.87,0.828,0.752,0.792
21,A2_1,0.686,0.772,0.8,0.658,0.705,0.65,0.714,1.0,0.853,0.606,0.791,0.733,0.825,0.724,0.716,0.818
21,A2_2,0.723,0.764,0.826,0.732,0.747,0.749,0.737,0.853,1.0,0.692,0.743,0.677,0.788,0.641,0.829,0.781
21,A2_3,0.835,0.674,0.814,0.883,0.679,0.626,0.439,0.606,0.692,1.0,0.501,0.516,0.416,0.406,0.796,0.569
21,B2_1,0.586,0.78,0.725,0.479,0.689,0.778,0.813,0.791,0.743,0.501,1.0,0.845,0.861,0.79,0.67,0.822
21,B2_2,0.551,0.769,0.74,0.482,0.824,0.868,0.854,0.733,0.677,0.516,0.845,1.0,0.852,0.802,0.722,0.792
21,B2_3,0.451,0.75,0.683,0.408,0.766,0.77,0.87,0.825,0.788,0.416,0.861,0.852,1.0,0.813,0.669,0.823
21,y1,0.399,0.616,0.694,0.459,0.691,0.72,0.828,0.724,0.641,0.406,0.79,0.802,0.813,1.0,0.664,0.834
21,y2,0.684,0.793,0.882,0.826,0.847,0.805,0.752,0.716,0.829,0.796,0.67,0.722,0.669,0.664,1.0,0.703
21,y3,0.517,0.673,0.758,0.564,0.781,0.813,0.792,0.818,0.781,0.569,0.822,0.792,0.823,0.834,0.703,1.0
22,.,1.0,0.771,0.835,0.835,0.524,0.573,0.403,0.673,0.708,0.831,0.557,0.514,0.411,0.364,0.665,0.487
22,A1_1,0.771,1.0,0.819,0.672,0.723,0.792,0.742,0.769,0.759,0.662,0.775,0.76,0.74,0.602,0.786,0.662
22,A1_2,0.835,0.819,1.0,0.849,0.812,0.794,0.725,0.797,0.822,0.81,0.713,0.722,0.665,0.676,0.878,0.746
22,A1_3,0.835,0.672,0.849,1.0,0.664,0.558,0.451,0.649,0.723,0.882,0.451,0.445,0.372,0.43,0.817,0.543
22,B1_1,0.524,0.723,0.812,0.664,1.0,0.821,0.797,0.699,0.738,0.656,0.687,0.821,0.765,0.685,0.84,0.776
22,B1_2,0.573,0.792,0.794,0.558,0.821,1.0,0.843,0.641,0.737,0.601,0.777,0.867,0.77,0.712,0.794,0.806
22,B1_3,0.403,0.742,0.725,0.451,0.797,0.843,1.0,0.702,0.721,0.407,0.812,0.853,0.872,0.822,0.737,0.785
22,A2_1,0.673,0.769,0.797,0.649,0.699,0.641,0.702,1.0,0.851,0.598,0.784,0.719,0.813,0.711,0.711,0.811
22,A2_2,0.708,0.759,0.822,0.723,0.738,0.737,0.721,0.851,1.0,0.683,0.732,0.66,0.773,0.626,0.825,0.772
22,A2_3,0.831,0.662,0.81,0.882,0.656,0.601,0.407,0.598,0.683,1.0,0.476,0.485,0.383,0.379,0.788,0.549
22,B2_1,0.557,0.775,0.713,0.451,0.687,0.777,0.812,0.784,0.732,0.476,1.0,0.844,0.86,0.784,0.657,0.817
22,B2_2,0.514,0.76,0.722,0.445,0.821,0.867,0.853,0.719,0.66,0.485,0.844,1.0,0.852,0.793,0.704,0.782
22,B2_3,0.411,0.74,0.665,0.372,0.765,0.77,0.872,0.813,0.773,0.383,0.86,0.852,1.0,0.807,0.652,0.816
22,y1,0.364,0.602,0.676,0.43,0.685,0.712,0.822,0.711,0.626,0.379,0.784,0.793,0.807,1.0,0.651,0.83
22,y2,0.665,0.786,0.878,0.817,0.84,0.794,0.737,0.711,0.825,0.788,0.657,0.704,0.652,0.651,1.0,0.694
22,y3,0.487,0.662,0.746,0.543,0.776,0.806,0.785,0.811,0.772,0.549,0.817,0.782,0.816,0.83,0.694,1.0
23,.,1.0,0.756,0.826,0.83,0.49,0.54,0.359,0.659,0.693,0.828,0.525,0.475,0.368,0.328,0.647,0.456
23,A1_1,0.756,1.0,0.815,0.656,0.717,0.786,0.731,0.766,0.753,0.649,0.769,0.751,0.729,0.586,0.778,0.649
23,A1_2,0.826,0.815,1.0,0.844,0.8,0.78,0.704,0.794,0.818,0.806,0.699,0.701,0.644,0.658,0.873,0.733
23,A1_3,0.83,0.656,0.844,1.0,0.636,0.527,0.413,0.641,0.715,0.882,0.421,0.405,0.334,0.401,0.809,0.522
23,B1_1,0.49,0.717,0.8,0.636,1.0,0.819,0.797,0.691,0.728,0.632,0.685,0.819,0.764,0.678,0.831,0.77
23,B1_2,0.54,0.786,0.78,0.527,0.819,1.0,0.842,0.631,0.725,0.574,0.776,0.867,0.769,0.704,0.782,0.798
23,B1_3,0.359,0.731,0.704,0.413,0.797,0.842,1.0,0.688,0.704,0.373,0.811,0.853,0.874,0.815,0.72,0.778
23,A2_1,0.659,0.766,0.794,0.641,0.691,0.631,0.688,1.0,0.849,0.591,0.776,0.704,0.799,0.698,0.707,0.803
23,A2_2,0.693,0.753,0.818,0.715,0.728,0.725,0.704,0.849,1.0,0.676,0.72,0.641,0.756,0.61,0.822,0.763
23,A2_3,0.828,0.649,0.806,0.882,0.632,0.574,0.373,0.591,0.676,1.0,0.451,0.451,0.348,0.352,0.78,0.529
23,B2_1,0.525,0.769,0.699,0.421,0.685,0.776,0.811,0.776,0.72,0.451,1.0,0.843,0.859,0.777,0.643,0.811
23,B2_2,0.475,0.751,0.701,0.405,0.819,0.867,0.853,0.704,0.641,0.451,0.843,1.0,0.852,0.784,0.683,0.77
23,B2_3,0.368,0.729,0.644,0.334,0.764,0.769,0.874,0.799,0.756,0.348,0.859,0.852,1.0,0.799,0.634,0.808
23,y1,0.328,0.586,0.658,0.401,0.678,0.704,0.815,0.698,0.61,0.352,0.777,0.784,0.799,1.0,0.636,0.826
23,y2,0.647,0.778,0.873,0.809,0.831,0.782,0.72,0.707,0.822,0.78,0.643,0.683,0.634,0.636,1.0,0.684
23,y3,0.456,0.649,0.733,0.522,0.77,0.798,0.778,0.803,0.763,0.529,0.811,0.77,0.808,0.826,0.684,1.0
24,.,1.0,0.74,0.817,0.826,0.454,0.504,0.314,0.646,0.678,0.826,0.491,0.435,0.324,0.291,0.628,0.424
24,A1_1,0.74,1.0,0.81,0.641,0.709,0.78,0.72,0.762,0.747,0.636,0.762,0.741,0.717,0.569,0.77,0.636
24,A1_2,0.817,0.81,1.0,0.838,0.787,0.764,0.681,0.791,0.814,0.802,0.684,0.679,0.622,0.638,0.868,0.719
24,A1_3,0.826,0.641,0.838,1.0,0.607,0.494,0.372,0.632,0.707,0.883,0.39,0.365,0.294,0.371,0.801,0.5
24,B1_1,0.454,0.709,0.787,0.607,1.0,0.817,0.796,0.683,0.717,0.607,0.683,0.817,0.762,0.67,0.822,0.764
24,B1_2,0.504,0.78,0.764,0.494,0.817,1.0,0.841,0.62,0.711,0.545,0.775,0.866,0.769,0.695,0.768,0.789
24,B1_3,0.314,0.72,0.681,0.372,0.796,0.841,1.0,0.673,0.686,0.337,0.81,0.853,0.876,0.806,0.701,0.769
24,A2_1,0.646,0.762,0.791,0.632,0.683,0.62,0.673,1.0,0.848,0.584,0.767,0.688,0.784,0.685,0.702,0.795
24,A2_2,0.678,0.747,0.814,0.707,0.717,0.711,0.686,0.848,1.0,0.668,0.707,0.621,0.738,0.592,0.818,0.753
24,A2_3,0.826,0.636,0.802,0.883,0.607,0.545,0.337,0.584,0.668,1.0,0.424,0.417,0.311,0.325,0.771,0.509
24,B2_1,0.491,0.762,0.684,0.39,0.683,0.775,0.81,0.767,0.707,0.424,1.0,0.843,0.858,0.77,0.627,0.804
24,B2_2,0.435,0.741,0.679,0.365,0.817,0.866,0.853,0.688,0.621,0.417,0.843,1.0,0.852,0.773,0.662,0.758
24,B2_3,0.324,0.717,0.622,0.294,0.762,0.769,0.876,0.784,0.738,0.311,0.858,0.852,1.0,0.791,0.614,0.799
24,y1,0.291,0.569,0.638,0.371,0.67,0.695,0.806,0.685,0.592,0.325,0.77,0.773,0.791,1.0,0.621,0.822
24,y2,0.628,0.77,0.868,0.801,0.822,0.768,0.701,0.702,0.818,0.771,0.627,0.662,0.614,0.621,1.0,0.674
24,y3,0.424,0.636,0.719,0.5,0.764,0.789,0.769,0.795,0.753,0.509,0.804,0.758,0.799,0.822,0.674,1.0
25,.,1.0,0.724,0.809,0.821,0.417,0.467,0.268,0.633,0.664,0.823,0.457,0.392,0.278,0.255,0.61,0.393
25,A1_1,0.724,1.0,0.804,0.624,0.702,0.774,0.708,0.759,0.74,0.623,0.755,0.73,0.705,0.552,0.761,0.623
25,A1_2,0.809,0.804,1.0,0.834,0.773,0.746,0.658,0.788,0.81,0.799,0.668,0.656,0.597,0.617,0.864,0.705
25,A1_3,0.821,0.624,0.834,1.0,0.576,0.459,0.331,0.625,0.701,0.884,0.358,0.322,0.253,0.342,0.793,0.48
25,B1_1,0.417,0.702,0.773,0.576,1.0,0.815,0.796,0.674,0.705,0.58,0.681,0.815,0.761,0.663,0.811,0.757
25,B1_2,0.467,0.774,0.746,0.459,0.815,1.0,0.84,0.608,0.695,0.514,0.775,0.866,0.768,0.685,0.752,0.778
25,B1_3,0.268,0.708,0.658,0.331,0.796,0.84,1.0,0.657,0.665,0.301,0.81,0.853,0.878,0.797,0.681,0.76
25,A2_1,0.633,0.759,0.788,0.625,0.674,0.608,0.657,1.0,0.846,0.577,0.757,0.67,0.767,0.67,0.697,0.786
25,A2_2,0.664,0.74,0.81,0.701,0.705,0.695,0.665,0.846,1.0,0.661,0.692,0.598,0.718,0.575,0.815,0.743
25,A2_3,0.823,0.623,0.799,0.884,0.58,0.514,0.301,0.577,0.661,1.0,0.396,0.38,0.274,0.298,0.764,0.49
25,B2_1,0.457,0.755,0.668,0.358,0.681,0.775,0.81,0.757,0.692,0.396,1.0,0.842,0.857,0.762,0.611,0.796
25,B2_2,0.392,0.73,0.656,0.322,0.815,0.866,0.853,0.67,0.598,0.38,0.842,1.0,0.852,0.761,0.638,0.744
25,B2_3,0.278,0.705,0.597,0.253,0.761,0.768,0.878,0.767,0.718,0.274,0.857,0.852,1.0,0.782,0.592,0.788
25,y1,0.255,0.552,0.617,0.342,0.663,0.685,0.797,0.67,0.575,0.298,0.762,0.761,0.782,1.0,0.606,0.819
25,y2,0.61,0.761,0.864,0.793,0.811,0.752,0.681,0.697,0.815,0.764,0.611,0.638,0.592,0.606,1.0,0.664
25,y3,0.393,0.623,0.705,0.48,0.757,0.778,0.76,0.786,0.743,0.49,0.796,0.744,0.788,0.819,0.664,1.0
26,.,1.0,0.707,0.801,0.818,0.379,0.429,0.222,0.621,0.651,0.822,0.42,0.348,0.232,0.219,0.593,0.363
