,,.,A1_1,A1_2,A1_3,B1_1,B1_2,B1_3,A2_1,A2_2,A2_3,B2_1,B2_2,B2_3,y1,y2,y3
0,.,0.027,0.034,0.063,0.093,0.385,0.048,0.044,0.065,0.023,0.031,0.014,0.009,0.026,0.008,0.111,0.016
0,A1_1,0.005,0.102,0.001,0.006,0.359,0.009,0.022,0.015,0.023,0.005,0.006,0.249,0.064,0.007,0.078,0.05
0,A1_2,0.025,0.016,0.013,0.004,0.01,0.018,0.584,0.002,0.036,0.018,0.005,0.001,0.024,0.001,0.116,0.128
0,A1_3,0.005,0.031,0.015,0.0,0.142,0.002,0.029,0.117,0.011,0.008,0.059,0.28,0.12,0.013,0.09,0.077
0,B1_1,0.001,0.008,0.054,0.004,0.239,0.01,0.132,0.022,0.01,0.019,0.009,0.005,0.022,0.005,0.021,0.438
0,B1_2,0.001,0.018,0.002,0.002,0.196,0.012,0.004,0.004,0.008,0.002,0.001,0.008,0.542,0.002,0.004,0.197
0,B1_3,0.018,0.027,0.002,0.001,0.03,0.008,0.015,0.016,0.015,0.002,0.011,0.008,0.205,0.001,0.125,0.517
0,A2_1,0.003,0.061,0.01,0.0,0.023,0.005,0.016,0.012,0.043,0.001,0.004,0.043,0.596,0.001,0.022,0.158
0,A2_2,0.004,0.01,0.004,0.002,0.071,0.09,0.044,0.007,0.099,0.003,0.006,0.015,0.399,0.0,0.106,0.142
0,A2_3,0.01,0.014,0.001,0.003,0.262,0.026,0.054,0.029,0.056,0.001,0.004,0.066,0.262,0.001,0.063,0.146
0,B2_1,0.007,0.04,0.007,0.001,0.036,0.006,0.014,0.003,0.019,0.001,0.011,0.091,0.626,0.005,0.043,0.09
0,B2_2,0.006,0.06,0.002,0.001,0.071,0.048,0.011,0.004,0.024,0.001,0.006,0.035,0.533,0.001,0.01,0.188
0,B2_3,0.014,0.031,0.005,0.003,0.079,0.016,0.047,0.026,0.069,0.001,0.005,0.017,0.449,0.001,0.106,0.132
0,y1,0.009,0.043,0.006,0.001,0.042,0.013,0.021,0.008,0.07,0.001,0.011,0.047,0.545,0.001,0.033,0.148
0,y2,0.003,0.01,0.002,0.003,0.066,0.059,0.025,0.003,0.052,0.004,0.006,0.007,0.593,0.001,0.096,0.072
0,y3,0.01,0.109,0.002,0.001,0.212,0.003,0.012,0.009,0.018,0.001,0.021,0.222,0.312,0.011,0.021,0.034
1,.,0.076,0.039,0.094,0.156,0.258,0.047,0.049,0.076,0.029,0.032,0.015,0.007,0.021,0.01,0.077,0.015
1,A1_1,0.021,0.115,0.001,0.015,0.303,0.01,0.025,0.019,0.028,0.004,0.009,0.266,0.052,0.012,0.071,0.049
1,A1_2,0.25,0.017,0.017,0.016,0.009,0.027,0.419,0.002,0.033,0.015,0.007,0.001,0.014,0.002,0.056,0.117
1,A1_3,0.069,0.04,0.019,0.001,0.112,0.003,0.027,0.122,0.012,0.012,0.104,0.258,0.034,0.023,0.099,0.066
1,B1_1,0.065,0.017,0.09,0.032,0.143,0.006,0.289,0.02,0.011,0.013,0.011,0.011,0.007,0.021,0.022,0.239
1,B1_2,0.054,0.074,0.026,0.007,0.338,0.026,0.016,0.011,0.009,0.004,0.01,0.031,0.312,0.007,0.005,0.07
1,B1_3,0.137,0.003,0.003,0.003,0.01,0.017,0.054,0.003,0.006,0.002,0.021,0.008,0.008,0.002,0.028,0.696
1,A2_1,0.02,0.017,0.174,0.001,0.188,0.006,0.072,0.018,0.006,0.016,0.044,0.188,0.081,0.078,0.011,0.079
1,A2_2,0.113,0.016,0.067,0.017,0.292,0.031,0.113,0.032,0.013,0.017,0.01,0.017,0.126,0.071,0.014,0.052
1,A2_3,0.427,0.071,0.015,0.014,0.118,0.005,0.013,0.072,0.022,0.0,0.001,0.108,0.069,0.023,0.003,0.039
1,B2_1,0.278,0.089,0.01,0.025,0.053,0.089,0.052,0.001,0.152,0.0,0.008,0.05,0.025,0.002,0.031,0.134
1,B2_2,0.423,0.008,0.001,0.001,0.02,0.002,0.03,0.028,0.029,0.002,0.004,0.006,0.052,0.004,0.035,0.356
1,B2_3,0.108,0.105,0.111,0.004,0.01,0.0,0.281,0.063,0.098,0.006,0.14,0.01,0.022,0.007,0.005,0.029
1,y1,0.042,0.079,0.089,0.236,0.019,0.004,0.046,0.02,0.145,0.007,0.02,0.129,0.065,0.019,0.049,0.032
1,y2,0.112,0.38,0.005,0.013,0.2,0.016,0.026,0.019,0.009,0.024,0.003,0.023,0.023,0.001,0.135,0.012
1,y3,0.096,0.086,0.002,0.001,0.006,0.002,0.027,0.012,0.019,0.009,0.025,0.04,0.007,0.004,0.632,0.032
2,.,0.08,0.037,0.097,0.185,0.204,0.052,0.045,0.087,0.035,0.04,0.015,0.005,0.018,0.013,0.069,0.017
2,A1_1,0.021,0.074,0.001,0.017,0.297,0.013,0.026,0.026,0.031,0.006,0.01,0.233,0.042,0.024,0.088,0.088
2,A1_2,0.435,0.014,0.017,0.018,0.007,0.025,0.174,0.003,0.021,0.017,0.01,0.002,0.014,0.004,0.073,0.166
2,A1_3,0.146,0.04,0.019,0.001,0.086,0.007,0.015,0.097,0.007,0.031,0.22,0.101,0.032,0.03,0.073,0.098
2,B1_1,0.296,0.014,0.046,0.04,0.063,0.006,0.143,0.019,0.006,0.007,0.007,0.015,0.008,0.092,0.031,0.207
2,B1_2,0.235,0.063,0.127,0.009,0.212,0.022,0.021,0.019,0.007,0.006,0.029,0.031,0.153,0.016,0.004,0.045
2,B1_3,0.067,0.001,0.004,0.013,0.022,0.115,0.092,0.002,0.004,0.003,0.014,0.004,0.004,0.003,0.016,0.635
2,A2_1,0.017,0.004,0.071,0.001,0.146,0.003,0.047,0.018,0.002,0.018,0.078,0.156,0.034,0.296,0.009,0.1
2,A2_2,0.355,0.028,0.15,0.015,0.036,0.008,0.115,0.021,0.025,0.007,0.013,0.016,0.053,0.121,0.007,0.032
2,A2_3,0.235,0.01,0.011,0.027,0.176,0.003,0.008,0.234,0.015,0.001,0.001,0.171,0.018,0.059,0.006,0.023
2,B2_1,0.353,0.075,0.028,0.03,0.039,0.035,0.053,0.005,0.064,0.0,0.006,0.117,0.01,0.007,0.024,0.153
2,B2_2,0.315,0.023,0.006,0.007,0.161,0.008,0.044,0.032,0.028,0.004,0.007,0.031,0.034,0.01,0.02,0.272
2,B2_3,0.228,0.036,0.022,0.002,0.015,0.001,0.227,0.155,0.043,0.008,0.089,0.031,0.006,0.022,0.03,0.086
2,y1,0.142,0.028,0.149,0.077,0.016,0.001,0.121,0.026,0.029,0.023,0.011,0.132,0.012,0.093,0.102,0.038
2,y2,0.315,0.114,0.009,0.012,0.206,0.026,0.048,0.055,0.002,0.042,0.011,0.007,0.013,0.004,0.124,0.011
2,y3,0.583,0.073,0.003,0.015,0.012,0.001,0.01,0.028,0.003,0.017,0.006,0.011,0.009,0.041,0.117,0.069
3,.,0.073,0.037,0.112,0.208,0.165,0.054,0.044,0.088,0.041,0.049,0.016,0.004,0.019,0.016,0.056,0.016
3,A1_1,0.018,0.057,0.001,0.022,0.282,0.015,0.027,0.031,0.039,0.008,0.014,0.201,0.046,0.045,0.087,0.108
3,A1_2,0.502,0.015,0.016,0.023,0.006,0.027,0.132,0.003,0.021,0.014,0.011,0.003,0.017,0.009,0.067,0.135
3,A1_3,0.187,0.036,0.02,0.001,0.062,0.009,0.01,0.063,0.007,0.034,0.292,0.077,0.034,0.04,0.056,0.072
3,B1_1,0.333,0.01,0.031,0.022,0.039,0.012,0.132,0.023,0.004,0.007,0.009,0.01,0.005,0.119,0.035,0.209
3,B1_2,0.291,0.057,0.177,0.008,0.145,0.014,0.018,0.021,0.005,0.01,0.021,0.029,0.105,0.066,0.004,0.028
3,B1_3,0.133,0.006,0.027,0.025,0.029,0.124,0.094,0.007,0.007,0.011,0.01,0.003,0.005,0.008,0.029,0.481
3,A2_1,0.214,0.017,0.034,0.019,0.246,0.006,0.079,0.074,0.018,0.025,0.007,0.01,0.059,0.126,0.01,0.055
3,A2_2,0.677,0.017,0.012,0.007,0.015,0.002,0.036,0.064,0.021,0.004,0.021,0.007,0.006,0.019,0.032,0.061
3,A2_3,0.452,0.018,0.018,0.14,0.029,0.003,0.07,0.076,0.052,0.004,0.003,0.033,0.009,0.03,0.028,0.035
3,B2_1,0.408,0.089,0.007,0.02,0.069,0.009,0.017,0.036,0.009,0.002,0.005,0.112,0.005,0.007,0.196,0.01
3,B2_2,0.634,0.157,0.007,0.018,0.008,0.004,0.017,0.002,0.004,0.011,0.01,0.002,0.01,0.002,0.063,0.049
3,B2_3,0.255,0.111,0.052,0.006,0.102,0.018,0.052,0.047,0.028,0.012,0.018,0.056,0.028,0.028,0.111,0.077
3,y1,0.193,0.023,0.078,0.005,0.005,0.005,0.274,0.009,0.07,0.052,0.023,0.007,0.039,0.009,0.092,0.117
3,y2,0.125,0.037,0.082,0.002,0.028,0.008,0.041,0.132,0.021,0.24,0.082,0.008,0.07,0.029,0.053,0.041
3,y3,0.232,0.02,0.02,0.019,0.033,0.008,0.058,0.14,0.035,0.023,0.015,0.025,0.039,0.123,0.078,0.131
4,.,0.07,0.042,0.128,0.227,0.129,0.055,0.043,0.082,0.05,0.055,0.016,0.004,0.018,0.016,0.049,0.016
4,A1_1,0.018,0.051,0.001,0.023,0.239,0.016,0.027,0.03,0.048,0.009,0.018,0.196,0.048,0.058,0.099,0.118
4,A1_2,0.534,0.014,0.02,0.024,0.005,0.027,0.124,0.002,0.018,0.016,0.014,0.003,0.019,0.013,0.061,0.104
4,A1_3,0.228,0.034,0.025,0.002,0.052,0.011,0.01,0.038,0.008,0.041,0.308,0.064,0.045,0.051,0.032,0.052
4,B1_1,0.394,0.007,0.025,0.013,0.021,0.025,0.115,0.019,0.003,0.007,0.011,0.007,0.003,0.095,0.042,0.21
4,B1_2,0.341,0.053,0.18,0.008,0.096,0.012,0.018,0.019,0.007,0.013,0.017,0.034,0.079,0.1,0.005,0.019
4,B1_3,0.19,0.014,0.039,0.029,0.025,0.133,0.071,0.01,0.013,0.015,0.012,0.005,0.007,0.01,0.045,0.383
4,A2_1,0.365,0.023,0.04,0.034,0.113,0.005,0.073,0.077,0.04,0.019,0.003,0.006,0.057,0.097,0.009,0.039
4,A2_2,0.633,0.021,0.01,0.006,0.01,0.005,0.035,0.075,0.034,0.006,0.042,0.004,0.006,0.008,0.046,0.058
4,A2_3,0.536,0.018,0.018,0.172,0.011,0.003,0.047,0.034,0.056,0.003,0.002,0.015,0.009,0.021,0.03,0.024
4,B2_1,0.46,0.128,0.007,0.012,0.048,0.013,0.015,0.024,0.019,0.003,0.014,0.07,0.006,0.005,0.17,0.007
4,B2_2,0.636,0.079,0.01,0.038,0.007,0.005,0.014,0.002,0.007,0.008,0.018,0.005,0.025,0.006,0.062,0.078
4,B2_3,0.197,0.143,0.092,0.004,0.079,0.022,0.029,0.033,0.034,0.008,0.018,0.097,0.09,0.041,0.042,0.072
4,y1,0.352,0.016,0.026,0.01,0.004,0.015,0.141,0.013,0.111,0.026,0.019,0.006,0.038,0.005,0.136,0.082
4,y2,0.135,0.039,0.049,0.003,0.041,0.024,0.027,0.062,0.033,0.104,0.11,0.033,0.157,0.036,0.082,0.065
4,y3,0.291,0.025,0.025,0.018,0.02,0.019,0.037,0.027,0.053,0.015,0.036,0.044,0.132,0.114,0.065,0.079
5,.,0.051,0.043,0.14,0.237,0.116,0.058,0.041,0.076,0.055,0.065,0.016,0.003,0.017,0.018,0.048,0.015
5,A1_1,0.011,0.044,0.001,0.018,0.229,0.016,0.021,0.027,0.046,0.009,0.019,0.203,0.044,0.08,0.098,0.135
5,A1_2,0.464,0.019,0.023,0.023,0.006,0.047,0.139,0.002,0.019,0.016,0.016,0.004,0.021,0.019,0.081,0.101
5,A1_3,0.184,0.037,0.027,0.002,0.044,0.018,0.008,0.029,0.012,0.039,0.347,0.059,0.057,0.047,0.035,0.056
5,B1_1,0.318,0.007,0.025,0.013,0.021,0.054,0.119,0.019,0.004,0.011,0.018,0.006,0.003,0.083,0.082,0.218
5,B1_2,0.317,0.055,0.144,0.012,0.109,0.022,0.019,0.018,0.008,0.015,0.013,0.024,0.08,0.135,0.007,0.022
5,B1_3,0.17,0.034,0.049,0.025,0.028,0.117,0.049,0.016,0.018,0.016,0.017,0.008,0.01,0.018,0.061,0.364
5,A2_1,0.38,0.031,0.035,0.05,0.074,0.007,0.057,0.066,0.066,0.015,0.002,0.005,0.075,0.077,0.014,0.045
5,A2_2,0.443,0.045,0.012,0.008,0.021,0.01,0.037,0.114,0.045,0.016,0.071,0.004,0.013,0.011,0.067,0.083
5,A2_3,0.474,0.026,0.014,0.107,0.006,0.009,0.025,0.028,0.177,0.002,0.005,0.008,0.028,0.015,0.036,0.04
5,B2_1,0.276,0.076,0.008,0.013,0.052,0.035,0.012,0.019,0.102,0.002,0.017,0.18,0.027,0.022,0.132,0.026
5,B2_2,0.417,0.093,0.017,0.022,0.007,0.021,0.024,0.01,0.025,0.012,0.076,0.01,0.033,0.015,0.094,0.125
5,B2_3,0.489,0.116,0.016,0.037,0.031,0.03,0.01,0.004,0.014,0.001,0.002,0.038,0.075,0.033,0.085,0.017
5,y1,0.495,0.051,0.004,0.006,0.005,0.017,0.018,0.005,0.019,0.011,0.081,0.009,0.066,0.006,0.131,0.076
5,y2,0.441,0.023,0.017,0.003,0.008,0.162,0.018,0.004,0.008,0.016,0.02,0.005,0.055,0.021,0.052,0.148
5,y3,0.177,0.084,0.049,0.012,0.074,0.032,0.02,0.026,0.036,0.029,0.046,0.08,0.11,0.201,0.012,0.014
6,.,0.043,0.042,0.147,0.26,0.102,0.053,0.041,0.073,0.056,0.077,0.015,0.003,0.015,0.019,0.041,0.015
6,A1_1,0.006,0.035,0.001,0.016,0.219,0.014,0.019,0.029,0.034,0.008,0.015,0.225,0.03,0.113,0.098,0.137
6,A1_2,0.492,0.016,0.018,0.02,0.005,0.054,0.144,0.002,0.014,0.017,0.015,0.004,0.014,0.017,0.094,0.074
6,A1_3,0.22,0.036,0.045,0.003,0.039,0.017,0.012,0.029,0.012,0.062,0.301,0.047,0.037,0.062,0.03,0.049
6,B1_1,0.296,0.006,0.022,0.016,0.019,0.054,0.132,0.026,0.004,0.014,0.02,0.005,0.002,0.073,0.078,0.231
6,B1_2,0.304,0.056,0.147,0.015,0.094,0.028,0.018,0.017,0.01,0.02,0.013,0.021,0.067,0.166,0.006,0.019
6,B1_3,0.154,0.046,0.055,0.036,0.034,0.099,0.054,0.021,0.018,0.02,0.017,0.01,0.01,0.023,0.054,0.349
6,A2_1,0.419,0.03,0.028,0.052,0.053,0.007,0.066,0.049,0.067,0.016,0.003,0.005,0.068,0.078,0.017,0.041
6,A2_2,0.467,0.045,0.015,0.009,0.018,0.009,0.048,0.106,0.032,0.026,0.066,0.004,0.014,0.018,0.051,0.072
6,A2_3,0.528,0.019,0.012,0.092,0.005,0.012,0.028,0.039,0.116,0.003,0.006,0.008,0.018,0.017,0.05,0.047
6,B2_1,0.306,0.075,0.012,0.017,0.043,0.026,0.017,0.024,0.089,0.003,0.015,0.174,0.019,0.036,0.12,0.022
6,B2_2,0.406,0.09,0.036,0.035,0.008,0.022,0.03,0.015,0.022,0.025,0.072,0.009,0.036,0.026,0.066,0.102
6,B2_3,0.46,0.12,0.014,0.065,0.038,0.048,0.018,0.007,0.021,0.002,0.001,0.021,0.039,0.032,0.093,0.021
6,y1,0.448,0.038,0.003,0.004,0.005,0.017,0.031,0.004,0.014,0.015,0.073,0.011,0.026,0.005,0.236,0.069
6,y2,0.529,0.009,0.051,0.003,0.003,0.051,0.051,0.005,0.011,0.032,0.032,0.003,0.036,0.022,0.06,0.1
6,y3,0.256,0.068,0.049,0.013,0.077,0.03,0.042,0.049,0.029,0.041,0.058,0.049,0.063,0.154,0.008,0.015
7,.,0.039,0.048,0.155,0.247,0.086,0.049,0.039,0.068,0.064,0.097,0.015,0.003,0.015,0.02,0.041,0.014
7,A1_1,0.004,0.032,0.001,0.012,0.172,0.011,0.016,0.026,0.032,0.008,0.014,0.249,0.028,0.161,0.102,0.131
7,A1_2,0.495,0.017,0.016,0.016,0.005,0.05,0.132,0.002,0.014,0.017,0.02,0.006,0.013,0.019,0.128,0.049
7,A1_3,0.315,0.037,0.041,0.004,0.029,0.013,0.015,0.023,0.013,0.051,0.268,0.048,0.026,0.048,0.029,0.04
7,B1_1,0.249,0.007,0.028,0.017,0.022,0.047,0.157,0.034,0.005,0.02,0.028,0.009,0.003,0.117,0.082,0.177
7,B1_2,0.287,0.054,0.139,0.015,0.083,0.017,0.016,0.017,0.011,0.021,0.017,0.036,0.068,0.194,0.006,0.019
7,B1_3,0.115,0.05,0.077,0.045,0.037,0.086,0.082,0.022,0.02,0.035,0.015,0.013,0.007,0.029,0.07,0.298
7,A2_1,0.345,0.034,0.024,0.04,0.069,0.009,0.049,0.057,0.05,0.028,0.004,0.008,0.085,0.119,0.028,0.049
7,A2_2,0.479,0.051,0.015,0.006,0.007,0.008,0.051,0.063,0.028,0.051,0.062,0.004,0.012,0.021,0.076,0.065
7,A2_3,0.509,0.022,0.013,0.061,0.005,0.006,0.03,0.092,0.044,0.014,0.002,0.014,0.01,0.068,0.061,0.049
7,B2_1,0.433,0.135,0.011,0.011,0.008,0.014,0.011,0.026,0.019,0.007,0.006,0.028,0.002,0.006,0.277,0.006
7,B2_2,0.429,0.096,0.028,0.106,0.01,0.011,0.031,0.006,0.014,0.042,0.02,0.003,0.019,0.008,0.119,0.057
7,B2_3,0.139,0.091,0.03,0.008,0.116,0.058,0.04,0.02,0.021,0.017,0.028,0.069,0.07,0.06,0.149,0.085
7,y1,0.373,0.031,0.028,0.004,0.002,0.012,0.131,0.003,0.046,0.039,0.049,0.011,0.06,0.01,0.147,0.054
7,y2,0.271,0.037,0.068,0.002,0.012,0.02,0.03,0.035,0.014,0.262,0.074,0.006,0.096,0.028,0.021,0.025
7,y3,0.34,0.015,0.038,0.03,0.007,0.013,0.025,0.065,0.046,0.044,0.024,0.025,0.045,0.181,0.071,0.03
8,.,0.034,0.053,0.169,0.245,0.073,0.046,0.034,0.063,0.069,0.108,0.014,0.003,0.015,0.019,0.042,0.013
8,A1_1,0.003,0.028,0.001,0.01,0.17,0.01,0.014,0.022,0.029,0.009,0.018,0.241,0.03,0.183,0.114,0.119
8,A1_2,0.497,0.014,0.017,0.01,0.005,0.053,0.137,0.001,0.013,0.018,0.037,0.007,0.023,0.022,0.109,0.038
8,A1_3,0.323,0.042,0.056,0.004,0.028,0.015,0.015,0.021,0.016,0.056,0.246,0.042,0.045,0.04,0.016,0.034
8,B1_1,0.276,0.007,0.025,0.016,0.018,0.051,0.107,0.034,0.008,0.024,0.042,0.011,0.005,0.14,0.104,0.134
8,B1_2,0.211,0.113,0.139,0.021,0.063,0.011,0.009,0.017,0.023,0.02,0.012,0.033,0.117,0.196,0.003,0.013
8,B1_3,0.091,0.077,0.035,0.036,0.043,0.108,0.054,0.022,0.033,0.025,0.023,0.019,0.013,0.034,0.076,0.311
8,A2_1,0.462,0.056,0.008,0.023,0.036,0.007,0.029,0.01,0.055,0.007,0.003,0.022,0.138,0.081,0.046,0.017
8,A2_2,0.369,0.127,0.029,0.005,0.008,0.005,0.037,0.083,0.042,0.052,0.097,0.007,0.029,0.025,0.046,0.04
8,A2_3,0.675,0.021,0.01,0.035,0.003,0.016,0.018,0.021,0.06,0.006,0.005,0.005,0.018,0.021,0.06,0.024
8,B2_1,0.182,0.199,0.023,0.015,0.027,0.019,0.012,0.03,0.174,0.011,0.009,0.109,0.026,0.052,0.101,0.011
8,B2_2,0.144,0.099,0.013,0.038,0.01,0.034,0.02,0.025,0.075,0.027,0.191,0.012,0.064,0.021,0.149,0.078
8,B2_3,0.304,0.063,0.004,0.026,0.044,0.109,0.039,0.003,0.034,0.002,0.004,0.049,0.094,0.068,0.128,0.03
8,y1,0.713,0.062,0.004,0.003,0.002,0.004,0.02,0.002,0.015,0.005,0.048,0.015,0.03,0.006,0.061,0.011
8,y2,0.729,0.007,0.053,0.005,0.001,0.021,0.021,0.003,0.019,0.016,0.036,0.003,0.032,0.009,0.027,0.018
8,y3,0.173,0.068,0.039,0.016,0.048,0.022,0.04,0.094,0.119,0.069,0.055,0.042,0.036,0.151,0.01,0.019
9,.,0.03,0.054,0.164,0.244,0.068,0.046,0.034,0.064,0.071,0.124,0.014,0.002,0.013,0.018,0.043,0.013
9,A1_1,0.002,0.02,0.001,0.009,0.152,0.009,0.014,0.02,0.024,0.009,0.019,0.209,0.023,0.213,0.151,0.127
9,A1_2,0.357,0.011,0.018,0.007,0.006,0.078,0.225,0.001,0.01,0.02,0.08,0.009,0.024,0.02,0.09,0.044
9,A1_3,0.374,0.024,0.05,0.004,0.029,0.019,0.022,0.018,0.013,0.056,0.232,0.048,0.033,0.035,0.017,0.027
9,B1_1,0.201,0.01,0.036,0.023,0.019,0.051,0.089,0.036,0.015,0.049,0.066,0.013,0.01,0.195,0.111,0.077
9,B1_2,0.147,0.15,0.092,0.033,0.05,0.009,0.008,0.021,0.044,0.017,0.012,0.036,0.125,0.239,0.003,0.015
9,B1_3,0.088,0.063,0.015,0.028,0.032,0.122,0.054,0.018,0.04,0.022,0.036,0.017,0.013,0.03,0.148,0.271
9,A2_1,0.414,0.066,0.007,0.016,0.033,0.008,0.031,0.007,0.058,0.005,0.005,0.057,0.14,0.081,0.056,0.016
9,A2_2,0.403,0.092,0.034,0.008,0.009,0.006,0.034,0.063,0.033,0.065,0.111,0.007,0.034,0.031,0.034,0.036
9,A2_3,0.654,0.02,0.01,0.029,0.003,0.022,0.025,0.038,0.057,0.008,0.008,0.004,0.015,0.016,0.056,0.033
9,B2_1,0.163,0.098,0.032,0.033,0.042,0.015,0.021,0.085,0.145,0.023,0.013,0.106,0.02,0.111,0.077,0.016
9,B2_2,0.1,0.122,0.04,0.05,0.025,0.043,0.025,0.032,0.025,0.069,0.088,0.009,0.055,0.057,0.111,0.15
9,B2_3,0.234,0.1,0.006,0.021,0.033,0.137,0.042,0.005,0.068,0.004,0.003,0.02,0.124,0.058,0.107,0.039
9,y1,0.68,0.041,0.002,0.002,0.002,0.008,0.015,0.008,0.026,0.003,0.038,0.016,0.018,0.005,0.109,0.028
9,y2,0.498,0.013,0.117,0.008,0.003,0.027,0.056,0.009,0.029,0.059,0.073,0.003,0.044,0.013,0.024,0.026
9,y3,0.143,0.041,0.025,0.016,0.048,0.024,0.026,0.211,0.058,0.058,0.054,0.038,0.037,0.178,0.015,0.027
10,.,0.028,0.055,0.165,0.242,0.062,0.041,0.031,0.066,0.073,0.136,0.012,0.002,0.012,0.018,0.044,0.013
10,A1_1,0.001,0.016,0.001,0.008,0.133,0.007,0.012,0.018,0.018,0.008,0.015,0.205,0.019,0.246,0.185,0.107
10,A1_2,0.304,0.01,0.018,0.006,0.009,0.094,0.271,0.001,0.009,0.021,0.098,0.011,0.025,0.019,0.071,0.033
10,A1_3,0.439,0.017,0.039,0.005,0.033,0.022,0.024,0.02,0.014,0.049,0.185,0.05,0.029,0.027,0.019,0.027
10,B1_1,0.228,0.015,0.041,0.026,0.019,0.041,0.075,0.036,0.017,0.072,0.063,0.014,0.012,0.19,0.103,0.05
10,B1_2,0.142,0.124,0.075,0.044,0.042,0.007,0.009,0.037,0.068,0.013,0.009,0.055,0.096,0.252,0.007,0.022
10,B1_3,0.085,0.036,0.012,0.031,0.039,0.078,0.086,0.019,0.042,0.035,0.034,0.025,0.013,0.047,0.265,0.155
10,A2_1,0.335,0.044,0.01,0.017,0.048,0.007,0.058,0.022,0.062,0.007,0.012,0.082,0.09,0.116,0.066,0.025
10,A2_2,0.611,0.036,0.045,0.008,0.011,0.009,0.044,0.026,0.018,0.038,0.062,0.007,0.019,0.02,0.021,0.025
10,A2_3,0.603,0.013,0.023,0.048,0.004,0.01,0.029,0.083,0.074,0.011,0.009,0.006,0.008,0.021,0.026,0.032
10,B2_1,0.081,0.035,0.028,0.045,0.065,0.007,0.03,0.156,0.029,0.037,0.011,0.095,0.006,0.196,0.151,0.028
10,B2_2,0.092,0.1,0.07,0.024,0.03,0.023,0.058,0.027,0.006,0.174,0.045,0.008,0.024,0.08,0.087,0.152
10,B2_3,0.471,0.043,0.007,0.012,0.013,0.047,0.064,0.002,0.026,0.006,0.006,0.026,0.037,0.053,0.175,0.013
10,y1,0.733,0.036,0.016,0.006,0.006,0.002,0.044,0.009,0.007,0.033,0.034,0.01,0.008,0.008,0.038,0.011
10,y2,0.466,0.018,0.077,0.015,0.006,0.012,0.097,0.022,0.03,0.117,0.042,0.002,0.025,0.015,0.04,0.015
10,y3,0.114,0.035,0.048,0.019,0.058,0.007,0.048,0.201,0.036,0.045,0.038,0.055,0.018,0.248,0.013,0.017
11,.,0.025,0.059,0.162,0.232,0.059,0.041,0.031,0.07,0.078,0.142,0.011,0.002,0.012,0.018,0.044,0.014
11,A1_1,0.001,0.013,0.001,0.006,0.132,0.007,0.014,0.018,0.017,0.007,0.015,0.196,0.017,0.269,0.173,0.116
11,A1_2,0.325,0.009,0.019,0.005,0.011,0.086,0.278,0.001,0.01,0.016,0.1,0.014,0.03,0.02,0.056,0.022
11,A1_3,0.504,0.02,0.038,0.007,0.034,0.018,0.025,0.02,0.014,0.055,0.146,0.038,0.027,0.02,0.013,0.02
11,B1_1,0.216,0.016,0.033,0.024,0.017,0.035,0.084,0.051,0.018,0.052,0.042,0.013,0.009,0.207,0.112,0.071
11,B1_2,0.146,0.094,0.079,0.03,0.058,0.008,0.015,0.04,0.042,0.02,0.011,0.071,0.097,0.256,0.007,0.025
11,B1_3,0.098,0.03,0.019,0.032,0.038,0.095,0.11,0.02,0.037,0.04,0.028,0.018,0.012,0.049,0.235,0.139
11,A2_1,0.314,0.037,0.012,0.024,0.074,0.009,0.065,0.042,0.064,0.013,0.012,0.047,0.09,0.124,0.043,0.031
11,A2_2,0.598,0.037,0.034,0.008,0.01,0.012,0.04,0.031,0.019,0.046,0.052,0.005,0.024,0.023,0.024,0.038
11,A2_3,0.536,0.018,0.017,0.035,0.003,0.009,0.035,0.125,0.075,0.013,0.007,0.007,0.009,0.033,0.031,0.045
11,B2_1,0.163,0.048,0.037,0.044,0.051,0.009,0.03,0.157,0.03,0.031,0.009,0.086,0.008,0.118,0.152,0.026
11,B2_2,0.097,0.111,0.053,0.027,0.026,0.024,0.051,0.04,0.008,0.148,0.023,0.006,0.019,0.074,0.106,0.186
11,B2_3,0.278,0.045,0.008,0.017,0.022,0.048,0.077,0.008,0.05,0.011,0.008,0.027,0.059,0.092,0.222,0.027
11,y1,0.721,0.046,0.012,0.002,0.005,0.004,0.041,0.005,0.009,0.021,0.053,0.014,0.015,0.005,0.03,0.015
11,y2,0.552,0.013,0.085,0.01,0.004,0.014,0.066,0.031,0.027,0.091,0.024,0.002,0.027,0.012,0.026,0.015
11,y3,0.071,0.047,0.052,0.017,0.046,0.01,0.035,0.275,0.062,0.083,0.04,0.032,0.015,0.187,0.011,0.016
12,.,0.025,0.06,0.168,0.235,0.054,0.039,0.03,0.073,0.077,0.143,0.01,0.002,0.01,0.018,0.042,0.014
12,A1_1,0.001,0.011,0.001,0.006,0.116,0.006,0.013,0.016,0.014,0.006,0.012,0.193,0.015,0.316,0.167,0.106
12,A1_2,0.297,0.008,0.016,0.004,0.013,0.112,0.302,0.0,0.007,0.015,0.103,0.014,0.028,0.015,0.049,0.017
12,A1_3,0.605,0.02,0.034,0.007,0.029,0.017,0.02,0.017,0.011,0.043,0.096,0.036,0.022,0.017,0.011,0.015
12,B1_1,0.227,0.035,0.052,0.044,0.012,0.025,0.049,0.068,0.041,0.077,0.038,0.01,0.012,0.169,0.091,0.051
12,B1_2,0.08,0.089,0.046,0.035,0.059,0.009,0.013,0.056,0.048,0.014,0.008,0.09,0.061,0.344,0.013,0.034
12,B1_3,0.071,0.024,0.009,0.022,0.041,0.119,0.123,0.009,0.037,0.02,0.032,0.031,0.014,0.039,0.304,0.106
12,A2_1,0.383,0.035,0.01,0.013,0.051,0.011,0.074,0.029,0.076,0.007,0.017,0.078,0.078,0.078,0.028,0.031
12,A2_2,0.768,0.015,0.032,0.008,0.004,0.009,0.029,0.015,0.017,0.013,0.041,0.007,0.008,0.01,0.011,0.013
12,A2_3,0.28,0.028,0.072,0.103,0.007,0.011,0.022,0.167,0.131,0.035,0.013,0.015,0.007,0.055,0.024,0.03
12,B2_1,0.02,0.031,0.018,0.03,0.067,0.006,0.018,0.231,0.007,0.027,0.005,0.059,0.002,0.329,0.099,0.051
12,B2_2,0.024,0.043,0.091,0.008,0.053,0.061,0.129,0.014,0.003,0.196,0.037,0.031,0.019,0.101,0.077,0.112
12,B2_3,0.821,0.014,0.008,0.009,0.009,0.022,0.025,0.001,0.007,0.006,0.002,0.007,0.01,0.022,0.036,0.003
12,y1,0.199,0.215,0.059,0.023,0.012,0.003,0.018,0.074,0.045,0.146,0.059,0.018,0.032,0.037,0.041,0.019
12,y2,0.067,0.017,0.027,0.017,0.033,0.065,0.117,0.034,0.012,0.133,0.024,0.005,0.012,0.116,0.179,0.143
12,y3,0.247,0.195,0.015,0.009,0.1,0.024,0.03,0.011,0.011,0.011,0.044,0.107,0.117,0.04,0.035,0.004
13,.,0.024,0.061,0.168,0.237,0.051,0.038,0.028,0.076,0.078,0.143,0.01,0.002,0.01,0.017,0.042,0.015
13,A1_1,0.001,0.01,0.001,0.006,0.112,0.005,0.012,0.016,0.012,0.006,0.012,0.156,0.014,0.349,0.173,0.115
13,A1_2,0.256,0.008,0.015,0.003,0.015,0.137,0.3,0.0,0.006,0.015,0.124,0.014,0.033,0.014,0.042,0.017
13,A1_3,0.694,0.015,0.025,0.008,0.023,0.016,0.017,0.016,0.009,0.031,0.061,0.028,0.017,0.013,0.011,0.014
13,B1_1,0.234,0.071,0.055,0.057,0.008,0.016,0.031,0.065,0.066,0.102,0.037,0.007,0.016,0.125,0.073,0.037
13,B1_2,0.048,0.068,0.023,0.04,0.056,0.01,0.012,0.082,0.04,0.013,0.009,0.069,0.042,0.384,0.04,0.065
13,B1_3,0.062,0.021,0.006,0.014,0.054,0.146,0.158,0.004,0.033,0.012,0.039,0.043,0.03,0.043,0.258,0.077
13,A2_1,0.602,0.031,0.009,0.01,0.03,0.012,0.047,0.021,0.038,0.008,0.017,0.027,0.077,0.033,0.013,0.026
13,A2_2,0.813,0.01,0.024,0.006,0.001,0.011,0.014,0.011,0.024,0.007,0.031,0.006,0.006,0.007,0.011,0.016
13,A2_3,0.152,0.044,0.074,0.087,0.013,0.01,0.017,0.211,0.119,0.049,0.014,0.029,0.009,0.115,0.028,0.03
13,B2_1,0.022,0.02,0.016,0.018,0.033,0.006,0.013,0.199,0.007,0.025,0.01,0.035,0.006,0.388,0.08,0.122
13,B2_2,0.08,0.027,0.044,0.006,0.054,0.085,0.154,0.011,0.006,0.056,0.039,0.102,0.041,0.142,0.094,0.057
13,B2_3,0.853,0.02,0.011,0.015,0.016,0.01,0.02,0.004,0.005,0.007,0.001,0.005,0.011,0.009,0.01,0.002
13,y1,0.369,0.173,0.042,0.041,0.006,0.003,0.011,0.053,0.064,0.05,0.047,0.011,0.037,0.028,0.044,0.023
13,y2,0.085,0.023,0.02,0.038,0.039,0.041,0.078,0.127,0.037,0.086,0.012,0.005,0.009,0.14,0.118,0.141
13,y3,0.058,0.066,0.012,0.015,0.086,0.01,0.03,0.047,0.017,0.012,0.044,0.252,0.042,0.181,0.106,0.021
14,.,0.023,0.061,0.164,0.243,0.047,0.036,0.027,0.079,0.081,0.145,0.01,0.002,0.009,0.016,0.043,0.016
14,A1_1,0.001,0.009,0.001,0.006,0.111,0.005,0.012,0.015,0.012,0.006,0.014,0.158,0.014,0.321,0.184,0.132
14,A1_2,0.236,0.007,0.014,0.003,0.016,0.138,0.31,0.0,0.006,0.013,0.14,0.016,0.042,0.012,0.032,0.014
14,A1_3,0.733,0.013,0.02,0.009,0.02,0.015,0.015,0.016,0.01,0.024,0.049,0.029,0.016,0.011,0.009,0.012
14,B1_1,0.189,0.081,0.071,0.076,0.008,0.014,0.023,0.07,0.08,0.119,0.039,0.007,0.016,0.111,0.061,0.034
14,B1_2,0.025,0.053,0.016,0.04,0.056,0.01,0.01,0.083,0.034,0.013,0.01,0.065,0.032,0.406,0.058,0.089
14,B1_3,0.052,0.02,0.005,0.01,0.076,0.151,0.166,0.002,0.026,0.009,0.047,0.073,0.05,0.048,0.205,0.06
14,A2_1,0.689,0.027,0.008,0.009,0.021,0.01,0.036,0.015,0.028,0.007,0.014,0.021,0.068,0.02,0.009,0.018
14,A2_2,0.783,0.011,0.025,0.007,0.001,0.013,0.011,0.015,0.041,0.006,0.033,0.008,0.006,0.006,0.015,0.019
14,A2_3,0.076,0.039,0.072,0.078,0.02,0.01,0.016,0.232,0.099,0.05,0.017,0.043,0.008,0.177,0.026,0.038
14,B2_1,0.021,0.018,0.02,0.02,0.028,0.008,0.017,0.13,0.012,0.028,0.022,0.04,0.015,0.371,0.067,0.183
14,B2_2,0.118,0.022,0.025,0.004,0.061,0.132,0.133,0.006,0.009,0.025,0.03,0.149,0.061,0.125,0.068,0.031
14,B2_3,0.786,0.025,0.013,0.031,0.027,0.01,0.028,0.009,0.008,0.012,0.002,0.007,0.017,0.012,0.01,0.004
14,y1,0.397,0.088,0.029,0.032,0.006,0.006,0.024,0.054,0.078,0.029,0.046,0.014,0.017,0.027,0.118,0.033
14,y2,0.085,0.016,0.032,0.054,0.111,0.022,0.092,0.147,0.05,0.052,0.02,0.022,0.02,0.158,0.073,0.047
14,y3,0.059,0.028,0.006,0.013,0.064,0.008,0.039,0.078,0.03,0.018,0.064,0.12,0.042,0.32,0.031,0.08
15,.,0.023,0.064,0.16,0.239,0.045,0.036,0.025,0.083,0.083,0.148,0.009,0.002,0.009,0.016,0.044,0.015
15,A1_1,0.001,0.01,0.0,0.006,0.1,0.005,0.01,0.014,0.01,0.006,0.012,0.147,0.013,0.297,0.259,0.11
15,A1_2,0.219,0.007,0.013,0.003,0.016,0.178,0.293,0.0,0.004,0.013,0.139,0.015,0.043,0.01,0.033,0.013
15,A1_3,0.803,0.011,0.01,0.006,0.016,0.019,0.012,0.01,0.007,0.017,0.029,0.023,0.015,0.007,0.008,0.008
15,B1_1,0.178,0.141,0.066,0.079,0.006,0.01,0.014,0.054,0.094,0.167,0.038,0.005,0.018,0.069,0.047,0.015
15,B1_2,0.016,0.074,0.01,0.041,0.036,0.012,0.005,0.108,0.02,0.019,0.009,0.023,0.017,0.293,0.183,0.133
15,B1_3,0.056,0.015,0.003,0.005,0.064,0.182,0.13,0.001,0.01,0.004,0.044,0.115,0.074,0.043,0.221,0.034
15,A2_1,0.824,0.017,0.006,0.008,0.01,0.008,0.019,0.008,0.009,0.007,0.006,0.008,0.051,0.008,0.003,0.007
15,A2_2,0.748,0.022,0.049,0.012,0.001,0.01,0.006,0.018,0.058,0.011,0.021,0.006,0.008,0.007,0.011,0.012
15,A2_3,0.064,0.099,0.055,0.096,0.016,0.009,0.007,0.339,0.048,0.041,0.007,0.015,0.007,0.097,0.068,0.031
15,B2_1,0.014,0.019,0.012,0.018,0.023,0.02,0.013,0.053,0.009,0.028,0.019,0.02,0.019,0.221,0.19,0.321
15,B2_2,0.093,0.012,0.003,0.001,0.052,0.329,0.07,0.002,0.008,0.005,0.037,0.148,0.101,0.039,0.071,0.028
15,B2_3,0.937,0.009,0.004,0.006,0.003,0.003,0.014,0.003,0.003,0.002,0.001,0.003,0.006,0.002,0.002,0.001
15,y1,0.408,0.17,0.061,0.064,0.004,0.005,0.005,0.042,0.107,0.032,0.035,0.006,0.012,0.009,0.033,0.007
15,y2,0.015,0.032,0.024,0.097,0.039,0.018,0.024,0.197,0.037,0.095,0.014,0.002,0.006,0.153,0.102,0.144
15,y3,0.004,0.004,0.001,0.001,0.035,0.019,0.039,0.004,0.004,0.001,0.024,0.434,0.019,0.246,0.138,0.027
16,.,0.022,0.061,0.167,0.232,0.043,0.033,0.025,0.089,0.082,0.151,0.009,0.002,0.008,0.016,0.045,0.015
16,A1_1,0.0,0.009,0.0,0.005,0.1,0.004,0.01,0.014,0.01,0.006,0.012,0.152,0.01,0.331,0.221,0.116
16,A1_2,0.181,0.006,0.013,0.003,0.019,0.174,0.301,0.0,0.005,0.012,0.162,0.023,0.047,0.012,0.028,0.014
16,A1_3,0.798,0.009,0.011,0.008,0.017,0.016,0.014,0.011,0.008,0.016,0.027,0.029,0.014,0.007,0.008,0.008
16,B1_1,0.148,0.131,0.075,0.082,0.006,0.008,0.012,0.066,0.094,0.197,0.035,0.004,0.017,0.071,0.038,0.014
16,B1_2,0.009,0.042,0.008,0.033,0.03,0.009,0.005,0.104,0.018,0.02,0.007,0.018,0.01,0.388,0.152,0.148
16,B1_3,0.037,0.014,0.004,0.003,0.082,0.154,0.118,0.001,0.007,0.003,0.052,0.229,0.077,0.048,0.146,0.024
16,A2_1,0.842,0.015,0.009,0.009,0.01,0.005,0.02,0.007,0.008,0.007,0.005,0.01,0.04,0.008,0.003,0.003
16,A2_2,0.612,0.039,0.097,0.024,0.002,0.007,0.005,0.035,0.086,0.018,0.022,0.009,0.011,0.011,0.01,0.011
16,A2_3,0.031,0.071,0.046,0.083,0.015,0.006,0.005,0.408,0.041,0.039,0.008,0.01,0.006,0.117,0.07,0.045
16,B2_1,0.004,0.015,0.012,0.014,0.028,0.027,0.019,0.032,0.019,0.016,0.017,0.035,0.018,0.324,0.105,0.315
16,B2_2,0.104,0.011,0.002,0.001,0.062,0.306,0.059,0.001,0.008,0.003,0.032,0.189,0.076,0.033,0.084,0.028
16,B2_3,0.925,0.014,0.007,0.005,0.003,0.002,0.013,0.006,0.004,0.002,0.002,0.006,0.006,0.003,0.002,0.001
16,y1,0.358,0.107,0.09,0.083,0.004,0.004,0.006,0.094,0.124,0.031,0.024,0.01,0.011,0.013,0.032,0.009
16,y2,0.003,0.011,0.008,0.027,0.074,0.013,0.011,0.132,0.007,0.06,0.011,0.007,0.003,0.34,0.162,0.131
16,y3,0.004,0.005,0.002,0.001,0.059,0.027,0.102,0.002,0.004,0.005,0.075,0.362,0.05,0.221,0.051,0.03
17,.,0.023,0.065,0.164,0.231,0.04,0.032,0.023,0.089,0.084,0.151,0.009,0.002,0.008,0.016,0.046,0.015
17,A1_1,0.0,0.009,0.0,0.005,0.094,0.004,0.009,0.012,0.009,0.005,0.012,0.149,0.012,0.313,0.249,0.117
17,A1_2,0.189,0.006,0.011,0.002,0.017,0.187,0.282,0.0,0.005,0.011,0.155,0.022,0.061,0.01,0.028,0.014
17,A1_3,0.845,0.009,0.007,0.005,0.011,0.014,0.01,0.008,0.007,0.011,0.019,0.024,0.014,0.005,0.007,0.006
17,B1_1,0.142,0.159,0.073,0.081,0.004,0.006,0.009,0.065,0.113,0.183,0.033,0.004,0.02,0.06,0.034,0.013
17,B1_2,0.008,0.044,0.006,0.029,0.025,0.009,0.004,0.084,0.01,0.016,0.008,0.015,0.01,0.29,0.269,0.174
17,B1_3,0.041,0.013,0.003,0.002,0.077,0.151,0.149,0.001,0.006,0.003,0.045,0.242,0.104,0.037,0.104,0.021
17,A2_1,0.918,0.01,0.005,0.004,0.003,0.003,0.008,0.003,0.004,0.004,0.003,0.005,0.024,0.003,0.002,0.001
17,A2_2,0.473,0.091,0.132,0.029,0.002,0.005,0.004,0.032,0.128,0.035,0.025,0.006,0.018,0.009,0.005,0.006
17,A2_3,0.022,0.086,0.021,0.065,0.017,0.005,0.004,0.324,0.014,0.022,0.007,0.008,0.005,0.168,0.134,0.097
17,B2_1,0.003,0.013,0.009,0.007,0.058,0.07,0.033,0.006,0.012,0.009,0.02,0.175,0.052,0.204,0.126,0.204
17,B2_2,0.424,0.014,0.001,0.001,0.025,0.25,0.029,0.001,0.005,0.004,0.015,0.031,0.039,0.012,0.119,0.028
17,B2_3,0.73,0.115,0.017,0.005,0.002,0.002,0.013,0.029,0.016,0.012,0.009,0.008,0.024,0.007,0.008,0.002
17,y1,0.506,0.045,0.026,0.04,0.002,0.004,0.009,0.106,0.07,0.017,0.012,0.011,0.009,0.025,0.094,0.024
17,y2,0.015,0.029,0.026,0.051,0.183,0.018,0.015,0.107,0.006,0.079,0.016,0.04,0.019,0.154,0.204,0.037
17,y3,0.033,0.025,0.002,0.004,0.034,0.078,0.041,0.008,0.006,0.023,0.078,0.041,0.059,0.189,0.161,0.217
18,.,0.022,0.063,0.169,0.235,0.039,0.033,0.024,0.082,0.086,0.151,0.008,0.002,0.008,0.016,0.047,0.015
18,A1_1,0.0,0.007,0.0,0.005,0.092,0.004,0.01,0.011,0.009,0.005,0.013,0.144,0.011,0.289,0.279,0.12
18,A1_2,0.165,0.005,0.011,0.002,0.019,0.174,0.308,0.0,0.005,0.009,0.174,0.026,0.061,0.009,0.021,0.012
18,A1_3,0.863,0.007,0.007,0.007,0.011,0.013,0.013,0.007,0.006,0.01,0.016,0.018,0.011,0.004,0.005,0.004
18,B1_1,0.152,0.16,0.083,0.096,0.004,0.005,0.009,0.057,0.11,0.17,0.033,0.004,0.018,0.055,0.029,0.013
18,B1_2,0.007,0.027,0.005,0.027,0.02,0.009,0.004,0.064,0.01,0.015,0.008,0.012,0.008,0.273,0.303,0.21
18,B1_3,0.034,0.009,0.003,0.002,0.081,0.122,0.17,0.0,0.004,0.002,0.055,0.308,0.089,0.025,0.082,0.012
18,A2_1,0.933,0.007,0.006,0.005,0.003,0.002,0.01,0.002,0.002,0.004,0.002,0.004,0.015,0.003,0.001,0.001
18,A2_2,0.332,0.143,0.185,0.051,0.003,0.004,0.003,0.032,0.113,0.055,0.026,0.005,0.026,0.011,0.005,0.005
18,A2_3,0.017,0.047,0.012,0.06,0.016,0.008,0.008,0.2,0.024,0.017,0.008,0.007,0.005,0.219,0.193,0.159
18,B2_1,0.002,0.004,0.002,0.002,0.083,0.042,0.037,0.002,0.006,0.003,0.026,0.442,0.036,0.107,0.146,0.06
18,B2_2,0.694,0.008,0.002,0.001,0.014,0.081,0.027,0.001,0.003,0.005,0.025,0.021,0.054,0.007,0.045,0.011
18,B2_3,0.648,0.172,0.045,0.012,0.001,0.001,0.005,0.02,0.028,0.011,0.007,0.005,0.035,0.007,0.003,0.002
18,y1,0.156,0.091,0.016,0.052,0.004,0.004,0.008,0.168,0.061,0.018,0.01,0.016,0.007,0.066,0.269,0.053
18,y2,0.005,0.008,0.007,0.014,0.249,0.041,0.042,0.004,0.002,0.009,0.016,0.137,0.021,0.044,0.386,0.015
18,y3,0.084,0.022,0.003,0.001,0.053,0.039,0.067,0.002,0.007,0.011,0.119,0.212,0.226,0.087,0.034,0.031
19,.,0.021,0.061,0.173,0.235,0.039,0.033,0.023,0.079,0.09,0.152,0.008,0.002,0.008,0.016,0.045,0.016
19,A1_1,0.0,0.007,0.0,0.005,0.095,0.004,0.01,0.01,0.01,0.005,0.012,0.139,0.011,0.329,0.234,0.129
19,A1_2,0.17,0.005,0.01,0.002,0.019,0.187,0.292,0.0,0.005,0.008,0.163,0.027,0.073,0.009,0.019,0.011
19,A1_3,0.882,0.006,0.006,0.006,0.009,0.012,0.012,0.006,0.006,0.008,0.013,0.014,0.01,0.003,0.004,0.004
19,B1_1,0.126,0.147,0.093,0.1,0.004,0.005,0.009,0.055,0.128,0.176,0.031,0.004,0.017,0.065,0.024,0.016
19,B1_2,0.005,0.018,0.004,0.018,0.019,0.011,0.004,0.043,0.007,0.014,0.008,0.011,0.008,0.334,0.246,0.252
19,B1_3,0.052,0.01,0.003,0.002,0.077,0.148,0.187,0.0,0.004,0.003,0.048,0.258,0.119,0.021,0.06,0.009
19,A2_1,0.955,0.006,0.005,0.003,0.002,0.001,0.005,0.002,0.002,0.003,0.001,0.002,0.01,0.002,0.001,0.0
19,A2_2,0.22,0.158,0.197,0.057,0.003,0.004,0.003,0.036,0.166,0.078,0.025,0.004,0.029,0.011,0.004,0.006
19,A2_3,0.007,0.026,0.007,0.038,0.018,0.007,0.007,0.157,0.015,0.013,0.007,0.005,0.003,0.319,0.148,0.222
19,B2_1,0.002,0.004,0.003,0.001,0.071,0.073,0.052,0.001,0.006,0.004,0.032,0.45,0.057,0.098,0.088,0.057
19,B2_2,0.912,0.007,0.001,0.001,0.004,0.023,0.007,0.0,0.002,0.002,0.004,0.005,0.015,0.002,0.011,0.002
19,B2_3,0.153,0.351,0.088,0.061,0.002,0.001,0.004,0.062,0.128,0.054,0.014,0.006,0.036,0.025,0.008,0.006
19,y1,0.026,0.034,0.004,0.015,0.007,0.009,0.008,0.036,0.009,0.016,0.008,0.011,0.004,0.188,0.471,0.155
19,y2,0.019,0.015,0.006,0.003,0.23,0.103,0.126,0.001,0.003,0.014,0.074,0.157,0.161,0.012,0.071,0.006
19,y3,0.861,0.014,0.003,0.001,0.002,0.004,0.009,0.002,0.003,0.006,0.008,0.009,0.053,0.019,0.005,0.002
20,.,0.022,0.069,0.173,0.23,0.037,0.032,0.022,0.08,0.09,0.147,0.008,0.002,0.008,0.016,0.049,0.016
20,A1_1,0.0,0.007,0.0,0.004,0.092,0.005,0.009,0.009,0.009,0.004,0.012,0.148,0.012,0.33,0.22,0.137
20,A1_2,0.184,0.005,0.009,0.002,0.018,0.23,0.264,0.0,0.005,0.007,0.131,0.026,0.081,0.009,0.019,0.011
20,A1_3,0.896,0.007,0.005,0.005,0.007,0.01,0.01,0.005,0.005,0.006,0.011,0.014,0.009,0.002,0.004,0.003
20,B1_1,0.137,0.18,0.097,0.103,0.003,0.004,0.008,0.053,0.124,0.145,0.028,0.003,0.017,0.058,0.023,0.017
20,B1_2,0.005,0.022,0.003,0.013,0.02,0.011,0.003,0.032,0.003,0.011,0.007,0.012,0.008,0.344,0.257,0.25
20,B1_3,0.06,0.012,0.003,0.002,0.067,0.195,0.202,0.0,0.004,0.003,0.03,0.197,0.145,0.02,0.049,0.011
20,A2_1,0.969,0.005,0.003,0.002,0.001,0.001,0.003,0.001,0.001,0.001,0.001,0.001,0.008,0.001,0.001,0.0
20,A2_2,0.246,0.183,0.178,0.041,0.001,0.003,0.003,0.032,0.171,0.071,0.022,0.003,0.029,0.008,0.003,0.004
20,A2_3,0.006,0.029,0.004,0.024,0.017,0.005,0.003,0.109,0.005,0.009,0.006,0.007,0.003,0.369,0.177,0.225
20,B2_1,0.003,0.006,0.005,0.002,0.074,0.127,0.06,0.001,0.005,0.004,0.028,0.389,0.085,0.076,0.074,0.062
20,B2_2,0.915,0.008,0.001,0.001,0.003,0.025,0.005,0.0,0.002,0.002,0.003,0.005,0.014,0.001,0.013,0.002
20,B2_3,0.106,0.448,0.067,0.036,0.001,0.001,0.004,0.073,0.149,0.045,0.015,0.005,0.022,0.012,0.009,0.004
20,y1,0.018,0.028,0.002,0.016,0.005,0.006,0.003,0.016,0.004,0.013,0.007,0.006,0.005,0.185,0.586,0.099
20,y2,0.009,0.012,0.002,0.002,0.247,0.163,0.089,0.001,0.002,0.014,0.074,0.087,0.237,0.01,0.039,0.013
20,y3,0.882,0.007,0.001,0.001,0.001,0.011,0.004,0.0,0.003,0.002,0.008,0.006,0.053,0.009,0.012,0.002
21,.,0.021,0.071,0.168,0.225,0.036,0.032,0.022,0.085,0.09,0.147,0.008,0.002,0.007,0.015,0.056,0.016
21,A1_1,0.0,0.007,0.0,0.004,0.09,0.004,0.009,0.008,0.009,0.004,0.013,0.142,0.011,0.292,0.282,0.123
21,A1_2,0.167,0.004,0.008,0.002,0.018,0.252,0.247,0.0,0.005,0.007,0.148,0.025,0.083,0.007,0.018,0.01
21,A1_3,0.905,0.006,0.004,0.005,0.006,0.01,0.009,0.004,0.005,0.006,0.01,0.013,0.009,0.002,0.004,0.003
21,B1_1,0.11,0.201,0.096,0.104,0.003,0.004,0.006,0.06,0.13,0.154,0.027,0.003,0.017,0.047,0.024,0.014
21,B1_2,0.003,0.019,0.002,0.011,0.016,0.011,0.002,0.024,0.003,0.008,0.007,0.009,0.007,0.248,0.388,0.242
21,B1_3,0.05,0.011,0.002,0.001,0.075,0.196,0.179,0.0,0.004,0.002,0.034,0.221,0.154,0.015,0.044,0.01
21,A2_1,0.974,0.005,0.003,0.001,0.001,0.001,0.002,0.001,0.001,0.001,0.001,0.001,0.006,0.001,0.001,0.0
21,A2_2,0.173,0.214,0.192,0.048,0.002,0.003,0.002,0.044,0.174,0.079,0.022,0.004,0.03,0.008,0.003,0.004
21,A2_3,0.005,0.027,0.003,0.022,0.016,0.006,0.003,0.078,0.005,0.008,0.007,0.006,0.004,0.323,0.262,0.225
21,B2_1,0.003,0.006,0.004,0.001,0.083,0.159,0.053,0.0,0.004,0.004,0.03,0.376,0.102,0.057,0.069,0.049
21,B2_2,0.929,0.007,0.001,0.001,0.002,0.019,0.004,0.0,0.002,0.002,0.002,0.004,0.014,0.001,0.01,0.002
21,B2_3,0.102,0.465,0.062,0.039,0.001,0.001,0.003,0.071,0.148,0.044,0.014,0.004,0.021,0.011,0.009,0.004
21,y1,0.011,0.025,0.002,0.013,0.004,0.005,0.002,0.014,0.003,0.009,0.006,0.005,0.004,0.128,0.684,0.086
21,y2,0.008,0.011,0.002,0.001,0.22,0.193,0.082,0.001,0.002,0.014,0.081,0.081,0.233,0.009,0.048,0.015
21,y3,0.894,0.007,0.001,0.0,0.0,0.009,0.003,0.001,0.003,0.002,0.007,0.005,0.046,0.007,0.013,0.002
22,.,0.022,0.071,0.168,0.224,0.034,0.031,0.021,0.085,0.09,0.154,0.008,0.002,0.007,0.015,0.053,0.016
22,A1_1,0.0,0.007,0.0,0.004,0.087,0.004,0.008,0.008,0.01,0.004,0.013,0.153,0.013,0.323,0.237,0.129
22,A1_2,0.163,0.004,0.008,0.002,0.017,0.242,0.21,0.0,0.005,0.006,0.168,0.035,0.103,0.009,0.017,0.011
22,A1_3,0.907,0.006,0.004,0.005,0.006,0.009,0.007,0.005,0.005,0.005,0.009,0.014,0.01,0.002,0.003,0.002
22,B1_1,0.103,0.188,0.096,0.113,0.003,0.003,0.005,0.071,0.125,0.16,0.026,0.003,0.018,0.049,0.022,0.015
22,B1_2,0.003,0.021,0.002,0.011,0.016,0.011,0.002,0.024,0.003,0.008,0.008,0.011,0.008,0.27,0.351,0.252
22,B1_3,0.043,0.011,0.002,0.001,0.074,0.176,0.137,0.0,0.004,0.002,0.031,0.293,0.159,0.019,0.037,0.011
22,A2_1,0.973,0.005,0.002,0.001,0.001,0.001,0.002,0.001,0.001,0.001,0.001,0.001,0.008,0.001,0.001,0.0
22,A2_2,0.185,0.21,0.176,0.048,0.002,0.003,0.002,0.052,0.177,0.075,0.021,0.004,0.031,0.008,0.003,0.004
22,A2_3,0.006,0.03,0.003,0.025,0.015,0.005,0.003,0.08,0.005,0.008,0.007,0.007,0.004,0.329,0.259,0.214
22,B2_1,0.002,0.005,0.003,0.001,0.08,0.131,0.035,0.0,0.004,0.003,0.025,0.445,0.095,0.066,0.053,0.05
22,B2_2,0.886,0.007,0.001,0.001,0.004,0.035,0.005,0.0,0.003,0.002,0.004,0.008,0.022,0.002,0.018,0.003
22,B2_3,0.141,0.474,0.055,0.028,0.001,0.001,0.004,0.076,0.123,0.036,0.014,0.006,0.022,0.008,0.008,0.003
22,y1,0.023,0.038,0.003,0.023,0.003,0.003,0.002,0.017,0.006,0.009,0.007,0.005,0.005,0.133,0.661,0.062
22,y2,0.004,0.014,0.002,0.002,0.315,0.172,0.07,0.001,0.002,0.014,0.065,0.102,0.156,0.01,0.051,0.021
22,y3,0.704,0.007,0.001,0.001,0.001,0.042,0.007,0.001,0.005,0.004,0.024,0.018,0.115,0.022,0.043,0.006
23,.,0.021,0.073,0.173,0.221,0.033,0.029,0.021,0.079,0.088,0.161,0.008,0.002,0.007,0.016,0.053,0.016
23,A1_1,0.0,0.007,0.0,0.004,0.088,0.004,0.008,0.008,0.008,0.004,0.013,0.158,0.012,0.338,0.227,0.119
23,A1_2,0.17,0.004,0.007,0.002,0.017,0.232,0.216,0.0,0.005,0.006,0.162,0.031,0.112,0.008,0.017,0.009
23,A1_3,0.913,0.007,0.004,0.005,0.005,0.007,0.007,0.004,0.005,0.005,0.009,0.014,0.01,0.002,0.003,0.002
23,B1_1,0.1,0.203,0.106,0.117,0.002,0.003,0.005,0.056,0.125,0.167,0.024,0.003,0.017,0.042,0.019,0.013
23,B1_2,0.003,0.019,0.002,0.011,0.015,0.008,0.001,0.021,0.002,0.007,0.007,0.01,0.007,0.298,0.366,0.226
23,B1_3,0.036,0.012,0.002,0.001,0.086,0.141,0.171,0.0,0.003,0.002,0.04,0.271,0.18,0.018,0.029,0.009
23,A2_1,0.976,0.004,0.002,0.001,0.0,0.001,0.002,0.001,0.001,0.001,0.001,0.001,0.007,0.001,0.001,0.0
23,A2_2,0.201,0.208,0.198,0.041,0.001,0.002,0.002,0.041,0.165,0.075,0.021,0.004,0.027,0.007,0.003,0.003
23,A2_3,0.005,0.025,0.003,0.024,0.013,0.003,0.002,0.054,0.003,0.007,0.007,0.007,0.004,0.405,0.255,0.183
23,B2_1,0.002,0.006,0.003,0.001,0.091,0.092,0.034,0.0,0.003,0.002,0.028,0.509,0.099,0.05,0.042,0.039
23,B2_2,0.874,0.006,0.001,0.001,0.004,0.041,0.007,0.0,0.004,0.002,0.004,0.008,0.024,0.002,0.019,0.002
23,B2_3,0.125,0.487,0.059,0.026,0.001,0.001,0.004,0.078,0.129,0.037,0.012,0.005,0.018,0.007,0.008,0.003
23,y1,0.019,0.03,0.002,0.02,0.002,0.002,0.001,0.01,0.004,0.008,0.006,0.004,0.005,0.128,0.71,0.048
23,y2,0.004,0.015,0.002,0.001,0.337,0.165,0.075,0.001,0.002,0.015,0.075,0.076,0.166,0.008,0.038,0.021
23,y3,0.701,0.007,0.001,0.001,0.001,0.038,0.007,0.001,0.006,0.003,0.024,0.018,0.116,0.023,0.046,0.007
24,.,0.02,0.07,0.177,0.22,0.032,0.028,0.02,0.082,0.091,0.16,0.008,0.002,0.007,0.016,0.05,0.017
24,A1_1,0.0,0.007,0.0,0.004,0.087,0.003,0.008,0.008,0.008,0.004,0.012,0.153,0.011,0.361,0.187,0.146
24,A1_2,0.153,0.005,0.007,0.002,0.017,0.224,0.235,0.0,0.005,0.006,0.162,0.039,0.108,0.01,0.017,0.011
24,A1_3,0.904,0.006,0.005,0.006,0.006,0.006,0.009,0.004,0.006,0.005,0.011,0.017,0.009,0.002,0.003,0.002
24,B1_1,0.102,0.174,0.125,0.124,0.002,0.003,0.005,0.058,0.132,0.16,0.027,0.002,0.015,0.041,0.016,0.014
24,B1_2,0.002,0.013,0.002,0.01,0.014,0.006,0.002,0.02,0.002,0.007,0.006,0.009,0.005,0.399,0.201,0.301
24,B1_3,0.026,0.011,0.002,0.001,0.08,0.121,0.18,0.0,0.003,0.002,0.037,0.335,0.149,0.018,0.025,0.009
24,A2_1,0.976,0.004,0.003,0.001,0.0,0.001,0.002,0.001,0.001,0.001,0.001,0.001,0.007,0.001,0.001,0.0
24,A2_2,0.173,0.19,0.226,0.047,0.001,0.002,0.002,0.044,0.171,0.08,0.022,0.004,0.025,0.007,0.003,0.003
