,,.,A1_1,A1_2,A1_3,B1_1,B1_2,B1_3,A2_1,A2_2,A2_3,B2_1,B2_2,B2_3,y1,y2,y3
1,.,0.056,0.018,0.077,0.022,0.034,0.058,0.033,0.018,0.013,0.019,0.042,0.026,0.043,0.187,0.188,0.167
1,A1_1,0.239,0.024,0.044,0.028,0.041,0.064,0.047,0.048,0.022,0.044,0.034,0.032,0.046,0.12,0.078,0.089
1,A1_2,0.168,0.028,0.016,0.009,0.094,0.036,0.115,0.011,0.015,0.023,0.105,0.052,0.079,0.068,0.099,0.083
1,A1_3,0.174,0.021,0.042,0.03,0.053,0.095,0.056,0.024,0.016,0.025,0.042,0.042,0.055,0.12,0.111,0.096
1,B1_1,0.155,0.035,0.146,0.064,0.02,0.038,0.016,0.078,0.034,0.043,0.016,0.021,0.019,0.109,0.108,0.099
1,B1_2,0.464,0.021,0.038,0.086,0.012,0.017,0.007,0.166,0.056,0.046,0.005,0.018,0.006,0.02,0.017,0.02
1,B1_3,0.246,0.045,0.088,0.039,0.026,0.039,0.027,0.07,0.033,0.057,0.022,0.023,0.03,0.095,0.083,0.078
1,A2_1,0.181,0.033,0.021,0.011,0.055,0.028,0.046,0.021,0.029,0.037,0.108,0.055,0.14,0.074,0.077,0.083
1,A2_2,0.136,0.035,0.016,0.005,0.059,0.03,0.072,0.009,0.015,0.027,0.133,0.042,0.189,0.075,0.084,0.072
1,A2_3,0.077,0.024,0.028,0.008,0.055,0.049,0.069,0.009,0.011,0.02,0.099,0.037,0.121,0.134,0.143,0.118
1,B2_1,0.467,0.041,0.031,0.031,0.016,0.012,0.011,0.123,0.068,0.075,0.014,0.021,0.021,0.025,0.02,0.026
1,B2_2,0.42,0.028,0.041,0.05,0.016,0.015,0.011,0.157,0.062,0.066,0.01,0.021,0.013,0.031,0.025,0.035
1,B2_3,0.311,0.026,0.057,0.068,0.031,0.033,0.02,0.101,0.051,0.046,0.019,0.034,0.019,0.057,0.058,0.068
1,y1,0.705,0.02,0.007,0.021,0.021,0.013,0.018,0.056,0.03,0.035,0.01,0.023,0.013,0.009,0.008,0.009
1,y2,0.711,0.017,0.005,0.02,0.028,0.011,0.019,0.048,0.035,0.029,0.013,0.031,0.012,0.007,0.007,0.008
1,y3,0.371,0.036,0.033,0.035,0.044,0.033,0.037,0.054,0.037,0.046,0.034,0.045,0.035,0.052,0.055,0.052
2,.,0.078,0.038,0.043,0.055,0.022,0.017,0.022,0.028,0.038,0.055,0.021,0.036,0.013,0.128,0.28,0.127
2,A1_1,0.407,0.021,0.018,0.015,0.072,0.079,0.091,0.021,0.009,0.023,0.022,0.024,0.016,0.031,0.097,0.054
2,A1_2,0.51,0.018,0.012,0.01,0.071,0.044,0.093,0.013,0.007,0.015,0.033,0.038,0.035,0.019,0.043,0.038
2,A1_3,0.254,0.026,0.021,0.018,0.051,0.096,0.053,0.014,0.009,0.015,0.022,0.046,0.032,0.069,0.177,0.096
2,B1_1,0.108,0.055,0.115,0.186,0.009,0.011,0.007,0.055,0.072,0.15,0.008,0.006,0.003,0.095,0.076,0.044
2,B1_2,0.094,0.042,0.076,0.221,0.015,0.012,0.012,0.067,0.108,0.094,0.013,0.017,0.007,0.111,0.064,0.047
2,B1_3,0.502,0.068,0.062,0.027,0.015,0.026,0.016,0.012,0.013,0.052,0.02,0.014,0.016,0.044,0.062,0.051
2,A2_1,0.424,0.019,0.011,0.005,0.036,0.032,0.041,0.008,0.008,0.012,0.041,0.082,0.173,0.024,0.032,0.05
2,A2_2,0.479,0.029,0.019,0.008,0.029,0.031,0.033,0.009,0.009,0.019,0.04,0.051,0.098,0.033,0.051,0.063
2,A2_3,0.283,0.018,0.008,0.006,0.048,0.029,0.068,0.006,0.007,0.007,0.056,0.146,0.183,0.028,0.049,0.06
2,B2_1,0.173,0.052,0.08,0.056,0.015,0.014,0.014,0.044,0.057,0.147,0.019,0.019,0.014,0.092,0.117,0.087
2,B2_2,0.14,0.043,0.089,0.068,0.013,0.011,0.01,0.069,0.071,0.233,0.013,0.01,0.007,0.074,0.086,0.063
2,B2_3,0.204,0.027,0.056,0.069,0.031,0.025,0.024,0.12,0.074,0.149,0.016,0.016,0.012,0.064,0.062,0.053
2,y1,0.589,0.03,0.034,0.026,0.032,0.031,0.035,0.031,0.019,0.058,0.019,0.014,0.017,0.021,0.021,0.025
2,y2,0.683,0.02,0.014,0.008,0.036,0.05,0.045,0.008,0.005,0.013,0.019,0.019,0.029,0.012,0.018,0.021
2,y3,0.529,0.034,0.039,0.03,0.035,0.04,0.037,0.032,0.02,0.059,0.019,0.016,0.018,0.028,0.032,0.033
3,.,0.134,0.051,0.031,0.043,0.044,0.038,0.051,0.029,0.061,0.04,0.027,0.062,0.039,0.122,0.111,0.116
3,A1_1,0.163,0.009,0.015,0.014,0.095,0.252,0.053,0.015,0.006,0.013,0.081,0.062,0.08,0.042,0.053,0.045
3,A1_2,0.287,0.012,0.013,0.02,0.108,0.104,0.084,0.019,0.015,0.02,0.085,0.087,0.048,0.03,0.034,0.034
3,A1_3,0.127,0.014,0.016,0.018,0.093,0.18,0.05,0.02,0.014,0.021,0.046,0.072,0.085,0.07,0.099,0.075
3,B1_1,0.23,0.144,0.126,0.068,0.008,0.01,0.011,0.049,0.041,0.067,0.012,0.008,0.008,0.082,0.055,0.08
3,B1_2,0.46,0.086,0.035,0.05,0.015,0.008,0.015,0.06,0.119,0.052,0.007,0.011,0.004,0.026,0.025,0.027
3,B1_3,0.244,0.119,0.118,0.056,0.009,0.012,0.012,0.044,0.034,0.081,0.013,0.007,0.008,0.083,0.067,0.093
3,A2_1,0.211,0.013,0.013,0.022,0.111,0.136,0.051,0.025,0.022,0.022,0.053,0.089,0.084,0.042,0.056,0.049
3,A2_2,0.105,0.007,0.016,0.018,0.057,0.147,0.016,0.014,0.007,0.015,0.083,0.055,0.26,0.055,0.056,0.088
3,A2_3,0.125,0.012,0.014,0.021,0.1,0.124,0.054,0.016,0.013,0.017,0.082,0.117,0.139,0.052,0.053,0.063
3,B2_1,0.252,0.066,0.07,0.049,0.015,0.02,0.017,0.039,0.044,0.073,0.02,0.013,0.017,0.101,0.087,0.118
3,B2_2,0.357,0.076,0.067,0.05,0.014,0.013,0.014,0.057,0.058,0.097,0.011,0.009,0.008,0.053,0.055,0.062
3,B2_3,0.423,0.045,0.043,0.044,0.023,0.027,0.015,0.057,0.055,0.067,0.017,0.014,0.015,0.047,0.052,0.056
3,y1,0.528,0.027,0.022,0.033,0.051,0.056,0.017,0.055,0.033,0.033,0.026,0.028,0.031,0.016,0.02,0.023
3,y2,0.544,0.032,0.02,0.034,0.044,0.036,0.017,0.061,0.053,0.041,0.017,0.024,0.019,0.016,0.021,0.021
3,y3,0.428,0.025,0.025,0.035,0.06,0.068,0.025,0.047,0.032,0.037,0.038,0.039,0.044,0.027,0.032,0.037
4,.,0.092,0.033,0.035,0.034,0.032,0.055,0.026,0.039,0.031,0.05,0.022,0.035,0.037,0.149,0.177,0.152
4,A1_1,0.271,0.011,0.015,0.012,0.109,0.101,0.084,0.016,0.014,0.006,0.035,0.068,0.037,0.068,0.103,0.05
4,A1_2,0.38,0.012,0.012,0.014,0.079,0.049,0.078,0.014,0.017,0.006,0.062,0.096,0.038,0.048,0.058,0.037
4,A1_3,0.203,0.011,0.015,0.011,0.096,0.091,0.06,0.016,0.013,0.008,0.046,0.097,0.06,0.094,0.121,0.057
4,B1_1,0.155,0.06,0.107,0.076,0.008,0.021,0.009,0.086,0.041,0.086,0.008,0.007,0.013,0.081,0.137,0.105
4,B1_2,0.331,0.047,0.045,0.06,0.024,0.028,0.026,0.055,0.056,0.041,0.031,0.026,0.025,0.065,0.077,0.064
4,B1_3,0.123,0.063,0.132,0.067,0.008,0.022,0.009,0.074,0.03,0.098,0.007,0.006,0.012,0.089,0.136,0.124
4,A2_1,0.221,0.018,0.019,0.019,0.054,0.054,0.042,0.024,0.027,0.022,0.074,0.082,0.072,0.103,0.095,0.074
4,A2_2,0.193,0.007,0.017,0.007,0.03,0.055,0.017,0.015,0.011,0.013,0.133,0.058,0.18,0.121,0.098,0.046
4,A2_3,0.326,0.009,0.012,0.011,0.048,0.033,0.039,0.011,0.01,0.005,0.122,0.149,0.079,0.059,0.056,0.029
4,B2_1,0.113,0.054,0.058,0.055,0.013,0.029,0.013,0.064,0.056,0.12,0.02,0.012,0.026,0.113,0.114,0.14
4,B2_2,0.188,0.045,0.073,0.052,0.007,0.016,0.007,0.098,0.087,0.193,0.018,0.006,0.022,0.057,0.062,0.068
4,B2_3,0.222,0.033,0.031,0.044,0.015,0.024,0.015,0.089,0.139,0.115,0.021,0.012,0.023,0.059,0.08,0.078
4,y1,0.496,0.026,0.023,0.026,0.046,0.03,0.044,0.021,0.031,0.018,0.082,0.049,0.036,0.03,0.02,0.021
4,y2,0.523,0.026,0.027,0.027,0.043,0.03,0.039,0.027,0.035,0.021,0.059,0.037,0.031,0.03,0.023,0.022
4,y3,0.464,0.039,0.038,0.038,0.037,0.029,0.037,0.035,0.044,0.036,0.053,0.032,0.028,0.035,0.026,0.03
5,.,0.088,0.05,0.067,0.031,0.039,0.05,0.035,0.038,0.022,0.04,0.024,0.045,0.022,0.129,0.146,0.173
5,A1_1,0.273,0.01,0.01,0.01,0.142,0.107,0.103,0.011,0.019,0.011,0.056,0.05,0.062,0.05,0.05,0.035
5,A1_2,0.299,0.008,0.008,0.01,0.17,0.068,0.093,0.008,0.015,0.009,0.068,0.069,0.069,0.038,0.041,0.029
5,A1_3,0.178,0.006,0.007,0.009,0.138,0.079,0.04,0.006,0.009,0.008,0.066,0.137,0.177,0.042,0.058,0.04
5,B1_1,0.228,0.07,0.15,0.043,0.008,0.022,0.009,0.063,0.016,0.067,0.012,0.006,0.011,0.133,0.068,0.092
5,B1_2,0.2,0.119,0.069,0.161,0.008,0.01,0.009,0.107,0.061,0.054,0.008,0.009,0.008,0.066,0.05,0.061
5,B1_3,0.267,0.072,0.139,0.042,0.011,0.021,0.011,0.052,0.015,0.058,0.015,0.009,0.011,0.138,0.055,0.083
5,A2_1,0.231,0.009,0.009,0.019,0.125,0.059,0.043,0.013,0.02,0.014,0.057,0.112,0.142,0.039,0.067,0.041
5,A2_2,0.273,0.003,0.008,0.01,0.052,0.049,0.011,0.007,0.005,0.012,0.059,0.04,0.354,0.029,0.06,0.028
5,A2_3,0.209,0.014,0.013,0.022,0.115,0.043,0.038,0.013,0.017,0.017,0.062,0.135,0.103,0.057,0.081,0.062
5,B2_1,0.265,0.06,0.061,0.058,0.016,0.025,0.02,0.093,0.052,0.062,0.013,0.009,0.012,0.1,0.079,0.074
5,B2_2,0.237,0.03,0.109,0.05,0.006,0.013,0.005,0.135,0.036,0.2,0.008,0.004,0.017,0.043,0.059,0.046
5,B2_3,0.177,0.054,0.052,0.11,0.006,0.008,0.007,0.207,0.123,0.128,0.005,0.005,0.007,0.032,0.043,0.035
5,y1,0.558,0.022,0.045,0.037,0.044,0.022,0.027,0.03,0.028,0.054,0.03,0.024,0.033,0.018,0.013,0.014
5,y2,0.451,0.034,0.056,0.073,0.034,0.017,0.02,0.051,0.046,0.079,0.024,0.028,0.032,0.019,0.017,0.019
5,y3,0.446,0.028,0.057,0.061,0.049,0.022,0.025,0.037,0.036,0.071,0.033,0.04,0.045,0.016,0.016,0.018
6,.,0.083,0.031,0.033,0.031,0.05,0.04,0.035,0.025,0.02,0.024,0.042,0.034,0.049,0.16,0.144,0.199
6,A1_1,0.206,0.011,0.012,0.011,0.102,0.109,0.103,0.011,0.015,0.009,0.064,0.046,0.041,0.085,0.093,0.081
6,A1_2,0.282,0.012,0.01,0.01,0.135,0.062,0.068,0.01,0.007,0.004,0.097,0.036,0.054,0.053,0.069,0.092
6,A1_3,0.265,0.005,0.006,0.008,0.059,0.121,0.055,0.01,0.006,0.006,0.08,0.056,0.125,0.055,0.09,0.052
6,B1_1,0.187,0.169,0.286,0.038,0.007,0.008,0.005,0.064,0.025,0.074,0.01,0.003,0.007,0.041,0.026,0.049
6,B1_2,0.207,0.193,0.087,0.079,0.019,0.008,0.01,0.096,0.089,0.05,0.011,0.005,0.006,0.048,0.023,0.068
6,B1_3,0.102,0.183,0.377,0.033,0.006,0.007,0.005,0.047,0.021,0.074,0.008,0.002,0.005,0.045,0.026,0.057
6,A2_1,0.269,0.009,0.009,0.016,0.055,0.077,0.057,0.018,0.015,0.012,0.075,0.062,0.103,0.07,0.088,0.065
6,A2_2,0.331,0.004,0.007,0.007,0.02,0.082,0.023,0.011,0.004,0.009,0.089,0.028,0.177,0.053,0.105,0.05
6,A2_3,0.137,0.003,0.006,0.01,0.03,0.043,0.067,0.012,0.01,0.018,0.082,0.261,0.143,0.062,0.079,0.036
6,B2_1,0.21,0.089,0.115,0.05,0.013,0.017,0.018,0.077,0.077,0.119,0.015,0.011,0.01,0.077,0.042,0.058
6,B2_2,0.138,0.069,0.179,0.047,0.003,0.01,0.005,0.081,0.029,0.191,0.013,0.007,0.022,0.084,0.059,0.061
6,B2_3,0.152,0.06,0.059,0.071,0.007,0.011,0.009,0.112,0.085,0.152,0.013,0.014,0.014,0.109,0.059,0.073
6,y1,0.343,0.016,0.027,0.023,0.027,0.044,0.098,0.022,0.04,0.044,0.058,0.083,0.116,0.023,0.022,0.014
6,y2,0.486,0.02,0.021,0.016,0.056,0.044,0.089,0.018,0.029,0.015,0.056,0.046,0.049,0.018,0.018,0.017
6,y3,0.319,0.042,0.068,0.036,0.026,0.033,0.078,0.036,0.062,0.074,0.04,0.057,0.062,0.028,0.021,0.018
7,.,0.074,0.058,0.049,0.07,0.028,0.037,0.03,0.058,0.051,0.066,0.036,0.026,0.036,0.103,0.175,0.103
7,A1_1,0.259,0.008,0.008,0.006,0.096,0.153,0.066,0.008,0.011,0.007,0.069,0.045,0.056,0.075,0.089,0.045
7,A1_2,0.231,0.011,0.009,0.008,0.256,0.062,0.107,0.008,0.01,0.003,0.048,0.064,0.038,0.059,0.057,0.031
7,A1_3,0.238,0.005,0.004,0.008,0.101,0.162,0.043,0.011,0.012,0.011,0.064,0.085,0.123,0.039,0.057,0.034
7,B1_1,0.187,0.094,0.288,0.048,0.003,0.005,0.005,0.067,0.017,0.052,0.008,0.002,0.005,0.101,0.066,0.053
7,B1_2,0.266,0.093,0.094,0.077,0.013,0.01,0.014,0.094,0.057,0.053,0.012,0.008,0.01,0.067,0.08,0.054
7,B1_3,0.228,0.09,0.238,0.047,0.007,0.009,0.01,0.061,0.021,0.049,0.011,0.004,0.009,0.099,0.064,0.052
7,A2_1,0.234,0.006,0.005,0.011,0.093,0.091,0.041,0.012,0.008,0.01,0.123,0.088,0.131,0.038,0.069,0.04
7,A2_2,0.368,0.005,0.005,0.006,0.026,0.096,0.018,0.007,0.003,0.006,0.174,0.026,0.09,0.043,0.093,0.035
7,A2_3,0.331,0.009,0.01,0.012,0.079,0.053,0.045,0.014,0.009,0.01,0.115,0.059,0.07,0.053,0.085,0.047
7,B2_1,0.173,0.069,0.246,0.04,0.008,0.013,0.015,0.068,0.035,0.09,0.01,0.005,0.009,0.101,0.058,0.059
7,B2_2,0.188,0.045,0.155,0.053,0.003,0.008,0.004,0.112,0.028,0.198,0.012,0.004,0.014,0.062,0.051,0.062
7,B2_3,0.148,0.039,0.063,0.07,0.004,0.005,0.005,0.181,0.098,0.232,0.005,0.006,0.008,0.037,0.045,0.054
7,y1,0.403,0.045,0.089,0.046,0.038,0.022,0.041,0.065,0.071,0.062,0.014,0.021,0.023,0.024,0.018,0.019
7,y2,0.381,0.023,0.038,0.034,0.059,0.058,0.053,0.041,0.043,0.054,0.041,0.045,0.073,0.019,0.018,0.019
7,y3,0.348,0.023,0.044,0.036,0.064,0.053,0.054,0.043,0.038,0.062,0.043,0.049,0.081,0.02,0.018,0.021
8,.,0.051,0.024,0.017,0.025,0.04,0.059,0.038,0.03,0.024,0.031,0.036,0.058,0.039,0.182,0.167,0.18
8,A1_1,0.225,0.007,0.006,0.008,0.059,0.138,0.084,0.01,0.013,0.014,0.055,0.074,0.035,0.073,0.108,0.092
8,A1_2,0.464,0.01,0.004,0.008,0.045,0.029,0.06,0.005,0.007,0.004,0.056,0.056,0.029,0.062,0.066,0.096
8,A1_3,0.297,0.008,0.005,0.012,0.052,0.137,0.052,0.009,0.011,0.011,0.057,0.076,0.054,0.066,0.076,0.078
8,B1_1,0.34,0.069,0.039,0.077,0.003,0.005,0.005,0.065,0.036,0.063,0.007,0.004,0.008,0.074,0.077,0.129
8,B1_2,0.332,0.126,0.038,0.103,0.007,0.006,0.01,0.072,0.099,0.031,0.008,0.005,0.008,0.039,0.043,0.073
8,B1_3,0.375,0.102,0.082,0.062,0.005,0.008,0.008,0.055,0.031,0.054,0.013,0.004,0.009,0.051,0.058,0.084
8,A2_1,0.284,0.008,0.007,0.015,0.064,0.086,0.046,0.011,0.01,0.012,0.067,0.123,0.075,0.062,0.06,0.07
8,A2_2,0.414,0.003,0.004,0.005,0.02,0.115,0.016,0.004,0.002,0.007,0.107,0.035,0.078,0.066,0.058,0.067
8,A2_3,0.311,0.006,0.005,0.012,0.049,0.041,0.03,0.008,0.007,0.01,0.07,0.135,0.077,0.084,0.062,0.093
8,B2_1,0.261,0.068,0.043,0.064,0.008,0.009,0.013,0.089,0.125,0.071,0.01,0.007,0.008,0.057,0.072,0.095
8,B2_2,0.182,0.069,0.058,0.12,0.003,0.007,0.004,0.143,0.081,0.139,0.005,0.005,0.008,0.048,0.055,0.074
8,B2_3,0.191,0.047,0.022,0.102,0.005,0.007,0.006,0.134,0.258,0.078,0.004,0.008,0.007,0.035,0.039,0.057
8,y1,0.395,0.053,0.085,0.051,0.046,0.025,0.034,0.055,0.079,0.043,0.033,0.03,0.029,0.013,0.014,0.015
8,y2,0.48,0.03,0.051,0.034,0.053,0.041,0.037,0.034,0.044,0.032,0.043,0.04,0.039,0.013,0.014,0.015
8,y3,0.439,0.046,0.071,0.054,0.032,0.025,0.027,0.059,0.077,0.051,0.024,0.024,0.024,0.013,0.016,0.017
9,.,0.043,0.04,0.046,0.025,0.037,0.018,0.055,0.046,0.028,0.038,0.033,0.042,0.034,0.203,0.153,0.159
9,A1_1,0.107,0.01,0.006,0.007,0.115,0.098,0.209,0.006,0.013,0.009,0.036,0.037,0.03,0.108,0.098,0.112
9,A1_2,0.307,0.01,0.005,0.005,0.102,0.025,0.174,0.004,0.007,0.005,0.056,0.079,0.035,0.056,0.052,0.077
9,A1_3,0.16,0.008,0.004,0.009,0.072,0.086,0.095,0.007,0.008,0.008,0.047,0.07,0.092,0.115,0.099,0.117
9,B1_1,0.237,0.206,0.14,0.045,0.002,0.004,0.003,0.053,0.031,0.06,0.007,0.003,0.006,0.07,0.072,0.061
9,B1_2,0.167,0.184,0.041,0.073,0.007,0.004,0.007,0.069,0.176,0.031,0.005,0.005,0.005,0.088,0.075,0.064
9,B1_3,0.241,0.19,0.18,0.043,0.003,0.005,0.004,0.055,0.033,0.063,0.011,0.003,0.007,0.054,0.059,0.049
9,A2_1,0.254,0.011,0.006,0.011,0.053,0.048,0.06,0.007,0.007,0.009,0.061,0.093,0.124,0.087,0.075,0.094
9,A2_2,0.212,0.008,0.007,0.007,0.025,0.093,0.024,0.004,0.003,0.007,0.089,0.029,0.109,0.128,0.128,0.127
9,A2_3,0.427,0.009,0.006,0.007,0.038,0.014,0.055,0.006,0.006,0.008,0.053,0.105,0.073,0.063,0.051,0.077
9,B2_1,0.209,0.071,0.095,0.04,0.006,0.008,0.008,0.109,0.127,0.098,0.008,0.004,0.005,0.076,0.071,0.065
9,B2_2,0.239,0.092,0.084,0.05,0.003,0.007,0.005,0.091,0.043,0.104,0.006,0.005,0.01,0.094,0.087,0.081
9,B2_3,0.429,0.026,0.022,0.043,0.005,0.006,0.006,0.105,0.151,0.055,0.008,0.009,0.01,0.043,0.039,0.044
9,y1,0.668,0.019,0.028,0.019,0.024,0.029,0.017,0.022,0.031,0.027,0.035,0.024,0.034,0.007,0.008,0.008
9,y2,0.592,0.033,0.041,0.029,0.023,0.026,0.017,0.037,0.055,0.038,0.029,0.02,0.026,0.01,0.011,0.012
9,y3,0.629,0.033,0.044,0.027,0.016,0.019,0.012,0.038,0.06,0.039,0.023,0.014,0.018,0.008,0.009,0.009
10,.,0.037,0.036,0.023,0.031,0.052,0.046,0.063,0.026,0.025,0.026,0.041,0.037,0.055,0.18,0.157,0.166
10,A1_1,0.172,0.005,0.005,0.004,0.111,0.196,0.185,0.005,0.009,0.006,0.03,0.038,0.029,0.057,0.081,0.067
10,A1_2,0.137,0.007,0.006,0.004,0.202,0.044,0.202,0.004,0.008,0.004,0.061,0.074,0.018,0.076,0.075,0.081
10,A1_3,0.275,0.005,0.003,0.006,0.094,0.166,0.086,0.005,0.006,0.006,0.053,0.061,0.095,0.039,0.053,0.046
10,B1_1,0.268,0.075,0.062,0.081,0.003,0.004,0.003,0.038,0.015,0.052,0.006,0.005,0.007,0.138,0.13,0.113
10,B1_2,0.342,0.087,0.022,0.097,0.01,0.006,0.008,0.024,0.039,0.019,0.006,0.009,0.007,0.128,0.112,0.083
10,B1_3,0.118,0.13,0.156,0.067,0.003,0.004,0.004,0.029,0.014,0.045,0.01,0.003,0.005,0.175,0.123,0.115
10,A2_1,0.256,0.007,0.005,0.007,0.078,0.064,0.052,0.007,0.005,0.008,0.085,0.075,0.099,0.077,0.087,0.088
10,A2_2,0.2,0.006,0.007,0.005,0.032,0.075,0.02,0.005,0.003,0.007,0.15,0.019,0.095,0.138,0.126,0.113
10,A2_3,0.23,0.008,0.006,0.007,0.092,0.022,0.058,0.008,0.005,0.008,0.081,0.1,0.045,0.103,0.103,0.122
10,B2_1,0.251,0.048,0.052,0.059,0.006,0.009,0.008,0.061,0.07,0.098,0.007,0.005,0.006,0.126,0.111,0.083
10,B2_2,0.303,0.04,0.047,0.064,0.003,0.006,0.003,0.062,0.027,0.113,0.006,0.005,0.009,0.115,0.111,0.087
10,B2_3,0.425,0.03,0.017,0.062,0.005,0.006,0.005,0.054,0.062,0.068,0.006,0.007,0.008,0.093,0.088,0.062
10,y1,0.566,0.029,0.028,0.03,0.042,0.04,0.051,0.025,0.031,0.028,0.027,0.047,0.031,0.007,0.01,0.009
10,y2,0.497,0.034,0.037,0.028,0.055,0.042,0.069,0.025,0.035,0.028,0.036,0.05,0.028,0.01,0.012,0.013
10,y3,0.558,0.033,0.033,0.033,0.036,0.029,0.037,0.031,0.035,0.034,0.035,0.043,0.032,0.01,0.012,0.012
11,.,0.033,0.047,0.042,0.041,0.039,0.053,0.036,0.045,0.027,0.036,0.031,0.031,0.055,0.135,0.169,0.181
11,A1_1,0.241,0.006,0.008,0.005,0.058,0.129,0.086,0.006,0.012,0.009,0.041,0.031,0.034,0.119,0.101,0.115
11,A1_2,0.156,0.005,0.006,0.003,0.113,0.032,0.162,0.003,0.007,0.003,0.138,0.088,0.025,0.1,0.066,0.093
11,A1_3,0.204,0.004,0.003,0.005,0.068,0.186,0.052,0.004,0.006,0.006,0.062,0.064,0.129,0.068,0.074,0.065
11,B1_1,0.281,0.059,0.154,0.129,0.002,0.004,0.002,0.066,0.026,0.07,0.005,0.003,0.006,0.068,0.058,0.066
11,B1_2,0.298,0.083,0.041,0.186,0.008,0.004,0.006,0.039,0.114,0.019,0.006,0.007,0.006,0.061,0.062,0.059
11,B1_3,0.229,0.072,0.217,0.085,0.003,0.005,0.005,0.042,0.018,0.048,0.008,0.003,0.006,0.093,0.078,0.088
11,A2_1,0.175,0.005,0.004,0.006,0.072,0.069,0.045,0.005,0.003,0.005,0.113,0.145,0.163,0.065,0.063,0.062
11,A2_2,0.18,0.002,0.003,0.003,0.025,0.176,0.016,0.003,0.001,0.005,0.137,0.03,0.269,0.055,0.053,0.043
11,A2_3,0.223,0.006,0.007,0.008,0.058,0.026,0.047,0.009,0.006,0.01,0.111,0.139,0.079,0.101,0.072,0.098
11,B2_1,0.222,0.041,0.116,0.058,0.005,0.007,0.007,0.082,0.126,0.11,0.006,0.002,0.003,0.077,0.062,0.075
11,B2_2,0.279,0.029,0.083,0.095,0.002,0.006,0.002,0.089,0.038,0.127,0.005,0.003,0.009,0.082,0.073,0.078
11,B2_3,0.28,0.023,0.024,0.092,0.005,0.004,0.003,0.078,0.243,0.066,0.004,0.004,0.004,0.06,0.052,0.057
11,y1,0.484,0.042,0.032,0.035,0.053,0.036,0.042,0.038,0.058,0.029,0.054,0.041,0.03,0.008,0.009,0.008
11,y2,0.496,0.035,0.029,0.028,0.055,0.035,0.043,0.029,0.038,0.024,0.076,0.048,0.036,0.01,0.01,0.01
11,y3,0.56,0.035,0.028,0.033,0.04,0.029,0.032,0.034,0.054,0.027,0.045,0.033,0.024,0.009,0.009,0.009
12,.,0.025,0.03,0.026,0.024,0.052,0.043,0.053,0.018,0.014,0.02,0.045,0.054,0.046,0.205,0.161,0.185
12,A1_1,0.277,0.005,0.005,0.003,0.108,0.153,0.153,0.003,0.007,0.005,0.039,0.045,0.026,0.056,0.065,0.05
12,A1_2,0.212,0.006,0.005,0.002,0.16,0.026,0.207,0.003,0.009,0.003,0.088,0.082,0.016,0.057,0.069,0.053
12,A1_3,0.343,0.004,0.004,0.004,0.081,0.101,0.071,0.006,0.006,0.007,0.033,0.086,0.053,0.069,0.075,0.059
12,B1_1,0.283,0.075,0.13,0.081,0.002,0.003,0.002,0.085,0.019,0.091,0.005,0.003,0.006,0.087,0.057,0.072
12,B1_2,0.413,0.081,0.026,0.09,0.007,0.005,0.007,0.049,0.069,0.02,0.004,0.005,0.004,0.09,0.066,0.063
12,B1_3,0.334,0.105,0.135,0.077,0.003,0.006,0.004,0.053,0.019,0.054,0.007,0.003,0.005,0.075,0.053,0.065
12,A2_1,0.243,0.004,0.004,0.005,0.08,0.042,0.057,0.006,0.003,0.006,0.056,0.208,0.082,0.066,0.077,0.061
12,A2_2,0.216,0.002,0.003,0.002,0.026,0.127,0.016,0.003,0.001,0.004,0.135,0.041,0.206,0.066,0.077,0.073
12,A2_3,0.147,0.005,0.004,0.005,0.071,0.016,0.047,0.007,0.003,0.005,0.092,0.284,0.082,0.073,0.086,0.073
12,B2_1,0.21,0.039,0.099,0.039,0.005,0.007,0.008,0.098,0.095,0.166,0.006,0.002,0.003,0.098,0.057,0.068
12,B2_2,0.174,0.028,0.083,0.057,0.002,0.004,0.001,0.131,0.018,0.207,0.004,0.003,0.008,0.122,0.069,0.089
12,B2_3,0.279,0.018,0.022,0.049,0.005,0.004,0.004,0.139,0.085,0.118,0.004,0.006,0.006,0.119,0.071,0.073
12,y1,0.351,0.043,0.034,0.056,0.042,0.056,0.04,0.065,0.061,0.063,0.043,0.055,0.061,0.01,0.01,0.01
12,y2,0.495,0.035,0.031,0.045,0.031,0.038,0.029,0.054,0.041,0.054,0.032,0.043,0.043,0.01,0.01,0.01
12,y3,0.517,0.035,0.029,0.044,0.028,0.043,0.027,0.05,0.044,0.049,0.032,0.035,0.043,0.008,0.009,0.008
13,.,0.024,0.031,0.033,0.03,0.038,0.036,0.035,0.031,0.027,0.03,0.044,0.039,0.055,0.193,0.182,0.173
13,A1_1,0.233,0.006,0.005,0.003,0.119,0.097,0.179,0.003,0.007,0.004,0.062,0.039,0.027,0.064,0.095,0.056
13,A1_2,0.267,0.006,0.005,0.003,0.116,0.015,0.19,0.003,0.007,0.002,0.114,0.057,0.019,0.063,0.083,0.051
13,A1_3,0.189,0.003,0.002,0.004,0.096,0.139,0.066,0.005,0.004,0.005,0.044,0.071,0.114,0.078,0.107,0.071
13,B1_1,0.245,0.138,0.174,0.089,0.001,0.003,0.002,0.08,0.015,0.055,0.004,0.002,0.004,0.073,0.058,0.057
13,B1_2,0.205,0.184,0.032,0.158,0.005,0.004,0.005,0.074,0.072,0.016,0.004,0.005,0.003,0.096,0.077,0.063
13,B1_3,0.285,0.162,0.159,0.076,0.003,0.005,0.004,0.052,0.016,0.037,0.006,0.003,0.004,0.071,0.061,0.058
13,A2_1,0.165,0.004,0.003,0.006,0.075,0.05,0.047,0.007,0.003,0.006,0.074,0.122,0.18,0.083,0.101,0.074
13,A2_2,0.142,0.002,0.003,0.002,0.018,0.084,0.013,0.003,0.001,0.004,0.147,0.024,0.308,0.089,0.089,0.072
13,A2_3,0.164,0.004,0.003,0.005,0.057,0.018,0.038,0.006,0.002,0.004,0.113,0.139,0.171,0.093,0.103,0.079
13,B2_1,0.405,0.046,0.082,0.033,0.006,0.006,0.01,0.071,0.087,0.068,0.006,0.002,0.002,0.063,0.066,0.047
13,B2_2,0.237,0.045,0.084,0.073,0.001,0.004,0.001,0.149,0.019,0.107,0.004,0.003,0.009,0.101,0.085,0.077
13,B2_3,0.207,0.028,0.02,0.089,0.003,0.003,0.002,0.233,0.104,0.084,0.002,0.005,0.006,0.083,0.073,0.056
13,y1,0.506,0.047,0.036,0.044,0.04,0.036,0.037,0.04,0.052,0.041,0.035,0.033,0.03,0.007,0.008,0.007
13,y2,0.522,0.037,0.03,0.034,0.044,0.043,0.037,0.031,0.03,0.034,0.043,0.043,0.046,0.008,0.009,0.008
13,y3,0.51,0.037,0.028,0.032,0.05,0.053,0.046,0.028,0.036,0.031,0.045,0.039,0.042,0.007,0.008,0.007
14,.,0.025,0.051,0.043,0.037,0.052,0.046,0.051,0.031,0.032,0.028,0.049,0.057,0.049,0.136,0.169,0.144
14,A1_1,0.185,0.005,0.004,0.002,0.089,0.123,0.217,0.002,0.004,0.003,0.056,0.043,0.02,0.079,0.097,0.07
14,A1_2,0.233,0.006,0.003,0.002,0.079,0.014,0.229,0.002,0.005,0.002,0.136,0.064,0.012,0.071,0.081,0.06
14,A1_3,0.177,0.003,0.002,0.003,0.089,0.169,0.087,0.005,0.004,0.005,0.041,0.088,0.066,0.087,0.098,0.077
14,B1_1,0.225,0.139,0.144,0.099,0.001,0.002,0.002,0.066,0.017,0.084,0.004,0.002,0.004,0.073,0.078,0.06
14,B1_2,0.242,0.199,0.022,0.136,0.005,0.003,0.006,0.045,0.085,0.014,0.004,0.004,0.003,0.096,0.08,0.056
14,B1_3,0.274,0.186,0.137,0.073,0.002,0.004,0.004,0.045,0.014,0.048,0.005,0.003,0.003,0.073,0.073,0.056
14,A2_1,0.186,0.003,0.003,0.005,0.073,0.056,0.058,0.007,0.003,0.006,0.078,0.158,0.098,0.088,0.097,0.082
14,A2_2,0.192,0.002,0.004,0.002,0.016,0.108,0.02,0.003,0.001,0.005,0.182,0.025,0.131,0.101,0.113,0.094
14,A2_3,0.207,0.005,0.004,0.006,0.054,0.016,0.054,0.006,0.002,0.006,0.133,0.189,0.075,0.079,0.089,0.077
14,B2_1,0.367,0.05,0.056,0.029,0.006,0.007,0.01,0.053,0.126,0.077,0.005,0.002,0.002,0.083,0.076,0.051
14,B2_2,0.232,0.04,0.07,0.072,0.002,0.004,0.001,0.11,0.023,0.177,0.003,0.003,0.007,0.088,0.095,0.071
14,B2_3,0.253,0.029,0.014,0.065,0.004,0.003,0.003,0.099,0.152,0.07,0.003,0.004,0.004,0.123,0.103,0.071
14,y1,0.392,0.052,0.06,0.054,0.045,0.048,0.038,0.044,0.052,0.063,0.05,0.041,0.041,0.007,0.008,0.007
14,y2,0.372,0.047,0.054,0.049,0.054,0.058,0.046,0.039,0.037,0.055,0.054,0.057,0.051,0.009,0.01,0.009
14,y3,0.301,0.054,0.064,0.058,0.057,0.065,0.047,0.045,0.057,0.064,0.058,0.051,0.052,0.008,0.009,0.009
15,.,0.021,0.046,0.046,0.048,0.035,0.037,0.033,0.048,0.046,0.045,0.03,0.03,0.039,0.146,0.155,0.195
15,A1_1,0.259,0.005,0.004,0.002,0.104,0.149,0.105,0.002,0.004,0.003,0.051,0.04,0.024,0.081,0.073,0.094
15,A1_2,0.269,0.005,0.003,0.002,0.129,0.017,0.134,0.002,0.006,0.002,0.119,0.064,0.014,0.079,0.07,0.083
15,A1_3,0.238,0.003,0.002,0.003,0.091,0.202,0.052,0.003,0.003,0.004,0.032,0.071,0.081,0.066,0.063,0.085
15,B1_1,0.235,0.112,0.185,0.112,0.001,0.002,0.001,0.057,0.015,0.065,0.003,0.002,0.003,0.076,0.06,0.07
15,B1_2,0.209,0.17,0.025,0.188,0.004,0.002,0.004,0.048,0.133,0.014,0.003,0.003,0.002,0.079,0.052,0.062
15,B1_3,0.286,0.129,0.176,0.075,0.002,0.003,0.003,0.036,0.014,0.039,0.005,0.003,0.003,0.085,0.064,0.075
15,A2_1,0.278,0.003,0.002,0.005,0.074,0.063,0.035,0.005,0.002,0.004,0.055,0.123,0.13,0.066,0.067,0.087
15,A2_2,0.21,0.002,0.003,0.002,0.016,0.114,0.013,0.002,0.001,0.004,0.156,0.018,0.169,0.093,0.09,0.108
15,A2_3,0.263,0.004,0.003,0.005,0.062,0.016,0.033,0.005,0.002,0.004,0.11,0.145,0.103,0.076,0.075,0.095
15,B2_1,0.273,0.043,0.089,0.031,0.005,0.006,0.008,0.062,0.156,0.102,0.005,0.002,0.002,0.081,0.067,0.069
15,B2_2,0.319,0.032,0.079,0.074,0.001,0.004,0.001,0.082,0.019,0.125,0.003,0.003,0.007,0.086,0.078,0.09
15,B2_3,0.284,0.022,0.014,0.073,0.003,0.003,0.003,0.101,0.181,0.074,0.002,0.003,0.004,0.084,0.07,0.079
15,y1,0.48,0.034,0.041,0.035,0.044,0.047,0.046,0.033,0.046,0.042,0.047,0.045,0.042,0.006,0.006,0.006
15,y2,0.424,0.043,0.052,0.042,0.044,0.048,0.046,0.044,0.046,0.052,0.043,0.047,0.045,0.008,0.008,0.008
15,y3,0.371,0.048,0.053,0.044,0.05,0.054,0.054,0.042,0.048,0.047,0.061,0.052,0.055,0.008,0.008,0.008
16,.,0.018,0.042,0.038,0.044,0.043,0.039,0.04,0.039,0.034,0.041,0.032,0.04,0.042,0.163,0.154,0.192
16,A1_1,0.24,0.005,0.004,0.001,0.102,0.16,0.121,0.002,0.004,0.002,0.048,0.036,0.023,0.081,0.085,0.085
16,A1_2,0.234,0.005,0.003,0.002,0.121,0.017,0.171,0.002,0.006,0.002,0.133,0.059,0.012,0.078,0.08,0.075
16,A1_3,0.219,0.003,0.002,0.003,0.093,0.186,0.056,0.003,0.003,0.003,0.03,0.075,0.088,0.074,0.08,0.083
16,B1_1,0.23,0.11,0.128,0.123,0.001,0.002,0.001,0.082,0.016,0.088,0.003,0.002,0.003,0.067,0.071,0.072
16,B1_2,0.181,0.132,0.017,0.242,0.004,0.002,0.004,0.059,0.132,0.014,0.003,0.003,0.002,0.069,0.07,0.066
16,B1_3,0.26,0.146,0.144,0.086,0.002,0.003,0.003,0.05,0.016,0.052,0.005,0.002,0.002,0.075,0.077,0.078
16,A2_1,0.208,0.003,0.002,0.004,0.074,0.065,0.039,0.005,0.002,0.005,0.065,0.13,0.175,0.07,0.076,0.078
16,A2_2,0.223,0.002,0.002,0.001,0.013,0.095,0.012,0.002,0.001,0.004,0.154,0.016,0.18,0.103,0.095,0.097
16,A2_3,0.213,0.004,0.003,0.005,0.061,0.014,0.042,0.004,0.001,0.004,0.137,0.157,0.106,0.078,0.087,0.083
16,B2_1,0.298,0.039,0.064,0.028,0.004,0.006,0.008,0.065,0.156,0.11,0.005,0.002,0.001,0.075,0.067,0.074
16,B2_2,0.235,0.03,0.059,0.079,0.001,0.003,0.001,0.133,0.02,0.206,0.003,0.002,0.007,0.07,0.072,0.079
16,B2_3,0.238,0.018,0.012,0.084,0.003,0.002,0.002,0.14,0.154,0.102,0.002,0.003,0.004,0.077,0.076,0.082
16,y1,0.583,0.032,0.032,0.035,0.032,0.032,0.034,0.03,0.035,0.033,0.038,0.035,0.036,0.005,0.005,0.005
16,y2,0.526,0.045,0.04,0.046,0.034,0.033,0.036,0.035,0.037,0.036,0.037,0.037,0.037,0.007,0.007,0.007
16,y3,0.542,0.037,0.035,0.039,0.035,0.033,0.037,0.033,0.037,0.035,0.044,0.037,0.04,0.006,0.006,0.005
17,.,0.017,0.041,0.04,0.038,0.044,0.048,0.044,0.041,0.032,0.046,0.039,0.045,0.047,0.164,0.149,0.165
17,A1_1,0.185,0.004,0.004,0.001,0.117,0.193,0.155,0.001,0.004,0.002,0.042,0.034,0.019,0.082,0.078,0.077
17,A1_2,0.208,0.005,0.003,0.001,0.145,0.016,0.2,0.002,0.007,0.001,0.104,0.059,0.009,0.085,0.081,0.073
17,A1_3,0.216,0.003,0.002,0.003,0.091,0.179,0.058,0.003,0.003,0.003,0.026,0.077,0.077,0.087,0.084,0.089
17,B1_1,0.242,0.11,0.135,0.112,0.001,0.002,0.001,0.075,0.014,0.081,0.003,0.002,0.003,0.074,0.074,0.07
17,B1_2,0.228,0.16,0.018,0.179,0.004,0.002,0.004,0.049,0.119,0.012,0.003,0.003,0.002,0.078,0.072,0.066
17,B1_3,0.241,0.148,0.189,0.071,0.002,0.003,0.003,0.043,0.012,0.05,0.005,0.002,0.002,0.079,0.078,0.072
17,A2_1,0.238,0.002,0.002,0.004,0.071,0.06,0.039,0.005,0.002,0.004,0.055,0.131,0.13,0.085,0.084,0.087
17,A2_2,0.252,0.001,0.002,0.001,0.012,0.13,0.012,0.002,0.0,0.003,0.146,0.016,0.151,0.089,0.091,0.092
17,A2_3,0.253,0.004,0.002,0.005,0.062,0.012,0.042,0.004,0.001,0.003,0.111,0.173,0.073,0.086,0.086,0.082
17,B2_1,0.243,0.044,0.104,0.024,0.004,0.005,0.008,0.058,0.153,0.12,0.004,0.001,0.001,0.078,0.078,0.074
17,B2_2,0.243,0.029,0.065,0.073,0.001,0.002,0.001,0.121,0.018,0.209,0.003,0.002,0.006,0.073,0.076,0.077
17,B2_3,0.276,0.018,0.012,0.07,0.003,0.002,0.002,0.115,0.148,0.09,0.002,0.003,0.004,0.085,0.085,0.085
17,y1,0.539,0.036,0.034,0.034,0.037,0.036,0.039,0.035,0.041,0.039,0.039,0.041,0.036,0.005,0.005,0.005
17,y2,0.534,0.041,0.039,0.038,0.033,0.034,0.035,0.037,0.036,0.041,0.038,0.04,0.036,0.006,0.006,0.006
17,y3,0.513,0.043,0.039,0.038,0.036,0.036,0.039,0.038,0.043,0.042,0.042,0.039,0.036,0.005,0.006,0.005
18,.,0.015,0.039,0.039,0.037,0.043,0.048,0.045,0.04,0.032,0.044,0.039,0.044,0.046,0.166,0.155,0.167
18,A1_1,0.236,0.004,0.004,0.001,0.12,0.139,0.158,0.001,0.004,0.002,0.041,0.033,0.019,0.086,0.076,0.075
18,A1_2,0.236,0.004,0.003,0.001,0.148,0.011,0.198,0.001,0.006,0.001,0.1,0.054,0.009,0.085,0.074,0.069
18,A1_3,0.245,0.002,0.002,0.003,0.101,0.157,0.062,0.003,0.003,0.003,0.023,0.077,0.085,0.083,0.075,0.077
18,B1_1,0.249,0.107,0.13,0.11,0.001,0.002,0.001,0.078,0.013,0.077,0.003,0.002,0.003,0.077,0.074,0.075
18,B1_2,0.255,0.154,0.016,0.159,0.004,0.002,0.004,0.049,0.119,0.01,0.003,0.003,0.002,0.079,0.071,0.071
18,B1_3,0.269,0.14,0.154,0.07,0.002,0.003,0.003,0.044,0.012,0.045,0.005,0.002,0.002,0.086,0.082,0.08
18,A2_1,0.236,0.002,0.001,0.004,0.075,0.055,0.038,0.004,0.002,0.004,0.051,0.124,0.158,0.086,0.079,0.079
18,A2_2,0.227,0.001,0.002,0.001,0.012,0.136,0.011,0.001,0.0,0.003,0.139,0.014,0.186,0.098,0.085,0.084
18,A2_3,0.262,0.003,0.002,0.004,0.066,0.011,0.043,0.004,0.001,0.003,0.106,0.161,0.087,0.089,0.08,0.077
18,B2_1,0.249,0.043,0.108,0.022,0.004,0.005,0.007,0.059,0.144,0.115,0.004,0.001,0.001,0.08,0.078,0.08
18,B2_2,0.226,0.029,0.064,0.08,0.001,0.002,0.001,0.135,0.017,0.2,0.002,0.002,0.006,0.077,0.078,0.081
18,B2_3,0.256,0.017,0.011,0.074,0.003,0.002,0.002,0.134,0.144,0.087,0.002,0.003,0.004,0.087,0.085,0.09
18,y1,0.487,0.037,0.039,0.036,0.044,0.042,0.044,0.038,0.043,0.042,0.043,0.045,0.044,0.005,0.005,0.005
18,y2,0.471,0.043,0.046,0.04,0.042,0.041,0.042,0.04,0.039,0.045,0.043,0.046,0.044,0.006,0.007,0.006
18,y3,0.459,0.042,0.043,0.039,0.045,0.044,0.045,0.04,0.045,0.044,0.046,0.046,0.046,0.005,0.006,0.005
19,.,0.014,0.043,0.044,0.04,0.042,0.046,0.044,0.041,0.034,0.045,0.041,0.044,0.044,0.159,0.155,0.164
19,A1_1,0.243,0.004,0.004,0.001,0.114,0.137,0.159,0.001,0.004,0.002,0.042,0.034,0.017,0.085,0.076,0.077
19,A1_2,0.25,0.004,0.003,0.001,0.138,0.01,0.192,0.001,0.006,0.001,0.107,0.057,0.008,0.081,0.07,0.07
19,A1_3,0.246,0.002,0.001,0.002,0.098,0.156,0.061,0.003,0.003,0.003,0.022,0.081,0.079,0.083,0.078,0.081
19,B1_1,0.255,0.11,0.142,0.102,0.001,0.002,0.001,0.072,0.012,0.069,0.003,0.002,0.002,0.076,0.076,0.075
19,B1_2,0.245,0.152,0.016,0.155,0.004,0.001,0.004,0.048,0.138,0.009,0.002,0.003,0.002,0.078,0.072,0.071
19,B1_3,0.27,0.144,0.18,0.061,0.001,0.003,0.003,0.04,0.012,0.042,0.005,0.002,0.002,0.08,0.079,0.077
19,A2_1,0.243,0.002,0.001,0.004,0.07,0.053,0.037,0.004,0.002,0.003,0.052,0.132,0.155,0.083,0.079,0.08
19,A2_2,0.248,0.001,0.001,0.001,0.011,0.134,0.011,0.001,0.0,0.002,0.147,0.014,0.167,0.092,0.085,0.085
19,A2_3,0.264,0.003,0.002,0.004,0.06,0.01,0.04,0.003,0.001,0.002,0.109,0.18,0.085,0.082,0.077,0.076
19,B2_1,0.242,0.042,0.113,0.02,0.004,0.004,0.007,0.056,0.167,0.118,0.004,0.001,0.001,0.074,0.073,0.074
19,B2_2,0.247,0.029,0.066,0.079,0.001,0.002,0.001,0.128,0.017,0.185,0.002,0.002,0.006,0.076,0.079,0.081
19,B2_3,0.247,0.016,0.01,0.075,0.003,0.001,0.001,0.134,0.177,0.086,0.002,0.003,0.004,0.079,0.08,0.083
19,y1,0.489,0.04,0.041,0.038,0.042,0.041,0.042,0.039,0.042,0.042,0.042,0.044,0.043,0.005,0.005,0.004
19,y2,0.494,0.042,0.044,0.038,0.04,0.039,0.04,0.039,0.038,0.043,0.041,0.043,0.041,0.006,0.006,0.006
19,y3,0.494,0.041,0.041,0.038,0.04,0.039,0.041,0.039,0.042,0.042,0.042,0.042,0.042,0.005,0.005,0.005
20,.,0.014,0.043,0.043,0.041,0.041,0.044,0.043,0.042,0.034,0.044,0.04,0.043,0.043,0.161,0.155,0.168
20,A1_1,0.242,0.004,0.004,0.001,0.111,0.15,0.15,0.001,0.004,0.002,0.041,0.033,0.017,0.084,0.078,0.079
20,A1_2,0.255,0.004,0.002,0.001,0.134,0.01,0.179,0.001,0.006,0.001,0.109,0.056,0.008,0.083,0.076,0.074
20,A1_3,0.246,0.002,0.001,0.002,0.098,0.162,0.059,0.002,0.002,0.002,0.021,0.08,0.078,0.082,0.079,0.082
20,B1_1,0.258,0.112,0.135,0.105,0.001,0.002,0.001,0.073,0.011,0.068,0.003,0.002,0.002,0.077,0.074,0.076
20,B1_2,0.246,0.155,0.015,0.157,0.004,0.001,0.004,0.045,0.13,0.009,0.002,0.003,0.002,0.08,0.074,0.074
20,B1_3,0.265,0.149,0.177,0.061,0.001,0.003,0.003,0.04,0.011,0.041,0.005,0.002,0.002,0.083,0.079,0.08
20,A2_1,0.241,0.002,0.001,0.004,0.071,0.054,0.036,0.004,0.002,0.003,0.052,0.133,0.154,0.083,0.08,0.082
20,A2_2,0.244,0.001,0.001,0.001,0.01,0.135,0.01,0.001,0.0,0.002,0.152,0.013,0.165,0.092,0.086,0.086
20,A2_3,0.264,0.003,0.002,0.004,0.06,0.009,0.039,0.003,0.001,0.002,0.111,0.179,0.083,0.083,0.079,0.078
20,B2_1,0.249,0.042,0.112,0.02,0.004,0.004,0.006,0.055,0.158,0.118,0.004,0.001,0.001,0.076,0.074,0.076
20,B2_2,0.247,0.029,0.063,0.08,0.001,0.002,0.001,0.129,0.016,0.184,0.002,0.002,0.006,0.078,0.079,0.082
20,B2_3,0.25,0.016,0.01,0.077,0.003,0.001,0.001,0.135,0.17,0.086,0.002,0.003,0.004,0.08,0.08,0.083
20,y1,0.488,0.04,0.04,0.038,0.043,0.042,0.043,0.039,0.042,0.04,0.042,0.044,0.044,0.004,0.005,0.004
20,y2,0.485,0.043,0.044,0.04,0.04,0.04,0.041,0.04,0.039,0.043,0.041,0.043,0.042,0.006,0.006,0.006
20,y3,0.49,0.042,0.041,0.039,0.041,0.04,0.041,0.04,0.043,0.041,0.042,0.042,0.042,0.005,0.005,0.005
