,,.,A1_1,A1_2,A1_3,B1_1,B1_2,B1_3,A2_1,A2_2,A2_3,B2_1,B2_2,B2_3,y1,y2,y3
2,.,1.0,-0.127,-0.36,-0.152,-0.135,0.279,-0.196,0.203,0.323,0.054,-0.36,-0.062,0.21,-0.568,-0.622,-0.131
2,A1_1,-0.127,1.0,0.455,0.961,0.08,-0.158,-0.401,0.517,-0.451,-0.177,-0.372,-0.527,-0.201,0.033,0.112,-0.194
2,A1_2,-0.36,0.455,1.0,0.407,0.372,0.425,0.227,-0.024,-0.316,-0.223,-0.035,-0.182,-0.353,0.776,0.292,0.407
2,A1_3,-0.152,0.961,0.407,1.0,0.071,-0.278,-0.457,0.511,-0.393,-0.173,-0.423,-0.406,-0.17,0.101,0.268,-0.265
2,B1_1,-0.135,0.08,0.372,0.071,1.0,0.144,0.602,0.479,-0.335,-0.7,-0.248,-0.412,-0.252,0.198,-0.22,-0.152
2,B1_2,0.279,-0.158,0.425,-0.278,0.144,1.0,0.409,-0.12,-0.198,-0.147,0.221,-0.095,-0.034,0.308,-0.341,0.617
2,B1_3,-0.196,-0.401,0.227,-0.457,0.602,0.409,1.0,0.118,0.132,-0.313,-0.041,-0.27,-0.551,0.248,-0.32,0.15
2,A2_1,0.203,0.517,-0.024,0.511,0.479,-0.12,0.118,1.0,-0.141,-0.226,-0.747,-0.869,-0.472,-0.301,-0.381,-0.722
2,A2_2,0.323,-0.451,-0.316,-0.393,-0.335,-0.198,0.132,-0.141,1.0,0.618,-0.441,0.137,-0.321,-0.128,-0.004,-0.252
2,A2_3,0.054,-0.177,-0.223,-0.173,-0.7,-0.147,-0.313,-0.226,0.618,1.0,-0.156,0.062,-0.133,0.048,0.32,-0.223
2,B2_1,-0.36,-0.372,-0.035,-0.423,-0.248,0.221,-0.041,-0.747,-0.441,-0.156,1.0,0.619,0.552,0.15,0.138,0.702
2,B2_2,-0.062,-0.527,-0.182,-0.406,-0.412,-0.095,-0.27,-0.869,0.137,0.062,0.619,1.0,0.633,0.181,0.429,0.525
2,B2_3,0.21,-0.201,-0.353,-0.17,-0.252,-0.034,-0.551,-0.472,-0.321,-0.133,0.552,0.633,1.0,-0.225,0.133,0.334
2,y1,-0.568,0.033,0.776,0.101,0.198,0.308,0.248,-0.301,-0.128,0.048,0.15,0.181,-0.225,1.0,0.679,0.4
2,y2,-0.622,0.112,0.292,0.268,-0.22,-0.341,-0.32,-0.381,-0.004,0.32,0.138,0.429,0.133,0.679,1.0,0.1
2,y3,-0.131,-0.194,0.407,-0.265,-0.152,0.617,0.15,-0.722,-0.252,-0.223,0.702,0.525,0.334,0.4,0.1,1.0
4,.,1.0,-0.079,0.15,0.4,-0.521,-0.079,-0.317,0.609,-0.194,-0.174,0.42,0.045,0.082,-0.794,-0.876,-0.282
4,A1_1,-0.079,1.0,0.729,0.354,-0.015,-0.437,-0.297,-0.1,0.215,0.019,-0.331,0.062,-0.072,-0.036,-0.123,-0.01
4,A1_2,0.15,0.729,1.0,0.526,-0.177,-0.609,-0.626,0.157,0.03,0.267,-0.389,-0.242,-0.344,-0.233,-0.399,-0.139
4,A1_3,0.4,0.354,0.526,1.0,-0.215,-0.135,-0.159,0.009,-0.138,-0.329,0.114,-0.425,-0.419,-0.192,-0.649,-0.173
4,B1_1,-0.521,-0.015,-0.177,-0.215,1.0,0.354,0.633,-0.395,-0.027,-0.357,-0.467,-0.262,-0.186,0.406,0.255,0.312
4,B1_2,-0.079,-0.437,-0.609,-0.135,0.354,1.0,0.33,-0.011,-0.059,-0.102,0.196,0.017,0.026,-0.158,0.008,0.524
4,B1_3,-0.317,-0.297,-0.626,-0.159,0.633,0.33,1.0,-0.431,-0.111,-0.699,-0.064,0.008,0.043,0.506,0.322,0.112
4,A2_1,0.609,-0.1,0.157,0.009,-0.395,-0.011,-0.431,1.0,0.282,0.446,-0.051,-0.224,-0.35,-0.754,-0.398,-0.447
4,A2_2,-0.194,0.215,0.03,-0.138,-0.027,-0.059,-0.111,0.282,1.0,0.451,0.157,-0.207,-0.101,-0.102,0.294,-0.244
4,A2_3,-0.174,0.019,0.267,-0.329,-0.357,-0.102,-0.699,0.446,0.451,1.0,-0.127,-0.0,-0.113,-0.271,0.269,0.019
4,B2_1,0.42,-0.331,-0.389,0.114,-0.467,0.196,-0.064,-0.051,0.157,-0.127,1.0,0.306,0.584,-0.29,-0.259,0.092
4,B2_2,0.045,0.062,-0.242,-0.425,-0.262,0.017,0.008,-0.224,-0.207,-0.0,0.306,1.0,0.883,-0.135,0.122,0.547
4,B2_3,0.082,-0.072,-0.344,-0.419,-0.186,0.026,0.043,-0.35,-0.101,-0.113,0.584,0.883,1.0,-0.083,0.065,0.489
4,y1,-0.794,-0.036,-0.233,-0.192,0.406,-0.158,0.506,-0.754,-0.102,-0.271,-0.29,-0.135,-0.083,1.0,0.734,-0.059
4,y2,-0.876,-0.123,-0.399,-0.649,0.255,0.008,0.322,-0.398,0.294,0.269,-0.259,0.122,0.065,0.734,1.0,0.064
4,y3,-0.282,-0.01,-0.139,-0.173,0.312,0.524,0.112,-0.447,-0.244,0.019,0.092,0.547,0.489,-0.059,0.064,1.0
6,.,1.0,-0.593,-0.439,0.035,0.058,-0.127,-0.374,0.36,0.144,0.444,-0.546,0.414,0.227,-0.442,-0.618,-0.645
6,A1_1,-0.593,1.0,0.637,0.306,0.239,-0.009,0.204,-0.019,-0.179,-0.264,-0.07,-0.852,-0.617,-0.171,0.026,0.207
6,A1_2,-0.439,0.637,1.0,0.762,0.091,-0.216,0.027,0.278,0.064,-0.407,0.031,-0.385,-0.311,-0.359,-0.135,-0.063
6,A1_3,0.035,0.306,0.762,1.0,0.059,-0.477,-0.293,0.354,-0.106,-0.213,0.063,-0.043,-0.029,-0.683,-0.378,-0.54
6,B1_1,0.058,0.239,0.091,0.059,1.0,0.104,0.278,-0.352,-0.083,0.165,-0.319,-0.371,-0.372,-0.101,-0.417,-0.007
6,B1_2,-0.127,-0.009,-0.216,-0.477,0.104,1.0,0.459,-0.635,-0.434,-0.507,0.014,0.206,0.267,0.045,0.0,0.32
6,B1_3,-0.374,0.204,0.027,-0.293,0.278,0.459,1.0,-0.662,-0.375,-0.485,-0.22,-0.109,-0.307,0.074,-0.003,0.815
6,A2_1,0.36,-0.019,0.278,0.354,-0.352,-0.635,-0.662,1.0,0.709,0.441,-0.315,-0.165,-0.156,-0.154,-0.179,-0.507
6,A2_2,0.144,-0.179,0.064,-0.106,-0.083,-0.434,-0.375,0.709,1.0,0.587,-0.228,-0.203,-0.203,0.463,0.04,-0.05
6,A2_3,0.444,-0.264,-0.407,-0.213,0.165,-0.507,-0.485,0.441,0.587,1.0,-0.296,-0.206,-0.338,0.301,0.112,-0.265
6,B2_1,-0.546,-0.07,0.031,0.063,-0.319,0.014,-0.22,-0.315,-0.228,-0.296,1.0,0.296,0.555,0.376,0.571,0.043
6,B2_2,0.414,-0.852,-0.385,-0.043,-0.371,0.206,-0.109,-0.165,-0.203,-0.206,0.296,1.0,0.82,-0.106,-0.051,-0.239
6,B2_3,0.227,-0.617,-0.311,-0.029,-0.372,0.267,-0.307,-0.156,-0.203,-0.338,0.555,0.82,1.0,-0.016,-0.09,-0.348
6,y1,-0.442,-0.171,-0.359,-0.683,-0.101,0.045,0.074,-0.154,0.463,0.301,0.376,-0.106,-0.016,1.0,0.678,0.573
6,y2,-0.618,0.026,-0.135,-0.378,-0.417,0.0,-0.003,-0.179,0.04,0.112,0.571,-0.051,-0.09,0.678,1.0,0.478
6,y3,-0.645,0.207,-0.063,-0.54,-0.007,0.32,0.815,-0.507,-0.05,-0.265,0.043,-0.239,-0.348,0.573,0.478,1.0
8,.,1.0,0.478,-0.027,-0.167,-0.564,-0.51,-0.266,0.207,0.259,-0.277,-0.128,0.246,0.032,-0.467,-0.538,-0.807
8,A1_1,0.478,1.0,-0.003,0.495,-0.446,-0.56,-0.244,0.018,0.267,-0.055,0.133,0.052,-0.317,-0.436,-0.41,-0.282
8,A1_2,-0.027,-0.003,1.0,0.57,0.058,-0.267,-0.106,-0.618,-0.375,-0.096,-0.118,-0.383,0.237,0.667,0.538,0.436
8,A1_3,-0.167,0.495,0.57,1.0,0.159,-0.33,0.119,-0.541,-0.204,0.267,0.041,-0.521,-0.295,0.272,0.044,0.559
8,B1_1,-0.564,-0.446,0.058,0.159,1.0,0.668,0.841,-0.172,-0.54,0.152,-0.48,-0.627,-0.044,0.434,0.149,0.52
8,B1_2,-0.51,-0.56,-0.267,-0.33,0.668,1.0,0.385,-0.106,-0.501,-0.151,-0.221,-0.108,0.155,0.166,0.146,0.247
8,B1_3,-0.266,-0.244,-0.106,0.119,0.841,0.385,1.0,-0.122,-0.474,0.043,-0.438,-0.502,-0.138,0.191,-0.109,0.188
8,A2_1,0.207,0.018,-0.618,-0.541,-0.172,-0.106,-0.122,1.0,0.817,0.386,-0.216,0.056,-0.357,-0.431,-0.3,-0.351
8,A2_2,0.259,0.267,-0.375,-0.204,-0.54,-0.501,-0.474,0.817,1.0,0.547,0.077,0.078,-0.543,-0.449,-0.254,-0.211
8,A2_3,-0.277,-0.055,-0.096,0.267,0.152,-0.151,0.043,0.386,0.547,1.0,0.13,-0.377,-0.668,-0.191,-0.265,0.383
8,B2_1,-0.128,0.133,-0.118,0.041,-0.48,-0.221,-0.438,-0.216,0.077,0.13,1.0,0.71,0.11,-0.469,-0.191,-0.14
8,B2_2,0.246,0.052,-0.383,-0.521,-0.627,-0.108,-0.502,0.056,0.078,-0.377,0.71,1.0,0.491,-0.539,-0.225,-0.65
8,B2_3,0.032,-0.317,0.237,-0.295,-0.044,0.155,-0.138,-0.357,-0.543,-0.668,0.11,0.491,1.0,0.313,0.301,-0.223
8,y1,-0.467,-0.436,0.667,0.272,0.434,0.166,0.191,-0.431,-0.449,-0.191,-0.469,-0.539,0.313,1.0,0.848,0.696
8,y2,-0.538,-0.41,0.538,0.044,0.149,0.146,-0.109,-0.3,-0.254,-0.265,-0.191,-0.225,0.301,0.848,1.0,0.6
8,y3,-0.807,-0.282,0.436,0.559,0.52,0.247,0.188,-0.351,-0.211,0.383,-0.14,-0.65,-0.223,0.696,0.6,1.0
10,.,1.0,-0.387,-0.288,0.227,-0.456,0.024,0.012,0.198,0.266,0.736,-0.002,0.42,0.162,-0.414,-0.344,-0.729
10,A1_1,-0.387,1.0,0.239,0.252,0.318,-0.238,-0.609,-0.495,-0.059,-0.486,0.25,-0.064,-0.377,0.205,0.527,0.303
10,A1_2,-0.288,0.239,1.0,0.627,-0.582,-0.492,-0.156,-0.3,-0.084,-0.237,-0.181,-0.166,0.075,-0.305,-0.158,0.445
10,A1_3,0.227,0.252,0.627,1.0,-0.631,-0.061,0.036,-0.348,-0.098,0.285,-0.331,-0.006,-0.09,-0.366,0.073,0.112
10,B1_1,-0.456,0.318,-0.582,-0.631,1.0,0.415,-0.034,-0.041,-0.291,-0.427,0.156,-0.141,-0.4,0.391,0.376,0.049
10,B1_2,0.024,-0.238,-0.492,-0.061,0.415,1.0,0.804,0.145,-0.522,0.2,-0.495,-0.324,-0.531,0.256,0.292,-0.122
10,B1_3,0.012,-0.609,-0.156,0.036,-0.034,0.804,1.0,0.254,-0.456,0.248,-0.628,-0.341,-0.224,0.187,0.047,0.08
10,A2_1,0.198,-0.495,-0.3,-0.348,-0.041,0.145,0.254,1.0,0.507,0.615,-0.456,-0.537,-0.234,0.201,-0.663,-0.407
10,A2_2,0.266,-0.059,-0.084,-0.098,-0.291,-0.522,-0.456,0.507,1.0,0.438,-0.027,-0.143,0.099,0.107,-0.496,-0.221
10,A2_3,0.736,-0.486,-0.237,0.285,-0.427,0.2,0.248,0.615,0.438,1.0,-0.446,-0.105,-0.058,-0.286,-0.56,-0.644
10,B2_1,-0.002,0.25,-0.181,-0.331,0.156,-0.495,-0.628,-0.456,-0.027,-0.446,1.0,0.759,0.637,-0.164,0.313,-0.084
10,B2_2,0.42,-0.064,-0.166,-0.006,-0.141,-0.324,-0.341,-0.537,-0.143,-0.105,0.759,1.0,0.75,-0.406,0.226,-0.151
10,B2_3,0.162,-0.377,0.075,-0.09,-0.4,-0.531,-0.224,-0.234,0.099,-0.058,0.637,0.75,1.0,-0.388,-0.089,0.024
10,y1,-0.414,0.205,-0.305,-0.366,0.391,0.256,0.187,0.201,0.107,-0.286,-0.164,-0.406,-0.388,1.0,0.476,0.51
10,y2,-0.344,0.527,-0.158,0.073,0.376,0.292,0.047,-0.663,-0.496,-0.56,0.313,0.226,-0.089,0.476,1.0,0.499
10,y3,-0.729,0.303,0.445,0.112,0.049,-0.122,0.08,-0.407,-0.221,-0.644,-0.084,-0.151,0.024,0.51,0.499,1.0
12,.,1.0,-0.073,0.155,0.113,-0.315,0.22,0.149,0.535,0.118,0.47,-0.254,0.179,0.145,-0.503,-0.577,-0.833
12,A1_1,-0.073,1.0,0.401,0.307,-0.175,-0.407,-0.601,0.147,0.446,0.125,0.296,0.334,-0.038,0.083,-0.137,-0.044
12,A1_2,0.155,0.401,1.0,0.947,-0.259,-0.431,-0.158,0.141,-0.05,-0.257,-0.195,-0.285,-0.297,-0.33,0.22,0.035
12,A1_3,0.113,0.307,0.947,1.0,-0.195,-0.467,-0.149,0.024,-0.169,-0.252,-0.285,-0.313,-0.266,-0.373,0.273,0.108
12,B1_1,-0.315,-0.175,-0.259,-0.195,1.0,-0.251,0.424,-0.125,-0.38,-0.165,-0.246,-0.419,-0.371,-0.092,-0.246,-0.091
12,B1_2,0.22,-0.407,-0.431,-0.467,-0.251,1.0,0.344,0.007,0.435,0.381,0.048,-0.028,0.422,-0.232,-0.306,-0.069
12,B1_3,0.149,-0.601,-0.158,-0.149,0.424,0.344,1.0,-0.194,-0.005,0.211,-0.581,-0.581,-0.279,-0.478,-0.083,-0.336
12,A2_1,0.535,0.147,0.141,0.024,-0.125,0.007,-0.194,1.0,0.255,0.456,-0.348,-0.156,-0.404,0.185,-0.27,-0.55
12,A2_2,0.118,0.446,-0.05,-0.169,-0.38,0.435,-0.005,0.255,1.0,0.756,-0.109,0.005,-0.108,-0.013,-0.096,-0.208
12,A2_3,0.47,0.125,-0.257,-0.252,-0.165,0.381,0.211,0.456,0.756,1.0,-0.491,-0.062,-0.208,-0.115,-0.283,-0.608
12,B2_1,-0.254,0.296,-0.195,-0.285,-0.246,0.048,-0.581,-0.348,-0.109,-0.491,1.0,0.778,0.751,0.223,-0.178,0.384
12,B2_2,0.179,0.334,-0.285,-0.313,-0.419,-0.028,-0.581,-0.156,0.005,-0.062,0.778,1.0,0.756,0.158,-0.309,-0.058
12,B2_3,0.145,-0.038,-0.297,-0.266,-0.371,0.422,-0.279,-0.404,-0.108,-0.208,0.751,0.756,1.0,-0.169,-0.378,0.132
12,y1,-0.503,0.083,-0.33,-0.373,-0.092,-0.232,-0.478,0.185,-0.013,-0.115,0.223,0.158,-0.169,1.0,0.495,0.375
12,y2,-0.577,-0.137,0.22,0.273,-0.246,-0.306,-0.083,-0.27,-0.096,-0.283,-0.178,-0.309,-0.378,0.495,1.0,0.657
12,y3,-0.833,-0.044,0.035,0.108,-0.091,-0.069,-0.336,-0.55,-0.208,-0.608,0.384,-0.058,0.132,0.375,0.657,1.0
14,.,1.0,0.142,-0.06,0.509,0.303,0.381,-0.062,-0.151,0.042,-0.481,-0.389,-0.346,-0.391,-0.433,-0.684,-0.386
14,A1_1,0.142,1.0,0.255,0.391,-0.225,-0.335,-0.271,-0.092,0.008,-0.301,-0.217,0.26,-0.147,0.347,0.215,0.303
14,A1_2,-0.06,0.255,1.0,0.526,-0.488,-0.225,-0.198,-0.467,-0.65,-0.377,0.393,-0.126,0.084,0.38,-0.166,-0.153
14,A1_3,0.509,0.391,0.526,1.0,-0.575,0.059,-0.677,0.021,-0.002,-0.185,0.055,-0.013,-0.023,-0.182,-0.715,-0.485
14,B1_1,0.303,-0.225,-0.488,-0.575,1.0,0.337,0.604,-0.274,-0.182,-0.291,-0.552,-0.509,-0.459,-0.287,0.166,0.179
14,B1_2,0.381,-0.335,-0.225,0.059,0.337,1.0,0.223,-0.225,-0.021,-0.35,-0.277,-0.17,0.008,-0.628,-0.289,-0.339
14,B1_3,-0.062,-0.271,-0.198,-0.677,0.604,0.223,1.0,-0.594,-0.467,-0.449,-0.004,-0.243,0.065,0.292,0.553,0.436
14,A2_1,-0.151,-0.092,-0.467,0.021,-0.274,-0.225,-0.594,1.0,0.844,0.896,-0.281,0.195,-0.251,-0.418,-0.207,-0.354
14,A2_2,0.042,0.008,-0.65,-0.002,-0.182,-0.021,-0.467,0.844,1.0,0.608,-0.187,0.518,-0.028,-0.383,-0.172,-0.224
14,A2_3,-0.481,-0.301,-0.377,-0.185,-0.291,-0.35,-0.449,0.896,0.608,1.0,-0.07,0.116,-0.087,-0.234,-0.008,-0.192
14,B2_1,-0.389,-0.217,0.393,0.055,-0.552,-0.277,-0.004,-0.281,-0.187,-0.07,1.0,0.526,0.86,0.602,0.078,0.244
14,B2_2,-0.346,0.26,-0.126,-0.013,-0.509,-0.17,-0.243,0.195,0.518,0.116,0.526,1.0,0.684,0.38,0.276,0.328
14,B2_3,-0.391,-0.147,0.084,-0.023,-0.459,0.008,0.065,-0.251,-0.028,-0.087,0.86,0.684,1.0,0.501,0.221,0.429
14,y1,-0.433,0.347,0.38,-0.182,-0.287,-0.628,0.292,-0.418,-0.383,-0.234,0.602,0.38,0.501,1.0,0.607,0.749
14,y2,-0.684,0.215,-0.166,-0.715,0.166,-0.289,0.553,-0.207,-0.172,-0.008,0.078,0.276,0.221,0.607,1.0,0.77
14,y3,-0.386,0.303,-0.153,-0.485,0.179,-0.339,0.436,-0.354,-0.224,-0.192,0.244,0.328,0.429,0.749,0.77,1.0
16,.,1.0,-0.29,0.167,-0.249,0.313,0.343,0.311,-0.126,-0.284,-0.07,-0.358,-0.523,-0.412,-0.476,-0.432,-0.717
16,A1_1,-0.29,1.0,0.22,0.521,0.027,-0.373,0.234,-0.243,-0.189,-0.162,0.134,0.23,0.374,-0.402,-0.251,-0.055
16,A1_2,0.167,0.22,1.0,0.846,-0.211,-0.093,-0.123,-0.702,-0.068,-0.319,-0.484,-0.58,-0.228,0.151,-0.146,0.168
16,A1_3,-0.249,0.521,0.846,1.0,-0.383,-0.401,-0.211,-0.593,0.053,-0.307,-0.199,-0.275,0.077,0.153,-0.133,0.406
16,B1_1,0.313,0.027,-0.211,-0.383,1.0,0.646,0.951,-0.167,-0.177,-0.319,-0.204,-0.432,-0.323,0.007,0.012,-0.155
16,B1_2,0.343,-0.373,-0.093,-0.401,0.646,1.0,0.532,-0.118,-0.569,-0.097,-0.218,-0.37,-0.237,0.376,0.589,-0.124
16,B1_3,0.311,0.234,-0.123,-0.211,0.951,0.532,1.0,-0.177,-0.173,-0.271,-0.245,-0.407,-0.275,-0.129,-0.108,-0.172
16,A2_1,-0.126,-0.243,-0.702,-0.593,-0.167,-0.118,-0.177,1.0,0.257,0.847,-0.059,0.551,-0.113,-0.259,0.1,-0.043
16,A2_2,-0.284,-0.189,-0.068,0.053,-0.177,-0.569,-0.173,0.257,1.0,0.2,-0.185,0.038,-0.24,0.069,-0.412,0.413
16,A2_3,-0.07,-0.162,-0.319,-0.307,-0.319,-0.097,-0.271,0.847,0.2,1.0,-0.333,0.5,-0.201,-0.255,0.111,-0.082
16,B2_1,-0.358,0.134,-0.484,-0.199,-0.204,-0.218,-0.245,-0.059,-0.185,-0.333,1.0,0.583,0.832,-0.002,0.083,-0.132
16,B2_2,-0.523,0.23,-0.58,-0.275,-0.432,-0.37,-0.407,0.551,0.038,0.5,0.583,1.0,0.659,-0.228,0.143,-0.146
16,B2_3,-0.412,0.374,-0.228,0.077,-0.323,-0.237,-0.275,-0.113,-0.24,-0.201,0.832,0.659,1.0,-0.001,0.156,-0.146
16,y1,-0.476,-0.402,0.151,0.153,0.007,0.376,-0.129,-0.259,0.069,-0.255,-0.002,-0.228,-0.001,1.0,0.736,0.75
16,y2,-0.432,-0.251,-0.146,-0.133,0.012,0.589,-0.108,0.1,-0.412,0.111,0.083,0.143,0.156,0.736,1.0,0.427
16,y3,-0.717,-0.055,0.168,0.406,-0.155,-0.124,-0.172,-0.043,0.413,-0.082,-0.132,-0.146,-0.146,0.75,0.427,1.0
18,.,1.0,0.275,0.444,0.086,0.008,-0.174,-0.086,0.083,-0.114,-0.139,0.23,0.078,-0.331,-0.623,-0.52,-0.65
18,A1_1,0.275,1.0,0.752,0.145,-0.417,-0.276,-0.079,-0.506,-0.645,-0.789,0.201,-0.001,-0.485,0.048,-0.044,-0.631
18,A1_2,0.444,0.752,1.0,0.609,-0.322,-0.425,-0.347,-0.449,-0.404,-0.485,0.03,-0.372,-0.588,0.211,0.24,-0.679
18,A1_3,0.086,0.145,0.609,1.0,0.072,-0.326,-0.187,-0.067,-0.157,-0.1,-0.31,-0.702,-0.563,0.696,0.531,-0.181
18,B1_1,0.008,-0.417,-0.322,0.072,1.0,0.082,0.741,-0.194,-0.058,-0.02,-0.411,-0.279,0.54,-0.036,0.046,0.153
18,B1_2,-0.174,-0.276,-0.425,-0.326,0.082,1.0,0.078,-0.009,0.417,0.47,-0.247,0.664,0.29,-0.084,-0.596,0.442
18,B1_3,-0.086,-0.079,-0.347,-0.187,0.741,0.078,1.0,-0.146,-0.506,-0.38,-0.402,-0.14,0.282,-0.109,-0.11,-0.131
18,A2_1,0.083,-0.506,-0.449,-0.067,-0.194,-0.009,-0.146,1.0,0.4,0.554,-0.036,-0.019,-0.288,-0.183,-0.234,0.169
18,A2_2,-0.114,-0.645,-0.404,-0.157,-0.058,0.417,-0.506,0.4,1.0,0.926,-0.101,0.223,0.397,-0.135,-0.167,0.62
18,A2_3,-0.139,-0.789,-0.485,-0.1,-0.02,0.47,-0.38,0.554,0.926,1.0,-0.243,0.16,0.272,-0.091,-0.156,0.553
18,B2_1,0.23,0.201,0.03,-0.31,-0.411,-0.247,-0.402,-0.036,-0.101,-0.243,1.0,0.499,-0.051,-0.279,-0.136,0.05
18,B2_2,0.078,-0.001,-0.372,-0.702,-0.279,0.664,-0.14,-0.019,0.223,0.16,0.499,1.0,0.244,-0.477,-0.732,0.265
18,B2_3,-0.331,-0.485,-0.588,-0.563,0.54,0.29,0.282,-0.288,0.397,0.272,-0.051,0.244,1.0,-0.275,-0.025,0.53
18,y1,-0.623,0.048,0.211,0.696,-0.036,-0.084,-0.109,-0.183,-0.135,-0.091,-0.279,-0.477,-0.275,1.0,0.711,0.308
18,y2,-0.52,-0.044,0.24,0.531,0.046,-0.596,-0.11,-0.234,-0.167,-0.156,-0.136,-0.732,-0.025,0.711,1.0,0.092
18,y3,-0.65,-0.631,-0.679,-0.181,0.153,0.442,-0.131,0.169,0.62,0.553,0.05,0.265,0.53,0.308,0.092,1.0
20,.,1.0,0.365,-0.02,0.297,-0.103,0.221,0.102,-0.483,-0.51,-0.263,0.273,0.667,0.129,-0.522,-0.511,-0.681
20,A1_1,0.365,1.0,0.602,0.516,-0.124,-0.175,0.054,-0.239,-0.518,-0.395,0.033,0.382,-0.135,-0.189,-0.26,-0.19
20,A1_2,-0.02,0.602,1.0,0.768,-0.124,-0.414,-0.539,-0.038,-0.151,-0.228,0.289,-0.129,-0.172,-0.186,-0.058,-0.089
20,A1_3,0.297,0.516,0.768,1.0,-0.118,-0.202,-0.276,-0.062,-0.367,-0.142,0.312,-0.125,-0.349,-0.688,-0.431,-0.419
20,B1_1,-0.103,-0.124,-0.124,-0.118,1.0,0.872,0.471,-0.582,-0.039,-0.637,-0.586,-0.297,-0.268,0.381,-0.123,-0.077
20,B1_2,0.221,-0.175,-0.414,-0.202,0.872,1.0,0.653,-0.699,-0.228,-0.62,-0.526,-0.025,-0.138,0.234,-0.239,-0.242
20,B1_3,0.102,0.054,-0.539,-0.276,0.471,0.653,1.0,-0.452,-0.412,-0.463,-0.381,0.221,0.079,0.078,-0.342,-0.012
20,A2_1,-0.483,-0.239,-0.038,-0.062,-0.582,-0.699,-0.452,1.0,0.536,0.939,-0.042,-0.484,-0.358,-0.15,0.289,0.272
20,A2_2,-0.51,-0.518,-0.151,-0.367,-0.039,-0.228,-0.412,0.536,1.0,0.533,-0.141,-0.541,-0.111,0.42,0.068,-0.056
20,A2_3,-0.263,-0.395,-0.228,-0.142,-0.637,-0.62,-0.463,0.939,0.533,1.0,0.059,-0.342,-0.25,-0.244,0.236,0.127
20,B2_1,0.273,0.033,0.289,0.312,-0.586,-0.526,-0.381,-0.042,-0.141,0.059,1.0,0.501,0.678,-0.435,-0.096,-0.076
20,B2_2,0.667,0.382,-0.129,-0.125,-0.297,-0.025,0.221,-0.484,-0.541,-0.342,0.501,1.0,0.696,-0.135,-0.112,-0.101
20,B2_3,0.129,-0.135,-0.172,-0.349,-0.268,-0.138,0.079,-0.358,-0.111,-0.25,0.678,0.696,1.0,0.187,0.071,0.168
20,y1,-0.522,-0.189,-0.186,-0.688,0.381,0.234,0.078,-0.15,0.42,-0.244,-0.435,-0.135,0.187,1.0,0.439,0.395
20,y2,-0.511,-0.26,-0.058,-0.431,-0.123,-0.239,-0.342,0.289,0.068,0.236,-0.096,-0.112,0.071,0.439,1.0,0.863
20,y3,-0.681,-0.19,-0.089,-0.419,-0.077,-0.242,-0.012,0.272,-0.056,0.127,-0.076,-0.101,0.168,0.395,0.863,1.0
22,.,1.0,-0.475,-0.237,0.01,0.265,0.019,-0.017,-0.212,-0.11,0.073,-0.339,-0.136,0.01,-0.517,-0.568,-0.68
22,A1_1,-0.475,1.0,0.289,0.327,-0.313,-0.618,-0.548,0.528,0.027,-0.576,0.184,-0.057,-0.297,-0.164,0.283,-0.1
22,A1_2,-0.237,0.289,1.0,0.719,-0.526,-0.241,-0.281,-0.534,-0.308,-0.455,0.272,0.401,0.102,-0.138,0.19,-0.125
22,A1_3,0.01,0.327,0.719,1.0,-0.25,-0.407,-0.347,-0.413,-0.352,-0.531,-0.303,-0.068,-0.396,0.065,0.282,-0.431
22,B1_1,0.265,-0.313,-0.526,-0.25,1.0,0.484,0.58,-0.043,-0.157,-0.149,-0.257,-0.491,-0.42,0.072,-0.261,0.051
22,B1_2,0.019,-0.618,-0.241,-0.407,0.484,1.0,0.64,-0.421,-0.531,0.009,0.073,0.021,0.33,0.378,0.2,0.491
22,B1_3,-0.017,-0.548,-0.281,-0.347,0.58,0.64,1.0,-0.122,-0.01,0.118,-0.308,-0.444,-0.276,0.264,-0.285,0.58
22,A2_1,-0.212,0.528,-0.534,-0.413,-0.043,-0.421,-0.122,1.0,0.549,0.091,-0.113,-0.306,-0.309,-0.156,-0.101,0.075
22,A2_2,-0.11,0.027,-0.308,-0.352,-0.157,-0.531,-0.01,0.549,1.0,0.662,-0.056,-0.024,-0.169,-0.215,-0.455,0.038
22,A2_3,0.073,-0.576,-0.455,-0.531,-0.149,0.009,0.118,0.091,0.662,1.0,0.005,0.197,0.332,0.18,-0.242,0.167
22,B2_1,-0.339,0.184,0.272,-0.303,-0.257,0.073,-0.308,-0.113,-0.056,0.005,1.0,0.761,0.704,-0.192,0.031,0.126
22,B2_2,-0.136,-0.057,0.401,-0.068,-0.491,0.021,-0.444,-0.306,-0.024,0.197,0.761,1.0,0.784,-0.161,0.162,-0.178
22,B2_3,0.01,-0.297,0.102,-0.396,-0.42,0.33,-0.276,-0.309,-0.169,0.332,0.704,0.784,1.0,-0.076,0.151,0.094
22,y1,-0.517,-0.164,-0.138,0.065,0.072,0.378,0.264,-0.156,-0.215,0.18,-0.192,-0.161,-0.076,1.0,0.662,0.538
22,y2,-0.568,0.283,0.19,0.282,-0.261,0.2,-0.285,-0.101,-0.455,-0.242,0.031,0.162,0.151,0.662,1.0,0.273
22,y3,-0.68,-0.1,-0.125,-0.431,0.051,0.491,0.58,0.075,0.038,0.167,0.126,-0.178,0.094,0.538,0.273,1.0
24,.,1.0,-0.089,0.21,-0.169,-0.682,-0.37,-0.165,0.167,-0.227,0.153,-0.166,0.459,0.334,-0.637,-0.764,-0.451
24,A1_1,-0.089,1.0,0.488,0.888,-0.234,-0.565,-0.184,-0.014,-0.327,-0.7,-0.088,-0.452,-0.324,0.1,0.058,-0.143
24,A1_2,0.21,0.488,1.0,0.564,-0.442,-0.157,0.37,-0.143,-0.249,-0.344,-0.375,-0.258,-0.216,-0.261,-0.28,-0.244
24,A1_3,-0.169,0.888,0.564,1.0,-0.161,-0.51,-0.082,-0.169,-0.214,-0.646,-0.159,-0.486,-0.395,0.156,0.151,-0.027
24,B1_1,-0.682,-0.234,-0.442,-0.161,1.0,0.692,0.27,-0.003,0.619,0.009,0.074,-0.555,-0.473,0.303,0.407,0.335
24,B1_2,-0.37,-0.565,-0.157,-0.51,0.692,1.0,0.519,-0.216,0.289,0.245,0.22,-0.237,-0.146,-0.023,0.117,0.209
24,B1_3,-0.165,-0.184,0.37,-0.082,0.27,0.519,1.0,-0.271,0.196,-0.367,-0.26,-0.07,-0.536,0.221,-0.006,0.086
24,A2_1,0.167,-0.014,-0.143,-0.169,-0.003,-0.216,-0.271,1.0,0.594,0.428,-0.672,-0.187,0.03,-0.303,-0.252,-0.117
24,A2_2,-0.227,-0.327,-0.249,-0.214,0.619,0.289,0.196,0.594,1.0,0.339,-0.612,-0.392,-0.358,0.034,0.074,0.195
24,A2_3,0.153,-0.7,-0.344,-0.646,0.009,0.245,-0.367,0.428,0.339,1.0,-0.052,0.232,0.629,-0.358,-0.07,0.129
24,B2_1,-0.166,-0.088,-0.375,-0.159,0.074,0.22,-0.26,-0.672,-0.612,-0.052,1.0,0.318,0.452,0.283,0.395,0.313
24,B2_2,0.459,-0.452,-0.258,-0.486,-0.555,-0.237,-0.07,-0.187,-0.392,0.232,0.318,1.0,0.662,0.17,0.002,0.173
24,B2_3,0.334,-0.324,-0.216,-0.395,-0.473,-0.146,-0.536,0.03,-0.358,0.629,0.452,0.662,1.0,-0.068,0.132,0.318
24,y1,-0.637,0.1,-0.261,0.156,0.303,-0.023,0.221,-0.303,0.034,-0.358,0.283,0.17,-0.068,1.0,0.886,0.741
24,y2,-0.764,0.058,-0.28,0.151,0.407,0.117,-0.006,-0.252,0.074,-0.07,0.395,0.002,0.132,0.886,1.0,0.862
24,y3,-0.451,-0.143,-0.244,-0.027,0.335,0.209,0.086,-0.117,0.195,0.129,0.313,0.173,0.318,0.741,0.862,1.0
26,.,1.0,0.362,0.293,-0.016,-0.19,0.043,-0.225,-0.019,-0.059,-0.028,-0.37,0.052,-0.176,-0.847,-0.39,-0.915
26,A1_1,0.362,1.0,0.651,0.2,0.337,-0.187,0.25,-0.491,-0.125,-0.501,-0.251,-0.019,0.036,-0.541,-0.584,-0.307
26,A1_2,0.293,0.651,1.0,-0.117,-0.013,-0.103,-0.181,-0.396,-0.279,-0.559,-0.076,-0.039,0.257,-0.543,-0.303,-0.317
26,A1_3,-0.016,0.2,-0.117,1.0,-0.107,-0.179,-0.037,0.325,-0.133,-0.024,-0.473,-0.324,-0.275,0.324,0.386,0.053
26,B1_1,-0.19,0.337,-0.013,-0.107,1.0,0.48,0.745,-0.289,0.26,0.014,-0.454,-0.292,-0.351,0.146,-0.238,0.118
26,B1_2,0.043,-0.187,-0.103,-0.179,0.48,1.0,0.488,-0.287,-0.292,-0.208,-0.416,-0.427,-0.342,0.128,0.306,-0.127
26,B1_3,-0.225,0.25,-0.181,-0.037,0.745,0.488,1.0,-0.607,-0.116,-0.308,-0.124,0.142,-0.067,0.104,-0.158,0.309
26,A2_1,-0.019,-0.491,-0.396,0.325,-0.289,-0.287,-0.607,1.0,0.531,0.836,-0.325,-0.367,-0.486,0.343,0.249,-0.05
26,A2_2,-0.059,-0.125,-0.279,-0.133,0.26,-0.292,-0.116,0.531,1.0,0.839,-0.187,-0.099,-0.504,0.097,-0.359,0.162
26,A2_3,-0.028,-0.501,-0.559,-0.024,0.014,-0.208,-0.308,0.836,0.839,1.0,-0.228,-0.151,-0.52,0.25,-0.038,0.034
26,B2_1,-0.37,-0.251,-0.076,-0.473,-0.454,-0.416,-0.124,-0.325,-0.187,-0.228,1.0,0.685,0.774,0.021,-0.041,0.412
26,B2_2,0.052,-0.019,-0.039,-0.324,-0.292,-0.427,0.142,-0.367,-0.099,-0.151,0.685,1.0,0.715,-0.347,-0.265,0.107
26,B2_3,-0.176,0.036,0.257,-0.275,-0.351,-0.342,-0.067,-0.486,-0.504,-0.52,0.774,0.715,1.0,-0.129,0.103,0.109
26,y1,-0.847,-0.541,-0.543,0.324,0.146,0.128,0.104,0.343,0.097,0.25,0.021,-0.347,-0.129,1.0,0.693,0.725
26,y2,-0.39,-0.584,-0.303,0.386,-0.238,0.306,-0.158,0.249,-0.359,-0.038,-0.041,-0.265,0.103,0.693,1.0,0.241
26,y3,-0.915,-0.307,-0.317,0.053,0.118,-0.127,0.309,-0.05,0.162,0.034,0.412,0.107,0.109,0.725,0.241,1.0
28,.,1.0,0.433,0.128,0.71,0.025,-0.398,-0.6,0.012,-0.545,-0.44,-0.318,-0.078,-0.274,-0.334,-0.794,-0.833
28,A1_1,0.433,1.0,0.358,0.719,-0.37,-0.58,-0.58,-0.043,-0.151,0.051,-0.329,-0.214,-0.219,-0.074,-0.206,-0.413
28,A1_2,0.128,0.358,1.0,0.487,0.129,-0.144,0.196,-0.505,-0.255,-0.193,0.169,-0.279,-0.158,-0.334,-0.111,-0.022
28,A1_3,0.71,0.719,0.487,1.0,-0.196,-0.527,-0.628,-0.035,-0.611,-0.483,-0.299,-0.206,-0.291,-0.01,-0.463,-0.58
28,B1_1,0.025,-0.37,0.129,-0.196,1.0,0.711,0.594,-0.093,-0.036,-0.429,-0.13,-0.491,-0.573,0.099,-0.413,-0.045
28,B1_2,-0.398,-0.58,-0.144,-0.527,0.711,1.0,0.828,-0.208,-0.014,-0.308,0.263,-0.201,-0.109,0.204,-0.057,0.406
28,B1_3,-0.6,-0.58,0.196,-0.628,0.594,0.828,1.0,-0.467,0.15,-0.047,0.459,-0.063,0.097,0.01,0.201,0.642
28,A2_1,0.012,-0.043,-0.505,-0.035,-0.093,-0.208,-0.467,1.0,0.48,0.146,-0.59,-0.468,-0.504,0.147,-0.123,-0.175
28,A2_2,-0.545,-0.151,-0.255,-0.611,-0.036,-0.014,0.15,0.48,1.0,0.806,-0.314,-0.308,-0.221,-0.155,0.406,0.279
28,A2_3,-0.44,0.051,-0.193,-0.483,-0.429,-0.308,-0.047,0.146,0.806,1.0,-0.079,0.136,0.199,-0.31,0.638,0.128
28,B2_1,-0.318,-0.329,0.169,-0.299,-0.13,0.263,0.459,-0.59,-0.314,-0.079,1.0,0.534,0.739,-0.178,0.283,0.429
28,B2_2,-0.078,-0.214,-0.279,-0.206,-0.491,-0.201,-0.063,-0.468,-0.308,0.136,0.534,1.0,0.921,0.097,0.418,0.186
28,B2_3,-0.274,-0.219,-0.158,-0.291,-0.573,-0.109,0.097,-0.504,-0.221,0.199,0.739,0.921,1.0,-0.021,0.502,0.413
28,y1,-0.334,-0.074,-0.334,-0.01,0.099,0.204,0.01,0.147,-0.155,-0.31,-0.178,0.097,-0.021,1.0,0.259,0.329
28,y2,-0.794,-0.206,-0.111,-0.463,-0.413,-0.057,0.201,-0.123,0.406,0.638,0.283,0.418,0.502,0.259,1.0,0.51
28,y3,-0.833,-0.413,-0.022,-0.58,-0.045,0.406,0.642,-0.175,0.279,0.128,0.429,0.186,0.413,0.329,0.51,1.0
30,.,1.0,-0.674,-0.173,-0.416,0.151,0.347,-0.074,-0.329,-0.076,0.141,0.273,-0.358,-0.084,-0.262,-0.219,-0.489
30,A1_1,-0.674,1.0,0.542,0.6,-0.001,-0.318,0.384,0.174,-0.05,-0.322,-0.489,0.337,-0.301,-0.247,-0.289,0.194
30,A1_2,-0.173,0.542,1.0,0.618,-0.37,-0.109,-0.007,-0.324,-0.502,-0.355,-0.13,-0.135,-0.739,-0.124,-0.241,0.295
30,A1_3,-0.416,0.6,0.618,1.0,-0.268,-0.035,0.253,0.082,-0.496,-0.509,-0.264,0.325,-0.431,0.177,-0.234,0.604
30,B1_1,0.151,-0.001,-0.37,-0.268,1.0,0.439,0.76,0.122,0.218,0.408,-0.423,0.043,-0.001,0.002,0.251,-0.012
30,B1_2,0.347,-0.318,-0.109,-0.035,0.439,1.0,0.57,0.178,-0.142,0.522,0.149,-0.191,-0.376,0.577,0.347,0.065
30,B1_3,-0.074,0.384,-0.007,0.253,0.76,0.57,1.0,0.206,-0.114,0.138,-0.327,0.346,-0.293,0.135,0.078,0.078
30,A2_1,-0.329,0.174,-0.324,0.082,0.122,0.178,0.206,1.0,0.493,0.473,-0.417,0.279,0.299,0.325,-0.1,0.188
30,A2_2,-0.076,-0.05,-0.502,-0.496,0.218,-0.142,-0.114,0.493,1.0,0.688,-0.493,-0.245,0.216,-0.302,-0.255,-0.362
30,A2_3,0.141,-0.322,-0.355,-0.509,0.408,0.522,0.138,0.473,0.688,1.0,-0.295,-0.44,-0.113,0.22,0.148,-0.133
30,B2_1,0.273,-0.489,-0.13,-0.264,-0.423,0.149,-0.327,-0.417,-0.493,-0.295,1.0,0.01,0.223,0.293,0.375,-0.278
30,B2_2,-0.358,0.337,-0.135,0.325,0.043,-0.191,0.346,0.279,-0.245,-0.44,0.01,1.0,0.415,0.041,-0.155,0.064
30,B2_3,-0.084,-0.301,-0.739,-0.431,-0.001,-0.376,-0.293,0.299,0.216,-0.113,0.223,0.415,1.0,0.063,0.205,-0.101
30,y1,-0.262,-0.247,-0.124,0.177,0.002,0.577,0.135,0.325,-0.302,0.22,0.293,0.041,0.063,1.0,0.733,0.628
30,y2,-0.219,-0.289,-0.241,-0.234,0.251,0.347,0.078,-0.1,-0.255,0.148,0.375,-0.155,0.205,0.733,1.0,0.434
30,y3,-0.489,0.194,0.295,0.604,-0.012,0.065,0.078,0.188,-0.362,-0.133,-0.278,0.064,-0.101,0.628,0.434,1.0
32,.,1.0,-0.125,-0.444,-0.45,-0.144,0.351,0.484,0.199,0.351,-0.196,0.194,0.328,0.574,-0.421,-0.779,-0.738
32,A1_1,-0.125,1.0,0.682,0.672,-0.197,0.232,0.052,-0.713,-0.376,-0.555,-0.29,-0.283,-0.37,-0.119,-0.146,-0.2
32,A1_2,-0.444,0.682,1.0,0.439,-0.378,-0.094,-0.002,-0.534,-0.483,-0.361,-0.242,-0.416,-0.248,-0.115,-0.033,0.061
32,A1_3,-0.45,0.672,0.439,1.0,0.272,0.172,0.008,-0.187,-0.231,0.122,-0.52,-0.399,-0.477,-0.158,0.076,0.082
32,B1_1,-0.144,-0.197,-0.378,0.272,1.0,0.516,0.295,0.289,0.04,0.344,-0.563,-0.514,-0.44,0.03,0.228,0.053
32,B1_2,0.351,0.232,-0.094,0.172,0.516,1.0,0.68,-0.197,-0.315,-0.4,-0.173,-0.142,0.075,0.005,-0.291,-0.252
32,B1_3,0.484,0.052,-0.002,0.008,0.295,0.68,1.0,0.201,0.009,-0.068,-0.426,-0.283,0.254,-0.325,-0.54,-0.271
32,A2_1,0.199,-0.713,-0.534,-0.187,0.289,-0.197,0.201,1.0,0.518,0.885,-0.129,-0.021,0.178,-0.214,-0.18,0.019
32,A2_2,0.351,-0.376,-0.483,-0.231,0.04,-0.315,0.009,0.518,1.0,0.522,-0.241,-0.03,0.093,-0.445,-0.034,-0.312
32,A2_3,-0.196,-0.555,-0.361,0.122,0.344,-0.4,-0.068,0.885,0.522,1.0,-0.303,-0.18,-0.114,-0.181,0.135,0.211
32,B2_1,0.194,-0.29,-0.242,-0.52,-0.563,-0.173,-0.426,-0.129,-0.241,-0.303,1.0,0.889,0.578,0.434,-0.01,0.147
32,B2_2,0.328,-0.283,-0.416,-0.399,-0.514,-0.142,-0.283,-0.021,-0.03,-0.18,0.889,1.0,0.721,0.24,-0.102,0.082
32,B2_3,0.574,-0.37,-0.248,-0.477,-0.44,0.075,0.254,0.178,0.093,-0.114,0.578,0.721,1.0,-0.272,-0.517,-0.249
32,y1,-0.421,-0.119,-0.115,-0.158,0.03,0.005,-0.325,-0.214,-0.445,-0.181,0.434,0.24,-0.272,1.0,0.661,0.777
32,y2,-0.779,-0.146,-0.033,0.076,0.228,-0.291,-0.54,-0.18,-0.034,0.135,-0.01,-0.102,-0.517,0.661,1.0,0.772
32,y3,-0.738,-0.2,0.061,0.082,0.053,-0.252,-0.271,0.019,-0.312,0.211,0.147,0.082,-0.249,0.777,0.772,1.0
34,.,1.0,0.443,0.411,-0.38,-0.113,-0.133,-0.417,0.035,-0.148,-0.377,0.047,0.363,-0.133,-0.737,-0.543,0.164
34,A1_1,0.443,1.0,0.732,0.213,-0.137,-0.156,-0.354,0.112,-0.129,-0.395,-0.492,-0.339,-0.509,-0.53,0.054,0.51
34,A1_2,0.411,0.732,1.0,0.234,-0.312,-0.377,-0.437,0.217,-0.318,-0.469,-0.259,-0.122,-0.368,-0.653,0.026,0.649
34,A1_3,-0.38,0.213,0.234,1.0,0.598,0.538,0.486,-0.239,-0.44,0.079,-0.674,-0.51,-0.368,0.212,0.128,0.046
34,B1_1,-0.113,-0.137,-0.312,0.598,1.0,0.927,0.803,-0.169,-0.136,0.42,-0.668,-0.341,-0.482,0.163,-0.299,-0.403
34,B1_2,-0.133,-0.156,-0.377,0.538,0.927,1.0,0.877,-0.186,-0.24,0.342,-0.56,-0.152,-0.346,0.204,-0.212,-0.342
34,B1_3,-0.417,-0.354,-0.437,0.486,0.803,0.877,1.0,0.05,-0.026,0.658,-0.448,-0.198,-0.37,0.29,-0.192,-0.364
34,A2_1,0.035,0.112,0.217,-0.239,-0.169,-0.186,0.05,1.0,0.702,0.388,0.119,-0.389,-0.29,-0.634,-0.345,-0.22
34,A2_2,-0.148,-0.129,-0.318,-0.44,-0.136,-0.24,-0.026,0.702,1.0,0.577,0.236,-0.435,-0.105,-0.183,-0.294,-0.493
34,A2_3,-0.377,-0.395,-0.469,0.079,0.42,0.342,0.658,0.388,0.577,1.0,-0.128,-0.346,-0.339,0.15,-0.463,-0.559
34,B2_1,0.047,-0.492,-0.259,-0.674,-0.668,-0.56,-0.448,0.119,0.236,-0.128,1.0,0.551,0.846,0.011,-0.088,-0.215
34,B2_2,0.363,-0.339,-0.122,-0.51,-0.341,-0.152,-0.198,-0.389,-0.435,-0.346,0.551,1.0,0.504,0.061,-0.039,0.293
34,B2_3,-0.133,-0.509,-0.368,-0.368,-0.482,-0.346,-0.37,-0.29,-0.105,-0.339,0.846,0.504,1.0,0.357,0.204,-0.24
34,y1,-0.737,-0.53,-0.653,0.212,0.163,0.204,0.29,-0.634,-0.183,0.15,0.011,0.061,0.357,1.0,0.553,-0.126
34,y2,-0.543,0.054,0.026,0.128,-0.299,-0.212,-0.192,-0.345,-0.294,-0.463,-0.088,-0.039,0.204,0.553,1.0,0.475
34,y3,0.164,0.51,0.649,0.046,-0.403,-0.342,-0.364,-0.22,-0.493,-0.559,-0.215,0.293,-0.24,-0.126,0.475,1.0
36,.,1.0,-0.505,-0.644,-0.742,-0.081,-0.231,-0.007,0.425,0.356,0.546,0.225,0.085,0.383,-0.358,-0.55,-0.776
36,A1_1,-0.505,1.0,0.632,0.718,-0.349,-0.038,0.024,-0.123,-0.027,-0.15,-0.58,-0.196,-0.184,-0.201,-0.256,0.204
36,A1_2,-0.644,0.632,1.0,0.59,-0.277,-0.334,-0.258,-0.493,-0.477,-0.097,-0.366,-0.047,-0.177,0.117,0.057,0.242
36,A1_3,-0.742,0.718,0.59,1.0,-0.261,0.088,0.03,-0.045,0.091,-0.28,-0.411,-0.215,-0.505,-0.039,0.288,0.352
36,B1_1,-0.081,-0.349,-0.277,-0.261,1.0,0.702,0.672,-0.631,-0.442,-0.338,0.004,-0.127,-0.236,0.249,0.129,0.576
36,B1_2,-0.231,-0.038,-0.334,0.088,0.702,1.0,0.709,-0.39,-0.057,-0.437,-0.193,-0.082,-0.306,0.266,0.208,0.615
36,B1_3,-0.007,0.024,-0.258,0.03,0.672,0.709,1.0,-0.374,0.116,0.037,-0.63,-0.536,-0.488,0.275,0.012,0.314
36,A2_1,0.425,-0.123,-0.493,-0.045,-0.631,-0.39,-0.374,1.0,0.787,0.329,0.286,0.007,0.155,-0.342,-0.024,-0.59
36,A2_2,0.356,-0.027,-0.477,0.091,-0.442,-0.057,0.116,0.787,1.0,0.451,-0.209,-0.397,-0.173,-0.009,0.115,-0.404
36,A2_3,0.546,-0.15,-0.097,-0.28,-0.338,-0.437,0.037,0.329,0.451,1.0,-0.355,-0.563,-0.304,0.219,-0.07,-0.595
36,B2_1,0.225,-0.58,-0.366,-0.411,0.004,-0.193,-0.63,0.286,-0.209,-0.355,1.0,0.694,0.554,-0.335,0.039,-0.122
36,B2_2,0.085,-0.196,-0.047,-0.215,-0.127,-0.082,-0.536,0.007,-0.397,-0.563,0.694,1.0,0.797,-0.495,-0.317,-0.192
36,B2_3,0.383,-0.184,-0.177,-0.505,-0.236,-0.306,-0.488,0.155,-0.173,-0.304,0.554,0.797,1.0,-0.488,-0.547,-0.391
36,y1,-0.358,-0.201,0.117,-0.039,0.249,0.266,0.275,-0.342,-0.009,0.219,-0.335,-0.495,-0.488,1.0,0.745,0.499
36,y2,-0.55,-0.256,0.057,0.288,0.129,0.208,0.012,-0.024,0.115,-0.07,0.039,-0.317,-0.547,0.745,1.0,0.545
36,y3,-0.776,0.204,0.242,0.352,0.576,0.615,0.314,-0.59,-0.404,-0.595,-0.122,-0.192,-0.391,0.499,0.545,1.0
38,.,1.0,0.228,-0.32,-0.018,-0.191,-0.345,0.348,0.396,0.353,0.62,-0.217,-0.632,-0.319,-0.58,-0.559,-0.487
38,A1_1,0.228,1.0,0.269,0.468,-0.332,-0.442,-0.076,-0.004,-0.299,-0.349,-0.382,-0.757,-0.31,0.007,0.039,0.178
38,A1_2,-0.32,0.269,1.0,0.876,-0.345,0.238,-0.475,-0.813,-0.202,-0.592,-0.091,-0.026,-0.223,0.024,0.185,-0.361
38,A1_3,-0.018,0.468,0.876,1.0,-0.291,0.13,-0.312,-0.737,-0.154,-0.544,-0.376,-0.288,-0.365,-0.136,0.068,-0.431
38,B1_1,-0.191,-0.332,-0.345,-0.291,1.0,0.539,0.665,-0.089,0.131,0.076,-0.395,0.081,-0.323,-0.001,0.053,0.336
38,B1_2,-0.345,-0.442,0.238,0.13,0.539,1.0,0.315,-0.644,0.215,-0.288,0.188,0.354,-0.279,-0.225,0.119,-0.003
38,B1_3,0.348,-0.076,-0.475,-0.312,0.665,0.315,1.0,0.126,0.037,0.149,-0.339,-0.299,-0.403,-0.161,-0.357,0.082
38,A2_1,0.396,-0.004,-0.813,-0.737,-0.089,-0.644,0.126,1.0,-0.045,0.664,0.14,-0.164,0.461,-0.114,-0.413,0.157
38,A2_2,0.353,-0.299,-0.202,-0.154,0.131,0.215,0.037,-0.045,1.0,0.431,0.2,-0.084,-0.516,-0.23,0.232,-0.134
38,A2_3,0.62,-0.349,-0.592,-0.544,0.076,-0.288,0.149,0.664,0.431,1.0,0.049,-0.111,0.092,-0.487,-0.481,-0.299
38,B2_1,-0.217,-0.382,-0.091,-0.376,-0.395,0.188,-0.339,0.14,0.2,0.049,1.0,0.463,0.46,-0.078,0.058,0.049
38,B2_2,-0.632,-0.757,-0.026,-0.288,0.081,0.354,-0.299,-0.164,-0.084,-0.111,0.463,1.0,0.573,0.331,0.346,0.173
38,B2_3,-0.319,-0.31,-0.223,-0.365,-0.323,-0.279,-0.403,0.461,-0.516,0.092,0.46,0.573,1.0,0.074,-0.217,0.053
38,y1,-0.58,0.007,0.024,-0.136,-0.001,-0.225,-0.161,-0.114,-0.23,-0.487,-0.078,0.331,0.074,1.0,0.694,0.555
38,y2,-0.559,0.039,0.185,0.068,0.053,0.119,-0.357,-0.413,0.232,-0.481,0.058,0.346,-0.217,0.694,1.0,0.628
38,y3,-0.487,0.178,-0.361,-0.431,0.336,-0.003,0.082,0.157,-0.134,-0.299,0.049,0.173,0.053,0.555,0.628,1.0
40,.,1.0,0.37,0.102,0.03,-0.533,-0.092,-0.292,-0.548,0.083,-0.289,0.267,0.489,0.052,-0.747,-0.872,-0.625
40,A1_1,0.37,1.0,0.719,0.291,-0.033,-0.164,-0.081,-0.411,-0.186,-0.252,-0.089,-0.285,-0.403,-0.1,-0.489,-0.354
40,A1_2,0.102,0.719,1.0,0.789,0.121,-0.496,0.088,-0.203,-0.486,-0.236,-0.295,-0.167,-0.513,0.274,0.01,-0.383
40,A1_3,0.03,0.291,0.789,1.0,0.117,-0.559,0.07,0.195,-0.379,-0.133,-0.348,-0.104,-0.442,0.144,0.138,-0.364
40,B1_1,-0.533,-0.033,0.121,0.117,1.0,0.356,0.908,0.023,-0.306,-0.334,-0.099,-0.56,-0.182,0.419,0.404,0.289
40,B1_2,-0.092,-0.164,-0.496,-0.559,0.356,1.0,0.501,0.109,-0.131,0.018,-0.32,-0.1,-0.095,-0.006,-0.083,0.495
40,B1_3,-0.292,-0.081,0.088,0.07,0.908,0.501,1.0,-0.133,-0.491,-0.443,-0.171,-0.261,-0.227,0.37,0.301,0.294
40,A2_1,-0.548,-0.411,-0.203,0.195,0.023,0.109,-0.133,1.0,0.17,0.696,-0.598,-0.268,-0.292,0.201,0.439,0.375
40,A2_2,0.083,-0.186,-0.486,-0.379,-0.306,-0.131,-0.491,0.17,1.0,0.536,0.378,-0.296,0.165,-0.622,-0.364,-0.336
40,A2_3,-0.289,-0.252,-0.236,-0.133,-0.334,0.018,-0.443,0.696,0.536,1.0,-0.453,-0.18,-0.333,-0.014,0.145,0.058
40,B2_1,0.267,-0.089,-0.295,-0.348,-0.099,-0.32,-0.171,-0.598,0.378,-0.453,1.0,0.184,0.782,-0.365,-0.266,-0.298
40,B2_2,0.489,-0.285,-0.167,-0.104,-0.56,-0.1,-0.261,-0.268,-0.296,-0.18,0.184,1.0,0.417,-0.062,-0.077,-0.03
40,B2_3,0.052,-0.403,-0.513,-0.442,-0.182,-0.095,-0.227,-0.292,0.165,-0.333,0.782,0.417,1.0,-0.156,0.002,-0.005
40,y1,-0.747,-0.1,0.274,0.144,0.419,-0.006,0.37,0.201,-0.622,-0.014,-0.365,-0.062,-0.156,1.0,0.884,0.646
40,y2,-0.872,-0.489,0.01,0.138,0.404,-0.083,0.301,0.439,-0.364,0.145,-0.266,-0.077,0.002,0.884,1.0,0.62
40,y3,-0.625,-0.354,-0.383,-0.364,0.289,0.495,0.294,0.375,-0.336,0.058,-0.298,-0.03,-0.005,0.646,0.62,1.0
42,.,1.0,-0.124,0.228,-0.015,-0.085,-0.415,-0.041,-0.272,0.061,-0.134,0.189,-0.062,0.06,-0.664,-0.878,-0.708
42,A1_1,-0.124,1.0,0.314,0.825,0.0,-0.121,0.044,0.448,-0.05,-0.385,-0.091,-0.385,-0.091,-0.132,0.009,0.015
42,A1_2,0.228,0.314,1.0,0.571,0.363,-0.066,0.073,-0.307,-0.426,-0.657,-0.375,-0.145,-0.4,-0.265,0.002,0.255
42,A1_3,-0.015,0.825,0.571,1.0,-0.043,-0.162,-0.107,0.418,0.095,-0.36,-0.033,-0.574,-0.088,-0.232,-0.022,0.26
42,B1_1,-0.085,0.0,0.363,-0.043,1.0,0.465,0.689,0.082,-0.272,-0.108,-0.511,-0.338,-0.735,0.566,0.45,-0.1
42,B1_2,-0.415,-0.121,-0.066,-0.162,0.465,1.0,0.836,0.223,0.121,-0.196,-0.295,-0.303,-0.257,0.539,0.467,0.118
42,B1_3,-0.041,0.044,0.073,-0.107,0.689,0.836,1.0,0.257,0.009,-0.246,-0.398,-0.4,-0.491,0.391,0.179,-0.28
42,A2_1,-0.272,0.448,-0.307,0.418,0.082,0.223,0.257,1.0,0.639,0.436,0.16,-0.71,-0.177,0.352,0.157,-0.023
42,A2_2,0.061,-0.05,-0.426,0.095,-0.272,0.121,0.009,0.639,1.0,0.535,0.746,-0.444,0.279,0.02,-0.185,-0.207
42,A2_3,-0.134,-0.385,-0.657,-0.36,-0.108,-0.196,-0.246,0.436,0.535,1.0,0.466,-0.073,0.138,0.25,0.039,-0.035
42,B2_1,0.189,-0.091,-0.375,-0.033,-0.511,-0.295,-0.398,0.16,0.746,0.466,1.0,-0.009,0.682,-0.37,-0.386,-0.246
42,B2_2,-0.062,-0.385,-0.145,-0.574,-0.338,-0.303,-0.4,-0.71,-0.444,-0.073,-0.009,1.0,0.151,-0.144,-0.009,0.091
42,B2_3,0.06,-0.091,-0.4,-0.088,-0.735,-0.257,-0.491,-0.177,0.279,0.138,0.682,0.151,1.0,-0.536,-0.385,-0.031
42,y1,-0.664,-0.132,-0.265,-0.232,0.566,0.539,0.391,0.352,0.02,0.25,-0.37,-0.144,-0.536,1.0,0.856,0.223
42,y2,-0.878,0.009,0.002,-0.022,0.45,0.467,0.179,0.157,-0.185,0.039,-0.386,-0.009,-0.385,0.856,1.0,0.618
42,y3,-0.708,0.015,0.255,0.26,-0.1,0.118,-0.28,-0.023,-0.207,-0.035,-0.246,0.091,-0.031,0.223,0.618,1.0
44,.,1.0,0.19,0.133,-0.277,-0.415,-0.065,0.12,0.308,0.386,-0.036,0.022,0.136,-0.35,-0.856,-0.74,-0.711
44,A1_1,0.19,1.0,0.786,0.394,-0.586,-0.294,-0.307,-0.129,-0.281,0.064,-0.167,-0.032,-0.094,-0.308,0.136,-0.025
44,A1_2,0.133,0.786,1.0,0.475,-0.015,-0.164,-0.169,-0.425,-0.407,-0.226,-0.386,0.013,-0.102,-0.233,-0.021,-0.117
44,A1_3,-0.277,0.394,0.475,1.0,-0.04,0.264,-0.5,-0.007,-0.525,0.323,-0.623,0.025,0.015,-0.072,0.306,0.163
44,B1_1,-0.415,-0.586,-0.015,-0.04,1.0,0.161,0.329,-0.375,-0.131,-0.409,-0.207,-0.045,0.144,0.493,-0.013,0.011
44,B1_2,-0.065,-0.294,-0.164,0.264,0.161,1.0,0.399,-0.178,-0.052,-0.212,-0.512,0.222,-0.361,0.11,-0.422,-0.17
44,B1_3,0.12,-0.307,-0.169,-0.5,0.329,0.399,1.0,-0.348,0.404,-0.609,-0.255,-0.246,-0.457,0.362,-0.557,-0.487
44,A2_1,0.308,-0.129,-0.425,-0.007,-0.375,-0.178,-0.348,1.0,0.324,0.694,0.082,0.026,0.12,-0.451,0.02,-0.288
44,A2_2,0.386,-0.281,-0.407,-0.525,-0.131,-0.052,0.404,0.324,1.0,0.342,-0.073,-0.653,-0.703,-0.042,-0.257,-0.249
44,A2_3,-0.036,0.064,-0.226,0.323,-0.409,-0.212,-0.609,0.694,0.342,1.0,-0.103,-0.378,-0.151,-0.201,0.491,0.249
44,B2_1,0.022,-0.167,-0.386,-0.623,-0.207,-0.512,-0.255,0.082,-0.073,-0.103,1.0,0.398,0.584,-0.067,0.144,0.359
44,B2_2,0.136,-0.032,0.013,0.025,-0.045,0.222,-0.246,0.026,-0.653,-0.378,0.398,1.0,0.633,-0.388,-0.268,-0.083
44,B2_3,-0.35,-0.094,-0.102,0.015,0.144,-0.361,-0.457,0.12,-0.703,-0.151,0.584,0.633,1.0,0.051,0.364,0.265
44,y1,-0.856,-0.308,-0.233,-0.072,0.493,0.11,0.362,-0.451,-0.042,-0.201,-0.067,-0.388,0.051,1.0,0.465,0.497
44,y2,-0.74,0.136,-0.021,0.306,-0.013,-0.422,-0.557,0.02,-0.257,0.491,0.144,-0.268,0.364,0.465,1.0,0.724
44,y3,-0.711,-0.025,-0.117,0.163,0.011,-0.17,-0.487,-0.288,-0.249,0.249,0.359,-0.083,0.265,0.497,0.724,1.0
46,.,1.0,0.614,0.139,0.166,0.027,0.107,0.057,-0.08,0.128,0.264,-0.317,-0.307,-0.636,-0.596,-0.547,-0.44
46,A1_1,0.614,1.0,0.349,0.729,0.221,-0.181,-0.117,0.189,0.076,0.423,-0.449,-0.588,-0.808,-0.33,-0.289,-0.123
46,A1_2,0.139,0.349,1.0,0.329,0.002,-0.062,-0.078,-0.554,-0.482,-0.534,-0.386,0.055,-0.282,0.214,0.186,0.007
46,A1_3,0.166,0.729,0.329,1.0,-0.015,-0.093,-0.133,-0.032,-0.285,0.145,-0.335,-0.403,-0.445,0.055,0.001,0.225
46,B1_1,0.027,0.221,0.002,-0.015,1.0,0.173,0.687,0.423,0.305,0.296,-0.653,-0.77,-0.596,0.489,0.375,0.12
46,B1_2,0.107,-0.181,-0.062,-0.093,0.173,1.0,0.152,-0.527,-0.642,-0.2,0.07,-0.036,-0.049,0.176,0.088,-0.299
46,B1_3,0.057,-0.117,-0.078,-0.133,0.687,0.152,1.0,0.159,0.296,-0.144,-0.511,-0.402,-0.35,0.45,0.337,0.022
46,A2_1,-0.08,0.189,-0.554,-0.032,0.423,-0.527,0.159,1.0,0.852,0.749,-0.147,-0.563,-0.202,-0.079,-0.112,0.187
46,A2_2,0.128,0.076,-0.482,-0.285,0.305,-0.642,0.296,0.852,1.0,0.573,-0.165,-0.312,-0.17,-0.237,-0.166,0.082
46,A2_3,0.264,0.423,-0.534,0.145,0.296,-0.2,-0.144,0.749,0.573,1.0,-0.137,-0.594,-0.378,-0.241,-0.155,0.242
46,B2_1,-0.317,-0.449,-0.386,-0.335,-0.653,0.07,-0.511,-0.147,-0.165,-0.137,1.0,0.692,0.548,-0.379,-0.147,-0.247
46,B2_2,-0.307,-0.588,0.055,-0.403,-0.77,-0.036,-0.402,-0.563,-0.312,-0.594,0.692,1.0,0.726,-0.211,-0.006,-0.13
46,B2_3,-0.636,-0.808,-0.282,-0.445,-0.596,-0.049,-0.35,-0.202,-0.17,-0.378,0.548,0.726,1.0,0.054,-0.026,0.087
46,y1,-0.596,-0.33,0.214,0.055,0.489,0.176,0.45,-0.079,-0.237,-0.241,-0.379,-0.211,0.054,1.0,0.858,0.662
46,y2,-0.547,-0.289,0.186,0.001,0.375,0.088,0.337,-0.112,-0.166,-0.155,-0.147,-0.006,-0.026,0.858,1.0,0.727
46,y3,-0.44,-0.123,0.007,0.225,0.12,-0.299,0.022,0.187,0.082,0.242,-0.247,-0.13,0.087,0.662,0.727,1.0
