,,.,A1_1,A1_2,A1_3,B1_1,B1_2,B1_3,A2_1,A2_2,A2_3,B2_1,B2_2,B2_3,y1,y2,y3
0,.,1.0,0.925,0.968,0.8,0.904,0.924,0.912,0.925,0.926,0.906,0.899,0.88,0.923,0.94,0.923,0.944
0,A1_1,0.925,1.0,0.95,0.813,0.896,0.952,0.95,0.847,0.947,0.901,0.878,0.925,0.942,0.94,0.944,0.914
0,A1_2,0.968,0.95,1.0,0.797,0.916,0.926,0.92,0.888,0.934,0.937,0.903,0.877,0.914,0.939,0.953,0.938
0,A1_3,0.8,0.813,0.797,1.0,0.92,0.866,0.839,0.866,0.92,0.922,0.861,0.821,0.912,0.768,0.876,0.754
0,B1_1,0.904,0.896,0.916,0.92,1.0,0.95,0.936,0.87,0.939,0.951,0.931,0.926,0.962,0.868,0.895,0.843
0,B1_2,0.924,0.952,0.926,0.866,0.95,1.0,0.965,0.856,0.95,0.909,0.927,0.959,0.978,0.908,0.912,0.885
0,B1_3,0.912,0.95,0.92,0.839,0.936,0.965,1.0,0.867,0.923,0.909,0.942,0.979,0.974,0.926,0.907,0.92
0,A2_1,0.925,0.847,0.888,0.866,0.87,0.856,0.867,1.0,0.891,0.894,0.923,0.825,0.883,0.904,0.921,0.93
0,A2_2,0.926,0.947,0.934,0.92,0.939,0.95,0.923,0.891,1.0,0.959,0.873,0.887,0.96,0.906,0.962,0.882
0,A2_3,0.906,0.901,0.937,0.922,0.951,0.909,0.909,0.894,0.959,1.0,0.892,0.853,0.941,0.906,0.942,0.86
0,B2_1,0.899,0.878,0.903,0.861,0.931,0.927,0.942,0.923,0.873,0.892,1.0,0.929,0.931,0.883,0.907,0.923
0,B2_2,0.88,0.925,0.877,0.821,0.926,0.959,0.979,0.825,0.887,0.853,0.929,1.0,0.961,0.862,0.862,0.885
0,B2_3,0.923,0.942,0.914,0.912,0.962,0.978,0.974,0.883,0.96,0.941,0.931,0.961,1.0,0.907,0.922,0.893
0,y1,0.94,0.94,0.939,0.768,0.868,0.908,0.926,0.904,0.906,0.906,0.883,0.862,0.907,1.0,0.911,0.926
0,y2,0.923,0.944,0.953,0.876,0.895,0.912,0.907,0.921,0.962,0.942,0.907,0.862,0.922,0.911,1.0,0.944
0,y3,0.944,0.914,0.938,0.754,0.843,0.885,0.92,0.93,0.882,0.86,0.923,0.885,0.893,0.926,0.944,1.0
1,.,1.0,0.916,0.965,0.803,0.909,0.922,0.908,0.923,0.926,0.904,0.899,0.874,0.924,0.929,0.912,0.939
1,A1_1,0.916,1.0,0.942,0.811,0.891,0.945,0.943,0.837,0.944,0.898,0.867,0.92,0.941,0.934,0.93,0.903
1,A1_2,0.965,0.942,1.0,0.785,0.911,0.923,0.908,0.875,0.931,0.931,0.892,0.863,0.906,0.93,0.946,0.933
1,A1_3,0.803,0.811,0.785,1.0,0.914,0.861,0.832,0.864,0.915,0.916,0.849,0.81,0.908,0.764,0.876,0.749
1,B1_1,0.909,0.891,0.911,0.914,1.0,0.949,0.927,0.867,0.937,0.945,0.925,0.916,0.957,0.861,0.893,0.845
1,B1_2,0.922,0.945,0.923,0.861,0.949,1.0,0.958,0.849,0.947,0.905,0.926,0.951,0.974,0.896,0.899,0.878
1,B1_3,0.908,0.943,0.908,0.832,0.927,0.958,1.0,0.864,0.914,0.902,0.938,0.976,0.974,0.919,0.89,0.918
1,A2_1,0.923,0.837,0.875,0.864,0.867,0.849,0.864,1.0,0.886,0.882,0.918,0.82,0.881,0.896,0.91,0.926
1,A2_2,0.926,0.944,0.931,0.915,0.937,0.947,0.914,0.886,1.0,0.953,0.864,0.878,0.955,0.898,0.957,0.878
1,A2_3,0.904,0.898,0.931,0.916,0.945,0.905,0.902,0.882,0.953,1.0,0.88,0.842,0.936,0.905,0.94,0.855
1,B2_1,0.899,0.867,0.892,0.849,0.925,0.926,0.938,0.918,0.864,0.88,1.0,0.922,0.928,0.876,0.897,0.923
1,B2_2,0.874,0.92,0.863,0.81,0.916,0.951,0.976,0.82,0.878,0.842,0.922,1.0,0.959,0.849,0.844,0.883
1,B2_3,0.924,0.941,0.906,0.908,0.957,0.974,0.974,0.881,0.955,0.936,0.928,0.959,1.0,0.902,0.912,0.892
1,y1,0.929,0.934,0.93,0.764,0.861,0.896,0.919,0.896,0.898,0.905,0.876,0.849,0.902,1.0,0.897,0.915
1,y2,0.912,0.93,0.946,0.876,0.893,0.899,0.89,0.91,0.957,0.94,0.897,0.844,0.912,0.897,1.0,0.934
1,y3,0.939,0.903,0.933,0.749,0.845,0.878,0.918,0.926,0.878,0.855,0.923,0.883,0.892,0.915,0.934,1.0
2,.,1.0,0.906,0.961,0.805,0.915,0.919,0.904,0.921,0.924,0.903,0.898,0.866,0.922,0.919,0.902,0.934
2,A1_1,0.906,1.0,0.933,0.808,0.885,0.936,0.936,0.828,0.94,0.894,0.856,0.916,0.94,0.928,0.915,0.892
2,A1_2,0.961,0.933,1.0,0.769,0.904,0.918,0.894,0.86,0.926,0.923,0.88,0.848,0.896,0.921,0.936,0.928
2,A1_3,0.805,0.808,0.769,1.0,0.906,0.855,0.823,0.862,0.909,0.909,0.836,0.799,0.904,0.762,0.873,0.742
2,B1_1,0.915,0.885,0.904,0.906,1.0,0.947,0.916,0.864,0.934,0.938,0.917,0.905,0.951,0.856,0.891,0.847
2,B1_2,0.919,0.936,0.918,0.855,0.947,1.0,0.95,0.841,0.943,0.9,0.923,0.942,0.97,0.883,0.885,0.869
2,B1_3,0.904,0.936,0.894,0.823,0.916,0.95,1.0,0.861,0.905,0.894,0.933,0.973,0.973,0.912,0.87,0.915
2,A2_1,0.921,0.828,0.86,0.862,0.864,0.841,0.861,1.0,0.879,0.87,0.912,0.814,0.877,0.889,0.895,0.919
2,A2_2,0.924,0.94,0.926,0.909,0.934,0.943,0.905,0.879,1.0,0.946,0.852,0.868,0.948,0.89,0.951,0.873
2,A2_3,0.903,0.894,0.923,0.909,0.938,0.9,0.894,0.87,0.946,1.0,0.866,0.83,0.93,0.904,0.936,0.849
2,B2_1,0.898,0.856,0.88,0.836,0.917,0.923,0.933,0.912,0.852,0.866,1.0,0.915,0.923,0.869,0.881,0.92
2,B2_2,0.866,0.916,0.848,0.799,0.905,0.942,0.973,0.814,0.868,0.83,0.915,1.0,0.956,0.836,0.825,0.879
2,B2_3,0.922,0.94,0.896,0.904,0.951,0.97,0.973,0.877,0.948,0.93,0.923,0.956,1.0,0.896,0.9,0.889
2,y1,0.919,0.928,0.921,0.762,0.856,0.883,0.912,0.889,0.89,0.904,0.869,0.836,0.896,1.0,0.882,0.904
2,y2,0.902,0.915,0.936,0.873,0.891,0.885,0.87,0.895,0.951,0.936,0.881,0.825,0.9,0.882,1.0,0.925
2,y3,0.934,0.892,0.928,0.742,0.847,0.869,0.915,0.919,0.873,0.849,0.92,0.879,0.889,0.904,0.925,1.0
3,.,1.0,0.897,0.956,0.803,0.92,0.914,0.897,0.916,0.919,0.901,0.893,0.856,0.919,0.91,0.891,0.929
3,A1_1,0.897,1.0,0.922,0.806,0.878,0.926,0.928,0.817,0.935,0.889,0.844,0.912,0.941,0.921,0.899,0.881
3,A1_2,0.956,0.922,1.0,0.75,0.897,0.913,0.878,0.841,0.919,0.913,0.866,0.831,0.884,0.911,0.923,0.92
3,A1_3,0.803,0.806,0.75,1.0,0.898,0.848,0.815,0.859,0.9,0.902,0.82,0.788,0.899,0.76,0.867,0.732
3,B1_1,0.92,0.878,0.897,0.898,1.0,0.944,0.904,0.859,0.929,0.93,0.907,0.893,0.943,0.85,0.886,0.848
3,B1_2,0.914,0.926,0.913,0.848,0.944,1.0,0.941,0.832,0.938,0.893,0.919,0.932,0.966,0.868,0.868,0.859
3,B1_3,0.897,0.928,0.878,0.815,0.904,0.941,1.0,0.857,0.894,0.886,0.927,0.97,0.971,0.903,0.847,0.909
3,A2_1,0.916,0.817,0.841,0.859,0.859,0.832,0.857,1.0,0.871,0.856,0.905,0.806,0.873,0.881,0.877,0.909
3,A2_2,0.919,0.935,0.919,0.9,0.929,0.938,0.894,0.871,1.0,0.937,0.838,0.858,0.941,0.881,0.942,0.866
3,A2_3,0.901,0.889,0.913,0.902,0.93,0.893,0.886,0.856,0.937,1.0,0.85,0.82,0.924,0.902,0.929,0.841
3,B2_1,0.893,0.844,0.866,0.82,0.907,0.919,0.927,0.905,0.838,0.85,1.0,0.905,0.916,0.861,0.861,0.913
3,B2_2,0.856,0.912,0.831,0.788,0.893,0.932,0.97,0.806,0.858,0.82,0.905,1.0,0.954,0.821,0.804,0.873
3,B2_3,0.919,0.941,0.884,0.899,0.943,0.966,0.971,0.873,0.941,0.924,0.916,0.954,1.0,0.89,0.886,0.883
3,y1,0.91,0.921,0.911,0.76,0.85,0.868,0.903,0.881,0.881,0.902,0.861,0.821,0.89,1.0,0.866,0.892
3,y2,0.891,0.899,0.923,0.867,0.886,0.868,0.847,0.877,0.942,0.929,0.861,0.804,0.886,0.866,1.0,0.915
3,y3,0.929,0.881,0.92,0.732,0.848,0.859,0.909,0.909,0.866,0.841,0.913,0.873,0.883,0.892,0.915,1.0
4,.,1.0,0.888,0.95,0.8,0.923,0.908,0.89,0.91,0.914,0.899,0.886,0.844,0.914,0.902,0.882,0.924
4,A1_1,0.888,1.0,0.911,0.804,0.873,0.917,0.921,0.807,0.931,0.884,0.832,0.908,0.942,0.916,0.885,0.872
4,A1_2,0.95,0.911,1.0,0.73,0.89,0.906,0.862,0.822,0.912,0.902,0.852,0.814,0.872,0.901,0.909,0.911
4,A1_3,0.8,0.804,0.73,1.0,0.889,0.84,0.807,0.856,0.892,0.895,0.805,0.777,0.894,0.759,0.859,0.722
4,B1_1,0.923,0.873,0.89,0.889,1.0,0.94,0.892,0.853,0.923,0.922,0.897,0.882,0.934,0.844,0.88,0.847
4,B1_2,0.908,0.917,0.906,0.84,0.94,1.0,0.933,0.822,0.932,0.887,0.914,0.922,0.962,0.855,0.851,0.848
4,B1_3,0.89,0.921,0.862,0.807,0.892,0.933,1.0,0.852,0.884,0.878,0.921,0.966,0.97,0.893,0.825,0.903
4,A2_1,0.91,0.807,0.822,0.856,0.853,0.822,0.852,1.0,0.861,0.844,0.898,0.797,0.866,0.873,0.858,0.898
4,A2_2,0.914,0.931,0.912,0.892,0.923,0.932,0.884,0.861,1.0,0.928,0.823,0.848,0.934,0.873,0.932,0.858
4,A2_3,0.899,0.884,0.902,0.895,0.922,0.887,0.878,0.844,0.928,1.0,0.834,0.81,0.918,0.9,0.92,0.833
4,B2_1,0.886,0.832,0.852,0.805,0.897,0.914,0.921,0.898,0.823,0.834,1.0,0.895,0.909,0.852,0.837,0.904
4,B2_2,0.844,0.908,0.814,0.777,0.882,0.922,0.966,0.797,0.848,0.81,0.895,1.0,0.951,0.807,0.784,0.866
4,B2_3,0.914,0.942,0.872,0.894,0.934,0.962,0.97,0.866,0.934,0.918,0.909,0.951,1.0,0.885,0.87,0.877
4,y1,0.902,0.916,0.901,0.759,0.844,0.855,0.893,0.873,0.873,0.9,0.852,0.807,0.885,1.0,0.853,0.881
4,y2,0.882,0.885,0.909,0.859,0.88,0.851,0.825,0.858,0.932,0.92,0.837,0.784,0.87,0.853,1.0,0.906
4,y3,0.924,0.872,0.911,0.722,0.847,0.848,0.903,0.898,0.858,0.833,0.904,0.866,0.877,0.881,0.906,1.0
5,.,1.0,0.88,0.943,0.796,0.926,0.901,0.882,0.903,0.906,0.896,0.877,0.833,0.907,0.895,0.872,0.919
5,A1_1,0.88,1.0,0.9,0.801,0.868,0.908,0.915,0.796,0.926,0.879,0.821,0.905,0.943,0.911,0.87,0.862
5,A1_2,0.943,0.9,1.0,0.708,0.883,0.899,0.843,0.802,0.903,0.89,0.837,0.797,0.858,0.891,0.892,0.9
5,A1_3,0.796,0.801,0.708,1.0,0.879,0.833,0.799,0.854,0.883,0.888,0.789,0.766,0.889,0.759,0.849,0.711
5,B1_1,0.926,0.868,0.883,0.879,1.0,0.936,0.88,0.848,0.917,0.914,0.887,0.87,0.925,0.841,0.872,0.845
5,B1_2,0.901,0.908,0.899,0.833,0.936,1.0,0.925,0.812,0.927,0.879,0.909,0.913,0.957,0.842,0.831,0.836
5,B1_3,0.882,0.915,0.843,0.799,0.88,0.925,1.0,0.847,0.874,0.869,0.914,0.962,0.967,0.884,0.801,0.896
5,A2_1,0.903,0.796,0.802,0.854,0.848,0.812,0.847,1.0,0.852,0.832,0.89,0.786,0.858,0.866,0.839,0.886
5,A2_2,0.906,0.926,0.903,0.883,0.917,0.927,0.874,0.852,1.0,0.917,0.808,0.839,0.927,0.864,0.92,0.848
5,A2_3,0.896,0.879,0.89,0.888,0.914,0.879,0.869,0.832,0.917,1.0,0.817,0.8,0.912,0.898,0.91,0.824
5,B2_1,0.877,0.821,0.837,0.789,0.887,0.909,0.914,0.89,0.808,0.817,1.0,0.885,0.9,0.843,0.811,0.893
5,B2_2,0.833,0.905,0.797,0.766,0.87,0.913,0.962,0.786,0.839,0.8,0.885,1.0,0.949,0.794,0.764,0.86
5,B2_3,0.907,0.943,0.858,0.889,0.925,0.957,0.967,0.858,0.927,0.912,0.9,0.949,1.0,0.88,0.853,0.869
5,y1,0.895,0.911,0.891,0.759,0.841,0.842,0.884,0.866,0.864,0.898,0.843,0.794,0.88,1.0,0.841,0.87
5,y2,0.872,0.87,0.892,0.849,0.872,0.831,0.801,0.839,0.92,0.91,0.811,0.764,0.853,0.841,1.0,0.896
5,y3,0.919,0.862,0.9,0.711,0.845,0.836,0.896,0.886,0.848,0.824,0.893,0.86,0.869,0.87,0.896,1.0
6,.,1.0,0.874,0.934,0.792,0.927,0.894,0.873,0.896,0.897,0.893,0.866,0.821,0.9,0.889,0.862,0.914
6,A1_1,0.874,1.0,0.888,0.799,0.863,0.899,0.907,0.786,0.92,0.874,0.81,0.902,0.945,0.905,0.856,0.854
6,A1_2,0.934,0.888,1.0,0.685,0.874,0.891,0.824,0.781,0.892,0.877,0.821,0.778,0.843,0.88,0.872,0.887
6,A1_3,0.792,0.799,0.685,1.0,0.871,0.826,0.792,0.852,0.873,0.881,0.774,0.757,0.884,0.759,0.839,0.701
6,B1_1,0.927,0.863,0.874,0.871,1.0,0.932,0.869,0.844,0.91,0.906,0.877,0.859,0.916,0.838,0.863,0.842
6,B1_2,0.894,0.899,0.891,0.826,0.932,1.0,0.917,0.801,0.92,0.873,0.903,0.903,0.953,0.829,0.811,0.824
6,B1_3,0.873,0.907,0.824,0.792,0.869,0.917,1.0,0.843,0.863,0.861,0.907,0.957,0.965,0.874,0.777,0.889
6,A2_1,0.896,0.786,0.781,0.852,0.844,0.801,0.843,1.0,0.842,0.822,0.882,0.774,0.849,0.86,0.821,0.874
6,A2_2,0.897,0.92,0.892,0.873,0.91,0.92,0.863,0.842,1.0,0.906,0.793,0.829,0.919,0.855,0.906,0.837
6,A2_3,0.893,0.874,0.877,0.881,0.906,0.873,0.861,0.822,0.906,1.0,0.8,0.791,0.905,0.896,0.899,0.816
6,B2_1,0.866,0.81,0.821,0.774,0.877,0.903,0.907,0.882,0.793,0.8,1.0,0.874,0.891,0.833,0.783,0.879
6,B2_2,0.821,0.902,0.778,0.757,0.859,0.903,0.957,0.774,0.829,0.791,0.874,1.0,0.946,0.78,0.744,0.853
6,B2_3,0.9,0.945,0.843,0.884,0.916,0.953,0.965,0.849,0.919,0.905,0.891,0.946,1.0,0.874,0.836,0.86
6,y1,0.889,0.905,0.88,0.759,0.838,0.829,0.874,0.86,0.855,0.896,0.833,0.78,0.874,1.0,0.83,0.861
6,y2,0.862,0.856,0.872,0.839,0.863,0.811,0.777,0.821,0.906,0.899,0.783,0.744,0.836,0.83,1.0,0.887
6,y3,0.914,0.854,0.887,0.701,0.842,0.824,0.889,0.874,0.837,0.816,0.879,0.853,0.86,0.861,0.887,1.0
7,.,1.0,0.868,0.923,0.79,0.928,0.886,0.864,0.889,0.887,0.891,0.853,0.808,0.891,0.883,0.854,0.91
7,A1_1,0.868,1.0,0.877,0.797,0.859,0.89,0.901,0.777,0.915,0.87,0.8,0.9,0.947,0.9,0.844,0.845
7,A1_2,0.923,0.877,1.0,0.664,0.866,0.882,0.803,0.76,0.881,0.863,0.806,0.759,0.827,0.868,0.851,0.872
7,A1_3,0.79,0.797,0.664,1.0,0.864,0.819,0.787,0.851,0.864,0.875,0.76,0.748,0.88,0.761,0.83,0.692
7,B1_1,0.928,0.859,0.866,0.864,1.0,0.928,0.857,0.84,0.903,0.899,0.867,0.847,0.907,0.836,0.854,0.839
7,B1_2,0.886,0.89,0.882,0.819,0.928,1.0,0.91,0.791,0.914,0.866,0.897,0.894,0.948,0.816,0.79,0.812
7,B1_3,0.864,0.901,0.803,0.787,0.857,0.91,1.0,0.838,0.853,0.853,0.9,0.953,0.961,0.864,0.754,0.882
7,A2_1,0.889,0.777,0.76,0.851,0.84,0.791,0.838,1.0,0.832,0.813,0.875,0.762,0.84,0.854,0.805,0.862
7,A2_2,0.887,0.915,0.881,0.864,0.903,0.914,0.853,0.832,1.0,0.895,0.779,0.819,0.911,0.846,0.891,0.824
7,A2_3,0.891,0.87,0.863,0.875,0.899,0.866,0.853,0.813,0.895,1.0,0.784,0.783,0.899,0.895,0.887,0.807
7,B2_1,0.853,0.8,0.806,0.76,0.867,0.897,0.9,0.875,0.779,0.784,1.0,0.862,0.881,0.823,0.754,0.864
7,B2_2,0.808,0.9,0.759,0.748,0.847,0.894,0.953,0.762,0.819,0.783,0.862,1.0,0.944,0.766,0.725,0.846
7,B2_3,0.891,0.947,0.827,0.88,0.907,0.948,0.961,0.84,0.911,0.899,0.881,0.944,1.0,0.868,0.818,0.85
7,y1,0.883,0.9,0.868,0.761,0.836,0.816,0.864,0.854,0.846,0.895,0.823,0.766,0.868,1.0,0.821,0.851
7,y2,0.854,0.844,0.851,0.83,0.854,0.79,0.754,0.805,0.891,0.887,0.754,0.725,0.818,0.821,1.0,0.879
7,y3,0.91,0.845,0.872,0.692,0.839,0.812,0.882,0.862,0.824,0.807,0.864,0.846,0.85,0.851,0.879,1.0
8,.,1.0,0.861,0.912,0.783,0.928,0.876,0.854,0.881,0.875,0.888,0.838,0.796,0.881,0.878,0.846,0.906
8,A1_1,0.861,1.0,0.865,0.794,0.855,0.882,0.894,0.767,0.908,0.865,0.789,0.897,0.948,0.894,0.831,0.837
8,A1_2,0.912,0.865,1.0,0.641,0.858,0.872,0.78,0.739,0.87,0.849,0.79,0.739,0.811,0.856,0.83,0.855
8,A1_3,0.783,0.794,0.641,1.0,0.856,0.81,0.782,0.85,0.855,0.869,0.746,0.738,0.874,0.76,0.819,0.682
8,B1_1,0.928,0.855,0.858,0.856,1.0,0.923,0.846,0.836,0.895,0.891,0.858,0.835,0.898,0.832,0.843,0.833
8,B1_2,0.876,0.882,0.872,0.81,0.923,1.0,0.902,0.78,0.906,0.858,0.89,0.884,0.943,0.803,0.769,0.799
8,B1_3,0.854,0.894,0.78,0.782,0.846,0.902,1.0,0.833,0.843,0.845,0.892,0.948,0.958,0.854,0.73,0.873
8,A2_1,0.881,0.767,0.739,0.85,0.836,0.78,0.833,1.0,0.823,0.804,0.867,0.749,0.829,0.848,0.79,0.851
8,A2_2,0.875,0.908,0.87,0.855,0.895,0.906,0.843,0.823,1.0,0.884,0.764,0.809,0.903,0.835,0.875,0.811
8,A2_3,0.888,0.865,0.849,0.869,0.891,0.858,0.845,0.804,0.884,1.0,0.768,0.774,0.892,0.892,0.874,0.798
8,B2_1,0.838,0.789,0.79,0.746,0.858,0.89,0.892,0.867,0.764,0.768,1.0,0.85,0.872,0.812,0.725,0.848
8,B2_2,0.796,0.897,0.739,0.738,0.835,0.884,0.948,0.749,0.809,0.774,0.85,1.0,0.941,0.752,0.705,0.838
8,B2_3,0.881,0.948,0.811,0.874,0.898,0.943,0.958,0.829,0.903,0.892,0.872,0.941,1.0,0.861,0.8,0.839
8,y1,0.878,0.894,0.856,0.76,0.832,0.803,0.854,0.848,0.835,0.892,0.812,0.752,0.861,1.0,0.812,0.842
8,y2,0.846,0.831,0.83,0.819,0.843,0.769,0.73,0.79,0.875,0.874,0.725,0.705,0.8,0.812,1.0,0.871
8,y3,0.906,0.837,0.855,0.682,0.833,0.799,0.873,0.851,0.811,0.798,0.848,0.838,0.839,0.842,0.871,1.0
9,.,1.0,0.856,0.9,0.779,0.927,0.866,0.843,0.875,0.863,0.885,0.823,0.783,0.871,0.873,0.838,0.902
9,A1_1,0.856,1.0,0.853,0.791,0.851,0.874,0.887,0.759,0.902,0.861,0.779,0.894,0.949,0.889,0.819,0.829
9,A1_2,0.9,0.853,1.0,0.619,0.85,0.861,0.756,0.719,0.858,0.835,0.776,0.719,0.794,0.843,0.808,0.837
9,A1_3,0.779,0.791,0.619,1.0,0.849,0.802,0.777,0.85,0.847,0.863,0.733,0.729,0.869,0.761,0.81,0.674
9,B1_1,0.927,0.851,0.85,0.849,1.0,0.919,0.835,0.834,0.889,0.885,0.849,0.824,0.889,0.829,0.832,0.828
9,B1_2,0.866,0.874,0.861,0.802,0.919,1.0,0.894,0.769,0.899,0.85,0.884,0.875,0.939,0.791,0.749,0.786
9,B1_3,0.843,0.887,0.756,0.777,0.835,0.894,1.0,0.828,0.833,0.837,0.883,0.944,0.953,0.844,0.709,0.865
9,A2_1,0.875,0.759,0.719,0.85,0.834,0.769,0.828,1.0,0.815,0.798,0.859,0.736,0.819,0.843,0.779,0.843
9,A2_2,0.863,0.902,0.858,0.847,0.889,0.899,0.833,0.815,1.0,0.873,0.752,0.799,0.895,0.826,0.859,0.798
9,A2_3,0.885,0.861,0.835,0.863,0.885,0.85,0.837,0.798,0.873,1.0,0.753,0.765,0.885,0.889,0.862,0.79
9,B2_1,0.823,0.779,0.776,0.733,0.849,0.884,0.883,0.859,0.752,0.753,1.0,0.838,0.862,0.801,0.698,0.832
9,B2_2,0.783,0.894,0.719,0.729,0.824,0.875,0.944,0.736,0.799,0.765,0.838,1.0,0.938,0.739,0.686,0.83
9,B2_3,0.871,0.949,0.794,0.869,0.889,0.939,0.953,0.819,0.895,0.885,0.862,0.938,1.0,0.854,0.782,0.828
9,y1,0.873,0.889,0.843,0.761,0.829,0.791,0.844,0.843,0.826,0.889,0.801,0.739,0.854,1.0,0.805,0.834
9,y2,0.838,0.819,0.808,0.81,0.832,0.749,0.709,0.779,0.859,0.862,0.698,0.686,0.782,0.805,1.0,0.864
9,y3,0.902,0.829,0.837,0.674,0.828,0.786,0.865,0.843,0.798,0.79,0.832,0.83,0.828,0.834,0.864,1.0
10,.,1.0,0.851,0.888,0.775,0.926,0.856,0.832,0.869,0.851,0.883,0.806,0.769,0.861,0.869,0.832,0.899
10,A1_1,0.851,1.0,0.842,0.788,0.847,0.867,0.879,0.751,0.896,0.857,0.77,0.891,0.949,0.884,0.809,0.822
10,A1_2,0.888,0.842,1.0,0.598,0.842,0.85,0.731,0.7,0.846,0.822,0.762,0.698,0.777,0.829,0.787,0.818
10,A1_3,0.775,0.788,0.598,1.0,0.844,0.795,0.774,0.85,0.84,0.857,0.722,0.72,0.864,0.763,0.802,0.668
10,B1_1,0.926,0.847,0.842,0.844,1.0,0.915,0.825,0.834,0.884,0.879,0.841,0.812,0.88,0.827,0.822,0.823
10,B1_2,0.856,0.867,0.85,0.795,0.915,1.0,0.887,0.758,0.891,0.843,0.877,0.867,0.934,0.779,0.729,0.774
10,B1_3,0.832,0.879,0.731,0.774,0.825,0.887,1.0,0.825,0.823,0.829,0.875,0.938,0.949,0.834,0.688,0.857
10,A2_1,0.869,0.751,0.7,0.85,0.834,0.758,0.825,1.0,0.808,0.793,0.852,0.725,0.809,0.839,0.769,0.837
10,A2_2,0.851,0.896,0.846,0.84,0.884,0.891,0.823,0.808,1.0,0.864,0.742,0.79,0.887,0.817,0.845,0.785
10,A2_3,0.883,0.857,0.822,0.857,0.879,0.843,0.829,0.793,0.864,1.0,0.739,0.756,0.878,0.887,0.85,0.783
10,B2_1,0.806,0.77,0.762,0.722,0.841,0.877,0.875,0.852,0.742,0.739,1.0,0.826,0.852,0.79,0.671,0.815
10,B2_2,0.769,0.891,0.698,0.72,0.812,0.867,0.938,0.725,0.79,0.756,0.826,1.0,0.936,0.726,0.668,0.821
10,B2_3,0.861,0.949,0.777,0.864,0.88,0.934,0.949,0.809,0.887,0.878,0.852,0.936,1.0,0.847,0.765,0.817
10,y1,0.869,0.884,0.829,0.763,0.827,0.779,0.834,0.839,0.817,0.887,0.79,0.726,0.847,1.0,0.8,0.826
10,y2,0.832,0.809,0.787,0.802,0.822,0.729,0.688,0.769,0.845,0.85,0.671,0.668,0.765,0.8,1.0,0.857
10,y3,0.899,0.822,0.818,0.668,0.823,0.774,0.857,0.837,0.785,0.783,0.815,0.821,0.817,0.826,0.857,1.0
11,.,1.0,0.845,0.874,0.769,0.923,0.844,0.819,0.862,0.837,0.88,0.787,0.755,0.849,0.865,0.825,0.896
11,A1_1,0.845,1.0,0.829,0.785,0.842,0.858,0.871,0.743,0.889,0.853,0.759,0.887,0.95,0.878,0.796,0.813
11,A1_2,0.874,0.829,1.0,0.575,0.833,0.837,0.702,0.68,0.833,0.807,0.746,0.675,0.759,0.814,0.763,0.796
11,A1_3,0.769,0.785,0.575,1.0,0.838,0.786,0.771,0.85,0.832,0.852,0.709,0.711,0.859,0.763,0.793,0.662
11,B1_1,0.923,0.842,0.833,0.838,1.0,0.91,0.813,0.834,0.878,0.873,0.833,0.798,0.871,0.824,0.81,0.817
11,B1_2,0.844,0.858,0.837,0.786,0.91,1.0,0.878,0.747,0.883,0.835,0.869,0.857,0.928,0.766,0.706,0.76
11,B1_3,0.819,0.871,0.702,0.771,0.813,0.878,1.0,0.82,0.812,0.82,0.864,0.933,0.944,0.823,0.665,0.847
11,A2_1,0.862,0.743,0.68,0.85,0.834,0.747,0.82,1.0,0.801,0.788,0.843,0.712,0.798,0.834,0.761,0.831
11,A2_2,0.837,0.889,0.833,0.832,0.878,0.883,0.812,0.801,1.0,0.854,0.73,0.778,0.878,0.806,0.828,0.77
11,A2_3,0.88,0.853,0.807,0.852,0.873,0.835,0.82,0.788,0.854,1.0,0.723,0.746,0.871,0.884,0.837,0.775
11,B2_1,0.787,0.759,0.746,0.709,0.833,0.869,0.864,0.843,0.73,0.723,1.0,0.812,0.842,0.778,0.642,0.796
11,B2_2,0.755,0.887,0.675,0.711,0.798,0.857,0.933,0.712,0.778,0.746,0.812,1.0,0.932,0.712,0.647,0.811
11,B2_3,0.849,0.95,0.759,0.859,0.871,0.928,0.944,0.798,0.878,0.871,0.842,0.932,1.0,0.839,0.745,0.805
11,y1,0.865,0.878,0.814,0.763,0.824,0.766,0.823,0.834,0.806,0.884,0.778,0.712,0.839,1.0,0.795,0.818
11,y2,0.825,0.796,0.763,0.793,0.81,0.706,0.665,0.761,0.828,0.837,0.642,0.647,0.745,0.795,1.0,0.85
11,y3,0.896,0.813,0.796,0.662,0.817,0.76,0.847,0.831,0.77,0.775,0.796,0.811,0.805,0.818,0.85,1.0
12,.,1.0,0.842,0.863,0.764,0.921,0.834,0.808,0.856,0.827,0.877,0.77,0.742,0.839,0.861,0.821,0.894
12,A1_1,0.842,1.0,0.82,0.782,0.839,0.851,0.863,0.738,0.884,0.85,0.75,0.884,0.949,0.873,0.788,0.806
12,A1_2,0.863,0.82,1.0,0.557,0.826,0.827,0.677,0.665,0.824,0.796,0.732,0.656,0.743,0.801,0.744,0.778
12,A1_3,0.764,0.782,0.557,1.0,0.835,0.778,0.769,0.852,0.827,0.847,0.702,0.703,0.855,0.765,0.788,0.66
12,B1_1,0.921,0.839,0.826,0.835,1.0,0.906,0.804,0.835,0.875,0.869,0.826,0.787,0.864,0.823,0.802,0.812
12,B1_2,0.834,0.851,0.827,0.778,0.906,1.0,0.87,0.737,0.876,0.828,0.864,0.85,0.924,0.756,0.689,0.749
12,B1_3,0.808,0.863,0.677,0.769,0.804,0.87,1.0,0.817,0.803,0.812,0.857,0.928,0.939,0.815,0.647,0.839
12,A2_1,0.856,0.738,0.665,0.852,0.835,0.737,0.817,1.0,0.797,0.786,0.837,0.702,0.79,0.832,0.757,0.828
12,A2_2,0.827,0.884,0.824,0.827,0.875,0.876,0.803,0.797,1.0,0.847,0.723,0.769,0.871,0.799,0.817,0.76
12,A2_3,0.877,0.85,0.796,0.847,0.869,0.828,0.812,0.786,0.847,1.0,0.712,0.738,0.865,0.881,0.827,0.768
12,B2_1,0.77,0.75,0.732,0.702,0.826,0.864,0.857,0.837,0.723,0.712,1.0,0.802,0.834,0.768,0.621,0.781
12,B2_2,0.742,0.884,0.656,0.703,0.787,0.85,0.928,0.702,0.769,0.738,0.802,1.0,0.93,0.701,0.631,0.803
12,B2_3,0.839,0.949,0.743,0.855,0.864,0.924,0.939,0.79,0.871,0.865,0.834,0.93,1.0,0.833,0.73,0.795
12,y1,0.861,0.873,0.801,0.765,0.823,0.756,0.815,0.832,0.799,0.881,0.768,0.701,0.833,1.0,0.791,0.812
12,y2,0.821,0.788,0.744,0.788,0.802,0.689,0.647,0.757,0.817,0.827,0.621,0.631,0.73,0.791,1.0,0.845
12,y3,0.894,0.806,0.778,0.66,0.812,0.749,0.839,0.828,0.76,0.768,0.781,0.803,0.795,0.812,0.845,1.0
13,.,1.0,0.837,0.848,0.759,0.917,0.823,0.794,0.85,0.815,0.874,0.749,0.728,0.827,0.858,0.816,0.892
13,A1_1,0.837,1.0,0.809,0.778,0.833,0.843,0.853,0.733,0.877,0.847,0.74,0.879,0.947,0.868,0.778,0.799
13,A1_2,0.848,0.809,1.0,0.538,0.817,0.814,0.647,0.647,0.813,0.782,0.717,0.633,0.724,0.785,0.722,0.755
13,A1_3,0.759,0.778,0.538,1.0,0.832,0.769,0.766,0.853,0.822,0.843,0.692,0.695,0.85,0.768,0.783,0.659
13,B1_1,0.917,0.833,0.817,0.832,1.0,0.902,0.795,0.836,0.872,0.864,0.82,0.775,0.855,0.822,0.792,0.807
13,B1_2,0.823,0.843,0.814,0.769,0.902,1.0,0.862,0.726,0.866,0.82,0.857,0.841,0.918,0.746,0.669,0.738
13,B1_3,0.794,0.853,0.647,0.766,0.795,0.862,1.0,0.814,0.791,0.804,0.848,0.922,0.934,0.807,0.627,0.83
13,A2_1,0.85,0.733,0.647,0.853,0.836,0.726,0.814,1.0,0.793,0.783,0.829,0.692,0.781,0.83,0.753,0.827
13,A2_2,0.815,0.877,0.813,0.822,0.872,0.866,0.791,0.793,1.0,0.84,0.715,0.758,0.862,0.792,0.804,0.749
13,A2_3,0.874,0.847,0.782,0.843,0.864,0.82,0.804,0.783,0.84,1.0,0.699,0.729,0.858,0.879,0.816,0.762
13,B2_1,0.749,0.74,0.717,0.692,0.82,0.857,0.848,0.829,0.715,0.699,1.0,0.79,0.825,0.758,0.597,0.763
13,B2_2,0.728,0.879,0.633,0.695,0.775,0.841,0.922,0.692,0.758,0.729,0.79,1.0,0.927,0.69,0.612,0.793
13,B2_3,0.827,0.947,0.724,0.85,0.855,0.918,0.934,0.781,0.862,0.858,0.825,0.927,1.0,0.827,0.712,0.783
13,y1,0.858,0.868,0.785,0.768,0.822,0.746,0.807,0.83,0.792,0.879,0.758,0.69,0.827,1.0,0.788,0.806
13,y2,0.816,0.778,0.722,0.783,0.792,0.669,0.627,0.753,0.804,0.816,0.597,0.612,0.712,0.788,1.0,0.841
13,y3,0.892,0.799,0.755,0.659,0.807,0.738,0.83,0.827,0.749,0.762,0.763,0.793,0.783,0.806,0.841,1.0
14,.,1.0,0.835,0.839,0.756,0.914,0.815,0.782,0.845,0.807,0.872,0.733,0.717,0.818,0.855,0.812,0.89
14,A1_1,0.835,1.0,0.801,0.776,0.829,0.836,0.843,0.73,0.873,0.845,0.731,0.875,0.945,0.864,0.772,0.794
14,A1_2,0.839,0.801,1.0,0.525,0.809,0.803,0.62,0.636,0.805,0.774,0.703,0.614,0.708,0.772,0.706,0.737
14,A1_3,0.756,0.776,0.525,1.0,0.833,0.763,0.765,0.854,0.819,0.84,0.686,0.688,0.847,0.772,0.782,0.661
14,B1_1,0.914,0.829,0.809,0.833,1.0,0.898,0.788,0.84,0.871,0.86,0.815,0.764,0.848,0.822,0.785,0.804
14,B1_2,0.815,0.836,0.803,0.763,0.898,1.0,0.855,0.719,0.859,0.814,0.852,0.835,0.914,0.738,0.653,0.729
14,B1_3,0.782,0.843,0.62,0.765,0.788,0.855,1.0,0.811,0.782,0.795,0.841,0.917,0.93,0.8,0.613,0.823
14,A2_1,0.845,0.73,0.636,0.854,0.84,0.719,0.811,1.0,0.792,0.782,0.825,0.685,0.775,0.83,0.754,0.829
14,A2_2,0.807,0.873,0.805,0.819,0.871,0.859,0.782,0.792,1.0,0.836,0.708,0.75,0.855,0.788,0.797,0.742
14,A2_3,0.872,0.845,0.774,0.84,0.86,0.814,0.795,0.782,0.836,1.0,0.689,0.72,0.852,0.877,0.809,0.758
14,B2_1,0.733,0.731,0.703,0.686,0.815,0.852,0.841,0.825,0.708,0.689,1.0,0.78,0.818,0.75,0.579,0.749
14,B2_2,0.717,0.875,0.614,0.688,0.764,0.835,0.917,0.685,0.75,0.72,0.78,1.0,0.924,0.681,0.597,0.784
14,B2_3,0.818,0.945,0.708,0.847,0.848,0.914,0.93,0.775,0.855,0.852,0.818,0.924,1.0,0.823,0.699,0.775
14,y1,0.855,0.864,0.772,0.772,0.822,0.738,0.8,0.83,0.788,0.877,0.75,0.681,0.823,1.0,0.787,0.802
14,y2,0.812,0.772,0.706,0.782,0.785,0.653,0.613,0.754,0.797,0.809,0.579,0.597,0.699,0.787,1.0,0.837
14,y3,0.89,0.794,0.737,0.661,0.804,0.729,0.823,0.829,0.742,0.758,0.749,0.784,0.775,0.802,0.837,1.0
15,.,1.0,0.834,0.831,0.753,0.911,0.808,0.772,0.84,0.802,0.87,0.719,0.708,0.811,0.854,0.809,0.889
15,A1_1,0.834,1.0,0.796,0.775,0.826,0.83,0.833,0.728,0.871,0.843,0.724,0.87,0.943,0.861,0.766,0.79
15,A1_2,0.831,0.796,1.0,0.516,0.801,0.794,0.597,0.626,0.799,0.768,0.692,0.599,0.695,0.762,0.693,0.721
15,A1_3,0.753,0.775,0.516,1.0,0.835,0.757,0.764,0.855,0.818,0.837,0.683,0.683,0.844,0.777,0.782,0.665
15,B1_1,0.911,0.826,0.801,0.835,1.0,0.896,0.784,0.844,0.872,0.859,0.812,0.756,0.844,0.823,0.778,0.802
15,B1_2,0.808,0.83,0.794,0.757,0.896,1.0,0.849,0.713,0.852,0.808,0.849,0.829,0.91,0.733,0.641,0.723
15,B1_3,0.772,0.833,0.597,0.764,0.784,0.849,1.0,0.81,0.773,0.787,0.836,0.912,0.927,0.795,0.6,0.818
15,A2_1,0.84,0.728,0.626,0.855,0.844,0.713,0.81,1.0,0.792,0.782,0.821,0.679,0.771,0.83,0.755,0.832
15,A2_2,0.802,0.871,0.799,0.818,0.872,0.852,0.773,0.792,1.0,0.834,0.704,0.743,0.849,0.786,0.793,0.739
15,A2_3,0.87,0.843,0.768,0.837,0.859,0.808,0.787,0.782,0.834,1.0,0.681,0.713,0.846,0.876,0.803,0.754
15,B2_1,0.719,0.724,0.692,0.683,0.812,0.849,0.836,0.821,0.704,0.681,1.0,0.773,0.813,0.745,0.566,0.739
15,B2_2,0.708,0.87,0.599,0.683,0.756,0.829,0.912,0.679,0.743,0.713,0.773,1.0,0.922,0.675,0.585,0.778
15,B2_3,0.811,0.943,0.695,0.844,0.844,0.91,0.927,0.771,0.849,0.846,0.813,0.922,1.0,0.821,0.687,0.769
15,y1,0.854,0.861,0.762,0.777,0.823,0.733,0.795,0.83,0.786,0.876,0.745,0.675,0.821,1.0,0.786,0.8
15,y2,0.809,0.766,0.693,0.782,0.778,0.641,0.6,0.755,0.793,0.803,0.566,0.585,0.687,0.786,1.0,0.835
15,y3,0.889,0.79,0.721,0.665,0.802,0.723,0.818,0.832,0.739,0.754,0.739,0.778,0.769,0.8,0.835,1.0
16,.,1.0,0.832,0.821,0.751,0.908,0.802,0.761,0.835,0.797,0.868,0.703,0.698,0.803,0.852,0.806,0.887
16,A1_1,0.832,1.0,0.788,0.772,0.821,0.822,0.82,0.726,0.867,0.841,0.712,0.864,0.939,0.858,0.761,0.785
16,A1_2,0.821,0.788,1.0,0.503,0.791,0.783,0.569,0.616,0.793,0.76,0.677,0.579,0.677,0.749,0.677,0.702
16,A1_3,0.751,0.772,0.503,1.0,0.836,0.75,0.763,0.857,0.816,0.834,0.679,0.677,0.841,0.783,0.785,0.671
16,B1_1,0.908,0.821,0.791,0.836,1.0,0.892,0.779,0.849,0.872,0.856,0.808,0.746,0.837,0.825,0.774,0.801
16,B1_2,0.802,0.822,0.783,0.75,0.892,1.0,0.841,0.705,0.844,0.802,0.843,0.823,0.907,0.727,0.628,0.717
16,B1_3,0.761,0.82,0.569,0.763,0.779,0.841,1.0,0.807,0.761,0.778,0.83,0.906,0.923,0.791,0.589,0.813
16,A2_1,0.835,0.726,0.616,0.857,0.849,0.705,0.807,1.0,0.792,0.781,0.816,0.673,0.766,0.832,0.759,0.837
16,A2_2,0.797,0.867,0.793,0.816,0.872,0.844,0.761,0.792,1.0,0.832,0.697,0.733,0.841,0.784,0.791,0.736
16,A2_3,0.868,0.841,0.76,0.834,0.856,0.802,0.778,0.781,0.832,1.0,0.672,0.705,0.839,0.875,0.798,0.751
16,B2_1,0.703,0.712,0.677,0.679,0.808,0.843,0.83,0.816,0.697,0.672,1.0,0.763,0.807,0.74,0.553,0.728
16,B2_2,0.698,0.864,0.579,0.677,0.746,0.823,0.906,0.673,0.733,0.705,0.763,1.0,0.92,0.669,0.573,0.772
16,B2_3,0.803,0.939,0.677,0.841,0.837,0.907,0.923,0.766,0.841,0.839,0.807,0.92,1.0,0.818,0.676,0.763
16,y1,0.852,0.858,0.749,0.783,0.825,0.727,0.791,0.832,0.784,0.875,0.74,0.669,0.818,1.0,0.786,0.798
16,y2,0.806,0.761,0.677,0.785,0.774,0.628,0.589,0.759,0.791,0.798,0.553,0.573,0.676,0.786,1.0,0.833
16,y3,0.887,0.785,0.702,0.671,0.801,0.717,0.813,0.837,0.736,0.751,0.728,0.772,0.763,0.798,0.833,1.0
17,.,1.0,0.826,0.805,0.743,0.901,0.788,0.742,0.827,0.784,0.861,0.678,0.679,0.787,0.848,0.799,0.882
17,A1_1,0.826,1.0,0.776,0.767,0.812,0.812,0.803,0.72,0.86,0.838,0.698,0.856,0.934,0.851,0.75,0.775
17,A1_2,0.805,0.776,1.0,0.482,0.776,0.766,0.527,0.597,0.781,0.748,0.657,0.551,0.652,0.729,0.652,0.673
17,A1_3,0.743,0.767,0.482,1.0,0.835,0.738,0.76,0.855,0.812,0.827,0.668,0.666,0.835,0.786,0.783,0.671
17,B1_1,0.901,0.812,0.776,0.835,1.0,0.885,0.769,0.851,0.869,0.85,0.801,0.73,0.826,0.825,0.764,0.795
17,B1_2,0.788,0.812,0.766,0.738,0.885,1.0,0.829,0.69,0.832,0.791,0.835,0.813,0.9,0.714,0.607,0.702
17,B1_3,0.742,0.803,0.527,0.76,0.769,0.829,1.0,0.802,0.746,0.763,0.819,0.897,0.916,0.781,0.57,0.803
17,A2_1,0.827,0.72,0.597,0.855,0.851,0.69,0.802,1.0,0.791,0.776,0.805,0.66,0.755,0.831,0.758,0.838
17,A2_2,0.784,0.86,0.781,0.812,0.869,0.832,0.746,0.791,1.0,0.827,0.687,0.719,0.83,0.779,0.781,0.726
17,A2_3,0.861,0.838,0.748,0.827,0.85,0.791,0.763,0.776,0.827,1.0,0.657,0.691,0.829,0.872,0.787,0.742
17,B2_1,0.678,0.698,0.657,0.668,0.801,0.835,0.819,0.805,0.687,0.657,1.0,0.749,0.797,0.728,0.529,0.708
17,B2_2,0.679,0.856,0.551,0.666,0.73,0.813,0.897,0.66,0.719,0.691,0.749,1.0,0.917,0.655,0.552,0.757
17,B2_3,0.787,0.934,0.652,0.835,0.826,0.9,0.916,0.755,0.83,0.829,0.797,0.917,1.0,0.81,0.656,0.748
17,y1,0.848,0.851,0.729,0.786,0.825,0.714,0.781,0.831,0.779,0.872,0.728,0.655,0.81,1.0,0.784,0.794
17,y2,0.799,0.75,0.652,0.783,0.764,0.607,0.57,0.758,0.781,0.787,0.529,0.552,0.656,0.784,1.0,0.828
17,y3,0.882,0.775,0.673,0.671,0.795,0.702,0.803,0.838,0.726,0.742,0.708,0.757,0.748,0.794,0.828,1.0
18,.,1.0,0.823,0.797,0.738,0.895,0.78,0.728,0.82,0.777,0.858,0.66,0.667,0.777,0.846,0.795,0.879
18,A1_1,0.823,1.0,0.77,0.765,0.806,0.805,0.791,0.72,0.857,0.837,0.688,0.849,0.929,0.847,0.744,0.769
18,A1_2,0.797,0.77,1.0,0.472,0.763,0.755,0.498,0.587,0.775,0.744,0.641,0.531,0.634,0.715,0.636,0.653
18,A1_3,0.738,0.765,0.472,1.0,0.837,0.73,0.758,0.856,0.811,0.824,0.663,0.659,0.832,0.791,0.786,0.676
18,B1_1,0.895,0.806,0.763,0.837,1.0,0.881,0.766,0.855,0.869,0.847,0.798,0.72,0.82,0.826,0.759,0.793
18,B1_2,0.78,0.805,0.755,0.73,0.881,1.0,0.821,0.682,0.823,0.784,0.83,0.807,0.895,0.707,0.593,0.693
18,B1_3,0.728,0.791,0.498,0.758,0.766,0.821,1.0,0.799,0.735,0.752,0.813,0.892,0.913,0.776,0.56,0.797
18,A2_1,0.82,0.72,0.587,0.856,0.855,0.682,0.799,1.0,0.792,0.775,0.799,0.655,0.75,0.832,0.762,0.843
18,A2_2,0.777,0.857,0.775,0.811,0.869,0.823,0.735,0.792,1.0,0.826,0.681,0.71,0.821,0.777,0.778,0.723
18,A2_3,0.858,0.837,0.744,0.824,0.847,0.784,0.752,0.775,0.826,1.0,0.646,0.682,0.821,0.87,0.782,0.738
18,B2_1,0.66,0.688,0.641,0.663,0.798,0.83,0.813,0.799,0.681,0.646,1.0,0.742,0.792,0.722,0.516,0.695
18,B2_2,0.667,0.849,0.531,0.659,0.72,0.807,0.892,0.655,0.71,0.682,0.742,1.0,0.915,0.649,0.538,0.747
18,B2_3,0.777,0.929,0.634,0.832,0.82,0.895,0.913,0.75,0.821,0.821,0.792,0.915,1.0,0.806,0.643,0.739
18,y1,0.846,0.847,0.715,0.791,0.826,0.707,0.776,0.832,0.777,0.87,0.722,0.649,0.806,1.0,0.784,0.792
18,y2,0.795,0.744,0.636,0.786,0.759,0.593,0.56,0.762,0.778,0.782,0.516,0.538,0.643,0.784,1.0,0.827
18,y3,0.879,0.769,0.653,0.676,0.793,0.693,0.797,0.843,0.723,0.738,0.695,0.747,0.739,0.792,0.827,1.0
19,.,1.0,0.82,0.787,0.732,0.887,0.77,0.71,0.812,0.769,0.854,0.639,0.652,0.763,0.842,0.789,0.874
19,A1_1,0.82,1.0,0.763,0.763,0.797,0.796,0.774,0.719,0.853,0.836,0.674,0.839,0.922,0.843,0.737,0.762
19,A1_2,0.787,0.763,1.0,0.461,0.748,0.741,0.463,0.577,0.768,0.739,0.622,0.507,0.611,0.699,0.618,0.63
19,A1_3,0.732,0.763,0.461,1.0,0.839,0.721,0.753,0.855,0.809,0.819,0.656,0.651,0.826,0.797,0.792,0.682
19,B1_1,0.887,0.797,0.748,0.839,1.0,0.876,0.761,0.857,0.866,0.842,0.793,0.708,0.811,0.828,0.753,0.79
19,B1_2,0.77,0.796,0.741,0.721,0.876,1.0,0.812,0.671,0.813,0.775,0.823,0.8,0.89,0.699,0.578,0.683
19,B1_3,0.71,0.774,0.463,0.753,0.761,0.812,1.0,0.792,0.721,0.736,0.806,0.887,0.909,0.771,0.55,0.79
19,A2_1,0.812,0.719,0.577,0.855,0.857,0.671,0.792,1.0,0.792,0.773,0.79,0.646,0.742,0.833,0.767,0.849
19,A2_2,0.769,0.853,0.768,0.809,0.866,0.813,0.721,0.792,1.0,0.825,0.671,0.698,0.81,0.775,0.775,0.718
19,A2_3,0.854,0.836,0.739,0.819,0.842,0.775,0.736,0.773,0.825,1.0,0.633,0.669,0.81,0.867,0.777,0.733
19,B2_1,0.639,0.674,0.622,0.656,0.793,0.823,0.806,0.79,0.671,0.633,1.0,0.734,0.785,0.714,0.501,0.681
19,B2_2,0.652,0.839,0.507,0.651,0.708,0.8,0.887,0.646,0.698,0.669,0.734,1.0,0.913,0.641,0.523,0.735
19,B2_3,0.763,0.922,0.611,0.826,0.811,0.89,0.909,0.742,0.81,0.81,0.785,0.913,1.0,0.802,0.628,0.728
19,y1,0.842,0.843,0.699,0.797,0.828,0.699,0.771,0.833,0.775,0.867,0.714,0.641,0.802,1.0,0.784,0.79
19,y2,0.789,0.737,0.618,0.792,0.753,0.578,0.55,0.767,0.775,0.777,0.501,0.523,0.628,0.784,1.0,0.826
19,y3,0.874,0.762,0.63,0.682,0.79,0.683,0.79,0.849,0.718,0.733,0.681,0.735,0.728,0.79,0.826,1.0
20,.,1.0,0.819,0.782,0.727,0.881,0.764,0.698,0.805,0.766,0.852,0.625,0.643,0.754,0.839,0.785,0.87
20,A1_1,0.819,1.0,0.759,0.762,0.792,0.79,0.763,0.72,0.853,0.836,0.665,0.832,0.915,0.841,0.735,0.758
20,A1_2,0.782,0.759,1.0,0.454,0.736,0.732,0.44,0.571,0.764,0.738,0.607,0.491,0.595,0.687,0.606,0.614
20,A1_3,0.727,0.762,0.454,1.0,0.841,0.713,0.75,0.855,0.81,0.815,0.652,0.644,0.821,0.802,0.796,0.688
20,B1_1,0.881,0.792,0.736,0.841,1.0,0.872,0.76,0.859,0.865,0.838,0.791,0.702,0.807,0.829,0.75,0.789
20,B1_2,0.764,0.79,0.732,0.713,0.872,1.0,0.805,0.662,0.805,0.768,0.82,0.797,0.887,0.694,0.57,0.675
20,B1_3,0.698,0.763,0.44,0.75,0.76,0.805,1.0,0.788,0.711,0.725,0.803,0.883,0.908,0.769,0.546,0.786
20,A2_1,0.805,0.72,0.571,0.855,0.859,0.662,0.788,1.0,0.795,0.771,0.783,0.64,0.736,0.835,0.772,0.854
20,A2_2,0.766,0.853,0.764,0.81,0.865,0.805,0.711,0.795,1.0,0.826,0.665,0.689,0.801,0.776,0.776,0.719
20,A2_3,0.852,0.836,0.738,0.815,0.838,0.768,0.725,0.771,0.826,1.0,0.625,0.661,0.801,0.865,0.775,0.73
20,B2_1,0.625,0.665,0.607,0.652,0.791,0.82,0.803,0.783,0.665,0.625,1.0,0.73,0.782,0.71,0.493,0.673
20,B2_2,0.643,0.832,0.491,0.644,0.702,0.797,0.883,0.64,0.689,0.661,0.73,1.0,0.913,0.637,0.515,0.727
20,B2_3,0.754,0.915,0.595,0.821,0.807,0.887,0.908,0.736,0.801,0.801,0.782,0.913,1.0,0.799,0.618,0.721
20,y1,0.839,0.841,0.687,0.802,0.829,0.694,0.769,0.835,0.776,0.865,0.71,0.637,0.799,1.0,0.785,0.791
20,y2,0.785,0.735,0.606,0.796,0.75,0.57,0.546,0.772,0.776,0.775,0.493,0.515,0.618,0.785,1.0,0.828
20,y3,0.87,0.758,0.614,0.688,0.789,0.675,0.786,0.854,0.719,0.73,0.673,0.727,0.721,0.791,0.828,1.0
21,.,1.0,0.815,0.774,0.719,0.872,0.755,0.679,0.795,0.759,0.846,0.605,0.628,0.739,0.834,0.778,0.863
21,A1_1,0.815,1.0,0.754,0.759,0.782,0.781,0.744,0.718,0.85,0.837,0.651,0.821,0.906,0.836,0.729,0.75
21,A1_2,0.774,0.754,1.0,0.444,0.717,0.719,0.405,0.559,0.757,0.736,0.587,0.469,0.571,0.67,0.588,0.59
21,A1_3,0.719,0.759,0.444,1.0,0.843,0.701,0.745,0.855,0.81,0.809,0.644,0.634,0.814,0.807,0.802,0.693
21,B1_1,0.872,0.782,0.717,0.843,1.0,0.865,0.758,0.861,0.863,0.831,0.788,0.692,0.799,0.831,0.745,0.787
21,B1_2,0.755,0.781,0.719,0.701,0.865,1.0,0.794,0.648,0.793,0.758,0.813,0.791,0.882,0.684,0.556,0.663
21,B1_3,0.679,0.744,0.405,0.745,0.758,0.794,1.0,0.78,0.697,0.706,0.797,0.876,0.903,0.765,0.539,0.779
21,A2_1,0.795,0.718,0.559,0.855,0.861,0.648,0.78,1.0,0.798,0.766,0.772,0.629,0.726,0.837,0.777,0.859
21,A2_2,0.759,0.85,0.757,0.81,0.863,0.793,0.697,0.798,1.0,0.826,0.655,0.676,0.789,0.777,0.776,0.718
21,A2_3,0.846,0.837,0.736,0.809,0.831,0.758,0.706,0.766,0.826,1.0,0.611,0.647,0.788,0.861,0.769,0.722
21,B2_1,0.605,0.651,0.587,0.644,0.788,0.813,0.797,0.772,0.655,0.611,1.0,0.724,0.777,0.703,0.482,0.66
21,B2_2,0.628,0.821,0.469,0.634,0.692,0.791,0.876,0.629,0.676,0.647,0.724,1.0,0.911,0.63,0.502,0.715
21,B2_3,0.739,0.906,0.571,0.814,0.799,0.882,0.903,0.726,0.789,0.788,0.777,0.911,1.0,0.794,0.605,0.709
21,y1,0.834,0.836,0.67,0.807,0.831,0.684,0.765,0.837,0.777,0.861,0.703,0.63,0.794,1.0,0.787,0.79
21,y2,0.778,0.729,0.588,0.802,0.745,0.556,0.539,0.777,0.776,0.769,0.482,0.502,0.605,0.787,1.0,0.828
21,y3,0.863,0.75,0.59,0.693,0.787,0.663,0.779,0.859,0.718,0.722,0.66,0.715,0.709,0.79,0.828,1.0
22,.,1.0,0.813,0.77,0.712,0.861,0.746,0.66,0.783,0.752,0.842,0.584,0.614,0.724,0.827,0.771,0.855
22,A1_1,0.813,1.0,0.75,0.759,0.772,0.772,0.728,0.718,0.848,0.838,0.639,0.81,0.897,0.832,0.724,0.744
22,A1_2,0.77,0.75,1.0,0.439,0.699,0.707,0.373,0.55,0.75,0.738,0.569,0.449,0.551,0.654,0.573,0.57
22,A1_3,0.712,0.759,0.439,1.0,0.843,0.69,0.738,0.854,0.813,0.804,0.636,0.625,0.807,0.813,0.808,0.698
22,B1_1,0.861,0.772,0.699,0.843,1.0,0.859,0.757,0.859,0.859,0.822,0.785,0.683,0.792,0.832,0.74,0.784
22,B1_2,0.746,0.772,0.707,0.69,0.859,1.0,0.784,0.635,0.781,0.748,0.807,0.786,0.877,0.674,0.541,0.651
22,B1_3,0.66,0.728,0.373,0.738,0.757,0.784,1.0,0.772,0.685,0.688,0.792,0.871,0.899,0.761,0.532,0.772
22,A2_1,0.783,0.718,0.55,0.854,0.859,0.635,0.772,1.0,0.801,0.763,0.76,0.619,0.716,0.838,0.781,0.863
22,A2_2,0.752,0.848,0.75,0.813,0.859,0.781,0.685,0.801,1.0,0.827,0.646,0.664,0.778,0.777,0.775,0.717
22,A2_3,0.842,0.838,0.738,0.804,0.822,0.748,0.688,0.763,0.827,1.0,0.597,0.635,0.776,0.856,0.763,0.716
22,B2_1,0.584,0.639,0.569,0.636,0.785,0.807,0.792,0.76,0.646,0.597,1.0,0.72,0.774,0.695,0.469,0.645
22,B2_2,0.614,0.81,0.449,0.625,0.683,0.786,0.871,0.619,0.664,0.635,0.72,1.0,0.91,0.624,0.489,0.702
22,B2_3,0.724,0.897,0.551,0.807,0.792,0.877,0.899,0.716,0.778,0.776,0.774,0.91,1.0,0.789,0.591,0.697
22,y1,0.827,0.832,0.654,0.813,0.832,0.674,0.761,0.838,0.777,0.856,0.695,0.624,0.789,1.0,0.787,0.79
22,y2,0.771,0.724,0.573,0.808,0.74,0.541,0.532,0.781,0.775,0.763,0.469,0.489,0.591,0.787,1.0,0.831
22,y3,0.855,0.744,0.57,0.698,0.784,0.651,0.772,0.863,0.717,0.716,0.645,0.702,0.697,0.79,0.831,1.0
23,.,1.0,0.81,0.768,0.702,0.848,0.74,0.641,0.77,0.746,0.837,0.564,0.601,0.71,0.82,0.761,0.845
23,A1_1,0.81,1.0,0.746,0.76,0.761,0.765,0.712,0.72,0.848,0.841,0.623,0.798,0.885,0.829,0.72,0.738
23,A1_2,0.768,0.746,1.0,0.434,0.679,0.697,0.344,0.543,0.746,0.742,0.545,0.428,0.529,0.638,0.558,0.55
23,A1_3,0.702,0.76,0.434,1.0,0.844,0.679,0.732,0.854,0.814,0.799,0.629,0.616,0.799,0.819,0.814,0.704
23,B1_1,0.848,0.761,0.679,0.844,1.0,0.853,0.759,0.857,0.854,0.812,0.783,0.676,0.786,0.834,0.735,0.781
23,B1_2,0.74,0.765,0.697,0.679,0.853,1.0,0.775,0.623,0.769,0.739,0.803,0.782,0.872,0.666,0.527,0.64
23,B1_3,0.641,0.712,0.344,0.732,0.759,0.775,1.0,0.765,0.671,0.669,0.79,0.867,0.898,0.76,0.528,0.767
23,A2_1,0.77,0.72,0.543,0.854,0.857,0.623,0.765,1.0,0.805,0.759,0.748,0.611,0.706,0.84,0.787,0.868
23,A2_2,0.746,0.848,0.746,0.814,0.854,0.769,0.671,0.805,1.0,0.829,0.633,0.651,0.764,0.778,0.776,0.718
23,A2_3,0.837,0.841,0.742,0.799,0.812,0.739,0.669,0.759,0.829,1.0,0.58,0.621,0.761,0.85,0.758,0.709
23,B2_1,0.564,0.623,0.545,0.629,0.783,0.803,0.79,0.748,0.633,0.58,1.0,0.718,0.772,0.689,0.459,0.634
23,B2_2,0.601,0.798,0.428,0.616,0.676,0.782,0.867,0.611,0.651,0.621,0.718,1.0,0.909,0.62,0.477,0.691
23,B2_3,0.71,0.885,0.529,0.799,0.786,0.872,0.898,0.706,0.764,0.761,0.772,0.909,1.0,0.786,0.577,0.686
23,y1,0.82,0.829,0.638,0.819,0.834,0.666,0.76,0.84,0.778,0.85,0.689,0.62,0.786,1.0,0.788,0.791
23,y2,0.761,0.72,0.558,0.814,0.735,0.527,0.528,0.787,0.776,0.758,0.459,0.477,0.577,0.788,1.0,0.833
23,y3,0.845,0.738,0.55,0.704,0.781,0.64,0.767,0.868,0.718,0.709,0.634,0.691,0.686,0.791,0.833,1.0
24,.,1.0,0.808,0.767,0.694,0.836,0.735,0.625,0.759,0.741,0.833,0.545,0.591,0.696,0.812,0.751,0.834
24,A1_1,0.808,1.0,0.744,0.76,0.75,0.758,0.698,0.723,0.848,0.843,0.609,0.786,0.873,0.826,0.717,0.733
24,A1_2,0.767,0.744,1.0,0.431,0.659,0.687,0.32,0.539,0.744,0.746,0.522,0.41,0.507,0.624,0.545,0.533
24,A1_3,0.694,0.76,0.431,1.0,0.844,0.669,0.725,0.853,0.814,0.794,0.621,0.606,0.79,0.824,0.821,0.711
24,B1_1,0.836,0.75,0.659,0.844,1.0,0.847,0.762,0.855,0.848,0.802,0.781,0.671,0.781,0.836,0.731,0.78
24,B1_2,0.735,0.758,0.687,0.669,0.847,1.0,0.767,0.612,0.758,0.731,0.797,0.779,0.867,0.659,0.516,0.63
24,B1_3,0.625,0.698,0.32,0.725,0.762,0.767,1.0,0.756,0.657,0.651,0.79,0.865,0.897,0.76,0.527,0.764
24,A2_1,0.759,0.723,0.539,0.853,0.855,0.612,0.756,1.0,0.808,0.755,0.735,0.602,0.695,0.843,0.794,0.874
24,A2_2,0.741,0.848,0.744,0.814,0.848,0.758,0.657,0.808,1.0,0.83,0.619,0.637,0.748,0.779,0.779,0.719
24,A2_3,0.833,0.843,0.746,0.794,0.802,0.731,0.651,0.755,0.83,1.0,0.564,0.609,0.745,0.845,0.754,0.703
24,B2_1,0.545,0.609,0.522,0.621,0.781,0.797,0.79,0.735,0.619,0.564,1.0,0.717,0.771,0.683,0.45,0.624
24,B2_2,0.591,0.786,0.41,0.606,0.671,0.779,0.865,0.602,0.637,0.609,0.717,1.0,0.909,0.617,0.469,0.681
24,B2_3,0.696,0.873,0.507,0.79,0.781,0.867,0.897,0.695,0.748,0.745,0.771,0.909,1.0,0.783,0.566,0.677
24,y1,0.812,0.826,0.624,0.824,0.836,0.659,0.76,0.843,0.779,0.845,0.683,0.617,0.783,1.0,0.791,0.793
24,y2,0.751,0.717,0.545,0.821,0.731,0.516,0.527,0.794,0.779,0.754,0.45,0.469,0.566,0.791,1.0,0.837
24,y3,0.834,0.733,0.533,0.711,0.78,0.63,0.764,0.874,0.719,0.703,0.624,0.681,0.677,0.793,0.837,1.0
25,.,1.0,0.808,0.771,0.686,0.823,0.731,0.608,0.745,0.739,0.831,0.528,0.583,0.684,0.801,0.74,0.822
