,,.,A1_1,A1_2,A1_3,B1_1,B1_2,B1_3,A2_1,A2_2,A2_3,B2_1,B2_2,B2_3,y1,y2,y3
0,.,1.0,-0.044,0.237,-0.145,-0.22,0.014,-0.215,0.074,-0.159,0.054,-0.258,-0.221,-0.009,-0.296,0.166,0.272
0,A1_1,-0.044,1.0,-0.05,0.028,-0.548,0.126,0.383,-0.49,0.021,-0.047,-0.503,0.491,0.376,0.031,0.342,0.102
0,A1_2,0.237,-0.05,1.0,-0.46,0.158,0.487,0.064,-0.285,0.041,0.296,0.071,-0.317,-0.191,-0.203,-0.017,0.133
0,A1_3,-0.145,0.028,-0.46,1.0,-0.303,-0.033,-0.038,-0.071,0.029,0.34,0.013,-0.206,0.559,-0.046,-0.269,-0.354
0,B1_1,-0.22,-0.548,0.158,-0.303,1.0,-0.002,-0.319,0.015,-0.029,-0.221,0.29,-0.365,-0.285,0.219,-0.032,-0.372
0,B1_2,0.014,0.126,0.487,-0.033,-0.002,1.0,-0.105,-0.405,0.483,0.184,0.044,-0.048,0.185,-0.073,-0.128,-0.308
0,B1_3,-0.215,0.383,0.064,-0.038,-0.319,-0.105,1.0,-0.306,-0.123,0.266,-0.271,0.464,0.325,0.359,-0.077,0.121
0,A2_1,0.074,-0.49,-0.285,-0.071,0.015,-0.405,-0.306,1.0,-0.111,-0.134,0.44,0.002,-0.134,-0.043,-0.051,0.616
0,A2_2,-0.159,0.021,0.041,0.029,-0.029,0.483,-0.123,-0.111,1.0,0.011,-0.272,0.119,-0.193,-0.253,0.276,-0.069
0,A2_3,0.054,-0.047,0.296,0.34,-0.221,0.184,0.266,-0.134,0.011,1.0,-0.006,-0.119,0.295,-0.025,-0.054,-0.031
0,B2_1,-0.258,-0.503,0.071,0.013,0.29,0.044,-0.271,0.44,-0.272,-0.006,1.0,-0.215,-0.001,-0.032,-0.383,-0.03
0,B2_2,-0.221,0.491,-0.317,-0.206,-0.365,-0.048,0.464,0.002,0.119,-0.119,-0.215,1.0,0.021,-0.049,0.142,0.267
0,B2_3,-0.009,0.376,-0.191,0.559,-0.285,0.185,0.325,-0.134,-0.193,0.295,-0.001,0.021,1.0,0.459,-0.341,-0.122
0,y1,-0.296,0.031,-0.203,-0.046,0.219,-0.073,0.359,-0.043,-0.253,-0.025,-0.032,-0.049,0.459,1.0,-0.27,-0.189
0,y2,0.166,0.342,-0.017,-0.269,-0.032,-0.128,-0.077,-0.051,0.276,-0.054,-0.383,0.142,-0.341,-0.27,1.0,0.293
0,y3,0.272,0.102,0.133,-0.354,-0.372,-0.308,0.121,0.616,-0.069,-0.031,-0.03,0.267,-0.122,-0.189,0.293,1.0
1,.,1.0,-0.044,0.238,-0.146,-0.22,0.015,-0.213,0.074,-0.16,0.054,-0.257,-0.22,-0.007,-0.295,0.164,0.271
1,A1_1,-0.044,1.0,-0.052,0.028,-0.549,0.125,0.383,-0.491,0.019,-0.047,-0.503,0.491,0.377,0.032,0.341,0.101
1,A1_2,0.238,-0.052,1.0,-0.459,0.159,0.486,0.064,-0.286,0.039,0.296,0.071,-0.318,-0.191,-0.204,-0.019,0.131
1,A1_3,-0.146,0.028,-0.459,1.0,-0.304,-0.034,-0.039,-0.069,0.03,0.341,0.013,-0.206,0.558,-0.044,-0.268,-0.353
1,B1_1,-0.22,-0.549,0.159,-0.304,1.0,-0.001,-0.32,0.017,-0.028,-0.221,0.29,-0.364,-0.285,0.221,-0.032,-0.371
1,B1_2,0.015,0.125,0.486,-0.034,-0.001,1.0,-0.103,-0.404,0.482,0.184,0.045,-0.046,0.187,-0.073,-0.129,-0.308
1,B1_3,-0.213,0.383,0.064,-0.039,-0.32,-0.103,1.0,-0.304,-0.123,0.266,-0.269,0.464,0.326,0.36,-0.078,0.121
1,A2_1,0.074,-0.491,-0.286,-0.069,0.017,-0.404,-0.304,1.0,-0.11,-0.133,0.44,0.003,-0.132,-0.043,-0.051,0.616
1,A2_2,-0.16,0.019,0.039,0.03,-0.028,0.482,-0.123,-0.11,1.0,0.011,-0.272,0.119,-0.193,-0.253,0.276,-0.069
1,A2_3,0.054,-0.047,0.296,0.341,-0.221,0.184,0.266,-0.133,0.011,1.0,-0.005,-0.119,0.295,-0.025,-0.055,-0.031
1,B2_1,-0.257,-0.503,0.071,0.013,0.29,0.045,-0.269,0.44,-0.272,-0.005,1.0,-0.214,0.0,-0.031,-0.383,-0.029
1,B2_2,-0.22,0.491,-0.318,-0.206,-0.364,-0.046,0.464,0.003,0.119,-0.119,-0.214,1.0,0.023,-0.049,0.141,0.268
1,B2_3,-0.007,0.377,-0.191,0.558,-0.285,0.187,0.326,-0.132,-0.193,0.295,0.0,0.023,1.0,0.459,-0.341,-0.121
1,y1,-0.295,0.032,-0.204,-0.044,0.221,-0.073,0.36,-0.043,-0.253,-0.025,-0.031,-0.049,0.459,1.0,-0.27,-0.192
1,y2,0.164,0.341,-0.019,-0.268,-0.032,-0.129,-0.078,-0.051,0.276,-0.055,-0.383,0.141,-0.341,-0.27,1.0,0.293
1,y3,0.271,0.101,0.131,-0.353,-0.371,-0.308,0.121,0.616,-0.069,-0.031,-0.029,0.268,-0.121,-0.192,0.293,1.0
2,.,1.0,-0.044,0.239,-0.147,-0.219,0.016,-0.212,0.073,-0.161,0.054,-0.256,-0.22,-0.006,-0.294,0.161,0.27
2,A1_1,-0.044,1.0,-0.055,0.028,-0.549,0.125,0.383,-0.491,0.017,-0.048,-0.503,0.49,0.378,0.032,0.341,0.1
2,A1_2,0.239,-0.055,1.0,-0.46,0.16,0.486,0.064,-0.287,0.038,0.296,0.071,-0.319,-0.19,-0.205,-0.021,0.13
2,A1_3,-0.147,0.028,-0.46,1.0,-0.304,-0.035,-0.039,-0.067,0.03,0.341,0.012,-0.207,0.557,-0.042,-0.267,-0.352
2,B1_1,-0.219,-0.549,0.16,-0.304,1.0,0.0,-0.321,0.018,-0.026,-0.221,0.289,-0.364,-0.284,0.223,-0.032,-0.37
2,B1_2,0.016,0.125,0.486,-0.035,0.0,1.0,-0.102,-0.403,0.481,0.183,0.047,-0.045,0.188,-0.073,-0.13,-0.308
2,B1_3,-0.212,0.383,0.064,-0.039,-0.321,-0.102,1.0,-0.303,-0.123,0.265,-0.268,0.465,0.328,0.36,-0.079,0.122
2,A2_1,0.073,-0.491,-0.287,-0.067,0.018,-0.403,-0.303,1.0,-0.11,-0.132,0.441,0.003,-0.13,-0.042,-0.051,0.615
2,A2_2,-0.161,0.017,0.038,0.03,-0.026,0.481,-0.123,-0.11,1.0,0.011,-0.271,0.118,-0.192,-0.252,0.275,-0.069
2,A2_3,0.054,-0.048,0.296,0.341,-0.221,0.183,0.265,-0.132,0.011,1.0,-0.005,-0.12,0.294,-0.025,-0.055,-0.032
2,B2_1,-0.256,-0.503,0.071,0.012,0.289,0.047,-0.268,0.441,-0.271,-0.005,1.0,-0.212,0.001,-0.03,-0.384,-0.028
2,B2_2,-0.22,0.49,-0.319,-0.207,-0.364,-0.045,0.465,0.003,0.118,-0.12,-0.212,1.0,0.025,-0.049,0.141,0.269
2,B2_3,-0.006,0.378,-0.19,0.557,-0.284,0.188,0.328,-0.13,-0.192,0.294,0.001,0.025,1.0,0.46,-0.342,-0.121
2,y1,-0.294,0.032,-0.205,-0.042,0.223,-0.073,0.36,-0.042,-0.252,-0.025,-0.03,-0.049,0.46,1.0,-0.271,-0.194
2,y2,0.161,0.341,-0.021,-0.267,-0.032,-0.13,-0.079,-0.051,0.275,-0.055,-0.384,0.141,-0.342,-0.271,1.0,0.293
2,y3,0.27,0.1,0.13,-0.352,-0.37,-0.308,0.122,0.615,-0.069,-0.032,-0.028,0.269,-0.121,-0.194,0.293,1.0
3,.,1.0,-0.044,0.241,-0.148,-0.218,0.018,-0.211,0.073,-0.162,0.054,-0.256,-0.219,-0.006,-0.294,0.159,0.269
3,A1_1,-0.044,1.0,-0.057,0.029,-0.549,0.124,0.383,-0.492,0.016,-0.048,-0.503,0.49,0.379,0.032,0.34,0.099
3,A1_2,0.241,-0.057,1.0,-0.459,0.161,0.486,0.064,-0.287,0.037,0.296,0.071,-0.32,-0.19,-0.206,-0.023,0.128
3,A1_3,-0.148,0.029,-0.459,1.0,-0.305,-0.035,-0.04,-0.065,0.031,0.342,0.012,-0.207,0.556,-0.041,-0.266,-0.35
3,B1_1,-0.218,-0.549,0.161,-0.305,1.0,0.002,-0.321,0.02,-0.024,-0.221,0.288,-0.363,-0.284,0.225,-0.032,-0.369
3,B1_2,0.018,0.124,0.486,-0.035,0.002,1.0,-0.1,-0.403,0.48,0.183,0.049,-0.044,0.19,-0.074,-0.131,-0.307
3,B1_3,-0.211,0.383,0.064,-0.04,-0.321,-0.1,1.0,-0.302,-0.123,0.265,-0.267,0.466,0.329,0.36,-0.081,0.122
3,A2_1,0.073,-0.492,-0.287,-0.065,0.02,-0.403,-0.302,1.0,-0.109,-0.131,0.441,0.004,-0.129,-0.042,-0.052,0.615
3,A2_2,-0.162,0.016,0.037,0.031,-0.024,0.48,-0.123,-0.109,1.0,0.01,-0.27,0.117,-0.192,-0.251,0.275,-0.069
3,A2_3,0.054,-0.048,0.296,0.342,-0.221,0.183,0.265,-0.131,0.01,1.0,-0.005,-0.12,0.294,-0.025,-0.056,-0.032
3,B2_1,-0.256,-0.503,0.071,0.012,0.288,0.049,-0.267,0.441,-0.27,-0.005,1.0,-0.21,0.003,-0.029,-0.384,-0.027
3,B2_2,-0.219,0.49,-0.32,-0.207,-0.363,-0.044,0.466,0.004,0.117,-0.12,-0.21,1.0,0.027,-0.049,0.14,0.269
3,B2_3,-0.006,0.379,-0.19,0.556,-0.284,0.19,0.329,-0.129,-0.192,0.294,0.003,0.027,1.0,0.46,-0.342,-0.12
3,y1,-0.294,0.032,-0.206,-0.041,0.225,-0.074,0.36,-0.042,-0.251,-0.025,-0.029,-0.049,0.46,1.0,-0.271,-0.196
3,y2,0.159,0.34,-0.023,-0.266,-0.032,-0.131,-0.081,-0.052,0.275,-0.056,-0.384,0.14,-0.342,-0.271,1.0,0.293
3,y3,0.269,0.099,0.128,-0.35,-0.369,-0.307,0.122,0.615,-0.069,-0.032,-0.027,0.269,-0.12,-0.196,0.293,1.0
4,.,1.0,-0.044,0.242,-0.15,-0.217,0.018,-0.21,0.072,-0.163,0.054,-0.255,-0.219,-0.005,-0.294,0.157,0.269
4,A1_1,-0.044,1.0,-0.06,0.029,-0.548,0.124,0.383,-0.492,0.014,-0.049,-0.503,0.49,0.38,0.031,0.34,0.098
4,A1_2,0.242,-0.06,1.0,-0.459,0.162,0.486,0.063,-0.288,0.036,0.295,0.072,-0.321,-0.189,-0.207,-0.024,0.126
4,A1_3,-0.15,0.029,-0.459,1.0,-0.306,-0.036,-0.041,-0.063,0.032,0.343,0.012,-0.208,0.555,-0.039,-0.265,-0.349
4,B1_1,-0.217,-0.548,0.162,-0.306,1.0,0.003,-0.321,0.021,-0.023,-0.221,0.287,-0.363,-0.284,0.227,-0.031,-0.368
4,B1_2,0.018,0.124,0.486,-0.036,0.003,1.0,-0.098,-0.402,0.479,0.182,0.05,-0.042,0.191,-0.074,-0.133,-0.308
4,B1_3,-0.21,0.383,0.063,-0.041,-0.321,-0.098,1.0,-0.301,-0.123,0.264,-0.265,0.467,0.331,0.36,-0.082,0.123
4,A2_1,0.072,-0.492,-0.288,-0.063,0.021,-0.402,-0.301,1.0,-0.108,-0.13,0.442,0.004,-0.128,-0.041,-0.052,0.614
4,A2_2,-0.163,0.014,0.036,0.032,-0.023,0.479,-0.123,-0.108,1.0,0.01,-0.269,0.117,-0.191,-0.25,0.275,-0.07
4,A2_3,0.054,-0.049,0.295,0.343,-0.221,0.182,0.264,-0.13,0.01,1.0,-0.005,-0.12,0.294,-0.025,-0.057,-0.033
4,B2_1,-0.255,-0.503,0.072,0.012,0.287,0.05,-0.265,0.442,-0.269,-0.005,1.0,-0.209,0.004,-0.028,-0.384,-0.026
4,B2_2,-0.219,0.49,-0.321,-0.208,-0.363,-0.042,0.467,0.004,0.117,-0.12,-0.209,1.0,0.029,-0.049,0.139,0.27
4,B2_3,-0.005,0.38,-0.189,0.555,-0.284,0.191,0.331,-0.128,-0.191,0.294,0.004,0.029,1.0,0.46,-0.343,-0.12
4,y1,-0.294,0.031,-0.207,-0.039,0.227,-0.074,0.36,-0.041,-0.25,-0.025,-0.028,-0.049,0.46,1.0,-0.271,-0.199
4,y2,0.157,0.34,-0.024,-0.265,-0.031,-0.133,-0.082,-0.052,0.275,-0.057,-0.384,0.139,-0.343,-0.271,1.0,0.293
4,y3,0.269,0.098,0.126,-0.349,-0.368,-0.308,0.123,0.614,-0.07,-0.033,-0.026,0.27,-0.12,-0.199,0.293,1.0
5,.,1.0,-0.044,0.244,-0.151,-0.216,0.019,-0.209,0.072,-0.164,0.054,-0.254,-0.218,-0.006,-0.294,0.155,0.269
5,A1_1,-0.044,1.0,-0.062,0.029,-0.548,0.123,0.383,-0.493,0.013,-0.05,-0.503,0.49,0.381,0.031,0.339,0.097
5,A1_2,0.244,-0.062,1.0,-0.459,0.164,0.486,0.063,-0.289,0.035,0.295,0.073,-0.321,-0.189,-0.208,-0.026,0.124
5,A1_3,-0.151,0.029,-0.459,1.0,-0.306,-0.037,-0.042,-0.062,0.032,0.343,0.011,-0.208,0.554,-0.038,-0.264,-0.347
5,B1_1,-0.216,-0.548,0.164,-0.306,1.0,0.004,-0.321,0.023,-0.022,-0.221,0.286,-0.362,-0.283,0.229,-0.031,-0.366
5,B1_2,0.019,0.123,0.486,-0.037,0.004,1.0,-0.096,-0.401,0.478,0.182,0.052,-0.04,0.193,-0.075,-0.134,-0.308
5,B1_3,-0.209,0.383,0.063,-0.042,-0.321,-0.096,1.0,-0.3,-0.124,0.264,-0.264,0.468,0.332,0.359,-0.083,0.123
5,A2_1,0.072,-0.493,-0.289,-0.062,0.023,-0.401,-0.3,1.0,-0.107,-0.129,0.442,0.004,-0.127,-0.041,-0.052,0.614
5,A2_2,-0.164,0.013,0.035,0.032,-0.022,0.478,-0.124,-0.107,1.0,0.01,-0.268,0.116,-0.191,-0.25,0.274,-0.07
5,A2_3,0.054,-0.05,0.295,0.343,-0.221,0.182,0.264,-0.129,0.01,1.0,-0.004,-0.12,0.294,-0.025,-0.058,-0.033
5,B2_1,-0.254,-0.503,0.073,0.011,0.286,0.052,-0.264,0.442,-0.268,-0.004,1.0,-0.207,0.004,-0.027,-0.384,-0.024
5,B2_2,-0.218,0.49,-0.321,-0.208,-0.362,-0.04,0.468,0.004,0.116,-0.12,-0.207,1.0,0.031,-0.049,0.139,0.27
5,B2_3,-0.006,0.381,-0.189,0.554,-0.283,0.193,0.332,-0.127,-0.191,0.294,0.004,0.031,1.0,0.46,-0.343,-0.119
5,y1,-0.294,0.031,-0.208,-0.038,0.229,-0.075,0.359,-0.041,-0.25,-0.025,-0.027,-0.049,0.46,1.0,-0.272,-0.201
5,y2,0.155,0.339,-0.026,-0.264,-0.031,-0.134,-0.083,-0.052,0.274,-0.058,-0.384,0.139,-0.343,-0.272,1.0,0.293
5,y3,0.269,0.097,0.124,-0.347,-0.366,-0.308,0.123,0.614,-0.07,-0.033,-0.024,0.27,-0.119,-0.201,0.293,1.0
6,.,1.0,-0.044,0.246,-0.153,-0.215,0.02,-0.208,0.071,-0.165,0.053,-0.253,-0.217,-0.005,-0.294,0.153,0.268
6,A1_1,-0.044,1.0,-0.065,0.03,-0.548,0.123,0.383,-0.493,0.011,-0.05,-0.502,0.489,0.382,0.031,0.339,0.096
6,A1_2,0.246,-0.065,1.0,-0.459,0.165,0.486,0.063,-0.289,0.034,0.295,0.073,-0.322,-0.188,-0.208,-0.028,0.122
6,A1_3,-0.153,0.03,-0.459,1.0,-0.307,-0.038,-0.042,-0.06,0.033,0.343,0.011,-0.209,0.552,-0.036,-0.262,-0.346
6,B1_1,-0.215,-0.548,0.165,-0.307,1.0,0.005,-0.322,0.024,-0.02,-0.221,0.285,-0.362,-0.283,0.232,-0.031,-0.365
6,B1_2,0.02,0.123,0.486,-0.038,0.005,1.0,-0.094,-0.401,0.478,0.181,0.053,-0.039,0.194,-0.075,-0.135,-0.308
6,B1_3,-0.208,0.383,0.063,-0.042,-0.322,-0.094,1.0,-0.299,-0.124,0.263,-0.263,0.469,0.334,0.359,-0.084,0.123
6,A2_1,0.071,-0.493,-0.289,-0.06,0.024,-0.401,-0.299,1.0,-0.107,-0.129,0.443,0.004,-0.126,-0.04,-0.052,0.613
6,A2_2,-0.165,0.011,0.034,0.033,-0.02,0.478,-0.124,-0.107,1.0,0.01,-0.267,0.116,-0.19,-0.249,0.274,-0.07
6,A2_3,0.053,-0.05,0.295,0.343,-0.221,0.181,0.263,-0.129,0.01,1.0,-0.004,-0.121,0.294,-0.025,-0.059,-0.034
6,B2_1,-0.253,-0.502,0.073,0.011,0.285,0.053,-0.263,0.443,-0.267,-0.004,1.0,-0.206,0.005,-0.026,-0.384,-0.023
6,B2_2,-0.217,0.489,-0.322,-0.209,-0.362,-0.039,0.469,0.004,0.116,-0.121,-0.206,1.0,0.033,-0.05,0.138,0.27
6,B2_3,-0.005,0.382,-0.188,0.552,-0.283,0.194,0.334,-0.126,-0.19,0.294,0.005,0.033,1.0,0.46,-0.344,-0.119
6,y1,-0.294,0.031,-0.208,-0.036,0.232,-0.075,0.359,-0.04,-0.249,-0.025,-0.026,-0.05,0.46,1.0,-0.272,-0.203
6,y2,0.153,0.339,-0.028,-0.262,-0.031,-0.135,-0.084,-0.052,0.274,-0.059,-0.384,0.138,-0.344,-0.272,1.0,0.293
6,y3,0.268,0.096,0.122,-0.346,-0.365,-0.308,0.123,0.613,-0.07,-0.034,-0.023,0.27,-0.119,-0.203,0.293,1.0
7,.,1.0,-0.044,0.248,-0.155,-0.214,0.021,-0.207,0.07,-0.165,0.053,-0.253,-0.217,-0.006,-0.295,0.151,0.267
7,A1_1,-0.044,1.0,-0.067,0.03,-0.547,0.123,0.383,-0.494,0.01,-0.051,-0.502,0.489,0.383,0.031,0.338,0.094
7,A1_2,0.248,-0.067,1.0,-0.459,0.167,0.486,0.063,-0.29,0.033,0.294,0.074,-0.322,-0.188,-0.209,-0.029,0.121
7,A1_3,-0.155,0.03,-0.459,1.0,-0.308,-0.038,-0.043,-0.059,0.034,0.344,0.011,-0.209,0.551,-0.035,-0.261,-0.345
7,B1_1,-0.214,-0.547,0.167,-0.308,1.0,0.006,-0.321,0.025,-0.019,-0.22,0.284,-0.361,-0.283,0.234,-0.031,-0.364
7,B1_2,0.021,0.123,0.486,-0.038,0.006,1.0,-0.092,-0.4,0.477,0.18,0.055,-0.037,0.196,-0.075,-0.136,-0.308
7,B1_3,-0.207,0.383,0.063,-0.043,-0.321,-0.092,1.0,-0.299,-0.124,0.263,-0.262,0.469,0.335,0.359,-0.086,0.123
7,A2_1,0.07,-0.494,-0.29,-0.059,0.025,-0.4,-0.299,1.0,-0.106,-0.128,0.443,0.004,-0.126,-0.04,-0.052,0.613
7,A2_2,-0.165,0.01,0.033,0.034,-0.019,0.477,-0.124,-0.106,1.0,0.009,-0.267,0.115,-0.19,-0.249,0.273,-0.071
7,A2_3,0.053,-0.051,0.294,0.344,-0.22,0.18,0.263,-0.128,0.009,1.0,-0.004,-0.121,0.293,-0.025,-0.059,-0.035
7,B2_1,-0.253,-0.502,0.074,0.011,0.284,0.055,-0.262,0.443,-0.267,-0.004,1.0,-0.204,0.006,-0.025,-0.384,-0.022
7,B2_2,-0.217,0.489,-0.322,-0.209,-0.361,-0.037,0.469,0.004,0.115,-0.121,-0.204,1.0,0.035,-0.05,0.137,0.271
7,B2_3,-0.006,0.383,-0.188,0.551,-0.283,0.196,0.335,-0.126,-0.19,0.293,0.006,0.035,1.0,0.46,-0.344,-0.119
7,y1,-0.295,0.031,-0.209,-0.035,0.234,-0.075,0.359,-0.04,-0.249,-0.025,-0.025,-0.05,0.46,1.0,-0.272,-0.206
7,y2,0.151,0.338,-0.029,-0.261,-0.031,-0.136,-0.086,-0.052,0.273,-0.059,-0.384,0.137,-0.344,-0.272,1.0,0.293
7,y3,0.267,0.094,0.121,-0.345,-0.364,-0.308,0.123,0.613,-0.071,-0.035,-0.022,0.271,-0.119,-0.206,0.293,1.0
8,.,1.0,-0.043,0.25,-0.157,-0.213,0.022,-0.206,0.07,-0.167,0.053,-0.252,-0.216,-0.006,-0.295,0.149,0.266
8,A1_1,-0.043,1.0,-0.069,0.03,-0.547,0.122,0.383,-0.495,0.008,-0.052,-0.502,0.489,0.385,0.031,0.338,0.093
8,A1_2,0.25,-0.069,1.0,-0.459,0.168,0.485,0.063,-0.29,0.032,0.294,0.074,-0.323,-0.187,-0.21,-0.031,0.119
8,A1_3,-0.157,0.03,-0.459,1.0,-0.308,-0.039,-0.044,-0.057,0.034,0.344,0.011,-0.21,0.55,-0.033,-0.26,-0.344
8,B1_1,-0.213,-0.547,0.168,-0.308,1.0,0.007,-0.321,0.026,-0.018,-0.22,0.283,-0.36,-0.283,0.236,-0.031,-0.363
8,B1_2,0.022,0.122,0.485,-0.039,0.007,1.0,-0.09,-0.4,0.476,0.18,0.056,-0.036,0.197,-0.076,-0.137,-0.308
8,B1_3,-0.206,0.383,0.063,-0.044,-0.321,-0.09,1.0,-0.298,-0.124,0.262,-0.26,0.47,0.337,0.358,-0.087,0.123
8,A2_1,0.07,-0.495,-0.29,-0.057,0.026,-0.4,-0.298,1.0,-0.105,-0.127,0.444,0.003,-0.125,-0.039,-0.052,0.613
8,A2_2,-0.167,0.008,0.032,0.034,-0.018,0.476,-0.124,-0.105,1.0,0.009,-0.266,0.114,-0.189,-0.248,0.273,-0.071
8,A2_3,0.053,-0.052,0.294,0.344,-0.22,0.18,0.262,-0.127,0.009,1.0,-0.003,-0.121,0.293,-0.025,-0.06,-0.035
8,B2_1,-0.252,-0.502,0.074,0.011,0.283,0.056,-0.26,0.444,-0.266,-0.003,1.0,-0.203,0.007,-0.024,-0.383,-0.02
8,B2_2,-0.216,0.489,-0.323,-0.21,-0.36,-0.036,0.47,0.003,0.114,-0.121,-0.203,1.0,0.037,-0.05,0.137,0.271
8,B2_3,-0.006,0.385,-0.187,0.55,-0.283,0.197,0.337,-0.125,-0.189,0.293,0.007,0.037,1.0,0.46,-0.345,-0.118
8,y1,-0.295,0.031,-0.21,-0.033,0.236,-0.076,0.358,-0.039,-0.248,-0.025,-0.024,-0.05,0.46,1.0,-0.273,-0.208
8,y2,0.149,0.338,-0.031,-0.26,-0.031,-0.137,-0.087,-0.052,0.273,-0.06,-0.383,0.137,-0.345,-0.273,1.0,0.293
8,y3,0.266,0.093,0.119,-0.344,-0.363,-0.308,0.123,0.613,-0.071,-0.035,-0.02,0.271,-0.118,-0.208,0.293,1.0
9,.,1.0,-0.043,0.252,-0.159,-0.212,0.022,-0.206,0.069,-0.168,0.053,-0.252,-0.216,-0.007,-0.296,0.147,0.266
9,A1_1,-0.043,1.0,-0.072,0.031,-0.546,0.122,0.384,-0.495,0.007,-0.052,-0.502,0.489,0.386,0.031,0.337,0.092
9,A1_2,0.252,-0.072,1.0,-0.459,0.17,0.485,0.063,-0.291,0.031,0.294,0.075,-0.324,-0.187,-0.21,-0.032,0.117
9,A1_3,-0.159,0.031,-0.459,1.0,-0.309,-0.04,-0.045,-0.056,0.035,0.345,0.01,-0.21,0.549,-0.032,-0.259,-0.343
9,B1_1,-0.212,-0.546,0.17,-0.309,1.0,0.008,-0.321,0.027,-0.016,-0.22,0.281,-0.359,-0.283,0.239,-0.03,-0.362
9,B1_2,0.022,0.122,0.485,-0.04,0.008,1.0,-0.088,-0.399,0.475,0.179,0.058,-0.034,0.199,-0.076,-0.138,-0.308
9,B1_3,-0.206,0.384,0.063,-0.045,-0.321,-0.088,1.0,-0.298,-0.124,0.262,-0.259,0.472,0.339,0.358,-0.088,0.123
9,A2_1,0.069,-0.495,-0.291,-0.056,0.027,-0.399,-0.298,1.0,-0.105,-0.126,0.444,0.003,-0.125,-0.039,-0.052,0.612
9,A2_2,-0.168,0.007,0.031,0.035,-0.016,0.475,-0.124,-0.105,1.0,0.009,-0.265,0.114,-0.189,-0.248,0.273,-0.072
9,A2_3,0.053,-0.052,0.294,0.345,-0.22,0.179,0.262,-0.126,0.009,1.0,-0.003,-0.122,0.293,-0.025,-0.061,-0.036
9,B2_1,-0.252,-0.502,0.075,0.01,0.281,0.058,-0.259,0.444,-0.265,-0.003,1.0,-0.201,0.007,-0.023,-0.383,-0.019
9,B2_2,-0.216,0.489,-0.324,-0.21,-0.359,-0.034,0.472,0.003,0.114,-0.122,-0.201,1.0,0.038,-0.051,0.136,0.271
9,B2_3,-0.007,0.386,-0.187,0.549,-0.283,0.199,0.339,-0.125,-0.189,0.293,0.007,0.038,1.0,0.46,-0.345,-0.118
9,y1,-0.296,0.031,-0.21,-0.032,0.239,-0.076,0.358,-0.039,-0.248,-0.025,-0.023,-0.051,0.46,1.0,-0.273,-0.21
9,y2,0.147,0.337,-0.032,-0.259,-0.03,-0.138,-0.088,-0.052,0.273,-0.061,-0.383,0.136,-0.345,-0.273,1.0,0.293
9,y3,0.266,0.092,0.117,-0.343,-0.362,-0.308,0.123,0.612,-0.072,-0.036,-0.019,0.271,-0.118,-0.21,0.293,1.0
10,.,1.0,-0.042,0.254,-0.161,-0.211,0.023,-0.205,0.068,-0.169,0.052,-0.252,-0.215,-0.007,-0.296,0.145,0.265
10,A1_1,-0.042,1.0,-0.074,0.031,-0.546,0.122,0.384,-0.496,0.006,-0.053,-0.501,0.488,0.387,0.03,0.337,0.09
10,A1_2,0.254,-0.074,1.0,-0.458,0.171,0.485,0.063,-0.292,0.03,0.293,0.075,-0.324,-0.186,-0.21,-0.034,0.116
10,A1_3,-0.161,0.031,-0.458,1.0,-0.31,-0.041,-0.046,-0.054,0.036,0.346,0.01,-0.211,0.547,-0.032,-0.258,-0.342
10,B1_1,-0.211,-0.546,0.171,-0.31,1.0,0.009,-0.321,0.028,-0.015,-0.219,0.28,-0.358,-0.283,0.241,-0.03,-0.361
10,B1_2,0.023,0.122,0.485,-0.041,0.009,1.0,-0.085,-0.399,0.474,0.179,0.059,-0.032,0.2,-0.077,-0.139,-0.308
10,B1_3,-0.205,0.384,0.063,-0.046,-0.321,-0.085,1.0,-0.297,-0.124,0.261,-0.258,0.473,0.34,0.357,-0.09,0.123
10,A2_1,0.068,-0.496,-0.292,-0.054,0.028,-0.399,-0.297,1.0,-0.104,-0.126,0.444,0.003,-0.124,-0.039,-0.052,0.612
10,A2_2,-0.169,0.006,0.03,0.036,-0.015,0.474,-0.124,-0.104,1.0,0.009,-0.265,0.113,-0.189,-0.247,0.272,-0.072
10,A2_3,0.052,-0.053,0.293,0.346,-0.219,0.179,0.261,-0.126,0.009,1.0,-0.002,-0.122,0.293,-0.026,-0.062,-0.036
10,B2_1,-0.252,-0.501,0.075,0.01,0.28,0.059,-0.258,0.444,-0.265,-0.002,1.0,-0.2,0.008,-0.022,-0.383,-0.017
10,B2_2,-0.215,0.488,-0.324,-0.211,-0.358,-0.032,0.473,0.003,0.113,-0.122,-0.2,1.0,0.04,-0.051,0.135,0.271
10,B2_3,-0.007,0.387,-0.186,0.547,-0.283,0.2,0.34,-0.124,-0.189,0.293,0.008,0.04,1.0,0.459,-0.346,-0.118
10,y1,-0.296,0.03,-0.21,-0.032,0.241,-0.077,0.357,-0.039,-0.247,-0.026,-0.022,-0.051,0.459,1.0,-0.273,-0.212
10,y2,0.145,0.337,-0.034,-0.258,-0.03,-0.139,-0.09,-0.052,0.272,-0.062,-0.383,0.135,-0.346,-0.273,1.0,0.294
10,y3,0.265,0.09,0.116,-0.342,-0.361,-0.308,0.123,0.612,-0.072,-0.036,-0.017,0.271,-0.118,-0.212,0.294,1.0
11,.,1.0,-0.042,0.256,-0.164,-0.21,0.023,-0.204,0.067,-0.17,0.052,-0.252,-0.215,-0.008,-0.296,0.143,0.265
11,A1_1,-0.042,1.0,-0.076,0.031,-0.545,0.122,0.384,-0.497,0.004,-0.054,-0.501,0.488,0.389,0.03,0.336,0.089
11,A1_2,0.256,-0.076,1.0,-0.458,0.173,0.485,0.063,-0.292,0.029,0.293,0.076,-0.325,-0.185,-0.211,-0.035,0.114
11,A1_3,-0.164,0.031,-0.458,1.0,-0.311,-0.041,-0.047,-0.053,0.036,0.346,0.01,-0.211,0.546,-0.031,-0.257,-0.341
11,B1_1,-0.21,-0.545,0.173,-0.311,1.0,0.011,-0.32,0.029,-0.013,-0.219,0.278,-0.357,-0.283,0.243,-0.03,-0.359
11,B1_2,0.023,0.122,0.485,-0.041,0.011,1.0,-0.083,-0.399,0.473,0.179,0.06,-0.03,0.202,-0.077,-0.14,-0.308
11,B1_3,-0.204,0.384,0.063,-0.047,-0.32,-0.083,1.0,-0.297,-0.125,0.261,-0.257,0.474,0.342,0.356,-0.091,0.122
11,A2_1,0.067,-0.497,-0.292,-0.053,0.029,-0.399,-0.297,1.0,-0.103,-0.125,0.445,0.003,-0.124,-0.038,-0.052,0.612
11,A2_2,-0.17,0.004,0.029,0.036,-0.013,0.473,-0.125,-0.103,1.0,0.009,-0.264,0.112,-0.188,-0.246,0.272,-0.072
11,A2_3,0.052,-0.054,0.293,0.346,-0.219,0.179,0.261,-0.125,0.009,1.0,-0.002,-0.122,0.293,-0.026,-0.063,-0.037
11,B2_1,-0.252,-0.501,0.076,0.01,0.278,0.06,-0.257,0.445,-0.264,-0.002,1.0,-0.199,0.008,-0.022,-0.383,-0.016
11,B2_2,-0.215,0.488,-0.325,-0.211,-0.357,-0.03,0.474,0.003,0.112,-0.122,-0.199,1.0,0.042,-0.052,0.134,0.271
11,B2_3,-0.008,0.389,-0.185,0.546,-0.283,0.202,0.342,-0.124,-0.188,0.293,0.008,0.042,1.0,0.459,-0.346,-0.118
11,y1,-0.296,0.03,-0.211,-0.031,0.243,-0.077,0.356,-0.038,-0.246,-0.026,-0.022,-0.052,0.459,1.0,-0.273,-0.214
11,y2,0.143,0.336,-0.035,-0.257,-0.03,-0.14,-0.091,-0.052,0.272,-0.063,-0.383,0.134,-0.346,-0.273,1.0,0.294
11,y3,0.265,0.089,0.114,-0.341,-0.359,-0.308,0.122,0.612,-0.072,-0.037,-0.016,0.271,-0.118,-0.214,0.294,1.0
12,.,1.0,-0.041,0.258,-0.166,-0.21,0.024,-0.204,0.066,-0.171,0.051,-0.251,-0.215,-0.009,-0.297,0.141,0.264
12,A1_1,-0.041,1.0,-0.079,0.032,-0.544,0.122,0.384,-0.497,0.003,-0.054,-0.501,0.488,0.39,0.03,0.336,0.088
12,A1_2,0.258,-0.079,1.0,-0.458,0.175,0.485,0.063,-0.293,0.029,0.293,0.077,-0.326,-0.185,-0.212,-0.037,0.112
12,A1_3,-0.166,0.032,-0.458,1.0,-0.312,-0.042,-0.047,-0.052,0.037,0.347,0.009,-0.212,0.545,-0.03,-0.256,-0.34
12,B1_1,-0.21,-0.544,0.175,-0.312,1.0,0.012,-0.32,0.029,-0.012,-0.218,0.277,-0.356,-0.283,0.246,-0.03,-0.358
12,B1_2,0.024,0.122,0.485,-0.042,0.012,1.0,-0.081,-0.398,0.473,0.178,0.062,-0.029,0.203,-0.078,-0.141,-0.308
12,B1_3,-0.204,0.384,0.063,-0.047,-0.32,-0.081,1.0,-0.297,-0.125,0.26,-0.256,0.475,0.344,0.356,-0.092,0.122
12,A2_1,0.066,-0.497,-0.293,-0.052,0.029,-0.398,-0.297,1.0,-0.103,-0.124,0.445,0.002,-0.124,-0.037,-0.052,0.611
12,A2_2,-0.171,0.003,0.029,0.037,-0.012,0.473,-0.125,-0.103,1.0,0.009,-0.263,0.111,-0.188,-0.246,0.271,-0.073
12,A2_3,0.051,-0.054,0.293,0.347,-0.218,0.178,0.26,-0.124,0.009,1.0,-0.001,-0.123,0.293,-0.026,-0.063,-0.038
12,B2_1,-0.251,-0.501,0.077,0.009,0.277,0.062,-0.256,0.445,-0.263,-0.001,1.0,-0.197,0.008,-0.021,-0.383,-0.015
12,B2_2,-0.215,0.488,-0.326,-0.212,-0.356,-0.029,0.475,0.002,0.111,-0.123,-0.197,1.0,0.045,-0.052,0.133,0.271
12,B2_3,-0.009,0.39,-0.185,0.545,-0.283,0.203,0.344,-0.124,-0.188,0.293,0.008,0.045,1.0,0.458,-0.347,-0.117
12,y1,-0.297,0.03,-0.212,-0.03,0.246,-0.078,0.356,-0.037,-0.246,-0.026,-0.021,-0.052,0.458,1.0,-0.274,-0.216
12,y2,0.141,0.336,-0.037,-0.256,-0.03,-0.141,-0.092,-0.052,0.271,-0.063,-0.383,0.133,-0.347,-0.274,1.0,0.294
12,y3,0.264,0.088,0.112,-0.34,-0.358,-0.308,0.122,0.611,-0.073,-0.038,-0.015,0.271,-0.117,-0.216,0.294,1.0
13,.,1.0,-0.041,0.261,-0.169,-0.209,0.024,-0.203,0.065,-0.173,0.051,-0.251,-0.215,-0.01,-0.297,0.14,0.264
13,A1_1,-0.041,1.0,-0.081,0.032,-0.544,0.122,0.384,-0.498,0.002,-0.055,-0.5,0.488,0.391,0.029,0.335,0.086
13,A1_2,0.261,-0.081,1.0,-0.458,0.176,0.485,0.063,-0.293,0.028,0.293,0.078,-0.326,-0.184,-0.212,-0.038,0.11
13,A1_3,-0.169,0.032,-0.458,1.0,-0.312,-0.043,-0.048,-0.051,0.038,0.347,0.009,-0.212,0.543,-0.029,-0.255,-0.339
13,B1_1,-0.209,-0.544,0.176,-0.312,1.0,0.013,-0.319,0.03,-0.01,-0.218,0.275,-0.356,-0.283,0.248,-0.029,-0.357
13,B1_2,0.024,0.122,0.485,-0.043,0.013,1.0,-0.079,-0.398,0.472,0.177,0.063,-0.027,0.205,-0.079,-0.141,-0.309
13,B1_3,-0.203,0.384,0.063,-0.048,-0.319,-0.079,1.0,-0.296,-0.125,0.26,-0.254,0.476,0.345,0.355,-0.094,0.121
13,A2_1,0.065,-0.498,-0.293,-0.051,0.03,-0.398,-0.296,1.0,-0.102,-0.123,0.445,0.002,-0.124,-0.037,-0.052,0.611
13,A2_2,-0.173,0.002,0.028,0.038,-0.01,0.472,-0.125,-0.102,1.0,0.009,-0.263,0.11,-0.187,-0.245,0.271,-0.073
13,A2_3,0.051,-0.055,0.293,0.347,-0.218,0.177,0.26,-0.123,0.009,1.0,-0.001,-0.123,0.293,-0.026,-0.064,-0.038
13,B2_1,-0.251,-0.5,0.078,0.009,0.275,0.063,-0.254,0.445,-0.263,-0.001,1.0,-0.196,0.009,-0.02,-0.383,-0.013
13,B2_2,-0.215,0.488,-0.326,-0.212,-0.356,-0.027,0.476,0.002,0.11,-0.123,-0.196,1.0,0.047,-0.053,0.133,0.271
13,B2_3,-0.01,0.391,-0.184,0.543,-0.283,0.205,0.345,-0.124,-0.187,0.293,0.009,0.047,1.0,0.458,-0.348,-0.117
13,y1,-0.297,0.029,-0.212,-0.029,0.248,-0.079,0.355,-0.037,-0.245,-0.026,-0.02,-0.053,0.458,1.0,-0.274,-0.218
13,y2,0.14,0.335,-0.038,-0.255,-0.029,-0.141,-0.094,-0.052,0.271,-0.064,-0.383,0.133,-0.348,-0.274,1.0,0.295
13,y3,0.264,0.086,0.11,-0.339,-0.357,-0.309,0.121,0.611,-0.073,-0.038,-0.013,0.271,-0.117,-0.218,0.295,1.0
14,.,1.0,-0.041,0.263,-0.172,-0.208,0.024,-0.203,0.064,-0.174,0.05,-0.25,-0.214,-0.011,-0.298,0.138,0.263
14,A1_1,-0.041,1.0,-0.083,0.033,-0.543,0.121,0.385,-0.499,0.0,-0.056,-0.5,0.488,0.393,0.029,0.335,0.085
14,A1_2,0.263,-0.083,1.0,-0.458,0.178,0.485,0.063,-0.294,0.027,0.292,0.078,-0.327,-0.183,-0.212,-0.039,0.108
14,A1_3,-0.172,0.033,-0.458,1.0,-0.313,-0.043,-0.049,-0.049,0.038,0.348,0.009,-0.213,0.542,-0.028,-0.254,-0.338
14,B1_1,-0.208,-0.543,0.178,-0.313,1.0,0.014,-0.319,0.031,-0.009,-0.218,0.274,-0.354,-0.283,0.25,-0.029,-0.356
14,B1_2,0.024,0.121,0.485,-0.043,0.014,1.0,-0.077,-0.398,0.471,0.177,0.064,-0.025,0.206,-0.08,-0.142,-0.309
14,B1_3,-0.203,0.385,0.063,-0.049,-0.319,-0.077,1.0,-0.296,-0.125,0.259,-0.253,0.477,0.347,0.354,-0.095,0.121
14,A2_1,0.064,-0.499,-0.294,-0.049,0.031,-0.398,-0.296,1.0,-0.102,-0.123,0.446,0.001,-0.123,-0.037,-0.052,0.611
14,A2_2,-0.174,0.0,0.027,0.038,-0.009,0.471,-0.125,-0.102,1.0,0.009,-0.262,0.11,-0.187,-0.245,0.271,-0.074
14,A2_3,0.05,-0.056,0.292,0.348,-0.218,0.177,0.259,-0.123,0.009,1.0,-0.0,-0.123,0.293,-0.026,-0.064,-0.039
14,B2_1,-0.25,-0.5,0.078,0.009,0.274,0.064,-0.253,0.446,-0.262,-0.0,1.0,-0.194,0.009,-0.019,-0.383,-0.012
14,B2_2,-0.214,0.488,-0.327,-0.213,-0.354,-0.025,0.477,0.001,0.11,-0.123,-0.194,1.0,0.049,-0.053,0.132,0.271
14,B2_3,-0.011,0.393,-0.183,0.542,-0.283,0.206,0.347,-0.123,-0.187,0.293,0.009,0.049,1.0,0.457,-0.348,-0.117
14,y1,-0.298,0.029,-0.212,-0.028,0.25,-0.08,0.354,-0.037,-0.245,-0.026,-0.019,-0.053,0.457,1.0,-0.274,-0.22
14,y2,0.138,0.335,-0.039,-0.254,-0.029,-0.142,-0.095,-0.052,0.271,-0.064,-0.383,0.132,-0.348,-0.274,1.0,0.295
14,y3,0.263,0.085,0.108,-0.338,-0.356,-0.309,0.121,0.611,-0.074,-0.039,-0.012,0.271,-0.117,-0.22,0.295,1.0
15,.,1.0,-0.04,0.265,-0.174,-0.207,0.024,-0.202,0.063,-0.174,0.05,-0.251,-0.214,-0.012,-0.299,0.136,0.262
15,A1_1,-0.04,1.0,-0.085,0.033,-0.542,0.121,0.385,-0.499,-0.001,-0.056,-0.5,0.487,0.394,0.029,0.334,0.083
15,A1_2,0.265,-0.085,1.0,-0.457,0.18,0.485,0.063,-0.294,0.026,0.292,0.079,-0.327,-0.183,-0.213,-0.04,0.106
15,A1_3,-0.174,0.033,-0.457,1.0,-0.314,-0.044,-0.05,-0.048,0.039,0.348,0.008,-0.213,0.541,-0.027,-0.253,-0.337
15,B1_1,-0.207,-0.542,0.18,-0.314,1.0,0.016,-0.319,0.031,-0.008,-0.217,0.272,-0.354,-0.283,0.252,-0.029,-0.355
15,B1_2,0.024,0.121,0.485,-0.044,0.016,1.0,-0.074,-0.397,0.47,0.177,0.065,-0.023,0.208,-0.081,-0.144,-0.309
15,B1_3,-0.202,0.385,0.063,-0.05,-0.319,-0.074,1.0,-0.296,-0.125,0.259,-0.252,0.478,0.349,0.354,-0.096,0.121
15,A2_1,0.063,-0.499,-0.294,-0.048,0.031,-0.397,-0.296,1.0,-0.101,-0.122,0.446,0.001,-0.123,-0.036,-0.052,0.61
15,A2_2,-0.174,-0.001,0.026,0.039,-0.008,0.47,-0.125,-0.101,1.0,0.009,-0.262,0.109,-0.186,-0.245,0.27,-0.074
15,A2_3,0.05,-0.056,0.292,0.348,-0.217,0.177,0.259,-0.122,0.009,1.0,0.0,-0.124,0.293,-0.026,-0.065,-0.04
15,B2_1,-0.251,-0.5,0.079,0.008,0.272,0.065,-0.252,0.446,-0.262,0.0,1.0,-0.193,0.01,-0.019,-0.383,-0.01
15,B2_2,-0.214,0.487,-0.327,-0.213,-0.354,-0.023,0.478,0.001,0.109,-0.124,-0.193,1.0,0.051,-0.054,0.131,0.271
15,B2_3,-0.012,0.394,-0.183,0.541,-0.283,0.208,0.349,-0.123,-0.186,0.293,0.01,0.051,1.0,0.456,-0.349,-0.117
15,y1,-0.299,0.029,-0.213,-0.027,0.252,-0.081,0.354,-0.036,-0.245,-0.026,-0.019,-0.054,0.456,1.0,-0.274,-0.222
15,y2,0.136,0.334,-0.04,-0.253,-0.029,-0.144,-0.096,-0.052,0.27,-0.065,-0.383,0.131,-0.349,-0.274,1.0,0.296
15,y3,0.262,0.083,0.106,-0.337,-0.355,-0.309,0.121,0.61,-0.074,-0.04,-0.01,0.271,-0.117,-0.222,0.296,1.0
16,.,1.0,-0.04,0.267,-0.176,-0.206,0.024,-0.202,0.062,-0.175,0.05,-0.25,-0.214,-0.013,-0.3,0.135,0.261
16,A1_1,-0.04,1.0,-0.087,0.033,-0.541,0.121,0.385,-0.5,-0.002,-0.057,-0.499,0.487,0.395,0.028,0.333,0.082
16,A1_2,0.267,-0.087,1.0,-0.457,0.182,0.485,0.063,-0.295,0.026,0.292,0.08,-0.328,-0.182,-0.213,-0.041,0.105
16,A1_3,-0.176,0.033,-0.457,1.0,-0.314,-0.045,-0.051,-0.047,0.04,0.348,0.008,-0.214,0.539,-0.026,-0.252,-0.336
16,B1_1,-0.206,-0.541,0.182,-0.314,1.0,0.017,-0.318,0.032,-0.006,-0.217,0.271,-0.353,-0.283,0.254,-0.029,-0.353
16,B1_2,0.024,0.121,0.485,-0.045,0.017,1.0,-0.072,-0.397,0.469,0.176,0.067,-0.021,0.21,-0.082,-0.145,-0.31
16,B1_3,-0.202,0.385,0.063,-0.051,-0.318,-0.072,1.0,-0.296,-0.125,0.258,-0.251,0.48,0.351,0.353,-0.098,0.12
16,A2_1,0.062,-0.5,-0.295,-0.047,0.032,-0.397,-0.296,1.0,-0.101,-0.121,0.446,0.001,-0.123,-0.035,-0.051,0.61
16,A2_2,-0.175,-0.002,0.026,0.04,-0.006,0.469,-0.125,-0.101,1.0,0.009,-0.261,0.108,-0.186,-0.244,0.27,-0.074
16,A2_3,0.05,-0.057,0.292,0.348,-0.217,0.176,0.258,-0.121,0.009,1.0,0.001,-0.124,0.293,-0.026,-0.066,-0.04
16,B2_1,-0.25,-0.499,0.08,0.008,0.271,0.067,-0.251,0.446,-0.261,0.001,1.0,-0.191,0.01,-0.018,-0.382,-0.009
16,B2_2,-0.214,0.487,-0.328,-0.214,-0.353,-0.021,0.48,0.001,0.108,-0.124,-0.191,1.0,0.053,-0.054,0.13,0.27
16,B2_3,-0.013,0.395,-0.182,0.539,-0.283,0.21,0.351,-0.123,-0.186,0.293,0.01,0.053,1.0,0.455,-0.35,-0.117
16,y1,-0.3,0.028,-0.213,-0.026,0.254,-0.082,0.353,-0.035,-0.244,-0.026,-0.018,-0.054,0.455,1.0,-0.274,-0.224
16,y2,0.135,0.333,-0.041,-0.252,-0.029,-0.145,-0.098,-0.051,0.27,-0.066,-0.382,0.13,-0.35,-0.274,1.0,0.297
16,y3,0.261,0.082,0.105,-0.336,-0.353,-0.31,0.12,0.61,-0.074,-0.04,-0.009,0.27,-0.117,-0.224,0.297,1.0
17,.,1.0,-0.04,0.269,-0.178,-0.205,0.025,-0.202,0.061,-0.177,0.049,-0.25,-0.214,-0.013,-0.3,0.132,0.259
17,A1_1,-0.04,1.0,-0.09,0.034,-0.541,0.121,0.385,-0.501,-0.003,-0.057,-0.499,0.487,0.397,0.028,0.333,0.08
17,A1_2,0.269,-0.09,1.0,-0.457,0.183,0.485,0.063,-0.296,0.025,0.292,0.08,-0.328,-0.181,-0.213,-0.043,0.103
17,A1_3,-0.178,0.034,-0.457,1.0,-0.315,-0.046,-0.051,-0.045,0.04,0.349,0.008,-0.214,0.538,-0.026,-0.251,-0.335
17,B1_1,-0.205,-0.541,0.183,-0.315,1.0,0.019,-0.318,0.032,-0.005,-0.216,0.269,-0.352,-0.283,0.257,-0.029,-0.352
17,B1_2,0.025,0.121,0.485,-0.046,0.019,1.0,-0.07,-0.397,0.469,0.176,0.068,-0.02,0.211,-0.082,-0.146,-0.31
17,B1_3,-0.202,0.385,0.063,-0.051,-0.318,-0.07,1.0,-0.296,-0.125,0.258,-0.249,0.481,0.352,0.352,-0.099,0.119
17,A2_1,0.061,-0.501,-0.296,-0.045,0.032,-0.397,-0.296,1.0,-0.1,-0.121,0.446,0.0,-0.123,-0.034,-0.051,0.61
17,A2_2,-0.177,-0.003,0.025,0.04,-0.005,0.469,-0.125,-0.1,1.0,0.009,-0.26,0.107,-0.186,-0.243,0.27,-0.075
17,A2_3,0.049,-0.057,0.292,0.349,-0.216,0.176,0.258,-0.121,0.009,1.0,0.001,-0.124,0.293,-0.026,-0.066,-0.041
17,B2_1,-0.25,-0.499,0.08,0.008,0.269,0.068,-0.249,0.446,-0.26,0.001,1.0,-0.19,0.01,-0.017,-0.382,-0.007
17,B2_2,-0.214,0.487,-0.328,-0.214,-0.352,-0.02,0.481,0.0,0.107,-0.124,-0.19,1.0,0.056,-0.055,0.129,0.27
17,B2_3,-0.013,0.397,-0.181,0.538,-0.283,0.211,0.352,-0.123,-0.186,0.293,0.01,0.056,1.0,0.454,-0.35,-0.117
17,y1,-0.3,0.028,-0.213,-0.026,0.257,-0.082,0.352,-0.034,-0.243,-0.026,-0.017,-0.055,0.454,1.0,-0.274,-0.225
17,y2,0.132,0.333,-0.043,-0.251,-0.029,-0.146,-0.099,-0.051,0.27,-0.066,-0.382,0.129,-0.35,-0.274,1.0,0.298
17,y3,0.259,0.08,0.103,-0.335,-0.352,-0.31,0.119,0.61,-0.075,-0.041,-0.007,0.27,-0.117,-0.225,0.298,1.0
18,.,1.0,-0.039,0.271,-0.181,-0.203,0.025,-0.201,0.06,-0.178,0.049,-0.25,-0.214,-0.014,-0.3,0.13,0.259
18,A1_1,-0.039,1.0,-0.092,0.034,-0.54,0.121,0.386,-0.501,-0.004,-0.058,-0.498,0.487,0.398,0.027,0.332,0.079
18,A1_2,0.271,-0.092,1.0,-0.457,0.185,0.484,0.063,-0.296,0.024,0.291,0.081,-0.329,-0.181,-0.214,-0.044,0.102
18,A1_3,-0.181,0.034,-0.457,1.0,-0.316,-0.046,-0.052,-0.044,0.041,0.349,0.008,-0.215,0.537,-0.025,-0.25,-0.334
18,B1_1,-0.203,-0.54,0.185,-0.316,1.0,0.02,-0.317,0.033,-0.003,-0.215,0.268,-0.351,-0.283,0.259,-0.029,-0.351
18,B1_2,0.025,0.121,0.484,-0.046,0.02,1.0,-0.067,-0.397,0.468,0.176,0.069,-0.018,0.213,-0.084,-0.147,-0.31
18,B1_3,-0.201,0.386,0.063,-0.052,-0.317,-0.067,1.0,-0.296,-0.125,0.258,-0.248,0.482,0.354,0.351,-0.1,0.119
18,A2_1,0.06,-0.501,-0.296,-0.044,0.033,-0.397,-0.296,1.0,-0.1,-0.12,0.446,-0.001,-0.123,-0.034,-0.051,0.61
18,A2_2,-0.178,-0.004,0.024,0.041,-0.003,0.468,-0.125,-0.1,1.0,0.009,-0.26,0.107,-0.185,-0.243,0.27,-0.075
18,A2_3,0.049,-0.058,0.291,0.349,-0.215,0.176,0.258,-0.12,0.009,1.0,0.002,-0.124,0.293,-0.026,-0.067,-0.042
18,B2_1,-0.25,-0.498,0.081,0.008,0.268,0.069,-0.248,0.446,-0.26,0.002,1.0,-0.188,0.011,-0.016,-0.382,-0.006
18,B2_2,-0.214,0.487,-0.329,-0.215,-0.351,-0.018,0.482,-0.001,0.107,-0.124,-0.188,1.0,0.058,-0.056,0.129,0.27
18,B2_3,-0.014,0.398,-0.181,0.537,-0.283,0.213,0.354,-0.123,-0.185,0.293,0.011,0.058,1.0,0.453,-0.351,-0.117
18,y1,-0.3,0.027,-0.214,-0.025,0.259,-0.084,0.351,-0.034,-0.243,-0.026,-0.016,-0.056,0.453,1.0,-0.274,-0.227
18,y2,0.13,0.332,-0.044,-0.25,-0.029,-0.147,-0.1,-0.051,0.27,-0.067,-0.382,0.129,-0.351,-0.274,1.0,0.299
18,y3,0.259,0.079,0.102,-0.334,-0.351,-0.31,0.119,0.61,-0.075,-0.042,-0.006,0.27,-0.117,-0.227,0.299,1.0
19,.,1.0,-0.039,0.273,-0.184,-0.203,0.025,-0.201,0.059,-0.179,0.048,-0.249,-0.214,-0.015,-0.301,0.129,0.258
19,A1_1,-0.039,1.0,-0.094,0.035,-0.539,0.121,0.386,-0.502,-0.005,-0.059,-0.498,0.487,0.399,0.027,0.332,0.077
19,A1_2,0.273,-0.094,1.0,-0.456,0.187,0.484,0.063,-0.297,0.023,0.291,0.082,-0.329,-0.18,-0.214,-0.045,0.1
19,A1_3,-0.184,0.035,-0.456,1.0,-0.316,-0.047,-0.053,-0.043,0.042,0.35,0.007,-0.215,0.536,-0.025,-0.25,-0.334
19,B1_1,-0.203,-0.539,0.187,-0.316,1.0,0.022,-0.317,0.033,-0.002,-0.215,0.266,-0.35,-0.283,0.261,-0.029,-0.349
19,B1_2,0.025,0.121,0.484,-0.047,0.022,1.0,-0.065,-0.396,0.467,0.175,0.071,-0.016,0.214,-0.085,-0.148,-0.311
19,B1_3,-0.201,0.386,0.063,-0.053,-0.317,-0.065,1.0,-0.296,-0.125,0.257,-0.247,0.483,0.356,0.35,-0.102,0.118
19,A2_1,0.059,-0.502,-0.297,-0.043,0.033,-0.396,-0.296,1.0,-0.099,-0.119,0.447,-0.001,-0.122,-0.033,-0.051,0.609
19,A2_2,-0.179,-0.005,0.023,0.042,-0.002,0.467,-0.125,-0.099,1.0,0.009,-0.259,0.106,-0.184,-0.242,0.27,-0.075
19,A2_3,0.048,-0.059,0.291,0.35,-0.215,0.175,0.257,-0.119,0.009,1.0,0.002,-0.125,0.293,-0.027,-0.067,-0.043
19,B2_1,-0.249,-0.498,0.082,0.007,0.266,0.071,-0.247,0.447,-0.259,0.002,1.0,-0.187,0.011,-0.015,-0.382,-0.004
19,B2_2,-0.214,0.487,-0.329,-0.215,-0.35,-0.016,0.483,-0.001,0.106,-0.125,-0.187,1.0,0.06,-0.056,0.128,0.269
19,B2_3,-0.015,0.399,-0.18,0.536,-0.283,0.214,0.356,-0.122,-0.184,0.293,0.011,0.06,1.0,0.452,-0.352,-0.118
19,y1,-0.301,0.027,-0.214,-0.025,0.261,-0.085,0.35,-0.033,-0.242,-0.027,-0.015,-0.056,0.452,1.0,-0.274,-0.229
19,y2,0.129,0.332,-0.045,-0.25,-0.029,-0.148,-0.102,-0.051,0.27,-0.067,-0.382,0.128,-0.352,-0.274,1.0,0.3
19,y3,0.258,0.077,0.1,-0.334,-0.349,-0.311,0.118,0.609,-0.075,-0.043,-0.004,0.269,-0.118,-0.229,0.3,1.0
20,.,1.0,-0.039,0.275,-0.186,-0.202,0.025,-0.201,0.058,-0.18,0.048,-0.249,-0.214,-0.016,-0.301,0.127,0.257
20,A1_1,-0.039,1.0,-0.096,0.035,-0.538,0.121,0.386,-0.502,-0.006,-0.059,-0.497,0.486,0.401,0.027,0.331,0.076
20,A1_2,0.275,-0.096,1.0,-0.456,0.189,0.484,0.063,-0.297,0.023,0.291,0.082,-0.33,-0.179,-0.214,-0.046,0.098
20,A1_3,-0.186,0.035,-0.456,1.0,-0.317,-0.048,-0.053,-0.042,0.042,0.35,0.007,-0.215,0.534,-0.024,-0.249,-0.333
20,B1_1,-0.202,-0.538,0.189,-0.317,1.0,0.023,-0.316,0.034,0.0,-0.214,0.265,-0.349,-0.283,0.263,-0.029,-0.348
20,B1_2,0.025,0.121,0.484,-0.048,0.023,1.0,-0.063,-0.396,0.466,0.175,0.072,-0.014,0.216,-0.086,-0.148,-0.311
20,B1_3,-0.201,0.386,0.063,-0.053,-0.316,-0.063,1.0,-0.296,-0.125,0.257,-0.246,0.484,0.358,0.348,-0.103,0.117
20,A2_1,0.058,-0.502,-0.297,-0.042,0.034,-0.396,-0.296,1.0,-0.099,-0.118,0.447,-0.001,-0.122,-0.033,-0.051,0.609
20,A2_2,-0.18,-0.006,0.023,0.042,0.0,0.466,-0.125,-0.099,1.0,0.009,-0.259,0.105,-0.184,-0.241,0.269,-0.076
20,A2_3,0.048,-0.059,0.291,0.35,-0.214,0.175,0.257,-0.118,0.009,1.0,0.003,-0.125,0.293,-0.027,-0.068,-0.043
20,B2_1,-0.249,-0.497,0.082,0.007,0.265,0.072,-0.246,0.447,-0.259,0.003,1.0,-0.185,0.012,-0.015,-0.382,-0.003
20,B2_2,-0.214,0.486,-0.33,-0.215,-0.349,-0.014,0.484,-0.001,0.105,-0.125,-0.185,1.0,0.062,-0.057,0.127,0.269
20,B2_3,-0.016,0.401,-0.179,0.534,-0.283,0.216,0.358,-0.122,-0.184,0.293,0.012,0.062,1.0,0.45,-0.353,-0.118
20,y1,-0.301,0.027,-0.214,-0.024,0.263,-0.086,0.348,-0.033,-0.241,-0.027,-0.015,-0.057,0.45,1.0,-0.274,-0.23
20,y2,0.127,0.331,-0.046,-0.249,-0.029,-0.148,-0.103,-0.051,0.269,-0.068,-0.382,0.127,-0.353,-0.274,1.0,0.301
20,y3,0.257,0.076,0.098,-0.333,-0.348,-0.311,0.117,0.609,-0.076,-0.043,-0.003,0.269,-0.118,-0.23,0.301,1.0
21,.,1.0,-0.039,0.277,-0.188,-0.201,0.025,-0.2,0.057,-0.181,0.047,-0.249,-0.214,-0.017,-0.301,0.126,0.256
21,A1_1,-0.039,1.0,-0.098,0.036,-0.537,0.121,0.386,-0.503,-0.007,-0.06,-0.496,0.486,0.402,0.027,0.331,0.074
21,A1_2,0.277,-0.098,1.0,-0.456,0.191,0.484,0.063,-0.297,0.022,0.291,0.083,-0.33,-0.179,-0.215,-0.047,0.097
21,A1_3,-0.188,0.036,-0.456,1.0,-0.318,-0.048,-0.054,-0.04,0.043,0.351,0.007,-0.216,0.533,-0.024,-0.248,-0.332
21,B1_1,-0.201,-0.537,0.191,-0.318,1.0,0.025,-0.316,0.034,0.002,-0.214,0.263,-0.348,-0.283,0.266,-0.029,-0.347
21,B1_2,0.025,0.121,0.484,-0.048,0.025,1.0,-0.06,-0.396,0.466,0.174,0.073,-0.012,0.218,-0.087,-0.149,-0.311
21,B1_3,-0.2,0.386,0.063,-0.054,-0.316,-0.06,1.0,-0.295,-0.125,0.256,-0.244,0.486,0.359,0.347,-0.104,0.117
21,A2_1,0.057,-0.503,-0.297,-0.04,0.034,-0.396,-0.295,1.0,-0.098,-0.118,0.447,-0.002,-0.122,-0.032,-0.05,0.609
21,A2_2,-0.181,-0.007,0.022,0.043,0.002,0.466,-0.125,-0.098,1.0,0.009,-0.258,0.104,-0.183,-0.241,0.269,-0.077
21,A2_3,0.047,-0.06,0.291,0.351,-0.214,0.174,0.256,-0.118,0.009,1.0,0.003,-0.125,0.293,-0.027,-0.069,-0.044
21,B2_1,-0.249,-0.496,0.083,0.007,0.263,0.073,-0.244,0.447,-0.258,0.003,1.0,-0.184,0.012,-0.014,-0.381,-0.001
21,B2_2,-0.214,0.486,-0.33,-0.216,-0.348,-0.012,0.486,-0.002,0.104,-0.125,-0.184,1.0,0.065,-0.057,0.126,0.269
21,B2_3,-0.017,0.402,-0.179,0.533,-0.283,0.218,0.359,-0.122,-0.183,0.293,0.012,0.065,1.0,0.449,-0.354,-0.118
21,y1,-0.301,0.027,-0.215,-0.024,0.266,-0.087,0.347,-0.032,-0.241,-0.027,-0.014,-0.057,0.449,1.0,-0.274,-0.231
21,y2,0.126,0.331,-0.047,-0.248,-0.029,-0.149,-0.104,-0.05,0.269,-0.069,-0.381,0.126,-0.354,-0.274,1.0,0.302
21,y3,0.256,0.074,0.097,-0.332,-0.347,-0.311,0.117,0.609,-0.077,-0.044,-0.001,0.269,-0.118,-0.231,0.302,1.0
22,.,1.0,-0.04,0.279,-0.191,-0.2,0.025,-0.2,0.057,-0.183,0.047,-0.248,-0.214,-0.018,-0.302,0.124,0.256
22,A1_1,-0.04,1.0,-0.1,0.036,-0.536,0.121,0.387,-0.503,-0.009,-0.06,-0.496,0.486,0.403,0.026,0.33,0.072
22,A1_2,0.279,-0.1,1.0,-0.455,0.193,0.484,0.063,-0.298,0.021,0.291,0.084,-0.331,-0.178,-0.215,-0.048,0.095
22,A1_3,-0.191,0.036,-0.455,1.0,-0.318,-0.049,-0.055,-0.039,0.044,0.351,0.007,-0.216,0.532,-0.023,-0.247,-0.331
22,B1_1,-0.2,-0.536,0.193,-0.318,1.0,0.026,-0.315,0.034,0.003,-0.214,0.262,-0.347,-0.283,0.268,-0.029,-0.345
22,B1_2,0.025,0.121,0.484,-0.049,0.026,1.0,-0.058,-0.396,0.465,0.174,0.074,-0.01,0.219,-0.088,-0.15,-0.312
22,B1_3,-0.2,0.387,0.063,-0.055,-0.315,-0.058,1.0,-0.295,-0.125,0.256,-0.243,0.487,0.361,0.346,-0.106,0.116
22,A2_1,0.057,-0.503,-0.298,-0.039,0.034,-0.396,-0.295,1.0,-0.098,-0.117,0.447,-0.003,-0.122,-0.031,-0.05,0.609
22,A2_2,-0.183,-0.009,0.021,0.044,0.003,0.465,-0.125,-0.098,1.0,0.009,-0.258,0.104,-0.183,-0.24,0.269,-0.077
22,A2_3,0.047,-0.06,0.291,0.351,-0.214,0.174,0.256,-0.117,0.009,1.0,0.003,-0.125,0.293,-0.027,-0.069,-0.045
22,B2_1,-0.248,-0.496,0.084,0.007,0.262,0.074,-0.243,0.447,-0.258,0.003,1.0,-0.182,0.012,-0.013,-0.381,0.0
22,B2_2,-0.214,0.486,-0.331,-0.216,-0.347,-0.01,0.487,-0.003,0.104,-0.125,-0.182,1.0,0.067,-0.058,0.125,0.268
22,B2_3,-0.018,0.403,-0.178,0.532,-0.283,0.219,0.361,-0.122,-0.183,0.293,0.012,0.067,1.0,0.448,-0.355,-0.118
22,y1,-0.302,0.026,-0.215,-0.023,0.268,-0.088,0.346,-0.031,-0.24,-0.027,-0.013,-0.058,0.448,1.0,-0.274,-0.233
22,y2,0.124,0.33,-0.048,-0.247,-0.029,-0.15,-0.106,-0.05,0.269,-0.069,-0.381,0.125,-0.355,-0.274,1.0,0.303
22,y3,0.256,0.072,0.095,-0.331,-0.345,-0.312,0.116,0.609,-0.077,-0.045,0.0,0.268,-0.118,-0.233,0.303,1.0
23,.,1.0,-0.039,0.281,-0.193,-0.199,0.025,-0.199,0.056,-0.184,0.047,-0.248,-0.215,-0.019,-0.302,0.122,0.255
23,A1_1,-0.039,1.0,-0.102,0.036,-0.536,0.121,0.387,-0.504,-0.01,-0.061,-0.495,0.486,0.404,0.026,0.33,0.071
