,,.,A1_1,A1_2,A1_3,B1_1,B1_2,B1_3,A2_1,A2_2,A2_3,B2_1,B2_2,B2_3,y1,y2,y3
0,.,0.047,0.035,0.115,0.145,0.087,0.078,0.072,0.037,0.054,0.102,0.048,0.034,0.028,0.015,0.054,0.05
0,A1_1,0.045,0.034,0.159,0.094,0.078,0.043,0.072,0.008,0.102,0.125,0.041,0.061,0.024,0.01,0.048,0.058
0,A1_2,0.043,0.017,0.265,0.092,0.035,0.035,0.065,0.01,0.094,0.12,0.042,0.052,0.019,0.009,0.058,0.043
0,A1_3,0.035,0.035,0.069,0.116,0.043,0.034,0.127,0.009,0.085,0.105,0.043,0.079,0.043,0.029,0.097,0.053
0,B1_1,0.05,0.024,0.273,0.111,0.041,0.043,0.064,0.011,0.08,0.1,0.04,0.046,0.013,0.009,0.062,0.03
0,B1_2,0.052,0.03,0.142,0.084,0.054,0.035,0.067,0.011,0.093,0.145,0.023,0.091,0.034,0.011,0.08,0.048
0,B1_3,0.066,0.029,0.271,0.055,0.053,0.033,0.043,0.012,0.104,0.111,0.022,0.076,0.021,0.007,0.056,0.042
0,A2_1,0.07,0.03,0.167,0.069,0.048,0.033,0.066,0.02,0.079,0.095,0.031,0.083,0.039,0.022,0.078,0.068
0,A2_2,0.057,0.034,0.122,0.104,0.064,0.029,0.066,0.012,0.13,0.095,0.062,0.063,0.02,0.021,0.046,0.075
0,A2_3,0.045,0.032,0.16,0.08,0.036,0.031,0.095,0.01,0.102,0.084,0.053,0.067,0.029,0.018,0.102,0.054
0,B2_1,0.062,0.031,0.231,0.105,0.04,0.049,0.07,0.014,0.072,0.089,0.03,0.063,0.019,0.012,0.089,0.025
0,B2_2,0.046,0.031,0.16,0.056,0.079,0.046,0.053,0.012,0.072,0.159,0.016,0.103,0.044,0.007,0.049,0.068
0,B2_3,0.063,0.05,0.134,0.099,0.053,0.029,0.063,0.018,0.129,0.101,0.053,0.044,0.026,0.031,0.056,0.05
0,y1,0.085,0.083,0.158,0.053,0.086,0.038,0.047,0.018,0.105,0.057,0.04,0.063,0.018,0.021,0.068,0.06
0,y2,0.047,0.023,0.162,0.082,0.061,0.045,0.079,0.007,0.111,0.111,0.044,0.067,0.033,0.009,0.052,0.068
0,y3,0.065,0.023,0.232,0.089,0.04,0.041,0.06,0.011,0.097,0.105,0.034,0.059,0.023,0.013,0.067,0.04
1,.,0.053,0.037,0.107,0.142,0.089,0.078,0.071,0.038,0.052,0.097,0.049,0.034,0.029,0.016,0.055,0.052
1,A1_1,0.056,0.037,0.145,0.091,0.082,0.043,0.072,0.008,0.099,0.113,0.043,0.062,0.025,0.011,0.05,0.064
1,A1_2,0.057,0.02,0.235,0.09,0.038,0.036,0.067,0.011,0.092,0.111,0.046,0.054,0.021,0.011,0.063,0.05
1,A1_3,0.046,0.04,0.058,0.11,0.046,0.034,0.121,0.01,0.082,0.09,0.046,0.075,0.046,0.037,0.1,0.06
1,B1_1,0.064,0.03,0.239,0.111,0.048,0.045,0.066,0.013,0.077,0.088,0.044,0.047,0.014,0.012,0.066,0.036
1,B1_2,0.067,0.034,0.123,0.083,0.058,0.035,0.068,0.012,0.087,0.127,0.025,0.09,0.038,0.014,0.085,0.055
1,B1_3,0.086,0.033,0.246,0.053,0.056,0.033,0.043,0.013,0.102,0.097,0.024,0.075,0.022,0.009,0.061,0.047
1,A2_1,0.091,0.034,0.144,0.063,0.051,0.033,0.064,0.022,0.075,0.081,0.033,0.082,0.042,0.027,0.081,0.077
1,A2_2,0.071,0.04,0.099,0.1,0.069,0.028,0.063,0.014,0.124,0.078,0.069,0.062,0.021,0.028,0.045,0.088
1,A2_3,0.057,0.037,0.139,0.076,0.039,0.032,0.094,0.012,0.099,0.072,0.058,0.065,0.031,0.022,0.107,0.06
1,B2_1,0.079,0.036,0.199,0.103,0.044,0.05,0.07,0.016,0.07,0.079,0.032,0.065,0.02,0.015,0.094,0.028
1,B2_2,0.062,0.035,0.146,0.053,0.083,0.045,0.051,0.013,0.07,0.138,0.017,0.1,0.047,0.009,0.051,0.078
1,B2_3,0.079,0.061,0.112,0.093,0.058,0.028,0.06,0.02,0.124,0.083,0.06,0.041,0.027,0.042,0.056,0.055
1,y1,0.105,0.098,0.132,0.047,0.099,0.039,0.042,0.02,0.099,0.044,0.044,0.056,0.017,0.025,0.063,0.069
1,y2,0.056,0.025,0.145,0.08,0.067,0.049,0.081,0.009,0.106,0.096,0.049,0.064,0.035,0.01,0.052,0.077
1,y3,0.08,0.026,0.209,0.088,0.041,0.042,0.063,0.013,0.092,0.095,0.037,0.059,0.024,0.016,0.072,0.043
2,.,0.059,0.038,0.102,0.14,0.089,0.078,0.07,0.039,0.051,0.093,0.05,0.034,0.03,0.017,0.057,0.053
2,A1_1,0.068,0.04,0.133,0.087,0.084,0.043,0.072,0.009,0.095,0.103,0.045,0.062,0.026,0.013,0.053,0.069
2,A1_2,0.072,0.022,0.21,0.088,0.04,0.036,0.068,0.012,0.089,0.102,0.048,0.056,0.022,0.013,0.067,0.055
2,A1_3,0.058,0.045,0.049,0.104,0.048,0.033,0.115,0.011,0.078,0.078,0.05,0.071,0.048,0.047,0.101,0.065
2,B1_1,0.079,0.036,0.212,0.109,0.054,0.047,0.066,0.015,0.072,0.077,0.047,0.048,0.015,0.015,0.068,0.041
2,B1_2,0.083,0.037,0.106,0.082,0.061,0.035,0.067,0.014,0.08,0.112,0.027,0.088,0.04,0.017,0.088,0.061
2,B1_3,0.107,0.037,0.225,0.051,0.058,0.033,0.043,0.015,0.099,0.085,0.027,0.074,0.022,0.011,0.064,0.05
2,A2_1,0.112,0.037,0.126,0.058,0.053,0.032,0.062,0.024,0.071,0.07,0.034,0.079,0.044,0.033,0.082,0.083
2,A2_2,0.084,0.046,0.082,0.095,0.074,0.027,0.06,0.016,0.116,0.064,0.074,0.061,0.02,0.037,0.044,0.098
2,A2_3,0.069,0.041,0.123,0.072,0.041,0.033,0.092,0.013,0.094,0.062,0.063,0.062,0.032,0.027,0.11,0.065
2,B2_1,0.096,0.041,0.175,0.1,0.047,0.05,0.069,0.019,0.066,0.069,0.034,0.066,0.021,0.019,0.097,0.031
2,B2_2,0.079,0.039,0.134,0.05,0.088,0.045,0.049,0.014,0.068,0.119,0.019,0.097,0.05,0.011,0.052,0.087
2,B2_3,0.094,0.071,0.095,0.088,0.061,0.028,0.057,0.022,0.118,0.069,0.065,0.038,0.026,0.054,0.055,0.059
2,y1,0.122,0.112,0.114,0.042,0.11,0.041,0.038,0.021,0.091,0.035,0.045,0.05,0.017,0.03,0.058,0.076
2,y2,0.065,0.026,0.133,0.079,0.072,0.054,0.081,0.01,0.101,0.083,0.053,0.061,0.035,0.012,0.051,0.085
2,y3,0.094,0.028,0.193,0.087,0.042,0.043,0.066,0.014,0.085,0.086,0.039,0.058,0.025,0.019,0.077,0.045
3,.,0.064,0.039,0.097,0.137,0.089,0.078,0.07,0.041,0.05,0.09,0.05,0.034,0.03,0.018,0.058,0.054
3,A1_1,0.079,0.043,0.123,0.084,0.086,0.042,0.072,0.009,0.091,0.095,0.046,0.061,0.026,0.015,0.054,0.073
3,A1_2,0.087,0.024,0.189,0.085,0.041,0.036,0.068,0.014,0.086,0.095,0.05,0.057,0.024,0.015,0.07,0.06
3,A1_3,0.07,0.05,0.042,0.098,0.051,0.032,0.107,0.011,0.073,0.068,0.053,0.066,0.05,0.058,0.1,0.07
3,B1_1,0.092,0.042,0.189,0.106,0.062,0.048,0.065,0.016,0.067,0.067,0.05,0.048,0.015,0.018,0.068,0.047
3,B1_2,0.097,0.039,0.093,0.082,0.064,0.035,0.068,0.015,0.073,0.099,0.029,0.086,0.043,0.02,0.09,0.068
3,B1_3,0.125,0.04,0.208,0.05,0.059,0.033,0.044,0.016,0.094,0.076,0.029,0.072,0.023,0.013,0.066,0.053
3,A2_1,0.132,0.04,0.112,0.053,0.054,0.032,0.06,0.026,0.066,0.061,0.036,0.075,0.045,0.038,0.082,0.089
3,A2_2,0.096,0.051,0.07,0.09,0.078,0.026,0.057,0.018,0.107,0.054,0.077,0.059,0.02,0.046,0.043,0.109
3,A2_3,0.08,0.045,0.111,0.068,0.043,0.034,0.09,0.015,0.089,0.054,0.068,0.059,0.033,0.031,0.109,0.07
3,B2_1,0.11,0.045,0.156,0.098,0.05,0.05,0.069,0.021,0.061,0.061,0.037,0.066,0.022,0.023,0.098,0.034
3,B2_2,0.097,0.042,0.123,0.047,0.091,0.044,0.047,0.015,0.064,0.104,0.02,0.092,0.052,0.013,0.052,0.096
3,B2_3,0.107,0.08,0.083,0.083,0.063,0.027,0.053,0.023,0.112,0.058,0.07,0.034,0.025,0.066,0.052,0.061
3,y1,0.133,0.122,0.101,0.038,0.12,0.042,0.035,0.022,0.083,0.028,0.046,0.045,0.017,0.033,0.053,0.082
3,y2,0.071,0.027,0.125,0.078,0.076,0.058,0.081,0.011,0.096,0.073,0.057,0.058,0.035,0.013,0.049,0.092
3,y3,0.105,0.029,0.181,0.085,0.043,0.044,0.069,0.016,0.077,0.079,0.041,0.056,0.025,0.022,0.08,0.048
4,.,0.069,0.04,0.093,0.136,0.089,0.078,0.069,0.042,0.049,0.087,0.051,0.033,0.031,0.019,0.058,0.055
4,A1_1,0.09,0.045,0.115,0.081,0.087,0.042,0.071,0.009,0.087,0.089,0.046,0.061,0.027,0.017,0.055,0.077
4,A1_2,0.101,0.025,0.172,0.082,0.042,0.037,0.067,0.015,0.082,0.088,0.052,0.057,0.025,0.018,0.072,0.065
4,A1_3,0.082,0.055,0.037,0.092,0.053,0.031,0.101,0.012,0.069,0.06,0.054,0.061,0.051,0.069,0.1,0.073
4,B1_1,0.102,0.047,0.173,0.103,0.068,0.049,0.063,0.018,0.063,0.059,0.052,0.047,0.016,0.02,0.067,0.053
4,B1_2,0.108,0.041,0.083,0.081,0.065,0.035,0.068,0.016,0.067,0.089,0.03,0.084,0.044,0.023,0.091,0.073
4,B1_3,0.142,0.042,0.193,0.048,0.059,0.033,0.044,0.018,0.089,0.069,0.031,0.07,0.023,0.014,0.068,0.056
4,A2_1,0.15,0.042,0.101,0.05,0.054,0.031,0.058,0.028,0.062,0.053,0.037,0.072,0.045,0.042,0.082,0.094
4,A2_2,0.106,0.055,0.061,0.086,0.081,0.025,0.054,0.02,0.098,0.046,0.079,0.057,0.02,0.055,0.042,0.117
4,A2_3,0.088,0.047,0.102,0.066,0.045,0.035,0.088,0.016,0.084,0.048,0.073,0.055,0.034,0.035,0.108,0.075
4,B2_1,0.12,0.048,0.142,0.097,0.052,0.049,0.07,0.023,0.056,0.054,0.039,0.065,0.022,0.027,0.099,0.037
4,B2_2,0.114,0.046,0.113,0.044,0.094,0.044,0.046,0.016,0.06,0.092,0.021,0.087,0.054,0.015,0.053,0.103
4,B2_3,0.118,0.088,0.074,0.079,0.065,0.026,0.049,0.025,0.107,0.05,0.074,0.031,0.024,0.077,0.05,0.063
4,y1,0.14,0.129,0.092,0.035,0.128,0.043,0.033,0.024,0.076,0.024,0.047,0.041,0.016,0.035,0.05,0.088
4,y2,0.076,0.027,0.118,0.077,0.08,0.061,0.081,0.013,0.091,0.065,0.06,0.055,0.034,0.015,0.048,0.098
4,y3,0.114,0.03,0.173,0.084,0.043,0.044,0.071,0.017,0.071,0.073,0.043,0.055,0.025,0.025,0.083,0.05
5,.,0.074,0.04,0.09,0.134,0.089,0.078,0.068,0.043,0.048,0.086,0.051,0.033,0.031,0.02,0.059,0.056
5,A1_1,0.101,0.047,0.109,0.078,0.088,0.042,0.071,0.01,0.083,0.084,0.047,0.06,0.027,0.018,0.057,0.08
5,A1_2,0.115,0.027,0.159,0.08,0.042,0.036,0.066,0.016,0.078,0.083,0.053,0.057,0.026,0.02,0.073,0.068
5,A1_3,0.093,0.06,0.033,0.087,0.054,0.03,0.094,0.013,0.064,0.053,0.056,0.057,0.051,0.08,0.099,0.075
5,B1_1,0.111,0.051,0.159,0.101,0.074,0.05,0.061,0.019,0.058,0.053,0.054,0.047,0.016,0.023,0.065,0.058
5,B1_2,0.117,0.043,0.076,0.082,0.067,0.035,0.068,0.018,0.061,0.08,0.032,0.082,0.045,0.026,0.092,0.079
5,B1_3,0.156,0.044,0.182,0.048,0.06,0.033,0.045,0.02,0.083,0.063,0.033,0.068,0.023,0.016,0.069,0.059
5,A2_1,0.165,0.043,0.092,0.047,0.054,0.031,0.057,0.03,0.057,0.047,0.039,0.068,0.045,0.047,0.081,0.097
5,A2_2,0.113,0.059,0.054,0.082,0.083,0.024,0.052,0.022,0.089,0.039,0.081,0.054,0.019,0.064,0.041,0.125
5,A2_3,0.095,0.049,0.095,0.064,0.047,0.036,0.086,0.018,0.08,0.043,0.078,0.051,0.034,0.039,0.105,0.08
5,B2_1,0.126,0.05,0.132,0.096,0.053,0.049,0.071,0.026,0.051,0.048,0.041,0.065,0.022,0.031,0.099,0.04
5,B2_2,0.13,0.048,0.105,0.042,0.096,0.043,0.045,0.017,0.056,0.081,0.022,0.082,0.055,0.017,0.053,0.109
5,B2_3,0.126,0.094,0.066,0.075,0.067,0.026,0.046,0.026,0.102,0.043,0.078,0.028,0.023,0.088,0.047,0.064
5,y1,0.144,0.133,0.086,0.033,0.135,0.045,0.031,0.025,0.07,0.021,0.047,0.038,0.016,0.037,0.048,0.093
5,y2,0.08,0.027,0.113,0.078,0.083,0.064,0.081,0.014,0.086,0.06,0.063,0.053,0.034,0.016,0.046,0.103
5,y3,0.12,0.03,0.167,0.082,0.043,0.045,0.074,0.019,0.065,0.068,0.044,0.054,0.025,0.027,0.085,0.051
6,.,0.078,0.04,0.087,0.133,0.089,0.077,0.067,0.044,0.047,0.084,0.051,0.033,0.031,0.021,0.06,0.057
6,A1_1,0.11,0.048,0.103,0.076,0.088,0.041,0.07,0.01,0.08,0.08,0.047,0.06,0.027,0.02,0.058,0.082
6,A1_2,0.128,0.028,0.147,0.078,0.043,0.036,0.065,0.017,0.075,0.078,0.054,0.057,0.026,0.023,0.074,0.071
6,A1_3,0.104,0.064,0.03,0.082,0.055,0.03,0.089,0.014,0.06,0.047,0.056,0.053,0.052,0.089,0.099,0.076
6,B1_1,0.117,0.055,0.147,0.098,0.08,0.051,0.059,0.021,0.055,0.048,0.055,0.047,0.016,0.025,0.063,0.064
6,B1_2,0.123,0.044,0.07,0.082,0.068,0.035,0.068,0.02,0.055,0.073,0.032,0.081,0.045,0.029,0.093,0.084
6,B1_3,0.167,0.045,0.171,0.047,0.06,0.033,0.046,0.021,0.077,0.058,0.034,0.067,0.023,0.018,0.071,0.062
6,A2_1,0.178,0.044,0.084,0.044,0.053,0.031,0.056,0.032,0.053,0.042,0.04,0.064,0.045,0.051,0.081,0.1
6,A2_2,0.119,0.062,0.048,0.078,0.084,0.023,0.05,0.024,0.08,0.034,0.081,0.053,0.019,0.073,0.04,0.132
6,A2_3,0.1,0.051,0.089,0.062,0.049,0.037,0.084,0.02,0.075,0.038,0.083,0.048,0.034,0.043,0.102,0.085
6,B2_1,0.129,0.052,0.123,0.096,0.054,0.049,0.074,0.029,0.046,0.043,0.044,0.065,0.021,0.034,0.1,0.042
6,B2_2,0.144,0.05,0.097,0.04,0.097,0.042,0.044,0.017,0.052,0.073,0.022,0.078,0.056,0.02,0.054,0.114
6,B2_3,0.133,0.1,0.061,0.073,0.069,0.026,0.043,0.027,0.096,0.038,0.081,0.026,0.022,0.098,0.044,0.064
6,y1,0.144,0.135,0.081,0.031,0.14,0.046,0.031,0.026,0.064,0.019,0.048,0.036,0.016,0.039,0.046,0.097
6,y2,0.082,0.027,0.108,0.079,0.085,0.066,0.081,0.016,0.082,0.055,0.065,0.052,0.033,0.017,0.046,0.107
6,y3,0.126,0.03,0.161,0.081,0.043,0.045,0.077,0.02,0.06,0.064,0.045,0.053,0.025,0.028,0.088,0.053
7,.,0.083,0.041,0.084,0.131,0.088,0.077,0.067,0.045,0.047,0.083,0.051,0.033,0.032,0.022,0.06,0.057
7,A1_1,0.119,0.05,0.097,0.074,0.087,0.041,0.069,0.011,0.077,0.076,0.047,0.06,0.028,0.021,0.059,0.084
7,A1_2,0.141,0.029,0.136,0.076,0.042,0.036,0.064,0.019,0.072,0.074,0.054,0.056,0.027,0.025,0.076,0.073
7,A1_3,0.114,0.067,0.027,0.078,0.056,0.029,0.084,0.015,0.056,0.043,0.056,0.05,0.052,0.098,0.098,0.078
7,B1_1,0.122,0.058,0.138,0.095,0.085,0.051,0.057,0.023,0.051,0.043,0.056,0.046,0.016,0.028,0.061,0.069
7,B1_2,0.127,0.044,0.065,0.082,0.069,0.034,0.069,0.021,0.05,0.066,0.033,0.081,0.045,0.032,0.093,0.09
7,B1_3,0.174,0.046,0.162,0.047,0.06,0.033,0.048,0.023,0.072,0.053,0.036,0.065,0.023,0.02,0.072,0.064
7,A2_1,0.189,0.045,0.077,0.043,0.053,0.03,0.056,0.034,0.05,0.038,0.042,0.061,0.045,0.056,0.08,0.102
7,A2_2,0.123,0.064,0.043,0.075,0.086,0.022,0.048,0.027,0.073,0.03,0.08,0.051,0.018,0.082,0.039,0.139
7,A2_3,0.103,0.052,0.084,0.06,0.051,0.039,0.083,0.023,0.071,0.035,0.087,0.045,0.034,0.046,0.099,0.09
7,B2_1,0.128,0.052,0.116,0.096,0.054,0.048,0.077,0.032,0.042,0.038,0.046,0.065,0.02,0.038,0.101,0.045
7,B2_2,0.156,0.052,0.091,0.038,0.098,0.041,0.043,0.018,0.048,0.065,0.023,0.073,0.057,0.022,0.054,0.12
7,B2_3,0.137,0.104,0.056,0.071,0.07,0.026,0.041,0.028,0.091,0.034,0.084,0.024,0.021,0.107,0.042,0.065
7,y1,0.143,0.137,0.077,0.03,0.144,0.047,0.031,0.028,0.059,0.017,0.048,0.035,0.016,0.04,0.045,0.102
7,y2,0.084,0.027,0.104,0.08,0.086,0.068,0.081,0.018,0.078,0.051,0.067,0.051,0.032,0.018,0.045,0.11
7,y3,0.13,0.03,0.157,0.079,0.043,0.045,0.08,0.022,0.055,0.061,0.045,0.052,0.026,0.03,0.091,0.055
8,.,0.086,0.041,0.082,0.13,0.087,0.077,0.066,0.046,0.046,0.082,0.051,0.032,0.032,0.023,0.061,0.057
8,A1_1,0.128,0.051,0.094,0.071,0.087,0.04,0.069,0.011,0.074,0.073,0.047,0.06,0.028,0.023,0.06,0.086
8,A1_2,0.152,0.029,0.129,0.074,0.042,0.036,0.063,0.02,0.069,0.071,0.055,0.056,0.028,0.027,0.076,0.075
8,A1_3,0.122,0.071,0.025,0.073,0.057,0.028,0.079,0.015,0.053,0.039,0.056,0.047,0.052,0.107,0.096,0.079
8,B1_1,0.125,0.061,0.131,0.093,0.09,0.052,0.056,0.025,0.049,0.04,0.057,0.045,0.015,0.029,0.059,0.073
8,B1_2,0.129,0.045,0.062,0.081,0.07,0.034,0.069,0.023,0.046,0.061,0.034,0.08,0.045,0.034,0.093,0.094
8,B1_3,0.181,0.046,0.155,0.047,0.06,0.034,0.049,0.025,0.067,0.05,0.038,0.064,0.023,0.022,0.073,0.067
8,A2_1,0.197,0.046,0.072,0.041,0.052,0.03,0.055,0.036,0.046,0.035,0.044,0.058,0.045,0.06,0.079,0.105
8,A2_2,0.127,0.065,0.04,0.072,0.087,0.021,0.046,0.029,0.067,0.027,0.08,0.05,0.018,0.089,0.038,0.145
8,A2_3,0.104,0.053,0.081,0.059,0.053,0.04,0.082,0.025,0.067,0.032,0.091,0.043,0.034,0.049,0.095,0.095
8,B2_1,0.127,0.053,0.112,0.097,0.054,0.048,0.079,0.035,0.038,0.035,0.049,0.064,0.02,0.041,0.101,0.047
8,B2_2,0.166,0.054,0.085,0.037,0.099,0.041,0.043,0.019,0.045,0.059,0.023,0.07,0.057,0.024,0.054,0.124
8,B2_3,0.14,0.108,0.052,0.069,0.071,0.025,0.039,0.029,0.087,0.031,0.086,0.022,0.02,0.115,0.04,0.066
8,y1,0.14,0.137,0.075,0.03,0.148,0.049,0.031,0.029,0.055,0.016,0.049,0.034,0.016,0.041,0.045,0.106
8,y2,0.085,0.027,0.101,0.081,0.087,0.069,0.082,0.019,0.074,0.048,0.068,0.051,0.031,0.019,0.044,0.112
8,y3,0.134,0.03,0.154,0.077,0.043,0.046,0.081,0.023,0.052,0.059,0.045,0.051,0.026,0.031,0.092,0.056
9,.,0.09,0.041,0.081,0.129,0.086,0.077,0.065,0.047,0.046,0.081,0.051,0.032,0.032,0.023,0.061,0.057
9,A1_1,0.135,0.051,0.09,0.07,0.086,0.04,0.068,0.011,0.071,0.071,0.047,0.059,0.028,0.024,0.06,0.088
9,A1_2,0.162,0.029,0.122,0.072,0.042,0.035,0.061,0.021,0.067,0.068,0.055,0.055,0.028,0.029,0.076,0.076
9,A1_3,0.13,0.073,0.023,0.07,0.057,0.028,0.075,0.016,0.05,0.036,0.055,0.045,0.052,0.115,0.095,0.08
9,B1_1,0.127,0.062,0.126,0.091,0.093,0.053,0.054,0.026,0.047,0.037,0.058,0.045,0.015,0.031,0.057,0.078
9,B1_2,0.131,0.045,0.059,0.082,0.07,0.034,0.07,0.025,0.043,0.057,0.034,0.079,0.045,0.036,0.093,0.099
9,B1_3,0.185,0.046,0.149,0.047,0.06,0.034,0.05,0.027,0.063,0.047,0.039,0.063,0.024,0.023,0.074,0.069
9,A2_1,0.202,0.046,0.068,0.039,0.051,0.03,0.055,0.039,0.044,0.032,0.046,0.055,0.044,0.064,0.078,0.107
9,A2_2,0.129,0.066,0.037,0.069,0.087,0.021,0.045,0.031,0.062,0.024,0.079,0.048,0.017,0.096,0.037,0.151
9,A2_3,0.103,0.053,0.079,0.058,0.054,0.041,0.081,0.027,0.064,0.029,0.094,0.041,0.033,0.051,0.091,0.1
9,B2_1,0.123,0.052,0.109,0.098,0.054,0.048,0.082,0.038,0.035,0.032,0.051,0.064,0.019,0.044,0.101,0.05
9,B2_2,0.175,0.055,0.08,0.036,0.098,0.04,0.042,0.019,0.042,0.054,0.024,0.066,0.058,0.026,0.054,0.128
9,B2_3,0.142,0.11,0.049,0.067,0.072,0.025,0.037,0.03,0.083,0.028,0.089,0.021,0.019,0.122,0.038,0.067
9,y1,0.135,0.137,0.073,0.029,0.151,0.051,0.031,0.03,0.052,0.015,0.049,0.033,0.016,0.042,0.045,0.11
9,y2,0.087,0.027,0.099,0.082,0.088,0.071,0.082,0.02,0.071,0.046,0.07,0.05,0.031,0.02,0.044,0.113
9,y3,0.137,0.029,0.152,0.075,0.042,0.046,0.083,0.024,0.049,0.057,0.045,0.05,0.026,0.032,0.094,0.058
10,.,0.093,0.041,0.079,0.128,0.085,0.077,0.064,0.048,0.045,0.081,0.051,0.032,0.032,0.024,0.062,0.057
10,A1_1,0.142,0.052,0.087,0.068,0.085,0.039,0.067,0.012,0.069,0.069,0.046,0.059,0.028,0.026,0.062,0.088
10,A1_2,0.172,0.03,0.116,0.071,0.041,0.035,0.06,0.022,0.065,0.066,0.055,0.054,0.028,0.031,0.077,0.077
10,A1_3,0.137,0.075,0.022,0.067,0.057,0.027,0.072,0.016,0.047,0.034,0.055,0.043,0.052,0.122,0.094,0.08
10,B1_1,0.129,0.063,0.122,0.088,0.096,0.053,0.052,0.028,0.045,0.035,0.058,0.044,0.015,0.032,0.056,0.082
10,B1_2,0.133,0.045,0.057,0.081,0.07,0.033,0.07,0.027,0.04,0.054,0.034,0.079,0.044,0.038,0.092,0.103
10,B1_3,0.187,0.047,0.144,0.047,0.059,0.034,0.051,0.03,0.059,0.044,0.041,0.062,0.024,0.025,0.075,0.072
10,A2_1,0.206,0.046,0.064,0.038,0.051,0.03,0.055,0.041,0.041,0.03,0.047,0.053,0.044,0.067,0.078,0.109
10,A2_2,0.131,0.067,0.035,0.067,0.087,0.02,0.044,0.033,0.057,0.022,0.077,0.047,0.017,0.102,0.037,0.155
10,A2_3,0.102,0.053,0.077,0.058,0.056,0.042,0.08,0.029,0.06,0.027,0.097,0.04,0.033,0.053,0.089,0.104
10,B2_1,0.12,0.051,0.106,0.098,0.054,0.048,0.085,0.042,0.032,0.03,0.053,0.064,0.018,0.046,0.101,0.052
10,B2_2,0.181,0.056,0.076,0.035,0.098,0.04,0.042,0.02,0.039,0.05,0.025,0.063,0.058,0.029,0.055,0.132
10,B2_3,0.144,0.111,0.047,0.066,0.073,0.025,0.036,0.031,0.079,0.026,0.09,0.02,0.018,0.129,0.037,0.068
10,y1,0.131,0.136,0.072,0.029,0.153,0.052,0.032,0.032,0.049,0.014,0.049,0.033,0.016,0.042,0.045,0.114
10,y2,0.088,0.027,0.096,0.083,0.088,0.071,0.082,0.021,0.069,0.045,0.071,0.05,0.03,0.021,0.044,0.115
10,y3,0.139,0.029,0.149,0.073,0.042,0.046,0.085,0.025,0.046,0.055,0.045,0.05,0.027,0.034,0.096,0.059
11,.,0.096,0.041,0.078,0.126,0.084,0.076,0.064,0.049,0.045,0.08,0.051,0.032,0.033,0.025,0.062,0.058
11,A1_1,0.149,0.052,0.084,0.066,0.084,0.039,0.067,0.012,0.068,0.067,0.046,0.059,0.029,0.027,0.062,0.09
11,A1_2,0.181,0.03,0.111,0.069,0.041,0.035,0.059,0.024,0.063,0.063,0.055,0.054,0.029,0.033,0.077,0.078
11,A1_3,0.143,0.077,0.021,0.064,0.058,0.026,0.069,0.017,0.045,0.032,0.054,0.041,0.051,0.128,0.093,0.081
11,B1_1,0.129,0.064,0.118,0.087,0.098,0.054,0.051,0.03,0.043,0.033,0.06,0.044,0.015,0.034,0.054,0.086
11,B1_2,0.132,0.045,0.056,0.08,0.071,0.033,0.07,0.029,0.037,0.051,0.034,0.079,0.044,0.04,0.092,0.108
11,B1_3,0.188,0.047,0.139,0.047,0.059,0.034,0.053,0.032,0.056,0.042,0.043,0.061,0.024,0.027,0.075,0.075
11,A2_1,0.207,0.046,0.061,0.037,0.05,0.03,0.055,0.043,0.039,0.027,0.049,0.051,0.044,0.071,0.078,0.112
11,A2_2,0.132,0.067,0.033,0.065,0.088,0.02,0.043,0.035,0.053,0.02,0.076,0.046,0.016,0.108,0.036,0.161
11,A2_3,0.1,0.053,0.076,0.057,0.058,0.043,0.079,0.032,0.057,0.025,0.099,0.038,0.032,0.055,0.086,0.11
11,B2_1,0.114,0.05,0.104,0.099,0.053,0.048,0.088,0.046,0.03,0.028,0.055,0.064,0.018,0.049,0.1,0.055
11,B2_2,0.185,0.058,0.073,0.034,0.098,0.039,0.043,0.021,0.037,0.046,0.025,0.061,0.059,0.031,0.055,0.136
11,B2_3,0.144,0.112,0.045,0.065,0.074,0.025,0.034,0.032,0.075,0.024,0.092,0.019,0.017,0.136,0.036,0.069
11,y1,0.125,0.135,0.071,0.029,0.155,0.054,0.033,0.034,0.046,0.014,0.05,0.032,0.016,0.043,0.045,0.118
11,y2,0.088,0.026,0.095,0.084,0.089,0.073,0.082,0.023,0.066,0.043,0.072,0.05,0.029,0.021,0.043,0.116
11,y3,0.141,0.029,0.148,0.071,0.042,0.046,0.086,0.026,0.044,0.053,0.045,0.049,0.027,0.034,0.098,0.06
12,.,0.099,0.041,0.077,0.125,0.083,0.076,0.063,0.05,0.045,0.08,0.05,0.032,0.033,0.025,0.063,0.058
12,A1_1,0.155,0.053,0.082,0.065,0.083,0.039,0.066,0.012,0.066,0.065,0.045,0.059,0.029,0.028,0.063,0.091
12,A1_2,0.19,0.031,0.106,0.067,0.04,0.034,0.057,0.025,0.061,0.062,0.055,0.053,0.029,0.035,0.077,0.079
12,A1_3,0.149,0.079,0.02,0.061,0.058,0.026,0.066,0.017,0.043,0.03,0.053,0.04,0.051,0.134,0.092,0.082
12,B1_1,0.13,0.065,0.115,0.085,0.1,0.055,0.05,0.032,0.042,0.031,0.06,0.044,0.015,0.035,0.053,0.089
12,B1_2,0.134,0.044,0.054,0.08,0.071,0.033,0.07,0.031,0.035,0.048,0.034,0.078,0.043,0.041,0.092,0.111
12,B1_3,0.191,0.047,0.134,0.047,0.059,0.034,0.054,0.033,0.054,0.041,0.044,0.06,0.024,0.028,0.075,0.077
12,A2_1,0.21,0.046,0.059,0.036,0.049,0.03,0.055,0.045,0.038,0.026,0.051,0.049,0.043,0.074,0.077,0.113
12,A2_2,0.134,0.068,0.032,0.063,0.088,0.02,0.041,0.037,0.051,0.019,0.075,0.045,0.016,0.113,0.036,0.163
12,A2_3,0.099,0.052,0.076,0.056,0.059,0.044,0.079,0.034,0.055,0.024,0.101,0.037,0.032,0.056,0.083,0.114
12,B2_1,0.113,0.05,0.102,0.099,0.053,0.047,0.089,0.049,0.028,0.026,0.057,0.064,0.017,0.051,0.1,0.056
12,B2_2,0.191,0.058,0.07,0.033,0.098,0.039,0.042,0.022,0.035,0.044,0.025,0.059,0.059,0.032,0.055,0.139
12,B2_3,0.146,0.113,0.043,0.063,0.074,0.025,0.033,0.033,0.072,0.023,0.093,0.018,0.017,0.141,0.035,0.07
12,y1,0.121,0.134,0.07,0.028,0.157,0.055,0.033,0.035,0.044,0.013,0.05,0.032,0.016,0.044,0.045,0.121
12,y2,0.089,0.026,0.093,0.085,0.089,0.074,0.082,0.024,0.064,0.042,0.072,0.049,0.029,0.022,0.043,0.117
12,y3,0.143,0.029,0.145,0.07,0.042,0.046,0.087,0.027,0.042,0.052,0.045,0.049,0.028,0.035,0.098,0.062
13,.,0.102,0.041,0.076,0.124,0.082,0.076,0.062,0.051,0.045,0.079,0.05,0.031,0.033,0.026,0.063,0.058
13,A1_1,0.16,0.053,0.08,0.063,0.081,0.038,0.066,0.013,0.064,0.064,0.045,0.059,0.029,0.03,0.064,0.091
13,A1_2,0.198,0.031,0.101,0.065,0.04,0.034,0.056,0.026,0.059,0.059,0.054,0.053,0.029,0.036,0.078,0.08
13,A1_3,0.155,0.08,0.019,0.058,0.058,0.025,0.063,0.017,0.041,0.029,0.052,0.038,0.051,0.139,0.091,0.082
13,B1_1,0.131,0.065,0.112,0.083,0.102,0.055,0.049,0.034,0.041,0.029,0.06,0.043,0.015,0.036,0.052,0.093
13,B1_2,0.135,0.044,0.054,0.078,0.071,0.032,0.07,0.033,0.033,0.046,0.034,0.078,0.043,0.042,0.092,0.115
13,B1_3,0.191,0.046,0.13,0.047,0.059,0.034,0.055,0.036,0.052,0.038,0.046,0.06,0.024,0.03,0.075,0.08
13,A2_1,0.209,0.046,0.057,0.035,0.049,0.03,0.056,0.047,0.036,0.024,0.053,0.047,0.043,0.076,0.077,0.115
13,A2_2,0.135,0.068,0.031,0.061,0.087,0.019,0.04,0.039,0.048,0.018,0.074,0.044,0.016,0.118,0.036,0.167
13,A2_3,0.097,0.052,0.075,0.055,0.06,0.044,0.078,0.037,0.052,0.023,0.102,0.036,0.032,0.057,0.081,0.119
13,B2_1,0.109,0.049,0.1,0.098,0.052,0.047,0.091,0.053,0.026,0.024,0.058,0.064,0.017,0.053,0.1,0.059
13,B2_2,0.194,0.058,0.068,0.032,0.097,0.038,0.043,0.022,0.033,0.041,0.026,0.057,0.059,0.034,0.055,0.143
13,B2_3,0.147,0.113,0.042,0.062,0.075,0.025,0.032,0.034,0.068,0.021,0.094,0.018,0.016,0.146,0.034,0.072
13,y1,0.117,0.133,0.069,0.028,0.158,0.056,0.034,0.037,0.042,0.012,0.05,0.032,0.016,0.045,0.045,0.124
13,y2,0.089,0.026,0.092,0.085,0.09,0.074,0.083,0.025,0.062,0.04,0.073,0.049,0.028,0.022,0.043,0.119
13,y3,0.144,0.028,0.143,0.068,0.041,0.046,0.089,0.028,0.04,0.051,0.045,0.048,0.028,0.036,0.1,0.063
14,.,0.105,0.041,0.075,0.124,0.081,0.076,0.062,0.051,0.045,0.08,0.05,0.031,0.033,0.026,0.063,0.057
14,A1_1,0.165,0.053,0.078,0.062,0.08,0.038,0.066,0.013,0.063,0.063,0.045,0.058,0.029,0.031,0.065,0.092
14,A1_2,0.206,0.031,0.097,0.064,0.039,0.034,0.055,0.027,0.058,0.058,0.054,0.052,0.029,0.038,0.078,0.08
14,A1_3,0.16,0.081,0.018,0.056,0.057,0.025,0.061,0.018,0.04,0.027,0.052,0.037,0.051,0.143,0.09,0.083
14,B1_1,0.131,0.065,0.109,0.082,0.103,0.055,0.048,0.035,0.04,0.028,0.061,0.043,0.015,0.037,0.051,0.096
14,B1_2,0.136,0.044,0.053,0.078,0.071,0.032,0.07,0.034,0.032,0.044,0.034,0.077,0.042,0.043,0.092,0.118
14,B1_3,0.191,0.046,0.126,0.047,0.058,0.034,0.056,0.037,0.05,0.037,0.047,0.059,0.024,0.031,0.075,0.082
14,A2_1,0.209,0.045,0.055,0.035,0.048,0.031,0.056,0.049,0.034,0.023,0.054,0.046,0.043,0.079,0.077,0.116
14,A2_2,0.137,0.067,0.029,0.06,0.087,0.019,0.04,0.041,0.045,0.017,0.073,0.043,0.016,0.122,0.036,0.168
14,A2_3,0.096,0.052,0.074,0.055,0.061,0.045,0.078,0.038,0.051,0.022,0.103,0.036,0.031,0.058,0.08,0.122
14,B2_1,0.107,0.048,0.098,0.098,0.052,0.047,0.092,0.055,0.025,0.023,0.06,0.064,0.017,0.054,0.1,0.06
14,B2_2,0.197,0.058,0.066,0.032,0.096,0.038,0.043,0.023,0.032,0.039,0.026,0.055,0.059,0.036,0.055,0.144
14,B2_3,0.148,0.112,0.04,0.061,0.075,0.025,0.032,0.035,0.066,0.02,0.095,0.017,0.016,0.151,0.034,0.073
14,y1,0.114,0.131,0.069,0.028,0.158,0.057,0.035,0.039,0.04,0.012,0.051,0.032,0.016,0.046,0.046,0.127
14,y2,0.09,0.026,0.09,0.085,0.09,0.075,0.082,0.026,0.06,0.039,0.074,0.049,0.028,0.023,0.043,0.12
14,y3,0.145,0.028,0.141,0.067,0.041,0.046,0.089,0.029,0.039,0.05,0.046,0.048,0.028,0.037,0.1,0.064
15,.,0.107,0.041,0.074,0.123,0.08,0.076,0.061,0.052,0.045,0.08,0.05,0.031,0.033,0.026,0.064,0.057
15,A1_1,0.17,0.053,0.076,0.061,0.078,0.037,0.065,0.013,0.062,0.062,0.044,0.059,0.029,0.032,0.067,0.092
15,A1_2,0.213,0.031,0.093,0.063,0.038,0.033,0.054,0.028,0.057,0.057,0.054,0.052,0.03,0.039,0.079,0.08
15,A1_3,0.165,0.082,0.018,0.055,0.057,0.025,0.06,0.018,0.038,0.026,0.051,0.036,0.05,0.147,0.09,0.083
15,B1_1,0.131,0.065,0.106,0.081,0.103,0.056,0.048,0.037,0.039,0.028,0.062,0.043,0.015,0.038,0.05,0.098
15,B1_2,0.138,0.044,0.052,0.077,0.071,0.032,0.07,0.036,0.031,0.042,0.034,0.076,0.042,0.044,0.093,0.119
15,B1_3,0.194,0.046,0.122,0.047,0.058,0.034,0.056,0.039,0.048,0.036,0.048,0.059,0.024,0.032,0.076,0.083
15,A2_1,0.211,0.045,0.053,0.034,0.047,0.031,0.056,0.05,0.033,0.022,0.055,0.045,0.043,0.081,0.077,0.117
15,A2_2,0.139,0.067,0.028,0.058,0.086,0.019,0.039,0.042,0.043,0.016,0.072,0.042,0.016,0.126,0.036,0.17
15,A2_3,0.095,0.051,0.073,0.055,0.061,0.045,0.077,0.04,0.049,0.021,0.104,0.035,0.031,0.058,0.079,0.125
15,B2_1,0.106,0.047,0.097,0.097,0.051,0.047,0.093,0.058,0.024,0.023,0.06,0.064,0.016,0.055,0.1,0.061
15,B2_2,0.202,0.058,0.064,0.031,0.095,0.037,0.042,0.024,0.031,0.037,0.027,0.054,0.059,0.037,0.056,0.145
15,B2_3,0.15,0.112,0.039,0.059,0.075,0.025,0.031,0.036,0.063,0.019,0.095,0.017,0.016,0.156,0.033,0.074
15,y1,0.112,0.13,0.068,0.028,0.159,0.058,0.035,0.04,0.039,0.012,0.051,0.032,0.016,0.047,0.046,0.128
15,y2,0.091,0.026,0.09,0.085,0.09,0.075,0.083,0.027,0.058,0.038,0.074,0.049,0.028,0.023,0.043,0.121
15,y3,0.147,0.028,0.139,0.066,0.041,0.046,0.089,0.03,0.038,0.049,0.045,0.048,0.029,0.038,0.102,0.065
16,.,0.109,0.041,0.073,0.123,0.079,0.075,0.06,0.053,0.045,0.08,0.05,0.031,0.033,0.027,0.064,0.057
16,A1_1,0.173,0.053,0.073,0.06,0.077,0.037,0.065,0.013,0.061,0.061,0.044,0.059,0.03,0.033,0.068,0.092
16,A1_2,0.22,0.032,0.089,0.062,0.038,0.033,0.053,0.029,0.055,0.055,0.053,0.051,0.03,0.041,0.08,0.08
16,A1_3,0.168,0.082,0.017,0.053,0.057,0.024,0.058,0.018,0.037,0.025,0.051,0.035,0.051,0.151,0.09,0.082
16,B1_1,0.131,0.065,0.103,0.08,0.104,0.056,0.048,0.039,0.038,0.027,0.062,0.043,0.015,0.039,0.051,0.1
16,B1_2,0.138,0.043,0.051,0.076,0.071,0.032,0.069,0.038,0.03,0.041,0.034,0.076,0.042,0.045,0.093,0.121
16,B1_3,0.194,0.046,0.117,0.047,0.058,0.033,0.057,0.041,0.046,0.035,0.048,0.059,0.024,0.034,0.076,0.085
16,A2_1,0.21,0.045,0.051,0.033,0.047,0.031,0.056,0.052,0.032,0.021,0.057,0.044,0.043,0.084,0.077,0.118
16,A2_2,0.14,0.066,0.027,0.057,0.085,0.018,0.039,0.044,0.041,0.015,0.071,0.042,0.016,0.13,0.036,0.171
16,A2_3,0.093,0.051,0.072,0.054,0.062,0.046,0.077,0.042,0.047,0.021,0.105,0.035,0.031,0.059,0.079,0.127
16,B2_1,0.105,0.046,0.095,0.096,0.051,0.047,0.094,0.061,0.023,0.022,0.061,0.064,0.016,0.056,0.1,0.063
16,B2_2,0.205,0.058,0.062,0.031,0.094,0.037,0.043,0.024,0.03,0.036,0.027,0.053,0.059,0.039,0.056,0.147
16,B2_3,0.152,0.111,0.038,0.058,0.074,0.024,0.03,0.037,0.059,0.018,0.095,0.017,0.015,0.162,0.034,0.076
16,y1,0.109,0.129,0.066,0.028,0.158,0.058,0.035,0.041,0.038,0.011,0.052,0.032,0.016,0.048,0.046,0.131
16,y2,0.09,0.025,0.088,0.086,0.09,0.076,0.083,0.028,0.057,0.038,0.074,0.049,0.028,0.023,0.043,0.122
16,y3,0.148,0.028,0.136,0.065,0.041,0.046,0.09,0.031,0.037,0.049,0.045,0.047,0.029,0.039,0.102,0.066
17,.,0.111,0.041,0.073,0.122,0.078,0.075,0.06,0.053,0.045,0.079,0.049,0.031,0.033,0.027,0.065,0.057
17,A1_1,0.176,0.053,0.072,0.059,0.076,0.037,0.065,0.014,0.06,0.06,0.043,0.059,0.03,0.034,0.069,0.093
17,A1_2,0.224,0.032,0.086,0.061,0.037,0.033,0.052,0.03,0.054,0.054,0.053,0.051,0.03,0.043,0.08,0.08
17,A1_3,0.172,0.083,0.016,0.051,0.057,0.024,0.057,0.019,0.035,0.024,0.05,0.034,0.05,0.154,0.09,0.083
17,B1_1,0.13,0.065,0.101,0.079,0.105,0.057,0.047,0.041,0.037,0.025,0.063,0.042,0.015,0.04,0.049,0.103
17,B1_2,0.137,0.043,0.052,0.076,0.071,0.032,0.069,0.04,0.028,0.039,0.033,0.075,0.041,0.045,0.092,0.125
17,B1_3,0.19,0.045,0.115,0.047,0.057,0.033,0.059,0.043,0.044,0.034,0.05,0.058,0.023,0.036,0.077,0.088
17,A2_1,0.205,0.045,0.049,0.033,0.046,0.031,0.057,0.054,0.031,0.02,0.059,0.042,0.043,0.087,0.077,0.12
17,A2_2,0.141,0.067,0.026,0.056,0.085,0.018,0.038,0.046,0.039,0.014,0.07,0.041,0.015,0.133,0.036,0.173
17,A2_3,0.09,0.05,0.072,0.054,0.063,0.046,0.077,0.045,0.045,0.02,0.105,0.034,0.031,0.059,0.076,0.133
17,B2_1,0.1,0.045,0.095,0.096,0.05,0.047,0.096,0.065,0.022,0.021,0.062,0.063,0.016,0.057,0.1,0.065
17,B2_2,0.206,0.058,0.061,0.03,0.093,0.037,0.043,0.025,0.029,0.034,0.028,0.052,0.059,0.04,0.056,0.15
17,B2_3,0.152,0.111,0.036,0.057,0.075,0.024,0.03,0.038,0.056,0.017,0.095,0.016,0.015,0.166,0.033,0.077
17,y1,0.105,0.127,0.066,0.028,0.159,0.059,0.036,0.043,0.036,0.011,0.052,0.032,0.016,0.049,0.047,0.133
17,y2,0.09,0.025,0.088,0.086,0.089,0.077,0.083,0.029,0.055,0.037,0.074,0.049,0.028,0.023,0.043,0.123
17,y3,0.146,0.027,0.136,0.064,0.04,0.046,0.091,0.032,0.036,0.047,0.046,0.047,0.029,0.04,0.103,0.067
18,.,0.114,0.041,0.072,0.121,0.077,0.075,0.059,0.054,0.045,0.08,0.049,0.031,0.033,0.028,0.065,0.057
18,A1_1,0.179,0.053,0.071,0.058,0.075,0.036,0.065,0.014,0.059,0.059,0.043,0.059,0.03,0.036,0.07,0.093
18,A1_2,0.23,0.032,0.083,0.06,0.037,0.033,0.051,0.031,0.053,0.052,0.053,0.051,0.03,0.044,0.08,0.081
18,A1_3,0.175,0.083,0.016,0.05,0.057,0.023,0.055,0.019,0.034,0.023,0.05,0.033,0.05,0.158,0.089,0.084
18,B1_1,0.13,0.065,0.099,0.078,0.106,0.057,0.046,0.043,0.037,0.025,0.064,0.042,0.015,0.041,0.049,0.105
18,B1_2,0.139,0.042,0.052,0.075,0.071,0.032,0.069,0.041,0.027,0.038,0.033,0.075,0.041,0.046,0.093,0.127
18,B1_3,0.191,0.045,0.113,0.047,0.057,0.033,0.059,0.044,0.043,0.033,0.051,0.058,0.023,0.037,0.077,0.089
18,A2_1,0.205,0.045,0.048,0.032,0.046,0.031,0.057,0.056,0.03,0.019,0.06,0.042,0.043,0.088,0.077,0.121
18,A2_2,0.143,0.066,0.026,0.055,0.084,0.018,0.037,0.048,0.038,0.014,0.069,0.041,0.015,0.136,0.036,0.175
18,A2_3,0.089,0.049,0.072,0.053,0.063,0.046,0.077,0.047,0.044,0.019,0.106,0.034,0.03,0.059,0.076,0.135
18,B2_1,0.1,0.044,0.094,0.094,0.05,0.046,0.096,0.068,0.021,0.02,0.063,0.063,0.016,0.058,0.099,0.066
18,B2_2,0.209,0.057,0.06,0.03,0.092,0.036,0.043,0.026,0.028,0.033,0.028,0.05,0.059,0.042,0.056,0.151
18,B2_3,0.153,0.111,0.036,0.055,0.075,0.024,0.029,0.039,0.054,0.016,0.095,0.016,0.015,0.17,0.033,0.079
18,y1,0.103,0.125,0.066,0.028,0.159,0.059,0.036,0.045,0.035,0.011,0.053,0.032,0.016,0.05,0.047,0.135
18,y2,0.091,0.025,0.088,0.085,0.089,0.077,0.083,0.03,0.054,0.036,0.074,0.049,0.028,0.023,0.043,0.125
18,y3,0.148,0.027,0.135,0.063,0.04,0.046,0.091,0.034,0.035,0.047,0.046,0.046,0.03,0.041,0.103,0.069
19,.,0.115,0.04,0.072,0.121,0.076,0.075,0.058,0.055,0.045,0.08,0.049,0.031,0.034,0.028,0.065,0.057
19,A1_1,0.182,0.053,0.07,0.057,0.073,0.036,0.065,0.014,0.058,0.059,0.043,0.059,0.03,0.037,0.072,0.094
19,A1_2,0.235,0.032,0.08,0.058,0.036,0.032,0.051,0.032,0.052,0.052,0.052,0.05,0.031,0.045,0.081,0.081
19,A1_3,0.178,0.083,0.016,0.048,0.057,0.023,0.054,0.019,0.033,0.023,0.049,0.033,0.05,0.16,0.089,0.085
19,B1_1,0.129,0.064,0.098,0.077,0.106,0.058,0.046,0.045,0.036,0.024,0.065,0.042,0.016,0.041,0.048,0.108
19,B1_2,0.139,0.042,0.052,0.073,0.071,0.032,0.069,0.043,0.026,0.037,0.033,0.074,0.041,0.046,0.092,0.13
19,B1_3,0.19,0.044,0.111,0.047,0.057,0.033,0.06,0.046,0.042,0.032,0.052,0.057,0.023,0.038,0.077,0.092
19,A2_1,0.201,0.044,0.047,0.032,0.045,0.031,0.058,0.058,0.029,0.019,0.062,0.041,0.043,0.09,0.077,0.123
19,A2_2,0.144,0.065,0.025,0.054,0.083,0.018,0.037,0.05,0.036,0.013,0.069,0.04,0.015,0.138,0.036,0.176
19,A2_3,0.088,0.048,0.072,0.053,0.064,0.047,0.077,0.048,0.043,0.019,0.106,0.034,0.03,0.059,0.075,0.139
19,B2_1,0.099,0.043,0.094,0.094,0.049,0.046,0.096,0.071,0.02,0.02,0.063,0.063,0.016,0.059,0.099,0.068
19,B2_2,0.21,0.057,0.059,0.029,0.092,0.036,0.043,0.027,0.027,0.032,0.028,0.05,0.059,0.043,0.056,0.153
19,B2_3,0.155,0.109,0.035,0.054,0.074,0.024,0.029,0.041,0.052,0.016,0.094,0.016,0.015,0.173,0.033,0.08
19,y1,0.1,0.124,0.066,0.028,0.158,0.06,0.037,0.046,0.034,0.011,0.053,0.032,0.016,0.051,0.047,0.137
19,y2,0.091,0.025,0.087,0.084,0.089,0.077,0.083,0.031,0.052,0.035,0.074,0.05,0.028,0.024,0.043,0.127
19,y3,0.147,0.027,0.135,0.062,0.04,0.047,0.091,0.035,0.034,0.046,0.046,0.046,0.03,0.041,0.103,0.07
20,.,0.117,0.04,0.071,0.12,0.075,0.075,0.058,0.055,0.045,0.08,0.048,0.031,0.034,0.028,0.065,0.056
20,A1_1,0.184,0.053,0.068,0.057,0.072,0.036,0.065,0.014,0.057,0.058,0.042,0.059,0.03,0.038,0.073,0.095
20,A1_2,0.24,0.032,0.077,0.058,0.036,0.032,0.05,0.033,0.051,0.051,0.052,0.05,0.031,0.047,0.08,0.081
20,A1_3,0.182,0.083,0.015,0.047,0.056,0.023,0.053,0.019,0.032,0.022,0.048,0.032,0.05,0.163,0.088,0.085
20,B1_1,0.13,0.064,0.096,0.076,0.106,0.058,0.045,0.046,0.036,0.024,0.065,0.041,0.016,0.042,0.048,0.109
20,B1_2,0.141,0.041,0.052,0.072,0.071,0.032,0.068,0.044,0.026,0.036,0.033,0.074,0.041,0.046,0.092,0.131
20,B1_3,0.191,0.044,0.108,0.047,0.056,0.033,0.06,0.048,0.041,0.031,0.052,0.057,0.024,0.04,0.077,0.093
20,A2_1,0.201,0.044,0.046,0.031,0.045,0.031,0.058,0.059,0.028,0.018,0.062,0.04,0.043,0.092,0.077,0.124
20,A2_2,0.148,0.065,0.025,0.053,0.083,0.018,0.036,0.051,0.036,0.013,0.067,0.04,0.015,0.14,0.036,0.176
20,A2_3,0.088,0.048,0.071,0.052,0.064,0.047,0.076,0.05,0.042,0.019,0.105,0.034,0.031,0.059,0.075,0.14
20,B2_1,0.1,0.043,0.092,0.092,0.049,0.046,0.096,0.073,0.02,0.019,0.063,0.063,0.016,0.06,0.099,0.069
20,B2_2,0.215,0.057,0.058,0.029,0.09,0.036,0.042,0.027,0.026,0.031,0.028,0.049,0.059,0.044,0.056,0.154
20,B2_3,0.157,0.108,0.034,0.053,0.074,0.024,0.028,0.042,0.051,0.015,0.093,0.016,0.015,0.177,0.033,0.081
20,y1,0.099,0.122,0.065,0.028,0.158,0.06,0.037,0.047,0.034,0.01,0.053,0.032,0.016,0.051,0.047,0.139
20,y2,0.093,0.024,0.086,0.084,0.088,0.078,0.082,0.032,0.052,0.035,0.074,0.05,0.028,0.024,0.044,0.127
20,y3,0.149,0.027,0.133,0.061,0.04,0.047,0.09,0.036,0.034,0.046,0.045,0.046,0.03,0.042,0.103,0.071
21,.,0.119,0.04,0.071,0.12,0.074,0.075,0.057,0.056,0.045,0.081,0.048,0.03,0.034,0.029,0.066,0.056
21,A1_1,0.185,0.053,0.068,0.056,0.071,0.035,0.065,0.015,0.055,0.058,0.042,0.059,0.03,0.039,0.074,0.095
21,A1_2,0.245,0.032,0.075,0.057,0.035,0.032,0.049,0.034,0.049,0.05,0.052,0.049,0.031,0.048,0.081,0.081
21,A1_3,0.185,0.083,0.015,0.046,0.056,0.023,0.052,0.02,0.031,0.021,0.048,0.032,0.05,0.164,0.088,0.085
21,B1_1,0.13,0.063,0.095,0.074,0.106,0.059,0.044,0.048,0.035,0.023,0.065,0.041,0.016,0.042,0.048,0.11
21,B1_2,0.142,0.041,0.052,0.071,0.071,0.032,0.067,0.046,0.025,0.035,0.033,0.073,0.04,0.046,0.092,0.134
21,B1_3,0.189,0.044,0.106,0.047,0.056,0.033,0.061,0.05,0.039,0.031,0.054,0.056,0.023,0.041,0.077,0.095
21,A2_1,0.198,0.043,0.045,0.031,0.044,0.032,0.058,0.061,0.027,0.018,0.064,0.039,0.043,0.093,0.077,0.125
21,A2_2,0.151,0.064,0.024,0.052,0.083,0.018,0.036,0.053,0.035,0.013,0.066,0.039,0.015,0.14,0.036,0.176
21,A2_3,0.087,0.047,0.072,0.052,0.064,0.047,0.075,0.052,0.041,0.018,0.105,0.034,0.03,0.059,0.074,0.143
21,B2_1,0.099,0.042,0.092,0.091,0.048,0.046,0.096,0.076,0.019,0.019,0.064,0.063,0.016,0.06,0.099,0.07
21,B2_2,0.217,0.056,0.057,0.028,0.089,0.035,0.042,0.028,0.026,0.03,0.028,0.048,0.059,0.045,0.056,0.155
21,B2_3,0.16,0.108,0.033,0.053,0.074,0.024,0.027,0.043,0.049,0.015,0.092,0.016,0.014,0.179,0.033,0.081
21,y1,0.098,0.12,0.065,0.028,0.158,0.06,0.037,0.049,0.033,0.01,0.054,0.032,0.016,0.051,0.048,0.141
21,y2,0.094,0.024,0.085,0.083,0.088,0.077,0.082,0.033,0.05,0.034,0.074,0.05,0.028,0.024,0.044,0.129
21,y3,0.149,0.027,0.131,0.061,0.04,0.047,0.09,0.037,0.033,0.045,0.046,0.045,0.03,0.043,0.103,0.072
22,.,0.121,0.04,0.07,0.119,0.073,0.074,0.057,0.057,0.045,0.08,0.048,0.03,0.034,0.029,0.066,0.056
22,A1_1,0.187,0.053,0.066,0.055,0.07,0.035,0.065,0.015,0.055,0.057,0.042,0.059,0.031,0.04,0.076,0.096
22,A1_2,0.249,0.032,0.072,0.056,0.035,0.032,0.048,0.034,0.049,0.048,0.052,0.049,0.032,0.05,0.081,0.082
22,A1_3,0.19,0.083,0.015,0.045,0.056,0.022,0.051,0.02,0.03,0.021,0.047,0.031,0.05,0.166,0.087,0.086
22,B1_1,0.13,0.062,0.095,0.073,0.106,0.059,0.043,0.051,0.035,0.022,0.065,0.041,0.016,0.043,0.047,0.112
22,B1_2,0.144,0.04,0.052,0.07,0.071,0.031,0.067,0.048,0.024,0.034,0.032,0.073,0.04,0.047,0.091,0.136
22,B1_3,0.188,0.043,0.102,0.046,0.055,0.033,0.061,0.051,0.039,0.029,0.055,0.056,0.023,0.043,0.077,0.097
22,A2_1,0.196,0.043,0.044,0.03,0.044,0.032,0.058,0.063,0.027,0.017,0.065,0.038,0.043,0.094,0.077,0.126
22,A2_2,0.154,0.063,0.024,0.051,0.082,0.018,0.035,0.055,0.034,0.012,0.065,0.039,0.015,0.14,0.036,0.177
22,A2_3,0.087,0.046,0.072,0.051,0.064,0.047,0.075,0.054,0.04,0.018,0.104,0.034,0.03,0.059,0.074,0.145
22,B2_1,0.1,0.041,0.09,0.089,0.048,0.045,0.095,0.079,0.019,0.018,0.065,0.062,0.016,0.062,0.1,0.071
22,B2_2,0.22,0.056,0.055,0.028,0.089,0.035,0.041,0.029,0.025,0.029,0.028,0.047,0.059,0.046,0.055,0.157
22,B2_3,0.161,0.106,0.033,0.052,0.074,0.024,0.027,0.045,0.048,0.014,0.092,0.015,0.014,0.18,0.032,0.082
22,y1,0.096,0.118,0.066,0.028,0.157,0.06,0.038,0.051,0.032,0.01,0.054,0.032,0.016,0.052,0.048,0.142
22,y2,0.095,0.024,0.084,0.082,0.088,0.077,0.082,0.034,0.049,0.034,0.074,0.05,0.028,0.025,0.044,0.13
22,y3,0.149,0.027,0.129,0.059,0.04,0.047,0.09,0.039,0.033,0.044,0.046,0.045,0.031,0.045,0.103,0.074
23,.,0.122,0.04,0.07,0.119,0.072,0.074,0.056,0.058,0.045,0.081,0.048,0.03,0.034,0.029,0.066,0.056
23,A1_1,0.188,0.053,0.065,0.054,0.069,0.035,0.064,0.015,0.054,0.057,0.042,0.059,0.031,0.041,0.077,0.096
23,A1_2,0.254,0.032,0.069,0.055,0.034,0.032,0.047,0.035,0.048,0.048,0.051,0.049,0.032,0.051,0.081,0.081
23,A1_3,0.193,0.083,0.014,0.044,0.056,0.022,0.05,0.02,0.03,0.02,0.047,0.031,0.051,0.168,0.086,0.086
23,B1_1,0.131,0.062,0.093,0.072,0.107,0.06,0.043,0.052,0.034,0.022,0.065,0.04,0.016,0.043,0.047,0.113
23,B1_2,0.146,0.04,0.053,0.068,0.07,0.031,0.066,0.05,0.024,0.034,0.032,0.073,0.04,0.047,0.091,0.137
23,B1_3,0.189,0.043,0.099,0.046,0.055,0.032,0.061,0.052,0.038,0.029,0.055,0.056,0.023,0.045,0.077,0.099
23,A2_1,0.195,0.043,0.044,0.03,0.044,0.032,0.058,0.065,0.026,0.016,0.066,0.038,0.043,0.096,0.076,0.127
23,A2_2,0.158,0.062,0.024,0.05,0.081,0.018,0.034,0.056,0.033,0.012,0.064,0.039,0.015,0.141,0.036,0.177
23,A2_3,0.087,0.045,0.072,0.05,0.064,0.047,0.074,0.056,0.04,0.018,0.103,0.034,0.03,0.059,0.073,0.147
23,B2_1,0.101,0.041,0.089,0.087,0.048,0.045,0.094,0.081,0.019,0.018,0.065,0.062,0.016,0.063,0.099,0.073
23,B2_2,0.222,0.056,0.054,0.027,0.088,0.035,0.041,0.03,0.025,0.028,0.028,0.046,0.059,0.047,0.055,0.158
23,B2_3,0.163,0.105,0.032,0.051,0.074,0.024,0.026,0.045,0.047,0.014,0.091,0.015,0.014,0.183,0.032,0.083
23,y1,0.095,0.116,0.066,0.028,0.156,0.061,0.038,0.052,0.032,0.01,0.054,0.032,0.016,0.052,0.048,0.144
23,y2,0.096,0.024,0.085,0.081,0.087,0.077,0.081,0.035,0.049,0.034,0.074,0.05,0.028,0.025,0.044,0.131
23,y3,0.15,0.027,0.128,0.058,0.04,0.046,0.089,0.04,0.033,0.044,0.046,0.045,0.031,0.046,0.103,0.075
24,.,0.124,0.04,0.07,0.118,0.072,0.074,0.055,0.058,0.045,0.081,0.047,0.03,0.034,0.03,0.067,0.055
24,A1_1,0.188,0.053,0.064,0.054,0.068,0.034,0.064,0.016,0.054,0.056,0.041,0.059,0.031,0.043,0.078,0.097
24,A1_2,0.258,0.032,0.067,0.054,0.034,0.032,0.047,0.036,0.048,0.047,0.051,0.048,0.032,0.052,0.082,0.081
24,A1_3,0.197,0.082,0.014,0.042,0.055,0.022,0.049,0.02,0.029,0.02,0.046,0.031,0.051,0.168,0.087,0.086
24,B1_1,0.133,0.061,0.093,0.071,0.107,0.06,0.042,0.054,0.034,0.022,0.064,0.04,0.016,0.043,0.046,0.114
24,B1_2,0.149,0.039,0.053,0.067,0.07,0.031,0.065,0.051,0.024,0.033,0.031,0.072,0.04,0.046,0.091,0.138
24,B1_3,0.19,0.043,0.098,0.045,0.054,0.032,0.061,0.054,0.037,0.028,0.055,0.055,0.023,0.046,0.078,0.1
24,A2_1,0.194,0.042,0.043,0.029,0.044,0.033,0.058,0.066,0.026,0.016,0.066,0.037,0.044,0.097,0.077,0.127
24,A2_2,0.163,0.061,0.024,0.049,0.081,0.018,0.034,0.057,0.033,0.012,0.063,0.038,0.015,0.141,0.036,0.175
24,A2_3,0.088,0.045,0.073,0.05,0.064,0.047,0.073,0.057,0.04,0.018,0.102,0.034,0.03,0.059,0.073,0.149
