,,.,A1_1,A1_2,A1_3,B1_1,B1_2,B1_3,A2_1,A2_2,A2_3,B2_1,B2_2,B2_3,y1,y2,y3
1,.,1.0,0.887,0.874,0.839,0.919,0.803,0.792,0.813,0.807,0.82,0.76,0.856,0.812,0.879,0.87,0.821
1,A1_1,0.887,1.0,0.802,0.784,0.831,0.707,0.879,0.702,0.697,0.699,0.64,0.797,0.691,0.8,0.822,0.778
1,A1_2,0.874,0.802,1.0,0.726,0.797,0.761,0.782,0.701,0.793,0.701,0.746,0.834,0.74,0.751,0.878,0.886
1,A1_3,0.839,0.784,0.726,1.0,0.824,0.817,0.694,0.843,0.691,0.809,0.778,0.852,0.761,0.819,0.796,0.813
1,B1_1,0.919,0.831,0.797,0.824,1.0,0.78,0.768,0.774,0.847,0.833,0.721,0.918,0.915,0.858,0.867,0.852
1,B1_2,0.803,0.707,0.761,0.817,0.78,1.0,0.538,0.763,0.662,0.737,0.797,0.789,0.758,0.782,0.797,0.82
1,B1_3,0.792,0.879,0.782,0.694,0.768,0.538,1.0,0.568,0.749,0.623,0.651,0.78,0.716,0.714,0.779,0.761
1,A2_1,0.813,0.702,0.701,0.843,0.774,0.763,0.568,1.0,0.622,0.796,0.587,0.809,0.742,0.756,0.765,0.771
1,A2_2,0.807,0.697,0.793,0.691,0.847,0.662,0.749,0.622,1.0,0.749,0.76,0.851,0.861,0.78,0.828,0.856
1,A2_3,0.82,0.699,0.701,0.809,0.833,0.737,0.623,0.796,0.749,1.0,0.764,0.89,0.804,0.787,0.813,0.743
1,B2_1,0.76,0.64,0.746,0.778,0.721,0.797,0.651,0.587,0.76,0.764,1.0,0.748,0.763,0.729,0.788,0.746
1,B2_2,0.856,0.797,0.834,0.852,0.918,0.789,0.78,0.809,0.851,0.89,0.748,1.0,0.892,0.862,0.881,0.931
1,B2_3,0.812,0.691,0.74,0.761,0.915,0.758,0.716,0.742,0.861,0.804,0.763,0.892,1.0,0.8,0.863,0.835
1,y1,0.879,0.8,0.751,0.819,0.858,0.782,0.714,0.756,0.78,0.787,0.729,0.862,0.8,1.0,0.717,0.787
1,y2,0.87,0.822,0.878,0.796,0.867,0.797,0.779,0.765,0.828,0.813,0.788,0.881,0.863,0.717,1.0,0.878
1,y3,0.821,0.778,0.886,0.813,0.852,0.82,0.761,0.771,0.856,0.743,0.746,0.931,0.835,0.787,0.878,1.0
2,.,1.0,0.887,0.877,0.844,0.922,0.81,0.798,0.818,0.814,0.827,0.769,0.861,0.819,0.883,0.874,0.826
2,A1_1,0.887,1.0,0.807,0.788,0.833,0.714,0.881,0.708,0.705,0.706,0.647,0.801,0.697,0.803,0.826,0.784
2,A1_2,0.877,0.807,1.0,0.735,0.805,0.771,0.79,0.71,0.801,0.713,0.756,0.841,0.751,0.759,0.883,0.89
2,A1_3,0.844,0.788,0.735,1.0,0.829,0.824,0.704,0.849,0.701,0.816,0.786,0.857,0.77,0.825,0.804,0.818
2,B1_1,0.922,0.833,0.805,0.829,1.0,0.79,0.778,0.781,0.854,0.84,0.736,0.922,0.919,0.861,0.875,0.857
2,B1_2,0.81,0.714,0.771,0.824,0.79,1.0,0.556,0.77,0.676,0.749,0.808,0.799,0.769,0.789,0.806,0.827
2,B1_3,0.798,0.881,0.79,0.704,0.778,0.556,1.0,0.581,0.76,0.637,0.664,0.789,0.728,0.722,0.789,0.771
2,A2_1,0.818,0.708,0.71,0.849,0.781,0.77,0.581,1.0,0.635,0.804,0.603,0.816,0.75,0.764,0.773,0.778
2,A2_2,0.814,0.705,0.801,0.701,0.854,0.676,0.76,0.635,1.0,0.759,0.768,0.857,0.867,0.787,0.835,0.861
2,A2_3,0.827,0.706,0.713,0.816,0.84,0.749,0.637,0.804,0.759,1.0,0.776,0.895,0.813,0.794,0.821,0.753
2,B2_1,0.769,0.647,0.756,0.786,0.736,0.808,0.664,0.603,0.768,0.776,1.0,0.761,0.776,0.738,0.798,0.756
2,B2_2,0.861,0.801,0.841,0.857,0.922,0.799,0.789,0.816,0.857,0.895,0.761,1.0,0.897,0.867,0.887,0.934
2,B2_3,0.819,0.697,0.751,0.77,0.919,0.769,0.728,0.75,0.867,0.813,0.776,0.897,1.0,0.805,0.87,0.842
2,y1,0.883,0.803,0.759,0.825,0.861,0.789,0.722,0.764,0.787,0.794,0.738,0.867,0.805,1.0,0.728,0.794
2,y2,0.874,0.826,0.883,0.804,0.875,0.806,0.789,0.773,0.835,0.821,0.798,0.887,0.87,0.728,1.0,0.883
2,y3,0.826,0.784,0.89,0.818,0.857,0.827,0.771,0.778,0.861,0.753,0.756,0.934,0.842,0.794,0.883,1.0
3,.,1.0,0.888,0.88,0.849,0.926,0.816,0.805,0.822,0.822,0.833,0.777,0.866,0.826,0.887,0.878,0.831
3,A1_1,0.888,1.0,0.812,0.793,0.836,0.722,0.884,0.714,0.713,0.713,0.655,0.806,0.705,0.808,0.831,0.79
3,A1_2,0.88,0.812,1.0,0.744,0.813,0.781,0.798,0.72,0.809,0.725,0.766,0.848,0.762,0.767,0.889,0.895
3,A1_3,0.849,0.793,0.744,1.0,0.835,0.83,0.714,0.854,0.711,0.823,0.794,0.862,0.779,0.831,0.812,0.824
3,B1_1,0.926,0.836,0.813,0.835,1.0,0.799,0.788,0.787,0.861,0.847,0.75,0.926,0.923,0.865,0.883,0.862
3,B1_2,0.816,0.722,0.781,0.83,0.799,1.0,0.576,0.777,0.69,0.76,0.819,0.808,0.78,0.797,0.815,0.834
3,B1_3,0.805,0.884,0.798,0.714,0.788,0.576,1.0,0.594,0.771,0.652,0.677,0.799,0.741,0.732,0.8,0.782
3,A2_1,0.822,0.714,0.72,0.854,0.787,0.777,0.594,1.0,0.648,0.811,0.619,0.822,0.758,0.773,0.78,0.785
3,A2_2,0.822,0.713,0.809,0.711,0.861,0.69,0.771,0.648,1.0,0.77,0.777,0.864,0.873,0.794,0.842,0.866
3,A2_3,0.833,0.713,0.725,0.823,0.847,0.76,0.652,0.811,0.77,1.0,0.788,0.9,0.822,0.802,0.829,0.763
3,B2_1,0.777,0.655,0.766,0.794,0.75,0.819,0.677,0.619,0.777,0.788,1.0,0.775,0.789,0.748,0.807,0.766
3,B2_2,0.866,0.806,0.848,0.862,0.926,0.808,0.799,0.822,0.864,0.9,0.775,1.0,0.902,0.872,0.893,0.937
3,B2_3,0.826,0.705,0.762,0.779,0.923,0.78,0.741,0.758,0.873,0.822,0.789,0.902,1.0,0.812,0.876,0.848
3,y1,0.887,0.808,0.767,0.831,0.865,0.797,0.732,0.773,0.794,0.802,0.748,0.872,0.812,1.0,0.738,0.802
3,y2,0.878,0.831,0.889,0.812,0.883,0.815,0.8,0.78,0.842,0.829,0.807,0.893,0.876,0.738,1.0,0.887
3,y3,0.831,0.79,0.895,0.824,0.862,0.834,0.782,0.785,0.866,0.763,0.766,0.937,0.848,0.802,0.887,1.0
4,.,1.0,0.889,0.883,0.854,0.929,0.822,0.811,0.827,0.828,0.839,0.785,0.87,0.833,0.892,0.882,0.835
4,A1_1,0.889,1.0,0.817,0.799,0.838,0.729,0.886,0.721,0.721,0.721,0.663,0.81,0.711,0.812,0.836,0.797
4,A1_2,0.883,0.817,1.0,0.752,0.821,0.79,0.806,0.729,0.816,0.736,0.775,0.855,0.771,0.775,0.893,0.899
4,A1_3,0.854,0.799,0.752,1.0,0.84,0.836,0.725,0.86,0.721,0.83,0.802,0.866,0.788,0.837,0.819,0.829
4,B1_1,0.929,0.838,0.821,0.84,1.0,0.808,0.799,0.793,0.868,0.854,0.764,0.929,0.928,0.869,0.89,0.867
4,B1_2,0.822,0.729,0.79,0.836,0.808,1.0,0.595,0.784,0.704,0.771,0.83,0.817,0.791,0.804,0.823,0.841
4,B1_3,0.811,0.886,0.806,0.725,0.799,0.595,1.0,0.607,0.782,0.667,0.69,0.809,0.754,0.741,0.811,0.792
4,A2_1,0.827,0.721,0.729,0.86,0.793,0.784,0.607,1.0,0.66,0.817,0.634,0.827,0.765,0.78,0.787,0.792
4,A2_2,0.828,0.721,0.816,0.721,0.868,0.704,0.782,0.66,1.0,0.779,0.785,0.87,0.878,0.801,0.848,0.871
4,A2_3,0.839,0.721,0.736,0.83,0.854,0.771,0.667,0.817,0.779,1.0,0.799,0.905,0.83,0.809,0.837,0.772
4,B2_1,0.785,0.663,0.775,0.802,0.764,0.83,0.69,0.634,0.785,0.799,1.0,0.787,0.801,0.757,0.815,0.775
4,B2_2,0.87,0.81,0.855,0.866,0.929,0.817,0.809,0.827,0.87,0.905,0.787,1.0,0.906,0.877,0.898,0.939
4,B2_3,0.833,0.711,0.771,0.788,0.928,0.791,0.754,0.765,0.878,0.83,0.801,0.906,1.0,0.817,0.882,0.853
4,y1,0.892,0.812,0.775,0.837,0.869,0.804,0.741,0.78,0.801,0.809,0.757,0.877,0.817,1.0,0.748,0.809
4,y2,0.882,0.836,0.893,0.819,0.89,0.823,0.811,0.787,0.848,0.837,0.815,0.898,0.882,0.748,1.0,0.891
4,y3,0.835,0.797,0.899,0.829,0.867,0.841,0.792,0.792,0.871,0.772,0.775,0.939,0.853,0.809,0.891,1.0
5,.,1.0,0.889,0.885,0.858,0.932,0.827,0.817,0.83,0.833,0.844,0.792,0.874,0.838,0.895,0.884,0.838
5,A1_1,0.889,1.0,0.821,0.803,0.84,0.736,0.889,0.727,0.728,0.727,0.671,0.814,0.718,0.816,0.841,0.802
5,A1_2,0.885,0.821,1.0,0.759,0.827,0.797,0.814,0.736,0.822,0.745,0.782,0.86,0.779,0.782,0.896,0.902
5,A1_3,0.858,0.803,0.759,1.0,0.845,0.842,0.735,0.864,0.73,0.836,0.809,0.87,0.795,0.842,0.825,0.834
5,B1_1,0.932,0.84,0.827,0.845,1.0,0.815,0.808,0.798,0.874,0.86,0.777,0.932,0.931,0.872,0.896,0.872
5,B1_2,0.827,0.736,0.797,0.842,0.815,1.0,0.612,0.789,0.715,0.781,0.839,0.825,0.8,0.81,0.829,0.846
5,B1_3,0.817,0.889,0.814,0.735,0.808,0.612,1.0,0.619,0.791,0.681,0.703,0.818,0.765,0.75,0.82,0.802
5,A2_1,0.83,0.727,0.736,0.864,0.798,0.789,0.619,1.0,0.67,0.822,0.646,0.832,0.771,0.787,0.792,0.798
5,A2_2,0.833,0.728,0.822,0.73,0.874,0.715,0.791,0.67,1.0,0.788,0.793,0.875,0.883,0.807,0.854,0.875
5,A2_3,0.844,0.727,0.745,0.836,0.86,0.781,0.681,0.822,0.788,1.0,0.809,0.909,0.837,0.816,0.843,0.78
5,B2_1,0.792,0.671,0.782,0.809,0.777,0.839,0.703,0.646,0.793,0.809,1.0,0.799,0.812,0.765,0.822,0.783
5,B2_2,0.874,0.814,0.86,0.87,0.932,0.825,0.818,0.832,0.875,0.909,0.799,1.0,0.911,0.881,0.903,0.941
5,B2_3,0.838,0.718,0.779,0.795,0.931,0.8,0.765,0.771,0.883,0.837,0.812,0.911,1.0,0.822,0.887,0.858
5,y1,0.895,0.816,0.782,0.842,0.872,0.81,0.75,0.787,0.807,0.816,0.765,0.881,0.822,1.0,0.757,0.816
5,y2,0.884,0.841,0.896,0.825,0.896,0.829,0.82,0.792,0.854,0.843,0.822,0.903,0.887,0.757,1.0,0.894
5,y3,0.838,0.802,0.902,0.834,0.872,0.846,0.802,0.798,0.875,0.78,0.783,0.941,0.858,0.816,0.894,1.0
6,.,1.0,0.89,0.886,0.861,0.933,0.83,0.822,0.832,0.838,0.848,0.797,0.876,0.841,0.898,0.886,0.84
6,A1_1,0.89,1.0,0.825,0.807,0.841,0.741,0.89,0.732,0.734,0.732,0.677,0.817,0.722,0.82,0.844,0.806
6,A1_2,0.886,0.825,1.0,0.765,0.831,0.802,0.82,0.742,0.827,0.752,0.787,0.863,0.785,0.787,0.899,0.904
6,A1_3,0.861,0.807,0.765,1.0,0.849,0.846,0.743,0.868,0.738,0.841,0.815,0.874,0.802,0.846,0.831,0.838
6,B1_1,0.933,0.841,0.831,0.849,1.0,0.822,0.817,0.801,0.879,0.866,0.788,0.935,0.935,0.874,0.902,0.875
6,B1_2,0.83,0.741,0.802,0.846,0.822,1.0,0.628,0.793,0.725,0.788,0.846,0.832,0.807,0.814,0.835,0.851
6,B1_3,0.822,0.89,0.82,0.743,0.817,0.628,1.0,0.629,0.8,0.693,0.714,0.826,0.776,0.757,0.829,0.809
6,A2_1,0.832,0.732,0.742,0.868,0.801,0.793,0.629,1.0,0.678,0.827,0.657,0.835,0.775,0.792,0.797,0.802
6,A2_2,0.838,0.734,0.827,0.738,0.879,0.725,0.8,0.678,1.0,0.795,0.799,0.88,0.887,0.812,0.858,0.878
6,A2_3,0.848,0.732,0.752,0.841,0.866,0.788,0.693,0.827,0.795,1.0,0.817,0.912,0.843,0.821,0.848,0.786
6,B2_1,0.797,0.677,0.787,0.815,0.788,0.846,0.714,0.657,0.799,0.817,1.0,0.809,0.822,0.772,0.828,0.789
6,B2_2,0.876,0.817,0.863,0.874,0.935,0.832,0.826,0.835,0.88,0.912,0.809,1.0,0.915,0.884,0.906,0.942
6,B2_3,0.841,0.722,0.785,0.802,0.935,0.807,0.776,0.775,0.887,0.843,0.822,0.915,1.0,0.826,0.891,0.861
6,y1,0.898,0.82,0.787,0.846,0.874,0.814,0.757,0.792,0.812,0.821,0.772,0.884,0.826,1.0,0.764,0.821
6,y2,0.886,0.844,0.899,0.831,0.902,0.835,0.829,0.797,0.858,0.848,0.828,0.906,0.891,0.764,1.0,0.897
6,y3,0.84,0.806,0.904,0.838,0.875,0.851,0.809,0.802,0.878,0.786,0.789,0.942,0.861,0.821,0.897,1.0
7,.,1.0,0.89,0.886,0.863,0.934,0.832,0.826,0.833,0.841,0.85,0.8,0.877,0.844,0.9,0.887,0.841
7,A1_1,0.89,1.0,0.828,0.809,0.842,0.745,0.892,0.735,0.738,0.736,0.681,0.819,0.726,0.822,0.847,0.81
7,A1_2,0.886,0.828,1.0,0.769,0.834,0.805,0.825,0.746,0.83,0.757,0.789,0.866,0.788,0.791,0.9,0.906
7,A1_3,0.863,0.809,0.769,1.0,0.853,0.85,0.751,0.87,0.744,0.845,0.82,0.877,0.807,0.849,0.835,0.84
7,B1_1,0.934,0.842,0.834,0.853,1.0,0.827,0.825,0.802,0.883,0.87,0.797,0.937,0.937,0.875,0.906,0.877
7,B1_2,0.832,0.745,0.805,0.85,0.827,1.0,0.64,0.795,0.733,0.795,0.852,0.837,0.813,0.818,0.839,0.854
7,B1_3,0.826,0.892,0.825,0.751,0.825,0.64,1.0,0.637,0.807,0.704,0.723,0.833,0.784,0.764,0.836,0.816
7,A2_1,0.833,0.735,0.746,0.87,0.802,0.795,0.637,1.0,0.684,0.83,0.664,0.837,0.778,0.796,0.8,0.805
7,A2_2,0.841,0.738,0.83,0.744,0.883,0.733,0.807,0.684,1.0,0.801,0.804,0.883,0.89,0.816,0.862,0.88
7,A2_3,0.85,0.736,0.757,0.845,0.87,0.795,0.704,0.83,0.801,1.0,0.824,0.915,0.848,0.825,0.852,0.791
7,B2_1,0.8,0.681,0.789,0.82,0.797,0.852,0.723,0.664,0.804,0.824,1.0,0.817,0.83,0.777,0.833,0.794
7,B2_2,0.877,0.819,0.866,0.877,0.937,0.837,0.833,0.837,0.883,0.915,0.817,1.0,0.918,0.885,0.909,0.943
7,B2_3,0.844,0.726,0.788,0.807,0.937,0.813,0.784,0.778,0.89,0.848,0.83,0.918,1.0,0.828,0.895,0.864
7,y1,0.9,0.822,0.791,0.849,0.875,0.818,0.764,0.796,0.816,0.825,0.777,0.885,0.828,1.0,0.769,0.824
7,y2,0.887,0.847,0.9,0.835,0.906,0.839,0.836,0.8,0.862,0.852,0.833,0.909,0.895,0.769,1.0,0.898
7,y3,0.841,0.81,0.906,0.84,0.877,0.854,0.816,0.805,0.88,0.791,0.794,0.943,0.864,0.824,0.898,1.0
8,.,1.0,0.89,0.885,0.864,0.934,0.832,0.829,0.833,0.843,0.851,0.801,0.877,0.844,0.901,0.886,0.84
8,A1_1,0.89,1.0,0.83,0.811,0.841,0.748,0.892,0.737,0.741,0.738,0.683,0.819,0.727,0.825,0.849,0.812
8,A1_2,0.885,0.83,1.0,0.77,0.835,0.807,0.828,0.748,0.831,0.759,0.79,0.866,0.79,0.794,0.901,0.906
8,A1_3,0.864,0.811,0.77,1.0,0.855,0.853,0.756,0.872,0.749,0.849,0.824,0.878,0.81,0.851,0.838,0.842
8,B1_1,0.934,0.841,0.835,0.855,1.0,0.831,0.831,0.802,0.886,0.873,0.805,0.939,0.94,0.875,0.909,0.878
8,B1_2,0.832,0.748,0.807,0.853,0.831,1.0,0.651,0.796,0.739,0.8,0.857,0.842,0.818,0.82,0.842,0.857
8,B1_3,0.829,0.892,0.828,0.756,0.831,0.651,1.0,0.642,0.813,0.712,0.731,0.838,0.792,0.768,0.842,0.821
8,A2_1,0.833,0.737,0.748,0.872,0.802,0.796,0.642,1.0,0.688,0.831,0.668,0.837,0.778,0.798,0.801,0.807
8,A2_2,0.843,0.741,0.831,0.749,0.886,0.739,0.813,0.688,1.0,0.805,0.808,0.886,0.892,0.818,0.864,0.881
8,A2_3,0.851,0.738,0.759,0.849,0.873,0.8,0.712,0.831,0.805,1.0,0.83,0.918,0.852,0.827,0.854,0.794
8,B2_1,0.801,0.683,0.79,0.824,0.805,0.857,0.731,0.668,0.808,0.83,1.0,0.824,0.837,0.78,0.836,0.797
8,B2_2,0.877,0.819,0.866,0.878,0.939,0.842,0.838,0.837,0.886,0.918,0.824,1.0,0.92,0.886,0.911,0.943
8,B2_3,0.844,0.727,0.79,0.81,0.94,0.818,0.792,0.778,0.892,0.852,0.837,0.92,1.0,0.829,0.897,0.865
8,y1,0.901,0.825,0.794,0.851,0.875,0.82,0.768,0.798,0.818,0.827,0.78,0.886,0.829,1.0,0.773,0.827
8,y2,0.886,0.849,0.901,0.838,0.909,0.842,0.842,0.801,0.864,0.854,0.836,0.911,0.897,0.773,1.0,0.899
8,y3,0.84,0.812,0.906,0.842,0.878,0.857,0.821,0.807,0.881,0.794,0.797,0.943,0.865,0.827,0.899,1.0
9,.,1.0,0.889,0.883,0.863,0.933,0.832,0.83,0.832,0.843,0.85,0.8,0.875,0.843,0.902,0.885,0.838
9,A1_1,0.889,1.0,0.832,0.811,0.84,0.749,0.891,0.738,0.743,0.739,0.684,0.819,0.727,0.826,0.85,0.813
9,A1_2,0.883,0.832,1.0,0.771,0.835,0.807,0.83,0.748,0.832,0.759,0.788,0.866,0.789,0.795,0.9,0.906
9,A1_3,0.863,0.811,0.771,1.0,0.856,0.854,0.76,0.872,0.752,0.851,0.826,0.88,0.812,0.851,0.84,0.843
9,B1_1,0.933,0.84,0.835,0.856,1.0,0.834,0.835,0.801,0.888,0.876,0.811,0.94,0.941,0.874,0.911,0.878
9,B1_2,0.832,0.749,0.807,0.854,0.834,1.0,0.659,0.796,0.743,0.804,0.861,0.845,0.821,0.821,0.844,0.858
9,B1_3,0.83,0.891,0.83,0.76,0.835,0.659,1.0,0.645,0.818,0.719,0.737,0.843,0.798,0.772,0.846,0.824
9,A2_1,0.832,0.738,0.748,0.872,0.801,0.796,0.645,1.0,0.689,0.832,0.67,0.836,0.777,0.799,0.801,0.807
9,A2_2,0.843,0.743,0.832,0.752,0.888,0.743,0.818,0.689,1.0,0.808,0.811,0.888,0.894,0.82,0.866,0.881
9,A2_3,0.85,0.739,0.759,0.851,0.876,0.804,0.719,0.832,0.808,1.0,0.834,0.919,0.855,0.829,0.856,0.795
9,B2_1,0.8,0.684,0.788,0.826,0.811,0.861,0.737,0.67,0.811,0.834,1.0,0.829,0.842,0.781,0.838,0.798
9,B2_2,0.875,0.819,0.866,0.88,0.94,0.845,0.843,0.836,0.888,0.919,0.829,1.0,0.922,0.886,0.913,0.943
9,B2_3,0.843,0.727,0.789,0.812,0.941,0.821,0.798,0.777,0.894,0.855,0.842,0.922,1.0,0.829,0.898,0.865
9,y1,0.902,0.826,0.795,0.851,0.874,0.821,0.772,0.799,0.82,0.829,0.781,0.886,0.829,1.0,0.776,0.828
9,y2,0.885,0.85,0.9,0.84,0.911,0.844,0.846,0.801,0.866,0.856,0.838,0.913,0.898,0.776,1.0,0.899
9,y3,0.838,0.813,0.906,0.843,0.878,0.858,0.824,0.807,0.881,0.795,0.798,0.943,0.865,0.828,0.899,1.0
10,.,1.0,0.888,0.88,0.862,0.93,0.829,0.829,0.829,0.842,0.848,0.798,0.872,0.84,0.902,0.883,0.834
10,A1_1,0.888,1.0,0.832,0.81,0.837,0.748,0.89,0.737,0.743,0.738,0.682,0.816,0.725,0.826,0.851,0.812
10,A1_2,0.88,0.832,1.0,0.769,0.832,0.804,0.83,0.746,0.83,0.757,0.783,0.863,0.785,0.793,0.898,0.904
10,A1_3,0.862,0.81,0.769,1.0,0.856,0.855,0.762,0.872,0.753,0.853,0.827,0.88,0.813,0.851,0.84,0.843
10,B1_1,0.93,0.837,0.832,0.856,1.0,0.836,0.839,0.797,0.889,0.877,0.815,0.941,0.943,0.872,0.913,0.877
10,B1_2,0.829,0.748,0.804,0.855,0.836,1.0,0.664,0.794,0.745,0.806,0.863,0.848,0.823,0.82,0.845,0.858
10,B1_3,0.829,0.89,0.83,0.762,0.839,0.664,1.0,0.645,0.821,0.723,0.742,0.846,0.802,0.773,0.849,0.826
10,A2_1,0.829,0.737,0.746,0.872,0.797,0.794,0.645,1.0,0.688,0.831,0.669,0.833,0.773,0.798,0.8,0.806
10,A2_2,0.842,0.743,0.83,0.753,0.889,0.745,0.821,0.688,1.0,0.81,0.813,0.888,0.894,0.82,0.866,0.88
10,A2_3,0.848,0.738,0.757,0.853,0.877,0.806,0.723,0.831,0.81,1.0,0.837,0.92,0.857,0.829,0.856,0.796
10,B2_1,0.798,0.682,0.783,0.827,0.815,0.863,0.742,0.669,0.813,0.837,1.0,0.833,0.847,0.781,0.838,0.798
10,B2_2,0.872,0.816,0.863,0.88,0.941,0.848,0.846,0.833,0.888,0.92,0.833,1.0,0.924,0.884,0.914,0.942
10,B2_3,0.84,0.725,0.785,0.813,0.943,0.823,0.802,0.773,0.894,0.857,0.847,0.924,1.0,0.826,0.898,0.864
10,y1,0.902,0.826,0.793,0.851,0.872,0.82,0.773,0.798,0.82,0.829,0.781,0.884,0.826,1.0,0.776,0.827
10,y2,0.883,0.851,0.898,0.84,0.913,0.845,0.849,0.8,0.866,0.856,0.838,0.914,0.898,0.776,1.0,0.899
10,y3,0.834,0.812,0.904,0.843,0.877,0.858,0.826,0.806,0.88,0.796,0.798,0.942,0.864,0.827,0.899,1.0
11,.,1.0,0.886,0.875,0.859,0.927,0.824,0.827,0.825,0.84,0.845,0.793,0.867,0.835,0.9,0.879,0.829
11,A1_1,0.886,1.0,0.831,0.808,0.832,0.746,0.888,0.734,0.741,0.736,0.678,0.813,0.721,0.825,0.85,0.81
11,A1_2,0.875,0.831,1.0,0.764,0.826,0.798,0.828,0.742,0.826,0.751,0.776,0.858,0.778,0.791,0.895,0.901
11,A1_3,0.859,0.808,0.764,1.0,0.855,0.855,0.763,0.87,0.753,0.853,0.827,0.879,0.812,0.849,0.839,0.841
11,B1_1,0.927,0.832,0.826,0.855,1.0,0.836,0.841,0.792,0.889,0.878,0.818,0.942,0.944,0.869,0.913,0.875
11,B1_2,0.824,0.746,0.798,0.855,0.836,1.0,0.667,0.79,0.746,0.807,0.864,0.849,0.824,0.818,0.845,0.856
11,B1_3,0.827,0.888,0.828,0.763,0.841,0.667,1.0,0.643,0.823,0.725,0.744,0.848,0.805,0.773,0.851,0.826
11,A2_1,0.825,0.734,0.742,0.87,0.792,0.79,0.643,1.0,0.685,0.828,0.665,0.828,0.767,0.795,0.797,0.803
11,A2_2,0.84,0.741,0.826,0.753,0.889,0.746,0.823,0.685,1.0,0.811,0.813,0.888,0.893,0.819,0.866,0.878
11,A2_3,0.845,0.736,0.751,0.853,0.878,0.807,0.725,0.828,0.811,1.0,0.839,0.921,0.858,0.827,0.855,0.794
11,B2_1,0.793,0.678,0.776,0.827,0.818,0.864,0.744,0.665,0.813,0.839,1.0,0.836,0.85,0.778,0.838,0.796
11,B2_2,0.867,0.813,0.858,0.879,0.942,0.849,0.848,0.828,0.888,0.921,0.836,1.0,0.925,0.881,0.913,0.941
11,B2_3,0.835,0.721,0.778,0.812,0.944,0.824,0.805,0.767,0.893,0.858,0.85,0.925,1.0,0.823,0.898,0.861
11,y1,0.9,0.825,0.791,0.849,0.869,0.818,0.773,0.795,0.819,0.827,0.778,0.881,0.823,1.0,0.775,0.825
11,y2,0.879,0.85,0.895,0.839,0.913,0.845,0.851,0.797,0.866,0.855,0.838,0.913,0.898,0.775,1.0,0.897
11,y3,0.829,0.81,0.901,0.841,0.875,0.856,0.826,0.803,0.878,0.794,0.796,0.941,0.861,0.825,0.897,1.0
12,.,1.0,0.884,0.869,0.855,0.922,0.818,0.823,0.819,0.837,0.84,0.786,0.861,0.828,0.899,0.874,0.822
12,A1_1,0.884,1.0,0.83,0.805,0.827,0.742,0.885,0.731,0.739,0.733,0.673,0.808,0.716,0.824,0.849,0.807
12,A1_2,0.869,0.83,1.0,0.758,0.819,0.791,0.825,0.737,0.822,0.744,0.766,0.851,0.77,0.786,0.891,0.897
12,A1_3,0.855,0.805,0.758,1.0,0.853,0.854,0.763,0.868,0.751,0.853,0.826,0.878,0.811,0.847,0.838,0.839
12,B1_1,0.922,0.827,0.819,0.853,1.0,0.836,0.842,0.785,0.888,0.878,0.821,0.942,0.945,0.864,0.913,0.872
12,B1_2,0.818,0.742,0.791,0.854,0.836,1.0,0.669,0.785,0.745,0.808,0.865,0.85,0.825,0.815,0.843,0.854
12,B1_3,0.823,0.885,0.825,0.763,0.842,0.669,1.0,0.639,0.824,0.727,0.746,0.849,0.807,0.771,0.853,0.826
12,A2_1,0.819,0.731,0.737,0.868,0.785,0.785,0.639,1.0,0.681,0.825,0.66,0.823,0.76,0.792,0.793,0.799
12,A2_2,0.837,0.739,0.822,0.751,0.888,0.745,0.824,0.681,1.0,0.811,0.813,0.887,0.892,0.817,0.865,0.876
12,A2_3,0.84,0.733,0.744,0.853,0.878,0.808,0.727,0.825,0.811,1.0,0.84,0.921,0.858,0.824,0.854,0.791
12,B2_1,0.786,0.673,0.766,0.826,0.821,0.865,0.746,0.66,0.813,0.84,1.0,0.839,0.852,0.774,0.836,0.793
12,B2_2,0.861,0.808,0.851,0.878,0.942,0.85,0.849,0.823,0.887,0.921,0.839,1.0,0.925,0.877,0.913,0.939
12,B2_3,0.828,0.716,0.77,0.811,0.945,0.825,0.807,0.76,0.892,0.858,0.852,0.925,1.0,0.818,0.896,0.858
12,y1,0.899,0.824,0.786,0.847,0.864,0.815,0.771,0.792,0.817,0.824,0.774,0.877,0.818,1.0,0.773,0.822
12,y2,0.874,0.849,0.891,0.838,0.913,0.843,0.853,0.793,0.865,0.854,0.836,0.913,0.896,0.773,1.0,0.895
12,y3,0.822,0.807,0.897,0.839,0.872,0.854,0.826,0.799,0.876,0.791,0.793,0.939,0.858,0.822,0.895,1.0
13,.,1.0,0.881,0.861,0.849,0.916,0.81,0.818,0.812,0.833,0.834,0.777,0.852,0.82,0.896,0.869,0.813
13,A1_1,0.881,1.0,0.827,0.8,0.821,0.737,0.882,0.726,0.735,0.728,0.666,0.803,0.709,0.823,0.848,0.804
13,A1_2,0.861,0.827,1.0,0.75,0.81,0.781,0.819,0.731,0.815,0.735,0.753,0.842,0.758,0.78,0.886,0.892
13,A1_3,0.849,0.8,0.75,1.0,0.85,0.853,0.761,0.864,0.749,0.853,0.824,0.876,0.808,0.843,0.836,0.836
13,B1_1,0.916,0.821,0.81,0.85,1.0,0.835,0.843,0.776,0.887,0.878,0.823,0.942,0.945,0.859,0.912,0.867
13,B1_2,0.81,0.737,0.781,0.853,0.835,1.0,0.669,0.778,0.743,0.807,0.865,0.849,0.824,0.811,0.841,0.85
13,B1_3,0.818,0.882,0.819,0.761,0.843,0.669,1.0,0.633,0.825,0.727,0.747,0.849,0.808,0.768,0.853,0.824
13,A2_1,0.812,0.726,0.731,0.864,0.776,0.778,0.633,1.0,0.674,0.82,0.651,0.815,0.751,0.787,0.787,0.794
13,A2_2,0.833,0.735,0.815,0.749,0.887,0.743,0.825,0.674,1.0,0.81,0.811,0.885,0.891,0.813,0.863,0.873
13,A2_3,0.834,0.728,0.735,0.853,0.878,0.807,0.727,0.82,0.81,1.0,0.84,0.921,0.857,0.82,0.852,0.788
13,B2_1,0.777,0.666,0.753,0.824,0.823,0.865,0.747,0.651,0.811,0.84,1.0,0.84,0.854,0.769,0.833,0.788
13,B2_2,0.852,0.803,0.842,0.876,0.942,0.849,0.849,0.815,0.885,0.921,0.84,1.0,0.926,0.872,0.911,0.936
13,B2_3,0.82,0.709,0.758,0.808,0.945,0.824,0.808,0.751,0.891,0.857,0.854,0.926,1.0,0.811,0.894,0.853
13,y1,0.896,0.823,0.78,0.843,0.859,0.811,0.768,0.787,0.813,0.82,0.769,0.872,0.811,1.0,0.769,0.818
13,y2,0.869,0.848,0.886,0.836,0.912,0.841,0.853,0.787,0.863,0.852,0.833,0.911,0.894,0.769,1.0,0.892
13,y3,0.813,0.804,0.892,0.836,0.867,0.85,0.824,0.794,0.873,0.788,0.788,0.936,0.853,0.818,0.892,1.0
14,.,1.0,0.878,0.852,0.842,0.909,0.8,0.811,0.804,0.827,0.826,0.765,0.842,0.808,0.892,0.862,0.802
14,A1_1,0.878,1.0,0.824,0.795,0.813,0.731,0.877,0.72,0.731,0.722,0.657,0.795,0.7,0.82,0.845,0.799
14,A1_2,0.852,0.824,1.0,0.74,0.797,0.768,0.812,0.722,0.807,0.722,0.736,0.829,0.743,0.773,0.879,0.885
14,A1_3,0.842,0.795,0.74,1.0,0.847,0.85,0.758,0.86,0.745,0.851,0.821,0.873,0.804,0.839,0.832,0.832
14,B1_1,0.909,0.813,0.797,0.847,1.0,0.833,0.842,0.766,0.884,0.877,0.823,0.941,0.945,0.852,0.911,0.862
14,B1_2,0.8,0.731,0.768,0.85,0.833,1.0,0.667,0.769,0.74,0.805,0.864,0.849,0.822,0.805,0.838,0.846
14,B1_3,0.811,0.877,0.812,0.758,0.842,0.667,1.0,0.624,0.824,0.725,0.746,0.849,0.808,0.764,0.853,0.821
14,A2_1,0.804,0.72,0.722,0.86,0.766,0.769,0.624,1.0,0.665,0.814,0.64,0.806,0.739,0.781,0.781,0.788
14,A2_2,0.827,0.731,0.807,0.745,0.884,0.74,0.824,0.665,1.0,0.807,0.809,0.883,0.888,0.809,0.86,0.868
14,A2_3,0.826,0.722,0.722,0.851,0.877,0.805,0.725,0.814,0.807,1.0,0.839,0.92,0.856,0.815,0.848,0.782
14,B2_1,0.765,0.657,0.736,0.821,0.823,0.864,0.746,0.64,0.809,0.839,1.0,0.841,0.856,0.761,0.829,0.781
14,B2_2,0.842,0.795,0.829,0.873,0.941,0.849,0.849,0.806,0.883,0.92,0.841,1.0,0.925,0.866,0.909,0.932
14,B2_3,0.808,0.7,0.743,0.804,0.945,0.822,0.808,0.739,0.888,0.856,0.856,0.925,1.0,0.803,0.891,0.847
14,y1,0.892,0.82,0.773,0.839,0.852,0.805,0.764,0.781,0.809,0.815,0.761,0.866,0.803,1.0,0.764,0.813
14,y2,0.862,0.845,0.879,0.832,0.911,0.838,0.853,0.781,0.86,0.848,0.829,0.909,0.891,0.764,1.0,0.889
14,y3,0.802,0.799,0.885,0.832,0.862,0.846,0.821,0.788,0.868,0.782,0.781,0.932,0.847,0.813,0.889,1.0
15,.,1.0,0.874,0.842,0.833,0.899,0.787,0.802,0.794,0.819,0.815,0.75,0.828,0.794,0.888,0.853,0.79
15,A1_1,0.874,1.0,0.82,0.789,0.804,0.723,0.872,0.714,0.724,0.714,0.646,0.786,0.689,0.817,0.843,0.793
15,A1_2,0.842,0.82,1.0,0.727,0.78,0.751,0.801,0.712,0.796,0.705,0.715,0.814,0.723,0.763,0.87,0.877
15,A1_3,0.833,0.789,0.727,1.0,0.842,0.847,0.755,0.854,0.74,0.849,0.816,0.87,0.799,0.834,0.828,0.826
15,B1_1,0.899,0.804,0.78,0.842,1.0,0.831,0.841,0.753,0.881,0.875,0.823,0.941,0.945,0.844,0.908,0.855
15,B1_2,0.787,0.723,0.751,0.847,0.831,1.0,0.664,0.759,0.736,0.803,0.862,0.847,0.82,0.798,0.834,0.841
15,B1_3,0.802,0.872,0.801,0.755,0.841,0.664,1.0,0.613,0.822,0.723,0.745,0.848,0.807,0.758,0.852,0.816
15,A2_1,0.794,0.714,0.712,0.854,0.753,0.759,0.613,1.0,0.654,0.807,0.626,0.794,0.724,0.773,0.773,0.78
15,A2_2,0.819,0.724,0.796,0.74,0.881,0.736,0.822,0.654,1.0,0.804,0.805,0.879,0.884,0.804,0.857,0.863
15,A2_3,0.815,0.714,0.705,0.849,0.875,0.803,0.723,0.807,0.804,1.0,0.837,0.919,0.854,0.809,0.844,0.776
15,B2_1,0.75,0.646,0.715,0.816,0.823,0.862,0.745,0.626,0.805,0.837,1.0,0.841,0.856,0.752,0.823,0.773
15,B2_2,0.828,0.786,0.814,0.87,0.941,0.847,0.848,0.794,0.879,0.919,0.841,1.0,0.925,0.858,0.905,0.928
15,B2_3,0.794,0.689,0.723,0.799,0.945,0.82,0.807,0.724,0.884,0.854,0.856,0.925,1.0,0.793,0.886,0.84
15,y1,0.888,0.817,0.763,0.834,0.844,0.798,0.758,0.773,0.804,0.809,0.752,0.858,0.793,1.0,0.758,0.806
15,y2,0.853,0.843,0.87,0.828,0.908,0.834,0.852,0.773,0.857,0.844,0.823,0.905,0.886,0.758,1.0,0.884
15,y3,0.79,0.793,0.877,0.826,0.855,0.841,0.816,0.78,0.863,0.776,0.773,0.928,0.84,0.806,0.884,1.0
16,.,1.0,0.87,0.83,0.823,0.887,0.773,0.792,0.783,0.81,0.803,0.733,0.813,0.778,0.882,0.844,0.775
16,A1_1,0.87,1.0,0.814,0.782,0.793,0.714,0.866,0.706,0.718,0.706,0.634,0.776,0.676,0.814,0.84,0.786
16,A1_2,0.83,0.814,1.0,0.711,0.76,0.732,0.788,0.7,0.782,0.685,0.69,0.794,0.7,0.752,0.86,0.867
16,A1_3,0.823,0.782,0.711,1.0,0.837,0.843,0.75,0.848,0.735,0.847,0.811,0.865,0.792,0.827,0.822,0.82
16,B1_1,0.887,0.793,0.76,0.837,1.0,0.828,0.84,0.738,0.878,0.873,0.823,0.94,0.945,0.834,0.905,0.847
16,B1_2,0.773,0.714,0.732,0.843,0.828,1.0,0.661,0.747,0.731,0.8,0.86,0.846,0.817,0.79,0.829,0.834
16,B1_3,0.792,0.866,0.788,0.75,0.84,0.661,1.0,0.6,0.82,0.719,0.743,0.846,0.806,0.751,0.85,0.811
16,A2_1,0.783,0.706,0.7,0.848,0.738,0.747,0.6,1.0,0.642,0.797,0.61,0.781,0.708,0.764,0.764,0.771
16,A2_2,0.81,0.718,0.782,0.735,0.878,0.731,0.82,0.642,1.0,0.8,0.802,0.875,0.88,0.797,0.853,0.857
16,A2_3,0.803,0.706,0.685,0.847,0.873,0.8,0.719,0.797,0.8,1.0,0.835,0.917,0.852,0.801,0.838,0.768
16,B2_1,0.733,0.634,0.69,0.811,0.823,0.86,0.743,0.61,0.802,0.835,1.0,0.841,0.857,0.741,0.817,0.764
16,B2_2,0.813,0.776,0.794,0.865,0.94,0.846,0.846,0.781,0.875,0.917,0.841,1.0,0.925,0.849,0.901,0.923
16,B2_3,0.778,0.676,0.7,0.792,0.945,0.817,0.806,0.708,0.88,0.852,0.857,0.925,1.0,0.781,0.881,0.831
16,y1,0.882,0.814,0.752,0.827,0.834,0.79,0.751,0.764,0.797,0.801,0.741,0.849,0.781,1.0,0.751,0.798
16,y2,0.844,0.84,0.86,0.822,0.905,0.829,0.85,0.764,0.853,0.838,0.817,0.901,0.881,0.751,1.0,0.879
16,y3,0.775,0.786,0.867,0.82,0.847,0.834,0.811,0.771,0.857,0.768,0.764,0.923,0.831,0.798,0.879,1.0
17,.,1.0,0.865,0.816,0.811,0.872,0.756,0.778,0.77,0.8,0.788,0.713,0.793,0.757,0.876,0.832,0.758
17,A1_1,0.865,1.0,0.807,0.774,0.781,0.703,0.858,0.698,0.709,0.696,0.619,0.764,0.661,0.811,0.836,0.778
17,A1_2,0.816,0.807,1.0,0.692,0.734,0.707,0.771,0.687,0.765,0.66,0.659,0.769,0.67,0.738,0.847,0.855
17,A1_3,0.811,0.774,0.692,1.0,0.83,0.839,0.744,0.84,0.727,0.843,0.805,0.86,0.785,0.819,0.816,0.813
17,B1_1,0.872,0.781,0.734,0.83,1.0,0.824,0.838,0.72,0.873,0.87,0.822,0.939,0.945,0.822,0.9,0.837
17,B1_2,0.756,0.703,0.707,0.839,0.824,1.0,0.656,0.733,0.724,0.796,0.858,0.843,0.813,0.78,0.823,0.826
17,B1_3,0.778,0.858,0.771,0.744,0.838,0.656,1.0,0.585,0.817,0.715,0.74,0.843,0.804,0.743,0.847,0.804
17,A2_1,0.77,0.698,0.687,0.84,0.72,0.733,0.585,1.0,0.628,0.787,0.591,0.765,0.688,0.754,0.753,0.76
17,A2_2,0.8,0.709,0.765,0.727,0.873,0.724,0.817,0.628,1.0,0.796,0.796,0.87,0.875,0.79,0.848,0.849
17,A2_3,0.788,0.696,0.66,0.843,0.87,0.796,0.715,0.787,0.796,1.0,0.831,0.915,0.848,0.791,0.832,0.758
17,B2_1,0.713,0.619,0.659,0.805,0.822,0.858,0.74,0.591,0.796,0.831,1.0,0.84,0.857,0.728,0.809,0.752
17,B2_2,0.793,0.764,0.769,0.86,0.939,0.843,0.843,0.765,0.87,0.915,0.84,1.0,0.924,0.837,0.896,0.916
17,B2_3,0.757,0.661,0.67,0.785,0.945,0.813,0.804,0.688,0.875,0.848,0.857,0.924,1.0,0.767,0.874,0.821
17,y1,0.876,0.811,0.738,0.819,0.822,0.78,0.743,0.754,0.79,0.791,0.728,0.837,0.767,1.0,0.742,0.789
17,y2,0.832,0.836,0.847,0.816,0.9,0.823,0.847,0.753,0.848,0.832,0.809,0.896,0.874,0.742,1.0,0.873
17,y3,0.758,0.778,0.855,0.813,0.837,0.826,0.804,0.76,0.849,0.758,0.752,0.916,0.821,0.789,0.873,1.0
18,.,1.0,0.859,0.8,0.796,0.854,0.734,0.762,0.756,0.787,0.77,0.688,0.77,0.733,0.868,0.819,0.738
18,A1_1,0.859,1.0,0.798,0.765,0.767,0.691,0.85,0.688,0.7,0.684,0.602,0.75,0.644,0.807,0.831,0.769
18,A1_2,0.8,0.798,1.0,0.668,0.702,0.676,0.75,0.673,0.744,0.63,0.622,0.737,0.634,0.722,0.831,0.84
18,A1_3,0.796,0.765,0.668,1.0,0.822,0.833,0.736,0.832,0.719,0.839,0.797,0.853,0.776,0.81,0.808,0.804
18,B1_1,0.854,0.767,0.702,0.822,1.0,0.82,0.835,0.699,0.867,0.866,0.82,0.937,0.944,0.808,0.894,0.825
18,B1_2,0.734,0.691,0.676,0.833,0.82,1.0,0.649,0.716,0.716,0.791,0.855,0.84,0.809,0.768,0.816,0.817
18,B1_3,0.762,0.85,0.75,0.736,0.835,0.649,1.0,0.567,0.814,0.709,0.736,0.84,0.802,0.733,0.843,0.795
18,A2_1,0.756,0.688,0.673,0.832,0.699,0.716,0.567,1.0,0.611,0.774,0.568,0.746,0.665,0.743,0.741,0.749
18,A2_2,0.787,0.7,0.744,0.719,0.867,0.716,0.814,0.611,1.0,0.79,0.79,0.863,0.869,0.781,0.842,0.84
18,A2_3,0.77,0.684,0.63,0.839,0.866,0.791,0.709,0.774,0.79,1.0,0.827,0.913,0.844,0.78,0.824,0.747
18,B2_1,0.688,0.602,0.622,0.797,0.82,0.855,0.736,0.568,0.79,0.827,1.0,0.839,0.857,0.712,0.799,0.738
18,B2_2,0.77,0.75,0.737,0.853,0.937,0.84,0.84,0.746,0.863,0.913,0.839,1.0,0.923,0.824,0.889,0.908
18,B2_3,0.733,0.644,0.634,0.776,0.944,0.809,0.802,0.665,0.869,0.844,0.857,0.923,1.0,0.75,0.866,0.808
18,y1,0.868,0.807,0.722,0.81,0.808,0.768,0.733,0.743,0.781,0.78,0.712,0.824,0.75,1.0,0.732,0.778
18,y2,0.819,0.831,0.831,0.808,0.894,0.816,0.843,0.741,0.842,0.824,0.799,0.889,0.866,0.732,1.0,0.867
18,y3,0.738,0.769,0.84,0.804,0.825,0.817,0.795,0.749,0.84,0.747,0.738,0.908,0.808,0.778,0.867,1.0
19,.,1.0,0.852,0.783,0.779,0.832,0.709,0.743,0.741,0.772,0.749,0.659,0.742,0.704,0.86,0.804,0.716
19,A1_1,0.852,1.0,0.788,0.755,0.751,0.677,0.84,0.678,0.69,0.671,0.583,0.734,0.626,0.802,0.827,0.759
19,A1_2,0.783,0.788,1.0,0.642,0.665,0.64,0.724,0.658,0.72,0.595,0.578,0.699,0.592,0.704,0.813,0.822
19,A1_3,0.779,0.755,0.642,1.0,0.814,0.827,0.728,0.822,0.709,0.835,0.789,0.846,0.765,0.8,0.799,0.794
19,B1_1,0.832,0.751,0.665,0.814,1.0,0.815,0.832,0.675,0.86,0.862,0.818,0.936,0.944,0.792,0.887,0.811
19,B1_2,0.709,0.677,0.64,0.827,0.815,1.0,0.642,0.697,0.706,0.786,0.851,0.837,0.804,0.755,0.807,0.806
19,B1_3,0.743,0.84,0.724,0.728,0.832,0.642,1.0,0.547,0.809,0.703,0.732,0.837,0.799,0.721,0.839,0.786
19,A2_1,0.741,0.678,0.658,0.822,0.675,0.697,0.547,1.0,0.593,0.759,0.542,0.724,0.639,0.731,0.729,0.736
19,A2_2,0.772,0.69,0.72,0.709,0.86,0.706,0.809,0.593,1.0,0.783,0.783,0.856,0.861,0.771,0.836,0.831
19,A2_3,0.749,0.671,0.595,0.835,0.862,0.786,0.703,0.759,0.783,1.0,0.823,0.91,0.839,0.767,0.815,0.734
19,B2_1,0.659,0.583,0.578,0.789,0.818,0.851,0.732,0.542,0.783,0.823,1.0,0.837,0.856,0.694,0.787,0.722
19,B2_2,0.742,0.734,0.699,0.846,0.936,0.837,0.837,0.724,0.856,0.91,0.837,1.0,0.922,0.808,0.881,0.899
19,B2_3,0.704,0.626,0.592,0.765,0.944,0.804,0.799,0.639,0.861,0.839,0.856,0.922,1.0,0.731,0.856,0.793
19,y1,0.86,0.802,0.704,0.8,0.792,0.755,0.721,0.731,0.771,0.767,0.694,0.808,0.731,1.0,0.721,0.766
19,y2,0.804,0.827,0.813,0.799,0.887,0.807,0.839,0.729,0.836,0.815,0.787,0.881,0.856,0.721,1.0,0.859
19,y3,0.716,0.759,0.822,0.794,0.811,0.806,0.786,0.736,0.831,0.734,0.722,0.899,0.793,0.766,0.859,1.0
20,.,1.0,0.844,0.764,0.759,0.804,0.68,0.72,0.725,0.754,0.724,0.625,0.709,0.67,0.85,0.787,0.69
20,A1_1,0.844,1.0,0.775,0.744,0.732,0.661,0.829,0.668,0.678,0.656,0.561,0.716,0.604,0.798,0.822,0.748
20,A1_2,0.764,0.775,1.0,0.61,0.618,0.596,0.691,0.642,0.691,0.553,0.527,0.653,0.541,0.684,0.791,0.801
20,A1_3,0.759,0.744,0.61,1.0,0.803,0.819,0.719,0.81,0.699,0.829,0.778,0.837,0.753,0.789,0.789,0.783
20,B1_1,0.804,0.732,0.618,0.803,1.0,0.809,0.828,0.647,0.852,0.858,0.816,0.934,0.943,0.773,0.878,0.795
20,B1_2,0.68,0.661,0.596,0.819,0.809,1.0,0.634,0.674,0.695,0.78,0.847,0.833,0.798,0.738,0.797,0.793
20,B1_3,0.72,0.829,0.691,0.719,0.828,0.634,1.0,0.524,0.804,0.696,0.727,0.833,0.795,0.707,0.833,0.774
20,A2_1,0.725,0.668,0.642,0.81,0.647,0.674,0.524,1.0,0.572,0.742,0.513,0.698,0.609,0.718,0.714,0.721
20,A2_2,0.754,0.678,0.691,0.699,0.852,0.695,0.804,0.572,1.0,0.775,0.775,0.847,0.853,0.759,0.828,0.819
20,A2_3,0.724,0.656,0.553,0.829,0.858,0.78,0.696,0.742,0.775,1.0,0.818,0.907,0.834,0.751,0.805,0.719
20,B2_1,0.625,0.561,0.527,0.778,0.816,0.847,0.727,0.513,0.775,0.818,1.0,0.835,0.856,0.673,0.774,0.704
20,B2_2,0.709,0.716,0.653,0.837,0.934,0.833,0.833,0.698,0.847,0.907,0.835,1.0,0.92,0.789,0.871,0.887
20,B2_3,0.67,0.604,0.541,0.753,0.943,0.798,0.795,0.609,0.853,0.834,0.856,0.92,1.0,0.709,0.844,0.776
20,y1,0.85,0.798,0.684,0.789,0.773,0.738,0.707,0.718,0.759,0.751,0.673,0.789,0.709,1.0,0.708,0.753
20,y2,0.787,0.822,0.791,0.789,0.878,0.797,0.833,0.714,0.828,0.805,0.774,0.871,0.844,0.708,1.0,0.851
20,y3,0.69,0.748,0.801,0.783,0.795,0.793,0.774,0.721,0.819,0.719,0.704,0.887,0.776,0.753,0.851,1.0
21,.,1.0,0.836,0.745,0.737,0.772,0.647,0.693,0.708,0.734,0.695,0.586,0.67,0.63,0.839,0.768,0.662
21,A1_1,0.836,1.0,0.761,0.732,0.712,0.643,0.816,0.658,0.666,0.641,0.537,0.696,0.58,0.794,0.817,0.737
21,A1_2,0.745,0.761,1.0,0.576,0.565,0.548,0.652,0.627,0.658,0.507,0.468,0.599,0.483,0.663,0.766,0.778
21,A1_3,0.737,0.732,0.576,1.0,0.792,0.811,0.709,0.798,0.687,0.823,0.767,0.827,0.74,0.776,0.779,0.771
21,B1_1,0.772,0.712,0.565,0.792,1.0,0.803,0.824,0.616,0.843,0.852,0.814,0.932,0.942,0.751,0.868,0.776
21,B1_2,0.647,0.643,0.548,0.811,0.803,1.0,0.626,0.65,0.684,0.773,0.843,0.829,0.793,0.721,0.786,0.779
21,B1_3,0.693,0.816,0.652,0.709,0.824,0.626,1.0,0.499,0.798,0.688,0.723,0.829,0.792,0.691,0.826,0.761
21,A2_1,0.708,0.658,0.627,0.798,0.616,0.65,0.499,1.0,0.55,0.722,0.48,0.668,0.575,0.705,0.699,0.706
21,A2_2,0.734,0.666,0.658,0.687,0.843,0.684,0.798,0.55,1.0,0.766,0.765,0.837,0.843,0.746,0.82,0.807
21,A2_3,0.695,0.641,0.507,0.823,0.852,0.773,0.688,0.722,0.766,1.0,0.812,0.903,0.828,0.734,0.793,0.701
21,B2_1,0.586,0.537,0.468,0.767,0.814,0.843,0.723,0.48,0.765,0.812,1.0,0.833,0.855,0.649,0.758,0.683
21,B2_2,0.67,0.696,0.599,0.827,0.932,0.829,0.829,0.668,0.837,0.903,0.833,1.0,0.919,0.767,0.86,0.874
21,B2_3,0.63,0.58,0.483,0.74,0.942,0.793,0.792,0.575,0.843,0.828,0.855,0.919,1.0,0.683,0.83,0.756
21,y1,0.839,0.794,0.663,0.776,0.751,0.721,0.691,0.705,0.746,0.734,0.649,0.767,0.683,1.0,0.695,0.739
21,y2,0.768,0.817,0.766,0.779,0.868,0.786,0.826,0.699,0.82,0.793,0.758,0.86,0.83,0.695,1.0,0.841
21,y3,0.662,0.737,0.778,0.771,0.776,0.779,0.761,0.706,0.807,0.701,0.683,0.874,0.756,0.739,0.841,1.0
22,.,1.0,0.827,0.726,0.712,0.734,0.608,0.661,0.69,0.711,0.662,0.541,0.625,0.585,0.827,0.747,0.632
22,A1_1,0.827,1.0,0.744,0.72,0.689,0.624,0.802,0.648,0.653,0.623,0.511,0.673,0.554,0.79,0.811,0.725
22,A1_2,0.726,0.744,1.0,0.539,0.504,0.492,0.608,0.612,0.62,0.454,0.402,0.537,0.417,0.641,0.738,0.752
22,A1_3,0.712,0.72,0.539,1.0,0.779,0.802,0.698,0.784,0.674,0.817,0.754,0.816,0.725,0.763,0.767,0.758
22,B1_1,0.734,0.689,0.504,0.779,1.0,0.797,0.82,0.581,0.832,0.847,0.811,0.93,0.942,0.725,0.855,0.754
22,B1_2,0.608,0.624,0.492,0.802,0.797,1.0,0.617,0.622,0.671,0.766,0.838,0.825,0.786,0.7,0.773,0.762
22,B1_3,0.661,0.802,0.608,0.698,0.82,0.617,1.0,0.472,0.792,0.68,0.718,0.824,0.789,0.674,0.818,0.746
22,A2_1,0.69,0.648,0.612,0.784,0.581,0.622,0.472,1.0,0.525,0.7,0.443,0.635,0.537,0.691,0.684,0.691
22,A2_2,0.711,0.653,0.62,0.674,0.832,0.671,0.792,0.525,1.0,0.756,0.754,0.826,0.832,0.732,0.81,0.792
22,A2_3,0.662,0.623,0.454,0.817,0.847,0.766,0.68,0.7,0.756,1.0,0.805,0.898,0.821,0.714,0.78,0.682
22,B2_1,0.541,0.511,0.402,0.754,0.811,0.838,0.718,0.443,0.754,0.805,1.0,0.831,0.854,0.621,0.74,0.659
22,B2_2,0.625,0.673,0.537,0.816,0.93,0.825,0.824,0.635,0.826,0.898,0.831,1.0,0.917,0.742,0.846,0.857
22,B2_3,0.585,0.554,0.417,0.725,0.942,0.786,0.789,0.537,0.832,0.821,0.854,0.917,1.0,0.654,0.814,0.733
22,y1,0.827,0.79,0.641,0.763,0.725,0.7,0.674,0.691,0.732,0.714,0.621,0.742,0.654,1.0,0.682,0.723
22,y2,0.747,0.811,0.738,0.767,0.855,0.773,0.818,0.684,0.81,0.78,0.74,0.846,0.814,0.682,1.0,0.831
22,y3,0.632,0.725,0.752,0.758,0.754,0.762,0.746,0.691,0.792,0.682,0.659,0.857,0.733,0.723,0.831,1.0
23,.,1.0,0.816,0.708,0.684,0.69,0.566,0.626,0.673,0.686,0.626,0.491,0.574,0.534,0.815,0.724,0.6
23,A1_1,0.816,1.0,0.727,0.708,0.664,0.604,0.786,0.638,0.64,0.605,0.483,0.649,0.525,0.787,0.806,0.713
23,A1_2,0.708,0.727,1.0,0.499,0.438,0.433,0.558,0.6,0.581,0.398,0.332,0.468,0.347,0.62,0.709,0.725
23,A1_3,0.684,0.708,0.499,1.0,0.765,0.791,0.686,0.77,0.661,0.809,0.74,0.803,0.708,0.748,0.754,0.743
23,B1_1,0.69,0.664,0.438,0.765,1.0,0.791,0.816,0.542,0.819,0.84,0.809,0.928,0.941,0.697,0.84,0.729
23,B1_2,0.566,0.604,0.433,0.791,0.791,1.0,0.608,0.591,0.657,0.758,0.833,0.82,0.78,0.677,0.759,0.743
23,B1_3,0.626,0.786,0.558,0.686,0.816,0.608,1.0,0.443,0.785,0.671,0.713,0.82,0.785,0.654,0.808,0.729
23,A2_1,0.673,0.638,0.6,0.77,0.542,0.591,0.443,1.0,0.5,0.676,0.404,0.597,0.495,0.678,0.668,0.675
23,A2_2,0.686,0.64,0.581,0.661,0.819,0.657,0.785,0.5,1.0,0.746,0.742,0.813,0.819,0.718,0.8,0.777
23,A2_3,0.626,0.605,0.398,0.809,0.84,0.758,0.671,0.676,0.746,1.0,0.798,0.894,0.813,0.693,0.765,0.66
23,B2_1,0.491,0.483,0.332,0.74,0.809,0.833,0.713,0.404,0.742,0.798,1.0,0.829,0.854,0.59,0.72,0.633
23,B2_2,0.574,0.649,0.468,0.803,0.928,0.82,0.82,0.597,0.813,0.894,0.829,1.0,0.915,0.713,0.829,0.837
23,B2_3,0.534,0.525,0.347,0.708,0.941,0.78,0.785,0.495,0.819,0.813,0.854,0.915,1.0,0.621,0.795,0.706
23,y1,0.815,0.787,0.62,0.748,0.697,0.677,0.654,0.678,0.718,0.693,0.59,0.713,0.621,1.0,0.667,0.708
23,y2,0.724,0.806,0.709,0.754,0.84,0.759,0.808,0.668,0.8,0.765,0.72,0.829,0.795,0.667,1.0,0.82
23,y3,0.6,0.713,0.725,0.743,0.729,0.743,0.729,0.675,0.777,0.66,0.633,0.837,0.706,0.708,0.82,1.0
24,.,1.0,0.805,0.693,0.654,0.64,0.518,0.586,0.656,0.659,0.585,0.436,0.517,0.476,0.802,0.701,0.567
24,A1_1,0.805,1.0,0.708,0.695,0.636,0.58,0.768,0.629,0.626,0.586,0.453,0.621,0.494,0.783,0.801,0.7
24,A1_2,0.693,0.708,1.0,0.459,0.365,0.367,0.503,0.591,0.539,0.339,0.257,0.393,0.27,0.601,0.678,0.698
24,A1_3,0.654,0.695,0.459,1.0,0.748,0.78,0.674,0.754,0.646,0.801,0.724,0.789,0.689,0.732,0.74,0.727
24,B1_1,0.64,0.636,0.365,0.748,1.0,0.784,0.812,0.499,0.805,0.833,0.807,0.926,0.94,0.663,0.822,0.7
24,B1_2,0.518,0.58,0.367,0.78,0.784,1.0,0.6,0.556,0.641,0.75,0.829,0.815,0.773,0.65,0.742,0.721
24,B1_3,0.586,0.768,0.503,0.674,0.812,0.6,1.0,0.411,0.777,0.662,0.708,0.815,0.782,0.632,0.797,0.709
24,A2_1,0.656,0.629,0.591,0.754,0.499,0.556,0.411,1.0,0.474,0.649,0.36,0.555,0.449,0.665,0.652,0.658
24,A2_2,0.659,0.626,0.539,0.646,0.805,0.641,0.777,0.474,1.0,0.733,0.728,0.797,0.804,0.702,0.789,0.759
24,A2_3,0.585,0.586,0.339,0.801,0.833,0.75,0.662,0.649,0.733,1.0,0.79,0.888,0.805,0.668,0.747,0.636
24,B2_1,0.436,0.453,0.257,0.724,0.807,0.829,0.708,0.36,0.728,0.79,1.0,0.827,0.853,0.556,0.697,0.602
24,B2_2,0.517,0.621,0.393,0.789,0.926,0.815,0.815,0.555,0.797,0.888,0.827,1.0,0.914,0.68,0.81,0.814
24,B2_3,0.476,0.494,0.27,0.689,0.94,0.773,0.782,0.449,0.804,0.805,0.853,0.914,1.0,0.583,0.773,0.676
24,y1,0.802,0.783,0.601,0.732,0.663,0.65,0.632,0.665,0.702,0.668,0.556,0.68,0.583,1.0,0.653,0.691
24,y2,0.701,0.801,0.678,0.74,0.822,0.742,0.797,0.652,0.789,0.747,0.697,0.81,0.773,0.653,1.0,0.808
24,y3,0.567,0.7,0.698,0.727,0.7,0.721,0.709,0.658,0.759,0.636,0.602,0.814,0.676,0.691,0.808,1.0
25,.,1.0,0.794,0.681,0.622,0.584,0.466,0.542,0.641,0.63,0.54,0.377,0.454,0.414,0.79,0.677,0.533
25,A1_1,0.794,1.0,0.689,0.682,0.605,0.555,0.748,0.621,0.611,0.564,0.42,0.591,0.46,0.781,0.795,0.687
25,A1_2,0.681,0.689,1.0,0.418,0.288,0.3,0.444,0.585,0.497,0.278,0.18,0.313,0.191,0.584,0.648,0.672
25,A1_3,0.622,0.682,0.418,1.0,0.73,0.767,0.66,0.738,0.63,0.792,0.706,0.772,0.668,0.714,0.725,0.71
25,B1_1,0.584,0.605,0.288,0.73,1.0,0.777,0.808,0.451,0.788,0.825,0.804,0.924,0.939,0.625,0.8,0.666
25,B1_2,0.466,0.555,0.3,0.767,0.777,1.0,0.591,0.518,0.623,0.74,0.824,0.81,0.766,0.62,0.723,0.696
25,B1_3,0.542,0.748,0.444,0.66,0.808,0.591,1.0,0.376,0.768,0.652,0.704,0.81,0.779,0.607,0.784,0.687
25,A2_1,0.641,0.621,0.585,0.738,0.451,0.518,0.376,1.0,0.447,0.62,0.313,0.508,0.398,0.653,0.636,0.643
25,A2_2,0.63,0.611,0.497,0.63,0.788,0.623,0.768,0.447,1.0,0.72,0.713,0.78,0.787,0.684,0.776,0.74
25,A2_3,0.54,0.564,0.278,0.792,0.825,0.74,0.652,0.62,0.72,1.0,0.782,0.882,0.796,0.64,0.728,0.608
25,B2_1,0.377,0.42,0.18,0.706,0.804,0.824,0.704,0.313,0.713,0.782,1.0,0.825,0.852,0.517,0.672,0.568
25,B2_2,0.454,0.591,0.313,0.772,0.924,0.81,0.81,0.508,0.78,0.882,0.825,1.0,0.912,0.642,0.787,0.786
25,B2_3,0.414,0.46,0.191,0.668,0.939,0.766,0.779,0.398,0.787,0.796,0.852,0.912,1.0,0.541,0.748,0.641
25,y1,0.79,0.781,0.584,0.714,0.625,0.62,0.607,0.653,0.684,0.64,0.517,0.642,0.541,1.0,0.638,0.674
25,y2,0.677,0.795,0.648,0.725,0.8,0.723,0.784,0.636,0.776,0.728,0.672,0.787,0.748,0.638,1.0,0.795
25,y3,0.533,0.687,0.672,0.71,0.666,0.696,0.687,0.643,0.74,0.608,0.568,0.786,0.641,0.674,0.795,1.0
26,.,1.0,0.782,0.674,0.59,0.523,0.41,0.494,0.627,0.601,0.492,0.314,0.387,0.348,0.778,0.654,0.501
26,A1_1,0.782,1.0,0.672,0.669,0.571,0.528,0.726,0.614,0.597,0.542,0.385,0.558,0.423,0.779,0.79,0.675
