,,.,A1_1,A1_2,A1_3,B1_1,B1_2,B1_3,A2_1,A2_2,A2_3,B2_1,B2_2,B2_3,y1,y2,y3
1,.,0.061,0.034,0.006,0.02,0.012,0.013,0.021,0.017,0.02,0.021,0.037,0.037,0.015,0.205,0.286,0.194
1,A1_1,0.163,0.021,0.01,0.022,0.032,0.073,0.042,0.028,0.029,0.027,0.039,0.034,0.017,0.161,0.108,0.195
1,A1_2,0.102,0.02,0.013,0.015,0.118,0.062,0.1,0.016,0.009,0.014,0.028,0.029,0.022,0.131,0.086,0.235
1,A1_3,0.109,0.007,0.011,0.011,0.322,0.116,0.057,0.015,0.01,0.014,0.023,0.027,0.019,0.105,0.035,0.116
1,B1_1,0.303,0.137,0.233,0.12,0.013,0.01,0.011,0.038,0.024,0.02,0.01,0.013,0.018,0.012,0.021,0.016
1,B1_2,0.192,0.214,0.115,0.156,0.009,0.009,0.017,0.042,0.023,0.021,0.013,0.019,0.013,0.033,0.085,0.041
1,B1_3,0.296,0.148,0.263,0.073,0.015,0.008,0.014,0.031,0.023,0.02,0.012,0.014,0.027,0.012,0.022,0.022
1,A2_1,0.178,0.018,0.022,0.019,0.035,0.012,0.015,0.009,0.011,0.017,0.169,0.126,0.186,0.051,0.067,0.064
1,A2_2,0.256,0.014,0.022,0.015,0.03,0.022,0.016,0.016,0.016,0.02,0.184,0.107,0.134,0.043,0.046,0.059
1,A2_3,0.208,0.023,0.02,0.022,0.025,0.026,0.026,0.023,0.012,0.016,0.188,0.11,0.077,0.058,0.084,0.082
1,B2_1,0.443,0.018,0.037,0.025,0.028,0.02,0.012,0.048,0.117,0.075,0.022,0.023,0.037,0.038,0.021,0.035
1,B2_2,0.303,0.048,0.035,0.045,0.016,0.019,0.023,0.091,0.084,0.059,0.026,0.026,0.017,0.068,0.072,0.068
1,B2_3,0.375,0.027,0.032,0.03,0.01,0.013,0.01,0.09,0.183,0.088,0.013,0.014,0.013,0.04,0.029,0.033
1,y1,0.456,0.015,0.053,0.028,0.075,0.066,0.025,0.046,0.028,0.027,0.041,0.034,0.038,0.025,0.014,0.03
1,y2,0.37,0.031,0.066,0.042,0.064,0.062,0.035,0.047,0.017,0.019,0.058,0.046,0.037,0.032,0.029,0.045
1,y3,0.353,0.013,0.046,0.02,0.121,0.093,0.043,0.031,0.009,0.013,0.079,0.052,0.052,0.022,0.015,0.038
2,.,0.072,0.027,0.018,0.026,0.014,0.021,0.016,0.04,0.095,0.044,0.01,0.038,0.034,0.107,0.272,0.166
2,A1_1,0.078,0.002,0.002,0.002,0.035,0.767,0.039,0.004,0.005,0.004,0.011,0.003,0.002,0.011,0.024,0.011
2,A1_2,0.268,0.016,0.016,0.011,0.202,0.186,0.11,0.008,0.007,0.008,0.009,0.008,0.011,0.046,0.061,0.033
2,A1_3,0.168,0.006,0.011,0.009,0.14,0.409,0.056,0.008,0.013,0.011,0.012,0.011,0.01,0.034,0.069,0.03
2,B1_1,0.145,0.185,0.082,0.291,0.013,0.009,0.016,0.018,0.017,0.012,0.01,0.01,0.011,0.069,0.064,0.048
2,B1_2,0.084,0.151,0.028,0.234,0.007,0.01,0.016,0.05,0.028,0.023,0.011,0.023,0.014,0.083,0.148,0.091
2,B1_3,0.148,0.248,0.057,0.119,0.008,0.006,0.019,0.028,0.023,0.016,0.015,0.016,0.019,0.099,0.089,0.091
2,A2_1,0.338,0.011,0.013,0.008,0.061,0.114,0.05,0.012,0.012,0.022,0.072,0.053,0.074,0.051,0.045,0.065
2,A2_2,0.323,0.018,0.016,0.007,0.018,0.047,0.029,0.01,0.012,0.018,0.149,0.07,0.113,0.056,0.032,0.081
2,A2_3,0.208,0.016,0.014,0.009,0.02,0.049,0.025,0.013,0.012,0.017,0.157,0.144,0.115,0.055,0.05,0.096
2,B2_1,0.083,0.007,0.005,0.005,0.007,0.013,0.007,0.087,0.321,0.236,0.007,0.009,0.018,0.046,0.075,0.072
2,B2_2,0.166,0.028,0.011,0.024,0.027,0.04,0.033,0.162,0.094,0.14,0.014,0.013,0.012,0.06,0.101,0.074
2,B2_3,0.109,0.026,0.011,0.021,0.01,0.015,0.013,0.176,0.191,0.197,0.009,0.009,0.01,0.052,0.082,0.068
2,y1,0.363,0.02,0.017,0.019,0.092,0.163,0.059,0.026,0.018,0.031,0.037,0.018,0.017,0.041,0.043,0.037
2,y2,0.415,0.019,0.014,0.018,0.072,0.196,0.06,0.02,0.007,0.02,0.067,0.015,0.012,0.025,0.019,0.022
2,y3,0.406,0.074,0.036,0.089,0.054,0.056,0.05,0.028,0.009,0.021,0.043,0.018,0.015,0.042,0.03,0.032
3,.,0.082,0.079,0.05,0.06,0.021,0.014,0.024,0.042,0.027,0.023,0.026,0.025,0.023,0.163,0.14,0.2
3,A1_1,0.349,0.011,0.006,0.012,0.036,0.182,0.085,0.03,0.014,0.017,0.009,0.007,0.011,0.053,0.126,0.053
3,A1_2,0.316,0.026,0.025,0.024,0.072,0.052,0.092,0.017,0.009,0.011,0.011,0.011,0.02,0.105,0.116,0.092
3,A1_3,0.213,0.003,0.004,0.005,0.138,0.363,0.085,0.007,0.007,0.013,0.006,0.01,0.011,0.032,0.074,0.028
3,B1_1,0.268,0.055,0.092,0.268,0.025,0.017,0.022,0.013,0.018,0.012,0.014,0.007,0.011,0.058,0.034,0.086
3,B1_2,0.09,0.247,0.047,0.226,0.006,0.005,0.014,0.031,0.012,0.009,0.016,0.013,0.01,0.092,0.058,0.125
3,B1_3,0.108,0.096,0.174,0.128,0.008,0.004,0.012,0.014,0.017,0.006,0.024,0.008,0.013,0.146,0.068,0.173
3,A2_1,0.271,0.011,0.011,0.011,0.045,0.103,0.033,0.01,0.013,0.015,0.064,0.111,0.11,0.066,0.074,0.051
3,A2_2,0.211,0.007,0.015,0.005,0.006,0.02,0.009,0.006,0.013,0.006,0.25,0.129,0.201,0.05,0.039,0.031
3,A2_3,0.106,0.021,0.017,0.008,0.009,0.024,0.011,0.01,0.014,0.009,0.213,0.204,0.127,0.088,0.082,0.057
3,B2_1,0.147,0.007,0.01,0.005,0.007,0.013,0.007,0.221,0.172,0.221,0.009,0.006,0.011,0.032,0.065,0.067
3,B2_2,0.211,0.026,0.01,0.018,0.016,0.017,0.025,0.287,0.058,0.173,0.007,0.006,0.008,0.03,0.055,0.055
3,B2_3,0.117,0.022,0.009,0.01,0.004,0.007,0.01,0.402,0.091,0.154,0.005,0.003,0.004,0.031,0.064,0.067
3,y1,0.54,0.03,0.019,0.052,0.024,0.03,0.028,0.06,0.025,0.063,0.029,0.019,0.017,0.019,0.021,0.025
3,y2,0.57,0.025,0.017,0.061,0.052,0.057,0.05,0.025,0.011,0.031,0.017,0.014,0.012,0.018,0.02,0.021
3,y3,0.666,0.024,0.021,0.078,0.021,0.026,0.026,0.025,0.013,0.027,0.018,0.009,0.009,0.011,0.011,0.015
4,.,0.084,0.025,0.038,0.037,0.029,0.035,0.031,0.067,0.067,0.087,0.034,0.042,0.035,0.115,0.142,0.132
4,A1_1,0.249,0.004,0.004,0.006,0.027,0.388,0.137,0.01,0.007,0.007,0.005,0.008,0.005,0.032,0.039,0.072
4,A1_2,0.139,0.011,0.014,0.011,0.071,0.097,0.269,0.008,0.003,0.006,0.007,0.011,0.012,0.094,0.084,0.163
4,A1_3,0.159,0.002,0.003,0.003,0.052,0.519,0.13,0.006,0.007,0.009,0.003,0.01,0.007,0.017,0.036,0.038
4,B1_1,0.141,0.05,0.198,0.112,0.018,0.017,0.022,0.011,0.013,0.01,0.017,0.007,0.012,0.147,0.067,0.158
4,B1_2,0.116,0.146,0.062,0.202,0.009,0.006,0.021,0.043,0.012,0.023,0.018,0.013,0.008,0.13,0.047,0.144
4,B1_3,0.219,0.158,0.177,0.107,0.013,0.006,0.022,0.019,0.011,0.008,0.021,0.006,0.008,0.099,0.037,0.09
4,A2_1,0.105,0.008,0.006,0.008,0.018,0.032,0.024,0.006,0.014,0.026,0.089,0.166,0.261,0.083,0.097,0.058
4,A2_2,0.118,0.01,0.012,0.005,0.006,0.006,0.007,0.004,0.016,0.009,0.169,0.048,0.381,0.097,0.069,0.043
4,A2_3,0.105,0.029,0.016,0.014,0.007,0.012,0.014,0.006,0.012,0.008,0.176,0.088,0.16,0.16,0.099,0.094
4,B2_1,0.205,0.006,0.006,0.007,0.007,0.008,0.004,0.061,0.244,0.374,0.006,0.006,0.013,0.017,0.022,0.015
4,B2_2,0.193,0.009,0.003,0.006,0.011,0.008,0.014,0.088,0.121,0.354,0.005,0.006,0.011,0.058,0.052,0.061
4,B2_3,0.353,0.024,0.015,0.01,0.01,0.02,0.019,0.098,0.141,0.084,0.015,0.005,0.011,0.066,0.055,0.073
4,y1,0.479,0.039,0.033,0.075,0.024,0.015,0.026,0.041,0.027,0.066,0.028,0.03,0.059,0.02,0.019,0.018
4,y2,0.453,0.04,0.038,0.083,0.027,0.02,0.033,0.044,0.027,0.06,0.025,0.026,0.049,0.026,0.023,0.025
4,y3,0.526,0.032,0.032,0.063,0.03,0.022,0.033,0.038,0.025,0.055,0.023,0.026,0.049,0.016,0.016,0.015
5,.,0.029,0.037,0.025,0.04,0.032,0.019,0.016,0.031,0.016,0.018,0.012,0.011,0.009,0.289,0.232,0.184
5,A1_1,0.375,0.005,0.004,0.006,0.076,0.166,0.035,0.01,0.02,0.01,0.005,0.008,0.008,0.084,0.094,0.095
5,A1_2,0.247,0.005,0.007,0.004,0.546,0.027,0.052,0.005,0.001,0.002,0.002,0.004,0.006,0.029,0.025,0.039
5,A1_3,0.3,0.003,0.007,0.004,0.344,0.096,0.03,0.005,0.009,0.011,0.003,0.008,0.009,0.049,0.06,0.061
5,B1_1,0.175,0.049,0.133,0.091,0.019,0.01,0.012,0.011,0.01,0.006,0.016,0.005,0.008,0.156,0.111,0.186
5,B1_2,0.132,0.132,0.028,0.07,0.006,0.007,0.01,0.082,0.017,0.01,0.011,0.005,0.004,0.236,0.076,0.176
5,B1_3,0.279,0.104,0.226,0.067,0.022,0.006,0.016,0.021,0.011,0.007,0.025,0.005,0.013,0.067,0.046,0.084
5,A2_1,0.237,0.008,0.009,0.011,0.058,0.065,0.023,0.009,0.008,0.013,0.05,0.098,0.102,0.114,0.076,0.119
5,A2_2,0.133,0.006,0.016,0.009,0.004,0.009,0.011,0.01,0.016,0.007,0.188,0.062,0.16,0.145,0.076,0.149
5,A2_3,0.201,0.008,0.014,0.007,0.006,0.017,0.011,0.007,0.011,0.007,0.211,0.104,0.207,0.07,0.041,0.08
5,B2_1,0.115,0.004,0.008,0.005,0.005,0.015,0.005,0.035,0.449,0.089,0.008,0.006,0.01,0.098,0.075,0.075
5,B2_2,0.165,0.012,0.006,0.007,0.01,0.008,0.012,0.103,0.078,0.027,0.009,0.007,0.009,0.271,0.09,0.186
5,B2_3,0.125,0.01,0.009,0.006,0.003,0.007,0.007,0.114,0.453,0.066,0.007,0.002,0.006,0.08,0.051,0.055
5,y1,0.639,0.025,0.022,0.014,0.031,0.037,0.022,0.026,0.022,0.027,0.025,0.024,0.058,0.009,0.008,0.012
5,y2,0.591,0.027,0.023,0.018,0.049,0.041,0.03,0.03,0.017,0.025,0.023,0.025,0.057,0.014,0.012,0.017
5,y3,0.56,0.026,0.026,0.019,0.029,0.03,0.026,0.037,0.023,0.032,0.036,0.031,0.089,0.013,0.01,0.014
6,.,0.042,0.051,0.031,0.046,0.019,0.025,0.045,0.079,0.041,0.035,0.025,0.042,0.028,0.107,0.134,0.25
6,A1_1,0.249,0.005,0.003,0.006,0.036,0.156,0.17,0.008,0.013,0.007,0.004,0.013,0.019,0.12,0.096,0.096
6,A1_2,0.305,0.009,0.009,0.007,0.14,0.035,0.258,0.005,0.002,0.002,0.003,0.003,0.013,0.083,0.072,0.053
6,A1_3,0.352,0.005,0.008,0.008,0.106,0.134,0.11,0.007,0.022,0.019,0.005,0.011,0.024,0.063,0.068,0.058
6,B1_1,0.199,0.067,0.267,0.165,0.011,0.008,0.013,0.006,0.013,0.004,0.011,0.003,0.007,0.051,0.095,0.077
6,B1_2,0.155,0.082,0.031,0.088,0.005,0.007,0.011,0.093,0.018,0.022,0.012,0.009,0.008,0.102,0.196,0.162
6,B1_3,0.175,0.206,0.195,0.102,0.013,0.006,0.017,0.02,0.015,0.005,0.015,0.004,0.004,0.047,0.097,0.078
6,A2_1,0.3,0.003,0.006,0.007,0.022,0.026,0.018,0.005,0.005,0.014,0.065,0.08,0.201,0.104,0.064,0.08
6,A2_2,0.277,0.007,0.015,0.01,0.008,0.008,0.011,0.01,0.007,0.01,0.156,0.033,0.13,0.114,0.089,0.115
6,A2_3,0.245,0.007,0.007,0.006,0.004,0.008,0.006,0.007,0.005,0.009,0.24,0.104,0.148,0.08,0.052,0.073
6,B2_1,0.147,0.004,0.009,0.006,0.013,0.031,0.007,0.041,0.292,0.236,0.007,0.004,0.009,0.034,0.088,0.073
6,B2_2,0.144,0.009,0.004,0.008,0.008,0.006,0.006,0.301,0.051,0.202,0.006,0.004,0.009,0.044,0.116,0.081
6,B2_3,0.158,0.012,0.007,0.01,0.004,0.009,0.009,0.189,0.093,0.093,0.011,0.003,0.007,0.074,0.179,0.143
6,y1,0.532,0.057,0.047,0.049,0.03,0.039,0.044,0.022,0.034,0.015,0.027,0.028,0.029,0.012,0.017,0.018
6,y2,0.657,0.037,0.026,0.03,0.032,0.031,0.045,0.018,0.016,0.01,0.019,0.02,0.027,0.009,0.012,0.011
6,y3,0.633,0.042,0.023,0.037,0.023,0.031,0.039,0.021,0.016,0.011,0.022,0.03,0.03,0.012,0.015,0.015
7,.,0.047,0.046,0.054,0.05,0.025,0.029,0.029,0.056,0.047,0.062,0.055,0.045,0.059,0.097,0.174,0.126
7,A1_1,0.335,0.003,0.002,0.004,0.039,0.229,0.118,0.003,0.015,0.006,0.002,0.012,0.007,0.063,0.078,0.084
7,A1_2,0.289,0.009,0.009,0.007,0.144,0.032,0.114,0.007,0.002,0.002,0.004,0.004,0.008,0.118,0.147,0.103
7,A1_3,0.143,0.003,0.006,0.004,0.282,0.168,0.081,0.004,0.016,0.018,0.002,0.012,0.009,0.061,0.098,0.091
7,B1_1,0.437,0.027,0.068,0.098,0.009,0.01,0.009,0.005,0.01,0.004,0.01,0.004,0.011,0.097,0.139,0.063
7,B1_2,0.214,0.17,0.035,0.288,0.005,0.005,0.008,0.068,0.009,0.007,0.006,0.005,0.005,0.062,0.076,0.037
7,B1_3,0.357,0.106,0.088,0.07,0.016,0.006,0.012,0.014,0.01,0.005,0.015,0.005,0.006,0.106,0.12,0.065
7,A2_1,0.169,0.004,0.005,0.007,0.016,0.037,0.013,0.007,0.005,0.018,0.04,0.181,0.08,0.133,0.178,0.107
7,A2_2,0.41,0.004,0.007,0.004,0.004,0.005,0.006,0.009,0.007,0.008,0.092,0.024,0.059,0.122,0.151,0.088
7,A2_3,0.396,0.011,0.007,0.007,0.004,0.009,0.007,0.012,0.008,0.012,0.098,0.096,0.045,0.106,0.108,0.073
7,B2_1,0.074,0.002,0.003,0.004,0.007,0.01,0.002,0.023,0.678,0.123,0.003,0.001,0.003,0.014,0.027,0.026
7,B2_2,0.171,0.014,0.003,0.012,0.011,0.006,0.006,0.3,0.128,0.121,0.011,0.007,0.01,0.054,0.084,0.062
7,B2_3,0.315,0.009,0.005,0.008,0.005,0.013,0.011,0.065,0.341,0.038,0.007,0.002,0.004,0.047,0.067,0.064
7,y1,0.353,0.118,0.044,0.077,0.063,0.025,0.029,0.056,0.037,0.055,0.034,0.04,0.026,0.011,0.014,0.019
7,y2,0.542,0.08,0.036,0.072,0.038,0.023,0.03,0.031,0.025,0.023,0.023,0.02,0.019,0.011,0.013,0.017
7,y3,0.362,0.103,0.06,0.085,0.055,0.039,0.047,0.025,0.02,0.025,0.038,0.047,0.034,0.016,0.019,0.025
8,.,0.037,0.034,0.044,0.037,0.027,0.039,0.017,0.037,0.028,0.039,0.044,0.032,0.046,0.175,0.189,0.175
8,A1_1,0.324,0.002,0.002,0.005,0.028,0.266,0.089,0.005,0.013,0.006,0.002,0.015,0.012,0.081,0.07,0.08
8,A1_2,0.207,0.009,0.012,0.006,0.088,0.033,0.233,0.006,0.002,0.002,0.002,0.003,0.005,0.163,0.115,0.114
8,A1_3,0.247,0.003,0.007,0.006,0.134,0.168,0.095,0.005,0.011,0.014,0.002,0.013,0.015,0.103,0.083,0.093
8,B1_1,0.156,0.046,0.346,0.179,0.009,0.007,0.006,0.003,0.005,0.002,0.008,0.003,0.009,0.086,0.075,0.062
8,B1_2,0.123,0.318,0.071,0.202,0.005,0.004,0.008,0.038,0.005,0.006,0.006,0.003,0.003,0.078,0.078,0.052
8,B1_3,0.212,0.072,0.216,0.056,0.011,0.006,0.015,0.011,0.01,0.005,0.022,0.005,0.008,0.137,0.123,0.093
8,A2_1,0.177,0.002,0.003,0.006,0.01,0.03,0.006,0.003,0.004,0.012,0.074,0.145,0.411,0.044,0.042,0.03
8,A2_2,0.105,0.002,0.004,0.002,0.002,0.002,0.002,0.005,0.004,0.008,0.295,0.029,0.471,0.029,0.025,0.016
8,A2_3,0.279,0.009,0.006,0.005,0.003,0.006,0.006,0.01,0.006,0.011,0.255,0.086,0.174,0.057,0.055,0.032
8,B2_1,0.18,0.003,0.007,0.006,0.011,0.018,0.005,0.05,0.219,0.261,0.007,0.004,0.01,0.08,0.071,0.069
8,B2_2,0.206,0.013,0.003,0.008,0.01,0.007,0.008,0.172,0.05,0.231,0.011,0.006,0.013,0.106,0.092,0.066
8,B2_3,0.195,0.019,0.008,0.014,0.004,0.01,0.012,0.168,0.111,0.073,0.009,0.002,0.005,0.139,0.124,0.108
8,y1,0.482,0.046,0.058,0.035,0.056,0.04,0.069,0.024,0.024,0.031,0.032,0.031,0.033,0.013,0.012,0.013
8,y2,0.51,0.038,0.055,0.03,0.056,0.039,0.082,0.025,0.028,0.028,0.023,0.019,0.023,0.014,0.012,0.014
8,y3,0.513,0.033,0.032,0.019,0.05,0.044,0.092,0.032,0.031,0.036,0.03,0.027,0.027,0.012,0.011,0.012
9,.,0.035,0.045,0.052,0.035,0.045,0.034,0.045,0.083,0.041,0.043,0.027,0.031,0.018,0.109,0.129,0.229
9,A1_1,0.252,0.002,0.004,0.003,0.047,0.195,0.081,0.006,0.014,0.005,0.002,0.015,0.005,0.091,0.112,0.167
9,A1_2,0.176,0.008,0.011,0.006,0.19,0.028,0.115,0.008,0.002,0.002,0.002,0.004,0.006,0.135,0.13,0.177
9,A1_3,0.331,0.003,0.007,0.006,0.123,0.086,0.038,0.006,0.01,0.015,0.002,0.014,0.011,0.092,0.115,0.142
9,B1_1,0.262,0.046,0.205,0.202,0.012,0.008,0.009,0.003,0.008,0.003,0.007,0.007,0.016,0.056,0.079,0.076
9,B1_2,0.26,0.084,0.036,0.267,0.006,0.004,0.011,0.052,0.008,0.007,0.006,0.007,0.006,0.06,0.093,0.092
9,B1_3,0.178,0.334,0.184,0.116,0.008,0.002,0.01,0.012,0.005,0.003,0.007,0.002,0.003,0.046,0.043,0.046
9,A2_1,0.245,0.002,0.004,0.005,0.014,0.05,0.011,0.004,0.005,0.01,0.042,0.323,0.072,0.047,0.076,0.092
9,A2_2,0.273,0.003,0.007,0.008,0.004,0.004,0.004,0.011,0.006,0.01,0.132,0.042,0.198,0.069,0.107,0.121
9,A2_3,0.2,0.011,0.007,0.006,0.003,0.01,0.006,0.012,0.006,0.01,0.208,0.175,0.062,0.066,0.094,0.123
9,B2_1,0.383,0.003,0.005,0.005,0.006,0.018,0.005,0.044,0.173,0.157,0.006,0.003,0.007,0.048,0.059,0.076
9,B2_2,0.179,0.005,0.001,0.005,0.005,0.003,0.006,0.411,0.037,0.149,0.006,0.003,0.005,0.047,0.06,0.079
9,B2_3,0.246,0.008,0.004,0.009,0.004,0.007,0.012,0.261,0.123,0.068,0.006,0.001,0.004,0.065,0.075,0.107
9,y1,0.466,0.04,0.062,0.034,0.034,0.039,0.039,0.023,0.04,0.046,0.059,0.045,0.038,0.013,0.01,0.011
9,y2,0.481,0.045,0.07,0.04,0.04,0.031,0.04,0.026,0.038,0.044,0.044,0.029,0.034,0.015,0.011,0.013
9,y3,0.515,0.032,0.036,0.021,0.037,0.04,0.045,0.029,0.035,0.051,0.052,0.041,0.032,0.014,0.01,0.011
10,.,0.037,0.028,0.051,0.073,0.032,0.042,0.035,0.038,0.053,0.048,0.062,0.055,0.062,0.112,0.157,0.116
10,A1_1,0.276,0.002,0.003,0.003,0.04,0.179,0.126,0.006,0.011,0.003,0.001,0.007,0.007,0.126,0.107,0.1
10,A1_2,0.245,0.009,0.01,0.008,0.132,0.02,0.067,0.012,0.002,0.003,0.002,0.003,0.008,0.213,0.138,0.128
10,A1_3,0.155,0.001,0.005,0.004,0.335,0.146,0.056,0.003,0.005,0.007,0.001,0.006,0.009,0.097,0.095,0.077
10,B1_1,0.383,0.029,0.076,0.115,0.008,0.007,0.006,0.005,0.011,0.004,0.008,0.004,0.011,0.128,0.111,0.095
10,B1_2,0.337,0.104,0.033,0.117,0.005,0.004,0.009,0.045,0.007,0.008,0.006,0.006,0.005,0.139,0.094,0.08
10,B1_3,0.264,0.175,0.125,0.07,0.011,0.004,0.012,0.011,0.006,0.003,0.009,0.005,0.003,0.131,0.092,0.077
10,A2_1,0.185,0.002,0.004,0.006,0.014,0.042,0.01,0.002,0.004,0.007,0.047,0.15,0.221,0.097,0.098,0.11
10,A2_2,0.1,0.002,0.002,0.002,0.001,0.001,0.002,0.005,0.004,0.004,0.464,0.032,0.287,0.028,0.029,0.037
10,A2_3,0.242,0.015,0.007,0.006,0.003,0.011,0.01,0.009,0.006,0.007,0.135,0.157,0.08,0.111,0.095,0.107
10,B2_1,0.201,0.002,0.004,0.003,0.007,0.018,0.005,0.033,0.376,0.135,0.004,0.002,0.006,0.045,0.099,0.06
10,B2_2,0.31,0.004,0.001,0.002,0.007,0.004,0.006,0.183,0.032,0.073,0.005,0.003,0.007,0.116,0.142,0.106
10,B2_3,0.26,0.008,0.005,0.005,0.002,0.005,0.009,0.219,0.241,0.072,0.008,0.001,0.004,0.045,0.068,0.047
10,y1,0.417,0.043,0.06,0.077,0.026,0.028,0.032,0.043,0.034,0.055,0.064,0.043,0.05,0.01,0.009,0.01
10,y2,0.591,0.027,0.035,0.04,0.024,0.03,0.033,0.033,0.028,0.039,0.031,0.028,0.03,0.011,0.009,0.009
10,y3,0.504,0.024,0.038,0.038,0.02,0.031,0.029,0.034,0.045,0.055,0.062,0.038,0.051,0.01,0.01,0.01
11,.,0.03,0.035,0.043,0.031,0.054,0.035,0.034,0.057,0.059,0.05,0.027,0.023,0.028,0.178,0.12,0.196
11,A1_1,0.252,0.001,0.002,0.003,0.03,0.304,0.097,0.005,0.01,0.004,0.001,0.006,0.004,0.126,0.067,0.089
11,A1_2,0.433,0.006,0.007,0.004,0.133,0.029,0.127,0.009,0.002,0.003,0.002,0.002,0.004,0.105,0.072,0.061
11,A1_3,0.312,0.002,0.004,0.004,0.174,0.141,0.05,0.003,0.007,0.01,0.001,0.006,0.007,0.116,0.078,0.083
11,B1_1,0.225,0.026,0.374,0.11,0.007,0.005,0.006,0.002,0.007,0.002,0.006,0.003,0.007,0.072,0.076,0.072
11,B1_2,0.173,0.154,0.151,0.257,0.004,0.003,0.008,0.02,0.004,0.006,0.005,0.004,0.003,0.075,0.076,0.056
11,B1_3,0.12,0.116,0.632,0.032,0.007,0.001,0.007,0.003,0.003,0.001,0.006,0.002,0.001,0.026,0.022,0.021
11,A2_1,0.226,0.002,0.003,0.006,0.01,0.046,0.009,0.002,0.003,0.007,0.022,0.084,0.099,0.18,0.142,0.158
11,A2_2,0.133,0.003,0.004,0.005,0.001,0.002,0.003,0.008,0.005,0.007,0.199,0.033,0.213,0.119,0.12,0.146
11,A2_3,0.16,0.011,0.009,0.006,0.002,0.009,0.006,0.007,0.005,0.009,0.148,0.151,0.091,0.141,0.105,0.139
11,B2_1,0.306,0.002,0.003,0.004,0.006,0.014,0.003,0.039,0.199,0.174,0.003,0.002,0.006,0.075,0.062,0.1
11,B2_2,0.229,0.007,0.001,0.004,0.005,0.003,0.005,0.282,0.039,0.206,0.006,0.002,0.005,0.074,0.061,0.072
11,B2_3,0.283,0.007,0.005,0.007,0.002,0.006,0.01,0.199,0.193,0.067,0.005,0.001,0.003,0.071,0.056,0.086
11,y1,0.62,0.031,0.037,0.017,0.031,0.028,0.031,0.033,0.039,0.041,0.025,0.022,0.024,0.007,0.007,0.006
11,y2,0.602,0.027,0.033,0.016,0.04,0.043,0.039,0.026,0.034,0.037,0.024,0.03,0.028,0.008,0.007,0.007
11,y3,0.579,0.025,0.037,0.02,0.039,0.045,0.041,0.03,0.044,0.038,0.024,0.024,0.028,0.009,0.008,0.009
12,.,0.028,0.062,0.051,0.057,0.058,0.046,0.04,0.046,0.037,0.04,0.038,0.035,0.041,0.131,0.136,0.154
12,A1_1,0.167,0.0,0.001,0.002,0.023,0.537,0.114,0.003,0.007,0.002,0.0,0.005,0.005,0.056,0.031,0.046
12,A1_2,0.243,0.003,0.004,0.003,0.307,0.05,0.232,0.006,0.001,0.001,0.001,0.001,0.003,0.059,0.044,0.042
12,A1_3,0.302,0.001,0.004,0.005,0.147,0.268,0.065,0.004,0.008,0.01,0.001,0.007,0.008,0.068,0.05,0.053
12,B1_1,0.311,0.034,0.167,0.2,0.007,0.011,0.006,0.001,0.009,0.002,0.005,0.004,0.007,0.092,0.074,0.069
12,B1_2,0.308,0.206,0.024,0.146,0.004,0.003,0.009,0.058,0.008,0.009,0.006,0.003,0.003,0.072,0.084,0.057
12,B1_3,0.416,0.23,0.101,0.045,0.008,0.002,0.01,0.01,0.004,0.002,0.007,0.002,0.002,0.054,0.055,0.051
12,A2_1,0.276,0.002,0.004,0.006,0.01,0.063,0.009,0.002,0.004,0.009,0.032,0.159,0.168,0.112,0.072,0.071
12,A2_2,0.247,0.002,0.004,0.003,0.001,0.001,0.002,0.008,0.004,0.005,0.243,0.029,0.143,0.126,0.101,0.079
12,A2_3,0.324,0.009,0.007,0.005,0.002,0.007,0.005,0.007,0.004,0.006,0.136,0.104,0.09,0.118,0.087,0.089
12,B2_1,0.232,0.002,0.003,0.005,0.004,0.01,0.002,0.059,0.239,0.287,0.003,0.003,0.005,0.042,0.056,0.047
12,B2_2,0.135,0.005,0.0,0.001,0.004,0.001,0.004,0.539,0.028,0.151,0.005,0.002,0.003,0.034,0.055,0.034
12,B2_3,0.296,0.005,0.003,0.005,0.002,0.004,0.009,0.25,0.177,0.063,0.005,0.001,0.002,0.053,0.065,0.06
12,y1,0.439,0.074,0.048,0.041,0.039,0.028,0.035,0.04,0.044,0.044,0.066,0.045,0.03,0.01,0.009,0.009
12,y2,0.358,0.064,0.041,0.036,0.064,0.034,0.042,0.054,0.055,0.072,0.068,0.052,0.036,0.009,0.008,0.008
12,y3,0.415,0.065,0.049,0.045,0.048,0.036,0.039,0.04,0.052,0.052,0.054,0.043,0.031,0.011,0.01,0.01
13,.,0.022,0.041,0.036,0.04,0.034,0.041,0.032,0.037,0.032,0.028,0.035,0.046,0.048,0.174,0.202,0.15
13,A1_1,0.124,0.001,0.001,0.001,0.025,0.501,0.108,0.003,0.006,0.003,0.001,0.007,0.004,0.076,0.068,0.071
13,A1_2,0.237,0.004,0.006,0.004,0.302,0.04,0.182,0.006,0.001,0.002,0.001,0.001,0.004,0.08,0.071,0.059
13,A1_3,0.146,0.001,0.004,0.004,0.198,0.267,0.057,0.003,0.005,0.009,0.001,0.008,0.007,0.103,0.097,0.091
13,B1_1,0.213,0.031,0.211,0.236,0.005,0.007,0.004,0.001,0.007,0.002,0.003,0.003,0.007,0.111,0.081,0.079
13,B1_2,0.349,0.141,0.037,0.111,0.004,0.003,0.008,0.04,0.007,0.01,0.007,0.004,0.004,0.101,0.099,0.075
13,B1_3,0.292,0.176,0.26,0.051,0.01,0.002,0.009,0.007,0.003,0.002,0.007,0.002,0.002,0.061,0.058,0.058
13,A2_1,0.12,0.001,0.002,0.004,0.006,0.04,0.004,0.001,0.002,0.006,0.027,0.328,0.296,0.056,0.052,0.055
13,A2_2,0.181,0.002,0.003,0.003,0.001,0.001,0.002,0.004,0.003,0.005,0.17,0.045,0.366,0.079,0.072,0.064
13,A2_3,0.252,0.01,0.008,0.004,0.002,0.007,0.003,0.005,0.003,0.006,0.095,0.203,0.12,0.088,0.092,0.102
13,B2_1,0.256,0.002,0.003,0.006,0.006,0.012,0.002,0.025,0.119,0.177,0.004,0.005,0.009,0.127,0.137,0.109
13,B2_2,0.243,0.005,0.001,0.002,0.007,0.003,0.005,0.185,0.02,0.159,0.006,0.003,0.006,0.115,0.148,0.095
13,B2_3,0.249,0.005,0.003,0.005,0.002,0.004,0.008,0.201,0.19,0.066,0.005,0.001,0.002,0.091,0.099,0.068
13,y1,0.617,0.029,0.033,0.036,0.028,0.027,0.03,0.029,0.042,0.031,0.03,0.022,0.026,0.007,0.007,0.006
13,y2,0.535,0.034,0.033,0.038,0.04,0.033,0.035,0.035,0.042,0.041,0.041,0.036,0.037,0.007,0.007,0.006
13,y3,0.582,0.032,0.035,0.04,0.029,0.032,0.034,0.029,0.04,0.03,0.033,0.028,0.03,0.009,0.009,0.008
14,.,0.023,0.04,0.061,0.057,0.053,0.043,0.04,0.036,0.043,0.038,0.039,0.04,0.044,0.15,0.162,0.131
14,A1_1,0.213,0.001,0.001,0.002,0.024,0.243,0.25,0.006,0.008,0.003,0.001,0.006,0.005,0.081,0.068,0.089
14,A1_2,0.368,0.004,0.004,0.003,0.164,0.019,0.187,0.007,0.001,0.002,0.001,0.001,0.003,0.079,0.073,0.085
14,A1_3,0.303,0.001,0.004,0.004,0.173,0.135,0.072,0.003,0.005,0.01,0.001,0.005,0.008,0.089,0.09,0.097
14,B1_1,0.201,0.029,0.309,0.255,0.005,0.004,0.004,0.001,0.005,0.001,0.003,0.002,0.005,0.053,0.058,0.065
14,B1_2,0.281,0.171,0.036,0.153,0.004,0.003,0.006,0.039,0.006,0.008,0.006,0.004,0.004,0.094,0.082,0.105
14,B1_3,0.188,0.217,0.381,0.069,0.006,0.001,0.006,0.005,0.002,0.001,0.006,0.001,0.001,0.036,0.035,0.044
14,A2_1,0.192,0.001,0.002,0.004,0.007,0.033,0.006,0.001,0.002,0.007,0.043,0.317,0.206,0.06,0.057,0.061
14,A2_2,0.241,0.002,0.003,0.002,0.001,0.001,0.001,0.005,0.003,0.004,0.269,0.038,0.217,0.076,0.071,0.065
14,A2_3,0.174,0.008,0.005,0.002,0.001,0.003,0.002,0.003,0.002,0.004,0.29,0.279,0.093,0.047,0.04,0.048
14,B2_1,0.27,0.002,0.003,0.005,0.004,0.008,0.001,0.023,0.164,0.298,0.003,0.003,0.006,0.073,0.074,0.063
14,B2_2,0.342,0.003,0.0,0.001,0.005,0.002,0.003,0.123,0.016,0.179,0.004,0.002,0.004,0.117,0.097,0.102
14,B2_3,0.264,0.006,0.004,0.006,0.002,0.004,0.009,0.187,0.176,0.071,0.005,0.001,0.002,0.097,0.083,0.083
14,y1,0.458,0.049,0.054,0.054,0.038,0.042,0.059,0.046,0.041,0.035,0.039,0.03,0.032,0.008,0.008,0.007
14,y2,0.426,0.054,0.053,0.053,0.042,0.041,0.054,0.047,0.037,0.041,0.05,0.04,0.039,0.008,0.008,0.007
14,y3,0.468,0.043,0.045,0.045,0.034,0.043,0.052,0.042,0.037,0.037,0.047,0.04,0.039,0.009,0.009,0.008
15,.,0.018,0.042,0.053,0.061,0.049,0.045,0.039,0.034,0.041,0.038,0.026,0.031,0.037,0.162,0.206,0.118
15,A1_1,0.163,0.001,0.001,0.002,0.023,0.26,0.278,0.005,0.006,0.002,0.001,0.005,0.004,0.078,0.084,0.089
15,A1_2,0.201,0.003,0.004,0.003,0.209,0.019,0.243,0.007,0.001,0.001,0.001,0.001,0.003,0.091,0.105,0.108
15,A1_3,0.219,0.001,0.004,0.003,0.268,0.118,0.078,0.003,0.004,0.01,0.001,0.005,0.006,0.079,0.103,0.098
15,B1_1,0.173,0.021,0.135,0.42,0.004,0.004,0.003,0.001,0.005,0.001,0.002,0.002,0.004,0.068,0.086,0.072
15,B1_2,0.235,0.168,0.021,0.216,0.003,0.002,0.005,0.037,0.005,0.008,0.006,0.003,0.003,0.092,0.094,0.102
15,B1_3,0.283,0.154,0.135,0.084,0.008,0.002,0.006,0.006,0.003,0.002,0.009,0.003,0.002,0.091,0.1,0.111
15,A2_1,0.223,0.001,0.003,0.004,0.007,0.033,0.006,0.001,0.002,0.007,0.031,0.191,0.221,0.081,0.101,0.087
15,A2_2,0.252,0.002,0.003,0.003,0.001,0.001,0.002,0.005,0.003,0.005,0.166,0.021,0.251,0.089,0.111,0.086
15,A2_3,0.267,0.007,0.005,0.003,0.001,0.003,0.002,0.005,0.002,0.005,0.2,0.146,0.091,0.082,0.09,0.093
15,B2_1,0.21,0.001,0.002,0.004,0.004,0.008,0.001,0.027,0.188,0.323,0.002,0.002,0.005,0.064,0.088,0.07
15,B2_2,0.171,0.003,0.0,0.001,0.004,0.002,0.002,0.289,0.019,0.279,0.003,0.002,0.003,0.067,0.076,0.079
15,B2_3,0.25,0.005,0.003,0.004,0.001,0.004,0.007,0.219,0.183,0.074,0.004,0.001,0.002,0.077,0.084,0.081
15,y1,0.47,0.054,0.039,0.043,0.042,0.054,0.058,0.043,0.037,0.038,0.033,0.034,0.034,0.007,0.007,0.007
15,y2,0.397,0.058,0.044,0.05,0.047,0.058,0.058,0.045,0.041,0.045,0.044,0.044,0.051,0.007,0.007,0.006
15,y3,0.499,0.047,0.036,0.042,0.041,0.05,0.051,0.037,0.034,0.037,0.032,0.033,0.037,0.007,0.008,0.007
16,.,0.016,0.042,0.047,0.042,0.037,0.037,0.034,0.036,0.032,0.036,0.037,0.043,0.042,0.164,0.182,0.171
16,A1_1,0.201,0.001,0.001,0.002,0.02,0.302,0.215,0.005,0.006,0.002,0.001,0.005,0.003,0.077,0.066,0.094
16,A1_2,0.245,0.004,0.004,0.003,0.224,0.026,0.169,0.007,0.001,0.001,0.001,0.001,0.003,0.097,0.094,0.12
16,A1_3,0.22,0.001,0.003,0.002,0.2,0.259,0.071,0.002,0.004,0.008,0.0,0.005,0.006,0.067,0.069,0.082
16,B1_1,0.199,0.024,0.303,0.26,0.004,0.004,0.003,0.0,0.005,0.001,0.002,0.002,0.005,0.059,0.065,0.063
16,B1_2,0.158,0.321,0.023,0.243,0.003,0.001,0.004,0.039,0.003,0.004,0.004,0.002,0.002,0.06,0.064,0.067
16,B1_3,0.232,0.216,0.196,0.066,0.007,0.002,0.005,0.005,0.003,0.001,0.008,0.002,0.001,0.076,0.085,0.096
16,A2_1,0.212,0.001,0.002,0.004,0.006,0.033,0.005,0.001,0.002,0.005,0.031,0.257,0.26,0.063,0.057,0.063
16,A2_2,0.25,0.001,0.002,0.002,0.001,0.0,0.001,0.005,0.003,0.003,0.207,0.022,0.307,0.07,0.063,0.062
16,A2_3,0.224,0.007,0.003,0.002,0.001,0.003,0.002,0.004,0.002,0.003,0.227,0.232,0.086,0.067,0.061,0.073
16,B2_1,0.213,0.001,0.003,0.004,0.004,0.01,0.001,0.026,0.214,0.232,0.002,0.002,0.005,0.087,0.099,0.097
16,B2_2,0.183,0.004,0.0,0.001,0.003,0.001,0.002,0.38,0.019,0.129,0.003,0.002,0.003,0.085,0.087,0.097
16,B2_3,0.203,0.005,0.003,0.005,0.001,0.003,0.007,0.212,0.241,0.057,0.004,0.001,0.001,0.082,0.084,0.091
16,y1,0.495,0.048,0.041,0.036,0.037,0.043,0.05,0.042,0.042,0.037,0.041,0.036,0.033,0.007,0.007,0.006
16,y2,0.481,0.047,0.041,0.038,0.037,0.041,0.047,0.041,0.042,0.038,0.048,0.04,0.042,0.006,0.006,0.006
16,y3,0.439,0.045,0.04,0.038,0.043,0.05,0.055,0.044,0.046,0.042,0.048,0.044,0.045,0.007,0.007,0.007
17,.,0.015,0.037,0.047,0.039,0.049,0.039,0.038,0.045,0.041,0.047,0.043,0.045,0.045,0.147,0.16,0.164
17,A1_1,0.327,0.001,0.001,0.002,0.02,0.18,0.185,0.005,0.006,0.002,0.001,0.005,0.003,0.091,0.084,0.088
17,A1_2,0.309,0.003,0.003,0.002,0.221,0.017,0.153,0.006,0.001,0.001,0.001,0.001,0.003,0.092,0.098,0.09
17,A1_3,0.279,0.001,0.003,0.002,0.234,0.185,0.058,0.002,0.004,0.008,0.0,0.006,0.005,0.067,0.076,0.071
17,B1_1,0.223,0.022,0.262,0.258,0.004,0.004,0.003,0.0,0.005,0.001,0.002,0.001,0.004,0.067,0.072,0.072
17,B1_2,0.236,0.217,0.021,0.222,0.003,0.001,0.004,0.034,0.003,0.005,0.004,0.003,0.002,0.08,0.083,0.083
17,B1_3,0.235,0.246,0.194,0.071,0.006,0.001,0.005,0.005,0.002,0.001,0.007,0.002,0.001,0.068,0.077,0.079
17,A2_1,0.197,0.001,0.002,0.003,0.005,0.036,0.004,0.001,0.002,0.005,0.028,0.325,0.173,0.072,0.072,0.073
17,A2_2,0.263,0.002,0.003,0.002,0.001,0.0,0.001,0.005,0.003,0.003,0.21,0.021,0.218,0.094,0.088,0.085
17,A2_3,0.219,0.007,0.003,0.002,0.001,0.003,0.002,0.004,0.002,0.003,0.265,0.217,0.062,0.07,0.067,0.074
17,B2_1,0.242,0.001,0.002,0.003,0.004,0.009,0.001,0.022,0.243,0.243,0.002,0.002,0.004,0.069,0.078,0.074
17,B2_2,0.261,0.004,0.0,0.001,0.003,0.001,0.002,0.322,0.019,0.16,0.003,0.002,0.003,0.072,0.076,0.071
17,B2_3,0.24,0.005,0.002,0.004,0.001,0.002,0.006,0.198,0.273,0.064,0.003,0.0,0.001,0.068,0.066,0.066
17,y1,0.575,0.035,0.032,0.031,0.032,0.038,0.042,0.037,0.032,0.03,0.037,0.032,0.032,0.005,0.005,0.005
17,y2,0.539,0.036,0.036,0.035,0.034,0.038,0.041,0.036,0.033,0.032,0.045,0.037,0.041,0.005,0.005,0.005
17,y3,0.541,0.033,0.033,0.032,0.033,0.042,0.042,0.036,0.033,0.031,0.045,0.041,0.041,0.006,0.006,0.005
18,.,0.014,0.041,0.046,0.044,0.042,0.043,0.042,0.044,0.04,0.042,0.039,0.045,0.039,0.16,0.156,0.163
18,A1_1,0.251,0.0,0.001,0.001,0.017,0.27,0.204,0.004,0.006,0.002,0.0,0.004,0.003,0.08,0.079,0.077
18,A1_2,0.281,0.003,0.003,0.002,0.215,0.019,0.196,0.005,0.001,0.001,0.001,0.001,0.002,0.09,0.096,0.086
18,A1_3,0.263,0.001,0.003,0.002,0.214,0.207,0.061,0.002,0.003,0.008,0.0,0.004,0.005,0.072,0.082,0.073
18,B1_1,0.278,0.018,0.257,0.191,0.004,0.004,0.002,0.0,0.005,0.001,0.002,0.001,0.004,0.075,0.081,0.076
18,B1_2,0.288,0.211,0.018,0.183,0.002,0.001,0.004,0.031,0.003,0.005,0.004,0.002,0.002,0.08,0.083,0.082
18,B1_3,0.295,0.187,0.183,0.057,0.005,0.001,0.005,0.004,0.002,0.001,0.007,0.002,0.001,0.079,0.084,0.085
18,A2_1,0.274,0.001,0.002,0.004,0.006,0.04,0.005,0.001,0.002,0.006,0.024,0.194,0.169,0.092,0.094,0.087
18,A2_2,0.323,0.002,0.002,0.002,0.001,0.0,0.001,0.004,0.002,0.003,0.194,0.015,0.159,0.103,0.096,0.091
18,A2_3,0.299,0.006,0.003,0.002,0.0,0.003,0.002,0.004,0.002,0.003,0.23,0.145,0.055,0.084,0.08,0.082
18,B2_1,0.247,0.001,0.002,0.003,0.003,0.008,0.001,0.016,0.225,0.277,0.002,0.002,0.003,0.067,0.074,0.07
18,B2_2,0.284,0.003,0.0,0.001,0.003,0.001,0.002,0.205,0.016,0.253,0.002,0.001,0.003,0.073,0.078,0.074
18,B2_3,0.267,0.004,0.002,0.003,0.001,0.003,0.006,0.155,0.264,0.072,0.003,0.0,0.001,0.073,0.071,0.074
18,y1,0.468,0.045,0.042,0.042,0.044,0.045,0.049,0.049,0.042,0.04,0.043,0.038,0.037,0.005,0.005,0.005
18,y2,0.49,0.044,0.042,0.042,0.041,0.042,0.043,0.043,0.039,0.038,0.043,0.039,0.039,0.005,0.005,0.005
18,y3,0.504,0.039,0.037,0.038,0.039,0.044,0.044,0.042,0.038,0.037,0.042,0.04,0.038,0.006,0.006,0.005
19,.,0.013,0.037,0.045,0.043,0.047,0.046,0.045,0.044,0.044,0.044,0.038,0.044,0.041,0.156,0.157,0.156
19,A1_1,0.227,0.0,0.001,0.001,0.017,0.275,0.207,0.004,0.006,0.002,0.0,0.004,0.002,0.084,0.084,0.086
19,A1_2,0.216,0.002,0.003,0.002,0.25,0.018,0.254,0.004,0.0,0.001,0.0,0.0,0.002,0.081,0.086,0.08
19,A1_3,0.224,0.001,0.002,0.002,0.242,0.216,0.065,0.001,0.003,0.007,0.0,0.004,0.004,0.071,0.081,0.076
19,B1_1,0.268,0.017,0.27,0.185,0.004,0.004,0.002,0.0,0.005,0.001,0.002,0.001,0.004,0.078,0.081,0.078
19,B1_2,0.277,0.215,0.019,0.177,0.002,0.001,0.004,0.033,0.002,0.005,0.004,0.002,0.002,0.085,0.088,0.084
19,B1_3,0.264,0.197,0.224,0.054,0.005,0.001,0.005,0.004,0.002,0.001,0.007,0.002,0.001,0.077,0.079,0.077
19,A2_1,0.253,0.001,0.002,0.003,0.005,0.039,0.004,0.001,0.001,0.005,0.024,0.205,0.187,0.089,0.092,0.089
19,A2_2,0.268,0.001,0.002,0.002,0.001,0.0,0.001,0.004,0.002,0.003,0.222,0.016,0.224,0.089,0.084,0.08
19,A2_3,0.268,0.006,0.003,0.002,0.0,0.003,0.002,0.004,0.002,0.003,0.242,0.167,0.06,0.082,0.078,0.079
19,B2_1,0.238,0.001,0.002,0.002,0.003,0.008,0.001,0.016,0.242,0.241,0.002,0.002,0.003,0.077,0.082,0.08
19,B2_2,0.271,0.003,0.0,0.001,0.003,0.001,0.002,0.239,0.016,0.2,0.002,0.001,0.003,0.084,0.089,0.084
19,B2_3,0.239,0.004,0.002,0.003,0.001,0.002,0.006,0.163,0.28,0.062,0.003,0.0,0.001,0.079,0.076,0.077
19,y1,0.465,0.046,0.043,0.041,0.045,0.043,0.047,0.048,0.045,0.042,0.043,0.038,0.039,0.005,0.005,0.005
19,y2,0.478,0.046,0.043,0.042,0.043,0.042,0.043,0.044,0.04,0.039,0.044,0.04,0.041,0.005,0.005,0.005
19,y3,0.483,0.044,0.04,0.04,0.041,0.043,0.044,0.044,0.04,0.039,0.044,0.042,0.041,0.006,0.006,0.005
20,.,0.012,0.035,0.043,0.04,0.045,0.043,0.043,0.043,0.042,0.042,0.039,0.043,0.041,0.16,0.168,0.159
20,A1_1,0.224,0.0,0.001,0.001,0.016,0.263,0.218,0.004,0.005,0.002,0.0,0.004,0.002,0.086,0.086,0.087
20,A1_2,0.226,0.002,0.003,0.002,0.246,0.017,0.248,0.004,0.0,0.001,0.0,0.0,0.002,0.082,0.086,0.081
20,A1_3,0.232,0.001,0.002,0.002,0.242,0.204,0.063,0.001,0.003,0.007,0.0,0.004,0.004,0.074,0.082,0.079
20,B1_1,0.264,0.017,0.248,0.207,0.003,0.003,0.002,0.0,0.005,0.001,0.002,0.001,0.004,0.081,0.083,0.08
20,B1_2,0.263,0.226,0.018,0.193,0.002,0.001,0.004,0.034,0.002,0.005,0.003,0.002,0.002,0.082,0.084,0.08
20,B1_3,0.258,0.198,0.221,0.056,0.005,0.001,0.005,0.004,0.002,0.001,0.007,0.002,0.001,0.08,0.081,0.08
20,A2_1,0.243,0.001,0.002,0.003,0.005,0.038,0.004,0.001,0.001,0.005,0.023,0.221,0.187,0.088,0.09,0.088
20,A2_2,0.263,0.001,0.002,0.002,0.001,0.0,0.001,0.003,0.002,0.003,0.221,0.016,0.23,0.089,0.084,0.082
20,A2_3,0.257,0.006,0.003,0.002,0.0,0.003,0.002,0.003,0.002,0.003,0.234,0.18,0.058,0.084,0.08,0.083
20,B2_1,0.245,0.001,0.002,0.002,0.003,0.008,0.001,0.016,0.232,0.234,0.001,0.002,0.003,0.081,0.085,0.084
20,B2_2,0.268,0.003,0.0,0.001,0.003,0.001,0.002,0.243,0.014,0.197,0.002,0.001,0.003,0.085,0.089,0.086
20,B2_3,0.249,0.004,0.002,0.003,0.001,0.002,0.006,0.17,0.251,0.06,0.003,0.0,0.001,0.084,0.081,0.082
20,y1,0.484,0.044,0.041,0.04,0.043,0.042,0.044,0.046,0.043,0.041,0.042,0.038,0.038,0.005,0.005,0.005
20,y2,0.503,0.043,0.04,0.041,0.041,0.04,0.041,0.042,0.039,0.038,0.042,0.039,0.04,0.005,0.005,0.005
20,y3,0.506,0.041,0.038,0.038,0.039,0.041,0.041,0.042,0.039,0.038,0.042,0.04,0.039,0.005,0.005,0.005
