,,.,A1_1,A1_2,A1_3,B1_1,B1_2,B1_3,A2_1,A2_2,A2_3,B2_1,B2_2,B2_3,y1,y2,y3
1,.,1.0,0.871,0.793,0.801,0.703,0.854,0.711,0.822,0.715,0.888,0.767,0.7,0.72,0.755,0.742,0.861
1,A1_1,0.871,1.0,0.75,0.72,0.676,0.864,0.681,0.76,0.618,0.8,0.704,0.729,0.68,0.805,0.731,0.905
1,A1_2,0.793,0.75,1.0,0.63,0.752,0.791,0.815,0.618,0.721,0.776,0.66,0.544,0.669,0.782,0.655,0.765
1,A1_3,0.801,0.72,0.63,1.0,0.572,0.74,0.507,0.818,0.718,0.89,0.648,0.69,0.565,0.645,0.644,0.691
1,B1_1,0.703,0.676,0.752,0.572,1.0,0.795,0.811,0.638,0.798,0.648,0.773,0.702,0.903,0.867,0.714,0.797
1,B1_2,0.854,0.864,0.791,0.74,0.795,1.0,0.719,0.777,0.666,0.758,0.729,0.664,0.791,0.791,0.759,0.886
1,B1_3,0.711,0.681,0.815,0.507,0.811,0.719,1.0,0.529,0.799,0.677,0.672,0.445,0.74,0.832,0.439,0.822
1,A2_1,0.822,0.76,0.618,0.818,0.638,0.777,0.529,1.0,0.651,0.811,0.555,0.827,0.677,0.729,0.76,0.755
1,A2_2,0.715,0.618,0.721,0.718,0.798,0.666,0.799,0.651,1.0,0.796,0.782,0.627,0.757,0.784,0.581,0.75
1,A2_3,0.888,0.8,0.776,0.89,0.648,0.758,0.677,0.811,0.796,1.0,0.736,0.658,0.603,0.771,0.629,0.762
1,B2_1,0.767,0.704,0.66,0.648,0.773,0.729,0.672,0.555,0.782,0.736,1.0,0.621,0.727,0.725,0.652,0.738
1,B2_2,0.7,0.729,0.544,0.69,0.702,0.664,0.445,0.827,0.627,0.658,0.621,1.0,0.733,0.756,0.858,0.716
1,B2_3,0.72,0.68,0.669,0.565,0.903,0.791,0.74,0.677,0.757,0.603,0.727,0.733,1.0,0.826,0.726,0.834
1,y1,0.755,0.805,0.782,0.645,0.867,0.791,0.832,0.729,0.784,0.771,0.725,0.756,0.826,1.0,0.663,0.851
1,y2,0.742,0.731,0.655,0.644,0.714,0.759,0.439,0.76,0.581,0.629,0.652,0.858,0.726,0.663,1.0,0.711
1,y3,0.861,0.905,0.765,0.691,0.797,0.886,0.822,0.755,0.75,0.762,0.738,0.716,0.834,0.851,0.711,1.0
2,.,1.0,0.873,0.787,0.798,0.692,0.851,0.704,0.823,0.708,0.886,0.764,0.698,0.712,0.749,0.741,0.858
2,A1_1,0.873,1.0,0.751,0.72,0.673,0.863,0.682,0.761,0.62,0.8,0.703,0.727,0.682,0.804,0.73,0.903
2,A1_2,0.787,0.751,1.0,0.626,0.749,0.79,0.813,0.617,0.721,0.774,0.658,0.546,0.668,0.783,0.654,0.765
2,A1_3,0.798,0.72,0.626,1.0,0.568,0.737,0.505,0.819,0.718,0.891,0.647,0.69,0.564,0.644,0.643,0.689
2,B1_1,0.692,0.673,0.749,0.568,1.0,0.796,0.814,0.633,0.801,0.642,0.774,0.701,0.905,0.867,0.712,0.796
2,B1_2,0.851,0.863,0.79,0.737,0.796,1.0,0.723,0.773,0.671,0.755,0.733,0.664,0.796,0.791,0.758,0.887
2,B1_3,0.704,0.682,0.813,0.505,0.814,0.723,1.0,0.528,0.8,0.674,0.676,0.449,0.744,0.834,0.441,0.824
2,A2_1,0.823,0.761,0.617,0.819,0.633,0.773,0.528,1.0,0.651,0.812,0.555,0.828,0.675,0.726,0.759,0.753
2,A2_2,0.708,0.62,0.721,0.718,0.801,0.671,0.8,0.651,1.0,0.795,0.784,0.632,0.76,0.787,0.583,0.752
2,A2_3,0.886,0.8,0.774,0.891,0.642,0.755,0.674,0.812,0.795,1.0,0.734,0.658,0.6,0.768,0.628,0.759
2,B2_1,0.764,0.703,0.658,0.647,0.774,0.733,0.676,0.555,0.784,0.734,1.0,0.622,0.731,0.726,0.652,0.739
2,B2_2,0.698,0.727,0.546,0.69,0.701,0.664,0.449,0.828,0.632,0.658,0.622,1.0,0.734,0.757,0.858,0.716
2,B2_3,0.712,0.682,0.668,0.564,0.905,0.796,0.744,0.675,0.76,0.6,0.731,0.734,1.0,0.827,0.726,0.836
2,y1,0.749,0.804,0.783,0.644,0.867,0.791,0.834,0.726,0.787,0.768,0.726,0.757,0.827,1.0,0.662,0.851
2,y2,0.741,0.73,0.654,0.643,0.712,0.758,0.441,0.759,0.583,0.628,0.652,0.858,0.726,0.662,1.0,0.711
2,y3,0.858,0.903,0.765,0.689,0.796,0.887,0.824,0.753,0.752,0.759,0.739,0.716,0.836,0.851,0.711,1.0
3,.,1.0,0.875,0.782,0.797,0.683,0.848,0.699,0.824,0.703,0.884,0.762,0.697,0.707,0.743,0.74,0.856
3,A1_1,0.875,1.0,0.755,0.722,0.673,0.863,0.685,0.763,0.625,0.8,0.705,0.727,0.685,0.804,0.731,0.903
3,A1_2,0.782,0.755,1.0,0.625,0.748,0.79,0.813,0.618,0.723,0.774,0.659,0.55,0.67,0.785,0.656,0.767
3,A1_3,0.797,0.722,0.625,1.0,0.567,0.736,0.507,0.82,0.721,0.892,0.649,0.692,0.566,0.645,0.643,0.689
3,B1_1,0.683,0.673,0.748,0.567,1.0,0.8,0.817,0.631,0.805,0.639,0.777,0.704,0.908,0.869,0.712,0.797
3,B1_2,0.848,0.863,0.79,0.736,0.8,1.0,0.731,0.771,0.678,0.754,0.74,0.667,0.802,0.794,0.758,0.888
3,B1_3,0.699,0.685,0.813,0.507,0.817,0.731,1.0,0.53,0.803,0.673,0.682,0.456,0.751,0.837,0.446,0.828
3,A2_1,0.824,0.763,0.618,0.82,0.631,0.771,0.53,1.0,0.654,0.813,0.559,0.83,0.675,0.724,0.76,0.753
3,A2_2,0.703,0.625,0.723,0.721,0.805,0.678,0.803,0.654,1.0,0.795,0.788,0.638,0.765,0.791,0.588,0.756
3,A2_3,0.884,0.8,0.774,0.892,0.639,0.754,0.673,0.813,0.795,1.0,0.733,0.659,0.6,0.766,0.628,0.757
3,B2_1,0.762,0.705,0.659,0.649,0.777,0.74,0.682,0.559,0.788,0.733,1.0,0.627,0.738,0.728,0.655,0.742
3,B2_2,0.697,0.727,0.55,0.692,0.704,0.667,0.456,0.83,0.638,0.659,0.627,1.0,0.738,0.76,0.858,0.719
3,B2_3,0.707,0.685,0.67,0.566,0.908,0.802,0.751,0.675,0.765,0.6,0.738,0.738,1.0,0.83,0.729,0.84
3,y1,0.743,0.804,0.785,0.645,0.869,0.794,0.837,0.724,0.791,0.766,0.728,0.76,0.83,1.0,0.663,0.852
3,y2,0.74,0.731,0.656,0.643,0.712,0.758,0.446,0.76,0.588,0.628,0.655,0.858,0.729,0.663,1.0,0.712
3,y3,0.856,0.903,0.767,0.689,0.797,0.888,0.828,0.753,0.756,0.757,0.742,0.719,0.84,0.852,0.712,1.0
4,.,1.0,0.878,0.778,0.797,0.675,0.845,0.695,0.826,0.7,0.883,0.761,0.698,0.704,0.738,0.741,0.853
4,A1_1,0.878,1.0,0.759,0.726,0.675,0.864,0.69,0.766,0.632,0.802,0.708,0.73,0.691,0.804,0.733,0.903
4,A1_2,0.778,0.759,1.0,0.626,0.749,0.792,0.814,0.621,0.727,0.775,0.662,0.557,0.673,0.788,0.66,0.77
4,A1_3,0.797,0.726,0.626,1.0,0.57,0.736,0.511,0.823,0.724,0.894,0.653,0.696,0.571,0.647,0.645,0.691
4,B1_1,0.675,0.675,0.749,0.57,1.0,0.805,0.822,0.63,0.81,0.638,0.782,0.709,0.912,0.871,0.714,0.799
4,B1_2,0.845,0.864,0.792,0.736,0.805,1.0,0.739,0.77,0.687,0.754,0.749,0.673,0.81,0.797,0.76,0.89
4,B1_3,0.695,0.69,0.814,0.511,0.822,0.739,1.0,0.534,0.807,0.673,0.69,0.467,0.758,0.841,0.455,0.832
4,A2_1,0.826,0.766,0.621,0.823,0.63,0.77,0.534,1.0,0.657,0.815,0.565,0.832,0.676,0.724,0.762,0.754
4,A2_2,0.7,0.632,0.727,0.724,0.81,0.687,0.807,0.657,1.0,0.796,0.793,0.647,0.771,0.796,0.595,0.761
4,A2_3,0.883,0.802,0.775,0.894,0.638,0.754,0.673,0.815,0.796,1.0,0.733,0.663,0.603,0.766,0.631,0.757
4,B2_1,0.761,0.708,0.662,0.653,0.782,0.749,0.69,0.565,0.793,0.733,1.0,0.634,0.746,0.733,0.659,0.746
4,B2_2,0.698,0.73,0.557,0.696,0.709,0.673,0.467,0.832,0.647,0.663,0.634,1.0,0.743,0.764,0.86,0.724
4,B2_3,0.704,0.691,0.673,0.571,0.912,0.81,0.758,0.676,0.771,0.603,0.746,0.743,1.0,0.833,0.733,0.844
4,y1,0.738,0.804,0.788,0.647,0.871,0.797,0.841,0.724,0.796,0.766,0.733,0.764,0.833,1.0,0.667,0.853
4,y2,0.741,0.733,0.66,0.645,0.714,0.76,0.455,0.762,0.595,0.631,0.659,0.86,0.733,0.667,1.0,0.716
4,y3,0.853,0.903,0.77,0.691,0.799,0.89,0.832,0.754,0.761,0.757,0.746,0.724,0.844,0.853,0.716,1.0
5,.,1.0,0.88,0.775,0.797,0.669,0.843,0.692,0.828,0.697,0.882,0.761,0.699,0.702,0.733,0.742,0.851
5,A1_1,0.88,1.0,0.764,0.73,0.678,0.865,0.696,0.77,0.64,0.804,0.712,0.733,0.697,0.806,0.736,0.903
5,A1_2,0.775,0.764,1.0,0.629,0.75,0.794,0.815,0.625,0.731,0.776,0.665,0.564,0.677,0.791,0.664,0.773
5,A1_3,0.797,0.73,0.629,1.0,0.574,0.737,0.517,0.826,0.729,0.896,0.658,0.7,0.577,0.65,0.647,0.694
5,B1_1,0.669,0.678,0.75,0.574,1.0,0.811,0.828,0.631,0.816,0.638,0.788,0.715,0.915,0.874,0.717,0.803
5,B1_2,0.843,0.865,0.794,0.737,0.811,1.0,0.749,0.77,0.697,0.754,0.758,0.68,0.819,0.801,0.762,0.893
5,B1_3,0.692,0.696,0.815,0.517,0.828,0.749,1.0,0.539,0.811,0.674,0.699,0.48,0.767,0.845,0.465,0.837
5,A2_1,0.828,0.77,0.625,0.826,0.631,0.77,0.539,1.0,0.662,0.818,0.571,0.834,0.678,0.724,0.764,0.756
5,A2_2,0.697,0.64,0.731,0.729,0.816,0.697,0.811,0.662,1.0,0.798,0.798,0.656,0.778,0.8,0.603,0.767
5,A2_3,0.882,0.804,0.776,0.896,0.638,0.754,0.674,0.818,0.798,1.0,0.734,0.666,0.606,0.765,0.634,0.756
5,B2_1,0.761,0.712,0.665,0.658,0.788,0.758,0.699,0.571,0.798,0.734,1.0,0.643,0.755,0.738,0.665,0.751
5,B2_2,0.699,0.733,0.564,0.7,0.715,0.68,0.48,0.834,0.656,0.666,0.643,1.0,0.749,0.769,0.861,0.729
5,B2_3,0.702,0.697,0.677,0.577,0.915,0.819,0.767,0.678,0.778,0.606,0.755,0.749,1.0,0.837,0.737,0.848
5,y1,0.733,0.806,0.791,0.65,0.874,0.801,0.845,0.724,0.8,0.765,0.738,0.769,0.837,1.0,0.671,0.855
5,y2,0.742,0.736,0.664,0.647,0.717,0.762,0.465,0.764,0.603,0.634,0.665,0.861,0.737,0.671,1.0,0.721
5,y3,0.851,0.903,0.773,0.694,0.803,0.893,0.837,0.756,0.767,0.756,0.751,0.729,0.848,0.855,0.721,1.0
6,.,1.0,0.881,0.772,0.798,0.664,0.841,0.69,0.83,0.696,0.88,0.761,0.699,0.701,0.728,0.743,0.849
6,A1_1,0.881,1.0,0.769,0.734,0.683,0.866,0.702,0.773,0.648,0.806,0.717,0.736,0.705,0.807,0.739,0.904
6,A1_2,0.772,0.769,1.0,0.632,0.752,0.796,0.816,0.63,0.736,0.778,0.67,0.572,0.681,0.794,0.668,0.777
6,A1_3,0.798,0.734,0.632,1.0,0.579,0.738,0.524,0.83,0.734,0.898,0.663,0.705,0.583,0.653,0.65,0.697
6,B1_1,0.664,0.683,0.752,0.579,1.0,0.818,0.833,0.633,0.821,0.639,0.794,0.723,0.919,0.877,0.722,0.807
6,B1_2,0.841,0.866,0.796,0.738,0.818,1.0,0.759,0.77,0.708,0.754,0.768,0.687,0.827,0.806,0.765,0.895
6,B1_3,0.69,0.702,0.816,0.524,0.833,0.759,1.0,0.545,0.816,0.676,0.708,0.494,0.776,0.85,0.477,0.841
6,A2_1,0.83,0.773,0.63,0.83,0.633,0.77,0.545,1.0,0.668,0.821,0.578,0.836,0.681,0.725,0.766,0.757
6,A2_2,0.696,0.648,0.736,0.734,0.821,0.708,0.816,0.668,1.0,0.8,0.804,0.666,0.784,0.806,0.611,0.773
6,A2_3,0.88,0.806,0.778,0.898,0.639,0.754,0.676,0.821,0.8,1.0,0.735,0.67,0.609,0.764,0.637,0.756
6,B2_1,0.761,0.717,0.67,0.663,0.794,0.768,0.708,0.578,0.804,0.735,1.0,0.652,0.765,0.744,0.672,0.757
6,B2_2,0.699,0.736,0.572,0.705,0.723,0.687,0.494,0.836,0.666,0.67,0.652,1.0,0.755,0.775,0.863,0.736
6,B2_3,0.701,0.705,0.681,0.583,0.919,0.827,0.776,0.681,0.784,0.609,0.765,0.755,1.0,0.84,0.742,0.853
6,y1,0.728,0.807,0.794,0.653,0.877,0.806,0.85,0.725,0.806,0.764,0.744,0.775,0.84,1.0,0.676,0.857
6,y2,0.743,0.739,0.668,0.65,0.722,0.765,0.477,0.766,0.611,0.637,0.672,0.863,0.742,0.676,1.0,0.726
6,y3,0.849,0.904,0.777,0.697,0.807,0.895,0.841,0.757,0.773,0.756,0.757,0.736,0.853,0.857,0.726,1.0
7,.,1.0,0.882,0.768,0.799,0.659,0.838,0.686,0.831,0.693,0.879,0.76,0.7,0.698,0.721,0.744,0.845
7,A1_1,0.882,1.0,0.774,0.738,0.688,0.868,0.708,0.777,0.657,0.808,0.722,0.74,0.711,0.809,0.743,0.904
7,A1_2,0.768,0.774,1.0,0.636,0.754,0.798,0.817,0.634,0.74,0.78,0.674,0.58,0.685,0.797,0.673,0.78
7,A1_3,0.799,0.738,0.636,1.0,0.583,0.739,0.53,0.833,0.738,0.9,0.668,0.709,0.589,0.656,0.653,0.699
7,B1_1,0.659,0.688,0.754,0.583,1.0,0.824,0.839,0.634,0.827,0.64,0.801,0.73,0.922,0.88,0.725,0.81
7,B1_2,0.838,0.868,0.798,0.739,0.824,1.0,0.768,0.769,0.718,0.754,0.777,0.695,0.836,0.81,0.768,0.898
7,B1_3,0.686,0.708,0.817,0.53,0.839,0.768,1.0,0.55,0.82,0.677,0.718,0.507,0.785,0.854,0.488,0.846
7,A2_1,0.831,0.777,0.634,0.833,0.634,0.769,0.55,1.0,0.672,0.824,0.585,0.837,0.682,0.724,0.768,0.758
7,A2_2,0.693,0.657,0.74,0.738,0.827,0.718,0.82,0.672,1.0,0.802,0.809,0.676,0.791,0.81,0.62,0.778
7,A2_3,0.879,0.808,0.78,0.9,0.64,0.754,0.677,0.824,0.802,1.0,0.736,0.674,0.612,0.763,0.64,0.756
7,B2_1,0.76,0.722,0.674,0.668,0.801,0.777,0.718,0.585,0.809,0.736,1.0,0.662,0.774,0.749,0.678,0.763
7,B2_2,0.7,0.74,0.58,0.709,0.73,0.695,0.507,0.837,0.676,0.674,0.662,1.0,0.761,0.78,0.865,0.742
7,B2_3,0.698,0.711,0.685,0.589,0.922,0.836,0.785,0.682,0.791,0.612,0.774,0.761,1.0,0.844,0.747,0.857
7,y1,0.721,0.809,0.797,0.656,0.88,0.81,0.854,0.724,0.81,0.763,0.749,0.78,0.844,1.0,0.681,0.859
7,y2,0.744,0.743,0.673,0.653,0.725,0.768,0.488,0.768,0.62,0.64,0.678,0.865,0.747,0.681,1.0,0.731
7,y3,0.845,0.904,0.78,0.699,0.81,0.898,0.846,0.758,0.778,0.756,0.763,0.742,0.857,0.859,0.731,1.0
8,.,1.0,0.882,0.764,0.799,0.652,0.833,0.682,0.832,0.69,0.877,0.759,0.699,0.694,0.714,0.744,0.841
8,A1_1,0.882,1.0,0.778,0.741,0.692,0.869,0.714,0.779,0.664,0.809,0.726,0.744,0.717,0.81,0.746,0.905
8,A1_2,0.764,0.778,1.0,0.639,0.755,0.8,0.818,0.637,0.743,0.781,0.678,0.587,0.688,0.799,0.677,0.782
8,A1_3,0.799,0.741,0.639,1.0,0.586,0.738,0.534,0.835,0.742,0.902,0.672,0.712,0.593,0.657,0.656,0.7
8,B1_1,0.652,0.692,0.755,0.586,1.0,0.831,0.844,0.634,0.831,0.639,0.807,0.737,0.926,0.883,0.729,0.814
8,B1_2,0.833,0.869,0.8,0.738,0.831,1.0,0.777,0.768,0.727,0.753,0.787,0.702,0.843,0.814,0.771,0.9
8,B1_3,0.682,0.714,0.818,0.534,0.844,0.777,1.0,0.553,0.824,0.677,0.727,0.521,0.793,0.857,0.499,0.85
8,A2_1,0.832,0.779,0.637,0.835,0.634,0.768,0.553,1.0,0.676,0.826,0.59,0.838,0.683,0.723,0.769,0.759
8,A2_2,0.69,0.664,0.743,0.742,0.831,0.727,0.824,0.676,1.0,0.803,0.815,0.685,0.796,0.814,0.627,0.783
8,A2_3,0.877,0.809,0.781,0.902,0.639,0.753,0.677,0.826,0.803,1.0,0.736,0.676,0.613,0.761,0.642,0.754
8,B2_1,0.759,0.726,0.678,0.672,0.807,0.787,0.727,0.59,0.815,0.736,1.0,0.67,0.782,0.754,0.685,0.768
8,B2_2,0.699,0.744,0.587,0.712,0.737,0.702,0.521,0.838,0.685,0.676,0.67,1.0,0.767,0.786,0.867,0.748
8,B2_3,0.694,0.717,0.688,0.593,0.926,0.843,0.793,0.683,0.796,0.613,0.782,0.767,1.0,0.847,0.751,0.861
8,y1,0.714,0.81,0.799,0.657,0.883,0.814,0.857,0.723,0.814,0.761,0.754,0.786,0.847,1.0,0.686,0.861
8,y2,0.744,0.746,0.677,0.656,0.729,0.771,0.499,0.769,0.627,0.642,0.685,0.867,0.751,0.686,1.0,0.735
8,y3,0.841,0.905,0.782,0.7,0.814,0.9,0.85,0.759,0.783,0.754,0.768,0.748,0.861,0.861,0.735,1.0
9,.,1.0,0.882,0.76,0.799,0.644,0.828,0.676,0.833,0.686,0.875,0.756,0.697,0.69,0.706,0.742,0.836
9,A1_1,0.882,1.0,0.781,0.743,0.696,0.87,0.718,0.781,0.671,0.81,0.73,0.747,0.722,0.811,0.749,0.905
9,A1_2,0.76,0.781,1.0,0.641,0.755,0.801,0.818,0.639,0.747,0.782,0.681,0.593,0.69,0.8,0.681,0.784
9,A1_3,0.799,0.743,0.641,1.0,0.588,0.737,0.538,0.838,0.745,0.904,0.674,0.715,0.595,0.657,0.657,0.7
9,B1_1,0.644,0.696,0.755,0.588,1.0,0.837,0.849,0.633,0.835,0.637,0.813,0.744,0.928,0.885,0.732,0.816
9,B1_2,0.828,0.87,0.801,0.737,0.837,1.0,0.786,0.766,0.735,0.751,0.795,0.709,0.851,0.818,0.773,0.901
9,B1_3,0.676,0.718,0.818,0.538,0.849,0.786,1.0,0.556,0.828,0.675,0.735,0.533,0.8,0.861,0.508,0.853
9,A2_1,0.833,0.781,0.639,0.838,0.633,0.766,0.556,1.0,0.679,0.828,0.594,0.839,0.682,0.722,0.77,0.758
9,A2_2,0.686,0.671,0.747,0.745,0.835,0.735,0.828,0.679,1.0,0.803,0.819,0.694,0.801,0.818,0.634,0.787
9,A2_3,0.875,0.81,0.782,0.904,0.637,0.751,0.675,0.828,0.803,1.0,0.735,0.678,0.613,0.758,0.644,0.752
9,B2_1,0.756,0.73,0.681,0.674,0.813,0.795,0.735,0.594,0.819,0.735,1.0,0.679,0.79,0.759,0.69,0.773
9,B2_2,0.697,0.747,0.593,0.715,0.744,0.709,0.533,0.839,0.694,0.678,0.679,1.0,0.772,0.791,0.868,0.753
9,B2_3,0.69,0.722,0.69,0.595,0.928,0.851,0.8,0.682,0.801,0.613,0.79,0.772,1.0,0.849,0.755,0.864
9,y1,0.706,0.811,0.8,0.657,0.885,0.818,0.861,0.722,0.818,0.758,0.759,0.791,0.849,1.0,0.69,0.862
9,y2,0.742,0.749,0.681,0.657,0.732,0.773,0.508,0.77,0.634,0.644,0.69,0.868,0.755,0.69,1.0,0.739
9,y3,0.836,0.905,0.784,0.7,0.816,0.901,0.853,0.758,0.787,0.752,0.773,0.753,0.864,0.862,0.739,1.0
10,.,1.0,0.88,0.754,0.798,0.634,0.822,0.669,0.832,0.681,0.872,0.751,0.694,0.683,0.695,0.74,0.829
10,A1_1,0.88,1.0,0.784,0.745,0.698,0.87,0.722,0.782,0.677,0.809,0.733,0.749,0.726,0.811,0.752,0.905
10,A1_2,0.754,0.784,1.0,0.643,0.755,0.801,0.817,0.641,0.749,0.782,0.683,0.598,0.691,0.801,0.683,0.785
10,A1_3,0.798,0.745,0.643,1.0,0.588,0.735,0.539,0.84,0.747,0.906,0.676,0.716,0.596,0.656,0.657,0.699
10,B1_1,0.634,0.698,0.755,0.588,1.0,0.842,0.853,0.63,0.839,0.634,0.818,0.749,0.931,0.887,0.734,0.819
10,B1_2,0.822,0.87,0.801,0.735,0.842,1.0,0.793,0.762,0.742,0.747,0.803,0.715,0.857,0.821,0.775,0.903
10,B1_3,0.669,0.722,0.817,0.539,0.853,0.793,1.0,0.557,0.83,0.673,0.742,0.544,0.807,0.863,0.516,0.856
10,A2_1,0.832,0.782,0.641,0.84,0.63,0.762,0.557,1.0,0.681,0.829,0.597,0.838,0.68,0.719,0.769,0.756
10,A2_2,0.681,0.677,0.749,0.747,0.839,0.742,0.83,0.681,1.0,0.803,0.824,0.701,0.805,0.821,0.639,0.791
10,A2_3,0.872,0.809,0.782,0.906,0.634,0.747,0.673,0.829,0.803,1.0,0.732,0.679,0.611,0.754,0.644,0.749
10,B2_1,0.751,0.733,0.683,0.676,0.818,0.803,0.742,0.597,0.824,0.732,1.0,0.686,0.798,0.763,0.695,0.777
10,B2_2,0.694,0.749,0.598,0.716,0.749,0.715,0.544,0.838,0.701,0.679,0.686,1.0,0.777,0.795,0.869,0.758
10,B2_3,0.683,0.726,0.691,0.596,0.931,0.857,0.807,0.68,0.805,0.611,0.798,0.777,1.0,0.851,0.757,0.866
10,y1,0.695,0.811,0.801,0.656,0.887,0.821,0.863,0.719,0.821,0.754,0.763,0.795,0.851,1.0,0.693,0.863
10,y2,0.74,0.752,0.683,0.657,0.734,0.775,0.516,0.769,0.639,0.644,0.695,0.869,0.757,0.693,1.0,0.743
10,y3,0.829,0.905,0.785,0.699,0.819,0.903,0.856,0.756,0.791,0.749,0.777,0.758,0.866,0.863,0.743,1.0
11,.,1.0,0.878,0.748,0.796,0.623,0.814,0.66,0.832,0.674,0.868,0.745,0.689,0.675,0.684,0.737,0.822
11,A1_1,0.878,1.0,0.786,0.746,0.7,0.87,0.725,0.783,0.681,0.808,0.736,0.751,0.729,0.811,0.753,0.905
11,A1_2,0.748,0.786,1.0,0.644,0.753,0.8,0.816,0.641,0.75,0.782,0.684,0.602,0.691,0.801,0.685,0.785
11,A1_3,0.796,0.746,0.644,1.0,0.587,0.732,0.54,0.841,0.748,0.907,0.675,0.717,0.596,0.655,0.657,0.698
11,B1_1,0.623,0.7,0.753,0.587,1.0,0.847,0.857,0.626,0.842,0.629,0.823,0.755,0.933,0.889,0.735,0.82
11,B1_2,0.814,0.87,0.8,0.732,0.847,1.0,0.8,0.758,0.749,0.743,0.81,0.72,0.863,0.823,0.776,0.904
11,B1_3,0.66,0.725,0.816,0.54,0.857,0.8,1.0,0.556,0.833,0.669,0.749,0.554,0.813,0.866,0.523,0.858
11,A2_1,0.832,0.783,0.641,0.841,0.626,0.758,0.556,1.0,0.681,0.83,0.598,0.837,0.676,0.715,0.768,0.754
11,A2_2,0.674,0.681,0.75,0.748,0.842,0.749,0.833,0.681,1.0,0.801,0.827,0.708,0.809,0.823,0.644,0.793
11,A2_3,0.868,0.808,0.782,0.907,0.629,0.743,0.669,0.83,0.801,1.0,0.729,0.678,0.608,0.749,0.643,0.745
11,B2_1,0.745,0.736,0.684,0.675,0.823,0.81,0.749,0.598,0.827,0.729,1.0,0.693,0.804,0.767,0.698,0.78
11,B2_2,0.689,0.751,0.602,0.717,0.755,0.72,0.554,0.837,0.708,0.678,0.693,1.0,0.781,0.799,0.87,0.762
11,B2_3,0.675,0.729,0.691,0.596,0.933,0.863,0.813,0.676,0.809,0.608,0.804,0.781,1.0,0.853,0.759,0.868
11,y1,0.684,0.811,0.801,0.655,0.889,0.823,0.866,0.715,0.823,0.749,0.767,0.799,0.853,1.0,0.696,0.864
11,y2,0.737,0.753,0.685,0.657,0.735,0.776,0.523,0.768,0.644,0.643,0.698,0.87,0.759,0.696,1.0,0.746
11,y3,0.822,0.905,0.785,0.698,0.82,0.904,0.858,0.754,0.793,0.745,0.78,0.762,0.868,0.864,0.746,1.0
12,.,1.0,0.874,0.741,0.794,0.61,0.804,0.65,0.83,0.665,0.864,0.737,0.682,0.666,0.671,0.732,0.813
12,A1_1,0.874,1.0,0.788,0.746,0.701,0.869,0.727,0.783,0.685,0.807,0.737,0.752,0.731,0.81,0.754,0.904
12,A1_2,0.741,0.788,1.0,0.645,0.751,0.798,0.813,0.641,0.751,0.781,0.683,0.604,0.69,0.799,0.685,0.784
12,A1_3,0.794,0.746,0.645,1.0,0.584,0.727,0.539,0.842,0.749,0.908,0.673,0.716,0.593,0.651,0.655,0.695
12,B1_1,0.61,0.701,0.751,0.584,1.0,0.851,0.86,0.62,0.844,0.622,0.827,0.759,0.935,0.891,0.736,0.821
12,B1_2,0.804,0.869,0.798,0.727,0.851,1.0,0.806,0.753,0.754,0.736,0.816,0.724,0.868,0.825,0.776,0.904
12,B1_3,0.65,0.727,0.813,0.539,0.86,0.806,1.0,0.554,0.835,0.664,0.756,0.563,0.819,0.867,0.528,0.86
12,A2_1,0.83,0.783,0.641,0.842,0.62,0.753,0.554,1.0,0.681,0.83,0.596,0.835,0.671,0.71,0.766,0.751
12,A2_2,0.665,0.685,0.751,0.749,0.844,0.754,0.835,0.681,1.0,0.799,0.83,0.714,0.812,0.825,0.647,0.795
12,A2_3,0.864,0.807,0.781,0.908,0.622,0.736,0.664,0.83,0.799,1.0,0.723,0.676,0.602,0.742,0.64,0.74
12,B2_1,0.737,0.737,0.683,0.673,0.827,0.816,0.756,0.596,0.83,0.723,1.0,0.699,0.81,0.769,0.701,0.783
12,B2_2,0.682,0.752,0.604,0.716,0.759,0.724,0.563,0.835,0.714,0.676,0.699,1.0,0.784,0.803,0.87,0.766
12,B2_3,0.666,0.731,0.69,0.593,0.935,0.868,0.819,0.671,0.812,0.602,0.81,0.784,1.0,0.854,0.76,0.87
12,y1,0.671,0.81,0.799,0.651,0.891,0.825,0.867,0.71,0.825,0.742,0.769,0.803,0.854,1.0,0.697,0.864
12,y2,0.732,0.754,0.685,0.655,0.736,0.776,0.528,0.766,0.647,0.64,0.701,0.87,0.76,0.697,1.0,0.748
12,y3,0.813,0.904,0.784,0.695,0.821,0.904,0.86,0.751,0.795,0.74,0.783,0.766,0.87,0.864,0.748,1.0
13,.,1.0,0.87,0.732,0.791,0.594,0.793,0.637,0.828,0.655,0.859,0.727,0.673,0.653,0.655,0.725,0.803
13,A1_1,0.87,1.0,0.788,0.746,0.7,0.868,0.728,0.781,0.688,0.804,0.737,0.752,0.731,0.808,0.754,0.904
13,A1_2,0.732,0.788,1.0,0.644,0.747,0.795,0.81,0.639,0.75,0.779,0.681,0.605,0.686,0.797,0.684,0.782
13,A1_3,0.791,0.746,0.644,1.0,0.579,0.721,0.536,0.843,0.748,0.909,0.67,0.713,0.589,0.646,0.651,0.69
13,B1_1,0.594,0.7,0.747,0.579,1.0,0.855,0.863,0.613,0.846,0.613,0.831,0.763,0.937,0.892,0.735,0.821
13,B1_2,0.793,0.868,0.795,0.721,0.855,1.0,0.812,0.746,0.759,0.728,0.822,0.727,0.873,0.826,0.775,0.904
13,B1_3,0.637,0.728,0.81,0.536,0.863,0.812,1.0,0.55,0.836,0.657,0.761,0.57,0.824,0.869,0.532,0.861
13,A2_1,0.828,0.781,0.639,0.843,0.613,0.746,0.55,1.0,0.679,0.83,0.593,0.831,0.664,0.703,0.762,0.746
13,A2_2,0.655,0.688,0.75,0.748,0.846,0.759,0.836,0.679,1.0,0.796,0.833,0.718,0.814,0.826,0.648,0.797
13,A2_3,0.859,0.804,0.779,0.909,0.613,0.728,0.657,0.83,0.796,1.0,0.716,0.672,0.595,0.734,0.635,0.733
13,B2_1,0.727,0.737,0.681,0.67,0.831,0.822,0.761,0.593,0.833,0.716,1.0,0.703,0.816,0.771,0.702,0.785
13,B2_2,0.673,0.752,0.605,0.713,0.763,0.727,0.57,0.831,0.718,0.672,0.703,1.0,0.787,0.806,0.87,0.769
13,B2_3,0.653,0.731,0.686,0.589,0.937,0.873,0.824,0.664,0.814,0.595,0.816,0.787,1.0,0.854,0.76,0.87
13,y1,0.655,0.808,0.797,0.646,0.892,0.826,0.869,0.703,0.826,0.734,0.771,0.806,0.854,1.0,0.698,0.864
13,y2,0.725,0.754,0.684,0.651,0.735,0.775,0.532,0.762,0.648,0.635,0.702,0.87,0.76,0.698,1.0,0.749
13,y3,0.803,0.904,0.782,0.69,0.821,0.904,0.861,0.746,0.797,0.733,0.785,0.769,0.87,0.864,0.749,1.0
14,.,1.0,0.864,0.722,0.786,0.575,0.78,0.622,0.825,0.643,0.853,0.714,0.662,0.639,0.637,0.717,0.791
14,A1_1,0.864,1.0,0.787,0.744,0.698,0.866,0.728,0.779,0.689,0.8,0.736,0.751,0.73,0.806,0.753,0.903
14,A1_2,0.722,0.787,1.0,0.642,0.741,0.79,0.805,0.635,0.749,0.776,0.678,0.604,0.682,0.793,0.682,0.779
14,A1_3,0.786,0.744,0.642,1.0,0.571,0.713,0.531,0.843,0.746,0.909,0.664,0.709,0.582,0.64,0.647,0.684
14,B1_1,0.575,0.698,0.741,0.571,1.0,0.858,0.866,0.603,0.846,0.602,0.835,0.766,0.938,0.892,0.733,0.82
14,B1_2,0.78,0.866,0.79,0.713,0.858,1.0,0.816,0.737,0.763,0.719,0.827,0.73,0.877,0.826,0.774,0.904
14,B1_3,0.622,0.728,0.805,0.531,0.866,0.816,1.0,0.544,0.837,0.647,0.766,0.576,0.828,0.869,0.534,0.861
14,A2_1,0.825,0.779,0.635,0.843,0.603,0.737,0.544,1.0,0.676,0.829,0.588,0.826,0.656,0.695,0.758,0.74
14,A2_2,0.643,0.689,0.749,0.746,0.846,0.763,0.837,0.676,1.0,0.792,0.835,0.722,0.815,0.827,0.649,0.797
14,A2_3,0.853,0.8,0.776,0.909,0.602,0.719,0.647,0.829,0.792,1.0,0.707,0.666,0.585,0.725,0.629,0.725
14,B2_1,0.714,0.736,0.678,0.664,0.835,0.827,0.766,0.588,0.835,0.707,1.0,0.707,0.821,0.773,0.702,0.785
14,B2_2,0.662,0.751,0.604,0.709,0.766,0.73,0.576,0.826,0.722,0.666,0.707,1.0,0.788,0.808,0.869,0.771
14,B2_3,0.639,0.73,0.682,0.582,0.938,0.877,0.828,0.656,0.815,0.585,0.821,0.788,1.0,0.854,0.758,0.87
14,y1,0.637,0.806,0.793,0.64,0.892,0.826,0.869,0.695,0.827,0.725,0.773,0.808,0.854,1.0,0.698,0.863
14,y2,0.717,0.753,0.682,0.647,0.733,0.774,0.534,0.758,0.649,0.629,0.702,0.869,0.758,0.698,1.0,0.75
14,y3,0.791,0.903,0.779,0.684,0.82,0.904,0.861,0.74,0.797,0.725,0.785,0.771,0.87,0.863,0.75,1.0
15,.,1.0,0.857,0.71,0.781,0.553,0.765,0.604,0.821,0.629,0.847,0.7,0.649,0.622,0.616,0.708,0.777
15,A1_1,0.857,1.0,0.786,0.741,0.695,0.863,0.727,0.776,0.69,0.795,0.734,0.75,0.728,0.802,0.752,0.901
15,A1_2,0.71,0.786,1.0,0.639,0.734,0.785,0.799,0.631,0.746,0.773,0.673,0.602,0.675,0.788,0.678,0.774
15,A1_3,0.781,0.741,0.639,1.0,0.561,0.703,0.522,0.843,0.743,0.91,0.657,0.703,0.573,0.631,0.641,0.676
15,B1_1,0.553,0.695,0.734,0.561,1.0,0.861,0.868,0.591,0.847,0.588,0.838,0.767,0.939,0.892,0.73,0.819
15,B1_2,0.765,0.863,0.785,0.703,0.861,1.0,0.82,0.727,0.765,0.706,0.832,0.731,0.881,0.826,0.771,0.903
15,B1_3,0.604,0.727,0.799,0.522,0.868,0.82,1.0,0.535,0.837,0.636,0.771,0.581,0.832,0.87,0.534,0.86
15,A2_1,0.821,0.776,0.631,0.843,0.591,0.727,0.535,1.0,0.671,0.828,0.581,0.821,0.644,0.686,0.752,0.732
15,A2_2,0.629,0.69,0.746,0.743,0.847,0.765,0.837,0.671,1.0,0.786,0.836,0.724,0.815,0.827,0.648,0.796
15,A2_3,0.847,0.795,0.773,0.91,0.588,0.706,0.636,0.828,0.786,1.0,0.696,0.659,0.572,0.713,0.622,0.714
15,B2_1,0.7,0.734,0.673,0.657,0.838,0.832,0.771,0.581,0.836,0.696,1.0,0.71,0.825,0.773,0.701,0.785
15,B2_2,0.649,0.75,0.602,0.703,0.767,0.731,0.581,0.821,0.724,0.659,0.71,1.0,0.789,0.81,0.868,0.772
15,B2_3,0.622,0.728,0.675,0.573,0.939,0.881,0.832,0.644,0.815,0.572,0.825,0.789,1.0,0.853,0.755,0.869
15,y1,0.616,0.802,0.788,0.631,0.892,0.826,0.87,0.686,0.827,0.713,0.773,0.81,0.853,1.0,0.696,0.862
15,y2,0.708,0.752,0.678,0.641,0.73,0.771,0.534,0.752,0.648,0.622,0.701,0.868,0.755,0.696,1.0,0.749
15,y3,0.777,0.901,0.774,0.676,0.819,0.903,0.86,0.732,0.796,0.714,0.785,0.772,0.869,0.862,0.749,1.0
16,.,1.0,0.849,0.697,0.775,0.528,0.747,0.583,0.816,0.612,0.839,0.682,0.633,0.601,0.593,0.697,0.761
16,A1_1,0.849,1.0,0.783,0.737,0.69,0.859,0.725,0.772,0.689,0.789,0.731,0.747,0.725,0.798,0.749,0.899
16,A1_2,0.697,0.783,1.0,0.635,0.725,0.777,0.791,0.624,0.742,0.769,0.666,0.597,0.666,0.782,0.674,0.769
16,A1_3,0.775,0.737,0.635,1.0,0.549,0.692,0.512,0.842,0.738,0.91,0.648,0.696,0.561,0.621,0.634,0.667
16,B1_1,0.528,0.69,0.725,0.549,1.0,0.863,0.87,0.576,0.846,0.572,0.84,0.769,0.94,0.892,0.725,0.816
16,B1_2,0.747,0.859,0.777,0.692,0.863,1.0,0.824,0.714,0.767,0.692,0.836,0.732,0.884,0.825,0.768,0.901
16,B1_3,0.583,0.725,0.791,0.512,0.87,0.824,1.0,0.523,0.837,0.622,0.775,0.585,0.835,0.869,0.533,0.859
16,A2_1,0.816,0.772,0.624,0.842,0.576,0.714,0.523,1.0,0.664,0.826,0.572,0.813,0.631,0.674,0.746,0.724
16,A2_2,0.612,0.689,0.742,0.738,0.846,0.767,0.837,0.664,1.0,0.778,0.838,0.726,0.815,0.826,0.645,0.795
16,A2_3,0.839,0.789,0.769,0.91,0.572,0.692,0.622,0.826,0.778,1.0,0.683,0.65,0.556,0.7,0.613,0.703
16,B2_1,0.682,0.731,0.666,0.648,0.84,0.836,0.775,0.572,0.838,0.683,1.0,0.712,0.829,0.773,0.699,0.785
16,B2_2,0.633,0.747,0.597,0.696,0.769,0.732,0.585,0.813,0.726,0.65,0.712,1.0,0.789,0.812,0.866,0.773
16,B2_3,0.601,0.725,0.666,0.561,0.94,0.884,0.835,0.631,0.815,0.556,0.829,0.789,1.0,0.851,0.751,0.867
16,y1,0.593,0.798,0.782,0.621,0.892,0.825,0.869,0.674,0.826,0.7,0.773,0.812,0.851,1.0,0.693,0.86
16,y2,0.697,0.749,0.674,0.634,0.725,0.768,0.533,0.746,0.645,0.613,0.699,0.866,0.751,0.693,1.0,0.748
16,y3,0.761,0.899,0.769,0.667,0.816,0.901,0.859,0.724,0.795,0.703,0.785,0.773,0.867,0.86,0.748,1.0
17,.,1.0,0.839,0.682,0.768,0.5,0.726,0.559,0.811,0.593,0.831,0.663,0.615,0.578,0.567,0.684,0.743
17,A1_1,0.839,1.0,0.78,0.732,0.684,0.855,0.721,0.767,0.688,0.782,0.726,0.744,0.72,0.794,0.746,0.897
17,A1_2,0.682,0.78,1.0,0.631,0.715,0.769,0.782,0.617,0.737,0.764,0.658,0.592,0.655,0.774,0.668,0.761
17,A1_3,0.768,0.732,0.631,1.0,0.535,0.679,0.5,0.841,0.732,0.91,0.636,0.687,0.547,0.609,0.625,0.656
17,B1_1,0.5,0.684,0.715,0.535,1.0,0.865,0.871,0.559,0.845,0.553,0.843,0.769,0.941,0.891,0.719,0.812
17,B1_2,0.726,0.855,0.769,0.679,0.865,1.0,0.827,0.7,0.768,0.676,0.839,0.732,0.887,0.823,0.763,0.899
17,B1_3,0.559,0.721,0.782,0.5,0.871,0.827,1.0,0.51,0.836,0.605,0.778,0.587,0.838,0.869,0.53,0.857
17,A2_1,0.811,0.767,0.617,0.841,0.559,0.7,0.51,1.0,0.657,0.824,0.561,0.805,0.615,0.661,0.738,0.713
17,A2_2,0.593,0.688,0.737,0.732,0.845,0.768,0.836,0.657,1.0,0.77,0.838,0.727,0.814,0.824,0.642,0.793
17,A2_3,0.831,0.782,0.764,0.91,0.553,0.676,0.605,0.824,0.77,1.0,0.668,0.639,0.538,0.685,0.602,0.689
17,B2_1,0.663,0.726,0.658,0.636,0.843,0.839,0.778,0.561,0.838,0.668,1.0,0.714,0.832,0.772,0.696,0.783
17,B2_2,0.615,0.744,0.592,0.687,0.769,0.732,0.587,0.805,0.727,0.639,0.714,1.0,0.788,0.813,0.864,0.773
17,B2_3,0.578,0.72,0.655,0.547,0.941,0.887,0.838,0.615,0.814,0.538,0.832,0.788,1.0,0.849,0.746,0.865
17,y1,0.567,0.794,0.774,0.609,0.891,0.823,0.869,0.661,0.824,0.685,0.772,0.813,0.849,1.0,0.69,0.857
17,y2,0.684,0.746,0.668,0.625,0.719,0.763,0.53,0.738,0.642,0.602,0.696,0.864,0.746,0.69,1.0,0.746
17,y3,0.743,0.897,0.761,0.656,0.812,0.899,0.857,0.713,0.793,0.689,0.783,0.773,0.865,0.857,0.746,1.0
18,.,1.0,0.828,0.667,0.761,0.469,0.703,0.531,0.806,0.571,0.822,0.639,0.595,0.552,0.538,0.67,0.723
18,A1_1,0.828,1.0,0.776,0.727,0.677,0.849,0.716,0.762,0.685,0.774,0.721,0.74,0.714,0.788,0.743,0.895
18,A1_2,0.667,0.776,1.0,0.626,0.702,0.758,0.77,0.61,0.73,0.758,0.648,0.585,0.642,0.766,0.662,0.753
18,A1_3,0.761,0.727,0.626,1.0,0.518,0.664,0.486,0.84,0.725,0.909,0.623,0.678,0.532,0.596,0.615,0.644
18,B1_1,0.469,0.677,0.702,0.518,1.0,0.867,0.872,0.54,0.844,0.531,0.845,0.769,0.941,0.889,0.712,0.808
18,B1_2,0.703,0.849,0.758,0.664,0.867,1.0,0.83,0.684,0.769,0.657,0.843,0.731,0.89,0.822,0.758,0.897
18,B1_3,0.531,0.716,0.77,0.486,0.872,0.83,1.0,0.494,0.834,0.586,0.781,0.59,0.841,0.868,0.526,0.855
18,A2_1,0.806,0.762,0.61,0.84,0.54,0.684,0.494,1.0,0.647,0.822,0.547,0.795,0.598,0.647,0.729,0.702
18,A2_2,0.571,0.685,0.73,0.725,0.844,0.769,0.834,0.647,1.0,0.76,0.838,0.728,0.813,0.822,0.637,0.79
18,A2_3,0.822,0.774,0.758,0.909,0.531,0.657,0.586,0.822,0.76,1.0,0.651,0.626,0.517,0.669,0.59,0.674
18,B2_1,0.639,0.721,0.648,0.623,0.845,0.843,0.781,0.547,0.838,0.651,1.0,0.715,0.835,0.771,0.691,0.78
18,B2_2,0.595,0.74,0.585,0.678,0.769,0.731,0.59,0.795,0.728,0.626,0.715,1.0,0.787,0.814,0.862,0.772
18,B2_3,0.552,0.714,0.642,0.532,0.941,0.89,0.841,0.598,0.813,0.517,0.835,0.787,1.0,0.847,0.74,0.862
18,y1,0.538,0.788,0.766,0.596,0.889,0.822,0.868,0.647,0.822,0.669,0.771,0.814,0.847,1.0,0.685,0.855
18,y2,0.67,0.743,0.662,0.615,0.712,0.758,0.526,0.729,0.637,0.59,0.691,0.862,0.74,0.685,1.0,0.743
18,y3,0.723,0.895,0.753,0.644,0.808,0.897,0.855,0.702,0.79,0.674,0.78,0.772,0.862,0.855,0.743,1.0
19,.,1.0,0.816,0.65,0.752,0.435,0.677,0.501,0.8,0.547,0.812,0.613,0.573,0.523,0.507,0.654,0.701
19,A1_1,0.816,1.0,0.771,0.721,0.668,0.843,0.71,0.756,0.682,0.766,0.714,0.736,0.707,0.782,0.738,0.892
19,A1_2,0.65,0.771,1.0,0.62,0.688,0.747,0.757,0.601,0.723,0.752,0.636,0.576,0.628,0.756,0.654,0.744
19,A1_3,0.752,0.721,0.62,1.0,0.499,0.647,0.469,0.839,0.717,0.909,0.608,0.666,0.514,0.581,0.605,0.63
19,B1_1,0.435,0.668,0.688,0.499,1.0,0.869,0.874,0.518,0.842,0.507,0.847,0.769,0.942,0.888,0.704,0.803
19,B1_2,0.677,0.843,0.747,0.647,0.869,1.0,0.833,0.666,0.769,0.636,0.846,0.73,0.892,0.819,0.752,0.893
19,B1_3,0.501,0.71,0.757,0.469,0.874,0.833,1.0,0.476,0.832,0.565,0.784,0.591,0.844,0.866,0.52,0.851
19,A2_1,0.8,0.756,0.601,0.839,0.518,0.666,0.476,1.0,0.636,0.82,0.531,0.784,0.577,0.631,0.72,0.689
19,A2_2,0.547,0.682,0.723,0.717,0.842,0.769,0.832,0.636,1.0,0.748,0.838,0.728,0.811,0.82,0.632,0.786
19,A2_3,0.812,0.766,0.752,0.909,0.507,0.636,0.565,0.82,0.748,1.0,0.631,0.612,0.494,0.65,0.576,0.658
19,B2_1,0.613,0.714,0.636,0.608,0.847,0.846,0.784,0.531,0.838,0.631,1.0,0.715,0.838,0.769,0.685,0.777
19,B2_2,0.573,0.736,0.576,0.666,0.769,0.73,0.591,0.784,0.728,0.612,0.715,1.0,0.786,0.815,0.858,0.772
19,B2_3,0.523,0.707,0.628,0.514,0.942,0.892,0.844,0.577,0.811,0.494,0.838,0.786,1.0,0.844,0.733,0.858
19,y1,0.507,0.782,0.756,0.581,0.888,0.819,0.866,0.631,0.82,0.65,0.769,0.815,0.844,1.0,0.68,0.851
19,y2,0.654,0.738,0.654,0.605,0.704,0.752,0.52,0.72,0.632,0.576,0.685,0.858,0.733,0.68,1.0,0.74
19,y3,0.701,0.892,0.744,0.63,0.803,0.893,0.851,0.689,0.786,0.658,0.777,0.772,0.858,0.851,0.74,1.0
20,.,1.0,0.803,0.632,0.744,0.398,0.648,0.469,0.794,0.522,0.802,0.585,0.548,0.491,0.473,0.637,0.678
20,A1_1,0.803,1.0,0.766,0.715,0.658,0.836,0.704,0.749,0.678,0.757,0.706,0.73,0.699,0.775,0.733,0.889
20,A1_2,0.632,0.766,1.0,0.615,0.672,0.733,0.743,0.592,0.714,0.746,0.622,0.566,0.611,0.744,0.645,0.733
20,A1_3,0.744,0.715,0.615,1.0,0.479,0.629,0.452,0.837,0.709,0.909,0.591,0.654,0.494,0.565,0.593,0.616
20,B1_1,0.398,0.658,0.672,0.479,1.0,0.87,0.875,0.494,0.839,0.481,0.849,0.768,0.942,0.886,0.695,0.797
20,B1_2,0.648,0.836,0.733,0.629,0.87,1.0,0.835,0.645,0.768,0.613,0.849,0.729,0.895,0.816,0.744,0.89
20,B1_3,0.469,0.704,0.743,0.452,0.875,0.835,1.0,0.456,0.83,0.542,0.787,0.592,0.846,0.864,0.513,0.847
20,A2_1,0.794,0.749,0.592,0.837,0.494,0.645,0.456,1.0,0.625,0.818,0.514,0.771,0.555,0.614,0.709,0.676
20,A2_2,0.522,0.678,0.714,0.709,0.839,0.768,0.83,0.625,1.0,0.736,0.837,0.727,0.808,0.817,0.625,0.782
20,A2_3,0.802,0.757,0.746,0.909,0.481,0.613,0.542,0.818,0.736,1.0,0.608,0.595,0.469,0.63,0.562,0.64
20,B2_1,0.585,0.706,0.622,0.591,0.849,0.849,0.787,0.514,0.837,0.608,1.0,0.716,0.841,0.766,0.679,0.773
20,B2_2,0.548,0.73,0.566,0.654,0.768,0.729,0.592,0.771,0.727,0.595,0.716,1.0,0.784,0.816,0.855,0.77
20,B2_3,0.491,0.699,0.611,0.494,0.942,0.895,0.846,0.555,0.808,0.469,0.841,0.784,1.0,0.84,0.724,0.853
20,y1,0.473,0.775,0.744,0.565,0.886,0.816,0.864,0.614,0.817,0.63,0.766,0.816,0.84,1.0,0.675,0.848
20,y2,0.637,0.733,0.645,0.593,0.695,0.744,0.513,0.709,0.625,0.562,0.679,0.855,0.724,0.675,1.0,0.737
20,y3,0.678,0.889,0.733,0.616,0.797,0.89,0.847,0.676,0.782,0.64,0.773,0.77,0.853,0.848,0.737,1.0
21,.,1.0,0.788,0.612,0.734,0.357,0.616,0.433,0.787,0.494,0.79,0.552,0.519,0.456,0.436,0.617,0.652
21,A1_1,0.788,1.0,0.759,0.708,0.647,0.828,0.695,0.742,0.673,0.746,0.697,0.724,0.689,0.767,0.727,0.885
21,A1_2,0.612,0.759,1.0,0.608,0.652,0.716,0.725,0.582,0.704,0.74,0.605,0.554,0.591,0.731,0.635,0.721
21,A1_3,0.734,0.708,0.608,1.0,0.456,0.608,0.431,0.836,0.699,0.908,0.572,0.638,0.471,0.547,0.579,0.6
21,B1_1,0.357,0.647,0.652,0.456,1.0,0.872,0.876,0.467,0.836,0.451,0.85,0.767,0.942,0.883,0.685,0.79
21,B1_2,0.616,0.828,0.716,0.608,0.872,1.0,0.837,0.622,0.767,0.586,0.851,0.727,0.897,0.813,0.736,0.885
21,B1_3,0.433,0.695,0.725,0.431,0.876,0.837,1.0,0.434,0.827,0.516,0.789,0.593,0.848,0.862,0.505,0.842
21,A2_1,0.787,0.742,0.582,0.836,0.467,0.622,0.434,1.0,0.611,0.816,0.493,0.756,0.53,0.594,0.697,0.66
21,A2_2,0.494,0.673,0.704,0.699,0.836,0.767,0.827,0.611,1.0,0.721,0.836,0.726,0.805,0.813,0.617,0.777
21,A2_3,0.79,0.746,0.74,0.908,0.451,0.586,0.516,0.816,0.721,1.0,0.583,0.576,0.44,0.608,0.545,0.621
21,B2_1,0.552,0.697,0.605,0.572,0.85,0.851,0.789,0.493,0.836,0.583,1.0,0.715,0.843,0.763,0.671,0.768
21,B2_2,0.519,0.724,0.554,0.638,0.767,0.727,0.593,0.756,0.726,0.576,0.715,1.0,0.782,0.816,0.851,0.768
21,B2_3,0.456,0.689,0.591,0.471,0.942,0.897,0.848,0.53,0.805,0.44,0.843,0.782,1.0,0.836,0.715,0.848
21,y1,0.436,0.767,0.731,0.547,0.883,0.813,0.862,0.594,0.813,0.608,0.763,0.816,0.836,1.0,0.668,0.843
21,y2,0.617,0.727,0.635,0.579,0.685,0.736,0.505,0.697,0.617,0.545,0.671,0.851,0.715,0.668,1.0,0.732
21,y3,0.652,0.885,0.721,0.6,0.79,0.885,0.842,0.66,0.777,0.621,0.768,0.768,0.848,0.843,0.732,1.0
22,.,1.0,0.771,0.592,0.724,0.314,0.581,0.395,0.78,0.464,0.779,0.518,0.488,0.419,0.397,0.596,0.624
22,A1_1,0.771,1.0,0.751,0.7,0.634,0.819,0.686,0.733,0.667,0.735,0.686,0.716,0.678,0.759,0.72,0.881
22,A1_2,0.592,0.751,1.0,0.602,0.631,0.698,0.706,0.572,0.693,0.733,0.587,0.54,0.569,0.716,0.624,0.707
22,A1_3,0.724,0.7,0.602,1.0,0.431,0.585,0.409,0.835,0.688,0.908,0.551,0.622,0.447,0.528,0.565,0.582
22,B1_1,0.314,0.634,0.631,0.431,1.0,0.873,0.877,0.438,0.832,0.419,0.852,0.766,0.942,0.88,0.673,0.782
22,B1_2,0.581,0.819,0.698,0.585,0.873,1.0,0.84,0.597,0.766,0.557,0.854,0.725,0.9,0.809,0.727,0.88
22,B1_3,0.395,0.686,0.706,0.409,0.877,0.84,1.0,0.409,0.824,0.487,0.792,0.593,0.85,0.859,0.496,0.837
22,A2_1,0.78,0.733,0.572,0.835,0.438,0.597,0.409,1.0,0.597,0.814,0.471,0.739,0.503,0.573,0.683,0.644
22,A2_2,0.464,0.667,0.693,0.688,0.832,0.766,0.824,0.597,1.0,0.706,0.834,0.725,0.801,0.809,0.609,0.771
22,A2_3,0.779,0.735,0.733,0.908,0.419,0.557,0.487,0.814,0.706,1.0,0.555,0.555,0.408,0.584,0.527,0.599
22,B2_1,0.518,0.686,0.587,0.551,0.852,0.854,0.792,0.471,0.834,0.555,1.0,0.715,0.846,0.759,0.662,0.762
22,B2_2,0.488,0.716,0.54,0.622,0.766,0.725,0.593,0.739,0.725,0.555,0.715,1.0,0.779,0.816,0.846,0.766
22,B2_3,0.419,0.678,0.569,0.447,0.942,0.9,0.85,0.503,0.801,0.408,0.846,0.779,1.0,0.831,0.704,0.841
22,y1,0.397,0.759,0.716,0.528,0.88,0.809,0.859,0.573,0.809,0.584,0.759,0.816,0.831,1.0,0.66,0.839
22,y2,0.596,0.72,0.624,0.565,0.673,0.727,0.496,0.683,0.609,0.527,0.662,0.846,0.704,0.66,1.0,0.727
22,y3,0.624,0.881,0.707,0.582,0.782,0.88,0.837,0.644,0.771,0.599,0.762,0.766,0.841,0.839,0.727,1.0
23,.,1.0,0.753,0.571,0.713,0.267,0.542,0.353,0.772,0.432,0.767,0.48,0.454,0.377,0.355,0.573,0.594
23,A1_1,0.753,1.0,0.743,0.691,0.62,0.808,0.675,0.724,0.66,0.723,0.674,0.708,0.665,0.749,0.713,0.877
23,A1_2,0.571,0.743,1.0,0.595,0.607,0.676,0.684,0.561,0.679,0.726,0.565,0.523,0.544,0.699,0.611,0.691
23,A1_3,0.713,0.691,0.595,1.0,0.403,0.559,0.384,0.833,0.676,0.907,0.527,0.603,0.42,0.507,0.549,0.563
23,B1_1,0.267,0.62,0.607,0.403,1.0,0.874,0.877,0.406,0.827,0.383,0.853,0.764,0.942,0.876,0.66,0.773
23,B1_2,0.542,0.808,0.676,0.559,0.874,1.0,0.842,0.569,0.763,0.524,0.857,0.722,0.902,0.804,0.715,0.873
23,B1_3,0.353,0.675,0.684,0.384,0.877,0.842,1.0,0.381,0.82,0.454,0.794,0.593,0.852,0.855,0.484,0.83
23,A2_1,0.772,0.724,0.561,0.833,0.406,0.569,0.381,1.0,0.58,0.811,0.445,0.72,0.472,0.55,0.669,0.625
23,A2_2,0.432,0.66,0.679,0.676,0.827,0.763,0.82,0.58,1.0,0.688,0.832,0.722,0.796,0.805,0.598,0.765
23,A2_3,0.767,0.723,0.726,0.907,0.383,0.524,0.454,0.811,0.688,1.0,0.524,0.532,0.373,0.558,0.507,0.575
23,B2_1,0.48,0.674,0.565,0.527,0.853,0.857,0.794,0.445,0.832,0.524,1.0,0.714,0.848,0.755,0.651,0.754
23,B2_2,0.454,0.708,0.523,0.603,0.764,0.722,0.593,0.72,0.722,0.532,0.714,1.0,0.776,0.817,0.84,0.763
23,B2_3,0.377,0.665,0.544,0.42,0.942,0.902,0.852,0.472,0.796,0.373,0.848,0.776,1.0,0.826,0.691,0.834
23,y1,0.355,0.749,0.699,0.507,0.876,0.804,0.855,0.55,0.805,0.558,0.755,0.817,0.826,1.0,0.652,0.833
23,y2,0.573,0.713,0.611,0.549,0.66,0.715,0.484,0.669,0.598,0.507,0.651,0.84,0.691,0.652,1.0,0.722
23,y3,0.594,0.877,0.691,0.563,0.773,0.873,0.83,0.625,0.765,0.575,0.754,0.763,0.834,0.833,0.722,1.0
24,.,1.0,0.735,0.55,0.702,0.218,0.501,0.309,0.765,0.398,0.755,0.439,0.417,0.334,0.311,0.55,0.563
24,A1_1,0.735,1.0,0.733,0.683,0.604,0.795,0.662,0.715,0.652,0.71,0.66,0.698,0.65,0.739,0.705,0.872
24,A1_2,0.55,0.733,1.0,0.588,0.58,0.651,0.658,0.55,0.664,0.719,0.541,0.505,0.515,0.68,0.597,0.674
24,A1_3,0.702,0.683,0.588,1.0,0.373,0.531,0.357,0.832,0.663,0.907,0.502,0.583,0.39,0.484,0.533,0.543
24,B1_1,0.218,0.604,0.58,0.373,1.0,0.876,0.878,0.371,0.822,0.345,0.855,0.762,0.943,0.872,0.646,0.763
24,B1_2,0.501,0.795,0.651,0.531,0.876,1.0,0.844,0.537,0.76,0.489,0.859,0.719,0.904,0.799,0.703,0.866
24,B1_3,0.309,0.662,0.658,0.357,0.878,0.844,1.0,0.351,0.815,0.42,0.796,0.593,0.855,0.851,0.472,0.822
24,A2_1,0.765,0.715,0.55,0.832,0.371,0.537,0.351,1.0,0.563,0.809,0.417,0.698,0.439,0.526,0.653,0.606
24,A2_2,0.398,0.652,0.664,0.663,0.822,0.76,0.815,0.563,1.0,0.669,0.829,0.72,0.791,0.799,0.587,0.757
24,A2_3,0.755,0.71,0.719,0.907,0.345,0.489,0.42,0.809,0.669,1.0,0.491,0.506,0.335,0.53,0.486,0.551
24,B2_1,0.439,0.66,0.541,0.502,0.855,0.859,0.796,0.417,0.829,0.491,1.0,0.713,0.851,0.75,0.64,0.746
24,B2_2,0.417,0.698,0.505,0.583,0.762,0.719,0.593,0.698,0.72,0.506,0.713,1.0,0.773,0.817,0.834,0.76
24,B2_3,0.334,0.65,0.515,0.39,0.943,0.904,0.855,0.439,0.791,0.335,0.851,0.773,1.0,0.82,0.677,0.825
24,y1,0.311,0.739,0.68,0.484,0.872,0.799,0.851,0.526,0.799,0.53,0.75,0.817,0.82,1.0,0.643,0.827
24,y2,0.55,0.705,0.597,0.533,0.646,0.703,0.472,0.653,0.587,0.486,0.64,0.834,0.677,0.643,1.0,0.716
24,y3,0.563,0.872,0.674,0.543,0.763,0.866,0.822,0.606,0.757,0.551,0.746,0.76,0.825,0.827,0.716,1.0
25,.,1.0,0.716,0.529,0.691,0.168,0.457,0.264,0.758,0.363,0.743,0.397,0.379,0.289,0.266,0.526,0.531
25,A1_1,0.716,1.0,0.723,0.674,0.586,0.781,0.648,0.706,0.644,0.697,0.645,0.688,0.634,0.728,0.697,0.866
25,A1_2,0.529,0.723,1.0,0.583,0.55,0.624,0.63,0.541,0.648,0.713,0.514,0.484,0.484,0.66,0.583,0.655
25,A1_3,0.691,0.674,0.583,1.0,0.342,0.502,0.329,0.831,0.649,0.907,0.475,0.561,0.359,0.462,0.516,0.522
25,B1_1,0.168,0.586,0.55,0.342,1.0,0.877,0.879,0.335,0.817,0.305,0.856,0.761,0.943,0.867,0.63,0.751
25,B1_2,0.457,0.781,0.624,0.502,0.877,1.0,0.846,0.504,0.757,0.451,0.862,0.717,0.907,0.793,0.69,0.857
25,B1_3,0.264,0.648,0.63,0.329,0.879,0.846,1.0,0.319,0.81,0.383,0.799,0.593,0.857,0.847,0.458,0.813
25,A2_1,0.758,0.706,0.541,0.831,0.335,0.504,0.319,1.0,0.544,0.808,0.388,0.675,0.403,0.501,0.637,0.586
25,A2_2,0.363,0.644,0.648,0.649,0.817,0.757,0.81,0.544,1.0,0.649,0.826,0.717,0.785,0.794,0.575,0.748
25,A2_3,0.743,0.697,0.713,0.907,0.305,0.451,0.383,0.808,0.649,1.0,0.455,0.479,0.295,0.501,0.465,0.525
25,B2_1,0.397,0.645,0.514,0.475,0.856,0.862,0.799,0.388,0.826,0.455,1.0,0.712,0.853,0.745,0.627,0.736
25,B2_2,0.379,0.688,0.484,0.561,0.761,0.717,0.593,0.675,0.717,0.479,0.712,1.0,0.77,0.817,0.827,0.757
25,B2_3,0.289,0.634,0.484,0.359,0.943,0.907,0.857,0.403,0.785,0.295,0.853,0.77,1.0,0.813,0.662,0.815
25,y1,0.266,0.728,0.66,0.462,0.867,0.793,0.847,0.501,0.794,0.501,0.745,0.817,0.813,1.0,0.633,0.821
25,y2,0.526,0.697,0.583,0.516,0.63,0.69,0.458,0.637,0.575,0.465,0.627,0.827,0.662,0.633,1.0,0.71
25,y3,0.531,0.866,0.655,0.522,0.751,0.857,0.813,0.586,0.748,0.525,0.736,0.757,0.815,0.821,0.71,1.0
26,.,1.0,0.695,0.508,0.681,0.117,0.411,0.216,0.751,0.328,0.731,0.352,0.338,0.242,0.22,0.5,0.498
