,,.,A1_1,A1_2,A1_3,B1_1,B1_2,B1_3,A2_1,A2_2,A2_3,B2_1,B2_2,B2_3,y1,y2,y3
0,.,1.0,-0.086,0.613,0.372,0.352,0.396,0.408,0.46,0.496,0.512,0.52,0.445,0.627,0.645,0.663,0.773
0,A1_1,-0.086,1.0,0.295,0.53,0.386,0.517,0.492,0.474,0.373,0.338,0.029,0.335,0.295,0.056,0.156,0.051
0,A1_2,0.613,0.295,1.0,0.856,0.59,0.656,0.624,0.671,0.815,0.867,0.511,0.45,0.748,0.352,0.416,0.536
0,A1_3,0.372,0.53,0.856,1.0,0.589,0.687,0.654,0.677,0.78,0.774,0.376,0.363,0.679,0.135,0.142,0.321
0,B1_1,0.352,0.386,0.59,0.589,1.0,0.631,0.455,0.567,0.712,0.643,0.793,0.723,0.706,0.219,0.268,0.459
0,B1_2,0.396,0.517,0.656,0.687,0.631,1.0,0.593,0.464,0.525,0.538,0.538,0.547,0.717,0.343,0.19,0.376
0,B1_3,0.408,0.492,0.624,0.654,0.455,0.593,1.0,0.456,0.584,0.62,0.334,0.546,0.691,0.251,0.349,0.336
0,A2_1,0.46,0.474,0.671,0.677,0.567,0.464,0.456,1.0,0.67,0.717,0.382,0.591,0.466,0.261,0.375,0.432
0,A2_2,0.496,0.373,0.815,0.78,0.712,0.525,0.584,0.67,1.0,0.774,0.509,0.457,0.727,0.269,0.417,0.56
0,A2_3,0.512,0.338,0.867,0.774,0.643,0.538,0.62,0.717,0.774,1.0,0.529,0.473,0.663,0.328,0.439,0.583
0,B2_1,0.52,0.029,0.511,0.376,0.793,0.538,0.334,0.382,0.509,0.529,1.0,0.708,0.561,0.339,0.252,0.521
0,B2_2,0.445,0.335,0.45,0.363,0.723,0.547,0.546,0.591,0.457,0.473,0.708,1.0,0.585,0.416,0.379,0.393
0,B2_3,0.627,0.295,0.748,0.679,0.706,0.717,0.691,0.466,0.727,0.663,0.561,0.585,1.0,0.554,0.49,0.592
0,y1,0.645,0.056,0.352,0.135,0.219,0.343,0.251,0.261,0.269,0.328,0.339,0.416,0.554,1.0,0.731,0.736
0,y2,0.663,0.156,0.416,0.142,0.268,0.19,0.349,0.375,0.417,0.439,0.252,0.379,0.49,0.731,1.0,0.722
0,y3,0.773,0.051,0.536,0.321,0.459,0.376,0.336,0.432,0.56,0.583,0.521,0.393,0.592,0.736,0.722,1.0
1,.,1.0,0.146,0.659,0.557,0.534,0.535,0.475,0.555,0.599,0.554,0.45,0.579,0.705,0.822,0.808,0.838
1,A1_1,0.146,1.0,0.538,0.509,0.474,0.609,0.488,0.435,0.491,0.456,0.27,0.387,0.398,0.237,0.328,0.218
1,A1_2,0.659,0.538,1.0,0.83,0.743,0.743,0.428,0.827,0.859,0.877,0.676,0.769,0.817,0.615,0.729,0.681
1,A1_3,0.557,0.509,0.83,1.0,0.826,0.768,0.387,0.831,0.877,0.876,0.725,0.796,0.81,0.472,0.492,0.582
1,B1_1,0.534,0.474,0.743,0.826,1.0,0.78,0.377,0.741,0.759,0.816,0.764,0.808,0.697,0.397,0.531,0.503
1,B1_2,0.535,0.609,0.743,0.768,0.78,1.0,0.386,0.612,0.755,0.708,0.699,0.869,0.755,0.546,0.541,0.549
1,B1_3,0.475,0.488,0.428,0.387,0.377,0.386,1.0,0.419,0.422,0.304,0.329,0.329,0.494,0.379,0.406,0.439
1,A2_1,0.555,0.435,0.827,0.831,0.741,0.612,0.419,1.0,0.817,0.928,0.606,0.665,0.729,0.455,0.536,0.539
1,A2_2,0.599,0.491,0.859,0.877,0.759,0.755,0.422,0.817,1.0,0.883,0.75,0.793,0.862,0.535,0.638,0.692
1,A2_3,0.554,0.456,0.877,0.876,0.816,0.708,0.304,0.928,0.883,1.0,0.687,0.756,0.752,0.487,0.58,0.604
1,B2_1,0.45,0.27,0.676,0.725,0.764,0.699,0.329,0.606,0.75,0.687,1.0,0.885,0.686,0.385,0.466,0.492
1,B2_2,0.579,0.387,0.769,0.796,0.808,0.869,0.329,0.665,0.793,0.756,0.885,1.0,0.834,0.518,0.555,0.569
1,B2_3,0.705,0.398,0.817,0.81,0.697,0.755,0.494,0.729,0.862,0.752,0.686,0.834,1.0,0.68,0.643,0.713
1,y1,0.822,0.237,0.615,0.472,0.397,0.546,0.379,0.455,0.535,0.487,0.385,0.518,0.68,1.0,0.814,0.857
1,y2,0.808,0.328,0.729,0.492,0.531,0.541,0.406,0.536,0.638,0.58,0.466,0.555,0.643,0.814,1.0,0.798
1,y3,0.838,0.218,0.681,0.582,0.503,0.549,0.439,0.539,0.692,0.604,0.492,0.569,0.713,0.857,0.798,1.0
2,.,1.0,0.769,0.895,0.876,0.898,0.83,0.924,0.807,0.867,0.899,0.923,0.869,0.849,0.916,0.967,0.915
2,A1_1,0.769,1.0,0.848,0.857,0.842,0.864,0.796,0.692,0.822,0.808,0.767,0.648,0.715,0.724,0.826,0.762
2,A1_2,0.895,0.848,1.0,0.957,0.917,0.831,0.913,0.849,0.948,0.97,0.901,0.783,0.855,0.838,0.918,0.888
2,A1_3,0.876,0.857,0.957,1.0,0.954,0.845,0.944,0.888,0.939,0.962,0.914,0.824,0.865,0.783,0.887,0.833
2,B1_1,0.898,0.842,0.917,0.954,1.0,0.87,0.949,0.881,0.914,0.938,0.948,0.889,0.869,0.815,0.916,0.838
2,B1_2,0.83,0.864,0.831,0.845,0.87,1.0,0.846,0.731,0.839,0.805,0.862,0.812,0.826,0.835,0.849,0.82
2,B1_3,0.924,0.796,0.913,0.944,0.949,0.846,1.0,0.84,0.911,0.926,0.936,0.875,0.905,0.839,0.92,0.85
2,A2_1,0.807,0.692,0.849,0.888,0.881,0.731,0.84,1.0,0.853,0.895,0.861,0.852,0.834,0.757,0.816,0.75
2,A2_2,0.867,0.822,0.948,0.939,0.914,0.839,0.911,0.853,1.0,0.931,0.906,0.78,0.894,0.814,0.888,0.861
2,A2_3,0.899,0.808,0.97,0.962,0.938,0.805,0.926,0.895,0.931,1.0,0.931,0.837,0.834,0.824,0.93,0.863
2,B2_1,0.923,0.767,0.901,0.914,0.948,0.862,0.936,0.861,0.906,0.931,1.0,0.923,0.888,0.861,0.944,0.842
2,B2_2,0.869,0.648,0.783,0.824,0.889,0.812,0.875,0.852,0.78,0.837,0.923,1.0,0.821,0.791,0.852,0.767
2,B2_3,0.849,0.715,0.855,0.865,0.869,0.826,0.905,0.834,0.894,0.834,0.888,0.821,1.0,0.845,0.84,0.823
2,y1,0.916,0.724,0.838,0.783,0.815,0.835,0.839,0.757,0.814,0.824,0.861,0.791,0.845,1.0,0.919,0.944
2,y2,0.967,0.826,0.918,0.887,0.916,0.849,0.92,0.816,0.888,0.93,0.944,0.852,0.84,0.919,1.0,0.911
2,y3,0.915,0.762,0.888,0.833,0.838,0.82,0.85,0.75,0.861,0.863,0.842,0.767,0.823,0.944,0.911,1.0
3,.,1.0,0.721,0.829,0.791,0.807,0.759,0.846,0.826,0.863,0.873,0.901,0.861,0.848,0.93,0.961,0.921
3,A1_1,0.721,1.0,0.87,0.887,0.87,0.884,0.82,0.767,0.76,0.79,0.675,0.691,0.645,0.695,0.761,0.709
3,A1_2,0.829,0.87,1.0,0.961,0.933,0.855,0.931,0.915,0.921,0.949,0.855,0.861,0.822,0.78,0.848,0.811
3,A1_3,0.791,0.887,0.961,1.0,0.972,0.875,0.95,0.905,0.894,0.916,0.836,0.844,0.791,0.717,0.795,0.767
3,B1_1,0.807,0.87,0.933,0.972,1.0,0.876,0.947,0.912,0.896,0.91,0.869,0.873,0.812,0.744,0.822,0.781
3,B1_2,0.759,0.884,0.855,0.875,0.876,1.0,0.872,0.743,0.794,0.787,0.787,0.797,0.739,0.759,0.764,0.752
3,B1_3,0.846,0.82,0.931,0.95,0.947,0.872,1.0,0.855,0.896,0.902,0.895,0.88,0.867,0.783,0.834,0.804
3,A2_1,0.826,0.767,0.915,0.905,0.912,0.743,0.855,1.0,0.919,0.963,0.893,0.9,0.841,0.741,0.832,0.76
3,A2_2,0.863,0.76,0.921,0.894,0.896,0.794,0.896,0.919,1.0,0.919,0.931,0.876,0.896,0.816,0.842,0.844
3,A2_3,0.873,0.79,0.949,0.916,0.91,0.787,0.902,0.963,0.919,1.0,0.908,0.914,0.865,0.823,0.893,0.832
3,B2_1,0.901,0.675,0.855,0.836,0.869,0.787,0.895,0.893,0.931,0.908,1.0,0.92,0.931,0.843,0.857,0.83
3,B2_2,0.861,0.691,0.861,0.844,0.873,0.797,0.88,0.9,0.876,0.914,0.92,1.0,0.926,0.8,0.868,0.773
3,B2_3,0.848,0.645,0.822,0.791,0.812,0.739,0.867,0.841,0.896,0.865,0.931,0.926,1.0,0.825,0.83,0.815
3,y1,0.93,0.695,0.78,0.717,0.744,0.759,0.783,0.741,0.816,0.823,0.843,0.8,0.825,1.0,0.94,0.949
3,y2,0.961,0.761,0.848,0.795,0.822,0.764,0.834,0.832,0.842,0.893,0.857,0.868,0.83,0.94,1.0,0.909
3,y3,0.921,0.709,0.811,0.767,0.781,0.752,0.804,0.76,0.844,0.832,0.83,0.773,0.815,0.949,0.909,1.0
4,.,1.0,0.649,0.752,0.723,0.75,0.704,0.797,0.781,0.783,0.777,0.843,0.837,0.787,0.898,0.958,0.919
4,A1_1,0.649,1.0,0.846,0.833,0.787,0.881,0.817,0.726,0.618,0.797,0.653,0.628,0.566,0.6,0.672,0.647
4,A1_2,0.752,0.846,1.0,0.962,0.902,0.84,0.932,0.916,0.848,0.964,0.867,0.846,0.801,0.717,0.775,0.728
4,A1_3,0.723,0.833,0.962,1.0,0.922,0.825,0.938,0.931,0.844,0.928,0.855,0.847,0.802,0.664,0.727,0.696
4,B1_1,0.75,0.787,0.902,0.922,1.0,0.858,0.943,0.908,0.831,0.91,0.893,0.911,0.832,0.689,0.768,0.689
4,B1_2,0.704,0.881,0.84,0.825,0.858,1.0,0.867,0.733,0.692,0.808,0.779,0.787,0.68,0.69,0.711,0.691
4,B1_3,0.797,0.817,0.932,0.938,0.943,0.867,1.0,0.868,0.811,0.939,0.884,0.884,0.842,0.734,0.794,0.728
4,A2_1,0.781,0.726,0.916,0.931,0.908,0.733,0.868,1.0,0.917,0.92,0.911,0.901,0.847,0.718,0.795,0.718
4,A2_2,0.783,0.618,0.848,0.844,0.831,0.692,0.811,0.917,1.0,0.833,0.901,0.893,0.921,0.766,0.778,0.753
4,A2_3,0.777,0.797,0.964,0.928,0.91,0.808,0.939,0.92,0.833,1.0,0.895,0.875,0.812,0.747,0.808,0.731
4,B2_1,0.843,0.653,0.867,0.855,0.893,0.779,0.884,0.911,0.901,0.895,1.0,0.955,0.902,0.803,0.843,0.76
4,B2_2,0.837,0.628,0.846,0.847,0.911,0.787,0.884,0.901,0.893,0.875,0.955,1.0,0.914,0.778,0.826,0.745
4,B2_3,0.787,0.566,0.801,0.802,0.832,0.68,0.842,0.847,0.921,0.812,0.902,0.914,1.0,0.797,0.785,0.761
4,y1,0.898,0.6,0.717,0.664,0.689,0.69,0.734,0.718,0.766,0.747,0.803,0.778,0.797,1.0,0.933,0.932
4,y2,0.958,0.672,0.775,0.727,0.768,0.711,0.794,0.795,0.778,0.808,0.843,0.826,0.785,0.933,1.0,0.912
4,y3,0.919,0.647,0.728,0.696,0.689,0.691,0.728,0.718,0.753,0.731,0.76,0.745,0.761,0.932,0.912,1.0
5,.,1.0,0.653,0.751,0.688,0.723,0.679,0.795,0.755,0.81,0.808,0.87,0.822,0.829,0.9,0.964,0.925
5,A1_1,0.653,1.0,0.817,0.853,0.811,0.891,0.822,0.751,0.622,0.778,0.617,0.639,0.612,0.6,0.678,0.647
5,A1_2,0.751,0.817,1.0,0.964,0.913,0.823,0.934,0.943,0.868,0.968,0.846,0.867,0.849,0.711,0.772,0.738
5,A1_3,0.688,0.853,0.964,1.0,0.919,0.845,0.937,0.932,0.812,0.917,0.775,0.824,0.8,0.629,0.699,0.674
5,B1_1,0.723,0.811,0.913,0.919,1.0,0.881,0.951,0.903,0.826,0.885,0.846,0.894,0.83,0.665,0.75,0.676
5,B1_2,0.679,0.891,0.823,0.845,0.881,1.0,0.865,0.749,0.696,0.777,0.732,0.776,0.701,0.671,0.697,0.675
5,B1_3,0.795,0.822,0.934,0.937,0.951,0.865,1.0,0.878,0.827,0.917,0.859,0.888,0.861,0.725,0.799,0.738
5,A2_1,0.755,0.751,0.943,0.932,0.903,0.749,0.878,1.0,0.9,0.941,0.869,0.887,0.86,0.69,0.776,0.706
5,A2_2,0.81,0.622,0.868,0.812,0.826,0.696,0.827,0.9,1.0,0.888,0.922,0.893,0.939,0.778,0.802,0.776
5,A2_3,0.808,0.778,0.968,0.917,0.885,0.777,0.917,0.941,0.888,1.0,0.894,0.883,0.86,0.777,0.837,0.787
5,B2_1,0.87,0.617,0.846,0.775,0.846,0.732,0.859,0.869,0.922,0.894,1.0,0.947,0.933,0.81,0.864,0.783
5,B2_2,0.822,0.639,0.867,0.824,0.894,0.776,0.888,0.887,0.893,0.883,0.947,1.0,0.919,0.768,0.826,0.754
5,B2_3,0.829,0.612,0.849,0.8,0.83,0.701,0.861,0.86,0.939,0.86,0.933,0.919,1.0,0.822,0.834,0.812
5,y1,0.9,0.6,0.711,0.629,0.665,0.671,0.725,0.69,0.778,0.777,0.81,0.768,0.822,1.0,0.934,0.946
5,y2,0.964,0.678,0.772,0.699,0.75,0.697,0.799,0.776,0.802,0.837,0.864,0.826,0.834,0.934,1.0,0.923
5,y3,0.925,0.647,0.738,0.674,0.676,0.675,0.738,0.706,0.776,0.787,0.783,0.754,0.812,0.946,0.923,1.0
6,.,1.0,0.622,0.627,0.596,0.578,0.645,0.694,0.609,0.75,0.728,0.808,0.751,0.713,0.897,0.948,0.91
6,A1_1,0.622,1.0,0.83,0.87,0.815,0.888,0.8,0.817,0.747,0.819,0.696,0.694,0.714,0.586,0.653,0.588
6,A1_2,0.627,0.83,1.0,0.962,0.875,0.807,0.904,0.941,0.908,0.922,0.839,0.851,0.88,0.563,0.608,0.572
6,A1_3,0.596,0.87,0.962,1.0,0.896,0.839,0.894,0.949,0.9,0.905,0.809,0.818,0.853,0.522,0.587,0.547
6,B1_1,0.578,0.815,0.875,0.896,1.0,0.864,0.928,0.875,0.851,0.827,0.842,0.885,0.876,0.52,0.577,0.506
6,B1_2,0.645,0.888,0.807,0.839,0.864,1.0,0.832,0.76,0.781,0.774,0.79,0.815,0.772,0.621,0.647,0.613
6,B1_3,0.694,0.8,0.904,0.894,0.928,0.832,1.0,0.859,0.882,0.896,0.893,0.917,0.935,0.632,0.682,0.593
6,A2_1,0.609,0.817,0.941,0.949,0.875,0.76,0.859,1.0,0.908,0.925,0.842,0.829,0.853,0.541,0.62,0.528
6,A2_2,0.75,0.747,0.908,0.9,0.851,0.781,0.882,0.908,1.0,0.927,0.939,0.918,0.945,0.692,0.736,0.697
6,A2_3,0.728,0.819,0.922,0.905,0.827,0.774,0.896,0.925,0.927,1.0,0.895,0.858,0.89,0.713,0.758,0.688
6,B2_1,0.808,0.696,0.839,0.809,0.842,0.79,0.893,0.842,0.939,0.895,1.0,0.964,0.937,0.748,0.798,0.707
6,B2_2,0.751,0.694,0.851,0.818,0.885,0.815,0.917,0.829,0.918,0.858,0.964,1.0,0.948,0.691,0.727,0.659
6,B2_3,0.713,0.714,0.88,0.853,0.876,0.772,0.935,0.853,0.945,0.89,0.937,0.948,1.0,0.698,0.719,0.663
6,y1,0.897,0.586,0.563,0.522,0.52,0.621,0.632,0.541,0.692,0.713,0.748,0.691,0.698,1.0,0.943,0.936
6,y2,0.948,0.653,0.608,0.587,0.577,0.647,0.682,0.62,0.736,0.758,0.798,0.727,0.719,0.943,1.0,0.912
6,y3,0.91,0.588,0.572,0.547,0.506,0.613,0.593,0.528,0.697,0.688,0.707,0.659,0.663,0.936,0.912,1.0
7,.,1.0,0.641,0.617,0.593,0.594,0.646,0.689,0.615,0.743,0.722,0.803,0.736,0.692,0.897,0.948,0.903
7,A1_1,0.641,1.0,0.82,0.866,0.82,0.889,0.797,0.807,0.765,0.829,0.705,0.718,0.707,0.603,0.668,0.598
7,A1_2,0.617,0.82,1.0,0.962,0.864,0.796,0.899,0.949,0.917,0.94,0.833,0.855,0.88,0.571,0.603,0.564
7,A1_3,0.593,0.866,0.962,1.0,0.892,0.836,0.891,0.957,0.906,0.922,0.807,0.829,0.846,0.528,0.586,0.538
7,B1_1,0.594,0.82,0.864,0.892,1.0,0.877,0.925,0.872,0.857,0.838,0.844,0.896,0.873,0.542,0.585,0.524
7,B1_2,0.646,0.889,0.796,0.836,0.877,1.0,0.828,0.76,0.784,0.787,0.795,0.831,0.767,0.627,0.647,0.61
7,B1_3,0.689,0.797,0.899,0.891,0.925,0.828,1.0,0.866,0.889,0.897,0.889,0.926,0.936,0.636,0.676,0.582
7,A2_1,0.615,0.807,0.949,0.957,0.872,0.76,0.866,1.0,0.926,0.935,0.845,0.847,0.859,0.549,0.613,0.531
7,A2_2,0.743,0.765,0.917,0.906,0.857,0.784,0.889,0.926,1.0,0.943,0.939,0.925,0.948,0.712,0.748,0.691
7,A2_3,0.722,0.829,0.94,0.922,0.838,0.787,0.897,0.935,0.943,1.0,0.89,0.872,0.891,0.706,0.743,0.672
7,B2_1,0.803,0.705,0.833,0.807,0.844,0.795,0.889,0.845,0.939,0.89,1.0,0.962,0.93,0.754,0.795,0.703
7,B2_2,0.736,0.718,0.855,0.829,0.896,0.831,0.926,0.847,0.925,0.872,0.962,1.0,0.956,0.7,0.719,0.648
7,B2_3,0.692,0.707,0.88,0.846,0.873,0.767,0.936,0.859,0.948,0.891,0.93,0.956,1.0,0.7,0.704,0.638
7,y1,0.897,0.603,0.571,0.528,0.542,0.627,0.636,0.549,0.712,0.706,0.754,0.7,0.7,1.0,0.944,0.928
7,y2,0.948,0.668,0.603,0.586,0.585,0.647,0.676,0.613,0.748,0.743,0.795,0.719,0.704,0.944,1.0,0.912
7,y3,0.903,0.598,0.564,0.538,0.524,0.61,0.582,0.531,0.691,0.672,0.703,0.648,0.638,0.928,0.912,1.0
8,.,1.0,0.49,0.426,0.397,0.429,0.52,0.488,0.401,0.53,0.432,0.582,0.468,0.506,0.88,0.942,0.902
8,A1_1,0.49,1.0,0.799,0.871,0.812,0.888,0.799,0.799,0.777,0.808,0.741,0.721,0.715,0.482,0.536,0.449
8,A1_2,0.426,0.799,1.0,0.954,0.838,0.767,0.874,0.963,0.931,0.97,0.864,0.854,0.882,0.404,0.435,0.37
8,A1_3,0.397,0.871,0.954,1.0,0.887,0.844,0.886,0.953,0.903,0.938,0.838,0.841,0.846,0.36,0.412,0.346
8,B1_1,0.429,0.812,0.838,0.887,1.0,0.873,0.932,0.868,0.864,0.834,0.891,0.919,0.886,0.402,0.443,0.364
8,B1_2,0.52,0.888,0.767,0.844,0.873,1.0,0.837,0.759,0.786,0.761,0.831,0.851,0.767,0.516,0.528,0.476
8,B1_3,0.488,0.799,0.874,0.886,0.932,0.837,1.0,0.867,0.877,0.88,0.912,0.933,0.932,0.467,0.495,0.377
8,A2_1,0.401,0.799,0.963,0.953,0.868,0.759,0.867,1.0,0.929,0.956,0.869,0.849,0.874,0.368,0.421,0.32
8,A2_2,0.53,0.777,0.931,0.903,0.864,0.786,0.877,0.929,1.0,0.931,0.923,0.874,0.95,0.55,0.578,0.483
8,A2_3,0.432,0.808,0.97,0.938,0.834,0.761,0.88,0.956,0.931,1.0,0.868,0.846,0.891,0.452,0.476,0.381
8,B2_1,0.582,0.741,0.864,0.838,0.891,0.831,0.912,0.869,0.923,0.868,1.0,0.953,0.945,0.578,0.602,0.479
8,B2_2,0.468,0.721,0.854,0.841,0.919,0.851,0.933,0.849,0.874,0.846,0.953,1.0,0.937,0.474,0.467,0.385
8,B2_3,0.506,0.715,0.882,0.846,0.886,0.767,0.932,0.874,0.95,0.891,0.945,0.937,1.0,0.548,0.549,0.45
8,y1,0.88,0.482,0.404,0.36,0.402,0.516,0.467,0.368,0.55,0.452,0.578,0.474,0.548,1.0,0.944,0.922
8,y2,0.942,0.536,0.435,0.412,0.443,0.528,0.495,0.421,0.578,0.476,0.602,0.467,0.549,0.944,1.0,0.918
8,y3,0.902,0.449,0.37,0.346,0.364,0.476,0.377,0.32,0.483,0.381,0.479,0.385,0.45,0.922,0.918,1.0
9,.,1.0,0.453,0.322,0.322,0.37,0.468,0.404,0.286,0.365,0.324,0.442,0.356,0.367,0.873,0.935,0.912
9,A1_1,0.453,1.0,0.815,0.862,0.819,0.887,0.817,0.793,0.804,0.811,0.769,0.738,0.737,0.478,0.494,0.42
9,A1_2,0.322,0.815,1.0,0.967,0.834,0.775,0.859,0.974,0.969,0.985,0.874,0.853,0.889,0.342,0.341,0.293
9,A1_3,0.322,0.862,0.967,1.0,0.88,0.837,0.889,0.96,0.947,0.964,0.875,0.858,0.875,0.317,0.33,0.285
9,B1_1,0.37,0.819,0.834,0.88,1.0,0.887,0.941,0.86,0.875,0.861,0.918,0.919,0.915,0.363,0.375,0.32
9,B1_2,0.468,0.887,0.775,0.837,0.887,1.0,0.862,0.764,0.8,0.783,0.871,0.867,0.804,0.494,0.475,0.433
9,B1_3,0.404,0.817,0.859,0.889,0.941,0.862,1.0,0.862,0.885,0.886,0.932,0.937,0.943,0.396,0.395,0.314
9,A2_1,0.286,0.793,0.974,0.96,0.86,0.764,0.862,1.0,0.954,0.976,0.879,0.859,0.884,0.287,0.296,0.23
9,A2_2,0.365,0.804,0.969,0.947,0.875,0.8,0.885,0.954,1.0,0.964,0.917,0.887,0.938,0.418,0.409,0.346
9,A2_3,0.324,0.811,0.985,0.964,0.861,0.783,0.886,0.976,0.964,1.0,0.89,0.878,0.911,0.344,0.338,0.283
9,B2_1,0.442,0.769,0.874,0.875,0.918,0.871,0.932,0.879,0.917,0.89,1.0,0.971,0.942,0.458,0.45,0.363
9,B2_2,0.356,0.738,0.853,0.858,0.919,0.867,0.937,0.859,0.887,0.878,0.971,1.0,0.947,0.384,0.351,0.297
9,B2_3,0.367,0.737,0.889,0.875,0.915,0.804,0.943,0.884,0.938,0.911,0.942,0.947,1.0,0.42,0.397,0.333
9,y1,0.873,0.478,0.342,0.317,0.363,0.494,0.396,0.287,0.418,0.344,0.458,0.384,0.42,1.0,0.953,0.936
9,y2,0.935,0.494,0.341,0.33,0.375,0.475,0.395,0.296,0.409,0.338,0.45,0.351,0.397,0.953,1.0,0.936
9,y3,0.912,0.42,0.293,0.285,0.32,0.433,0.314,0.23,0.346,0.283,0.363,0.297,0.333,0.936,0.936,1.0
10,.,1.0,0.407,0.28,0.293,0.333,0.424,0.348,0.248,0.306,0.274,0.377,0.309,0.308,0.861,0.929,0.911
10,A1_1,0.407,1.0,0.815,0.87,0.822,0.885,0.809,0.801,0.804,0.817,0.774,0.743,0.736,0.444,0.456,0.381
10,A1_2,0.28,0.815,1.0,0.966,0.829,0.766,0.847,0.974,0.972,0.984,0.865,0.84,0.884,0.305,0.306,0.258
10,A1_3,0.293,0.87,0.966,1.0,0.879,0.84,0.884,0.96,0.953,0.967,0.88,0.855,0.874,0.298,0.312,0.261
10,B1_1,0.333,0.822,0.829,0.879,1.0,0.883,0.943,0.856,0.869,0.862,0.924,0.918,0.907,0.337,0.352,0.286
10,B1_2,0.424,0.885,0.766,0.84,0.883,1.0,0.86,0.765,0.788,0.775,0.871,0.866,0.791,0.461,0.44,0.398
10,B1_3,0.348,0.809,0.847,0.884,0.943,0.86,1.0,0.858,0.877,0.877,0.938,0.942,0.942,0.352,0.353,0.267
10,A2_1,0.248,0.801,0.974,0.96,0.856,0.765,0.858,1.0,0.958,0.981,0.88,0.856,0.884,0.26,0.269,0.201
10,A2_2,0.306,0.804,0.972,0.953,0.869,0.788,0.877,0.958,1.0,0.971,0.907,0.878,0.935,0.365,0.359,0.292
10,A2_3,0.274,0.817,0.984,0.967,0.862,0.775,0.877,0.981,0.971,1.0,0.883,0.864,0.909,0.303,0.302,0.241
10,B2_1,0.377,0.774,0.865,0.88,0.924,0.871,0.938,0.88,0.907,0.883,1.0,0.972,0.935,0.396,0.392,0.299
10,B2_2,0.309,0.743,0.84,0.855,0.918,0.866,0.942,0.856,0.878,0.864,0.972,1.0,0.942,0.343,0.315,0.254
10,B2_3,0.308,0.736,0.884,0.874,0.907,0.791,0.942,0.884,0.935,0.909,0.935,0.942,1.0,0.38,0.359,0.286
10,y1,0.861,0.444,0.305,0.298,0.337,0.461,0.352,0.26,0.365,0.303,0.396,0.343,0.38,1.0,0.955,0.938
10,y2,0.929,0.456,0.306,0.312,0.352,0.44,0.353,0.269,0.359,0.302,0.392,0.315,0.359,0.955,1.0,0.938
10,y3,0.911,0.381,0.258,0.261,0.286,0.398,0.267,0.201,0.292,0.241,0.299,0.254,0.286,0.938,0.938,1.0
11,.,1.0,0.384,0.24,0.26,0.295,0.397,0.308,0.209,0.252,0.241,0.327,0.266,0.257,0.85,0.917,0.899
11,A1_1,0.384,1.0,0.827,0.877,0.83,0.888,0.82,0.811,0.816,0.834,0.788,0.763,0.748,0.434,0.434,0.353
11,A1_2,0.24,0.827,1.0,0.968,0.824,0.761,0.839,0.976,0.981,0.985,0.857,0.842,0.869,0.275,0.265,0.214
11,A1_3,0.26,0.877,0.968,1.0,0.875,0.839,0.883,0.96,0.961,0.968,0.882,0.864,0.867,0.28,0.279,0.224
11,B1_1,0.295,0.83,0.824,0.875,1.0,0.888,0.952,0.85,0.849,0.868,0.932,0.923,0.917,0.309,0.311,0.24
11,B1_2,0.397,0.888,0.761,0.839,0.888,1.0,0.867,0.762,0.773,0.782,0.878,0.87,0.803,0.44,0.411,0.361
11,B1_3,0.308,0.82,0.839,0.883,0.952,0.867,1.0,0.853,0.861,0.88,0.947,0.946,0.951,0.314,0.304,0.219
11,A2_1,0.209,0.811,0.976,0.96,0.85,0.762,0.853,1.0,0.962,0.984,0.873,0.859,0.873,0.227,0.225,0.157
11,A2_2,0.252,0.816,0.981,0.961,0.849,0.773,0.861,0.962,1.0,0.977,0.888,0.872,0.914,0.322,0.304,0.238
11,A2_3,0.241,0.834,0.985,0.968,0.868,0.782,0.88,0.984,0.977,1.0,0.886,0.876,0.902,0.275,0.265,0.2
11,B2_1,0.327,0.788,0.857,0.882,0.932,0.878,0.947,0.873,0.888,0.886,1.0,0.98,0.939,0.35,0.334,0.243
11,B2_2,0.266,0.763,0.842,0.864,0.923,0.87,0.946,0.859,0.872,0.876,0.98,1.0,0.953,0.304,0.269,0.206
11,B2_3,0.257,0.748,0.869,0.867,0.917,0.803,0.951,0.873,0.914,0.902,0.939,0.953,1.0,0.328,0.296,0.223
11,y1,0.85,0.434,0.275,0.28,0.309,0.44,0.314,0.227,0.322,0.275,0.35,0.304,0.328,1.0,0.961,0.943
11,y2,0.917,0.434,0.265,0.279,0.311,0.411,0.304,0.225,0.304,0.265,0.334,0.269,0.296,0.961,1.0,0.942
11,y3,0.899,0.353,0.214,0.224,0.24,0.361,0.219,0.157,0.238,0.2,0.243,0.206,0.223,0.943,0.942,1.0
12,.,1.0,0.355,0.233,0.25,0.279,0.373,0.296,0.193,0.235,0.226,0.312,0.247,0.231,0.803,0.875,0.856
12,A1_1,0.355,1.0,0.842,0.889,0.813,0.862,0.797,0.826,0.835,0.851,0.773,0.764,0.74,0.408,0.411,0.322
12,A1_2,0.233,0.842,1.0,0.974,0.798,0.736,0.807,0.973,0.983,0.984,0.815,0.809,0.831,0.257,0.254,0.191
12,A1_3,0.25,0.889,0.974,1.0,0.841,0.806,0.848,0.961,0.97,0.976,0.843,0.835,0.835,0.268,0.272,0.202
12,B1_1,0.279,0.813,0.798,0.841,1.0,0.881,0.956,0.823,0.821,0.835,0.936,0.937,0.924,0.28,0.289,0.197
12,B1_2,0.373,0.862,0.736,0.806,0.881,1.0,0.864,0.741,0.749,0.754,0.882,0.884,0.802,0.408,0.377,0.321
12,B1_3,0.296,0.797,0.807,0.848,0.956,0.864,1.0,0.821,0.832,0.839,0.948,0.952,0.956,0.292,0.286,0.183
12,A2_1,0.193,0.826,0.973,0.961,0.823,0.741,0.821,1.0,0.958,0.984,0.832,0.828,0.833,0.198,0.202,0.12
12,A2_2,0.235,0.835,0.983,0.97,0.821,0.749,0.832,0.958,1.0,0.98,0.848,0.835,0.876,0.299,0.293,0.212
12,A2_3,0.226,0.851,0.984,0.976,0.835,0.754,0.839,0.984,0.98,1.0,0.84,0.836,0.858,0.261,0.259,0.179
12,B2_1,0.312,0.773,0.815,0.843,0.936,0.882,0.948,0.832,0.848,0.84,1.0,0.977,0.935,0.326,0.316,0.207
12,B2_2,0.247,0.764,0.809,0.835,0.937,0.884,0.952,0.828,0.835,0.836,0.977,1.0,0.95,0.271,0.244,0.168
12,B2_3,0.231,0.74,0.831,0.835,0.924,0.802,0.956,0.833,0.876,0.858,0.935,0.95,1.0,0.294,0.271,0.181
12,y1,0.803,0.408,0.257,0.268,0.28,0.408,0.292,0.198,0.299,0.261,0.326,0.271,0.294,1.0,0.96,0.944
12,y2,0.875,0.411,0.254,0.272,0.289,0.377,0.286,0.202,0.293,0.259,0.316,0.244,0.271,0.96,1.0,0.94
12,y3,0.856,0.322,0.191,0.202,0.197,0.321,0.183,0.12,0.212,0.179,0.207,0.168,0.181,0.944,0.94,1.0
13,.,1.0,0.301,0.189,0.203,0.235,0.327,0.263,0.156,0.189,0.181,0.263,0.217,0.19,0.767,0.84,0.825
13,A1_1,0.301,1.0,0.847,0.901,0.788,0.844,0.785,0.84,0.852,0.867,0.764,0.764,0.738,0.364,0.366,0.275
13,A1_2,0.189,0.847,1.0,0.973,0.764,0.706,0.78,0.973,0.984,0.981,0.783,0.779,0.798,0.21,0.209,0.143
13,A1_3,0.203,0.901,0.973,1.0,0.8,0.777,0.82,0.96,0.975,0.977,0.815,0.811,0.805,0.227,0.23,0.157
13,B1_1,0.235,0.788,0.764,0.8,1.0,0.865,0.96,0.798,0.793,0.811,0.944,0.94,0.939,0.224,0.235,0.133
13,B1_2,0.327,0.844,0.706,0.777,0.865,1.0,0.861,0.725,0.725,0.735,0.882,0.889,0.803,0.357,0.323,0.264
13,B1_3,0.263,0.785,0.78,0.82,0.96,0.861,1.0,0.806,0.809,0.822,0.953,0.948,0.957,0.246,0.243,0.133
13,A2_1,0.156,0.84,0.973,0.96,0.798,0.725,0.806,1.0,0.958,0.982,0.809,0.807,0.808,0.147,0.154,0.07
13,A2_2,0.189,0.852,0.984,0.975,0.793,0.725,0.809,0.958,1.0,0.981,0.819,0.81,0.844,0.246,0.247,0.16
13,A2_3,0.181,0.867,0.981,0.977,0.811,0.735,0.822,0.982,0.981,1.0,0.817,0.814,0.834,0.215,0.217,0.132
13,B2_1,0.263,0.764,0.783,0.815,0.944,0.882,0.953,0.809,0.819,0.817,1.0,0.978,0.937,0.267,0.257,0.144
13,B2_2,0.217,0.764,0.779,0.811,0.94,0.889,0.948,0.807,0.81,0.814,0.978,1.0,0.949,0.238,0.209,0.132
13,B2_3,0.19,0.738,0.798,0.805,0.939,0.803,0.957,0.808,0.844,0.834,0.937,0.949,1.0,0.25,0.231,0.134
13,y1,0.767,0.364,0.21,0.227,0.224,0.357,0.246,0.147,0.246,0.215,0.267,0.238,0.25,1.0,0.96,0.947
13,y2,0.84,0.366,0.209,0.23,0.235,0.323,0.243,0.154,0.247,0.217,0.257,0.209,0.231,0.96,1.0,0.941
13,y3,0.825,0.275,0.143,0.157,0.133,0.264,0.133,0.07,0.16,0.132,0.144,0.132,0.134,0.947,0.941,1.0
14,.,1.0,0.278,0.138,0.166,0.209,0.3,0.213,0.116,0.152,0.152,0.203,0.178,0.158,0.755,0.823,0.807
14,A1_1,0.278,1.0,0.846,0.906,0.799,0.83,0.788,0.841,0.859,0.873,0.754,0.766,0.748,0.347,0.348,0.257
14,A1_2,0.138,0.846,1.0,0.968,0.749,0.67,0.755,0.975,0.986,0.98,0.744,0.76,0.778,0.17,0.168,0.101
14,A1_3,0.166,0.906,0.968,1.0,0.799,0.753,0.814,0.959,0.978,0.977,0.792,0.804,0.799,0.198,0.201,0.125
14,B1_1,0.209,0.799,0.749,0.799,1.0,0.88,0.959,0.793,0.783,0.805,0.95,0.946,0.939,0.198,0.199,0.109
14,B1_2,0.3,0.83,0.67,0.753,0.88,1.0,0.876,0.701,0.703,0.714,0.885,0.889,0.823,0.336,0.293,0.239
14,B1_3,0.213,0.788,0.755,0.814,0.959,0.876,1.0,0.799,0.791,0.813,0.953,0.948,0.955,0.187,0.173,0.08
14,A2_1,0.116,0.841,0.975,0.959,0.793,0.701,0.799,1.0,0.961,0.981,0.791,0.805,0.802,0.114,0.118,0.034
14,A2_2,0.152,0.859,0.986,0.978,0.783,0.703,0.791,0.961,1.0,0.981,0.788,0.799,0.825,0.209,0.206,0.128
14,A2_3,0.152,0.873,0.98,0.977,0.805,0.714,0.813,0.981,0.981,1.0,0.796,0.812,0.827,0.19,0.189,0.106
14,B2_1,0.203,0.754,0.744,0.792,0.95,0.885,0.953,0.791,0.788,0.796,1.0,0.984,0.943,0.213,0.19,0.094
14,B2_2,0.178,0.766,0.76,0.804,0.946,0.889,0.948,0.805,0.799,0.812,0.984,1.0,0.955,0.2,0.162,0.093
14,B2_3,0.158,0.748,0.778,0.799,0.939,0.823,0.955,0.802,0.825,0.827,0.943,0.955,1.0,0.216,0.185,0.108
14,y1,0.755,0.347,0.17,0.198,0.198,0.336,0.187,0.114,0.209,0.19,0.213,0.2,0.216,1.0,0.962,0.954
14,y2,0.823,0.348,0.168,0.201,0.199,0.293,0.173,0.118,0.206,0.189,0.19,0.162,0.185,0.962,1.0,0.947
14,y3,0.807,0.257,0.101,0.125,0.109,0.239,0.08,0.034,0.128,0.106,0.094,0.093,0.108,0.954,0.947,1.0
15,.,1.0,0.308,0.166,0.196,0.234,0.318,0.245,0.15,0.192,0.193,0.222,0.195,0.185,0.709,0.785,0.761
15,A1_1,0.308,1.0,0.859,0.91,0.785,0.804,0.759,0.841,0.872,0.884,0.728,0.751,0.737,0.371,0.382,0.283
15,A1_2,0.166,0.859,1.0,0.972,0.725,0.653,0.722,0.977,0.987,0.983,0.713,0.741,0.762,0.201,0.21,0.133
15,A1_3,0.196,0.91,0.972,1.0,0.78,0.733,0.783,0.96,0.982,0.981,0.765,0.789,0.788,0.222,0.235,0.152
15,B1_1,0.234,0.785,0.725,0.78,1.0,0.888,0.957,0.761,0.762,0.77,0.94,0.947,0.93,0.206,0.216,0.119
15,B1_2,0.318,0.804,0.653,0.733,0.888,1.0,0.883,0.677,0.692,0.691,0.886,0.894,0.823,0.352,0.313,0.259
15,B1_3,0.245,0.759,0.722,0.783,0.957,0.883,1.0,0.757,0.767,0.769,0.951,0.95,0.957,0.215,0.206,0.107
15,A2_1,0.15,0.841,0.977,0.96,0.761,0.677,0.757,1.0,0.964,0.977,0.759,0.781,0.773,0.138,0.155,0.06
15,A2_2,0.192,0.872,0.987,0.982,0.762,0.692,0.767,0.964,1.0,0.983,0.765,0.785,0.812,0.235,0.246,0.16
15,A2_3,0.193,0.884,0.983,0.981,0.77,0.691,0.769,0.977,0.983,1.0,0.76,0.784,0.798,0.224,0.236,0.145
15,B2_1,0.222,0.728,0.713,0.765,0.94,0.886,0.951,0.759,0.765,0.76,1.0,0.985,0.936,0.229,0.213,0.109
15,B2_2,0.195,0.751,0.741,0.789,0.947,0.894,0.95,0.781,0.785,0.784,0.985,1.0,0.953,0.205,0.181,0.101
15,B2_3,0.185,0.737,0.762,0.788,0.93,0.823,0.957,0.773,0.812,0.798,0.936,0.953,1.0,0.232,0.214,0.129
15,y1,0.709,0.371,0.201,0.222,0.206,0.352,0.215,0.138,0.235,0.224,0.229,0.205,0.232,1.0,0.963,0.953
15,y2,0.785,0.382,0.21,0.235,0.216,0.313,0.206,0.155,0.246,0.236,0.213,0.181,0.214,0.963,1.0,0.945
15,y3,0.761,0.283,0.133,0.152,0.119,0.259,0.107,0.06,0.16,0.145,0.109,0.101,0.129,0.953,0.945,1.0
16,.,1.0,0.333,0.179,0.209,0.245,0.324,0.249,0.164,0.227,0.214,0.228,0.176,0.196,0.71,0.784,0.748
16,A1_1,0.333,1.0,0.854,0.906,0.772,0.792,0.747,0.807,0.865,0.884,0.718,0.731,0.731,0.398,0.403,0.305
16,A1_2,0.179,0.854,1.0,0.971,0.714,0.638,0.708,0.97,0.981,0.982,0.713,0.733,0.758,0.21,0.214,0.134
16,A1_3,0.209,0.906,0.971,1.0,0.766,0.718,0.773,0.944,0.978,0.982,0.759,0.777,0.787,0.235,0.244,0.16
16,B1_1,0.245,0.772,0.714,0.766,1.0,0.884,0.955,0.746,0.756,0.756,0.929,0.947,0.919,0.211,0.22,0.119
16,B1_2,0.324,0.792,0.638,0.718,0.884,1.0,0.884,0.655,0.684,0.679,0.874,0.879,0.802,0.352,0.312,0.26
16,B1_3,0.249,0.747,0.708,0.773,0.955,0.884,1.0,0.74,0.762,0.756,0.94,0.943,0.945,0.222,0.21,0.113
16,A2_1,0.164,0.807,0.97,0.944,0.746,0.655,0.74,1.0,0.955,0.962,0.767,0.78,0.766,0.141,0.154,0.055
16,A2_2,0.227,0.865,0.981,0.978,0.756,0.684,0.762,0.955,1.0,0.978,0.776,0.783,0.819,0.264,0.273,0.183
16,A2_3,0.214,0.884,0.982,0.982,0.756,0.679,0.756,0.962,0.978,1.0,0.76,0.775,0.798,0.243,0.25,0.158
16,B2_1,0.228,0.718,0.713,0.759,0.929,0.874,0.94,0.767,0.776,0.76,1.0,0.982,0.931,0.233,0.222,0.11
16,B2_2,0.176,0.731,0.733,0.777,0.947,0.879,0.943,0.78,0.783,0.775,0.982,1.0,0.944,0.176,0.16,0.069
16,B2_3,0.196,0.731,0.758,0.787,0.919,0.802,0.945,0.766,0.819,0.798,0.931,0.944,1.0,0.246,0.236,0.141
16,y1,0.71,0.398,0.21,0.235,0.211,0.352,0.222,0.141,0.264,0.243,0.233,0.176,0.246,1.0,0.962,0.956
16,y2,0.784,0.403,0.214,0.244,0.22,0.312,0.21,0.154,0.273,0.25,0.222,0.16,0.236,0.962,1.0,0.947
16,y3,0.748,0.305,0.134,0.16,0.119,0.26,0.113,0.055,0.183,0.158,0.11,0.069,0.141,0.956,0.947,1.0
17,.,1.0,0.274,0.133,0.157,0.197,0.262,0.209,0.111,0.168,0.168,0.171,0.149,0.153,0.655,0.729,0.711
17,A1_1,0.274,1.0,0.853,0.908,0.732,0.77,0.732,0.816,0.871,0.889,0.69,0.719,0.703,0.336,0.337,0.242
17,A1_2,0.133,0.853,1.0,0.974,0.665,0.603,0.681,0.974,0.986,0.982,0.662,0.699,0.715,0.165,0.169,0.084
17,A1_3,0.157,0.908,0.974,1.0,0.715,0.68,0.74,0.948,0.984,0.986,0.71,0.746,0.747,0.188,0.195,0.107
17,B1_1,0.197,0.732,0.665,0.715,1.0,0.875,0.959,0.696,0.713,0.716,0.94,0.941,0.932,0.147,0.153,0.048
17,B1_2,0.262,0.77,0.603,0.68,0.875,1.0,0.882,0.625,0.649,0.652,0.878,0.886,0.807,0.292,0.246,0.194
17,B1_3,0.209,0.732,0.681,0.74,0.959,0.882,1.0,0.711,0.734,0.732,0.953,0.947,0.954,0.176,0.163,0.06
17,A2_1,0.111,0.816,0.974,0.948,0.696,0.625,0.711,1.0,0.957,0.962,0.708,0.737,0.722,0.09,0.1,-0.002
17,A2_2,0.168,0.871,0.986,0.984,0.713,0.649,0.734,0.957,1.0,0.981,0.721,0.75,0.771,0.201,0.211,0.115
17,A2_3,0.168,0.889,0.982,0.986,0.716,0.652,0.732,0.962,0.981,1.0,0.711,0.745,0.757,0.191,0.198,0.103
17,B2_1,0.171,0.69,0.662,0.71,0.94,0.878,0.953,0.708,0.721,0.711,1.0,0.981,0.936,0.169,0.153,0.043
17,B2_2,0.149,0.719,0.699,0.746,0.941,0.886,0.947,0.737,0.75,0.745,0.981,1.0,0.948,0.147,0.122,0.035
17,B2_3,0.153,0.703,0.715,0.747,0.932,0.807,0.954,0.722,0.771,0.757,0.936,0.948,1.0,0.186,0.175,0.078
17,y1,0.655,0.336,0.165,0.188,0.147,0.292,0.176,0.09,0.201,0.191,0.169,0.147,0.186,1.0,0.963,0.955
17,y2,0.729,0.337,0.169,0.195,0.153,0.246,0.163,0.1,0.211,0.198,0.153,0.122,0.175,0.963,1.0,0.951
17,y3,0.711,0.242,0.084,0.107,0.048,0.194,0.06,-0.002,0.115,0.103,0.043,0.035,0.078,0.955,0.951,1.0
18,.,1.0,0.292,0.147,0.173,0.214,0.274,0.211,0.136,0.192,0.191,0.176,0.146,0.159,0.638,0.714,0.689
18,A1_1,0.292,1.0,0.861,0.912,0.729,0.758,0.717,0.82,0.879,0.9,0.682,0.714,0.705,0.359,0.363,0.269
18,A1_2,0.147,0.861,1.0,0.975,0.657,0.595,0.663,0.974,0.984,0.98,0.656,0.697,0.709,0.182,0.187,0.106
18,A1_3,0.173,0.912,0.975,1.0,0.71,0.672,0.727,0.949,0.986,0.987,0.706,0.744,0.747,0.206,0.216,0.132
18,B1_1,0.214,0.729,0.657,0.71,1.0,0.886,0.957,0.691,0.706,0.711,0.934,0.939,0.926,0.163,0.173,0.069
18,B1_2,0.274,0.758,0.595,0.672,0.886,1.0,0.892,0.621,0.644,0.651,0.877,0.882,0.811,0.302,0.261,0.207
18,B1_3,0.211,0.717,0.663,0.727,0.957,0.892,1.0,0.694,0.719,0.718,0.948,0.943,0.954,0.188,0.175,0.078
18,A2_1,0.136,0.82,0.974,0.949,0.691,0.621,0.694,1.0,0.959,0.961,0.708,0.74,0.719,0.116,0.127,0.03
18,A2_2,0.192,0.879,0.984,0.986,0.706,0.644,0.719,0.959,1.0,0.981,0.717,0.749,0.766,0.223,0.236,0.145
18,A2_3,0.191,0.9,0.98,0.987,0.711,0.651,0.718,0.961,0.981,1.0,0.71,0.746,0.755,0.218,0.226,0.136
18,B2_1,0.176,0.682,0.656,0.706,0.934,0.877,0.948,0.708,0.717,0.71,1.0,0.982,0.936,0.178,0.168,0.056
18,B2_2,0.146,0.714,0.697,0.744,0.939,0.882,0.943,0.74,0.749,0.746,0.982,1.0,0.949,0.146,0.131,0.036
18,B2_3,0.159,0.705,0.709,0.747,0.926,0.811,0.954,0.719,0.766,0.755,0.936,0.949,1.0,0.197,0.192,0.096
18,y1,0.638,0.359,0.182,0.206,0.163,0.302,0.188,0.116,0.223,0.218,0.178,0.146,0.197,1.0,0.965,0.958
18,y2,0.714,0.363,0.187,0.216,0.173,0.261,0.175,0.127,0.236,0.226,0.168,0.131,0.192,0.965,1.0,0.955
18,y3,0.689,0.269,0.106,0.132,0.069,0.207,0.078,0.03,0.145,0.136,0.056,0.036,0.096,0.958,0.955,1.0
19,.,1.0,0.266,0.145,0.158,0.204,0.257,0.22,0.122,0.174,0.178,0.157,0.146,0.148,0.607,0.684,0.67
19,A1_1,0.266,1.0,0.88,0.926,0.72,0.739,0.71,0.843,0.898,0.912,0.666,0.708,0.7,0.336,0.341,0.255
19,A1_2,0.145,0.88,1.0,0.976,0.645,0.588,0.656,0.975,0.987,0.982,0.634,0.679,0.698,0.194,0.2,0.127
19,A1_3,0.158,0.926,0.976,1.0,0.702,0.663,0.712,0.952,0.988,0.988,0.687,0.729,0.734,0.199,0.21,0.133
19,B1_1,0.204,0.72,0.645,0.702,1.0,0.89,0.958,0.68,0.697,0.699,0.94,0.935,0.93,0.147,0.156,0.061
19,B1_2,0.257,0.739,0.588,0.663,0.89,1.0,0.895,0.615,0.633,0.639,0.883,0.89,0.819,0.276,0.236,0.191
19,B1_3,0.22,0.71,0.656,0.712,0.958,0.895,1.0,0.685,0.708,0.705,0.957,0.947,0.959,0.199,0.189,0.096
19,A2_1,0.122,0.843,0.975,0.952,0.68,0.615,0.685,1.0,0.961,0.963,0.682,0.718,0.709,0.106,0.118,0.03
19,A2_2,0.174,0.898,0.987,0.988,0.697,0.633,0.708,0.961,1.0,0.985,0.692,0.731,0.752,0.205,0.221,0.137
19,A2_3,0.178,0.912,0.982,0.988,0.699,0.639,0.705,0.963,0.985,1.0,0.684,0.726,0.741,0.204,0.216,0.133
19,B2_1,0.157,0.666,0.634,0.687,0.94,0.883,0.957,0.682,0.692,0.684,1.0,0.981,0.94,0.162,0.151,0.05
19,B2_2,0.146,0.708,0.679,0.729,0.935,0.89,0.947,0.718,0.731,0.726,0.981,1.0,0.952,0.152,0.132,0.049
19,B2_3,0.148,0.7,0.698,0.734,0.93,0.819,0.959,0.709,0.752,0.741,0.94,0.952,1.0,0.182,0.177,0.09
19,y1,0.607,0.336,0.194,0.199,0.147,0.276,0.199,0.106,0.205,0.204,0.162,0.152,0.182,1.0,0.965,0.96
19,y2,0.684,0.341,0.2,0.21,0.156,0.236,0.189,0.118,0.221,0.216,0.151,0.132,0.177,0.965,1.0,0.955
19,y3,0.67,0.255,0.127,0.133,0.061,0.191,0.096,0.03,0.137,0.133,0.05,0.049,0.09,0.96,0.955,1.0
20,.,1.0,0.275,0.127,0.149,0.199,0.249,0.189,0.087,0.165,0.168,0.139,0.111,0.134,0.611,0.692,0.657
20,A1_1,0.275,1.0,0.857,0.909,0.715,0.744,0.713,0.809,0.874,0.899,0.662,0.695,0.692,0.334,0.334,0.247
20,A1_2,0.127,0.857,1.0,0.977,0.641,0.575,0.655,0.971,0.986,0.981,0.633,0.677,0.691,0.156,0.16,0.082
20,A1_3,0.149,0.909,0.977,1.0,0.691,0.648,0.714,0.944,0.987,0.989,0.679,0.719,0.726,0.177,0.185,0.104
20,B1_1,0.199,0.715,0.641,0.691,1.0,0.882,0.959,0.675,0.688,0.695,0.937,0.932,0.93,0.132,0.145,0.039
20,B1_2,0.249,0.744,0.575,0.648,0.882,1.0,0.889,0.602,0.621,0.633,0.874,0.877,0.81,0.264,0.225,0.172
20,B1_3,0.189,0.713,0.655,0.714,0.959,0.889,1.0,0.687,0.708,0.71,0.952,0.941,0.955,0.157,0.147,0.051
20,A2_1,0.087,0.809,0.971,0.944,0.675,0.602,0.687,1.0,0.953,0.956,0.687,0.725,0.704,0.068,0.074,-0.017
20,A2_2,0.165,0.874,0.986,0.987,0.688,0.621,0.708,0.953,1.0,0.98,0.69,0.724,0.744,0.188,0.201,0.113
20,A2_3,0.168,0.899,0.981,0.989,0.695,0.633,0.71,0.956,0.98,1.0,0.686,0.725,0.738,0.186,0.193,0.107
20,B2_1,0.139,0.662,0.633,0.679,0.937,0.874,0.952,0.687,0.69,0.686,1.0,0.979,0.938,0.126,0.122,0.011
20,B2_2,0.111,0.695,0.677,0.719,0.932,0.877,0.941,0.725,0.724,0.725,0.979,1.0,0.945,0.097,0.084,-0.01
20,B2_3,0.134,0.692,0.691,0.726,0.93,0.81,0.955,0.704,0.744,0.738,0.938,0.945,1.0,0.16,0.159,0.067
20,y1,0.611,0.334,0.156,0.177,0.132,0.264,0.157,0.068,0.188,0.186,0.126,0.097,0.16,1.0,0.964,0.962
20,y2,0.692,0.334,0.16,0.185,0.145,0.225,0.147,0.074,0.201,0.193,0.122,0.084,0.159,0.964,1.0,0.958
20,y3,0.657,0.247,0.082,0.104,0.039,0.172,0.051,-0.017,0.113,0.107,0.011,-0.01,0.067,0.962,0.958,1.0
21,.,1.0,0.267,0.138,0.154,0.203,0.251,0.195,0.1,0.174,0.176,0.136,0.114,0.133,0.581,0.666,0.632
21,A1_1,0.267,1.0,0.877,0.924,0.707,0.725,0.701,0.824,0.894,0.914,0.644,0.689,0.693,0.333,0.339,0.252
21,A1_2,0.138,0.877,1.0,0.978,0.624,0.568,0.636,0.971,0.986,0.982,0.609,0.66,0.68,0.18,0.186,0.111
21,A1_3,0.154,0.924,0.978,1.0,0.678,0.64,0.694,0.945,0.988,0.988,0.657,0.704,0.716,0.187,0.199,0.119
21,B1_1,0.203,0.707,0.624,0.678,1.0,0.892,0.956,0.663,0.676,0.678,0.937,0.935,0.932,0.13,0.147,0.049
21,B1_2,0.251,0.725,0.568,0.64,0.892,1.0,0.902,0.597,0.616,0.622,0.881,0.885,0.823,0.251,0.219,0.171
21,B1_3,0.195,0.701,0.636,0.694,0.956,0.902,1.0,0.669,0.691,0.686,0.952,0.94,0.958,0.165,0.16,0.074
21,A2_1,0.1,0.824,0.971,0.945,0.663,0.597,0.669,1.0,0.953,0.956,0.668,0.712,0.697,0.083,0.092,0.003
21,A2_2,0.174,0.894,0.986,0.988,0.676,0.616,0.691,0.953,1.0,0.981,0.668,0.71,0.735,0.203,0.219,0.134
21,A2_3,0.176,0.914,0.982,0.988,0.678,0.622,0.686,0.956,0.981,1.0,0.66,0.706,0.724,0.203,0.212,0.129
21,B2_1,0.136,0.644,0.609,0.657,0.937,0.881,0.952,0.668,0.668,0.66,1.0,0.979,0.94,0.126,0.125,0.024
21,B2_2,0.114,0.689,0.66,0.704,0.935,0.885,0.94,0.712,0.71,0.706,0.979,1.0,0.948,0.099,0.092,0.001
21,B2_3,0.133,0.693,0.68,0.716,0.932,0.823,0.958,0.697,0.735,0.724,0.94,0.948,1.0,0.159,0.165,0.078
21,y1,0.581,0.333,0.18,0.187,0.13,0.251,0.165,0.083,0.203,0.203,0.126,0.099,0.159,1.0,0.964,0.964
21,y2,0.666,0.339,0.186,0.199,0.147,0.219,0.16,0.092,0.219,0.212,0.125,0.092,0.165,0.964,1.0,0.959
21,y3,0.632,0.252,0.111,0.119,0.049,0.171,0.074,0.003,0.134,0.129,0.024,0.001,0.078,0.964,0.959,1.0
22,.,1.0,0.256,0.132,0.143,0.191,0.239,0.179,0.091,0.17,0.172,0.118,0.094,0.116,0.557,0.645,0.61
22,A1_1,0.256,1.0,0.879,0.925,0.696,0.715,0.692,0.829,0.896,0.919,0.637,0.681,0.684,0.323,0.326,0.245
22,A1_2,0.132,0.879,1.0,0.979,0.608,0.553,0.62,0.97,0.986,0.982,0.598,0.644,0.668,0.183,0.185,0.117
22,A1_3,0.143,0.925,0.979,1.0,0.663,0.624,0.677,0.947,0.988,0.989,0.646,0.689,0.703,0.179,0.188,0.115
22,B1_1,0.191,0.696,0.608,0.663,1.0,0.891,0.956,0.65,0.661,0.668,0.935,0.928,0.931,0.114,0.132,0.035
22,B1_2,0.239,0.715,0.553,0.624,0.891,1.0,0.904,0.588,0.6,0.614,0.877,0.883,0.818,0.231,0.199,0.153
22,B1_3,0.179,0.692,0.62,0.677,0.956,0.904,1.0,0.656,0.674,0.674,0.955,0.94,0.959,0.156,0.15,0.069
22,A2_1,0.091,0.829,0.97,0.947,0.65,0.588,0.656,1.0,0.952,0.956,0.659,0.699,0.689,0.082,0.085,0.006
22,A2_2,0.17,0.896,0.986,0.988,0.661,0.6,0.674,0.952,1.0,0.982,0.655,0.692,0.72,0.199,0.214,0.135
22,A2_3,0.172,0.919,0.982,0.989,0.668,0.614,0.674,0.956,0.982,1.0,0.651,0.693,0.715,0.202,0.209,0.132
22,B2_1,0.118,0.637,0.598,0.646,0.935,0.877,0.955,0.659,0.655,0.651,1.0,0.977,0.941,0.113,0.113,0.014
22,B2_2,0.094,0.681,0.644,0.689,0.928,0.883,0.94,0.699,0.692,0.693,0.977,1.0,0.944,0.08,0.072,-0.016
22,B2_3,0.116,0.684,0.668,0.703,0.931,0.818,0.959,0.689,0.72,0.715,0.941,0.944,1.0,0.144,0.15,0.067
22,y1,0.557,0.323,0.183,0.179,0.114,0.231,0.156,0.082,0.199,0.202,0.113,0.08,0.144,1.0,0.962,0.964
22,y2,0.645,0.326,0.185,0.188,0.132,0.199,0.15,0.085,0.214,0.209,0.113,0.072,0.15,0.962,1.0,0.958
22,y3,0.61,0.245,0.117,0.115,0.035,0.153,0.069,0.006,0.135,0.132,0.014,-0.016,0.067,0.964,0.958,1.0
23,.,1.0,0.229,0.103,0.115,0.159,0.21,0.141,0.054,0.14,0.143,0.088,0.067,0.089,0.549,0.635,0.604
23,A1_1,0.229,1.0,0.878,0.925,0.694,0.706,0.691,0.831,0.895,0.92,0.639,0.676,0.68,0.298,0.291,0.216
23,A1_2,0.103,0.878,1.0,0.979,0.611,0.544,0.621,0.97,0.986,0.981,0.6,0.637,0.666,0.16,0.153,0.09
23,A1_3,0.115,0.925,0.979,1.0,0.662,0.61,0.675,0.948,0.987,0.99,0.645,0.678,0.696,0.157,0.158,0.088
23,B1_1,0.159,0.694,0.611,0.662,1.0,0.885,0.96,0.654,0.662,0.674,0.939,0.925,0.938,0.081,0.096,-0.0
23,B1_2,0.21,0.706,0.544,0.61,0.885,1.0,0.901,0.584,0.588,0.608,0.878,0.883,0.818,0.196,0.158,0.117
23,B1_3,0.141,0.691,0.621,0.675,0.96,0.901,1.0,0.659,0.674,0.679,0.96,0.945,0.964,0.122,0.113,0.033
23,A2_1,0.054,0.831,0.97,0.948,0.654,0.584,0.659,1.0,0.951,0.956,0.661,0.691,0.688,0.061,0.054,-0.019
23,A2_2,0.14,0.895,0.986,0.987,0.662,0.588,0.674,0.951,1.0,0.981,0.656,0.682,0.714,0.172,0.182,0.104
23,A2_3,0.143,0.92,0.981,0.99,0.674,0.608,0.679,0.956,0.981,1.0,0.655,0.687,0.714,0.178,0.177,0.105
23,B2_1,0.088,0.639,0.6,0.645,0.939,0.878,0.96,0.661,0.656,0.655,1.0,0.976,0.945,0.079,0.077,-0.02
23,B2_2,0.067,0.676,0.637,0.678,0.925,0.883,0.945,0.691,0.682,0.687,0.976,1.0,0.941,0.05,0.037,-0.047
23,B2_3,0.089,0.68,0.666,0.696,0.938,0.818,0.964,0.688,0.714,0.714,0.945,0.941,1.0,0.111,0.116,0.034
23,y1,0.549,0.298,0.16,0.157,0.081,0.196,0.122,0.061,0.172,0.178,0.079,0.05,0.111,1.0,0.96,0.963
23,y2,0.635,0.291,0.153,0.158,0.096,0.158,0.113,0.054,0.182,0.177,0.077,0.037,0.116,0.96,1.0,0.956
23,y3,0.604,0.216,0.09,0.088,-0.0,0.117,0.033,-0.019,0.104,0.105,-0.02,-0.047,0.034,0.963,0.956,1.0
24,.,1.0,0.239,0.113,0.125,0.166,0.22,0.143,0.065,0.151,0.148,0.086,0.06,0.085,0.545,0.634,0.592
24,A1_1,0.239,1.0,0.882,0.926,0.696,0.711,0.685,0.835,0.896,0.92,0.638,0.673,0.68,0.321,0.322,0.246
24,A1_2,0.113,0.882,1.0,0.98,0.615,0.558,0.622,0.97,0.986,0.984,0.607,0.639,0.673,0.184,0.183,0.123
24,A1_3,0.125,0.926,0.98,1.0,0.662,0.619,0.672,0.95,0.987,0.99,0.647,0.675,0.697,0.179,0.186,0.118
24,B1_1,0.166,0.696,0.615,0.662,1.0,0.888,0.959,0.655,0.663,0.671,0.937,0.925,0.935,0.104,0.128,0.029
24,B1_2,0.22,0.711,0.558,0.619,0.888,1.0,0.902,0.598,0.598,0.616,0.878,0.881,0.816,0.216,0.187,0.142
24,B1_3,0.143,0.685,0.622,0.672,0.959,0.902,1.0,0.655,0.671,0.673,0.956,0.94,0.96,0.139,0.138,0.059
24,A2_1,0.065,0.835,0.97,0.95,0.655,0.598,0.655,1.0,0.952,0.961,0.668,0.693,0.694,0.086,0.082,0.014
24,A2_2,0.151,0.896,0.986,0.987,0.663,0.598,0.671,0.952,1.0,0.982,0.658,0.679,0.715,0.195,0.211,0.136
24,A2_3,0.148,0.92,0.984,0.99,0.671,0.616,0.673,0.961,0.982,1.0,0.658,0.685,0.715,0.202,0.205,0.136
24,B2_1,0.086,0.638,0.607,0.647,0.937,0.878,0.956,0.668,0.658,0.658,1.0,0.976,0.943,0.087,0.094,-0.004
24,B2_2,0.06,0.673,0.639,0.675,0.925,0.881,0.94,0.693,0.679,0.685,0.976,1.0,0.94,0.055,0.054,-0.037
24,B2_3,0.085,0.68,0.673,0.697,0.935,0.816,0.96,0.694,0.715,0.715,0.943,0.94,1.0,0.128,0.14,0.058
24,y1,0.545,0.321,0.184,0.179,0.104,0.216,0.139,0.086,0.195,0.202,0.087,0.055,0.128,1.0,0.962,0.968
24,y2,0.634,0.322,0.183,0.186,0.128,0.187,0.138,0.082,0.211,0.205,0.094,0.054,0.14,0.962,1.0,0.957
24,y3,0.592,0.246,0.123,0.118,0.029,0.142,0.059,0.014,0.136,0.136,-0.004,-0.037,0.058,0.968,0.957,1.0
25,.,1.0,0.228,0.095,0.11,0.156,0.215,0.124,0.043,0.131,0.128,0.071,0.047,0.074,0.531,0.622,0.568
