,,.,A1_1,A1_2,A1_3,B1_1,B1_2,B1_3,A2_1,A2_2,A2_3,B2_1,B2_2,B2_3,y1,y2,y3
0,.,1.0,0.047,0.021,-0.37,-0.055,-0.034,0.017,0.08,0.177,0.073,0.026,0.142,-0.003,0.161,0.446,0.205
0,A1_1,0.047,1.0,-0.207,0.294,0.234,0.085,0.423,-0.123,0.113,0.162,0.037,-0.144,0.173,-0.139,0.297,-0.237
0,A1_2,0.021,-0.207,1.0,0.011,-0.34,-0.119,-0.401,0.231,0.106,0.228,-0.145,-0.003,-0.054,-0.099,0.071,0.247
0,A1_3,-0.37,0.294,0.011,1.0,0.037,-0.029,0.398,-0.052,0.05,0.003,-0.125,-0.224,0.146,-0.149,-0.426,-0.061
0,B1_1,-0.055,0.234,-0.34,0.037,1.0,-0.168,0.251,-0.163,-0.134,-0.104,0.306,-0.051,0.048,-0.214,0.255,-0.154
0,B1_2,-0.034,0.085,-0.119,-0.029,-0.168,1.0,-0.09,-0.143,-0.063,-0.168,0.292,0.291,-0.182,0.131,-0.121,-0.019
0,B1_3,0.017,0.423,-0.401,0.398,0.251,-0.09,1.0,-0.242,-0.076,0.084,0.017,-0.19,0.22,0.198,0.041,-0.28
0,A2_1,0.08,-0.123,0.231,-0.052,-0.163,-0.143,-0.242,1.0,0.292,0.274,0.095,0.043,-0.327,-0.22,0.144,-0.155
0,A2_2,0.177,0.113,0.106,0.05,-0.134,-0.063,-0.076,0.292,1.0,0.129,0.092,0.154,0.309,-0.212,0.293,-0.146
0,A2_3,0.073,0.162,0.228,0.003,-0.104,-0.168,0.084,0.274,0.129,1.0,-0.01,-0.066,-0.277,-0.053,0.244,0.14
0,B2_1,0.026,0.037,-0.145,-0.125,0.306,0.292,0.017,0.095,0.092,-0.01,1.0,0.409,-0.2,0.049,0.119,-0.194
0,B2_2,0.142,-0.144,-0.003,-0.224,-0.051,0.291,-0.19,0.043,0.154,-0.066,0.409,1.0,-0.128,0.047,0.189,0.106
0,B2_3,-0.003,0.173,-0.054,0.146,0.048,-0.182,0.22,-0.327,0.309,-0.277,-0.2,-0.128,1.0,0.064,-0.041,0.122
0,y1,0.161,-0.139,-0.099,-0.149,-0.214,0.131,0.198,-0.22,-0.212,-0.053,0.049,0.047,0.064,1.0,-0.171,0.07
0,y2,0.446,0.297,0.071,-0.426,0.255,-0.121,0.041,0.144,0.293,0.244,0.119,0.189,-0.041,-0.171,1.0,-0.229
0,y3,0.205,-0.237,0.247,-0.061,-0.154,-0.019,-0.28,-0.155,-0.146,0.14,-0.194,0.106,0.122,0.07,-0.229,1.0
1,.,1.0,0.046,0.018,-0.375,-0.045,-0.033,0.017,0.077,0.172,0.072,0.033,0.149,-0.008,0.162,0.45,0.214
1,A1_1,0.046,1.0,-0.208,0.293,0.232,0.083,0.421,-0.12,0.112,0.164,0.038,-0.145,0.172,-0.136,0.298,-0.234
1,A1_2,0.018,-0.208,1.0,0.009,-0.344,-0.124,-0.405,0.232,0.107,0.229,-0.148,-0.005,-0.056,-0.099,0.07,0.251
1,A1_3,-0.375,0.293,0.009,1.0,0.037,-0.032,0.396,-0.053,0.05,0.004,-0.125,-0.228,0.143,-0.147,-0.423,-0.06
1,B1_1,-0.045,0.232,-0.344,0.037,1.0,-0.172,0.25,-0.161,-0.134,-0.103,0.305,-0.051,0.049,-0.214,0.258,-0.155
1,B1_2,-0.033,0.083,-0.124,-0.032,-0.172,1.0,-0.093,-0.143,-0.064,-0.165,0.286,0.288,-0.184,0.129,-0.121,-0.016
1,B1_3,0.017,0.421,-0.405,0.396,0.25,-0.093,1.0,-0.244,-0.079,0.083,0.015,-0.193,0.218,0.203,0.046,-0.279
1,A2_1,0.077,-0.12,0.232,-0.053,-0.161,-0.143,-0.244,1.0,0.293,0.276,0.096,0.042,-0.327,-0.222,0.142,-0.154
1,A2_2,0.172,0.112,0.107,0.05,-0.134,-0.064,-0.079,0.293,1.0,0.131,0.091,0.152,0.308,-0.213,0.289,-0.144
1,A2_3,0.072,0.164,0.229,0.004,-0.103,-0.165,0.083,0.276,0.131,1.0,-0.006,-0.065,-0.277,-0.055,0.24,0.139
1,B2_1,0.033,0.038,-0.148,-0.125,0.305,0.286,0.015,0.096,0.091,-0.006,1.0,0.405,-0.204,0.045,0.119,-0.194
1,B2_2,0.149,-0.145,-0.005,-0.228,-0.051,0.288,-0.193,0.042,0.152,-0.065,0.405,1.0,-0.13,0.042,0.189,0.108
1,B2_3,-0.008,0.172,-0.056,0.143,0.049,-0.184,0.218,-0.327,0.308,-0.277,-0.204,-0.13,1.0,0.065,-0.035,0.125
1,y1,0.162,-0.136,-0.099,-0.147,-0.214,0.129,0.203,-0.222,-0.213,-0.055,0.045,0.042,0.065,1.0,-0.173,0.07
1,y2,0.45,0.298,0.07,-0.423,0.258,-0.121,0.046,0.142,0.289,0.24,0.119,0.189,-0.035,-0.173,1.0,-0.229
1,y3,0.214,-0.234,0.251,-0.06,-0.155,-0.016,-0.279,-0.154,-0.144,0.139,-0.194,0.108,0.125,0.07,-0.229,1.0
2,.,1.0,0.047,0.017,-0.378,-0.037,-0.032,0.017,0.078,0.166,0.072,0.043,0.154,-0.014,0.165,0.455,0.22
2,A1_1,0.047,1.0,-0.209,0.295,0.231,0.083,0.419,-0.119,0.11,0.165,0.037,-0.145,0.171,-0.134,0.297,-0.232
2,A1_2,0.017,-0.209,1.0,0.01,-0.348,-0.128,-0.409,0.234,0.108,0.23,-0.152,-0.009,-0.058,-0.098,0.072,0.255
2,A1_3,-0.378,0.295,0.01,1.0,0.035,-0.033,0.393,-0.052,0.052,0.006,-0.126,-0.228,0.142,-0.146,-0.42,-0.058
2,B1_1,-0.037,0.231,-0.348,0.035,1.0,-0.173,0.25,-0.161,-0.134,-0.102,0.303,-0.053,0.051,-0.215,0.259,-0.156
2,B1_2,-0.032,0.083,-0.128,-0.033,-0.173,1.0,-0.094,-0.145,-0.064,-0.164,0.282,0.288,-0.183,0.13,-0.119,-0.01
2,B1_3,0.017,0.419,-0.409,0.393,0.25,-0.094,1.0,-0.246,-0.08,0.08,0.012,-0.194,0.22,0.206,0.047,-0.279
2,A2_1,0.078,-0.119,0.234,-0.052,-0.161,-0.145,-0.246,1.0,0.295,0.277,0.096,0.04,-0.326,-0.225,0.14,-0.155
2,A2_2,0.166,0.11,0.108,0.052,-0.134,-0.064,-0.08,0.295,1.0,0.133,0.094,0.153,0.307,-0.211,0.29,-0.143
2,A2_3,0.072,0.165,0.23,0.006,-0.102,-0.164,0.08,0.277,0.133,1.0,-0.004,-0.065,-0.277,-0.057,0.237,0.138
2,B2_1,0.043,0.037,-0.152,-0.126,0.303,0.282,0.012,0.096,0.094,-0.004,1.0,0.403,-0.205,0.043,0.121,-0.194
2,B2_2,0.154,-0.145,-0.009,-0.228,-0.053,0.288,-0.194,0.04,0.153,-0.065,0.403,1.0,-0.128,0.039,0.189,0.11
2,B2_3,-0.014,0.171,-0.058,0.142,0.051,-0.183,0.22,-0.326,0.307,-0.277,-0.205,-0.128,1.0,0.067,-0.033,0.126
2,y1,0.165,-0.134,-0.098,-0.146,-0.215,0.13,0.206,-0.225,-0.211,-0.057,0.043,0.039,0.067,1.0,-0.172,0.071
2,y2,0.455,0.297,0.072,-0.42,0.259,-0.119,0.047,0.14,0.29,0.237,0.121,0.189,-0.033,-0.172,1.0,-0.23
2,y3,0.22,-0.232,0.255,-0.058,-0.156,-0.01,-0.279,-0.155,-0.143,0.138,-0.194,0.11,0.126,0.071,-0.23,1.0
3,.,1.0,0.048,0.018,-0.382,-0.033,-0.032,0.017,0.079,0.16,0.07,0.05,0.16,-0.019,0.168,0.457,0.223
3,A1_1,0.048,1.0,-0.209,0.297,0.231,0.082,0.419,-0.118,0.109,0.165,0.037,-0.146,0.167,-0.13,0.298,-0.231
3,A1_2,0.018,-0.209,1.0,0.011,-0.349,-0.131,-0.411,0.234,0.108,0.231,-0.156,-0.012,-0.061,-0.095,0.075,0.259
3,A1_3,-0.382,0.297,0.011,1.0,0.033,-0.034,0.392,-0.05,0.053,0.007,-0.127,-0.23,0.139,-0.145,-0.418,-0.059
3,B1_1,-0.033,0.231,-0.349,0.033,1.0,-0.174,0.25,-0.16,-0.132,-0.104,0.302,-0.052,0.051,-0.215,0.259,-0.155
3,B1_2,-0.032,0.082,-0.131,-0.034,-0.174,1.0,-0.094,-0.146,-0.064,-0.164,0.281,0.288,-0.182,0.13,-0.117,-0.01
3,B1_3,0.017,0.419,-0.411,0.392,0.25,-0.094,1.0,-0.248,-0.081,0.079,0.01,-0.195,0.221,0.209,0.05,-0.278
3,A2_1,0.079,-0.118,0.234,-0.05,-0.16,-0.146,-0.248,1.0,0.294,0.277,0.097,0.039,-0.325,-0.226,0.137,-0.156
3,A2_2,0.16,0.109,0.108,0.053,-0.132,-0.064,-0.081,0.294,1.0,0.133,0.096,0.154,0.307,-0.211,0.29,-0.142
3,A2_3,0.07,0.165,0.231,0.007,-0.104,-0.164,0.079,0.277,0.133,1.0,-0.004,-0.065,-0.276,-0.058,0.233,0.137
3,B2_1,0.05,0.037,-0.156,-0.127,0.302,0.281,0.01,0.097,0.096,-0.004,1.0,0.401,-0.205,0.042,0.121,-0.194
3,B2_2,0.16,-0.146,-0.012,-0.23,-0.052,0.288,-0.195,0.039,0.154,-0.065,0.401,1.0,-0.126,0.04,0.189,0.109
3,B2_3,-0.019,0.167,-0.061,0.139,0.051,-0.182,0.221,-0.325,0.307,-0.276,-0.205,-0.126,1.0,0.068,-0.031,0.129
3,y1,0.168,-0.13,-0.095,-0.145,-0.215,0.13,0.209,-0.226,-0.211,-0.058,0.042,0.04,0.068,1.0,-0.167,0.07
3,y2,0.457,0.298,0.075,-0.418,0.259,-0.117,0.05,0.137,0.29,0.233,0.121,0.189,-0.031,-0.167,1.0,-0.23
3,y3,0.223,-0.231,0.259,-0.059,-0.155,-0.01,-0.278,-0.156,-0.142,0.137,-0.194,0.109,0.129,0.07,-0.23,1.0
4,.,1.0,0.048,0.018,-0.386,-0.027,-0.034,0.016,0.079,0.151,0.067,0.053,0.166,-0.026,0.17,0.462,0.229
4,A1_1,0.048,1.0,-0.208,0.298,0.231,0.08,0.416,-0.117,0.108,0.166,0.036,-0.146,0.164,-0.128,0.299,-0.23
4,A1_2,0.018,-0.208,1.0,0.012,-0.352,-0.133,-0.416,0.238,0.11,0.233,-0.158,-0.013,-0.064,-0.093,0.075,0.262
4,A1_3,-0.386,0.298,0.012,1.0,0.032,-0.035,0.39,-0.048,0.053,0.009,-0.127,-0.232,0.137,-0.145,-0.415,-0.061
4,B1_1,-0.027,0.231,-0.352,0.032,1.0,-0.175,0.25,-0.159,-0.13,-0.103,0.302,-0.055,0.052,-0.214,0.259,-0.157
4,B1_2,-0.034,0.08,-0.133,-0.035,-0.175,1.0,-0.094,-0.147,-0.064,-0.165,0.279,0.289,-0.181,0.132,-0.115,-0.009
4,B1_3,0.016,0.416,-0.416,0.39,0.25,-0.094,1.0,-0.249,-0.081,0.078,0.009,-0.196,0.223,0.209,0.052,-0.278
4,A2_1,0.079,-0.117,0.238,-0.048,-0.159,-0.147,-0.249,1.0,0.296,0.278,0.097,0.038,-0.325,-0.226,0.133,-0.157
4,A2_2,0.151,0.108,0.11,0.053,-0.13,-0.064,-0.081,0.296,1.0,0.134,0.099,0.154,0.306,-0.209,0.29,-0.142
4,A2_3,0.067,0.166,0.233,0.009,-0.103,-0.165,0.078,0.278,0.134,1.0,-0.002,-0.065,-0.277,-0.06,0.229,0.136
4,B2_1,0.053,0.036,-0.158,-0.127,0.302,0.279,0.009,0.097,0.099,-0.002,1.0,0.4,-0.204,0.044,0.12,-0.196
4,B2_2,0.166,-0.146,-0.013,-0.232,-0.055,0.289,-0.196,0.038,0.154,-0.065,0.4,1.0,-0.125,0.042,0.188,0.109
4,B2_3,-0.026,0.164,-0.064,0.137,0.052,-0.181,0.223,-0.325,0.306,-0.277,-0.204,-0.125,1.0,0.069,-0.028,0.13
4,y1,0.17,-0.128,-0.093,-0.145,-0.214,0.132,0.209,-0.226,-0.209,-0.06,0.044,0.042,0.069,1.0,-0.163,0.074
4,y2,0.462,0.299,0.075,-0.415,0.259,-0.115,0.052,0.133,0.29,0.229,0.12,0.188,-0.028,-0.163,1.0,-0.229
4,y3,0.229,-0.23,0.262,-0.061,-0.157,-0.009,-0.278,-0.157,-0.142,0.136,-0.196,0.109,0.13,0.074,-0.229,1.0
5,.,1.0,0.049,0.018,-0.39,-0.023,-0.036,0.016,0.081,0.145,0.066,0.053,0.171,-0.032,0.17,0.466,0.234
5,A1_1,0.049,1.0,-0.207,0.298,0.23,0.077,0.414,-0.114,0.109,0.168,0.035,-0.148,0.161,-0.126,0.302,-0.228
5,A1_2,0.018,-0.207,1.0,0.014,-0.356,-0.136,-0.418,0.241,0.112,0.234,-0.16,-0.016,-0.067,-0.094,0.075,0.265
5,A1_3,-0.39,0.298,0.014,1.0,0.032,-0.036,0.388,-0.046,0.055,0.012,-0.127,-0.234,0.135,-0.145,-0.413,-0.061
5,B1_1,-0.023,0.23,-0.356,0.032,1.0,-0.175,0.25,-0.159,-0.128,-0.103,0.3,-0.055,0.053,-0.213,0.257,-0.157
5,B1_2,-0.036,0.077,-0.136,-0.036,-0.175,1.0,-0.093,-0.148,-0.064,-0.165,0.278,0.29,-0.18,0.133,-0.116,-0.008
5,B1_3,0.016,0.414,-0.418,0.388,0.25,-0.093,1.0,-0.249,-0.083,0.077,0.008,-0.197,0.224,0.212,0.054,-0.277
5,A2_1,0.081,-0.114,0.241,-0.046,-0.159,-0.148,-0.249,1.0,0.297,0.279,0.098,0.038,-0.324,-0.228,0.13,-0.157
5,A2_2,0.145,0.109,0.112,0.055,-0.128,-0.064,-0.083,0.297,1.0,0.135,0.101,0.155,0.304,-0.209,0.29,-0.139
5,A2_3,0.066,0.168,0.234,0.012,-0.103,-0.165,0.077,0.279,0.135,1.0,0.0,-0.065,-0.278,-0.062,0.227,0.136
5,B2_1,0.053,0.035,-0.16,-0.127,0.3,0.278,0.008,0.098,0.101,0.0,1.0,0.399,-0.203,0.044,0.119,-0.196
5,B2_2,0.171,-0.148,-0.016,-0.234,-0.055,0.29,-0.197,0.038,0.155,-0.065,0.399,1.0,-0.124,0.041,0.187,0.111
5,B2_3,-0.032,0.161,-0.067,0.135,0.053,-0.18,0.224,-0.324,0.304,-0.278,-0.203,-0.124,1.0,0.071,-0.028,0.13
5,y1,0.17,-0.126,-0.094,-0.145,-0.213,0.133,0.212,-0.228,-0.209,-0.062,0.044,0.041,0.071,1.0,-0.161,0.074
5,y2,0.466,0.302,0.075,-0.413,0.257,-0.116,0.054,0.13,0.29,0.227,0.119,0.187,-0.028,-0.161,1.0,-0.227
5,y3,0.234,-0.228,0.265,-0.061,-0.157,-0.008,-0.277,-0.157,-0.139,0.136,-0.196,0.111,0.13,0.074,-0.227,1.0
6,.,1.0,0.051,0.018,-0.392,-0.017,-0.04,0.015,0.084,0.139,0.066,0.057,0.173,-0.038,0.169,0.473,0.236
6,A1_1,0.051,1.0,-0.206,0.299,0.229,0.074,0.412,-0.113,0.109,0.169,0.035,-0.15,0.158,-0.125,0.301,-0.228
6,A1_2,0.018,-0.206,1.0,0.016,-0.358,-0.139,-0.42,0.243,0.115,0.237,-0.162,-0.019,-0.069,-0.094,0.075,0.267
6,A1_3,-0.392,0.299,0.016,1.0,0.03,-0.038,0.386,-0.044,0.056,0.015,-0.127,-0.235,0.133,-0.145,-0.412,-0.06
6,B1_1,-0.017,0.229,-0.358,0.03,1.0,-0.175,0.249,-0.159,-0.127,-0.104,0.3,-0.055,0.054,-0.214,0.257,-0.158
6,B1_2,-0.04,0.074,-0.139,-0.038,-0.175,1.0,-0.092,-0.148,-0.064,-0.167,0.278,0.291,-0.179,0.132,-0.115,-0.007
6,B1_3,0.015,0.412,-0.42,0.386,0.249,-0.092,1.0,-0.25,-0.085,0.074,0.008,-0.196,0.225,0.214,0.054,-0.275
6,A2_1,0.084,-0.113,0.243,-0.044,-0.159,-0.148,-0.25,1.0,0.299,0.28,0.098,0.037,-0.325,-0.229,0.128,-0.158
6,A2_2,0.139,0.109,0.115,0.056,-0.127,-0.064,-0.085,0.299,1.0,0.137,0.102,0.155,0.303,-0.209,0.288,-0.137
6,A2_3,0.066,0.169,0.237,0.015,-0.104,-0.167,0.074,0.28,0.137,1.0,0.0,-0.065,-0.278,-0.061,0.225,0.134
6,B2_1,0.057,0.035,-0.162,-0.127,0.3,0.278,0.008,0.098,0.102,0.0,1.0,0.399,-0.202,0.042,0.119,-0.197
6,B2_2,0.173,-0.15,-0.019,-0.235,-0.055,0.291,-0.196,0.037,0.155,-0.065,0.399,1.0,-0.122,0.04,0.187,0.11
6,B2_3,-0.038,0.158,-0.069,0.133,0.054,-0.179,0.225,-0.325,0.303,-0.278,-0.202,-0.122,1.0,0.073,-0.026,0.133
6,y1,0.169,-0.125,-0.094,-0.145,-0.214,0.132,0.214,-0.229,-0.209,-0.061,0.042,0.04,0.073,1.0,-0.158,0.076
6,y2,0.473,0.301,0.075,-0.412,0.257,-0.115,0.054,0.128,0.288,0.225,0.119,0.187,-0.026,-0.158,1.0,-0.225
6,y3,0.236,-0.228,0.267,-0.06,-0.158,-0.007,-0.275,-0.158,-0.137,0.134,-0.197,0.11,0.133,0.076,-0.225,1.0
7,.,1.0,0.052,0.016,-0.396,-0.015,-0.043,0.015,0.086,0.134,0.068,0.057,0.177,-0.044,0.168,0.478,0.24
7,A1_1,0.052,1.0,-0.204,0.3,0.229,0.07,0.409,-0.11,0.111,0.172,0.034,-0.152,0.156,-0.124,0.302,-0.226
7,A1_2,0.016,-0.204,1.0,0.017,-0.36,-0.141,-0.423,0.246,0.115,0.239,-0.164,-0.021,-0.071,-0.095,0.076,0.269
7,A1_3,-0.396,0.3,0.017,1.0,0.029,-0.04,0.384,-0.043,0.057,0.018,-0.128,-0.237,0.13,-0.146,-0.411,-0.059
7,B1_1,-0.015,0.229,-0.36,0.029,1.0,-0.176,0.249,-0.159,-0.126,-0.103,0.299,-0.056,0.055,-0.213,0.258,-0.159
7,B1_2,-0.043,0.07,-0.141,-0.04,-0.176,1.0,-0.092,-0.147,-0.064,-0.168,0.278,0.291,-0.177,0.135,-0.116,-0.007
7,B1_3,0.015,0.409,-0.423,0.384,0.249,-0.092,1.0,-0.252,-0.086,0.073,0.007,-0.196,0.226,0.216,0.055,-0.273
7,A2_1,0.086,-0.11,0.246,-0.043,-0.159,-0.147,-0.252,1.0,0.3,0.281,0.099,0.037,-0.326,-0.23,0.124,-0.158
7,A2_2,0.134,0.111,0.115,0.057,-0.126,-0.064,-0.086,0.3,1.0,0.137,0.103,0.155,0.303,-0.209,0.288,-0.135
7,A2_3,0.068,0.172,0.239,0.018,-0.103,-0.168,0.073,0.281,0.137,1.0,-0.001,-0.066,-0.28,-0.063,0.222,0.134
7,B2_1,0.057,0.034,-0.164,-0.128,0.299,0.278,0.007,0.099,0.103,-0.001,1.0,0.399,-0.2,0.043,0.116,-0.198
7,B2_2,0.177,-0.152,-0.021,-0.237,-0.056,0.291,-0.196,0.037,0.155,-0.066,0.399,1.0,-0.121,0.041,0.185,0.109
7,B2_3,-0.044,0.156,-0.071,0.13,0.055,-0.177,0.226,-0.326,0.303,-0.28,-0.2,-0.121,1.0,0.074,-0.024,0.135
7,y1,0.168,-0.124,-0.095,-0.146,-0.213,0.135,0.216,-0.23,-0.209,-0.063,0.043,0.041,0.074,1.0,-0.155,0.079
7,y2,0.478,0.302,0.076,-0.411,0.258,-0.116,0.055,0.124,0.288,0.222,0.116,0.185,-0.024,-0.155,1.0,-0.221
7,y3,0.24,-0.226,0.269,-0.059,-0.159,-0.007,-0.273,-0.158,-0.135,0.134,-0.198,0.109,0.135,0.079,-0.221,1.0
8,.,1.0,0.052,0.014,-0.398,-0.013,-0.044,0.014,0.089,0.128,0.068,0.058,0.178,-0.05,0.165,0.482,0.243
8,A1_1,0.052,1.0,-0.201,0.3,0.228,0.067,0.407,-0.108,0.111,0.175,0.032,-0.154,0.154,-0.123,0.303,-0.224
8,A1_2,0.014,-0.201,1.0,0.021,-0.364,-0.143,-0.426,0.249,0.117,0.242,-0.165,-0.024,-0.074,-0.096,0.075,0.269
8,A1_3,-0.398,0.3,0.021,1.0,0.027,-0.043,0.382,-0.039,0.059,0.022,-0.129,-0.239,0.129,-0.145,-0.411,-0.058
8,B1_1,-0.013,0.228,-0.364,0.027,1.0,-0.175,0.25,-0.159,-0.126,-0.104,0.298,-0.056,0.056,-0.211,0.258,-0.16
8,B1_2,-0.044,0.067,-0.143,-0.043,-0.175,1.0,-0.091,-0.148,-0.065,-0.17,0.278,0.292,-0.175,0.135,-0.116,-0.006
8,B1_3,0.014,0.407,-0.426,0.382,0.25,-0.091,1.0,-0.253,-0.087,0.071,0.006,-0.195,0.227,0.217,0.057,-0.272
8,A2_1,0.089,-0.108,0.249,-0.039,-0.159,-0.148,-0.253,1.0,0.301,0.282,0.099,0.037,-0.326,-0.231,0.121,-0.16
8,A2_2,0.128,0.111,0.117,0.059,-0.126,-0.065,-0.087,0.301,1.0,0.138,0.104,0.155,0.302,-0.21,0.286,-0.133
8,A2_3,0.068,0.175,0.242,0.022,-0.104,-0.17,0.071,0.282,0.138,1.0,-0.002,-0.067,-0.28,-0.064,0.221,0.132
8,B2_1,0.058,0.032,-0.165,-0.129,0.298,0.278,0.006,0.099,0.104,-0.002,1.0,0.399,-0.199,0.043,0.115,-0.199
8,B2_2,0.178,-0.154,-0.024,-0.239,-0.056,0.292,-0.195,0.037,0.155,-0.067,0.399,1.0,-0.12,0.04,0.182,0.109
8,B2_3,-0.05,0.154,-0.074,0.129,0.056,-0.175,0.227,-0.326,0.302,-0.28,-0.199,-0.12,1.0,0.076,-0.022,0.137
8,y1,0.165,-0.123,-0.096,-0.145,-0.211,0.135,0.217,-0.231,-0.21,-0.064,0.043,0.04,0.076,1.0,-0.152,0.083
8,y2,0.482,0.303,0.075,-0.411,0.258,-0.116,0.057,0.121,0.286,0.221,0.115,0.182,-0.022,-0.152,1.0,-0.218
8,y3,0.243,-0.224,0.269,-0.058,-0.16,-0.006,-0.272,-0.16,-0.133,0.132,-0.199,0.109,0.137,0.083,-0.218,1.0
9,.,1.0,0.053,0.013,-0.402,-0.009,-0.046,0.015,0.093,0.125,0.072,0.06,0.181,-0.057,0.162,0.488,0.244
9,A1_1,0.053,1.0,-0.199,0.301,0.226,0.064,0.405,-0.106,0.113,0.177,0.032,-0.155,0.153,-0.123,0.304,-0.222
9,A1_2,0.013,-0.199,1.0,0.025,-0.364,-0.147,-0.428,0.251,0.119,0.244,-0.167,-0.026,-0.076,-0.097,0.075,0.27
9,A1_3,-0.402,0.301,0.025,1.0,0.026,-0.046,0.38,-0.038,0.061,0.026,-0.129,-0.241,0.127,-0.146,-0.409,-0.058
9,B1_1,-0.009,0.226,-0.364,0.026,1.0,-0.174,0.25,-0.159,-0.125,-0.104,0.297,-0.057,0.057,-0.209,0.258,-0.161
9,B1_2,-0.046,0.064,-0.147,-0.046,-0.174,1.0,-0.089,-0.15,-0.067,-0.172,0.278,0.293,-0.173,0.136,-0.116,-0.006
9,B1_3,0.015,0.405,-0.428,0.38,0.25,-0.089,1.0,-0.254,-0.087,0.068,0.006,-0.195,0.228,0.217,0.058,-0.272
9,A2_1,0.093,-0.106,0.251,-0.038,-0.159,-0.15,-0.254,1.0,0.302,0.283,0.099,0.035,-0.327,-0.231,0.12,-0.161
9,A2_2,0.125,0.113,0.119,0.061,-0.125,-0.067,-0.087,0.302,1.0,0.139,0.104,0.155,0.301,-0.209,0.285,-0.131
9,A2_3,0.072,0.177,0.244,0.026,-0.104,-0.172,0.068,0.283,0.139,1.0,-0.004,-0.068,-0.281,-0.065,0.221,0.132
9,B2_1,0.06,0.032,-0.167,-0.129,0.297,0.278,0.006,0.099,0.104,-0.004,1.0,0.4,-0.198,0.045,0.112,-0.2
9,B2_2,0.181,-0.155,-0.026,-0.241,-0.057,0.293,-0.195,0.035,0.155,-0.068,0.4,1.0,-0.12,0.04,0.181,0.108
9,B2_3,-0.057,0.153,-0.076,0.127,0.057,-0.173,0.228,-0.327,0.301,-0.281,-0.198,-0.12,1.0,0.077,-0.021,0.138
9,y1,0.162,-0.123,-0.097,-0.146,-0.209,0.136,0.217,-0.231,-0.209,-0.065,0.045,0.04,0.077,1.0,-0.149,0.087
9,y2,0.488,0.304,0.075,-0.409,0.258,-0.116,0.058,0.12,0.285,0.221,0.112,0.181,-0.021,-0.149,1.0,-0.215
9,y3,0.244,-0.222,0.27,-0.058,-0.161,-0.006,-0.272,-0.161,-0.131,0.132,-0.2,0.108,0.138,0.087,-0.215,1.0
10,.,1.0,0.051,0.014,-0.404,-0.007,-0.048,0.014,0.097,0.121,0.075,0.058,0.182,-0.062,0.156,0.491,0.245
10,A1_1,0.051,1.0,-0.197,0.304,0.224,0.061,0.402,-0.103,0.114,0.179,0.03,-0.156,0.151,-0.123,0.303,-0.221
10,A1_2,0.014,-0.197,1.0,0.028,-0.366,-0.149,-0.429,0.252,0.121,0.245,-0.169,-0.028,-0.077,-0.098,0.074,0.27
10,A1_3,-0.404,0.304,0.028,1.0,0.025,-0.048,0.377,-0.035,0.064,0.03,-0.13,-0.242,0.126,-0.147,-0.408,-0.055
10,B1_1,-0.007,0.224,-0.366,0.025,1.0,-0.173,0.251,-0.16,-0.125,-0.105,0.297,-0.056,0.058,-0.208,0.257,-0.163
10,B1_2,-0.048,0.061,-0.149,-0.048,-0.173,1.0,-0.088,-0.151,-0.068,-0.174,0.279,0.294,-0.171,0.136,-0.117,-0.007
10,B1_3,0.014,0.402,-0.429,0.377,0.251,-0.088,1.0,-0.255,-0.088,0.066,0.006,-0.194,0.229,0.218,0.058,-0.272
10,A2_1,0.097,-0.103,0.252,-0.035,-0.16,-0.151,-0.255,1.0,0.304,0.284,0.098,0.034,-0.328,-0.232,0.118,-0.161
10,A2_2,0.121,0.114,0.121,0.064,-0.125,-0.068,-0.088,0.304,1.0,0.14,0.104,0.154,0.3,-0.209,0.285,-0.129
10,A2_3,0.075,0.179,0.245,0.03,-0.105,-0.174,0.066,0.284,0.14,1.0,-0.006,-0.069,-0.282,-0.066,0.219,0.133
10,B2_1,0.058,0.03,-0.169,-0.13,0.297,0.279,0.006,0.098,0.104,-0.006,1.0,0.401,-0.197,0.045,0.11,-0.201
10,B2_2,0.182,-0.156,-0.028,-0.242,-0.056,0.294,-0.194,0.034,0.154,-0.069,0.401,1.0,-0.119,0.04,0.18,0.106
10,B2_3,-0.062,0.151,-0.077,0.126,0.058,-0.171,0.229,-0.328,0.3,-0.282,-0.197,-0.119,1.0,0.078,-0.02,0.139
10,y1,0.156,-0.123,-0.098,-0.147,-0.208,0.136,0.218,-0.232,-0.209,-0.066,0.045,0.04,0.078,1.0,-0.147,0.088
10,y2,0.491,0.303,0.074,-0.408,0.257,-0.117,0.058,0.118,0.285,0.219,0.11,0.18,-0.02,-0.147,1.0,-0.215
10,y3,0.245,-0.221,0.27,-0.055,-0.163,-0.007,-0.272,-0.161,-0.129,0.133,-0.201,0.106,0.139,0.088,-0.215,1.0
11,.,1.0,0.053,0.015,-0.403,-0.005,-0.051,0.013,0.099,0.115,0.076,0.056,0.18,-0.066,0.152,0.492,0.246
11,A1_1,0.053,1.0,-0.195,0.305,0.223,0.058,0.4,-0.101,0.114,0.181,0.029,-0.157,0.149,-0.122,0.303,-0.219
11,A1_2,0.015,-0.195,1.0,0.03,-0.368,-0.151,-0.431,0.254,0.122,0.247,-0.172,-0.03,-0.079,-0.099,0.076,0.271
11,A1_3,-0.403,0.305,0.03,1.0,0.023,-0.05,0.376,-0.034,0.065,0.032,-0.131,-0.243,0.125,-0.146,-0.406,-0.055
11,B1_1,-0.005,0.223,-0.368,0.023,1.0,-0.172,0.252,-0.161,-0.125,-0.105,0.297,-0.056,0.058,-0.206,0.257,-0.165
11,B1_2,-0.051,0.058,-0.151,-0.05,-0.172,1.0,-0.086,-0.152,-0.069,-0.175,0.281,0.295,-0.169,0.136,-0.118,-0.006
11,B1_3,0.013,0.4,-0.431,0.376,0.252,-0.086,1.0,-0.257,-0.09,0.065,0.006,-0.192,0.23,0.221,0.058,-0.272
11,A2_1,0.099,-0.101,0.254,-0.034,-0.161,-0.152,-0.257,1.0,0.306,0.285,0.097,0.033,-0.328,-0.233,0.117,-0.163
11,A2_2,0.115,0.114,0.122,0.065,-0.125,-0.069,-0.09,0.306,1.0,0.141,0.104,0.154,0.3,-0.21,0.283,-0.128
11,A2_3,0.076,0.181,0.247,0.032,-0.105,-0.175,0.065,0.285,0.141,1.0,-0.007,-0.071,-0.283,-0.066,0.219,0.132
11,B2_1,0.056,0.029,-0.172,-0.131,0.297,0.281,0.006,0.097,0.104,-0.007,1.0,0.401,-0.196,0.044,0.108,-0.201
11,B2_2,0.18,-0.157,-0.03,-0.243,-0.056,0.295,-0.192,0.033,0.154,-0.071,0.401,1.0,-0.118,0.038,0.179,0.105
11,B2_3,-0.066,0.149,-0.079,0.125,0.058,-0.169,0.23,-0.328,0.3,-0.283,-0.196,-0.118,1.0,0.079,-0.018,0.14
11,y1,0.152,-0.122,-0.099,-0.146,-0.206,0.136,0.221,-0.233,-0.21,-0.066,0.044,0.038,0.079,1.0,-0.145,0.09
11,y2,0.492,0.303,0.076,-0.406,0.257,-0.118,0.058,0.117,0.283,0.219,0.108,0.179,-0.018,-0.145,1.0,-0.212
11,y3,0.246,-0.219,0.271,-0.055,-0.165,-0.006,-0.272,-0.163,-0.128,0.132,-0.201,0.105,0.14,0.09,-0.212,1.0
12,.,1.0,0.051,0.015,-0.405,-0.004,-0.053,0.014,0.103,0.113,0.077,0.056,0.181,-0.069,0.147,0.494,0.247
12,A1_1,0.051,1.0,-0.192,0.306,0.222,0.054,0.398,-0.1,0.116,0.184,0.027,-0.158,0.148,-0.123,0.303,-0.218
12,A1_2,0.015,-0.192,1.0,0.032,-0.369,-0.153,-0.432,0.255,0.122,0.248,-0.174,-0.031,-0.08,-0.099,0.076,0.271
12,A1_3,-0.405,0.306,0.032,1.0,0.022,-0.052,0.374,-0.033,0.066,0.036,-0.131,-0.244,0.124,-0.148,-0.405,-0.054
12,B1_1,-0.004,0.222,-0.369,0.022,1.0,-0.171,0.252,-0.162,-0.125,-0.106,0.298,-0.056,0.059,-0.206,0.257,-0.166
12,B1_2,-0.053,0.054,-0.153,-0.052,-0.171,1.0,-0.084,-0.153,-0.07,-0.177,0.282,0.296,-0.168,0.136,-0.118,-0.006
12,B1_3,0.014,0.398,-0.432,0.374,0.252,-0.084,1.0,-0.257,-0.091,0.062,0.006,-0.191,0.23,0.22,0.058,-0.272
12,A2_1,0.103,-0.1,0.255,-0.033,-0.162,-0.153,-0.257,1.0,0.307,0.286,0.096,0.032,-0.328,-0.233,0.116,-0.164
12,A2_2,0.113,0.116,0.122,0.066,-0.125,-0.07,-0.091,0.307,1.0,0.142,0.104,0.153,0.299,-0.209,0.283,-0.126
12,A2_3,0.077,0.184,0.248,0.036,-0.106,-0.177,0.062,0.286,0.142,1.0,-0.009,-0.073,-0.284,-0.068,0.218,0.131
12,B2_1,0.056,0.027,-0.174,-0.131,0.298,0.282,0.006,0.096,0.104,-0.009,1.0,0.402,-0.195,0.045,0.106,-0.202
12,B2_2,0.181,-0.158,-0.031,-0.244,-0.056,0.296,-0.191,0.032,0.153,-0.073,0.402,1.0,-0.118,0.039,0.179,0.105
12,B2_3,-0.069,0.148,-0.08,0.124,0.059,-0.168,0.23,-0.328,0.299,-0.284,-0.195,-0.118,1.0,0.081,-0.017,0.141
12,y1,0.147,-0.123,-0.099,-0.148,-0.206,0.136,0.22,-0.233,-0.209,-0.068,0.045,0.039,0.081,1.0,-0.143,0.092
12,y2,0.494,0.303,0.076,-0.405,0.257,-0.118,0.058,0.116,0.283,0.218,0.106,0.179,-0.017,-0.143,1.0,-0.211
12,y3,0.247,-0.218,0.271,-0.054,-0.166,-0.006,-0.272,-0.164,-0.126,0.131,-0.202,0.105,0.141,0.092,-0.211,1.0
13,.,1.0,0.051,0.016,-0.405,-0.003,-0.056,0.014,0.105,0.111,0.078,0.056,0.181,-0.072,0.143,0.495,0.247
13,A1_1,0.051,1.0,-0.191,0.307,0.22,0.052,0.397,-0.098,0.117,0.186,0.027,-0.159,0.146,-0.123,0.303,-0.217
13,A1_2,0.016,-0.191,1.0,0.034,-0.371,-0.155,-0.433,0.256,0.123,0.25,-0.176,-0.033,-0.081,-0.1,0.076,0.271
13,A1_3,-0.405,0.307,0.034,1.0,0.02,-0.054,0.373,-0.031,0.068,0.038,-0.132,-0.244,0.122,-0.149,-0.403,-0.053
13,B1_1,-0.003,0.22,-0.371,0.02,1.0,-0.17,0.253,-0.162,-0.125,-0.107,0.298,-0.056,0.059,-0.205,0.256,-0.167
13,B1_2,-0.056,0.052,-0.155,-0.054,-0.17,1.0,-0.083,-0.154,-0.07,-0.178,0.283,0.297,-0.167,0.136,-0.118,-0.007
13,B1_3,0.014,0.397,-0.433,0.373,0.253,-0.083,1.0,-0.259,-0.092,0.06,0.006,-0.19,0.231,0.221,0.058,-0.272
13,A2_1,0.105,-0.098,0.256,-0.031,-0.162,-0.154,-0.259,1.0,0.307,0.287,0.094,0.031,-0.329,-0.233,0.114,-0.165
13,A2_2,0.111,0.117,0.123,0.068,-0.125,-0.07,-0.092,0.307,1.0,0.143,0.103,0.152,0.298,-0.208,0.283,-0.124
13,A2_3,0.078,0.186,0.25,0.038,-0.107,-0.178,0.06,0.287,0.143,1.0,-0.01,-0.074,-0.284,-0.068,0.216,0.131
13,B2_1,0.056,0.027,-0.176,-0.132,0.298,0.283,0.006,0.094,0.103,-0.01,1.0,0.402,-0.194,0.046,0.104,-0.202
13,B2_2,0.181,-0.159,-0.033,-0.244,-0.056,0.297,-0.19,0.031,0.152,-0.074,0.402,1.0,-0.117,0.039,0.179,0.104
13,B2_3,-0.072,0.146,-0.081,0.122,0.059,-0.167,0.231,-0.329,0.298,-0.284,-0.194,-0.117,1.0,0.082,-0.015,0.142
13,y1,0.143,-0.123,-0.1,-0.149,-0.205,0.136,0.221,-0.233,-0.208,-0.068,0.046,0.039,0.082,1.0,-0.141,0.094
13,y2,0.495,0.303,0.076,-0.403,0.256,-0.118,0.058,0.114,0.283,0.216,0.104,0.179,-0.015,-0.141,1.0,-0.208
13,y3,0.247,-0.217,0.271,-0.053,-0.167,-0.007,-0.272,-0.165,-0.124,0.131,-0.202,0.104,0.142,0.094,-0.208,1.0
14,.,1.0,0.054,0.017,-0.405,0.0,-0.058,0.014,0.106,0.108,0.079,0.057,0.18,-0.074,0.141,0.498,0.246
14,A1_1,0.054,1.0,-0.19,0.307,0.219,0.051,0.395,-0.098,0.118,0.187,0.026,-0.16,0.146,-0.122,0.303,-0.216
14,A1_2,0.017,-0.19,1.0,0.035,-0.372,-0.156,-0.434,0.259,0.124,0.251,-0.177,-0.035,-0.083,-0.099,0.076,0.272
14,A1_3,-0.405,0.307,0.035,1.0,0.018,-0.055,0.371,-0.03,0.069,0.039,-0.133,-0.245,0.122,-0.149,-0.403,-0.053
14,B1_1,0.0,0.219,-0.372,0.018,1.0,-0.169,0.254,-0.162,-0.126,-0.108,0.298,-0.055,0.06,-0.205,0.256,-0.168
14,B1_2,-0.058,0.051,-0.156,-0.055,-0.169,1.0,-0.082,-0.156,-0.071,-0.179,0.283,0.298,-0.166,0.136,-0.117,-0.007
14,B1_3,0.014,0.395,-0.434,0.371,0.254,-0.082,1.0,-0.26,-0.092,0.059,0.007,-0.189,0.231,0.221,0.058,-0.273
14,A2_1,0.106,-0.098,0.259,-0.03,-0.162,-0.156,-0.26,1.0,0.308,0.289,0.094,0.03,-0.329,-0.234,0.112,-0.165
14,A2_2,0.108,0.118,0.124,0.069,-0.126,-0.071,-0.092,0.308,1.0,0.143,0.102,0.151,0.297,-0.207,0.282,-0.122
14,A2_3,0.079,0.187,0.251,0.039,-0.108,-0.179,0.059,0.289,0.143,1.0,-0.011,-0.075,-0.286,-0.068,0.216,0.13
14,B2_1,0.057,0.026,-0.177,-0.133,0.298,0.283,0.007,0.094,0.102,-0.011,1.0,0.403,-0.194,0.045,0.103,-0.201
14,B2_2,0.18,-0.16,-0.035,-0.245,-0.055,0.298,-0.189,0.03,0.151,-0.075,0.403,1.0,-0.117,0.039,0.18,0.102
14,B2_3,-0.074,0.146,-0.083,0.122,0.06,-0.166,0.231,-0.329,0.297,-0.286,-0.194,-0.117,1.0,0.083,-0.015,0.143
14,y1,0.141,-0.122,-0.099,-0.149,-0.205,0.136,0.221,-0.234,-0.207,-0.068,0.045,0.039,0.083,1.0,-0.139,0.094
14,y2,0.498,0.303,0.076,-0.403,0.256,-0.117,0.058,0.112,0.282,0.216,0.103,0.18,-0.015,-0.139,1.0,-0.204
14,y3,0.246,-0.216,0.272,-0.053,-0.168,-0.007,-0.273,-0.165,-0.122,0.13,-0.201,0.102,0.143,0.094,-0.204,1.0
15,.,1.0,0.053,0.017,-0.406,0.002,-0.06,0.014,0.109,0.108,0.081,0.057,0.181,-0.076,0.137,0.499,0.244
15,A1_1,0.053,1.0,-0.189,0.308,0.218,0.049,0.394,-0.096,0.118,0.188,0.025,-0.161,0.145,-0.123,0.302,-0.215
15,A1_2,0.017,-0.189,1.0,0.036,-0.373,-0.157,-0.436,0.261,0.125,0.252,-0.178,-0.036,-0.084,-0.099,0.076,0.272
15,A1_3,-0.406,0.308,0.036,1.0,0.018,-0.057,0.37,-0.028,0.07,0.041,-0.133,-0.247,0.122,-0.149,-0.402,-0.053
15,B1_1,0.002,0.218,-0.373,0.018,1.0,-0.167,0.254,-0.163,-0.126,-0.109,0.298,-0.055,0.06,-0.205,0.256,-0.167
15,B1_2,-0.06,0.049,-0.157,-0.057,-0.167,1.0,-0.081,-0.158,-0.071,-0.18,0.284,0.299,-0.165,0.136,-0.116,-0.007
15,B1_3,0.014,0.394,-0.436,0.37,0.254,-0.081,1.0,-0.261,-0.092,0.057,0.007,-0.188,0.232,0.222,0.057,-0.273
15,A2_1,0.109,-0.096,0.261,-0.028,-0.163,-0.158,-0.261,1.0,0.31,0.29,0.094,0.029,-0.329,-0.234,0.112,-0.165
15,A2_2,0.108,0.118,0.125,0.07,-0.126,-0.071,-0.092,0.31,1.0,0.144,0.102,0.151,0.297,-0.207,0.283,-0.122
15,A2_3,0.081,0.188,0.252,0.041,-0.109,-0.18,0.057,0.29,0.144,1.0,-0.013,-0.075,-0.286,-0.069,0.215,0.131
15,B2_1,0.057,0.025,-0.178,-0.133,0.298,0.284,0.007,0.094,0.102,-0.013,1.0,0.403,-0.193,0.045,0.101,-0.202
15,B2_2,0.181,-0.161,-0.036,-0.247,-0.055,0.299,-0.188,0.029,0.151,-0.075,0.403,1.0,-0.117,0.039,0.18,0.101
15,B2_3,-0.076,0.145,-0.084,0.122,0.06,-0.165,0.232,-0.329,0.297,-0.286,-0.193,-0.117,1.0,0.084,-0.014,0.144
15,y1,0.137,-0.123,-0.099,-0.149,-0.205,0.136,0.222,-0.234,-0.207,-0.069,0.045,0.039,0.084,1.0,-0.138,0.096
15,y2,0.499,0.302,0.076,-0.402,0.256,-0.116,0.057,0.112,0.283,0.215,0.101,0.18,-0.014,-0.138,1.0,-0.202
15,y3,0.244,-0.215,0.272,-0.053,-0.167,-0.007,-0.273,-0.165,-0.122,0.131,-0.202,0.101,0.144,0.096,-0.202,1.0
16,.,1.0,0.052,0.016,-0.408,0.004,-0.063,0.014,0.111,0.107,0.083,0.058,0.182,-0.08,0.134,0.501,0.241
16,A1_1,0.052,1.0,-0.187,0.309,0.216,0.048,0.392,-0.094,0.119,0.189,0.025,-0.161,0.144,-0.123,0.302,-0.214
16,A1_2,0.016,-0.187,1.0,0.037,-0.376,-0.159,-0.439,0.265,0.127,0.253,-0.178,-0.037,-0.085,-0.099,0.075,0.272
16,A1_3,-0.408,0.309,0.037,1.0,0.017,-0.059,0.369,-0.025,0.071,0.043,-0.134,-0.247,0.121,-0.15,-0.401,-0.051
16,B1_1,0.004,0.216,-0.376,0.017,1.0,-0.165,0.254,-0.164,-0.126,-0.111,0.298,-0.055,0.061,-0.205,0.255,-0.167
16,B1_2,-0.063,0.048,-0.159,-0.059,-0.165,1.0,-0.079,-0.159,-0.072,-0.181,0.285,0.3,-0.163,0.137,-0.115,-0.008
16,B1_3,0.014,0.392,-0.439,0.369,0.254,-0.079,1.0,-0.262,-0.093,0.056,0.007,-0.188,0.233,0.222,0.058,-0.272
16,A2_1,0.111,-0.094,0.265,-0.025,-0.164,-0.159,-0.262,1.0,0.311,0.29,0.094,0.029,-0.33,-0.234,0.111,-0.165
16,A2_2,0.107,0.119,0.127,0.071,-0.126,-0.072,-0.093,0.311,1.0,0.144,0.102,0.15,0.296,-0.207,0.284,-0.121
16,A2_3,0.083,0.189,0.253,0.043,-0.111,-0.181,0.056,0.29,0.144,1.0,-0.014,-0.076,-0.288,-0.068,0.215,0.131
16,B2_1,0.058,0.025,-0.178,-0.134,0.298,0.285,0.007,0.094,0.102,-0.014,1.0,0.403,-0.193,0.045,0.1,-0.203
16,B2_2,0.182,-0.161,-0.037,-0.247,-0.055,0.3,-0.188,0.029,0.15,-0.076,0.403,1.0,-0.117,0.039,0.18,0.1
16,B2_3,-0.08,0.144,-0.085,0.121,0.061,-0.163,0.233,-0.33,0.296,-0.288,-0.193,-0.117,1.0,0.085,-0.012,0.145
16,y1,0.134,-0.123,-0.099,-0.15,-0.205,0.137,0.222,-0.234,-0.207,-0.068,0.045,0.039,0.085,1.0,-0.136,0.098
16,y2,0.501,0.302,0.075,-0.401,0.255,-0.115,0.058,0.111,0.284,0.215,0.1,0.18,-0.012,-0.136,1.0,-0.2
16,y3,0.241,-0.214,0.272,-0.051,-0.167,-0.008,-0.272,-0.165,-0.121,0.131,-0.203,0.1,0.145,0.098,-0.2,1.0
17,.,1.0,0.051,0.018,-0.409,0.005,-0.064,0.012,0.113,0.105,0.085,0.059,0.182,-0.084,0.131,0.501,0.241
17,A1_1,0.051,1.0,-0.187,0.31,0.215,0.046,0.39,-0.093,0.12,0.191,0.024,-0.162,0.144,-0.123,0.301,-0.212
17,A1_2,0.018,-0.187,1.0,0.038,-0.377,-0.159,-0.439,0.266,0.127,0.254,-0.179,-0.038,-0.085,-0.099,0.075,0.272
17,A1_3,-0.409,0.31,0.038,1.0,0.015,-0.059,0.367,-0.023,0.074,0.044,-0.133,-0.247,0.12,-0.151,-0.4,-0.051
17,B1_1,0.005,0.215,-0.377,0.015,1.0,-0.164,0.255,-0.164,-0.126,-0.112,0.298,-0.055,0.061,-0.205,0.255,-0.169
17,B1_2,-0.064,0.046,-0.159,-0.059,-0.164,1.0,-0.078,-0.159,-0.072,-0.182,0.285,0.301,-0.163,0.136,-0.114,-0.008
17,B1_3,0.012,0.39,-0.439,0.367,0.255,-0.078,1.0,-0.262,-0.093,0.053,0.007,-0.187,0.233,0.222,0.058,-0.272
17,A2_1,0.113,-0.093,0.266,-0.023,-0.164,-0.159,-0.262,1.0,0.311,0.291,0.094,0.029,-0.33,-0.235,0.11,-0.166
17,A2_2,0.105,0.12,0.127,0.074,-0.126,-0.072,-0.093,0.311,1.0,0.145,0.101,0.15,0.296,-0.207,0.283,-0.121
17,A2_3,0.085,0.191,0.254,0.044,-0.112,-0.182,0.053,0.291,0.145,1.0,-0.014,-0.076,-0.287,-0.069,0.214,0.132
17,B2_1,0.059,0.024,-0.179,-0.133,0.298,0.285,0.007,0.094,0.101,-0.014,1.0,0.403,-0.193,0.045,0.1,-0.202
17,B2_2,0.182,-0.162,-0.038,-0.247,-0.055,0.301,-0.187,0.029,0.15,-0.076,0.403,1.0,-0.117,0.039,0.181,0.098
17,B2_3,-0.084,0.144,-0.085,0.12,0.061,-0.163,0.233,-0.33,0.296,-0.287,-0.193,-0.117,1.0,0.086,-0.012,0.146
17,y1,0.131,-0.123,-0.099,-0.151,-0.205,0.136,0.222,-0.235,-0.207,-0.069,0.045,0.039,0.086,1.0,-0.135,0.099
17,y2,0.501,0.301,0.075,-0.4,0.255,-0.114,0.058,0.11,0.283,0.214,0.1,0.181,-0.012,-0.135,1.0,-0.198
17,y3,0.241,-0.212,0.272,-0.051,-0.169,-0.008,-0.272,-0.166,-0.121,0.132,-0.202,0.098,0.146,0.099,-0.198,1.0
18,.,1.0,0.052,0.017,-0.41,0.007,-0.066,0.013,0.115,0.104,0.086,0.06,0.183,-0.086,0.129,0.503,0.238
18,A1_1,0.052,1.0,-0.186,0.311,0.214,0.045,0.39,-0.093,0.121,0.191,0.023,-0.162,0.143,-0.122,0.301,-0.212
18,A1_2,0.017,-0.186,1.0,0.039,-0.378,-0.16,-0.44,0.266,0.128,0.254,-0.18,-0.039,-0.086,-0.099,0.075,0.273
18,A1_3,-0.41,0.311,0.039,1.0,0.014,-0.06,0.365,-0.022,0.075,0.046,-0.134,-0.248,0.119,-0.152,-0.4,-0.051
18,B1_1,0.007,0.214,-0.378,0.014,1.0,-0.164,0.255,-0.164,-0.126,-0.113,0.298,-0.055,0.061,-0.204,0.254,-0.17
18,B1_2,-0.066,0.045,-0.16,-0.06,-0.164,1.0,-0.078,-0.16,-0.073,-0.182,0.286,0.301,-0.162,0.136,-0.114,-0.008
18,B1_3,0.013,0.39,-0.44,0.365,0.255,-0.078,1.0,-0.263,-0.093,0.052,0.007,-0.187,0.233,0.222,0.057,-0.272
18,A2_1,0.115,-0.093,0.266,-0.022,-0.164,-0.16,-0.263,1.0,0.311,0.292,0.093,0.028,-0.331,-0.234,0.109,-0.166
18,A2_2,0.104,0.121,0.128,0.075,-0.126,-0.073,-0.093,0.311,1.0,0.145,0.101,0.15,0.296,-0.206,0.283,-0.12
18,A2_3,0.086,0.191,0.254,0.046,-0.113,-0.182,0.052,0.292,0.145,1.0,-0.014,-0.076,-0.288,-0.069,0.214,0.132
18,B2_1,0.06,0.023,-0.18,-0.134,0.298,0.286,0.007,0.093,0.101,-0.014,1.0,0.403,-0.192,0.045,0.099,-0.203
18,B2_2,0.183,-0.162,-0.039,-0.248,-0.055,0.301,-0.187,0.028,0.15,-0.076,0.403,1.0,-0.116,0.038,0.181,0.097
18,B2_3,-0.086,0.143,-0.086,0.119,0.061,-0.162,0.233,-0.331,0.296,-0.288,-0.192,-0.116,1.0,0.087,-0.012,0.148
18,y1,0.129,-0.122,-0.099,-0.152,-0.204,0.136,0.222,-0.234,-0.206,-0.069,0.045,0.038,0.087,1.0,-0.133,0.1
18,y2,0.503,0.301,0.075,-0.4,0.254,-0.114,0.057,0.109,0.283,0.214,0.099,0.181,-0.012,-0.133,1.0,-0.198
18,y3,0.238,-0.212,0.273,-0.051,-0.17,-0.008,-0.272,-0.166,-0.12,0.132,-0.203,0.097,0.148,0.1,-0.198,1.0
19,.,1.0,0.052,0.017,-0.412,0.009,-0.067,0.012,0.116,0.102,0.086,0.061,0.182,-0.088,0.126,0.503,0.237
19,A1_1,0.052,1.0,-0.186,0.311,0.213,0.044,0.389,-0.093,0.121,0.192,0.023,-0.163,0.143,-0.122,0.3,-0.212
19,A1_2,0.017,-0.186,1.0,0.04,-0.38,-0.16,-0.441,0.267,0.128,0.255,-0.181,-0.039,-0.086,-0.098,0.075,0.274
19,A1_3,-0.412,0.311,0.04,1.0,0.013,-0.062,0.364,-0.02,0.076,0.048,-0.134,-0.248,0.119,-0.153,-0.4,-0.051
19,B1_1,0.009,0.213,-0.38,0.013,1.0,-0.163,0.256,-0.165,-0.126,-0.113,0.298,-0.055,0.061,-0.204,0.254,-0.17
19,B1_2,-0.067,0.044,-0.16,-0.062,-0.163,1.0,-0.077,-0.161,-0.073,-0.183,0.286,0.301,-0.162,0.136,-0.113,-0.008
19,B1_3,0.012,0.389,-0.441,0.364,0.256,-0.077,1.0,-0.263,-0.093,0.052,0.007,-0.186,0.233,0.223,0.057,-0.271
19,A2_1,0.116,-0.093,0.267,-0.02,-0.165,-0.161,-0.263,1.0,0.311,0.291,0.093,0.028,-0.331,-0.235,0.108,-0.166
19,A2_2,0.102,0.121,0.128,0.076,-0.126,-0.073,-0.093,0.311,1.0,0.145,0.101,0.149,0.295,-0.206,0.282,-0.119
19,A2_3,0.086,0.192,0.255,0.048,-0.113,-0.183,0.052,0.291,0.145,1.0,-0.015,-0.077,-0.288,-0.069,0.214,0.132
19,B2_1,0.061,0.023,-0.181,-0.134,0.298,0.286,0.007,0.093,0.101,-0.015,1.0,0.403,-0.192,0.045,0.098,-0.203
19,B2_2,0.182,-0.163,-0.039,-0.248,-0.055,0.301,-0.186,0.028,0.149,-0.077,0.403,1.0,-0.116,0.038,0.182,0.096
19,B2_3,-0.088,0.143,-0.086,0.119,0.061,-0.162,0.233,-0.331,0.295,-0.288,-0.192,-0.116,1.0,0.089,-0.012,0.149
19,y1,0.126,-0.122,-0.098,-0.153,-0.204,0.136,0.223,-0.235,-0.206,-0.069,0.045,0.038,0.089,1.0,-0.131,0.1
19,y2,0.503,0.3,0.075,-0.4,0.254,-0.113,0.057,0.108,0.282,0.214,0.098,0.182,-0.012,-0.131,1.0,-0.196
19,y3,0.237,-0.212,0.274,-0.051,-0.17,-0.008,-0.271,-0.166,-0.119,0.132,-0.203,0.096,0.149,0.1,-0.196,1.0
20,.,1.0,0.054,0.018,-0.411,0.011,-0.07,0.013,0.117,0.101,0.087,0.061,0.183,-0.089,0.126,0.504,0.234
20,A1_1,0.054,1.0,-0.184,0.312,0.212,0.043,0.388,-0.092,0.123,0.192,0.023,-0.163,0.143,-0.121,0.299,-0.211
20,A1_2,0.018,-0.184,1.0,0.04,-0.381,-0.16,-0.443,0.269,0.129,0.256,-0.181,-0.039,-0.087,-0.098,0.075,0.275
20,A1_3,-0.411,0.312,0.04,1.0,0.012,-0.061,0.363,-0.02,0.077,0.049,-0.134,-0.248,0.119,-0.152,-0.399,-0.05
20,B1_1,0.011,0.212,-0.381,0.012,1.0,-0.162,0.256,-0.166,-0.126,-0.114,0.298,-0.055,0.061,-0.204,0.253,-0.171
20,B1_2,-0.07,0.043,-0.16,-0.061,-0.162,1.0,-0.076,-0.16,-0.074,-0.183,0.287,0.302,-0.161,0.136,-0.111,-0.009
20,B1_3,0.013,0.388,-0.443,0.363,0.256,-0.076,1.0,-0.264,-0.092,0.051,0.007,-0.186,0.234,0.224,0.058,-0.272
20,A2_1,0.117,-0.092,0.269,-0.02,-0.166,-0.16,-0.264,1.0,0.312,0.292,0.093,0.028,-0.331,-0.234,0.107,-0.166
20,A2_2,0.101,0.123,0.129,0.077,-0.126,-0.074,-0.092,0.312,1.0,0.145,0.1,0.149,0.295,-0.205,0.282,-0.118
20,A2_3,0.087,0.192,0.256,0.049,-0.114,-0.183,0.051,0.292,0.145,1.0,-0.015,-0.077,-0.289,-0.068,0.214,0.132
20,B2_1,0.061,0.023,-0.181,-0.134,0.298,0.287,0.007,0.093,0.1,-0.015,1.0,0.403,-0.192,0.044,0.098,-0.204
20,B2_2,0.183,-0.163,-0.039,-0.248,-0.055,0.302,-0.186,0.028,0.149,-0.077,0.403,1.0,-0.116,0.037,0.183,0.095
20,B2_3,-0.089,0.143,-0.087,0.119,0.061,-0.161,0.234,-0.331,0.295,-0.289,-0.192,-0.116,1.0,0.089,-0.012,0.149
20,y1,0.126,-0.121,-0.098,-0.152,-0.204,0.136,0.224,-0.234,-0.205,-0.068,0.044,0.037,0.089,1.0,-0.129,0.101
20,y2,0.504,0.299,0.075,-0.399,0.253,-0.111,0.058,0.107,0.282,0.214,0.098,0.183,-0.012,-0.129,1.0,-0.195
20,y3,0.234,-0.211,0.275,-0.05,-0.171,-0.009,-0.272,-0.166,-0.118,0.132,-0.204,0.095,0.149,0.101,-0.195,1.0
21,.,1.0,0.052,0.019,-0.412,0.011,-0.072,0.013,0.119,0.1,0.087,0.062,0.183,-0.091,0.124,0.504,0.234
21,A1_1,0.052,1.0,-0.183,0.312,0.212,0.042,0.388,-0.091,0.122,0.193,0.022,-0.164,0.143,-0.121,0.297,-0.21
21,A1_2,0.019,-0.183,1.0,0.04,-0.382,-0.16,-0.443,0.27,0.131,0.257,-0.183,-0.04,-0.087,-0.098,0.076,0.275
21,A1_3,-0.412,0.312,0.04,1.0,0.011,-0.061,0.363,-0.02,0.077,0.05,-0.135,-0.248,0.118,-0.152,-0.398,-0.052
21,B1_1,0.011,0.212,-0.382,0.011,1.0,-0.162,0.256,-0.166,-0.125,-0.114,0.299,-0.055,0.061,-0.204,0.252,-0.17
21,B1_2,-0.072,0.042,-0.16,-0.061,-0.162,1.0,-0.076,-0.16,-0.075,-0.184,0.288,0.302,-0.161,0.136,-0.11,-0.009
21,B1_3,0.013,0.388,-0.443,0.363,0.256,-0.076,1.0,-0.264,-0.093,0.051,0.008,-0.186,0.234,0.224,0.058,-0.273
21,A2_1,0.119,-0.091,0.27,-0.02,-0.166,-0.16,-0.264,1.0,0.312,0.292,0.092,0.027,-0.331,-0.235,0.107,-0.166
21,A2_2,0.1,0.122,0.131,0.077,-0.125,-0.075,-0.093,0.312,1.0,0.146,0.1,0.149,0.295,-0.205,0.282,-0.117
21,A2_3,0.087,0.193,0.257,0.05,-0.114,-0.184,0.051,0.292,0.146,1.0,-0.017,-0.079,-0.288,-0.069,0.213,0.132
21,B2_1,0.062,0.022,-0.183,-0.135,0.299,0.288,0.008,0.092,0.1,-0.017,1.0,0.404,-0.191,0.043,0.096,-0.204
21,B2_2,0.183,-0.164,-0.04,-0.248,-0.055,0.302,-0.186,0.027,0.149,-0.079,0.404,1.0,-0.116,0.037,0.183,0.094
21,B2_3,-0.091,0.143,-0.087,0.118,0.061,-0.161,0.234,-0.331,0.295,-0.288,-0.191,-0.116,1.0,0.09,-0.012,0.15
21,y1,0.124,-0.121,-0.098,-0.152,-0.204,0.136,0.224,-0.235,-0.205,-0.069,0.043,0.037,0.09,1.0,-0.127,0.102
21,y2,0.504,0.297,0.076,-0.398,0.252,-0.11,0.058,0.107,0.282,0.213,0.096,0.183,-0.012,-0.127,1.0,-0.191
21,y3,0.234,-0.21,0.275,-0.052,-0.17,-0.009,-0.273,-0.166,-0.117,0.132,-0.204,0.094,0.15,0.102,-0.191,1.0
22,.,1.0,0.052,0.021,-0.411,0.012,-0.075,0.013,0.121,0.1,0.087,0.062,0.184,-0.091,0.121,0.503,0.233
22,A1_1,0.052,1.0,-0.183,0.312,0.212,0.042,0.387,-0.091,0.122,0.193,0.021,-0.164,0.142,-0.12,0.297,-0.209
22,A1_2,0.021,-0.183,1.0,0.042,-0.383,-0.16,-0.443,0.271,0.131,0.257,-0.183,-0.04,-0.088,-0.099,0.075,0.276
22,A1_3,-0.411,0.312,0.042,1.0,0.01,-0.063,0.361,-0.017,0.08,0.051,-0.135,-0.249,0.118,-0.154,-0.398,-0.052
22,B1_1,0.012,0.212,-0.383,0.01,1.0,-0.161,0.256,-0.166,-0.125,-0.114,0.299,-0.055,0.061,-0.205,0.251,-0.171
22,B1_2,-0.075,0.042,-0.16,-0.063,-0.161,1.0,-0.076,-0.161,-0.076,-0.184,0.289,0.303,-0.16,0.136,-0.11,-0.01
22,B1_3,0.013,0.387,-0.443,0.361,0.256,-0.076,1.0,-0.264,-0.094,0.051,0.008,-0.186,0.234,0.225,0.059,-0.273
22,A2_1,0.121,-0.091,0.271,-0.017,-0.166,-0.161,-0.264,1.0,0.312,0.292,0.092,0.027,-0.332,-0.235,0.107,-0.167
22,A2_2,0.1,0.122,0.131,0.08,-0.125,-0.076,-0.094,0.312,1.0,0.146,0.1,0.148,0.295,-0.205,0.281,-0.115
22,A2_3,0.087,0.193,0.257,0.051,-0.114,-0.184,0.051,0.292,0.146,1.0,-0.017,-0.079,-0.289,-0.069,0.212,0.132
22,B2_1,0.062,0.021,-0.183,-0.135,0.299,0.289,0.008,0.092,0.1,-0.017,1.0,0.404,-0.191,0.043,0.095,-0.204
22,B2_2,0.184,-0.164,-0.04,-0.249,-0.055,0.303,-0.186,0.027,0.148,-0.079,0.404,1.0,-0.116,0.037,0.184,0.094
22,B2_3,-0.091,0.142,-0.088,0.118,0.061,-0.16,0.234,-0.332,0.295,-0.289,-0.191,-0.116,1.0,0.091,-0.012,0.151
22,y1,0.121,-0.12,-0.099,-0.154,-0.205,0.136,0.225,-0.235,-0.205,-0.069,0.043,0.037,0.091,1.0,-0.126,0.102
22,y2,0.503,0.297,0.075,-0.398,0.251,-0.11,0.059,0.107,0.281,0.212,0.095,0.184,-0.012,-0.126,1.0,-0.19
22,y3,0.233,-0.209,0.276,-0.052,-0.171,-0.01,-0.273,-0.167,-0.115,0.132,-0.204,0.094,0.151,0.102,-0.19,1.0
23,.,1.0,0.052,0.023,-0.411,0.013,-0.075,0.011,0.123,0.1,0.088,0.062,0.184,-0.094,0.119,0.502,0.234
23,A1_1,0.052,1.0,-0.182,0.313,0.211,0.042,0.387,-0.09,0.123,0.195,0.021,-0.164,0.141,-0.121,0.296,-0.209
23,A1_2,0.023,-0.182,1.0,0.044,-0.383,-0.16,-0.444,0.271,0.132,0.256,-0.183,-0.04,-0.088,-0.098,0.075,0.276
23,A1_3,-0.411,0.313,0.044,1.0,0.009,-0.063,0.36,-0.015,0.082,0.053,-0.135,-0.249,0.117,-0.155,-0.397,-0.053
23,B1_1,0.013,0.211,-0.383,0.009,1.0,-0.161,0.257,-0.166,-0.125,-0.115,0.299,-0.055,0.061,-0.205,0.249,-0.171
23,B1_2,-0.075,0.042,-0.16,-0.063,-0.161,1.0,-0.075,-0.161,-0.076,-0.184,0.289,0.303,-0.159,0.135,-0.109,-0.01
23,B1_3,0.011,0.387,-0.444,0.36,0.257,-0.075,1.0,-0.264,-0.094,0.05,0.008,-0.185,0.234,0.225,0.059,-0.273
