,,.,A1_1,A1_2,A1_3,B1_1,B1_2,B1_3,A2_1,A2_2,A2_3,B2_1,B2_2,B2_3,y1,y2,y3
1,.,1.0,0.091,-0.122,-0.238,0.024,-0.272,-0.19,0.232,0.098,-0.238,-0.164,0.253,0.018,-0.121,-0.069,0.457
1,A1_1,0.091,1.0,0.294,0.553,-0.162,0.183,0.438,-0.421,-0.022,0.173,-0.044,0.525,0.113,-0.201,0.439,0.322
1,A1_2,-0.122,0.294,1.0,0.573,0.087,-0.041,0.557,-0.103,-0.214,-0.02,-0.121,0.201,0.177,-0.378,0.172,-0.109
1,A1_3,-0.238,0.553,0.573,1.0,-0.187,0.319,0.462,-0.291,0.31,0.255,-0.09,0.175,-0.026,-0.316,0.17,-0.206
1,B1_1,0.024,-0.162,0.087,-0.187,1.0,-0.223,-0.344,-0.282,-0.319,0.017,0.261,-0.181,-0.191,0.128,-0.286,0.205
1,B1_2,-0.272,0.183,-0.041,0.319,-0.223,1.0,0.35,-0.375,-0.393,0.02,0.108,-0.343,-0.457,-0.132,-0.083,-0.074
1,B1_3,-0.19,0.438,0.557,0.462,-0.344,0.35,1.0,-0.341,-0.266,0.234,-0.115,-0.031,0.164,-0.317,0.53,-0.137
1,A2_1,0.232,-0.421,-0.103,-0.291,-0.282,-0.375,-0.341,1.0,0.407,-0.36,0.036,0.196,0.125,0.215,-0.069,-0.106
1,A2_2,0.098,-0.022,-0.214,0.31,-0.319,-0.393,-0.266,0.407,1.0,0.191,-0.138,0.213,0.118,0.116,0.107,-0.197
1,A2_3,-0.238,0.173,-0.02,0.255,0.017,0.02,0.234,-0.36,0.191,1.0,-0.066,0.124,-0.209,0.101,0.321,-0.173
1,B2_1,-0.164,-0.044,-0.121,-0.09,0.261,0.108,-0.115,0.036,-0.138,-0.066,1.0,0.158,-0.432,0.278,-0.243,0.216
1,B2_2,0.253,0.525,0.201,0.175,-0.181,-0.343,-0.031,0.196,0.213,0.124,0.158,1.0,0.106,-0.015,0.047,0.127
1,B2_3,0.018,0.113,0.177,-0.026,-0.191,-0.457,0.164,0.125,0.118,-0.209,-0.432,0.106,1.0,0.07,0.133,-0.135
1,y1,-0.121,-0.201,-0.378,-0.316,0.128,-0.132,-0.317,0.215,0.116,0.101,0.278,-0.015,0.07,1.0,0.151,0.01
1,y2,-0.069,0.439,0.172,0.17,-0.286,-0.083,0.53,-0.069,0.107,0.321,-0.243,0.047,0.133,0.151,1.0,0.187
1,y3,0.457,0.322,-0.109,-0.206,0.205,-0.074,-0.137,-0.106,-0.197,-0.173,0.216,0.127,-0.135,0.01,0.187,1.0
2,.,1.0,0.088,-0.121,-0.24,0.021,-0.274,-0.191,0.235,0.1,-0.238,-0.164,0.254,0.02,-0.12,-0.069,0.455
2,A1_1,0.088,1.0,0.294,0.553,-0.158,0.187,0.44,-0.42,-0.022,0.173,-0.041,0.526,0.115,-0.202,0.438,0.321
2,A1_2,-0.121,0.294,1.0,0.573,0.088,-0.039,0.557,-0.103,-0.215,-0.02,-0.119,0.201,0.178,-0.379,0.171,-0.11
2,A1_3,-0.24,0.553,0.573,1.0,-0.184,0.321,0.463,-0.291,0.31,0.256,-0.088,0.176,-0.024,-0.317,0.17,-0.206
2,B1_1,0.021,-0.158,0.088,-0.184,1.0,-0.219,-0.341,-0.284,-0.32,0.019,0.261,-0.179,-0.193,0.128,-0.285,0.206
2,B1_2,-0.274,0.187,-0.039,0.321,-0.219,1.0,0.353,-0.377,-0.393,0.022,0.109,-0.337,-0.456,-0.133,-0.082,-0.074
2,B1_3,-0.191,0.44,0.557,0.463,-0.341,0.353,1.0,-0.342,-0.266,0.235,-0.113,-0.028,0.164,-0.318,0.529,-0.138
2,A2_1,0.235,-0.42,-0.103,-0.291,-0.284,-0.377,-0.342,1.0,0.406,-0.36,0.034,0.194,0.123,0.214,-0.069,-0.105
2,A2_2,0.1,-0.022,-0.215,0.31,-0.32,-0.393,-0.266,0.406,1.0,0.191,-0.138,0.212,0.117,0.116,0.107,-0.196
2,A2_3,-0.238,0.173,-0.02,0.256,0.019,0.022,0.235,-0.36,0.191,1.0,-0.064,0.125,-0.207,0.1,0.321,-0.173
2,B2_1,-0.164,-0.041,-0.119,-0.088,0.261,0.109,-0.113,0.034,-0.138,-0.064,1.0,0.159,-0.433,0.277,-0.242,0.216
2,B2_2,0.254,0.526,0.201,0.176,-0.179,-0.337,-0.028,0.194,0.212,0.125,0.159,1.0,0.106,-0.018,0.046,0.125
2,B2_3,0.02,0.115,0.178,-0.024,-0.193,-0.456,0.164,0.123,0.117,-0.207,-0.433,0.106,1.0,0.069,0.134,-0.135
2,y1,-0.12,-0.202,-0.379,-0.317,0.128,-0.133,-0.318,0.214,0.116,0.1,0.277,-0.018,0.069,1.0,0.151,0.01
2,y2,-0.069,0.438,0.171,0.17,-0.285,-0.082,0.529,-0.069,0.107,0.321,-0.242,0.046,0.134,0.151,1.0,0.186
2,y3,0.455,0.321,-0.11,-0.206,0.206,-0.074,-0.138,-0.105,-0.196,-0.173,0.216,0.125,-0.135,0.01,0.186,1.0
3,.,1.0,0.084,-0.121,-0.242,0.018,-0.277,-0.192,0.24,0.102,-0.24,-0.164,0.255,0.022,-0.118,-0.07,0.452
3,A1_1,0.084,1.0,0.295,0.554,-0.154,0.191,0.442,-0.42,-0.022,0.174,-0.038,0.528,0.118,-0.204,0.437,0.321
3,A1_2,-0.121,0.295,1.0,0.573,0.09,-0.036,0.557,-0.103,-0.215,-0.02,-0.118,0.202,0.179,-0.38,0.17,-0.11
3,A1_3,-0.242,0.554,0.573,1.0,-0.181,0.324,0.464,-0.291,0.31,0.256,-0.085,0.178,-0.022,-0.318,0.169,-0.206
3,B1_1,0.018,-0.154,0.09,-0.181,1.0,-0.215,-0.337,-0.287,-0.321,0.022,0.262,-0.176,-0.195,0.128,-0.283,0.207
3,B1_2,-0.277,0.191,-0.036,0.324,-0.215,1.0,0.356,-0.378,-0.392,0.025,0.111,-0.331,-0.456,-0.135,-0.082,-0.074
3,B1_3,-0.192,0.442,0.557,0.464,-0.337,0.356,1.0,-0.343,-0.266,0.236,-0.111,-0.024,0.165,-0.32,0.527,-0.139
3,A2_1,0.24,-0.42,-0.103,-0.291,-0.287,-0.378,-0.343,1.0,0.406,-0.361,0.031,0.191,0.121,0.214,-0.069,-0.104
3,A2_2,0.102,-0.022,-0.215,0.31,-0.321,-0.392,-0.266,0.406,1.0,0.191,-0.139,0.21,0.117,0.115,0.108,-0.196
3,A2_3,-0.24,0.174,-0.02,0.256,0.022,0.025,0.236,-0.361,0.191,1.0,-0.062,0.126,-0.206,0.099,0.32,-0.172
3,B2_1,-0.164,-0.038,-0.118,-0.085,0.262,0.111,-0.111,0.031,-0.139,-0.062,1.0,0.161,-0.435,0.276,-0.242,0.217
3,B2_2,0.255,0.528,0.202,0.178,-0.176,-0.331,-0.024,0.191,0.21,0.126,0.161,1.0,0.107,-0.021,0.044,0.123
3,B2_3,0.022,0.118,0.179,-0.022,-0.195,-0.456,0.165,0.121,0.117,-0.206,-0.435,0.107,1.0,0.068,0.135,-0.135
3,y1,-0.118,-0.204,-0.38,-0.318,0.128,-0.135,-0.32,0.214,0.115,0.099,0.276,-0.021,0.068,1.0,0.151,0.009
3,y2,-0.07,0.437,0.17,0.169,-0.283,-0.082,0.527,-0.069,0.108,0.32,-0.242,0.044,0.135,0.151,1.0,0.185
3,y3,0.452,0.321,-0.11,-0.206,0.207,-0.074,-0.139,-0.104,-0.196,-0.172,0.217,0.123,-0.135,0.009,0.185,1.0
4,.,1.0,0.079,-0.121,-0.246,0.014,-0.281,-0.194,0.246,0.103,-0.242,-0.164,0.254,0.025,-0.116,-0.071,0.45
4,A1_1,0.079,1.0,0.295,0.554,-0.149,0.196,0.444,-0.42,-0.022,0.175,-0.035,0.531,0.122,-0.206,0.435,0.32
4,A1_2,-0.121,0.295,1.0,0.573,0.091,-0.034,0.557,-0.103,-0.215,-0.02,-0.117,0.202,0.18,-0.381,0.169,-0.11
4,A1_3,-0.246,0.554,0.573,1.0,-0.178,0.327,0.465,-0.291,0.31,0.256,-0.083,0.18,-0.02,-0.319,0.168,-0.207
4,B1_1,0.014,-0.149,0.091,-0.178,1.0,-0.21,-0.333,-0.29,-0.322,0.024,0.264,-0.173,-0.198,0.127,-0.282,0.209
4,B1_2,-0.281,0.196,-0.034,0.327,-0.21,1.0,0.359,-0.381,-0.392,0.028,0.114,-0.324,-0.455,-0.136,-0.082,-0.075
4,B1_3,-0.194,0.444,0.557,0.465,-0.333,0.359,1.0,-0.345,-0.266,0.237,-0.108,-0.02,0.165,-0.321,0.526,-0.14
4,A2_1,0.246,-0.42,-0.103,-0.291,-0.29,-0.381,-0.345,1.0,0.405,-0.361,0.028,0.188,0.119,0.214,-0.069,-0.103
4,A2_2,0.103,-0.022,-0.215,0.31,-0.322,-0.392,-0.266,0.405,1.0,0.191,-0.14,0.209,0.116,0.115,0.108,-0.195
4,A2_3,-0.242,0.175,-0.02,0.256,0.024,0.028,0.237,-0.361,0.191,1.0,-0.06,0.127,-0.205,0.098,0.32,-0.172
4,B2_1,-0.164,-0.035,-0.117,-0.083,0.264,0.114,-0.108,0.028,-0.14,-0.06,1.0,0.164,-0.436,0.276,-0.241,0.217
4,B2_2,0.254,0.531,0.202,0.18,-0.173,-0.324,-0.02,0.188,0.209,0.127,0.164,1.0,0.107,-0.024,0.042,0.121
4,B2_3,0.025,0.122,0.18,-0.02,-0.198,-0.455,0.165,0.119,0.116,-0.205,-0.436,0.107,1.0,0.068,0.136,-0.134
4,y1,-0.116,-0.206,-0.381,-0.319,0.127,-0.136,-0.321,0.214,0.115,0.098,0.276,-0.024,0.068,1.0,0.151,0.009
4,y2,-0.071,0.435,0.169,0.168,-0.282,-0.082,0.526,-0.069,0.108,0.32,-0.241,0.042,0.136,0.151,1.0,0.183
4,y3,0.45,0.32,-0.11,-0.207,0.209,-0.075,-0.14,-0.103,-0.195,-0.172,0.217,0.121,-0.134,0.009,0.183,1.0
5,.,1.0,0.072,-0.122,-0.25,0.009,-0.286,-0.196,0.252,0.106,-0.244,-0.166,0.251,0.028,-0.114,-0.072,0.448
5,A1_1,0.072,1.0,0.296,0.554,-0.144,0.2,0.446,-0.419,-0.022,0.175,-0.031,0.533,0.126,-0.208,0.433,0.318
5,A1_2,-0.122,0.296,1.0,0.573,0.093,-0.032,0.557,-0.102,-0.215,-0.019,-0.115,0.202,0.182,-0.382,0.168,-0.111
5,A1_3,-0.25,0.554,0.573,1.0,-0.175,0.33,0.467,-0.291,0.311,0.257,-0.08,0.182,-0.017,-0.32,0.167,-0.208
5,B1_1,0.009,-0.144,0.093,-0.175,1.0,-0.205,-0.329,-0.293,-0.323,0.026,0.266,-0.169,-0.2,0.127,-0.281,0.21
5,B1_2,-0.286,0.2,-0.032,0.33,-0.205,1.0,0.362,-0.383,-0.392,0.03,0.117,-0.316,-0.454,-0.137,-0.082,-0.075
5,B1_3,-0.196,0.446,0.557,0.467,-0.329,0.362,1.0,-0.347,-0.267,0.238,-0.104,-0.015,0.166,-0.322,0.524,-0.141
5,A2_1,0.252,-0.419,-0.102,-0.291,-0.293,-0.383,-0.347,1.0,0.405,-0.361,0.025,0.185,0.117,0.214,-0.068,-0.102
5,A2_2,0.106,-0.022,-0.215,0.311,-0.323,-0.392,-0.267,0.405,1.0,0.191,-0.141,0.207,0.115,0.115,0.109,-0.194
5,A2_3,-0.244,0.175,-0.019,0.257,0.026,0.03,0.238,-0.361,0.191,1.0,-0.058,0.128,-0.203,0.096,0.32,-0.173
5,B2_1,-0.166,-0.031,-0.115,-0.08,0.266,0.117,-0.104,0.025,-0.141,-0.058,1.0,0.166,-0.437,0.275,-0.241,0.217
5,B2_2,0.251,0.533,0.202,0.182,-0.169,-0.316,-0.015,0.185,0.207,0.128,0.166,1.0,0.108,-0.027,0.04,0.119
5,B2_3,0.028,0.126,0.182,-0.017,-0.2,-0.454,0.166,0.117,0.115,-0.203,-0.437,0.108,1.0,0.068,0.137,-0.134
5,y1,-0.114,-0.208,-0.382,-0.32,0.127,-0.137,-0.322,0.214,0.115,0.096,0.275,-0.027,0.068,1.0,0.151,0.009
5,y2,-0.072,0.433,0.168,0.167,-0.281,-0.082,0.524,-0.068,0.109,0.32,-0.241,0.04,0.137,0.151,1.0,0.182
5,y3,0.448,0.318,-0.111,-0.208,0.21,-0.075,-0.141,-0.102,-0.194,-0.173,0.217,0.119,-0.134,0.009,0.182,1.0
6,.,1.0,0.064,-0.123,-0.255,0.004,-0.292,-0.2,0.258,0.108,-0.247,-0.168,0.248,0.031,-0.111,-0.072,0.445
6,A1_1,0.064,1.0,0.296,0.554,-0.139,0.205,0.449,-0.419,-0.021,0.175,-0.027,0.535,0.13,-0.211,0.43,0.316
6,A1_2,-0.123,0.296,1.0,0.573,0.094,-0.029,0.556,-0.102,-0.215,-0.019,-0.114,0.203,0.183,-0.384,0.167,-0.112
6,A1_3,-0.255,0.554,0.573,1.0,-0.171,0.333,0.468,-0.29,0.311,0.257,-0.077,0.184,-0.015,-0.322,0.166,-0.209
6,B1_1,0.004,-0.139,0.094,-0.171,1.0,-0.198,-0.325,-0.296,-0.324,0.028,0.268,-0.164,-0.202,0.126,-0.279,0.211
6,B1_2,-0.292,0.205,-0.029,0.333,-0.198,1.0,0.366,-0.386,-0.392,0.033,0.121,-0.308,-0.454,-0.139,-0.082,-0.076
6,B1_3,-0.2,0.449,0.556,0.468,-0.325,0.366,1.0,-0.349,-0.267,0.24,-0.101,-0.011,0.166,-0.323,0.522,-0.142
6,A2_1,0.258,-0.419,-0.102,-0.29,-0.296,-0.386,-0.349,1.0,0.404,-0.361,0.021,0.182,0.114,0.215,-0.067,-0.1
6,A2_2,0.108,-0.021,-0.215,0.311,-0.324,-0.392,-0.267,0.404,1.0,0.191,-0.142,0.205,0.114,0.115,0.11,-0.193
6,A2_3,-0.247,0.175,-0.019,0.257,0.028,0.033,0.24,-0.361,0.191,1.0,-0.056,0.129,-0.201,0.095,0.319,-0.173
6,B2_1,-0.168,-0.027,-0.114,-0.077,0.268,0.121,-0.101,0.021,-0.142,-0.056,1.0,0.17,-0.438,0.273,-0.24,0.217
6,B2_2,0.248,0.535,0.203,0.184,-0.164,-0.308,-0.011,0.182,0.205,0.129,0.17,1.0,0.109,-0.03,0.037,0.117
6,B2_3,0.031,0.13,0.183,-0.015,-0.202,-0.454,0.166,0.114,0.114,-0.201,-0.438,0.109,1.0,0.068,0.138,-0.133
6,y1,-0.111,-0.211,-0.384,-0.322,0.126,-0.139,-0.323,0.215,0.115,0.095,0.273,-0.03,0.068,1.0,0.151,0.008
6,y2,-0.072,0.43,0.167,0.166,-0.279,-0.082,0.522,-0.067,0.11,0.319,-0.24,0.037,0.138,0.151,1.0,0.181
6,y3,0.445,0.316,-0.112,-0.209,0.211,-0.076,-0.142,-0.1,-0.193,-0.173,0.217,0.117,-0.133,0.008,0.181,1.0
7,.,1.0,0.056,-0.124,-0.26,-0.002,-0.298,-0.203,0.265,0.111,-0.249,-0.171,0.243,0.034,-0.109,-0.073,0.442
7,A1_1,0.056,1.0,0.296,0.555,-0.134,0.21,0.451,-0.418,-0.021,0.176,-0.022,0.538,0.135,-0.214,0.427,0.314
7,A1_2,-0.124,0.296,1.0,0.573,0.095,-0.027,0.556,-0.102,-0.215,-0.019,-0.112,0.203,0.185,-0.385,0.166,-0.113
7,A1_3,-0.26,0.555,0.573,1.0,-0.167,0.335,0.47,-0.29,0.311,0.257,-0.074,0.186,-0.012,-0.324,0.164,-0.21
7,B1_1,-0.002,-0.134,0.095,-0.167,1.0,-0.192,-0.32,-0.3,-0.325,0.03,0.271,-0.16,-0.204,0.126,-0.278,0.212
7,B1_2,-0.298,0.21,-0.027,0.335,-0.192,1.0,0.369,-0.388,-0.392,0.035,0.125,-0.299,-0.453,-0.14,-0.083,-0.077
7,B1_3,-0.203,0.451,0.556,0.47,-0.32,0.369,1.0,-0.351,-0.268,0.241,-0.096,-0.006,0.166,-0.325,0.519,-0.143
7,A2_1,0.265,-0.418,-0.102,-0.29,-0.3,-0.388,-0.351,1.0,0.404,-0.36,0.018,0.178,0.112,0.215,-0.066,-0.098
7,A2_2,0.111,-0.021,-0.215,0.311,-0.325,-0.392,-0.268,0.404,1.0,0.191,-0.143,0.203,0.113,0.115,0.11,-0.193
7,A2_3,-0.249,0.176,-0.019,0.257,0.03,0.035,0.241,-0.36,0.191,1.0,-0.054,0.13,-0.2,0.093,0.318,-0.174
7,B2_1,-0.171,-0.022,-0.112,-0.074,0.271,0.125,-0.096,0.018,-0.143,-0.054,1.0,0.173,-0.439,0.272,-0.24,0.217
7,B2_2,0.243,0.538,0.203,0.186,-0.16,-0.299,-0.006,0.178,0.203,0.13,0.173,1.0,0.109,-0.034,0.035,0.114
7,B2_3,0.034,0.135,0.185,-0.012,-0.204,-0.453,0.166,0.112,0.113,-0.2,-0.439,0.109,1.0,0.068,0.139,-0.132
7,y1,-0.109,-0.214,-0.385,-0.324,0.126,-0.14,-0.325,0.215,0.115,0.093,0.272,-0.034,0.068,1.0,0.152,0.008
7,y2,-0.073,0.427,0.166,0.164,-0.278,-0.083,0.519,-0.066,0.11,0.318,-0.24,0.035,0.139,0.152,1.0,0.18
7,y3,0.442,0.314,-0.113,-0.21,0.212,-0.077,-0.143,-0.098,-0.193,-0.174,0.217,0.114,-0.132,0.008,0.18,1.0
8,.,1.0,0.047,-0.125,-0.266,-0.008,-0.306,-0.208,0.272,0.113,-0.252,-0.175,0.237,0.037,-0.106,-0.073,0.439
8,A1_1,0.047,1.0,0.296,0.555,-0.128,0.215,0.454,-0.418,-0.021,0.176,-0.018,0.54,0.139,-0.217,0.424,0.312
8,A1_2,-0.125,0.296,1.0,0.573,0.097,-0.024,0.556,-0.101,-0.214,-0.018,-0.111,0.204,0.187,-0.387,0.164,-0.114
8,A1_3,-0.266,0.555,0.573,1.0,-0.163,0.338,0.471,-0.289,0.312,0.257,-0.071,0.188,-0.009,-0.326,0.163,-0.212
8,B1_1,-0.008,-0.128,0.097,-0.163,1.0,-0.185,-0.315,-0.303,-0.327,0.032,0.274,-0.155,-0.206,0.126,-0.277,0.212
8,B1_2,-0.306,0.215,-0.024,0.338,-0.185,1.0,0.373,-0.391,-0.392,0.037,0.129,-0.29,-0.451,-0.142,-0.084,-0.078
8,B1_3,-0.208,0.454,0.556,0.471,-0.315,0.373,1.0,-0.353,-0.268,0.242,-0.092,-0.001,0.167,-0.326,0.516,-0.145
8,A2_1,0.272,-0.418,-0.101,-0.289,-0.303,-0.391,-0.353,1.0,0.404,-0.36,0.014,0.174,0.11,0.216,-0.064,-0.096
8,A2_2,0.113,-0.021,-0.214,0.312,-0.327,-0.392,-0.268,0.404,1.0,0.191,-0.144,0.201,0.112,0.115,0.111,-0.192
8,A2_3,-0.252,0.176,-0.018,0.257,0.032,0.037,0.242,-0.36,0.191,1.0,-0.053,0.131,-0.198,0.091,0.318,-0.175
8,B2_1,-0.175,-0.018,-0.111,-0.071,0.274,0.129,-0.092,0.014,-0.144,-0.053,1.0,0.177,-0.439,0.27,-0.24,0.216
8,B2_2,0.237,0.54,0.204,0.188,-0.155,-0.29,-0.001,0.174,0.201,0.131,0.177,1.0,0.11,-0.038,0.031,0.11
8,B2_3,0.037,0.139,0.187,-0.009,-0.206,-0.451,0.167,0.11,0.112,-0.198,-0.439,0.11,1.0,0.068,0.141,-0.132
8,y1,-0.106,-0.217,-0.387,-0.326,0.126,-0.142,-0.326,0.216,0.115,0.091,0.27,-0.038,0.068,1.0,0.152,0.008
8,y2,-0.073,0.424,0.164,0.163,-0.277,-0.084,0.516,-0.064,0.111,0.318,-0.24,0.031,0.141,0.152,1.0,0.179
8,y3,0.439,0.312,-0.114,-0.212,0.212,-0.078,-0.145,-0.096,-0.192,-0.175,0.216,0.11,-0.132,0.008,0.179,1.0
9,.,1.0,0.037,-0.127,-0.272,-0.016,-0.314,-0.213,0.28,0.116,-0.255,-0.179,0.23,0.04,-0.103,-0.072,0.436
9,A1_1,0.037,1.0,0.297,0.555,-0.123,0.22,0.457,-0.417,-0.02,0.176,-0.014,0.543,0.144,-0.22,0.421,0.309
9,A1_2,-0.127,0.297,1.0,0.574,0.098,-0.022,0.556,-0.1,-0.214,-0.018,-0.109,0.204,0.189,-0.389,0.162,-0.116
9,A1_3,-0.272,0.555,0.574,1.0,-0.159,0.341,0.472,-0.288,0.312,0.258,-0.067,0.19,-0.006,-0.328,0.16,-0.214
9,B1_1,-0.016,-0.123,0.098,-0.159,1.0,-0.177,-0.31,-0.307,-0.329,0.034,0.278,-0.149,-0.208,0.125,-0.276,0.212
9,B1_2,-0.314,0.22,-0.022,0.341,-0.177,1.0,0.377,-0.394,-0.392,0.04,0.134,-0.28,-0.45,-0.144,-0.085,-0.08
9,B1_3,-0.213,0.457,0.556,0.472,-0.31,0.377,1.0,-0.355,-0.269,0.243,-0.087,0.004,0.168,-0.328,0.512,-0.147
9,A2_1,0.28,-0.417,-0.1,-0.288,-0.307,-0.394,-0.355,1.0,0.404,-0.36,0.01,0.17,0.107,0.217,-0.063,-0.094
9,A2_2,0.116,-0.02,-0.214,0.312,-0.329,-0.392,-0.269,0.404,1.0,0.192,-0.145,0.199,0.111,0.115,0.112,-0.191
9,A2_3,-0.255,0.176,-0.018,0.258,0.034,0.04,0.243,-0.36,0.192,1.0,-0.051,0.132,-0.196,0.089,0.317,-0.175
9,B2_1,-0.179,-0.014,-0.109,-0.067,0.278,0.134,-0.087,0.01,-0.145,-0.051,1.0,0.182,-0.439,0.268,-0.241,0.215
9,B2_2,0.23,0.543,0.204,0.19,-0.149,-0.28,0.004,0.17,0.199,0.132,0.182,1.0,0.111,-0.041,0.028,0.107
9,B2_3,0.04,0.144,0.189,-0.006,-0.208,-0.45,0.168,0.107,0.111,-0.196,-0.439,0.111,1.0,0.068,0.142,-0.131
9,y1,-0.103,-0.22,-0.389,-0.328,0.125,-0.144,-0.328,0.217,0.115,0.089,0.268,-0.041,0.068,1.0,0.153,0.009
9,y2,-0.072,0.421,0.162,0.16,-0.276,-0.085,0.512,-0.063,0.112,0.317,-0.241,0.028,0.142,0.153,1.0,0.178
9,y3,0.436,0.309,-0.116,-0.214,0.212,-0.08,-0.147,-0.094,-0.191,-0.175,0.215,0.107,-0.131,0.009,0.178,1.0
10,.,1.0,0.027,-0.129,-0.279,-0.024,-0.323,-0.219,0.287,0.119,-0.258,-0.185,0.222,0.042,-0.099,-0.071,0.434
10,A1_1,0.027,1.0,0.297,0.555,-0.118,0.224,0.459,-0.416,-0.02,0.177,-0.01,0.546,0.149,-0.224,0.417,0.306
10,A1_2,-0.129,0.297,1.0,0.574,0.1,-0.019,0.556,-0.1,-0.213,-0.018,-0.107,0.205,0.191,-0.391,0.16,-0.118
10,A1_3,-0.279,0.555,0.574,1.0,-0.155,0.344,0.474,-0.288,0.313,0.258,-0.064,0.193,-0.003,-0.331,0.158,-0.216
10,B1_1,-0.024,-0.118,0.1,-0.155,1.0,-0.169,-0.304,-0.311,-0.33,0.036,0.282,-0.144,-0.21,0.124,-0.276,0.212
10,B1_2,-0.323,0.224,-0.019,0.344,-0.169,1.0,0.381,-0.397,-0.392,0.042,0.14,-0.271,-0.448,-0.145,-0.087,-0.082
10,B1_3,-0.219,0.459,0.556,0.474,-0.304,0.381,1.0,-0.357,-0.269,0.244,-0.081,0.009,0.168,-0.33,0.509,-0.15
10,A2_1,0.287,-0.416,-0.1,-0.288,-0.311,-0.397,-0.357,1.0,0.404,-0.359,0.006,0.166,0.104,0.218,-0.061,-0.091
10,A2_2,0.119,-0.02,-0.213,0.313,-0.33,-0.392,-0.269,0.404,1.0,0.192,-0.147,0.197,0.11,0.115,0.114,-0.189
10,A2_3,-0.258,0.177,-0.018,0.258,0.036,0.042,0.244,-0.359,0.192,1.0,-0.049,0.132,-0.194,0.087,0.316,-0.176
10,B2_1,-0.185,-0.01,-0.107,-0.064,0.282,0.14,-0.081,0.006,-0.147,-0.049,1.0,0.186,-0.438,0.266,-0.241,0.213
10,B2_2,0.222,0.546,0.205,0.193,-0.144,-0.271,0.009,0.166,0.197,0.132,0.186,1.0,0.112,-0.045,0.024,0.103
10,B2_3,0.042,0.149,0.191,-0.003,-0.21,-0.448,0.168,0.104,0.11,-0.194,-0.438,0.112,1.0,0.068,0.143,-0.131
10,y1,-0.099,-0.224,-0.391,-0.331,0.124,-0.145,-0.33,0.218,0.115,0.087,0.266,-0.045,0.068,1.0,0.154,0.009
10,y2,-0.071,0.417,0.16,0.158,-0.276,-0.087,0.509,-0.061,0.114,0.316,-0.241,0.024,0.143,0.154,1.0,0.177
10,y3,0.434,0.306,-0.118,-0.216,0.212,-0.082,-0.15,-0.091,-0.189,-0.176,0.213,0.103,-0.131,0.009,0.177,1.0
11,.,1.0,0.017,-0.131,-0.285,-0.033,-0.333,-0.225,0.295,0.123,-0.26,-0.191,0.213,0.044,-0.094,-0.069,0.431
11,A1_1,0.017,1.0,0.297,0.555,-0.112,0.229,0.462,-0.416,-0.019,0.177,-0.006,0.548,0.154,-0.228,0.413,0.303
11,A1_2,-0.131,0.297,1.0,0.574,0.101,-0.016,0.556,-0.099,-0.213,-0.017,-0.105,0.205,0.193,-0.393,0.158,-0.119
11,A1_3,-0.285,0.555,0.574,1.0,-0.151,0.346,0.475,-0.287,0.313,0.259,-0.061,0.195,0.001,-0.334,0.155,-0.219
11,B1_1,-0.033,-0.112,0.101,-0.151,1.0,-0.16,-0.297,-0.315,-0.332,0.038,0.286,-0.138,-0.211,0.123,-0.275,0.211
11,B1_2,-0.333,0.229,-0.016,0.346,-0.16,1.0,0.385,-0.401,-0.393,0.044,0.146,-0.26,-0.446,-0.148,-0.089,-0.085
11,B1_3,-0.225,0.462,0.556,0.475,-0.297,0.385,1.0,-0.359,-0.27,0.245,-0.075,0.014,0.169,-0.332,0.504,-0.153
11,A2_1,0.295,-0.416,-0.099,-0.287,-0.315,-0.401,-0.359,1.0,0.404,-0.359,0.001,0.162,0.101,0.219,-0.059,-0.089
11,A2_2,0.123,-0.019,-0.213,0.313,-0.332,-0.393,-0.27,0.404,1.0,0.192,-0.148,0.194,0.109,0.116,0.115,-0.188
11,A2_3,-0.26,0.177,-0.017,0.259,0.038,0.044,0.245,-0.359,0.192,1.0,-0.047,0.133,-0.192,0.085,0.315,-0.177
11,B2_1,-0.191,-0.006,-0.105,-0.061,0.286,0.146,-0.075,0.001,-0.148,-0.047,1.0,0.191,-0.437,0.263,-0.242,0.211
11,B2_2,0.213,0.548,0.205,0.195,-0.138,-0.26,0.014,0.162,0.194,0.133,0.191,1.0,0.113,-0.049,0.02,0.099
11,B2_3,0.044,0.154,0.193,0.001,-0.211,-0.446,0.169,0.101,0.109,-0.192,-0.437,0.113,1.0,0.069,0.144,-0.131
11,y1,-0.094,-0.228,-0.393,-0.334,0.123,-0.148,-0.332,0.219,0.116,0.085,0.263,-0.049,0.069,1.0,0.154,0.01
11,y2,-0.069,0.413,0.158,0.155,-0.275,-0.089,0.504,-0.059,0.115,0.315,-0.242,0.02,0.144,0.154,1.0,0.177
11,y3,0.431,0.303,-0.119,-0.219,0.211,-0.085,-0.153,-0.089,-0.188,-0.177,0.211,0.099,-0.131,0.01,0.177,1.0
12,.,1.0,0.007,-0.133,-0.291,-0.043,-0.343,-0.232,0.303,0.126,-0.262,-0.198,0.203,0.046,-0.09,-0.067,0.429
12,A1_1,0.007,1.0,0.297,0.555,-0.106,0.233,0.464,-0.415,-0.019,0.177,-0.002,0.551,0.159,-0.232,0.409,0.299
12,A1_2,-0.133,0.297,1.0,0.574,0.103,-0.014,0.555,-0.098,-0.212,-0.016,-0.103,0.206,0.195,-0.395,0.156,-0.121
12,A1_3,-0.291,0.555,0.574,1.0,-0.147,0.349,0.477,-0.285,0.314,0.259,-0.057,0.198,0.005,-0.337,0.153,-0.221
12,B1_1,-0.043,-0.106,0.103,-0.147,1.0,-0.15,-0.291,-0.32,-0.334,0.04,0.291,-0.132,-0.213,0.122,-0.275,0.21
12,B1_2,-0.343,0.233,-0.014,0.349,-0.15,1.0,0.39,-0.404,-0.393,0.046,0.153,-0.25,-0.443,-0.15,-0.091,-0.088
12,B1_3,-0.232,0.464,0.555,0.477,-0.291,0.39,1.0,-0.362,-0.271,0.246,-0.069,0.02,0.17,-0.334,0.5,-0.156
12,A2_1,0.303,-0.415,-0.098,-0.285,-0.32,-0.404,-0.362,1.0,0.404,-0.358,-0.004,0.157,0.098,0.22,-0.056,-0.086
12,A2_2,0.126,-0.019,-0.212,0.314,-0.334,-0.393,-0.271,0.404,1.0,0.193,-0.15,0.191,0.107,0.116,0.116,-0.187
12,A2_3,-0.262,0.177,-0.016,0.259,0.04,0.046,0.246,-0.358,0.193,1.0,-0.045,0.135,-0.19,0.083,0.313,-0.178
12,B2_1,-0.198,-0.002,-0.103,-0.057,0.291,0.153,-0.069,-0.004,-0.15,-0.045,1.0,0.196,-0.436,0.26,-0.243,0.208
12,B2_2,0.203,0.551,0.206,0.198,-0.132,-0.25,0.02,0.157,0.191,0.135,0.196,1.0,0.114,-0.053,0.016,0.094
12,B2_3,0.046,0.159,0.195,0.005,-0.213,-0.443,0.17,0.098,0.107,-0.19,-0.436,0.114,1.0,0.069,0.145,-0.13
12,y1,-0.09,-0.232,-0.395,-0.337,0.122,-0.15,-0.334,0.22,0.116,0.083,0.26,-0.053,0.069,1.0,0.156,0.011
12,y2,-0.067,0.409,0.156,0.153,-0.275,-0.091,0.5,-0.056,0.116,0.313,-0.243,0.016,0.145,0.156,1.0,0.177
12,y3,0.429,0.299,-0.121,-0.221,0.21,-0.088,-0.156,-0.086,-0.187,-0.178,0.208,0.094,-0.13,0.011,0.177,1.0
13,.,1.0,-0.004,-0.134,-0.297,-0.053,-0.354,-0.24,0.31,0.13,-0.264,-0.205,0.192,0.046,-0.085,-0.064,0.427
13,A1_1,-0.004,1.0,0.298,0.556,-0.101,0.238,0.467,-0.414,-0.018,0.178,0.002,0.553,0.164,-0.237,0.405,0.296
13,A1_2,-0.134,0.298,1.0,0.575,0.105,-0.011,0.555,-0.097,-0.211,-0.016,-0.101,0.207,0.198,-0.397,0.153,-0.124
13,A1_3,-0.297,0.556,0.575,1.0,-0.142,0.352,0.479,-0.284,0.315,0.26,-0.054,0.201,0.009,-0.34,0.149,-0.224
13,B1_1,-0.053,-0.101,0.105,-0.142,1.0,-0.14,-0.283,-0.324,-0.336,0.042,0.296,-0.125,-0.214,0.121,-0.275,0.209
13,B1_2,-0.354,0.238,-0.011,0.352,-0.14,1.0,0.395,-0.407,-0.394,0.048,0.16,-0.239,-0.44,-0.152,-0.094,-0.091
13,B1_3,-0.24,0.467,0.555,0.479,-0.283,0.395,1.0,-0.364,-0.272,0.246,-0.062,0.026,0.172,-0.336,0.495,-0.159
13,A2_1,0.31,-0.414,-0.097,-0.284,-0.324,-0.407,-0.364,1.0,0.404,-0.357,-0.009,0.153,0.094,0.221,-0.054,-0.082
13,A2_2,0.13,-0.018,-0.211,0.315,-0.336,-0.394,-0.272,0.404,1.0,0.194,-0.152,0.189,0.105,0.116,0.118,-0.185
13,A2_3,-0.264,0.178,-0.016,0.26,0.042,0.048,0.246,-0.357,0.194,1.0,-0.043,0.136,-0.188,0.08,0.312,-0.18
13,B2_1,-0.205,0.002,-0.101,-0.054,0.296,0.16,-0.062,-0.009,-0.152,-0.043,1.0,0.202,-0.434,0.257,-0.245,0.205
13,B2_2,0.192,0.553,0.207,0.201,-0.125,-0.239,0.026,0.153,0.189,0.136,0.202,1.0,0.115,-0.057,0.011,0.089
13,B2_3,0.046,0.164,0.198,0.009,-0.214,-0.44,0.172,0.094,0.105,-0.188,-0.434,0.115,1.0,0.069,0.146,-0.131
13,y1,-0.085,-0.237,-0.397,-0.34,0.121,-0.152,-0.336,0.221,0.116,0.08,0.257,-0.057,0.069,1.0,0.157,0.013
13,y2,-0.064,0.405,0.153,0.149,-0.275,-0.094,0.495,-0.054,0.118,0.312,-0.245,0.011,0.146,0.157,1.0,0.177
13,y3,0.427,0.296,-0.124,-0.224,0.209,-0.091,-0.159,-0.082,-0.185,-0.18,0.205,0.089,-0.131,0.013,0.177,1.0
14,.,1.0,-0.014,-0.136,-0.303,-0.064,-0.366,-0.248,0.318,0.133,-0.266,-0.213,0.18,0.046,-0.079,-0.06,0.426
14,A1_1,-0.014,1.0,0.298,0.556,-0.095,0.242,0.47,-0.413,-0.017,0.178,0.006,0.556,0.169,-0.241,0.401,0.292
14,A1_2,-0.136,0.298,1.0,0.575,0.106,-0.008,0.555,-0.096,-0.21,-0.015,-0.099,0.208,0.2,-0.4,0.151,-0.126
14,A1_3,-0.303,0.556,0.575,1.0,-0.137,0.354,0.48,-0.283,0.316,0.26,-0.05,0.204,0.013,-0.343,0.146,-0.227
14,B1_1,-0.064,-0.095,0.106,-0.137,1.0,-0.129,-0.276,-0.329,-0.339,0.044,0.301,-0.118,-0.215,0.12,-0.275,0.206
14,B1_2,-0.366,0.242,-0.008,0.354,-0.129,1.0,0.4,-0.411,-0.394,0.05,0.168,-0.227,-0.436,-0.154,-0.097,-0.095
14,B1_3,-0.248,0.47,0.555,0.48,-0.276,0.4,1.0,-0.367,-0.273,0.247,-0.055,0.032,0.173,-0.338,0.489,-0.163
14,A2_1,0.318,-0.413,-0.096,-0.283,-0.329,-0.411,-0.367,1.0,0.404,-0.356,-0.014,0.148,0.09,0.222,-0.051,-0.079
14,A2_2,0.133,-0.017,-0.21,0.316,-0.339,-0.394,-0.273,0.404,1.0,0.194,-0.154,0.185,0.103,0.116,0.119,-0.183
14,A2_3,-0.266,0.178,-0.015,0.26,0.044,0.05,0.247,-0.356,0.194,1.0,-0.042,0.137,-0.185,0.077,0.31,-0.181
14,B2_1,-0.213,0.006,-0.099,-0.05,0.301,0.168,-0.055,-0.014,-0.154,-0.042,1.0,0.208,-0.432,0.254,-0.246,0.202
14,B2_2,0.18,0.556,0.208,0.204,-0.118,-0.227,0.032,0.148,0.185,0.137,0.208,1.0,0.117,-0.062,0.006,0.083
14,B2_3,0.046,0.169,0.2,0.013,-0.215,-0.436,0.173,0.09,0.103,-0.185,-0.432,0.117,1.0,0.07,0.147,-0.131
14,y1,-0.079,-0.241,-0.4,-0.343,0.12,-0.154,-0.338,0.222,0.116,0.077,0.254,-0.062,0.07,1.0,0.158,0.015
14,y2,-0.06,0.401,0.151,0.146,-0.275,-0.097,0.489,-0.051,0.119,0.31,-0.246,0.006,0.147,0.158,1.0,0.177
14,y3,0.426,0.292,-0.126,-0.227,0.206,-0.095,-0.163,-0.079,-0.183,-0.181,0.202,0.083,-0.131,0.015,0.177,1.0
15,.,1.0,-0.024,-0.138,-0.309,-0.076,-0.378,-0.257,0.325,0.137,-0.268,-0.222,0.168,0.045,-0.072,-0.056,0.425
15,A1_1,-0.024,1.0,0.299,0.556,-0.089,0.247,0.472,-0.412,-0.016,0.178,0.01,0.559,0.175,-0.246,0.396,0.288
15,A1_2,-0.138,0.299,1.0,0.575,0.108,-0.005,0.554,-0.094,-0.209,-0.014,-0.097,0.209,0.203,-0.403,0.148,-0.128
15,A1_3,-0.309,0.556,0.575,1.0,-0.132,0.357,0.482,-0.281,0.317,0.261,-0.046,0.207,0.017,-0.347,0.143,-0.23
15,B1_1,-0.076,-0.089,0.108,-0.132,1.0,-0.117,-0.267,-0.334,-0.341,0.046,0.307,-0.111,-0.215,0.118,-0.275,0.204
15,B1_2,-0.378,0.247,-0.005,0.357,-0.117,1.0,0.405,-0.414,-0.395,0.052,0.176,-0.215,-0.432,-0.157,-0.101,-0.1
15,B1_3,-0.257,0.472,0.554,0.482,-0.267,0.405,1.0,-0.369,-0.274,0.248,-0.047,0.038,0.175,-0.34,0.483,-0.167
15,A2_1,0.325,-0.412,-0.094,-0.281,-0.334,-0.414,-0.369,1.0,0.404,-0.355,-0.019,0.142,0.086,0.224,-0.048,-0.076
15,A2_2,0.137,-0.016,-0.209,0.317,-0.341,-0.395,-0.274,0.404,1.0,0.195,-0.156,0.182,0.101,0.117,0.121,-0.181
15,A2_3,-0.268,0.178,-0.014,0.261,0.046,0.052,0.248,-0.355,0.195,1.0,-0.04,0.138,-0.183,0.074,0.309,-0.182
15,B2_1,-0.222,0.01,-0.097,-0.046,0.307,0.176,-0.047,-0.019,-0.156,-0.04,1.0,0.214,-0.429,0.25,-0.248,0.197
15,B2_2,0.168,0.559,0.209,0.207,-0.111,-0.215,0.038,0.142,0.182,0.138,0.214,1.0,0.118,-0.066,0.001,0.077
15,B2_3,0.045,0.175,0.203,0.017,-0.215,-0.432,0.175,0.086,0.101,-0.183,-0.429,0.118,1.0,0.07,0.147,-0.131
15,y1,-0.072,-0.246,-0.403,-0.347,0.118,-0.157,-0.34,0.224,0.117,0.074,0.25,-0.066,0.07,1.0,0.16,0.017
15,y2,-0.056,0.396,0.148,0.143,-0.275,-0.101,0.483,-0.048,0.121,0.309,-0.248,0.001,0.147,0.16,1.0,0.178
15,y3,0.425,0.288,-0.128,-0.23,0.204,-0.1,-0.167,-0.076,-0.181,-0.182,0.197,0.077,-0.131,0.017,0.178,1.0
16,.,1.0,-0.034,-0.14,-0.315,-0.089,-0.391,-0.266,0.333,0.14,-0.27,-0.231,0.154,0.043,-0.065,-0.051,0.425
16,A1_1,-0.034,1.0,0.299,0.556,-0.083,0.251,0.474,-0.411,-0.015,0.179,0.015,0.561,0.181,-0.251,0.391,0.283
16,A1_2,-0.14,0.299,1.0,0.576,0.11,-0.002,0.554,-0.093,-0.207,-0.013,-0.095,0.21,0.206,-0.406,0.145,-0.131
16,A1_3,-0.315,0.556,0.576,1.0,-0.127,0.36,0.483,-0.279,0.318,0.262,-0.042,0.21,0.022,-0.351,0.139,-0.234
16,B1_1,-0.089,-0.083,0.11,-0.127,1.0,-0.105,-0.258,-0.339,-0.344,0.048,0.314,-0.104,-0.215,0.116,-0.276,0.2
16,B1_2,-0.391,0.251,-0.002,0.36,-0.105,1.0,0.411,-0.418,-0.396,0.054,0.185,-0.202,-0.427,-0.16,-0.105,-0.105
16,B1_3,-0.266,0.474,0.554,0.483,-0.258,0.411,1.0,-0.372,-0.275,0.249,-0.038,0.045,0.177,-0.343,0.476,-0.172
16,A2_1,0.333,-0.411,-0.093,-0.279,-0.339,-0.418,-0.372,1.0,0.404,-0.354,-0.025,0.137,0.082,0.226,-0.045,-0.072
16,A2_2,0.14,-0.015,-0.207,0.318,-0.344,-0.396,-0.275,0.404,1.0,0.196,-0.159,0.179,0.099,0.117,0.123,-0.179
16,A2_3,-0.27,0.179,-0.013,0.262,0.048,0.054,0.249,-0.354,0.196,1.0,-0.038,0.139,-0.18,0.071,0.307,-0.184
16,B2_1,-0.231,0.015,-0.095,-0.042,0.314,0.185,-0.038,-0.025,-0.159,-0.038,1.0,0.22,-0.426,0.245,-0.25,0.192
16,B2_2,0.154,0.561,0.21,0.21,-0.104,-0.202,0.045,0.137,0.179,0.139,0.22,1.0,0.12,-0.071,-0.004,0.071
16,B2_3,0.043,0.181,0.206,0.022,-0.215,-0.427,0.177,0.082,0.099,-0.18,-0.426,0.12,1.0,0.07,0.148,-0.132
16,y1,-0.065,-0.251,-0.406,-0.351,0.116,-0.16,-0.343,0.226,0.117,0.071,0.245,-0.071,0.07,1.0,0.162,0.019
16,y2,-0.051,0.391,0.145,0.139,-0.276,-0.105,0.476,-0.045,0.123,0.307,-0.25,-0.004,0.148,0.162,1.0,0.179
16,y3,0.425,0.283,-0.131,-0.234,0.2,-0.105,-0.172,-0.072,-0.179,-0.184,0.192,0.071,-0.132,0.019,0.179,1.0
17,.,1.0,-0.044,-0.142,-0.32,-0.102,-0.405,-0.277,0.34,0.144,-0.271,-0.241,0.14,0.039,-0.057,-0.045,0.425
17,A1_1,-0.044,1.0,0.3,0.557,-0.077,0.255,0.477,-0.409,-0.014,0.179,0.019,0.564,0.186,-0.256,0.386,0.279
17,A1_2,-0.142,0.3,1.0,0.576,0.112,0.001,0.553,-0.092,-0.206,-0.012,-0.092,0.211,0.209,-0.409,0.141,-0.134
17,A1_3,-0.32,0.557,0.576,1.0,-0.122,0.362,0.485,-0.278,0.32,0.262,-0.038,0.214,0.027,-0.355,0.135,-0.237
17,B1_1,-0.102,-0.077,0.112,-0.122,1.0,-0.091,-0.248,-0.345,-0.347,0.05,0.321,-0.096,-0.215,0.114,-0.276,0.196
17,B1_2,-0.405,0.255,0.001,0.362,-0.091,1.0,0.417,-0.422,-0.396,0.056,0.195,-0.189,-0.421,-0.163,-0.11,-0.111
17,B1_3,-0.277,0.477,0.553,0.485,-0.248,0.417,1.0,-0.375,-0.276,0.25,-0.029,0.052,0.179,-0.346,0.468,-0.177
17,A2_1,0.34,-0.409,-0.092,-0.278,-0.345,-0.422,-0.375,1.0,0.404,-0.353,-0.031,0.131,0.077,0.227,-0.041,-0.068
17,A2_2,0.144,-0.014,-0.206,0.32,-0.347,-0.396,-0.276,0.404,1.0,0.197,-0.162,0.175,0.096,0.118,0.125,-0.177
17,A2_3,-0.271,0.179,-0.012,0.262,0.05,0.056,0.25,-0.353,0.197,1.0,-0.036,0.14,-0.178,0.068,0.305,-0.185
17,B2_1,-0.241,0.019,-0.092,-0.038,0.321,0.195,-0.029,-0.031,-0.162,-0.036,1.0,0.227,-0.422,0.241,-0.253,0.187
17,B2_2,0.14,0.564,0.211,0.214,-0.096,-0.189,0.052,0.131,0.175,0.14,0.227,1.0,0.122,-0.076,-0.01,0.064
17,B2_3,0.039,0.186,0.209,0.027,-0.215,-0.421,0.179,0.077,0.096,-0.178,-0.422,0.122,1.0,0.07,0.148,-0.134
17,y1,-0.057,-0.256,-0.409,-0.355,0.114,-0.163,-0.346,0.227,0.118,0.068,0.241,-0.076,0.07,1.0,0.164,0.022
17,y2,-0.045,0.386,0.141,0.135,-0.276,-0.11,0.468,-0.041,0.125,0.305,-0.253,-0.01,0.148,0.164,1.0,0.18
17,y3,0.425,0.279,-0.134,-0.237,0.196,-0.111,-0.177,-0.068,-0.177,-0.185,0.187,0.064,-0.134,0.022,0.18,1.0
18,.,1.0,-0.054,-0.144,-0.325,-0.116,-0.42,-0.288,0.346,0.148,-0.271,-0.251,0.125,0.035,-0.048,-0.038,0.425
18,A1_1,-0.054,1.0,0.3,0.557,-0.071,0.259,0.479,-0.408,-0.013,0.18,0.023,0.567,0.192,-0.261,0.381,0.274
18,A1_2,-0.144,0.3,1.0,0.577,0.114,0.004,0.553,-0.09,-0.204,-0.011,-0.09,0.212,0.212,-0.412,0.138,-0.137
18,A1_3,-0.325,0.557,0.577,1.0,-0.116,0.365,0.487,-0.276,0.321,0.263,-0.034,0.217,0.032,-0.36,0.13,-0.241
18,B1_1,-0.116,-0.071,0.114,-0.116,1.0,-0.077,-0.237,-0.35,-0.35,0.052,0.328,-0.087,-0.214,0.111,-0.278,0.191
18,B1_2,-0.42,0.259,0.004,0.365,-0.077,1.0,0.423,-0.425,-0.397,0.058,0.205,-0.175,-0.414,-0.167,-0.115,-0.117
18,B1_3,-0.288,0.479,0.553,0.487,-0.237,0.423,1.0,-0.378,-0.278,0.251,-0.019,0.06,0.182,-0.348,0.46,-0.183
18,A2_1,0.346,-0.408,-0.09,-0.276,-0.35,-0.425,-0.378,1.0,0.405,-0.351,-0.037,0.125,0.072,0.229,-0.037,-0.064
18,A2_2,0.148,-0.013,-0.204,0.321,-0.35,-0.397,-0.278,0.405,1.0,0.198,-0.165,0.171,0.094,0.118,0.127,-0.175
18,A2_3,-0.271,0.18,-0.011,0.263,0.052,0.058,0.251,-0.351,0.198,1.0,-0.035,0.142,-0.175,0.064,0.303,-0.187
18,B2_1,-0.251,0.023,-0.09,-0.034,0.328,0.205,-0.019,-0.037,-0.165,-0.035,1.0,0.234,-0.417,0.236,-0.255,0.181
18,B2_2,0.125,0.567,0.212,0.217,-0.087,-0.175,0.06,0.125,0.171,0.142,0.234,1.0,0.124,-0.08,-0.016,0.057
18,B2_3,0.035,0.192,0.212,0.032,-0.214,-0.414,0.182,0.072,0.094,-0.175,-0.417,0.124,1.0,0.07,0.148,-0.135
18,y1,-0.048,-0.261,-0.412,-0.36,0.111,-0.167,-0.348,0.229,0.118,0.064,0.236,-0.08,0.07,1.0,0.166,0.025
18,y2,-0.038,0.381,0.138,0.13,-0.278,-0.115,0.46,-0.037,0.127,0.303,-0.255,-0.016,0.148,0.166,1.0,0.182
18,y3,0.425,0.274,-0.137,-0.241,0.191,-0.117,-0.183,-0.064,-0.175,-0.187,0.181,0.057,-0.135,0.025,0.182,1.0
19,.,1.0,-0.063,-0.145,-0.33,-0.131,-0.435,-0.299,0.353,0.152,-0.272,-0.262,0.109,0.029,-0.039,-0.031,0.427
19,A1_1,-0.063,1.0,0.301,0.557,-0.065,0.263,0.481,-0.406,-0.012,0.18,0.027,0.57,0.199,-0.266,0.375,0.269
19,A1_2,-0.145,0.301,1.0,0.577,0.115,0.007,0.552,-0.088,-0.203,-0.01,-0.087,0.214,0.215,-0.416,0.134,-0.14
19,A1_3,-0.33,0.557,0.577,1.0,-0.11,0.367,0.489,-0.273,0.322,0.264,-0.03,0.221,0.037,-0.365,0.126,-0.244
19,B1_1,-0.131,-0.065,0.115,-0.11,1.0,-0.061,-0.225,-0.356,-0.353,0.053,0.336,-0.078,-0.213,0.108,-0.279,0.185
19,B1_2,-0.435,0.263,0.007,0.367,-0.061,1.0,0.43,-0.429,-0.398,0.06,0.217,-0.16,-0.406,-0.171,-0.121,-0.124
19,B1_3,-0.299,0.481,0.552,0.489,-0.225,0.43,1.0,-0.382,-0.279,0.252,-0.009,0.068,0.185,-0.352,0.451,-0.189
19,A2_1,0.353,-0.406,-0.088,-0.273,-0.356,-0.429,-0.382,1.0,0.405,-0.349,-0.044,0.119,0.067,0.232,-0.033,-0.06
19,A2_2,0.152,-0.012,-0.203,0.322,-0.353,-0.398,-0.279,0.405,1.0,0.2,-0.168,0.166,0.09,0.119,0.129,-0.172
19,A2_3,-0.272,0.18,-0.01,0.264,0.053,0.06,0.252,-0.349,0.2,1.0,-0.033,0.143,-0.172,0.06,0.3,-0.188
19,B2_1,-0.262,0.027,-0.087,-0.03,0.336,0.217,-0.009,-0.044,-0.168,-0.033,1.0,0.242,-0.411,0.23,-0.258,0.173
19,B2_2,0.109,0.57,0.214,0.221,-0.078,-0.16,0.068,0.119,0.166,0.143,0.242,1.0,0.126,-0.086,-0.023,0.049
19,B2_3,0.029,0.199,0.215,0.037,-0.213,-0.406,0.185,0.067,0.09,-0.172,-0.411,0.126,1.0,0.07,0.147,-0.138
19,y1,-0.039,-0.266,-0.416,-0.365,0.108,-0.171,-0.352,0.232,0.119,0.06,0.23,-0.086,0.07,1.0,0.169,0.029
19,y2,-0.031,0.375,0.134,0.126,-0.279,-0.121,0.451,-0.033,0.129,0.3,-0.258,-0.023,0.147,0.169,1.0,0.184
19,y3,0.427,0.269,-0.14,-0.244,0.185,-0.124,-0.189,-0.06,-0.172,-0.188,0.173,0.049,-0.138,0.029,0.184,1.0
20,.,1.0,-0.072,-0.147,-0.335,-0.147,-0.45,-0.312,0.359,0.156,-0.272,-0.273,0.092,0.022,-0.028,-0.023,0.429
20,A1_1,-0.072,1.0,0.301,0.558,-0.058,0.267,0.484,-0.405,-0.01,0.181,0.031,0.572,0.205,-0.272,0.37,0.264
20,A1_2,-0.147,0.301,1.0,0.578,0.118,0.011,0.552,-0.087,-0.201,-0.009,-0.085,0.215,0.219,-0.419,0.13,-0.143
20,A1_3,-0.335,0.558,0.578,1.0,-0.104,0.369,0.49,-0.271,0.324,0.265,-0.025,0.225,0.043,-0.37,0.121,-0.249
20,B1_1,-0.147,-0.058,0.118,-0.104,1.0,-0.044,-0.213,-0.363,-0.357,0.055,0.345,-0.068,-0.211,0.104,-0.281,0.179
20,B1_2,-0.45,0.267,0.011,0.369,-0.044,1.0,0.438,-0.433,-0.399,0.062,0.229,-0.144,-0.398,-0.175,-0.127,-0.132
20,B1_3,-0.312,0.484,0.552,0.49,-0.213,0.438,1.0,-0.385,-0.281,0.252,0.003,0.077,0.188,-0.355,0.441,-0.196
20,A2_1,0.359,-0.405,-0.087,-0.271,-0.363,-0.433,-0.385,1.0,0.406,-0.348,-0.051,0.112,0.061,0.234,-0.029,-0.055
20,A2_2,0.156,-0.01,-0.201,0.324,-0.357,-0.399,-0.281,0.406,1.0,0.201,-0.171,0.162,0.087,0.12,0.132,-0.169
20,A2_3,-0.272,0.181,-0.009,0.265,0.055,0.062,0.252,-0.348,0.201,1.0,-0.031,0.144,-0.168,0.056,0.298,-0.19
20,B2_1,-0.273,0.031,-0.085,-0.025,0.345,0.229,0.003,-0.051,-0.171,-0.031,1.0,0.25,-0.405,0.224,-0.262,0.165
20,B2_2,0.092,0.572,0.215,0.225,-0.068,-0.144,0.077,0.112,0.162,0.144,0.25,1.0,0.129,-0.091,-0.03,0.041
20,B2_3,0.022,0.205,0.219,0.043,-0.211,-0.398,0.188,0.061,0.087,-0.168,-0.405,0.129,1.0,0.069,0.146,-0.14
20,y1,-0.028,-0.272,-0.419,-0.37,0.104,-0.175,-0.355,0.234,0.12,0.056,0.224,-0.091,0.069,1.0,0.172,0.034
20,y2,-0.023,0.37,0.13,0.121,-0.281,-0.127,0.441,-0.029,0.132,0.298,-0.262,-0.03,0.146,0.172,1.0,0.187
20,y3,0.429,0.264,-0.143,-0.249,0.179,-0.132,-0.196,-0.055,-0.169,-0.19,0.165,0.041,-0.14,0.034,0.187,1.0
21,.,1.0,-0.08,-0.148,-0.338,-0.163,-0.467,-0.325,0.365,0.16,-0.272,-0.285,0.074,0.013,-0.017,-0.013,0.432
21,A1_1,-0.08,1.0,0.302,0.558,-0.052,0.27,0.486,-0.403,-0.009,0.181,0.036,0.575,0.212,-0.278,0.364,0.258
21,A1_2,-0.148,0.302,1.0,0.578,0.12,0.014,0.551,-0.085,-0.199,-0.008,-0.082,0.216,0.223,-0.423,0.126,-0.146
21,A1_3,-0.338,0.558,0.578,1.0,-0.097,0.372,0.492,-0.268,0.326,0.265,-0.021,0.229,0.05,-0.375,0.115,-0.253
21,B1_1,-0.163,-0.052,0.12,-0.097,1.0,-0.026,-0.199,-0.369,-0.36,0.057,0.354,-0.057,-0.208,0.1,-0.283,0.171
21,B1_2,-0.467,0.27,0.014,0.372,-0.026,1.0,0.446,-0.438,-0.4,0.064,0.242,-0.127,-0.387,-0.18,-0.134,-0.141
21,B1_3,-0.325,0.486,0.551,0.492,-0.199,0.446,1.0,-0.388,-0.283,0.253,0.015,0.086,0.192,-0.359,0.43,-0.203
21,A2_1,0.365,-0.403,-0.085,-0.268,-0.369,-0.438,-0.388,1.0,0.406,-0.346,-0.059,0.104,0.054,0.237,-0.024,-0.05
21,A2_2,0.16,-0.009,-0.199,0.326,-0.36,-0.4,-0.283,0.406,1.0,0.203,-0.175,0.157,0.083,0.121,0.135,-0.166
21,A2_3,-0.272,0.181,-0.008,0.265,0.057,0.064,0.253,-0.346,0.203,1.0,-0.03,0.145,-0.165,0.052,0.295,-0.192
21,B2_1,-0.285,0.036,-0.082,-0.021,0.354,0.242,0.015,-0.059,-0.175,-0.03,1.0,0.259,-0.397,0.217,-0.266,0.157
21,B2_2,0.074,0.575,0.216,0.229,-0.057,-0.127,0.086,0.104,0.157,0.145,0.259,1.0,0.132,-0.097,-0.038,0.031
21,B2_3,0.013,0.212,0.223,0.05,-0.208,-0.387,0.192,0.054,0.083,-0.165,-0.397,0.132,1.0,0.068,0.144,-0.143
21,y1,-0.017,-0.278,-0.423,-0.375,0.1,-0.18,-0.359,0.237,0.121,0.052,0.217,-0.097,0.068,1.0,0.175,0.039
21,y2,-0.013,0.364,0.126,0.115,-0.283,-0.134,0.43,-0.024,0.135,0.295,-0.266,-0.038,0.144,0.175,1.0,0.19
21,y3,0.432,0.258,-0.146,-0.253,0.171,-0.141,-0.203,-0.05,-0.166,-0.192,0.157,0.031,-0.143,0.039,0.19,1.0
22,.,1.0,-0.088,-0.149,-0.342,-0.181,-0.483,-0.339,0.371,0.164,-0.271,-0.298,0.055,0.003,-0.005,-0.003,0.436
22,A1_1,-0.088,1.0,0.303,0.558,-0.045,0.274,0.488,-0.401,-0.007,0.181,0.04,0.578,0.219,-0.284,0.357,0.252
22,A1_2,-0.149,0.303,1.0,0.579,0.122,0.018,0.549,-0.082,-0.196,-0.006,-0.079,0.218,0.226,-0.427,0.122,-0.15
22,A1_3,-0.342,0.558,0.579,1.0,-0.09,0.374,0.494,-0.265,0.328,0.266,-0.016,0.234,0.056,-0.381,0.11,-0.257
22,B1_1,-0.181,-0.045,0.122,-0.09,1.0,-0.006,-0.183,-0.376,-0.364,0.059,0.365,-0.045,-0.204,0.095,-0.286,0.162
22,B1_2,-0.483,0.274,0.018,0.374,-0.006,1.0,0.455,-0.442,-0.401,0.065,0.256,-0.109,-0.376,-0.185,-0.142,-0.151
22,B1_3,-0.339,0.488,0.549,0.494,-0.183,0.455,1.0,-0.392,-0.284,0.253,0.028,0.096,0.197,-0.363,0.418,-0.211
22,A2_1,0.371,-0.401,-0.082,-0.265,-0.376,-0.442,-0.392,1.0,0.407,-0.343,-0.067,0.097,0.047,0.24,-0.019,-0.045
22,A2_2,0.164,-0.007,-0.196,0.328,-0.364,-0.401,-0.284,0.407,1.0,0.205,-0.179,0.151,0.078,0.122,0.138,-0.162
22,A2_3,-0.271,0.181,-0.006,0.266,0.059,0.065,0.253,-0.343,0.205,1.0,-0.028,0.147,-0.161,0.047,0.292,-0.194
22,B2_1,-0.298,0.04,-0.079,-0.016,0.365,0.256,0.028,-0.067,-0.179,-0.028,1.0,0.269,-0.389,0.209,-0.27,0.147
22,B2_2,0.055,0.578,0.218,0.234,-0.045,-0.109,0.096,0.097,0.151,0.147,0.269,1.0,0.136,-0.103,-0.046,0.021
22,B2_3,0.003,0.219,0.226,0.056,-0.204,-0.376,0.197,0.047,0.078,-0.161,-0.389,0.136,1.0,0.067,0.142,-0.147
22,y1,-0.005,-0.284,-0.427,-0.381,0.095,-0.185,-0.363,0.24,0.122,0.047,0.209,-0.103,0.067,1.0,0.179,0.045
22,y2,-0.003,0.357,0.122,0.11,-0.286,-0.142,0.418,-0.019,0.138,0.292,-0.27,-0.046,0.142,0.179,1.0,0.194
22,y3,0.436,0.252,-0.15,-0.257,0.162,-0.151,-0.211,-0.045,-0.162,-0.194,0.147,0.021,-0.147,0.045,0.194,1.0
23,.,1.0,-0.096,-0.149,-0.344,-0.199,-0.5,-0.354,0.376,0.167,-0.27,-0.311,0.036,-0.009,0.009,0.008,0.441
23,A1_1,-0.096,1.0,0.303,0.559,-0.038,0.277,0.49,-0.399,-0.006,0.182,0.044,0.58,0.226,-0.289,0.351,0.246
23,A1_2,-0.149,0.303,1.0,0.58,0.124,0.021,0.548,-0.08,-0.194,-0.005,-0.076,0.219,0.231,-0.432,0.117,-0.153
23,A1_3,-0.344,0.559,0.58,1.0,-0.083,0.376,0.495,-0.262,0.33,0.267,-0.011,0.238,0.063,-0.387,0.103,-0.261
23,B1_1,-0.199,-0.038,0.124,-0.083,1.0,0.015,-0.167,-0.383,-0.368,0.061,0.376,-0.032,-0.199,0.089,-0.29,0.152
23,B1_2,-0.5,0.277,0.021,0.376,0.015,1.0,0.464,-0.446,-0.403,0.067,0.271,-0.089,-0.362,-0.191,-0.151,-0.162
23,B1_3,-0.354,0.49,0.548,0.495,-0.167,0.464,1.0,-0.396,-0.286,0.254,0.043,0.107,0.203,-0.367,0.405,-0.22
23,A2_1,0.376,-0.399,-0.08,-0.262,-0.383,-0.446,-0.396,1.0,0.407,-0.341,-0.075,0.088,0.039,0.243,-0.013,-0.04
23,A2_2,0.167,-0.006,-0.194,0.33,-0.368,-0.403,-0.286,0.407,1.0,0.207,-0.183,0.145,0.073,0.124,0.141,-0.158
23,A2_3,-0.27,0.182,-0.005,0.267,0.061,0.067,0.254,-0.341,0.207,1.0,-0.027,0.148,-0.157,0.042,0.289,-0.195
23,B2_1,-0.311,0.044,-0.076,-0.011,0.376,0.271,0.043,-0.075,-0.183,-0.027,1.0,0.279,-0.378,0.201,-0.275,0.136
23,B2_2,0.036,0.58,0.219,0.238,-0.032,-0.089,0.107,0.088,0.145,0.148,0.279,1.0,0.14,-0.109,-0.055,0.011
23,B2_3,-0.009,0.226,0.231,0.063,-0.199,-0.362,0.203,0.039,0.073,-0.157,-0.378,0.14,1.0,0.066,0.14,-0.152
23,y1,0.009,-0.289,-0.432,-0.387,0.089,-0.191,-0.367,0.243,0.124,0.042,0.201,-0.109,0.066,1.0,0.183,0.052
23,y2,0.008,0.351,0.117,0.103,-0.29,-0.151,0.405,-0.013,0.141,0.289,-0.275,-0.055,0.14,0.183,1.0,0.199
23,y3,0.441,0.246,-0.153,-0.261,0.152,-0.162,-0.22,-0.04,-0.158,-0.195,0.136,0.011,-0.152,0.052,0.199,1.0
24,.,1.0,-0.102,-0.149,-0.346,-0.218,-0.518,-0.369,0.381,0.171,-0.268,-0.324,0.016,-0.023,0.023,0.021,0.446
24,A1_1,-0.102,1.0,0.304,0.559,-0.031,0.28,0.491,-0.397,-0.004,0.182,0.049,0.583,0.233,-0.296,0.344,0.24
24,A1_2,-0.149,0.304,1.0,0.58,0.126,0.025,0.546,-0.077,-0.191,-0.004,-0.073,0.221,0.235,-0.436,0.112,-0.157
24,A1_3,-0.346,0.559,0.58,1.0,-0.075,0.377,0.497,-0.259,0.332,0.268,-0.005,0.243,0.071,-0.393,0.097,-0.266
24,B1_1,-0.218,-0.031,0.126,-0.075,1.0,0.038,-0.148,-0.391,-0.372,0.062,0.387,-0.018,-0.192,0.083,-0.294,0.14
24,B1_2,-0.518,0.28,0.025,0.377,0.038,1.0,0.474,-0.45,-0.404,0.068,0.287,-0.069,-0.347,-0.198,-0.161,-0.174
