,,.,A1_1,A1_2,A1_3,B1_1,B1_2,B1_3,A2_1,A2_2,A2_3,B2_1,B2_2,B2_3,y1,y2,y3
0,.,1.0,0.686,0.654,0.614,0.703,0.762,0.649,0.581,0.744,0.583,0.6,0.722,0.719,0.736,0.648,0.696
0,A1_1,0.686,1.0,0.734,0.512,0.451,0.35,0.403,0.721,0.772,0.487,0.407,0.491,0.548,0.637,0.629,0.713
0,A1_2,0.654,0.734,1.0,0.691,0.695,0.434,0.73,0.704,0.528,0.604,0.594,0.578,0.563,0.662,0.741,0.737
0,A1_3,0.614,0.512,0.691,1.0,0.76,0.423,0.518,0.473,0.439,0.786,0.502,0.606,0.332,0.659,0.636,0.6
0,B1_1,0.703,0.451,0.695,0.76,1.0,0.692,0.793,0.376,0.321,0.586,0.629,0.738,0.648,0.675,0.742,0.589
0,B1_2,0.762,0.35,0.434,0.423,0.692,1.0,0.688,0.269,0.47,0.386,0.632,0.678,0.777,0.519,0.506,0.557
0,B1_3,0.649,0.403,0.73,0.518,0.793,0.688,1.0,0.413,0.266,0.508,0.695,0.682,0.676,0.709,0.761,0.554
0,A2_1,0.581,0.721,0.704,0.473,0.376,0.269,0.413,1.0,0.622,0.394,0.282,0.256,0.419,0.616,0.483,0.685
0,A2_2,0.744,0.772,0.528,0.439,0.321,0.47,0.266,0.622,1.0,0.505,0.395,0.454,0.521,0.483,0.412,0.628
0,A2_3,0.583,0.487,0.604,0.786,0.586,0.386,0.508,0.394,0.505,1.0,0.669,0.661,0.267,0.617,0.628,0.558
0,B2_1,0.6,0.407,0.594,0.502,0.629,0.632,0.695,0.282,0.395,0.669,1.0,0.776,0.543,0.605,0.762,0.662
0,B2_2,0.722,0.491,0.578,0.606,0.738,0.678,0.682,0.256,0.454,0.661,0.776,1.0,0.567,0.659,0.791,0.703
0,B2_3,0.719,0.548,0.563,0.332,0.648,0.777,0.676,0.419,0.521,0.267,0.543,0.567,1.0,0.579,0.608,0.601
0,y1,0.736,0.637,0.662,0.659,0.675,0.519,0.709,0.616,0.483,0.617,0.605,0.659,0.579,1.0,0.808,0.768
0,y2,0.648,0.629,0.741,0.636,0.742,0.506,0.761,0.483,0.412,0.628,0.762,0.791,0.608,0.808,1.0,0.782
0,y3,0.696,0.713,0.737,0.6,0.589,0.557,0.554,0.685,0.628,0.558,0.662,0.703,0.601,0.768,0.782,1.0
1,.,1.0,0.482,0.448,0.561,0.626,0.716,0.523,0.636,0.631,0.718,0.603,0.669,0.723,0.577,0.501,0.648
1,A1_1,0.482,1.0,0.754,0.589,0.4,0.267,0.247,0.568,0.639,0.674,0.313,0.513,0.307,0.416,0.459,0.471
1,A1_2,0.448,0.754,1.0,0.721,0.545,0.243,0.38,0.541,0.557,0.72,0.346,0.521,0.374,0.383,0.54,0.506
1,A1_3,0.561,0.589,0.721,1.0,0.624,0.28,0.392,0.515,0.671,0.625,0.437,0.479,0.364,0.628,0.674,0.57
1,B1_1,0.626,0.4,0.545,0.624,1.0,0.721,0.853,0.443,0.341,0.521,0.759,0.625,0.625,0.481,0.67,0.44
1,B1_2,0.716,0.267,0.243,0.28,0.721,1.0,0.761,0.488,0.346,0.498,0.643,0.675,0.768,0.334,0.366,0.405
1,B1_3,0.523,0.247,0.38,0.392,0.853,0.761,1.0,0.32,0.156,0.483,0.723,0.651,0.604,0.442,0.597,0.279
1,A2_1,0.636,0.568,0.541,0.515,0.443,0.488,0.32,1.0,0.595,0.555,0.463,0.502,0.583,0.349,0.261,0.621
1,A2_2,0.631,0.639,0.557,0.671,0.341,0.346,0.156,0.595,1.0,0.679,0.311,0.438,0.257,0.284,0.339,0.489
1,A2_3,0.718,0.674,0.72,0.625,0.521,0.498,0.483,0.555,0.679,1.0,0.487,0.642,0.52,0.492,0.486,0.631
1,B2_1,0.603,0.313,0.346,0.437,0.759,0.643,0.723,0.463,0.311,0.487,1.0,0.622,0.547,0.507,0.698,0.617
1,B2_2,0.669,0.513,0.521,0.479,0.625,0.675,0.651,0.502,0.438,0.642,0.622,1.0,0.785,0.558,0.65,0.684
1,B2_3,0.723,0.307,0.374,0.364,0.625,0.768,0.604,0.583,0.257,0.52,0.547,0.785,1.0,0.596,0.451,0.686
1,y1,0.577,0.416,0.383,0.628,0.481,0.334,0.442,0.349,0.284,0.492,0.507,0.558,0.596,1.0,0.715,0.654
1,y2,0.501,0.459,0.54,0.674,0.67,0.366,0.597,0.261,0.339,0.486,0.698,0.65,0.451,0.715,1.0,0.591
1,y3,0.648,0.471,0.506,0.57,0.44,0.405,0.279,0.621,0.489,0.631,0.617,0.684,0.686,0.654,0.591,1.0
2,.,1.0,0.538,0.566,0.478,0.712,0.746,0.582,0.68,0.673,0.5,0.593,0.765,0.738,0.657,0.667,0.683
2,A1_1,0.538,1.0,0.763,0.513,0.524,0.353,0.274,0.608,0.726,0.484,0.414,0.556,0.372,0.504,0.538,0.504
2,A1_2,0.566,0.763,1.0,0.711,0.666,0.351,0.439,0.687,0.532,0.652,0.443,0.635,0.507,0.493,0.62,0.634
2,A1_3,0.478,0.513,0.711,1.0,0.754,0.43,0.499,0.454,0.278,0.856,0.532,0.677,0.396,0.573,0.66,0.517
2,B1_1,0.712,0.524,0.666,0.754,1.0,0.8,0.81,0.565,0.423,0.782,0.765,0.854,0.694,0.542,0.706,0.584
2,B1_2,0.746,0.353,0.351,0.43,0.8,1.0,0.825,0.423,0.464,0.459,0.748,0.78,0.763,0.454,0.583,0.467
2,B1_3,0.582,0.274,0.439,0.499,0.81,0.825,1.0,0.28,0.13,0.552,0.707,0.659,0.716,0.481,0.633,0.385
2,A2_1,0.68,0.608,0.687,0.454,0.565,0.423,0.28,1.0,0.71,0.35,0.394,0.607,0.594,0.475,0.467,0.68
2,A2_2,0.673,0.726,0.532,0.278,0.423,0.464,0.13,0.71,1.0,0.234,0.37,0.577,0.404,0.318,0.36,0.503
2,A2_3,0.5,0.484,0.652,0.856,0.782,0.459,0.552,0.35,0.234,1.0,0.545,0.623,0.296,0.382,0.573,0.38
2,B2_1,0.593,0.414,0.443,0.532,0.765,0.748,0.707,0.394,0.37,0.545,1.0,0.722,0.58,0.55,0.764,0.614
2,B2_2,0.765,0.556,0.635,0.677,0.854,0.78,0.659,0.607,0.577,0.623,0.722,1.0,0.69,0.536,0.693,0.653
2,B2_3,0.738,0.372,0.507,0.396,0.694,0.763,0.716,0.594,0.404,0.296,0.58,0.69,1.0,0.676,0.621,0.699
2,y1,0.657,0.504,0.493,0.573,0.542,0.454,0.481,0.475,0.318,0.382,0.55,0.536,0.676,1.0,0.76,0.761
2,y2,0.667,0.538,0.62,0.66,0.706,0.583,0.633,0.467,0.36,0.573,0.764,0.693,0.621,0.76,1.0,0.73
2,y3,0.683,0.504,0.634,0.517,0.584,0.467,0.385,0.68,0.503,0.38,0.614,0.653,0.699,0.761,0.73,1.0
3,.,1.0,0.653,0.577,0.614,0.679,0.789,0.673,0.546,0.614,0.463,0.658,0.499,0.599,0.658,0.604,0.666
3,A1_1,0.653,1.0,0.835,0.633,0.473,0.487,0.458,0.487,0.607,0.419,0.397,0.402,0.303,0.592,0.593,0.576
3,A1_2,0.577,0.835,1.0,0.646,0.431,0.367,0.4,0.568,0.545,0.391,0.387,0.368,0.258,0.518,0.487,0.647
3,A1_3,0.614,0.633,0.646,1.0,0.581,0.549,0.347,0.844,0.691,0.781,0.593,0.73,0.468,0.518,0.5,0.521
3,B1_1,0.679,0.473,0.431,0.581,1.0,0.815,0.843,0.463,0.232,0.655,0.77,0.685,0.579,0.569,0.752,0.594
3,B1_2,0.789,0.487,0.367,0.549,0.815,1.0,0.766,0.424,0.472,0.556,0.795,0.558,0.75,0.529,0.592,0.598
3,B1_3,0.673,0.458,0.4,0.347,0.843,0.766,1.0,0.312,0.128,0.435,0.652,0.499,0.435,0.615,0.667,0.547
3,A2_1,0.546,0.487,0.568,0.844,0.463,0.424,0.312,1.0,0.659,0.707,0.598,0.659,0.422,0.543,0.464,0.621
3,A2_2,0.614,0.607,0.545,0.691,0.232,0.472,0.128,0.659,1.0,0.493,0.456,0.366,0.437,0.456,0.342,0.526
3,A2_3,0.463,0.419,0.391,0.781,0.655,0.556,0.435,0.707,0.493,1.0,0.62,0.734,0.359,0.295,0.504,0.363
3,B2_1,0.658,0.397,0.387,0.593,0.77,0.795,0.652,0.598,0.456,0.62,1.0,0.736,0.732,0.543,0.666,0.656
3,B2_2,0.499,0.402,0.368,0.73,0.685,0.558,0.499,0.659,0.366,0.734,0.736,1.0,0.615,0.429,0.639,0.483
3,B2_3,0.599,0.303,0.258,0.468,0.579,0.75,0.435,0.422,0.437,0.359,0.732,0.615,1.0,0.396,0.358,0.503
3,y1,0.658,0.592,0.518,0.518,0.569,0.529,0.615,0.543,0.456,0.295,0.543,0.429,0.396,1.0,0.663,0.757
3,y2,0.604,0.593,0.487,0.5,0.752,0.592,0.667,0.464,0.342,0.504,0.666,0.639,0.358,0.663,1.0,0.724
3,y3,0.666,0.576,0.647,0.521,0.594,0.598,0.547,0.621,0.526,0.363,0.656,0.483,0.503,0.757,0.724,1.0
4,.,1.0,0.64,0.536,0.346,0.491,0.748,0.587,0.312,0.396,0.402,0.386,0.43,0.516,0.711,0.682,0.573
4,A1_1,0.64,1.0,0.657,0.505,0.426,0.48,0.408,0.432,0.524,0.515,0.335,0.424,0.332,0.678,0.665,0.653
4,A1_2,0.536,0.657,1.0,0.723,0.592,0.506,0.405,0.73,0.694,0.806,0.405,0.651,0.483,0.337,0.295,0.399
4,A1_3,0.346,0.505,0.723,1.0,0.719,0.487,0.439,0.828,0.846,0.927,0.583,0.748,0.549,0.309,0.298,0.337
4,B1_1,0.491,0.426,0.592,0.719,1.0,0.824,0.729,0.602,0.49,0.801,0.831,0.83,0.74,0.404,0.47,0.421
4,B1_2,0.748,0.48,0.506,0.487,0.824,1.0,0.762,0.361,0.37,0.587,0.708,0.668,0.748,0.534,0.525,0.483
4,B1_3,0.587,0.408,0.405,0.439,0.729,0.762,1.0,0.472,0.227,0.509,0.76,0.669,0.68,0.571,0.576,0.399
4,A2_1,0.312,0.432,0.73,0.828,0.602,0.361,0.472,1.0,0.797,0.785,0.571,0.685,0.57,0.403,0.344,0.413
4,A2_2,0.396,0.524,0.694,0.846,0.49,0.37,0.227,0.797,1.0,0.763,0.355,0.562,0.435,0.341,0.32,0.427
4,A2_3,0.402,0.515,0.806,0.927,0.801,0.587,0.509,0.785,0.763,1.0,0.64,0.819,0.567,0.244,0.297,0.278
4,B2_1,0.386,0.335,0.405,0.583,0.831,0.708,0.76,0.571,0.355,0.64,1.0,0.8,0.767,0.392,0.464,0.369
4,B2_2,0.43,0.424,0.651,0.748,0.83,0.668,0.669,0.685,0.562,0.819,0.8,1.0,0.835,0.248,0.281,0.215
4,B2_3,0.516,0.332,0.483,0.549,0.74,0.748,0.68,0.57,0.435,0.567,0.767,0.835,1.0,0.415,0.291,0.3
4,y1,0.711,0.678,0.337,0.309,0.404,0.534,0.571,0.403,0.341,0.244,0.392,0.248,0.415,1.0,0.838,0.788
4,y2,0.682,0.665,0.295,0.298,0.47,0.525,0.576,0.344,0.32,0.297,0.464,0.281,0.291,0.838,1.0,0.826
4,y3,0.573,0.653,0.399,0.337,0.421,0.483,0.399,0.413,0.427,0.278,0.369,0.215,0.3,0.788,0.826,1.0
5,.,1.0,0.645,0.621,0.704,0.738,0.648,0.703,0.374,0.49,0.294,0.444,0.403,0.411,0.606,0.564,0.534
5,A1_1,0.645,1.0,0.845,0.793,0.638,0.418,0.447,0.383,0.489,0.333,0.226,0.224,0.128,0.641,0.608,0.629
5,A1_2,0.621,0.845,1.0,0.784,0.605,0.318,0.484,0.456,0.488,0.343,0.188,0.216,0.132,0.557,0.515,0.669
5,A1_3,0.704,0.793,0.784,1.0,0.738,0.555,0.434,0.691,0.739,0.665,0.464,0.523,0.391,0.578,0.614,0.575
5,B1_1,0.738,0.638,0.605,0.738,1.0,0.808,0.834,0.355,0.303,0.303,0.533,0.463,0.412,0.76,0.808,0.668
5,B1_2,0.648,0.418,0.318,0.555,0.808,1.0,0.765,0.218,0.214,0.242,0.703,0.522,0.55,0.55,0.693,0.466
5,B1_3,0.703,0.447,0.484,0.434,0.834,0.765,1.0,0.042,-0.037,-0.018,0.415,0.289,0.318,0.589,0.589,0.521
5,A2_1,0.374,0.383,0.456,0.691,0.355,0.218,0.042,1.0,0.864,0.866,0.433,0.568,0.51,0.396,0.39,0.453
5,A2_2,0.49,0.489,0.488,0.739,0.303,0.214,-0.037,0.864,1.0,0.851,0.346,0.49,0.383,0.311,0.334,0.341
5,A2_3,0.294,0.333,0.343,0.665,0.303,0.242,-0.018,0.866,0.851,1.0,0.379,0.577,0.432,0.228,0.295,0.263
5,B2_1,0.444,0.226,0.188,0.464,0.533,0.703,0.415,0.433,0.346,0.379,1.0,0.814,0.827,0.348,0.472,0.36
5,B2_2,0.403,0.224,0.216,0.523,0.463,0.522,0.289,0.568,0.49,0.577,0.814,1.0,0.876,0.223,0.311,0.183
5,B2_3,0.411,0.128,0.132,0.391,0.412,0.55,0.318,0.51,0.383,0.432,0.827,0.876,1.0,0.3,0.247,0.26
5,y1,0.606,0.641,0.557,0.578,0.76,0.55,0.589,0.396,0.311,0.228,0.348,0.223,0.3,1.0,0.806,0.837
5,y2,0.564,0.608,0.515,0.614,0.808,0.693,0.589,0.39,0.334,0.295,0.472,0.311,0.247,0.806,1.0,0.769
5,y3,0.534,0.629,0.669,0.575,0.668,0.466,0.521,0.453,0.341,0.263,0.36,0.183,0.26,0.837,0.769,1.0
6,.,1.0,0.42,0.353,0.376,0.465,0.235,0.367,0.096,0.152,0.275,0.118,0.104,0.166,0.895,0.826,0.846
6,A1_1,0.42,1.0,0.768,0.873,0.662,0.605,0.528,0.67,0.741,0.753,0.61,0.584,0.605,0.365,0.439,0.389
6,A1_2,0.353,0.768,1.0,0.873,0.688,0.625,0.569,0.646,0.738,0.744,0.653,0.58,0.662,0.213,0.277,0.303
6,A1_3,0.376,0.873,0.873,1.0,0.769,0.743,0.604,0.733,0.876,0.842,0.739,0.652,0.758,0.275,0.332,0.334
6,B1_1,0.465,0.662,0.688,0.769,1.0,0.852,0.862,0.664,0.653,0.797,0.81,0.631,0.762,0.412,0.413,0.425
6,B1_2,0.235,0.605,0.625,0.743,0.852,1.0,0.839,0.675,0.771,0.818,0.895,0.828,0.891,0.184,0.216,0.164
6,B1_3,0.367,0.528,0.569,0.604,0.862,0.839,1.0,0.614,0.482,0.757,0.794,0.647,0.732,0.411,0.402,0.365
6,A2_1,0.096,0.67,0.646,0.733,0.664,0.675,0.614,1.0,0.756,0.787,0.779,0.613,0.737,0.033,0.103,0.083
6,A2_2,0.152,0.741,0.738,0.876,0.653,0.771,0.482,0.756,1.0,0.792,0.773,0.761,0.833,0.032,0.074,0.071
6,A2_3,0.275,0.753,0.744,0.842,0.797,0.818,0.757,0.787,0.792,1.0,0.874,0.702,0.742,0.187,0.249,0.266
6,B2_1,0.118,0.61,0.653,0.739,0.81,0.895,0.794,0.779,0.773,0.874,1.0,0.815,0.851,0.092,0.167,0.148
6,B2_2,0.104,0.584,0.58,0.652,0.631,0.828,0.647,0.613,0.761,0.702,0.815,1.0,0.883,0.087,0.143,0.054
6,B2_3,0.166,0.605,0.662,0.758,0.762,0.891,0.732,0.737,0.833,0.742,0.851,0.883,1.0,0.107,0.117,0.094
6,y1,0.895,0.365,0.213,0.275,0.412,0.184,0.411,0.033,0.032,0.187,0.092,0.087,0.107,1.0,0.872,0.902
6,y2,0.826,0.439,0.277,0.332,0.413,0.216,0.402,0.103,0.074,0.249,0.167,0.143,0.117,0.872,1.0,0.904
6,y3,0.846,0.389,0.303,0.334,0.425,0.164,0.365,0.083,0.071,0.266,0.148,0.054,0.094,0.902,0.904,1.0
7,.,1.0,0.393,0.212,0.701,0.519,0.416,0.181,0.275,0.141,0.264,0.153,0.283,0.14,0.856,0.801,0.812
7,A1_1,0.393,1.0,0.81,0.759,0.51,0.577,0.555,0.845,0.786,0.754,0.637,0.65,0.591,0.371,0.333,0.354
7,A1_2,0.212,0.81,1.0,0.669,0.436,0.476,0.642,0.822,0.821,0.778,0.709,0.683,0.666,0.131,0.114,0.185
7,A1_3,0.701,0.759,0.669,1.0,0.57,0.478,0.347,0.574,0.529,0.609,0.409,0.488,0.365,0.643,0.565,0.614
7,B1_1,0.519,0.51,0.436,0.57,1.0,0.761,0.74,0.616,0.434,0.707,0.659,0.629,0.717,0.566,0.507,0.444
7,B1_2,0.416,0.577,0.476,0.478,0.761,1.0,0.772,0.64,0.597,0.666,0.737,0.658,0.771,0.298,0.302,0.178
7,B1_3,0.181,0.555,0.642,0.347,0.74,0.772,1.0,0.771,0.688,0.809,0.928,0.809,0.929,0.161,0.147,0.107
7,A2_1,0.275,0.845,0.822,0.574,0.616,0.64,0.771,1.0,0.765,0.835,0.781,0.675,0.767,0.216,0.166,0.192
7,A2_2,0.141,0.786,0.821,0.529,0.434,0.597,0.688,0.765,1.0,0.822,0.818,0.803,0.747,0.07,0.023,0.072
7,A2_3,0.264,0.754,0.778,0.609,0.707,0.666,0.809,0.835,0.822,1.0,0.871,0.795,0.766,0.21,0.166,0.182
7,B2_1,0.153,0.637,0.709,0.409,0.659,0.737,0.928,0.781,0.818,0.871,1.0,0.848,0.88,0.124,0.117,0.082
7,B2_2,0.283,0.65,0.683,0.488,0.629,0.658,0.809,0.675,0.803,0.795,0.848,1.0,0.842,0.253,0.229,0.192
7,B2_3,0.14,0.591,0.666,0.365,0.717,0.771,0.929,0.767,0.747,0.766,0.88,0.842,1.0,0.1,0.061,0.041
7,y1,0.856,0.371,0.131,0.643,0.566,0.298,0.161,0.216,0.07,0.21,0.124,0.253,0.1,1.0,0.883,0.902
7,y2,0.801,0.333,0.114,0.565,0.507,0.302,0.147,0.166,0.023,0.166,0.117,0.229,0.061,0.883,1.0,0.871
7,y3,0.812,0.354,0.185,0.614,0.444,0.178,0.107,0.192,0.072,0.182,0.082,0.192,0.041,0.902,0.871,1.0
8,.,1.0,0.285,-0.002,-0.038,-0.019,0.036,-0.006,-0.046,0.003,0.091,-0.015,-0.023,-0.098,0.902,0.88,0.85
8,A1_1,0.285,1.0,0.831,0.768,0.693,0.593,0.531,0.787,0.84,0.765,0.667,0.615,0.628,0.262,0.236,0.307
8,A1_2,-0.002,0.831,1.0,0.921,0.784,0.669,0.675,0.899,0.858,0.804,0.755,0.679,0.761,-0.092,-0.076,0.002
8,A1_3,-0.038,0.768,0.921,1.0,0.909,0.853,0.832,0.913,0.883,0.834,0.885,0.825,0.917,-0.112,-0.124,-0.053
8,B1_1,-0.019,0.693,0.784,0.909,1.0,0.91,0.886,0.907,0.821,0.839,0.902,0.862,0.952,-0.062,-0.081,-0.035
8,B1_2,0.036,0.593,0.669,0.853,0.91,1.0,0.939,0.826,0.735,0.797,0.91,0.865,0.931,-0.03,-0.065,-0.044
8,B1_3,-0.006,0.531,0.675,0.832,0.886,0.939,1.0,0.831,0.668,0.83,0.928,0.862,0.916,-0.05,-0.063,-0.052
8,A2_1,-0.046,0.787,0.899,0.913,0.907,0.826,0.831,1.0,0.872,0.906,0.89,0.822,0.87,-0.114,-0.125,-0.061
8,A2_2,0.003,0.84,0.858,0.883,0.821,0.735,0.668,0.872,1.0,0.824,0.808,0.756,0.786,-0.062,-0.098,0.02
8,A2_3,0.091,0.765,0.804,0.834,0.839,0.797,0.83,0.906,0.824,1.0,0.876,0.836,0.792,0.038,0.013,0.105
8,B2_1,-0.015,0.667,0.755,0.885,0.902,0.91,0.928,0.89,0.808,0.876,1.0,0.909,0.923,-0.066,-0.069,-0.018
8,B2_2,-0.023,0.615,0.679,0.825,0.862,0.865,0.862,0.822,0.756,0.836,0.909,1.0,0.901,-0.043,-0.036,-0.02
8,B2_3,-0.098,0.628,0.761,0.917,0.952,0.931,0.916,0.87,0.786,0.792,0.923,0.901,1.0,-0.138,-0.157,-0.113
8,y1,0.902,0.262,-0.092,-0.112,-0.062,-0.03,-0.05,-0.114,-0.062,0.038,-0.066,-0.043,-0.138,1.0,0.912,0.901
8,y2,0.88,0.236,-0.076,-0.124,-0.081,-0.065,-0.063,-0.125,-0.098,0.013,-0.069,-0.036,-0.157,0.912,1.0,0.9
8,y3,0.85,0.307,0.002,-0.053,-0.035,-0.044,-0.052,-0.061,0.02,0.105,-0.018,-0.02,-0.113,0.901,0.9,1.0
9,.,1.0,0.644,0.59,0.37,0.525,0.542,0.659,0.101,0.174,0.139,0.183,0.11,0.174,0.593,0.515,0.546
9,A1_1,0.644,1.0,0.789,0.422,0.492,0.313,0.497,0.192,0.231,0.158,0.042,-0.013,0.008,0.677,0.62,0.673
9,A1_2,0.59,0.789,1.0,0.357,0.531,0.236,0.63,0.087,-0.005,0.023,-0.105,-0.18,-0.114,0.477,0.452,0.613
9,A1_3,0.37,0.422,0.357,1.0,0.651,0.603,0.175,0.664,0.698,0.735,0.548,0.487,0.47,0.368,0.164,0.316
9,B1_1,0.525,0.492,0.531,0.651,1.0,0.749,0.673,0.103,0.13,0.176,0.366,0.222,0.235,0.613,0.496,0.53
9,B1_2,0.542,0.313,0.236,0.603,0.749,1.0,0.467,0.26,0.374,0.361,0.756,0.683,0.698,0.453,0.335,0.359
9,B1_3,0.659,0.497,0.63,0.175,0.673,0.467,1.0,-0.193,-0.253,-0.178,0.038,-0.128,-0.105,0.599,0.571,0.554
9,A2_1,0.101,0.192,0.087,0.664,0.103,0.26,-0.193,1.0,0.89,0.895,0.506,0.573,0.559,0.118,-0.07,0.113
9,A2_2,0.174,0.231,-0.005,0.698,0.13,0.374,-0.253,0.89,1.0,0.915,0.577,0.658,0.602,0.129,-0.046,0.079
9,A2_3,0.139,0.158,0.023,0.735,0.176,0.361,-0.178,0.895,0.915,1.0,0.573,0.611,0.593,0.075,-0.117,0.062
9,B2_1,0.183,0.042,-0.105,0.548,0.366,0.756,0.038,0.506,0.577,0.573,1.0,0.892,0.87,0.167,0.068,0.052
9,B2_2,0.11,-0.013,-0.18,0.487,0.222,0.683,-0.128,0.573,0.658,0.611,0.892,1.0,0.938,0.053,-0.039,-0.033
9,B2_3,0.174,0.008,-0.114,0.47,0.235,0.698,-0.105,0.559,0.602,0.593,0.87,0.938,1.0,0.067,-0.104,-0.004
9,y1,0.593,0.677,0.477,0.368,0.613,0.453,0.599,0.118,0.129,0.075,0.167,0.053,0.067,1.0,0.763,0.861
9,y2,0.515,0.62,0.452,0.164,0.496,0.335,0.571,-0.07,-0.046,-0.117,0.068,-0.039,-0.104,0.763,1.0,0.796
9,y3,0.546,0.673,0.613,0.316,0.53,0.359,0.554,0.113,0.079,0.062,0.052,-0.033,-0.004,0.861,0.796,1.0
10,.,1.0,0.541,0.541,0.258,0.377,0.494,0.713,0.063,0.136,0.126,0.124,0.099,0.193,0.475,0.204,0.402
10,A1_1,0.541,1.0,0.785,0.317,0.319,0.232,0.387,0.171,0.226,0.152,0.037,0.006,0.013,0.618,0.445,0.595
10,A1_2,0.541,0.785,1.0,0.409,0.216,0.051,0.361,0.278,0.227,0.256,-0.157,-0.126,-0.122,0.426,0.194,0.506
10,A1_3,0.258,0.317,0.409,1.0,0.456,0.319,-0.053,0.825,0.805,0.866,0.45,0.521,0.449,0.19,-0.101,0.158
10,B1_1,0.377,0.319,0.216,0.456,1.0,0.745,0.551,0.141,0.126,0.229,0.435,0.489,0.418,0.441,0.41,0.343
10,B1_2,0.494,0.232,0.051,0.319,0.745,1.0,0.621,0.141,0.204,0.245,0.724,0.704,0.748,0.258,0.199,0.205
10,B1_3,0.713,0.387,0.361,-0.053,0.551,0.621,1.0,-0.159,-0.25,-0.13,0.204,0.128,0.206,0.483,0.418,0.43
10,A2_1,0.063,0.171,0.278,0.825,0.141,0.141,-0.159,1.0,0.844,0.887,0.44,0.524,0.492,0.137,-0.182,0.142
10,A2_2,0.136,0.226,0.227,0.805,0.126,0.204,-0.25,0.844,1.0,0.896,0.49,0.521,0.485,0.111,-0.196,0.13
10,A2_3,0.126,0.152,0.256,0.866,0.229,0.245,-0.13,0.887,0.896,1.0,0.488,0.571,0.552,0.047,-0.284,0.045
10,B2_1,0.124,0.037,-0.157,0.45,0.435,0.724,0.204,0.44,0.49,0.488,1.0,0.864,0.831,0.049,0.04,0.057
10,B2_2,0.099,0.006,-0.126,0.521,0.489,0.704,0.128,0.524,0.521,0.571,0.864,1.0,0.906,-0.018,-0.098,-0.057
10,B2_3,0.193,0.013,-0.122,0.449,0.418,0.748,0.206,0.492,0.485,0.552,0.831,0.906,1.0,-0.005,-0.208,-0.04
10,y1,0.475,0.618,0.426,0.19,0.441,0.258,0.483,0.137,0.111,0.047,0.049,-0.018,-0.005,1.0,0.622,0.839
10,y2,0.204,0.445,0.194,-0.101,0.41,0.199,0.418,-0.182,-0.196,-0.284,0.04,-0.098,-0.208,0.622,1.0,0.733
10,y3,0.402,0.595,0.506,0.158,0.343,0.205,0.43,0.142,0.13,0.045,0.057,-0.057,-0.04,0.839,0.733,1.0
11,.,1.0,0.336,0.315,0.412,0.441,0.162,0.224,0.068,0.177,0.404,0.05,0.176,-0.058,0.766,0.694,0.684
11,A1_1,0.336,1.0,0.801,0.846,0.407,0.548,0.398,0.642,0.757,0.599,0.537,0.374,0.501,0.38,0.238,0.36
11,A1_2,0.315,0.801,1.0,0.867,0.37,0.43,0.389,0.662,0.724,0.742,0.452,0.189,0.374,0.275,0.179,0.307
11,A1_3,0.412,0.846,0.867,1.0,0.47,0.601,0.458,0.699,0.874,0.809,0.539,0.303,0.492,0.38,0.234,0.37
11,B1_1,0.441,0.407,0.37,0.47,1.0,0.743,0.826,0.466,0.401,0.668,0.663,0.651,0.53,0.308,0.342,0.254
11,B1_2,0.162,0.548,0.43,0.601,0.743,1.0,0.851,0.758,0.752,0.689,0.868,0.721,0.817,-0.02,-0.054,-0.028
11,B1_3,0.224,0.398,0.389,0.458,0.826,0.851,1.0,0.733,0.539,0.73,0.829,0.744,0.77,0.127,0.102,0.042
11,A2_1,0.068,0.642,0.662,0.699,0.466,0.758,0.733,1.0,0.836,0.777,0.741,0.546,0.769,-0.074,-0.22,-0.098
11,A2_2,0.177,0.757,0.724,0.874,0.401,0.752,0.539,0.836,1.0,0.744,0.679,0.425,0.661,0.096,-0.056,0.087
11,A2_3,0.404,0.599,0.742,0.809,0.668,0.689,0.73,0.777,0.744,1.0,0.647,0.488,0.492,0.29,0.223,0.267
11,B2_1,0.05,0.537,0.452,0.539,0.663,0.868,0.829,0.741,0.679,0.647,1.0,0.731,0.836,0.033,0.007,0.073
11,B2_2,0.176,0.374,0.189,0.303,0.651,0.721,0.744,0.546,0.425,0.488,0.731,1.0,0.721,0.164,0.142,0.101
11,B2_3,-0.058,0.501,0.374,0.492,0.53,0.817,0.77,0.769,0.661,0.492,0.836,0.721,1.0,-0.107,-0.184,-0.126
11,y1,0.766,0.38,0.275,0.38,0.308,-0.02,0.127,-0.074,0.096,0.29,0.033,0.164,-0.107,1.0,0.892,0.898
11,y2,0.694,0.238,0.179,0.234,0.342,-0.054,0.102,-0.22,-0.056,0.223,0.007,0.142,-0.184,0.892,1.0,0.873
11,y3,0.684,0.36,0.307,0.37,0.254,-0.028,0.042,-0.098,0.087,0.267,0.073,0.101,-0.126,0.898,0.873,1.0
12,.,1.0,0.53,0.186,0.058,0.05,0.352,0.348,-0.021,0.01,0.046,0.021,-0.038,0.037,0.434,0.328,0.346
12,A1_1,0.53,1.0,0.352,0.23,0.074,0.172,0.158,0.19,0.186,0.214,0.013,-0.063,-0.047,0.669,0.579,0.595
12,A1_2,0.186,0.352,1.0,0.859,0.357,0.196,0.073,0.861,0.838,0.874,0.341,0.383,0.464,-0.065,-0.292,-0.111
12,A1_3,0.058,0.23,0.859,1.0,0.392,0.195,0.082,0.93,0.906,0.953,0.469,0.477,0.552,-0.02,-0.202,-0.052
12,B1_1,0.05,0.074,0.357,0.392,1.0,0.845,0.747,0.404,0.429,0.44,0.814,0.847,0.766,0.048,-0.068,-0.053
12,B1_2,0.352,0.172,0.196,0.195,0.845,1.0,0.846,0.176,0.26,0.231,0.731,0.76,0.726,0.167,0.016,0.025
12,B1_3,0.348,0.158,0.073,0.082,0.747,0.846,1.0,0.094,0.104,0.121,0.681,0.652,0.56,0.247,0.181,0.056
12,A2_1,-0.021,0.19,0.861,0.93,0.404,0.176,0.094,1.0,0.911,0.899,0.499,0.493,0.566,-0.03,-0.209,-0.047
12,A2_2,0.01,0.186,0.838,0.906,0.429,0.26,0.104,0.911,1.0,0.932,0.535,0.579,0.633,-0.084,-0.279,-0.108
12,A2_3,0.046,0.214,0.874,0.953,0.44,0.231,0.121,0.899,0.932,1.0,0.494,0.499,0.565,-0.064,-0.254,-0.084
12,B2_1,0.021,0.013,0.341,0.469,0.814,0.731,0.681,0.499,0.535,0.494,1.0,0.912,0.876,-0.039,-0.133,-0.127
12,B2_2,-0.038,-0.063,0.383,0.477,0.847,0.76,0.652,0.493,0.579,0.499,0.912,1.0,0.929,-0.132,-0.237,-0.243
12,B2_3,0.037,-0.047,0.464,0.552,0.766,0.726,0.56,0.566,0.633,0.565,0.876,0.929,1.0,-0.101,-0.281,-0.182
12,y1,0.434,0.669,-0.065,-0.02,0.048,0.167,0.247,-0.03,-0.084,-0.064,-0.039,-0.132,-0.101,1.0,0.86,0.89
12,y2,0.328,0.579,-0.292,-0.202,-0.068,0.016,0.181,-0.209,-0.279,-0.254,-0.133,-0.237,-0.281,0.86,1.0,0.873
12,y3,0.346,0.595,-0.111,-0.052,-0.053,0.025,0.056,-0.047,-0.108,-0.084,-0.127,-0.243,-0.182,0.89,0.873,1.0
13,.,1.0,0.472,0.379,0.28,0.067,0.379,0.23,0.058,0.243,0.165,0.119,0.061,0.259,0.361,0.243,0.212
13,A1_1,0.472,1.0,0.672,0.644,0.174,0.179,0.161,0.577,0.715,0.583,0.103,0.029,0.163,0.521,0.456,0.468
13,A1_2,0.379,0.672,1.0,0.931,0.278,0.163,0.176,0.765,0.84,0.839,0.189,0.235,0.323,0.033,-0.133,-0.018
13,A1_3,0.28,0.644,0.931,1.0,0.345,0.184,0.205,0.852,0.91,0.935,0.27,0.296,0.359,0.084,-0.063,0.049
13,B1_1,0.067,0.174,0.278,0.345,1.0,0.803,0.814,0.377,0.332,0.351,0.785,0.769,0.723,0.142,0.174,0.136
13,B1_2,0.379,0.179,0.163,0.184,0.803,1.0,0.799,0.121,0.196,0.176,0.81,0.789,0.815,0.176,0.146,0.113
13,B1_3,0.23,0.161,0.176,0.205,0.814,0.799,1.0,0.231,0.166,0.183,0.721,0.697,0.707,0.265,0.263,0.151
13,A2_1,0.058,0.577,0.765,0.852,0.377,0.121,0.231,1.0,0.879,0.854,0.31,0.264,0.323,0.239,0.116,0.256
13,A2_2,0.243,0.715,0.84,0.91,0.332,0.196,0.166,0.879,1.0,0.909,0.306,0.274,0.328,0.219,0.107,0.219
13,A2_3,0.165,0.583,0.839,0.935,0.351,0.176,0.183,0.854,0.909,1.0,0.32,0.294,0.337,0.072,-0.04,0.107
13,B2_1,0.119,0.103,0.189,0.27,0.785,0.81,0.721,0.31,0.306,0.32,1.0,0.87,0.85,0.041,0.013,0.016
13,B2_2,0.061,0.029,0.235,0.296,0.769,0.789,0.697,0.264,0.274,0.294,0.87,1.0,0.885,-0.177,-0.226,-0.251
13,B2_3,0.259,0.163,0.323,0.359,0.723,0.815,0.707,0.323,0.328,0.337,0.85,0.885,1.0,0.011,-0.1,-0.085
13,y1,0.361,0.521,0.033,0.084,0.142,0.176,0.265,0.239,0.219,0.072,0.041,-0.177,0.011,1.0,0.859,0.888
13,y2,0.243,0.456,-0.133,-0.063,0.174,0.146,0.263,0.116,0.107,-0.04,0.013,-0.226,-0.1,0.859,1.0,0.899
13,y3,0.212,0.468,-0.018,0.049,0.136,0.113,0.151,0.256,0.219,0.107,0.016,-0.251,-0.085,0.888,0.899,1.0
14,.,1.0,0.41,0.318,0.223,-0.018,0.3,0.116,0.047,0.171,0.173,0.146,0.061,0.208,0.309,0.163,0.153
14,A1_1,0.41,1.0,0.661,0.643,0.139,0.157,0.122,0.608,0.672,0.622,0.179,0.075,0.164,0.489,0.388,0.422
14,A1_2,0.318,0.661,1.0,0.882,0.122,0.03,0.014,0.745,0.819,0.87,0.13,0.127,0.16,-0.065,-0.251,-0.108
14,A1_3,0.223,0.643,0.882,1.0,0.264,0.088,0.062,0.847,0.926,0.971,0.289,0.227,0.265,0.094,-0.096,0.054
14,B1_1,-0.018,0.139,0.122,0.264,1.0,0.831,0.818,0.307,0.288,0.277,0.844,0.853,0.781,0.039,0.059,0.039
14,B1_2,0.3,0.157,0.03,0.088,0.831,1.0,0.871,0.051,0.115,0.104,0.795,0.817,0.8,0.132,0.094,0.06
14,B1_3,0.116,0.122,0.014,0.062,0.818,0.871,1.0,0.158,0.096,0.081,0.711,0.775,0.759,0.145,0.149,0.033
14,A2_1,0.047,0.608,0.745,0.847,0.307,0.051,0.158,1.0,0.875,0.834,0.247,0.21,0.257,0.222,0.067,0.191
14,A2_2,0.171,0.672,0.819,0.926,0.288,0.115,0.096,0.875,1.0,0.925,0.309,0.277,0.288,0.112,-0.05,0.066
14,A2_3,0.173,0.622,0.87,0.971,0.277,0.104,0.081,0.834,0.925,1.0,0.28,0.226,0.238,0.06,-0.095,0.054
14,B2_1,0.146,0.179,0.13,0.289,0.844,0.795,0.711,0.247,0.309,0.28,1.0,0.894,0.85,0.002,-0.037,-0.054
14,B2_2,0.061,0.075,0.127,0.227,0.853,0.817,0.775,0.21,0.277,0.226,0.894,1.0,0.891,-0.195,-0.213,-0.269
14,B2_3,0.208,0.164,0.16,0.265,0.781,0.8,0.759,0.257,0.288,0.238,0.85,0.891,1.0,-0.008,-0.063,-0.12
14,y1,0.309,0.489,-0.065,0.094,0.039,0.132,0.145,0.222,0.112,0.06,0.002,-0.195,-0.008,1.0,0.881,0.889
14,y2,0.163,0.388,-0.251,-0.096,0.059,0.094,0.149,0.067,-0.05,-0.095,-0.037,-0.213,-0.063,0.881,1.0,0.911
14,y3,0.153,0.422,-0.108,0.054,0.039,0.06,0.033,0.191,0.066,0.054,-0.054,-0.269,-0.12,0.889,0.911,1.0
15,.,1.0,0.396,0.268,0.211,-0.024,0.306,0.109,0.023,0.146,0.173,0.145,0.023,0.151,0.271,0.084,0.114
15,A1_1,0.396,1.0,0.686,0.633,0.117,0.132,0.016,0.552,0.642,0.605,0.102,0.029,0.089,0.443,0.318,0.386
15,A1_2,0.268,0.686,1.0,0.91,0.135,-0.006,-0.09,0.814,0.873,0.897,0.095,0.102,0.15,-0.04,-0.245,-0.075
15,A1_3,0.211,0.633,0.91,1.0,0.233,0.061,-0.012,0.872,0.927,0.965,0.227,0.22,0.239,0.064,-0.142,0.012
15,B1_1,-0.024,0.117,0.135,0.233,1.0,0.825,0.854,0.286,0.294,0.298,0.831,0.858,0.806,0.006,-0.025,-0.004
15,B1_2,0.306,0.132,-0.006,0.061,0.825,1.0,0.905,0.017,0.095,0.113,0.816,0.809,0.825,0.118,0.019,0.014
15,B1_3,0.109,0.016,-0.09,-0.012,0.854,0.905,1.0,0.032,0.015,0.045,0.761,0.781,0.772,0.106,0.051,-0.006
15,A2_1,0.023,0.552,0.814,0.872,0.286,0.017,0.032,1.0,0.902,0.846,0.195,0.24,0.252,0.124,-0.052,0.101
15,A2_2,0.146,0.642,0.873,0.927,0.294,0.095,0.015,0.902,1.0,0.919,0.25,0.281,0.269,0.058,-0.132,0.012
15,A2_3,0.173,0.605,0.897,0.965,0.298,0.113,0.045,0.846,0.919,1.0,0.26,0.258,0.246,0.024,-0.147,0.015
15,B2_1,0.145,0.102,0.095,0.227,0.831,0.816,0.761,0.195,0.25,0.26,1.0,0.921,0.88,-0.027,-0.104,-0.094
15,B2_2,0.023,0.029,0.102,0.22,0.858,0.809,0.781,0.24,0.281,0.258,0.921,1.0,0.907,-0.134,-0.202,-0.229
15,B2_3,0.151,0.089,0.15,0.239,0.806,0.825,0.772,0.252,0.269,0.246,0.88,0.907,1.0,-0.014,-0.128,-0.142
15,y1,0.271,0.443,-0.04,0.064,0.006,0.118,0.106,0.124,0.058,0.024,-0.027,-0.134,-0.014,1.0,0.868,0.887
15,y2,0.084,0.318,-0.245,-0.142,-0.025,0.019,0.051,-0.052,-0.132,-0.147,-0.104,-0.202,-0.128,0.868,1.0,0.916
15,y3,0.114,0.386,-0.075,0.012,-0.004,0.014,-0.006,0.101,0.012,0.015,-0.094,-0.229,-0.142,0.887,0.916,1.0
16,.,1.0,0.403,0.3,0.208,0.052,0.319,0.099,0.018,0.126,0.191,0.129,0.011,0.152,0.245,0.042,0.097
16,A1_1,0.403,1.0,0.708,0.604,0.085,0.114,-0.024,0.524,0.585,0.596,0.077,-0.024,0.028,0.472,0.292,0.405
16,A1_2,0.3,0.708,1.0,0.901,0.114,-0.018,-0.151,0.809,0.865,0.91,0.089,0.057,0.129,0.014,-0.215,-0.026
16,A1_3,0.208,0.604,0.901,1.0,0.21,0.041,-0.064,0.871,0.911,0.964,0.212,0.197,0.24,0.06,-0.164,-0.003
16,B1_1,0.052,0.085,0.114,0.21,1.0,0.842,0.838,0.245,0.294,0.282,0.88,0.874,0.806,0.011,-0.064,-0.011
16,B1_2,0.319,0.114,-0.018,0.041,0.842,1.0,0.885,-0.003,0.09,0.096,0.843,0.813,0.814,0.114,-0.012,0.02
16,B1_3,0.099,-0.024,-0.151,-0.064,0.838,0.885,1.0,-0.023,-0.024,-0.0,0.773,0.773,0.724,0.129,0.067,0.036
16,A2_1,0.018,0.524,0.809,0.871,0.245,-0.003,-0.023,1.0,0.909,0.855,0.181,0.216,0.237,0.097,-0.103,0.069
16,A2_2,0.126,0.585,0.865,0.911,0.294,0.09,-0.024,0.909,1.0,0.921,0.252,0.279,0.29,0.035,-0.188,-0.021
16,A2_3,0.191,0.596,0.91,0.964,0.282,0.096,-0.0,0.855,0.921,1.0,0.246,0.235,0.244,0.032,-0.175,0.003
16,B2_1,0.129,0.077,0.089,0.212,0.88,0.843,0.773,0.181,0.252,0.246,1.0,0.923,0.879,-0.029,-0.115,-0.08
16,B2_2,0.011,-0.024,0.057,0.197,0.874,0.813,0.773,0.216,0.279,0.235,0.923,1.0,0.915,-0.126,-0.207,-0.212
16,B2_3,0.152,0.028,0.129,0.24,0.806,0.814,0.724,0.237,0.29,0.244,0.879,0.915,1.0,-0.038,-0.169,-0.159
16,y1,0.245,0.472,0.014,0.06,0.011,0.114,0.129,0.097,0.035,0.032,-0.029,-0.126,-0.038,1.0,0.864,0.896
16,y2,0.042,0.292,-0.215,-0.164,-0.064,-0.012,0.067,-0.103,-0.188,-0.175,-0.115,-0.207,-0.169,0.864,1.0,0.914
16,y3,0.097,0.405,-0.026,-0.003,-0.011,0.02,0.036,0.069,-0.021,0.003,-0.08,-0.212,-0.159,0.896,0.914,1.0
17,.,1.0,0.405,0.173,0.144,-0.048,0.261,0.027,-0.033,0.076,0.129,0.101,0.004,0.095,0.222,0.027,0.073
17,A1_1,0.405,1.0,0.629,0.615,0.094,0.131,-0.002,0.527,0.614,0.598,0.094,0.01,0.02,0.428,0.224,0.321
17,A1_2,0.173,0.629,1.0,0.926,0.191,-0.028,-0.084,0.872,0.918,0.93,0.099,0.13,0.167,-0.094,-0.338,-0.151
17,A1_3,0.144,0.615,0.926,1.0,0.242,0.017,-0.032,0.884,0.929,0.975,0.183,0.192,0.208,0.008,-0.219,-0.059
17,B1_1,-0.048,0.094,0.191,0.242,1.0,0.824,0.849,0.284,0.296,0.268,0.898,0.906,0.859,-0.103,-0.115,-0.103
17,B1_2,0.261,0.131,-0.028,0.017,0.824,1.0,0.874,-0.004,0.048,0.039,0.85,0.829,0.837,0.065,-0.002,-0.016
17,B1_3,0.027,-0.002,-0.084,-0.032,0.849,0.874,1.0,0.023,0.001,-0.001,0.772,0.783,0.75,0.068,0.065,-0.008
17,A2_1,-0.033,0.527,0.872,0.884,0.284,-0.004,0.023,1.0,0.92,0.868,0.162,0.206,0.215,0.04,-0.161,0.002
17,A2_2,0.076,0.614,0.918,0.929,0.296,0.048,0.001,0.92,1.0,0.926,0.185,0.23,0.22,-0.013,-0.244,-0.079
17,A2_3,0.129,0.598,0.93,0.975,0.268,0.039,-0.001,0.868,0.926,1.0,0.192,0.201,0.198,-0.017,-0.221,-0.047
17,B2_1,0.101,0.094,0.099,0.183,0.898,0.85,0.772,0.162,0.185,0.192,1.0,0.932,0.882,-0.089,-0.11,-0.114
17,B2_2,0.004,0.01,0.13,0.192,0.906,0.829,0.783,0.206,0.23,0.201,0.932,1.0,0.926,-0.196,-0.213,-0.253
17,B2_3,0.095,0.02,0.167,0.208,0.859,0.837,0.75,0.215,0.22,0.198,0.882,0.926,1.0,-0.116,-0.17,-0.196
17,y1,0.222,0.428,-0.094,0.008,-0.103,0.065,0.068,0.04,-0.013,-0.017,-0.089,-0.196,-0.116,1.0,0.872,0.9
17,y2,0.027,0.224,-0.338,-0.219,-0.115,-0.002,0.065,-0.161,-0.244,-0.221,-0.11,-0.213,-0.17,0.872,1.0,0.914
17,y3,0.073,0.321,-0.151,-0.059,-0.103,-0.016,-0.008,0.002,-0.079,-0.047,-0.114,-0.253,-0.196,0.9,0.914,1.0
18,.,1.0,0.399,0.219,0.164,-0.079,0.258,0.135,-0.009,0.114,0.155,0.103,-0.02,0.056,0.143,-0.034,-0.009
18,A1_1,0.399,1.0,0.611,0.586,-0.026,0.055,-0.085,0.512,0.607,0.566,-0.002,-0.073,-0.059,0.484,0.285,0.389
18,A1_2,0.219,0.611,1.0,0.876,0.037,-0.112,-0.227,0.821,0.87,0.891,-0.02,0.025,0.069,-0.1,-0.326,-0.14
18,A1_3,0.164,0.586,0.876,1.0,0.148,-0.035,-0.152,0.88,0.913,0.964,0.14,0.158,0.16,0.027,-0.18,-0.026
18,B1_1,-0.079,-0.026,0.037,0.148,1.0,0.833,0.841,0.247,0.223,0.187,0.866,0.909,0.878,-0.048,-0.105,-0.067
18,B1_2,0.258,0.055,-0.112,-0.035,0.833,1.0,0.92,-0.047,0.008,0.005,0.854,0.827,0.84,0.049,-0.032,-0.027
18,B1_3,0.135,-0.085,-0.227,-0.152,0.841,0.92,1.0,-0.091,-0.109,-0.102,0.798,0.787,0.77,0.081,0.052,0.011
18,A2_1,-0.009,0.512,0.821,0.88,0.247,-0.047,-0.091,1.0,0.918,0.861,0.117,0.186,0.187,0.038,-0.149,0.012
18,A2_2,0.114,0.607,0.87,0.913,0.223,0.008,-0.109,0.918,1.0,0.918,0.142,0.2,0.182,-0.004,-0.22,-0.06
18,A2_3,0.155,0.566,0.891,0.964,0.187,0.005,-0.102,0.861,0.918,1.0,0.16,0.191,0.166,-0.014,-0.204,-0.042
18,B2_1,0.103,-0.002,-0.02,0.14,0.866,0.854,0.798,0.117,0.142,0.16,1.0,0.925,0.875,-0.09,-0.139,-0.118
18,B2_2,-0.02,-0.073,0.025,0.158,0.909,0.827,0.787,0.186,0.2,0.191,0.925,1.0,0.925,-0.19,-0.223,-0.243
18,B2_3,0.056,-0.059,0.069,0.16,0.878,0.84,0.77,0.187,0.182,0.166,0.875,0.925,1.0,-0.147,-0.212,-0.217
18,y1,0.143,0.484,-0.1,0.027,-0.048,0.049,0.081,0.038,-0.004,-0.014,-0.09,-0.19,-0.147,1.0,0.892,0.92
18,y2,-0.034,0.285,-0.326,-0.18,-0.105,-0.032,0.052,-0.149,-0.22,-0.204,-0.139,-0.223,-0.212,0.892,1.0,0.927
18,y3,-0.009,0.389,-0.14,-0.026,-0.067,-0.027,0.011,0.012,-0.06,-0.042,-0.118,-0.243,-0.217,0.92,0.927,1.0
19,.,1.0,0.374,0.173,0.166,-0.047,0.254,0.076,0.012,0.118,0.151,0.071,-0.003,0.035,0.15,-0.025,0.026
19,A1_1,0.374,1.0,0.632,0.608,0.029,0.028,-0.065,0.538,0.644,0.607,0.019,-0.045,-0.059,0.408,0.211,0.331
19,A1_2,0.173,0.632,1.0,0.927,0.122,-0.102,-0.138,0.885,0.928,0.933,0.016,0.076,0.11,-0.091,-0.324,-0.132
19,A1_3,0.166,0.608,0.927,1.0,0.162,-0.068,-0.111,0.878,0.92,0.97,0.096,0.126,0.139,-0.007,-0.215,-0.051
19,B1_1,-0.047,0.029,0.122,0.162,1.0,0.844,0.86,0.232,0.219,0.197,0.921,0.937,0.907,-0.142,-0.174,-0.159
19,B1_2,0.254,0.028,-0.102,-0.068,0.844,1.0,0.889,-0.068,-0.034,-0.035,0.865,0.841,0.848,0.016,-0.042,-0.045
19,B1_3,0.076,-0.065,-0.138,-0.111,0.86,0.889,1.0,-0.025,-0.061,-0.063,0.813,0.793,0.784,0.035,0.027,-0.026
19,A2_1,0.012,0.538,0.885,0.878,0.232,-0.068,-0.025,1.0,0.919,0.871,0.093,0.168,0.178,0.007,-0.191,-0.02
19,A2_2,0.118,0.644,0.928,0.92,0.219,-0.034,-0.061,0.919,1.0,0.925,0.099,0.164,0.155,-0.032,-0.266,-0.09
19,A2_3,0.151,0.607,0.933,0.97,0.197,-0.035,-0.063,0.871,0.925,1.0,0.115,0.15,0.138,-0.04,-0.227,-0.064
19,B2_1,0.071,0.019,0.016,0.096,0.921,0.865,0.813,0.093,0.099,0.115,1.0,0.929,0.875,-0.129,-0.139,-0.135
19,B2_2,-0.003,-0.045,0.076,0.126,0.937,0.841,0.793,0.168,0.164,0.15,0.929,1.0,0.942,-0.226,-0.24,-0.27
19,B2_3,0.035,-0.059,0.11,0.139,0.907,0.848,0.784,0.178,0.155,0.138,0.875,0.942,1.0,-0.179,-0.227,-0.225
19,y1,0.15,0.408,-0.091,-0.007,-0.142,0.016,0.035,0.007,-0.032,-0.04,-0.129,-0.226,-0.179,1.0,0.889,0.932
19,y2,-0.025,0.211,-0.324,-0.215,-0.174,-0.042,0.027,-0.191,-0.266,-0.227,-0.139,-0.24,-0.227,0.889,1.0,0.918
19,y3,0.026,0.331,-0.132,-0.051,-0.159,-0.045,-0.026,-0.02,-0.09,-0.064,-0.135,-0.27,-0.225,0.932,0.918,1.0
20,.,1.0,0.337,0.177,0.144,-0.076,0.214,0.052,-0.019,0.085,0.137,0.069,-0.01,0.029,0.128,-0.032,-0.001
20,A1_1,0.337,1.0,0.663,0.635,-0.019,0.034,-0.11,0.545,0.644,0.624,-0.019,-0.05,-0.061,0.384,0.189,0.284
20,A1_2,0.177,0.663,1.0,0.888,0.033,-0.122,-0.172,0.854,0.896,0.901,-0.032,0.022,0.06,-0.109,-0.324,-0.153
20,A1_3,0.144,0.635,0.888,1.0,0.13,-0.038,-0.11,0.876,0.928,0.972,0.113,0.136,0.148,0.002,-0.198,-0.05
20,B1_1,-0.076,-0.019,0.033,0.13,1.0,0.858,0.887,0.225,0.21,0.158,0.899,0.914,0.893,-0.099,-0.172,-0.135
20,B1_2,0.214,0.034,-0.122,-0.038,0.858,1.0,0.9,-0.036,0.011,-0.006,0.865,0.852,0.856,0.031,-0.056,-0.05
20,B1_3,0.052,-0.11,-0.172,-0.11,0.887,0.9,1.0,-0.019,-0.043,-0.062,0.814,0.811,0.798,0.013,-0.032,-0.062
20,A2_1,-0.019,0.545,0.854,0.876,0.225,-0.036,-0.019,1.0,0.924,0.871,0.103,0.173,0.176,-0.021,-0.214,-0.055
20,A2_2,0.085,0.644,0.896,0.928,0.21,0.011,-0.043,0.924,1.0,0.932,0.13,0.188,0.176,-0.044,-0.259,-0.103
20,A2_3,0.137,0.624,0.901,0.972,0.158,-0.006,-0.062,0.871,0.932,1.0,0.134,0.156,0.15,-0.026,-0.212,-0.059
20,B2_1,0.069,-0.019,-0.032,0.113,0.899,0.865,0.814,0.103,0.13,0.134,1.0,0.931,0.874,-0.121,-0.174,-0.15
20,B2_2,-0.01,-0.05,0.022,0.136,0.914,0.852,0.811,0.173,0.188,0.156,0.931,1.0,0.942,-0.21,-0.255,-0.27
20,B2_3,0.029,-0.061,0.06,0.148,0.893,0.856,0.798,0.176,0.176,0.15,0.874,0.942,1.0,-0.188,-0.256,-0.256
20,y1,0.128,0.384,-0.109,0.002,-0.099,0.031,0.013,-0.021,-0.044,-0.026,-0.121,-0.21,-0.188,1.0,0.902,0.934
20,y2,-0.032,0.189,-0.324,-0.198,-0.172,-0.056,-0.032,-0.214,-0.259,-0.212,-0.174,-0.255,-0.256,0.902,1.0,0.933
20,y3,-0.001,0.284,-0.153,-0.05,-0.135,-0.05,-0.062,-0.055,-0.103,-0.059,-0.15,-0.27,-0.256,0.934,0.933,1.0
21,.,1.0,0.38,0.173,0.159,-0.08,0.234,0.114,0.006,0.116,0.141,0.035,-0.018,0.013,0.122,-0.035,0.004
21,A1_1,0.38,1.0,0.628,0.586,-0.018,0.022,-0.081,0.494,0.611,0.586,-0.034,-0.074,-0.117,0.443,0.242,0.361
21,A1_2,0.173,0.628,1.0,0.908,0.044,-0.134,-0.208,0.873,0.922,0.912,-0.047,0.03,0.049,-0.084,-0.309,-0.12
21,A1_3,0.159,0.586,0.908,1.0,0.116,-0.071,-0.155,0.871,0.935,0.969,0.078,0.127,0.127,0.002,-0.209,-0.047
21,B1_1,-0.08,-0.018,0.044,0.116,1.0,0.841,0.847,0.217,0.182,0.163,0.899,0.898,0.877,-0.125,-0.187,-0.147
21,B1_2,0.234,0.022,-0.134,-0.071,0.841,1.0,0.903,-0.059,-0.027,-0.03,0.852,0.837,0.843,0.014,-0.062,-0.048
21,B1_3,0.114,-0.081,-0.208,-0.155,0.847,0.903,1.0,-0.07,-0.106,-0.096,0.808,0.771,0.757,0.062,0.039,-0.003
21,A2_1,0.006,0.494,0.873,0.871,0.217,-0.059,-0.07,1.0,0.921,0.873,0.09,0.185,0.166,-0.033,-0.242,-0.066
21,A2_2,0.116,0.611,0.922,0.935,0.182,-0.027,-0.106,0.921,1.0,0.942,0.098,0.172,0.149,-0.039,-0.27,-0.091
21,A2_3,0.141,0.586,0.912,0.969,0.163,-0.03,-0.096,0.873,0.942,1.0,0.113,0.157,0.135,-0.026,-0.217,-0.054
21,B2_1,0.035,-0.034,-0.047,0.078,0.899,0.852,0.808,0.09,0.098,0.113,1.0,0.917,0.868,-0.154,-0.186,-0.163
21,B2_2,-0.018,-0.074,0.03,0.127,0.898,0.837,0.771,0.185,0.172,0.157,0.917,1.0,0.944,-0.228,-0.271,-0.282
21,B2_3,0.013,-0.117,0.049,0.127,0.877,0.843,0.757,0.166,0.149,0.135,0.868,0.944,1.0,-0.216,-0.278,-0.265
21,y1,0.122,0.443,-0.084,0.002,-0.125,0.014,0.062,-0.033,-0.039,-0.026,-0.154,-0.228,-0.216,1.0,0.895,0.937
21,y2,-0.035,0.242,-0.309,-0.209,-0.187,-0.062,0.039,-0.242,-0.27,-0.217,-0.186,-0.271,-0.278,0.895,1.0,0.926
21,y3,0.004,0.361,-0.12,-0.047,-0.147,-0.048,-0.003,-0.066,-0.091,-0.054,-0.163,-0.282,-0.265,0.937,0.926,1.0
22,.,1.0,0.348,0.13,0.12,-0.067,0.237,-0.019,-0.031,0.063,0.113,0.035,0.006,0.036,0.139,-0.019,0.034
22,A1_1,0.348,1.0,0.632,0.635,0.018,0.055,-0.056,0.543,0.644,0.639,0.031,-0.007,-0.035,0.329,0.085,0.239
22,A1_2,0.13,0.632,1.0,0.923,0.054,-0.115,-0.148,0.87,0.922,0.936,0.003,0.074,0.116,-0.149,-0.392,-0.18
22,A1_3,0.12,0.635,0.923,1.0,0.119,-0.065,-0.087,0.873,0.929,0.975,0.088,0.136,0.162,-0.042,-0.26,-0.073
22,B1_1,-0.067,0.018,0.054,0.119,1.0,0.835,0.89,0.19,0.183,0.149,0.936,0.916,0.884,-0.206,-0.232,-0.201
22,B1_2,0.237,0.055,-0.115,-0.065,0.835,1.0,0.854,-0.054,-0.018,-0.036,0.853,0.846,0.842,-0.038,-0.087,-0.086
22,B1_3,-0.019,-0.056,-0.148,-0.087,0.89,0.854,1.0,0.006,-0.029,-0.044,0.829,0.802,0.781,-0.047,-0.038,-0.085
22,A2_1,-0.031,0.543,0.87,0.873,0.19,-0.054,0.006,1.0,0.926,0.873,0.099,0.186,0.197,-0.079,-0.298,-0.095
22,A2_2,0.063,0.644,0.922,0.929,0.183,-0.018,-0.029,0.926,1.0,0.934,0.107,0.188,0.186,-0.092,-0.345,-0.136
22,A2_3,0.113,0.639,0.936,0.975,0.149,-0.036,-0.044,0.873,0.934,1.0,0.107,0.149,0.159,-0.067,-0.271,-0.078
22,B2_1,0.035,0.031,0.003,0.088,0.936,0.853,0.829,0.099,0.107,0.107,1.0,0.923,0.869,-0.191,-0.194,-0.185
22,B2_2,0.006,-0.007,0.074,0.136,0.916,0.846,0.802,0.186,0.188,0.149,0.923,1.0,0.947,-0.28,-0.291,-0.313
22,B2_3,0.036,-0.035,0.116,0.162,0.884,0.842,0.781,0.197,0.186,0.159,0.869,0.947,1.0,-0.245,-0.279,-0.28
22,y1,0.139,0.329,-0.149,-0.042,-0.206,-0.038,-0.047,-0.079,-0.092,-0.067,-0.191,-0.28,-0.245,1.0,0.884,0.943
22,y2,-0.019,0.085,-0.392,-0.26,-0.232,-0.087,-0.038,-0.298,-0.345,-0.271,-0.194,-0.291,-0.279,0.884,1.0,0.915
22,y3,0.034,0.239,-0.18,-0.073,-0.201,-0.086,-0.085,-0.095,-0.136,-0.078,-0.185,-0.313,-0.28,0.943,0.915,1.0
23,.,1.0,0.343,0.131,0.132,-0.052,0.223,0.047,-0.022,0.082,0.125,0.033,0.004,0.035,0.128,-0.025,0.028
23,A1_1,0.343,1.0,0.639,0.632,0.019,0.031,-0.056,0.532,0.651,0.642,0.002,-0.026,-0.064,0.349,0.107,0.272
23,A1_2,0.131,0.639,1.0,0.924,0.117,-0.096,-0.099,0.893,0.95,0.938,0.014,0.102,0.124,-0.149,-0.401,-0.169
23,A1_3,0.132,0.632,0.924,1.0,0.135,-0.091,-0.094,0.873,0.932,0.972,0.062,0.12,0.136,-0.053,-0.276,-0.069
23,B1_1,-0.052,0.019,0.117,0.135,1.0,0.839,0.872,0.203,0.192,0.175,0.927,0.925,0.897,-0.199,-0.233,-0.211
23,B1_2,0.223,0.031,-0.096,-0.091,0.839,1.0,0.877,-0.073,-0.045,-0.05,0.849,0.844,0.845,-0.025,-0.079,-0.066
23,B1_3,0.047,-0.056,-0.099,-0.094,0.872,0.877,1.0,0.007,-0.035,-0.038,0.842,0.808,0.795,-0.02,-0.02,-0.062
23,A2_1,-0.022,0.532,0.893,0.873,0.203,-0.073,0.007,1.0,0.923,0.874,0.077,0.177,0.171,-0.094,-0.317,-0.096
23,A2_2,0.082,0.651,0.95,0.932,0.192,-0.045,-0.035,0.923,1.0,0.942,0.079,0.165,0.154,-0.099,-0.35,-0.127
23,A2_3,0.125,0.642,0.938,0.972,0.175,-0.05,-0.038,0.874,0.942,1.0,0.092,0.14,0.14,-0.067,-0.271,-0.066
23,B2_1,0.033,0.002,0.014,0.062,0.927,0.849,0.842,0.077,0.079,0.092,1.0,0.914,0.878,-0.187,-0.188,-0.178
23,B2_2,0.004,-0.026,0.102,0.12,0.925,0.844,0.808,0.177,0.165,0.14,0.914,1.0,0.948,-0.271,-0.297,-0.307
23,B2_3,0.035,-0.064,0.124,0.136,0.897,0.845,0.795,0.171,0.154,0.14,0.878,0.948,1.0,-0.247,-0.293,-0.273
23,y1,0.128,0.349,-0.149,-0.053,-0.199,-0.025,-0.02,-0.094,-0.099,-0.067,-0.187,-0.271,-0.247,1.0,0.875,0.941
23,y2,-0.025,0.107,-0.401,-0.276,-0.233,-0.079,-0.02,-0.317,-0.35,-0.271,-0.188,-0.297,-0.293,0.875,1.0,0.912
23,y3,0.028,0.272,-0.169,-0.069,-0.211,-0.066,-0.062,-0.096,-0.127,-0.066,-0.178,-0.307,-0.273,0.941,0.912,1.0
24,.,1.0,0.276,0.15,0.142,-0.08,0.195,0.05,-0.014,0.077,0.146,0.043,0.009,0.036,0.104,-0.061,0.013
24,A1_1,0.276,1.0,0.661,0.652,-0.035,-0.037,-0.096,0.572,0.673,0.659,-0.043,-0.051,-0.069,0.333,0.077,0.23
24,A1_2,0.15,0.661,1.0,0.908,0.027,-0.126,-0.132,0.855,0.913,0.922,-0.027,0.062,0.111,-0.178,-0.427,-0.219
24,A1_3,0.142,0.652,0.908,1.0,0.082,-0.097,-0.097,0.874,0.924,0.974,0.058,0.116,0.149,-0.055,-0.274,-0.094
24,B1_1,-0.08,-0.035,0.027,0.082,1.0,0.848,0.894,0.189,0.156,0.116,0.922,0.903,0.88,-0.18,-0.224,-0.182
24,B1_2,0.195,-0.037,-0.126,-0.097,0.848,1.0,0.898,-0.063,-0.047,-0.057,0.861,0.851,0.848,-0.066,-0.121,-0.096
