,,.,A1_1,A1_2,A1_3,B1_1,B1_2,B1_3,A2_1,A2_2,A2_3,B2_1,B2_2,B2_3,y1,y2,y3
0,.,1.0,0.694,0.677,0.825,0.847,0.735,0.863,0.819,0.905,0.852,0.813,0.892,0.913,0.913,0.933,0.891
0,A1_1,0.694,1.0,0.711,0.562,0.692,0.684,0.696,0.633,0.777,0.754,0.65,0.628,0.69,0.69,0.774,0.754
0,A1_2,0.677,0.711,1.0,0.827,0.87,0.711,0.834,0.832,0.783,0.81,0.806,0.841,0.786,0.775,0.742,0.76
0,A1_3,0.825,0.562,0.827,1.0,0.842,0.838,0.842,0.941,0.734,0.869,0.869,0.899,0.832,0.829,0.823,0.857
0,B1_1,0.847,0.692,0.87,0.842,1.0,0.726,0.943,0.831,0.932,0.83,0.817,0.943,0.933,0.868,0.898,0.808
0,B1_2,0.735,0.684,0.711,0.838,0.726,1.0,0.765,0.764,0.664,0.819,0.78,0.746,0.782,0.827,0.843,0.803
0,B1_3,0.863,0.696,0.834,0.842,0.943,0.765,1.0,0.832,0.911,0.855,0.867,0.966,0.944,0.901,0.931,0.857
0,A2_1,0.819,0.633,0.832,0.941,0.831,0.764,0.832,1.0,0.748,0.906,0.825,0.886,0.824,0.786,0.794,0.782
0,A2_2,0.905,0.777,0.783,0.734,0.932,0.664,0.911,0.748,1.0,0.857,0.814,0.906,0.94,0.889,0.928,0.816
0,A2_3,0.852,0.754,0.81,0.869,0.83,0.819,0.855,0.906,0.857,1.0,0.906,0.891,0.89,0.835,0.866,0.779
0,B2_1,0.813,0.65,0.806,0.869,0.817,0.78,0.867,0.825,0.814,0.906,1.0,0.922,0.89,0.845,0.822,0.805
0,B2_2,0.892,0.628,0.841,0.899,0.943,0.746,0.966,0.886,0.906,0.891,0.922,1.0,0.968,0.902,0.9,0.844
0,B2_3,0.913,0.69,0.786,0.832,0.933,0.782,0.944,0.824,0.94,0.89,0.89,0.968,1.0,0.941,0.939,0.836
0,y1,0.913,0.69,0.775,0.829,0.868,0.827,0.901,0.786,0.889,0.835,0.845,0.902,0.941,1.0,0.953,0.891
0,y2,0.933,0.774,0.742,0.823,0.898,0.843,0.931,0.794,0.928,0.866,0.822,0.9,0.939,0.953,1.0,0.91
0,y3,0.891,0.754,0.76,0.857,0.808,0.803,0.857,0.782,0.816,0.779,0.805,0.844,0.836,0.891,0.91,1.0
500,.,1.0,0.17,0.203,0.229,-0.011,0.068,0.002,0.218,0.26,0.26,-0.072,-0.05,-0.049,-0.41,-0.397,-0.408
500,A1_1,0.17,1.0,0.926,0.926,-0.106,-0.146,-0.117,0.896,0.912,0.978,-0.055,-0.099,-0.147,-0.054,-0.056,-0.036
500,A1_2,0.203,0.926,1.0,0.949,-0.265,-0.302,-0.289,0.992,0.982,0.917,-0.258,-0.281,-0.3,-0.162,-0.182,-0.142
500,A1_3,0.229,0.926,0.949,1.0,-0.154,-0.188,-0.17,0.923,0.976,0.959,-0.164,-0.172,-0.19,-0.092,-0.111,-0.082
500,B1_1,-0.011,-0.106,-0.265,-0.154,1.0,0.945,0.98,-0.294,-0.18,-0.097,0.972,0.992,0.992,0.2,0.216,0.168
500,B1_2,0.068,-0.146,-0.302,-0.188,0.945,1.0,0.918,-0.312,-0.21,-0.122,0.941,0.921,0.929,0.07,0.091,0.032
500,B1_3,0.002,-0.117,-0.289,-0.17,0.98,0.918,1.0,-0.327,-0.208,-0.101,0.958,0.987,0.965,0.181,0.206,0.161
500,A2_1,0.218,0.896,0.992,0.923,-0.294,-0.312,-0.327,1.0,0.97,0.878,-0.278,-0.314,-0.323,-0.195,-0.216,-0.18
500,A2_2,0.26,0.912,0.982,0.976,-0.18,-0.21,-0.208,0.97,1.0,0.931,-0.197,-0.206,-0.216,-0.192,-0.216,-0.183
500,A2_3,0.26,0.978,0.917,0.959,-0.097,-0.122,-0.101,0.878,0.931,1.0,-0.079,-0.1,-0.149,-0.117,-0.122,-0.099
500,B2_1,-0.072,-0.055,-0.258,-0.164,0.972,0.941,0.958,-0.278,-0.197,-0.079,1.0,0.98,0.967,0.23,0.257,0.2
500,B2_2,-0.05,-0.099,-0.281,-0.172,0.992,0.921,0.987,-0.314,-0.206,-0.1,0.98,1.0,0.985,0.22,0.243,0.194
500,B2_3,-0.049,-0.147,-0.3,-0.19,0.992,0.929,0.965,-0.323,-0.216,-0.149,0.967,0.985,1.0,0.255,0.272,0.217
500,y1,-0.41,-0.054,-0.162,-0.092,0.2,0.07,0.181,-0.195,-0.192,-0.117,0.23,0.22,0.255,1.0,0.997,0.995
500,y2,-0.397,-0.056,-0.182,-0.111,0.216,0.091,0.206,-0.216,-0.216,-0.122,0.257,0.243,0.272,0.997,1.0,0.994
500,y3,-0.408,-0.036,-0.142,-0.082,0.168,0.032,0.161,-0.18,-0.183,-0.099,0.2,0.194,0.217,0.995,0.994,1.0
1000,.,1.0,0.121,0.248,0.345,0.069,0.157,0.059,0.347,0.337,0.333,0.001,0.023,0.038,-0.222,-0.231,-0.235
1000,A1_1,0.121,1.0,0.842,0.78,-0.08,-0.146,-0.06,0.763,0.754,0.842,-0.054,-0.057,-0.077,0.109,0.118,0.124
1000,A1_2,0.248,0.842,1.0,0.958,-0.218,-0.257,-0.207,0.958,0.975,0.93,-0.217,-0.211,-0.211,-0.164,-0.162,-0.153
1000,A1_3,0.345,0.78,0.958,1.0,-0.289,-0.279,-0.262,0.934,0.945,0.941,-0.287,-0.278,-0.276,-0.186,-0.184,-0.171
1000,B1_1,0.069,-0.08,-0.218,-0.289,1.0,0.961,0.987,-0.258,-0.188,-0.149,0.986,0.989,0.989,0.16,0.186,0.127
1000,B1_2,0.157,-0.146,-0.257,-0.279,0.961,1.0,0.962,-0.233,-0.203,-0.138,0.954,0.955,0.958,0.067,0.085,0.028
1000,B1_3,0.059,-0.06,-0.207,-0.262,0.987,0.962,1.0,-0.249,-0.182,-0.132,0.993,0.998,0.996,0.133,0.164,0.105
1000,A2_1,0.347,0.763,0.958,0.934,-0.258,-0.233,-0.249,1.0,0.972,0.905,-0.262,-0.258,-0.251,-0.264,-0.275,-0.264
1000,A2_2,0.337,0.754,0.975,0.945,-0.188,-0.203,-0.182,0.972,1.0,0.899,-0.204,-0.189,-0.179,-0.242,-0.246,-0.243
1000,A2_3,0.333,0.842,0.93,0.941,-0.149,-0.138,-0.132,0.905,0.899,1.0,-0.148,-0.144,-0.16,-0.184,-0.179,-0.168
1000,B2_1,0.001,-0.054,-0.217,-0.287,0.986,0.954,0.993,-0.262,-0.204,-0.148,1.0,0.997,0.994,0.193,0.219,0.162
1000,B2_2,0.023,-0.057,-0.211,-0.278,0.989,0.955,0.998,-0.258,-0.189,-0.144,0.997,1.0,0.997,0.15,0.178,0.119
1000,B2_3,0.038,-0.077,-0.211,-0.276,0.989,0.958,0.996,-0.251,-0.179,-0.16,0.994,0.997,1.0,0.161,0.188,0.128
1000,y1,-0.222,0.109,-0.164,-0.186,0.16,0.067,0.133,-0.264,-0.242,-0.184,0.193,0.15,0.161,1.0,0.996,0.996
1000,y2,-0.231,0.118,-0.162,-0.184,0.186,0.085,0.164,-0.275,-0.246,-0.179,0.219,0.178,0.188,0.996,1.0,0.998
1000,y3,-0.235,0.124,-0.153,-0.171,0.127,0.028,0.105,-0.264,-0.243,-0.168,0.162,0.119,0.128,0.996,0.998,1.0
1500,.,1.0,0.175,0.288,0.269,-0.053,0.011,-0.049,0.356,0.35,0.329,-0.04,-0.085,-0.085,-0.09,-0.124,-0.121
1500,A1_1,0.175,1.0,0.941,0.963,-0.036,-0.061,-0.038,0.863,0.855,0.946,-0.044,-0.013,-0.035,-0.216,-0.189,-0.156
1500,A1_2,0.288,0.941,1.0,0.963,-0.138,-0.147,-0.141,0.965,0.972,0.933,-0.127,-0.1,-0.124,-0.281,-0.275,-0.238
1500,A1_3,0.269,0.963,0.963,1.0,-0.15,-0.154,-0.154,0.915,0.921,0.985,-0.151,-0.128,-0.15,-0.241,-0.226,-0.192
1500,B1_1,-0.053,-0.036,-0.138,-0.15,1.0,0.936,0.996,-0.212,-0.183,-0.156,0.996,0.988,0.987,0.164,0.204,0.171
1500,B1_2,0.011,-0.061,-0.147,-0.154,0.936,1.0,0.957,-0.156,-0.172,-0.111,0.925,0.886,0.875,0.002,0.038,0.0
1500,B1_3,-0.049,-0.038,-0.141,-0.154,0.996,0.957,1.0,-0.203,-0.186,-0.15,0.992,0.978,0.975,0.141,0.182,0.148
1500,A2_1,0.356,0.863,0.965,0.915,-0.212,-0.156,-0.203,1.0,0.984,0.91,-0.205,-0.196,-0.22,-0.365,-0.365,-0.332
1500,A2_2,0.35,0.855,0.972,0.921,-0.183,-0.172,-0.186,0.984,1.0,0.893,-0.17,-0.15,-0.172,-0.339,-0.34,-0.308
1500,A2_3,0.329,0.946,0.933,0.985,-0.156,-0.111,-0.15,0.91,0.893,1.0,-0.164,-0.158,-0.181,-0.29,-0.273,-0.242
1500,B2_1,-0.04,-0.044,-0.127,-0.151,0.996,0.925,0.992,-0.205,-0.17,-0.164,1.0,0.994,0.992,0.194,0.232,0.199
1500,B2_2,-0.085,-0.013,-0.1,-0.128,0.988,0.886,0.978,-0.196,-0.15,-0.158,0.994,1.0,0.998,0.215,0.255,0.224
1500,B2_3,-0.085,-0.035,-0.124,-0.15,0.987,0.875,0.975,-0.22,-0.172,-0.181,0.992,0.998,1.0,0.238,0.276,0.247
1500,y1,-0.09,-0.216,-0.281,-0.241,0.164,0.002,0.141,-0.365,-0.339,-0.29,0.194,0.215,0.238,1.0,0.995,0.995
1500,y2,-0.124,-0.189,-0.275,-0.226,0.204,0.038,0.182,-0.365,-0.34,-0.273,0.232,0.255,0.276,0.995,1.0,0.995
1500,y3,-0.121,-0.156,-0.238,-0.192,0.171,0.0,0.148,-0.332,-0.308,-0.242,0.199,0.224,0.247,0.995,0.995,1.0
2000,.,1.0,0.187,0.216,0.24,-0.042,0.046,-0.038,0.301,0.191,0.314,-0.021,-0.033,-0.046,-0.132,-0.158,-0.165
2000,A1_1,0.187,1.0,0.908,0.87,-0.137,-0.159,-0.129,0.871,0.859,0.893,-0.147,-0.141,-0.14,-0.179,-0.199,-0.197
2000,A1_2,0.216,0.908,1.0,0.957,-0.231,-0.248,-0.239,0.967,0.983,0.899,-0.225,-0.228,-0.232,-0.281,-0.316,-0.289
2000,A1_3,0.24,0.87,0.957,1.0,-0.308,-0.305,-0.308,0.933,0.96,0.966,-0.306,-0.31,-0.311,-0.25,-0.285,-0.269
2000,B1_1,-0.042,-0.137,-0.231,-0.308,1.0,0.972,0.997,-0.278,-0.236,-0.269,0.998,0.999,1.0,0.122,0.122,0.126
2000,B1_2,0.046,-0.159,-0.248,-0.305,0.972,1.0,0.978,-0.267,-0.269,-0.241,0.974,0.967,0.967,0.026,0.029,0.03
2000,B1_3,-0.038,-0.129,-0.239,-0.308,0.997,0.978,1.0,-0.284,-0.249,-0.259,0.992,0.994,0.996,0.112,0.113,0.114
2000,A2_1,0.301,0.871,0.967,0.933,-0.278,-0.267,-0.284,1.0,0.934,0.905,-0.267,-0.278,-0.28,-0.243,-0.289,-0.258
2000,A2_2,0.191,0.859,0.983,0.96,-0.236,-0.269,-0.249,0.934,1.0,0.881,-0.231,-0.231,-0.235,-0.284,-0.319,-0.293
2000,A2_3,0.314,0.893,0.899,0.966,-0.269,-0.241,-0.259,0.905,0.881,1.0,-0.271,-0.277,-0.275,-0.216,-0.244,-0.24
2000,B2_1,-0.021,-0.147,-0.225,-0.306,0.998,0.974,0.992,-0.267,-0.231,-0.271,1.0,0.999,0.998,0.115,0.116,0.123
2000,B2_2,-0.033,-0.141,-0.228,-0.31,0.999,0.967,0.994,-0.278,-0.231,-0.277,0.999,1.0,0.999,0.122,0.121,0.127
2000,B2_3,-0.046,-0.14,-0.232,-0.311,1.0,0.967,0.996,-0.28,-0.235,-0.275,0.998,0.999,1.0,0.136,0.135,0.14
2000,y1,-0.132,-0.179,-0.281,-0.25,0.122,0.026,0.112,-0.243,-0.284,-0.216,0.115,0.122,0.136,1.0,0.992,0.994
2000,y2,-0.158,-0.199,-0.316,-0.285,0.122,0.029,0.113,-0.289,-0.319,-0.244,0.116,0.121,0.135,0.992,1.0,0.996
2000,y3,-0.165,-0.197,-0.289,-0.269,0.126,0.03,0.114,-0.258,-0.293,-0.24,0.123,0.127,0.14,0.994,0.996,1.0
2500,.,1.0,-0.057,0.126,0.089,-0.289,-0.156,-0.28,0.17,0.185,0.192,-0.286,-0.19,-0.364,-0.097,-0.187,-0.147
2500,A1_1,-0.057,1.0,0.864,0.859,0.053,-0.012,-0.032,0.838,0.695,0.877,-0.064,-0.104,0.007,-0.302,-0.159,-0.262
2500,A1_2,0.126,0.864,1.0,0.978,0.015,0.039,-0.105,0.946,0.911,0.93,-0.149,-0.164,-0.123,-0.526,-0.44,-0.523
2500,A1_3,0.089,0.859,0.978,1.0,0.081,0.091,-0.049,0.911,0.844,0.91,-0.104,-0.096,-0.072,-0.437,-0.36,-0.451
2500,B1_1,-0.289,0.053,0.015,0.081,1.0,0.941,0.977,-0.125,-0.126,-0.104,0.953,0.921,0.945,-0.146,-0.152,-0.162
2500,B1_2,-0.156,-0.012,0.039,0.091,0.941,1.0,0.936,-0.082,-0.102,-0.096,0.873,0.855,0.852,-0.255,-0.269,-0.293
2500,B1_3,-0.28,-0.032,-0.105,-0.049,0.977,0.936,1.0,-0.221,-0.225,-0.228,0.973,0.947,0.968,-0.095,-0.101,-0.108
2500,A2_1,0.17,0.838,0.946,0.911,-0.125,-0.082,-0.221,1.0,0.887,0.93,-0.25,-0.253,-0.244,-0.465,-0.397,-0.487
2500,A2_2,0.185,0.695,0.911,0.844,-0.126,-0.102,-0.225,0.887,1.0,0.845,-0.234,-0.285,-0.221,-0.577,-0.527,-0.564
2500,A2_3,0.192,0.877,0.93,0.91,-0.104,-0.096,-0.228,0.93,0.845,1.0,-0.26,-0.303,-0.248,-0.411,-0.329,-0.392
2500,B2_1,-0.286,-0.064,-0.149,-0.104,0.953,0.873,0.973,-0.25,-0.234,-0.26,1.0,0.957,0.961,-0.016,-0.043,-0.024
2500,B2_2,-0.19,-0.104,-0.164,-0.096,0.921,0.855,0.947,-0.253,-0.285,-0.303,0.957,1.0,0.909,0.03,-0.032,-0.014
2500,B2_3,-0.364,0.007,-0.123,-0.072,0.945,0.852,0.968,-0.244,-0.221,-0.248,0.961,0.909,1.0,0.004,0.031,0.007
2500,y1,-0.097,-0.302,-0.526,-0.437,-0.146,-0.255,-0.095,-0.465,-0.577,-0.411,-0.016,0.03,0.004,1.0,0.963,0.976
2500,y2,-0.187,-0.159,-0.44,-0.36,-0.152,-0.269,-0.101,-0.397,-0.527,-0.329,-0.043,-0.032,0.031,0.963,1.0,0.971
2500,y3,-0.147,-0.262,-0.523,-0.451,-0.162,-0.293,-0.108,-0.487,-0.564,-0.392,-0.024,-0.014,0.007,0.976,0.971,1.0
3000,.,1.0,0.061,0.018,0.009,-0.106,-0.064,-0.132,0.011,0.003,0.111,-0.168,-0.136,-0.198,-0.029,-0.018,-0.016
3000,A1_1,0.061,1.0,0.901,0.863,-0.23,-0.261,-0.249,0.885,0.913,0.939,-0.224,-0.255,-0.257,-0.342,-0.342,-0.368
3000,A1_2,0.018,0.901,1.0,0.983,-0.137,-0.141,-0.143,0.981,0.966,0.968,-0.159,-0.137,-0.134,-0.303,-0.315,-0.329
3000,A1_3,0.009,0.863,0.983,1.0,-0.126,-0.136,-0.134,0.95,0.911,0.964,-0.162,-0.129,-0.133,-0.204,-0.217,-0.231
3000,B1_1,-0.106,-0.23,-0.137,-0.126,1.0,0.977,0.996,-0.145,-0.184,-0.203,0.961,0.994,0.961,0.014,0.012,0.047
3000,B1_2,-0.064,-0.261,-0.141,-0.136,0.977,1.0,0.981,-0.139,-0.182,-0.203,0.95,0.974,0.941,-0.061,-0.063,-0.029
3000,B1_3,-0.132,-0.249,-0.143,-0.134,0.996,0.981,1.0,-0.14,-0.186,-0.222,0.965,0.998,0.979,0.037,0.036,0.071
3000,A2_1,0.011,0.885,0.981,0.95,-0.145,-0.139,-0.14,1.0,0.97,0.935,-0.127,-0.136,-0.104,-0.31,-0.318,-0.333
3000,A2_2,0.003,0.913,0.966,0.911,-0.184,-0.182,-0.186,0.97,1.0,0.928,-0.169,-0.182,-0.168,-0.446,-0.454,-0.472
3000,A2_3,0.111,0.939,0.968,0.964,-0.203,-0.203,-0.222,0.935,0.928,1.0,-0.224,-0.226,-0.248,-0.34,-0.349,-0.369
3000,B2_1,-0.168,-0.224,-0.159,-0.162,0.961,0.95,0.965,-0.127,-0.169,-0.224,1.0,0.956,0.955,-0.034,-0.032,-0.003
3000,B2_2,-0.136,-0.255,-0.137,-0.129,0.994,0.974,0.998,-0.136,-0.182,-0.226,0.956,1.0,0.982,0.051,0.049,0.084
3000,B2_3,-0.198,-0.257,-0.134,-0.133,0.961,0.941,0.979,-0.104,-0.168,-0.248,0.955,0.982,1.0,0.101,0.102,0.134
3000,y1,-0.029,-0.342,-0.303,-0.204,0.014,-0.061,0.037,-0.31,-0.446,-0.34,-0.034,0.051,0.101,1.0,0.997,0.995
3000,y2,-0.018,-0.342,-0.315,-0.217,0.012,-0.063,0.036,-0.318,-0.454,-0.349,-0.032,0.049,0.102,0.997,1.0,0.998
3000,y3,-0.016,-0.368,-0.329,-0.231,0.047,-0.029,0.071,-0.333,-0.472,-0.369,-0.003,0.084,0.134,0.995,0.998,1.0
3500,.,1.0,0.137,0.245,0.232,-0.037,0.016,-0.058,0.131,0.212,0.186,-0.012,-0.086,-0.02,-0.064,-0.082,-0.103
3500,A1_1,0.137,1.0,0.955,0.874,-0.075,-0.101,-0.013,0.908,0.908,0.899,-0.068,-0.088,-0.048,-0.35,-0.358,-0.353
3500,A1_2,0.245,0.955,1.0,0.931,-0.114,-0.116,-0.044,0.907,0.977,0.917,-0.076,-0.166,-0.061,-0.481,-0.495,-0.499
3500,A1_3,0.232,0.874,0.931,1.0,-0.252,-0.252,-0.208,0.929,0.948,0.949,-0.22,-0.31,-0.21,-0.402,-0.419,-0.432
3500,B1_1,-0.037,-0.075,-0.114,-0.252,1.0,0.979,0.978,-0.129,-0.102,-0.276,0.989,0.979,0.989,0.132,0.126,0.116
3500,B1_2,0.016,-0.101,-0.116,-0.252,0.979,1.0,0.979,-0.14,-0.098,-0.285,0.965,0.97,0.978,0.103,0.094,0.078
3500,B1_3,-0.058,-0.013,-0.044,-0.208,0.978,0.979,1.0,-0.092,-0.036,-0.212,0.969,0.965,0.983,0.078,0.074,0.063
3500,A2_1,0.131,0.908,0.907,0.929,-0.129,-0.14,-0.092,1.0,0.893,0.853,-0.124,-0.136,-0.089,-0.429,-0.448,-0.45
3500,A2_2,0.212,0.908,0.977,0.948,-0.102,-0.098,-0.036,0.893,1.0,0.9,-0.061,-0.166,-0.044,-0.412,-0.429,-0.44
3500,A2_3,0.186,0.899,0.917,0.949,-0.276,-0.285,-0.212,0.853,0.9,1.0,-0.251,-0.331,-0.255,-0.386,-0.392,-0.4
3500,B2_1,-0.012,-0.068,-0.076,-0.22,0.989,0.965,0.969,-0.124,-0.061,-0.251,1.0,0.946,0.992,0.098,0.09,0.08
3500,B2_2,-0.086,-0.088,-0.166,-0.31,0.979,0.97,0.965,-0.136,-0.166,-0.331,0.946,1.0,0.964,0.187,0.181,0.176
3500,B2_3,-0.02,-0.048,-0.061,-0.21,0.989,0.978,0.983,-0.089,-0.044,-0.255,0.992,0.964,1.0,0.106,0.096,0.085
3500,y1,-0.064,-0.35,-0.481,-0.402,0.132,0.103,0.078,-0.429,-0.412,-0.386,0.098,0.187,0.106,1.0,0.999,0.996
3500,y2,-0.082,-0.358,-0.495,-0.419,0.126,0.094,0.074,-0.448,-0.429,-0.392,0.09,0.181,0.096,0.999,1.0,0.998
3500,y3,-0.103,-0.353,-0.499,-0.432,0.116,0.078,0.063,-0.45,-0.44,-0.4,0.08,0.176,0.085,0.996,0.998,1.0
4000,.,1.0,-0.05,-0.081,-0.015,-0.109,-0.026,-0.072,-0.133,-0.143,-0.043,-0.117,-0.137,-0.138,0.03,0.062,0.057
4000,A1_1,-0.05,1.0,0.977,0.962,0.008,0.056,0.027,0.965,0.949,0.953,0.06,0.072,0.136,-0.374,-0.366,-0.358
4000,A1_2,-0.081,0.977,1.0,0.979,-0.098,-0.064,-0.089,0.975,0.951,0.978,-0.039,-0.037,0.024,-0.432,-0.414,-0.412
4000,A1_3,-0.015,0.962,0.979,1.0,-0.077,-0.049,-0.041,0.958,0.971,0.976,-0.016,-0.004,0.044,-0.497,-0.478,-0.475
4000,B1_1,-0.109,0.008,-0.098,-0.077,1.0,0.966,0.957,-0.118,0.012,-0.076,0.965,0.971,0.951,-0.03,-0.047,-0.05
4000,B1_2,-0.026,0.056,-0.064,-0.049,0.966,1.0,0.941,-0.073,0.027,-0.033,0.961,0.916,0.91,-0.052,-0.069,-0.065
4000,B1_3,-0.072,0.027,-0.089,-0.041,0.957,0.941,1.0,-0.12,0.06,-0.079,0.951,0.955,0.955,-0.126,-0.166,-0.153
4000,A2_1,-0.133,0.965,0.975,0.958,-0.118,-0.073,-0.12,1.0,0.946,0.964,-0.054,-0.058,-0.006,-0.371,-0.341,-0.338
4000,A2_2,-0.143,0.949,0.951,0.971,0.012,0.027,0.06,0.946,1.0,0.932,0.09,0.103,0.161,-0.469,-0.465,-0.461
4000,A2_3,-0.043,0.953,0.978,0.976,-0.076,-0.033,-0.079,0.964,0.932,1.0,-0.019,-0.047,0.01,-0.444,-0.41,-0.418
4000,B2_1,-0.117,0.06,-0.039,-0.016,0.965,0.961,0.951,-0.054,0.09,-0.019,1.0,0.952,0.961,-0.046,-0.083,-0.075
4000,B2_2,-0.137,0.072,-0.037,-0.004,0.971,0.916,0.955,-0.058,0.103,-0.047,0.952,1.0,0.978,-0.03,-0.067,-0.057
4000,B2_3,-0.138,0.136,0.024,0.044,0.951,0.91,0.955,-0.006,0.161,0.01,0.961,0.978,1.0,-0.064,-0.116,-0.104
4000,y1,0.03,-0.374,-0.432,-0.497,-0.03,-0.052,-0.126,-0.371,-0.469,-0.444,-0.046,-0.03,-0.064,1.0,0.987,0.991
4000,y2,0.062,-0.366,-0.414,-0.478,-0.047,-0.069,-0.166,-0.341,-0.465,-0.41,-0.083,-0.067,-0.116,0.987,1.0,0.995
4000,y3,0.057,-0.358,-0.412,-0.475,-0.05,-0.065,-0.153,-0.338,-0.461,-0.418,-0.075,-0.057,-0.104,0.991,0.995,1.0
4500,.,1.0,-0.045,0.053,-0.136,-0.109,-0.257,-0.058,-0.047,-0.022,-0.002,-0.159,-0.132,-0.095,-0.233,-0.229,-0.228
4500,A1_1,-0.045,1.0,0.802,0.941,-0.2,-0.183,-0.256,0.966,0.968,0.902,-0.146,-0.165,-0.157,-0.222,-0.182,-0.175
4500,A1_2,0.053,0.802,1.0,0.728,-0.419,-0.34,-0.416,0.783,0.867,0.677,-0.256,-0.276,-0.263,-0.227,-0.219,-0.224
4500,A1_3,-0.136,0.941,0.728,1.0,-0.264,-0.25,-0.327,0.927,0.933,0.88,-0.253,-0.256,-0.229,-0.174,-0.129,-0.123
4500,B1_1,-0.109,-0.2,-0.419,-0.264,1.0,0.957,0.962,-0.342,-0.365,-0.222,0.95,0.961,0.941,0.046,0.019,0.008
4500,B1_2,-0.257,-0.183,-0.34,-0.25,0.957,1.0,0.908,-0.308,-0.347,-0.203,0.972,0.957,0.917,0.05,0.016,0.003
4500,B1_3,-0.058,-0.256,-0.416,-0.327,0.962,0.908,1.0,-0.419,-0.414,-0.286,0.914,0.951,0.973,-0.004,-0.04,-0.052
4500,A2_1,-0.047,0.966,0.783,0.927,-0.342,-0.308,-0.419,1.0,0.975,0.908,-0.288,-0.318,-0.324,-0.298,-0.253,-0.241
4500,A2_2,-0.022,0.968,0.867,0.933,-0.365,-0.347,-0.414,0.975,1.0,0.881,-0.296,-0.31,-0.299,-0.258,-0.219,-0.212
4500,A2_3,-0.002,0.902,0.677,0.88,-0.222,-0.203,-0.286,0.908,0.881,1.0,-0.156,-0.182,-0.191,-0.411,-0.363,-0.352
4500,B2_1,-0.159,-0.146,-0.256,-0.253,0.95,0.972,0.914,-0.288,-0.296,-0.156,1.0,0.99,0.945,0.008,-0.027,-0.041
4500,B2_2,-0.132,-0.165,-0.276,-0.256,0.961,0.957,0.951,-0.318,-0.31,-0.182,0.99,1.0,0.979,-0.01,-0.045,-0.061
4500,B2_3,-0.095,-0.157,-0.263,-0.229,0.941,0.917,0.973,-0.324,-0.299,-0.191,0.945,0.979,1.0,-0.044,-0.079,-0.096
4500,y1,-0.233,-0.222,-0.227,-0.174,0.046,0.05,-0.004,-0.298,-0.258,-0.411,0.008,-0.01,-0.044,1.0,0.995,0.994
4500,y2,-0.229,-0.182,-0.219,-0.129,0.019,0.016,-0.04,-0.253,-0.219,-0.363,-0.027,-0.045,-0.079,0.995,1.0,0.999
4500,y3,-0.228,-0.175,-0.224,-0.123,0.008,0.003,-0.052,-0.241,-0.212,-0.352,-0.041,-0.061,-0.096,0.994,0.999,1.0
5000,.,1.0,-0.005,0.026,0.065,-0.057,0.124,0.04,0.036,-0.019,-0.062,-0.077,-0.083,0.02,-0.066,-0.101,-0.103
5000,A1_1,-0.005,1.0,0.941,0.923,0.221,0.318,0.125,0.966,0.957,0.963,0.122,0.081,0.091,-0.439,-0.418,-0.398
5000,A1_2,0.026,0.941,1.0,0.985,0.127,0.21,0.016,0.909,0.98,0.92,0.003,-0.033,-0.026,-0.556,-0.529,-0.51
5000,A1_3,0.065,0.923,0.985,1.0,0.133,0.213,0.023,0.862,0.953,0.879,0.005,-0.04,-0.025,-0.583,-0.557,-0.534
5000,B1_1,-0.057,0.221,0.127,0.133,1.0,0.961,0.966,0.14,0.11,0.134,0.944,0.933,0.909,0.128,0.126,0.129
5000,B1_2,0.124,0.318,0.21,0.213,0.961,1.0,0.964,0.277,0.194,0.223,0.928,0.9,0.922,0.04,0.026,0.02
5000,B1_3,0.04,0.125,0.016,0.023,0.966,0.964,1.0,0.075,-0.002,0.025,0.969,0.95,0.978,0.095,0.079,0.071
5000,A2_1,0.036,0.966,0.909,0.862,0.14,0.277,0.075,1.0,0.941,0.964,0.082,0.043,0.063,-0.448,-0.434,-0.429
5000,A2_2,-0.019,0.957,0.98,0.953,0.11,0.194,-0.002,0.941,1.0,0.967,-0.007,-0.033,-0.045,-0.466,-0.438,-0.42
5000,A2_3,-0.062,0.963,0.92,0.879,0.134,0.223,0.025,0.964,0.967,1.0,0.02,-0.007,-0.02,-0.384,-0.365,-0.344
5000,B2_1,-0.077,0.122,0.003,0.005,0.944,0.928,0.969,0.082,-0.007,0.02,1.0,0.985,0.967,0.073,0.074,0.058
5000,B2_2,-0.083,0.081,-0.033,-0.04,0.933,0.9,0.95,0.043,-0.033,-0.007,0.985,1.0,0.949,0.108,0.114,0.101
5000,B2_3,0.02,0.091,-0.026,-0.025,0.909,0.922,0.978,0.063,-0.045,-0.02,0.967,0.949,1.0,0.057,0.043,0.028
5000,y1,-0.066,-0.439,-0.556,-0.583,0.128,0.04,0.095,-0.448,-0.466,-0.384,0.073,0.108,0.057,1.0,0.995,0.99
5000,y2,-0.101,-0.418,-0.529,-0.557,0.126,0.026,0.079,-0.434,-0.438,-0.365,0.074,0.114,0.043,0.995,1.0,0.995
5000,y3,-0.103,-0.398,-0.51,-0.534,0.129,0.02,0.071,-0.429,-0.42,-0.344,0.058,0.101,0.028,0.99,0.995,1.0
5500,.,1.0,-0.325,-0.279,-0.228,-0.115,-0.255,-0.135,-0.311,-0.249,-0.229,-0.094,-0.12,-0.129,0.409,0.425,0.381
5500,A1_1,-0.325,1.0,0.956,0.942,0.286,0.398,0.208,0.949,0.928,0.964,0.309,0.24,0.272,-0.38,-0.407,-0.388
5500,A1_2,-0.279,0.956,1.0,0.991,0.322,0.439,0.218,0.988,0.982,0.974,0.345,0.247,0.307,-0.542,-0.567,-0.552
5500,A1_3,-0.228,0.942,0.991,1.0,0.337,0.458,0.231,0.988,0.991,0.962,0.36,0.262,0.324,-0.536,-0.555,-0.548
5500,B1_1,-0.115,0.286,0.322,0.337,1.0,0.958,0.979,0.364,0.331,0.283,0.998,0.984,0.998,-0.332,-0.335,-0.301
5500,B1_2,-0.255,0.398,0.439,0.458,0.958,1.0,0.946,0.491,0.449,0.38,0.958,0.95,0.967,-0.489,-0.493,-0.461
5500,B1_3,-0.135,0.208,0.218,0.231,0.979,0.946,1.0,0.257,0.222,0.191,0.972,0.998,0.984,-0.325,-0.323,-0.293
5500,A2_1,-0.311,0.949,0.988,0.988,0.364,0.491,0.257,1.0,0.988,0.943,0.387,0.288,0.353,-0.54,-0.567,-0.549
5500,A2_2,-0.249,0.928,0.982,0.991,0.331,0.449,0.222,0.988,1.0,0.931,0.353,0.254,0.319,-0.539,-0.563,-0.553
5500,A2_3,-0.229,0.964,0.974,0.962,0.283,0.38,0.191,0.943,0.931,1.0,0.307,0.219,0.264,-0.455,-0.474,-0.467
5500,B2_1,-0.094,0.309,0.345,0.36,0.998,0.958,0.972,0.387,0.353,0.307,1.0,0.98,0.996,-0.317,-0.322,-0.289
5500,B2_2,-0.12,0.24,0.247,0.262,0.984,0.95,0.998,0.288,0.254,0.219,0.98,1.0,0.988,-0.307,-0.307,-0.276
5500,B2_3,-0.129,0.272,0.307,0.324,0.998,0.967,0.984,0.353,0.319,0.264,0.996,0.988,1.0,-0.34,-0.343,-0.31
5500,y1,0.409,-0.38,-0.542,-0.536,-0.332,-0.489,-0.325,-0.54,-0.539,-0.455,-0.317,-0.307,-0.34,1.0,0.996,0.997
5500,y2,0.425,-0.407,-0.567,-0.555,-0.335,-0.493,-0.323,-0.567,-0.563,-0.474,-0.322,-0.307,-0.343,0.996,1.0,0.995
5500,y3,0.381,-0.388,-0.552,-0.548,-0.301,-0.461,-0.293,-0.549,-0.553,-0.467,-0.289,-0.276,-0.31,0.997,0.995,1.0
6000,.,1.0,0.028,0.067,0.066,0.058,0.076,0.028,0.043,0.062,0.07,0.077,0.046,0.058,0.305,0.31,0.327
6000,A1_1,0.028,1.0,0.866,0.83,0.143,0.101,0.159,0.974,0.891,0.957,0.088,0.018,0.076,-0.283,-0.271,-0.251
6000,A1_2,0.067,0.866,1.0,0.964,0.188,0.063,0.206,0.918,0.986,0.921,0.103,-0.021,0.09,-0.46,-0.478,-0.427
6000,A1_3,0.066,0.83,0.964,1.0,0.246,0.086,0.263,0.845,0.982,0.925,0.155,0.015,0.142,-0.48,-0.513,-0.445
6000,B1_1,0.058,0.143,0.188,0.246,1.0,0.925,0.994,0.072,0.235,0.17,0.987,0.893,0.979,-0.327,-0.316,-0.347
6000,B1_2,0.076,0.101,0.063,0.086,0.925,1.0,0.942,0.021,0.103,0.063,0.955,0.971,0.971,-0.307,-0.283,-0.334
6000,B1_3,0.028,0.159,0.206,0.263,0.994,0.942,1.0,0.085,0.251,0.182,0.985,0.906,0.985,-0.391,-0.382,-0.412
6000,A2_1,0.043,0.974,0.918,0.845,0.072,0.021,0.085,1.0,0.915,0.946,0.011,-0.068,-0.002,-0.302,-0.295,-0.268
6000,A2_2,0.062,0.891,0.986,0.982,0.235,0.103,0.251,0.915,1.0,0.958,0.152,0.017,0.14,-0.444,-0.46,-0.411
6000,A2_3,0.07,0.957,0.921,0.925,0.17,0.063,0.182,0.946,0.958,1.0,0.107,-0.03,0.09,-0.362,-0.361,-0.327
6000,B2_1,0.077,0.088,0.103,0.155,0.987,0.955,0.985,0.011,0.152,0.107,1.0,0.91,0.995,-0.323,-0.3,-0.348
6000,B2_2,0.046,0.018,-0.021,0.015,0.893,0.971,0.906,-0.068,0.017,-0.03,0.91,1.0,0.933,-0.218,-0.208,-0.239
6000,B2_3,0.058,0.076,0.09,0.142,0.979,0.971,0.985,-0.002,0.14,0.09,0.995,0.933,1.0,-0.34,-0.32,-0.366
6000,y1,0.305,-0.283,-0.46,-0.48,-0.327,-0.307,-0.391,-0.302,-0.444,-0.362,-0.323,-0.218,-0.34,1.0,0.991,0.997
6000,y2,0.31,-0.271,-0.478,-0.513,-0.316,-0.283,-0.382,-0.295,-0.46,-0.361,-0.3,-0.208,-0.32,0.991,1.0,0.986
6000,y3,0.327,-0.251,-0.427,-0.445,-0.347,-0.334,-0.412,-0.268,-0.411,-0.327,-0.348,-0.239,-0.366,0.997,0.986,1.0
6500,.,1.0,0.074,0.16,0.113,0.082,0.074,0.138,0.113,0.134,0.054,0.127,0.09,0.094,0.131,0.08,0.116
6500,A1_1,0.074,1.0,0.729,0.835,-0.017,0.025,0.058,0.953,0.931,0.87,-0.023,-0.044,-0.049,-0.186,-0.157,-0.207
6500,A1_2,0.16,0.729,1.0,0.976,0.211,-0.043,0.193,0.829,0.858,0.778,0.066,-0.054,0.094,-0.474,-0.445,-0.455
6500,A1_3,0.113,0.835,0.976,1.0,0.144,-0.04,0.139,0.908,0.92,0.862,0.036,-0.065,0.051,-0.392,-0.357,-0.378
6500,B1_1,0.082,-0.017,0.211,0.144,1.0,0.809,0.971,0.045,0.1,0.099,0.921,0.806,0.938,-0.276,-0.3,-0.265
6500,B1_2,0.074,0.025,-0.043,-0.04,0.809,1.0,0.847,0.041,-0.011,-0.022,0.942,0.971,0.925,-0.133,-0.143,-0.141
6500,B1_3,0.138,0.058,0.193,0.139,0.971,0.847,1.0,0.07,0.161,0.081,0.921,0.839,0.927,-0.233,-0.268,-0.24
6500,A2_1,0.113,0.953,0.829,0.908,0.045,0.041,0.07,1.0,0.933,0.938,0.043,-0.024,0.025,-0.349,-0.306,-0.354
6500,A2_2,0.134,0.931,0.858,0.92,0.1,-0.011,0.161,0.933,1.0,0.893,0.03,-0.061,0.026,-0.355,-0.349,-0.377
6500,A2_3,0.054,0.87,0.778,0.862,0.099,-0.022,0.081,0.938,0.893,1.0,0.065,-0.084,0.04,-0.301,-0.263,-0.297
6500,B2_1,0.127,-0.023,0.066,0.036,0.921,0.942,0.921,0.043,0.03,0.065,1.0,0.93,0.981,-0.206,-0.225,-0.203
6500,B2_2,0.09,-0.044,-0.054,-0.065,0.806,0.971,0.839,-0.024,-0.061,-0.084,0.93,1.0,0.932,-0.063,-0.078,-0.085
6500,B2_3,0.094,-0.049,0.094,0.051,0.938,0.925,0.927,0.025,0.026,0.04,0.981,0.932,1.0,-0.258,-0.282,-0.264
6500,y1,0.131,-0.186,-0.474,-0.392,-0.276,-0.133,-0.233,-0.349,-0.355,-0.301,-0.206,-0.063,-0.258,1.0,0.986,0.99
6500,y2,0.08,-0.157,-0.445,-0.357,-0.3,-0.143,-0.268,-0.306,-0.349,-0.263,-0.225,-0.078,-0.282,0.986,1.0,0.988
6500,y3,0.116,-0.207,-0.455,-0.378,-0.265,-0.141,-0.24,-0.354,-0.377,-0.297,-0.203,-0.085,-0.264,0.99,0.988,1.0
7000,.,1.0,-0.033,-0.006,-0.044,-0.073,-0.018,-0.037,-0.024,0.005,0.03,-0.057,-0.093,-0.089,-0.017,0.048,0.028
7000,A1_1,-0.033,1.0,0.983,0.971,0.172,0.195,0.176,0.929,0.973,0.969,0.183,0.075,0.188,-0.337,-0.322,-0.339
7000,A1_2,-0.006,0.983,1.0,0.989,0.137,0.153,0.145,0.936,0.985,0.98,0.135,0.032,0.149,-0.426,-0.409,-0.425
7000,A1_3,-0.044,0.971,0.989,1.0,0.146,0.169,0.161,0.944,0.974,0.973,0.151,0.035,0.162,-0.384,-0.371,-0.392
7000,B1_1,-0.073,0.172,0.137,0.146,1.0,0.984,0.975,0.22,0.154,0.173,0.98,0.966,0.976,-0.044,-0.129,-0.224
7000,B1_2,-0.018,0.195,0.153,0.169,0.984,1.0,0.983,0.249,0.167,0.186,0.994,0.954,0.987,-0.064,-0.149,-0.228
7000,B1_3,-0.037,0.176,0.145,0.161,0.975,0.983,1.0,0.221,0.157,0.165,0.977,0.962,0.988,-0.102,-0.204,-0.275
7000,A2_1,-0.024,0.929,0.936,0.944,0.22,0.249,0.221,1.0,0.97,0.969,0.228,0.079,0.234,-0.315,-0.321,-0.388
7000,A2_2,0.005,0.973,0.985,0.974,0.154,0.167,0.157,0.97,1.0,0.991,0.145,0.041,0.164,-0.37,-0.357,-0.393
7000,A2_3,0.03,0.969,0.98,0.973,0.173,0.186,0.165,0.969,0.991,1.0,0.164,0.039,0.178,-0.375,-0.352,-0.408
7000,B2_1,-0.057,0.183,0.135,0.151,0.98,0.994,0.977,0.228,0.145,0.164,1.0,0.948,0.982,-0.057,-0.151,-0.232
7000,B2_2,-0.093,0.075,0.032,0.035,0.966,0.954,0.962,0.079,0.041,0.039,0.948,1.0,0.956,-0.043,-0.132,-0.172
7000,B2_3,-0.089,0.188,0.149,0.162,0.976,0.987,0.988,0.234,0.164,0.178,0.982,0.956,1.0,-0.108,-0.195,-0.265
7000,y1,-0.017,-0.337,-0.426,-0.384,-0.044,-0.064,-0.102,-0.315,-0.37,-0.375,-0.057,-0.043,-0.108,1.0,0.972,0.925
7000,y2,0.048,-0.322,-0.409,-0.371,-0.129,-0.149,-0.204,-0.321,-0.357,-0.352,-0.151,-0.132,-0.195,0.972,1.0,0.961
7000,y3,0.028,-0.339,-0.425,-0.392,-0.224,-0.228,-0.275,-0.388,-0.393,-0.408,-0.232,-0.172,-0.265,0.925,0.961,1.0
7500,.,1.0,0.073,0.093,0.025,-0.095,-0.074,-0.096,-0.02,0.11,0.065,-0.045,-0.076,-0.128,-0.091,-0.125,-0.064
7500,A1_1,0.073,1.0,0.792,0.885,-0.166,-0.198,-0.167,0.848,0.95,0.954,-0.169,-0.187,-0.159,-0.239,-0.27,-0.281
7500,A1_2,0.093,0.792,1.0,0.956,0.183,0.152,0.188,0.932,0.864,0.684,0.183,0.161,0.191,-0.523,-0.565,-0.564
7500,A1_3,0.025,0.885,0.956,1.0,0.045,0.01,0.047,0.949,0.902,0.789,0.014,0.015,0.04,-0.436,-0.475,-0.493
7500,B1_1,-0.095,-0.166,0.183,0.045,1.0,0.971,0.988,0.084,-0.171,-0.304,0.951,0.986,0.936,-0.2,-0.227,-0.238
7500,B1_2,-0.074,-0.198,0.152,0.01,0.971,1.0,0.969,0.092,-0.212,-0.335,0.972,0.97,0.95,-0.172,-0.182,-0.196
7500,B1_3,-0.096,-0.167,0.188,0.047,0.988,0.969,1.0,0.105,-0.173,-0.302,0.943,0.972,0.959,-0.265,-0.286,-0.301
7500,A2_1,-0.02,0.848,0.932,0.949,0.084,0.092,0.105,1.0,0.874,0.731,0.087,0.073,0.148,-0.409,-0.437,-0.448
7500,A2_2,0.11,0.95,0.864,0.902,-0.171,-0.212,-0.173,0.874,1.0,0.936,-0.162,-0.188,-0.158,-0.32,-0.357,-0.344
7500,A2_3,0.065,0.954,0.684,0.789,-0.304,-0.335,-0.302,0.731,0.936,1.0,-0.281,-0.325,-0.295,-0.207,-0.227,-0.229
7500,B2_1,-0.045,-0.169,0.183,0.014,0.951,0.972,0.943,0.087,-0.162,-0.281,1.0,0.966,0.954,-0.225,-0.232,-0.229
7500,B2_2,-0.076,-0.187,0.161,0.015,0.986,0.97,0.972,0.073,-0.188,-0.325,0.966,1.0,0.958,-0.191,-0.212,-0.212
7500,B2_3,-0.128,-0.159,0.191,0.04,0.936,0.95,0.959,0.148,-0.158,-0.295,0.954,0.958,1.0,-0.275,-0.28,-0.282
7500,y1,-0.091,-0.239,-0.523,-0.436,-0.2,-0.172,-0.265,-0.409,-0.32,-0.207,-0.225,-0.191,-0.275,1.0,0.992,0.987
7500,y2,-0.125,-0.27,-0.565,-0.475,-0.227,-0.182,-0.286,-0.437,-0.357,-0.227,-0.232,-0.212,-0.28,0.992,1.0,0.993
7500,y3,-0.064,-0.281,-0.564,-0.493,-0.238,-0.196,-0.301,-0.448,-0.344,-0.229,-0.229,-0.212,-0.282,0.987,0.993,1.0
8000,.,1.0,0.023,-0.079,0.103,-0.187,-0.089,-0.154,-0.058,0.041,0.153,-0.101,-0.068,-0.095,0.12,0.12,0.082
8000,A1_1,0.023,1.0,0.927,0.929,0.122,0.074,0.151,0.897,0.961,0.934,0.148,0.127,0.219,-0.428,-0.423,-0.462
8000,A1_2,-0.079,0.927,1.0,0.838,0.107,0.067,0.129,0.988,0.969,0.858,0.133,0.083,0.209,-0.514,-0.481,-0.51
8000,A1_3,0.103,0.929,0.838,1.0,0.012,-0.029,0.05,0.801,0.931,0.936,0.012,0.067,0.136,-0.482,-0.474,-0.54
8000,B1_1,-0.187,0.122,0.107,0.012,1.0,0.971,0.982,0.014,0.001,-0.077,0.974,0.972,0.944,-0.333,-0.262,-0.336
8000,B1_2,-0.089,0.074,0.067,-0.029,0.971,1.0,0.943,-0.014,-0.035,-0.077,0.967,0.971,0.952,-0.322,-0.252,-0.343
8000,B1_3,-0.154,0.151,0.129,0.05,0.982,0.943,1.0,0.041,0.028,-0.045,0.965,0.962,0.959,-0.335,-0.265,-0.334
8000,A2_1,-0.058,0.897,0.988,0.801,0.014,-0.014,0.041,1.0,0.956,0.843,0.056,-0.012,0.119,-0.458,-0.425,-0.446
8000,A2_2,0.041,0.961,0.969,0.931,0.001,-0.035,0.028,0.956,1.0,0.933,0.02,0.006,0.114,-0.487,-0.466,-0.506
8000,A2_3,0.153,0.934,0.858,0.936,-0.077,-0.077,-0.045,0.843,0.933,1.0,-0.063,-0.024,0.072,-0.367,-0.385,-0.432
8000,B2_1,-0.101,0.148,0.133,0.012,0.974,0.967,0.965,0.056,0.02,-0.063,1.0,0.959,0.942,-0.317,-0.244,-0.322
8000,B2_2,-0.068,0.127,0.083,0.067,0.972,0.971,0.962,-0.012,0.006,-0.024,0.959,1.0,0.947,-0.289,-0.217,-0.326
8000,B2_3,-0.095,0.219,0.209,0.136,0.944,0.952,0.959,0.119,0.114,0.072,0.942,0.947,1.0,-0.432,-0.366,-0.458
8000,y1,0.12,-0.428,-0.514,-0.482,-0.333,-0.322,-0.335,-0.458,-0.487,-0.367,-0.317,-0.289,-0.432,1.0,0.984,0.982
8000,y2,0.12,-0.423,-0.481,-0.474,-0.262,-0.252,-0.265,-0.425,-0.466,-0.385,-0.244,-0.217,-0.366,0.984,1.0,0.969
8000,y3,0.082,-0.462,-0.51,-0.54,-0.336,-0.343,-0.334,-0.446,-0.506,-0.432,-0.322,-0.326,-0.458,0.982,0.969,1.0
8500,.,1.0,-0.208,-0.194,-0.169,-0.071,-0.063,-0.081,-0.225,-0.069,-0.27,-0.088,-0.114,-0.178,-0.093,-0.065,-0.061
8500,A1_1,-0.208,1.0,0.956,0.964,-0.119,-0.394,-0.314,0.975,0.957,0.978,-0.192,-0.378,-0.2,-0.353,-0.302,-0.325
8500,A1_2,-0.194,0.956,1.0,0.953,-0.159,-0.38,-0.31,0.962,0.961,0.951,-0.208,-0.377,-0.173,-0.326,-0.3,-0.352
8500,A1_3,-0.169,0.964,0.953,1.0,-0.155,-0.369,-0.311,0.964,0.952,0.955,-0.203,-0.364,-0.203,-0.414,-0.349,-0.373
8500,B1_1,-0.071,-0.119,-0.159,-0.155,1.0,0.85,0.896,-0.139,-0.185,-0.16,0.953,0.862,0.94,-0.286,-0.38,-0.327
8500,B1_2,-0.063,-0.394,-0.38,-0.369,0.85,1.0,0.968,-0.416,-0.408,-0.413,0.927,0.983,0.931,-0.145,-0.236,-0.193
8500,B1_3,-0.081,-0.314,-0.31,-0.311,0.896,0.968,1.0,-0.34,-0.331,-0.34,0.95,0.972,0.948,-0.256,-0.361,-0.305
8500,A2_1,-0.225,0.975,0.962,0.964,-0.139,-0.416,-0.34,1.0,0.926,0.984,-0.216,-0.406,-0.209,-0.402,-0.362,-0.378
8500,A2_2,-0.069,0.957,0.961,0.952,-0.185,-0.408,-0.331,0.926,1.0,0.918,-0.247,-0.403,-0.248,-0.385,-0.335,-0.39
8500,A2_3,-0.27,0.978,0.951,0.955,-0.16,-0.413,-0.34,0.984,0.918,1.0,-0.212,-0.399,-0.217,-0.368,-0.33,-0.349
8500,B2_1,-0.088,-0.192,-0.208,-0.203,0.953,0.927,0.95,-0.216,-0.247,-0.212,1.0,0.94,0.955,-0.274,-0.373,-0.327
8500,B2_2,-0.114,-0.378,-0.377,-0.364,0.862,0.983,0.972,-0.406,-0.403,-0.399,0.94,1.0,0.923,-0.157,-0.252,-0.197
8500,B2_3,-0.178,-0.2,-0.173,-0.203,0.94,0.931,0.948,-0.209,-0.248,-0.217,0.955,0.923,1.0,-0.163,-0.276,-0.237
8500,y1,-0.093,-0.353,-0.326,-0.414,-0.286,-0.145,-0.256,-0.402,-0.385,-0.368,-0.274,-0.157,-0.163,1.0,0.979,0.962
8500,y2,-0.065,-0.302,-0.3,-0.349,-0.38,-0.236,-0.361,-0.362,-0.335,-0.33,-0.373,-0.252,-0.276,0.979,1.0,0.981
8500,y3,-0.061,-0.325,-0.352,-0.373,-0.327,-0.193,-0.305,-0.378,-0.39,-0.349,-0.327,-0.197,-0.237,0.962,0.981,1.0
9000,.,1.0,-0.073,0.006,-0.044,-0.225,-0.209,-0.18,0.017,0.079,-0.075,-0.184,-0.214,-0.217,0.007,-0.092,-0.077
9000,A1_1,-0.073,1.0,0.928,0.861,-0.125,-0.178,-0.112,0.95,0.933,0.783,-0.111,-0.112,-0.036,-0.199,-0.232,-0.148
9000,A1_2,0.006,0.928,1.0,0.912,-0.174,-0.274,-0.161,0.932,0.954,0.901,-0.15,-0.145,-0.125,-0.321,-0.361,-0.306
9000,A1_3,-0.044,0.861,0.912,1.0,-0.111,-0.196,-0.062,0.919,0.906,0.942,-0.102,-0.061,-0.063,-0.34,-0.403,-0.378
9000,B1_1,-0.225,-0.125,-0.174,-0.111,1.0,0.972,0.986,-0.15,-0.256,-0.1,0.953,0.978,0.966,-0.342,-0.277,-0.336
9000,B1_2,-0.209,-0.178,-0.274,-0.196,0.972,1.0,0.972,-0.204,-0.341,-0.224,0.942,0.944,0.969,-0.269,-0.195,-0.24
9000,B1_3,-0.18,-0.112,-0.161,-0.062,0.986,0.972,1.0,-0.116,-0.235,-0.071,0.954,0.979,0.96,-0.352,-0.305,-0.361
9000,A2_1,0.017,0.95,0.932,0.919,-0.15,-0.204,-0.116,1.0,0.902,0.801,-0.145,-0.106,-0.08,-0.139,-0.194,-0.139
9000,A2_2,0.079,0.933,0.954,0.906,-0.256,-0.341,-0.235,0.902,1.0,0.894,-0.211,-0.24,-0.188,-0.296,-0.366,-0.315
9000,A2_3,-0.075,0.783,0.901,0.942,-0.1,-0.224,-0.071,0.801,0.894,1.0,-0.069,-0.076,-0.081,-0.521,-0.588,-0.568
9000,B2_1,-0.184,-0.111,-0.15,-0.102,0.953,0.942,0.954,-0.145,-0.211,-0.069,1.0,0.914,0.939,-0.414,-0.362,-0.414
9000,B2_2,-0.214,-0.112,-0.145,-0.061,0.978,0.944,0.979,-0.106,-0.24,-0.076,0.914,1.0,0.921,-0.28,-0.224,-0.296
9000,B2_3,-0.217,-0.036,-0.125,-0.063,0.966,0.969,0.96,-0.08,-0.188,-0.081,0.939,0.921,1.0,-0.398,-0.315,-0.356
9000,y1,0.007,-0.199,-0.321,-0.34,-0.342,-0.269,-0.352,-0.139,-0.296,-0.521,-0.414,-0.28,-0.398,1.0,0.967,0.93
9000,y2,-0.092,-0.232,-0.361,-0.403,-0.277,-0.195,-0.305,-0.194,-0.366,-0.588,-0.362,-0.224,-0.315,0.967,1.0,0.971
9000,y3,-0.077,-0.148,-0.306,-0.378,-0.336,-0.24,-0.361,-0.139,-0.315,-0.568,-0.414,-0.296,-0.356,0.93,0.971,1.0
9500,.,1.0,-0.006,0.085,0.156,-0.169,-0.26,-0.185,0.142,0.096,0.011,-0.189,-0.192,-0.246,-0.021,0.077,-0.001
9500,A1_1,-0.006,1.0,0.862,0.764,-0.037,-0.274,-0.094,0.89,0.745,0.829,0.046,-0.149,-0.019,-0.366,-0.37,-0.323
9500,A1_2,0.085,0.862,1.0,0.836,-0.206,-0.488,-0.217,0.968,0.923,0.904,-0.162,-0.283,-0.117,-0.47,-0.424,-0.402
9500,A1_3,0.156,0.764,0.836,1.0,-0.016,-0.276,-0.006,0.912,0.891,0.894,-0.045,-0.028,0.008,-0.502,-0.42,-0.48
9500,B1_1,-0.169,-0.037,-0.206,-0.016,1.0,0.931,0.97,-0.111,-0.035,-0.173,0.968,0.957,0.949,-0.389,-0.494,-0.519
9500,B1_2,-0.26,-0.274,-0.488,-0.276,0.931,1.0,0.908,-0.394,-0.314,-0.423,0.891,0.917,0.851,-0.174,-0.292,-0.322
9500,B1_3,-0.185,-0.094,-0.217,-0.006,0.97,0.908,1.0,-0.116,-0.027,-0.166,0.937,0.957,0.961,-0.443,-0.527,-0.564
9500,A2_1,0.142,0.89,0.968,0.912,-0.111,-0.394,-0.116,1.0,0.919,0.944,-0.078,-0.174,-0.044,-0.464,-0.419,-0.42
9500,A2_2,0.096,0.745,0.923,0.891,-0.035,-0.314,-0.027,0.919,1.0,0.881,-0.036,-0.114,0.051,-0.68,-0.628,-0.649
9500,A2_3,0.011,0.829,0.904,0.894,-0.173,-0.423,-0.166,0.944,0.881,1.0,-0.154,-0.186,-0.083,-0.45,-0.398,-0.386
9500,B2_1,-0.189,0.046,-0.162,-0.045,0.968,0.891,0.937,-0.078,-0.036,-0.154,1.0,0.895,0.919,-0.382,-0.512,-0.489
9500,B2_2,-0.192,-0.149,-0.283,-0.028,0.957,0.917,0.957,-0.174,-0.114,-0.186,0.895,1.0,0.912,-0.299,-0.375,-0.406
9500,B2_3,-0.246,-0.019,-0.117,0.008,0.949,0.851,0.961,-0.044,0.051,-0.083,0.919,0.912,1.0,-0.539,-0.633,-0.628
9500,y1,-0.021,-0.366,-0.47,-0.502,-0.389,-0.174,-0.443,-0.464,-0.68,-0.45,-0.382,-0.299,-0.539,1.0,0.977,0.96
9500,y2,0.077,-0.37,-0.424,-0.42,-0.494,-0.292,-0.527,-0.419,-0.628,-0.398,-0.512,-0.375,-0.633,0.977,1.0,0.957
9500,y3,-0.001,-0.323,-0.402,-0.48,-0.519,-0.322,-0.564,-0.42,-0.649,-0.386,-0.489,-0.406,-0.628,0.96,0.957,1.0
10000,.,1.0,-0.296,-0.289,-0.396,-0.287,-0.223,-0.289,-0.288,-0.305,-0.277,-0.278,-0.293,-0.343,0.333,0.292,0.381
10000,A1_1,-0.296,1.0,0.928,0.937,0.363,0.099,0.101,0.958,0.931,0.921,0.151,0.261,0.251,-0.68,-0.698,-0.721
10000,A1_2,-0.289,0.928,1.0,0.961,0.368,0.103,0.138,0.975,0.966,0.936,0.162,0.28,0.26,-0.75,-0.78,-0.773
10000,A1_3,-0.396,0.937,0.961,1.0,0.349,0.067,0.114,0.984,0.959,0.969,0.134,0.26,0.261,-0.727,-0.742,-0.751
10000,B1_1,-0.287,0.363,0.368,0.349,1.0,0.916,0.898,0.339,0.322,0.214,0.885,0.963,0.973,-0.665,-0.632,-0.684
10000,B1_2,-0.223,0.099,0.103,0.067,0.916,1.0,0.977,0.048,0.046,-0.061,0.954,0.936,0.947,-0.468,-0.442,-0.467
10000,B1_3,-0.289,0.101,0.138,0.114,0.898,0.977,1.0,0.077,0.09,-0.018,0.965,0.947,0.956,-0.48,-0.444,-0.483
10000,A2_1,-0.288,0.958,0.975,0.984,0.339,0.048,0.077,1.0,0.98,0.972,0.097,0.234,0.228,-0.728,-0.747,-0.752
10000,A2_2,-0.305,0.931,0.966,0.959,0.322,0.046,0.09,0.98,1.0,0.956,0.085,0.235,0.225,-0.762,-0.772,-0.777
10000,A2_3,-0.277,0.921,0.936,0.969,0.214,-0.061,-0.018,0.972,0.956,1.0,-0.004,0.124,0.121,-0.63,-0.646,-0.647
10000,B2_1,-0.278,0.151,0.162,0.134,0.885,0.954,0.965,0.097,0.085,-0.004,1.0,0.944,0.942,-0.465,-0.428,-0.486
10000,B2_2,-0.293,0.261,0.28,0.26,0.963,0.936,0.947,0.234,0.235,0.124,0.944,1.0,0.989,-0.594,-0.551,-0.613
10000,B2_3,-0.343,0.251,0.26,0.261,0.973,0.947,0.956,0.228,0.225,0.121,0.942,0.989,1.0,-0.605,-0.557,-0.621
10000,y1,0.333,-0.68,-0.75,-0.727,-0.665,-0.468,-0.48,-0.728,-0.762,-0.63,-0.465,-0.594,-0.605,1.0,0.99,0.99
10000,y2,0.292,-0.698,-0.78,-0.742,-0.632,-0.442,-0.444,-0.747,-0.772,-0.646,-0.428,-0.551,-0.557,0.99,1.0,0.976
10000,y3,0.381,-0.721,-0.773,-0.751,-0.684,-0.467,-0.483,-0.752,-0.777,-0.647,-0.486,-0.613,-0.621,0.99,0.976,1.0
