,,.,A1_1,A1_2,A1_3,B1_1,B1_2,B1_3,A2_1,A2_2,A2_3,B2_1,B2_2,B2_3,y1,y2,y3
1,.,1.0,0.813,0.801,0.8,0.693,0.792,0.663,0.806,0.831,0.845,0.748,0.703,0.684,0.859,0.725,0.702
1,A1_1,0.813,1.0,0.715,0.76,0.687,0.84,0.576,0.771,0.717,0.685,0.732,0.604,0.692,0.767,0.776,0.65
1,A1_2,0.801,0.715,1.0,0.816,0.641,0.641,0.668,0.693,0.873,0.675,0.604,0.734,0.75,0.733,0.672,0.788
1,A1_3,0.8,0.76,0.816,1.0,0.661,0.751,0.482,0.708,0.702,0.639,0.585,0.67,0.713,0.714,0.711,0.874
1,B1_1,0.693,0.687,0.641,0.661,1.0,0.819,0.62,0.653,0.653,0.609,0.879,0.758,0.884,0.614,0.777,0.778
1,B1_2,0.792,0.84,0.641,0.751,0.819,1.0,0.554,0.765,0.661,0.694,0.811,0.574,0.73,0.73,0.766,0.759
1,B1_3,0.663,0.576,0.668,0.482,0.62,0.554,1.0,0.405,0.66,0.55,0.62,0.436,0.619,0.707,0.474,0.511
1,A2_1,0.806,0.771,0.693,0.708,0.653,0.765,0.405,1.0,0.755,0.656,0.771,0.599,0.654,0.615,0.725,0.649
1,A2_2,0.831,0.717,0.873,0.702,0.653,0.661,0.66,0.755,1.0,0.739,0.73,0.739,0.769,0.793,0.74,0.638
1,A2_3,0.845,0.685,0.675,0.639,0.609,0.694,0.55,0.656,0.739,1.0,0.699,0.609,0.559,0.775,0.77,0.555
1,B2_1,0.748,0.732,0.604,0.585,0.879,0.811,0.62,0.771,0.73,0.699,1.0,0.653,0.745,0.623,0.736,0.634
1,B2_2,0.703,0.604,0.734,0.67,0.758,0.574,0.436,0.599,0.739,0.609,0.653,1.0,0.815,0.609,0.708,0.701
1,B2_3,0.684,0.692,0.75,0.713,0.884,0.73,0.619,0.654,0.769,0.559,0.745,0.815,1.0,0.692,0.776,0.772
1,y1,0.859,0.767,0.733,0.714,0.614,0.73,0.707,0.615,0.793,0.775,0.623,0.609,0.692,1.0,0.671,0.577
1,y2,0.725,0.776,0.672,0.711,0.777,0.766,0.474,0.725,0.74,0.77,0.736,0.708,0.776,0.671,1.0,0.666
1,y3,0.702,0.65,0.788,0.874,0.778,0.759,0.511,0.649,0.638,0.555,0.634,0.701,0.772,0.577,0.666,1.0
2,.,1.0,0.809,0.798,0.801,0.691,0.789,0.662,0.807,0.824,0.843,0.744,0.699,0.679,0.854,0.72,0.706
2,A1_1,0.809,1.0,0.716,0.76,0.684,0.838,0.575,0.772,0.716,0.685,0.729,0.604,0.689,0.764,0.776,0.653
2,A1_2,0.798,0.716,1.0,0.818,0.639,0.637,0.669,0.696,0.873,0.676,0.604,0.733,0.747,0.73,0.67,0.79
2,A1_3,0.801,0.76,0.818,1.0,0.659,0.748,0.487,0.709,0.703,0.641,0.585,0.673,0.712,0.714,0.712,0.874
2,B1_1,0.691,0.684,0.639,0.659,1.0,0.818,0.624,0.654,0.645,0.608,0.879,0.757,0.886,0.609,0.776,0.781
2,B1_2,0.789,0.838,0.637,0.748,0.818,1.0,0.555,0.767,0.654,0.692,0.81,0.574,0.729,0.728,0.766,0.761
2,B1_3,0.662,0.575,0.669,0.487,0.624,0.555,1.0,0.412,0.656,0.549,0.621,0.432,0.618,0.701,0.473,0.521
2,A2_1,0.807,0.772,0.696,0.709,0.654,0.767,0.412,1.0,0.755,0.66,0.772,0.602,0.655,0.616,0.725,0.653
2,A2_2,0.824,0.716,0.873,0.703,0.645,0.654,0.656,0.755,1.0,0.737,0.722,0.735,0.762,0.789,0.736,0.638
2,A2_3,0.843,0.685,0.676,0.641,0.608,0.692,0.549,0.66,0.737,1.0,0.698,0.608,0.558,0.772,0.77,0.559
2,B2_1,0.744,0.729,0.604,0.585,0.879,0.81,0.621,0.772,0.722,0.698,1.0,0.651,0.746,0.617,0.735,0.64
2,B2_2,0.699,0.604,0.733,0.673,0.757,0.574,0.432,0.602,0.735,0.608,0.651,1.0,0.814,0.605,0.709,0.706
2,B2_3,0.679,0.689,0.747,0.712,0.886,0.729,0.618,0.655,0.762,0.558,0.746,0.814,1.0,0.686,0.776,0.776
2,y1,0.854,0.764,0.73,0.714,0.609,0.728,0.701,0.616,0.789,0.772,0.617,0.605,0.686,1.0,0.67,0.58
2,y2,0.72,0.776,0.67,0.712,0.776,0.766,0.473,0.725,0.736,0.77,0.735,0.709,0.776,0.67,1.0,0.67
2,y3,0.706,0.653,0.79,0.874,0.781,0.761,0.521,0.653,0.638,0.559,0.64,0.706,0.776,0.58,0.67,1.0
3,.,1.0,0.807,0.797,0.803,0.692,0.788,0.665,0.808,0.819,0.841,0.743,0.698,0.678,0.85,0.717,0.711
3,A1_1,0.807,1.0,0.719,0.763,0.684,0.837,0.578,0.775,0.717,0.688,0.728,0.606,0.689,0.763,0.779,0.658
3,A1_2,0.797,0.719,1.0,0.822,0.639,0.637,0.673,0.7,0.874,0.68,0.607,0.734,0.745,0.729,0.671,0.793
3,A1_3,0.803,0.763,0.822,1.0,0.66,0.746,0.497,0.711,0.706,0.646,0.588,0.677,0.713,0.716,0.714,0.874
3,B1_1,0.692,0.684,0.639,0.66,1.0,0.819,0.631,0.657,0.64,0.61,0.882,0.759,0.888,0.608,0.777,0.786
3,B1_2,0.788,0.837,0.637,0.746,0.819,1.0,0.562,0.769,0.651,0.692,0.812,0.578,0.732,0.727,0.768,0.766
3,B1_3,0.665,0.578,0.673,0.497,0.631,0.562,1.0,0.424,0.655,0.552,0.628,0.434,0.622,0.698,0.477,0.534
3,A2_1,0.808,0.775,0.7,0.711,0.657,0.769,0.424,1.0,0.757,0.666,0.775,0.606,0.659,0.619,0.726,0.658
3,A2_2,0.819,0.717,0.874,0.706,0.64,0.651,0.655,0.757,1.0,0.737,0.716,0.733,0.757,0.787,0.735,0.641
3,A2_3,0.841,0.688,0.68,0.646,0.61,0.692,0.552,0.666,0.737,1.0,0.7,0.609,0.561,0.77,0.772,0.566
3,B2_1,0.743,0.728,0.607,0.588,0.882,0.812,0.628,0.775,0.716,0.7,1.0,0.653,0.75,0.616,0.737,0.65
3,B2_2,0.698,0.606,0.734,0.677,0.759,0.578,0.434,0.606,0.733,0.609,0.653,1.0,0.815,0.605,0.711,0.712
3,B2_3,0.678,0.689,0.745,0.713,0.888,0.732,0.622,0.659,0.757,0.561,0.75,0.815,1.0,0.684,0.778,0.781
3,y1,0.85,0.763,0.729,0.716,0.608,0.727,0.698,0.619,0.787,0.77,0.616,0.605,0.684,1.0,0.671,0.585
3,y2,0.717,0.779,0.671,0.714,0.777,0.768,0.477,0.726,0.735,0.772,0.737,0.711,0.778,0.671,1.0,0.675
3,y3,0.711,0.658,0.793,0.874,0.786,0.766,0.534,0.658,0.641,0.566,0.65,0.712,0.781,0.585,0.675,1.0
4,.,1.0,0.806,0.797,0.806,0.694,0.788,0.669,0.809,0.815,0.84,0.742,0.697,0.678,0.848,0.715,0.716
4,A1_1,0.806,1.0,0.724,0.766,0.685,0.837,0.583,0.779,0.72,0.692,0.729,0.611,0.691,0.764,0.782,0.665
4,A1_2,0.797,0.724,1.0,0.826,0.642,0.638,0.679,0.705,0.876,0.685,0.612,0.735,0.745,0.729,0.673,0.796
4,A1_3,0.806,0.766,0.826,1.0,0.662,0.746,0.508,0.714,0.71,0.652,0.593,0.683,0.715,0.72,0.717,0.875
4,B1_1,0.694,0.685,0.642,0.662,1.0,0.821,0.642,0.66,0.637,0.614,0.885,0.762,0.892,0.609,0.778,0.791
4,B1_2,0.788,0.837,0.638,0.746,0.821,1.0,0.571,0.771,0.649,0.693,0.815,0.583,0.736,0.728,0.77,0.771
4,B1_3,0.669,0.583,0.679,0.508,0.642,0.571,1.0,0.437,0.656,0.557,0.637,0.44,0.629,0.697,0.484,0.55
4,A2_1,0.809,0.779,0.705,0.714,0.66,0.771,0.437,1.0,0.76,0.672,0.777,0.612,0.664,0.623,0.728,0.664
4,A2_2,0.815,0.72,0.876,0.71,0.637,0.649,0.656,0.76,1.0,0.738,0.713,0.732,0.753,0.785,0.735,0.645
4,A2_3,0.84,0.692,0.685,0.652,0.614,0.693,0.557,0.672,0.738,1.0,0.703,0.613,0.566,0.77,0.775,0.575
4,B2_1,0.742,0.729,0.612,0.593,0.885,0.815,0.637,0.777,0.713,0.703,1.0,0.658,0.757,0.617,0.739,0.661
4,B2_2,0.697,0.611,0.735,0.683,0.762,0.583,0.44,0.612,0.732,0.613,0.658,1.0,0.817,0.606,0.715,0.719
4,B2_3,0.678,0.691,0.745,0.715,0.892,0.736,0.629,0.664,0.753,0.566,0.757,0.817,1.0,0.684,0.781,0.788
4,y1,0.848,0.764,0.729,0.72,0.609,0.728,0.697,0.623,0.785,0.77,0.617,0.606,0.684,1.0,0.673,0.592
4,y2,0.715,0.782,0.673,0.717,0.778,0.77,0.484,0.728,0.735,0.775,0.739,0.715,0.781,0.673,1.0,0.682
4,y3,0.716,0.665,0.796,0.875,0.791,0.771,0.55,0.664,0.645,0.575,0.661,0.719,0.788,0.592,0.682,1.0
5,.,1.0,0.805,0.798,0.809,0.696,0.788,0.675,0.81,0.811,0.84,0.743,0.699,0.679,0.845,0.713,0.722
5,A1_1,0.805,1.0,0.729,0.77,0.688,0.836,0.589,0.782,0.724,0.697,0.73,0.617,0.693,0.765,0.785,0.672
5,A1_2,0.798,0.729,1.0,0.831,0.645,0.64,0.685,0.711,0.878,0.691,0.618,0.738,0.745,0.731,0.676,0.8
5,A1_3,0.809,0.77,0.831,1.0,0.664,0.745,0.521,0.717,0.715,0.658,0.599,0.689,0.717,0.724,0.721,0.876
5,B1_1,0.696,0.688,0.645,0.664,1.0,0.824,0.654,0.665,0.636,0.619,0.889,0.766,0.896,0.612,0.78,0.797
5,B1_2,0.788,0.836,0.64,0.745,0.824,1.0,0.581,0.774,0.647,0.696,0.818,0.591,0.742,0.729,0.774,0.777
5,B1_3,0.675,0.589,0.685,0.521,0.654,0.581,1.0,0.451,0.658,0.564,0.649,0.45,0.638,0.697,0.492,0.567
5,A2_1,0.81,0.782,0.711,0.717,0.665,0.774,0.451,1.0,0.763,0.678,0.78,0.619,0.67,0.628,0.731,0.671
5,A2_2,0.811,0.724,0.878,0.715,0.636,0.647,0.658,0.763,1.0,0.741,0.71,0.732,0.75,0.784,0.735,0.651
5,A2_3,0.84,0.697,0.691,0.658,0.619,0.696,0.564,0.678,0.741,1.0,0.707,0.617,0.573,0.77,0.778,0.585
5,B2_1,0.743,0.73,0.618,0.599,0.889,0.818,0.649,0.78,0.71,0.707,1.0,0.664,0.765,0.62,0.743,0.674
5,B2_2,0.699,0.617,0.738,0.689,0.766,0.591,0.45,0.619,0.732,0.617,0.664,1.0,0.821,0.61,0.72,0.727
5,B2_3,0.679,0.693,0.745,0.717,0.896,0.742,0.638,0.67,0.75,0.573,0.765,0.821,1.0,0.685,0.784,0.795
5,y1,0.845,0.765,0.731,0.724,0.612,0.729,0.697,0.628,0.784,0.77,0.62,0.61,0.685,1.0,0.676,0.6
5,y2,0.713,0.785,0.676,0.721,0.78,0.774,0.492,0.731,0.735,0.778,0.743,0.72,0.784,0.676,1.0,0.689
5,y3,0.722,0.672,0.8,0.876,0.797,0.777,0.567,0.671,0.651,0.585,0.674,0.727,0.795,0.6,0.689,1.0
6,.,1.0,0.804,0.798,0.812,0.699,0.788,0.682,0.812,0.809,0.839,0.744,0.701,0.681,0.843,0.711,0.727
6,A1_1,0.804,1.0,0.735,0.775,0.691,0.837,0.596,0.786,0.728,0.703,0.733,0.624,0.697,0.766,0.789,0.68
6,A1_2,0.798,0.735,1.0,0.835,0.649,0.642,0.692,0.717,0.881,0.698,0.625,0.741,0.746,0.733,0.679,0.803
6,A1_3,0.812,0.775,0.835,1.0,0.666,0.745,0.534,0.721,0.721,0.666,0.606,0.695,0.719,0.729,0.724,0.876
6,B1_1,0.699,0.691,0.649,0.666,1.0,0.828,0.668,0.669,0.635,0.625,0.894,0.771,0.901,0.617,0.783,0.803
6,B1_2,0.788,0.837,0.642,0.745,0.828,1.0,0.593,0.777,0.647,0.699,0.823,0.6,0.748,0.731,0.777,0.783
6,B1_3,0.682,0.596,0.692,0.534,0.668,0.593,1.0,0.466,0.662,0.573,0.662,0.463,0.649,0.699,0.502,0.584
6,A2_1,0.812,0.786,0.717,0.721,0.669,0.777,0.466,1.0,0.767,0.685,0.783,0.626,0.675,0.633,0.733,0.677
6,A2_2,0.809,0.728,0.881,0.721,0.635,0.647,0.662,0.767,1.0,0.744,0.709,0.733,0.747,0.784,0.735,0.656
6,A2_3,0.839,0.703,0.698,0.666,0.625,0.699,0.573,0.685,0.744,1.0,0.711,0.623,0.581,0.771,0.781,0.594
6,B2_1,0.744,0.733,0.625,0.606,0.894,0.823,0.662,0.783,0.709,0.711,1.0,0.672,0.775,0.624,0.746,0.686
6,B2_2,0.701,0.624,0.741,0.695,0.771,0.6,0.463,0.626,0.733,0.623,0.672,1.0,0.824,0.614,0.725,0.735
6,B2_3,0.681,0.697,0.746,0.719,0.901,0.748,0.649,0.675,0.747,0.581,0.775,0.824,1.0,0.687,0.788,0.802
6,y1,0.843,0.766,0.733,0.729,0.617,0.731,0.699,0.633,0.784,0.771,0.624,0.614,0.687,1.0,0.68,0.608
6,y2,0.711,0.789,0.679,0.724,0.783,0.777,0.502,0.733,0.735,0.781,0.746,0.725,0.788,0.68,1.0,0.696
6,y3,0.727,0.68,0.803,0.876,0.803,0.783,0.584,0.677,0.656,0.594,0.686,0.735,0.802,0.608,0.696,1.0
7,.,1.0,0.802,0.799,0.814,0.701,0.787,0.688,0.813,0.806,0.839,0.744,0.703,0.683,0.842,0.709,0.732
7,A1_1,0.802,1.0,0.741,0.779,0.694,0.837,0.604,0.79,0.733,0.709,0.735,0.631,0.7,0.768,0.792,0.687
7,A1_2,0.799,0.741,1.0,0.84,0.653,0.645,0.699,0.723,0.883,0.704,0.632,0.745,0.746,0.735,0.681,0.806
7,A1_3,0.814,0.779,0.84,1.0,0.668,0.745,0.546,0.725,0.727,0.673,0.612,0.701,0.721,0.733,0.727,0.876
7,B1_1,0.701,0.694,0.653,0.668,1.0,0.831,0.682,0.673,0.634,0.63,0.898,0.776,0.906,0.621,0.785,0.809
7,B1_2,0.787,0.837,0.645,0.745,0.831,1.0,0.605,0.779,0.647,0.702,0.827,0.608,0.754,0.733,0.78,0.789
7,B1_3,0.688,0.604,0.699,0.546,0.682,0.605,1.0,0.481,0.665,0.581,0.675,0.476,0.661,0.7,0.511,0.599
7,A2_1,0.813,0.79,0.723,0.725,0.673,0.779,0.481,1.0,0.771,0.692,0.785,0.634,0.681,0.639,0.735,0.683
7,A2_2,0.806,0.733,0.883,0.727,0.634,0.647,0.665,0.771,1.0,0.747,0.707,0.734,0.745,0.784,0.736,0.662
7,A2_3,0.839,0.709,0.704,0.673,0.63,0.702,0.581,0.692,0.747,1.0,0.715,0.628,0.588,0.773,0.784,0.603
7,B2_1,0.744,0.735,0.632,0.612,0.898,0.827,0.675,0.785,0.707,0.715,1.0,0.681,0.784,0.629,0.749,0.698
7,B2_2,0.703,0.631,0.745,0.701,0.776,0.608,0.476,0.634,0.734,0.628,0.681,1.0,0.828,0.62,0.73,0.744
7,B2_3,0.683,0.7,0.746,0.721,0.906,0.754,0.661,0.681,0.745,0.588,0.784,0.828,1.0,0.689,0.791,0.809
7,y1,0.842,0.768,0.735,0.733,0.621,0.733,0.7,0.639,0.784,0.773,0.629,0.62,0.689,1.0,0.684,0.617
7,y2,0.709,0.792,0.681,0.727,0.785,0.78,0.511,0.735,0.736,0.784,0.749,0.73,0.791,0.684,1.0,0.703
7,y3,0.732,0.687,0.806,0.876,0.809,0.789,0.599,0.683,0.662,0.603,0.698,0.744,0.809,0.617,0.703,1.0
8,.,1.0,0.801,0.799,0.816,0.703,0.786,0.694,0.813,0.804,0.838,0.744,0.706,0.684,0.84,0.707,0.735
8,A1_1,0.801,1.0,0.748,0.783,0.697,0.837,0.611,0.794,0.738,0.715,0.738,0.639,0.704,0.77,0.795,0.694
8,A1_2,0.799,0.748,1.0,0.844,0.656,0.648,0.705,0.729,0.886,0.71,0.638,0.748,0.746,0.737,0.684,0.809
8,A1_3,0.816,0.783,0.844,1.0,0.669,0.744,0.557,0.728,0.733,0.68,0.617,0.707,0.722,0.737,0.73,0.876
8,B1_1,0.703,0.697,0.656,0.669,1.0,0.835,0.695,0.677,0.633,0.635,0.903,0.781,0.91,0.625,0.787,0.815
8,B1_2,0.786,0.837,0.648,0.744,0.835,1.0,0.616,0.781,0.648,0.705,0.831,0.618,0.761,0.735,0.784,0.795
8,B1_3,0.694,0.611,0.705,0.557,0.695,0.616,1.0,0.495,0.668,0.589,0.688,0.49,0.673,0.702,0.52,0.615
8,A2_1,0.813,0.794,0.729,0.728,0.677,0.781,0.495,1.0,0.775,0.698,0.786,0.641,0.685,0.644,0.736,0.688
8,A2_2,0.804,0.738,0.886,0.733,0.633,0.648,0.668,0.775,1.0,0.751,0.706,0.735,0.742,0.785,0.736,0.667
8,A2_3,0.838,0.715,0.71,0.68,0.635,0.705,0.589,0.698,0.751,1.0,0.718,0.634,0.596,0.774,0.787,0.611
8,B2_1,0.744,0.738,0.638,0.617,0.903,0.831,0.688,0.786,0.706,0.718,1.0,0.69,0.794,0.633,0.753,0.709
8,B2_2,0.706,0.639,0.748,0.707,0.781,0.618,0.49,0.641,0.735,0.634,0.69,1.0,0.832,0.625,0.735,0.752
8,B2_3,0.684,0.704,0.746,0.722,0.91,0.761,0.673,0.685,0.742,0.596,0.794,0.832,1.0,0.691,0.794,0.815
8,y1,0.84,0.77,0.737,0.737,0.625,0.735,0.702,0.644,0.785,0.774,0.633,0.625,0.691,1.0,0.687,0.624
8,y2,0.707,0.795,0.684,0.73,0.787,0.784,0.52,0.736,0.736,0.787,0.753,0.735,0.794,0.687,1.0,0.71
8,y3,0.735,0.694,0.809,0.876,0.815,0.795,0.615,0.688,0.667,0.611,0.709,0.752,0.815,0.624,0.71,1.0
9,.,1.0,0.8,0.799,0.817,0.704,0.785,0.699,0.813,0.801,0.837,0.743,0.708,0.684,0.838,0.704,0.737
9,A1_1,0.8,1.0,0.754,0.788,0.699,0.836,0.618,0.798,0.744,0.721,0.74,0.646,0.706,0.772,0.798,0.7
9,A1_2,0.799,0.754,1.0,0.848,0.658,0.65,0.71,0.734,0.889,0.716,0.644,0.751,0.745,0.739,0.686,0.81
9,A1_3,0.817,0.788,0.848,1.0,0.67,0.743,0.567,0.732,0.738,0.686,0.621,0.712,0.722,0.741,0.733,0.875
9,B1_1,0.704,0.699,0.658,0.67,1.0,0.839,0.709,0.679,0.632,0.639,0.907,0.786,0.915,0.628,0.788,0.82
9,B1_2,0.785,0.836,0.65,0.743,0.839,1.0,0.628,0.783,0.647,0.707,0.836,0.627,0.768,0.737,0.787,0.8
9,B1_3,0.699,0.618,0.71,0.567,0.709,0.628,1.0,0.507,0.671,0.596,0.701,0.505,0.685,0.704,0.528,0.628
9,A2_1,0.813,0.798,0.734,0.732,0.679,0.783,0.507,1.0,0.779,0.704,0.787,0.647,0.689,0.649,0.738,0.693
9,A2_2,0.801,0.744,0.889,0.738,0.632,0.647,0.671,0.779,1.0,0.755,0.705,0.736,0.738,0.785,0.736,0.671
9,A2_3,0.837,0.721,0.716,0.686,0.639,0.707,0.596,0.704,0.755,1.0,0.721,0.639,0.602,0.776,0.789,0.619
9,B2_1,0.743,0.74,0.644,0.621,0.907,0.836,0.701,0.787,0.705,0.721,1.0,0.699,0.804,0.637,0.756,0.72
9,B2_2,0.708,0.646,0.751,0.712,0.786,0.627,0.505,0.647,0.736,0.639,0.699,1.0,0.836,0.63,0.74,0.759
9,B2_3,0.684,0.706,0.745,0.722,0.915,0.768,0.685,0.689,0.738,0.602,0.804,0.836,1.0,0.693,0.797,0.821
9,y1,0.838,0.772,0.739,0.741,0.628,0.737,0.704,0.649,0.785,0.776,0.637,0.63,0.693,1.0,0.691,0.631
9,y2,0.704,0.798,0.686,0.733,0.788,0.787,0.528,0.738,0.736,0.789,0.756,0.74,0.797,0.691,1.0,0.715
9,y3,0.737,0.7,0.81,0.875,0.82,0.8,0.628,0.693,0.671,0.619,0.72,0.759,0.821,0.631,0.715,1.0
10,.,1.0,0.798,0.798,0.817,0.703,0.782,0.702,0.812,0.798,0.835,0.741,0.709,0.683,0.835,0.7,0.738
10,A1_1,0.798,1.0,0.759,0.791,0.7,0.835,0.623,0.801,0.748,0.726,0.741,0.651,0.708,0.773,0.8,0.705
10,A1_2,0.798,0.759,1.0,0.852,0.658,0.651,0.713,0.739,0.891,0.721,0.647,0.753,0.744,0.739,0.686,0.811
10,A1_3,0.817,0.791,0.852,1.0,0.668,0.741,0.573,0.734,0.743,0.692,0.624,0.715,0.721,0.743,0.734,0.873
10,B1_1,0.703,0.7,0.658,0.668,1.0,0.842,0.72,0.68,0.629,0.642,0.911,0.791,0.919,0.63,0.789,0.824
10,B1_2,0.782,0.835,0.651,0.741,0.842,1.0,0.637,0.783,0.646,0.709,0.839,0.635,0.774,0.737,0.789,0.805
10,B1_3,0.702,0.623,0.713,0.573,0.72,0.637,1.0,0.516,0.673,0.602,0.712,0.517,0.695,0.704,0.535,0.64
10,A2_1,0.812,0.801,0.739,0.734,0.68,0.783,0.516,1.0,0.782,0.709,0.787,0.653,0.692,0.652,0.738,0.696
10,A2_2,0.798,0.748,0.891,0.743,0.629,0.646,0.673,0.782,1.0,0.758,0.702,0.737,0.734,0.784,0.736,0.673
10,A2_3,0.835,0.726,0.721,0.692,0.642,0.709,0.602,0.709,0.758,1.0,0.722,0.644,0.607,0.777,0.791,0.625
10,B2_1,0.741,0.741,0.647,0.624,0.911,0.839,0.712,0.787,0.702,0.722,1.0,0.707,0.812,0.64,0.757,0.729
10,B2_2,0.709,0.651,0.753,0.715,0.791,0.635,0.517,0.653,0.737,0.644,0.707,1.0,0.839,0.635,0.744,0.766
10,B2_3,0.683,0.708,0.744,0.721,0.919,0.774,0.695,0.692,0.734,0.607,0.812,0.839,1.0,0.693,0.798,0.826
10,y1,0.835,0.773,0.739,0.743,0.63,0.737,0.704,0.652,0.784,0.777,0.64,0.635,0.693,1.0,0.693,0.637
10,y2,0.7,0.8,0.686,0.734,0.789,0.789,0.535,0.738,0.736,0.791,0.757,0.744,0.798,0.693,1.0,0.72
10,y3,0.738,0.705,0.811,0.873,0.824,0.805,0.64,0.696,0.673,0.625,0.729,0.766,0.826,0.637,0.72,1.0
11,.,1.0,0.795,0.796,0.817,0.7,0.778,0.704,0.811,0.795,0.833,0.738,0.709,0.681,0.833,0.695,0.737
11,A1_1,0.795,1.0,0.764,0.794,0.7,0.834,0.628,0.803,0.752,0.731,0.741,0.656,0.708,0.774,0.802,0.709
11,A1_2,0.796,0.764,1.0,0.855,0.658,0.651,0.715,0.743,0.893,0.726,0.65,0.754,0.741,0.74,0.687,0.811
11,A1_3,0.817,0.794,0.855,1.0,0.665,0.737,0.579,0.736,0.747,0.697,0.624,0.718,0.718,0.745,0.734,0.871
11,B1_1,0.7,0.7,0.658,0.665,1.0,0.845,0.731,0.681,0.626,0.643,0.914,0.795,0.923,0.631,0.789,0.827
11,B1_2,0.778,0.834,0.651,0.737,0.845,1.0,0.646,0.783,0.645,0.71,0.843,0.643,0.779,0.737,0.791,0.81
11,B1_3,0.704,0.628,0.715,0.579,0.731,0.646,1.0,0.525,0.673,0.607,0.722,0.53,0.706,0.704,0.541,0.65
11,A2_1,0.811,0.803,0.743,0.736,0.681,0.783,0.525,1.0,0.785,0.713,0.786,0.657,0.694,0.654,0.738,0.699
11,A2_2,0.795,0.752,0.893,0.747,0.626,0.645,0.673,0.785,1.0,0.761,0.699,0.736,0.729,0.784,0.735,0.675
11,A2_3,0.833,0.731,0.726,0.697,0.643,0.71,0.607,0.713,0.761,1.0,0.723,0.648,0.611,0.778,0.792,0.629
11,B2_1,0.738,0.741,0.65,0.624,0.914,0.843,0.722,0.786,0.699,0.723,1.0,0.716,0.821,0.642,0.759,0.737
11,B2_2,0.709,0.656,0.754,0.718,0.795,0.643,0.53,0.657,0.736,0.648,0.716,1.0,0.843,0.639,0.748,0.772
11,B2_3,0.681,0.708,0.741,0.718,0.923,0.779,0.706,0.694,0.729,0.611,0.821,0.843,1.0,0.693,0.8,0.831
11,y1,0.833,0.774,0.74,0.745,0.631,0.737,0.704,0.654,0.784,0.778,0.642,0.639,0.693,1.0,0.695,0.641
11,y2,0.695,0.802,0.687,0.734,0.789,0.791,0.541,0.738,0.735,0.792,0.759,0.748,0.8,0.695,1.0,0.725
11,y3,0.737,0.709,0.811,0.871,0.827,0.81,0.65,0.699,0.675,0.629,0.737,0.772,0.831,0.641,0.725,1.0
12,.,1.0,0.792,0.794,0.815,0.696,0.773,0.705,0.809,0.79,0.831,0.733,0.709,0.677,0.829,0.69,0.735
12,A1_1,0.792,1.0,0.768,0.797,0.699,0.832,0.631,0.805,0.756,0.736,0.74,0.66,0.708,0.774,0.803,0.712
12,A1_2,0.794,0.768,1.0,0.858,0.656,0.65,0.716,0.746,0.894,0.73,0.651,0.754,0.737,0.74,0.686,0.81
12,A1_3,0.815,0.797,0.858,1.0,0.66,0.733,0.582,0.737,0.751,0.701,0.623,0.719,0.713,0.747,0.734,0.868
12,B1_1,0.696,0.699,0.656,0.66,1.0,0.848,0.741,0.679,0.621,0.643,0.918,0.799,0.927,0.63,0.789,0.83
12,B1_2,0.773,0.832,0.65,0.733,0.848,1.0,0.654,0.782,0.642,0.71,0.846,0.65,0.784,0.736,0.792,0.813
12,B1_3,0.705,0.631,0.716,0.582,0.741,0.654,1.0,0.531,0.673,0.61,0.732,0.542,0.715,0.703,0.545,0.659
12,A2_1,0.809,0.805,0.746,0.737,0.679,0.782,0.531,1.0,0.788,0.716,0.784,0.661,0.694,0.656,0.737,0.7
12,A2_2,0.79,0.756,0.894,0.751,0.621,0.642,0.673,0.788,1.0,0.763,0.695,0.735,0.723,0.782,0.733,0.676
12,A2_3,0.831,0.736,0.73,0.701,0.643,0.71,0.61,0.716,0.763,1.0,0.722,0.65,0.614,0.778,0.792,0.633
12,B2_1,0.733,0.74,0.651,0.623,0.918,0.846,0.732,0.784,0.695,0.722,1.0,0.723,0.828,0.642,0.759,0.744
12,B2_2,0.709,0.66,0.754,0.719,0.799,0.65,0.542,0.661,0.735,0.65,0.723,1.0,0.846,0.642,0.751,0.777
12,B2_3,0.677,0.708,0.737,0.713,0.927,0.784,0.715,0.694,0.723,0.614,0.828,0.846,1.0,0.691,0.8,0.834
12,y1,0.829,0.774,0.74,0.747,0.63,0.736,0.703,0.656,0.782,0.778,0.642,0.642,0.691,1.0,0.696,0.644
12,y2,0.69,0.803,0.686,0.734,0.789,0.792,0.545,0.737,0.733,0.792,0.759,0.751,0.8,0.696,1.0,0.728
12,y3,0.735,0.712,0.81,0.868,0.83,0.813,0.659,0.7,0.676,0.633,0.744,0.777,0.834,0.644,0.728,1.0
13,.,1.0,0.788,0.791,0.813,0.69,0.767,0.704,0.806,0.785,0.827,0.726,0.706,0.671,0.826,0.682,0.731
13,A1_1,0.788,1.0,0.772,0.799,0.696,0.829,0.633,0.807,0.759,0.739,0.738,0.663,0.706,0.774,0.803,0.714
13,A1_2,0.791,0.772,1.0,0.86,0.652,0.648,0.715,0.749,0.896,0.733,0.65,0.753,0.731,0.739,0.684,0.808
13,A1_3,0.813,0.799,0.86,1.0,0.653,0.728,0.583,0.738,0.754,0.704,0.62,0.718,0.707,0.747,0.732,0.864
13,B1_1,0.69,0.696,0.652,0.653,1.0,0.85,0.749,0.677,0.615,0.642,0.921,0.803,0.93,0.628,0.787,0.832
13,B1_2,0.767,0.829,0.648,0.728,0.85,1.0,0.66,0.78,0.639,0.709,0.848,0.657,0.789,0.735,0.793,0.816
13,B1_3,0.704,0.633,0.715,0.583,0.749,0.66,1.0,0.535,0.671,0.612,0.74,0.552,0.723,0.7,0.547,0.666
13,A2_1,0.806,0.807,0.749,0.738,0.677,0.78,0.535,1.0,0.79,0.719,0.781,0.663,0.692,0.656,0.735,0.7
13,A2_2,0.785,0.759,0.896,0.754,0.615,0.639,0.671,0.79,1.0,0.765,0.69,0.733,0.715,0.78,0.73,0.676
13,A2_3,0.827,0.739,0.733,0.704,0.642,0.709,0.612,0.719,0.765,1.0,0.72,0.652,0.614,0.778,0.792,0.635
13,B2_1,0.726,0.738,0.65,0.62,0.921,0.848,0.74,0.781,0.69,0.72,1.0,0.73,0.835,0.641,0.759,0.749
13,B2_2,0.706,0.663,0.753,0.718,0.803,0.657,0.552,0.663,0.733,0.652,0.73,1.0,0.849,0.643,0.753,0.782
13,B2_3,0.671,0.706,0.731,0.707,0.93,0.789,0.723,0.692,0.715,0.614,0.835,0.849,1.0,0.688,0.8,0.837
13,y1,0.826,0.774,0.739,0.747,0.628,0.735,0.7,0.656,0.78,0.778,0.641,0.643,0.688,1.0,0.696,0.645
13,y2,0.682,0.803,0.684,0.732,0.787,0.793,0.547,0.735,0.73,0.792,0.759,0.753,0.8,0.696,1.0,0.73
13,y3,0.731,0.714,0.808,0.864,0.832,0.816,0.666,0.7,0.676,0.635,0.749,0.782,0.837,0.645,0.73,1.0
14,.,1.0,0.782,0.787,0.81,0.681,0.76,0.701,0.802,0.78,0.823,0.718,0.703,0.663,0.821,0.673,0.725
14,A1_1,0.782,1.0,0.775,0.8,0.692,0.825,0.633,0.808,0.762,0.742,0.735,0.665,0.703,0.774,0.803,0.715
14,A1_2,0.787,0.775,1.0,0.862,0.646,0.644,0.713,0.752,0.897,0.735,0.648,0.752,0.724,0.737,0.681,0.805
14,A1_3,0.81,0.8,0.862,1.0,0.644,0.721,0.582,0.738,0.757,0.706,0.615,0.717,0.698,0.747,0.73,0.859
14,B1_1,0.681,0.692,0.646,0.644,1.0,0.851,0.757,0.673,0.608,0.638,0.923,0.807,0.933,0.624,0.785,0.833
14,B1_2,0.76,0.825,0.644,0.721,0.851,1.0,0.666,0.777,0.634,0.706,0.85,0.663,0.793,0.732,0.793,0.819
14,B1_3,0.701,0.633,0.713,0.582,0.757,0.666,1.0,0.539,0.668,0.612,0.748,0.562,0.73,0.697,0.548,0.671
14,A2_1,0.802,0.808,0.752,0.738,0.673,0.777,0.539,1.0,0.792,0.721,0.777,0.664,0.69,0.656,0.733,0.699
14,A2_2,0.78,0.762,0.897,0.757,0.608,0.634,0.668,0.792,1.0,0.767,0.684,0.73,0.707,0.778,0.727,0.674
14,A2_3,0.823,0.742,0.735,0.706,0.638,0.706,0.612,0.721,0.767,1.0,0.717,0.653,0.614,0.777,0.791,0.635
14,B2_1,0.718,0.735,0.648,0.615,0.923,0.85,0.748,0.777,0.684,0.717,1.0,0.736,0.842,0.639,0.757,0.754
14,B2_2,0.703,0.665,0.752,0.717,0.807,0.663,0.562,0.664,0.73,0.653,0.736,1.0,0.851,0.644,0.755,0.786
14,B2_3,0.663,0.703,0.724,0.698,0.933,0.793,0.73,0.69,0.707,0.614,0.842,0.851,1.0,0.684,0.798,0.838
14,y1,0.821,0.774,0.737,0.747,0.624,0.732,0.697,0.656,0.778,0.777,0.639,0.644,0.684,1.0,0.695,0.646
14,y2,0.673,0.803,0.681,0.73,0.785,0.793,0.548,0.733,0.727,0.791,0.757,0.755,0.798,0.695,1.0,0.732
14,y3,0.725,0.715,0.805,0.859,0.833,0.819,0.671,0.699,0.674,0.635,0.754,0.786,0.838,0.646,0.732,1.0
15,.,1.0,0.776,0.783,0.805,0.671,0.751,0.697,0.797,0.774,0.818,0.708,0.698,0.654,0.816,0.663,0.719
15,A1_1,0.776,1.0,0.778,0.801,0.687,0.821,0.632,0.808,0.765,0.745,0.731,0.666,0.698,0.773,0.802,0.715
15,A1_2,0.783,0.778,1.0,0.864,0.639,0.64,0.71,0.753,0.899,0.737,0.644,0.749,0.716,0.735,0.677,0.802
15,A1_3,0.805,0.801,0.864,1.0,0.634,0.713,0.578,0.737,0.759,0.708,0.608,0.713,0.688,0.746,0.726,0.853
15,B1_1,0.671,0.687,0.639,0.634,1.0,0.853,0.764,0.667,0.599,0.634,0.926,0.81,0.936,0.619,0.782,0.833
15,B1_2,0.751,0.821,0.64,0.713,0.853,1.0,0.671,0.773,0.629,0.704,0.852,0.668,0.796,0.728,0.793,0.821
15,B1_3,0.697,0.632,0.71,0.578,0.764,0.671,1.0,0.54,0.663,0.611,0.754,0.57,0.737,0.692,0.547,0.675
15,A2_1,0.797,0.808,0.753,0.737,0.667,0.773,0.54,1.0,0.793,0.722,0.772,0.665,0.686,0.655,0.729,0.698
15,A2_2,0.774,0.765,0.899,0.759,0.599,0.629,0.663,0.793,1.0,0.768,0.677,0.725,0.697,0.775,0.722,0.672
15,A2_3,0.818,0.745,0.737,0.708,0.634,0.704,0.611,0.722,0.768,1.0,0.713,0.652,0.611,0.776,0.789,0.635
15,B2_1,0.708,0.731,0.644,0.608,0.926,0.852,0.754,0.772,0.677,0.713,1.0,0.742,0.848,0.635,0.755,0.758
15,B2_2,0.698,0.666,0.749,0.713,0.81,0.668,0.57,0.665,0.725,0.652,0.742,1.0,0.853,0.644,0.756,0.789
15,B2_3,0.654,0.698,0.716,0.688,0.936,0.796,0.737,0.686,0.697,0.611,0.848,0.853,1.0,0.678,0.796,0.839
15,y1,0.816,0.773,0.735,0.746,0.619,0.728,0.692,0.655,0.775,0.776,0.635,0.644,0.678,1.0,0.694,0.645
15,y2,0.663,0.802,0.677,0.726,0.782,0.793,0.547,0.729,0.722,0.789,0.755,0.756,0.796,0.694,1.0,0.732
15,y3,0.719,0.715,0.802,0.853,0.833,0.821,0.675,0.698,0.672,0.635,0.758,0.789,0.839,0.645,0.732,1.0
16,.,1.0,0.769,0.778,0.801,0.659,0.741,0.692,0.792,0.767,0.812,0.696,0.692,0.642,0.811,0.652,0.711
16,A1_1,0.769,1.0,0.781,0.802,0.68,0.816,0.629,0.809,0.767,0.747,0.726,0.665,0.692,0.771,0.8,0.715
16,A1_2,0.778,0.781,1.0,0.865,0.63,0.634,0.705,0.755,0.9,0.739,0.638,0.745,0.706,0.732,0.672,0.797
16,A1_3,0.801,0.802,0.865,1.0,0.62,0.703,0.573,0.736,0.761,0.71,0.599,0.708,0.675,0.745,0.722,0.846
16,B1_1,0.659,0.68,0.63,0.62,1.0,0.854,0.77,0.661,0.589,0.628,0.928,0.813,0.939,0.612,0.778,0.833
16,B1_2,0.741,0.816,0.634,0.703,0.854,1.0,0.674,0.768,0.623,0.699,0.853,0.673,0.799,0.723,0.791,0.823
16,B1_3,0.692,0.629,0.705,0.573,0.77,0.674,1.0,0.539,0.657,0.608,0.76,0.578,0.743,0.686,0.546,0.678
16,A2_1,0.792,0.809,0.755,0.736,0.661,0.768,0.539,1.0,0.795,0.723,0.765,0.664,0.68,0.652,0.725,0.695
16,A2_2,0.767,0.767,0.9,0.761,0.589,0.623,0.657,0.795,1.0,0.769,0.668,0.72,0.686,0.772,0.717,0.669
16,A2_3,0.812,0.747,0.739,0.71,0.628,0.699,0.608,0.723,0.769,1.0,0.707,0.651,0.607,0.775,0.787,0.634
16,B2_1,0.696,0.726,0.638,0.599,0.928,0.853,0.76,0.765,0.668,0.707,1.0,0.747,0.853,0.629,0.752,0.76
16,B2_2,0.692,0.665,0.745,0.708,0.813,0.673,0.578,0.664,0.72,0.651,0.747,1.0,0.855,0.642,0.756,0.792
16,B2_3,0.642,0.692,0.706,0.675,0.939,0.799,0.743,0.68,0.686,0.607,0.853,0.855,1.0,0.67,0.793,0.839
16,y1,0.811,0.771,0.732,0.745,0.612,0.723,0.686,0.652,0.772,0.775,0.629,0.642,0.67,1.0,0.691,0.643
16,y2,0.652,0.8,0.672,0.722,0.778,0.791,0.546,0.725,0.717,0.787,0.752,0.756,0.793,0.691,1.0,0.733
16,y3,0.711,0.715,0.797,0.846,0.833,0.823,0.678,0.695,0.669,0.634,0.76,0.792,0.839,0.643,0.733,1.0
17,.,1.0,0.761,0.771,0.795,0.645,0.729,0.684,0.786,0.76,0.806,0.682,0.685,0.628,0.804,0.639,0.701
17,A1_1,0.761,1.0,0.783,0.802,0.672,0.81,0.625,0.809,0.768,0.748,0.719,0.663,0.685,0.769,0.798,0.713
17,A1_2,0.771,0.783,1.0,0.866,0.62,0.627,0.698,0.756,0.9,0.739,0.631,0.739,0.695,0.729,0.667,0.792
17,A1_3,0.795,0.802,0.866,1.0,0.605,0.692,0.565,0.734,0.763,0.71,0.588,0.702,0.661,0.743,0.716,0.839
17,B1_1,0.645,0.672,0.62,0.605,1.0,0.855,0.775,0.653,0.577,0.62,0.93,0.815,0.941,0.603,0.773,0.832
17,B1_2,0.729,0.81,0.627,0.692,0.855,1.0,0.677,0.763,0.615,0.694,0.854,0.677,0.802,0.717,0.79,0.824
17,B1_3,0.684,0.625,0.698,0.565,0.775,0.677,1.0,0.537,0.649,0.604,0.765,0.585,0.748,0.678,0.542,0.68
17,A2_1,0.786,0.809,0.756,0.734,0.653,0.763,0.537,1.0,0.796,0.724,0.758,0.662,0.674,0.649,0.72,0.691
17,A2_2,0.76,0.768,0.9,0.763,0.577,0.615,0.649,0.796,1.0,0.77,0.658,0.714,0.673,0.768,0.712,0.664
17,A2_3,0.806,0.748,0.739,0.71,0.62,0.694,0.604,0.724,0.77,1.0,0.7,0.648,0.602,0.773,0.785,0.632
17,B2_1,0.682,0.719,0.631,0.588,0.93,0.854,0.765,0.758,0.658,0.7,1.0,0.752,0.858,0.622,0.748,0.762
17,B2_2,0.685,0.663,0.739,0.702,0.815,0.677,0.585,0.662,0.714,0.648,0.752,1.0,0.857,0.64,0.756,0.794
17,B2_3,0.628,0.685,0.695,0.661,0.941,0.802,0.748,0.674,0.673,0.602,0.858,0.857,1.0,0.661,0.789,0.839
17,y1,0.804,0.769,0.729,0.743,0.603,0.717,0.678,0.649,0.768,0.773,0.622,0.64,0.661,1.0,0.688,0.64
17,y2,0.639,0.798,0.667,0.716,0.773,0.79,0.542,0.72,0.712,0.785,0.748,0.756,0.789,0.688,1.0,0.732
17,y3,0.701,0.713,0.792,0.839,0.832,0.824,0.68,0.691,0.664,0.632,0.762,0.794,0.839,0.64,0.732,1.0
18,.,1.0,0.752,0.765,0.788,0.628,0.716,0.675,0.779,0.752,0.799,0.666,0.676,0.612,0.798,0.625,0.689
18,A1_1,0.752,1.0,0.785,0.802,0.662,0.803,0.62,0.808,0.77,0.75,0.712,0.661,0.676,0.766,0.795,0.71
18,A1_2,0.765,0.785,1.0,0.867,0.607,0.619,0.69,0.757,0.901,0.74,0.622,0.733,0.682,0.725,0.66,0.786
18,A1_3,0.788,0.802,0.867,1.0,0.587,0.68,0.555,0.733,0.764,0.711,0.575,0.693,0.644,0.74,0.71,0.83
18,B1_1,0.628,0.662,0.607,0.587,1.0,0.855,0.78,0.643,0.564,0.61,0.932,0.818,0.943,0.592,0.767,0.83
18,B1_2,0.716,0.803,0.619,0.68,0.855,1.0,0.68,0.756,0.607,0.688,0.855,0.681,0.804,0.71,0.787,0.824
18,B1_3,0.675,0.62,0.69,0.555,0.78,0.68,1.0,0.533,0.641,0.599,0.77,0.592,0.752,0.668,0.538,0.68
18,A2_1,0.779,0.808,0.757,0.733,0.643,0.756,0.533,1.0,0.797,0.724,0.749,0.659,0.665,0.646,0.715,0.687
18,A2_2,0.752,0.77,0.901,0.764,0.564,0.607,0.641,0.797,1.0,0.771,0.647,0.707,0.659,0.763,0.706,0.659
18,A2_3,0.799,0.75,0.74,0.711,0.61,0.688,0.599,0.724,0.771,1.0,0.692,0.645,0.595,0.771,0.781,0.628
18,B2_1,0.666,0.712,0.622,0.575,0.932,0.855,0.77,0.749,0.647,0.692,1.0,0.757,0.862,0.613,0.743,0.763
18,B2_2,0.676,0.661,0.733,0.693,0.818,0.681,0.592,0.659,0.707,0.645,0.757,1.0,0.858,0.636,0.755,0.796
18,B2_3,0.612,0.676,0.682,0.644,0.943,0.804,0.752,0.665,0.659,0.595,0.862,0.858,1.0,0.65,0.784,0.837
18,y1,0.798,0.766,0.725,0.74,0.592,0.71,0.668,0.646,0.763,0.771,0.613,0.636,0.65,1.0,0.684,0.636
18,y2,0.625,0.795,0.66,0.71,0.767,0.787,0.538,0.715,0.706,0.781,0.743,0.755,0.784,0.684,1.0,0.731
18,y3,0.689,0.71,0.786,0.83,0.83,0.824,0.68,0.687,0.659,0.628,0.763,0.796,0.837,0.636,0.731,1.0
19,.,1.0,0.742,0.757,0.781,0.61,0.701,0.664,0.771,0.743,0.791,0.649,0.665,0.594,0.79,0.609,0.676
19,A1_1,0.742,1.0,0.786,0.801,0.651,0.795,0.613,0.808,0.771,0.751,0.702,0.656,0.665,0.763,0.791,0.707
19,A1_2,0.757,0.786,1.0,0.867,0.593,0.61,0.68,0.758,0.902,0.74,0.611,0.725,0.667,0.72,0.653,0.778
19,A1_3,0.781,0.801,0.867,1.0,0.568,0.666,0.542,0.73,0.765,0.71,0.559,0.683,0.624,0.737,0.702,0.821
19,B1_1,0.61,0.651,0.593,0.568,1.0,0.855,0.784,0.632,0.549,0.599,0.934,0.82,0.946,0.58,0.76,0.827
19,B1_2,0.701,0.795,0.61,0.666,0.855,1.0,0.681,0.749,0.597,0.681,0.856,0.685,0.805,0.702,0.784,0.825
19,B1_3,0.664,0.613,0.68,0.542,0.784,0.681,1.0,0.528,0.63,0.592,0.774,0.597,0.756,0.658,0.531,0.679
19,A2_1,0.771,0.808,0.758,0.73,0.632,0.749,0.528,1.0,0.798,0.723,0.74,0.654,0.655,0.642,0.709,0.681
19,A2_2,0.743,0.771,0.902,0.765,0.549,0.597,0.63,0.798,1.0,0.771,0.635,0.698,0.644,0.758,0.699,0.653
19,A2_3,0.791,0.751,0.74,0.71,0.599,0.681,0.592,0.723,0.771,1.0,0.682,0.64,0.586,0.769,0.778,0.624
19,B2_1,0.649,0.702,0.611,0.559,0.934,0.856,0.774,0.74,0.635,0.682,1.0,0.761,0.867,0.603,0.737,0.763
19,B2_2,0.665,0.656,0.725,0.683,0.82,0.685,0.597,0.654,0.698,0.64,0.761,1.0,0.859,0.631,0.753,0.797
19,B2_3,0.594,0.665,0.667,0.624,0.946,0.805,0.756,0.655,0.644,0.586,0.867,0.859,1.0,0.637,0.779,0.835
19,y1,0.79,0.763,0.72,0.737,0.58,0.702,0.658,0.642,0.758,0.769,0.603,0.631,0.637,1.0,0.68,0.631
19,y2,0.609,0.791,0.653,0.702,0.76,0.784,0.531,0.709,0.699,0.778,0.737,0.753,0.779,0.68,1.0,0.729
19,y3,0.676,0.707,0.778,0.821,0.827,0.825,0.679,0.681,0.653,0.624,0.763,0.797,0.835,0.631,0.729,1.0
20,.,1.0,0.732,0.749,0.772,0.588,0.685,0.652,0.763,0.733,0.783,0.629,0.651,0.572,0.782,0.592,0.662
20,A1_1,0.732,1.0,0.788,0.8,0.638,0.787,0.605,0.807,0.773,0.752,0.692,0.65,0.653,0.759,0.787,0.703
20,A1_2,0.749,0.788,1.0,0.868,0.577,0.599,0.668,0.758,0.902,0.74,0.599,0.716,0.65,0.716,0.644,0.77
20,A1_3,0.772,0.8,0.868,1.0,0.545,0.65,0.527,0.728,0.766,0.71,0.541,0.67,0.602,0.734,0.693,0.81
20,B1_1,0.588,0.638,0.577,0.545,1.0,0.855,0.788,0.619,0.532,0.586,0.935,0.822,0.948,0.565,0.752,0.823
20,B1_2,0.685,0.787,0.599,0.65,0.855,1.0,0.683,0.74,0.586,0.673,0.856,0.688,0.807,0.692,0.78,0.824
20,B1_3,0.652,0.605,0.668,0.527,0.788,0.683,1.0,0.521,0.618,0.583,0.778,0.603,0.76,0.645,0.524,0.677
20,A2_1,0.763,0.807,0.758,0.728,0.619,0.74,0.521,1.0,0.798,0.723,0.728,0.648,0.643,0.637,0.701,0.675
20,A2_2,0.733,0.773,0.902,0.766,0.532,0.586,0.618,0.798,1.0,0.771,0.621,0.687,0.626,0.753,0.691,0.645
20,A2_3,0.783,0.752,0.74,0.71,0.586,0.673,0.583,0.723,0.771,1.0,0.671,0.634,0.575,0.767,0.773,0.618
20,B2_1,0.629,0.692,0.599,0.541,0.935,0.856,0.778,0.728,0.621,0.671,1.0,0.765,0.871,0.591,0.73,0.762
20,B2_2,0.651,0.65,0.716,0.67,0.822,0.688,0.603,0.648,0.687,0.634,0.765,1.0,0.861,0.624,0.75,0.797
20,B2_3,0.572,0.653,0.65,0.602,0.948,0.807,0.76,0.643,0.626,0.575,0.871,0.861,1.0,0.622,0.771,0.832
20,y1,0.782,0.759,0.716,0.734,0.565,0.692,0.645,0.637,0.753,0.767,0.591,0.624,0.622,1.0,0.674,0.624
20,y2,0.592,0.787,0.644,0.693,0.752,0.78,0.524,0.701,0.691,0.773,0.73,0.75,0.771,0.674,1.0,0.726
20,y3,0.662,0.703,0.77,0.81,0.823,0.824,0.677,0.675,0.645,0.618,0.762,0.797,0.832,0.624,0.726,1.0
21,.,1.0,0.72,0.74,0.764,0.565,0.666,0.637,0.754,0.722,0.774,0.607,0.636,0.549,0.774,0.573,0.645
21,A1_1,0.72,1.0,0.79,0.799,0.623,0.777,0.595,0.806,0.774,0.753,0.68,0.643,0.638,0.756,0.782,0.698
21,A1_2,0.74,0.79,1.0,0.868,0.559,0.587,0.654,0.758,0.903,0.74,0.584,0.704,0.631,0.71,0.635,0.762
21,A1_3,0.764,0.799,0.868,1.0,0.52,0.632,0.509,0.725,0.766,0.71,0.521,0.654,0.577,0.73,0.684,0.798
21,B1_1,0.565,0.623,0.559,0.52,1.0,0.854,0.792,0.604,0.514,0.571,0.937,0.824,0.95,0.549,0.743,0.818
21,B1_2,0.666,0.777,0.587,0.632,0.854,1.0,0.684,0.731,0.574,0.664,0.856,0.691,0.808,0.681,0.776,0.824
21,B1_3,0.637,0.595,0.654,0.509,0.792,0.684,1.0,0.512,0.604,0.573,0.782,0.607,0.763,0.631,0.515,0.673
21,A2_1,0.754,0.806,0.758,0.725,0.604,0.731,0.512,1.0,0.799,0.722,0.715,0.64,0.63,0.631,0.693,0.668
21,A2_2,0.722,0.774,0.903,0.766,0.514,0.574,0.604,0.799,1.0,0.771,0.605,0.675,0.607,0.747,0.682,0.637
21,A2_3,0.774,0.753,0.74,0.71,0.571,0.664,0.573,0.722,0.771,1.0,0.658,0.626,0.563,0.764,0.768,0.612
21,B2_1,0.607,0.68,0.584,0.521,0.937,0.856,0.782,0.715,0.605,0.658,1.0,0.769,0.874,0.576,0.722,0.76
21,B2_2,0.636,0.643,0.704,0.654,0.824,0.691,0.607,0.64,0.675,0.626,0.769,1.0,0.862,0.615,0.747,0.797
21,B2_3,0.549,0.638,0.631,0.577,0.95,0.808,0.763,0.63,0.607,0.563,0.874,0.862,1.0,0.605,0.763,0.828
21,y1,0.774,0.756,0.71,0.73,0.549,0.681,0.631,0.631,0.747,0.764,0.576,0.615,0.605,1.0,0.668,0.617
21,y2,0.573,0.782,0.635,0.684,0.743,0.776,0.515,0.693,0.682,0.768,0.722,0.747,0.763,0.668,1.0,0.723
21,y3,0.645,0.698,0.762,0.798,0.818,0.824,0.673,0.668,0.637,0.612,0.76,0.797,0.828,0.617,0.723,1.0
22,.,1.0,0.708,0.731,0.754,0.538,0.646,0.62,0.744,0.712,0.764,0.582,0.619,0.523,0.765,0.554,0.627
22,A1_1,0.708,1.0,0.791,0.797,0.607,0.766,0.584,0.805,0.775,0.753,0.666,0.634,0.622,0.751,0.777,0.692
22,A1_2,0.731,0.791,1.0,0.869,0.539,0.574,0.639,0.759,0.903,0.739,0.568,0.692,0.609,0.705,0.625,0.752
22,A1_3,0.754,0.797,0.869,1.0,0.492,0.613,0.488,0.722,0.767,0.709,0.498,0.637,0.549,0.726,0.674,0.785
22,B1_1,0.538,0.607,0.539,0.492,1.0,0.854,0.795,0.588,0.493,0.554,0.938,0.826,0.952,0.53,0.732,0.813
22,B1_2,0.646,0.766,0.574,0.613,0.854,1.0,0.684,0.72,0.561,0.653,0.856,0.694,0.808,0.669,0.771,0.823
22,B1_3,0.62,0.584,0.639,0.488,0.795,0.684,1.0,0.502,0.588,0.561,0.785,0.612,0.766,0.614,0.504,0.669
22,A2_1,0.744,0.805,0.759,0.722,0.588,0.72,0.502,1.0,0.8,0.721,0.701,0.632,0.614,0.625,0.685,0.659
22,A2_2,0.712,0.775,0.903,0.767,0.493,0.561,0.588,0.8,1.0,0.772,0.587,0.662,0.585,0.741,0.673,0.628
22,A2_3,0.764,0.753,0.739,0.709,0.554,0.653,0.561,0.721,0.772,1.0,0.643,0.617,0.548,0.761,0.762,0.605
22,B2_1,0.582,0.666,0.568,0.498,0.938,0.856,0.785,0.701,0.587,0.643,1.0,0.772,0.878,0.56,0.712,0.757
22,B2_2,0.619,0.634,0.692,0.637,0.826,0.694,0.612,0.632,0.662,0.617,0.772,1.0,0.863,0.605,0.743,0.796
22,B2_3,0.523,0.622,0.609,0.549,0.952,0.808,0.766,0.614,0.585,0.548,0.878,0.863,1.0,0.586,0.753,0.822
22,y1,0.765,0.751,0.705,0.726,0.53,0.669,0.614,0.625,0.741,0.761,0.56,0.605,0.586,1.0,0.662,0.608
22,y2,0.554,0.777,0.625,0.674,0.732,0.771,0.504,0.685,0.673,0.762,0.712,0.743,0.753,0.662,1.0,0.719
22,y3,0.627,0.692,0.752,0.785,0.813,0.823,0.669,0.659,0.628,0.605,0.757,0.796,0.822,0.608,0.719,1.0
23,.,1.0,0.695,0.72,0.743,0.51,0.624,0.601,0.733,0.7,0.753,0.555,0.6,0.495,0.755,0.532,0.607
23,A1_1,0.695,1.0,0.792,0.796,0.589,0.753,0.57,0.803,0.776,0.753,0.65,0.624,0.604,0.746,0.771,0.685
23,A1_2,0.72,0.792,1.0,0.869,0.517,0.559,0.621,0.759,0.903,0.739,0.55,0.677,0.586,0.698,0.614,0.741
23,A1_3,0.743,0.796,0.869,1.0,0.461,0.591,0.465,0.719,0.767,0.708,0.472,0.617,0.519,0.721,0.662,0.771
23,B1_1,0.51,0.589,0.517,0.461,1.0,0.853,0.798,0.57,0.472,0.536,0.939,0.828,0.954,0.509,0.72,0.806
23,B1_2,0.624,0.753,0.559,0.591,0.853,1.0,0.685,0.708,0.546,0.642,0.856,0.697,0.809,0.656,0.765,0.821
23,B1_3,0.601,0.57,0.621,0.465,0.798,0.685,1.0,0.49,0.57,0.547,0.789,0.616,0.769,0.595,0.492,0.663
23,A2_1,0.733,0.803,0.759,0.719,0.57,0.708,0.49,1.0,0.8,0.719,0.685,0.621,0.597,0.618,0.675,0.65
23,A2_2,0.7,0.776,0.903,0.767,0.472,0.546,0.57,0.8,1.0,0.771,0.568,0.647,0.563,0.735,0.663,0.618
23,A2_3,0.753,0.753,0.739,0.708,0.536,0.642,0.547,0.719,0.771,1.0,0.627,0.607,0.532,0.758,0.756,0.597
23,B2_1,0.555,0.65,0.55,0.472,0.939,0.856,0.789,0.685,0.568,0.627,1.0,0.776,0.881,0.542,0.701,0.753
23,B2_2,0.6,0.624,0.677,0.617,0.828,0.697,0.616,0.621,0.647,0.607,0.776,1.0,0.864,0.593,0.737,0.794
23,B2_3,0.495,0.604,0.586,0.519,0.954,0.809,0.769,0.597,0.563,0.532,0.881,0.864,1.0,0.564,0.742,0.816
23,y1,0.755,0.746,0.698,0.721,0.509,0.656,0.595,0.618,0.735,0.758,0.542,0.593,0.564,1.0,0.654,0.599
23,y2,0.532,0.771,0.614,0.662,0.72,0.765,0.492,0.675,0.663,0.756,0.701,0.737,0.742,0.654,1.0,0.714
23,y3,0.607,0.685,0.741,0.771,0.806,0.821,0.663,0.65,0.618,0.597,0.753,0.794,0.816,0.599,0.714,1.0
24,.,1.0,0.68,0.709,0.732,0.48,0.6,0.579,0.722,0.687,0.742,0.526,0.578,0.464,0.745,0.51,0.586
24,A1_1,0.68,1.0,0.793,0.794,0.569,0.739,0.554,0.802,0.777,0.754,0.633,0.612,0.584,0.741,0.764,0.678
24,A1_2,0.709,0.793,1.0,0.869,0.493,0.542,0.6,0.759,0.904,0.738,0.529,0.661,0.561,0.691,0.602,0.73
24,A1_3,0.732,0.794,0.869,1.0,0.428,0.566,0.438,0.715,0.767,0.707,0.444,0.594,0.485,0.717,0.65,0.756
24,B1_1,0.48,0.569,0.493,0.428,1.0,0.852,0.801,0.55,0.448,0.516,0.941,0.83,0.955,0.486,0.707,0.798
24,B1_2,0.6,0.739,0.542,0.566,0.852,1.0,0.684,0.694,0.53,0.628,0.855,0.699,0.809,0.64,0.757,0.818
24,B1_3,0.579,0.554,0.6,0.438,0.801,0.684,1.0,0.475,0.55,0.531,0.792,0.62,0.771,0.574,0.478,0.655
24,A2_1,0.722,0.802,0.759,0.715,0.55,0.694,0.475,1.0,0.801,0.718,0.667,0.609,0.578,0.611,0.664,0.64
24,A2_2,0.687,0.777,0.904,0.767,0.448,0.53,0.55,0.801,1.0,0.771,0.547,0.631,0.538,0.728,0.653,0.608
24,A2_3,0.742,0.754,0.738,0.707,0.516,0.628,0.531,0.718,0.771,1.0,0.609,0.594,0.513,0.754,0.75,0.588
24,B2_1,0.526,0.633,0.529,0.444,0.941,0.855,0.792,0.667,0.547,0.609,1.0,0.779,0.885,0.522,0.689,0.748
24,B2_2,0.578,0.612,0.661,0.594,0.83,0.699,0.62,0.609,0.631,0.594,0.779,1.0,0.865,0.579,0.731,0.792
24,B2_3,0.464,0.584,0.561,0.485,0.955,0.809,0.771,0.578,0.538,0.513,0.885,0.865,1.0,0.541,0.73,0.808
24,y1,0.745,0.741,0.691,0.717,0.486,0.64,0.574,0.611,0.728,0.754,0.522,0.579,0.541,1.0,0.647,0.588
24,y2,0.51,0.764,0.602,0.65,0.707,0.757,0.478,0.664,0.653,0.75,0.689,0.731,0.73,0.647,1.0,0.709
24,y3,0.586,0.678,0.73,0.756,0.798,0.818,0.655,0.64,0.608,0.588,0.748,0.792,0.808,0.588,0.709,1.0
25,.,1.0,0.665,0.698,0.72,0.447,0.573,0.556,0.71,0.674,0.73,0.495,0.554,0.431,0.734,0.486,0.563
25,A1_1,0.665,1.0,0.795,0.792,0.547,0.724,0.536,0.8,0.778,0.754,0.614,0.597,0.562,0.736,0.757,0.67
25,A1_2,0.698,0.795,1.0,0.869,0.466,0.524,0.577,0.759,0.904,0.737,0.506,0.641,0.533,0.685,0.59,0.717
25,A1_3,0.72,0.792,0.869,1.0,0.392,0.54,0.408,0.712,0.767,0.706,0.413,0.568,0.449,0.712,0.637,0.741
25,B1_1,0.447,0.547,0.466,0.392,1.0,0.851,0.804,0.528,0.422,0.493,0.942,0.832,0.957,0.461,0.692,0.789
25,B1_2,0.573,0.724,0.524,0.54,0.851,1.0,0.684,0.679,0.512,0.613,0.855,0.702,0.809,0.623,0.749,0.815
25,B1_3,0.556,0.536,0.577,0.408,0.804,0.684,1.0,0.459,0.528,0.513,0.795,0.624,0.774,0.55,0.462,0.646
25,A2_1,0.71,0.8,0.759,0.712,0.528,0.679,0.459,1.0,0.802,0.716,0.647,0.595,0.557,0.603,0.653,0.629
25,A2_2,0.674,0.778,0.904,0.767,0.422,0.512,0.528,0.802,1.0,0.771,0.524,0.612,0.511,0.72,0.641,0.597
25,A2_3,0.73,0.754,0.737,0.706,0.493,0.613,0.513,0.716,0.771,1.0,0.589,0.58,0.493,0.751,0.743,0.578
25,B2_1,0.495,0.614,0.506,0.413,0.942,0.855,0.795,0.647,0.524,0.589,1.0,0.783,0.888,0.499,0.675,0.742
25,B2_2,0.554,0.597,0.641,0.568,0.832,0.702,0.624,0.595,0.612,0.58,0.783,1.0,0.866,0.563,0.723,0.788
25,B2_3,0.431,0.562,0.533,0.449,0.957,0.809,0.774,0.557,0.511,0.493,0.888,0.866,1.0,0.514,0.716,0.799
25,y1,0.734,0.736,0.685,0.712,0.461,0.623,0.55,0.603,0.72,0.751,0.499,0.563,0.514,1.0,0.638,0.577
25,y2,0.486,0.757,0.59,0.637,0.692,0.749,0.462,0.653,0.641,0.743,0.675,0.723,0.716,0.638,1.0,0.702
25,y3,0.563,0.67,0.717,0.741,0.789,0.815,0.646,0.629,0.597,0.578,0.742,0.788,0.799,0.577,0.702,1.0
26,.,1.0,0.649,0.686,0.708,0.412,0.545,0.529,0.698,0.661,0.717,0.461,0.528,0.396,0.723,0.461,0.539
