,,.,A1_1,A1_2,A1_3,B1_1,B1_2,B1_3,A2_1,A2_2,A2_3,B2_1,B2_2,B2_3,y1,y2,y3
1,.,1.0,-0.039,-0.009,-0.164,-0.257,0.169,0.341,0.089,-0.021,-0.081,-0.174,-0.049,-0.171,0.298,-0.04,-0.322
1,A1_1,-0.039,1.0,0.229,0.065,0.033,0.21,0.063,0.228,0.271,-0.049,0.145,-0.243,0.003,0.009,-0.233,-0.028
1,A1_2,-0.009,0.229,1.0,0.32,-0.181,-0.057,0.103,0.012,0.35,-0.021,-0.29,0.071,0.186,0.025,-0.108,0.049
1,A1_3,-0.164,0.065,0.32,1.0,-0.265,-0.052,-0.086,-0.007,-0.015,0.058,-0.357,-0.185,-0.184,-0.149,-0.028,0.27
1,B1_1,-0.257,0.033,-0.181,-0.265,1.0,0.213,-0.124,-0.023,-0.371,0.242,0.386,0.033,0.502,-0.15,0.104,0.169
1,B1_2,0.169,0.21,-0.057,-0.052,0.213,1.0,-0.124,0.238,-0.196,0.152,0.098,-0.441,-0.073,0.015,0.184,0.013
1,B1_3,0.341,0.063,0.103,-0.086,-0.124,-0.124,1.0,-0.201,0.001,-0.136,0.091,-0.017,0.01,0.511,-0.244,-0.226
1,A2_1,0.089,0.228,0.012,-0.007,-0.023,0.238,-0.201,1.0,0.193,-0.302,0.156,-0.187,-0.153,-0.358,-0.076,-0.098
1,A2_2,-0.021,0.271,0.35,-0.015,-0.371,-0.196,0.001,0.193,1.0,-0.157,0.005,-0.028,-0.124,0.058,-0.046,-0.431
1,A2_3,-0.081,-0.049,-0.021,0.058,0.242,0.152,-0.136,-0.302,-0.157,1.0,-0.14,-0.264,-0.013,0.187,-0.025,0.01
1,B2_1,-0.174,0.145,-0.29,-0.357,0.386,0.098,0.091,0.156,0.005,-0.14,1.0,-0.226,-0.144,-0.182,-0.182,0.007
1,B2_2,-0.049,-0.243,0.071,-0.185,0.033,-0.441,-0.017,-0.187,-0.028,-0.264,-0.226,1.0,0.18,-0.001,-0.048,-0.021
1,B2_3,-0.171,0.003,0.186,-0.184,0.502,-0.073,0.01,-0.153,-0.124,-0.013,-0.144,0.18,1.0,0.046,0.061,-0.097
1,y1,0.298,0.009,0.025,-0.149,-0.15,0.015,0.511,-0.358,0.058,0.187,-0.182,-0.001,0.046,1.0,-0.298,-0.14
1,y2,-0.04,-0.233,-0.108,-0.028,0.104,0.184,-0.244,-0.076,-0.046,-0.025,-0.182,-0.048,0.061,-0.298,1.0,0.046
1,y3,-0.322,-0.028,0.049,0.27,0.169,0.013,-0.226,-0.098,-0.431,0.01,0.007,-0.021,-0.097,-0.14,0.046,1.0
2,.,1.0,-0.04,-0.009,-0.163,-0.257,0.168,0.342,0.089,-0.021,-0.081,-0.174,-0.049,-0.171,0.297,-0.04,-0.322
2,A1_1,-0.04,1.0,0.23,0.065,0.033,0.21,0.063,0.228,0.272,-0.049,0.144,-0.243,0.003,0.009,-0.232,-0.028
2,A1_2,-0.009,0.23,1.0,0.32,-0.182,-0.057,0.103,0.012,0.351,-0.021,-0.29,0.071,0.185,0.025,-0.108,0.048
2,A1_3,-0.163,0.065,0.32,1.0,-0.265,-0.052,-0.086,-0.007,-0.015,0.058,-0.357,-0.185,-0.184,-0.149,-0.028,0.27
2,B1_1,-0.257,0.033,-0.182,-0.265,1.0,0.213,-0.124,-0.023,-0.371,0.242,0.386,0.033,0.503,-0.15,0.104,0.17
2,B1_2,0.168,0.21,-0.057,-0.052,0.213,1.0,-0.123,0.238,-0.197,0.152,0.099,-0.441,-0.073,0.015,0.184,0.014
2,B1_3,0.342,0.063,0.103,-0.086,-0.124,-0.123,1.0,-0.201,0.001,-0.136,0.091,-0.017,0.01,0.51,-0.244,-0.226
2,A2_1,0.089,0.228,0.012,-0.007,-0.023,0.238,-0.201,1.0,0.193,-0.302,0.156,-0.187,-0.152,-0.358,-0.076,-0.098
2,A2_2,-0.021,0.272,0.351,-0.015,-0.371,-0.197,0.001,0.193,1.0,-0.157,0.004,-0.029,-0.124,0.057,-0.046,-0.431
2,A2_3,-0.081,-0.049,-0.021,0.058,0.242,0.152,-0.136,-0.302,-0.157,1.0,-0.14,-0.264,-0.013,0.187,-0.024,0.01
2,B2_1,-0.174,0.144,-0.29,-0.357,0.386,0.099,0.091,0.156,0.004,-0.14,1.0,-0.226,-0.144,-0.182,-0.182,0.007
2,B2_2,-0.049,-0.243,0.071,-0.185,0.033,-0.441,-0.017,-0.187,-0.029,-0.264,-0.226,1.0,0.18,-0.001,-0.048,-0.02
2,B2_3,-0.171,0.003,0.185,-0.184,0.503,-0.073,0.01,-0.152,-0.124,-0.013,-0.144,0.18,1.0,0.046,0.061,-0.097
2,y1,0.297,0.009,0.025,-0.149,-0.15,0.015,0.51,-0.358,0.057,0.187,-0.182,-0.001,0.046,1.0,-0.298,-0.14
2,y2,-0.04,-0.232,-0.108,-0.028,0.104,0.184,-0.244,-0.076,-0.046,-0.024,-0.182,-0.048,0.061,-0.298,1.0,0.045
2,y3,-0.322,-0.028,0.048,0.27,0.17,0.014,-0.226,-0.098,-0.431,0.01,0.007,-0.02,-0.097,-0.14,0.045,1.0
3,.,1.0,-0.04,-0.009,-0.163,-0.256,0.168,0.342,0.089,-0.022,-0.081,-0.175,-0.049,-0.171,0.297,-0.04,-0.321
3,A1_1,-0.04,1.0,0.23,0.065,0.032,0.209,0.063,0.228,0.272,-0.048,0.144,-0.243,0.003,0.009,-0.232,-0.028
3,A1_2,-0.009,0.23,1.0,0.32,-0.182,-0.058,0.103,0.012,0.351,-0.021,-0.29,0.072,0.185,0.024,-0.108,0.048
3,A1_3,-0.163,0.065,0.32,1.0,-0.265,-0.052,-0.085,-0.007,-0.014,0.058,-0.357,-0.185,-0.184,-0.149,-0.028,0.27
3,B1_1,-0.256,0.032,-0.182,-0.265,1.0,0.214,-0.124,-0.023,-0.371,0.241,0.386,0.033,0.503,-0.15,0.104,0.17
3,B1_2,0.168,0.209,-0.058,-0.052,0.214,1.0,-0.123,0.238,-0.197,0.152,0.099,-0.441,-0.073,0.015,0.185,0.015
3,B1_3,0.342,0.063,0.103,-0.085,-0.124,-0.123,1.0,-0.2,0.001,-0.136,0.092,-0.018,0.01,0.51,-0.244,-0.226
3,A2_1,0.089,0.228,0.012,-0.007,-0.023,0.238,-0.2,1.0,0.193,-0.301,0.157,-0.187,-0.152,-0.358,-0.076,-0.098
3,A2_2,-0.022,0.272,0.351,-0.014,-0.371,-0.197,0.001,0.193,1.0,-0.156,0.004,-0.029,-0.124,0.057,-0.046,-0.431
3,A2_3,-0.081,-0.048,-0.021,0.058,0.241,0.152,-0.136,-0.301,-0.156,1.0,-0.14,-0.264,-0.013,0.187,-0.024,0.009
3,B2_1,-0.175,0.144,-0.29,-0.357,0.386,0.099,0.092,0.157,0.004,-0.14,1.0,-0.226,-0.143,-0.182,-0.181,0.008
3,B2_2,-0.049,-0.243,0.072,-0.185,0.033,-0.441,-0.018,-0.187,-0.029,-0.264,-0.226,1.0,0.18,-0.002,-0.048,-0.02
3,B2_3,-0.171,0.003,0.185,-0.184,0.503,-0.073,0.01,-0.152,-0.124,-0.013,-0.143,0.18,1.0,0.046,0.062,-0.097
3,y1,0.297,0.009,0.024,-0.149,-0.15,0.015,0.51,-0.358,0.057,0.187,-0.182,-0.002,0.046,1.0,-0.298,-0.14
3,y2,-0.04,-0.232,-0.108,-0.028,0.104,0.185,-0.244,-0.076,-0.046,-0.024,-0.181,-0.048,0.062,-0.298,1.0,0.045
3,y3,-0.321,-0.028,0.048,0.27,0.17,0.015,-0.226,-0.098,-0.431,0.009,0.008,-0.02,-0.097,-0.14,0.045,1.0
4,.,1.0,-0.041,-0.009,-0.162,-0.256,0.167,0.342,0.089,-0.022,-0.081,-0.175,-0.048,-0.17,0.296,-0.041,-0.321
4,A1_1,-0.041,1.0,0.231,0.065,0.032,0.209,0.063,0.228,0.273,-0.048,0.144,-0.243,0.003,0.01,-0.232,-0.028
4,A1_2,-0.009,0.231,1.0,0.321,-0.182,-0.058,0.103,0.013,0.352,-0.02,-0.291,0.072,0.185,0.024,-0.108,0.047
4,A1_3,-0.162,0.065,0.321,1.0,-0.265,-0.053,-0.085,-0.007,-0.014,0.058,-0.357,-0.185,-0.184,-0.149,-0.028,0.27
4,B1_1,-0.256,0.032,-0.182,-0.265,1.0,0.214,-0.123,-0.023,-0.372,0.241,0.387,0.033,0.503,-0.15,0.104,0.17
4,B1_2,0.167,0.209,-0.058,-0.053,0.214,1.0,-0.122,0.238,-0.198,0.151,0.1,-0.441,-0.073,0.015,0.185,0.015
4,B1_3,0.342,0.063,0.103,-0.085,-0.123,-0.122,1.0,-0.2,0.001,-0.136,0.092,-0.018,0.01,0.509,-0.244,-0.226
4,A2_1,0.089,0.228,0.013,-0.007,-0.023,0.238,-0.2,1.0,0.194,-0.301,0.157,-0.186,-0.152,-0.358,-0.076,-0.099
4,A2_2,-0.022,0.273,0.352,-0.014,-0.372,-0.198,0.001,0.194,1.0,-0.156,0.003,-0.029,-0.125,0.057,-0.046,-0.432
4,A2_3,-0.081,-0.048,-0.02,0.058,0.241,0.151,-0.136,-0.301,-0.156,1.0,-0.14,-0.265,-0.013,0.187,-0.024,0.009
4,B2_1,-0.175,0.144,-0.291,-0.357,0.387,0.1,0.092,0.157,0.003,-0.14,1.0,-0.226,-0.143,-0.182,-0.181,0.008
4,B2_2,-0.048,-0.243,0.072,-0.185,0.033,-0.441,-0.018,-0.186,-0.029,-0.265,-0.226,1.0,0.18,-0.002,-0.048,-0.02
4,B2_3,-0.17,0.003,0.185,-0.184,0.503,-0.073,0.01,-0.152,-0.125,-0.013,-0.143,0.18,1.0,0.045,0.062,-0.097
4,y1,0.296,0.01,0.024,-0.149,-0.15,0.015,0.509,-0.358,0.057,0.187,-0.182,-0.002,0.045,1.0,-0.298,-0.14
4,y2,-0.041,-0.232,-0.108,-0.028,0.104,0.185,-0.244,-0.076,-0.046,-0.024,-0.181,-0.048,0.062,-0.298,1.0,0.045
4,y3,-0.321,-0.028,0.047,0.27,0.17,0.015,-0.226,-0.099,-0.432,0.009,0.008,-0.02,-0.097,-0.14,0.045,1.0
5,.,1.0,-0.042,-0.009,-0.162,-0.256,0.166,0.342,0.088,-0.023,-0.082,-0.175,-0.048,-0.17,0.296,-0.042,-0.321
5,A1_1,-0.042,1.0,0.231,0.066,0.032,0.208,0.063,0.228,0.273,-0.047,0.143,-0.243,0.003,0.01,-0.232,-0.028
5,A1_2,-0.009,0.231,1.0,0.321,-0.182,-0.059,0.103,0.013,0.352,-0.019,-0.291,0.072,0.185,0.024,-0.109,0.046
5,A1_3,-0.162,0.066,0.321,1.0,-0.266,-0.053,-0.085,-0.007,-0.014,0.058,-0.357,-0.185,-0.184,-0.149,-0.027,0.269
5,B1_1,-0.256,0.032,-0.182,-0.266,1.0,0.215,-0.123,-0.023,-0.372,0.24,0.387,0.033,0.504,-0.15,0.104,0.171
5,B1_2,0.166,0.208,-0.059,-0.053,0.215,1.0,-0.122,0.238,-0.198,0.151,0.101,-0.441,-0.072,0.014,0.185,0.016
5,B1_3,0.342,0.063,0.103,-0.085,-0.123,-0.122,1.0,-0.199,0.001,-0.136,0.092,-0.018,0.01,0.509,-0.245,-0.226
5,A2_1,0.088,0.228,0.013,-0.007,-0.023,0.238,-0.199,1.0,0.194,-0.301,0.157,-0.186,-0.151,-0.358,-0.076,-0.099
5,A2_2,-0.023,0.273,0.352,-0.014,-0.372,-0.198,0.001,0.194,1.0,-0.155,0.002,-0.029,-0.125,0.057,-0.046,-0.432
5,A2_3,-0.082,-0.047,-0.019,0.058,0.24,0.151,-0.136,-0.301,-0.155,1.0,-0.14,-0.265,-0.013,0.187,-0.024,0.009
5,B2_1,-0.175,0.143,-0.291,-0.357,0.387,0.101,0.092,0.157,0.002,-0.14,1.0,-0.225,-0.142,-0.182,-0.181,0.009
5,B2_2,-0.048,-0.243,0.072,-0.185,0.033,-0.441,-0.018,-0.186,-0.029,-0.265,-0.225,1.0,0.18,-0.003,-0.048,-0.02
5,B2_3,-0.17,0.003,0.185,-0.184,0.504,-0.072,0.01,-0.151,-0.125,-0.013,-0.142,0.18,1.0,0.045,0.062,-0.097
5,y1,0.296,0.01,0.024,-0.149,-0.15,0.014,0.509,-0.358,0.057,0.187,-0.182,-0.003,0.045,1.0,-0.298,-0.14
5,y2,-0.042,-0.232,-0.109,-0.027,0.104,0.185,-0.245,-0.076,-0.046,-0.024,-0.181,-0.048,0.062,-0.298,1.0,0.045
5,y3,-0.321,-0.028,0.046,0.269,0.171,0.016,-0.226,-0.099,-0.432,0.009,0.009,-0.02,-0.097,-0.14,0.045,1.0
6,.,1.0,-0.042,-0.009,-0.162,-0.256,0.165,0.342,0.088,-0.023,-0.082,-0.175,-0.048,-0.17,0.295,-0.042,-0.321
6,A1_1,-0.042,1.0,0.232,0.066,0.031,0.208,0.063,0.228,0.274,-0.047,0.143,-0.243,0.003,0.01,-0.232,-0.028
6,A1_2,-0.009,0.232,1.0,0.321,-0.182,-0.059,0.103,0.014,0.353,-0.019,-0.291,0.072,0.185,0.024,-0.109,0.046
6,A1_3,-0.162,0.066,0.321,1.0,-0.266,-0.053,-0.085,-0.007,-0.013,0.059,-0.358,-0.185,-0.184,-0.149,-0.027,0.269
6,B1_1,-0.256,0.031,-0.182,-0.266,1.0,0.215,-0.122,-0.023,-0.372,0.24,0.388,0.034,0.504,-0.151,0.104,0.171
6,B1_2,0.165,0.208,-0.059,-0.053,0.215,1.0,-0.121,0.239,-0.199,0.151,0.101,-0.441,-0.071,0.014,0.185,0.016
6,B1_3,0.342,0.063,0.103,-0.085,-0.122,-0.121,1.0,-0.199,0.0,-0.136,0.092,-0.018,0.01,0.508,-0.245,-0.225
6,A2_1,0.088,0.228,0.014,-0.007,-0.023,0.239,-0.199,1.0,0.194,-0.301,0.157,-0.185,-0.151,-0.358,-0.077,-0.1
6,A2_2,-0.023,0.274,0.353,-0.013,-0.372,-0.199,0.0,0.194,1.0,-0.154,0.002,-0.03,-0.125,0.057,-0.046,-0.432
6,A2_3,-0.082,-0.047,-0.019,0.059,0.24,0.151,-0.136,-0.301,-0.154,1.0,-0.14,-0.265,-0.013,0.187,-0.024,0.009
6,B2_1,-0.175,0.143,-0.291,-0.358,0.388,0.101,0.092,0.157,0.002,-0.14,1.0,-0.225,-0.142,-0.183,-0.181,0.009
6,B2_2,-0.048,-0.243,0.072,-0.185,0.034,-0.441,-0.018,-0.185,-0.03,-0.265,-0.225,1.0,0.18,-0.003,-0.048,-0.02
6,B2_3,-0.17,0.003,0.185,-0.184,0.504,-0.071,0.01,-0.151,-0.125,-0.013,-0.142,0.18,1.0,0.045,0.062,-0.096
6,y1,0.295,0.01,0.024,-0.149,-0.151,0.014,0.508,-0.358,0.057,0.187,-0.183,-0.003,0.045,1.0,-0.298,-0.14
6,y2,-0.042,-0.232,-0.109,-0.027,0.104,0.185,-0.245,-0.077,-0.046,-0.024,-0.181,-0.048,0.062,-0.298,1.0,0.045
6,y3,-0.321,-0.028,0.046,0.269,0.171,0.016,-0.225,-0.1,-0.432,0.009,0.009,-0.02,-0.096,-0.14,0.045,1.0
7,.,1.0,-0.043,-0.009,-0.161,-0.256,0.165,0.342,0.087,-0.023,-0.082,-0.175,-0.047,-0.17,0.295,-0.043,-0.32
7,A1_1,-0.043,1.0,0.232,0.066,0.031,0.207,0.063,0.228,0.274,-0.047,0.142,-0.243,0.003,0.01,-0.231,-0.028
7,A1_2,-0.009,0.232,1.0,0.321,-0.183,-0.06,0.103,0.014,0.353,-0.018,-0.291,0.071,0.184,0.023,-0.109,0.045
7,A1_3,-0.161,0.066,0.321,1.0,-0.266,-0.054,-0.085,-0.007,-0.013,0.059,-0.358,-0.185,-0.184,-0.149,-0.027,0.269
7,B1_1,-0.256,0.031,-0.183,-0.266,1.0,0.216,-0.122,-0.022,-0.373,0.239,0.388,0.034,0.505,-0.151,0.104,0.171
7,B1_2,0.165,0.207,-0.06,-0.054,0.216,1.0,-0.121,0.239,-0.2,0.15,0.102,-0.44,-0.071,0.014,0.186,0.017
7,B1_3,0.342,0.063,0.103,-0.085,-0.122,-0.121,1.0,-0.198,0.0,-0.136,0.092,-0.018,0.01,0.508,-0.245,-0.225
7,A2_1,0.087,0.228,0.014,-0.007,-0.022,0.239,-0.198,1.0,0.195,-0.3,0.157,-0.185,-0.15,-0.359,-0.077,-0.1
7,A2_2,-0.023,0.274,0.353,-0.013,-0.373,-0.2,0.0,0.195,1.0,-0.154,0.001,-0.03,-0.126,0.057,-0.046,-0.432
7,A2_3,-0.082,-0.047,-0.018,0.059,0.239,0.15,-0.136,-0.3,-0.154,1.0,-0.141,-0.265,-0.013,0.186,-0.024,0.008
7,B2_1,-0.175,0.142,-0.291,-0.358,0.388,0.102,0.092,0.157,0.001,-0.141,1.0,-0.225,-0.141,-0.183,-0.18,0.01
7,B2_2,-0.047,-0.243,0.071,-0.185,0.034,-0.44,-0.018,-0.185,-0.03,-0.265,-0.225,1.0,0.18,-0.004,-0.048,-0.019
7,B2_3,-0.17,0.003,0.184,-0.184,0.505,-0.071,0.01,-0.15,-0.126,-0.013,-0.141,0.18,1.0,0.044,0.062,-0.096
7,y1,0.295,0.01,0.023,-0.149,-0.151,0.014,0.508,-0.359,0.057,0.186,-0.183,-0.004,0.044,1.0,-0.297,-0.14
7,y2,-0.043,-0.231,-0.109,-0.027,0.104,0.186,-0.245,-0.077,-0.046,-0.024,-0.18,-0.048,0.062,-0.297,1.0,0.045
7,y3,-0.32,-0.028,0.045,0.269,0.171,0.017,-0.225,-0.1,-0.432,0.008,0.01,-0.019,-0.096,-0.14,0.045,1.0
8,.,1.0,-0.044,-0.009,-0.161,-0.256,0.163,0.341,0.087,-0.024,-0.082,-0.175,-0.047,-0.17,0.294,-0.044,-0.32
8,A1_1,-0.044,1.0,0.233,0.066,0.03,0.207,0.062,0.228,0.275,-0.046,0.142,-0.243,0.002,0.01,-0.231,-0.028
8,A1_2,-0.009,0.233,1.0,0.322,-0.183,-0.06,0.103,0.015,0.354,-0.018,-0.291,0.071,0.184,0.023,-0.109,0.044
8,A1_3,-0.161,0.066,0.322,1.0,-0.266,-0.054,-0.085,-0.007,-0.012,0.059,-0.358,-0.185,-0.184,-0.149,-0.027,0.269
8,B1_1,-0.256,0.03,-0.183,-0.266,1.0,0.217,-0.121,-0.022,-0.373,0.239,0.389,0.035,0.505,-0.151,0.104,0.171
8,B1_2,0.163,0.207,-0.06,-0.054,0.217,1.0,-0.12,0.239,-0.2,0.15,0.103,-0.44,-0.07,0.014,0.186,0.018
8,B1_3,0.341,0.062,0.103,-0.085,-0.121,-0.12,1.0,-0.198,-0.0,-0.136,0.093,-0.018,0.011,0.507,-0.245,-0.225
8,A2_1,0.087,0.228,0.015,-0.007,-0.022,0.239,-0.198,1.0,0.195,-0.3,0.157,-0.184,-0.15,-0.359,-0.077,-0.101
8,A2_2,-0.024,0.275,0.354,-0.012,-0.373,-0.2,-0.0,0.195,1.0,-0.153,0.0,-0.03,-0.126,0.057,-0.046,-0.432
8,A2_3,-0.082,-0.046,-0.018,0.059,0.239,0.15,-0.136,-0.3,-0.153,1.0,-0.141,-0.265,-0.014,0.186,-0.024,0.008
8,B2_1,-0.175,0.142,-0.291,-0.358,0.389,0.103,0.093,0.157,0.0,-0.141,1.0,-0.224,-0.14,-0.183,-0.18,0.01
8,B2_2,-0.047,-0.243,0.071,-0.185,0.035,-0.44,-0.018,-0.184,-0.03,-0.265,-0.224,1.0,0.181,-0.004,-0.048,-0.019
8,B2_3,-0.17,0.002,0.184,-0.184,0.505,-0.07,0.011,-0.15,-0.126,-0.014,-0.14,0.181,1.0,0.044,0.062,-0.096
8,y1,0.294,0.01,0.023,-0.149,-0.151,0.014,0.507,-0.359,0.057,0.186,-0.183,-0.004,0.044,1.0,-0.297,-0.14
8,y2,-0.044,-0.231,-0.109,-0.027,0.104,0.186,-0.245,-0.077,-0.046,-0.024,-0.18,-0.048,0.062,-0.297,1.0,0.045
8,y3,-0.32,-0.028,0.044,0.269,0.171,0.018,-0.225,-0.101,-0.432,0.008,0.01,-0.019,-0.096,-0.14,0.045,1.0
9,.,1.0,-0.045,-0.01,-0.16,-0.256,0.162,0.341,0.086,-0.024,-0.082,-0.176,-0.047,-0.171,0.294,-0.044,-0.32
9,A1_1,-0.045,1.0,0.233,0.066,0.03,0.206,0.062,0.229,0.275,-0.045,0.142,-0.243,0.002,0.01,-0.231,-0.029
9,A1_2,-0.01,0.233,1.0,0.322,-0.183,-0.061,0.103,0.015,0.355,-0.017,-0.291,0.071,0.183,0.023,-0.11,0.044
9,A1_3,-0.16,0.066,0.322,1.0,-0.267,-0.055,-0.085,-0.007,-0.012,0.059,-0.358,-0.185,-0.184,-0.149,-0.027,0.269
9,B1_1,-0.256,0.03,-0.183,-0.267,1.0,0.218,-0.12,-0.022,-0.373,0.238,0.39,0.036,0.506,-0.151,0.104,0.171
9,B1_2,0.162,0.206,-0.061,-0.055,0.218,1.0,-0.12,0.239,-0.201,0.149,0.104,-0.439,-0.069,0.014,0.186,0.018
9,B1_3,0.341,0.062,0.103,-0.085,-0.12,-0.12,1.0,-0.198,-0.001,-0.136,0.093,-0.018,0.011,0.507,-0.245,-0.225
9,A2_1,0.086,0.229,0.015,-0.007,-0.022,0.239,-0.198,1.0,0.196,-0.299,0.158,-0.184,-0.15,-0.359,-0.077,-0.101
9,A2_2,-0.024,0.275,0.355,-0.012,-0.373,-0.201,-0.001,0.196,1.0,-0.152,-0.0,-0.031,-0.127,0.057,-0.046,-0.432
9,A2_3,-0.082,-0.045,-0.017,0.059,0.238,0.149,-0.136,-0.299,-0.152,1.0,-0.141,-0.265,-0.014,0.186,-0.024,0.008
9,B2_1,-0.176,0.142,-0.291,-0.358,0.39,0.104,0.093,0.158,-0.0,-0.141,1.0,-0.224,-0.139,-0.183,-0.18,0.01
9,B2_2,-0.047,-0.243,0.071,-0.185,0.036,-0.439,-0.018,-0.184,-0.031,-0.265,-0.224,1.0,0.181,-0.004,-0.048,-0.019
9,B2_3,-0.171,0.002,0.183,-0.184,0.506,-0.069,0.011,-0.15,-0.127,-0.014,-0.139,0.181,1.0,0.043,0.062,-0.096
9,y1,0.294,0.01,0.023,-0.149,-0.151,0.014,0.507,-0.359,0.057,0.186,-0.183,-0.004,0.043,1.0,-0.297,-0.139
9,y2,-0.044,-0.231,-0.11,-0.027,0.104,0.186,-0.245,-0.077,-0.046,-0.024,-0.18,-0.048,0.062,-0.297,1.0,0.045
9,y3,-0.32,-0.029,0.044,0.269,0.171,0.018,-0.225,-0.101,-0.432,0.008,0.01,-0.019,-0.096,-0.139,0.045,1.0
10,.,1.0,-0.046,-0.01,-0.16,-0.256,0.161,0.341,0.085,-0.025,-0.082,-0.176,-0.047,-0.171,0.293,-0.045,-0.319
10,A1_1,-0.046,1.0,0.234,0.067,0.029,0.206,0.062,0.229,0.276,-0.045,0.141,-0.243,0.002,0.01,-0.231,-0.029
10,A1_2,-0.01,0.234,1.0,0.322,-0.184,-0.061,0.102,0.016,0.355,-0.016,-0.292,0.071,0.183,0.022,-0.11,0.043
10,A1_3,-0.16,0.067,0.322,1.0,-0.267,-0.056,-0.085,-0.007,-0.011,0.06,-0.358,-0.186,-0.185,-0.149,-0.027,0.268
10,B1_1,-0.256,0.029,-0.184,-0.267,1.0,0.219,-0.119,-0.023,-0.374,0.237,0.391,0.037,0.507,-0.151,0.104,0.171
10,B1_2,0.161,0.206,-0.061,-0.056,0.219,1.0,-0.119,0.239,-0.202,0.149,0.105,-0.439,-0.068,0.014,0.187,0.019
10,B1_3,0.341,0.062,0.102,-0.085,-0.119,-0.119,1.0,-0.197,-0.001,-0.136,0.093,-0.018,0.011,0.506,-0.245,-0.225
10,A2_1,0.085,0.229,0.016,-0.007,-0.023,0.239,-0.197,1.0,0.196,-0.299,0.158,-0.183,-0.149,-0.359,-0.078,-0.102
10,A2_2,-0.025,0.276,0.355,-0.011,-0.374,-0.202,-0.001,0.196,1.0,-0.151,-0.001,-0.031,-0.127,0.057,-0.046,-0.432
10,A2_3,-0.082,-0.045,-0.016,0.06,0.237,0.149,-0.136,-0.299,-0.151,1.0,-0.142,-0.265,-0.014,0.186,-0.024,0.007
10,B2_1,-0.176,0.141,-0.292,-0.358,0.391,0.105,0.093,0.158,-0.001,-0.142,1.0,-0.223,-0.137,-0.183,-0.18,0.011
10,B2_2,-0.047,-0.243,0.071,-0.186,0.037,-0.439,-0.018,-0.183,-0.031,-0.265,-0.223,1.0,0.181,-0.005,-0.048,-0.019
10,B2_3,-0.171,0.002,0.183,-0.185,0.507,-0.068,0.011,-0.149,-0.127,-0.014,-0.137,0.181,1.0,0.043,0.062,-0.096
10,y1,0.293,0.01,0.022,-0.149,-0.151,0.014,0.506,-0.359,0.057,0.186,-0.183,-0.005,0.043,1.0,-0.297,-0.139
10,y2,-0.045,-0.231,-0.11,-0.027,0.104,0.187,-0.245,-0.078,-0.046,-0.024,-0.18,-0.048,0.062,-0.297,1.0,0.045
10,y3,-0.319,-0.029,0.043,0.268,0.171,0.019,-0.225,-0.102,-0.432,0.007,0.011,-0.019,-0.096,-0.139,0.045,1.0
11,.,1.0,-0.047,-0.01,-0.159,-0.257,0.16,0.341,0.084,-0.025,-0.082,-0.177,-0.047,-0.171,0.293,-0.046,-0.319
11,A1_1,-0.047,1.0,0.235,0.067,0.029,0.205,0.062,0.229,0.276,-0.044,0.141,-0.243,0.002,0.01,-0.231,-0.029
11,A1_2,-0.01,0.235,1.0,0.323,-0.184,-0.062,0.102,0.016,0.356,-0.016,-0.292,0.071,0.182,0.022,-0.11,0.042
11,A1_3,-0.159,0.067,0.323,1.0,-0.268,-0.056,-0.085,-0.007,-0.011,0.06,-0.359,-0.186,-0.185,-0.149,-0.027,0.268
11,B1_1,-0.257,0.029,-0.184,-0.268,1.0,0.22,-0.117,-0.023,-0.374,0.237,0.392,0.038,0.508,-0.152,0.104,0.171
11,B1_2,0.16,0.205,-0.062,-0.056,0.22,1.0,-0.118,0.239,-0.203,0.148,0.106,-0.438,-0.066,0.014,0.187,0.019
11,B1_3,0.341,0.062,0.102,-0.085,-0.117,-0.118,1.0,-0.197,-0.002,-0.136,0.094,-0.018,0.012,0.505,-0.245,-0.225
11,A2_1,0.084,0.229,0.016,-0.007,-0.023,0.239,-0.197,1.0,0.197,-0.299,0.158,-0.183,-0.149,-0.36,-0.078,-0.103
11,A2_2,-0.025,0.276,0.356,-0.011,-0.374,-0.203,-0.002,0.197,1.0,-0.15,-0.002,-0.031,-0.128,0.057,-0.046,-0.432
11,A2_3,-0.082,-0.044,-0.016,0.06,0.237,0.148,-0.136,-0.299,-0.15,1.0,-0.142,-0.265,-0.014,0.186,-0.024,0.007
11,B2_1,-0.177,0.141,-0.292,-0.359,0.392,0.106,0.094,0.158,-0.002,-0.142,1.0,-0.222,-0.136,-0.184,-0.18,0.011
11,B2_2,-0.047,-0.243,0.071,-0.186,0.038,-0.438,-0.018,-0.183,-0.031,-0.265,-0.222,1.0,0.182,-0.005,-0.048,-0.019
11,B2_3,-0.171,0.002,0.182,-0.185,0.508,-0.066,0.012,-0.149,-0.128,-0.014,-0.136,0.182,1.0,0.042,0.061,-0.096
11,y1,0.293,0.01,0.022,-0.149,-0.152,0.014,0.505,-0.36,0.057,0.186,-0.184,-0.005,0.042,1.0,-0.296,-0.139
11,y2,-0.046,-0.231,-0.11,-0.027,0.104,0.187,-0.245,-0.078,-0.046,-0.024,-0.18,-0.048,0.061,-0.296,1.0,0.045
11,y3,-0.319,-0.029,0.042,0.268,0.171,0.019,-0.225,-0.103,-0.432,0.007,0.011,-0.019,-0.096,-0.139,0.045,1.0
12,.,1.0,-0.048,-0.01,-0.159,-0.257,0.158,0.34,0.083,-0.025,-0.082,-0.177,-0.047,-0.172,0.293,-0.047,-0.319
12,A1_1,-0.048,1.0,0.236,0.067,0.028,0.204,0.062,0.229,0.277,-0.044,0.14,-0.243,0.001,0.01,-0.231,-0.029
12,A1_2,-0.01,0.236,1.0,0.323,-0.185,-0.062,0.102,0.017,0.357,-0.015,-0.292,0.07,0.181,0.022,-0.11,0.042
12,A1_3,-0.159,0.067,0.323,1.0,-0.268,-0.057,-0.085,-0.007,-0.01,0.06,-0.359,-0.186,-0.185,-0.149,-0.027,0.268
12,B1_1,-0.257,0.028,-0.185,-0.268,1.0,0.221,-0.116,-0.023,-0.375,0.236,0.393,0.039,0.509,-0.152,0.103,0.171
12,B1_2,0.158,0.204,-0.062,-0.057,0.221,1.0,-0.118,0.239,-0.203,0.147,0.107,-0.437,-0.065,0.013,0.187,0.02
12,B1_3,0.34,0.062,0.102,-0.085,-0.116,-0.118,1.0,-0.197,-0.002,-0.137,0.094,-0.018,0.013,0.505,-0.245,-0.225
12,A2_1,0.083,0.229,0.017,-0.007,-0.023,0.239,-0.197,1.0,0.197,-0.298,0.158,-0.183,-0.149,-0.36,-0.078,-0.104
12,A2_2,-0.025,0.277,0.357,-0.01,-0.375,-0.203,-0.002,0.197,1.0,-0.15,-0.003,-0.032,-0.128,0.057,-0.046,-0.432
12,A2_3,-0.082,-0.044,-0.015,0.06,0.236,0.147,-0.137,-0.298,-0.15,1.0,-0.142,-0.266,-0.015,0.186,-0.024,0.007
12,B2_1,-0.177,0.14,-0.292,-0.359,0.393,0.107,0.094,0.158,-0.003,-0.142,1.0,-0.221,-0.134,-0.184,-0.179,0.011
12,B2_2,-0.047,-0.243,0.07,-0.186,0.039,-0.437,-0.018,-0.183,-0.032,-0.266,-0.221,1.0,0.183,-0.006,-0.048,-0.019
12,B2_3,-0.172,0.001,0.181,-0.185,0.509,-0.065,0.013,-0.149,-0.128,-0.015,-0.134,0.183,1.0,0.042,0.061,-0.096
12,y1,0.293,0.01,0.022,-0.149,-0.152,0.013,0.505,-0.36,0.057,0.186,-0.184,-0.006,0.042,1.0,-0.296,-0.138
12,y2,-0.047,-0.231,-0.11,-0.027,0.103,0.187,-0.245,-0.078,-0.046,-0.024,-0.179,-0.048,0.061,-0.296,1.0,0.045
12,y3,-0.319,-0.029,0.042,0.268,0.171,0.02,-0.225,-0.104,-0.432,0.007,0.011,-0.019,-0.096,-0.138,0.045,1.0
13,.,1.0,-0.049,-0.01,-0.158,-0.258,0.157,0.34,0.082,-0.026,-0.082,-0.178,-0.047,-0.173,0.293,-0.048,-0.318
13,A1_1,-0.049,1.0,0.236,0.068,0.027,0.204,0.062,0.229,0.278,-0.043,0.139,-0.243,0.001,0.011,-0.231,-0.03
13,A1_2,-0.01,0.236,1.0,0.323,-0.185,-0.063,0.102,0.017,0.358,-0.014,-0.292,0.07,0.18,0.021,-0.111,0.041
13,A1_3,-0.158,0.068,0.323,1.0,-0.269,-0.058,-0.086,-0.006,-0.009,0.061,-0.359,-0.187,-0.186,-0.149,-0.027,0.268
13,B1_1,-0.258,0.027,-0.185,-0.269,1.0,0.222,-0.115,-0.023,-0.375,0.235,0.395,0.04,0.51,-0.153,0.103,0.17
13,B1_2,0.157,0.204,-0.063,-0.058,0.222,1.0,-0.117,0.238,-0.204,0.147,0.108,-0.436,-0.064,0.013,0.187,0.02
13,B1_3,0.34,0.062,0.102,-0.086,-0.115,-0.117,1.0,-0.196,-0.003,-0.137,0.095,-0.018,0.013,0.504,-0.245,-0.224
13,A2_1,0.082,0.229,0.017,-0.006,-0.023,0.238,-0.196,1.0,0.198,-0.297,0.157,-0.182,-0.148,-0.36,-0.079,-0.104
13,A2_2,-0.026,0.278,0.358,-0.009,-0.375,-0.204,-0.003,0.198,1.0,-0.149,-0.004,-0.032,-0.129,0.057,-0.046,-0.432
13,A2_3,-0.082,-0.043,-0.014,0.061,0.235,0.147,-0.137,-0.297,-0.149,1.0,-0.143,-0.266,-0.015,0.186,-0.024,0.006
13,B2_1,-0.178,0.139,-0.292,-0.359,0.395,0.108,0.095,0.157,-0.004,-0.143,1.0,-0.22,-0.132,-0.184,-0.179,0.012
13,B2_2,-0.047,-0.243,0.07,-0.187,0.04,-0.436,-0.018,-0.182,-0.032,-0.266,-0.22,1.0,0.184,-0.007,-0.048,-0.019
13,B2_3,-0.173,0.001,0.18,-0.186,0.51,-0.064,0.013,-0.148,-0.129,-0.015,-0.132,0.184,1.0,0.041,0.061,-0.096
13,y1,0.293,0.011,0.021,-0.149,-0.153,0.013,0.504,-0.36,0.057,0.186,-0.184,-0.007,0.041,1.0,-0.296,-0.138
13,y2,-0.048,-0.231,-0.111,-0.027,0.103,0.187,-0.245,-0.079,-0.046,-0.024,-0.179,-0.048,0.061,-0.296,1.0,0.045
13,y3,-0.318,-0.03,0.041,0.268,0.17,0.02,-0.224,-0.104,-0.432,0.006,0.012,-0.019,-0.096,-0.138,0.045,1.0
14,.,1.0,-0.05,-0.01,-0.157,-0.259,0.155,0.339,0.081,-0.026,-0.081,-0.179,-0.048,-0.174,0.292,-0.048,-0.318
14,A1_1,-0.05,1.0,0.237,0.068,0.027,0.203,0.062,0.23,0.279,-0.042,0.139,-0.243,0.0,0.011,-0.231,-0.03
14,A1_2,-0.01,0.237,1.0,0.324,-0.186,-0.064,0.101,0.018,0.359,-0.013,-0.293,0.07,0.179,0.021,-0.111,0.04
14,A1_3,-0.157,0.068,0.324,1.0,-0.269,-0.059,-0.086,-0.006,-0.008,0.061,-0.36,-0.187,-0.186,-0.149,-0.027,0.268
14,B1_1,-0.259,0.027,-0.186,-0.269,1.0,0.224,-0.113,-0.023,-0.376,0.234,0.396,0.042,0.511,-0.153,0.102,0.17
14,B1_2,0.155,0.203,-0.064,-0.059,0.224,1.0,-0.116,0.238,-0.205,0.146,0.109,-0.435,-0.062,0.013,0.187,0.021
14,B1_3,0.339,0.062,0.101,-0.086,-0.113,-0.116,1.0,-0.196,-0.003,-0.137,0.095,-0.017,0.014,0.503,-0.245,-0.224
14,A2_1,0.081,0.23,0.018,-0.006,-0.023,0.238,-0.196,1.0,0.198,-0.297,0.157,-0.182,-0.148,-0.36,-0.079,-0.105
14,A2_2,-0.026,0.279,0.359,-0.008,-0.376,-0.205,-0.003,0.198,1.0,-0.148,-0.006,-0.033,-0.13,0.057,-0.046,-0.432
14,A2_3,-0.081,-0.042,-0.013,0.061,0.234,0.146,-0.137,-0.297,-0.148,1.0,-0.143,-0.266,-0.016,0.186,-0.024,0.006
14,B2_1,-0.179,0.139,-0.293,-0.36,0.396,0.109,0.095,0.157,-0.006,-0.143,1.0,-0.218,-0.13,-0.185,-0.179,0.012
14,B2_2,-0.048,-0.243,0.07,-0.187,0.042,-0.435,-0.017,-0.182,-0.033,-0.266,-0.218,1.0,0.184,-0.007,-0.048,-0.019
14,B2_3,-0.174,0.0,0.179,-0.186,0.511,-0.062,0.014,-0.148,-0.13,-0.016,-0.13,0.184,1.0,0.04,0.061,-0.096
14,y1,0.292,0.011,0.021,-0.149,-0.153,0.013,0.503,-0.36,0.057,0.186,-0.185,-0.007,0.04,1.0,-0.295,-0.138
14,y2,-0.048,-0.231,-0.111,-0.027,0.102,0.187,-0.245,-0.079,-0.046,-0.024,-0.179,-0.048,0.061,-0.295,1.0,0.045
14,y3,-0.318,-0.03,0.04,0.268,0.17,0.021,-0.224,-0.105,-0.432,0.006,0.012,-0.019,-0.096,-0.138,0.045,1.0
15,.,1.0,-0.051,-0.011,-0.156,-0.26,0.153,0.338,0.08,-0.026,-0.081,-0.18,-0.048,-0.175,0.292,-0.049,-0.317
15,A1_1,-0.051,1.0,0.238,0.069,0.026,0.203,0.061,0.23,0.279,-0.041,0.138,-0.244,0.0,0.011,-0.231,-0.03
15,A1_2,-0.011,0.238,1.0,0.325,-0.186,-0.064,0.101,0.019,0.36,-0.012,-0.293,0.069,0.178,0.021,-0.111,0.039
15,A1_3,-0.156,0.069,0.325,1.0,-0.27,-0.059,-0.086,-0.006,-0.008,0.062,-0.36,-0.187,-0.187,-0.148,-0.026,0.268
15,B1_1,-0.26,0.026,-0.186,-0.27,1.0,0.225,-0.111,-0.024,-0.376,0.232,0.397,0.043,0.513,-0.154,0.102,0.169
15,B1_2,0.153,0.203,-0.064,-0.059,0.225,1.0,-0.115,0.238,-0.206,0.145,0.11,-0.434,-0.06,0.012,0.188,0.021
15,B1_3,0.338,0.061,0.101,-0.086,-0.111,-0.115,1.0,-0.196,-0.004,-0.138,0.096,-0.017,0.015,0.502,-0.245,-0.224
15,A2_1,0.08,0.23,0.019,-0.006,-0.024,0.238,-0.196,1.0,0.199,-0.296,0.157,-0.181,-0.148,-0.361,-0.08,-0.106
15,A2_2,-0.026,0.279,0.36,-0.008,-0.376,-0.206,-0.004,0.199,1.0,-0.146,-0.007,-0.034,-0.13,0.057,-0.046,-0.432
15,A2_3,-0.081,-0.041,-0.012,0.062,0.232,0.145,-0.138,-0.296,-0.146,1.0,-0.144,-0.267,-0.016,0.186,-0.024,0.006
15,B2_1,-0.18,0.138,-0.293,-0.36,0.397,0.11,0.096,0.157,-0.007,-0.144,1.0,-0.217,-0.128,-0.185,-0.179,0.012
15,B2_2,-0.048,-0.244,0.069,-0.187,0.043,-0.434,-0.017,-0.181,-0.034,-0.267,-0.217,1.0,0.185,-0.008,-0.048,-0.019
15,B2_3,-0.175,0.0,0.178,-0.187,0.513,-0.06,0.015,-0.148,-0.13,-0.016,-0.128,0.185,1.0,0.039,0.06,-0.096
15,y1,0.292,0.011,0.021,-0.148,-0.154,0.012,0.502,-0.361,0.057,0.186,-0.185,-0.008,0.039,1.0,-0.295,-0.137
15,y2,-0.049,-0.231,-0.111,-0.026,0.102,0.188,-0.245,-0.08,-0.046,-0.024,-0.179,-0.048,0.06,-0.295,1.0,0.045
15,y3,-0.317,-0.03,0.039,0.268,0.169,0.021,-0.224,-0.106,-0.432,0.006,0.012,-0.019,-0.096,-0.137,0.045,1.0
16,.,1.0,-0.052,-0.011,-0.155,-0.262,0.151,0.337,0.079,-0.026,-0.081,-0.181,-0.049,-0.176,0.292,-0.05,-0.316
16,A1_1,-0.052,1.0,0.239,0.069,0.025,0.202,0.061,0.23,0.28,-0.041,0.137,-0.244,-0.0,0.011,-0.231,-0.031
16,A1_2,-0.011,0.239,1.0,0.325,-0.187,-0.065,0.101,0.02,0.361,-0.011,-0.293,0.068,0.177,0.021,-0.111,0.039
16,A1_3,-0.155,0.069,0.325,1.0,-0.27,-0.06,-0.087,-0.005,-0.007,0.062,-0.361,-0.188,-0.187,-0.148,-0.026,0.268
16,B1_1,-0.262,0.025,-0.187,-0.27,1.0,0.227,-0.109,-0.024,-0.377,0.231,0.399,0.045,0.514,-0.154,0.101,0.169
16,B1_2,0.151,0.202,-0.065,-0.06,0.227,1.0,-0.115,0.238,-0.207,0.144,0.111,-0.433,-0.058,0.012,0.188,0.022
16,B1_3,0.337,0.061,0.101,-0.087,-0.109,-0.115,1.0,-0.196,-0.005,-0.138,0.097,-0.017,0.016,0.501,-0.245,-0.224
16,A2_1,0.079,0.23,0.02,-0.005,-0.024,0.238,-0.196,1.0,0.2,-0.296,0.157,-0.181,-0.148,-0.361,-0.08,-0.107
16,A2_2,-0.026,0.28,0.361,-0.007,-0.377,-0.207,-0.005,0.2,1.0,-0.145,-0.008,-0.035,-0.131,0.057,-0.046,-0.432
16,A2_3,-0.081,-0.041,-0.011,0.062,0.231,0.144,-0.138,-0.296,-0.145,1.0,-0.144,-0.267,-0.017,0.186,-0.024,0.005
16,B2_1,-0.181,0.137,-0.293,-0.361,0.399,0.111,0.097,0.157,-0.008,-0.144,1.0,-0.215,-0.126,-0.186,-0.179,0.012
16,B2_2,-0.049,-0.244,0.068,-0.188,0.045,-0.433,-0.017,-0.181,-0.035,-0.267,-0.215,1.0,0.187,-0.009,-0.048,-0.019
16,B2_3,-0.176,-0.0,0.177,-0.187,0.514,-0.058,0.016,-0.148,-0.131,-0.017,-0.126,0.187,1.0,0.038,0.06,-0.097
16,y1,0.292,0.011,0.021,-0.148,-0.154,0.012,0.501,-0.361,0.057,0.186,-0.186,-0.009,0.038,1.0,-0.294,-0.137
16,y2,-0.05,-0.231,-0.111,-0.026,0.101,0.188,-0.245,-0.08,-0.046,-0.024,-0.179,-0.048,0.06,-0.294,1.0,0.045
16,y3,-0.316,-0.031,0.039,0.268,0.169,0.022,-0.224,-0.107,-0.432,0.005,0.012,-0.019,-0.097,-0.137,0.045,1.0
17,.,1.0,-0.053,-0.011,-0.154,-0.263,0.149,0.336,0.078,-0.026,-0.08,-0.182,-0.05,-0.178,0.292,-0.051,-0.316
17,A1_1,-0.053,1.0,0.24,0.07,0.024,0.201,0.061,0.231,0.281,-0.04,0.136,-0.244,-0.001,0.011,-0.231,-0.031
17,A1_2,-0.011,0.24,1.0,0.326,-0.188,-0.066,0.1,0.021,0.362,-0.01,-0.294,0.068,0.176,0.02,-0.112,0.038
17,A1_3,-0.154,0.07,0.326,1.0,-0.271,-0.061,-0.087,-0.005,-0.006,0.063,-0.362,-0.189,-0.188,-0.148,-0.026,0.267
17,B1_1,-0.263,0.024,-0.188,-0.271,1.0,0.228,-0.107,-0.024,-0.378,0.23,0.401,0.047,0.515,-0.155,0.1,0.168
17,B1_2,0.149,0.201,-0.066,-0.061,0.228,1.0,-0.114,0.238,-0.208,0.143,0.113,-0.432,-0.056,0.011,0.188,0.022
17,B1_3,0.336,0.061,0.1,-0.087,-0.107,-0.114,1.0,-0.195,-0.006,-0.138,0.098,-0.016,0.018,0.5,-0.245,-0.224
17,A2_1,0.078,0.231,0.021,-0.005,-0.024,0.238,-0.195,1.0,0.201,-0.295,0.156,-0.181,-0.148,-0.361,-0.081,-0.108
17,A2_2,-0.026,0.281,0.362,-0.006,-0.378,-0.208,-0.006,0.201,1.0,-0.144,-0.009,-0.035,-0.132,0.057,-0.046,-0.432
17,A2_3,-0.08,-0.04,-0.01,0.063,0.23,0.143,-0.138,-0.295,-0.144,1.0,-0.145,-0.267,-0.017,0.186,-0.024,0.005
17,B2_1,-0.182,0.136,-0.294,-0.362,0.401,0.113,0.098,0.156,-0.009,-0.145,1.0,-0.214,-0.123,-0.186,-0.179,0.012
17,B2_2,-0.05,-0.244,0.068,-0.189,0.047,-0.432,-0.016,-0.181,-0.035,-0.267,-0.214,1.0,0.188,-0.009,-0.048,-0.019
17,B2_3,-0.178,-0.001,0.176,-0.188,0.515,-0.056,0.018,-0.148,-0.132,-0.017,-0.123,0.188,1.0,0.037,0.059,-0.097
17,y1,0.292,0.011,0.02,-0.148,-0.155,0.011,0.5,-0.361,0.057,0.186,-0.186,-0.009,0.037,1.0,-0.293,-0.136
17,y2,-0.051,-0.231,-0.112,-0.026,0.1,0.188,-0.245,-0.081,-0.046,-0.024,-0.179,-0.048,0.059,-0.293,1.0,0.045
17,y3,-0.316,-0.031,0.038,0.267,0.168,0.022,-0.224,-0.108,-0.432,0.005,0.012,-0.019,-0.097,-0.136,0.045,1.0
18,.,1.0,-0.054,-0.011,-0.153,-0.265,0.146,0.335,0.077,-0.026,-0.08,-0.184,-0.051,-0.18,0.292,-0.051,-0.315
18,A1_1,-0.054,1.0,0.241,0.07,0.023,0.2,0.06,0.231,0.282,-0.039,0.135,-0.244,-0.002,0.011,-0.231,-0.032
18,A1_2,-0.011,0.241,1.0,0.327,-0.188,-0.067,0.1,0.022,0.363,-0.009,-0.294,0.067,0.175,0.02,-0.112,0.037
18,A1_3,-0.153,0.07,0.327,1.0,-0.272,-0.062,-0.088,-0.004,-0.005,0.064,-0.362,-0.189,-0.189,-0.147,-0.026,0.267
18,B1_1,-0.265,0.023,-0.188,-0.272,1.0,0.23,-0.105,-0.025,-0.378,0.228,0.402,0.049,0.517,-0.156,0.1,0.167
18,B1_2,0.146,0.2,-0.067,-0.062,0.23,1.0,-0.113,0.237,-0.209,0.143,0.114,-0.43,-0.054,0.011,0.188,0.023
18,B1_3,0.335,0.06,0.1,-0.088,-0.105,-0.113,1.0,-0.195,-0.007,-0.139,0.099,-0.015,0.019,0.499,-0.246,-0.224
18,A2_1,0.077,0.231,0.022,-0.004,-0.025,0.237,-0.195,1.0,0.202,-0.294,0.156,-0.181,-0.148,-0.362,-0.081,-0.109
18,A2_2,-0.026,0.282,0.363,-0.005,-0.378,-0.209,-0.007,0.202,1.0,-0.143,-0.011,-0.036,-0.133,0.057,-0.046,-0.432
18,A2_3,-0.08,-0.039,-0.009,0.064,0.228,0.143,-0.139,-0.294,-0.143,1.0,-0.146,-0.268,-0.018,0.186,-0.024,0.005
18,B2_1,-0.184,0.135,-0.294,-0.362,0.402,0.114,0.099,0.156,-0.011,-0.146,1.0,-0.212,-0.121,-0.187,-0.179,0.012
18,B2_2,-0.051,-0.244,0.067,-0.189,0.049,-0.43,-0.015,-0.181,-0.036,-0.268,-0.212,1.0,0.189,-0.01,-0.048,-0.019
18,B2_3,-0.18,-0.002,0.175,-0.189,0.517,-0.054,0.019,-0.148,-0.133,-0.018,-0.121,0.189,1.0,0.036,0.059,-0.097
18,y1,0.292,0.011,0.02,-0.147,-0.156,0.011,0.499,-0.362,0.057,0.186,-0.187,-0.01,0.036,1.0,-0.293,-0.136
18,y2,-0.051,-0.231,-0.112,-0.026,0.1,0.188,-0.246,-0.081,-0.046,-0.024,-0.179,-0.048,0.059,-0.293,1.0,0.045
18,y3,-0.315,-0.032,0.037,0.267,0.167,0.023,-0.224,-0.109,-0.432,0.005,0.012,-0.019,-0.097,-0.136,0.045,1.0
19,.,1.0,-0.055,-0.011,-0.151,-0.267,0.144,0.334,0.076,-0.027,-0.079,-0.185,-0.052,-0.181,0.292,-0.052,-0.314
19,A1_1,-0.055,1.0,0.242,0.071,0.022,0.2,0.06,0.232,0.283,-0.038,0.134,-0.244,-0.002,0.011,-0.231,-0.032
19,A1_2,-0.011,0.242,1.0,0.327,-0.189,-0.068,0.099,0.023,0.364,-0.008,-0.295,0.066,0.173,0.02,-0.112,0.036
19,A1_3,-0.151,0.071,0.327,1.0,-0.273,-0.064,-0.088,-0.004,-0.004,0.064,-0.363,-0.19,-0.19,-0.147,-0.025,0.267
19,B1_1,-0.267,0.022,-0.189,-0.273,1.0,0.232,-0.103,-0.026,-0.379,0.227,0.404,0.051,0.519,-0.157,0.099,0.166
19,B1_2,0.144,0.2,-0.068,-0.064,0.232,1.0,-0.112,0.237,-0.21,0.142,0.116,-0.429,-0.052,0.01,0.188,0.023
19,B1_3,0.334,0.06,0.099,-0.088,-0.103,-0.112,1.0,-0.195,-0.008,-0.139,0.1,-0.015,0.02,0.498,-0.246,-0.224
19,A2_1,0.076,0.232,0.023,-0.004,-0.026,0.237,-0.195,1.0,0.202,-0.293,0.155,-0.18,-0.148,-0.362,-0.082,-0.109
19,A2_2,-0.027,0.283,0.364,-0.004,-0.379,-0.21,-0.008,0.202,1.0,-0.142,-0.012,-0.037,-0.134,0.057,-0.046,-0.432
19,A2_3,-0.079,-0.038,-0.008,0.064,0.227,0.142,-0.139,-0.293,-0.142,1.0,-0.146,-0.268,-0.018,0.186,-0.024,0.004
19,B2_1,-0.185,0.134,-0.295,-0.363,0.404,0.116,0.1,0.155,-0.012,-0.146,1.0,-0.21,-0.118,-0.187,-0.18,0.012
19,B2_2,-0.052,-0.244,0.066,-0.19,0.051,-0.429,-0.015,-0.18,-0.037,-0.268,-0.21,1.0,0.191,-0.011,-0.048,-0.019
19,B2_3,-0.181,-0.002,0.173,-0.19,0.519,-0.052,0.02,-0.148,-0.134,-0.018,-0.118,0.191,1.0,0.035,0.058,-0.098
19,y1,0.292,0.011,0.02,-0.147,-0.157,0.01,0.498,-0.362,0.057,0.186,-0.187,-0.011,0.035,1.0,-0.292,-0.135
19,y2,-0.052,-0.231,-0.112,-0.025,0.099,0.188,-0.246,-0.082,-0.046,-0.024,-0.18,-0.048,0.058,-0.292,1.0,0.045
19,y3,-0.314,-0.032,0.036,0.267,0.166,0.023,-0.224,-0.109,-0.432,0.004,0.012,-0.019,-0.098,-0.135,0.045,1.0
20,.,1.0,-0.056,-0.011,-0.15,-0.269,0.141,0.332,0.075,-0.027,-0.079,-0.187,-0.053,-0.184,0.292,-0.052,-0.312
20,A1_1,-0.056,1.0,0.243,0.072,0.021,0.199,0.059,0.232,0.284,-0.037,0.133,-0.244,-0.003,0.011,-0.231,-0.032
20,A1_2,-0.011,0.243,1.0,0.328,-0.19,-0.068,0.098,0.024,0.365,-0.007,-0.295,0.066,0.172,0.019,-0.112,0.035
20,A1_3,-0.15,0.072,0.328,1.0,-0.274,-0.065,-0.089,-0.003,-0.002,0.065,-0.364,-0.191,-0.191,-0.147,-0.025,0.267
20,B1_1,-0.269,0.021,-0.19,-0.274,1.0,0.235,-0.1,-0.026,-0.38,0.225,0.406,0.054,0.52,-0.158,0.097,0.165
20,B1_2,0.141,0.199,-0.068,-0.065,0.235,1.0,-0.111,0.237,-0.212,0.141,0.118,-0.427,-0.05,0.01,0.188,0.024
20,B1_3,0.332,0.059,0.098,-0.089,-0.1,-0.111,1.0,-0.195,-0.009,-0.14,0.101,-0.014,0.022,0.497,-0.246,-0.223
20,A2_1,0.075,0.232,0.024,-0.003,-0.026,0.237,-0.195,1.0,0.203,-0.292,0.155,-0.18,-0.148,-0.362,-0.082,-0.11
20,A2_2,-0.027,0.284,0.365,-0.002,-0.38,-0.212,-0.009,0.203,1.0,-0.14,-0.014,-0.038,-0.135,0.057,-0.046,-0.432
20,A2_3,-0.079,-0.037,-0.007,0.065,0.225,0.141,-0.14,-0.292,-0.14,1.0,-0.147,-0.269,-0.019,0.185,-0.024,0.004
20,B2_1,-0.187,0.133,-0.295,-0.364,0.406,0.118,0.101,0.155,-0.014,-0.147,1.0,-0.207,-0.115,-0.188,-0.18,0.012
20,B2_2,-0.053,-0.244,0.066,-0.191,0.054,-0.427,-0.014,-0.18,-0.038,-0.269,-0.207,1.0,0.192,-0.012,-0.049,-0.019
20,B2_3,-0.184,-0.003,0.172,-0.191,0.52,-0.05,0.022,-0.148,-0.135,-0.019,-0.115,0.192,1.0,0.034,0.057,-0.098
20,y1,0.292,0.011,0.019,-0.147,-0.158,0.01,0.497,-0.362,0.057,0.185,-0.188,-0.012,0.034,1.0,-0.291,-0.135
20,y2,-0.052,-0.231,-0.112,-0.025,0.097,0.188,-0.246,-0.082,-0.046,-0.024,-0.18,-0.049,0.057,-0.291,1.0,0.045
20,y3,-0.312,-0.032,0.035,0.267,0.165,0.024,-0.223,-0.11,-0.432,0.004,0.012,-0.019,-0.098,-0.135,0.045,1.0
21,.,1.0,-0.057,-0.011,-0.148,-0.271,0.138,0.33,0.074,-0.027,-0.078,-0.189,-0.055,-0.186,0.292,-0.053,-0.311
21,A1_1,-0.057,1.0,0.245,0.073,0.02,0.198,0.059,0.233,0.285,-0.036,0.132,-0.245,-0.004,0.011,-0.231,-0.033
21,A1_2,-0.011,0.245,1.0,0.329,-0.191,-0.069,0.098,0.025,0.366,-0.006,-0.296,0.065,0.17,0.019,-0.113,0.034
21,A1_3,-0.148,0.073,0.329,1.0,-0.275,-0.066,-0.09,-0.003,-0.001,0.066,-0.364,-0.192,-0.191,-0.146,-0.025,0.267
21,B1_1,-0.271,0.02,-0.191,-0.275,1.0,0.237,-0.097,-0.027,-0.381,0.224,0.409,0.056,0.522,-0.159,0.096,0.164
21,B1_2,0.138,0.198,-0.069,-0.066,0.237,1.0,-0.109,0.236,-0.213,0.139,0.12,-0.425,-0.047,0.009,0.188,0.024
21,B1_3,0.33,0.059,0.098,-0.09,-0.097,-0.109,1.0,-0.195,-0.01,-0.141,0.103,-0.013,0.024,0.496,-0.246,-0.223
21,A2_1,0.074,0.233,0.025,-0.003,-0.027,0.236,-0.195,1.0,0.204,-0.291,0.154,-0.18,-0.148,-0.363,-0.083,-0.111
21,A2_2,-0.027,0.285,0.366,-0.001,-0.381,-0.213,-0.01,0.204,1.0,-0.139,-0.016,-0.039,-0.137,0.057,-0.046,-0.432
21,A2_3,-0.078,-0.036,-0.006,0.066,0.224,0.139,-0.141,-0.291,-0.139,1.0,-0.148,-0.269,-0.02,0.185,-0.024,0.004
21,B2_1,-0.189,0.132,-0.296,-0.364,0.409,0.12,0.103,0.154,-0.016,-0.148,1.0,-0.205,-0.111,-0.189,-0.18,0.012
21,B2_2,-0.055,-0.245,0.065,-0.192,0.056,-0.425,-0.013,-0.18,-0.039,-0.269,-0.205,1.0,0.194,-0.013,-0.049,-0.019
21,B2_3,-0.186,-0.004,0.17,-0.191,0.522,-0.047,0.024,-0.148,-0.137,-0.02,-0.111,0.194,1.0,0.033,0.056,-0.099
21,y1,0.292,0.011,0.019,-0.146,-0.159,0.009,0.496,-0.363,0.057,0.185,-0.189,-0.013,0.033,1.0,-0.29,-0.134
21,y2,-0.053,-0.231,-0.113,-0.025,0.096,0.188,-0.246,-0.083,-0.046,-0.024,-0.18,-0.049,0.056,-0.29,1.0,0.046
21,y3,-0.311,-0.033,0.034,0.267,0.164,0.024,-0.223,-0.111,-0.432,0.004,0.012,-0.019,-0.099,-0.134,0.046,1.0
22,.,1.0,-0.058,-0.011,-0.147,-0.273,0.135,0.328,0.073,-0.027,-0.077,-0.191,-0.056,-0.188,0.292,-0.053,-0.31
22,A1_1,-0.058,1.0,0.246,0.074,0.018,0.197,0.058,0.234,0.286,-0.035,0.131,-0.245,-0.005,0.011,-0.231,-0.033
22,A1_2,-0.011,0.246,1.0,0.33,-0.192,-0.07,0.097,0.026,0.367,-0.005,-0.297,0.064,0.169,0.019,-0.113,0.033
22,A1_3,-0.147,0.074,0.33,1.0,-0.276,-0.068,-0.091,-0.002,0.0,0.067,-0.365,-0.193,-0.193,-0.146,-0.024,0.267
22,B1_1,-0.273,0.018,-0.192,-0.276,1.0,0.239,-0.094,-0.028,-0.381,0.222,0.411,0.059,0.524,-0.16,0.095,0.162
22,B1_2,0.135,0.197,-0.07,-0.068,0.239,1.0,-0.108,0.236,-0.214,0.138,0.122,-0.423,-0.044,0.008,0.188,0.024
22,B1_3,0.328,0.058,0.097,-0.091,-0.094,-0.108,1.0,-0.195,-0.011,-0.141,0.104,-0.012,0.026,0.494,-0.246,-0.223
22,A2_1,0.073,0.234,0.026,-0.002,-0.028,0.236,-0.195,1.0,0.206,-0.29,0.153,-0.18,-0.148,-0.363,-0.083,-0.112
22,A2_2,-0.027,0.286,0.367,0.0,-0.381,-0.214,-0.011,0.206,1.0,-0.137,-0.018,-0.041,-0.138,0.057,-0.046,-0.431
22,A2_3,-0.077,-0.035,-0.005,0.067,0.222,0.138,-0.141,-0.29,-0.137,1.0,-0.149,-0.27,-0.021,0.185,-0.023,0.004
22,B2_1,-0.191,0.131,-0.297,-0.365,0.411,0.122,0.104,0.153,-0.018,-0.149,1.0,-0.202,-0.108,-0.19,-0.18,0.011
22,B2_2,-0.056,-0.245,0.064,-0.193,0.059,-0.423,-0.012,-0.18,-0.041,-0.27,-0.202,1.0,0.196,-0.014,-0.049,-0.019
22,B2_3,-0.188,-0.005,0.169,-0.193,0.524,-0.044,0.026,-0.148,-0.138,-0.021,-0.108,0.196,1.0,0.031,0.055,-0.099
22,y1,0.292,0.011,0.019,-0.146,-0.16,0.008,0.494,-0.363,0.057,0.185,-0.19,-0.014,0.031,1.0,-0.289,-0.133
22,y2,-0.053,-0.231,-0.113,-0.024,0.095,0.188,-0.246,-0.083,-0.046,-0.023,-0.18,-0.049,0.055,-0.289,1.0,0.046
22,y3,-0.31,-0.033,0.033,0.267,0.162,0.024,-0.223,-0.112,-0.431,0.004,0.011,-0.019,-0.099,-0.133,0.046,1.0
23,.,1.0,-0.059,-0.011,-0.145,-0.276,0.132,0.325,0.072,-0.026,-0.076,-0.193,-0.058,-0.191,0.292,-0.053,-0.308
23,A1_1,-0.059,1.0,0.247,0.075,0.017,0.196,0.058,0.234,0.288,-0.033,0.13,-0.245,-0.006,0.011,-0.231,-0.034
23,A1_2,-0.011,0.247,1.0,0.331,-0.193,-0.071,0.096,0.027,0.369,-0.003,-0.297,0.062,0.167,0.018,-0.113,0.033
23,A1_3,-0.145,0.075,0.331,1.0,-0.277,-0.069,-0.092,-0.001,0.002,0.068,-0.366,-0.194,-0.194,-0.145,-0.024,0.267
23,B1_1,-0.276,0.017,-0.193,-0.277,1.0,0.242,-0.091,-0.029,-0.382,0.22,0.413,0.062,0.526,-0.161,0.093,0.161
23,B1_2,0.132,0.196,-0.071,-0.069,0.242,1.0,-0.107,0.235,-0.216,0.137,0.124,-0.421,-0.041,0.008,0.188,0.025
23,B1_3,0.325,0.058,0.096,-0.092,-0.091,-0.107,1.0,-0.195,-0.012,-0.142,0.106,-0.011,0.028,0.493,-0.246,-0.223
23,A2_1,0.072,0.234,0.027,-0.001,-0.029,0.235,-0.195,1.0,0.207,-0.289,0.152,-0.18,-0.148,-0.363,-0.084,-0.113
23,A2_2,-0.026,0.288,0.369,0.002,-0.382,-0.216,-0.012,0.207,1.0,-0.136,-0.02,-0.042,-0.139,0.057,-0.046,-0.431
23,A2_3,-0.076,-0.033,-0.003,0.068,0.22,0.137,-0.142,-0.289,-0.136,1.0,-0.15,-0.27,-0.022,0.185,-0.023,0.003
23,B2_1,-0.193,0.13,-0.297,-0.366,0.413,0.124,0.106,0.152,-0.02,-0.15,1.0,-0.199,-0.104,-0.191,-0.181,0.011
23,B2_2,-0.058,-0.245,0.062,-0.194,0.062,-0.421,-0.011,-0.18,-0.042,-0.27,-0.199,1.0,0.198,-0.015,-0.05,-0.02
23,B2_3,-0.191,-0.006,0.167,-0.194,0.526,-0.041,0.028,-0.148,-0.139,-0.022,-0.104,0.198,1.0,0.03,0.054,-0.1
23,y1,0.292,0.011,0.018,-0.145,-0.161,0.008,0.493,-0.363,0.057,0.185,-0.191,-0.015,0.03,1.0,-0.288,-0.132
23,y2,-0.053,-0.231,-0.113,-0.024,0.093,0.188,-0.246,-0.084,-0.046,-0.023,-0.181,-0.05,0.054,-0.288,1.0,0.046
23,y3,-0.308,-0.034,0.033,0.267,0.161,0.025,-0.223,-0.113,-0.431,0.003,0.011,-0.02,-0.1,-0.132,0.046,1.0
24,.,1.0,-0.06,-0.011,-0.143,-0.279,0.129,0.323,0.072,-0.026,-0.075,-0.195,-0.061,-0.194,0.292,-0.054,-0.306
