,,.,A1_1,A1_2,A1_3,B1_1,B1_2,B1_3,A2_1,A2_2,A2_3,B2_1,B2_2,B2_3,y1,y2,y3
0,.,1.0,0.767,0.874,0.735,0.91,0.866,0.969,0.88,0.888,0.895,0.737,0.723,0.684,0.9,0.866,0.907
0,A1_1,0.767,1.0,0.868,0.808,0.806,0.936,0.806,0.88,0.715,0.873,0.914,0.852,0.921,0.813,0.886,0.864
0,A1_2,0.874,0.868,1.0,0.794,0.916,0.912,0.902,0.885,0.81,0.883,0.916,0.879,0.818,0.83,0.925,0.908
0,A1_3,0.735,0.808,0.794,1.0,0.743,0.835,0.716,0.851,0.653,0.806,0.773,0.701,0.767,0.833,0.847,0.915
0,B1_1,0.91,0.806,0.916,0.743,1.0,0.906,0.893,0.865,0.843,0.862,0.866,0.891,0.786,0.888,0.911,0.871
0,B1_2,0.866,0.936,0.912,0.835,0.906,1.0,0.859,0.912,0.799,0.909,0.917,0.897,0.888,0.913,0.963,0.926
0,B1_3,0.969,0.806,0.902,0.716,0.893,0.859,1.0,0.884,0.873,0.884,0.798,0.776,0.751,0.854,0.834,0.887
0,A2_1,0.88,0.88,0.885,0.851,0.865,0.912,0.884,1.0,0.885,0.962,0.812,0.788,0.763,0.832,0.863,0.926
0,A2_2,0.888,0.715,0.81,0.653,0.843,0.799,0.873,0.885,1.0,0.934,0.71,0.68,0.634,0.801,0.754,0.827
0,A2_3,0.895,0.873,0.883,0.806,0.862,0.909,0.884,0.962,0.934,1.0,0.808,0.748,0.739,0.839,0.872,0.936
0,B2_1,0.737,0.914,0.916,0.773,0.866,0.917,0.798,0.812,0.71,0.808,1.0,0.962,0.947,0.801,0.869,0.844
0,B2_2,0.723,0.852,0.879,0.701,0.891,0.897,0.776,0.788,0.68,0.748,0.962,1.0,0.906,0.76,0.84,0.777
0,B2_3,0.684,0.921,0.818,0.767,0.786,0.888,0.751,0.763,0.634,0.739,0.947,0.906,1.0,0.816,0.822,0.772
0,y1,0.9,0.813,0.83,0.833,0.888,0.913,0.854,0.832,0.801,0.839,0.801,0.76,0.816,1.0,0.92,0.893
0,y2,0.866,0.886,0.925,0.847,0.911,0.963,0.834,0.863,0.754,0.872,0.869,0.84,0.822,0.92,1.0,0.919
0,y3,0.907,0.864,0.908,0.915,0.871,0.926,0.887,0.926,0.827,0.936,0.844,0.777,0.772,0.893,0.919,1.0
1,.,1.0,0.709,0.828,0.647,0.873,0.828,0.959,0.831,0.85,0.853,0.644,0.619,0.592,0.861,0.807,0.846
1,A1_1,0.709,1.0,0.837,0.769,0.763,0.915,0.76,0.831,0.654,0.817,0.887,0.805,0.893,0.775,0.858,0.84
1,A1_2,0.828,0.837,1.0,0.736,0.88,0.876,0.875,0.838,0.754,0.834,0.871,0.816,0.754,0.779,0.9,0.875
1,A1_3,0.647,0.769,0.736,1.0,0.66,0.778,0.638,0.812,0.566,0.733,0.712,0.606,0.701,0.792,0.827,0.912
1,B1_1,0.873,0.763,0.88,0.66,1.0,0.886,0.854,0.806,0.774,0.798,0.828,0.854,0.734,0.84,0.865,0.81
1,B1_2,0.828,0.915,0.876,0.778,0.886,1.0,0.827,0.866,0.747,0.856,0.883,0.859,0.853,0.89,0.937,0.895
1,B1_3,0.959,0.76,0.875,0.638,0.854,0.827,1.0,0.837,0.828,0.842,0.728,0.692,0.676,0.809,0.779,0.832
1,A2_1,0.831,0.831,0.838,0.812,0.806,0.866,0.837,1.0,0.865,0.947,0.72,0.679,0.662,0.766,0.801,0.889
1,A2_2,0.85,0.654,0.754,0.566,0.774,0.747,0.828,0.865,1.0,0.933,0.606,0.562,0.523,0.721,0.662,0.755
1,A2_3,0.853,0.817,0.834,0.733,0.798,0.856,0.842,0.947,0.933,1.0,0.701,0.624,0.619,0.765,0.801,0.89
1,B2_1,0.644,0.887,0.871,0.712,0.828,0.883,0.728,0.72,0.606,0.701,1.0,0.953,0.94,0.749,0.822,0.79
1,B2_2,0.619,0.805,0.816,0.606,0.854,0.859,0.692,0.679,0.562,0.624,0.953,1.0,0.887,0.677,0.768,0.69
1,B2_3,0.592,0.893,0.754,0.701,0.734,0.853,0.676,0.662,0.523,0.619,0.94,0.887,1.0,0.773,0.767,0.709
1,y1,0.861,0.775,0.779,0.792,0.84,0.89,0.809,0.766,0.721,0.765,0.749,0.677,0.773,1.0,0.897,0.859
1,y2,0.807,0.858,0.9,0.827,0.865,0.937,0.779,0.801,0.662,0.801,0.822,0.768,0.767,0.897,1.0,0.907
1,y3,0.846,0.84,0.875,0.912,0.81,0.895,0.832,0.889,0.755,0.89,0.79,0.69,0.709,0.859,0.907,1.0
2,.,1.0,0.659,0.781,0.559,0.833,0.786,0.944,0.779,0.816,0.806,0.572,0.511,0.508,0.834,0.746,0.778
2,A1_1,0.659,1.0,0.804,0.729,0.734,0.894,0.724,0.772,0.603,0.769,0.875,0.764,0.875,0.731,0.83,0.804
2,A1_2,0.781,0.804,1.0,0.669,0.856,0.834,0.853,0.772,0.697,0.775,0.834,0.757,0.691,0.72,0.872,0.825
2,A1_3,0.559,0.729,0.669,1.0,0.592,0.727,0.574,0.763,0.491,0.664,0.682,0.535,0.664,0.745,0.813,0.913
2,B1_1,0.833,0.734,0.856,0.592,1.0,0.862,0.81,0.753,0.719,0.745,0.804,0.81,0.682,0.794,0.824,0.745
2,B1_2,0.786,0.894,0.834,0.727,0.862,1.0,0.789,0.812,0.703,0.805,0.863,0.813,0.824,0.86,0.902,0.846
2,B1_3,0.944,0.724,0.853,0.574,0.81,0.789,1.0,0.793,0.787,0.802,0.673,0.598,0.602,0.772,0.729,0.777
2,A2_1,0.779,0.772,0.772,0.763,0.753,0.812,0.793,1.0,0.857,0.937,0.638,0.559,0.558,0.693,0.737,0.848
2,A2_2,0.816,0.603,0.697,0.491,0.719,0.703,0.787,0.857,1.0,0.932,0.521,0.442,0.415,0.658,0.589,0.693
2,A2_3,0.806,0.769,0.775,0.664,0.745,0.805,0.802,0.937,0.932,1.0,0.615,0.495,0.508,0.694,0.738,0.842
2,B2_1,0.572,0.875,0.834,0.682,0.804,0.863,0.673,0.638,0.521,0.615,1.0,0.943,0.935,0.705,0.786,0.739
2,B2_2,0.511,0.764,0.757,0.535,0.81,0.813,0.598,0.559,0.442,0.495,0.943,1.0,0.867,0.586,0.689,0.586
2,B2_3,0.508,0.875,0.691,0.664,0.682,0.824,0.602,0.558,0.415,0.508,0.935,0.867,1.0,0.725,0.718,0.642
2,y1,0.834,0.731,0.72,0.745,0.794,0.86,0.772,0.693,0.658,0.694,0.705,0.586,0.725,1.0,0.87,0.817
2,y2,0.746,0.83,0.872,0.813,0.824,0.902,0.729,0.737,0.589,0.738,0.786,0.689,0.718,0.87,1.0,0.891
2,y3,0.778,0.804,0.825,0.913,0.745,0.846,0.777,0.848,0.693,0.842,0.739,0.586,0.642,0.817,0.891,1.0
3,.,1.0,0.632,0.729,0.499,0.816,0.756,0.931,0.75,0.794,0.776,0.534,0.441,0.459,0.836,0.717,0.742
3,A1_1,0.632,1.0,0.774,0.693,0.711,0.876,0.698,0.722,0.564,0.736,0.872,0.742,0.866,0.687,0.805,0.764
3,A1_2,0.729,0.774,1.0,0.598,0.83,0.785,0.824,0.679,0.604,0.69,0.815,0.736,0.652,0.655,0.84,0.764
3,A1_3,0.499,0.693,0.598,1.0,0.54,0.695,0.532,0.711,0.429,0.61,0.678,0.513,0.661,0.692,0.797,0.904
3,B1_1,0.816,0.711,0.83,0.54,1.0,0.831,0.779,0.737,0.702,0.733,0.767,0.751,0.616,0.768,0.801,0.706
3,B1_2,0.756,0.876,0.785,0.695,0.831,1.0,0.748,0.775,0.676,0.777,0.851,0.78,0.802,0.832,0.873,0.802
3,B1_3,0.931,0.698,0.824,0.532,0.779,0.748,1.0,0.771,0.757,0.777,0.632,0.522,0.543,0.754,0.703,0.752
3,A2_1,0.75,0.722,0.679,0.711,0.737,0.775,0.771,1.0,0.857,0.935,0.589,0.485,0.49,0.64,0.693,0.82
3,A2_2,0.794,0.564,0.604,0.429,0.702,0.676,0.757,0.857,1.0,0.928,0.468,0.362,0.337,0.626,0.549,0.659
3,A2_3,0.776,0.736,0.69,0.61,0.733,0.777,0.777,0.935,0.928,1.0,0.57,0.419,0.442,0.652,0.705,0.814
3,B2_1,0.534,0.872,0.815,0.678,0.767,0.851,0.632,0.589,0.468,0.57,1.0,0.933,0.928,0.671,0.761,0.701
3,B2_2,0.441,0.742,0.736,0.513,0.751,0.78,0.522,0.485,0.362,0.419,0.933,1.0,0.85,0.521,0.637,0.513
3,B2_3,0.459,0.866,0.652,0.661,0.616,0.802,0.543,0.49,0.337,0.442,0.928,0.85,1.0,0.682,0.683,0.593
3,y1,0.836,0.687,0.655,0.692,0.768,0.832,0.754,0.64,0.626,0.652,0.671,0.521,0.682,1.0,0.843,0.777
3,y2,0.717,0.805,0.84,0.797,0.801,0.873,0.703,0.693,0.549,0.705,0.761,0.637,0.683,0.843,1.0,0.876
3,y3,0.742,0.764,0.764,0.904,0.706,0.802,0.752,0.82,0.659,0.814,0.701,0.513,0.593,0.777,0.876,1.0
4,.,1.0,0.622,0.67,0.467,0.815,0.736,0.918,0.736,0.776,0.758,0.514,0.399,0.434,0.847,0.711,0.735
4,A1_1,0.622,1.0,0.743,0.661,0.693,0.858,0.685,0.685,0.53,0.713,0.87,0.733,0.857,0.648,0.785,0.728
4,A1_2,0.67,0.743,1.0,0.527,0.778,0.715,0.785,0.565,0.477,0.578,0.79,0.725,0.622,0.575,0.792,0.687
4,A1_3,0.467,0.661,0.527,1.0,0.497,0.679,0.517,0.669,0.382,0.57,0.684,0.522,0.667,0.641,0.781,0.888
4,B1_1,0.815,0.693,0.778,0.497,1.0,0.796,0.758,0.749,0.716,0.75,0.718,0.683,0.547,0.747,0.788,0.687
4,B1_2,0.736,0.858,0.715,0.679,0.796,1.0,0.712,0.76,0.66,0.767,0.839,0.757,0.785,0.805,0.852,0.772
4,B1_3,0.918,0.685,0.785,0.517,0.758,0.712,1.0,0.761,0.727,0.761,0.604,0.468,0.504,0.74,0.698,0.756
4,A2_1,0.736,0.685,0.565,0.669,0.749,0.76,0.761,1.0,0.856,0.934,0.561,0.451,0.45,0.607,0.67,0.802
4,A2_2,0.776,0.53,0.477,0.382,0.716,0.66,0.727,0.856,1.0,0.922,0.432,0.314,0.286,0.609,0.526,0.636
4,A2_3,0.758,0.713,0.578,0.57,0.75,0.767,0.761,0.934,0.922,1.0,0.549,0.381,0.407,0.626,0.691,0.798
4,B2_1,0.514,0.87,0.79,0.684,0.718,0.839,0.604,0.561,0.432,0.549,1.0,0.928,0.923,0.638,0.741,0.672
4,B2_2,0.399,0.733,0.725,0.522,0.683,0.757,0.468,0.451,0.314,0.381,0.928,1.0,0.841,0.474,0.607,0.47
4,B2_3,0.434,0.857,0.622,0.667,0.547,0.785,0.504,0.45,0.286,0.407,0.923,0.841,1.0,0.644,0.657,0.553
4,y1,0.847,0.648,0.575,0.641,0.747,0.805,0.74,0.607,0.609,0.626,0.638,0.474,0.644,1.0,0.817,0.742
4,y2,0.711,0.785,0.792,0.781,0.788,0.852,0.698,0.67,0.526,0.691,0.741,0.607,0.657,0.817,1.0,0.864
4,y3,0.735,0.728,0.687,0.888,0.687,0.772,0.756,0.802,0.636,0.798,0.672,0.47,0.553,0.742,0.864,1.0
5,.,1.0,0.616,0.632,0.449,0.811,0.715,0.901,0.723,0.753,0.738,0.498,0.369,0.417,0.855,0.706,0.728
5,A1_1,0.616,1.0,0.716,0.624,0.684,0.837,0.687,0.65,0.494,0.69,0.865,0.726,0.846,0.614,0.766,0.692
5,A1_2,0.632,0.716,1.0,0.468,0.738,0.639,0.766,0.47,0.366,0.481,0.748,0.691,0.581,0.511,0.742,0.62
5,A1_3,0.449,0.624,0.468,1.0,0.464,0.665,0.523,0.637,0.348,0.543,0.683,0.534,0.662,0.6,0.766,0.875
5,B1_1,0.811,0.684,0.738,0.464,1.0,0.768,0.741,0.755,0.713,0.754,0.683,0.635,0.499,0.726,0.782,0.671
5,B1_2,0.715,0.837,0.639,0.665,0.768,1.0,0.681,0.751,0.644,0.761,0.827,0.739,0.77,0.779,0.832,0.744
5,B1_3,0.901,0.687,0.766,0.523,0.741,0.681,1.0,0.748,0.69,0.743,0.59,0.434,0.485,0.725,0.701,0.764
5,A2_1,0.723,0.65,0.47,0.637,0.755,0.751,0.748,1.0,0.856,0.933,0.539,0.432,0.418,0.586,0.651,0.785
5,A2_2,0.753,0.494,0.366,0.348,0.713,0.644,0.69,0.856,1.0,0.915,0.398,0.276,0.242,0.593,0.502,0.613
5,A2_3,0.738,0.69,0.481,0.543,0.754,0.761,0.743,0.933,0.915,1.0,0.53,0.357,0.378,0.606,0.68,0.783
5,B2_1,0.498,0.865,0.748,0.683,0.683,0.827,0.59,0.539,0.398,0.53,1.0,0.927,0.918,0.607,0.723,0.641
5,B2_2,0.369,0.726,0.691,0.534,0.635,0.739,0.434,0.432,0.276,0.357,0.927,1.0,0.837,0.435,0.585,0.436
5,B2_3,0.417,0.846,0.581,0.662,0.499,0.77,0.485,0.418,0.242,0.378,0.918,0.837,1.0,0.609,0.632,0.515
5,y1,0.855,0.614,0.511,0.6,0.726,0.779,0.725,0.586,0.593,0.606,0.607,0.435,0.609,1.0,0.793,0.714
5,y2,0.706,0.766,0.742,0.766,0.782,0.832,0.701,0.651,0.502,0.68,0.723,0.585,0.632,0.793,1.0,0.853
5,y3,0.728,0.692,0.62,0.875,0.671,0.744,0.764,0.785,0.613,0.783,0.641,0.436,0.515,0.714,0.853,1.0
6,.,1.0,0.611,0.616,0.438,0.805,0.701,0.885,0.712,0.728,0.717,0.484,0.35,0.405,0.858,0.695,0.72
6,A1_1,0.611,1.0,0.704,0.596,0.682,0.819,0.691,0.622,0.464,0.668,0.86,0.721,0.837,0.593,0.754,0.667
6,A1_2,0.616,0.704,1.0,0.431,0.724,0.586,0.76,0.412,0.299,0.422,0.72,0.663,0.556,0.486,0.707,0.577
6,A1_3,0.438,0.596,0.431,1.0,0.448,0.653,0.532,0.617,0.328,0.526,0.672,0.54,0.649,0.576,0.757,0.868
6,B1_1,0.805,0.682,0.724,0.448,1.0,0.754,0.729,0.752,0.698,0.748,0.665,0.61,0.478,0.716,0.78,0.664
6,B1_2,0.701,0.819,0.586,0.653,0.754,1.0,0.664,0.749,0.635,0.758,0.813,0.726,0.756,0.764,0.817,0.729
6,B1_3,0.885,0.691,0.76,0.532,0.729,0.664,1.0,0.734,0.657,0.728,0.58,0.414,0.476,0.713,0.702,0.766
6,A2_1,0.712,0.622,0.412,0.617,0.752,0.749,0.734,1.0,0.856,0.93,0.517,0.421,0.394,0.571,0.637,0.771
6,A2_2,0.728,0.464,0.299,0.328,0.698,0.635,0.657,0.856,1.0,0.91,0.367,0.248,0.21,0.573,0.481,0.595
6,A2_3,0.717,0.668,0.422,0.526,0.748,0.758,0.728,0.93,0.91,1.0,0.508,0.339,0.354,0.587,0.669,0.772
6,B2_1,0.484,0.86,0.72,0.672,0.665,0.813,0.58,0.517,0.367,0.508,1.0,0.929,0.915,0.588,0.706,0.614
6,B2_2,0.35,0.721,0.663,0.54,0.61,0.726,0.414,0.421,0.248,0.339,0.929,1.0,0.839,0.416,0.57,0.414
6,B2_3,0.405,0.837,0.556,0.649,0.478,0.756,0.476,0.394,0.21,0.354,0.915,0.839,1.0,0.59,0.615,0.486
6,y1,0.858,0.593,0.486,0.576,0.716,0.764,0.713,0.571,0.573,0.587,0.588,0.416,0.59,1.0,0.779,0.698
6,y2,0.695,0.754,0.707,0.757,0.78,0.817,0.702,0.637,0.481,0.669,0.706,0.57,0.615,0.779,1.0,0.848
6,y3,0.72,0.667,0.577,0.868,0.664,0.729,0.766,0.771,0.595,0.772,0.614,0.414,0.486,0.698,0.848,1.0
7,.,1.0,0.607,0.606,0.428,0.796,0.684,0.867,0.7,0.701,0.693,0.468,0.328,0.392,0.862,0.682,0.709
7,A1_1,0.607,1.0,0.696,0.572,0.68,0.799,0.693,0.597,0.433,0.647,0.853,0.715,0.827,0.574,0.742,0.642
7,A1_2,0.606,0.696,1.0,0.402,0.716,0.535,0.753,0.362,0.241,0.372,0.691,0.629,0.53,0.469,0.675,0.542
7,A1_3,0.428,0.572,0.402,1.0,0.435,0.643,0.541,0.599,0.31,0.512,0.66,0.545,0.636,0.556,0.751,0.862
7,B1_1,0.796,0.68,0.716,0.435,1.0,0.737,0.713,0.74,0.676,0.736,0.648,0.586,0.458,0.704,0.779,0.658
7,B1_2,0.684,0.799,0.535,0.643,0.737,1.0,0.644,0.747,0.625,0.753,0.797,0.711,0.739,0.749,0.803,0.711
7,B1_3,0.867,0.693,0.753,0.541,0.713,0.644,1.0,0.715,0.623,0.71,0.565,0.391,0.464,0.698,0.701,0.765
7,A2_1,0.7,0.597,0.362,0.599,0.74,0.747,0.715,1.0,0.855,0.925,0.495,0.409,0.368,0.556,0.622,0.756
7,A2_2,0.701,0.433,0.241,0.31,0.676,0.625,0.623,0.855,1.0,0.904,0.334,0.22,0.176,0.55,0.46,0.577
7,A2_3,0.693,0.647,0.372,0.512,0.736,0.753,0.71,0.925,0.904,1.0,0.483,0.318,0.327,0.564,0.661,0.762
7,B2_1,0.468,0.853,0.691,0.66,0.648,0.797,0.565,0.495,0.334,0.483,1.0,0.93,0.912,0.57,0.689,0.584
7,B2_2,0.328,0.715,0.629,0.545,0.586,0.711,0.391,0.409,0.22,0.318,0.93,1.0,0.84,0.4,0.555,0.392
7,B2_3,0.392,0.827,0.53,0.636,0.458,0.739,0.464,0.368,0.176,0.327,0.912,0.84,1.0,0.572,0.6,0.454
7,y1,0.862,0.574,0.469,0.556,0.704,0.749,0.698,0.556,0.55,0.564,0.57,0.4,0.572,1.0,0.766,0.683
7,y2,0.682,0.742,0.675,0.751,0.779,0.803,0.701,0.622,0.46,0.661,0.689,0.555,0.6,0.766,1.0,0.845
7,y3,0.709,0.642,0.542,0.862,0.658,0.711,0.765,0.756,0.577,0.762,0.584,0.392,0.454,0.683,0.845,1.0
8,.,1.0,0.6,0.599,0.417,0.783,0.667,0.848,0.685,0.667,0.664,0.448,0.305,0.377,0.861,0.664,0.697
8,A1_1,0.6,1.0,0.689,0.555,0.681,0.781,0.692,0.577,0.403,0.627,0.845,0.708,0.819,0.564,0.734,0.623
8,A1_2,0.599,0.689,1.0,0.382,0.718,0.485,0.747,0.32,0.191,0.332,0.666,0.595,0.506,0.463,0.649,0.517
8,A1_3,0.417,0.555,0.382,1.0,0.424,0.632,0.548,0.582,0.292,0.498,0.644,0.551,0.622,0.542,0.746,0.855
8,B1_1,0.783,0.681,0.718,0.424,1.0,0.72,0.698,0.72,0.643,0.716,0.634,0.568,0.444,0.691,0.778,0.652
8,B1_2,0.667,0.781,0.485,0.632,0.72,1.0,0.628,0.748,0.617,0.749,0.776,0.694,0.72,0.738,0.79,0.698
8,B1_3,0.848,0.692,0.747,0.548,0.698,0.628,1.0,0.694,0.59,0.693,0.546,0.369,0.451,0.682,0.697,0.762
8,A2_1,0.685,0.577,0.32,0.582,0.72,0.748,0.694,1.0,0.852,0.917,0.47,0.397,0.346,0.537,0.604,0.74
8,A2_2,0.667,0.403,0.191,0.292,0.643,0.617,0.59,0.852,1.0,0.897,0.299,0.191,0.143,0.513,0.436,0.558
8,A2_3,0.664,0.627,0.332,0.498,0.716,0.749,0.693,0.917,0.897,1.0,0.454,0.297,0.3,0.533,0.651,0.752
8,B2_1,0.448,0.845,0.666,0.644,0.634,0.776,0.546,0.47,0.299,0.454,1.0,0.932,0.91,0.56,0.671,0.551
8,B2_2,0.305,0.708,0.595,0.551,0.568,0.694,0.369,0.397,0.191,0.297,0.932,1.0,0.842,0.394,0.542,0.373
8,B2_3,0.377,0.819,0.506,0.622,0.444,0.72,0.451,0.346,0.143,0.3,0.91,0.842,1.0,0.565,0.588,0.425
8,y1,0.861,0.564,0.463,0.542,0.691,0.738,0.682,0.537,0.513,0.533,0.56,0.394,0.565,1.0,0.754,0.667
8,y2,0.664,0.734,0.649,0.746,0.778,0.79,0.697,0.604,0.436,0.651,0.671,0.542,0.588,0.754,1.0,0.841
8,y3,0.697,0.623,0.517,0.855,0.652,0.698,0.762,0.74,0.558,0.752,0.551,0.373,0.425,0.667,0.841,1.0
9,.,1.0,0.596,0.597,0.411,0.771,0.651,0.828,0.673,0.64,0.641,0.434,0.286,0.366,0.861,0.648,0.686
9,A1_1,0.596,1.0,0.683,0.541,0.684,0.763,0.692,0.557,0.377,0.61,0.839,0.701,0.81,0.552,0.724,0.606
9,A1_2,0.597,0.683,1.0,0.371,0.73,0.441,0.747,0.289,0.157,0.307,0.632,0.553,0.476,0.459,0.628,0.504
9,A1_3,0.411,0.541,0.371,1.0,0.415,0.623,0.556,0.569,0.281,0.49,0.636,0.558,0.611,0.529,0.742,0.848
9,B1_1,0.771,0.684,0.73,0.415,1.0,0.699,0.684,0.693,0.605,0.69,0.626,0.556,0.437,0.678,0.771,0.644
9,B1_2,0.651,0.763,0.441,0.623,0.699,1.0,0.611,0.748,0.613,0.747,0.761,0.682,0.707,0.726,0.779,0.683
9,B1_3,0.828,0.692,0.747,0.556,0.684,0.611,1.0,0.668,0.559,0.677,0.53,0.351,0.44,0.666,0.693,0.757
9,A2_1,0.673,0.557,0.289,0.569,0.693,0.748,0.668,1.0,0.849,0.908,0.453,0.39,0.328,0.521,0.586,0.725
9,A2_2,0.64,0.377,0.157,0.281,0.605,0.613,0.559,0.849,1.0,0.89,0.273,0.17,0.119,0.486,0.417,0.545
9,A2_3,0.641,0.61,0.307,0.49,0.69,0.747,0.677,0.908,0.89,1.0,0.437,0.283,0.281,0.507,0.645,0.747
9,B2_1,0.434,0.839,0.632,0.636,0.626,0.761,0.53,0.453,0.273,0.437,1.0,0.933,0.908,0.553,0.657,0.525
9,B2_2,0.286,0.701,0.553,0.558,0.556,0.682,0.351,0.39,0.17,0.283,0.933,1.0,0.844,0.389,0.531,0.354
9,B2_3,0.366,0.81,0.476,0.611,0.437,0.707,0.44,0.328,0.119,0.281,0.908,0.844,1.0,0.557,0.58,0.398
9,y1,0.861,0.552,0.459,0.529,0.678,0.726,0.666,0.521,0.486,0.507,0.553,0.389,0.557,1.0,0.744,0.652
9,y2,0.648,0.724,0.628,0.742,0.771,0.779,0.693,0.586,0.417,0.645,0.657,0.531,0.58,0.744,1.0,0.838
9,y3,0.686,0.606,0.504,0.848,0.644,0.683,0.757,0.725,0.545,0.747,0.525,0.354,0.398,0.652,0.838,1.0
10,.,1.0,0.592,0.596,0.411,0.761,0.638,0.813,0.666,0.622,0.626,0.422,0.27,0.358,0.862,0.635,0.68
10,A1_1,0.592,1.0,0.679,0.535,0.687,0.746,0.689,0.541,0.354,0.598,0.833,0.695,0.803,0.542,0.717,0.596
10,A1_2,0.596,0.679,1.0,0.372,0.741,0.408,0.747,0.266,0.134,0.294,0.604,0.519,0.452,0.458,0.617,0.503
10,A1_3,0.411,0.535,0.372,1.0,0.413,0.618,0.564,0.561,0.274,0.486,0.632,0.565,0.603,0.52,0.741,0.843
10,B1_1,0.761,0.687,0.741,0.413,1.0,0.68,0.673,0.669,0.572,0.668,0.622,0.549,0.436,0.671,0.764,0.639
10,B1_2,0.638,0.746,0.408,0.618,0.68,1.0,0.596,0.748,0.609,0.747,0.75,0.673,0.698,0.714,0.771,0.674
10,B1_3,0.813,0.689,0.747,0.564,0.673,0.596,1.0,0.647,0.536,0.666,0.516,0.336,0.429,0.652,0.69,0.754
10,A2_1,0.666,0.541,0.266,0.561,0.669,0.748,0.647,1.0,0.845,0.899,0.442,0.385,0.316,0.507,0.571,0.713
10,A2_2,0.622,0.354,0.134,0.274,0.572,0.609,0.536,0.845,1.0,0.883,0.254,0.153,0.1,0.464,0.402,0.536
10,A2_3,0.626,0.598,0.294,0.486,0.668,0.747,0.666,0.899,0.883,1.0,0.425,0.275,0.268,0.488,0.641,0.746
10,B2_1,0.422,0.833,0.604,0.632,0.622,0.75,0.516,0.442,0.254,0.425,1.0,0.933,0.906,0.548,0.648,0.506
10,B2_2,0.27,0.695,0.519,0.565,0.549,0.673,0.336,0.385,0.153,0.275,0.933,1.0,0.846,0.384,0.524,0.341
10,B2_3,0.358,0.803,0.452,0.603,0.436,0.698,0.429,0.316,0.1,0.268,0.906,0.846,1.0,0.552,0.576,0.378
10,y1,0.862,0.542,0.458,0.52,0.671,0.714,0.652,0.507,0.464,0.488,0.548,0.384,0.552,1.0,0.734,0.639
10,y2,0.635,0.717,0.617,0.741,0.764,0.771,0.69,0.571,0.402,0.641,0.648,0.524,0.576,0.734,1.0,0.836
10,y3,0.68,0.596,0.503,0.843,0.639,0.674,0.754,0.713,0.536,0.746,0.506,0.341,0.378,0.639,0.836,1.0
11,.,1.0,0.586,0.591,0.408,0.754,0.628,0.802,0.658,0.605,0.612,0.41,0.255,0.35,0.86,0.621,0.675
11,A1_1,0.586,1.0,0.674,0.53,0.69,0.734,0.686,0.527,0.334,0.587,0.829,0.692,0.8,0.538,0.713,0.591
11,A1_2,0.591,0.674,1.0,0.374,0.751,0.382,0.749,0.246,0.115,0.284,0.579,0.49,0.431,0.455,0.609,0.505
11,A1_3,0.408,0.53,0.374,1.0,0.407,0.609,0.566,0.551,0.264,0.478,0.626,0.569,0.595,0.515,0.741,0.838
11,B1_1,0.754,0.69,0.751,0.407,1.0,0.663,0.667,0.645,0.542,0.646,0.618,0.542,0.436,0.664,0.753,0.632
11,B1_2,0.628,0.734,0.382,0.609,0.663,1.0,0.585,0.75,0.607,0.748,0.74,0.664,0.689,0.708,0.765,0.668
11,B1_3,0.802,0.686,0.749,0.566,0.667,0.585,1.0,0.63,0.517,0.655,0.501,0.324,0.419,0.641,0.685,0.751
11,A2_1,0.658,0.527,0.246,0.551,0.645,0.75,0.63,1.0,0.842,0.891,0.429,0.379,0.305,0.494,0.557,0.702
11,A2_2,0.605,0.334,0.115,0.264,0.542,0.607,0.517,0.842,1.0,0.879,0.235,0.139,0.083,0.441,0.386,0.526
11,A2_3,0.612,0.587,0.284,0.478,0.646,0.748,0.655,0.891,0.879,1.0,0.414,0.266,0.257,0.471,0.635,0.742
11,B2_1,0.41,0.829,0.579,0.626,0.618,0.74,0.501,0.429,0.235,0.414,1.0,0.934,0.905,0.546,0.64,0.493
11,B2_2,0.255,0.692,0.49,0.569,0.542,0.664,0.324,0.379,0.139,0.266,0.934,1.0,0.848,0.385,0.52,0.334
11,B2_3,0.35,0.8,0.431,0.595,0.436,0.689,0.419,0.305,0.083,0.257,0.905,0.848,1.0,0.551,0.572,0.365
11,y1,0.86,0.538,0.455,0.515,0.664,0.708,0.641,0.494,0.441,0.471,0.546,0.385,0.551,1.0,0.728,0.63
11,y2,0.621,0.713,0.609,0.741,0.753,0.765,0.685,0.557,0.386,0.635,0.64,0.52,0.572,0.728,1.0,0.835
11,y3,0.675,0.591,0.505,0.838,0.632,0.668,0.751,0.702,0.526,0.742,0.493,0.334,0.365,0.63,0.835,1.0
12,.,1.0,0.584,0.588,0.406,0.751,0.625,0.797,0.654,0.595,0.604,0.402,0.247,0.345,0.857,0.614,0.672
12,A1_1,0.584,1.0,0.669,0.531,0.694,0.731,0.688,0.525,0.331,0.587,0.828,0.692,0.8,0.542,0.712,0.593
12,A1_2,0.588,0.669,1.0,0.381,0.76,0.369,0.754,0.238,0.11,0.283,0.564,0.474,0.421,0.454,0.606,0.511
12,A1_3,0.406,0.531,0.381,1.0,0.406,0.603,0.57,0.546,0.259,0.474,0.623,0.572,0.591,0.518,0.742,0.836
12,B1_1,0.751,0.694,0.76,0.406,1.0,0.654,0.67,0.633,0.526,0.635,0.616,0.54,0.439,0.662,0.747,0.631
12,B1_2,0.625,0.731,0.369,0.603,0.654,1.0,0.581,0.753,0.61,0.749,0.733,0.659,0.683,0.706,0.761,0.667
12,B1_3,0.797,0.688,0.754,0.57,0.67,0.581,1.0,0.62,0.508,0.65,0.496,0.32,0.417,0.637,0.683,0.749
12,A2_1,0.654,0.525,0.238,0.546,0.633,0.753,0.62,1.0,0.841,0.886,0.424,0.377,0.301,0.489,0.553,0.698
12,A2_2,0.595,0.331,0.11,0.259,0.526,0.61,0.508,0.841,1.0,0.876,0.227,0.134,0.078,0.427,0.381,0.52
12,A2_3,0.604,0.587,0.283,0.474,0.635,0.749,0.65,0.886,0.876,1.0,0.409,0.265,0.254,0.463,0.634,0.74
12,B2_1,0.402,0.828,0.564,0.623,0.616,0.733,0.496,0.424,0.227,0.409,1.0,0.935,0.906,0.548,0.636,0.489
12,B2_2,0.247,0.692,0.474,0.572,0.54,0.659,0.32,0.377,0.134,0.265,0.935,1.0,0.85,0.389,0.519,0.335
12,B2_3,0.345,0.8,0.421,0.591,0.439,0.683,0.417,0.301,0.078,0.254,0.906,0.85,1.0,0.554,0.571,0.362
12,y1,0.857,0.542,0.454,0.518,0.662,0.706,0.637,0.489,0.427,0.463,0.548,0.389,0.554,1.0,0.727,0.629
12,y2,0.614,0.712,0.606,0.742,0.747,0.761,0.683,0.553,0.381,0.634,0.636,0.519,0.571,0.727,1.0,0.837
12,y3,0.672,0.593,0.511,0.836,0.631,0.667,0.749,0.698,0.52,0.74,0.489,0.335,0.362,0.629,0.837,1.0
13,.,1.0,0.582,0.585,0.405,0.746,0.621,0.791,0.651,0.585,0.596,0.394,0.238,0.339,0.855,0.607,0.669
13,A1_1,0.582,1.0,0.663,0.531,0.698,0.724,0.689,0.52,0.322,0.585,0.826,0.69,0.799,0.542,0.711,0.594
13,A1_2,0.585,0.663,1.0,0.386,0.768,0.35,0.758,0.226,0.101,0.28,0.542,0.45,0.404,0.452,0.601,0.516
13,A1_3,0.405,0.531,0.386,1.0,0.404,0.594,0.57,0.539,0.251,0.468,0.622,0.577,0.588,0.516,0.742,0.834
13,B1_1,0.746,0.698,0.768,0.404,1.0,0.641,0.671,0.616,0.505,0.62,0.614,0.537,0.44,0.658,0.739,0.627
13,B1_2,0.621,0.724,0.35,0.594,0.641,1.0,0.573,0.756,0.613,0.752,0.724,0.653,0.675,0.702,0.757,0.664
13,B1_3,0.791,0.689,0.758,0.57,0.671,0.573,1.0,0.607,0.495,0.642,0.488,0.315,0.411,0.631,0.681,0.746
13,A2_1,0.651,0.52,0.226,0.539,0.616,0.756,0.607,1.0,0.839,0.88,0.42,0.377,0.298,0.482,0.547,0.692
13,A2_2,0.585,0.322,0.101,0.251,0.505,0.613,0.495,0.839,1.0,0.873,0.217,0.127,0.07,0.413,0.374,0.514
13,A2_3,0.596,0.585,0.28,0.468,0.62,0.752,0.642,0.88,0.873,1.0,0.405,0.265,0.25,0.453,0.633,0.737
13,B2_1,0.394,0.826,0.542,0.622,0.614,0.724,0.488,0.42,0.217,0.405,1.0,0.935,0.906,0.548,0.631,0.485
13,B2_2,0.238,0.69,0.45,0.577,0.537,0.653,0.315,0.377,0.127,0.265,0.935,1.0,0.852,0.391,0.518,0.336
13,B2_3,0.339,0.799,0.404,0.588,0.44,0.675,0.411,0.298,0.07,0.25,0.906,0.852,1.0,0.554,0.569,0.357
13,y1,0.855,0.542,0.452,0.516,0.658,0.702,0.631,0.482,0.413,0.453,0.548,0.391,0.554,1.0,0.724,0.625
13,y2,0.607,0.711,0.601,0.742,0.739,0.757,0.681,0.547,0.374,0.633,0.631,0.518,0.569,0.724,1.0,0.838
13,y3,0.669,0.594,0.516,0.834,0.627,0.664,0.746,0.692,0.514,0.737,0.485,0.336,0.357,0.625,0.838,1.0
14,.,1.0,0.581,0.582,0.401,0.743,0.617,0.785,0.646,0.576,0.589,0.388,0.234,0.337,0.853,0.602,0.666
14,A1_1,0.581,1.0,0.656,0.533,0.703,0.725,0.691,0.524,0.325,0.59,0.825,0.692,0.801,0.547,0.71,0.598
14,A1_2,0.582,0.656,1.0,0.388,0.773,0.336,0.76,0.219,0.095,0.276,0.532,0.441,0.4,0.449,0.593,0.518
14,A1_3,0.401,0.533,0.388,1.0,0.406,0.587,0.573,0.533,0.244,0.459,0.622,0.581,0.588,0.52,0.742,0.831
14,B1_1,0.743,0.703,0.773,0.406,1.0,0.635,0.676,0.608,0.495,0.614,0.613,0.537,0.446,0.657,0.737,0.63
14,B1_2,0.617,0.725,0.336,0.587,0.635,1.0,0.569,0.76,0.614,0.753,0.72,0.653,0.672,0.701,0.753,0.663
14,B1_3,0.785,0.691,0.76,0.573,0.676,0.569,1.0,0.604,0.491,0.64,0.486,0.317,0.413,0.628,0.681,0.746
14,A2_1,0.646,0.524,0.219,0.533,0.608,0.76,0.604,1.0,0.84,0.879,0.416,0.375,0.298,0.478,0.547,0.689
14,A2_2,0.576,0.325,0.095,0.244,0.495,0.614,0.491,0.84,1.0,0.872,0.211,0.125,0.068,0.402,0.37,0.508
14,A2_3,0.589,0.59,0.276,0.459,0.614,0.753,0.64,0.879,0.872,1.0,0.402,0.266,0.251,0.446,0.632,0.732
14,B2_1,0.388,0.825,0.532,0.622,0.613,0.72,0.486,0.416,0.211,0.402,1.0,0.936,0.906,0.551,0.625,0.485
14,B2_2,0.234,0.692,0.441,0.581,0.537,0.653,0.317,0.375,0.125,0.266,0.936,1.0,0.855,0.397,0.517,0.34
14,B2_3,0.337,0.801,0.4,0.588,0.446,0.672,0.413,0.298,0.068,0.251,0.906,0.855,1.0,0.559,0.566,0.359
14,y1,0.853,0.547,0.449,0.52,0.657,0.701,0.628,0.478,0.402,0.446,0.551,0.397,0.559,1.0,0.725,0.626
14,y2,0.602,0.71,0.593,0.742,0.737,0.753,0.681,0.547,0.37,0.632,0.625,0.517,0.566,0.725,1.0,0.841
14,y3,0.666,0.598,0.518,0.831,0.63,0.663,0.746,0.689,0.508,0.732,0.485,0.34,0.359,0.626,0.841,1.0
15,.,1.0,0.578,0.577,0.403,0.738,0.61,0.778,0.641,0.566,0.58,0.379,0.225,0.331,0.85,0.595,0.665
15,A1_1,0.578,1.0,0.65,0.534,0.707,0.716,0.691,0.517,0.315,0.586,0.822,0.69,0.799,0.546,0.708,0.599
15,A1_2,0.577,0.65,1.0,0.393,0.781,0.316,0.763,0.204,0.087,0.271,0.511,0.419,0.384,0.445,0.586,0.523
15,A1_3,0.403,0.534,0.393,1.0,0.408,0.58,0.574,0.527,0.238,0.454,0.619,0.584,0.582,0.519,0.742,0.829
15,B1_1,0.738,0.707,0.781,0.408,1.0,0.621,0.678,0.589,0.473,0.599,0.611,0.533,0.45,0.654,0.73,0.628
15,B1_2,0.61,0.716,0.316,0.58,0.621,1.0,0.56,0.763,0.615,0.757,0.711,0.646,0.664,0.693,0.75,0.662
15,B1_3,0.778,0.691,0.763,0.574,0.678,0.56,1.0,0.59,0.479,0.631,0.478,0.311,0.408,0.62,0.677,0.743
15,A2_1,0.641,0.517,0.204,0.527,0.589,0.763,0.59,1.0,0.837,0.873,0.411,0.375,0.293,0.469,0.54,0.683
15,A2_2,0.566,0.315,0.087,0.238,0.473,0.615,0.479,0.837,1.0,0.869,0.2,0.118,0.058,0.386,0.363,0.503
15,A2_3,0.58,0.586,0.271,0.454,0.599,0.757,0.631,0.873,0.869,1.0,0.396,0.264,0.245,0.435,0.631,0.73
15,B2_1,0.379,0.822,0.511,0.619,0.611,0.711,0.478,0.411,0.2,0.396,1.0,0.937,0.906,0.55,0.619,0.479
15,B2_2,0.225,0.69,0.419,0.584,0.533,0.646,0.311,0.375,0.118,0.264,0.937,1.0,0.856,0.398,0.514,0.339
15,B2_3,0.331,0.799,0.384,0.582,0.45,0.664,0.408,0.293,0.058,0.245,0.906,0.856,1.0,0.56,0.564,0.354
15,y1,0.85,0.546,0.445,0.519,0.654,0.693,0.62,0.469,0.386,0.435,0.55,0.398,0.56,1.0,0.721,0.623
15,y2,0.595,0.708,0.586,0.742,0.73,0.75,0.677,0.54,0.363,0.631,0.619,0.514,0.564,0.721,1.0,0.842
15,y3,0.665,0.599,0.523,0.829,0.628,0.662,0.743,0.683,0.503,0.73,0.479,0.339,0.354,0.623,0.842,1.0
16,.,1.0,0.578,0.577,0.405,0.739,0.614,0.777,0.644,0.568,0.583,0.379,0.226,0.333,0.85,0.594,0.664
16,A1_1,0.578,1.0,0.65,0.538,0.711,0.722,0.696,0.523,0.323,0.589,0.824,0.694,0.802,0.553,0.709,0.603
16,A1_2,0.577,0.65,1.0,0.401,0.783,0.322,0.767,0.211,0.094,0.275,0.515,0.423,0.391,0.449,0.586,0.527
16,A1_3,0.405,0.538,0.401,1.0,0.42,0.582,0.581,0.529,0.241,0.455,0.621,0.585,0.582,0.526,0.747,0.831
16,B1_1,0.739,0.711,0.783,0.42,1.0,0.626,0.687,0.594,0.478,0.602,0.616,0.538,0.458,0.659,0.731,0.635
16,B1_2,0.614,0.722,0.322,0.582,0.626,1.0,0.567,0.764,0.617,0.757,0.715,0.651,0.667,0.7,0.75,0.665
16,B1_3,0.777,0.696,0.767,0.581,0.687,0.567,1.0,0.595,0.483,0.633,0.486,0.32,0.416,0.625,0.679,0.743
16,A2_1,0.644,0.523,0.211,0.529,0.594,0.764,0.595,1.0,0.839,0.876,0.411,0.375,0.294,0.474,0.545,0.685
16,A2_2,0.568,0.323,0.094,0.241,0.478,0.617,0.483,0.839,1.0,0.872,0.201,0.12,0.061,0.389,0.366,0.503
16,A2_3,0.583,0.589,0.275,0.455,0.602,0.757,0.633,0.876,0.872,1.0,0.397,0.267,0.246,0.44,0.63,0.729
16,B2_1,0.379,0.824,0.515,0.621,0.616,0.715,0.486,0.411,0.201,0.397,1.0,0.938,0.907,0.553,0.618,0.483
16,B2_2,0.226,0.694,0.423,0.585,0.538,0.651,0.32,0.375,0.12,0.267,0.938,1.0,0.859,0.404,0.517,0.345
16,B2_3,0.333,0.802,0.391,0.582,0.458,0.667,0.416,0.294,0.061,0.246,0.907,0.859,1.0,0.564,0.563,0.357
16,y1,0.85,0.553,0.449,0.526,0.659,0.7,0.625,0.474,0.389,0.44,0.553,0.404,0.564,1.0,0.725,0.628
16,y2,0.594,0.709,0.586,0.747,0.731,0.75,0.679,0.545,0.366,0.63,0.618,0.517,0.563,0.725,1.0,0.846
16,y3,0.664,0.603,0.527,0.831,0.635,0.665,0.743,0.685,0.503,0.729,0.483,0.345,0.357,0.628,0.846,1.0
17,.,1.0,0.578,0.575,0.41,0.739,0.616,0.776,0.647,0.57,0.587,0.381,0.229,0.336,0.85,0.592,0.664
17,A1_1,0.578,1.0,0.649,0.542,0.715,0.727,0.701,0.529,0.334,0.598,0.825,0.695,0.804,0.559,0.71,0.609
17,A1_2,0.575,0.649,1.0,0.41,0.787,0.326,0.774,0.216,0.102,0.28,0.518,0.424,0.396,0.452,0.588,0.533
17,A1_3,0.41,0.542,0.41,1.0,0.43,0.584,0.588,0.533,0.247,0.458,0.623,0.586,0.582,0.532,0.753,0.833
17,B1_1,0.739,0.715,0.787,0.43,1.0,0.629,0.694,0.595,0.479,0.603,0.623,0.545,0.467,0.663,0.731,0.641
17,B1_2,0.616,0.727,0.326,0.584,0.629,1.0,0.571,0.766,0.619,0.759,0.721,0.657,0.672,0.705,0.749,0.669
17,B1_3,0.776,0.701,0.774,0.588,0.694,0.571,1.0,0.597,0.484,0.633,0.495,0.33,0.426,0.63,0.679,0.743
17,A2_1,0.647,0.529,0.216,0.533,0.595,0.766,0.597,1.0,0.842,0.879,0.416,0.378,0.3,0.48,0.549,0.688
17,A2_2,0.57,0.334,0.102,0.247,0.479,0.619,0.484,0.842,1.0,0.875,0.209,0.128,0.071,0.393,0.367,0.504
17,A2_3,0.587,0.598,0.28,0.458,0.603,0.759,0.633,0.879,0.875,1.0,0.405,0.276,0.255,0.448,0.629,0.729
17,B2_1,0.381,0.825,0.518,0.623,0.623,0.721,0.495,0.416,0.209,0.405,1.0,0.939,0.909,0.558,0.619,0.489
17,B2_2,0.229,0.695,0.424,0.586,0.545,0.657,0.33,0.378,0.128,0.276,0.939,1.0,0.863,0.411,0.52,0.354
17,B2_3,0.336,0.804,0.396,0.582,0.467,0.672,0.426,0.3,0.071,0.255,0.909,0.863,1.0,0.569,0.564,0.363
17,y1,0.85,0.559,0.452,0.532,0.663,0.705,0.63,0.48,0.393,0.448,0.558,0.411,0.569,1.0,0.727,0.632
17,y2,0.592,0.71,0.588,0.753,0.731,0.749,0.679,0.549,0.367,0.629,0.619,0.52,0.564,0.727,1.0,0.851
17,y3,0.664,0.609,0.533,0.833,0.641,0.669,0.743,0.688,0.504,0.729,0.489,0.354,0.363,0.632,0.851,1.0
18,.,1.0,0.576,0.569,0.411,0.733,0.612,0.77,0.644,0.566,0.582,0.376,0.226,0.335,0.848,0.587,0.662
18,A1_1,0.576,1.0,0.64,0.543,0.718,0.727,0.705,0.531,0.337,0.602,0.825,0.695,0.805,0.561,0.708,0.612
18,A1_2,0.569,0.64,1.0,0.411,0.793,0.311,0.775,0.205,0.098,0.275,0.505,0.411,0.387,0.446,0.578,0.532
18,A1_3,0.411,0.543,0.411,1.0,0.434,0.58,0.591,0.53,0.245,0.454,0.622,0.587,0.58,0.535,0.755,0.834
18,B1_1,0.733,0.718,0.793,0.434,1.0,0.618,0.698,0.582,0.465,0.592,0.623,0.544,0.472,0.66,0.725,0.64
18,B1_2,0.612,0.727,0.311,0.58,0.618,1.0,0.567,0.769,0.621,0.761,0.72,0.659,0.672,0.703,0.746,0.668
18,B1_3,0.77,0.705,0.775,0.591,0.698,0.567,1.0,0.59,0.478,0.627,0.497,0.333,0.43,0.627,0.676,0.74
18,A2_1,0.644,0.531,0.205,0.53,0.582,0.769,0.59,1.0,0.843,0.878,0.416,0.38,0.301,0.478,0.548,0.686
18,A2_2,0.566,0.337,0.098,0.245,0.465,0.621,0.478,0.843,1.0,0.875,0.208,0.131,0.072,0.388,0.365,0.501
18,A2_3,0.582,0.602,0.275,0.454,0.592,0.761,0.627,0.878,0.875,1.0,0.406,0.28,0.257,0.444,0.627,0.725
18,B2_1,0.376,0.825,0.505,0.622,0.623,0.72,0.497,0.416,0.208,0.406,1.0,0.94,0.909,0.557,0.614,0.489
18,B2_2,0.226,0.695,0.411,0.587,0.544,0.659,0.333,0.38,0.131,0.28,0.94,1.0,0.865,0.414,0.519,0.356
18,B2_3,0.335,0.805,0.387,0.58,0.472,0.672,0.43,0.301,0.072,0.257,0.909,0.865,1.0,0.571,0.562,0.364
18,y1,0.848,0.561,0.446,0.535,0.66,0.703,0.627,0.478,0.388,0.444,0.557,0.414,0.571,1.0,0.726,0.632
18,y2,0.587,0.708,0.578,0.755,0.725,0.746,0.676,0.548,0.365,0.627,0.614,0.519,0.562,0.726,1.0,0.853
18,y3,0.662,0.612,0.532,0.834,0.64,0.668,0.74,0.686,0.501,0.725,0.489,0.356,0.364,0.632,0.853,1.0
19,.,1.0,0.571,0.559,0.406,0.729,0.608,0.764,0.642,0.562,0.578,0.368,0.219,0.331,0.846,0.579,0.658
19,A1_1,0.571,1.0,0.631,0.544,0.718,0.731,0.706,0.534,0.341,0.605,0.825,0.697,0.807,0.563,0.708,0.614
19,A1_2,0.559,0.631,1.0,0.41,0.794,0.302,0.775,0.199,0.095,0.27,0.499,0.405,0.384,0.439,0.572,0.532
19,A1_3,0.406,0.544,0.41,1.0,0.434,0.577,0.591,0.528,0.244,0.451,0.619,0.584,0.576,0.537,0.759,0.835
19,B1_1,0.729,0.718,0.794,0.434,1.0,0.612,0.701,0.574,0.456,0.584,0.623,0.544,0.475,0.66,0.718,0.64
19,B1_2,0.608,0.731,0.302,0.577,0.612,1.0,0.566,0.768,0.619,0.76,0.721,0.66,0.673,0.704,0.742,0.667
19,B1_3,0.764,0.706,0.775,0.591,0.701,0.566,1.0,0.589,0.476,0.624,0.499,0.337,0.433,0.625,0.674,0.738
19,A2_1,0.642,0.534,0.199,0.528,0.574,0.768,0.589,1.0,0.844,0.879,0.412,0.377,0.298,0.477,0.547,0.684
19,A2_2,0.562,0.341,0.095,0.244,0.456,0.619,0.476,0.844,1.0,0.877,0.204,0.128,0.07,0.382,0.361,0.496
19,A2_3,0.578,0.605,0.27,0.451,0.584,0.76,0.624,0.879,0.877,1.0,0.403,0.279,0.255,0.442,0.622,0.72
19,B2_1,0.368,0.825,0.499,0.619,0.623,0.721,0.499,0.412,0.204,0.403,1.0,0.941,0.91,0.555,0.61,0.489
19,B2_2,0.219,0.697,0.405,0.584,0.544,0.66,0.337,0.377,0.128,0.279,0.941,1.0,0.866,0.415,0.518,0.358
19,B2_3,0.331,0.807,0.384,0.576,0.475,0.673,0.433,0.298,0.07,0.255,0.91,0.866,1.0,0.572,0.56,0.365
19,y1,0.846,0.563,0.439,0.537,0.66,0.704,0.625,0.477,0.382,0.442,0.555,0.415,0.572,1.0,0.727,0.635
19,y2,0.579,0.708,0.572,0.759,0.718,0.742,0.674,0.547,0.361,0.622,0.61,0.518,0.56,0.727,1.0,0.856
19,y3,0.658,0.614,0.532,0.835,0.64,0.667,0.738,0.684,0.496,0.72,0.489,0.358,0.365,0.635,0.856,1.0
20,.,1.0,0.568,0.549,0.403,0.725,0.605,0.759,0.641,0.562,0.578,0.365,0.218,0.33,0.844,0.573,0.655
20,A1_1,0.568,1.0,0.621,0.544,0.718,0.737,0.706,0.54,0.351,0.615,0.826,0.698,0.809,0.564,0.707,0.617
20,A1_2,0.549,0.621,1.0,0.409,0.795,0.294,0.774,0.194,0.094,0.268,0.495,0.401,0.381,0.431,0.565,0.531
20,A1_3,0.403,0.544,0.409,1.0,0.435,0.576,0.593,0.529,0.246,0.453,0.615,0.579,0.571,0.536,0.763,0.837
20,B1_1,0.725,0.718,0.795,0.435,1.0,0.607,0.702,0.566,0.448,0.577,0.628,0.549,0.483,0.659,0.712,0.638
20,B1_2,0.605,0.737,0.294,0.576,0.607,1.0,0.565,0.768,0.618,0.76,0.727,0.668,0.679,0.705,0.739,0.666
20,B1_3,0.759,0.706,0.774,0.593,0.702,0.565,1.0,0.589,0.477,0.624,0.505,0.343,0.439,0.623,0.67,0.736
20,A2_1,0.641,0.54,0.194,0.529,0.566,0.768,0.589,1.0,0.845,0.881,0.415,0.381,0.303,0.476,0.546,0.682
20,A2_2,0.562,0.351,0.094,0.246,0.448,0.618,0.477,0.845,1.0,0.878,0.207,0.135,0.075,0.38,0.358,0.493
20,A2_3,0.578,0.615,0.268,0.453,0.577,0.76,0.624,0.881,0.878,1.0,0.409,0.288,0.261,0.441,0.619,0.718
20,B2_1,0.365,0.826,0.495,0.615,0.628,0.727,0.505,0.415,0.207,0.409,1.0,0.942,0.91,0.556,0.608,0.491
20,B2_2,0.218,0.698,0.401,0.579,0.549,0.668,0.343,0.381,0.135,0.288,0.942,1.0,0.867,0.418,0.518,0.361
20,B2_3,0.33,0.809,0.381,0.571,0.483,0.679,0.439,0.303,0.075,0.261,0.91,0.867,1.0,0.574,0.559,0.366
20,y1,0.844,0.564,0.431,0.536,0.659,0.705,0.623,0.476,0.38,0.441,0.556,0.418,0.574,1.0,0.725,0.634
20,y2,0.573,0.707,0.565,0.763,0.712,0.739,0.67,0.546,0.358,0.619,0.608,0.518,0.559,0.725,1.0,0.858
20,y3,0.655,0.617,0.531,0.837,0.638,0.666,0.736,0.682,0.493,0.718,0.491,0.361,0.366,0.634,0.858,1.0
21,.,1.0,0.562,0.538,0.401,0.718,0.6,0.752,0.64,0.562,0.577,0.361,0.214,0.328,0.843,0.567,0.652
21,A1_1,0.562,1.0,0.615,0.546,0.717,0.741,0.708,0.544,0.357,0.62,0.826,0.699,0.81,0.565,0.706,0.621
21,A1_2,0.538,0.615,1.0,0.41,0.796,0.287,0.774,0.19,0.094,0.265,0.495,0.399,0.38,0.424,0.561,0.532
21,A1_3,0.401,0.546,0.41,1.0,0.439,0.575,0.594,0.529,0.247,0.453,0.614,0.577,0.569,0.538,0.769,0.839
21,B1_1,0.718,0.717,0.796,0.439,1.0,0.601,0.702,0.559,0.441,0.57,0.633,0.554,0.489,0.658,0.706,0.637
21,B1_2,0.6,0.741,0.287,0.575,0.601,1.0,0.564,0.767,0.616,0.76,0.732,0.673,0.683,0.706,0.736,0.666
21,B1_3,0.752,0.708,0.774,0.594,0.702,0.564,1.0,0.588,0.476,0.622,0.511,0.348,0.444,0.621,0.668,0.734
21,A2_1,0.64,0.544,0.19,0.529,0.559,0.767,0.588,1.0,0.847,0.883,0.416,0.381,0.304,0.477,0.547,0.682
21,A2_2,0.562,0.357,0.094,0.247,0.441,0.616,0.476,0.847,1.0,0.88,0.208,0.137,0.076,0.38,0.357,0.491
21,A2_3,0.577,0.62,0.265,0.453,0.57,0.76,0.622,0.883,0.88,1.0,0.41,0.291,0.262,0.442,0.616,0.714
21,B2_1,0.361,0.826,0.495,0.614,0.633,0.732,0.511,0.416,0.208,0.41,1.0,0.943,0.911,0.554,0.605,0.494
21,B2_2,0.214,0.699,0.399,0.577,0.554,0.673,0.348,0.381,0.137,0.291,0.943,1.0,0.868,0.419,0.517,0.366
21,B2_3,0.328,0.81,0.38,0.569,0.489,0.683,0.444,0.304,0.076,0.262,0.911,0.868,1.0,0.574,0.556,0.369
21,y1,0.843,0.565,0.424,0.538,0.658,0.706,0.621,0.477,0.38,0.442,0.554,0.419,0.574,1.0,0.725,0.636
21,y2,0.567,0.706,0.561,0.769,0.706,0.736,0.668,0.547,0.357,0.616,0.605,0.517,0.556,0.725,1.0,0.862
21,y3,0.652,0.621,0.532,0.839,0.637,0.666,0.734,0.682,0.491,0.714,0.494,0.366,0.369,0.636,0.862,1.0
22,.,1.0,0.558,0.531,0.399,0.715,0.598,0.748,0.641,0.563,0.577,0.357,0.212,0.325,0.841,0.561,0.649
22,A1_1,0.558,1.0,0.612,0.549,0.717,0.747,0.709,0.551,0.366,0.625,0.827,0.701,0.81,0.566,0.706,0.624
22,A1_2,0.531,0.612,1.0,0.414,0.796,0.29,0.775,0.195,0.101,0.27,0.5,0.403,0.385,0.421,0.561,0.534
22,A1_3,0.399,0.549,0.414,1.0,0.445,0.577,0.597,0.529,0.25,0.454,0.613,0.576,0.568,0.54,0.774,0.842
22,B1_1,0.715,0.717,0.796,0.445,1.0,0.603,0.705,0.561,0.441,0.569,0.64,0.561,0.496,0.659,0.703,0.639
22,B1_2,0.598,0.747,0.29,0.577,0.603,1.0,0.568,0.766,0.614,0.757,0.737,0.678,0.687,0.708,0.734,0.665
22,B1_3,0.748,0.709,0.775,0.597,0.705,0.568,1.0,0.592,0.481,0.624,0.518,0.355,0.449,0.621,0.667,0.733
22,A2_1,0.641,0.551,0.195,0.529,0.561,0.766,0.592,1.0,0.848,0.885,0.416,0.381,0.303,0.479,0.548,0.681
22,A2_2,0.563,0.366,0.101,0.25,0.441,0.614,0.481,0.848,1.0,0.882,0.207,0.139,0.076,0.381,0.357,0.489
22,A2_3,0.577,0.625,0.27,0.454,0.569,0.757,0.624,0.885,0.882,1.0,0.41,0.294,0.261,0.444,0.613,0.71
22,B2_1,0.357,0.827,0.5,0.613,0.64,0.737,0.518,0.416,0.207,0.41,1.0,0.944,0.911,0.552,0.603,0.495
22,B2_2,0.212,0.701,0.403,0.576,0.561,0.678,0.355,0.381,0.139,0.294,0.944,1.0,0.87,0.42,0.518,0.368
22,B2_3,0.325,0.81,0.385,0.568,0.496,0.687,0.449,0.303,0.076,0.261,0.911,0.87,1.0,0.574,0.555,0.37
22,y1,0.841,0.566,0.421,0.54,0.659,0.708,0.621,0.479,0.381,0.444,0.552,0.42,0.574,1.0,0.726,0.638
22,y2,0.561,0.706,0.561,0.774,0.703,0.734,0.667,0.548,0.357,0.613,0.603,0.518,0.555,0.726,1.0,0.865
22,y3,0.649,0.624,0.534,0.842,0.639,0.665,0.733,0.681,0.489,0.71,0.495,0.368,0.37,0.638,0.865,1.0
23,.,1.0,0.558,0.53,0.404,0.716,0.601,0.748,0.646,0.569,0.583,0.362,0.218,0.33,0.842,0.563,0.649
23,A1_1,0.558,1.0,0.616,0.556,0.721,0.756,0.716,0.563,0.38,0.636,0.828,0.703,0.811,0.57,0.709,0.63
23,A1_2,0.53,0.616,1.0,0.425,0.799,0.308,0.779,0.212,0.117,0.282,0.517,0.42,0.401,0.427,0.567,0.541
23,A1_3,0.404,0.556,0.425,1.0,0.459,0.584,0.605,0.537,0.259,0.46,0.617,0.578,0.569,0.546,0.78,0.846
23,B1_1,0.716,0.721,0.799,0.459,1.0,0.615,0.713,0.573,0.451,0.577,0.651,0.574,0.507,0.666,0.707,0.646
23,B1_2,0.601,0.756,0.308,0.584,0.615,1.0,0.58,0.766,0.613,0.758,0.745,0.688,0.695,0.714,0.737,0.669
23,B1_3,0.748,0.716,0.779,0.605,0.713,0.58,1.0,0.602,0.489,0.63,0.532,0.37,0.461,0.627,0.67,0.736
23,A2_1,0.646,0.563,0.212,0.537,0.573,0.766,0.602,1.0,0.851,0.889,0.423,0.387,0.31,0.488,0.556,0.686
23,A2_2,0.569,0.38,0.117,0.259,0.451,0.613,0.489,0.851,1.0,0.886,0.216,0.148,0.086,0.388,0.362,0.491
23,A2_3,0.583,0.636,0.282,0.46,0.577,0.758,0.63,0.889,0.886,1.0,0.418,0.303,0.269,0.452,0.613,0.71
23,B2_1,0.362,0.828,0.517,0.617,0.651,0.745,0.532,0.423,0.216,0.418,1.0,0.945,0.912,0.554,0.605,0.502
23,B2_2,0.218,0.703,0.42,0.578,0.574,0.688,0.37,0.387,0.148,0.303,0.945,1.0,0.872,0.425,0.522,0.376
23,B2_3,0.33,0.811,0.401,0.569,0.507,0.695,0.461,0.31,0.086,0.269,0.912,0.872,1.0,0.576,0.556,0.376
23,y1,0.842,0.57,0.427,0.546,0.666,0.714,0.627,0.488,0.388,0.452,0.554,0.425,0.576,1.0,0.73,0.643
23,y2,0.563,0.709,0.567,0.78,0.707,0.737,0.67,0.556,0.362,0.613,0.605,0.522,0.556,0.73,1.0,0.87
23,y3,0.649,0.63,0.541,0.846,0.646,0.669,0.736,0.686,0.491,0.71,0.502,0.376,0.376,0.643,0.87,1.0
24,.,1.0,0.554,0.517,0.397,0.712,0.598,0.743,0.646,0.568,0.582,0.357,0.216,0.326,0.839,0.556,0.644
24,A1_1,0.554,1.0,0.606,0.558,0.717,0.761,0.718,0.569,0.388,0.64,0.828,0.704,0.811,0.572,0.708,0.633
24,A1_2,0.517,0.606,1.0,0.421,0.796,0.301,0.775,0.207,0.113,0.274,0.52,0.423,0.402,0.418,0.561,0.537
24,A1_3,0.397,0.558,0.421,1.0,0.458,0.582,0.604,0.535,0.257,0.455,0.615,0.576,0.567,0.547,0.784,0.847
24,B1_1,0.712,0.717,0.796,0.458,1.0,0.614,0.713,0.571,0.448,0.571,0.655,0.579,0.511,0.667,0.701,0.644
24,B1_2,0.598,0.761,0.301,0.582,0.614,1.0,0.584,0.765,0.611,0.756,0.749,0.692,0.697,0.715,0.731,0.667
24,B1_3,0.743,0.718,0.775,0.604,0.713,0.584,1.0,0.606,0.49,0.629,0.54,0.378,0.467,0.627,0.667,0.733
24,A2_1,0.646,0.569,0.207,0.535,0.571,0.765,0.606,1.0,0.854,0.893,0.42,0.385,0.306,0.487,0.555,0.684
24,A2_2,0.568,0.388,0.113,0.257,0.448,0.611,0.49,0.854,1.0,0.889,0.213,0.148,0.083,0.385,0.358,0.486
24,A2_3,0.582,0.64,0.274,0.455,0.571,0.756,0.629,0.893,0.889,1.0,0.414,0.303,0.265,0.451,0.605,0.703
24,B2_1,0.357,0.828,0.52,0.615,0.655,0.749,0.54,0.42,0.213,0.414,1.0,0.946,0.912,0.553,0.601,0.503
24,B2_2,0.216,0.704,0.423,0.576,0.579,0.692,0.378,0.385,0.148,0.303,0.946,1.0,0.873,0.429,0.521,0.38
24,B2_3,0.326,0.811,0.402,0.567,0.511,0.697,0.467,0.306,0.083,0.265,0.912,0.873,1.0,0.577,0.551,0.377
24,y1,0.839,0.572,0.418,0.547,0.667,0.715,0.627,0.487,0.385,0.451,0.553,0.429,0.577,1.0,0.731,0.644
24,y2,0.556,0.708,0.561,0.784,0.701,0.731,0.667,0.555,0.358,0.605,0.601,0.521,0.551,0.731,1.0,0.872
24,y3,0.644,0.633,0.537,0.847,0.644,0.667,0.733,0.684,0.486,0.703,0.503,0.38,0.377,0.644,0.872,1.0
25,.,1.0,0.549,0.51,0.395,0.706,0.593,0.737,0.643,0.564,0.578,0.352,0.211,0.322,0.837,0.552,0.642
