,,.,A1_1,A1_2,A1_3,B1_1,B1_2,B1_3,A2_1,A2_2,A2_3,B2_1,B2_2,B2_3,y1,y2,y3
0,.,1.0,0.065,-0.113,-0.185,0.295,0.584,0.092,-0.104,-0.292,0.383,0.138,0.046,0.042,-0.375,0.1,-0.448
0,A1_1,0.065,1.0,0.029,-0.21,0.058,0.212,-0.096,0.295,-0.092,-0.215,0.658,0.005,0.451,-0.148,-0.117,-0.452
0,A1_2,-0.113,0.029,1.0,-0.556,0.363,0.042,-0.357,-0.341,0.1,-0.064,-0.011,0.162,-0.113,-0.017,-0.223,-0.054
0,A1_3,-0.185,-0.21,-0.556,1.0,-0.258,-0.404,0.243,0.247,0.0,-0.341,-0.138,0.302,0.159,-0.105,0.472,0.401
0,B1_1,0.295,0.058,0.363,-0.258,1.0,0.45,-0.355,0.418,0.195,-0.323,0.146,0.206,-0.324,-0.234,-0.153,-0.387
0,B1_2,0.584,0.212,0.042,-0.404,0.45,1.0,-0.165,-0.033,0.142,0.037,0.165,-0.474,0.098,-0.06,-0.285,-0.118
0,B1_3,0.092,-0.096,-0.357,0.243,-0.355,-0.165,1.0,-0.262,0.301,-0.119,0.073,0.124,0.069,0.386,-0.069,-0.118
0,A2_1,-0.104,0.295,-0.341,0.247,0.418,-0.033,-0.262,1.0,-0.055,-0.307,0.105,0.301,-0.322,-0.277,0.243,-0.136
0,A2_2,-0.292,-0.092,0.1,0.0,0.195,0.142,0.301,-0.055,1.0,-0.727,-0.332,-0.227,-0.192,0.301,-0.163,0.117
0,A2_3,0.383,-0.215,-0.064,-0.341,-0.323,0.037,-0.119,-0.307,-0.727,1.0,-0.098,-0.046,-0.096,-0.239,0.016,-0.15
0,B2_1,0.138,0.658,-0.011,-0.138,0.146,0.165,0.073,0.105,-0.332,-0.098,1.0,0.009,0.582,0.267,-0.325,-0.404
0,B2_2,0.046,0.005,0.162,0.302,0.206,-0.474,0.124,0.301,-0.227,-0.046,0.009,1.0,-0.417,-0.288,0.575,-0.336
0,B2_3,0.042,0.451,-0.113,0.159,-0.324,0.098,0.069,-0.322,-0.192,-0.096,0.582,-0.417,1.0,0.058,-0.405,0.088
0,y1,-0.375,-0.148,-0.017,-0.105,-0.234,-0.06,0.386,-0.277,0.301,-0.239,0.267,-0.288,0.058,1.0,-0.186,0.292
0,y2,0.1,-0.117,-0.223,0.472,-0.153,-0.285,-0.069,0.243,-0.163,0.016,-0.325,0.575,-0.405,-0.186,1.0,0.106
0,y3,-0.448,-0.452,-0.054,0.401,-0.387,-0.118,-0.118,-0.136,0.117,-0.15,-0.404,-0.336,0.088,0.292,0.106,1.0
500,.,1.0,-0.282,-0.229,-0.135,0.345,0.486,0.004,-0.239,-0.381,0.376,0.072,0.067,0.194,-0.639,-0.25,-0.539
500,A1_1,-0.282,1.0,0.16,0.023,0.036,0.173,-0.085,0.396,0.004,-0.207,0.707,-0.014,0.513,-0.025,-0.18,-0.244
500,A1_2,-0.229,0.16,1.0,-0.418,0.284,0.036,-0.34,-0.234,0.185,0.004,0.023,0.109,-0.088,0.038,-0.165,0.062
500,A1_3,-0.135,0.023,-0.418,1.0,-0.392,-0.481,0.183,0.309,0.042,-0.23,-0.181,0.142,0.062,0.087,0.541,0.318
500,B1_1,0.345,0.036,0.284,-0.392,1.0,0.514,-0.32,0.335,0.143,-0.336,0.212,0.262,-0.237,-0.322,-0.193,-0.439
500,B1_2,0.486,0.173,0.036,-0.481,0.514,1.0,-0.136,-0.074,0.132,-0.013,0.253,-0.341,0.186,-0.112,-0.304,-0.22
500,B1_3,0.004,-0.085,-0.34,0.183,-0.32,-0.136,1.0,-0.324,0.313,-0.098,0.042,0.148,0.049,0.306,0.036,-0.176
500,A2_1,-0.239,0.396,-0.234,0.309,0.335,-0.074,-0.324,1.0,-0.092,-0.355,0.152,0.201,-0.267,-0.048,0.295,0.081
500,A2_2,-0.381,0.004,0.185,0.042,0.143,0.132,0.313,-0.092,1.0,-0.776,-0.269,-0.234,-0.105,0.366,-0.104,0.206
500,A2_3,0.376,-0.207,0.004,-0.23,-0.336,-0.013,-0.098,-0.355,-0.776,1.0,0.054,-0.002,-0.005,-0.113,-0.067,-0.041
500,B2_1,0.072,0.707,0.023,-0.181,0.212,0.253,0.042,0.152,-0.269,0.054,1.0,0.02,0.597,0.009,-0.4,-0.567
500,B2_2,0.067,-0.014,0.109,0.142,0.262,-0.341,0.148,0.201,-0.234,-0.002,0.02,1.0,-0.395,-0.359,0.486,-0.399
500,B2_3,0.194,0.513,-0.088,0.062,-0.237,0.186,0.049,-0.267,-0.105,-0.005,0.597,-0.395,1.0,-0.178,-0.475,-0.333
500,y1,-0.639,-0.025,0.038,0.087,-0.322,-0.112,0.306,-0.048,0.366,-0.113,0.009,-0.359,-0.178,1.0,0.179,0.626
500,y2,-0.25,-0.18,-0.165,0.541,-0.193,-0.304,0.036,0.295,-0.104,-0.067,-0.4,0.486,-0.475,0.179,1.0,0.492
500,y3,-0.539,-0.244,0.062,0.318,-0.439,-0.22,-0.176,0.081,0.206,-0.041,-0.567,-0.399,-0.333,0.626,0.492,1.0
1000,.,1.0,-0.287,-0.219,-0.155,0.363,0.472,-0.006,-0.251,-0.388,0.373,0.083,0.095,0.198,-0.645,-0.32,-0.628
1000,A1_1,-0.287,1.0,0.182,0.06,0.022,0.16,-0.092,0.413,0.027,-0.164,0.696,-0.024,0.513,-0.076,-0.212,-0.204
1000,A1_2,-0.219,0.182,1.0,-0.384,0.28,0.041,-0.329,-0.215,0.202,0.01,0.05,0.113,-0.065,0.025,-0.192,0.084
1000,A1_3,-0.155,0.06,-0.384,1.0,-0.402,-0.478,0.176,0.306,0.045,-0.193,-0.16,0.126,0.076,0.166,0.544,0.268
1000,B1_1,0.363,0.022,0.28,-0.402,1.0,0.522,-0.306,0.31,0.123,-0.324,0.23,0.278,-0.216,-0.355,-0.263,-0.421
1000,B1_2,0.472,0.16,0.041,-0.478,0.522,1.0,-0.127,-0.086,0.128,-0.007,0.267,-0.315,0.197,-0.106,-0.311,-0.234
1000,B1_3,-0.006,-0.092,-0.329,0.176,-0.306,-0.127,1.0,-0.338,0.307,-0.096,0.043,0.163,0.05,0.299,0.056,-0.177
1000,A2_1,-0.251,0.413,-0.215,0.306,0.31,-0.086,-0.338,1.0,-0.108,-0.327,0.152,0.176,-0.262,-0.05,0.278,0.116
1000,A2_2,-0.388,0.027,0.202,0.045,0.123,0.128,0.307,-0.108,1.0,-0.774,-0.252,-0.235,-0.076,0.415,-0.073,0.154
1000,A2_3,0.373,-0.164,0.01,-0.193,-0.324,-0.007,-0.096,-0.327,-0.774,1.0,0.095,0.008,0.011,-0.17,-0.071,0.025
1000,B2_1,0.083,0.696,0.05,-0.16,0.23,0.267,0.043,0.152,-0.252,0.095,1.0,0.034,0.601,-0.122,-0.461,-0.493
1000,B2_2,0.095,-0.024,0.113,0.126,0.278,-0.315,0.163,0.176,-0.235,0.008,0.034,1.0,-0.375,-0.419,0.364,-0.316
1000,B2_3,0.198,0.513,-0.065,0.076,-0.216,0.197,0.05,-0.262,-0.076,0.011,0.601,-0.375,1.0,-0.172,-0.476,-0.438
1000,y1,-0.645,-0.076,0.025,0.166,-0.355,-0.106,0.299,-0.05,0.415,-0.17,-0.122,-0.419,-0.172,1.0,0.339,0.759
1000,y2,-0.32,-0.212,-0.192,0.544,-0.263,-0.311,0.056,0.278,-0.073,-0.071,-0.461,0.364,-0.476,0.339,1.0,0.62
1000,y3,-0.628,-0.204,0.084,0.268,-0.421,-0.234,-0.177,0.116,0.154,0.025,-0.493,-0.316,-0.438,0.759,0.62,1.0
1500,.,1.0,-0.283,-0.213,-0.174,0.385,0.48,-0.014,-0.259,-0.384,0.362,0.101,0.103,0.203,-0.664,-0.392,-0.645
1500,A1_1,-0.283,1.0,0.2,0.078,0.009,0.146,-0.101,0.423,0.043,-0.136,0.688,-0.027,0.514,-0.084,-0.22,-0.201
1500,A1_2,-0.213,0.2,1.0,-0.366,0.277,0.044,-0.323,-0.198,0.216,0.012,0.066,0.112,-0.049,0.048,-0.214,0.068
1500,A1_3,-0.174,0.078,-0.366,1.0,-0.409,-0.476,0.171,0.309,0.051,-0.17,-0.15,0.12,0.085,0.175,0.533,0.273
1500,B1_1,0.385,0.009,0.277,-0.409,1.0,0.524,-0.3,0.291,0.113,-0.319,0.238,0.284,-0.208,-0.338,-0.314,-0.421
1500,B1_2,0.48,0.146,0.044,-0.476,0.524,1.0,-0.124,-0.102,0.126,-0.002,0.271,-0.307,0.201,-0.09,-0.32,-0.244
1500,B1_3,-0.014,-0.101,-0.323,0.171,-0.3,-0.124,1.0,-0.349,0.303,-0.098,0.042,0.169,0.05,0.278,0.081,-0.165
1500,A2_1,-0.259,0.423,-0.198,0.309,0.291,-0.102,-0.349,1.0,-0.116,-0.308,0.152,0.168,-0.257,-0.041,0.275,0.132
1500,A2_2,-0.384,0.043,0.216,0.051,0.113,0.126,0.303,-0.116,1.0,-0.771,-0.239,-0.237,-0.058,0.432,-0.047,0.125
1500,A2_3,0.362,-0.136,0.012,-0.17,-0.319,-0.002,-0.098,-0.308,-0.771,1.0,0.118,0.009,0.024,-0.199,-0.07,0.045
1500,B2_1,0.101,0.688,0.066,-0.15,0.238,0.271,0.042,0.152,-0.239,0.118,1.0,0.04,0.602,-0.161,-0.491,-0.472
1500,B2_2,0.103,-0.027,0.112,0.12,0.284,-0.307,0.169,0.168,-0.237,0.009,0.04,1.0,-0.366,-0.399,0.288,-0.287
1500,B2_3,0.203,0.514,-0.049,0.085,-0.208,0.201,0.05,-0.257,-0.058,0.024,0.602,-0.366,1.0,-0.19,-0.492,-0.456
1500,y1,-0.664,-0.084,0.048,0.175,-0.338,-0.09,0.278,-0.041,0.432,-0.199,-0.161,-0.399,-0.19,1.0,0.458,0.781
1500,y2,-0.392,-0.22,-0.214,0.533,-0.314,-0.32,0.081,0.275,-0.047,-0.07,-0.491,0.288,-0.492,0.458,1.0,0.694
1500,y3,-0.645,-0.201,0.068,0.273,-0.421,-0.244,-0.165,0.132,0.125,0.045,-0.472,-0.287,-0.456,0.781,0.694,1.0
2000,.,1.0,-0.282,-0.209,-0.187,0.4,0.485,-0.021,-0.268,-0.381,0.352,0.112,0.107,0.205,-0.683,-0.441,-0.65
2000,A1_1,-0.282,1.0,0.213,0.092,-0.001,0.135,-0.104,0.433,0.055,-0.117,0.682,-0.028,0.515,-0.081,-0.225,-0.197
2000,A1_2,-0.209,0.213,1.0,-0.353,0.274,0.046,-0.32,-0.184,0.226,0.015,0.077,0.109,-0.038,0.071,-0.227,0.045
2000,A1_3,-0.187,0.092,-0.353,1.0,-0.416,-0.477,0.168,0.313,0.058,-0.154,-0.146,0.115,0.091,0.174,0.526,0.283
2000,B1_1,0.4,-0.001,0.274,-0.416,1.0,0.526,-0.297,0.274,0.105,-0.318,0.242,0.286,-0.203,-0.323,-0.351,-0.418
2000,B1_2,0.485,0.135,0.046,-0.477,0.526,1.0,-0.122,-0.117,0.124,0.003,0.273,-0.303,0.203,-0.081,-0.331,-0.241
2000,B1_3,-0.021,-0.104,-0.32,0.168,-0.297,-0.122,1.0,-0.359,0.299,-0.1,0.041,0.172,0.05,0.267,0.099,-0.16
2000,A2_1,-0.268,0.433,-0.184,0.313,0.274,-0.117,-0.359,1.0,-0.119,-0.295,0.152,0.164,-0.252,-0.035,0.276,0.151
2000,A2_2,-0.381,0.055,0.226,0.058,0.105,0.124,0.299,-0.119,1.0,-0.766,-0.23,-0.24,-0.045,0.437,-0.029,0.106
2000,A2_3,0.352,-0.117,0.015,-0.154,-0.318,0.003,-0.1,-0.295,-0.766,1.0,0.133,0.006,0.036,-0.211,-0.066,0.049
2000,B2_1,0.112,0.682,0.077,-0.146,0.242,0.273,0.041,0.152,-0.23,0.133,1.0,0.044,0.603,-0.176,-0.513,-0.461
2000,B2_2,0.107,-0.028,0.109,0.115,0.286,-0.303,0.172,0.164,-0.24,0.006,0.044,1.0,-0.36,-0.364,0.236,-0.274
2000,B2_3,0.205,0.515,-0.038,0.091,-0.203,0.203,0.05,-0.252,-0.045,0.036,0.603,-0.36,1.0,-0.208,-0.509,-0.457
2000,y1,-0.683,-0.081,0.071,0.174,-0.323,-0.081,0.267,-0.035,0.437,-0.211,-0.176,-0.364,-0.208,1.0,0.534,0.792
2000,y2,-0.441,-0.225,-0.227,0.526,-0.351,-0.331,0.099,0.276,-0.029,-0.066,-0.513,0.236,-0.509,0.534,1.0,0.749
2000,y3,-0.65,-0.197,0.045,0.283,-0.418,-0.241,-0.16,0.151,0.106,0.049,-0.461,-0.274,-0.457,0.792,0.749,1.0
2500,.,1.0,-0.282,-0.205,-0.195,0.409,0.486,-0.025,-0.275,-0.381,0.343,0.116,0.111,0.204,-0.699,-0.473,-0.646
2500,A1_1,-0.282,1.0,0.222,0.101,-0.006,0.129,-0.107,0.44,0.065,-0.101,0.679,-0.028,0.515,-0.079,-0.23,-0.195
2500,A1_2,-0.205,0.222,1.0,-0.344,0.272,0.047,-0.316,-0.175,0.236,0.016,0.086,0.107,-0.03,0.092,-0.233,0.022
2500,A1_3,-0.195,0.101,-0.344,1.0,-0.417,-0.476,0.166,0.316,0.063,-0.14,-0.141,0.112,0.095,0.173,0.521,0.287
2500,B1_1,0.409,-0.006,0.272,-0.417,1.0,0.526,-0.296,0.263,0.099,-0.32,0.244,0.287,-0.2,-0.314,-0.373,-0.412
2500,B1_2,0.486,0.129,0.047,-0.476,0.526,1.0,-0.121,-0.127,0.121,0.005,0.273,-0.3,0.204,-0.08,-0.347,-0.224
2500,B1_3,-0.025,-0.107,-0.316,0.166,-0.296,-0.121,1.0,-0.365,0.295,-0.099,0.04,0.175,0.05,0.26,0.109,-0.155
2500,A2_1,-0.275,0.44,-0.175,0.316,0.263,-0.127,-0.365,1.0,-0.12,-0.286,0.151,0.159,-0.248,-0.035,0.282,0.162
2500,A2_2,-0.381,0.065,0.236,0.063,0.099,0.121,0.295,-0.12,1.0,-0.761,-0.224,-0.241,-0.035,0.439,-0.022,0.092
2500,A2_3,0.343,-0.101,0.016,-0.14,-0.32,0.005,-0.099,-0.286,-0.761,1.0,0.146,0.002,0.047,-0.213,-0.056,0.053
2500,B2_1,0.116,0.679,0.086,-0.141,0.244,0.273,0.04,0.151,-0.224,0.146,1.0,0.047,0.604,-0.185,-0.526,-0.448
2500,B2_2,0.111,-0.028,0.107,0.112,0.287,-0.3,0.175,0.159,-0.241,0.002,0.047,1.0,-0.356,-0.33,0.206,-0.269
2500,B2_3,0.204,0.515,-0.03,0.095,-0.2,0.204,0.05,-0.248,-0.035,0.047,0.604,-0.356,1.0,-0.223,-0.529,-0.452
2500,y1,-0.699,-0.079,0.092,0.173,-0.314,-0.08,0.26,-0.035,0.439,-0.213,-0.185,-0.33,-0.223,1.0,0.578,0.802
2500,y2,-0.473,-0.23,-0.233,0.521,-0.373,-0.347,0.109,0.282,-0.022,-0.056,-0.526,0.206,-0.529,0.578,1.0,0.785
2500,y3,-0.646,-0.195,0.022,0.287,-0.412,-0.224,-0.155,0.162,0.092,0.053,-0.448,-0.269,-0.452,0.802,0.785,1.0
3000,.,1.0,-0.284,-0.201,-0.203,0.418,0.488,-0.03,-0.281,-0.382,0.34,0.12,0.114,0.201,-0.71,-0.495,-0.64
3000,A1_1,-0.284,1.0,0.229,0.109,-0.011,0.123,-0.109,0.447,0.072,-0.091,0.676,-0.029,0.515,-0.077,-0.229,-0.188
3000,A1_2,-0.201,0.229,1.0,-0.337,0.27,0.049,-0.314,-0.165,0.24,0.018,0.092,0.104,-0.023,0.107,-0.236,0.001
3000,A1_3,-0.203,0.109,-0.337,1.0,-0.421,-0.476,0.164,0.32,0.067,-0.129,-0.139,0.109,0.098,0.173,0.516,0.297
3000,B1_1,0.418,-0.011,0.27,-0.421,1.0,0.526,-0.295,0.253,0.093,-0.32,0.246,0.288,-0.197,-0.311,-0.386,-0.41
3000,B1_2,0.488,0.123,0.049,-0.476,0.526,1.0,-0.12,-0.136,0.118,0.007,0.273,-0.299,0.205,-0.085,-0.357,-0.209
3000,B1_3,-0.03,-0.109,-0.314,0.164,-0.295,-0.12,1.0,-0.373,0.293,-0.1,0.04,0.177,0.05,0.256,0.113,-0.148
3000,A2_1,-0.281,0.447,-0.165,0.32,0.253,-0.136,-0.373,1.0,-0.121,-0.278,0.151,0.155,-0.243,-0.037,0.289,0.172
3000,A2_2,-0.382,0.072,0.24,0.067,0.093,0.118,0.293,-0.121,1.0,-0.757,-0.22,-0.243,-0.029,0.439,-0.018,0.084
3000,A2_3,0.34,-0.091,0.018,-0.129,-0.32,0.007,-0.1,-0.278,-0.757,1.0,0.155,-0.001,0.054,-0.213,-0.047,0.052
3000,B2_1,0.12,0.676,0.092,-0.139,0.246,0.273,0.04,0.151,-0.22,0.155,1.0,0.049,0.604,-0.193,-0.531,-0.438
3000,B2_2,0.114,-0.029,0.104,0.109,0.288,-0.299,0.177,0.155,-0.243,-0.001,0.049,1.0,-0.352,-0.302,0.186,-0.267
3000,B2_3,0.201,0.515,-0.023,0.098,-0.197,0.205,0.05,-0.243,-0.029,0.054,0.604,-0.352,1.0,-0.234,-0.546,-0.443
3000,y1,-0.71,-0.077,0.107,0.173,-0.311,-0.085,0.256,-0.037,0.439,-0.213,-0.193,-0.302,-0.234,1.0,0.606,0.809
3000,y2,-0.495,-0.229,-0.236,0.516,-0.386,-0.357,0.113,0.289,-0.018,-0.047,-0.531,0.186,-0.546,0.606,1.0,0.809
3000,y3,-0.64,-0.188,0.001,0.297,-0.41,-0.209,-0.148,0.172,0.084,0.052,-0.438,-0.267,-0.443,0.809,0.809,1.0
3500,.,1.0,-0.286,-0.198,-0.209,0.424,0.489,-0.033,-0.286,-0.382,0.334,0.122,0.115,0.2,-0.718,-0.51,-0.635
3500,A1_1,-0.286,1.0,0.235,0.115,-0.014,0.118,-0.11,0.452,0.078,-0.082,0.674,-0.029,0.515,-0.076,-0.227,-0.181
3500,A1_2,-0.198,0.235,1.0,-0.332,0.269,0.05,-0.314,-0.159,0.244,0.02,0.096,0.103,-0.019,0.112,-0.238,-0.017
3500,A1_3,-0.209,0.115,-0.332,1.0,-0.424,-0.477,0.161,0.323,0.071,-0.12,-0.138,0.107,0.101,0.176,0.511,0.305
3500,B1_1,0.424,-0.014,0.269,-0.424,1.0,0.526,-0.294,0.244,0.088,-0.322,0.247,0.289,-0.196,-0.31,-0.391,-0.408
3500,B1_2,0.489,0.118,0.05,-0.477,0.526,1.0,-0.119,-0.143,0.116,0.008,0.273,-0.298,0.206,-0.091,-0.365,-0.194
3500,B1_3,-0.033,-0.11,-0.314,0.161,-0.294,-0.119,1.0,-0.377,0.292,-0.1,0.04,0.178,0.05,0.255,0.112,-0.139
3500,A2_1,-0.286,0.452,-0.159,0.323,0.244,-0.143,-0.377,1.0,-0.12,-0.273,0.15,0.151,-0.239,-0.035,0.3,0.177
3500,A2_2,-0.382,0.078,0.244,0.071,0.088,0.116,0.292,-0.12,1.0,-0.752,-0.216,-0.245,-0.023,0.435,-0.017,0.081
3500,A2_3,0.334,-0.082,0.02,-0.12,-0.322,0.008,-0.1,-0.273,-0.752,1.0,0.161,-0.005,0.061,-0.211,-0.04,0.054
3500,B2_1,0.122,0.674,0.096,-0.138,0.247,0.273,0.04,0.15,-0.216,0.161,1.0,0.051,0.605,-0.195,-0.535,-0.429
3500,B2_2,0.115,-0.029,0.103,0.107,0.289,-0.298,0.178,0.151,-0.245,-0.005,0.051,1.0,-0.35,-0.279,0.172,-0.265
3500,B2_3,0.2,0.515,-0.019,0.101,-0.196,0.206,0.05,-0.239,-0.023,0.061,0.605,-0.35,1.0,-0.24,-0.56,-0.434
3500,y1,-0.718,-0.076,0.112,0.176,-0.31,-0.091,0.255,-0.035,0.435,-0.211,-0.195,-0.279,-0.24,1.0,0.621,0.813
3500,y2,-0.51,-0.227,-0.238,0.511,-0.391,-0.365,0.112,0.3,-0.017,-0.04,-0.535,0.172,-0.56,0.621,1.0,0.824
3500,y3,-0.635,-0.181,-0.017,0.305,-0.408,-0.194,-0.139,0.177,0.081,0.054,-0.429,-0.265,-0.434,0.813,0.824,1.0
4000,.,1.0,-0.288,-0.197,-0.216,0.428,0.49,-0.037,-0.291,-0.384,0.33,0.123,0.116,0.197,-0.724,-0.519,-0.63
4000,A1_1,-0.288,1.0,0.241,0.122,-0.017,0.114,-0.111,0.457,0.084,-0.075,0.672,-0.029,0.514,-0.072,-0.225,-0.176
4000,A1_2,-0.197,0.241,1.0,-0.327,0.268,0.051,-0.311,-0.154,0.249,0.021,0.102,0.101,-0.014,0.121,-0.239,-0.032
4000,A1_3,-0.216,0.122,-0.327,1.0,-0.427,-0.478,0.159,0.326,0.075,-0.115,-0.138,0.104,0.102,0.177,0.507,0.308
4000,B1_1,0.428,-0.017,0.268,-0.427,1.0,0.526,-0.293,0.238,0.085,-0.325,0.247,0.29,-0.194,-0.306,-0.395,-0.409
4000,B1_2,0.49,0.114,0.051,-0.478,0.526,1.0,-0.119,-0.149,0.114,0.009,0.273,-0.297,0.207,-0.094,-0.37,-0.182
4000,B1_3,-0.037,-0.111,-0.311,0.159,-0.293,-0.119,1.0,-0.38,0.29,-0.101,0.04,0.18,0.051,0.252,0.109,-0.128
4000,A2_1,-0.291,0.457,-0.154,0.326,0.238,-0.149,-0.38,1.0,-0.118,-0.27,0.149,0.146,-0.236,-0.031,0.309,0.178
4000,A2_2,-0.384,0.084,0.249,0.075,0.085,0.114,0.29,-0.118,1.0,-0.749,-0.213,-0.245,-0.019,0.433,-0.015,0.076
4000,A2_3,0.33,-0.075,0.021,-0.115,-0.325,0.009,-0.101,-0.27,-0.749,1.0,0.165,-0.01,0.067,-0.211,-0.039,0.057
4000,B2_1,0.123,0.672,0.102,-0.138,0.247,0.273,0.04,0.149,-0.213,0.165,1.0,0.052,0.606,-0.195,-0.542,-0.42
4000,B2_2,0.116,-0.029,0.101,0.104,0.29,-0.297,0.18,0.146,-0.245,-0.01,0.052,1.0,-0.347,-0.265,0.16,-0.264
4000,B2_3,0.197,0.514,-0.014,0.102,-0.194,0.207,0.051,-0.236,-0.019,0.067,0.606,-0.347,1.0,-0.243,-0.571,-0.426
4000,y1,-0.724,-0.072,0.121,0.177,-0.306,-0.094,0.252,-0.031,0.433,-0.211,-0.195,-0.265,-0.243,1.0,0.628,0.817
4000,y2,-0.519,-0.225,-0.239,0.507,-0.395,-0.37,0.109,0.309,-0.015,-0.039,-0.542,0.16,-0.571,0.628,1.0,0.832
4000,y3,-0.63,-0.176,-0.032,0.308,-0.409,-0.182,-0.128,0.178,0.076,0.057,-0.42,-0.264,-0.426,0.817,0.832,1.0
4500,.,1.0,-0.292,-0.197,-0.221,0.432,0.492,-0.038,-0.296,-0.385,0.326,0.123,0.116,0.195,-0.726,-0.528,-0.627
4500,A1_1,-0.292,1.0,0.246,0.126,-0.022,0.109,-0.113,0.46,0.087,-0.069,0.669,-0.029,0.514,-0.067,-0.219,-0.172
4500,A1_2,-0.197,0.246,1.0,-0.322,0.267,0.053,-0.31,-0.148,0.252,0.022,0.106,0.099,-0.011,0.124,-0.241,-0.039
4500,A1_3,-0.221,0.126,-0.322,1.0,-0.428,-0.478,0.157,0.328,0.077,-0.109,-0.136,0.102,0.104,0.181,0.502,0.312
4500,B1_1,0.432,-0.022,0.267,-0.428,1.0,0.526,-0.293,0.231,0.082,-0.327,0.248,0.29,-0.193,-0.302,-0.397,-0.411
4500,B1_2,0.492,0.109,0.053,-0.478,0.526,1.0,-0.118,-0.156,0.113,0.01,0.273,-0.296,0.207,-0.096,-0.372,-0.174
4500,B1_3,-0.038,-0.113,-0.31,0.157,-0.293,-0.118,1.0,-0.385,0.288,-0.101,0.04,0.181,0.051,0.254,0.108,-0.121
4500,A2_1,-0.296,0.46,-0.148,0.328,0.231,-0.156,-0.385,1.0,-0.118,-0.267,0.146,0.143,-0.233,-0.027,0.319,0.179
4500,A2_2,-0.385,0.087,0.252,0.077,0.082,0.113,0.288,-0.118,1.0,-0.745,-0.212,-0.245,-0.016,0.429,-0.014,0.077
4500,A2_3,0.326,-0.069,0.022,-0.109,-0.327,0.01,-0.101,-0.267,-0.745,1.0,0.169,-0.013,0.072,-0.21,-0.033,0.058
4500,B2_1,0.123,0.669,0.106,-0.136,0.248,0.273,0.04,0.146,-0.212,0.169,1.0,0.053,0.607,-0.19,-0.54,-0.417
4500,B2_2,0.116,-0.029,0.099,0.102,0.29,-0.296,0.181,0.143,-0.245,-0.013,0.053,1.0,-0.345,-0.247,0.15,-0.261
4500,B2_3,0.195,0.514,-0.011,0.104,-0.193,0.207,0.051,-0.233,-0.016,0.072,0.607,-0.345,1.0,-0.245,-0.581,-0.422
4500,y1,-0.726,-0.067,0.124,0.181,-0.302,-0.096,0.254,-0.027,0.429,-0.21,-0.19,-0.247,-0.245,1.0,0.634,0.819
4500,y2,-0.528,-0.219,-0.241,0.502,-0.397,-0.372,0.108,0.319,-0.014,-0.033,-0.54,0.15,-0.581,0.634,1.0,0.84
4500,y3,-0.627,-0.172,-0.039,0.312,-0.411,-0.174,-0.121,0.179,0.077,0.058,-0.417,-0.261,-0.422,0.819,0.84,1.0
5000,.,1.0,-0.295,-0.196,-0.223,0.435,0.492,-0.039,-0.301,-0.385,0.324,0.124,0.116,0.194,-0.726,-0.533,-0.625
5000,A1_1,-0.295,1.0,0.249,0.129,-0.025,0.104,-0.113,0.463,0.091,-0.063,0.667,-0.03,0.514,-0.063,-0.215,-0.17
5000,A1_2,-0.196,0.249,1.0,-0.318,0.266,0.054,-0.309,-0.143,0.257,0.023,0.11,0.098,-0.008,0.128,-0.243,-0.047
5000,A1_3,-0.223,0.129,-0.318,1.0,-0.429,-0.477,0.156,0.331,0.078,-0.101,-0.135,0.101,0.106,0.18,0.497,0.315
5000,B1_1,0.435,-0.025,0.266,-0.429,1.0,0.526,-0.292,0.225,0.079,-0.327,0.248,0.291,-0.192,-0.299,-0.395,-0.412
5000,B1_2,0.492,0.104,0.054,-0.477,0.526,1.0,-0.118,-0.162,0.111,0.012,0.272,-0.296,0.208,-0.09,-0.373,-0.17
5000,B1_3,-0.039,-0.113,-0.309,0.156,-0.292,-0.118,1.0,-0.388,0.285,-0.1,0.041,0.181,0.052,0.249,0.103,-0.114
5000,A2_1,-0.301,0.463,-0.143,0.331,0.225,-0.162,-0.388,1.0,-0.117,-0.263,0.144,0.14,-0.232,-0.023,0.331,0.179
5000,A2_2,-0.385,0.091,0.257,0.078,0.079,0.111,0.285,-0.117,1.0,-0.742,-0.211,-0.246,-0.013,0.426,-0.016,0.072
5000,A2_3,0.324,-0.063,0.023,-0.101,-0.327,0.012,-0.1,-0.263,-0.742,1.0,0.175,-0.015,0.077,-0.206,-0.029,0.062
5000,B2_1,0.124,0.667,0.11,-0.135,0.248,0.272,0.041,0.144,-0.211,0.175,1.0,0.054,0.608,-0.189,-0.541,-0.412
5000,B2_2,0.116,-0.03,0.098,0.101,0.291,-0.296,0.181,0.14,-0.246,-0.015,0.054,1.0,-0.344,-0.242,0.142,-0.256
5000,B2_3,0.194,0.514,-0.008,0.106,-0.192,0.208,0.052,-0.232,-0.013,0.077,0.608,-0.344,1.0,-0.245,-0.59,-0.418
5000,y1,-0.726,-0.063,0.128,0.18,-0.299,-0.09,0.249,-0.023,0.426,-0.206,-0.189,-0.242,-0.245,1.0,0.635,0.821
5000,y2,-0.533,-0.215,-0.243,0.497,-0.395,-0.373,0.103,0.331,-0.016,-0.029,-0.541,0.142,-0.59,0.635,1.0,0.845
5000,y3,-0.625,-0.17,-0.047,0.315,-0.412,-0.17,-0.114,0.179,0.072,0.062,-0.412,-0.256,-0.418,0.821,0.845,1.0
5500,.,1.0,-0.298,-0.197,-0.224,0.436,0.493,-0.039,-0.306,-0.384,0.321,0.123,0.116,0.194,-0.723,-0.536,-0.627
5500,A1_1,-0.298,1.0,0.254,0.132,-0.029,0.1,-0.114,0.465,0.094,-0.056,0.664,-0.03,0.513,-0.061,-0.212,-0.165
5500,A1_2,-0.197,0.254,1.0,-0.316,0.266,0.055,-0.307,-0.139,0.26,0.024,0.114,0.097,-0.005,0.128,-0.243,-0.052
5500,A1_3,-0.224,0.132,-0.316,1.0,-0.431,-0.477,0.156,0.334,0.08,-0.094,-0.134,0.099,0.107,0.18,0.492,0.32
5500,B1_1,0.436,-0.029,0.266,-0.431,1.0,0.526,-0.292,0.219,0.076,-0.326,0.248,0.291,-0.192,-0.295,-0.393,-0.416
5500,B1_2,0.493,0.1,0.055,-0.477,0.526,1.0,-0.118,-0.168,0.11,0.013,0.272,-0.295,0.208,-0.084,-0.37,-0.17
5500,B1_3,-0.039,-0.114,-0.307,0.156,-0.292,-0.118,1.0,-0.39,0.283,-0.1,0.041,0.182,0.052,0.249,0.098,-0.106
5500,A2_1,-0.306,0.465,-0.139,0.334,0.219,-0.168,-0.39,1.0,-0.116,-0.26,0.142,0.137,-0.229,-0.02,0.34,0.18
5500,A2_2,-0.384,0.094,0.26,0.08,0.076,0.11,0.283,-0.116,1.0,-0.738,-0.209,-0.246,-0.011,0.421,-0.013,0.074
5500,A2_3,0.321,-0.056,0.024,-0.094,-0.326,0.013,-0.1,-0.26,-0.738,1.0,0.181,-0.017,0.082,-0.203,-0.03,0.062
5500,B2_1,0.123,0.664,0.114,-0.134,0.248,0.272,0.041,0.142,-0.209,0.181,1.0,0.055,0.609,-0.185,-0.543,-0.41
5500,B2_2,0.116,-0.03,0.097,0.099,0.291,-0.295,0.182,0.137,-0.246,-0.017,0.055,1.0,-0.342,-0.236,0.132,-0.255
5500,B2_3,0.194,0.513,-0.005,0.107,-0.192,0.208,0.052,-0.229,-0.011,0.082,0.609,-0.342,1.0,-0.243,-0.597,-0.415
5500,y1,-0.723,-0.061,0.128,0.18,-0.295,-0.084,0.249,-0.02,0.421,-0.203,-0.185,-0.236,-0.243,1.0,0.636,0.823
5500,y2,-0.536,-0.212,-0.243,0.492,-0.393,-0.37,0.098,0.34,-0.013,-0.03,-0.543,0.132,-0.597,0.636,1.0,0.849
5500,y3,-0.627,-0.165,-0.052,0.32,-0.416,-0.17,-0.106,0.18,0.074,0.062,-0.41,-0.255,-0.415,0.823,0.849,1.0
6000,.,1.0,-0.301,-0.197,-0.225,0.438,0.494,-0.04,-0.311,-0.384,0.317,0.122,0.116,0.193,-0.724,-0.54,-0.626
6000,A1_1,-0.301,1.0,0.258,0.134,-0.032,0.096,-0.115,0.466,0.095,-0.051,0.662,-0.03,0.513,-0.053,-0.206,-0.16
6000,A1_2,-0.197,0.258,1.0,-0.313,0.265,0.056,-0.306,-0.135,0.262,0.026,0.118,0.097,-0.002,0.125,-0.243,-0.056
6000,A1_3,-0.225,0.134,-0.313,1.0,-0.43,-0.477,0.155,0.336,0.082,-0.09,-0.133,0.098,0.108,0.188,0.482,0.327
6000,B1_1,0.438,-0.032,0.265,-0.43,1.0,0.526,-0.292,0.214,0.073,-0.327,0.248,0.291,-0.191,-0.291,-0.391,-0.417
6000,B1_2,0.494,0.096,0.056,-0.477,0.526,1.0,-0.117,-0.175,0.108,0.014,0.271,-0.295,0.209,-0.085,-0.364,-0.171
6000,B1_3,-0.04,-0.115,-0.306,0.155,-0.292,-0.117,1.0,-0.392,0.283,-0.1,0.041,0.183,0.053,0.252,0.096,-0.103
6000,A2_1,-0.311,0.466,-0.135,0.336,0.214,-0.175,-0.392,1.0,-0.116,-0.258,0.139,0.135,-0.229,-0.011,0.347,0.186
6000,A2_2,-0.384,0.095,0.262,0.082,0.073,0.108,0.283,-0.116,1.0,-0.735,-0.209,-0.246,-0.009,0.417,-0.012,0.073
6000,A2_3,0.317,-0.051,0.026,-0.09,-0.327,0.014,-0.1,-0.258,-0.735,1.0,0.184,-0.02,0.086,-0.201,-0.026,0.064
6000,B2_1,0.122,0.662,0.118,-0.133,0.248,0.271,0.041,0.139,-0.209,0.184,1.0,0.056,0.61,-0.174,-0.541,-0.408
6000,B2_2,0.116,-0.03,0.097,0.098,0.291,-0.295,0.183,0.135,-0.246,-0.02,0.056,1.0,-0.34,-0.225,0.122,-0.249
6000,B2_3,0.193,0.513,-0.002,0.108,-0.191,0.209,0.053,-0.229,-0.009,0.086,0.61,-0.34,1.0,-0.24,-0.604,-0.414
6000,y1,-0.724,-0.053,0.125,0.188,-0.291,-0.085,0.252,-0.011,0.417,-0.201,-0.174,-0.225,-0.24,1.0,0.64,0.821
6000,y2,-0.54,-0.206,-0.243,0.482,-0.391,-0.364,0.096,0.347,-0.012,-0.026,-0.541,0.122,-0.604,0.64,1.0,0.855
6000,y3,-0.626,-0.16,-0.056,0.327,-0.417,-0.171,-0.103,0.186,0.073,0.064,-0.408,-0.249,-0.414,0.821,0.855,1.0
6500,.,1.0,-0.305,-0.195,-0.227,0.44,0.495,-0.042,-0.315,-0.383,0.313,0.119,0.116,0.192,-0.723,-0.54,-0.626
6500,A1_1,-0.305,1.0,0.261,0.135,-0.036,0.091,-0.117,0.468,0.097,-0.047,0.659,-0.03,0.512,-0.048,-0.203,-0.153
6500,A1_2,-0.195,0.261,1.0,-0.311,0.265,0.058,-0.306,-0.13,0.264,0.027,0.12,0.097,-0.0,0.124,-0.247,-0.06
6500,A1_3,-0.227,0.135,-0.311,1.0,-0.432,-0.478,0.154,0.337,0.084,-0.084,-0.133,0.096,0.109,0.191,0.477,0.336
6500,B1_1,0.44,-0.036,0.265,-0.432,1.0,0.526,-0.292,0.209,0.071,-0.329,0.248,0.292,-0.19,-0.291,-0.386,-0.418
6500,B1_2,0.495,0.091,0.058,-0.478,0.526,1.0,-0.117,-0.181,0.107,0.015,0.271,-0.295,0.209,-0.081,-0.363,-0.17
6500,B1_3,-0.042,-0.117,-0.306,0.154,-0.292,-0.117,1.0,-0.397,0.281,-0.098,0.042,0.183,0.053,0.254,0.093,-0.097
6500,A2_1,-0.315,0.468,-0.13,0.337,0.209,-0.181,-0.397,1.0,-0.115,-0.256,0.136,0.132,-0.228,-0.01,0.356,0.191
6500,A2_2,-0.383,0.097,0.264,0.084,0.071,0.107,0.281,-0.115,1.0,-0.732,-0.208,-0.246,-0.007,0.416,-0.015,0.073
6500,A2_3,0.313,-0.047,0.027,-0.084,-0.329,0.015,-0.098,-0.256,-0.732,1.0,0.187,-0.022,0.09,-0.197,-0.022,0.067
6500,B2_1,0.119,0.659,0.12,-0.133,0.248,0.271,0.042,0.136,-0.208,0.187,1.0,0.056,0.61,-0.17,-0.537,-0.403
6500,B2_2,0.116,-0.03,0.097,0.096,0.292,-0.295,0.183,0.132,-0.246,-0.022,0.056,1.0,-0.339,-0.219,0.12,-0.243
6500,B2_3,0.192,0.512,-0.0,0.109,-0.19,0.209,0.053,-0.228,-0.007,0.09,0.61,-0.339,1.0,-0.238,-0.612,-0.412
6500,y1,-0.723,-0.048,0.124,0.191,-0.291,-0.081,0.254,-0.01,0.416,-0.197,-0.17,-0.219,-0.238,1.0,0.638,0.821
6500,y2,-0.54,-0.203,-0.247,0.477,-0.386,-0.363,0.093,0.356,-0.015,-0.022,-0.537,0.12,-0.612,0.638,1.0,0.857
6500,y3,-0.626,-0.153,-0.06,0.336,-0.418,-0.17,-0.097,0.191,0.073,0.067,-0.403,-0.243,-0.412,0.821,0.857,1.0
7000,.,1.0,-0.31,-0.194,-0.23,0.44,0.495,-0.042,-0.323,-0.382,0.31,0.116,0.116,0.19,-0.721,-0.542,-0.625
7000,A1_1,-0.31,1.0,0.265,0.137,-0.038,0.088,-0.118,0.47,0.1,-0.044,0.657,-0.03,0.511,-0.043,-0.2,-0.148
7000,A1_2,-0.194,0.265,1.0,-0.309,0.264,0.059,-0.305,-0.128,0.265,0.028,0.123,0.096,0.002,0.124,-0.245,-0.062
7000,A1_3,-0.23,0.137,-0.309,1.0,-0.434,-0.479,0.153,0.339,0.085,-0.08,-0.133,0.095,0.11,0.192,0.472,0.339
7000,B1_1,0.44,-0.038,0.264,-0.434,1.0,0.525,-0.292,0.203,0.067,-0.33,0.248,0.292,-0.19,-0.287,-0.384,-0.418
7000,B1_2,0.495,0.088,0.059,-0.479,0.525,1.0,-0.117,-0.186,0.106,0.016,0.27,-0.295,0.21,-0.077,-0.359,-0.167
7000,B1_3,-0.042,-0.118,-0.305,0.153,-0.292,-0.117,1.0,-0.399,0.281,-0.099,0.042,0.184,0.054,0.254,0.089,-0.094
7000,A2_1,-0.323,0.47,-0.128,0.339,0.203,-0.186,-0.399,1.0,-0.114,-0.255,0.133,0.128,-0.226,-0.005,0.363,0.195
7000,A2_2,-0.382,0.1,0.265,0.085,0.067,0.106,0.281,-0.114,1.0,-0.73,-0.207,-0.246,-0.005,0.413,-0.012,0.074
7000,A2_3,0.31,-0.044,0.028,-0.08,-0.33,0.016,-0.099,-0.255,-0.73,1.0,0.189,-0.024,0.093,-0.194,-0.022,0.07
7000,B2_1,0.116,0.657,0.123,-0.133,0.248,0.27,0.042,0.133,-0.207,0.189,1.0,0.057,0.611,-0.163,-0.54,-0.398
7000,B2_2,0.116,-0.03,0.096,0.095,0.292,-0.295,0.184,0.128,-0.246,-0.024,0.057,1.0,-0.337,-0.213,0.109,-0.243
7000,B2_3,0.19,0.511,0.002,0.11,-0.19,0.21,0.054,-0.226,-0.005,0.093,0.611,-0.337,1.0,-0.236,-0.616,-0.409
7000,y1,-0.721,-0.043,0.124,0.192,-0.287,-0.077,0.254,-0.005,0.413,-0.194,-0.163,-0.213,-0.236,1.0,0.639,0.822
7000,y2,-0.542,-0.2,-0.245,0.472,-0.384,-0.359,0.089,0.363,-0.012,-0.022,-0.54,0.109,-0.616,0.639,1.0,0.859
7000,y3,-0.625,-0.148,-0.062,0.339,-0.418,-0.167,-0.094,0.195,0.074,0.07,-0.398,-0.243,-0.409,0.822,0.859,1.0
7500,.,1.0,-0.314,-0.192,-0.232,0.44,0.494,-0.043,-0.33,-0.381,0.306,0.111,0.117,0.188,-0.721,-0.544,-0.621
7500,A1_1,-0.314,1.0,0.268,0.138,-0.04,0.085,-0.118,0.471,0.102,-0.041,0.655,-0.03,0.511,-0.035,-0.196,-0.142
7500,A1_2,-0.192,0.268,1.0,-0.306,0.265,0.061,-0.303,-0.124,0.268,0.029,0.127,0.096,0.005,0.127,-0.243,-0.068
7500,A1_3,-0.232,0.138,-0.306,1.0,-0.435,-0.48,0.152,0.338,0.087,-0.077,-0.134,0.093,0.11,0.201,0.464,0.343
7500,B1_1,0.44,-0.04,0.265,-0.435,1.0,0.525,-0.292,0.198,0.064,-0.332,0.249,0.292,-0.189,-0.284,-0.382,-0.415
7500,B1_2,0.494,0.085,0.061,-0.48,0.525,1.0,-0.117,-0.191,0.105,0.016,0.27,-0.295,0.21,-0.076,-0.357,-0.162
7500,B1_3,-0.043,-0.118,-0.303,0.152,-0.292,-0.117,1.0,-0.402,0.279,-0.099,0.042,0.185,0.054,0.254,0.086,-0.091
7500,A2_1,-0.33,0.471,-0.124,0.338,0.198,-0.191,-0.402,1.0,-0.114,-0.254,0.13,0.124,-0.226,0.002,0.367,0.2
7500,A2_2,-0.381,0.102,0.268,0.087,0.064,0.105,0.279,-0.114,1.0,-0.727,-0.207,-0.246,-0.004,0.414,-0.008,0.07
7500,A2_3,0.306,-0.041,0.029,-0.077,-0.332,0.016,-0.099,-0.254,-0.727,1.0,0.19,-0.027,0.096,-0.193,-0.02,0.075
7500,B2_1,0.111,0.655,0.127,-0.134,0.249,0.27,0.042,0.13,-0.207,0.19,1.0,0.057,0.612,-0.16,-0.542,-0.388
7500,B2_2,0.117,-0.03,0.096,0.093,0.292,-0.295,0.185,0.124,-0.246,-0.027,0.057,1.0,-0.335,-0.206,0.106,-0.238
7500,B2_3,0.188,0.511,0.005,0.11,-0.189,0.21,0.054,-0.226,-0.004,0.096,0.612,-0.335,1.0,-0.235,-0.625,-0.407
7500,y1,-0.721,-0.035,0.127,0.201,-0.284,-0.076,0.254,0.002,0.414,-0.193,-0.16,-0.206,-0.235,1.0,0.639,0.823
7500,y2,-0.544,-0.196,-0.243,0.464,-0.382,-0.357,0.086,0.367,-0.008,-0.02,-0.542,0.106,-0.625,0.639,1.0,0.858
7500,y3,-0.621,-0.142,-0.068,0.343,-0.415,-0.162,-0.091,0.2,0.07,0.075,-0.388,-0.238,-0.407,0.823,0.858,1.0
8000,.,1.0,-0.317,-0.19,-0.233,0.442,0.494,-0.044,-0.333,-0.381,0.303,0.108,0.119,0.186,-0.719,-0.543,-0.624
8000,A1_1,-0.317,1.0,0.269,0.14,-0.042,0.083,-0.118,0.473,0.105,-0.039,0.654,-0.031,0.511,-0.028,-0.192,-0.137
8000,A1_2,-0.19,0.269,1.0,-0.303,0.264,0.062,-0.301,-0.123,0.27,0.031,0.129,0.096,0.006,0.126,-0.243,-0.063
8000,A1_3,-0.233,0.14,-0.303,1.0,-0.436,-0.48,0.152,0.34,0.089,-0.076,-0.134,0.093,0.11,0.208,0.456,0.349
8000,B1_1,0.442,-0.042,0.264,-0.436,1.0,0.525,-0.291,0.194,0.063,-0.333,0.249,0.293,-0.189,-0.281,-0.376,-0.417
8000,B1_2,0.494,0.083,0.062,-0.48,0.525,1.0,-0.116,-0.195,0.104,0.016,0.27,-0.295,0.211,-0.073,-0.35,-0.166
8000,B1_3,-0.044,-0.118,-0.301,0.152,-0.291,-0.116,1.0,-0.403,0.279,-0.101,0.043,0.185,0.054,0.258,0.082,-0.087
8000,A2_1,-0.333,0.473,-0.123,0.34,0.194,-0.195,-0.403,1.0,-0.112,-0.253,0.128,0.12,-0.224,0.007,0.374,0.203
8000,A2_2,-0.381,0.105,0.27,0.089,0.063,0.104,0.279,-0.112,1.0,-0.725,-0.205,-0.246,-0.002,0.412,-0.008,0.077
8000,A2_3,0.303,-0.039,0.031,-0.076,-0.333,0.016,-0.101,-0.253,-0.725,1.0,0.191,-0.03,0.097,-0.191,-0.018,0.075
8000,B2_1,0.108,0.654,0.129,-0.134,0.249,0.27,0.043,0.128,-0.205,0.191,1.0,0.058,0.613,-0.15,-0.539,-0.39
8000,B2_2,0.119,-0.031,0.096,0.093,0.293,-0.295,0.185,0.12,-0.246,-0.03,0.058,1.0,-0.334,-0.197,0.098,-0.234
8000,B2_3,0.186,0.511,0.006,0.11,-0.189,0.211,0.054,-0.224,-0.002,0.097,0.613,-0.334,1.0,-0.231,-0.631,-0.409
8000,y1,-0.719,-0.028,0.126,0.208,-0.281,-0.073,0.258,0.007,0.412,-0.191,-0.15,-0.197,-0.231,1.0,0.639,0.822
8000,y2,-0.543,-0.192,-0.243,0.456,-0.376,-0.35,0.082,0.374,-0.008,-0.018,-0.539,0.098,-0.631,0.639,1.0,0.862
8000,y3,-0.624,-0.137,-0.063,0.349,-0.417,-0.166,-0.087,0.203,0.077,0.075,-0.39,-0.234,-0.409,0.822,0.862,1.0
8500,.,1.0,-0.321,-0.186,-0.235,0.445,0.495,-0.046,-0.338,-0.378,0.297,0.102,0.122,0.183,-0.717,-0.546,-0.625
8500,A1_1,-0.321,1.0,0.271,0.141,-0.044,0.082,-0.118,0.475,0.107,-0.036,0.652,-0.033,0.511,-0.022,-0.187,-0.13
8500,A1_2,-0.186,0.271,1.0,-0.302,0.264,0.064,-0.3,-0.121,0.272,0.033,0.133,0.097,0.009,0.129,-0.239,-0.069
8500,A1_3,-0.235,0.141,-0.302,1.0,-0.437,-0.481,0.151,0.342,0.091,-0.072,-0.134,0.091,0.111,0.21,0.447,0.355
8500,B1_1,0.445,-0.044,0.264,-0.437,1.0,0.525,-0.291,0.19,0.061,-0.333,0.249,0.293,-0.188,-0.277,-0.374,-0.418
8500,B1_2,0.495,0.082,0.064,-0.481,0.525,1.0,-0.116,-0.198,0.103,0.016,0.269,-0.295,0.212,-0.069,-0.347,-0.166
8500,B1_3,-0.046,-0.118,-0.3,0.151,-0.291,-0.116,1.0,-0.402,0.278,-0.102,0.043,0.186,0.055,0.26,0.079,-0.081
8500,A2_1,-0.338,0.475,-0.121,0.342,0.19,-0.198,-0.402,1.0,-0.11,-0.251,0.127,0.115,-0.223,0.011,0.38,0.208
8500,A2_2,-0.378,0.107,0.272,0.091,0.061,0.103,0.278,-0.11,1.0,-0.723,-0.204,-0.245,-0.001,0.414,-0.003,0.077
8500,A2_3,0.297,-0.036,0.033,-0.072,-0.333,0.016,-0.102,-0.251,-0.723,1.0,0.193,-0.031,0.1,-0.188,-0.016,0.078
8500,B2_1,0.102,0.652,0.133,-0.134,0.249,0.269,0.043,0.127,-0.204,0.193,1.0,0.058,0.613,-0.145,-0.539,-0.383
8500,B2_2,0.122,-0.033,0.097,0.091,0.293,-0.295,0.186,0.115,-0.245,-0.031,0.058,1.0,-0.332,-0.186,0.09,-0.228
8500,B2_3,0.183,0.511,0.009,0.111,-0.188,0.212,0.055,-0.223,-0.001,0.1,0.613,-0.332,1.0,-0.232,-0.64,-0.408
8500,y1,-0.717,-0.022,0.129,0.21,-0.277,-0.069,0.26,0.011,0.414,-0.188,-0.145,-0.186,-0.232,1.0,0.639,0.822
8500,y2,-0.546,-0.187,-0.239,0.447,-0.374,-0.347,0.079,0.38,-0.003,-0.016,-0.539,0.09,-0.64,0.639,1.0,0.864
8500,y3,-0.625,-0.13,-0.069,0.355,-0.418,-0.166,-0.081,0.208,0.077,0.078,-0.383,-0.228,-0.408,0.822,0.864,1.0
9000,.,1.0,-0.325,-0.181,-0.238,0.446,0.496,-0.047,-0.346,-0.374,0.291,0.096,0.125,0.18,-0.714,-0.547,-0.629
9000,A1_1,-0.325,1.0,0.273,0.143,-0.045,0.08,-0.118,0.476,0.109,-0.034,0.651,-0.034,0.51,-0.009,-0.183,-0.122
9000,A1_2,-0.181,0.273,1.0,-0.299,0.265,0.067,-0.299,-0.118,0.274,0.034,0.136,0.098,0.011,0.121,-0.233,-0.065
9000,A1_3,-0.238,0.143,-0.299,1.0,-0.438,-0.483,0.149,0.343,0.092,-0.067,-0.135,0.09,0.111,0.216,0.44,0.354
9000,B1_1,0.446,-0.045,0.265,-0.438,1.0,0.524,-0.291,0.187,0.059,-0.335,0.249,0.293,-0.187,-0.272,-0.372,-0.419
9000,B1_2,0.496,0.08,0.067,-0.483,0.524,1.0,-0.116,-0.203,0.102,0.016,0.269,-0.295,0.213,-0.062,-0.345,-0.165
9000,B1_3,-0.047,-0.118,-0.299,0.149,-0.291,-0.116,1.0,-0.404,0.277,-0.099,0.043,0.187,0.056,0.267,0.078,-0.075
9000,A2_1,-0.346,0.476,-0.118,0.343,0.187,-0.203,-0.404,1.0,-0.108,-0.251,0.124,0.11,-0.223,0.02,0.38,0.208
9000,A2_2,-0.374,0.109,0.274,0.092,0.059,0.102,0.277,-0.108,1.0,-0.72,-0.204,-0.243,0.001,0.413,0.001,0.083
9000,A2_3,0.291,-0.034,0.034,-0.067,-0.335,0.016,-0.099,-0.251,-0.72,1.0,0.195,-0.032,0.101,-0.185,-0.01,0.081
9000,B2_1,0.096,0.651,0.136,-0.135,0.249,0.269,0.043,0.124,-0.204,0.195,1.0,0.059,0.614,-0.129,-0.541,-0.38
9000,B2_2,0.125,-0.034,0.098,0.09,0.293,-0.295,0.187,0.11,-0.243,-0.032,0.059,1.0,-0.329,-0.182,0.089,-0.224
9000,B2_3,0.18,0.51,0.011,0.111,-0.187,0.213,0.056,-0.223,0.001,0.101,0.614,-0.329,1.0,-0.224,-0.648,-0.411
9000,y1,-0.714,-0.009,0.121,0.216,-0.272,-0.062,0.267,0.02,0.413,-0.185,-0.129,-0.182,-0.224,1.0,0.634,0.821
9000,y2,-0.547,-0.183,-0.233,0.44,-0.372,-0.345,0.078,0.38,0.001,-0.01,-0.541,0.089,-0.648,0.634,1.0,0.864
9000,y3,-0.629,-0.122,-0.065,0.354,-0.419,-0.165,-0.075,0.208,0.083,0.081,-0.38,-0.224,-0.411,0.821,0.864,1.0
9500,.,1.0,-0.327,-0.175,-0.24,0.448,0.496,-0.048,-0.352,-0.37,0.286,0.092,0.128,0.179,-0.715,-0.548,-0.632
9500,A1_1,-0.327,1.0,0.275,0.145,-0.046,0.08,-0.119,0.478,0.111,-0.032,0.649,-0.035,0.509,-0.002,-0.188,-0.111
9500,A1_2,-0.175,0.275,1.0,-0.297,0.265,0.069,-0.299,-0.116,0.274,0.035,0.138,0.099,0.014,0.119,-0.238,-0.058
9500,A1_3,-0.24,0.145,-0.297,1.0,-0.44,-0.484,0.148,0.344,0.094,-0.065,-0.136,0.088,0.111,0.211,0.429,0.345
9500,B1_1,0.448,-0.046,0.265,-0.44,1.0,0.524,-0.291,0.183,0.056,-0.336,0.251,0.293,-0.186,-0.271,-0.378,-0.413
9500,B1_2,0.496,0.08,0.069,-0.484,0.524,1.0,-0.115,-0.207,0.103,0.016,0.27,-0.296,0.214,-0.058,-0.344,-0.153
9500,B1_3,-0.048,-0.119,-0.299,0.148,-0.291,-0.115,1.0,-0.406,0.277,-0.099,0.043,0.188,0.057,0.272,0.09,-0.076
9500,A2_1,-0.352,0.478,-0.116,0.344,0.183,-0.207,-0.406,1.0,-0.107,-0.25,0.123,0.105,-0.222,0.02,0.369,0.209
9500,A2_2,-0.37,0.111,0.274,0.094,0.056,0.103,0.277,-0.107,1.0,-0.718,-0.202,-0.243,0.003,0.412,0.002,0.094
9500,A2_3,0.286,-0.032,0.035,-0.065,-0.336,0.016,-0.099,-0.25,-0.718,1.0,0.195,-0.035,0.103,-0.18,-0.005,0.077
9500,B2_1,0.092,0.649,0.138,-0.136,0.251,0.27,0.043,0.123,-0.202,0.195,1.0,0.06,0.614,-0.119,-0.542,-0.379
9500,B2_2,0.128,-0.035,0.099,0.088,0.293,-0.296,0.188,0.105,-0.243,-0.035,0.06,1.0,-0.326,-0.175,0.084,-0.218
9500,B2_3,0.179,0.509,0.014,0.111,-0.186,0.214,0.057,-0.222,0.003,0.103,0.614,-0.326,1.0,-0.224,-0.654,-0.416
9500,y1,-0.715,-0.002,0.119,0.211,-0.271,-0.058,0.272,0.02,0.412,-0.18,-0.119,-0.175,-0.224,1.0,0.634,0.821
9500,y2,-0.548,-0.188,-0.238,0.429,-0.378,-0.344,0.09,0.369,0.002,-0.005,-0.542,0.084,-0.654,0.634,1.0,0.863
9500,y3,-0.632,-0.111,-0.058,0.345,-0.413,-0.153,-0.076,0.209,0.094,0.077,-0.379,-0.218,-0.416,0.821,0.863,1.0
10000,.,1.0,-0.331,-0.168,-0.242,0.451,0.496,-0.049,-0.358,-0.364,0.278,0.087,0.13,0.177,-0.715,-0.549,-0.636
10000,A1_1,-0.331,1.0,0.276,0.146,-0.046,0.08,-0.12,0.48,0.113,-0.028,0.649,-0.036,0.509,0.011,-0.184,-0.105
10000,A1_2,-0.168,0.276,1.0,-0.294,0.265,0.072,-0.3,-0.114,0.275,0.038,0.141,0.1,0.018,0.115,-0.233,-0.057
10000,A1_3,-0.242,0.146,-0.294,1.0,-0.442,-0.485,0.146,0.346,0.096,-0.06,-0.137,0.087,0.111,0.221,0.419,0.346
10000,B1_1,0.451,-0.046,0.265,-0.442,1.0,0.523,-0.291,0.179,0.054,-0.338,0.253,0.294,-0.183,-0.267,-0.377,-0.417
10000,B1_2,0.496,0.08,0.072,-0.485,0.523,1.0,-0.115,-0.211,0.103,0.013,0.271,-0.295,0.217,-0.055,-0.337,-0.155
10000,B1_3,-0.049,-0.12,-0.3,0.146,-0.291,-0.115,1.0,-0.407,0.275,-0.099,0.043,0.189,0.057,0.273,0.088,-0.079
10000,A2_1,-0.358,0.48,-0.114,0.346,0.179,-0.211,-0.407,1.0,-0.106,-0.248,0.122,0.101,-0.222,0.031,0.367,0.212
10000,A2_2,-0.364,0.113,0.275,0.096,0.054,0.103,0.275,-0.106,1.0,-0.714,-0.202,-0.242,0.006,0.412,0.005,0.098
10000,A2_3,0.278,-0.028,0.038,-0.06,-0.338,0.013,-0.099,-0.248,-0.714,1.0,0.196,-0.036,0.103,-0.181,0.003,0.079
10000,B2_1,0.087,0.649,0.141,-0.137,0.253,0.271,0.043,0.122,-0.202,0.196,1.0,0.062,0.614,-0.106,-0.541,-0.38
10000,B2_2,0.13,-0.036,0.1,0.087,0.294,-0.295,0.189,0.101,-0.242,-0.036,0.062,1.0,-0.321,-0.168,0.078,-0.219
10000,B2_3,0.177,0.509,0.018,0.111,-0.183,0.217,0.057,-0.222,0.006,0.103,0.614,-0.321,1.0,-0.217,-0.66,-0.418
10000,y1,-0.715,0.011,0.115,0.221,-0.267,-0.055,0.273,0.031,0.412,-0.181,-0.106,-0.168,-0.217,1.0,0.633,0.816
10000,y2,-0.549,-0.184,-0.233,0.419,-0.377,-0.337,0.088,0.367,0.005,0.003,-0.541,0.078,-0.66,0.633,1.0,0.865
10000,y3,-0.636,-0.105,-0.057,0.346,-0.417,-0.155,-0.079,0.212,0.098,0.079,-0.38,-0.219,-0.418,0.816,0.865,1.0
