,,.,A1_1,A1_2,A1_3,B1_1,B1_2,B1_3,A2_1,A2_2,A2_3,B2_1,B2_2,B2_3,y1,y2,y3
0,.,1.0,0.315,0.186,0.061,0.172,0.339,0.166,0.878,0.704,0.337,0.537,0.78,0.759,0.928,0.913,0.927
0,A1_1,0.315,1.0,0.93,0.784,0.78,0.891,0.692,0.453,0.751,0.858,0.819,0.747,0.608,0.262,0.392,0.376
0,A1_2,0.186,0.93,1.0,0.896,0.861,0.898,0.791,0.335,0.717,0.922,0.819,0.611,0.509,0.146,0.287,0.244
0,A1_3,0.061,0.784,0.896,1.0,0.947,0.845,0.936,0.133,0.673,0.884,0.767,0.466,0.524,-0.05,0.111,0.069
0,B1_1,0.172,0.78,0.861,0.947,1.0,0.903,0.967,0.268,0.771,0.856,0.831,0.584,0.597,0.049,0.264,0.192
0,B1_2,0.339,0.891,0.898,0.845,0.903,1.0,0.866,0.46,0.835,0.915,0.903,0.766,0.685,0.235,0.418,0.369
0,B1_3,0.166,0.692,0.791,0.936,0.967,0.866,1.0,0.227,0.754,0.836,0.76,0.52,0.577,0.014,0.179,0.132
0,A2_1,0.878,0.453,0.335,0.133,0.268,0.46,0.227,1.0,0.77,0.447,0.608,0.842,0.689,0.902,0.792,0.76
0,A2_2,0.704,0.751,0.717,0.673,0.771,0.835,0.754,0.77,1.0,0.784,0.88,0.894,0.824,0.593,0.659,0.609
0,A2_3,0.337,0.858,0.922,0.884,0.856,0.915,0.836,0.447,0.784,1.0,0.894,0.659,0.61,0.231,0.374,0.326
0,B2_1,0.537,0.819,0.819,0.767,0.831,0.903,0.76,0.608,0.88,0.894,1.0,0.795,0.768,0.405,0.612,0.528
0,B2_2,0.78,0.747,0.611,0.466,0.584,0.766,0.52,0.842,0.894,0.659,0.795,1.0,0.891,0.754,0.791,0.776
0,B2_3,0.759,0.608,0.509,0.524,0.597,0.685,0.577,0.689,0.824,0.61,0.768,0.891,1.0,0.696,0.732,0.747
0,y1,0.928,0.262,0.146,-0.05,0.049,0.235,0.014,0.902,0.593,0.231,0.405,0.754,0.696,1.0,0.855,0.88
0,y2,0.913,0.392,0.287,0.111,0.264,0.418,0.179,0.792,0.659,0.374,0.612,0.791,0.732,0.855,1.0,0.976
0,y3,0.927,0.376,0.244,0.069,0.192,0.369,0.132,0.76,0.609,0.326,0.528,0.776,0.747,0.88,0.976,1.0
1,.,1.0,0.335,0.227,0.113,0.214,0.367,0.216,0.878,0.714,0.386,0.554,0.803,0.768,0.928,0.913,0.926
1,A1_1,0.335,1.0,0.937,0.802,0.793,0.897,0.71,0.468,0.765,0.863,0.824,0.735,0.617,0.286,0.412,0.395
1,A1_2,0.227,0.937,1.0,0.901,0.867,0.909,0.8,0.369,0.74,0.925,0.834,0.617,0.535,0.187,0.328,0.284
1,A1_3,0.113,0.802,0.901,1.0,0.948,0.86,0.937,0.174,0.701,0.883,0.791,0.478,0.56,0.002,0.161,0.118
1,B1_1,0.214,0.793,0.867,0.948,1.0,0.91,0.969,0.298,0.789,0.851,0.845,0.59,0.631,0.095,0.303,0.233
1,B1_2,0.367,0.897,0.909,0.86,0.91,1.0,0.878,0.477,0.846,0.918,0.904,0.759,0.702,0.269,0.439,0.393
1,B1_3,0.216,0.71,0.8,0.937,0.969,0.878,1.0,0.263,0.776,0.833,0.781,0.536,0.62,0.067,0.224,0.179
1,A2_1,0.878,0.468,0.369,0.174,0.298,0.477,0.263,1.0,0.774,0.483,0.612,0.857,0.694,0.907,0.791,0.762
1,A2_2,0.714,0.765,0.74,0.701,0.789,0.846,0.776,0.774,1.0,0.8,0.887,0.895,0.84,0.609,0.67,0.621
1,A2_3,0.386,0.863,0.925,0.883,0.851,0.918,0.833,0.483,0.8,1.0,0.9,0.671,0.639,0.289,0.419,0.375
1,B2_1,0.554,0.824,0.834,0.791,0.845,0.904,0.781,0.612,0.887,0.9,1.0,0.786,0.776,0.424,0.627,0.544
1,B2_2,0.803,0.735,0.617,0.478,0.59,0.759,0.536,0.857,0.895,0.671,0.786,1.0,0.891,0.785,0.808,0.796
1,B2_3,0.768,0.617,0.535,0.56,0.631,0.702,0.62,0.694,0.84,0.639,0.776,0.891,1.0,0.706,0.737,0.753
1,y1,0.928,0.286,0.187,0.002,0.095,0.269,0.067,0.907,0.609,0.289,0.424,0.785,0.706,1.0,0.854,0.881
1,y2,0.913,0.412,0.328,0.161,0.303,0.439,0.224,0.791,0.67,0.419,0.627,0.808,0.737,0.854,1.0,0.976
1,y3,0.926,0.395,0.284,0.118,0.233,0.393,0.179,0.762,0.621,0.375,0.544,0.796,0.753,0.881,0.976,1.0
2,.,1.0,0.352,0.263,0.157,0.251,0.392,0.261,0.879,0.718,0.426,0.563,0.821,0.777,0.929,0.912,0.926
2,A1_1,0.352,1.0,0.942,0.816,0.803,0.901,0.725,0.48,0.779,0.864,0.828,0.723,0.625,0.307,0.429,0.409
2,A1_2,0.263,0.942,1.0,0.905,0.871,0.918,0.807,0.4,0.763,0.927,0.846,0.623,0.558,0.225,0.363,0.317
2,A1_3,0.157,0.816,0.905,1.0,0.95,0.871,0.938,0.21,0.73,0.883,0.813,0.487,0.589,0.049,0.204,0.16
2,B1_1,0.251,0.803,0.871,0.95,1.0,0.915,0.97,0.324,0.809,0.846,0.858,0.596,0.659,0.137,0.337,0.267
2,B1_2,0.392,0.901,0.918,0.871,0.915,1.0,0.888,0.492,0.857,0.92,0.906,0.754,0.716,0.301,0.458,0.414
2,B1_3,0.261,0.725,0.807,0.938,0.97,0.888,1.0,0.296,0.802,0.831,0.802,0.551,0.657,0.118,0.265,0.221
2,A2_1,0.879,0.48,0.4,0.21,0.324,0.492,0.296,1.0,0.773,0.512,0.611,0.87,0.699,0.913,0.79,0.765
2,A2_2,0.718,0.779,0.763,0.73,0.809,0.857,0.802,0.773,1.0,0.814,0.891,0.891,0.851,0.619,0.675,0.627
2,A2_3,0.426,0.864,0.927,0.883,0.846,0.92,0.831,0.512,0.814,1.0,0.903,0.679,0.66,0.339,0.454,0.414
2,B2_1,0.563,0.828,0.846,0.813,0.858,0.906,0.802,0.611,0.891,0.903,1.0,0.774,0.781,0.436,0.635,0.552
2,B2_2,0.821,0.723,0.623,0.487,0.596,0.754,0.551,0.87,0.891,0.679,0.774,1.0,0.891,0.811,0.821,0.812
2,B2_3,0.777,0.625,0.558,0.589,0.659,0.716,0.657,0.699,0.851,0.66,0.781,0.891,1.0,0.716,0.742,0.758
2,y1,0.929,0.307,0.225,0.049,0.137,0.301,0.118,0.913,0.619,0.339,0.436,0.811,0.716,1.0,0.853,0.883
2,y2,0.912,0.429,0.363,0.204,0.337,0.458,0.265,0.79,0.675,0.454,0.635,0.821,0.742,0.853,1.0,0.976
2,y3,0.926,0.409,0.317,0.16,0.267,0.414,0.221,0.765,0.627,0.414,0.552,0.812,0.758,0.883,0.976,1.0
3,.,1.0,0.361,0.291,0.189,0.28,0.408,0.297,0.879,0.716,0.452,0.564,0.834,0.784,0.93,0.91,0.926
3,A1_1,0.361,1.0,0.947,0.827,0.811,0.904,0.738,0.488,0.79,0.864,0.831,0.713,0.629,0.323,0.438,0.416
3,A1_2,0.291,0.947,1.0,0.908,0.875,0.925,0.813,0.425,0.783,0.929,0.856,0.629,0.574,0.257,0.389,0.342
3,A1_3,0.189,0.827,0.908,1.0,0.95,0.88,0.938,0.238,0.755,0.884,0.832,0.496,0.609,0.087,0.235,0.189
3,B1_1,0.28,0.811,0.875,0.95,1.0,0.919,0.97,0.346,0.827,0.843,0.87,0.603,0.68,0.173,0.362,0.293
3,B1_2,0.408,0.904,0.925,0.88,0.919,1.0,0.895,0.504,0.867,0.921,0.907,0.75,0.725,0.327,0.469,0.427
3,B1_3,0.297,0.738,0.813,0.938,0.97,0.895,1.0,0.324,0.825,0.831,0.818,0.565,0.685,0.161,0.296,0.253
3,A2_1,0.879,0.488,0.425,0.238,0.346,0.504,0.324,1.0,0.768,0.532,0.605,0.879,0.704,0.917,0.79,0.768
3,A2_2,0.716,0.79,0.783,0.755,0.827,0.867,0.825,0.768,1.0,0.823,0.892,0.886,0.859,0.623,0.673,0.626
3,A2_3,0.452,0.864,0.929,0.884,0.843,0.921,0.831,0.532,0.823,1.0,0.904,0.685,0.672,0.376,0.475,0.438
3,B2_1,0.564,0.831,0.856,0.832,0.87,0.907,0.818,0.605,0.892,0.904,1.0,0.763,0.783,0.441,0.637,0.553
3,B2_2,0.834,0.713,0.629,0.496,0.603,0.75,0.565,0.879,0.886,0.685,0.763,1.0,0.891,0.829,0.83,0.822
3,B2_3,0.784,0.629,0.574,0.609,0.68,0.725,0.685,0.704,0.859,0.672,0.783,0.891,1.0,0.725,0.745,0.761
3,y1,0.93,0.323,0.257,0.087,0.173,0.327,0.161,0.917,0.623,0.376,0.441,0.829,0.725,1.0,0.853,0.886
3,y2,0.91,0.438,0.389,0.235,0.362,0.469,0.296,0.79,0.673,0.475,0.637,0.83,0.745,0.853,1.0,0.975
3,y3,0.926,0.416,0.342,0.189,0.293,0.427,0.253,0.768,0.626,0.438,0.553,0.822,0.761,0.886,0.975,1.0
4,.,1.0,0.385,0.329,0.238,0.322,0.442,0.342,0.882,0.715,0.49,0.572,0.848,0.794,0.933,0.91,0.927
4,A1_1,0.385,1.0,0.95,0.841,0.823,0.908,0.753,0.509,0.808,0.867,0.839,0.711,0.643,0.351,0.46,0.434
4,A1_2,0.329,0.95,1.0,0.913,0.881,0.931,0.821,0.46,0.809,0.932,0.869,0.64,0.598,0.3,0.425,0.376
4,A1_3,0.238,0.841,0.913,1.0,0.952,0.889,0.94,0.283,0.79,0.886,0.854,0.514,0.636,0.142,0.283,0.233
4,B1_1,0.322,0.823,0.881,0.952,1.0,0.924,0.971,0.381,0.851,0.842,0.886,0.617,0.708,0.225,0.402,0.333
4,B1_2,0.442,0.908,0.931,0.889,0.924,1.0,0.901,0.531,0.883,0.922,0.913,0.755,0.746,0.371,0.498,0.457
4,B1_3,0.342,0.753,0.821,0.94,0.971,0.901,1.0,0.362,0.851,0.832,0.838,0.583,0.717,0.216,0.338,0.294
4,A2_1,0.882,0.509,0.46,0.283,0.381,0.531,0.362,1.0,0.765,0.565,0.607,0.891,0.716,0.923,0.794,0.777
4,A2_2,0.715,0.808,0.809,0.79,0.851,0.883,0.851,0.765,1.0,0.839,0.896,0.879,0.867,0.63,0.675,0.628
4,A2_3,0.49,0.867,0.932,0.886,0.842,0.922,0.832,0.565,0.839,1.0,0.906,0.696,0.69,0.426,0.509,0.474
4,B2_1,0.572,0.839,0.869,0.854,0.886,0.913,0.838,0.607,0.896,0.906,1.0,0.754,0.789,0.455,0.645,0.56
4,B2_2,0.848,0.711,0.64,0.514,0.617,0.755,0.583,0.891,0.879,0.696,0.754,1.0,0.893,0.851,0.839,0.835
4,B2_3,0.794,0.643,0.598,0.636,0.708,0.746,0.717,0.716,0.867,0.69,0.789,0.893,1.0,0.739,0.752,0.767
4,y1,0.933,0.351,0.3,0.142,0.225,0.371,0.216,0.923,0.63,0.426,0.455,0.851,0.739,1.0,0.854,0.891
4,y2,0.91,0.46,0.425,0.283,0.402,0.498,0.338,0.794,0.675,0.509,0.645,0.839,0.752,0.854,1.0,0.974
4,y3,0.927,0.434,0.376,0.233,0.333,0.457,0.294,0.777,0.628,0.474,0.56,0.835,0.767,0.891,0.974,1.0
5,.,1.0,0.397,0.354,0.269,0.348,0.462,0.374,0.885,0.712,0.512,0.571,0.857,0.8,0.935,0.909,0.927
5,A1_1,0.397,1.0,0.952,0.849,0.83,0.91,0.762,0.519,0.819,0.866,0.843,0.705,0.649,0.367,0.474,0.444
5,A1_2,0.354,0.952,1.0,0.915,0.884,0.934,0.825,0.483,0.825,0.933,0.875,0.646,0.612,0.33,0.449,0.398
5,A1_3,0.269,0.849,0.915,1.0,0.953,0.894,0.941,0.31,0.813,0.886,0.87,0.522,0.654,0.179,0.314,0.261
5,B1_1,0.348,0.83,0.884,0.953,1.0,0.927,0.971,0.402,0.868,0.841,0.896,0.623,0.725,0.258,0.428,0.357
5,B1_2,0.462,0.91,0.934,0.894,0.927,1.0,0.906,0.547,0.893,0.923,0.915,0.755,0.758,0.399,0.515,0.474
5,B1_3,0.374,0.762,0.825,0.941,0.971,0.906,1.0,0.387,0.87,0.832,0.852,0.594,0.739,0.256,0.368,0.324
5,A2_1,0.885,0.519,0.483,0.31,0.402,0.547,0.387,1.0,0.759,0.584,0.603,0.899,0.723,0.927,0.798,0.784
5,A2_2,0.712,0.819,0.825,0.813,0.868,0.893,0.87,0.759,1.0,0.847,0.897,0.87,0.872,0.632,0.674,0.627
5,A2_3,0.512,0.866,0.933,0.886,0.841,0.923,0.832,0.584,0.847,1.0,0.905,0.701,0.7,0.458,0.529,0.497
5,B2_1,0.571,0.843,0.875,0.87,0.896,0.915,0.852,0.603,0.897,0.905,1.0,0.742,0.79,0.459,0.648,0.56
5,B2_2,0.857,0.705,0.646,0.522,0.623,0.755,0.594,0.899,0.87,0.701,0.742,1.0,0.893,0.866,0.847,0.844
5,B2_3,0.8,0.649,0.612,0.654,0.725,0.758,0.739,0.723,0.872,0.7,0.79,0.893,1.0,0.749,0.756,0.77
5,y1,0.935,0.367,0.33,0.179,0.258,0.399,0.256,0.927,0.632,0.458,0.459,0.866,0.749,1.0,0.854,0.894
5,y2,0.909,0.474,0.449,0.314,0.428,0.515,0.368,0.798,0.674,0.529,0.648,0.847,0.756,0.854,1.0,0.973
5,y3,0.927,0.444,0.398,0.261,0.357,0.474,0.324,0.784,0.627,0.497,0.56,0.844,0.77,0.894,0.973,1.0
6,.,1.0,0.406,0.373,0.292,0.369,0.476,0.399,0.887,0.71,0.527,0.571,0.864,0.805,0.937,0.908,0.928
6,A1_1,0.406,1.0,0.955,0.856,0.835,0.912,0.769,0.528,0.827,0.866,0.846,0.701,0.653,0.381,0.482,0.45
6,A1_2,0.373,0.955,1.0,0.917,0.886,0.939,0.829,0.502,0.837,0.935,0.881,0.653,0.624,0.355,0.466,0.414
6,A1_3,0.292,0.856,0.917,1.0,0.954,0.9,0.941,0.331,0.829,0.887,0.882,0.531,0.667,0.209,0.335,0.28
6,B1_1,0.369,0.835,0.886,0.954,1.0,0.93,0.972,0.42,0.879,0.841,0.904,0.631,0.74,0.287,0.446,0.375
6,B1_2,0.476,0.912,0.939,0.9,0.93,1.0,0.911,0.559,0.9,0.925,0.917,0.756,0.767,0.421,0.524,0.485
6,B1_3,0.399,0.769,0.829,0.941,0.972,0.911,1.0,0.408,0.884,0.833,0.862,0.606,0.757,0.289,0.389,0.346
6,A2_1,0.887,0.528,0.502,0.331,0.42,0.559,0.408,1.0,0.756,0.597,0.6,0.905,0.729,0.93,0.8,0.789
6,A2_2,0.71,0.827,0.837,0.829,0.879,0.9,0.884,0.756,1.0,0.853,0.898,0.865,0.877,0.637,0.673,0.626
6,A2_3,0.527,0.866,0.935,0.887,0.841,0.925,0.833,0.597,0.853,1.0,0.904,0.705,0.708,0.483,0.541,0.511
6,B2_1,0.571,0.846,0.881,0.882,0.904,0.917,0.862,0.6,0.898,0.904,1.0,0.735,0.792,0.465,0.648,0.56
6,B2_2,0.864,0.701,0.653,0.531,0.631,0.756,0.606,0.905,0.865,0.705,0.735,1.0,0.894,0.876,0.849,0.848
6,B2_3,0.805,0.653,0.624,0.667,0.74,0.767,0.757,0.729,0.877,0.708,0.792,0.894,1.0,0.757,0.758,0.772
6,y1,0.937,0.381,0.355,0.209,0.287,0.421,0.289,0.93,0.637,0.483,0.465,0.876,0.757,1.0,0.855,0.898
6,y2,0.908,0.482,0.466,0.335,0.446,0.524,0.389,0.8,0.673,0.541,0.648,0.849,0.758,0.855,1.0,0.972
6,y3,0.928,0.45,0.414,0.28,0.375,0.485,0.346,0.789,0.626,0.511,0.56,0.848,0.772,0.898,0.972,1.0
7,.,1.0,0.417,0.392,0.317,0.389,0.492,0.422,0.892,0.712,0.545,0.575,0.87,0.809,0.94,0.909,0.929
7,A1_1,0.417,1.0,0.956,0.863,0.841,0.914,0.776,0.54,0.835,0.866,0.85,0.699,0.661,0.396,0.495,0.46
7,A1_2,0.392,0.956,1.0,0.919,0.888,0.941,0.832,0.521,0.847,0.937,0.886,0.659,0.637,0.379,0.486,0.432
7,A1_3,0.317,0.863,0.919,1.0,0.954,0.904,0.941,0.357,0.844,0.889,0.892,0.541,0.682,0.24,0.362,0.304
7,B1_1,0.389,0.841,0.888,0.954,1.0,0.932,0.972,0.439,0.889,0.84,0.91,0.639,0.754,0.314,0.467,0.395
7,B1_2,0.492,0.914,0.941,0.904,0.932,1.0,0.914,0.574,0.907,0.924,0.918,0.758,0.778,0.445,0.54,0.5
7,B1_3,0.422,0.776,0.832,0.941,0.972,0.914,1.0,0.43,0.895,0.833,0.87,0.615,0.774,0.32,0.414,0.369
7,A2_1,0.892,0.54,0.521,0.357,0.439,0.574,0.43,1.0,0.756,0.614,0.603,0.912,0.737,0.933,0.807,0.798
7,A2_2,0.712,0.835,0.847,0.844,0.889,0.907,0.895,0.756,1.0,0.858,0.901,0.86,0.882,0.643,0.679,0.631
7,A2_3,0.545,0.866,0.937,0.889,0.84,0.924,0.833,0.614,0.858,1.0,0.904,0.71,0.715,0.507,0.559,0.529
7,B2_1,0.575,0.85,0.886,0.892,0.91,0.918,0.87,0.603,0.901,0.904,1.0,0.73,0.795,0.473,0.654,0.564
7,B2_2,0.87,0.699,0.659,0.541,0.639,0.758,0.615,0.912,0.86,0.71,0.73,1.0,0.894,0.886,0.856,0.855
7,B2_3,0.809,0.661,0.637,0.682,0.754,0.778,0.774,0.737,0.882,0.715,0.795,0.894,1.0,0.765,0.763,0.774
7,y1,0.94,0.396,0.379,0.24,0.314,0.445,0.32,0.933,0.643,0.507,0.473,0.886,0.765,1.0,0.857,0.901
7,y2,0.909,0.495,0.486,0.362,0.467,0.54,0.414,0.807,0.679,0.559,0.654,0.856,0.763,0.857,1.0,0.972
7,y3,0.929,0.46,0.432,0.304,0.395,0.5,0.369,0.798,0.631,0.529,0.564,0.855,0.774,0.901,0.972,1.0
8,.,1.0,0.426,0.407,0.335,0.405,0.502,0.44,0.895,0.712,0.558,0.578,0.875,0.814,0.942,0.91,0.929
8,A1_1,0.426,1.0,0.957,0.868,0.845,0.915,0.78,0.546,0.839,0.865,0.853,0.695,0.665,0.408,0.504,0.467
8,A1_2,0.407,0.957,1.0,0.921,0.89,0.943,0.833,0.534,0.853,0.937,0.889,0.662,0.645,0.399,0.5,0.447
8,A1_3,0.335,0.868,0.921,1.0,0.953,0.907,0.94,0.374,0.855,0.889,0.9,0.546,0.691,0.266,0.383,0.323
8,B1_1,0.405,0.845,0.89,0.953,1.0,0.934,0.972,0.452,0.896,0.839,0.914,0.642,0.762,0.337,0.483,0.411
8,B1_2,0.502,0.915,0.943,0.907,0.934,1.0,0.916,0.583,0.91,0.925,0.918,0.758,0.783,0.463,0.549,0.51
8,B1_3,0.44,0.78,0.833,0.94,0.972,0.916,1.0,0.444,0.903,0.832,0.875,0.621,0.785,0.346,0.433,0.387
8,A2_1,0.895,0.546,0.534,0.374,0.452,0.583,0.444,1.0,0.755,0.627,0.603,0.917,0.743,0.936,0.811,0.804
8,A2_2,0.712,0.839,0.853,0.855,0.896,0.91,0.903,0.755,1.0,0.861,0.902,0.854,0.886,0.65,0.682,0.633
8,A2_3,0.558,0.865,0.937,0.889,0.839,0.925,0.832,0.627,0.861,1.0,0.903,0.713,0.72,0.529,0.572,0.543
8,B2_1,0.578,0.853,0.889,0.9,0.914,0.918,0.875,0.603,0.902,0.903,1.0,0.723,0.795,0.482,0.659,0.567
8,B2_2,0.875,0.695,0.662,0.546,0.642,0.758,0.621,0.917,0.854,0.713,0.723,1.0,0.895,0.896,0.86,0.861
8,B2_3,0.814,0.665,0.645,0.691,0.762,0.783,0.785,0.743,0.886,0.72,0.795,0.895,1.0,0.774,0.768,0.778
8,y1,0.942,0.408,0.399,0.266,0.337,0.463,0.346,0.936,0.65,0.529,0.482,0.896,0.774,1.0,0.858,0.905
8,y2,0.91,0.504,0.5,0.383,0.483,0.549,0.433,0.811,0.682,0.572,0.659,0.86,0.768,0.858,1.0,0.971
8,y3,0.929,0.467,0.447,0.323,0.411,0.51,0.387,0.804,0.633,0.543,0.567,0.861,0.778,0.905,0.971,1.0
9,.,1.0,0.426,0.416,0.348,0.418,0.508,0.456,0.896,0.709,0.565,0.574,0.879,0.817,0.945,0.909,0.93
9,A1_1,0.426,1.0,0.957,0.871,0.846,0.915,0.781,0.547,0.841,0.862,0.853,0.687,0.663,0.413,0.507,0.468
9,A1_2,0.416,0.957,1.0,0.921,0.89,0.945,0.833,0.544,0.859,0.937,0.89,0.664,0.649,0.414,0.51,0.457
9,A1_3,0.348,0.871,0.921,1.0,0.953,0.911,0.939,0.385,0.864,0.888,0.907,0.548,0.697,0.286,0.396,0.336
9,B1_1,0.418,0.846,0.89,0.953,1.0,0.936,0.972,0.462,0.904,0.838,0.917,0.645,0.77,0.357,0.495,0.423
9,B1_2,0.508,0.915,0.945,0.911,0.936,1.0,0.918,0.588,0.914,0.926,0.918,0.755,0.786,0.476,0.553,0.515
9,B1_3,0.456,0.781,0.833,0.939,0.972,0.918,1.0,0.455,0.912,0.831,0.88,0.625,0.794,0.368,0.447,0.402
9,A2_1,0.896,0.547,0.544,0.385,0.462,0.588,0.455,1.0,0.749,0.634,0.596,0.921,0.747,0.937,0.815,0.809
9,A2_2,0.709,0.841,0.859,0.864,0.904,0.914,0.912,0.749,1.0,0.863,0.901,0.847,0.888,0.652,0.68,0.633
9,A2_3,0.565,0.862,0.937,0.888,0.838,0.926,0.831,0.634,0.863,1.0,0.901,0.714,0.722,0.544,0.578,0.553
9,B2_1,0.574,0.853,0.89,0.907,0.917,0.918,0.88,0.596,0.901,0.901,1.0,0.713,0.793,0.483,0.658,0.565
9,B2_2,0.879,0.687,0.664,0.548,0.645,0.755,0.625,0.921,0.847,0.714,0.713,1.0,0.893,0.903,0.863,0.866
9,B2_3,0.817,0.663,0.649,0.697,0.77,0.786,0.794,0.747,0.888,0.722,0.793,0.893,1.0,0.782,0.771,0.781
9,y1,0.945,0.413,0.414,0.286,0.357,0.476,0.368,0.937,0.652,0.544,0.483,0.903,0.782,1.0,0.86,0.908
9,y2,0.909,0.507,0.51,0.396,0.495,0.553,0.447,0.815,0.68,0.578,0.658,0.863,0.771,0.86,1.0,0.97
9,y3,0.93,0.468,0.457,0.336,0.423,0.515,0.402,0.809,0.633,0.553,0.565,0.866,0.781,0.908,0.97,1.0
10,.,1.0,0.432,0.427,0.362,0.428,0.515,0.469,0.899,0.713,0.574,0.578,0.882,0.821,0.947,0.909,0.931
10,A1_1,0.432,1.0,0.958,0.875,0.849,0.916,0.785,0.552,0.844,0.861,0.857,0.686,0.666,0.422,0.513,0.474
10,A1_2,0.427,0.958,1.0,0.922,0.891,0.948,0.835,0.555,0.862,0.938,0.893,0.669,0.656,0.429,0.52,0.468
10,A1_3,0.362,0.875,0.922,1.0,0.953,0.914,0.939,0.398,0.87,0.89,0.912,0.554,0.704,0.305,0.411,0.35
10,B1_1,0.428,0.849,0.891,0.953,1.0,0.937,0.972,0.472,0.907,0.838,0.919,0.649,0.775,0.373,0.506,0.434
10,B1_2,0.515,0.916,0.948,0.914,0.937,1.0,0.92,0.594,0.916,0.926,0.918,0.755,0.789,0.489,0.557,0.522
10,B1_3,0.469,0.785,0.835,0.939,0.972,0.92,1.0,0.466,0.916,0.831,0.884,0.631,0.802,0.387,0.46,0.416
10,A2_1,0.899,0.552,0.555,0.398,0.472,0.594,0.466,1.0,0.751,0.643,0.6,0.924,0.752,0.939,0.818,0.815
10,A2_2,0.713,0.844,0.862,0.87,0.907,0.916,0.916,0.751,1.0,0.865,0.903,0.845,0.89,0.659,0.685,0.637
10,A2_3,0.574,0.861,0.938,0.89,0.838,0.926,0.831,0.643,0.865,1.0,0.901,0.717,0.725,0.559,0.586,0.562
10,B2_1,0.578,0.857,0.893,0.912,0.919,0.918,0.884,0.6,0.903,0.901,1.0,0.712,0.794,0.492,0.662,0.57
10,B2_2,0.882,0.686,0.669,0.554,0.649,0.755,0.631,0.924,0.845,0.717,0.712,1.0,0.894,0.908,0.865,0.869
10,B2_3,0.821,0.666,0.656,0.704,0.775,0.789,0.802,0.752,0.89,0.725,0.794,0.894,1.0,0.789,0.773,0.783
10,y1,0.947,0.422,0.429,0.305,0.373,0.489,0.387,0.939,0.659,0.559,0.492,0.908,0.789,1.0,0.861,0.911
10,y2,0.909,0.513,0.52,0.411,0.506,0.557,0.46,0.818,0.685,0.586,0.662,0.865,0.773,0.861,1.0,0.969
10,y3,0.931,0.474,0.468,0.35,0.434,0.522,0.416,0.815,0.637,0.562,0.57,0.869,0.783,0.911,0.969,1.0
11,.,1.0,0.436,0.439,0.376,0.443,0.524,0.484,0.902,0.713,0.584,0.579,0.886,0.825,0.95,0.909,0.931
11,A1_1,0.436,1.0,0.958,0.879,0.851,0.916,0.786,0.555,0.846,0.859,0.858,0.68,0.667,0.43,0.519,0.479
11,A1_2,0.439,0.958,1.0,0.923,0.892,0.949,0.835,0.566,0.867,0.938,0.895,0.672,0.661,0.446,0.53,0.48
11,A1_3,0.376,0.879,0.923,1.0,0.953,0.917,0.938,0.411,0.878,0.889,0.918,0.557,0.709,0.326,0.426,0.365
11,B1_1,0.443,0.851,0.892,0.953,1.0,0.939,0.973,0.484,0.913,0.837,0.921,0.653,0.782,0.394,0.519,0.449
11,B1_2,0.524,0.916,0.949,0.917,0.939,1.0,0.922,0.601,0.919,0.927,0.918,0.753,0.793,0.504,0.564,0.53
11,B1_3,0.484,0.786,0.835,0.938,0.973,0.922,1.0,0.478,0.922,0.829,0.887,0.636,0.81,0.409,0.475,0.432
11,A2_1,0.902,0.555,0.566,0.411,0.484,0.601,0.478,1.0,0.748,0.652,0.598,0.928,0.756,0.941,0.822,0.821
11,A2_2,0.713,0.846,0.867,0.878,0.913,0.919,0.922,0.748,1.0,0.866,0.903,0.84,0.892,0.665,0.686,0.64
11,A2_3,0.584,0.859,0.938,0.889,0.837,0.927,0.829,0.652,0.866,1.0,0.899,0.72,0.727,0.576,0.594,0.574
11,B2_1,0.579,0.858,0.895,0.918,0.921,0.918,0.887,0.598,0.903,0.899,1.0,0.705,0.794,0.498,0.665,0.572
11,B2_2,0.886,0.68,0.672,0.557,0.653,0.753,0.636,0.928,0.84,0.72,0.705,1.0,0.894,0.915,0.867,0.874
11,B2_3,0.825,0.667,0.661,0.709,0.782,0.793,0.81,0.756,0.892,0.727,0.794,0.894,1.0,0.796,0.777,0.787
11,y1,0.95,0.43,0.446,0.326,0.394,0.504,0.409,0.941,0.665,0.576,0.498,0.915,0.796,1.0,0.862,0.914
11,y2,0.909,0.519,0.53,0.426,0.519,0.564,0.475,0.822,0.686,0.594,0.665,0.867,0.777,0.862,1.0,0.968
11,y3,0.931,0.479,0.48,0.365,0.449,0.53,0.432,0.821,0.64,0.574,0.572,0.874,0.787,0.914,0.968,1.0
12,.,1.0,0.443,0.45,0.391,0.455,0.532,0.497,0.905,0.717,0.595,0.585,0.89,0.828,0.951,0.91,0.932
12,A1_1,0.443,1.0,0.959,0.882,0.854,0.917,0.789,0.561,0.848,0.858,0.862,0.678,0.671,0.439,0.527,0.487
12,A1_2,0.45,0.959,1.0,0.924,0.893,0.951,0.837,0.576,0.87,0.939,0.897,0.675,0.667,0.46,0.542,0.492
12,A1_3,0.391,0.882,0.924,1.0,0.953,0.92,0.938,0.425,0.884,0.889,0.922,0.562,0.717,0.346,0.443,0.382
12,B1_1,0.455,0.854,0.893,0.953,1.0,0.941,0.973,0.494,0.916,0.836,0.922,0.657,0.788,0.411,0.531,0.462
12,B1_2,0.532,0.917,0.951,0.92,0.941,1.0,0.924,0.608,0.921,0.926,0.919,0.753,0.797,0.517,0.571,0.539
12,B1_3,0.497,0.789,0.837,0.938,0.973,0.924,1.0,0.489,0.926,0.828,0.89,0.64,0.817,0.427,0.49,0.446
12,A2_1,0.905,0.561,0.576,0.425,0.494,0.608,0.489,1.0,0.75,0.664,0.604,0.931,0.759,0.942,0.826,0.826
12,A2_2,0.717,0.848,0.87,0.884,0.916,0.921,0.926,0.75,1.0,0.868,0.905,0.836,0.894,0.671,0.692,0.646
12,A2_3,0.595,0.858,0.939,0.889,0.836,0.926,0.828,0.664,0.868,1.0,0.898,0.723,0.73,0.591,0.605,0.587
12,B2_1,0.585,0.862,0.897,0.922,0.922,0.919,0.89,0.604,0.905,0.898,1.0,0.703,0.795,0.508,0.672,0.579
12,B2_2,0.89,0.678,0.675,0.562,0.657,0.753,0.64,0.931,0.836,0.723,0.703,1.0,0.894,0.921,0.869,0.878
12,B2_3,0.828,0.671,0.667,0.717,0.788,0.797,0.817,0.759,0.894,0.73,0.795,0.894,1.0,0.802,0.78,0.79
12,y1,0.951,0.439,0.46,0.346,0.411,0.517,0.427,0.942,0.671,0.591,0.508,0.921,0.802,1.0,0.863,0.916
12,y2,0.91,0.527,0.542,0.443,0.531,0.571,0.49,0.826,0.692,0.605,0.672,0.869,0.78,0.863,1.0,0.968
12,y3,0.932,0.487,0.492,0.382,0.462,0.539,0.446,0.826,0.646,0.587,0.579,0.878,0.79,0.916,0.968,1.0
13,.,1.0,0.445,0.458,0.401,0.464,0.536,0.508,0.906,0.717,0.601,0.586,0.892,0.83,0.953,0.91,0.933
13,A1_1,0.445,1.0,0.958,0.885,0.855,0.916,0.79,0.562,0.849,0.856,0.863,0.673,0.671,0.443,0.531,0.49
13,A1_2,0.458,0.958,1.0,0.925,0.894,0.952,0.837,0.584,0.873,0.939,0.898,0.677,0.671,0.471,0.549,0.501
13,A1_3,0.401,0.885,0.925,1.0,0.953,0.922,0.937,0.435,0.889,0.889,0.927,0.564,0.72,0.36,0.455,0.393
13,B1_1,0.464,0.855,0.894,0.953,1.0,0.942,0.973,0.502,0.919,0.835,0.923,0.659,0.793,0.424,0.541,0.472
13,B1_2,0.536,0.916,0.952,0.922,0.942,1.0,0.925,0.612,0.923,0.926,0.918,0.751,0.799,0.525,0.574,0.545
13,B1_3,0.508,0.79,0.837,0.937,0.973,0.925,1.0,0.498,0.93,0.827,0.892,0.643,0.823,0.443,0.501,0.459
13,A2_1,0.906,0.562,0.584,0.435,0.502,0.612,0.498,1.0,0.749,0.671,0.603,0.933,0.762,0.944,0.829,0.831
13,A2_2,0.717,0.849,0.873,0.889,0.919,0.923,0.93,0.749,1.0,0.868,0.906,0.832,0.896,0.676,0.694,0.649
13,A2_3,0.601,0.856,0.939,0.889,0.835,0.926,0.827,0.671,0.868,1.0,0.897,0.725,0.731,0.602,0.611,0.595
13,B2_1,0.586,0.863,0.898,0.927,0.923,0.918,0.892,0.603,0.906,0.897,1.0,0.698,0.795,0.512,0.674,0.582
13,B2_2,0.892,0.673,0.677,0.564,0.659,0.751,0.643,0.933,0.832,0.725,0.698,1.0,0.893,0.925,0.871,0.882
13,B2_3,0.83,0.671,0.671,0.72,0.793,0.799,0.823,0.762,0.896,0.731,0.795,0.893,1.0,0.807,0.782,0.792
13,y1,0.953,0.443,0.471,0.36,0.424,0.525,0.443,0.944,0.676,0.602,0.512,0.925,0.807,1.0,0.864,0.918
13,y2,0.91,0.531,0.549,0.455,0.541,0.574,0.501,0.829,0.694,0.611,0.674,0.871,0.782,0.864,1.0,0.967
13,y3,0.933,0.49,0.501,0.393,0.472,0.545,0.459,0.831,0.649,0.595,0.582,0.882,0.792,0.918,0.967,1.0
14,.,1.0,0.447,0.464,0.408,0.469,0.538,0.515,0.909,0.72,0.606,0.588,0.893,0.831,0.955,0.911,0.934
14,A1_1,0.447,1.0,0.959,0.888,0.857,0.917,0.792,0.565,0.851,0.856,0.867,0.672,0.674,0.447,0.535,0.493
14,A1_2,0.464,0.959,1.0,0.926,0.895,0.953,0.838,0.591,0.874,0.939,0.901,0.68,0.675,0.479,0.556,0.508
14,A1_3,0.408,0.888,0.926,1.0,0.952,0.924,0.936,0.444,0.891,0.889,0.929,0.568,0.724,0.371,0.465,0.402
14,B1_1,0.469,0.857,0.895,0.952,1.0,0.943,0.973,0.509,0.92,0.834,0.924,0.662,0.797,0.433,0.547,0.478
14,B1_2,0.538,0.917,0.953,0.924,0.943,1.0,0.926,0.615,0.923,0.925,0.919,0.751,0.801,0.531,0.577,0.548
14,B1_3,0.515,0.792,0.838,0.936,0.973,0.926,1.0,0.505,0.931,0.826,0.893,0.647,0.828,0.454,0.511,0.468
14,A2_1,0.909,0.565,0.591,0.444,0.509,0.615,0.505,1.0,0.751,0.677,0.608,0.935,0.765,0.945,0.833,0.835
14,A2_2,0.72,0.851,0.874,0.891,0.92,0.923,0.931,0.751,1.0,0.869,0.907,0.832,0.898,0.681,0.699,0.653
14,A2_3,0.606,0.856,0.939,0.889,0.834,0.925,0.826,0.677,0.869,1.0,0.898,0.727,0.732,0.61,0.617,0.602
14,B2_1,0.588,0.867,0.901,0.929,0.924,0.919,0.893,0.608,0.907,0.898,1.0,0.699,0.795,0.518,0.679,0.586
14,B2_2,0.893,0.672,0.68,0.568,0.662,0.751,0.647,0.935,0.832,0.727,0.699,1.0,0.894,0.927,0.872,0.884
14,B2_3,0.831,0.674,0.675,0.724,0.797,0.801,0.828,0.765,0.898,0.732,0.795,0.894,1.0,0.81,0.785,0.794
14,y1,0.955,0.447,0.479,0.371,0.433,0.531,0.454,0.945,0.681,0.61,0.518,0.927,0.81,1.0,0.864,0.919
14,y2,0.911,0.535,0.556,0.465,0.547,0.577,0.511,0.833,0.699,0.617,0.679,0.872,0.785,0.864,1.0,0.967
14,y3,0.934,0.493,0.508,0.402,0.478,0.548,0.468,0.835,0.653,0.602,0.586,0.884,0.794,0.919,0.967,1.0
15,.,1.0,0.449,0.468,0.415,0.472,0.538,0.52,0.911,0.723,0.609,0.591,0.894,0.831,0.956,0.912,0.935
15,A1_1,0.449,1.0,0.96,0.891,0.859,0.919,0.794,0.569,0.851,0.857,0.87,0.674,0.676,0.45,0.538,0.494
15,A1_2,0.468,0.96,1.0,0.927,0.895,0.955,0.839,0.598,0.876,0.94,0.903,0.685,0.679,0.485,0.561,0.512
15,A1_3,0.415,0.891,0.927,1.0,0.952,0.927,0.936,0.455,0.893,0.89,0.932,0.575,0.729,0.381,0.473,0.409
15,B1_1,0.472,0.859,0.895,0.952,1.0,0.944,0.973,0.515,0.921,0.834,0.924,0.667,0.8,0.44,0.552,0.482
15,B1_2,0.538,0.919,0.955,0.927,0.944,1.0,0.927,0.618,0.923,0.925,0.92,0.752,0.803,0.535,0.578,0.548
15,B1_3,0.52,0.794,0.839,0.936,0.973,0.927,1.0,0.512,0.932,0.826,0.895,0.653,0.833,0.463,0.518,0.474
15,A2_1,0.911,0.569,0.598,0.455,0.515,0.618,0.512,1.0,0.756,0.684,0.615,0.936,0.767,0.945,0.836,0.839
15,A2_2,0.723,0.851,0.876,0.893,0.921,0.923,0.932,0.756,1.0,0.87,0.909,0.834,0.899,0.686,0.704,0.657
15,A2_3,0.609,0.857,0.94,0.89,0.834,0.925,0.826,0.684,0.87,1.0,0.899,0.73,0.733,0.615,0.622,0.605
15,B2_1,0.591,0.87,0.903,0.932,0.924,0.92,0.895,0.615,0.909,0.899,1.0,0.702,0.796,0.524,0.683,0.589
15,B2_2,0.894,0.674,0.685,0.575,0.667,0.752,0.653,0.936,0.834,0.73,0.702,1.0,0.895,0.928,0.872,0.884
15,B2_3,0.831,0.676,0.679,0.729,0.8,0.803,0.833,0.767,0.899,0.733,0.796,0.895,1.0,0.812,0.785,0.793
15,y1,0.956,0.45,0.485,0.381,0.44,0.535,0.463,0.945,0.686,0.615,0.524,0.928,0.812,1.0,0.865,0.92
15,y2,0.912,0.538,0.561,0.473,0.552,0.578,0.518,0.836,0.704,0.622,0.683,0.872,0.785,0.865,1.0,0.967
15,y3,0.935,0.494,0.512,0.409,0.482,0.548,0.474,0.839,0.657,0.605,0.589,0.884,0.793,0.92,0.967,1.0
16,.,1.0,0.448,0.471,0.417,0.474,0.536,0.522,0.913,0.723,0.611,0.591,0.894,0.83,0.957,0.913,0.936
16,A1_1,0.448,1.0,0.96,0.892,0.86,0.919,0.795,0.57,0.852,0.856,0.872,0.673,0.677,0.451,0.538,0.494
16,A1_2,0.471,0.96,1.0,0.928,0.896,0.956,0.839,0.603,0.876,0.94,0.905,0.688,0.681,0.49,0.563,0.515
16,A1_3,0.417,0.892,0.928,1.0,0.952,0.928,0.935,0.461,0.894,0.891,0.934,0.579,0.73,0.387,0.477,0.412
16,B1_1,0.474,0.86,0.896,0.952,1.0,0.945,0.973,0.519,0.921,0.833,0.924,0.67,0.801,0.445,0.553,0.484
16,B1_2,0.536,0.919,0.956,0.928,0.945,1.0,0.928,0.619,0.923,0.925,0.92,0.751,0.802,0.536,0.575,0.546
16,B1_3,0.522,0.795,0.839,0.935,0.973,0.928,1.0,0.517,0.933,0.825,0.896,0.656,0.835,0.468,0.521,0.477
16,A2_1,0.913,0.57,0.603,0.461,0.519,0.619,0.517,1.0,0.758,0.688,0.617,0.936,0.77,0.946,0.839,0.842
16,A2_2,0.723,0.852,0.876,0.894,0.921,0.923,0.933,0.758,1.0,0.87,0.91,0.835,0.9,0.689,0.705,0.659
16,A2_3,0.611,0.856,0.94,0.891,0.833,0.925,0.825,0.688,0.87,1.0,0.9,0.731,0.733,0.62,0.624,0.608
16,B2_1,0.591,0.872,0.905,0.934,0.924,0.92,0.896,0.617,0.91,0.9,1.0,0.702,0.796,0.527,0.683,0.589
16,B2_2,0.894,0.673,0.688,0.579,0.67,0.751,0.656,0.936,0.835,0.731,0.702,1.0,0.896,0.929,0.872,0.885
16,B2_3,0.83,0.677,0.681,0.73,0.801,0.802,0.835,0.77,0.9,0.733,0.796,0.896,1.0,0.814,0.786,0.794
16,y1,0.957,0.451,0.49,0.387,0.445,0.536,0.468,0.946,0.689,0.62,0.527,0.929,0.814,1.0,0.866,0.922
16,y2,0.913,0.538,0.563,0.477,0.553,0.575,0.521,0.839,0.705,0.624,0.683,0.872,0.786,0.866,1.0,0.966
16,y3,0.936,0.494,0.515,0.412,0.484,0.546,0.477,0.842,0.659,0.608,0.589,0.885,0.794,0.922,0.966,1.0
17,.,1.0,0.448,0.473,0.42,0.474,0.535,0.525,0.914,0.724,0.613,0.591,0.894,0.829,0.958,0.913,0.936
17,A1_1,0.448,1.0,0.96,0.893,0.861,0.92,0.796,0.571,0.852,0.856,0.874,0.672,0.678,0.452,0.54,0.495
17,A1_2,0.473,0.96,1.0,0.928,0.896,0.956,0.839,0.607,0.877,0.94,0.907,0.689,0.683,0.493,0.566,0.517
17,A1_3,0.42,0.893,0.928,1.0,0.951,0.929,0.934,0.464,0.895,0.89,0.936,0.58,0.731,0.391,0.482,0.415
17,B1_1,0.474,0.861,0.896,0.951,1.0,0.945,0.973,0.52,0.921,0.831,0.924,0.67,0.803,0.447,0.555,0.485
17,B1_2,0.535,0.92,0.956,0.929,0.945,1.0,0.929,0.618,0.922,0.923,0.92,0.75,0.803,0.537,0.575,0.546
17,B1_3,0.525,0.796,0.839,0.934,0.973,0.929,1.0,0.52,0.933,0.823,0.897,0.658,0.838,0.473,0.526,0.481
17,A2_1,0.914,0.571,0.607,0.464,0.52,0.618,0.52,1.0,0.759,0.691,0.62,0.937,0.77,0.946,0.841,0.844
17,A2_2,0.724,0.852,0.877,0.895,0.921,0.922,0.933,0.759,1.0,0.87,0.911,0.834,0.901,0.691,0.707,0.66
17,A2_3,0.613,0.856,0.94,0.89,0.831,0.923,0.823,0.691,0.87,1.0,0.9,0.732,0.733,0.622,0.627,0.61
17,B2_1,0.591,0.874,0.907,0.936,0.924,0.92,0.897,0.62,0.911,0.9,1.0,0.702,0.796,0.529,0.685,0.591
17,B2_2,0.894,0.672,0.689,0.58,0.67,0.75,0.658,0.937,0.834,0.732,0.702,1.0,0.896,0.929,0.873,0.886
17,B2_3,0.829,0.678,0.683,0.731,0.803,0.803,0.838,0.77,0.901,0.733,0.796,0.896,1.0,0.815,0.786,0.793
17,y1,0.958,0.452,0.493,0.391,0.447,0.537,0.473,0.946,0.691,0.622,0.529,0.929,0.815,1.0,0.867,0.923
17,y2,0.913,0.54,0.566,0.482,0.555,0.575,0.526,0.841,0.707,0.627,0.685,0.873,0.786,0.867,1.0,0.966
17,y3,0.936,0.495,0.517,0.415,0.485,0.546,0.481,0.844,0.66,0.61,0.591,0.886,0.793,0.923,0.966,1.0
18,.,1.0,0.449,0.477,0.426,0.476,0.534,0.527,0.916,0.725,0.617,0.594,0.894,0.828,0.959,0.915,0.937
18,A1_1,0.449,1.0,0.96,0.896,0.863,0.921,0.797,0.575,0.852,0.855,0.877,0.673,0.681,0.455,0.543,0.496
18,A1_2,0.477,0.96,1.0,0.929,0.897,0.957,0.84,0.613,0.878,0.94,0.91,0.693,0.687,0.498,0.57,0.521
18,A1_3,0.426,0.896,0.929,1.0,0.951,0.931,0.934,0.475,0.898,0.891,0.938,0.586,0.735,0.399,0.489,0.422
18,B1_1,0.476,0.863,0.897,0.951,1.0,0.947,0.973,0.526,0.921,0.83,0.924,0.674,0.806,0.452,0.558,0.488
18,B1_2,0.534,0.921,0.957,0.931,0.947,1.0,0.929,0.621,0.922,0.922,0.92,0.75,0.805,0.539,0.576,0.546
18,B1_3,0.527,0.797,0.84,0.934,0.973,0.929,1.0,0.526,0.934,0.822,0.898,0.661,0.841,0.479,0.531,0.484
18,A2_1,0.916,0.575,0.613,0.475,0.526,0.621,0.526,1.0,0.762,0.699,0.627,0.938,0.772,0.946,0.844,0.847
18,A2_2,0.725,0.852,0.878,0.898,0.921,0.922,0.934,0.762,1.0,0.871,0.913,0.835,0.902,0.694,0.711,0.662
18,A2_3,0.617,0.855,0.94,0.891,0.83,0.922,0.822,0.699,0.871,1.0,0.901,0.735,0.734,0.628,0.632,0.614
18,B2_1,0.594,0.877,0.91,0.938,0.924,0.92,0.898,0.627,0.913,0.901,1.0,0.705,0.797,0.534,0.688,0.593
18,B2_2,0.894,0.673,0.693,0.586,0.674,0.75,0.661,0.938,0.835,0.735,0.705,1.0,0.897,0.93,0.874,0.886
18,B2_3,0.828,0.681,0.687,0.735,0.806,0.805,0.841,0.772,0.902,0.734,0.797,0.897,1.0,0.816,0.787,0.793
18,y1,0.959,0.455,0.498,0.399,0.452,0.539,0.479,0.946,0.694,0.628,0.534,0.93,0.816,1.0,0.868,0.924
18,y2,0.915,0.543,0.57,0.489,0.558,0.576,0.531,0.844,0.711,0.632,0.688,0.874,0.787,0.868,1.0,0.966
18,y3,0.937,0.496,0.521,0.422,0.488,0.546,0.484,0.847,0.662,0.614,0.593,0.886,0.793,0.924,0.966,1.0
19,.,1.0,0.45,0.482,0.43,0.48,0.534,0.532,0.917,0.726,0.62,0.594,0.896,0.829,0.96,0.915,0.938
19,A1_1,0.45,1.0,0.96,0.897,0.863,0.92,0.797,0.575,0.852,0.854,0.879,0.67,0.68,0.457,0.544,0.497
19,A1_2,0.482,0.96,1.0,0.929,0.897,0.957,0.84,0.618,0.879,0.941,0.911,0.695,0.689,0.504,0.573,0.526
19,A1_3,0.43,0.897,0.929,1.0,0.95,0.932,0.933,0.48,0.899,0.89,0.941,0.587,0.736,0.406,0.494,0.427
19,B1_1,0.48,0.863,0.897,0.95,1.0,0.947,0.972,0.53,0.922,0.828,0.923,0.675,0.808,0.459,0.561,0.492
19,B1_2,0.534,0.92,0.957,0.932,0.947,1.0,0.93,0.622,0.922,0.921,0.92,0.748,0.804,0.542,0.575,0.546
19,B1_3,0.532,0.797,0.84,0.933,0.972,0.93,1.0,0.53,0.935,0.821,0.898,0.663,0.844,0.487,0.535,0.49
19,A2_1,0.917,0.575,0.618,0.48,0.53,0.622,0.53,1.0,0.763,0.703,0.628,0.938,0.773,0.947,0.846,0.85
19,A2_2,0.726,0.852,0.879,0.899,0.922,0.922,0.935,0.763,1.0,0.871,0.913,0.834,0.903,0.697,0.712,0.665
19,A2_3,0.62,0.854,0.941,0.89,0.828,0.921,0.821,0.703,0.871,1.0,0.901,0.736,0.733,0.634,0.634,0.619
19,B2_1,0.594,0.879,0.911,0.941,0.923,0.92,0.898,0.628,0.913,0.901,1.0,0.703,0.796,0.537,0.689,0.595
19,B2_2,0.896,0.67,0.695,0.587,0.675,0.748,0.663,0.938,0.834,0.736,0.703,1.0,0.897,0.932,0.874,0.888
19,B2_3,0.829,0.68,0.689,0.736,0.808,0.804,0.844,0.773,0.903,0.733,0.796,0.897,1.0,0.819,0.788,0.794
19,y1,0.96,0.457,0.504,0.406,0.459,0.542,0.487,0.947,0.697,0.634,0.537,0.932,0.819,1.0,0.868,0.925
19,y2,0.915,0.544,0.573,0.494,0.561,0.575,0.535,0.846,0.712,0.634,0.689,0.874,0.788,0.868,1.0,0.966
19,y3,0.938,0.497,0.526,0.427,0.492,0.546,0.49,0.85,0.665,0.619,0.595,0.888,0.794,0.925,0.966,1.0
20,.,1.0,0.449,0.483,0.432,0.48,0.531,0.533,0.918,0.727,0.622,0.595,0.897,0.829,0.96,0.916,0.939
20,A1_1,0.449,1.0,0.96,0.898,0.863,0.92,0.796,0.573,0.851,0.851,0.88,0.667,0.68,0.458,0.544,0.498
20,A1_2,0.483,0.96,1.0,0.929,0.897,0.958,0.839,0.619,0.879,0.94,0.913,0.693,0.689,0.507,0.575,0.528
20,A1_3,0.432,0.898,0.929,1.0,0.948,0.932,0.932,0.481,0.9,0.89,0.942,0.586,0.736,0.411,0.498,0.431
20,B1_1,0.48,0.863,0.897,0.948,1.0,0.948,0.972,0.529,0.922,0.825,0.922,0.673,0.807,0.461,0.561,0.493
20,B1_2,0.531,0.92,0.958,0.932,0.948,1.0,0.929,0.618,0.921,0.919,0.919,0.743,0.802,0.542,0.571,0.544
20,B1_3,0.533,0.796,0.839,0.932,0.972,0.929,1.0,0.53,0.935,0.818,0.898,0.662,0.844,0.49,0.537,0.492
20,A2_1,0.918,0.573,0.619,0.481,0.529,0.618,0.53,1.0,0.762,0.705,0.629,0.938,0.773,0.947,0.847,0.851
20,A2_2,0.727,0.851,0.879,0.9,0.922,0.921,0.935,0.762,1.0,0.871,0.914,0.831,0.902,0.699,0.713,0.666
20,A2_3,0.622,0.851,0.94,0.89,0.825,0.919,0.818,0.705,0.871,1.0,0.902,0.735,0.732,0.637,0.635,0.622
20,B2_1,0.595,0.88,0.913,0.942,0.922,0.919,0.898,0.629,0.914,0.902,1.0,0.701,0.794,0.54,0.69,0.596
20,B2_2,0.897,0.667,0.693,0.586,0.673,0.743,0.662,0.938,0.831,0.735,0.701,1.0,0.896,0.934,0.875,0.89
20,B2_3,0.829,0.68,0.689,0.736,0.807,0.802,0.844,0.773,0.902,0.732,0.794,0.896,1.0,0.82,0.789,0.795
20,y1,0.96,0.458,0.507,0.411,0.461,0.542,0.49,0.947,0.699,0.637,0.54,0.934,0.82,1.0,0.869,0.926
20,y2,0.916,0.544,0.575,0.498,0.561,0.571,0.537,0.847,0.713,0.635,0.69,0.875,0.789,0.869,1.0,0.965
20,y3,0.939,0.498,0.528,0.431,0.493,0.544,0.492,0.851,0.666,0.622,0.596,0.89,0.795,0.926,0.965,1.0
21,.,1.0,0.45,0.487,0.436,0.482,0.531,0.536,0.919,0.728,0.625,0.596,0.898,0.829,0.961,0.916,0.939
21,A1_1,0.45,1.0,0.959,0.898,0.864,0.92,0.796,0.573,0.851,0.85,0.881,0.665,0.68,0.459,0.546,0.5
21,A1_2,0.487,0.959,1.0,0.93,0.897,0.958,0.839,0.622,0.88,0.94,0.914,0.694,0.69,0.511,0.578,0.532
21,A1_3,0.436,0.898,0.93,1.0,0.948,0.933,0.931,0.485,0.901,0.89,0.944,0.586,0.738,0.416,0.503,0.437
21,B1_1,0.482,0.864,0.897,0.948,1.0,0.948,0.972,0.53,0.922,0.824,0.922,0.673,0.808,0.465,0.563,0.496
21,B1_2,0.531,0.92,0.958,0.933,0.948,1.0,0.929,0.618,0.921,0.918,0.919,0.742,0.802,0.544,0.571,0.545
21,B1_3,0.536,0.796,0.839,0.931,0.972,0.929,1.0,0.532,0.936,0.817,0.898,0.662,0.846,0.495,0.541,0.497
21,A2_1,0.919,0.573,0.622,0.485,0.53,0.618,0.532,1.0,0.762,0.709,0.631,0.939,0.773,0.948,0.849,0.854
21,A2_2,0.728,0.851,0.88,0.901,0.922,0.921,0.936,0.762,1.0,0.871,0.916,0.83,0.903,0.701,0.715,0.669
21,A2_3,0.625,0.85,0.94,0.89,0.824,0.918,0.817,0.709,0.871,1.0,0.902,0.735,0.731,0.641,0.638,0.626
21,B2_1,0.596,0.881,0.914,0.944,0.922,0.919,0.898,0.631,0.916,0.902,1.0,0.7,0.793,0.543,0.691,0.598
21,B2_2,0.898,0.665,0.694,0.586,0.673,0.742,0.662,0.939,0.83,0.735,0.7,1.0,0.896,0.936,0.875,0.892
21,B2_3,0.829,0.68,0.69,0.738,0.808,0.802,0.846,0.773,0.903,0.731,0.793,0.896,1.0,0.822,0.79,0.797
21,y1,0.961,0.459,0.511,0.416,0.465,0.544,0.495,0.948,0.701,0.641,0.543,0.936,0.822,1.0,0.87,0.927
21,y2,0.916,0.546,0.578,0.503,0.563,0.571,0.541,0.849,0.715,0.638,0.691,0.875,0.79,0.87,1.0,0.965
21,y3,0.939,0.5,0.532,0.437,0.496,0.545,0.497,0.854,0.669,0.626,0.598,0.892,0.797,0.927,0.965,1.0
22,.,1.0,0.452,0.492,0.444,0.486,0.533,0.541,0.921,0.73,0.631,0.599,0.9,0.83,0.962,0.917,0.94
22,A1_1,0.452,1.0,0.958,0.9,0.864,0.92,0.797,0.573,0.851,0.847,0.883,0.661,0.681,0.462,0.55,0.505
22,A1_2,0.492,0.958,1.0,0.931,0.897,0.958,0.839,0.626,0.881,0.939,0.916,0.693,0.692,0.518,0.584,0.54
22,A1_3,0.444,0.9,0.931,1.0,0.946,0.933,0.93,0.493,0.903,0.889,0.946,0.586,0.739,0.427,0.514,0.447
22,B1_1,0.486,0.864,0.897,0.946,1.0,0.948,0.972,0.534,0.922,0.82,0.92,0.672,0.81,0.472,0.57,0.503
22,B1_2,0.533,0.92,0.958,0.933,0.948,1.0,0.929,0.62,0.92,0.915,0.918,0.739,0.803,0.549,0.575,0.55
22,B1_3,0.541,0.797,0.839,0.93,0.972,0.929,1.0,0.537,0.937,0.814,0.898,0.662,0.849,0.504,0.55,0.506
22,A2_1,0.921,0.573,0.626,0.493,0.534,0.62,0.537,1.0,0.763,0.716,0.635,0.94,0.774,0.948,0.852,0.858
22,A2_2,0.73,0.851,0.881,0.903,0.922,0.92,0.937,0.763,1.0,0.87,0.917,0.826,0.903,0.705,0.721,0.674
22,A2_3,0.631,0.847,0.939,0.889,0.82,0.915,0.814,0.716,0.87,1.0,0.901,0.736,0.73,0.65,0.646,0.635
22,B2_1,0.599,0.883,0.916,0.946,0.92,0.918,0.898,0.635,0.917,0.901,1.0,0.697,0.793,0.549,0.697,0.604
22,B2_2,0.9,0.661,0.693,0.586,0.672,0.739,0.662,0.94,0.826,0.736,0.697,1.0,0.895,0.939,0.877,0.896
22,B2_3,0.83,0.681,0.692,0.739,0.81,0.803,0.849,0.774,0.903,0.73,0.793,0.895,1.0,0.825,0.793,0.799
22,y1,0.962,0.462,0.518,0.427,0.472,0.549,0.504,0.948,0.705,0.65,0.549,0.939,0.825,1.0,0.87,0.928
22,y2,0.917,0.55,0.584,0.514,0.57,0.575,0.55,0.852,0.721,0.646,0.697,0.877,0.793,0.87,1.0,0.965
22,y3,0.94,0.505,0.54,0.447,0.503,0.55,0.506,0.858,0.674,0.635,0.604,0.896,0.799,0.928,0.965,1.0
23,.,1.0,0.451,0.495,0.447,0.488,0.532,0.545,0.921,0.73,0.634,0.599,0.901,0.831,0.963,0.916,0.94
23,A1_1,0.451,1.0,0.957,0.9,0.863,0.919,0.795,0.57,0.85,0.844,0.884,0.655,0.679,0.463,0.55,0.506
23,A1_2,0.495,0.957,1.0,0.931,0.895,0.958,0.838,0.628,0.88,0.939,0.916,0.691,0.691,0.523,0.585,0.544
23,A1_3,0.447,0.9,0.931,1.0,0.945,0.933,0.929,0.493,0.904,0.888,0.948,0.583,0.739,0.432,0.517,0.452
23,B1_1,0.488,0.863,0.895,0.945,1.0,0.949,0.972,0.533,0.922,0.817,0.919,0.669,0.811,0.477,0.571,0.506
23,B1_2,0.532,0.919,0.958,0.933,0.949,1.0,0.929,0.618,0.919,0.913,0.917,0.734,0.801,0.551,0.571,0.55
23,B1_3,0.545,0.795,0.838,0.929,0.972,0.929,1.0,0.536,0.938,0.811,0.898,0.66,0.849,0.51,0.552,0.51
23,A2_1,0.921,0.57,0.628,0.493,0.533,0.618,0.536,1.0,0.76,0.719,0.633,0.94,0.773,0.949,0.851,0.859
23,A2_2,0.73,0.85,0.88,0.904,0.922,0.919,0.938,0.76,1.0,0.869,0.916,0.822,0.903,0.707,0.72,0.675
23,A2_3,0.634,0.844,0.939,0.888,0.817,0.913,0.811,0.719,0.869,1.0,0.901,0.735,0.728,0.655,0.647,0.639
23,B2_1,0.599,0.884,0.916,0.948,0.919,0.917,0.898,0.633,0.916,0.901,1.0,0.692,0.79,0.551,0.696,0.605
23,B2_2,0.901,0.655,0.691,0.583,0.669,0.734,0.66,0.94,0.822,0.735,0.692,1.0,0.894,0.941,0.877,0.898
23,B2_3,0.831,0.679,0.691,0.739,0.811,0.801,0.849,0.773,0.903,0.728,0.79,0.894,1.0,0.828,0.793,0.801
23,y1,0.963,0.463,0.523,0.432,0.477,0.551,0.51,0.949,0.707,0.655,0.551,0.941,0.828,1.0,0.87,0.929
23,y2,0.916,0.55,0.585,0.517,0.571,0.571,0.552,0.851,0.72,0.647,0.696,0.877,0.793,0.87,1.0,0.964
23,y3,0.94,0.506,0.544,0.452,0.506,0.55,0.51,0.859,0.675,0.639,0.605,0.898,0.801,0.929,0.964,1.0
24,.,1.0,0.451,0.497,0.449,0.488,0.53,0.548,0.922,0.731,0.636,0.598,0.902,0.831,0.963,0.916,0.941
24,A1_1,0.451,1.0,0.956,0.9,0.862,0.918,0.794,0.569,0.848,0.841,0.884,0.652,0.678,0.465,0.55,0.507
24,A1_2,0.497,0.956,1.0,0.93,0.895,0.958,0.837,0.63,0.88,0.939,0.917,0.691,0.691,0.527,0.587,0.548
24,A1_3,0.449,0.9,0.93,1.0,0.943,0.933,0.927,0.494,0.904,0.887,0.949,0.581,0.738,0.437,0.521,0.456
24,B1_1,0.488,0.862,0.895,0.943,1.0,0.949,0.972,0.533,0.922,0.815,0.918,0.668,0.811,0.481,0.572,0.508
24,B1_2,0.53,0.918,0.958,0.933,0.949,1.0,0.929,0.616,0.918,0.911,0.916,0.731,0.799,0.552,0.569,0.55
24,B1_3,0.548,0.794,0.837,0.927,0.972,0.929,1.0,0.538,0.938,0.809,0.897,0.659,0.85,0.516,0.556,0.514
24,A2_1,0.922,0.569,0.63,0.494,0.533,0.616,0.538,1.0,0.759,0.721,0.633,0.94,0.773,0.949,0.852,0.86
24,A2_2,0.731,0.848,0.88,0.904,0.922,0.918,0.938,0.759,1.0,0.869,0.916,0.82,0.903,0.71,0.721,0.677
24,A2_3,0.636,0.841,0.939,0.887,0.815,0.911,0.809,0.721,0.869,1.0,0.9,0.734,0.727,0.659,0.648,0.642
24,B2_1,0.598,0.884,0.917,0.949,0.918,0.916,0.897,0.633,0.916,0.9,1.0,0.688,0.788,0.553,0.697,0.606
24,B2_2,0.902,0.652,0.691,0.581,0.668,0.731,0.659,0.94,0.82,0.734,0.688,1.0,0.894,0.943,0.877,0.899
24,B2_3,0.831,0.678,0.691,0.738,0.811,0.799,0.85,0.773,0.903,0.727,0.788,0.894,1.0,0.83,0.794,0.802
24,y1,0.963,0.465,0.527,0.437,0.481,0.552,0.516,0.949,0.71,0.659,0.553,0.943,0.83,1.0,0.87,0.929
24,y2,0.916,0.55,0.587,0.521,0.572,0.569,0.556,0.852,0.721,0.648,0.697,0.877,0.794,0.87,1.0,0.963
24,y3,0.941,0.507,0.548,0.456,0.508,0.55,0.514,0.86,0.677,0.642,0.606,0.899,0.802,0.929,0.963,1.0
25,.,1.0,0.45,0.497,0.45,0.486,0.525,0.546,0.923,0.732,0.636,0.599,0.902,0.829,0.963,0.918,0.941
25,A1_1,0.45,1.0,0.956,0.901,0.863,0.918,0.794,0.569,0.847,0.84,0.886,0.652,0.679,0.465,0.55,0.507
