,,.,A1_1,A1_2,A1_3,B1_1,B1_2,B1_3,A2_1,A2_2,A2_3,B2_1,B2_2,B2_3,y1,y2,y3
0,.,1.0,-0.004,0.529,-0.099,0.449,-0.114,0.479,-0.116,0.164,-0.016,0.04,-0.295,-0.266,0.173,0.137,0.479
0,A1_1,-0.004,1.0,-0.195,-0.419,-0.073,0.37,-0.091,-0.007,0.098,0.155,0.33,-0.069,0.305,0.124,0.305,0.136
0,A1_2,0.529,-0.195,1.0,-0.401,0.577,-0.298,0.477,-0.325,0.068,-0.305,-0.071,0.111,-0.316,0.109,-0.002,-0.027
0,A1_3,-0.099,-0.419,-0.401,1.0,-0.367,-0.074,-0.186,0.146,-0.166,0.099,0.173,0.176,0.197,-0.246,-0.373,0.138
0,B1_1,0.449,-0.073,0.577,-0.367,1.0,-0.209,0.018,-0.341,0.02,-0.103,-0.045,0.042,-0.538,0.139,0.348,0.229
0,B1_2,-0.114,0.37,-0.298,-0.074,-0.209,1.0,-0.551,0.28,-0.271,0.218,0.273,0.001,0.045,0.073,0.626,0.148
0,B1_3,0.479,-0.091,0.477,-0.186,0.018,-0.551,1.0,-0.237,0.171,-0.035,0.023,0.036,0.075,0.018,-0.229,-0.02
0,A2_1,-0.116,-0.007,-0.325,0.146,-0.341,0.28,-0.237,1.0,0.229,0.12,-0.177,-0.042,-0.086,-0.326,0.01,0.39
0,A2_2,0.164,0.098,0.068,-0.166,0.02,-0.271,0.171,0.229,1.0,0.102,0.1,-0.111,-0.031,0.231,-0.078,0.055
0,A2_3,-0.016,0.155,-0.305,0.099,-0.103,0.218,-0.035,0.12,0.102,1.0,0.428,-0.168,0.097,-0.247,0.018,0.233
0,B2_1,0.04,0.33,-0.071,0.173,-0.045,0.273,0.023,-0.177,0.1,0.428,1.0,0.42,0.293,-0.12,0.144,0.277
0,B2_2,-0.295,-0.069,0.111,0.176,0.042,0.001,0.036,-0.042,-0.111,-0.168,0.42,1.0,0.217,-0.213,0.012,-0.282
0,B2_3,-0.266,0.305,-0.316,0.197,-0.538,0.045,0.075,-0.086,-0.031,0.097,0.293,0.217,1.0,0.187,-0.389,-0.406
0,y1,0.173,0.124,0.109,-0.246,0.139,0.073,0.018,-0.326,0.231,-0.247,-0.12,-0.213,0.187,1.0,0.201,-0.201
0,y2,0.137,0.305,-0.002,-0.373,0.348,0.626,-0.229,0.01,-0.078,0.018,0.144,0.012,-0.389,0.201,1.0,0.247
0,y3,0.479,0.136,-0.027,0.138,0.229,0.148,-0.02,0.39,0.055,0.233,0.277,-0.282,-0.406,-0.201,0.247,1.0
1,.,1.0,-0.0,0.53,-0.101,0.449,-0.115,0.479,-0.117,0.167,-0.015,0.041,-0.295,-0.264,0.176,0.136,0.477
1,A1_1,-0.0,1.0,-0.194,-0.419,-0.073,0.368,-0.091,-0.009,0.099,0.154,0.328,-0.07,0.305,0.125,0.304,0.135
1,A1_2,0.53,-0.194,1.0,-0.401,0.577,-0.299,0.478,-0.325,0.07,-0.305,-0.071,0.111,-0.315,0.109,-0.002,-0.028
1,A1_3,-0.101,-0.419,-0.401,1.0,-0.367,-0.074,-0.185,0.145,-0.166,0.099,0.174,0.176,0.197,-0.245,-0.373,0.137
1,B1_1,0.449,-0.073,0.577,-0.367,1.0,-0.209,0.02,-0.341,0.02,-0.103,-0.044,0.042,-0.539,0.139,0.348,0.229
1,B1_2,-0.115,0.368,-0.299,-0.074,-0.209,1.0,-0.551,0.279,-0.272,0.217,0.272,-0.0,0.044,0.074,0.628,0.151
1,B1_3,0.479,-0.091,0.478,-0.185,0.02,-0.551,1.0,-0.237,0.171,-0.034,0.024,0.037,0.075,0.017,-0.229,-0.019
1,A2_1,-0.117,-0.009,-0.325,0.145,-0.341,0.279,-0.237,1.0,0.228,0.119,-0.178,-0.043,-0.087,-0.325,0.01,0.39
1,A2_2,0.167,0.099,0.07,-0.166,0.02,-0.272,0.171,0.228,1.0,0.103,0.1,-0.111,-0.031,0.231,-0.078,0.053
1,A2_3,-0.015,0.154,-0.305,0.099,-0.103,0.217,-0.034,0.119,0.103,1.0,0.427,-0.169,0.096,-0.246,0.019,0.232
1,B2_1,0.041,0.328,-0.071,0.174,-0.044,0.272,0.024,-0.178,0.1,0.427,1.0,0.421,0.293,-0.12,0.143,0.278
1,B2_2,-0.295,-0.07,0.111,0.176,0.042,-0.0,0.037,-0.043,-0.111,-0.169,0.421,1.0,0.217,-0.214,0.012,-0.282
1,B2_3,-0.264,0.305,-0.315,0.197,-0.539,0.044,0.075,-0.087,-0.031,0.096,0.293,0.217,1.0,0.187,-0.389,-0.405
1,y1,0.176,0.125,0.109,-0.245,0.139,0.074,0.017,-0.325,0.231,-0.246,-0.12,-0.214,0.187,1.0,0.201,-0.201
1,y2,0.136,0.304,-0.002,-0.373,0.348,0.628,-0.229,0.01,-0.078,0.019,0.143,0.012,-0.389,0.201,1.0,0.248
1,y3,0.477,0.135,-0.028,0.137,0.229,0.151,-0.019,0.39,0.053,0.232,0.278,-0.282,-0.405,-0.201,0.248,1.0
2,.,1.0,0.003,0.532,-0.103,0.45,-0.115,0.48,-0.119,0.169,-0.015,0.041,-0.294,-0.261,0.179,0.135,0.475
2,A1_1,0.003,1.0,-0.192,-0.42,-0.074,0.366,-0.091,-0.01,0.1,0.154,0.327,-0.071,0.304,0.125,0.304,0.135
2,A1_2,0.532,-0.192,1.0,-0.402,0.577,-0.3,0.478,-0.326,0.071,-0.304,-0.071,0.11,-0.315,0.11,-0.003,-0.03
2,A1_3,-0.103,-0.42,-0.402,1.0,-0.366,-0.074,-0.185,0.144,-0.165,0.098,0.174,0.176,0.198,-0.245,-0.373,0.137
2,B1_1,0.45,-0.074,0.577,-0.366,1.0,-0.209,0.022,-0.342,0.02,-0.103,-0.043,0.043,-0.539,0.138,0.348,0.229
2,B1_2,-0.115,0.366,-0.3,-0.074,-0.209,1.0,-0.551,0.278,-0.273,0.215,0.271,-0.001,0.042,0.076,0.629,0.154
2,B1_3,0.48,-0.091,0.478,-0.185,0.022,-0.551,1.0,-0.237,0.172,-0.034,0.026,0.037,0.076,0.016,-0.229,-0.019
2,A2_1,-0.119,-0.01,-0.326,0.144,-0.342,0.278,-0.237,1.0,0.228,0.117,-0.179,-0.044,-0.088,-0.324,0.011,0.39
2,A2_2,0.169,0.1,0.071,-0.165,0.02,-0.273,0.172,0.228,1.0,0.103,0.099,-0.112,-0.03,0.231,-0.079,0.052
2,A2_3,-0.015,0.154,-0.304,0.098,-0.103,0.215,-0.034,0.117,0.103,1.0,0.426,-0.17,0.096,-0.245,0.019,0.232
2,B2_1,0.041,0.327,-0.071,0.174,-0.043,0.271,0.026,-0.179,0.099,0.426,1.0,0.421,0.293,-0.12,0.143,0.279
2,B2_2,-0.294,-0.071,0.11,0.176,0.043,-0.001,0.037,-0.044,-0.112,-0.17,0.421,1.0,0.217,-0.214,0.012,-0.281
2,B2_3,-0.261,0.304,-0.315,0.198,-0.539,0.042,0.076,-0.088,-0.03,0.096,0.293,0.217,1.0,0.187,-0.389,-0.404
2,y1,0.179,0.125,0.11,-0.245,0.138,0.076,0.016,-0.324,0.231,-0.245,-0.12,-0.214,0.187,1.0,0.201,-0.201
2,y2,0.135,0.304,-0.003,-0.373,0.348,0.629,-0.229,0.011,-0.079,0.019,0.143,0.012,-0.389,0.201,1.0,0.248
2,y3,0.475,0.135,-0.03,0.137,0.229,0.154,-0.019,0.39,0.052,0.232,0.279,-0.281,-0.404,-0.201,0.248,1.0
3,.,1.0,0.006,0.533,-0.104,0.45,-0.116,0.479,-0.12,0.171,-0.014,0.041,-0.294,-0.259,0.182,0.133,0.473
3,A1_1,0.006,1.0,-0.191,-0.42,-0.074,0.364,-0.091,-0.011,0.101,0.154,0.326,-0.072,0.304,0.125,0.303,0.134
3,A1_2,0.533,-0.191,1.0,-0.402,0.577,-0.301,0.479,-0.327,0.072,-0.303,-0.071,0.11,-0.314,0.111,-0.003,-0.031
3,A1_3,-0.104,-0.42,-0.402,1.0,-0.366,-0.075,-0.184,0.142,-0.165,0.097,0.175,0.176,0.198,-0.244,-0.372,0.137
3,B1_1,0.45,-0.074,0.577,-0.366,1.0,-0.209,0.023,-0.342,0.02,-0.103,-0.042,0.043,-0.539,0.138,0.347,0.229
3,B1_2,-0.116,0.364,-0.301,-0.075,-0.209,1.0,-0.55,0.277,-0.274,0.214,0.271,-0.002,0.04,0.077,0.631,0.156
3,B1_3,0.479,-0.091,0.479,-0.184,0.023,-0.55,1.0,-0.236,0.172,-0.033,0.028,0.038,0.076,0.016,-0.23,-0.019
3,A2_1,-0.12,-0.011,-0.327,0.142,-0.342,0.277,-0.236,1.0,0.228,0.116,-0.181,-0.046,-0.088,-0.323,0.012,0.39
3,A2_2,0.171,0.101,0.072,-0.165,0.02,-0.274,0.172,0.228,1.0,0.104,0.099,-0.112,-0.03,0.231,-0.08,0.051
3,A2_3,-0.014,0.154,-0.303,0.097,-0.103,0.214,-0.033,0.116,0.104,1.0,0.425,-0.171,0.095,-0.244,0.02,0.232
3,B2_1,0.041,0.326,-0.071,0.175,-0.042,0.271,0.028,-0.181,0.099,0.425,1.0,0.421,0.294,-0.12,0.143,0.28
3,B2_2,-0.294,-0.072,0.11,0.176,0.043,-0.002,0.038,-0.046,-0.112,-0.171,0.421,1.0,0.217,-0.214,0.011,-0.281
3,B2_3,-0.259,0.304,-0.314,0.198,-0.539,0.04,0.076,-0.088,-0.03,0.095,0.294,0.217,1.0,0.187,-0.388,-0.403
3,y1,0.182,0.125,0.111,-0.244,0.138,0.077,0.016,-0.323,0.231,-0.244,-0.12,-0.214,0.187,1.0,0.202,-0.2
3,y2,0.133,0.303,-0.003,-0.372,0.347,0.631,-0.23,0.012,-0.08,0.02,0.143,0.011,-0.388,0.202,1.0,0.249
3,y3,0.473,0.134,-0.031,0.137,0.229,0.156,-0.019,0.39,0.051,0.232,0.28,-0.281,-0.403,-0.2,0.249,1.0
4,.,1.0,0.009,0.535,-0.104,0.45,-0.116,0.479,-0.12,0.173,-0.013,0.041,-0.293,-0.257,0.185,0.131,0.471
4,A1_1,0.009,1.0,-0.189,-0.42,-0.074,0.362,-0.09,-0.012,0.101,0.154,0.325,-0.072,0.304,0.126,0.303,0.134
4,A1_2,0.535,-0.189,1.0,-0.402,0.577,-0.301,0.479,-0.328,0.073,-0.303,-0.071,0.11,-0.313,0.111,-0.004,-0.032
4,A1_3,-0.104,-0.42,-0.402,1.0,-0.366,-0.075,-0.183,0.141,-0.165,0.096,0.175,0.176,0.199,-0.244,-0.372,0.136
4,B1_1,0.45,-0.074,0.577,-0.366,1.0,-0.209,0.025,-0.343,0.02,-0.104,-0.041,0.044,-0.539,0.138,0.347,0.229
4,B1_2,-0.116,0.362,-0.301,-0.075,-0.209,1.0,-0.55,0.276,-0.275,0.213,0.27,-0.003,0.038,0.078,0.633,0.159
4,B1_3,0.479,-0.09,0.479,-0.183,0.025,-0.55,1.0,-0.236,0.172,-0.032,0.029,0.039,0.077,0.015,-0.231,-0.019
4,A2_1,-0.12,-0.012,-0.328,0.141,-0.343,0.276,-0.236,1.0,0.228,0.114,-0.182,-0.047,-0.089,-0.322,0.013,0.39
4,A2_2,0.173,0.101,0.073,-0.165,0.02,-0.275,0.172,0.228,1.0,0.105,0.098,-0.113,-0.03,0.23,-0.08,0.05
4,A2_3,-0.013,0.154,-0.303,0.096,-0.104,0.213,-0.032,0.114,0.105,1.0,0.423,-0.173,0.095,-0.243,0.02,0.232
4,B2_1,0.041,0.325,-0.071,0.175,-0.041,0.27,0.029,-0.182,0.098,0.423,1.0,0.422,0.294,-0.121,0.142,0.281
4,B2_2,-0.293,-0.072,0.11,0.176,0.044,-0.003,0.039,-0.047,-0.113,-0.173,0.422,1.0,0.218,-0.215,0.011,-0.28
4,B2_3,-0.257,0.304,-0.313,0.199,-0.539,0.038,0.077,-0.089,-0.03,0.095,0.294,0.218,1.0,0.186,-0.388,-0.402
4,y1,0.185,0.126,0.111,-0.244,0.138,0.078,0.015,-0.322,0.23,-0.243,-0.121,-0.215,0.186,1.0,0.202,-0.2
4,y2,0.131,0.303,-0.004,-0.372,0.347,0.633,-0.231,0.013,-0.08,0.02,0.142,0.011,-0.388,0.202,1.0,0.249
4,y3,0.471,0.134,-0.032,0.136,0.229,0.159,-0.019,0.39,0.05,0.232,0.281,-0.28,-0.402,-0.2,0.249,1.0
5,.,1.0,0.012,0.535,-0.105,0.451,-0.117,0.477,-0.121,0.175,-0.011,0.041,-0.293,-0.256,0.187,0.13,0.47
5,A1_1,0.012,1.0,-0.188,-0.42,-0.075,0.361,-0.09,-0.013,0.102,0.154,0.324,-0.073,0.303,0.126,0.303,0.133
5,A1_2,0.535,-0.188,1.0,-0.402,0.577,-0.302,0.48,-0.329,0.074,-0.302,-0.071,0.11,-0.312,0.111,-0.004,-0.033
5,A1_3,-0.105,-0.42,-0.402,1.0,-0.365,-0.076,-0.182,0.139,-0.165,0.095,0.175,0.176,0.199,-0.243,-0.372,0.136
5,B1_1,0.451,-0.075,0.577,-0.365,1.0,-0.209,0.026,-0.343,0.02,-0.104,-0.04,0.044,-0.539,0.138,0.347,0.229
5,B1_2,-0.117,0.361,-0.302,-0.076,-0.209,1.0,-0.549,0.275,-0.276,0.211,0.27,-0.003,0.037,0.079,0.635,0.161
5,B1_3,0.477,-0.09,0.48,-0.182,0.026,-0.549,1.0,-0.236,0.173,-0.032,0.031,0.04,0.077,0.013,-0.232,-0.02
5,A2_1,-0.121,-0.013,-0.329,0.139,-0.343,0.275,-0.236,1.0,0.227,0.113,-0.183,-0.048,-0.09,-0.321,0.015,0.391
5,A2_2,0.175,0.102,0.074,-0.165,0.02,-0.276,0.173,0.227,1.0,0.105,0.098,-0.113,-0.03,0.23,-0.081,0.049
5,A2_3,-0.011,0.154,-0.302,0.095,-0.104,0.211,-0.032,0.113,0.105,1.0,0.422,-0.174,0.094,-0.241,0.021,0.232
5,B2_1,0.041,0.324,-0.071,0.175,-0.04,0.27,0.031,-0.183,0.098,0.422,1.0,0.422,0.294,-0.121,0.142,0.281
5,B2_2,-0.293,-0.073,0.11,0.176,0.044,-0.003,0.04,-0.048,-0.113,-0.174,0.422,1.0,0.218,-0.215,0.011,-0.279
5,B2_3,-0.256,0.303,-0.312,0.199,-0.539,0.037,0.077,-0.09,-0.03,0.094,0.294,0.218,1.0,0.186,-0.388,-0.401
5,y1,0.187,0.126,0.111,-0.243,0.138,0.079,0.013,-0.321,0.23,-0.241,-0.121,-0.215,0.186,1.0,0.201,-0.2
5,y2,0.13,0.303,-0.004,-0.372,0.347,0.635,-0.232,0.015,-0.081,0.021,0.142,0.011,-0.388,0.201,1.0,0.249
5,y3,0.47,0.133,-0.033,0.136,0.229,0.161,-0.02,0.391,0.049,0.232,0.281,-0.279,-0.401,-0.2,0.249,1.0
6,.,1.0,0.014,0.537,-0.105,0.452,-0.119,0.476,-0.121,0.177,-0.011,0.04,-0.292,-0.256,0.188,0.127,0.468
6,A1_1,0.014,1.0,-0.186,-0.42,-0.075,0.359,-0.09,-0.014,0.103,0.154,0.323,-0.074,0.303,0.126,0.303,0.133
6,A1_2,0.537,-0.186,1.0,-0.403,0.577,-0.303,0.48,-0.33,0.075,-0.302,-0.07,0.109,-0.312,0.111,-0.004,-0.035
6,A1_3,-0.105,-0.42,-0.403,1.0,-0.365,-0.077,-0.181,0.138,-0.165,0.094,0.175,0.176,0.2,-0.242,-0.372,0.135
6,B1_1,0.452,-0.075,0.577,-0.365,1.0,-0.209,0.027,-0.343,0.02,-0.103,-0.039,0.045,-0.539,0.137,0.347,0.229
6,B1_2,-0.119,0.359,-0.303,-0.077,-0.209,1.0,-0.548,0.274,-0.277,0.209,0.27,-0.003,0.035,0.081,0.637,0.164
6,B1_3,0.476,-0.09,0.48,-0.181,0.027,-0.548,1.0,-0.235,0.173,-0.032,0.032,0.041,0.077,0.012,-0.233,-0.02
6,A2_1,-0.121,-0.014,-0.33,0.138,-0.343,0.274,-0.235,1.0,0.227,0.111,-0.184,-0.05,-0.09,-0.319,0.016,0.391
6,A2_2,0.177,0.103,0.075,-0.165,0.02,-0.277,0.173,0.227,1.0,0.106,0.097,-0.114,-0.03,0.23,-0.081,0.047
6,A2_3,-0.011,0.154,-0.302,0.094,-0.103,0.209,-0.032,0.111,0.106,1.0,0.421,-0.175,0.094,-0.24,0.022,0.233
6,B2_1,0.04,0.323,-0.07,0.175,-0.039,0.27,0.032,-0.184,0.097,0.421,1.0,0.423,0.294,-0.122,0.141,0.281
6,B2_2,-0.292,-0.074,0.109,0.176,0.045,-0.003,0.041,-0.05,-0.114,-0.175,0.423,1.0,0.218,-0.216,0.011,-0.279
6,B2_3,-0.256,0.303,-0.312,0.2,-0.539,0.035,0.077,-0.09,-0.03,0.094,0.294,0.218,1.0,0.185,-0.388,-0.4
6,y1,0.188,0.126,0.111,-0.242,0.137,0.081,0.012,-0.319,0.23,-0.24,-0.122,-0.216,0.185,1.0,0.201,-0.199
6,y2,0.127,0.303,-0.004,-0.372,0.347,0.637,-0.233,0.016,-0.081,0.022,0.141,0.011,-0.388,0.201,1.0,0.25
6,y3,0.468,0.133,-0.035,0.135,0.229,0.164,-0.02,0.391,0.047,0.233,0.281,-0.279,-0.4,-0.199,0.25,1.0
7,.,1.0,0.016,0.538,-0.105,0.453,-0.12,0.474,-0.12,0.179,-0.01,0.039,-0.292,-0.256,0.19,0.125,0.467
7,A1_1,0.016,1.0,-0.185,-0.42,-0.075,0.357,-0.09,-0.015,0.104,0.154,0.322,-0.074,0.302,0.126,0.303,0.133
7,A1_2,0.538,-0.185,1.0,-0.403,0.577,-0.303,0.481,-0.331,0.076,-0.301,-0.071,0.109,-0.311,0.112,-0.005,-0.036
7,A1_3,-0.105,-0.42,-0.403,1.0,-0.365,-0.077,-0.18,0.136,-0.164,0.093,0.175,0.176,0.2,-0.242,-0.372,0.135
7,B1_1,0.453,-0.075,0.577,-0.365,1.0,-0.209,0.028,-0.343,0.02,-0.104,-0.038,0.046,-0.539,0.137,0.346,0.229
7,B1_2,-0.12,0.357,-0.303,-0.077,-0.209,1.0,-0.548,0.273,-0.278,0.208,0.27,-0.004,0.033,0.082,0.639,0.166
7,B1_3,0.474,-0.09,0.481,-0.18,0.028,-0.548,1.0,-0.235,0.173,-0.032,0.033,0.042,0.078,0.01,-0.234,-0.021
7,A2_1,-0.12,-0.015,-0.331,0.136,-0.343,0.273,-0.235,1.0,0.227,0.11,-0.185,-0.051,-0.091,-0.317,0.018,0.392
7,A2_2,0.179,0.104,0.076,-0.164,0.02,-0.278,0.173,0.227,1.0,0.107,0.097,-0.114,-0.03,0.229,-0.082,0.046
7,A2_3,-0.01,0.154,-0.301,0.093,-0.104,0.208,-0.032,0.11,0.107,1.0,0.42,-0.176,0.093,-0.238,0.023,0.233
7,B2_1,0.039,0.322,-0.071,0.175,-0.038,0.27,0.033,-0.185,0.097,0.42,1.0,0.424,0.294,-0.122,0.14,0.282
7,B2_2,-0.292,-0.074,0.109,0.176,0.046,-0.004,0.042,-0.051,-0.114,-0.176,0.424,1.0,0.218,-0.216,0.011,-0.279
7,B2_3,-0.256,0.302,-0.311,0.2,-0.539,0.033,0.078,-0.091,-0.03,0.093,0.294,0.218,1.0,0.185,-0.388,-0.399
7,y1,0.19,0.126,0.112,-0.242,0.137,0.082,0.01,-0.317,0.229,-0.238,-0.122,-0.216,0.185,1.0,0.201,-0.199
7,y2,0.125,0.303,-0.005,-0.372,0.346,0.639,-0.234,0.018,-0.082,0.023,0.14,0.011,-0.388,0.201,1.0,0.25
7,y3,0.467,0.133,-0.036,0.135,0.229,0.166,-0.021,0.392,0.046,0.233,0.282,-0.279,-0.399,-0.199,0.25,1.0
8,.,1.0,0.017,0.539,-0.105,0.454,-0.122,0.472,-0.12,0.18,-0.009,0.037,-0.291,-0.256,0.192,0.123,0.466
8,A1_1,0.017,1.0,-0.183,-0.42,-0.075,0.355,-0.09,-0.015,0.105,0.154,0.32,-0.074,0.302,0.126,0.303,0.132
8,A1_2,0.539,-0.183,1.0,-0.403,0.577,-0.304,0.481,-0.332,0.077,-0.301,-0.07,0.109,-0.31,0.112,-0.006,-0.038
8,A1_3,-0.105,-0.42,-0.403,1.0,-0.364,-0.078,-0.179,0.134,-0.164,0.092,0.175,0.176,0.2,-0.241,-0.372,0.135
8,B1_1,0.454,-0.075,0.577,-0.364,1.0,-0.209,0.029,-0.344,0.02,-0.104,-0.037,0.047,-0.54,0.136,0.346,0.229
8,B1_2,-0.122,0.355,-0.304,-0.078,-0.209,1.0,-0.547,0.272,-0.278,0.206,0.27,-0.004,0.032,0.083,0.642,0.169
8,B1_3,0.472,-0.09,0.481,-0.179,0.029,-0.547,1.0,-0.234,0.173,-0.031,0.034,0.043,0.079,0.009,-0.235,-0.021
8,A2_1,-0.12,-0.015,-0.332,0.134,-0.344,0.272,-0.234,1.0,0.227,0.109,-0.186,-0.052,-0.091,-0.316,0.019,0.392
8,A2_2,0.18,0.105,0.077,-0.164,0.02,-0.278,0.173,0.227,1.0,0.107,0.096,-0.115,-0.03,0.229,-0.083,0.044
8,A2_3,-0.009,0.154,-0.301,0.092,-0.104,0.206,-0.031,0.109,0.107,1.0,0.419,-0.177,0.093,-0.236,0.024,0.233
8,B2_1,0.037,0.32,-0.07,0.175,-0.037,0.27,0.034,-0.186,0.096,0.419,1.0,0.424,0.294,-0.123,0.14,0.282
8,B2_2,-0.291,-0.074,0.109,0.176,0.047,-0.004,0.043,-0.052,-0.115,-0.177,0.424,1.0,0.218,-0.217,0.011,-0.279
8,B2_3,-0.256,0.302,-0.31,0.2,-0.54,0.032,0.079,-0.091,-0.03,0.093,0.294,0.218,1.0,0.184,-0.387,-0.399
8,y1,0.192,0.126,0.112,-0.241,0.136,0.083,0.009,-0.316,0.229,-0.236,-0.123,-0.217,0.184,1.0,0.2,-0.198
8,y2,0.123,0.303,-0.006,-0.372,0.346,0.642,-0.235,0.019,-0.083,0.024,0.14,0.011,-0.387,0.2,1.0,0.25
8,y3,0.466,0.132,-0.038,0.135,0.229,0.169,-0.021,0.392,0.044,0.233,0.282,-0.279,-0.399,-0.198,0.25,1.0
9,.,1.0,0.018,0.54,-0.105,0.454,-0.124,0.471,-0.12,0.181,-0.008,0.036,-0.29,-0.256,0.193,0.121,0.465
9,A1_1,0.018,1.0,-0.181,-0.42,-0.075,0.353,-0.091,-0.016,0.106,0.154,0.319,-0.075,0.301,0.126,0.303,0.131
9,A1_2,0.54,-0.181,1.0,-0.403,0.577,-0.304,0.481,-0.333,0.078,-0.301,-0.07,0.109,-0.309,0.112,-0.006,-0.039
9,A1_3,-0.105,-0.42,-0.403,1.0,-0.364,-0.079,-0.178,0.132,-0.164,0.09,0.176,0.176,0.201,-0.24,-0.372,0.135
9,B1_1,0.454,-0.075,0.577,-0.364,1.0,-0.208,0.03,-0.344,0.02,-0.104,-0.036,0.048,-0.54,0.135,0.346,0.229
9,B1_2,-0.124,0.353,-0.304,-0.079,-0.208,1.0,-0.546,0.272,-0.279,0.205,0.27,-0.004,0.03,0.084,0.644,0.171
9,B1_3,0.471,-0.091,0.481,-0.178,0.03,-0.546,1.0,-0.234,0.173,-0.031,0.035,0.044,0.079,0.007,-0.236,-0.022
9,A2_1,-0.12,-0.016,-0.333,0.132,-0.344,0.272,-0.234,1.0,0.227,0.107,-0.187,-0.054,-0.092,-0.314,0.021,0.393
9,A2_2,0.181,0.106,0.078,-0.164,0.02,-0.279,0.173,0.227,1.0,0.107,0.096,-0.115,-0.029,0.229,-0.083,0.043
9,A2_3,-0.008,0.154,-0.301,0.09,-0.104,0.205,-0.031,0.107,0.107,1.0,0.418,-0.179,0.093,-0.235,0.025,0.233
9,B2_1,0.036,0.319,-0.07,0.176,-0.036,0.27,0.035,-0.187,0.096,0.418,1.0,0.425,0.295,-0.124,0.139,0.282
9,B2_2,-0.29,-0.075,0.109,0.176,0.048,-0.004,0.044,-0.054,-0.115,-0.179,0.425,1.0,0.219,-0.218,0.011,-0.279
9,B2_3,-0.256,0.301,-0.309,0.201,-0.54,0.03,0.079,-0.092,-0.029,0.093,0.295,0.219,1.0,0.184,-0.387,-0.398
9,y1,0.193,0.126,0.112,-0.24,0.135,0.084,0.007,-0.314,0.229,-0.235,-0.124,-0.218,0.184,1.0,0.2,-0.198
9,y2,0.121,0.303,-0.006,-0.372,0.346,0.644,-0.236,0.021,-0.083,0.025,0.139,0.011,-0.387,0.2,1.0,0.25
9,y3,0.465,0.131,-0.039,0.135,0.229,0.171,-0.022,0.393,0.043,0.233,0.282,-0.279,-0.398,-0.198,0.25,1.0
10,.,1.0,0.02,0.541,-0.105,0.455,-0.126,0.469,-0.119,0.183,-0.007,0.035,-0.29,-0.256,0.195,0.118,0.463
10,A1_1,0.02,1.0,-0.18,-0.42,-0.076,0.351,-0.091,-0.017,0.106,0.154,0.318,-0.075,0.301,0.126,0.303,0.131
10,A1_2,0.541,-0.18,1.0,-0.404,0.576,-0.305,0.481,-0.334,0.078,-0.301,-0.071,0.108,-0.309,0.112,-0.007,-0.041
10,A1_3,-0.105,-0.42,-0.404,1.0,-0.364,-0.079,-0.177,0.131,-0.164,0.09,0.176,0.176,0.201,-0.239,-0.372,0.135
10,B1_1,0.455,-0.076,0.576,-0.364,1.0,-0.208,0.031,-0.344,0.02,-0.104,-0.035,0.049,-0.54,0.134,0.345,0.229
10,B1_2,-0.126,0.351,-0.305,-0.079,-0.208,1.0,-0.546,0.271,-0.28,0.203,0.27,-0.004,0.029,0.086,0.645,0.173
10,B1_3,0.469,-0.091,0.481,-0.177,0.031,-0.546,1.0,-0.233,0.174,-0.031,0.036,0.045,0.08,0.006,-0.238,-0.023
10,A2_1,-0.119,-0.017,-0.334,0.131,-0.344,0.271,-0.233,1.0,0.228,0.106,-0.188,-0.055,-0.092,-0.313,0.022,0.394
10,A2_2,0.183,0.106,0.078,-0.164,0.02,-0.28,0.174,0.228,1.0,0.108,0.095,-0.116,-0.029,0.228,-0.084,0.042
10,A2_3,-0.007,0.154,-0.301,0.09,-0.104,0.203,-0.031,0.106,0.108,1.0,0.417,-0.179,0.092,-0.233,0.027,0.233
10,B2_1,0.035,0.318,-0.071,0.176,-0.035,0.27,0.036,-0.188,0.095,0.417,1.0,0.426,0.295,-0.124,0.139,0.282
10,B2_2,-0.29,-0.075,0.108,0.176,0.049,-0.004,0.045,-0.055,-0.116,-0.179,0.426,1.0,0.219,-0.219,0.01,-0.278
10,B2_3,-0.256,0.301,-0.309,0.201,-0.54,0.029,0.08,-0.092,-0.029,0.092,0.295,0.219,1.0,0.183,-0.387,-0.397
10,y1,0.195,0.126,0.112,-0.239,0.134,0.086,0.006,-0.313,0.228,-0.233,-0.124,-0.219,0.183,1.0,0.2,-0.197
10,y2,0.118,0.303,-0.007,-0.372,0.345,0.645,-0.238,0.022,-0.084,0.027,0.139,0.01,-0.387,0.2,1.0,0.251
10,y3,0.463,0.131,-0.041,0.135,0.229,0.173,-0.023,0.394,0.042,0.233,0.282,-0.278,-0.397,-0.197,0.251,1.0
11,.,1.0,0.022,0.542,-0.106,0.455,-0.127,0.468,-0.119,0.184,-0.005,0.034,-0.29,-0.255,0.196,0.116,0.462
11,A1_1,0.022,1.0,-0.179,-0.42,-0.076,0.349,-0.091,-0.017,0.107,0.155,0.317,-0.076,0.3,0.125,0.302,0.13
11,A1_2,0.542,-0.179,1.0,-0.404,0.576,-0.306,0.482,-0.334,0.079,-0.3,-0.07,0.108,-0.308,0.112,-0.008,-0.042
11,A1_3,-0.106,-0.42,-0.404,1.0,-0.363,-0.08,-0.176,0.129,-0.163,0.088,0.176,0.176,0.201,-0.238,-0.371,0.134
11,B1_1,0.455,-0.076,0.576,-0.363,1.0,-0.208,0.032,-0.344,0.021,-0.104,-0.033,0.049,-0.54,0.134,0.345,0.228
11,B1_2,-0.127,0.349,-0.306,-0.08,-0.208,1.0,-0.545,0.27,-0.281,0.201,0.27,-0.003,0.028,0.087,0.647,0.176
11,B1_3,0.468,-0.091,0.482,-0.176,0.032,-0.545,1.0,-0.232,0.174,-0.031,0.037,0.045,0.081,0.004,-0.239,-0.023
11,A2_1,-0.119,-0.017,-0.334,0.129,-0.344,0.27,-0.232,1.0,0.228,0.105,-0.189,-0.056,-0.093,-0.311,0.024,0.394
11,A2_2,0.184,0.107,0.079,-0.163,0.021,-0.281,0.174,0.228,1.0,0.108,0.095,-0.116,-0.029,0.227,-0.085,0.041
11,A2_3,-0.005,0.155,-0.3,0.088,-0.104,0.201,-0.031,0.105,0.108,1.0,0.416,-0.18,0.092,-0.232,0.028,0.234
11,B2_1,0.034,0.317,-0.07,0.176,-0.033,0.27,0.037,-0.189,0.095,0.416,1.0,0.426,0.296,-0.125,0.138,0.282
11,B2_2,-0.29,-0.076,0.108,0.176,0.049,-0.003,0.045,-0.056,-0.116,-0.18,0.426,1.0,0.22,-0.22,0.01,-0.278
11,B2_3,-0.255,0.3,-0.308,0.201,-0.54,0.028,0.081,-0.093,-0.029,0.092,0.296,0.22,1.0,0.183,-0.387,-0.397
11,y1,0.196,0.125,0.112,-0.238,0.134,0.087,0.004,-0.311,0.227,-0.232,-0.125,-0.22,0.183,1.0,0.199,-0.197
11,y2,0.116,0.302,-0.008,-0.371,0.345,0.647,-0.239,0.024,-0.085,0.028,0.138,0.01,-0.387,0.199,1.0,0.251
11,y3,0.462,0.13,-0.042,0.134,0.228,0.176,-0.023,0.394,0.041,0.234,0.282,-0.278,-0.397,-0.197,0.251,1.0
12,.,1.0,0.022,0.543,-0.105,0.456,-0.129,0.466,-0.119,0.184,-0.005,0.032,-0.289,-0.256,0.198,0.114,0.461
12,A1_1,0.022,1.0,-0.178,-0.42,-0.076,0.347,-0.091,-0.017,0.108,0.155,0.316,-0.076,0.299,0.125,0.302,0.129
12,A1_2,0.543,-0.178,1.0,-0.404,0.576,-0.307,0.482,-0.335,0.08,-0.3,-0.07,0.108,-0.307,0.111,-0.009,-0.043
12,A1_3,-0.105,-0.42,-0.404,1.0,-0.363,-0.08,-0.175,0.127,-0.163,0.088,0.176,0.176,0.201,-0.237,-0.371,0.134
12,B1_1,0.456,-0.076,0.576,-0.363,1.0,-0.208,0.033,-0.344,0.02,-0.104,-0.032,0.05,-0.54,0.133,0.345,0.228
12,B1_2,-0.129,0.347,-0.307,-0.08,-0.208,1.0,-0.544,0.269,-0.282,0.2,0.271,-0.003,0.027,0.088,0.649,0.178
12,B1_3,0.466,-0.091,0.482,-0.175,0.033,-0.544,1.0,-0.231,0.174,-0.031,0.038,0.046,0.081,0.002,-0.241,-0.024
12,A2_1,-0.119,-0.017,-0.335,0.127,-0.344,0.269,-0.231,1.0,0.228,0.103,-0.19,-0.057,-0.093,-0.31,0.026,0.395
12,A2_2,0.184,0.108,0.08,-0.163,0.02,-0.282,0.174,0.228,1.0,0.109,0.094,-0.116,-0.029,0.227,-0.086,0.039
12,A2_3,-0.005,0.155,-0.3,0.088,-0.104,0.2,-0.031,0.103,0.109,1.0,0.415,-0.181,0.092,-0.23,0.029,0.234
12,B2_1,0.032,0.316,-0.07,0.176,-0.032,0.271,0.038,-0.19,0.094,0.415,1.0,0.427,0.296,-0.126,0.137,0.282
12,B2_2,-0.289,-0.076,0.108,0.176,0.05,-0.003,0.046,-0.057,-0.116,-0.181,0.427,1.0,0.22,-0.221,0.009,-0.278
12,B2_3,-0.256,0.299,-0.307,0.201,-0.54,0.027,0.081,-0.093,-0.029,0.092,0.296,0.22,1.0,0.182,-0.387,-0.396
12,y1,0.198,0.125,0.111,-0.237,0.133,0.088,0.002,-0.31,0.227,-0.23,-0.126,-0.221,0.182,1.0,0.199,-0.197
12,y2,0.114,0.302,-0.009,-0.371,0.345,0.649,-0.241,0.026,-0.086,0.029,0.137,0.009,-0.387,0.199,1.0,0.251
12,y3,0.461,0.129,-0.043,0.134,0.228,0.178,-0.024,0.395,0.039,0.234,0.282,-0.278,-0.396,-0.197,0.251,1.0
13,.,1.0,0.024,0.544,-0.105,0.456,-0.131,0.464,-0.118,0.185,-0.004,0.031,-0.289,-0.256,0.199,0.112,0.46
13,A1_1,0.024,1.0,-0.176,-0.419,-0.076,0.345,-0.091,-0.018,0.109,0.155,0.315,-0.077,0.299,0.124,0.302,0.129
13,A1_2,0.544,-0.176,1.0,-0.404,0.575,-0.308,0.482,-0.335,0.081,-0.3,-0.071,0.107,-0.306,0.111,-0.01,-0.045
13,A1_3,-0.105,-0.419,-0.404,1.0,-0.362,-0.081,-0.174,0.126,-0.163,0.087,0.176,0.176,0.201,-0.237,-0.371,0.134
13,B1_1,0.456,-0.076,0.575,-0.362,1.0,-0.207,0.034,-0.343,0.021,-0.105,-0.031,0.051,-0.54,0.132,0.344,0.228
13,B1_2,-0.131,0.345,-0.308,-0.081,-0.207,1.0,-0.544,0.268,-0.283,0.198,0.271,-0.003,0.026,0.089,0.651,0.18
13,B1_3,0.464,-0.091,0.482,-0.174,0.034,-0.544,1.0,-0.231,0.174,-0.031,0.039,0.047,0.082,0.001,-0.242,-0.025
13,A2_1,-0.118,-0.018,-0.335,0.126,-0.343,0.268,-0.231,1.0,0.228,0.102,-0.19,-0.058,-0.094,-0.308,0.028,0.395
13,A2_2,0.185,0.109,0.081,-0.163,0.021,-0.283,0.174,0.228,1.0,0.109,0.094,-0.117,-0.029,0.226,-0.086,0.038
13,A2_3,-0.004,0.155,-0.3,0.087,-0.105,0.198,-0.031,0.102,0.109,1.0,0.414,-0.182,0.091,-0.229,0.031,0.235
13,B2_1,0.031,0.315,-0.071,0.176,-0.031,0.271,0.039,-0.19,0.094,0.414,1.0,0.427,0.296,-0.127,0.137,0.282
13,B2_2,-0.289,-0.077,0.107,0.176,0.051,-0.003,0.047,-0.058,-0.117,-0.182,0.427,1.0,0.221,-0.221,0.009,-0.278
13,B2_3,-0.256,0.299,-0.306,0.201,-0.54,0.026,0.082,-0.094,-0.029,0.091,0.296,0.221,1.0,0.182,-0.387,-0.396
13,y1,0.199,0.124,0.111,-0.237,0.132,0.089,0.001,-0.308,0.226,-0.229,-0.127,-0.221,0.182,1.0,0.198,-0.196
13,y2,0.112,0.302,-0.01,-0.371,0.344,0.651,-0.242,0.028,-0.086,0.031,0.137,0.009,-0.387,0.198,1.0,0.251
13,y3,0.46,0.129,-0.045,0.134,0.228,0.18,-0.025,0.395,0.038,0.235,0.282,-0.278,-0.396,-0.196,0.251,1.0
14,.,1.0,0.025,0.544,-0.105,0.457,-0.133,0.462,-0.118,0.186,-0.003,0.029,-0.288,-0.256,0.2,0.11,0.459
14,A1_1,0.025,1.0,-0.175,-0.419,-0.076,0.343,-0.091,-0.018,0.11,0.155,0.314,-0.077,0.298,0.124,0.301,0.128
14,A1_2,0.544,-0.175,1.0,-0.404,0.575,-0.309,0.482,-0.336,0.082,-0.3,-0.071,0.107,-0.306,0.111,-0.01,-0.046
14,A1_3,-0.105,-0.419,-0.404,1.0,-0.362,-0.081,-0.174,0.124,-0.163,0.086,0.176,0.176,0.202,-0.235,-0.37,0.134
14,B1_1,0.457,-0.076,0.575,-0.362,1.0,-0.207,0.034,-0.343,0.021,-0.105,-0.03,0.052,-0.54,0.131,0.344,0.228
14,B1_2,-0.133,0.343,-0.309,-0.081,-0.207,1.0,-0.543,0.267,-0.285,0.196,0.272,-0.002,0.025,0.09,0.653,0.183
14,B1_3,0.462,-0.091,0.482,-0.174,0.034,-0.543,1.0,-0.23,0.174,-0.031,0.04,0.048,0.083,-0.001,-0.243,-0.026
14,A2_1,-0.118,-0.018,-0.336,0.124,-0.343,0.267,-0.23,1.0,0.228,0.101,-0.191,-0.059,-0.094,-0.307,0.029,0.396
14,A2_2,0.186,0.11,0.082,-0.163,0.021,-0.285,0.174,0.228,1.0,0.11,0.094,-0.117,-0.028,0.225,-0.087,0.036
14,A2_3,-0.003,0.155,-0.3,0.086,-0.105,0.196,-0.031,0.101,0.11,1.0,0.413,-0.184,0.091,-0.227,0.031,0.235
14,B2_1,0.029,0.314,-0.071,0.176,-0.03,0.272,0.04,-0.191,0.094,0.413,1.0,0.428,0.297,-0.128,0.136,0.282
14,B2_2,-0.288,-0.077,0.107,0.176,0.052,-0.002,0.048,-0.059,-0.117,-0.184,0.428,1.0,0.221,-0.222,0.009,-0.278
14,B2_3,-0.256,0.298,-0.306,0.202,-0.54,0.025,0.083,-0.094,-0.028,0.091,0.297,0.221,1.0,0.181,-0.387,-0.395
14,y1,0.2,0.124,0.111,-0.235,0.131,0.09,-0.001,-0.307,0.225,-0.227,-0.128,-0.222,0.181,1.0,0.197,-0.195
14,y2,0.11,0.301,-0.01,-0.37,0.344,0.653,-0.243,0.029,-0.087,0.031,0.136,0.009,-0.387,0.197,1.0,0.252
14,y3,0.459,0.128,-0.046,0.134,0.228,0.183,-0.026,0.396,0.036,0.235,0.282,-0.278,-0.395,-0.195,0.252,1.0
15,.,1.0,0.026,0.545,-0.105,0.457,-0.135,0.46,-0.117,0.186,-0.002,0.027,-0.288,-0.257,0.201,0.108,0.458
15,A1_1,0.026,1.0,-0.173,-0.419,-0.076,0.341,-0.091,-0.018,0.111,0.155,0.313,-0.078,0.297,0.123,0.301,0.128
15,A1_2,0.545,-0.173,1.0,-0.404,0.575,-0.31,0.483,-0.337,0.082,-0.299,-0.071,0.106,-0.305,0.111,-0.011,-0.047
15,A1_3,-0.105,-0.419,-0.404,1.0,-0.361,-0.082,-0.173,0.123,-0.162,0.085,0.176,0.176,0.202,-0.235,-0.37,0.134
15,B1_1,0.457,-0.076,0.575,-0.361,1.0,-0.207,0.035,-0.343,0.02,-0.105,-0.029,0.053,-0.54,0.13,0.344,0.228
15,B1_2,-0.135,0.341,-0.31,-0.082,-0.207,1.0,-0.542,0.266,-0.285,0.194,0.272,-0.001,0.024,0.091,0.654,0.185
15,B1_3,0.46,-0.091,0.483,-0.173,0.035,-0.542,1.0,-0.229,0.175,-0.031,0.041,0.049,0.084,-0.003,-0.245,-0.027
15,A2_1,-0.117,-0.018,-0.337,0.123,-0.343,0.266,-0.229,1.0,0.228,0.1,-0.191,-0.06,-0.094,-0.305,0.03,0.397
15,A2_2,0.186,0.111,0.082,-0.162,0.02,-0.285,0.175,0.228,1.0,0.11,0.093,-0.118,-0.028,0.225,-0.088,0.035
15,A2_3,-0.002,0.155,-0.299,0.085,-0.105,0.194,-0.031,0.1,0.11,1.0,0.412,-0.185,0.09,-0.226,0.033,0.236
15,B2_1,0.027,0.313,-0.071,0.176,-0.029,0.272,0.041,-0.191,0.093,0.412,1.0,0.429,0.297,-0.129,0.135,0.281
15,B2_2,-0.288,-0.078,0.106,0.176,0.053,-0.001,0.049,-0.06,-0.118,-0.185,0.429,1.0,0.222,-0.222,0.008,-0.278
15,B2_3,-0.257,0.297,-0.305,0.202,-0.54,0.024,0.084,-0.094,-0.028,0.09,0.297,0.222,1.0,0.181,-0.387,-0.395
15,y1,0.201,0.123,0.111,-0.235,0.13,0.091,-0.003,-0.305,0.225,-0.226,-0.129,-0.222,0.181,1.0,0.197,-0.195
15,y2,0.108,0.301,-0.011,-0.37,0.344,0.654,-0.245,0.03,-0.088,0.033,0.135,0.008,-0.387,0.197,1.0,0.252
15,y3,0.458,0.128,-0.047,0.134,0.228,0.185,-0.027,0.397,0.035,0.236,0.281,-0.278,-0.395,-0.195,0.252,1.0
16,.,1.0,0.027,0.546,-0.105,0.457,-0.137,0.458,-0.116,0.187,-0.002,0.026,-0.287,-0.257,0.203,0.106,0.457
16,A1_1,0.027,1.0,-0.172,-0.419,-0.076,0.339,-0.091,-0.018,0.112,0.155,0.312,-0.078,0.297,0.123,0.3,0.127
16,A1_2,0.546,-0.172,1.0,-0.404,0.574,-0.31,0.483,-0.337,0.083,-0.299,-0.071,0.106,-0.304,0.111,-0.012,-0.049
16,A1_3,-0.105,-0.419,-0.404,1.0,-0.361,-0.083,-0.172,0.121,-0.162,0.084,0.176,0.176,0.202,-0.234,-0.37,0.134
16,B1_1,0.457,-0.076,0.574,-0.361,1.0,-0.206,0.036,-0.343,0.02,-0.105,-0.028,0.054,-0.54,0.13,0.344,0.227
16,B1_2,-0.137,0.339,-0.31,-0.083,-0.206,1.0,-0.542,0.265,-0.286,0.192,0.272,-0.001,0.024,0.092,0.656,0.187
16,B1_3,0.458,-0.091,0.483,-0.172,0.036,-0.542,1.0,-0.228,0.174,-0.031,0.042,0.05,0.084,-0.005,-0.246,-0.028
16,A2_1,-0.116,-0.018,-0.337,0.121,-0.343,0.265,-0.228,1.0,0.229,0.099,-0.192,-0.061,-0.095,-0.304,0.032,0.398
16,A2_2,0.187,0.112,0.083,-0.162,0.02,-0.286,0.174,0.229,1.0,0.111,0.093,-0.118,-0.028,0.224,-0.089,0.034
16,A2_3,-0.002,0.155,-0.299,0.084,-0.105,0.192,-0.031,0.099,0.111,1.0,0.411,-0.186,0.09,-0.224,0.034,0.236
16,B2_1,0.026,0.312,-0.071,0.176,-0.028,0.272,0.042,-0.192,0.093,0.411,1.0,0.429,0.297,-0.13,0.135,0.281
16,B2_2,-0.287,-0.078,0.106,0.176,0.054,-0.001,0.05,-0.061,-0.118,-0.186,0.429,1.0,0.222,-0.223,0.007,-0.279
16,B2_3,-0.257,0.297,-0.304,0.202,-0.54,0.024,0.084,-0.095,-0.028,0.09,0.297,0.222,1.0,0.18,-0.387,-0.394
16,y1,0.203,0.123,0.111,-0.234,0.13,0.092,-0.005,-0.304,0.224,-0.224,-0.13,-0.223,0.18,1.0,0.197,-0.194
16,y2,0.106,0.3,-0.012,-0.37,0.344,0.656,-0.246,0.032,-0.089,0.034,0.135,0.007,-0.387,0.197,1.0,0.253
16,y3,0.457,0.127,-0.049,0.134,0.227,0.187,-0.028,0.398,0.034,0.236,0.281,-0.279,-0.394,-0.194,0.253,1.0
17,.,1.0,0.028,0.547,-0.104,0.458,-0.139,0.456,-0.116,0.187,-0.001,0.024,-0.287,-0.258,0.204,0.104,0.456
17,A1_1,0.028,1.0,-0.17,-0.419,-0.077,0.337,-0.091,-0.018,0.112,0.156,0.311,-0.079,0.296,0.122,0.3,0.127
17,A1_2,0.547,-0.17,1.0,-0.404,0.574,-0.311,0.483,-0.338,0.084,-0.299,-0.07,0.106,-0.304,0.111,-0.012,-0.05
17,A1_3,-0.104,-0.419,-0.404,1.0,-0.361,-0.083,-0.171,0.12,-0.162,0.084,0.176,0.176,0.202,-0.233,-0.369,0.134
17,B1_1,0.458,-0.077,0.574,-0.361,1.0,-0.206,0.036,-0.343,0.02,-0.106,-0.027,0.055,-0.54,0.129,0.343,0.227
17,B1_2,-0.139,0.337,-0.311,-0.083,-0.206,1.0,-0.541,0.265,-0.287,0.191,0.273,0.0,0.023,0.094,0.658,0.189
17,B1_3,0.456,-0.091,0.483,-0.171,0.036,-0.541,1.0,-0.227,0.175,-0.031,0.043,0.051,0.085,-0.006,-0.247,-0.029
17,A2_1,-0.116,-0.018,-0.338,0.12,-0.343,0.265,-0.227,1.0,0.229,0.098,-0.193,-0.062,-0.095,-0.302,0.034,0.399
17,A2_2,0.187,0.112,0.084,-0.162,0.02,-0.287,0.175,0.229,1.0,0.111,0.092,-0.119,-0.028,0.223,-0.09,0.032
17,A2_3,-0.001,0.156,-0.299,0.084,-0.106,0.191,-0.031,0.098,0.111,1.0,0.41,-0.187,0.09,-0.223,0.035,0.237
17,B2_1,0.024,0.311,-0.07,0.176,-0.027,0.273,0.043,-0.193,0.092,0.41,1.0,0.43,0.298,-0.131,0.134,0.281
17,B2_2,-0.287,-0.079,0.106,0.176,0.055,0.0,0.051,-0.062,-0.119,-0.187,0.43,1.0,0.223,-0.224,0.007,-0.279
17,B2_3,-0.258,0.296,-0.304,0.202,-0.54,0.023,0.085,-0.095,-0.028,0.09,0.298,0.223,1.0,0.179,-0.387,-0.394
17,y1,0.204,0.122,0.111,-0.233,0.129,0.094,-0.006,-0.302,0.223,-0.223,-0.131,-0.224,0.179,1.0,0.197,-0.194
17,y2,0.104,0.3,-0.012,-0.369,0.343,0.658,-0.247,0.034,-0.09,0.035,0.134,0.007,-0.387,0.197,1.0,0.253
17,y3,0.456,0.127,-0.05,0.134,0.227,0.189,-0.029,0.399,0.032,0.237,0.281,-0.279,-0.394,-0.194,0.253,1.0
18,.,1.0,0.029,0.548,-0.104,0.458,-0.141,0.454,-0.115,0.188,-0.001,0.022,-0.287,-0.258,0.205,0.103,0.455
18,A1_1,0.029,1.0,-0.169,-0.419,-0.077,0.335,-0.091,-0.018,0.113,0.156,0.31,-0.079,0.295,0.122,0.299,0.126
18,A1_2,0.548,-0.169,1.0,-0.404,0.574,-0.312,0.483,-0.338,0.085,-0.298,-0.07,0.105,-0.303,0.11,-0.013,-0.051
18,A1_3,-0.104,-0.419,-0.404,1.0,-0.36,-0.084,-0.17,0.118,-0.161,0.083,0.176,0.176,0.202,-0.232,-0.369,0.134
18,B1_1,0.458,-0.077,0.574,-0.36,1.0,-0.206,0.037,-0.343,0.02,-0.106,-0.026,0.056,-0.54,0.128,0.343,0.227
18,B1_2,-0.141,0.335,-0.312,-0.084,-0.206,1.0,-0.54,0.264,-0.288,0.189,0.273,0.001,0.022,0.095,0.66,0.191
18,B1_3,0.454,-0.091,0.483,-0.17,0.037,-0.54,1.0,-0.227,0.175,-0.032,0.044,0.052,0.086,-0.008,-0.249,-0.03
18,A2_1,-0.115,-0.018,-0.338,0.118,-0.343,0.264,-0.227,1.0,0.23,0.097,-0.193,-0.063,-0.096,-0.3,0.036,0.4
18,A2_2,0.188,0.113,0.085,-0.161,0.02,-0.288,0.175,0.23,1.0,0.112,0.092,-0.119,-0.028,0.222,-0.091,0.031
18,A2_3,-0.001,0.156,-0.298,0.083,-0.106,0.189,-0.032,0.097,0.112,1.0,0.409,-0.188,0.089,-0.221,0.036,0.238
18,B2_1,0.022,0.31,-0.07,0.176,-0.026,0.273,0.044,-0.193,0.092,0.409,1.0,0.43,0.298,-0.132,0.133,0.281
18,B2_2,-0.287,-0.079,0.105,0.176,0.056,0.001,0.052,-0.063,-0.119,-0.188,0.43,1.0,0.223,-0.225,0.006,-0.279
18,B2_3,-0.258,0.295,-0.303,0.202,-0.54,0.022,0.086,-0.096,-0.028,0.089,0.298,0.223,1.0,0.178,-0.387,-0.393
18,y1,0.205,0.122,0.11,-0.232,0.128,0.095,-0.008,-0.3,0.222,-0.221,-0.132,-0.225,0.178,1.0,0.196,-0.193
18,y2,0.103,0.299,-0.013,-0.369,0.343,0.66,-0.249,0.036,-0.091,0.036,0.133,0.006,-0.387,0.196,1.0,0.253
18,y3,0.455,0.126,-0.051,0.134,0.227,0.191,-0.03,0.4,0.031,0.238,0.281,-0.279,-0.393,-0.193,0.253,1.0
19,.,1.0,0.03,0.548,-0.104,0.457,-0.143,0.451,-0.115,0.189,0.0,0.021,-0.287,-0.259,0.207,0.101,0.454
19,A1_1,0.03,1.0,-0.167,-0.419,-0.077,0.334,-0.091,-0.019,0.114,0.156,0.309,-0.079,0.295,0.121,0.299,0.126
19,A1_2,0.548,-0.167,1.0,-0.403,0.573,-0.313,0.483,-0.339,0.086,-0.298,-0.07,0.105,-0.302,0.11,-0.014,-0.052
19,A1_3,-0.104,-0.419,-0.403,1.0,-0.36,-0.085,-0.17,0.117,-0.161,0.082,0.176,0.175,0.202,-0.231,-0.369,0.134
19,B1_1,0.457,-0.077,0.573,-0.36,1.0,-0.205,0.038,-0.342,0.02,-0.106,-0.025,0.057,-0.54,0.127,0.343,0.226
19,B1_2,-0.143,0.334,-0.313,-0.085,-0.205,1.0,-0.539,0.263,-0.289,0.187,0.274,0.001,0.021,0.096,0.661,0.193
19,B1_3,0.451,-0.091,0.483,-0.17,0.038,-0.539,1.0,-0.226,0.175,-0.032,0.045,0.053,0.087,-0.01,-0.25,-0.032
19,A2_1,-0.115,-0.019,-0.339,0.117,-0.342,0.263,-0.226,1.0,0.23,0.096,-0.194,-0.063,-0.096,-0.299,0.037,0.4
19,A2_2,0.189,0.114,0.086,-0.161,0.02,-0.289,0.175,0.23,1.0,0.112,0.091,-0.12,-0.027,0.222,-0.092,0.03
19,A2_3,0.0,0.156,-0.298,0.082,-0.106,0.187,-0.032,0.096,0.112,1.0,0.409,-0.189,0.089,-0.22,0.038,0.238
19,B2_1,0.021,0.309,-0.07,0.176,-0.025,0.274,0.045,-0.194,0.091,0.409,1.0,0.431,0.298,-0.132,0.132,0.281
19,B2_2,-0.287,-0.079,0.105,0.175,0.057,0.001,0.053,-0.063,-0.12,-0.189,0.431,1.0,0.224,-0.226,0.005,-0.279
19,B2_3,-0.259,0.295,-0.302,0.202,-0.54,0.021,0.087,-0.096,-0.027,0.089,0.298,0.224,1.0,0.178,-0.387,-0.393
19,y1,0.207,0.121,0.11,-0.231,0.127,0.096,-0.01,-0.299,0.222,-0.22,-0.132,-0.226,0.178,1.0,0.196,-0.192
19,y2,0.101,0.299,-0.014,-0.369,0.343,0.661,-0.25,0.037,-0.092,0.038,0.132,0.005,-0.387,0.196,1.0,0.254
19,y3,0.454,0.126,-0.052,0.134,0.226,0.193,-0.032,0.4,0.03,0.238,0.281,-0.279,-0.393,-0.192,0.254,1.0
20,.,1.0,0.031,0.549,-0.103,0.457,-0.145,0.449,-0.115,0.189,0.001,0.019,-0.286,-0.26,0.208,0.099,0.453
20,A1_1,0.031,1.0,-0.166,-0.418,-0.077,0.332,-0.091,-0.019,0.115,0.156,0.309,-0.08,0.294,0.121,0.298,0.125
20,A1_2,0.549,-0.166,1.0,-0.404,0.573,-0.314,0.483,-0.34,0.086,-0.297,-0.07,0.104,-0.302,0.11,-0.014,-0.053
20,A1_3,-0.103,-0.418,-0.404,1.0,-0.36,-0.085,-0.169,0.115,-0.161,0.081,0.176,0.175,0.203,-0.231,-0.368,0.134
20,B1_1,0.457,-0.077,0.573,-0.36,1.0,-0.205,0.038,-0.342,0.019,-0.107,-0.024,0.058,-0.54,0.126,0.342,0.226
20,B1_2,-0.145,0.332,-0.314,-0.085,-0.205,1.0,-0.538,0.262,-0.29,0.185,0.274,0.002,0.021,0.097,0.663,0.195
20,B1_3,0.449,-0.091,0.483,-0.169,0.038,-0.538,1.0,-0.226,0.175,-0.032,0.046,0.054,0.088,-0.012,-0.252,-0.033
20,A2_1,-0.115,-0.019,-0.34,0.115,-0.342,0.262,-0.226,1.0,0.23,0.095,-0.194,-0.064,-0.096,-0.297,0.039,0.401
20,A2_2,0.189,0.115,0.086,-0.161,0.019,-0.29,0.175,0.23,1.0,0.113,0.091,-0.12,-0.027,0.221,-0.093,0.028
20,A2_3,0.001,0.156,-0.297,0.081,-0.107,0.185,-0.032,0.095,0.113,1.0,0.408,-0.19,0.088,-0.218,0.039,0.239
20,B2_1,0.019,0.309,-0.07,0.176,-0.024,0.274,0.046,-0.194,0.091,0.408,1.0,0.432,0.299,-0.133,0.131,0.28
20,B2_2,-0.286,-0.08,0.104,0.175,0.058,0.002,0.054,-0.064,-0.12,-0.19,0.432,1.0,0.224,-0.227,0.004,-0.28
20,B2_3,-0.26,0.294,-0.302,0.203,-0.54,0.021,0.088,-0.096,-0.027,0.088,0.299,0.224,1.0,0.177,-0.387,-0.393
20,y1,0.208,0.121,0.11,-0.231,0.126,0.097,-0.012,-0.297,0.221,-0.218,-0.133,-0.227,0.177,1.0,0.196,-0.192
20,y2,0.099,0.298,-0.014,-0.368,0.342,0.663,-0.252,0.039,-0.093,0.039,0.131,0.004,-0.387,0.196,1.0,0.254
20,y3,0.453,0.125,-0.053,0.134,0.226,0.195,-0.033,0.401,0.028,0.239,0.28,-0.28,-0.393,-0.192,0.254,1.0
21,.,1.0,0.032,0.55,-0.103,0.457,-0.148,0.447,-0.114,0.19,0.001,0.017,-0.286,-0.26,0.209,0.097,0.452
21,A1_1,0.032,1.0,-0.164,-0.418,-0.077,0.329,-0.091,-0.019,0.116,0.157,0.308,-0.08,0.294,0.12,0.297,0.125
21,A1_2,0.55,-0.164,1.0,-0.403,0.572,-0.315,0.484,-0.34,0.087,-0.297,-0.07,0.104,-0.301,0.109,-0.015,-0.054
21,A1_3,-0.103,-0.418,-0.403,1.0,-0.359,-0.086,-0.168,0.114,-0.16,0.081,0.176,0.175,0.203,-0.23,-0.368,0.134
21,B1_1,0.457,-0.077,0.572,-0.359,1.0,-0.205,0.039,-0.342,0.019,-0.107,-0.023,0.059,-0.54,0.125,0.342,0.226
21,B1_2,-0.148,0.329,-0.315,-0.086,-0.205,1.0,-0.538,0.262,-0.291,0.183,0.275,0.003,0.021,0.098,0.664,0.197
21,B1_3,0.447,-0.091,0.484,-0.168,0.039,-0.538,1.0,-0.226,0.175,-0.032,0.047,0.054,0.088,-0.014,-0.254,-0.034
21,A2_1,-0.114,-0.019,-0.34,0.114,-0.342,0.262,-0.226,1.0,0.23,0.094,-0.195,-0.065,-0.097,-0.296,0.04,0.401
21,A2_2,0.19,0.116,0.087,-0.16,0.019,-0.291,0.175,0.23,1.0,0.114,0.091,-0.12,-0.027,0.22,-0.094,0.027
21,A2_3,0.001,0.157,-0.297,0.081,-0.107,0.183,-0.032,0.094,0.114,1.0,0.407,-0.191,0.088,-0.217,0.04,0.239
21,B2_1,0.017,0.308,-0.07,0.176,-0.023,0.275,0.047,-0.195,0.091,0.407,1.0,0.432,0.299,-0.135,0.13,0.28
21,B2_2,-0.286,-0.08,0.104,0.175,0.059,0.003,0.054,-0.065,-0.12,-0.191,0.432,1.0,0.225,-0.228,0.004,-0.28
21,B2_3,-0.26,0.294,-0.301,0.203,-0.54,0.021,0.088,-0.097,-0.027,0.088,0.299,0.225,1.0,0.176,-0.387,-0.392
21,y1,0.209,0.12,0.109,-0.23,0.125,0.098,-0.014,-0.296,0.22,-0.217,-0.135,-0.228,0.176,1.0,0.195,-0.191
21,y2,0.097,0.297,-0.015,-0.368,0.342,0.664,-0.254,0.04,-0.094,0.04,0.13,0.004,-0.387,0.195,1.0,0.255
21,y3,0.452,0.125,-0.054,0.134,0.226,0.197,-0.034,0.401,0.027,0.239,0.28,-0.28,-0.392,-0.191,0.255,1.0
22,.,1.0,0.033,0.551,-0.102,0.456,-0.15,0.445,-0.113,0.19,0.003,0.016,-0.285,-0.26,0.211,0.095,0.451
22,A1_1,0.033,1.0,-0.163,-0.418,-0.077,0.328,-0.091,-0.019,0.117,0.157,0.307,-0.081,0.293,0.12,0.297,0.124
22,A1_2,0.551,-0.163,1.0,-0.403,0.572,-0.316,0.484,-0.341,0.088,-0.296,-0.07,0.103,-0.301,0.109,-0.016,-0.056
22,A1_3,-0.102,-0.418,-0.403,1.0,-0.359,-0.087,-0.168,0.113,-0.16,0.08,0.176,0.175,0.203,-0.229,-0.368,0.134
22,B1_1,0.456,-0.077,0.572,-0.359,1.0,-0.204,0.04,-0.342,0.019,-0.107,-0.022,0.06,-0.539,0.124,0.342,0.226
22,B1_2,-0.15,0.328,-0.316,-0.087,-0.204,1.0,-0.537,0.261,-0.292,0.181,0.276,0.004,0.02,0.099,0.666,0.199
22,B1_3,0.445,-0.091,0.484,-0.168,0.04,-0.537,1.0,-0.225,0.175,-0.031,0.048,0.055,0.089,-0.016,-0.256,-0.035
22,A2_1,-0.113,-0.019,-0.341,0.113,-0.342,0.261,-0.225,1.0,0.231,0.093,-0.196,-0.066,-0.097,-0.294,0.042,0.401
22,A2_2,0.19,0.117,0.088,-0.16,0.019,-0.292,0.175,0.231,1.0,0.114,0.09,-0.121,-0.027,0.219,-0.095,0.026
22,A2_3,0.003,0.157,-0.296,0.08,-0.107,0.181,-0.031,0.093,0.114,1.0,0.406,-0.192,0.088,-0.215,0.041,0.24
22,B2_1,0.016,0.307,-0.07,0.176,-0.022,0.276,0.048,-0.196,0.09,0.406,1.0,0.433,0.3,-0.135,0.129,0.28
22,B2_2,-0.285,-0.081,0.103,0.175,0.06,0.004,0.055,-0.066,-0.121,-0.192,0.433,1.0,0.226,-0.229,0.003,-0.28
22,B2_3,-0.26,0.293,-0.301,0.203,-0.539,0.02,0.089,-0.097,-0.027,0.088,0.3,0.226,1.0,0.175,-0.387,-0.392
22,y1,0.211,0.12,0.109,-0.229,0.124,0.099,-0.016,-0.294,0.219,-0.215,-0.135,-0.229,0.175,1.0,0.195,-0.19
22,y2,0.095,0.297,-0.016,-0.368,0.342,0.666,-0.256,0.042,-0.095,0.041,0.129,0.003,-0.387,0.195,1.0,0.255
22,y3,0.451,0.124,-0.056,0.134,0.226,0.199,-0.035,0.401,0.026,0.24,0.28,-0.28,-0.392,-0.19,0.255,1.0
23,.,1.0,0.034,0.551,-0.102,0.456,-0.151,0.443,-0.113,0.191,0.004,0.015,-0.285,-0.261,0.212,0.094,0.45
23,A1_1,0.034,1.0,-0.162,-0.418,-0.078,0.326,-0.091,-0.019,0.117,0.157,0.306,-0.081,0.293,0.12,0.296,0.123
23,A1_2,0.551,-0.162,1.0,-0.403,0.572,-0.317,0.484,-0.342,0.089,-0.295,-0.07,0.103,-0.3,0.109,-0.017,-0.057
23,A1_3,-0.102,-0.418,-0.403,1.0,-0.359,-0.088,-0.167,0.111,-0.159,0.079,0.176,0.175,0.203,-0.229,-0.367,0.134
23,B1_1,0.456,-0.078,0.572,-0.359,1.0,-0.203,0.04,-0.342,0.019,-0.107,-0.02,0.061,-0.539,0.123,0.342,0.225
23,B1_2,-0.151,0.326,-0.317,-0.088,-0.203,1.0,-0.536,0.26,-0.292,0.179,0.276,0.005,0.02,0.101,0.668,0.201
23,B1_3,0.443,-0.091,0.484,-0.167,0.04,-0.536,1.0,-0.225,0.174,-0.031,0.049,0.056,0.09,-0.018,-0.257,-0.037
23,A2_1,-0.113,-0.019,-0.342,0.111,-0.342,0.26,-0.225,1.0,0.231,0.092,-0.196,-0.067,-0.097,-0.293,0.043,0.402
23,A2_2,0.191,0.117,0.089,-0.159,0.019,-0.292,0.174,0.231,1.0,0.115,0.09,-0.121,-0.026,0.218,-0.096,0.024
