,,.,A1_1,A1_2,A1_3,B1_1,B1_2,B1_3,A2_1,A2_2,A2_3,B2_1,B2_2,B2_3,y1,y2,y3
2,.,0.095,0.017,0.021,0.038,0.031,0.009,0.019,0.029,0.012,0.066,0.127,0.036,0.089,0.227,0.096,0.087
2,A1_1,0.106,0.016,0.013,0.013,0.041,0.176,0.399,0.01,0.009,0.009,0.008,0.013,0.01,0.088,0.04,0.048
2,A1_2,0.114,0.021,0.011,0.01,0.064,0.118,0.336,0.016,0.013,0.014,0.012,0.016,0.018,0.087,0.079,0.072
2,A1_3,0.117,0.023,0.025,0.021,0.04,0.226,0.388,0.011,0.006,0.003,0.004,0.009,0.006,0.04,0.04,0.039
2,B1_1,0.094,0.025,0.188,0.38,0.009,0.007,0.005,0.02,0.003,0.009,0.052,0.01,0.019,0.117,0.034,0.027
2,B1_2,0.245,0.053,0.135,0.166,0.02,0.029,0.016,0.103,0.013,0.038,0.023,0.008,0.023,0.043,0.049,0.035
2,B1_3,0.145,0.037,0.195,0.314,0.012,0.018,0.012,0.032,0.005,0.014,0.029,0.007,0.014,0.109,0.032,0.025
2,A2_1,0.086,0.007,0.009,0.007,0.016,0.012,0.011,0.01,0.021,0.032,0.158,0.21,0.085,0.04,0.079,0.216
2,A2_2,0.049,0.006,0.008,0.014,0.012,0.002,0.002,0.011,0.007,0.022,0.387,0.096,0.172,0.05,0.062,0.1
2,A2_3,0.313,0.025,0.034,0.017,0.015,0.08,0.023,0.033,0.05,0.034,0.063,0.071,0.035,0.02,0.047,0.142
2,B2_1,0.013,0.001,0.0,0.0,0.002,0.001,0.001,0.023,0.02,0.893,0.003,0.002,0.007,0.015,0.01,0.009
2,B2_2,0.148,0.017,0.011,0.008,0.014,0.011,0.007,0.102,0.061,0.406,0.026,0.014,0.033,0.029,0.052,0.059
2,B2_3,0.296,0.035,0.022,0.008,0.016,0.064,0.022,0.14,0.088,0.184,0.007,0.007,0.011,0.012,0.04,0.048
2,y1,0.333,0.037,0.036,0.02,0.022,0.092,0.037,0.081,0.055,0.076,0.02,0.019,0.022,0.022,0.051,0.078
2,y2,0.35,0.062,0.105,0.074,0.02,0.07,0.027,0.096,0.023,0.029,0.016,0.008,0.015,0.024,0.04,0.041
2,y3,0.329,0.03,0.035,0.016,0.011,0.047,0.011,0.097,0.083,0.157,0.023,0.018,0.019,0.015,0.037,0.07
4,.,0.186,0.017,0.023,0.033,0.022,0.05,0.028,0.025,0.034,0.021,0.021,0.043,0.035,0.101,0.235,0.127
4,A1_1,0.265,0.009,0.033,0.009,0.028,0.111,0.214,0.01,0.014,0.021,0.03,0.052,0.029,0.051,0.083,0.041
4,A1_2,0.307,0.009,0.021,0.009,0.038,0.073,0.286,0.017,0.012,0.057,0.018,0.022,0.011,0.037,0.048,0.034
4,A1_3,0.476,0.015,0.044,0.015,0.034,0.031,0.137,0.019,0.011,0.07,0.032,0.023,0.013,0.032,0.031,0.018
4,B1_1,0.424,0.021,0.32,0.055,0.015,0.016,0.014,0.009,0.004,0.018,0.014,0.01,0.005,0.022,0.043,0.011
4,B1_2,0.389,0.016,0.078,0.144,0.025,0.012,0.01,0.019,0.011,0.011,0.025,0.02,0.014,0.053,0.128,0.045
4,B1_3,0.394,0.026,0.379,0.029,0.012,0.016,0.016,0.008,0.005,0.029,0.016,0.01,0.006,0.019,0.03,0.007
4,A2_1,0.386,0.034,0.028,0.024,0.018,0.018,0.024,0.028,0.034,0.042,0.066,0.07,0.061,0.072,0.057,0.038
4,A2_2,0.206,0.015,0.009,0.01,0.007,0.023,0.011,0.011,0.021,0.007,0.096,0.139,0.291,0.069,0.046,0.04
4,A2_3,0.245,0.029,0.018,0.022,0.018,0.041,0.024,0.034,0.041,0.038,0.036,0.062,0.073,0.104,0.119,0.096
4,B2_1,0.209,0.032,0.053,0.023,0.021,0.04,0.046,0.034,0.062,0.112,0.017,0.022,0.016,0.074,0.174,0.065
4,B2_2,0.159,0.046,0.016,0.008,0.019,0.016,0.023,0.064,0.027,0.496,0.007,0.005,0.008,0.041,0.03,0.034
4,B2_3,0.108,0.015,0.008,0.022,0.023,0.026,0.028,0.038,0.087,0.045,0.019,0.029,0.03,0.11,0.261,0.151
4,y1,0.619,0.021,0.048,0.026,0.017,0.015,0.022,0.016,0.006,0.023,0.055,0.034,0.035,0.031,0.018,0.014
4,y2,0.415,0.029,0.029,0.014,0.012,0.03,0.041,0.023,0.031,0.05,0.064,0.074,0.067,0.053,0.041,0.028
4,y3,0.459,0.023,0.029,0.014,0.021,0.024,0.056,0.021,0.02,0.049,0.072,0.055,0.054,0.049,0.031,0.023
6,.,0.147,0.015,0.036,0.035,0.012,0.065,0.067,0.049,0.141,0.061,0.022,0.025,0.049,0.047,0.08,0.147
6,A1_1,0.128,0.003,0.004,0.002,0.178,0.058,0.52,0.006,0.004,0.003,0.007,0.014,0.004,0.02,0.025,0.023
6,A1_2,0.233,0.005,0.003,0.002,0.414,0.02,0.2,0.023,0.007,0.003,0.013,0.012,0.003,0.028,0.016,0.019
6,A1_3,0.214,0.009,0.015,0.01,0.132,0.065,0.198,0.049,0.033,0.026,0.017,0.024,0.012,0.036,0.051,0.111
6,B1_1,0.121,0.016,0.649,0.026,0.002,0.012,0.01,0.017,0.024,0.025,0.004,0.006,0.017,0.016,0.015,0.04
6,B1_2,0.055,0.1,0.162,0.156,0.006,0.011,0.009,0.021,0.033,0.025,0.024,0.005,0.024,0.057,0.067,0.245
6,B1_3,0.05,0.044,0.448,0.064,0.006,0.013,0.012,0.017,0.02,0.025,0.015,0.003,0.014,0.012,0.029,0.227
6,A2_1,0.32,0.01,0.013,0.018,0.019,0.021,0.022,0.054,0.024,0.022,0.032,0.155,0.041,0.183,0.043,0.023
6,A2_2,0.124,0.018,0.019,0.033,0.029,0.021,0.029,0.04,0.014,0.012,0.296,0.068,0.076,0.058,0.058,0.104
6,A2_3,0.101,0.005,0.006,0.018,0.017,0.033,0.028,0.017,0.004,0.009,0.129,0.388,0.08,0.083,0.047,0.034
6,B2_1,0.16,0.02,0.018,0.024,0.005,0.013,0.01,0.085,0.392,0.079,0.004,0.008,0.013,0.083,0.038,0.049
6,B2_2,0.218,0.012,0.027,0.016,0.01,0.014,0.009,0.177,0.223,0.099,0.015,0.022,0.018,0.044,0.027,0.069
6,B2_3,0.408,0.006,0.01,0.003,0.013,0.009,0.018,0.132,0.279,0.038,0.003,0.008,0.007,0.04,0.013,0.013
6,y1,0.506,0.012,0.083,0.007,0.013,0.011,0.012,0.103,0.096,0.043,0.009,0.022,0.013,0.041,0.011,0.017
6,y2,0.514,0.009,0.041,0.007,0.042,0.028,0.046,0.049,0.023,0.024,0.013,0.08,0.015,0.072,0.019,0.018
6,y3,0.378,0.009,0.033,0.005,0.011,0.012,0.016,0.126,0.262,0.051,0.009,0.011,0.013,0.029,0.014,0.022
8,.,0.163,0.037,0.022,0.057,0.033,0.022,0.027,0.025,0.051,0.029,0.04,0.023,0.037,0.096,0.136,0.203
8,A1_1,0.313,0.014,0.011,0.021,0.097,0.142,0.168,0.01,0.009,0.005,0.027,0.024,0.027,0.036,0.04,0.057
8,A1_2,0.568,0.024,0.029,0.033,0.051,0.029,0.035,0.033,0.009,0.037,0.01,0.016,0.028,0.038,0.017,0.044
8,A1_3,0.426,0.012,0.022,0.02,0.082,0.041,0.042,0.029,0.018,0.033,0.011,0.016,0.047,0.051,0.03,0.122
8,B1_1,0.179,0.081,0.06,0.155,0.015,0.018,0.02,0.02,0.041,0.016,0.043,0.03,0.018,0.103,0.098,0.102
8,B1_2,0.15,0.285,0.064,0.251,0.007,0.009,0.014,0.017,0.01,0.026,0.015,0.011,0.003,0.089,0.027,0.023
8,B1_3,0.177,0.196,0.131,0.232,0.01,0.009,0.013,0.012,0.008,0.027,0.007,0.01,0.003,0.121,0.014,0.031
8,A2_1,0.369,0.007,0.01,0.021,0.032,0.011,0.015,0.035,0.02,0.029,0.057,0.045,0.165,0.019,0.076,0.087
8,A2_2,0.201,0.016,0.009,0.038,0.026,0.015,0.022,0.025,0.029,0.016,0.133,0.04,0.099,0.027,0.217,0.088
8,A2_3,0.241,0.024,0.012,0.055,0.022,0.016,0.024,0.024,0.021,0.015,0.146,0.055,0.081,0.029,0.168,0.068
8,B2_1,0.254,0.036,0.02,0.041,0.018,0.023,0.016,0.094,0.142,0.038,0.021,0.016,0.02,0.058,0.077,0.125
8,B2_2,0.264,0.015,0.009,0.019,0.028,0.014,0.013,0.091,0.067,0.064,0.03,0.018,0.066,0.036,0.108,0.16
8,B2_3,0.467,0.011,0.009,0.012,0.021,0.018,0.012,0.153,0.057,0.058,0.011,0.014,0.035,0.02,0.03,0.07
8,y1,0.606,0.022,0.026,0.036,0.035,0.012,0.018,0.036,0.006,0.06,0.012,0.018,0.04,0.027,0.015,0.031
8,y2,0.522,0.025,0.026,0.046,0.023,0.01,0.014,0.048,0.011,0.053,0.027,0.031,0.057,0.029,0.033,0.047
8,y3,0.471,0.037,0.019,0.063,0.025,0.024,0.035,0.031,0.01,0.02,0.062,0.049,0.042,0.028,0.05,0.034
10,.,0.094,0.016,0.011,0.027,0.04,0.042,0.037,0.02,0.037,0.056,0.035,0.034,0.032,0.185,0.23,0.101
10,A1_1,0.226,0.009,0.024,0.007,0.046,0.115,0.38,0.005,0.005,0.007,0.007,0.017,0.009,0.086,0.018,0.039
10,A1_2,0.117,0.007,0.022,0.014,0.124,0.066,0.102,0.008,0.006,0.038,0.006,0.016,0.006,0.325,0.068,0.074
10,A1_3,0.314,0.013,0.016,0.011,0.037,0.058,0.067,0.016,0.013,0.021,0.026,0.053,0.029,0.21,0.04,0.077
10,B1_1,0.32,0.044,0.078,0.039,0.023,0.018,0.03,0.044,0.026,0.046,0.011,0.008,0.007,0.099,0.077,0.129
10,B1_2,0.466,0.037,0.05,0.037,0.01,0.007,0.009,0.079,0.029,0.069,0.02,0.012,0.009,0.052,0.032,0.083
10,B1_3,0.383,0.042,0.056,0.036,0.021,0.024,0.034,0.036,0.026,0.032,0.026,0.024,0.021,0.089,0.058,0.092
10,A2_1,0.128,0.007,0.004,0.008,0.012,0.039,0.021,0.006,0.013,0.011,0.114,0.323,0.224,0.053,0.021,0.017
10,A2_2,0.134,0.021,0.008,0.029,0.02,0.033,0.034,0.015,0.028,0.035,0.154,0.162,0.083,0.132,0.068,0.043
10,A2_3,0.218,0.014,0.009,0.021,0.017,0.03,0.027,0.012,0.014,0.025,0.14,0.252,0.098,0.078,0.021,0.024
10,B2_1,0.098,0.013,0.009,0.019,0.022,0.02,0.017,0.032,0.061,0.222,0.014,0.013,0.017,0.181,0.133,0.128
10,B2_2,0.369,0.013,0.02,0.015,0.018,0.016,0.015,0.07,0.036,0.152,0.009,0.009,0.009,0.089,0.042,0.119
10,B2_3,0.439,0.015,0.015,0.015,0.013,0.021,0.017,0.067,0.047,0.092,0.022,0.022,0.026,0.059,0.038,0.094
10,y1,0.585,0.027,0.111,0.035,0.01,0.007,0.009,0.051,0.015,0.052,0.008,0.008,0.007,0.018,0.012,0.044
10,y2,0.725,0.02,0.077,0.013,0.007,0.009,0.014,0.029,0.008,0.018,0.006,0.008,0.007,0.018,0.005,0.035
10,y3,0.7,0.018,0.075,0.013,0.012,0.016,0.024,0.024,0.008,0.015,0.007,0.013,0.011,0.021,0.007,0.036
12,.,0.055,0.014,0.028,0.008,0.057,0.024,0.038,0.043,0.083,0.023,0.033,0.134,0.023,0.077,0.079,0.281
12,A1_1,0.148,0.014,0.007,0.011,0.029,0.173,0.111,0.016,0.016,0.016,0.02,0.019,0.016,0.084,0.249,0.071
12,A1_2,0.18,0.01,0.013,0.013,0.074,0.123,0.169,0.02,0.03,0.017,0.015,0.053,0.012,0.055,0.109,0.108
12,A1_3,0.068,0.009,0.005,0.007,0.024,0.05,0.058,0.022,0.011,0.011,0.011,0.011,0.008,0.151,0.486,0.069
12,B1_1,0.577,0.052,0.06,0.128,0.013,0.008,0.013,0.007,0.008,0.006,0.016,0.027,0.016,0.016,0.022,0.031
12,B1_2,0.413,0.061,0.039,0.104,0.019,0.016,0.026,0.013,0.017,0.012,0.013,0.01,0.011,0.061,0.128,0.057
12,B1_3,0.386,0.083,0.057,0.099,0.021,0.018,0.025,0.015,0.019,0.012,0.018,0.017,0.013,0.052,0.091,0.073
12,A2_1,0.14,0.019,0.023,0.015,0.025,0.036,0.027,0.033,0.017,0.014,0.08,0.213,0.081,0.07,0.09,0.116
12,A2_2,0.139,0.017,0.018,0.015,0.011,0.019,0.011,0.038,0.018,0.019,0.133,0.177,0.154,0.066,0.077,0.088
12,A2_3,0.079,0.005,0.013,0.005,0.013,0.012,0.011,0.009,0.003,0.002,0.046,0.696,0.06,0.008,0.007,0.033
12,B2_1,0.039,0.007,0.016,0.004,0.029,0.015,0.023,0.072,0.412,0.083,0.014,0.02,0.007,0.031,0.025,0.204
12,B2_2,0.101,0.016,0.023,0.005,0.021,0.024,0.023,0.272,0.107,0.073,0.031,0.048,0.017,0.052,0.047,0.14
12,B2_3,0.17,0.029,0.031,0.017,0.033,0.036,0.047,0.069,0.194,0.073,0.014,0.012,0.007,0.048,0.062,0.156
12,y1,0.464,0.024,0.04,0.038,0.016,0.03,0.021,0.012,0.008,0.007,0.052,0.172,0.058,0.011,0.011,0.035
12,y2,0.607,0.03,0.023,0.036,0.014,0.053,0.038,0.025,0.013,0.017,0.021,0.023,0.017,0.02,0.033,0.031
12,y3,0.454,0.035,0.044,0.05,0.026,0.034,0.035,0.022,0.021,0.016,0.034,0.062,0.03,0.03,0.04,0.067
14,.,0.174,0.04,0.097,0.081,0.017,0.013,0.012,0.037,0.028,0.017,0.041,0.018,0.044,0.12,0.195,0.066
14,A1_1,0.084,0.001,0.001,0.001,0.029,0.794,0.014,0.003,0.006,0.003,0.003,0.004,0.003,0.027,0.009,0.019
14,A1_2,0.241,0.011,0.028,0.017,0.065,0.189,0.044,0.025,0.028,0.02,0.021,0.012,0.017,0.119,0.078,0.085
14,A1_3,0.152,0.005,0.007,0.005,0.06,0.635,0.018,0.007,0.009,0.004,0.009,0.004,0.007,0.028,0.021,0.028
14,B1_1,0.134,0.053,0.302,0.267,0.017,0.002,0.011,0.019,0.013,0.006,0.026,0.013,0.014,0.048,0.052,0.022
14,B1_2,0.364,0.04,0.152,0.055,0.023,0.021,0.015,0.026,0.047,0.013,0.009,0.029,0.019,0.106,0.049,0.032
14,B1_3,0.297,0.053,0.261,0.116,0.032,0.015,0.014,0.022,0.032,0.007,0.007,0.014,0.011,0.059,0.035,0.022
14,A2_1,0.21,0.008,0.022,0.018,0.014,0.03,0.017,0.008,0.008,0.012,0.157,0.189,0.052,0.171,0.043,0.039
14,A2_2,0.281,0.025,0.016,0.029,0.013,0.018,0.02,0.012,0.009,0.02,0.215,0.064,0.141,0.041,0.059,0.038
14,A2_3,0.234,0.027,0.026,0.049,0.023,0.027,0.026,0.012,0.008,0.014,0.237,0.048,0.096,0.05,0.075,0.048
14,B2_1,0.419,0.017,0.027,0.015,0.013,0.012,0.014,0.078,0.113,0.07,0.014,0.019,0.039,0.062,0.05,0.038
14,B2_2,0.487,0.016,0.017,0.012,0.016,0.009,0.019,0.093,0.125,0.089,0.01,0.008,0.032,0.018,0.025,0.025
14,B2_3,0.378,0.01,0.017,0.006,0.009,0.012,0.006,0.128,0.231,0.073,0.004,0.007,0.019,0.041,0.033,0.025
14,y1,0.574,0.024,0.047,0.033,0.041,0.028,0.028,0.034,0.049,0.024,0.017,0.017,0.02,0.026,0.016,0.022
14,y2,0.607,0.011,0.013,0.008,0.022,0.022,0.041,0.027,0.052,0.06,0.015,0.03,0.03,0.028,0.012,0.024
14,y3,0.437,0.024,0.06,0.054,0.06,0.03,0.07,0.019,0.021,0.022,0.043,0.032,0.025,0.043,0.024,0.036
16,.,0.115,0.026,0.019,0.038,0.017,0.032,0.036,0.021,0.013,0.012,0.043,0.033,0.023,0.125,0.3,0.146
16,A1_1,0.277,0.004,0.006,0.004,0.018,0.239,0.208,0.01,0.012,0.01,0.04,0.016,0.019,0.029,0.045,0.064
16,A1_2,0.354,0.037,0.017,0.018,0.019,0.055,0.066,0.017,0.014,0.018,0.026,0.013,0.035,0.072,0.156,0.081
16,A1_3,0.34,0.008,0.009,0.01,0.021,0.211,0.064,0.013,0.018,0.052,0.035,0.013,0.028,0.043,0.07,0.065
16,B1_1,0.209,0.128,0.07,0.153,0.014,0.028,0.013,0.01,0.011,0.016,0.021,0.01,0.012,0.068,0.203,0.033
16,B1_2,0.137,0.214,0.044,0.161,0.007,0.005,0.003,0.028,0.019,0.043,0.017,0.018,0.01,0.111,0.15,0.033
16,B1_3,0.146,0.286,0.057,0.113,0.008,0.005,0.009,0.011,0.01,0.01,0.012,0.012,0.008,0.084,0.188,0.04
16,A2_1,0.227,0.007,0.01,0.015,0.015,0.164,0.025,0.009,0.004,0.008,0.088,0.033,0.158,0.043,0.146,0.048
16,A2_2,0.33,0.014,0.011,0.011,0.015,0.096,0.04,0.012,0.006,0.01,0.073,0.041,0.121,0.048,0.114,0.059
16,A2_3,0.386,0.022,0.023,0.026,0.013,0.059,0.021,0.024,0.014,0.027,0.108,0.105,0.053,0.04,0.051,0.029
16,B2_1,0.07,0.004,0.002,0.004,0.003,0.004,0.002,0.065,0.059,0.75,0.003,0.002,0.001,0.017,0.007,0.008
16,B2_2,0.209,0.023,0.01,0.023,0.012,0.013,0.013,0.145,0.055,0.183,0.022,0.018,0.02,0.094,0.106,0.054
16,B2_3,0.1,0.005,0.003,0.008,0.006,0.006,0.011,0.374,0.113,0.255,0.015,0.017,0.003,0.044,0.02,0.021
16,y1,0.418,0.008,0.015,0.008,0.016,0.117,0.139,0.019,0.014,0.012,0.074,0.052,0.025,0.021,0.032,0.029
16,y2,0.532,0.023,0.015,0.015,0.011,0.033,0.032,0.06,0.05,0.114,0.022,0.015,0.011,0.027,0.023,0.016
16,y3,0.601,0.013,0.017,0.012,0.012,0.103,0.041,0.019,0.022,0.051,0.032,0.015,0.016,0.015,0.018,0.011
18,.,0.188,0.035,0.022,0.04,0.043,0.037,0.051,0.048,0.029,0.04,0.025,0.032,0.046,0.179,0.102,0.084
18,A1_1,0.113,0.01,0.021,0.019,0.137,0.198,0.062,0.016,0.012,0.011,0.014,0.03,0.022,0.102,0.147,0.086
18,A1_2,0.1,0.005,0.009,0.008,0.388,0.166,0.107,0.014,0.023,0.011,0.004,0.009,0.007,0.049,0.062,0.038
18,A1_3,0.13,0.003,0.016,0.011,0.258,0.324,0.057,0.008,0.008,0.009,0.014,0.018,0.017,0.031,0.055,0.041
18,B1_1,0.446,0.088,0.174,0.098,0.012,0.03,0.014,0.015,0.02,0.023,0.01,0.019,0.008,0.01,0.02,0.016
18,B1_2,0.239,0.276,0.067,0.164,0.005,0.009,0.013,0.015,0.02,0.027,0.018,0.022,0.024,0.044,0.027,0.029
18,B1_3,0.163,0.143,0.051,0.131,0.013,0.02,0.024,0.022,0.019,0.024,0.024,0.027,0.038,0.146,0.084,0.072
18,A2_1,0.372,0.014,0.017,0.022,0.022,0.051,0.027,0.04,0.02,0.03,0.064,0.096,0.038,0.057,0.051,0.079
18,A2_2,0.113,0.006,0.003,0.014,0.003,0.008,0.009,0.006,0.003,0.009,0.562,0.029,0.187,0.024,0.007,0.016
18,A2_3,0.062,0.01,0.004,0.023,0.015,0.023,0.022,0.011,0.004,0.012,0.195,0.032,0.26,0.201,0.052,0.071
18,B2_1,0.486,0.023,0.028,0.016,0.011,0.008,0.019,0.126,0.063,0.129,0.006,0.022,0.009,0.02,0.018,0.017
18,B2_2,0.416,0.024,0.023,0.015,0.01,0.008,0.021,0.161,0.062,0.114,0.008,0.031,0.012,0.037,0.031,0.027
18,B2_3,0.34,0.01,0.012,0.004,0.003,0.002,0.01,0.311,0.06,0.187,0.003,0.016,0.006,0.015,0.012,0.008
18,y1,0.507,0.041,0.044,0.035,0.015,0.023,0.027,0.044,0.027,0.055,0.038,0.039,0.034,0.024,0.025,0.022
18,y2,0.535,0.042,0.034,0.028,0.016,0.023,0.031,0.044,0.035,0.049,0.031,0.042,0.022,0.021,0.023,0.022
18,y3,0.483,0.023,0.021,0.026,0.009,0.014,0.022,0.045,0.022,0.059,0.109,0.04,0.068,0.025,0.015,0.02
20,.,0.144,0.044,0.036,0.029,0.035,0.044,0.078,0.014,0.029,0.028,0.055,0.035,0.016,0.143,0.154,0.116
20,A1_1,0.071,0.004,0.005,0.002,0.226,0.354,0.078,0.006,0.018,0.022,0.024,0.012,0.022,0.008,0.029,0.119
20,A1_2,0.065,0.031,0.028,0.018,0.185,0.105,0.189,0.005,0.014,0.013,0.016,0.017,0.013,0.042,0.075,0.185
20,A1_3,0.106,0.019,0.016,0.015,0.437,0.09,0.076,0.01,0.017,0.014,0.008,0.008,0.019,0.013,0.031,0.123
20,B1_1,0.329,0.086,0.102,0.206,0.01,0.006,0.011,0.01,0.017,0.016,0.012,0.019,0.007,0.117,0.028,0.024
20,B1_2,0.15,0.194,0.127,0.325,0.013,0.003,0.01,0.007,0.01,0.006,0.006,0.008,0.005,0.071,0.04,0.026
20,B1_3,0.327,0.095,0.08,0.15,0.01,0.006,0.011,0.017,0.022,0.018,0.024,0.022,0.011,0.123,0.053,0.029
20,A2_1,0.444,0.016,0.022,0.018,0.009,0.014,0.017,0.01,0.015,0.019,0.115,0.115,0.027,0.109,0.028,0.022
20,A2_2,0.431,0.012,0.013,0.009,0.006,0.014,0.006,0.013,0.016,0.015,0.254,0.086,0.049,0.034,0.026,0.014
20,A2_3,0.442,0.023,0.026,0.02,0.006,0.011,0.009,0.01,0.012,0.013,0.18,0.107,0.03,0.064,0.031,0.015
20,B2_1,0.417,0.011,0.018,0.025,0.004,0.008,0.007,0.04,0.054,0.075,0.036,0.026,0.011,0.21,0.037,0.022
20,B2_2,0.526,0.007,0.013,0.019,0.017,0.019,0.006,0.068,0.068,0.122,0.017,0.011,0.013,0.053,0.02,0.02
20,B2_3,0.295,0.015,0.016,0.029,0.005,0.007,0.006,0.085,0.097,0.089,0.023,0.011,0.011,0.206,0.068,0.038
20,y1,0.538,0.026,0.034,0.044,0.089,0.037,0.014,0.022,0.027,0.029,0.022,0.018,0.031,0.019,0.017,0.033
20,y2,0.461,0.061,0.067,0.137,0.046,0.013,0.01,0.023,0.028,0.024,0.012,0.011,0.017,0.036,0.022,0.031
20,y3,0.413,0.058,0.063,0.095,0.034,0.018,0.017,0.023,0.033,0.031,0.025,0.021,0.019,0.068,0.041,0.042
22,.,0.177,0.033,0.031,0.029,0.041,0.056,0.027,0.057,0.03,0.022,0.04,0.022,0.021,0.156,0.127,0.131
22,A1_1,0.322,0.008,0.005,0.003,0.072,0.146,0.071,0.031,0.024,0.032,0.028,0.034,0.019,0.09,0.033,0.083
22,A1_2,0.06,0.022,0.02,0.026,0.017,0.023,0.018,0.011,0.019,0.005,0.016,0.009,0.006,0.302,0.317,0.128
22,A1_3,0.174,0.016,0.008,0.004,0.126,0.224,0.079,0.017,0.014,0.015,0.02,0.026,0.021,0.113,0.041,0.1
22,B1_1,0.099,0.048,0.12,0.18,0.005,0.004,0.002,0.034,0.024,0.013,0.018,0.007,0.01,0.099,0.288,0.05
22,B1_2,0.268,0.065,0.071,0.063,0.023,0.024,0.013,0.043,0.023,0.024,0.031,0.01,0.022,0.079,0.129,0.112
22,B1_3,0.204,0.08,0.102,0.048,0.067,0.044,0.019,0.056,0.017,0.016,0.01,0.007,0.007,0.124,0.102,0.097
22,A2_1,0.368,0.016,0.013,0.016,0.029,0.052,0.016,0.02,0.016,0.022,0.094,0.106,0.065,0.056,0.062,0.048
22,A2_2,0.154,0.011,0.007,0.025,0.002,0.008,0.007,0.011,0.01,0.004,0.32,0.063,0.024,0.068,0.215,0.07
22,A2_3,0.529,0.018,0.018,0.014,0.036,0.046,0.011,0.028,0.009,0.025,0.059,0.084,0.048,0.024,0.025,0.025
22,B2_1,0.122,0.005,0.013,0.018,0.006,0.009,0.01,0.034,0.094,0.038,0.018,0.011,0.008,0.259,0.276,0.081
22,B2_2,0.204,0.009,0.017,0.017,0.011,0.013,0.014,0.042,0.069,0.048,0.015,0.011,0.008,0.227,0.221,0.074
22,B2_3,0.279,0.006,0.021,0.01,0.023,0.021,0.012,0.087,0.135,0.232,0.006,0.008,0.019,0.063,0.034,0.045
22,y1,0.661,0.015,0.017,0.007,0.041,0.039,0.009,0.023,0.01,0.062,0.015,0.024,0.042,0.01,0.009,0.016
22,y2,0.43,0.01,0.021,0.008,0.04,0.035,0.014,0.053,0.058,0.207,0.006,0.007,0.029,0.029,0.017,0.037
22,y3,0.692,0.014,0.018,0.007,0.035,0.033,0.012,0.022,0.013,0.051,0.012,0.016,0.019,0.018,0.015,0.024
24,.,0.105,0.021,0.042,0.012,0.01,0.021,0.016,0.016,0.053,0.024,0.029,0.08,0.044,0.101,0.063,0.362
24,A1_1,0.189,0.01,0.056,0.029,0.038,0.062,0.044,0.034,0.054,0.025,0.01,0.036,0.021,0.071,0.183,0.138
24,A1_2,0.302,0.029,0.045,0.029,0.016,0.022,0.034,0.042,0.071,0.035,0.019,0.043,0.016,0.094,0.054,0.149
24,A1_3,0.24,0.004,0.012,0.016,0.05,0.118,0.059,0.03,0.037,0.025,0.03,0.037,0.048,0.069,0.061,0.162
24,B1_1,0.22,0.102,0.258,0.069,0.017,0.012,0.017,0.019,0.012,0.015,0.009,0.023,0.013,0.048,0.114,0.052
24,B1_2,0.431,0.179,0.089,0.068,0.014,0.007,0.011,0.038,0.007,0.017,0.018,0.018,0.011,0.036,0.033,0.024
24,B1_3,0.294,0.24,0.182,0.075,0.011,0.006,0.009,0.027,0.004,0.008,0.012,0.027,0.01,0.032,0.036,0.027
24,A2_1,0.51,0.011,0.02,0.021,0.04,0.044,0.021,0.02,0.012,0.01,0.038,0.074,0.093,0.018,0.038,0.031
24,A2_2,0.53,0.019,0.013,0.016,0.021,0.022,0.012,0.015,0.007,0.009,0.079,0.078,0.121,0.017,0.013,0.029
24,A2_3,0.312,0.023,0.03,0.012,0.01,0.014,0.01,0.016,0.031,0.009,0.049,0.245,0.096,0.03,0.022,0.091
24,B2_1,0.036,0.002,0.007,0.002,0.002,0.006,0.004,0.018,0.516,0.088,0.005,0.017,0.007,0.058,0.067,0.165
24,B2_2,0.216,0.013,0.015,0.013,0.018,0.025,0.013,0.08,0.148,0.133,0.016,0.018,0.016,0.078,0.103,0.095
24,B2_3,0.225,0.013,0.019,0.02,0.031,0.033,0.014,0.103,0.09,0.123,0.01,0.011,0.012,0.065,0.171,0.059
24,y1,0.665,0.009,0.014,0.019,0.021,0.022,0.018,0.048,0.032,0.013,0.016,0.05,0.021,0.015,0.021,0.016
24,y2,0.474,0.019,0.02,0.055,0.059,0.062,0.066,0.042,0.008,0.026,0.023,0.007,0.014,0.051,0.036,0.037
24,y3,0.576,0.017,0.017,0.027,0.027,0.031,0.029,0.045,0.02,0.018,0.031,0.038,0.027,0.034,0.022,0.04
26,.,0.078,0.034,0.021,0.029,0.025,0.066,0.027,0.028,0.034,0.028,0.02,0.015,0.013,0.112,0.2,0.269
26,A1_1,0.494,0.032,0.016,0.027,0.072,0.053,0.097,0.028,0.027,0.014,0.007,0.013,0.007,0.044,0.04,0.027
26,A1_2,0.244,0.017,0.008,0.033,0.278,0.049,0.101,0.027,0.032,0.012,0.003,0.006,0.009,0.074,0.065,0.043
26,A1_3,0.111,0.021,0.011,0.027,0.121,0.089,0.072,0.027,0.028,0.016,0.013,0.014,0.017,0.118,0.181,0.133
26,B1_1,0.416,0.032,0.1,0.19,0.017,0.007,0.007,0.014,0.008,0.009,0.017,0.016,0.017,0.026,0.029,0.095
26,B1_2,0.445,0.056,0.048,0.149,0.029,0.007,0.006,0.013,0.01,0.011,0.022,0.012,0.018,0.037,0.027,0.11
26,B1_3,0.359,0.051,0.096,0.087,0.011,0.018,0.012,0.019,0.016,0.019,0.036,0.031,0.022,0.045,0.051,0.127
26,A2_1,0.125,0.006,0.015,0.011,0.032,0.04,0.032,0.018,0.013,0.015,0.105,0.133,0.098,0.111,0.14,0.107
26,A2_2,0.337,0.012,0.018,0.018,0.026,0.01,0.011,0.016,0.022,0.023,0.087,0.088,0.083,0.103,0.047,0.097
26,A2_3,0.086,0.005,0.016,0.005,0.004,0.01,0.005,0.006,0.005,0.009,0.347,0.231,0.094,0.052,0.05,0.074
26,B2_1,0.374,0.013,0.016,0.019,0.013,0.008,0.009,0.036,0.062,0.057,0.03,0.046,0.025,0.112,0.043,0.137
26,B2_2,0.535,0.021,0.01,0.021,0.014,0.01,0.016,0.052,0.078,0.05,0.008,0.015,0.004,0.069,0.026,0.071
26,B2_3,0.155,0.015,0.012,0.022,0.023,0.028,0.021,0.05,0.057,0.044,0.022,0.026,0.014,0.141,0.127,0.241
26,y1,0.693,0.02,0.031,0.065,0.031,0.008,0.015,0.016,0.01,0.008,0.009,0.016,0.012,0.023,0.015,0.028
26,y2,0.551,0.015,0.024,0.022,0.014,0.011,0.014,0.02,0.018,0.02,0.051,0.073,0.033,0.053,0.028,0.053
26,y3,0.743,0.023,0.02,0.029,0.019,0.007,0.013,0.014,0.016,0.013,0.012,0.019,0.011,0.027,0.011,0.023
28,.,0.115,0.017,0.056,0.058,0.058,0.03,0.03,0.025,0.016,0.06,0.018,0.058,0.063,0.134,0.185,0.076
28,A1_1,0.299,0.019,0.044,0.022,0.053,0.038,0.059,0.018,0.036,0.034,0.015,0.024,0.019,0.143,0.074,0.102
28,A1_2,0.115,0.007,0.012,0.027,0.313,0.064,0.213,0.014,0.015,0.01,0.004,0.025,0.022,0.048,0.054,0.057
28,A1_3,0.119,0.007,0.008,0.021,0.272,0.059,0.093,0.012,0.012,0.019,0.007,0.036,0.037,0.08,0.182,0.037
28,B1_1,0.392,0.028,0.328,0.061,0.004,0.006,0.007,0.009,0.022,0.019,0.013,0.006,0.01,0.042,0.032,0.022
28,B1_2,0.378,0.113,0.129,0.125,0.014,0.011,0.022,0.016,0.016,0.01,0.024,0.015,0.017,0.035,0.029,0.047
28,B1_3,0.092,0.079,0.417,0.11,0.005,0.009,0.019,0.01,0.014,0.008,0.013,0.013,0.011,0.057,0.019,0.123
28,A2_1,0.169,0.012,0.023,0.029,0.051,0.043,0.027,0.009,0.011,0.015,0.061,0.177,0.17,0.073,0.064,0.065
28,A2_2,0.174,0.011,0.028,0.02,0.015,0.018,0.008,0.005,0.008,0.016,0.118,0.152,0.212,0.091,0.075,0.05
28,A2_3,0.156,0.013,0.023,0.015,0.02,0.027,0.014,0.009,0.012,0.023,0.099,0.173,0.146,0.117,0.052,0.102
28,B2_1,0.379,0.002,0.016,0.004,0.013,0.012,0.006,0.018,0.041,0.229,0.013,0.012,0.012,0.137,0.084,0.023
28,B2_2,0.615,0.008,0.019,0.008,0.005,0.005,0.003,0.026,0.035,0.167,0.016,0.006,0.006,0.043,0.026,0.013
28,B2_3,0.35,0.007,0.032,0.012,0.022,0.02,0.013,0.023,0.037,0.137,0.02,0.025,0.024,0.14,0.095,0.044
28,y1,0.641,0.012,0.058,0.026,0.014,0.017,0.015,0.008,0.024,0.013,0.035,0.027,0.033,0.032,0.019,0.025
28,y2,0.801,0.012,0.03,0.016,0.008,0.009,0.008,0.004,0.016,0.006,0.024,0.01,0.015,0.017,0.016,0.008
28,y3,0.741,0.012,0.037,0.016,0.01,0.012,0.01,0.009,0.027,0.017,0.023,0.013,0.013,0.027,0.015,0.017
30,.,0.148,0.044,0.035,0.029,0.024,0.015,0.033,0.05,0.079,0.053,0.021,0.027,0.03,0.121,0.146,0.143
30,A1_1,0.401,0.012,0.017,0.008,0.041,0.042,0.036,0.02,0.033,0.043,0.021,0.018,0.023,0.134,0.077,0.073
30,A1_2,0.117,0.008,0.021,0.014,0.098,0.048,0.258,0.015,0.018,0.023,0.007,0.03,0.031,0.107,0.097,0.107
30,A1_3,0.404,0.008,0.016,0.014,0.114,0.09,0.079,0.011,0.017,0.02,0.012,0.026,0.014,0.063,0.059,0.053
30,B1_1,0.327,0.072,0.158,0.072,0.03,0.026,0.032,0.028,0.027,0.016,0.007,0.009,0.01,0.036,0.1,0.05
30,B1_2,0.273,0.131,0.064,0.143,0.013,0.01,0.017,0.048,0.049,0.029,0.018,0.035,0.023,0.028,0.079,0.039
30,B1_3,0.311,0.132,0.085,0.082,0.012,0.012,0.015,0.031,0.028,0.023,0.015,0.031,0.028,0.039,0.121,0.034
30,A2_1,0.154,0.056,0.019,0.029,0.013,0.01,0.016,0.016,0.019,0.02,0.045,0.081,0.115,0.155,0.168,0.084
30,A2_2,0.366,0.031,0.018,0.019,0.016,0.017,0.021,0.021,0.024,0.033,0.041,0.041,0.073,0.139,0.082,0.059
30,A2_3,0.448,0.005,0.003,0.003,0.01,0.014,0.011,0.008,0.013,0.022,0.076,0.018,0.074,0.224,0.024,0.047
30,B2_1,0.252,0.013,0.01,0.011,0.014,0.011,0.02,0.102,0.251,0.192,0.012,0.009,0.006,0.033,0.024,0.041
30,B2_2,0.132,0.011,0.009,0.008,0.008,0.006,0.04,0.155,0.207,0.319,0.006,0.009,0.009,0.033,0.019,0.031
30,B2_3,0.277,0.019,0.016,0.011,0.025,0.021,0.014,0.062,0.172,0.104,0.021,0.011,0.008,0.079,0.065,0.095
30,y1,0.669,0.012,0.011,0.016,0.019,0.023,0.025,0.033,0.044,0.066,0.011,0.016,0.009,0.019,0.015,0.012
30,y2,0.68,0.024,0.013,0.042,0.015,0.019,0.021,0.019,0.017,0.027,0.016,0.039,0.023,0.017,0.019,0.01
30,y3,0.433,0.023,0.021,0.032,0.022,0.02,0.085,0.043,0.033,0.065,0.016,0.037,0.05,0.055,0.035,0.03
32,.,0.09,0.018,0.016,0.021,0.022,0.011,0.027,0.026,0.053,0.078,0.023,0.012,0.017,0.113,0.138,0.335
32,A1_1,0.104,0.002,0.002,0.003,0.028,0.401,0.384,0.002,0.004,0.002,0.009,0.009,0.01,0.015,0.007,0.018
32,A1_2,0.115,0.018,0.01,0.014,0.028,0.098,0.529,0.004,0.013,0.007,0.009,0.004,0.009,0.034,0.018,0.09
32,A1_3,0.187,0.011,0.01,0.011,0.048,0.218,0.335,0.007,0.018,0.008,0.011,0.01,0.015,0.038,0.021,0.049
32,B1_1,0.067,0.088,0.232,0.089,0.025,0.006,0.008,0.019,0.016,0.017,0.014,0.012,0.005,0.062,0.226,0.114
32,B1_2,0.141,0.093,0.099,0.069,0.02,0.008,0.013,0.016,0.024,0.027,0.033,0.028,0.024,0.068,0.186,0.151
32,B1_3,0.136,0.126,0.196,0.099,0.026,0.01,0.015,0.023,0.032,0.027,0.013,0.012,0.013,0.055,0.125,0.093
32,A2_1,0.396,0.022,0.011,0.018,0.019,0.055,0.031,0.018,0.037,0.034,0.051,0.055,0.124,0.038,0.037,0.054
32,A2_2,0.276,0.016,0.006,0.011,0.007,0.027,0.01,0.022,0.016,0.035,0.199,0.087,0.173,0.025,0.036,0.054
32,A2_3,0.109,0.006,0.004,0.006,0.004,0.014,0.003,0.005,0.003,0.008,0.368,0.225,0.09,0.023,0.078,0.054
32,B2_1,0.165,0.017,0.023,0.017,0.044,0.02,0.016,0.077,0.171,0.177,0.008,0.007,0.014,0.09,0.077,0.079
32,B2_2,0.083,0.014,0.012,0.013,0.01,0.004,0.003,0.116,0.117,0.353,0.019,0.006,0.016,0.058,0.074,0.105
32,B2_3,0.088,0.014,0.01,0.012,0.014,0.006,0.009,0.084,0.109,0.268,0.021,0.006,0.016,0.079,0.082,0.181
32,y1,0.301,0.061,0.059,0.046,0.023,0.026,0.014,0.062,0.057,0.07,0.037,0.026,0.052,0.045,0.065,0.058
32,y2,0.364,0.095,0.072,0.057,0.018,0.039,0.024,0.035,0.028,0.028,0.045,0.028,0.066,0.025,0.037,0.039
32,y3,0.345,0.072,0.114,0.057,0.035,0.045,0.016,0.044,0.033,0.026,0.028,0.031,0.041,0.033,0.056,0.027
34,.,0.105,0.019,0.06,0.028,0.051,0.033,0.024,0.04,0.028,0.024,0.015,0.123,0.16,0.077,0.109,0.104
34,A1_1,0.221,0.006,0.022,0.011,0.059,0.023,0.109,0.007,0.011,0.015,0.016,0.027,0.026,0.034,0.397,0.017
34,A1_2,0.193,0.004,0.005,0.007,0.156,0.071,0.29,0.03,0.015,0.022,0.008,0.028,0.038,0.03,0.082,0.022
34,A1_3,0.355,0.021,0.034,0.047,0.064,0.04,0.057,0.045,0.065,0.036,0.018,0.025,0.021,0.048,0.075,0.05
34,B1_1,0.112,0.054,0.358,0.094,0.018,0.01,0.006,0.011,0.022,0.004,0.012,0.027,0.034,0.076,0.082,0.079
34,B1_2,0.123,0.062,0.097,0.066,0.011,0.01,0.005,0.02,0.026,0.007,0.009,0.022,0.048,0.103,0.024,0.366
34,B1_3,0.266,0.075,0.215,0.14,0.025,0.022,0.013,0.018,0.027,0.006,0.009,0.024,0.022,0.04,0.039,0.06
34,A2_1,0.125,0.011,0.056,0.018,0.021,0.013,0.012,0.007,0.009,0.011,0.051,0.158,0.172,0.063,0.216,0.055
34,A2_2,0.251,0.015,0.014,0.017,0.031,0.021,0.024,0.032,0.022,0.034,0.043,0.076,0.124,0.079,0.051,0.168
34,A2_3,0.134,0.014,0.027,0.017,0.02,0.016,0.012,0.016,0.012,0.017,0.037,0.144,0.227,0.078,0.075,0.153
34,B2_1,0.051,0.002,0.001,0.002,0.012,0.001,0.003,0.1,0.059,0.686,0.013,0.004,0.004,0.016,0.026,0.021
34,B2_2,0.222,0.018,0.013,0.02,0.033,0.007,0.013,0.145,0.108,0.244,0.013,0.008,0.008,0.04,0.036,0.072
34,B2_3,0.106,0.008,0.007,0.015,0.035,0.01,0.009,0.238,0.152,0.315,0.011,0.014,0.009,0.021,0.018,0.03
34,y1,0.434,0.021,0.025,0.041,0.034,0.022,0.019,0.048,0.053,0.066,0.042,0.048,0.028,0.031,0.048,0.041
34,y2,0.28,0.016,0.018,0.025,0.102,0.048,0.047,0.1,0.031,0.045,0.023,0.069,0.079,0.039,0.027,0.049
34,y3,0.521,0.02,0.022,0.035,0.052,0.025,0.033,0.035,0.025,0.026,0.04,0.033,0.031,0.033,0.031,0.037
36,.,0.152,0.03,0.019,0.049,0.053,0.015,0.027,0.03,0.026,0.031,0.024,0.059,0.025,0.201,0.147,0.111
36,A1_1,0.071,0.006,0.007,0.008,0.055,0.402,0.049,0.01,0.01,0.014,0.014,0.007,0.011,0.261,0.025,0.051
36,A1_2,0.095,0.027,0.017,0.032,0.185,0.032,0.054,0.008,0.013,0.017,0.012,0.033,0.01,0.34,0.088,0.039
36,A1_3,0.119,0.027,0.016,0.026,0.16,0.041,0.033,0.015,0.021,0.022,0.012,0.027,0.011,0.34,0.066,0.064
36,B1_1,0.296,0.089,0.095,0.149,0.025,0.015,0.011,0.018,0.009,0.013,0.013,0.02,0.012,0.121,0.028,0.085
36,B1_2,0.301,0.124,0.072,0.191,0.014,0.006,0.006,0.041,0.017,0.015,0.012,0.015,0.013,0.053,0.023,0.097
36,B1_3,0.381,0.094,0.072,0.136,0.018,0.007,0.008,0.032,0.014,0.013,0.018,0.026,0.023,0.055,0.026,0.079
36,A2_1,0.193,0.022,0.018,0.034,0.039,0.014,0.024,0.017,0.012,0.009,0.042,0.109,0.072,0.137,0.12,0.138
36,A2_2,0.39,0.01,0.011,0.015,0.009,0.009,0.012,0.039,0.016,0.006,0.082,0.075,0.197,0.021,0.037,0.073
36,A2_3,0.33,0.017,0.018,0.026,0.015,0.014,0.013,0.042,0.017,0.009,0.048,0.068,0.095,0.063,0.053,0.172
36,B2_1,0.145,0.016,0.007,0.023,0.017,0.01,0.013,0.22,0.16,0.144,0.014,0.012,0.01,0.067,0.063,0.078
36,B2_2,0.211,0.025,0.011,0.036,0.009,0.009,0.008,0.265,0.112,0.06,0.014,0.009,0.014,0.043,0.031,0.144
36,B2_3,0.286,0.013,0.009,0.019,0.004,0.011,0.005,0.311,0.092,0.038,0.019,0.007,0.023,0.02,0.014,0.13
36,y1,0.548,0.021,0.035,0.036,0.028,0.013,0.035,0.019,0.015,0.012,0.058,0.044,0.058,0.032,0.03,0.016
36,y2,0.487,0.035,0.035,0.054,0.026,0.026,0.032,0.035,0.021,0.014,0.047,0.025,0.05,0.045,0.027,0.041
36,y3,0.429,0.027,0.031,0.054,0.025,0.023,0.045,0.036,0.024,0.022,0.057,0.035,0.05,0.054,0.048,0.04
38,.,0.083,0.014,0.031,0.01,0.024,0.03,0.017,0.039,0.022,0.027,0.098,0.131,0.049,0.102,0.093,0.23
38,A1_1,0.039,0.001,0.001,0.001,0.022,0.829,0.046,0.005,0.003,0.004,0.007,0.006,0.002,0.01,0.012,0.011
38,A1_2,0.202,0.025,0.007,0.005,0.078,0.258,0.271,0.009,0.032,0.012,0.005,0.005,0.012,0.023,0.042,0.015
38,A1_3,0.12,0.011,0.008,0.008,0.125,0.207,0.187,0.004,0.011,0.009,0.018,0.022,0.03,0.169,0.049,0.022
38,B1_1,0.084,0.11,0.203,0.068,0.019,0.003,0.01,0.006,0.006,0.007,0.019,0.042,0.056,0.092,0.132,0.143
38,B1_2,0.254,0.263,0.101,0.067,0.013,0.013,0.017,0.016,0.019,0.023,0.006,0.007,0.017,0.034,0.095,0.056
38,B1_3,0.348,0.144,0.148,0.05,0.014,0.019,0.015,0.02,0.018,0.017,0.015,0.019,0.017,0.021,0.061,0.074
38,A2_1,0.081,0.007,0.021,0.005,0.018,0.027,0.012,0.008,0.01,0.007,0.129,0.409,0.094,0.056,0.026,0.091
38,A2_2,0.088,0.008,0.008,0.008,0.007,0.01,0.005,0.032,0.027,0.043,0.162,0.202,0.104,0.197,0.026,0.072
38,A2_3,0.143,0.02,0.035,0.015,0.022,0.035,0.017,0.041,0.026,0.033,0.095,0.118,0.053,0.109,0.074,0.164
38,B2_1,0.118,0.053,0.006,0.024,0.006,0.008,0.01,0.075,0.084,0.239,0.02,0.009,0.034,0.208,0.067,0.039
38,B2_2,0.154,0.054,0.027,0.017,0.024,0.034,0.041,0.13,0.077,0.085,0.012,0.004,0.01,0.05,0.161,0.119
38,B2_3,0.113,0.015,0.003,0.005,0.004,0.01,0.008,0.298,0.187,0.241,0.013,0.003,0.007,0.029,0.031,0.034
38,y1,0.542,0.055,0.02,0.016,0.016,0.096,0.035,0.023,0.039,0.032,0.019,0.02,0.019,0.024,0.023,0.021
38,y2,0.465,0.21,0.051,0.055,0.009,0.009,0.015,0.009,0.028,0.022,0.009,0.013,0.034,0.029,0.026,0.016
38,y3,0.421,0.041,0.016,0.013,0.032,0.061,0.075,0.033,0.085,0.037,0.022,0.02,0.036,0.043,0.036,0.029
40,.,0.151,0.016,0.034,0.03,0.019,0.028,0.018,0.04,0.027,0.042,0.065,0.049,0.045,0.173,0.116,0.149
40,A1_1,0.128,0.018,0.013,0.034,0.088,0.139,0.064,0.018,0.013,0.022,0.033,0.023,0.023,0.15,0.089,0.145
40,A1_2,0.338,0.018,0.019,0.033,0.054,0.071,0.073,0.041,0.038,0.061,0.015,0.015,0.016,0.056,0.083,0.07
40,A1_3,0.281,0.017,0.018,0.019,0.061,0.067,0.046,0.03,0.043,0.047,0.032,0.025,0.026,0.098,0.105,0.085
40,B1_1,0.259,0.037,0.095,0.147,0.017,0.045,0.033,0.017,0.011,0.034,0.028,0.031,0.033,0.063,0.042,0.109
40,B1_2,0.313,0.13,0.141,0.077,0.009,0.029,0.014,0.01,0.02,0.035,0.024,0.013,0.022,0.076,0.043,0.043
40,B1_3,0.33,0.062,0.284,0.07,0.005,0.01,0.01,0.008,0.016,0.025,0.025,0.022,0.026,0.038,0.03,0.038
40,A2_1,0.331,0.009,0.034,0.027,0.012,0.022,0.013,0.038,0.021,0.049,0.075,0.102,0.087,0.05,0.041,0.09
40,A2_2,0.086,0.01,0.014,0.009,0.019,0.031,0.008,0.015,0.007,0.011,0.171,0.039,0.053,0.302,0.103,0.122
40,A2_3,0.348,0.02,0.027,0.024,0.029,0.054,0.025,0.027,0.018,0.034,0.066,0.042,0.051,0.089,0.065,0.081
40,B2_1,0.378,0.006,0.009,0.009,0.008,0.009,0.009,0.036,0.22,0.236,0.004,0.008,0.01,0.011,0.032,0.016
40,B2_2,0.4,0.009,0.009,0.015,0.006,0.013,0.014,0.144,0.071,0.182,0.01,0.013,0.016,0.023,0.048,0.026
40,B2_3,0.386,0.008,0.006,0.012,0.003,0.009,0.007,0.175,0.075,0.235,0.007,0.015,0.018,0.01,0.02,0.014
40,y1,0.499,0.025,0.024,0.028,0.02,0.055,0.025,0.032,0.018,0.043,0.036,0.037,0.046,0.037,0.031,0.043
40,y2,0.734,0.025,0.014,0.022,0.007,0.033,0.013,0.018,0.017,0.057,0.008,0.009,0.018,0.007,0.009,0.009
40,y3,0.614,0.024,0.01,0.017,0.021,0.073,0.024,0.022,0.02,0.051,0.018,0.014,0.026,0.022,0.022,0.021
42,.,0.138,0.014,0.03,0.023,0.033,0.028,0.1,0.022,0.021,0.016,0.105,0.028,0.067,0.159,0.125,0.09
42,A1_1,0.045,0.001,0.003,0.002,0.027,0.142,0.648,0.005,0.003,0.006,0.004,0.016,0.013,0.045,0.028,0.013
42,A1_2,0.359,0.02,0.04,0.016,0.05,0.052,0.164,0.017,0.009,0.027,0.016,0.012,0.021,0.065,0.079,0.052
42,A1_3,0.204,0.01,0.009,0.007,0.03,0.095,0.257,0.024,0.013,0.036,0.014,0.03,0.032,0.111,0.077,0.05
42,B1_1,0.309,0.067,0.361,0.08,0.014,0.01,0.008,0.01,0.014,0.007,0.015,0.009,0.015,0.014,0.03,0.039
42,B1_2,0.405,0.086,0.137,0.054,0.01,0.017,0.01,0.03,0.036,0.024,0.016,0.017,0.025,0.03,0.042,0.06
42,B1_3,0.422,0.11,0.178,0.055,0.008,0.015,0.009,0.019,0.022,0.014,0.013,0.012,0.02,0.023,0.031,0.048
42,A2_1,0.108,0.005,0.005,0.007,0.004,0.019,0.021,0.017,0.02,0.015,0.042,0.444,0.136,0.094,0.031,0.033
42,A2_2,0.478,0.014,0.008,0.008,0.005,0.011,0.015,0.018,0.011,0.024,0.074,0.076,0.118,0.089,0.025,0.028
42,A2_3,0.42,0.022,0.035,0.022,0.016,0.015,0.023,0.024,0.023,0.031,0.066,0.043,0.068,0.076,0.06,0.057
42,B2_1,0.219,0.013,0.006,0.009,0.007,0.012,0.008,0.177,0.121,0.255,0.009,0.014,0.015,0.053,0.037,0.044
42,B2_2,0.24,0.015,0.007,0.01,0.005,0.017,0.008,0.197,0.133,0.22,0.007,0.019,0.017,0.046,0.025,0.034
42,B2_3,0.115,0.021,0.014,0.021,0.004,0.013,0.005,0.242,0.273,0.14,0.008,0.014,0.014,0.04,0.028,0.047
42,y1,0.653,0.014,0.021,0.011,0.011,0.035,0.022,0.024,0.024,0.045,0.011,0.036,0.036,0.024,0.015,0.017
42,y2,0.492,0.02,0.038,0.024,0.016,0.031,0.018,0.06,0.074,0.074,0.017,0.021,0.031,0.031,0.024,0.029
42,y3,0.671,0.016,0.02,0.012,0.006,0.022,0.01,0.023,0.022,0.036,0.01,0.064,0.042,0.021,0.011,0.015
44,.,0.1,0.017,0.031,0.059,0.065,0.031,0.045,0.036,0.012,0.02,0.023,0.013,0.017,0.354,0.044,0.131
44,A1_1,0.153,0.003,0.005,0.013,0.067,0.167,0.048,0.03,0.009,0.005,0.016,0.035,0.019,0.055,0.318,0.056
44,A1_2,0.1,0.01,0.013,0.018,0.338,0.215,0.135,0.013,0.002,0.003,0.007,0.006,0.01,0.052,0.049,0.029
44,A1_3,0.191,0.015,0.016,0.025,0.154,0.183,0.096,0.018,0.008,0.007,0.013,0.017,0.023,0.104,0.081,0.049
44,B1_1,0.054,0.042,0.108,0.391,0.026,0.009,0.02,0.027,0.004,0.014,0.019,0.004,0.003,0.157,0.024,0.1
44,B1_2,0.27,0.034,0.043,0.084,0.012,0.03,0.017,0.062,0.049,0.045,0.024,0.013,0.01,0.036,0.211,0.059
44,B1_3,0.108,0.221,0.143,0.161,0.023,0.015,0.018,0.016,0.012,0.023,0.024,0.006,0.013,0.093,0.033,0.092
44,A2_1,0.168,0.005,0.003,0.006,0.009,0.031,0.009,0.004,0.009,0.006,0.038,0.418,0.139,0.02,0.107,0.027
44,A2_2,0.245,0.017,0.008,0.006,0.01,0.026,0.016,0.005,0.019,0.015,0.045,0.102,0.331,0.084,0.029,0.042
44,A2_3,0.206,0.02,0.02,0.037,0.014,0.025,0.016,0.016,0.016,0.019,0.071,0.137,0.103,0.1,0.101,0.099
44,B2_1,0.105,0.01,0.02,0.024,0.007,0.004,0.01,0.074,0.144,0.193,0.01,0.006,0.01,0.301,0.019,0.063
44,B2_2,0.144,0.007,0.017,0.023,0.021,0.019,0.023,0.155,0.095,0.097,0.016,0.009,0.011,0.159,0.11,0.094
44,B2_3,0.174,0.007,0.012,0.015,0.009,0.01,0.012,0.086,0.174,0.161,0.015,0.017,0.019,0.175,0.053,0.06
44,y1,0.528,0.035,0.039,0.057,0.012,0.033,0.025,0.016,0.012,0.023,0.046,0.034,0.048,0.014,0.056,0.02
44,y2,0.704,0.009,0.011,0.012,0.011,0.041,0.033,0.011,0.013,0.021,0.02,0.02,0.058,0.011,0.018,0.006
44,y3,0.479,0.041,0.038,0.04,0.029,0.052,0.042,0.015,0.015,0.025,0.034,0.03,0.06,0.031,0.042,0.026
46,.,0.156,0.02,0.016,0.066,0.074,0.033,0.055,0.057,0.022,0.065,0.017,0.015,0.016,0.137,0.112,0.139
46,A1_1,0.089,0.006,0.006,0.012,0.118,0.048,0.14,0.02,0.013,0.027,0.007,0.024,0.015,0.096,0.119,0.262
46,A1_2,0.166,0.027,0.021,0.054,0.066,0.053,0.075,0.036,0.012,0.04,0.012,0.006,0.009,0.194,0.085,0.144
46,A1_3,0.225,0.013,0.019,0.033,0.091,0.12,0.128,0.019,0.015,0.022,0.022,0.021,0.019,0.064,0.066,0.122
46,B1_1,0.318,0.053,0.091,0.103,0.025,0.017,0.036,0.026,0.026,0.021,0.013,0.015,0.011,0.04,0.065,0.14
46,B1_2,0.034,0.17,0.035,0.569,0.002,0.009,0.002,0.009,0.003,0.013,0.018,0.001,0.006,0.109,0.01,0.011
46,B1_3,0.151,0.239,0.098,0.135,0.003,0.011,0.004,0.017,0.012,0.015,0.082,0.007,0.026,0.13,0.038,0.031
46,A2_1,0.077,0.018,0.01,0.007,0.017,0.046,0.019,0.008,0.01,0.01,0.179,0.077,0.182,0.149,0.119,0.071
46,A2_2,0.036,0.016,0.005,0.004,0.004,0.026,0.004,0.003,0.006,0.005,0.435,0.068,0.268,0.07,0.036,0.013
46,A2_3,0.112,0.017,0.008,0.005,0.016,0.029,0.016,0.023,0.026,0.029,0.172,0.108,0.126,0.138,0.114,0.062
46,B2_1,0.202,0.015,0.01,0.028,0.025,0.006,0.016,0.218,0.071,0.194,0.011,0.014,0.005,0.066,0.061,0.058
46,B2_2,0.209,0.009,0.007,0.036,0.022,0.005,0.011,0.294,0.067,0.242,0.009,0.008,0.002,0.028,0.028,0.022
46,B2_3,0.444,0.028,0.041,0.047,0.011,0.005,0.009,0.148,0.068,0.079,0.016,0.009,0.003,0.026,0.038,0.03
46,y1,0.496,0.053,0.081,0.075,0.008,0.025,0.01,0.035,0.029,0.023,0.085,0.011,0.012,0.023,0.02,0.016
46,y2,0.448,0.043,0.051,0.04,0.014,0.04,0.016,0.035,0.023,0.027,0.128,0.017,0.02,0.045,0.031,0.022
46,y3,0.378,0.046,0.05,0.076,0.015,0.054,0.016,0.033,0.022,0.028,0.146,0.016,0.026,0.046,0.028,0.02
48,.,0.076,0.017,0.024,0.012,0.036,0.053,0.068,0.013,0.008,0.016,0.025,0.014,0.026,0.187,0.112,0.313
48,A1_1,0.088,0.002,0.01,0.003,0.089,0.119,0.268,0.006,0.016,0.013,0.015,0.013,0.021,0.12,0.087,0.129
48,A1_2,0.182,0.018,0.022,0.014,0.168,0.102,0.148,0.022,0.028,0.023,0.021,0.012,0.02,0.091,0.063,0.064
48,A1_3,0.071,0.009,0.011,0.006,0.34,0.173,0.242,0.005,0.008,0.006,0.011,0.007,0.01,0.046,0.026,0.031
48,B1_1,0.168,0.161,0.189,0.261,0.02,0.021,0.011,0.013,0.006,0.006,0.008,0.014,0.012,0.042,0.022,0.046
48,B1_2,0.062,0.724,0.052,0.052,0.011,0.007,0.002,0.014,0.005,0.005,0.005,0.014,0.004,0.014,0.008,0.021
48,B1_3,0.255,0.139,0.164,0.104,0.02,0.026,0.018,0.018,0.026,0.012,0.009,0.03,0.016,0.058,0.039,0.068
48,A2_1,0.219,0.004,0.008,0.01,0.01,0.017,0.018,0.005,0.017,0.01,0.044,0.062,0.359,0.058,0.072,0.088
48,A2_2,0.349,0.009,0.005,0.013,0.01,0.01,0.008,0.014,0.02,0.019,0.068,0.054,0.322,0.028,0.039,0.032
48,A2_3,0.222,0.015,0.006,0.008,0.01,0.015,0.008,0.004,0.024,0.007,0.031,0.171,0.372,0.027,0.036,0.044
48,B2_1,0.254,0.028,0.017,0.009,0.014,0.02,0.02,0.046,0.103,0.062,0.021,0.05,0.035,0.095,0.104,0.121
48,B2_2,0.246,0.041,0.018,0.013,0.021,0.019,0.02,0.115,0.095,0.1,0.02,0.021,0.014,0.09,0.085,0.083
48,B2_3,0.226,0.011,0.007,0.003,0.017,0.016,0.024,0.06,0.32,0.088,0.01,0.022,0.013,0.06,0.078,0.044
48,y1,0.516,0.043,0.024,0.024,0.033,0.024,0.019,0.019,0.079,0.021,0.02,0.053,0.056,0.024,0.028,0.018
48,y2,0.571,0.032,0.026,0.045,0.023,0.017,0.012,0.017,0.054,0.016,0.018,0.047,0.069,0.018,0.022,0.013
48,y3,0.602,0.016,0.008,0.01,0.016,0.01,0.01,0.035,0.101,0.041,0.025,0.032,0.05,0.013,0.021,0.008
50,.,0.069,0.011,0.016,0.014,0.013,0.018,0.016,0.019,0.018,0.024,0.056,0.081,0.045,0.364,0.117,0.119
50,A1_1,0.366,0.026,0.01,0.038,0.074,0.086,0.123,0.018,0.012,0.01,0.055,0.026,0.02,0.037,0.049,0.05
50,A1_2,0.172,0.014,0.016,0.025,0.195,0.046,0.05,0.045,0.023,0.021,0.013,0.01,0.01,0.081,0.172,0.107
50,A1_3,0.094,0.021,0.008,0.008,0.367,0.193,0.065,0.004,0.006,0.005,0.008,0.005,0.005,0.081,0.09,0.04
50,B1_1,0.237,0.048,0.133,0.105,0.04,0.014,0.013,0.023,0.019,0.045,0.02,0.022,0.017,0.121,0.045,0.098
50,B1_2,0.235,0.023,0.052,0.12,0.038,0.007,0.021,0.107,0.031,0.058,0.015,0.009,0.011,0.078,0.073,0.123
50,B1_3,0.127,0.025,0.118,0.049,0.037,0.014,0.014,0.027,0.015,0.041,0.023,0.029,0.018,0.27,0.061,0.133
50,A2_1,0.038,0.002,0.004,0.002,0.001,0.009,0.005,0.001,0.003,0.002,0.116,0.698,0.055,0.035,0.01,0.018
