,,.,A1_1,A1_2,A1_3,B1_1,B1_2,B1_3,A2_1,A2_2,A2_3,B2_1,B2_2,B2_3,y1,y2,y3
0,.,0.056,0.04,0.14,0.072,0.02,0.109,0.078,0.141,0.019,0.012,0.059,0.055,0.035,0.073,0.052,0.037
0,A1_1,0.046,0.016,0.05,0.059,0.067,0.09,0.061,0.091,0.038,0.012,0.017,0.132,0.021,0.192,0.041,0.067
0,A1_2,0.138,0.033,0.049,0.042,0.02,0.043,0.153,0.267,0.023,0.018,0.017,0.064,0.023,0.024,0.023,0.062
0,A1_3,0.018,0.068,0.047,0.201,0.133,0.051,0.022,0.034,0.017,0.013,0.089,0.09,0.061,0.121,0.02,0.015
0,B1_1,0.047,0.059,0.087,0.082,0.023,0.016,0.03,0.049,0.013,0.009,0.139,0.018,0.02,0.338,0.061,0.009
0,B1_2,0.028,0.046,0.055,0.022,0.032,0.017,0.162,0.152,0.007,0.011,0.048,0.042,0.016,0.169,0.172,0.021
0,B1_3,0.135,0.024,0.042,0.017,0.019,0.034,0.159,0.219,0.038,0.016,0.011,0.086,0.024,0.017,0.035,0.124
0,A2_1,0.036,0.016,0.03,0.253,0.054,0.077,0.039,0.105,0.071,0.019,0.059,0.075,0.045,0.073,0.011,0.039
0,A2_2,0.068,0.107,0.098,0.027,0.027,0.013,0.036,0.096,0.006,0.027,0.12,0.067,0.026,0.223,0.049,0.01
0,A2_3,0.026,0.053,0.061,0.038,0.021,0.018,0.288,0.195,0.021,0.004,0.049,0.065,0.021,0.036,0.073,0.029
0,B2_1,0.028,0.031,0.087,0.081,0.017,0.091,0.018,0.079,0.239,0.007,0.066,0.03,0.105,0.082,0.017,0.022
0,B2_2,0.033,0.034,0.046,0.086,0.032,0.034,0.035,0.094,0.008,0.016,0.15,0.039,0.023,0.3,0.059,0.011
0,B2_3,0.053,0.029,0.027,0.007,0.019,0.006,0.266,0.37,0.008,0.006,0.015,0.109,0.014,0.019,0.023,0.029
0,y1,0.043,0.053,0.138,0.046,0.023,0.085,0.038,0.117,0.126,0.011,0.038,0.068,0.068,0.051,0.025,0.07
0,y2,0.036,0.02,0.041,0.179,0.045,0.066,0.028,0.036,0.014,0.01,0.072,0.03,0.017,0.362,0.035,0.009
0,y3,0.055,0.062,0.038,0.01,0.021,0.003,0.153,0.379,0.007,0.007,0.041,0.097,0.016,0.043,0.038,0.032
1,.,0.063,0.041,0.14,0.073,0.02,0.107,0.078,0.134,0.019,0.012,0.06,0.054,0.036,0.072,0.053,0.038
1,A1_1,0.051,0.016,0.05,0.06,0.066,0.086,0.061,0.086,0.038,0.012,0.017,0.127,0.02,0.197,0.043,0.069
1,A1_2,0.152,0.034,0.048,0.042,0.02,0.042,0.154,0.25,0.022,0.019,0.018,0.064,0.023,0.024,0.024,0.064
1,A1_3,0.023,0.071,0.047,0.204,0.132,0.047,0.023,0.033,0.017,0.014,0.089,0.087,0.059,0.118,0.021,0.015
1,B1_1,0.057,0.062,0.086,0.08,0.022,0.014,0.032,0.05,0.013,0.01,0.144,0.018,0.019,0.323,0.063,0.009
1,B1_2,0.03,0.049,0.056,0.023,0.033,0.017,0.155,0.144,0.007,0.011,0.05,0.043,0.017,0.164,0.177,0.022
1,B1_3,0.142,0.025,0.045,0.017,0.02,0.036,0.153,0.199,0.04,0.016,0.012,0.086,0.025,0.02,0.037,0.126
1,A2_1,0.045,0.016,0.029,0.241,0.054,0.073,0.043,0.108,0.068,0.021,0.061,0.074,0.044,0.072,0.012,0.039
1,A2_2,0.078,0.11,0.097,0.028,0.027,0.012,0.038,0.098,0.006,0.029,0.125,0.066,0.025,0.202,0.05,0.011
1,A2_3,0.029,0.058,0.068,0.046,0.022,0.02,0.265,0.164,0.024,0.004,0.056,0.066,0.023,0.044,0.081,0.03
1,B2_1,0.034,0.033,0.089,0.081,0.018,0.088,0.02,0.078,0.218,0.009,0.072,0.028,0.103,0.089,0.02,0.021
1,B2_2,0.039,0.034,0.045,0.088,0.032,0.033,0.038,0.095,0.008,0.018,0.145,0.039,0.022,0.291,0.062,0.012
1,B2_3,0.061,0.032,0.029,0.007,0.021,0.006,0.258,0.343,0.008,0.007,0.017,0.119,0.015,0.021,0.025,0.032
1,y1,0.047,0.055,0.143,0.046,0.024,0.082,0.039,0.109,0.123,0.011,0.04,0.067,0.067,0.054,0.025,0.067
1,y2,0.045,0.021,0.041,0.176,0.045,0.062,0.03,0.037,0.014,0.011,0.072,0.03,0.017,0.354,0.036,0.009
1,y3,0.06,0.065,0.038,0.01,0.022,0.003,0.151,0.362,0.007,0.007,0.042,0.1,0.017,0.042,0.039,0.034
2,.,0.071,0.041,0.139,0.074,0.02,0.105,0.078,0.128,0.019,0.013,0.059,0.053,0.035,0.07,0.054,0.039
2,A1_1,0.056,0.017,0.05,0.06,0.066,0.08,0.061,0.081,0.038,0.013,0.017,0.121,0.019,0.204,0.046,0.07
2,A1_2,0.167,0.033,0.048,0.042,0.02,0.041,0.157,0.234,0.021,0.02,0.019,0.063,0.022,0.024,0.025,0.065
2,A1_3,0.03,0.074,0.046,0.212,0.13,0.042,0.023,0.032,0.018,0.015,0.088,0.084,0.056,0.115,0.021,0.015
2,B1_1,0.068,0.064,0.083,0.077,0.022,0.012,0.035,0.051,0.011,0.012,0.149,0.018,0.017,0.308,0.065,0.009
2,B1_2,0.032,0.052,0.056,0.024,0.034,0.017,0.15,0.138,0.007,0.011,0.05,0.042,0.018,0.154,0.19,0.024
2,B1_3,0.148,0.026,0.048,0.018,0.021,0.039,0.151,0.18,0.043,0.017,0.012,0.084,0.026,0.022,0.039,0.127
2,A2_1,0.057,0.016,0.029,0.234,0.053,0.069,0.048,0.105,0.066,0.023,0.062,0.073,0.042,0.072,0.012,0.038
2,A2_2,0.09,0.112,0.095,0.028,0.026,0.011,0.04,0.1,0.006,0.032,0.126,0.064,0.024,0.184,0.05,0.011
2,A2_3,0.033,0.061,0.073,0.053,0.023,0.021,0.246,0.142,0.026,0.004,0.062,0.063,0.023,0.049,0.091,0.03
2,B2_1,0.041,0.035,0.092,0.082,0.018,0.084,0.022,0.076,0.195,0.01,0.077,0.027,0.098,0.098,0.023,0.021
2,B2_2,0.049,0.034,0.046,0.087,0.033,0.032,0.039,0.093,0.008,0.02,0.137,0.038,0.02,0.289,0.063,0.013
2,B2_3,0.067,0.034,0.029,0.008,0.023,0.007,0.252,0.326,0.009,0.007,0.017,0.123,0.016,0.022,0.026,0.034
2,y1,0.053,0.058,0.145,0.046,0.025,0.078,0.042,0.101,0.12,0.011,0.041,0.067,0.064,0.056,0.026,0.067
2,y2,0.058,0.022,0.042,0.175,0.046,0.058,0.031,0.036,0.015,0.012,0.07,0.029,0.016,0.348,0.035,0.009
2,y3,0.066,0.069,0.038,0.011,0.023,0.003,0.148,0.348,0.007,0.008,0.045,0.098,0.018,0.043,0.041,0.035
3,.,0.079,0.042,0.137,0.074,0.02,0.103,0.078,0.123,0.02,0.013,0.059,0.052,0.035,0.069,0.055,0.04
3,A1_1,0.062,0.018,0.05,0.061,0.066,0.076,0.061,0.077,0.037,0.014,0.017,0.117,0.018,0.208,0.048,0.07
3,A1_2,0.181,0.034,0.047,0.042,0.02,0.04,0.157,0.219,0.021,0.021,0.019,0.062,0.022,0.025,0.026,0.065
3,A1_3,0.039,0.077,0.046,0.215,0.128,0.039,0.024,0.031,0.018,0.016,0.088,0.08,0.054,0.112,0.021,0.015
3,B1_1,0.081,0.067,0.081,0.075,0.022,0.01,0.036,0.052,0.01,0.013,0.153,0.017,0.017,0.29,0.066,0.009
3,B1_2,0.033,0.056,0.056,0.026,0.034,0.017,0.144,0.132,0.008,0.012,0.051,0.042,0.019,0.146,0.2,0.025
3,B1_3,0.154,0.027,0.051,0.018,0.022,0.04,0.148,0.166,0.045,0.017,0.013,0.083,0.027,0.024,0.041,0.125
3,A2_1,0.071,0.017,0.029,0.222,0.052,0.066,0.053,0.105,0.062,0.026,0.063,0.071,0.04,0.073,0.013,0.038
3,A2_2,0.103,0.114,0.093,0.029,0.027,0.011,0.041,0.101,0.005,0.035,0.127,0.063,0.023,0.167,0.05,0.011
3,A2_3,0.037,0.066,0.077,0.06,0.024,0.021,0.225,0.121,0.028,0.004,0.068,0.062,0.024,0.056,0.098,0.03
3,B2_1,0.051,0.039,0.096,0.081,0.019,0.078,0.026,0.076,0.169,0.012,0.085,0.026,0.091,0.107,0.026,0.019
3,B2_2,0.058,0.034,0.046,0.088,0.033,0.03,0.041,0.093,0.007,0.023,0.132,0.037,0.019,0.281,0.066,0.013
3,B2_3,0.075,0.037,0.03,0.008,0.025,0.007,0.244,0.305,0.009,0.008,0.019,0.129,0.017,0.023,0.028,0.035
3,y1,0.06,0.061,0.147,0.045,0.026,0.073,0.044,0.096,0.116,0.012,0.043,0.067,0.062,0.058,0.027,0.064
3,y2,0.071,0.023,0.042,0.175,0.047,0.056,0.032,0.035,0.015,0.013,0.069,0.029,0.016,0.335,0.035,0.009
3,y3,0.073,0.074,0.039,0.012,0.025,0.003,0.144,0.324,0.008,0.009,0.048,0.099,0.019,0.045,0.044,0.036
4,.,0.087,0.042,0.135,0.074,0.02,0.101,0.077,0.119,0.02,0.014,0.059,0.051,0.035,0.067,0.056,0.04
4,A1_1,0.067,0.018,0.05,0.061,0.066,0.072,0.061,0.073,0.037,0.014,0.018,0.112,0.018,0.212,0.05,0.071
4,A1_2,0.196,0.033,0.046,0.042,0.02,0.04,0.157,0.205,0.02,0.022,0.02,0.062,0.021,0.025,0.027,0.065
4,A1_3,0.049,0.08,0.045,0.215,0.125,0.035,0.025,0.03,0.018,0.017,0.088,0.077,0.052,0.109,0.022,0.015
4,B1_1,0.094,0.068,0.078,0.074,0.022,0.009,0.038,0.053,0.01,0.014,0.157,0.018,0.016,0.272,0.068,0.009
4,B1_2,0.035,0.058,0.056,0.027,0.035,0.016,0.137,0.124,0.008,0.012,0.053,0.042,0.02,0.142,0.207,0.027
4,B1_3,0.163,0.027,0.052,0.018,0.022,0.042,0.147,0.154,0.045,0.017,0.013,0.08,0.027,0.027,0.043,0.122
4,A2_1,0.087,0.017,0.028,0.208,0.052,0.062,0.058,0.106,0.059,0.028,0.063,0.071,0.038,0.07,0.014,0.038
4,A2_2,0.116,0.116,0.09,0.031,0.027,0.01,0.042,0.1,0.005,0.037,0.129,0.062,0.023,0.15,0.05,0.012
4,A2_3,0.041,0.072,0.082,0.068,0.025,0.02,0.199,0.102,0.029,0.005,0.077,0.058,0.024,0.065,0.104,0.029
4,B2_1,0.062,0.042,0.098,0.08,0.02,0.072,0.03,0.076,0.141,0.014,0.093,0.025,0.084,0.116,0.031,0.018
4,B2_2,0.068,0.034,0.045,0.088,0.032,0.028,0.043,0.095,0.007,0.025,0.129,0.035,0.017,0.269,0.069,0.014
4,B2_3,0.085,0.039,0.031,0.009,0.028,0.007,0.235,0.282,0.01,0.009,0.02,0.137,0.018,0.025,0.029,0.037
4,y1,0.068,0.065,0.148,0.044,0.027,0.068,0.046,0.091,0.11,0.012,0.045,0.067,0.061,0.06,0.027,0.061
4,y2,0.084,0.024,0.043,0.173,0.048,0.052,0.033,0.035,0.015,0.014,0.069,0.029,0.015,0.32,0.036,0.009
4,y3,0.08,0.078,0.041,0.013,0.026,0.003,0.139,0.3,0.008,0.009,0.052,0.099,0.02,0.049,0.045,0.037
5,.,0.096,0.043,0.134,0.074,0.02,0.099,0.076,0.114,0.02,0.014,0.059,0.051,0.035,0.066,0.057,0.041
5,A1_1,0.074,0.018,0.05,0.061,0.065,0.069,0.061,0.069,0.036,0.015,0.018,0.109,0.017,0.214,0.052,0.072
5,A1_2,0.212,0.033,0.045,0.042,0.02,0.039,0.154,0.193,0.019,0.023,0.02,0.062,0.021,0.025,0.027,0.066
5,A1_3,0.061,0.083,0.045,0.212,0.121,0.032,0.025,0.03,0.018,0.018,0.088,0.073,0.05,0.106,0.022,0.015
5,B1_1,0.107,0.07,0.076,0.072,0.022,0.009,0.039,0.052,0.009,0.016,0.157,0.018,0.016,0.262,0.069,0.009
5,B1_2,0.038,0.061,0.057,0.029,0.036,0.016,0.129,0.116,0.009,0.012,0.053,0.042,0.021,0.142,0.211,0.029
5,B1_3,0.173,0.027,0.054,0.019,0.023,0.043,0.146,0.143,0.045,0.017,0.014,0.078,0.026,0.029,0.044,0.118
5,A2_1,0.106,0.017,0.027,0.192,0.051,0.057,0.063,0.107,0.055,0.032,0.063,0.071,0.037,0.068,0.015,0.038
5,A2_2,0.13,0.119,0.087,0.032,0.027,0.01,0.042,0.098,0.005,0.039,0.129,0.061,0.023,0.137,0.049,0.012
5,A2_3,0.047,0.077,0.086,0.075,0.026,0.02,0.174,0.086,0.03,0.005,0.085,0.056,0.024,0.075,0.107,0.027
5,B2_1,0.077,0.045,0.099,0.078,0.02,0.065,0.034,0.074,0.114,0.016,0.1,0.024,0.075,0.125,0.035,0.017
5,B2_2,0.081,0.034,0.045,0.083,0.032,0.026,0.046,0.097,0.007,0.028,0.123,0.034,0.016,0.259,0.072,0.016
5,B2_3,0.098,0.041,0.032,0.01,0.032,0.008,0.222,0.254,0.01,0.01,0.021,0.148,0.019,0.027,0.028,0.039
5,y1,0.078,0.069,0.147,0.045,0.028,0.063,0.047,0.086,0.104,0.013,0.048,0.068,0.06,0.062,0.026,0.056
5,y2,0.099,0.027,0.044,0.161,0.047,0.046,0.035,0.036,0.014,0.015,0.07,0.029,0.015,0.315,0.038,0.009
5,y3,0.086,0.082,0.043,0.014,0.028,0.003,0.136,0.278,0.009,0.009,0.054,0.101,0.02,0.052,0.048,0.038
6,.,0.103,0.043,0.132,0.074,0.02,0.098,0.075,0.111,0.02,0.014,0.059,0.05,0.035,0.065,0.058,0.042
6,A1_1,0.08,0.018,0.05,0.06,0.064,0.066,0.061,0.067,0.035,0.016,0.017,0.105,0.016,0.217,0.054,0.073
6,A1_2,0.225,0.032,0.043,0.041,0.021,0.039,0.152,0.183,0.018,0.024,0.02,0.062,0.021,0.024,0.028,0.067
6,A1_3,0.076,0.085,0.045,0.211,0.118,0.029,0.026,0.028,0.018,0.019,0.087,0.071,0.048,0.103,0.022,0.014
6,B1_1,0.122,0.07,0.074,0.069,0.021,0.008,0.04,0.052,0.008,0.017,0.156,0.018,0.015,0.25,0.069,0.008
6,B1_2,0.041,0.063,0.056,0.03,0.036,0.016,0.123,0.112,0.009,0.013,0.052,0.042,0.021,0.138,0.217,0.031
6,B1_3,0.178,0.028,0.054,0.019,0.023,0.044,0.144,0.135,0.045,0.018,0.014,0.076,0.026,0.031,0.046,0.117
6,A2_1,0.127,0.017,0.026,0.18,0.051,0.054,0.067,0.103,0.053,0.034,0.061,0.071,0.035,0.067,0.016,0.038
6,A2_2,0.147,0.118,0.084,0.033,0.028,0.01,0.043,0.095,0.005,0.041,0.125,0.06,0.023,0.127,0.048,0.013
6,A2_3,0.054,0.081,0.086,0.08,0.027,0.019,0.158,0.077,0.03,0.005,0.088,0.053,0.024,0.081,0.11,0.027
6,B2_1,0.091,0.048,0.1,0.077,0.021,0.059,0.039,0.073,0.097,0.018,0.103,0.023,0.067,0.131,0.039,0.016
6,B2_2,0.097,0.035,0.045,0.08,0.031,0.024,0.049,0.096,0.008,0.03,0.117,0.033,0.015,0.252,0.073,0.016
6,B2_3,0.109,0.042,0.032,0.011,0.034,0.008,0.211,0.237,0.011,0.012,0.022,0.155,0.021,0.028,0.028,0.04
6,y1,0.086,0.072,0.144,0.045,0.03,0.058,0.048,0.083,0.1,0.014,0.05,0.068,0.06,0.062,0.025,0.053
6,y2,0.117,0.028,0.046,0.152,0.046,0.041,0.035,0.035,0.014,0.015,0.069,0.028,0.014,0.312,0.038,0.009
6,y3,0.091,0.085,0.043,0.014,0.029,0.003,0.135,0.264,0.009,0.009,0.054,0.101,0.021,0.053,0.05,0.039
7,.,0.111,0.043,0.13,0.074,0.021,0.098,0.074,0.107,0.02,0.015,0.059,0.049,0.035,0.064,0.058,0.042
7,A1_1,0.085,0.018,0.049,0.06,0.063,0.064,0.061,0.065,0.035,0.016,0.017,0.101,0.016,0.219,0.056,0.075
7,A1_2,0.239,0.032,0.041,0.04,0.021,0.039,0.149,0.174,0.017,0.026,0.02,0.062,0.02,0.024,0.028,0.069
7,A1_3,0.091,0.086,0.044,0.209,0.116,0.027,0.026,0.027,0.018,0.019,0.085,0.07,0.046,0.1,0.022,0.014
7,B1_1,0.137,0.071,0.072,0.068,0.022,0.007,0.04,0.051,0.008,0.018,0.154,0.018,0.015,0.24,0.07,0.008
7,B1_2,0.043,0.064,0.055,0.031,0.036,0.016,0.117,0.107,0.009,0.013,0.053,0.041,0.022,0.136,0.226,0.031
7,B1_3,0.185,0.027,0.054,0.02,0.023,0.045,0.145,0.129,0.043,0.018,0.015,0.074,0.026,0.033,0.047,0.116
7,A2_1,0.148,0.017,0.025,0.168,0.051,0.051,0.069,0.1,0.052,0.036,0.059,0.072,0.034,0.065,0.016,0.039
7,A2_2,0.164,0.118,0.081,0.034,0.029,0.01,0.042,0.091,0.006,0.042,0.123,0.06,0.023,0.118,0.046,0.013
7,A2_3,0.061,0.087,0.087,0.084,0.027,0.017,0.14,0.068,0.029,0.006,0.094,0.05,0.024,0.088,0.112,0.025
7,B2_1,0.107,0.049,0.098,0.075,0.021,0.054,0.044,0.071,0.081,0.019,0.105,0.022,0.06,0.136,0.043,0.015
7,B2_2,0.115,0.036,0.044,0.078,0.031,0.022,0.051,0.096,0.008,0.032,0.11,0.033,0.015,0.239,0.074,0.018
7,B2_3,0.121,0.044,0.032,0.012,0.037,0.008,0.199,0.221,0.011,0.013,0.023,0.159,0.022,0.029,0.028,0.041
7,y1,0.096,0.076,0.142,0.046,0.032,0.053,0.048,0.079,0.095,0.014,0.053,0.069,0.06,0.064,0.024,0.049
7,y2,0.135,0.03,0.046,0.144,0.045,0.037,0.036,0.034,0.014,0.015,0.069,0.028,0.014,0.307,0.039,0.009
7,y3,0.096,0.086,0.044,0.015,0.03,0.003,0.133,0.251,0.009,0.009,0.055,0.1,0.021,0.055,0.053,0.04
8,.,0.118,0.043,0.128,0.074,0.021,0.097,0.074,0.104,0.02,0.015,0.059,0.048,0.035,0.063,0.059,0.043
8,A1_1,0.091,0.018,0.048,0.06,0.063,0.061,0.06,0.062,0.034,0.017,0.017,0.098,0.015,0.22,0.058,0.076
8,A1_2,0.252,0.031,0.04,0.04,0.021,0.038,0.148,0.165,0.017,0.026,0.02,0.061,0.02,0.024,0.028,0.069
8,A1_3,0.107,0.087,0.044,0.205,0.113,0.026,0.026,0.026,0.018,0.02,0.084,0.068,0.044,0.097,0.021,0.014
8,B1_1,0.153,0.071,0.07,0.067,0.021,0.007,0.04,0.051,0.008,0.019,0.153,0.017,0.014,0.229,0.07,0.009
8,B1_2,0.046,0.067,0.055,0.031,0.036,0.015,0.112,0.101,0.009,0.013,0.053,0.04,0.022,0.134,0.233,0.033
8,B1_3,0.193,0.028,0.054,0.02,0.024,0.045,0.147,0.122,0.043,0.018,0.015,0.072,0.026,0.034,0.049,0.112
8,A2_1,0.168,0.017,0.024,0.158,0.05,0.048,0.069,0.097,0.051,0.038,0.058,0.071,0.033,0.062,0.016,0.04
8,A2_2,0.18,0.116,0.078,0.035,0.029,0.01,0.041,0.088,0.006,0.043,0.121,0.059,0.023,0.111,0.046,0.013
8,A2_3,0.069,0.092,0.087,0.085,0.027,0.016,0.127,0.062,0.028,0.006,0.098,0.048,0.023,0.093,0.114,0.024
8,B2_1,0.123,0.05,0.097,0.074,0.022,0.049,0.048,0.069,0.07,0.02,0.107,0.022,0.054,0.137,0.046,0.014
8,B2_2,0.134,0.036,0.043,0.076,0.031,0.02,0.051,0.096,0.008,0.034,0.107,0.032,0.014,0.224,0.073,0.019
8,B2_3,0.134,0.046,0.032,0.013,0.04,0.009,0.188,0.204,0.011,0.015,0.025,0.162,0.022,0.031,0.028,0.041
8,y1,0.107,0.08,0.138,0.046,0.033,0.048,0.05,0.076,0.091,0.014,0.056,0.07,0.06,0.064,0.023,0.045
8,y2,0.155,0.032,0.048,0.138,0.043,0.033,0.036,0.034,0.014,0.016,0.07,0.027,0.013,0.292,0.04,0.009
8,y3,0.101,0.09,0.046,0.016,0.031,0.004,0.129,0.23,0.01,0.01,0.058,0.097,0.021,0.059,0.057,0.04
9,.,0.125,0.043,0.126,0.074,0.021,0.096,0.073,0.101,0.021,0.015,0.058,0.048,0.035,0.062,0.06,0.044
9,A1_1,0.097,0.019,0.048,0.059,0.062,0.059,0.06,0.061,0.034,0.017,0.017,0.094,0.015,0.221,0.06,0.077
9,A1_2,0.266,0.03,0.039,0.04,0.021,0.038,0.145,0.156,0.016,0.027,0.019,0.061,0.02,0.023,0.028,0.07
9,A1_3,0.126,0.087,0.043,0.201,0.11,0.024,0.026,0.026,0.018,0.02,0.083,0.066,0.043,0.093,0.021,0.014
9,B1_1,0.169,0.071,0.067,0.067,0.021,0.007,0.04,0.05,0.008,0.02,0.152,0.017,0.014,0.216,0.07,0.009
9,B1_2,0.048,0.069,0.054,0.032,0.036,0.015,0.106,0.096,0.009,0.014,0.053,0.039,0.022,0.132,0.241,0.034
9,B1_3,0.202,0.028,0.053,0.02,0.024,0.045,0.147,0.115,0.042,0.018,0.016,0.07,0.025,0.035,0.05,0.11
9,A2_1,0.191,0.016,0.023,0.147,0.05,0.045,0.07,0.094,0.049,0.039,0.056,0.072,0.032,0.06,0.016,0.04
9,A2_2,0.199,0.115,0.075,0.037,0.03,0.01,0.041,0.083,0.006,0.044,0.119,0.058,0.023,0.104,0.044,0.014
9,A2_3,0.077,0.096,0.086,0.087,0.028,0.014,0.114,0.056,0.028,0.006,0.103,0.045,0.023,0.098,0.116,0.023
9,B2_1,0.14,0.051,0.094,0.072,0.022,0.044,0.052,0.066,0.061,0.021,0.107,0.021,0.048,0.138,0.05,0.014
9,B2_2,0.156,0.037,0.042,0.074,0.031,0.019,0.052,0.096,0.009,0.035,0.102,0.032,0.014,0.209,0.072,0.02
9,B2_3,0.147,0.047,0.032,0.014,0.042,0.009,0.179,0.19,0.011,0.016,0.026,0.162,0.023,0.032,0.028,0.042
9,y1,0.119,0.084,0.134,0.047,0.035,0.043,0.05,0.071,0.087,0.015,0.059,0.07,0.06,0.064,0.022,0.041
9,y2,0.173,0.034,0.049,0.129,0.041,0.028,0.036,0.034,0.013,0.016,0.071,0.027,0.013,0.285,0.042,0.009
9,y3,0.104,0.09,0.046,0.017,0.032,0.004,0.13,0.217,0.01,0.01,0.059,0.095,0.022,0.061,0.062,0.042
10,.,0.131,0.042,0.124,0.074,0.021,0.096,0.072,0.098,0.021,0.016,0.058,0.047,0.036,0.061,0.06,0.044
10,A1_1,0.102,0.019,0.047,0.058,0.062,0.057,0.059,0.059,0.033,0.018,0.017,0.093,0.015,0.221,0.062,0.08
10,A1_2,0.279,0.03,0.037,0.039,0.022,0.038,0.142,0.148,0.016,0.028,0.019,0.061,0.02,0.023,0.028,0.071
10,A1_3,0.145,0.088,0.042,0.195,0.107,0.023,0.025,0.024,0.018,0.021,0.081,0.064,0.042,0.089,0.021,0.014
10,B1_1,0.184,0.071,0.066,0.066,0.021,0.006,0.039,0.05,0.008,0.021,0.15,0.017,0.014,0.207,0.07,0.009
10,B1_2,0.049,0.069,0.054,0.033,0.035,0.015,0.101,0.092,0.009,0.014,0.054,0.037,0.022,0.131,0.249,0.035
10,B1_3,0.209,0.027,0.052,0.02,0.024,0.045,0.147,0.109,0.041,0.019,0.016,0.069,0.025,0.036,0.052,0.108
10,A2_1,0.215,0.016,0.022,0.136,0.05,0.043,0.07,0.09,0.047,0.041,0.053,0.073,0.032,0.056,0.016,0.041
10,A2_2,0.218,0.114,0.072,0.038,0.031,0.01,0.04,0.08,0.006,0.044,0.115,0.057,0.023,0.097,0.042,0.014
10,A2_3,0.085,0.101,0.086,0.087,0.028,0.013,0.101,0.05,0.027,0.007,0.107,0.042,0.023,0.103,0.119,0.022
10,B2_1,0.155,0.052,0.093,0.069,0.022,0.041,0.056,0.064,0.054,0.021,0.105,0.021,0.043,0.138,0.053,0.013
10,B2_2,0.18,0.037,0.041,0.073,0.031,0.017,0.052,0.095,0.009,0.036,0.097,0.032,0.014,0.193,0.069,0.022
10,B2_3,0.162,0.047,0.032,0.015,0.045,0.009,0.168,0.177,0.011,0.018,0.028,0.162,0.024,0.032,0.028,0.042
10,y1,0.131,0.088,0.13,0.047,0.037,0.039,0.049,0.066,0.083,0.015,0.061,0.071,0.06,0.064,0.022,0.037
10,y2,0.193,0.037,0.05,0.12,0.039,0.025,0.035,0.033,0.013,0.016,0.071,0.025,0.012,0.278,0.043,0.009
10,y3,0.107,0.091,0.047,0.019,0.033,0.004,0.129,0.204,0.01,0.01,0.06,0.091,0.022,0.063,0.067,0.043
11,.,0.135,0.042,0.123,0.074,0.021,0.096,0.07,0.096,0.021,0.016,0.057,0.047,0.036,0.06,0.061,0.045
11,A1_1,0.106,0.019,0.047,0.057,0.061,0.055,0.058,0.057,0.033,0.018,0.017,0.09,0.014,0.224,0.064,0.081
11,A1_2,0.289,0.029,0.036,0.038,0.022,0.038,0.14,0.141,0.016,0.028,0.019,0.061,0.02,0.022,0.029,0.072
11,A1_3,0.165,0.088,0.041,0.189,0.105,0.021,0.025,0.024,0.018,0.021,0.079,0.063,0.041,0.084,0.02,0.014
11,B1_1,0.2,0.071,0.064,0.067,0.021,0.006,0.038,0.049,0.008,0.022,0.146,0.017,0.014,0.198,0.07,0.009
11,B1_2,0.051,0.07,0.055,0.034,0.035,0.015,0.094,0.085,0.009,0.014,0.054,0.036,0.022,0.136,0.256,0.036
11,B1_3,0.215,0.027,0.052,0.02,0.024,0.046,0.148,0.101,0.04,0.019,0.016,0.068,0.025,0.038,0.054,0.107
11,A2_1,0.238,0.016,0.021,0.123,0.05,0.04,0.07,0.087,0.046,0.042,0.05,0.075,0.031,0.052,0.016,0.042
11,A2_2,0.239,0.111,0.069,0.041,0.032,0.01,0.039,0.076,0.006,0.045,0.111,0.055,0.023,0.089,0.04,0.014
11,A2_3,0.093,0.107,0.086,0.088,0.028,0.012,0.086,0.045,0.025,0.007,0.111,0.04,0.022,0.112,0.118,0.021
11,B2_1,0.168,0.052,0.092,0.067,0.022,0.039,0.06,0.059,0.046,0.021,0.102,0.02,0.037,0.142,0.059,0.013
11,B2_2,0.21,0.037,0.039,0.07,0.032,0.017,0.054,0.095,0.01,0.036,0.089,0.033,0.014,0.175,0.066,0.024
11,B2_3,0.18,0.046,0.031,0.017,0.048,0.01,0.156,0.162,0.012,0.019,0.029,0.165,0.025,0.032,0.026,0.042
11,y1,0.144,0.094,0.126,0.049,0.039,0.034,0.046,0.06,0.078,0.015,0.065,0.072,0.06,0.065,0.02,0.032
11,y2,0.208,0.038,0.052,0.107,0.036,0.021,0.035,0.034,0.013,0.016,0.072,0.024,0.011,0.278,0.046,0.009
11,y3,0.106,0.09,0.048,0.02,0.034,0.005,0.132,0.195,0.011,0.009,0.059,0.09,0.022,0.064,0.072,0.046
12,.,0.14,0.042,0.122,0.074,0.021,0.097,0.069,0.093,0.021,0.016,0.057,0.046,0.036,0.059,0.061,0.046
12,A1_1,0.109,0.019,0.047,0.057,0.06,0.054,0.057,0.054,0.032,0.019,0.017,0.087,0.014,0.226,0.066,0.082
12,A1_2,0.3,0.029,0.035,0.038,0.022,0.038,0.137,0.134,0.016,0.029,0.019,0.06,0.02,0.022,0.029,0.073
12,A1_3,0.183,0.087,0.041,0.185,0.103,0.021,0.024,0.023,0.018,0.021,0.077,0.062,0.041,0.08,0.02,0.014
12,B1_1,0.217,0.07,0.063,0.066,0.021,0.006,0.038,0.048,0.008,0.023,0.143,0.017,0.014,0.188,0.07,0.009
12,B1_2,0.053,0.07,0.054,0.035,0.034,0.014,0.09,0.081,0.01,0.014,0.053,0.034,0.021,0.134,0.266,0.036
12,B1_3,0.22,0.027,0.052,0.021,0.024,0.046,0.148,0.096,0.04,0.019,0.016,0.067,0.024,0.039,0.055,0.105
12,A2_1,0.256,0.015,0.02,0.117,0.05,0.039,0.069,0.083,0.045,0.043,0.048,0.074,0.031,0.051,0.016,0.043
12,A2_2,0.259,0.108,0.066,0.041,0.032,0.01,0.037,0.073,0.006,0.045,0.107,0.054,0.023,0.084,0.039,0.015
12,A2_3,0.102,0.109,0.085,0.087,0.028,0.011,0.081,0.042,0.025,0.007,0.112,0.038,0.021,0.112,0.119,0.021
12,B2_1,0.181,0.053,0.091,0.066,0.022,0.036,0.062,0.057,0.043,0.021,0.1,0.02,0.035,0.139,0.062,0.013
12,B2_2,0.233,0.037,0.038,0.07,0.032,0.016,0.053,0.091,0.01,0.036,0.085,0.033,0.014,0.164,0.064,0.024
12,B2_3,0.194,0.046,0.031,0.018,0.05,0.01,0.148,0.152,0.012,0.021,0.03,0.161,0.025,0.033,0.026,0.043
12,y1,0.156,0.095,0.122,0.049,0.04,0.033,0.047,0.057,0.073,0.016,0.065,0.073,0.059,0.064,0.02,0.031
12,y2,0.229,0.04,0.052,0.104,0.035,0.02,0.034,0.033,0.013,0.016,0.071,0.023,0.011,0.265,0.046,0.009
12,y3,0.111,0.091,0.05,0.021,0.035,0.005,0.128,0.18,0.011,0.01,0.061,0.086,0.021,0.068,0.077,0.045
13,.,0.142,0.042,0.121,0.073,0.021,0.097,0.068,0.091,0.022,0.016,0.057,0.046,0.037,0.059,0.061,0.047
13,A1_1,0.112,0.019,0.046,0.057,0.06,0.053,0.055,0.053,0.032,0.019,0.017,0.085,0.014,0.228,0.067,0.083
13,A1_2,0.308,0.028,0.034,0.037,0.022,0.038,0.136,0.129,0.015,0.029,0.019,0.06,0.02,0.022,0.029,0.074
13,A1_3,0.2,0.086,0.04,0.18,0.102,0.02,0.024,0.022,0.019,0.021,0.075,0.061,0.04,0.076,0.02,0.014
13,B1_1,0.228,0.07,0.062,0.066,0.021,0.006,0.036,0.048,0.008,0.023,0.142,0.017,0.014,0.18,0.069,0.01
13,B1_2,0.051,0.07,0.054,0.036,0.033,0.014,0.085,0.077,0.01,0.014,0.054,0.033,0.021,0.135,0.276,0.037
13,B1_3,0.219,0.027,0.052,0.02,0.025,0.048,0.147,0.09,0.04,0.02,0.016,0.067,0.025,0.041,0.058,0.106
13,A2_1,0.277,0.014,0.019,0.109,0.049,0.038,0.068,0.079,0.045,0.043,0.046,0.074,0.03,0.049,0.015,0.044
13,A2_2,0.275,0.105,0.064,0.042,0.033,0.01,0.036,0.071,0.007,0.046,0.104,0.054,0.023,0.079,0.037,0.015
13,A2_3,0.107,0.112,0.084,0.086,0.028,0.01,0.071,0.04,0.024,0.007,0.114,0.037,0.021,0.117,0.12,0.021
13,B2_1,0.188,0.054,0.091,0.064,0.022,0.035,0.064,0.055,0.039,0.02,0.098,0.019,0.032,0.14,0.066,0.013
13,B2_2,0.258,0.036,0.037,0.069,0.031,0.016,0.053,0.089,0.011,0.035,0.081,0.033,0.014,0.151,0.06,0.026
13,B2_3,0.206,0.045,0.03,0.019,0.051,0.01,0.139,0.144,0.012,0.023,0.032,0.161,0.025,0.033,0.025,0.044
13,y1,0.166,0.098,0.118,0.05,0.042,0.03,0.045,0.054,0.07,0.016,0.067,0.073,0.06,0.062,0.019,0.03
13,y2,0.242,0.04,0.053,0.099,0.033,0.018,0.033,0.033,0.013,0.015,0.07,0.022,0.011,0.26,0.047,0.009
13,y3,0.11,0.09,0.05,0.022,0.035,0.006,0.127,0.173,0.012,0.01,0.061,0.084,0.021,0.069,0.083,0.047
14,.,0.145,0.042,0.12,0.073,0.021,0.098,0.067,0.089,0.022,0.016,0.056,0.046,0.037,0.058,0.062,0.047
14,A1_1,0.114,0.019,0.046,0.056,0.059,0.052,0.054,0.051,0.032,0.019,0.017,0.084,0.013,0.229,0.069,0.085
14,A1_2,0.316,0.028,0.033,0.036,0.022,0.039,0.133,0.124,0.015,0.029,0.018,0.059,0.02,0.021,0.03,0.076
14,A1_3,0.217,0.084,0.039,0.175,0.1,0.02,0.023,0.022,0.019,0.022,0.074,0.061,0.039,0.073,0.019,0.014
14,B1_1,0.241,0.069,0.061,0.065,0.021,0.006,0.035,0.047,0.008,0.024,0.139,0.017,0.014,0.174,0.069,0.01
14,B1_2,0.052,0.071,0.054,0.036,0.033,0.014,0.081,0.074,0.01,0.014,0.053,0.032,0.021,0.135,0.282,0.038
14,B1_3,0.222,0.027,0.051,0.02,0.025,0.049,0.146,0.087,0.039,0.02,0.017,0.065,0.025,0.042,0.06,0.106
14,A2_1,0.294,0.014,0.019,0.103,0.048,0.037,0.068,0.075,0.044,0.043,0.045,0.073,0.029,0.048,0.015,0.044
14,A2_2,0.291,0.101,0.061,0.042,0.033,0.01,0.036,0.069,0.007,0.048,0.099,0.054,0.023,0.074,0.036,0.016
14,A2_3,0.114,0.114,0.083,0.085,0.029,0.01,0.067,0.038,0.024,0.008,0.113,0.036,0.021,0.118,0.12,0.021
14,B2_1,0.198,0.054,0.09,0.062,0.022,0.034,0.065,0.052,0.036,0.02,0.095,0.019,0.03,0.139,0.069,0.013
14,B2_2,0.278,0.036,0.037,0.067,0.032,0.015,0.052,0.085,0.011,0.035,0.077,0.033,0.014,0.143,0.058,0.026
14,B2_3,0.218,0.044,0.03,0.02,0.052,0.011,0.132,0.137,0.012,0.024,0.032,0.16,0.025,0.033,0.025,0.045
14,y1,0.176,0.099,0.114,0.051,0.042,0.029,0.044,0.051,0.067,0.016,0.068,0.073,0.059,0.061,0.019,0.028
14,y2,0.257,0.041,0.054,0.094,0.031,0.017,0.033,0.032,0.012,0.016,0.069,0.021,0.01,0.256,0.048,0.009
14,y3,0.11,0.09,0.05,0.023,0.036,0.006,0.125,0.167,0.012,0.01,0.06,0.083,0.022,0.069,0.087,0.05
15,.,0.148,0.042,0.119,0.073,0.021,0.098,0.066,0.087,0.022,0.017,0.056,0.045,0.037,0.058,0.062,0.048
15,A1_1,0.117,0.019,0.045,0.055,0.058,0.052,0.053,0.05,0.031,0.02,0.017,0.081,0.013,0.231,0.071,0.086
15,A1_2,0.323,0.027,0.032,0.035,0.022,0.039,0.132,0.119,0.015,0.03,0.018,0.059,0.02,0.021,0.03,0.077
15,A1_3,0.236,0.084,0.038,0.167,0.097,0.019,0.023,0.021,0.019,0.022,0.072,0.06,0.039,0.069,0.019,0.014
15,B1_1,0.254,0.069,0.06,0.065,0.021,0.006,0.035,0.046,0.008,0.025,0.136,0.016,0.014,0.165,0.069,0.01
15,B1_2,0.053,0.071,0.053,0.037,0.032,0.014,0.076,0.07,0.01,0.015,0.053,0.03,0.021,0.137,0.291,0.038
15,B1_3,0.226,0.026,0.051,0.021,0.026,0.05,0.146,0.082,0.038,0.02,0.017,0.064,0.024,0.043,0.062,0.105
15,A2_1,0.311,0.013,0.017,0.095,0.048,0.036,0.067,0.074,0.043,0.044,0.042,0.074,0.029,0.045,0.015,0.046
15,A2_2,0.31,0.099,0.059,0.043,0.034,0.01,0.035,0.066,0.007,0.047,0.095,0.053,0.023,0.069,0.034,0.016
15,A2_3,0.122,0.117,0.082,0.083,0.029,0.009,0.06,0.036,0.023,0.008,0.115,0.035,0.021,0.12,0.119,0.02
15,B2_1,0.204,0.054,0.087,0.061,0.022,0.032,0.067,0.051,0.033,0.021,0.094,0.018,0.028,0.139,0.074,0.013
15,B2_2,0.303,0.036,0.035,0.065,0.032,0.015,0.052,0.082,0.012,0.035,0.073,0.034,0.014,0.131,0.056,0.027
15,B2_3,0.235,0.042,0.029,0.021,0.054,0.011,0.126,0.127,0.012,0.026,0.033,0.157,0.025,0.033,0.024,0.045
15,y1,0.191,0.101,0.11,0.051,0.043,0.027,0.043,0.049,0.062,0.017,0.071,0.072,0.059,0.06,0.019,0.027
15,y2,0.27,0.042,0.054,0.089,0.03,0.015,0.033,0.032,0.012,0.016,0.069,0.02,0.01,0.249,0.05,0.009
15,y3,0.111,0.09,0.051,0.024,0.037,0.006,0.123,0.155,0.012,0.01,0.06,0.081,0.022,0.073,0.093,0.051
16,.,0.15,0.042,0.118,0.072,0.022,0.099,0.065,0.085,0.023,0.017,0.056,0.045,0.038,0.057,0.063,0.048
16,A1_1,0.12,0.019,0.045,0.055,0.058,0.051,0.052,0.048,0.031,0.02,0.017,0.08,0.013,0.232,0.073,0.087
16,A1_2,0.33,0.026,0.031,0.035,0.022,0.039,0.13,0.115,0.015,0.03,0.018,0.059,0.02,0.021,0.03,0.079
16,A1_3,0.253,0.083,0.037,0.161,0.096,0.018,0.023,0.021,0.019,0.023,0.071,0.058,0.039,0.066,0.019,0.014
16,B1_1,0.265,0.069,0.058,0.065,0.022,0.006,0.034,0.046,0.008,0.026,0.135,0.016,0.014,0.158,0.069,0.01
16,B1_2,0.053,0.071,0.053,0.037,0.032,0.014,0.073,0.067,0.01,0.015,0.054,0.03,0.021,0.136,0.296,0.04
16,B1_3,0.23,0.026,0.051,0.021,0.025,0.05,0.144,0.078,0.037,0.021,0.017,0.064,0.024,0.044,0.064,0.103
16,A2_1,0.327,0.013,0.017,0.089,0.047,0.035,0.066,0.072,0.042,0.045,0.042,0.072,0.028,0.044,0.015,0.046
16,A2_2,0.321,0.096,0.056,0.043,0.034,0.01,0.034,0.065,0.007,0.049,0.092,0.052,0.024,0.065,0.034,0.016
16,A2_3,0.128,0.118,0.08,0.083,0.029,0.009,0.057,0.034,0.024,0.008,0.114,0.035,0.021,0.119,0.119,0.021
16,B2_1,0.215,0.055,0.087,0.059,0.022,0.031,0.066,0.049,0.032,0.021,0.094,0.018,0.027,0.137,0.076,0.013
16,B2_2,0.317,0.035,0.034,0.064,0.031,0.014,0.051,0.08,0.012,0.034,0.071,0.034,0.014,0.124,0.055,0.028
16,B2_3,0.246,0.041,0.029,0.022,0.054,0.011,0.12,0.122,0.013,0.027,0.034,0.155,0.026,0.032,0.023,0.046
16,y1,0.202,0.1,0.105,0.052,0.043,0.025,0.042,0.047,0.06,0.018,0.072,0.071,0.059,0.058,0.019,0.026
16,y2,0.283,0.042,0.053,0.086,0.029,0.014,0.032,0.032,0.012,0.016,0.069,0.02,0.01,0.24,0.051,0.01
16,y3,0.111,0.09,0.051,0.025,0.038,0.007,0.12,0.148,0.013,0.01,0.06,0.08,0.022,0.074,0.097,0.054
17,.,0.151,0.042,0.117,0.072,0.022,0.1,0.064,0.083,0.023,0.017,0.056,0.045,0.038,0.057,0.063,0.049
17,A1_1,0.122,0.019,0.045,0.054,0.057,0.05,0.05,0.046,0.031,0.02,0.017,0.078,0.013,0.236,0.074,0.087
17,A1_2,0.334,0.026,0.031,0.035,0.023,0.04,0.128,0.111,0.015,0.031,0.018,0.058,0.02,0.021,0.031,0.08
17,A1_3,0.266,0.081,0.037,0.157,0.095,0.018,0.022,0.02,0.019,0.023,0.069,0.058,0.038,0.063,0.019,0.015
17,B1_1,0.276,0.067,0.057,0.065,0.022,0.006,0.033,0.046,0.009,0.026,0.131,0.016,0.014,0.152,0.068,0.011
17,B1_2,0.053,0.072,0.053,0.038,0.032,0.014,0.068,0.064,0.01,0.015,0.054,0.03,0.021,0.138,0.297,0.041
17,B1_3,0.231,0.026,0.052,0.021,0.026,0.052,0.14,0.074,0.037,0.021,0.018,0.063,0.024,0.047,0.065,0.102
17,A2_1,0.341,0.012,0.016,0.085,0.047,0.034,0.065,0.068,0.041,0.046,0.04,0.071,0.027,0.044,0.016,0.046
17,A2_2,0.334,0.091,0.054,0.043,0.035,0.011,0.034,0.065,0.007,0.051,0.087,0.052,0.024,0.061,0.034,0.017
17,A2_3,0.133,0.119,0.08,0.084,0.03,0.008,0.053,0.033,0.024,0.009,0.112,0.035,0.021,0.121,0.116,0.021
17,B2_1,0.222,0.056,0.087,0.057,0.023,0.029,0.063,0.046,0.03,0.021,0.092,0.018,0.026,0.141,0.077,0.013
17,B2_2,0.332,0.035,0.034,0.062,0.032,0.014,0.052,0.077,0.012,0.034,0.067,0.034,0.013,0.12,0.055,0.029
17,B2_3,0.259,0.039,0.028,0.023,0.055,0.012,0.115,0.114,0.013,0.028,0.034,0.156,0.026,0.031,0.022,0.046
17,y1,0.212,0.099,0.102,0.053,0.044,0.024,0.04,0.045,0.058,0.018,0.075,0.07,0.058,0.057,0.018,0.026
17,y2,0.293,0.042,0.052,0.084,0.029,0.013,0.032,0.032,0.012,0.016,0.067,0.02,0.01,0.234,0.052,0.01
17,y3,0.109,0.091,0.051,0.026,0.039,0.007,0.116,0.143,0.013,0.01,0.059,0.081,0.023,0.074,0.1,0.057
18,.,0.151,0.041,0.116,0.072,0.022,0.101,0.063,0.082,0.023,0.017,0.056,0.045,0.039,0.056,0.063,0.05
18,A1_1,0.124,0.018,0.045,0.053,0.057,0.049,0.049,0.046,0.031,0.02,0.017,0.078,0.013,0.235,0.074,0.09
18,A1_2,0.338,0.025,0.03,0.034,0.023,0.04,0.126,0.108,0.015,0.031,0.018,0.059,0.02,0.02,0.031,0.081
18,A1_3,0.278,0.081,0.037,0.153,0.093,0.017,0.022,0.02,0.019,0.023,0.069,0.057,0.038,0.06,0.018,0.015
18,B1_1,0.281,0.067,0.057,0.066,0.022,0.006,0.033,0.045,0.009,0.027,0.13,0.017,0.015,0.147,0.069,0.011
18,B1_2,0.053,0.071,0.053,0.038,0.033,0.014,0.066,0.062,0.01,0.015,0.052,0.03,0.021,0.139,0.299,0.043
18,B1_3,0.234,0.026,0.051,0.021,0.026,0.053,0.139,0.072,0.037,0.021,0.018,0.063,0.024,0.048,0.065,0.101
18,A2_1,0.357,0.012,0.016,0.079,0.046,0.033,0.064,0.067,0.041,0.046,0.039,0.071,0.027,0.042,0.015,0.046
18,A2_2,0.341,0.09,0.053,0.044,0.035,0.011,0.034,0.063,0.007,0.051,0.085,0.052,0.024,0.057,0.033,0.018
18,A2_3,0.134,0.119,0.08,0.085,0.031,0.008,0.049,0.031,0.025,0.009,0.112,0.035,0.022,0.123,0.116,0.022
18,B2_1,0.228,0.055,0.086,0.056,0.023,0.029,0.063,0.044,0.029,0.021,0.09,0.018,0.024,0.141,0.079,0.013
18,B2_2,0.347,0.034,0.033,0.059,0.033,0.014,0.051,0.076,0.012,0.034,0.064,0.035,0.013,0.111,0.052,0.03
18,B2_3,0.272,0.039,0.027,0.024,0.056,0.012,0.109,0.107,0.013,0.029,0.034,0.155,0.026,0.03,0.021,0.046
18,y1,0.22,0.101,0.1,0.054,0.044,0.023,0.038,0.043,0.055,0.019,0.078,0.068,0.058,0.057,0.018,0.024
18,y2,0.298,0.041,0.053,0.082,0.028,0.013,0.032,0.032,0.012,0.017,0.067,0.019,0.009,0.233,0.054,0.01
18,y3,0.106,0.088,0.05,0.026,0.041,0.008,0.116,0.141,0.014,0.01,0.056,0.084,0.024,0.073,0.102,0.063
19,.,0.151,0.041,0.116,0.072,0.022,0.102,0.063,0.081,0.024,0.017,0.056,0.045,0.039,0.056,0.064,0.051
19,A1_1,0.125,0.018,0.044,0.052,0.056,0.049,0.048,0.045,0.031,0.021,0.017,0.078,0.013,0.236,0.075,0.092
19,A1_2,0.341,0.025,0.029,0.033,0.023,0.041,0.125,0.106,0.014,0.032,0.018,0.059,0.021,0.02,0.031,0.083
19,A1_3,0.29,0.08,0.036,0.149,0.092,0.017,0.021,0.019,0.019,0.023,0.067,0.057,0.038,0.058,0.018,0.015
19,B1_1,0.287,0.066,0.057,0.066,0.022,0.006,0.032,0.045,0.009,0.027,0.13,0.017,0.015,0.143,0.068,0.012
19,B1_2,0.051,0.07,0.053,0.038,0.031,0.014,0.063,0.06,0.01,0.015,0.052,0.029,0.021,0.139,0.311,0.044
19,B1_3,0.231,0.025,0.05,0.02,0.027,0.055,0.138,0.07,0.037,0.022,0.018,0.063,0.025,0.048,0.067,0.104
19,A2_1,0.372,0.012,0.015,0.074,0.046,0.032,0.063,0.065,0.04,0.046,0.037,0.072,0.027,0.039,0.015,0.047
19,A2_2,0.352,0.089,0.052,0.044,0.036,0.011,0.033,0.061,0.007,0.052,0.083,0.052,0.025,0.054,0.032,0.018
19,A2_3,0.135,0.119,0.08,0.083,0.03,0.008,0.045,0.03,0.025,0.009,0.114,0.034,0.021,0.127,0.118,0.022
19,B2_1,0.227,0.054,0.085,0.055,0.022,0.028,0.065,0.044,0.028,0.021,0.089,0.018,0.024,0.14,0.085,0.014
19,B2_2,0.364,0.034,0.032,0.057,0.033,0.014,0.052,0.075,0.013,0.033,0.061,0.036,0.014,0.101,0.05,0.032
19,B2_3,0.285,0.037,0.026,0.025,0.057,0.012,0.103,0.102,0.014,0.03,0.035,0.152,0.027,0.029,0.019,0.047
19,y1,0.229,0.102,0.098,0.055,0.045,0.022,0.036,0.04,0.051,0.019,0.08,0.067,0.057,0.056,0.019,0.023
19,y2,0.3,0.04,0.053,0.079,0.026,0.012,0.032,0.032,0.012,0.016,0.066,0.019,0.009,0.235,0.057,0.011
19,y3,0.102,0.084,0.05,0.026,0.041,0.008,0.116,0.137,0.014,0.011,0.054,0.084,0.024,0.073,0.108,0.068
20,.,0.151,0.041,0.115,0.072,0.022,0.103,0.062,0.08,0.024,0.018,0.056,0.046,0.04,0.055,0.064,0.052
20,A1_1,0.125,0.018,0.044,0.052,0.055,0.049,0.047,0.044,0.031,0.021,0.017,0.076,0.013,0.237,0.077,0.093
20,A1_2,0.345,0.024,0.028,0.033,0.023,0.041,0.123,0.103,0.014,0.032,0.018,0.059,0.021,0.019,0.031,0.085
20,A1_3,0.297,0.079,0.035,0.147,0.091,0.017,0.021,0.019,0.02,0.023,0.067,0.057,0.038,0.056,0.018,0.015
20,B1_1,0.291,0.066,0.056,0.066,0.022,0.006,0.031,0.045,0.009,0.028,0.128,0.017,0.015,0.139,0.068,0.012
20,B1_2,0.049,0.07,0.052,0.037,0.032,0.014,0.06,0.058,0.01,0.015,0.051,0.028,0.021,0.139,0.319,0.045
20,B1_3,0.232,0.025,0.05,0.02,0.027,0.056,0.137,0.067,0.037,0.021,0.018,0.063,0.025,0.049,0.069,0.103
20,A2_1,0.385,0.011,0.015,0.071,0.044,0.031,0.062,0.063,0.039,0.045,0.036,0.07,0.026,0.039,0.015,0.047
20,A2_2,0.356,0.087,0.05,0.044,0.036,0.011,0.033,0.061,0.007,0.053,0.081,0.052,0.025,0.052,0.032,0.019
20,A2_3,0.134,0.119,0.078,0.084,0.031,0.008,0.044,0.029,0.026,0.009,0.112,0.034,0.022,0.127,0.12,0.024
20,B2_1,0.232,0.054,0.084,0.054,0.023,0.028,0.064,0.043,0.028,0.021,0.087,0.018,0.023,0.14,0.087,0.014
20,B2_2,0.37,0.033,0.031,0.056,0.033,0.014,0.051,0.074,0.013,0.034,0.059,0.037,0.014,0.098,0.05,0.034
20,B2_3,0.291,0.036,0.026,0.025,0.058,0.012,0.1,0.099,0.014,0.031,0.035,0.151,0.027,0.028,0.019,0.048
20,y1,0.235,0.102,0.096,0.056,0.045,0.021,0.035,0.039,0.05,0.02,0.081,0.067,0.056,0.055,0.019,0.024
20,y2,0.305,0.04,0.053,0.079,0.026,0.012,0.032,0.032,0.012,0.017,0.066,0.019,0.009,0.232,0.057,0.011
20,y3,0.099,0.084,0.049,0.026,0.043,0.009,0.113,0.133,0.014,0.011,0.053,0.085,0.025,0.073,0.112,0.071
21,.,0.151,0.041,0.114,0.071,0.022,0.104,0.061,0.079,0.024,0.018,0.056,0.046,0.04,0.055,0.064,0.053
21,A1_1,0.127,0.018,0.043,0.051,0.056,0.048,0.046,0.043,0.031,0.021,0.017,0.076,0.013,0.236,0.077,0.095
21,A1_2,0.35,0.024,0.028,0.032,0.024,0.041,0.121,0.101,0.014,0.032,0.018,0.059,0.021,0.019,0.031,0.086
21,A1_3,0.304,0.079,0.035,0.143,0.09,0.017,0.02,0.019,0.02,0.023,0.066,0.057,0.038,0.054,0.018,0.016
21,B1_1,0.291,0.066,0.056,0.067,0.022,0.006,0.03,0.045,0.009,0.029,0.129,0.017,0.015,0.136,0.07,0.013
21,B1_2,0.048,0.069,0.051,0.037,0.032,0.014,0.058,0.057,0.01,0.016,0.051,0.028,0.022,0.137,0.324,0.047
21,B1_3,0.237,0.025,0.048,0.02,0.028,0.056,0.136,0.065,0.036,0.021,0.018,0.063,0.025,0.049,0.068,0.103
21,A2_1,0.398,0.011,0.014,0.068,0.044,0.03,0.059,0.061,0.039,0.045,0.036,0.07,0.026,0.037,0.014,0.047
21,A2_2,0.357,0.087,0.05,0.044,0.036,0.011,0.032,0.061,0.008,0.054,0.082,0.052,0.025,0.051,0.032,0.019
21,A2_3,0.133,0.118,0.078,0.083,0.031,0.008,0.042,0.029,0.026,0.009,0.113,0.034,0.022,0.126,0.124,0.024
21,B2_1,0.236,0.054,0.083,0.054,0.023,0.028,0.064,0.043,0.028,0.021,0.087,0.018,0.023,0.136,0.089,0.015
21,B2_2,0.378,0.033,0.03,0.056,0.033,0.014,0.05,0.072,0.013,0.034,0.059,0.036,0.014,0.094,0.049,0.035
21,B2_3,0.298,0.037,0.026,0.026,0.058,0.012,0.096,0.096,0.014,0.031,0.036,0.148,0.028,0.028,0.019,0.048
21,y1,0.236,0.103,0.096,0.056,0.046,0.021,0.034,0.038,0.049,0.019,0.082,0.066,0.056,0.056,0.019,0.024
21,y2,0.306,0.04,0.053,0.079,0.026,0.012,0.032,0.032,0.012,0.017,0.065,0.018,0.008,0.229,0.06,0.011
21,y3,0.098,0.082,0.047,0.027,0.044,0.009,0.112,0.13,0.014,0.011,0.051,0.086,0.026,0.073,0.114,0.076
22,.,0.15,0.041,0.113,0.071,0.023,0.106,0.061,0.079,0.024,0.018,0.056,0.046,0.041,0.055,0.064,0.053
22,A1_1,0.128,0.018,0.043,0.051,0.055,0.048,0.045,0.043,0.031,0.021,0.017,0.075,0.013,0.238,0.078,0.097
22,A1_2,0.352,0.024,0.027,0.032,0.024,0.041,0.12,0.099,0.014,0.032,0.018,0.059,0.021,0.019,0.031,0.087
22,A1_3,0.313,0.079,0.035,0.14,0.089,0.016,0.02,0.019,0.02,0.023,0.065,0.057,0.039,0.053,0.018,0.016
22,B1_1,0.296,0.065,0.055,0.068,0.022,0.006,0.03,0.044,0.01,0.03,0.127,0.017,0.016,0.134,0.069,0.013
22,B1_2,0.047,0.068,0.05,0.038,0.031,0.014,0.056,0.055,0.01,0.016,0.051,0.027,0.022,0.139,0.329,0.047
22,B1_3,0.235,0.025,0.048,0.02,0.028,0.058,0.134,0.063,0.036,0.022,0.018,0.063,0.025,0.051,0.07,0.104
22,A2_1,0.408,0.011,0.014,0.065,0.044,0.029,0.058,0.059,0.038,0.044,0.035,0.07,0.026,0.036,0.014,0.048
22,A2_2,0.366,0.085,0.049,0.044,0.037,0.012,0.031,0.059,0.008,0.054,0.08,0.052,0.026,0.049,0.031,0.019
22,A2_3,0.134,0.118,0.078,0.083,0.031,0.008,0.04,0.028,0.026,0.009,0.113,0.034,0.022,0.128,0.122,0.025
22,B2_1,0.235,0.053,0.081,0.054,0.023,0.028,0.064,0.042,0.027,0.021,0.086,0.017,0.023,0.137,0.093,0.015
22,B2_2,0.388,0.033,0.029,0.054,0.033,0.014,0.049,0.071,0.013,0.033,0.057,0.037,0.015,0.09,0.049,0.036
22,B2_3,0.308,0.036,0.025,0.027,0.058,0.012,0.092,0.092,0.014,0.032,0.036,0.146,0.028,0.027,0.018,0.048
22,y1,0.243,0.103,0.093,0.057,0.046,0.02,0.032,0.037,0.048,0.02,0.083,0.066,0.055,0.056,0.019,0.023
22,y2,0.308,0.039,0.052,0.079,0.025,0.012,0.031,0.031,0.012,0.017,0.065,0.018,0.008,0.228,0.062,0.012
22,y3,0.095,0.081,0.047,0.027,0.045,0.01,0.109,0.126,0.015,0.011,0.051,0.086,0.026,0.074,0.117,0.08
23,.,0.149,0.041,0.112,0.071,0.023,0.107,0.06,0.078,0.025,0.018,0.056,0.046,0.041,0.054,0.064,0.054
23,A1_1,0.128,0.018,0.042,0.051,0.055,0.048,0.044,0.042,0.032,0.021,0.017,0.074,0.013,0.239,0.078,0.098
23,A1_2,0.355,0.023,0.026,0.031,0.024,0.042,0.119,0.097,0.014,0.032,0.018,0.059,0.021,0.019,0.032,0.088
23,A1_3,0.32,0.078,0.034,0.137,0.088,0.016,0.019,0.018,0.02,0.023,0.065,0.056,0.039,0.052,0.017,0.016
23,B1_1,0.299,0.065,0.054,0.068,0.023,0.006,0.029,0.044,0.01,0.03,0.126,0.016,0.016,0.131,0.069,0.014
23,B1_2,0.046,0.068,0.05,0.038,0.031,0.014,0.053,0.053,0.01,0.016,0.05,0.027,0.022,0.14,0.332,0.049
23,B1_3,0.236,0.025,0.048,0.02,0.029,0.059,0.132,0.061,0.036,0.021,0.018,0.062,0.025,0.052,0.072,0.103
23,A2_1,0.418,0.011,0.013,0.063,0.043,0.029,0.057,0.058,0.038,0.044,0.034,0.068,0.025,0.036,0.014,0.048
23,A2_2,0.369,0.084,0.048,0.044,0.036,0.012,0.031,0.059,0.008,0.055,0.078,0.052,0.026,0.047,0.031,0.02
23,A2_3,0.134,0.118,0.077,0.083,0.032,0.008,0.038,0.027,0.026,0.01,0.112,0.034,0.023,0.129,0.122,0.026
23,B2_1,0.239,0.053,0.081,0.053,0.023,0.027,0.062,0.041,0.027,0.021,0.086,0.017,0.023,0.138,0.094,0.015
23,B2_2,0.391,0.033,0.028,0.053,0.034,0.014,0.049,0.07,0.013,0.033,0.056,0.037,0.015,0.088,0.049,0.037
23,B2_3,0.314,0.035,0.025,0.027,0.059,0.012,0.09,0.089,0.014,0.032,0.036,0.146,0.028,0.027,0.018,0.049
23,y1,0.249,0.103,0.092,0.057,0.046,0.019,0.031,0.035,0.047,0.02,0.085,0.064,0.055,0.055,0.019,0.023
23,y2,0.309,0.039,0.052,0.078,0.025,0.012,0.031,0.032,0.012,0.018,0.064,0.018,0.008,0.227,0.063,0.012
23,y3,0.092,0.08,0.047,0.027,0.046,0.01,0.106,0.123,0.015,0.011,0.05,0.087,0.027,0.075,0.119,0.084
24,.,0.148,0.041,0.112,0.071,0.023,0.108,0.059,0.077,0.025,0.018,0.056,0.046,0.042,0.054,0.065,0.055
24,A1_1,0.128,0.018,0.042,0.05,0.054,0.048,0.043,0.041,0.032,0.021,0.017,0.073,0.013,0.241,0.079,0.1
24,A1_2,0.356,0.023,0.026,0.031,0.024,0.042,0.118,0.096,0.014,0.033,0.017,0.059,0.021,0.018,0.032,0.09
24,A1_3,0.324,0.078,0.034,0.135,0.088,0.016,0.019,0.018,0.02,0.024,0.064,0.056,0.039,0.05,0.017,0.016
24,B1_1,0.298,0.064,0.054,0.069,0.023,0.006,0.029,0.044,0.01,0.031,0.125,0.016,0.016,0.131,0.069,0.014
24,B1_2,0.044,0.067,0.049,0.037,0.031,0.014,0.051,0.052,0.01,0.016,0.049,0.027,0.022,0.142,0.338,0.051
24,B1_3,0.232,0.024,0.048,0.02,0.03,0.062,0.13,0.059,0.037,0.022,0.018,0.063,0.026,0.053,0.073,0.105
24,A2_1,0.431,0.01,0.013,0.06,0.043,0.028,0.056,0.056,0.037,0.044,0.033,0.068,0.025,0.035,0.014,0.048
24,A2_2,0.371,0.083,0.047,0.044,0.037,0.012,0.031,0.059,0.008,0.056,0.076,0.052,0.027,0.045,0.03,0.021
