,,.,A1_1,A1_2,A1_3,B1_1,B1_2,B1_3,A2_1,A2_2,A2_3,B2_1,B2_2,B2_3,y1,y2,y3
1,.,1.0,-0.313,0.039,-0.044,0.102,0.019,-0.109,0.057,-0.149,0.02,-0.081,0.098,-0.038,-0.036,0.006,0.122
1,A1_1,-0.313,1.0,0.075,0.17,-0.019,-0.119,-0.043,-0.111,0.022,0.207,0.092,-0.034,0.052,0.081,0.068,-0.103
1,A1_2,0.039,0.075,1.0,0.114,-0.016,-0.01,0.108,-0.019,0.235,0.304,-0.094,0.037,0.033,-0.118,0.019,-0.118
1,A1_3,-0.044,0.17,0.114,1.0,0.119,-0.164,-0.122,0.082,0.166,0.157,0.057,-0.067,0.09,-0.205,0.154,0.038
1,B1_1,0.102,-0.019,-0.016,0.119,1.0,-0.035,-0.109,-0.106,0.086,0.163,0.039,-0.115,-0.102,0.081,-0.143,-0.018
1,B1_2,0.019,-0.119,-0.01,-0.164,-0.035,1.0,0.191,0.195,-0.138,-0.074,0.048,0.121,-0.052,-0.025,-0.014,-0.141
1,B1_3,-0.109,-0.043,0.108,-0.122,-0.109,0.191,1.0,0.006,0.04,-0.154,-0.202,0.047,-0.018,-0.015,0.073,0.023
1,A2_1,0.057,-0.111,-0.019,0.082,-0.106,0.195,0.006,1.0,-0.059,0.033,-0.15,-0.278,0.061,0.011,-0.003,0.1
1,A2_2,-0.149,0.022,0.235,0.166,0.086,-0.138,0.04,-0.059,1.0,0.226,0.06,0.087,0.282,-0.004,-0.196,-0.189
1,A2_3,0.02,0.207,0.304,0.157,0.163,-0.074,-0.154,0.033,0.226,1.0,0.009,0.108,0.103,0.096,0.17,0.094
1,B2_1,-0.081,0.092,-0.094,0.057,0.039,0.048,-0.202,-0.15,0.06,0.009,1.0,-0.061,0.316,-0.068,0.126,0.082
1,B2_2,0.098,-0.034,0.037,-0.067,-0.115,0.121,0.047,-0.278,0.087,0.108,-0.061,1.0,-0.119,0.048,-0.053,-0.146
1,B2_3,-0.038,0.052,0.033,0.09,-0.102,-0.052,-0.018,0.061,0.282,0.103,0.316,-0.119,1.0,-0.104,0.18,0.152
1,y1,-0.036,0.081,-0.118,-0.205,0.081,-0.025,-0.015,0.011,-0.004,0.096,-0.068,0.048,-0.104,1.0,-0.006,0.021
1,y2,0.006,0.068,0.019,0.154,-0.143,-0.014,0.073,-0.003,-0.196,0.17,0.126,-0.053,0.18,-0.006,1.0,0.174
1,y3,0.122,-0.103,-0.118,0.038,-0.018,-0.141,0.023,0.1,-0.189,0.094,0.082,-0.146,0.152,0.021,0.174,1.0
2,.,1.0,-0.314,0.039,-0.043,0.102,0.017,-0.11,0.058,-0.149,0.019,-0.082,0.096,-0.038,-0.038,0.005,0.121
2,A1_1,-0.314,1.0,0.075,0.17,-0.019,-0.118,-0.043,-0.11,0.023,0.207,0.093,-0.034,0.052,0.081,0.068,-0.103
2,A1_2,0.039,0.075,1.0,0.114,-0.016,-0.009,0.108,-0.019,0.235,0.304,-0.094,0.037,0.033,-0.117,0.019,-0.118
2,A1_3,-0.043,0.17,0.114,1.0,0.12,-0.164,-0.122,0.083,0.166,0.157,0.057,-0.067,0.09,-0.205,0.154,0.037
2,B1_1,0.102,-0.019,-0.016,0.12,1.0,-0.035,-0.109,-0.106,0.086,0.164,0.039,-0.115,-0.102,0.081,-0.143,-0.018
2,B1_2,0.017,-0.118,-0.009,-0.164,-0.035,1.0,0.191,0.194,-0.137,-0.073,0.048,0.121,-0.051,-0.026,-0.014,-0.141
2,B1_3,-0.11,-0.043,0.108,-0.122,-0.109,0.191,1.0,0.005,0.04,-0.154,-0.202,0.048,-0.017,-0.015,0.073,0.024
2,A2_1,0.058,-0.11,-0.019,0.083,-0.106,0.194,0.005,1.0,-0.058,0.033,-0.151,-0.278,0.061,0.011,-0.003,0.099
2,A2_2,-0.149,0.023,0.235,0.166,0.086,-0.137,0.04,-0.058,1.0,0.227,0.06,0.087,0.282,-0.004,-0.196,-0.19
2,A2_3,0.019,0.207,0.304,0.157,0.164,-0.073,-0.154,0.033,0.227,1.0,0.009,0.108,0.104,0.096,0.17,0.094
2,B2_1,-0.082,0.093,-0.094,0.057,0.039,0.048,-0.202,-0.151,0.06,0.009,1.0,-0.061,0.316,-0.068,0.126,0.083
2,B2_2,0.096,-0.034,0.037,-0.067,-0.115,0.121,0.048,-0.278,0.087,0.108,-0.061,1.0,-0.119,0.048,-0.053,-0.145
2,B2_3,-0.038,0.052,0.033,0.09,-0.102,-0.051,-0.017,0.061,0.282,0.104,0.316,-0.119,1.0,-0.105,0.179,0.152
2,y1,-0.038,0.081,-0.117,-0.205,0.081,-0.026,-0.015,0.011,-0.004,0.096,-0.068,0.048,-0.105,1.0,-0.005,0.021
2,y2,0.005,0.068,0.019,0.154,-0.143,-0.014,0.073,-0.003,-0.196,0.17,0.126,-0.053,0.179,-0.005,1.0,0.174
2,y3,0.121,-0.103,-0.118,0.037,-0.018,-0.141,0.024,0.099,-0.19,0.094,0.083,-0.145,0.152,0.021,0.174,1.0
3,.,1.0,-0.315,0.038,-0.044,0.101,0.016,-0.111,0.059,-0.15,0.019,-0.083,0.095,-0.039,-0.039,0.004,0.119
3,A1_1,-0.315,1.0,0.075,0.17,-0.018,-0.118,-0.043,-0.11,0.023,0.207,0.093,-0.034,0.053,0.081,0.069,-0.103
3,A1_2,0.038,0.075,1.0,0.115,-0.015,-0.009,0.108,-0.018,0.235,0.304,-0.094,0.037,0.033,-0.117,0.019,-0.118
3,A1_3,-0.044,0.17,0.115,1.0,0.12,-0.163,-0.122,0.083,0.167,0.158,0.057,-0.067,0.09,-0.205,0.153,0.036
3,B1_1,0.101,-0.018,-0.015,0.12,1.0,-0.035,-0.109,-0.107,0.087,0.164,0.039,-0.115,-0.102,0.081,-0.143,-0.017
3,B1_2,0.016,-0.118,-0.009,-0.163,-0.035,1.0,0.192,0.194,-0.137,-0.073,0.048,0.122,-0.051,-0.026,-0.015,-0.14
3,B1_3,-0.111,-0.043,0.108,-0.122,-0.109,0.192,1.0,0.005,0.04,-0.154,-0.201,0.049,-0.016,-0.015,0.073,0.024
3,A2_1,0.059,-0.11,-0.018,0.083,-0.107,0.194,0.005,1.0,-0.058,0.033,-0.151,-0.279,0.06,0.011,-0.003,0.099
3,A2_2,-0.15,0.023,0.235,0.167,0.087,-0.137,0.04,-0.058,1.0,0.227,0.06,0.087,0.283,-0.005,-0.197,-0.19
3,A2_3,0.019,0.207,0.304,0.158,0.164,-0.073,-0.154,0.033,0.227,1.0,0.01,0.108,0.104,0.095,0.17,0.094
3,B2_1,-0.083,0.093,-0.094,0.057,0.039,0.048,-0.201,-0.151,0.06,0.01,1.0,-0.06,0.316,-0.068,0.126,0.083
3,B2_2,0.095,-0.034,0.037,-0.067,-0.115,0.122,0.049,-0.279,0.087,0.108,-0.06,1.0,-0.118,0.048,-0.052,-0.144
3,B2_3,-0.039,0.053,0.033,0.09,-0.102,-0.051,-0.016,0.06,0.283,0.104,0.316,-0.118,1.0,-0.105,0.179,0.152
3,y1,-0.039,0.081,-0.117,-0.205,0.081,-0.026,-0.015,0.011,-0.005,0.095,-0.068,0.048,-0.105,1.0,-0.005,0.022
3,y2,0.004,0.069,0.019,0.153,-0.143,-0.015,0.073,-0.003,-0.197,0.17,0.126,-0.052,0.179,-0.005,1.0,0.174
3,y3,0.119,-0.103,-0.118,0.036,-0.017,-0.14,0.024,0.099,-0.19,0.094,0.083,-0.144,0.152,0.022,0.174,1.0
4,.,1.0,-0.315,0.037,-0.044,0.1,0.014,-0.113,0.06,-0.15,0.018,-0.084,0.093,-0.04,-0.041,0.003,0.118
4,A1_1,-0.315,1.0,0.075,0.171,-0.018,-0.117,-0.042,-0.11,0.024,0.207,0.094,-0.034,0.053,0.082,0.069,-0.103
4,A1_2,0.037,0.075,1.0,0.115,-0.015,-0.009,0.107,-0.018,0.236,0.304,-0.094,0.037,0.033,-0.117,0.019,-0.118
4,A1_3,-0.044,0.171,0.115,1.0,0.12,-0.163,-0.122,0.084,0.168,0.158,0.057,-0.067,0.09,-0.205,0.153,0.036
4,B1_1,0.1,-0.018,-0.015,0.12,1.0,-0.034,-0.108,-0.107,0.087,0.164,0.039,-0.115,-0.102,0.081,-0.143,-0.017
4,B1_2,0.014,-0.117,-0.009,-0.163,-0.034,1.0,0.193,0.193,-0.136,-0.072,0.049,0.122,-0.05,-0.026,-0.015,-0.14
4,B1_3,-0.113,-0.042,0.107,-0.122,-0.108,0.193,1.0,0.004,0.04,-0.154,-0.2,0.05,-0.015,-0.016,0.073,0.024
4,A2_1,0.06,-0.11,-0.018,0.084,-0.107,0.193,0.004,1.0,-0.057,0.034,-0.152,-0.279,0.059,0.011,-0.004,0.098
4,A2_2,-0.15,0.024,0.236,0.168,0.087,-0.136,0.04,-0.057,1.0,0.228,0.061,0.087,0.283,-0.005,-0.197,-0.191
4,A2_3,0.018,0.207,0.304,0.158,0.164,-0.072,-0.154,0.034,0.228,1.0,0.01,0.108,0.104,0.095,0.169,0.093
4,B2_1,-0.084,0.094,-0.094,0.057,0.039,0.049,-0.2,-0.152,0.061,0.01,1.0,-0.06,0.317,-0.068,0.126,0.083
4,B2_2,0.093,-0.034,0.037,-0.067,-0.115,0.122,0.05,-0.279,0.087,0.108,-0.06,1.0,-0.117,0.048,-0.052,-0.144
4,B2_3,-0.04,0.053,0.033,0.09,-0.102,-0.05,-0.015,0.059,0.283,0.104,0.317,-0.117,1.0,-0.106,0.179,0.152
4,y1,-0.041,0.082,-0.117,-0.205,0.081,-0.026,-0.016,0.011,-0.005,0.095,-0.068,0.048,-0.106,1.0,-0.004,0.023
4,y2,0.003,0.069,0.019,0.153,-0.143,-0.015,0.073,-0.004,-0.197,0.169,0.126,-0.052,0.179,-0.004,1.0,0.174
4,y3,0.118,-0.103,-0.118,0.036,-0.017,-0.14,0.024,0.098,-0.191,0.093,0.083,-0.144,0.152,0.023,0.174,1.0
5,.,1.0,-0.317,0.036,-0.044,0.099,0.011,-0.115,0.061,-0.151,0.017,-0.086,0.09,-0.041,-0.043,0.002,0.117
5,A1_1,-0.317,1.0,0.075,0.171,-0.017,-0.116,-0.042,-0.109,0.024,0.207,0.094,-0.034,0.054,0.082,0.069,-0.103
5,A1_2,0.036,0.075,1.0,0.116,-0.015,-0.009,0.107,-0.017,0.236,0.305,-0.094,0.036,0.033,-0.117,0.019,-0.118
5,A1_3,-0.044,0.171,0.116,1.0,0.12,-0.163,-0.122,0.085,0.168,0.159,0.057,-0.068,0.09,-0.205,0.153,0.035
5,B1_1,0.099,-0.017,-0.015,0.12,1.0,-0.034,-0.107,-0.107,0.088,0.165,0.039,-0.115,-0.101,0.08,-0.143,-0.017
5,B1_2,0.011,-0.116,-0.009,-0.163,-0.034,1.0,0.194,0.193,-0.135,-0.072,0.05,0.123,-0.049,-0.027,-0.015,-0.14
5,B1_3,-0.115,-0.042,0.107,-0.122,-0.107,0.194,1.0,0.003,0.04,-0.154,-0.198,0.051,-0.014,-0.016,0.073,0.024
5,A2_1,0.061,-0.109,-0.017,0.085,-0.107,0.193,0.003,1.0,-0.056,0.035,-0.153,-0.28,0.058,0.011,-0.004,0.098
5,A2_2,-0.151,0.024,0.236,0.168,0.088,-0.135,0.04,-0.056,1.0,0.228,0.061,0.087,0.283,-0.005,-0.197,-0.191
5,A2_3,0.017,0.207,0.305,0.159,0.165,-0.072,-0.154,0.035,0.228,1.0,0.01,0.107,0.104,0.095,0.169,0.092
5,B2_1,-0.086,0.094,-0.094,0.057,0.039,0.05,-0.198,-0.153,0.061,0.01,1.0,-0.059,0.317,-0.068,0.127,0.084
5,B2_2,0.09,-0.034,0.036,-0.068,-0.115,0.123,0.051,-0.28,0.087,0.107,-0.059,1.0,-0.116,0.048,-0.052,-0.143
5,B2_3,-0.041,0.054,0.033,0.09,-0.101,-0.049,-0.014,0.058,0.283,0.104,0.317,-0.116,1.0,-0.106,0.178,0.152
5,y1,-0.043,0.082,-0.117,-0.205,0.08,-0.027,-0.016,0.011,-0.005,0.095,-0.068,0.048,-0.106,1.0,-0.003,0.024
5,y2,0.002,0.069,0.019,0.153,-0.143,-0.015,0.073,-0.004,-0.197,0.169,0.127,-0.052,0.178,-0.003,1.0,0.175
5,y3,0.117,-0.103,-0.118,0.035,-0.017,-0.14,0.024,0.098,-0.191,0.092,0.084,-0.143,0.152,0.024,0.175,1.0
6,.,1.0,-0.318,0.035,-0.045,0.097,0.008,-0.118,0.062,-0.153,0.016,-0.089,0.087,-0.044,-0.044,0.001,0.115
6,A1_1,-0.318,1.0,0.076,0.172,-0.016,-0.116,-0.042,-0.109,0.025,0.208,0.094,-0.033,0.054,0.082,0.069,-0.104
6,A1_2,0.035,0.076,1.0,0.117,-0.015,-0.009,0.107,-0.017,0.237,0.305,-0.094,0.036,0.033,-0.117,0.019,-0.119
6,A1_3,-0.045,0.172,0.117,1.0,0.12,-0.163,-0.122,0.085,0.169,0.16,0.056,-0.068,0.09,-0.205,0.152,0.035
6,B1_1,0.097,-0.016,-0.015,0.12,1.0,-0.033,-0.106,-0.108,0.089,0.165,0.039,-0.114,-0.1,0.08,-0.143,-0.017
6,B1_2,0.008,-0.116,-0.009,-0.163,-0.033,1.0,0.195,0.192,-0.135,-0.072,0.051,0.125,-0.047,-0.027,-0.016,-0.141
6,B1_3,-0.118,-0.042,0.107,-0.122,-0.106,0.195,1.0,0.002,0.04,-0.154,-0.196,0.052,-0.012,-0.016,0.073,0.024
6,A2_1,0.062,-0.109,-0.017,0.085,-0.108,0.192,0.002,1.0,-0.055,0.035,-0.153,-0.281,0.057,0.011,-0.004,0.097
6,A2_2,-0.153,0.025,0.237,0.169,0.089,-0.135,0.04,-0.055,1.0,0.229,0.062,0.087,0.284,-0.006,-0.198,-0.192
6,A2_3,0.016,0.208,0.305,0.16,0.165,-0.072,-0.154,0.035,0.229,1.0,0.01,0.107,0.104,0.094,0.169,0.092
6,B2_1,-0.089,0.094,-0.094,0.056,0.039,0.051,-0.196,-0.153,0.062,0.01,1.0,-0.058,0.318,-0.068,0.127,0.084
6,B2_2,0.087,-0.033,0.036,-0.068,-0.114,0.125,0.052,-0.281,0.087,0.107,-0.058,1.0,-0.115,0.048,-0.051,-0.143
6,B2_3,-0.044,0.054,0.033,0.09,-0.1,-0.047,-0.012,0.057,0.284,0.104,0.318,-0.115,1.0,-0.107,0.178,0.151
6,y1,-0.044,0.082,-0.117,-0.205,0.08,-0.027,-0.016,0.011,-0.006,0.094,-0.068,0.048,-0.107,1.0,-0.002,0.025
6,y2,0.001,0.069,0.019,0.152,-0.143,-0.016,0.073,-0.004,-0.198,0.169,0.127,-0.051,0.178,-0.002,1.0,0.175
6,y3,0.115,-0.104,-0.119,0.035,-0.017,-0.141,0.024,0.097,-0.192,0.092,0.084,-0.143,0.151,0.025,0.175,1.0
7,.,1.0,-0.319,0.033,-0.045,0.095,0.004,-0.121,0.064,-0.154,0.015,-0.092,0.083,-0.047,-0.045,-0.001,0.114
7,A1_1,-0.319,1.0,0.076,0.172,-0.016,-0.115,-0.042,-0.108,0.025,0.208,0.095,-0.033,0.055,0.082,0.069,-0.104
7,A1_2,0.033,0.076,1.0,0.118,-0.015,-0.009,0.106,-0.016,0.237,0.306,-0.094,0.035,0.033,-0.117,0.019,-0.119
7,A1_3,-0.045,0.172,0.118,1.0,0.12,-0.162,-0.123,0.087,0.17,0.161,0.056,-0.068,0.09,-0.205,0.152,0.034
7,B1_1,0.095,-0.016,-0.015,0.12,1.0,-0.032,-0.105,-0.109,0.09,0.165,0.04,-0.114,-0.1,0.079,-0.143,-0.017
7,B1_2,0.004,-0.115,-0.009,-0.162,-0.032,1.0,0.197,0.191,-0.134,-0.072,0.053,0.126,-0.045,-0.028,-0.016,-0.141
7,B1_3,-0.121,-0.042,0.106,-0.123,-0.105,0.197,1.0,0.001,0.04,-0.154,-0.194,0.054,-0.01,-0.017,0.073,0.024
7,A2_1,0.064,-0.108,-0.016,0.087,-0.109,0.191,0.001,1.0,-0.054,0.036,-0.154,-0.282,0.056,0.01,-0.004,0.097
7,A2_2,-0.154,0.025,0.237,0.17,0.09,-0.134,0.04,-0.054,1.0,0.229,0.062,0.088,0.284,-0.007,-0.199,-0.194
7,A2_3,0.015,0.208,0.306,0.161,0.165,-0.072,-0.154,0.036,0.229,1.0,0.01,0.106,0.104,0.094,0.168,0.091
7,B2_1,-0.092,0.095,-0.094,0.056,0.04,0.053,-0.194,-0.154,0.062,0.01,1.0,-0.056,0.319,-0.068,0.127,0.084
7,B2_2,0.083,-0.033,0.035,-0.068,-0.114,0.126,0.054,-0.282,0.088,0.106,-0.056,1.0,-0.113,0.047,-0.051,-0.142
7,B2_3,-0.047,0.055,0.033,0.09,-0.1,-0.045,-0.01,0.056,0.284,0.104,0.319,-0.113,1.0,-0.108,0.177,0.151
7,y1,-0.045,0.082,-0.117,-0.205,0.079,-0.028,-0.017,0.01,-0.007,0.094,-0.068,0.047,-0.108,1.0,-0.001,0.026
7,y2,-0.001,0.069,0.019,0.152,-0.143,-0.016,0.073,-0.004,-0.199,0.168,0.127,-0.051,0.177,-0.001,1.0,0.176
7,y3,0.114,-0.104,-0.119,0.034,-0.017,-0.141,0.024,0.097,-0.194,0.091,0.084,-0.142,0.151,0.026,0.176,1.0
8,.,1.0,-0.319,0.032,-0.046,0.091,-0.001,-0.126,0.066,-0.155,0.014,-0.096,0.079,-0.05,-0.046,-0.002,0.113
8,A1_1,-0.319,1.0,0.077,0.173,-0.015,-0.114,-0.042,-0.107,0.026,0.209,0.095,-0.033,0.055,0.081,0.069,-0.104
8,A1_2,0.032,0.077,1.0,0.119,-0.015,-0.009,0.105,-0.015,0.238,0.306,-0.094,0.035,0.033,-0.117,0.018,-0.12
8,A1_3,-0.046,0.173,0.119,1.0,0.121,-0.162,-0.123,0.088,0.171,0.162,0.056,-0.069,0.09,-0.205,0.151,0.033
8,B1_1,0.091,-0.015,-0.015,0.121,1.0,-0.03,-0.103,-0.109,0.091,0.165,0.041,-0.113,-0.098,0.079,-0.143,-0.017
8,B1_2,-0.001,-0.114,-0.009,-0.162,-0.03,1.0,0.198,0.189,-0.133,-0.072,0.055,0.128,-0.043,-0.029,-0.017,-0.142
8,B1_3,-0.126,-0.042,0.105,-0.123,-0.103,0.198,1.0,-0.0,0.04,-0.155,-0.191,0.056,-0.007,-0.017,0.072,0.023
8,A2_1,0.066,-0.107,-0.015,0.088,-0.109,0.189,-0.0,1.0,-0.053,0.037,-0.156,-0.283,0.054,0.01,-0.004,0.096
8,A2_2,-0.155,0.026,0.238,0.171,0.091,-0.133,0.04,-0.053,1.0,0.23,0.062,0.088,0.284,-0.007,-0.2,-0.195
8,A2_3,0.014,0.209,0.306,0.162,0.165,-0.072,-0.155,0.037,0.23,1.0,0.01,0.106,0.104,0.093,0.168,0.09
8,B2_1,-0.096,0.095,-0.094,0.056,0.041,0.055,-0.191,-0.156,0.062,0.01,1.0,-0.054,0.321,-0.069,0.126,0.084
8,B2_2,0.079,-0.033,0.035,-0.069,-0.113,0.128,0.056,-0.283,0.088,0.106,-0.054,1.0,-0.111,0.047,-0.051,-0.142
8,B2_3,-0.05,0.055,0.033,0.09,-0.098,-0.043,-0.007,0.054,0.284,0.104,0.321,-0.111,1.0,-0.109,0.176,0.15
8,y1,-0.046,0.081,-0.117,-0.205,0.079,-0.029,-0.017,0.01,-0.007,0.093,-0.069,0.047,-0.109,1.0,0.001,0.028
8,y2,-0.002,0.069,0.018,0.151,-0.143,-0.017,0.072,-0.004,-0.2,0.168,0.126,-0.051,0.176,0.001,1.0,0.177
8,y3,0.113,-0.104,-0.12,0.033,-0.017,-0.142,0.023,0.096,-0.195,0.09,0.084,-0.142,0.15,0.028,0.177,1.0
9,.,1.0,-0.32,0.031,-0.046,0.087,-0.008,-0.131,0.067,-0.157,0.013,-0.101,0.073,-0.055,-0.046,-0.002,0.112
9,A1_1,-0.32,1.0,0.078,0.174,-0.014,-0.114,-0.042,-0.106,0.027,0.209,0.095,-0.033,0.056,0.081,0.069,-0.105
9,A1_2,0.031,0.078,1.0,0.12,-0.015,-0.009,0.104,-0.013,0.239,0.307,-0.095,0.034,0.032,-0.117,0.018,-0.12
9,A1_3,-0.046,0.174,0.12,1.0,0.121,-0.162,-0.123,0.089,0.172,0.163,0.055,-0.069,0.089,-0.206,0.15,0.032
9,B1_1,0.087,-0.014,-0.015,0.121,1.0,-0.028,-0.101,-0.11,0.092,0.165,0.042,-0.112,-0.097,0.078,-0.143,-0.017
9,B1_2,-0.008,-0.114,-0.009,-0.162,-0.028,1.0,0.201,0.188,-0.132,-0.072,0.058,0.13,-0.04,-0.03,-0.018,-0.143
9,B1_3,-0.131,-0.042,0.104,-0.123,-0.101,0.201,1.0,-0.002,0.04,-0.155,-0.188,0.059,-0.004,-0.018,0.071,0.022
9,A2_1,0.067,-0.106,-0.013,0.089,-0.11,0.188,-0.002,1.0,-0.051,0.038,-0.157,-0.284,0.053,0.01,-0.004,0.096
9,A2_2,-0.157,0.027,0.239,0.172,0.092,-0.132,0.04,-0.051,1.0,0.231,0.063,0.088,0.285,-0.009,-0.201,-0.196
9,A2_3,0.013,0.209,0.307,0.163,0.165,-0.072,-0.155,0.038,0.231,1.0,0.009,0.105,0.103,0.093,0.167,0.09
9,B2_1,-0.101,0.095,-0.095,0.055,0.042,0.058,-0.188,-0.157,0.063,0.009,1.0,-0.052,0.323,-0.069,0.126,0.083
9,B2_2,0.073,-0.033,0.034,-0.069,-0.112,0.13,0.059,-0.284,0.088,0.105,-0.052,1.0,-0.109,0.046,-0.051,-0.142
9,B2_3,-0.055,0.056,0.032,0.089,-0.097,-0.04,-0.004,0.053,0.285,0.103,0.323,-0.109,1.0,-0.11,0.175,0.149
9,y1,-0.046,0.081,-0.117,-0.206,0.078,-0.03,-0.018,0.01,-0.009,0.093,-0.069,0.046,-0.11,1.0,0.003,0.03
9,y2,-0.002,0.069,0.018,0.15,-0.143,-0.018,0.071,-0.004,-0.201,0.167,0.126,-0.051,0.175,0.003,1.0,0.178
9,y3,0.112,-0.105,-0.12,0.032,-0.017,-0.143,0.022,0.096,-0.196,0.09,0.083,-0.142,0.149,0.03,0.178,1.0
10,.,1.0,-0.32,0.03,-0.046,0.082,-0.015,-0.137,0.07,-0.158,0.012,-0.107,0.067,-0.061,-0.046,-0.003,0.112
10,A1_1,-0.32,1.0,0.079,0.175,-0.013,-0.113,-0.042,-0.105,0.028,0.21,0.095,-0.032,0.057,0.081,0.069,-0.105
10,A1_2,0.03,0.079,1.0,0.121,-0.015,-0.01,0.103,-0.012,0.24,0.308,-0.095,0.033,0.032,-0.117,0.017,-0.121
10,A1_3,-0.046,0.175,0.121,1.0,0.12,-0.162,-0.124,0.091,0.174,0.164,0.054,-0.07,0.089,-0.206,0.149,0.031
10,B1_1,0.082,-0.013,-0.015,0.12,1.0,-0.026,-0.099,-0.112,0.093,0.165,0.044,-0.11,-0.095,0.077,-0.143,-0.018
10,B1_2,-0.015,-0.113,-0.01,-0.162,-0.026,1.0,0.203,0.186,-0.131,-0.073,0.061,0.133,-0.036,-0.032,-0.02,-0.144
10,B1_3,-0.137,-0.042,0.103,-0.124,-0.099,0.203,1.0,-0.003,0.04,-0.156,-0.184,0.062,-0.001,-0.019,0.07,0.021
10,A2_1,0.07,-0.105,-0.012,0.091,-0.112,0.186,-0.003,1.0,-0.05,0.04,-0.158,-0.285,0.051,0.011,-0.004,0.096
10,A2_2,-0.158,0.028,0.24,0.174,0.093,-0.131,0.04,-0.05,1.0,0.232,0.063,0.088,0.285,-0.01,-0.202,-0.198
10,A2_3,0.012,0.21,0.308,0.164,0.165,-0.073,-0.156,0.04,0.232,1.0,0.009,0.104,0.103,0.092,0.166,0.089
10,B2_1,-0.107,0.095,-0.095,0.054,0.044,0.061,-0.184,-0.158,0.063,0.009,1.0,-0.049,0.325,-0.07,0.125,0.082
10,B2_2,0.067,-0.032,0.033,-0.07,-0.11,0.133,0.062,-0.285,0.088,0.104,-0.049,1.0,-0.106,0.045,-0.051,-0.142
10,B2_3,-0.061,0.057,0.032,0.089,-0.095,-0.036,-0.001,0.051,0.285,0.103,0.325,-0.106,1.0,-0.111,0.174,0.147
10,y1,-0.046,0.081,-0.117,-0.206,0.077,-0.032,-0.019,0.011,-0.01,0.092,-0.07,0.045,-0.111,1.0,0.005,0.032
10,y2,-0.003,0.069,0.017,0.149,-0.143,-0.02,0.07,-0.004,-0.202,0.166,0.125,-0.051,0.174,0.005,1.0,0.179
10,y3,0.112,-0.105,-0.121,0.031,-0.018,-0.144,0.021,0.096,-0.198,0.089,0.082,-0.142,0.147,0.032,0.179,1.0
11,.,1.0,-0.321,0.029,-0.046,0.076,-0.023,-0.144,0.072,-0.16,0.011,-0.114,0.059,-0.067,-0.046,-0.003,0.112
11,A1_1,-0.321,1.0,0.08,0.176,-0.013,-0.112,-0.042,-0.103,0.029,0.211,0.095,-0.032,0.057,0.08,0.068,-0.106
11,A1_2,0.029,0.08,1.0,0.123,-0.015,-0.011,0.102,-0.01,0.241,0.309,-0.096,0.032,0.031,-0.117,0.017,-0.122
11,A1_3,-0.046,0.176,0.123,1.0,0.12,-0.162,-0.125,0.092,0.175,0.166,0.053,-0.07,0.088,-0.206,0.149,0.03
11,B1_1,0.076,-0.013,-0.015,0.12,1.0,-0.024,-0.096,-0.113,0.094,0.165,0.046,-0.108,-0.093,0.076,-0.144,-0.019
11,B1_2,-0.023,-0.112,-0.011,-0.162,-0.024,1.0,0.206,0.183,-0.131,-0.073,0.065,0.136,-0.032,-0.033,-0.021,-0.145
11,B1_3,-0.144,-0.042,0.102,-0.125,-0.096,0.206,1.0,-0.005,0.04,-0.156,-0.18,0.065,0.003,-0.02,0.069,0.02
11,A2_1,0.072,-0.103,-0.01,0.092,-0.113,0.183,-0.005,1.0,-0.048,0.041,-0.16,-0.287,0.048,0.011,-0.004,0.095
11,A2_2,-0.16,0.029,0.241,0.175,0.094,-0.131,0.04,-0.048,1.0,0.233,0.064,0.089,0.285,-0.011,-0.204,-0.2
11,A2_3,0.011,0.211,0.309,0.166,0.165,-0.073,-0.156,0.041,0.233,1.0,0.008,0.102,0.102,0.092,0.166,0.088
11,B2_1,-0.114,0.095,-0.096,0.053,0.046,0.065,-0.18,-0.16,0.064,0.008,1.0,-0.045,0.327,-0.07,0.124,0.081
11,B2_2,0.059,-0.032,0.032,-0.07,-0.108,0.136,0.065,-0.287,0.089,0.102,-0.045,1.0,-0.102,0.044,-0.052,-0.142
11,B2_3,-0.067,0.057,0.031,0.088,-0.093,-0.032,0.003,0.048,0.285,0.102,0.327,-0.102,1.0,-0.112,0.172,0.145
11,y1,-0.046,0.08,-0.117,-0.206,0.076,-0.033,-0.02,0.011,-0.011,0.092,-0.07,0.044,-0.112,1.0,0.007,0.034
11,y2,-0.003,0.068,0.017,0.149,-0.144,-0.021,0.069,-0.004,-0.204,0.166,0.124,-0.052,0.172,0.007,1.0,0.181
11,y3,0.112,-0.106,-0.122,0.03,-0.019,-0.145,0.02,0.095,-0.2,0.088,0.081,-0.142,0.145,0.034,0.181,1.0
12,.,1.0,-0.32,0.028,-0.045,0.069,-0.033,-0.151,0.074,-0.161,0.011,-0.123,0.05,-0.075,-0.045,-0.002,0.113
12,A1_1,-0.32,1.0,0.081,0.177,-0.012,-0.112,-0.042,-0.102,0.03,0.212,0.096,-0.032,0.058,0.079,0.067,-0.107
12,A1_2,0.028,0.081,1.0,0.125,-0.016,-0.011,0.1,-0.009,0.243,0.31,-0.097,0.031,0.031,-0.117,0.016,-0.122
12,A1_3,-0.045,0.177,0.125,1.0,0.12,-0.163,-0.126,0.094,0.176,0.168,0.052,-0.071,0.087,-0.206,0.148,0.029
12,B1_1,0.069,-0.012,-0.016,0.12,1.0,-0.02,-0.093,-0.115,0.095,0.164,0.048,-0.106,-0.09,0.075,-0.144,-0.02
12,B1_2,-0.033,-0.112,-0.011,-0.163,-0.02,1.0,0.21,0.181,-0.13,-0.074,0.069,0.14,-0.028,-0.035,-0.024,-0.147
12,B1_3,-0.151,-0.042,0.1,-0.126,-0.093,0.21,1.0,-0.008,0.04,-0.157,-0.174,0.069,0.008,-0.022,0.067,0.018
12,A2_1,0.074,-0.102,-0.009,0.094,-0.115,0.181,-0.008,1.0,-0.046,0.043,-0.162,-0.289,0.046,0.011,-0.003,0.095
12,A2_2,-0.161,0.03,0.243,0.176,0.095,-0.13,0.04,-0.046,1.0,0.235,0.064,0.089,0.286,-0.013,-0.206,-0.202
12,A2_3,0.011,0.212,0.31,0.168,0.164,-0.074,-0.157,0.043,0.235,1.0,0.007,0.101,0.101,0.091,0.165,0.087
12,B2_1,-0.123,0.096,-0.097,0.052,0.048,0.069,-0.174,-0.162,0.064,0.007,1.0,-0.041,0.33,-0.071,0.123,0.079
12,B2_2,0.05,-0.032,0.031,-0.071,-0.106,0.14,0.069,-0.289,0.089,0.101,-0.041,1.0,-0.098,0.043,-0.052,-0.143
12,B2_3,-0.075,0.058,0.031,0.087,-0.09,-0.028,0.008,0.046,0.286,0.101,0.33,-0.098,1.0,-0.113,0.17,0.143
12,y1,-0.045,0.079,-0.117,-0.206,0.075,-0.035,-0.022,0.011,-0.013,0.091,-0.071,0.043,-0.113,1.0,0.01,0.038
12,y2,-0.002,0.067,0.016,0.148,-0.144,-0.024,0.067,-0.003,-0.206,0.165,0.123,-0.052,0.17,0.01,1.0,0.183
12,y3,0.113,-0.107,-0.122,0.029,-0.02,-0.147,0.018,0.095,-0.202,0.087,0.079,-0.143,0.143,0.038,0.183,1.0
13,.,1.0,-0.32,0.027,-0.045,0.06,-0.043,-0.16,0.077,-0.162,0.011,-0.132,0.04,-0.084,-0.044,-0.0,0.114
13,A1_1,-0.32,1.0,0.082,0.178,-0.011,-0.111,-0.042,-0.1,0.031,0.213,0.096,-0.032,0.058,0.079,0.067,-0.107
13,A1_2,0.027,0.082,1.0,0.127,-0.016,-0.012,0.098,-0.007,0.244,0.312,-0.098,0.03,0.029,-0.117,0.016,-0.123
13,A1_3,-0.045,0.178,0.127,1.0,0.119,-0.163,-0.127,0.096,0.178,0.17,0.051,-0.072,0.086,-0.206,0.147,0.028
13,B1_1,0.06,-0.011,-0.016,0.119,1.0,-0.016,-0.088,-0.117,0.097,0.163,0.052,-0.103,-0.086,0.074,-0.145,-0.021
13,B1_2,-0.043,-0.111,-0.012,-0.163,-0.016,1.0,0.214,0.178,-0.129,-0.075,0.074,0.144,-0.022,-0.038,-0.026,-0.15
13,B1_3,-0.16,-0.042,0.098,-0.127,-0.088,0.214,1.0,-0.01,0.039,-0.158,-0.168,0.074,0.013,-0.024,0.065,0.015
13,A2_1,0.077,-0.1,-0.007,0.096,-0.117,0.178,-0.01,1.0,-0.044,0.045,-0.164,-0.291,0.043,0.011,-0.003,0.095
13,A2_2,-0.162,0.031,0.244,0.178,0.097,-0.129,0.039,-0.044,1.0,0.236,0.064,0.089,0.286,-0.015,-0.208,-0.204
13,A2_3,0.011,0.213,0.312,0.17,0.163,-0.075,-0.158,0.045,0.236,1.0,0.005,0.099,0.099,0.09,0.164,0.086
13,B2_1,-0.132,0.096,-0.098,0.051,0.052,0.074,-0.168,-0.164,0.064,0.005,1.0,-0.036,0.334,-0.073,0.121,0.077
13,B2_2,0.04,-0.032,0.03,-0.072,-0.103,0.144,0.074,-0.291,0.089,0.099,-0.036,1.0,-0.093,0.041,-0.053,-0.144
13,B2_3,-0.084,0.058,0.029,0.086,-0.086,-0.022,0.013,0.043,0.286,0.099,0.334,-0.093,1.0,-0.115,0.168,0.14
13,y1,-0.044,0.079,-0.117,-0.206,0.074,-0.038,-0.024,0.011,-0.015,0.09,-0.073,0.041,-0.115,1.0,0.014,0.041
13,y2,-0.0,0.067,0.016,0.147,-0.145,-0.026,0.065,-0.003,-0.208,0.164,0.121,-0.053,0.168,0.014,1.0,0.185
13,y3,0.114,-0.107,-0.123,0.028,-0.021,-0.15,0.015,0.095,-0.204,0.086,0.077,-0.144,0.14,0.041,0.185,1.0
14,.,1.0,-0.319,0.027,-0.043,0.05,-0.055,-0.169,0.079,-0.162,0.011,-0.142,0.028,-0.093,-0.041,0.002,0.116
14,A1_1,-0.319,1.0,0.084,0.179,-0.009,-0.111,-0.042,-0.098,0.032,0.214,0.095,-0.031,0.059,0.078,0.066,-0.108
14,A1_2,0.027,0.084,1.0,0.129,-0.017,-0.014,0.096,-0.004,0.246,0.313,-0.099,0.028,0.028,-0.117,0.015,-0.123
14,A1_3,-0.043,0.179,0.129,1.0,0.119,-0.164,-0.128,0.099,0.18,0.172,0.049,-0.073,0.085,-0.206,0.146,0.027
14,B1_1,0.05,-0.009,-0.017,0.119,1.0,-0.012,-0.083,-0.119,0.098,0.162,0.056,-0.099,-0.082,0.072,-0.146,-0.023
14,B1_2,-0.055,-0.111,-0.014,-0.164,-0.012,1.0,0.219,0.174,-0.128,-0.076,0.081,0.149,-0.016,-0.04,-0.029,-0.152
14,B1_3,-0.169,-0.042,0.096,-0.128,-0.083,0.219,1.0,-0.013,0.039,-0.159,-0.161,0.08,0.019,-0.026,0.062,0.012
14,A2_1,0.079,-0.098,-0.004,0.099,-0.119,0.174,-0.013,1.0,-0.041,0.047,-0.167,-0.293,0.04,0.012,-0.002,0.096
14,A2_2,-0.162,0.032,0.246,0.18,0.098,-0.128,0.039,-0.041,1.0,0.238,0.065,0.09,0.286,-0.017,-0.21,-0.207
14,A2_3,0.011,0.214,0.313,0.172,0.162,-0.076,-0.159,0.047,0.238,1.0,0.004,0.097,0.098,0.089,0.163,0.086
14,B2_1,-0.142,0.095,-0.099,0.049,0.056,0.081,-0.161,-0.167,0.065,0.004,1.0,-0.03,0.338,-0.074,0.119,0.075
14,B2_2,0.028,-0.031,0.028,-0.073,-0.099,0.149,0.08,-0.293,0.09,0.097,-0.03,1.0,-0.088,0.039,-0.055,-0.145
14,B2_3,-0.093,0.059,0.028,0.085,-0.082,-0.016,0.019,0.04,0.286,0.098,0.338,-0.088,1.0,-0.117,0.165,0.137
14,y1,-0.041,0.078,-0.117,-0.206,0.072,-0.04,-0.026,0.012,-0.017,0.089,-0.074,0.039,-0.117,1.0,0.018,0.045
14,y2,0.002,0.066,0.015,0.146,-0.146,-0.029,0.062,-0.002,-0.21,0.163,0.119,-0.055,0.165,0.018,1.0,0.188
14,y3,0.116,-0.108,-0.123,0.027,-0.023,-0.152,0.012,0.096,-0.207,0.086,0.075,-0.145,0.137,0.045,0.188,1.0
15,.,1.0,-0.318,0.026,-0.042,0.039,-0.068,-0.179,0.082,-0.162,0.011,-0.153,0.016,-0.104,-0.038,0.005,0.119
15,A1_1,-0.318,1.0,0.086,0.181,-0.008,-0.11,-0.043,-0.095,0.033,0.216,0.095,-0.031,0.059,0.077,0.065,-0.109
15,A1_2,0.026,0.086,1.0,0.132,-0.018,-0.015,0.094,-0.002,0.248,0.315,-0.101,0.026,0.027,-0.117,0.014,-0.124
15,A1_3,-0.042,0.181,0.132,1.0,0.118,-0.165,-0.129,0.101,0.182,0.174,0.047,-0.075,0.083,-0.206,0.144,0.026
15,B1_1,0.039,-0.008,-0.018,0.118,1.0,-0.006,-0.077,-0.121,0.1,0.161,0.06,-0.094,-0.077,0.07,-0.147,-0.025
15,B1_2,-0.068,-0.11,-0.015,-0.165,-0.006,1.0,0.224,0.171,-0.128,-0.077,0.087,0.155,-0.009,-0.044,-0.033,-0.156
15,B1_3,-0.179,-0.043,0.094,-0.129,-0.077,0.224,1.0,-0.016,0.038,-0.161,-0.152,0.086,0.026,-0.029,0.059,0.009
15,A2_1,0.082,-0.095,-0.002,0.101,-0.121,0.171,-0.016,1.0,-0.038,0.05,-0.17,-0.295,0.036,0.012,-0.001,0.096
15,A2_2,-0.162,0.033,0.248,0.182,0.1,-0.128,0.038,-0.038,1.0,0.24,0.065,0.09,0.286,-0.02,-0.213,-0.209
15,A2_3,0.011,0.216,0.315,0.174,0.161,-0.077,-0.161,0.05,0.24,1.0,0.002,0.094,0.096,0.089,0.162,0.085
15,B2_1,-0.153,0.095,-0.101,0.047,0.06,0.087,-0.152,-0.17,0.065,0.002,1.0,-0.023,0.343,-0.076,0.116,0.071
15,B2_2,0.016,-0.031,0.026,-0.075,-0.094,0.155,0.086,-0.295,0.09,0.094,-0.023,1.0,-0.081,0.037,-0.056,-0.147
15,B2_3,-0.104,0.059,0.027,0.083,-0.077,-0.009,0.026,0.036,0.286,0.096,0.343,-0.081,1.0,-0.119,0.161,0.133
15,y1,-0.038,0.077,-0.117,-0.206,0.07,-0.044,-0.029,0.012,-0.02,0.089,-0.076,0.037,-0.119,1.0,0.023,0.05
15,y2,0.005,0.065,0.014,0.144,-0.147,-0.033,0.059,-0.001,-0.213,0.162,0.116,-0.056,0.161,0.023,1.0,0.192
15,y3,0.119,-0.109,-0.124,0.026,-0.025,-0.156,0.009,0.096,-0.209,0.085,0.071,-0.147,0.133,0.05,0.192,1.0
16,.,1.0,-0.316,0.026,-0.04,0.026,-0.081,-0.19,0.084,-0.162,0.011,-0.165,0.002,-0.116,-0.035,0.01,0.123
16,A1_1,-0.316,1.0,0.088,0.183,-0.007,-0.11,-0.043,-0.093,0.035,0.218,0.094,-0.031,0.059,0.075,0.064,-0.11
16,A1_2,0.026,0.088,1.0,0.135,-0.02,-0.017,0.091,0.001,0.25,0.317,-0.103,0.024,0.025,-0.117,0.014,-0.124
16,A1_3,-0.04,0.183,0.135,1.0,0.116,-0.165,-0.131,0.104,0.184,0.177,0.045,-0.076,0.081,-0.205,0.143,0.025
16,B1_1,0.026,-0.007,-0.02,0.116,1.0,0.001,-0.071,-0.124,0.101,0.159,0.066,-0.089,-0.071,0.067,-0.149,-0.028
16,B1_2,-0.081,-0.11,-0.017,-0.165,0.001,1.0,0.23,0.166,-0.127,-0.079,0.095,0.162,-0.001,-0.047,-0.037,-0.159
16,B1_3,-0.19,-0.043,0.091,-0.131,-0.071,0.23,1.0,-0.019,0.037,-0.162,-0.143,0.093,0.034,-0.032,0.055,0.005
16,A2_1,0.084,-0.093,0.001,0.104,-0.124,0.166,-0.019,1.0,-0.035,0.052,-0.173,-0.298,0.032,0.013,0.0,0.096
16,A2_2,-0.162,0.035,0.25,0.184,0.101,-0.127,0.037,-0.035,1.0,0.242,0.065,0.09,0.285,-0.022,-0.216,-0.212
16,A2_3,0.011,0.218,0.317,0.177,0.159,-0.079,-0.162,0.052,0.242,1.0,-0.001,0.091,0.093,0.088,0.162,0.084
16,B2_1,-0.165,0.094,-0.103,0.045,0.066,0.095,-0.143,-0.173,0.065,-0.001,1.0,-0.015,0.348,-0.078,0.112,0.067
16,B2_2,0.002,-0.031,0.024,-0.076,-0.089,0.162,0.093,-0.298,0.09,0.091,-0.015,1.0,-0.073,0.034,-0.059,-0.149
16,B2_3,-0.116,0.059,0.025,0.081,-0.071,-0.001,0.034,0.032,0.285,0.093,0.348,-0.073,1.0,-0.122,0.157,0.128
16,y1,-0.035,0.075,-0.117,-0.205,0.067,-0.047,-0.032,0.013,-0.022,0.088,-0.078,0.034,-0.122,1.0,0.028,0.055
16,y2,0.01,0.064,0.014,0.143,-0.149,-0.037,0.055,0.0,-0.216,0.162,0.112,-0.059,0.157,0.028,1.0,0.196
16,y3,0.123,-0.11,-0.124,0.025,-0.028,-0.159,0.005,0.096,-0.212,0.084,0.067,-0.149,0.128,0.055,0.196,1.0
17,.,1.0,-0.314,0.026,-0.038,0.013,-0.094,-0.201,0.087,-0.161,0.012,-0.178,-0.012,-0.129,-0.031,0.015,0.127
17,A1_1,-0.314,1.0,0.09,0.185,-0.006,-0.111,-0.044,-0.09,0.036,0.219,0.093,-0.031,0.059,0.074,0.062,-0.111
17,A1_2,0.026,0.09,1.0,0.138,-0.021,-0.019,0.088,0.004,0.253,0.319,-0.105,0.021,0.023,-0.117,0.013,-0.125
17,A1_3,-0.038,0.185,0.138,1.0,0.115,-0.167,-0.132,0.108,0.187,0.18,0.042,-0.078,0.079,-0.205,0.142,0.024
17,B1_1,0.013,-0.006,-0.021,0.115,1.0,0.008,-0.063,-0.127,0.103,0.157,0.073,-0.082,-0.064,0.064,-0.151,-0.031
17,B1_2,-0.094,-0.111,-0.019,-0.167,0.008,1.0,0.237,0.162,-0.127,-0.081,0.104,0.169,0.008,-0.051,-0.042,-0.163
17,B1_3,-0.201,-0.044,0.088,-0.132,-0.063,0.237,1.0,-0.022,0.036,-0.164,-0.133,0.101,0.042,-0.035,0.05,0.001
17,A2_1,0.087,-0.09,0.004,0.108,-0.127,0.162,-0.022,1.0,-0.032,0.055,-0.176,-0.301,0.028,0.014,0.001,0.096
17,A2_2,-0.161,0.036,0.253,0.187,0.103,-0.127,0.036,-0.032,1.0,0.244,0.064,0.09,0.284,-0.025,-0.218,-0.214
17,A2_3,0.012,0.219,0.319,0.18,0.157,-0.081,-0.164,0.055,0.244,1.0,-0.003,0.088,0.09,0.087,0.161,0.083
17,B2_1,-0.178,0.093,-0.105,0.042,0.073,0.104,-0.133,-0.176,0.064,-0.003,1.0,-0.006,0.354,-0.081,0.107,0.063
17,B2_2,-0.012,-0.031,0.021,-0.078,-0.082,0.169,0.101,-0.301,0.09,0.088,-0.006,1.0,-0.064,0.03,-0.062,-0.152
17,B2_3,-0.129,0.059,0.023,0.079,-0.064,0.008,0.042,0.028,0.284,0.09,0.354,-0.064,1.0,-0.125,0.152,0.123
17,y1,-0.031,0.074,-0.117,-0.205,0.064,-0.051,-0.035,0.014,-0.025,0.087,-0.081,0.03,-0.125,1.0,0.034,0.061
17,y2,0.015,0.062,0.013,0.142,-0.151,-0.042,0.05,0.001,-0.218,0.161,0.107,-0.062,0.152,0.034,1.0,0.2
17,y3,0.127,-0.111,-0.125,0.024,-0.031,-0.163,0.001,0.096,-0.214,0.083,0.063,-0.152,0.123,0.061,0.2,1.0
18,.,1.0,-0.311,0.026,-0.036,-0.003,-0.108,-0.212,0.088,-0.159,0.013,-0.192,-0.027,-0.142,-0.026,0.021,0.132
18,A1_1,-0.311,1.0,0.093,0.187,-0.006,-0.111,-0.045,-0.086,0.038,0.222,0.092,-0.032,0.059,0.073,0.061,-0.111
18,A1_2,0.026,0.093,1.0,0.141,-0.023,-0.021,0.085,0.007,0.256,0.321,-0.107,0.018,0.02,-0.117,0.013,-0.125
18,A1_3,-0.036,0.187,0.141,1.0,0.113,-0.168,-0.134,0.111,0.19,0.183,0.039,-0.081,0.076,-0.204,0.141,0.023
18,B1_1,-0.003,-0.006,-0.023,0.113,1.0,0.017,-0.054,-0.131,0.104,0.154,0.081,-0.074,-0.056,0.06,-0.154,-0.035
18,B1_2,-0.108,-0.111,-0.021,-0.168,0.017,1.0,0.244,0.157,-0.127,-0.083,0.114,0.178,0.019,-0.056,-0.048,-0.168
18,B1_3,-0.212,-0.045,0.085,-0.134,-0.054,0.244,1.0,-0.026,0.035,-0.166,-0.121,0.11,0.052,-0.039,0.045,-0.004
18,A2_1,0.088,-0.086,0.007,0.111,-0.131,0.157,-0.026,1.0,-0.028,0.058,-0.179,-0.304,0.023,0.014,0.003,0.097
18,A2_2,-0.159,0.038,0.256,0.19,0.104,-0.127,0.035,-0.028,1.0,0.247,0.063,0.089,0.283,-0.028,-0.221,-0.217
18,A2_3,0.013,0.222,0.321,0.183,0.154,-0.083,-0.166,0.058,0.247,1.0,-0.007,0.084,0.087,0.086,0.16,0.082
18,B2_1,-0.192,0.092,-0.107,0.039,0.081,0.114,-0.121,-0.179,0.063,-0.007,1.0,0.005,0.361,-0.085,0.102,0.057
18,B2_2,-0.027,-0.032,0.018,-0.081,-0.074,0.178,0.11,-0.304,0.089,0.084,0.005,1.0,-0.054,0.026,-0.065,-0.155
18,B2_3,-0.142,0.059,0.02,0.076,-0.056,0.019,0.052,0.023,0.283,0.087,0.361,-0.054,1.0,-0.128,0.146,0.117
18,y1,-0.026,0.073,-0.117,-0.204,0.06,-0.056,-0.039,0.014,-0.028,0.086,-0.085,0.026,-0.128,1.0,0.041,0.068
18,y2,0.021,0.061,0.013,0.141,-0.154,-0.048,0.045,0.003,-0.221,0.16,0.102,-0.065,0.146,0.041,1.0,0.206
18,y3,0.132,-0.111,-0.125,0.023,-0.035,-0.168,-0.004,0.097,-0.217,0.082,0.057,-0.155,0.117,0.068,0.206,1.0
19,.,1.0,-0.308,0.026,-0.033,-0.018,-0.121,-0.222,0.09,-0.157,0.013,-0.205,-0.043,-0.156,-0.02,0.028,0.137
19,A1_1,-0.308,1.0,0.096,0.19,-0.005,-0.112,-0.047,-0.083,0.04,0.224,0.09,-0.033,0.058,0.072,0.06,-0.112
19,A1_2,0.026,0.096,1.0,0.145,-0.025,-0.024,0.082,0.011,0.259,0.324,-0.109,0.015,0.017,-0.117,0.012,-0.126
19,A1_3,-0.033,0.19,0.145,1.0,0.11,-0.17,-0.137,0.115,0.193,0.187,0.035,-0.083,0.073,-0.204,0.139,0.023
19,B1_1,-0.018,-0.005,-0.025,0.11,1.0,0.026,-0.044,-0.135,0.105,0.151,0.09,-0.065,-0.046,0.056,-0.157,-0.04
19,B1_2,-0.121,-0.112,-0.024,-0.17,0.026,1.0,0.251,0.152,-0.128,-0.086,0.124,0.187,0.03,-0.061,-0.055,-0.173
19,B1_3,-0.222,-0.047,0.082,-0.137,-0.044,0.251,1.0,-0.03,0.033,-0.168,-0.109,0.119,0.063,-0.043,0.039,-0.01
19,A2_1,0.09,-0.083,0.011,0.115,-0.135,0.152,-0.03,1.0,-0.023,0.062,-0.183,-0.307,0.017,0.015,0.005,0.097
19,A2_2,-0.157,0.04,0.259,0.193,0.105,-0.128,0.033,-0.023,1.0,0.25,0.062,0.088,0.281,-0.031,-0.224,-0.22
19,A2_3,0.013,0.224,0.324,0.187,0.151,-0.086,-0.168,0.062,0.25,1.0,-0.01,0.08,0.083,0.085,0.159,0.082
19,B2_1,-0.205,0.09,-0.109,0.035,0.09,0.124,-0.109,-0.183,0.062,-0.01,1.0,0.016,0.369,-0.088,0.095,0.052
19,B2_2,-0.043,-0.033,0.015,-0.083,-0.065,0.187,0.119,-0.307,0.088,0.08,0.016,1.0,-0.043,0.022,-0.069,-0.158
19,B2_3,-0.156,0.058,0.017,0.073,-0.046,0.03,0.063,0.017,0.281,0.083,0.369,-0.043,1.0,-0.132,0.139,0.11
19,y1,-0.02,0.072,-0.117,-0.204,0.056,-0.061,-0.043,0.015,-0.031,0.085,-0.088,0.022,-0.132,1.0,0.049,0.075
19,y2,0.028,0.06,0.012,0.139,-0.157,-0.055,0.039,0.005,-0.224,0.159,0.095,-0.069,0.139,0.049,1.0,0.212
19,y3,0.137,-0.112,-0.126,0.023,-0.04,-0.173,-0.01,0.097,-0.22,0.082,0.052,-0.158,0.11,0.075,0.212,1.0
20,.,1.0,-0.305,0.026,-0.031,-0.035,-0.134,-0.233,0.09,-0.154,0.014,-0.218,-0.058,-0.17,-0.015,0.036,0.142
20,A1_1,-0.305,1.0,0.099,0.193,-0.005,-0.113,-0.049,-0.078,0.043,0.227,0.088,-0.034,0.057,0.07,0.059,-0.112
20,A1_2,0.026,0.099,1.0,0.149,-0.027,-0.027,0.078,0.015,0.263,0.327,-0.112,0.012,0.014,-0.117,0.011,-0.126
20,A1_3,-0.031,0.193,0.149,1.0,0.107,-0.171,-0.139,0.119,0.197,0.19,0.031,-0.086,0.069,-0.203,0.138,0.022
20,B1_1,-0.035,-0.005,-0.027,0.107,1.0,0.037,-0.033,-0.138,0.105,0.147,0.099,-0.055,-0.035,0.05,-0.161,-0.045
20,B1_2,-0.134,-0.113,-0.027,-0.171,0.037,1.0,0.259,0.148,-0.129,-0.088,0.135,0.196,0.042,-0.067,-0.062,-0.178
20,B1_3,-0.233,-0.049,0.078,-0.139,-0.033,0.259,1.0,-0.033,0.03,-0.17,-0.097,0.13,0.074,-0.048,0.032,-0.015
20,A2_1,0.09,-0.078,0.015,0.119,-0.138,0.148,-0.033,1.0,-0.018,0.065,-0.186,-0.31,0.012,0.016,0.007,0.097
20,A2_2,-0.154,0.043,0.263,0.197,0.105,-0.129,0.03,-0.018,1.0,0.254,0.06,0.087,0.279,-0.035,-0.227,-0.223
20,A2_3,0.014,0.227,0.327,0.19,0.147,-0.088,-0.17,0.065,0.254,1.0,-0.013,0.076,0.079,0.084,0.158,0.081
20,B2_1,-0.218,0.088,-0.112,0.031,0.099,0.135,-0.097,-0.186,0.06,-0.013,1.0,0.028,0.377,-0.092,0.088,0.045
20,B2_2,-0.058,-0.034,0.012,-0.086,-0.055,0.196,0.13,-0.31,0.087,0.076,0.028,1.0,-0.03,0.016,-0.074,-0.162
20,B2_3,-0.17,0.057,0.014,0.069,-0.035,0.042,0.074,0.012,0.279,0.079,0.377,-0.03,1.0,-0.136,0.131,0.102
20,y1,-0.015,0.07,-0.117,-0.203,0.05,-0.067,-0.048,0.016,-0.035,0.084,-0.092,0.016,-0.136,1.0,0.058,0.084
20,y2,0.036,0.059,0.011,0.138,-0.161,-0.062,0.032,0.007,-0.227,0.158,0.088,-0.074,0.131,0.058,1.0,0.22
20,y3,0.142,-0.112,-0.126,0.022,-0.045,-0.178,-0.015,0.097,-0.223,0.081,0.045,-0.162,0.102,0.084,0.22,1.0
21,.,1.0,-0.301,0.025,-0.03,-0.051,-0.146,-0.242,0.09,-0.15,0.014,-0.23,-0.073,-0.183,-0.01,0.044,0.146
21,A1_1,-0.301,1.0,0.103,0.196,-0.006,-0.115,-0.052,-0.073,0.045,0.23,0.085,-0.036,0.056,0.069,0.058,-0.112
21,A1_2,0.025,0.103,1.0,0.154,-0.03,-0.029,0.074,0.019,0.267,0.33,-0.115,0.008,0.011,-0.117,0.01,-0.126
21,A1_3,-0.03,0.196,0.154,1.0,0.104,-0.173,-0.141,0.123,0.201,0.195,0.028,-0.089,0.066,-0.202,0.136,0.021
21,B1_1,-0.051,-0.006,-0.03,0.104,1.0,0.048,-0.022,-0.142,0.105,0.143,0.11,-0.043,-0.024,0.045,-0.165,-0.051
21,B1_2,-0.146,-0.115,-0.029,-0.173,0.048,1.0,0.267,0.143,-0.131,-0.09,0.145,0.207,0.054,-0.072,-0.069,-0.184
21,B1_3,-0.242,-0.052,0.074,-0.141,-0.022,0.267,1.0,-0.036,0.027,-0.172,-0.084,0.14,0.085,-0.053,0.025,-0.021
21,A2_1,0.09,-0.073,0.019,0.123,-0.142,0.143,-0.036,1.0,-0.012,0.069,-0.19,-0.313,0.007,0.016,0.008,0.097
21,A2_2,-0.15,0.045,0.267,0.201,0.105,-0.131,0.027,-0.012,1.0,0.258,0.058,0.084,0.276,-0.038,-0.23,-0.225
21,A2_3,0.014,0.23,0.33,0.195,0.143,-0.09,-0.172,0.069,0.258,1.0,-0.017,0.071,0.075,0.083,0.157,0.08
21,B2_1,-0.23,0.085,-0.115,0.028,0.11,0.145,-0.084,-0.19,0.058,-0.017,1.0,0.041,0.386,-0.097,0.08,0.039
21,B2_2,-0.073,-0.036,0.008,-0.089,-0.043,0.207,0.14,-0.313,0.084,0.071,0.041,1.0,-0.017,0.011,-0.08,-0.166
21,B2_3,-0.183,0.056,0.011,0.066,-0.024,0.054,0.085,0.007,0.276,0.075,0.386,-0.017,1.0,-0.141,0.122,0.094
21,y1,-0.01,0.069,-0.117,-0.202,0.045,-0.072,-0.053,0.016,-0.038,0.083,-0.097,0.011,-0.141,1.0,0.067,0.093
21,y2,0.044,0.058,0.01,0.136,-0.165,-0.069,0.025,0.008,-0.23,0.157,0.08,-0.08,0.122,0.067,1.0,0.228
21,y3,0.146,-0.112,-0.126,0.021,-0.051,-0.184,-0.021,0.097,-0.225,0.08,0.039,-0.166,0.094,0.093,0.228,1.0
22,.,1.0,-0.297,0.024,-0.028,-0.067,-0.157,-0.251,0.09,-0.146,0.013,-0.241,-0.088,-0.195,-0.005,0.051,0.151
22,A1_1,-0.297,1.0,0.108,0.2,-0.007,-0.117,-0.054,-0.068,0.049,0.234,0.081,-0.038,0.053,0.068,0.056,-0.112
22,A1_2,0.024,0.108,1.0,0.159,-0.033,-0.032,0.071,0.023,0.272,0.333,-0.117,0.004,0.008,-0.117,0.009,-0.127
22,A1_3,-0.028,0.2,0.159,1.0,0.1,-0.175,-0.144,0.128,0.206,0.199,0.023,-0.092,0.062,-0.202,0.135,0.019
22,B1_1,-0.067,-0.007,-0.033,0.1,1.0,0.06,-0.01,-0.146,0.104,0.139,0.121,-0.031,-0.011,0.039,-0.17,-0.057
22,B1_2,-0.157,-0.117,-0.032,-0.175,0.06,1.0,0.274,0.139,-0.133,-0.093,0.156,0.217,0.066,-0.078,-0.077,-0.189
22,B1_3,-0.251,-0.054,0.071,-0.144,-0.01,0.274,1.0,-0.04,0.024,-0.174,-0.071,0.15,0.096,-0.058,0.018,-0.027
22,A2_1,0.09,-0.068,0.023,0.128,-0.146,0.139,-0.04,1.0,-0.006,0.073,-0.193,-0.315,0.002,0.017,0.01,0.097
22,A2_2,-0.146,0.049,0.272,0.206,0.104,-0.133,0.024,-0.006,1.0,0.262,0.055,0.082,0.272,-0.041,-0.233,-0.228
22,A2_3,0.013,0.234,0.333,0.199,0.139,-0.093,-0.174,0.073,0.262,1.0,-0.021,0.067,0.071,0.082,0.156,0.078
22,B2_1,-0.241,0.081,-0.117,0.023,0.121,0.156,-0.071,-0.193,0.055,-0.021,1.0,0.054,0.394,-0.101,0.072,0.032
22,B2_2,-0.088,-0.038,0.004,-0.092,-0.031,0.217,0.15,-0.315,0.082,0.067,0.054,1.0,-0.004,0.005,-0.086,-0.171
22,B2_3,-0.195,0.053,0.008,0.062,-0.011,0.066,0.096,0.002,0.272,0.071,0.394,-0.004,1.0,-0.146,0.113,0.086
22,y1,-0.005,0.068,-0.117,-0.202,0.039,-0.078,-0.058,0.017,-0.041,0.082,-0.101,0.005,-0.146,1.0,0.078,0.102
22,y2,0.051,0.056,0.009,0.135,-0.17,-0.077,0.018,0.01,-0.233,0.156,0.072,-0.086,0.113,0.078,1.0,0.236
22,y3,0.151,-0.112,-0.127,0.019,-0.057,-0.189,-0.027,0.097,-0.228,0.078,0.032,-0.171,0.086,0.102,0.236,1.0
23,.,1.0,-0.293,0.022,-0.028,-0.082,-0.166,-0.259,0.088,-0.143,0.012,-0.252,-0.101,-0.207,-0.001,0.059,0.155
23,A1_1,-0.293,1.0,0.113,0.204,-0.009,-0.121,-0.058,-0.062,0.052,0.238,0.076,-0.041,0.05,0.067,0.056,-0.111
23,A1_2,0.022,0.113,1.0,0.164,-0.035,-0.034,0.067,0.028,0.277,0.337,-0.12,0.001,0.005,-0.118,0.008,-0.128
23,A1_3,-0.028,0.204,0.164,1.0,0.097,-0.177,-0.146,0.132,0.211,0.204,0.019,-0.095,0.058,-0.201,0.133,0.018
23,B1_1,-0.082,-0.009,-0.035,0.097,1.0,0.072,0.002,-0.15,0.103,0.135,0.133,-0.018,0.001,0.032,-0.175,-0.063
23,B1_2,-0.166,-0.121,-0.034,-0.177,0.072,1.0,0.282,0.135,-0.136,-0.095,0.167,0.227,0.079,-0.084,-0.084,-0.194
23,B1_3,-0.259,-0.058,0.067,-0.146,0.002,0.282,1.0,-0.043,0.02,-0.175,-0.058,0.161,0.107,-0.062,0.011,-0.032
23,A2_1,0.088,-0.062,0.028,0.132,-0.15,0.135,-0.043,1.0,0.001,0.077,-0.196,-0.318,-0.003,0.017,0.011,0.096
23,A2_2,-0.143,0.052,0.277,0.211,0.103,-0.136,0.02,0.001,1.0,0.267,0.051,0.079,0.268,-0.044,-0.235,-0.23
23,A2_3,0.012,0.238,0.337,0.204,0.135,-0.095,-0.175,0.077,0.267,1.0,-0.024,0.062,0.067,0.081,0.154,0.077
23,B2_1,-0.252,0.076,-0.12,0.019,0.133,0.167,-0.058,-0.196,0.051,-0.024,1.0,0.067,0.403,-0.106,0.064,0.026
23,B2_2,-0.101,-0.041,0.001,-0.095,-0.018,0.227,0.161,-0.318,0.079,0.062,0.067,1.0,0.01,-0.001,-0.092,-0.175
23,B2_3,-0.207,0.05,0.005,0.058,0.001,0.079,0.107,-0.003,0.268,0.067,0.403,0.01,1.0,-0.15,0.104,0.079
23,y1,-0.001,0.067,-0.118,-0.201,0.032,-0.084,-0.062,0.017,-0.044,0.081,-0.106,-0.001,-0.15,1.0,0.089,0.113
23,y2,0.059,0.056,0.008,0.133,-0.175,-0.084,0.011,0.011,-0.235,0.154,0.064,-0.092,0.104,0.089,1.0,0.246
23,y3,0.155,-0.111,-0.128,0.018,-0.063,-0.194,-0.032,0.096,-0.23,0.077,0.026,-0.175,0.079,0.113,0.246,1.0
24,.,1.0,-0.29,0.02,-0.026,-0.096,-0.174,-0.265,0.084,-0.139,0.011,-0.261,-0.113,-0.218,0.003,0.065,0.157
24,A1_1,-0.29,1.0,0.118,0.209,-0.011,-0.123,-0.061,-0.056,0.057,0.242,0.072,-0.044,0.048,0.066,0.054,-0.111
24,A1_2,0.02,0.118,1.0,0.169,-0.038,-0.036,0.064,0.033,0.282,0.341,-0.122,-0.002,0.002,-0.119,0.007,-0.13
24,A1_3,-0.026,0.209,0.169,1.0,0.092,-0.179,-0.149,0.138,0.217,0.209,0.014,-0.098,0.053,-0.201,0.13,0.016
24,B1_1,-0.096,-0.011,-0.038,0.092,1.0,0.083,0.013,-0.153,0.101,0.131,0.144,-0.006,0.014,0.026,-0.181,-0.069
24,B1_2,-0.174,-0.123,-0.036,-0.179,0.083,1.0,0.288,0.132,-0.138,-0.097,0.177,0.236,0.09,-0.089,-0.092,-0.199
24,B1_3,-0.265,-0.061,0.064,-0.149,0.013,0.288,1.0,-0.045,0.016,-0.177,-0.046,0.171,0.118,-0.066,0.004,-0.036
