,,.,A1_1,A1_2,A1_3,B1_1,B1_2,B1_3,A2_1,A2_2,A2_3,B2_1,B2_2,B2_3,y1,y2,y3
1,.,1.0,0.74,0.79,0.739,0.705,0.785,0.718,0.799,0.747,0.842,0.691,0.755,0.636,0.719,0.731,0.811
1,A1_1,0.74,1.0,0.766,0.804,0.728,0.766,0.738,0.583,0.76,0.826,0.699,0.788,0.627,0.764,0.784,0.728
1,A1_2,0.79,0.766,1.0,0.765,0.704,0.707,0.745,0.666,0.818,0.864,0.765,0.697,0.643,0.697,0.745,0.818
1,A1_3,0.739,0.804,0.765,1.0,0.825,0.709,0.691,0.627,0.787,0.79,0.767,0.719,0.705,0.745,0.857,0.785
1,B1_1,0.705,0.728,0.704,0.825,1.0,0.711,0.649,0.534,0.726,0.78,0.749,0.7,0.627,0.781,0.774,0.765
1,B1_2,0.785,0.766,0.707,0.709,0.711,1.0,0.815,0.678,0.709,0.803,0.764,0.825,0.703,0.789,0.799,0.802
1,B1_3,0.718,0.738,0.745,0.691,0.649,0.815,1.0,0.637,0.734,0.738,0.748,0.826,0.691,0.744,0.779,0.818
1,A2_1,0.799,0.583,0.666,0.627,0.534,0.678,0.637,1.0,0.585,0.73,0.537,0.61,0.657,0.672,0.688,0.761
1,A2_2,0.747,0.76,0.818,0.787,0.726,0.709,0.734,0.585,1.0,0.794,0.784,0.749,0.788,0.668,0.742,0.785
1,A2_3,0.842,0.826,0.864,0.79,0.78,0.803,0.738,0.73,0.794,1.0,0.75,0.782,0.703,0.819,0.831,0.836
1,B2_1,0.691,0.699,0.765,0.767,0.749,0.764,0.748,0.537,0.784,0.75,1.0,0.712,0.785,0.753,0.843,0.805
1,B2_2,0.755,0.788,0.697,0.719,0.7,0.825,0.826,0.61,0.749,0.782,0.712,1.0,0.681,0.836,0.796,0.77
1,B2_3,0.636,0.627,0.643,0.705,0.627,0.703,0.691,0.657,0.788,0.703,0.785,0.681,1.0,0.661,0.802,0.764
1,y1,0.719,0.764,0.697,0.745,0.781,0.789,0.744,0.672,0.668,0.819,0.753,0.836,0.661,1.0,0.801,0.759
1,y2,0.731,0.784,0.745,0.857,0.774,0.799,0.779,0.688,0.742,0.831,0.843,0.796,0.802,0.801,1.0,0.798
1,y3,0.811,0.728,0.818,0.785,0.765,0.802,0.818,0.761,0.785,0.836,0.805,0.77,0.764,0.759,0.798,1.0
2,.,1.0,0.752,0.799,0.751,0.717,0.79,0.722,0.807,0.76,0.848,0.7,0.762,0.654,0.724,0.741,0.816
2,A1_1,0.752,1.0,0.777,0.815,0.744,0.783,0.753,0.602,0.777,0.836,0.718,0.8,0.656,0.775,0.797,0.743
2,A1_2,0.799,0.777,1.0,0.778,0.719,0.722,0.755,0.68,0.828,0.872,0.774,0.708,0.663,0.709,0.758,0.827
2,A1_3,0.751,0.815,0.778,1.0,0.834,0.724,0.702,0.643,0.801,0.803,0.776,0.73,0.722,0.753,0.862,0.794
2,B1_1,0.717,0.744,0.719,0.834,1.0,0.728,0.668,0.552,0.742,0.793,0.762,0.717,0.652,0.791,0.788,0.78
2,B1_2,0.79,0.783,0.722,0.724,0.728,1.0,0.826,0.688,0.728,0.814,0.781,0.837,0.726,0.799,0.812,0.814
2,B1_3,0.722,0.753,0.755,0.702,0.668,0.826,1.0,0.645,0.747,0.749,0.764,0.837,0.711,0.756,0.791,0.827
2,A2_1,0.807,0.602,0.68,0.643,0.552,0.688,0.645,1.0,0.605,0.741,0.551,0.621,0.665,0.679,0.697,0.767
2,A2_2,0.76,0.777,0.828,0.801,0.742,0.728,0.747,0.605,1.0,0.807,0.796,0.763,0.803,0.683,0.756,0.796
2,A2_3,0.848,0.836,0.872,0.803,0.793,0.814,0.749,0.741,0.807,1.0,0.762,0.79,0.72,0.826,0.84,0.842
2,B2_1,0.7,0.718,0.774,0.776,0.762,0.781,0.764,0.551,0.796,0.762,1.0,0.732,0.801,0.764,0.852,0.816
2,B2_2,0.762,0.8,0.708,0.73,0.717,0.837,0.837,0.621,0.763,0.79,0.732,1.0,0.705,0.842,0.807,0.782
2,B2_3,0.654,0.656,0.663,0.722,0.652,0.726,0.711,0.665,0.803,0.72,0.801,0.705,1.0,0.677,0.813,0.777
2,y1,0.724,0.775,0.709,0.753,0.791,0.799,0.756,0.679,0.683,0.826,0.764,0.842,0.677,1.0,0.81,0.771
2,y2,0.741,0.797,0.758,0.862,0.788,0.812,0.791,0.697,0.756,0.84,0.852,0.807,0.813,0.81,1.0,0.808
2,y3,0.816,0.743,0.827,0.794,0.78,0.814,0.827,0.767,0.796,0.842,0.816,0.782,0.777,0.771,0.808,1.0
3,.,1.0,0.762,0.808,0.762,0.728,0.795,0.726,0.816,0.772,0.853,0.709,0.767,0.669,0.728,0.749,0.82
3,A1_1,0.762,1.0,0.79,0.827,0.761,0.799,0.77,0.622,0.793,0.847,0.739,0.813,0.685,0.787,0.811,0.758
3,A1_2,0.808,0.79,1.0,0.792,0.735,0.738,0.765,0.696,0.839,0.88,0.783,0.722,0.685,0.721,0.772,0.836
3,A1_3,0.762,0.827,0.792,1.0,0.843,0.74,0.715,0.661,0.815,0.816,0.787,0.743,0.74,0.763,0.869,0.803
3,B1_1,0.728,0.761,0.735,0.843,1.0,0.748,0.69,0.572,0.76,0.806,0.778,0.737,0.679,0.803,0.803,0.795
3,B1_2,0.795,0.799,0.738,0.74,0.748,1.0,0.839,0.7,0.747,0.824,0.801,0.851,0.751,0.812,0.826,0.827
3,B1_3,0.726,0.77,0.765,0.715,0.69,0.839,1.0,0.654,0.761,0.761,0.782,0.85,0.735,0.771,0.805,0.838
3,A2_1,0.816,0.622,0.696,0.661,0.572,0.7,0.654,1.0,0.626,0.753,0.568,0.633,0.675,0.687,0.708,0.773
3,A2_2,0.772,0.793,0.839,0.815,0.76,0.747,0.761,0.626,1.0,0.82,0.809,0.777,0.818,0.699,0.771,0.807
3,A2_3,0.853,0.847,0.88,0.816,0.806,0.824,0.761,0.753,0.82,1.0,0.775,0.799,0.738,0.833,0.849,0.849
3,B2_1,0.709,0.739,0.783,0.787,0.778,0.801,0.782,0.568,0.809,0.775,1.0,0.754,0.819,0.778,0.862,0.828
3,B2_2,0.767,0.813,0.722,0.743,0.737,0.851,0.85,0.633,0.777,0.799,0.754,1.0,0.73,0.85,0.82,0.795
3,B2_3,0.669,0.685,0.685,0.74,0.679,0.751,0.735,0.675,0.818,0.738,0.819,0.73,1.0,0.695,0.825,0.791
3,y1,0.728,0.787,0.721,0.763,0.803,0.812,0.771,0.687,0.699,0.833,0.778,0.85,0.695,1.0,0.82,0.783
3,y2,0.749,0.811,0.772,0.869,0.803,0.826,0.805,0.708,0.771,0.849,0.862,0.82,0.825,0.82,1.0,0.819
3,y3,0.82,0.758,0.836,0.803,0.795,0.827,0.838,0.773,0.807,0.849,0.828,0.795,0.791,0.783,0.819,1.0
4,.,1.0,0.768,0.814,0.77,0.735,0.795,0.725,0.822,0.78,0.855,0.712,0.769,0.679,0.728,0.753,0.821
4,A1_1,0.768,1.0,0.801,0.836,0.776,0.813,0.783,0.638,0.807,0.855,0.755,0.824,0.709,0.796,0.822,0.771
4,A1_2,0.814,0.801,1.0,0.804,0.749,0.751,0.772,0.71,0.849,0.887,0.79,0.732,0.703,0.731,0.783,0.842
4,A1_3,0.77,0.836,0.804,1.0,0.851,0.752,0.725,0.676,0.827,0.827,0.795,0.753,0.754,0.77,0.873,0.81
4,B1_1,0.735,0.776,0.749,0.851,1.0,0.766,0.711,0.589,0.775,0.817,0.793,0.755,0.704,0.814,0.816,0.809
4,B1_2,0.795,0.813,0.751,0.752,0.766,1.0,0.851,0.707,0.764,0.832,0.818,0.864,0.773,0.822,0.837,0.837
4,B1_3,0.725,0.783,0.772,0.725,0.711,0.851,1.0,0.66,0.772,0.769,0.799,0.862,0.756,0.782,0.816,0.846
4,A2_1,0.822,0.638,0.71,0.676,0.589,0.707,0.66,1.0,0.644,0.764,0.58,0.642,0.682,0.693,0.715,0.778
4,A2_2,0.78,0.807,0.849,0.827,0.775,0.764,0.772,0.644,1.0,0.831,0.819,0.789,0.83,0.712,0.783,0.816
4,A2_3,0.855,0.855,0.887,0.827,0.817,0.832,0.769,0.764,0.831,1.0,0.785,0.805,0.753,0.838,0.855,0.855
4,B2_1,0.712,0.755,0.79,0.795,0.793,0.818,0.799,0.58,0.819,0.785,1.0,0.774,0.834,0.789,0.87,0.838
4,B2_2,0.769,0.824,0.732,0.753,0.755,0.864,0.862,0.642,0.789,0.805,0.774,1.0,0.752,0.856,0.831,0.806
4,B2_3,0.679,0.709,0.703,0.754,0.704,0.773,0.756,0.682,0.83,0.753,0.834,0.752,1.0,0.711,0.836,0.803
4,y1,0.728,0.796,0.731,0.77,0.814,0.822,0.782,0.693,0.712,0.838,0.789,0.856,0.711,1.0,0.829,0.792
4,y2,0.753,0.822,0.783,0.873,0.816,0.837,0.816,0.715,0.783,0.855,0.87,0.831,0.836,0.829,1.0,0.827
4,y3,0.821,0.771,0.842,0.81,0.809,0.837,0.846,0.778,0.816,0.855,0.838,0.806,0.803,0.792,0.827,1.0
5,.,1.0,0.768,0.816,0.771,0.735,0.79,0.718,0.825,0.782,0.854,0.708,0.764,0.679,0.721,0.75,0.817
5,A1_1,0.768,1.0,0.808,0.843,0.787,0.822,0.792,0.648,0.817,0.861,0.767,0.831,0.726,0.802,0.829,0.779
5,A1_2,0.816,0.808,1.0,0.812,0.759,0.758,0.775,0.719,0.855,0.892,0.793,0.738,0.714,0.736,0.79,0.846
5,A1_3,0.771,0.843,0.812,1.0,0.856,0.76,0.729,0.686,0.835,0.835,0.798,0.758,0.762,0.773,0.875,0.814
5,B1_1,0.735,0.787,0.759,0.856,1.0,0.78,0.727,0.598,0.786,0.825,0.805,0.769,0.723,0.821,0.827,0.818
5,B1_2,0.79,0.822,0.758,0.76,0.78,1.0,0.861,0.709,0.776,0.836,0.831,0.874,0.79,0.828,0.846,0.844
5,B1_3,0.718,0.792,0.775,0.729,0.727,0.861,1.0,0.66,0.779,0.773,0.813,0.871,0.774,0.79,0.824,0.851
5,A2_1,0.825,0.648,0.719,0.686,0.598,0.709,0.66,1.0,0.655,0.77,0.585,0.644,0.682,0.694,0.718,0.779
5,A2_2,0.782,0.817,0.855,0.835,0.786,0.776,0.779,0.655,1.0,0.839,0.826,0.797,0.839,0.719,0.791,0.821
5,A2_3,0.854,0.861,0.892,0.835,0.825,0.836,0.773,0.77,0.839,1.0,0.79,0.808,0.761,0.84,0.859,0.857
5,B2_1,0.708,0.767,0.793,0.798,0.805,0.831,0.813,0.585,0.826,0.79,1.0,0.79,0.847,0.796,0.876,0.844
5,B2_2,0.764,0.831,0.738,0.758,0.769,0.874,0.871,0.644,0.797,0.808,0.79,1.0,0.769,0.86,0.839,0.814
5,B2_3,0.679,0.726,0.714,0.762,0.723,0.79,0.774,0.682,0.839,0.761,0.847,0.769,1.0,0.722,0.843,0.811
5,y1,0.721,0.802,0.736,0.773,0.821,0.828,0.79,0.694,0.719,0.84,0.796,0.86,0.722,1.0,0.835,0.798
5,y2,0.75,0.829,0.79,0.875,0.827,0.846,0.824,0.718,0.791,0.859,0.876,0.839,0.843,0.835,1.0,0.833
5,y3,0.817,0.779,0.846,0.814,0.818,0.844,0.851,0.779,0.821,0.857,0.844,0.814,0.811,0.798,0.833,1.0
6,.,1.0,0.762,0.813,0.768,0.728,0.777,0.702,0.825,0.778,0.848,0.695,0.752,0.669,0.707,0.74,0.808
6,A1_1,0.762,1.0,0.813,0.847,0.795,0.827,0.796,0.653,0.824,0.865,0.773,0.834,0.736,0.804,0.834,0.782
6,A1_2,0.813,0.813,1.0,0.818,0.763,0.76,0.772,0.724,0.859,0.895,0.791,0.738,0.718,0.736,0.793,0.846
6,A1_3,0.768,0.847,0.818,1.0,0.857,0.762,0.729,0.692,0.84,0.84,0.796,0.758,0.764,0.772,0.875,0.814
6,B1_1,0.728,0.795,0.763,0.857,1.0,0.791,0.739,0.601,0.794,0.828,0.813,0.779,0.737,0.825,0.833,0.824
6,B1_2,0.777,0.827,0.76,0.762,0.791,1.0,0.869,0.704,0.783,0.836,0.842,0.881,0.803,0.83,0.851,0.848
6,B1_3,0.702,0.796,0.772,0.729,0.739,0.869,1.0,0.653,0.783,0.772,0.824,0.878,0.787,0.793,0.829,0.853
6,A2_1,0.825,0.653,0.724,0.692,0.601,0.704,0.653,1.0,0.66,0.773,0.582,0.64,0.676,0.689,0.716,0.776
6,A2_2,0.778,0.824,0.859,0.84,0.794,0.783,0.783,0.66,1.0,0.844,0.828,0.8,0.843,0.72,0.795,0.822
6,A2_3,0.848,0.865,0.895,0.84,0.828,0.836,0.772,0.773,0.844,1.0,0.789,0.806,0.764,0.838,0.859,0.857
6,B2_1,0.695,0.773,0.791,0.796,0.813,0.842,0.824,0.582,0.828,0.789,1.0,0.802,0.856,0.8,0.879,0.846
6,B2_2,0.752,0.834,0.738,0.758,0.779,0.881,0.878,0.64,0.8,0.806,0.802,1.0,0.782,0.86,0.843,0.817
6,B2_3,0.669,0.736,0.718,0.764,0.737,0.803,0.787,0.676,0.843,0.764,0.856,0.782,1.0,0.727,0.847,0.814
6,y1,0.707,0.804,0.736,0.772,0.825,0.83,0.793,0.689,0.72,0.838,0.8,0.86,0.727,1.0,0.837,0.8
6,y2,0.74,0.834,0.793,0.875,0.833,0.851,0.829,0.716,0.795,0.859,0.879,0.843,0.847,0.837,1.0,0.835
6,y3,0.808,0.782,0.846,0.814,0.824,0.848,0.853,0.776,0.822,0.857,0.846,0.817,0.814,0.8,0.835,1.0
7,.,1.0,0.75,0.806,0.76,0.714,0.756,0.676,0.821,0.767,0.839,0.672,0.732,0.649,0.685,0.722,0.793
7,A1_1,0.75,1.0,0.814,0.848,0.798,0.828,0.794,0.651,0.827,0.865,0.774,0.833,0.741,0.802,0.834,0.782
7,A1_2,0.806,0.814,1.0,0.82,0.763,0.756,0.763,0.724,0.861,0.896,0.783,0.732,0.716,0.73,0.79,0.843
7,A1_3,0.76,0.848,0.82,1.0,0.856,0.757,0.721,0.692,0.842,0.841,0.789,0.752,0.76,0.765,0.871,0.811
7,B1_1,0.714,0.798,0.763,0.856,1.0,0.798,0.746,0.595,0.797,0.828,0.819,0.785,0.746,0.825,0.837,0.827
7,B1_2,0.756,0.828,0.756,0.757,0.798,1.0,0.875,0.691,0.785,0.831,0.849,0.887,0.813,0.828,0.852,0.847
7,B1_3,0.676,0.794,0.763,0.721,0.746,0.875,1.0,0.637,0.781,0.765,0.831,0.882,0.796,0.791,0.829,0.851
7,A2_1,0.821,0.651,0.724,0.692,0.595,0.691,0.637,1.0,0.659,0.773,0.569,0.628,0.662,0.679,0.707,0.769
7,A2_2,0.767,0.827,0.861,0.842,0.797,0.785,0.781,0.659,1.0,0.845,0.827,0.8,0.843,0.716,0.794,0.82
7,A2_3,0.839,0.865,0.896,0.841,0.828,0.831,0.765,0.773,0.845,1.0,0.783,0.8,0.761,0.832,0.856,0.854
7,B2_1,0.672,0.774,0.783,0.789,0.819,0.849,0.831,0.569,0.827,0.783,1.0,0.81,0.863,0.798,0.879,0.845
7,B2_2,0.732,0.833,0.732,0.752,0.785,0.887,0.882,0.628,0.8,0.8,0.81,1.0,0.791,0.858,0.844,0.817
7,B2_3,0.649,0.741,0.716,0.76,0.746,0.813,0.796,0.662,0.843,0.761,0.863,0.791,1.0,0.726,0.847,0.813
7,y1,0.685,0.802,0.73,0.765,0.825,0.828,0.791,0.679,0.716,0.832,0.798,0.858,0.726,1.0,0.837,0.798
7,y2,0.722,0.834,0.79,0.871,0.837,0.852,0.829,0.707,0.794,0.856,0.879,0.844,0.847,0.837,1.0,0.834
7,y3,0.793,0.782,0.843,0.811,0.827,0.847,0.851,0.769,0.82,0.854,0.845,0.817,0.813,0.798,0.834,1.0
8,.,1.0,0.732,0.795,0.747,0.691,0.725,0.639,0.815,0.75,0.825,0.639,0.703,0.618,0.655,0.696,0.773
8,A1_1,0.732,1.0,0.813,0.847,0.798,0.824,0.789,0.645,0.827,0.864,0.77,0.828,0.74,0.796,0.832,0.778
8,A1_2,0.795,0.813,1.0,0.82,0.759,0.746,0.749,0.722,0.86,0.896,0.77,0.721,0.707,0.719,0.784,0.837
8,A1_3,0.747,0.847,0.82,1.0,0.851,0.748,0.708,0.688,0.841,0.841,0.777,0.742,0.751,0.754,0.865,0.804
8,B1_1,0.691,0.798,0.759,0.851,1.0,0.802,0.751,0.582,0.797,0.823,0.822,0.789,0.752,0.822,0.838,0.827
8,B1_2,0.725,0.824,0.746,0.748,0.802,1.0,0.879,0.67,0.783,0.821,0.855,0.89,0.82,0.822,0.85,0.844
8,B1_3,0.639,0.789,0.749,0.708,0.751,0.879,1.0,0.614,0.776,0.752,0.837,0.885,0.803,0.785,0.827,0.845
8,A2_1,0.815,0.645,0.722,0.688,0.582,0.67,0.614,1.0,0.652,0.769,0.548,0.609,0.642,0.663,0.694,0.759
8,A2_2,0.75,0.827,0.86,0.841,0.797,0.783,0.776,0.652,1.0,0.844,0.822,0.796,0.841,0.706,0.789,0.814
8,A2_3,0.825,0.864,0.896,0.841,0.823,0.821,0.752,0.769,0.844,1.0,0.772,0.789,0.753,0.822,0.851,0.849
8,B2_1,0.639,0.77,0.77,0.777,0.822,0.855,0.837,0.548,0.822,0.772,1.0,0.815,0.868,0.793,0.876,0.839
8,B2_2,0.703,0.828,0.721,0.742,0.789,0.89,0.885,0.609,0.796,0.789,0.815,1.0,0.796,0.852,0.842,0.813
8,B2_3,0.618,0.74,0.707,0.751,0.752,0.82,0.803,0.642,0.841,0.753,0.868,0.796,1.0,0.721,0.844,0.809
8,y1,0.655,0.796,0.719,0.754,0.822,0.822,0.785,0.663,0.706,0.822,0.793,0.852,0.721,1.0,0.834,0.792
8,y2,0.696,0.832,0.784,0.865,0.838,0.85,0.827,0.694,0.789,0.851,0.876,0.842,0.844,0.834,1.0,0.83
8,y3,0.773,0.778,0.837,0.804,0.827,0.844,0.845,0.759,0.814,0.849,0.839,0.813,0.809,0.792,0.83,1.0
9,.,1.0,0.708,0.78,0.729,0.659,0.683,0.591,0.806,0.728,0.808,0.594,0.664,0.576,0.617,0.662,0.747
9,A1_1,0.708,1.0,0.81,0.844,0.796,0.817,0.779,0.635,0.826,0.861,0.762,0.82,0.735,0.787,0.828,0.771
9,A1_2,0.78,0.81,1.0,0.819,0.75,0.73,0.728,0.717,0.857,0.895,0.751,0.704,0.693,0.704,0.774,0.829
9,A1_3,0.729,0.844,0.819,1.0,0.843,0.732,0.688,0.683,0.839,0.838,0.759,0.725,0.737,0.74,0.857,0.794
9,B1_1,0.659,0.796,0.75,0.843,1.0,0.804,0.753,0.563,0.795,0.815,0.823,0.79,0.756,0.816,0.837,0.824
9,B1_2,0.683,0.817,0.73,0.732,0.804,1.0,0.882,0.642,0.778,0.806,0.859,0.893,0.825,0.813,0.846,0.836
9,B1_3,0.591,0.779,0.728,0.688,0.753,0.882,1.0,0.581,0.766,0.733,0.841,0.887,0.808,0.774,0.821,0.836
9,A2_1,0.806,0.635,0.717,0.683,0.563,0.642,0.581,1.0,0.642,0.764,0.518,0.582,0.613,0.642,0.676,0.745
9,A2_2,0.728,0.826,0.857,0.839,0.795,0.778,0.766,0.642,1.0,0.84,0.813,0.788,0.835,0.692,0.781,0.805
9,A2_3,0.808,0.861,0.895,0.838,0.815,0.806,0.733,0.764,0.84,1.0,0.755,0.774,0.739,0.809,0.842,0.842
9,B2_1,0.594,0.762,0.751,0.759,0.823,0.859,0.841,0.518,0.813,0.755,1.0,0.819,0.871,0.784,0.871,0.83
9,B2_2,0.664,0.82,0.704,0.725,0.79,0.893,0.887,0.582,0.788,0.774,0.819,1.0,0.8,0.843,0.837,0.806
9,B2_3,0.576,0.735,0.693,0.737,0.756,0.825,0.808,0.613,0.835,0.739,0.871,0.8,1.0,0.711,0.839,0.8
9,y1,0.617,0.787,0.704,0.74,0.816,0.813,0.774,0.642,0.692,0.809,0.784,0.843,0.711,1.0,0.828,0.784
9,y2,0.662,0.828,0.774,0.857,0.837,0.846,0.821,0.676,0.781,0.842,0.871,0.837,0.839,0.828,1.0,0.823
9,y3,0.747,0.771,0.829,0.794,0.824,0.836,0.836,0.745,0.805,0.842,0.83,0.806,0.8,0.784,0.823,1.0
10,.,1.0,0.677,0.761,0.707,0.617,0.63,0.531,0.796,0.698,0.787,0.537,0.614,0.521,0.571,0.62,0.715
10,A1_1,0.677,1.0,0.805,0.839,0.79,0.806,0.765,0.621,0.823,0.857,0.75,0.809,0.726,0.775,0.821,0.761
10,A1_2,0.761,0.805,1.0,0.816,0.737,0.707,0.701,0.71,0.853,0.893,0.726,0.682,0.673,0.685,0.761,0.818
10,A1_3,0.707,0.839,0.816,1.0,0.831,0.709,0.661,0.675,0.834,0.835,0.735,0.704,0.716,0.72,0.846,0.782
10,B1_1,0.617,0.79,0.737,0.831,1.0,0.805,0.753,0.536,0.79,0.803,0.824,0.79,0.758,0.807,0.834,0.818
10,B1_2,0.63,0.806,0.707,0.709,0.805,1.0,0.884,0.605,0.769,0.785,0.863,0.895,0.829,0.798,0.837,0.824
10,B1_3,0.531,0.765,0.701,0.661,0.753,0.884,1.0,0.54,0.753,0.708,0.844,0.888,0.812,0.759,0.812,0.823
10,A2_1,0.796,0.621,0.71,0.675,0.536,0.605,0.54,1.0,0.627,0.757,0.479,0.547,0.576,0.617,0.654,0.729
10,A2_2,0.698,0.823,0.853,0.834,0.79,0.769,0.753,0.627,1.0,0.835,0.802,0.778,0.827,0.673,0.77,0.793
10,A2_3,0.787,0.857,0.893,0.835,0.803,0.785,0.708,0.757,0.835,1.0,0.731,0.753,0.719,0.792,0.83,0.832
10,B2_1,0.537,0.75,0.726,0.735,0.824,0.863,0.844,0.479,0.802,0.731,1.0,0.821,0.873,0.77,0.863,0.817
10,B2_2,0.614,0.809,0.682,0.704,0.79,0.895,0.888,0.547,0.778,0.753,0.821,1.0,0.803,0.83,0.83,0.795
10,B2_3,0.521,0.726,0.673,0.716,0.758,0.829,0.812,0.576,0.827,0.719,0.873,0.803,1.0,0.697,0.83,0.787
10,y1,0.571,0.775,0.685,0.72,0.807,0.798,0.759,0.617,0.673,0.792,0.77,0.83,0.697,1.0,0.82,0.772
10,y2,0.62,0.821,0.761,0.846,0.834,0.837,0.812,0.654,0.77,0.83,0.863,0.83,0.83,0.82,1.0,0.814
10,y3,0.715,0.761,0.818,0.782,0.818,0.824,0.823,0.729,0.793,0.832,0.817,0.795,0.787,0.772,0.814,1.0
11,.,1.0,0.641,0.739,0.683,0.565,0.563,0.457,0.785,0.663,0.763,0.468,0.553,0.455,0.518,0.571,0.678
11,A1_1,0.641,1.0,0.799,0.833,0.783,0.791,0.746,0.606,0.818,0.851,0.733,0.794,0.712,0.76,0.813,0.749
11,A1_2,0.739,0.799,1.0,0.813,0.719,0.678,0.667,0.704,0.847,0.891,0.695,0.654,0.646,0.662,0.745,0.806
11,A1_3,0.683,0.833,0.813,1.0,0.815,0.68,0.627,0.667,0.828,0.831,0.705,0.676,0.69,0.698,0.832,0.767
11,B1_1,0.565,0.783,0.719,0.815,1.0,0.806,0.752,0.503,0.783,0.786,0.823,0.79,0.759,0.795,0.829,0.809
11,B1_2,0.563,0.791,0.678,0.68,0.806,1.0,0.886,0.559,0.756,0.757,0.865,0.897,0.832,0.78,0.826,0.808
11,B1_3,0.457,0.746,0.667,0.627,0.752,0.886,1.0,0.49,0.736,0.675,0.847,0.889,0.815,0.739,0.799,0.804
11,A2_1,0.785,0.606,0.704,0.667,0.503,0.559,0.49,1.0,0.61,0.75,0.432,0.504,0.531,0.589,0.628,0.711
11,A2_2,0.663,0.818,0.847,0.828,0.783,0.756,0.736,0.61,1.0,0.828,0.786,0.764,0.815,0.649,0.756,0.779
11,A2_3,0.763,0.851,0.891,0.831,0.786,0.757,0.675,0.75,0.828,1.0,0.701,0.726,0.693,0.772,0.816,0.821
11,B2_1,0.468,0.733,0.695,0.705,0.823,0.865,0.847,0.432,0.786,0.701,1.0,0.823,0.875,0.753,0.852,0.799
11,B2_2,0.553,0.794,0.654,0.676,0.79,0.897,0.889,0.504,0.764,0.726,0.823,1.0,0.804,0.814,0.82,0.779
11,B2_3,0.455,0.712,0.646,0.69,0.759,0.832,0.815,0.531,0.815,0.693,0.875,0.804,1.0,0.677,0.819,0.77
11,y1,0.518,0.76,0.662,0.698,0.795,0.78,0.739,0.589,0.649,0.772,0.753,0.814,0.677,1.0,0.811,0.758
11,y2,0.571,0.813,0.745,0.832,0.829,0.826,0.799,0.628,0.756,0.816,0.852,0.82,0.819,0.811,1.0,0.802
11,y3,0.678,0.749,0.806,0.767,0.809,0.808,0.804,0.711,0.779,0.821,0.799,0.779,0.77,0.758,0.802,1.0
12,.,1.0,0.6,0.715,0.656,0.502,0.483,0.37,0.773,0.621,0.736,0.386,0.479,0.375,0.459,0.514,0.637
12,A1_1,0.6,1.0,0.793,0.827,0.771,0.77,0.721,0.588,0.812,0.845,0.712,0.774,0.694,0.742,0.802,0.734
12,A1_2,0.715,0.793,1.0,0.81,0.696,0.64,0.624,0.697,0.84,0.888,0.655,0.618,0.611,0.634,0.725,0.791
12,A1_3,0.656,0.827,0.81,1.0,0.793,0.643,0.584,0.659,0.82,0.827,0.666,0.64,0.655,0.671,0.816,0.751
12,B1_1,0.502,0.771,0.696,0.793,1.0,0.805,0.75,0.461,0.773,0.763,0.823,0.788,0.759,0.779,0.821,0.795
12,B1_2,0.483,0.77,0.64,0.643,0.805,1.0,0.888,0.502,0.739,0.721,0.868,0.898,0.835,0.754,0.81,0.785
12,B1_3,0.37,0.721,0.624,0.584,0.75,0.888,1.0,0.429,0.714,0.634,0.849,0.889,0.818,0.713,0.781,0.779
12,A2_1,0.773,0.588,0.697,0.659,0.461,0.502,0.429,1.0,0.589,0.743,0.374,0.452,0.476,0.557,0.599,0.691
12,A2_2,0.621,0.812,0.84,0.82,0.773,0.739,0.714,0.589,1.0,0.819,0.767,0.746,0.799,0.62,0.739,0.76
12,A2_3,0.736,0.845,0.888,0.827,0.763,0.721,0.634,0.743,0.819,1.0,0.664,0.692,0.66,0.748,0.799,0.808
12,B2_1,0.386,0.712,0.655,0.666,0.823,0.868,0.849,0.374,0.767,0.664,1.0,0.825,0.877,0.729,0.837,0.774
12,B2_2,0.479,0.774,0.618,0.64,0.788,0.898,0.889,0.452,0.746,0.692,0.825,1.0,0.805,0.792,0.805,0.758
12,B2_3,0.375,0.694,0.611,0.655,0.759,0.835,0.818,0.476,0.799,0.66,0.877,0.805,1.0,0.652,0.803,0.746
12,y1,0.459,0.742,0.634,0.671,0.779,0.754,0.713,0.557,0.62,0.748,0.729,0.792,0.652,1.0,0.799,0.741
12,y2,0.514,0.802,0.725,0.816,0.821,0.81,0.781,0.599,0.739,0.799,0.837,0.805,0.803,0.799,1.0,0.788
12,y3,0.637,0.734,0.791,0.751,0.795,0.785,0.779,0.691,0.76,0.808,0.774,0.758,0.746,0.741,0.788,1.0
13,.,1.0,0.555,0.69,0.628,0.428,0.392,0.273,0.762,0.575,0.708,0.294,0.394,0.285,0.396,0.454,0.594
13,A1_1,0.555,1.0,0.785,0.819,0.757,0.744,0.691,0.571,0.806,0.837,0.685,0.749,0.671,0.721,0.789,0.717
13,A1_2,0.69,0.785,1.0,0.808,0.666,0.595,0.573,0.692,0.832,0.886,0.608,0.575,0.569,0.604,0.703,0.774
13,A1_3,0.628,0.819,0.808,1.0,0.765,0.597,0.534,0.652,0.811,0.823,0.619,0.597,0.613,0.64,0.797,0.732
13,B1_1,0.428,0.757,0.666,0.765,1.0,0.805,0.749,0.413,0.761,0.734,0.822,0.787,0.759,0.759,0.81,0.778
13,B1_2,0.392,0.744,0.595,0.597,0.805,1.0,0.89,0.436,0.718,0.677,0.871,0.899,0.839,0.723,0.788,0.755
13,B1_3,0.273,0.691,0.573,0.534,0.749,0.89,1.0,0.36,0.688,0.585,0.852,0.89,0.822,0.681,0.759,0.747
13,A2_1,0.762,0.571,0.692,0.652,0.413,0.436,0.36,1.0,0.567,0.737,0.309,0.391,0.412,0.523,0.568,0.671
13,A2_2,0.575,0.806,0.832,0.811,0.761,0.718,0.688,0.567,1.0,0.809,0.744,0.725,0.78,0.587,0.718,0.739
13,A2_3,0.708,0.837,0.886,0.823,0.734,0.677,0.585,0.737,0.809,1.0,0.618,0.65,0.618,0.721,0.78,0.794
13,B2_1,0.294,0.685,0.608,0.619,0.822,0.871,0.852,0.309,0.744,0.618,1.0,0.827,0.879,0.7,0.818,0.743
13,B2_2,0.394,0.749,0.575,0.597,0.787,0.899,0.89,0.391,0.725,0.65,0.827,1.0,0.807,0.765,0.787,0.731
13,B2_3,0.285,0.671,0.569,0.613,0.759,0.839,0.822,0.412,0.78,0.618,0.879,0.807,1.0,0.621,0.782,0.715
13,y1,0.396,0.721,0.604,0.64,0.759,0.723,0.681,0.523,0.587,0.721,0.7,0.765,0.621,1.0,0.787,0.721
13,y2,0.454,0.789,0.703,0.797,0.81,0.788,0.759,0.568,0.718,0.78,0.818,0.787,0.782,0.787,1.0,0.772
13,y3,0.594,0.717,0.774,0.732,0.778,0.755,0.747,0.671,0.739,0.794,0.743,0.731,0.715,0.721,0.772,1.0
14,.,1.0,0.51,0.665,0.602,0.344,0.291,0.169,0.752,0.526,0.68,0.195,0.3,0.186,0.334,0.392,0.551
14,A1_1,0.51,1.0,0.778,0.812,0.738,0.711,0.654,0.554,0.799,0.83,0.652,0.718,0.641,0.698,0.775,0.697
14,A1_2,0.665,0.778,1.0,0.807,0.629,0.541,0.513,0.688,0.822,0.884,0.552,0.523,0.519,0.571,0.68,0.757
14,A1_3,0.602,0.812,0.807,1.0,0.729,0.542,0.474,0.648,0.8,0.819,0.564,0.545,0.561,0.607,0.777,0.713
14,B1_1,0.344,0.738,0.629,0.729,1.0,0.805,0.748,0.356,0.746,0.697,0.822,0.786,0.76,0.733,0.795,0.753
14,B1_2,0.291,0.711,0.541,0.542,0.805,1.0,0.893,0.361,0.692,0.623,0.874,0.901,0.842,0.684,0.76,0.716
14,B1_3,0.169,0.654,0.513,0.474,0.748,0.893,1.0,0.282,0.657,0.526,0.855,0.891,0.826,0.641,0.729,0.706
14,A2_1,0.752,0.554,0.688,0.648,0.356,0.361,0.282,1.0,0.544,0.732,0.236,0.322,0.34,0.488,0.537,0.652
14,A2_2,0.526,0.799,0.822,0.8,0.746,0.692,0.657,0.544,1.0,0.798,0.715,0.699,0.757,0.549,0.694,0.713
14,A2_3,0.68,0.83,0.884,0.819,0.697,0.623,0.526,0.732,0.798,1.0,0.563,0.599,0.568,0.69,0.758,0.779
14,B2_1,0.195,0.652,0.552,0.564,0.822,0.874,0.855,0.236,0.715,0.563,1.0,0.83,0.881,0.664,0.792,0.703
14,B2_2,0.3,0.718,0.523,0.545,0.786,0.901,0.891,0.322,0.699,0.599,0.83,1.0,0.809,0.731,0.763,0.695
14,B2_3,0.186,0.641,0.519,0.561,0.76,0.842,0.826,0.34,0.757,0.568,0.881,0.809,1.0,0.583,0.755,0.676
14,y1,0.334,0.698,0.571,0.607,0.733,0.684,0.641,0.488,0.549,0.69,0.664,0.731,0.583,1.0,0.773,0.7
14,y2,0.392,0.775,0.68,0.777,0.795,0.76,0.729,0.537,0.694,0.758,0.792,0.763,0.755,0.773,1.0,0.753
14,y3,0.551,0.697,0.757,0.713,0.753,0.716,0.706,0.652,0.713,0.779,0.703,0.695,0.676,0.7,0.753,1.0
15,.,1.0,0.466,0.642,0.579,0.253,0.184,0.059,0.744,0.477,0.653,0.09,0.2,0.083,0.277,0.333,0.512
15,A1_1,0.466,1.0,0.772,0.805,0.713,0.67,0.609,0.54,0.791,0.822,0.612,0.68,0.606,0.672,0.759,0.677
15,A1_2,0.642,0.772,1.0,0.807,0.584,0.476,0.444,0.688,0.812,0.883,0.488,0.463,0.46,0.537,0.654,0.739
15,A1_3,0.579,0.805,0.807,1.0,0.684,0.476,0.404,0.647,0.789,0.817,0.499,0.484,0.502,0.573,0.755,0.693
15,B1_1,0.253,0.713,0.584,0.684,1.0,0.806,0.749,0.292,0.726,0.651,0.823,0.786,0.762,0.699,0.774,0.72
15,B1_2,0.184,0.67,0.476,0.476,0.806,1.0,0.895,0.277,0.66,0.559,0.877,0.902,0.846,0.634,0.722,0.665
15,B1_3,0.059,0.609,0.444,0.404,0.749,0.895,1.0,0.197,0.62,0.457,0.859,0.892,0.83,0.592,0.691,0.653
15,A2_1,0.744,0.54,0.688,0.647,0.292,0.277,0.197,1.0,0.521,0.73,0.156,0.245,0.26,0.458,0.508,0.637
15,A2_2,0.477,0.791,0.812,0.789,0.726,0.66,0.62,0.521,1.0,0.785,0.682,0.668,0.728,0.505,0.665,0.683
15,A2_3,0.653,0.822,0.883,0.817,0.651,0.559,0.457,0.73,0.785,1.0,0.499,0.538,0.509,0.658,0.734,0.763
15,B2_1,0.09,0.612,0.488,0.499,0.823,0.877,0.859,0.156,0.682,0.499,1.0,0.833,0.883,0.62,0.757,0.653
15,B2_2,0.2,0.68,0.463,0.484,0.786,0.902,0.892,0.245,0.668,0.538,0.833,1.0,0.812,0.687,0.73,0.65
15,B2_3,0.083,0.606,0.46,0.502,0.762,0.846,0.83,0.26,0.728,0.509,0.883,0.812,1.0,0.537,0.72,0.627
15,y1,0.277,0.672,0.537,0.573,0.699,0.634,0.592,0.458,0.505,0.658,0.62,0.687,0.537,1.0,0.759,0.679
15,y2,0.333,0.759,0.654,0.755,0.774,0.722,0.691,0.508,0.665,0.734,0.757,0.73,0.72,0.759,1.0,0.732
15,y3,0.512,0.677,0.739,0.693,0.72,0.665,0.653,0.637,0.683,0.763,0.653,0.65,0.627,0.679,0.732,1.0
16,.,1.0,0.425,0.622,0.559,0.158,0.077,-0.047,0.738,0.43,0.629,-0.012,0.097,-0.02,0.227,0.279,0.479
16,A1_1,0.425,1.0,0.767,0.799,0.683,0.623,0.558,0.53,0.783,0.816,0.566,0.634,0.565,0.644,0.742,0.655
16,A1_2,0.622,0.767,1.0,0.808,0.531,0.406,0.369,0.69,0.803,0.883,0.417,0.396,0.395,0.503,0.629,0.722
16,A1_3,0.559,0.799,0.808,1.0,0.631,0.406,0.33,0.65,0.778,0.817,0.428,0.415,0.436,0.539,0.732,0.675
16,B1_1,0.158,0.683,0.531,0.631,1.0,0.809,0.752,0.223,0.703,0.597,0.826,0.789,0.768,0.659,0.746,0.677
16,B1_2,0.077,0.623,0.406,0.406,0.809,1.0,0.898,0.19,0.624,0.487,0.882,0.905,0.852,0.578,0.677,0.604
16,B1_3,-0.047,0.558,0.369,0.33,0.752,0.898,1.0,0.11,0.58,0.383,0.864,0.895,0.837,0.536,0.646,0.592
16,A2_1,0.738,0.53,0.69,0.65,0.223,0.19,0.11,1.0,0.501,0.732,0.074,0.164,0.176,0.431,0.483,0.625
16,A2_2,0.43,0.783,0.803,0.778,0.703,0.624,0.58,0.501,1.0,0.773,0.644,0.632,0.695,0.459,0.633,0.65
16,A2_3,0.629,0.816,0.883,0.817,0.597,0.487,0.383,0.732,0.773,1.0,0.429,0.469,0.444,0.626,0.711,0.748
16,B2_1,-0.012,0.566,0.417,0.428,0.826,0.882,0.864,0.074,0.644,0.429,1.0,0.839,0.887,0.569,0.716,0.593
16,B2_2,0.097,0.634,0.396,0.415,0.789,0.905,0.895,0.164,0.632,0.469,0.839,1.0,0.818,0.636,0.69,0.594
16,B2_3,-0.02,0.565,0.395,0.436,0.768,0.852,0.837,0.176,0.695,0.444,0.887,0.818,1.0,0.485,0.678,0.568
16,y1,0.227,0.644,0.503,0.539,0.659,0.578,0.536,0.431,0.459,0.626,0.569,0.636,0.485,1.0,0.745,0.659
16,y2,0.279,0.742,0.629,0.732,0.746,0.677,0.646,0.483,0.633,0.711,0.716,0.69,0.678,0.745,1.0,0.712
16,y3,0.479,0.655,0.722,0.675,0.677,0.604,0.592,0.625,0.65,0.748,0.593,0.594,0.568,0.659,0.712,1.0
17,.,1.0,0.39,0.604,0.544,0.061,-0.031,-0.153,0.734,0.384,0.608,-0.114,-0.007,-0.124,0.188,0.234,0.455
17,A1_1,0.39,1.0,0.765,0.794,0.643,0.564,0.497,0.524,0.774,0.811,0.511,0.578,0.514,0.615,0.723,0.632
17,A1_2,0.604,0.765,1.0,0.812,0.47,0.327,0.287,0.695,0.793,0.884,0.339,0.32,0.322,0.472,0.605,0.706
17,A1_3,0.544,0.794,0.812,1.0,0.567,0.323,0.246,0.657,0.766,0.818,0.347,0.337,0.36,0.507,0.71,0.658
17,B1_1,0.061,0.643,0.47,0.567,1.0,0.812,0.755,0.148,0.673,0.532,0.829,0.791,0.773,0.607,0.707,0.62
17,B1_2,-0.031,0.564,0.327,0.323,0.812,1.0,0.902,0.096,0.581,0.404,0.886,0.908,0.857,0.507,0.616,0.524
17,B1_3,-0.153,0.497,0.287,0.246,0.755,0.902,1.0,0.017,0.532,0.298,0.868,0.898,0.843,0.468,0.586,0.513
17,A2_1,0.734,0.524,0.695,0.657,0.148,0.096,0.017,1.0,0.482,0.735,-0.013,0.076,0.087,0.41,0.464,0.62
17,A2_2,0.384,0.774,0.793,0.766,0.673,0.581,0.532,0.482,1.0,0.759,0.6,0.589,0.656,0.407,0.594,0.609
17,A2_3,0.608,0.811,0.884,0.818,0.532,0.404,0.298,0.735,0.759,1.0,0.348,0.389,0.368,0.593,0.687,0.734
17,B2_1,-0.114,0.511,0.339,0.347,0.829,0.886,0.868,-0.013,0.6,0.348,1.0,0.845,0.891,0.505,0.66,0.516
17,B2_2,-0.007,0.578,0.32,0.337,0.791,0.908,0.898,0.076,0.589,0.389,0.845,1.0,0.824,0.572,0.637,0.521
17,B2_3,-0.124,0.514,0.322,0.36,0.773,0.857,0.843,0.087,0.656,0.368,0.891,0.824,1.0,0.421,0.622,0.492
17,y1,0.188,0.615,0.472,0.507,0.607,0.507,0.468,0.41,0.407,0.593,0.505,0.572,0.421,1.0,0.734,0.64
17,y2,0.234,0.723,0.605,0.71,0.707,0.616,0.586,0.464,0.594,0.687,0.66,0.637,0.622,0.734,1.0,0.691
17,y3,0.455,0.632,0.706,0.658,0.62,0.524,0.513,0.62,0.609,0.734,0.516,0.521,0.492,0.64,0.691,1.0
18,.,1.0,0.363,0.59,0.533,-0.036,-0.132,-0.249,0.731,0.345,0.592,-0.207,-0.106,-0.22,0.162,0.201,0.441
18,A1_1,0.363,1.0,0.765,0.793,0.596,0.499,0.43,0.527,0.767,0.808,0.45,0.515,0.458,0.588,0.704,0.611
18,A1_2,0.59,0.765,1.0,0.817,0.403,0.245,0.203,0.704,0.784,0.886,0.258,0.241,0.247,0.446,0.585,0.692
18,A1_3,0.533,0.793,0.817,1.0,0.495,0.238,0.16,0.668,0.756,0.821,0.264,0.255,0.281,0.479,0.69,0.645
18,B1_1,-0.036,0.596,0.403,0.495,1.0,0.818,0.762,0.071,0.639,0.458,0.835,0.797,0.782,0.545,0.655,0.548
18,B1_2,-0.132,0.499,0.245,0.238,0.818,1.0,0.905,0.004,0.534,0.315,0.892,0.912,0.864,0.428,0.543,0.432
18,B1_3,-0.249,0.43,0.203,0.16,0.762,0.905,1.0,-0.071,0.481,0.21,0.874,0.902,0.851,0.394,0.516,0.423
18,A2_1,0.731,0.527,0.704,0.668,0.071,0.004,-0.071,1.0,0.468,0.743,-0.095,-0.011,-0.001,0.399,0.454,0.622
18,A2_2,0.345,0.767,0.784,0.756,0.639,0.534,0.481,0.468,1.0,0.747,0.552,0.542,0.612,0.355,0.552,0.565
18,A2_3,0.592,0.808,0.886,0.821,0.458,0.315,0.21,0.743,0.747,1.0,0.265,0.303,0.287,0.565,0.666,0.723
18,B2_1,-0.207,0.45,0.258,0.264,0.835,0.892,0.874,-0.095,0.552,0.265,1.0,0.853,0.897,0.436,0.594,0.43
18,B2_2,-0.106,0.515,0.241,0.255,0.797,0.912,0.902,-0.011,0.542,0.303,0.853,1.0,0.832,0.499,0.572,0.437
18,B2_3,-0.22,0.458,0.247,0.281,0.782,0.864,0.851,-0.001,0.612,0.287,0.897,0.832,1.0,0.351,0.555,0.406
18,y1,0.162,0.588,0.446,0.479,0.545,0.428,0.394,0.399,0.355,0.565,0.436,0.499,0.351,1.0,0.727,0.628
18,y2,0.201,0.704,0.585,0.69,0.655,0.543,0.516,0.454,0.552,0.666,0.594,0.572,0.555,0.727,1.0,0.673
18,y3,0.441,0.611,0.692,0.645,0.548,0.432,0.423,0.622,0.565,0.723,0.43,0.437,0.406,0.628,0.673,1.0
19,.,1.0,0.342,0.578,0.525,-0.129,-0.224,-0.335,0.728,0.311,0.578,-0.292,-0.198,-0.309,0.148,0.18,0.435
19,A1_1,0.342,1.0,0.769,0.794,0.54,0.427,0.358,0.535,0.76,0.808,0.383,0.445,0.395,0.564,0.686,0.591
19,A1_2,0.578,0.769,1.0,0.825,0.33,0.162,0.119,0.716,0.778,0.889,0.177,0.161,0.169,0.425,0.568,0.681
19,A1_3,0.525,0.794,0.825,1.0,0.418,0.153,0.076,0.682,0.748,0.827,0.18,0.171,0.199,0.457,0.673,0.636
19,B1_1,-0.129,0.54,0.33,0.418,1.0,0.825,0.771,-0.007,0.598,0.379,0.843,0.805,0.793,0.475,0.589,0.463
19,B1_2,-0.224,0.427,0.162,0.153,0.825,1.0,0.909,-0.084,0.482,0.225,0.897,0.915,0.872,0.343,0.458,0.329
19,B1_3,-0.335,0.358,0.119,0.076,0.771,0.909,1.0,-0.155,0.426,0.123,0.88,0.907,0.859,0.314,0.435,0.324
19,A2_1,0.728,0.535,0.716,0.682,-0.007,-0.084,-0.155,1.0,0.461,0.753,-0.174,-0.095,-0.086,0.396,0.453,0.631
19,A2_2,0.311,0.76,0.778,0.748,0.598,0.482,0.426,0.461,1.0,0.737,0.499,0.49,0.562,0.304,0.507,0.519
19,A2_3,0.578,0.808,0.889,0.827,0.379,0.225,0.123,0.753,0.737,1.0,0.18,0.215,0.204,0.541,0.648,0.714
19,B2_1,-0.292,0.383,0.177,0.18,0.843,0.897,0.88,-0.174,0.499,0.18,1.0,0.861,0.902,0.36,0.515,0.332
19,B2_2,-0.198,0.445,0.161,0.171,0.805,0.915,0.907,-0.095,0.49,0.215,0.861,1.0,0.841,0.419,0.494,0.341
19,B2_3,-0.309,0.395,0.169,0.199,0.793,0.872,0.859,-0.086,0.562,0.204,0.902,0.841,1.0,0.275,0.475,0.308
19,y1,0.148,0.564,0.425,0.457,0.475,0.343,0.314,0.396,0.304,0.541,0.36,0.419,0.275,1.0,0.727,0.624
19,y2,0.18,0.686,0.568,0.673,0.589,0.458,0.435,0.453,0.507,0.648,0.515,0.494,0.475,0.727,1.0,0.662
19,y3,0.435,0.591,0.681,0.636,0.463,0.329,0.324,0.631,0.519,0.714,0.332,0.341,0.308,0.624,0.662,1.0
20,.,1.0,0.327,0.569,0.519,-0.213,-0.303,-0.409,0.725,0.286,0.567,-0.365,-0.281,-0.386,0.143,0.17,0.434
20,A1_1,0.327,1.0,0.777,0.799,0.48,0.353,0.285,0.552,0.757,0.812,0.315,0.37,0.331,0.544,0.671,0.577
20,A1_2,0.569,0.777,1.0,0.834,0.256,0.082,0.04,0.73,0.776,0.894,0.098,0.081,0.095,0.411,0.556,0.672
20,A1_3,0.519,0.799,0.834,1.0,0.339,0.071,-0.003,0.699,0.744,0.835,0.1,0.088,0.121,0.443,0.66,0.631
20,B1_1,-0.213,0.48,0.256,0.339,1.0,0.834,0.782,-0.079,0.553,0.299,0.852,0.814,0.806,0.401,0.513,0.371
20,B1_2,-0.303,0.353,0.082,0.071,0.834,1.0,0.914,-0.163,0.427,0.139,0.904,0.92,0.88,0.257,0.365,0.224
20,B1_3,-0.409,0.285,0.04,-0.003,0.782,0.914,1.0,-0.228,0.369,0.042,0.886,0.913,0.869,0.236,0.349,0.225
20,A2_1,0.725,0.552,0.73,0.699,-0.079,-0.163,-0.228,1.0,0.462,0.766,-0.243,-0.173,-0.162,0.401,0.462,0.643
20,A2_2,0.286,0.757,0.776,0.744,0.553,0.427,0.369,0.462,1.0,0.732,0.444,0.434,0.509,0.259,0.462,0.474
20,A2_3,0.567,0.812,0.894,0.835,0.299,0.139,0.042,0.766,0.732,1.0,0.1,0.129,0.125,0.525,0.636,0.708
20,B2_1,-0.365,0.315,0.098,0.1,0.852,0.904,0.886,-0.243,0.444,0.1,1.0,0.871,0.909,0.284,0.429,0.234
20,B2_2,-0.281,0.37,0.081,0.088,0.814,0.92,0.913,-0.173,0.434,0.129,0.871,1.0,0.852,0.335,0.407,0.241
20,B2_3,-0.386,0.331,0.095,0.121,0.806,0.88,0.869,-0.162,0.509,0.125,0.909,0.852,1.0,0.201,0.388,0.21
20,y1,0.143,0.544,0.411,0.443,0.401,0.257,0.236,0.401,0.259,0.525,0.284,0.335,0.201,1.0,0.734,0.63
20,y2,0.17,0.671,0.556,0.66,0.513,0.365,0.349,0.462,0.462,0.636,0.429,0.407,0.388,0.734,1.0,0.66
20,y3,0.434,0.577,0.672,0.631,0.371,0.224,0.225,0.643,0.474,0.708,0.234,0.241,0.21,0.63,0.66,1.0
21,.,1.0,0.315,0.558,0.512,-0.293,-0.372,-0.471,0.719,0.265,0.554,-0.428,-0.355,-0.454,0.142,0.164,0.434
21,A1_1,0.315,1.0,0.788,0.808,0.413,0.278,0.212,0.573,0.755,0.819,0.246,0.293,0.265,0.529,0.656,0.567
21,A1_2,0.558,0.788,1.0,0.845,0.184,0.01,-0.032,0.745,0.778,0.9,0.027,0.007,0.026,0.402,0.547,0.663
21,A1_3,0.512,0.808,0.845,1.0,0.26,-0.003,-0.074,0.716,0.745,0.845,0.028,0.012,0.049,0.434,0.648,0.626
21,B1_1,-0.293,0.413,0.184,0.26,1.0,0.845,0.796,-0.147,0.501,0.22,0.862,0.826,0.821,0.324,0.43,0.275
21,B1_2,-0.372,0.278,0.01,-0.003,0.845,1.0,0.918,-0.232,0.369,0.059,0.91,0.926,0.889,0.175,0.272,0.122
21,B1_3,-0.471,0.212,-0.032,-0.074,0.796,0.918,1.0,-0.292,0.31,-0.033,0.893,0.919,0.878,0.161,0.263,0.129
21,A2_1,0.719,0.573,0.745,0.716,-0.147,-0.232,-0.292,1.0,0.47,0.78,-0.303,-0.243,-0.23,0.409,0.474,0.655
21,A2_2,0.265,0.755,0.778,0.745,0.501,0.369,0.31,0.47,1.0,0.731,0.386,0.373,0.452,0.219,0.419,0.431
21,A2_3,0.554,0.819,0.9,0.845,0.22,0.059,-0.033,0.78,0.731,1.0,0.026,0.048,0.052,0.513,0.626,0.703
21,B2_1,-0.428,0.246,0.027,0.028,0.862,0.91,0.893,-0.303,0.386,0.026,1.0,0.882,0.915,0.211,0.341,0.139
21,B2_2,-0.355,0.293,0.007,0.012,0.826,0.926,0.919,-0.243,0.373,0.048,0.882,1.0,0.863,0.252,0.318,0.141
21,B2_3,-0.454,0.265,0.026,0.049,0.821,0.889,0.878,-0.23,0.452,0.052,0.915,0.863,1.0,0.128,0.299,0.113
21,y1,0.142,0.529,0.402,0.434,0.324,0.175,0.161,0.409,0.219,0.513,0.211,0.252,0.128,1.0,0.746,0.644
21,y2,0.164,0.656,0.547,0.648,0.43,0.272,0.263,0.474,0.419,0.626,0.341,0.318,0.299,0.746,1.0,0.667
21,y3,0.434,0.567,0.663,0.626,0.275,0.122,0.129,0.655,0.431,0.703,0.139,0.141,0.113,0.644,0.667,1.0
22,.,1.0,0.308,0.546,0.504,-0.365,-0.434,-0.526,0.711,0.247,0.541,-0.484,-0.42,-0.515,0.147,0.166,0.436
22,A1_1,0.308,1.0,0.802,0.819,0.343,0.201,0.139,0.599,0.757,0.829,0.175,0.214,0.197,0.52,0.645,0.563
22,A1_2,0.546,0.802,1.0,0.856,0.115,-0.058,-0.097,0.76,0.783,0.905,-0.039,-0.062,-0.038,0.399,0.543,0.656
22,A1_3,0.504,0.819,0.856,1.0,0.183,-0.074,-0.14,0.735,0.748,0.855,-0.042,-0.061,-0.019,0.431,0.64,0.626
22,B1_1,-0.365,0.343,0.115,0.183,1.0,0.855,0.808,-0.209,0.446,0.144,0.871,0.837,0.834,0.248,0.339,0.176
22,B1_2,-0.434,0.201,-0.058,-0.074,0.855,1.0,0.922,-0.295,0.309,-0.015,0.916,0.93,0.896,0.095,0.175,0.02
22,B1_3,-0.526,0.139,-0.097,-0.14,0.808,0.922,1.0,-0.349,0.249,-0.1,0.899,0.924,0.887,0.091,0.174,0.035
22,A2_1,0.711,0.599,0.76,0.735,-0.209,-0.295,-0.349,1.0,0.483,0.793,-0.357,-0.307,-0.291,0.423,0.493,0.669
22,A2_2,0.247,0.757,0.783,0.748,0.446,0.309,0.249,0.483,1.0,0.734,0.325,0.311,0.393,0.187,0.378,0.392
22,A2_3,0.541,0.829,0.905,0.855,0.144,-0.015,-0.1,0.793,0.734,1.0,-0.042,-0.028,-0.016,0.506,0.621,0.7
22,B2_1,-0.484,0.175,-0.039,-0.042,0.871,0.916,0.899,-0.357,0.325,-0.042,1.0,0.891,0.921,0.141,0.25,0.045
22,B2_2,-0.42,0.214,-0.062,-0.061,0.837,0.93,0.924,-0.307,0.311,-0.028,0.891,1.0,0.873,0.172,0.224,0.043
22,B2_3,-0.515,0.197,-0.038,-0.019,0.834,0.896,0.887,-0.291,0.393,-0.016,0.921,0.873,1.0,0.06,0.207,0.018
22,y1,0.147,0.52,0.399,0.431,0.248,0.095,0.091,0.423,0.187,0.506,0.141,0.172,0.06,1.0,0.765,0.667
22,y2,0.166,0.645,0.543,0.64,0.339,0.175,0.174,0.493,0.378,0.621,0.25,0.224,0.207,0.765,1.0,0.684
22,y3,0.436,0.563,0.656,0.626,0.176,0.02,0.035,0.669,0.392,0.7,0.045,0.043,0.018,0.667,0.684,1.0
23,.,1.0,0.299,0.53,0.491,-0.429,-0.483,-0.57,0.699,0.229,0.523,-0.529,-0.476,-0.565,0.145,0.164,0.426
23,A1_1,0.299,1.0,0.816,0.832,0.273,0.13,0.071,0.628,0.76,0.842,0.11,0.139,0.133,0.514,0.636,0.561
23,A1_2,0.53,0.816,1.0,0.866,0.052,-0.114,-0.152,0.774,0.791,0.911,-0.094,-0.121,-0.092,0.394,0.536,0.645
23,A1_3,0.491,0.832,0.866,1.0,0.113,-0.132,-0.193,0.752,0.754,0.865,-0.099,-0.123,-0.077,0.427,0.631,0.621
23,B1_1,-0.429,0.273,0.052,0.113,1.0,0.867,0.823,-0.263,0.391,0.077,0.882,0.85,0.85,0.182,0.255,0.094
23,B1_2,-0.483,0.13,-0.114,-0.132,0.867,1.0,0.926,-0.345,0.254,-0.077,0.922,0.936,0.905,0.033,0.092,-0.059
23,B1_3,-0.57,0.071,-0.152,-0.193,0.823,0.926,1.0,-0.394,0.195,-0.155,0.905,0.93,0.896,0.038,0.1,-0.035
23,A2_1,0.699,0.628,0.774,0.752,-0.263,-0.345,-0.394,1.0,0.5,0.806,-0.399,-0.36,-0.34,0.431,0.508,0.675
23,A2_2,0.229,0.76,0.791,0.754,0.391,0.254,0.195,0.5,1.0,0.74,0.27,0.253,0.337,0.161,0.343,0.359
23,A2_3,0.523,0.842,0.911,0.865,0.077,-0.077,-0.155,0.806,0.74,1.0,-0.098,-0.092,-0.073,0.499,0.615,0.693
23,B2_1,-0.529,0.11,-0.094,-0.099,0.882,0.922,0.905,-0.399,0.27,-0.098,1.0,0.901,0.927,0.085,0.171,-0.026
23,B2_2,-0.476,0.139,-0.121,-0.123,0.85,0.936,0.93,-0.36,0.253,-0.092,0.901,1.0,0.884,0.106,0.142,-0.035
23,B2_3,-0.565,0.133,-0.092,-0.077,0.85,0.905,0.896,-0.34,0.337,-0.073,0.927,0.884,1.0,0.006,0.127,-0.056
23,y1,0.145,0.514,0.394,0.427,0.182,0.033,0.038,0.431,0.161,0.499,0.085,0.106,0.006,1.0,0.786,0.692
23,y2,0.164,0.636,0.536,0.631,0.255,0.092,0.1,0.508,0.343,0.615,0.171,0.142,0.127,0.786,1.0,0.707
23,y3,0.426,0.561,0.645,0.621,0.094,-0.059,-0.035,0.675,0.359,0.693,-0.026,-0.035,-0.056,0.692,0.707,1.0
24,.,1.0,0.286,0.512,0.477,-0.483,-0.525,-0.606,0.682,0.214,0.502,-0.565,-0.522,-0.607,0.141,0.159,0.411
24,A1_1,0.286,1.0,0.831,0.844,0.211,0.067,0.013,0.655,0.768,0.854,0.054,0.073,0.079,0.509,0.627,0.561
24,A1_2,0.512,0.831,1.0,0.877,-0.003,-0.162,-0.198,0.789,0.803,0.917,-0.141,-0.172,-0.137,0.39,0.53,0.632
24,A1_3,0.477,0.844,0.877,1.0,0.048,-0.184,-0.241,0.77,0.763,0.876,-0.15,-0.179,-0.129,0.425,0.621,0.616
24,B1_1,-0.483,0.211,-0.003,0.048,1.0,0.878,0.836,-0.307,0.336,0.019,0.892,0.863,0.863,0.129,0.181,0.026
24,B1_2,-0.525,0.067,-0.162,-0.184,0.878,1.0,0.93,-0.387,0.2,-0.13,0.928,0.941,0.913,-0.018,0.021,-0.122
24,B1_3,-0.606,0.013,-0.198,-0.241,0.836,0.93,1.0,-0.43,0.142,-0.201,0.912,0.936,0.905,-0.004,0.038,-0.09
24,A2_1,0.682,0.655,0.789,0.77,-0.307,-0.387,-0.43,1.0,0.522,0.818,-0.433,-0.404,-0.38,0.437,0.52,0.676
24,A2_2,0.214,0.768,0.803,0.763,0.336,0.2,0.142,0.522,1.0,0.751,0.215,0.195,0.281,0.144,0.314,0.332
24,A2_3,0.502,0.854,0.917,0.876,0.019,-0.13,-0.201,0.818,0.751,1.0,-0.144,-0.147,-0.12,0.494,0.61,0.683
24,B2_1,-0.565,0.054,-0.141,-0.15,0.892,0.928,0.912,-0.433,0.215,-0.144,1.0,0.91,0.933,0.043,0.104,-0.081
24,B2_2,-0.522,0.073,-0.172,-0.179,0.863,0.941,0.936,-0.404,0.195,-0.147,0.91,1.0,0.895,0.052,0.071,-0.098
24,B2_3,-0.607,0.079,-0.137,-0.129,0.863,0.913,0.905,-0.38,0.281,-0.12,0.933,0.895,1.0,-0.035,0.06,-0.114
24,y1,0.141,0.509,0.39,0.425,0.129,-0.018,-0.004,0.437,0.144,0.494,0.043,0.052,-0.035,1.0,0.807,0.72
24,y2,0.159,0.627,0.53,0.621,0.181,0.021,0.038,0.52,0.314,0.61,0.104,0.071,0.06,0.807,1.0,0.733
24,y3,0.411,0.561,0.632,0.616,0.026,-0.122,-0.09,0.676,0.332,0.683,-0.081,-0.098,-0.114,0.72,0.733,1.0
25,.,1.0,0.271,0.49,0.457,-0.53,-0.561,-0.637,0.661,0.203,0.477,-0.597,-0.562,-0.642,0.132,0.151,0.389
25,A1_1,0.271,1.0,0.846,0.858,0.154,0.012,-0.038,0.683,0.781,0.867,0.005,0.015,0.032,0.504,0.618,0.56
25,A1_2,0.49,0.846,1.0,0.887,-0.049,-0.203,-0.236,0.803,0.82,0.923,-0.18,-0.215,-0.174,0.385,0.522,0.616
25,A1_3,0.457,0.858,0.887,1.0,-0.004,-0.224,-0.277,0.787,0.78,0.887,-0.189,-0.223,-0.168,0.422,0.61,0.607
25,B1_1,-0.53,0.154,-0.049,-0.004,1.0,0.888,0.848,-0.342,0.276,-0.03,0.901,0.874,0.875,0.084,0.119,-0.026
25,B1_2,-0.561,0.012,-0.203,-0.224,0.888,1.0,0.934,-0.42,0.139,-0.172,0.933,0.945,0.919,-0.058,-0.037,-0.169
25,B1_3,-0.637,-0.038,-0.236,-0.277,0.848,0.934,1.0,-0.458,0.083,-0.237,0.917,0.94,0.912,-0.035,-0.011,-0.129
25,A2_1,0.661,0.683,0.803,0.787,-0.342,-0.42,-0.458,1.0,0.554,0.83,-0.458,-0.439,-0.409,0.441,0.528,0.671
25,A2_2,0.203,0.781,0.82,0.78,0.276,0.139,0.083,0.554,1.0,0.769,0.156,0.132,0.221,0.133,0.294,0.313
25,A2_3,0.477,0.867,0.923,0.887,-0.03,-0.172,-0.237,0.83,0.769,1.0,-0.18,-0.191,-0.157,0.487,0.603,0.672
25,B2_1,-0.597,0.005,-0.18,-0.189,0.901,0.933,0.917,-0.458,0.156,-0.18,1.0,0.918,0.938,0.01,0.05,-0.121
25,B2_2,-0.562,0.015,-0.215,-0.223,0.874,0.945,0.94,-0.439,0.132,-0.191,0.918,1.0,0.904,0.009,0.013,-0.144
25,B2_3,-0.642,0.032,-0.174,-0.168,0.875,0.919,0.912,-0.409,0.221,-0.157,0.938,0.904,1.0,-0.066,0.005,-0.155
