,,.,A1_1,A1_2,A1_3,B1_1,B1_2,B1_3,A2_1,A2_2,A2_3,B2_1,B2_2,B2_3,y1,y2,y3
0,.,1.0,0.015,-0.248,0.019,0.193,0.262,0.227,-0.217,0.259,0.254,-0.067,-0.113,-0.183,0.126,-0.159,-0.338
0,A1_1,0.015,1.0,-0.078,0.148,0.127,0.016,-0.284,-0.084,0.01,-0.047,-0.022,0.122,0.194,0.274,0.117,0.016
0,A1_2,-0.248,-0.078,1.0,0.153,-0.143,-0.164,-0.054,0.11,-0.18,0.098,-0.034,0.03,0.144,-0.086,-0.104,0.342
0,A1_3,0.019,0.148,0.153,1.0,0.218,0.183,-0.048,-0.313,-0.089,0.318,-0.065,-0.243,0.257,0.114,-0.082,0.103
0,B1_1,0.193,0.127,-0.143,0.218,1.0,-0.238,0.011,0.121,-0.041,0.017,-0.305,-0.069,-0.137,0.216,-0.255,-0.36
0,B1_2,0.262,0.016,-0.164,0.183,-0.238,1.0,0.424,-0.483,0.1,0.216,-0.122,-0.176,0.135,0.262,0.092,-0.147
0,B1_3,0.227,-0.284,-0.054,-0.048,0.011,0.424,1.0,-0.239,-0.189,0.153,0.085,0.038,-0.012,0.302,0.174,-0.372
0,A2_1,-0.217,-0.084,0.11,-0.313,0.121,-0.483,-0.239,1.0,-0.115,-0.378,0.073,-0.221,-0.012,0.002,-0.243,-0.069
0,A2_2,0.259,0.01,-0.18,-0.089,-0.041,0.1,-0.189,-0.115,1.0,-0.038,-0.224,0.254,-0.117,-0.127,-0.197,-0.174
0,A2_3,0.254,-0.047,0.098,0.318,0.017,0.216,0.153,-0.378,-0.038,1.0,-0.045,-0.209,-0.019,-0.158,-0.21,-0.086
0,B2_1,-0.067,-0.022,-0.034,-0.065,-0.305,-0.122,0.085,0.073,-0.224,-0.045,1.0,-0.007,-0.198,-0.005,0.189,0.267
0,B2_2,-0.113,0.122,0.03,-0.243,-0.069,-0.176,0.038,-0.221,0.254,-0.209,-0.007,1.0,0.017,-0.084,0.367,0.148
0,B2_3,-0.183,0.194,0.144,0.257,-0.137,0.135,-0.012,-0.012,-0.117,-0.019,-0.198,0.017,1.0,0.281,0.203,0.064
0,y1,0.126,0.274,-0.086,0.114,0.216,0.262,0.302,0.002,-0.127,-0.158,-0.005,-0.084,0.281,1.0,0.156,-0.216
0,y2,-0.159,0.117,-0.104,-0.082,-0.255,0.092,0.174,-0.243,-0.197,-0.21,0.189,0.367,0.203,0.156,1.0,0.236
0,y3,-0.338,0.016,0.342,0.103,-0.36,-0.147,-0.372,-0.069,-0.174,-0.086,0.267,0.148,0.064,-0.216,0.236,1.0
1,.,1.0,0.012,-0.238,0.023,0.195,0.254,0.221,-0.215,0.255,0.249,-0.061,-0.116,-0.186,0.122,-0.157,-0.337
1,A1_1,0.012,1.0,-0.072,0.15,0.125,0.017,-0.283,-0.083,0.012,-0.045,-0.022,0.122,0.192,0.276,0.119,0.018
1,A1_2,-0.238,-0.072,1.0,0.154,-0.147,-0.166,-0.055,0.115,-0.179,0.101,-0.036,0.027,0.142,-0.09,-0.108,0.336
1,A1_3,0.023,0.15,0.154,1.0,0.215,0.182,-0.049,-0.313,-0.087,0.32,-0.066,-0.247,0.255,0.108,-0.086,0.099
1,B1_1,0.195,0.125,-0.147,0.215,1.0,-0.235,0.012,0.124,-0.045,0.013,-0.306,-0.073,-0.134,0.218,-0.257,-0.362
1,B1_2,0.254,0.017,-0.166,0.182,-0.235,1.0,0.425,-0.478,0.1,0.215,-0.119,-0.176,0.139,0.262,0.088,-0.152
1,B1_3,0.221,-0.283,-0.055,-0.049,0.012,0.425,1.0,-0.232,-0.189,0.152,0.088,0.04,-0.005,0.299,0.17,-0.375
1,A2_1,-0.215,-0.083,0.115,-0.313,0.124,-0.478,-0.232,1.0,-0.118,-0.374,0.081,-0.217,-0.01,-0.001,-0.242,-0.063
1,A2_2,0.255,0.012,-0.179,-0.087,-0.045,0.1,-0.189,-0.118,1.0,-0.037,-0.224,0.25,-0.117,-0.129,-0.196,-0.175
1,A2_3,0.249,-0.045,0.101,0.32,0.013,0.215,0.152,-0.374,-0.037,1.0,-0.048,-0.212,-0.02,-0.161,-0.21,-0.087
1,B2_1,-0.061,-0.022,-0.036,-0.066,-0.306,-0.119,0.088,0.081,-0.224,-0.048,1.0,-0.012,-0.195,-0.007,0.185,0.266
1,B2_2,-0.116,0.122,0.027,-0.247,-0.073,-0.176,0.04,-0.217,0.25,-0.212,-0.012,1.0,0.018,-0.083,0.367,0.145
1,B2_3,-0.186,0.192,0.142,0.255,-0.134,0.139,-0.005,-0.01,-0.117,-0.02,-0.195,0.018,1.0,0.281,0.2,0.061
1,y1,0.122,0.276,-0.09,0.108,0.218,0.262,0.299,-0.001,-0.129,-0.161,-0.007,-0.083,0.281,1.0,0.156,-0.216
1,y2,-0.157,0.119,-0.108,-0.086,-0.257,0.088,0.17,-0.242,-0.196,-0.21,0.185,0.367,0.2,0.156,1.0,0.233
1,y3,-0.337,0.018,0.336,0.099,-0.362,-0.152,-0.375,-0.063,-0.175,-0.087,0.266,0.145,0.061,-0.216,0.233,1.0
2,.,1.0,0.003,-0.232,0.029,0.193,0.247,0.214,-0.214,0.255,0.247,-0.053,-0.115,-0.19,0.119,-0.153,-0.334
2,A1_1,0.003,1.0,-0.071,0.151,0.124,0.02,-0.279,-0.082,0.012,-0.043,-0.02,0.121,0.193,0.274,0.123,0.02
2,A1_2,-0.232,-0.071,1.0,0.156,-0.15,-0.165,-0.055,0.117,-0.175,0.107,-0.037,0.024,0.137,-0.092,-0.116,0.332
2,A1_3,0.029,0.151,0.156,1.0,0.213,0.181,-0.05,-0.313,-0.089,0.322,-0.067,-0.251,0.251,0.102,-0.09,0.097
2,B1_1,0.193,0.124,-0.15,0.213,1.0,-0.232,0.013,0.125,-0.048,0.011,-0.307,-0.076,-0.13,0.219,-0.258,-0.362
2,B1_2,0.247,0.02,-0.165,0.181,-0.232,1.0,0.426,-0.477,0.101,0.214,-0.117,-0.175,0.143,0.258,0.086,-0.154
2,B1_3,0.214,-0.279,-0.055,-0.05,0.013,0.426,1.0,-0.229,-0.19,0.152,0.09,0.041,-0.0,0.295,0.166,-0.379
2,A2_1,-0.214,-0.082,0.117,-0.313,0.125,-0.477,-0.229,1.0,-0.119,-0.37,0.086,-0.215,-0.008,-0.002,-0.244,-0.062
2,A2_2,0.255,0.012,-0.175,-0.089,-0.048,0.101,-0.19,-0.119,1.0,-0.035,-0.225,0.249,-0.119,-0.13,-0.193,-0.173
2,A2_3,0.247,-0.043,0.107,0.322,0.011,0.214,0.152,-0.37,-0.035,1.0,-0.051,-0.214,-0.02,-0.165,-0.211,-0.087
2,B2_1,-0.053,-0.02,-0.037,-0.067,-0.307,-0.117,0.09,0.086,-0.225,-0.051,1.0,-0.015,-0.193,-0.007,0.181,0.265
2,B2_2,-0.115,0.121,0.024,-0.251,-0.076,-0.175,0.041,-0.215,0.249,-0.214,-0.015,1.0,0.019,-0.083,0.366,0.145
2,B2_3,-0.19,0.193,0.137,0.251,-0.13,0.143,-0.0,-0.008,-0.119,-0.02,-0.193,0.019,1.0,0.277,0.195,0.055
2,y1,0.119,0.274,-0.092,0.102,0.219,0.258,0.295,-0.002,-0.13,-0.165,-0.007,-0.083,0.277,1.0,0.157,-0.212
2,y2,-0.153,0.123,-0.116,-0.09,-0.258,0.086,0.166,-0.244,-0.193,-0.211,0.181,0.366,0.195,0.157,1.0,0.23
2,y3,-0.334,0.02,0.332,0.097,-0.362,-0.154,-0.379,-0.062,-0.173,-0.087,0.265,0.145,0.055,-0.212,0.23,1.0
3,.,1.0,-0.0,-0.226,0.034,0.193,0.24,0.205,-0.216,0.261,0.246,-0.051,-0.113,-0.194,0.117,-0.153,-0.338
3,A1_1,-0.0,1.0,-0.067,0.153,0.123,0.019,-0.278,-0.084,0.013,-0.041,-0.018,0.121,0.191,0.274,0.127,0.026
3,A1_2,-0.226,-0.067,1.0,0.159,-0.151,-0.165,-0.056,0.121,-0.174,0.111,-0.04,0.022,0.135,-0.092,-0.12,0.327
3,A1_3,0.034,0.153,0.159,1.0,0.211,0.179,-0.052,-0.312,-0.087,0.325,-0.067,-0.254,0.249,0.097,-0.092,0.097
3,B1_1,0.193,0.123,-0.151,0.211,1.0,-0.229,0.014,0.126,-0.049,0.009,-0.307,-0.078,-0.126,0.22,-0.257,-0.364
3,B1_2,0.24,0.019,-0.165,0.179,-0.229,1.0,0.428,-0.474,0.1,0.212,-0.114,-0.173,0.146,0.254,0.082,-0.155
3,B1_3,0.205,-0.278,-0.056,-0.052,0.014,0.428,1.0,-0.225,-0.189,0.153,0.092,0.043,0.004,0.29,0.161,-0.384
3,A2_1,-0.216,-0.084,0.121,-0.312,0.126,-0.474,-0.225,1.0,-0.121,-0.367,0.092,-0.215,-0.006,-0.003,-0.242,-0.06
3,A2_2,0.261,0.013,-0.174,-0.087,-0.049,0.1,-0.189,-0.121,1.0,-0.034,-0.226,0.247,-0.123,-0.13,-0.192,-0.172
3,A2_3,0.246,-0.041,0.111,0.325,0.009,0.212,0.153,-0.367,-0.034,1.0,-0.052,-0.215,-0.021,-0.166,-0.213,-0.087
3,B2_1,-0.051,-0.018,-0.04,-0.067,-0.307,-0.114,0.092,0.092,-0.226,-0.052,1.0,-0.017,-0.19,-0.009,0.177,0.263
3,B2_2,-0.113,0.121,0.022,-0.254,-0.078,-0.173,0.043,-0.215,0.247,-0.215,-0.017,1.0,0.021,-0.082,0.367,0.144
3,B2_3,-0.194,0.191,0.135,0.249,-0.126,0.146,0.004,-0.006,-0.123,-0.021,-0.19,0.021,1.0,0.277,0.194,0.055
3,y1,0.117,0.274,-0.092,0.097,0.22,0.254,0.29,-0.003,-0.13,-0.166,-0.009,-0.082,0.277,1.0,0.159,-0.208
3,y2,-0.153,0.127,-0.12,-0.092,-0.257,0.082,0.161,-0.242,-0.192,-0.213,0.177,0.367,0.194,0.159,1.0,0.23
3,y3,-0.338,0.026,0.327,0.097,-0.364,-0.155,-0.384,-0.06,-0.172,-0.087,0.263,0.144,0.055,-0.208,0.23,1.0
4,.,1.0,-0.005,-0.219,0.039,0.194,0.234,0.201,-0.221,0.259,0.247,-0.047,-0.11,-0.198,0.118,-0.151,-0.336
4,A1_1,-0.005,1.0,-0.066,0.154,0.12,0.019,-0.276,-0.082,0.014,-0.041,-0.015,0.12,0.189,0.273,0.133,0.029
4,A1_2,-0.219,-0.066,1.0,0.161,-0.154,-0.166,-0.057,0.123,-0.17,0.111,-0.041,0.021,0.131,-0.094,-0.125,0.325
4,A1_3,0.039,0.154,0.161,1.0,0.209,0.177,-0.054,-0.31,-0.086,0.327,-0.067,-0.256,0.247,0.093,-0.094,0.096
4,B1_1,0.194,0.12,-0.154,0.209,1.0,-0.224,0.016,0.13,-0.053,0.006,-0.307,-0.081,-0.121,0.222,-0.258,-0.366
4,B1_2,0.234,0.019,-0.166,0.177,-0.224,1.0,0.43,-0.472,0.098,0.212,-0.111,-0.173,0.15,0.252,0.079,-0.158
4,B1_3,0.201,-0.276,-0.057,-0.054,0.016,0.43,1.0,-0.224,-0.19,0.154,0.093,0.045,0.009,0.286,0.158,-0.386
4,A2_1,-0.221,-0.082,0.123,-0.31,0.13,-0.472,-0.224,1.0,-0.121,-0.366,0.095,-0.214,-0.005,-0.003,-0.243,-0.06
4,A2_2,0.259,0.014,-0.17,-0.086,-0.053,0.098,-0.19,-0.121,1.0,-0.031,-0.225,0.245,-0.125,-0.132,-0.189,-0.171
4,A2_3,0.247,-0.041,0.111,0.327,0.006,0.212,0.154,-0.366,-0.031,1.0,-0.053,-0.217,-0.023,-0.167,-0.217,-0.089
4,B2_1,-0.047,-0.015,-0.041,-0.067,-0.307,-0.111,0.093,0.095,-0.225,-0.053,1.0,-0.019,-0.189,-0.009,0.174,0.263
4,B2_2,-0.11,0.12,0.021,-0.256,-0.081,-0.173,0.045,-0.214,0.245,-0.217,-0.019,1.0,0.022,-0.081,0.368,0.145
4,B2_3,-0.198,0.189,0.131,0.247,-0.121,0.15,0.009,-0.005,-0.125,-0.023,-0.189,0.022,1.0,0.275,0.191,0.052
4,y1,0.118,0.273,-0.094,0.093,0.222,0.252,0.286,-0.003,-0.132,-0.167,-0.009,-0.081,0.275,1.0,0.163,-0.204
4,y2,-0.151,0.133,-0.125,-0.094,-0.258,0.079,0.158,-0.243,-0.189,-0.217,0.174,0.368,0.191,0.163,1.0,0.231
4,y3,-0.336,0.029,0.325,0.096,-0.366,-0.158,-0.386,-0.06,-0.171,-0.089,0.263,0.145,0.052,-0.204,0.231,1.0
5,.,1.0,-0.01,-0.209,0.046,0.189,0.23,0.195,-0.228,0.259,0.248,-0.042,-0.109,-0.2,0.113,-0.148,-0.332
5,A1_1,-0.01,1.0,-0.063,0.155,0.119,0.017,-0.277,-0.078,0.015,-0.04,-0.015,0.119,0.187,0.275,0.134,0.032
5,A1_2,-0.209,-0.063,1.0,0.164,-0.157,-0.168,-0.057,0.125,-0.167,0.114,-0.043,0.02,0.13,-0.095,-0.127,0.324
5,A1_3,0.046,0.155,0.164,1.0,0.207,0.173,-0.055,-0.308,-0.085,0.328,-0.067,-0.257,0.245,0.092,-0.097,0.096
5,B1_1,0.189,0.119,-0.157,0.207,1.0,-0.221,0.018,0.13,-0.052,0.004,-0.307,-0.082,-0.12,0.222,-0.258,-0.367
5,B1_2,0.23,0.017,-0.168,0.173,-0.221,1.0,0.432,-0.47,0.097,0.208,-0.108,-0.17,0.154,0.251,0.075,-0.161
5,B1_3,0.195,-0.277,-0.057,-0.055,0.018,0.432,1.0,-0.224,-0.19,0.152,0.093,0.047,0.012,0.282,0.153,-0.388
5,A2_1,-0.228,-0.078,0.125,-0.308,0.13,-0.47,-0.224,1.0,-0.12,-0.363,0.097,-0.213,-0.006,-0.005,-0.242,-0.058
5,A2_2,0.259,0.015,-0.167,-0.085,-0.052,0.097,-0.19,-0.12,1.0,-0.027,-0.226,0.243,-0.126,-0.133,-0.19,-0.173
5,A2_3,0.248,-0.04,0.114,0.328,0.004,0.208,0.152,-0.363,-0.027,1.0,-0.052,-0.219,-0.025,-0.169,-0.219,-0.088
5,B2_1,-0.042,-0.015,-0.043,-0.067,-0.307,-0.108,0.093,0.097,-0.226,-0.052,1.0,-0.02,-0.187,-0.009,0.171,0.26
5,B2_2,-0.109,0.119,0.02,-0.257,-0.082,-0.17,0.047,-0.213,0.243,-0.219,-0.02,1.0,0.023,-0.077,0.37,0.146
5,B2_3,-0.2,0.187,0.13,0.245,-0.12,0.154,0.012,-0.006,-0.126,-0.025,-0.187,0.023,1.0,0.273,0.19,0.052
5,y1,0.113,0.275,-0.095,0.092,0.222,0.251,0.282,-0.005,-0.133,-0.169,-0.009,-0.077,0.273,1.0,0.167,-0.198
5,y2,-0.148,0.134,-0.127,-0.097,-0.258,0.075,0.153,-0.242,-0.19,-0.219,0.171,0.37,0.19,0.167,1.0,0.232
5,y3,-0.332,0.032,0.324,0.096,-0.367,-0.161,-0.388,-0.058,-0.173,-0.088,0.26,0.146,0.052,-0.198,0.232,1.0
6,.,1.0,-0.013,-0.199,0.051,0.187,0.226,0.191,-0.228,0.257,0.248,-0.037,-0.113,-0.205,0.108,-0.15,-0.333
6,A1_1,-0.013,1.0,-0.062,0.154,0.118,0.016,-0.276,-0.078,0.016,-0.038,-0.015,0.119,0.185,0.275,0.137,0.034
6,A1_2,-0.199,-0.062,1.0,0.165,-0.158,-0.17,-0.057,0.128,-0.166,0.113,-0.042,0.018,0.128,-0.096,-0.127,0.32
6,A1_3,0.051,0.154,0.165,1.0,0.205,0.171,-0.056,-0.309,-0.085,0.329,-0.066,-0.258,0.244,0.09,-0.098,0.095
6,B1_1,0.187,0.118,-0.158,0.205,1.0,-0.22,0.019,0.131,-0.053,0.003,-0.307,-0.082,-0.119,0.223,-0.259,-0.366
6,B1_2,0.226,0.016,-0.17,0.171,-0.22,1.0,0.434,-0.468,0.093,0.206,-0.106,-0.168,0.157,0.249,0.074,-0.163
6,B1_3,0.191,-0.276,-0.057,-0.056,0.019,0.434,1.0,-0.223,-0.192,0.153,0.094,0.047,0.014,0.278,0.149,-0.389
6,A2_1,-0.228,-0.078,0.128,-0.309,0.131,-0.468,-0.223,1.0,-0.118,-0.362,0.098,-0.212,-0.006,-0.006,-0.242,-0.055
6,A2_2,0.257,0.016,-0.166,-0.085,-0.053,0.093,-0.192,-0.118,1.0,-0.025,-0.226,0.242,-0.127,-0.133,-0.189,-0.173
6,A2_3,0.248,-0.038,0.113,0.329,0.003,0.206,0.153,-0.362,-0.025,1.0,-0.052,-0.221,-0.026,-0.169,-0.219,-0.092
6,B2_1,-0.037,-0.015,-0.042,-0.066,-0.307,-0.106,0.094,0.098,-0.226,-0.052,1.0,-0.021,-0.187,-0.012,0.168,0.262
6,B2_2,-0.113,0.119,0.018,-0.258,-0.082,-0.168,0.047,-0.212,0.242,-0.221,-0.021,1.0,0.023,-0.077,0.37,0.147
6,B2_3,-0.205,0.185,0.128,0.244,-0.119,0.157,0.014,-0.006,-0.127,-0.026,-0.187,0.023,1.0,0.271,0.189,0.053
6,y1,0.108,0.275,-0.096,0.09,0.223,0.249,0.278,-0.006,-0.133,-0.169,-0.012,-0.077,0.271,1.0,0.165,-0.195
6,y2,-0.15,0.137,-0.127,-0.098,-0.259,0.074,0.149,-0.242,-0.189,-0.219,0.168,0.37,0.189,0.165,1.0,0.236
6,y3,-0.333,0.034,0.32,0.095,-0.366,-0.163,-0.389,-0.055,-0.173,-0.092,0.262,0.147,0.053,-0.195,0.236,1.0
7,.,1.0,-0.017,-0.194,0.055,0.183,0.225,0.192,-0.231,0.256,0.248,-0.033,-0.115,-0.207,0.106,-0.152,-0.333
7,A1_1,-0.017,1.0,-0.061,0.154,0.117,0.014,-0.278,-0.076,0.017,-0.037,-0.015,0.118,0.184,0.274,0.14,0.037
7,A1_2,-0.194,-0.061,1.0,0.165,-0.159,-0.17,-0.058,0.129,-0.162,0.115,-0.043,0.017,0.127,-0.095,-0.129,0.319
7,A1_3,0.055,0.154,0.165,1.0,0.205,0.171,-0.056,-0.309,-0.082,0.33,-0.065,-0.259,0.241,0.088,-0.1,0.093
7,B1_1,0.183,0.117,-0.159,0.205,1.0,-0.218,0.02,0.131,-0.054,0.001,-0.307,-0.082,-0.118,0.224,-0.26,-0.367
7,B1_2,0.225,0.014,-0.17,0.171,-0.218,1.0,0.435,-0.47,0.092,0.206,-0.105,-0.167,0.158,0.249,0.072,-0.162
7,B1_3,0.192,-0.278,-0.058,-0.056,0.02,0.435,1.0,-0.224,-0.192,0.151,0.094,0.048,0.015,0.276,0.145,-0.39
7,A2_1,-0.231,-0.076,0.129,-0.309,0.131,-0.47,-0.224,1.0,-0.118,-0.359,0.099,-0.212,-0.007,-0.006,-0.244,-0.055
7,A2_2,0.256,0.017,-0.162,-0.082,-0.054,0.092,-0.192,-0.118,1.0,-0.024,-0.226,0.24,-0.128,-0.134,-0.189,-0.172
7,A2_3,0.248,-0.037,0.115,0.33,0.001,0.206,0.151,-0.359,-0.024,1.0,-0.052,-0.222,-0.026,-0.17,-0.22,-0.091
7,B2_1,-0.033,-0.015,-0.043,-0.065,-0.307,-0.105,0.094,0.099,-0.226,-0.052,1.0,-0.022,-0.187,-0.015,0.167,0.26
7,B2_2,-0.115,0.118,0.017,-0.259,-0.082,-0.167,0.048,-0.212,0.24,-0.222,-0.022,1.0,0.025,-0.076,0.372,0.149
7,B2_3,-0.207,0.184,0.127,0.241,-0.118,0.158,0.015,-0.007,-0.128,-0.026,-0.187,0.025,1.0,0.271,0.188,0.055
7,y1,0.106,0.274,-0.095,0.088,0.224,0.249,0.276,-0.006,-0.134,-0.17,-0.015,-0.076,0.271,1.0,0.166,-0.192
7,y2,-0.152,0.14,-0.129,-0.1,-0.26,0.072,0.145,-0.244,-0.189,-0.22,0.167,0.372,0.188,0.166,1.0,0.24
7,y3,-0.333,0.037,0.319,0.093,-0.367,-0.162,-0.39,-0.055,-0.172,-0.091,0.26,0.149,0.055,-0.192,0.24,1.0
8,.,1.0,-0.022,-0.184,0.059,0.185,0.222,0.191,-0.228,0.252,0.248,-0.03,-0.118,-0.209,0.106,-0.156,-0.333
8,A1_1,-0.022,1.0,-0.059,0.155,0.117,0.014,-0.275,-0.076,0.019,-0.036,-0.014,0.119,0.184,0.276,0.143,0.04
8,A1_2,-0.184,-0.059,1.0,0.165,-0.16,-0.171,-0.058,0.128,-0.16,0.117,-0.043,0.016,0.126,-0.095,-0.131,0.316
8,A1_3,0.059,0.155,0.165,1.0,0.205,0.169,-0.056,-0.308,-0.081,0.329,-0.065,-0.259,0.24,0.086,-0.102,0.091
8,B1_1,0.185,0.117,-0.16,0.205,1.0,-0.217,0.021,0.131,-0.055,0.001,-0.307,-0.083,-0.118,0.223,-0.26,-0.367
8,B1_2,0.222,0.014,-0.171,0.169,-0.217,1.0,0.436,-0.467,0.089,0.204,-0.103,-0.167,0.16,0.246,0.069,-0.163
8,B1_3,0.191,-0.275,-0.058,-0.056,0.021,0.436,1.0,-0.224,-0.195,0.151,0.094,0.047,0.016,0.273,0.143,-0.39
8,A2_1,-0.228,-0.076,0.128,-0.308,0.131,-0.467,-0.224,1.0,-0.115,-0.358,0.1,-0.211,-0.007,-0.006,-0.242,-0.055
8,A2_2,0.252,0.019,-0.16,-0.081,-0.055,0.089,-0.195,-0.115,1.0,-0.022,-0.227,0.24,-0.128,-0.137,-0.189,-0.172
8,A2_3,0.248,-0.036,0.117,0.329,0.001,0.204,0.151,-0.358,-0.022,1.0,-0.052,-0.222,-0.026,-0.171,-0.22,-0.092
8,B2_1,-0.03,-0.014,-0.043,-0.065,-0.307,-0.103,0.094,0.1,-0.227,-0.052,1.0,-0.023,-0.186,-0.017,0.167,0.258
8,B2_2,-0.118,0.119,0.016,-0.259,-0.083,-0.167,0.047,-0.211,0.24,-0.222,-0.023,1.0,0.025,-0.074,0.375,0.15
8,B2_3,-0.209,0.184,0.126,0.24,-0.118,0.16,0.016,-0.007,-0.128,-0.026,-0.186,0.025,1.0,0.27,0.187,0.056
8,y1,0.106,0.276,-0.095,0.086,0.223,0.246,0.273,-0.006,-0.137,-0.171,-0.017,-0.074,0.27,1.0,0.169,-0.186
8,y2,-0.156,0.143,-0.131,-0.102,-0.26,0.069,0.143,-0.242,-0.189,-0.22,0.167,0.375,0.187,0.169,1.0,0.241
8,y3,-0.333,0.04,0.316,0.091,-0.367,-0.163,-0.39,-0.055,-0.172,-0.092,0.258,0.15,0.056,-0.186,0.241,1.0
9,.,1.0,-0.024,-0.179,0.064,0.184,0.221,0.191,-0.23,0.25,0.249,-0.028,-0.121,-0.21,0.107,-0.156,-0.331
9,A1_1,-0.024,1.0,-0.058,0.156,0.116,0.013,-0.277,-0.076,0.019,-0.036,-0.015,0.119,0.182,0.276,0.145,0.043
9,A1_2,-0.179,-0.058,1.0,0.166,-0.16,-0.171,-0.058,0.128,-0.158,0.118,-0.042,0.016,0.125,-0.096,-0.132,0.315
9,A1_3,0.064,0.156,0.166,1.0,0.203,0.168,-0.057,-0.308,-0.081,0.329,-0.065,-0.258,0.24,0.083,-0.101,0.09
9,B1_1,0.184,0.116,-0.16,0.203,1.0,-0.216,0.022,0.131,-0.055,-0.0,-0.307,-0.084,-0.118,0.222,-0.259,-0.368
9,B1_2,0.221,0.013,-0.171,0.168,-0.216,1.0,0.436,-0.467,0.088,0.204,-0.102,-0.167,0.162,0.245,0.067,-0.163
9,B1_3,0.191,-0.277,-0.058,-0.057,0.022,0.436,1.0,-0.224,-0.195,0.151,0.094,0.048,0.018,0.271,0.14,-0.392
9,A2_1,-0.23,-0.076,0.128,-0.308,0.131,-0.467,-0.224,1.0,-0.114,-0.356,0.1,-0.212,-0.006,-0.007,-0.242,-0.056
9,A2_2,0.25,0.019,-0.158,-0.081,-0.055,0.088,-0.195,-0.114,1.0,-0.022,-0.226,0.239,-0.129,-0.138,-0.189,-0.172
9,A2_3,0.249,-0.036,0.118,0.329,-0.0,0.204,0.151,-0.356,-0.022,1.0,-0.052,-0.222,-0.027,-0.173,-0.22,-0.093
9,B2_1,-0.028,-0.015,-0.042,-0.065,-0.307,-0.102,0.094,0.1,-0.226,-0.052,1.0,-0.024,-0.186,-0.017,0.166,0.258
9,B2_2,-0.121,0.119,0.016,-0.258,-0.084,-0.167,0.048,-0.212,0.239,-0.222,-0.024,1.0,0.024,-0.073,0.376,0.151
9,B2_3,-0.21,0.182,0.125,0.24,-0.118,0.162,0.018,-0.006,-0.129,-0.027,-0.186,0.024,1.0,0.268,0.187,0.056
9,y1,0.107,0.276,-0.096,0.083,0.222,0.245,0.271,-0.007,-0.138,-0.173,-0.017,-0.073,0.268,1.0,0.17,-0.183
9,y2,-0.156,0.145,-0.132,-0.101,-0.259,0.067,0.14,-0.242,-0.189,-0.22,0.166,0.376,0.187,0.17,1.0,0.243
9,y3,-0.331,0.043,0.315,0.09,-0.368,-0.163,-0.392,-0.056,-0.172,-0.093,0.258,0.151,0.056,-0.183,0.243,1.0
10,.,1.0,-0.025,-0.17,0.068,0.182,0.219,0.19,-0.232,0.249,0.249,-0.028,-0.119,-0.21,0.108,-0.157,-0.332
10,A1_1,-0.025,1.0,-0.056,0.157,0.114,0.012,-0.277,-0.076,0.02,-0.036,-0.015,0.12,0.182,0.276,0.149,0.046
10,A1_2,-0.17,-0.056,1.0,0.168,-0.161,-0.168,-0.057,0.129,-0.157,0.121,-0.043,0.014,0.124,-0.098,-0.134,0.311
10,A1_3,0.068,0.157,0.168,1.0,0.202,0.168,-0.057,-0.307,-0.08,0.331,-0.064,-0.259,0.239,0.08,-0.103,0.089
10,B1_1,0.182,0.114,-0.161,0.202,1.0,-0.215,0.023,0.132,-0.057,-0.002,-0.306,-0.085,-0.117,0.223,-0.259,-0.368
10,B1_2,0.219,0.012,-0.168,0.168,-0.215,1.0,0.438,-0.466,0.085,0.202,-0.101,-0.166,0.163,0.243,0.065,-0.163
10,B1_3,0.19,-0.277,-0.057,-0.057,0.023,0.438,1.0,-0.224,-0.195,0.151,0.095,0.049,0.019,0.27,0.138,-0.393
10,A2_1,-0.232,-0.076,0.129,-0.307,0.132,-0.466,-0.224,1.0,-0.115,-0.354,0.101,-0.213,-0.007,-0.01,-0.242,-0.056
10,A2_2,0.249,0.02,-0.157,-0.08,-0.057,0.085,-0.195,-0.115,1.0,-0.02,-0.228,0.238,-0.129,-0.139,-0.189,-0.173
10,A2_3,0.249,-0.036,0.121,0.331,-0.002,0.202,0.151,-0.354,-0.02,1.0,-0.052,-0.221,-0.028,-0.175,-0.221,-0.092
10,B2_1,-0.028,-0.015,-0.043,-0.064,-0.306,-0.101,0.095,0.101,-0.228,-0.052,1.0,-0.024,-0.185,-0.017,0.164,0.255
10,B2_2,-0.119,0.12,0.014,-0.259,-0.085,-0.166,0.049,-0.213,0.238,-0.221,-0.024,1.0,0.026,-0.071,0.377,0.151
10,B2_3,-0.21,0.182,0.124,0.239,-0.117,0.163,0.019,-0.007,-0.129,-0.028,-0.185,0.026,1.0,0.267,0.186,0.057
10,y1,0.108,0.276,-0.098,0.08,0.223,0.243,0.27,-0.01,-0.139,-0.175,-0.017,-0.071,0.267,1.0,0.172,-0.178
10,y2,-0.157,0.149,-0.134,-0.103,-0.259,0.065,0.138,-0.242,-0.189,-0.221,0.164,0.377,0.186,0.172,1.0,0.245
10,y3,-0.332,0.046,0.311,0.089,-0.368,-0.163,-0.393,-0.056,-0.173,-0.092,0.255,0.151,0.057,-0.178,0.245,1.0
11,.,1.0,-0.026,-0.162,0.073,0.18,0.217,0.188,-0.231,0.248,0.247,-0.025,-0.122,-0.209,0.106,-0.16,-0.332
11,A1_1,-0.026,1.0,-0.056,0.157,0.112,0.012,-0.277,-0.075,0.021,-0.035,-0.014,0.119,0.181,0.276,0.152,0.051
11,A1_2,-0.162,-0.056,1.0,0.17,-0.162,-0.168,-0.057,0.131,-0.153,0.123,-0.044,0.013,0.124,-0.099,-0.137,0.308
11,A1_3,0.073,0.157,0.17,1.0,0.201,0.167,-0.057,-0.305,-0.079,0.333,-0.066,-0.261,0.238,0.076,-0.107,0.086
11,B1_1,0.18,0.112,-0.162,0.201,1.0,-0.213,0.025,0.134,-0.058,-0.003,-0.305,-0.085,-0.116,0.224,-0.26,-0.369
11,B1_2,0.217,0.012,-0.168,0.167,-0.213,1.0,0.438,-0.466,0.084,0.199,-0.099,-0.166,0.164,0.242,0.063,-0.165
11,B1_3,0.188,-0.277,-0.057,-0.057,0.025,0.438,1.0,-0.226,-0.197,0.149,0.096,0.05,0.019,0.268,0.135,-0.395
11,A2_1,-0.231,-0.075,0.131,-0.305,0.134,-0.466,-0.226,1.0,-0.114,-0.353,0.101,-0.213,-0.007,-0.01,-0.24,-0.053
11,A2_2,0.248,0.021,-0.153,-0.079,-0.058,0.084,-0.197,-0.114,1.0,-0.02,-0.229,0.237,-0.13,-0.141,-0.191,-0.173
11,A2_3,0.247,-0.035,0.123,0.333,-0.003,0.199,0.149,-0.353,-0.02,1.0,-0.054,-0.221,-0.029,-0.176,-0.222,-0.092
11,B2_1,-0.025,-0.014,-0.044,-0.066,-0.305,-0.099,0.096,0.101,-0.229,-0.054,1.0,-0.024,-0.184,-0.018,0.163,0.254
11,B2_2,-0.122,0.119,0.013,-0.261,-0.085,-0.166,0.05,-0.213,0.237,-0.221,-0.024,1.0,0.026,-0.071,0.377,0.153
11,B2_3,-0.209,0.181,0.124,0.238,-0.116,0.164,0.019,-0.007,-0.13,-0.029,-0.184,0.026,1.0,0.266,0.185,0.059
11,y1,0.106,0.276,-0.099,0.076,0.224,0.242,0.268,-0.01,-0.141,-0.176,-0.018,-0.071,0.266,1.0,0.174,-0.175
11,y2,-0.16,0.152,-0.137,-0.107,-0.26,0.063,0.135,-0.24,-0.191,-0.222,0.163,0.377,0.185,0.174,1.0,0.248
11,y3,-0.332,0.051,0.308,0.086,-0.369,-0.165,-0.395,-0.053,-0.173,-0.092,0.254,0.153,0.059,-0.175,0.248,1.0
12,.,1.0,-0.026,-0.154,0.076,0.179,0.214,0.187,-0.229,0.245,0.249,-0.023,-0.123,-0.211,0.104,-0.16,-0.334
12,A1_1,-0.026,1.0,-0.056,0.158,0.112,0.013,-0.278,-0.074,0.023,-0.034,-0.014,0.119,0.179,0.277,0.154,0.054
12,A1_2,-0.154,-0.056,1.0,0.17,-0.162,-0.169,-0.056,0.133,-0.15,0.124,-0.044,0.013,0.122,-0.1,-0.14,0.306
12,A1_3,0.076,0.158,0.17,1.0,0.2,0.166,-0.058,-0.304,-0.077,0.333,-0.066,-0.261,0.237,0.074,-0.107,0.084
12,B1_1,0.179,0.112,-0.162,0.2,1.0,-0.212,0.025,0.134,-0.059,-0.003,-0.305,-0.086,-0.115,0.224,-0.258,-0.368
12,B1_2,0.214,0.013,-0.169,0.166,-0.212,1.0,0.438,-0.467,0.083,0.199,-0.099,-0.166,0.166,0.241,0.062,-0.167
12,B1_3,0.187,-0.278,-0.056,-0.058,0.025,0.438,1.0,-0.226,-0.198,0.148,0.096,0.05,0.022,0.267,0.133,-0.396
12,A2_1,-0.229,-0.074,0.133,-0.304,0.134,-0.467,-0.226,1.0,-0.113,-0.35,0.103,-0.214,-0.006,-0.008,-0.241,-0.051
12,A2_2,0.245,0.023,-0.15,-0.077,-0.059,0.083,-0.198,-0.113,1.0,-0.018,-0.231,0.237,-0.131,-0.142,-0.191,-0.173
12,A2_3,0.249,-0.034,0.124,0.333,-0.003,0.199,0.148,-0.35,-0.018,1.0,-0.054,-0.222,-0.029,-0.177,-0.223,-0.094
12,B2_1,-0.023,-0.014,-0.044,-0.066,-0.305,-0.099,0.096,0.103,-0.231,-0.054,1.0,-0.025,-0.182,-0.019,0.161,0.252
12,B2_2,-0.123,0.119,0.013,-0.261,-0.086,-0.166,0.05,-0.214,0.237,-0.222,-0.025,1.0,0.025,-0.07,0.378,0.155
12,B2_3,-0.211,0.179,0.122,0.237,-0.115,0.166,0.022,-0.006,-0.131,-0.029,-0.182,0.025,1.0,0.266,0.185,0.06
12,y1,0.104,0.277,-0.1,0.074,0.224,0.241,0.267,-0.008,-0.142,-0.177,-0.019,-0.07,0.266,1.0,0.177,-0.172
12,y2,-0.16,0.154,-0.14,-0.107,-0.258,0.062,0.133,-0.241,-0.191,-0.223,0.161,0.378,0.185,0.177,1.0,0.249
12,y3,-0.334,0.054,0.306,0.084,-0.368,-0.167,-0.396,-0.051,-0.173,-0.094,0.252,0.155,0.06,-0.172,0.249,1.0
13,.,1.0,-0.028,-0.148,0.08,0.175,0.211,0.18,-0.23,0.242,0.243,-0.022,-0.125,-0.208,0.106,-0.161,-0.338
13,A1_1,-0.028,1.0,-0.055,0.159,0.112,0.012,-0.278,-0.073,0.026,-0.032,-0.014,0.118,0.177,0.279,0.155,0.057
13,A1_2,-0.148,-0.055,1.0,0.171,-0.163,-0.167,-0.055,0.136,-0.147,0.128,-0.044,0.011,0.119,-0.104,-0.141,0.298
13,A1_3,0.08,0.159,0.171,1.0,0.201,0.165,-0.058,-0.304,-0.075,0.334,-0.065,-0.261,0.235,0.071,-0.109,0.081
13,B1_1,0.175,0.112,-0.163,0.201,1.0,-0.208,0.03,0.135,-0.064,-0.003,-0.304,-0.089,-0.112,0.226,-0.257,-0.366
13,B1_2,0.211,0.012,-0.167,0.165,-0.208,1.0,0.44,-0.467,0.083,0.199,-0.096,-0.163,0.171,0.236,0.06,-0.168
13,B1_3,0.18,-0.278,-0.055,-0.058,0.03,0.44,1.0,-0.223,-0.198,0.148,0.099,0.051,0.029,0.258,0.129,-0.399
13,A2_1,-0.23,-0.073,0.136,-0.304,0.135,-0.467,-0.223,1.0,-0.113,-0.346,0.103,-0.215,-0.007,-0.008,-0.239,-0.05
13,A2_2,0.242,0.026,-0.147,-0.075,-0.064,0.083,-0.198,-0.113,1.0,-0.016,-0.231,0.235,-0.134,-0.141,-0.189,-0.173
13,A2_3,0.243,-0.032,0.128,0.334,-0.003,0.199,0.148,-0.346,-0.016,1.0,-0.055,-0.223,-0.028,-0.178,-0.226,-0.099
13,B2_1,-0.022,-0.014,-0.044,-0.065,-0.304,-0.096,0.099,0.103,-0.231,-0.055,1.0,-0.025,-0.179,-0.023,0.159,0.249
13,B2_2,-0.125,0.118,0.011,-0.261,-0.089,-0.163,0.051,-0.215,0.235,-0.223,-0.025,1.0,0.024,-0.071,0.379,0.157
13,B2_3,-0.208,0.177,0.119,0.235,-0.112,0.171,0.029,-0.007,-0.134,-0.028,-0.179,0.024,1.0,0.261,0.182,0.06
13,y1,0.106,0.279,-0.104,0.071,0.226,0.236,0.258,-0.008,-0.141,-0.178,-0.023,-0.071,0.261,1.0,0.181,-0.167
13,y2,-0.161,0.155,-0.141,-0.109,-0.257,0.06,0.129,-0.239,-0.189,-0.226,0.159,0.379,0.182,0.181,1.0,0.254
13,y3,-0.338,0.057,0.298,0.081,-0.366,-0.168,-0.399,-0.05,-0.173,-0.099,0.249,0.157,0.06,-0.167,0.254,1.0
14,.,1.0,-0.029,-0.147,0.083,0.177,0.209,0.18,-0.231,0.24,0.242,-0.023,-0.123,-0.208,0.107,-0.158,-0.34
14,A1_1,-0.029,1.0,-0.056,0.159,0.112,0.013,-0.278,-0.073,0.027,-0.031,-0.015,0.117,0.176,0.28,0.155,0.057
14,A1_2,-0.147,-0.056,1.0,0.171,-0.164,-0.167,-0.056,0.135,-0.145,0.129,-0.044,0.009,0.118,-0.105,-0.142,0.296
14,A1_3,0.083,0.159,0.171,1.0,0.201,0.165,-0.057,-0.303,-0.074,0.335,-0.065,-0.262,0.234,0.07,-0.11,0.078
14,B1_1,0.177,0.112,-0.164,0.201,1.0,-0.208,0.03,0.135,-0.064,-0.003,-0.303,-0.089,-0.112,0.227,-0.257,-0.365
14,B1_2,0.209,0.013,-0.167,0.165,-0.208,1.0,0.441,-0.467,0.083,0.198,-0.095,-0.162,0.171,0.235,0.059,-0.169
14,B1_3,0.18,-0.278,-0.056,-0.057,0.03,0.441,1.0,-0.224,-0.198,0.149,0.1,0.051,0.029,0.257,0.127,-0.401
14,A2_1,-0.231,-0.073,0.135,-0.303,0.135,-0.467,-0.224,1.0,-0.112,-0.345,0.105,-0.215,-0.008,-0.01,-0.241,-0.048
14,A2_2,0.24,0.027,-0.145,-0.074,-0.064,0.083,-0.198,-0.112,1.0,-0.015,-0.232,0.233,-0.135,-0.143,-0.189,-0.174
14,A2_3,0.242,-0.031,0.129,0.335,-0.003,0.198,0.149,-0.345,-0.015,1.0,-0.055,-0.223,-0.028,-0.179,-0.225,-0.099
14,B2_1,-0.023,-0.015,-0.044,-0.065,-0.303,-0.095,0.1,0.105,-0.232,-0.055,1.0,-0.026,-0.178,-0.023,0.157,0.249
14,B2_2,-0.123,0.117,0.009,-0.262,-0.089,-0.162,0.051,-0.215,0.233,-0.223,-0.026,1.0,0.025,-0.069,0.381,0.158
14,B2_3,-0.208,0.176,0.118,0.234,-0.112,0.171,0.029,-0.008,-0.135,-0.028,-0.178,0.025,1.0,0.261,0.181,0.06
14,y1,0.107,0.28,-0.105,0.07,0.227,0.235,0.257,-0.01,-0.143,-0.179,-0.023,-0.069,0.261,1.0,0.182,-0.164
14,y2,-0.158,0.155,-0.142,-0.11,-0.257,0.059,0.127,-0.241,-0.189,-0.225,0.157,0.381,0.181,0.182,1.0,0.255
14,y3,-0.34,0.057,0.296,0.078,-0.365,-0.169,-0.401,-0.048,-0.174,-0.099,0.249,0.158,0.06,-0.164,0.255,1.0
15,.,1.0,-0.032,-0.144,0.086,0.176,0.208,0.179,-0.233,0.241,0.239,-0.022,-0.123,-0.208,0.108,-0.157,-0.342
15,A1_1,-0.032,1.0,-0.055,0.159,0.11,0.013,-0.277,-0.072,0.028,-0.03,-0.015,0.117,0.176,0.279,0.159,0.059
15,A1_2,-0.144,-0.055,1.0,0.172,-0.164,-0.166,-0.054,0.136,-0.144,0.13,-0.045,0.008,0.118,-0.105,-0.145,0.294
15,A1_3,0.086,0.159,0.172,1.0,0.2,0.164,-0.057,-0.303,-0.073,0.336,-0.065,-0.263,0.233,0.068,-0.111,0.078
15,B1_1,0.176,0.11,-0.164,0.2,1.0,-0.207,0.03,0.135,-0.064,-0.003,-0.302,-0.089,-0.112,0.225,-0.258,-0.364
15,B1_2,0.208,0.013,-0.166,0.164,-0.207,1.0,0.441,-0.466,0.081,0.196,-0.094,-0.161,0.173,0.235,0.057,-0.17
15,B1_3,0.179,-0.277,-0.054,-0.057,0.03,0.441,1.0,-0.224,-0.199,0.148,0.101,0.052,0.03,0.256,0.125,-0.401
15,A2_1,-0.233,-0.072,0.136,-0.303,0.135,-0.466,-0.224,1.0,-0.112,-0.344,0.106,-0.216,-0.008,-0.011,-0.241,-0.047
15,A2_2,0.241,0.028,-0.144,-0.073,-0.064,0.081,-0.199,-0.112,1.0,-0.015,-0.232,0.232,-0.136,-0.143,-0.188,-0.174
15,A2_3,0.239,-0.03,0.13,0.336,-0.003,0.196,0.148,-0.344,-0.015,1.0,-0.055,-0.224,-0.028,-0.179,-0.227,-0.1
15,B2_1,-0.022,-0.015,-0.045,-0.065,-0.302,-0.094,0.101,0.106,-0.232,-0.055,1.0,-0.027,-0.177,-0.022,0.156,0.249
15,B2_2,-0.123,0.117,0.008,-0.263,-0.089,-0.161,0.052,-0.216,0.232,-0.224,-0.027,1.0,0.026,-0.069,0.381,0.158
15,B2_3,-0.208,0.176,0.118,0.233,-0.112,0.173,0.03,-0.008,-0.136,-0.028,-0.177,0.026,1.0,0.261,0.181,0.061
15,y1,0.108,0.279,-0.105,0.068,0.225,0.235,0.256,-0.011,-0.143,-0.179,-0.022,-0.069,0.261,1.0,0.184,-0.16
15,y2,-0.157,0.159,-0.145,-0.111,-0.258,0.057,0.125,-0.241,-0.188,-0.227,0.156,0.381,0.181,0.184,1.0,0.258
15,y3,-0.342,0.059,0.294,0.078,-0.364,-0.17,-0.401,-0.047,-0.174,-0.1,0.249,0.158,0.061,-0.16,0.258,1.0
16,.,1.0,-0.034,-0.141,0.087,0.174,0.207,0.178,-0.237,0.239,0.24,-0.022,-0.121,-0.206,0.107,-0.156,-0.34
16,A1_1,-0.034,1.0,-0.055,0.159,0.11,0.012,-0.278,-0.072,0.028,-0.031,-0.015,0.117,0.176,0.276,0.16,0.062
16,A1_2,-0.141,-0.055,1.0,0.172,-0.164,-0.166,-0.053,0.136,-0.142,0.13,-0.044,0.008,0.116,-0.106,-0.147,0.292
16,A1_3,0.087,0.159,0.172,1.0,0.2,0.164,-0.057,-0.302,-0.072,0.337,-0.066,-0.264,0.232,0.066,-0.115,0.076
16,B1_1,0.174,0.11,-0.164,0.2,1.0,-0.207,0.031,0.135,-0.065,-0.004,-0.302,-0.09,-0.112,0.225,-0.258,-0.364
16,B1_2,0.207,0.012,-0.166,0.164,-0.207,1.0,0.441,-0.466,0.081,0.197,-0.094,-0.161,0.173,0.234,0.057,-0.17
16,B1_3,0.178,-0.278,-0.053,-0.057,0.031,0.441,1.0,-0.225,-0.199,0.149,0.101,0.053,0.03,0.256,0.124,-0.402
16,A2_1,-0.237,-0.072,0.136,-0.302,0.135,-0.466,-0.225,1.0,-0.112,-0.343,0.105,-0.217,-0.009,-0.011,-0.241,-0.047
16,A2_2,0.239,0.028,-0.142,-0.072,-0.065,0.081,-0.199,-0.112,1.0,-0.014,-0.232,0.232,-0.135,-0.144,-0.186,-0.173
16,A2_3,0.24,-0.031,0.13,0.337,-0.004,0.197,0.149,-0.343,-0.014,1.0,-0.055,-0.223,-0.029,-0.18,-0.229,-0.1
16,B2_1,-0.022,-0.015,-0.044,-0.066,-0.302,-0.094,0.101,0.105,-0.232,-0.055,1.0,-0.027,-0.177,-0.022,0.156,0.247
16,B2_2,-0.121,0.117,0.008,-0.264,-0.09,-0.161,0.053,-0.217,0.232,-0.223,-0.027,1.0,0.026,-0.068,0.383,0.159
16,B2_3,-0.206,0.176,0.116,0.232,-0.112,0.173,0.03,-0.009,-0.135,-0.029,-0.177,0.026,1.0,0.259,0.181,0.062
16,y1,0.107,0.276,-0.106,0.066,0.225,0.234,0.256,-0.011,-0.144,-0.18,-0.022,-0.068,0.259,1.0,0.186,-0.159
16,y2,-0.156,0.16,-0.147,-0.115,-0.258,0.057,0.124,-0.241,-0.186,-0.229,0.156,0.383,0.181,0.186,1.0,0.26
16,y3,-0.34,0.062,0.292,0.076,-0.364,-0.17,-0.402,-0.047,-0.173,-0.1,0.247,0.159,0.062,-0.159,0.26,1.0
17,.,1.0,-0.034,-0.138,0.089,0.173,0.207,0.176,-0.235,0.237,0.238,-0.022,-0.122,-0.207,0.107,-0.157,-0.34
17,A1_1,-0.034,1.0,-0.054,0.16,0.109,0.012,-0.277,-0.072,0.027,-0.031,-0.014,0.118,0.175,0.275,0.162,0.063
17,A1_2,-0.138,-0.054,1.0,0.174,-0.164,-0.166,-0.053,0.136,-0.141,0.131,-0.044,0.008,0.116,-0.106,-0.148,0.29
17,A1_3,0.089,0.16,0.174,1.0,0.201,0.162,-0.059,-0.302,-0.072,0.337,-0.067,-0.264,0.232,0.065,-0.117,0.074
17,B1_1,0.173,0.109,-0.164,0.201,1.0,-0.207,0.031,0.136,-0.064,-0.005,-0.302,-0.09,-0.111,0.226,-0.256,-0.364
17,B1_2,0.207,0.012,-0.166,0.162,-0.207,1.0,0.441,-0.467,0.08,0.197,-0.094,-0.161,0.173,0.233,0.056,-0.17
17,B1_3,0.176,-0.277,-0.053,-0.059,0.031,0.441,1.0,-0.225,-0.199,0.15,0.1,0.053,0.031,0.256,0.123,-0.401
17,A2_1,-0.235,-0.072,0.136,-0.302,0.136,-0.467,-0.225,1.0,-0.113,-0.343,0.106,-0.217,-0.009,-0.011,-0.241,-0.048
17,A2_2,0.237,0.027,-0.141,-0.072,-0.064,0.08,-0.199,-0.113,1.0,-0.013,-0.232,0.231,-0.136,-0.145,-0.186,-0.176
17,A2_3,0.238,-0.031,0.131,0.337,-0.005,0.197,0.15,-0.343,-0.013,1.0,-0.053,-0.223,-0.028,-0.18,-0.229,-0.1
17,B2_1,-0.022,-0.014,-0.044,-0.067,-0.302,-0.094,0.1,0.106,-0.232,-0.053,1.0,-0.027,-0.177,-0.022,0.154,0.248
17,B2_2,-0.122,0.118,0.008,-0.264,-0.09,-0.161,0.053,-0.217,0.231,-0.223,-0.027,1.0,0.026,-0.066,0.384,0.16
17,B2_3,-0.207,0.175,0.116,0.232,-0.111,0.173,0.031,-0.009,-0.136,-0.028,-0.177,0.026,1.0,0.259,0.18,0.062
17,y1,0.107,0.275,-0.106,0.065,0.226,0.233,0.256,-0.011,-0.145,-0.18,-0.022,-0.066,0.259,1.0,0.188,-0.156
17,y2,-0.157,0.162,-0.148,-0.117,-0.256,0.056,0.123,-0.241,-0.186,-0.229,0.154,0.384,0.18,0.188,1.0,0.262
17,y3,-0.34,0.063,0.29,0.074,-0.364,-0.17,-0.401,-0.048,-0.176,-0.1,0.248,0.16,0.062,-0.156,0.262,1.0
18,.,1.0,-0.037,-0.138,0.088,0.17,0.208,0.178,-0.238,0.239,0.237,-0.02,-0.121,-0.207,0.107,-0.156,-0.34
18,A1_1,-0.037,1.0,-0.052,0.161,0.11,0.011,-0.278,-0.072,0.027,-0.03,-0.015,0.119,0.175,0.273,0.165,0.064
18,A1_2,-0.138,-0.052,1.0,0.175,-0.164,-0.165,-0.053,0.137,-0.141,0.131,-0.044,0.007,0.114,-0.107,-0.149,0.287
18,A1_3,0.088,0.161,0.175,1.0,0.201,0.162,-0.059,-0.301,-0.071,0.337,-0.067,-0.264,0.232,0.065,-0.117,0.073
18,B1_1,0.17,0.11,-0.164,0.201,1.0,-0.207,0.031,0.136,-0.064,-0.005,-0.302,-0.09,-0.11,0.225,-0.255,-0.366
18,B1_2,0.208,0.011,-0.165,0.162,-0.207,1.0,0.441,-0.467,0.08,0.197,-0.094,-0.159,0.174,0.233,0.055,-0.168
18,B1_3,0.178,-0.278,-0.053,-0.059,0.031,0.441,1.0,-0.224,-0.199,0.15,0.1,0.054,0.032,0.257,0.122,-0.401
18,A2_1,-0.238,-0.072,0.137,-0.301,0.136,-0.467,-0.224,1.0,-0.112,-0.342,0.106,-0.217,-0.008,-0.012,-0.242,-0.049
18,A2_2,0.239,0.027,-0.141,-0.071,-0.064,0.08,-0.199,-0.112,1.0,-0.013,-0.232,0.229,-0.138,-0.145,-0.186,-0.176
18,A2_3,0.237,-0.03,0.131,0.337,-0.005,0.197,0.15,-0.342,-0.013,1.0,-0.054,-0.222,-0.028,-0.179,-0.229,-0.1
18,B2_1,-0.02,-0.015,-0.044,-0.067,-0.302,-0.094,0.1,0.106,-0.232,-0.054,1.0,-0.027,-0.177,-0.021,0.153,0.248
18,B2_2,-0.121,0.119,0.007,-0.264,-0.09,-0.159,0.054,-0.217,0.229,-0.222,-0.027,1.0,0.027,-0.068,0.385,0.159
18,B2_3,-0.207,0.175,0.114,0.232,-0.11,0.174,0.032,-0.008,-0.138,-0.028,-0.177,0.027,1.0,0.257,0.179,0.062
18,y1,0.107,0.273,-0.107,0.065,0.225,0.233,0.257,-0.012,-0.145,-0.179,-0.021,-0.068,0.257,1.0,0.19,-0.155
18,y2,-0.156,0.165,-0.149,-0.117,-0.255,0.055,0.122,-0.242,-0.186,-0.229,0.153,0.385,0.179,0.19,1.0,0.266
18,y3,-0.34,0.064,0.287,0.073,-0.366,-0.168,-0.401,-0.049,-0.176,-0.1,0.248,0.159,0.062,-0.155,0.266,1.0
19,.,1.0,-0.036,-0.135,0.089,0.169,0.207,0.176,-0.238,0.238,0.236,-0.019,-0.12,-0.206,0.107,-0.155,-0.34
19,A1_1,-0.036,1.0,-0.052,0.16,0.11,0.011,-0.278,-0.072,0.027,-0.03,-0.015,0.119,0.176,0.272,0.166,0.066
19,A1_2,-0.135,-0.052,1.0,0.175,-0.164,-0.166,-0.053,0.137,-0.14,0.132,-0.044,0.007,0.114,-0.107,-0.149,0.286
19,A1_3,0.089,0.16,0.175,1.0,0.201,0.161,-0.059,-0.301,-0.07,0.337,-0.068,-0.265,0.231,0.064,-0.118,0.071
19,B1_1,0.169,0.11,-0.164,0.201,1.0,-0.206,0.031,0.136,-0.064,-0.006,-0.302,-0.09,-0.11,0.226,-0.256,-0.365
19,B1_2,0.207,0.011,-0.166,0.161,-0.206,1.0,0.442,-0.466,0.08,0.196,-0.094,-0.159,0.175,0.232,0.054,-0.168
19,B1_3,0.176,-0.278,-0.053,-0.059,0.031,0.442,1.0,-0.223,-0.2,0.15,0.101,0.055,0.032,0.257,0.12,-0.402
19,A2_1,-0.238,-0.072,0.137,-0.301,0.136,-0.466,-0.223,1.0,-0.112,-0.341,0.106,-0.218,-0.008,-0.012,-0.242,-0.049
19,A2_2,0.238,0.027,-0.14,-0.07,-0.064,0.08,-0.2,-0.112,1.0,-0.012,-0.233,0.228,-0.138,-0.147,-0.186,-0.176
19,A2_3,0.236,-0.03,0.132,0.337,-0.006,0.196,0.15,-0.341,-0.012,1.0,-0.053,-0.222,-0.029,-0.181,-0.229,-0.1
19,B2_1,-0.019,-0.015,-0.044,-0.068,-0.302,-0.094,0.101,0.106,-0.233,-0.053,1.0,-0.027,-0.177,-0.02,0.153,0.248
19,B2_2,-0.12,0.119,0.007,-0.265,-0.09,-0.159,0.055,-0.218,0.228,-0.222,-0.027,1.0,0.027,-0.068,0.386,0.161
19,B2_3,-0.206,0.176,0.114,0.231,-0.11,0.175,0.032,-0.008,-0.138,-0.029,-0.177,0.027,1.0,0.256,0.178,0.064
19,y1,0.107,0.272,-0.107,0.064,0.226,0.232,0.257,-0.012,-0.147,-0.181,-0.02,-0.068,0.256,1.0,0.191,-0.151
19,y2,-0.155,0.166,-0.149,-0.118,-0.256,0.054,0.12,-0.242,-0.186,-0.229,0.153,0.386,0.178,0.191,1.0,0.27
19,y3,-0.34,0.066,0.286,0.071,-0.365,-0.168,-0.402,-0.049,-0.176,-0.1,0.248,0.161,0.064,-0.151,0.27,1.0
20,.,1.0,-0.036,-0.133,0.088,0.169,0.206,0.176,-0.237,0.236,0.238,-0.017,-0.121,-0.207,0.109,-0.156,-0.34
20,A1_1,-0.036,1.0,-0.053,0.161,0.11,0.012,-0.277,-0.07,0.028,-0.03,-0.015,0.119,0.175,0.272,0.166,0.066
20,A1_2,-0.133,-0.053,1.0,0.175,-0.164,-0.166,-0.052,0.139,-0.139,0.132,-0.044,0.007,0.114,-0.106,-0.148,0.285
20,A1_3,0.088,0.161,0.175,1.0,0.201,0.161,-0.059,-0.301,-0.07,0.338,-0.069,-0.265,0.231,0.063,-0.118,0.071
20,B1_1,0.169,0.11,-0.164,0.201,1.0,-0.206,0.031,0.135,-0.065,-0.005,-0.302,-0.09,-0.11,0.225,-0.256,-0.365
20,B1_2,0.206,0.012,-0.166,0.161,-0.206,1.0,0.442,-0.468,0.08,0.196,-0.094,-0.159,0.175,0.231,0.054,-0.168
20,B1_3,0.176,-0.277,-0.052,-0.059,0.031,0.442,1.0,-0.225,-0.2,0.151,0.101,0.055,0.033,0.256,0.119,-0.402
20,A2_1,-0.237,-0.07,0.139,-0.301,0.135,-0.468,-0.225,1.0,-0.111,-0.339,0.107,-0.218,-0.009,-0.014,-0.241,-0.047
20,A2_2,0.236,0.028,-0.139,-0.07,-0.065,0.08,-0.2,-0.111,1.0,-0.011,-0.232,0.228,-0.138,-0.146,-0.185,-0.176
20,A2_3,0.238,-0.03,0.132,0.338,-0.005,0.196,0.151,-0.339,-0.011,1.0,-0.053,-0.222,-0.029,-0.18,-0.229,-0.1
20,B2_1,-0.017,-0.015,-0.044,-0.069,-0.302,-0.094,0.101,0.107,-0.232,-0.053,1.0,-0.027,-0.177,-0.02,0.152,0.249
20,B2_2,-0.121,0.119,0.007,-0.265,-0.09,-0.159,0.055,-0.218,0.228,-0.222,-0.027,1.0,0.027,-0.066,0.385,0.161
20,B2_3,-0.207,0.175,0.114,0.231,-0.11,0.175,0.033,-0.009,-0.138,-0.029,-0.177,0.027,1.0,0.255,0.177,0.064
20,y1,0.109,0.272,-0.106,0.063,0.225,0.231,0.256,-0.014,-0.146,-0.18,-0.02,-0.066,0.255,1.0,0.192,-0.149
20,y2,-0.156,0.166,-0.148,-0.118,-0.256,0.054,0.119,-0.241,-0.185,-0.229,0.152,0.385,0.177,0.192,1.0,0.272
20,y3,-0.34,0.066,0.285,0.071,-0.365,-0.168,-0.402,-0.047,-0.176,-0.1,0.249,0.161,0.064,-0.149,0.272,1.0
21,.,1.0,-0.037,-0.134,0.089,0.169,0.205,0.177,-0.237,0.236,0.238,-0.017,-0.122,-0.206,0.11,-0.155,-0.341
21,A1_1,-0.037,1.0,-0.052,0.16,0.109,0.011,-0.278,-0.069,0.028,-0.03,-0.014,0.12,0.176,0.269,0.166,0.068
21,A1_2,-0.134,-0.052,1.0,0.175,-0.165,-0.165,-0.052,0.138,-0.138,0.132,-0.044,0.007,0.114,-0.107,-0.147,0.285
21,A1_3,0.089,0.16,0.175,1.0,0.202,0.161,-0.059,-0.301,-0.07,0.338,-0.07,-0.266,0.231,0.063,-0.118,0.069
21,B1_1,0.169,0.109,-0.165,0.202,1.0,-0.206,0.031,0.134,-0.065,-0.006,-0.302,-0.09,-0.11,0.226,-0.257,-0.366
21,B1_2,0.205,0.011,-0.165,0.161,-0.206,1.0,0.442,-0.468,0.079,0.196,-0.094,-0.159,0.175,0.231,0.054,-0.168
21,B1_3,0.177,-0.278,-0.052,-0.059,0.031,0.442,1.0,-0.225,-0.2,0.151,0.101,0.055,0.033,0.257,0.119,-0.403
21,A2_1,-0.237,-0.069,0.138,-0.301,0.134,-0.468,-0.225,1.0,-0.11,-0.337,0.107,-0.219,-0.009,-0.013,-0.241,-0.048
21,A2_2,0.236,0.028,-0.138,-0.07,-0.065,0.079,-0.2,-0.11,1.0,-0.011,-0.232,0.229,-0.139,-0.147,-0.186,-0.175
21,A2_3,0.238,-0.03,0.132,0.338,-0.006,0.196,0.151,-0.337,-0.011,1.0,-0.052,-0.221,-0.029,-0.181,-0.228,-0.1
21,B2_1,-0.017,-0.014,-0.044,-0.07,-0.302,-0.094,0.101,0.107,-0.232,-0.052,1.0,-0.027,-0.177,-0.018,0.152,0.248
21,B2_2,-0.122,0.12,0.007,-0.266,-0.09,-0.159,0.055,-0.219,0.229,-0.221,-0.027,1.0,0.027,-0.066,0.385,0.161
21,B2_3,-0.206,0.176,0.114,0.231,-0.11,0.175,0.033,-0.009,-0.139,-0.029,-0.177,0.027,1.0,0.254,0.177,0.065
21,y1,0.11,0.269,-0.107,0.063,0.226,0.231,0.257,-0.013,-0.147,-0.181,-0.018,-0.066,0.254,1.0,0.193,-0.148
21,y2,-0.155,0.166,-0.147,-0.118,-0.257,0.054,0.119,-0.241,-0.186,-0.228,0.152,0.385,0.177,0.193,1.0,0.274
21,y3,-0.341,0.068,0.285,0.069,-0.366,-0.168,-0.403,-0.048,-0.175,-0.1,0.248,0.161,0.065,-0.148,0.274,1.0
22,.,1.0,-0.037,-0.133,0.09,0.171,0.204,0.176,-0.236,0.235,0.236,-0.017,-0.122,-0.205,0.111,-0.155,-0.343
22,A1_1,-0.037,1.0,-0.052,0.161,0.109,0.012,-0.277,-0.068,0.028,-0.03,-0.014,0.119,0.176,0.269,0.165,0.07
22,A1_2,-0.133,-0.052,1.0,0.175,-0.165,-0.165,-0.051,0.138,-0.136,0.133,-0.044,0.007,0.114,-0.106,-0.146,0.283
22,A1_3,0.09,0.161,0.175,1.0,0.202,0.161,-0.059,-0.301,-0.069,0.338,-0.07,-0.266,0.231,0.063,-0.119,0.067
22,B1_1,0.171,0.109,-0.165,0.202,1.0,-0.206,0.031,0.134,-0.066,-0.006,-0.302,-0.09,-0.11,0.225,-0.257,-0.366
22,B1_2,0.204,0.012,-0.165,0.161,-0.206,1.0,0.442,-0.469,0.079,0.196,-0.093,-0.159,0.176,0.231,0.054,-0.168
22,B1_3,0.176,-0.277,-0.051,-0.059,0.031,0.442,1.0,-0.226,-0.199,0.151,0.101,0.055,0.033,0.257,0.119,-0.404
22,A2_1,-0.236,-0.068,0.138,-0.301,0.134,-0.469,-0.226,1.0,-0.111,-0.337,0.107,-0.219,-0.01,-0.013,-0.241,-0.046
22,A2_2,0.235,0.028,-0.136,-0.069,-0.066,0.079,-0.199,-0.111,1.0,-0.011,-0.232,0.228,-0.14,-0.148,-0.185,-0.175
22,A2_3,0.236,-0.03,0.133,0.338,-0.006,0.196,0.151,-0.337,-0.011,1.0,-0.052,-0.221,-0.028,-0.18,-0.227,-0.101
22,B2_1,-0.017,-0.014,-0.044,-0.07,-0.302,-0.093,0.101,0.107,-0.232,-0.052,1.0,-0.027,-0.177,-0.019,0.152,0.248
22,B2_2,-0.122,0.119,0.007,-0.266,-0.09,-0.159,0.055,-0.219,0.228,-0.221,-0.027,1.0,0.026,-0.066,0.386,0.162
22,B2_3,-0.205,0.176,0.114,0.231,-0.11,0.176,0.033,-0.01,-0.14,-0.028,-0.177,0.026,1.0,0.254,0.176,0.066
22,y1,0.111,0.269,-0.106,0.063,0.225,0.231,0.257,-0.013,-0.148,-0.18,-0.019,-0.066,0.254,1.0,0.191,-0.147
22,y2,-0.155,0.165,-0.146,-0.119,-0.257,0.054,0.119,-0.241,-0.185,-0.227,0.152,0.386,0.176,0.191,1.0,0.276
22,y3,-0.343,0.07,0.283,0.067,-0.366,-0.168,-0.404,-0.046,-0.175,-0.101,0.248,0.162,0.066,-0.147,0.276,1.0
23,.,1.0,-0.039,-0.133,0.09,0.17,0.202,0.176,-0.237,0.232,0.236,-0.016,-0.121,-0.205,0.111,-0.153,-0.343
23,A1_1,-0.039,1.0,-0.049,0.16,0.108,0.012,-0.276,-0.068,0.029,-0.029,-0.014,0.118,0.175,0.267,0.165,0.071
23,A1_2,-0.133,-0.049,1.0,0.175,-0.164,-0.165,-0.051,0.139,-0.136,0.133,-0.044,0.007,0.114,-0.106,-0.145,0.282
