,,.,A1_1,A1_2,A1_3,B1_1,B1_2,B1_3,A2_1,A2_2,A2_3,B2_1,B2_2,B2_3,y1,y2,y3
0,.,1.0,0.304,0.291,0.578,0.647,0.707,0.394,0.859,0.715,0.471,0.735,0.714,0.847,0.863,0.834,0.882
0,A1_1,0.304,1.0,0.828,0.772,0.684,0.633,0.711,0.303,0.706,0.751,0.64,0.502,0.43,0.366,0.289,0.237
0,A1_2,0.291,0.828,1.0,0.748,0.746,0.537,0.771,0.322,0.7,0.812,0.629,0.614,0.492,0.376,0.231,0.23
0,A1_3,0.578,0.772,0.748,1.0,0.744,0.763,0.658,0.575,0.765,0.761,0.737,0.669,0.569,0.643,0.548,0.533
0,B1_1,0.647,0.684,0.746,0.744,1.0,0.837,0.903,0.562,0.787,0.886,0.89,0.803,0.797,0.681,0.528,0.64
0,B1_2,0.707,0.633,0.537,0.763,0.837,1.0,0.74,0.556,0.705,0.69,0.822,0.663,0.707,0.729,0.571,0.654
0,B1_3,0.394,0.711,0.771,0.658,0.903,0.74,1.0,0.311,0.691,0.878,0.78,0.655,0.657,0.536,0.376,0.398
0,A2_1,0.859,0.303,0.322,0.575,0.562,0.556,0.311,1.0,0.764,0.447,0.657,0.724,0.771,0.838,0.81,0.859
0,A2_2,0.715,0.706,0.7,0.765,0.787,0.705,0.691,0.764,1.0,0.776,0.809,0.815,0.808,0.76,0.686,0.675
0,A2_3,0.471,0.751,0.812,0.761,0.886,0.69,0.878,0.447,0.776,1.0,0.893,0.79,0.721,0.552,0.468,0.498
0,B2_1,0.735,0.64,0.629,0.737,0.89,0.822,0.78,0.657,0.809,0.893,1.0,0.849,0.883,0.767,0.674,0.755
0,B2_2,0.714,0.502,0.614,0.669,0.803,0.663,0.655,0.724,0.815,0.79,0.849,1.0,0.91,0.691,0.677,0.757
0,B2_3,0.847,0.43,0.492,0.569,0.797,0.707,0.657,0.771,0.808,0.721,0.883,0.91,1.0,0.827,0.804,0.868
0,y1,0.863,0.366,0.376,0.643,0.681,0.729,0.536,0.838,0.76,0.552,0.767,0.691,0.827,1.0,0.846,0.894
0,y2,0.834,0.289,0.231,0.548,0.528,0.571,0.376,0.81,0.686,0.468,0.674,0.677,0.804,0.846,1.0,0.848
0,y3,0.882,0.237,0.23,0.533,0.64,0.654,0.398,0.859,0.675,0.498,0.755,0.757,0.868,0.894,0.848,1.0
1,.,1.0,0.64,0.566,0.61,0.667,0.736,0.638,0.842,0.727,0.776,0.769,0.87,0.848,0.848,0.692,0.84
1,A1_1,0.64,1.0,0.905,0.944,0.559,0.642,0.521,0.822,0.924,0.835,0.738,0.715,0.607,0.725,0.73,0.695
1,A1_2,0.566,0.905,1.0,0.887,0.531,0.558,0.503,0.715,0.833,0.713,0.631,0.623,0.537,0.597,0.554,0.554
1,A1_3,0.61,0.944,0.887,1.0,0.518,0.624,0.471,0.782,0.889,0.827,0.694,0.662,0.548,0.651,0.63,0.617
1,B1_1,0.667,0.559,0.531,0.518,1.0,0.873,0.943,0.597,0.637,0.645,0.807,0.752,0.842,0.707,0.498,0.691
1,B1_2,0.736,0.642,0.558,0.624,0.873,1.0,0.876,0.651,0.663,0.654,0.785,0.713,0.775,0.769,0.565,0.718
1,B1_3,0.638,0.521,0.503,0.471,0.943,0.876,1.0,0.53,0.614,0.587,0.78,0.706,0.833,0.721,0.527,0.685
1,A2_1,0.842,0.822,0.715,0.782,0.597,0.651,0.53,1.0,0.86,0.877,0.768,0.868,0.742,0.84,0.777,0.854
1,A2_2,0.727,0.924,0.833,0.889,0.637,0.663,0.614,0.86,1.0,0.932,0.847,0.809,0.757,0.781,0.766,0.766
1,A2_3,0.776,0.835,0.713,0.827,0.645,0.654,0.587,0.877,0.932,1.0,0.918,0.89,0.809,0.775,0.729,0.81
1,B2_1,0.769,0.738,0.631,0.694,0.807,0.785,0.78,0.768,0.847,0.918,1.0,0.897,0.902,0.789,0.662,0.802
1,B2_2,0.87,0.715,0.623,0.662,0.752,0.713,0.706,0.868,0.809,0.89,0.897,1.0,0.911,0.814,0.714,0.883
1,B2_3,0.848,0.607,0.537,0.548,0.842,0.775,0.833,0.742,0.757,0.809,0.902,0.911,1.0,0.814,0.697,0.847
1,y1,0.848,0.725,0.597,0.651,0.707,0.769,0.721,0.84,0.781,0.775,0.789,0.814,0.814,1.0,0.874,0.946
1,y2,0.692,0.73,0.554,0.63,0.498,0.565,0.527,0.777,0.766,0.729,0.662,0.714,0.697,0.874,1.0,0.884
1,y3,0.84,0.695,0.554,0.617,0.691,0.718,0.685,0.854,0.766,0.81,0.802,0.883,0.847,0.946,0.884,1.0
2,.,1.0,0.748,0.78,0.86,0.794,0.875,0.779,0.908,0.861,0.877,0.904,0.933,0.896,0.867,0.845,0.873
2,A1_1,0.748,1.0,0.906,0.881,0.639,0.717,0.624,0.794,0.849,0.821,0.709,0.692,0.585,0.775,0.812,0.751
2,A1_2,0.78,0.906,1.0,0.89,0.659,0.706,0.61,0.799,0.821,0.791,0.668,0.698,0.587,0.755,0.764,0.746
2,A1_3,0.86,0.881,0.89,1.0,0.634,0.726,0.59,0.94,0.952,0.943,0.797,0.828,0.68,0.8,0.857,0.785
2,B1_1,0.794,0.639,0.659,0.634,1.0,0.903,0.927,0.702,0.679,0.747,0.869,0.813,0.897,0.807,0.715,0.867
2,B1_2,0.875,0.717,0.706,0.726,0.903,1.0,0.929,0.764,0.753,0.795,0.895,0.843,0.896,0.857,0.791,0.894
2,B1_3,0.779,0.624,0.61,0.59,0.927,0.929,1.0,0.637,0.645,0.684,0.816,0.742,0.846,0.823,0.709,0.835
2,A2_1,0.908,0.794,0.799,0.94,0.702,0.764,0.637,1.0,0.945,0.961,0.876,0.931,0.804,0.822,0.877,0.861
2,A2_2,0.861,0.849,0.821,0.952,0.679,0.753,0.645,0.945,1.0,0.969,0.837,0.833,0.742,0.855,0.908,0.837
2,A2_3,0.877,0.821,0.791,0.943,0.747,0.795,0.684,0.961,0.969,1.0,0.91,0.903,0.811,0.829,0.889,0.865
2,B2_1,0.904,0.709,0.668,0.797,0.869,0.895,0.816,0.876,0.837,0.91,1.0,0.948,0.94,0.81,0.815,0.875
2,B2_2,0.933,0.692,0.698,0.828,0.813,0.843,0.742,0.931,0.833,0.903,0.948,1.0,0.926,0.802,0.836,0.885
2,B2_3,0.896,0.585,0.587,0.68,0.897,0.896,0.846,0.804,0.742,0.811,0.94,0.926,1.0,0.808,0.786,0.887
2,y1,0.867,0.775,0.755,0.8,0.807,0.857,0.823,0.822,0.855,0.829,0.81,0.802,0.808,1.0,0.912,0.937
2,y2,0.845,0.812,0.764,0.857,0.715,0.791,0.709,0.877,0.908,0.889,0.815,0.836,0.786,0.912,1.0,0.923
2,y3,0.873,0.751,0.746,0.785,0.867,0.894,0.835,0.861,0.837,0.865,0.875,0.885,0.887,0.937,0.923,1.0
3,.,1.0,0.759,0.835,0.831,0.827,0.863,0.844,0.891,0.84,0.865,0.914,0.932,0.899,0.869,0.847,0.872
3,A1_1,0.759,1.0,0.925,0.913,0.739,0.773,0.691,0.842,0.89,0.865,0.747,0.734,0.619,0.846,0.85,0.787
3,A1_2,0.835,0.925,1.0,0.961,0.73,0.753,0.681,0.9,0.901,0.874,0.749,0.784,0.655,0.84,0.842,0.797
3,A1_3,0.831,0.913,0.961,1.0,0.708,0.745,0.669,0.916,0.909,0.911,0.773,0.796,0.657,0.825,0.835,0.772
3,B1_1,0.827,0.739,0.73,0.708,1.0,0.906,0.918,0.746,0.729,0.781,0.891,0.855,0.857,0.844,0.767,0.904
3,B1_2,0.863,0.773,0.753,0.745,0.906,1.0,0.946,0.74,0.742,0.783,0.889,0.856,0.875,0.856,0.818,0.881
3,B1_3,0.844,0.691,0.681,0.669,0.918,0.946,1.0,0.731,0.721,0.776,0.91,0.877,0.917,0.828,0.805,0.885
3,A2_1,0.891,0.842,0.9,0.916,0.746,0.74,0.731,1.0,0.957,0.967,0.857,0.899,0.779,0.865,0.881,0.862
3,A2_2,0.84,0.89,0.901,0.909,0.729,0.742,0.721,0.957,1.0,0.972,0.821,0.822,0.716,0.895,0.9,0.838
3,A2_3,0.865,0.865,0.874,0.911,0.781,0.783,0.776,0.967,0.972,1.0,0.893,0.891,0.795,0.87,0.901,0.863
3,B2_1,0.914,0.747,0.749,0.773,0.891,0.889,0.91,0.857,0.821,0.893,1.0,0.963,0.951,0.832,0.839,0.893
3,B2_2,0.932,0.734,0.784,0.796,0.855,0.856,0.877,0.899,0.822,0.891,0.963,1.0,0.944,0.844,0.88,0.913
3,B2_3,0.899,0.619,0.655,0.657,0.857,0.875,0.917,0.779,0.716,0.795,0.951,0.944,1.0,0.791,0.804,0.877
3,y1,0.869,0.846,0.84,0.825,0.844,0.856,0.828,0.865,0.895,0.87,0.832,0.844,0.791,1.0,0.922,0.941
3,y2,0.847,0.85,0.842,0.835,0.767,0.818,0.805,0.881,0.9,0.901,0.839,0.88,0.804,0.922,1.0,0.914
3,y3,0.872,0.787,0.797,0.772,0.904,0.881,0.885,0.862,0.838,0.863,0.893,0.913,0.877,0.941,0.914,1.0
4,.,1.0,0.774,0.851,0.85,0.872,0.887,0.862,0.898,0.853,0.867,0.914,0.933,0.894,0.872,0.845,0.865
4,A1_1,0.774,1.0,0.935,0.913,0.742,0.784,0.703,0.856,0.905,0.881,0.762,0.747,0.635,0.855,0.864,0.807
4,A1_2,0.851,0.935,1.0,0.963,0.748,0.785,0.705,0.933,0.945,0.903,0.767,0.799,0.672,0.885,0.875,0.838
4,A1_3,0.85,0.913,0.963,1.0,0.729,0.753,0.684,0.95,0.95,0.938,0.79,0.816,0.666,0.85,0.862,0.797
4,B1_1,0.872,0.742,0.748,0.729,1.0,0.936,0.943,0.808,0.777,0.828,0.935,0.912,0.92,0.882,0.841,0.936
4,B1_2,0.887,0.784,0.785,0.753,0.936,1.0,0.949,0.793,0.778,0.818,0.918,0.9,0.913,0.873,0.856,0.895
4,B1_3,0.862,0.703,0.705,0.684,0.943,0.949,1.0,0.767,0.743,0.799,0.938,0.909,0.945,0.839,0.834,0.894
4,A2_1,0.898,0.856,0.933,0.95,0.808,0.793,0.767,1.0,0.961,0.964,0.855,0.897,0.779,0.882,0.888,0.883
4,A2_2,0.853,0.905,0.945,0.95,0.777,0.778,0.743,0.961,1.0,0.971,0.819,0.826,0.712,0.906,0.906,0.863
4,A2_3,0.867,0.881,0.903,0.938,0.828,0.818,0.799,0.964,0.971,1.0,0.893,0.891,0.793,0.876,0.908,0.876
4,B2_1,0.914,0.762,0.767,0.79,0.935,0.918,0.938,0.855,0.819,0.893,1.0,0.967,0.951,0.833,0.846,0.885
4,B2_2,0.933,0.747,0.799,0.816,0.912,0.9,0.909,0.897,0.826,0.891,0.967,1.0,0.948,0.849,0.882,0.902
4,B2_3,0.894,0.635,0.672,0.666,0.92,0.913,0.945,0.779,0.712,0.793,0.951,0.948,1.0,0.8,0.813,0.867
4,y1,0.872,0.855,0.885,0.85,0.882,0.873,0.839,0.882,0.906,0.876,0.833,0.849,0.8,1.0,0.934,0.949
4,y2,0.845,0.864,0.875,0.862,0.841,0.856,0.834,0.888,0.906,0.908,0.846,0.882,0.813,0.934,1.0,0.93
4,y3,0.865,0.807,0.838,0.797,0.936,0.895,0.894,0.883,0.863,0.876,0.885,0.902,0.867,0.949,0.93,1.0
5,.,1.0,0.744,0.791,0.788,0.845,0.86,0.832,0.861,0.828,0.836,0.889,0.912,0.865,0.825,0.806,0.833
5,A1_1,0.744,1.0,0.943,0.934,0.669,0.732,0.63,0.88,0.915,0.884,0.723,0.706,0.59,0.836,0.847,0.807
5,A1_2,0.791,0.943,1.0,0.971,0.65,0.703,0.617,0.944,0.949,0.894,0.699,0.728,0.593,0.853,0.849,0.83
5,A1_3,0.788,0.934,0.971,1.0,0.644,0.682,0.6,0.957,0.954,0.932,0.722,0.749,0.583,0.819,0.838,0.793
5,B1_1,0.845,0.669,0.65,0.644,1.0,0.931,0.958,0.748,0.721,0.791,0.945,0.918,0.938,0.828,0.793,0.892
5,B1_2,0.86,0.732,0.703,0.682,0.931,1.0,0.951,0.74,0.74,0.788,0.92,0.89,0.921,0.832,0.82,0.869
5,B1_3,0.832,0.63,0.617,0.6,0.958,0.951,1.0,0.701,0.684,0.752,0.936,0.901,0.956,0.806,0.789,0.868
5,A2_1,0.861,0.88,0.944,0.957,0.748,0.74,0.701,1.0,0.962,0.96,0.806,0.852,0.71,0.861,0.872,0.874
5,A2_2,0.828,0.915,0.949,0.954,0.721,0.74,0.684,0.962,1.0,0.966,0.782,0.79,0.662,0.89,0.891,0.863
5,A2_3,0.836,0.884,0.894,0.932,0.791,0.788,0.752,0.96,0.966,1.0,0.868,0.867,0.75,0.856,0.889,0.872
5,B2_1,0.889,0.723,0.699,0.722,0.945,0.92,0.936,0.806,0.782,0.868,1.0,0.967,0.947,0.789,0.808,0.857
5,B2_2,0.912,0.706,0.728,0.749,0.918,0.89,0.901,0.852,0.79,0.867,0.967,1.0,0.944,0.802,0.839,0.871
5,B2_3,0.865,0.59,0.593,0.583,0.938,0.921,0.956,0.71,0.662,0.75,0.947,0.944,1.0,0.769,0.774,0.836
5,y1,0.825,0.836,0.853,0.819,0.828,0.832,0.806,0.861,0.89,0.856,0.789,0.802,0.769,1.0,0.93,0.95
5,y2,0.806,0.847,0.849,0.838,0.793,0.82,0.789,0.872,0.891,0.889,0.808,0.839,0.774,0.93,1.0,0.939
5,y3,0.833,0.807,0.83,0.793,0.892,0.869,0.868,0.874,0.863,0.872,0.857,0.871,0.836,0.95,0.939,1.0
6,.,1.0,0.733,0.755,0.762,0.831,0.851,0.815,0.834,0.816,0.822,0.881,0.897,0.849,0.802,0.784,0.82
6,A1_1,0.733,1.0,0.949,0.944,0.633,0.708,0.601,0.902,0.918,0.889,0.716,0.694,0.567,0.826,0.839,0.809
6,A1_2,0.755,0.949,1.0,0.974,0.595,0.665,0.566,0.955,0.944,0.886,0.672,0.691,0.545,0.837,0.835,0.823
6,A1_3,0.762,0.944,0.974,1.0,0.604,0.656,0.56,0.967,0.958,0.932,0.705,0.716,0.547,0.812,0.829,0.798
6,B1_1,0.831,0.633,0.595,0.604,1.0,0.932,0.96,0.694,0.693,0.768,0.944,0.922,0.944,0.789,0.761,0.868
6,B1_2,0.851,0.708,0.665,0.656,0.932,1.0,0.953,0.707,0.726,0.78,0.925,0.9,0.928,0.812,0.806,0.858
6,B1_3,0.815,0.601,0.566,0.56,0.96,0.953,1.0,0.646,0.653,0.725,0.932,0.903,0.96,0.772,0.758,0.844
6,A2_1,0.834,0.902,0.955,0.967,0.694,0.707,0.646,1.0,0.965,0.95,0.775,0.81,0.656,0.849,0.853,0.864
6,A2_2,0.816,0.918,0.944,0.958,0.693,0.726,0.653,0.965,1.0,0.966,0.779,0.776,0.639,0.888,0.887,0.869
6,A2_3,0.822,0.889,0.886,0.932,0.768,0.78,0.725,0.95,0.966,1.0,0.866,0.857,0.732,0.846,0.879,0.87
6,B2_1,0.881,0.716,0.672,0.705,0.944,0.925,0.932,0.775,0.779,0.866,1.0,0.973,0.945,0.772,0.797,0.849
6,B2_2,0.897,0.694,0.691,0.716,0.922,0.9,0.903,0.81,0.776,0.857,0.973,1.0,0.947,0.779,0.816,0.861
6,B2_3,0.849,0.567,0.545,0.547,0.944,0.928,0.96,0.656,0.639,0.732,0.945,0.947,1.0,0.741,0.749,0.818
6,y1,0.802,0.826,0.837,0.812,0.789,0.812,0.772,0.849,0.888,0.846,0.772,0.779,0.741,1.0,0.924,0.948
6,y2,0.784,0.839,0.835,0.829,0.761,0.806,0.758,0.853,0.887,0.879,0.797,0.816,0.749,0.924,1.0,0.938
6,y3,0.82,0.809,0.823,0.798,0.868,0.858,0.844,0.864,0.869,0.87,0.849,0.861,0.818,0.948,0.938,1.0
7,.,1.0,0.684,0.678,0.717,0.777,0.815,0.758,0.784,0.783,0.791,0.859,0.868,0.807,0.739,0.715,0.777
7,A1_1,0.684,1.0,0.959,0.953,0.532,0.628,0.495,0.921,0.927,0.892,0.652,0.637,0.491,0.807,0.816,0.805
7,A1_2,0.678,0.959,1.0,0.969,0.478,0.575,0.443,0.954,0.941,0.878,0.598,0.617,0.449,0.799,0.799,0.802
7,A1_3,0.717,0.953,0.969,1.0,0.511,0.587,0.464,0.976,0.965,0.94,0.653,0.665,0.477,0.793,0.803,0.797
7,B1_1,0.777,0.532,0.478,0.511,1.0,0.931,0.959,0.593,0.607,0.689,0.938,0.911,0.949,0.724,0.683,0.812
7,B1_2,0.815,0.628,0.575,0.587,0.931,1.0,0.951,0.638,0.671,0.731,0.924,0.897,0.933,0.774,0.75,0.833
7,B1_3,0.758,0.495,0.443,0.464,0.959,0.951,1.0,0.538,0.558,0.642,0.919,0.883,0.959,0.699,0.667,0.775
7,A2_1,0.784,0.921,0.954,0.976,0.593,0.638,0.538,1.0,0.97,0.953,0.719,0.751,0.572,0.821,0.826,0.85
7,A2_2,0.783,0.927,0.941,0.965,0.607,0.671,0.558,0.97,1.0,0.966,0.734,0.734,0.575,0.874,0.87,0.868
7,A2_3,0.791,0.892,0.878,0.94,0.689,0.731,0.642,0.953,0.966,1.0,0.824,0.82,0.671,0.832,0.859,0.87
7,B2_1,0.859,0.652,0.598,0.653,0.938,0.924,0.919,0.719,0.734,0.824,1.0,0.975,0.944,0.733,0.747,0.831
7,B2_2,0.868,0.637,0.617,0.665,0.911,0.897,0.883,0.751,0.734,0.82,0.975,1.0,0.938,0.729,0.757,0.835
7,B2_3,0.807,0.491,0.449,0.477,0.949,0.933,0.959,0.572,0.575,0.671,0.944,0.938,1.0,0.696,0.686,0.777
7,y1,0.739,0.807,0.799,0.793,0.724,0.774,0.699,0.821,0.874,0.832,0.733,0.729,0.696,1.0,0.927,0.948
7,y2,0.715,0.816,0.799,0.803,0.683,0.75,0.667,0.826,0.87,0.859,0.747,0.757,0.686,0.927,1.0,0.941
7,y3,0.777,0.805,0.802,0.797,0.812,0.833,0.775,0.85,0.868,0.87,0.831,0.835,0.777,0.948,0.941,1.0
8,.,1.0,0.654,0.627,0.668,0.749,0.802,0.751,0.752,0.754,0.779,0.844,0.843,0.796,0.713,0.675,0.748
8,A1_1,0.654,1.0,0.96,0.958,0.491,0.597,0.471,0.93,0.933,0.897,0.632,0.609,0.465,0.793,0.797,0.802
8,A1_2,0.627,0.96,1.0,0.971,0.428,0.531,0.41,0.955,0.942,0.87,0.563,0.571,0.409,0.78,0.774,0.79
8,A1_3,0.668,0.958,0.971,1.0,0.448,0.537,0.421,0.973,0.965,0.93,0.604,0.605,0.427,0.773,0.777,0.785
8,B1_1,0.749,0.491,0.428,0.448,1.0,0.931,0.965,0.541,0.555,0.646,0.933,0.912,0.95,0.702,0.641,0.784
8,B1_2,0.802,0.597,0.531,0.537,0.931,1.0,0.957,0.597,0.629,0.708,0.933,0.91,0.939,0.751,0.714,0.809
8,B1_3,0.751,0.471,0.41,0.421,0.965,0.957,1.0,0.505,0.523,0.623,0.929,0.901,0.966,0.677,0.637,0.756
8,A2_1,0.752,0.93,0.955,0.973,0.541,0.597,0.505,1.0,0.975,0.946,0.682,0.703,0.531,0.812,0.799,0.842
8,A2_2,0.754,0.933,0.942,0.965,0.555,0.629,0.523,0.975,1.0,0.963,0.701,0.698,0.537,0.863,0.852,0.867
8,A2_3,0.779,0.897,0.87,0.93,0.646,0.708,0.623,0.946,0.963,1.0,0.805,0.795,0.648,0.823,0.841,0.868
8,B2_1,0.844,0.632,0.563,0.604,0.933,0.933,0.929,0.682,0.701,0.805,1.0,0.974,0.943,0.727,0.719,0.826
8,B2_2,0.843,0.609,0.571,0.605,0.912,0.91,0.901,0.703,0.698,0.795,0.974,1.0,0.942,0.73,0.732,0.832
8,B2_3,0.796,0.465,0.409,0.427,0.95,0.939,0.966,0.531,0.537,0.648,0.943,0.942,1.0,0.681,0.653,0.756
8,y1,0.713,0.793,0.78,0.773,0.702,0.751,0.677,0.812,0.863,0.823,0.727,0.73,0.681,1.0,0.924,0.948
8,y2,0.675,0.797,0.774,0.777,0.641,0.714,0.637,0.799,0.852,0.841,0.719,0.732,0.653,0.924,1.0,0.935
8,y3,0.748,0.802,0.79,0.785,0.784,0.809,0.756,0.842,0.867,0.868,0.826,0.832,0.756,0.948,0.935,1.0
9,.,1.0,0.614,0.578,0.623,0.714,0.768,0.711,0.7,0.712,0.745,0.809,0.804,0.741,0.679,0.614,0.708
9,A1_1,0.614,1.0,0.968,0.962,0.412,0.537,0.394,0.94,0.946,0.905,0.586,0.545,0.378,0.756,0.761,0.787
9,A1_2,0.578,0.968,1.0,0.967,0.356,0.478,0.343,0.961,0.951,0.878,0.523,0.51,0.327,0.741,0.743,0.775
9,A1_3,0.623,0.962,0.967,1.0,0.373,0.485,0.351,0.965,0.967,0.932,0.551,0.534,0.338,0.738,0.743,0.771
9,B1_1,0.714,0.412,0.356,0.373,1.0,0.922,0.965,0.473,0.477,0.58,0.936,0.92,0.955,0.662,0.563,0.733
9,B1_2,0.768,0.537,0.478,0.485,0.922,1.0,0.951,0.542,0.567,0.658,0.933,0.903,0.93,0.733,0.647,0.773
9,B1_3,0.711,0.394,0.343,0.351,0.965,0.951,1.0,0.439,0.443,0.552,0.927,0.898,0.97,0.639,0.555,0.702
9,A2_1,0.7,0.94,0.961,0.965,0.473,0.542,0.439,1.0,0.978,0.941,0.635,0.64,0.444,0.775,0.761,0.828
9,A2_2,0.712,0.946,0.951,0.967,0.477,0.567,0.443,0.978,1.0,0.961,0.65,0.632,0.446,0.832,0.824,0.856
9,A2_3,0.745,0.905,0.878,0.932,0.58,0.658,0.552,0.941,0.961,1.0,0.756,0.737,0.565,0.798,0.804,0.86
9,B2_1,0.809,0.586,0.523,0.551,0.936,0.933,0.927,0.635,0.65,0.756,1.0,0.972,0.934,0.721,0.668,0.813
9,B2_2,0.804,0.545,0.51,0.534,0.92,0.903,0.898,0.64,0.632,0.737,0.972,1.0,0.934,0.694,0.651,0.797
9,B2_3,0.741,0.378,0.327,0.338,0.955,0.93,0.97,0.444,0.446,0.565,0.934,0.934,1.0,0.643,0.57,0.704
9,y1,0.679,0.756,0.741,0.738,0.662,0.733,0.639,0.775,0.832,0.798,0.721,0.694,0.643,1.0,0.922,0.944
9,y2,0.614,0.761,0.743,0.743,0.563,0.647,0.555,0.761,0.824,0.804,0.668,0.651,0.57,0.922,1.0,0.928
9,y3,0.708,0.787,0.775,0.771,0.733,0.773,0.702,0.828,0.856,0.86,0.813,0.797,0.704,0.944,0.928,1.0
10,.,1.0,0.613,0.574,0.635,0.702,0.744,0.681,0.688,0.693,0.725,0.798,0.784,0.697,0.649,0.599,0.688
10,A1_1,0.613,1.0,0.972,0.963,0.361,0.504,0.319,0.94,0.959,0.92,0.535,0.527,0.31,0.721,0.735,0.769
10,A1_2,0.574,0.972,1.0,0.959,0.312,0.458,0.281,0.958,0.958,0.887,0.475,0.493,0.264,0.705,0.72,0.754
10,A1_3,0.635,0.963,0.959,1.0,0.347,0.48,0.305,0.963,0.97,0.946,0.516,0.529,0.291,0.716,0.727,0.76
10,B1_1,0.702,0.361,0.312,0.347,1.0,0.924,0.965,0.445,0.425,0.533,0.945,0.925,0.958,0.634,0.524,0.714
10,B1_2,0.744,0.504,0.458,0.48,0.924,1.0,0.94,0.531,0.538,0.624,0.932,0.893,0.915,0.743,0.64,0.78
10,B1_3,0.681,0.319,0.281,0.305,0.965,0.94,1.0,0.389,0.371,0.476,0.924,0.882,0.971,0.614,0.515,0.681
10,A2_1,0.688,0.94,0.958,0.963,0.445,0.531,0.389,1.0,0.979,0.947,0.592,0.627,0.386,0.738,0.736,0.81
10,A2_2,0.693,0.959,0.958,0.97,0.425,0.538,0.371,0.979,1.0,0.961,0.59,0.604,0.371,0.793,0.801,0.832
10,A2_3,0.725,0.92,0.887,0.946,0.533,0.624,0.476,0.947,0.961,1.0,0.693,0.701,0.485,0.765,0.781,0.842
10,B2_1,0.798,0.535,0.475,0.516,0.945,0.932,0.924,0.592,0.59,0.693,1.0,0.97,0.931,0.685,0.623,0.787
10,B2_2,0.784,0.527,0.493,0.529,0.925,0.893,0.882,0.627,0.604,0.701,0.97,1.0,0.914,0.664,0.622,0.786
10,B2_3,0.697,0.31,0.264,0.291,0.958,0.915,0.971,0.386,0.371,0.485,0.931,0.914,1.0,0.615,0.531,0.682
10,y1,0.649,0.721,0.705,0.716,0.634,0.743,0.614,0.738,0.793,0.765,0.685,0.664,0.615,1.0,0.908,0.928
10,y2,0.599,0.735,0.72,0.727,0.524,0.64,0.515,0.736,0.801,0.781,0.623,0.622,0.531,0.908,1.0,0.921
10,y3,0.688,0.769,0.754,0.76,0.714,0.78,0.681,0.81,0.832,0.842,0.787,0.786,0.682,0.928,0.921,1.0
11,.,1.0,0.556,0.511,0.563,0.659,0.703,0.644,0.64,0.64,0.681,0.751,0.729,0.658,0.609,0.511,0.625
11,A1_1,0.556,1.0,0.974,0.962,0.301,0.445,0.259,0.949,0.959,0.931,0.468,0.454,0.257,0.694,0.686,0.756
11,A1_2,0.511,0.974,1.0,0.961,0.269,0.411,0.236,0.956,0.954,0.9,0.42,0.428,0.225,0.681,0.674,0.746
11,A1_3,0.563,0.962,0.961,1.0,0.272,0.408,0.231,0.962,0.966,0.941,0.428,0.432,0.221,0.679,0.672,0.743
11,B1_1,0.659,0.301,0.269,0.272,1.0,0.928,0.966,0.373,0.354,0.457,0.946,0.934,0.96,0.601,0.462,0.635
11,B1_2,0.703,0.445,0.411,0.408,0.928,1.0,0.946,0.458,0.464,0.557,0.945,0.909,0.922,0.707,0.577,0.715
11,B1_3,0.644,0.259,0.236,0.231,0.966,0.946,1.0,0.314,0.295,0.402,0.931,0.901,0.975,0.58,0.458,0.599
11,A2_1,0.64,0.949,0.956,0.962,0.373,0.458,0.314,1.0,0.983,0.951,0.518,0.545,0.323,0.712,0.685,0.795
11,A2_2,0.64,0.959,0.954,0.966,0.354,0.464,0.295,0.983,1.0,0.963,0.513,0.523,0.309,0.768,0.754,0.829
11,A2_3,0.681,0.931,0.9,0.941,0.457,0.557,0.402,0.951,0.963,1.0,0.613,0.612,0.412,0.738,0.727,0.831
11,B2_1,0.751,0.468,0.42,0.428,0.946,0.945,0.931,0.518,0.513,0.613,1.0,0.974,0.936,0.672,0.566,0.736
11,B2_2,0.729,0.454,0.428,0.432,0.934,0.909,0.901,0.545,0.523,0.612,0.974,1.0,0.924,0.654,0.557,0.739
11,B2_3,0.658,0.257,0.225,0.221,0.96,0.922,0.975,0.323,0.309,0.412,0.936,0.924,1.0,0.61,0.497,0.629
11,y1,0.609,0.694,0.681,0.679,0.601,0.707,0.58,0.712,0.768,0.738,0.672,0.654,0.61,1.0,0.92,0.941
11,y2,0.511,0.686,0.674,0.672,0.462,0.577,0.458,0.685,0.754,0.727,0.566,0.557,0.497,0.92,1.0,0.926
11,y3,0.625,0.756,0.746,0.743,0.635,0.715,0.599,0.795,0.829,0.831,0.736,0.739,0.629,0.941,0.926,1.0
12,.,1.0,0.503,0.46,0.503,0.596,0.648,0.598,0.587,0.582,0.613,0.684,0.634,0.59,0.554,0.461,0.548
12,A1_1,0.503,1.0,0.974,0.963,0.247,0.384,0.21,0.95,0.958,0.945,0.376,0.355,0.194,0.644,0.636,0.699
12,A1_2,0.46,0.974,1.0,0.959,0.236,0.363,0.207,0.955,0.951,0.922,0.343,0.347,0.18,0.633,0.627,0.7
12,A1_3,0.503,0.963,0.959,1.0,0.222,0.349,0.187,0.957,0.961,0.957,0.333,0.327,0.159,0.624,0.621,0.685
12,B1_1,0.596,0.247,0.236,0.222,1.0,0.925,0.966,0.318,0.284,0.357,0.952,0.942,0.954,0.554,0.412,0.573
12,B1_2,0.648,0.384,0.363,0.349,0.925,1.0,0.949,0.39,0.378,0.453,0.945,0.909,0.921,0.65,0.515,0.643
12,B1_3,0.598,0.21,0.207,0.187,0.966,0.949,1.0,0.262,0.228,0.309,0.942,0.916,0.971,0.531,0.406,0.542
12,A2_1,0.587,0.95,0.955,0.957,0.318,0.39,0.262,1.0,0.984,0.962,0.43,0.448,0.256,0.659,0.639,0.743
12,A2_2,0.582,0.958,0.951,0.961,0.284,0.378,0.228,0.984,1.0,0.972,0.406,0.411,0.23,0.715,0.708,0.778
12,A2_3,0.613,0.945,0.922,0.957,0.357,0.453,0.309,0.962,0.972,1.0,0.474,0.46,0.297,0.688,0.679,0.77
12,B2_1,0.684,0.376,0.343,0.333,0.952,0.945,0.942,0.43,0.406,0.474,1.0,0.972,0.946,0.625,0.503,0.658
12,B2_2,0.634,0.355,0.347,0.327,0.942,0.909,0.916,0.448,0.411,0.46,0.972,1.0,0.937,0.617,0.506,0.672
12,B2_3,0.59,0.194,0.18,0.159,0.954,0.921,0.971,0.256,0.23,0.297,0.946,0.937,1.0,0.581,0.463,0.588
12,y1,0.554,0.644,0.633,0.624,0.554,0.65,0.531,0.659,0.715,0.688,0.625,0.617,0.581,1.0,0.93,0.945
12,y2,0.461,0.636,0.627,0.621,0.412,0.515,0.406,0.639,0.708,0.679,0.503,0.506,0.463,0.93,1.0,0.936
12,y3,0.548,0.699,0.7,0.685,0.573,0.643,0.542,0.743,0.778,0.77,0.658,0.672,0.588,0.945,0.936,1.0
13,.,1.0,0.472,0.415,0.472,0.511,0.603,0.531,0.545,0.559,0.573,0.611,0.536,0.526,0.534,0.43,0.497
13,A1_1,0.472,1.0,0.962,0.947,0.174,0.349,0.162,0.948,0.952,0.95,0.297,0.261,0.137,0.545,0.544,0.613
13,A1_2,0.415,0.962,1.0,0.933,0.177,0.343,0.177,0.941,0.928,0.915,0.268,0.265,0.143,0.546,0.548,0.624
13,A1_3,0.472,0.947,0.933,1.0,0.224,0.385,0.206,0.934,0.934,0.958,0.313,0.291,0.168,0.56,0.566,0.628
13,B1_1,0.511,0.174,0.177,0.224,1.0,0.893,0.952,0.212,0.174,0.268,0.923,0.924,0.92,0.456,0.306,0.438
13,B1_2,0.603,0.349,0.343,0.385,0.893,1.0,0.937,0.322,0.307,0.398,0.937,0.896,0.906,0.583,0.438,0.554
13,B1_3,0.531,0.162,0.177,0.206,0.952,0.937,1.0,0.173,0.143,0.244,0.934,0.91,0.955,0.476,0.344,0.451
13,A2_1,0.545,0.948,0.941,0.934,0.212,0.322,0.173,1.0,0.983,0.959,0.313,0.322,0.166,0.555,0.543,0.652
13,A2_2,0.559,0.952,0.928,0.934,0.174,0.307,0.143,0.983,1.0,0.965,0.297,0.291,0.147,0.619,0.621,0.7
13,A2_3,0.573,0.95,0.915,0.958,0.268,0.398,0.244,0.959,0.965,1.0,0.371,0.342,0.216,0.592,0.587,0.678
13,B2_1,0.611,0.297,0.268,0.313,0.923,0.937,0.934,0.313,0.297,0.371,1.0,0.963,0.947,0.578,0.441,0.571
13,B2_2,0.536,0.261,0.265,0.291,0.924,0.896,0.91,0.322,0.291,0.342,0.963,1.0,0.943,0.578,0.448,0.594
13,B2_3,0.526,0.137,0.143,0.168,0.92,0.906,0.955,0.166,0.147,0.216,0.947,0.943,1.0,0.571,0.438,0.545
13,y1,0.534,0.545,0.546,0.56,0.456,0.583,0.476,0.555,0.619,0.592,0.578,0.578,0.571,1.0,0.933,0.946
13,y2,0.43,0.544,0.548,0.566,0.306,0.438,0.344,0.543,0.621,0.587,0.441,0.448,0.438,0.933,1.0,0.937
13,y3,0.497,0.613,0.624,0.628,0.438,0.554,0.451,0.652,0.7,0.678,0.571,0.594,0.545,0.946,0.937,1.0
14,.,1.0,0.432,0.375,0.424,0.465,0.563,0.496,0.485,0.51,0.509,0.549,0.463,0.48,0.48,0.389,0.444
14,A1_1,0.432,1.0,0.963,0.946,0.155,0.311,0.158,0.955,0.954,0.957,0.263,0.227,0.13,0.502,0.505,0.567
14,A1_2,0.375,0.963,1.0,0.937,0.166,0.313,0.177,0.952,0.929,0.926,0.236,0.236,0.137,0.504,0.507,0.578
14,A1_3,0.424,0.946,0.937,1.0,0.2,0.337,0.185,0.947,0.935,0.964,0.261,0.248,0.141,0.496,0.505,0.562
14,B1_1,0.465,0.155,0.166,0.2,1.0,0.907,0.952,0.173,0.132,0.209,0.914,0.934,0.919,0.412,0.278,0.393
14,B1_2,0.563,0.311,0.313,0.337,0.907,1.0,0.944,0.275,0.252,0.331,0.938,0.911,0.919,0.546,0.415,0.522
14,B1_3,0.496,0.158,0.177,0.185,0.952,0.944,1.0,0.146,0.114,0.199,0.936,0.921,0.954,0.436,0.321,0.417
14,A2_1,0.485,0.955,0.952,0.947,0.173,0.275,0.146,1.0,0.983,0.966,0.248,0.251,0.125,0.499,0.49,0.586
14,A2_2,0.51,0.954,0.929,0.935,0.132,0.252,0.114,0.983,1.0,0.968,0.233,0.22,0.107,0.557,0.563,0.637
14,A2_3,0.509,0.957,0.926,0.964,0.209,0.331,0.199,0.966,0.968,1.0,0.289,0.259,0.16,0.521,0.522,0.6
14,B2_1,0.549,0.263,0.236,0.261,0.914,0.938,0.936,0.248,0.233,0.289,1.0,0.96,0.951,0.53,0.413,0.527
14,B2_2,0.463,0.227,0.236,0.248,0.934,0.911,0.921,0.251,0.22,0.259,0.96,1.0,0.946,0.512,0.397,0.526
14,B2_3,0.48,0.13,0.137,0.141,0.919,0.919,0.954,0.125,0.107,0.16,0.951,0.946,1.0,0.534,0.418,0.514
14,y1,0.48,0.502,0.504,0.496,0.412,0.546,0.436,0.499,0.557,0.521,0.53,0.512,0.534,1.0,0.94,0.95
14,y2,0.389,0.505,0.507,0.505,0.278,0.415,0.321,0.49,0.563,0.522,0.413,0.397,0.418,0.94,1.0,0.945
14,y3,0.444,0.567,0.578,0.562,0.393,0.522,0.417,0.586,0.637,0.6,0.527,0.526,0.514,0.95,0.945,1.0
15,.,1.0,0.401,0.352,0.412,0.429,0.518,0.471,0.459,0.483,0.469,0.513,0.411,0.453,0.437,0.364,0.409
15,A1_1,0.401,1.0,0.969,0.957,0.168,0.292,0.161,0.956,0.955,0.961,0.254,0.213,0.129,0.504,0.499,0.561
15,A1_2,0.352,0.969,1.0,0.947,0.187,0.293,0.185,0.953,0.934,0.936,0.237,0.227,0.137,0.497,0.492,0.566
15,A1_3,0.412,0.957,0.947,1.0,0.165,0.267,0.147,0.962,0.952,0.977,0.208,0.189,0.096,0.468,0.472,0.528
15,B1_1,0.429,0.168,0.187,0.165,1.0,0.914,0.958,0.168,0.135,0.192,0.927,0.947,0.928,0.399,0.282,0.396
15,B1_2,0.518,0.292,0.293,0.267,0.914,1.0,0.944,0.243,0.226,0.286,0.95,0.922,0.934,0.546,0.433,0.534
15,B1_3,0.471,0.161,0.185,0.147,0.958,0.944,1.0,0.136,0.109,0.177,0.941,0.925,0.952,0.403,0.306,0.4
15,A2_1,0.459,0.956,0.953,0.962,0.168,0.243,0.136,1.0,0.989,0.971,0.23,0.222,0.109,0.493,0.483,0.575
15,A2_2,0.483,0.955,0.934,0.952,0.135,0.226,0.109,0.989,1.0,0.973,0.216,0.191,0.094,0.548,0.546,0.619
15,A2_3,0.469,0.961,0.936,0.977,0.192,0.286,0.177,0.971,0.973,1.0,0.252,0.217,0.133,0.503,0.501,0.574
15,B2_1,0.513,0.254,0.237,0.208,0.927,0.95,0.941,0.23,0.216,0.252,1.0,0.96,0.959,0.504,0.403,0.513
15,B2_2,0.411,0.213,0.227,0.189,0.947,0.922,0.925,0.222,0.191,0.217,0.96,1.0,0.945,0.462,0.361,0.486
15,B2_3,0.453,0.129,0.137,0.096,0.928,0.934,0.952,0.109,0.094,0.133,0.959,0.945,1.0,0.499,0.401,0.493
15,y1,0.437,0.504,0.497,0.468,0.399,0.546,0.403,0.493,0.548,0.503,0.504,0.462,0.499,1.0,0.943,0.953
15,y2,0.364,0.499,0.492,0.472,0.282,0.433,0.306,0.483,0.546,0.501,0.403,0.361,0.401,0.943,1.0,0.949
15,y3,0.409,0.561,0.566,0.528,0.396,0.534,0.4,0.575,0.619,0.574,0.513,0.486,0.493,0.953,0.949,1.0
16,.,1.0,0.386,0.33,0.384,0.418,0.496,0.464,0.441,0.461,0.45,0.503,0.402,0.447,0.395,0.33,0.379
16,A1_1,0.386,1.0,0.97,0.962,0.175,0.298,0.167,0.957,0.958,0.966,0.253,0.204,0.138,0.5,0.478,0.56
16,A1_2,0.33,0.97,1.0,0.953,0.189,0.294,0.184,0.951,0.936,0.94,0.233,0.21,0.138,0.495,0.47,0.564
16,A1_3,0.384,0.962,0.953,1.0,0.131,0.233,0.113,0.969,0.96,0.978,0.17,0.143,0.069,0.444,0.429,0.509
16,B1_1,0.418,0.175,0.189,0.131,1.0,0.924,0.961,0.162,0.136,0.177,0.933,0.957,0.937,0.401,0.292,0.393
16,B1_2,0.496,0.298,0.294,0.233,0.924,1.0,0.945,0.239,0.231,0.277,0.956,0.932,0.944,0.545,0.442,0.529
16,B1_3,0.464,0.167,0.184,0.113,0.961,0.945,1.0,0.13,0.111,0.165,0.944,0.93,0.955,0.397,0.31,0.389
16,A2_1,0.441,0.957,0.951,0.969,0.162,0.239,0.13,1.0,0.989,0.973,0.215,0.198,0.104,0.484,0.453,0.563
16,A2_2,0.461,0.958,0.936,0.96,0.136,0.231,0.111,0.989,1.0,0.977,0.206,0.173,0.095,0.541,0.52,0.612
16,A2_3,0.45,0.966,0.94,0.978,0.177,0.277,0.165,0.973,0.977,1.0,0.234,0.191,0.126,0.496,0.478,0.568
16,B2_1,0.503,0.253,0.233,0.17,0.933,0.956,0.944,0.215,0.206,0.234,1.0,0.959,0.962,0.502,0.406,0.501
16,B2_2,0.402,0.204,0.21,0.143,0.957,0.932,0.93,0.198,0.173,0.191,0.959,1.0,0.951,0.451,0.356,0.464
16,B2_3,0.447,0.138,0.138,0.069,0.937,0.944,0.955,0.104,0.095,0.126,0.962,0.951,1.0,0.494,0.407,0.48
16,y1,0.395,0.5,0.495,0.444,0.401,0.545,0.397,0.484,0.541,0.496,0.502,0.451,0.494,1.0,0.945,0.96
16,y2,0.33,0.478,0.47,0.429,0.292,0.442,0.31,0.453,0.52,0.478,0.406,0.356,0.407,0.945,1.0,0.954
16,y3,0.379,0.56,0.564,0.509,0.393,0.529,0.389,0.563,0.612,0.568,0.501,0.464,0.48,0.96,0.954,1.0
17,.,1.0,0.357,0.312,0.366,0.395,0.474,0.443,0.417,0.44,0.421,0.474,0.358,0.422,0.356,0.294,0.336
17,A1_1,0.357,1.0,0.972,0.963,0.149,0.26,0.147,0.959,0.958,0.968,0.232,0.176,0.113,0.486,0.455,0.544
17,A1_2,0.312,0.972,1.0,0.954,0.17,0.26,0.17,0.955,0.941,0.948,0.222,0.19,0.121,0.487,0.454,0.555
17,A1_3,0.366,0.963,0.954,1.0,0.094,0.186,0.083,0.977,0.965,0.982,0.142,0.107,0.036,0.432,0.403,0.491
17,B1_1,0.395,0.149,0.17,0.094,1.0,0.932,0.963,0.131,0.11,0.138,0.943,0.962,0.948,0.391,0.288,0.384
17,B1_2,0.474,0.26,0.26,0.186,0.932,1.0,0.95,0.201,0.195,0.232,0.956,0.926,0.949,0.519,0.418,0.501
17,B1_3,0.443,0.147,0.17,0.083,0.963,0.95,1.0,0.105,0.089,0.136,0.945,0.928,0.955,0.374,0.292,0.364
17,A2_1,0.417,0.959,0.955,0.977,0.131,0.201,0.105,1.0,0.989,0.978,0.188,0.163,0.073,0.465,0.427,0.539
17,A2_2,0.44,0.958,0.941,0.965,0.11,0.195,0.089,0.989,1.0,0.98,0.184,0.14,0.067,0.525,0.495,0.591
17,A2_3,0.421,0.968,0.948,0.982,0.138,0.232,0.136,0.978,0.98,1.0,0.205,0.151,0.092,0.48,0.45,0.545
17,B2_1,0.474,0.232,0.222,0.142,0.943,0.956,0.945,0.188,0.184,0.205,1.0,0.955,0.966,0.49,0.397,0.489
17,B2_2,0.358,0.176,0.19,0.107,0.962,0.926,0.928,0.163,0.14,0.151,0.955,1.0,0.948,0.413,0.321,0.426
17,B2_3,0.422,0.113,0.121,0.036,0.948,0.949,0.955,0.073,0.067,0.092,0.966,0.948,1.0,0.47,0.385,0.456
17,y1,0.356,0.486,0.487,0.432,0.391,0.519,0.374,0.465,0.525,0.48,0.49,0.413,0.47,1.0,0.945,0.964
17,y2,0.294,0.455,0.454,0.403,0.288,0.418,0.292,0.427,0.495,0.45,0.397,0.321,0.385,0.945,1.0,0.953
17,y3,0.336,0.544,0.555,0.491,0.384,0.501,0.364,0.539,0.591,0.545,0.489,0.426,0.456,0.964,0.953,1.0
18,.,1.0,0.329,0.284,0.334,0.372,0.46,0.42,0.376,0.399,0.381,0.436,0.322,0.396,0.331,0.269,0.316
18,A1_1,0.329,1.0,0.971,0.959,0.131,0.246,0.132,0.962,0.962,0.968,0.216,0.154,0.11,0.447,0.416,0.508
18,A1_2,0.284,0.971,1.0,0.953,0.152,0.245,0.155,0.963,0.95,0.953,0.207,0.168,0.116,0.45,0.415,0.52
18,A1_3,0.334,0.959,0.953,1.0,0.066,0.162,0.057,0.982,0.97,0.983,0.115,0.077,0.023,0.389,0.357,0.448
18,B1_1,0.372,0.131,0.152,0.066,1.0,0.941,0.964,0.107,0.082,0.104,0.95,0.968,0.959,0.377,0.283,0.374
18,B1_2,0.46,0.246,0.245,0.162,0.941,1.0,0.95,0.183,0.174,0.205,0.962,0.933,0.954,0.491,0.397,0.482
18,B1_3,0.42,0.132,0.155,0.057,0.964,0.95,1.0,0.086,0.069,0.108,0.949,0.931,0.958,0.346,0.271,0.341
18,A2_1,0.376,0.962,0.963,0.982,0.107,0.183,0.086,1.0,0.988,0.981,0.158,0.127,0.059,0.415,0.375,0.487
18,A2_2,0.399,0.962,0.95,0.97,0.082,0.174,0.069,0.988,1.0,0.983,0.15,0.1,0.05,0.481,0.448,0.548
18,A2_3,0.381,0.968,0.953,0.983,0.104,0.205,0.108,0.981,0.983,1.0,0.173,0.112,0.074,0.434,0.402,0.5
18,B2_1,0.436,0.216,0.207,0.115,0.95,0.962,0.949,0.158,0.15,0.173,1.0,0.952,0.969,0.458,0.37,0.461
18,B2_2,0.322,0.154,0.168,0.077,0.968,0.933,0.931,0.127,0.1,0.112,0.952,1.0,0.952,0.381,0.298,0.396
18,B2_3,0.396,0.11,0.116,0.023,0.959,0.954,0.958,0.059,0.05,0.074,0.969,0.952,1.0,0.445,0.364,0.435
18,y1,0.331,0.447,0.45,0.389,0.377,0.491,0.346,0.415,0.481,0.434,0.458,0.381,0.445,1.0,0.944,0.968
18,y2,0.269,0.416,0.415,0.357,0.283,0.397,0.271,0.375,0.448,0.402,0.37,0.298,0.364,0.944,1.0,0.953
18,y3,0.316,0.508,0.52,0.448,0.374,0.482,0.341,0.487,0.548,0.5,0.461,0.396,0.435,0.968,0.953,1.0
19,.,1.0,0.337,0.287,0.336,0.348,0.442,0.401,0.378,0.402,0.377,0.418,0.28,0.374,0.315,0.258,0.291
19,A1_1,0.337,1.0,0.971,0.963,0.129,0.239,0.129,0.963,0.962,0.97,0.209,0.143,0.098,0.438,0.405,0.492
19,A1_2,0.287,0.971,1.0,0.957,0.155,0.242,0.155,0.964,0.953,0.957,0.203,0.164,0.109,0.451,0.414,0.516
19,A1_3,0.336,0.963,0.957,1.0,0.066,0.157,0.055,0.985,0.974,0.986,0.109,0.069,0.012,0.39,0.356,0.441
19,B1_1,0.348,0.129,0.155,0.066,1.0,0.934,0.96,0.109,0.085,0.095,0.948,0.966,0.956,0.357,0.268,0.361
19,B1_2,0.442,0.239,0.242,0.157,0.934,1.0,0.947,0.179,0.17,0.192,0.961,0.922,0.953,0.477,0.384,0.466
19,B1_3,0.401,0.129,0.155,0.055,0.96,0.947,1.0,0.086,0.068,0.099,0.947,0.927,0.953,0.327,0.255,0.324
19,A2_1,0.378,0.963,0.964,0.985,0.109,0.179,0.086,1.0,0.989,0.983,0.151,0.119,0.049,0.406,0.364,0.469
19,A2_2,0.402,0.962,0.953,0.974,0.085,0.17,0.068,0.989,1.0,0.984,0.144,0.091,0.04,0.471,0.435,0.529
19,A2_3,0.377,0.97,0.957,0.986,0.095,0.192,0.099,0.983,0.984,1.0,0.161,0.096,0.056,0.425,0.39,0.481
19,B2_1,0.418,0.209,0.203,0.109,0.948,0.961,0.947,0.151,0.144,0.161,1.0,0.942,0.97,0.447,0.363,0.452
19,B2_2,0.28,0.143,0.164,0.069,0.966,0.922,0.927,0.119,0.091,0.096,0.942,1.0,0.947,0.348,0.269,0.367
19,B2_3,0.374,0.098,0.109,0.012,0.956,0.953,0.953,0.049,0.04,0.056,0.97,0.947,1.0,0.433,0.355,0.425
19,y1,0.315,0.438,0.451,0.39,0.357,0.477,0.327,0.406,0.471,0.425,0.447,0.348,0.433,1.0,0.946,0.968
19,y2,0.258,0.405,0.414,0.356,0.268,0.384,0.255,0.364,0.435,0.39,0.363,0.269,0.355,0.946,1.0,0.954
19,y3,0.291,0.492,0.516,0.441,0.361,0.466,0.324,0.469,0.529,0.481,0.452,0.367,0.425,0.968,0.954,1.0
20,.,1.0,0.312,0.265,0.312,0.337,0.436,0.389,0.342,0.365,0.351,0.395,0.27,0.356,0.295,0.233,0.27
20,A1_1,0.312,1.0,0.97,0.962,0.11,0.224,0.117,0.964,0.967,0.97,0.193,0.126,0.098,0.399,0.373,0.461
20,A1_2,0.265,0.97,1.0,0.956,0.134,0.227,0.14,0.969,0.961,0.959,0.185,0.143,0.106,0.412,0.378,0.485
20,A1_3,0.312,0.962,0.956,1.0,0.046,0.141,0.038,0.987,0.979,0.986,0.089,0.05,0.011,0.347,0.32,0.407
20,B1_1,0.337,0.11,0.134,0.046,1.0,0.942,0.961,0.093,0.064,0.074,0.951,0.971,0.965,0.351,0.272,0.352
20,B1_2,0.436,0.224,0.227,0.141,0.942,1.0,0.948,0.168,0.152,0.175,0.966,0.934,0.958,0.459,0.371,0.449
20,B1_3,0.389,0.117,0.14,0.038,0.961,0.948,1.0,0.075,0.057,0.084,0.953,0.932,0.957,0.324,0.257,0.318
20,A2_1,0.342,0.964,0.969,0.987,0.093,0.168,0.075,1.0,0.987,0.982,0.13,0.099,0.05,0.348,0.311,0.42
20,A2_2,0.365,0.967,0.961,0.979,0.064,0.152,0.057,0.987,1.0,0.986,0.117,0.066,0.033,0.417,0.386,0.482
20,A2_3,0.351,0.97,0.959,0.986,0.074,0.175,0.084,0.982,0.986,1.0,0.14,0.076,0.051,0.379,0.352,0.443
20,B2_1,0.395,0.193,0.185,0.089,0.951,0.966,0.953,0.13,0.117,0.14,1.0,0.946,0.972,0.424,0.347,0.428
20,B2_2,0.27,0.126,0.143,0.05,0.971,0.934,0.932,0.099,0.066,0.076,0.946,1.0,0.958,0.345,0.272,0.358
20,B2_3,0.356,0.098,0.106,0.011,0.965,0.958,0.957,0.05,0.033,0.051,0.972,0.958,1.0,0.421,0.347,0.411
20,y1,0.295,0.399,0.412,0.347,0.351,0.459,0.324,0.348,0.417,0.379,0.424,0.345,0.421,1.0,0.948,0.968
20,y2,0.233,0.373,0.378,0.32,0.272,0.371,0.257,0.311,0.386,0.352,0.347,0.272,0.347,0.948,1.0,0.956
20,y3,0.27,0.461,0.485,0.407,0.352,0.449,0.318,0.42,0.482,0.443,0.428,0.358,0.411,0.968,0.956,1.0
21,.,1.0,0.298,0.255,0.301,0.338,0.434,0.388,0.326,0.353,0.339,0.393,0.269,0.353,0.276,0.21,0.243
21,A1_1,0.298,1.0,0.971,0.963,0.083,0.199,0.085,0.965,0.97,0.972,0.17,0.1,0.076,0.392,0.367,0.45
21,A1_2,0.255,0.971,1.0,0.958,0.11,0.202,0.109,0.971,0.963,0.961,0.166,0.121,0.087,0.401,0.369,0.471
21,A1_3,0.301,0.963,0.958,1.0,0.024,0.12,0.011,0.988,0.979,0.985,0.071,0.032,-0.004,0.339,0.312,0.396
21,B1_1,0.338,0.083,0.11,0.024,1.0,0.946,0.962,0.069,0.044,0.051,0.954,0.972,0.969,0.358,0.281,0.352
21,B1_2,0.434,0.199,0.202,0.12,0.946,1.0,0.948,0.147,0.135,0.155,0.966,0.936,0.96,0.454,0.366,0.436
21,B1_3,0.388,0.085,0.109,0.011,0.962,0.948,1.0,0.046,0.033,0.058,0.954,0.932,0.959,0.327,0.262,0.312
21,A2_1,0.326,0.965,0.971,0.988,0.069,0.147,0.046,1.0,0.985,0.981,0.11,0.078,0.033,0.333,0.3,0.402
21,A2_2,0.353,0.97,0.963,0.979,0.044,0.135,0.033,0.985,1.0,0.987,0.102,0.046,0.018,0.407,0.376,0.469
21,A2_3,0.339,0.972,0.961,0.985,0.051,0.155,0.058,0.981,0.987,1.0,0.124,0.055,0.035,0.37,0.343,0.431
21,B2_1,0.393,0.17,0.166,0.071,0.954,0.966,0.954,0.11,0.102,0.124,1.0,0.946,0.972,0.422,0.346,0.42
21,B2_2,0.269,0.1,0.121,0.032,0.972,0.936,0.932,0.078,0.046,0.055,0.946,1.0,0.96,0.342,0.273,0.349
21,B2_3,0.353,0.076,0.087,-0.004,0.969,0.96,0.959,0.033,0.018,0.035,0.972,0.96,1.0,0.413,0.342,0.4
21,y1,0.276,0.392,0.401,0.339,0.358,0.454,0.327,0.333,0.407,0.37,0.422,0.342,0.413,1.0,0.95,0.969
21,y2,0.21,0.367,0.369,0.312,0.281,0.366,0.262,0.3,0.376,0.343,0.346,0.273,0.342,0.95,1.0,0.959
21,y3,0.243,0.45,0.471,0.396,0.352,0.436,0.312,0.402,0.469,0.431,0.42,0.349,0.4,0.969,0.959,1.0
22,.,1.0,0.3,0.258,0.301,0.317,0.42,0.37,0.326,0.352,0.336,0.378,0.243,0.337,0.27,0.211,0.239
22,A1_1,0.3,1.0,0.972,0.966,0.094,0.212,0.094,0.966,0.97,0.973,0.184,0.11,0.082,0.387,0.358,0.448
22,A1_2,0.258,0.972,1.0,0.962,0.124,0.215,0.119,0.974,0.966,0.965,0.183,0.132,0.095,0.397,0.359,0.47
22,A1_3,0.301,0.966,0.962,1.0,0.033,0.132,0.02,0.989,0.98,0.986,0.086,0.04,0.003,0.339,0.307,0.398
22,B1_1,0.317,0.094,0.124,0.033,1.0,0.942,0.961,0.079,0.055,0.06,0.955,0.971,0.968,0.353,0.277,0.339
22,B1_2,0.42,0.212,0.215,0.132,0.942,1.0,0.944,0.159,0.148,0.166,0.966,0.929,0.957,0.455,0.368,0.427
22,B1_3,0.37,0.094,0.119,0.02,0.961,0.944,1.0,0.056,0.043,0.066,0.953,0.932,0.958,0.32,0.257,0.296
22,A2_1,0.326,0.966,0.974,0.989,0.079,0.159,0.056,1.0,0.986,0.983,0.125,0.087,0.04,0.334,0.295,0.404
22,A2_2,0.352,0.97,0.966,0.98,0.055,0.148,0.043,0.986,1.0,0.986,0.117,0.056,0.026,0.407,0.373,0.472
22,A2_3,0.336,0.973,0.965,0.986,0.06,0.166,0.066,0.983,0.986,1.0,0.136,0.064,0.041,0.367,0.336,0.43
22,B2_1,0.378,0.184,0.183,0.086,0.955,0.966,0.953,0.125,0.117,0.136,1.0,0.943,0.971,0.422,0.345,0.41
22,B2_2,0.243,0.11,0.132,0.04,0.971,0.929,0.932,0.087,0.056,0.064,0.943,1.0,0.957,0.326,0.258,0.324
22,B2_3,0.337,0.082,0.095,0.003,0.968,0.957,0.958,0.04,0.026,0.041,0.971,0.957,1.0,0.406,0.335,0.383
22,y1,0.27,0.387,0.397,0.339,0.353,0.455,0.32,0.334,0.407,0.367,0.422,0.326,0.406,1.0,0.95,0.967
22,y2,0.211,0.358,0.359,0.307,0.277,0.368,0.257,0.295,0.373,0.336,0.345,0.258,0.335,0.95,1.0,0.958
22,y3,0.239,0.448,0.47,0.398,0.339,0.427,0.296,0.404,0.472,0.43,0.41,0.324,0.383,0.967,0.958,1.0
23,.,1.0,0.304,0.256,0.303,0.32,0.415,0.367,0.327,0.351,0.334,0.38,0.24,0.335,0.257,0.198,0.225
23,A1_1,0.304,1.0,0.973,0.969,0.093,0.205,0.088,0.968,0.971,0.975,0.178,0.104,0.074,0.386,0.354,0.442
23,A1_2,0.256,0.973,1.0,0.964,0.126,0.212,0.115,0.975,0.968,0.968,0.183,0.132,0.091,0.401,0.363,0.471
23,A1_3,0.303,0.969,0.964,1.0,0.037,0.133,0.021,0.99,0.981,0.987,0.087,0.042,0.003,0.345,0.311,0.4
23,B1_1,0.32,0.093,0.126,0.037,1.0,0.944,0.96,0.086,0.062,0.064,0.958,0.97,0.969,0.353,0.274,0.336
23,B1_2,0.415,0.205,0.212,0.133,0.944,1.0,0.943,0.161,0.15,0.164,0.967,0.926,0.957,0.451,0.366,0.418
23,B1_3,0.367,0.088,0.115,0.021,0.96,0.943,1.0,0.058,0.044,0.064,0.952,0.929,0.957,0.32,0.253,0.292
23,A2_1,0.327,0.968,0.975,0.99,0.086,0.161,0.058,1.0,0.986,0.984,0.128,0.092,0.042,0.342,0.303,0.409
23,A2_2,0.351,0.971,0.968,0.981,0.062,0.15,0.044,0.986,1.0,0.986,0.121,0.059,0.026,0.415,0.379,0.476
23,A2_3,0.334,0.975,0.968,0.987,0.064,0.164,0.064,0.984,0.986,1.0,0.135,0.064,0.038,0.371,0.339,0.431
23,B2_1,0.38,0.178,0.183,0.087,0.958,0.967,0.952,0.128,0.121,0.135,1.0,0.941,0.972,0.43,0.351,0.411
23,B2_2,0.24,0.104,0.132,0.042,0.97,0.926,0.929,0.092,0.059,0.064,0.941,1.0,0.957,0.323,0.254,0.316
23,B2_3,0.335,0.074,0.091,0.003,0.969,0.957,0.957,0.042,0.026,0.038,0.972,0.957,1.0,0.405,0.334,0.377
23,y1,0.257,0.386,0.401,0.345,0.353,0.451,0.32,0.342,0.415,0.371,0.43,0.323,0.405,1.0,0.951,0.969
23,y2,0.198,0.354,0.363,0.311,0.274,0.366,0.253,0.303,0.379,0.339,0.351,0.254,0.334,0.951,1.0,0.96
23,y3,0.225,0.442,0.471,0.4,0.336,0.418,0.292,0.409,0.476,0.431,0.411,0.316,0.377,0.969,0.96,1.0
24,.,1.0,0.293,0.262,0.303,0.31,0.415,0.359,0.328,0.345,0.335,0.371,0.226,0.316,0.257,0.204,0.221
24,A1_1,0.293,1.0,0.977,0.969,0.104,0.219,0.102,0.967,0.972,0.974,0.188,0.121,0.095,0.402,0.375,0.463
24,A1_2,0.262,0.977,1.0,0.969,0.126,0.215,0.118,0.979,0.974,0.972,0.185,0.135,0.102,0.399,0.362,0.474
24,A1_3,0.303,0.969,0.969,1.0,0.047,0.145,0.033,0.99,0.983,0.987,0.096,0.057,0.024,0.352,0.318,0.411
24,B1_1,0.31,0.104,0.126,0.047,1.0,0.943,0.961,0.096,0.069,0.075,0.962,0.969,0.974,0.342,0.275,0.324
24,B1_2,0.415,0.219,0.215,0.145,0.943,1.0,0.942,0.174,0.16,0.179,0.968,0.92,0.956,0.436,0.366,0.401
24,B1_3,0.359,0.102,0.118,0.033,0.961,0.942,1.0,0.073,0.058,0.08,0.955,0.925,0.957,0.313,0.259,0.282
24,A2_1,0.328,0.967,0.979,0.99,0.096,0.174,0.073,1.0,0.987,0.984,0.139,0.106,0.064,0.342,0.304,0.412
24,A2_2,0.345,0.972,0.974,0.983,0.069,0.16,0.058,0.987,1.0,0.988,0.128,0.07,0.042,0.417,0.382,0.481
24,A2_3,0.335,0.974,0.972,0.987,0.075,0.179,0.08,0.984,0.988,1.0,0.144,0.079,0.06,0.379,0.349,0.441
24,B2_1,0.371,0.188,0.185,0.096,0.962,0.968,0.955,0.139,0.128,0.144,1.0,0.939,0.973,0.408,0.343,0.388
24,B2_2,0.226,0.121,0.135,0.057,0.969,0.92,0.925,0.106,0.07,0.079,0.939,1.0,0.959,0.304,0.249,0.297
24,B2_3,0.316,0.095,0.102,0.024,0.974,0.956,0.957,0.064,0.042,0.06,0.973,0.959,1.0,0.38,0.322,0.351
24,y1,0.257,0.402,0.399,0.352,0.342,0.436,0.313,0.342,0.417,0.379,0.408,0.304,0.38,1.0,0.955,0.969
24,y2,0.204,0.375,0.362,0.318,0.275,0.366,0.259,0.304,0.382,0.349,0.343,0.249,0.322,0.955,1.0,0.958
24,y3,0.221,0.463,0.474,0.411,0.324,0.401,0.282,0.412,0.481,0.441,0.388,0.297,0.351,0.969,0.958,1.0
25,.,1.0,0.295,0.26,0.295,0.3,0.408,0.35,0.316,0.333,0.324,0.357,0.216,0.304,0.248,0.186,0.205
