,,.,A1_1,A1_2,A1_3,B1_1,B1_2,B1_3,A2_1,A2_2,A2_3,B2_1,B2_2,B2_3,y1,y2,y3
1,.,0.098,0.084,0.044,0.048,0.017,0.021,0.025,0.027,0.029,0.041,0.03,0.034,0.021,0.146,0.139,0.196
1,A1_1,0.196,0.01,0.009,0.012,0.105,0.195,0.303,0.008,0.01,0.015,0.006,0.005,0.007,0.04,0.024,0.054
1,A1_2,0.389,0.018,0.015,0.016,0.137,0.084,0.111,0.034,0.051,0.022,0.022,0.015,0.015,0.02,0.018,0.033
1,A1_3,0.348,0.01,0.014,0.012,0.114,0.109,0.107,0.041,0.059,0.03,0.02,0.016,0.019,0.034,0.028,0.041
1,B1_1,0.196,0.034,0.421,0.133,0.009,0.008,0.009,0.016,0.014,0.009,0.058,0.013,0.011,0.024,0.021,0.026
1,B1_2,0.143,0.079,0.106,0.112,0.017,0.027,0.04,0.017,0.018,0.027,0.033,0.017,0.016,0.112,0.096,0.141
1,B1_3,0.151,0.13,0.119,0.1,0.026,0.026,0.043,0.015,0.016,0.022,0.027,0.016,0.011,0.08,0.066,0.153
1,A2_1,0.282,0.014,0.024,0.015,0.024,0.025,0.013,0.035,0.017,0.014,0.123,0.141,0.151,0.049,0.053,0.02
1,A2_2,0.132,0.008,0.017,0.011,0.006,0.01,0.004,0.028,0.012,0.013,0.144,0.191,0.254,0.073,0.081,0.017
1,A2_3,0.322,0.02,0.067,0.029,0.019,0.012,0.007,0.051,0.035,0.015,0.156,0.098,0.09,0.028,0.034,0.017
1,B2_1,0.079,0.023,0.012,0.017,0.025,0.026,0.027,0.067,0.257,0.097,0.011,0.011,0.009,0.086,0.077,0.176
1,B2_2,0.19,0.012,0.023,0.015,0.029,0.018,0.012,0.156,0.228,0.065,0.039,0.037,0.027,0.045,0.055,0.049
1,B2_3,0.061,0.003,0.008,0.005,0.009,0.003,0.002,0.101,0.742,0.032,0.008,0.003,0.003,0.004,0.005,0.01
1,y1,0.468,0.019,0.065,0.035,0.064,0.04,0.041,0.042,0.043,0.018,0.052,0.023,0.024,0.021,0.021,0.024
1,y2,0.354,0.034,0.042,0.04,0.041,0.032,0.032,0.047,0.06,0.027,0.076,0.043,0.05,0.039,0.043,0.04
1,y3,0.378,0.039,0.095,0.065,0.04,0.021,0.026,0.049,0.091,0.023,0.061,0.019,0.019,0.02,0.021,0.032
2,.,0.056,0.066,0.035,0.04,0.021,0.021,0.022,0.03,0.023,0.02,0.016,0.023,0.022,0.255,0.182,0.169
2,A1_1,0.081,0.006,0.006,0.014,0.068,0.127,0.403,0.01,0.009,0.007,0.012,0.005,0.007,0.084,0.097,0.063
2,A1_2,0.092,0.01,0.006,0.008,0.149,0.097,0.451,0.01,0.016,0.012,0.005,0.008,0.005,0.05,0.044,0.037
2,A1_3,0.119,0.007,0.008,0.01,0.125,0.119,0.355,0.016,0.021,0.017,0.008,0.009,0.007,0.068,0.06,0.05
2,B1_1,0.157,0.095,0.143,0.181,0.007,0.017,0.012,0.029,0.014,0.008,0.015,0.01,0.019,0.076,0.105,0.111
2,B1_2,0.274,0.112,0.085,0.155,0.012,0.023,0.023,0.027,0.026,0.015,0.022,0.017,0.021,0.051,0.067,0.073
2,B1_3,0.133,0.329,0.174,0.125,0.007,0.007,0.006,0.012,0.014,0.007,0.011,0.022,0.017,0.037,0.043,0.056
2,A2_1,0.173,0.02,0.024,0.023,0.024,0.026,0.019,0.028,0.008,0.027,0.122,0.197,0.093,0.075,0.073,0.069
2,A2_2,0.165,0.01,0.018,0.026,0.008,0.018,0.007,0.031,0.008,0.029,0.214,0.135,0.109,0.08,0.076,0.068
2,A2_3,0.081,0.008,0.007,0.007,0.011,0.011,0.007,0.005,0.001,0.01,0.256,0.417,0.114,0.021,0.024,0.02
2,B2_1,0.061,0.005,0.006,0.006,0.014,0.015,0.009,0.13,0.261,0.169,0.004,0.005,0.006,0.189,0.052,0.069
2,B2_2,0.078,0.004,0.011,0.012,0.009,0.011,0.005,0.324,0.042,0.078,0.007,0.012,0.015,0.194,0.081,0.115
2,B2_3,0.115,0.013,0.022,0.027,0.019,0.032,0.026,0.124,0.12,0.058,0.005,0.004,0.008,0.199,0.102,0.124
2,y1,0.454,0.032,0.056,0.061,0.02,0.032,0.023,0.05,0.086,0.044,0.014,0.015,0.017,0.028,0.029,0.038
2,y2,0.413,0.034,0.062,0.062,0.025,0.039,0.03,0.049,0.067,0.039,0.016,0.019,0.02,0.038,0.04,0.049
2,y3,0.403,0.014,0.019,0.023,0.044,0.053,0.053,0.046,0.081,0.074,0.026,0.031,0.022,0.04,0.033,0.037
3,.,0.064,0.022,0.038,0.05,0.015,0.015,0.018,0.057,0.059,0.058,0.021,0.016,0.032,0.207,0.2,0.127
3,A1_1,0.274,0.005,0.006,0.007,0.05,0.282,0.26,0.003,0.003,0.006,0.015,0.005,0.02,0.039,0.013,0.012
3,A1_2,0.312,0.016,0.008,0.009,0.075,0.106,0.302,0.006,0.005,0.013,0.008,0.008,0.011,0.068,0.029,0.025
3,A1_3,0.204,0.012,0.017,0.01,0.168,0.164,0.199,0.013,0.013,0.024,0.006,0.009,0.014,0.084,0.038,0.025
3,B1_1,0.14,0.068,0.196,0.186,0.008,0.019,0.013,0.015,0.007,0.004,0.019,0.006,0.029,0.192,0.066,0.033
3,B1_2,0.115,0.13,0.065,0.219,0.006,0.01,0.016,0.025,0.018,0.011,0.01,0.002,0.016,0.194,0.116,0.047
3,B1_3,0.18,0.151,0.124,0.108,0.014,0.013,0.02,0.02,0.014,0.009,0.017,0.011,0.021,0.159,0.084,0.056
3,A2_1,0.227,0.006,0.016,0.007,0.01,0.018,0.014,0.021,0.006,0.034,0.15,0.334,0.075,0.014,0.022,0.046
3,A2_2,0.109,0.006,0.017,0.014,0.001,0.01,0.004,0.011,0.008,0.016,0.454,0.123,0.126,0.016,0.025,0.061
3,A2_3,0.108,0.007,0.011,0.007,0.004,0.009,0.011,0.011,0.006,0.024,0.298,0.322,0.068,0.016,0.026,0.071
3,B2_1,0.044,0.004,0.003,0.004,0.01,0.007,0.008,0.074,0.246,0.398,0.009,0.01,0.012,0.019,0.076,0.075
3,B2_2,0.062,0.002,0.002,0.002,0.009,0.004,0.005,0.123,0.12,0.575,0.003,0.011,0.007,0.006,0.039,0.031
3,B2_3,0.033,0.004,0.003,0.007,0.005,0.003,0.003,0.123,0.28,0.344,0.001,0.001,0.006,0.028,0.106,0.053
3,y1,0.343,0.058,0.04,0.032,0.065,0.049,0.072,0.035,0.026,0.058,0.032,0.048,0.028,0.034,0.041,0.037
3,y2,0.413,0.036,0.039,0.026,0.051,0.056,0.05,0.033,0.017,0.048,0.044,0.07,0.041,0.022,0.028,0.027
3,y3,0.219,0.025,0.032,0.016,0.029,0.023,0.019,0.051,0.039,0.115,0.1,0.206,0.049,0.011,0.028,0.039
4,.,0.078,0.04,0.033,0.048,0.042,0.062,0.088,0.024,0.044,0.034,0.033,0.024,0.036,0.138,0.15,0.128
4,A1_1,0.324,0.006,0.009,0.012,0.039,0.166,0.118,0.011,0.01,0.012,0.035,0.006,0.013,0.063,0.125,0.05
4,A1_2,0.163,0.007,0.005,0.005,0.225,0.138,0.273,0.008,0.003,0.01,0.009,0.008,0.003,0.052,0.062,0.029
4,A1_3,0.113,0.003,0.006,0.005,0.354,0.231,0.185,0.007,0.005,0.011,0.004,0.006,0.006,0.021,0.026,0.017
4,B1_1,0.243,0.045,0.185,0.129,0.01,0.011,0.013,0.016,0.01,0.005,0.018,0.008,0.023,0.05,0.169,0.064
4,B1_2,0.293,0.098,0.068,0.173,0.011,0.009,0.021,0.043,0.016,0.013,0.018,0.011,0.017,0.047,0.11,0.053
4,B1_3,0.323,0.062,0.066,0.036,0.026,0.012,0.024,0.02,0.008,0.007,0.027,0.025,0.018,0.107,0.16,0.078
4,A2_1,0.336,0.006,0.024,0.014,0.03,0.038,0.019,0.03,0.007,0.013,0.065,0.102,0.122,0.072,0.047,0.073
4,A2_2,0.241,0.007,0.018,0.015,0.001,0.012,0.006,0.01,0.01,0.007,0.241,0.05,0.124,0.087,0.081,0.09
4,A2_3,0.22,0.012,0.016,0.01,0.008,0.012,0.015,0.009,0.008,0.013,0.177,0.217,0.134,0.062,0.027,0.058
4,B2_1,0.303,0.006,0.006,0.007,0.01,0.018,0.016,0.083,0.119,0.055,0.02,0.012,0.018,0.126,0.085,0.115
4,B2_2,0.234,0.005,0.005,0.012,0.016,0.012,0.012,0.328,0.03,0.044,0.008,0.013,0.012,0.108,0.065,0.095
4,B2_3,0.198,0.007,0.01,0.017,0.01,0.009,0.007,0.244,0.17,0.059,0.004,0.005,0.012,0.08,0.073,0.095
4,y1,0.617,0.016,0.01,0.022,0.031,0.033,0.056,0.015,0.012,0.02,0.044,0.038,0.036,0.017,0.017,0.019
4,y2,0.482,0.018,0.018,0.032,0.109,0.079,0.115,0.01,0.013,0.019,0.018,0.019,0.027,0.011,0.016,0.013
4,y3,0.593,0.018,0.01,0.024,0.033,0.041,0.068,0.012,0.032,0.032,0.034,0.024,0.035,0.013,0.014,0.016
5,.,0.066,0.025,0.033,0.033,0.013,0.024,0.022,0.046,0.061,0.04,0.055,0.076,0.069,0.176,0.109,0.153
5,A1_1,0.072,0.004,0.004,0.004,0.041,0.432,0.233,0.007,0.004,0.013,0.012,0.008,0.012,0.059,0.06,0.035
5,A1_2,0.046,0.006,0.006,0.002,0.251,0.205,0.379,0.006,0.003,0.008,0.002,0.003,0.001,0.04,0.029,0.014
5,A1_3,0.106,0.003,0.004,0.002,0.144,0.473,0.139,0.007,0.003,0.01,0.004,0.012,0.006,0.036,0.033,0.018
5,B1_1,0.129,0.049,0.111,0.373,0.007,0.007,0.011,0.022,0.009,0.004,0.008,0.004,0.017,0.103,0.052,0.096
5,B1_2,0.128,0.285,0.073,0.253,0.009,0.005,0.014,0.058,0.008,0.008,0.011,0.005,0.008,0.056,0.035,0.044
5,B1_3,0.166,0.148,0.2,0.098,0.025,0.01,0.018,0.013,0.006,0.004,0.014,0.017,0.013,0.108,0.077,0.082
5,A2_1,0.43,0.004,0.014,0.007,0.016,0.034,0.005,0.013,0.008,0.014,0.054,0.166,0.119,0.029,0.042,0.045
5,A2_2,0.235,0.003,0.008,0.018,0.001,0.009,0.002,0.005,0.01,0.007,0.122,0.044,0.36,0.031,0.063,0.084
5,A2_3,0.206,0.018,0.02,0.012,0.008,0.022,0.015,0.008,0.008,0.016,0.178,0.142,0.109,0.058,0.099,0.082
5,B2_1,0.114,0.004,0.006,0.009,0.009,0.014,0.021,0.051,0.272,0.068,0.016,0.007,0.015,0.122,0.145,0.126
5,B2_2,0.236,0.011,0.004,0.014,0.015,0.019,0.013,0.317,0.043,0.061,0.005,0.01,0.007,0.101,0.075,0.069
5,B2_3,0.093,0.004,0.007,0.016,0.006,0.004,0.005,0.102,0.453,0.047,0.004,0.003,0.008,0.087,0.07,0.092
5,y1,0.459,0.017,0.026,0.031,0.07,0.03,0.029,0.031,0.078,0.047,0.043,0.024,0.04,0.019,0.027,0.029
5,y2,0.43,0.013,0.022,0.02,0.1,0.062,0.038,0.019,0.038,0.04,0.06,0.047,0.059,0.013,0.019,0.02
5,y3,0.421,0.017,0.025,0.031,0.071,0.03,0.034,0.025,0.096,0.055,0.063,0.025,0.048,0.014,0.022,0.024
6,.,0.061,0.049,0.041,0.045,0.035,0.029,0.052,0.045,0.075,0.039,0.056,0.075,0.041,0.124,0.123,0.11
6,A1_1,0.12,0.003,0.008,0.007,0.051,0.259,0.103,0.006,0.008,0.012,0.035,0.014,0.026,0.115,0.079,0.152
6,A1_2,0.167,0.01,0.013,0.006,0.179,0.05,0.337,0.008,0.012,0.012,0.002,0.005,0.002,0.057,0.061,0.079
6,A1_3,0.139,0.004,0.012,0.003,0.208,0.14,0.125,0.013,0.008,0.012,0.003,0.016,0.011,0.097,0.087,0.122
6,B1_1,0.099,0.036,0.045,0.631,0.003,0.004,0.005,0.016,0.008,0.002,0.007,0.001,0.005,0.063,0.033,0.04
6,B1_2,0.196,0.158,0.032,0.241,0.007,0.008,0.014,0.029,0.01,0.013,0.016,0.007,0.01,0.123,0.071,0.066
6,B1_3,0.249,0.15,0.143,0.165,0.013,0.005,0.011,0.011,0.009,0.003,0.011,0.01,0.007,0.077,0.073,0.063
6,A2_1,0.24,0.004,0.015,0.005,0.01,0.038,0.004,0.014,0.006,0.014,0.089,0.255,0.13,0.052,0.052,0.073
6,A2_2,0.119,0.002,0.007,0.01,0.001,0.012,0.001,0.002,0.008,0.005,0.603,0.059,0.094,0.021,0.02,0.035
6,A2_3,0.313,0.01,0.014,0.01,0.004,0.015,0.006,0.007,0.011,0.015,0.181,0.119,0.054,0.068,0.073,0.1
6,B2_1,0.19,0.002,0.002,0.005,0.006,0.007,0.009,0.05,0.507,0.071,0.008,0.003,0.005,0.035,0.053,0.05
6,B2_2,0.375,0.006,0.002,0.007,0.006,0.009,0.006,0.129,0.044,0.138,0.005,0.011,0.012,0.095,0.08,0.075
6,B2_3,0.227,0.005,0.007,0.02,0.011,0.007,0.006,0.168,0.295,0.057,0.005,0.005,0.01,0.056,0.066,0.056
6,y1,0.507,0.038,0.02,0.028,0.026,0.025,0.022,0.063,0.019,0.057,0.043,0.07,0.04,0.013,0.014,0.014
6,y2,0.432,0.051,0.022,0.038,0.024,0.038,0.026,0.05,0.017,0.055,0.074,0.066,0.052,0.018,0.017,0.018
6,y3,0.4,0.04,0.022,0.024,0.042,0.045,0.038,0.058,0.018,0.064,0.055,0.094,0.051,0.016,0.016,0.017
7,.,0.052,0.072,0.067,0.089,0.076,0.046,0.043,0.052,0.021,0.021,0.032,0.044,0.069,0.079,0.106,0.131
7,A1_1,0.082,0.002,0.005,0.005,0.046,0.347,0.31,0.003,0.005,0.01,0.009,0.006,0.008,0.051,0.07,0.041
7,A1_2,0.257,0.015,0.018,0.01,0.25,0.062,0.109,0.01,0.014,0.02,0.004,0.011,0.001,0.071,0.093,0.055
7,A1_3,0.192,0.004,0.01,0.003,0.125,0.309,0.104,0.006,0.005,0.008,0.003,0.018,0.007,0.056,0.089,0.061
7,B1_1,0.492,0.028,0.079,0.082,0.007,0.01,0.006,0.011,0.008,0.005,0.009,0.008,0.023,0.066,0.074,0.092
7,B1_2,0.188,0.144,0.04,0.257,0.01,0.005,0.01,0.061,0.011,0.02,0.014,0.01,0.013,0.085,0.063,0.068
7,B1_3,0.294,0.164,0.117,0.112,0.015,0.005,0.007,0.008,0.005,0.004,0.009,0.009,0.007,0.083,0.078,0.082
7,A2_1,0.33,0.005,0.013,0.003,0.009,0.035,0.004,0.016,0.006,0.012,0.061,0.172,0.14,0.048,0.055,0.093
7,A2_2,0.205,0.004,0.011,0.007,0.001,0.016,0.003,0.007,0.015,0.013,0.14,0.035,0.299,0.065,0.068,0.11
7,A2_3,0.102,0.009,0.014,0.005,0.003,0.01,0.004,0.004,0.006,0.013,0.328,0.113,0.13,0.07,0.068,0.119
7,B2_1,0.124,0.002,0.002,0.002,0.006,0.007,0.007,0.046,0.427,0.239,0.006,0.005,0.003,0.042,0.051,0.031
7,B2_2,0.32,0.005,0.002,0.007,0.008,0.01,0.006,0.19,0.056,0.176,0.004,0.012,0.004,0.08,0.07,0.051
7,B2_3,0.27,0.005,0.01,0.008,0.01,0.01,0.005,0.062,0.197,0.079,0.005,0.008,0.009,0.089,0.128,0.104
7,y1,0.487,0.04,0.023,0.102,0.026,0.028,0.03,0.1,0.037,0.033,0.017,0.019,0.022,0.013,0.011,0.012
7,y2,0.539,0.042,0.021,0.105,0.02,0.022,0.032,0.065,0.033,0.032,0.022,0.016,0.016,0.013,0.01,0.01
7,y3,0.398,0.043,0.023,0.078,0.033,0.03,0.031,0.112,0.047,0.051,0.028,0.033,0.029,0.024,0.02,0.022
8,.,0.041,0.033,0.049,0.046,0.053,0.054,0.041,0.032,0.031,0.02,0.057,0.041,0.071,0.168,0.09,0.175
8,A1_1,0.049,0.002,0.004,0.005,0.153,0.439,0.108,0.002,0.003,0.01,0.007,0.004,0.004,0.07,0.052,0.089
8,A1_2,0.189,0.012,0.018,0.007,0.292,0.044,0.058,0.01,0.013,0.017,0.003,0.009,0.002,0.087,0.106,0.134
8,A1_3,0.055,0.001,0.004,0.001,0.514,0.213,0.036,0.004,0.002,0.005,0.001,0.007,0.003,0.038,0.041,0.075
8,B1_1,0.375,0.034,0.111,0.097,0.009,0.009,0.007,0.011,0.008,0.004,0.014,0.007,0.011,0.095,0.089,0.121
8,B1_2,0.272,0.202,0.04,0.09,0.009,0.006,0.009,0.035,0.006,0.018,0.016,0.011,0.009,0.092,0.071,0.115
8,B1_3,0.349,0.088,0.111,0.037,0.015,0.005,0.006,0.005,0.004,0.003,0.008,0.009,0.005,0.107,0.095,0.154
8,A2_1,0.255,0.006,0.014,0.005,0.014,0.037,0.005,0.017,0.009,0.01,0.053,0.108,0.106,0.123,0.095,0.144
8,A2_2,0.247,0.005,0.007,0.012,0.001,0.021,0.004,0.005,0.005,0.012,0.237,0.03,0.067,0.148,0.086,0.113
8,A2_3,0.143,0.012,0.013,0.006,0.005,0.014,0.008,0.005,0.005,0.009,0.22,0.129,0.056,0.169,0.085,0.121
8,B2_1,0.2,0.002,0.002,0.002,0.005,0.008,0.006,0.063,0.228,0.253,0.014,0.008,0.006,0.054,0.091,0.058
8,B2_2,0.184,0.01,0.002,0.006,0.009,0.008,0.004,0.208,0.035,0.232,0.004,0.008,0.005,0.072,0.1,0.114
8,B2_3,0.186,0.007,0.009,0.01,0.012,0.007,0.004,0.209,0.221,0.11,0.006,0.009,0.013,0.047,0.079,0.07
8,y1,0.43,0.045,0.045,0.042,0.04,0.055,0.052,0.051,0.043,0.024,0.044,0.038,0.042,0.017,0.018,0.016
8,y2,0.501,0.042,0.025,0.032,0.023,0.054,0.048,0.045,0.035,0.03,0.057,0.034,0.039,0.012,0.012,0.01
8,y3,0.427,0.035,0.031,0.032,0.031,0.052,0.049,0.062,0.059,0.035,0.053,0.042,0.047,0.016,0.017,0.014
9,.,0.037,0.03,0.068,0.065,0.031,0.032,0.04,0.047,0.082,0.044,0.052,0.022,0.033,0.121,0.162,0.134
9,A1_1,0.169,0.002,0.005,0.004,0.035,0.294,0.25,0.003,0.005,0.019,0.012,0.006,0.009,0.054,0.059,0.074
9,A1_2,0.275,0.01,0.018,0.008,0.17,0.063,0.206,0.007,0.008,0.015,0.003,0.007,0.001,0.062,0.058,0.088
9,A1_3,0.271,0.003,0.009,0.002,0.137,0.181,0.072,0.006,0.006,0.009,0.002,0.015,0.006,0.071,0.071,0.14
9,B1_1,0.205,0.024,0.248,0.259,0.006,0.008,0.007,0.009,0.006,0.002,0.007,0.003,0.012,0.072,0.067,0.064
9,B1_2,0.162,0.069,0.07,0.478,0.005,0.002,0.005,0.053,0.007,0.011,0.012,0.006,0.008,0.046,0.032,0.033
9,B1_3,0.232,0.075,0.261,0.092,0.011,0.004,0.006,0.006,0.004,0.002,0.007,0.006,0.007,0.119,0.079,0.089
9,A2_1,0.174,0.007,0.009,0.004,0.01,0.027,0.004,0.009,0.005,0.007,0.049,0.158,0.107,0.166,0.112,0.152
9,A2_2,0.134,0.003,0.006,0.011,0.0,0.01,0.002,0.004,0.005,0.011,0.314,0.033,0.194,0.132,0.082,0.057
9,A2_3,0.132,0.007,0.008,0.007,0.003,0.006,0.004,0.003,0.009,0.009,0.394,0.159,0.08,0.085,0.056,0.039
9,B2_1,0.136,0.001,0.001,0.002,0.004,0.006,0.006,0.031,0.086,0.474,0.009,0.003,0.003,0.102,0.077,0.059
9,B2_2,0.218,0.007,0.001,0.011,0.007,0.007,0.005,0.188,0.02,0.296,0.005,0.01,0.006,0.09,0.053,0.076
9,B2_3,0.196,0.005,0.011,0.013,0.007,0.007,0.003,0.083,0.085,0.11,0.006,0.007,0.011,0.173,0.145,0.139
9,y1,0.427,0.032,0.041,0.037,0.07,0.063,0.087,0.026,0.035,0.039,0.038,0.033,0.025,0.014,0.016,0.016
9,y2,0.399,0.043,0.045,0.059,0.067,0.046,0.065,0.03,0.026,0.026,0.056,0.063,0.035,0.012,0.014,0.014
9,y3,0.47,0.034,0.035,0.033,0.077,0.046,0.062,0.023,0.024,0.024,0.043,0.066,0.027,0.011,0.012,0.013
10,.,0.036,0.025,0.039,0.043,0.055,0.058,0.044,0.054,0.05,0.05,0.05,0.037,0.049,0.183,0.096,0.131
10,A1_1,0.161,0.002,0.008,0.006,0.031,0.369,0.145,0.002,0.004,0.009,0.011,0.005,0.012,0.094,0.07,0.07
10,A1_2,0.341,0.011,0.014,0.006,0.137,0.055,0.177,0.006,0.007,0.011,0.002,0.006,0.001,0.086,0.063,0.076
10,A1_3,0.509,0.003,0.009,0.002,0.126,0.108,0.045,0.007,0.006,0.007,0.001,0.012,0.005,0.053,0.044,0.063
10,B1_1,0.233,0.04,0.286,0.164,0.005,0.009,0.008,0.007,0.005,0.001,0.008,0.003,0.01,0.084,0.073,0.064
10,B1_2,0.168,0.218,0.053,0.18,0.005,0.003,0.007,0.044,0.006,0.014,0.011,0.006,0.007,0.106,0.087,0.084
10,B1_3,0.238,0.178,0.175,0.067,0.009,0.003,0.008,0.006,0.003,0.002,0.007,0.008,0.005,0.103,0.096,0.092
10,A2_1,0.362,0.004,0.009,0.003,0.007,0.025,0.002,0.007,0.005,0.007,0.032,0.139,0.184,0.067,0.071,0.076
10,A2_2,0.145,0.004,0.008,0.008,0.0,0.015,0.001,0.002,0.006,0.007,0.228,0.03,0.296,0.09,0.097,0.064
10,A2_3,0.33,0.011,0.01,0.007,0.004,0.011,0.006,0.006,0.011,0.017,0.128,0.116,0.096,0.086,0.09,0.072
10,B2_1,0.247,0.001,0.001,0.001,0.005,0.009,0.007,0.039,0.194,0.115,0.008,0.004,0.005,0.152,0.102,0.11
10,B2_2,0.255,0.01,0.001,0.009,0.006,0.006,0.004,0.233,0.027,0.168,0.005,0.01,0.009,0.097,0.072,0.089
10,B2_3,0.319,0.006,0.01,0.011,0.006,0.005,0.002,0.125,0.13,0.047,0.005,0.006,0.01,0.123,0.087,0.107
10,y1,0.46,0.022,0.03,0.034,0.024,0.032,0.028,0.037,0.099,0.06,0.043,0.03,0.064,0.012,0.012,0.013
10,y2,0.487,0.029,0.042,0.046,0.024,0.03,0.03,0.033,0.08,0.047,0.039,0.026,0.055,0.011,0.011,0.012
10,y3,0.432,0.026,0.034,0.032,0.039,0.029,0.026,0.046,0.092,0.058,0.036,0.05,0.068,0.01,0.01,0.012
11,.,0.03,0.027,0.032,0.03,0.038,0.052,0.043,0.043,0.046,0.05,0.029,0.018,0.037,0.166,0.142,0.217
11,A1_1,0.173,0.001,0.005,0.005,0.043,0.249,0.355,0.002,0.004,0.008,0.009,0.004,0.006,0.037,0.062,0.039
11,A1_2,0.152,0.006,0.011,0.004,0.236,0.038,0.381,0.003,0.005,0.007,0.001,0.004,0.001,0.04,0.056,0.057
11,A1_3,0.256,0.001,0.007,0.002,0.256,0.186,0.132,0.004,0.005,0.005,0.001,0.008,0.003,0.034,0.057,0.042
11,B1_1,0.105,0.021,0.397,0.315,0.003,0.005,0.005,0.006,0.005,0.001,0.005,0.001,0.006,0.045,0.035,0.045
11,B1_2,0.229,0.119,0.059,0.24,0.004,0.003,0.006,0.055,0.005,0.013,0.009,0.005,0.008,0.085,0.067,0.094
11,B1_3,0.1,0.112,0.381,0.094,0.01,0.002,0.006,0.004,0.003,0.001,0.006,0.006,0.004,0.086,0.072,0.111
11,A2_1,0.385,0.004,0.007,0.004,0.01,0.049,0.003,0.01,0.005,0.007,0.025,0.125,0.136,0.074,0.096,0.062
11,A2_2,0.186,0.003,0.006,0.008,0.0,0.014,0.001,0.003,0.006,0.007,0.268,0.027,0.214,0.089,0.102,0.067
11,A2_3,0.203,0.009,0.007,0.006,0.005,0.011,0.007,0.005,0.007,0.013,0.134,0.126,0.058,0.14,0.147,0.12
11,B2_1,0.251,0.001,0.001,0.001,0.005,0.007,0.009,0.052,0.22,0.207,0.011,0.005,0.004,0.066,0.073,0.087
11,B2_2,0.271,0.006,0.001,0.005,0.006,0.007,0.004,0.272,0.029,0.213,0.003,0.006,0.005,0.053,0.055,0.064
11,B2_3,0.205,0.004,0.005,0.008,0.006,0.004,0.001,0.267,0.223,0.097,0.004,0.007,0.008,0.054,0.043,0.064
11,y1,0.457,0.046,0.044,0.061,0.023,0.036,0.03,0.04,0.046,0.043,0.057,0.036,0.048,0.011,0.011,0.01
11,y2,0.444,0.045,0.042,0.063,0.035,0.045,0.032,0.049,0.036,0.04,0.042,0.047,0.051,0.011,0.01,0.009
11,y3,0.466,0.047,0.04,0.045,0.04,0.045,0.028,0.046,0.035,0.037,0.036,0.054,0.051,0.01,0.011,0.01
12,.,0.026,0.039,0.046,0.052,0.035,0.062,0.048,0.034,0.033,0.03,0.039,0.031,0.051,0.185,0.138,0.151
12,A1_1,0.185,0.001,0.005,0.005,0.036,0.362,0.162,0.001,0.003,0.009,0.009,0.004,0.009,0.069,0.073,0.067
12,A1_2,0.337,0.009,0.011,0.004,0.231,0.048,0.122,0.005,0.005,0.01,0.001,0.005,0.001,0.065,0.079,0.068
12,A1_3,0.304,0.002,0.008,0.002,0.171,0.21,0.042,0.005,0.005,0.005,0.001,0.011,0.006,0.074,0.089,0.066
12,B1_1,0.379,0.031,0.106,0.123,0.004,0.009,0.006,0.008,0.005,0.001,0.005,0.002,0.007,0.125,0.088,0.102
12,B1_2,0.281,0.199,0.026,0.158,0.004,0.002,0.005,0.035,0.003,0.008,0.007,0.004,0.006,0.1,0.079,0.083
12,B1_3,0.152,0.382,0.22,0.076,0.008,0.001,0.004,0.004,0.002,0.001,0.006,0.006,0.005,0.051,0.038,0.044
12,A2_1,0.114,0.002,0.006,0.002,0.004,0.029,0.001,0.006,0.004,0.003,0.031,0.165,0.419,0.092,0.065,0.056
12,A2_2,0.099,0.002,0.003,0.005,0.0,0.008,0.001,0.002,0.004,0.007,0.195,0.026,0.424,0.093,0.057,0.074
12,A2_3,0.124,0.007,0.005,0.004,0.003,0.008,0.005,0.003,0.005,0.01,0.225,0.172,0.144,0.126,0.076,0.085
12,B2_1,0.201,0.001,0.0,0.001,0.004,0.004,0.006,0.042,0.184,0.35,0.009,0.004,0.002,0.054,0.058,0.08
12,B2_2,0.362,0.005,0.001,0.006,0.006,0.006,0.003,0.184,0.015,0.148,0.003,0.006,0.005,0.082,0.089,0.081
12,B2_3,0.254,0.004,0.005,0.006,0.006,0.004,0.002,0.234,0.228,0.083,0.004,0.009,0.008,0.054,0.046,0.054
12,y1,0.535,0.036,0.035,0.033,0.045,0.045,0.043,0.029,0.035,0.044,0.03,0.027,0.035,0.01,0.009,0.01
12,y2,0.595,0.028,0.028,0.027,0.035,0.036,0.03,0.031,0.037,0.045,0.026,0.025,0.035,0.008,0.008,0.008
12,y3,0.466,0.04,0.036,0.032,0.041,0.045,0.037,0.028,0.035,0.045,0.05,0.052,0.069,0.009,0.008,0.008
13,.,0.019,0.023,0.025,0.024,0.03,0.038,0.031,0.049,0.037,0.028,0.03,0.036,0.038,0.165,0.207,0.219
13,A1_1,0.161,0.001,0.006,0.007,0.048,0.146,0.248,0.002,0.004,0.01,0.011,0.004,0.007,0.132,0.115,0.098
13,A1_2,0.155,0.007,0.009,0.003,0.303,0.028,0.183,0.003,0.003,0.007,0.001,0.004,0.001,0.099,0.11,0.082
13,A1_3,0.129,0.001,0.005,0.001,0.37,0.175,0.083,0.003,0.003,0.004,0.001,0.009,0.004,0.074,0.077,0.061
13,B1_1,0.206,0.035,0.198,0.197,0.004,0.007,0.006,0.006,0.003,0.001,0.003,0.001,0.006,0.127,0.1,0.098
13,B1_2,0.136,0.303,0.034,0.171,0.004,0.002,0.004,0.039,0.002,0.005,0.006,0.003,0.005,0.095,0.102,0.09
13,B1_3,0.177,0.228,0.314,0.073,0.009,0.002,0.004,0.004,0.002,0.001,0.006,0.009,0.005,0.053,0.056,0.056
13,A2_1,0.199,0.002,0.006,0.003,0.006,0.03,0.002,0.008,0.005,0.004,0.037,0.28,0.193,0.08,0.072,0.072
13,A2_2,0.226,0.002,0.004,0.008,0.0,0.007,0.001,0.003,0.005,0.007,0.261,0.041,0.176,0.101,0.072,0.084
13,A2_3,0.204,0.005,0.004,0.003,0.002,0.005,0.004,0.002,0.005,0.008,0.276,0.265,0.061,0.056,0.049,0.05
13,B2_1,0.243,0.001,0.001,0.001,0.003,0.004,0.007,0.038,0.187,0.252,0.008,0.003,0.002,0.105,0.072,0.074
13,B2_2,0.259,0.007,0.001,0.008,0.005,0.004,0.003,0.21,0.012,0.098,0.004,0.005,0.006,0.148,0.126,0.103
13,B2_3,0.252,0.004,0.006,0.009,0.005,0.005,0.001,0.193,0.167,0.055,0.003,0.006,0.009,0.116,0.083,0.086
13,y1,0.475,0.038,0.041,0.056,0.042,0.049,0.06,0.036,0.039,0.042,0.036,0.025,0.034,0.01,0.009,0.008
13,y2,0.611,0.027,0.027,0.038,0.03,0.033,0.04,0.028,0.031,0.035,0.03,0.025,0.026,0.008,0.006,0.006
13,y3,0.576,0.029,0.029,0.038,0.032,0.037,0.049,0.026,0.034,0.04,0.037,0.025,0.029,0.008,0.006,0.006
14,.,0.024,0.053,0.05,0.048,0.039,0.038,0.046,0.048,0.03,0.029,0.041,0.042,0.04,0.149,0.173,0.15
14,A1_1,0.241,0.001,0.005,0.005,0.033,0.298,0.125,0.001,0.003,0.007,0.008,0.003,0.008,0.088,0.08,0.095
14,A1_2,0.342,0.007,0.007,0.003,0.258,0.034,0.096,0.004,0.003,0.008,0.001,0.004,0.001,0.073,0.082,0.078
14,A1_3,0.263,0.001,0.007,0.002,0.236,0.173,0.041,0.005,0.005,0.004,0.001,0.011,0.006,0.08,0.083,0.085
14,B1_1,0.399,0.02,0.18,0.115,0.003,0.009,0.005,0.005,0.003,0.001,0.003,0.001,0.005,0.081,0.078,0.094
14,B1_2,0.271,0.293,0.027,0.149,0.004,0.002,0.003,0.04,0.001,0.008,0.006,0.003,0.005,0.05,0.069,0.068
14,B1_3,0.317,0.166,0.201,0.049,0.009,0.002,0.004,0.004,0.002,0.001,0.006,0.007,0.004,0.069,0.078,0.081
14,A2_1,0.165,0.002,0.005,0.002,0.004,0.029,0.001,0.006,0.004,0.003,0.035,0.241,0.304,0.064,0.064,0.071
14,A2_2,0.265,0.001,0.004,0.006,0.0,0.007,0.001,0.003,0.005,0.007,0.246,0.027,0.185,0.079,0.066,0.099
14,A2_3,0.214,0.005,0.005,0.003,0.002,0.006,0.005,0.003,0.006,0.01,0.227,0.19,0.089,0.081,0.074,0.081
14,B2_1,0.273,0.0,0.0,0.001,0.003,0.004,0.005,0.026,0.185,0.264,0.006,0.002,0.002,0.076,0.064,0.088
14,B2_2,0.249,0.005,0.0,0.005,0.005,0.004,0.002,0.208,0.019,0.311,0.003,0.005,0.005,0.051,0.062,0.066
14,B2_3,0.316,0.003,0.005,0.007,0.004,0.003,0.001,0.164,0.172,0.085,0.003,0.006,0.007,0.073,0.069,0.082
14,y1,0.411,0.055,0.042,0.051,0.052,0.048,0.048,0.042,0.037,0.042,0.051,0.043,0.051,0.009,0.008,0.008
14,y2,0.446,0.049,0.039,0.048,0.045,0.047,0.045,0.039,0.038,0.043,0.052,0.038,0.05,0.008,0.007,0.007
14,y3,0.432,0.062,0.045,0.053,0.057,0.046,0.049,0.04,0.035,0.039,0.043,0.034,0.043,0.008,0.007,0.007
15,.,0.014,0.024,0.025,0.024,0.02,0.022,0.031,0.034,0.033,0.039,0.036,0.032,0.033,0.177,0.233,0.222
15,A1_1,0.2,0.001,0.006,0.006,0.028,0.248,0.222,0.001,0.003,0.006,0.007,0.003,0.008,0.093,0.081,0.086
15,A1_2,0.248,0.006,0.008,0.003,0.202,0.028,0.167,0.003,0.003,0.007,0.001,0.003,0.001,0.102,0.11,0.108
15,A1_3,0.232,0.001,0.006,0.002,0.217,0.202,0.06,0.004,0.004,0.004,0.001,0.008,0.004,0.083,0.089,0.082
15,B1_1,0.181,0.022,0.243,0.243,0.003,0.007,0.005,0.005,0.003,0.001,0.002,0.001,0.004,0.093,0.096,0.09
15,B1_2,0.218,0.261,0.02,0.228,0.003,0.002,0.003,0.05,0.001,0.006,0.005,0.002,0.005,0.063,0.068,0.063
15,B1_3,0.32,0.145,0.197,0.065,0.008,0.002,0.004,0.004,0.002,0.001,0.005,0.007,0.004,0.077,0.081,0.08
15,A2_1,0.306,0.002,0.004,0.002,0.005,0.042,0.002,0.007,0.004,0.003,0.022,0.184,0.19,0.082,0.074,0.072
15,A2_2,0.317,0.001,0.003,0.007,0.0,0.007,0.001,0.003,0.004,0.006,0.198,0.025,0.221,0.083,0.058,0.066
15,A2_3,0.342,0.004,0.004,0.002,0.001,0.006,0.004,0.002,0.004,0.007,0.166,0.161,0.07,0.086,0.066,0.075
15,B2_1,0.245,0.001,0.0,0.001,0.003,0.003,0.007,0.038,0.209,0.244,0.007,0.003,0.002,0.084,0.079,0.076
15,B2_2,0.229,0.005,0.0,0.006,0.004,0.004,0.002,0.363,0.014,0.158,0.003,0.005,0.004,0.069,0.073,0.062
15,B2_3,0.207,0.003,0.004,0.007,0.004,0.003,0.001,0.253,0.216,0.065,0.002,0.004,0.005,0.073,0.084,0.069
15,y1,0.6,0.026,0.021,0.029,0.041,0.043,0.036,0.029,0.032,0.029,0.034,0.035,0.03,0.006,0.005,0.005
15,y2,0.611,0.024,0.021,0.027,0.042,0.04,0.037,0.031,0.038,0.032,0.028,0.029,0.024,0.006,0.005,0.005
15,y3,0.616,0.026,0.021,0.029,0.044,0.043,0.041,0.026,0.031,0.029,0.028,0.025,0.024,0.005,0.005,0.004
16,.,0.015,0.028,0.034,0.033,0.036,0.039,0.039,0.041,0.04,0.04,0.038,0.042,0.037,0.184,0.18,0.172
16,A1_1,0.26,0.0,0.003,0.005,0.024,0.228,0.22,0.001,0.002,0.006,0.007,0.002,0.007,0.094,0.069,0.071
16,A1_2,0.254,0.004,0.006,0.002,0.218,0.026,0.267,0.002,0.002,0.006,0.001,0.003,0.0,0.076,0.068,0.064
16,A1_3,0.285,0.001,0.004,0.002,0.214,0.194,0.062,0.004,0.003,0.004,0.001,0.009,0.005,0.08,0.07,0.062
16,B1_1,0.373,0.015,0.15,0.166,0.002,0.007,0.005,0.005,0.002,0.001,0.002,0.0,0.004,0.106,0.079,0.082
16,B1_2,0.291,0.227,0.021,0.186,0.003,0.002,0.004,0.054,0.001,0.007,0.006,0.002,0.005,0.067,0.064,0.061
16,B1_3,0.284,0.169,0.237,0.06,0.008,0.001,0.004,0.004,0.002,0.001,0.004,0.005,0.003,0.078,0.07,0.07
16,A2_1,0.194,0.001,0.003,0.002,0.005,0.04,0.001,0.006,0.003,0.003,0.024,0.311,0.213,0.07,0.067,0.059
16,A2_2,0.257,0.001,0.002,0.005,0.0,0.005,0.001,0.002,0.004,0.005,0.29,0.03,0.215,0.069,0.052,0.06
16,A2_3,0.256,0.004,0.003,0.002,0.001,0.005,0.004,0.002,0.004,0.008,0.195,0.215,0.067,0.082,0.075,0.076
16,B2_1,0.169,0.0,0.0,0.0,0.003,0.002,0.006,0.034,0.306,0.338,0.005,0.002,0.002,0.048,0.041,0.044
16,B2_2,0.179,0.004,0.0,0.004,0.004,0.003,0.002,0.378,0.017,0.253,0.003,0.005,0.004,0.049,0.051,0.044
16,B2_3,0.204,0.002,0.003,0.005,0.003,0.003,0.001,0.257,0.242,0.08,0.002,0.003,0.004,0.068,0.063,0.059
16,y1,0.557,0.028,0.034,0.037,0.037,0.041,0.04,0.03,0.04,0.032,0.035,0.038,0.035,0.006,0.006,0.005
16,y2,0.508,0.032,0.037,0.039,0.043,0.043,0.044,0.035,0.045,0.036,0.038,0.044,0.037,0.006,0.006,0.006
16,y3,0.498,0.037,0.044,0.044,0.047,0.045,0.048,0.032,0.044,0.033,0.037,0.04,0.037,0.005,0.006,0.005
17,.,0.014,0.033,0.036,0.037,0.031,0.032,0.036,0.037,0.035,0.037,0.036,0.031,0.031,0.211,0.201,0.164
17,A1_1,0.247,0.0,0.003,0.005,0.031,0.202,0.236,0.001,0.002,0.005,0.006,0.002,0.006,0.098,0.07,0.086
17,A1_2,0.216,0.004,0.005,0.002,0.297,0.021,0.227,0.002,0.002,0.005,0.001,0.003,0.0,0.078,0.066,0.07
17,A1_3,0.218,0.001,0.004,0.001,0.314,0.183,0.06,0.004,0.003,0.003,0.0,0.008,0.004,0.07,0.062,0.066
17,B1_1,0.318,0.014,0.196,0.173,0.002,0.006,0.005,0.005,0.002,0.001,0.002,0.0,0.003,0.102,0.079,0.09
17,B1_2,0.302,0.212,0.017,0.159,0.003,0.001,0.004,0.051,0.001,0.006,0.005,0.003,0.004,0.083,0.071,0.078
17,B1_3,0.252,0.169,0.233,0.051,0.007,0.001,0.004,0.003,0.002,0.001,0.004,0.005,0.003,0.094,0.083,0.087
17,A2_1,0.269,0.002,0.003,0.002,0.005,0.045,0.001,0.006,0.003,0.003,0.021,0.226,0.172,0.082,0.075,0.085
17,A2_2,0.309,0.001,0.002,0.005,0.0,0.006,0.001,0.002,0.004,0.004,0.229,0.022,0.175,0.09,0.064,0.088
17,A2_3,0.297,0.004,0.003,0.002,0.001,0.004,0.004,0.002,0.004,0.007,0.2,0.177,0.057,0.084,0.071,0.084
17,B2_1,0.247,0.0,0.0,0.0,0.003,0.003,0.006,0.03,0.29,0.212,0.006,0.002,0.002,0.073,0.059,0.064
17,B2_2,0.266,0.004,0.0,0.004,0.004,0.003,0.002,0.321,0.012,0.171,0.002,0.004,0.004,0.072,0.063,0.067
17,B2_3,0.271,0.002,0.004,0.005,0.003,0.003,0.001,0.214,0.174,0.052,0.002,0.003,0.005,0.093,0.086,0.084
17,y1,0.518,0.042,0.036,0.044,0.038,0.041,0.046,0.038,0.038,0.035,0.037,0.033,0.038,0.005,0.005,0.005
17,y2,0.522,0.04,0.031,0.041,0.037,0.041,0.048,0.038,0.037,0.038,0.039,0.035,0.038,0.005,0.005,0.005
17,y3,0.519,0.043,0.032,0.042,0.037,0.041,0.049,0.035,0.035,0.036,0.042,0.035,0.04,0.004,0.004,0.004
18,.,0.014,0.036,0.042,0.041,0.038,0.04,0.038,0.04,0.038,0.038,0.042,0.042,0.039,0.175,0.167,0.17
18,A1_1,0.245,0.0,0.003,0.004,0.023,0.302,0.19,0.001,0.002,0.005,0.005,0.001,0.005,0.076,0.066,0.07
18,A1_2,0.271,0.004,0.005,0.002,0.268,0.024,0.216,0.002,0.002,0.005,0.001,0.003,0.0,0.068,0.067,0.064
18,A1_3,0.247,0.001,0.004,0.001,0.243,0.249,0.053,0.003,0.003,0.003,0.0,0.007,0.004,0.061,0.061,0.06
18,B1_1,0.298,0.015,0.223,0.211,0.002,0.006,0.004,0.004,0.002,0.0,0.002,0.0,0.003,0.081,0.071,0.077
18,B1_2,0.299,0.235,0.015,0.176,0.003,0.001,0.003,0.047,0.001,0.006,0.005,0.002,0.004,0.07,0.066,0.067
18,B1_3,0.263,0.193,0.23,0.054,0.007,0.001,0.004,0.003,0.002,0.001,0.004,0.005,0.003,0.078,0.075,0.079
18,A2_1,0.227,0.001,0.003,0.002,0.005,0.049,0.001,0.005,0.002,0.002,0.021,0.256,0.197,0.073,0.076,0.079
18,A2_2,0.235,0.001,0.002,0.004,0.0,0.005,0.001,0.002,0.003,0.004,0.265,0.022,0.203,0.087,0.077,0.089
18,A2_3,0.23,0.004,0.003,0.001,0.001,0.004,0.003,0.002,0.003,0.006,0.239,0.186,0.06,0.085,0.085,0.088
18,B2_1,0.274,0.0,0.0,0.0,0.002,0.002,0.006,0.02,0.212,0.246,0.007,0.002,0.002,0.078,0.074,0.073
18,B2_2,0.304,0.004,0.0,0.004,0.003,0.003,0.002,0.245,0.011,0.199,0.002,0.004,0.004,0.073,0.073,0.069
18,B2_3,0.294,0.002,0.004,0.005,0.003,0.003,0.001,0.167,0.182,0.061,0.001,0.003,0.005,0.091,0.091,0.089
18,y1,0.473,0.039,0.04,0.042,0.044,0.047,0.05,0.042,0.044,0.042,0.04,0.039,0.043,0.005,0.005,0.005
18,y2,0.49,0.037,0.037,0.041,0.043,0.045,0.048,0.043,0.041,0.042,0.039,0.038,0.042,0.005,0.005,0.005
18,y3,0.483,0.041,0.04,0.042,0.044,0.046,0.05,0.039,0.039,0.039,0.041,0.04,0.043,0.004,0.004,0.004
19,.,0.013,0.038,0.045,0.044,0.042,0.045,0.041,0.045,0.043,0.043,0.04,0.04,0.041,0.159,0.157,0.164
19,A1_1,0.222,0.0,0.002,0.005,0.02,0.273,0.225,0.001,0.002,0.004,0.004,0.001,0.005,0.082,0.076,0.079
19,A1_2,0.246,0.004,0.004,0.002,0.233,0.021,0.26,0.002,0.002,0.005,0.001,0.003,0.0,0.072,0.075,0.07
19,A1_3,0.261,0.001,0.003,0.001,0.219,0.218,0.059,0.003,0.002,0.003,0.0,0.007,0.004,0.072,0.073,0.073
19,B1_1,0.265,0.014,0.224,0.243,0.002,0.006,0.004,0.004,0.002,0.0,0.002,0.0,0.003,0.078,0.074,0.078
19,B1_2,0.272,0.235,0.014,0.197,0.003,0.001,0.003,0.048,0.001,0.006,0.004,0.002,0.004,0.07,0.071,0.07
19,B1_3,0.238,0.208,0.25,0.059,0.006,0.001,0.003,0.003,0.002,0.001,0.004,0.005,0.002,0.071,0.072,0.074
19,A2_1,0.226,0.001,0.002,0.001,0.004,0.043,0.001,0.005,0.002,0.002,0.019,0.255,0.209,0.074,0.075,0.078
19,A2_2,0.245,0.001,0.002,0.004,0.0,0.005,0.001,0.002,0.003,0.004,0.236,0.021,0.221,0.087,0.08,0.088
19,A2_3,0.228,0.003,0.002,0.001,0.001,0.004,0.003,0.001,0.003,0.006,0.235,0.207,0.064,0.08,0.081,0.081
19,B2_1,0.266,0.0,0.0,0.0,0.002,0.002,0.006,0.019,0.208,0.246,0.007,0.002,0.002,0.081,0.082,0.077
19,B2_2,0.284,0.003,0.0,0.004,0.003,0.003,0.002,0.253,0.01,0.199,0.002,0.003,0.004,0.076,0.08,0.074
19,B2_3,0.291,0.002,0.004,0.005,0.002,0.002,0.001,0.169,0.192,0.061,0.001,0.003,0.004,0.086,0.09,0.086
19,y1,0.49,0.038,0.041,0.04,0.041,0.041,0.046,0.042,0.044,0.042,0.04,0.039,0.042,0.005,0.005,0.005
19,y2,0.504,0.038,0.038,0.039,0.04,0.039,0.045,0.043,0.041,0.042,0.039,0.04,0.04,0.005,0.005,0.004
19,y3,0.505,0.04,0.04,0.04,0.041,0.04,0.046,0.04,0.039,0.039,0.039,0.039,0.04,0.004,0.004,0.004
20,.,0.012,0.036,0.042,0.042,0.041,0.043,0.04,0.044,0.042,0.042,0.04,0.039,0.041,0.166,0.162,0.167
20,A1_1,0.221,0.0,0.002,0.005,0.019,0.265,0.223,0.001,0.001,0.004,0.004,0.001,0.005,0.086,0.08,0.083
20,A1_2,0.244,0.004,0.004,0.002,0.238,0.02,0.252,0.002,0.002,0.005,0.001,0.002,0.0,0.075,0.076,0.073
20,A1_3,0.254,0.001,0.003,0.001,0.223,0.214,0.058,0.003,0.002,0.003,0.0,0.007,0.004,0.075,0.075,0.076
20,B1_1,0.269,0.013,0.229,0.228,0.002,0.006,0.004,0.004,0.002,0.0,0.002,0.0,0.003,0.082,0.076,0.08
20,B1_2,0.27,0.242,0.013,0.186,0.003,0.001,0.003,0.047,0.001,0.006,0.004,0.002,0.004,0.075,0.07,0.072
20,B1_3,0.243,0.207,0.249,0.056,0.006,0.001,0.003,0.003,0.002,0.0,0.004,0.004,0.002,0.073,0.071,0.074
20,A2_1,0.227,0.001,0.002,0.001,0.004,0.043,0.001,0.005,0.002,0.002,0.018,0.257,0.205,0.075,0.077,0.079
20,A2_2,0.253,0.001,0.002,0.004,0.0,0.005,0.0,0.002,0.003,0.004,0.229,0.02,0.23,0.085,0.078,0.085
20,A2_3,0.239,0.003,0.002,0.001,0.001,0.004,0.003,0.001,0.003,0.006,0.226,0.209,0.061,0.079,0.081,0.081
20,B2_1,0.259,0.0,0.0,0.0,0.002,0.002,0.006,0.018,0.217,0.242,0.007,0.002,0.002,0.082,0.082,0.079
20,B2_2,0.277,0.003,0.0,0.004,0.003,0.003,0.002,0.253,0.009,0.198,0.002,0.003,0.004,0.082,0.08,0.077
20,B2_3,0.28,0.002,0.003,0.005,0.002,0.002,0.001,0.172,0.199,0.059,0.001,0.003,0.004,0.089,0.09,0.087
20,y1,0.482,0.04,0.041,0.042,0.04,0.043,0.045,0.043,0.044,0.043,0.042,0.04,0.043,0.004,0.005,0.004
20,y2,0.49,0.039,0.038,0.041,0.04,0.042,0.045,0.043,0.042,0.043,0.041,0.041,0.041,0.004,0.005,0.004
20,y3,0.491,0.042,0.041,0.041,0.041,0.041,0.046,0.041,0.04,0.04,0.041,0.041,0.042,0.004,0.004,0.004
