,,.,A1_1,A1_2,A1_3,B1_1,B1_2,B1_3,A2_1,A2_2,A2_3,B2_1,B2_2,B2_3,y1,y2,y3
1,.,1.0,0.896,0.896,0.925,0.954,0.843,0.845,0.815,0.881,0.937,0.846,0.883,0.934,0.818,0.96,0.941
1,A1_1,0.896,1.0,0.946,0.904,0.865,0.91,0.823,0.635,0.855,0.845,0.909,0.87,0.846,0.892,0.877,0.813
1,A1_2,0.896,0.946,1.0,0.894,0.914,0.926,0.875,0.759,0.814,0.88,0.923,0.874,0.855,0.946,0.903,0.846
1,A1_3,0.925,0.904,0.894,1.0,0.926,0.924,0.902,0.735,0.798,0.81,0.862,0.768,0.838,0.846,0.891,0.834
1,B1_1,0.954,0.865,0.914,0.926,1.0,0.877,0.902,0.879,0.759,0.917,0.81,0.891,0.879,0.823,0.975,0.929
1,B1_2,0.843,0.91,0.926,0.924,0.877,1.0,0.969,0.751,0.7,0.805,0.829,0.807,0.816,0.953,0.875,0.704
1,B1_3,0.845,0.823,0.875,0.902,0.902,0.969,1.0,0.851,0.636,0.805,0.749,0.781,0.798,0.901,0.889,0.713
1,A2_1,0.815,0.635,0.759,0.735,0.879,0.751,0.851,1.0,0.637,0.813,0.539,0.769,0.768,0.714,0.853,0.752
1,A2_2,0.881,0.855,0.814,0.798,0.759,0.7,0.636,0.637,1.0,0.794,0.808,0.741,0.823,0.731,0.77,0.816
1,A2_3,0.937,0.845,0.88,0.81,0.917,0.805,0.805,0.813,0.794,1.0,0.795,0.962,0.965,0.844,0.973,0.914
1,B2_1,0.846,0.909,0.923,0.862,0.81,0.829,0.749,0.539,0.808,0.795,1.0,0.746,0.789,0.871,0.809,0.835
1,B2_2,0.883,0.87,0.874,0.768,0.891,0.807,0.781,0.769,0.741,0.962,0.746,1.0,0.925,0.823,0.948,0.853
1,B2_3,0.934,0.846,0.855,0.838,0.879,0.816,0.798,0.768,0.823,0.965,0.789,0.925,1.0,0.852,0.936,0.864
1,y1,0.818,0.892,0.946,0.846,0.823,0.953,0.901,0.714,0.731,0.844,0.871,0.823,0.852,1.0,0.85,0.709
1,y2,0.96,0.877,0.903,0.891,0.975,0.875,0.889,0.853,0.77,0.973,0.809,0.948,0.936,0.85,1.0,0.918
1,y3,0.941,0.813,0.846,0.834,0.929,0.704,0.713,0.752,0.816,0.914,0.835,0.853,0.864,0.709,0.918,1.0
2,.,1.0,0.899,0.898,0.926,0.954,0.847,0.851,0.825,0.886,0.939,0.85,0.888,0.942,0.824,0.962,0.941
2,A1_1,0.899,1.0,0.948,0.908,0.869,0.914,0.831,0.65,0.86,0.853,0.913,0.88,0.863,0.897,0.883,0.817
2,A1_2,0.898,0.948,1.0,0.897,0.916,0.927,0.879,0.769,0.821,0.887,0.927,0.884,0.868,0.947,0.908,0.851
2,A1_3,0.926,0.908,0.897,1.0,0.93,0.929,0.909,0.745,0.803,0.816,0.864,0.778,0.851,0.851,0.897,0.836
2,B1_1,0.954,0.869,0.916,0.93,1.0,0.881,0.906,0.882,0.764,0.917,0.816,0.892,0.884,0.827,0.976,0.929
2,B1_2,0.847,0.914,0.927,0.929,0.881,1.0,0.971,0.759,0.712,0.812,0.837,0.816,0.834,0.954,0.88,0.711
2,B1_3,0.851,0.831,0.879,0.909,0.906,0.971,1.0,0.854,0.653,0.811,0.763,0.788,0.816,0.906,0.894,0.721
2,A2_1,0.825,0.65,0.769,0.745,0.882,0.759,0.854,1.0,0.655,0.82,0.56,0.775,0.78,0.727,0.857,0.76
2,A2_2,0.886,0.86,0.821,0.803,0.764,0.712,0.653,0.655,1.0,0.803,0.816,0.755,0.84,0.745,0.779,0.819
2,A2_3,0.939,0.853,0.887,0.816,0.917,0.812,0.811,0.82,0.803,1.0,0.807,0.964,0.966,0.852,0.973,0.915
2,B2_1,0.85,0.913,0.927,0.864,0.816,0.837,0.763,0.56,0.816,0.807,1.0,0.763,0.807,0.878,0.819,0.838
2,B2_2,0.888,0.88,0.884,0.778,0.892,0.816,0.788,0.775,0.755,0.964,0.763,1.0,0.929,0.835,0.948,0.857
2,B2_3,0.942,0.863,0.868,0.851,0.884,0.834,0.816,0.78,0.84,0.966,0.807,0.929,1.0,0.867,0.941,0.865
2,y1,0.824,0.897,0.947,0.851,0.827,0.954,0.906,0.727,0.745,0.852,0.878,0.835,0.867,1.0,0.857,0.716
2,y2,0.962,0.883,0.908,0.897,0.976,0.88,0.894,0.857,0.779,0.973,0.819,0.948,0.941,0.857,1.0,0.92
2,y3,0.941,0.817,0.851,0.836,0.929,0.711,0.721,0.76,0.819,0.915,0.838,0.857,0.865,0.716,0.92,1.0
3,.,1.0,0.902,0.901,0.929,0.955,0.853,0.857,0.835,0.892,0.941,0.855,0.895,0.949,0.831,0.963,0.942
3,A1_1,0.902,1.0,0.95,0.912,0.874,0.918,0.84,0.668,0.866,0.861,0.917,0.891,0.878,0.902,0.889,0.822
3,A1_2,0.901,0.95,1.0,0.9,0.919,0.929,0.883,0.781,0.831,0.894,0.931,0.895,0.881,0.948,0.913,0.857
3,A1_3,0.929,0.912,0.9,1.0,0.934,0.933,0.916,0.758,0.809,0.824,0.868,0.791,0.864,0.857,0.904,0.839
3,B1_1,0.955,0.874,0.919,0.934,1.0,0.887,0.91,0.887,0.772,0.917,0.823,0.894,0.888,0.833,0.976,0.929
3,B1_2,0.853,0.918,0.929,0.933,0.887,1.0,0.972,0.77,0.726,0.82,0.846,0.826,0.85,0.956,0.887,0.72
3,B1_3,0.857,0.84,0.883,0.916,0.91,0.972,1.0,0.858,0.671,0.819,0.778,0.798,0.833,0.911,0.899,0.731
3,A2_1,0.835,0.668,0.781,0.758,0.887,0.77,0.858,1.0,0.674,0.829,0.584,0.783,0.793,0.742,0.863,0.771
3,A2_2,0.892,0.866,0.831,0.809,0.772,0.726,0.671,0.674,1.0,0.814,0.825,0.771,0.855,0.761,0.79,0.823
3,A2_3,0.941,0.861,0.894,0.824,0.917,0.82,0.819,0.829,0.814,1.0,0.819,0.967,0.967,0.862,0.972,0.917
3,B2_1,0.855,0.917,0.931,0.868,0.823,0.846,0.778,0.584,0.825,0.819,1.0,0.781,0.824,0.885,0.83,0.842
3,B2_2,0.895,0.891,0.895,0.791,0.894,0.826,0.798,0.783,0.771,0.967,0.781,1.0,0.932,0.848,0.949,0.862
3,B2_3,0.949,0.878,0.881,0.864,0.888,0.85,0.833,0.793,0.855,0.967,0.824,0.932,1.0,0.882,0.945,0.867
3,y1,0.831,0.902,0.948,0.857,0.833,0.956,0.911,0.742,0.761,0.862,0.885,0.848,0.882,1.0,0.865,0.725
3,y2,0.963,0.889,0.913,0.904,0.976,0.887,0.899,0.863,0.79,0.972,0.83,0.949,0.945,0.865,1.0,0.922
3,y3,0.942,0.822,0.857,0.839,0.929,0.72,0.731,0.771,0.823,0.917,0.842,0.862,0.867,0.725,0.922,1.0
4,.,1.0,0.905,0.905,0.931,0.956,0.857,0.862,0.845,0.897,0.943,0.859,0.902,0.953,0.837,0.965,0.943
4,A1_1,0.905,1.0,0.952,0.916,0.879,0.921,0.848,0.685,0.873,0.868,0.92,0.901,0.89,0.906,0.895,0.827
4,A1_2,0.905,0.952,1.0,0.903,0.922,0.93,0.886,0.792,0.839,0.901,0.934,0.905,0.892,0.949,0.918,0.862
4,A1_3,0.931,0.916,0.903,1.0,0.938,0.937,0.922,0.771,0.816,0.832,0.872,0.804,0.875,0.863,0.911,0.843
4,B1_1,0.956,0.879,0.922,0.938,1.0,0.892,0.914,0.892,0.781,0.918,0.83,0.897,0.893,0.84,0.977,0.93
4,B1_2,0.857,0.921,0.93,0.937,0.892,1.0,0.974,0.78,0.739,0.828,0.854,0.837,0.864,0.957,0.893,0.728
4,B1_3,0.862,0.848,0.886,0.922,0.914,0.974,1.0,0.863,0.689,0.826,0.791,0.808,0.847,0.916,0.904,0.739
4,A2_1,0.845,0.685,0.792,0.771,0.892,0.78,0.863,1.0,0.692,0.837,0.607,0.792,0.805,0.757,0.87,0.78
4,A2_2,0.897,0.873,0.839,0.816,0.781,0.739,0.689,0.692,1.0,0.824,0.834,0.788,0.868,0.775,0.801,0.827
4,A2_3,0.943,0.868,0.901,0.832,0.918,0.828,0.826,0.837,0.824,1.0,0.83,0.97,0.968,0.871,0.972,0.918
4,B2_1,0.859,0.92,0.934,0.872,0.83,0.854,0.791,0.607,0.834,0.83,1.0,0.799,0.84,0.892,0.841,0.845
4,B2_2,0.902,0.901,0.905,0.804,0.897,0.837,0.808,0.792,0.788,0.97,0.799,1.0,0.937,0.862,0.951,0.867
4,B2_3,0.953,0.89,0.892,0.875,0.893,0.864,0.847,0.805,0.868,0.968,0.84,0.937,1.0,0.895,0.948,0.868
4,y1,0.837,0.906,0.949,0.863,0.84,0.957,0.916,0.757,0.775,0.871,0.892,0.862,0.895,1.0,0.873,0.734
4,y2,0.965,0.895,0.918,0.911,0.977,0.893,0.904,0.87,0.801,0.972,0.841,0.951,0.948,0.873,1.0,0.923
4,y3,0.943,0.827,0.862,0.843,0.93,0.728,0.739,0.78,0.827,0.918,0.845,0.867,0.868,0.734,0.923,1.0
5,.,1.0,0.908,0.907,0.933,0.957,0.86,0.866,0.853,0.901,0.945,0.863,0.908,0.956,0.843,0.967,0.944
5,A1_1,0.908,1.0,0.954,0.919,0.884,0.924,0.856,0.7,0.878,0.875,0.922,0.91,0.9,0.91,0.901,0.831
5,A1_2,0.907,0.954,1.0,0.906,0.925,0.93,0.89,0.803,0.847,0.907,0.937,0.915,0.9,0.95,0.922,0.867
5,A1_3,0.933,0.919,0.906,1.0,0.942,0.941,0.928,0.782,0.823,0.838,0.875,0.816,0.884,0.868,0.917,0.845
5,B1_1,0.957,0.884,0.925,0.942,1.0,0.897,0.918,0.896,0.789,0.919,0.837,0.9,0.896,0.846,0.978,0.93
5,B1_2,0.86,0.924,0.93,0.941,0.897,1.0,0.976,0.789,0.75,0.834,0.86,0.847,0.875,0.958,0.898,0.734
5,B1_3,0.866,0.856,0.89,0.928,0.918,0.976,1.0,0.867,0.703,0.832,0.803,0.818,0.859,0.92,0.909,0.745
5,A2_1,0.853,0.7,0.803,0.782,0.896,0.789,0.867,1.0,0.708,0.845,0.627,0.801,0.815,0.771,0.876,0.788
5,A2_2,0.901,0.878,0.847,0.823,0.789,0.75,0.703,0.708,1.0,0.834,0.841,0.804,0.878,0.787,0.811,0.831
5,A2_3,0.945,0.875,0.907,0.838,0.919,0.834,0.832,0.845,0.834,1.0,0.84,0.972,0.968,0.879,0.972,0.919
5,B2_1,0.863,0.922,0.937,0.875,0.837,0.86,0.803,0.627,0.841,0.84,1.0,0.815,0.853,0.898,0.85,0.848
5,B2_2,0.908,0.91,0.915,0.816,0.9,0.847,0.818,0.801,0.804,0.972,0.815,1.0,0.941,0.874,0.953,0.87
5,B2_3,0.956,0.9,0.9,0.884,0.896,0.875,0.859,0.815,0.878,0.968,0.853,0.941,1.0,0.905,0.951,0.868
5,y1,0.843,0.91,0.95,0.868,0.846,0.958,0.92,0.771,0.787,0.879,0.898,0.874,0.905,1.0,0.88,0.741
5,y2,0.967,0.901,0.922,0.917,0.978,0.898,0.909,0.876,0.811,0.972,0.85,0.953,0.951,0.88,1.0,0.924
5,y3,0.944,0.831,0.867,0.845,0.93,0.734,0.745,0.788,0.831,0.919,0.848,0.87,0.868,0.741,0.924,1.0
6,.,1.0,0.91,0.909,0.934,0.958,0.862,0.868,0.86,0.904,0.946,0.866,0.913,0.957,0.846,0.967,0.944
6,A1_1,0.91,1.0,0.955,0.922,0.888,0.927,0.862,0.713,0.883,0.879,0.924,0.917,0.907,0.913,0.905,0.833
6,A1_2,0.909,0.955,1.0,0.908,0.927,0.931,0.892,0.811,0.852,0.912,0.939,0.922,0.906,0.95,0.926,0.87
6,A1_3,0.934,0.922,0.908,1.0,0.945,0.944,0.932,0.791,0.828,0.844,0.878,0.827,0.891,0.873,0.922,0.847
6,B1_1,0.958,0.888,0.927,0.945,1.0,0.9,0.921,0.9,0.796,0.92,0.843,0.902,0.899,0.851,0.978,0.929
6,B1_2,0.862,0.927,0.931,0.944,0.9,1.0,0.977,0.797,0.758,0.839,0.866,0.856,0.884,0.959,0.902,0.737
6,B1_3,0.868,0.862,0.892,0.932,0.921,0.977,1.0,0.87,0.714,0.837,0.813,0.826,0.868,0.923,0.913,0.748
6,A2_1,0.86,0.713,0.811,0.791,0.9,0.797,0.87,1.0,0.721,0.852,0.644,0.809,0.823,0.781,0.881,0.794
6,A2_2,0.904,0.883,0.852,0.828,0.796,0.758,0.714,0.721,1.0,0.841,0.846,0.816,0.885,0.795,0.819,0.834
6,A2_3,0.946,0.879,0.912,0.844,0.92,0.839,0.837,0.852,0.841,1.0,0.847,0.974,0.968,0.885,0.972,0.92
6,B2_1,0.866,0.924,0.939,0.878,0.843,0.866,0.813,0.644,0.846,0.847,1.0,0.829,0.863,0.903,0.857,0.85
6,B2_2,0.913,0.917,0.922,0.827,0.902,0.856,0.826,0.809,0.816,0.974,0.829,1.0,0.945,0.885,0.954,0.872
6,B2_3,0.957,0.907,0.906,0.891,0.899,0.884,0.868,0.823,0.885,0.968,0.863,0.945,1.0,0.914,0.953,0.868
6,y1,0.846,0.913,0.95,0.873,0.851,0.959,0.923,0.781,0.795,0.885,0.903,0.885,0.914,1.0,0.886,0.746
6,y2,0.967,0.905,0.926,0.922,0.978,0.902,0.913,0.881,0.819,0.972,0.857,0.954,0.953,0.886,1.0,0.923
6,y3,0.944,0.833,0.87,0.847,0.929,0.737,0.748,0.794,0.834,0.92,0.85,0.872,0.868,0.746,0.923,1.0
7,.,1.0,0.912,0.91,0.935,0.958,0.862,0.869,0.864,0.907,0.947,0.867,0.917,0.958,0.848,0.968,0.945
7,A1_1,0.912,1.0,0.956,0.925,0.892,0.929,0.868,0.725,0.887,0.884,0.926,0.924,0.913,0.916,0.909,0.834
7,A1_2,0.91,0.956,1.0,0.91,0.93,0.931,0.894,0.818,0.857,0.916,0.941,0.929,0.912,0.951,0.929,0.871
7,A1_3,0.935,0.925,0.91,1.0,0.947,0.946,0.935,0.799,0.832,0.848,0.881,0.836,0.897,0.877,0.926,0.847
7,B1_1,0.958,0.892,0.93,0.947,1.0,0.903,0.923,0.904,0.802,0.921,0.847,0.905,0.901,0.856,0.979,0.927
7,B1_2,0.862,0.929,0.931,0.946,0.903,1.0,0.979,0.803,0.766,0.843,0.871,0.864,0.891,0.96,0.906,0.738
7,B1_3,0.869,0.868,0.894,0.935,0.923,0.979,1.0,0.872,0.723,0.841,0.821,0.835,0.876,0.927,0.916,0.749
7,A2_1,0.864,0.725,0.818,0.799,0.904,0.803,0.872,1.0,0.731,0.857,0.658,0.816,0.829,0.79,0.886,0.797
7,A2_2,0.907,0.887,0.857,0.832,0.802,0.766,0.723,0.731,1.0,0.848,0.851,0.829,0.891,0.802,0.826,0.836
7,A2_3,0.947,0.884,0.916,0.848,0.921,0.843,0.841,0.857,0.848,1.0,0.853,0.975,0.968,0.889,0.972,0.919
7,B2_1,0.867,0.926,0.941,0.881,0.847,0.871,0.821,0.658,0.851,0.853,1.0,0.841,0.872,0.907,0.863,0.85
7,B2_2,0.917,0.924,0.929,0.836,0.905,0.864,0.835,0.816,0.829,0.975,0.841,1.0,0.948,0.894,0.955,0.873
7,B2_3,0.958,0.913,0.912,0.897,0.901,0.891,0.876,0.829,0.891,0.968,0.872,0.948,1.0,0.92,0.954,0.865
7,y1,0.848,0.916,0.951,0.877,0.856,0.96,0.927,0.79,0.802,0.889,0.907,0.894,0.92,1.0,0.891,0.748
7,y2,0.968,0.909,0.929,0.926,0.979,0.906,0.916,0.886,0.826,0.972,0.863,0.955,0.954,0.891,1.0,0.922
7,y3,0.945,0.834,0.871,0.847,0.927,0.738,0.749,0.797,0.836,0.919,0.85,0.873,0.865,0.748,0.922,1.0
8,.,1.0,0.912,0.911,0.935,0.958,0.861,0.868,0.866,0.908,0.947,0.867,0.921,0.957,0.848,0.968,0.945
8,A1_1,0.912,1.0,0.957,0.927,0.895,0.93,0.872,0.734,0.891,0.886,0.926,0.93,0.918,0.918,0.912,0.832
8,A1_2,0.911,0.957,1.0,0.911,0.931,0.93,0.894,0.823,0.86,0.919,0.942,0.935,0.915,0.95,0.931,0.872
8,A1_3,0.935,0.927,0.911,1.0,0.949,0.947,0.937,0.805,0.836,0.852,0.882,0.844,0.901,0.88,0.929,0.846
8,B1_1,0.958,0.895,0.931,0.949,1.0,0.906,0.924,0.906,0.806,0.921,0.851,0.907,0.903,0.86,0.979,0.924
8,B1_2,0.861,0.93,0.93,0.947,0.906,1.0,0.98,0.808,0.77,0.845,0.874,0.87,0.896,0.961,0.909,0.736
8,B1_3,0.868,0.872,0.894,0.937,0.924,0.98,1.0,0.873,0.729,0.843,0.827,0.842,0.882,0.929,0.918,0.747
8,A2_1,0.866,0.734,0.823,0.805,0.906,0.808,0.873,1.0,0.738,0.862,0.668,0.822,0.833,0.797,0.89,0.797
8,A2_2,0.908,0.891,0.86,0.836,0.806,0.77,0.729,0.738,1.0,0.852,0.853,0.839,0.895,0.806,0.831,0.836
8,A2_3,0.947,0.886,0.919,0.852,0.921,0.845,0.843,0.862,0.852,1.0,0.858,0.976,0.968,0.893,0.972,0.918
8,B2_1,0.867,0.926,0.942,0.882,0.851,0.874,0.827,0.668,0.853,0.858,1.0,0.851,0.878,0.91,0.868,0.848
8,B2_2,0.921,0.93,0.935,0.844,0.907,0.87,0.842,0.822,0.839,0.976,0.851,1.0,0.952,0.902,0.956,0.872
8,B2_3,0.957,0.918,0.915,0.901,0.903,0.896,0.882,0.833,0.895,0.968,0.878,0.952,1.0,0.926,0.955,0.862
8,y1,0.848,0.918,0.95,0.88,0.86,0.961,0.929,0.797,0.806,0.893,0.91,0.902,0.926,1.0,0.895,0.747
8,y2,0.968,0.912,0.931,0.929,0.979,0.909,0.918,0.89,0.831,0.972,0.868,0.956,0.955,0.895,1.0,0.919
8,y3,0.945,0.832,0.872,0.846,0.924,0.736,0.747,0.797,0.836,0.918,0.848,0.872,0.862,0.747,0.919,1.0
9,.,1.0,0.912,0.91,0.934,0.958,0.857,0.864,0.867,0.908,0.947,0.866,0.922,0.955,0.845,0.967,0.945
9,A1_1,0.912,1.0,0.957,0.929,0.897,0.931,0.875,0.741,0.893,0.888,0.927,0.935,0.922,0.919,0.915,0.829
9,A1_2,0.91,0.957,1.0,0.912,0.933,0.929,0.894,0.827,0.862,0.921,0.942,0.94,0.918,0.949,0.933,0.87
9,A1_3,0.934,0.929,0.912,1.0,0.951,0.948,0.938,0.81,0.838,0.854,0.884,0.851,0.905,0.882,0.931,0.843
9,B1_1,0.958,0.897,0.933,0.951,1.0,0.907,0.925,0.908,0.81,0.921,0.854,0.908,0.904,0.863,0.979,0.92
9,B1_2,0.857,0.931,0.929,0.948,0.907,1.0,0.981,0.81,0.772,0.846,0.877,0.876,0.9,0.961,0.91,0.73
9,B1_3,0.864,0.875,0.894,0.938,0.925,0.981,1.0,0.873,0.732,0.844,0.832,0.848,0.886,0.931,0.92,0.741
9,A2_1,0.867,0.741,0.827,0.81,0.908,0.81,0.873,1.0,0.743,0.865,0.675,0.827,0.836,0.801,0.893,0.796
9,A2_2,0.908,0.893,0.862,0.838,0.81,0.772,0.732,0.743,1.0,0.856,0.854,0.846,0.897,0.808,0.836,0.835
9,A2_3,0.947,0.888,0.921,0.854,0.921,0.846,0.844,0.865,0.856,1.0,0.86,0.977,0.967,0.895,0.972,0.915
9,B2_1,0.866,0.927,0.942,0.884,0.854,0.877,0.832,0.675,0.854,0.86,1.0,0.859,0.883,0.912,0.872,0.844
9,B2_2,0.922,0.935,0.94,0.851,0.908,0.876,0.848,0.827,0.846,0.977,0.859,1.0,0.955,0.91,0.957,0.868
9,B2_3,0.955,0.922,0.918,0.905,0.904,0.9,0.886,0.836,0.897,0.967,0.883,0.955,1.0,0.93,0.956,0.857
9,y1,0.845,0.919,0.949,0.882,0.863,0.961,0.931,0.801,0.808,0.895,0.912,0.91,0.93,1.0,0.898,0.743
9,y2,0.967,0.915,0.933,0.931,0.979,0.91,0.92,0.893,0.836,0.972,0.872,0.957,0.956,0.898,1.0,0.915
9,y3,0.945,0.829,0.87,0.843,0.92,0.73,0.741,0.796,0.835,0.915,0.844,0.868,0.857,0.743,0.915,1.0
10,.,1.0,0.91,0.909,0.933,0.956,0.852,0.858,0.866,0.908,0.947,0.863,0.922,0.951,0.841,0.965,0.945
10,A1_1,0.91,1.0,0.957,0.93,0.899,0.932,0.877,0.746,0.895,0.89,0.926,0.939,0.925,0.92,0.916,0.824
10,A1_2,0.909,0.957,1.0,0.913,0.934,0.927,0.893,0.829,0.862,0.922,0.941,0.944,0.919,0.948,0.934,0.868
10,A1_3,0.933,0.93,0.913,1.0,0.952,0.948,0.939,0.813,0.84,0.855,0.884,0.856,0.907,0.883,0.933,0.838
10,B1_1,0.956,0.899,0.934,0.952,1.0,0.908,0.925,0.91,0.812,0.921,0.855,0.909,0.905,0.865,0.98,0.915
10,B1_2,0.852,0.932,0.927,0.948,0.908,1.0,0.981,0.812,0.773,0.845,0.879,0.881,0.904,0.962,0.911,0.722
10,B1_3,0.858,0.877,0.893,0.939,0.925,0.981,1.0,0.873,0.733,0.844,0.835,0.853,0.889,0.933,0.921,0.732
10,A2_1,0.866,0.746,0.829,0.813,0.91,0.812,0.873,1.0,0.745,0.867,0.679,0.831,0.838,0.804,0.895,0.792
10,A2_2,0.908,0.895,0.862,0.84,0.812,0.773,0.733,0.745,1.0,0.858,0.853,0.853,0.898,0.808,0.838,0.833
10,A2_3,0.947,0.89,0.922,0.855,0.921,0.845,0.844,0.867,0.858,1.0,0.862,0.977,0.967,0.896,0.971,0.911
10,B2_1,0.863,0.926,0.941,0.884,0.855,0.879,0.835,0.679,0.853,0.862,1.0,0.865,0.886,0.914,0.874,0.838
10,B2_2,0.922,0.939,0.944,0.856,0.909,0.881,0.853,0.831,0.853,0.977,0.865,1.0,0.957,0.916,0.958,0.862
10,B2_3,0.951,0.925,0.919,0.907,0.905,0.904,0.889,0.838,0.898,0.967,0.886,0.957,1.0,0.933,0.957,0.85
10,y1,0.841,0.92,0.948,0.883,0.865,0.962,0.933,0.804,0.808,0.896,0.914,0.916,0.933,1.0,0.901,0.736
10,y2,0.965,0.916,0.934,0.933,0.98,0.911,0.921,0.895,0.838,0.971,0.874,0.958,0.957,0.901,1.0,0.909
10,y3,0.945,0.824,0.868,0.838,0.915,0.722,0.732,0.792,0.833,0.911,0.838,0.862,0.85,0.736,0.909,1.0
11,.,1.0,0.907,0.907,0.93,0.954,0.844,0.85,0.864,0.906,0.945,0.858,0.92,0.947,0.834,0.962,0.944
11,A1_1,0.907,1.0,0.956,0.931,0.9,0.932,0.879,0.75,0.897,0.89,0.926,0.943,0.928,0.92,0.918,0.817
11,A1_2,0.907,0.956,1.0,0.913,0.935,0.925,0.891,0.83,0.862,0.923,0.941,0.947,0.92,0.946,0.934,0.864
11,A1_3,0.93,0.931,0.913,1.0,0.953,0.948,0.939,0.815,0.841,0.856,0.885,0.86,0.909,0.884,0.934,0.832
11,B1_1,0.954,0.9,0.935,0.953,1.0,0.908,0.925,0.911,0.814,0.921,0.857,0.91,0.905,0.866,0.98,0.908
11,B1_2,0.844,0.932,0.925,0.948,0.908,1.0,0.982,0.812,0.772,0.844,0.88,0.885,0.906,0.962,0.912,0.71
11,B1_3,0.85,0.879,0.891,0.939,0.925,0.982,1.0,0.871,0.732,0.842,0.838,0.858,0.892,0.934,0.922,0.72
11,A2_1,0.864,0.75,0.83,0.815,0.911,0.812,0.871,1.0,0.746,0.869,0.681,0.834,0.838,0.805,0.897,0.786
11,A2_2,0.906,0.897,0.862,0.841,0.814,0.772,0.732,0.746,1.0,0.86,0.851,0.857,0.897,0.806,0.84,0.83
11,A2_3,0.945,0.89,0.923,0.856,0.921,0.844,0.842,0.869,0.86,1.0,0.862,0.976,0.966,0.896,0.971,0.907
11,B2_1,0.858,0.926,0.941,0.885,0.857,0.88,0.838,0.681,0.851,0.862,1.0,0.871,0.889,0.915,0.876,0.831
11,B2_2,0.92,0.943,0.947,0.86,0.91,0.885,0.858,0.834,0.857,0.976,0.871,1.0,0.96,0.921,0.958,0.853
11,B2_3,0.947,0.928,0.92,0.909,0.905,0.906,0.892,0.838,0.897,0.966,0.889,0.96,1.0,0.936,0.957,0.841
11,y1,0.834,0.92,0.946,0.884,0.866,0.962,0.934,0.805,0.806,0.896,0.915,0.921,0.936,1.0,0.903,0.726
11,y2,0.962,0.918,0.934,0.934,0.98,0.912,0.922,0.897,0.84,0.971,0.876,0.958,0.957,0.903,1.0,0.902
11,y3,0.944,0.817,0.864,0.832,0.908,0.71,0.72,0.786,0.83,0.907,0.831,0.853,0.841,0.726,0.902,1.0
12,.,1.0,0.903,0.904,0.926,0.951,0.833,0.84,0.86,0.904,0.943,0.852,0.916,0.941,0.825,0.958,0.944
12,A1_1,0.903,1.0,0.955,0.932,0.901,0.932,0.881,0.753,0.897,0.89,0.925,0.946,0.93,0.921,0.919,0.808
12,A1_2,0.904,0.955,1.0,0.912,0.936,0.921,0.888,0.83,0.86,0.923,0.939,0.949,0.921,0.944,0.935,0.858
12,A1_3,0.926,0.932,0.912,1.0,0.953,0.947,0.938,0.816,0.842,0.856,0.885,0.864,0.911,0.885,0.935,0.824
12,B1_1,0.951,0.901,0.936,0.953,1.0,0.907,0.924,0.912,0.814,0.92,0.858,0.911,0.906,0.868,0.98,0.9
12,B1_2,0.833,0.932,0.921,0.947,0.907,1.0,0.983,0.811,0.769,0.841,0.881,0.889,0.908,0.963,0.912,0.695
12,B1_3,0.84,0.881,0.888,0.938,0.924,0.983,1.0,0.868,0.729,0.84,0.84,0.862,0.893,0.935,0.922,0.704
12,A2_1,0.86,0.753,0.83,0.816,0.912,0.811,0.868,1.0,0.746,0.869,0.682,0.836,0.837,0.804,0.899,0.778
12,A2_2,0.904,0.897,0.86,0.842,0.814,0.769,0.729,0.746,1.0,0.86,0.847,0.86,0.896,0.802,0.841,0.826
12,A2_3,0.943,0.89,0.923,0.856,0.92,0.841,0.84,0.869,0.86,1.0,0.862,0.976,0.964,0.895,0.97,0.901
12,B2_1,0.852,0.925,0.939,0.885,0.858,0.881,0.84,0.682,0.847,0.862,1.0,0.876,0.892,0.916,0.877,0.821
12,B2_2,0.916,0.946,0.949,0.864,0.911,0.889,0.862,0.836,0.86,0.976,0.876,1.0,0.962,0.926,0.959,0.843
12,B2_3,0.941,0.93,0.921,0.911,0.906,0.908,0.893,0.837,0.896,0.964,0.892,0.962,1.0,0.939,0.957,0.83
12,y1,0.825,0.921,0.944,0.885,0.868,0.963,0.935,0.804,0.802,0.895,0.916,0.926,0.939,1.0,0.904,0.713
12,y2,0.958,0.919,0.935,0.935,0.98,0.912,0.922,0.899,0.841,0.97,0.877,0.959,0.957,0.904,1.0,0.893
12,y3,0.944,0.808,0.858,0.824,0.9,0.695,0.704,0.778,0.826,0.901,0.821,0.843,0.83,0.713,0.893,1.0
13,.,1.0,0.896,0.9,0.921,0.945,0.82,0.826,0.854,0.9,0.94,0.843,0.909,0.933,0.814,0.951,0.944
13,A1_1,0.896,1.0,0.954,0.932,0.902,0.932,0.882,0.756,0.897,0.89,0.924,0.949,0.932,0.921,0.92,0.796
13,A1_2,0.9,0.954,1.0,0.911,0.936,0.917,0.884,0.829,0.857,0.923,0.937,0.95,0.921,0.941,0.934,0.852
13,A1_3,0.921,0.932,0.911,1.0,0.953,0.946,0.937,0.816,0.841,0.855,0.885,0.867,0.912,0.885,0.935,0.814
13,B1_1,0.945,0.902,0.936,0.953,1.0,0.907,0.923,0.912,0.814,0.919,0.858,0.911,0.905,0.868,0.98,0.889
13,B1_2,0.82,0.932,0.917,0.946,0.907,1.0,0.983,0.809,0.764,0.838,0.882,0.892,0.91,0.963,0.911,0.676
13,B1_3,0.826,0.882,0.884,0.937,0.923,0.983,1.0,0.865,0.723,0.836,0.842,0.866,0.895,0.936,0.921,0.685
13,A2_1,0.854,0.756,0.829,0.816,0.912,0.809,0.865,1.0,0.744,0.869,0.681,0.838,0.836,0.803,0.9,0.768
13,A2_2,0.9,0.897,0.857,0.841,0.814,0.764,0.723,0.744,1.0,0.86,0.843,0.861,0.893,0.797,0.84,0.821
13,A2_3,0.94,0.89,0.923,0.855,0.919,0.838,0.836,0.869,0.86,1.0,0.86,0.974,0.963,0.893,0.969,0.894
13,B2_1,0.843,0.924,0.937,0.885,0.858,0.882,0.842,0.681,0.843,0.86,1.0,0.88,0.893,0.917,0.878,0.809
13,B2_2,0.909,0.949,0.95,0.867,0.911,0.892,0.866,0.838,0.861,0.974,0.88,1.0,0.964,0.93,0.959,0.828
13,B2_3,0.933,0.932,0.921,0.912,0.905,0.91,0.895,0.836,0.893,0.963,0.893,0.964,1.0,0.941,0.957,0.817
13,y1,0.814,0.921,0.941,0.885,0.868,0.963,0.936,0.803,0.797,0.893,0.917,0.93,0.941,1.0,0.905,0.698
13,y2,0.951,0.92,0.934,0.935,0.98,0.911,0.921,0.9,0.84,0.969,0.878,0.959,0.957,0.905,1.0,0.882
13,y3,0.944,0.796,0.852,0.814,0.889,0.676,0.685,0.768,0.821,0.894,0.809,0.828,0.817,0.698,0.882,1.0
14,.,1.0,0.888,0.895,0.914,0.938,0.803,0.808,0.847,0.896,0.936,0.832,0.899,0.923,0.8,0.943,0.944
14,A1_1,0.888,1.0,0.952,0.933,0.903,0.931,0.882,0.757,0.895,0.889,0.923,0.951,0.934,0.92,0.92,0.782
14,A1_2,0.895,0.952,1.0,0.91,0.936,0.912,0.879,0.827,0.854,0.923,0.934,0.951,0.92,0.937,0.933,0.845
14,A1_3,0.914,0.933,0.91,1.0,0.953,0.944,0.936,0.816,0.84,0.854,0.884,0.87,0.914,0.885,0.935,0.803
14,B1_1,0.938,0.903,0.936,0.953,1.0,0.906,0.922,0.912,0.812,0.918,0.859,0.911,0.905,0.869,0.98,0.877
14,B1_2,0.803,0.931,0.912,0.944,0.906,1.0,0.983,0.805,0.757,0.833,0.882,0.896,0.911,0.963,0.91,0.654
14,B1_3,0.808,0.882,0.879,0.936,0.922,0.983,1.0,0.86,0.716,0.832,0.843,0.87,0.895,0.937,0.92,0.663
14,A2_1,0.847,0.757,0.827,0.816,0.912,0.805,0.86,1.0,0.742,0.869,0.678,0.838,0.833,0.8,0.9,0.757
14,A2_2,0.896,0.895,0.854,0.84,0.812,0.757,0.716,0.742,1.0,0.859,0.836,0.861,0.889,0.79,0.838,0.815
14,A2_3,0.936,0.889,0.923,0.854,0.918,0.833,0.832,0.869,0.859,1.0,0.858,0.972,0.961,0.891,0.968,0.886
14,B2_1,0.832,0.923,0.934,0.884,0.859,0.882,0.843,0.678,0.836,0.858,1.0,0.883,0.894,0.917,0.878,0.794
14,B2_2,0.899,0.951,0.951,0.87,0.911,0.896,0.87,0.838,0.861,0.972,0.883,1.0,0.965,0.934,0.959,0.812
14,B2_3,0.923,0.934,0.92,0.914,0.905,0.911,0.895,0.833,0.889,0.961,0.894,0.965,1.0,0.943,0.956,0.802
14,y1,0.8,0.92,0.937,0.885,0.869,0.963,0.937,0.8,0.79,0.891,0.917,0.934,0.943,1.0,0.906,0.68
14,y2,0.943,0.92,0.933,0.935,0.98,0.91,0.92,0.9,0.838,0.968,0.878,0.959,0.956,0.906,1.0,0.869
14,y3,0.944,0.782,0.845,0.803,0.877,0.654,0.663,0.757,0.815,0.886,0.794,0.812,0.802,0.68,0.869,1.0
15,.,1.0,0.876,0.889,0.905,0.929,0.781,0.787,0.837,0.891,0.93,0.818,0.885,0.911,0.782,0.932,0.944
15,A1_1,0.876,1.0,0.95,0.933,0.904,0.93,0.882,0.757,0.893,0.887,0.921,0.953,0.936,0.92,0.92,0.766
15,A1_2,0.889,0.95,1.0,0.909,0.936,0.905,0.873,0.825,0.85,0.922,0.931,0.95,0.919,0.933,0.932,0.836
15,A1_3,0.905,0.933,0.909,1.0,0.953,0.942,0.934,0.815,0.838,0.852,0.884,0.872,0.914,0.884,0.935,0.789
15,B1_1,0.929,0.904,0.936,0.953,1.0,0.904,0.92,0.912,0.809,0.916,0.859,0.911,0.904,0.87,0.98,0.862
15,B1_2,0.781,0.93,0.905,0.942,0.904,1.0,0.984,0.801,0.747,0.827,0.882,0.898,0.912,0.963,0.908,0.629
15,B1_3,0.787,0.882,0.873,0.934,0.92,0.984,1.0,0.855,0.706,0.826,0.844,0.873,0.896,0.937,0.919,0.637
15,A2_1,0.837,0.757,0.825,0.815,0.912,0.801,0.855,1.0,0.739,0.868,0.674,0.838,0.83,0.797,0.9,0.744
15,A2_2,0.891,0.893,0.85,0.838,0.809,0.747,0.706,0.739,1.0,0.858,0.828,0.857,0.884,0.78,0.835,0.809
15,A2_3,0.93,0.887,0.922,0.852,0.916,0.827,0.826,0.868,0.858,1.0,0.856,0.969,0.959,0.888,0.966,0.877
15,B2_1,0.818,0.921,0.931,0.884,0.859,0.882,0.844,0.674,0.828,0.856,1.0,0.886,0.896,0.917,0.878,0.776
15,B2_2,0.885,0.953,0.95,0.872,0.911,0.898,0.873,0.838,0.857,0.969,0.886,1.0,0.966,0.938,0.959,0.791
15,B2_3,0.911,0.936,0.919,0.914,0.904,0.912,0.896,0.83,0.884,0.959,0.896,0.966,1.0,0.944,0.955,0.785
15,y1,0.782,0.92,0.933,0.884,0.87,0.963,0.937,0.797,0.78,0.888,0.917,0.938,0.944,1.0,0.906,0.659
15,y2,0.932,0.92,0.932,0.935,0.98,0.908,0.919,0.9,0.835,0.966,0.878,0.959,0.955,0.906,1.0,0.853
15,y3,0.944,0.766,0.836,0.789,0.862,0.629,0.637,0.744,0.809,0.877,0.776,0.791,0.785,0.659,0.853,1.0
16,.,1.0,0.861,0.881,0.893,0.916,0.755,0.76,0.826,0.885,0.923,0.8,0.867,0.895,0.761,0.918,0.945
16,A1_1,0.861,1.0,0.947,0.933,0.904,0.929,0.882,0.757,0.889,0.885,0.92,0.955,0.937,0.919,0.92,0.748
16,A1_2,0.881,0.947,1.0,0.907,0.936,0.898,0.866,0.822,0.845,0.921,0.927,0.949,0.918,0.928,0.93,0.826
16,A1_3,0.893,0.933,0.907,1.0,0.953,0.94,0.932,0.813,0.835,0.85,0.883,0.874,0.915,0.884,0.934,0.774
16,B1_1,0.916,0.904,0.936,0.953,1.0,0.903,0.919,0.911,0.805,0.914,0.859,0.911,0.903,0.87,0.98,0.845
16,B1_2,0.755,0.929,0.898,0.94,0.903,1.0,0.984,0.794,0.734,0.82,0.882,0.901,0.912,0.963,0.906,0.599
16,B1_3,0.76,0.882,0.866,0.932,0.919,0.984,1.0,0.847,0.693,0.819,0.844,0.876,0.896,0.938,0.917,0.608
16,A2_1,0.826,0.757,0.822,0.813,0.911,0.794,0.847,1.0,0.735,0.866,0.669,0.836,0.826,0.792,0.9,0.729
16,A2_2,0.885,0.889,0.845,0.835,0.805,0.734,0.693,0.735,1.0,0.855,0.818,0.851,0.877,0.769,0.83,0.803
16,A2_3,0.923,0.885,0.921,0.85,0.914,0.82,0.819,0.866,0.855,1.0,0.852,0.965,0.956,0.884,0.965,0.866
16,B2_1,0.8,0.92,0.927,0.883,0.859,0.882,0.844,0.669,0.818,0.852,1.0,0.889,0.896,0.918,0.877,0.756
16,B2_2,0.867,0.955,0.949,0.874,0.911,0.901,0.876,0.836,0.851,0.965,0.889,1.0,0.967,0.942,0.958,0.768
16,B2_3,0.895,0.937,0.918,0.915,0.903,0.912,0.896,0.826,0.877,0.956,0.896,0.967,1.0,0.946,0.954,0.765
16,y1,0.761,0.919,0.928,0.884,0.87,0.963,0.938,0.792,0.769,0.884,0.918,0.942,0.946,1.0,0.906,0.635
16,y2,0.918,0.92,0.93,0.934,0.98,0.906,0.917,0.9,0.83,0.965,0.877,0.958,0.954,0.906,1.0,0.836
16,y3,0.945,0.748,0.826,0.774,0.845,0.599,0.608,0.729,0.803,0.866,0.756,0.768,0.765,0.635,0.836,1.0
17,.,1.0,0.842,0.872,0.878,0.899,0.723,0.729,0.812,0.878,0.914,0.779,0.843,0.875,0.736,0.901,0.946
17,A1_1,0.842,1.0,0.943,0.933,0.905,0.927,0.881,0.756,0.884,0.882,0.918,0.956,0.938,0.919,0.92,0.726
17,A1_2,0.872,0.943,1.0,0.904,0.935,0.889,0.857,0.819,0.839,0.92,0.923,0.945,0.915,0.923,0.928,0.815
17,A1_3,0.878,0.933,0.904,1.0,0.953,0.937,0.929,0.81,0.831,0.848,0.882,0.875,0.915,0.883,0.934,0.756
17,B1_1,0.899,0.905,0.935,0.953,1.0,0.901,0.916,0.91,0.8,0.912,0.859,0.91,0.903,0.87,0.98,0.825
17,B1_2,0.723,0.927,0.889,0.937,0.901,1.0,0.985,0.786,0.72,0.812,0.882,0.904,0.912,0.963,0.903,0.566
17,B1_3,0.729,0.881,0.857,0.929,0.916,0.985,1.0,0.839,0.678,0.81,0.845,0.879,0.896,0.938,0.915,0.575
17,A2_1,0.812,0.756,0.819,0.81,0.91,0.786,0.839,1.0,0.73,0.865,0.663,0.833,0.821,0.786,0.899,0.713
17,A2_2,0.878,0.884,0.839,0.831,0.8,0.72,0.678,0.73,1.0,0.853,0.806,0.844,0.869,0.756,0.824,0.797
17,A2_3,0.914,0.882,0.92,0.848,0.912,0.812,0.81,0.865,0.853,1.0,0.848,0.96,0.953,0.88,0.963,0.855
17,B2_1,0.779,0.918,0.923,0.882,0.859,0.882,0.845,0.663,0.806,0.848,1.0,0.891,0.897,0.918,0.877,0.733
17,B2_2,0.843,0.956,0.945,0.875,0.91,0.904,0.879,0.833,0.844,0.96,0.891,1.0,0.968,0.945,0.957,0.739
17,B2_3,0.875,0.938,0.915,0.915,0.903,0.912,0.896,0.821,0.869,0.953,0.897,0.968,1.0,0.948,0.953,0.742
17,y1,0.736,0.919,0.923,0.883,0.87,0.963,0.938,0.786,0.756,0.88,0.918,0.945,0.948,1.0,0.906,0.608
17,y2,0.901,0.92,0.928,0.934,0.98,0.903,0.915,0.899,0.824,0.963,0.877,0.957,0.953,0.906,1.0,0.816
17,y3,0.946,0.726,0.815,0.756,0.825,0.566,0.575,0.713,0.797,0.855,0.733,0.739,0.742,0.608,0.816,1.0
18,.,1.0,0.819,0.861,0.859,0.879,0.685,0.691,0.796,0.871,0.903,0.753,0.814,0.851,0.706,0.88,0.948
18,A1_1,0.819,1.0,0.939,0.933,0.905,0.925,0.88,0.755,0.877,0.879,0.916,0.957,0.939,0.918,0.919,0.702
18,A1_2,0.861,0.939,1.0,0.902,0.933,0.878,0.847,0.815,0.833,0.919,0.917,0.941,0.913,0.916,0.926,0.804
18,A1_3,0.859,0.933,0.902,1.0,0.953,0.933,0.926,0.807,0.825,0.845,0.881,0.875,0.916,0.882,0.933,0.736
18,B1_1,0.879,0.905,0.933,0.953,1.0,0.898,0.914,0.908,0.793,0.909,0.859,0.91,0.902,0.871,0.979,0.802
18,B1_2,0.685,0.925,0.878,0.933,0.898,1.0,0.985,0.777,0.701,0.801,0.882,0.906,0.912,0.962,0.9,0.529
18,B1_3,0.691,0.88,0.847,0.926,0.914,0.985,1.0,0.829,0.66,0.801,0.846,0.882,0.895,0.938,0.912,0.538
18,A2_1,0.796,0.755,0.815,0.807,0.908,0.777,0.829,1.0,0.725,0.863,0.656,0.829,0.816,0.779,0.898,0.697
18,A2_2,0.871,0.877,0.833,0.825,0.793,0.701,0.66,0.725,1.0,0.849,0.791,0.833,0.859,0.74,0.816,0.792
18,A2_3,0.903,0.879,0.919,0.845,0.909,0.801,0.801,0.863,0.849,1.0,0.844,0.954,0.949,0.874,0.961,0.843
18,B2_1,0.753,0.916,0.917,0.881,0.859,0.882,0.846,0.656,0.791,0.844,1.0,0.893,0.898,0.918,0.876,0.706
18,B2_2,0.814,0.957,0.941,0.875,0.91,0.906,0.882,0.829,0.833,0.954,0.893,1.0,0.968,0.949,0.956,0.708
18,B2_3,0.851,0.939,0.913,0.916,0.902,0.912,0.895,0.816,0.859,0.949,0.898,0.968,1.0,0.949,0.952,0.717
18,y1,0.706,0.918,0.916,0.882,0.871,0.962,0.938,0.779,0.74,0.874,0.918,0.949,0.949,1.0,0.905,0.578
18,y2,0.88,0.919,0.926,0.933,0.979,0.9,0.912,0.898,0.816,0.961,0.876,0.956,0.952,0.905,1.0,0.794
18,y3,0.948,0.702,0.804,0.736,0.802,0.529,0.538,0.697,0.792,0.843,0.706,0.708,0.717,0.578,0.794,1.0
19,.,1.0,0.791,0.849,0.837,0.854,0.642,0.648,0.778,0.862,0.89,0.722,0.779,0.821,0.672,0.855,0.95
19,A1_1,0.791,1.0,0.934,0.933,0.905,0.923,0.879,0.752,0.868,0.875,0.914,0.958,0.94,0.917,0.919,0.676
19,A1_2,0.849,0.934,1.0,0.899,0.931,0.866,0.836,0.81,0.826,0.918,0.911,0.935,0.909,0.909,0.922,0.792
19,A1_3,0.837,0.933,0.899,1.0,0.952,0.929,0.922,0.804,0.819,0.842,0.88,0.876,0.916,0.881,0.932,0.715
19,B1_1,0.854,0.905,0.931,0.952,1.0,0.896,0.911,0.905,0.784,0.905,0.859,0.909,0.9,0.871,0.979,0.776
19,B1_2,0.642,0.923,0.866,0.929,0.896,1.0,0.985,0.765,0.68,0.79,0.881,0.908,0.912,0.962,0.896,0.488
19,B1_3,0.648,0.879,0.836,0.922,0.911,0.985,1.0,0.817,0.638,0.789,0.846,0.885,0.895,0.938,0.908,0.497
19,A2_1,0.778,0.752,0.81,0.804,0.905,0.765,0.817,1.0,0.719,0.86,0.647,0.823,0.809,0.77,0.895,0.679
19,A2_2,0.862,0.868,0.826,0.819,0.784,0.68,0.638,0.719,1.0,0.845,0.775,0.818,0.846,0.722,0.807,0.786
19,A2_3,0.89,0.875,0.918,0.842,0.905,0.79,0.789,0.86,0.845,1.0,0.838,0.947,0.944,0.868,0.958,0.829
19,B2_1,0.722,0.914,0.911,0.88,0.859,0.881,0.846,0.647,0.775,0.838,1.0,0.895,0.899,0.919,0.876,0.676
19,B2_2,0.779,0.958,0.935,0.876,0.909,0.908,0.885,0.823,0.818,0.947,0.895,1.0,0.968,0.952,0.954,0.672
19,B2_3,0.821,0.94,0.909,0.916,0.9,0.912,0.895,0.809,0.846,0.944,0.899,0.968,1.0,0.951,0.95,0.688
19,y1,0.672,0.917,0.909,0.881,0.871,0.962,0.938,0.77,0.722,0.868,0.919,0.952,0.951,1.0,0.904,0.546
19,y2,0.855,0.919,0.922,0.932,0.979,0.896,0.908,0.895,0.807,0.958,0.876,0.954,0.95,0.904,1.0,0.769
19,y3,0.95,0.676,0.792,0.715,0.776,0.488,0.497,0.679,0.786,0.829,0.676,0.672,0.688,0.546,0.769,1.0
20,.,1.0,0.759,0.836,0.811,0.824,0.594,0.601,0.758,0.851,0.875,0.687,0.739,0.787,0.634,0.826,0.953
20,A1_1,0.759,1.0,0.928,0.932,0.905,0.92,0.877,0.748,0.858,0.871,0.912,0.959,0.94,0.916,0.918,0.647
20,A1_2,0.836,0.928,1.0,0.895,0.928,0.853,0.823,0.806,0.818,0.916,0.903,0.928,0.904,0.901,0.919,0.779
20,A1_3,0.811,0.932,0.895,1.0,0.952,0.925,0.918,0.799,0.811,0.839,0.879,0.876,0.916,0.88,0.931,0.691
20,B1_1,0.824,0.905,0.928,0.952,1.0,0.893,0.909,0.902,0.773,0.901,0.859,0.908,0.899,0.872,0.979,0.747
20,B1_2,0.594,0.92,0.853,0.925,0.893,1.0,0.986,0.752,0.656,0.777,0.882,0.91,0.912,0.961,0.891,0.445
20,B1_3,0.601,0.877,0.823,0.918,0.909,0.986,1.0,0.803,0.614,0.777,0.847,0.888,0.895,0.938,0.904,0.453
20,A2_1,0.758,0.748,0.806,0.799,0.902,0.752,0.803,1.0,0.713,0.857,0.638,0.816,0.801,0.761,0.893,0.661
20,A2_2,0.851,0.858,0.818,0.811,0.773,0.656,0.614,0.713,1.0,0.841,0.755,0.801,0.83,0.702,0.796,0.781
20,A2_3,0.875,0.871,0.916,0.839,0.901,0.777,0.777,0.857,0.841,1.0,0.831,0.939,0.938,0.862,0.955,0.815
20,B2_1,0.687,0.912,0.903,0.879,0.859,0.882,0.847,0.638,0.755,0.831,1.0,0.897,0.9,0.919,0.875,0.643
20,B2_2,0.739,0.959,0.928,0.876,0.908,0.91,0.888,0.816,0.801,0.939,0.897,1.0,0.968,0.955,0.952,0.633
20,B2_3,0.787,0.94,0.904,0.916,0.899,0.912,0.895,0.801,0.83,0.938,0.9,0.968,1.0,0.953,0.948,0.656
20,y1,0.634,0.916,0.901,0.88,0.872,0.961,0.938,0.761,0.702,0.862,0.919,0.955,0.953,1.0,0.904,0.512
20,y2,0.826,0.918,0.919,0.931,0.979,0.891,0.904,0.893,0.796,0.955,0.875,0.952,0.948,0.904,1.0,0.743
20,y3,0.953,0.647,0.779,0.691,0.747,0.445,0.453,0.661,0.781,0.815,0.643,0.633,0.656,0.512,0.743,1.0
21,.,1.0,0.725,0.821,0.783,0.79,0.543,0.55,0.738,0.84,0.858,0.648,0.695,0.748,0.595,0.795,0.955
21,A1_1,0.725,1.0,0.922,0.932,0.905,0.917,0.875,0.744,0.846,0.866,0.91,0.959,0.94,0.915,0.916,0.617
21,A1_2,0.821,0.922,1.0,0.891,0.925,0.839,0.809,0.801,0.81,0.915,0.895,0.92,0.898,0.892,0.915,0.766
21,A1_3,0.783,0.932,0.891,1.0,0.951,0.921,0.914,0.794,0.801,0.835,0.878,0.876,0.915,0.879,0.93,0.666
21,B1_1,0.79,0.905,0.925,0.951,1.0,0.892,0.907,0.897,0.759,0.896,0.859,0.907,0.898,0.873,0.979,0.716
21,B1_2,0.543,0.917,0.839,0.921,0.892,1.0,0.986,0.738,0.63,0.764,0.882,0.913,0.913,0.961,0.887,0.4
21,B1_3,0.55,0.875,0.809,0.914,0.907,0.986,1.0,0.788,0.588,0.763,0.848,0.89,0.896,0.938,0.9,0.408
21,A2_1,0.738,0.744,0.801,0.794,0.897,0.738,0.788,1.0,0.709,0.854,0.627,0.807,0.792,0.751,0.889,0.643
21,A2_2,0.84,0.846,0.81,0.801,0.759,0.63,0.588,0.709,1.0,0.835,0.734,0.782,0.813,0.682,0.784,0.775
21,A2_3,0.858,0.866,0.915,0.835,0.896,0.764,0.763,0.854,0.835,1.0,0.824,0.929,0.931,0.855,0.952,0.801
21,B2_1,0.648,0.91,0.895,0.878,0.859,0.882,0.848,0.627,0.734,0.824,1.0,0.9,0.902,0.92,0.874,0.607
21,B2_2,0.695,0.959,0.92,0.876,0.907,0.913,0.89,0.807,0.782,0.929,0.9,1.0,0.969,0.957,0.95,0.592
21,B2_3,0.748,0.94,0.898,0.915,0.898,0.913,0.896,0.792,0.813,0.931,0.902,0.969,1.0,0.955,0.946,0.62
21,y1,0.595,0.915,0.892,0.879,0.873,0.961,0.938,0.751,0.682,0.855,0.92,0.957,0.955,1.0,0.903,0.476
21,y2,0.795,0.916,0.915,0.93,0.979,0.887,0.9,0.889,0.784,0.952,0.874,0.95,0.946,0.903,1.0,0.716
21,y3,0.955,0.617,0.766,0.666,0.716,0.4,0.408,0.643,0.775,0.801,0.607,0.592,0.62,0.476,0.716,1.0
22,.,1.0,0.686,0.805,0.751,0.752,0.487,0.494,0.716,0.829,0.84,0.604,0.645,0.704,0.552,0.762,0.957
22,A1_1,0.686,1.0,0.914,0.931,0.905,0.914,0.873,0.739,0.833,0.861,0.909,0.959,0.941,0.914,0.915,0.585
22,A1_2,0.805,0.914,1.0,0.887,0.921,0.822,0.793,0.796,0.802,0.913,0.884,0.909,0.89,0.883,0.911,0.753
22,A1_3,0.751,0.931,0.887,1.0,0.95,0.916,0.909,0.789,0.79,0.831,0.876,0.875,0.914,0.878,0.929,0.64
22,B1_1,0.752,0.905,0.921,0.95,1.0,0.89,0.905,0.892,0.744,0.891,0.86,0.906,0.896,0.875,0.979,0.681
22,B1_2,0.487,0.914,0.822,0.916,0.89,1.0,0.987,0.721,0.6,0.748,0.883,0.915,0.913,0.96,0.881,0.352
22,B1_3,0.494,0.873,0.793,0.909,0.905,0.987,1.0,0.77,0.558,0.748,0.85,0.893,0.896,0.937,0.894,0.36
22,A2_1,0.716,0.739,0.796,0.789,0.892,0.721,0.77,1.0,0.704,0.851,0.615,0.796,0.781,0.739,0.885,0.626
22,A2_2,0.829,0.833,0.802,0.79,0.744,0.6,0.558,0.704,1.0,0.83,0.709,0.758,0.792,0.658,0.77,0.77
22,A2_3,0.84,0.861,0.913,0.831,0.891,0.748,0.748,0.851,0.83,1.0,0.816,0.918,0.923,0.847,0.949,0.786
22,B2_1,0.604,0.909,0.884,0.876,0.86,0.883,0.85,0.615,0.709,0.816,1.0,0.902,0.903,0.921,0.873,0.567
22,B2_2,0.645,0.959,0.909,0.875,0.906,0.915,0.893,0.796,0.758,0.918,0.902,1.0,0.969,0.96,0.947,0.547
22,B2_3,0.704,0.941,0.89,0.914,0.896,0.913,0.896,0.781,0.792,0.923,0.903,0.969,1.0,0.958,0.943,0.582
22,y1,0.552,0.914,0.883,0.878,0.875,0.96,0.937,0.739,0.658,0.847,0.921,0.96,0.958,1.0,0.901,0.439
22,y2,0.762,0.915,0.911,0.929,0.979,0.881,0.894,0.885,0.77,0.949,0.873,0.947,0.943,0.901,1.0,0.688
22,y3,0.957,0.585,0.753,0.64,0.681,0.352,0.36,0.626,0.77,0.786,0.567,0.547,0.582,0.439,0.688,1.0
23,.,1.0,0.646,0.79,0.717,0.71,0.43,0.437,0.694,0.817,0.821,0.556,0.594,0.655,0.508,0.727,0.959
23,A1_1,0.646,1.0,0.907,0.931,0.906,0.911,0.871,0.734,0.818,0.855,0.907,0.959,0.941,0.913,0.913,0.552
23,A1_2,0.79,0.907,1.0,0.882,0.915,0.805,0.776,0.79,0.793,0.912,0.873,0.898,0.882,0.873,0.906,0.739
23,A1_3,0.717,0.931,0.882,1.0,0.95,0.911,0.905,0.782,0.778,0.826,0.875,0.875,0.913,0.877,0.928,0.612
23,B1_1,0.71,0.906,0.915,0.95,1.0,0.889,0.903,0.885,0.726,0.884,0.861,0.906,0.895,0.877,0.978,0.644
23,B1_2,0.43,0.911,0.805,0.911,0.889,1.0,0.987,0.702,0.57,0.732,0.884,0.917,0.915,0.959,0.875,0.304
23,B1_3,0.437,0.871,0.776,0.905,0.903,0.987,1.0,0.751,0.528,0.732,0.852,0.896,0.897,0.937,0.888,0.312
23,A2_1,0.694,0.734,0.79,0.782,0.885,0.702,0.751,1.0,0.699,0.847,0.603,0.784,0.768,0.727,0.88,0.608
23,A2_2,0.817,0.818,0.793,0.778,0.726,0.57,0.528,0.699,1.0,0.824,0.683,0.734,0.769,0.635,0.756,0.765
23,A2_3,0.821,0.855,0.912,0.826,0.884,0.732,0.732,0.847,0.824,1.0,0.807,0.907,0.913,0.839,0.945,0.77
23,B2_1,0.556,0.907,0.873,0.875,0.861,0.884,0.852,0.603,0.683,0.807,1.0,0.905,0.905,0.922,0.872,0.524
23,B2_2,0.594,0.959,0.898,0.875,0.906,0.917,0.896,0.784,0.734,0.907,0.905,1.0,0.969,0.963,0.944,0.502
23,B2_3,0.655,0.941,0.882,0.913,0.895,0.915,0.897,0.768,0.769,0.913,0.905,0.969,1.0,0.961,0.94,0.539
23,y1,0.508,0.913,0.873,0.877,0.877,0.959,0.937,0.727,0.635,0.839,0.922,0.963,0.961,1.0,0.9,0.402
23,y2,0.727,0.913,0.906,0.928,0.978,0.875,0.888,0.88,0.756,0.945,0.872,0.944,0.94,0.9,1.0,0.659
23,y3,0.959,0.552,0.739,0.612,0.644,0.304,0.312,0.608,0.765,0.77,0.524,0.502,0.539,0.402,0.659,1.0
24,.,1.0,0.601,0.773,0.68,0.663,0.368,0.376,0.671,0.804,0.801,0.503,0.538,0.602,0.462,0.69,0.962
24,A1_1,0.601,1.0,0.898,0.93,0.906,0.907,0.868,0.726,0.801,0.848,0.905,0.959,0.941,0.913,0.911,0.517
24,A1_2,0.773,0.898,1.0,0.877,0.909,0.785,0.757,0.784,0.783,0.91,0.859,0.885,0.871,0.863,0.901,0.726
24,A1_3,0.68,0.93,0.877,1.0,0.949,0.906,0.9,0.774,0.763,0.821,0.873,0.875,0.912,0.876,0.926,0.583
24,B1_1,0.663,0.906,0.909,0.949,1.0,0.887,0.902,0.875,0.705,0.876,0.863,0.906,0.894,0.88,0.978,0.603
24,B1_2,0.368,0.907,0.785,0.906,0.887,1.0,0.987,0.68,0.534,0.714,0.886,0.919,0.916,0.957,0.867,0.252
24,B1_3,0.376,0.868,0.757,0.9,0.902,0.987,1.0,0.728,0.493,0.714,0.854,0.898,0.899,0.936,0.881,0.26
24,A2_1,0.671,0.726,0.784,0.774,0.875,0.68,0.728,1.0,0.695,0.843,0.586,0.769,0.753,0.712,0.874,0.592
24,A2_2,0.804,0.801,0.783,0.763,0.705,0.534,0.493,0.695,1.0,0.816,0.651,0.705,0.74,0.608,0.739,0.76
24,A2_3,0.801,0.848,0.91,0.821,0.876,0.714,0.714,0.843,0.816,1.0,0.796,0.893,0.901,0.83,0.942,0.755
24,B2_1,0.503,0.905,0.859,0.873,0.863,0.886,0.854,0.586,0.651,0.796,1.0,0.907,0.907,0.923,0.869,0.478
24,B2_2,0.538,0.959,0.885,0.875,0.906,0.919,0.898,0.769,0.705,0.893,0.907,1.0,0.97,0.965,0.94,0.452
24,B2_3,0.602,0.941,0.871,0.912,0.894,0.916,0.899,0.753,0.74,0.901,0.907,0.97,1.0,0.963,0.936,0.494
24,y1,0.462,0.913,0.863,0.876,0.88,0.957,0.936,0.712,0.608,0.83,0.923,0.965,0.963,1.0,0.899,0.363
24,y2,0.69,0.911,0.901,0.926,0.978,0.867,0.881,0.874,0.739,0.942,0.869,0.94,0.936,0.899,1.0,0.629
24,y3,0.962,0.517,0.726,0.583,0.603,0.252,0.26,0.592,0.76,0.755,0.478,0.452,0.494,0.363,0.629,1.0
25,.,1.0,0.557,0.757,0.642,0.614,0.307,0.315,0.651,0.791,0.781,0.448,0.481,0.545,0.417,0.654,0.964
25,A1_1,0.557,1.0,0.889,0.93,0.906,0.903,0.865,0.717,0.782,0.84,0.903,0.959,0.94,0.912,0.908,0.482
25,A1_2,0.757,0.889,1.0,0.871,0.901,0.765,0.738,0.779,0.774,0.909,0.843,0.87,0.858,0.852,0.896,0.714
25,A1_3,0.642,0.93,0.871,1.0,0.948,0.9,0.895,0.765,0.747,0.816,0.871,0.874,0.91,0.876,0.925,0.554
25,B1_1,0.614,0.906,0.901,0.948,1.0,0.887,0.901,0.864,0.682,0.867,0.865,0.906,0.893,0.883,0.977,0.56
25,B1_2,0.307,0.903,0.765,0.9,0.887,1.0,0.988,0.656,0.498,0.695,0.888,0.921,0.918,0.956,0.859,0.202
25,B1_3,0.315,0.865,0.738,0.895,0.901,0.988,1.0,0.703,0.457,0.695,0.858,0.901,0.901,0.935,0.873,0.209
25,A2_1,0.651,0.717,0.779,0.765,0.864,0.656,0.703,1.0,0.693,0.839,0.569,0.751,0.735,0.697,0.867,0.577
25,A2_2,0.791,0.782,0.774,0.747,0.682,0.498,0.457,0.693,1.0,0.809,0.618,0.675,0.71,0.582,0.723,0.755
25,A2_3,0.781,0.84,0.909,0.816,0.867,0.695,0.695,0.839,0.809,1.0,0.783,0.878,0.888,0.822,0.938,0.74
25,B2_1,0.448,0.903,0.843,0.871,0.865,0.888,0.858,0.569,0.618,0.783,1.0,0.91,0.909,0.924,0.867,0.429
25,B2_2,0.481,0.959,0.87,0.874,0.906,0.921,0.901,0.751,0.675,0.878,0.91,1.0,0.971,0.967,0.936,0.404
25,B2_3,0.545,0.94,0.858,0.91,0.893,0.918,0.901,0.735,0.71,0.888,0.909,0.971,1.0,0.967,0.932,0.445
25,y1,0.417,0.912,0.852,0.876,0.883,0.956,0.935,0.697,0.582,0.822,0.924,0.967,0.967,1.0,0.897,0.326
25,y2,0.654,0.908,0.896,0.925,0.977,0.859,0.873,0.867,0.723,0.938,0.867,0.936,0.932,0.897,1.0,0.601
25,y3,0.964,0.482,0.714,0.554,0.56,0.202,0.209,0.577,0.755,0.74,0.429,0.404,0.445,0.326,0.601,1.0
26,.,1.0,0.511,0.742,0.602,0.56,0.244,0.253,0.631,0.778,0.761,0.39,0.423,0.484,0.372,0.618,0.966
