,,.,A1_1,A1_2,A1_3,B1_1,B1_2,B1_3,A2_1,A2_2,A2_3,B2_1,B2_2,B2_3,y1,y2,y3
1,.,1.0,-0.348,0.365,0.095,0.417,-0.216,-0.312,-0.079,0.141,0.01,0.095,-0.5,0.214,-0.207,0.155,0.582
1,A1_1,-0.348,1.0,-0.247,0.279,-0.087,0.417,0.077,-0.392,0.28,-0.179,-0.036,0.561,-0.131,0.03,-0.043,-0.431
1,A1_2,0.365,-0.247,1.0,-0.17,0.116,0.199,-0.235,0.062,-0.039,0.033,0.328,-0.261,-0.209,0.271,-0.172,0.146
1,A1_3,0.095,0.279,-0.17,1.0,0.6,0.388,0.138,-0.266,0.174,-0.181,0.288,-0.22,0.332,-0.047,0.329,0.004
1,B1_1,0.417,-0.087,0.116,0.6,1.0,0.139,-0.037,-0.065,-0.22,0.185,0.083,-0.261,-0.123,-0.389,0.622,0.477
1,B1_2,-0.216,0.417,0.199,0.388,0.139,1.0,0.692,0.171,-0.075,0.042,-0.18,0.177,0.157,0.466,0.059,-0.688
1,B1_3,-0.312,0.077,-0.235,0.138,-0.037,0.692,1.0,0.445,-0.355,-0.066,-0.502,0.158,0.287,0.145,0.048,-0.67
1,A2_1,-0.079,-0.392,0.062,-0.266,-0.065,0.171,0.445,1.0,0.083,-0.018,-0.488,-0.104,0.327,0.358,-0.43,-0.37
1,A2_2,0.141,0.28,-0.039,0.174,-0.22,-0.075,-0.355,0.083,1.0,-0.346,0.21,-0.169,0.31,0.38,-0.56,-0.126
1,A2_3,0.01,-0.179,0.033,-0.181,0.185,0.042,-0.066,-0.018,-0.346,1.0,-0.235,0.225,-0.188,0.157,0.617,0.264
1,B2_1,0.095,-0.036,0.328,0.288,0.083,-0.18,-0.502,-0.488,0.21,-0.235,1.0,-0.626,-0.019,0.119,-0.125,0.343
1,B2_2,-0.5,0.561,-0.261,-0.22,-0.261,0.177,0.158,-0.104,-0.169,0.225,-0.626,1.0,-0.384,-0.151,0.163,-0.351
1,B2_3,0.214,-0.131,-0.209,0.332,-0.123,0.157,0.287,0.327,0.31,-0.188,-0.019,-0.384,1.0,0.461,-0.332,-0.292
1,y1,-0.207,0.03,0.271,-0.047,-0.389,0.466,0.145,0.358,0.38,0.157,0.119,-0.151,0.461,1.0,-0.48,-0.573
1,y2,0.155,-0.043,-0.172,0.329,0.622,0.059,0.048,-0.43,-0.56,0.617,-0.125,0.163,-0.332,-0.48,1.0,0.469
1,y3,0.582,-0.431,0.146,0.004,0.477,-0.688,-0.67,-0.37,-0.126,0.264,0.343,-0.351,-0.292,-0.573,0.469,1.0
2,.,1.0,-0.347,0.364,0.095,0.418,-0.218,-0.313,-0.079,0.14,0.011,0.092,-0.498,0.214,-0.209,0.156,0.582
2,A1_1,-0.347,1.0,-0.247,0.28,-0.086,0.417,0.078,-0.392,0.28,-0.179,-0.036,0.562,-0.129,0.029,-0.044,-0.431
2,A1_2,0.364,-0.247,1.0,-0.169,0.117,0.199,-0.234,0.061,-0.039,0.033,0.329,-0.26,-0.207,0.27,-0.172,0.146
2,A1_3,0.095,0.28,-0.169,1.0,0.6,0.387,0.139,-0.266,0.174,-0.181,0.288,-0.219,0.332,-0.047,0.33,0.005
2,B1_1,0.418,-0.086,0.117,0.6,1.0,0.14,-0.036,-0.065,-0.22,0.185,0.083,-0.262,-0.123,-0.389,0.621,0.476
2,B1_2,-0.218,0.417,0.199,0.387,0.14,1.0,0.693,0.17,-0.074,0.041,-0.178,0.179,0.16,0.466,0.058,-0.688
2,B1_3,-0.313,0.078,-0.234,0.139,-0.036,0.693,1.0,0.443,-0.354,-0.067,-0.499,0.158,0.289,0.146,0.047,-0.671
2,A2_1,-0.079,-0.392,0.061,-0.266,-0.065,0.17,0.443,1.0,0.083,-0.018,-0.488,-0.105,0.327,0.358,-0.43,-0.37
2,A2_2,0.14,0.28,-0.039,0.174,-0.22,-0.074,-0.354,0.083,1.0,-0.346,0.21,-0.168,0.311,0.38,-0.559,-0.126
2,A2_3,0.011,-0.179,0.033,-0.181,0.185,0.041,-0.067,-0.018,-0.346,1.0,-0.235,0.225,-0.188,0.156,0.617,0.264
2,B2_1,0.092,-0.036,0.329,0.288,0.083,-0.178,-0.499,-0.488,0.21,-0.235,1.0,-0.625,-0.017,0.121,-0.125,0.343
2,B2_2,-0.498,0.562,-0.26,-0.219,-0.262,0.179,0.158,-0.105,-0.168,0.225,-0.625,1.0,-0.386,-0.151,0.161,-0.353
2,B2_3,0.214,-0.129,-0.207,0.332,-0.123,0.16,0.289,0.327,0.311,-0.188,-0.017,-0.386,1.0,0.463,-0.332,-0.294
2,y1,-0.209,0.029,0.27,-0.047,-0.389,0.466,0.146,0.358,0.38,0.156,0.121,-0.151,0.463,1.0,-0.48,-0.573
2,y2,0.156,-0.044,-0.172,0.33,0.621,0.058,0.047,-0.43,-0.559,0.617,-0.125,0.161,-0.332,-0.48,1.0,0.469
2,y3,0.582,-0.431,0.146,0.005,0.476,-0.688,-0.671,-0.37,-0.126,0.264,0.343,-0.353,-0.294,-0.573,0.469,1.0
3,.,1.0,-0.347,0.363,0.094,0.418,-0.219,-0.314,-0.078,0.139,0.012,0.089,-0.496,0.214,-0.21,0.156,0.583
3,A1_1,-0.347,1.0,-0.247,0.28,-0.085,0.417,0.08,-0.392,0.28,-0.178,-0.035,0.564,-0.127,0.028,-0.044,-0.432
3,A1_2,0.363,-0.247,1.0,-0.169,0.118,0.2,-0.233,0.061,-0.039,0.033,0.329,-0.259,-0.205,0.27,-0.172,0.146
3,A1_3,0.094,0.28,-0.169,1.0,0.6,0.387,0.139,-0.266,0.174,-0.18,0.287,-0.218,0.333,-0.047,0.33,0.005
3,B1_1,0.418,-0.085,0.118,0.6,1.0,0.141,-0.036,-0.065,-0.22,0.185,0.084,-0.262,-0.124,-0.388,0.621,0.475
3,B1_2,-0.219,0.417,0.2,0.387,0.141,1.0,0.695,0.17,-0.074,0.041,-0.175,0.181,0.164,0.466,0.056,-0.689
3,B1_3,-0.314,0.08,-0.233,0.139,-0.036,0.695,1.0,0.442,-0.354,-0.067,-0.497,0.158,0.29,0.148,0.047,-0.671
3,A2_1,-0.078,-0.392,0.061,-0.266,-0.065,0.17,0.442,1.0,0.083,-0.017,-0.488,-0.105,0.326,0.358,-0.43,-0.37
3,A2_2,0.139,0.28,-0.039,0.174,-0.22,-0.074,-0.354,0.083,1.0,-0.345,0.209,-0.168,0.311,0.38,-0.559,-0.126
3,A2_3,0.012,-0.178,0.033,-0.18,0.185,0.041,-0.067,-0.017,-0.345,1.0,-0.236,0.226,-0.189,0.155,0.616,0.263
3,B2_1,0.089,-0.035,0.329,0.287,0.084,-0.175,-0.497,-0.488,0.209,-0.236,1.0,-0.623,-0.016,0.123,-0.124,0.342
3,B2_2,-0.496,0.564,-0.259,-0.218,-0.262,0.181,0.158,-0.105,-0.168,0.226,-0.623,1.0,-0.387,-0.15,0.16,-0.355
3,B2_3,0.214,-0.127,-0.205,0.333,-0.124,0.164,0.29,0.326,0.311,-0.189,-0.016,-0.387,1.0,0.466,-0.333,-0.296
3,y1,-0.21,0.028,0.27,-0.047,-0.388,0.466,0.148,0.358,0.38,0.155,0.123,-0.15,0.466,1.0,-0.481,-0.573
3,y2,0.156,-0.044,-0.172,0.33,0.621,0.056,0.047,-0.43,-0.559,0.616,-0.124,0.16,-0.333,-0.481,1.0,0.469
3,y3,0.583,-0.432,0.146,0.005,0.475,-0.689,-0.671,-0.37,-0.126,0.263,0.342,-0.355,-0.296,-0.573,0.469,1.0
4,.,1.0,-0.347,0.361,0.094,0.418,-0.222,-0.316,-0.077,0.138,0.014,0.086,-0.495,0.214,-0.212,0.157,0.584
4,A1_1,-0.347,1.0,-0.247,0.28,-0.084,0.418,0.081,-0.392,0.28,-0.178,-0.035,0.566,-0.125,0.027,-0.045,-0.432
4,A1_2,0.361,-0.247,1.0,-0.169,0.119,0.2,-0.231,0.061,-0.039,0.033,0.33,-0.258,-0.203,0.27,-0.172,0.145
4,A1_3,0.094,0.28,-0.169,1.0,0.601,0.387,0.14,-0.266,0.174,-0.18,0.286,-0.217,0.333,-0.048,0.331,0.005
4,B1_1,0.418,-0.084,0.119,0.601,1.0,0.142,-0.035,-0.066,-0.22,0.185,0.084,-0.262,-0.125,-0.388,0.621,0.473
4,B1_2,-0.222,0.418,0.2,0.387,0.142,1.0,0.696,0.169,-0.074,0.041,-0.173,0.183,0.168,0.465,0.055,-0.689
4,B1_3,-0.316,0.081,-0.231,0.14,-0.035,0.696,1.0,0.441,-0.353,-0.067,-0.494,0.159,0.292,0.149,0.047,-0.672
4,A2_1,-0.077,-0.392,0.061,-0.266,-0.066,0.169,0.441,1.0,0.083,-0.017,-0.488,-0.106,0.326,0.358,-0.43,-0.37
4,A2_2,0.138,0.28,-0.039,0.174,-0.22,-0.074,-0.353,0.083,1.0,-0.345,0.208,-0.167,0.311,0.38,-0.559,-0.125
4,A2_3,0.014,-0.178,0.033,-0.18,0.185,0.041,-0.067,-0.017,-0.345,1.0,-0.236,0.226,-0.189,0.154,0.616,0.263
4,B2_1,0.086,-0.035,0.33,0.286,0.084,-0.173,-0.494,-0.488,0.208,-0.236,1.0,-0.622,-0.015,0.124,-0.124,0.342
4,B2_2,-0.495,0.566,-0.258,-0.217,-0.262,0.183,0.159,-0.106,-0.167,0.226,-0.622,1.0,-0.389,-0.15,0.159,-0.357
4,B2_3,0.214,-0.125,-0.203,0.333,-0.125,0.168,0.292,0.326,0.311,-0.189,-0.015,-0.389,1.0,0.469,-0.334,-0.298
4,y1,-0.212,0.027,0.27,-0.048,-0.388,0.465,0.149,0.358,0.38,0.154,0.124,-0.15,0.469,1.0,-0.482,-0.572
4,y2,0.157,-0.045,-0.172,0.331,0.621,0.055,0.047,-0.43,-0.559,0.616,-0.124,0.159,-0.334,-0.482,1.0,0.47
4,y3,0.584,-0.432,0.145,0.005,0.473,-0.689,-0.672,-0.37,-0.125,0.263,0.342,-0.357,-0.298,-0.572,0.47,1.0
5,.,1.0,-0.347,0.36,0.094,0.418,-0.225,-0.317,-0.076,0.138,0.015,0.082,-0.493,0.214,-0.213,0.157,0.584
5,A1_1,-0.347,1.0,-0.248,0.28,-0.082,0.419,0.083,-0.393,0.28,-0.178,-0.034,0.568,-0.123,0.026,-0.046,-0.432
5,A1_2,0.36,-0.248,1.0,-0.168,0.12,0.2,-0.23,0.061,-0.039,0.033,0.33,-0.256,-0.2,0.27,-0.172,0.145
5,A1_3,0.094,0.28,-0.168,1.0,0.601,0.387,0.14,-0.266,0.174,-0.18,0.285,-0.216,0.334,-0.048,0.331,0.006
5,B1_1,0.418,-0.082,0.12,0.601,1.0,0.143,-0.034,-0.066,-0.22,0.186,0.084,-0.262,-0.126,-0.388,0.621,0.472
5,B1_2,-0.225,0.419,0.2,0.387,0.143,1.0,0.697,0.168,-0.074,0.04,-0.17,0.185,0.172,0.465,0.054,-0.689
5,B1_3,-0.317,0.083,-0.23,0.14,-0.034,0.697,1.0,0.439,-0.353,-0.067,-0.491,0.159,0.294,0.15,0.046,-0.673
5,A2_1,-0.076,-0.393,0.061,-0.266,-0.066,0.168,0.439,1.0,0.083,-0.017,-0.488,-0.106,0.325,0.359,-0.43,-0.37
5,A2_2,0.138,0.28,-0.039,0.174,-0.22,-0.074,-0.353,0.083,1.0,-0.345,0.207,-0.167,0.311,0.38,-0.559,-0.125
5,A2_3,0.015,-0.178,0.033,-0.18,0.186,0.04,-0.067,-0.017,-0.345,1.0,-0.236,0.227,-0.189,0.153,0.616,0.263
5,B2_1,0.082,-0.034,0.33,0.285,0.084,-0.17,-0.491,-0.488,0.207,-0.236,1.0,-0.62,-0.014,0.126,-0.123,0.341
5,B2_2,-0.493,0.568,-0.256,-0.216,-0.262,0.185,0.159,-0.106,-0.167,0.227,-0.62,1.0,-0.389,-0.15,0.158,-0.359
5,B2_3,0.214,-0.123,-0.2,0.334,-0.126,0.172,0.294,0.325,0.311,-0.189,-0.014,-0.389,1.0,0.472,-0.334,-0.301
5,y1,-0.213,0.026,0.27,-0.048,-0.388,0.465,0.15,0.359,0.38,0.153,0.126,-0.15,0.472,1.0,-0.482,-0.572
5,y2,0.157,-0.046,-0.172,0.331,0.621,0.054,0.046,-0.43,-0.559,0.616,-0.123,0.158,-0.334,-0.482,1.0,0.47
5,y3,0.584,-0.432,0.145,0.006,0.472,-0.689,-0.673,-0.37,-0.125,0.263,0.341,-0.359,-0.301,-0.572,0.47,1.0
6,.,1.0,-0.347,0.357,0.093,0.417,-0.229,-0.319,-0.075,0.138,0.016,0.078,-0.492,0.213,-0.215,0.158,0.585
6,A1_1,-0.347,1.0,-0.248,0.28,-0.081,0.419,0.084,-0.393,0.28,-0.178,-0.034,0.57,-0.12,0.024,-0.047,-0.432
6,A1_2,0.357,-0.248,1.0,-0.168,0.121,0.2,-0.229,0.06,-0.039,0.033,0.331,-0.255,-0.198,0.269,-0.172,0.145
6,A1_3,0.093,0.28,-0.168,1.0,0.602,0.386,0.141,-0.266,0.173,-0.18,0.284,-0.215,0.335,-0.048,0.331,0.006
6,B1_1,0.417,-0.081,0.121,0.602,1.0,0.144,-0.033,-0.066,-0.22,0.186,0.084,-0.262,-0.127,-0.388,0.621,0.47
6,B1_2,-0.229,0.419,0.2,0.386,0.144,1.0,0.699,0.167,-0.074,0.039,-0.168,0.188,0.176,0.464,0.052,-0.69
6,B1_3,-0.319,0.084,-0.229,0.141,-0.033,0.699,1.0,0.437,-0.353,-0.067,-0.488,0.16,0.296,0.151,0.046,-0.674
6,A2_1,-0.075,-0.393,0.06,-0.266,-0.066,0.167,0.437,1.0,0.083,-0.016,-0.488,-0.107,0.325,0.359,-0.429,-0.37
6,A2_2,0.138,0.28,-0.039,0.173,-0.22,-0.074,-0.353,0.083,1.0,-0.345,0.206,-0.167,0.311,0.38,-0.559,-0.124
6,A2_3,0.016,-0.178,0.033,-0.18,0.186,0.039,-0.067,-0.016,-0.345,1.0,-0.237,0.227,-0.19,0.152,0.616,0.262
6,B2_1,0.078,-0.034,0.331,0.284,0.084,-0.168,-0.488,-0.488,0.206,-0.237,1.0,-0.618,-0.013,0.127,-0.123,0.34
6,B2_2,-0.492,0.57,-0.255,-0.215,-0.262,0.188,0.16,-0.107,-0.167,0.227,-0.618,1.0,-0.39,-0.149,0.157,-0.361
6,B2_3,0.213,-0.12,-0.198,0.335,-0.127,0.176,0.296,0.325,0.311,-0.19,-0.013,-0.39,1.0,0.476,-0.335,-0.304
6,y1,-0.215,0.024,0.269,-0.048,-0.388,0.464,0.151,0.359,0.38,0.152,0.127,-0.149,0.476,1.0,-0.483,-0.571
6,y2,0.158,-0.047,-0.172,0.331,0.621,0.052,0.046,-0.429,-0.559,0.616,-0.123,0.157,-0.335,-0.483,1.0,0.47
6,y3,0.585,-0.432,0.145,0.006,0.47,-0.69,-0.674,-0.37,-0.124,0.262,0.34,-0.361,-0.304,-0.571,0.47,1.0
7,.,1.0,-0.347,0.355,0.093,0.416,-0.233,-0.322,-0.074,0.138,0.017,0.074,-0.491,0.213,-0.216,0.158,0.587
7,A1_1,-0.347,1.0,-0.248,0.28,-0.079,0.42,0.086,-0.393,0.28,-0.178,-0.033,0.572,-0.118,0.022,-0.048,-0.432
7,A1_2,0.355,-0.248,1.0,-0.168,0.122,0.2,-0.228,0.06,-0.039,0.032,0.331,-0.254,-0.196,0.269,-0.172,0.145
7,A1_3,0.093,0.28,-0.168,1.0,0.602,0.386,0.141,-0.266,0.173,-0.179,0.284,-0.214,0.336,-0.048,0.331,0.007
7,B1_1,0.416,-0.079,0.122,0.602,1.0,0.146,-0.032,-0.066,-0.22,0.186,0.084,-0.262,-0.128,-0.387,0.621,0.468
7,B1_2,-0.233,0.42,0.2,0.386,0.146,1.0,0.701,0.166,-0.074,0.039,-0.165,0.19,0.181,0.463,0.051,-0.691
7,B1_3,-0.322,0.086,-0.228,0.141,-0.032,0.701,1.0,0.436,-0.353,-0.068,-0.485,0.162,0.298,0.152,0.045,-0.675
7,A2_1,-0.074,-0.393,0.06,-0.266,-0.066,0.166,0.436,1.0,0.084,-0.016,-0.488,-0.107,0.324,0.359,-0.429,-0.37
7,A2_2,0.138,0.28,-0.039,0.173,-0.22,-0.074,-0.353,0.084,1.0,-0.344,0.205,-0.166,0.311,0.38,-0.559,-0.124
7,A2_3,0.017,-0.178,0.032,-0.179,0.186,0.039,-0.068,-0.016,-0.344,1.0,-0.237,0.227,-0.19,0.152,0.615,0.262
7,B2_1,0.074,-0.033,0.331,0.284,0.084,-0.165,-0.485,-0.488,0.205,-0.237,1.0,-0.616,-0.012,0.129,-0.123,0.339
7,B2_2,-0.491,0.572,-0.254,-0.214,-0.262,0.19,0.162,-0.107,-0.166,0.227,-0.616,1.0,-0.391,-0.149,0.155,-0.363
7,B2_3,0.213,-0.118,-0.196,0.336,-0.128,0.181,0.298,0.324,0.311,-0.19,-0.012,-0.391,1.0,0.48,-0.336,-0.307
7,y1,-0.216,0.022,0.269,-0.048,-0.387,0.463,0.152,0.359,0.38,0.152,0.129,-0.149,0.48,1.0,-0.484,-0.57
7,y2,0.158,-0.048,-0.172,0.331,0.621,0.051,0.045,-0.429,-0.559,0.615,-0.123,0.155,-0.336,-0.484,1.0,0.471
7,y3,0.587,-0.432,0.145,0.007,0.468,-0.691,-0.675,-0.37,-0.124,0.262,0.339,-0.363,-0.307,-0.57,0.471,1.0
8,.,1.0,-0.348,0.352,0.093,0.414,-0.238,-0.325,-0.072,0.138,0.019,0.069,-0.49,0.212,-0.217,0.159,0.588
8,A1_1,-0.348,1.0,-0.248,0.28,-0.078,0.42,0.088,-0.394,0.28,-0.178,-0.032,0.574,-0.115,0.02,-0.049,-0.432
8,A1_2,0.352,-0.248,1.0,-0.168,0.123,0.199,-0.227,0.06,-0.039,0.032,0.332,-0.252,-0.194,0.268,-0.172,0.144
8,A1_3,0.093,0.28,-0.168,1.0,0.603,0.385,0.141,-0.266,0.173,-0.179,0.283,-0.213,0.337,-0.049,0.331,0.007
8,B1_1,0.414,-0.078,0.123,0.603,1.0,0.147,-0.031,-0.067,-0.221,0.186,0.085,-0.261,-0.13,-0.387,0.621,0.466
8,B1_2,-0.238,0.42,0.199,0.385,0.147,1.0,0.702,0.165,-0.074,0.038,-0.162,0.193,0.186,0.462,0.049,-0.692
8,B1_3,-0.325,0.088,-0.227,0.141,-0.031,0.702,1.0,0.434,-0.352,-0.068,-0.482,0.163,0.3,0.152,0.044,-0.676
8,A2_1,-0.072,-0.394,0.06,-0.266,-0.067,0.165,0.434,1.0,0.084,-0.015,-0.489,-0.108,0.324,0.359,-0.428,-0.369
8,A2_2,0.138,0.28,-0.039,0.173,-0.221,-0.074,-0.352,0.084,1.0,-0.344,0.204,-0.166,0.31,0.381,-0.559,-0.123
8,A2_3,0.019,-0.178,0.032,-0.179,0.186,0.038,-0.068,-0.015,-0.344,1.0,-0.238,0.227,-0.191,0.151,0.615,0.262
8,B2_1,0.069,-0.032,0.332,0.283,0.085,-0.162,-0.482,-0.489,0.204,-0.238,1.0,-0.614,-0.012,0.13,-0.122,0.337
8,B2_2,-0.49,0.574,-0.252,-0.213,-0.261,0.193,0.163,-0.108,-0.166,0.227,-0.614,1.0,-0.391,-0.149,0.154,-0.366
8,B2_3,0.212,-0.115,-0.194,0.337,-0.13,0.186,0.3,0.324,0.31,-0.191,-0.012,-0.391,1.0,0.484,-0.337,-0.31
8,y1,-0.217,0.02,0.268,-0.049,-0.387,0.462,0.152,0.359,0.381,0.151,0.13,-0.149,0.484,1.0,-0.485,-0.569
8,y2,0.159,-0.049,-0.172,0.331,0.621,0.049,0.044,-0.428,-0.559,0.615,-0.122,0.154,-0.337,-0.485,1.0,0.472
8,y3,0.588,-0.432,0.144,0.007,0.466,-0.692,-0.676,-0.369,-0.123,0.262,0.337,-0.366,-0.31,-0.569,0.472,1.0
9,.,1.0,-0.349,0.349,0.093,0.413,-0.244,-0.328,-0.071,0.138,0.02,0.065,-0.489,0.211,-0.219,0.159,0.59
9,A1_1,-0.349,1.0,-0.248,0.28,-0.076,0.421,0.089,-0.394,0.28,-0.179,-0.031,0.576,-0.111,0.018,-0.051,-0.432
9,A1_2,0.349,-0.248,1.0,-0.167,0.124,0.199,-0.226,0.059,-0.039,0.032,0.332,-0.251,-0.192,0.268,-0.172,0.144
9,A1_3,0.093,0.28,-0.167,1.0,0.603,0.384,0.141,-0.265,0.174,-0.179,0.282,-0.212,0.338,-0.049,0.331,0.008
9,B1_1,0.413,-0.076,0.124,0.603,1.0,0.149,-0.03,-0.067,-0.221,0.186,0.085,-0.261,-0.131,-0.387,0.621,0.464
9,B1_2,-0.244,0.421,0.199,0.384,0.149,1.0,0.704,0.164,-0.074,0.037,-0.159,0.197,0.191,0.46,0.046,-0.693
9,B1_3,-0.328,0.089,-0.226,0.141,-0.03,0.704,1.0,0.432,-0.352,-0.069,-0.478,0.165,0.303,0.153,0.043,-0.677
9,A2_1,-0.071,-0.394,0.059,-0.265,-0.067,0.164,0.432,1.0,0.084,-0.015,-0.489,-0.108,0.323,0.359,-0.428,-0.369
9,A2_2,0.138,0.28,-0.039,0.174,-0.221,-0.074,-0.352,0.084,1.0,-0.344,0.203,-0.166,0.31,0.381,-0.559,-0.122
9,A2_3,0.02,-0.179,0.032,-0.179,0.186,0.037,-0.069,-0.015,-0.344,1.0,-0.238,0.227,-0.191,0.15,0.615,0.262
9,B2_1,0.065,-0.031,0.332,0.282,0.085,-0.159,-0.478,-0.489,0.203,-0.238,1.0,-0.612,-0.011,0.132,-0.122,0.336
9,B2_2,-0.489,0.576,-0.251,-0.212,-0.261,0.197,0.165,-0.108,-0.166,0.227,-0.612,1.0,-0.39,-0.148,0.152,-0.368
9,B2_3,0.211,-0.111,-0.192,0.338,-0.131,0.191,0.303,0.323,0.31,-0.191,-0.011,-0.39,1.0,0.489,-0.337,-0.314
9,y1,-0.219,0.018,0.268,-0.049,-0.387,0.46,0.153,0.359,0.381,0.15,0.132,-0.148,0.489,1.0,-0.486,-0.568
9,y2,0.159,-0.051,-0.172,0.331,0.621,0.046,0.043,-0.428,-0.559,0.615,-0.122,0.152,-0.337,-0.486,1.0,0.472
9,y3,0.59,-0.432,0.144,0.008,0.464,-0.693,-0.677,-0.369,-0.122,0.262,0.336,-0.368,-0.314,-0.568,0.472,1.0
10,.,1.0,-0.35,0.346,0.092,0.41,-0.25,-0.332,-0.069,0.139,0.021,0.06,-0.489,0.209,-0.22,0.16,0.592
10,A1_1,-0.35,1.0,-0.248,0.28,-0.074,0.421,0.091,-0.395,0.28,-0.179,-0.03,0.578,-0.108,0.016,-0.053,-0.433
10,A1_2,0.346,-0.248,1.0,-0.167,0.125,0.198,-0.225,0.059,-0.039,0.032,0.332,-0.25,-0.19,0.267,-0.173,0.144
10,A1_3,0.092,0.28,-0.167,1.0,0.604,0.383,0.142,-0.265,0.174,-0.179,0.281,-0.211,0.339,-0.05,0.331,0.008
10,B1_1,0.41,-0.074,0.125,0.604,1.0,0.15,-0.029,-0.067,-0.221,0.186,0.085,-0.26,-0.133,-0.386,0.621,0.462
10,B1_2,-0.25,0.421,0.198,0.383,0.15,1.0,0.706,0.163,-0.074,0.036,-0.156,0.2,0.197,0.458,0.044,-0.694
10,B1_3,-0.332,0.091,-0.225,0.142,-0.029,0.706,1.0,0.429,-0.352,-0.069,-0.475,0.167,0.306,0.153,0.042,-0.678
10,A2_1,-0.069,-0.395,0.059,-0.265,-0.067,0.163,0.429,1.0,0.084,-0.015,-0.489,-0.109,0.323,0.359,-0.428,-0.368
10,A2_2,0.139,0.28,-0.039,0.174,-0.221,-0.074,-0.352,0.084,1.0,-0.343,0.202,-0.166,0.309,0.381,-0.558,-0.121
10,A2_3,0.021,-0.179,0.032,-0.179,0.186,0.036,-0.069,-0.015,-0.343,1.0,-0.239,0.227,-0.192,0.149,0.615,0.262
10,B2_1,0.06,-0.03,0.332,0.281,0.085,-0.156,-0.475,-0.489,0.202,-0.239,1.0,-0.609,-0.01,0.134,-0.122,0.334
10,B2_2,-0.489,0.578,-0.25,-0.211,-0.26,0.2,0.167,-0.109,-0.166,0.227,-0.609,1.0,-0.39,-0.148,0.151,-0.371
10,B2_3,0.209,-0.108,-0.19,0.339,-0.133,0.197,0.306,0.323,0.309,-0.192,-0.01,-0.39,1.0,0.493,-0.338,-0.318
10,y1,-0.22,0.016,0.267,-0.05,-0.386,0.458,0.153,0.359,0.381,0.149,0.134,-0.148,0.493,1.0,-0.488,-0.566
10,y2,0.16,-0.053,-0.173,0.331,0.621,0.044,0.042,-0.428,-0.558,0.615,-0.122,0.151,-0.338,-0.488,1.0,0.473
10,y3,0.592,-0.433,0.144,0.008,0.462,-0.694,-0.678,-0.368,-0.121,0.262,0.334,-0.371,-0.318,-0.566,0.473,1.0
11,.,1.0,-0.351,0.342,0.092,0.408,-0.257,-0.337,-0.067,0.139,0.023,0.055,-0.489,0.207,-0.221,0.16,0.594
11,A1_1,-0.351,1.0,-0.248,0.28,-0.072,0.422,0.093,-0.395,0.28,-0.179,-0.029,0.58,-0.104,0.013,-0.055,-0.433
11,A1_2,0.342,-0.248,1.0,-0.167,0.126,0.198,-0.225,0.059,-0.039,0.032,0.333,-0.249,-0.188,0.267,-0.173,0.143
11,A1_3,0.092,0.28,-0.167,1.0,0.605,0.383,0.142,-0.265,0.174,-0.179,0.281,-0.21,0.34,-0.051,0.331,0.009
11,B1_1,0.408,-0.072,0.126,0.605,1.0,0.152,-0.028,-0.068,-0.222,0.186,0.085,-0.26,-0.135,-0.386,0.621,0.459
11,B1_2,-0.257,0.422,0.198,0.383,0.152,1.0,0.708,0.161,-0.075,0.035,-0.153,0.204,0.203,0.456,0.041,-0.695
11,B1_3,-0.337,0.093,-0.225,0.142,-0.028,0.708,1.0,0.427,-0.352,-0.07,-0.471,0.169,0.31,0.153,0.04,-0.68
11,A2_1,-0.067,-0.395,0.059,-0.265,-0.068,0.161,0.427,1.0,0.084,-0.014,-0.489,-0.109,0.322,0.359,-0.427,-0.367
11,A2_2,0.139,0.28,-0.039,0.174,-0.222,-0.075,-0.352,0.084,1.0,-0.343,0.201,-0.166,0.308,0.381,-0.558,-0.12
11,A2_3,0.023,-0.179,0.032,-0.179,0.186,0.035,-0.07,-0.014,-0.343,1.0,-0.239,0.227,-0.193,0.149,0.615,0.262
11,B2_1,0.055,-0.029,0.333,0.281,0.085,-0.153,-0.471,-0.489,0.201,-0.239,1.0,-0.607,-0.009,0.135,-0.122,0.332
11,B2_2,-0.489,0.58,-0.249,-0.21,-0.26,0.204,0.169,-0.109,-0.166,0.227,-0.607,1.0,-0.389,-0.148,0.149,-0.374
11,B2_3,0.207,-0.104,-0.188,0.34,-0.135,0.203,0.31,0.322,0.308,-0.193,-0.009,-0.389,1.0,0.498,-0.339,-0.322
11,y1,-0.221,0.013,0.267,-0.051,-0.386,0.456,0.153,0.359,0.381,0.149,0.135,-0.148,0.498,1.0,-0.489,-0.565
11,y2,0.16,-0.055,-0.173,0.331,0.621,0.041,0.04,-0.427,-0.558,0.615,-0.122,0.149,-0.339,-0.489,1.0,0.474
11,y3,0.594,-0.433,0.143,0.009,0.459,-0.695,-0.68,-0.367,-0.12,0.262,0.332,-0.374,-0.322,-0.565,0.474,1.0
12,.,1.0,-0.352,0.338,0.091,0.404,-0.265,-0.342,-0.065,0.141,0.024,0.049,-0.489,0.204,-0.222,0.161,0.596
12,A1_1,-0.352,1.0,-0.248,0.28,-0.069,0.422,0.095,-0.396,0.281,-0.179,-0.027,0.582,-0.1,0.01,-0.057,-0.433
12,A1_2,0.338,-0.248,1.0,-0.167,0.127,0.197,-0.224,0.058,-0.039,0.032,0.333,-0.248,-0.186,0.267,-0.173,0.143
12,A1_3,0.091,0.28,-0.167,1.0,0.606,0.382,0.142,-0.265,0.174,-0.179,0.28,-0.208,0.341,-0.051,0.33,0.009
12,B1_1,0.404,-0.069,0.127,0.606,1.0,0.154,-0.026,-0.068,-0.223,0.186,0.085,-0.259,-0.137,-0.386,0.621,0.456
12,B1_2,-0.265,0.422,0.197,0.382,0.154,1.0,0.71,0.16,-0.076,0.034,-0.149,0.208,0.209,0.454,0.038,-0.697
12,B1_3,-0.342,0.095,-0.224,0.142,-0.026,0.71,1.0,0.425,-0.352,-0.071,-0.467,0.172,0.314,0.153,0.039,-0.682
12,A2_1,-0.065,-0.396,0.058,-0.265,-0.068,0.16,0.425,1.0,0.085,-0.014,-0.489,-0.11,0.321,0.359,-0.426,-0.366
12,A2_2,0.141,0.281,-0.039,0.174,-0.223,-0.076,-0.352,0.085,1.0,-0.342,0.199,-0.166,0.306,0.382,-0.558,-0.119
12,A2_3,0.024,-0.179,0.032,-0.179,0.186,0.034,-0.071,-0.014,-0.342,1.0,-0.24,0.227,-0.193,0.148,0.615,0.262
12,B2_1,0.049,-0.027,0.333,0.28,0.085,-0.149,-0.467,-0.489,0.199,-0.24,1.0,-0.604,-0.009,0.137,-0.121,0.33
12,B2_2,-0.489,0.582,-0.248,-0.208,-0.259,0.208,0.172,-0.11,-0.166,0.227,-0.604,1.0,-0.387,-0.148,0.147,-0.377
12,B2_3,0.204,-0.1,-0.186,0.341,-0.137,0.209,0.314,0.321,0.306,-0.193,-0.009,-0.387,1.0,0.503,-0.339,-0.327
12,y1,-0.222,0.01,0.267,-0.051,-0.386,0.454,0.153,0.359,0.382,0.148,0.137,-0.148,0.503,1.0,-0.49,-0.563
12,y2,0.161,-0.057,-0.173,0.33,0.621,0.038,0.039,-0.426,-0.558,0.615,-0.121,0.147,-0.339,-0.49,1.0,0.476
12,y3,0.596,-0.433,0.143,0.009,0.456,-0.697,-0.682,-0.366,-0.119,0.262,0.33,-0.377,-0.327,-0.563,0.476,1.0
13,.,1.0,-0.354,0.334,0.091,0.401,-0.273,-0.348,-0.063,0.142,0.026,0.044,-0.489,0.201,-0.222,0.161,0.599
13,A1_1,-0.354,1.0,-0.249,0.28,-0.067,0.423,0.097,-0.396,0.281,-0.18,-0.026,0.584,-0.095,0.007,-0.059,-0.433
13,A1_2,0.334,-0.249,1.0,-0.167,0.128,0.196,-0.223,0.058,-0.039,0.032,0.333,-0.247,-0.184,0.266,-0.173,0.143
13,A1_3,0.091,0.28,-0.167,1.0,0.607,0.381,0.142,-0.265,0.174,-0.179,0.28,-0.207,0.343,-0.052,0.33,0.01
13,B1_1,0.401,-0.067,0.128,0.607,1.0,0.156,-0.024,-0.068,-0.223,0.186,0.085,-0.258,-0.139,-0.385,0.621,0.453
13,B1_2,-0.273,0.423,0.196,0.381,0.156,1.0,0.712,0.158,-0.076,0.032,-0.146,0.212,0.216,0.452,0.035,-0.698
13,B1_3,-0.348,0.097,-0.223,0.142,-0.024,0.712,1.0,0.422,-0.352,-0.072,-0.462,0.175,0.318,0.153,0.037,-0.683
13,A2_1,-0.063,-0.396,0.058,-0.265,-0.068,0.158,0.422,1.0,0.085,-0.013,-0.49,-0.11,0.321,0.36,-0.426,-0.365
13,A2_2,0.142,0.281,-0.039,0.174,-0.223,-0.076,-0.352,0.085,1.0,-0.342,0.198,-0.166,0.305,0.382,-0.557,-0.118
13,A2_3,0.026,-0.18,0.032,-0.179,0.186,0.032,-0.072,-0.013,-0.342,1.0,-0.241,0.227,-0.194,0.147,0.615,0.262
13,B2_1,0.044,-0.026,0.333,0.28,0.085,-0.146,-0.462,-0.49,0.198,-0.241,1.0,-0.601,-0.008,0.139,-0.121,0.328
13,B2_2,-0.489,0.584,-0.247,-0.207,-0.258,0.212,0.175,-0.11,-0.166,0.227,-0.601,1.0,-0.386,-0.148,0.145,-0.38
13,B2_3,0.201,-0.095,-0.184,0.343,-0.139,0.216,0.318,0.321,0.305,-0.194,-0.008,-0.386,1.0,0.508,-0.34,-0.333
13,y1,-0.222,0.007,0.266,-0.052,-0.385,0.452,0.153,0.36,0.382,0.147,0.139,-0.148,0.508,1.0,-0.492,-0.561
13,y2,0.161,-0.059,-0.173,0.33,0.621,0.035,0.037,-0.426,-0.557,0.615,-0.121,0.145,-0.34,-0.492,1.0,0.477
13,y3,0.599,-0.433,0.143,0.01,0.453,-0.698,-0.683,-0.365,-0.118,0.262,0.328,-0.38,-0.333,-0.561,0.477,1.0
14,.,1.0,-0.355,0.33,0.091,0.396,-0.282,-0.354,-0.061,0.144,0.028,0.038,-0.49,0.197,-0.222,0.162,0.601
14,A1_1,-0.355,1.0,-0.249,0.28,-0.064,0.423,0.099,-0.397,0.281,-0.18,-0.024,0.587,-0.09,0.004,-0.062,-0.433
14,A1_2,0.33,-0.249,1.0,-0.166,0.129,0.195,-0.223,0.058,-0.039,0.032,0.333,-0.246,-0.183,0.266,-0.173,0.143
14,A1_3,0.091,0.28,-0.166,1.0,0.608,0.379,0.142,-0.265,0.174,-0.179,0.279,-0.206,0.344,-0.053,0.329,0.011
14,B1_1,0.396,-0.064,0.129,0.608,1.0,0.159,-0.022,-0.069,-0.224,0.186,0.085,-0.257,-0.141,-0.385,0.621,0.45
14,B1_2,-0.282,0.423,0.195,0.379,0.159,1.0,0.715,0.157,-0.077,0.031,-0.142,0.216,0.224,0.449,0.031,-0.7
14,B1_3,-0.354,0.099,-0.223,0.142,-0.022,0.715,1.0,0.419,-0.352,-0.073,-0.458,0.178,0.323,0.153,0.035,-0.685
14,A2_1,-0.061,-0.397,0.058,-0.265,-0.069,0.157,0.419,1.0,0.085,-0.013,-0.49,-0.111,0.32,0.36,-0.425,-0.364
14,A2_2,0.144,0.281,-0.039,0.174,-0.224,-0.077,-0.352,0.085,1.0,-0.341,0.197,-0.166,0.303,0.383,-0.556,-0.117
14,A2_3,0.028,-0.18,0.032,-0.179,0.186,0.031,-0.073,-0.013,-0.341,1.0,-0.241,0.226,-0.195,0.147,0.615,0.262
14,B2_1,0.038,-0.024,0.333,0.279,0.085,-0.142,-0.458,-0.49,0.197,-0.241,1.0,-0.597,-0.007,0.141,-0.121,0.325
14,B2_2,-0.49,0.587,-0.246,-0.206,-0.257,0.216,0.178,-0.111,-0.166,0.226,-0.597,1.0,-0.383,-0.148,0.143,-0.383
14,B2_3,0.197,-0.09,-0.183,0.344,-0.141,0.224,0.323,0.32,0.303,-0.195,-0.007,-0.383,1.0,0.514,-0.341,-0.338
14,y1,-0.222,0.004,0.266,-0.053,-0.385,0.449,0.153,0.36,0.383,0.147,0.141,-0.148,0.514,1.0,-0.493,-0.558
14,y2,0.162,-0.062,-0.173,0.329,0.621,0.031,0.035,-0.425,-0.556,0.615,-0.121,0.143,-0.341,-0.493,1.0,0.479
14,y3,0.601,-0.433,0.143,0.011,0.45,-0.7,-0.685,-0.364,-0.117,0.262,0.325,-0.383,-0.338,-0.558,0.479,1.0
15,.,1.0,-0.357,0.326,0.09,0.391,-0.292,-0.361,-0.058,0.146,0.03,0.031,-0.491,0.191,-0.222,0.163,0.604
15,A1_1,-0.357,1.0,-0.249,0.279,-0.062,0.424,0.101,-0.397,0.281,-0.18,-0.022,0.589,-0.085,0.0,-0.065,-0.433
15,A1_2,0.326,-0.249,1.0,-0.166,0.129,0.193,-0.223,0.058,-0.039,0.032,0.333,-0.245,-0.181,0.266,-0.174,0.142
15,A1_3,0.09,0.279,-0.166,1.0,0.609,0.378,0.142,-0.265,0.175,-0.179,0.279,-0.204,0.346,-0.054,0.329,0.011
15,B1_1,0.391,-0.062,0.129,0.609,1.0,0.161,-0.02,-0.069,-0.225,0.186,0.085,-0.256,-0.143,-0.384,0.621,0.446
15,B1_2,-0.292,0.424,0.193,0.378,0.161,1.0,0.717,0.155,-0.078,0.029,-0.137,0.22,0.232,0.446,0.027,-0.702
15,B1_3,-0.361,0.101,-0.223,0.142,-0.02,0.717,1.0,0.416,-0.352,-0.074,-0.453,0.182,0.328,0.152,0.032,-0.687
15,A2_1,-0.058,-0.397,0.058,-0.265,-0.069,0.155,0.416,1.0,0.086,-0.012,-0.49,-0.111,0.319,0.36,-0.425,-0.363
15,A2_2,0.146,0.281,-0.039,0.175,-0.225,-0.078,-0.352,0.086,1.0,-0.34,0.195,-0.166,0.301,0.383,-0.556,-0.115
15,A2_3,0.03,-0.18,0.032,-0.179,0.186,0.029,-0.074,-0.012,-0.34,1.0,-0.242,0.226,-0.196,0.146,0.615,0.262
15,B2_1,0.031,-0.022,0.333,0.279,0.085,-0.137,-0.453,-0.49,0.195,-0.242,1.0,-0.594,-0.006,0.143,-0.121,0.322
15,B2_2,-0.491,0.589,-0.245,-0.204,-0.256,0.22,0.182,-0.111,-0.166,0.226,-0.594,1.0,-0.381,-0.148,0.14,-0.387
15,B2_3,0.191,-0.085,-0.181,0.346,-0.143,0.232,0.328,0.319,0.301,-0.196,-0.006,-0.381,1.0,0.519,-0.342,-0.345
15,y1,-0.222,0.0,0.266,-0.054,-0.384,0.446,0.152,0.36,0.383,0.146,0.143,-0.148,0.519,1.0,-0.495,-0.555
15,y2,0.163,-0.065,-0.174,0.329,0.621,0.027,0.032,-0.425,-0.556,0.615,-0.121,0.14,-0.342,-0.495,1.0,0.481
15,y3,0.604,-0.433,0.142,0.011,0.446,-0.702,-0.687,-0.363,-0.115,0.262,0.322,-0.387,-0.345,-0.555,0.481,1.0
16,.,1.0,-0.359,0.322,0.089,0.385,-0.302,-0.368,-0.055,0.148,0.032,0.025,-0.493,0.185,-0.221,0.164,0.607
16,A1_1,-0.359,1.0,-0.249,0.279,-0.059,0.424,0.103,-0.398,0.281,-0.181,-0.02,0.591,-0.079,-0.003,-0.068,-0.433
16,A1_2,0.322,-0.249,1.0,-0.166,0.13,0.192,-0.222,0.057,-0.039,0.032,0.333,-0.245,-0.18,0.265,-0.174,0.142
16,A1_3,0.089,0.279,-0.166,1.0,0.61,0.377,0.142,-0.265,0.175,-0.179,0.278,-0.203,0.348,-0.055,0.328,0.012
16,B1_1,0.385,-0.059,0.13,0.61,1.0,0.164,-0.018,-0.07,-0.226,0.186,0.086,-0.254,-0.145,-0.383,0.62,0.442
16,B1_2,-0.302,0.424,0.192,0.377,0.164,1.0,0.719,0.153,-0.079,0.027,-0.133,0.225,0.241,0.443,0.023,-0.704
16,B1_3,-0.368,0.103,-0.222,0.142,-0.018,0.719,1.0,0.413,-0.353,-0.075,-0.447,0.185,0.334,0.152,0.029,-0.689
16,A2_1,-0.055,-0.398,0.057,-0.265,-0.07,0.153,0.413,1.0,0.086,-0.012,-0.49,-0.112,0.318,0.36,-0.424,-0.362
16,A2_2,0.148,0.281,-0.039,0.175,-0.226,-0.079,-0.353,0.086,1.0,-0.34,0.193,-0.166,0.299,0.384,-0.555,-0.114
16,A2_3,0.032,-0.181,0.032,-0.179,0.186,0.027,-0.075,-0.012,-0.34,1.0,-0.243,0.225,-0.197,0.145,0.615,0.263
16,B2_1,0.025,-0.02,0.333,0.278,0.086,-0.133,-0.447,-0.49,0.193,-0.243,1.0,-0.59,-0.005,0.145,-0.121,0.319
16,B2_2,-0.493,0.591,-0.245,-0.203,-0.254,0.225,0.185,-0.112,-0.166,0.225,-0.59,1.0,-0.377,-0.148,0.137,-0.391
16,B2_3,0.185,-0.079,-0.18,0.348,-0.145,0.241,0.334,0.318,0.299,-0.197,-0.005,-0.377,1.0,0.525,-0.343,-0.352
16,y1,-0.221,-0.003,0.265,-0.055,-0.383,0.443,0.152,0.36,0.384,0.145,0.145,-0.148,0.525,1.0,-0.496,-0.552
16,y2,0.164,-0.068,-0.174,0.328,0.62,0.023,0.029,-0.424,-0.555,0.615,-0.121,0.137,-0.343,-0.496,1.0,0.483
16,y3,0.607,-0.433,0.142,0.012,0.442,-0.704,-0.689,-0.362,-0.114,0.263,0.319,-0.391,-0.352,-0.552,0.483,1.0
17,.,1.0,-0.361,0.318,0.088,0.379,-0.312,-0.376,-0.052,0.151,0.035,0.018,-0.494,0.178,-0.219,0.166,0.61
17,A1_1,-0.361,1.0,-0.249,0.279,-0.055,0.425,0.106,-0.398,0.282,-0.181,-0.018,0.594,-0.073,-0.007,-0.071,-0.433
17,A1_2,0.318,-0.249,1.0,-0.166,0.131,0.19,-0.222,0.057,-0.038,0.032,0.333,-0.244,-0.179,0.265,-0.174,0.142
17,A1_3,0.088,0.279,-0.166,1.0,0.612,0.376,0.142,-0.265,0.175,-0.179,0.278,-0.201,0.35,-0.056,0.327,0.013
17,B1_1,0.379,-0.055,0.131,0.612,1.0,0.167,-0.016,-0.07,-0.227,0.186,0.086,-0.253,-0.147,-0.383,0.62,0.437
17,B1_2,-0.312,0.425,0.19,0.376,0.167,1.0,0.722,0.151,-0.08,0.026,-0.128,0.23,0.25,0.439,0.019,-0.706
17,B1_3,-0.376,0.106,-0.222,0.142,-0.016,0.722,1.0,0.409,-0.353,-0.076,-0.441,0.19,0.34,0.151,0.026,-0.691
17,A2_1,-0.052,-0.398,0.057,-0.265,-0.07,0.151,0.409,1.0,0.087,-0.011,-0.491,-0.112,0.317,0.36,-0.423,-0.36
17,A2_2,0.151,0.282,-0.038,0.175,-0.227,-0.08,-0.353,0.087,1.0,-0.339,0.191,-0.167,0.296,0.384,-0.554,-0.112
17,A2_3,0.035,-0.181,0.032,-0.179,0.186,0.026,-0.076,-0.011,-0.339,1.0,-0.244,0.224,-0.199,0.145,0.615,0.263
17,B2_1,0.018,-0.018,0.333,0.278,0.086,-0.128,-0.441,-0.491,0.191,-0.244,1.0,-0.586,-0.004,0.147,-0.121,0.315
17,B2_2,-0.494,0.594,-0.244,-0.201,-0.253,0.23,0.19,-0.112,-0.167,0.224,-0.586,1.0,-0.373,-0.148,0.134,-0.395
17,B2_3,0.178,-0.073,-0.179,0.35,-0.147,0.25,0.34,0.317,0.296,-0.199,-0.004,-0.373,1.0,0.531,-0.344,-0.36
17,y1,-0.219,-0.007,0.265,-0.056,-0.383,0.439,0.151,0.36,0.384,0.145,0.147,-0.148,0.531,1.0,-0.498,-0.549
17,y2,0.166,-0.071,-0.174,0.327,0.62,0.019,0.026,-0.423,-0.554,0.615,-0.121,0.134,-0.344,-0.498,1.0,0.485
17,y3,0.61,-0.433,0.142,0.013,0.437,-0.706,-0.691,-0.36,-0.112,0.263,0.315,-0.395,-0.36,-0.549,0.485,1.0
18,.,1.0,-0.363,0.313,0.087,0.372,-0.324,-0.384,-0.048,0.153,0.038,0.01,-0.496,0.17,-0.217,0.168,0.614
18,A1_1,-0.363,1.0,-0.249,0.279,-0.052,0.425,0.108,-0.399,0.282,-0.182,-0.016,0.596,-0.066,-0.012,-0.074,-0.433
18,A1_2,0.313,-0.249,1.0,-0.166,0.132,0.188,-0.222,0.057,-0.038,0.032,0.333,-0.243,-0.177,0.265,-0.174,0.142
18,A1_3,0.087,0.279,-0.166,1.0,0.613,0.374,0.142,-0.265,0.176,-0.179,0.278,-0.2,0.352,-0.057,0.326,0.014
18,B1_1,0.372,-0.052,0.132,0.613,1.0,0.17,-0.013,-0.071,-0.228,0.185,0.086,-0.251,-0.149,-0.382,0.62,0.432
18,B1_2,-0.324,0.425,0.188,0.374,0.17,1.0,0.725,0.149,-0.081,0.023,-0.123,0.236,0.26,0.435,0.014,-0.708
18,B1_3,-0.384,0.108,-0.222,0.142,-0.013,0.725,1.0,0.406,-0.353,-0.078,-0.435,0.194,0.347,0.149,0.023,-0.693
18,A2_1,-0.048,-0.399,0.057,-0.265,-0.071,0.149,0.406,1.0,0.088,-0.011,-0.491,-0.113,0.316,0.36,-0.423,-0.359
18,A2_2,0.153,0.282,-0.038,0.176,-0.228,-0.081,-0.353,0.088,1.0,-0.338,0.189,-0.167,0.293,0.385,-0.553,-0.11
18,A2_3,0.038,-0.182,0.032,-0.179,0.185,0.023,-0.078,-0.011,-0.338,1.0,-0.245,0.223,-0.2,0.145,0.615,0.263
18,B2_1,0.01,-0.016,0.333,0.278,0.086,-0.123,-0.435,-0.491,0.189,-0.245,1.0,-0.582,-0.003,0.149,-0.121,0.311
18,B2_2,-0.496,0.596,-0.243,-0.2,-0.251,0.236,0.194,-0.113,-0.167,0.223,-0.582,1.0,-0.368,-0.149,0.131,-0.399
18,B2_3,0.17,-0.066,-0.177,0.352,-0.149,0.26,0.347,0.316,0.293,-0.2,-0.003,-0.368,1.0,0.537,-0.345,-0.368
18,y1,-0.217,-0.012,0.265,-0.057,-0.382,0.435,0.149,0.36,0.385,0.145,0.149,-0.149,0.537,1.0,-0.5,-0.545
18,y2,0.168,-0.074,-0.174,0.326,0.62,0.014,0.023,-0.423,-0.553,0.615,-0.121,0.131,-0.345,-0.5,1.0,0.488
18,y3,0.614,-0.433,0.142,0.014,0.432,-0.708,-0.693,-0.359,-0.11,0.263,0.311,-0.399,-0.368,-0.545,0.488,1.0
19,.,1.0,-0.365,0.308,0.087,0.364,-0.335,-0.393,-0.045,0.156,0.04,0.002,-0.499,0.16,-0.215,0.17,0.617
19,A1_1,-0.365,1.0,-0.25,0.278,-0.048,0.426,0.111,-0.4,0.282,-0.182,-0.014,0.598,-0.059,-0.016,-0.078,-0.433
19,A1_2,0.308,-0.25,1.0,-0.166,0.132,0.186,-0.222,0.057,-0.038,0.032,0.333,-0.243,-0.176,0.265,-0.174,0.142
19,A1_3,0.087,0.278,-0.166,1.0,0.614,0.373,0.141,-0.265,0.176,-0.179,0.277,-0.198,0.354,-0.059,0.326,0.015
19,B1_1,0.364,-0.048,0.132,0.614,1.0,0.174,-0.009,-0.071,-0.229,0.185,0.086,-0.248,-0.151,-0.381,0.62,0.427
19,B1_2,-0.335,0.426,0.186,0.373,0.174,1.0,0.728,0.147,-0.083,0.021,-0.117,0.241,0.271,0.431,0.008,-0.71
19,B1_3,-0.393,0.111,-0.222,0.141,-0.009,0.728,1.0,0.402,-0.353,-0.079,-0.428,0.199,0.355,0.148,0.019,-0.696
19,A2_1,-0.045,-0.4,0.057,-0.265,-0.071,0.147,0.402,1.0,0.088,-0.01,-0.491,-0.114,0.315,0.361,-0.422,-0.357
19,A2_2,0.156,0.282,-0.038,0.176,-0.229,-0.083,-0.353,0.088,1.0,-0.337,0.187,-0.167,0.29,0.386,-0.552,-0.109
19,A2_3,0.04,-0.182,0.032,-0.179,0.185,0.021,-0.079,-0.01,-0.337,1.0,-0.246,0.222,-0.202,0.144,0.616,0.264
19,B2_1,0.002,-0.014,0.333,0.277,0.086,-0.117,-0.428,-0.491,0.187,-0.246,1.0,-0.577,-0.001,0.151,-0.122,0.306
19,B2_2,-0.499,0.598,-0.243,-0.198,-0.248,0.241,0.199,-0.114,-0.167,0.222,-0.577,1.0,-0.363,-0.15,0.127,-0.403
19,B2_3,0.16,-0.059,-0.176,0.354,-0.151,0.271,0.355,0.315,0.29,-0.202,-0.001,-0.363,1.0,0.544,-0.346,-0.378
19,y1,-0.215,-0.016,0.265,-0.059,-0.381,0.431,0.148,0.361,0.386,0.144,0.151,-0.15,0.544,1.0,-0.501,-0.541
19,y2,0.17,-0.078,-0.174,0.326,0.62,0.008,0.019,-0.422,-0.552,0.616,-0.122,0.127,-0.346,-0.501,1.0,0.49
19,y3,0.617,-0.433,0.142,0.015,0.427,-0.71,-0.696,-0.357,-0.109,0.264,0.306,-0.403,-0.378,-0.541,0.49,1.0
20,.,1.0,-0.367,0.304,0.086,0.355,-0.347,-0.402,-0.042,0.16,0.044,-0.006,-0.502,0.149,-0.211,0.172,0.621
20,A1_1,-0.367,1.0,-0.25,0.278,-0.044,0.426,0.113,-0.4,0.283,-0.183,-0.011,0.601,-0.051,-0.022,-0.082,-0.433
20,A1_2,0.304,-0.25,1.0,-0.166,0.133,0.184,-0.221,0.057,-0.037,0.032,0.332,-0.242,-0.176,0.265,-0.174,0.141
20,A1_3,0.086,0.278,-0.166,1.0,0.616,0.371,0.141,-0.265,0.177,-0.179,0.277,-0.196,0.356,-0.06,0.324,0.016
20,B1_1,0.355,-0.044,0.133,0.616,1.0,0.178,-0.006,-0.072,-0.231,0.185,0.086,-0.246,-0.153,-0.38,0.619,0.421
20,B1_2,-0.347,0.426,0.184,0.371,0.178,1.0,0.731,0.145,-0.084,0.019,-0.111,0.247,0.283,0.426,0.002,-0.712
20,B1_3,-0.402,0.113,-0.221,0.141,-0.006,0.731,1.0,0.398,-0.354,-0.081,-0.421,0.204,0.364,0.146,0.015,-0.698
20,A2_1,-0.042,-0.4,0.057,-0.265,-0.072,0.145,0.398,1.0,0.089,-0.009,-0.491,-0.114,0.313,0.361,-0.421,-0.356
20,A2_2,0.16,0.283,-0.037,0.177,-0.231,-0.084,-0.354,0.089,1.0,-0.336,0.184,-0.168,0.286,0.387,-0.55,-0.107
20,A2_3,0.044,-0.183,0.032,-0.179,0.185,0.019,-0.081,-0.009,-0.336,1.0,-0.248,0.221,-0.204,0.144,0.616,0.265
20,B2_1,-0.006,-0.011,0.332,0.277,0.086,-0.111,-0.421,-0.491,0.184,-0.248,1.0,-0.572,0.001,0.153,-0.122,0.301
20,B2_2,-0.502,0.601,-0.242,-0.196,-0.246,0.247,0.204,-0.114,-0.168,0.221,-0.572,1.0,-0.357,-0.151,0.123,-0.408
20,B2_3,0.149,-0.051,-0.176,0.356,-0.153,0.283,0.364,0.313,0.286,-0.204,0.001,-0.357,1.0,0.55,-0.347,-0.388
20,y1,-0.211,-0.022,0.265,-0.06,-0.38,0.426,0.146,0.361,0.387,0.144,0.153,-0.151,0.55,1.0,-0.503,-0.536
20,y2,0.172,-0.082,-0.174,0.324,0.619,0.002,0.015,-0.421,-0.55,0.616,-0.122,0.123,-0.347,-0.503,1.0,0.494
20,y3,0.621,-0.433,0.141,0.016,0.421,-0.712,-0.698,-0.356,-0.107,0.265,0.301,-0.408,-0.388,-0.536,0.494,1.0
21,.,1.0,-0.369,0.3,0.085,0.346,-0.359,-0.412,-0.038,0.163,0.047,-0.015,-0.505,0.136,-0.207,0.175,0.624
21,A1_1,-0.369,1.0,-0.25,0.278,-0.039,0.427,0.116,-0.401,0.283,-0.183,-0.008,0.603,-0.042,-0.027,-0.086,-0.433
21,A1_2,0.3,-0.25,1.0,-0.166,0.133,0.182,-0.222,0.057,-0.037,0.032,0.332,-0.242,-0.175,0.265,-0.175,0.141
21,A1_3,0.085,0.278,-0.166,1.0,0.618,0.369,0.14,-0.265,0.177,-0.179,0.277,-0.195,0.359,-0.062,0.323,0.017
21,B1_1,0.346,-0.039,0.133,0.618,1.0,0.183,-0.001,-0.072,-0.233,0.184,0.087,-0.243,-0.155,-0.379,0.618,0.415
21,B1_2,-0.359,0.427,0.182,0.369,0.183,1.0,0.734,0.143,-0.086,0.016,-0.105,0.253,0.296,0.421,-0.004,-0.715
21,B1_3,-0.412,0.116,-0.222,0.14,-0.001,0.734,1.0,0.394,-0.354,-0.083,-0.413,0.21,0.373,0.143,0.01,-0.701
21,A2_1,-0.038,-0.401,0.057,-0.265,-0.072,0.143,0.394,1.0,0.09,-0.009,-0.491,-0.115,0.312,0.361,-0.42,-0.354
21,A2_2,0.163,0.283,-0.037,0.177,-0.233,-0.086,-0.354,0.09,1.0,-0.334,0.182,-0.169,0.282,0.388,-0.549,-0.105
21,A2_3,0.047,-0.183,0.032,-0.179,0.184,0.016,-0.083,-0.009,-0.334,1.0,-0.249,0.219,-0.206,0.144,0.616,0.266
21,B2_1,-0.015,-0.008,0.332,0.277,0.087,-0.105,-0.413,-0.491,0.182,-0.249,1.0,-0.566,0.003,0.156,-0.123,0.296
21,B2_2,-0.505,0.603,-0.242,-0.195,-0.243,0.253,0.21,-0.115,-0.169,0.219,-0.566,1.0,-0.349,-0.152,0.119,-0.413
21,B2_3,0.136,-0.042,-0.175,0.359,-0.155,0.296,0.373,0.312,0.282,-0.206,0.003,-0.349,1.0,0.557,-0.349,-0.399
21,y1,-0.207,-0.027,0.265,-0.062,-0.379,0.421,0.143,0.361,0.388,0.144,0.156,-0.152,0.557,1.0,-0.504,-0.531
21,y2,0.175,-0.086,-0.175,0.323,0.618,-0.004,0.01,-0.42,-0.549,0.616,-0.123,0.119,-0.349,-0.504,1.0,0.497
21,y3,0.624,-0.433,0.141,0.017,0.415,-0.715,-0.701,-0.354,-0.105,0.266,0.296,-0.413,-0.399,-0.531,0.497,1.0
22,.,1.0,-0.371,0.296,0.084,0.335,-0.371,-0.422,-0.034,0.167,0.051,-0.024,-0.508,0.122,-0.202,0.178,0.628
22,A1_1,-0.371,1.0,-0.25,0.277,-0.034,0.427,0.118,-0.402,0.284,-0.184,-0.005,0.606,-0.033,-0.033,-0.091,-0.433
22,A1_2,0.296,-0.25,1.0,-0.166,0.134,0.179,-0.222,0.057,-0.036,0.032,0.331,-0.242,-0.174,0.265,-0.175,0.141
22,A1_3,0.084,0.277,-0.166,1.0,0.62,0.367,0.14,-0.265,0.178,-0.179,0.276,-0.193,0.361,-0.064,0.322,0.018
22,B1_1,0.335,-0.034,0.134,0.62,1.0,0.188,0.003,-0.073,-0.235,0.183,0.087,-0.24,-0.157,-0.378,0.618,0.408
22,B1_2,-0.371,0.427,0.179,0.367,0.188,1.0,0.737,0.14,-0.088,0.013,-0.098,0.26,0.31,0.415,-0.011,-0.717
22,B1_3,-0.422,0.118,-0.222,0.14,0.003,0.737,1.0,0.389,-0.355,-0.085,-0.404,0.216,0.383,0.14,0.005,-0.704
22,A2_1,-0.034,-0.402,0.057,-0.265,-0.073,0.14,0.389,1.0,0.091,-0.008,-0.491,-0.115,0.31,0.362,-0.419,-0.352
22,A2_2,0.167,0.284,-0.036,0.178,-0.235,-0.088,-0.355,0.091,1.0,-0.333,0.179,-0.169,0.277,0.389,-0.547,-0.103
22,A2_3,0.051,-0.184,0.032,-0.179,0.183,0.013,-0.085,-0.008,-0.333,1.0,-0.251,0.217,-0.209,0.144,0.616,0.267
22,B2_1,-0.024,-0.005,0.331,0.276,0.087,-0.098,-0.404,-0.491,0.179,-0.251,1.0,-0.56,0.005,0.158,-0.124,0.29
22,B2_2,-0.508,0.606,-0.242,-0.193,-0.24,0.26,0.216,-0.115,-0.169,0.217,-0.56,1.0,-0.341,-0.153,0.114,-0.418
22,B2_3,0.122,-0.033,-0.174,0.361,-0.157,0.31,0.383,0.31,0.277,-0.209,0.005,-0.341,1.0,0.563,-0.35,-0.411
22,y1,-0.202,-0.033,0.265,-0.064,-0.378,0.415,0.14,0.362,0.389,0.144,0.158,-0.153,0.563,1.0,-0.506,-0.526
22,y2,0.178,-0.091,-0.175,0.322,0.618,-0.011,0.005,-0.419,-0.547,0.616,-0.124,0.114,-0.35,-0.506,1.0,0.501
22,y3,0.628,-0.433,0.141,0.018,0.408,-0.717,-0.704,-0.352,-0.103,0.267,0.29,-0.418,-0.411,-0.526,0.501,1.0
23,.,1.0,-0.372,0.292,0.084,0.324,-0.383,-0.433,-0.029,0.171,0.054,-0.034,-0.512,0.106,-0.196,0.182,0.631
23,A1_1,-0.372,1.0,-0.25,0.276,-0.029,0.427,0.121,-0.403,0.284,-0.185,-0.002,0.609,-0.024,-0.039,-0.096,-0.432
23,A1_2,0.292,-0.25,1.0,-0.166,0.134,0.177,-0.222,0.057,-0.036,0.032,0.33,-0.241,-0.174,0.265,-0.174,0.141
23,A1_3,0.084,0.276,-0.166,1.0,0.622,0.365,0.139,-0.265,0.179,-0.18,0.276,-0.191,0.363,-0.066,0.32,0.02
23,B1_1,0.324,-0.029,0.134,0.622,1.0,0.194,0.008,-0.074,-0.237,0.182,0.088,-0.236,-0.158,-0.377,0.616,0.4
23,B1_2,-0.383,0.427,0.177,0.365,0.194,1.0,0.741,0.137,-0.089,0.01,-0.09,0.267,0.324,0.408,-0.018,-0.719
23,B1_3,-0.433,0.121,-0.222,0.139,0.008,0.741,1.0,0.385,-0.355,-0.088,-0.395,0.222,0.394,0.137,-0.001,-0.707
23,A2_1,-0.029,-0.403,0.057,-0.265,-0.074,0.137,0.385,1.0,0.092,-0.007,-0.492,-0.116,0.307,0.362,-0.418,-0.35
23,A2_2,0.171,0.284,-0.036,0.179,-0.237,-0.089,-0.355,0.092,1.0,-0.332,0.176,-0.17,0.272,0.39,-0.545,-0.101
23,A2_3,0.054,-0.185,0.032,-0.18,0.182,0.01,-0.088,-0.007,-0.332,1.0,-0.252,0.215,-0.212,0.144,0.617,0.268
23,B2_1,-0.034,-0.002,0.33,0.276,0.088,-0.09,-0.395,-0.492,0.176,-0.252,1.0,-0.553,0.008,0.16,-0.125,0.284
23,B2_2,-0.512,0.609,-0.241,-0.191,-0.236,0.267,0.222,-0.116,-0.17,0.215,-0.553,1.0,-0.332,-0.155,0.109,-0.423
23,B2_3,0.106,-0.024,-0.174,0.363,-0.158,0.324,0.394,0.307,0.272,-0.212,0.008,-0.332,1.0,0.569,-0.352,-0.424
23,y1,-0.196,-0.039,0.265,-0.066,-0.377,0.408,0.137,0.362,0.39,0.144,0.16,-0.155,0.569,1.0,-0.507,-0.52
23,y2,0.182,-0.096,-0.174,0.32,0.616,-0.018,-0.001,-0.418,-0.545,0.617,-0.125,0.109,-0.352,-0.507,1.0,0.506
23,y3,0.631,-0.432,0.141,0.02,0.4,-0.719,-0.707,-0.35,-0.101,0.268,0.284,-0.423,-0.424,-0.52,0.506,1.0
24,.,1.0,-0.374,0.288,0.084,0.311,-0.396,-0.443,-0.025,0.175,0.059,-0.044,-0.516,0.089,-0.188,0.187,0.634
24,A1_1,-0.374,1.0,-0.251,0.276,-0.024,0.427,0.123,-0.403,0.285,-0.185,0.002,0.611,-0.013,-0.046,-0.101,-0.432
24,A1_2,0.288,-0.251,1.0,-0.166,0.134,0.173,-0.222,0.057,-0.035,0.033,0.329,-0.241,-0.174,0.266,-0.174,0.142
24,A1_3,0.084,0.276,-0.166,1.0,0.624,0.362,0.139,-0.265,0.179,-0.18,0.276,-0.189,0.366,-0.068,0.319,0.021
24,B1_1,0.311,-0.024,0.134,0.624,1.0,0.2,0.014,-0.075,-0.239,0.181,0.089,-0.232,-0.159,-0.376,0.615,0.392
24,B1_2,-0.396,0.427,0.173,0.362,0.2,1.0,0.744,0.135,-0.092,0.007,-0.082,0.274,0.34,0.401,-0.027,-0.722
