,,.,A1_1,A1_2,A1_3,B1_1,B1_2,B1_3,A2_1,A2_2,A2_3,B2_1,B2_2,B2_3,y1,y2,y3
2,.,1.0,0.529,-0.558,0.168,-0.321,0.704,0.283,-0.299,-0.148,-0.447,0.398,0.674,0.458,-0.901,-0.74,-0.606
2,A1_1,0.529,1.0,0.015,0.794,-0.668,0.321,-0.327,-0.042,0.137,-0.391,0.535,0.231,0.464,-0.53,-0.468,-0.522
2,A1_2,-0.558,0.015,1.0,0.009,0.145,-0.441,-0.245,-0.386,-0.03,0.062,-0.242,-0.454,-0.553,0.594,0.281,0.46
2,A1_3,0.168,0.794,0.009,1.0,-0.749,0.209,-0.284,0.157,0.137,-0.409,0.236,-0.049,0.397,-0.348,0.077,-0.402
2,B1_1,-0.321,-0.668,0.145,-0.749,1.0,0.107,0.565,0.018,-0.417,0.388,-0.642,-0.388,-0.803,0.359,0.071,0.498
2,B1_2,0.704,0.321,-0.441,0.209,0.107,1.0,0.754,-0.211,-0.609,-0.521,-0.242,0.255,-0.094,-0.764,-0.348,-0.318
2,B1_3,0.283,-0.327,-0.245,-0.284,0.565,0.754,1.0,-0.297,-0.679,-0.277,-0.724,-0.04,-0.525,-0.381,-0.013,0.025
2,A2_1,-0.299,-0.042,-0.386,0.157,0.018,-0.211,-0.297,1.0,0.51,0.618,0.113,-0.447,0.232,0.138,0.069,-0.169
2,A2_2,-0.148,0.137,-0.03,0.137,-0.417,-0.609,-0.679,0.51,1.0,0.524,0.433,-0.233,0.551,0.046,-0.248,-0.494
2,A2_3,-0.447,-0.391,0.062,-0.409,0.388,-0.521,-0.277,0.618,0.524,1.0,0.051,-0.58,-0.197,0.498,0.003,0.219
2,B2_1,0.398,0.535,-0.242,0.236,-0.642,-0.242,-0.724,0.113,0.433,0.051,1.0,0.565,0.756,-0.154,-0.423,-0.252
2,B2_2,0.674,0.231,-0.454,-0.049,-0.388,0.255,-0.04,-0.447,-0.233,-0.58,0.565,1.0,0.572,-0.446,-0.354,-0.196
2,B2_3,0.458,0.464,-0.553,0.397,-0.803,-0.094,-0.525,0.232,0.551,-0.197,0.756,0.572,1.0,-0.468,-0.363,-0.669
2,y1,-0.901,-0.53,0.594,-0.348,0.359,-0.764,-0.381,0.138,0.046,0.498,-0.154,-0.446,-0.468,1.0,0.647,0.813
2,y2,-0.74,-0.468,0.281,0.077,0.071,-0.348,-0.013,0.069,-0.248,0.003,-0.423,-0.354,-0.363,0.647,1.0,0.658
2,y3,-0.606,-0.522,0.46,-0.402,0.498,-0.318,0.025,-0.169,-0.494,0.219,-0.252,-0.196,-0.669,0.813,0.658,1.0
4,.,1.0,0.072,0.451,0.08,0.776,-0.355,0.587,0.33,0.234,0.233,0.265,-0.749,-0.254,-0.578,-0.58,0.023
4,A1_1,0.072,1.0,0.596,0.466,0.041,0.145,-0.165,-0.567,0.006,-0.068,0.191,-0.098,-0.453,-0.07,0.064,0.105
4,A1_2,0.451,0.596,1.0,0.67,0.427,0.146,0.464,-0.211,-0.259,-0.375,0.122,-0.482,-0.335,-0.713,-0.483,0.179
4,A1_3,0.08,0.466,0.67,1.0,0.32,0.678,0.277,-0.47,-0.521,-0.593,-0.218,-0.103,-0.422,-0.632,-0.237,0.254
4,B1_1,0.776,0.041,0.427,0.32,1.0,0.131,0.794,-0.042,-0.377,-0.335,-0.303,-0.712,-0.233,-0.465,-0.318,0.478
4,B1_2,-0.355,0.145,0.146,0.678,0.131,1.0,0.313,-0.319,-0.658,-0.632,-0.685,0.066,-0.423,-0.241,0.295,0.592
4,B1_3,0.587,-0.165,0.464,0.277,0.794,0.313,1.0,0.322,-0.392,-0.365,-0.435,-0.762,-0.331,-0.649,-0.266,0.613
4,A2_1,0.33,-0.567,-0.211,-0.47,-0.042,-0.319,0.322,1.0,0.584,0.61,0.187,-0.356,-0.151,-0.308,-0.182,-0.113
4,A2_2,0.234,0.006,-0.259,-0.521,-0.377,-0.658,-0.392,0.584,1.0,0.985,0.674,-0.044,-0.165,0.077,-0.064,-0.531
4,A2_3,0.233,-0.068,-0.375,-0.593,-0.335,-0.632,-0.365,0.61,0.985,1.0,0.614,-0.03,-0.143,0.146,-0.015,-0.493
4,B2_1,0.265,0.191,0.122,-0.218,-0.303,-0.685,-0.435,0.187,0.674,0.614,1.0,0.253,0.289,-0.103,-0.619,-0.888
4,B2_2,-0.749,-0.098,-0.482,-0.103,-0.712,0.066,-0.762,-0.356,-0.044,-0.03,0.253,1.0,0.586,0.496,0.064,-0.581
4,B2_3,-0.254,-0.453,-0.335,-0.422,-0.233,-0.423,-0.331,-0.151,-0.165,-0.143,0.289,0.586,1.0,0.408,-0.306,-0.554
4,y1,-0.578,-0.07,-0.713,-0.632,-0.465,-0.241,-0.649,-0.308,0.077,0.146,-0.103,0.496,0.408,1.0,0.658,-0.065
4,y2,-0.58,0.064,-0.483,-0.237,-0.318,0.295,-0.266,-0.182,-0.064,-0.015,-0.619,0.064,-0.306,0.658,1.0,0.551
4,y3,0.023,0.105,0.179,0.254,0.478,0.592,0.613,-0.113,-0.531,-0.493,-0.888,-0.581,-0.554,-0.065,0.551,1.0
6,.,1.0,0.066,0.029,0.013,-0.608,-0.013,-0.217,0.471,0.567,0.634,0.128,-0.008,-0.072,-0.658,-0.103,-0.49
6,A1_1,0.066,1.0,0.735,0.724,-0.311,0.888,-0.087,-0.379,0.162,-0.51,0.19,-0.085,-0.515,-0.329,-0.852,-0.545
6,A1_2,0.029,0.735,1.0,0.916,0.095,0.523,0.415,-0.076,-0.118,-0.414,-0.268,0.027,-0.685,0.123,-0.504,-0.026
6,A1_3,0.013,0.724,0.916,1.0,-0.035,0.664,0.167,0.107,0.087,-0.355,-0.331,-0.215,-0.84,0.075,-0.35,0.03
6,B1_1,-0.608,-0.311,0.095,-0.035,1.0,-0.508,0.82,-0.006,-0.341,-0.187,-0.611,0.076,0.004,0.669,0.327,0.576
6,B1_2,-0.013,0.888,0.523,0.664,-0.508,1.0,-0.407,-0.292,0.224,-0.489,0.284,-0.311,-0.56,-0.324,-0.653,-0.398
6,B1_3,-0.217,-0.087,0.415,0.167,0.82,-0.407,1.0,-0.009,-0.32,-0.196,-0.469,0.052,-0.113,0.415,0.122,0.406
6,A2_1,0.471,-0.379,-0.076,0.107,-0.006,-0.292,-0.009,1.0,0.588,0.8,-0.675,-0.219,-0.449,0.088,0.564,0.337
6,A2_2,0.567,0.162,-0.118,0.087,-0.341,0.224,-0.32,0.588,1.0,0.544,-0.206,-0.462,-0.392,-0.558,-0.0,-0.387
6,A2_3,0.634,-0.51,-0.414,-0.355,-0.187,-0.489,-0.196,0.8,0.544,1.0,-0.367,0.179,0.018,-0.08,0.371,0.0
6,B2_1,0.128,0.19,-0.268,-0.331,-0.611,0.284,-0.469,-0.675,-0.206,-0.367,1.0,-0.033,0.554,-0.605,-0.356,-0.542
6,B2_2,-0.008,-0.085,0.027,-0.215,0.076,-0.311,0.052,-0.219,-0.462,0.179,-0.033,1.0,0.378,0.352,-0.346,-0.152
6,B2_3,-0.072,-0.515,-0.685,-0.84,0.004,-0.56,-0.113,-0.449,-0.392,0.018,0.554,0.378,1.0,-0.163,0.134,-0.218
6,y1,-0.658,-0.329,0.123,0.075,0.669,-0.324,0.415,0.088,-0.558,-0.08,-0.605,0.352,-0.163,1.0,0.301,0.804
6,y2,-0.103,-0.852,-0.504,-0.35,0.327,-0.653,0.122,0.564,-0.0,0.371,-0.356,-0.346,0.134,0.301,1.0,0.71
6,y3,-0.49,-0.545,-0.026,0.03,0.576,-0.398,0.406,0.337,-0.387,0.0,-0.542,-0.152,-0.218,0.804,0.71,1.0
8,.,1.0,-0.03,-0.107,0.072,-0.611,-0.816,-0.591,0.428,0.524,0.381,0.201,0.195,0.592,0.067,-0.643,-0.589
8,A1_1,-0.03,1.0,0.632,0.296,0.071,-0.124,0.402,0.177,0.099,0.515,-0.619,-0.405,-0.156,-0.805,-0.275,-0.434
8,A1_2,-0.107,0.632,1.0,0.728,-0.218,-0.011,0.019,-0.133,0.219,0.109,-0.423,-0.32,-0.193,-0.378,0.162,0.041
8,A1_3,0.072,0.296,0.728,1.0,-0.05,-0.017,0.019,-0.169,-0.124,-0.214,-0.515,-0.615,0.022,0.187,-0.065,-0.044
8,B1_1,-0.611,0.071,-0.218,-0.05,1.0,0.769,0.851,-0.402,-0.885,-0.344,-0.34,-0.449,-0.158,-0.105,-0.128,-0.054
8,B1_2,-0.816,-0.124,-0.011,-0.017,0.769,1.0,0.557,-0.648,-0.76,-0.501,0.067,-0.15,-0.122,0.053,0.241,0.238
8,B1_3,-0.591,0.402,0.019,0.019,0.851,0.557,1.0,-0.446,-0.765,-0.316,-0.563,-0.378,-0.21,-0.382,-0.08,-0.106
8,A2_1,0.428,0.177,-0.133,-0.169,-0.402,-0.648,-0.446,1.0,0.647,0.838,-0.185,-0.248,-0.319,-0.109,-0.117,-0.071
8,A2_2,0.524,0.099,0.219,-0.124,-0.885,-0.76,-0.765,0.647,1.0,0.656,0.196,0.327,-0.127,-0.199,0.144,0.088
8,A2_3,0.381,0.515,0.109,-0.214,-0.344,-0.501,-0.316,0.838,0.656,1.0,-0.104,-0.125,-0.162,-0.548,-0.288,-0.341
8,B2_1,0.201,-0.619,-0.423,-0.515,-0.34,0.067,-0.563,-0.185,0.196,-0.104,1.0,0.816,0.534,0.301,0.012,-0.013
8,B2_2,0.195,-0.405,-0.32,-0.615,-0.449,-0.15,-0.378,-0.248,0.327,-0.125,0.816,1.0,0.409,-0.002,0.13,0.035
8,B2_3,0.592,-0.156,-0.193,0.022,-0.158,-0.122,-0.21,-0.319,-0.127,-0.162,0.534,0.409,1.0,0.164,-0.704,-0.725
8,y1,0.067,-0.805,-0.378,0.187,-0.105,0.053,-0.382,-0.109,-0.199,-0.548,0.301,-0.002,0.164,1.0,0.21,0.354
8,y2,-0.643,-0.275,0.162,-0.065,-0.128,0.241,-0.08,-0.117,0.144,-0.288,0.012,0.13,-0.704,0.21,1.0,0.96
8,y3,-0.589,-0.434,0.041,-0.044,-0.054,0.238,-0.106,-0.071,0.088,-0.341,-0.013,0.035,-0.725,0.354,0.96,1.0
10,.,1.0,-0.577,0.196,-0.631,-0.085,-0.206,-0.431,0.335,0.22,0.487,0.553,0.41,-0.023,-0.759,-0.567,-0.1
10,A1_1,-0.577,1.0,0.306,0.688,0.184,0.197,0.358,0.226,0.081,-0.133,-0.887,-0.778,0.203,0.44,0.235,-0.418
10,A1_2,0.196,0.306,1.0,0.312,-0.118,-0.567,-0.021,0.551,0.04,0.578,-0.349,-0.322,-0.31,-0.192,-0.491,-0.658
10,A1_3,-0.631,0.688,0.312,1.0,-0.119,-0.235,-0.146,0.003,-0.544,-0.213,-0.608,-0.275,-0.218,0.217,-0.103,-0.663
10,B1_1,-0.085,0.184,-0.118,-0.119,1.0,0.829,0.636,0.112,0.288,0.145,-0.278,-0.243,-0.189,0.489,-0.182,0.322
10,B1_2,-0.206,0.197,-0.567,-0.235,0.829,1.0,0.61,-0.101,0.357,-0.2,-0.211,-0.254,0.217,0.529,0.264,0.551
10,B1_3,-0.431,0.358,-0.021,-0.146,0.636,0.61,1.0,0.005,0.441,-0.016,-0.437,-0.652,0.129,0.726,0.465,0.463
10,A2_1,0.335,0.226,0.551,0.003,0.112,-0.101,0.005,1.0,0.536,0.893,-0.525,-0.499,0.366,0.076,-0.319,-0.238
10,A2_2,0.22,0.081,0.04,-0.544,0.288,0.357,0.441,0.536,1.0,0.51,-0.25,-0.427,0.496,0.345,0.263,0.511
10,A2_3,0.487,-0.133,0.578,-0.213,0.145,-0.2,-0.016,0.893,0.51,1.0,-0.218,-0.204,0.068,0.002,-0.491,-0.071
10,B2_1,0.553,-0.887,-0.349,-0.608,-0.278,-0.211,-0.437,-0.525,-0.25,-0.218,1.0,0.878,-0.317,-0.637,-0.188,0.267
10,B2_2,0.41,-0.778,-0.322,-0.275,-0.243,-0.254,-0.652,-0.499,-0.427,-0.204,0.878,1.0,-0.52,-0.567,-0.41,0.105
10,B2_3,-0.023,0.203,-0.31,-0.218,-0.189,0.217,0.129,0.366,0.496,0.068,-0.317,-0.52,1.0,0.191,0.62,0.237
10,y1,-0.759,0.44,-0.192,0.217,0.489,0.529,0.726,0.076,0.345,0.002,-0.637,-0.567,0.191,1.0,0.5,0.487
10,y2,-0.567,0.235,-0.491,-0.103,-0.182,0.264,0.465,-0.319,0.263,-0.491,-0.188,-0.41,0.62,0.5,1.0,0.509
10,y3,-0.1,-0.418,-0.658,-0.663,0.322,0.551,0.463,-0.238,0.511,-0.071,0.267,0.105,0.237,0.487,0.509,1.0
12,.,1.0,0.387,0.554,0.09,-0.559,-0.116,-0.336,0.296,0.067,-0.426,-0.094,0.176,0.495,-0.606,-0.352,-0.399
12,A1_1,0.387,1.0,0.477,0.512,-0.422,-0.219,-0.295,0.398,-0.354,-0.237,-0.118,-0.542,-0.215,-0.14,-0.487,-0.631
12,A1_2,0.554,0.477,1.0,0.337,0.123,-0.3,0.208,-0.081,-0.389,-0.702,-0.683,-0.345,-0.132,-0.403,-0.023,0.063
12,A1_3,0.09,0.512,0.337,1.0,-0.315,-0.718,-0.549,0.113,-0.359,-0.095,-0.099,-0.123,-0.175,0.529,0.209,-0.073
12,B1_1,-0.559,-0.422,0.123,-0.315,1.0,0.045,0.709,-0.561,-0.029,-0.122,-0.308,-0.164,-0.382,-0.11,0.15,0.461
12,B1_2,-0.116,-0.219,-0.3,-0.718,0.045,1.0,0.6,-0.268,-0.168,-0.088,0.051,0.088,0.268,-0.323,-0.184,0.145
12,B1_3,-0.336,-0.295,0.208,-0.549,0.709,0.6,1.0,-0.578,-0.376,-0.397,-0.473,-0.237,-0.201,-0.27,0.165,0.574
12,A2_1,0.296,0.398,-0.081,0.113,-0.561,-0.268,-0.578,1.0,0.569,0.603,-0.082,-0.455,-0.357,0.076,-0.104,-0.502
12,A2_2,0.067,-0.354,-0.389,-0.359,-0.029,-0.168,-0.376,0.569,1.0,0.726,0.173,0.097,-0.063,-0.139,-0.108,-0.274
12,A2_3,-0.426,-0.237,-0.702,-0.095,-0.122,-0.088,-0.397,0.603,0.726,1.0,0.209,-0.143,-0.381,0.455,0.139,-0.141
12,B2_1,-0.094,-0.118,-0.683,-0.099,-0.308,0.051,-0.473,-0.082,0.173,0.209,1.0,0.624,0.573,0.032,-0.465,-0.509
12,B2_2,0.176,-0.542,-0.345,-0.123,-0.164,0.088,-0.237,-0.455,0.097,-0.143,0.624,1.0,0.885,-0.092,-0.047,0.066
12,B2_3,0.495,-0.215,-0.132,-0.175,-0.382,0.268,-0.201,-0.357,-0.063,-0.381,0.573,0.885,1.0,-0.386,-0.321,-0.165
12,y1,-0.606,-0.14,-0.403,0.529,-0.11,-0.323,-0.27,0.076,-0.139,0.455,0.032,-0.092,-0.386,1.0,0.686,0.389
12,y2,-0.352,-0.487,-0.023,0.209,0.15,-0.184,0.165,-0.104,-0.108,0.139,-0.465,-0.047,-0.321,0.686,1.0,0.864
12,y3,-0.399,-0.631,0.063,-0.073,0.461,0.145,0.574,-0.502,-0.274,-0.141,-0.509,0.066,-0.165,0.389,0.864,1.0
14,.,1.0,0.471,0.223,0.124,0.087,-0.646,-0.229,0.301,0.101,0.02,-0.218,-0.699,-0.676,-0.524,-0.413,-0.795
14,A1_1,0.471,1.0,0.469,0.028,-0.072,-0.373,-0.321,-0.125,0.306,-0.369,-0.003,-0.263,-0.515,0.173,-0.145,-0.045
14,A1_2,0.223,0.469,1.0,0.872,-0.383,0.195,-0.446,-0.05,-0.387,-0.786,-0.279,-0.33,-0.077,-0.281,-0.598,-0.11
14,A1_3,0.124,0.028,0.872,1.0,-0.302,0.28,-0.333,0.028,-0.574,-0.652,-0.285,-0.338,0.01,-0.416,-0.601,-0.209
14,B1_1,0.087,-0.072,-0.383,-0.302,1.0,0.045,0.83,-0.251,0.02,-0.075,-0.464,-0.134,-0.593,0.005,0.408,-0.309
14,B1_2,-0.646,-0.373,0.195,0.28,0.045,1.0,0.28,-0.573,-0.679,-0.518,-0.284,0.581,0.606,-0.128,-0.216,0.469
14,B1_3,-0.229,-0.321,-0.446,-0.333,0.83,0.28,1.0,-0.264,-0.146,-0.146,-0.371,0.048,-0.249,0.174,0.522,-0.075
14,A2_1,0.301,-0.125,-0.05,0.028,-0.251,-0.573,-0.264,1.0,0.573,0.443,-0.2,-0.7,-0.122,-0.227,0.263,-0.583
14,A2_2,0.101,0.306,-0.387,-0.574,0.02,-0.679,-0.146,0.573,1.0,0.579,0.114,-0.281,-0.292,0.377,0.661,-0.108
14,A2_3,0.02,-0.369,-0.786,-0.652,-0.075,-0.518,-0.146,0.443,0.579,1.0,0.429,0.095,0.125,0.09,0.359,-0.053
14,B2_1,-0.218,-0.003,-0.279,-0.285,-0.464,-0.284,-0.371,-0.2,0.114,0.429,1.0,0.498,0.269,0.6,0.031,0.599
14,B2_2,-0.699,-0.263,-0.33,-0.338,-0.134,0.581,0.048,-0.7,-0.281,0.095,0.498,1.0,0.682,0.368,-0.021,0.877
14,B2_3,-0.676,-0.515,-0.077,0.01,-0.593,0.606,-0.249,-0.122,-0.292,0.125,0.269,0.682,1.0,0.0,-0.166,0.618
14,y1,-0.524,0.173,-0.281,-0.416,0.005,-0.128,0.174,-0.227,0.377,0.09,0.6,0.368,0.0,1.0,0.656,0.67
14,y2,-0.413,-0.145,-0.598,-0.601,0.408,-0.216,0.522,0.263,0.661,0.359,0.031,-0.021,-0.166,0.656,1.0,0.142
14,y3,-0.795,-0.045,-0.11,-0.209,-0.309,0.469,-0.075,-0.583,-0.108,-0.053,0.599,0.877,0.618,0.67,0.142,1.0
16,.,1.0,0.545,0.041,0.11,-0.093,0.077,0.025,0.278,0.256,-0.544,0.141,0.097,-0.238,-0.254,-0.35,-0.888
16,A1_1,0.545,1.0,0.442,0.639,-0.215,0.433,-0.12,-0.265,-0.049,-0.531,-0.08,-0.335,-0.321,0.178,0.402,-0.347
16,A1_2,0.041,0.442,1.0,0.395,-0.04,-0.259,-0.255,-0.32,0.169,-0.031,-0.256,-0.135,-0.27,-0.527,-0.022,0.011
16,A1_3,0.11,0.639,0.395,1.0,-0.225,0.498,0.107,-0.238,-0.311,-0.099,-0.64,-0.579,-0.366,0.231,0.342,-0.125
16,B1_1,-0.093,-0.215,-0.04,-0.225,1.0,0.273,0.845,-0.377,-0.226,-0.406,-0.283,-0.434,-0.395,-0.105,-0.16,-0.174
16,B1_2,0.077,0.433,-0.259,0.498,0.273,1.0,0.612,-0.583,-0.798,-0.657,-0.202,-0.457,-0.057,0.58,0.381,-0.252
16,B1_3,0.025,-0.12,-0.255,0.107,0.845,0.612,1.0,-0.37,-0.522,-0.489,-0.437,-0.51,-0.335,0.092,-0.164,-0.375
16,A2_1,0.278,-0.265,-0.32,-0.238,-0.377,-0.583,-0.37,1.0,0.769,0.576,-0.06,0.116,-0.246,-0.002,-0.152,-0.053
16,A2_2,0.256,-0.049,0.169,-0.311,-0.226,-0.798,-0.522,0.769,1.0,0.498,0.041,0.069,-0.381,-0.279,-0.1,0.077
16,A2_3,-0.544,-0.531,-0.031,-0.099,-0.406,-0.657,-0.489,0.576,0.498,1.0,-0.206,0.051,0.001,0.013,0.084,0.676
16,B2_1,0.141,-0.08,-0.256,-0.64,-0.283,-0.202,-0.437,-0.06,0.041,-0.206,1.0,0.823,0.759,-0.151,-0.203,-0.013
16,B2_2,0.097,-0.335,-0.135,-0.579,-0.434,-0.457,-0.51,0.116,0.069,0.051,0.823,1.0,0.835,-0.455,-0.534,-0.082
16,B2_3,-0.238,-0.321,-0.27,-0.366,-0.395,-0.057,-0.335,-0.246,-0.381,0.001,0.759,0.835,1.0,-0.121,-0.254,0.161
16,y1,-0.254,0.178,-0.527,0.231,-0.105,0.58,0.092,-0.002,-0.279,0.013,-0.151,-0.455,-0.121,1.0,0.838,0.355
16,y2,-0.35,0.402,-0.022,0.342,-0.16,0.381,-0.164,-0.152,-0.1,0.084,-0.203,-0.534,-0.254,0.838,1.0,0.557
16,y3,-0.888,-0.347,0.011,-0.125,-0.174,-0.252,-0.375,-0.053,0.077,0.676,-0.013,-0.082,0.161,0.355,0.557,1.0
18,.,1.0,0.355,-0.225,-0.323,-0.303,-0.257,0.61,0.212,0.038,0.148,-0.339,0.225,0.039,-0.753,-0.581,-0.375
18,A1_1,0.355,1.0,0.304,0.236,-0.426,-0.711,0.174,0.171,0.491,0.264,-0.385,0.114,-0.479,-0.374,-0.236,-0.251
18,A1_2,-0.225,0.304,1.0,0.696,-0.415,-0.523,-0.289,-0.505,-0.107,-0.485,0.146,-0.122,-0.005,0.173,-0.205,-0.153
18,A1_3,-0.323,0.236,0.696,1.0,-0.137,-0.208,0.145,-0.237,-0.045,-0.184,-0.234,-0.433,-0.199,0.367,0.096,0.022
18,B1_1,-0.303,-0.426,-0.415,-0.137,1.0,0.645,0.085,-0.282,-0.655,-0.354,-0.07,-0.596,-0.149,-0.182,0.669,0.602
18,B1_2,-0.257,-0.711,-0.523,-0.208,0.645,1.0,0.133,-0.274,-0.322,-0.026,0.169,-0.052,0.294,0.061,0.622,0.605
18,B1_3,0.61,0.174,-0.289,0.145,0.085,0.133,1.0,0.302,-0.114,0.34,-0.827,-0.353,-0.407,-0.395,0.077,0.222
18,A2_1,0.212,0.171,-0.505,-0.237,-0.282,-0.274,0.302,1.0,0.548,0.809,-0.497,0.053,-0.402,0.249,-0.173,-0.238
18,A2_2,0.038,0.491,-0.107,-0.045,-0.655,-0.322,-0.114,0.548,1.0,0.784,0.01,0.667,-0.041,0.282,-0.212,-0.344
18,A2_3,0.148,0.264,-0.485,-0.184,-0.354,-0.026,0.34,0.809,0.784,1.0,-0.44,0.33,-0.357,0.229,0.096,0.041
18,B2_1,-0.339,-0.385,0.146,-0.234,-0.07,0.169,-0.827,-0.497,0.01,-0.44,1.0,0.562,0.835,0.192,-0.232,-0.322
18,B2_2,0.225,0.114,-0.122,-0.433,-0.596,-0.052,-0.353,0.053,0.667,0.33,0.562,1.0,0.582,-0.028,-0.427,-0.433
18,B2_3,0.039,-0.479,-0.005,-0.199,-0.149,0.294,-0.407,-0.402,-0.041,-0.357,0.835,0.582,1.0,0.049,-0.444,-0.462
18,y1,-0.753,-0.374,0.173,0.367,-0.182,0.061,-0.395,0.249,0.282,0.229,0.192,-0.028,0.049,1.0,0.184,0.01
18,y2,-0.581,-0.236,-0.205,0.096,0.669,0.622,0.077,-0.173,-0.212,0.096,-0.232,-0.427,-0.444,0.184,1.0,0.939
18,y3,-0.375,-0.251,-0.153,0.022,0.602,0.605,0.222,-0.238,-0.344,0.041,-0.322,-0.433,-0.462,0.01,0.939,1.0
20,.,1.0,-0.032,0.217,0.496,-0.47,-0.601,0.074,0.51,-0.05,0.628,0.282,0.202,0.477,-0.863,-0.618,-0.431
20,A1_1,-0.032,1.0,0.713,0.533,-0.016,0.541,0.165,-0.343,-0.209,-0.551,-0.326,0.157,-0.452,-0.158,-0.353,-0.237
20,A1_2,0.217,0.713,1.0,0.717,-0.356,-0.055,0.209,-0.047,0.025,-0.322,-0.028,0.142,-0.233,-0.237,-0.283,0.038
20,A1_3,0.496,0.533,0.717,1.0,0.066,-0.265,0.351,0.488,-0.314,0.182,-0.305,-0.168,-0.197,-0.507,-0.193,-0.544
20,B1_1,-0.47,-0.016,-0.356,0.066,1.0,0.369,0.219,0.046,-0.574,-0.043,-0.6,-0.584,-0.386,0.216,0.499,-0.249
20,B1_2,-0.601,0.541,-0.055,-0.265,0.369,1.0,0.032,-0.766,-0.419,-0.813,-0.244,0.17,-0.227,0.233,-0.155,0.137
20,B1_3,0.074,0.165,0.209,0.351,0.219,0.032,1.0,-0.009,-0.443,-0.093,0.411,-0.63,-0.129,-0.056,-0.162,-0.199
20,A2_1,0.51,-0.343,-0.047,0.488,0.046,-0.766,-0.009,1.0,0.08,0.807,-0.217,-0.224,0.085,-0.222,0.245,-0.627
20,A2_2,-0.05,-0.209,0.025,-0.314,-0.574,-0.419,-0.443,0.08,1.0,0.24,0.137,0.076,-0.273,0.432,0.353,0.204
20,A2_3,0.628,-0.551,-0.322,0.182,-0.043,-0.813,-0.093,0.807,0.24,1.0,-0.01,-0.285,0.142,-0.336,0.159,-0.498
20,B2_1,0.282,-0.326,-0.028,-0.305,-0.6,-0.244,0.411,-0.217,0.137,-0.01,1.0,0.066,0.518,-0.109,-0.458,0.384
20,B2_2,0.202,0.157,0.142,-0.168,-0.584,0.17,-0.63,-0.224,0.076,-0.285,0.066,1.0,0.573,-0.307,-0.555,0.25
20,B2_3,0.477,-0.452,-0.233,-0.197,-0.386,-0.227,-0.129,0.085,-0.273,0.142,0.518,0.573,1.0,-0.526,-0.584,0.219
20,y1,-0.863,-0.158,-0.237,-0.507,0.216,0.233,-0.056,-0.222,0.432,-0.336,-0.109,-0.307,-0.526,1.0,0.752,0.309
20,y2,-0.618,-0.353,-0.283,-0.193,0.499,-0.155,-0.162,0.245,0.353,0.159,-0.458,-0.555,-0.584,0.752,1.0,0.07
20,y3,-0.431,-0.237,0.038,-0.544,-0.249,0.137,-0.199,-0.627,0.204,-0.498,0.384,0.25,0.219,0.309,0.07,1.0
22,.,1.0,0.325,-0.482,0.252,-0.111,-0.758,0.133,-0.101,-0.151,-0.08,0.358,-0.0,0.368,-0.746,-0.238,-0.901
22,A1_1,0.325,1.0,0.567,0.804,-0.099,-0.238,0.573,0.037,-0.299,-0.391,-0.117,-0.7,-0.364,-0.149,-0.205,-0.312
22,A1_2,-0.482,0.567,1.0,0.498,-0.036,0.501,0.287,-0.077,-0.239,-0.409,-0.401,-0.386,-0.33,0.284,-0.216,0.353
22,A1_3,0.252,0.804,0.498,1.0,-0.442,-0.138,0.62,-0.112,0.024,-0.195,0.25,-0.256,-0.146,-0.385,-0.16,-0.176
22,B1_1,-0.111,-0.099,-0.036,-0.442,1.0,0.429,0.311,-0.391,-0.543,-0.523,-0.416,-0.321,-0.305,0.423,-0.254,0.137
22,B1_2,-0.758,-0.238,0.501,-0.138,0.429,1.0,0.239,-0.348,-0.226,-0.255,-0.474,0.056,-0.249,0.434,-0.359,0.607
22,B1_3,0.133,0.573,0.287,0.62,0.311,0.239,1.0,-0.253,-0.113,-0.28,-0.082,-0.465,-0.555,-0.161,-0.371,-0.036
22,A2_1,-0.101,0.037,-0.077,-0.112,-0.391,-0.348,-0.253,1.0,0.519,0.785,-0.349,-0.388,-0.473,0.059,0.267,-0.058
22,A2_2,-0.151,-0.299,-0.239,0.024,-0.543,-0.226,-0.113,0.519,1.0,0.802,0.371,0.293,-0.13,-0.19,0.514,0.278
22,A2_3,-0.08,-0.391,-0.409,-0.195,-0.523,-0.255,-0.28,0.785,0.802,1.0,-0.002,0.164,-0.166,-0.214,0.25,-0.009
22,B2_1,0.358,-0.117,-0.401,0.25,-0.416,-0.474,-0.082,-0.349,0.371,-0.002,1.0,0.573,0.539,-0.32,0.52,-0.001
22,B2_2,-0.0,-0.7,-0.386,-0.256,-0.321,0.056,-0.465,-0.388,0.293,0.164,0.573,1.0,0.806,-0.336,0.08,0.073
22,B2_3,0.368,-0.364,-0.33,-0.146,-0.305,-0.249,-0.555,-0.473,-0.13,-0.166,0.539,0.806,1.0,-0.436,-0.053,-0.328
22,y1,-0.746,-0.149,0.284,-0.385,0.423,0.434,-0.161,0.059,-0.19,-0.214,-0.32,-0.336,-0.436,1.0,0.458,0.756
22,y2,-0.238,-0.205,-0.216,-0.16,-0.254,-0.359,-0.371,0.267,0.514,0.25,0.52,0.08,-0.053,0.458,1.0,0.514
22,y3,-0.901,-0.312,0.353,-0.176,0.137,0.607,-0.036,-0.058,0.278,-0.009,-0.001,0.073,-0.328,0.756,0.514,1.0
24,.,1.0,0.384,0.164,0.179,-0.162,-0.343,-0.441,-0.068,-0.323,-0.046,0.006,0.35,0.345,-0.534,-0.947,-0.748
24,A1_1,0.384,1.0,0.556,0.817,0.217,0.25,-0.215,-0.009,-0.471,-0.556,-0.256,-0.462,0.039,-0.171,-0.345,-0.149
24,A1_2,0.164,0.556,1.0,0.58,-0.44,0.112,-0.522,0.154,-0.316,-0.092,-0.441,-0.109,-0.026,-0.474,-0.232,-0.26
24,A1_3,0.179,0.817,0.58,1.0,-0.1,0.239,-0.582,0.248,-0.372,-0.15,-0.51,-0.402,-0.327,-0.263,-0.149,0.133
24,B1_1,-0.162,0.217,-0.44,-0.1,1.0,0.45,0.745,-0.291,-0.26,-0.589,0.042,-0.411,0.003,0.273,0.132,0.332
24,B1_2,-0.343,0.25,0.112,0.239,0.45,1.0,0.24,-0.398,-0.511,-0.629,-0.418,-0.019,0.19,-0.094,0.104,0.495
24,B1_3,-0.441,-0.215,-0.522,-0.582,0.745,0.24,1.0,-0.445,0.084,-0.513,0.504,-0.221,0.275,0.642,0.439,0.279
24,A2_1,-0.068,-0.009,0.154,0.248,-0.291,-0.398,-0.445,1.0,0.636,0.695,-0.513,-0.522,-0.747,-0.297,0.106,-0.21
24,A2_2,-0.323,-0.471,-0.316,-0.372,-0.26,-0.511,0.084,0.636,1.0,0.548,0.182,-0.309,-0.265,0.314,0.41,-0.2
24,A2_3,-0.046,-0.556,-0.092,-0.15,-0.589,-0.629,-0.513,0.695,0.548,1.0,-0.21,0.104,-0.618,-0.252,0.108,-0.097
24,B2_1,0.006,-0.256,-0.441,-0.51,0.042,-0.418,0.504,-0.513,0.182,-0.21,1.0,0.194,0.51,0.761,0.193,-0.061
24,B2_2,0.35,-0.462,-0.109,-0.402,-0.411,-0.019,-0.221,-0.522,-0.309,0.104,0.194,1.0,0.555,-0.288,-0.442,-0.184
24,B2_3,0.345,0.039,-0.026,-0.327,0.003,0.19,0.275,-0.747,-0.265,-0.618,0.51,0.555,1.0,0.114,-0.404,-0.378
24,y1,-0.534,-0.171,-0.474,-0.263,0.273,-0.094,0.642,-0.297,0.314,-0.252,0.761,-0.288,0.114,1.0,0.711,0.446
24,y2,-0.947,-0.345,-0.232,-0.149,0.132,0.104,0.439,0.106,0.41,0.108,0.193,-0.442,-0.404,0.711,1.0,0.729
24,y3,-0.748,-0.149,-0.26,0.133,0.332,0.495,0.279,-0.21,-0.2,-0.097,-0.061,-0.184,-0.378,0.446,0.729,1.0
26,.,1.0,-0.104,-0.045,-0.131,-0.227,-0.494,-0.478,0.025,0.342,0.397,0.57,0.118,0.559,-0.836,-0.545,-0.651
26,A1_1,-0.104,1.0,0.727,0.865,0.612,0.092,-0.243,0.067,-0.065,-0.147,-0.498,-0.303,-0.403,0.271,-0.312,-0.287
26,A1_2,-0.045,0.727,1.0,0.63,0.415,0.007,-0.193,0.282,-0.397,-0.299,-0.041,-0.164,-0.213,-0.019,-0.607,-0.444
26,A1_3,-0.131,0.865,0.63,1.0,0.384,0.173,-0.374,0.269,0.012,-0.023,-0.366,-0.037,-0.193,0.371,-0.482,-0.206
26,B1_1,-0.227,0.612,0.415,0.384,1.0,-0.212,0.228,0.306,0.07,-0.09,-0.637,-0.848,-0.76,0.466,0.216,-0.452
26,B1_2,-0.494,0.092,0.007,0.173,-0.212,1.0,0.511,-0.649,-0.744,-0.813,-0.023,0.478,0.266,0.178,0.048,0.695
26,B1_3,-0.478,-0.243,-0.193,-0.374,0.228,0.511,1.0,-0.452,-0.531,-0.664,-0.248,-0.058,-0.218,0.192,0.565,0.325
26,A2_1,0.025,0.067,0.282,0.269,0.306,-0.649,-0.452,1.0,0.447,0.561,-0.017,-0.408,-0.305,0.301,-0.247,-0.531
26,A2_2,0.342,-0.065,-0.397,0.012,0.07,-0.744,-0.531,0.447,1.0,0.956,-0.277,-0.238,-0.241,0.116,0.172,-0.331
26,A2_3,0.397,-0.147,-0.299,-0.023,-0.09,-0.813,-0.664,0.561,0.956,1.0,-0.083,-0.125,-0.129,0.002,0.002,-0.367
26,B2_1,0.57,-0.498,-0.041,-0.366,-0.637,-0.023,-0.248,-0.017,-0.277,-0.083,1.0,0.417,0.867,-0.748,-0.58,-0.12
26,B2_2,0.118,-0.303,-0.164,-0.037,-0.848,0.478,-0.058,-0.408,-0.238,-0.125,0.417,1.0,0.683,-0.377,-0.35,0.405
26,B2_3,0.559,-0.403,-0.213,-0.193,-0.76,0.266,-0.218,-0.305,-0.241,-0.129,0.867,0.683,1.0,-0.698,-0.555,0.091
26,y1,-0.836,0.271,-0.019,0.371,0.466,0.178,0.192,0.301,0.116,0.002,-0.748,-0.377,-0.698,1.0,0.518,0.375
26,y2,-0.545,-0.312,-0.607,-0.482,0.216,0.048,0.565,-0.247,0.172,0.002,-0.58,-0.35,-0.555,0.518,1.0,0.489
26,y3,-0.651,-0.287,-0.444,-0.206,-0.452,0.695,0.325,-0.531,-0.331,-0.367,-0.12,0.405,0.091,0.375,0.489,1.0
28,.,1.0,0.365,0.606,0.64,0.125,-0.475,0.448,0.123,0.098,-0.038,-0.134,-0.348,-0.389,-0.513,-0.711,-0.333
28,A1_1,0.365,1.0,0.705,0.439,-0.112,-0.299,0.03,-0.002,0.138,-0.167,0.12,-0.536,-0.257,0.245,-0.612,-0.096
28,A1_2,0.606,0.705,1.0,0.89,0.015,-0.211,0.328,-0.404,-0.443,-0.227,0.202,-0.289,-0.052,-0.034,-0.509,-0.367
28,A1_3,0.64,0.439,0.89,1.0,0.082,-0.247,0.49,-0.573,-0.492,-0.47,-0.139,-0.11,-0.141,-0.208,-0.276,-0.372
28,B1_1,0.125,-0.112,0.015,0.082,1.0,0.172,0.77,-0.119,-0.348,0.068,-0.173,-0.624,0.021,0.351,0.03,0.038
28,B1_2,-0.475,-0.299,-0.211,-0.247,0.172,1.0,0.28,-0.065,-0.297,0.26,-0.028,0.132,-0.154,0.355,0.249,0.393
28,B1_3,0.448,0.03,0.328,0.49,0.77,0.28,1.0,-0.274,-0.35,-0.192,-0.451,-0.43,-0.395,0.021,-0.197,-0.047
28,A2_1,0.123,-0.002,-0.404,-0.573,-0.119,-0.065,-0.274,1.0,0.774,0.747,-0.012,-0.359,-0.4,0.076,-0.238,0.544
28,A2_2,0.098,0.138,-0.443,-0.492,-0.348,-0.297,-0.35,0.774,1.0,0.17,-0.337,-0.135,-0.55,-0.151,-0.254,0.343
28,A2_3,-0.038,-0.167,-0.227,-0.47,0.068,0.26,-0.192,0.747,0.17,1.0,0.413,-0.318,0.018,0.296,-0.063,0.495
28,B2_1,-0.134,0.12,0.202,-0.139,-0.173,-0.028,-0.451,-0.012,-0.337,0.413,1.0,0.072,0.74,0.05,-0.244,-0.395
28,B2_2,-0.348,-0.536,-0.289,-0.11,-0.624,0.132,-0.43,-0.359,-0.135,-0.318,0.072,1.0,0.294,-0.548,0.348,-0.309
28,B2_3,-0.389,-0.257,-0.052,-0.141,0.021,-0.154,-0.395,-0.4,-0.55,0.018,0.74,0.294,1.0,0.041,0.273,-0.489
28,y1,-0.513,0.245,-0.034,-0.208,0.351,0.355,0.021,0.076,-0.151,0.296,0.05,-0.548,0.041,1.0,0.38,0.636
28,y2,-0.711,-0.612,-0.509,-0.276,0.03,0.249,-0.197,-0.238,-0.254,-0.063,-0.244,0.348,0.273,0.38,1.0,0.442
28,y3,-0.333,-0.096,-0.367,-0.372,0.038,0.393,-0.047,0.544,0.343,0.495,-0.395,-0.309,-0.489,0.636,0.442,1.0
30,.,1.0,0.013,-0.156,0.129,-0.373,-0.664,-0.792,0.32,-0.253,-0.024,0.323,0.319,0.523,-0.66,-0.557,-0.846
30,A1_1,0.013,1.0,0.711,0.944,-0.157,-0.245,-0.011,-0.165,0.105,0.209,-0.83,-0.235,-0.245,0.047,-0.308,0.46
30,A1_2,-0.156,0.711,1.0,0.706,-0.205,0.067,0.255,-0.46,-0.388,-0.486,-0.535,0.122,-0.123,0.043,-0.542,0.514
30,A1_3,0.129,0.944,0.706,1.0,-0.183,-0.392,-0.031,-0.194,-0.018,0.11,-0.816,0.039,-0.331,0.132,-0.337,0.366
30,B1_1,-0.373,-0.157,-0.205,-0.183,1.0,0.463,0.369,-0.723,-0.053,0.133,-0.223,-0.005,-0.354,0.446,0.041,0.079
30,B1_2,-0.664,-0.245,0.067,-0.392,0.463,1.0,0.788,-0.508,-0.132,-0.36,-0.003,-0.414,0.03,0.026,0.096,0.447
30,B1_3,-0.792,-0.011,0.255,-0.031,0.369,0.788,1.0,-0.517,-0.172,-0.284,-0.303,-0.154,-0.292,0.414,0.297,0.752
30,A2_1,0.32,-0.165,-0.46,-0.194,-0.723,-0.508,-0.517,1.0,0.511,0.44,0.382,-0.232,0.268,-0.299,0.446,-0.262
30,A2_2,-0.253,0.105,-0.388,-0.018,-0.053,-0.132,-0.172,0.511,1.0,0.735,-0.294,-0.649,-0.471,0.256,0.664,0.22
30,A2_3,-0.024,0.209,-0.486,0.11,0.133,-0.36,-0.284,0.44,0.735,1.0,-0.268,-0.433,-0.249,0.244,0.556,0.038
30,B2_1,0.323,-0.83,-0.535,-0.816,-0.223,-0.003,-0.303,0.382,-0.294,-0.268,1.0,0.271,0.675,-0.442,0.004,-0.645
30,B2_2,0.319,-0.235,0.122,0.039,-0.005,-0.414,-0.154,-0.232,-0.649,-0.433,0.271,1.0,-0.028,0.229,-0.306,-0.355
30,B2_3,0.523,-0.245,-0.123,-0.331,-0.354,0.03,-0.292,0.268,-0.471,-0.249,0.675,-0.028,1.0,-0.865,-0.421,-0.524
30,y1,-0.66,0.047,0.043,0.132,0.446,0.026,0.414,-0.299,0.256,0.244,-0.442,0.229,-0.865,1.0,0.538,0.549
30,y2,-0.557,-0.308,-0.542,-0.337,0.041,0.096,0.297,0.446,0.664,0.556,0.004,-0.306,-0.421,0.538,1.0,0.378
30,y3,-0.846,0.46,0.514,0.366,0.079,0.447,0.752,-0.262,0.22,0.038,-0.645,-0.355,-0.524,0.549,0.378,1.0
32,.,1.0,-0.155,0.079,-0.165,-0.05,-0.138,-0.035,0.208,0.324,0.18,-0.638,0.128,0.012,-0.37,-0.359,-0.17
32,A1_1,-0.155,1.0,0.364,0.73,-0.379,-0.257,-0.716,0.144,-0.228,-0.083,-0.015,-0.549,-0.444,-0.096,-0.204,-0.441
32,A1_2,0.079,0.364,1.0,0.845,-0.115,-0.242,-0.163,-0.569,-0.281,-0.523,-0.246,-0.307,-0.152,0.284,0.106,0.04
32,A1_3,-0.165,0.73,0.845,1.0,-0.117,-0.221,-0.331,-0.451,-0.404,-0.484,-0.137,-0.572,-0.458,0.125,0.022,-0.188
32,B1_1,-0.05,-0.379,-0.115,-0.117,1.0,0.82,0.791,-0.262,-0.126,-0.048,-0.442,-0.131,-0.133,-0.025,0.282,0.418
32,B1_2,-0.138,-0.257,-0.242,-0.221,0.82,1.0,0.439,-0.134,-0.343,-0.121,-0.246,0.025,0.034,-0.221,0.068,0.375
32,B1_3,-0.035,-0.716,-0.163,-0.331,0.791,0.439,1.0,-0.182,0.28,0.183,-0.35,-0.059,-0.067,0.336,0.589,0.341
32,A2_1,0.208,0.144,-0.569,-0.451,-0.262,-0.134,-0.182,1.0,0.737,0.915,-0.227,-0.203,-0.132,0.111,0.163,-0.475
32,A2_2,0.324,-0.228,-0.281,-0.404,-0.126,-0.343,0.28,0.737,1.0,0.914,-0.412,-0.225,-0.119,0.517,0.538,-0.315
32,A2_3,0.18,-0.083,-0.523,-0.484,-0.048,-0.121,0.183,0.915,0.914,1.0,-0.353,-0.274,-0.17,0.367,0.46,-0.36
32,B2_1,-0.638,-0.015,-0.246,-0.137,-0.442,-0.246,-0.35,-0.227,-0.412,-0.353,1.0,0.518,0.46,-0.071,-0.278,0.243
32,B2_2,0.128,-0.549,-0.307,-0.572,-0.131,0.025,-0.059,-0.203,-0.225,-0.274,0.518,1.0,0.912,-0.31,-0.517,0.65
32,B2_3,0.012,-0.444,-0.152,-0.458,-0.133,0.034,-0.067,-0.132,-0.119,-0.17,0.46,0.912,1.0,0.008,-0.287,0.774
32,y1,-0.37,-0.096,0.284,0.125,-0.025,-0.221,0.336,0.111,0.517,0.367,-0.071,-0.31,0.008,1.0,0.886,0.097
32,y2,-0.359,-0.204,0.106,0.022,0.282,0.068,0.589,0.163,0.538,0.46,-0.278,-0.517,-0.287,0.886,1.0,-0.07
32,y3,-0.17,-0.441,0.04,-0.188,0.418,0.375,0.341,-0.475,-0.315,-0.36,0.243,0.65,0.774,0.097,-0.07,1.0
34,.,1.0,0.044,-0.087,0.139,0.276,0.375,0.024,0.063,0.109,-0.185,0.118,-0.078,0.31,-0.918,-0.809,-0.869
34,A1_1,0.044,1.0,0.658,0.668,-0.203,-0.184,-0.016,0.241,-0.264,0.244,-0.144,-0.067,-0.801,0.281,-0.037,0.384
34,A1_2,-0.087,0.658,1.0,0.696,-0.637,-0.412,-0.442,0.06,-0.45,-0.175,0.583,0.396,-0.416,0.205,0.228,0.366
34,A1_3,0.139,0.668,0.696,1.0,-0.154,-0.14,-0.213,-0.326,-0.328,-0.343,0.308,-0.185,-0.199,0.091,-0.149,0.106
34,B1_1,0.276,-0.203,-0.637,-0.154,1.0,0.686,0.827,-0.405,0.184,-0.168,-0.542,-0.532,0.164,-0.32,-0.254,-0.273
34,B1_2,0.375,-0.184,-0.412,-0.14,0.686,1.0,0.816,-0.587,-0.391,-0.445,-0.152,0.117,0.328,-0.508,0.035,-0.407
34,B1_3,0.024,-0.016,-0.442,-0.213,0.827,0.816,1.0,-0.413,-0.232,-0.167,-0.529,-0.116,-0.101,-0.108,0.211,0.045
34,A2_1,0.063,0.241,0.06,-0.326,-0.405,-0.587,-0.413,1.0,0.409,0.728,-0.289,0.04,-0.524,0.096,-0.267,0.114
34,A2_2,0.109,-0.264,-0.45,-0.328,0.184,-0.391,-0.232,0.409,1.0,0.637,-0.275,-0.686,0.109,-0.043,-0.569,-0.254
34,A2_3,-0.185,0.244,-0.175,-0.343,-0.168,-0.445,-0.167,0.728,0.637,1.0,-0.485,-0.326,-0.501,0.365,-0.162,0.212
34,B2_1,0.118,-0.144,0.583,0.308,-0.542,-0.152,-0.529,-0.289,-0.275,-0.485,1.0,0.525,0.455,-0.269,0.122,-0.225
34,B2_2,-0.078,-0.067,0.396,-0.185,-0.532,0.117,-0.116,0.04,-0.686,-0.326,0.525,1.0,0.029,-0.116,0.549,0.094
34,B2_3,0.31,-0.801,-0.416,-0.199,0.164,0.328,-0.101,-0.524,0.109,-0.501,0.455,0.029,1.0,-0.551,-0.22,-0.702
34,y1,-0.918,0.281,0.205,0.091,-0.32,-0.508,-0.108,0.096,-0.043,0.365,-0.269,-0.116,-0.551,1.0,0.619,0.914
34,y2,-0.809,-0.037,0.228,-0.149,-0.254,0.035,0.211,-0.267,-0.569,-0.162,0.122,0.549,-0.22,0.619,1.0,0.736
34,y3,-0.869,0.384,0.366,0.106,-0.273,-0.407,0.045,0.114,-0.254,0.212,-0.225,0.094,-0.702,0.914,0.736,1.0
36,.,1.0,0.414,-0.123,0.019,0.141,-0.355,-0.284,0.131,0.373,0.42,0.08,-0.306,-0.174,-0.739,-0.866,-0.671
36,A1_1,0.414,1.0,0.625,0.794,-0.144,-0.686,-0.658,-0.155,-0.273,-0.303,0.106,0.337,-0.227,-0.446,-0.475,-0.46
36,A1_2,-0.123,0.625,1.0,0.709,0.186,-0.231,-0.067,-0.347,-0.422,-0.527,-0.362,0.017,-0.529,-0.134,0.208,-0.073
36,A1_3,0.019,0.794,0.709,1.0,-0.014,-0.664,-0.667,-0.115,-0.197,-0.64,-0.242,0.176,-0.066,-0.067,-0.099,0.042
36,B1_1,0.141,-0.144,0.186,-0.014,1.0,0.337,0.431,-0.603,-0.05,-0.398,-0.244,-0.383,0.123,-0.412,0.043,-0.227
36,B1_2,-0.355,-0.686,-0.231,-0.664,0.337,1.0,0.893,-0.462,-0.058,-0.042,0.011,-0.079,0.215,-0.041,0.591,0.081
36,B1_3,-0.284,-0.658,-0.067,-0.667,0.431,0.893,1.0,-0.312,0.043,0.116,-0.234,-0.328,-0.159,0.039,0.586,0.115
36,A2_1,0.131,-0.155,-0.347,-0.115,-0.603,-0.462,-0.312,1.0,0.637,0.692,-0.307,-0.395,-0.351,0.536,-0.177,0.452
36,A2_2,0.373,-0.273,-0.422,-0.197,-0.05,-0.058,0.043,0.637,1.0,0.466,-0.589,-0.694,-0.078,0.166,-0.088,0.396
36,A2_3,0.42,-0.303,-0.527,-0.64,-0.398,-0.042,0.116,0.692,0.466,1.0,0.065,-0.365,-0.421,0.057,-0.376,-0.109
36,B2_1,0.08,0.106,-0.362,-0.242,-0.244,0.011,-0.234,-0.307,-0.589,0.065,1.0,0.771,0.452,-0.326,-0.414,-0.606
36,B2_2,-0.306,0.337,0.017,0.176,-0.383,-0.079,-0.328,-0.395,-0.694,-0.365,0.771,1.0,0.449,-0.031,-0.011,-0.254
36,B2_3,-0.174,-0.227,-0.529,-0.066,0.123,0.215,-0.159,-0.351,-0.078,-0.421,0.452,0.449,1.0,-0.05,0.013,0.035
36,y1,-0.739,-0.446,-0.134,-0.067,-0.412,-0.041,0.039,0.536,0.166,0.057,-0.326,-0.031,-0.05,1.0,0.608,0.892
36,y2,-0.866,-0.475,0.208,-0.099,0.043,0.591,0.586,-0.177,-0.088,-0.376,-0.414,-0.011,0.013,0.608,1.0,0.712
36,y3,-0.671,-0.46,-0.073,0.042,-0.227,0.081,0.115,0.452,0.396,-0.109,-0.606,-0.254,0.035,0.892,0.712,1.0
38,.,1.0,0.021,-0.765,0.225,0.429,-0.559,-0.202,0.516,0.293,0.145,0.027,-0.403,-0.538,-0.802,-0.302,-0.674
38,A1_1,0.021,1.0,0.522,0.808,-0.111,-0.573,-0.445,-0.234,-0.372,-0.499,-0.222,-0.218,-0.194,-0.27,-0.13,-0.077
38,A1_2,-0.765,0.522,1.0,0.272,-0.393,0.087,-0.144,-0.443,-0.483,-0.209,-0.121,0.163,0.165,0.607,0.408,0.568
38,A1_3,0.225,0.808,0.272,1.0,-0.352,-0.694,-0.507,-0.056,-0.076,-0.512,-0.266,-0.093,-0.353,-0.317,-0.071,0.003
38,B1_1,0.429,-0.111,-0.393,-0.352,1.0,0.296,0.607,0.174,-0.183,0.442,-0.296,-0.798,-0.437,-0.306,-0.589,-0.396
38,B1_2,-0.559,-0.573,0.087,-0.694,0.296,1.0,0.863,-0.099,-0.088,0.388,-0.341,-0.165,0.13,0.599,-0.208,0.452
38,B1_3,-0.202,-0.445,-0.144,-0.507,0.607,0.863,1.0,-0.137,-0.179,0.31,-0.452,-0.458,-0.111,0.306,-0.539,0.235
38,A2_1,0.516,-0.234,-0.443,-0.056,0.174,-0.099,-0.137,1.0,0.48,0.601,-0.315,-0.403,-0.657,-0.251,0.053,-0.12
38,A2_2,0.293,-0.372,-0.483,-0.076,-0.183,-0.088,-0.179,0.48,1.0,0.449,-0.152,0.048,-0.178,-0.447,-0.056,-0.456
38,A2_3,0.145,-0.499,-0.209,-0.512,0.442,0.388,0.31,0.601,0.449,1.0,-0.316,-0.455,-0.513,0.033,0.101,-0.159
38,B2_1,0.027,-0.222,-0.121,-0.266,-0.296,-0.341,-0.452,-0.315,-0.152,-0.316,1.0,0.752,0.691,0.037,0.542,-0.17
38,B2_2,-0.403,-0.218,0.163,-0.093,-0.798,-0.165,-0.458,-0.403,0.048,-0.455,0.752,1.0,0.813,0.325,0.614,0.222
38,B2_3,-0.538,-0.194,0.165,-0.353,-0.437,0.13,-0.111,-0.657,-0.178,-0.513,0.691,0.813,1.0,0.295,0.235,0.111
38,y1,-0.802,-0.27,0.607,-0.317,-0.306,0.599,0.306,-0.251,-0.447,0.033,0.037,0.325,0.295,1.0,0.511,0.901
38,y2,-0.302,-0.13,0.408,-0.071,-0.589,-0.208,-0.539,0.053,-0.056,0.101,0.542,0.614,0.235,0.511,1.0,0.363
38,y3,-0.674,-0.077,0.568,0.003,-0.396,0.452,0.235,-0.12,-0.456,-0.159,-0.17,0.222,0.111,0.901,0.363,1.0
40,.,1.0,0.456,-0.122,0.272,-0.216,-0.124,-0.495,-0.056,0.219,0.055,-0.379,-0.205,0.109,-0.66,-0.525,-0.779
40,A1_1,0.456,1.0,0.586,0.602,-0.171,-0.221,-0.495,0.208,-0.04,-0.146,-0.376,-0.344,-0.332,-0.178,-0.81,-0.497
40,A1_2,-0.122,0.586,1.0,0.739,-0.138,-0.752,-0.472,0.33,-0.056,-0.265,0.107,-0.0,-0.33,0.307,-0.349,0.128
40,A1_3,0.272,0.602,0.739,1.0,-0.071,-0.637,-0.386,0.035,0.071,-0.532,-0.122,-0.137,-0.374,0.154,-0.374,0.028
40,B1_1,-0.216,-0.171,-0.138,-0.071,1.0,0.075,0.709,-0.39,-0.254,-0.241,-0.541,-0.604,-0.227,-0.22,0.267,0.085
40,B1_2,-0.124,-0.221,-0.752,-0.637,0.075,1.0,0.566,-0.414,-0.322,0.032,-0.113,0.012,0.122,0.006,-0.02,-0.144
40,B1_3,-0.495,-0.495,-0.472,-0.386,0.709,0.566,1.0,-0.625,-0.471,-0.199,-0.328,-0.298,-0.275,0.273,0.421,0.307
40,A2_1,-0.056,0.208,0.33,0.035,-0.39,-0.414,-0.625,1.0,0.781,0.64,0.185,-0.058,-0.006,-0.09,0.196,0.268
40,A2_2,0.219,-0.04,-0.056,0.071,-0.254,-0.322,-0.471,0.781,1.0,0.557,0.035,-0.159,0.056,-0.284,0.427,0.281
40,A2_3,0.055,-0.146,-0.265,-0.532,-0.241,0.032,-0.199,0.64,0.557,1.0,-0.159,-0.252,-0.112,-0.147,0.369,0.047
40,B2_1,-0.379,-0.376,0.107,-0.122,-0.541,-0.113,-0.328,0.185,0.035,-0.159,1.0,0.944,0.673,0.256,0.125,0.31
40,B2_2,-0.205,-0.344,-0.0,-0.137,-0.604,0.012,-0.298,-0.058,-0.159,-0.252,0.944,1.0,0.696,0.235,-0.054,0.087
40,B2_3,0.109,-0.332,-0.33,-0.374,-0.227,0.122,-0.275,-0.006,0.056,-0.112,0.673,0.696,1.0,-0.488,-0.057,-0.261
40,y1,-0.66,-0.178,0.307,0.154,-0.22,0.006,0.273,-0.09,-0.284,-0.147,0.256,0.235,-0.488,1.0,0.243,0.666
40,y2,-0.525,-0.81,-0.349,-0.374,0.267,-0.02,0.421,0.196,0.427,0.369,0.125,-0.054,-0.057,0.243,1.0,0.779
40,y3,-0.779,-0.497,0.128,0.028,0.085,-0.144,0.307,0.268,0.281,0.047,0.31,0.087,-0.261,0.666,0.779,1.0
42,.,1.0,0.658,0.529,0.783,0.009,-0.476,-0.652,0.125,-0.033,0.25,0.196,-0.351,0.216,-0.239,-0.636,-0.663
42,A1_1,0.658,1.0,0.168,0.772,0.205,-0.205,-0.248,0.473,0.177,0.353,-0.157,-0.588,-0.084,-0.459,-0.573,-0.83
42,A1_2,0.529,0.168,1.0,0.32,-0.154,-0.563,0.064,0.075,-0.127,-0.017,0.238,-0.354,-0.335,0.446,-0.13,-0.254
42,A1_3,0.783,0.772,0.32,1.0,-0.048,-0.363,-0.37,0.129,-0.223,-0.049,0.034,-0.376,0.009,-0.034,-0.337,-0.51
42,B1_1,0.009,0.205,-0.154,-0.048,1.0,0.735,0.237,0.081,-0.069,-0.201,-0.841,-0.636,-0.302,-0.422,-0.096,-0.242
42,B1_2,-0.476,-0.205,-0.563,-0.363,0.735,1.0,0.431,-0.326,-0.329,-0.484,-0.759,-0.055,0.035,-0.367,0.125,0.078
42,B1_3,-0.652,-0.248,0.064,-0.37,0.237,0.431,1.0,-0.15,-0.317,-0.526,-0.376,-0.123,-0.61,0.361,0.425,0.234
42,A2_1,0.125,0.473,0.075,0.129,0.081,-0.326,-0.15,1.0,0.867,0.727,-0.223,-0.649,-0.442,-0.061,0.12,-0.179
42,A2_2,-0.033,0.177,-0.127,-0.223,-0.069,-0.329,-0.317,0.867,1.0,0.904,0.026,-0.284,-0.152,-0.203,0.04,-0.045
42,A2_3,0.25,0.353,-0.017,-0.049,-0.201,-0.484,-0.526,0.727,0.904,1.0,0.271,-0.149,0.128,-0.408,-0.348,-0.352
42,B2_1,0.196,-0.157,0.238,0.034,-0.841,-0.759,-0.376,-0.223,0.026,0.271,1.0,0.631,0.343,0.199,-0.269,0.058
42,B2_2,-0.351,-0.588,-0.354,-0.376,-0.636,-0.055,-0.123,-0.649,-0.284,-0.149,0.631,1.0,0.658,0.048,-0.009,0.365
42,B2_3,0.216,-0.084,-0.335,0.009,-0.302,0.035,-0.61,-0.442,-0.152,0.128,0.343,0.658,1.0,-0.502,-0.471,-0.21
42,y1,-0.239,-0.459,0.446,-0.034,-0.422,-0.367,0.361,-0.061,-0.203,-0.408,0.199,0.048,-0.502,1.0,0.746,0.679
42,y2,-0.636,-0.573,-0.13,-0.337,-0.096,0.125,0.425,0.12,0.04,-0.348,-0.269,-0.009,-0.471,0.746,1.0,0.865
42,y3,-0.663,-0.83,-0.254,-0.51,-0.242,0.078,0.234,-0.179,-0.045,-0.352,0.058,0.365,-0.21,0.679,0.865,1.0
44,.,1.0,-0.271,-0.267,0.091,-0.426,-0.545,-0.32,0.488,0.502,0.556,0.058,0.125,0.304,-0.395,-0.064,-0.465
44,A1_1,-0.271,1.0,0.718,0.449,-0.338,-0.359,-0.333,0.112,-0.113,-0.436,-0.316,-0.36,-0.275,-0.214,0.599,0.561
44,A1_2,-0.267,0.718,1.0,0.785,-0.123,-0.485,-0.16,-0.121,-0.272,-0.08,-0.498,-0.481,-0.329,0.273,0.186,0.545
44,A1_3,0.091,0.449,0.785,1.0,0.068,-0.546,-0.142,0.025,-0.218,0.087,-0.606,-0.324,-0.05,0.399,0.045,0.51
44,B1_1,-0.426,-0.338,-0.123,0.068,1.0,0.562,0.814,-0.516,-0.454,-0.142,-0.403,-0.115,-0.071,0.524,-0.596,-0.057
44,B1_2,-0.545,-0.359,-0.485,-0.546,0.562,1.0,0.295,-0.47,-0.212,-0.273,0.236,0.199,-0.132,0.286,-0.096,-0.276
44,B1_3,-0.32,-0.333,-0.16,-0.142,0.814,0.295,1.0,-0.31,-0.24,-0.002,-0.438,-0.303,-0.175,0.237,-0.679,-0.146
44,A2_1,0.488,0.112,-0.121,0.025,-0.516,-0.47,-0.31,1.0,0.876,0.532,-0.236,-0.364,-0.279,-0.11,0.596,0.204
44,A2_2,0.502,-0.113,-0.272,-0.218,-0.454,-0.212,-0.24,0.876,1.0,0.739,-0.175,-0.439,-0.485,-0.05,0.496,-0.189
44,A2_3,0.556,-0.436,-0.08,0.087,-0.142,-0.273,-0.002,0.532,0.739,1.0,-0.326,-0.46,-0.418,0.338,-0.033,-0.328
44,B2_1,0.058,-0.316,-0.498,-0.606,-0.403,0.236,-0.438,-0.236,-0.175,-0.326,1.0,0.862,0.623,-0.454,-0.009,-0.266
44,B2_2,0.125,-0.36,-0.481,-0.324,-0.115,0.199,-0.303,-0.364,-0.439,-0.46,0.862,1.0,0.899,-0.362,-0.228,-0.162
44,B2_3,0.304,-0.275,-0.329,-0.05,-0.071,-0.132,-0.175,-0.279,-0.485,-0.418,0.623,0.899,1.0,-0.425,-0.379,-0.064
44,y1,-0.395,-0.214,0.273,0.399,0.524,0.286,0.237,-0.11,-0.05,0.338,-0.454,-0.362,-0.425,1.0,-0.071,0.323
44,y2,-0.064,0.599,0.186,0.045,-0.596,-0.096,-0.679,0.596,0.496,-0.033,-0.009,-0.228,-0.379,-0.071,1.0,0.434
44,y3,-0.465,0.561,0.545,0.51,-0.057,-0.276,-0.146,0.204,-0.189,-0.328,-0.266,-0.162,-0.064,0.323,0.434,1.0
46,.,1.0,0.39,-0.29,-0.471,-0.678,-0.323,-0.079,0.2,-0.007,-0.058,0.35,-0.266,0.302,-0.884,-0.162,-0.875
46,A1_1,0.39,1.0,0.544,0.325,-0.086,-0.391,0.301,-0.102,-0.23,-0.435,0.117,-0.799,-0.337,-0.679,-0.335,-0.43
46,A1_2,-0.29,0.544,1.0,0.817,0.089,-0.348,-0.092,-0.191,0.053,-0.229,-0.236,-0.319,-0.276,-0.006,-0.413,0.397
46,A1_3,-0.471,0.325,0.817,1.0,0.09,-0.322,-0.053,-0.136,-0.043,0.008,-0.16,-0.152,-0.32,0.237,-0.454,0.452
46,B1_1,-0.678,-0.086,0.089,0.09,1.0,0.742,0.681,-0.418,-0.218,-0.524,-0.301,-0.205,-0.352,0.538,0.084,0.586
46,B1_2,-0.323,-0.391,-0.348,-0.322,0.742,1.0,0.479,-0.071,0.025,-0.357,-0.213,-0.129,-0.257,0.468,0.19,0.275
46,B1_3,-0.079,0.301,-0.092,-0.053,0.681,0.479,1.0,-0.471,-0.368,-0.622,-0.177,-0.459,-0.108,-0.131,-0.344,0.04
46,A2_1,0.2,-0.102,-0.191,-0.136,-0.418,-0.071,-0.471,1.0,0.778,0.752,-0.325,-0.209,-0.483,-0.105,0.17,-0.447
46,A2_2,-0.007,-0.23,0.053,-0.043,-0.218,0.025,-0.368,0.778,1.0,0.649,-0.77,-0.06,-0.234,-0.019,-0.179,-0.015
46,A2_3,-0.058,-0.435,-0.229,0.008,-0.524,-0.357,-0.622,0.752,0.649,1.0,-0.293,0.375,-0.054,0.135,0.116,-0.113
46,B2_1,0.35,0.117,-0.236,-0.16,-0.301,-0.213,-0.177,-0.325,-0.77,-0.293,1.0,0.156,0.231,-0.107,0.442,-0.355
46,B2_2,-0.266,-0.799,-0.319,-0.152,-0.205,-0.129,-0.459,-0.209,-0.06,0.375,0.156,1.0,0.691,0.477,0.229,0.435
46,B2_3,0.302,-0.337,-0.276,-0.32,-0.352,-0.257,-0.108,-0.483,-0.234,-0.054,0.231,0.691,1.0,-0.185,-0.212,0.077
46,y1,-0.884,-0.679,-0.006,0.237,0.538,0.468,-0.131,-0.105,-0.019,0.135,-0.107,0.477,-0.185,1.0,0.394,0.781
46,y2,-0.162,-0.335,-0.413,-0.454,0.084,0.19,-0.344,0.17,-0.179,0.116,0.442,0.229,-0.212,0.394,1.0,-0.076
46,y3,-0.875,-0.43,0.397,0.452,0.586,0.275,0.04,-0.447,-0.015,-0.113,-0.355,0.435,0.077,0.781,-0.076,1.0
