,,.,A1_1,A1_2,A1_3,B1_1,B1_2,B1_3,A2_1,A2_2,A2_3,B2_1,B2_2,B2_3,y1,y2,y3
1,.,0.12,0.016,0.038,0.028,0.032,0.078,0.032,0.039,0.037,0.028,0.048,0.069,0.033,0.115,0.169,0.119
1,A1_1,0.424,0.016,0.017,0.014,0.077,0.062,0.033,0.019,0.026,0.015,0.029,0.105,0.046,0.04,0.053,0.023
1,A1_2,0.314,0.022,0.02,0.019,0.134,0.032,0.04,0.018,0.02,0.023,0.028,0.094,0.046,0.065,0.082,0.043
1,A1_3,0.392,0.011,0.014,0.015,0.096,0.061,0.029,0.013,0.02,0.018,0.037,0.131,0.032,0.045,0.06,0.027
1,B1_1,0.209,0.027,0.08,0.047,0.024,0.042,0.021,0.059,0.038,0.024,0.032,0.035,0.03,0.107,0.109,0.115
1,B1_2,0.195,0.041,0.047,0.067,0.013,0.022,0.016,0.074,0.044,0.081,0.033,0.029,0.021,0.072,0.067,0.18
1,B1_3,0.152,0.056,0.091,0.087,0.007,0.011,0.011,0.106,0.041,0.057,0.018,0.01,0.017,0.076,0.055,0.205
1,A2_1,0.399,0.019,0.016,0.016,0.086,0.052,0.034,0.02,0.027,0.019,0.03,0.107,0.047,0.044,0.056,0.027
1,A2_2,0.486,0.016,0.013,0.009,0.142,0.034,0.032,0.012,0.016,0.007,0.015,0.084,0.058,0.03,0.037,0.01
1,A2_3,0.285,0.007,0.015,0.01,0.081,0.13,0.033,0.013,0.023,0.01,0.042,0.153,0.038,0.051,0.084,0.024
1,B2_1,0.225,0.044,0.05,0.07,0.007,0.025,0.013,0.099,0.057,0.08,0.03,0.023,0.02,0.055,0.048,0.154
1,B2_2,0.409,0.05,0.051,0.054,0.019,0.019,0.016,0.067,0.042,0.041,0.021,0.026,0.029,0.048,0.037,0.07
1,B2_3,0.25,0.056,0.063,0.064,0.01,0.021,0.015,0.102,0.052,0.055,0.023,0.02,0.027,0.059,0.05,0.134
1,y1,0.685,0.034,0.013,0.016,0.034,0.015,0.016,0.024,0.026,0.017,0.01,0.037,0.038,0.014,0.012,0.01
1,y2,0.669,0.044,0.015,0.02,0.024,0.013,0.014,0.033,0.031,0.023,0.01,0.03,0.037,0.013,0.011,0.014
1,y3,0.583,0.054,0.024,0.029,0.015,0.017,0.014,0.057,0.044,0.029,0.013,0.026,0.037,0.019,0.015,0.024
2,.,0.082,0.035,0.023,0.042,0.04,0.058,0.033,0.044,0.038,0.041,0.022,0.051,0.037,0.174,0.13,0.152
2,A1_1,0.148,0.017,0.013,0.024,0.042,0.122,0.064,0.025,0.031,0.023,0.025,0.057,0.039,0.159,0.08,0.131
2,A1_2,0.262,0.011,0.013,0.018,0.074,0.156,0.039,0.007,0.008,0.011,0.046,0.049,0.065,0.099,0.069,0.072
2,A1_3,0.24,0.011,0.011,0.015,0.052,0.185,0.038,0.009,0.008,0.012,0.036,0.064,0.046,0.112,0.07,0.09
2,B1_1,0.146,0.08,0.082,0.081,0.008,0.008,0.012,0.118,0.099,0.103,0.011,0.024,0.009,0.05,0.094,0.075
2,B1_2,0.178,0.091,0.053,0.067,0.024,0.026,0.02,0.054,0.033,0.094,0.019,0.042,0.015,0.066,0.12,0.097
2,B1_3,0.152,0.137,0.064,0.087,0.015,0.011,0.015,0.07,0.046,0.151,0.014,0.03,0.008,0.037,0.092,0.07
2,A2_1,0.288,0.013,0.013,0.021,0.05,0.136,0.042,0.013,0.016,0.018,0.05,0.066,0.057,0.084,0.055,0.078
2,A2_2,0.276,0.01,0.025,0.023,0.059,0.095,0.026,0.01,0.016,0.009,0.057,0.028,0.114,0.115,0.077,0.06
2,A2_3,0.175,0.013,0.008,0.015,0.026,0.176,0.054,0.022,0.018,0.022,0.02,0.092,0.022,0.132,0.064,0.139
2,B2_1,0.127,0.081,0.04,0.077,0.011,0.013,0.025,0.106,0.135,0.142,0.014,0.034,0.011,0.043,0.062,0.079
2,B2_2,0.152,0.117,0.043,0.077,0.016,0.018,0.024,0.072,0.054,0.161,0.015,0.041,0.009,0.042,0.076,0.084
2,B2_3,0.203,0.074,0.063,0.077,0.01,0.01,0.017,0.095,0.118,0.104,0.016,0.025,0.011,0.038,0.076,0.063
2,y1,0.58,0.023,0.038,0.043,0.033,0.021,0.018,0.01,0.021,0.029,0.067,0.018,0.042,0.014,0.026,0.018
2,y2,0.382,0.058,0.045,0.071,0.022,0.019,0.028,0.036,0.058,0.091,0.037,0.031,0.02,0.022,0.039,0.04
2,y3,0.594,0.027,0.036,0.043,0.018,0.018,0.019,0.018,0.033,0.042,0.045,0.024,0.022,0.013,0.026,0.023
3,.,0.073,0.04,0.031,0.04,0.038,0.038,0.025,0.043,0.037,0.043,0.024,0.031,0.047,0.14,0.244,0.106
3,A1_1,0.223,0.007,0.014,0.018,0.052,0.064,0.104,0.009,0.017,0.013,0.138,0.069,0.081,0.075,0.036,0.08
3,A1_2,0.251,0.013,0.02,0.015,0.105,0.05,0.103,0.01,0.012,0.011,0.071,0.066,0.049,0.063,0.059,0.103
3,A1_3,0.218,0.022,0.022,0.016,0.093,0.083,0.036,0.019,0.008,0.017,0.055,0.081,0.03,0.062,0.151,0.087
3,B1_1,0.307,0.075,0.116,0.103,0.008,0.005,0.011,0.059,0.109,0.041,0.007,0.005,0.017,0.042,0.056,0.037
3,B1_2,0.254,0.108,0.075,0.071,0.017,0.02,0.01,0.071,0.035,0.05,0.01,0.016,0.009,0.052,0.141,0.061
3,B1_3,0.286,0.174,0.091,0.09,0.008,0.009,0.005,0.083,0.034,0.054,0.004,0.007,0.003,0.026,0.087,0.037
3,A2_1,0.194,0.01,0.016,0.018,0.051,0.08,0.062,0.014,0.017,0.015,0.117,0.077,0.06,0.097,0.072,0.099
3,A2_2,0.113,0.003,0.015,0.015,0.066,0.028,0.077,0.008,0.021,0.012,0.116,0.034,0.341,0.068,0.042,0.04
3,A2_3,0.18,0.005,0.007,0.009,0.035,0.181,0.039,0.009,0.005,0.011,0.183,0.132,0.028,0.061,0.049,0.067
3,B2_1,0.266,0.091,0.053,0.085,0.018,0.026,0.015,0.074,0.041,0.081,0.016,0.023,0.014,0.045,0.101,0.05
3,B2_2,0.291,0.095,0.063,0.088,0.014,0.022,0.01,0.08,0.04,0.076,0.013,0.017,0.012,0.039,0.098,0.041
3,B2_3,0.26,0.111,0.094,0.107,0.008,0.006,0.011,0.07,0.123,0.055,0.005,0.006,0.012,0.037,0.058,0.039
3,y1,0.533,0.016,0.029,0.041,0.038,0.022,0.057,0.017,0.021,0.03,0.054,0.031,0.051,0.018,0.018,0.024
3,y2,0.56,0.043,0.045,0.064,0.023,0.017,0.021,0.036,0.021,0.055,0.021,0.02,0.018,0.013,0.026,0.017
3,y3,0.635,0.028,0.032,0.062,0.013,0.015,0.023,0.026,0.023,0.045,0.026,0.018,0.016,0.01,0.012,0.014
4,.,0.066,0.047,0.038,0.076,0.024,0.024,0.027,0.05,0.042,0.062,0.035,0.023,0.04,0.128,0.18,0.139
4,A1_1,0.253,0.012,0.017,0.015,0.037,0.172,0.081,0.011,0.015,0.009,0.066,0.057,0.02,0.072,0.071,0.092
4,A1_2,0.162,0.013,0.012,0.008,0.123,0.078,0.11,0.009,0.01,0.005,0.04,0.051,0.082,0.097,0.071,0.128
4,A1_3,0.285,0.012,0.011,0.012,0.057,0.145,0.06,0.007,0.007,0.01,0.08,0.09,0.03,0.065,0.061,0.067
4,B1_1,0.204,0.071,0.116,0.147,0.004,0.004,0.008,0.048,0.097,0.042,0.005,0.005,0.01,0.086,0.083,0.069
4,B1_2,0.169,0.075,0.077,0.219,0.004,0.007,0.007,0.051,0.036,0.122,0.016,0.01,0.009,0.055,0.096,0.046
4,B1_3,0.27,0.1,0.096,0.111,0.014,0.008,0.017,0.051,0.059,0.05,0.009,0.012,0.022,0.067,0.056,0.056
4,A2_1,0.217,0.023,0.02,0.024,0.076,0.04,0.049,0.021,0.018,0.022,0.06,0.052,0.087,0.094,0.1,0.096
4,A2_2,0.132,0.016,0.015,0.014,0.084,0.028,0.059,0.015,0.013,0.01,0.042,0.034,0.118,0.13,0.134,0.156
4,A2_3,0.327,0.006,0.009,0.013,0.024,0.138,0.036,0.007,0.008,0.011,0.139,0.078,0.016,0.054,0.079,0.055
4,B2_1,0.17,0.07,0.076,0.171,0.007,0.009,0.01,0.06,0.054,0.107,0.018,0.012,0.015,0.067,0.098,0.056
4,B2_2,0.208,0.05,0.054,0.153,0.008,0.014,0.011,0.048,0.032,0.122,0.037,0.019,0.017,0.061,0.112,0.052
4,B2_3,0.279,0.049,0.086,0.1,0.007,0.009,0.014,0.045,0.088,0.039,0.013,0.01,0.014,0.086,0.087,0.073
4,y1,0.512,0.041,0.045,0.056,0.029,0.023,0.023,0.038,0.026,0.06,0.029,0.03,0.025,0.022,0.022,0.019
4,y2,0.527,0.035,0.045,0.063,0.019,0.027,0.02,0.037,0.025,0.068,0.034,0.028,0.015,0.018,0.021,0.016
4,y3,0.608,0.026,0.038,0.048,0.018,0.024,0.019,0.029,0.02,0.05,0.032,0.026,0.015,0.016,0.018,0.014
5,.,0.042,0.045,0.035,0.054,0.025,0.021,0.041,0.036,0.037,0.048,0.026,0.025,0.03,0.158,0.161,0.216
5,A1_1,0.249,0.013,0.013,0.005,0.047,0.046,0.277,0.007,0.014,0.004,0.04,0.037,0.073,0.046,0.059,0.071
5,A1_2,0.259,0.019,0.025,0.011,0.061,0.03,0.133,0.016,0.017,0.011,0.049,0.048,0.123,0.059,0.079,0.06
5,A1_3,0.268,0.007,0.012,0.01,0.041,0.04,0.072,0.011,0.007,0.012,0.065,0.111,0.076,0.089,0.107,0.073
5,B1_1,0.196,0.054,0.069,0.096,0.006,0.012,0.008,0.091,0.071,0.051,0.01,0.007,0.006,0.142,0.084,0.099
5,B1_2,0.163,0.085,0.078,0.142,0.006,0.01,0.006,0.088,0.03,0.1,0.011,0.009,0.006,0.1,0.087,0.078
5,B1_3,0.144,0.213,0.128,0.079,0.008,0.007,0.011,0.08,0.074,0.05,0.007,0.004,0.007,0.059,0.069,0.06
5,A2_1,0.202,0.01,0.015,0.009,0.064,0.036,0.128,0.013,0.014,0.01,0.069,0.079,0.146,0.064,0.08,0.062
5,A2_2,0.066,0.003,0.009,0.003,0.078,0.01,0.09,0.006,0.008,0.003,0.049,0.045,0.479,0.053,0.066,0.033
5,A2_3,0.245,0.005,0.008,0.014,0.024,0.054,0.055,0.009,0.004,0.015,0.063,0.126,0.034,0.118,0.116,0.11
5,B2_1,0.165,0.081,0.061,0.125,0.01,0.019,0.01,0.106,0.056,0.113,0.019,0.018,0.009,0.07,0.07,0.07
5,B2_2,0.136,0.057,0.052,0.152,0.007,0.016,0.006,0.1,0.033,0.138,0.016,0.018,0.006,0.098,0.084,0.081
5,B2_3,0.188,0.093,0.095,0.063,0.006,0.008,0.008,0.111,0.15,0.038,0.007,0.004,0.007,0.09,0.074,0.06
5,y1,0.416,0.046,0.04,0.027,0.039,0.036,0.063,0.054,0.066,0.027,0.048,0.034,0.055,0.014,0.019,0.017
5,y2,0.561,0.036,0.03,0.034,0.016,0.042,0.032,0.052,0.045,0.031,0.032,0.028,0.015,0.014,0.015,0.017
5,y3,0.46,0.032,0.033,0.037,0.026,0.039,0.035,0.061,0.048,0.038,0.049,0.044,0.035,0.02,0.023,0.021
6,.,0.048,0.019,0.038,0.033,0.045,0.038,0.05,0.058,0.044,0.043,0.043,0.063,0.05,0.175,0.144,0.11
6,A1_1,0.234,0.011,0.007,0.007,0.043,0.141,0.174,0.004,0.004,0.006,0.065,0.087,0.025,0.074,0.069,0.049
6,A1_2,0.155,0.014,0.01,0.007,0.118,0.116,0.146,0.007,0.007,0.006,0.056,0.076,0.067,0.09,0.063,0.063
6,A1_3,0.23,0.008,0.009,0.008,0.068,0.128,0.119,0.007,0.006,0.007,0.089,0.131,0.042,0.061,0.048,0.038
6,B1_1,0.176,0.035,0.23,0.055,0.005,0.005,0.005,0.098,0.037,0.037,0.007,0.004,0.008,0.099,0.13,0.069
6,B1_2,0.17,0.063,0.151,0.078,0.005,0.011,0.01,0.068,0.039,0.082,0.008,0.006,0.006,0.087,0.137,0.08
6,B1_3,0.191,0.078,0.245,0.052,0.004,0.005,0.005,0.067,0.037,0.037,0.004,0.002,0.006,0.082,0.113,0.072
6,A2_1,0.177,0.007,0.012,0.008,0.102,0.069,0.11,0.011,0.008,0.006,0.098,0.13,0.094,0.075,0.049,0.043
6,A2_2,0.125,0.007,0.017,0.005,0.224,0.04,0.063,0.01,0.006,0.003,0.062,0.069,0.192,0.087,0.043,0.049
6,A2_3,0.258,0.01,0.011,0.013,0.031,0.127,0.087,0.008,0.006,0.012,0.084,0.116,0.02,0.083,0.084,0.049
6,B2_1,0.18,0.019,0.133,0.058,0.004,0.007,0.005,0.161,0.058,0.053,0.008,0.006,0.006,0.108,0.133,0.059
6,B2_2,0.197,0.022,0.095,0.063,0.007,0.018,0.011,0.081,0.033,0.062,0.016,0.013,0.007,0.125,0.172,0.078
6,B2_3,0.218,0.027,0.208,0.031,0.005,0.003,0.004,0.136,0.051,0.017,0.004,0.002,0.007,0.113,0.113,0.058
6,y1,0.579,0.013,0.042,0.029,0.026,0.024,0.026,0.071,0.033,0.03,0.031,0.033,0.025,0.014,0.013,0.013
6,y2,0.49,0.019,0.04,0.036,0.025,0.031,0.038,0.073,0.044,0.047,0.037,0.045,0.028,0.016,0.015,0.016
6,y3,0.49,0.017,0.034,0.037,0.027,0.048,0.039,0.057,0.032,0.048,0.041,0.052,0.022,0.018,0.018,0.018
7,.,0.036,0.041,0.064,0.042,0.025,0.024,0.032,0.061,0.074,0.049,0.02,0.018,0.022,0.206,0.132,0.155
7,A1_1,0.21,0.011,0.006,0.007,0.04,0.087,0.252,0.003,0.004,0.006,0.048,0.044,0.036,0.104,0.056,0.085
7,A1_2,0.248,0.008,0.009,0.006,0.105,0.063,0.119,0.007,0.007,0.004,0.076,0.065,0.088,0.068,0.053,0.073
7,A1_3,0.245,0.009,0.007,0.008,0.05,0.092,0.151,0.005,0.005,0.006,0.103,0.097,0.039,0.062,0.047,0.075
7,B1_1,0.265,0.063,0.103,0.035,0.006,0.005,0.006,0.11,0.082,0.044,0.005,0.004,0.01,0.146,0.059,0.055
7,B1_2,0.252,0.104,0.108,0.063,0.004,0.007,0.008,0.099,0.046,0.077,0.005,0.004,0.007,0.112,0.052,0.05
7,B1_3,0.19,0.128,0.123,0.051,0.004,0.006,0.008,0.079,0.059,0.066,0.003,0.003,0.005,0.155,0.063,0.057
7,A2_1,0.305,0.008,0.011,0.008,0.059,0.047,0.068,0.012,0.01,0.006,0.112,0.077,0.073,0.074,0.054,0.077
7,A2_2,0.229,0.009,0.014,0.007,0.117,0.032,0.054,0.014,0.009,0.003,0.108,0.059,0.187,0.051,0.049,0.058
7,A2_3,0.335,0.007,0.005,0.007,0.022,0.064,0.094,0.005,0.004,0.007,0.099,0.069,0.023,0.098,0.057,0.103
7,B2_1,0.359,0.044,0.056,0.045,0.004,0.009,0.009,0.082,0.053,0.099,0.007,0.006,0.006,0.122,0.045,0.053
7,B2_2,0.314,0.05,0.059,0.057,0.005,0.009,0.008,0.092,0.042,0.101,0.01,0.008,0.007,0.121,0.053,0.064
7,B2_3,0.127,0.07,0.164,0.026,0.004,0.002,0.004,0.16,0.179,0.03,0.003,0.002,0.008,0.14,0.047,0.035
7,y1,0.329,0.042,0.07,0.033,0.04,0.04,0.06,0.069,0.047,0.033,0.054,0.081,0.059,0.018,0.013,0.013
7,y2,0.522,0.025,0.033,0.027,0.028,0.036,0.038,0.04,0.019,0.033,0.051,0.076,0.033,0.014,0.011,0.013
7,y3,0.558,0.02,0.03,0.021,0.033,0.033,0.041,0.036,0.017,0.021,0.047,0.062,0.043,0.014,0.011,0.012
8,.,0.028,0.028,0.039,0.033,0.027,0.021,0.024,0.038,0.031,0.035,0.025,0.021,0.04,0.222,0.197,0.188
8,A1_1,0.171,0.009,0.004,0.005,0.056,0.067,0.23,0.003,0.003,0.005,0.043,0.07,0.089,0.082,0.091,0.074
8,A1_2,0.209,0.004,0.005,0.004,0.13,0.031,0.116,0.004,0.005,0.003,0.048,0.048,0.219,0.049,0.064,0.059
8,A1_3,0.234,0.011,0.012,0.007,0.045,0.118,0.081,0.007,0.007,0.006,0.129,0.112,0.059,0.047,0.059,0.065
8,B1_1,0.331,0.044,0.098,0.041,0.007,0.005,0.006,0.071,0.1,0.038,0.004,0.004,0.008,0.087,0.083,0.073
8,B1_2,0.303,0.112,0.059,0.079,0.005,0.006,0.008,0.05,0.023,0.11,0.005,0.006,0.006,0.093,0.083,0.05
8,B1_3,0.283,0.159,0.121,0.064,0.003,0.003,0.005,0.06,0.04,0.07,0.002,0.002,0.004,0.078,0.065,0.041
8,A2_1,0.204,0.01,0.014,0.009,0.095,0.037,0.063,0.008,0.007,0.007,0.082,0.05,0.191,0.066,0.078,0.08
8,A2_2,0.171,0.004,0.01,0.005,0.121,0.019,0.042,0.004,0.005,0.003,0.076,0.029,0.346,0.044,0.057,0.064
8,A2_3,0.266,0.007,0.006,0.005,0.032,0.121,0.055,0.004,0.004,0.005,0.129,0.144,0.033,0.047,0.07,0.071
8,B2_1,0.243,0.067,0.062,0.093,0.005,0.007,0.008,0.088,0.057,0.142,0.004,0.006,0.005,0.085,0.074,0.054
8,B2_2,0.291,0.071,0.077,0.086,0.006,0.007,0.007,0.078,0.042,0.112,0.007,0.006,0.009,0.078,0.068,0.055
8,B2_3,0.317,0.028,0.124,0.025,0.006,0.005,0.005,0.07,0.164,0.019,0.005,0.003,0.008,0.071,0.072,0.078
8,y1,0.625,0.024,0.037,0.026,0.036,0.022,0.037,0.026,0.021,0.026,0.026,0.023,0.046,0.008,0.008,0.008
8,y2,0.472,0.03,0.036,0.041,0.057,0.032,0.06,0.034,0.024,0.046,0.034,0.036,0.065,0.012,0.012,0.01
8,y3,0.522,0.021,0.027,0.028,0.065,0.029,0.054,0.023,0.016,0.027,0.04,0.036,0.082,0.01,0.01,0.01
9,.,0.03,0.015,0.024,0.032,0.041,0.027,0.063,0.041,0.03,0.029,0.033,0.039,0.033,0.224,0.136,0.201
9,A1_1,0.257,0.006,0.006,0.005,0.044,0.08,0.186,0.003,0.003,0.005,0.042,0.055,0.025,0.076,0.133,0.073
9,A1_2,0.236,0.005,0.008,0.005,0.086,0.076,0.17,0.004,0.006,0.004,0.052,0.067,0.043,0.063,0.109,0.066
9,A1_3,0.222,0.005,0.006,0.005,0.081,0.117,0.11,0.005,0.006,0.004,0.107,0.115,0.028,0.051,0.082,0.057
9,B1_1,0.227,0.037,0.119,0.042,0.004,0.002,0.004,0.077,0.181,0.029,0.002,0.002,0.005,0.113,0.065,0.09
9,B1_2,0.418,0.059,0.043,0.051,0.004,0.006,0.007,0.036,0.025,0.067,0.007,0.006,0.007,0.095,0.076,0.093
9,B1_3,0.361,0.073,0.062,0.037,0.003,0.003,0.004,0.037,0.042,0.032,0.003,0.002,0.005,0.14,0.086,0.109
9,A2_1,0.244,0.006,0.006,0.006,0.095,0.069,0.1,0.005,0.004,0.004,0.122,0.091,0.046,0.059,0.079,0.063
9,A2_2,0.303,0.008,0.01,0.007,0.095,0.032,0.081,0.006,0.006,0.005,0.091,0.047,0.084,0.072,0.084,0.07
9,A2_3,0.228,0.006,0.003,0.004,0.047,0.126,0.06,0.004,0.003,0.005,0.205,0.155,0.02,0.035,0.057,0.043
9,B2_1,0.238,0.029,0.06,0.064,0.008,0.006,0.01,0.088,0.087,0.059,0.007,0.007,0.009,0.136,0.074,0.12
9,B2_2,0.356,0.032,0.05,0.068,0.007,0.007,0.011,0.063,0.046,0.081,0.008,0.008,0.01,0.095,0.065,0.093
9,B2_3,0.144,0.025,0.09,0.026,0.004,0.003,0.004,0.079,0.288,0.015,0.003,0.002,0.003,0.136,0.071,0.107
9,y1,0.517,0.046,0.072,0.039,0.027,0.039,0.025,0.032,0.052,0.048,0.023,0.021,0.029,0.009,0.011,0.01
9,y2,0.575,0.03,0.039,0.028,0.032,0.056,0.026,0.027,0.04,0.033,0.036,0.031,0.019,0.008,0.009,0.009
9,y3,0.551,0.033,0.041,0.031,0.037,0.058,0.03,0.025,0.034,0.037,0.036,0.033,0.025,0.008,0.01,0.01
10,.,0.034,0.035,0.027,0.038,0.031,0.03,0.034,0.04,0.046,0.052,0.056,0.034,0.034,0.155,0.123,0.232
10,A1_1,0.176,0.006,0.006,0.004,0.079,0.141,0.135,0.004,0.002,0.003,0.053,0.064,0.039,0.071,0.113,0.103
10,A1_2,0.209,0.007,0.01,0.007,0.151,0.083,0.117,0.006,0.005,0.004,0.044,0.048,0.085,0.062,0.082,0.08
10,A1_3,0.264,0.005,0.005,0.004,0.077,0.108,0.066,0.004,0.006,0.003,0.075,0.093,0.032,0.062,0.098,0.099
10,B1_1,0.331,0.037,0.056,0.058,0.003,0.002,0.003,0.052,0.125,0.051,0.003,0.002,0.004,0.072,0.093,0.108
10,B1_2,0.287,0.093,0.067,0.074,0.004,0.006,0.006,0.049,0.039,0.112,0.007,0.005,0.006,0.063,0.08,0.102
10,B1_3,0.282,0.182,0.09,0.052,0.003,0.005,0.004,0.045,0.044,0.079,0.003,0.003,0.003,0.059,0.069,0.076
10,A2_1,0.224,0.006,0.005,0.006,0.117,0.05,0.065,0.003,0.004,0.004,0.095,0.06,0.088,0.062,0.086,0.124
10,A2_2,0.289,0.005,0.006,0.006,0.099,0.024,0.041,0.004,0.006,0.003,0.06,0.031,0.09,0.073,0.109,0.152
10,A2_3,0.226,0.006,0.003,0.005,0.043,0.084,0.052,0.003,0.003,0.007,0.12,0.098,0.026,0.065,0.107,0.151
10,B2_1,0.293,0.038,0.038,0.061,0.005,0.008,0.006,0.052,0.101,0.115,0.012,0.009,0.006,0.066,0.077,0.113
10,B2_2,0.158,0.044,0.041,0.104,0.003,0.004,0.004,0.049,0.032,0.337,0.006,0.004,0.005,0.052,0.057,0.102
10,B2_3,0.307,0.027,0.041,0.028,0.004,0.005,0.004,0.046,0.188,0.02,0.003,0.004,0.003,0.089,0.117,0.112
10,y1,0.474,0.027,0.045,0.054,0.044,0.029,0.038,0.039,0.055,0.049,0.033,0.029,0.05,0.011,0.012,0.012
10,y2,0.551,0.018,0.028,0.033,0.05,0.035,0.044,0.023,0.035,0.029,0.038,0.036,0.053,0.008,0.009,0.009
10,y3,0.627,0.021,0.025,0.03,0.029,0.028,0.028,0.021,0.035,0.036,0.034,0.032,0.03,0.007,0.008,0.009
11,.,0.024,0.016,0.015,0.021,0.042,0.044,0.055,0.023,0.025,0.031,0.062,0.058,0.065,0.169,0.158,0.194
11,A1_1,0.128,0.005,0.004,0.004,0.038,0.1,0.238,0.004,0.004,0.003,0.057,0.066,0.041,0.086,0.11,0.113
11,A1_2,0.276,0.004,0.005,0.004,0.052,0.049,0.111,0.003,0.003,0.002,0.031,0.04,0.071,0.11,0.124,0.116
11,A1_3,0.268,0.005,0.003,0.002,0.056,0.109,0.11,0.003,0.003,0.003,0.078,0.136,0.041,0.057,0.06,0.066
11,B1_1,0.217,0.03,0.108,0.072,0.005,0.003,0.004,0.082,0.089,0.044,0.003,0.002,0.007,0.111,0.104,0.119
11,B1_2,0.186,0.086,0.095,0.129,0.003,0.004,0.004,0.077,0.027,0.146,0.004,0.003,0.005,0.072,0.073,0.082
11,B1_3,0.139,0.18,0.186,0.071,0.002,0.003,0.002,0.075,0.064,0.057,0.002,0.001,0.002,0.072,0.066,0.078
11,A2_1,0.284,0.005,0.004,0.005,0.061,0.048,0.077,0.003,0.002,0.004,0.076,0.081,0.132,0.072,0.072,0.073
11,A2_2,0.258,0.005,0.006,0.006,0.054,0.019,0.044,0.002,0.003,0.003,0.064,0.036,0.229,0.093,0.086,0.09
11,A2_3,0.194,0.006,0.002,0.003,0.03,0.107,0.091,0.003,0.004,0.005,0.124,0.169,0.028,0.067,0.074,0.092
11,B2_1,0.393,0.027,0.041,0.075,0.005,0.006,0.004,0.078,0.047,0.1,0.007,0.006,0.007,0.068,0.063,0.073
11,B2_2,0.212,0.04,0.055,0.111,0.004,0.007,0.008,0.065,0.022,0.141,0.007,0.005,0.007,0.096,0.104,0.117
11,B2_3,0.138,0.029,0.115,0.036,0.004,0.003,0.002,0.09,0.313,0.02,0.003,0.002,0.003,0.081,0.069,0.092
11,y1,0.59,0.02,0.031,0.043,0.037,0.025,0.029,0.034,0.022,0.033,0.032,0.034,0.044,0.009,0.008,0.008
11,y2,0.691,0.015,0.021,0.027,0.033,0.022,0.024,0.025,0.014,0.022,0.02,0.029,0.039,0.006,0.006,0.005
11,y3,0.509,0.022,0.034,0.037,0.052,0.041,0.047,0.036,0.028,0.029,0.042,0.05,0.046,0.009,0.009,0.009
12,.,0.019,0.028,0.023,0.029,0.026,0.046,0.036,0.04,0.034,0.057,0.041,0.042,0.022,0.171,0.164,0.224
12,A1_1,0.249,0.003,0.003,0.003,0.039,0.099,0.255,0.002,0.001,0.003,0.051,0.065,0.034,0.062,0.061,0.07
12,A1_2,0.349,0.004,0.005,0.004,0.065,0.055,0.129,0.003,0.003,0.002,0.04,0.049,0.048,0.081,0.082,0.08
12,A1_3,0.245,0.005,0.003,0.002,0.061,0.104,0.1,0.002,0.003,0.002,0.098,0.161,0.03,0.061,0.061,0.06
12,B1_1,0.255,0.043,0.069,0.055,0.003,0.002,0.002,0.137,0.097,0.047,0.002,0.001,0.004,0.119,0.075,0.089
12,B1_2,0.149,0.159,0.052,0.096,0.003,0.003,0.004,0.097,0.025,0.193,0.004,0.003,0.005,0.082,0.057,0.069
12,B1_3,0.167,0.258,0.087,0.055,0.002,0.002,0.002,0.084,0.041,0.077,0.002,0.002,0.002,0.084,0.061,0.074
12,A2_1,0.19,0.006,0.004,0.004,0.079,0.05,0.079,0.003,0.003,0.004,0.116,0.104,0.096,0.09,0.092,0.079
12,A2_2,0.279,0.005,0.006,0.006,0.056,0.016,0.042,0.003,0.003,0.003,0.1,0.041,0.157,0.1,0.104,0.08
12,A2_3,0.215,0.005,0.002,0.002,0.021,0.078,0.066,0.002,0.003,0.005,0.168,0.183,0.019,0.079,0.072,0.08
12,B2_1,0.157,0.057,0.037,0.057,0.003,0.004,0.003,0.195,0.121,0.152,0.006,0.004,0.004,0.088,0.051,0.063
12,B2_2,0.183,0.078,0.036,0.098,0.004,0.004,0.006,0.105,0.026,0.231,0.006,0.004,0.006,0.087,0.056,0.072
12,B2_3,0.224,0.035,0.073,0.027,0.004,0.004,0.003,0.142,0.25,0.022,0.002,0.002,0.002,0.086,0.056,0.069
12,y1,0.445,0.036,0.04,0.045,0.043,0.04,0.045,0.045,0.044,0.05,0.049,0.044,0.047,0.01,0.009,0.009
12,y2,0.615,0.024,0.028,0.031,0.025,0.025,0.031,0.032,0.032,0.034,0.042,0.031,0.033,0.007,0.006,0.006
12,y3,0.499,0.034,0.036,0.037,0.038,0.035,0.038,0.037,0.037,0.042,0.054,0.046,0.041,0.009,0.009,0.008
13,.,0.022,0.031,0.032,0.041,0.032,0.037,0.037,0.048,0.033,0.05,0.041,0.041,0.038,0.134,0.194,0.19
13,A1_1,0.358,0.003,0.002,0.003,0.036,0.093,0.147,0.002,0.001,0.003,0.036,0.059,0.03,0.074,0.079,0.074
13,A1_2,0.459,0.003,0.004,0.003,0.075,0.05,0.085,0.003,0.002,0.002,0.024,0.037,0.037,0.062,0.076,0.078
13,A1_3,0.274,0.004,0.003,0.002,0.062,0.118,0.069,0.003,0.004,0.002,0.067,0.145,0.024,0.07,0.077,0.077
13,B1_1,0.247,0.029,0.101,0.08,0.003,0.001,0.003,0.094,0.068,0.033,0.002,0.001,0.005,0.139,0.084,0.11
13,B1_2,0.21,0.082,0.067,0.103,0.002,0.003,0.003,0.082,0.027,0.123,0.004,0.003,0.004,0.117,0.079,0.091
13,B1_3,0.232,0.12,0.091,0.053,0.003,0.003,0.003,0.07,0.041,0.049,0.003,0.003,0.003,0.121,0.096,0.109
13,A2_1,0.353,0.005,0.003,0.003,0.082,0.054,0.06,0.003,0.003,0.004,0.075,0.085,0.063,0.063,0.07,0.074
13,A2_2,0.356,0.003,0.004,0.005,0.061,0.018,0.042,0.002,0.002,0.003,0.086,0.038,0.124,0.088,0.078,0.09
13,A2_3,0.228,0.005,0.002,0.003,0.023,0.122,0.047,0.002,0.003,0.005,0.105,0.202,0.015,0.089,0.076,0.074
13,B2_1,0.216,0.027,0.039,0.066,0.003,0.006,0.005,0.132,0.091,0.109,0.007,0.006,0.004,0.12,0.073,0.097
13,B2_2,0.261,0.04,0.048,0.106,0.002,0.004,0.005,0.101,0.031,0.141,0.005,0.003,0.005,0.103,0.065,0.079
13,B2_3,0.222,0.026,0.088,0.034,0.003,0.002,0.002,0.111,0.178,0.017,0.002,0.002,0.002,0.125,0.079,0.108
13,y1,0.52,0.038,0.045,0.039,0.04,0.035,0.031,0.048,0.045,0.051,0.026,0.034,0.025,0.007,0.007,0.008
13,y2,0.554,0.028,0.034,0.035,0.039,0.036,0.034,0.04,0.037,0.048,0.03,0.038,0.027,0.007,0.007,0.007
13,y3,0.508,0.042,0.05,0.048,0.028,0.028,0.023,0.049,0.053,0.063,0.031,0.033,0.023,0.008,0.007,0.007
14,.,0.016,0.028,0.035,0.049,0.033,0.031,0.03,0.038,0.036,0.036,0.034,0.031,0.028,0.184,0.16,0.231
14,A1_1,0.204,0.003,0.002,0.004,0.044,0.105,0.215,0.002,0.001,0.003,0.053,0.061,0.047,0.088,0.09,0.077
14,A1_2,0.274,0.003,0.004,0.003,0.118,0.069,0.134,0.003,0.003,0.002,0.034,0.05,0.073,0.075,0.085,0.071
14,A1_3,0.252,0.004,0.003,0.002,0.095,0.098,0.059,0.003,0.004,0.002,0.083,0.153,0.032,0.069,0.073,0.068
14,B1_1,0.336,0.024,0.108,0.11,0.003,0.001,0.002,0.088,0.09,0.023,0.002,0.001,0.005,0.071,0.071,0.067
14,B1_2,0.23,0.082,0.07,0.167,0.002,0.003,0.005,0.058,0.023,0.092,0.006,0.003,0.005,0.091,0.083,0.079
14,B1_3,0.277,0.145,0.094,0.072,0.002,0.002,0.002,0.055,0.041,0.036,0.002,0.002,0.002,0.095,0.09,0.083
14,A2_1,0.23,0.004,0.003,0.003,0.11,0.047,0.063,0.003,0.003,0.003,0.104,0.093,0.104,0.078,0.081,0.072
14,A2_2,0.248,0.002,0.004,0.004,0.084,0.014,0.045,0.002,0.002,0.003,0.096,0.032,0.227,0.081,0.083,0.071
14,A2_3,0.213,0.004,0.001,0.002,0.033,0.089,0.043,0.002,0.003,0.004,0.136,0.179,0.019,0.094,0.09,0.087
14,B2_1,0.269,0.038,0.04,0.1,0.002,0.005,0.004,0.11,0.084,0.09,0.007,0.005,0.004,0.085,0.079,0.08
14,B2_2,0.211,0.047,0.055,0.215,0.001,0.002,0.003,0.094,0.031,0.131,0.003,0.002,0.003,0.072,0.067,0.064
14,B2_3,0.336,0.027,0.068,0.035,0.003,0.002,0.002,0.096,0.207,0.013,0.002,0.002,0.001,0.068,0.07,0.07
14,y1,0.569,0.024,0.03,0.026,0.045,0.038,0.043,0.031,0.032,0.03,0.034,0.044,0.034,0.006,0.006,0.006
14,y2,0.534,0.028,0.031,0.028,0.046,0.043,0.043,0.035,0.034,0.037,0.038,0.051,0.032,0.007,0.007,0.006
14,y3,0.547,0.03,0.036,0.035,0.037,0.03,0.032,0.038,0.039,0.043,0.04,0.041,0.034,0.006,0.006,0.006
15,.,0.017,0.03,0.043,0.04,0.044,0.031,0.032,0.045,0.048,0.033,0.036,0.037,0.042,0.2,0.148,0.175
15,A1_1,0.299,0.002,0.002,0.003,0.03,0.101,0.195,0.002,0.001,0.004,0.044,0.056,0.039,0.081,0.079,0.062
15,A1_2,0.312,0.003,0.004,0.002,0.104,0.062,0.121,0.003,0.003,0.002,0.033,0.057,0.065,0.083,0.078,0.069
15,A1_3,0.271,0.003,0.002,0.001,0.065,0.094,0.056,0.002,0.003,0.002,0.082,0.167,0.025,0.08,0.078,0.068
15,B1_1,0.3,0.025,0.122,0.078,0.003,0.001,0.003,0.11,0.089,0.027,0.002,0.001,0.004,0.084,0.076,0.075
15,B1_2,0.287,0.091,0.085,0.1,0.002,0.003,0.004,0.061,0.023,0.127,0.004,0.002,0.004,0.077,0.068,0.062
15,B1_3,0.251,0.154,0.148,0.05,0.002,0.002,0.001,0.058,0.05,0.043,0.002,0.001,0.002,0.085,0.079,0.072
15,A2_1,0.262,0.003,0.003,0.003,0.078,0.047,0.06,0.003,0.003,0.003,0.104,0.102,0.082,0.094,0.079,0.075
15,A2_2,0.308,0.002,0.003,0.003,0.056,0.013,0.037,0.002,0.001,0.002,0.093,0.033,0.167,0.113,0.083,0.084
15,A2_3,0.297,0.003,0.001,0.002,0.019,0.086,0.043,0.002,0.003,0.005,0.114,0.152,0.014,0.093,0.092,0.074
15,B2_1,0.243,0.039,0.041,0.062,0.002,0.005,0.003,0.112,0.122,0.131,0.005,0.005,0.002,0.079,0.08,0.069
15,B2_2,0.242,0.05,0.058,0.116,0.001,0.002,0.003,0.095,0.037,0.191,0.003,0.002,0.003,0.073,0.066,0.059
15,B2_3,0.221,0.027,0.089,0.027,0.003,0.002,0.001,0.104,0.277,0.013,0.001,0.002,0.001,0.076,0.081,0.075
15,y1,0.494,0.029,0.034,0.031,0.047,0.054,0.052,0.031,0.033,0.034,0.047,0.057,0.036,0.006,0.007,0.007
15,y2,0.458,0.036,0.041,0.036,0.048,0.052,0.049,0.039,0.042,0.044,0.042,0.057,0.035,0.007,0.007,0.007
15,y3,0.511,0.036,0.041,0.038,0.036,0.041,0.037,0.038,0.039,0.046,0.043,0.047,0.03,0.006,0.006,0.006
16,.,0.018,0.028,0.038,0.042,0.046,0.038,0.043,0.04,0.037,0.042,0.043,0.042,0.056,0.171,0.154,0.163
16,A1_1,0.238,0.002,0.001,0.003,0.027,0.101,0.179,0.002,0.001,0.003,0.051,0.05,0.05,0.1,0.107,0.084
16,A1_2,0.283,0.003,0.004,0.002,0.123,0.067,0.109,0.003,0.002,0.001,0.03,0.05,0.088,0.078,0.086,0.07
16,A1_3,0.228,0.003,0.002,0.001,0.091,0.104,0.058,0.002,0.003,0.002,0.093,0.155,0.035,0.075,0.078,0.07
16,B1_1,0.345,0.025,0.123,0.083,0.002,0.001,0.002,0.099,0.08,0.022,0.001,0.001,0.003,0.074,0.071,0.07
16,B1_2,0.308,0.086,0.066,0.098,0.002,0.002,0.003,0.049,0.019,0.097,0.004,0.002,0.004,0.093,0.08,0.086
16,B1_3,0.309,0.142,0.119,0.051,0.002,0.002,0.001,0.05,0.045,0.034,0.002,0.001,0.001,0.085,0.073,0.081
16,A2_1,0.225,0.002,0.002,0.002,0.094,0.048,0.06,0.002,0.002,0.002,0.116,0.095,0.135,0.074,0.072,0.068
16,A2_2,0.236,0.001,0.003,0.003,0.062,0.012,0.038,0.002,0.001,0.001,0.082,0.027,0.301,0.083,0.076,0.072
16,A2_3,0.217,0.003,0.001,0.002,0.022,0.092,0.042,0.002,0.002,0.004,0.166,0.154,0.017,0.095,0.093,0.087
16,B2_1,0.269,0.035,0.031,0.074,0.002,0.005,0.003,0.095,0.095,0.117,0.006,0.005,0.002,0.089,0.083,0.089
16,B2_2,0.274,0.043,0.045,0.125,0.001,0.002,0.003,0.077,0.03,0.141,0.003,0.001,0.003,0.089,0.08,0.084
16,B2_3,0.271,0.028,0.084,0.03,0.003,0.002,0.001,0.1,0.263,0.012,0.001,0.001,0.001,0.067,0.068,0.069
16,y1,0.434,0.047,0.048,0.048,0.044,0.045,0.045,0.041,0.042,0.052,0.045,0.047,0.043,0.007,0.007,0.007
16,y2,0.417,0.049,0.044,0.048,0.042,0.051,0.047,0.042,0.044,0.057,0.046,0.053,0.04,0.007,0.007,0.006
16,y3,0.434,0.051,0.047,0.052,0.036,0.042,0.039,0.043,0.045,0.061,0.047,0.047,0.037,0.006,0.006,0.006
17,.,0.016,0.035,0.044,0.04,0.043,0.047,0.045,0.04,0.043,0.043,0.052,0.049,0.042,0.148,0.151,0.163
17,A1_1,0.212,0.002,0.001,0.002,0.027,0.109,0.204,0.001,0.001,0.003,0.056,0.047,0.043,0.097,0.104,0.091
17,A1_2,0.232,0.002,0.004,0.002,0.147,0.066,0.11,0.002,0.002,0.001,0.03,0.046,0.077,0.091,0.095,0.094
17,A1_3,0.204,0.003,0.002,0.001,0.112,0.113,0.057,0.002,0.003,0.001,0.092,0.14,0.028,0.082,0.079,0.08
17,B1_1,0.249,0.027,0.163,0.08,0.002,0.001,0.002,0.107,0.087,0.019,0.001,0.0,0.003,0.085,0.083,0.091
17,B1_2,0.285,0.098,0.083,0.106,0.001,0.002,0.003,0.053,0.019,0.097,0.003,0.002,0.003,0.081,0.082,0.083
17,B1_3,0.285,0.166,0.133,0.05,0.002,0.002,0.002,0.051,0.044,0.035,0.002,0.001,0.001,0.076,0.073,0.077
17,A2_1,0.199,0.002,0.002,0.002,0.118,0.05,0.058,0.002,0.002,0.002,0.126,0.089,0.109,0.08,0.079,0.081
17,A2_2,0.205,0.001,0.003,0.003,0.079,0.013,0.038,0.002,0.001,0.001,0.101,0.027,0.225,0.099,0.1,0.101
17,A2_3,0.262,0.003,0.001,0.002,0.02,0.099,0.04,0.002,0.003,0.005,0.175,0.134,0.013,0.084,0.081,0.078
17,B2_1,0.268,0.036,0.033,0.073,0.001,0.004,0.003,0.107,0.101,0.114,0.005,0.004,0.002,0.082,0.081,0.086
17,B2_2,0.268,0.046,0.055,0.128,0.001,0.002,0.003,0.085,0.031,0.128,0.002,0.001,0.002,0.081,0.083,0.085
17,B2_3,0.227,0.03,0.09,0.027,0.003,0.002,0.001,0.104,0.269,0.011,0.001,0.001,0.001,0.077,0.073,0.083
17,y1,0.503,0.039,0.045,0.043,0.042,0.038,0.039,0.04,0.039,0.041,0.035,0.037,0.041,0.006,0.006,0.006
17,y2,0.531,0.037,0.039,0.039,0.038,0.039,0.038,0.038,0.037,0.041,0.034,0.037,0.036,0.005,0.005,0.005
17,y3,0.502,0.042,0.044,0.043,0.04,0.038,0.036,0.042,0.041,0.045,0.036,0.039,0.037,0.005,0.006,0.005
18,.,0.014,0.036,0.042,0.04,0.04,0.046,0.04,0.041,0.04,0.044,0.042,0.044,0.04,0.153,0.164,0.175
18,A1_1,0.254,0.001,0.001,0.002,0.023,0.115,0.162,0.001,0.001,0.003,0.048,0.049,0.038,0.098,0.104,0.099
18,A1_2,0.282,0.002,0.003,0.002,0.131,0.072,0.098,0.002,0.002,0.001,0.027,0.049,0.071,0.083,0.086,0.089
18,A1_3,0.237,0.003,0.002,0.001,0.096,0.124,0.046,0.002,0.003,0.001,0.078,0.152,0.024,0.075,0.076,0.08
18,B1_1,0.265,0.025,0.158,0.079,0.002,0.001,0.002,0.106,0.073,0.02,0.001,0.0,0.003,0.095,0.079,0.091
18,B1_2,0.255,0.103,0.081,0.108,0.001,0.002,0.003,0.054,0.017,0.117,0.003,0.001,0.003,0.089,0.078,0.085
18,B1_3,0.259,0.185,0.132,0.047,0.002,0.002,0.001,0.052,0.04,0.039,0.002,0.001,0.001,0.084,0.072,0.081
18,A2_1,0.243,0.002,0.002,0.002,0.102,0.054,0.049,0.002,0.002,0.002,0.11,0.098,0.096,0.076,0.078,0.081
18,A2_2,0.24,0.001,0.002,0.002,0.071,0.013,0.034,0.001,0.001,0.001,0.095,0.028,0.215,0.098,0.097,0.1
18,A2_3,0.262,0.002,0.001,0.001,0.018,0.111,0.033,0.002,0.002,0.004,0.153,0.152,0.011,0.081,0.083,0.084
18,B2_1,0.238,0.041,0.031,0.072,0.001,0.003,0.002,0.111,0.095,0.142,0.005,0.003,0.001,0.087,0.08,0.087
18,B2_2,0.238,0.047,0.051,0.127,0.001,0.001,0.002,0.087,0.028,0.161,0.002,0.001,0.002,0.088,0.078,0.086
18,B2_3,0.251,0.033,0.097,0.026,0.003,0.001,0.001,0.103,0.232,0.011,0.001,0.001,0.001,0.083,0.071,0.083
18,y1,0.497,0.04,0.044,0.041,0.041,0.041,0.037,0.041,0.042,0.042,0.037,0.042,0.038,0.006,0.005,0.005
18,y2,0.517,0.039,0.04,0.04,0.037,0.042,0.037,0.04,0.04,0.043,0.036,0.041,0.034,0.005,0.005,0.005
18,y3,0.505,0.039,0.042,0.04,0.041,0.042,0.035,0.04,0.041,0.041,0.038,0.044,0.036,0.005,0.005,0.005
19,.,0.013,0.034,0.04,0.04,0.039,0.041,0.038,0.04,0.041,0.043,0.042,0.04,0.039,0.159,0.171,0.18
19,A1_1,0.243,0.001,0.001,0.002,0.023,0.124,0.184,0.001,0.001,0.003,0.046,0.048,0.038,0.092,0.1,0.091
19,A1_2,0.263,0.002,0.003,0.002,0.149,0.073,0.105,0.002,0.002,0.001,0.025,0.046,0.076,0.08,0.087,0.084
19,A1_3,0.234,0.003,0.001,0.001,0.1,0.123,0.048,0.001,0.003,0.001,0.076,0.144,0.024,0.078,0.081,0.081
19,B1_1,0.291,0.024,0.151,0.082,0.002,0.001,0.001,0.101,0.07,0.018,0.001,0.0,0.002,0.088,0.079,0.089
19,B1_2,0.266,0.112,0.073,0.108,0.001,0.002,0.003,0.053,0.016,0.12,0.003,0.001,0.003,0.082,0.077,0.082
19,B1_3,0.262,0.2,0.124,0.047,0.002,0.002,0.001,0.05,0.039,0.039,0.001,0.001,0.001,0.079,0.073,0.079
19,A2_1,0.236,0.002,0.002,0.002,0.107,0.054,0.052,0.002,0.002,0.002,0.108,0.094,0.1,0.077,0.081,0.08
19,A2_2,0.238,0.001,0.002,0.002,0.074,0.012,0.035,0.001,0.001,0.001,0.095,0.027,0.234,0.091,0.093,0.092
19,A2_3,0.246,0.002,0.001,0.001,0.018,0.118,0.036,0.001,0.002,0.004,0.155,0.155,0.011,0.082,0.086,0.081
19,B2_1,0.25,0.043,0.028,0.07,0.001,0.003,0.002,0.11,0.098,0.141,0.004,0.003,0.001,0.081,0.08,0.084
19,B2_2,0.255,0.048,0.046,0.129,0.001,0.001,0.002,0.086,0.027,0.16,0.002,0.001,0.002,0.08,0.077,0.082
19,B2_3,0.266,0.034,0.09,0.025,0.003,0.001,0.001,0.096,0.228,0.011,0.001,0.001,0.001,0.081,0.076,0.085
19,y1,0.496,0.039,0.042,0.04,0.043,0.043,0.039,0.041,0.041,0.039,0.038,0.043,0.04,0.005,0.005,0.005
19,y2,0.511,0.037,0.039,0.039,0.04,0.044,0.04,0.039,0.039,0.039,0.037,0.043,0.038,0.005,0.005,0.005
19,y3,0.504,0.038,0.04,0.038,0.043,0.043,0.038,0.039,0.04,0.038,0.039,0.045,0.039,0.005,0.005,0.005
20,.,0.012,0.034,0.042,0.041,0.041,0.042,0.04,0.041,0.041,0.043,0.043,0.042,0.041,0.157,0.168,0.174
20,A1_1,0.24,0.001,0.001,0.002,0.022,0.126,0.196,0.001,0.001,0.003,0.047,0.048,0.038,0.09,0.095,0.089
20,A1_2,0.262,0.002,0.003,0.002,0.15,0.074,0.111,0.002,0.002,0.001,0.025,0.046,0.078,0.079,0.082,0.082
20,A1_3,0.237,0.003,0.001,0.001,0.099,0.123,0.049,0.001,0.003,0.001,0.076,0.144,0.023,0.078,0.079,0.081
20,B1_1,0.28,0.023,0.157,0.087,0.002,0.0,0.001,0.102,0.068,0.018,0.001,0.0,0.002,0.089,0.08,0.089
20,B1_2,0.26,0.112,0.076,0.112,0.001,0.001,0.002,0.053,0.015,0.12,0.002,0.001,0.002,0.082,0.077,0.082
20,B1_3,0.26,0.197,0.123,0.047,0.002,0.002,0.001,0.051,0.038,0.04,0.001,0.001,0.001,0.081,0.075,0.081
20,A2_1,0.238,0.002,0.002,0.002,0.104,0.052,0.053,0.002,0.002,0.002,0.111,0.094,0.103,0.076,0.079,0.08
20,A2_2,0.238,0.001,0.002,0.002,0.072,0.012,0.036,0.001,0.001,0.001,0.099,0.026,0.239,0.089,0.089,0.09
20,A2_3,0.249,0.002,0.001,0.001,0.016,0.118,0.036,0.001,0.002,0.004,0.16,0.155,0.01,0.08,0.083,0.08
20,B2_1,0.247,0.042,0.027,0.07,0.001,0.003,0.002,0.11,0.097,0.149,0.004,0.003,0.001,0.081,0.081,0.083
20,B2_2,0.25,0.047,0.046,0.133,0.001,0.001,0.002,0.086,0.027,0.163,0.002,0.001,0.002,0.08,0.078,0.082
20,B2_3,0.261,0.033,0.088,0.025,0.003,0.001,0.001,0.099,0.233,0.011,0.001,0.001,0.001,0.082,0.077,0.085
20,y1,0.495,0.039,0.042,0.04,0.042,0.042,0.04,0.041,0.041,0.041,0.039,0.043,0.041,0.005,0.005,0.005
20,y2,0.506,0.038,0.04,0.039,0.04,0.043,0.04,0.04,0.04,0.041,0.038,0.043,0.038,0.005,0.005,0.005
20,y3,0.508,0.038,0.039,0.038,0.043,0.041,0.037,0.039,0.041,0.039,0.039,0.045,0.039,0.005,0.005,0.005
