,,.,A1_1,A1_2,A1_3,B1_1,B1_2,B1_3,A2_1,A2_2,A2_3,B2_1,B2_2,B2_3,y1,y2,y3
1,.,1.0,-0.177,-0.029,-0.156,0.357,0.033,0.01,-0.167,-0.261,0.208,-0.045,-0.603,-0.104,-0.729,-0.765,-0.664
1,A1_1,-0.177,1.0,0.499,0.72,-0.435,-0.829,-0.935,0.893,0.811,0.834,-0.783,-0.545,-0.803,0.585,0.354,0.076
1,A1_2,-0.029,0.499,1.0,0.636,-0.386,-0.296,-0.478,0.714,0.632,0.273,-0.736,-0.461,-0.722,0.12,-0.058,-0.441
1,A1_3,-0.156,0.72,0.636,1.0,-0.479,-0.375,-0.787,0.814,0.503,0.71,-0.557,-0.477,-0.87,0.238,0.045,-0.323
1,B1_1,0.357,-0.435,-0.386,-0.479,1.0,-0.066,0.577,-0.626,-0.174,-0.128,0.022,0.288,0.337,-0.538,-0.562,-0.291
1,B1_2,0.033,-0.829,-0.296,-0.375,-0.066,1.0,0.67,-0.62,-0.872,-0.751,0.837,0.375,0.592,-0.461,-0.23,-0.095
1,B1_3,0.01,-0.935,-0.478,-0.787,0.577,0.67,1.0,-0.911,-0.653,-0.863,0.637,0.698,0.827,-0.461,-0.273,0.024
1,A2_1,-0.167,0.893,0.714,0.814,-0.626,-0.62,-0.911,1.0,0.774,0.666,-0.731,-0.527,-0.885,0.572,0.373,-0.01
1,A2_2,-0.261,0.811,0.632,0.503,-0.174,-0.872,-0.653,0.774,1.0,0.557,-0.896,-0.293,-0.651,0.575,0.367,0.092
1,A2_3,0.208,0.834,0.273,0.71,-0.128,-0.751,-0.863,0.666,0.557,1.0,-0.647,-0.705,-0.76,0.146,-0.076,-0.254
1,B2_1,-0.045,-0.783,-0.736,-0.557,0.022,0.837,0.637,-0.731,-0.896,-0.647,1.0,0.496,0.795,-0.268,0.012,0.284
1,B2_2,-0.603,-0.545,-0.461,-0.477,0.288,0.375,0.698,-0.527,-0.293,-0.705,0.496,1.0,0.606,0.227,0.366,0.536
1,B2_3,-0.104,-0.803,-0.722,-0.87,0.337,0.592,0.827,-0.885,-0.651,-0.76,0.795,0.606,1.0,-0.24,0.027,0.385
1,y1,-0.729,0.585,0.12,0.238,-0.538,-0.461,-0.461,0.572,0.575,0.146,-0.268,0.227,-0.24,1.0,0.95,0.785
1,y2,-0.765,0.354,-0.058,0.045,-0.562,-0.23,-0.273,0.373,0.367,-0.076,0.012,0.366,0.027,0.95,1.0,0.906
1,y3,-0.664,0.076,-0.441,-0.323,-0.291,-0.095,0.024,-0.01,0.092,-0.254,0.284,0.536,0.385,0.785,0.906,1.0
2,.,1.0,0.251,-0.067,-0.079,0.119,0.332,0.229,-0.22,-0.044,-0.033,0.19,0.226,-0.085,-0.671,-0.577,-0.917
2,A1_1,0.251,1.0,0.422,0.442,-0.362,-0.303,-0.387,0.314,0.044,0.683,-0.087,-0.065,-0.371,-0.503,-0.326,-0.51
2,A1_2,-0.067,0.422,1.0,0.886,-0.774,-0.239,-0.568,0.759,0.596,0.378,-0.908,-0.564,-0.845,0.193,-0.461,-0.119
2,A1_3,-0.079,0.442,0.886,1.0,-0.631,-0.052,-0.419,0.833,0.407,0.698,-0.77,-0.33,-0.754,-0.041,-0.494,-0.144
2,B1_1,0.119,-0.362,-0.774,-0.631,1.0,0.547,0.697,-0.831,-0.436,-0.269,0.63,0.497,0.86,-0.431,0.014,-0.081
2,B1_2,0.332,-0.303,-0.239,-0.052,0.547,1.0,0.907,-0.436,-0.441,0.004,0.24,0.705,0.368,-0.492,-0.242,-0.326
2,B1_3,0.229,-0.387,-0.568,-0.419,0.697,0.907,1.0,-0.678,-0.68,-0.171,0.577,0.856,0.638,-0.413,0.104,-0.153
2,A2_1,-0.22,0.314,0.759,0.833,-0.831,-0.436,-0.678,1.0,0.376,0.572,-0.67,-0.45,-0.842,0.29,-0.121,0.15
2,A2_2,-0.044,0.044,0.596,0.407,-0.436,-0.441,-0.68,0.376,1.0,-0.163,-0.79,-0.9,-0.531,0.355,-0.509,-0.071
2,A2_3,-0.033,0.683,0.378,0.698,-0.269,0.004,-0.171,0.572,-0.163,1.0,-0.112,0.167,-0.319,-0.475,-0.24,-0.21
2,B2_1,0.19,-0.087,-0.908,-0.77,0.63,0.24,0.577,-0.67,-0.79,-0.112,1.0,0.736,0.756,-0.402,0.458,-0.054
2,B2_2,0.226,-0.065,-0.564,-0.33,0.497,0.705,0.856,-0.45,-0.9,0.167,0.736,1.0,0.485,-0.511,0.301,-0.159
2,B2_3,-0.085,-0.371,-0.845,-0.754,0.86,0.368,0.638,-0.842,-0.531,-0.319,0.756,0.485,1.0,-0.252,0.265,0.137
2,y1,-0.671,-0.503,0.193,-0.041,-0.431,-0.492,-0.413,0.29,0.355,-0.475,-0.402,-0.511,-0.252,1.0,0.537,0.804
2,y2,-0.577,-0.326,-0.461,-0.494,0.014,-0.242,0.104,-0.121,-0.509,-0.24,0.458,0.301,0.265,0.537,1.0,0.75
2,y3,-0.917,-0.51,-0.119,-0.144,-0.081,-0.326,-0.153,0.15,-0.071,-0.21,-0.054,-0.159,0.137,0.804,0.75,1.0
3,.,1.0,-0.551,-0.241,0.067,-0.03,0.372,0.205,-0.355,-0.131,-0.422,0.372,0.222,0.136,-0.74,-0.532,-0.781
3,A1_1,-0.551,1.0,0.695,-0.008,-0.258,-0.775,-0.728,0.768,0.429,0.447,-0.888,-0.894,-0.371,0.487,-0.159,0.184
3,A1_2,-0.241,0.695,1.0,0.54,-0.412,-0.477,-0.506,0.638,0.339,0.242,-0.795,-0.861,-0.43,0.294,-0.204,-0.199
3,A1_3,0.067,-0.008,0.54,1.0,-0.602,0.055,-0.137,0.386,-0.018,0.461,-0.259,-0.227,-0.621,-0.134,-0.065,-0.418
3,B1_1,-0.03,-0.258,-0.412,-0.602,1.0,0.486,0.562,-0.39,0.095,-0.608,0.208,0.406,0.85,-0.077,-0.018,0.111
3,B1_2,0.372,-0.775,-0.477,0.055,0.486,1.0,0.949,-0.536,-0.534,-0.329,0.613,0.776,0.439,-0.648,-0.104,-0.347
3,B1_3,0.205,-0.728,-0.506,-0.137,0.562,0.949,1.0,-0.639,-0.607,-0.423,0.68,0.807,0.561,-0.48,0.05,-0.108
3,A2_1,-0.355,0.768,0.638,0.386,-0.39,-0.536,-0.639,1.0,0.266,0.75,-0.768,-0.746,-0.562,0.1,-0.433,-0.17
3,A2_2,-0.131,0.429,0.339,-0.018,0.095,-0.534,-0.607,0.266,1.0,-0.127,-0.63,-0.533,-0.166,0.55,0.127,0.097
3,A2_3,-0.422,0.447,0.242,0.461,-0.608,-0.329,-0.423,0.75,-0.127,1.0,-0.373,-0.303,-0.737,0.032,-0.094,0.042
3,B2_1,0.372,-0.888,-0.795,-0.259,0.208,0.613,0.68,-0.768,-0.63,-0.373,1.0,0.906,0.415,-0.375,0.228,0.083
3,B2_2,0.222,-0.894,-0.861,-0.227,0.406,0.776,0.807,-0.746,-0.533,-0.303,0.906,1.0,0.443,-0.357,0.307,0.124
3,B2_3,0.136,-0.371,-0.43,-0.621,0.85,0.439,0.561,-0.562,-0.166,-0.737,0.415,0.443,1.0,-0.164,-0.036,0.089
3,y1,-0.74,0.487,0.294,-0.134,-0.077,-0.648,-0.48,0.1,0.55,0.032,-0.375,-0.357,-0.164,1.0,0.73,0.813
3,y2,-0.532,-0.159,-0.204,-0.065,-0.018,-0.104,0.05,-0.433,0.127,-0.094,0.228,0.307,-0.036,0.73,1.0,0.823
3,y3,-0.781,0.184,-0.199,-0.418,0.111,-0.347,-0.108,-0.17,0.097,0.042,0.083,0.124,0.089,0.813,0.823,1.0
4,.,1.0,-0.234,-0.349,-0.438,0.103,0.445,-0.084,-0.36,-0.102,-0.362,0.506,0.404,-0.033,-0.634,-0.569,-0.713
4,A1_1,-0.234,1.0,0.498,0.591,-0.338,-0.381,-0.443,-0.244,-0.061,0.628,-0.576,-0.45,-0.233,-0.356,-0.163,-0.141
4,A1_2,-0.349,0.498,1.0,0.591,-0.291,-0.598,-0.076,0.445,0.652,0.088,-0.788,-0.717,-0.384,-0.188,-0.368,-0.232
4,A1_3,-0.438,0.591,0.591,1.0,-0.544,-0.373,-0.404,0.383,0.139,0.683,-0.62,-0.307,-0.534,-0.083,-0.089,-0.024
4,B1_1,0.103,-0.338,-0.291,-0.544,1.0,0.501,0.754,-0.338,0.039,-0.406,0.65,0.254,0.941,-0.21,-0.271,-0.215
4,B1_2,0.445,-0.381,-0.598,-0.373,0.501,1.0,0.371,-0.354,-0.126,-0.163,0.902,0.881,0.345,-0.198,-0.101,-0.156
4,B1_3,-0.084,-0.443,-0.076,-0.404,0.754,0.371,1.0,-0.128,0.07,-0.661,0.441,0.007,0.591,0.161,-0.057,-0.051
4,A2_1,-0.36,-0.244,0.445,0.383,-0.338,-0.354,-0.128,1.0,0.692,0.148,-0.465,-0.21,-0.4,0.232,-0.001,0.158
4,A2_2,-0.102,-0.061,0.652,0.139,0.039,-0.126,0.07,0.692,1.0,-0.084,-0.312,-0.182,-0.131,-0.227,-0.435,-0.226
4,A2_3,-0.362,0.628,0.088,0.683,-0.406,-0.163,-0.661,0.148,-0.084,1.0,-0.349,0.043,-0.229,-0.119,0.114,0.187
4,B2_1,0.506,-0.576,-0.788,-0.62,0.65,0.902,0.441,-0.465,-0.312,-0.349,1.0,0.83,0.561,-0.121,-0.047,-0.132
4,B2_2,0.404,-0.45,-0.717,-0.307,0.254,0.881,0.007,-0.21,-0.182,0.043,0.83,1.0,0.189,-0.069,0.084,0.041
4,B2_3,-0.033,-0.233,-0.384,-0.534,0.941,0.345,0.591,-0.4,-0.131,-0.229,0.561,0.189,1.0,-0.11,-0.098,-0.041
4,y1,-0.634,-0.356,-0.188,-0.083,-0.21,-0.198,0.161,0.232,-0.227,-0.119,-0.121,-0.069,-0.11,1.0,0.921,0.914
4,y2,-0.569,-0.163,-0.368,-0.089,-0.271,-0.101,-0.057,-0.001,-0.435,0.114,-0.047,0.084,-0.098,0.921,1.0,0.963
4,y3,-0.713,-0.141,-0.232,-0.024,-0.215,-0.156,-0.051,0.158,-0.226,0.187,-0.132,0.041,-0.041,0.914,0.963,1.0
5,.,1.0,-0.161,-0.418,-0.503,0.127,0.076,0.168,-0.395,-0.204,-0.236,0.202,0.189,0.028,-0.584,-0.723,-0.717
5,A1_1,-0.161,1.0,0.709,0.315,-0.214,-0.549,-0.1,0.651,0.238,0.249,-0.763,-0.805,-0.172,0.082,0.079,-0.183
5,A1_2,-0.418,0.709,1.0,0.481,-0.377,-0.358,0.046,0.795,0.692,0.125,-0.826,-0.757,-0.228,0.196,-0.045,-0.085
5,A1_3,-0.503,0.315,0.481,1.0,-0.297,-0.189,-0.419,0.681,0.251,0.851,-0.475,-0.238,-0.388,-0.163,0.027,0.026
5,B1_1,0.127,-0.214,-0.377,-0.297,1.0,0.624,0.397,-0.554,-0.239,-0.086,0.425,0.519,0.76,-0.461,-0.151,-0.275
5,B1_2,0.076,-0.549,-0.358,-0.189,0.624,1.0,0.608,-0.665,-0.297,-0.043,0.68,0.81,0.443,-0.47,-0.256,-0.271
5,B1_3,0.168,-0.1,0.046,-0.419,0.397,0.608,1.0,-0.466,-0.074,-0.532,0.368,0.25,0.704,-0.204,-0.329,-0.404
5,A2_1,-0.395,0.651,0.795,0.681,-0.554,-0.665,-0.466,1.0,0.709,0.425,-0.941,-0.839,-0.517,0.234,0.028,0.089
5,A2_2,-0.204,0.238,0.692,0.251,-0.239,-0.297,-0.074,0.709,1.0,-0.079,-0.745,-0.615,-0.178,0.184,-0.277,-0.037
5,A2_3,-0.236,0.249,0.125,0.851,-0.086,-0.043,-0.532,0.425,-0.079,1.0,-0.266,0.005,-0.447,-0.407,-0.018,-0.107
5,B2_1,0.202,-0.763,-0.826,-0.475,0.425,0.68,0.368,-0.941,-0.745,-0.266,1.0,0.911,0.43,-0.158,0.097,0.087
5,B2_2,0.189,-0.805,-0.757,-0.238,0.519,0.81,0.25,-0.839,-0.615,0.005,0.911,1.0,0.316,-0.409,-0.079,-0.057
5,B2_3,0.028,-0.172,-0.228,-0.388,0.76,0.443,0.704,-0.517,-0.178,-0.447,0.43,0.316,1.0,-0.158,-0.071,-0.155
5,y1,-0.584,0.082,0.196,-0.163,-0.461,-0.47,-0.204,0.234,0.184,-0.407,-0.158,-0.409,-0.158,1.0,0.78,0.863
5,y2,-0.723,0.079,-0.045,0.027,-0.151,-0.256,-0.329,0.028,-0.277,-0.018,0.097,-0.079,-0.071,0.78,1.0,0.904
5,y3,-0.717,-0.183,-0.085,0.026,-0.275,-0.271,-0.404,0.089,-0.037,-0.107,0.087,-0.057,-0.155,0.863,0.904,1.0
6,.,1.0,-0.34,-0.292,-0.387,-0.045,0.044,-0.131,-0.234,-0.36,-0.3,0.065,-0.008,-0.1,-0.614,-0.455,-0.526
6,A1_1,-0.34,1.0,0.783,0.822,-0.481,-0.253,-0.269,0.605,0.16,0.755,-0.505,-0.304,-0.324,-0.235,-0.194,-0.126
6,A1_2,-0.292,0.783,1.0,0.697,-0.494,-0.358,-0.138,0.486,0.526,0.408,-0.718,-0.578,-0.273,-0.239,-0.281,-0.166
6,A1_3,-0.387,0.822,0.697,1.0,-0.631,-0.587,-0.527,0.747,0.363,0.871,-0.633,-0.414,-0.506,0.036,0.03,0.183
6,B1_1,-0.045,-0.481,-0.494,-0.631,1.0,0.763,0.856,-0.458,-0.028,-0.383,0.792,0.694,0.813,-0.122,-0.33,-0.376
6,B1_2,0.044,-0.253,-0.358,-0.587,0.763,1.0,0.803,-0.708,-0.423,-0.232,0.646,0.758,0.461,-0.405,-0.444,-0.387
6,B1_3,-0.131,-0.269,-0.138,-0.527,0.856,0.803,1.0,-0.487,0.064,-0.388,0.542,0.45,0.767,-0.302,-0.439,-0.507
6,A2_1,-0.234,0.605,0.486,0.747,-0.458,-0.708,-0.487,1.0,0.602,0.52,-0.61,-0.622,-0.301,0.14,0.131,0.007
6,A2_2,-0.36,0.16,0.526,0.363,-0.028,-0.423,0.064,0.602,1.0,0.018,-0.514,-0.557,0.048,0.172,-0.038,-0.06
6,A2_3,-0.3,0.755,0.408,0.871,-0.383,-0.232,-0.388,0.52,0.018,1.0,-0.294,0.034,-0.438,-0.119,-0.116,0.105
6,B2_1,0.065,-0.505,-0.718,-0.633,0.792,0.646,0.542,-0.61,-0.514,-0.294,1.0,0.851,0.736,0.027,-0.087,-0.115
6,B2_2,-0.008,-0.304,-0.578,-0.414,0.694,0.758,0.45,-0.622,-0.557,0.034,0.851,1.0,0.408,-0.103,-0.236,-0.04
6,B2_3,-0.1,-0.324,-0.273,-0.506,0.813,0.461,0.767,-0.301,0.048,-0.438,0.736,0.408,1.0,-0.027,-0.219,-0.394
6,y1,-0.614,-0.235,-0.239,0.036,-0.122,-0.405,-0.302,0.14,0.172,-0.119,0.027,-0.103,-0.027,1.0,0.916,0.874
6,y2,-0.455,-0.194,-0.281,0.03,-0.33,-0.444,-0.439,0.131,-0.038,-0.116,-0.087,-0.236,-0.219,0.916,1.0,0.866
6,y3,-0.526,-0.126,-0.166,0.183,-0.376,-0.387,-0.507,0.007,-0.06,0.105,-0.115,-0.04,-0.394,0.874,0.866,1.0
7,.,1.0,-0.244,-0.424,-0.377,0.048,0.094,0.187,-0.621,-0.459,-0.396,-0.062,0.011,0.194,-0.413,-0.723,-0.795
7,A1_1,-0.244,1.0,0.696,0.768,-0.343,-0.278,-0.059,0.405,0.155,0.599,-0.286,-0.445,-0.342,-0.166,-0.225,-0.137
7,A1_2,-0.424,0.696,1.0,0.705,-0.248,-0.47,-0.281,0.674,0.617,0.412,-0.436,-0.657,-0.254,-0.015,0.006,0.203
7,A1_3,-0.377,0.768,0.705,1.0,-0.638,-0.543,-0.452,0.728,0.324,0.849,-0.546,-0.562,-0.658,-0.105,0.031,0.073
7,B1_1,0.048,-0.343,-0.248,-0.638,1.0,0.757,0.804,-0.214,-0.018,-0.369,0.733,0.659,0.913,-0.286,-0.289,-0.228
7,B1_2,0.094,-0.278,-0.47,-0.543,0.757,1.0,0.883,-0.447,-0.114,-0.302,0.605,0.775,0.563,-0.35,-0.285,-0.273
7,B1_3,0.187,-0.059,-0.281,-0.452,0.804,0.883,1.0,-0.4,-0.15,-0.301,0.565,0.589,0.688,-0.401,-0.435,-0.478
7,A2_1,-0.621,0.405,0.674,0.728,-0.214,-0.447,-0.4,1.0,0.643,0.739,-0.35,-0.413,-0.177,0.118,0.225,0.363
7,A2_2,-0.459,0.155,0.617,0.324,-0.018,-0.114,-0.15,0.643,1.0,0.118,-0.539,-0.502,0.047,0.343,0.207,0.473
7,A2_3,-0.396,0.599,0.412,0.849,-0.369,-0.302,-0.301,0.739,0.118,1.0,-0.156,-0.125,-0.441,-0.291,-0.052,-0.022
7,B2_1,-0.062,-0.286,-0.436,-0.546,0.733,0.605,0.565,-0.35,-0.539,-0.156,1.0,0.896,0.524,-0.361,-0.088,-0.156
7,B2_2,0.011,-0.445,-0.657,-0.562,0.659,0.775,0.589,-0.413,-0.502,-0.125,0.896,1.0,0.417,-0.392,-0.096,-0.177
7,B2_3,0.194,-0.342,-0.254,-0.658,0.913,0.563,0.688,-0.177,0.047,-0.441,0.524,0.417,1.0,-0.085,-0.325,-0.258
7,y1,-0.413,-0.166,-0.015,-0.105,-0.286,-0.35,-0.401,0.118,0.343,-0.291,-0.361,-0.392,-0.085,1.0,0.78,0.771
7,y2,-0.723,-0.225,0.006,0.031,-0.289,-0.285,-0.435,0.225,0.207,-0.052,-0.088,-0.096,-0.325,0.78,1.0,0.915
7,y3,-0.795,-0.137,0.203,0.073,-0.228,-0.273,-0.478,0.363,0.473,-0.022,-0.156,-0.177,-0.258,0.771,0.915,1.0
8,.,1.0,-0.189,-0.365,-0.349,0.028,0.046,0.141,-0.318,-0.376,-0.413,0.094,0.027,-0.003,-0.763,-0.601,-0.702
8,A1_1,-0.189,1.0,0.723,0.534,-0.318,-0.076,-0.159,0.495,0.25,0.469,-0.329,-0.439,-0.359,-0.163,-0.157,-0.119
8,A1_2,-0.365,0.723,1.0,0.338,-0.087,-0.261,-0.259,0.752,0.683,0.336,-0.423,-0.496,-0.07,0.139,0.089,0.215
8,A1_3,-0.349,0.534,0.338,1.0,-0.532,-0.481,-0.434,0.514,0.283,0.882,-0.718,-0.66,-0.331,0.04,-0.096,0.029
8,B1_1,0.028,-0.318,-0.087,-0.532,1.0,0.505,0.694,-0.243,0.009,-0.367,0.673,0.674,0.927,-0.133,-0.334,-0.318
8,B1_2,0.046,-0.076,-0.261,-0.481,0.505,1.0,0.861,-0.242,-0.189,-0.242,0.809,0.856,0.193,-0.269,-0.285,-0.306
8,B1_3,0.141,-0.159,-0.259,-0.434,0.694,0.861,1.0,-0.173,-0.02,-0.35,0.645,0.758,0.515,-0.236,-0.374,-0.38
8,A2_1,-0.318,0.495,0.752,0.514,-0.243,-0.242,-0.173,1.0,0.927,0.415,-0.636,-0.431,-0.193,0.186,0.045,0.276
8,A2_2,-0.376,0.25,0.683,0.283,0.009,-0.189,-0.02,0.927,1.0,0.169,-0.514,-0.269,0.076,0.373,0.18,0.406
8,A2_3,-0.413,0.469,0.336,0.882,-0.367,-0.242,-0.35,0.415,0.169,1.0,-0.42,-0.438,-0.268,-0.103,-0.217,-0.076
8,B2_1,0.094,-0.329,-0.423,-0.718,0.673,0.809,0.645,-0.636,-0.514,-0.42,1.0,0.905,0.407,-0.232,-0.203,-0.303
8,B2_2,0.027,-0.439,-0.496,-0.66,0.674,0.856,0.758,-0.431,-0.269,-0.438,0.905,1.0,0.419,-0.099,-0.161,-0.186
8,B2_3,-0.003,-0.359,-0.07,-0.331,0.927,0.193,0.515,-0.193,0.076,-0.268,0.407,0.419,1.0,-0.032,-0.289,-0.261
8,y1,-0.763,-0.163,0.139,0.04,-0.133,-0.269,-0.236,0.186,0.373,-0.103,-0.232,-0.099,-0.032,1.0,0.922,0.952
8,y2,-0.601,-0.157,0.089,-0.096,-0.334,-0.285,-0.374,0.045,0.18,-0.217,-0.203,-0.161,-0.289,0.922,1.0,0.961
8,y3,-0.702,-0.119,0.215,0.029,-0.318,-0.306,-0.38,0.276,0.406,-0.076,-0.303,-0.186,-0.261,0.952,0.961,1.0
9,.,1.0,-0.154,-0.229,-0.287,-0.042,-0.158,-0.061,-0.363,-0.455,-0.415,0.092,-0.106,0.012,-0.593,-0.689,-0.65
9,A1_1,-0.154,1.0,0.856,0.706,-0.19,0.015,0.041,0.589,0.354,0.467,-0.311,-0.186,-0.214,-0.228,-0.175,-0.175
9,A1_2,-0.229,0.856,1.0,0.818,-0.138,-0.28,-0.14,0.739,0.576,0.402,-0.411,-0.375,-0.114,-0.113,-0.079,-0.044
9,A1_3,-0.287,0.706,0.818,1.0,-0.442,-0.359,-0.322,0.868,0.463,0.816,-0.569,-0.534,-0.224,-0.221,0.044,0.018
9,B1_1,-0.042,-0.19,-0.138,-0.442,1.0,0.459,0.721,-0.428,-0.028,-0.6,0.79,0.61,0.899,-0.099,-0.286,-0.371
9,B1_2,-0.158,0.015,-0.28,-0.359,0.459,1.0,0.794,-0.273,-0.112,-0.099,0.626,0.827,0.228,-0.227,-0.349,-0.354
9,B1_3,-0.061,0.041,-0.14,-0.322,0.721,0.794,1.0,-0.145,0.203,-0.269,0.639,0.606,0.562,-0.37,-0.495,-0.557
9,A2_1,-0.363,0.589,0.739,0.868,-0.428,-0.273,-0.145,1.0,0.788,0.691,-0.517,-0.475,-0.319,-0.189,0.073,0.08
9,A2_2,-0.455,0.354,0.576,0.463,-0.028,-0.112,0.203,0.788,1.0,0.237,-0.308,-0.304,-0.091,0.041,0.08,0.123
9,A2_3,-0.415,0.467,0.402,0.816,-0.6,-0.099,-0.269,0.691,0.237,1.0,-0.558,-0.401,-0.371,-0.127,0.192,0.144
9,B2_1,0.092,-0.311,-0.411,-0.569,0.79,0.626,0.639,-0.517,-0.308,-0.558,1.0,0.894,0.665,-0.247,-0.258,-0.361
9,B2_2,-0.106,-0.186,-0.375,-0.534,0.61,0.827,0.606,-0.475,-0.304,-0.401,0.894,1.0,0.372,-0.083,-0.151,-0.188
9,B2_3,0.012,-0.214,-0.114,-0.224,0.899,0.228,0.562,-0.319,-0.091,-0.371,0.665,0.372,1.0,-0.244,-0.278,-0.432
9,y1,-0.593,-0.228,-0.113,-0.221,-0.099,-0.227,-0.37,-0.189,0.041,-0.127,-0.247,-0.083,-0.244,1.0,0.85,0.909
9,y2,-0.689,-0.175,-0.079,0.044,-0.286,-0.349,-0.495,0.073,0.08,0.192,-0.258,-0.151,-0.278,0.85,1.0,0.964
9,y3,-0.65,-0.175,-0.044,0.018,-0.371,-0.354,-0.557,0.08,0.123,0.144,-0.361,-0.188,-0.432,0.909,0.964,1.0
10,.,1.0,-0.33,-0.414,-0.388,-0.133,-0.074,0.073,-0.477,-0.55,-0.329,-0.0,0.002,-0.029,-0.489,-0.602,-0.617
10,A1_1,-0.33,1.0,0.782,0.734,-0.359,-0.164,-0.045,0.595,0.396,0.636,-0.526,-0.327,-0.216,-0.345,-0.153,-0.21
10,A1_2,-0.414,0.782,1.0,0.605,-0.268,-0.355,-0.186,0.731,0.64,0.282,-0.656,-0.422,-0.212,-0.112,0.028,-0.129
10,A1_3,-0.388,0.734,0.605,1.0,-0.3,-0.383,-0.242,0.731,0.533,0.806,-0.268,-0.491,0.001,-0.304,-0.084,-0.008
10,B1_1,-0.133,-0.359,-0.268,-0.3,1.0,0.701,0.708,-0.264,0.16,-0.323,0.77,0.568,0.86,-0.145,-0.247,-0.2
10,B1_2,-0.074,-0.164,-0.355,-0.383,0.701,1.0,0.915,-0.235,0.018,-0.047,0.605,0.765,0.379,-0.243,-0.341,-0.265
10,B1_3,0.073,-0.045,-0.186,-0.242,0.708,0.915,1.0,-0.074,0.226,-0.043,0.47,0.555,0.485,-0.45,-0.525,-0.474
10,A2_1,-0.477,0.595,0.731,0.731,-0.264,-0.235,-0.074,1.0,0.86,0.64,-0.393,-0.313,-0.256,-0.127,0.064,0.093
10,A2_2,-0.55,0.396,0.64,0.533,0.16,0.018,0.226,0.86,1.0,0.329,-0.2,-0.255,0.131,-0.02,0.109,0.106
10,A2_3,-0.329,0.636,0.282,0.806,-0.323,-0.047,-0.043,0.64,0.329,1.0,-0.036,-0.064,-0.209,-0.375,-0.165,0.016
10,B2_1,-0.0,-0.526,-0.656,-0.268,0.77,0.605,0.47,-0.393,-0.2,-0.036,1.0,0.718,0.671,-0.172,-0.249,-0.051
10,B2_2,0.002,-0.327,-0.422,-0.491,0.568,0.765,0.555,-0.313,-0.255,-0.064,0.718,1.0,0.187,-0.207,-0.31,-0.21
10,B2_3,-0.029,-0.216,-0.212,0.001,0.86,0.379,0.485,-0.256,0.131,-0.209,0.671,0.187,1.0,-0.248,-0.293,-0.233
10,y1,-0.489,-0.345,-0.112,-0.304,-0.145,-0.243,-0.45,-0.127,-0.02,-0.375,-0.172,-0.207,-0.248,1.0,0.967,0.897
10,y2,-0.602,-0.153,0.028,-0.084,-0.247,-0.341,-0.525,0.064,0.109,-0.165,-0.249,-0.31,-0.293,0.967,1.0,0.954
10,y3,-0.617,-0.21,-0.129,-0.008,-0.2,-0.265,-0.474,0.093,0.106,0.016,-0.051,-0.21,-0.233,0.897,0.954,1.0
11,.,1.0,-0.183,-0.21,-0.202,-0.208,-0.177,-0.146,-0.248,-0.36,-0.2,-0.146,-0.185,-0.155,-0.631,-0.54,-0.566
11,A1_1,-0.183,1.0,0.75,0.688,-0.219,-0.234,-0.058,0.415,0.169,0.592,-0.434,-0.168,-0.142,-0.281,-0.191,-0.147
11,A1_2,-0.21,0.75,1.0,0.72,-0.002,-0.233,-0.139,0.752,0.612,0.427,-0.192,-0.125,-0.116,-0.195,-0.028,-0.179
11,A1_3,-0.202,0.688,0.72,1.0,-0.465,-0.526,-0.308,0.79,0.475,0.886,-0.334,-0.444,-0.278,-0.12,-0.009,-0.036
11,B1_1,-0.208,-0.219,-0.002,-0.465,1.0,0.655,0.683,-0.34,0.044,-0.476,0.643,0.64,0.825,-0.214,-0.258,-0.349
11,B1_2,-0.177,-0.234,-0.233,-0.526,0.655,1.0,0.77,-0.295,-0.063,-0.291,0.597,0.937,0.3,-0.197,-0.301,-0.382
11,B1_3,-0.146,-0.058,-0.139,-0.308,0.683,0.77,1.0,-0.269,0.091,-0.152,0.278,0.573,0.628,-0.43,-0.578,-0.503
11,A2_1,-0.248,0.415,0.752,0.79,-0.34,-0.295,-0.269,1.0,0.842,0.597,-0.168,-0.269,-0.442,0.07,0.24,0.015
11,A2_2,-0.36,0.169,0.612,0.475,0.044,-0.063,0.091,0.842,1.0,0.236,-0.067,-0.169,-0.084,0.124,0.24,0.021
11,A2_3,-0.2,0.592,0.427,0.886,-0.476,-0.291,-0.152,0.597,0.236,1.0,-0.141,-0.221,-0.266,-0.183,-0.117,-0.128
11,B2_1,-0.146,-0.434,-0.192,-0.334,0.643,0.597,0.278,-0.168,-0.067,-0.141,1.0,0.716,0.411,-0.046,0.006,-0.281
11,B2_2,-0.185,-0.168,-0.125,-0.444,0.64,0.937,0.573,-0.269,-0.169,-0.221,0.716,1.0,0.239,-0.176,-0.244,-0.368
11,B2_3,-0.155,-0.142,-0.116,-0.278,0.825,0.3,0.628,-0.442,-0.084,-0.266,0.411,0.239,1.0,-0.275,-0.354,-0.29
11,y1,-0.631,-0.281,-0.195,-0.12,-0.214,-0.197,-0.43,0.07,0.124,-0.183,-0.046,-0.176,-0.275,1.0,0.942,0.958
11,y2,-0.54,-0.191,-0.028,-0.009,-0.258,-0.301,-0.578,0.24,0.24,-0.117,0.006,-0.244,-0.354,0.942,1.0,0.878
11,y3,-0.566,-0.147,-0.179,-0.036,-0.349,-0.382,-0.503,0.015,0.021,-0.128,-0.281,-0.368,-0.29,0.958,0.878,1.0
12,.,1.0,-0.247,-0.385,-0.247,-0.171,0.01,0.01,-0.276,-0.553,-0.19,0.005,-0.038,-0.081,-0.594,-0.756,-0.659
12,A1_1,-0.247,1.0,0.834,0.678,-0.265,-0.214,-0.194,0.48,0.236,0.534,-0.408,-0.168,-0.212,-0.164,-0.093,-0.174
12,A1_2,-0.385,0.834,1.0,0.75,-0.066,-0.236,-0.064,0.687,0.6,0.401,-0.481,-0.264,-0.062,-0.191,-0.13,-0.163
12,A1_3,-0.247,0.678,0.75,1.0,-0.407,-0.49,-0.274,0.799,0.486,0.824,-0.399,-0.496,-0.224,-0.19,-0.112,-0.1
12,B1_1,-0.171,-0.265,-0.066,-0.407,1.0,0.613,0.716,-0.33,0.097,-0.334,0.685,0.613,0.854,-0.308,-0.156,-0.294
12,B1_2,0.01,-0.214,-0.236,-0.49,0.613,1.0,0.82,-0.197,0.103,-0.169,0.621,0.929,0.193,-0.331,-0.226,-0.32
12,B1_3,0.01,-0.194,-0.064,-0.274,0.716,0.82,1.0,-0.12,0.259,-0.029,0.486,0.625,0.467,-0.522,-0.36,-0.445
12,A2_1,-0.276,0.48,0.687,0.799,-0.33,-0.197,-0.12,1.0,0.818,0.569,-0.325,-0.301,-0.36,-0.154,-0.148,-0.107
12,A2_2,-0.553,0.236,0.6,0.486,0.097,0.103,0.259,0.818,1.0,0.275,-0.152,-0.082,-0.053,-0.019,0.048,0.048
12,A2_3,-0.19,0.534,0.401,0.824,-0.334,-0.169,-0.029,0.569,0.275,1.0,-0.034,-0.166,-0.202,-0.249,-0.081,-0.123
12,B2_1,0.005,-0.408,-0.481,-0.399,0.685,0.621,0.486,-0.325,-0.152,-0.034,1.0,0.715,0.59,-0.255,-0.108,-0.25
12,B2_2,-0.038,-0.168,-0.264,-0.496,0.613,0.929,0.625,-0.301,-0.082,-0.166,0.715,1.0,0.208,-0.232,-0.122,-0.239
12,B2_3,-0.081,-0.212,-0.062,-0.224,0.854,0.193,0.467,-0.36,-0.053,-0.202,0.59,0.208,1.0,-0.308,-0.156,-0.294
12,y1,-0.594,-0.164,-0.191,-0.19,-0.308,-0.331,-0.522,-0.154,-0.019,-0.249,-0.255,-0.232,-0.308,1.0,0.953,0.978
12,y2,-0.756,-0.093,-0.13,-0.112,-0.156,-0.226,-0.36,-0.148,0.048,-0.081,-0.108,-0.122,-0.156,0.953,1.0,0.972
12,y3,-0.659,-0.174,-0.163,-0.1,-0.294,-0.32,-0.445,-0.107,0.048,-0.123,-0.25,-0.239,-0.294,0.978,0.972,1.0
13,.,1.0,-0.36,-0.394,-0.306,-0.154,-0.027,0.023,-0.404,-0.557,-0.295,-0.025,-0.107,-0.089,-0.578,-0.629,-0.598
13,A1_1,-0.36,1.0,0.81,0.691,-0.219,-0.109,-0.087,0.598,0.394,0.57,-0.215,-0.067,-0.196,-0.173,-0.122,-0.289
13,A1_2,-0.394,0.81,1.0,0.73,-0.064,-0.272,-0.072,0.784,0.683,0.361,-0.327,-0.242,-0.002,-0.145,-0.111,-0.307
13,A1_3,-0.306,0.691,0.73,1.0,-0.406,-0.434,-0.188,0.808,0.509,0.851,-0.283,-0.459,-0.13,-0.223,-0.168,-0.273
13,B1_1,-0.154,-0.219,-0.064,-0.406,1.0,0.701,0.752,-0.315,0.101,-0.411,0.602,0.689,0.874,-0.244,-0.253,-0.139
13,B1_2,-0.027,-0.109,-0.272,-0.434,0.701,1.0,0.862,-0.286,0.009,-0.141,0.625,0.912,0.402,-0.331,-0.317,-0.185
13,B1_3,0.023,-0.087,-0.072,-0.188,0.752,0.862,1.0,-0.069,0.244,-0.034,0.434,0.637,0.581,-0.545,-0.559,-0.384
13,A2_1,-0.404,0.598,0.784,0.808,-0.315,-0.286,-0.069,1.0,0.868,0.602,-0.306,-0.341,-0.219,-0.091,-0.037,-0.184
13,A2_2,-0.557,0.394,0.683,0.509,0.101,0.009,0.244,0.868,1.0,0.306,-0.152,-0.092,0.075,-0.003,0.031,-0.046
13,A2_3,-0.295,0.57,0.361,0.851,-0.411,-0.141,-0.034,0.602,0.306,1.0,-0.03,-0.195,-0.189,-0.228,-0.157,-0.168
13,B2_1,-0.025,-0.215,-0.327,-0.283,0.602,0.625,0.434,-0.306,-0.152,-0.03,1.0,0.797,0.621,-0.304,-0.228,-0.182
13,B2_2,-0.107,-0.067,-0.242,-0.459,0.689,0.912,0.637,-0.341,-0.092,-0.195,0.797,1.0,0.421,-0.208,-0.159,-0.112
13,B2_3,-0.089,-0.196,-0.002,-0.13,0.874,0.402,0.581,-0.219,0.075,-0.189,0.621,0.421,1.0,-0.376,-0.374,-0.264
13,y1,-0.578,-0.173,-0.145,-0.223,-0.244,-0.331,-0.545,-0.091,-0.003,-0.228,-0.304,-0.208,-0.376,1.0,0.991,0.962
13,y2,-0.629,-0.122,-0.111,-0.168,-0.253,-0.317,-0.559,-0.037,0.031,-0.157,-0.228,-0.159,-0.374,0.991,1.0,0.951
13,y3,-0.598,-0.289,-0.307,-0.273,-0.139,-0.185,-0.384,-0.184,-0.046,-0.168,-0.182,-0.112,-0.264,0.962,0.951,1.0
14,.,1.0,-0.328,-0.34,-0.31,-0.126,-0.026,0.05,-0.422,-0.538,-0.285,-0.07,-0.065,-0.04,-0.682,-0.651,-0.641
14,A1_1,-0.328,1.0,0.777,0.589,-0.244,-0.048,-0.07,0.504,0.301,0.58,-0.246,-0.135,-0.238,-0.09,-0.114,-0.242
14,A1_2,-0.34,0.777,1.0,0.707,-0.107,-0.293,-0.117,0.743,0.608,0.386,-0.433,-0.334,-0.051,-0.053,-0.101,-0.24
14,A1_3,-0.31,0.589,0.707,1.0,-0.399,-0.472,-0.199,0.853,0.506,0.849,-0.342,-0.538,-0.072,-0.084,-0.08,-0.188
14,B1_1,-0.126,-0.244,-0.107,-0.399,1.0,0.644,0.72,-0.324,0.073,-0.437,0.642,0.691,0.849,-0.182,-0.242,-0.14
14,B1_2,-0.026,-0.048,-0.293,-0.472,0.644,1.0,0.858,-0.322,-0.001,-0.177,0.635,0.9,0.308,-0.315,-0.319,-0.208
14,B1_3,0.05,-0.07,-0.117,-0.199,0.72,0.858,1.0,-0.06,0.262,-0.034,0.547,0.681,0.549,-0.527,-0.556,-0.429
14,A2_1,-0.422,0.504,0.743,0.853,-0.324,-0.322,-0.06,1.0,0.845,0.681,-0.353,-0.401,-0.165,-0.019,-0.031,-0.101
14,A2_2,-0.538,0.301,0.608,0.506,0.073,-0.001,0.262,0.845,1.0,0.333,-0.184,-0.12,0.041,0.072,0.022,0.032
14,A2_3,-0.285,0.58,0.386,0.849,-0.437,-0.177,-0.034,0.681,0.333,1.0,-0.035,-0.259,-0.14,-0.175,-0.144,-0.2
14,B2_1,-0.07,-0.246,-0.433,-0.342,0.642,0.635,0.547,-0.353,-0.184,-0.035,1.0,0.832,0.658,-0.289,-0.287,-0.175
14,B2_2,-0.065,-0.135,-0.334,-0.538,0.691,0.9,0.681,-0.401,-0.12,-0.259,0.832,1.0,0.419,-0.257,-0.256,-0.161
14,B2_3,-0.04,-0.238,-0.051,-0.072,0.849,0.308,0.549,-0.165,0.041,-0.14,0.658,0.419,1.0,-0.319,-0.374,-0.29
14,y1,-0.682,-0.09,-0.053,-0.084,-0.182,-0.315,-0.527,-0.019,0.072,-0.175,-0.289,-0.257,-0.319,1.0,0.993,0.976
14,y2,-0.651,-0.114,-0.101,-0.08,-0.242,-0.319,-0.556,-0.031,0.022,-0.144,-0.287,-0.256,-0.374,0.993,1.0,0.979
14,y3,-0.641,-0.242,-0.24,-0.188,-0.14,-0.208,-0.429,-0.101,0.032,-0.2,-0.175,-0.161,-0.29,0.976,0.979,1.0
15,.,1.0,-0.427,-0.314,-0.299,-0.134,-0.164,-0.011,-0.371,-0.469,-0.374,-0.096,-0.146,-0.003,-0.614,-0.556,-0.615
15,A1_1,-0.427,1.0,0.765,0.62,-0.218,-0.035,-0.124,0.539,0.344,0.611,-0.159,-0.064,-0.232,-0.066,-0.129,-0.172
15,A1_2,-0.314,0.765,1.0,0.708,-0.079,-0.286,-0.146,0.755,0.628,0.398,-0.391,-0.322,-0.038,-0.097,-0.134,-0.216
15,A1_3,-0.299,0.62,0.708,1.0,-0.391,-0.399,-0.178,0.877,0.556,0.869,-0.245,-0.458,-0.081,-0.127,-0.186,-0.197
15,B1_1,-0.134,-0.218,-0.079,-0.391,1.0,0.635,0.726,-0.314,0.08,-0.395,0.569,0.674,0.851,-0.246,-0.261,-0.189
15,B1_2,-0.164,-0.035,-0.286,-0.399,0.635,1.0,0.839,-0.279,0.083,-0.133,0.594,0.903,0.317,-0.3,-0.31,-0.197
15,B1_3,-0.011,-0.124,-0.146,-0.178,0.726,0.839,1.0,-0.112,0.273,-0.065,0.46,0.646,0.59,-0.51,-0.552,-0.424
15,A2_1,-0.371,0.539,0.755,0.877,-0.314,-0.279,-0.112,1.0,0.84,0.706,-0.246,-0.35,-0.151,-0.073,-0.094,-0.116
15,A2_2,-0.469,0.344,0.628,0.556,0.08,0.083,0.273,0.84,1.0,0.389,-0.146,-0.084,0.051,-0.035,-0.057,-0.036
15,A2_3,-0.374,0.611,0.398,0.869,-0.395,-0.133,-0.065,0.706,0.389,1.0,0.092,-0.159,-0.106,-0.136,-0.199,-0.157
15,B2_1,-0.096,-0.159,-0.391,-0.245,0.569,0.594,0.46,-0.246,-0.146,0.092,1.0,0.82,0.606,-0.334,-0.315,-0.227
15,B2_2,-0.146,-0.064,-0.322,-0.458,0.674,0.903,0.646,-0.35,-0.084,-0.159,0.82,1.0,0.415,-0.294,-0.272,-0.19
15,B2_3,-0.003,-0.232,-0.038,-0.081,0.851,0.317,0.59,-0.151,0.051,-0.106,0.606,0.415,1.0,-0.394,-0.425,-0.353
15,y1,-0.614,-0.066,-0.097,-0.127,-0.246,-0.3,-0.51,-0.073,-0.035,-0.136,-0.334,-0.294,-0.394,1.0,0.99,0.986
15,y2,-0.556,-0.129,-0.134,-0.186,-0.261,-0.31,-0.552,-0.094,-0.057,-0.199,-0.315,-0.272,-0.425,0.99,1.0,0.984
15,y3,-0.615,-0.172,-0.216,-0.197,-0.189,-0.197,-0.424,-0.116,-0.036,-0.157,-0.227,-0.19,-0.353,0.986,0.984,1.0
16,.,1.0,-0.369,-0.304,-0.293,-0.202,-0.153,-0.072,-0.407,-0.496,-0.34,-0.126,-0.154,-0.088,-0.543,-0.521,-0.543
16,A1_1,-0.369,1.0,0.73,0.608,-0.186,0.017,-0.085,0.514,0.334,0.612,-0.088,-0.012,-0.216,-0.204,-0.181,-0.237
16,A1_2,-0.304,0.73,1.0,0.733,-0.071,-0.229,-0.091,0.744,0.64,0.366,-0.412,-0.306,-0.038,-0.193,-0.211,-0.272
16,A1_3,-0.293,0.608,0.733,1.0,-0.395,-0.372,-0.162,0.871,0.539,0.838,-0.272,-0.459,-0.088,-0.238,-0.228,-0.253
16,B1_1,-0.202,-0.186,-0.071,-0.395,1.0,0.638,0.732,-0.321,0.088,-0.415,0.565,0.699,0.843,-0.195,-0.252,-0.203
16,B1_2,-0.153,0.017,-0.229,-0.372,0.638,1.0,0.853,-0.243,0.106,-0.111,0.614,0.904,0.315,-0.286,-0.319,-0.243
16,B1_3,-0.072,-0.085,-0.091,-0.162,0.732,0.853,1.0,-0.11,0.264,-0.056,0.476,0.671,0.586,-0.464,-0.522,-0.434
16,A2_1,-0.407,0.514,0.744,0.871,-0.321,-0.243,-0.11,1.0,0.834,0.673,-0.252,-0.336,-0.153,-0.093,-0.097,-0.12
16,A2_2,-0.496,0.334,0.64,0.539,0.088,0.106,0.264,0.834,1.0,0.327,-0.151,-0.058,0.06,-0.024,-0.066,-0.062
16,A2_3,-0.34,0.612,0.366,0.838,-0.415,-0.111,-0.056,0.673,0.327,1.0,0.095,-0.162,-0.127,-0.238,-0.203,-0.2
16,B2_1,-0.126,-0.088,-0.412,-0.272,0.565,0.614,0.476,-0.252,-0.151,0.095,1.0,0.838,0.595,-0.309,-0.296,-0.247
16,B2_2,-0.154,-0.012,-0.306,-0.459,0.699,0.904,0.671,-0.336,-0.058,-0.162,0.838,1.0,0.439,-0.259,-0.271,-0.217
16,B2_3,-0.088,-0.216,-0.038,-0.088,0.843,0.315,0.586,-0.153,0.06,-0.127,0.595,0.439,1.0,-0.376,-0.416,-0.374
16,y1,-0.543,-0.204,-0.193,-0.238,-0.195,-0.286,-0.464,-0.093,-0.024,-0.238,-0.309,-0.259,-0.376,1.0,0.996,0.994
16,y2,-0.521,-0.181,-0.211,-0.228,-0.252,-0.319,-0.522,-0.097,-0.066,-0.203,-0.296,-0.271,-0.416,0.996,1.0,0.993
16,y3,-0.543,-0.237,-0.272,-0.253,-0.203,-0.243,-0.434,-0.12,-0.062,-0.2,-0.247,-0.217,-0.374,0.994,0.993,1.0
17,.,1.0,-0.352,-0.334,-0.247,-0.195,-0.169,-0.062,-0.424,-0.529,-0.321,-0.136,-0.202,-0.078,-0.545,-0.57,-0.536
17,A1_1,-0.352,1.0,0.719,0.602,-0.199,-0.008,-0.049,0.503,0.339,0.607,-0.117,-0.023,-0.227,-0.204,-0.158,-0.23
17,A1_2,-0.334,0.719,1.0,0.742,-0.056,-0.229,-0.085,0.766,0.66,0.357,-0.381,-0.275,0.012,-0.206,-0.194,-0.243
17,A1_3,-0.247,0.602,0.742,1.0,-0.386,-0.363,-0.129,0.879,0.568,0.791,-0.311,-0.46,-0.083,-0.262,-0.239,-0.253
17,B1_1,-0.195,-0.199,-0.056,-0.386,1.0,0.654,0.74,-0.317,0.071,-0.407,0.569,0.719,0.843,-0.203,-0.229,-0.227
17,B1_2,-0.169,-0.008,-0.229,-0.363,0.654,1.0,0.857,-0.215,0.138,-0.15,0.607,0.907,0.319,-0.266,-0.278,-0.27
17,B1_3,-0.062,-0.049,-0.085,-0.129,0.74,0.857,1.0,-0.093,0.263,-0.073,0.472,0.684,0.573,-0.457,-0.483,-0.462
17,A2_1,-0.424,0.503,0.766,0.879,-0.317,-0.215,-0.093,1.0,0.845,0.657,-0.286,-0.332,-0.137,-0.112,-0.089,-0.11
17,A2_2,-0.529,0.339,0.66,0.568,0.071,0.138,0.263,0.845,1.0,0.358,-0.161,-0.044,0.068,-0.055,-0.047,-0.072
17,A2_3,-0.321,0.607,0.357,0.791,-0.407,-0.15,-0.073,0.657,0.358,1.0,0.128,-0.156,-0.106,-0.222,-0.163,-0.193
17,B2_1,-0.136,-0.117,-0.381,-0.311,0.569,0.607,0.472,-0.286,-0.161,0.128,1.0,0.831,0.6,-0.299,-0.268,-0.277
17,B2_2,-0.202,-0.023,-0.275,-0.46,0.719,0.907,0.684,-0.332,-0.044,-0.156,0.831,1.0,0.457,-0.239,-0.233,-0.24
17,B2_3,-0.078,-0.227,0.012,-0.083,0.843,0.319,0.573,-0.137,0.068,-0.106,0.6,0.457,1.0,-0.381,-0.392,-0.386
17,y1,-0.545,-0.204,-0.206,-0.262,-0.203,-0.266,-0.457,-0.112,-0.055,-0.222,-0.299,-0.239,-0.381,1.0,0.996,0.997
17,y2,-0.57,-0.158,-0.194,-0.239,-0.229,-0.278,-0.483,-0.089,-0.047,-0.163,-0.268,-0.233,-0.392,0.996,1.0,0.995
17,y3,-0.536,-0.23,-0.243,-0.253,-0.227,-0.27,-0.462,-0.11,-0.072,-0.193,-0.277,-0.24,-0.386,0.997,0.995,1.0
18,.,1.0,-0.348,-0.319,-0.253,-0.195,-0.138,-0.037,-0.413,-0.507,-0.309,-0.105,-0.162,-0.089,-0.565,-0.583,-0.571
18,A1_1,-0.348,1.0,0.73,0.61,-0.18,0.013,-0.032,0.525,0.36,0.626,-0.092,0.004,-0.203,-0.214,-0.177,-0.22
18,A1_2,-0.319,0.73,1.0,0.743,-0.06,-0.234,-0.077,0.766,0.658,0.383,-0.388,-0.279,0.011,-0.207,-0.205,-0.21
18,A1_3,-0.253,0.61,0.743,1.0,-0.373,-0.372,-0.124,0.874,0.565,0.82,-0.281,-0.446,-0.061,-0.253,-0.245,-0.227
18,B1_1,-0.195,-0.18,-0.06,-0.373,1.0,0.651,0.741,-0.309,0.071,-0.401,0.557,0.702,0.854,-0.218,-0.226,-0.233
18,B1_2,-0.138,0.013,-0.234,-0.372,0.651,1.0,0.857,-0.22,0.127,-0.157,0.606,0.899,0.333,-0.293,-0.283,-0.299
18,B1_3,-0.037,-0.032,-0.077,-0.124,0.741,0.857,1.0,-0.085,0.271,-0.067,0.482,0.678,0.595,-0.508,-0.513,-0.511
18,A2_1,-0.413,0.525,0.766,0.874,-0.309,-0.22,-0.085,1.0,0.84,0.678,-0.256,-0.311,-0.121,-0.114,-0.112,-0.095
18,A2_2,-0.507,0.36,0.658,0.565,0.071,0.127,0.271,0.84,1.0,0.365,-0.163,-0.053,0.078,-0.07,-0.078,-0.069
18,A2_3,-0.309,0.626,0.383,0.82,-0.401,-0.157,-0.067,0.678,0.365,1.0,0.123,-0.151,-0.105,-0.217,-0.184,-0.19
18,B2_1,-0.105,-0.092,-0.388,-0.281,0.557,0.606,0.482,-0.256,-0.163,0.123,1.0,0.838,0.59,-0.302,-0.276,-0.298
18,B2_2,-0.162,0.004,-0.279,-0.446,0.702,0.899,0.678,-0.311,-0.053,-0.151,0.838,1.0,0.459,-0.263,-0.244,-0.27
18,B2_3,-0.089,-0.203,0.011,-0.061,0.854,0.333,0.595,-0.121,0.078,-0.105,0.59,0.459,1.0,-0.382,-0.39,-0.383
18,y1,-0.565,-0.214,-0.207,-0.253,-0.218,-0.293,-0.508,-0.114,-0.07,-0.217,-0.302,-0.263,-0.382,1.0,0.998,0.999
18,y2,-0.583,-0.177,-0.205,-0.245,-0.226,-0.283,-0.513,-0.112,-0.078,-0.184,-0.276,-0.244,-0.39,0.998,1.0,0.997
18,y3,-0.571,-0.22,-0.21,-0.227,-0.233,-0.299,-0.511,-0.095,-0.069,-0.19,-0.298,-0.27,-0.383,0.999,0.997,1.0
19,.,1.0,-0.357,-0.312,-0.262,-0.187,-0.127,-0.02,-0.414,-0.515,-0.305,-0.096,-0.158,-0.073,-0.571,-0.584,-0.576
19,A1_1,-0.357,1.0,0.715,0.607,-0.185,0.022,-0.04,0.521,0.345,0.625,-0.098,0.003,-0.204,-0.198,-0.169,-0.206
19,A1_2,-0.312,0.715,1.0,0.743,-0.06,-0.229,-0.078,0.765,0.652,0.366,-0.398,-0.286,0.014,-0.202,-0.195,-0.201
19,A1_3,-0.262,0.607,0.743,1.0,-0.353,-0.36,-0.119,0.874,0.564,0.821,-0.258,-0.436,-0.032,-0.253,-0.243,-0.228
19,B1_1,-0.187,-0.185,-0.06,-0.353,1.0,0.644,0.742,-0.294,0.081,-0.402,0.558,0.705,0.851,-0.224,-0.227,-0.237
19,B1_2,-0.127,0.022,-0.229,-0.36,0.644,1.0,0.854,-0.209,0.129,-0.141,0.607,0.901,0.327,-0.311,-0.308,-0.32
19,B1_3,-0.02,-0.04,-0.078,-0.119,0.742,0.854,1.0,-0.084,0.269,-0.063,0.485,0.679,0.597,-0.524,-0.526,-0.528
19,A2_1,-0.414,0.521,0.765,0.874,-0.294,-0.209,-0.084,1.0,0.836,0.677,-0.231,-0.302,-0.097,-0.118,-0.116,-0.097
19,A2_2,-0.515,0.345,0.652,0.564,0.081,0.129,0.269,0.836,1.0,0.355,-0.157,-0.056,0.087,-0.055,-0.061,-0.05
19,A2_3,-0.305,0.625,0.366,0.821,-0.402,-0.141,-0.063,0.677,0.355,1.0,0.123,-0.152,-0.105,-0.215,-0.193,-0.193
19,B2_1,-0.096,-0.098,-0.398,-0.258,0.558,0.607,0.485,-0.231,-0.157,0.123,1.0,0.834,0.596,-0.305,-0.296,-0.303
19,B2_2,-0.158,0.003,-0.286,-0.436,0.705,0.901,0.679,-0.302,-0.056,-0.152,0.834,1.0,0.461,-0.263,-0.256,-0.272
19,B2_3,-0.073,-0.204,0.014,-0.032,0.851,0.327,0.597,-0.097,0.087,-0.105,0.596,0.461,1.0,-0.395,-0.399,-0.395
19,y1,-0.571,-0.198,-0.202,-0.253,-0.224,-0.311,-0.524,-0.118,-0.055,-0.215,-0.305,-0.263,-0.395,1.0,0.999,0.999
19,y2,-0.584,-0.169,-0.195,-0.243,-0.227,-0.308,-0.526,-0.116,-0.061,-0.193,-0.296,-0.256,-0.399,0.999,1.0,0.998
19,y3,-0.576,-0.206,-0.201,-0.228,-0.237,-0.32,-0.528,-0.097,-0.05,-0.193,-0.303,-0.272,-0.395,0.999,0.998,1.0
20,.,1.0,-0.362,-0.315,-0.267,-0.189,-0.131,-0.027,-0.42,-0.521,-0.315,-0.104,-0.165,-0.077,-0.561,-0.57,-0.57
20,A1_1,-0.362,1.0,0.711,0.601,-0.187,0.019,-0.041,0.516,0.339,0.623,-0.094,0.005,-0.206,-0.196,-0.171,-0.203
20,A1_2,-0.315,0.711,1.0,0.74,-0.065,-0.231,-0.083,0.761,0.645,0.36,-0.403,-0.286,0.01,-0.2,-0.198,-0.197
20,A1_3,-0.267,0.601,0.74,1.0,-0.352,-0.36,-0.113,0.871,0.563,0.818,-0.253,-0.432,-0.028,-0.256,-0.252,-0.23
20,B1_1,-0.189,-0.187,-0.065,-0.352,1.0,0.652,0.742,-0.295,0.077,-0.401,0.55,0.706,0.849,-0.224,-0.229,-0.234
20,B1_2,-0.131,0.019,-0.231,-0.36,0.652,1.0,0.859,-0.212,0.128,-0.146,0.603,0.9,0.334,-0.312,-0.306,-0.319
20,B1_3,-0.027,-0.041,-0.083,-0.113,0.742,0.859,1.0,-0.082,0.269,-0.057,0.489,0.682,0.598,-0.527,-0.529,-0.529
20,A2_1,-0.42,0.516,0.761,0.871,-0.295,-0.212,-0.082,1.0,0.835,0.673,-0.22,-0.295,-0.093,-0.119,-0.121,-0.093
20,A2_2,-0.521,0.339,0.645,0.563,0.077,0.128,0.269,0.835,1.0,0.351,-0.157,-0.056,0.084,-0.051,-0.06,-0.039
20,A2_3,-0.315,0.623,0.36,0.818,-0.401,-0.146,-0.057,0.673,0.351,1.0,0.132,-0.149,-0.102,-0.212,-0.194,-0.188
20,B2_1,-0.104,-0.094,-0.403,-0.253,0.55,0.603,0.489,-0.22,-0.157,0.132,1.0,0.832,0.594,-0.305,-0.295,-0.3
20,B2_2,-0.165,0.005,-0.286,-0.432,0.706,0.9,0.682,-0.295,-0.056,-0.149,0.832,1.0,0.465,-0.265,-0.255,-0.272
20,B2_3,-0.077,-0.206,0.01,-0.028,0.849,0.334,0.598,-0.093,0.084,-0.102,0.594,0.465,1.0,-0.399,-0.406,-0.394
20,y1,-0.561,-0.196,-0.2,-0.256,-0.224,-0.312,-0.527,-0.119,-0.051,-0.212,-0.305,-0.265,-0.399,1.0,0.999,0.999
20,y2,-0.57,-0.171,-0.198,-0.252,-0.229,-0.306,-0.529,-0.121,-0.06,-0.194,-0.295,-0.255,-0.406,0.999,1.0,0.998
20,y3,-0.57,-0.203,-0.197,-0.23,-0.234,-0.319,-0.529,-0.093,-0.039,-0.188,-0.3,-0.272,-0.394,0.999,0.998,1.0
