,,.,A1_1,A1_2,A1_3,B1_1,B1_2,B1_3,A2_1,A2_2,A2_3,B2_1,B2_2,B2_3,y1,y2,y3
0,.,1.0,0.711,0.787,0.816,0.849,0.817,0.829,0.795,0.779,0.735,0.818,0.773,0.831,0.862,0.869,0.881
0,A1_1,0.711,1.0,0.818,0.818,0.874,0.855,0.856,0.858,0.898,0.809,0.888,0.894,0.887,0.722,0.766,0.748
0,A1_2,0.787,0.818,1.0,0.916,0.777,0.808,0.804,0.892,0.93,0.917,0.824,0.824,0.862,0.669,0.764,0.77
0,A1_3,0.816,0.818,0.916,1.0,0.806,0.833,0.87,0.913,0.931,0.91,0.845,0.795,0.879,0.726,0.794,0.781
0,B1_1,0.849,0.874,0.777,0.806,1.0,0.912,0.923,0.861,0.84,0.746,0.935,0.909,0.922,0.847,0.857,0.823
0,B1_2,0.817,0.855,0.808,0.833,0.912,1.0,0.915,0.866,0.862,0.794,0.931,0.883,0.901,0.747,0.772,0.707
0,B1_3,0.829,0.856,0.804,0.87,0.923,0.915,1.0,0.899,0.882,0.806,0.935,0.879,0.908,0.808,0.795,0.791
0,A2_1,0.795,0.858,0.892,0.913,0.861,0.866,0.899,1.0,0.949,0.903,0.892,0.855,0.896,0.746,0.751,0.792
0,A2_2,0.779,0.898,0.93,0.931,0.84,0.862,0.882,0.949,1.0,0.942,0.891,0.864,0.893,0.726,0.784,0.793
0,A2_3,0.735,0.809,0.917,0.91,0.746,0.794,0.806,0.903,0.942,1.0,0.815,0.795,0.851,0.662,0.726,0.723
0,B2_1,0.818,0.888,0.824,0.845,0.935,0.931,0.935,0.892,0.891,0.815,1.0,0.932,0.961,0.75,0.78,0.777
0,B2_2,0.773,0.894,0.824,0.795,0.909,0.883,0.879,0.855,0.864,0.795,0.932,1.0,0.933,0.732,0.771,0.755
0,B2_3,0.831,0.887,0.862,0.879,0.922,0.901,0.908,0.896,0.893,0.851,0.961,0.933,1.0,0.763,0.809,0.809
0,y1,0.862,0.722,0.669,0.726,0.847,0.747,0.808,0.746,0.726,0.662,0.75,0.732,0.763,1.0,0.914,0.895
0,y2,0.869,0.766,0.764,0.794,0.857,0.772,0.795,0.751,0.784,0.726,0.78,0.771,0.809,0.914,1.0,0.918
0,y3,0.881,0.748,0.77,0.781,0.823,0.707,0.791,0.792,0.793,0.723,0.777,0.755,0.809,0.895,0.918,1.0
1,.,1.0,0.624,0.733,0.735,0.763,0.758,0.755,0.743,0.695,0.662,0.709,0.736,0.76,0.778,0.823,0.819
1,A1_1,0.624,1.0,0.752,0.683,0.793,0.788,0.78,0.689,0.916,0.826,0.769,0.848,0.829,0.652,0.709,0.707
1,A1_2,0.733,0.752,1.0,0.793,0.666,0.666,0.663,0.727,0.817,0.867,0.707,0.677,0.758,0.589,0.739,0.662
1,A1_3,0.735,0.683,0.793,1.0,0.66,0.741,0.741,0.9,0.774,0.821,0.769,0.679,0.815,0.556,0.655,0.63
1,B1_1,0.763,0.793,0.666,0.66,1.0,0.864,0.908,0.73,0.801,0.634,0.806,0.907,0.876,0.785,0.846,0.799
1,B1_2,0.758,0.788,0.666,0.741,0.864,1.0,0.872,0.811,0.797,0.696,0.857,0.876,0.871,0.734,0.729,0.647
1,B1_3,0.755,0.78,0.663,0.741,0.908,0.872,1.0,0.764,0.809,0.684,0.868,0.864,0.889,0.747,0.755,0.706
1,A2_1,0.743,0.689,0.727,0.9,0.73,0.811,0.764,1.0,0.79,0.777,0.779,0.747,0.825,0.62,0.643,0.682
1,A2_2,0.695,0.916,0.817,0.774,0.801,0.797,0.809,0.79,1.0,0.895,0.837,0.839,0.868,0.631,0.73,0.736
1,A2_3,0.662,0.826,0.867,0.821,0.634,0.696,0.684,0.777,0.895,1.0,0.725,0.679,0.776,0.586,0.673,0.652
1,B2_1,0.709,0.769,0.707,0.769,0.806,0.857,0.868,0.779,0.837,0.725,1.0,0.835,0.93,0.609,0.665,0.663
1,B2_2,0.736,0.848,0.677,0.679,0.907,0.876,0.864,0.747,0.839,0.679,0.835,1.0,0.908,0.739,0.774,0.765
1,B2_3,0.76,0.829,0.758,0.815,0.876,0.871,0.889,0.825,0.868,0.776,0.93,0.908,1.0,0.686,0.776,0.769
1,y1,0.778,0.652,0.589,0.556,0.785,0.734,0.747,0.62,0.631,0.586,0.609,0.739,0.686,1.0,0.819,0.808
1,y2,0.823,0.709,0.739,0.655,0.846,0.729,0.755,0.643,0.73,0.673,0.665,0.774,0.776,0.819,1.0,0.859
1,y3,0.819,0.707,0.662,0.63,0.799,0.647,0.706,0.682,0.736,0.652,0.663,0.765,0.769,0.808,0.859,1.0
2,.,1.0,0.604,0.719,0.716,0.77,0.763,0.724,0.731,0.699,0.676,0.733,0.764,0.771,0.805,0.832,0.843
2,A1_1,0.604,1.0,0.739,0.709,0.766,0.796,0.757,0.72,0.854,0.708,0.834,0.84,0.841,0.598,0.669,0.591
2,A1_2,0.719,0.739,1.0,0.823,0.71,0.734,0.715,0.794,0.848,0.81,0.788,0.738,0.786,0.619,0.714,0.645
2,A1_3,0.716,0.709,0.823,1.0,0.698,0.753,0.754,0.863,0.857,0.876,0.778,0.691,0.794,0.633,0.712,0.679
2,B1_1,0.77,0.766,0.71,0.698,1.0,0.854,0.872,0.764,0.817,0.638,0.839,0.865,0.867,0.733,0.776,0.72
2,B1_2,0.763,0.796,0.734,0.753,0.854,1.0,0.898,0.828,0.859,0.775,0.907,0.866,0.9,0.703,0.709,0.625
2,B1_3,0.724,0.757,0.715,0.754,0.872,0.898,1.0,0.785,0.858,0.756,0.868,0.807,0.855,0.685,0.678,0.624
2,A2_1,0.731,0.72,0.794,0.863,0.764,0.828,0.785,1.0,0.901,0.893,0.845,0.763,0.843,0.641,0.666,0.695
2,A2_2,0.699,0.854,0.848,0.857,0.817,0.859,0.858,0.901,1.0,0.885,0.908,0.803,0.888,0.585,0.679,0.641
2,A2_3,0.676,0.708,0.81,0.876,0.638,0.775,0.756,0.893,0.885,1.0,0.79,0.707,0.812,0.545,0.627,0.602
2,B2_1,0.733,0.834,0.788,0.778,0.839,0.907,0.868,0.845,0.908,0.79,1.0,0.853,0.942,0.643,0.685,0.688
2,B2_2,0.764,0.84,0.738,0.691,0.865,0.866,0.807,0.763,0.803,0.707,0.853,1.0,0.898,0.752,0.774,0.735
2,B2_3,0.771,0.841,0.786,0.794,0.867,0.9,0.855,0.843,0.888,0.812,0.942,0.898,1.0,0.683,0.774,0.756
2,y1,0.805,0.598,0.619,0.633,0.733,0.703,0.685,0.641,0.585,0.545,0.643,0.752,0.683,1.0,0.832,0.809
2,y2,0.832,0.669,0.714,0.712,0.776,0.709,0.678,0.666,0.679,0.627,0.685,0.774,0.774,0.832,1.0,0.85
2,y3,0.843,0.591,0.645,0.679,0.72,0.625,0.624,0.695,0.641,0.602,0.688,0.735,0.756,0.809,0.85,1.0
3,.,1.0,0.473,0.636,0.619,0.671,0.644,0.59,0.553,0.517,0.582,0.559,0.681,0.626,0.826,0.838,0.836
3,A1_1,0.473,1.0,0.747,0.764,0.756,0.819,0.796,0.779,0.882,0.808,0.86,0.864,0.886,0.46,0.505,0.46
3,A1_2,0.636,0.747,1.0,0.823,0.734,0.732,0.738,0.765,0.831,0.826,0.783,0.791,0.781,0.539,0.652,0.569
3,A1_3,0.619,0.764,0.823,1.0,0.688,0.753,0.791,0.84,0.851,0.877,0.791,0.767,0.797,0.578,0.64,0.606
3,B1_1,0.671,0.756,0.734,0.688,1.0,0.867,0.862,0.762,0.797,0.725,0.822,0.873,0.865,0.626,0.672,0.606
3,B1_2,0.644,0.819,0.732,0.753,0.867,1.0,0.901,0.831,0.852,0.824,0.906,0.898,0.909,0.608,0.605,0.52
3,B1_3,0.59,0.796,0.738,0.791,0.862,0.901,1.0,0.811,0.871,0.843,0.883,0.86,0.88,0.585,0.573,0.521
3,A2_1,0.553,0.779,0.765,0.84,0.762,0.831,0.811,1.0,0.915,0.902,0.871,0.79,0.834,0.495,0.522,0.541
3,A2_2,0.517,0.882,0.831,0.851,0.797,0.852,0.871,0.915,1.0,0.932,0.918,0.844,0.893,0.428,0.503,0.463
3,A2_3,0.582,0.808,0.826,0.877,0.725,0.824,0.843,0.902,0.932,1.0,0.855,0.832,0.859,0.475,0.548,0.51
3,B2_1,0.559,0.86,0.783,0.791,0.822,0.906,0.883,0.871,0.918,0.855,1.0,0.876,0.94,0.501,0.54,0.531
3,B2_2,0.681,0.864,0.791,0.767,0.873,0.898,0.86,0.79,0.844,0.832,0.876,1.0,0.936,0.634,0.68,0.636
3,B2_3,0.626,0.886,0.781,0.797,0.865,0.909,0.88,0.834,0.893,0.859,0.94,0.936,1.0,0.551,0.656,0.612
3,y1,0.826,0.46,0.539,0.578,0.626,0.608,0.585,0.495,0.428,0.475,0.501,0.634,0.551,1.0,0.811,0.78
3,y2,0.838,0.505,0.652,0.64,0.672,0.605,0.573,0.522,0.503,0.548,0.54,0.68,0.656,0.811,1.0,0.84
3,y3,0.836,0.46,0.569,0.606,0.606,0.52,0.521,0.541,0.463,0.51,0.531,0.636,0.612,0.78,0.84,1.0
4,.,1.0,0.118,0.169,0.184,0.248,0.269,0.141,0.176,0.137,0.157,0.166,0.246,0.2,0.903,0.9,0.865
4,A1_1,0.118,1.0,0.841,0.818,0.816,0.86,0.854,0.848,0.904,0.874,0.872,0.903,0.904,0.127,0.112,0.092
4,A1_2,0.169,0.841,1.0,0.897,0.831,0.829,0.855,0.854,0.911,0.896,0.891,0.904,0.886,0.133,0.21,0.129
4,A1_3,0.184,0.818,0.897,1.0,0.815,0.855,0.886,0.897,0.921,0.929,0.907,0.901,0.897,0.134,0.219,0.119
4,B1_1,0.248,0.816,0.831,0.815,1.0,0.893,0.925,0.865,0.864,0.841,0.887,0.894,0.89,0.218,0.258,0.162
4,B1_2,0.269,0.86,0.829,0.855,0.893,1.0,0.904,0.869,0.885,0.872,0.907,0.912,0.911,0.262,0.27,0.138
4,B1_3,0.141,0.854,0.855,0.886,0.925,0.904,1.0,0.894,0.919,0.903,0.924,0.92,0.923,0.127,0.142,0.063
4,A2_1,0.176,0.848,0.854,0.897,0.865,0.869,0.894,1.0,0.948,0.94,0.914,0.901,0.905,0.145,0.172,0.128
4,A2_2,0.137,0.904,0.911,0.921,0.864,0.885,0.919,0.948,1.0,0.972,0.947,0.934,0.936,0.098,0.131,0.068
4,A2_3,0.157,0.874,0.896,0.929,0.841,0.872,0.903,0.94,0.972,1.0,0.927,0.927,0.923,0.119,0.159,0.092
4,B2_1,0.166,0.872,0.891,0.907,0.887,0.907,0.924,0.914,0.947,0.927,1.0,0.933,0.964,0.128,0.178,0.116
4,B2_2,0.246,0.903,0.904,0.901,0.894,0.912,0.92,0.901,0.934,0.927,0.933,1.0,0.958,0.195,0.241,0.189
4,B2_3,0.2,0.904,0.886,0.897,0.89,0.911,0.923,0.905,0.936,0.923,0.964,0.958,1.0,0.163,0.233,0.169
4,y1,0.903,0.127,0.133,0.134,0.218,0.262,0.127,0.145,0.098,0.119,0.128,0.195,0.163,1.0,0.861,0.809
4,y2,0.9,0.112,0.21,0.219,0.258,0.27,0.142,0.172,0.131,0.159,0.178,0.241,0.233,0.861,1.0,0.857
4,y3,0.865,0.092,0.129,0.119,0.162,0.138,0.063,0.128,0.068,0.092,0.116,0.189,0.169,0.809,0.857,1.0
5,.,1.0,0.037,0.033,0.006,0.091,0.142,0.025,0.079,0.048,0.078,0.091,0.14,0.117,0.915,0.897,0.884
5,A1_1,0.037,1.0,0.859,0.857,0.845,0.879,0.877,0.849,0.907,0.877,0.882,0.898,0.909,0.005,-0.001,0.019
5,A1_2,0.033,0.859,1.0,0.915,0.846,0.845,0.863,0.856,0.93,0.906,0.897,0.908,0.876,-0.014,0.04,0.009
5,A1_3,0.006,0.857,0.915,1.0,0.846,0.87,0.904,0.892,0.943,0.94,0.923,0.926,0.91,-0.039,0.026,-0.022
5,B1_1,0.091,0.845,0.846,0.846,1.0,0.922,0.945,0.864,0.885,0.87,0.919,0.896,0.905,0.037,0.054,0.014
5,B1_2,0.142,0.879,0.845,0.87,0.922,1.0,0.927,0.87,0.9,0.891,0.931,0.922,0.927,0.098,0.097,0.035
5,B1_3,0.025,0.877,0.863,0.904,0.945,0.927,1.0,0.875,0.92,0.903,0.934,0.925,0.927,-0.016,-0.012,-0.034
5,A2_1,0.079,0.849,0.856,0.892,0.864,0.87,0.875,1.0,0.948,0.943,0.909,0.898,0.881,0.015,0.033,0.037
5,A2_2,0.048,0.907,0.93,0.943,0.885,0.9,0.92,0.948,1.0,0.972,0.943,0.939,0.92,-0.024,0.013,-0.008
5,A2_3,0.078,0.877,0.906,0.94,0.87,0.891,0.903,0.943,0.972,1.0,0.927,0.941,0.917,0.013,0.051,0.031
5,B2_1,0.091,0.882,0.897,0.923,0.919,0.931,0.934,0.909,0.943,0.927,1.0,0.943,0.962,0.032,0.065,0.053
5,B2_2,0.14,0.898,0.908,0.926,0.896,0.922,0.925,0.898,0.939,0.941,0.943,1.0,0.961,0.07,0.112,0.109
5,B2_3,0.117,0.909,0.876,0.91,0.905,0.927,0.927,0.881,0.92,0.917,0.962,0.961,1.0,0.065,0.119,0.101
5,y1,0.915,0.005,-0.014,-0.039,0.037,0.098,-0.016,0.015,-0.024,0.013,0.032,0.07,0.065,1.0,0.89,0.848
5,y2,0.897,-0.001,0.04,0.026,0.054,0.097,-0.012,0.033,0.013,0.051,0.065,0.112,0.119,0.89,1.0,0.883
5,y3,0.884,0.019,0.009,-0.022,0.014,0.035,-0.034,0.037,-0.008,0.031,0.053,0.109,0.101,0.848,0.883,1.0
6,.,1.0,-0.106,-0.129,-0.158,-0.076,-0.006,-0.114,-0.072,-0.081,-0.068,-0.039,-0.033,-0.038,0.915,0.897,0.891
6,A1_1,-0.106,1.0,0.891,0.869,0.854,0.88,0.907,0.86,0.914,0.888,0.893,0.905,0.911,-0.13,-0.134,-0.127
6,A1_2,-0.129,0.891,1.0,0.927,0.836,0.846,0.869,0.881,0.943,0.923,0.896,0.91,0.875,-0.17,-0.128,-0.155
6,A1_3,-0.158,0.869,0.927,1.0,0.824,0.855,0.893,0.895,0.94,0.942,0.915,0.931,0.902,-0.186,-0.139,-0.176
6,B1_1,-0.076,0.854,0.836,0.824,1.0,0.93,0.942,0.851,0.885,0.863,0.927,0.905,0.921,-0.125,-0.111,-0.147
6,B1_2,-0.006,0.88,0.846,0.855,0.93,1.0,0.927,0.869,0.904,0.895,0.937,0.928,0.933,-0.052,-0.051,-0.11
6,B1_3,-0.114,0.907,0.869,0.893,0.942,0.927,1.0,0.872,0.922,0.897,0.939,0.945,0.947,-0.15,-0.149,-0.168
6,A2_1,-0.072,0.86,0.881,0.895,0.851,0.869,0.872,1.0,0.957,0.949,0.91,0.903,0.88,-0.143,-0.12,-0.122
6,A2_2,-0.081,0.914,0.943,0.94,0.885,0.904,0.922,0.957,1.0,0.976,0.945,0.944,0.92,-0.153,-0.119,-0.139
6,A2_3,-0.068,0.888,0.923,0.942,0.863,0.895,0.897,0.949,0.976,1.0,0.925,0.94,0.91,-0.124,-0.094,-0.116
6,B2_1,-0.039,0.893,0.896,0.915,0.927,0.937,0.939,0.91,0.945,0.925,1.0,0.95,0.968,-0.097,-0.062,-0.086
6,B2_2,-0.033,0.905,0.91,0.931,0.905,0.928,0.945,0.903,0.944,0.94,0.95,1.0,0.965,-0.093,-0.049,-0.064
6,B2_3,-0.038,0.911,0.875,0.902,0.921,0.933,0.947,0.88,0.92,0.91,0.968,0.965,1.0,-0.075,-0.033,-0.065
6,y1,0.915,-0.13,-0.17,-0.186,-0.125,-0.052,-0.15,-0.143,-0.153,-0.124,-0.097,-0.093,-0.075,1.0,0.915,0.884
6,y2,0.897,-0.134,-0.128,-0.139,-0.111,-0.051,-0.149,-0.12,-0.119,-0.094,-0.062,-0.049,-0.033,0.915,1.0,0.902
6,y3,0.891,-0.127,-0.155,-0.176,-0.147,-0.11,-0.168,-0.122,-0.139,-0.116,-0.086,-0.064,-0.065,0.884,0.902,1.0
7,.,1.0,-0.136,-0.153,-0.235,-0.113,-0.044,-0.135,-0.125,-0.138,-0.122,-0.083,-0.081,-0.092,0.868,0.846,0.853
7,A1_1,-0.136,1.0,0.876,0.867,0.831,0.868,0.886,0.873,0.922,0.896,0.894,0.897,0.9,-0.164,-0.175,-0.16
7,A1_2,-0.153,0.876,1.0,0.91,0.749,0.785,0.799,0.877,0.934,0.914,0.84,0.852,0.807,-0.191,-0.156,-0.183
7,A1_3,-0.235,0.867,0.91,1.0,0.745,0.802,0.845,0.88,0.93,0.935,0.863,0.888,0.846,-0.238,-0.203,-0.24
7,B1_1,-0.113,0.831,0.749,0.745,1.0,0.927,0.938,0.792,0.833,0.801,0.921,0.905,0.92,-0.162,-0.165,-0.185
7,B1_2,-0.044,0.868,0.785,0.802,0.927,1.0,0.923,0.838,0.873,0.859,0.941,0.926,0.932,-0.096,-0.106,-0.155
7,B1_3,-0.135,0.886,0.799,0.845,0.938,0.923,1.0,0.834,0.892,0.86,0.939,0.951,0.95,-0.16,-0.175,-0.184
7,A2_1,-0.125,0.873,0.877,0.88,0.792,0.838,0.834,1.0,0.953,0.947,0.873,0.863,0.836,-0.196,-0.188,-0.179
7,A2_2,-0.138,0.922,0.934,0.93,0.833,0.873,0.892,0.953,1.0,0.973,0.92,0.915,0.886,-0.207,-0.19,-0.197
7,A2_3,-0.122,0.896,0.914,0.935,0.801,0.859,0.86,0.947,0.973,1.0,0.891,0.903,0.866,-0.169,-0.157,-0.169
7,B2_1,-0.083,0.894,0.84,0.863,0.921,0.941,0.939,0.873,0.92,0.891,1.0,0.948,0.969,-0.142,-0.117,-0.134
7,B2_2,-0.081,0.897,0.852,0.888,0.905,0.926,0.951,0.863,0.915,0.903,0.948,1.0,0.961,-0.132,-0.104,-0.112
7,B2_3,-0.092,0.9,0.807,0.846,0.92,0.932,0.95,0.836,0.886,0.866,0.969,0.961,1.0,-0.12,-0.091,-0.119
7,y1,0.868,-0.164,-0.191,-0.238,-0.162,-0.096,-0.16,-0.196,-0.207,-0.169,-0.142,-0.132,-0.12,1.0,0.916,0.886
7,y2,0.846,-0.175,-0.156,-0.203,-0.165,-0.106,-0.175,-0.188,-0.19,-0.157,-0.117,-0.104,-0.091,0.916,1.0,0.889
7,y3,0.853,-0.16,-0.183,-0.24,-0.185,-0.155,-0.184,-0.179,-0.197,-0.169,-0.134,-0.112,-0.119,0.886,0.889,1.0
8,.,1.0,-0.217,-0.239,-0.297,-0.18,-0.12,-0.207,-0.212,-0.211,-0.2,-0.158,-0.196,-0.159,0.831,0.815,0.822
8,A1_1,-0.217,1.0,0.899,0.881,0.815,0.862,0.873,0.897,0.931,0.914,0.889,0.898,0.873,-0.214,-0.24,-0.239
8,A1_2,-0.239,0.899,1.0,0.925,0.702,0.755,0.775,0.905,0.947,0.927,0.796,0.817,0.75,-0.237,-0.246,-0.253
8,A1_3,-0.297,0.881,0.925,1.0,0.708,0.775,0.81,0.904,0.936,0.946,0.822,0.847,0.784,-0.273,-0.266,-0.292
8,B1_1,-0.18,0.815,0.702,0.708,1.0,0.938,0.953,0.756,0.787,0.752,0.935,0.927,0.938,-0.214,-0.226,-0.256
8,B1_2,-0.12,0.862,0.755,0.775,0.938,1.0,0.941,0.814,0.844,0.827,0.951,0.939,0.942,-0.165,-0.184,-0.232
8,B1_3,-0.207,0.873,0.775,0.81,0.953,0.941,1.0,0.821,0.86,0.832,0.958,0.966,0.959,-0.221,-0.244,-0.265
8,A2_1,-0.212,0.897,0.905,0.904,0.756,0.814,0.821,1.0,0.965,0.958,0.836,0.846,0.792,-0.263,-0.282,-0.264
8,A2_2,-0.211,0.931,0.947,0.936,0.787,0.844,0.86,0.965,1.0,0.978,0.874,0.884,0.83,-0.26,-0.271,-0.266
8,A2_3,-0.2,0.914,0.927,0.946,0.752,0.827,0.832,0.958,0.978,1.0,0.845,0.863,0.806,-0.226,-0.246,-0.243
8,B2_1,-0.158,0.889,0.796,0.822,0.935,0.951,0.958,0.836,0.874,0.845,1.0,0.966,0.978,-0.188,-0.179,-0.211
8,B2_2,-0.196,0.898,0.817,0.847,0.927,0.939,0.966,0.846,0.884,0.863,0.966,1.0,0.974,-0.216,-0.205,-0.227
8,B2_3,-0.159,0.873,0.75,0.784,0.938,0.942,0.959,0.792,0.83,0.806,0.978,0.974,1.0,-0.17,-0.161,-0.198
8,y1,0.831,-0.214,-0.237,-0.273,-0.214,-0.165,-0.221,-0.263,-0.26,-0.226,-0.188,-0.216,-0.17,1.0,0.942,0.914
8,y2,0.815,-0.24,-0.246,-0.266,-0.226,-0.184,-0.244,-0.282,-0.271,-0.246,-0.179,-0.205,-0.161,0.942,1.0,0.922
8,y3,0.822,-0.239,-0.253,-0.292,-0.256,-0.232,-0.265,-0.264,-0.266,-0.243,-0.211,-0.227,-0.198,0.914,0.922,1.0
9,.,1.0,-0.203,-0.215,-0.29,-0.142,-0.088,-0.177,-0.193,-0.202,-0.18,-0.129,-0.147,-0.127,0.711,0.681,0.718
9,A1_1,-0.203,1.0,0.882,0.862,0.739,0.804,0.812,0.888,0.923,0.908,0.824,0.831,0.79,-0.228,-0.244,-0.245
9,A1_2,-0.215,0.882,1.0,0.914,0.563,0.648,0.652,0.908,0.948,0.925,0.668,0.691,0.614,-0.239,-0.243,-0.254
9,A1_3,-0.29,0.862,0.914,1.0,0.584,0.681,0.702,0.894,0.925,0.934,0.705,0.732,0.653,-0.263,-0.247,-0.285
9,B1_1,-0.142,0.739,0.563,0.584,1.0,0.931,0.951,0.635,0.661,0.626,0.935,0.925,0.942,-0.213,-0.203,-0.229
9,B1_2,-0.088,0.804,0.648,0.681,0.931,1.0,0.937,0.717,0.743,0.727,0.947,0.938,0.937,-0.174,-0.176,-0.221
9,B1_3,-0.177,0.812,0.652,0.702,0.951,0.937,1.0,0.718,0.756,0.726,0.961,0.964,0.959,-0.216,-0.22,-0.242
9,A2_1,-0.193,0.888,0.908,0.894,0.635,0.717,0.718,1.0,0.96,0.958,0.721,0.741,0.669,-0.263,-0.276,-0.258
9,A2_2,-0.202,0.923,0.948,0.925,0.661,0.743,0.756,0.96,1.0,0.977,0.76,0.778,0.704,-0.274,-0.279,-0.273
9,A2_3,-0.18,0.908,0.925,0.934,0.626,0.727,0.726,0.958,0.977,1.0,0.729,0.753,0.675,-0.235,-0.254,-0.248
9,B2_1,-0.129,0.824,0.668,0.705,0.935,0.947,0.961,0.721,0.76,0.729,1.0,0.967,0.98,-0.186,-0.156,-0.192
9,B2_2,-0.147,0.831,0.691,0.732,0.925,0.938,0.964,0.741,0.778,0.753,0.967,1.0,0.974,-0.208,-0.176,-0.199
9,B2_3,-0.127,0.79,0.614,0.653,0.942,0.937,0.959,0.669,0.704,0.675,0.98,0.974,1.0,-0.168,-0.137,-0.176
9,y1,0.711,-0.228,-0.239,-0.263,-0.213,-0.174,-0.216,-0.263,-0.274,-0.235,-0.186,-0.208,-0.168,1.0,0.937,0.915
9,y2,0.681,-0.244,-0.243,-0.247,-0.203,-0.176,-0.22,-0.276,-0.279,-0.254,-0.156,-0.176,-0.137,0.937,1.0,0.918
9,y3,0.718,-0.245,-0.254,-0.285,-0.229,-0.221,-0.242,-0.258,-0.273,-0.248,-0.192,-0.199,-0.176,0.915,0.918,1.0
10,.,1.0,-0.222,-0.229,-0.311,-0.143,-0.117,-0.18,-0.205,-0.217,-0.184,-0.147,-0.153,-0.131,0.565,0.523,0.575
10,A1_1,-0.222,1.0,0.879,0.866,0.66,0.761,0.732,0.879,0.916,0.904,0.743,0.737,0.687,-0.246,-0.269,-0.286
10,A1_2,-0.229,0.879,1.0,0.918,0.442,0.56,0.523,0.93,0.954,0.936,0.541,0.542,0.47,-0.24,-0.254,-0.28
10,A1_3,-0.311,0.866,0.918,1.0,0.491,0.615,0.594,0.9,0.924,0.934,0.6,0.6,0.528,-0.255,-0.241,-0.294
10,B1_1,-0.143,0.66,0.442,0.491,1.0,0.932,0.961,0.483,0.543,0.511,0.946,0.948,0.952,-0.239,-0.22,-0.247
10,B1_2,-0.117,0.761,0.56,0.615,0.932,1.0,0.946,0.595,0.653,0.639,0.952,0.946,0.935,-0.21,-0.205,-0.251
10,B1_3,-0.18,0.732,0.523,0.594,0.961,0.946,1.0,0.568,0.63,0.601,0.968,0.972,0.96,-0.229,-0.224,-0.252
10,A2_1,-0.205,0.879,0.93,0.9,0.483,0.595,0.568,1.0,0.967,0.964,0.56,0.569,0.491,-0.259,-0.286,-0.277
10,A2_2,-0.217,0.916,0.954,0.924,0.543,0.653,0.63,0.967,1.0,0.977,0.633,0.635,0.56,-0.295,-0.305,-0.317
10,A2_3,-0.184,0.904,0.936,0.934,0.511,0.639,0.601,0.964,0.977,1.0,0.602,0.607,0.529,-0.248,-0.274,-0.284
10,B2_1,-0.147,0.743,0.541,0.6,0.946,0.952,0.968,0.56,0.633,0.602,1.0,0.974,0.983,-0.197,-0.163,-0.202
10,B2_2,-0.153,0.737,0.542,0.6,0.948,0.946,0.972,0.569,0.635,0.607,0.974,1.0,0.981,-0.227,-0.195,-0.226
10,B2_3,-0.131,0.687,0.47,0.528,0.952,0.935,0.96,0.491,0.56,0.529,0.983,0.981,1.0,-0.186,-0.148,-0.185
10,y1,0.565,-0.246,-0.24,-0.255,-0.239,-0.21,-0.229,-0.259,-0.295,-0.248,-0.197,-0.227,-0.186,1.0,0.937,0.923
10,y2,0.523,-0.269,-0.254,-0.241,-0.22,-0.205,-0.224,-0.286,-0.305,-0.274,-0.163,-0.195,-0.148,0.937,1.0,0.923
10,y3,0.575,-0.286,-0.28,-0.294,-0.247,-0.251,-0.252,-0.277,-0.317,-0.284,-0.202,-0.226,-0.185,0.923,0.923,1.0
11,.,1.0,-0.215,-0.205,-0.287,-0.122,-0.127,-0.155,-0.191,-0.204,-0.177,-0.12,-0.136,-0.111,0.437,0.394,0.449
11,A1_1,-0.215,1.0,0.871,0.868,0.592,0.728,0.67,0.862,0.906,0.898,0.67,0.664,0.615,-0.266,-0.286,-0.305
11,A1_2,-0.205,0.871,1.0,0.929,0.317,0.479,0.408,0.942,0.96,0.948,0.413,0.41,0.347,-0.249,-0.265,-0.289
11,A1_3,-0.287,0.868,0.929,1.0,0.378,0.542,0.481,0.92,0.936,0.945,0.478,0.471,0.411,-0.261,-0.248,-0.29
11,B1_1,-0.122,0.592,0.317,0.378,1.0,0.929,0.969,0.347,0.43,0.389,0.958,0.96,0.961,-0.252,-0.222,-0.251
11,B1_2,-0.127,0.728,0.479,0.542,0.929,1.0,0.95,0.497,0.578,0.554,0.953,0.949,0.934,-0.244,-0.229,-0.276
11,B1_3,-0.155,0.67,0.408,0.481,0.969,0.95,1.0,0.442,0.525,0.488,0.971,0.974,0.962,-0.243,-0.224,-0.255
11,A2_1,-0.191,0.862,0.942,0.92,0.347,0.497,0.442,1.0,0.968,0.968,0.421,0.426,0.355,-0.255,-0.28,-0.275
11,A2_2,-0.204,0.906,0.96,0.936,0.43,0.578,0.525,0.968,1.0,0.98,0.518,0.515,0.448,-0.302,-0.308,-0.325
11,A2_3,-0.177,0.898,0.948,0.945,0.389,0.554,0.488,0.968,0.98,1.0,0.476,0.476,0.406,-0.259,-0.286,-0.298
11,B2_1,-0.12,0.67,0.413,0.478,0.958,0.953,0.971,0.421,0.518,0.476,1.0,0.979,0.985,-0.218,-0.176,-0.213
11,B2_2,-0.136,0.664,0.41,0.471,0.96,0.949,0.974,0.426,0.515,0.476,0.979,1.0,0.985,-0.255,-0.212,-0.245
11,B2_3,-0.111,0.615,0.347,0.411,0.961,0.934,0.962,0.355,0.448,0.406,0.985,0.985,1.0,-0.207,-0.158,-0.194
11,y1,0.437,-0.266,-0.249,-0.261,-0.252,-0.244,-0.243,-0.255,-0.302,-0.259,-0.218,-0.255,-0.207,1.0,0.942,0.93
11,y2,0.394,-0.286,-0.265,-0.248,-0.222,-0.229,-0.224,-0.28,-0.308,-0.286,-0.176,-0.212,-0.158,0.942,1.0,0.932
11,y3,0.449,-0.305,-0.289,-0.29,-0.251,-0.276,-0.255,-0.275,-0.325,-0.298,-0.213,-0.245,-0.194,0.93,0.932,1.0
12,.,1.0,-0.168,-0.147,-0.213,-0.043,-0.031,-0.074,-0.15,-0.169,-0.146,-0.026,-0.04,-0.052,0.236,0.198,0.261
12,A1_1,-0.168,1.0,0.856,0.814,0.483,0.639,0.576,0.827,0.882,0.878,0.567,0.557,0.527,-0.277,-0.282,-0.307
12,A1_2,-0.147,0.856,1.0,0.928,0.164,0.339,0.269,0.941,0.958,0.951,0.269,0.263,0.221,-0.238,-0.239,-0.267
12,A1_3,-0.213,0.814,0.928,1.0,0.164,0.344,0.278,0.933,0.933,0.951,0.274,0.268,0.227,-0.193,-0.167,-0.204
12,B1_1,-0.043,0.483,0.164,0.164,1.0,0.931,0.965,0.177,0.283,0.245,0.963,0.955,0.964,-0.22,-0.158,-0.204
12,B1_2,-0.031,0.639,0.339,0.344,0.931,1.0,0.949,0.339,0.448,0.427,0.955,0.949,0.941,-0.221,-0.17,-0.234
12,B1_3,-0.074,0.576,0.269,0.278,0.965,0.949,1.0,0.287,0.389,0.356,0.971,0.968,0.959,-0.207,-0.16,-0.201
12,A2_1,-0.15,0.827,0.941,0.933,0.177,0.339,0.287,1.0,0.966,0.966,0.265,0.269,0.213,-0.237,-0.241,-0.248
12,A2_2,-0.169,0.882,0.958,0.933,0.283,0.448,0.389,0.966,1.0,0.979,0.384,0.376,0.331,-0.291,-0.268,-0.302
12,A2_3,-0.146,0.878,0.951,0.951,0.245,0.427,0.356,0.966,0.979,1.0,0.346,0.344,0.295,-0.244,-0.241,-0.266
12,B2_1,-0.026,0.567,0.269,0.274,0.963,0.955,0.971,0.265,0.384,0.346,1.0,0.977,0.983,-0.199,-0.133,-0.178
12,B2_2,-0.04,0.557,0.263,0.268,0.955,0.949,0.968,0.269,0.376,0.344,0.977,1.0,0.984,-0.23,-0.156,-0.197
12,B2_3,-0.052,0.527,0.221,0.227,0.964,0.941,0.959,0.213,0.331,0.295,0.983,0.984,1.0,-0.194,-0.114,-0.16
12,y1,0.236,-0.277,-0.238,-0.193,-0.22,-0.221,-0.207,-0.237,-0.291,-0.244,-0.199,-0.23,-0.194,1.0,0.942,0.929
12,y2,0.198,-0.282,-0.239,-0.167,-0.158,-0.17,-0.16,-0.241,-0.268,-0.241,-0.133,-0.156,-0.114,0.942,1.0,0.928
12,y3,0.261,-0.307,-0.267,-0.204,-0.204,-0.234,-0.201,-0.248,-0.302,-0.266,-0.178,-0.197,-0.16,0.929,0.928,1.0
13,.,1.0,-0.149,-0.115,-0.179,0.002,0.011,-0.026,-0.123,-0.131,-0.11,0.021,0.032,-0.003,0.061,0.027,0.086
13,A1_1,-0.149,1.0,0.837,0.799,0.378,0.558,0.477,0.806,0.865,0.856,0.448,0.439,0.418,-0.264,-0.275,-0.3
13,A1_2,-0.115,0.837,1.0,0.937,0.009,0.198,0.111,0.948,0.962,0.956,0.092,0.089,0.06,-0.198,-0.209,-0.231
13,A1_3,-0.179,0.799,0.937,1.0,0.01,0.197,0.119,0.94,0.939,0.957,0.096,0.092,0.064,-0.151,-0.142,-0.169
13,B1_1,0.002,0.378,0.009,0.01,1.0,0.932,0.971,0.016,0.114,0.071,0.967,0.96,0.967,-0.175,-0.105,-0.158
13,B1_2,0.011,0.558,0.198,0.197,0.932,1.0,0.947,0.191,0.295,0.266,0.952,0.946,0.94,-0.209,-0.151,-0.218
13,B1_3,-0.026,0.477,0.111,0.119,0.971,0.947,1.0,0.124,0.219,0.18,0.97,0.965,0.962,-0.178,-0.121,-0.171
13,A2_1,-0.123,0.806,0.948,0.94,0.016,0.191,0.124,1.0,0.968,0.969,0.086,0.097,0.053,-0.192,-0.209,-0.207
13,A2_2,-0.131,0.865,0.962,0.939,0.114,0.295,0.219,0.968,1.0,0.979,0.196,0.194,0.16,-0.248,-0.239,-0.263
13,A2_3,-0.11,0.856,0.956,0.957,0.071,0.266,0.18,0.969,0.979,1.0,0.152,0.155,0.117,-0.202,-0.214,-0.229
13,B2_1,0.021,0.448,0.092,0.096,0.967,0.952,0.97,0.086,0.196,0.152,1.0,0.976,0.986,-0.155,-0.081,-0.13
13,B2_2,0.032,0.439,0.089,0.092,0.96,0.946,0.965,0.097,0.194,0.155,0.976,1.0,0.984,-0.192,-0.111,-0.156
13,B2_3,-0.003,0.418,0.06,0.064,0.967,0.94,0.962,0.053,0.16,0.117,0.986,0.984,1.0,-0.154,-0.068,-0.118
13,y1,0.061,-0.264,-0.198,-0.151,-0.175,-0.209,-0.178,-0.192,-0.248,-0.202,-0.155,-0.192,-0.154,1.0,0.95,0.937
13,y2,0.027,-0.275,-0.209,-0.142,-0.105,-0.151,-0.121,-0.209,-0.239,-0.214,-0.081,-0.111,-0.068,0.95,1.0,0.938
13,y3,0.086,-0.3,-0.231,-0.169,-0.158,-0.218,-0.171,-0.207,-0.263,-0.229,-0.13,-0.156,-0.118,0.937,0.938,1.0
14,.,1.0,-0.143,-0.105,-0.175,-0.001,0.014,-0.022,-0.123,-0.12,-0.11,0.03,0.057,0.008,-0.048,-0.07,-0.022
14,A1_1,-0.143,1.0,0.842,0.79,0.312,0.487,0.418,0.789,0.856,0.846,0.369,0.354,0.334,-0.265,-0.288,-0.304
14,A1_2,-0.105,0.842,1.0,0.937,-0.061,0.116,0.046,0.942,0.964,0.958,0.007,-0.002,-0.03,-0.205,-0.226,-0.235
14,A1_3,-0.175,0.79,0.937,1.0,-0.088,0.088,0.02,0.942,0.942,0.959,-0.02,-0.028,-0.054,-0.137,-0.142,-0.156
14,B1_1,-0.001,0.312,-0.061,-0.088,1.0,0.931,0.973,-0.077,0.022,-0.023,0.966,0.952,0.966,-0.161,-0.09,-0.149
14,B1_2,0.014,0.487,0.116,0.088,0.931,1.0,0.945,0.084,0.191,0.16,0.948,0.94,0.936,-0.205,-0.144,-0.217
14,B1_3,-0.022,0.418,0.046,0.02,0.973,0.945,1.0,0.031,0.131,0.087,0.968,0.956,0.959,-0.177,-0.118,-0.172
14,A2_1,-0.123,0.789,0.942,0.942,-0.077,0.084,0.031,1.0,0.966,0.969,-0.023,-0.014,-0.058,-0.169,-0.195,-0.181
14,A2_2,-0.12,0.856,0.964,0.942,0.022,0.191,0.131,0.966,1.0,0.981,0.09,0.083,0.053,-0.224,-0.226,-0.236
14,A2_3,-0.11,0.846,0.958,0.959,-0.023,0.16,0.087,0.969,0.981,1.0,0.042,0.042,0.006,-0.188,-0.208,-0.213
14,B2_1,0.03,0.369,0.007,-0.02,0.966,0.948,0.968,-0.023,0.09,0.042,1.0,0.971,0.985,-0.145,-0.071,-0.123
14,B2_2,0.057,0.354,-0.002,-0.028,0.952,0.94,0.956,-0.014,0.083,0.042,0.971,1.0,0.979,-0.189,-0.106,-0.154
14,B2_3,0.008,0.334,-0.03,-0.054,0.966,0.936,0.959,-0.058,0.053,0.006,0.985,0.979,1.0,-0.138,-0.05,-0.103
14,y1,-0.048,-0.265,-0.205,-0.137,-0.161,-0.205,-0.177,-0.169,-0.224,-0.188,-0.145,-0.189,-0.138,1.0,0.952,0.942
14,y2,-0.07,-0.288,-0.226,-0.142,-0.09,-0.144,-0.118,-0.195,-0.226,-0.208,-0.071,-0.106,-0.05,0.952,1.0,0.941
14,y3,-0.022,-0.304,-0.235,-0.156,-0.149,-0.217,-0.172,-0.181,-0.236,-0.213,-0.123,-0.154,-0.103,0.942,0.941,1.0
15,.,1.0,-0.115,-0.081,-0.144,0.03,0.046,0.02,-0.104,-0.095,-0.092,0.067,0.102,0.045,-0.157,-0.172,-0.137
15,A1_1,-0.115,1.0,0.842,0.787,0.226,0.406,0.34,0.783,0.852,0.835,0.275,0.256,0.239,-0.239,-0.268,-0.272
15,A1_2,-0.081,0.842,1.0,0.94,-0.149,0.023,-0.04,0.944,0.967,0.958,-0.092,-0.105,-0.13,-0.174,-0.2,-0.196
15,A1_3,-0.144,0.787,0.94,1.0,-0.195,-0.022,-0.085,0.947,0.944,0.962,-0.138,-0.148,-0.175,-0.106,-0.125,-0.122
15,B1_1,0.03,0.226,-0.149,-0.195,1.0,0.932,0.972,-0.185,-0.079,-0.131,0.967,0.951,0.97,-0.125,-0.052,-0.115
15,B1_2,0.046,0.406,0.023,-0.022,0.932,1.0,0.942,-0.026,0.088,0.047,0.945,0.936,0.934,-0.176,-0.113,-0.185
15,B1_3,0.02,0.34,-0.04,-0.085,0.972,0.942,1.0,-0.073,0.032,-0.019,0.966,0.949,0.957,-0.152,-0.091,-0.145
15,A2_1,-0.104,0.783,0.944,0.947,-0.185,-0.026,-0.073,1.0,0.963,0.969,-0.14,-0.135,-0.178,-0.126,-0.165,-0.141
15,A2_2,-0.095,0.852,0.967,0.944,-0.079,0.088,0.032,0.963,1.0,0.981,-0.022,-0.034,-0.06,-0.175,-0.187,-0.183
15,A2_3,-0.092,0.835,0.958,0.962,-0.131,0.047,-0.019,0.969,0.981,1.0,-0.076,-0.08,-0.113,-0.139,-0.168,-0.157
15,B2_1,0.067,0.275,-0.092,-0.138,0.967,0.945,0.966,-0.14,-0.022,-0.076,1.0,0.967,0.985,-0.109,-0.035,-0.087
15,B2_2,0.102,0.256,-0.105,-0.148,0.951,0.936,0.949,-0.135,-0.034,-0.08,0.967,1.0,0.975,-0.167,-0.082,-0.133
15,B2_3,0.045,0.239,-0.13,-0.175,0.97,0.934,0.957,-0.178,-0.06,-0.113,0.985,0.975,1.0,-0.105,-0.015,-0.069
15,y1,-0.157,-0.239,-0.174,-0.106,-0.125,-0.176,-0.152,-0.126,-0.175,-0.139,-0.109,-0.167,-0.105,1.0,0.955,0.948
15,y2,-0.172,-0.268,-0.2,-0.125,-0.052,-0.113,-0.091,-0.165,-0.187,-0.168,-0.035,-0.082,-0.015,0.955,1.0,0.948
15,y3,-0.137,-0.272,-0.196,-0.122,-0.115,-0.185,-0.145,-0.141,-0.183,-0.157,-0.087,-0.133,-0.069,0.948,0.948,1.0
16,.,1.0,-0.13,-0.087,-0.135,0.035,0.033,0.007,-0.093,-0.1,-0.085,0.06,0.082,0.047,-0.139,-0.159,-0.124
16,A1_1,-0.13,1.0,0.846,0.797,0.24,0.425,0.359,0.796,0.862,0.845,0.302,0.277,0.267,-0.271,-0.298,-0.302
16,A1_2,-0.087,0.846,1.0,0.947,-0.129,0.049,-0.017,0.951,0.969,0.964,-0.063,-0.083,-0.1,-0.197,-0.222,-0.223
16,A1_3,-0.135,0.797,0.947,1.0,-0.164,0.014,-0.051,0.949,0.947,0.967,-0.096,-0.112,-0.133,-0.146,-0.157,-0.16
16,B1_1,0.035,0.24,-0.129,-0.164,1.0,0.933,0.972,-0.159,-0.051,-0.109,0.968,0.956,0.973,-0.156,-0.098,-0.151
16,B1_2,0.033,0.425,0.049,0.014,0.933,1.0,0.947,0.007,0.122,0.078,0.947,0.937,0.938,-0.205,-0.158,-0.217
16,B1_3,0.007,0.359,-0.017,-0.051,0.972,0.947,1.0,-0.042,0.065,0.009,0.969,0.957,0.962,-0.187,-0.141,-0.189
16,A2_1,-0.093,0.796,0.951,0.949,-0.159,0.007,-0.042,1.0,0.966,0.969,-0.102,-0.104,-0.14,-0.163,-0.194,-0.176
16,A2_2,-0.1,0.862,0.969,0.947,-0.051,0.122,0.065,0.966,1.0,0.98,0.018,-0.001,-0.021,-0.215,-0.224,-0.227
16,A2_3,-0.085,0.845,0.964,0.967,-0.109,0.078,0.009,0.969,0.98,1.0,-0.042,-0.053,-0.08,-0.186,-0.209,-0.206
16,B2_1,0.06,0.302,-0.063,-0.096,0.968,0.947,0.969,-0.102,0.018,-0.042,1.0,0.97,0.986,-0.147,-0.087,-0.132
16,B2_2,0.082,0.277,-0.083,-0.112,0.956,0.937,0.957,-0.104,-0.001,-0.053,0.97,1.0,0.977,-0.189,-0.12,-0.164
16,B2_3,0.047,0.267,-0.1,-0.133,0.973,0.938,0.962,-0.14,-0.021,-0.08,0.986,0.977,1.0,-0.145,-0.073,-0.12
16,y1,-0.139,-0.271,-0.197,-0.146,-0.156,-0.205,-0.187,-0.163,-0.215,-0.186,-0.147,-0.189,-0.145,1.0,0.96,0.952
16,y2,-0.159,-0.298,-0.222,-0.157,-0.098,-0.158,-0.141,-0.194,-0.224,-0.209,-0.087,-0.12,-0.073,0.96,1.0,0.953
16,y3,-0.124,-0.302,-0.223,-0.16,-0.151,-0.217,-0.189,-0.176,-0.227,-0.206,-0.132,-0.164,-0.12,0.952,0.953,1.0
17,.,1.0,-0.146,-0.112,-0.15,0.004,-0.011,-0.018,-0.102,-0.117,-0.101,0.027,0.046,0.013,-0.14,-0.164,-0.135
17,A1_1,-0.146,1.0,0.847,0.806,0.226,0.436,0.334,0.801,0.858,0.851,0.281,0.263,0.242,-0.28,-0.311,-0.317
17,A1_2,-0.112,0.847,1.0,0.953,-0.146,0.056,-0.045,0.957,0.972,0.969,-0.09,-0.102,-0.129,-0.205,-0.233,-0.239
17,A1_3,-0.15,0.806,0.953,1.0,-0.174,0.028,-0.072,0.955,0.954,0.971,-0.116,-0.126,-0.154,-0.158,-0.173,-0.181
17,B1_1,0.004,0.226,-0.146,-0.174,1.0,0.934,0.978,-0.179,-0.081,-0.13,0.972,0.968,0.976,-0.182,-0.132,-0.177
17,B1_2,-0.011,0.436,0.056,0.028,0.934,1.0,0.95,0.011,0.115,0.081,0.946,0.937,0.936,-0.22,-0.182,-0.232
17,B1_3,-0.018,0.334,-0.045,-0.072,0.978,0.95,1.0,-0.075,0.022,-0.024,0.973,0.965,0.965,-0.206,-0.165,-0.205
17,A2_1,-0.102,0.801,0.957,0.955,-0.179,0.011,-0.075,1.0,0.971,0.971,-0.13,-0.128,-0.17,-0.175,-0.209,-0.197
17,A2_2,-0.117,0.858,0.972,0.954,-0.081,0.115,0.022,0.971,1.0,0.981,-0.023,-0.032,-0.063,-0.222,-0.236,-0.243
17,A2_3,-0.101,0.851,0.969,0.971,-0.13,0.081,-0.024,0.971,0.981,1.0,-0.074,-0.078,-0.113,-0.196,-0.224,-0.227
17,B2_1,0.027,0.281,-0.09,-0.116,0.972,0.946,0.973,-0.13,-0.023,-0.074,1.0,0.975,0.986,-0.171,-0.118,-0.157
17,B2_2,0.046,0.263,-0.102,-0.126,0.968,0.937,0.965,-0.128,-0.032,-0.078,0.975,1.0,0.981,-0.209,-0.149,-0.188
17,B2_3,0.013,0.242,-0.129,-0.154,0.976,0.936,0.965,-0.17,-0.063,-0.113,0.986,0.981,1.0,-0.165,-0.101,-0.141
17,y1,-0.14,-0.28,-0.205,-0.158,-0.182,-0.22,-0.206,-0.175,-0.222,-0.196,-0.171,-0.209,-0.165,1.0,0.965,0.958
17,y2,-0.164,-0.311,-0.233,-0.173,-0.132,-0.182,-0.165,-0.209,-0.236,-0.224,-0.118,-0.149,-0.101,0.965,1.0,0.96
17,y3,-0.135,-0.317,-0.239,-0.181,-0.177,-0.232,-0.205,-0.197,-0.243,-0.227,-0.157,-0.188,-0.141,0.958,0.96,1.0
18,.,1.0,-0.168,-0.127,-0.178,-0.021,-0.035,-0.052,-0.121,-0.13,-0.113,-0.005,0.02,-0.014,-0.095,-0.12,-0.089
18,A1_1,-0.168,1.0,0.857,0.826,0.259,0.468,0.36,0.821,0.872,0.863,0.313,0.306,0.276,-0.314,-0.351,-0.349
18,A1_2,-0.127,0.857,1.0,0.954,-0.104,0.106,-0.008,0.959,0.972,0.97,-0.05,-0.052,-0.086,-0.237,-0.271,-0.272
18,A1_3,-0.178,0.826,0.954,1.0,-0.111,0.098,-0.012,0.953,0.955,0.971,-0.054,-0.057,-0.089,-0.193,-0.212,-0.219
18,B1_1,-0.021,0.259,-0.104,-0.111,1.0,0.936,0.978,-0.12,-0.036,-0.091,0.97,0.969,0.973,-0.218,-0.175,-0.215
18,B1_2,-0.035,0.468,0.106,0.098,0.936,1.0,0.954,0.079,0.169,0.129,0.948,0.942,0.937,-0.267,-0.239,-0.281
18,B1_3,-0.052,0.36,-0.008,-0.012,0.978,0.954,1.0,-0.02,0.064,0.012,0.973,0.969,0.966,-0.237,-0.205,-0.241
18,A2_1,-0.121,0.821,0.959,0.953,-0.12,0.079,-0.02,1.0,0.975,0.972,-0.072,-0.06,-0.108,-0.21,-0.247,-0.233
18,A2_2,-0.13,0.872,0.972,0.955,-0.036,0.169,0.064,0.975,1.0,0.98,0.021,0.023,-0.017,-0.261,-0.281,-0.284
18,A2_3,-0.113,0.863,0.97,0.971,-0.091,0.129,0.012,0.972,0.98,1.0,-0.037,-0.031,-0.073,-0.229,-0.264,-0.264
18,B2_1,-0.005,0.313,-0.05,-0.054,0.97,0.948,0.973,-0.072,0.021,-0.037,1.0,0.978,0.987,-0.202,-0.156,-0.19
18,B2_2,0.02,0.306,-0.052,-0.057,0.969,0.942,0.969,-0.06,0.023,-0.031,0.978,1.0,0.984,-0.244,-0.193,-0.227
18,B2_3,-0.014,0.276,-0.086,-0.089,0.973,0.937,0.966,-0.108,-0.017,-0.073,0.987,0.984,1.0,-0.196,-0.14,-0.177
18,y1,-0.095,-0.314,-0.237,-0.193,-0.218,-0.267,-0.237,-0.21,-0.261,-0.229,-0.202,-0.244,-0.196,1.0,0.964,0.957
18,y2,-0.12,-0.351,-0.271,-0.212,-0.175,-0.239,-0.205,-0.247,-0.281,-0.264,-0.156,-0.193,-0.14,0.964,1.0,0.958
18,y3,-0.089,-0.349,-0.272,-0.219,-0.215,-0.281,-0.241,-0.233,-0.284,-0.264,-0.19,-0.227,-0.177,0.957,0.958,1.0
19,.,1.0,-0.168,-0.136,-0.187,-0.034,-0.053,-0.058,-0.127,-0.133,-0.122,-0.013,0.011,-0.023,-0.129,-0.151,-0.126
19,A1_1,-0.168,1.0,0.856,0.823,0.245,0.458,0.345,0.813,0.859,0.856,0.282,0.285,0.239,-0.305,-0.344,-0.343
19,A1_2,-0.136,0.856,1.0,0.954,-0.122,0.091,-0.027,0.958,0.971,0.97,-0.087,-0.078,-0.129,-0.231,-0.267,-0.268
19,A1_3,-0.187,0.823,0.954,1.0,-0.139,0.076,-0.041,0.953,0.953,0.972,-0.102,-0.092,-0.141,-0.181,-0.203,-0.211
19,B1_1,-0.034,0.245,-0.122,-0.139,1.0,0.936,0.978,-0.154,-0.078,-0.127,0.97,0.97,0.972,-0.231,-0.187,-0.228
19,B1_2,-0.053,0.458,0.091,0.076,0.936,1.0,0.953,0.049,0.131,0.099,0.941,0.938,0.928,-0.264,-0.235,-0.28
19,B1_3,-0.058,0.345,-0.027,-0.041,0.978,0.953,1.0,-0.055,0.019,-0.026,0.971,0.968,0.962,-0.245,-0.211,-0.249
19,A2_1,-0.127,0.813,0.958,0.953,-0.154,0.049,-0.055,1.0,0.976,0.972,-0.125,-0.102,-0.165,-0.197,-0.238,-0.223
19,A2_2,-0.133,0.859,0.971,0.953,-0.078,0.131,0.019,0.976,1.0,0.979,-0.041,-0.027,-0.083,-0.242,-0.265,-0.268
19,A2_3,-0.122,0.856,0.97,0.972,-0.127,0.099,-0.026,0.972,0.979,1.0,-0.093,-0.075,-0.134,-0.211,-0.248,-0.25
19,B2_1,-0.013,0.282,-0.087,-0.102,0.97,0.941,0.971,-0.125,-0.041,-0.093,1.0,0.977,0.985,-0.211,-0.165,-0.2
19,B2_2,0.011,0.285,-0.078,-0.092,0.97,0.938,0.968,-0.102,-0.027,-0.075,0.977,1.0,0.982,-0.257,-0.205,-0.241
19,B2_3,-0.023,0.239,-0.129,-0.141,0.972,0.928,0.962,-0.165,-0.083,-0.134,0.985,0.982,1.0,-0.197,-0.139,-0.177
19,y1,-0.129,-0.305,-0.231,-0.181,-0.231,-0.264,-0.245,-0.197,-0.242,-0.211,-0.211,-0.257,-0.197,1.0,0.963,0.958
19,y2,-0.151,-0.344,-0.267,-0.203,-0.187,-0.235,-0.211,-0.238,-0.265,-0.248,-0.165,-0.205,-0.139,0.963,1.0,0.959
19,y3,-0.126,-0.343,-0.268,-0.211,-0.228,-0.28,-0.249,-0.223,-0.268,-0.25,-0.2,-0.241,-0.177,0.958,0.959,1.0
20,.,1.0,-0.131,-0.101,-0.145,0.008,-0.012,-0.006,-0.1,-0.104,-0.089,0.038,0.064,0.03,-0.219,-0.239,-0.221
20,A1_1,-0.131,1.0,0.853,0.823,0.161,0.39,0.263,0.807,0.858,0.848,0.195,0.194,0.152,-0.276,-0.316,-0.304
20,A1_2,-0.101,0.853,1.0,0.956,-0.209,0.013,-0.116,0.959,0.971,0.97,-0.177,-0.172,-0.218,-0.201,-0.237,-0.226
20,A1_3,-0.145,0.823,0.956,1.0,-0.229,-0.005,-0.133,0.957,0.954,0.972,-0.195,-0.187,-0.234,-0.158,-0.181,-0.176
20,B1_1,0.008,0.161,-0.209,-0.229,1.0,0.932,0.978,-0.243,-0.161,-0.224,0.97,0.969,0.974,-0.17,-0.12,-0.168
20,B1_2,-0.012,0.39,0.013,-0.005,0.932,1.0,0.949,-0.033,0.057,0.009,0.936,0.933,0.923,-0.209,-0.174,-0.223
20,B1_3,-0.006,0.263,-0.116,-0.133,0.978,0.949,1.0,-0.147,-0.066,-0.127,0.969,0.964,0.96,-0.195,-0.155,-0.196
20,A2_1,-0.1,0.807,0.959,0.957,-0.243,-0.033,-0.147,1.0,0.974,0.974,-0.216,-0.198,-0.255,-0.159,-0.2,-0.176
20,A2_2,-0.104,0.858,0.971,0.954,-0.161,0.057,-0.066,0.974,1.0,0.98,-0.126,-0.117,-0.167,-0.204,-0.227,-0.218
20,A2_3,-0.089,0.848,0.97,0.972,-0.224,0.009,-0.127,0.974,0.98,1.0,-0.192,-0.177,-0.232,-0.179,-0.218,-0.204
20,B2_1,0.038,0.195,-0.177,-0.195,0.97,0.936,0.969,-0.216,-0.126,-0.192,1.0,0.976,0.986,-0.152,-0.102,-0.141
20,B2_2,0.064,0.194,-0.172,-0.187,0.969,0.933,0.964,-0.198,-0.117,-0.177,0.976,1.0,0.981,-0.2,-0.144,-0.184
20,B2_3,0.03,0.152,-0.218,-0.234,0.974,0.923,0.96,-0.255,-0.167,-0.232,0.986,0.981,1.0,-0.138,-0.076,-0.117
20,y1,-0.219,-0.276,-0.201,-0.158,-0.17,-0.209,-0.195,-0.159,-0.204,-0.179,-0.152,-0.2,-0.138,1.0,0.965,0.96
20,y2,-0.239,-0.316,-0.237,-0.181,-0.12,-0.174,-0.155,-0.2,-0.227,-0.218,-0.102,-0.144,-0.076,0.965,1.0,0.96
20,y3,-0.221,-0.304,-0.226,-0.176,-0.168,-0.223,-0.196,-0.176,-0.218,-0.204,-0.141,-0.184,-0.117,0.96,0.96,1.0
21,.,1.0,-0.164,-0.129,-0.174,-0.024,-0.047,-0.041,-0.126,-0.13,-0.121,0.009,0.036,0.004,-0.191,-0.21,-0.19
21,A1_1,-0.164,1.0,0.863,0.83,0.188,0.407,0.282,0.815,0.861,0.854,0.223,0.22,0.177,-0.302,-0.342,-0.333
21,A1_2,-0.129,0.863,1.0,0.957,-0.167,0.049,-0.078,0.958,0.971,0.971,-0.133,-0.13,-0.178,-0.229,-0.262,-0.259
21,A1_3,-0.174,0.83,0.957,1.0,-0.187,0.031,-0.095,0.957,0.956,0.974,-0.152,-0.147,-0.194,-0.181,-0.2,-0.202
21,B1_1,-0.024,0.188,-0.167,-0.187,1.0,0.935,0.98,-0.202,-0.124,-0.182,0.969,0.969,0.974,-0.21,-0.166,-0.209
21,B1_2,-0.047,0.407,0.049,0.031,0.935,1.0,0.952,0.003,0.086,0.044,0.939,0.936,0.926,-0.243,-0.213,-0.258
21,B1_3,-0.041,0.282,-0.078,-0.095,0.98,0.952,1.0,-0.11,-0.033,-0.089,0.97,0.966,0.961,-0.232,-0.196,-0.234
21,A2_1,-0.126,0.815,0.958,0.957,-0.202,0.003,-0.11,1.0,0.975,0.973,-0.173,-0.157,-0.215,-0.185,-0.222,-0.205
21,A2_2,-0.13,0.861,0.971,0.956,-0.124,0.086,-0.033,0.975,1.0,0.98,-0.088,-0.081,-0.131,-0.23,-0.251,-0.249
21,A2_3,-0.121,0.854,0.971,0.974,-0.182,0.044,-0.089,0.973,0.98,1.0,-0.149,-0.136,-0.192,-0.204,-0.236,-0.232
21,B2_1,0.009,0.223,-0.133,-0.152,0.969,0.939,0.97,-0.173,-0.088,-0.149,1.0,0.977,0.986,-0.191,-0.145,-0.18
21,B2_2,0.036,0.22,-0.13,-0.147,0.969,0.936,0.966,-0.157,-0.081,-0.136,0.977,1.0,0.981,-0.236,-0.185,-0.22
21,B2_3,0.004,0.177,-0.178,-0.194,0.974,0.926,0.961,-0.215,-0.131,-0.192,0.986,0.981,1.0,-0.175,-0.119,-0.156
21,y1,-0.191,-0.302,-0.229,-0.181,-0.21,-0.243,-0.232,-0.185,-0.23,-0.204,-0.191,-0.236,-0.175,1.0,0.966,0.961
21,y2,-0.21,-0.342,-0.262,-0.2,-0.166,-0.213,-0.196,-0.222,-0.251,-0.236,-0.145,-0.185,-0.119,0.966,1.0,0.961
21,y3,-0.19,-0.333,-0.259,-0.202,-0.209,-0.258,-0.234,-0.205,-0.249,-0.232,-0.18,-0.22,-0.156,0.961,0.961,1.0
22,.,1.0,-0.168,-0.137,-0.176,-0.026,-0.058,-0.042,-0.132,-0.138,-0.133,0.005,0.039,-0.0,-0.227,-0.247,-0.231
22,A1_1,-0.168,1.0,0.862,0.826,0.149,0.375,0.238,0.813,0.862,0.853,0.182,0.18,0.137,-0.297,-0.337,-0.329
22,A1_2,-0.137,0.862,1.0,0.957,-0.2,0.017,-0.119,0.959,0.972,0.972,-0.17,-0.167,-0.214,-0.219,-0.25,-0.246
22,A1_3,-0.176,0.826,0.957,1.0,-0.226,-0.006,-0.141,0.958,0.956,0.976,-0.195,-0.19,-0.236,-0.172,-0.19,-0.193
22,B1_1,-0.026,0.149,-0.2,-0.226,1.0,0.934,0.981,-0.242,-0.164,-0.222,0.973,0.97,0.977,-0.191,-0.147,-0.189
22,B1_2,-0.058,0.375,0.017,-0.006,0.934,1.0,0.95,-0.036,0.048,0.006,0.939,0.934,0.926,-0.224,-0.195,-0.239
22,B1_3,-0.042,0.238,-0.119,-0.141,0.981,0.95,1.0,-0.157,-0.079,-0.136,0.972,0.966,0.964,-0.213,-0.177,-0.214
22,A2_1,-0.132,0.813,0.959,0.958,-0.242,-0.036,-0.157,1.0,0.975,0.972,-0.216,-0.201,-0.257,-0.174,-0.211,-0.193
22,A2_2,-0.138,0.862,0.972,0.956,-0.164,0.048,-0.079,0.975,1.0,0.98,-0.131,-0.125,-0.173,-0.219,-0.24,-0.237
22,A2_3,-0.133,0.853,0.972,0.976,-0.222,0.006,-0.136,0.972,0.98,1.0,-0.193,-0.181,-0.234,-0.19,-0.222,-0.218
22,B2_1,0.005,0.182,-0.17,-0.195,0.973,0.939,0.972,-0.216,-0.131,-0.193,1.0,0.976,0.987,-0.177,-0.133,-0.168
22,B2_2,0.039,0.18,-0.167,-0.19,0.97,0.934,0.966,-0.201,-0.125,-0.181,0.976,1.0,0.98,-0.226,-0.177,-0.212
22,B2_3,-0.0,0.137,-0.214,-0.236,0.977,0.926,0.964,-0.257,-0.173,-0.234,0.987,0.98,1.0,-0.16,-0.105,-0.142
22,y1,-0.227,-0.297,-0.219,-0.172,-0.191,-0.224,-0.213,-0.174,-0.219,-0.19,-0.177,-0.226,-0.16,1.0,0.969,0.963
22,y2,-0.247,-0.337,-0.25,-0.19,-0.147,-0.195,-0.177,-0.211,-0.24,-0.222,-0.133,-0.177,-0.105,0.969,1.0,0.964
22,y3,-0.231,-0.329,-0.246,-0.193,-0.189,-0.239,-0.214,-0.193,-0.237,-0.218,-0.168,-0.212,-0.142,0.963,0.964,1.0
23,.,1.0,-0.183,-0.139,-0.178,-0.028,-0.063,-0.05,-0.135,-0.149,-0.127,-0.003,0.033,0.0,-0.214,-0.235,-0.222
23,A1_1,-0.183,1.0,0.866,0.833,0.168,0.389,0.262,0.818,0.871,0.859,0.207,0.192,0.162,-0.316,-0.358,-0.343
23,A1_2,-0.139,0.866,1.0,0.957,-0.178,0.035,-0.091,0.959,0.975,0.973,-0.144,-0.154,-0.188,-0.243,-0.276,-0.266
23,A1_3,-0.178,0.833,0.957,1.0,-0.201,0.015,-0.111,0.959,0.96,0.977,-0.166,-0.174,-0.208,-0.205,-0.222,-0.221
23,B1_1,-0.028,0.168,-0.178,-0.201,1.0,0.935,0.981,-0.221,-0.14,-0.206,0.973,0.971,0.977,-0.207,-0.174,-0.209
23,B1_2,-0.063,0.389,0.035,0.015,0.935,1.0,0.952,-0.017,0.07,0.02,0.942,0.935,0.928,-0.248,-0.231,-0.264
23,B1_3,-0.05,0.262,-0.091,-0.111,0.981,0.952,1.0,-0.13,-0.049,-0.114,0.973,0.967,0.964,-0.235,-0.212,-0.241
23,A2_1,-0.135,0.818,0.959,0.959,-0.221,-0.017,-0.13,1.0,0.975,0.97,-0.191,-0.188,-0.232,-0.2,-0.236,-0.213
23,A2_2,-0.149,0.871,0.975,0.96,-0.14,0.07,-0.049,0.975,1.0,0.978,-0.102,-0.109,-0.144,-0.249,-0.271,-0.263
23,A2_3,-0.127,0.859,0.973,0.977,-0.206,0.02,-0.114,0.97,0.978,1.0,-0.173,-0.174,-0.215,-0.227,-0.26,-0.252
23,B2_1,-0.003,0.207,-0.144,-0.166,0.973,0.942,0.973,-0.191,-0.102,-0.173,1.0,0.976,0.986,-0.197,-0.164,-0.192
