,,.,A1_1,A1_2,A1_3,B1_1,B1_2,B1_3,A2_1,A2_2,A2_3,B2_1,B2_2,B2_3,y1,y2,y3
0,.,1.0,-0.1,-0.11,-0.227,-0.001,0.034,0.141,-0.079,-0.027,0.122,0.136,-0.114,-0.054,0.178,-0.118,0.068
0,A1_1,-0.1,1.0,-0.077,-0.006,0.159,0.132,0.116,-0.191,0.035,0.055,0.045,-0.005,0.275,0.191,0.12,0.005
0,A1_2,-0.11,-0.077,1.0,-0.212,-0.114,-0.167,-0.218,-0.134,0.133,0.035,0.103,0.147,0.034,-0.163,0.052,0.184
0,A1_3,-0.227,-0.006,-0.212,1.0,-0.066,0.056,0.034,-0.18,-0.109,0.069,0.186,-0.012,0.154,-0.081,0.236,0.003
0,B1_1,-0.001,0.159,-0.114,-0.066,1.0,0.122,0.045,0.109,-0.009,0.02,-0.108,-0.072,0.106,0.336,0.366,0.053
0,B1_2,0.034,0.132,-0.167,0.056,0.122,1.0,0.201,0.074,0.048,0.079,0.032,-0.028,0.129,0.096,0.136,-0.17
0,B1_3,0.141,0.116,-0.218,0.034,0.045,0.201,1.0,0.141,0.108,0.095,-0.133,-0.169,-0.185,0.119,-0.004,-0.043
0,A2_1,-0.079,-0.191,-0.134,-0.18,0.109,0.074,0.141,1.0,0.186,-0.078,-0.26,-0.058,-0.154,0.022,-0.083,-0.027
0,A2_2,-0.027,0.035,0.133,-0.109,-0.009,0.048,0.108,0.186,1.0,0.262,0.076,0.117,0.101,-0.037,-0.018,-0.036
0,A2_3,0.122,0.055,0.035,0.069,0.02,0.079,0.095,-0.078,0.262,1.0,0.021,0.172,0.191,-0.025,0.088,0.193
0,B2_1,0.136,0.045,0.103,0.186,-0.108,0.032,-0.133,-0.26,0.076,0.021,1.0,-0.15,0.213,0.012,0.06,0.061
0,B2_2,-0.114,-0.005,0.147,-0.012,-0.072,-0.028,-0.169,-0.058,0.117,0.172,-0.15,1.0,0.192,-0.073,0.073,0.035
0,B2_3,-0.054,0.275,0.034,0.154,0.106,0.129,-0.185,-0.154,0.101,0.191,0.213,0.192,1.0,-0.146,0.12,0.116
0,y1,0.178,0.191,-0.163,-0.081,0.336,0.096,0.119,0.022,-0.037,-0.025,0.012,-0.073,-0.146,1.0,0.16,-0.214
0,y2,-0.118,0.12,0.052,0.236,0.366,0.136,-0.004,-0.083,-0.018,0.088,0.06,0.073,0.12,0.16,1.0,-0.018
0,y3,0.068,0.005,0.184,0.003,0.053,-0.17,-0.043,-0.027,-0.036,0.193,0.061,0.035,0.116,-0.214,-0.018,1.0
1,.,1.0,-0.102,-0.116,-0.22,-0.006,0.041,0.145,-0.069,-0.025,0.123,0.126,-0.113,-0.06,0.183,-0.12,0.057
1,A1_1,-0.102,1.0,-0.078,-0.009,0.16,0.134,0.12,-0.196,0.033,0.053,0.048,-0.002,0.272,0.192,0.125,0.005
1,A1_2,-0.116,-0.078,1.0,-0.215,-0.112,-0.166,-0.216,-0.136,0.132,0.034,0.105,0.148,0.032,-0.165,0.054,0.182
1,A1_3,-0.22,-0.009,-0.215,1.0,-0.066,0.056,0.035,-0.186,-0.112,0.066,0.186,-0.012,0.15,-0.083,0.238,0.001
1,B1_1,-0.006,0.16,-0.112,-0.066,1.0,0.119,0.044,0.111,-0.006,0.018,-0.113,-0.074,0.108,0.334,0.366,0.055
1,B1_2,0.041,0.134,-0.166,0.056,0.119,1.0,0.201,0.074,0.05,0.077,0.03,-0.03,0.131,0.093,0.133,-0.17
1,B1_3,0.145,0.12,-0.216,0.035,0.044,0.201,1.0,0.143,0.112,0.094,-0.135,-0.17,-0.18,0.114,-0.009,-0.042
1,A2_1,-0.069,-0.196,-0.136,-0.186,0.111,0.074,0.143,1.0,0.185,-0.083,-0.263,-0.057,-0.159,0.02,-0.084,-0.032
1,A2_2,-0.025,0.033,0.132,-0.112,-0.006,0.05,0.112,0.185,1.0,0.26,0.077,0.12,0.098,-0.038,-0.017,-0.041
1,A2_3,0.123,0.053,0.034,0.066,0.018,0.077,0.094,-0.083,0.26,1.0,0.017,0.17,0.185,-0.027,0.09,0.192
1,B2_1,0.126,0.048,0.105,0.186,-0.113,0.03,-0.135,-0.263,0.077,0.017,1.0,-0.154,0.215,0.014,0.063,0.07
1,B2_2,-0.113,-0.002,0.148,-0.012,-0.074,-0.03,-0.17,-0.057,0.12,0.17,-0.154,1.0,0.195,-0.079,0.071,0.037
1,B2_3,-0.06,0.272,0.032,0.15,0.108,0.131,-0.18,-0.159,0.098,0.185,0.215,0.195,1.0,-0.149,0.119,0.118
1,y1,0.183,0.192,-0.165,-0.083,0.334,0.093,0.114,0.02,-0.038,-0.027,0.014,-0.079,-0.149,1.0,0.161,-0.208
1,y2,-0.12,0.125,0.054,0.238,0.366,0.133,-0.009,-0.084,-0.017,0.09,0.063,0.071,0.119,0.161,1.0,-0.014
1,y3,0.057,0.005,0.182,0.001,0.055,-0.17,-0.042,-0.032,-0.041,0.192,0.07,0.037,0.118,-0.208,-0.014,1.0
2,.,1.0,-0.109,-0.122,-0.21,-0.01,0.046,0.146,-0.059,-0.025,0.124,0.118,-0.111,-0.064,0.19,-0.116,0.047
2,A1_1,-0.109,1.0,-0.08,-0.012,0.163,0.136,0.124,-0.2,0.031,0.052,0.05,0.001,0.269,0.193,0.128,0.002
2,A1_2,-0.122,-0.08,1.0,-0.218,-0.111,-0.165,-0.215,-0.138,0.132,0.034,0.105,0.148,0.028,-0.166,0.054,0.179
2,A1_3,-0.21,-0.012,-0.218,1.0,-0.066,0.055,0.036,-0.191,-0.115,0.064,0.186,-0.012,0.145,-0.083,0.239,0.0
2,B1_1,-0.01,0.163,-0.111,-0.066,1.0,0.119,0.044,0.111,-0.003,0.016,-0.114,-0.075,0.111,0.333,0.366,0.058
2,B1_2,0.046,0.136,-0.165,0.055,0.119,1.0,0.201,0.074,0.052,0.076,0.029,-0.03,0.135,0.091,0.129,-0.169
2,B1_3,0.146,0.124,-0.215,0.036,0.044,0.201,1.0,0.143,0.115,0.094,-0.135,-0.17,-0.175,0.109,-0.012,-0.043
2,A2_1,-0.059,-0.2,-0.138,-0.191,0.111,0.074,0.143,1.0,0.184,-0.086,-0.264,-0.058,-0.163,0.02,-0.083,-0.035
2,A2_2,-0.025,0.031,0.132,-0.115,-0.003,0.052,0.115,0.184,1.0,0.26,0.079,0.124,0.095,-0.039,-0.017,-0.046
2,A2_3,0.124,0.052,0.034,0.064,0.016,0.076,0.094,-0.086,0.26,1.0,0.015,0.169,0.18,-0.026,0.093,0.191
2,B2_1,0.118,0.05,0.105,0.186,-0.114,0.029,-0.135,-0.264,0.079,0.015,1.0,-0.155,0.218,0.017,0.066,0.076
2,B2_2,-0.111,0.001,0.148,-0.012,-0.075,-0.03,-0.17,-0.058,0.124,0.169,-0.155,1.0,0.199,-0.083,0.068,0.037
2,B2_3,-0.064,0.269,0.028,0.145,0.111,0.135,-0.175,-0.163,0.095,0.18,0.218,0.199,1.0,-0.148,0.119,0.118
2,y1,0.19,0.193,-0.166,-0.083,0.333,0.091,0.109,0.02,-0.039,-0.026,0.017,-0.083,-0.148,1.0,0.162,-0.201
2,y2,-0.116,0.128,0.054,0.239,0.366,0.129,-0.012,-0.083,-0.017,0.093,0.066,0.068,0.119,0.162,1.0,-0.01
2,y3,0.047,0.002,0.179,0.0,0.058,-0.169,-0.043,-0.035,-0.046,0.191,0.076,0.037,0.118,-0.201,-0.01,1.0
3,.,1.0,-0.114,-0.129,-0.201,-0.013,0.051,0.145,-0.048,-0.026,0.128,0.106,-0.107,-0.067,0.198,-0.115,0.037
3,A1_1,-0.114,1.0,-0.08,-0.013,0.164,0.138,0.129,-0.203,0.03,0.052,0.052,0.003,0.265,0.193,0.132,0.001
3,A1_2,-0.129,-0.08,1.0,-0.219,-0.11,-0.165,-0.214,-0.138,0.133,0.034,0.106,0.149,0.025,-0.167,0.055,0.177
3,A1_3,-0.201,-0.013,-0.219,1.0,-0.066,0.054,0.037,-0.195,-0.117,0.062,0.186,-0.011,0.141,-0.083,0.241,-0.001
3,B1_1,-0.013,0.164,-0.11,-0.066,1.0,0.119,0.045,0.11,-0.002,0.014,-0.114,-0.076,0.115,0.333,0.365,0.06
3,B1_2,0.051,0.138,-0.165,0.054,0.119,1.0,0.201,0.073,0.053,0.074,0.029,-0.031,0.139,0.088,0.126,-0.168
3,B1_3,0.145,0.129,-0.214,0.037,0.045,0.201,1.0,0.144,0.117,0.093,-0.135,-0.171,-0.17,0.106,-0.018,-0.044
3,A2_1,-0.048,-0.203,-0.138,-0.195,0.11,0.073,0.144,1.0,0.183,-0.089,-0.265,-0.058,-0.167,0.019,-0.082,-0.037
3,A2_2,-0.026,0.03,0.133,-0.117,-0.002,0.053,0.117,0.183,1.0,0.259,0.081,0.126,0.092,-0.041,-0.018,-0.05
3,A2_3,0.128,0.052,0.034,0.062,0.014,0.074,0.093,-0.089,0.259,1.0,0.012,0.168,0.173,-0.025,0.097,0.19
3,B2_1,0.106,0.052,0.106,0.186,-0.114,0.029,-0.135,-0.265,0.081,0.012,1.0,-0.156,0.221,0.02,0.069,0.081
3,B2_2,-0.107,0.003,0.149,-0.011,-0.076,-0.031,-0.171,-0.058,0.126,0.168,-0.156,1.0,0.203,-0.086,0.063,0.038
3,B2_3,-0.067,0.265,0.025,0.141,0.115,0.139,-0.17,-0.167,0.092,0.173,0.221,0.203,1.0,-0.148,0.118,0.118
3,y1,0.198,0.193,-0.167,-0.083,0.333,0.088,0.106,0.019,-0.041,-0.025,0.02,-0.086,-0.148,1.0,0.166,-0.193
3,y2,-0.115,0.132,0.055,0.241,0.365,0.126,-0.018,-0.082,-0.018,0.097,0.069,0.063,0.118,0.166,1.0,-0.003
3,y3,0.037,0.001,0.177,-0.001,0.06,-0.168,-0.044,-0.037,-0.05,0.19,0.081,0.038,0.118,-0.193,-0.003,1.0
4,.,1.0,-0.117,-0.133,-0.192,-0.018,0.055,0.145,-0.04,-0.025,0.129,0.094,-0.103,-0.07,0.201,-0.115,0.027
4,A1_1,-0.117,1.0,-0.08,-0.016,0.167,0.139,0.131,-0.206,0.028,0.052,0.055,0.006,0.263,0.195,0.136,-0.001
4,A1_2,-0.133,-0.08,1.0,-0.22,-0.111,-0.165,-0.214,-0.138,0.133,0.034,0.106,0.15,0.021,-0.168,0.057,0.176
4,A1_3,-0.192,-0.016,-0.22,1.0,-0.067,0.053,0.037,-0.198,-0.118,0.061,0.186,-0.01,0.138,-0.083,0.242,-0.002
4,B1_1,-0.018,0.167,-0.111,-0.067,1.0,0.119,0.047,0.108,-0.001,0.012,-0.114,-0.076,0.119,0.333,0.363,0.062
4,B1_2,0.055,0.139,-0.165,0.053,0.119,1.0,0.201,0.072,0.053,0.073,0.03,-0.031,0.142,0.086,0.124,-0.168
4,B1_3,0.145,0.131,-0.214,0.037,0.047,0.201,1.0,0.145,0.119,0.092,-0.135,-0.171,-0.164,0.102,-0.023,-0.046
4,A2_1,-0.04,-0.206,-0.138,-0.198,0.108,0.072,0.145,1.0,0.183,-0.089,-0.267,-0.057,-0.17,0.018,-0.08,-0.041
4,A2_2,-0.025,0.028,0.133,-0.118,-0.001,0.053,0.119,0.183,1.0,0.26,0.082,0.128,0.087,-0.042,-0.018,-0.054
4,A2_3,0.129,0.052,0.034,0.061,0.012,0.073,0.092,-0.089,0.26,1.0,0.01,0.168,0.168,-0.023,0.101,0.19
4,B2_1,0.094,0.055,0.106,0.186,-0.114,0.03,-0.135,-0.267,0.082,0.01,1.0,-0.156,0.225,0.024,0.071,0.085
4,B2_2,-0.103,0.006,0.15,-0.01,-0.076,-0.031,-0.171,-0.057,0.128,0.168,-0.156,1.0,0.206,-0.089,0.059,0.037
4,B2_3,-0.07,0.263,0.021,0.138,0.119,0.142,-0.164,-0.17,0.087,0.168,0.225,0.206,1.0,-0.148,0.117,0.117
4,y1,0.201,0.195,-0.168,-0.083,0.333,0.086,0.102,0.018,-0.042,-0.023,0.024,-0.089,-0.148,1.0,0.17,-0.185
4,y2,-0.115,0.136,0.057,0.242,0.363,0.124,-0.023,-0.08,-0.018,0.101,0.071,0.059,0.117,0.17,1.0,0.003
4,y3,0.027,-0.001,0.176,-0.002,0.062,-0.168,-0.046,-0.041,-0.054,0.19,0.085,0.037,0.117,-0.185,0.003,1.0
5,.,1.0,-0.121,-0.136,-0.185,-0.023,0.058,0.147,-0.035,-0.024,0.127,0.082,-0.101,-0.073,0.2,-0.119,0.013
5,A1_1,-0.121,1.0,-0.08,-0.019,0.168,0.14,0.133,-0.208,0.026,0.052,0.057,0.008,0.258,0.197,0.14,-0.001
5,A1_2,-0.136,-0.08,1.0,-0.221,-0.112,-0.166,-0.214,-0.137,0.133,0.036,0.106,0.15,0.017,-0.167,0.059,0.175
5,A1_3,-0.185,-0.019,-0.221,1.0,-0.067,0.053,0.038,-0.201,-0.12,0.061,0.186,-0.009,0.134,-0.084,0.242,-0.004
5,B1_1,-0.023,0.168,-0.112,-0.067,1.0,0.121,0.048,0.107,-0.001,0.009,-0.113,-0.076,0.124,0.333,0.361,0.063
5,B1_2,0.058,0.14,-0.166,0.053,0.121,1.0,0.202,0.071,0.053,0.07,0.031,-0.03,0.146,0.083,0.12,-0.169
5,B1_3,0.147,0.133,-0.214,0.038,0.048,0.202,1.0,0.144,0.119,0.091,-0.134,-0.171,-0.159,0.1,-0.027,-0.047
5,A2_1,-0.035,-0.208,-0.137,-0.201,0.107,0.071,0.144,1.0,0.183,-0.088,-0.267,-0.056,-0.174,0.019,-0.08,-0.043
5,A2_2,-0.024,0.026,0.133,-0.12,-0.001,0.053,0.119,0.183,1.0,0.261,0.083,0.13,0.083,-0.042,-0.015,-0.056
5,A2_3,0.127,0.052,0.036,0.061,0.009,0.07,0.091,-0.088,0.261,1.0,0.008,0.167,0.163,-0.02,0.104,0.189
5,B2_1,0.082,0.057,0.106,0.186,-0.113,0.031,-0.134,-0.267,0.083,0.008,1.0,-0.157,0.229,0.026,0.072,0.089
5,B2_2,-0.101,0.008,0.15,-0.009,-0.076,-0.03,-0.171,-0.056,0.13,0.167,-0.157,1.0,0.209,-0.091,0.055,0.037
5,B2_3,-0.073,0.258,0.017,0.134,0.124,0.146,-0.159,-0.174,0.083,0.163,0.229,0.209,1.0,-0.148,0.115,0.117
5,y1,0.2,0.197,-0.167,-0.084,0.333,0.083,0.1,0.019,-0.042,-0.02,0.026,-0.091,-0.148,1.0,0.171,-0.178
5,y2,-0.119,0.14,0.059,0.242,0.361,0.12,-0.027,-0.08,-0.015,0.104,0.072,0.055,0.115,0.171,1.0,0.008
5,y3,0.013,-0.001,0.175,-0.004,0.063,-0.169,-0.047,-0.043,-0.056,0.189,0.089,0.037,0.117,-0.178,0.008,1.0
6,.,1.0,-0.123,-0.136,-0.178,-0.028,0.059,0.148,-0.03,-0.021,0.126,0.071,-0.099,-0.076,0.197,-0.125,0.002
6,A1_1,-0.123,1.0,-0.08,-0.022,0.169,0.14,0.135,-0.209,0.026,0.053,0.059,0.009,0.255,0.198,0.143,-0.001
6,A1_2,-0.136,-0.08,1.0,-0.221,-0.113,-0.167,-0.215,-0.136,0.133,0.038,0.104,0.15,0.013,-0.165,0.061,0.175
6,A1_3,-0.178,-0.022,-0.221,1.0,-0.067,0.053,0.039,-0.204,-0.122,0.061,0.186,-0.009,0.131,-0.085,0.243,-0.004
6,B1_1,-0.028,0.169,-0.113,-0.067,1.0,0.123,0.051,0.105,-0.002,0.007,-0.111,-0.075,0.128,0.333,0.36,0.064
6,B1_2,0.059,0.14,-0.167,0.053,0.123,1.0,0.203,0.07,0.052,0.069,0.033,-0.029,0.15,0.081,0.116,-0.169
6,B1_3,0.148,0.135,-0.215,0.039,0.051,0.203,1.0,0.144,0.119,0.088,-0.133,-0.171,-0.154,0.097,-0.033,-0.047
6,A2_1,-0.03,-0.209,-0.136,-0.204,0.105,0.07,0.144,1.0,0.183,-0.087,-0.269,-0.055,-0.178,0.018,-0.08,-0.045
6,A2_2,-0.021,0.026,0.133,-0.122,-0.002,0.052,0.119,0.183,1.0,0.262,0.084,0.132,0.079,-0.043,-0.014,-0.058
6,A2_3,0.126,0.053,0.038,0.061,0.007,0.069,0.088,-0.087,0.262,1.0,0.006,0.165,0.158,-0.019,0.106,0.189
6,B2_1,0.071,0.059,0.104,0.186,-0.111,0.033,-0.133,-0.269,0.084,0.006,1.0,-0.157,0.232,0.03,0.074,0.092
6,B2_2,-0.099,0.009,0.15,-0.009,-0.075,-0.029,-0.171,-0.055,0.132,0.165,-0.157,1.0,0.212,-0.095,0.052,0.037
6,B2_3,-0.076,0.255,0.013,0.131,0.128,0.15,-0.154,-0.178,0.079,0.158,0.232,0.212,1.0,-0.147,0.115,0.117
6,y1,0.197,0.198,-0.165,-0.085,0.333,0.081,0.097,0.018,-0.043,-0.019,0.03,-0.095,-0.147,1.0,0.173,-0.171
6,y2,-0.125,0.143,0.061,0.243,0.36,0.116,-0.033,-0.08,-0.014,0.106,0.074,0.052,0.115,0.173,1.0,0.013
6,y3,0.002,-0.001,0.175,-0.004,0.064,-0.169,-0.047,-0.045,-0.058,0.189,0.092,0.037,0.117,-0.171,0.013,1.0
7,.,1.0,-0.125,-0.137,-0.172,-0.034,0.061,0.15,-0.023,-0.017,0.125,0.061,-0.095,-0.078,0.191,-0.131,-0.01
7,A1_1,-0.125,1.0,-0.079,-0.026,0.169,0.141,0.136,-0.211,0.024,0.053,0.06,0.011,0.251,0.2,0.147,-0.001
7,A1_2,-0.137,-0.079,1.0,-0.221,-0.114,-0.168,-0.216,-0.134,0.135,0.04,0.102,0.149,0.009,-0.165,0.062,0.175
7,A1_3,-0.172,-0.026,-0.221,1.0,-0.068,0.053,0.039,-0.206,-0.123,0.061,0.187,-0.008,0.128,-0.086,0.243,-0.004
7,B1_1,-0.034,0.169,-0.114,-0.068,1.0,0.124,0.053,0.104,-0.003,0.006,-0.11,-0.074,0.131,0.334,0.36,0.066
7,B1_2,0.061,0.141,-0.168,0.053,0.124,1.0,0.204,0.069,0.051,0.067,0.034,-0.029,0.153,0.079,0.114,-0.17
7,B1_3,0.15,0.136,-0.216,0.039,0.053,0.204,1.0,0.143,0.119,0.086,-0.132,-0.17,-0.15,0.094,-0.036,-0.049
7,A2_1,-0.023,-0.211,-0.134,-0.206,0.104,0.069,0.143,1.0,0.184,-0.085,-0.269,-0.055,-0.181,0.019,-0.077,-0.047
7,A2_2,-0.017,0.024,0.135,-0.123,-0.003,0.051,0.119,0.184,1.0,0.264,0.083,0.133,0.075,-0.044,-0.013,-0.059
7,A2_3,0.125,0.053,0.04,0.061,0.006,0.067,0.086,-0.085,0.264,1.0,0.004,0.163,0.154,-0.018,0.107,0.188
7,B2_1,0.061,0.06,0.102,0.187,-0.11,0.034,-0.132,-0.269,0.083,0.004,1.0,-0.157,0.236,0.033,0.074,0.094
7,B2_2,-0.095,0.011,0.149,-0.008,-0.074,-0.029,-0.17,-0.055,0.133,0.163,-0.157,1.0,0.215,-0.097,0.048,0.036
7,B2_3,-0.078,0.251,0.009,0.128,0.131,0.153,-0.15,-0.181,0.075,0.154,0.236,0.215,1.0,-0.146,0.114,0.117
7,y1,0.191,0.2,-0.165,-0.086,0.334,0.079,0.094,0.019,-0.044,-0.018,0.033,-0.097,-0.146,1.0,0.175,-0.165
7,y2,-0.131,0.147,0.062,0.243,0.36,0.114,-0.036,-0.077,-0.013,0.107,0.074,0.048,0.114,0.175,1.0,0.018
7,y3,-0.01,-0.001,0.175,-0.004,0.066,-0.17,-0.049,-0.047,-0.059,0.188,0.094,0.036,0.117,-0.165,0.018,1.0
8,.,1.0,-0.127,-0.138,-0.168,-0.038,0.064,0.151,-0.019,-0.015,0.122,0.052,-0.091,-0.079,0.186,-0.137,-0.021
8,A1_1,-0.127,1.0,-0.079,-0.028,0.168,0.141,0.136,-0.211,0.023,0.054,0.061,0.013,0.249,0.201,0.149,-0.001
8,A1_2,-0.138,-0.079,1.0,-0.221,-0.115,-0.169,-0.217,-0.132,0.137,0.042,0.101,0.149,0.007,-0.164,0.062,0.174
8,A1_3,-0.168,-0.028,-0.221,1.0,-0.069,0.053,0.039,-0.207,-0.125,0.062,0.187,-0.007,0.125,-0.087,0.243,-0.004
8,B1_1,-0.038,0.168,-0.115,-0.069,1.0,0.125,0.054,0.103,-0.004,0.004,-0.109,-0.073,0.133,0.335,0.36,0.067
8,B1_2,0.064,0.141,-0.169,0.053,0.125,1.0,0.205,0.068,0.05,0.065,0.035,-0.028,0.156,0.077,0.111,-0.17
8,B1_3,0.151,0.136,-0.217,0.039,0.054,0.205,1.0,0.143,0.118,0.084,-0.131,-0.17,-0.146,0.092,-0.04,-0.051
8,A2_1,-0.019,-0.211,-0.132,-0.207,0.103,0.068,0.143,1.0,0.185,-0.084,-0.27,-0.055,-0.183,0.017,-0.076,-0.049
8,A2_2,-0.015,0.023,0.137,-0.125,-0.004,0.05,0.118,0.185,1.0,0.264,0.083,0.134,0.071,-0.044,-0.013,-0.062
8,A2_3,0.122,0.054,0.042,0.062,0.004,0.065,0.084,-0.084,0.264,1.0,0.003,0.162,0.151,-0.017,0.108,0.188
8,B2_1,0.052,0.061,0.101,0.187,-0.109,0.035,-0.131,-0.27,0.083,0.003,1.0,-0.157,0.238,0.036,0.076,0.096
8,B2_2,-0.091,0.013,0.149,-0.007,-0.073,-0.028,-0.17,-0.055,0.134,0.162,-0.157,1.0,0.218,-0.1,0.045,0.035
8,B2_3,-0.079,0.249,0.007,0.125,0.133,0.156,-0.146,-0.183,0.071,0.151,0.238,0.218,1.0,-0.145,0.114,0.117
8,y1,0.186,0.201,-0.164,-0.087,0.335,0.077,0.092,0.017,-0.044,-0.017,0.036,-0.1,-0.145,1.0,0.178,-0.159
8,y2,-0.137,0.149,0.062,0.243,0.36,0.111,-0.04,-0.076,-0.013,0.108,0.076,0.045,0.114,0.178,1.0,0.025
8,y3,-0.021,-0.001,0.174,-0.004,0.067,-0.17,-0.051,-0.049,-0.062,0.188,0.096,0.035,0.117,-0.159,0.025,1.0
9,.,1.0,-0.127,-0.138,-0.165,-0.041,0.067,0.153,-0.017,-0.014,0.122,0.045,-0.086,-0.079,0.182,-0.142,-0.031
9,A1_1,-0.127,1.0,-0.079,-0.03,0.167,0.14,0.136,-0.213,0.022,0.054,0.061,0.013,0.246,0.203,0.151,-0.0
9,A1_2,-0.138,-0.079,1.0,-0.221,-0.116,-0.17,-0.217,-0.131,0.137,0.042,0.1,0.149,0.005,-0.164,0.063,0.173
9,A1_3,-0.165,-0.03,-0.221,1.0,-0.069,0.052,0.039,-0.208,-0.126,0.062,0.187,-0.007,0.123,-0.088,0.243,-0.003
9,B1_1,-0.041,0.167,-0.116,-0.069,1.0,0.126,0.055,0.102,-0.005,0.004,-0.108,-0.072,0.134,0.337,0.36,0.069
9,B1_2,0.067,0.14,-0.17,0.052,0.126,1.0,0.206,0.067,0.05,0.063,0.036,-0.027,0.158,0.075,0.108,-0.17
9,B1_3,0.153,0.136,-0.217,0.039,0.055,0.206,1.0,0.142,0.117,0.083,-0.13,-0.169,-0.144,0.09,-0.042,-0.052
9,A2_1,-0.017,-0.213,-0.131,-0.208,0.102,0.067,0.142,1.0,0.184,-0.083,-0.27,-0.055,-0.185,0.017,-0.075,-0.05
9,A2_2,-0.014,0.022,0.137,-0.126,-0.005,0.05,0.117,0.184,1.0,0.265,0.083,0.135,0.07,-0.045,-0.014,-0.064
9,A2_3,0.122,0.054,0.042,0.062,0.004,0.063,0.083,-0.083,0.265,1.0,0.003,0.161,0.149,-0.017,0.108,0.187
9,B2_1,0.045,0.061,0.1,0.187,-0.108,0.036,-0.13,-0.27,0.083,0.003,1.0,-0.157,0.239,0.04,0.076,0.097
9,B2_2,-0.086,0.013,0.149,-0.007,-0.072,-0.027,-0.169,-0.055,0.135,0.161,-0.157,1.0,0.22,-0.102,0.043,0.034
9,B2_3,-0.079,0.246,0.005,0.123,0.134,0.158,-0.144,-0.185,0.07,0.149,0.239,0.22,1.0,-0.145,0.113,0.118
9,y1,0.182,0.203,-0.164,-0.088,0.337,0.075,0.09,0.017,-0.045,-0.017,0.04,-0.102,-0.145,1.0,0.181,-0.153
9,y2,-0.142,0.151,0.063,0.243,0.36,0.108,-0.042,-0.075,-0.014,0.108,0.076,0.043,0.113,0.181,1.0,0.03
9,y3,-0.031,-0.0,0.173,-0.003,0.069,-0.17,-0.052,-0.05,-0.064,0.187,0.097,0.034,0.118,-0.153,0.03,1.0
10,.,1.0,-0.127,-0.14,-0.163,-0.045,0.069,0.154,-0.013,-0.014,0.12,0.041,-0.082,-0.079,0.178,-0.147,-0.039
10,A1_1,-0.127,1.0,-0.078,-0.031,0.168,0.14,0.136,-0.213,0.022,0.054,0.062,0.013,0.245,0.203,0.152,-0.0
10,A1_2,-0.14,-0.078,1.0,-0.221,-0.116,-0.17,-0.217,-0.131,0.138,0.043,0.098,0.148,0.003,-0.164,0.064,0.171
10,A1_3,-0.163,-0.031,-0.221,1.0,-0.069,0.052,0.039,-0.208,-0.126,0.062,0.187,-0.007,0.122,-0.088,0.243,-0.004
10,B1_1,-0.045,0.168,-0.116,-0.069,1.0,0.127,0.056,0.102,-0.004,0.002,-0.108,-0.072,0.136,0.337,0.36,0.069
10,B1_2,0.069,0.14,-0.17,0.052,0.127,1.0,0.206,0.066,0.049,0.063,0.037,-0.027,0.159,0.073,0.107,-0.17
10,B1_3,0.154,0.136,-0.217,0.039,0.056,0.206,1.0,0.142,0.116,0.082,-0.13,-0.169,-0.143,0.088,-0.043,-0.053
10,A2_1,-0.013,-0.213,-0.131,-0.208,0.102,0.066,0.142,1.0,0.185,-0.083,-0.271,-0.055,-0.186,0.018,-0.075,-0.051
10,A2_2,-0.014,0.022,0.138,-0.126,-0.004,0.049,0.116,0.185,1.0,0.265,0.083,0.135,0.069,-0.045,-0.013,-0.065
10,A2_3,0.12,0.054,0.043,0.062,0.002,0.063,0.082,-0.083,0.265,1.0,0.002,0.161,0.149,-0.017,0.109,0.189
10,B2_1,0.041,0.062,0.098,0.187,-0.108,0.037,-0.13,-0.271,0.083,0.002,1.0,-0.157,0.24,0.042,0.077,0.098
10,B2_2,-0.082,0.013,0.148,-0.007,-0.072,-0.027,-0.169,-0.055,0.135,0.161,-0.157,1.0,0.221,-0.103,0.042,0.034
10,B2_3,-0.079,0.245,0.003,0.122,0.136,0.159,-0.143,-0.186,0.069,0.149,0.24,0.221,1.0,-0.144,0.114,0.118
10,y1,0.178,0.203,-0.164,-0.088,0.337,0.073,0.088,0.018,-0.045,-0.017,0.042,-0.103,-0.144,1.0,0.183,-0.148
10,y2,-0.147,0.152,0.064,0.243,0.36,0.107,-0.043,-0.075,-0.013,0.109,0.077,0.042,0.114,0.183,1.0,0.033
10,y3,-0.039,-0.0,0.171,-0.004,0.069,-0.17,-0.053,-0.051,-0.065,0.189,0.098,0.034,0.118,-0.148,0.033,1.0
11,.,1.0,-0.127,-0.141,-0.16,-0.048,0.071,0.156,-0.012,-0.013,0.119,0.037,-0.08,-0.079,0.175,-0.152,-0.047
11,A1_1,-0.127,1.0,-0.077,-0.032,0.168,0.14,0.136,-0.212,0.021,0.055,0.061,0.015,0.244,0.204,0.153,-0.001
11,A1_2,-0.141,-0.077,1.0,-0.221,-0.116,-0.17,-0.217,-0.13,0.139,0.043,0.098,0.148,0.002,-0.165,0.064,0.171
11,A1_3,-0.16,-0.032,-0.221,1.0,-0.069,0.052,0.038,-0.209,-0.127,0.062,0.187,-0.006,0.121,-0.089,0.242,-0.004
11,B1_1,-0.048,0.168,-0.116,-0.069,1.0,0.127,0.057,0.101,-0.005,0.001,-0.108,-0.071,0.137,0.338,0.36,0.069
11,B1_2,0.071,0.14,-0.17,0.052,0.127,1.0,0.206,0.065,0.049,0.062,0.037,-0.026,0.159,0.073,0.106,-0.17
11,B1_3,0.156,0.136,-0.217,0.038,0.057,0.206,1.0,0.142,0.116,0.082,-0.129,-0.168,-0.142,0.086,-0.044,-0.054
11,A2_1,-0.012,-0.212,-0.13,-0.209,0.101,0.065,0.142,1.0,0.185,-0.083,-0.272,-0.056,-0.188,0.017,-0.074,-0.052
11,A2_2,-0.013,0.021,0.139,-0.127,-0.005,0.049,0.116,0.185,1.0,0.265,0.083,0.137,0.067,-0.045,-0.013,-0.067
11,A2_3,0.119,0.055,0.043,0.062,0.001,0.062,0.082,-0.083,0.265,1.0,0.002,0.159,0.148,-0.016,0.109,0.189
11,B2_1,0.037,0.061,0.098,0.187,-0.108,0.037,-0.129,-0.272,0.083,0.002,1.0,-0.157,0.241,0.044,0.077,0.098
11,B2_2,-0.08,0.015,0.148,-0.006,-0.071,-0.026,-0.168,-0.056,0.137,0.159,-0.157,1.0,0.222,-0.106,0.04,0.033
11,B2_3,-0.079,0.244,0.002,0.121,0.137,0.159,-0.142,-0.188,0.067,0.148,0.241,0.222,1.0,-0.144,0.113,0.117
11,y1,0.175,0.204,-0.165,-0.089,0.338,0.073,0.086,0.017,-0.045,-0.016,0.044,-0.106,-0.144,1.0,0.186,-0.143
11,y2,-0.152,0.153,0.064,0.242,0.36,0.106,-0.044,-0.074,-0.013,0.109,0.077,0.04,0.113,0.186,1.0,0.036
11,y3,-0.047,-0.001,0.171,-0.004,0.069,-0.17,-0.054,-0.052,-0.067,0.189,0.098,0.033,0.117,-0.143,0.036,1.0
12,.,1.0,-0.126,-0.143,-0.16,-0.051,0.074,0.16,-0.011,-0.013,0.118,0.031,-0.079,-0.08,0.174,-0.155,-0.054
12,A1_1,-0.126,1.0,-0.077,-0.033,0.168,0.14,0.136,-0.212,0.021,0.054,0.061,0.016,0.244,0.204,0.153,-0.001
12,A1_2,-0.143,-0.077,1.0,-0.221,-0.117,-0.171,-0.217,-0.129,0.139,0.044,0.098,0.147,0.001,-0.165,0.064,0.172
12,A1_3,-0.16,-0.033,-0.221,1.0,-0.069,0.052,0.038,-0.21,-0.127,0.061,0.187,-0.007,0.121,-0.089,0.242,-0.005
12,B1_1,-0.051,0.168,-0.117,-0.069,1.0,0.127,0.057,0.101,-0.005,0.0,-0.107,-0.07,0.137,0.34,0.361,0.068
12,B1_2,0.074,0.14,-0.171,0.052,0.127,1.0,0.207,0.064,0.049,0.062,0.037,-0.025,0.16,0.073,0.105,-0.171
12,B1_3,0.16,0.136,-0.217,0.038,0.057,0.207,1.0,0.142,0.115,0.082,-0.129,-0.167,-0.141,0.086,-0.044,-0.055
12,A2_1,-0.011,-0.212,-0.129,-0.21,0.101,0.064,0.142,1.0,0.186,-0.083,-0.273,-0.056,-0.19,0.018,-0.074,-0.054
12,A2_2,-0.013,0.021,0.139,-0.127,-0.005,0.049,0.115,0.186,1.0,0.265,0.084,0.138,0.067,-0.046,-0.012,-0.067
12,A2_3,0.118,0.054,0.044,0.061,0.0,0.062,0.082,-0.083,0.265,1.0,0.001,0.158,0.146,-0.016,0.11,0.189
12,B2_1,0.031,0.061,0.098,0.187,-0.107,0.037,-0.129,-0.273,0.084,0.001,1.0,-0.158,0.241,0.045,0.078,0.099
12,B2_2,-0.079,0.016,0.147,-0.007,-0.07,-0.025,-0.167,-0.056,0.138,0.158,-0.158,1.0,0.224,-0.108,0.037,0.032
12,B2_3,-0.08,0.244,0.001,0.121,0.137,0.16,-0.141,-0.19,0.067,0.146,0.241,0.224,1.0,-0.145,0.112,0.117
12,y1,0.174,0.204,-0.165,-0.089,0.34,0.073,0.086,0.018,-0.046,-0.016,0.045,-0.108,-0.145,1.0,0.188,-0.139
12,y2,-0.155,0.153,0.064,0.242,0.361,0.105,-0.044,-0.074,-0.012,0.11,0.078,0.037,0.112,0.188,1.0,0.039
12,y3,-0.054,-0.001,0.172,-0.005,0.068,-0.171,-0.055,-0.054,-0.067,0.189,0.099,0.032,0.117,-0.139,0.039,1.0
13,.,1.0,-0.125,-0.143,-0.16,-0.051,0.075,0.159,-0.01,-0.012,0.118,0.03,-0.076,-0.079,0.172,-0.158,-0.055
13,A1_1,-0.125,1.0,-0.077,-0.032,0.168,0.14,0.136,-0.212,0.021,0.054,0.061,0.016,0.243,0.204,0.153,-0.001
13,A1_2,-0.143,-0.077,1.0,-0.22,-0.117,-0.171,-0.217,-0.129,0.14,0.043,0.097,0.147,0.001,-0.167,0.064,0.173
13,A1_3,-0.16,-0.032,-0.22,1.0,-0.07,0.051,0.038,-0.21,-0.127,0.062,0.186,-0.007,0.119,-0.089,0.242,-0.005
13,B1_1,-0.051,0.168,-0.117,-0.07,1.0,0.128,0.057,0.101,-0.006,0.0,-0.107,-0.07,0.137,0.341,0.361,0.068
13,B1_2,0.075,0.14,-0.171,0.051,0.128,1.0,0.207,0.064,0.048,0.061,0.037,-0.025,0.161,0.073,0.103,-0.172
13,B1_3,0.159,0.136,-0.217,0.038,0.057,0.207,1.0,0.142,0.115,0.081,-0.129,-0.167,-0.141,0.086,-0.045,-0.056
13,A2_1,-0.01,-0.212,-0.129,-0.21,0.101,0.064,0.142,1.0,0.185,-0.083,-0.273,-0.056,-0.19,0.019,-0.074,-0.056
13,A2_2,-0.012,0.021,0.14,-0.127,-0.006,0.048,0.115,0.185,1.0,0.264,0.084,0.138,0.067,-0.047,-0.013,-0.068
13,A2_3,0.118,0.054,0.043,0.062,0.0,0.061,0.081,-0.083,0.264,1.0,0.001,0.158,0.146,-0.017,0.11,0.19
13,B2_1,0.03,0.061,0.097,0.186,-0.107,0.037,-0.129,-0.273,0.084,0.001,1.0,-0.158,0.241,0.046,0.079,0.1
13,B2_2,-0.076,0.016,0.147,-0.007,-0.07,-0.025,-0.167,-0.056,0.138,0.158,-0.158,1.0,0.225,-0.11,0.036,0.032
13,B2_3,-0.079,0.243,0.001,0.119,0.137,0.161,-0.141,-0.19,0.067,0.146,0.241,0.225,1.0,-0.145,0.113,0.116
13,y1,0.172,0.204,-0.167,-0.089,0.341,0.073,0.086,0.019,-0.047,-0.017,0.046,-0.11,-0.145,1.0,0.19,-0.136
13,y2,-0.158,0.153,0.064,0.242,0.361,0.103,-0.045,-0.074,-0.013,0.11,0.079,0.036,0.113,0.19,1.0,0.041
13,y3,-0.055,-0.001,0.173,-0.005,0.068,-0.172,-0.056,-0.056,-0.068,0.19,0.1,0.032,0.116,-0.136,0.041,1.0
14,.,1.0,-0.125,-0.142,-0.16,-0.052,0.076,0.16,-0.008,-0.01,0.12,0.028,-0.074,-0.079,0.171,-0.159,-0.057
14,A1_1,-0.125,1.0,-0.076,-0.033,0.167,0.14,0.137,-0.212,0.022,0.054,0.06,0.016,0.241,0.204,0.155,-0.001
14,A1_2,-0.142,-0.076,1.0,-0.22,-0.116,-0.17,-0.218,-0.129,0.14,0.043,0.097,0.147,0.001,-0.167,0.064,0.173
14,A1_3,-0.16,-0.033,-0.22,1.0,-0.07,0.051,0.038,-0.21,-0.126,0.061,0.186,-0.007,0.119,-0.09,0.242,-0.005
14,B1_1,-0.052,0.167,-0.116,-0.07,1.0,0.128,0.057,0.101,-0.006,0.0,-0.107,-0.07,0.137,0.341,0.361,0.068
14,B1_2,0.076,0.14,-0.17,0.051,0.128,1.0,0.208,0.064,0.049,0.06,0.037,-0.025,0.162,0.072,0.102,-0.173
14,B1_3,0.16,0.137,-0.218,0.038,0.057,0.208,1.0,0.142,0.115,0.081,-0.129,-0.167,-0.14,0.085,-0.046,-0.057
14,A2_1,-0.008,-0.212,-0.129,-0.21,0.101,0.064,0.142,1.0,0.185,-0.083,-0.273,-0.056,-0.19,0.019,-0.074,-0.056
14,A2_2,-0.01,0.022,0.14,-0.126,-0.006,0.049,0.115,0.185,1.0,0.265,0.084,0.138,0.067,-0.048,-0.012,-0.068
14,A2_3,0.12,0.054,0.043,0.061,0.0,0.06,0.081,-0.083,0.265,1.0,0.001,0.158,0.146,-0.017,0.11,0.19
14,B2_1,0.028,0.06,0.097,0.186,-0.107,0.037,-0.129,-0.273,0.084,0.001,1.0,-0.157,0.241,0.048,0.079,0.1
14,B2_2,-0.074,0.016,0.147,-0.007,-0.07,-0.025,-0.167,-0.056,0.138,0.158,-0.157,1.0,0.225,-0.11,0.035,0.032
14,B2_3,-0.079,0.241,0.001,0.119,0.137,0.162,-0.14,-0.19,0.067,0.146,0.241,0.225,1.0,-0.144,0.112,0.116
14,y1,0.171,0.204,-0.167,-0.09,0.341,0.072,0.085,0.019,-0.048,-0.017,0.048,-0.11,-0.144,1.0,0.193,-0.133
14,y2,-0.159,0.155,0.064,0.242,0.361,0.102,-0.046,-0.074,-0.012,0.11,0.079,0.035,0.112,0.193,1.0,0.042
14,y3,-0.057,-0.001,0.173,-0.005,0.068,-0.173,-0.057,-0.056,-0.068,0.19,0.1,0.032,0.116,-0.133,0.042,1.0
15,.,1.0,-0.126,-0.143,-0.161,-0.053,0.077,0.161,-0.006,-0.01,0.12,0.025,-0.074,-0.08,0.171,-0.16,-0.06
15,A1_1,-0.126,1.0,-0.075,-0.033,0.166,0.14,0.137,-0.213,0.022,0.054,0.06,0.015,0.238,0.204,0.155,-0.002
15,A1_2,-0.143,-0.075,1.0,-0.22,-0.116,-0.171,-0.218,-0.128,0.141,0.044,0.097,0.147,0.001,-0.168,0.065,0.174
15,A1_3,-0.161,-0.033,-0.22,1.0,-0.07,0.051,0.038,-0.21,-0.126,0.062,0.185,-0.008,0.118,-0.09,0.242,-0.006
15,B1_1,-0.053,0.166,-0.116,-0.07,1.0,0.129,0.057,0.101,-0.006,0.0,-0.107,-0.07,0.138,0.342,0.361,0.068
15,B1_2,0.077,0.14,-0.171,0.051,0.129,1.0,0.208,0.064,0.049,0.059,0.037,-0.025,0.163,0.072,0.1,-0.174
15,B1_3,0.161,0.137,-0.218,0.038,0.057,0.208,1.0,0.141,0.116,0.081,-0.129,-0.167,-0.14,0.086,-0.047,-0.058
15,A2_1,-0.006,-0.213,-0.128,-0.21,0.101,0.064,0.141,1.0,0.185,-0.083,-0.274,-0.056,-0.191,0.02,-0.074,-0.057
15,A2_2,-0.01,0.022,0.141,-0.126,-0.006,0.049,0.116,0.185,1.0,0.265,0.084,0.138,0.067,-0.048,-0.012,-0.068
15,A2_3,0.12,0.054,0.044,0.062,0.0,0.059,0.081,-0.083,0.265,1.0,0.001,0.158,0.146,-0.017,0.111,0.191
15,B2_1,0.025,0.06,0.097,0.185,-0.107,0.037,-0.129,-0.274,0.084,0.001,1.0,-0.157,0.241,0.048,0.08,0.101
15,B2_2,-0.074,0.015,0.147,-0.008,-0.07,-0.025,-0.167,-0.056,0.138,0.158,-0.157,1.0,0.225,-0.111,0.035,0.032
15,B2_3,-0.08,0.238,0.001,0.118,0.138,0.163,-0.14,-0.191,0.067,0.146,0.241,0.225,1.0,-0.144,0.111,0.116
15,y1,0.171,0.204,-0.168,-0.09,0.342,0.072,0.086,0.02,-0.048,-0.017,0.048,-0.111,-0.144,1.0,0.194,-0.13
15,y2,-0.16,0.155,0.065,0.242,0.361,0.1,-0.047,-0.074,-0.012,0.111,0.08,0.035,0.111,0.194,1.0,0.042
15,y3,-0.06,-0.002,0.174,-0.006,0.068,-0.174,-0.058,-0.057,-0.068,0.191,0.101,0.032,0.116,-0.13,0.042,1.0
16,.,1.0,-0.126,-0.143,-0.161,-0.053,0.078,0.16,-0.005,-0.011,0.118,0.024,-0.072,-0.079,0.17,-0.162,-0.062
16,A1_1,-0.126,1.0,-0.075,-0.032,0.166,0.14,0.137,-0.213,0.022,0.055,0.06,0.016,0.238,0.204,0.155,-0.002
16,A1_2,-0.143,-0.075,1.0,-0.22,-0.116,-0.171,-0.218,-0.128,0.141,0.044,0.097,0.147,0.0,-0.169,0.064,0.173
16,A1_3,-0.161,-0.032,-0.22,1.0,-0.07,0.051,0.039,-0.211,-0.126,0.062,0.185,-0.007,0.118,-0.09,0.242,-0.006
16,B1_1,-0.053,0.166,-0.116,-0.07,1.0,0.129,0.057,0.101,-0.006,-0.0,-0.107,-0.07,0.138,0.343,0.362,0.068
16,B1_2,0.078,0.14,-0.171,0.051,0.129,1.0,0.208,0.064,0.049,0.059,0.037,-0.024,0.163,0.072,0.1,-0.174
16,B1_3,0.16,0.137,-0.218,0.039,0.057,0.208,1.0,0.141,0.116,0.081,-0.129,-0.166,-0.14,0.085,-0.047,-0.058
16,A2_1,-0.005,-0.213,-0.128,-0.211,0.101,0.064,0.141,1.0,0.185,-0.084,-0.274,-0.056,-0.191,0.02,-0.072,-0.056
16,A2_2,-0.011,0.022,0.141,-0.126,-0.006,0.049,0.116,0.185,1.0,0.265,0.084,0.139,0.066,-0.049,-0.013,-0.069
16,A2_3,0.118,0.055,0.044,0.062,-0.0,0.059,0.081,-0.084,0.265,1.0,0.0,0.157,0.144,-0.017,0.112,0.19
16,B2_1,0.024,0.06,0.097,0.185,-0.107,0.037,-0.129,-0.274,0.084,0.0,1.0,-0.157,0.241,0.049,0.079,0.101
16,B2_2,-0.072,0.016,0.147,-0.007,-0.07,-0.024,-0.166,-0.056,0.139,0.157,-0.157,1.0,0.226,-0.114,0.033,0.031
16,B2_3,-0.079,0.238,0.0,0.118,0.138,0.163,-0.14,-0.191,0.066,0.144,0.241,0.226,1.0,-0.145,0.112,0.116
16,y1,0.17,0.204,-0.169,-0.09,0.343,0.072,0.085,0.02,-0.049,-0.017,0.049,-0.114,-0.145,1.0,0.196,-0.128
16,y2,-0.162,0.155,0.064,0.242,0.362,0.1,-0.047,-0.072,-0.013,0.112,0.079,0.033,0.112,0.196,1.0,0.045
16,y3,-0.062,-0.002,0.173,-0.006,0.068,-0.174,-0.058,-0.056,-0.069,0.19,0.101,0.031,0.116,-0.128,0.045,1.0
17,.,1.0,-0.127,-0.143,-0.161,-0.055,0.078,0.16,-0.003,-0.011,0.119,0.024,-0.071,-0.079,0.169,-0.16,-0.062
17,A1_1,-0.127,1.0,-0.075,-0.032,0.167,0.14,0.137,-0.214,0.022,0.055,0.06,0.016,0.238,0.204,0.155,-0.003
17,A1_2,-0.143,-0.075,1.0,-0.219,-0.116,-0.171,-0.218,-0.128,0.141,0.044,0.097,0.147,0.0,-0.171,0.064,0.173
17,A1_3,-0.161,-0.032,-0.219,1.0,-0.07,0.05,0.038,-0.211,-0.126,0.061,0.185,-0.007,0.117,-0.09,0.241,-0.006
17,B1_1,-0.055,0.167,-0.116,-0.07,1.0,0.129,0.058,0.1,-0.006,-0.001,-0.107,-0.069,0.138,0.343,0.361,0.067
17,B1_2,0.078,0.14,-0.171,0.05,0.129,1.0,0.208,0.064,0.049,0.059,0.037,-0.024,0.163,0.072,0.1,-0.175
17,B1_3,0.16,0.137,-0.218,0.038,0.058,0.208,1.0,0.141,0.115,0.08,-0.129,-0.166,-0.14,0.085,-0.048,-0.058
17,A2_1,-0.003,-0.214,-0.128,-0.211,0.1,0.064,0.141,1.0,0.185,-0.084,-0.274,-0.056,-0.191,0.02,-0.072,-0.058
17,A2_2,-0.011,0.022,0.141,-0.126,-0.006,0.049,0.115,0.185,1.0,0.265,0.085,0.139,0.066,-0.049,-0.013,-0.069
17,A2_3,0.119,0.055,0.044,0.061,-0.001,0.059,0.08,-0.084,0.265,1.0,-0.0,0.157,0.144,-0.017,0.112,0.19
17,B2_1,0.024,0.06,0.097,0.185,-0.107,0.037,-0.129,-0.274,0.085,-0.0,1.0,-0.157,0.241,0.05,0.079,0.102
17,B2_2,-0.071,0.016,0.147,-0.007,-0.069,-0.024,-0.166,-0.056,0.139,0.157,-0.157,1.0,0.226,-0.114,0.033,0.033
17,B2_3,-0.079,0.238,0.0,0.117,0.138,0.163,-0.14,-0.191,0.066,0.144,0.241,0.226,1.0,-0.145,0.112,0.115
17,y1,0.169,0.204,-0.171,-0.09,0.343,0.072,0.085,0.02,-0.049,-0.017,0.05,-0.114,-0.145,1.0,0.196,-0.126
17,y2,-0.16,0.155,0.064,0.241,0.361,0.1,-0.048,-0.072,-0.013,0.112,0.079,0.033,0.112,0.196,1.0,0.045
17,y3,-0.062,-0.003,0.173,-0.006,0.067,-0.175,-0.058,-0.058,-0.069,0.19,0.102,0.033,0.115,-0.126,0.045,1.0
18,.,1.0,-0.128,-0.144,-0.162,-0.056,0.078,0.16,-0.002,-0.011,0.119,0.024,-0.069,-0.079,0.168,-0.162,-0.061
18,A1_1,-0.128,1.0,-0.075,-0.032,0.167,0.14,0.137,-0.214,0.022,0.055,0.06,0.016,0.238,0.204,0.155,-0.003
18,A1_2,-0.144,-0.075,1.0,-0.219,-0.116,-0.171,-0.217,-0.128,0.141,0.044,0.096,0.147,-0.001,-0.171,0.065,0.172
18,A1_3,-0.162,-0.032,-0.219,1.0,-0.07,0.05,0.038,-0.211,-0.126,0.061,0.184,-0.008,0.116,-0.091,0.242,-0.006
18,B1_1,-0.056,0.167,-0.116,-0.07,1.0,0.129,0.058,0.1,-0.006,-0.002,-0.107,-0.069,0.139,0.343,0.361,0.066
18,B1_2,0.078,0.14,-0.171,0.05,0.129,1.0,0.208,0.064,0.049,0.059,0.037,-0.024,0.163,0.072,0.101,-0.177
18,B1_3,0.16,0.137,-0.217,0.038,0.058,0.208,1.0,0.141,0.115,0.08,-0.129,-0.166,-0.139,0.086,-0.048,-0.058
18,A2_1,-0.002,-0.214,-0.128,-0.211,0.1,0.064,0.141,1.0,0.184,-0.084,-0.274,-0.056,-0.191,0.021,-0.071,-0.059
18,A2_2,-0.011,0.022,0.141,-0.126,-0.006,0.049,0.115,0.184,1.0,0.265,0.085,0.139,0.066,-0.049,-0.013,-0.07
18,A2_3,0.119,0.055,0.044,0.061,-0.002,0.059,0.08,-0.084,0.265,1.0,-0.0,0.157,0.143,-0.017,0.112,0.191
18,B2_1,0.024,0.06,0.096,0.184,-0.107,0.037,-0.129,-0.274,0.085,-0.0,1.0,-0.157,0.241,0.049,0.079,0.102
18,B2_2,-0.069,0.016,0.147,-0.008,-0.069,-0.024,-0.166,-0.056,0.139,0.157,-0.157,1.0,0.226,-0.114,0.032,0.033
18,B2_3,-0.079,0.238,-0.001,0.116,0.139,0.163,-0.139,-0.191,0.066,0.143,0.241,0.226,1.0,-0.145,0.112,0.115
18,y1,0.168,0.204,-0.171,-0.091,0.343,0.072,0.086,0.021,-0.049,-0.017,0.049,-0.114,-0.145,1.0,0.197,-0.125
18,y2,-0.162,0.155,0.065,0.242,0.361,0.101,-0.048,-0.071,-0.013,0.112,0.079,0.032,0.112,0.197,1.0,0.046
18,y3,-0.061,-0.003,0.172,-0.006,0.066,-0.177,-0.058,-0.059,-0.07,0.191,0.102,0.033,0.115,-0.125,0.046,1.0
19,.,1.0,-0.129,-0.144,-0.162,-0.056,0.078,0.16,-0.001,-0.011,0.12,0.024,-0.069,-0.078,0.167,-0.163,-0.061
19,A1_1,-0.129,1.0,-0.075,-0.033,0.167,0.14,0.138,-0.214,0.022,0.055,0.06,0.016,0.238,0.204,0.155,-0.003
19,A1_2,-0.144,-0.075,1.0,-0.22,-0.116,-0.171,-0.218,-0.128,0.141,0.044,0.096,0.147,-0.002,-0.172,0.065,0.172
19,A1_3,-0.162,-0.033,-0.22,1.0,-0.07,0.05,0.038,-0.211,-0.126,0.061,0.184,-0.008,0.116,-0.091,0.241,-0.006
19,B1_1,-0.056,0.167,-0.116,-0.07,1.0,0.129,0.059,0.1,-0.006,-0.002,-0.107,-0.069,0.139,0.344,0.362,0.066
19,B1_2,0.078,0.14,-0.171,0.05,0.129,1.0,0.208,0.064,0.049,0.059,0.038,-0.024,0.163,0.073,0.101,-0.177
19,B1_3,0.16,0.138,-0.218,0.038,0.059,0.208,1.0,0.14,0.115,0.079,-0.129,-0.166,-0.139,0.086,-0.049,-0.058
19,A2_1,-0.001,-0.214,-0.128,-0.211,0.1,0.064,0.14,1.0,0.185,-0.085,-0.274,-0.056,-0.191,0.022,-0.071,-0.059
19,A2_2,-0.011,0.022,0.141,-0.126,-0.006,0.049,0.115,0.185,1.0,0.264,0.085,0.139,0.066,-0.049,-0.013,-0.07
19,A2_3,0.12,0.055,0.044,0.061,-0.002,0.059,0.079,-0.085,0.264,1.0,0.0,0.158,0.143,-0.018,0.113,0.19
19,B2_1,0.024,0.06,0.096,0.184,-0.107,0.038,-0.129,-0.274,0.085,0.0,1.0,-0.157,0.241,0.049,0.079,0.102
19,B2_2,-0.069,0.016,0.147,-0.008,-0.069,-0.024,-0.166,-0.056,0.139,0.158,-0.157,1.0,0.226,-0.115,0.031,0.033
19,B2_3,-0.078,0.238,-0.002,0.116,0.139,0.163,-0.139,-0.191,0.066,0.143,0.241,0.226,1.0,-0.145,0.113,0.115
19,y1,0.167,0.204,-0.172,-0.091,0.344,0.073,0.086,0.022,-0.049,-0.018,0.049,-0.115,-0.145,1.0,0.198,-0.123
19,y2,-0.163,0.155,0.065,0.241,0.362,0.101,-0.049,-0.071,-0.013,0.113,0.079,0.031,0.113,0.198,1.0,0.046
19,y3,-0.061,-0.003,0.172,-0.006,0.066,-0.177,-0.058,-0.059,-0.07,0.19,0.102,0.033,0.115,-0.123,0.046,1.0
20,.,1.0,-0.13,-0.144,-0.162,-0.058,0.078,0.16,-0.002,-0.011,0.121,0.023,-0.07,-0.079,0.167,-0.163,-0.063
20,A1_1,-0.13,1.0,-0.074,-0.033,0.168,0.14,0.138,-0.213,0.023,0.056,0.059,0.016,0.238,0.204,0.156,-0.003
20,A1_2,-0.144,-0.074,1.0,-0.219,-0.116,-0.171,-0.218,-0.129,0.141,0.044,0.095,0.147,-0.003,-0.174,0.065,0.172
20,A1_3,-0.162,-0.033,-0.219,1.0,-0.07,0.05,0.039,-0.212,-0.126,0.061,0.184,-0.008,0.116,-0.092,0.242,-0.006
20,B1_1,-0.058,0.168,-0.116,-0.07,1.0,0.129,0.06,0.099,-0.005,-0.003,-0.107,-0.069,0.14,0.345,0.361,0.066
20,B1_2,0.078,0.14,-0.171,0.05,0.129,1.0,0.208,0.064,0.049,0.058,0.038,-0.024,0.163,0.074,0.101,-0.177
20,B1_3,0.16,0.138,-0.218,0.039,0.06,0.208,1.0,0.14,0.115,0.079,-0.129,-0.166,-0.138,0.085,-0.048,-0.059
20,A2_1,-0.002,-0.213,-0.129,-0.212,0.099,0.064,0.14,1.0,0.185,-0.086,-0.274,-0.056,-0.192,0.022,-0.07,-0.06
20,A2_2,-0.011,0.023,0.141,-0.126,-0.005,0.049,0.115,0.185,1.0,0.264,0.084,0.139,0.065,-0.05,-0.012,-0.07
20,A2_3,0.121,0.056,0.044,0.061,-0.003,0.058,0.079,-0.086,0.264,1.0,0.0,0.158,0.143,-0.019,0.113,0.19
20,B2_1,0.023,0.059,0.095,0.184,-0.107,0.038,-0.129,-0.274,0.084,0.0,1.0,-0.157,0.242,0.049,0.078,0.102
20,B2_2,-0.07,0.016,0.147,-0.008,-0.069,-0.024,-0.166,-0.056,0.139,0.158,-0.157,1.0,0.227,-0.115,0.031,0.033
20,B2_3,-0.079,0.238,-0.003,0.116,0.14,0.163,-0.138,-0.192,0.065,0.143,0.242,0.227,1.0,-0.145,0.113,0.115
20,y1,0.167,0.204,-0.174,-0.092,0.345,0.074,0.085,0.022,-0.05,-0.019,0.049,-0.115,-0.145,1.0,0.2,-0.121
20,y2,-0.163,0.156,0.065,0.242,0.361,0.101,-0.048,-0.07,-0.012,0.113,0.078,0.031,0.113,0.2,1.0,0.047
20,y3,-0.063,-0.003,0.172,-0.006,0.066,-0.177,-0.059,-0.06,-0.07,0.19,0.102,0.033,0.115,-0.121,0.047,1.0
21,.,1.0,-0.13,-0.145,-0.162,-0.059,0.078,0.16,-0.0,-0.012,0.121,0.022,-0.069,-0.079,0.166,-0.163,-0.064
21,A1_1,-0.13,1.0,-0.074,-0.033,0.168,0.14,0.138,-0.214,0.023,0.055,0.059,0.016,0.237,0.204,0.157,-0.004
21,A1_2,-0.145,-0.074,1.0,-0.22,-0.116,-0.172,-0.218,-0.129,0.141,0.043,0.095,0.147,-0.005,-0.175,0.066,0.172
21,A1_3,-0.162,-0.033,-0.22,1.0,-0.07,0.05,0.039,-0.212,-0.126,0.061,0.184,-0.008,0.116,-0.092,0.242,-0.006
21,B1_1,-0.059,0.168,-0.116,-0.07,1.0,0.13,0.06,0.099,-0.005,-0.004,-0.107,-0.069,0.141,0.345,0.361,0.065
21,B1_2,0.078,0.14,-0.172,0.05,0.13,1.0,0.208,0.064,0.049,0.059,0.038,-0.024,0.163,0.074,0.101,-0.178
21,B1_3,0.16,0.138,-0.218,0.039,0.06,0.208,1.0,0.14,0.115,0.079,-0.129,-0.166,-0.138,0.085,-0.048,-0.059
21,A2_1,-0.0,-0.214,-0.129,-0.212,0.099,0.064,0.14,1.0,0.184,-0.087,-0.274,-0.056,-0.192,0.023,-0.071,-0.061
21,A2_2,-0.012,0.023,0.141,-0.126,-0.005,0.049,0.115,0.184,1.0,0.264,0.084,0.139,0.065,-0.05,-0.012,-0.07
21,A2_3,0.121,0.055,0.043,0.061,-0.004,0.059,0.079,-0.087,0.264,1.0,0.0,0.158,0.143,-0.019,0.114,0.191
21,B2_1,0.022,0.059,0.095,0.184,-0.107,0.038,-0.129,-0.274,0.084,0.0,1.0,-0.157,0.242,0.049,0.078,0.102
21,B2_2,-0.069,0.016,0.147,-0.008,-0.069,-0.024,-0.166,-0.056,0.139,0.158,-0.157,1.0,0.227,-0.116,0.031,0.033
21,B2_3,-0.079,0.237,-0.005,0.116,0.141,0.163,-0.138,-0.192,0.065,0.143,0.242,0.227,1.0,-0.144,0.113,0.114
21,y1,0.166,0.204,-0.175,-0.092,0.345,0.074,0.085,0.023,-0.05,-0.019,0.049,-0.116,-0.144,1.0,0.201,-0.12
21,y2,-0.163,0.157,0.066,0.242,0.361,0.101,-0.048,-0.071,-0.012,0.114,0.078,0.031,0.113,0.201,1.0,0.047
21,y3,-0.064,-0.004,0.172,-0.006,0.065,-0.178,-0.059,-0.061,-0.07,0.191,0.102,0.033,0.114,-0.12,0.047,1.0
22,.,1.0,-0.131,-0.144,-0.162,-0.059,0.078,0.158,0.0,-0.011,0.122,0.021,-0.067,-0.08,0.166,-0.164,-0.064
22,A1_1,-0.131,1.0,-0.073,-0.033,0.168,0.139,0.138,-0.216,0.023,0.055,0.059,0.016,0.236,0.204,0.157,-0.004
22,A1_2,-0.144,-0.073,1.0,-0.22,-0.116,-0.172,-0.218,-0.128,0.141,0.043,0.094,0.147,-0.005,-0.175,0.066,0.172
22,A1_3,-0.162,-0.033,-0.22,1.0,-0.07,0.05,0.039,-0.212,-0.125,0.061,0.184,-0.008,0.116,-0.093,0.242,-0.006
22,B1_1,-0.059,0.168,-0.116,-0.07,1.0,0.13,0.061,0.099,-0.005,-0.003,-0.107,-0.069,0.141,0.345,0.361,0.065
22,B1_2,0.078,0.139,-0.172,0.05,0.13,1.0,0.209,0.064,0.049,0.058,0.038,-0.024,0.163,0.075,0.1,-0.179
22,B1_3,0.158,0.138,-0.218,0.039,0.061,0.209,1.0,0.14,0.116,0.077,-0.129,-0.165,-0.137,0.084,-0.049,-0.059
22,A2_1,0.0,-0.216,-0.128,-0.212,0.099,0.064,0.14,1.0,0.184,-0.087,-0.274,-0.056,-0.193,0.024,-0.071,-0.062
22,A2_2,-0.011,0.023,0.141,-0.125,-0.005,0.049,0.116,0.184,1.0,0.264,0.085,0.139,0.065,-0.051,-0.012,-0.07
22,A2_3,0.122,0.055,0.043,0.061,-0.003,0.058,0.077,-0.087,0.264,1.0,0.0,0.158,0.143,-0.019,0.114,0.191
22,B2_1,0.021,0.059,0.094,0.184,-0.107,0.038,-0.129,-0.274,0.085,0.0,1.0,-0.157,0.242,0.049,0.078,0.102
22,B2_2,-0.067,0.016,0.147,-0.008,-0.069,-0.024,-0.165,-0.056,0.139,0.158,-0.157,1.0,0.227,-0.116,0.031,0.033
22,B2_3,-0.08,0.236,-0.005,0.116,0.141,0.163,-0.137,-0.193,0.065,0.143,0.242,0.227,1.0,-0.144,0.113,0.115
22,y1,0.166,0.204,-0.175,-0.093,0.345,0.075,0.084,0.024,-0.051,-0.019,0.049,-0.116,-0.144,1.0,0.202,-0.118
22,y2,-0.164,0.157,0.066,0.242,0.361,0.1,-0.049,-0.071,-0.012,0.114,0.078,0.031,0.113,0.202,1.0,0.048
22,y3,-0.064,-0.004,0.172,-0.006,0.065,-0.179,-0.059,-0.062,-0.07,0.191,0.102,0.033,0.115,-0.118,0.048,1.0
23,.,1.0,-0.13,-0.145,-0.162,-0.059,0.079,0.157,0.0,-0.012,0.122,0.02,-0.068,-0.08,0.166,-0.165,-0.065
23,A1_1,-0.13,1.0,-0.073,-0.033,0.168,0.139,0.138,-0.215,0.023,0.055,0.059,0.017,0.236,0.204,0.158,-0.004
23,A1_2,-0.145,-0.073,1.0,-0.22,-0.117,-0.172,-0.217,-0.127,0.141,0.043,0.095,0.147,-0.005,-0.176,0.065,0.172
23,A1_3,-0.162,-0.033,-0.22,1.0,-0.07,0.05,0.039,-0.212,-0.125,0.061,0.183,-0.009,0.116,-0.093,0.241,-0.005
23,B1_1,-0.059,0.168,-0.117,-0.07,1.0,0.13,0.061,0.099,-0.005,-0.004,-0.107,-0.069,0.141,0.345,0.361,0.065
23,B1_2,0.079,0.139,-0.172,0.05,0.13,1.0,0.209,0.064,0.049,0.058,0.038,-0.024,0.163,0.075,0.099,-0.18
23,B1_3,0.157,0.138,-0.217,0.039,0.061,0.209,1.0,0.14,0.116,0.078,-0.128,-0.165,-0.137,0.085,-0.049,-0.059
23,A2_1,0.0,-0.215,-0.127,-0.212,0.099,0.064,0.14,1.0,0.184,-0.087,-0.275,-0.056,-0.195,0.024,-0.07,-0.063
23,A2_2,-0.012,0.023,0.141,-0.125,-0.005,0.049,0.116,0.184,1.0,0.264,0.084,0.14,0.065,-0.05,-0.013,-0.07
23,A2_3,0.122,0.055,0.043,0.061,-0.004,0.058,0.078,-0.087,0.264,1.0,-0.0,0.157,0.143,-0.02,0.114,0.191
