,,.,A1_1,A1_2,A1_3,B1_1,B1_2,B1_3,A2_1,A2_2,A2_3,B2_1,B2_2,B2_3,y1,y2,y3
1,.,1.0,0.894,0.927,0.96,0.868,0.948,0.96,0.933,0.932,0.916,0.959,0.92,0.929,0.924,0.926,0.959
1,A1_1,0.894,1.0,0.966,0.907,0.891,0.943,0.949,0.929,0.858,0.812,0.875,0.912,0.951,0.824,0.947,0.952
1,A1_2,0.927,0.966,1.0,0.909,0.855,0.953,0.947,0.967,0.858,0.83,0.87,0.901,0.979,0.86,0.957,0.954
1,A1_3,0.96,0.907,0.909,1.0,0.918,0.941,0.957,0.91,0.882,0.923,0.959,0.93,0.928,0.928,0.959,0.933
1,B1_1,0.868,0.891,0.855,0.918,1.0,0.854,0.895,0.864,0.857,0.84,0.896,0.907,0.862,0.869,0.889,0.859
1,B1_2,0.948,0.943,0.953,0.941,0.854,1.0,0.926,0.919,0.925,0.813,0.894,0.931,0.957,0.835,0.921,0.966
1,B1_3,0.96,0.949,0.947,0.957,0.895,0.926,1.0,0.937,0.873,0.934,0.938,0.918,0.952,0.937,0.961,0.965
1,A2_1,0.933,0.929,0.967,0.91,0.864,0.919,0.937,1.0,0.88,0.891,0.894,0.941,0.974,0.917,0.948,0.941
1,A2_2,0.932,0.858,0.858,0.882,0.857,0.925,0.873,0.88,1.0,0.817,0.892,0.949,0.877,0.85,0.812,0.928
1,A2_3,0.916,0.812,0.83,0.923,0.84,0.813,0.934,0.891,0.817,1.0,0.941,0.88,0.879,0.984,0.909,0.882
1,B2_1,0.959,0.875,0.87,0.959,0.896,0.894,0.938,0.894,0.892,0.941,1.0,0.905,0.882,0.917,0.935,0.93
1,B2_2,0.92,0.912,0.901,0.93,0.907,0.931,0.918,0.941,0.949,0.88,0.905,1.0,0.944,0.908,0.895,0.95
1,B2_3,0.929,0.951,0.979,0.928,0.862,0.957,0.952,0.974,0.877,0.879,0.882,0.944,1.0,0.907,0.957,0.966
1,y1,0.924,0.824,0.86,0.928,0.869,0.835,0.937,0.917,0.85,0.984,0.917,0.908,0.907,1.0,0.903,0.887
1,y2,0.926,0.947,0.957,0.959,0.889,0.921,0.961,0.948,0.812,0.909,0.935,0.895,0.957,0.903,1.0,0.934
1,y3,0.959,0.952,0.954,0.933,0.859,0.966,0.965,0.941,0.928,0.882,0.93,0.95,0.966,0.887,0.934,1.0
2,.,1.0,0.897,0.932,0.959,0.869,0.947,0.96,0.936,0.935,0.915,0.958,0.921,0.931,0.923,0.924,0.961
2,A1_1,0.897,1.0,0.967,0.912,0.898,0.947,0.951,0.932,0.862,0.816,0.879,0.917,0.953,0.83,0.949,0.954
2,A1_2,0.932,0.967,1.0,0.916,0.864,0.958,0.95,0.968,0.865,0.835,0.876,0.909,0.98,0.866,0.957,0.959
2,A1_3,0.959,0.912,0.916,1.0,0.919,0.942,0.958,0.916,0.881,0.925,0.961,0.929,0.934,0.928,0.963,0.937
2,B1_1,0.869,0.898,0.864,0.919,1.0,0.858,0.899,0.873,0.858,0.843,0.898,0.91,0.871,0.871,0.895,0.866
2,B1_2,0.947,0.947,0.958,0.942,0.858,1.0,0.926,0.923,0.922,0.813,0.894,0.93,0.96,0.836,0.925,0.967
2,B1_3,0.96,0.951,0.95,0.958,0.899,0.926,1.0,0.94,0.876,0.934,0.937,0.922,0.955,0.939,0.959,0.967
2,A2_1,0.936,0.932,0.968,0.916,0.873,0.923,0.94,1.0,0.887,0.895,0.899,0.947,0.975,0.921,0.948,0.946
2,A2_2,0.935,0.862,0.865,0.881,0.858,0.922,0.876,0.887,1.0,0.821,0.891,0.948,0.881,0.851,0.814,0.929
2,A2_3,0.915,0.816,0.835,0.925,0.843,0.813,0.934,0.895,0.821,1.0,0.941,0.882,0.881,0.985,0.908,0.883
2,B2_1,0.958,0.879,0.876,0.961,0.898,0.894,0.937,0.899,0.891,0.941,1.0,0.904,0.885,0.917,0.937,0.93
2,B2_2,0.921,0.917,0.909,0.929,0.91,0.93,0.922,0.947,0.948,0.882,0.904,1.0,0.949,0.91,0.898,0.953
2,B2_3,0.931,0.953,0.98,0.934,0.871,0.96,0.955,0.975,0.881,0.881,0.885,0.949,1.0,0.91,0.957,0.969
2,y1,0.923,0.83,0.866,0.928,0.871,0.836,0.939,0.921,0.851,0.985,0.917,0.91,0.91,1.0,0.904,0.89
2,y2,0.924,0.949,0.957,0.963,0.895,0.925,0.959,0.948,0.814,0.908,0.937,0.898,0.957,0.904,1.0,0.936
2,y3,0.961,0.954,0.959,0.937,0.866,0.967,0.967,0.946,0.929,0.883,0.93,0.953,0.969,0.89,0.936,1.0
3,.,1.0,0.9,0.936,0.958,0.871,0.946,0.96,0.938,0.938,0.915,0.957,0.922,0.933,0.922,0.923,0.963
3,A1_1,0.9,1.0,0.968,0.918,0.904,0.95,0.953,0.936,0.866,0.821,0.884,0.922,0.955,0.837,0.951,0.956
3,A1_2,0.936,0.968,1.0,0.923,0.872,0.962,0.953,0.969,0.873,0.84,0.882,0.916,0.981,0.873,0.957,0.963
3,A1_3,0.958,0.918,0.923,1.0,0.92,0.944,0.959,0.921,0.881,0.927,0.963,0.929,0.938,0.93,0.966,0.94
3,B1_1,0.871,0.904,0.872,0.92,1.0,0.864,0.905,0.882,0.86,0.847,0.901,0.914,0.879,0.875,0.9,0.873
3,B1_2,0.946,0.95,0.962,0.944,0.864,1.0,0.928,0.926,0.919,0.815,0.895,0.931,0.963,0.839,0.929,0.968
3,B1_3,0.96,0.953,0.953,0.959,0.905,0.928,1.0,0.944,0.88,0.933,0.936,0.926,0.957,0.94,0.958,0.968
3,A2_1,0.938,0.936,0.969,0.921,0.882,0.926,0.944,1.0,0.894,0.9,0.904,0.953,0.975,0.926,0.948,0.951
3,A2_2,0.938,0.866,0.873,0.881,0.86,0.919,0.88,0.894,1.0,0.825,0.892,0.946,0.885,0.853,0.818,0.93
3,A2_3,0.915,0.821,0.84,0.927,0.847,0.815,0.933,0.9,0.825,1.0,0.941,0.884,0.883,0.985,0.908,0.885
3,B2_1,0.957,0.884,0.882,0.963,0.901,0.895,0.936,0.904,0.892,0.941,1.0,0.904,0.889,0.917,0.94,0.931
3,B2_2,0.922,0.922,0.916,0.929,0.914,0.931,0.926,0.953,0.946,0.884,0.904,1.0,0.953,0.912,0.901,0.956
3,B2_3,0.933,0.955,0.981,0.938,0.879,0.963,0.957,0.975,0.885,0.883,0.889,0.953,1.0,0.914,0.958,0.972
3,y1,0.922,0.837,0.873,0.93,0.875,0.839,0.94,0.926,0.853,0.985,0.917,0.912,0.914,1.0,0.907,0.894
3,y2,0.923,0.951,0.957,0.966,0.9,0.929,0.958,0.948,0.818,0.908,0.94,0.901,0.958,0.907,1.0,0.938
3,y3,0.963,0.956,0.963,0.94,0.873,0.968,0.968,0.951,0.93,0.885,0.931,0.956,0.972,0.894,0.938,1.0
4,.,1.0,0.903,0.939,0.958,0.874,0.946,0.959,0.941,0.941,0.915,0.957,0.923,0.934,0.921,0.922,0.965
4,A1_1,0.903,1.0,0.969,0.923,0.911,0.954,0.955,0.939,0.87,0.827,0.889,0.927,0.957,0.844,0.953,0.958
4,A1_2,0.939,0.969,1.0,0.928,0.88,0.966,0.956,0.97,0.88,0.846,0.888,0.922,0.981,0.879,0.958,0.967
4,A1_3,0.958,0.923,0.928,1.0,0.922,0.946,0.96,0.926,0.883,0.929,0.965,0.93,0.942,0.931,0.969,0.944
4,B1_1,0.874,0.911,0.88,0.922,1.0,0.87,0.91,0.89,0.863,0.851,0.904,0.919,0.886,0.88,0.906,0.88
4,B1_2,0.946,0.954,0.966,0.946,0.87,1.0,0.93,0.929,0.918,0.818,0.898,0.932,0.966,0.843,0.933,0.969
4,B1_3,0.959,0.955,0.956,0.96,0.91,0.93,1.0,0.947,0.883,0.934,0.936,0.93,0.96,0.942,0.958,0.97
4,A2_1,0.941,0.939,0.97,0.926,0.89,0.929,0.947,1.0,0.9,0.904,0.909,0.957,0.976,0.93,0.948,0.955
4,A2_2,0.941,0.87,0.88,0.883,0.863,0.918,0.883,0.9,1.0,0.83,0.894,0.946,0.889,0.856,0.821,0.931
4,A2_3,0.915,0.827,0.846,0.929,0.851,0.818,0.934,0.904,0.83,1.0,0.941,0.887,0.886,0.986,0.908,0.888
4,B2_1,0.957,0.889,0.888,0.965,0.904,0.898,0.936,0.909,0.894,0.941,1.0,0.905,0.893,0.919,0.942,0.932
4,B2_2,0.923,0.927,0.922,0.93,0.919,0.932,0.93,0.957,0.946,0.887,0.905,1.0,0.957,0.915,0.904,0.959
4,B2_3,0.934,0.957,0.981,0.942,0.886,0.966,0.96,0.976,0.889,0.886,0.893,0.957,1.0,0.918,0.958,0.974
4,y1,0.921,0.844,0.879,0.931,0.88,0.843,0.942,0.93,0.856,0.986,0.919,0.915,0.918,1.0,0.909,0.898
4,y2,0.922,0.953,0.958,0.969,0.906,0.933,0.958,0.948,0.821,0.908,0.942,0.904,0.958,0.909,1.0,0.941
4,y3,0.965,0.958,0.967,0.944,0.88,0.969,0.97,0.955,0.931,0.888,0.932,0.959,0.974,0.898,0.941,1.0
5,.,1.0,0.906,0.942,0.957,0.877,0.945,0.959,0.943,0.944,0.914,0.957,0.924,0.935,0.92,0.921,0.966
5,A1_1,0.906,1.0,0.97,0.928,0.916,0.956,0.957,0.942,0.874,0.832,0.893,0.932,0.959,0.851,0.955,0.961
5,A1_2,0.942,0.97,1.0,0.933,0.886,0.968,0.959,0.971,0.885,0.85,0.893,0.927,0.982,0.884,0.958,0.97
5,A1_3,0.957,0.928,0.933,1.0,0.924,0.948,0.96,0.93,0.884,0.93,0.967,0.931,0.946,0.933,0.971,0.947
5,B1_1,0.877,0.916,0.886,0.924,1.0,0.876,0.914,0.897,0.865,0.855,0.907,0.923,0.893,0.884,0.911,0.887
5,B1_2,0.945,0.956,0.968,0.948,0.876,1.0,0.932,0.932,0.916,0.821,0.9,0.934,0.968,0.846,0.937,0.97
5,B1_3,0.959,0.957,0.959,0.96,0.914,0.932,1.0,0.95,0.886,0.934,0.935,0.934,0.962,0.944,0.958,0.971
5,A2_1,0.943,0.942,0.971,0.93,0.897,0.932,0.95,1.0,0.905,0.908,0.914,0.961,0.976,0.934,0.948,0.958
5,A2_2,0.944,0.874,0.885,0.884,0.865,0.916,0.886,0.905,1.0,0.834,0.895,0.944,0.891,0.858,0.825,0.932
5,A2_3,0.914,0.832,0.85,0.93,0.855,0.821,0.934,0.908,0.834,1.0,0.941,0.889,0.888,0.986,0.909,0.889
5,B2_1,0.957,0.893,0.893,0.967,0.907,0.9,0.935,0.914,0.895,0.941,1.0,0.906,0.897,0.92,0.945,0.933
5,B2_2,0.924,0.932,0.927,0.931,0.923,0.934,0.934,0.961,0.944,0.889,0.906,1.0,0.96,0.917,0.908,0.961
5,B2_3,0.935,0.959,0.982,0.946,0.893,0.968,0.962,0.976,0.891,0.888,0.897,0.96,1.0,0.921,0.959,0.976
5,y1,0.92,0.851,0.884,0.933,0.884,0.846,0.944,0.934,0.858,0.986,0.92,0.917,0.921,1.0,0.912,0.902
5,y2,0.921,0.955,0.958,0.971,0.911,0.937,0.958,0.948,0.825,0.909,0.945,0.908,0.959,0.912,1.0,0.943
5,y3,0.966,0.961,0.97,0.947,0.887,0.97,0.971,0.958,0.932,0.889,0.933,0.961,0.976,0.902,0.943,1.0
6,.,1.0,0.909,0.945,0.956,0.88,0.944,0.958,0.945,0.946,0.913,0.956,0.924,0.936,0.919,0.92,0.966
6,A1_1,0.909,1.0,0.971,0.932,0.92,0.959,0.959,0.944,0.878,0.836,0.897,0.935,0.96,0.856,0.956,0.962
6,A1_2,0.945,0.971,1.0,0.936,0.891,0.97,0.961,0.972,0.89,0.854,0.898,0.931,0.982,0.889,0.958,0.972
6,A1_3,0.956,0.932,0.936,1.0,0.926,0.95,0.961,0.934,0.885,0.931,0.968,0.932,0.948,0.934,0.973,0.95
6,B1_1,0.88,0.92,0.891,0.926,1.0,0.881,0.918,0.903,0.868,0.858,0.91,0.926,0.899,0.887,0.915,0.893
6,B1_2,0.944,0.959,0.97,0.95,0.881,1.0,0.933,0.933,0.914,0.823,0.902,0.935,0.969,0.85,0.94,0.971
6,B1_3,0.958,0.959,0.961,0.961,0.918,0.933,1.0,0.953,0.889,0.934,0.935,0.937,0.964,0.946,0.958,0.972
6,A2_1,0.945,0.944,0.972,0.934,0.903,0.933,0.953,1.0,0.909,0.911,0.918,0.963,0.977,0.937,0.948,0.961
6,A2_2,0.946,0.878,0.89,0.885,0.868,0.914,0.889,0.909,1.0,0.837,0.896,0.943,0.893,0.86,0.828,0.932
6,A2_3,0.913,0.836,0.854,0.931,0.858,0.823,0.934,0.911,0.837,1.0,0.941,0.89,0.89,0.986,0.909,0.891
6,B2_1,0.956,0.897,0.898,0.968,0.91,0.902,0.935,0.918,0.896,0.941,1.0,0.907,0.9,0.92,0.947,0.935
6,B2_2,0.924,0.935,0.931,0.932,0.926,0.935,0.937,0.963,0.943,0.89,0.907,1.0,0.963,0.92,0.911,0.963
6,B2_3,0.936,0.96,0.982,0.948,0.899,0.969,0.964,0.977,0.893,0.89,0.9,0.963,1.0,0.924,0.96,0.978
6,y1,0.919,0.856,0.889,0.934,0.887,0.85,0.946,0.937,0.86,0.986,0.92,0.92,0.924,1.0,0.914,0.905
6,y2,0.92,0.956,0.958,0.973,0.915,0.94,0.958,0.948,0.828,0.909,0.947,0.911,0.96,0.914,1.0,0.946
6,y3,0.966,0.962,0.972,0.95,0.893,0.971,0.972,0.961,0.932,0.891,0.935,0.963,0.978,0.905,0.946,1.0
7,.,1.0,0.911,0.947,0.954,0.88,0.943,0.957,0.945,0.948,0.911,0.955,0.924,0.936,0.917,0.918,0.967
7,A1_1,0.911,1.0,0.971,0.935,0.924,0.96,0.961,0.946,0.88,0.839,0.9,0.938,0.961,0.86,0.957,0.964
7,A1_2,0.947,0.971,1.0,0.939,0.894,0.971,0.962,0.973,0.893,0.856,0.901,0.933,0.981,0.892,0.958,0.974
7,A1_3,0.954,0.935,0.939,1.0,0.927,0.952,0.961,0.936,0.885,0.931,0.969,0.933,0.951,0.935,0.975,0.952
7,B1_1,0.88,0.924,0.894,0.927,1.0,0.885,0.921,0.907,0.868,0.861,0.912,0.929,0.903,0.89,0.917,0.897
7,B1_2,0.943,0.96,0.971,0.952,0.885,1.0,0.934,0.934,0.912,0.823,0.903,0.936,0.97,0.852,0.943,0.972
7,B1_3,0.957,0.961,0.962,0.961,0.921,0.934,1.0,0.955,0.889,0.934,0.935,0.94,0.965,0.947,0.958,0.973
7,A2_1,0.945,0.946,0.973,0.936,0.907,0.934,0.955,1.0,0.912,0.913,0.92,0.965,0.977,0.939,0.948,0.963
7,A2_2,0.948,0.88,0.893,0.885,0.868,0.912,0.889,0.912,1.0,0.839,0.897,0.941,0.894,0.861,0.829,0.932
7,A2_3,0.911,0.839,0.856,0.931,0.861,0.823,0.934,0.913,0.839,1.0,0.941,0.891,0.891,0.986,0.909,0.892
7,B2_1,0.955,0.9,0.901,0.969,0.912,0.903,0.935,0.92,0.897,0.941,1.0,0.908,0.902,0.921,0.948,0.936
7,B2_2,0.924,0.938,0.933,0.933,0.929,0.936,0.94,0.965,0.941,0.891,0.908,1.0,0.965,0.921,0.913,0.964
7,B2_3,0.936,0.961,0.981,0.951,0.903,0.97,0.965,0.977,0.894,0.891,0.902,0.965,1.0,0.927,0.961,0.979
7,y1,0.917,0.86,0.892,0.935,0.89,0.852,0.947,0.939,0.861,0.986,0.921,0.921,0.927,1.0,0.915,0.907
7,y2,0.918,0.957,0.958,0.975,0.917,0.943,0.958,0.948,0.829,0.909,0.948,0.913,0.961,0.915,1.0,0.947
7,y3,0.967,0.964,0.974,0.952,0.897,0.972,0.973,0.963,0.932,0.892,0.936,0.964,0.979,0.907,0.947,1.0
8,.,1.0,0.911,0.948,0.953,0.88,0.941,0.955,0.946,0.95,0.908,0.953,0.923,0.935,0.914,0.915,0.966
8,A1_1,0.911,1.0,0.972,0.936,0.926,0.961,0.962,0.947,0.881,0.841,0.902,0.94,0.961,0.863,0.958,0.965
8,A1_2,0.948,0.972,1.0,0.94,0.897,0.971,0.963,0.973,0.895,0.858,0.904,0.935,0.981,0.894,0.957,0.975
8,A1_3,0.953,0.936,0.94,1.0,0.928,0.953,0.961,0.937,0.885,0.931,0.969,0.934,0.952,0.936,0.976,0.953
8,B1_1,0.88,0.926,0.897,0.928,1.0,0.889,0.923,0.91,0.868,0.862,0.913,0.932,0.907,0.893,0.92,0.9
8,B1_2,0.941,0.961,0.971,0.953,0.889,1.0,0.935,0.935,0.909,0.823,0.904,0.937,0.971,0.854,0.944,0.973
8,B1_3,0.955,0.962,0.963,0.961,0.923,0.935,1.0,0.956,0.889,0.933,0.934,0.942,0.967,0.947,0.958,0.974
8,A2_1,0.946,0.947,0.973,0.937,0.91,0.935,0.956,1.0,0.914,0.914,0.922,0.966,0.976,0.941,0.947,0.964
8,A2_2,0.95,0.881,0.895,0.885,0.868,0.909,0.889,0.914,1.0,0.839,0.897,0.938,0.893,0.86,0.828,0.931
8,A2_3,0.908,0.841,0.858,0.931,0.862,0.823,0.933,0.914,0.839,1.0,0.94,0.891,0.891,0.985,0.908,0.892
8,B2_1,0.953,0.902,0.904,0.969,0.913,0.904,0.934,0.922,0.897,0.94,1.0,0.908,0.903,0.921,0.949,0.936
8,B2_2,0.923,0.94,0.935,0.934,0.932,0.937,0.942,0.966,0.938,0.891,0.908,1.0,0.967,0.923,0.915,0.965
8,B2_3,0.935,0.961,0.981,0.952,0.907,0.971,0.967,0.976,0.893,0.891,0.903,0.967,1.0,0.928,0.961,0.98
8,y1,0.914,0.863,0.894,0.936,0.893,0.854,0.947,0.941,0.86,0.985,0.921,0.923,0.928,1.0,0.916,0.909
8,y2,0.915,0.958,0.957,0.976,0.92,0.944,0.958,0.947,0.828,0.908,0.949,0.915,0.961,0.916,1.0,0.949
8,y3,0.966,0.965,0.975,0.953,0.9,0.973,0.974,0.964,0.931,0.892,0.936,0.965,0.98,0.909,0.949,1.0
9,.,1.0,0.911,0.948,0.95,0.878,0.939,0.952,0.945,0.951,0.904,0.951,0.922,0.933,0.91,0.911,0.965
9,A1_1,0.911,1.0,0.972,0.938,0.927,0.962,0.962,0.948,0.88,0.842,0.904,0.941,0.962,0.865,0.958,0.966
9,A1_2,0.948,0.972,1.0,0.941,0.898,0.971,0.964,0.973,0.896,0.858,0.905,0.936,0.98,0.895,0.957,0.976
9,A1_3,0.95,0.938,0.941,1.0,0.928,0.953,0.961,0.938,0.883,0.93,0.97,0.934,0.953,0.936,0.976,0.955
9,B1_1,0.878,0.927,0.898,0.928,1.0,0.891,0.925,0.912,0.866,0.862,0.914,0.934,0.909,0.894,0.921,0.903
9,B1_2,0.939,0.962,0.971,0.953,0.891,1.0,0.935,0.935,0.905,0.821,0.904,0.937,0.972,0.854,0.946,0.973
9,B1_3,0.952,0.962,0.964,0.961,0.925,0.935,1.0,0.957,0.888,0.932,0.934,0.943,0.967,0.948,0.957,0.974
9,A2_1,0.945,0.948,0.973,0.938,0.912,0.935,0.957,1.0,0.915,0.915,0.924,0.966,0.976,0.942,0.946,0.965
9,A2_2,0.951,0.88,0.896,0.883,0.866,0.905,0.888,0.915,1.0,0.839,0.896,0.935,0.891,0.858,0.826,0.929
9,A2_3,0.904,0.842,0.858,0.93,0.862,0.821,0.932,0.915,0.839,1.0,0.939,0.89,0.891,0.985,0.907,0.891
9,B2_1,0.951,0.904,0.905,0.97,0.914,0.904,0.934,0.924,0.896,0.939,1.0,0.907,0.904,0.92,0.949,0.937
9,B2_2,0.922,0.941,0.936,0.934,0.934,0.937,0.943,0.966,0.935,0.89,0.907,1.0,0.968,0.923,0.916,0.966
9,B2_3,0.933,0.962,0.98,0.953,0.909,0.972,0.967,0.976,0.891,0.891,0.904,0.968,1.0,0.929,0.961,0.981
9,y1,0.91,0.865,0.895,0.936,0.894,0.854,0.948,0.942,0.858,0.985,0.92,0.923,0.929,1.0,0.917,0.91
9,y2,0.911,0.958,0.957,0.976,0.921,0.946,0.957,0.946,0.826,0.907,0.949,0.916,0.961,0.917,1.0,0.95
9,y3,0.965,0.966,0.976,0.955,0.903,0.973,0.974,0.965,0.929,0.891,0.937,0.966,0.981,0.91,0.95,1.0
10,.,1.0,0.91,0.948,0.947,0.875,0.936,0.949,0.944,0.951,0.898,0.948,0.918,0.93,0.905,0.907,0.964
10,A1_1,0.91,1.0,0.971,0.939,0.928,0.962,0.963,0.948,0.879,0.842,0.905,0.942,0.961,0.867,0.958,0.966
10,A1_2,0.948,0.971,1.0,0.942,0.898,0.971,0.964,0.973,0.896,0.858,0.906,0.936,0.979,0.895,0.956,0.976
10,A1_3,0.947,0.939,0.942,1.0,0.928,0.953,0.961,0.939,0.881,0.929,0.969,0.934,0.953,0.936,0.977,0.956
10,B1_1,0.875,0.928,0.898,0.928,1.0,0.892,0.926,0.913,0.863,0.861,0.913,0.935,0.911,0.895,0.922,0.905
10,B1_2,0.936,0.962,0.971,0.953,0.892,1.0,0.935,0.934,0.9,0.819,0.903,0.937,0.972,0.854,0.947,0.973
10,B1_3,0.949,0.963,0.964,0.961,0.926,0.935,1.0,0.958,0.886,0.931,0.933,0.944,0.968,0.948,0.957,0.975
10,A2_1,0.944,0.948,0.973,0.939,0.913,0.934,0.958,1.0,0.915,0.915,0.925,0.966,0.975,0.942,0.945,0.966
10,A2_2,0.951,0.879,0.896,0.881,0.863,0.9,0.886,0.915,1.0,0.837,0.895,0.931,0.888,0.856,0.823,0.926
10,A2_3,0.898,0.842,0.858,0.929,0.861,0.819,0.931,0.915,0.837,1.0,0.938,0.888,0.889,0.985,0.905,0.89
10,B2_1,0.948,0.905,0.906,0.969,0.913,0.903,0.933,0.925,0.895,0.938,1.0,0.906,0.903,0.92,0.949,0.937
10,B2_2,0.918,0.942,0.936,0.934,0.935,0.937,0.944,0.966,0.931,0.888,0.906,1.0,0.969,0.924,0.916,0.966
10,B2_3,0.93,0.961,0.979,0.953,0.911,0.972,0.968,0.975,0.888,0.889,0.903,0.969,1.0,0.93,0.961,0.981
10,y1,0.905,0.867,0.895,0.936,0.895,0.854,0.948,0.942,0.856,0.985,0.92,0.924,0.93,1.0,0.917,0.911
10,y2,0.907,0.958,0.956,0.977,0.922,0.947,0.957,0.945,0.823,0.905,0.949,0.916,0.961,0.917,1.0,0.951
10,y3,0.964,0.966,0.976,0.956,0.905,0.973,0.975,0.966,0.926,0.89,0.937,0.966,0.981,0.911,0.951,1.0
11,.,1.0,0.907,0.947,0.944,0.87,0.932,0.945,0.942,0.951,0.892,0.945,0.914,0.925,0.898,0.901,0.961
11,A1_1,0.907,1.0,0.971,0.939,0.928,0.961,0.963,0.948,0.877,0.841,0.905,0.941,0.961,0.867,0.957,0.966
11,A1_2,0.947,0.971,1.0,0.942,0.897,0.97,0.964,0.973,0.895,0.856,0.906,0.935,0.978,0.895,0.954,0.976
11,A1_3,0.944,0.939,0.942,1.0,0.928,0.953,0.961,0.938,0.878,0.927,0.969,0.933,0.953,0.936,0.977,0.956
11,B1_1,0.87,0.928,0.897,0.928,1.0,0.893,0.927,0.912,0.857,0.859,0.912,0.936,0.913,0.895,0.922,0.905
11,B1_2,0.932,0.961,0.97,0.953,0.893,1.0,0.934,0.932,0.894,0.815,0.901,0.937,0.972,0.853,0.947,0.973
11,B1_3,0.945,0.963,0.964,0.961,0.927,0.934,1.0,0.957,0.882,0.929,0.931,0.945,0.969,0.948,0.957,0.975
11,A2_1,0.942,0.948,0.973,0.938,0.912,0.932,0.957,1.0,0.914,0.914,0.925,0.965,0.973,0.942,0.944,0.966
11,A2_2,0.951,0.877,0.895,0.878,0.857,0.894,0.882,0.914,1.0,0.835,0.893,0.925,0.883,0.852,0.818,0.922
11,A2_3,0.892,0.841,0.856,0.927,0.859,0.815,0.929,0.914,0.835,1.0,0.936,0.886,0.887,0.984,0.903,0.888
11,B2_1,0.945,0.905,0.906,0.969,0.912,0.901,0.931,0.925,0.893,0.936,1.0,0.905,0.902,0.918,0.949,0.936
11,B2_2,0.914,0.941,0.935,0.933,0.936,0.937,0.945,0.965,0.925,0.886,0.905,1.0,0.97,0.924,0.916,0.966
11,B2_3,0.925,0.961,0.978,0.953,0.913,0.972,0.969,0.973,0.883,0.887,0.902,0.97,1.0,0.93,0.96,0.982
11,y1,0.898,0.867,0.895,0.936,0.895,0.853,0.948,0.942,0.852,0.984,0.918,0.924,0.93,1.0,0.917,0.911
11,y2,0.901,0.957,0.954,0.977,0.922,0.947,0.957,0.944,0.818,0.903,0.949,0.916,0.96,0.917,1.0,0.951
11,y3,0.961,0.966,0.976,0.956,0.905,0.973,0.975,0.966,0.922,0.888,0.936,0.966,0.982,0.911,0.951,1.0
12,.,1.0,0.903,0.946,0.939,0.863,0.927,0.94,0.939,0.951,0.885,0.94,0.908,0.92,0.891,0.893,0.958
12,A1_1,0.903,1.0,0.97,0.938,0.927,0.96,0.963,0.948,0.873,0.839,0.905,0.941,0.96,0.866,0.956,0.966
12,A1_2,0.946,0.97,1.0,0.941,0.895,0.968,0.963,0.973,0.893,0.854,0.906,0.934,0.976,0.894,0.952,0.976
12,A1_3,0.939,0.938,0.941,1.0,0.926,0.953,0.96,0.938,0.874,0.925,0.969,0.932,0.953,0.935,0.976,0.956
12,B1_1,0.863,0.927,0.895,0.926,1.0,0.893,0.927,0.911,0.85,0.856,0.911,0.937,0.914,0.895,0.922,0.905
12,B1_2,0.927,0.96,0.968,0.953,0.893,1.0,0.933,0.93,0.886,0.81,0.899,0.936,0.972,0.851,0.947,0.972
12,B1_3,0.94,0.963,0.963,0.96,0.927,0.933,1.0,0.957,0.877,0.927,0.929,0.945,0.969,0.947,0.956,0.975
12,A2_1,0.939,0.948,0.973,0.938,0.911,0.93,0.957,1.0,0.912,0.913,0.925,0.964,0.972,0.941,0.942,0.966
12,A2_2,0.951,0.873,0.893,0.874,0.85,0.886,0.877,0.912,1.0,0.831,0.891,0.919,0.877,0.847,0.812,0.917
12,A2_3,0.885,0.839,0.854,0.925,0.856,0.81,0.927,0.913,0.831,1.0,0.934,0.883,0.884,0.983,0.9,0.886
12,B2_1,0.94,0.905,0.906,0.969,0.911,0.899,0.929,0.925,0.891,0.934,1.0,0.902,0.901,0.917,0.948,0.935
12,B2_2,0.908,0.941,0.934,0.932,0.937,0.936,0.945,0.964,0.919,0.883,0.902,1.0,0.971,0.923,0.916,0.966
12,B2_3,0.92,0.96,0.976,0.953,0.914,0.972,0.969,0.972,0.877,0.884,0.901,0.971,1.0,0.93,0.96,0.982
12,y1,0.891,0.866,0.894,0.935,0.895,0.851,0.947,0.941,0.847,0.983,0.917,0.923,0.93,1.0,0.916,0.91
12,y2,0.893,0.956,0.952,0.976,0.922,0.947,0.956,0.942,0.812,0.9,0.948,0.916,0.96,0.916,1.0,0.951
12,y3,0.958,0.966,0.976,0.956,0.905,0.972,0.975,0.966,0.917,0.886,0.935,0.966,0.982,0.91,0.951,1.0
13,.,1.0,0.899,0.944,0.934,0.855,0.921,0.933,0.935,0.95,0.876,0.935,0.901,0.913,0.882,0.885,0.954
13,A1_1,0.899,1.0,0.97,0.938,0.926,0.959,0.963,0.947,0.869,0.837,0.904,0.94,0.959,0.865,0.955,0.966
13,A1_2,0.944,0.97,1.0,0.94,0.892,0.967,0.962,0.973,0.89,0.852,0.905,0.932,0.974,0.892,0.95,0.976
13,A1_3,0.934,0.938,0.94,1.0,0.925,0.952,0.959,0.937,0.869,0.922,0.968,0.931,0.953,0.934,0.976,0.957
13,B1_1,0.855,0.926,0.892,0.925,1.0,0.893,0.927,0.909,0.842,0.852,0.908,0.938,0.915,0.894,0.921,0.905
13,B1_2,0.921,0.959,0.967,0.952,0.893,1.0,0.932,0.928,0.878,0.804,0.897,0.935,0.971,0.848,0.947,0.972
13,B1_3,0.933,0.963,0.962,0.959,0.927,0.932,1.0,0.956,0.871,0.924,0.927,0.946,0.969,0.946,0.955,0.975
13,A2_1,0.935,0.947,0.973,0.937,0.909,0.928,0.956,1.0,0.91,0.912,0.925,0.962,0.97,0.94,0.94,0.965
13,A2_2,0.95,0.869,0.89,0.869,0.842,0.878,0.871,0.91,1.0,0.827,0.887,0.911,0.87,0.841,0.805,0.912
13,A2_3,0.876,0.837,0.852,0.922,0.852,0.804,0.924,0.912,0.827,1.0,0.932,0.879,0.881,0.982,0.896,0.883
13,B2_1,0.935,0.904,0.905,0.968,0.908,0.897,0.927,0.925,0.887,0.932,1.0,0.9,0.899,0.915,0.947,0.934
13,B2_2,0.901,0.94,0.932,0.931,0.938,0.935,0.946,0.962,0.911,0.879,0.9,1.0,0.971,0.922,0.915,0.966
13,B2_3,0.913,0.959,0.974,0.953,0.915,0.971,0.969,0.97,0.87,0.881,0.899,0.971,1.0,0.929,0.959,0.982
13,y1,0.882,0.865,0.892,0.934,0.894,0.848,0.946,0.94,0.841,0.982,0.915,0.922,0.929,1.0,0.915,0.909
13,y2,0.885,0.955,0.95,0.976,0.921,0.947,0.955,0.94,0.805,0.896,0.947,0.915,0.959,0.915,1.0,0.952
13,y3,0.954,0.966,0.976,0.957,0.905,0.972,0.975,0.965,0.912,0.883,0.934,0.966,0.982,0.909,0.952,1.0
14,.,1.0,0.893,0.942,0.927,0.844,0.914,0.926,0.931,0.948,0.865,0.928,0.892,0.906,0.871,0.875,0.949
14,A1_1,0.893,1.0,0.969,0.937,0.924,0.958,0.963,0.946,0.864,0.834,0.903,0.939,0.958,0.864,0.954,0.966
14,A1_2,0.942,0.969,1.0,0.939,0.889,0.964,0.961,0.972,0.887,0.849,0.904,0.929,0.972,0.89,0.947,0.975
14,A1_3,0.927,0.937,0.939,1.0,0.923,0.951,0.958,0.935,0.864,0.919,0.967,0.929,0.952,0.933,0.976,0.957
14,B1_1,0.844,0.924,0.889,0.923,1.0,0.893,0.927,0.906,0.833,0.847,0.906,0.938,0.915,0.892,0.92,0.905
14,B1_2,0.914,0.958,0.964,0.951,0.893,1.0,0.931,0.925,0.868,0.797,0.894,0.934,0.971,0.846,0.947,0.971
14,B1_3,0.926,0.963,0.961,0.958,0.927,0.931,1.0,0.955,0.864,0.921,0.924,0.946,0.97,0.945,0.954,0.975
14,A2_1,0.931,0.946,0.972,0.935,0.906,0.925,0.955,1.0,0.907,0.91,0.924,0.96,0.968,0.939,0.937,0.964
14,A2_2,0.948,0.864,0.887,0.864,0.833,0.868,0.864,0.907,1.0,0.822,0.883,0.902,0.862,0.834,0.796,0.906
14,A2_3,0.865,0.834,0.849,0.919,0.847,0.797,0.921,0.91,0.822,1.0,0.929,0.874,0.877,0.981,0.892,0.88
14,B2_1,0.928,0.903,0.904,0.967,0.906,0.894,0.924,0.924,0.883,0.929,1.0,0.897,0.896,0.913,0.946,0.934
14,B2_2,0.892,0.939,0.929,0.929,0.938,0.934,0.946,0.96,0.902,0.874,0.897,1.0,0.971,0.921,0.914,0.965
14,B2_3,0.906,0.958,0.972,0.952,0.915,0.971,0.97,0.968,0.862,0.877,0.896,0.971,1.0,0.929,0.958,0.982
14,y1,0.871,0.864,0.89,0.933,0.892,0.846,0.945,0.939,0.834,0.981,0.913,0.921,0.929,1.0,0.914,0.908
14,y2,0.875,0.954,0.947,0.976,0.92,0.947,0.954,0.937,0.796,0.892,0.946,0.914,0.958,0.914,1.0,0.952
14,y3,0.949,0.966,0.975,0.957,0.905,0.971,0.975,0.964,0.906,0.88,0.934,0.965,0.982,0.908,0.952,1.0
15,.,1.0,0.885,0.938,0.919,0.831,0.905,0.916,0.925,0.946,0.852,0.92,0.881,0.896,0.858,0.863,0.942
15,A1_1,0.885,1.0,0.968,0.935,0.921,0.956,0.962,0.945,0.857,0.831,0.901,0.937,0.956,0.862,0.952,0.965
15,A1_2,0.938,0.968,1.0,0.938,0.884,0.961,0.959,0.972,0.883,0.845,0.902,0.925,0.969,0.887,0.944,0.974
15,A1_3,0.919,0.935,0.938,1.0,0.92,0.95,0.957,0.933,0.856,0.915,0.965,0.927,0.951,0.931,0.975,0.957
15,B1_1,0.831,0.921,0.884,0.92,1.0,0.892,0.926,0.902,0.82,0.841,0.902,0.938,0.916,0.89,0.918,0.904
15,B1_2,0.905,0.956,0.961,0.95,0.892,1.0,0.929,0.92,0.856,0.789,0.889,0.933,0.97,0.842,0.946,0.97
15,B1_3,0.916,0.962,0.959,0.957,0.926,0.929,1.0,0.953,0.855,0.917,0.921,0.946,0.97,0.944,0.953,0.974
15,A2_1,0.925,0.945,0.972,0.933,0.902,0.92,0.953,1.0,0.903,0.908,0.923,0.957,0.965,0.937,0.934,0.963
15,A2_2,0.946,0.857,0.883,0.856,0.82,0.856,0.855,0.903,1.0,0.816,0.878,0.891,0.852,0.825,0.785,0.898
15,A2_3,0.852,0.831,0.845,0.915,0.841,0.789,0.917,0.908,0.816,1.0,0.926,0.868,0.872,0.979,0.888,0.876
15,B2_1,0.92,0.901,0.902,0.965,0.902,0.889,0.921,0.923,0.878,0.926,1.0,0.892,0.893,0.91,0.944,0.932
15,B2_2,0.881,0.937,0.925,0.927,0.938,0.933,0.946,0.957,0.891,0.868,0.892,1.0,0.972,0.919,0.913,0.964
15,B2_3,0.896,0.956,0.969,0.951,0.916,0.97,0.97,0.965,0.852,0.872,0.893,0.972,1.0,0.927,0.957,0.981
15,y1,0.858,0.862,0.887,0.931,0.89,0.842,0.944,0.937,0.825,0.979,0.91,0.919,0.927,1.0,0.912,0.907
15,y2,0.863,0.952,0.944,0.975,0.918,0.946,0.953,0.934,0.785,0.888,0.944,0.913,0.957,0.912,1.0,0.951
15,y3,0.942,0.965,0.974,0.957,0.904,0.97,0.974,0.963,0.898,0.876,0.932,0.964,0.981,0.907,0.951,1.0
16,.,1.0,0.876,0.934,0.91,0.816,0.894,0.905,0.918,0.943,0.837,0.91,0.868,0.885,0.843,0.849,0.933
16,A1_1,0.876,1.0,0.966,0.934,0.918,0.953,0.961,0.944,0.851,0.827,0.9,0.935,0.955,0.86,0.951,0.964
16,A1_2,0.934,0.966,1.0,0.936,0.878,0.957,0.957,0.971,0.879,0.841,0.9,0.921,0.966,0.884,0.941,0.973
16,A1_3,0.91,0.934,0.936,1.0,0.917,0.949,0.956,0.931,0.848,0.911,0.964,0.924,0.95,0.93,0.974,0.956
16,B1_1,0.816,0.918,0.878,0.917,1.0,0.891,0.925,0.897,0.807,0.834,0.898,0.939,0.916,0.889,0.916,0.902
16,B1_2,0.894,0.953,0.957,0.949,0.891,1.0,0.928,0.916,0.843,0.78,0.885,0.931,0.969,0.838,0.946,0.968
16,B1_3,0.905,0.961,0.957,0.956,0.925,0.928,1.0,0.951,0.846,0.913,0.918,0.946,0.97,0.943,0.951,0.974
16,A2_1,0.918,0.944,0.971,0.931,0.897,0.916,0.951,1.0,0.899,0.905,0.921,0.953,0.962,0.934,0.931,0.962
16,A2_2,0.943,0.851,0.879,0.848,0.807,0.843,0.846,0.899,1.0,0.809,0.873,0.879,0.841,0.815,0.774,0.889
16,A2_3,0.837,0.827,0.841,0.911,0.834,0.78,0.913,0.905,0.809,1.0,0.922,0.862,0.867,0.978,0.883,0.872
16,B2_1,0.91,0.9,0.9,0.964,0.898,0.885,0.918,0.921,0.873,0.922,1.0,0.888,0.89,0.907,0.943,0.931
16,B2_2,0.868,0.935,0.921,0.924,0.939,0.931,0.946,0.953,0.879,0.862,0.888,1.0,0.972,0.917,0.911,0.963
16,B2_3,0.885,0.955,0.966,0.95,0.916,0.969,0.97,0.962,0.841,0.867,0.89,0.972,1.0,0.926,0.956,0.981
16,y1,0.843,0.86,0.884,0.93,0.889,0.838,0.943,0.934,0.815,0.978,0.907,0.917,0.926,1.0,0.91,0.906
16,y2,0.849,0.951,0.941,0.974,0.916,0.946,0.951,0.931,0.774,0.883,0.943,0.911,0.956,0.91,1.0,0.951
16,y3,0.933,0.964,0.973,0.956,0.902,0.968,0.974,0.962,0.889,0.872,0.931,0.963,0.981,0.906,0.951,1.0
17,.,1.0,0.865,0.929,0.899,0.797,0.881,0.891,0.91,0.94,0.819,0.897,0.851,0.87,0.825,0.832,0.923
17,A1_1,0.865,1.0,0.965,0.932,0.914,0.95,0.96,0.942,0.842,0.822,0.898,0.932,0.952,0.857,0.949,0.963
17,A1_2,0.929,0.965,1.0,0.934,0.871,0.953,0.954,0.97,0.874,0.836,0.897,0.915,0.961,0.88,0.937,0.971
17,A1_3,0.899,0.932,0.934,1.0,0.913,0.947,0.954,0.928,0.839,0.906,0.962,0.921,0.949,0.928,0.973,0.956
17,B1_1,0.797,0.914,0.871,0.913,1.0,0.89,0.925,0.891,0.791,0.825,0.893,0.939,0.916,0.886,0.914,0.901
17,B1_2,0.881,0.95,0.953,0.947,0.89,1.0,0.926,0.911,0.827,0.77,0.881,0.93,0.968,0.834,0.945,0.967
17,B1_3,0.891,0.96,0.954,0.954,0.925,0.926,1.0,0.949,0.834,0.908,0.914,0.946,0.971,0.942,0.95,0.974
17,A2_1,0.91,0.942,0.97,0.928,0.891,0.911,0.949,1.0,0.895,0.903,0.919,0.948,0.958,0.931,0.927,0.96
17,A2_2,0.94,0.842,0.874,0.839,0.791,0.827,0.834,0.895,1.0,0.801,0.866,0.865,0.828,0.804,0.76,0.879
17,A2_3,0.819,0.822,0.836,0.906,0.825,0.77,0.908,0.903,0.801,1.0,0.918,0.855,0.861,0.976,0.877,0.867
17,B2_1,0.897,0.898,0.897,0.962,0.893,0.881,0.914,0.919,0.866,0.918,1.0,0.883,0.886,0.904,0.941,0.929
17,B2_2,0.851,0.932,0.915,0.921,0.939,0.93,0.946,0.948,0.865,0.855,0.883,1.0,0.972,0.915,0.909,0.961
17,B2_3,0.87,0.952,0.961,0.949,0.916,0.968,0.971,0.958,0.828,0.861,0.886,0.972,1.0,0.925,0.955,0.981
17,y1,0.825,0.857,0.88,0.928,0.886,0.834,0.942,0.931,0.804,0.976,0.904,0.915,0.925,1.0,0.908,0.904
17,y2,0.832,0.949,0.937,0.973,0.914,0.945,0.95,0.927,0.76,0.877,0.941,0.909,0.955,0.908,1.0,0.951
17,y3,0.923,0.963,0.971,0.956,0.901,0.967,0.974,0.96,0.879,0.867,0.929,0.961,0.981,0.904,0.951,1.0
18,.,1.0,0.851,0.923,0.884,0.772,0.865,0.873,0.898,0.934,0.796,0.881,0.83,0.853,0.803,0.811,0.909
18,A1_1,0.851,1.0,0.963,0.93,0.909,0.947,0.959,0.94,0.832,0.817,0.895,0.928,0.95,0.853,0.946,0.962
18,A1_2,0.923,0.963,1.0,0.931,0.862,0.947,0.949,0.969,0.868,0.83,0.894,0.908,0.956,0.874,0.932,0.968
18,A1_3,0.884,0.93,0.931,1.0,0.908,0.945,0.952,0.925,0.827,0.9,0.96,0.917,0.947,0.925,0.972,0.956
18,B1_1,0.772,0.909,0.862,0.908,1.0,0.889,0.924,0.884,0.771,0.815,0.888,0.939,0.916,0.883,0.911,0.898
18,B1_2,0.865,0.947,0.947,0.945,0.889,1.0,0.924,0.904,0.809,0.758,0.875,0.928,0.967,0.829,0.944,0.965
18,B1_3,0.873,0.959,0.949,0.952,0.924,0.924,1.0,0.945,0.82,0.903,0.91,0.945,0.971,0.94,0.948,0.973
18,A2_1,0.898,0.94,0.969,0.925,0.884,0.904,0.945,1.0,0.889,0.899,0.916,0.942,0.954,0.928,0.922,0.958
18,A2_2,0.934,0.832,0.868,0.827,0.771,0.809,0.82,0.889,1.0,0.792,0.857,0.847,0.812,0.79,0.744,0.867
18,A2_3,0.796,0.817,0.83,0.9,0.815,0.758,0.903,0.899,0.792,1.0,0.913,0.846,0.855,0.973,0.871,0.862
18,B2_1,0.881,0.895,0.894,0.96,0.888,0.875,0.91,0.916,0.857,0.913,1.0,0.877,0.882,0.9,0.939,0.927
18,B2_2,0.83,0.928,0.908,0.917,0.939,0.928,0.945,0.942,0.847,0.846,0.877,1.0,0.972,0.912,0.906,0.96
18,B2_3,0.853,0.95,0.956,0.947,0.916,0.967,0.971,0.954,0.812,0.855,0.882,0.972,1.0,0.923,0.953,0.98
18,y1,0.803,0.853,0.874,0.925,0.883,0.829,0.94,0.928,0.79,0.973,0.9,0.912,0.923,1.0,0.906,0.902
18,y2,0.811,0.946,0.932,0.972,0.911,0.944,0.948,0.922,0.744,0.871,0.939,0.906,0.953,0.906,1.0,0.951
18,y3,0.909,0.962,0.968,0.956,0.898,0.965,0.973,0.958,0.867,0.862,0.927,0.96,0.98,0.902,0.951,1.0
19,.,1.0,0.833,0.914,0.868,0.744,0.846,0.851,0.885,0.928,0.77,0.861,0.805,0.831,0.776,0.786,0.893
19,A1_1,0.833,1.0,0.961,0.927,0.904,0.943,0.957,0.938,0.821,0.811,0.893,0.924,0.947,0.85,0.944,0.96
19,A1_2,0.914,0.961,1.0,0.928,0.851,0.94,0.944,0.968,0.861,0.823,0.89,0.899,0.95,0.868,0.926,0.965
19,A1_3,0.868,0.927,0.928,1.0,0.903,0.943,0.95,0.921,0.814,0.894,0.957,0.913,0.945,0.923,0.971,0.955
19,B1_1,0.744,0.904,0.851,0.903,1.0,0.887,0.923,0.875,0.749,0.804,0.881,0.939,0.916,0.879,0.907,0.895
19,B1_2,0.846,0.943,0.94,0.943,0.887,1.0,0.922,0.897,0.787,0.745,0.869,0.926,0.966,0.823,0.942,0.963
19,B1_3,0.851,0.957,0.944,0.95,0.923,0.922,1.0,0.941,0.803,0.896,0.904,0.945,0.971,0.938,0.946,0.972
19,A2_1,0.885,0.938,0.968,0.921,0.875,0.897,0.941,1.0,0.882,0.895,0.913,0.935,0.949,0.924,0.916,0.955
19,A2_2,0.928,0.821,0.861,0.814,0.749,0.787,0.803,0.882,1.0,0.781,0.847,0.827,0.794,0.775,0.726,0.853
19,A2_3,0.77,0.811,0.823,0.894,0.804,0.745,0.896,0.895,0.781,1.0,0.908,0.836,0.847,0.971,0.863,0.856
19,B2_1,0.861,0.893,0.89,0.957,0.881,0.869,0.904,0.913,0.847,0.908,1.0,0.87,0.877,0.896,0.937,0.925
19,B2_2,0.805,0.924,0.899,0.913,0.939,0.926,0.945,0.935,0.827,0.836,0.87,1.0,0.972,0.909,0.903,0.957
19,B2_3,0.831,0.947,0.95,0.945,0.916,0.966,0.971,0.949,0.794,0.847,0.877,0.972,1.0,0.921,0.951,0.979
19,y1,0.776,0.85,0.868,0.923,0.879,0.823,0.938,0.924,0.775,0.971,0.896,0.909,0.921,1.0,0.903,0.9
19,y2,0.786,0.944,0.926,0.971,0.907,0.942,0.946,0.916,0.726,0.863,0.937,0.903,0.951,0.903,1.0,0.95
19,y3,0.893,0.96,0.965,0.955,0.895,0.963,0.972,0.955,0.853,0.856,0.925,0.957,0.979,0.9,0.95,1.0
20,.,1.0,0.812,0.903,0.847,0.709,0.821,0.824,0.867,0.919,0.739,0.837,0.774,0.804,0.744,0.757,0.871
20,A1_1,0.812,1.0,0.958,0.923,0.897,0.938,0.954,0.936,0.808,0.805,0.889,0.918,0.943,0.845,0.941,0.958
20,A1_2,0.903,0.958,1.0,0.924,0.838,0.931,0.938,0.967,0.853,0.816,0.885,0.888,0.942,0.861,0.92,0.961
20,A1_3,0.847,0.923,0.924,1.0,0.897,0.941,0.947,0.916,0.799,0.886,0.954,0.907,0.943,0.92,0.969,0.954
20,B1_1,0.709,0.897,0.838,0.897,1.0,0.886,0.922,0.864,0.722,0.791,0.874,0.939,0.916,0.875,0.903,0.892
20,B1_2,0.821,0.938,0.931,0.941,0.886,1.0,0.92,0.888,0.762,0.731,0.862,0.924,0.965,0.817,0.941,0.961
20,B1_3,0.824,0.954,0.938,0.947,0.922,0.92,1.0,0.936,0.783,0.888,0.898,0.945,0.971,0.936,0.944,0.971
20,A2_1,0.867,0.936,0.967,0.916,0.864,0.888,0.936,1.0,0.874,0.89,0.91,0.926,0.943,0.918,0.91,0.952
20,A2_2,0.919,0.808,0.853,0.799,0.722,0.762,0.783,0.874,1.0,0.769,0.835,0.802,0.772,0.757,0.705,0.837
20,A2_3,0.739,0.805,0.816,0.886,0.791,0.731,0.888,0.89,0.769,1.0,0.902,0.824,0.838,0.968,0.855,0.849
20,B2_1,0.837,0.889,0.885,0.954,0.874,0.862,0.898,0.91,0.835,0.902,1.0,0.862,0.871,0.891,0.935,0.923
20,B2_2,0.774,0.918,0.888,0.907,0.939,0.924,0.945,0.926,0.802,0.824,0.862,1.0,0.972,0.905,0.899,0.955
20,B2_3,0.804,0.943,0.942,0.943,0.916,0.965,0.971,0.943,0.772,0.838,0.871,0.972,1.0,0.919,0.949,0.978
20,y1,0.744,0.845,0.861,0.92,0.875,0.817,0.936,0.918,0.757,0.968,0.891,0.905,0.919,1.0,0.9,0.897
20,y2,0.757,0.941,0.92,0.969,0.903,0.941,0.944,0.91,0.705,0.855,0.935,0.899,0.949,0.9,1.0,0.949
20,y3,0.871,0.958,0.961,0.954,0.892,0.961,0.971,0.952,0.837,0.849,0.923,0.955,0.978,0.897,0.949,1.0
21,.,1.0,0.785,0.89,0.822,0.667,0.791,0.79,0.846,0.907,0.7,0.805,0.735,0.771,0.705,0.721,0.844
21,A1_1,0.785,1.0,0.955,0.919,0.889,0.932,0.952,0.933,0.793,0.797,0.885,0.912,0.939,0.839,0.937,0.956
21,A1_2,0.89,0.955,1.0,0.92,0.823,0.921,0.93,0.966,0.844,0.807,0.879,0.875,0.933,0.852,0.912,0.956
21,A1_3,0.822,0.919,0.92,1.0,0.889,0.938,0.944,0.91,0.781,0.877,0.95,0.901,0.94,0.916,0.968,0.952
21,B1_1,0.667,0.889,0.823,0.889,1.0,0.885,0.921,0.851,0.692,0.776,0.866,0.94,0.916,0.871,0.898,0.888
21,B1_2,0.791,0.932,0.921,0.938,0.885,1.0,0.918,0.877,0.733,0.714,0.854,0.922,0.964,0.811,0.938,0.958
21,B1_3,0.79,0.952,0.93,0.944,0.921,0.918,1.0,0.929,0.76,0.879,0.892,0.945,0.972,0.933,0.941,0.97
21,A2_1,0.846,0.933,0.966,0.91,0.851,0.877,0.929,1.0,0.866,0.885,0.905,0.915,0.936,0.912,0.903,0.948
21,A2_2,0.907,0.793,0.844,0.781,0.692,0.733,0.76,0.866,1.0,0.756,0.821,0.775,0.748,0.736,0.682,0.818
21,A2_3,0.7,0.797,0.807,0.877,0.776,0.714,0.879,0.885,0.756,1.0,0.894,0.81,0.828,0.964,0.846,0.841
21,B2_1,0.805,0.885,0.879,0.95,0.866,0.854,0.892,0.905,0.821,0.894,1.0,0.854,0.865,0.886,0.933,0.92
21,B2_2,0.735,0.912,0.875,0.901,0.94,0.922,0.945,0.915,0.775,0.81,0.854,1.0,0.972,0.901,0.894,0.952
21,B2_3,0.771,0.939,0.933,0.94,0.916,0.964,0.972,0.936,0.748,0.828,0.865,0.972,1.0,0.916,0.946,0.977
21,y1,0.705,0.839,0.852,0.916,0.871,0.811,0.933,0.912,0.736,0.964,0.886,0.901,0.916,1.0,0.897,0.895
21,y2,0.721,0.937,0.912,0.968,0.898,0.938,0.941,0.903,0.682,0.846,0.933,0.894,0.946,0.897,1.0,0.949
21,y3,0.844,0.956,0.956,0.952,0.888,0.958,0.97,0.948,0.818,0.841,0.92,0.952,0.977,0.895,0.949,1.0
22,.,1.0,0.753,0.873,0.792,0.618,0.754,0.749,0.82,0.893,0.656,0.768,0.689,0.731,0.66,0.679,0.811
22,A1_1,0.753,1.0,0.952,0.915,0.88,0.925,0.948,0.93,0.777,0.789,0.881,0.904,0.934,0.834,0.933,0.954
22,A1_2,0.873,0.952,1.0,0.915,0.805,0.908,0.92,0.965,0.835,0.799,0.872,0.86,0.922,0.842,0.903,0.95
22,A1_3,0.792,0.915,0.915,1.0,0.88,0.934,0.94,0.904,0.761,0.867,0.946,0.893,0.936,0.912,0.966,0.951
22,B1_1,0.618,0.88,0.805,0.88,1.0,0.885,0.92,0.837,0.658,0.759,0.857,0.94,0.917,0.866,0.892,0.884
22,B1_2,0.754,0.925,0.908,0.934,0.885,1.0,0.916,0.865,0.699,0.696,0.846,0.92,0.963,0.805,0.936,0.955
22,B1_3,0.749,0.948,0.92,0.94,0.92,0.916,1.0,0.921,0.733,0.868,0.884,0.945,0.972,0.93,0.938,0.969
22,A2_1,0.82,0.93,0.965,0.904,0.837,0.865,0.921,1.0,0.856,0.88,0.899,0.902,0.927,0.905,0.895,0.943
22,A2_2,0.893,0.777,0.835,0.761,0.658,0.699,0.733,0.856,1.0,0.742,0.804,0.742,0.72,0.713,0.656,0.797
22,A2_3,0.656,0.789,0.799,0.867,0.759,0.696,0.868,0.88,0.742,1.0,0.886,0.795,0.816,0.96,0.836,0.833
22,B2_1,0.768,0.881,0.872,0.946,0.857,0.846,0.884,0.899,0.804,0.886,1.0,0.844,0.858,0.88,0.931,0.918
22,B2_2,0.689,0.904,0.86,0.893,0.94,0.92,0.945,0.902,0.742,0.795,0.844,1.0,0.972,0.896,0.889,0.948
22,B2_3,0.731,0.934,0.922,0.936,0.917,0.963,0.972,0.927,0.72,0.816,0.858,0.972,1.0,0.914,0.943,0.975
22,y1,0.66,0.834,0.842,0.912,0.866,0.805,0.93,0.905,0.713,0.96,0.88,0.896,0.914,1.0,0.894,0.892
22,y2,0.679,0.933,0.903,0.966,0.892,0.936,0.938,0.895,0.656,0.836,0.931,0.889,0.943,0.894,1.0,0.948
22,y3,0.811,0.954,0.95,0.951,0.884,0.955,0.969,0.943,0.797,0.833,0.918,0.948,0.975,0.892,0.948,1.0
23,.,1.0,0.714,0.851,0.756,0.56,0.71,0.699,0.788,0.875,0.605,0.722,0.635,0.684,0.606,0.629,0.77
23,A1_1,0.714,1.0,0.948,0.909,0.869,0.917,0.943,0.926,0.759,0.781,0.877,0.895,0.929,0.827,0.929,0.951
23,A1_2,0.851,0.948,1.0,0.908,0.785,0.893,0.908,0.963,0.825,0.789,0.863,0.842,0.909,0.83,0.892,0.943
23,A1_3,0.756,0.909,0.908,1.0,0.87,0.93,0.935,0.897,0.738,0.856,0.941,0.883,0.932,0.907,0.963,0.948
23,B1_1,0.56,0.869,0.785,0.87,1.0,0.884,0.92,0.82,0.618,0.74,0.847,0.941,0.917,0.86,0.886,0.88
23,B1_2,0.71,0.917,0.893,0.93,0.884,1.0,0.915,0.85,0.661,0.675,0.837,0.919,0.961,0.798,0.933,0.952
23,B1_3,0.699,0.943,0.908,0.935,0.92,0.915,1.0,0.911,0.701,0.856,0.875,0.945,0.973,0.927,0.934,0.967
23,A2_1,0.788,0.926,0.963,0.897,0.82,0.85,0.911,1.0,0.845,0.874,0.893,0.888,0.917,0.897,0.886,0.938
23,A2_2,0.875,0.759,0.825,0.738,0.618,0.661,0.701,0.845,1.0,0.726,0.784,0.705,0.688,0.687,0.626,0.772
23,A2_3,0.605,0.781,0.789,0.856,0.74,0.675,0.856,0.874,0.726,1.0,0.877,0.777,0.803,0.955,0.826,0.824
23,B2_1,0.722,0.877,0.863,0.941,0.847,0.837,0.875,0.893,0.784,0.877,1.0,0.833,0.851,0.875,0.929,0.915
23,B2_2,0.635,0.895,0.842,0.883,0.941,0.919,0.945,0.888,0.705,0.777,0.833,1.0,0.972,0.891,0.883,0.944
23,B2_3,0.684,0.929,0.909,0.932,0.917,0.961,0.973,0.917,0.688,0.803,0.851,0.972,1.0,0.911,0.939,0.974
23,y1,0.606,0.827,0.83,0.907,0.86,0.798,0.927,0.897,0.687,0.955,0.875,0.891,0.911,1.0,0.89,0.889
23,y2,0.629,0.929,0.892,0.963,0.886,0.933,0.934,0.886,0.626,0.826,0.929,0.883,0.939,0.89,1.0,0.947
23,y3,0.77,0.951,0.943,0.948,0.88,0.952,0.967,0.938,0.772,0.824,0.915,0.944,0.974,0.889,0.947,1.0
24,.,1.0,0.669,0.826,0.716,0.496,0.659,0.64,0.751,0.852,0.546,0.668,0.572,0.628,0.544,0.574,0.721
24,A1_1,0.669,1.0,0.943,0.903,0.858,0.907,0.938,0.923,0.739,0.772,0.872,0.885,0.922,0.821,0.924,0.948
24,A1_2,0.826,0.943,1.0,0.902,0.762,0.874,0.893,0.962,0.814,0.779,0.854,0.82,0.893,0.818,0.881,0.934
24,A1_3,0.716,0.903,0.902,1.0,0.859,0.925,0.928,0.889,0.713,0.843,0.935,0.872,0.926,0.902,0.961,0.946
24,B1_1,0.496,0.858,0.762,0.859,1.0,0.885,0.92,0.801,0.576,0.719,0.837,0.942,0.918,0.855,0.879,0.876
24,B1_2,0.659,0.907,0.874,0.925,0.885,1.0,0.914,0.834,0.619,0.653,0.828,0.918,0.96,0.792,0.93,0.948
24,B1_3,0.64,0.938,0.893,0.928,0.92,0.914,1.0,0.899,0.666,0.841,0.866,0.945,0.974,0.923,0.93,0.965
24,A2_1,0.751,0.923,0.962,0.889,0.801,0.834,0.899,1.0,0.834,0.867,0.885,0.87,0.905,0.888,0.876,0.931
24,A2_2,0.852,0.739,0.814,0.713,0.576,0.619,0.666,0.834,1.0,0.71,0.762,0.663,0.652,0.658,0.595,0.744
24,A2_3,0.546,0.772,0.779,0.843,0.719,0.653,0.841,0.867,0.71,1.0,0.866,0.757,0.789,0.949,0.814,0.814
24,B2_1,0.668,0.872,0.854,0.935,0.837,0.828,0.866,0.885,0.762,0.866,1.0,0.821,0.843,0.868,0.928,0.912
24,B2_2,0.572,0.885,0.82,0.872,0.942,0.918,0.945,0.87,0.663,0.757,0.821,1.0,0.972,0.886,0.876,0.939
24,B2_3,0.628,0.922,0.893,0.926,0.918,0.96,0.974,0.905,0.652,0.789,0.843,0.972,1.0,0.908,0.935,0.972
24,y1,0.544,0.821,0.818,0.902,0.855,0.792,0.923,0.888,0.658,0.949,0.868,0.886,0.908,1.0,0.887,0.886
24,y2,0.574,0.924,0.881,0.961,0.879,0.93,0.93,0.876,0.595,0.814,0.928,0.876,0.935,0.887,1.0,0.946
24,y3,0.721,0.948,0.934,0.946,0.876,0.948,0.965,0.931,0.744,0.814,0.912,0.939,0.972,0.886,0.946,1.0
25,.,1.0,0.616,0.795,0.669,0.418,0.596,0.569,0.708,0.827,0.481,0.605,0.496,0.559,0.473,0.508,0.662
25,A1_1,0.616,1.0,0.938,0.896,0.844,0.896,0.93,0.918,0.717,0.761,0.866,0.872,0.913,0.812,0.918,0.944
25,A1_2,0.795,0.938,1.0,0.894,0.733,0.852,0.874,0.96,0.802,0.768,0.842,0.794,0.873,0.802,0.867,0.924
25,A1_3,0.669,0.896,0.894,1.0,0.843,0.918,0.919,0.879,0.685,0.829,0.928,0.858,0.918,0.895,0.957,0.942
25,B1_1,0.418,0.844,0.733,0.843,1.0,0.886,0.92,0.777,0.523,0.693,0.824,0.943,0.918,0.848,0.871,0.869
25,B1_2,0.596,0.896,0.852,0.918,0.886,1.0,0.913,0.814,0.568,0.627,0.817,0.916,0.958,0.784,0.925,0.943
25,B1_3,0.569,0.93,0.874,0.919,0.92,0.913,1.0,0.884,0.622,0.822,0.854,0.945,0.974,0.918,0.925,0.963
25,A2_1,0.708,0.918,0.96,0.879,0.777,0.814,0.884,1.0,0.821,0.86,0.876,0.849,0.889,0.877,0.865,0.923
25,A2_2,0.827,0.717,0.802,0.685,0.523,0.568,0.622,0.821,1.0,0.693,0.735,0.613,0.608,0.624,0.559,0.712
25,A2_3,0.481,0.761,0.768,0.829,0.693,0.627,0.822,0.86,0.693,1.0,0.854,0.732,0.77,0.941,0.8,0.802
25,B2_1,0.605,0.866,0.842,0.928,0.824,0.817,0.854,0.876,0.735,0.854,1.0,0.807,0.833,0.861,0.926,0.909
25,B2_2,0.496,0.872,0.794,0.858,0.943,0.916,0.945,0.849,0.613,0.732,0.807,1.0,0.973,0.879,0.867,0.933
25,B2_3,0.559,0.913,0.873,0.918,0.918,0.958,0.974,0.889,0.608,0.77,0.833,0.973,1.0,0.904,0.929,0.968
25,y1,0.473,0.812,0.802,0.895,0.848,0.784,0.918,0.877,0.624,0.941,0.861,0.879,0.904,1.0,0.883,0.883
25,y2,0.508,0.918,0.867,0.957,0.871,0.925,0.925,0.865,0.559,0.8,0.926,0.867,0.929,0.883,1.0,0.945
25,y3,0.662,0.944,0.924,0.942,0.869,0.943,0.963,0.923,0.712,0.802,0.909,0.933,0.968,0.883,0.945,1.0
26,.,1.0,0.558,0.76,0.619,0.333,0.524,0.489,0.66,0.8,0.413,0.537,0.414,0.483,0.396,0.437,0.597
