,,.,A1_1,A1_2,A1_3,B1_1,B1_2,B1_3,A2_1,A2_2,A2_3,B2_1,B2_2,B2_3,y1,y2,y3
1,.,1.0,-0.607,0.069,-0.001,-0.155,0.271,0.107,0.06,0.062,-0.002,0.331,-0.142,0.256,0.234,0.063,-0.007
1,A1_1,-0.607,1.0,0.384,-0.38,-0.09,-0.378,-0.096,-0.189,0.03,0.075,-0.1,-0.391,-0.333,-0.365,-0.024,0.03
1,A1_2,0.069,0.384,1.0,-0.605,-0.463,-0.219,0.028,0.364,-0.235,-0.296,-0.009,-0.629,0.147,-0.457,0.028,-0.081
1,A1_3,-0.001,-0.38,-0.605,1.0,0.112,0.511,-0.398,-0.268,-0.286,-0.002,0.258,0.092,0.05,0.167,0.567,-0.292
1,B1_1,-0.155,-0.09,-0.463,0.112,1.0,-0.271,-0.26,-0.152,0.553,0.381,-0.286,0.429,-0.032,0.497,-0.498,-0.117
1,B1_2,0.271,-0.378,-0.219,0.511,-0.271,1.0,-0.288,-0.457,-0.033,-0.711,0.195,0.003,0.282,-0.183,0.295,0.117
1,B1_3,0.107,-0.096,0.028,-0.398,-0.26,-0.288,1.0,0.113,-0.374,0.353,-0.312,0.05,0.138,0.135,-0.081,0.304
1,A2_1,0.06,-0.189,0.364,-0.268,-0.152,-0.457,0.113,1.0,-0.207,0.043,-0.273,0.247,0.282,-0.126,-0.128,-0.531
1,A2_2,0.062,0.03,-0.235,-0.286,0.553,-0.033,-0.374,-0.207,1.0,-0.117,0.064,0.406,-0.368,0.146,-0.718,0.159
1,A2_3,-0.002,0.075,-0.296,-0.002,0.381,-0.711,0.353,0.043,-0.117,1.0,-0.012,-0.017,-0.205,0.553,0.056,-0.027
1,B2_1,0.331,-0.1,-0.009,0.258,-0.286,0.195,-0.312,-0.273,0.064,-0.012,1.0,-0.397,-0.63,-0.233,0.263,0.247
1,B2_2,-0.142,-0.391,-0.629,0.092,0.429,0.003,0.05,0.247,0.406,-0.017,-0.397,1.0,0.095,0.132,-0.572,-0.03
1,B2_3,0.256,-0.333,0.147,0.05,-0.032,0.282,0.138,0.282,-0.368,-0.205,-0.63,0.095,1.0,0.137,0.152,-0.281
1,y1,0.234,-0.365,-0.457,0.167,0.497,-0.183,0.135,-0.126,0.146,0.553,-0.233,0.132,0.137,1.0,0.125,-0.096
1,y2,0.063,-0.024,0.028,0.567,-0.498,0.295,-0.081,-0.128,-0.718,0.056,0.263,-0.572,0.152,0.125,1.0,-0.25
1,y3,-0.007,0.03,-0.081,-0.292,-0.117,0.117,0.304,-0.531,0.159,-0.027,0.247,-0.03,-0.281,-0.096,-0.25,1.0
2,.,1.0,-0.606,0.069,0.0,-0.157,0.272,0.106,0.058,0.066,-0.003,0.33,-0.142,0.252,0.231,0.059,-0.006
2,A1_1,-0.606,1.0,0.383,-0.383,-0.088,-0.377,-0.093,-0.19,0.029,0.074,-0.098,-0.39,-0.332,-0.364,-0.023,0.032
2,A1_2,0.069,0.383,1.0,-0.606,-0.462,-0.219,0.03,0.364,-0.235,-0.296,-0.008,-0.628,0.148,-0.457,0.027,-0.081
2,A1_3,0.0,-0.383,-0.606,1.0,0.112,0.512,-0.398,-0.268,-0.286,-0.001,0.259,0.092,0.049,0.168,0.566,-0.292
2,B1_1,-0.157,-0.088,-0.462,0.112,1.0,-0.273,-0.26,-0.151,0.552,0.382,-0.287,0.428,-0.032,0.497,-0.496,-0.117
2,B1_2,0.272,-0.377,-0.219,0.512,-0.273,1.0,-0.291,-0.456,-0.035,-0.711,0.193,0.001,0.281,-0.183,0.297,0.117
2,B1_3,0.106,-0.093,0.03,-0.398,-0.26,-0.291,1.0,0.115,-0.374,0.355,-0.314,0.049,0.138,0.134,-0.081,0.302
2,A2_1,0.058,-0.19,0.364,-0.268,-0.151,-0.456,0.115,1.0,-0.207,0.045,-0.272,0.249,0.282,-0.126,-0.129,-0.532
2,A2_2,0.066,0.029,-0.235,-0.286,0.552,-0.035,-0.374,-0.207,1.0,-0.116,0.063,0.404,-0.369,0.146,-0.718,0.158
2,A2_3,-0.003,0.074,-0.296,-0.001,0.382,-0.711,0.355,0.045,-0.116,1.0,-0.01,-0.016,-0.204,0.553,0.055,-0.027
2,B2_1,0.33,-0.098,-0.008,0.259,-0.287,0.193,-0.314,-0.272,0.063,-0.01,1.0,-0.4,-0.631,-0.234,0.264,0.246
2,B2_2,-0.142,-0.39,-0.628,0.092,0.428,0.001,0.049,0.249,0.404,-0.016,-0.4,1.0,0.095,0.131,-0.571,-0.031
2,B2_3,0.252,-0.332,0.148,0.049,-0.032,0.281,0.138,0.282,-0.369,-0.204,-0.631,0.095,1.0,0.137,0.152,-0.282
2,y1,0.231,-0.364,-0.457,0.168,0.497,-0.183,0.134,-0.126,0.146,0.553,-0.234,0.131,0.137,1.0,0.126,-0.097
2,y2,0.059,-0.023,0.027,0.566,-0.496,0.297,-0.081,-0.129,-0.718,0.055,0.264,-0.571,0.152,0.126,1.0,-0.249
2,y3,-0.006,0.032,-0.081,-0.292,-0.117,0.117,0.302,-0.532,0.158,-0.027,0.246,-0.031,-0.282,-0.097,-0.249,1.0
3,.,1.0,-0.605,0.07,0.001,-0.158,0.273,0.104,0.056,0.07,-0.003,0.331,-0.143,0.248,0.227,0.055,-0.006
3,A1_1,-0.605,1.0,0.382,-0.386,-0.087,-0.377,-0.091,-0.191,0.029,0.073,-0.096,-0.39,-0.331,-0.363,-0.022,0.034
3,A1_2,0.07,0.382,1.0,-0.608,-0.46,-0.218,0.033,0.364,-0.234,-0.295,-0.006,-0.626,0.149,-0.456,0.027,-0.082
3,A1_3,0.001,-0.386,-0.608,1.0,0.112,0.512,-0.397,-0.268,-0.286,-0.001,0.26,0.091,0.048,0.17,0.566,-0.291
3,B1_1,-0.158,-0.087,-0.46,0.112,1.0,-0.275,-0.261,-0.149,0.55,0.383,-0.289,0.428,-0.031,0.497,-0.495,-0.118
3,B1_2,0.273,-0.377,-0.218,0.512,-0.275,1.0,-0.293,-0.456,-0.037,-0.711,0.191,-0.002,0.28,-0.182,0.298,0.117
3,B1_3,0.104,-0.091,0.033,-0.397,-0.261,-0.293,1.0,0.117,-0.374,0.356,-0.317,0.048,0.139,0.133,-0.082,0.299
3,A2_1,0.056,-0.191,0.364,-0.268,-0.149,-0.456,0.117,1.0,-0.206,0.046,-0.271,0.251,0.283,-0.126,-0.129,-0.533
3,A2_2,0.07,0.029,-0.234,-0.286,0.55,-0.037,-0.374,-0.206,1.0,-0.115,0.063,0.403,-0.37,0.146,-0.718,0.157
3,A2_3,-0.003,0.073,-0.295,-0.001,0.383,-0.711,0.356,0.046,-0.115,1.0,-0.009,-0.015,-0.203,0.553,0.053,-0.028
3,B2_1,0.331,-0.096,-0.006,0.26,-0.289,0.191,-0.317,-0.271,0.063,-0.009,1.0,-0.403,-0.632,-0.234,0.264,0.245
3,B2_2,-0.143,-0.39,-0.626,0.091,0.428,-0.002,0.048,0.251,0.403,-0.015,-0.403,1.0,0.096,0.131,-0.571,-0.032
3,B2_3,0.248,-0.331,0.149,0.048,-0.031,0.28,0.139,0.283,-0.37,-0.203,-0.632,0.096,1.0,0.138,0.153,-0.282
3,y1,0.227,-0.363,-0.456,0.17,0.497,-0.182,0.133,-0.126,0.146,0.553,-0.234,0.131,0.138,1.0,0.127,-0.098
3,y2,0.055,-0.022,0.027,0.566,-0.495,0.298,-0.082,-0.129,-0.718,0.053,0.264,-0.571,0.153,0.127,1.0,-0.247
3,y3,-0.006,0.034,-0.082,-0.291,-0.118,0.117,0.299,-0.533,0.157,-0.028,0.245,-0.032,-0.282,-0.098,-0.247,1.0
4,.,1.0,-0.603,0.07,0.002,-0.16,0.274,0.103,0.054,0.075,-0.004,0.33,-0.143,0.245,0.223,0.05,-0.005
4,A1_1,-0.603,1.0,0.382,-0.389,-0.086,-0.377,-0.089,-0.192,0.028,0.071,-0.094,-0.389,-0.33,-0.362,-0.022,0.035
4,A1_2,0.07,0.382,1.0,-0.609,-0.459,-0.218,0.035,0.364,-0.234,-0.295,-0.004,-0.625,0.149,-0.456,0.026,-0.082
4,A1_3,0.002,-0.389,-0.609,1.0,0.111,0.513,-0.396,-0.267,-0.286,-0.001,0.261,0.091,0.047,0.171,0.566,-0.29
4,B1_1,-0.16,-0.086,-0.459,0.111,1.0,-0.277,-0.261,-0.148,0.549,0.384,-0.29,0.427,-0.03,0.497,-0.494,-0.119
4,B1_2,0.274,-0.377,-0.218,0.513,-0.277,1.0,-0.295,-0.456,-0.039,-0.711,0.189,-0.005,0.279,-0.182,0.299,0.117
4,B1_3,0.103,-0.089,0.035,-0.396,-0.261,-0.295,1.0,0.119,-0.373,0.358,-0.319,0.048,0.14,0.132,-0.083,0.297
4,A2_1,0.054,-0.192,0.364,-0.267,-0.148,-0.456,0.119,1.0,-0.206,0.047,-0.269,0.252,0.283,-0.126,-0.13,-0.534
4,A2_2,0.075,0.028,-0.234,-0.286,0.549,-0.039,-0.373,-0.206,1.0,-0.113,0.062,0.402,-0.371,0.146,-0.718,0.156
4,A2_3,-0.004,0.071,-0.295,-0.001,0.384,-0.711,0.358,0.047,-0.113,1.0,-0.007,-0.014,-0.203,0.552,0.052,-0.029
4,B2_1,0.33,-0.094,-0.004,0.261,-0.29,0.189,-0.319,-0.269,0.062,-0.007,1.0,-0.406,-0.633,-0.235,0.265,0.245
4,B2_2,-0.143,-0.389,-0.625,0.091,0.427,-0.005,0.048,0.252,0.402,-0.014,-0.406,1.0,0.096,0.131,-0.57,-0.033
4,B2_3,0.245,-0.33,0.149,0.047,-0.03,0.279,0.14,0.283,-0.371,-0.203,-0.633,0.096,1.0,0.138,0.153,-0.282
4,y1,0.223,-0.362,-0.456,0.171,0.497,-0.182,0.132,-0.126,0.146,0.552,-0.235,0.131,0.138,1.0,0.128,-0.099
4,y2,0.05,-0.022,0.026,0.566,-0.494,0.299,-0.083,-0.13,-0.718,0.052,0.265,-0.57,0.153,0.128,1.0,-0.246
4,y3,-0.005,0.035,-0.082,-0.29,-0.119,0.117,0.297,-0.534,0.156,-0.029,0.245,-0.033,-0.282,-0.099,-0.246,1.0
5,.,1.0,-0.601,0.07,0.003,-0.162,0.276,0.101,0.052,0.08,-0.005,0.331,-0.143,0.24,0.219,0.045,-0.004
5,A1_1,-0.601,1.0,0.381,-0.391,-0.085,-0.378,-0.087,-0.192,0.027,0.07,-0.093,-0.388,-0.33,-0.361,-0.022,0.037
5,A1_2,0.07,0.381,1.0,-0.61,-0.458,-0.218,0.037,0.364,-0.233,-0.294,-0.003,-0.624,0.149,-0.456,0.024,-0.083
5,A1_3,0.003,-0.391,-0.61,1.0,0.111,0.513,-0.396,-0.267,-0.286,-0.0,0.262,0.09,0.045,0.173,0.566,-0.289
5,B1_1,-0.162,-0.085,-0.458,0.111,1.0,-0.279,-0.261,-0.147,0.548,0.385,-0.292,0.427,-0.028,0.498,-0.492,-0.119
5,B1_2,0.276,-0.378,-0.218,0.513,-0.279,1.0,-0.297,-0.456,-0.04,-0.711,0.187,-0.007,0.279,-0.181,0.301,0.118
5,B1_3,0.101,-0.087,0.037,-0.396,-0.261,-0.297,1.0,0.121,-0.373,0.36,-0.321,0.048,0.141,0.131,-0.084,0.294
5,A2_1,0.052,-0.192,0.364,-0.267,-0.147,-0.456,0.121,1.0,-0.205,0.048,-0.268,0.253,0.283,-0.126,-0.131,-0.535
5,A2_2,0.08,0.027,-0.233,-0.286,0.548,-0.04,-0.373,-0.205,1.0,-0.112,0.062,0.401,-0.372,0.146,-0.717,0.155
5,A2_3,-0.005,0.07,-0.294,-0.0,0.385,-0.711,0.36,0.048,-0.112,1.0,-0.005,-0.013,-0.202,0.552,0.05,-0.03
5,B2_1,0.331,-0.093,-0.003,0.262,-0.292,0.187,-0.321,-0.268,0.062,-0.005,1.0,-0.409,-0.633,-0.235,0.265,0.245
5,B2_2,-0.143,-0.388,-0.624,0.09,0.427,-0.007,0.048,0.253,0.401,-0.013,-0.409,1.0,0.097,0.131,-0.569,-0.034
5,B2_3,0.24,-0.33,0.149,0.045,-0.028,0.279,0.141,0.283,-0.372,-0.202,-0.633,0.097,1.0,0.139,0.152,-0.282
5,y1,0.219,-0.361,-0.456,0.173,0.498,-0.181,0.131,-0.126,0.146,0.552,-0.235,0.131,0.139,1.0,0.129,-0.1
5,y2,0.045,-0.022,0.024,0.566,-0.492,0.301,-0.084,-0.131,-0.717,0.05,0.265,-0.569,0.152,0.129,1.0,-0.244
5,y3,-0.004,0.037,-0.083,-0.289,-0.119,0.118,0.294,-0.535,0.155,-0.03,0.245,-0.034,-0.282,-0.1,-0.244,1.0
6,.,1.0,-0.6,0.071,0.004,-0.164,0.278,0.099,0.049,0.084,-0.007,0.331,-0.143,0.236,0.215,0.04,-0.003
6,A1_1,-0.6,1.0,0.381,-0.394,-0.083,-0.378,-0.085,-0.193,0.027,0.068,-0.091,-0.388,-0.329,-0.36,-0.021,0.038
6,A1_2,0.071,0.381,1.0,-0.611,-0.457,-0.217,0.039,0.364,-0.233,-0.294,-0.001,-0.623,0.15,-0.456,0.023,-0.084
6,A1_3,0.004,-0.394,-0.611,1.0,0.111,0.513,-0.395,-0.266,-0.286,0.0,0.262,0.089,0.044,0.174,0.565,-0.288
6,B1_1,-0.164,-0.083,-0.457,0.111,1.0,-0.28,-0.26,-0.146,0.546,0.386,-0.294,0.427,-0.027,0.498,-0.491,-0.119
6,B1_2,0.278,-0.378,-0.217,0.513,-0.28,1.0,-0.298,-0.456,-0.042,-0.71,0.184,-0.009,0.279,-0.18,0.302,0.119
6,B1_3,0.099,-0.085,0.039,-0.395,-0.26,-0.298,1.0,0.122,-0.373,0.361,-0.323,0.048,0.143,0.13,-0.085,0.291
6,A2_1,0.049,-0.193,0.364,-0.266,-0.146,-0.456,0.122,1.0,-0.204,0.049,-0.267,0.255,0.283,-0.126,-0.132,-0.537
6,A2_2,0.084,0.027,-0.233,-0.286,0.546,-0.042,-0.373,-0.204,1.0,-0.111,0.062,0.399,-0.373,0.146,-0.717,0.154
6,A2_3,-0.007,0.068,-0.294,0.0,0.386,-0.71,0.361,0.049,-0.111,1.0,-0.004,-0.012,-0.201,0.551,0.049,-0.031
6,B2_1,0.331,-0.091,-0.001,0.262,-0.294,0.184,-0.323,-0.267,0.062,-0.004,1.0,-0.412,-0.634,-0.235,0.266,0.245
6,B2_2,-0.143,-0.388,-0.623,0.089,0.427,-0.009,0.048,0.255,0.399,-0.012,-0.412,1.0,0.099,0.131,-0.569,-0.034
6,B2_3,0.236,-0.329,0.15,0.044,-0.027,0.279,0.143,0.283,-0.373,-0.201,-0.634,0.099,1.0,0.139,0.152,-0.282
6,y1,0.215,-0.36,-0.456,0.174,0.498,-0.18,0.13,-0.126,0.146,0.551,-0.235,0.131,0.139,1.0,0.13,-0.101
6,y2,0.04,-0.021,0.023,0.565,-0.491,0.302,-0.085,-0.132,-0.717,0.049,0.266,-0.569,0.152,0.13,1.0,-0.242
6,y3,-0.003,0.038,-0.084,-0.288,-0.119,0.119,0.291,-0.537,0.154,-0.031,0.245,-0.034,-0.282,-0.101,-0.242,1.0
7,.,1.0,-0.598,0.071,0.006,-0.166,0.279,0.096,0.047,0.09,-0.008,0.332,-0.143,0.231,0.21,0.035,-0.002
7,A1_1,-0.598,1.0,0.381,-0.397,-0.082,-0.378,-0.083,-0.193,0.026,0.067,-0.09,-0.387,-0.329,-0.36,-0.021,0.039
7,A1_2,0.071,0.381,1.0,-0.612,-0.456,-0.217,0.041,0.364,-0.232,-0.293,0.001,-0.622,0.15,-0.457,0.022,-0.085
7,A1_3,0.006,-0.397,-0.612,1.0,0.11,0.513,-0.395,-0.266,-0.285,0.0,0.263,0.089,0.042,0.176,0.565,-0.286
7,B1_1,-0.166,-0.082,-0.456,0.11,1.0,-0.282,-0.259,-0.145,0.545,0.386,-0.296,0.427,-0.025,0.498,-0.49,-0.12
7,B1_2,0.279,-0.378,-0.217,0.513,-0.282,1.0,-0.299,-0.456,-0.044,-0.71,0.182,-0.011,0.279,-0.179,0.303,0.12
7,B1_3,0.096,-0.083,0.041,-0.395,-0.259,-0.299,1.0,0.124,-0.372,0.363,-0.326,0.048,0.145,0.128,-0.086,0.289
7,A2_1,0.047,-0.193,0.364,-0.266,-0.145,-0.456,0.124,1.0,-0.203,0.051,-0.265,0.256,0.283,-0.126,-0.133,-0.538
7,A2_2,0.09,0.026,-0.232,-0.285,0.545,-0.044,-0.372,-0.203,1.0,-0.109,0.061,0.398,-0.374,0.145,-0.717,0.153
7,A2_3,-0.008,0.067,-0.293,0.0,0.386,-0.71,0.363,0.051,-0.109,1.0,-0.002,-0.012,-0.2,0.55,0.047,-0.032
7,B2_1,0.332,-0.09,0.001,0.263,-0.296,0.182,-0.326,-0.265,0.061,-0.002,1.0,-0.416,-0.635,-0.235,0.267,0.245
7,B2_2,-0.143,-0.387,-0.622,0.089,0.427,-0.011,0.048,0.256,0.398,-0.012,-0.416,1.0,0.1,0.132,-0.568,-0.035
7,B2_3,0.231,-0.329,0.15,0.042,-0.025,0.279,0.145,0.283,-0.374,-0.2,-0.635,0.1,1.0,0.139,0.151,-0.282
7,y1,0.21,-0.36,-0.457,0.176,0.498,-0.179,0.128,-0.126,0.145,0.55,-0.235,0.132,0.139,1.0,0.131,-0.101
7,y2,0.035,-0.021,0.022,0.565,-0.49,0.303,-0.086,-0.133,-0.717,0.047,0.267,-0.568,0.151,0.131,1.0,-0.24
7,y3,-0.002,0.039,-0.085,-0.286,-0.12,0.12,0.289,-0.538,0.153,-0.032,0.245,-0.035,-0.282,-0.101,-0.24,1.0
8,.,1.0,-0.596,0.071,0.007,-0.168,0.281,0.094,0.044,0.095,-0.009,0.333,-0.144,0.226,0.206,0.03,-0.001
8,A1_1,-0.596,1.0,0.38,-0.399,-0.081,-0.378,-0.082,-0.194,0.026,0.066,-0.088,-0.386,-0.328,-0.359,-0.02,0.041
8,A1_2,0.071,0.38,1.0,-0.613,-0.454,-0.217,0.042,0.365,-0.231,-0.292,0.002,-0.62,0.149,-0.457,0.02,-0.086
8,A1_3,0.007,-0.399,-0.613,1.0,0.11,0.512,-0.394,-0.265,-0.285,0.001,0.264,0.088,0.041,0.178,0.565,-0.285
8,B1_1,-0.168,-0.081,-0.454,0.11,1.0,-0.283,-0.259,-0.144,0.543,0.387,-0.298,0.427,-0.023,0.498,-0.489,-0.12
8,B1_2,0.281,-0.378,-0.217,0.512,-0.283,1.0,-0.3,-0.455,-0.046,-0.71,0.179,-0.012,0.279,-0.178,0.305,0.121
8,B1_3,0.094,-0.082,0.042,-0.394,-0.259,-0.3,1.0,0.126,-0.372,0.364,-0.328,0.049,0.146,0.127,-0.088,0.286
8,A2_1,0.044,-0.194,0.365,-0.265,-0.144,-0.455,0.126,1.0,-0.202,0.052,-0.264,0.257,0.283,-0.127,-0.134,-0.54
8,A2_2,0.095,0.026,-0.231,-0.285,0.543,-0.046,-0.372,-0.202,1.0,-0.108,0.061,0.396,-0.375,0.145,-0.716,0.152
8,A2_3,-0.009,0.066,-0.292,0.001,0.387,-0.71,0.364,0.052,-0.108,1.0,-0.0,-0.011,-0.199,0.55,0.045,-0.033
8,B2_1,0.333,-0.088,0.002,0.264,-0.298,0.179,-0.328,-0.264,0.061,-0.0,1.0,-0.419,-0.636,-0.235,0.268,0.245
8,B2_2,-0.144,-0.386,-0.62,0.088,0.427,-0.012,0.049,0.257,0.396,-0.011,-0.419,1.0,0.102,0.132,-0.567,-0.035
8,B2_3,0.226,-0.328,0.149,0.041,-0.023,0.279,0.146,0.283,-0.375,-0.199,-0.636,0.102,1.0,0.139,0.15,-0.282
8,y1,0.206,-0.359,-0.457,0.178,0.498,-0.178,0.127,-0.127,0.145,0.55,-0.235,0.132,0.139,1.0,0.133,-0.102
8,y2,0.03,-0.02,0.02,0.565,-0.489,0.305,-0.088,-0.134,-0.716,0.045,0.268,-0.567,0.15,0.133,1.0,-0.237
8,y3,-0.001,0.041,-0.086,-0.285,-0.12,0.121,0.286,-0.54,0.152,-0.033,0.245,-0.035,-0.282,-0.102,-0.237,1.0
9,.,1.0,-0.593,0.071,0.008,-0.171,0.282,0.091,0.041,0.1,-0.011,0.334,-0.144,0.22,0.201,0.025,0.0
9,A1_1,-0.593,1.0,0.38,-0.402,-0.08,-0.379,-0.08,-0.194,0.026,0.064,-0.087,-0.386,-0.328,-0.358,-0.02,0.042
9,A1_2,0.071,0.38,1.0,-0.614,-0.453,-0.218,0.044,0.365,-0.23,-0.292,0.004,-0.619,0.149,-0.457,0.018,-0.088
9,A1_3,0.008,-0.402,-0.614,1.0,0.109,0.512,-0.394,-0.264,-0.285,0.001,0.266,0.087,0.039,0.179,0.565,-0.284
9,B1_1,-0.171,-0.08,-0.453,0.109,1.0,-0.284,-0.258,-0.143,0.541,0.387,-0.3,0.427,-0.021,0.498,-0.488,-0.121
9,B1_2,0.282,-0.379,-0.218,0.512,-0.284,1.0,-0.301,-0.455,-0.048,-0.71,0.177,-0.014,0.279,-0.177,0.306,0.123
9,B1_3,0.091,-0.08,0.044,-0.394,-0.258,-0.301,1.0,0.127,-0.372,0.365,-0.33,0.049,0.148,0.125,-0.089,0.283
9,A2_1,0.041,-0.194,0.365,-0.264,-0.143,-0.455,0.127,1.0,-0.201,0.053,-0.263,0.258,0.283,-0.128,-0.136,-0.542
9,A2_2,0.1,0.026,-0.23,-0.285,0.541,-0.048,-0.372,-0.201,1.0,-0.107,0.06,0.394,-0.376,0.145,-0.715,0.151
9,A2_3,-0.011,0.064,-0.292,0.001,0.387,-0.71,0.365,0.053,-0.107,1.0,0.001,-0.01,-0.199,0.549,0.043,-0.035
9,B2_1,0.334,-0.087,0.004,0.266,-0.3,0.177,-0.33,-0.263,0.06,0.001,1.0,-0.422,-0.637,-0.235,0.269,0.246
9,B2_2,-0.144,-0.386,-0.619,0.087,0.427,-0.014,0.049,0.258,0.394,-0.01,-0.422,1.0,0.104,0.132,-0.567,-0.036
9,B2_3,0.22,-0.328,0.149,0.039,-0.021,0.279,0.148,0.283,-0.376,-0.199,-0.637,0.104,1.0,0.139,0.149,-0.283
9,y1,0.201,-0.358,-0.457,0.179,0.498,-0.177,0.125,-0.128,0.145,0.549,-0.235,0.132,0.139,1.0,0.134,-0.102
9,y2,0.025,-0.02,0.018,0.565,-0.488,0.306,-0.089,-0.136,-0.715,0.043,0.269,-0.567,0.149,0.134,1.0,-0.235
9,y3,0.0,0.042,-0.088,-0.284,-0.121,0.123,0.283,-0.542,0.151,-0.035,0.246,-0.036,-0.283,-0.102,-0.235,1.0
10,.,1.0,-0.59,0.071,0.009,-0.173,0.283,0.088,0.038,0.106,-0.013,0.334,-0.146,0.214,0.196,0.02,0.002
10,A1_1,-0.59,1.0,0.38,-0.405,-0.079,-0.379,-0.078,-0.194,0.025,0.063,-0.085,-0.385,-0.327,-0.357,-0.02,0.043
10,A1_2,0.071,0.38,1.0,-0.615,-0.452,-0.218,0.046,0.365,-0.229,-0.291,0.006,-0.618,0.149,-0.458,0.016,-0.09
10,A1_3,0.009,-0.405,-0.615,1.0,0.108,0.512,-0.393,-0.264,-0.285,0.002,0.267,0.086,0.038,0.181,0.565,-0.282
10,B1_1,-0.173,-0.079,-0.452,0.108,1.0,-0.284,-0.257,-0.142,0.54,0.387,-0.302,0.428,-0.019,0.497,-0.487,-0.121
10,B1_2,0.283,-0.379,-0.218,0.512,-0.284,1.0,-0.302,-0.456,-0.05,-0.711,0.174,-0.015,0.279,-0.176,0.307,0.124
10,B1_3,0.088,-0.078,0.046,-0.393,-0.257,-0.302,1.0,0.129,-0.371,0.366,-0.333,0.05,0.15,0.124,-0.091,0.28
10,A2_1,0.038,-0.194,0.365,-0.264,-0.142,-0.456,0.129,1.0,-0.2,0.055,-0.262,0.258,0.282,-0.128,-0.137,-0.544
10,A2_2,0.106,0.025,-0.229,-0.285,0.54,-0.05,-0.371,-0.2,1.0,-0.105,0.06,0.393,-0.377,0.145,-0.715,0.15
10,A2_3,-0.013,0.063,-0.291,0.002,0.387,-0.711,0.366,0.055,-0.105,1.0,0.003,-0.01,-0.198,0.548,0.042,-0.036
10,B2_1,0.334,-0.085,0.006,0.267,-0.302,0.174,-0.333,-0.262,0.06,0.003,1.0,-0.426,-0.638,-0.235,0.27,0.247
10,B2_2,-0.146,-0.385,-0.618,0.086,0.428,-0.015,0.05,0.258,0.393,-0.01,-0.426,1.0,0.106,0.131,-0.566,-0.036
10,B2_3,0.214,-0.327,0.149,0.038,-0.019,0.279,0.15,0.282,-0.377,-0.198,-0.638,0.106,1.0,0.139,0.148,-0.283
10,y1,0.196,-0.357,-0.458,0.181,0.497,-0.176,0.124,-0.128,0.145,0.548,-0.235,0.131,0.139,1.0,0.135,-0.102
10,y2,0.02,-0.02,0.016,0.565,-0.487,0.307,-0.091,-0.137,-0.715,0.042,0.27,-0.566,0.148,0.135,1.0,-0.232
10,y3,0.002,0.043,-0.09,-0.282,-0.121,0.124,0.28,-0.544,0.15,-0.036,0.247,-0.036,-0.283,-0.102,-0.232,1.0
11,.,1.0,-0.588,0.072,0.011,-0.176,0.284,0.084,0.035,0.112,-0.014,0.335,-0.147,0.208,0.191,0.015,0.003
11,A1_1,-0.588,1.0,0.38,-0.408,-0.078,-0.38,-0.076,-0.194,0.025,0.062,-0.084,-0.384,-0.327,-0.357,-0.02,0.044
11,A1_2,0.072,0.38,1.0,-0.616,-0.451,-0.218,0.047,0.366,-0.228,-0.29,0.007,-0.617,0.148,-0.458,0.014,-0.091
11,A1_3,0.011,-0.408,-0.616,1.0,0.108,0.511,-0.393,-0.263,-0.285,0.002,0.268,0.085,0.036,0.183,0.565,-0.281
11,B1_1,-0.176,-0.078,-0.451,0.108,1.0,-0.285,-0.256,-0.141,0.538,0.387,-0.304,0.428,-0.017,0.497,-0.486,-0.121
11,B1_2,0.284,-0.38,-0.218,0.511,-0.285,1.0,-0.303,-0.456,-0.052,-0.711,0.171,-0.016,0.28,-0.175,0.308,0.126
11,B1_3,0.084,-0.076,0.047,-0.393,-0.256,-0.303,1.0,0.13,-0.371,0.367,-0.336,0.051,0.152,0.122,-0.092,0.277
11,A2_1,0.035,-0.194,0.366,-0.263,-0.141,-0.456,0.13,1.0,-0.199,0.056,-0.26,0.259,0.282,-0.129,-0.139,-0.546
11,A2_2,0.112,0.025,-0.228,-0.285,0.538,-0.052,-0.371,-0.199,1.0,-0.104,0.06,0.391,-0.378,0.145,-0.714,0.149
11,A2_3,-0.014,0.062,-0.29,0.002,0.387,-0.711,0.367,0.056,-0.104,1.0,0.004,-0.009,-0.198,0.547,0.04,-0.037
11,B2_1,0.335,-0.084,0.007,0.268,-0.304,0.171,-0.336,-0.26,0.06,0.004,1.0,-0.429,-0.639,-0.235,0.271,0.248
11,B2_2,-0.147,-0.384,-0.617,0.085,0.428,-0.016,0.051,0.259,0.391,-0.009,-0.429,1.0,0.108,0.131,-0.565,-0.037
11,B2_3,0.208,-0.327,0.148,0.036,-0.017,0.28,0.152,0.282,-0.378,-0.198,-0.639,0.108,1.0,0.138,0.146,-0.283
11,y1,0.191,-0.357,-0.458,0.183,0.497,-0.175,0.122,-0.129,0.145,0.547,-0.235,0.131,0.138,1.0,0.137,-0.102
11,y2,0.015,-0.02,0.014,0.565,-0.486,0.308,-0.092,-0.139,-0.714,0.04,0.271,-0.565,0.146,0.137,1.0,-0.229
11,y3,0.003,0.044,-0.091,-0.281,-0.121,0.126,0.277,-0.546,0.149,-0.037,0.248,-0.037,-0.283,-0.102,-0.229,1.0
12,.,1.0,-0.584,0.073,0.012,-0.179,0.284,0.081,0.033,0.118,-0.015,0.336,-0.148,0.2,0.186,0.01,0.005
12,A1_1,-0.584,1.0,0.38,-0.41,-0.077,-0.38,-0.075,-0.194,0.025,0.06,-0.082,-0.384,-0.326,-0.356,-0.02,0.045
12,A1_2,0.073,0.38,1.0,-0.616,-0.45,-0.219,0.048,0.366,-0.226,-0.289,0.009,-0.615,0.147,-0.459,0.012,-0.093
12,A1_3,0.012,-0.41,-0.616,1.0,0.107,0.511,-0.392,-0.262,-0.284,0.002,0.27,0.084,0.034,0.184,0.565,-0.279
12,B1_1,-0.179,-0.077,-0.45,0.107,1.0,-0.285,-0.255,-0.14,0.536,0.387,-0.306,0.429,-0.014,0.497,-0.485,-0.121
12,B1_2,0.284,-0.38,-0.219,0.511,-0.285,1.0,-0.304,-0.456,-0.054,-0.711,0.168,-0.017,0.28,-0.174,0.309,0.128
12,B1_3,0.081,-0.075,0.048,-0.392,-0.255,-0.304,1.0,0.132,-0.371,0.368,-0.339,0.052,0.154,0.121,-0.094,0.274
12,A2_1,0.033,-0.194,0.366,-0.262,-0.14,-0.456,0.132,1.0,-0.197,0.058,-0.259,0.259,0.281,-0.13,-0.14,-0.549
12,A2_2,0.118,0.025,-0.226,-0.284,0.536,-0.054,-0.371,-0.197,1.0,-0.102,0.059,0.388,-0.379,0.144,-0.713,0.147
12,A2_3,-0.015,0.06,-0.289,0.002,0.387,-0.711,0.368,0.058,-0.102,1.0,0.006,-0.009,-0.198,0.546,0.038,-0.038
12,B2_1,0.336,-0.082,0.009,0.27,-0.306,0.168,-0.339,-0.259,0.059,0.006,1.0,-0.433,-0.641,-0.234,0.272,0.25
12,B2_2,-0.148,-0.384,-0.615,0.084,0.429,-0.017,0.052,0.259,0.388,-0.009,-0.433,1.0,0.111,0.131,-0.564,-0.037
12,B2_3,0.2,-0.326,0.147,0.034,-0.014,0.28,0.154,0.281,-0.379,-0.198,-0.641,0.111,1.0,0.138,0.145,-0.284
12,y1,0.186,-0.356,-0.459,0.184,0.497,-0.174,0.121,-0.13,0.144,0.546,-0.234,0.131,0.138,1.0,0.139,-0.102
12,y2,0.01,-0.02,0.012,0.565,-0.485,0.309,-0.094,-0.14,-0.713,0.038,0.272,-0.564,0.145,0.139,1.0,-0.225
12,y3,0.005,0.045,-0.093,-0.279,-0.121,0.128,0.274,-0.549,0.147,-0.038,0.25,-0.037,-0.284,-0.102,-0.225,1.0
13,.,1.0,-0.581,0.073,0.013,-0.183,0.284,0.076,0.03,0.124,-0.017,0.336,-0.15,0.193,0.181,0.005,0.006
13,A1_1,-0.581,1.0,0.38,-0.413,-0.076,-0.38,-0.073,-0.194,0.025,0.059,-0.08,-0.383,-0.326,-0.355,-0.02,0.046
13,A1_2,0.073,0.38,1.0,-0.617,-0.449,-0.219,0.05,0.367,-0.225,-0.288,0.01,-0.614,0.146,-0.46,0.01,-0.096
13,A1_3,0.013,-0.413,-0.617,1.0,0.107,0.511,-0.392,-0.262,-0.284,0.003,0.271,0.084,0.033,0.186,0.565,-0.277
13,B1_1,-0.183,-0.076,-0.449,0.107,1.0,-0.286,-0.253,-0.139,0.534,0.387,-0.308,0.429,-0.012,0.496,-0.484,-0.122
13,B1_2,0.284,-0.38,-0.219,0.511,-0.286,1.0,-0.304,-0.456,-0.056,-0.711,0.165,-0.017,0.281,-0.172,0.31,0.13
13,B1_3,0.076,-0.073,0.05,-0.392,-0.253,-0.304,1.0,0.133,-0.371,0.369,-0.342,0.053,0.156,0.119,-0.095,0.271
13,A2_1,0.03,-0.194,0.367,-0.262,-0.139,-0.456,0.133,1.0,-0.196,0.059,-0.258,0.26,0.28,-0.131,-0.142,-0.551
13,A2_2,0.124,0.025,-0.225,-0.284,0.534,-0.056,-0.371,-0.196,1.0,-0.1,0.059,0.386,-0.38,0.144,-0.712,0.146
13,A2_3,-0.017,0.059,-0.288,0.003,0.387,-0.711,0.369,0.059,-0.1,1.0,0.008,-0.009,-0.198,0.544,0.036,-0.04
13,B2_1,0.336,-0.08,0.01,0.271,-0.308,0.165,-0.342,-0.258,0.059,0.008,1.0,-0.436,-0.642,-0.234,0.273,0.251
13,B2_2,-0.15,-0.383,-0.614,0.084,0.429,-0.017,0.053,0.26,0.386,-0.009,-0.436,1.0,0.113,0.131,-0.563,-0.038
13,B2_3,0.193,-0.326,0.146,0.033,-0.012,0.281,0.156,0.28,-0.38,-0.198,-0.642,0.113,1.0,0.137,0.143,-0.284
13,y1,0.181,-0.355,-0.46,0.186,0.496,-0.172,0.119,-0.131,0.144,0.544,-0.234,0.131,0.137,1.0,0.141,-0.101
13,y2,0.005,-0.02,0.01,0.565,-0.484,0.31,-0.095,-0.142,-0.712,0.036,0.273,-0.563,0.143,0.141,1.0,-0.222
13,y3,0.006,0.046,-0.096,-0.277,-0.122,0.13,0.271,-0.551,0.146,-0.04,0.251,-0.038,-0.284,-0.101,-0.222,1.0
14,.,1.0,-0.577,0.075,0.014,-0.186,0.284,0.072,0.027,0.13,-0.018,0.336,-0.152,0.185,0.176,0.001,0.008
14,A1_1,-0.577,1.0,0.38,-0.416,-0.075,-0.38,-0.071,-0.194,0.025,0.058,-0.078,-0.382,-0.325,-0.355,-0.02,0.046
14,A1_2,0.075,0.38,1.0,-0.618,-0.449,-0.22,0.051,0.367,-0.223,-0.287,0.012,-0.613,0.145,-0.46,0.007,-0.098
14,A1_3,0.014,-0.416,-0.618,1.0,0.106,0.51,-0.391,-0.261,-0.284,0.003,0.273,0.083,0.031,0.188,0.564,-0.276
14,B1_1,-0.186,-0.075,-0.449,0.106,1.0,-0.286,-0.252,-0.138,0.532,0.387,-0.311,0.43,-0.009,0.495,-0.483,-0.122
14,B1_2,0.284,-0.38,-0.22,0.51,-0.286,1.0,-0.305,-0.456,-0.058,-0.712,0.162,-0.018,0.281,-0.171,0.311,0.132
14,B1_3,0.072,-0.071,0.051,-0.391,-0.252,-0.305,1.0,0.134,-0.37,0.369,-0.346,0.055,0.159,0.117,-0.097,0.268
14,A2_1,0.027,-0.194,0.367,-0.261,-0.138,-0.456,0.134,1.0,-0.194,0.061,-0.257,0.26,0.279,-0.132,-0.143,-0.553
14,A2_2,0.13,0.025,-0.223,-0.284,0.532,-0.058,-0.37,-0.194,1.0,-0.098,0.058,0.384,-0.381,0.143,-0.712,0.145
14,A2_3,-0.018,0.058,-0.287,0.003,0.387,-0.712,0.369,0.061,-0.098,1.0,0.009,-0.009,-0.198,0.543,0.034,-0.041
14,B2_1,0.336,-0.078,0.012,0.273,-0.311,0.162,-0.346,-0.257,0.058,0.009,1.0,-0.44,-0.644,-0.234,0.275,0.253
14,B2_2,-0.152,-0.382,-0.613,0.083,0.43,-0.018,0.055,0.26,0.384,-0.009,-0.44,1.0,0.116,0.13,-0.562,-0.038
14,B2_3,0.185,-0.325,0.145,0.031,-0.009,0.281,0.159,0.279,-0.381,-0.198,-0.644,0.116,1.0,0.137,0.141,-0.284
14,y1,0.176,-0.355,-0.46,0.188,0.495,-0.171,0.117,-0.132,0.143,0.543,-0.234,0.13,0.137,1.0,0.143,-0.1
14,y2,0.001,-0.02,0.007,0.564,-0.483,0.311,-0.097,-0.143,-0.712,0.034,0.275,-0.562,0.141,0.143,1.0,-0.218
14,y3,0.008,0.046,-0.098,-0.276,-0.122,0.132,0.268,-0.553,0.145,-0.041,0.253,-0.038,-0.284,-0.1,-0.218,1.0
15,.,1.0,-0.573,0.076,0.015,-0.19,0.283,0.067,0.024,0.136,-0.019,0.337,-0.155,0.177,0.171,-0.004,0.009
15,A1_1,-0.573,1.0,0.38,-0.419,-0.074,-0.381,-0.069,-0.193,0.025,0.057,-0.076,-0.381,-0.324,-0.354,-0.02,0.047
15,A1_2,0.076,0.38,1.0,-0.618,-0.448,-0.221,0.052,0.368,-0.221,-0.285,0.013,-0.612,0.144,-0.461,0.005,-0.1
15,A1_3,0.015,-0.419,-0.618,1.0,0.105,0.51,-0.391,-0.26,-0.284,0.004,0.275,0.082,0.029,0.19,0.564,-0.274
15,B1_1,-0.19,-0.074,-0.448,0.105,1.0,-0.285,-0.25,-0.138,0.529,0.386,-0.313,0.431,-0.006,0.494,-0.482,-0.122
15,B1_2,0.283,-0.381,-0.221,0.51,-0.285,1.0,-0.305,-0.457,-0.061,-0.712,0.158,-0.018,0.282,-0.17,0.313,0.134
15,B1_3,0.067,-0.069,0.052,-0.391,-0.25,-0.305,1.0,0.135,-0.37,0.37,-0.349,0.056,0.161,0.115,-0.098,0.265
15,A2_1,0.024,-0.193,0.368,-0.26,-0.138,-0.457,0.135,1.0,-0.192,0.063,-0.256,0.26,0.278,-0.134,-0.145,-0.556
15,A2_2,0.136,0.025,-0.221,-0.284,0.529,-0.061,-0.37,-0.192,1.0,-0.096,0.058,0.381,-0.382,0.143,-0.711,0.143
15,A2_3,-0.019,0.057,-0.285,0.004,0.386,-0.712,0.37,0.063,-0.096,1.0,0.011,-0.009,-0.198,0.542,0.032,-0.042
15,B2_1,0.337,-0.076,0.013,0.275,-0.313,0.158,-0.349,-0.256,0.058,0.011,1.0,-0.443,-0.646,-0.233,0.277,0.255
15,B2_2,-0.155,-0.381,-0.612,0.082,0.431,-0.018,0.056,0.26,0.381,-0.009,-0.443,1.0,0.119,0.13,-0.561,-0.039
15,B2_3,0.177,-0.324,0.144,0.029,-0.006,0.282,0.161,0.278,-0.382,-0.198,-0.646,0.119,1.0,0.136,0.139,-0.285
15,y1,0.171,-0.354,-0.461,0.19,0.494,-0.17,0.115,-0.134,0.143,0.542,-0.233,0.13,0.136,1.0,0.145,-0.099
15,y2,-0.004,-0.02,0.005,0.564,-0.482,0.313,-0.098,-0.145,-0.711,0.032,0.277,-0.561,0.139,0.145,1.0,-0.214
15,y3,0.009,0.047,-0.1,-0.274,-0.122,0.134,0.265,-0.556,0.143,-0.042,0.255,-0.039,-0.285,-0.099,-0.214,1.0
16,.,1.0,-0.569,0.078,0.016,-0.195,0.281,0.062,0.022,0.142,-0.021,0.336,-0.158,0.168,0.166,-0.009,0.011
16,A1_1,-0.569,1.0,0.38,-0.422,-0.073,-0.381,-0.067,-0.193,0.025,0.056,-0.074,-0.379,-0.324,-0.354,-0.02,0.047
16,A1_2,0.078,0.38,1.0,-0.619,-0.447,-0.222,0.053,0.369,-0.219,-0.284,0.014,-0.611,0.142,-0.462,0.002,-0.103
16,A1_3,0.016,-0.422,-0.619,1.0,0.105,0.51,-0.39,-0.259,-0.284,0.004,0.277,0.081,0.028,0.191,0.564,-0.272
16,B1_1,-0.195,-0.073,-0.447,0.105,1.0,-0.285,-0.248,-0.137,0.527,0.386,-0.316,0.433,-0.003,0.493,-0.481,-0.122
16,B1_2,0.281,-0.381,-0.222,0.51,-0.285,1.0,-0.306,-0.457,-0.063,-0.712,0.154,-0.018,0.283,-0.168,0.314,0.136
16,B1_3,0.062,-0.067,0.053,-0.39,-0.248,-0.306,1.0,0.137,-0.37,0.37,-0.353,0.058,0.163,0.114,-0.1,0.262
16,A2_1,0.022,-0.193,0.369,-0.259,-0.137,-0.457,0.137,1.0,-0.19,0.065,-0.255,0.26,0.277,-0.135,-0.147,-0.559
16,A2_2,0.142,0.025,-0.219,-0.284,0.527,-0.063,-0.37,-0.19,1.0,-0.094,0.057,0.378,-0.383,0.142,-0.71,0.141
16,A2_3,-0.021,0.056,-0.284,0.004,0.386,-0.712,0.37,0.065,-0.094,1.0,0.012,-0.009,-0.198,0.54,0.03,-0.043
16,B2_1,0.336,-0.074,0.014,0.277,-0.316,0.154,-0.353,-0.255,0.057,0.012,1.0,-0.447,-0.648,-0.233,0.278,0.257
16,B2_2,-0.158,-0.379,-0.611,0.081,0.433,-0.018,0.058,0.26,0.378,-0.009,-0.447,1.0,0.123,0.129,-0.559,-0.04
16,B2_3,0.168,-0.324,0.142,0.028,-0.003,0.283,0.163,0.277,-0.383,-0.198,-0.648,0.123,1.0,0.135,0.137,-0.285
16,y1,0.166,-0.354,-0.462,0.191,0.493,-0.168,0.114,-0.135,0.142,0.54,-0.233,0.129,0.135,1.0,0.147,-0.098
16,y2,-0.009,-0.02,0.002,0.564,-0.481,0.314,-0.1,-0.147,-0.71,0.03,0.278,-0.559,0.137,0.147,1.0,-0.209
16,y3,0.011,0.047,-0.103,-0.272,-0.122,0.136,0.262,-0.559,0.141,-0.043,0.257,-0.04,-0.285,-0.098,-0.209,1.0
17,.,1.0,-0.565,0.08,0.017,-0.199,0.279,0.057,0.02,0.149,-0.022,0.335,-0.162,0.159,0.161,-0.014,0.013
17,A1_1,-0.565,1.0,0.38,-0.425,-0.072,-0.381,-0.065,-0.192,0.025,0.055,-0.072,-0.378,-0.323,-0.353,-0.021,0.048
17,A1_2,0.08,0.38,1.0,-0.619,-0.446,-0.224,0.054,0.37,-0.216,-0.282,0.016,-0.609,0.14,-0.462,-0.001,-0.105
17,A1_3,0.017,-0.425,-0.619,1.0,0.104,0.509,-0.39,-0.258,-0.283,0.004,0.279,0.08,0.026,0.193,0.564,-0.27
17,B1_1,-0.199,-0.072,-0.446,0.104,1.0,-0.284,-0.246,-0.137,0.524,0.385,-0.318,0.434,0.001,0.492,-0.48,-0.123
17,B1_2,0.279,-0.381,-0.224,0.509,-0.284,1.0,-0.306,-0.458,-0.066,-0.713,0.15,-0.017,0.284,-0.167,0.315,0.138
17,B1_3,0.057,-0.065,0.054,-0.39,-0.246,-0.306,1.0,0.138,-0.37,0.371,-0.358,0.059,0.166,0.112,-0.101,0.259
17,A2_1,0.02,-0.192,0.37,-0.258,-0.137,-0.458,0.138,1.0,-0.188,0.067,-0.253,0.259,0.276,-0.136,-0.149,-0.561
17,A2_2,0.149,0.025,-0.216,-0.283,0.524,-0.066,-0.37,-0.188,1.0,-0.092,0.057,0.375,-0.384,0.141,-0.709,0.139
17,A2_3,-0.022,0.055,-0.282,0.004,0.385,-0.713,0.371,0.067,-0.092,1.0,0.014,-0.009,-0.198,0.539,0.028,-0.045
17,B2_1,0.335,-0.072,0.016,0.279,-0.318,0.15,-0.358,-0.253,0.057,0.014,1.0,-0.451,-0.65,-0.232,0.28,0.259
17,B2_2,-0.162,-0.378,-0.609,0.08,0.434,-0.017,0.059,0.259,0.375,-0.009,-0.451,1.0,0.126,0.128,-0.558,-0.04
17,B2_3,0.159,-0.323,0.14,0.026,0.001,0.284,0.166,0.276,-0.384,-0.198,-0.65,0.126,1.0,0.134,0.135,-0.285
17,y1,0.161,-0.353,-0.462,0.193,0.492,-0.167,0.112,-0.136,0.141,0.539,-0.232,0.128,0.134,1.0,0.15,-0.097
17,y2,-0.014,-0.021,-0.001,0.564,-0.48,0.315,-0.101,-0.149,-0.709,0.028,0.28,-0.558,0.135,0.15,1.0,-0.204
17,y3,0.013,0.048,-0.105,-0.27,-0.123,0.138,0.259,-0.561,0.139,-0.045,0.259,-0.04,-0.285,-0.097,-0.204,1.0
18,.,1.0,-0.56,0.083,0.018,-0.205,0.276,0.051,0.018,0.155,-0.023,0.334,-0.166,0.15,0.155,-0.018,0.014
18,A1_1,-0.56,1.0,0.381,-0.428,-0.07,-0.381,-0.062,-0.192,0.026,0.054,-0.069,-0.377,-0.322,-0.353,-0.021,0.048
18,A1_2,0.083,0.381,1.0,-0.62,-0.446,-0.226,0.054,0.371,-0.214,-0.28,0.017,-0.608,0.138,-0.463,-0.003,-0.108
18,A1_3,0.018,-0.428,-0.62,1.0,0.104,0.509,-0.389,-0.257,-0.283,0.005,0.281,0.079,0.024,0.195,0.563,-0.268
18,B1_1,-0.205,-0.07,-0.446,0.104,1.0,-0.283,-0.244,-0.136,0.521,0.384,-0.321,0.436,0.004,0.49,-0.478,-0.123
18,B1_2,0.276,-0.381,-0.226,0.509,-0.283,1.0,-0.306,-0.458,-0.069,-0.714,0.146,-0.016,0.285,-0.165,0.316,0.141
18,B1_3,0.051,-0.062,0.054,-0.389,-0.244,-0.306,1.0,0.139,-0.37,0.371,-0.362,0.061,0.168,0.11,-0.103,0.256
18,A2_1,0.018,-0.192,0.371,-0.257,-0.136,-0.458,0.139,1.0,-0.186,0.069,-0.252,0.259,0.274,-0.138,-0.151,-0.564
18,A2_2,0.155,0.026,-0.214,-0.283,0.521,-0.069,-0.37,-0.186,1.0,-0.09,0.056,0.372,-0.386,0.141,-0.708,0.137
18,A2_3,-0.023,0.054,-0.28,0.005,0.384,-0.714,0.371,0.069,-0.09,1.0,0.015,-0.009,-0.199,0.537,0.026,-0.046
18,B2_1,0.334,-0.069,0.017,0.281,-0.321,0.146,-0.362,-0.252,0.056,0.015,1.0,-0.454,-0.652,-0.231,0.282,0.262
18,B2_2,-0.166,-0.377,-0.608,0.079,0.436,-0.016,0.061,0.259,0.372,-0.009,-0.454,1.0,0.13,0.128,-0.557,-0.041
18,B2_3,0.15,-0.322,0.138,0.024,0.004,0.285,0.168,0.274,-0.386,-0.199,-0.652,0.13,1.0,0.133,0.133,-0.285
18,y1,0.155,-0.353,-0.463,0.195,0.49,-0.165,0.11,-0.138,0.141,0.537,-0.231,0.128,0.133,1.0,0.152,-0.095
18,y2,-0.018,-0.021,-0.003,0.563,-0.478,0.316,-0.103,-0.151,-0.708,0.026,0.282,-0.557,0.133,0.152,1.0,-0.199
18,y3,0.014,0.048,-0.108,-0.268,-0.123,0.141,0.256,-0.564,0.137,-0.046,0.262,-0.041,-0.285,-0.095,-0.199,1.0
19,.,1.0,-0.555,0.085,0.018,-0.21,0.272,0.045,0.016,0.161,-0.024,0.332,-0.171,0.14,0.15,-0.023,0.016
19,A1_1,-0.555,1.0,0.381,-0.432,-0.069,-0.381,-0.06,-0.191,0.026,0.053,-0.067,-0.375,-0.321,-0.353,-0.022,0.048
19,A1_2,0.085,0.381,1.0,-0.62,-0.446,-0.228,0.055,0.372,-0.211,-0.278,0.018,-0.607,0.135,-0.464,-0.006,-0.111
19,A1_3,0.018,-0.432,-0.62,1.0,0.103,0.508,-0.389,-0.256,-0.283,0.005,0.284,0.078,0.023,0.196,0.563,-0.267
19,B1_1,-0.21,-0.069,-0.446,0.103,1.0,-0.281,-0.242,-0.136,0.518,0.382,-0.323,0.438,0.008,0.489,-0.477,-0.123
19,B1_2,0.272,-0.381,-0.228,0.508,-0.281,1.0,-0.306,-0.459,-0.072,-0.714,0.142,-0.015,0.286,-0.163,0.317,0.143
19,B1_3,0.045,-0.06,0.055,-0.389,-0.242,-0.306,1.0,0.139,-0.37,0.372,-0.367,0.064,0.171,0.109,-0.104,0.253
19,A2_1,0.016,-0.191,0.372,-0.256,-0.136,-0.459,0.139,1.0,-0.183,0.071,-0.251,0.258,0.272,-0.139,-0.153,-0.567
19,A2_2,0.161,0.026,-0.211,-0.283,0.518,-0.072,-0.37,-0.183,1.0,-0.088,0.055,0.369,-0.387,0.14,-0.707,0.135
19,A2_3,-0.024,0.053,-0.278,0.005,0.382,-0.714,0.372,0.071,-0.088,1.0,0.017,-0.01,-0.199,0.535,0.024,-0.047
19,B2_1,0.332,-0.067,0.018,0.284,-0.323,0.142,-0.367,-0.251,0.055,0.017,1.0,-0.458,-0.655,-0.231,0.284,0.265
19,B2_2,-0.171,-0.375,-0.607,0.078,0.438,-0.015,0.064,0.258,0.369,-0.01,-0.458,1.0,0.134,0.127,-0.555,-0.042
19,B2_3,0.14,-0.321,0.135,0.023,0.008,0.286,0.171,0.272,-0.387,-0.199,-0.655,0.134,1.0,0.133,0.131,-0.285
19,y1,0.15,-0.353,-0.464,0.196,0.489,-0.163,0.109,-0.139,0.14,0.535,-0.231,0.127,0.133,1.0,0.155,-0.093
19,y2,-0.023,-0.022,-0.006,0.563,-0.477,0.317,-0.104,-0.153,-0.707,0.024,0.284,-0.555,0.131,0.155,1.0,-0.194
19,y3,0.016,0.048,-0.111,-0.267,-0.123,0.143,0.253,-0.567,0.135,-0.047,0.265,-0.042,-0.285,-0.093,-0.194,1.0
20,.,1.0,-0.549,0.088,0.019,-0.216,0.268,0.038,0.014,0.168,-0.025,0.329,-0.176,0.129,0.145,-0.027,0.018
20,A1_1,-0.549,1.0,0.381,-0.435,-0.068,-0.381,-0.058,-0.19,0.027,0.052,-0.064,-0.374,-0.32,-0.352,-0.023,0.048
20,A1_2,0.088,0.381,1.0,-0.621,-0.445,-0.23,0.055,0.373,-0.208,-0.276,0.019,-0.606,0.133,-0.464,-0.009,-0.114
20,A1_3,0.019,-0.435,-0.621,1.0,0.102,0.508,-0.388,-0.255,-0.282,0.005,0.287,0.077,0.021,0.198,0.562,-0.265
20,B1_1,-0.216,-0.068,-0.445,0.102,1.0,-0.279,-0.239,-0.136,0.514,0.381,-0.326,0.44,0.013,0.487,-0.476,-0.124
20,B1_2,0.268,-0.381,-0.23,0.508,-0.279,1.0,-0.306,-0.46,-0.075,-0.715,0.138,-0.013,0.287,-0.161,0.318,0.146
20,B1_3,0.038,-0.058,0.055,-0.388,-0.239,-0.306,1.0,0.14,-0.37,0.372,-0.372,0.066,0.173,0.107,-0.106,0.25
20,A2_1,0.014,-0.19,0.373,-0.255,-0.136,-0.46,0.14,1.0,-0.181,0.073,-0.251,0.257,0.271,-0.141,-0.156,-0.57
20,A2_2,0.168,0.027,-0.208,-0.282,0.514,-0.075,-0.37,-0.181,1.0,-0.085,0.054,0.365,-0.388,0.139,-0.706,0.133
20,A2_3,-0.025,0.052,-0.276,0.005,0.381,-0.715,0.372,0.073,-0.085,1.0,0.018,-0.011,-0.2,0.533,0.022,-0.048
20,B2_1,0.329,-0.064,0.019,0.287,-0.326,0.138,-0.372,-0.251,0.054,0.018,1.0,-0.462,-0.658,-0.23,0.287,0.268
20,B2_2,-0.176,-0.374,-0.606,0.077,0.44,-0.013,0.066,0.257,0.365,-0.011,-0.462,1.0,0.139,0.126,-0.554,-0.043
20,B2_3,0.129,-0.32,0.133,0.021,0.013,0.287,0.173,0.271,-0.388,-0.2,-0.658,0.139,1.0,0.132,0.129,-0.286
20,y1,0.145,-0.352,-0.464,0.198,0.487,-0.161,0.107,-0.141,0.139,0.533,-0.23,0.126,0.132,1.0,0.158,-0.09
20,y2,-0.027,-0.023,-0.009,0.562,-0.476,0.318,-0.106,-0.156,-0.706,0.022,0.287,-0.554,0.129,0.158,1.0,-0.188
20,y3,0.018,0.048,-0.114,-0.265,-0.124,0.146,0.25,-0.57,0.133,-0.048,0.268,-0.043,-0.286,-0.09,-0.188,1.0
21,.,1.0,-0.543,0.092,0.02,-0.222,0.263,0.031,0.013,0.175,-0.026,0.326,-0.181,0.119,0.14,-0.031,0.02
21,A1_1,-0.543,1.0,0.382,-0.438,-0.067,-0.381,-0.055,-0.189,0.028,0.051,-0.061,-0.372,-0.319,-0.352,-0.024,0.047
21,A1_2,0.092,0.382,1.0,-0.621,-0.445,-0.233,0.055,0.375,-0.205,-0.273,0.019,-0.605,0.13,-0.465,-0.012,-0.117
21,A1_3,0.02,-0.438,-0.621,1.0,0.102,0.507,-0.387,-0.254,-0.282,0.006,0.29,0.076,0.02,0.2,0.561,-0.263
21,B1_1,-0.222,-0.067,-0.445,0.102,1.0,-0.277,-0.236,-0.136,0.51,0.379,-0.329,0.442,0.017,0.485,-0.474,-0.124
21,B1_2,0.263,-0.381,-0.233,0.507,-0.277,1.0,-0.306,-0.461,-0.079,-0.716,0.133,-0.011,0.289,-0.16,0.319,0.149
21,B1_3,0.031,-0.055,0.055,-0.387,-0.236,-0.306,1.0,0.141,-0.371,0.372,-0.378,0.069,0.176,0.105,-0.107,0.247
21,A2_1,0.013,-0.189,0.375,-0.254,-0.136,-0.461,0.141,1.0,-0.178,0.076,-0.25,0.256,0.268,-0.143,-0.158,-0.573
21,A2_2,0.175,0.028,-0.205,-0.282,0.51,-0.079,-0.371,-0.178,1.0,-0.082,0.053,0.361,-0.39,0.138,-0.705,0.131
21,A2_3,-0.026,0.051,-0.273,0.006,0.379,-0.716,0.372,0.076,-0.082,1.0,0.02,-0.012,-0.2,0.531,0.02,-0.05
21,B2_1,0.326,-0.061,0.019,0.29,-0.329,0.133,-0.378,-0.25,0.053,0.02,1.0,-0.466,-0.661,-0.229,0.289,0.271
21,B2_2,-0.181,-0.372,-0.605,0.076,0.442,-0.011,0.069,0.256,0.361,-0.012,-0.466,1.0,0.144,0.124,-0.552,-0.043
21,B2_3,0.119,-0.319,0.13,0.02,0.017,0.289,0.176,0.268,-0.39,-0.2,-0.661,0.144,1.0,0.131,0.127,-0.286
21,y1,0.14,-0.352,-0.465,0.2,0.485,-0.16,0.105,-0.143,0.138,0.531,-0.229,0.124,0.131,1.0,0.161,-0.088
21,y2,-0.031,-0.024,-0.012,0.561,-0.474,0.319,-0.107,-0.158,-0.705,0.02,0.289,-0.552,0.127,0.161,1.0,-0.183
21,y3,0.02,0.047,-0.117,-0.263,-0.124,0.149,0.247,-0.573,0.131,-0.05,0.271,-0.043,-0.286,-0.088,-0.183,1.0
22,.,1.0,-0.537,0.096,0.021,-0.228,0.256,0.023,0.012,0.182,-0.026,0.323,-0.187,0.107,0.136,-0.035,0.022
22,A1_1,-0.537,1.0,0.383,-0.442,-0.065,-0.381,-0.053,-0.188,0.028,0.051,-0.057,-0.37,-0.318,-0.352,-0.025,0.047
22,A1_2,0.096,0.383,1.0,-0.621,-0.445,-0.236,0.054,0.376,-0.201,-0.27,0.02,-0.604,0.126,-0.466,-0.015,-0.12
22,A1_3,0.021,-0.442,-0.621,1.0,0.101,0.507,-0.387,-0.253,-0.282,0.006,0.293,0.075,0.018,0.201,0.561,-0.261
22,B1_1,-0.228,-0.065,-0.445,0.101,1.0,-0.274,-0.232,-0.136,0.506,0.377,-0.331,0.445,0.022,0.483,-0.473,-0.124
22,B1_2,0.256,-0.381,-0.236,0.507,-0.274,1.0,-0.306,-0.462,-0.082,-0.717,0.128,-0.008,0.291,-0.157,0.32,0.152
22,B1_3,0.023,-0.053,0.054,-0.387,-0.232,-0.306,1.0,0.141,-0.371,0.371,-0.384,0.072,0.179,0.103,-0.108,0.244
22,A2_1,0.012,-0.188,0.376,-0.253,-0.136,-0.462,0.141,1.0,-0.175,0.079,-0.249,0.254,0.266,-0.144,-0.161,-0.576
22,A2_2,0.182,0.028,-0.201,-0.282,0.506,-0.082,-0.371,-0.175,1.0,-0.08,0.052,0.357,-0.391,0.137,-0.703,0.128
22,A2_3,-0.026,0.051,-0.27,0.006,0.377,-0.717,0.371,0.079,-0.08,1.0,0.022,-0.013,-0.201,0.529,0.018,-0.051
22,B2_1,0.323,-0.057,0.02,0.293,-0.331,0.128,-0.384,-0.249,0.052,0.022,1.0,-0.469,-0.664,-0.228,0.292,0.275
22,B2_2,-0.187,-0.37,-0.604,0.075,0.445,-0.008,0.072,0.254,0.357,-0.013,-0.469,1.0,0.149,0.123,-0.55,-0.044
22,B2_3,0.107,-0.318,0.126,0.018,0.022,0.291,0.179,0.266,-0.391,-0.201,-0.664,0.149,1.0,0.13,0.125,-0.286
22,y1,0.136,-0.352,-0.466,0.201,0.483,-0.157,0.103,-0.144,0.137,0.529,-0.228,0.123,0.13,1.0,0.164,-0.085
22,y2,-0.035,-0.025,-0.015,0.561,-0.473,0.32,-0.108,-0.161,-0.703,0.018,0.292,-0.55,0.125,0.164,1.0,-0.176
22,y3,0.022,0.047,-0.12,-0.261,-0.124,0.152,0.244,-0.576,0.128,-0.051,0.275,-0.044,-0.286,-0.085,-0.176,1.0
23,.,1.0,-0.53,0.1,0.022,-0.235,0.249,0.014,0.011,0.189,-0.026,0.318,-0.194,0.095,0.131,-0.039,0.023
23,A1_1,-0.53,1.0,0.383,-0.445,-0.064,-0.381,-0.05,-0.186,0.029,0.05,-0.054,-0.369,-0.317,-0.352,-0.026,0.046
23,A1_2,0.1,0.383,1.0,-0.622,-0.446,-0.239,0.054,0.378,-0.197,-0.268,0.02,-0.604,0.122,-0.466,-0.019,-0.123
23,A1_3,0.022,-0.445,-0.622,1.0,0.1,0.506,-0.386,-0.252,-0.281,0.006,0.297,0.074,0.016,0.203,0.56,-0.259
23,B1_1,-0.235,-0.064,-0.446,0.1,1.0,-0.27,-0.228,-0.136,0.502,0.375,-0.334,0.448,0.028,0.481,-0.472,-0.124
23,B1_2,0.249,-0.381,-0.239,0.506,-0.27,1.0,-0.305,-0.464,-0.086,-0.718,0.122,-0.005,0.293,-0.155,0.321,0.155
23,B1_3,0.014,-0.05,0.054,-0.386,-0.228,-0.305,1.0,0.142,-0.372,0.371,-0.39,0.076,0.183,0.102,-0.109,0.241
23,A2_1,0.011,-0.186,0.378,-0.252,-0.136,-0.464,0.142,1.0,-0.171,0.081,-0.249,0.252,0.263,-0.146,-0.163,-0.579
23,A2_2,0.189,0.029,-0.197,-0.281,0.502,-0.086,-0.372,-0.171,1.0,-0.077,0.051,0.352,-0.393,0.135,-0.702,0.126
23,A2_3,-0.026,0.05,-0.268,0.006,0.375,-0.718,0.371,0.081,-0.077,1.0,0.023,-0.014,-0.202,0.527,0.015,-0.052
23,B2_1,0.318,-0.054,0.02,0.297,-0.334,0.122,-0.39,-0.249,0.051,0.023,1.0,-0.473,-0.668,-0.227,0.296,0.279
23,B2_2,-0.194,-0.369,-0.604,0.074,0.448,-0.005,0.076,0.252,0.352,-0.014,-0.473,1.0,0.155,0.122,-0.548,-0.046
23,B2_3,0.095,-0.317,0.122,0.016,0.028,0.293,0.183,0.263,-0.393,-0.202,-0.668,0.155,1.0,0.129,0.122,-0.285
23,y1,0.131,-0.352,-0.466,0.203,0.481,-0.155,0.102,-0.146,0.135,0.527,-0.227,0.122,0.129,1.0,0.168,-0.081
23,y2,-0.039,-0.026,-0.019,0.56,-0.472,0.321,-0.109,-0.163,-0.702,0.015,0.296,-0.548,0.122,0.168,1.0,-0.17
23,y3,0.023,0.046,-0.123,-0.259,-0.124,0.155,0.241,-0.579,0.126,-0.052,0.279,-0.046,-0.285,-0.081,-0.17,1.0
24,.,1.0,-0.523,0.104,0.023,-0.242,0.241,0.004,0.011,0.196,-0.025,0.313,-0.202,0.083,0.127,-0.042,0.025
24,A1_1,-0.523,1.0,0.385,-0.449,-0.063,-0.381,-0.048,-0.185,0.031,0.049,-0.05,-0.367,-0.316,-0.352,-0.028,0.045
24,A1_2,0.104,0.385,1.0,-0.622,-0.446,-0.243,0.053,0.38,-0.193,-0.264,0.02,-0.603,0.118,-0.467,-0.022,-0.127
24,A1_3,0.023,-0.449,-0.622,1.0,0.099,0.505,-0.385,-0.251,-0.281,0.006,0.3,0.073,0.015,0.204,0.559,-0.258
