,,.,A1_1,A1_2,A1_3,B1_1,B1_2,B1_3,A2_1,A2_2,A2_3,B2_1,B2_2,B2_3,y1,y2,y3
0,.,1.0,0.976,0.959,0.942,0.962,0.986,0.928,0.923,0.927,0.908,0.949,0.923,0.866,0.934,0.96,0.925
0,A1_1,0.976,1.0,0.949,0.918,0.949,0.954,0.902,0.946,0.882,0.942,0.965,0.919,0.883,0.975,0.955,0.951
0,A1_2,0.959,0.949,1.0,0.921,0.938,0.922,0.925,0.932,0.906,0.906,0.897,0.896,0.76,0.904,0.918,0.859
0,A1_3,0.942,0.918,0.921,1.0,0.903,0.924,0.979,0.932,0.893,0.922,0.9,0.898,0.807,0.917,0.852,0.85
0,B1_1,0.962,0.949,0.938,0.903,1.0,0.955,0.874,0.907,0.952,0.922,0.959,0.938,0.904,0.909,0.952,0.931
0,B1_2,0.986,0.954,0.922,0.924,0.955,1.0,0.885,0.916,0.937,0.868,0.958,0.942,0.899,0.927,0.96,0.934
0,B1_3,0.928,0.902,0.925,0.979,0.874,0.885,1.0,0.901,0.868,0.919,0.846,0.84,0.736,0.872,0.83,0.801
0,A2_1,0.923,0.946,0.932,0.932,0.907,0.916,0.901,1.0,0.865,0.912,0.944,0.963,0.813,0.962,0.883,0.899
0,A2_2,0.927,0.882,0.906,0.893,0.952,0.937,0.868,0.865,1.0,0.881,0.897,0.904,0.877,0.839,0.932,0.891
0,A2_3,0.908,0.942,0.906,0.922,0.922,0.868,0.919,0.912,0.881,1.0,0.923,0.881,0.865,0.934,0.889,0.911
0,B2_1,0.949,0.965,0.897,0.9,0.959,0.958,0.846,0.944,0.897,0.923,1.0,0.975,0.937,0.974,0.948,0.975
0,B2_2,0.923,0.919,0.896,0.898,0.938,0.942,0.84,0.963,0.904,0.881,0.975,1.0,0.875,0.937,0.918,0.934
0,B2_3,0.866,0.883,0.76,0.807,0.904,0.899,0.736,0.813,0.877,0.865,0.937,0.875,1.0,0.887,0.907,0.958
0,y1,0.934,0.975,0.904,0.917,0.909,0.927,0.872,0.962,0.839,0.934,0.974,0.937,0.887,1.0,0.91,0.946
0,y2,0.96,0.955,0.918,0.852,0.952,0.96,0.83,0.883,0.932,0.889,0.948,0.918,0.907,0.91,1.0,0.966
0,y3,0.925,0.951,0.859,0.85,0.931,0.934,0.801,0.899,0.891,0.911,0.975,0.934,0.958,0.946,0.966,1.0
1,.,1.0,0.978,0.958,0.933,0.962,0.981,0.919,0.909,0.925,0.908,0.946,0.918,0.864,0.935,0.948,0.917
1,A1_1,0.978,1.0,0.941,0.902,0.952,0.954,0.881,0.933,0.886,0.936,0.969,0.923,0.893,0.974,0.948,0.948
1,A1_2,0.958,0.941,1.0,0.902,0.94,0.911,0.907,0.907,0.894,0.888,0.885,0.883,0.748,0.891,0.903,0.84
1,A1_3,0.933,0.902,0.902,1.0,0.889,0.897,0.971,0.912,0.868,0.916,0.878,0.868,0.791,0.908,0.812,0.817
1,B1_1,0.962,0.952,0.94,0.889,1.0,0.952,0.863,0.88,0.944,0.913,0.949,0.921,0.889,0.901,0.932,0.908
1,B1_2,0.981,0.954,0.911,0.897,0.952,1.0,0.851,0.892,0.942,0.859,0.957,0.94,0.905,0.92,0.956,0.934
1,B1_3,0.919,0.881,0.907,0.971,0.863,0.851,1.0,0.873,0.836,0.91,0.816,0.802,0.709,0.851,0.786,0.758
1,A2_1,0.909,0.933,0.907,0.912,0.88,0.892,0.873,1.0,0.858,0.9,0.924,0.951,0.806,0.952,0.856,0.875
1,A2_2,0.925,0.886,0.894,0.868,0.944,0.942,0.836,0.858,1.0,0.868,0.901,0.913,0.879,0.836,0.926,0.892
1,A2_3,0.908,0.936,0.888,0.916,0.913,0.859,0.91,0.9,0.868,1.0,0.921,0.872,0.864,0.929,0.863,0.89
1,B2_1,0.946,0.969,0.885,0.878,0.949,0.957,0.816,0.924,0.901,0.921,1.0,0.969,0.942,0.971,0.939,0.967
1,B2_2,0.918,0.923,0.883,0.868,0.921,0.94,0.802,0.951,0.913,0.872,0.969,1.0,0.876,0.931,0.913,0.927
1,B2_3,0.864,0.893,0.748,0.791,0.889,0.905,0.709,0.806,0.879,0.864,0.942,0.876,1.0,0.891,0.899,0.957
1,y1,0.935,0.974,0.891,0.908,0.901,0.92,0.851,0.952,0.836,0.929,0.971,0.931,0.891,1.0,0.896,0.934
1,y2,0.948,0.948,0.903,0.812,0.932,0.956,0.786,0.856,0.926,0.863,0.939,0.913,0.899,0.896,1.0,0.965
1,y3,0.917,0.948,0.84,0.817,0.908,0.934,0.758,0.875,0.892,0.89,0.967,0.927,0.957,0.934,0.965,1.0
2,.,1.0,0.976,0.949,0.931,0.95,0.969,0.911,0.898,0.916,0.908,0.938,0.908,0.86,0.936,0.93,0.912
2,A1_1,0.976,1.0,0.927,0.89,0.936,0.944,0.866,0.931,0.876,0.933,0.965,0.917,0.889,0.973,0.927,0.937
2,A1_2,0.949,0.927,1.0,0.88,0.927,0.881,0.888,0.883,0.861,0.866,0.862,0.86,0.722,0.88,0.874,0.815
2,A1_3,0.931,0.89,0.88,1.0,0.879,0.872,0.958,0.873,0.846,0.907,0.858,0.831,0.787,0.9,0.777,0.802
2,B1_1,0.95,0.936,0.927,0.879,1.0,0.943,0.836,0.845,0.921,0.898,0.935,0.9,0.874,0.892,0.901,0.879
2,B1_2,0.969,0.944,0.881,0.872,0.943,1.0,0.804,0.861,0.945,0.847,0.957,0.942,0.913,0.911,0.951,0.941
2,B1_3,0.911,0.866,0.888,0.958,0.836,0.804,1.0,0.841,0.794,0.898,0.779,0.749,0.682,0.833,0.734,0.724
2,A2_1,0.898,0.931,0.883,0.873,0.845,0.861,0.841,1.0,0.83,0.877,0.902,0.931,0.791,0.943,0.824,0.854
2,A2_2,0.916,0.876,0.861,0.846,0.921,0.945,0.794,0.83,1.0,0.847,0.892,0.906,0.885,0.827,0.921,0.898
2,A2_3,0.908,0.933,0.866,0.907,0.898,0.847,0.898,0.877,0.847,1.0,0.914,0.846,0.865,0.925,0.833,0.869
2,B2_1,0.938,0.965,0.862,0.858,0.935,0.957,0.779,0.902,0.892,0.914,1.0,0.963,0.941,0.968,0.925,0.957
2,B2_2,0.908,0.917,0.86,0.831,0.9,0.942,0.749,0.931,0.906,0.846,0.963,1.0,0.869,0.921,0.907,0.922
2,B2_3,0.86,0.889,0.722,0.787,0.874,0.913,0.682,0.791,0.885,0.865,0.941,0.869,1.0,0.889,0.89,0.95
2,y1,0.936,0.973,0.88,0.9,0.892,0.911,0.833,0.943,0.827,0.925,0.968,0.921,0.889,1.0,0.875,0.919
2,y2,0.93,0.927,0.874,0.777,0.901,0.951,0.734,0.824,0.921,0.833,0.925,0.907,0.89,0.875,1.0,0.965
2,y3,0.912,0.937,0.815,0.802,0.879,0.941,0.724,0.854,0.898,0.869,0.957,0.922,0.95,0.919,0.965,1.0
3,.,1.0,0.974,0.937,0.931,0.934,0.948,0.911,0.895,0.91,0.911,0.927,0.898,0.857,0.936,0.912,0.91
3,A1_1,0.974,1.0,0.911,0.878,0.914,0.924,0.866,0.936,0.865,0.931,0.954,0.908,0.884,0.969,0.901,0.923
3,A1_2,0.937,0.911,1.0,0.858,0.911,0.843,0.875,0.865,0.832,0.847,0.839,0.841,0.701,0.874,0.845,0.793
3,A1_3,0.931,0.878,0.858,1.0,0.876,0.858,0.936,0.836,0.839,0.898,0.853,0.81,0.797,0.898,0.758,0.803
3,B1_1,0.934,0.914,0.911,0.876,1.0,0.932,0.816,0.816,0.899,0.889,0.921,0.881,0.865,0.888,0.875,0.853
3,B1_2,0.948,0.924,0.843,0.858,0.932,1.0,0.755,0.832,0.941,0.842,0.96,0.948,0.921,0.903,0.945,0.946
3,B1_3,0.911,0.866,0.875,0.936,0.816,0.755,1.0,0.823,0.77,0.888,0.753,0.706,0.676,0.827,0.698,0.711
3,A2_1,0.895,0.936,0.865,0.836,0.816,0.832,0.823,1.0,0.804,0.856,0.887,0.91,0.784,0.938,0.798,0.839
3,A2_2,0.91,0.865,0.832,0.839,0.899,0.941,0.77,0.804,1.0,0.835,0.879,0.895,0.89,0.822,0.921,0.907
3,A2_3,0.911,0.931,0.847,0.898,0.889,0.842,0.888,0.856,0.835,1.0,0.912,0.825,0.875,0.925,0.811,0.857
3,B2_1,0.927,0.954,0.839,0.853,0.921,0.96,0.753,0.887,0.879,0.912,1.0,0.959,0.939,0.967,0.909,0.943
3,B2_2,0.898,0.908,0.841,0.81,0.881,0.948,0.706,0.91,0.895,0.825,0.959,1.0,0.865,0.916,0.909,0.92
3,B2_3,0.857,0.884,0.701,0.797,0.865,0.921,0.676,0.784,0.89,0.875,0.939,0.865,1.0,0.886,0.882,0.94
3,y1,0.936,0.969,0.874,0.898,0.888,0.903,0.827,0.938,0.822,0.925,0.967,0.916,0.886,1.0,0.853,0.9
3,y2,0.912,0.901,0.845,0.758,0.875,0.945,0.698,0.798,0.921,0.811,0.909,0.909,0.882,0.853,1.0,0.965
3,y3,0.91,0.923,0.793,0.803,0.853,0.946,0.711,0.839,0.907,0.857,0.943,0.92,0.94,0.9,0.965,1.0
4,.,1.0,0.97,0.928,0.93,0.911,0.927,0.922,0.9,0.907,0.915,0.917,0.879,0.855,0.934,0.894,0.911
4,A1_1,0.97,1.0,0.897,0.861,0.885,0.899,0.877,0.948,0.854,0.93,0.941,0.884,0.874,0.96,0.874,0.91
4,A1_2,0.928,0.897,1.0,0.846,0.897,0.831,0.863,0.859,0.822,0.84,0.839,0.835,0.699,0.881,0.829,0.784
4,A1_3,0.93,0.861,0.846,1.0,0.868,0.859,0.916,0.818,0.839,0.887,0.854,0.796,0.803,0.896,0.749,0.81
4,B1_1,0.911,0.885,0.897,0.868,1.0,0.927,0.796,0.803,0.882,0.887,0.914,0.867,0.869,0.887,0.861,0.834
4,B1_2,0.927,0.899,0.831,0.859,0.927,1.0,0.734,0.831,0.928,0.844,0.961,0.954,0.919,0.902,0.937,0.942
4,B1_3,0.922,0.877,0.863,0.916,0.796,0.734,1.0,0.814,0.774,0.891,0.752,0.674,0.694,0.83,0.684,0.724
4,A2_1,0.9,0.948,0.859,0.818,0.803,0.831,0.814,1.0,0.789,0.845,0.897,0.895,0.788,0.941,0.788,0.839
4,A2_2,0.907,0.854,0.822,0.839,0.882,0.928,0.774,0.789,1.0,0.837,0.866,0.878,0.893,0.82,0.922,0.916
4,A2_3,0.915,0.93,0.84,0.887,0.887,0.844,0.891,0.845,0.837,1.0,0.912,0.806,0.887,0.926,0.8,0.851
4,B2_1,0.917,0.941,0.839,0.854,0.914,0.961,0.752,0.897,0.866,0.912,1.0,0.956,0.935,0.971,0.898,0.929
4,B2_2,0.879,0.884,0.835,0.796,0.867,0.954,0.674,0.895,0.878,0.806,0.956,1.0,0.856,0.91,0.916,0.918
4,B2_3,0.855,0.874,0.699,0.803,0.869,0.919,0.694,0.788,0.893,0.887,0.935,0.856,1.0,0.882,0.876,0.927
4,y1,0.934,0.96,0.881,0.896,0.887,0.902,0.83,0.941,0.82,0.926,0.971,0.91,0.882,1.0,0.836,0.882
4,y2,0.894,0.874,0.829,0.749,0.861,0.937,0.684,0.788,0.922,0.8,0.898,0.916,0.876,0.836,1.0,0.962
4,y3,0.911,0.91,0.784,0.81,0.834,0.942,0.724,0.839,0.916,0.851,0.929,0.918,0.927,0.882,0.962,1.0
5,.,1.0,0.965,0.917,0.93,0.863,0.923,0.944,0.903,0.909,0.92,0.916,0.862,0.853,0.928,0.875,0.912
5,A1_1,0.965,1.0,0.869,0.848,0.831,0.892,0.896,0.95,0.851,0.931,0.938,0.861,0.87,0.947,0.846,0.901
5,A1_2,0.917,0.869,1.0,0.859,0.887,0.872,0.841,0.847,0.832,0.836,0.869,0.868,0.72,0.898,0.836,0.79
5,A1_3,0.93,0.848,0.859,1.0,0.844,0.878,0.915,0.821,0.841,0.878,0.866,0.801,0.805,0.897,0.752,0.821
5,B1_1,0.863,0.831,0.887,0.844,1.0,0.926,0.767,0.771,0.855,0.867,0.905,0.856,0.875,0.874,0.858,0.809
5,B1_2,0.923,0.892,0.872,0.878,0.926,1.0,0.775,0.855,0.918,0.848,0.96,0.955,0.913,0.912,0.938,0.939
5,B1_3,0.944,0.896,0.841,0.915,0.767,0.775,1.0,0.813,0.818,0.92,0.794,0.686,0.749,0.848,0.703,0.768
5,A2_1,0.903,0.95,0.847,0.821,0.771,0.855,0.813,1.0,0.784,0.838,0.919,0.891,0.794,0.943,0.778,0.84
5,A2_2,0.909,0.851,0.832,0.841,0.855,0.918,0.818,0.784,1.0,0.844,0.857,0.858,0.892,0.822,0.922,0.92
5,A2_3,0.92,0.931,0.836,0.878,0.867,0.848,0.92,0.838,0.844,1.0,0.912,0.785,0.895,0.925,0.789,0.844
5,B2_1,0.916,0.938,0.869,0.866,0.905,0.96,0.794,0.919,0.857,0.912,1.0,0.949,0.929,0.98,0.889,0.916
5,B2_2,0.862,0.861,0.868,0.801,0.856,0.955,0.686,0.891,0.858,0.785,0.949,1.0,0.838,0.908,0.92,0.91
5,B2_3,0.853,0.87,0.72,0.805,0.875,0.913,0.749,0.794,0.892,0.895,0.929,0.838,1.0,0.878,0.873,0.912
5,y1,0.928,0.947,0.898,0.897,0.874,0.912,0.848,0.943,0.822,0.925,0.98,0.908,0.878,1.0,0.824,0.866
5,y2,0.875,0.846,0.836,0.752,0.858,0.938,0.703,0.778,0.922,0.789,0.889,0.92,0.873,0.824,1.0,0.955
5,y3,0.912,0.901,0.79,0.821,0.809,0.939,0.768,0.84,0.92,0.844,0.916,0.91,0.912,0.866,0.955,1.0
6,.,1.0,0.963,0.895,0.929,0.812,0.928,0.96,0.903,0.91,0.923,0.918,0.859,0.852,0.924,0.859,0.913
6,A1_1,0.963,1.0,0.834,0.842,0.78,0.9,0.909,0.947,0.853,0.933,0.941,0.857,0.87,0.937,0.826,0.899
6,A1_2,0.895,0.834,1.0,0.873,0.879,0.902,0.828,0.828,0.827,0.813,0.877,0.896,0.724,0.901,0.847,0.792
6,A1_3,0.929,0.842,0.873,1.0,0.82,0.897,0.917,0.826,0.842,0.869,0.878,0.817,0.809,0.901,0.762,0.83
6,B1_1,0.812,0.78,0.879,0.82,1.0,0.912,0.753,0.73,0.819,0.83,0.877,0.838,0.866,0.85,0.861,0.78
6,B1_2,0.928,0.9,0.902,0.897,0.912,1.0,0.826,0.873,0.915,0.852,0.958,0.955,0.909,0.924,0.941,0.939
6,B1_3,0.96,0.909,0.828,0.917,0.753,0.826,1.0,0.816,0.856,0.947,0.838,0.725,0.798,0.869,0.73,0.807
6,A2_1,0.903,0.947,0.828,0.826,0.73,0.873,0.816,1.0,0.781,0.836,0.934,0.897,0.796,0.942,0.767,0.836
6,A2_2,0.91,0.853,0.827,0.842,0.819,0.915,0.856,0.781,1.0,0.849,0.852,0.848,0.889,0.823,0.916,0.919
6,A2_3,0.923,0.933,0.813,0.869,0.83,0.852,0.947,0.836,0.849,1.0,0.912,0.775,0.898,0.92,0.776,0.837
6,B2_1,0.918,0.941,0.877,0.878,0.877,0.958,0.838,0.934,0.852,0.912,1.0,0.943,0.924,0.985,0.877,0.906
6,B2_2,0.859,0.857,0.896,0.817,0.838,0.955,0.725,0.897,0.848,0.775,0.943,1.0,0.825,0.913,0.921,0.906
6,B2_3,0.852,0.87,0.724,0.809,0.866,0.909,0.798,0.796,0.889,0.898,0.924,0.825,1.0,0.875,0.867,0.899
6,y1,0.924,0.937,0.901,0.901,0.85,0.924,0.869,0.942,0.823,0.92,0.985,0.913,0.875,1.0,0.816,0.854
6,y2,0.859,0.826,0.847,0.762,0.861,0.941,0.73,0.767,0.916,0.776,0.877,0.921,0.867,0.816,1.0,0.945
6,y3,0.913,0.899,0.792,0.83,0.78,0.939,0.807,0.836,0.919,0.837,0.906,0.906,0.899,0.854,0.945,1.0
7,.,1.0,0.961,0.878,0.928,0.778,0.932,0.966,0.903,0.91,0.923,0.918,0.857,0.847,0.92,0.844,0.913
7,A1_1,0.961,1.0,0.812,0.841,0.749,0.911,0.917,0.942,0.854,0.933,0.943,0.855,0.868,0.93,0.81,0.899
7,A1_2,0.878,0.812,1.0,0.885,0.872,0.912,0.829,0.824,0.816,0.787,0.869,0.908,0.716,0.9,0.857,0.792
7,A1_3,0.928,0.841,0.885,1.0,0.806,0.909,0.918,0.837,0.838,0.856,0.883,0.832,0.805,0.907,0.77,0.834
7,B1_1,0.778,0.749,0.872,0.806,1.0,0.896,0.756,0.714,0.793,0.798,0.846,0.819,0.853,0.832,0.87,0.758
7,B1_2,0.932,0.911,0.912,0.909,0.896,1.0,0.861,0.893,0.913,0.856,0.956,0.953,0.905,0.932,0.94,0.939
7,B1_3,0.966,0.917,0.829,0.918,0.756,0.861,1.0,0.817,0.876,0.96,0.865,0.753,0.825,0.885,0.75,0.832
7,A2_1,0.903,0.942,0.824,0.837,0.714,0.893,0.817,1.0,0.778,0.83,0.946,0.906,0.798,0.944,0.765,0.835
7,A2_2,0.91,0.854,0.816,0.838,0.793,0.913,0.876,0.778,1.0,0.852,0.847,0.839,0.884,0.822,0.906,0.917
7,A2_3,0.923,0.933,0.787,0.856,0.798,0.856,0.96,0.83,0.852,1.0,0.91,0.764,0.9,0.914,0.761,0.83
7,B2_1,0.918,0.943,0.869,0.883,0.846,0.956,0.865,0.946,0.847,0.91,1.0,0.937,0.918,0.987,0.863,0.895
7,B2_2,0.857,0.855,0.908,0.832,0.819,0.953,0.753,0.906,0.839,0.764,0.937,1.0,0.81,0.916,0.919,0.9
7,B2_3,0.847,0.868,0.716,0.805,0.853,0.905,0.825,0.798,0.884,0.9,0.918,0.81,1.0,0.868,0.858,0.886
7,y1,0.92,0.93,0.9,0.907,0.832,0.932,0.885,0.944,0.822,0.914,0.987,0.916,0.868,1.0,0.811,0.844
7,y2,0.844,0.81,0.857,0.77,0.87,0.94,0.75,0.765,0.906,0.761,0.863,0.919,0.858,0.811,1.0,0.933
7,y3,0.913,0.899,0.792,0.834,0.758,0.939,0.832,0.835,0.917,0.83,0.895,0.9,0.886,0.844,0.933,1.0
8,.,1.0,0.961,0.876,0.928,0.768,0.932,0.967,0.902,0.907,0.921,0.915,0.856,0.84,0.918,0.834,0.912
8,A1_1,0.961,1.0,0.811,0.844,0.745,0.916,0.921,0.938,0.852,0.932,0.941,0.856,0.864,0.928,0.804,0.898
8,A1_2,0.876,0.811,1.0,0.886,0.867,0.913,0.832,0.828,0.816,0.78,0.863,0.908,0.709,0.899,0.859,0.791
8,A1_3,0.928,0.844,0.886,1.0,0.796,0.91,0.918,0.845,0.837,0.851,0.884,0.836,0.801,0.908,0.766,0.832
8,B1_1,0.768,0.745,0.867,0.796,1.0,0.891,0.759,0.713,0.79,0.792,0.835,0.81,0.849,0.823,0.876,0.749
8,B1_2,0.932,0.916,0.913,0.91,0.891,1.0,0.871,0.899,0.913,0.859,0.954,0.952,0.903,0.934,0.938,0.937
8,B1_3,0.967,0.921,0.832,0.918,0.759,0.871,1.0,0.819,0.88,0.962,0.871,0.762,0.83,0.891,0.753,0.838
8,A2_1,0.902,0.938,0.828,0.845,0.713,0.899,0.819,1.0,0.773,0.827,0.95,0.91,0.795,0.946,0.761,0.83
8,A2_2,0.907,0.852,0.816,0.837,0.79,0.913,0.88,0.773,1.0,0.851,0.84,0.835,0.879,0.818,0.902,0.915
8,A2_3,0.921,0.932,0.78,0.851,0.792,0.859,0.962,0.827,0.851,1.0,0.909,0.761,0.9,0.911,0.755,0.826
8,B2_1,0.915,0.941,0.863,0.884,0.835,0.954,0.871,0.95,0.84,0.909,1.0,0.934,0.914,0.986,0.852,0.886
8,B2_2,0.856,0.856,0.908,0.836,0.81,0.952,0.762,0.91,0.835,0.761,0.934,1.0,0.803,0.916,0.914,0.896
8,B2_3,0.84,0.864,0.709,0.801,0.849,0.903,0.83,0.795,0.879,0.9,0.914,0.803,1.0,0.863,0.85,0.876
8,y1,0.918,0.928,0.899,0.908,0.823,0.934,0.891,0.946,0.818,0.911,0.986,0.916,0.863,1.0,0.804,0.836
8,y2,0.834,0.804,0.859,0.766,0.876,0.938,0.753,0.761,0.902,0.755,0.852,0.914,0.85,0.804,1.0,0.925
8,y3,0.912,0.898,0.791,0.832,0.749,0.937,0.838,0.83,0.915,0.826,0.886,0.896,0.876,0.836,0.925,1.0
9,.,1.0,0.959,0.873,0.928,0.759,0.934,0.967,0.902,0.905,0.918,0.913,0.855,0.834,0.916,0.825,0.911
9,A1_1,0.959,1.0,0.81,0.845,0.742,0.921,0.924,0.933,0.85,0.93,0.938,0.854,0.86,0.925,0.797,0.898
9,A1_2,0.873,0.81,1.0,0.891,0.864,0.915,0.836,0.836,0.815,0.771,0.856,0.911,0.703,0.899,0.863,0.793
9,A1_3,0.928,0.845,0.891,1.0,0.792,0.913,0.917,0.855,0.834,0.843,0.884,0.842,0.795,0.91,0.766,0.831
9,B1_1,0.759,0.742,0.864,0.792,1.0,0.886,0.764,0.722,0.787,0.786,0.822,0.804,0.845,0.819,0.883,0.743
9,B1_2,0.934,0.921,0.915,0.913,0.886,1.0,0.882,0.911,0.912,0.861,0.952,0.951,0.9,0.937,0.935,0.936
9,B1_3,0.967,0.924,0.836,0.917,0.764,0.882,1.0,0.819,0.886,0.964,0.876,0.771,0.836,0.896,0.758,0.845
9,A2_1,0.902,0.933,0.836,0.855,0.722,0.911,0.819,1.0,0.771,0.821,0.955,0.917,0.796,0.948,0.765,0.828
9,A2_2,0.905,0.85,0.815,0.834,0.787,0.912,0.886,0.771,1.0,0.852,0.836,0.831,0.874,0.816,0.898,0.913
9,A2_3,0.918,0.93,0.771,0.843,0.786,0.861,0.964,0.821,0.852,1.0,0.907,0.755,0.901,0.907,0.748,0.822
9,B2_1,0.913,0.938,0.856,0.884,0.822,0.952,0.876,0.955,0.836,0.907,1.0,0.93,0.911,0.985,0.841,0.877
9,B2_2,0.855,0.854,0.911,0.842,0.804,0.951,0.771,0.917,0.831,0.755,0.93,1.0,0.795,0.917,0.91,0.893
9,B2_3,0.834,0.86,0.703,0.795,0.845,0.9,0.836,0.796,0.874,0.901,0.911,0.795,1.0,0.858,0.843,0.866
9,y1,0.916,0.925,0.899,0.91,0.819,0.937,0.896,0.948,0.816,0.907,0.985,0.917,0.858,1.0,0.801,0.83
9,y2,0.825,0.797,0.863,0.766,0.883,0.935,0.758,0.765,0.898,0.748,0.841,0.91,0.843,0.801,1.0,0.916
9,y3,0.911,0.898,0.793,0.831,0.743,0.936,0.845,0.828,0.913,0.822,0.877,0.893,0.866,0.83,0.916,1.0
10,.,1.0,0.957,0.873,0.929,0.757,0.932,0.966,0.901,0.902,0.915,0.909,0.853,0.827,0.913,0.819,0.908
10,A1_1,0.957,1.0,0.809,0.844,0.741,0.92,0.925,0.929,0.844,0.929,0.933,0.85,0.853,0.923,0.79,0.896
10,A1_2,0.873,0.809,1.0,0.89,0.86,0.914,0.835,0.84,0.817,0.769,0.851,0.909,0.695,0.896,0.861,0.79
10,A1_3,0.929,0.844,0.89,1.0,0.787,0.913,0.915,0.86,0.834,0.841,0.883,0.843,0.792,0.909,0.76,0.826
10,B1_1,0.757,0.741,0.86,0.787,1.0,0.887,0.764,0.728,0.791,0.789,0.818,0.8,0.846,0.814,0.885,0.74
10,B1_2,0.932,0.92,0.914,0.913,0.887,1.0,0.882,0.913,0.911,0.863,0.95,0.95,0.898,0.936,0.932,0.932
10,B1_3,0.966,0.925,0.835,0.915,0.764,0.882,1.0,0.82,0.884,0.964,0.874,0.77,0.832,0.896,0.754,0.844
10,A2_1,0.901,0.929,0.84,0.86,0.728,0.913,0.82,1.0,0.766,0.818,0.956,0.919,0.794,0.95,0.764,0.823
10,A2_2,0.902,0.844,0.817,0.834,0.791,0.911,0.884,0.766,1.0,0.849,0.828,0.826,0.868,0.811,0.897,0.91
10,A2_3,0.915,0.929,0.769,0.841,0.789,0.863,0.964,0.818,0.849,1.0,0.905,0.752,0.9,0.905,0.746,0.82
10,B2_1,0.909,0.933,0.851,0.883,0.818,0.95,0.874,0.956,0.828,0.905,1.0,0.929,0.908,0.985,0.833,0.869
10,B2_2,0.853,0.85,0.909,0.843,0.8,0.95,0.77,0.919,0.826,0.752,0.929,1.0,0.79,0.916,0.905,0.888
10,B2_3,0.827,0.853,0.695,0.792,0.846,0.898,0.832,0.794,0.868,0.9,0.908,0.79,1.0,0.853,0.837,0.858
10,y1,0.913,0.923,0.896,0.909,0.814,0.936,0.896,0.95,0.811,0.905,0.985,0.916,0.853,1.0,0.793,0.823
10,y2,0.819,0.79,0.861,0.76,0.885,0.932,0.754,0.764,0.897,0.746,0.833,0.905,0.837,0.793,1.0,0.911
10,y3,0.908,0.896,0.79,0.826,0.74,0.932,0.844,0.823,0.91,0.82,0.869,0.888,0.858,0.823,0.911,1.0
11,.,1.0,0.956,0.872,0.93,0.753,0.932,0.965,0.9,0.899,0.911,0.905,0.852,0.821,0.911,0.813,0.907
11,A1_1,0.956,1.0,0.809,0.844,0.742,0.921,0.926,0.925,0.842,0.927,0.928,0.848,0.848,0.922,0.786,0.895
11,A1_2,0.872,0.809,1.0,0.892,0.858,0.914,0.837,0.845,0.817,0.765,0.845,0.909,0.69,0.894,0.862,0.79
11,A1_3,0.93,0.844,0.892,1.0,0.784,0.914,0.914,0.866,0.832,0.836,0.883,0.847,0.788,0.909,0.757,0.824
11,B1_1,0.753,0.742,0.858,0.784,1.0,0.886,0.767,0.735,0.793,0.791,0.812,0.796,0.844,0.812,0.89,0.738
11,B1_2,0.932,0.921,0.914,0.914,0.886,1.0,0.887,0.918,0.91,0.865,0.949,0.949,0.896,0.937,0.929,0.93
11,B1_3,0.965,0.926,0.837,0.914,0.767,0.887,1.0,0.82,0.886,0.964,0.875,0.773,0.833,0.897,0.755,0.847
11,A2_1,0.9,0.925,0.845,0.866,0.735,0.918,0.82,1.0,0.763,0.814,0.957,0.922,0.794,0.951,0.766,0.819
11,A2_2,0.899,0.842,0.817,0.832,0.793,0.91,0.886,0.763,1.0,0.849,0.822,0.822,0.864,0.808,0.895,0.907
11,A2_3,0.911,0.927,0.765,0.836,0.791,0.865,0.964,0.814,0.849,1.0,0.902,0.75,0.901,0.903,0.744,0.818
11,B2_1,0.905,0.928,0.845,0.883,0.812,0.949,0.875,0.957,0.822,0.902,1.0,0.927,0.906,0.984,0.825,0.862
11,B2_2,0.852,0.848,0.909,0.847,0.796,0.949,0.773,0.922,0.822,0.75,0.927,1.0,0.785,0.917,0.9,0.885
11,B2_3,0.821,0.848,0.69,0.788,0.844,0.896,0.833,0.794,0.864,0.901,0.906,0.785,1.0,0.849,0.832,0.851
11,y1,0.911,0.922,0.894,0.909,0.812,0.937,0.897,0.951,0.808,0.903,0.984,0.917,0.849,1.0,0.79,0.819
11,y2,0.813,0.786,0.862,0.757,0.89,0.929,0.755,0.766,0.895,0.744,0.825,0.9,0.832,0.79,1.0,0.906
11,y3,0.907,0.895,0.79,0.824,0.738,0.93,0.847,0.819,0.907,0.818,0.862,0.885,0.851,0.819,0.906,1.0
12,.,1.0,0.954,0.873,0.93,0.753,0.929,0.964,0.899,0.893,0.906,0.9,0.848,0.813,0.909,0.806,0.903
12,A1_1,0.954,1.0,0.805,0.84,0.74,0.916,0.926,0.92,0.834,0.925,0.922,0.841,0.84,0.919,0.778,0.891
12,A1_2,0.873,0.805,1.0,0.889,0.853,0.913,0.833,0.848,0.817,0.761,0.841,0.906,0.681,0.889,0.857,0.784
12,A1_3,0.93,0.84,0.889,1.0,0.779,0.911,0.911,0.868,0.83,0.834,0.88,0.845,0.783,0.905,0.748,0.817
12,B1_1,0.753,0.74,0.853,0.779,1.0,0.889,0.763,0.742,0.798,0.797,0.813,0.794,0.846,0.808,0.89,0.735
12,B1_2,0.929,0.916,0.913,0.911,0.889,1.0,0.882,0.918,0.908,0.864,0.946,0.947,0.894,0.934,0.927,0.926
12,B1_3,0.964,0.926,0.833,0.911,0.763,0.882,1.0,0.817,0.88,0.963,0.87,0.767,0.824,0.895,0.745,0.841
12,A2_1,0.899,0.92,0.848,0.868,0.742,0.918,0.817,1.0,0.756,0.81,0.956,0.923,0.791,0.952,0.764,0.812
12,A2_2,0.893,0.834,0.817,0.83,0.798,0.908,0.88,0.756,1.0,0.844,0.813,0.816,0.857,0.799,0.894,0.903
12,A2_3,0.906,0.925,0.761,0.834,0.797,0.864,0.963,0.81,0.844,1.0,0.9,0.745,0.899,0.901,0.74,0.815
12,B2_1,0.9,0.922,0.841,0.88,0.813,0.946,0.87,0.956,0.813,0.9,1.0,0.926,0.903,0.983,0.818,0.854
12,B2_2,0.848,0.841,0.906,0.845,0.794,0.947,0.767,0.923,0.816,0.745,0.926,1.0,0.781,0.915,0.895,0.879
12,B2_3,0.813,0.84,0.681,0.783,0.846,0.894,0.824,0.791,0.857,0.899,0.903,0.781,1.0,0.845,0.826,0.844
12,y1,0.909,0.919,0.889,0.905,0.808,0.934,0.895,0.952,0.799,0.901,0.983,0.915,0.845,1.0,0.781,0.812
12,y2,0.806,0.778,0.857,0.748,0.89,0.927,0.745,0.764,0.894,0.74,0.818,0.895,0.826,0.781,1.0,0.901
12,y3,0.903,0.891,0.784,0.817,0.735,0.926,0.841,0.812,0.903,0.815,0.854,0.879,0.844,0.812,0.901,1.0
13,.,1.0,0.952,0.872,0.93,0.75,0.93,0.962,0.897,0.89,0.901,0.898,0.849,0.807,0.907,0.8,0.901
13,A1_1,0.952,1.0,0.805,0.84,0.739,0.918,0.926,0.914,0.83,0.923,0.918,0.838,0.835,0.917,0.773,0.889
13,A1_2,0.872,0.805,1.0,0.893,0.853,0.914,0.835,0.855,0.815,0.755,0.834,0.907,0.676,0.889,0.86,0.785
13,A1_3,0.93,0.84,0.893,1.0,0.781,0.915,0.909,0.874,0.827,0.826,0.878,0.851,0.778,0.906,0.75,0.814
13,B1_1,0.75,0.739,0.853,0.781,1.0,0.887,0.767,0.754,0.798,0.794,0.803,0.792,0.843,0.806,0.895,0.733
13,B1_2,0.93,0.918,0.914,0.915,0.887,1.0,0.888,0.925,0.906,0.865,0.944,0.947,0.891,0.936,0.924,0.924
13,B1_3,0.962,0.926,0.835,0.909,0.767,0.888,1.0,0.815,0.883,0.962,0.87,0.771,0.826,0.896,0.748,0.845
13,A2_1,0.897,0.914,0.855,0.874,0.754,0.925,0.815,1.0,0.754,0.804,0.957,0.928,0.791,0.952,0.77,0.808
13,A2_2,0.89,0.83,0.815,0.827,0.798,0.906,0.883,0.754,1.0,0.844,0.807,0.81,0.854,0.797,0.89,0.898
13,A2_3,0.901,0.923,0.755,0.826,0.794,0.865,0.962,0.804,0.844,1.0,0.897,0.74,0.9,0.898,0.737,0.812
13,B2_1,0.898,0.918,0.834,0.878,0.803,0.944,0.87,0.957,0.807,0.897,1.0,0.923,0.9,0.982,0.808,0.846
13,B2_2,0.849,0.838,0.907,0.851,0.792,0.947,0.771,0.928,0.81,0.74,0.923,1.0,0.776,0.916,0.892,0.875
13,B2_3,0.807,0.835,0.676,0.778,0.843,0.891,0.826,0.791,0.854,0.9,0.9,0.776,1.0,0.841,0.821,0.837
13,y1,0.907,0.917,0.889,0.906,0.806,0.936,0.896,0.952,0.797,0.898,0.982,0.916,0.841,1.0,0.779,0.808
13,y2,0.8,0.773,0.86,0.75,0.895,0.924,0.748,0.77,0.89,0.737,0.808,0.892,0.821,0.779,1.0,0.895
13,y3,0.901,0.889,0.785,0.814,0.733,0.924,0.845,0.808,0.898,0.812,0.846,0.875,0.837,0.808,0.895,1.0
14,.,1.0,0.95,0.871,0.931,0.748,0.931,0.96,0.895,0.886,0.897,0.896,0.849,0.803,0.905,0.797,0.9
14,A1_1,0.95,1.0,0.805,0.839,0.739,0.919,0.927,0.909,0.828,0.921,0.915,0.836,0.832,0.916,0.77,0.888
14,A1_2,0.871,0.805,1.0,0.895,0.854,0.914,0.836,0.86,0.814,0.751,0.829,0.908,0.673,0.889,0.863,0.786
14,A1_3,0.931,0.839,0.895,1.0,0.782,0.916,0.908,0.878,0.824,0.821,0.876,0.854,0.775,0.905,0.751,0.812
14,B1_1,0.748,0.739,0.854,0.782,1.0,0.887,0.77,0.765,0.799,0.794,0.797,0.791,0.841,0.805,0.899,0.733
14,B1_2,0.931,0.919,0.914,0.916,0.887,1.0,0.892,0.93,0.904,0.866,0.942,0.947,0.89,0.937,0.923,0.922
14,B1_3,0.96,0.927,0.836,0.908,0.77,0.892,1.0,0.813,0.883,0.961,0.87,0.773,0.826,0.897,0.75,0.847
14,A2_1,0.895,0.909,0.86,0.878,0.765,0.93,0.813,1.0,0.752,0.8,0.956,0.931,0.793,0.952,0.776,0.805
14,A2_2,0.886,0.828,0.814,0.824,0.799,0.904,0.883,0.752,1.0,0.845,0.802,0.806,0.851,0.794,0.888,0.895
14,A2_3,0.897,0.921,0.751,0.821,0.794,0.866,0.961,0.8,0.845,1.0,0.894,0.738,0.9,0.895,0.736,0.811
14,B2_1,0.896,0.915,0.829,0.876,0.797,0.942,0.87,0.956,0.802,0.894,1.0,0.921,0.898,0.981,0.801,0.84
14,B2_2,0.849,0.836,0.908,0.854,0.791,0.947,0.773,0.931,0.806,0.738,0.921,1.0,0.773,0.917,0.889,0.873
14,B2_3,0.803,0.832,0.673,0.775,0.841,0.89,0.826,0.793,0.851,0.9,0.898,0.773,1.0,0.838,0.817,0.832
14,y1,0.905,0.916,0.889,0.905,0.805,0.937,0.897,0.952,0.794,0.895,0.981,0.917,0.838,1.0,0.779,0.806
14,y2,0.797,0.77,0.863,0.751,0.899,0.923,0.75,0.776,0.888,0.736,0.801,0.889,0.817,0.779,1.0,0.892
14,y3,0.9,0.888,0.786,0.812,0.733,0.922,0.847,0.805,0.895,0.811,0.84,0.873,0.832,0.806,0.892,1.0
15,.,1.0,0.948,0.871,0.932,0.748,0.926,0.959,0.895,0.88,0.893,0.891,0.844,0.795,0.903,0.792,0.894
15,A1_1,0.948,1.0,0.799,0.834,0.738,0.912,0.926,0.905,0.819,0.92,0.909,0.828,0.825,0.914,0.765,0.885
15,A1_2,0.871,0.799,1.0,0.889,0.848,0.911,0.831,0.859,0.814,0.751,0.826,0.901,0.663,0.883,0.856,0.776
15,A1_3,0.932,0.834,0.889,1.0,0.775,0.912,0.906,0.876,0.823,0.822,0.874,0.848,0.772,0.9,0.739,0.803
15,B1_1,0.748,0.738,0.848,0.775,1.0,0.891,0.764,0.767,0.805,0.805,0.802,0.789,0.844,0.802,0.896,0.731
15,B1_2,0.926,0.912,0.911,0.912,0.891,1.0,0.884,0.927,0.901,0.866,0.941,0.945,0.889,0.933,0.922,0.917
15,B1_3,0.959,0.926,0.831,0.906,0.764,0.884,1.0,0.811,0.875,0.96,0.866,0.764,0.816,0.894,0.738,0.838
15,A2_1,0.895,0.905,0.859,0.876,0.767,0.927,0.811,1.0,0.744,0.799,0.955,0.929,0.789,0.952,0.77,0.797
15,A2_2,0.88,0.819,0.814,0.823,0.805,0.901,0.875,0.744,1.0,0.838,0.793,0.798,0.844,0.784,0.889,0.89
15,A2_3,0.893,0.92,0.751,0.822,0.805,0.866,0.96,0.799,0.838,1.0,0.892,0.735,0.898,0.895,0.737,0.809
15,B2_1,0.891,0.909,0.826,0.874,0.802,0.941,0.866,0.955,0.793,0.892,1.0,0.922,0.897,0.981,0.798,0.835
15,B2_2,0.844,0.828,0.901,0.848,0.789,0.945,0.764,0.929,0.798,0.735,0.922,1.0,0.771,0.915,0.884,0.866
15,B2_3,0.795,0.825,0.663,0.772,0.844,0.889,0.816,0.789,0.844,0.898,0.897,0.771,1.0,0.835,0.812,0.827
15,y1,0.903,0.914,0.883,0.9,0.802,0.933,0.894,0.952,0.784,0.895,0.981,0.915,0.835,1.0,0.77,0.801
15,y2,0.792,0.765,0.856,0.739,0.896,0.922,0.738,0.77,0.889,0.737,0.798,0.884,0.812,0.77,1.0,0.89
15,y3,0.894,0.885,0.776,0.803,0.731,0.917,0.838,0.797,0.89,0.809,0.835,0.866,0.827,0.801,0.89,1.0
16,.,1.0,0.947,0.87,0.932,0.747,0.927,0.957,0.894,0.876,0.888,0.889,0.845,0.791,0.902,0.789,0.892
16,A1_1,0.947,1.0,0.798,0.832,0.738,0.913,0.926,0.901,0.817,0.919,0.906,0.826,0.822,0.913,0.763,0.884
16,A1_2,0.87,0.798,1.0,0.891,0.849,0.911,0.831,0.861,0.812,0.748,0.821,0.901,0.66,0.881,0.858,0.776
16,A1_3,0.932,0.832,0.891,1.0,0.776,0.913,0.905,0.878,0.821,0.817,0.872,0.85,0.769,0.899,0.74,0.799
16,B1_1,0.747,0.738,0.849,0.776,1.0,0.89,0.766,0.773,0.806,0.806,0.798,0.789,0.843,0.801,0.898,0.73
16,B1_2,0.927,0.913,0.911,0.913,0.89,1.0,0.887,0.93,0.9,0.867,0.939,0.945,0.887,0.935,0.92,0.916
16,B1_3,0.957,0.926,0.831,0.905,0.766,0.887,1.0,0.81,0.875,0.959,0.865,0.766,0.817,0.895,0.739,0.839
16,A2_1,0.894,0.901,0.861,0.878,0.773,0.93,0.81,1.0,0.742,0.795,0.954,0.93,0.789,0.952,0.774,0.793
16,A2_2,0.876,0.817,0.812,0.821,0.806,0.9,0.875,0.742,1.0,0.838,0.788,0.794,0.841,0.782,0.888,0.886
16,A2_3,0.888,0.919,0.748,0.817,0.806,0.867,0.959,0.795,0.838,1.0,0.89,0.734,0.899,0.893,0.737,0.808
16,B2_1,0.889,0.906,0.821,0.872,0.798,0.939,0.865,0.954,0.788,0.89,1.0,0.921,0.895,0.981,0.793,0.83
16,B2_2,0.845,0.826,0.901,0.85,0.789,0.945,0.766,0.93,0.794,0.734,0.921,1.0,0.769,0.916,0.882,0.864
16,B2_3,0.791,0.822,0.66,0.769,0.843,0.887,0.817,0.789,0.841,0.899,0.895,0.769,1.0,0.833,0.809,0.823
16,y1,0.902,0.913,0.881,0.899,0.801,0.935,0.895,0.952,0.782,0.893,0.981,0.916,0.833,1.0,0.77,0.799
16,y2,0.789,0.763,0.858,0.74,0.898,0.92,0.739,0.774,0.888,0.737,0.793,0.882,0.809,0.77,1.0,0.887
16,y3,0.892,0.884,0.776,0.799,0.73,0.916,0.839,0.793,0.886,0.808,0.83,0.864,0.823,0.799,0.887,1.0
17,.,1.0,0.946,0.87,0.933,0.745,0.928,0.955,0.892,0.872,0.884,0.887,0.847,0.788,0.9,0.785,0.891
17,A1_1,0.946,1.0,0.801,0.834,0.741,0.916,0.927,0.897,0.815,0.918,0.903,0.826,0.82,0.913,0.762,0.884
17,A1_2,0.87,0.801,1.0,0.894,0.851,0.911,0.833,0.866,0.812,0.743,0.816,0.903,0.658,0.882,0.861,0.779
17,A1_3,0.933,0.834,0.894,1.0,0.779,0.916,0.904,0.883,0.819,0.812,0.87,0.856,0.767,0.899,0.743,0.8
17,B1_1,0.745,0.741,0.851,0.779,1.0,0.889,0.772,0.786,0.808,0.804,0.791,0.789,0.841,0.801,0.904,0.731
17,B1_2,0.928,0.916,0.911,0.916,0.889,1.0,0.893,0.935,0.898,0.868,0.937,0.945,0.886,0.937,0.918,0.915
17,B1_3,0.955,0.927,0.833,0.904,0.772,0.893,1.0,0.809,0.877,0.959,0.865,0.772,0.819,0.896,0.745,0.844
17,A2_1,0.892,0.897,0.866,0.883,0.786,0.935,0.809,1.0,0.741,0.792,0.952,0.933,0.792,0.951,0.781,0.79
17,A2_2,0.872,0.815,0.812,0.819,0.808,0.898,0.877,0.741,1.0,0.84,0.783,0.79,0.84,0.78,0.885,0.882
17,A2_3,0.884,0.918,0.743,0.812,0.804,0.868,0.959,0.792,0.84,1.0,0.888,0.731,0.9,0.89,0.737,0.807
17,B2_1,0.887,0.903,0.816,0.87,0.791,0.937,0.865,0.952,0.783,0.888,1.0,0.919,0.893,0.979,0.786,0.824
17,B2_2,0.847,0.826,0.903,0.856,0.789,0.945,0.772,0.933,0.79,0.731,0.919,1.0,0.767,0.917,0.879,0.862
17,B2_3,0.788,0.82,0.658,0.767,0.841,0.886,0.819,0.792,0.84,0.9,0.893,0.767,1.0,0.83,0.807,0.819
17,y1,0.9,0.913,0.882,0.899,0.801,0.937,0.896,0.951,0.78,0.89,0.979,0.917,0.83,1.0,0.771,0.798
17,y2,0.785,0.762,0.861,0.743,0.904,0.918,0.745,0.781,0.885,0.737,0.786,0.879,0.807,0.771,1.0,0.883
17,y3,0.891,0.884,0.779,0.8,0.731,0.915,0.844,0.79,0.882,0.807,0.824,0.862,0.819,0.798,0.883,1.0
18,.,1.0,0.944,0.87,0.933,0.744,0.928,0.953,0.891,0.868,0.88,0.886,0.848,0.785,0.899,0.782,0.89
18,A1_1,0.944,1.0,0.802,0.834,0.743,0.917,0.928,0.893,0.814,0.917,0.9,0.826,0.819,0.912,0.762,0.884
18,A1_2,0.87,0.802,1.0,0.897,0.853,0.912,0.835,0.869,0.811,0.741,0.812,0.903,0.658,0.882,0.863,0.781
18,A1_3,0.933,0.834,0.897,1.0,0.782,0.917,0.903,0.885,0.817,0.808,0.867,0.859,0.765,0.899,0.745,0.799
18,B1_1,0.744,0.743,0.853,0.782,1.0,0.889,0.775,0.794,0.809,0.804,0.785,0.788,0.839,0.801,0.907,0.732
18,B1_2,0.928,0.917,0.912,0.917,0.889,1.0,0.896,0.938,0.897,0.869,0.936,0.945,0.886,0.938,0.916,0.914
18,B1_3,0.953,0.928,0.835,0.903,0.775,0.896,1.0,0.809,0.878,0.959,0.865,0.775,0.821,0.897,0.748,0.846
18,A2_1,0.891,0.893,0.869,0.885,0.794,0.938,0.809,1.0,0.741,0.79,0.951,0.935,0.795,0.95,0.786,0.787
18,A2_2,0.868,0.814,0.811,0.817,0.809,0.897,0.878,0.741,1.0,0.841,0.779,0.787,0.838,0.778,0.883,0.879
18,A2_3,0.88,0.917,0.741,0.808,0.804,0.869,0.959,0.79,0.841,1.0,0.886,0.73,0.901,0.888,0.737,0.806
18,B2_1,0.886,0.9,0.812,0.867,0.785,0.936,0.865,0.951,0.779,0.886,1.0,0.919,0.892,0.977,0.781,0.82
18,B2_2,0.848,0.826,0.903,0.859,0.788,0.945,0.775,0.935,0.787,0.73,0.919,1.0,0.767,0.918,0.877,0.86
18,B2_3,0.785,0.819,0.658,0.765,0.839,0.886,0.821,0.795,0.838,0.901,0.892,0.767,1.0,0.829,0.805,0.816
18,y1,0.899,0.912,0.882,0.899,0.801,0.938,0.897,0.95,0.778,0.888,0.977,0.918,0.829,1.0,0.771,0.797
18,y2,0.782,0.762,0.863,0.745,0.907,0.916,0.748,0.786,0.883,0.737,0.781,0.877,0.805,0.771,1.0,0.881
18,y3,0.89,0.884,0.781,0.799,0.732,0.914,0.846,0.787,0.879,0.806,0.82,0.86,0.816,0.797,0.881,1.0
19,.,1.0,0.942,0.87,0.935,0.744,0.924,0.951,0.89,0.862,0.875,0.882,0.843,0.779,0.897,0.777,0.883
19,A1_1,0.942,1.0,0.796,0.829,0.742,0.911,0.927,0.889,0.807,0.916,0.896,0.818,0.813,0.91,0.757,0.882
19,A1_2,0.87,0.796,1.0,0.892,0.848,0.909,0.83,0.867,0.81,0.741,0.81,0.897,0.65,0.876,0.857,0.772
19,A1_3,0.935,0.829,0.892,1.0,0.776,0.913,0.902,0.882,0.816,0.809,0.866,0.854,0.762,0.894,0.735,0.79
19,B1_1,0.744,0.742,0.848,0.776,1.0,0.893,0.77,0.797,0.813,0.814,0.792,0.788,0.842,0.8,0.904,0.73
19,B1_2,0.924,0.911,0.909,0.913,0.893,1.0,0.889,0.936,0.893,0.869,0.936,0.943,0.886,0.935,0.915,0.909
19,B1_3,0.951,0.927,0.83,0.902,0.77,0.889,1.0,0.806,0.87,0.957,0.863,0.768,0.813,0.895,0.737,0.838
19,A2_1,0.89,0.889,0.867,0.882,0.797,0.936,0.806,1.0,0.735,0.789,0.95,0.933,0.792,0.949,0.782,0.78
19,A2_2,0.862,0.807,0.81,0.816,0.813,0.893,0.87,0.735,1.0,0.835,0.771,0.78,0.832,0.769,0.884,0.873
19,A2_3,0.875,0.916,0.741,0.809,0.814,0.869,0.957,0.789,0.835,1.0,0.884,0.729,0.9,0.887,0.738,0.805
19,B2_1,0.882,0.896,0.81,0.866,0.792,0.936,0.863,0.95,0.771,0.884,1.0,0.92,0.891,0.979,0.78,0.816
19,B2_2,0.843,0.818,0.897,0.854,0.788,0.943,0.768,0.933,0.78,0.729,0.92,1.0,0.767,0.917,0.873,0.854
19,B2_3,0.779,0.813,0.65,0.762,0.842,0.886,0.813,0.792,0.832,0.9,0.891,0.767,1.0,0.827,0.801,0.812
19,y1,0.897,0.91,0.876,0.894,0.8,0.935,0.895,0.949,0.769,0.887,0.979,0.917,0.827,1.0,0.765,0.793
19,y2,0.777,0.757,0.857,0.735,0.904,0.915,0.737,0.782,0.884,0.738,0.78,0.873,0.801,0.765,1.0,0.879
19,y3,0.883,0.882,0.772,0.79,0.73,0.909,0.838,0.78,0.873,0.805,0.816,0.854,0.812,0.793,0.879,1.0
20,.,1.0,0.94,0.869,0.936,0.745,0.921,0.949,0.89,0.857,0.871,0.88,0.841,0.774,0.895,0.774,0.879
20,A1_1,0.94,1.0,0.794,0.826,0.743,0.908,0.926,0.886,0.802,0.914,0.892,0.814,0.81,0.909,0.756,0.881
20,A1_2,0.869,0.794,1.0,0.89,0.847,0.907,0.828,0.867,0.81,0.741,0.808,0.893,0.646,0.874,0.855,0.767
20,A1_3,0.936,0.826,0.89,1.0,0.774,0.911,0.901,0.881,0.815,0.808,0.865,0.851,0.76,0.89,0.73,0.784
20,B1_1,0.745,0.743,0.847,0.774,1.0,0.895,0.769,0.8,0.817,0.822,0.795,0.787,0.844,0.8,0.903,0.729
20,B1_2,0.921,0.908,0.907,0.911,0.895,1.0,0.886,0.936,0.891,0.87,0.936,0.943,0.885,0.935,0.915,0.907
20,B1_3,0.949,0.926,0.828,0.901,0.769,0.886,1.0,0.804,0.866,0.956,0.862,0.764,0.809,0.894,0.733,0.834
20,A2_1,0.89,0.886,0.867,0.881,0.8,0.936,0.804,1.0,0.732,0.788,0.948,0.933,0.79,0.948,0.781,0.776
20,A2_2,0.857,0.802,0.81,0.815,0.817,0.891,0.866,0.732,1.0,0.834,0.766,0.775,0.829,0.764,0.885,0.868
20,A2_3,0.871,0.914,0.741,0.808,0.822,0.87,0.956,0.788,0.834,1.0,0.883,0.727,0.9,0.886,0.741,0.803
20,B2_1,0.88,0.892,0.808,0.865,0.795,0.936,0.862,0.948,0.766,0.883,1.0,0.921,0.891,0.979,0.779,0.813
20,B2_2,0.841,0.814,0.893,0.851,0.787,0.943,0.764,0.933,0.775,0.727,0.921,1.0,0.766,0.918,0.871,0.851
20,B2_3,0.774,0.81,0.646,0.76,0.844,0.885,0.809,0.79,0.829,0.9,0.891,0.766,1.0,0.825,0.798,0.809
20,y1,0.895,0.909,0.874,0.89,0.8,0.935,0.894,0.948,0.764,0.886,0.979,0.918,0.825,1.0,0.764,0.791
20,y2,0.774,0.756,0.855,0.73,0.903,0.915,0.733,0.781,0.885,0.741,0.779,0.871,0.798,0.764,1.0,0.879
20,y3,0.879,0.881,0.767,0.784,0.729,0.907,0.834,0.776,0.868,0.803,0.813,0.851,0.809,0.791,0.879,1.0
21,.,1.0,0.939,0.869,0.936,0.743,0.925,0.946,0.888,0.854,0.866,0.88,0.846,0.775,0.894,0.773,0.88
21,A1_1,0.939,1.0,0.8,0.83,0.749,0.916,0.927,0.885,0.804,0.913,0.891,0.82,0.812,0.91,0.76,0.883
21,A1_2,0.869,0.8,1.0,0.896,0.853,0.909,0.834,0.871,0.81,0.739,0.804,0.897,0.651,0.876,0.863,0.776
21,A1_3,0.936,0.83,0.896,1.0,0.781,0.915,0.901,0.884,0.814,0.803,0.863,0.858,0.761,0.892,0.739,0.787
21,B1_1,0.743,0.749,0.853,0.781,1.0,0.892,0.777,0.81,0.818,0.817,0.784,0.787,0.84,0.8,0.91,0.733
21,B1_2,0.925,0.916,0.909,0.915,0.892,1.0,0.896,0.94,0.891,0.872,0.934,0.944,0.886,0.938,0.913,0.909
21,B1_3,0.946,0.927,0.834,0.901,0.777,0.896,1.0,0.805,0.871,0.956,0.864,0.774,0.817,0.897,0.745,0.843
21,A2_1,0.888,0.885,0.871,0.884,0.81,0.94,0.805,1.0,0.734,0.786,0.946,0.934,0.796,0.947,0.79,0.776
21,A2_2,0.854,0.804,0.81,0.814,0.818,0.891,0.871,0.734,1.0,0.838,0.764,0.774,0.832,0.766,0.883,0.866
21,A2_3,0.866,0.913,0.739,0.803,0.817,0.872,0.956,0.786,0.838,1.0,0.881,0.727,0.902,0.884,0.743,0.803
21,B2_1,0.88,0.891,0.804,0.863,0.784,0.934,0.864,0.946,0.764,0.881,1.0,0.919,0.889,0.976,0.773,0.81
21,B2_2,0.846,0.82,0.897,0.858,0.787,0.944,0.774,0.934,0.774,0.727,0.919,1.0,0.767,0.92,0.869,0.852
21,B2_3,0.775,0.812,0.651,0.761,0.84,0.886,0.817,0.796,0.832,0.902,0.889,0.767,1.0,0.825,0.799,0.808
21,y1,0.894,0.91,0.876,0.892,0.8,0.938,0.897,0.947,0.766,0.884,0.976,0.92,0.825,1.0,0.768,0.793
21,y2,0.773,0.76,0.863,0.739,0.91,0.913,0.745,0.79,0.883,0.743,0.773,0.869,0.799,0.768,1.0,0.877
21,y3,0.88,0.883,0.776,0.787,0.733,0.909,0.843,0.776,0.866,0.803,0.81,0.852,0.808,0.793,0.877,1.0
22,.,1.0,0.937,0.869,0.937,0.742,0.923,0.945,0.888,0.85,0.863,0.878,0.845,0.772,0.893,0.77,0.877
22,A1_1,0.937,1.0,0.799,0.829,0.751,0.915,0.927,0.882,0.802,0.913,0.889,0.817,0.811,0.909,0.76,0.883
22,A1_2,0.869,0.799,1.0,0.895,0.852,0.908,0.833,0.871,0.81,0.738,0.802,0.895,0.648,0.874,0.862,0.773
22,A1_3,0.937,0.829,0.895,1.0,0.779,0.914,0.901,0.883,0.814,0.802,0.861,0.857,0.76,0.89,0.736,0.784
22,B1_1,0.742,0.751,0.852,0.779,1.0,0.893,0.777,0.814,0.821,0.821,0.785,0.787,0.841,0.8,0.91,0.732
22,B1_2,0.923,0.915,0.908,0.914,0.893,1.0,0.895,0.94,0.89,0.873,0.934,0.943,0.886,0.938,0.912,0.907
22,B1_3,0.945,0.927,0.833,0.901,0.777,0.895,1.0,0.804,0.869,0.956,0.864,0.774,0.816,0.897,0.743,0.841
22,A2_1,0.888,0.882,0.871,0.883,0.814,0.94,0.804,1.0,0.733,0.786,0.944,0.934,0.796,0.946,0.791,0.773
22,A2_2,0.85,0.802,0.81,0.814,0.821,0.89,0.869,0.733,1.0,0.837,0.761,0.77,0.83,0.762,0.883,0.863
22,A2_3,0.863,0.913,0.738,0.802,0.821,0.873,0.956,0.786,0.837,1.0,0.88,0.727,0.903,0.883,0.745,0.803
22,B2_1,0.878,0.889,0.802,0.861,0.785,0.934,0.864,0.944,0.761,0.88,1.0,0.92,0.889,0.976,0.772,0.807
22,B2_2,0.845,0.817,0.895,0.857,0.787,0.943,0.774,0.934,0.77,0.727,0.92,1.0,0.767,0.92,0.867,0.85
22,B2_3,0.772,0.811,0.648,0.76,0.841,0.886,0.816,0.796,0.83,0.903,0.889,0.767,1.0,0.824,0.797,0.806
22,y1,0.893,0.909,0.874,0.89,0.8,0.938,0.897,0.946,0.762,0.883,0.976,0.92,0.824,1.0,0.767,0.792
22,y2,0.77,0.76,0.862,0.736,0.91,0.912,0.743,0.791,0.883,0.745,0.772,0.867,0.797,0.767,1.0,0.876
22,y3,0.877,0.883,0.773,0.784,0.732,0.907,0.841,0.773,0.863,0.803,0.807,0.85,0.806,0.792,0.876,1.0
23,.,1.0,0.936,0.869,0.938,0.743,0.925,0.942,0.888,0.846,0.858,0.876,0.847,0.771,0.892,0.769,0.875
23,A1_1,0.936,1.0,0.803,0.83,0.756,0.918,0.927,0.881,0.802,0.912,0.886,0.819,0.812,0.909,0.764,0.884
23,A1_2,0.869,0.803,1.0,0.898,0.856,0.909,0.836,0.873,0.812,0.738,0.799,0.896,0.65,0.875,0.866,0.779
23,A1_3,0.938,0.83,0.898,1.0,0.783,0.916,0.901,0.884,0.812,0.799,0.859,0.86,0.759,0.889,0.74,0.784
23,B1_1,0.743,0.756,0.856,0.783,1.0,0.892,0.782,0.82,0.825,0.822,0.781,0.788,0.839,0.801,0.913,0.736
23,B1_2,0.925,0.918,0.909,0.916,0.892,1.0,0.9,0.942,0.889,0.874,0.934,0.944,0.886,0.94,0.911,0.908
23,B1_3,0.942,0.927,0.836,0.901,0.782,0.9,1.0,0.804,0.87,0.955,0.863,0.778,0.819,0.898,0.749,0.845
23,A2_1,0.888,0.881,0.873,0.884,0.82,0.942,0.804,1.0,0.735,0.784,0.941,0.934,0.798,0.944,0.796,0.772
23,A2_2,0.846,0.802,0.812,0.812,0.825,0.889,0.87,0.735,1.0,0.839,0.758,0.769,0.83,0.762,0.884,0.86
23,A2_3,0.858,0.912,0.738,0.799,0.822,0.874,0.955,0.784,0.839,1.0,0.877,0.727,0.905,0.881,0.748,0.803
23,B2_1,0.876,0.886,0.799,0.859,0.781,0.934,0.863,0.941,0.758,0.877,1.0,0.92,0.888,0.975,0.768,0.804
23,B2_2,0.847,0.819,0.896,0.86,0.788,0.944,0.778,0.934,0.769,0.727,0.92,1.0,0.767,0.921,0.866,0.85
23,B2_3,0.771,0.812,0.65,0.759,0.839,0.886,0.819,0.798,0.83,0.905,0.888,0.767,1.0,0.823,0.796,0.805
23,y1,0.892,0.909,0.875,0.889,0.801,0.94,0.898,0.944,0.762,0.881,0.975,0.921,0.823,1.0,0.77,0.793
23,y2,0.769,0.764,0.866,0.74,0.913,0.911,0.749,0.796,0.884,0.748,0.768,0.866,0.796,0.77,1.0,0.876
23,y3,0.875,0.884,0.779,0.784,0.736,0.908,0.845,0.772,0.86,0.803,0.804,0.85,0.805,0.793,0.876,1.0
24,.,1.0,0.934,0.868,0.939,0.742,0.922,0.941,0.888,0.841,0.856,0.875,0.845,0.767,0.891,0.765,0.871
24,A1_1,0.934,1.0,0.801,0.828,0.757,0.916,0.927,0.879,0.8,0.912,0.884,0.816,0.81,0.908,0.763,0.884
24,A1_2,0.868,0.801,1.0,0.895,0.854,0.907,0.834,0.872,0.81,0.738,0.797,0.892,0.647,0.873,0.863,0.774
24,A1_3,0.939,0.828,0.895,1.0,0.78,0.913,0.901,0.883,0.812,0.8,0.857,0.856,0.759,0.886,0.735,0.78
24,B1_1,0.742,0.757,0.854,0.78,1.0,0.894,0.78,0.823,0.827,0.827,0.784,0.788,0.841,0.801,0.912,0.735
24,B1_2,0.922,0.916,0.907,0.913,0.894,1.0,0.898,0.942,0.886,0.875,0.934,0.943,0.887,0.94,0.91,0.905
24,B1_3,0.941,0.927,0.834,0.901,0.78,0.898,1.0,0.804,0.866,0.955,0.865,0.777,0.816,0.898,0.745,0.842
24,A2_1,0.888,0.879,0.872,0.883,0.823,0.942,0.804,1.0,0.732,0.785,0.94,0.933,0.799,0.943,0.795,0.768
24,A2_2,0.841,0.8,0.81,0.812,0.827,0.886,0.866,0.732,1.0,0.838,0.753,0.764,0.828,0.756,0.883,0.857
24,A2_3,0.856,0.912,0.738,0.8,0.827,0.875,0.955,0.785,0.838,1.0,0.877,0.727,0.905,0.88,0.749,0.804
24,B2_1,0.875,0.884,0.797,0.857,0.784,0.934,0.865,0.94,0.753,0.877,1.0,0.921,0.888,0.975,0.768,0.802
24,B2_2,0.845,0.816,0.892,0.856,0.788,0.943,0.777,0.933,0.764,0.727,0.921,1.0,0.768,0.922,0.864,0.846
24,B2_3,0.767,0.81,0.647,0.759,0.841,0.887,0.816,0.799,0.828,0.905,0.888,0.768,1.0,0.822,0.795,0.803
24,y1,0.891,0.908,0.873,0.886,0.801,0.94,0.898,0.943,0.756,0.88,0.975,0.922,0.822,1.0,0.768,0.792
24,y2,0.765,0.763,0.863,0.735,0.912,0.91,0.745,0.795,0.883,0.749,0.768,0.864,0.795,0.768,1.0,0.875
24,y3,0.871,0.884,0.774,0.78,0.735,0.905,0.842,0.768,0.857,0.804,0.802,0.846,0.803,0.792,0.875,1.0
25,.,1.0,0.933,0.868,0.94,0.741,0.92,0.939,0.888,0.836,0.853,0.874,0.845,0.765,0.889,0.763,0.868
25,A1_1,0.933,1.0,0.801,0.827,0.76,0.916,0.927,0.877,0.798,0.911,0.883,0.815,0.809,0.908,0.765,0.884
