,,.,A1_1,A1_2,A1_3,B1_1,B1_2,B1_3,A2_1,A2_2,A2_3,B2_1,B2_2,B2_3,y1,y2,y3
0,.,0.036,0.054,0.018,0.085,0.184,0.229,0.051,0.01,0.009,0.102,0.019,0.024,0.004,0.061,0.026,0.089
0,A1_1,0.051,0.028,0.008,0.042,0.121,0.202,0.028,0.015,0.005,0.232,0.01,0.042,0.011,0.096,0.01,0.099
0,A1_2,0.047,0.018,0.02,0.055,0.111,0.199,0.043,0.023,0.005,0.18,0.029,0.016,0.004,0.114,0.027,0.109
0,A1_3,0.057,0.037,0.005,0.032,0.122,0.233,0.045,0.018,0.003,0.138,0.012,0.041,0.007,0.074,0.01,0.164
0,B1_1,0.051,0.017,0.006,0.037,0.101,0.314,0.03,0.019,0.006,0.124,0.01,0.051,0.017,0.067,0.008,0.142
0,B1_2,0.031,0.012,0.01,0.054,0.092,0.335,0.036,0.018,0.005,0.185,0.009,0.019,0.008,0.044,0.01,0.131
0,B1_3,0.058,0.012,0.01,0.058,0.172,0.229,0.081,0.013,0.007,0.1,0.013,0.015,0.002,0.053,0.021,0.157
0,A2_1,0.049,0.025,0.006,0.034,0.096,0.282,0.02,0.017,0.005,0.151,0.014,0.064,0.022,0.094,0.006,0.113
0,A2_2,0.034,0.007,0.007,0.049,0.091,0.324,0.055,0.029,0.004,0.11,0.016,0.016,0.004,0.061,0.017,0.178
0,A2_3,0.076,0.014,0.002,0.012,0.166,0.213,0.038,0.015,0.004,0.063,0.011,0.073,0.008,0.111,0.008,0.185
0,B2_1,0.038,0.022,0.006,0.023,0.082,0.345,0.022,0.018,0.005,0.157,0.006,0.048,0.023,0.039,0.004,0.16
0,B2_2,0.02,0.013,0.015,0.05,0.067,0.523,0.026,0.014,0.008,0.091,0.009,0.015,0.008,0.019,0.006,0.118
0,B2_3,0.06,0.003,0.009,0.044,0.102,0.323,0.048,0.027,0.01,0.089,0.01,0.026,0.01,0.067,0.018,0.152
0,y1,0.107,0.006,0.023,0.025,0.122,0.184,0.054,0.03,0.011,0.1,0.024,0.021,0.005,0.115,0.032,0.142
0,y2,0.064,0.005,0.009,0.042,0.121,0.21,0.046,0.022,0.005,0.113,0.013,0.056,0.013,0.176,0.028,0.08
0,y3,0.065,0.007,0.009,0.033,0.165,0.206,0.052,0.017,0.005,0.121,0.013,0.04,0.007,0.126,0.023,0.112
1,.,0.044,0.058,0.02,0.089,0.184,0.207,0.054,0.01,0.009,0.096,0.02,0.025,0.004,0.063,0.029,0.089
1,A1_1,0.071,0.03,0.009,0.044,0.127,0.171,0.032,0.016,0.005,0.211,0.01,0.045,0.012,0.103,0.012,0.1
1,A1_2,0.067,0.018,0.027,0.059,0.113,0.163,0.05,0.025,0.006,0.161,0.031,0.017,0.004,0.119,0.036,0.106
1,A1_3,0.087,0.036,0.007,0.036,0.131,0.184,0.055,0.019,0.004,0.127,0.013,0.043,0.007,0.082,0.014,0.155
1,B1_1,0.075,0.016,0.009,0.048,0.11,0.252,0.037,0.021,0.008,0.121,0.011,0.052,0.017,0.081,0.012,0.131
1,B1_2,0.048,0.01,0.013,0.062,0.107,0.266,0.045,0.021,0.006,0.178,0.011,0.021,0.008,0.061,0.016,0.127
1,B1_3,0.09,0.012,0.012,0.056,0.183,0.16,0.091,0.015,0.008,0.097,0.014,0.016,0.002,0.066,0.028,0.149
1,A2_1,0.067,0.026,0.007,0.039,0.099,0.22,0.023,0.019,0.005,0.159,0.015,0.069,0.023,0.116,0.009,0.105
1,A2_2,0.048,0.008,0.008,0.056,0.095,0.252,0.062,0.033,0.004,0.117,0.019,0.017,0.004,0.08,0.024,0.172
1,A2_3,0.105,0.016,0.002,0.013,0.171,0.165,0.043,0.016,0.004,0.058,0.012,0.076,0.008,0.122,0.011,0.177
1,B2_1,0.055,0.024,0.008,0.028,0.088,0.283,0.026,0.021,0.005,0.167,0.007,0.052,0.026,0.046,0.006,0.158
1,B2_2,0.03,0.013,0.019,0.061,0.077,0.443,0.033,0.017,0.009,0.103,0.011,0.016,0.009,0.026,0.01,0.122
1,B2_3,0.085,0.003,0.01,0.044,0.108,0.248,0.055,0.032,0.01,0.09,0.012,0.028,0.01,0.088,0.024,0.153
1,y1,0.14,0.006,0.02,0.022,0.121,0.134,0.055,0.031,0.009,0.097,0.024,0.024,0.005,0.137,0.035,0.137
1,y2,0.076,0.005,0.008,0.042,0.121,0.171,0.047,0.021,0.004,0.112,0.012,0.066,0.014,0.196,0.028,0.076
1,y3,0.083,0.008,0.01,0.035,0.166,0.163,0.056,0.018,0.005,0.117,0.014,0.042,0.008,0.136,0.028,0.111
2,.,0.051,0.061,0.022,0.093,0.181,0.192,0.056,0.011,0.01,0.09,0.02,0.026,0.004,0.064,0.031,0.088
2,A1_1,0.094,0.031,0.011,0.046,0.13,0.153,0.035,0.017,0.007,0.186,0.011,0.048,0.013,0.103,0.015,0.1
2,A1_2,0.091,0.017,0.039,0.064,0.112,0.143,0.057,0.026,0.009,0.134,0.031,0.016,0.004,0.109,0.046,0.102
2,A1_3,0.126,0.029,0.011,0.041,0.135,0.153,0.067,0.019,0.006,0.109,0.012,0.042,0.007,0.08,0.02,0.142
2,B1_1,0.102,0.012,0.014,0.063,0.117,0.218,0.047,0.022,0.012,0.099,0.012,0.047,0.015,0.086,0.02,0.114
2,B1_2,0.078,0.008,0.019,0.066,0.12,0.225,0.057,0.023,0.01,0.134,0.013,0.021,0.007,0.073,0.027,0.119
2,B1_3,0.133,0.01,0.016,0.05,0.184,0.126,0.104,0.015,0.01,0.078,0.013,0.016,0.002,0.066,0.038,0.138
2,A2_1,0.085,0.02,0.011,0.047,0.106,0.214,0.028,0.019,0.008,0.141,0.015,0.062,0.021,0.117,0.013,0.093
2,A2_2,0.077,0.006,0.013,0.057,0.095,0.194,0.074,0.041,0.006,0.096,0.023,0.017,0.004,0.097,0.04,0.16
2,A2_3,0.139,0.015,0.003,0.014,0.171,0.126,0.047,0.017,0.005,0.051,0.012,0.079,0.008,0.141,0.015,0.159
2,B2_1,0.079,0.026,0.01,0.031,0.095,0.233,0.032,0.023,0.007,0.161,0.007,0.055,0.025,0.051,0.008,0.157
2,B2_2,0.043,0.013,0.026,0.073,0.081,0.385,0.038,0.019,0.011,0.108,0.012,0.018,0.009,0.031,0.013,0.12
2,B2_3,0.112,0.003,0.011,0.047,0.107,0.2,0.06,0.036,0.012,0.081,0.014,0.028,0.009,0.102,0.033,0.144
2,y1,0.187,0.007,0.022,0.02,0.116,0.1,0.059,0.032,0.01,0.081,0.024,0.024,0.004,0.142,0.042,0.128
2,y2,0.093,0.005,0.009,0.047,0.117,0.151,0.051,0.021,0.004,0.1,0.011,0.075,0.015,0.198,0.032,0.07
2,y3,0.11,0.008,0.015,0.039,0.164,0.137,0.066,0.02,0.007,0.096,0.015,0.04,0.007,0.129,0.039,0.109
3,.,0.059,0.064,0.024,0.095,0.177,0.18,0.058,0.011,0.011,0.085,0.021,0.026,0.004,0.064,0.034,0.088
3,A1_1,0.118,0.033,0.013,0.047,0.131,0.137,0.038,0.017,0.008,0.166,0.011,0.049,0.013,0.102,0.017,0.099
3,A1_2,0.117,0.017,0.051,0.065,0.109,0.126,0.063,0.027,0.012,0.112,0.03,0.015,0.003,0.1,0.055,0.097
3,A1_3,0.165,0.025,0.015,0.044,0.132,0.131,0.077,0.02,0.008,0.095,0.011,0.039,0.007,0.076,0.026,0.129
3,B1_1,0.129,0.009,0.02,0.074,0.116,0.189,0.054,0.023,0.018,0.079,0.012,0.043,0.014,0.089,0.031,0.1
3,B1_2,0.116,0.007,0.027,0.063,0.122,0.185,0.067,0.025,0.014,0.101,0.015,0.022,0.007,0.08,0.039,0.111
3,B1_3,0.176,0.008,0.02,0.046,0.176,0.107,0.112,0.015,0.014,0.063,0.012,0.016,0.002,0.062,0.045,0.127
3,A2_1,0.105,0.015,0.018,0.055,0.109,0.211,0.034,0.02,0.012,0.119,0.015,0.054,0.019,0.11,0.019,0.087
3,A2_2,0.118,0.005,0.019,0.051,0.088,0.144,0.081,0.048,0.009,0.073,0.026,0.017,0.004,0.112,0.061,0.143
3,A2_3,0.172,0.014,0.003,0.014,0.162,0.094,0.049,0.019,0.006,0.043,0.012,0.081,0.008,0.163,0.021,0.139
3,B2_1,0.114,0.028,0.012,0.033,0.102,0.184,0.038,0.024,0.008,0.149,0.008,0.058,0.023,0.057,0.011,0.154
3,B2_2,0.057,0.014,0.032,0.084,0.082,0.332,0.043,0.021,0.014,0.114,0.012,0.019,0.011,0.034,0.017,0.115
3,B2_3,0.14,0.003,0.014,0.049,0.102,0.163,0.063,0.04,0.015,0.071,0.015,0.027,0.009,0.112,0.043,0.134
3,y1,0.237,0.007,0.023,0.018,0.108,0.076,0.061,0.032,0.011,0.068,0.024,0.023,0.004,0.142,0.049,0.118
3,y2,0.11,0.005,0.01,0.051,0.113,0.135,0.054,0.021,0.005,0.09,0.01,0.084,0.017,0.196,0.036,0.064
3,y3,0.139,0.008,0.02,0.041,0.156,0.115,0.073,0.022,0.009,0.079,0.015,0.038,0.007,0.121,0.051,0.106
4,.,0.065,0.066,0.025,0.097,0.172,0.172,0.059,0.012,0.012,0.082,0.022,0.026,0.004,0.064,0.036,0.087
4,A1_1,0.141,0.034,0.015,0.047,0.128,0.124,0.04,0.018,0.009,0.152,0.011,0.05,0.013,0.101,0.02,0.098
4,A1_2,0.142,0.016,0.061,0.065,0.103,0.113,0.066,0.027,0.014,0.097,0.03,0.015,0.003,0.093,0.062,0.093
4,A1_3,0.199,0.022,0.02,0.046,0.125,0.116,0.083,0.02,0.01,0.084,0.011,0.037,0.007,0.07,0.031,0.119
4,B1_1,0.153,0.008,0.026,0.079,0.11,0.166,0.057,0.025,0.024,0.064,0.013,0.041,0.013,0.09,0.041,0.091
4,B1_2,0.157,0.006,0.034,0.059,0.116,0.152,0.071,0.026,0.019,0.078,0.015,0.024,0.007,0.082,0.05,0.104
4,B1_3,0.212,0.007,0.023,0.044,0.164,0.096,0.115,0.015,0.017,0.053,0.011,0.016,0.002,0.057,0.05,0.118
4,A2_1,0.127,0.013,0.025,0.06,0.105,0.202,0.038,0.021,0.017,0.1,0.015,0.048,0.018,0.102,0.025,0.083
4,A2_2,0.16,0.004,0.023,0.044,0.079,0.111,0.082,0.053,0.012,0.056,0.027,0.018,0.004,0.121,0.079,0.125
4,A2_3,0.2,0.013,0.003,0.015,0.149,0.073,0.05,0.021,0.006,0.037,0.012,0.082,0.008,0.182,0.027,0.123
4,B2_1,0.154,0.03,0.013,0.033,0.106,0.144,0.044,0.024,0.009,0.133,0.008,0.059,0.021,0.06,0.014,0.149
4,B2_2,0.072,0.015,0.039,0.093,0.08,0.292,0.046,0.022,0.016,0.117,0.011,0.021,0.012,0.034,0.019,0.11
4,B2_3,0.164,0.003,0.017,0.05,0.094,0.138,0.063,0.044,0.018,0.061,0.017,0.026,0.009,0.116,0.054,0.125
4,y1,0.283,0.007,0.025,0.017,0.099,0.06,0.061,0.032,0.012,0.057,0.023,0.022,0.004,0.135,0.055,0.108
4,y2,0.127,0.005,0.011,0.055,0.107,0.124,0.057,0.021,0.005,0.08,0.01,0.09,0.019,0.19,0.04,0.06
4,y3,0.168,0.007,0.026,0.042,0.143,0.099,0.077,0.024,0.012,0.064,0.016,0.037,0.007,0.113,0.063,0.101
5,.,0.07,0.069,0.026,0.098,0.167,0.165,0.059,0.012,0.013,0.079,0.022,0.027,0.004,0.064,0.038,0.087
5,A1_1,0.16,0.035,0.016,0.047,0.124,0.115,0.041,0.018,0.01,0.141,0.012,0.051,0.013,0.099,0.021,0.097
5,A1_2,0.162,0.016,0.071,0.064,0.097,0.102,0.068,0.027,0.016,0.086,0.029,0.015,0.003,0.087,0.068,0.089
5,A1_3,0.225,0.02,0.025,0.047,0.117,0.106,0.087,0.02,0.013,0.076,0.01,0.036,0.007,0.064,0.035,0.112
5,B1_1,0.173,0.007,0.032,0.082,0.101,0.146,0.057,0.027,0.031,0.052,0.014,0.039,0.013,0.09,0.052,0.083
5,B1_2,0.193,0.006,0.04,0.055,0.107,0.127,0.073,0.028,0.023,0.063,0.015,0.025,0.007,0.083,0.06,0.096
5,B1_3,0.239,0.007,0.026,0.043,0.153,0.088,0.115,0.015,0.02,0.047,0.011,0.016,0.002,0.054,0.054,0.111
5,A2_1,0.147,0.012,0.033,0.063,0.1,0.188,0.041,0.023,0.022,0.086,0.016,0.044,0.017,0.097,0.031,0.08
5,A2_2,0.194,0.004,0.026,0.04,0.072,0.09,0.08,0.056,0.014,0.045,0.026,0.019,0.005,0.124,0.094,0.111
5,A2_3,0.222,0.012,0.003,0.015,0.135,0.059,0.049,0.022,0.007,0.032,0.012,0.083,0.008,0.194,0.034,0.112
5,B2_1,0.19,0.032,0.014,0.032,0.105,0.117,0.048,0.024,0.01,0.119,0.007,0.06,0.019,0.062,0.017,0.142
5,B2_2,0.086,0.017,0.045,0.1,0.077,0.262,0.048,0.023,0.018,0.118,0.011,0.023,0.014,0.034,0.021,0.105
5,B2_3,0.184,0.003,0.02,0.052,0.086,0.121,0.061,0.048,0.022,0.054,0.018,0.026,0.009,0.116,0.064,0.117
5,y1,0.32,0.007,0.027,0.016,0.09,0.05,0.061,0.032,0.014,0.049,0.023,0.021,0.003,0.128,0.061,0.099
5,y2,0.142,0.005,0.012,0.058,0.102,0.115,0.058,0.022,0.006,0.072,0.009,0.094,0.02,0.184,0.044,0.057
5,y3,0.194,0.007,0.032,0.042,0.13,0.087,0.078,0.026,0.015,0.054,0.016,0.036,0.007,0.108,0.074,0.095
6,.,0.073,0.072,0.027,0.099,0.162,0.16,0.059,0.012,0.013,0.078,0.023,0.027,0.004,0.064,0.04,0.087
6,A1_1,0.174,0.037,0.017,0.046,0.119,0.107,0.041,0.019,0.011,0.135,0.012,0.051,0.014,0.098,0.023,0.096
6,A1_2,0.179,0.016,0.076,0.062,0.091,0.094,0.067,0.027,0.018,0.08,0.029,0.015,0.004,0.086,0.072,0.086
6,A1_3,0.246,0.02,0.027,0.047,0.109,0.097,0.086,0.021,0.014,0.072,0.01,0.036,0.007,0.062,0.038,0.107
6,B1_1,0.189,0.007,0.035,0.081,0.093,0.131,0.057,0.029,0.035,0.047,0.014,0.039,0.013,0.091,0.059,0.079
6,B1_2,0.22,0.007,0.042,0.052,0.099,0.109,0.072,0.029,0.025,0.056,0.015,0.026,0.007,0.084,0.067,0.091
6,B1_3,0.261,0.007,0.027,0.043,0.143,0.081,0.113,0.015,0.021,0.043,0.01,0.016,0.002,0.053,0.058,0.107
6,A2_1,0.165,0.012,0.038,0.063,0.094,0.171,0.041,0.025,0.025,0.078,0.017,0.044,0.017,0.097,0.036,0.078
6,A2_2,0.217,0.003,0.027,0.037,0.066,0.077,0.078,0.058,0.015,0.04,0.026,0.02,0.005,0.125,0.103,0.102
6,A2_3,0.238,0.012,0.003,0.015,0.124,0.051,0.047,0.024,0.008,0.029,0.013,0.084,0.008,0.202,0.038,0.105
6,B2_1,0.216,0.034,0.015,0.032,0.102,0.099,0.049,0.025,0.011,0.11,0.007,0.061,0.019,0.064,0.019,0.137
6,B2_2,0.097,0.018,0.049,0.103,0.073,0.239,0.048,0.024,0.019,0.118,0.011,0.025,0.016,0.034,0.023,0.103
6,B2_3,0.2,0.003,0.021,0.052,0.079,0.109,0.059,0.051,0.024,0.049,0.019,0.026,0.009,0.115,0.07,0.113
6,y1,0.346,0.007,0.028,0.015,0.082,0.044,0.06,0.032,0.014,0.044,0.022,0.02,0.003,0.124,0.065,0.093
6,y2,0.154,0.005,0.012,0.059,0.097,0.106,0.058,0.022,0.006,0.067,0.009,0.098,0.021,0.183,0.048,0.054
6,y3,0.215,0.007,0.034,0.042,0.118,0.077,0.077,0.027,0.017,0.048,0.016,0.036,0.007,0.107,0.082,0.09
7,.,0.075,0.075,0.028,0.1,0.158,0.156,0.058,0.012,0.014,0.077,0.023,0.027,0.005,0.064,0.041,0.086
7,A1_1,0.185,0.038,0.018,0.046,0.114,0.101,0.041,0.019,0.012,0.13,0.012,0.052,0.014,0.098,0.024,0.095
7,A1_2,0.193,0.017,0.08,0.06,0.085,0.087,0.066,0.028,0.019,0.075,0.029,0.015,0.004,0.084,0.075,0.083
7,A1_3,0.261,0.021,0.03,0.047,0.101,0.091,0.085,0.021,0.015,0.069,0.01,0.036,0.007,0.061,0.04,0.104
7,B1_1,0.202,0.007,0.039,0.08,0.086,0.119,0.055,0.03,0.038,0.042,0.015,0.039,0.014,0.092,0.066,0.075
7,B1_2,0.242,0.007,0.044,0.05,0.091,0.096,0.071,0.03,0.028,0.05,0.015,0.027,0.007,0.084,0.073,0.086
7,B1_3,0.278,0.007,0.029,0.043,0.134,0.076,0.11,0.016,0.023,0.04,0.01,0.017,0.003,0.052,0.061,0.103
7,A2_1,0.18,0.012,0.043,0.062,0.088,0.156,0.041,0.027,0.028,0.072,0.018,0.043,0.017,0.097,0.04,0.076
7,A2_2,0.236,0.003,0.028,0.035,0.061,0.068,0.076,0.059,0.017,0.035,0.025,0.021,0.005,0.125,0.112,0.094
7,A2_3,0.25,0.011,0.003,0.015,0.114,0.045,0.046,0.025,0.008,0.027,0.013,0.084,0.009,0.207,0.042,0.1
7,B2_1,0.239,0.036,0.016,0.031,0.097,0.087,0.05,0.025,0.011,0.103,0.007,0.063,0.019,0.065,0.021,0.132
7,B2_2,0.107,0.02,0.053,0.105,0.07,0.221,0.049,0.025,0.02,0.117,0.01,0.026,0.017,0.034,0.024,0.101
7,B2_3,0.212,0.004,0.023,0.052,0.073,0.099,0.057,0.054,0.026,0.046,0.019,0.026,0.01,0.114,0.076,0.109
7,y1,0.366,0.007,0.029,0.015,0.076,0.039,0.058,0.032,0.015,0.04,0.022,0.02,0.003,0.119,0.07,0.088
7,y2,0.165,0.006,0.013,0.059,0.092,0.099,0.058,0.023,0.007,0.062,0.01,0.1,0.022,0.181,0.052,0.052
7,y3,0.233,0.008,0.037,0.041,0.107,0.069,0.075,0.028,0.018,0.043,0.016,0.037,0.008,0.106,0.089,0.085
8,.,0.077,0.077,0.029,0.101,0.153,0.152,0.057,0.013,0.015,0.076,0.024,0.028,0.005,0.065,0.043,0.086
8,A1_1,0.194,0.039,0.019,0.045,0.11,0.096,0.041,0.02,0.012,0.127,0.013,0.052,0.014,0.098,0.025,0.095
8,A1_2,0.204,0.017,0.082,0.058,0.081,0.081,0.065,0.029,0.019,0.072,0.029,0.015,0.004,0.085,0.077,0.082
8,A1_3,0.273,0.022,0.032,0.046,0.095,0.084,0.083,0.022,0.015,0.069,0.01,0.037,0.008,0.06,0.042,0.102
8,B1_1,0.211,0.007,0.04,0.079,0.08,0.109,0.053,0.032,0.04,0.04,0.015,0.04,0.014,0.094,0.07,0.073
8,B1_2,0.258,0.007,0.044,0.048,0.085,0.085,0.068,0.032,0.028,0.047,0.016,0.028,0.008,0.086,0.077,0.083
8,B1_3,0.291,0.007,0.029,0.042,0.126,0.071,0.107,0.016,0.023,0.039,0.011,0.017,0.003,0.053,0.063,0.102
8,A2_1,0.193,0.013,0.044,0.059,0.083,0.142,0.04,0.028,0.029,0.069,0.018,0.044,0.018,0.1,0.043,0.076
8,A2_2,0.247,0.003,0.027,0.034,0.058,0.062,0.074,0.06,0.017,0.033,0.024,0.022,0.006,0.126,0.116,0.091
8,A2_3,0.258,0.012,0.003,0.015,0.106,0.04,0.044,0.027,0.008,0.026,0.013,0.086,0.009,0.212,0.045,0.097
8,B2_1,0.253,0.038,0.016,0.03,0.092,0.078,0.049,0.026,0.011,0.1,0.008,0.064,0.019,0.066,0.022,0.129
8,B2_2,0.114,0.022,0.055,0.106,0.067,0.207,0.049,0.027,0.021,0.118,0.01,0.028,0.018,0.035,0.025,0.1
8,B2_3,0.223,0.004,0.023,0.051,0.068,0.092,0.055,0.057,0.028,0.044,0.019,0.026,0.01,0.113,0.079,0.108
8,y1,0.379,0.007,0.029,0.014,0.071,0.036,0.056,0.033,0.016,0.038,0.022,0.02,0.003,0.119,0.072,0.085
8,y2,0.173,0.006,0.014,0.058,0.087,0.091,0.057,0.024,0.007,0.059,0.01,0.103,0.023,0.184,0.054,0.051
8,y3,0.247,0.008,0.037,0.04,0.099,0.062,0.072,0.03,0.019,0.041,0.016,0.039,0.008,0.109,0.092,0.082
9,.,0.077,0.08,0.03,0.102,0.15,0.149,0.057,0.013,0.015,0.076,0.024,0.028,0.005,0.065,0.044,0.086
9,A1_1,0.201,0.041,0.02,0.045,0.106,0.092,0.04,0.021,0.013,0.124,0.013,0.052,0.014,0.099,0.026,0.095
9,A1_2,0.213,0.018,0.084,0.056,0.077,0.076,0.063,0.029,0.02,0.07,0.029,0.016,0.004,0.085,0.08,0.08
9,A1_3,0.282,0.023,0.033,0.046,0.089,0.079,0.081,0.023,0.015,0.067,0.01,0.038,0.008,0.06,0.043,0.1
9,B1_1,0.219,0.008,0.041,0.079,0.075,0.102,0.052,0.034,0.041,0.038,0.016,0.041,0.015,0.094,0.074,0.072
9,B1_2,0.271,0.007,0.045,0.047,0.08,0.078,0.067,0.033,0.029,0.044,0.016,0.028,0.008,0.086,0.08,0.081
9,B1_3,0.301,0.007,0.03,0.042,0.119,0.068,0.105,0.017,0.025,0.038,0.011,0.018,0.003,0.052,0.065,0.1
9,A2_1,0.203,0.013,0.047,0.058,0.078,0.132,0.04,0.03,0.031,0.065,0.019,0.044,0.018,0.1,0.046,0.074
9,A2_2,0.259,0.003,0.027,0.033,0.054,0.056,0.073,0.061,0.017,0.031,0.024,0.023,0.006,0.126,0.121,0.086
9,A2_3,0.265,0.012,0.004,0.015,0.099,0.037,0.042,0.028,0.008,0.024,0.013,0.087,0.009,0.215,0.048,0.093
9,B2_1,0.266,0.039,0.016,0.029,0.088,0.071,0.048,0.026,0.011,0.096,0.008,0.065,0.019,0.067,0.023,0.126
9,B2_2,0.121,0.023,0.058,0.107,0.064,0.194,0.049,0.028,0.021,0.117,0.01,0.029,0.019,0.035,0.026,0.099
9,B2_3,0.232,0.004,0.024,0.051,0.063,0.085,0.054,0.06,0.029,0.042,0.019,0.027,0.011,0.111,0.082,0.106
9,y1,0.39,0.007,0.03,0.014,0.067,0.033,0.054,0.033,0.017,0.036,0.022,0.02,0.003,0.116,0.075,0.083
9,y2,0.18,0.006,0.014,0.058,0.084,0.086,0.056,0.024,0.008,0.055,0.01,0.105,0.024,0.183,0.058,0.049
9,y3,0.259,0.008,0.039,0.039,0.092,0.058,0.07,0.031,0.02,0.039,0.016,0.04,0.009,0.109,0.096,0.078
10,.,0.078,0.083,0.031,0.103,0.146,0.147,0.056,0.013,0.016,0.076,0.024,0.028,0.005,0.065,0.045,0.085
10,A1_1,0.205,0.042,0.02,0.044,0.102,0.088,0.04,0.021,0.013,0.122,0.013,0.053,0.015,0.099,0.027,0.095
10,A1_2,0.219,0.019,0.083,0.055,0.074,0.072,0.062,0.03,0.02,0.069,0.03,0.016,0.004,0.087,0.081,0.079
10,A1_3,0.288,0.025,0.034,0.045,0.085,0.075,0.079,0.024,0.015,0.068,0.01,0.039,0.009,0.06,0.044,0.1
10,B1_1,0.225,0.008,0.041,0.078,0.071,0.096,0.051,0.036,0.042,0.037,0.016,0.042,0.016,0.094,0.076,0.071
10,B1_2,0.28,0.008,0.045,0.046,0.075,0.073,0.065,0.034,0.03,0.042,0.016,0.029,0.009,0.086,0.083,0.08
10,B1_3,0.309,0.008,0.03,0.041,0.114,0.064,0.102,0.018,0.025,0.037,0.011,0.018,0.003,0.053,0.067,0.099
10,A2_1,0.211,0.014,0.047,0.057,0.074,0.123,0.039,0.032,0.032,0.063,0.02,0.046,0.019,0.103,0.048,0.074
10,A2_2,0.266,0.004,0.027,0.032,0.052,0.053,0.071,0.062,0.017,0.029,0.024,0.024,0.006,0.126,0.124,0.084
10,A2_3,0.269,0.012,0.004,0.015,0.094,0.034,0.041,0.029,0.009,0.024,0.013,0.089,0.01,0.218,0.049,0.092
10,B2_1,0.275,0.041,0.016,0.029,0.084,0.066,0.047,0.027,0.012,0.093,0.008,0.067,0.02,0.068,0.024,0.123
10,B2_2,0.126,0.025,0.059,0.107,0.062,0.185,0.048,0.029,0.021,0.117,0.01,0.03,0.021,0.035,0.027,0.098
10,B2_3,0.238,0.004,0.025,0.05,0.06,0.081,0.052,0.062,0.03,0.04,0.02,0.027,0.011,0.109,0.084,0.105
10,y1,0.397,0.008,0.03,0.014,0.063,0.031,0.053,0.034,0.017,0.035,0.023,0.02,0.004,0.115,0.077,0.081
10,y2,0.185,0.006,0.015,0.057,0.08,0.08,0.055,0.025,0.008,0.053,0.01,0.107,0.024,0.186,0.06,0.048
10,y3,0.269,0.009,0.038,0.039,0.086,0.053,0.067,0.032,0.02,0.038,0.016,0.042,0.009,0.111,0.098,0.075
11,.,0.078,0.085,0.032,0.104,0.143,0.145,0.055,0.013,0.016,0.075,0.025,0.028,0.005,0.065,0.046,0.085
11,A1_1,0.208,0.043,0.021,0.044,0.099,0.086,0.039,0.022,0.013,0.12,0.014,0.053,0.015,0.1,0.028,0.095
11,A1_2,0.223,0.019,0.084,0.054,0.071,0.069,0.06,0.031,0.02,0.068,0.03,0.017,0.004,0.088,0.083,0.078
11,A1_3,0.292,0.026,0.035,0.045,0.081,0.072,0.077,0.025,0.015,0.068,0.011,0.04,0.01,0.06,0.044,0.099
11,B1_1,0.229,0.008,0.042,0.078,0.068,0.091,0.049,0.037,0.043,0.036,0.016,0.043,0.017,0.094,0.078,0.07
11,B1_2,0.287,0.008,0.046,0.045,0.071,0.068,0.063,0.035,0.031,0.041,0.016,0.03,0.009,0.086,0.085,0.079
11,B1_3,0.315,0.008,0.031,0.041,0.109,0.062,0.1,0.018,0.026,0.037,0.011,0.018,0.003,0.053,0.069,0.099
11,A2_1,0.217,0.014,0.049,0.056,0.071,0.116,0.038,0.033,0.033,0.061,0.02,0.046,0.02,0.103,0.05,0.073
11,A2_2,0.272,0.004,0.027,0.032,0.049,0.049,0.07,0.062,0.018,0.028,0.023,0.025,0.006,0.126,0.128,0.081
11,A2_3,0.273,0.012,0.004,0.015,0.089,0.032,0.04,0.03,0.009,0.023,0.013,0.09,0.01,0.219,0.051,0.09
11,B2_1,0.282,0.043,0.016,0.028,0.081,0.062,0.046,0.028,0.012,0.091,0.008,0.067,0.02,0.069,0.025,0.122
11,B2_2,0.13,0.026,0.061,0.108,0.06,0.177,0.048,0.03,0.022,0.116,0.01,0.031,0.022,0.035,0.028,0.097
11,B2_3,0.244,0.004,0.025,0.05,0.057,0.077,0.051,0.065,0.031,0.039,0.02,0.027,0.012,0.107,0.087,0.105
11,y1,0.401,0.008,0.03,0.014,0.06,0.03,0.051,0.034,0.018,0.033,0.023,0.02,0.004,0.113,0.079,0.08
11,y2,0.19,0.006,0.015,0.057,0.077,0.077,0.054,0.026,0.009,0.051,0.011,0.108,0.025,0.185,0.063,0.048
11,y3,0.276,0.009,0.038,0.038,0.08,0.05,0.065,0.033,0.02,0.036,0.016,0.043,0.01,0.112,0.1,0.073
12,.,0.077,0.088,0.032,0.105,0.14,0.143,0.054,0.014,0.017,0.075,0.025,0.028,0.005,0.065,0.046,0.085
12,A1_1,0.209,0.045,0.021,0.044,0.096,0.083,0.038,0.022,0.014,0.12,0.014,0.053,0.015,0.101,0.029,0.095
12,A1_2,0.225,0.021,0.084,0.053,0.068,0.066,0.058,0.031,0.02,0.068,0.031,0.017,0.004,0.091,0.084,0.078
12,A1_3,0.293,0.029,0.034,0.045,0.077,0.069,0.075,0.026,0.015,0.069,0.011,0.042,0.01,0.061,0.045,0.1
12,B1_1,0.23,0.009,0.041,0.078,0.065,0.088,0.048,0.039,0.043,0.037,0.016,0.045,0.018,0.094,0.078,0.071
12,B1_2,0.29,0.009,0.045,0.045,0.068,0.065,0.062,0.036,0.031,0.041,0.016,0.031,0.009,0.086,0.086,0.079
12,B1_3,0.318,0.008,0.031,0.041,0.105,0.06,0.097,0.019,0.027,0.036,0.012,0.019,0.003,0.054,0.071,0.099
12,A2_1,0.22,0.015,0.049,0.054,0.068,0.11,0.036,0.035,0.034,0.06,0.021,0.048,0.021,0.107,0.052,0.072
12,A2_2,0.276,0.004,0.026,0.031,0.047,0.047,0.068,0.064,0.018,0.027,0.024,0.025,0.007,0.126,0.131,0.08
12,A2_3,0.274,0.012,0.004,0.014,0.085,0.031,0.038,0.031,0.009,0.023,0.014,0.092,0.011,0.221,0.052,0.09
12,B2_1,0.285,0.045,0.016,0.028,0.078,0.059,0.045,0.028,0.012,0.089,0.008,0.069,0.021,0.07,0.026,0.121
12,B2_2,0.132,0.028,0.062,0.108,0.058,0.171,0.047,0.031,0.022,0.116,0.011,0.032,0.023,0.036,0.029,0.097
12,B2_3,0.248,0.005,0.025,0.05,0.054,0.074,0.049,0.067,0.032,0.039,0.02,0.027,0.013,0.106,0.088,0.104
12,y1,0.402,0.008,0.031,0.014,0.058,0.029,0.05,0.035,0.019,0.033,0.024,0.02,0.004,0.114,0.081,0.079
12,y2,0.192,0.006,0.015,0.056,0.074,0.073,0.052,0.027,0.009,0.049,0.011,0.11,0.026,0.189,0.065,0.046
12,y3,0.281,0.009,0.037,0.037,0.076,0.047,0.062,0.034,0.02,0.035,0.016,0.045,0.01,0.115,0.102,0.071
13,.,0.076,0.09,0.033,0.106,0.137,0.142,0.054,0.014,0.017,0.075,0.026,0.028,0.005,0.065,0.047,0.085
13,A1_1,0.211,0.046,0.022,0.044,0.094,0.081,0.038,0.023,0.014,0.118,0.015,0.054,0.016,0.101,0.03,0.094
13,A1_2,0.228,0.021,0.085,0.052,0.066,0.064,0.057,0.032,0.021,0.067,0.032,0.018,0.004,0.092,0.086,0.076
13,A1_3,0.295,0.031,0.036,0.045,0.074,0.067,0.073,0.027,0.015,0.069,0.011,0.043,0.011,0.061,0.045,0.099
13,B1_1,0.233,0.01,0.042,0.078,0.062,0.084,0.047,0.04,0.044,0.036,0.016,0.045,0.019,0.093,0.08,0.07
13,B1_2,0.295,0.009,0.047,0.045,0.065,0.063,0.06,0.037,0.033,0.039,0.016,0.031,0.01,0.084,0.089,0.077
13,B1_3,0.32,0.008,0.033,0.042,0.101,0.059,0.095,0.019,0.029,0.036,0.012,0.019,0.004,0.053,0.074,0.098
13,A2_1,0.225,0.015,0.051,0.054,0.065,0.105,0.035,0.036,0.035,0.057,0.022,0.048,0.021,0.107,0.055,0.071
13,A2_2,0.282,0.004,0.027,0.03,0.046,0.044,0.067,0.064,0.018,0.026,0.023,0.026,0.007,0.124,0.135,0.077
13,A2_3,0.277,0.013,0.004,0.014,0.081,0.03,0.037,0.032,0.009,0.022,0.014,0.093,0.011,0.221,0.054,0.089
13,B2_1,0.29,0.046,0.017,0.027,0.075,0.056,0.044,0.029,0.012,0.087,0.008,0.07,0.022,0.071,0.026,0.119
13,B2_2,0.135,0.029,0.063,0.108,0.056,0.164,0.047,0.031,0.023,0.114,0.011,0.033,0.024,0.036,0.029,0.096
13,B2_3,0.252,0.005,0.026,0.05,0.052,0.071,0.048,0.069,0.034,0.038,0.02,0.027,0.013,0.103,0.09,0.103
13,y1,0.404,0.008,0.032,0.014,0.056,0.029,0.049,0.036,0.02,0.032,0.024,0.02,0.004,0.111,0.084,0.078
13,y2,0.196,0.007,0.017,0.056,0.072,0.071,0.051,0.027,0.01,0.046,0.011,0.109,0.027,0.186,0.069,0.045
13,y3,0.287,0.009,0.039,0.037,0.072,0.045,0.06,0.035,0.022,0.033,0.016,0.046,0.011,0.115,0.106,0.068
14,.,0.075,0.093,0.034,0.108,0.134,0.141,0.053,0.014,0.018,0.075,0.026,0.028,0.005,0.065,0.047,0.085
14,A1_1,0.211,0.047,0.022,0.044,0.092,0.08,0.037,0.023,0.015,0.116,0.015,0.054,0.016,0.102,0.031,0.094
14,A1_2,0.229,0.022,0.085,0.052,0.064,0.062,0.056,0.032,0.021,0.066,0.033,0.018,0.005,0.093,0.087,0.076
14,A1_3,0.295,0.032,0.036,0.045,0.072,0.065,0.072,0.027,0.016,0.069,0.011,0.043,0.011,0.061,0.046,0.099
14,B1_1,0.234,0.01,0.043,0.078,0.06,0.082,0.046,0.041,0.045,0.035,0.016,0.046,0.02,0.093,0.081,0.069
14,B1_2,0.298,0.009,0.048,0.045,0.063,0.061,0.059,0.038,0.034,0.038,0.016,0.031,0.01,0.084,0.09,0.076
14,B1_3,0.322,0.009,0.034,0.042,0.097,0.058,0.093,0.02,0.03,0.035,0.012,0.019,0.004,0.053,0.075,0.097
14,A2_1,0.228,0.015,0.052,0.053,0.062,0.101,0.035,0.037,0.037,0.055,0.022,0.048,0.022,0.108,0.056,0.07
14,A2_2,0.286,0.004,0.027,0.03,0.044,0.043,0.066,0.064,0.019,0.025,0.023,0.027,0.007,0.123,0.138,0.075
14,A2_3,0.279,0.013,0.004,0.014,0.078,0.029,0.037,0.033,0.01,0.021,0.014,0.093,0.012,0.22,0.055,0.088
14,B2_1,0.294,0.048,0.017,0.027,0.073,0.054,0.043,0.03,0.013,0.085,0.008,0.071,0.022,0.071,0.027,0.118
14,B2_2,0.138,0.03,0.064,0.108,0.055,0.16,0.046,0.032,0.023,0.113,0.011,0.034,0.025,0.037,0.03,0.095
14,B2_3,0.255,0.005,0.027,0.05,0.05,0.069,0.047,0.07,0.035,0.037,0.02,0.028,0.014,0.101,0.09,0.103
14,y1,0.405,0.008,0.033,0.014,0.054,0.028,0.048,0.036,0.021,0.031,0.024,0.02,0.004,0.11,0.086,0.077
14,y2,0.198,0.007,0.017,0.056,0.07,0.069,0.051,0.028,0.01,0.044,0.012,0.109,0.027,0.184,0.072,0.045
14,y3,0.291,0.009,0.039,0.037,0.069,0.043,0.058,0.035,0.022,0.032,0.017,0.047,0.011,0.115,0.108,0.066
15,.,0.074,0.096,0.034,0.108,0.132,0.139,0.052,0.014,0.018,0.075,0.026,0.029,0.005,0.065,0.048,0.085
15,A1_1,0.21,0.049,0.022,0.044,0.09,0.078,0.037,0.024,0.015,0.116,0.016,0.054,0.017,0.104,0.031,0.095
15,A1_2,0.23,0.024,0.082,0.051,0.063,0.06,0.054,0.033,0.021,0.066,0.034,0.019,0.005,0.097,0.087,0.076
15,A1_3,0.293,0.036,0.035,0.044,0.07,0.063,0.069,0.028,0.015,0.071,0.011,0.046,0.012,0.062,0.045,0.1
15,B1_1,0.235,0.011,0.041,0.079,0.058,0.08,0.045,0.043,0.044,0.037,0.016,0.048,0.021,0.093,0.08,0.07
15,B1_2,0.298,0.01,0.047,0.045,0.061,0.059,0.057,0.039,0.034,0.039,0.016,0.032,0.011,0.084,0.09,0.077
15,B1_3,0.322,0.009,0.033,0.042,0.095,0.057,0.091,0.02,0.03,0.035,0.012,0.02,0.004,0.054,0.076,0.098
15,A2_1,0.229,0.016,0.051,0.051,0.061,0.097,0.033,0.038,0.036,0.055,0.023,0.05,0.023,0.112,0.057,0.07
15,A2_2,0.287,0.004,0.026,0.029,0.043,0.041,0.065,0.065,0.018,0.024,0.023,0.027,0.007,0.124,0.137,0.076
15,A2_3,0.279,0.014,0.004,0.014,0.075,0.028,0.035,0.034,0.01,0.021,0.014,0.096,0.012,0.22,0.055,0.089
15,B2_1,0.293,0.05,0.017,0.027,0.071,0.052,0.042,0.03,0.013,0.085,0.009,0.072,0.023,0.072,0.027,0.118
15,B2_2,0.138,0.032,0.064,0.108,0.054,0.156,0.045,0.033,0.024,0.113,0.011,0.034,0.026,0.037,0.03,0.094
15,B2_3,0.258,0.005,0.026,0.049,0.048,0.067,0.046,0.072,0.035,0.036,0.02,0.028,0.014,0.101,0.091,0.103
15,y1,0.405,0.009,0.032,0.014,0.053,0.027,0.046,0.037,0.021,0.03,0.025,0.021,0.004,0.112,0.087,0.077
15,y2,0.199,0.007,0.017,0.055,0.068,0.066,0.049,0.029,0.01,0.044,0.012,0.112,0.028,0.188,0.072,0.044
15,y3,0.293,0.01,0.038,0.036,0.066,0.041,0.056,0.036,0.022,0.032,0.017,0.05,0.012,0.118,0.107,0.065
16,.,0.073,0.098,0.035,0.109,0.129,0.138,0.051,0.014,0.019,0.075,0.027,0.029,0.005,0.065,0.048,0.084
16,A1_1,0.211,0.05,0.023,0.044,0.088,0.077,0.036,0.024,0.015,0.115,0.016,0.054,0.017,0.104,0.032,0.095
16,A1_2,0.231,0.025,0.082,0.05,0.061,0.058,0.053,0.033,0.021,0.066,0.034,0.019,0.005,0.098,0.088,0.075
16,A1_3,0.293,0.038,0.035,0.044,0.068,0.061,0.068,0.029,0.015,0.071,0.011,0.046,0.013,0.062,0.045,0.1
16,B1_1,0.236,0.012,0.042,0.079,0.056,0.078,0.044,0.043,0.045,0.036,0.017,0.048,0.022,0.092,0.08,0.07
16,B1_2,0.3,0.011,0.047,0.045,0.06,0.058,0.056,0.039,0.035,0.038,0.017,0.032,0.011,0.083,0.09,0.077
16,B1_3,0.323,0.01,0.035,0.042,0.092,0.056,0.089,0.021,0.031,0.035,0.013,0.02,0.004,0.054,0.077,0.098
16,A2_1,0.231,0.016,0.052,0.051,0.059,0.094,0.032,0.039,0.037,0.053,0.023,0.05,0.024,0.112,0.058,0.069
16,A2_2,0.291,0.004,0.026,0.029,0.042,0.04,0.064,0.065,0.019,0.024,0.024,0.028,0.008,0.123,0.139,0.074
16,A2_3,0.281,0.014,0.004,0.014,0.073,0.027,0.035,0.034,0.01,0.021,0.015,0.096,0.013,0.219,0.056,0.089
16,B2_1,0.296,0.051,0.017,0.027,0.069,0.051,0.041,0.031,0.013,0.083,0.009,0.072,0.024,0.072,0.028,0.117
16,B2_2,0.141,0.033,0.066,0.107,0.053,0.152,0.045,0.033,0.024,0.111,0.011,0.035,0.026,0.037,0.031,0.094
16,B2_3,0.262,0.005,0.027,0.049,0.047,0.065,0.045,0.073,0.036,0.036,0.02,0.028,0.015,0.099,0.092,0.102
16,y1,0.405,0.009,0.033,0.014,0.051,0.027,0.045,0.037,0.022,0.03,0.025,0.021,0.005,0.111,0.088,0.077
16,y2,0.201,0.007,0.018,0.055,0.067,0.065,0.048,0.029,0.011,0.042,0.012,0.111,0.029,0.186,0.074,0.044
16,y3,0.296,0.01,0.039,0.036,0.064,0.04,0.055,0.036,0.023,0.031,0.017,0.05,0.013,0.117,0.109,0.064
17,.,0.072,0.101,0.036,0.11,0.127,0.137,0.051,0.014,0.019,0.074,0.027,0.029,0.006,0.065,0.049,0.084
17,A1_1,0.212,0.051,0.023,0.044,0.086,0.075,0.036,0.025,0.016,0.113,0.017,0.054,0.017,0.105,0.033,0.094
17,A1_2,0.234,0.025,0.083,0.049,0.06,0.056,0.052,0.034,0.021,0.064,0.035,0.019,0.005,0.1,0.089,0.074
17,A1_3,0.294,0.04,0.036,0.044,0.066,0.06,0.067,0.029,0.016,0.071,0.012,0.047,0.013,0.062,0.046,0.099
17,B1_1,0.238,0.012,0.043,0.078,0.055,0.076,0.043,0.044,0.046,0.035,0.017,0.048,0.023,0.091,0.082,0.069
17,B1_2,0.303,0.011,0.048,0.045,0.058,0.056,0.055,0.04,0.036,0.037,0.017,0.033,0.012,0.083,0.092,0.076
17,B1_3,0.324,0.01,0.036,0.043,0.09,0.056,0.088,0.021,0.033,0.034,0.013,0.02,0.004,0.054,0.079,0.097
17,A2_1,0.235,0.017,0.053,0.05,0.057,0.09,0.032,0.04,0.039,0.051,0.024,0.05,0.024,0.113,0.06,0.068
17,A2_2,0.296,0.004,0.027,0.028,0.041,0.038,0.063,0.065,0.019,0.023,0.023,0.028,0.008,0.121,0.142,0.072
17,A2_3,0.283,0.014,0.004,0.014,0.071,0.026,0.034,0.035,0.01,0.021,0.015,0.096,0.013,0.219,0.057,0.088
17,B2_1,0.3,0.053,0.017,0.026,0.067,0.048,0.04,0.031,0.014,0.08,0.009,0.073,0.024,0.073,0.029,0.115
17,B2_2,0.145,0.035,0.067,0.106,0.052,0.146,0.044,0.034,0.025,0.108,0.011,0.036,0.027,0.038,0.032,0.093
17,B2_3,0.266,0.006,0.027,0.048,0.045,0.063,0.044,0.074,0.037,0.035,0.02,0.028,0.015,0.097,0.093,0.101
17,y1,0.405,0.009,0.034,0.014,0.05,0.027,0.045,0.038,0.023,0.029,0.026,0.021,0.005,0.11,0.09,0.076
17,y2,0.204,0.007,0.019,0.055,0.065,0.063,0.048,0.029,0.012,0.04,0.013,0.11,0.029,0.184,0.078,0.043
17,y3,0.3,0.01,0.04,0.036,0.061,0.039,0.053,0.037,0.024,0.029,0.017,0.051,0.013,0.117,0.111,0.061
18,.,0.072,0.103,0.036,0.111,0.125,0.136,0.05,0.014,0.02,0.074,0.027,0.028,0.006,0.065,0.049,0.084
18,A1_1,0.213,0.051,0.023,0.043,0.085,0.074,0.036,0.025,0.016,0.112,0.017,0.054,0.017,0.105,0.034,0.095
18,A1_2,0.235,0.026,0.082,0.048,0.058,0.055,0.051,0.034,0.021,0.064,0.035,0.02,0.005,0.101,0.09,0.074
18,A1_3,0.295,0.041,0.037,0.043,0.064,0.058,0.065,0.03,0.016,0.071,0.012,0.047,0.014,0.062,0.046,0.099
18,B1_1,0.24,0.012,0.043,0.078,0.053,0.074,0.042,0.045,0.047,0.035,0.017,0.049,0.024,0.091,0.082,0.069
18,B1_2,0.305,0.011,0.049,0.045,0.056,0.054,0.054,0.041,0.037,0.037,0.017,0.033,0.012,0.082,0.093,0.076
18,B1_3,0.325,0.01,0.036,0.042,0.087,0.055,0.086,0.022,0.034,0.034,0.013,0.02,0.004,0.054,0.08,0.097
18,A2_1,0.237,0.017,0.053,0.049,0.055,0.087,0.031,0.041,0.04,0.049,0.025,0.05,0.025,0.113,0.062,0.067
18,A2_2,0.3,0.004,0.026,0.028,0.04,0.037,0.063,0.065,0.02,0.022,0.023,0.028,0.008,0.12,0.144,0.071
18,A2_3,0.284,0.014,0.004,0.014,0.068,0.025,0.034,0.036,0.01,0.02,0.015,0.097,0.014,0.218,0.058,0.088
18,B2_1,0.302,0.054,0.018,0.026,0.065,0.047,0.039,0.032,0.014,0.079,0.009,0.073,0.025,0.073,0.029,0.114
18,B2_2,0.147,0.036,0.068,0.105,0.051,0.142,0.044,0.035,0.026,0.108,0.012,0.036,0.028,0.038,0.033,0.093
18,B2_3,0.27,0.006,0.027,0.048,0.044,0.061,0.043,0.075,0.038,0.034,0.02,0.028,0.016,0.095,0.093,0.101
18,y1,0.405,0.009,0.035,0.014,0.049,0.026,0.044,0.038,0.024,0.029,0.026,0.021,0.005,0.109,0.091,0.076
18,y2,0.207,0.008,0.02,0.055,0.063,0.062,0.047,0.03,0.013,0.039,0.013,0.109,0.03,0.182,0.08,0.042
18,y3,0.303,0.011,0.04,0.036,0.059,0.038,0.052,0.037,0.025,0.029,0.017,0.052,0.014,0.117,0.112,0.06
19,.,0.07,0.106,0.037,0.111,0.123,0.135,0.049,0.015,0.02,0.075,0.028,0.028,0.006,0.064,0.049,0.084
19,A1_1,0.212,0.053,0.023,0.043,0.083,0.073,0.035,0.026,0.016,0.111,0.018,0.054,0.018,0.107,0.034,0.095
19,A1_2,0.235,0.027,0.08,0.047,0.057,0.053,0.05,0.035,0.021,0.064,0.036,0.02,0.005,0.104,0.091,0.074
19,A1_3,0.292,0.045,0.035,0.043,0.063,0.056,0.063,0.031,0.015,0.073,0.012,0.049,0.014,0.063,0.045,0.1
19,B1_1,0.239,0.013,0.041,0.078,0.052,0.073,0.041,0.047,0.045,0.036,0.017,0.05,0.025,0.091,0.081,0.071
19,B1_2,0.305,0.012,0.048,0.045,0.055,0.054,0.053,0.042,0.037,0.037,0.017,0.033,0.013,0.082,0.092,0.077
19,B1_3,0.325,0.011,0.036,0.042,0.085,0.054,0.084,0.022,0.034,0.034,0.014,0.02,0.004,0.054,0.081,0.098
19,A2_1,0.237,0.018,0.052,0.047,0.054,0.084,0.03,0.042,0.04,0.049,0.025,0.051,0.026,0.116,0.062,0.067
19,A2_2,0.3,0.005,0.026,0.027,0.039,0.037,0.062,0.066,0.019,0.022,0.024,0.029,0.008,0.12,0.143,0.072
19,A2_3,0.284,0.015,0.004,0.014,0.067,0.025,0.033,0.037,0.01,0.021,0.015,0.099,0.015,0.217,0.057,0.089
19,B2_1,0.301,0.056,0.018,0.026,0.063,0.046,0.038,0.032,0.014,0.079,0.009,0.074,0.026,0.073,0.029,0.114
19,B2_2,0.148,0.037,0.068,0.105,0.05,0.139,0.043,0.036,0.026,0.107,0.012,0.036,0.029,0.039,0.033,0.092
19,B2_3,0.272,0.006,0.027,0.047,0.042,0.06,0.043,0.077,0.038,0.034,0.021,0.028,0.016,0.095,0.093,0.102
19,y1,0.403,0.01,0.034,0.014,0.047,0.026,0.042,0.039,0.024,0.028,0.027,0.022,0.005,0.111,0.092,0.075
19,y2,0.207,0.008,0.02,0.053,0.062,0.06,0.046,0.031,0.013,0.038,0.014,0.11,0.031,0.185,0.081,0.042
19,y3,0.304,0.011,0.039,0.035,0.057,0.036,0.051,0.038,0.024,0.029,0.017,0.053,0.015,0.119,0.111,0.06
20,.,0.069,0.108,0.037,0.112,0.121,0.134,0.049,0.015,0.021,0.075,0.028,0.028,0.006,0.064,0.05,0.084
20,A1_1,0.211,0.054,0.023,0.043,0.082,0.072,0.035,0.026,0.016,0.111,0.018,0.054,0.018,0.108,0.035,0.095
20,A1_2,0.234,0.028,0.079,0.046,0.056,0.052,0.049,0.035,0.021,0.064,0.037,0.02,0.006,0.107,0.091,0.075
20,A1_3,0.29,0.048,0.035,0.042,0.061,0.055,0.062,0.031,0.015,0.074,0.012,0.05,0.015,0.064,0.045,0.101
20,B1_1,0.239,0.014,0.041,0.078,0.051,0.072,0.041,0.047,0.045,0.037,0.017,0.05,0.026,0.09,0.08,0.071
20,B1_2,0.303,0.013,0.048,0.045,0.054,0.054,0.052,0.043,0.037,0.038,0.017,0.033,0.013,0.081,0.091,0.078
20,B1_3,0.323,0.011,0.037,0.043,0.084,0.054,0.083,0.022,0.035,0.034,0.014,0.02,0.005,0.054,0.081,0.099
20,A2_1,0.237,0.018,0.052,0.047,0.052,0.083,0.029,0.043,0.04,0.049,0.026,0.051,0.027,0.118,0.062,0.067
20,A2_2,0.301,0.005,0.026,0.027,0.038,0.036,0.061,0.067,0.02,0.022,0.024,0.029,0.009,0.12,0.143,0.072
20,A2_3,0.285,0.015,0.004,0.014,0.066,0.025,0.032,0.037,0.01,0.021,0.016,0.099,0.015,0.215,0.057,0.089
20,B2_1,0.301,0.058,0.018,0.026,0.062,0.045,0.038,0.033,0.015,0.079,0.01,0.074,0.027,0.073,0.03,0.114
20,B2_2,0.148,0.038,0.069,0.104,0.049,0.137,0.043,0.036,0.027,0.106,0.012,0.036,0.029,0.039,0.034,0.092
20,B2_3,0.274,0.006,0.027,0.047,0.041,0.059,0.042,0.077,0.038,0.034,0.021,0.029,0.017,0.094,0.093,0.102
20,y1,0.402,0.01,0.035,0.014,0.046,0.026,0.042,0.039,0.025,0.028,0.027,0.022,0.005,0.111,0.092,0.075
20,y2,0.207,0.008,0.02,0.053,0.061,0.059,0.045,0.031,0.013,0.038,0.014,0.11,0.032,0.183,0.082,0.042
20,y3,0.305,0.012,0.039,0.035,0.056,0.036,0.05,0.038,0.025,0.028,0.017,0.054,0.015,0.118,0.112,0.059
21,.,0.069,0.11,0.038,0.113,0.119,0.133,0.048,0.015,0.021,0.074,0.028,0.028,0.006,0.064,0.05,0.084
21,A1_1,0.213,0.054,0.024,0.042,0.081,0.071,0.035,0.026,0.017,0.109,0.019,0.054,0.018,0.108,0.035,0.095
21,A1_2,0.238,0.029,0.079,0.045,0.055,0.051,0.048,0.035,0.021,0.062,0.038,0.021,0.006,0.107,0.092,0.074
21,A1_3,0.293,0.048,0.036,0.042,0.06,0.054,0.061,0.032,0.016,0.072,0.012,0.049,0.015,0.063,0.046,0.101
21,B1_1,0.242,0.014,0.042,0.077,0.05,0.07,0.04,0.048,0.047,0.035,0.017,0.05,0.026,0.09,0.082,0.07
21,B1_2,0.308,0.013,0.048,0.044,0.052,0.052,0.051,0.043,0.039,0.036,0.018,0.033,0.013,0.081,0.093,0.076
21,B1_3,0.325,0.011,0.037,0.043,0.082,0.053,0.082,0.023,0.037,0.033,0.014,0.02,0.005,0.054,0.083,0.097
21,A2_1,0.24,0.018,0.053,0.046,0.051,0.08,0.029,0.043,0.042,0.047,0.027,0.05,0.027,0.117,0.064,0.066
21,A2_2,0.307,0.005,0.026,0.026,0.038,0.035,0.06,0.066,0.02,0.021,0.024,0.029,0.009,0.118,0.146,0.07
21,A2_3,0.288,0.015,0.004,0.014,0.064,0.024,0.032,0.038,0.011,0.02,0.016,0.098,0.015,0.214,0.058,0.089
21,B2_1,0.305,0.058,0.018,0.026,0.061,0.044,0.037,0.033,0.015,0.076,0.01,0.073,0.027,0.073,0.03,0.113
21,B2_2,0.153,0.038,0.07,0.103,0.048,0.134,0.043,0.036,0.028,0.103,0.012,0.037,0.03,0.039,0.035,0.091
21,B2_3,0.278,0.006,0.028,0.046,0.04,0.058,0.041,0.078,0.04,0.032,0.021,0.028,0.017,0.092,0.094,0.1
21,y1,0.402,0.01,0.036,0.014,0.045,0.026,0.041,0.04,0.027,0.027,0.028,0.022,0.006,0.108,0.095,0.074
21,y2,0.211,0.008,0.021,0.053,0.06,0.059,0.045,0.031,0.015,0.036,0.015,0.107,0.032,0.179,0.086,0.041
21,y3,0.309,0.011,0.04,0.035,0.054,0.035,0.049,0.038,0.027,0.027,0.018,0.053,0.016,0.116,0.115,0.057
22,.,0.068,0.112,0.039,0.113,0.117,0.132,0.048,0.015,0.021,0.074,0.028,0.028,0.006,0.064,0.05,0.083
22,A1_1,0.212,0.055,0.024,0.042,0.08,0.07,0.035,0.027,0.017,0.108,0.019,0.054,0.019,0.108,0.036,0.096
22,A1_2,0.238,0.029,0.077,0.044,0.054,0.05,0.047,0.036,0.021,0.062,0.038,0.021,0.006,0.108,0.092,0.074
22,A1_3,0.292,0.05,0.035,0.042,0.059,0.053,0.06,0.032,0.015,0.073,0.012,0.05,0.016,0.063,0.046,0.101
22,B1_1,0.243,0.015,0.041,0.076,0.049,0.069,0.039,0.048,0.047,0.036,0.017,0.05,0.027,0.089,0.082,0.071
22,B1_2,0.308,0.013,0.048,0.044,0.051,0.052,0.05,0.043,0.039,0.036,0.018,0.034,0.014,0.08,0.093,0.077
22,B1_3,0.325,0.012,0.038,0.043,0.08,0.053,0.081,0.023,0.038,0.033,0.015,0.02,0.005,0.054,0.084,0.098
22,A2_1,0.241,0.019,0.052,0.045,0.05,0.079,0.028,0.044,0.042,0.046,0.027,0.051,0.027,0.118,0.065,0.066
22,A2_2,0.309,0.005,0.026,0.026,0.037,0.034,0.06,0.067,0.02,0.021,0.024,0.029,0.009,0.118,0.146,0.07
22,A2_3,0.29,0.016,0.004,0.014,0.062,0.024,0.032,0.038,0.011,0.02,0.016,0.099,0.016,0.212,0.059,0.089
22,B2_1,0.306,0.059,0.018,0.026,0.059,0.043,0.037,0.034,0.015,0.075,0.01,0.073,0.028,0.073,0.031,0.112
22,B2_2,0.155,0.039,0.07,0.102,0.048,0.131,0.042,0.037,0.028,0.102,0.012,0.037,0.031,0.039,0.035,0.091
22,B2_3,0.281,0.006,0.028,0.046,0.039,0.057,0.041,0.078,0.04,0.032,0.021,0.029,0.018,0.091,0.094,0.1
22,y1,0.401,0.011,0.036,0.014,0.045,0.026,0.04,0.04,0.027,0.027,0.028,0.022,0.006,0.108,0.095,0.074
22,y2,0.213,0.008,0.022,0.053,0.059,0.058,0.045,0.032,0.015,0.035,0.015,0.107,0.032,0.178,0.088,0.041
22,y3,0.311,0.012,0.04,0.035,0.053,0.035,0.048,0.039,0.027,0.027,0.018,0.054,0.016,0.116,0.115,0.056
23,.,0.067,0.114,0.039,0.114,0.116,0.132,0.047,0.015,0.022,0.074,0.029,0.028,0.006,0.063,0.05,0.083
23,A1_1,0.212,0.055,0.024,0.042,0.079,0.069,0.034,0.027,0.017,0.107,0.02,0.054,0.019,0.108,0.037,0.095
23,A1_2,0.239,0.03,0.078,0.043,0.054,0.049,0.047,0.036,0.022,0.061,0.039,0.021,0.006,0.109,0.093,0.074
23,A1_3,0.293,0.051,0.036,0.041,0.058,0.052,0.06,0.032,0.016,0.073,0.013,0.05,0.016,0.063,0.046,0.101
23,B1_1,0.245,0.015,0.042,0.076,0.048,0.068,0.039,0.049,0.048,0.035,0.018,0.05,0.027,0.088,0.083,0.07
23,B1_2,0.31,0.013,0.049,0.044,0.05,0.051,0.049,0.044,0.04,0.036,0.018,0.034,0.014,0.079,0.093,0.076
23,B1_3,0.324,0.012,0.039,0.043,0.079,0.053,0.08,0.023,0.039,0.033,0.015,0.02,0.005,0.054,0.085,0.097
23,A2_1,0.243,0.019,0.053,0.045,0.049,0.077,0.028,0.044,0.043,0.045,0.028,0.05,0.028,0.117,0.066,0.065
23,A2_2,0.313,0.005,0.026,0.025,0.036,0.033,0.059,0.066,0.021,0.02,0.024,0.029,0.009,0.116,0.148,0.069
23,A2_3,0.292,0.016,0.004,0.014,0.061,0.023,0.031,0.039,0.011,0.02,0.016,0.099,0.016,0.21,0.059,0.088
23,B2_1,0.309,0.06,0.019,0.025,0.058,0.042,0.036,0.034,0.016,0.074,0.01,0.073,0.028,0.073,0.031,0.111
23,B2_2,0.157,0.04,0.072,0.101,0.047,0.129,0.042,0.037,0.029,0.1,0.013,0.037,0.031,0.039,0.036,0.09
23,B2_3,0.285,0.006,0.028,0.045,0.039,0.056,0.04,0.078,0.041,0.031,0.021,0.028,0.018,0.09,0.095,0.099
23,y1,0.401,0.011,0.037,0.014,0.044,0.026,0.04,0.04,0.029,0.027,0.029,0.022,0.006,0.106,0.097,0.073
23,y2,0.214,0.008,0.023,0.053,0.059,0.058,0.045,0.032,0.016,0.034,0.015,0.105,0.032,0.174,0.09,0.04
23,y3,0.312,0.012,0.042,0.035,0.052,0.035,0.048,0.039,0.028,0.026,0.018,0.053,0.016,0.113,0.117,0.055
24,.,0.066,0.117,0.04,0.114,0.114,0.131,0.047,0.015,0.022,0.074,0.029,0.028,0.006,0.063,0.051,0.083
24,A1_1,0.211,0.056,0.024,0.042,0.078,0.068,0.034,0.027,0.017,0.107,0.02,0.054,0.019,0.109,0.037,0.096
24,A1_2,0.24,0.031,0.075,0.042,0.053,0.047,0.046,0.036,0.021,0.061,0.04,0.021,0.006,0.112,0.093,0.074
24,A1_3,0.292,0.054,0.035,0.04,0.057,0.051,0.059,0.033,0.015,0.073,0.013,0.051,0.017,0.063,0.045,0.101
24,B1_1,0.246,0.016,0.041,0.075,0.047,0.067,0.039,0.05,0.048,0.036,0.018,0.05,0.028,0.088,0.082,0.071
24,B1_2,0.311,0.014,0.048,0.043,0.049,0.05,0.049,0.044,0.04,0.036,0.018,0.034,0.015,0.079,0.092,0.077
24,B1_3,0.324,0.012,0.038,0.042,0.078,0.052,0.079,0.024,0.039,0.033,0.015,0.021,0.005,0.054,0.085,0.099
24,A2_1,0.243,0.019,0.051,0.043,0.048,0.075,0.027,0.045,0.043,0.045,0.028,0.051,0.029,0.12,0.066,0.066
24,A2_2,0.314,0.005,0.025,0.025,0.036,0.033,0.059,0.067,0.02,0.02,0.024,0.03,0.009,0.116,0.146,0.07
