,,.,A1_1,A1_2,A1_3,B1_1,B1_2,B1_3,A2_1,A2_2,A2_3,B2_1,B2_2,B2_3,y1,y2,y3
0,.,1.0,-0.173,0.405,-0.033,0.335,0.159,0.474,0.415,-0.44,0.188,0.057,-0.137,0.151,0.439,0.147,0.353
0,A1_1,-0.173,1.0,-0.708,-0.162,-0.218,-0.211,-0.153,0.12,0.01,-0.005,0.175,-0.0,-0.157,-0.639,0.176,0.026
0,A1_2,0.405,-0.708,1.0,0.233,0.244,0.079,0.152,0.32,-0.168,0.25,-0.158,0.303,0.05,0.411,0.004,0.391
0,A1_3,-0.033,-0.162,0.233,1.0,0.261,0.552,0.206,0.053,0.348,-0.411,-0.575,0.585,0.204,-0.153,-0.003,0.109
0,B1_1,0.335,-0.218,0.244,0.261,1.0,0.355,0.514,0.472,-0.51,-0.145,-0.777,0.06,0.421,0.366,0.059,0.439
0,B1_2,0.159,-0.211,0.079,0.552,0.355,1.0,0.473,-0.315,0.068,-0.252,-0.307,0.15,0.095,-0.021,-0.233,-0.031
0,B1_3,0.474,-0.153,0.152,0.206,0.514,0.473,1.0,0.324,-0.291,-0.132,-0.49,0.37,-0.162,0.334,-0.322,0.448
0,A2_1,0.415,0.12,0.32,0.053,0.472,-0.315,0.324,1.0,-0.562,0.214,-0.334,0.463,0.181,0.039,0.091,0.64
0,A2_2,-0.44,0.01,-0.168,0.348,-0.51,0.068,-0.291,-0.562,1.0,0.098,0.138,0.138,0.054,-0.211,-0.322,-0.557
0,A2_3,0.188,-0.005,0.25,-0.411,-0.145,-0.252,-0.132,0.214,0.098,1.0,0.488,-0.007,0.178,-0.01,-0.519,-0.132
0,B2_1,0.057,0.175,-0.158,-0.575,-0.777,-0.307,-0.49,-0.334,0.138,0.488,1.0,-0.409,-0.242,-0.223,-0.114,-0.454
0,B2_2,-0.137,-0.0,0.303,0.585,0.06,0.15,0.37,0.463,0.138,-0.007,-0.409,1.0,-0.084,-0.317,-0.263,0.371
0,B2_3,0.151,-0.157,0.05,0.204,0.421,0.095,-0.162,0.181,0.054,0.178,-0.242,-0.084,1.0,0.185,0.144,-0.061
0,y1,0.439,-0.639,0.411,-0.153,0.366,-0.021,0.334,0.039,-0.211,-0.01,-0.223,-0.317,0.185,1.0,0.019,0.352
0,y2,0.147,0.176,0.004,-0.003,0.059,-0.233,-0.322,0.091,-0.322,-0.519,-0.114,-0.263,0.144,0.019,1.0,0.294
0,y3,0.353,0.026,0.391,0.109,0.439,-0.031,0.448,0.64,-0.557,-0.132,-0.454,0.371,-0.061,0.352,0.294,1.0
1,.,1.0,-0.174,0.404,-0.031,0.333,0.158,0.472,0.413,-0.439,0.184,0.056,-0.138,0.151,0.437,0.15,0.351
1,A1_1,-0.174,1.0,-0.707,-0.163,-0.22,-0.213,-0.154,0.12,0.01,-0.004,0.175,-0.001,-0.158,-0.639,0.176,0.026
1,A1_2,0.404,-0.707,1.0,0.232,0.243,0.078,0.152,0.321,-0.169,0.251,-0.156,0.303,0.05,0.411,0.005,0.39
1,A1_3,-0.031,-0.163,0.232,1.0,0.261,0.553,0.206,0.051,0.347,-0.411,-0.572,0.586,0.204,-0.153,-0.003,0.109
1,B1_1,0.333,-0.22,0.243,0.261,1.0,0.355,0.513,0.471,-0.511,-0.146,-0.78,0.059,0.42,0.367,0.06,0.44
1,B1_2,0.158,-0.213,0.078,0.553,0.355,1.0,0.472,-0.317,0.068,-0.253,-0.308,0.15,0.093,-0.021,-0.233,-0.031
1,B1_3,0.472,-0.154,0.152,0.206,0.513,0.472,1.0,0.323,-0.29,-0.132,-0.491,0.369,-0.164,0.335,-0.322,0.448
1,A2_1,0.413,0.12,0.321,0.051,0.471,-0.317,0.323,1.0,-0.562,0.215,-0.334,0.462,0.18,0.039,0.091,0.639
1,A2_2,-0.439,0.01,-0.169,0.347,-0.511,0.068,-0.29,-0.562,1.0,0.099,0.144,0.14,0.055,-0.211,-0.323,-0.558
1,A2_3,0.184,-0.004,0.251,-0.411,-0.146,-0.253,-0.132,0.215,0.099,1.0,0.489,-0.007,0.177,-0.01,-0.519,-0.132
1,B2_1,0.056,0.175,-0.156,-0.572,-0.78,-0.308,-0.491,-0.334,0.144,0.489,1.0,-0.407,-0.244,-0.224,-0.118,-0.456
1,B2_2,-0.138,-0.001,0.303,0.586,0.059,0.15,0.369,0.462,0.14,-0.007,-0.407,1.0,-0.084,-0.316,-0.263,0.371
1,B2_3,0.151,-0.158,0.05,0.204,0.42,0.093,-0.164,0.18,0.055,0.177,-0.244,-0.084,1.0,0.186,0.145,-0.06
1,y1,0.437,-0.639,0.411,-0.153,0.367,-0.021,0.335,0.039,-0.211,-0.01,-0.224,-0.316,0.186,1.0,0.018,0.352
1,y2,0.15,0.176,0.005,-0.003,0.06,-0.233,-0.322,0.091,-0.323,-0.519,-0.118,-0.263,0.145,0.018,1.0,0.295
1,y3,0.351,0.026,0.39,0.109,0.44,-0.031,0.448,0.639,-0.558,-0.132,-0.456,0.371,-0.06,0.352,0.295,1.0
2,.,1.0,-0.174,0.404,-0.029,0.33,0.157,0.47,0.412,-0.438,0.181,0.054,-0.138,0.15,0.435,0.152,0.349
2,A1_1,-0.174,1.0,-0.706,-0.164,-0.221,-0.215,-0.155,0.121,0.01,-0.003,0.175,-0.002,-0.16,-0.639,0.175,0.026
2,A1_2,0.404,-0.706,1.0,0.231,0.243,0.077,0.152,0.321,-0.169,0.252,-0.153,0.303,0.05,0.411,0.005,0.389
2,A1_3,-0.029,-0.164,0.231,1.0,0.261,0.553,0.207,0.051,0.345,-0.411,-0.569,0.587,0.205,-0.152,-0.003,0.11
2,B1_1,0.33,-0.221,0.243,0.261,1.0,0.353,0.512,0.469,-0.512,-0.147,-0.782,0.058,0.42,0.367,0.061,0.441
2,B1_2,0.157,-0.215,0.077,0.553,0.353,1.0,0.471,-0.319,0.068,-0.254,-0.309,0.15,0.092,-0.02,-0.233,-0.031
2,B1_3,0.47,-0.155,0.152,0.207,0.512,0.471,1.0,0.321,-0.289,-0.133,-0.493,0.37,-0.165,0.336,-0.323,0.448
2,A2_1,0.412,0.121,0.321,0.051,0.469,-0.319,0.321,1.0,-0.561,0.217,-0.334,0.46,0.178,0.038,0.091,0.638
2,A2_2,-0.438,0.01,-0.169,0.345,-0.512,0.068,-0.289,-0.561,1.0,0.1,0.15,0.142,0.055,-0.211,-0.324,-0.558
2,A2_3,0.181,-0.003,0.252,-0.411,-0.147,-0.254,-0.133,0.217,0.1,1.0,0.489,-0.007,0.176,-0.01,-0.518,-0.132
2,B2_1,0.054,0.175,-0.153,-0.569,-0.782,-0.309,-0.493,-0.334,0.15,0.489,1.0,-0.406,-0.246,-0.224,-0.121,-0.457
2,B2_2,-0.138,-0.002,0.303,0.587,0.058,0.15,0.37,0.46,0.142,-0.007,-0.406,1.0,-0.085,-0.314,-0.263,0.371
2,B2_3,0.15,-0.16,0.05,0.205,0.42,0.092,-0.165,0.178,0.055,0.176,-0.246,-0.085,1.0,0.186,0.145,-0.06
2,y1,0.435,-0.639,0.411,-0.152,0.367,-0.02,0.336,0.038,-0.211,-0.01,-0.224,-0.314,0.186,1.0,0.018,0.352
2,y2,0.152,0.175,0.005,-0.003,0.061,-0.233,-0.323,0.091,-0.324,-0.518,-0.121,-0.263,0.145,0.018,1.0,0.295
2,y3,0.349,0.026,0.389,0.11,0.441,-0.031,0.448,0.638,-0.558,-0.132,-0.457,0.371,-0.06,0.352,0.295,1.0
3,.,1.0,-0.174,0.403,-0.027,0.327,0.157,0.469,0.41,-0.437,0.177,0.053,-0.138,0.15,0.433,0.155,0.347
3,A1_1,-0.174,1.0,-0.706,-0.165,-0.223,-0.217,-0.156,0.121,0.011,-0.001,0.175,-0.003,-0.161,-0.639,0.175,0.026
3,A1_2,0.403,-0.706,1.0,0.23,0.243,0.077,0.152,0.321,-0.169,0.254,-0.151,0.303,0.05,0.41,0.005,0.389
3,A1_3,-0.027,-0.165,0.23,1.0,0.261,0.553,0.208,0.049,0.344,-0.411,-0.567,0.589,0.205,-0.152,-0.003,0.11
3,B1_1,0.327,-0.223,0.243,0.261,1.0,0.352,0.511,0.468,-0.512,-0.148,-0.785,0.057,0.419,0.369,0.063,0.441
3,B1_2,0.157,-0.217,0.077,0.553,0.352,1.0,0.471,-0.322,0.068,-0.254,-0.309,0.151,0.091,-0.02,-0.233,-0.031
3,B1_3,0.469,-0.156,0.152,0.208,0.511,0.471,1.0,0.32,-0.288,-0.133,-0.495,0.37,-0.166,0.337,-0.322,0.448
3,A2_1,0.41,0.121,0.321,0.049,0.468,-0.322,0.32,1.0,-0.561,0.218,-0.333,0.458,0.177,0.038,0.091,0.637
3,A2_2,-0.437,0.011,-0.169,0.344,-0.512,0.068,-0.288,-0.561,1.0,0.101,0.155,0.143,0.055,-0.211,-0.324,-0.558
3,A2_3,0.177,-0.001,0.254,-0.411,-0.148,-0.254,-0.133,0.218,0.101,1.0,0.49,-0.007,0.176,-0.009,-0.518,-0.131
3,B2_1,0.053,0.175,-0.151,-0.567,-0.785,-0.309,-0.495,-0.333,0.155,0.49,1.0,-0.404,-0.248,-0.225,-0.125,-0.458
3,B2_2,-0.138,-0.003,0.303,0.589,0.057,0.151,0.37,0.458,0.143,-0.007,-0.404,1.0,-0.085,-0.313,-0.262,0.371
3,B2_3,0.15,-0.161,0.05,0.205,0.419,0.091,-0.166,0.177,0.055,0.176,-0.248,-0.085,1.0,0.188,0.145,-0.06
3,y1,0.433,-0.639,0.41,-0.152,0.369,-0.02,0.337,0.038,-0.211,-0.009,-0.225,-0.313,0.188,1.0,0.017,0.353
3,y2,0.155,0.175,0.005,-0.003,0.063,-0.233,-0.322,0.091,-0.324,-0.518,-0.125,-0.262,0.145,0.017,1.0,0.296
3,y3,0.347,0.026,0.389,0.11,0.441,-0.031,0.448,0.637,-0.558,-0.131,-0.458,0.371,-0.06,0.353,0.296,1.0
4,.,1.0,-0.175,0.401,-0.025,0.325,0.157,0.468,0.408,-0.437,0.173,0.051,-0.14,0.15,0.432,0.157,0.345
4,A1_1,-0.175,1.0,-0.705,-0.166,-0.224,-0.219,-0.158,0.122,0.012,-0.0,0.175,-0.003,-0.163,-0.639,0.174,0.026
4,A1_2,0.401,-0.705,1.0,0.228,0.243,0.076,0.152,0.322,-0.17,0.255,-0.149,0.303,0.05,0.41,0.006,0.389
4,A1_3,-0.025,-0.166,0.228,1.0,0.262,0.554,0.209,0.048,0.343,-0.41,-0.563,0.59,0.206,-0.152,-0.002,0.109
4,B1_1,0.325,-0.224,0.243,0.262,1.0,0.351,0.51,0.466,-0.513,-0.149,-0.788,0.056,0.418,0.37,0.064,0.442
4,B1_2,0.157,-0.219,0.076,0.554,0.351,1.0,0.47,-0.324,0.068,-0.255,-0.31,0.152,0.09,-0.019,-0.233,-0.031
4,B1_3,0.468,-0.158,0.152,0.209,0.51,0.47,1.0,0.319,-0.288,-0.133,-0.496,0.37,-0.167,0.338,-0.323,0.449
4,A2_1,0.408,0.122,0.322,0.048,0.466,-0.324,0.319,1.0,-0.56,0.22,-0.332,0.456,0.176,0.038,0.091,0.636
4,A2_2,-0.437,0.012,-0.17,0.343,-0.513,0.068,-0.288,-0.56,1.0,0.103,0.161,0.145,0.056,-0.211,-0.325,-0.558
4,A2_3,0.173,-0.0,0.255,-0.41,-0.149,-0.255,-0.133,0.22,0.103,1.0,0.49,-0.008,0.175,-0.009,-0.518,-0.131
4,B2_1,0.051,0.175,-0.149,-0.563,-0.788,-0.31,-0.496,-0.332,0.161,0.49,1.0,-0.402,-0.249,-0.226,-0.128,-0.46
4,B2_2,-0.14,-0.003,0.303,0.59,0.056,0.152,0.37,0.456,0.145,-0.008,-0.402,1.0,-0.086,-0.312,-0.262,0.37
4,B2_3,0.15,-0.163,0.05,0.206,0.418,0.09,-0.167,0.176,0.056,0.175,-0.249,-0.086,1.0,0.188,0.145,-0.06
4,y1,0.432,-0.639,0.41,-0.152,0.37,-0.019,0.338,0.038,-0.211,-0.009,-0.226,-0.312,0.188,1.0,0.016,0.353
4,y2,0.157,0.174,0.006,-0.002,0.064,-0.233,-0.323,0.091,-0.325,-0.518,-0.128,-0.262,0.145,0.016,1.0,0.296
4,y3,0.345,0.026,0.389,0.109,0.442,-0.031,0.449,0.636,-0.558,-0.131,-0.46,0.37,-0.06,0.353,0.296,1.0
5,.,1.0,-0.176,0.4,-0.023,0.323,0.157,0.466,0.406,-0.435,0.169,0.05,-0.14,0.15,0.43,0.159,0.342
5,A1_1,-0.176,1.0,-0.704,-0.166,-0.226,-0.221,-0.159,0.123,0.012,0.001,0.175,-0.004,-0.164,-0.64,0.174,0.025
5,A1_2,0.4,-0.704,1.0,0.227,0.242,0.075,0.152,0.322,-0.171,0.256,-0.146,0.303,0.05,0.41,0.006,0.388
5,A1_3,-0.023,-0.166,0.227,1.0,0.262,0.554,0.21,0.047,0.342,-0.41,-0.561,0.592,0.207,-0.152,-0.002,0.109
5,B1_1,0.323,-0.226,0.242,0.262,1.0,0.349,0.509,0.465,-0.513,-0.15,-0.79,0.056,0.418,0.371,0.065,0.443
5,B1_2,0.157,-0.221,0.075,0.554,0.349,1.0,0.469,-0.327,0.069,-0.256,-0.31,0.153,0.089,-0.018,-0.233,-0.031
5,B1_3,0.466,-0.159,0.152,0.21,0.509,0.469,1.0,0.317,-0.286,-0.134,-0.497,0.37,-0.169,0.339,-0.323,0.449
5,A2_1,0.406,0.123,0.322,0.047,0.465,-0.327,0.317,1.0,-0.56,0.221,-0.332,0.454,0.174,0.038,0.091,0.635
5,A2_2,-0.435,0.012,-0.171,0.342,-0.513,0.069,-0.286,-0.56,1.0,0.104,0.166,0.147,0.057,-0.212,-0.326,-0.558
5,A2_3,0.169,0.001,0.256,-0.41,-0.15,-0.256,-0.134,0.221,0.104,1.0,0.491,-0.008,0.174,-0.009,-0.517,-0.131
5,B2_1,0.05,0.175,-0.146,-0.561,-0.79,-0.31,-0.497,-0.332,0.166,0.491,1.0,-0.4,-0.251,-0.226,-0.131,-0.461
5,B2_2,-0.14,-0.004,0.303,0.592,0.056,0.153,0.37,0.454,0.147,-0.008,-0.4,1.0,-0.086,-0.311,-0.262,0.37
5,B2_3,0.15,-0.164,0.05,0.207,0.418,0.089,-0.169,0.174,0.057,0.174,-0.251,-0.086,1.0,0.189,0.146,-0.059
5,y1,0.43,-0.64,0.41,-0.152,0.371,-0.018,0.339,0.038,-0.212,-0.009,-0.226,-0.311,0.189,1.0,0.015,0.353
5,y2,0.159,0.174,0.006,-0.002,0.065,-0.233,-0.323,0.091,-0.326,-0.517,-0.131,-0.262,0.146,0.015,1.0,0.297
5,y3,0.342,0.025,0.388,0.109,0.443,-0.031,0.449,0.635,-0.558,-0.131,-0.461,0.37,-0.059,0.353,0.297,1.0
6,.,1.0,-0.177,0.399,-0.021,0.321,0.156,0.465,0.404,-0.435,0.164,0.048,-0.141,0.151,0.429,0.163,0.34
6,A1_1,-0.177,1.0,-0.703,-0.167,-0.227,-0.223,-0.161,0.123,0.013,0.003,0.175,-0.005,-0.165,-0.64,0.174,0.025
6,A1_2,0.399,-0.703,1.0,0.226,0.242,0.075,0.153,0.323,-0.171,0.256,-0.144,0.304,0.05,0.41,0.006,0.387
6,A1_3,-0.021,-0.167,0.226,1.0,0.262,0.555,0.21,0.046,0.341,-0.41,-0.557,0.593,0.207,-0.152,-0.002,0.109
6,B1_1,0.321,-0.227,0.242,0.262,1.0,0.348,0.508,0.463,-0.513,-0.15,-0.792,0.055,0.417,0.373,0.066,0.443
6,B1_2,0.156,-0.223,0.075,0.555,0.348,1.0,0.468,-0.329,0.069,-0.257,-0.31,0.154,0.088,-0.017,-0.233,-0.03
6,B1_3,0.465,-0.161,0.153,0.21,0.508,0.468,1.0,0.316,-0.285,-0.134,-0.498,0.37,-0.17,0.34,-0.323,0.449
6,A2_1,0.404,0.123,0.323,0.046,0.463,-0.329,0.316,1.0,-0.559,0.222,-0.332,0.452,0.173,0.038,0.091,0.635
6,A2_2,-0.435,0.013,-0.171,0.341,-0.513,0.069,-0.285,-0.559,1.0,0.105,0.171,0.149,0.057,-0.212,-0.327,-0.558
6,A2_3,0.164,0.003,0.256,-0.41,-0.15,-0.257,-0.134,0.222,0.105,1.0,0.492,-0.008,0.173,-0.009,-0.517,-0.131
6,B2_1,0.048,0.175,-0.144,-0.557,-0.792,-0.31,-0.498,-0.332,0.171,0.492,1.0,-0.398,-0.252,-0.227,-0.134,-0.462
6,B2_2,-0.141,-0.005,0.304,0.593,0.055,0.154,0.37,0.452,0.149,-0.008,-0.398,1.0,-0.087,-0.309,-0.262,0.369
6,B2_3,0.151,-0.165,0.05,0.207,0.417,0.088,-0.17,0.173,0.057,0.173,-0.252,-0.087,1.0,0.19,0.146,-0.059
6,y1,0.429,-0.64,0.41,-0.152,0.373,-0.017,0.34,0.038,-0.212,-0.009,-0.227,-0.309,0.19,1.0,0.014,0.354
6,y2,0.163,0.174,0.006,-0.002,0.066,-0.233,-0.323,0.091,-0.327,-0.517,-0.134,-0.262,0.146,0.014,1.0,0.297
6,y3,0.34,0.025,0.387,0.109,0.443,-0.03,0.449,0.635,-0.558,-0.131,-0.462,0.369,-0.059,0.354,0.297,1.0
7,.,1.0,-0.176,0.397,-0.019,0.318,0.156,0.463,0.402,-0.434,0.16,0.048,-0.142,0.151,0.427,0.166,0.338
7,A1_1,-0.176,1.0,-0.702,-0.167,-0.229,-0.225,-0.162,0.124,0.014,0.004,0.174,-0.005,-0.167,-0.64,0.173,0.025
7,A1_2,0.397,-0.702,1.0,0.224,0.242,0.074,0.153,0.323,-0.172,0.258,-0.141,0.304,0.05,0.41,0.006,0.387
7,A1_3,-0.019,-0.167,0.224,1.0,0.262,0.556,0.211,0.045,0.34,-0.41,-0.555,0.594,0.208,-0.152,-0.002,0.109
7,B1_1,0.318,-0.229,0.242,0.262,1.0,0.347,0.508,0.462,-0.513,-0.151,-0.794,0.055,0.416,0.374,0.068,0.444
7,B1_2,0.156,-0.225,0.074,0.556,0.347,1.0,0.467,-0.331,0.068,-0.258,-0.31,0.154,0.087,-0.016,-0.232,-0.03
7,B1_3,0.463,-0.162,0.153,0.211,0.508,0.467,1.0,0.315,-0.284,-0.134,-0.498,0.37,-0.171,0.342,-0.323,0.449
7,A2_1,0.402,0.124,0.323,0.045,0.462,-0.331,0.315,1.0,-0.558,0.224,-0.331,0.451,0.171,0.037,0.091,0.634
7,A2_2,-0.434,0.014,-0.172,0.34,-0.513,0.068,-0.284,-0.558,1.0,0.106,0.176,0.151,0.058,-0.212,-0.328,-0.559
7,A2_3,0.16,0.004,0.258,-0.41,-0.151,-0.258,-0.134,0.224,0.106,1.0,0.493,-0.008,0.172,-0.009,-0.517,-0.13
7,B2_1,0.048,0.174,-0.141,-0.555,-0.794,-0.31,-0.498,-0.331,0.176,0.493,1.0,-0.396,-0.253,-0.227,-0.138,-0.463
7,B2_2,-0.142,-0.005,0.304,0.594,0.055,0.154,0.37,0.451,0.151,-0.008,-0.396,1.0,-0.087,-0.308,-0.262,0.369
7,B2_3,0.151,-0.167,0.05,0.208,0.416,0.087,-0.171,0.171,0.058,0.172,-0.253,-0.087,1.0,0.191,0.146,-0.059
7,y1,0.427,-0.64,0.41,-0.152,0.374,-0.016,0.342,0.037,-0.212,-0.009,-0.227,-0.308,0.191,1.0,0.014,0.355
7,y2,0.166,0.173,0.006,-0.002,0.068,-0.232,-0.323,0.091,-0.328,-0.517,-0.138,-0.262,0.146,0.014,1.0,0.298
7,y3,0.338,0.025,0.387,0.109,0.444,-0.03,0.449,0.634,-0.559,-0.13,-0.463,0.369,-0.059,0.355,0.298,1.0
8,.,1.0,-0.176,0.395,-0.017,0.316,0.156,0.462,0.4,-0.433,0.155,0.046,-0.143,0.151,0.425,0.169,0.336
8,A1_1,-0.176,1.0,-0.702,-0.168,-0.23,-0.227,-0.163,0.125,0.015,0.005,0.174,-0.007,-0.168,-0.64,0.173,0.025
8,A1_2,0.395,-0.702,1.0,0.223,0.242,0.073,0.153,0.324,-0.172,0.259,-0.138,0.304,0.05,0.41,0.006,0.386
8,A1_3,-0.017,-0.168,0.223,1.0,0.263,0.556,0.212,0.045,0.338,-0.41,-0.551,0.596,0.209,-0.152,-0.002,0.108
8,B1_1,0.316,-0.23,0.242,0.263,1.0,0.345,0.507,0.461,-0.514,-0.151,-0.796,0.054,0.416,0.376,0.069,0.444
8,B1_2,0.156,-0.227,0.073,0.556,0.345,1.0,0.467,-0.334,0.069,-0.258,-0.31,0.154,0.087,-0.015,-0.233,-0.03
8,B1_3,0.462,-0.163,0.153,0.212,0.507,0.467,1.0,0.313,-0.283,-0.134,-0.499,0.37,-0.172,0.343,-0.323,0.45
8,A2_1,0.4,0.125,0.324,0.045,0.461,-0.334,0.313,1.0,-0.557,0.225,-0.331,0.449,0.17,0.037,0.091,0.633
8,A2_2,-0.433,0.015,-0.172,0.338,-0.514,0.069,-0.283,-0.557,1.0,0.107,0.181,0.154,0.058,-0.213,-0.329,-0.559
8,A2_3,0.155,0.005,0.259,-0.41,-0.151,-0.258,-0.134,0.225,0.107,1.0,0.494,-0.007,0.172,-0.009,-0.517,-0.13
8,B2_1,0.046,0.174,-0.138,-0.551,-0.796,-0.31,-0.499,-0.331,0.181,0.494,1.0,-0.394,-0.255,-0.228,-0.142,-0.465
8,B2_2,-0.143,-0.007,0.304,0.596,0.054,0.154,0.37,0.449,0.154,-0.007,-0.394,1.0,-0.087,-0.306,-0.263,0.368
8,B2_3,0.151,-0.168,0.05,0.209,0.416,0.087,-0.172,0.17,0.058,0.172,-0.255,-0.087,1.0,0.192,0.147,-0.058
8,y1,0.425,-0.64,0.41,-0.152,0.376,-0.015,0.343,0.037,-0.213,-0.009,-0.228,-0.306,0.192,1.0,0.013,0.355
8,y2,0.169,0.173,0.006,-0.002,0.069,-0.233,-0.323,0.091,-0.329,-0.517,-0.142,-0.263,0.147,0.013,1.0,0.298
8,y3,0.336,0.025,0.386,0.108,0.444,-0.03,0.45,0.633,-0.559,-0.13,-0.465,0.368,-0.058,0.355,0.298,1.0
9,.,1.0,-0.177,0.393,-0.015,0.314,0.155,0.46,0.398,-0.433,0.151,0.045,-0.144,0.152,0.423,0.172,0.333
9,A1_1,-0.177,1.0,-0.701,-0.168,-0.232,-0.229,-0.164,0.125,0.015,0.006,0.173,-0.007,-0.169,-0.641,0.173,0.025
9,A1_2,0.393,-0.701,1.0,0.221,0.242,0.073,0.153,0.324,-0.173,0.26,-0.136,0.304,0.05,0.411,0.006,0.385
9,A1_3,-0.015,-0.168,0.221,1.0,0.263,0.557,0.213,0.044,0.337,-0.41,-0.548,0.597,0.21,-0.152,-0.002,0.108
9,B1_1,0.314,-0.232,0.242,0.263,1.0,0.344,0.506,0.459,-0.514,-0.152,-0.798,0.053,0.415,0.377,0.071,0.445
9,B1_2,0.155,-0.229,0.073,0.557,0.344,1.0,0.466,-0.336,0.069,-0.259,-0.31,0.156,0.086,-0.014,-0.232,-0.03
9,B1_3,0.46,-0.164,0.153,0.213,0.506,0.466,1.0,0.312,-0.281,-0.134,-0.499,0.37,-0.173,0.344,-0.323,0.45
9,A2_1,0.398,0.125,0.324,0.044,0.459,-0.336,0.312,1.0,-0.557,0.227,-0.33,0.448,0.168,0.037,0.091,0.632
9,A2_2,-0.433,0.015,-0.173,0.337,-0.514,0.069,-0.281,-0.557,1.0,0.108,0.186,0.155,0.059,-0.214,-0.33,-0.559
9,A2_3,0.151,0.006,0.26,-0.41,-0.152,-0.259,-0.134,0.227,0.108,1.0,0.494,-0.008,0.171,-0.008,-0.516,-0.129
9,B2_1,0.045,0.173,-0.136,-0.548,-0.798,-0.31,-0.499,-0.33,0.186,0.494,1.0,-0.392,-0.256,-0.228,-0.146,-0.466
9,B2_2,-0.144,-0.007,0.304,0.597,0.053,0.156,0.37,0.448,0.155,-0.008,-0.392,1.0,-0.087,-0.305,-0.263,0.367
9,B2_3,0.152,-0.169,0.05,0.21,0.415,0.086,-0.173,0.168,0.059,0.171,-0.256,-0.087,1.0,0.193,0.147,-0.058
9,y1,0.423,-0.641,0.411,-0.152,0.377,-0.014,0.344,0.037,-0.214,-0.008,-0.228,-0.305,0.193,1.0,0.013,0.356
9,y2,0.172,0.173,0.006,-0.002,0.071,-0.232,-0.323,0.091,-0.33,-0.516,-0.146,-0.263,0.147,0.013,1.0,0.299
9,y3,0.333,0.025,0.385,0.108,0.445,-0.03,0.45,0.632,-0.559,-0.129,-0.466,0.367,-0.058,0.356,0.299,1.0
10,.,1.0,-0.177,0.391,-0.012,0.312,0.155,0.458,0.397,-0.432,0.146,0.044,-0.143,0.152,0.421,0.175,0.331
10,A1_1,-0.177,1.0,-0.701,-0.169,-0.233,-0.231,-0.166,0.126,0.016,0.007,0.173,-0.008,-0.171,-0.641,0.173,0.025
10,A1_2,0.391,-0.701,1.0,0.22,0.242,0.072,0.153,0.324,-0.173,0.261,-0.133,0.304,0.05,0.41,0.006,0.385
10,A1_3,-0.012,-0.169,0.22,1.0,0.263,0.557,0.214,0.043,0.336,-0.41,-0.545,0.599,0.211,-0.152,-0.001,0.107
10,B1_1,0.312,-0.233,0.242,0.263,1.0,0.343,0.505,0.458,-0.514,-0.153,-0.799,0.053,0.415,0.379,0.072,0.445
10,B1_2,0.155,-0.231,0.072,0.557,0.343,1.0,0.465,-0.338,0.07,-0.26,-0.31,0.157,0.086,-0.013,-0.232,-0.03
10,B1_3,0.458,-0.166,0.153,0.214,0.505,0.465,1.0,0.31,-0.28,-0.134,-0.499,0.371,-0.174,0.345,-0.324,0.45
10,A2_1,0.397,0.126,0.324,0.043,0.458,-0.338,0.31,1.0,-0.557,0.228,-0.33,0.446,0.166,0.036,0.091,0.631
10,A2_2,-0.432,0.016,-0.173,0.336,-0.514,0.07,-0.28,-0.557,1.0,0.11,0.191,0.157,0.06,-0.214,-0.331,-0.56
10,A2_3,0.146,0.007,0.261,-0.41,-0.153,-0.26,-0.134,0.228,0.11,1.0,0.495,-0.008,0.17,-0.009,-0.517,-0.129
10,B2_1,0.044,0.173,-0.133,-0.545,-0.799,-0.31,-0.499,-0.33,0.191,0.495,1.0,-0.39,-0.257,-0.229,-0.149,-0.467
10,B2_2,-0.143,-0.008,0.304,0.599,0.053,0.157,0.371,0.446,0.157,-0.008,-0.39,1.0,-0.087,-0.304,-0.263,0.367
10,B2_3,0.152,-0.171,0.05,0.211,0.415,0.086,-0.174,0.166,0.06,0.17,-0.257,-0.087,1.0,0.194,0.146,-0.059
10,y1,0.421,-0.641,0.41,-0.152,0.379,-0.013,0.345,0.036,-0.214,-0.009,-0.229,-0.304,0.194,1.0,0.012,0.357
10,y2,0.175,0.173,0.006,-0.001,0.072,-0.232,-0.324,0.091,-0.331,-0.517,-0.149,-0.263,0.146,0.012,1.0,0.299
10,y3,0.331,0.025,0.385,0.107,0.445,-0.03,0.45,0.631,-0.56,-0.129,-0.467,0.367,-0.059,0.357,0.299,1.0
11,.,1.0,-0.178,0.391,-0.011,0.311,0.155,0.457,0.395,-0.432,0.142,0.043,-0.144,0.153,0.42,0.177,0.329
11,A1_1,-0.178,1.0,-0.7,-0.17,-0.234,-0.232,-0.167,0.127,0.016,0.009,0.172,-0.009,-0.172,-0.641,0.173,0.025
11,A1_2,0.391,-0.7,1.0,0.219,0.241,0.072,0.153,0.325,-0.174,0.262,-0.131,0.304,0.05,0.41,0.006,0.384
11,A1_3,-0.011,-0.17,0.219,1.0,0.264,0.558,0.215,0.042,0.335,-0.41,-0.543,0.6,0.212,-0.152,-0.001,0.107
11,B1_1,0.311,-0.234,0.241,0.264,1.0,0.343,0.504,0.456,-0.514,-0.154,-0.801,0.053,0.414,0.38,0.073,0.445
11,B1_2,0.155,-0.232,0.072,0.558,0.343,1.0,0.465,-0.34,0.07,-0.26,-0.309,0.158,0.085,-0.012,-0.232,-0.03
11,B1_3,0.457,-0.167,0.153,0.215,0.504,0.465,1.0,0.309,-0.278,-0.134,-0.499,0.371,-0.175,0.346,-0.324,0.45
11,A2_1,0.395,0.127,0.325,0.042,0.456,-0.34,0.309,1.0,-0.556,0.229,-0.33,0.444,0.164,0.036,0.092,0.63
11,A2_2,-0.432,0.016,-0.174,0.335,-0.514,0.07,-0.278,-0.556,1.0,0.111,0.195,0.159,0.061,-0.215,-0.333,-0.56
11,A2_3,0.142,0.009,0.262,-0.41,-0.154,-0.26,-0.134,0.229,0.111,1.0,0.495,-0.008,0.169,-0.009,-0.517,-0.129
11,B2_1,0.043,0.172,-0.131,-0.543,-0.801,-0.309,-0.499,-0.33,0.195,0.495,1.0,-0.389,-0.258,-0.229,-0.153,-0.469
11,B2_2,-0.144,-0.009,0.304,0.6,0.053,0.158,0.371,0.444,0.159,-0.008,-0.389,1.0,-0.087,-0.303,-0.263,0.366
11,B2_3,0.153,-0.172,0.05,0.212,0.414,0.085,-0.175,0.164,0.061,0.169,-0.258,-0.087,1.0,0.195,0.146,-0.059
11,y1,0.42,-0.641,0.41,-0.152,0.38,-0.012,0.346,0.036,-0.215,-0.009,-0.229,-0.303,0.195,1.0,0.012,0.358
11,y2,0.177,0.173,0.006,-0.001,0.073,-0.232,-0.324,0.092,-0.333,-0.517,-0.153,-0.263,0.146,0.012,1.0,0.3
11,y3,0.329,0.025,0.384,0.107,0.445,-0.03,0.45,0.63,-0.56,-0.129,-0.469,0.366,-0.059,0.358,0.3,1.0
12,.,1.0,-0.179,0.39,-0.009,0.309,0.154,0.456,0.394,-0.432,0.139,0.042,-0.144,0.154,0.419,0.18,0.327
12,A1_1,-0.179,1.0,-0.699,-0.17,-0.236,-0.234,-0.168,0.127,0.017,0.01,0.171,-0.01,-0.173,-0.641,0.173,0.025
12,A1_2,0.39,-0.699,1.0,0.218,0.241,0.071,0.153,0.325,-0.174,0.263,-0.128,0.305,0.049,0.41,0.006,0.383
12,A1_3,-0.009,-0.17,0.218,1.0,0.265,0.558,0.216,0.042,0.333,-0.409,-0.539,0.602,0.214,-0.152,-0.002,0.107
12,B1_1,0.309,-0.236,0.241,0.265,1.0,0.342,0.503,0.455,-0.514,-0.154,-0.803,0.052,0.413,0.381,0.074,0.446
12,B1_2,0.154,-0.234,0.071,0.558,0.342,1.0,0.465,-0.342,0.07,-0.261,-0.308,0.159,0.085,-0.011,-0.233,-0.03
12,B1_3,0.456,-0.168,0.153,0.216,0.503,0.465,1.0,0.308,-0.277,-0.134,-0.499,0.371,-0.175,0.347,-0.324,0.45
12,A2_1,0.394,0.127,0.325,0.042,0.455,-0.342,0.308,1.0,-0.555,0.23,-0.33,0.443,0.163,0.036,0.091,0.629
12,A2_2,-0.432,0.017,-0.174,0.333,-0.514,0.07,-0.277,-0.555,1.0,0.112,0.201,0.16,0.062,-0.216,-0.334,-0.561
12,A2_3,0.139,0.01,0.263,-0.409,-0.154,-0.261,-0.134,0.23,0.112,1.0,0.495,-0.008,0.169,-0.009,-0.516,-0.129
12,B2_1,0.042,0.171,-0.128,-0.539,-0.803,-0.308,-0.499,-0.33,0.201,0.495,1.0,-0.387,-0.259,-0.23,-0.156,-0.47
12,B2_2,-0.144,-0.01,0.305,0.602,0.052,0.159,0.371,0.443,0.16,-0.008,-0.387,1.0,-0.087,-0.301,-0.263,0.366
12,B2_3,0.154,-0.173,0.049,0.214,0.413,0.085,-0.175,0.163,0.062,0.169,-0.259,-0.087,1.0,0.196,0.146,-0.059
12,y1,0.419,-0.641,0.41,-0.152,0.381,-0.011,0.347,0.036,-0.216,-0.009,-0.23,-0.301,0.196,1.0,0.011,0.358
12,y2,0.18,0.173,0.006,-0.002,0.074,-0.233,-0.324,0.091,-0.334,-0.516,-0.156,-0.263,0.146,0.011,1.0,0.3
12,y3,0.327,0.025,0.383,0.107,0.446,-0.03,0.45,0.629,-0.561,-0.129,-0.47,0.366,-0.059,0.358,0.3,1.0
13,.,1.0,-0.18,0.388,-0.008,0.307,0.153,0.454,0.392,-0.432,0.135,0.042,-0.144,0.154,0.417,0.182,0.325
13,A1_1,-0.18,1.0,-0.698,-0.171,-0.237,-0.236,-0.169,0.128,0.018,0.011,0.17,-0.01,-0.175,-0.641,0.173,0.025
13,A1_2,0.388,-0.698,1.0,0.216,0.241,0.07,0.153,0.326,-0.175,0.265,-0.125,0.305,0.049,0.41,0.005,0.382
13,A1_3,-0.008,-0.171,0.216,1.0,0.266,0.559,0.217,0.041,0.332,-0.409,-0.536,0.603,0.215,-0.152,-0.002,0.107
13,B1_1,0.307,-0.237,0.241,0.266,1.0,0.341,0.502,0.453,-0.514,-0.154,-0.804,0.052,0.413,0.383,0.075,0.446
13,B1_2,0.153,-0.236,0.07,0.559,0.341,1.0,0.464,-0.344,0.07,-0.261,-0.307,0.159,0.085,-0.01,-0.233,-0.03
13,B1_3,0.454,-0.169,0.153,0.217,0.502,0.464,1.0,0.306,-0.276,-0.134,-0.499,0.372,-0.176,0.349,-0.325,0.45
13,A2_1,0.392,0.128,0.326,0.041,0.453,-0.344,0.306,1.0,-0.555,0.232,-0.329,0.441,0.161,0.036,0.092,0.628
13,A2_2,-0.432,0.018,-0.175,0.332,-0.514,0.07,-0.276,-0.555,1.0,0.113,0.205,0.162,0.063,-0.217,-0.335,-0.561
13,A2_3,0.135,0.011,0.265,-0.409,-0.154,-0.261,-0.134,0.232,0.113,1.0,0.495,-0.008,0.168,-0.008,-0.516,-0.128
13,B2_1,0.042,0.17,-0.125,-0.536,-0.804,-0.307,-0.499,-0.329,0.205,0.495,1.0,-0.385,-0.26,-0.23,-0.16,-0.472
13,B2_2,-0.144,-0.01,0.305,0.603,0.052,0.159,0.372,0.441,0.162,-0.008,-0.385,1.0,-0.087,-0.3,-0.263,0.365
13,B2_3,0.154,-0.175,0.049,0.215,0.413,0.085,-0.176,0.161,0.063,0.168,-0.26,-0.087,1.0,0.196,0.146,-0.059
13,y1,0.417,-0.641,0.41,-0.152,0.383,-0.01,0.349,0.036,-0.217,-0.008,-0.23,-0.3,0.196,1.0,0.01,0.359
13,y2,0.182,0.173,0.005,-0.002,0.075,-0.233,-0.325,0.092,-0.335,-0.516,-0.16,-0.263,0.146,0.01,1.0,0.301
13,y3,0.325,0.025,0.382,0.107,0.446,-0.03,0.45,0.628,-0.561,-0.128,-0.472,0.365,-0.059,0.359,0.301,1.0
14,.,1.0,-0.18,0.387,-0.006,0.305,0.153,0.453,0.391,-0.433,0.131,0.04,-0.145,0.154,0.415,0.185,0.323
14,A1_1,-0.18,1.0,-0.697,-0.171,-0.238,-0.238,-0.17,0.129,0.019,0.012,0.17,-0.011,-0.176,-0.641,0.173,0.025
14,A1_2,0.387,-0.697,1.0,0.215,0.24,0.07,0.153,0.326,-0.176,0.266,-0.122,0.304,0.049,0.41,0.005,0.381
14,A1_3,-0.006,-0.171,0.215,1.0,0.266,0.559,0.218,0.04,0.33,-0.409,-0.533,0.605,0.216,-0.153,-0.002,0.107
14,B1_1,0.305,-0.238,0.24,0.266,1.0,0.341,0.502,0.452,-0.514,-0.155,-0.806,0.052,0.412,0.384,0.076,0.446
14,B1_2,0.153,-0.238,0.07,0.559,0.341,1.0,0.464,-0.346,0.07,-0.261,-0.307,0.161,0.085,-0.009,-0.233,-0.03
14,B1_3,0.453,-0.17,0.153,0.218,0.502,0.464,1.0,0.305,-0.274,-0.134,-0.499,0.372,-0.176,0.35,-0.325,0.45
14,A2_1,0.391,0.129,0.326,0.04,0.452,-0.346,0.305,1.0,-0.554,0.233,-0.329,0.439,0.159,0.036,0.092,0.627
14,A2_2,-0.433,0.019,-0.176,0.33,-0.514,0.07,-0.274,-0.554,1.0,0.114,0.21,0.163,0.064,-0.218,-0.336,-0.561
14,A2_3,0.131,0.012,0.266,-0.409,-0.155,-0.261,-0.134,0.233,0.114,1.0,0.496,-0.008,0.167,-0.008,-0.516,-0.128
14,B2_1,0.04,0.17,-0.122,-0.533,-0.806,-0.307,-0.499,-0.329,0.21,0.496,1.0,-0.383,-0.26,-0.231,-0.163,-0.473
14,B2_2,-0.145,-0.011,0.304,0.605,0.052,0.161,0.372,0.439,0.163,-0.008,-0.383,1.0,-0.087,-0.299,-0.264,0.364
14,B2_3,0.154,-0.176,0.049,0.216,0.412,0.085,-0.176,0.159,0.064,0.167,-0.26,-0.087,1.0,0.197,0.146,-0.06
14,y1,0.415,-0.641,0.41,-0.153,0.384,-0.009,0.35,0.036,-0.218,-0.008,-0.231,-0.299,0.197,1.0,0.01,0.36
14,y2,0.185,0.173,0.005,-0.002,0.076,-0.233,-0.325,0.092,-0.336,-0.516,-0.163,-0.264,0.146,0.01,1.0,0.301
14,y3,0.323,0.025,0.381,0.107,0.446,-0.03,0.45,0.627,-0.561,-0.128,-0.473,0.364,-0.06,0.36,0.301,1.0
15,.,1.0,-0.181,0.386,-0.004,0.304,0.152,0.451,0.39,-0.432,0.126,0.039,-0.145,0.155,0.414,0.188,0.321
15,A1_1,-0.181,1.0,-0.696,-0.172,-0.239,-0.239,-0.171,0.13,0.019,0.013,0.169,-0.012,-0.178,-0.641,0.173,0.025
15,A1_2,0.386,-0.696,1.0,0.213,0.24,0.069,0.153,0.326,-0.177,0.267,-0.12,0.304,0.049,0.409,0.005,0.38
15,A1_3,-0.004,-0.172,0.213,1.0,0.267,0.56,0.219,0.04,0.329,-0.408,-0.531,0.607,0.217,-0.153,-0.003,0.106
15,B1_1,0.304,-0.239,0.24,0.267,1.0,0.34,0.501,0.45,-0.514,-0.155,-0.807,0.052,0.412,0.386,0.076,0.446
15,B1_2,0.152,-0.239,0.069,0.56,0.34,1.0,0.464,-0.348,0.07,-0.262,-0.306,0.162,0.085,-0.008,-0.233,-0.03
15,B1_3,0.451,-0.171,0.153,0.219,0.501,0.464,1.0,0.303,-0.273,-0.134,-0.499,0.373,-0.177,0.351,-0.326,0.45
15,A2_1,0.39,0.13,0.326,0.04,0.45,-0.348,0.303,1.0,-0.553,0.234,-0.328,0.438,0.157,0.036,0.091,0.626
15,A2_2,-0.432,0.019,-0.177,0.329,-0.514,0.07,-0.273,-0.553,1.0,0.116,0.214,0.165,0.065,-0.219,-0.337,-0.562
15,A2_3,0.126,0.013,0.267,-0.408,-0.155,-0.262,-0.134,0.234,0.116,1.0,0.496,-0.008,0.167,-0.009,-0.516,-0.128
15,B2_1,0.039,0.169,-0.12,-0.531,-0.807,-0.306,-0.499,-0.328,0.214,0.496,1.0,-0.381,-0.261,-0.232,-0.166,-0.474
15,B2_2,-0.145,-0.012,0.304,0.607,0.052,0.162,0.373,0.438,0.165,-0.008,-0.381,1.0,-0.087,-0.297,-0.264,0.364
15,B2_3,0.155,-0.178,0.049,0.217,0.412,0.085,-0.177,0.157,0.065,0.167,-0.261,-0.087,1.0,0.197,0.145,-0.06
15,y1,0.414,-0.641,0.409,-0.153,0.386,-0.008,0.351,0.036,-0.219,-0.009,-0.232,-0.297,0.197,1.0,0.01,0.361
15,y2,0.188,0.173,0.005,-0.003,0.076,-0.233,-0.326,0.091,-0.337,-0.516,-0.166,-0.264,0.145,0.01,1.0,0.302
15,y3,0.321,0.025,0.38,0.106,0.446,-0.03,0.45,0.626,-0.562,-0.128,-0.474,0.364,-0.06,0.361,0.302,1.0
16,.,1.0,-0.182,0.385,-0.003,0.302,0.152,0.45,0.388,-0.433,0.123,0.039,-0.145,0.155,0.413,0.19,0.319
16,A1_1,-0.182,1.0,-0.696,-0.172,-0.241,-0.241,-0.172,0.131,0.02,0.014,0.168,-0.013,-0.179,-0.641,0.173,0.025
16,A1_2,0.385,-0.696,1.0,0.212,0.24,0.068,0.153,0.327,-0.177,0.268,-0.117,0.304,0.049,0.409,0.005,0.379
16,A1_3,-0.003,-0.172,0.212,1.0,0.268,0.56,0.221,0.039,0.327,-0.408,-0.528,0.608,0.218,-0.154,-0.003,0.106
16,B1_1,0.302,-0.241,0.24,0.268,1.0,0.34,0.501,0.449,-0.514,-0.155,-0.808,0.052,0.411,0.387,0.077,0.446
16,B1_2,0.152,-0.241,0.068,0.56,0.34,1.0,0.464,-0.349,0.07,-0.262,-0.305,0.163,0.086,-0.007,-0.233,-0.03
16,B1_3,0.45,-0.172,0.153,0.221,0.501,0.464,1.0,0.302,-0.272,-0.134,-0.498,0.373,-0.178,0.352,-0.326,0.449
16,A2_1,0.388,0.131,0.327,0.039,0.449,-0.349,0.302,1.0,-0.553,0.236,-0.328,0.436,0.155,0.036,0.091,0.625
16,A2_2,-0.433,0.02,-0.177,0.327,-0.514,0.07,-0.272,-0.553,1.0,0.117,0.218,0.166,0.066,-0.22,-0.338,-0.562
16,A2_3,0.123,0.014,0.268,-0.408,-0.155,-0.262,-0.134,0.236,0.117,1.0,0.496,-0.008,0.166,-0.008,-0.516,-0.128
16,B2_1,0.039,0.168,-0.117,-0.528,-0.808,-0.305,-0.498,-0.328,0.218,0.496,1.0,-0.38,-0.261,-0.232,-0.169,-0.476
16,B2_2,-0.145,-0.013,0.304,0.608,0.052,0.163,0.373,0.436,0.166,-0.008,-0.38,1.0,-0.087,-0.296,-0.264,0.363
16,B2_3,0.155,-0.179,0.049,0.218,0.411,0.086,-0.178,0.155,0.066,0.166,-0.261,-0.087,1.0,0.198,0.144,-0.061
16,y1,0.413,-0.641,0.409,-0.154,0.387,-0.007,0.352,0.036,-0.22,-0.008,-0.232,-0.296,0.198,1.0,0.009,0.362
16,y2,0.19,0.173,0.005,-0.003,0.077,-0.233,-0.326,0.091,-0.338,-0.516,-0.169,-0.264,0.144,0.009,1.0,0.302
16,y3,0.319,0.025,0.379,0.106,0.446,-0.03,0.449,0.625,-0.562,-0.128,-0.476,0.363,-0.061,0.362,0.302,1.0
17,.,1.0,-0.182,0.384,-0.001,0.301,0.152,0.449,0.387,-0.433,0.118,0.038,-0.144,0.155,0.411,0.193,0.318
17,A1_1,-0.182,1.0,-0.695,-0.172,-0.242,-0.243,-0.173,0.132,0.021,0.016,0.167,-0.014,-0.18,-0.641,0.173,0.025
17,A1_2,0.384,-0.695,1.0,0.211,0.24,0.068,0.153,0.327,-0.178,0.269,-0.115,0.305,0.049,0.409,0.004,0.379
17,A1_3,-0.001,-0.172,0.211,1.0,0.268,0.561,0.222,0.038,0.326,-0.408,-0.525,0.61,0.219,-0.154,-0.004,0.106
17,B1_1,0.301,-0.242,0.24,0.268,1.0,0.339,0.5,0.447,-0.514,-0.156,-0.809,0.052,0.411,0.389,0.078,0.447
17,B1_2,0.152,-0.243,0.068,0.561,0.339,1.0,0.463,-0.351,0.07,-0.263,-0.304,0.165,0.086,-0.006,-0.233,-0.03
17,B1_3,0.449,-0.173,0.153,0.222,0.5,0.463,1.0,0.3,-0.271,-0.134,-0.498,0.373,-0.178,0.353,-0.326,0.449
17,A2_1,0.387,0.132,0.327,0.038,0.447,-0.351,0.3,1.0,-0.552,0.237,-0.327,0.434,0.153,0.035,0.091,0.624
17,A2_2,-0.433,0.021,-0.178,0.326,-0.514,0.07,-0.271,-0.552,1.0,0.118,0.222,0.168,0.067,-0.222,-0.339,-0.562
17,A2_3,0.118,0.016,0.269,-0.408,-0.156,-0.263,-0.134,0.237,0.118,1.0,0.497,-0.008,0.166,-0.009,-0.515,-0.127
17,B2_1,0.038,0.167,-0.115,-0.525,-0.809,-0.304,-0.498,-0.327,0.222,0.497,1.0,-0.378,-0.261,-0.232,-0.172,-0.477
17,B2_2,-0.144,-0.014,0.305,0.61,0.052,0.165,0.373,0.434,0.168,-0.008,-0.378,1.0,-0.087,-0.295,-0.264,0.362
17,B2_3,0.155,-0.18,0.049,0.219,0.411,0.086,-0.178,0.153,0.067,0.166,-0.261,-0.087,1.0,0.199,0.144,-0.061
17,y1,0.411,-0.641,0.409,-0.154,0.389,-0.006,0.353,0.035,-0.222,-0.009,-0.232,-0.295,0.199,1.0,0.01,0.363
17,y2,0.193,0.173,0.004,-0.004,0.078,-0.233,-0.326,0.091,-0.339,-0.515,-0.172,-0.264,0.144,0.01,1.0,0.303
17,y3,0.318,0.025,0.379,0.106,0.447,-0.03,0.449,0.624,-0.562,-0.127,-0.477,0.362,-0.061,0.363,0.303,1.0
18,.,1.0,-0.183,0.383,0.001,0.3,0.151,0.448,0.386,-0.434,0.114,0.037,-0.143,0.156,0.409,0.196,0.317
18,A1_1,-0.183,1.0,-0.694,-0.173,-0.243,-0.245,-0.175,0.133,0.022,0.017,0.166,-0.014,-0.181,-0.641,0.172,0.025
18,A1_2,0.383,-0.694,1.0,0.21,0.239,0.067,0.153,0.328,-0.179,0.27,-0.113,0.305,0.049,0.409,0.004,0.378
18,A1_3,0.001,-0.173,0.21,1.0,0.269,0.562,0.223,0.038,0.324,-0.408,-0.522,0.612,0.22,-0.155,-0.004,0.105
18,B1_1,0.3,-0.243,0.239,0.269,1.0,0.339,0.499,0.446,-0.514,-0.156,-0.81,0.052,0.411,0.391,0.079,0.447
18,B1_2,0.151,-0.245,0.067,0.562,0.339,1.0,0.463,-0.353,0.07,-0.263,-0.303,0.166,0.086,-0.005,-0.233,-0.03
18,B1_3,0.448,-0.175,0.153,0.223,0.499,0.463,1.0,0.299,-0.269,-0.134,-0.497,0.374,-0.178,0.355,-0.326,0.449
18,A2_1,0.386,0.133,0.328,0.038,0.446,-0.353,0.299,1.0,-0.552,0.239,-0.326,0.433,0.151,0.035,0.091,0.623
18,A2_2,-0.434,0.022,-0.179,0.324,-0.514,0.07,-0.269,-0.552,1.0,0.119,0.227,0.169,0.068,-0.223,-0.341,-0.563
18,A2_3,0.114,0.017,0.27,-0.408,-0.156,-0.263,-0.134,0.239,0.119,1.0,0.497,-0.008,0.165,-0.009,-0.515,-0.127
18,B2_1,0.037,0.166,-0.113,-0.522,-0.81,-0.303,-0.497,-0.326,0.227,0.497,1.0,-0.377,-0.261,-0.233,-0.176,-0.478
18,B2_2,-0.143,-0.014,0.305,0.612,0.052,0.166,0.374,0.433,0.169,-0.008,-0.377,1.0,-0.086,-0.294,-0.264,0.362
18,B2_3,0.156,-0.181,0.049,0.22,0.411,0.086,-0.178,0.151,0.068,0.165,-0.261,-0.086,1.0,0.2,0.144,-0.061
18,y1,0.409,-0.641,0.409,-0.155,0.391,-0.005,0.355,0.035,-0.223,-0.009,-0.233,-0.294,0.2,1.0,0.01,0.364
18,y2,0.196,0.172,0.004,-0.004,0.079,-0.233,-0.326,0.091,-0.341,-0.515,-0.176,-0.264,0.144,0.01,1.0,0.304
18,y3,0.317,0.025,0.378,0.105,0.447,-0.03,0.449,0.623,-0.563,-0.127,-0.478,0.362,-0.061,0.364,0.304,1.0
19,.,1.0,-0.183,0.382,0.002,0.298,0.151,0.446,0.385,-0.434,0.111,0.036,-0.143,0.157,0.407,0.199,0.315
19,A1_1,-0.183,1.0,-0.693,-0.173,-0.245,-0.247,-0.176,0.134,0.023,0.018,0.165,-0.015,-0.183,-0.641,0.172,0.025
19,A1_2,0.382,-0.693,1.0,0.208,0.239,0.067,0.153,0.328,-0.179,0.271,-0.11,0.305,0.048,0.408,0.004,0.377
19,A1_3,0.002,-0.173,0.208,1.0,0.271,0.562,0.225,0.037,0.323,-0.407,-0.52,0.614,0.221,-0.155,-0.004,0.105
19,B1_1,0.298,-0.245,0.239,0.271,1.0,0.339,0.499,0.444,-0.514,-0.156,-0.811,0.052,0.41,0.392,0.079,0.447
19,B1_2,0.151,-0.247,0.067,0.562,0.339,1.0,0.463,-0.355,0.07,-0.264,-0.302,0.167,0.087,-0.004,-0.233,-0.03
19,B1_3,0.446,-0.176,0.153,0.225,0.499,0.463,1.0,0.297,-0.268,-0.134,-0.497,0.375,-0.178,0.356,-0.326,0.448
19,A2_1,0.385,0.134,0.328,0.037,0.444,-0.355,0.297,1.0,-0.551,0.24,-0.326,0.431,0.149,0.035,0.091,0.622
19,A2_2,-0.434,0.023,-0.179,0.323,-0.514,0.07,-0.268,-0.551,1.0,0.12,0.23,0.17,0.069,-0.224,-0.342,-0.564
19,A2_3,0.111,0.018,0.271,-0.407,-0.156,-0.264,-0.134,0.24,0.12,1.0,0.497,-0.008,0.164,-0.009,-0.515,-0.127
19,B2_1,0.036,0.165,-0.11,-0.52,-0.811,-0.302,-0.497,-0.326,0.23,0.497,1.0,-0.376,-0.261,-0.233,-0.179,-0.479
19,B2_2,-0.143,-0.015,0.305,0.614,0.052,0.167,0.375,0.431,0.17,-0.008,-0.376,1.0,-0.086,-0.292,-0.265,0.361
19,B2_3,0.157,-0.183,0.048,0.221,0.41,0.087,-0.178,0.149,0.069,0.164,-0.261,-0.086,1.0,0.201,0.144,-0.061
19,y1,0.407,-0.641,0.408,-0.155,0.392,-0.004,0.356,0.035,-0.224,-0.009,-0.233,-0.292,0.201,1.0,0.009,0.365
19,y2,0.199,0.172,0.004,-0.004,0.079,-0.233,-0.326,0.091,-0.342,-0.515,-0.179,-0.265,0.144,0.009,1.0,0.305
19,y3,0.315,0.025,0.377,0.105,0.447,-0.03,0.448,0.622,-0.564,-0.127,-0.479,0.361,-0.061,0.365,0.305,1.0
20,.,1.0,-0.184,0.38,0.004,0.298,0.151,0.445,0.384,-0.435,0.106,0.035,-0.143,0.158,0.405,0.202,0.314
20,A1_1,-0.184,1.0,-0.693,-0.173,-0.246,-0.249,-0.177,0.135,0.023,0.019,0.164,-0.016,-0.184,-0.641,0.171,0.025
20,A1_2,0.38,-0.693,1.0,0.207,0.239,0.066,0.153,0.328,-0.18,0.273,-0.108,0.305,0.048,0.408,0.004,0.376
20,A1_3,0.004,-0.173,0.207,1.0,0.271,0.563,0.226,0.037,0.322,-0.407,-0.517,0.615,0.222,-0.156,-0.005,0.104
20,B1_1,0.298,-0.246,0.239,0.271,1.0,0.338,0.498,0.443,-0.513,-0.156,-0.812,0.052,0.41,0.394,0.081,0.447
20,B1_2,0.151,-0.249,0.066,0.563,0.338,1.0,0.463,-0.357,0.07,-0.264,-0.301,0.168,0.087,-0.003,-0.233,-0.03
20,B1_3,0.445,-0.177,0.153,0.226,0.498,0.463,1.0,0.295,-0.267,-0.134,-0.496,0.375,-0.179,0.357,-0.326,0.448
20,A2_1,0.384,0.135,0.328,0.037,0.443,-0.357,0.295,1.0,-0.55,0.241,-0.326,0.429,0.148,0.035,0.091,0.621
20,A2_2,-0.435,0.023,-0.18,0.322,-0.513,0.07,-0.267,-0.55,1.0,0.121,0.234,0.172,0.07,-0.225,-0.343,-0.564
20,A2_3,0.106,0.019,0.273,-0.407,-0.156,-0.264,-0.134,0.241,0.121,1.0,0.497,-0.008,0.163,-0.009,-0.515,-0.127
20,B2_1,0.035,0.164,-0.108,-0.517,-0.812,-0.301,-0.496,-0.326,0.234,0.497,1.0,-0.374,-0.261,-0.234,-0.182,-0.481
20,B2_2,-0.143,-0.016,0.305,0.615,0.052,0.168,0.375,0.429,0.172,-0.008,-0.374,1.0,-0.086,-0.291,-0.265,0.36
20,B2_3,0.158,-0.184,0.048,0.222,0.41,0.087,-0.179,0.148,0.07,0.163,-0.261,-0.086,1.0,0.201,0.144,-0.062
20,y1,0.405,-0.641,0.408,-0.156,0.394,-0.003,0.357,0.035,-0.225,-0.009,-0.234,-0.291,0.201,1.0,0.01,0.366
20,y2,0.202,0.171,0.004,-0.005,0.081,-0.233,-0.326,0.091,-0.343,-0.515,-0.182,-0.265,0.144,0.01,1.0,0.305
20,y3,0.314,0.025,0.376,0.104,0.447,-0.03,0.448,0.621,-0.564,-0.127,-0.481,0.36,-0.062,0.366,0.305,1.0
21,.,1.0,-0.183,0.378,0.006,0.297,0.151,0.443,0.383,-0.436,0.101,0.033,-0.142,0.159,0.402,0.206,0.313
21,A1_1,-0.183,1.0,-0.692,-0.174,-0.247,-0.251,-0.178,0.135,0.024,0.021,0.163,-0.017,-0.185,-0.641,0.172,0.025
21,A1_2,0.378,-0.692,1.0,0.205,0.239,0.066,0.153,0.329,-0.181,0.274,-0.105,0.305,0.048,0.408,0.003,0.376
21,A1_3,0.006,-0.174,0.205,1.0,0.272,0.563,0.227,0.036,0.32,-0.407,-0.514,0.617,0.223,-0.156,-0.005,0.104
21,B1_1,0.297,-0.247,0.239,0.272,1.0,0.338,0.497,0.442,-0.513,-0.157,-0.812,0.052,0.41,0.396,0.082,0.448
21,B1_2,0.151,-0.251,0.066,0.563,0.338,1.0,0.463,-0.358,0.07,-0.264,-0.299,0.17,0.088,-0.002,-0.233,-0.03
21,B1_3,0.443,-0.178,0.153,0.227,0.497,0.463,1.0,0.293,-0.266,-0.134,-0.496,0.375,-0.179,0.358,-0.326,0.448
21,A2_1,0.383,0.135,0.329,0.036,0.442,-0.358,0.293,1.0,-0.55,0.243,-0.325,0.428,0.146,0.035,0.091,0.62
21,A2_2,-0.436,0.024,-0.181,0.32,-0.513,0.07,-0.266,-0.55,1.0,0.123,0.238,0.173,0.071,-0.226,-0.345,-0.565
21,A2_3,0.101,0.021,0.274,-0.407,-0.157,-0.264,-0.134,0.243,0.123,1.0,0.497,-0.008,0.163,-0.01,-0.515,-0.127
21,B2_1,0.033,0.163,-0.105,-0.514,-0.812,-0.299,-0.496,-0.325,0.238,0.497,1.0,-0.372,-0.261,-0.234,-0.185,-0.482
21,B2_2,-0.142,-0.017,0.305,0.617,0.052,0.17,0.375,0.428,0.173,-0.008,-0.372,1.0,-0.085,-0.29,-0.265,0.359
21,B2_3,0.159,-0.185,0.048,0.223,0.41,0.088,-0.179,0.146,0.071,0.163,-0.261,-0.085,1.0,0.202,0.143,-0.062
21,y1,0.402,-0.641,0.408,-0.156,0.396,-0.002,0.358,0.035,-0.226,-0.01,-0.234,-0.29,0.202,1.0,0.01,0.367
21,y2,0.206,0.172,0.003,-0.005,0.082,-0.233,-0.326,0.091,-0.345,-0.515,-0.185,-0.265,0.143,0.01,1.0,0.306
21,y3,0.313,0.025,0.376,0.104,0.448,-0.03,0.448,0.62,-0.565,-0.127,-0.482,0.359,-0.062,0.367,0.306,1.0
22,.,1.0,-0.184,0.377,0.008,0.296,0.15,0.443,0.382,-0.436,0.097,0.032,-0.141,0.16,0.401,0.209,0.312
22,A1_1,-0.184,1.0,-0.691,-0.174,-0.249,-0.252,-0.18,0.136,0.025,0.022,0.162,-0.018,-0.186,-0.641,0.171,0.024
22,A1_2,0.377,-0.691,1.0,0.204,0.239,0.065,0.153,0.329,-0.181,0.275,-0.103,0.305,0.048,0.408,0.003,0.375
22,A1_3,0.008,-0.174,0.204,1.0,0.273,0.564,0.228,0.036,0.319,-0.406,-0.512,0.619,0.224,-0.157,-0.006,0.104
22,B1_1,0.296,-0.249,0.239,0.273,1.0,0.337,0.497,0.441,-0.513,-0.157,-0.813,0.052,0.41,0.397,0.083,0.448
22,B1_2,0.15,-0.252,0.065,0.564,0.337,1.0,0.463,-0.36,0.07,-0.264,-0.298,0.171,0.088,-0.002,-0.233,-0.03
22,B1_3,0.443,-0.18,0.153,0.228,0.497,0.463,1.0,0.292,-0.265,-0.134,-0.495,0.376,-0.179,0.359,-0.326,0.448
22,A2_1,0.382,0.136,0.329,0.036,0.441,-0.36,0.292,1.0,-0.549,0.244,-0.325,0.426,0.144,0.035,0.092,0.619
22,A2_2,-0.436,0.025,-0.181,0.319,-0.513,0.07,-0.265,-0.549,1.0,0.124,0.242,0.174,0.072,-0.227,-0.346,-0.565
22,A2_3,0.097,0.022,0.275,-0.406,-0.157,-0.264,-0.134,0.244,0.124,1.0,0.497,-0.008,0.162,-0.009,-0.514,-0.127
22,B2_1,0.032,0.162,-0.103,-0.512,-0.813,-0.298,-0.495,-0.325,0.242,0.497,1.0,-0.371,-0.261,-0.234,-0.189,-0.483
22,B2_2,-0.141,-0.018,0.305,0.619,0.052,0.171,0.376,0.426,0.174,-0.008,-0.371,1.0,-0.085,-0.289,-0.266,0.358
22,B2_3,0.16,-0.186,0.048,0.224,0.41,0.088,-0.179,0.144,0.072,0.162,-0.261,-0.085,1.0,0.203,0.143,-0.062
22,y1,0.401,-0.641,0.408,-0.157,0.397,-0.002,0.359,0.035,-0.227,-0.009,-0.234,-0.289,0.203,1.0,0.01,0.368
22,y2,0.209,0.171,0.003,-0.006,0.083,-0.233,-0.326,0.092,-0.346,-0.514,-0.189,-0.266,0.143,0.01,1.0,0.308
22,y3,0.312,0.024,0.375,0.104,0.448,-0.03,0.448,0.619,-0.565,-0.127,-0.483,0.358,-0.062,0.368,0.308,1.0
23,.,1.0,-0.185,0.376,0.009,0.296,0.149,0.442,0.381,-0.438,0.093,0.031,-0.14,0.161,0.399,0.212,0.311
23,A1_1,-0.185,1.0,-0.69,-0.174,-0.25,-0.254,-0.181,0.137,0.026,0.023,0.161,-0.019,-0.187,-0.64,0.171,0.024
23,A1_2,0.376,-0.69,1.0,0.203,0.239,0.065,0.153,0.33,-0.182,0.276,-0.102,0.305,0.047,0.407,0.003,0.374
23,A1_3,0.009,-0.174,0.203,1.0,0.274,0.564,0.229,0.036,0.317,-0.406,-0.51,0.62,0.225,-0.157,-0.006,0.104
23,B1_1,0.296,-0.25,0.239,0.274,1.0,0.337,0.496,0.439,-0.513,-0.157,-0.813,0.052,0.41,0.399,0.084,0.448
23,B1_2,0.149,-0.254,0.065,0.564,0.337,1.0,0.463,-0.362,0.07,-0.265,-0.297,0.172,0.089,-0.001,-0.233,-0.03
23,B1_3,0.442,-0.181,0.153,0.229,0.496,0.463,1.0,0.291,-0.263,-0.134,-0.494,0.377,-0.179,0.36,-0.326,0.447
23,A2_1,0.381,0.137,0.33,0.036,0.439,-0.362,0.291,1.0,-0.548,0.245,-0.325,0.425,0.142,0.035,0.092,0.618
23,A2_2,-0.438,0.026,-0.182,0.317,-0.513,0.07,-0.263,-0.548,1.0,0.125,0.245,0.176,0.073,-0.229,-0.348,-0.566
23,A2_3,0.093,0.023,0.276,-0.406,-0.157,-0.265,-0.134,0.245,0.125,1.0,0.497,-0.008,0.161,-0.01,-0.514,-0.126
