,,.,A1_1,A1_2,A1_3,B1_1,B1_2,B1_3,A2_1,A2_2,A2_3,B2_1,B2_2,B2_3,y1,y2,y3
0,.,0.015,0.083,0.027,0.19,0.045,0.047,0.03,0.09,0.015,0.022,0.019,0.25,0.051,0.058,0.041,0.017
0,A1_1,0.017,0.07,0.026,0.037,0.052,0.025,0.106,0.237,0.015,0.083,0.026,0.072,0.07,0.068,0.077,0.02
0,A1_2,0.052,0.042,0.037,0.071,0.035,0.167,0.014,0.072,0.08,0.01,0.036,0.081,0.097,0.072,0.075,0.058
0,A1_3,0.028,0.038,0.043,0.075,0.028,0.353,0.02,0.118,0.008,0.038,0.065,0.056,0.082,0.026,0.017,0.004
0,B1_1,0.045,0.054,0.008,0.094,0.061,0.112,0.035,0.17,0.032,0.014,0.035,0.08,0.086,0.071,0.088,0.015
0,B1_2,0.007,0.062,0.022,0.11,0.026,0.033,0.024,0.192,0.018,0.022,0.018,0.242,0.102,0.069,0.045,0.009
0,B1_3,0.018,0.074,0.055,0.079,0.03,0.059,0.061,0.102,0.035,0.06,0.03,0.104,0.112,0.042,0.104,0.035
0,A2_1,0.051,0.034,0.047,0.043,0.057,0.328,0.02,0.075,0.016,0.018,0.054,0.052,0.061,0.077,0.036,0.031
0,A2_2,0.019,0.021,0.007,0.052,0.02,0.076,0.087,0.325,0.029,0.033,0.036,0.081,0.104,0.046,0.054,0.009
0,A2_3,0.006,0.021,0.023,0.072,0.015,0.012,0.031,0.127,0.033,0.017,0.018,0.238,0.045,0.247,0.049,0.047
0,B2_1,0.005,0.053,0.072,0.04,0.01,0.027,0.105,0.093,0.017,0.199,0.023,0.134,0.08,0.044,0.08,0.018
0,B2_2,0.046,0.01,0.033,0.016,0.018,0.229,0.072,0.118,0.054,0.03,0.061,0.029,0.126,0.04,0.072,0.045
0,B2_3,0.016,0.024,0.022,0.096,0.011,0.123,0.034,0.164,0.029,0.047,0.055,0.178,0.056,0.109,0.026,0.01
0,y1,0.004,0.02,0.017,0.088,0.01,0.023,0.087,0.111,0.027,0.026,0.015,0.32,0.115,0.045,0.08,0.014
0,y2,0.008,0.087,0.053,0.061,0.018,0.037,0.022,0.132,0.023,0.078,0.029,0.166,0.052,0.168,0.041,0.025
0,y3,0.006,0.019,0.063,0.032,0.008,0.124,0.139,0.071,0.021,0.1,0.027,0.089,0.18,0.012,0.09,0.018
1,.,0.018,0.086,0.027,0.191,0.047,0.047,0.03,0.088,0.015,0.023,0.02,0.238,0.05,0.06,0.042,0.018
1,A1_1,0.021,0.073,0.026,0.037,0.057,0.025,0.105,0.227,0.015,0.081,0.027,0.067,0.067,0.071,0.079,0.022
1,A1_2,0.059,0.044,0.036,0.072,0.038,0.169,0.014,0.07,0.078,0.01,0.036,0.077,0.093,0.071,0.075,0.059
1,A1_3,0.033,0.041,0.042,0.078,0.031,0.349,0.019,0.115,0.008,0.037,0.067,0.053,0.078,0.027,0.018,0.004
1,B1_1,0.052,0.055,0.008,0.094,0.066,0.12,0.033,0.16,0.032,0.013,0.035,0.075,0.084,0.07,0.087,0.016
1,B1_2,0.01,0.066,0.022,0.114,0.029,0.037,0.022,0.193,0.02,0.021,0.02,0.217,0.1,0.075,0.045,0.009
1,B1_3,0.021,0.079,0.054,0.086,0.033,0.061,0.056,0.098,0.036,0.056,0.031,0.101,0.104,0.045,0.101,0.037
1,A2_1,0.054,0.035,0.046,0.044,0.062,0.317,0.02,0.074,0.016,0.018,0.054,0.05,0.061,0.077,0.038,0.033
1,A2_2,0.022,0.022,0.007,0.051,0.022,0.078,0.085,0.32,0.03,0.031,0.038,0.077,0.102,0.048,0.056,0.01
1,A2_3,0.007,0.022,0.023,0.074,0.016,0.012,0.031,0.123,0.034,0.017,0.019,0.227,0.044,0.252,0.049,0.049
1,B2_1,0.006,0.057,0.071,0.042,0.012,0.027,0.104,0.093,0.018,0.195,0.025,0.121,0.074,0.049,0.084,0.021
1,B2_2,0.052,0.011,0.032,0.016,0.021,0.24,0.067,0.111,0.052,0.028,0.061,0.028,0.119,0.042,0.072,0.047
1,B2_3,0.016,0.024,0.022,0.094,0.011,0.119,0.037,0.165,0.029,0.046,0.055,0.178,0.059,0.108,0.028,0.01
1,y1,0.005,0.021,0.017,0.091,0.01,0.022,0.084,0.108,0.03,0.026,0.016,0.31,0.109,0.051,0.084,0.016
1,y2,0.009,0.096,0.054,0.063,0.019,0.037,0.023,0.125,0.023,0.084,0.03,0.155,0.05,0.164,0.043,0.025
1,y3,0.008,0.019,0.059,0.032,0.009,0.133,0.138,0.069,0.023,0.091,0.028,0.084,0.178,0.013,0.097,0.021
2,.,0.02,0.089,0.028,0.192,0.049,0.047,0.03,0.087,0.016,0.023,0.02,0.226,0.048,0.062,0.043,0.019
2,A1_1,0.025,0.076,0.026,0.038,0.063,0.025,0.104,0.219,0.015,0.079,0.028,0.063,0.063,0.074,0.08,0.024
2,A1_2,0.067,0.046,0.035,0.072,0.042,0.17,0.014,0.068,0.077,0.01,0.036,0.073,0.089,0.07,0.074,0.059
2,A1_3,0.038,0.045,0.041,0.083,0.035,0.344,0.018,0.111,0.008,0.035,0.068,0.05,0.075,0.028,0.018,0.004
2,B1_1,0.061,0.055,0.008,0.092,0.073,0.128,0.031,0.151,0.031,0.012,0.036,0.069,0.082,0.069,0.085,0.016
2,B1_2,0.014,0.07,0.021,0.117,0.034,0.042,0.021,0.195,0.021,0.021,0.023,0.191,0.095,0.081,0.044,0.01
2,B1_3,0.026,0.085,0.052,0.093,0.037,0.061,0.052,0.096,0.036,0.052,0.033,0.096,0.098,0.048,0.098,0.037
2,A2_1,0.058,0.038,0.045,0.045,0.068,0.301,0.021,0.073,0.016,0.018,0.054,0.049,0.06,0.08,0.04,0.035
2,A2_2,0.026,0.022,0.006,0.051,0.025,0.08,0.084,0.315,0.031,0.03,0.039,0.072,0.101,0.05,0.057,0.01
2,A2_3,0.009,0.023,0.024,0.076,0.018,0.012,0.03,0.12,0.035,0.016,0.02,0.213,0.043,0.261,0.048,0.051
2,B2_1,0.009,0.063,0.069,0.046,0.015,0.027,0.102,0.093,0.019,0.186,0.028,0.109,0.068,0.056,0.087,0.023
2,B2_2,0.059,0.012,0.031,0.016,0.024,0.245,0.063,0.107,0.05,0.025,0.062,0.027,0.113,0.045,0.072,0.049
2,B2_3,0.017,0.023,0.021,0.092,0.011,0.116,0.039,0.166,0.029,0.045,0.054,0.179,0.063,0.105,0.029,0.011
2,y1,0.006,0.022,0.017,0.094,0.011,0.022,0.082,0.107,0.032,0.026,0.017,0.298,0.104,0.058,0.087,0.018
2,y2,0.011,0.105,0.055,0.064,0.021,0.037,0.023,0.118,0.023,0.09,0.031,0.143,0.048,0.162,0.044,0.026
2,y3,0.01,0.019,0.055,0.033,0.01,0.14,0.136,0.069,0.025,0.081,0.029,0.079,0.176,0.013,0.103,0.023
3,.,0.023,0.09,0.028,0.193,0.051,0.048,0.03,0.086,0.017,0.023,0.021,0.215,0.047,0.064,0.043,0.02
3,A1_1,0.03,0.077,0.026,0.038,0.068,0.025,0.102,0.21,0.015,0.076,0.029,0.059,0.059,0.078,0.081,0.025
3,A1_2,0.074,0.047,0.034,0.071,0.045,0.17,0.014,0.067,0.074,0.009,0.036,0.07,0.087,0.069,0.074,0.058
3,A1_3,0.043,0.047,0.04,0.085,0.038,0.34,0.017,0.108,0.008,0.034,0.07,0.047,0.071,0.029,0.018,0.004
3,B1_1,0.067,0.054,0.009,0.09,0.079,0.134,0.031,0.143,0.03,0.012,0.037,0.065,0.081,0.068,0.084,0.017
3,B1_2,0.019,0.071,0.021,0.118,0.038,0.046,0.02,0.196,0.022,0.02,0.026,0.17,0.091,0.087,0.044,0.01
3,B1_3,0.03,0.089,0.052,0.1,0.041,0.062,0.048,0.093,0.035,0.049,0.034,0.093,0.091,0.051,0.094,0.039
3,A2_1,0.061,0.039,0.044,0.045,0.074,0.286,0.022,0.073,0.016,0.018,0.054,0.048,0.06,0.081,0.043,0.037
3,A2_2,0.03,0.022,0.006,0.05,0.027,0.081,0.084,0.309,0.032,0.029,0.041,0.069,0.099,0.053,0.058,0.011
3,A2_3,0.011,0.024,0.025,0.077,0.019,0.012,0.03,0.117,0.036,0.016,0.021,0.202,0.041,0.266,0.048,0.054
3,B2_1,0.012,0.066,0.068,0.048,0.017,0.026,0.1,0.092,0.02,0.18,0.03,0.1,0.062,0.063,0.089,0.026
3,B2_2,0.065,0.012,0.029,0.017,0.027,0.25,0.06,0.102,0.048,0.024,0.062,0.027,0.109,0.047,0.072,0.051
3,B2_3,0.018,0.022,0.02,0.089,0.012,0.112,0.042,0.167,0.03,0.043,0.053,0.179,0.066,0.105,0.03,0.011
3,y1,0.008,0.023,0.018,0.096,0.012,0.022,0.079,0.105,0.034,0.026,0.018,0.287,0.098,0.065,0.088,0.02
3,y2,0.012,0.111,0.054,0.065,0.022,0.038,0.024,0.113,0.024,0.096,0.032,0.13,0.046,0.161,0.046,0.027
3,y3,0.012,0.019,0.051,0.034,0.011,0.144,0.134,0.069,0.026,0.073,0.03,0.078,0.172,0.015,0.108,0.026
4,.,0.026,0.092,0.029,0.193,0.053,0.048,0.03,0.085,0.017,0.023,0.022,0.205,0.046,0.065,0.044,0.021
4,A1_1,0.035,0.079,0.026,0.039,0.073,0.025,0.1,0.202,0.015,0.074,0.03,0.056,0.056,0.081,0.082,0.027
4,A1_2,0.081,0.048,0.033,0.071,0.049,0.17,0.014,0.066,0.071,0.009,0.036,0.068,0.084,0.069,0.074,0.058
4,A1_3,0.049,0.049,0.04,0.087,0.041,0.333,0.017,0.106,0.009,0.032,0.071,0.045,0.068,0.03,0.018,0.005
4,B1_1,0.075,0.053,0.009,0.088,0.085,0.14,0.03,0.135,0.029,0.011,0.038,0.062,0.079,0.067,0.082,0.017
4,B1_2,0.025,0.073,0.021,0.118,0.042,0.05,0.019,0.195,0.023,0.019,0.029,0.151,0.088,0.092,0.043,0.011
4,B1_3,0.036,0.092,0.051,0.105,0.044,0.062,0.044,0.091,0.035,0.045,0.036,0.09,0.085,0.054,0.09,0.04
4,A2_1,0.064,0.041,0.043,0.046,0.08,0.269,0.023,0.073,0.016,0.018,0.054,0.047,0.059,0.083,0.045,0.039
4,A2_2,0.035,0.022,0.006,0.049,0.029,0.081,0.083,0.303,0.032,0.028,0.043,0.065,0.097,0.056,0.059,0.012
4,A2_3,0.014,0.025,0.026,0.078,0.02,0.012,0.029,0.114,0.037,0.016,0.022,0.19,0.04,0.274,0.047,0.056
4,B2_1,0.015,0.07,0.067,0.049,0.02,0.026,0.099,0.091,0.021,0.172,0.033,0.09,0.058,0.07,0.09,0.029
4,B2_2,0.07,0.013,0.028,0.017,0.031,0.252,0.058,0.1,0.046,0.022,0.062,0.026,0.104,0.049,0.071,0.052
4,B2_3,0.019,0.022,0.02,0.088,0.012,0.108,0.044,0.167,0.03,0.042,0.052,0.181,0.069,0.104,0.032,0.011
4,y1,0.009,0.024,0.02,0.096,0.013,0.022,0.076,0.104,0.036,0.026,0.019,0.273,0.096,0.072,0.09,0.023
4,y2,0.015,0.118,0.052,0.065,0.024,0.039,0.024,0.11,0.024,0.098,0.034,0.117,0.043,0.163,0.047,0.028
4,y3,0.014,0.019,0.047,0.035,0.011,0.144,0.133,0.07,0.028,0.065,0.03,0.078,0.17,0.016,0.113,0.028
5,.,0.029,0.094,0.029,0.192,0.055,0.048,0.03,0.084,0.018,0.024,0.022,0.196,0.046,0.067,0.045,0.023
5,A1_1,0.04,0.081,0.025,0.04,0.079,0.026,0.097,0.193,0.016,0.071,0.03,0.053,0.053,0.084,0.084,0.029
5,A1_2,0.087,0.05,0.031,0.071,0.052,0.167,0.014,0.065,0.07,0.009,0.036,0.066,0.083,0.069,0.074,0.058
5,A1_3,0.055,0.05,0.04,0.088,0.043,0.327,0.016,0.104,0.009,0.032,0.073,0.043,0.066,0.031,0.019,0.005
5,B1_1,0.082,0.053,0.009,0.086,0.09,0.145,0.029,0.127,0.028,0.01,0.038,0.059,0.077,0.067,0.081,0.018
5,B1_2,0.032,0.075,0.02,0.116,0.046,0.054,0.019,0.194,0.024,0.019,0.032,0.135,0.085,0.095,0.043,0.011
5,B1_3,0.043,0.095,0.05,0.108,0.048,0.062,0.04,0.088,0.036,0.041,0.036,0.086,0.08,0.059,0.087,0.042
5,A2_1,0.066,0.045,0.043,0.049,0.087,0.252,0.024,0.072,0.016,0.019,0.054,0.047,0.058,0.083,0.047,0.04
5,A2_2,0.04,0.022,0.006,0.047,0.032,0.082,0.082,0.299,0.032,0.027,0.045,0.059,0.097,0.057,0.06,0.012
5,A2_3,0.016,0.026,0.027,0.078,0.022,0.012,0.028,0.111,0.038,0.016,0.023,0.181,0.039,0.278,0.046,0.058
5,B2_1,0.019,0.073,0.066,0.051,0.022,0.026,0.097,0.09,0.021,0.165,0.034,0.083,0.054,0.075,0.092,0.032
5,B2_2,0.076,0.014,0.027,0.017,0.034,0.252,0.055,0.096,0.045,0.021,0.061,0.026,0.1,0.051,0.072,0.053
5,B2_3,0.02,0.022,0.019,0.086,0.013,0.105,0.046,0.167,0.03,0.04,0.052,0.18,0.073,0.103,0.033,0.012
5,y1,0.011,0.026,0.021,0.098,0.014,0.022,0.073,0.102,0.038,0.026,0.02,0.26,0.092,0.08,0.091,0.025
5,y2,0.018,0.126,0.05,0.065,0.025,0.039,0.024,0.106,0.024,0.101,0.035,0.106,0.041,0.163,0.049,0.028
5,y3,0.016,0.019,0.043,0.036,0.013,0.144,0.129,0.07,0.03,0.057,0.03,0.078,0.17,0.017,0.119,0.029
6,.,0.033,0.096,0.029,0.191,0.057,0.047,0.03,0.083,0.018,0.024,0.023,0.187,0.045,0.068,0.045,0.024
6,A1_1,0.045,0.082,0.025,0.04,0.083,0.026,0.094,0.186,0.016,0.069,0.031,0.051,0.05,0.088,0.084,0.031
6,A1_2,0.092,0.051,0.03,0.07,0.055,0.166,0.014,0.064,0.067,0.009,0.035,0.064,0.082,0.068,0.075,0.057
6,A1_3,0.062,0.052,0.039,0.088,0.046,0.32,0.016,0.102,0.009,0.031,0.075,0.04,0.063,0.032,0.019,0.005
6,B1_1,0.088,0.052,0.01,0.085,0.095,0.15,0.028,0.12,0.027,0.01,0.039,0.057,0.075,0.065,0.08,0.019
6,B1_2,0.04,0.076,0.02,0.114,0.051,0.057,0.018,0.193,0.025,0.018,0.034,0.119,0.081,0.098,0.043,0.011
6,B1_3,0.051,0.098,0.049,0.111,0.052,0.062,0.036,0.086,0.035,0.038,0.038,0.082,0.074,0.063,0.082,0.043
6,A2_1,0.068,0.048,0.042,0.05,0.092,0.24,0.025,0.071,0.015,0.02,0.053,0.046,0.057,0.083,0.049,0.041
6,A2_2,0.047,0.022,0.006,0.045,0.034,0.083,0.082,0.294,0.033,0.026,0.047,0.055,0.094,0.06,0.06,0.013
6,A2_3,0.02,0.027,0.027,0.08,0.023,0.012,0.028,0.108,0.039,0.016,0.024,0.174,0.037,0.278,0.045,0.06
6,B2_1,0.024,0.076,0.066,0.052,0.025,0.025,0.094,0.088,0.022,0.158,0.036,0.076,0.05,0.081,0.093,0.035
6,B2_2,0.081,0.014,0.026,0.017,0.038,0.258,0.052,0.093,0.043,0.02,0.061,0.025,0.096,0.053,0.071,0.053
6,B2_3,0.021,0.021,0.019,0.084,0.013,0.104,0.047,0.168,0.031,0.038,0.052,0.179,0.076,0.102,0.034,0.012
6,y1,0.013,0.027,0.021,0.102,0.015,0.021,0.069,0.101,0.04,0.026,0.021,0.251,0.086,0.089,0.091,0.028
6,y2,0.021,0.135,0.048,0.065,0.027,0.039,0.024,0.101,0.024,0.103,0.036,0.097,0.039,0.162,0.05,0.029
6,y3,0.019,0.019,0.039,0.037,0.014,0.147,0.125,0.071,0.032,0.05,0.031,0.077,0.168,0.018,0.122,0.031
7,.,0.037,0.098,0.029,0.191,0.058,0.047,0.03,0.082,0.019,0.024,0.024,0.179,0.043,0.07,0.046,0.025
7,A1_1,0.051,0.083,0.025,0.04,0.088,0.026,0.092,0.177,0.016,0.067,0.032,0.048,0.048,0.09,0.085,0.032
7,A1_2,0.098,0.052,0.029,0.069,0.058,0.164,0.014,0.063,0.065,0.009,0.035,0.063,0.08,0.067,0.075,0.057
7,A1_3,0.069,0.053,0.039,0.089,0.048,0.309,0.016,0.101,0.01,0.031,0.077,0.038,0.061,0.033,0.019,0.006
7,B1_1,0.095,0.052,0.01,0.083,0.1,0.152,0.027,0.113,0.027,0.01,0.039,0.055,0.073,0.065,0.079,0.02
7,B1_2,0.049,0.077,0.019,0.111,0.056,0.059,0.018,0.192,0.025,0.018,0.037,0.107,0.079,0.099,0.043,0.012
7,B1_3,0.06,0.099,0.047,0.112,0.056,0.062,0.033,0.083,0.036,0.035,0.038,0.078,0.07,0.067,0.08,0.045
7,A2_1,0.07,0.053,0.043,0.053,0.098,0.227,0.026,0.069,0.015,0.021,0.053,0.047,0.055,0.082,0.05,0.041
7,A2_2,0.054,0.022,0.006,0.042,0.037,0.082,0.082,0.289,0.033,0.025,0.048,0.05,0.092,0.061,0.061,0.014
7,A2_3,0.024,0.028,0.027,0.082,0.025,0.012,0.027,0.106,0.04,0.015,0.025,0.168,0.036,0.278,0.044,0.062
7,B2_1,0.029,0.079,0.065,0.053,0.028,0.024,0.092,0.086,0.022,0.152,0.037,0.071,0.046,0.085,0.094,0.037
7,B2_2,0.088,0.015,0.026,0.017,0.042,0.264,0.049,0.088,0.04,0.018,0.061,0.024,0.092,0.054,0.069,0.055
7,B2_3,0.023,0.021,0.018,0.083,0.014,0.106,0.048,0.167,0.031,0.037,0.053,0.175,0.077,0.101,0.035,0.012
7,y1,0.016,0.028,0.021,0.105,0.016,0.02,0.067,0.099,0.041,0.025,0.022,0.241,0.081,0.095,0.092,0.03
7,y2,0.024,0.145,0.047,0.067,0.03,0.038,0.023,0.095,0.024,0.101,0.037,0.091,0.037,0.161,0.051,0.029
7,y3,0.022,0.02,0.037,0.038,0.016,0.153,0.12,0.071,0.031,0.044,0.031,0.076,0.167,0.019,0.124,0.032
8,.,0.041,0.099,0.03,0.189,0.06,0.046,0.03,0.081,0.019,0.024,0.024,0.171,0.043,0.071,0.046,0.026
8,A1_1,0.057,0.083,0.025,0.04,0.091,0.025,0.09,0.169,0.016,0.065,0.032,0.046,0.046,0.094,0.086,0.034
8,A1_2,0.103,0.053,0.029,0.068,0.061,0.163,0.014,0.062,0.063,0.009,0.035,0.061,0.08,0.067,0.075,0.057
8,A1_3,0.077,0.053,0.039,0.088,0.05,0.299,0.016,0.101,0.01,0.031,0.079,0.036,0.059,0.035,0.02,0.006
8,B1_1,0.102,0.052,0.01,0.082,0.104,0.153,0.027,0.106,0.026,0.009,0.039,0.053,0.071,0.065,0.079,0.021
8,B1_2,0.059,0.075,0.019,0.106,0.06,0.062,0.019,0.191,0.025,0.018,0.039,0.096,0.077,0.099,0.043,0.012
8,B1_3,0.07,0.099,0.047,0.111,0.061,0.061,0.03,0.081,0.036,0.032,0.039,0.073,0.065,0.072,0.076,0.047
8,A2_1,0.072,0.057,0.043,0.056,0.105,0.212,0.027,0.067,0.014,0.022,0.052,0.047,0.053,0.081,0.051,0.042
8,A2_2,0.062,0.022,0.006,0.04,0.041,0.082,0.081,0.283,0.033,0.024,0.051,0.045,0.09,0.064,0.061,0.015
8,A2_3,0.028,0.029,0.028,0.083,0.026,0.012,0.027,0.104,0.041,0.015,0.025,0.162,0.035,0.278,0.043,0.065
8,B2_1,0.034,0.08,0.065,0.054,0.03,0.023,0.091,0.083,0.022,0.147,0.038,0.066,0.043,0.088,0.094,0.04
8,B2_2,0.092,0.015,0.026,0.016,0.046,0.265,0.047,0.084,0.039,0.017,0.061,0.024,0.089,0.056,0.068,0.056
8,B2_3,0.025,0.021,0.018,0.081,0.015,0.107,0.049,0.167,0.031,0.035,0.054,0.172,0.079,0.1,0.035,0.011
8,y1,0.02,0.029,0.021,0.107,0.017,0.019,0.065,0.098,0.043,0.025,0.023,0.23,0.077,0.103,0.091,0.033
8,y2,0.028,0.15,0.047,0.067,0.031,0.037,0.023,0.09,0.024,0.101,0.038,0.084,0.035,0.162,0.051,0.03
8,y3,0.026,0.02,0.035,0.039,0.018,0.157,0.116,0.07,0.031,0.04,0.031,0.075,0.165,0.02,0.126,0.033
9,.,0.045,0.101,0.03,0.187,0.061,0.046,0.03,0.08,0.02,0.025,0.025,0.164,0.042,0.072,0.047,0.027
9,A1_1,0.064,0.084,0.025,0.041,0.095,0.025,0.087,0.162,0.016,0.062,0.033,0.044,0.044,0.097,0.086,0.036
9,A1_2,0.108,0.054,0.028,0.067,0.064,0.161,0.015,0.062,0.061,0.009,0.035,0.06,0.079,0.066,0.075,0.056
9,A1_3,0.086,0.054,0.039,0.087,0.052,0.291,0.016,0.1,0.011,0.03,0.081,0.034,0.057,0.036,0.02,0.007
9,B1_1,0.108,0.052,0.011,0.081,0.108,0.156,0.026,0.1,0.025,0.009,0.039,0.051,0.069,0.064,0.078,0.022
9,B1_2,0.071,0.074,0.018,0.102,0.065,0.063,0.019,0.189,0.026,0.018,0.041,0.085,0.075,0.099,0.043,0.012
9,B1_3,0.082,0.1,0.045,0.11,0.066,0.06,0.027,0.078,0.036,0.029,0.039,0.069,0.061,0.076,0.071,0.049
9,A2_1,0.075,0.061,0.043,0.059,0.111,0.201,0.027,0.065,0.013,0.022,0.052,0.046,0.052,0.079,0.052,0.042
9,A2_2,0.072,0.021,0.006,0.038,0.044,0.082,0.079,0.276,0.032,0.023,0.053,0.041,0.086,0.067,0.061,0.016
9,A2_3,0.033,0.03,0.028,0.084,0.028,0.013,0.026,0.101,0.042,0.015,0.026,0.155,0.034,0.277,0.041,0.067
9,B2_1,0.042,0.084,0.063,0.056,0.034,0.023,0.087,0.082,0.022,0.139,0.039,0.06,0.04,0.093,0.093,0.042
9,B2_2,0.096,0.016,0.025,0.017,0.051,0.265,0.045,0.082,0.037,0.016,0.06,0.024,0.087,0.057,0.067,0.057
9,B2_3,0.027,0.021,0.018,0.079,0.015,0.109,0.048,0.165,0.03,0.034,0.055,0.168,0.082,0.101,0.036,0.012
9,y1,0.024,0.03,0.022,0.107,0.018,0.019,0.064,0.098,0.044,0.025,0.024,0.217,0.075,0.109,0.09,0.035
9,y2,0.033,0.154,0.045,0.067,0.034,0.038,0.022,0.087,0.024,0.098,0.04,0.077,0.033,0.167,0.051,0.032
9,y3,0.029,0.021,0.033,0.04,0.02,0.157,0.113,0.07,0.03,0.037,0.031,0.075,0.162,0.02,0.127,0.034
10,.,0.05,0.102,0.03,0.185,0.062,0.045,0.03,0.079,0.02,0.025,0.026,0.156,0.041,0.072,0.047,0.028
10,A1_1,0.071,0.085,0.024,0.041,0.099,0.025,0.084,0.153,0.016,0.06,0.033,0.042,0.041,0.099,0.087,0.039
10,A1_2,0.114,0.055,0.027,0.066,0.067,0.161,0.015,0.061,0.059,0.009,0.035,0.058,0.078,0.064,0.076,0.056
10,A1_3,0.096,0.055,0.038,0.086,0.055,0.281,0.015,0.099,0.011,0.03,0.083,0.031,0.055,0.038,0.02,0.007
10,B1_1,0.114,0.052,0.011,0.08,0.112,0.159,0.025,0.094,0.025,0.009,0.039,0.05,0.067,0.063,0.077,0.022
10,B1_2,0.085,0.073,0.018,0.097,0.07,0.066,0.019,0.186,0.026,0.017,0.044,0.075,0.072,0.098,0.043,0.013
10,B1_3,0.095,0.101,0.043,0.109,0.071,0.06,0.025,0.075,0.036,0.026,0.04,0.065,0.056,0.079,0.067,0.051
10,A2_1,0.079,0.066,0.042,0.062,0.119,0.188,0.028,0.063,0.013,0.023,0.051,0.045,0.05,0.077,0.054,0.042
10,A2_2,0.084,0.021,0.006,0.037,0.049,0.083,0.077,0.268,0.032,0.022,0.056,0.037,0.083,0.069,0.06,0.017
10,A2_3,0.04,0.031,0.029,0.086,0.031,0.013,0.025,0.098,0.042,0.014,0.027,0.15,0.033,0.274,0.04,0.067
10,B2_1,0.051,0.09,0.06,0.058,0.038,0.022,0.082,0.079,0.022,0.129,0.04,0.056,0.037,0.097,0.093,0.045
10,B2_2,0.1,0.016,0.025,0.017,0.056,0.265,0.043,0.079,0.035,0.015,0.059,0.024,0.086,0.057,0.067,0.057
10,B2_3,0.029,0.02,0.018,0.076,0.016,0.113,0.047,0.165,0.03,0.033,0.057,0.162,0.085,0.101,0.036,0.011
10,y1,0.029,0.032,0.023,0.109,0.02,0.019,0.062,0.097,0.045,0.025,0.025,0.204,0.071,0.115,0.089,0.037
10,y2,0.038,0.16,0.044,0.067,0.037,0.038,0.021,0.083,0.024,0.094,0.041,0.07,0.031,0.167,0.051,0.033
10,y3,0.032,0.022,0.031,0.042,0.022,0.16,0.109,0.07,0.03,0.034,0.031,0.075,0.16,0.021,0.127,0.035
11,.,0.055,0.103,0.03,0.184,0.063,0.045,0.03,0.078,0.021,0.025,0.026,0.15,0.04,0.073,0.047,0.029
11,A1_1,0.078,0.085,0.024,0.041,0.102,0.025,0.081,0.146,0.016,0.058,0.033,0.041,0.039,0.101,0.089,0.041
11,A1_2,0.118,0.055,0.026,0.065,0.07,0.16,0.015,0.06,0.057,0.009,0.034,0.057,0.078,0.063,0.076,0.056
11,A1_3,0.107,0.055,0.037,0.086,0.057,0.27,0.015,0.098,0.012,0.029,0.084,0.03,0.052,0.039,0.02,0.008
11,B1_1,0.119,0.052,0.011,0.079,0.116,0.159,0.025,0.089,0.024,0.009,0.039,0.049,0.065,0.063,0.076,0.023
11,B1_2,0.099,0.071,0.017,0.093,0.074,0.068,0.019,0.183,0.025,0.017,0.045,0.067,0.07,0.096,0.042,0.013
11,B1_3,0.108,0.101,0.042,0.107,0.075,0.058,0.022,0.073,0.036,0.023,0.039,0.062,0.053,0.083,0.064,0.052
11,A2_1,0.082,0.072,0.041,0.066,0.125,0.174,0.028,0.061,0.012,0.023,0.049,0.045,0.048,0.075,0.055,0.042
11,A2_2,0.096,0.021,0.006,0.035,0.054,0.082,0.074,0.259,0.031,0.021,0.058,0.034,0.08,0.071,0.059,0.017
11,A2_3,0.046,0.032,0.029,0.088,0.033,0.013,0.025,0.097,0.041,0.014,0.028,0.144,0.032,0.272,0.039,0.068
11,B2_1,0.061,0.095,0.057,0.06,0.042,0.021,0.077,0.076,0.022,0.12,0.041,0.052,0.034,0.101,0.093,0.047
11,B2_2,0.102,0.017,0.024,0.017,0.06,0.264,0.042,0.077,0.034,0.014,0.058,0.024,0.086,0.057,0.068,0.057
11,B2_3,0.032,0.02,0.018,0.074,0.017,0.114,0.046,0.165,0.03,0.031,0.058,0.156,0.088,0.103,0.036,0.012
11,y1,0.034,0.033,0.023,0.109,0.021,0.019,0.06,0.096,0.045,0.025,0.027,0.193,0.069,0.119,0.088,0.039
11,y2,0.044,0.164,0.042,0.067,0.039,0.038,0.021,0.079,0.024,0.091,0.042,0.065,0.03,0.167,0.053,0.034
11,y3,0.036,0.022,0.029,0.043,0.025,0.16,0.107,0.07,0.029,0.031,0.031,0.076,0.157,0.022,0.129,0.035
12,.,0.061,0.103,0.031,0.181,0.064,0.044,0.03,0.077,0.021,0.025,0.027,0.144,0.039,0.074,0.048,0.03
12,A1_1,0.086,0.084,0.024,0.041,0.106,0.025,0.079,0.139,0.016,0.055,0.033,0.039,0.038,0.103,0.089,0.043
12,A1_2,0.123,0.055,0.026,0.063,0.073,0.157,0.016,0.059,0.055,0.009,0.034,0.056,0.078,0.062,0.077,0.056
12,A1_3,0.119,0.054,0.037,0.083,0.059,0.259,0.015,0.097,0.012,0.028,0.086,0.028,0.051,0.041,0.021,0.009
12,B1_1,0.124,0.052,0.012,0.078,0.121,0.16,0.024,0.084,0.023,0.009,0.039,0.047,0.063,0.063,0.075,0.024
12,B1_2,0.115,0.067,0.016,0.087,0.08,0.069,0.02,0.18,0.025,0.016,0.047,0.06,0.068,0.094,0.043,0.013
12,B1_3,0.122,0.099,0.04,0.104,0.082,0.057,0.02,0.071,0.035,0.021,0.039,0.059,0.048,0.087,0.06,0.054
12,A2_1,0.087,0.077,0.041,0.068,0.134,0.159,0.029,0.058,0.012,0.024,0.048,0.045,0.046,0.075,0.056,0.042
12,A2_2,0.108,0.021,0.006,0.033,0.06,0.082,0.072,0.25,0.03,0.02,0.061,0.031,0.077,0.074,0.058,0.018
12,A2_3,0.053,0.032,0.029,0.087,0.035,0.013,0.024,0.095,0.041,0.014,0.028,0.138,0.031,0.271,0.038,0.069
12,B2_1,0.071,0.096,0.055,0.061,0.045,0.021,0.074,0.074,0.022,0.113,0.041,0.049,0.032,0.105,0.091,0.049
12,B2_2,0.104,0.017,0.024,0.017,0.064,0.258,0.041,0.075,0.033,0.014,0.058,0.024,0.085,0.059,0.069,0.059
12,B2_3,0.034,0.02,0.018,0.07,0.018,0.115,0.047,0.165,0.03,0.03,0.06,0.151,0.091,0.104,0.037,0.012
12,y1,0.04,0.033,0.024,0.107,0.022,0.019,0.059,0.097,0.046,0.025,0.028,0.182,0.067,0.124,0.087,0.041
12,y2,0.05,0.163,0.042,0.066,0.041,0.038,0.02,0.076,0.024,0.088,0.043,0.06,0.029,0.171,0.052,0.036
12,y3,0.039,0.023,0.028,0.043,0.026,0.16,0.105,0.069,0.029,0.029,0.031,0.076,0.154,0.022,0.13,0.037
13,.,0.066,0.104,0.031,0.179,0.065,0.044,0.03,0.076,0.022,0.025,0.027,0.138,0.039,0.074,0.048,0.032
13,A1_1,0.093,0.084,0.024,0.041,0.108,0.025,0.077,0.132,0.016,0.054,0.033,0.038,0.036,0.105,0.09,0.046
13,A1_2,0.127,0.055,0.026,0.062,0.076,0.156,0.016,0.058,0.053,0.009,0.034,0.055,0.078,0.061,0.078,0.057
13,A1_3,0.131,0.053,0.037,0.081,0.062,0.249,0.015,0.096,0.012,0.028,0.088,0.026,0.049,0.043,0.021,0.009
13,B1_1,0.129,0.052,0.012,0.077,0.126,0.158,0.024,0.08,0.023,0.008,0.039,0.047,0.062,0.063,0.074,0.026
13,B1_2,0.131,0.064,0.016,0.081,0.085,0.069,0.02,0.177,0.025,0.016,0.049,0.054,0.066,0.092,0.042,0.014
13,B1_3,0.137,0.096,0.039,0.1,0.087,0.055,0.019,0.069,0.035,0.019,0.039,0.056,0.045,0.091,0.057,0.056
13,A2_1,0.092,0.081,0.04,0.07,0.141,0.146,0.029,0.056,0.011,0.024,0.047,0.044,0.044,0.074,0.057,0.043
13,A2_2,0.12,0.02,0.007,0.031,0.065,0.081,0.07,0.239,0.028,0.019,0.062,0.029,0.075,0.076,0.058,0.019
13,A2_3,0.06,0.032,0.03,0.086,0.038,0.014,0.024,0.094,0.041,0.013,0.029,0.132,0.03,0.271,0.038,0.07
13,B2_1,0.082,0.096,0.053,0.062,0.048,0.021,0.07,0.072,0.022,0.107,0.042,0.046,0.03,0.107,0.091,0.052
13,B2_2,0.106,0.018,0.024,0.017,0.067,0.253,0.041,0.074,0.032,0.014,0.057,0.024,0.085,0.059,0.07,0.06
13,B2_3,0.036,0.019,0.018,0.068,0.018,0.115,0.046,0.164,0.03,0.029,0.061,0.147,0.093,0.104,0.037,0.012
13,y1,0.046,0.033,0.025,0.104,0.023,0.019,0.059,0.097,0.047,0.025,0.029,0.17,0.065,0.127,0.086,0.043
13,y2,0.056,0.162,0.042,0.065,0.043,0.039,0.02,0.073,0.024,0.085,0.044,0.057,0.028,0.174,0.052,0.038
13,y3,0.041,0.023,0.027,0.043,0.028,0.159,0.105,0.067,0.028,0.028,0.031,0.076,0.151,0.022,0.132,0.038
14,.,0.072,0.104,0.031,0.176,0.066,0.043,0.03,0.075,0.022,0.026,0.027,0.133,0.038,0.075,0.048,0.033
14,A1_1,0.101,0.083,0.023,0.04,0.109,0.024,0.074,0.126,0.016,0.051,0.033,0.036,0.035,0.108,0.091,0.049
14,A1_2,0.131,0.054,0.025,0.06,0.078,0.153,0.017,0.057,0.052,0.009,0.034,0.055,0.078,0.06,0.079,0.057
14,A1_3,0.144,0.052,0.037,0.078,0.063,0.237,0.015,0.096,0.013,0.027,0.09,0.025,0.047,0.045,0.021,0.01
14,B1_1,0.134,0.052,0.013,0.077,0.129,0.157,0.024,0.076,0.022,0.008,0.04,0.046,0.06,0.062,0.074,0.027
14,B1_2,0.149,0.06,0.015,0.076,0.09,0.069,0.02,0.173,0.024,0.015,0.05,0.048,0.064,0.09,0.042,0.014
14,B1_3,0.151,0.094,0.037,0.097,0.093,0.053,0.017,0.067,0.034,0.017,0.038,0.053,0.042,0.095,0.054,0.058
14,A2_1,0.097,0.086,0.04,0.073,0.147,0.133,0.029,0.054,0.011,0.024,0.046,0.043,0.042,0.074,0.058,0.044
14,A2_2,0.133,0.02,0.007,0.03,0.07,0.079,0.068,0.23,0.027,0.018,0.064,0.027,0.073,0.079,0.057,0.02
14,A2_3,0.067,0.032,0.03,0.084,0.04,0.014,0.024,0.093,0.04,0.013,0.03,0.126,0.03,0.27,0.037,0.072
14,B2_1,0.092,0.097,0.051,0.062,0.05,0.02,0.067,0.069,0.022,0.102,0.042,0.043,0.029,0.11,0.091,0.053
14,B2_2,0.107,0.018,0.024,0.017,0.069,0.247,0.041,0.073,0.032,0.014,0.056,0.025,0.085,0.06,0.072,0.061
14,B2_3,0.038,0.019,0.018,0.066,0.019,0.114,0.047,0.164,0.03,0.029,0.062,0.143,0.095,0.105,0.037,0.013
14,y1,0.054,0.033,0.026,0.101,0.024,0.019,0.059,0.097,0.048,0.026,0.031,0.159,0.063,0.131,0.085,0.046
14,y2,0.06,0.16,0.041,0.064,0.044,0.039,0.019,0.071,0.025,0.083,0.045,0.054,0.027,0.175,0.053,0.04
14,y3,0.043,0.022,0.026,0.043,0.028,0.154,0.107,0.067,0.028,0.028,0.03,0.076,0.149,0.023,0.135,0.039
15,.,0.078,0.105,0.031,0.174,0.066,0.042,0.03,0.074,0.023,0.026,0.028,0.128,0.037,0.075,0.048,0.034
15,A1_1,0.108,0.082,0.023,0.04,0.11,0.024,0.072,0.12,0.016,0.05,0.033,0.035,0.033,0.11,0.092,0.051
15,A1_2,0.135,0.054,0.025,0.059,0.079,0.151,0.017,0.056,0.051,0.009,0.034,0.054,0.078,0.06,0.08,0.058
15,A1_3,0.157,0.051,0.037,0.076,0.065,0.226,0.015,0.095,0.013,0.027,0.09,0.024,0.046,0.047,0.021,0.011
15,B1_1,0.138,0.052,0.013,0.076,0.131,0.156,0.024,0.072,0.022,0.008,0.04,0.045,0.058,0.062,0.073,0.028
15,B1_2,0.166,0.058,0.015,0.072,0.094,0.069,0.021,0.168,0.024,0.014,0.051,0.044,0.063,0.087,0.042,0.015
15,B1_3,0.165,0.091,0.035,0.094,0.097,0.052,0.016,0.065,0.034,0.015,0.038,0.051,0.039,0.097,0.051,0.059
15,A2_1,0.103,0.09,0.039,0.075,0.153,0.121,0.029,0.052,0.011,0.024,0.045,0.042,0.039,0.075,0.059,0.045
15,A2_2,0.145,0.02,0.007,0.029,0.075,0.079,0.065,0.22,0.026,0.017,0.064,0.025,0.071,0.08,0.056,0.021
15,A2_3,0.074,0.032,0.03,0.082,0.042,0.014,0.023,0.091,0.04,0.013,0.031,0.12,0.029,0.27,0.036,0.073
15,B2_1,0.104,0.097,0.049,0.063,0.052,0.02,0.064,0.067,0.022,0.096,0.043,0.041,0.027,0.113,0.09,0.055
15,B2_2,0.107,0.018,0.023,0.018,0.071,0.238,0.042,0.073,0.031,0.014,0.055,0.026,0.086,0.061,0.074,0.063
15,B2_3,0.04,0.019,0.019,0.063,0.019,0.113,0.047,0.163,0.03,0.029,0.063,0.14,0.098,0.106,0.038,0.013
15,y1,0.062,0.033,0.027,0.097,0.024,0.02,0.058,0.096,0.048,0.027,0.033,0.148,0.062,0.134,0.084,0.048
15,y2,0.065,0.157,0.04,0.063,0.045,0.04,0.019,0.069,0.025,0.081,0.045,0.052,0.026,0.177,0.053,0.042
15,y3,0.045,0.022,0.025,0.043,0.028,0.15,0.109,0.066,0.029,0.027,0.03,0.077,0.147,0.023,0.138,0.04
16,.,0.085,0.104,0.031,0.172,0.066,0.042,0.03,0.073,0.023,0.026,0.028,0.124,0.037,0.075,0.049,0.035
16,A1_1,0.116,0.081,0.023,0.04,0.11,0.024,0.07,0.115,0.016,0.048,0.033,0.034,0.032,0.112,0.093,0.054
16,A1_2,0.139,0.054,0.025,0.058,0.081,0.149,0.018,0.055,0.051,0.009,0.033,0.053,0.078,0.059,0.082,0.059
16,A1_3,0.17,0.049,0.036,0.073,0.066,0.217,0.015,0.094,0.014,0.026,0.091,0.022,0.044,0.048,0.022,0.012
16,B1_1,0.141,0.053,0.014,0.076,0.134,0.153,0.024,0.069,0.021,0.009,0.039,0.045,0.057,0.063,0.073,0.029
16,B1_2,0.181,0.055,0.015,0.068,0.097,0.068,0.021,0.164,0.023,0.014,0.051,0.04,0.062,0.084,0.042,0.015
16,B1_3,0.18,0.088,0.034,0.091,0.1,0.05,0.015,0.063,0.034,0.014,0.037,0.048,0.037,0.099,0.05,0.06
16,A2_1,0.109,0.093,0.039,0.076,0.157,0.111,0.029,0.05,0.011,0.024,0.044,0.041,0.037,0.075,0.059,0.046
16,A2_2,0.155,0.02,0.007,0.028,0.08,0.077,0.064,0.21,0.025,0.017,0.064,0.024,0.07,0.081,0.057,0.022
16,A2_3,0.082,0.032,0.031,0.079,0.044,0.015,0.023,0.09,0.039,0.012,0.031,0.114,0.029,0.271,0.036,0.074
16,B2_1,0.116,0.096,0.047,0.063,0.054,0.02,0.061,0.065,0.021,0.091,0.043,0.038,0.025,0.115,0.09,0.056
16,B2_2,0.109,0.019,0.023,0.018,0.072,0.229,0.043,0.072,0.031,0.014,0.054,0.026,0.087,0.062,0.076,0.065
16,B2_3,0.042,0.019,0.02,0.061,0.02,0.112,0.047,0.162,0.03,0.029,0.064,0.136,0.1,0.107,0.038,0.014
16,y1,0.07,0.033,0.028,0.093,0.025,0.02,0.058,0.096,0.049,0.027,0.035,0.138,0.061,0.136,0.083,0.05
16,y2,0.071,0.154,0.041,0.061,0.046,0.041,0.019,0.067,0.025,0.079,0.046,0.049,0.026,0.179,0.053,0.044
16,y3,0.047,0.022,0.024,0.043,0.028,0.146,0.111,0.065,0.029,0.027,0.03,0.077,0.145,0.023,0.14,0.042
17,.,0.091,0.104,0.031,0.17,0.066,0.041,0.03,0.072,0.024,0.026,0.028,0.12,0.036,0.075,0.049,0.036
17,A1_1,0.122,0.079,0.023,0.04,0.11,0.023,0.068,0.109,0.016,0.047,0.033,0.033,0.031,0.114,0.094,0.057
17,A1_2,0.141,0.053,0.025,0.056,0.081,0.147,0.018,0.054,0.05,0.009,0.033,0.053,0.079,0.058,0.083,0.06
17,A1_3,0.182,0.047,0.036,0.07,0.066,0.208,0.015,0.094,0.014,0.026,0.092,0.021,0.043,0.05,0.022,0.013
17,B1_1,0.143,0.054,0.014,0.076,0.134,0.151,0.024,0.066,0.021,0.009,0.039,0.045,0.055,0.064,0.073,0.03
17,B1_2,0.196,0.052,0.014,0.064,0.099,0.067,0.022,0.161,0.023,0.014,0.051,0.038,0.061,0.081,0.042,0.015
17,B1_3,0.193,0.084,0.033,0.088,0.103,0.048,0.015,0.062,0.034,0.013,0.036,0.046,0.035,0.102,0.048,0.062
17,A2_1,0.115,0.096,0.039,0.077,0.16,0.101,0.028,0.047,0.01,0.024,0.043,0.04,0.035,0.076,0.06,0.048
17,A2_2,0.163,0.019,0.007,0.027,0.084,0.077,0.064,0.201,0.024,0.016,0.064,0.024,0.069,0.082,0.057,0.023
17,A2_3,0.088,0.031,0.031,0.076,0.045,0.015,0.023,0.089,0.039,0.012,0.032,0.109,0.028,0.271,0.035,0.075
17,B2_1,0.127,0.094,0.046,0.062,0.054,0.019,0.059,0.063,0.021,0.087,0.043,0.037,0.024,0.116,0.09,0.058
17,B2_2,0.108,0.019,0.023,0.018,0.072,0.226,0.043,0.071,0.031,0.014,0.054,0.027,0.087,0.062,0.078,0.067
17,B2_3,0.044,0.018,0.02,0.059,0.02,0.11,0.049,0.161,0.031,0.029,0.065,0.133,0.102,0.107,0.039,0.015
17,y1,0.078,0.032,0.028,0.09,0.025,0.02,0.057,0.094,0.05,0.028,0.035,0.13,0.059,0.138,0.082,0.053
17,y2,0.074,0.152,0.041,0.061,0.046,0.041,0.019,0.065,0.025,0.079,0.046,0.048,0.025,0.178,0.054,0.046
17,y3,0.049,0.021,0.024,0.042,0.028,0.145,0.113,0.064,0.029,0.026,0.029,0.077,0.143,0.023,0.143,0.044
18,.,0.097,0.104,0.031,0.168,0.066,0.041,0.03,0.071,0.024,0.027,0.028,0.116,0.036,0.074,0.049,0.037
18,A1_1,0.13,0.078,0.023,0.039,0.109,0.023,0.066,0.105,0.016,0.046,0.033,0.032,0.03,0.116,0.095,0.06
18,A1_2,0.143,0.053,0.024,0.055,0.082,0.146,0.019,0.053,0.049,0.009,0.033,0.053,0.079,0.057,0.085,0.061
18,A1_3,0.196,0.045,0.036,0.068,0.066,0.198,0.015,0.093,0.015,0.025,0.092,0.02,0.042,0.052,0.022,0.014
18,B1_1,0.145,0.055,0.015,0.077,0.135,0.15,0.024,0.063,0.021,0.009,0.039,0.045,0.054,0.064,0.073,0.031
18,B1_2,0.211,0.049,0.014,0.061,0.101,0.067,0.023,0.157,0.022,0.013,0.051,0.035,0.061,0.077,0.043,0.016
18,B1_3,0.206,0.081,0.031,0.086,0.105,0.046,0.014,0.06,0.034,0.012,0.035,0.045,0.033,0.103,0.046,0.064
18,A2_1,0.122,0.1,0.039,0.078,0.162,0.091,0.028,0.045,0.01,0.024,0.042,0.039,0.032,0.078,0.06,0.049
18,A2_2,0.171,0.019,0.007,0.026,0.089,0.076,0.063,0.192,0.022,0.015,0.063,0.023,0.069,0.082,0.058,0.024
18,A2_3,0.094,0.031,0.031,0.074,0.047,0.015,0.023,0.088,0.038,0.012,0.032,0.105,0.028,0.27,0.035,0.077
18,B2_1,0.139,0.092,0.044,0.062,0.054,0.019,0.056,0.06,0.021,0.083,0.043,0.035,0.023,0.118,0.089,0.06
18,B2_2,0.108,0.019,0.023,0.018,0.073,0.218,0.044,0.07,0.031,0.014,0.053,0.027,0.088,0.064,0.081,0.069
18,B2_3,0.046,0.018,0.02,0.056,0.02,0.107,0.05,0.16,0.031,0.029,0.065,0.131,0.104,0.107,0.04,0.015
18,y1,0.088,0.032,0.029,0.086,0.025,0.02,0.056,0.092,0.051,0.028,0.037,0.122,0.058,0.14,0.081,0.056
18,y2,0.078,0.15,0.042,0.06,0.046,0.042,0.019,0.063,0.025,0.079,0.047,0.047,0.025,0.176,0.055,0.048
18,y3,0.051,0.02,0.023,0.041,0.027,0.14,0.115,0.063,0.03,0.026,0.029,0.076,0.141,0.024,0.147,0.046
19,.,0.104,0.104,0.031,0.166,0.066,0.04,0.03,0.07,0.025,0.027,0.029,0.112,0.035,0.074,0.049,0.038
19,A1_1,0.137,0.077,0.023,0.039,0.108,0.023,0.064,0.1,0.016,0.045,0.033,0.031,0.028,0.118,0.095,0.063
19,A1_2,0.145,0.053,0.024,0.054,0.082,0.143,0.019,0.052,0.048,0.009,0.033,0.053,0.08,0.057,0.087,0.062
19,A1_3,0.21,0.043,0.036,0.064,0.066,0.189,0.015,0.092,0.015,0.025,0.093,0.019,0.041,0.053,0.022,0.015
19,B1_1,0.147,0.056,0.016,0.077,0.136,0.147,0.024,0.061,0.02,0.009,0.039,0.045,0.052,0.064,0.073,0.033
19,B1_2,0.227,0.046,0.013,0.057,0.103,0.066,0.024,0.153,0.021,0.013,0.051,0.032,0.06,0.074,0.043,0.016
19,B1_3,0.218,0.077,0.03,0.083,0.108,0.044,0.013,0.059,0.034,0.011,0.035,0.043,0.031,0.105,0.044,0.065
19,A2_1,0.129,0.102,0.039,0.078,0.164,0.083,0.027,0.042,0.01,0.024,0.041,0.038,0.03,0.08,0.061,0.052
19,A2_2,0.178,0.019,0.007,0.025,0.094,0.075,0.063,0.183,0.021,0.015,0.062,0.022,0.068,0.083,0.059,0.025
19,A2_3,0.101,0.03,0.031,0.07,0.048,0.015,0.023,0.087,0.037,0.012,0.033,0.099,0.028,0.271,0.035,0.079
19,B2_1,0.151,0.089,0.043,0.061,0.054,0.019,0.054,0.058,0.021,0.079,0.043,0.033,0.022,0.12,0.089,0.063
19,B2_2,0.107,0.02,0.023,0.018,0.073,0.21,0.046,0.07,0.031,0.014,0.052,0.028,0.088,0.065,0.084,0.071
19,B2_3,0.049,0.017,0.021,0.054,0.02,0.102,0.052,0.161,0.032,0.029,0.065,0.129,0.106,0.107,0.041,0.016
19,y1,0.097,0.031,0.031,0.081,0.024,0.02,0.055,0.091,0.052,0.029,0.038,0.113,0.056,0.144,0.08,0.059
19,y2,0.08,0.145,0.042,0.059,0.045,0.044,0.019,0.062,0.025,0.08,0.047,0.046,0.025,0.174,0.056,0.05
19,y3,0.052,0.02,0.023,0.04,0.026,0.134,0.12,0.062,0.031,0.026,0.028,0.077,0.139,0.024,0.151,0.048
20,.,0.111,0.104,0.031,0.164,0.065,0.039,0.03,0.07,0.025,0.027,0.029,0.109,0.034,0.074,0.049,0.039
20,A1_1,0.143,0.075,0.023,0.038,0.106,0.022,0.063,0.096,0.017,0.044,0.032,0.03,0.027,0.12,0.096,0.066
20,A1_2,0.146,0.052,0.024,0.053,0.081,0.142,0.02,0.051,0.048,0.009,0.032,0.053,0.081,0.055,0.089,0.063
20,A1_3,0.221,0.041,0.036,0.061,0.064,0.181,0.016,0.093,0.016,0.025,0.093,0.019,0.04,0.055,0.023,0.016
20,B1_1,0.148,0.058,0.016,0.077,0.135,0.144,0.025,0.058,0.02,0.01,0.039,0.046,0.051,0.065,0.074,0.034
20,B1_2,0.24,0.043,0.013,0.054,0.104,0.064,0.026,0.15,0.021,0.013,0.05,0.031,0.061,0.07,0.045,0.016
20,B1_3,0.23,0.074,0.03,0.081,0.107,0.042,0.013,0.058,0.034,0.01,0.034,0.042,0.029,0.105,0.043,0.067
20,A2_1,0.135,0.104,0.039,0.078,0.163,0.077,0.027,0.04,0.01,0.024,0.04,0.037,0.028,0.082,0.061,0.055
20,A2_2,0.181,0.019,0.007,0.024,0.096,0.074,0.064,0.177,0.02,0.015,0.061,0.023,0.068,0.083,0.061,0.026
20,A2_3,0.107,0.029,0.032,0.067,0.048,0.015,0.023,0.087,0.037,0.012,0.034,0.095,0.028,0.271,0.035,0.081
20,B2_1,0.161,0.085,0.042,0.06,0.052,0.018,0.053,0.056,0.022,0.077,0.043,0.031,0.021,0.123,0.089,0.065
20,B2_2,0.104,0.02,0.023,0.018,0.07,0.207,0.048,0.069,0.031,0.015,0.052,0.029,0.089,0.065,0.088,0.073
20,B2_3,0.05,0.017,0.021,0.052,0.019,0.099,0.055,0.161,0.032,0.03,0.065,0.127,0.108,0.105,0.042,0.017
20,y1,0.105,0.03,0.032,0.077,0.024,0.02,0.054,0.089,0.053,0.029,0.039,0.106,0.053,0.147,0.078,0.063
20,y2,0.081,0.143,0.043,0.058,0.044,0.044,0.02,0.061,0.025,0.082,0.047,0.046,0.025,0.17,0.058,0.052
20,y3,0.053,0.018,0.022,0.038,0.024,0.13,0.123,0.062,0.033,0.025,0.028,0.076,0.138,0.024,0.155,0.051
21,.,0.117,0.104,0.031,0.163,0.064,0.039,0.03,0.069,0.025,0.027,0.029,0.106,0.034,0.073,0.049,0.04
21,A1_1,0.15,0.074,0.023,0.038,0.104,0.022,0.061,0.093,0.017,0.043,0.032,0.029,0.026,0.122,0.097,0.069
21,A1_2,0.148,0.051,0.024,0.051,0.08,0.141,0.021,0.051,0.047,0.009,0.032,0.053,0.082,0.054,0.091,0.064
21,A1_3,0.234,0.039,0.037,0.059,0.063,0.173,0.016,0.092,0.016,0.025,0.093,0.018,0.039,0.056,0.023,0.017
21,B1_1,0.149,0.059,0.017,0.078,0.134,0.142,0.025,0.056,0.02,0.01,0.04,0.046,0.05,0.064,0.075,0.035
21,B1_2,0.254,0.04,0.013,0.051,0.104,0.063,0.027,0.147,0.02,0.012,0.05,0.029,0.061,0.067,0.045,0.017
21,B1_3,0.241,0.071,0.029,0.08,0.107,0.04,0.013,0.057,0.035,0.01,0.034,0.04,0.028,0.106,0.041,0.069
21,A2_1,0.142,0.105,0.039,0.077,0.162,0.07,0.027,0.039,0.01,0.024,0.039,0.035,0.026,0.084,0.062,0.058
21,A2_2,0.186,0.019,0.008,0.024,0.099,0.074,0.064,0.169,0.02,0.014,0.06,0.023,0.068,0.083,0.063,0.027
21,A2_3,0.112,0.028,0.032,0.065,0.048,0.015,0.024,0.087,0.038,0.012,0.034,0.091,0.028,0.269,0.035,0.083
21,B2_1,0.172,0.083,0.042,0.059,0.05,0.018,0.051,0.054,0.022,0.076,0.043,0.03,0.02,0.124,0.089,0.068
21,B2_2,0.103,0.02,0.023,0.018,0.069,0.204,0.049,0.068,0.031,0.015,0.051,0.03,0.09,0.065,0.09,0.075
21,B2_3,0.053,0.016,0.021,0.05,0.019,0.096,0.057,0.16,0.033,0.03,0.065,0.125,0.109,0.103,0.043,0.018
21,y1,0.114,0.03,0.032,0.074,0.024,0.019,0.053,0.087,0.054,0.03,0.04,0.101,0.05,0.151,0.076,0.066
21,y2,0.084,0.141,0.043,0.058,0.044,0.045,0.02,0.06,0.024,0.083,0.047,0.046,0.025,0.167,0.059,0.053
21,y3,0.054,0.018,0.021,0.037,0.024,0.127,0.124,0.061,0.034,0.025,0.027,0.076,0.136,0.024,0.158,0.053
22,.,0.124,0.104,0.032,0.161,0.064,0.038,0.029,0.068,0.026,0.027,0.029,0.103,0.033,0.072,0.049,0.04
22,A1_1,0.155,0.072,0.023,0.037,0.102,0.022,0.06,0.089,0.017,0.042,0.032,0.029,0.026,0.123,0.098,0.073
22,A1_2,0.148,0.049,0.024,0.05,0.079,0.141,0.022,0.05,0.047,0.009,0.032,0.053,0.084,0.053,0.093,0.065
22,A1_3,0.246,0.037,0.037,0.056,0.062,0.166,0.016,0.091,0.017,0.025,0.093,0.017,0.038,0.058,0.023,0.018
22,B1_1,0.149,0.06,0.018,0.078,0.133,0.141,0.025,0.054,0.02,0.011,0.04,0.046,0.049,0.064,0.075,0.037
22,B1_2,0.266,0.038,0.012,0.048,0.105,0.063,0.028,0.142,0.019,0.012,0.049,0.028,0.062,0.064,0.046,0.017
22,B1_3,0.25,0.069,0.029,0.078,0.108,0.039,0.012,0.056,0.035,0.009,0.033,0.039,0.027,0.106,0.04,0.07
22,A2_1,0.149,0.105,0.039,0.076,0.161,0.065,0.026,0.037,0.01,0.024,0.039,0.034,0.025,0.086,0.063,0.06
22,A2_2,0.189,0.019,0.008,0.023,0.102,0.074,0.065,0.161,0.019,0.014,0.059,0.023,0.069,0.083,0.064,0.029
22,A2_3,0.117,0.028,0.032,0.063,0.048,0.015,0.024,0.085,0.037,0.012,0.035,0.088,0.027,0.269,0.035,0.085
22,B2_1,0.182,0.079,0.041,0.056,0.048,0.018,0.05,0.052,0.022,0.074,0.043,0.029,0.02,0.126,0.089,0.07
22,B2_2,0.1,0.02,0.024,0.018,0.067,0.203,0.05,0.066,0.031,0.016,0.051,0.031,0.091,0.065,0.092,0.077
22,B2_3,0.056,0.015,0.022,0.049,0.019,0.092,0.06,0.159,0.034,0.031,0.065,0.122,0.111,0.102,0.044,0.02
22,y1,0.122,0.029,0.034,0.07,0.023,0.019,0.052,0.084,0.055,0.03,0.041,0.095,0.048,0.154,0.075,0.07
22,y2,0.084,0.137,0.044,0.057,0.043,0.047,0.021,0.059,0.024,0.084,0.047,0.046,0.026,0.163,0.061,0.055
22,y3,0.055,0.017,0.021,0.036,0.022,0.123,0.128,0.06,0.035,0.025,0.027,0.075,0.134,0.024,0.16,0.056
23,.,0.13,0.103,0.032,0.159,0.063,0.038,0.029,0.067,0.026,0.028,0.029,0.1,0.033,0.072,0.049,0.041
23,A1_1,0.16,0.07,0.023,0.036,0.099,0.022,0.059,0.086,0.017,0.042,0.032,0.028,0.025,0.125,0.1,0.076
23,A1_2,0.147,0.048,0.025,0.049,0.078,0.141,0.023,0.049,0.047,0.009,0.032,0.053,0.086,0.052,0.095,0.066
23,A1_3,0.256,0.036,0.037,0.053,0.06,0.159,0.016,0.091,0.017,0.025,0.093,0.016,0.037,0.059,0.024,0.02
23,B1_1,0.148,0.062,0.019,0.079,0.13,0.14,0.026,0.052,0.02,0.011,0.04,0.046,0.048,0.065,0.077,0.038
23,B1_2,0.275,0.035,0.012,0.045,0.104,0.063,0.03,0.139,0.019,0.012,0.049,0.027,0.063,0.061,0.047,0.017
23,B1_3,0.26,0.066,0.028,0.077,0.105,0.038,0.012,0.056,0.036,0.009,0.033,0.039,0.026,0.106,0.039,0.071
23,A2_1,0.155,0.106,0.04,0.075,0.157,0.06,0.026,0.035,0.01,0.024,0.038,0.033,0.023,0.089,0.064,0.064
23,A2_2,0.189,0.018,0.008,0.023,0.104,0.074,0.066,0.155,0.018,0.014,0.057,0.023,0.07,0.082,0.068,0.03
23,A2_3,0.122,0.027,0.033,0.06,0.047,0.014,0.024,0.085,0.038,0.013,0.035,0.084,0.028,0.268,0.035,0.087
23,B2_1,0.19,0.075,0.041,0.054,0.046,0.017,0.049,0.05,0.022,0.073,0.043,0.028,0.019,0.129,0.09,0.074
23,B2_2,0.096,0.02,0.024,0.018,0.064,0.199,0.053,0.066,0.031,0.016,0.05,0.032,0.092,0.064,0.097,0.079
23,B2_3,0.058,0.015,0.022,0.047,0.019,0.088,0.063,0.159,0.035,0.031,0.064,0.121,0.112,0.1,0.045,0.021
23,y1,0.129,0.028,0.036,0.066,0.022,0.019,0.05,0.081,0.056,0.031,0.042,0.089,0.046,0.158,0.073,0.074
23,y2,0.084,0.132,0.044,0.056,0.042,0.049,0.023,0.059,0.024,0.087,0.047,0.047,0.027,0.158,0.065,0.057
23,y3,0.055,0.015,0.02,0.034,0.02,0.117,0.133,0.06,0.038,0.025,0.026,0.076,0.132,0.024,0.165,0.059
24,.,0.137,0.103,0.032,0.158,0.062,0.037,0.029,0.066,0.026,0.028,0.029,0.098,0.033,0.071,0.049,0.042
24,A1_1,0.165,0.068,0.023,0.036,0.097,0.021,0.058,0.082,0.017,0.042,0.032,0.027,0.024,0.127,0.101,0.079
24,A1_2,0.146,0.047,0.025,0.048,0.077,0.14,0.024,0.048,0.046,0.01,0.032,0.054,0.087,0.052,0.098,0.067
24,A1_3,0.266,0.034,0.037,0.051,0.058,0.152,0.017,0.09,0.018,0.025,0.093,0.016,0.037,0.06,0.024,0.021
24,B1_1,0.148,0.063,0.02,0.079,0.128,0.136,0.026,0.05,0.02,0.012,0.04,0.047,0.047,0.066,0.078,0.04
24,B1_2,0.282,0.034,0.012,0.044,0.104,0.062,0.032,0.137,0.018,0.012,0.048,0.027,0.065,0.059,0.049,0.017
24,B1_3,0.269,0.063,0.028,0.076,0.103,0.036,0.012,0.055,0.037,0.009,0.032,0.038,0.026,0.104,0.038,0.073
24,A2_1,0.16,0.106,0.04,0.075,0.153,0.056,0.025,0.033,0.011,0.024,0.037,0.032,0.021,0.092,0.065,0.069
24,A2_2,0.189,0.018,0.008,0.023,0.106,0.073,0.068,0.15,0.018,0.013,0.056,0.023,0.07,0.083,0.071,0.032
24,A2_3,0.127,0.026,0.033,0.058,0.046,0.014,0.024,0.085,0.038,0.013,0.035,0.082,0.028,0.264,0.036,0.09
