,,.,A1_1,A1_2,A1_3,B1_1,B1_2,B1_3,A2_1,A2_2,A2_3,B2_1,B2_2,B2_3,y1,y2,y3
2,.,1.0,0.305,-0.04,0.096,-0.227,0.185,-0.34,0.123,0.204,0.415,-0.419,-0.386,-0.325,-0.54,-0.635,-0.623
2,A1_1,0.305,1.0,0.504,0.179,-0.008,0.119,-0.813,-0.272,0.312,0.471,-0.631,-0.578,-0.511,0.266,-0.254,-0.224
2,A1_2,-0.04,0.504,1.0,0.684,-0.404,-0.378,-0.495,0.169,0.193,0.394,-0.19,-0.243,0.212,-0.208,-0.412,-0.418
2,A1_3,0.096,0.179,0.684,1.0,-0.017,-0.105,-0.223,0.126,-0.183,0.197,-0.192,-0.332,0.204,-0.376,-0.477,-0.552
2,B1_1,-0.227,-0.008,-0.404,-0.017,1.0,0.795,0.196,-0.768,-0.519,-0.471,0.234,0.032,0.069,0.607,0.333,0.343
2,B1_2,0.185,0.119,-0.378,-0.105,0.795,1.0,-0.12,-0.906,-0.548,-0.204,0.152,0.048,0.028,0.439,0.083,0.14
2,B1_3,-0.34,-0.813,-0.495,-0.223,0.196,-0.12,1.0,0.268,-0.224,-0.739,0.666,0.629,0.542,-0.159,0.171,0.215
2,A2_1,0.123,-0.272,0.169,0.126,-0.768,-0.906,0.268,1.0,0.496,0.168,-0.157,-0.061,-0.038,-0.693,-0.258,-0.319
2,A2_2,0.204,0.312,0.193,-0.183,-0.519,-0.548,-0.224,0.496,1.0,0.14,-0.15,-0.559,-0.3,-0.315,-0.286,-0.379
2,A2_3,0.415,0.471,0.394,0.197,-0.471,-0.204,-0.739,0.168,0.14,1.0,-0.762,-0.443,-0.514,-0.055,0.021,-0.04
2,B2_1,-0.419,-0.631,-0.19,-0.192,0.234,0.152,0.666,-0.157,-0.15,-0.762,1.0,0.586,0.857,-0.06,0.039,0.082
2,B2_2,-0.386,-0.578,-0.243,-0.332,0.032,0.048,0.629,-0.061,-0.559,-0.443,0.586,1.0,0.616,0.102,0.246,0.426
2,B2_3,-0.325,-0.511,0.212,0.204,0.069,0.028,0.542,-0.038,-0.3,-0.514,0.857,0.616,1.0,-0.232,-0.154,-0.086
2,y1,-0.54,0.266,-0.208,-0.376,0.607,0.439,-0.159,-0.693,-0.315,-0.055,-0.06,0.102,-0.232,1.0,0.764,0.804
2,y2,-0.635,-0.254,-0.412,-0.477,0.333,0.083,0.171,-0.258,-0.286,0.021,0.039,0.246,-0.154,0.764,1.0,0.966
2,y3,-0.623,-0.224,-0.418,-0.552,0.343,0.14,0.215,-0.319,-0.379,-0.04,0.082,0.426,-0.086,0.804,0.966,1.0
4,.,1.0,0.31,0.391,0.554,0.044,-0.276,-0.153,0.396,0.379,0.361,-0.159,-0.428,-0.344,-0.737,-0.73,-0.821
4,A1_1,0.31,1.0,0.412,0.313,-0.163,-0.795,-0.712,0.366,-0.068,0.915,-0.639,-0.911,-0.739,0.331,0.268,0.033
4,A1_2,0.391,0.412,1.0,0.821,0.052,-0.527,-0.523,0.294,0.195,0.335,-0.16,-0.468,-0.248,-0.064,-0.125,-0.383
4,A1_3,0.554,0.313,0.821,1.0,-0.422,-0.421,-0.335,0.515,0.467,0.207,-0.03,-0.457,-0.329,-0.314,-0.264,-0.742
4,B1_1,0.044,-0.163,0.052,-0.422,1.0,0.149,0.018,-0.375,-0.272,-0.023,-0.09,0.22,0.349,-0.13,-0.272,0.291
4,B1_2,-0.276,-0.795,-0.527,-0.421,0.149,1.0,0.945,-0.455,-0.283,-0.76,0.136,0.604,0.302,-0.175,-0.008,0.081
4,B1_3,-0.153,-0.712,-0.523,-0.335,0.018,0.945,1.0,-0.517,-0.366,-0.712,0.164,0.492,0.227,-0.245,-0.02,-0.033
4,A2_1,0.396,0.366,0.294,0.515,-0.375,-0.455,-0.517,1.0,0.812,0.506,-0.311,-0.466,-0.384,-0.182,-0.197,-0.418
4,A2_2,0.379,-0.068,0.195,0.467,-0.272,-0.283,-0.366,0.812,1.0,0.037,0.234,0.033,0.154,-0.521,-0.573,-0.598
4,A2_3,0.361,0.915,0.335,0.207,-0.023,-0.76,-0.712,0.506,0.037,1.0,-0.679,-0.867,-0.715,0.273,0.187,0.068
4,B2_1,-0.159,-0.639,-0.16,-0.03,-0.09,0.136,0.164,-0.311,0.234,-0.679,1.0,0.78,0.791,-0.323,-0.389,-0.202
4,B2_2,-0.428,-0.911,-0.468,-0.457,0.22,0.604,0.492,-0.466,0.033,-0.867,0.78,1.0,0.837,-0.186,-0.239,0.131
4,B2_3,-0.344,-0.739,-0.248,-0.329,0.349,0.302,0.227,-0.384,0.154,-0.715,0.791,0.837,1.0,-0.291,-0.347,0.093
4,y1,-0.737,0.331,-0.064,-0.314,-0.13,-0.175,-0.245,-0.182,-0.521,0.273,-0.323,-0.186,-0.291,1.0,0.94,0.827
4,y2,-0.73,0.268,-0.125,-0.264,-0.272,-0.008,-0.02,-0.197,-0.573,0.187,-0.389,-0.239,-0.347,0.94,1.0,0.752
4,y3,-0.821,0.033,-0.383,-0.742,0.291,0.081,-0.033,-0.418,-0.598,0.068,-0.202,0.131,0.093,0.827,0.752,1.0
6,.,1.0,0.302,-0.218,-0.13,0.056,0.405,-0.323,-0.272,0.069,0.11,-0.547,-0.492,0.038,-0.725,-0.387,-0.671
6,A1_1,0.302,1.0,0.35,0.069,0.129,-0.466,-0.787,0.288,0.29,0.367,-0.548,-0.803,0.088,-0.67,0.212,-0.022
6,A1_2,-0.218,0.35,1.0,0.904,-0.352,-0.578,-0.514,0.22,0.212,0.204,-0.287,-0.296,-0.161,-0.15,-0.074,0.153
6,A1_3,-0.13,0.069,0.904,1.0,-0.195,-0.367,-0.239,-0.039,0.032,-0.001,-0.301,-0.058,-0.205,-0.027,-0.37,0.017
6,B1_1,0.056,0.129,-0.352,-0.195,1.0,0.205,0.416,-0.522,-0.599,-0.562,-0.269,0.06,0.149,0.106,-0.064,0.058
6,B1_2,0.405,-0.466,-0.578,-0.367,0.205,1.0,0.535,-0.492,-0.528,-0.571,0.158,0.067,0.145,0.004,-0.065,-0.449
6,B1_3,-0.323,-0.787,-0.514,-0.239,0.416,0.535,1.0,-0.434,-0.56,-0.612,0.419,0.782,-0.022,0.704,-0.196,0.029
6,A2_1,-0.272,0.288,0.22,-0.039,-0.522,-0.492,-0.434,1.0,0.799,0.71,0.422,-0.023,-0.056,-0.127,0.082,-0.086
6,A2_2,0.069,0.29,0.212,0.032,-0.599,-0.528,-0.56,0.799,1.0,0.98,-0.018,-0.102,-0.453,-0.156,-0.215,-0.072
6,A2_3,0.11,0.367,0.204,-0.001,-0.562,-0.571,-0.612,0.71,0.98,1.0,-0.159,-0.191,-0.501,-0.167,-0.156,0.029
6,B2_1,-0.547,-0.548,-0.287,-0.301,-0.269,0.158,0.419,0.422,-0.018,-0.159,1.0,0.591,0.405,0.331,0.227,-0.077
6,B2_2,-0.492,-0.803,-0.296,-0.058,0.06,0.067,0.782,-0.023,-0.102,-0.191,0.591,1.0,-0.057,0.702,-0.382,0.034
6,B2_3,0.038,0.088,-0.161,-0.205,0.149,0.145,-0.022,-0.056,-0.453,-0.501,0.405,-0.057,1.0,-0.466,0.321,-0.329
6,y1,-0.725,-0.67,-0.15,-0.027,0.106,0.004,0.704,-0.127,-0.156,-0.167,0.331,0.702,-0.466,1.0,0.041,0.616
6,y2,-0.387,0.212,-0.074,-0.37,-0.064,-0.065,-0.196,0.082,-0.215,-0.156,0.227,-0.382,0.321,0.041,1.0,0.571
6,y3,-0.671,-0.022,0.153,0.017,0.058,-0.449,0.029,-0.086,-0.072,0.029,-0.077,0.034,-0.329,0.616,0.571,1.0
8,.,1.0,0.07,0.205,-0.096,0.118,-0.053,0.289,-0.024,0.08,0.127,-0.561,-0.543,-0.533,-0.709,-0.853,-0.83
8,A1_1,0.07,1.0,0.127,0.001,-0.043,-0.31,-0.371,-0.425,-0.021,0.524,-0.426,-0.25,-0.613,0.252,0.273,0.067
8,A1_2,0.205,0.127,1.0,0.74,0.088,-0.674,-0.736,0.216,0.068,0.253,-0.314,-0.636,-0.317,-0.155,-0.293,-0.447
8,A1_3,-0.096,0.001,0.74,1.0,-0.395,-0.616,-0.513,0.082,0.166,0.424,-0.179,-0.407,-0.382,0.245,-0.006,-0.084
8,B1_1,0.118,-0.043,0.088,-0.395,1.0,0.374,0.025,-0.138,-0.612,-0.741,-0.311,-0.091,0.283,-0.3,-0.044,-0.01
8,B1_2,-0.053,-0.31,-0.674,-0.616,0.374,1.0,0.748,-0.178,-0.432,-0.717,0.269,0.62,0.244,-0.27,-0.01,0.149
8,B1_3,0.289,-0.371,-0.736,-0.513,0.025,0.748,1.0,-0.341,-0.199,-0.405,-0.029,0.445,-0.007,-0.204,-0.194,0.027
8,A2_1,-0.024,-0.425,0.216,0.082,-0.138,-0.178,-0.341,1.0,0.572,0.124,0.576,-0.262,0.47,-0.38,-0.422,-0.377
8,A2_2,0.08,-0.021,0.068,0.166,-0.612,-0.432,-0.199,0.572,1.0,0.719,0.321,-0.18,-0.038,0.104,-0.28,-0.189
8,A2_3,0.127,0.524,0.253,0.424,-0.741,-0.717,-0.405,0.124,0.719,1.0,-0.108,-0.401,-0.532,0.286,-0.047,-0.144
8,B2_1,-0.561,-0.426,-0.314,-0.179,-0.311,0.269,-0.029,0.576,0.321,-0.108,1.0,0.608,0.602,0.012,0.138,0.165
8,B2_2,-0.543,-0.25,-0.636,-0.407,-0.091,0.62,0.445,-0.262,-0.18,-0.401,0.608,1.0,0.345,0.282,0.452,0.513
8,B2_3,-0.533,-0.613,-0.317,-0.382,0.283,0.244,-0.007,0.47,-0.038,-0.532,0.602,0.345,1.0,0.066,0.265,0.372
8,y1,-0.709,0.252,-0.155,0.245,-0.3,-0.27,-0.204,-0.38,0.104,0.286,0.012,0.282,0.066,1.0,0.857,0.874
8,y2,-0.853,0.273,-0.293,-0.006,-0.044,-0.01,-0.194,-0.422,-0.28,-0.047,0.138,0.452,0.265,0.857,1.0,0.936
8,y3,-0.83,0.067,-0.447,-0.084,-0.01,0.149,0.027,-0.377,-0.189,-0.144,0.165,0.513,0.372,0.874,0.936,1.0
10,.,1.0,-0.195,0.32,-0.086,-0.148,0.009,-0.156,0.231,0.491,0.424,-0.624,0.23,-0.38,-0.802,-0.855,-0.767
10,A1_1,-0.195,1.0,0.294,0.378,0.654,-0.123,0.149,0.057,0.183,-0.031,-0.427,-0.505,-0.294,0.13,0.259,-0.129
10,A1_2,0.32,0.294,1.0,0.768,-0.034,-0.642,-0.381,0.484,0.641,0.135,-0.737,-0.637,-0.581,-0.205,-0.427,-0.1
10,A1_3,-0.086,0.378,0.768,1.0,-0.035,-0.524,-0.331,0.408,0.55,0.029,-0.287,-0.81,-0.363,0.019,-0.238,0.062
10,B1_1,-0.148,0.654,-0.034,-0.035,1.0,0.202,0.603,-0.655,-0.439,-0.614,-0.393,-0.113,0.021,-0.232,0.218,-0.338
10,B1_2,0.009,-0.123,-0.642,-0.524,0.202,1.0,0.827,-0.475,-0.34,0.015,0.302,0.726,0.031,-0.146,0.184,-0.227
10,B1_3,-0.156,0.149,-0.381,-0.331,0.603,0.827,1.0,-0.71,-0.543,-0.389,0.01,0.518,-0.101,-0.126,0.35,-0.135
10,A2_1,0.231,0.057,0.484,0.408,-0.655,-0.475,-0.71,1.0,0.867,0.846,-0.124,-0.413,-0.444,0.264,-0.247,0.147
10,A2_2,0.491,0.183,0.641,0.55,-0.439,-0.34,-0.543,0.867,1.0,0.782,-0.389,-0.448,-0.493,-0.161,-0.566,-0.274
10,A2_3,0.424,-0.031,0.135,0.029,-0.614,0.015,-0.389,0.846,0.782,1.0,-0.044,0.033,-0.45,0.093,-0.276,-0.098
10,B2_1,-0.624,-0.427,-0.737,-0.287,-0.393,0.302,0.01,-0.124,-0.389,-0.044,1.0,0.25,0.6,0.548,0.475,0.531
10,B2_2,0.23,-0.505,-0.637,-0.81,-0.113,0.726,0.518,-0.413,-0.448,0.033,0.25,1.0,0.065,-0.161,0.108,-0.077
10,B2_3,-0.38,-0.294,-0.581,-0.363,0.021,0.031,-0.101,-0.444,-0.493,-0.45,0.6,0.065,1.0,0.04,0.14,0.057
10,y1,-0.802,0.13,-0.205,0.019,-0.232,-0.146,-0.126,0.264,-0.161,0.093,0.548,-0.161,0.04,1.0,0.837,0.909
10,y2,-0.855,0.259,-0.427,-0.238,0.218,0.184,0.35,-0.247,-0.566,-0.276,0.475,0.108,0.14,0.837,1.0,0.758
10,y3,-0.767,-0.129,-0.1,0.062,-0.338,-0.227,-0.135,0.147,-0.274,-0.098,0.531,-0.077,0.057,0.909,0.758,1.0
12,.,1.0,0.264,0.386,0.359,0.075,-0.183,-0.473,0.127,0.324,0.207,-0.368,-0.614,-0.063,-0.71,-0.777,-0.665
12,A1_1,0.264,1.0,0.207,0.56,0.034,0.227,-0.495,0.132,0.453,0.455,-0.672,-0.484,-0.523,-0.048,-0.314,0.093
12,A1_2,0.386,0.207,1.0,0.71,0.074,-0.494,-0.598,0.31,0.111,-0.135,-0.322,-0.605,-0.555,-0.243,-0.497,-0.108
12,A1_3,0.359,0.56,0.71,1.0,-0.223,-0.072,-0.6,0.382,0.341,0.333,-0.846,-0.856,-0.435,0.043,-0.317,0.14
12,B1_1,0.075,0.034,0.074,-0.223,1.0,-0.162,0.273,-0.75,-0.605,-0.61,0.118,-0.126,-0.198,-0.097,0.131,0.069
12,B1_2,-0.183,0.227,-0.494,-0.072,-0.162,1.0,0.466,-0.299,-0.085,0.008,-0.325,0.114,0.361,0.39,0.201,0.214
12,B1_3,-0.473,-0.495,-0.598,-0.6,0.273,0.466,1.0,-0.572,-0.803,-0.453,0.27,0.445,0.716,0.288,0.483,0.098
12,A2_1,0.127,0.132,0.31,0.382,-0.75,-0.299,-0.572,1.0,0.713,0.739,-0.154,-0.01,-0.007,-0.37,-0.505,-0.365
12,A2_2,0.324,0.453,0.111,0.341,-0.605,-0.085,-0.803,0.713,1.0,0.763,-0.211,-0.096,-0.335,-0.266,-0.418,-0.182
12,A2_3,0.207,0.455,-0.135,0.333,-0.61,0.008,-0.453,0.739,0.763,1.0,-0.422,-0.138,0.093,-0.286,-0.335,-0.259
12,B2_1,-0.368,-0.672,-0.322,-0.846,0.118,-0.325,0.27,-0.154,-0.211,-0.422,1.0,0.819,0.113,-0.051,0.246,-0.091
12,B2_2,-0.614,-0.484,-0.605,-0.856,-0.126,0.114,0.445,-0.01,-0.096,-0.138,0.819,1.0,0.342,0.081,0.311,-0.021
12,B2_3,-0.063,-0.523,-0.555,-0.435,-0.198,0.361,0.716,-0.007,-0.335,0.093,0.113,0.342,1.0,-0.178,0.016,-0.414
12,y1,-0.71,-0.048,-0.243,0.043,-0.097,0.39,0.288,-0.37,-0.266,-0.286,-0.051,0.081,-0.178,1.0,0.862,0.943
12,y2,-0.777,-0.314,-0.497,-0.317,0.131,0.201,0.483,-0.505,-0.418,-0.335,0.246,0.311,0.016,0.862,1.0,0.842
12,y3,-0.665,0.093,-0.108,0.14,0.069,0.214,0.098,-0.365,-0.182,-0.259,-0.091,-0.021,-0.414,0.943,0.842,1.0
14,.,1.0,-0.319,-0.004,-0.196,0.01,0.024,0.013,-0.337,-0.184,-0.064,0.251,0.237,0.479,-0.816,-0.663,-0.58
14,A1_1,-0.319,1.0,0.274,0.281,0.361,-0.037,-0.076,0.085,0.169,0.645,-0.572,-0.35,-0.466,-0.18,-0.219,-0.384
14,A1_2,-0.004,0.274,1.0,0.688,0.181,-0.676,-0.267,0.11,0.02,0.146,-0.589,-0.442,-0.131,-0.113,-0.099,-0.137
14,A1_3,-0.196,0.281,0.688,1.0,0.127,-0.778,-0.362,0.153,0.262,-0.179,-0.859,-0.749,-0.427,-0.026,-0.189,-0.008
14,B1_1,0.01,0.361,0.181,0.127,1.0,0.075,0.801,-0.711,-0.533,-0.28,-0.227,0.233,0.23,-0.3,-0.197,0.047
14,B1_2,0.024,-0.037,-0.676,-0.778,0.075,1.0,0.492,-0.369,-0.527,0.076,0.402,0.431,-0.059,0.047,-0.073,-0.057
14,B1_3,0.013,-0.076,-0.267,-0.362,0.801,0.492,1.0,-0.793,-0.743,-0.473,0.258,0.566,0.42,-0.049,0.053,0.293
14,A2_1,-0.337,0.085,0.11,0.153,-0.711,-0.369,-0.793,1.0,0.859,0.511,0.01,-0.265,-0.301,0.242,0.237,-0.144
14,A2_2,-0.184,0.169,0.02,0.262,-0.533,-0.527,-0.743,0.859,1.0,0.403,-0.045,-0.189,-0.195,0.01,0.064,-0.163
14,A2_3,-0.064,0.645,0.146,-0.179,-0.28,0.076,-0.473,0.511,0.403,1.0,-0.036,-0.125,-0.256,-0.158,-0.081,-0.561
14,B2_1,0.251,-0.572,-0.589,-0.859,-0.227,0.402,0.258,0.01,-0.045,-0.036,1.0,0.794,0.718,0.059,0.362,0.163
14,B2_2,0.237,-0.35,-0.442,-0.749,0.233,0.431,0.566,-0.265,-0.189,-0.125,0.794,1.0,0.633,-0.108,0.137,0.19
14,B2_3,0.479,-0.466,-0.131,-0.427,0.23,-0.059,0.42,-0.301,-0.195,-0.256,0.718,0.633,1.0,-0.259,0.201,0.097
14,y1,-0.816,-0.18,-0.113,-0.026,-0.3,0.047,-0.049,0.242,0.01,-0.158,0.059,-0.108,-0.259,1.0,0.861,0.82
14,y2,-0.663,-0.219,-0.099,-0.189,-0.197,-0.073,0.053,0.237,0.064,-0.081,0.362,0.137,0.201,0.861,1.0,0.787
14,y3,-0.58,-0.384,-0.137,-0.008,0.047,-0.057,0.293,-0.144,-0.163,-0.561,0.163,0.19,0.097,0.82,0.787,1.0
16,.,1.0,-0.251,-0.064,0.384,-0.227,-0.365,-0.151,0.198,0.291,-0.068,-0.45,0.174,-0.25,-0.634,-0.733,-0.725
16,A1_1,-0.251,1.0,0.217,0.103,0.082,0.272,0.0,0.13,0.494,0.594,0.021,-0.492,-0.073,0.004,0.047,0.248
16,A1_2,-0.064,0.217,1.0,0.623,-0.133,-0.198,-0.275,0.303,0.451,0.156,-0.74,-0.755,-0.812,0.202,-0.206,0.219
16,A1_3,0.384,0.103,0.623,1.0,-0.067,-0.632,-0.44,0.242,0.313,-0.096,-0.919,-0.531,-0.739,-0.092,-0.453,-0.218
16,B1_1,-0.227,0.082,-0.133,-0.067,1.0,0.439,0.637,-0.895,-0.737,-0.685,0.064,0.157,0.462,-0.078,0.015,-0.008
16,B1_2,-0.365,0.272,-0.198,-0.632,0.439,1.0,0.828,-0.612,-0.266,-0.093,0.621,0.07,0.552,-0.341,-0.072,-0.096
16,B1_3,-0.151,0.0,-0.275,-0.44,0.637,0.828,1.0,-0.846,-0.513,-0.488,0.418,0.38,0.677,-0.469,-0.186,-0.239
16,A2_1,0.198,0.13,0.303,0.242,-0.895,-0.612,-0.846,1.0,0.826,0.79,-0.275,-0.321,-0.62,0.309,0.115,0.237
16,A2_2,0.291,0.494,0.451,0.313,-0.737,-0.266,-0.513,0.826,1.0,0.855,-0.327,-0.488,-0.599,-0.067,-0.218,0.036
16,A2_3,-0.068,0.594,0.156,-0.096,-0.685,-0.093,-0.488,0.79,0.855,1.0,0.115,-0.361,-0.273,0.191,0.218,0.342
16,B2_1,-0.45,0.021,-0.74,-0.919,0.064,0.621,0.418,-0.275,-0.327,0.115,1.0,0.441,0.796,-0.003,0.437,0.121
16,B2_2,0.174,-0.492,-0.755,-0.531,0.157,0.07,0.38,-0.321,-0.488,-0.361,0.441,1.0,0.707,-0.065,0.187,-0.086
16,B2_3,-0.25,-0.073,-0.812,-0.739,0.462,0.552,0.677,-0.62,-0.599,-0.273,0.796,0.707,1.0,-0.153,0.342,0.028
16,y1,-0.634,0.004,0.202,-0.092,-0.078,-0.341,-0.469,0.309,-0.067,0.191,-0.003,-0.065,-0.153,1.0,0.836,0.898
16,y2,-0.733,0.047,-0.206,-0.453,0.015,-0.072,-0.186,0.115,-0.218,0.218,0.437,0.187,0.342,0.836,1.0,0.889
16,y3,-0.725,0.248,0.219,-0.218,-0.008,-0.096,-0.239,0.237,0.036,0.342,0.121,-0.086,0.028,0.898,0.889,1.0
18,.,1.0,0.104,0.031,0.136,0.074,-0.377,-0.173,0.185,0.188,0.303,-0.136,-0.43,-0.155,-0.749,-0.882,-0.491
18,A1_1,0.104,1.0,-0.339,0.109,0.068,-0.317,-0.549,0.263,0.051,0.589,-0.149,-0.808,-0.494,-0.373,-0.255,0.521
18,A1_2,0.031,-0.339,1.0,0.525,0.147,0.331,-0.026,0.106,0.029,-0.385,-0.74,0.058,-0.452,-0.161,0.02,-0.519
18,A1_3,0.136,0.109,0.525,1.0,-0.342,-0.529,-0.604,0.553,0.458,0.185,-0.675,-0.467,-0.68,-0.244,-0.167,0.031
18,B1_1,0.074,0.068,0.147,-0.342,1.0,0.601,0.503,-0.759,-0.912,-0.493,-0.134,0.04,0.154,-0.232,-0.312,-0.261
18,B1_2,-0.377,-0.317,0.331,-0.529,0.601,1.0,0.63,-0.664,-0.626,-0.661,-0.092,0.467,0.2,0.363,0.416,-0.26
18,B1_3,-0.173,-0.549,-0.026,-0.604,0.503,0.63,1.0,-0.814,-0.572,-0.562,0.325,0.567,0.449,0.408,0.164,-0.17
18,A2_1,0.185,0.263,0.106,0.553,-0.759,-0.664,-0.814,1.0,0.89,0.726,-0.083,-0.305,-0.425,-0.364,-0.105,-0.024
18,A2_2,0.188,0.051,0.029,0.458,-0.912,-0.626,-0.572,0.89,1.0,0.679,0.001,-0.224,-0.404,-0.079,0.041,0.045
18,A2_3,0.303,0.589,-0.385,0.185,-0.493,-0.661,-0.562,0.726,0.679,1.0,0.271,-0.491,-0.381,-0.413,-0.32,0.174
18,B2_1,-0.136,-0.149,-0.74,-0.675,-0.134,-0.092,0.325,-0.083,0.001,0.271,1.0,0.516,0.717,0.153,0.059,0.039
18,B2_2,-0.43,-0.808,0.058,-0.467,0.04,0.467,0.567,-0.305,-0.224,-0.491,0.516,1.0,0.752,0.42,0.43,-0.388
18,B2_3,-0.155,-0.494,-0.452,-0.68,0.154,0.2,0.449,-0.425,-0.404,-0.381,0.717,0.752,1.0,0.219,0.105,-0.184
18,y1,-0.749,-0.373,-0.161,-0.244,-0.232,0.363,0.408,-0.364,-0.079,-0.413,0.153,0.42,0.219,1.0,0.892,0.495
18,y2,-0.882,-0.255,0.02,-0.167,-0.312,0.416,0.164,-0.105,0.041,-0.32,0.059,0.43,0.105,0.892,1.0,0.435
18,y3,-0.491,0.521,-0.519,0.031,-0.261,-0.26,-0.17,-0.024,0.045,0.174,0.039,-0.388,-0.184,0.495,0.435,1.0
20,.,1.0,0.118,0.329,0.086,-0.133,-0.321,0.024,0.302,0.3,0.409,-0.327,-0.323,-0.214,-0.701,-0.49,-0.654
20,A1_1,0.118,1.0,0.238,-0.086,0.052,-0.148,0.05,-0.02,0.067,0.367,-0.542,-0.168,-0.448,-0.041,-0.243,0.031
20,A1_2,0.329,0.238,1.0,0.727,-0.288,-0.515,-0.414,0.166,0.135,-0.036,-0.672,-0.855,-0.707,-0.295,-0.057,-0.432
20,A1_3,0.086,-0.086,0.727,1.0,-0.004,-0.53,-0.321,0.442,0.139,0.017,-0.364,-0.631,-0.259,-0.27,-0.244,-0.332
20,B1_1,-0.133,0.052,-0.288,-0.004,1.0,0.244,0.715,-0.453,-0.724,-0.276,-0.044,0.386,0.471,-0.206,-0.274,0.196
20,B1_2,-0.321,-0.148,-0.515,-0.53,0.244,1.0,0.327,-0.594,-0.453,-0.635,0.064,0.612,0.153,0.208,0.247,0.023
20,B1_3,0.024,0.05,-0.414,-0.321,0.715,0.327,1.0,-0.358,-0.715,-0.232,0.323,0.724,0.691,-0.482,-0.508,-0.15
20,A2_1,0.302,-0.02,0.166,0.442,-0.453,-0.594,-0.358,1.0,0.805,0.756,0.132,-0.273,0.004,-0.143,-0.357,-0.271
20,A2_2,0.3,0.067,0.135,0.139,-0.724,-0.453,-0.715,0.805,1.0,0.761,-0.067,-0.447,-0.372,0.23,0.094,-0.027
20,A2_3,0.409,0.367,-0.036,0.017,-0.276,-0.635,-0.232,0.756,0.761,1.0,0.023,-0.216,-0.047,-0.031,-0.296,0.068
20,B2_1,-0.327,-0.542,-0.672,-0.364,-0.044,0.064,0.323,0.132,-0.067,0.023,1.0,0.689,0.838,0.053,-0.086,0.171
20,B2_2,-0.323,-0.168,-0.855,-0.631,0.386,0.612,0.724,-0.273,-0.447,-0.216,0.689,1.0,0.803,-0.038,-0.224,0.097
20,B2_3,-0.214,-0.448,-0.707,-0.259,0.471,0.153,0.691,0.004,-0.372,-0.047,0.838,0.803,1.0,-0.204,-0.364,0.094
20,y1,-0.701,-0.041,-0.295,-0.27,-0.206,0.208,-0.482,-0.143,0.23,-0.031,0.053,-0.038,-0.204,1.0,0.857,0.833
20,y2,-0.49,-0.243,-0.057,-0.244,-0.274,0.247,-0.508,-0.357,0.094,-0.296,-0.086,-0.224,-0.364,0.857,1.0,0.643
20,y3,-0.654,0.031,-0.432,-0.332,0.196,0.023,-0.15,-0.271,-0.027,0.068,0.171,0.097,0.094,0.833,0.643,1.0
22,.,1.0,-0.223,0.135,0.178,0.124,0.06,-0.187,-0.05,-0.013,0.174,-0.177,0.04,-0.043,-0.881,-0.606,-0.451
22,A1_1,-0.223,1.0,0.005,0.125,-0.074,-0.514,-0.163,0.242,0.009,0.399,-0.252,-0.55,-0.272,-0.044,0.041,-0.329
22,A1_2,0.135,0.005,1.0,0.796,-0.104,0.181,0.036,-0.071,0.271,-0.096,-0.602,0.029,-0.743,-0.243,-0.302,0.034
22,A1_3,0.178,0.125,0.796,1.0,0.059,-0.162,-0.443,0.065,0.028,0.086,-0.513,-0.403,-0.527,-0.088,-0.024,0.219
22,B1_1,0.124,-0.074,-0.104,0.059,1.0,0.17,0.288,-0.547,-0.686,-0.411,-0.158,-0.433,0.237,-0.011,0.174,0.082
22,B1_2,0.06,-0.514,0.181,-0.162,0.17,1.0,0.635,-0.67,-0.351,-0.422,-0.027,0.629,0.001,-0.14,-0.035,0.244
22,B1_3,-0.187,-0.163,0.036,-0.443,0.288,0.635,1.0,-0.651,-0.09,-0.636,-0.089,0.386,0.113,-0.107,-0.306,-0.275
22,A2_1,-0.05,0.242,-0.071,0.065,-0.547,-0.67,-0.651,1.0,0.669,0.825,-0.179,-0.274,-0.402,0.12,0.074,0.09
22,A2_2,-0.013,0.009,0.271,0.028,-0.686,-0.351,-0.09,0.669,1.0,0.352,-0.316,0.095,-0.418,-0.123,-0.501,-0.286
22,A2_3,0.174,0.399,-0.096,0.086,-0.411,-0.422,-0.636,0.825,0.352,1.0,-0.321,-0.316,-0.455,-0.154,0.075,0.088
22,B2_1,-0.177,-0.252,-0.602,-0.513,-0.158,-0.027,-0.089,-0.179,-0.316,-0.321,1.0,0.467,0.7,0.348,0.363,0.054
22,B2_2,0.04,-0.55,0.029,-0.403,-0.433,0.629,0.386,-0.274,0.095,-0.316,0.467,1.0,0.073,-0.092,-0.133,-0.002
22,B2_3,-0.043,-0.272,-0.743,-0.527,0.237,0.001,0.113,-0.402,-0.418,-0.455,0.7,0.073,1.0,0.194,0.103,-0.112
22,y1,-0.881,-0.044,-0.243,-0.088,-0.011,-0.14,-0.107,0.12,-0.123,-0.154,0.348,-0.092,0.194,1.0,0.81,0.698
22,y2,-0.606,0.041,-0.302,-0.024,0.174,-0.035,-0.306,0.074,-0.501,0.075,0.363,-0.133,0.103,0.81,1.0,0.813
22,y3,-0.451,-0.329,0.034,0.219,0.082,0.244,-0.275,0.09,-0.286,0.088,0.054,-0.002,-0.112,0.698,0.813,1.0
24,.,1.0,-0.061,0.326,0.333,0.026,-0.215,-0.339,0.152,0.393,0.151,-0.275,-0.514,-0.538,-0.813,-0.746,-0.819
24,A1_1,-0.061,1.0,0.252,0.045,-0.307,-0.756,-0.669,0.491,0.31,0.495,0.164,-0.255,0.294,0.251,-0.041,-0.082
24,A1_2,0.326,0.252,1.0,0.744,0.19,-0.351,-0.066,0.296,0.242,0.051,-0.47,-0.422,-0.304,-0.014,-0.128,-0.393
24,A1_3,0.333,0.045,0.744,1.0,0.11,-0.084,-0.237,0.271,0.334,0.185,-0.794,-0.79,-0.641,-0.06,0.18,-0.109
24,B1_1,0.026,-0.307,0.19,0.11,1.0,-0.042,0.375,-0.418,-0.106,-0.438,-0.032,0.226,0.407,0.098,-0.025,-0.152
24,B1_2,-0.215,-0.756,-0.351,-0.084,-0.042,1.0,0.653,-0.637,-0.708,-0.678,-0.073,0.165,-0.219,-0.122,0.19,0.274
24,B1_3,-0.339,-0.669,-0.066,-0.237,0.375,0.653,1.0,-0.76,-0.752,-0.731,0.172,0.609,0.2,0.066,0.003,0.183
24,A2_1,0.152,0.491,0.296,0.271,-0.418,-0.637,-0.76,1.0,0.866,0.788,-0.322,-0.411,-0.309,0.208,0.218,-0.011
24,A2_2,0.393,0.31,0.242,0.334,-0.106,-0.708,-0.752,0.866,1.0,0.837,-0.375,-0.455,-0.348,-0.004,0.052,-0.143
24,A2_3,0.151,0.495,0.051,0.185,-0.438,-0.678,-0.731,0.788,0.837,1.0,-0.252,-0.417,-0.307,0.114,0.122,0.152
24,B2_1,-0.275,0.164,-0.47,-0.794,-0.032,-0.073,0.172,-0.322,-0.375,-0.252,1.0,0.775,0.688,-0.132,-0.335,-0.169
24,B2_2,-0.514,-0.255,-0.422,-0.79,0.226,0.165,0.609,-0.411,-0.455,-0.417,0.775,1.0,0.686,0.185,-0.039,0.135
24,B2_3,-0.538,0.294,-0.304,-0.641,0.407,-0.219,0.2,-0.309,-0.348,-0.307,0.688,0.686,1.0,0.444,0.051,0.137
24,y1,-0.813,0.251,-0.014,-0.06,0.098,-0.122,0.066,0.208,-0.004,0.114,-0.132,0.185,0.444,1.0,0.815,0.779
24,y2,-0.746,-0.041,-0.128,0.18,-0.025,0.19,0.003,0.218,0.052,0.122,-0.335,-0.039,0.051,0.815,1.0,0.861
24,y3,-0.819,-0.082,-0.393,-0.109,-0.152,0.274,0.183,-0.011,-0.143,0.152,-0.169,0.135,0.137,0.779,0.861,1.0
26,.,1.0,0.038,0.039,-0.094,0.147,-0.169,-0.164,0.176,0.211,-0.049,-0.258,-0.282,-0.198,-0.713,-0.703,-0.825
26,A1_1,0.038,1.0,0.311,0.531,-0.273,-0.529,-0.461,0.4,0.621,0.581,-0.543,-0.7,-0.528,-0.068,0.234,-0.303
26,A1_2,0.039,0.311,1.0,0.452,0.089,0.333,-0.187,0.115,0.16,0.066,-0.388,-0.25,-0.45,-0.337,-0.399,-0.228
26,A1_3,-0.094,0.531,0.452,1.0,-0.309,-0.118,-0.38,0.238,0.223,0.497,-0.685,-0.782,-0.87,0.206,0.307,-0.127
26,B1_1,0.147,-0.273,0.089,-0.309,1.0,0.139,0.228,-0.418,-0.336,-0.611,-0.14,0.215,0.311,-0.508,-0.082,0.051
26,B1_2,-0.169,-0.529,0.333,-0.118,0.139,1.0,0.28,-0.174,-0.305,-0.285,-0.056,0.459,-0.088,-0.226,-0.398,0.041
26,B1_3,-0.164,-0.461,-0.187,-0.38,0.228,0.28,1.0,-0.755,-0.623,-0.739,0.217,0.702,0.304,0.231,-0.047,-0.05
26,A2_1,0.176,0.4,0.115,0.238,-0.418,-0.174,-0.755,1.0,0.928,0.91,-0.03,-0.615,-0.269,-0.096,-0.125,-0.033
26,A2_2,0.211,0.621,0.16,0.223,-0.336,-0.305,-0.623,0.928,1.0,0.86,-0.15,-0.639,-0.298,-0.156,-0.108,-0.186
26,A2_3,-0.049,0.581,0.066,0.497,-0.611,-0.285,-0.739,0.91,0.86,1.0,-0.172,-0.729,-0.455,0.179,0.194,0.042
26,B2_1,-0.258,-0.543,-0.388,-0.685,-0.14,-0.056,0.217,-0.03,-0.15,-0.172,1.0,0.631,0.857,0.4,-0.035,0.532
26,B2_2,-0.282,-0.7,-0.25,-0.782,0.215,0.459,0.702,-0.615,-0.639,-0.729,0.631,1.0,0.727,0.098,-0.172,0.283
26,B2_3,-0.198,-0.528,-0.45,-0.87,0.311,-0.088,0.304,-0.269,-0.298,-0.455,0.857,0.727,1.0,0.123,0.019,0.504
26,y1,-0.713,-0.068,-0.337,0.206,-0.508,-0.226,0.231,-0.096,-0.156,0.179,0.4,0.098,0.123,1.0,0.692,0.609
26,y2,-0.703,0.234,-0.399,0.307,-0.082,-0.398,-0.047,-0.125,-0.108,0.194,-0.035,-0.172,0.019,0.692,1.0,0.635
26,y3,-0.825,-0.303,-0.228,-0.127,0.051,0.041,-0.05,-0.033,-0.186,0.042,0.532,0.283,0.504,0.609,0.635,1.0
28,.,1.0,-0.25,-0.115,-0.01,-0.266,0.263,-0.055,-0.353,0.032,-0.241,0.139,0.274,0.164,-0.826,-0.798,-0.8
28,A1_1,-0.25,1.0,0.687,0.366,0.01,-0.338,-0.421,0.565,0.57,0.582,-0.426,-0.574,-0.455,0.049,0.066,-0.021
28,A1_2,-0.115,0.687,1.0,0.711,-0.139,0.352,-0.674,0.284,0.441,0.351,-0.682,-0.423,-0.382,-0.1,-0.145,0.048
28,A1_3,-0.01,0.366,0.711,1.0,0.154,0.374,-0.456,0.309,0.392,0.256,-0.626,-0.552,-0.008,-0.381,-0.469,-0.194
28,B1_1,-0.266,0.01,-0.139,0.154,1.0,0.162,0.685,-0.033,-0.531,-0.45,0.123,0.107,0.375,-0.023,0.065,-0.178
28,B1_2,0.263,-0.338,0.352,0.374,0.162,1.0,-0.057,-0.58,-0.48,-0.62,-0.301,0.255,0.172,-0.301,-0.301,-0.081
28,B1_3,-0.055,-0.421,-0.674,-0.456,0.685,-0.057,1.0,-0.262,-0.66,-0.484,0.438,0.518,0.242,-0.05,0.063,-0.189
28,A2_1,-0.353,0.565,0.284,0.309,-0.033,-0.58,-0.262,1.0,0.695,0.732,0.115,-0.308,0.046,0.139,0.118,-0.054
28,A2_2,0.032,0.57,0.441,0.392,-0.531,-0.48,-0.66,0.695,1.0,0.933,-0.268,-0.458,-0.392,-0.118,-0.242,-0.127
28,A2_3,-0.241,0.582,0.351,0.256,-0.45,-0.62,-0.484,0.732,0.933,1.0,-0.293,-0.458,-0.545,0.088,-0.029,0.09
28,B2_1,0.139,-0.426,-0.682,-0.626,0.123,-0.301,0.438,0.115,-0.268,-0.293,1.0,0.658,0.681,0.17,0.255,-0.216
28,B2_2,0.274,-0.574,-0.423,-0.552,0.107,0.255,0.518,-0.308,-0.458,-0.458,0.658,1.0,0.305,-0.026,0.029,-0.232
28,B2_3,0.164,-0.455,-0.382,-0.008,0.375,0.172,0.242,0.046,-0.392,-0.545,0.681,0.305,1.0,-0.051,0.017,-0.274
28,y1,-0.826,0.049,-0.1,-0.381,-0.023,-0.301,-0.05,0.139,-0.118,0.088,0.17,-0.026,-0.051,1.0,0.973,0.876
28,y2,-0.798,0.066,-0.145,-0.469,0.065,-0.301,0.063,0.118,-0.242,-0.029,0.255,0.029,0.017,0.973,1.0,0.817
28,y3,-0.8,-0.021,0.048,-0.194,-0.178,-0.081,-0.189,-0.054,-0.127,0.09,-0.216,-0.232,-0.274,0.876,0.817,1.0
30,.,1.0,0.106,-0.128,0.021,-0.213,-0.436,-0.248,0.089,0.032,0.056,-0.115,-0.442,0.003,-0.698,-0.748,-0.612
30,A1_1,0.106,1.0,0.666,0.223,0.098,-0.235,-0.637,0.474,0.539,0.444,-0.735,-0.145,-0.488,-0.016,-0.258,0.016
30,A1_2,-0.128,0.666,1.0,0.667,0.098,0.098,-0.495,0.359,0.406,0.058,-0.596,0.222,-0.529,0.082,-0.162,-0.021
30,A1_3,0.021,0.223,0.667,1.0,0.061,0.214,-0.307,0.099,0.191,-0.343,-0.532,0.148,-0.726,0.222,0.12,0.041
30,B1_1,-0.213,0.098,0.098,0.061,1.0,0.38,0.435,-0.664,-0.65,-0.606,-0.172,0.254,0.317,0.163,0.143,0.123
30,B1_2,-0.436,-0.235,0.098,0.214,0.38,1.0,0.655,-0.474,-0.416,-0.499,0.246,0.614,-0.085,0.084,0.218,-0.142
30,B1_3,-0.248,-0.637,-0.495,-0.307,0.435,0.655,1.0,-0.608,-0.761,-0.45,0.733,0.624,0.585,-0.193,0.065,-0.294
30,A2_1,0.089,0.474,0.359,0.099,-0.664,-0.474,-0.608,1.0,0.92,0.887,-0.251,0.002,-0.416,-0.214,-0.261,-0.107
30,A2_2,0.032,0.539,0.406,0.191,-0.65,-0.416,-0.761,0.92,1.0,0.795,-0.492,-0.237,-0.619,0.02,-0.06,0.135
30,A2_3,0.056,0.444,0.058,-0.343,-0.606,-0.499,-0.45,0.887,0.795,1.0,-0.067,-0.077,-0.143,-0.262,-0.27,-0.094
30,B2_1,-0.115,-0.735,-0.596,-0.532,-0.172,0.246,0.733,-0.251,-0.492,-0.067,1.0,0.451,0.646,-0.317,-0.108,-0.383
30,B2_2,-0.442,-0.145,0.222,0.148,0.254,0.614,0.624,0.002,-0.237,-0.077,0.451,1.0,0.158,-0.2,-0.067,-0.374
30,B2_3,0.003,-0.488,-0.529,-0.726,0.317,-0.085,0.585,-0.416,-0.619,-0.143,0.646,0.158,1.0,-0.308,-0.205,-0.189
30,y1,-0.698,-0.016,0.082,0.222,0.163,0.084,-0.193,-0.214,0.02,-0.262,-0.317,-0.2,-0.308,1.0,0.933,0.941
30,y2,-0.748,-0.258,-0.162,0.12,0.143,0.218,0.065,-0.261,-0.06,-0.27,-0.108,-0.067,-0.205,0.933,1.0,0.885
30,y3,-0.612,0.016,-0.021,0.041,0.123,-0.142,-0.294,-0.107,0.135,-0.094,-0.383,-0.374,-0.189,0.941,0.885,1.0
32,.,1.0,0.16,0.108,0.009,0.138,-0.321,-0.04,-0.227,0.102,-0.277,-0.148,-0.111,0.17,-0.82,-0.744,-0.334
32,A1_1,0.16,1.0,0.433,0.721,0.169,-0.291,-0.237,0.006,0.335,0.384,-0.428,-0.766,-0.622,-0.085,-0.206,-0.432
32,A1_2,0.108,0.433,1.0,0.599,0.437,0.031,0.188,0.527,0.039,0.073,-0.42,-0.52,-0.321,-0.231,-0.31,0.044
32,A1_3,0.009,0.721,0.599,1.0,0.096,-0.226,0.264,0.474,0.348,0.418,-0.518,-0.866,-0.833,-0.073,-0.276,-0.312
32,B1_1,0.138,0.169,0.437,0.096,1.0,-0.01,0.511,-0.293,-0.222,-0.227,-0.314,-0.293,0.234,0.097,-0.086,0.152
32,B1_2,-0.321,-0.291,0.031,-0.226,-0.01,1.0,0.21,0.002,-0.334,-0.428,0.013,0.577,-0.058,-0.041,0.252,0.029
32,B1_3,-0.04,-0.237,0.188,0.264,0.511,0.21,1.0,0.005,-0.365,-0.275,-0.07,-0.117,-0.01,0.051,-0.128,-0.033
32,A2_1,-0.227,0.006,0.527,0.474,-0.293,0.002,0.005,1.0,0.489,0.524,-0.301,-0.333,-0.534,-0.151,-0.224,0.093
32,A2_2,0.102,0.335,0.039,0.348,-0.222,-0.334,-0.365,0.489,1.0,0.687,-0.648,-0.509,-0.59,-0.203,-0.268,-0.055
32,A2_3,-0.277,0.384,0.073,0.418,-0.227,-0.428,-0.275,0.524,0.687,1.0,-0.118,-0.586,-0.501,0.091,-0.224,-0.323
32,B2_1,-0.148,-0.428,-0.42,-0.518,-0.314,0.013,-0.07,-0.301,-0.648,-0.118,1.0,0.55,0.601,0.109,0.069,-0.242
32,B2_2,-0.111,-0.766,-0.52,-0.866,-0.293,0.577,-0.117,-0.333,-0.509,-0.586,0.55,1.0,0.626,-0.002,0.322,0.228
32,B2_3,0.17,-0.622,-0.321,-0.833,0.234,-0.058,-0.01,-0.534,-0.59,-0.501,0.601,0.626,1.0,0.065,0.106,0.298
32,y1,-0.82,-0.085,-0.231,-0.073,0.097,-0.041,0.051,-0.151,-0.203,0.091,0.109,-0.002,0.065,1.0,0.873,0.523
32,y2,-0.744,-0.206,-0.31,-0.276,-0.086,0.252,-0.128,-0.224,-0.268,-0.224,0.069,0.322,0.106,0.873,1.0,0.652
32,y3,-0.334,-0.432,0.044,-0.312,0.152,0.029,-0.033,0.093,-0.055,-0.323,-0.242,0.228,0.298,0.523,0.652,1.0
34,.,1.0,0.071,0.269,-0.032,-0.455,-0.402,0.0,0.141,0.033,0.017,-0.171,-0.104,-0.328,-0.814,-0.797,-0.752
34,A1_1,0.071,1.0,0.165,0.847,-0.02,-0.353,-0.208,0.123,0.232,0.338,-0.457,-0.416,-0.243,-0.167,-0.086,-0.429
34,A1_2,0.269,0.165,1.0,0.325,-0.164,-0.135,-0.429,0.233,0.246,-0.182,-0.517,-0.301,-0.527,-0.24,-0.162,-0.064
34,A1_3,-0.032,0.847,0.325,1.0,-0.257,-0.216,-0.437,0.264,0.272,0.361,-0.721,-0.575,-0.631,0.122,-0.015,-0.164
34,B1_1,-0.455,-0.02,-0.164,-0.257,1.0,-0.07,0.202,-0.239,0.167,-0.148,0.161,-0.052,0.594,0.121,0.468,0.373
34,B1_2,-0.402,-0.353,-0.135,-0.216,-0.07,1.0,0.337,-0.353,-0.539,-0.502,0.328,0.71,0.059,0.402,0.076,0.379
34,B1_3,0.0,-0.208,-0.429,-0.437,0.202,0.337,1.0,-0.777,-0.74,-0.443,0.237,0.739,0.455,0.171,0.237,0.214
34,A2_1,0.141,0.123,0.233,0.264,-0.239,-0.353,-0.777,1.0,0.896,0.799,-0.226,-0.495,-0.492,-0.28,-0.188,-0.326
34,A2_2,0.033,0.232,0.246,0.272,0.167,-0.539,-0.74,0.896,1.0,0.758,-0.291,-0.664,-0.307,-0.274,-0.018,-0.221
34,A2_3,0.017,0.338,-0.182,0.361,-0.148,-0.502,-0.443,0.799,0.758,1.0,-0.277,-0.448,-0.32,-0.063,0.097,-0.261
34,B2_1,-0.171,-0.457,-0.517,-0.721,0.161,0.328,0.237,-0.226,-0.291,-0.277,1.0,0.572,0.796,-0.156,-0.127,-0.112
34,B2_2,-0.104,-0.416,-0.301,-0.575,-0.052,0.71,0.739,-0.495,-0.664,-0.448,0.572,1.0,0.421,0.102,0.072,0.126
34,B2_3,-0.328,-0.243,-0.527,-0.631,0.594,0.059,0.455,-0.492,-0.307,-0.32,0.796,0.421,1.0,-0.003,0.246,0.105
34,y1,-0.814,-0.167,-0.24,0.122,0.121,0.402,0.171,-0.28,-0.274,-0.063,-0.156,0.102,-0.003,1.0,0.812,0.886
34,y2,-0.797,-0.086,-0.162,-0.015,0.468,0.076,0.237,-0.188,-0.018,0.097,-0.127,0.072,0.246,0.812,1.0,0.827
34,y3,-0.752,-0.429,-0.064,-0.164,0.373,0.379,0.214,-0.326,-0.221,-0.261,-0.112,0.126,0.105,0.886,0.827,1.0
36,.,1.0,0.137,0.157,-0.157,-0.027,-0.001,0.281,-0.194,0.039,-0.145,-0.159,-0.223,-0.417,-0.486,-0.812,-0.747
36,A1_1,0.137,1.0,0.309,0.447,0.141,-0.746,-0.446,0.134,0.494,0.417,-0.787,-0.667,-0.579,-0.385,-0.086,-0.403
36,A1_2,0.157,0.309,1.0,0.736,-0.096,-0.408,-0.102,0.541,0.394,-0.111,-0.249,-0.465,-0.546,-0.159,-0.212,-0.231
36,A1_3,-0.157,0.447,0.736,1.0,-0.492,-0.345,-0.393,0.585,0.525,0.239,-0.323,-0.342,-0.602,-0.155,-0.129,-0.147
36,B1_1,-0.027,0.141,-0.096,-0.492,1.0,-0.156,0.287,-0.29,-0.211,-0.254,-0.194,-0.169,0.205,0.065,0.328,0.091
36,B1_2,-0.001,-0.746,-0.408,-0.345,-0.156,1.0,0.77,-0.573,-0.706,-0.567,0.504,0.467,0.307,0.574,0.1,0.377
36,B1_3,0.281,-0.446,-0.102,-0.393,0.287,0.77,1.0,-0.748,-0.798,-0.856,0.272,0.123,0.167,0.571,0.082,0.202
36,A2_1,-0.194,0.134,0.541,0.585,-0.29,-0.573,-0.748,1.0,0.829,0.606,-0.163,-0.158,-0.34,-0.522,-0.191,-0.145
36,A2_2,0.039,0.494,0.394,0.525,-0.211,-0.706,-0.798,0.829,1.0,0.776,-0.527,-0.49,-0.622,-0.655,-0.311,-0.324
36,A2_3,-0.145,0.417,-0.111,0.239,-0.254,-0.567,-0.856,0.606,0.776,1.0,-0.525,-0.264,-0.37,-0.58,-0.081,-0.134
36,B2_1,-0.159,-0.787,-0.249,-0.323,-0.194,0.504,0.272,-0.163,-0.527,-0.525,1.0,0.876,0.795,0.267,-0.049,0.115
36,B2_2,-0.223,-0.667,-0.465,-0.342,-0.169,0.467,0.123,-0.158,-0.49,-0.264,0.876,1.0,0.8,0.055,-0.071,0.01
36,B2_3,-0.417,-0.579,-0.546,-0.602,0.205,0.307,0.167,-0.34,-0.622,-0.37,0.795,0.8,1.0,0.358,0.36,0.327
36,y1,-0.486,-0.385,-0.159,-0.155,0.065,0.574,0.571,-0.522,-0.655,-0.58,0.267,0.055,0.358,1.0,0.749,0.834
36,y2,-0.812,-0.086,-0.212,-0.129,0.328,0.1,0.082,-0.191,-0.311,-0.081,-0.049,-0.071,0.36,0.749,1.0,0.903
36,y3,-0.747,-0.403,-0.231,-0.147,0.091,0.377,0.202,-0.145,-0.324,-0.134,0.115,0.01,0.327,0.834,0.903,1.0
38,.,1.0,-0.133,0.306,-0.353,-0.075,-0.251,-0.462,-0.016,0.116,0.11,-0.256,-0.561,-0.431,-0.555,-0.608,-0.288
38,A1_1,-0.133,1.0,0.439,0.378,0.094,-0.704,-0.525,0.088,0.28,0.376,-0.197,-0.276,-0.295,0.022,-0.134,0.223
38,A1_2,0.306,0.439,1.0,0.519,0.434,-0.774,-0.466,0.293,0.103,0.057,-0.647,-0.205,-0.199,-0.354,-0.58,-0.151
38,A1_3,-0.353,0.378,0.519,1.0,0.064,-0.242,0.056,0.12,0.038,0.012,-0.351,0.307,-0.129,-0.056,0.034,0.296
38,B1_1,-0.075,0.094,0.434,0.064,1.0,-0.191,-0.17,-0.33,-0.541,-0.436,-0.21,0.17,0.513,0.257,-0.039,0.167
38,B1_2,-0.251,-0.704,-0.774,-0.242,-0.191,1.0,0.586,-0.509,-0.507,-0.495,0.51,0.49,0.39,0.24,0.528,0.154
38,B1_3,-0.462,-0.525,-0.466,0.056,-0.17,0.586,1.0,-0.274,-0.032,-0.123,0.654,0.405,0.389,-0.134,0.054,-0.322
38,A2_1,-0.016,0.088,0.293,0.12,-0.33,-0.509,-0.274,1.0,0.581,0.426,-0.531,-0.172,-0.354,0.023,-0.047,-0.162
38,A2_2,0.116,0.28,0.103,0.038,-0.541,-0.507,-0.032,0.581,1.0,0.959,-0.206,-0.698,-0.763,-0.173,-0.276,-0.202
38,A2_3,0.11,0.376,0.057,0.012,-0.436,-0.495,-0.123,0.426,0.959,1.0,-0.232,-0.782,-0.809,-0.012,-0.16,0.008
38,B2_1,-0.256,-0.197,-0.647,-0.351,-0.21,0.51,0.654,-0.531,-0.206,-0.232,1.0,0.335,0.504,-0.243,-0.037,-0.372
38,B2_2,-0.561,-0.276,-0.205,0.307,0.17,0.49,0.405,-0.172,-0.698,-0.782,0.335,1.0,0.79,0.133,0.395,0.102
38,B2_3,-0.431,-0.295,-0.199,-0.129,0.513,0.39,0.389,-0.354,-0.763,-0.809,0.504,0.79,1.0,0.11,0.161,-0.161
38,y1,-0.555,0.022,-0.354,-0.056,0.257,0.24,-0.134,0.023,-0.173,-0.012,-0.243,0.133,0.11,1.0,0.887,0.767
38,y2,-0.608,-0.134,-0.58,0.034,-0.039,0.528,0.054,-0.047,-0.276,-0.16,-0.037,0.395,0.161,0.887,1.0,0.779
38,y3,-0.288,0.223,-0.151,0.296,0.167,0.154,-0.322,-0.162,-0.202,0.008,-0.372,0.102,-0.161,0.767,0.779,1.0
40,.,1.0,0.162,0.302,0.111,-0.373,-0.199,-0.208,-0.059,0.172,0.059,-0.023,0.032,0.155,-0.845,-0.851,-0.798
40,A1_1,0.162,1.0,0.306,0.296,-0.481,-0.613,-0.529,0.07,0.282,0.337,-0.352,0.254,-0.088,-0.165,-0.102,0.067
40,A1_2,0.302,0.306,1.0,0.862,0.191,-0.696,-0.082,0.379,0.526,-0.01,-0.475,-0.377,-0.486,-0.476,-0.179,-0.55
40,A1_3,0.111,0.296,0.862,1.0,0.159,-0.735,-0.39,0.662,0.691,0.327,-0.651,-0.667,-0.656,-0.266,-0.086,-0.425
40,B1_1,-0.373,-0.481,0.191,0.159,1.0,-0.019,0.262,-0.159,-0.314,-0.655,0.182,-0.275,0.048,0.453,0.228,0.202
40,B1_2,-0.199,-0.613,-0.696,-0.735,-0.019,1.0,0.632,-0.306,-0.404,-0.271,0.474,0.239,0.308,0.192,0.092,0.236
40,B1_3,-0.208,-0.529,-0.082,-0.39,0.262,0.632,1.0,-0.376,-0.342,-0.625,0.393,0.332,0.103,-0.039,0.261,0.022
40,A2_1,-0.059,0.07,0.379,0.662,-0.159,-0.306,-0.376,1.0,0.932,0.77,-0.287,-0.52,-0.369,-0.208,-0.148,-0.371
40,A2_2,0.172,0.282,0.526,0.691,-0.314,-0.404,-0.342,0.932,1.0,0.743,-0.254,-0.322,-0.294,-0.485,-0.341,-0.558
40,A2_3,0.059,0.337,-0.01,0.327,-0.655,-0.271,-0.625,0.77,0.743,1.0,-0.321,-0.253,-0.256,-0.198,-0.146,-0.202
40,B2_1,-0.023,-0.352,-0.475,-0.651,0.182,0.474,0.393,-0.287,-0.254,-0.321,1.0,0.689,0.922,0.004,-0.29,0.024
40,B2_2,0.032,0.254,-0.377,-0.667,-0.275,0.239,0.332,-0.52,-0.322,-0.253,0.689,1.0,0.733,-0.1,-0.098,0.178
40,B2_3,0.155,-0.088,-0.486,-0.656,0.048,0.308,0.103,-0.369,-0.294,-0.256,0.922,0.733,1.0,-0.018,-0.441,0.051
40,y1,-0.845,-0.165,-0.476,-0.266,0.453,0.192,-0.039,-0.208,-0.485,-0.198,0.004,-0.1,-0.018,1.0,0.736,0.927
40,y2,-0.851,-0.102,-0.179,-0.086,0.228,0.092,0.261,-0.148,-0.341,-0.146,-0.29,-0.098,-0.441,0.736,1.0,0.753
40,y3,-0.798,0.067,-0.55,-0.425,0.202,0.236,0.022,-0.371,-0.558,-0.202,0.024,0.178,0.051,0.927,0.753,1.0
42,.,1.0,0.447,0.402,-0.103,-0.172,-0.265,-0.055,0.09,-0.011,-0.17,-0.026,0.077,-0.218,-0.582,-0.62,-0.669
42,A1_1,0.447,1.0,0.255,0.371,-0.229,-0.343,-0.642,0.277,0.539,0.594,-0.648,-0.358,-0.466,-0.026,-0.334,-0.218
42,A1_2,0.402,0.255,1.0,0.233,0.182,-0.378,-0.271,0.068,0.053,-0.374,-0.514,-0.3,-0.388,-0.133,-0.028,-0.297
42,A1_3,-0.103,0.371,0.233,1.0,0.095,-0.445,-0.66,0.612,0.532,0.537,-0.719,-0.929,-0.4,-0.119,0.059,0.141
42,B1_1,-0.172,-0.229,0.182,0.095,1.0,0.151,-0.211,-0.019,0.0,-0.267,-0.017,0.086,0.586,-0.397,-0.142,-0.419
42,B1_2,-0.265,-0.343,-0.378,-0.445,0.151,1.0,0.305,-0.14,-0.115,-0.152,0.21,0.382,0.162,-0.115,-0.272,-0.179
42,B1_3,-0.055,-0.642,-0.271,-0.66,-0.211,0.305,1.0,-0.38,-0.539,-0.498,0.799,0.653,0.218,-0.039,-0.044,-0.072
42,A2_1,0.09,0.277,0.068,0.612,-0.019,-0.14,-0.38,1.0,0.886,0.64,-0.583,-0.744,-0.604,-0.453,-0.443,-0.188
42,A2_2,-0.011,0.539,0.053,0.532,0.0,-0.115,-0.539,0.886,1.0,0.804,-0.714,-0.651,-0.585,-0.218,-0.397,-0.138
42,A2_3,-0.17,0.594,-0.374,0.537,-0.267,-0.152,-0.498,0.64,0.804,1.0,-0.51,-0.554,-0.417,0.072,-0.171,0.187
42,B2_1,-0.026,-0.648,-0.514,-0.719,-0.017,0.21,0.799,-0.583,-0.714,-0.51,1.0,0.818,0.677,-0.025,0.068,-0.014
42,B2_2,0.077,-0.358,-0.3,-0.929,0.086,0.382,0.653,-0.744,-0.651,-0.554,0.818,1.0,0.642,0.056,-0.062,-0.211
42,B2_3,-0.218,-0.466,-0.388,-0.4,0.586,0.162,0.218,-0.604,-0.585,-0.417,0.677,0.642,1.0,-0.026,0.175,-0.055
42,y1,-0.582,-0.026,-0.133,-0.119,-0.397,-0.115,-0.039,-0.453,-0.218,0.072,-0.025,0.056,-0.026,1.0,0.849,0.868
42,y2,-0.62,-0.334,-0.028,0.059,-0.142,-0.272,-0.044,-0.443,-0.397,-0.171,0.068,-0.062,0.175,0.849,1.0,0.894
42,y3,-0.669,-0.218,-0.297,0.141,-0.419,-0.179,-0.072,-0.188,-0.138,0.187,-0.014,-0.211,-0.055,0.868,0.894,1.0
44,.,1.0,-0.193,-0.209,0.106,-0.473,-0.001,0.464,-0.104,-0.503,-0.095,-0.236,-0.166,-0.231,-0.24,-0.369,0.398
44,A1_1,-0.193,1.0,0.426,0.56,-0.501,-0.41,-0.73,0.245,0.521,0.606,-0.278,-0.122,-0.496,0.125,-0.245,-0.083
44,A1_2,-0.209,0.426,1.0,0.774,0.113,-0.033,-0.422,0.02,0.126,-0.037,-0.146,0.162,-0.245,-0.126,-0.243,-0.354
44,A1_3,0.106,0.56,0.774,1.0,-0.193,-0.314,-0.505,0.371,0.212,0.409,-0.696,-0.368,-0.688,0.056,-0.224,0.005
44,B1_1,-0.473,-0.501,0.113,-0.193,1.0,-0.033,0.07,-0.381,-0.115,-0.572,0.138,0.11,0.422,-0.152,0.23,-0.41
44,B1_2,-0.001,-0.41,-0.033,-0.314,-0.033,1.0,0.737,-0.068,-0.323,-0.301,0.474,0.523,0.293,0.1,0.168,0.004
44,B1_3,0.464,-0.73,-0.422,-0.505,0.07,0.737,1.0,-0.332,-0.68,-0.536,0.345,0.348,0.388,-0.07,0.107,0.196
44,A2_1,-0.104,0.245,0.02,0.371,-0.381,-0.068,-0.332,1.0,0.657,0.856,-0.489,-0.476,-0.591,0.082,-0.083,-0.015
44,A2_2,-0.503,0.521,0.126,0.212,-0.115,-0.323,-0.68,0.657,1.0,0.735,-0.242,-0.367,-0.52,-0.184,-0.349,-0.499
44,A2_3,-0.095,0.606,-0.037,0.409,-0.572,-0.301,-0.536,0.856,0.735,1.0,-0.592,-0.601,-0.745,0.229,-0.103,0.115
44,B2_1,-0.236,-0.278,-0.146,-0.696,0.138,0.474,0.345,-0.489,-0.242,-0.592,1.0,0.881,0.83,-0.246,0.012,-0.316
44,B2_2,-0.166,-0.122,0.162,-0.368,0.11,0.523,0.348,-0.476,-0.367,-0.601,0.881,1.0,0.769,-0.235,-0.011,-0.334
44,B2_3,-0.231,-0.496,-0.245,-0.688,0.422,0.293,0.388,-0.591,-0.52,-0.745,0.83,0.769,1.0,-0.033,0.374,-0.079
44,y1,-0.24,0.125,-0.126,0.056,-0.152,0.1,-0.07,0.082,-0.184,0.229,-0.246,-0.235,-0.033,1.0,0.869,0.77
44,y2,-0.369,-0.245,-0.243,-0.224,0.23,0.168,0.107,-0.083,-0.349,-0.103,0.012,-0.011,0.374,0.869,1.0,0.617
44,y3,0.398,-0.083,-0.354,0.005,-0.41,0.004,0.196,-0.015,-0.499,0.115,-0.316,-0.334,-0.079,0.77,0.617,1.0
46,.,1.0,0.022,-0.028,0.044,-0.572,0.104,-0.144,-0.386,-0.335,0.042,0.021,0.143,-0.2,-0.4,-0.727,-0.62
46,A1_1,0.022,1.0,0.687,0.552,-0.15,-0.63,-0.484,0.174,0.479,0.282,-0.736,-0.832,-0.463,-0.06,0.106,-0.043
46,A1_2,-0.028,0.687,1.0,0.85,0.27,-0.302,-0.033,0.431,0.234,-0.111,-0.467,-0.682,0.014,-0.502,-0.337,-0.388
46,A1_3,0.044,0.552,0.85,1.0,0.242,-0.233,-0.306,0.635,0.297,0.089,-0.586,-0.735,-0.252,-0.347,-0.28,-0.284
46,B1_1,-0.572,-0.15,0.27,0.242,1.0,0.336,0.445,0.175,-0.137,-0.487,-0.115,-0.137,0.333,0.005,0.12,-0.014
46,B1_2,0.104,-0.63,-0.302,-0.233,0.336,1.0,0.611,-0.342,-0.576,-0.541,0.53,0.699,0.226,-0.081,-0.22,-0.135
46,B1_3,-0.144,-0.484,-0.033,-0.306,0.445,0.611,1.0,-0.466,-0.633,-0.803,0.633,0.617,0.649,-0.225,-0.278,-0.177
46,A2_1,-0.386,0.174,0.431,0.635,0.175,-0.342,-0.466,1.0,0.63,0.445,-0.327,-0.51,-0.068,-0.148,0.117,0.085
46,A2_2,-0.335,0.479,0.234,0.297,-0.137,-0.576,-0.633,0.63,1.0,0.859,-0.641,-0.57,-0.559,-0.132,0.298,0.062
46,A2_3,0.042,0.282,-0.111,0.089,-0.487,-0.541,-0.803,0.445,0.859,1.0,-0.533,-0.373,-0.685,-0.055,0.183,0.02
46,B2_1,0.021,-0.736,-0.467,-0.586,-0.115,0.53,0.633,-0.327,-0.641,-0.533,1.0,0.888,0.706,0.061,-0.11,0.156
46,B2_2,0.143,-0.832,-0.682,-0.735,-0.137,0.699,0.617,-0.51,-0.57,-0.373,0.888,1.0,0.43,0.006,-0.152,0.022
46,B2_3,-0.2,-0.463,0.014,-0.252,0.333,0.226,0.649,-0.068,-0.559,-0.685,0.706,0.43,1.0,-0.108,-0.173,-0.035
46,y1,-0.4,-0.06,-0.502,-0.347,0.005,-0.081,-0.225,-0.148,-0.132,-0.055,0.061,0.006,-0.108,1.0,0.852,0.91
46,y2,-0.727,0.106,-0.337,-0.28,0.12,-0.22,-0.278,0.117,0.298,0.183,-0.11,-0.152,-0.173,0.852,1.0,0.915
46,y3,-0.62,-0.043,-0.388,-0.284,-0.014,-0.135,-0.177,0.085,0.062,0.02,0.156,0.022,-0.035,0.91,0.915,1.0
48,.,1.0,0.288,0.452,0.146,-0.603,0.013,-0.175,0.163,0.123,0.033,-0.242,-0.349,-0.317,-0.557,-0.413,-0.738
48,A1_1,0.288,1.0,0.356,0.827,-0.479,-0.544,-0.166,0.231,0.46,0.551,-0.483,-0.217,-0.456,0.273,0.271,-0.234
