,,.,A1_1,A1_2,A1_3,B1_1,B1_2,B1_3,A2_1,A2_2,A2_3,B2_1,B2_2,B2_3,y1,y2,y3
0,.,1.0,0.664,0.787,0.385,0.17,0.567,0.23,0.154,0.044,0.175,0.368,0.365,0.265,0.34,0.374,0.343
0,A1_1,0.664,1.0,0.508,0.535,0.482,0.64,0.549,0.454,0.319,0.36,0.29,0.477,0.328,0.572,0.543,0.502
0,A1_2,0.787,0.508,1.0,0.523,-0.085,0.437,0.067,0.309,0.212,0.288,0.331,0.279,0.278,0.192,0.22,0.219
0,A1_3,0.385,0.535,0.523,1.0,-0.086,0.429,0.494,0.892,0.782,0.796,0.201,0.098,0.113,0.425,0.445,0.402
0,B1_1,0.17,0.482,-0.085,-0.086,1.0,0.516,0.51,-0.035,-0.103,0.055,0.392,0.591,0.5,0.446,0.483,0.476
0,B1_2,0.567,0.64,0.437,0.429,0.516,1.0,0.439,0.284,0.097,0.322,0.739,0.819,0.762,0.227,0.253,0.202
0,B1_3,0.23,0.549,0.067,0.494,0.51,0.439,1.0,0.542,0.418,0.607,0.073,0.093,0.102,0.783,0.752,0.74
0,A2_1,0.154,0.454,0.309,0.892,-0.035,0.284,0.542,1.0,0.901,0.881,0.101,-0.004,0.034,0.467,0.422,0.385
0,A2_2,0.044,0.319,0.212,0.782,-0.103,0.097,0.418,0.901,1.0,0.843,0.065,-0.129,-0.074,0.457,0.455,0.405
0,A2_3,0.175,0.36,0.288,0.796,0.055,0.322,0.607,0.881,0.843,1.0,0.153,0.0,0.142,0.502,0.508,0.516
0,B2_1,0.368,0.29,0.331,0.201,0.392,0.739,0.073,0.101,0.065,0.153,1.0,0.808,0.81,-0.078,0.019,0.001
0,B2_2,0.365,0.477,0.279,0.098,0.591,0.819,0.093,-0.004,-0.129,0.0,0.808,1.0,0.879,-0.034,-0.014,0.007
0,B2_3,0.265,0.328,0.278,0.113,0.5,0.762,0.102,0.034,-0.074,0.142,0.81,0.879,1.0,-0.09,-0.053,-0.065
0,y1,0.34,0.572,0.192,0.425,0.446,0.227,0.783,0.467,0.457,0.502,-0.078,-0.034,-0.09,1.0,0.901,0.846
0,y2,0.374,0.543,0.22,0.445,0.483,0.253,0.752,0.422,0.455,0.508,0.019,-0.014,-0.053,0.901,1.0,0.893
0,y3,0.343,0.502,0.219,0.402,0.476,0.202,0.74,0.385,0.405,0.516,0.001,0.007,-0.065,0.846,0.893,1.0
1,.,1.0,0.597,0.721,0.75,0.2,0.649,0.238,0.201,0.567,0.197,0.409,0.744,0.574,0.476,0.389,0.435
1,A1_1,0.597,1.0,0.633,0.73,0.304,0.818,0.373,0.751,0.829,0.554,0.473,0.516,0.47,0.721,0.736,0.594
1,A1_2,0.721,0.633,1.0,0.704,-0.125,0.603,-0.076,0.366,0.718,0.223,0.235,0.584,0.312,0.345,0.354,0.325
1,A1_3,0.75,0.73,0.704,1.0,0.26,0.702,0.315,0.463,0.702,0.423,0.521,0.751,0.556,0.593,0.635,0.574
1,B1_1,0.2,0.304,-0.125,0.26,1.0,0.352,0.808,0.26,0.037,0.325,0.659,0.335,0.524,0.506,0.504,0.568
1,B1_2,0.649,0.818,0.603,0.702,0.352,1.0,0.346,0.55,0.726,0.522,0.688,0.764,0.665,0.56,0.568,0.399
1,B1_3,0.238,0.373,-0.076,0.315,0.808,0.346,1.0,0.312,0.157,0.392,0.605,0.339,0.633,0.603,0.556,0.57
1,A2_1,0.201,0.751,0.366,0.463,0.26,0.55,0.312,1.0,0.66,0.742,0.351,0.239,0.167,0.618,0.79,0.58
1,A2_2,0.567,0.829,0.718,0.702,0.037,0.726,0.157,0.66,1.0,0.428,0.299,0.446,0.349,0.612,0.624,0.583
1,A2_3,0.197,0.554,0.223,0.423,0.325,0.522,0.392,0.742,0.428,1.0,0.521,0.386,0.385,0.395,0.613,0.458
1,B2_1,0.409,0.473,0.235,0.521,0.659,0.688,0.605,0.351,0.299,0.521,1.0,0.772,0.745,0.446,0.512,0.451
1,B2_2,0.744,0.516,0.584,0.751,0.335,0.764,0.339,0.239,0.446,0.386,0.772,1.0,0.816,0.354,0.406,0.288
1,B2_3,0.574,0.47,0.312,0.556,0.524,0.665,0.633,0.167,0.349,0.385,0.745,0.816,1.0,0.392,0.375,0.297
1,y1,0.476,0.721,0.345,0.593,0.506,0.56,0.603,0.618,0.612,0.395,0.446,0.354,0.392,1.0,0.756,0.8
1,y2,0.389,0.736,0.354,0.635,0.504,0.568,0.556,0.79,0.624,0.613,0.512,0.406,0.375,0.756,1.0,0.775
1,y3,0.435,0.594,0.325,0.574,0.568,0.399,0.57,0.58,0.583,0.458,0.451,0.288,0.297,0.8,0.775,1.0
2,.,1.0,0.629,0.786,0.701,0.533,0.788,0.252,0.611,0.423,0.48,0.487,0.48,0.297,0.65,0.562,0.572
2,A1_1,0.629,1.0,0.651,0.592,0.679,0.657,0.504,0.679,0.777,0.769,0.38,0.435,0.554,0.76,0.567,0.665
2,A1_2,0.786,0.651,1.0,0.448,0.474,0.711,0.128,0.555,0.487,0.493,0.488,0.374,0.365,0.493,0.472,0.447
2,A1_3,0.701,0.592,0.448,1.0,0.672,0.692,0.604,0.377,0.421,0.564,0.623,0.692,0.549,0.688,0.55,0.624
2,B1_1,0.533,0.679,0.474,0.672,1.0,0.661,0.747,0.526,0.658,0.67,0.616,0.615,0.701,0.649,0.526,0.575
2,B1_2,0.788,0.657,0.711,0.692,0.661,1.0,0.323,0.61,0.498,0.691,0.762,0.707,0.577,0.589,0.491,0.497
2,B1_3,0.252,0.504,0.128,0.604,0.747,0.323,1.0,0.2,0.521,0.526,0.439,0.408,0.67,0.629,0.511,0.635
2,A2_1,0.611,0.679,0.555,0.377,0.526,0.61,0.2,1.0,0.701,0.654,0.312,0.451,0.381,0.591,0.449,0.429
2,A2_2,0.423,0.777,0.487,0.421,0.658,0.498,0.521,0.701,1.0,0.843,0.261,0.413,0.516,0.616,0.642,0.616
2,A2_3,0.48,0.769,0.493,0.564,0.67,0.691,0.526,0.654,0.843,1.0,0.541,0.646,0.698,0.639,0.685,0.645
2,B2_1,0.487,0.38,0.488,0.623,0.616,0.762,0.439,0.312,0.261,0.541,1.0,0.805,0.71,0.349,0.328,0.386
2,B2_2,0.48,0.435,0.374,0.692,0.615,0.707,0.408,0.451,0.413,0.646,0.805,1.0,0.664,0.411,0.519,0.4
2,B2_3,0.297,0.554,0.365,0.549,0.701,0.577,0.67,0.381,0.516,0.698,0.71,0.664,1.0,0.474,0.466,0.436
2,y1,0.65,0.76,0.493,0.688,0.649,0.589,0.629,0.591,0.616,0.639,0.349,0.411,0.474,1.0,0.771,0.804
2,y2,0.562,0.567,0.472,0.55,0.526,0.491,0.511,0.449,0.642,0.685,0.328,0.519,0.466,0.771,1.0,0.807
2,y3,0.572,0.665,0.447,0.624,0.575,0.497,0.635,0.429,0.616,0.645,0.386,0.4,0.436,0.804,0.807,1.0
3,.,1.0,0.56,0.516,0.834,0.17,0.754,0.107,0.223,0.494,0.339,0.329,0.531,0.312,0.323,0.117,0.155
3,A1_1,0.56,1.0,0.793,0.661,0.448,0.619,0.071,0.743,0.885,0.715,0.156,0.254,0.147,0.746,0.601,0.616
3,A1_2,0.516,0.793,1.0,0.448,0.178,0.449,-0.227,0.685,0.861,0.711,-0.097,0.008,-0.089,0.419,0.41,0.386
3,A1_3,0.834,0.661,0.448,1.0,0.442,0.776,0.288,0.367,0.596,0.458,0.435,0.576,0.378,0.565,0.447,0.4
3,B1_1,0.17,0.448,0.178,0.442,1.0,0.568,0.743,0.419,0.349,0.264,0.689,0.619,0.745,0.651,0.735,0.624
3,B1_2,0.754,0.619,0.449,0.776,0.568,1.0,0.447,0.377,0.613,0.441,0.585,0.764,0.593,0.602,0.455,0.428
3,B1_3,0.107,0.071,-0.227,0.288,0.743,0.447,1.0,-0.009,-0.032,-0.047,0.786,0.748,0.858,0.438,0.473,0.447
3,A2_1,0.223,0.743,0.685,0.367,0.419,0.377,-0.009,1.0,0.799,0.817,-0.011,-0.017,0.033,0.706,0.723,0.636
3,A2_2,0.494,0.885,0.861,0.596,0.349,0.613,-0.032,0.799,1.0,0.834,0.042,0.127,0.041,0.667,0.643,0.617
3,A2_3,0.339,0.715,0.711,0.458,0.264,0.441,-0.047,0.817,0.834,1.0,0.006,0.061,-0.044,0.609,0.651,0.657
3,B2_1,0.329,0.156,-0.097,0.435,0.689,0.585,0.786,-0.011,0.042,0.006,1.0,0.817,0.827,0.393,0.321,0.383
3,B2_2,0.531,0.254,0.008,0.576,0.619,0.764,0.748,-0.017,0.127,0.061,0.817,1.0,0.8,0.381,0.317,0.32
3,B2_3,0.312,0.147,-0.089,0.378,0.745,0.593,0.858,0.033,0.041,-0.044,0.827,0.8,1.0,0.369,0.388,0.274
3,y1,0.323,0.746,0.419,0.565,0.651,0.602,0.438,0.706,0.667,0.609,0.393,0.381,0.369,1.0,0.799,0.832
3,y2,0.117,0.601,0.41,0.447,0.735,0.455,0.473,0.723,0.643,0.651,0.321,0.317,0.388,0.799,1.0,0.865
3,y3,0.155,0.616,0.386,0.4,0.624,0.428,0.447,0.636,0.617,0.657,0.383,0.32,0.274,0.832,0.865,1.0
4,.,1.0,0.497,0.608,0.926,0.058,0.482,0.218,0.357,0.302,0.331,0.548,0.424,0.485,0.417,0.245,0.242
4,A1_1,0.497,1.0,0.818,0.353,0.285,0.576,-0.005,0.578,0.77,0.722,0.131,0.253,0.115,0.746,0.541,0.652
4,A1_2,0.608,0.818,1.0,0.541,0.167,0.414,-0.094,0.523,0.691,0.624,0.152,0.327,0.124,0.518,0.394,0.46
4,A1_3,0.926,0.353,0.541,1.0,-0.012,0.38,0.192,0.249,0.231,0.226,0.538,0.381,0.45,0.278,0.135,0.143
4,B1_1,0.058,0.285,0.167,-0.012,1.0,0.63,0.732,0.662,0.226,0.412,0.446,0.579,0.507,0.487,0.685,0.508
4,B1_2,0.482,0.576,0.414,0.38,0.63,1.0,0.611,0.797,0.603,0.757,0.434,0.592,0.584,0.798,0.744,0.613
4,B1_3,0.218,-0.005,-0.094,0.192,0.732,0.611,1.0,0.361,-0.074,0.159,0.654,0.5,0.774,0.389,0.564,0.38
4,A2_1,0.357,0.578,0.523,0.249,0.662,0.797,0.361,1.0,0.657,0.786,0.265,0.577,0.363,0.629,0.652,0.492
4,A2_2,0.302,0.77,0.691,0.231,0.226,0.603,-0.074,0.657,1.0,0.83,-0.048,0.23,-0.032,0.663,0.568,0.591
4,A2_3,0.331,0.722,0.624,0.226,0.412,0.757,0.159,0.786,0.83,1.0,0.113,0.397,0.142,0.702,0.658,0.705
4,B2_1,0.548,0.131,0.152,0.538,0.446,0.434,0.654,0.265,-0.048,0.113,1.0,0.756,0.817,0.227,0.234,0.224
4,B2_2,0.424,0.253,0.327,0.381,0.579,0.592,0.5,0.577,0.23,0.397,0.756,1.0,0.693,0.331,0.441,0.318
4,B2_3,0.485,0.115,0.124,0.45,0.507,0.584,0.774,0.363,-0.032,0.142,0.817,0.693,1.0,0.244,0.332,0.14
4,y1,0.417,0.746,0.518,0.278,0.487,0.798,0.389,0.629,0.663,0.702,0.227,0.331,0.244,1.0,0.771,0.813
4,y2,0.245,0.541,0.394,0.135,0.685,0.744,0.564,0.652,0.568,0.658,0.234,0.441,0.332,0.771,1.0,0.819
4,y3,0.242,0.652,0.46,0.143,0.508,0.613,0.38,0.492,0.591,0.705,0.224,0.318,0.14,0.813,0.819,1.0
5,.,1.0,0.545,0.709,0.198,0.404,0.797,0.071,0.391,0.477,0.46,0.042,0.258,0.107,0.358,0.123,0.182
5,A1_1,0.545,1.0,0.787,0.415,0.487,0.408,0.289,0.778,0.774,0.787,-0.001,0.085,0.073,0.633,0.628,0.612
5,A1_2,0.709,0.787,1.0,0.139,0.46,0.513,0.04,0.703,0.763,0.73,-0.1,0.033,-0.05,0.313,0.295,0.356
5,A1_3,0.198,0.415,0.139,1.0,0.65,0.427,0.714,0.289,0.183,0.281,0.639,0.675,0.666,0.633,0.803,0.672
5,B1_1,0.404,0.487,0.46,0.65,1.0,0.601,0.585,0.522,0.383,0.461,0.584,0.64,0.649,0.376,0.613,0.468
5,B1_2,0.797,0.408,0.513,0.427,0.601,1.0,0.336,0.247,0.342,0.373,0.36,0.577,0.483,0.35,0.266,0.204
5,B1_3,0.071,0.289,0.04,0.714,0.585,0.336,1.0,0.158,0.046,0.14,0.66,0.65,0.638,0.587,0.717,0.589
5,A2_1,0.391,0.778,0.703,0.289,0.522,0.247,0.158,1.0,0.854,0.888,-0.084,-0.06,-0.027,0.438,0.555,0.524
5,A2_2,0.477,0.774,0.763,0.183,0.383,0.342,0.046,0.854,1.0,0.873,-0.223,-0.182,-0.156,0.392,0.475,0.501
5,A2_3,0.46,0.787,0.73,0.281,0.461,0.373,0.14,0.888,0.873,1.0,-0.107,0.01,-0.052,0.461,0.549,0.598
5,B2_1,0.042,-0.001,-0.1,0.639,0.584,0.36,0.66,-0.084,-0.223,-0.107,1.0,0.859,0.862,0.365,0.392,0.334
5,B2_2,0.258,0.085,0.033,0.675,0.64,0.577,0.65,-0.06,-0.182,0.01,0.859,1.0,0.801,0.352,0.415,0.323
5,B2_3,0.107,0.073,-0.05,0.666,0.649,0.483,0.638,-0.027,-0.156,-0.052,0.862,0.801,1.0,0.326,0.414,0.259
5,y1,0.358,0.633,0.313,0.633,0.376,0.35,0.587,0.438,0.392,0.461,0.365,0.352,0.326,1.0,0.794,0.795
5,y2,0.123,0.628,0.295,0.803,0.613,0.266,0.717,0.555,0.475,0.549,0.392,0.415,0.414,0.794,1.0,0.876
5,y3,0.182,0.612,0.356,0.672,0.468,0.204,0.589,0.524,0.501,0.598,0.334,0.323,0.259,0.795,0.876,1.0
6,.,1.0,0.449,0.499,0.856,0.045,0.471,0.317,0.159,0.326,0.786,0.381,0.498,0.521,0.445,0.31,0.15
6,A1_1,0.449,1.0,0.795,0.561,-0.073,0.58,0.043,0.394,0.84,0.79,0.221,0.651,0.222,0.653,0.683,0.537
6,A1_2,0.499,0.795,1.0,0.674,-0.29,0.362,-0.173,0.121,0.816,0.808,0.074,0.49,0.102,0.531,0.541,0.363
6,A1_3,0.856,0.561,0.674,1.0,-0.216,0.36,0.031,0.077,0.522,0.855,0.197,0.469,0.289,0.399,0.286,0.093
6,B1_1,0.045,-0.073,-0.29,-0.216,1.0,0.526,0.865,0.695,-0.143,-0.034,0.789,0.475,0.711,0.115,0.324,0.295
6,B1_2,0.471,0.58,0.362,0.36,0.526,1.0,0.683,0.729,0.561,0.6,0.69,0.886,0.65,0.725,0.811,0.64
6,B1_3,0.317,0.043,-0.173,0.031,0.865,0.683,1.0,0.741,-0.07,0.173,0.802,0.593,0.799,0.278,0.409,0.347
6,A2_1,0.159,0.394,0.121,0.077,0.695,0.729,0.741,1.0,0.317,0.317,0.723,0.706,0.609,0.429,0.634,0.492
6,A2_2,0.326,0.84,0.816,0.522,-0.143,0.561,-0.07,0.317,1.0,0.716,0.165,0.651,0.122,0.597,0.697,0.556
6,A2_3,0.786,0.79,0.808,0.855,-0.034,0.6,0.173,0.317,0.716,1.0,0.34,0.69,0.403,0.598,0.584,0.412
6,B2_1,0.381,0.221,0.074,0.197,0.789,0.69,0.802,0.723,0.165,0.34,1.0,0.695,0.809,0.318,0.448,0.437
6,B2_2,0.498,0.651,0.49,0.469,0.475,0.886,0.593,0.706,0.651,0.69,0.695,1.0,0.683,0.584,0.7,0.586
6,B2_3,0.521,0.222,0.102,0.289,0.711,0.65,0.799,0.609,0.122,0.403,0.809,0.683,1.0,0.249,0.381,0.316
6,y1,0.445,0.653,0.531,0.399,0.115,0.725,0.278,0.429,0.597,0.598,0.318,0.584,0.249,1.0,0.86,0.792
6,y2,0.31,0.683,0.541,0.286,0.324,0.811,0.409,0.634,0.697,0.584,0.448,0.7,0.381,0.86,1.0,0.834
6,y3,0.15,0.537,0.363,0.093,0.295,0.64,0.347,0.492,0.556,0.412,0.437,0.586,0.316,0.792,0.834,1.0
7,.,1.0,0.511,0.511,0.848,0.08,0.601,0.315,0.149,0.337,0.808,0.593,0.521,0.652,0.598,0.53,0.468
7,A1_1,0.511,1.0,0.767,0.389,0.035,0.688,0.014,0.01,0.851,0.727,0.284,0.784,0.332,0.646,0.741,0.667
7,A1_2,0.511,0.767,1.0,0.554,-0.312,0.454,-0.213,-0.261,0.72,0.705,0.199,0.612,0.381,0.481,0.54,0.426
7,A1_3,0.848,0.389,0.554,1.0,-0.048,0.449,0.154,0.097,0.241,0.763,0.491,0.386,0.575,0.439,0.325,0.283
7,B1_1,0.08,0.035,-0.312,-0.048,1.0,0.436,0.851,0.886,-0.02,0.094,0.642,0.268,0.445,0.227,0.311,0.362
7,B1_2,0.601,0.688,0.454,0.449,0.436,1.0,0.472,0.352,0.704,0.691,0.671,0.836,0.622,0.691,0.777,0.708
7,B1_3,0.315,0.014,-0.213,0.154,0.851,0.472,1.0,0.796,-0.029,0.171,0.807,0.25,0.608,0.377,0.363,0.45
7,A2_1,0.149,0.01,-0.261,0.097,0.886,0.352,0.796,1.0,-0.098,0.113,0.628,0.177,0.395,0.212,0.228,0.277
7,A2_2,0.337,0.851,0.72,0.241,-0.02,0.704,-0.029,-0.098,1.0,0.578,0.18,0.775,0.237,0.65,0.796,0.695
7,A2_3,0.808,0.727,0.705,0.763,0.094,0.691,0.171,0.113,0.578,1.0,0.526,0.684,0.594,0.59,0.599,0.551
7,B2_1,0.593,0.284,0.199,0.491,0.642,0.671,0.807,0.628,0.18,0.526,1.0,0.556,0.767,0.389,0.416,0.464
7,B2_2,0.521,0.784,0.612,0.386,0.268,0.836,0.25,0.177,0.775,0.684,0.556,1.0,0.457,0.537,0.694,0.602
7,B2_3,0.652,0.332,0.381,0.575,0.445,0.622,0.608,0.395,0.237,0.594,0.767,0.457,1.0,0.463,0.464,0.418
7,y1,0.598,0.646,0.481,0.439,0.227,0.691,0.377,0.212,0.65,0.59,0.389,0.537,0.463,1.0,0.848,0.834
7,y2,0.53,0.741,0.54,0.325,0.311,0.777,0.363,0.228,0.796,0.599,0.416,0.694,0.464,0.848,1.0,0.877
7,y3,0.468,0.667,0.426,0.283,0.362,0.708,0.45,0.277,0.695,0.551,0.464,0.602,0.418,0.834,0.877,1.0
8,.,1.0,0.19,0.427,0.582,-0.094,0.399,0.138,0.549,0.215,0.355,0.102,-0.119,0.088,0.052,-0.168,-0.128
8,A1_1,0.19,1.0,0.701,0.692,0.001,0.326,0.028,0.729,0.795,0.71,-0.035,0.234,0.151,0.708,0.754,0.619
8,A1_2,0.427,0.701,1.0,0.901,-0.405,0.057,-0.259,0.858,0.824,0.875,-0.238,-0.22,-0.221,0.281,0.352,0.168
8,A1_3,0.582,0.692,0.901,1.0,-0.326,0.19,-0.193,0.958,0.798,0.866,-0.233,-0.208,-0.174,0.272,0.336,0.162
8,B1_1,-0.094,0.001,-0.405,-0.326,1.0,0.712,0.88,-0.257,-0.309,-0.339,0.835,0.875,0.867,0.168,0.169,0.291
8,B1_2,0.399,0.326,0.057,0.19,0.712,1.0,0.83,0.292,0.126,0.192,0.643,0.701,0.806,0.359,0.311,0.385
8,B1_3,0.138,0.028,-0.259,-0.193,0.88,0.83,1.0,-0.103,-0.231,-0.213,0.775,0.777,0.913,0.169,0.127,0.259
8,A2_1,0.549,0.729,0.858,0.958,-0.257,0.292,-0.103,1.0,0.764,0.83,-0.194,-0.105,-0.07,0.306,0.366,0.205
8,A2_2,0.215,0.795,0.824,0.798,-0.309,0.126,-0.231,0.764,1.0,0.91,-0.187,-0.104,-0.142,0.461,0.598,0.388
8,A2_3,0.355,0.71,0.875,0.866,-0.339,0.192,-0.213,0.83,0.91,1.0,-0.225,-0.145,-0.193,0.356,0.479,0.295
8,B2_1,0.102,-0.035,-0.238,-0.233,0.835,0.643,0.775,-0.194,-0.187,-0.225,1.0,0.76,0.776,0.081,0.088,0.152
8,B2_2,-0.119,0.234,-0.22,-0.208,0.875,0.701,0.777,-0.105,-0.104,-0.145,0.76,1.0,0.796,0.364,0.372,0.414
8,B2_3,0.088,0.151,-0.221,-0.174,0.867,0.806,0.913,-0.07,-0.142,-0.193,0.776,0.796,1.0,0.212,0.192,0.256
8,y1,0.052,0.708,0.281,0.272,0.168,0.359,0.169,0.306,0.461,0.356,0.081,0.364,0.212,1.0,0.866,0.853
8,y2,-0.168,0.754,0.352,0.336,0.169,0.311,0.127,0.366,0.598,0.479,0.088,0.372,0.192,0.866,1.0,0.81
8,y3,-0.128,0.619,0.168,0.162,0.291,0.385,0.259,0.205,0.388,0.295,0.152,0.414,0.256,0.853,0.81,1.0
9,.,1.0,0.313,0.313,0.49,0.031,0.425,0.183,0.566,0.506,0.308,0.171,0.108,0.116,0.049,-0.109,-0.086
9,A1_1,0.313,1.0,0.767,0.769,0.014,0.329,0.009,0.778,0.873,0.786,0.309,0.143,0.17,0.64,0.632,0.579
9,A1_2,0.313,0.767,1.0,0.798,-0.359,-0.029,-0.329,0.759,0.844,0.853,-0.068,-0.225,-0.243,0.396,0.374,0.302
9,A1_3,0.49,0.769,0.798,1.0,-0.19,0.174,-0.17,0.965,0.919,0.864,0.05,-0.129,-0.077,0.325,0.287,0.221
9,B1_1,0.031,0.014,-0.359,-0.19,1.0,0.812,0.92,-0.194,-0.136,-0.268,0.853,0.94,0.896,0.099,0.138,0.191
9,B1_2,0.425,0.329,-0.029,0.174,0.812,1.0,0.859,0.206,0.261,0.124,0.902,0.885,0.844,0.348,0.324,0.374
9,B1_3,0.183,0.009,-0.329,-0.17,0.92,0.859,1.0,-0.159,-0.101,-0.277,0.874,0.93,0.924,0.19,0.18,0.26
9,A2_1,0.566,0.778,0.759,0.965,-0.194,0.206,-0.159,1.0,0.911,0.836,0.07,-0.11,-0.064,0.312,0.266,0.197
9,A2_2,0.506,0.873,0.844,0.919,-0.136,0.261,-0.101,0.911,1.0,0.876,0.14,-0.027,0.018,0.491,0.457,0.396
9,A2_3,0.308,0.786,0.853,0.864,-0.268,0.124,-0.277,0.836,0.876,1.0,0.041,-0.146,-0.161,0.422,0.443,0.383
9,B2_1,0.171,0.309,-0.068,0.05,0.853,0.902,0.874,0.07,0.14,0.041,1.0,0.936,0.872,0.341,0.356,0.42
9,B2_2,0.108,0.143,-0.225,-0.129,0.94,0.885,0.93,-0.11,-0.027,-0.146,0.936,1.0,0.91,0.27,0.285,0.355
9,B2_3,0.116,0.17,-0.243,-0.077,0.896,0.844,0.924,-0.064,0.018,-0.161,0.872,0.91,1.0,0.258,0.266,0.296
9,y1,0.049,0.64,0.396,0.325,0.099,0.348,0.19,0.312,0.491,0.422,0.341,0.27,0.258,1.0,0.94,0.92
9,y2,-0.109,0.632,0.374,0.287,0.138,0.324,0.18,0.266,0.457,0.443,0.356,0.285,0.266,0.94,1.0,0.945
9,y3,-0.086,0.579,0.302,0.221,0.191,0.374,0.26,0.197,0.396,0.383,0.42,0.355,0.296,0.92,0.945,1.0
10,.,1.0,0.317,0.326,0.488,-0.08,0.266,0.007,0.443,0.211,0.147,0.029,0.034,-0.039,-0.075,-0.277,-0.215
10,A1_1,0.317,1.0,0.792,0.805,-0.042,0.249,-0.069,0.826,0.766,0.68,-0.112,-0.011,-0.055,0.519,0.488,0.438
10,A1_2,0.326,0.792,1.0,0.837,-0.404,-0.12,-0.415,0.856,0.86,0.798,-0.391,-0.351,-0.408,0.328,0.289,0.208
10,A1_3,0.488,0.805,0.837,1.0,-0.262,0.061,-0.268,0.976,0.833,0.775,-0.321,-0.272,-0.293,0.282,0.231,0.18
10,B1_1,-0.08,-0.042,-0.404,-0.262,1.0,0.845,0.945,-0.283,-0.312,-0.291,0.898,0.933,0.952,0.094,0.179,0.238
10,B1_2,0.266,0.249,-0.12,0.061,0.845,1.0,0.856,0.037,-0.005,0.037,0.774,0.873,0.853,0.285,0.283,0.359
10,B1_3,0.007,-0.069,-0.415,-0.268,0.945,0.856,1.0,-0.295,-0.337,-0.321,0.886,0.916,0.945,0.137,0.168,0.273
10,A2_1,0.443,0.826,0.856,0.976,-0.283,0.037,-0.295,1.0,0.844,0.785,-0.322,-0.276,-0.307,0.265,0.222,0.151
10,A2_2,0.211,0.766,0.86,0.833,-0.312,-0.005,-0.337,0.844,1.0,0.938,-0.32,-0.288,-0.296,0.42,0.43,0.36
10,A2_3,0.147,0.68,0.798,0.775,-0.291,0.037,-0.321,0.785,0.938,1.0,-0.306,-0.251,-0.288,0.45,0.471,0.396
10,B2_1,0.029,-0.112,-0.391,-0.321,0.898,0.774,0.886,-0.322,-0.32,-0.306,1.0,0.934,0.93,0.023,0.083,0.15
10,B2_2,0.034,-0.011,-0.351,-0.272,0.933,0.873,0.916,-0.276,-0.288,-0.251,0.934,1.0,0.926,0.132,0.179,0.266
10,B2_3,-0.039,-0.055,-0.408,-0.293,0.952,0.853,0.945,-0.307,-0.296,-0.288,0.93,0.926,1.0,0.095,0.147,0.207
10,y1,-0.075,0.519,0.328,0.282,0.094,0.285,0.137,0.265,0.42,0.45,0.023,0.132,0.095,1.0,0.931,0.916
10,y2,-0.277,0.488,0.289,0.231,0.179,0.283,0.168,0.222,0.43,0.471,0.083,0.179,0.147,0.931,1.0,0.915
10,y3,-0.215,0.438,0.208,0.18,0.238,0.359,0.273,0.151,0.36,0.396,0.15,0.266,0.207,0.916,0.915,1.0
11,.,1.0,0.339,0.313,0.496,-0.09,0.214,0.064,0.399,0.195,0.132,0.014,0.02,-0.027,-0.113,-0.277,-0.218
11,A1_1,0.339,1.0,0.717,0.773,0.05,0.355,0.139,0.798,0.694,0.589,-0.046,0.066,-0.001,0.447,0.406,0.366
11,A1_2,0.313,0.717,1.0,0.866,-0.37,-0.1,-0.303,0.884,0.866,0.793,-0.395,-0.349,-0.416,0.315,0.278,0.218
11,A1_3,0.496,0.773,0.866,1.0,-0.261,0.047,-0.154,0.967,0.824,0.761,-0.334,-0.29,-0.322,0.273,0.211,0.185
11,B1_1,-0.09,0.05,-0.37,-0.261,1.0,0.848,0.913,-0.274,-0.306,-0.314,0.873,0.919,0.933,0.087,0.177,0.209
11,B1_2,0.214,0.355,-0.1,0.047,0.848,1.0,0.869,0.031,0.006,0.021,0.778,0.876,0.84,0.298,0.315,0.361
11,B1_3,0.064,0.139,-0.303,-0.154,0.913,0.869,1.0,-0.169,-0.248,-0.27,0.782,0.839,0.902,0.111,0.13,0.212
11,A2_1,0.399,0.798,0.884,0.967,-0.274,0.031,-0.169,1.0,0.855,0.79,-0.341,-0.299,-0.331,0.269,0.219,0.161
11,A2_2,0.195,0.694,0.866,0.824,-0.306,0.006,-0.248,0.855,1.0,0.935,-0.332,-0.302,-0.331,0.421,0.413,0.365
11,A2_3,0.132,0.589,0.793,0.761,-0.314,0.021,-0.27,0.79,0.935,1.0,-0.341,-0.294,-0.353,0.409,0.41,0.364
11,B2_1,0.014,-0.046,-0.395,-0.334,0.873,0.778,0.782,-0.341,-0.332,-0.341,1.0,0.928,0.938,0.019,0.102,0.127
11,B2_2,0.02,0.066,-0.349,-0.29,0.919,0.876,0.839,-0.299,-0.302,-0.294,0.928,1.0,0.923,0.137,0.189,0.242
11,B2_3,-0.027,-0.001,-0.416,-0.322,0.933,0.84,0.902,-0.331,-0.331,-0.353,0.938,0.923,1.0,0.044,0.103,0.139
11,y1,-0.113,0.447,0.315,0.273,0.087,0.298,0.111,0.269,0.421,0.409,0.019,0.137,0.044,1.0,0.936,0.93
11,y2,-0.277,0.406,0.278,0.211,0.177,0.315,0.13,0.219,0.413,0.41,0.102,0.189,0.103,0.936,1.0,0.918
11,y3,-0.218,0.366,0.218,0.185,0.209,0.361,0.212,0.161,0.365,0.364,0.127,0.242,0.139,0.93,0.918,1.0
12,.,1.0,0.238,0.316,0.453,-0.015,0.251,0.256,0.389,0.238,0.109,0.014,0.037,-0.023,-0.068,-0.26,-0.185
12,A1_1,0.238,1.0,0.618,0.626,0.191,0.5,0.344,0.625,0.61,0.53,0.106,0.139,0.18,0.608,0.597,0.577
12,A1_2,0.316,0.618,1.0,0.873,-0.307,0.006,-0.183,0.89,0.913,0.841,-0.326,-0.346,-0.34,0.364,0.36,0.305
12,A1_3,0.453,0.626,0.873,1.0,-0.254,0.046,-0.06,0.967,0.877,0.768,-0.338,-0.332,-0.322,0.228,0.209,0.193
12,B1_1,-0.015,0.191,-0.307,-0.254,1.0,0.86,0.849,-0.275,-0.321,-0.322,0.879,0.939,0.938,0.116,0.163,0.245
12,B1_2,0.251,0.5,0.006,0.046,0.86,1.0,0.835,0.023,0.004,0.001,0.78,0.847,0.84,0.352,0.342,0.432
12,B1_3,0.256,0.344,-0.183,-0.06,0.849,0.835,1.0,-0.103,-0.2,-0.235,0.721,0.812,0.83,0.107,0.079,0.207
12,A2_1,0.389,0.625,0.89,0.967,-0.275,0.023,-0.103,1.0,0.891,0.783,-0.333,-0.344,-0.331,0.193,0.186,0.149
12,A2_2,0.238,0.61,0.913,0.877,-0.321,0.004,-0.2,0.891,1.0,0.927,-0.338,-0.376,-0.335,0.34,0.367,0.326
12,A2_3,0.109,0.53,0.841,0.768,-0.322,0.001,-0.235,0.783,0.927,1.0,-0.324,-0.356,-0.346,0.378,0.424,0.381
12,B2_1,0.014,0.106,-0.326,-0.338,0.879,0.78,0.721,-0.333,-0.338,-0.324,1.0,0.955,0.912,0.079,0.105,0.194
12,B2_2,0.037,0.139,-0.346,-0.332,0.939,0.847,0.812,-0.344,-0.376,-0.356,0.955,1.0,0.93,0.094,0.109,0.219
12,B2_3,-0.023,0.18,-0.34,-0.322,0.938,0.84,0.83,-0.331,-0.335,-0.346,0.912,0.93,1.0,0.098,0.124,0.214
12,y1,-0.068,0.608,0.364,0.228,0.116,0.352,0.107,0.193,0.34,0.378,0.079,0.094,0.098,1.0,0.941,0.944
12,y2,-0.26,0.597,0.36,0.209,0.163,0.342,0.079,0.186,0.367,0.424,0.105,0.109,0.124,0.941,1.0,0.934
12,y3,-0.185,0.577,0.305,0.193,0.245,0.432,0.207,0.149,0.326,0.381,0.194,0.219,0.214,0.944,0.934,1.0
13,.,1.0,0.322,0.313,0.413,-0.072,0.242,0.06,0.319,0.177,0.048,0.043,0.067,-0.018,-0.115,-0.265,-0.213
13,A1_1,0.322,1.0,0.716,0.764,0.018,0.303,0.13,0.762,0.715,0.631,-0.021,0.014,-0.016,0.434,0.423,0.382
13,A1_2,0.313,0.716,1.0,0.89,-0.399,-0.142,-0.299,0.894,0.855,0.725,-0.358,-0.376,-0.429,0.234,0.207,0.169
13,A1_3,0.413,0.764,0.89,1.0,-0.319,-0.027,-0.206,0.95,0.876,0.766,-0.337,-0.331,-0.371,0.214,0.198,0.174
13,B1_1,-0.072,0.018,-0.399,-0.319,1.0,0.853,0.923,-0.317,-0.343,-0.27,0.871,0.928,0.934,0.091,0.15,0.206
13,B1_2,0.242,0.303,-0.142,-0.027,0.853,1.0,0.86,-0.059,-0.061,0.026,0.803,0.871,0.845,0.313,0.31,0.38
13,B1_3,0.06,0.13,-0.299,-0.206,0.923,0.86,1.0,-0.208,-0.253,-0.202,0.752,0.847,0.894,0.109,0.119,0.21
13,A2_1,0.319,0.762,0.894,0.95,-0.317,-0.059,-0.208,1.0,0.89,0.783,-0.313,-0.319,-0.36,0.155,0.156,0.116
13,A2_2,0.177,0.715,0.855,0.876,-0.343,-0.061,-0.253,0.89,1.0,0.911,-0.307,-0.327,-0.345,0.314,0.33,0.302
13,A2_3,0.048,0.631,0.725,0.766,-0.27,0.026,-0.202,0.783,0.911,1.0,-0.239,-0.247,-0.275,0.398,0.432,0.4
13,B2_1,0.043,-0.021,-0.358,-0.337,0.871,0.803,0.752,-0.313,-0.307,-0.239,1.0,0.948,0.915,0.064,0.109,0.17
13,B2_2,0.067,0.014,-0.376,-0.331,0.928,0.871,0.847,-0.319,-0.327,-0.247,0.948,1.0,0.93,0.061,0.088,0.169
13,B2_3,-0.018,-0.016,-0.429,-0.371,0.934,0.845,0.894,-0.36,-0.345,-0.275,0.915,0.93,1.0,0.055,0.089,0.154
13,y1,-0.115,0.434,0.234,0.214,0.091,0.313,0.109,0.155,0.314,0.398,0.064,0.061,0.055,1.0,0.95,0.958
13,y2,-0.265,0.423,0.207,0.198,0.15,0.31,0.119,0.156,0.33,0.432,0.109,0.088,0.089,0.95,1.0,0.941
13,y3,-0.213,0.382,0.169,0.174,0.206,0.38,0.21,0.116,0.302,0.4,0.17,0.169,0.154,0.958,0.941,1.0
14,.,1.0,0.284,0.278,0.377,-0.094,0.208,0.021,0.292,0.153,0.022,0.037,0.05,-0.035,-0.167,-0.312,-0.245
14,A1_1,0.284,1.0,0.762,0.784,-0.073,0.213,-0.031,0.801,0.77,0.687,-0.061,-0.034,-0.069,0.405,0.41,0.357
14,A1_2,0.278,0.762,1.0,0.887,-0.455,-0.219,-0.404,0.879,0.846,0.734,-0.392,-0.4,-0.463,0.213,0.174,0.156
14,A1_3,0.377,0.784,0.887,1.0,-0.38,-0.098,-0.323,0.947,0.877,0.79,-0.369,-0.357,-0.408,0.182,0.171,0.152
14,B1_1,-0.094,-0.073,-0.455,-0.38,1.0,0.856,0.945,-0.358,-0.383,-0.317,0.878,0.932,0.933,0.079,0.129,0.19
14,B1_2,0.208,0.213,-0.219,-0.098,0.856,1.0,0.869,-0.114,-0.107,-0.04,0.823,0.892,0.864,0.261,0.265,0.336
14,B1_3,0.021,-0.031,-0.404,-0.323,0.945,0.869,1.0,-0.305,-0.343,-0.293,0.826,0.89,0.927,0.062,0.079,0.171
14,A2_1,0.292,0.801,0.879,0.947,-0.358,-0.114,-0.305,1.0,0.885,0.791,-0.324,-0.327,-0.38,0.12,0.127,0.096
14,A2_2,0.153,0.77,0.846,0.877,-0.383,-0.107,-0.343,0.885,1.0,0.921,-0.327,-0.332,-0.358,0.294,0.31,0.287
14,A2_3,0.022,0.687,0.734,0.79,-0.317,-0.04,-0.293,0.791,0.921,1.0,-0.279,-0.27,-0.305,0.376,0.414,0.377
14,B2_1,0.037,-0.061,-0.392,-0.369,0.878,0.823,0.826,-0.324,-0.327,-0.279,1.0,0.955,0.918,0.05,0.078,0.147
14,B2_2,0.05,-0.034,-0.4,-0.357,0.932,0.892,0.89,-0.327,-0.332,-0.27,0.955,1.0,0.936,0.056,0.079,0.154
14,B2_3,-0.035,-0.069,-0.463,-0.408,0.933,0.864,0.927,-0.38,-0.358,-0.305,0.918,0.936,1.0,0.049,0.078,0.14
14,y1,-0.167,0.405,0.213,0.182,0.079,0.261,0.062,0.12,0.294,0.376,0.05,0.056,0.049,1.0,0.949,0.96
14,y2,-0.312,0.41,0.174,0.171,0.129,0.265,0.079,0.127,0.31,0.414,0.078,0.079,0.078,0.949,1.0,0.942
14,y3,-0.245,0.357,0.156,0.152,0.19,0.336,0.171,0.096,0.287,0.377,0.147,0.154,0.14,0.96,0.942,1.0
15,.,1.0,0.309,0.279,0.346,-0.05,0.211,0.074,0.287,0.164,0.019,0.043,0.071,-0.002,-0.147,-0.275,-0.233
15,A1_1,0.309,1.0,0.768,0.795,-0.021,0.249,0.049,0.795,0.784,0.686,-0.028,-0.011,-0.021,0.411,0.396,0.347
15,A1_2,0.279,0.768,1.0,0.882,-0.39,-0.165,-0.303,0.889,0.868,0.769,-0.384,-0.364,-0.408,0.256,0.215,0.201
15,A1_3,0.346,0.795,0.882,1.0,-0.317,-0.06,-0.227,0.963,0.903,0.817,-0.346,-0.314,-0.353,0.205,0.184,0.169
15,B1_1,-0.05,-0.021,-0.39,-0.317,1.0,0.873,0.933,-0.329,-0.333,-0.307,0.901,0.939,0.939,0.095,0.142,0.168
15,B1_2,0.211,0.249,-0.165,-0.06,0.873,1.0,0.871,-0.097,-0.076,-0.058,0.85,0.895,0.874,0.274,0.273,0.318
15,B1_3,0.074,0.049,-0.303,-0.227,0.933,0.871,1.0,-0.243,-0.266,-0.271,0.812,0.869,0.919,0.112,0.12,0.166
15,A2_1,0.287,0.795,0.889,0.963,-0.329,-0.097,-0.243,1.0,0.907,0.818,-0.342,-0.316,-0.358,0.141,0.125,0.101
15,A2_2,0.164,0.784,0.868,0.903,-0.333,-0.076,-0.266,0.907,1.0,0.924,-0.314,-0.307,-0.334,0.288,0.286,0.273
15,A2_3,0.019,0.686,0.769,0.817,-0.307,-0.058,-0.271,0.818,0.924,1.0,-0.291,-0.275,-0.329,0.327,0.337,0.326
15,B2_1,0.043,-0.028,-0.384,-0.346,0.901,0.85,0.812,-0.342,-0.314,-0.291,1.0,0.976,0.925,0.059,0.092,0.134
15,B2_2,0.071,-0.011,-0.364,-0.314,0.939,0.895,0.869,-0.316,-0.307,-0.275,0.976,1.0,0.937,0.059,0.083,0.132
15,B2_3,-0.002,-0.021,-0.408,-0.353,0.939,0.874,0.919,-0.358,-0.334,-0.329,0.925,0.937,1.0,0.074,0.094,0.129
15,y1,-0.147,0.411,0.256,0.205,0.095,0.274,0.112,0.141,0.288,0.327,0.059,0.059,0.074,1.0,0.962,0.972
15,y2,-0.275,0.396,0.215,0.184,0.142,0.273,0.12,0.125,0.286,0.337,0.092,0.083,0.094,0.962,1.0,0.961
15,y3,-0.233,0.347,0.201,0.169,0.168,0.318,0.166,0.101,0.273,0.326,0.134,0.132,0.129,0.972,0.961,1.0
16,.,1.0,0.281,0.271,0.286,-0.042,0.179,0.083,0.252,0.157,0.027,0.043,0.072,0.003,-0.137,-0.292,-0.218
16,A1_1,0.281,1.0,0.749,0.759,0.037,0.347,0.112,0.769,0.775,0.687,0.048,0.058,0.053,0.42,0.419,0.388
16,A1_2,0.271,0.749,1.0,0.889,-0.401,-0.137,-0.3,0.907,0.886,0.804,-0.4,-0.372,-0.4,0.226,0.189,0.201
16,A1_3,0.286,0.759,0.889,1.0,-0.334,-0.046,-0.243,0.971,0.929,0.871,-0.347,-0.314,-0.35,0.177,0.17,0.17
16,B1_1,-0.042,0.037,-0.401,-0.334,1.0,0.873,0.94,-0.334,-0.346,-0.346,0.924,0.95,0.947,0.111,0.14,0.15
16,B1_2,0.179,0.347,-0.137,-0.046,0.873,1.0,0.882,-0.059,-0.038,-0.047,0.864,0.898,0.873,0.284,0.275,0.311
16,B1_3,0.083,0.112,-0.3,-0.243,0.94,0.882,1.0,-0.245,-0.256,-0.285,0.87,0.91,0.94,0.141,0.134,0.174
16,A2_1,0.252,0.769,0.907,0.971,-0.334,-0.059,-0.245,1.0,0.923,0.854,-0.341,-0.31,-0.343,0.123,0.119,0.114
16,A2_2,0.157,0.775,0.886,0.929,-0.346,-0.038,-0.256,0.923,1.0,0.939,-0.325,-0.309,-0.333,0.256,0.263,0.266
16,A2_3,0.027,0.687,0.804,0.871,-0.346,-0.047,-0.285,0.854,0.939,1.0,-0.328,-0.301,-0.358,0.269,0.284,0.284
16,B2_1,0.043,0.048,-0.4,-0.347,0.924,0.864,0.87,-0.341,-0.325,-0.328,1.0,0.981,0.931,0.081,0.085,0.114
16,B2_2,0.072,0.058,-0.372,-0.314,0.95,0.898,0.91,-0.31,-0.309,-0.301,0.981,1.0,0.939,0.081,0.08,0.119
16,B2_3,0.003,0.053,-0.4,-0.35,0.947,0.873,0.94,-0.343,-0.333,-0.358,0.931,0.939,1.0,0.094,0.096,0.12
16,y1,-0.137,0.42,0.226,0.177,0.111,0.284,0.141,0.123,0.256,0.269,0.081,0.081,0.094,1.0,0.957,0.977
16,y2,-0.292,0.419,0.189,0.17,0.14,0.275,0.134,0.119,0.263,0.284,0.085,0.08,0.096,0.957,1.0,0.963
16,y3,-0.218,0.388,0.201,0.17,0.15,0.311,0.174,0.114,0.266,0.284,0.114,0.119,0.12,0.977,0.963,1.0
17,.,1.0,0.233,0.247,0.254,-0.042,0.157,0.041,0.214,0.141,0.038,0.028,0.059,0.012,-0.165,-0.338,-0.257
17,A1_1,0.233,1.0,0.774,0.782,-0.018,0.28,-0.001,0.798,0.816,0.729,-0.012,0.002,-0.015,0.37,0.351,0.34
17,A1_2,0.247,0.774,1.0,0.89,-0.417,-0.165,-0.366,0.903,0.898,0.849,-0.429,-0.402,-0.412,0.204,0.155,0.173
17,A1_3,0.254,0.782,0.89,1.0,-0.34,-0.065,-0.302,0.97,0.933,0.899,-0.364,-0.326,-0.35,0.176,0.165,0.162
17,B1_1,-0.042,-0.018,-0.417,-0.34,1.0,0.883,0.956,-0.339,-0.34,-0.368,0.942,0.96,0.951,0.094,0.113,0.126
17,B1_2,0.157,0.28,-0.165,-0.065,0.883,1.0,0.872,-0.077,-0.043,-0.09,0.881,0.909,0.883,0.259,0.232,0.278
17,B1_3,0.041,-0.001,-0.366,-0.302,0.956,0.872,1.0,-0.305,-0.298,-0.359,0.895,0.924,0.952,0.131,0.117,0.161
17,A2_1,0.214,0.798,0.903,0.97,-0.339,-0.077,-0.305,1.0,0.928,0.884,-0.356,-0.321,-0.345,0.115,0.103,0.099
17,A2_2,0.141,0.816,0.898,0.933,-0.34,-0.043,-0.298,0.928,1.0,0.941,-0.334,-0.313,-0.323,0.256,0.255,0.257
17,A2_3,0.038,0.729,0.849,0.899,-0.368,-0.09,-0.359,0.884,0.941,1.0,-0.373,-0.336,-0.383,0.226,0.23,0.236
17,B2_1,0.028,-0.012,-0.429,-0.364,0.942,0.881,0.895,-0.356,-0.334,-0.373,1.0,0.983,0.941,0.068,0.06,0.096
17,B2_2,0.059,0.002,-0.402,-0.326,0.96,0.909,0.924,-0.321,-0.313,-0.336,0.983,1.0,0.943,0.067,0.056,0.102
17,B2_3,0.012,-0.015,-0.412,-0.35,0.951,0.883,0.952,-0.345,-0.323,-0.383,0.941,0.943,1.0,0.084,0.072,0.099
17,y1,-0.165,0.37,0.204,0.176,0.094,0.259,0.131,0.115,0.256,0.226,0.068,0.067,0.084,1.0,0.955,0.97
17,y2,-0.338,0.351,0.155,0.165,0.113,0.232,0.117,0.103,0.255,0.23,0.06,0.056,0.072,0.955,1.0,0.96
17,y3,-0.257,0.34,0.173,0.162,0.126,0.278,0.161,0.099,0.257,0.236,0.096,0.102,0.099,0.97,0.96,1.0
18,.,1.0,0.112,0.213,0.203,-0.07,0.105,0.006,0.157,0.105,-0.038,0.013,0.046,-0.015,-0.164,-0.319,-0.247
18,A1_1,0.112,1.0,0.693,0.757,0.015,0.347,0.05,0.778,0.792,0.736,0.051,0.065,0.018,0.29,0.299,0.28
18,A1_2,0.213,0.693,1.0,0.881,-0.438,-0.177,-0.378,0.887,0.881,0.798,-0.432,-0.395,-0.438,0.158,0.125,0.142
18,A1_3,0.203,0.757,0.881,1.0,-0.363,-0.071,-0.32,0.968,0.943,0.887,-0.37,-0.332,-0.381,0.121,0.127,0.123
18,B1_1,-0.07,0.015,-0.438,-0.363,1.0,0.878,0.966,-0.35,-0.356,-0.359,0.927,0.946,0.946,0.091,0.104,0.116
18,B1_2,0.105,0.347,-0.177,-0.071,0.878,1.0,0.884,-0.07,-0.035,-0.051,0.879,0.904,0.878,0.243,0.221,0.257
18,B1_3,0.006,0.05,-0.378,-0.32,0.966,0.884,1.0,-0.303,-0.307,-0.34,0.896,0.918,0.962,0.116,0.106,0.133
18,A2_1,0.157,0.778,0.887,0.968,-0.35,-0.07,-0.303,1.0,0.931,0.864,-0.348,-0.311,-0.362,0.057,0.057,0.058
18,A2_2,0.105,0.792,0.881,0.943,-0.356,-0.035,-0.307,0.931,1.0,0.94,-0.333,-0.307,-0.345,0.196,0.211,0.216
18,A2_3,-0.038,0.736,0.798,0.887,-0.359,-0.051,-0.34,0.864,0.94,1.0,-0.344,-0.308,-0.372,0.217,0.243,0.242
18,B2_1,0.013,0.051,-0.432,-0.37,0.927,0.879,0.896,-0.348,-0.333,-0.344,1.0,0.984,0.934,0.064,0.049,0.086
18,B2_2,0.046,0.065,-0.395,-0.332,0.946,0.904,0.918,-0.311,-0.307,-0.308,0.984,1.0,0.937,0.07,0.049,0.095
18,B2_3,-0.015,0.018,-0.438,-0.381,0.946,0.878,0.962,-0.362,-0.345,-0.372,0.934,0.937,1.0,0.073,0.059,0.086
18,y1,-0.164,0.29,0.158,0.121,0.091,0.243,0.116,0.057,0.196,0.217,0.064,0.07,0.073,1.0,0.96,0.976
18,y2,-0.319,0.299,0.125,0.127,0.104,0.221,0.106,0.057,0.211,0.243,0.049,0.049,0.059,0.96,1.0,0.964
18,y3,-0.247,0.28,0.142,0.123,0.116,0.257,0.133,0.058,0.216,0.242,0.086,0.095,0.086,0.976,0.964,1.0
19,.,1.0,0.452,0.426,0.379,0.058,0.237,0.213,0.292,0.247,0.159,0.104,0.077,0.048,0.076,-0.082,-0.029
19,A1_1,0.452,1.0,0.679,0.562,0.441,0.662,0.64,0.544,0.588,0.526,0.343,0.338,0.315,0.443,0.408,0.418
19,A1_2,0.426,0.679,1.0,0.913,-0.073,0.196,0.218,0.904,0.912,0.821,-0.2,-0.202,-0.209,0.444,0.4,0.405
19,A1_3,0.379,0.562,0.913,1.0,-0.1,0.158,0.177,0.973,0.92,0.851,-0.254,-0.248,-0.238,0.288,0.27,0.273
19,B1_1,0.058,0.441,-0.073,-0.1,1.0,0.877,0.857,-0.106,-0.12,-0.099,0.853,0.924,0.909,0.173,0.182,0.213
19,B1_2,0.237,0.662,0.196,0.158,0.877,1.0,0.886,0.167,0.185,0.212,0.81,0.837,0.827,0.31,0.274,0.338
19,B1_3,0.213,0.64,0.218,0.177,0.857,0.886,1.0,0.16,0.175,0.161,0.67,0.741,0.762,0.379,0.372,0.401
19,A2_1,0.292,0.544,0.904,0.973,-0.106,0.167,0.16,1.0,0.928,0.85,-0.234,-0.246,-0.226,0.272,0.256,0.258
19,A2_2,0.247,0.588,0.912,0.92,-0.12,0.185,0.175,0.928,1.0,0.924,-0.216,-0.235,-0.211,0.366,0.358,0.364
19,A2_3,0.159,0.526,0.821,0.851,-0.099,0.212,0.161,0.85,0.924,1.0,-0.198,-0.203,-0.208,0.316,0.312,0.334
19,B2_1,0.104,0.343,-0.2,-0.254,0.853,0.81,0.67,-0.234,-0.216,-0.198,1.0,0.952,0.934,0.078,0.038,0.109
19,B2_2,0.077,0.338,-0.202,-0.248,0.924,0.837,0.741,-0.246,-0.235,-0.203,0.952,1.0,0.953,0.093,0.076,0.143
19,B2_3,0.048,0.315,-0.209,-0.238,0.909,0.827,0.762,-0.226,-0.211,-0.208,0.934,0.953,1.0,0.048,0.031,0.082
19,y1,0.076,0.443,0.444,0.288,0.173,0.31,0.379,0.272,0.366,0.316,0.078,0.093,0.048,1.0,0.958,0.975
19,y2,-0.082,0.408,0.4,0.27,0.182,0.274,0.372,0.256,0.358,0.312,0.038,0.076,0.031,0.958,1.0,0.962
19,y3,-0.029,0.418,0.405,0.273,0.213,0.338,0.401,0.258,0.364,0.334,0.109,0.143,0.082,0.975,0.962,1.0
20,.,1.0,0.468,0.355,0.282,-0.011,0.204,0.153,0.25,0.194,0.082,0.077,0.056,0.018,-0.001,-0.109,-0.087
20,A1_1,0.468,1.0,0.676,0.582,0.313,0.639,0.574,0.578,0.615,0.524,0.267,0.282,0.284,0.435,0.407,0.405
20,A1_2,0.355,0.676,1.0,0.896,-0.207,0.155,0.113,0.902,0.904,0.816,-0.26,-0.252,-0.239,0.371,0.349,0.35
20,A1_3,0.282,0.582,0.896,1.0,-0.207,0.147,0.117,0.975,0.944,0.896,-0.278,-0.26,-0.248,0.244,0.247,0.253
20,B1_1,-0.011,0.313,-0.207,-0.207,1.0,0.846,0.821,-0.192,-0.2,-0.196,0.893,0.944,0.931,0.081,0.094,0.113
20,B1_2,0.204,0.639,0.155,0.147,0.846,1.0,0.876,0.164,0.178,0.16,0.819,0.844,0.833,0.318,0.298,0.337
20,B1_3,0.153,0.574,0.113,0.117,0.821,0.876,1.0,0.113,0.118,0.077,0.683,0.748,0.786,0.344,0.336,0.362
20,A2_1,0.25,0.578,0.902,0.975,-0.192,0.164,0.113,1.0,0.935,0.863,-0.249,-0.244,-0.219,0.242,0.24,0.24
20,A2_2,0.194,0.615,0.904,0.944,-0.2,0.178,0.118,0.935,1.0,0.943,-0.236,-0.233,-0.208,0.315,0.321,0.332
20,A2_3,0.082,0.524,0.816,0.896,-0.196,0.16,0.077,0.863,0.943,1.0,-0.245,-0.229,-0.23,0.272,0.278,0.292
20,B2_1,0.077,0.267,-0.26,-0.278,0.893,0.819,0.683,-0.249,-0.236,-0.245,1.0,0.97,0.937,0.05,0.024,0.072
20,B2_2,0.056,0.282,-0.252,-0.26,0.944,0.844,0.748,-0.244,-0.233,-0.229,0.97,1.0,0.947,0.082,0.069,0.114
20,B2_3,0.018,0.284,-0.239,-0.248,0.931,0.833,0.786,-0.219,-0.208,-0.23,0.937,0.947,1.0,0.049,0.038,0.074
20,y1,-0.001,0.435,0.371,0.244,0.081,0.318,0.344,0.242,0.315,0.272,0.05,0.082,0.049,1.0,0.972,0.978
20,y2,-0.109,0.407,0.349,0.247,0.094,0.298,0.336,0.24,0.321,0.278,0.024,0.069,0.038,0.972,1.0,0.976
20,y3,-0.087,0.405,0.35,0.253,0.113,0.337,0.362,0.24,0.332,0.292,0.072,0.114,0.074,0.978,0.976,1.0
21,.,1.0,0.4,0.297,0.26,-0.07,0.19,0.109,0.23,0.183,0.08,0.063,0.044,-0.001,-0.073,-0.165,-0.142
21,A1_1,0.4,1.0,0.82,0.781,0.007,0.404,0.199,0.798,0.794,0.71,0.055,0.042,0.063,0.441,0.414,0.406
21,A1_2,0.297,0.82,1.0,0.933,-0.248,0.093,-0.07,0.944,0.931,0.853,-0.231,-0.226,-0.227,0.305,0.299,0.306
21,A1_3,0.26,0.781,0.933,1.0,-0.242,0.091,-0.063,0.976,0.957,0.914,-0.241,-0.23,-0.238,0.228,0.223,0.239
21,B1_1,-0.07,0.007,-0.248,-0.242,1.0,0.842,0.888,-0.229,-0.222,-0.203,0.902,0.95,0.935,0.051,0.069,0.091
21,B1_2,0.19,0.404,0.093,0.091,0.842,1.0,0.889,0.102,0.111,0.105,0.844,0.867,0.868,0.311,0.285,0.327
21,B1_3,0.109,0.199,-0.07,-0.063,0.888,0.889,1.0,-0.056,-0.062,-0.084,0.784,0.846,0.901,0.155,0.14,0.183
21,A2_1,0.23,0.798,0.944,0.976,-0.229,0.102,-0.056,1.0,0.947,0.886,-0.217,-0.215,-0.207,0.219,0.214,0.228
21,A2_2,0.183,0.794,0.931,0.957,-0.222,0.111,-0.062,0.947,1.0,0.953,-0.197,-0.199,-0.196,0.289,0.288,0.31
21,A2_3,0.08,0.71,0.853,0.914,-0.203,0.105,-0.084,0.886,0.953,1.0,-0.192,-0.182,-0.207,0.267,0.27,0.291
21,B2_1,0.063,0.055,-0.231,-0.241,0.902,0.844,0.784,-0.217,-0.197,-0.192,1.0,0.97,0.933,0.068,0.048,0.091
21,B2_2,0.044,0.042,-0.226,-0.23,0.95,0.867,0.846,-0.215,-0.199,-0.182,0.97,1.0,0.94,0.091,0.082,0.122
21,B2_3,-0.001,0.063,-0.227,-0.238,0.935,0.868,0.901,-0.207,-0.196,-0.207,0.933,0.94,1.0,0.057,0.044,0.086
21,y1,-0.073,0.441,0.305,0.228,0.051,0.311,0.155,0.219,0.289,0.267,0.068,0.091,0.057,1.0,0.979,0.984
21,y2,-0.165,0.414,0.299,0.223,0.069,0.285,0.14,0.214,0.288,0.27,0.048,0.082,0.044,0.979,1.0,0.979
21,y3,-0.142,0.406,0.306,0.239,0.091,0.327,0.183,0.228,0.31,0.291,0.091,0.122,0.086,0.984,0.979,1.0
22,.,1.0,0.413,0.284,0.248,-0.065,0.195,0.107,0.232,0.167,0.049,0.058,0.05,-0.009,-0.083,-0.178,-0.145
22,A1_1,0.413,1.0,0.804,0.785,0.037,0.459,0.213,0.785,0.784,0.694,0.08,0.077,0.095,0.437,0.4,0.394
22,A1_2,0.284,0.804,1.0,0.928,-0.265,0.11,-0.11,0.942,0.922,0.838,-0.259,-0.242,-0.253,0.302,0.284,0.289
22,A1_3,0.248,0.785,0.928,1.0,-0.218,0.144,-0.077,0.978,0.959,0.91,-0.233,-0.209,-0.225,0.233,0.223,0.228
22,B1_1,-0.065,0.037,-0.265,-0.218,1.0,0.828,0.911,-0.225,-0.215,-0.192,0.888,0.944,0.929,0.054,0.075,0.092
22,B1_2,0.195,0.459,0.11,0.144,0.828,1.0,0.882,0.143,0.152,0.146,0.821,0.852,0.847,0.305,0.296,0.325
22,B1_3,0.107,0.213,-0.11,-0.077,0.911,0.882,1.0,-0.08,-0.096,-0.113,0.809,0.87,0.906,0.175,0.164,0.199
22,A2_1,0.232,0.785,0.942,0.978,-0.225,0.143,-0.08,1.0,0.946,0.879,-0.223,-0.21,-0.211,0.22,0.211,0.215
22,A2_2,0.167,0.784,0.922,0.959,-0.215,0.152,-0.096,0.946,1.0,0.953,-0.196,-0.186,-0.195,0.276,0.272,0.286
22,A2_3,0.049,0.694,0.838,0.91,-0.192,0.146,-0.113,0.879,0.953,1.0,-0.193,-0.171,-0.202,0.269,0.267,0.278
22,B2_1,0.058,0.08,-0.259,-0.233,0.888,0.821,0.809,-0.223,-0.196,-0.193,1.0,0.968,0.927,0.045,0.04,0.074
22,B2_2,0.05,0.077,-0.242,-0.209,0.944,0.852,0.87,-0.21,-0.186,-0.171,0.968,1.0,0.936,0.076,0.073,0.11
22,B2_3,-0.009,0.095,-0.253,-0.225,0.929,0.847,0.906,-0.211,-0.195,-0.202,0.927,0.936,1.0,0.041,0.045,0.076
22,y1,-0.083,0.437,0.302,0.233,0.054,0.305,0.175,0.22,0.276,0.269,0.045,0.076,0.041,1.0,0.978,0.984
22,y2,-0.178,0.4,0.284,0.223,0.075,0.296,0.164,0.211,0.272,0.267,0.04,0.073,0.045,0.978,1.0,0.979
22,y3,-0.145,0.394,0.289,0.228,0.092,0.325,0.199,0.215,0.286,0.278,0.074,0.11,0.076,0.984,0.979,1.0
23,.,1.0,0.407,0.267,0.24,-0.061,0.19,0.127,0.21,0.154,0.037,0.064,0.049,-0.0,-0.094,-0.192,-0.157
23,A1_1,0.407,1.0,0.784,0.766,0.051,0.495,0.255,0.758,0.768,0.675,0.083,0.085,0.107,0.456,0.418,0.414
23,A1_2,0.267,0.784,1.0,0.925,-0.287,0.1,-0.121,0.937,0.919,0.838,-0.281,-0.268,-0.27,0.287,0.261,0.267
23,A1_3,0.24,0.766,0.925,1.0,-0.243,0.142,-0.079,0.978,0.96,0.912,-0.251,-0.231,-0.241,0.233,0.217,0.221
23,B1_1,-0.061,0.051,-0.287,-0.243,1.0,0.827,0.892,-0.246,-0.24,-0.227,0.901,0.949,0.935,0.077,0.084,0.109
23,B1_2,0.19,0.495,0.1,0.142,0.827,1.0,0.885,0.136,0.151,0.133,0.82,0.846,0.842,0.329,0.304,0.341
23,B1_3,0.127,0.255,-0.121,-0.079,0.892,0.885,1.0,-0.086,-0.096,-0.122,0.794,0.853,0.899,0.182,0.156,0.206
23,A2_1,0.21,0.758,0.937,0.978,-0.246,0.136,-0.086,1.0,0.947,0.885,-0.242,-0.231,-0.228,0.207,0.19,0.198
23,A2_2,0.154,0.768,0.919,0.96,-0.24,0.151,-0.096,0.947,1.0,0.955,-0.216,-0.209,-0.213,0.28,0.269,0.283
23,A2_3,0.037,0.675,0.838,0.912,-0.227,0.133,-0.122,0.885,0.955,1.0,-0.217,-0.2,-0.228,0.266,0.261,0.268
23,B2_1,0.064,0.083,-0.281,-0.251,0.901,0.82,0.794,-0.242,-0.216,-0.217,1.0,0.972,0.928,0.068,0.045,0.088
23,B2_2,0.049,0.085,-0.268,-0.231,0.949,0.846,0.853,-0.231,-0.209,-0.2,0.972,1.0,0.938,0.1,0.082,0.127
23,B2_3,-0.0,0.107,-0.27,-0.241,0.935,0.842,0.899,-0.228,-0.213,-0.228,0.928,0.938,1.0,0.061,0.045,0.089
23,y1,-0.094,0.456,0.287,0.233,0.077,0.329,0.182,0.207,0.28,0.266,0.068,0.1,0.061,1.0,0.977,0.983
23,y2,-0.192,0.418,0.261,0.217,0.084,0.304,0.156,0.19,0.269,0.261,0.045,0.082,0.045,0.977,1.0,0.976
23,y3,-0.157,0.414,0.267,0.221,0.109,0.341,0.206,0.198,0.283,0.268,0.088,0.127,0.089,0.983,0.976,1.0
24,.,1.0,0.421,0.272,0.243,-0.083,0.187,0.106,0.207,0.148,0.045,0.063,0.038,-0.014,-0.081,-0.181,-0.132
24,A1_1,0.421,1.0,0.812,0.761,0.049,0.504,0.281,0.759,0.757,0.669,0.08,0.084,0.087,0.438,0.403,0.414
24,A1_2,0.272,0.812,1.0,0.937,-0.252,0.163,-0.061,0.951,0.928,0.845,-0.225,-0.22,-0.234,0.275,0.259,0.27
24,A1_3,0.243,0.761,0.937,1.0,-0.247,0.155,-0.061,0.975,0.962,0.917,-0.23,-0.221,-0.246,0.208,0.198,0.211
24,B1_1,-0.083,0.049,-0.252,-0.247,1.0,0.818,0.874,-0.252,-0.238,-0.218,0.901,0.952,0.936,0.068,0.066,0.094
24,B1_2,0.187,0.504,0.163,0.155,0.818,1.0,0.87,0.145,0.171,0.162,0.821,0.844,0.833,0.32,0.284,0.334
