,,.,A1_1,A1_2,A1_3,B1_1,B1_2,B1_3,A2_1,A2_2,A2_3,B2_1,B2_2,B2_3,y1,y2,y3
0,.,1.0,0.006,-0.208,0.171,0.365,-0.144,-0.17,0.093,0.009,0.023,0.114,-0.215,-0.071,-0.183,0.232,-0.06
0,A1_1,0.006,1.0,0.219,0.139,-0.096,-0.008,0.04,0.06,-0.06,-0.262,-0.29,-0.24,-0.013,0.006,0.066,0.192
0,A1_2,-0.208,0.219,1.0,-0.024,-0.083,-0.11,0.24,-0.022,-0.17,-0.152,0.037,0.058,0.384,0.16,0.12,0.221
0,A1_3,0.171,0.139,-0.024,1.0,-0.016,0.078,-0.224,0.116,-0.07,0.019,-0.163,0.034,0.099,0.107,0.02,-0.009
0,B1_1,0.365,-0.096,-0.083,-0.016,1.0,-0.277,-0.05,0.156,-0.258,0.123,0.152,0.297,-0.158,-0.319,0.231,-0.181
0,B1_2,-0.144,-0.008,-0.11,0.078,-0.277,1.0,-0.296,-0.231,-0.097,-0.041,-0.268,0.174,0.28,0.16,-0.086,-0.115
0,B1_3,-0.17,0.04,0.24,-0.224,-0.05,-0.296,1.0,0.011,0.144,0.054,0.203,0.093,-0.008,-0.03,0.208,0.377
0,A2_1,0.093,0.06,-0.022,0.116,0.156,-0.231,0.011,1.0,-0.22,-0.225,-0.127,-0.263,-0.075,0.092,-0.133,-0.111
0,A2_2,0.009,-0.06,-0.17,-0.07,-0.258,-0.097,0.144,-0.22,1.0,-0.184,0.027,-0.305,0.085,-0.168,0.191,0.134
0,A2_3,0.023,-0.262,-0.152,0.019,0.123,-0.041,0.054,-0.225,-0.184,1.0,0.371,0.234,-0.018,0.076,-0.277,0.021
0,B2_1,0.114,-0.29,0.037,-0.163,0.152,-0.268,0.203,-0.127,0.027,0.371,1.0,0.299,-0.059,-0.133,-0.108,0.277
0,B2_2,-0.215,-0.24,0.058,0.034,0.297,0.174,0.093,-0.263,-0.305,0.234,0.299,1.0,0.252,-0.104,-0.038,-0.033
0,B2_3,-0.071,-0.013,0.384,0.099,-0.158,0.28,-0.008,-0.075,0.085,-0.018,-0.059,0.252,1.0,-0.11,-0.058,-0.27
0,y1,-0.183,0.006,0.16,0.107,-0.319,0.16,-0.03,0.092,-0.168,0.076,-0.133,-0.104,-0.11,1.0,0.128,0.316
0,y2,0.232,0.066,0.12,0.02,0.231,-0.086,0.208,-0.133,0.191,-0.277,-0.108,-0.038,-0.058,0.128,1.0,0.36
0,y3,-0.06,0.192,0.221,-0.009,-0.181,-0.115,0.377,-0.111,0.134,0.021,0.277,-0.033,-0.27,0.316,0.36,1.0
1,.,1.0,0.004,-0.197,0.165,0.371,-0.136,-0.158,0.093,-0.001,0.027,0.113,-0.21,-0.071,-0.175,0.238,-0.064
1,A1_1,0.004,1.0,0.218,0.134,-0.097,-0.01,0.039,0.059,-0.06,-0.261,-0.289,-0.241,-0.014,0.006,0.064,0.192
1,A1_2,-0.197,0.218,1.0,-0.028,-0.082,-0.11,0.239,-0.025,-0.168,-0.151,0.039,0.061,0.385,0.158,0.118,0.22
1,A1_3,0.165,0.134,-0.028,1.0,-0.016,0.076,-0.225,0.115,-0.072,0.018,-0.161,0.032,0.098,0.109,0.022,-0.008
1,B1_1,0.371,-0.097,-0.082,-0.016,1.0,-0.276,-0.045,0.154,-0.257,0.124,0.156,0.298,-0.155,-0.318,0.232,-0.178
1,B1_2,-0.136,-0.01,-0.11,0.076,-0.276,1.0,-0.292,-0.23,-0.093,-0.04,-0.269,0.17,0.28,0.157,-0.087,-0.116
1,B1_3,-0.158,0.039,0.239,-0.225,-0.045,-0.292,1.0,0.01,0.145,0.054,0.207,0.099,-0.002,-0.034,0.206,0.375
1,A2_1,0.093,0.059,-0.025,0.115,0.154,-0.23,0.01,1.0,-0.221,-0.226,-0.125,-0.266,-0.075,0.091,-0.133,-0.11
1,A2_2,-0.001,-0.06,-0.168,-0.072,-0.257,-0.093,0.145,-0.221,1.0,-0.186,0.031,-0.299,0.09,-0.169,0.189,0.131
1,A2_3,0.027,-0.261,-0.151,0.018,0.124,-0.04,0.054,-0.226,-0.186,1.0,0.373,0.237,-0.018,0.076,-0.275,0.019
1,B2_1,0.113,-0.289,0.039,-0.161,0.156,-0.269,0.207,-0.125,0.031,0.373,1.0,0.301,-0.057,-0.137,-0.107,0.276
1,B2_2,-0.21,-0.241,0.061,0.032,0.298,0.17,0.099,-0.266,-0.299,0.237,0.301,1.0,0.254,-0.108,-0.036,-0.032
1,B2_3,-0.071,-0.014,0.385,0.098,-0.155,0.28,-0.002,-0.075,0.09,-0.018,-0.057,0.254,1.0,-0.115,-0.057,-0.271
1,y1,-0.175,0.006,0.158,0.109,-0.318,0.157,-0.034,0.091,-0.169,0.076,-0.137,-0.108,-0.115,1.0,0.131,0.319
1,y2,0.238,0.064,0.118,0.022,0.232,-0.087,0.206,-0.133,0.189,-0.275,-0.107,-0.036,-0.057,0.131,1.0,0.362
1,y3,-0.064,0.192,0.22,-0.008,-0.178,-0.116,0.375,-0.11,0.131,0.019,0.276,-0.032,-0.271,0.319,0.362,1.0
2,.,1.0,0.007,-0.192,0.164,0.372,-0.131,-0.151,0.098,-0.007,0.024,0.113,-0.21,-0.068,-0.168,0.244,-0.07
2,A1_1,0.007,1.0,0.217,0.13,-0.098,-0.012,0.038,0.061,-0.064,-0.261,-0.288,-0.241,-0.015,0.007,0.065,0.192
2,A1_2,-0.192,0.217,1.0,-0.03,-0.083,-0.107,0.238,-0.025,-0.167,-0.151,0.041,0.063,0.385,0.157,0.118,0.22
2,A1_3,0.164,0.13,-0.03,1.0,-0.017,0.076,-0.224,0.113,-0.074,0.016,-0.156,0.034,0.097,0.111,0.021,-0.008
2,B1_1,0.372,-0.098,-0.083,-0.017,1.0,-0.274,-0.044,0.155,-0.256,0.124,0.158,0.299,-0.153,-0.317,0.233,-0.177
2,B1_2,-0.131,-0.012,-0.107,0.076,-0.274,1.0,-0.288,-0.231,-0.09,-0.039,-0.268,0.169,0.283,0.155,-0.085,-0.115
2,B1_3,-0.151,0.038,0.238,-0.224,-0.044,-0.288,1.0,0.01,0.145,0.055,0.208,0.101,0.001,-0.034,0.203,0.372
2,A2_1,0.098,0.061,-0.025,0.113,0.155,-0.231,0.01,1.0,-0.221,-0.227,-0.125,-0.267,-0.075,0.091,-0.135,-0.111
2,A2_2,-0.007,-0.064,-0.167,-0.074,-0.256,-0.09,0.145,-0.221,1.0,-0.185,0.035,-0.296,0.091,-0.168,0.184,0.129
2,A2_3,0.024,-0.261,-0.151,0.016,0.124,-0.039,0.055,-0.227,-0.185,1.0,0.374,0.238,-0.017,0.074,-0.273,0.019
2,B2_1,0.113,-0.288,0.041,-0.156,0.158,-0.268,0.208,-0.125,0.035,0.374,1.0,0.302,-0.055,-0.138,-0.105,0.275
2,B2_2,-0.21,-0.241,0.063,0.034,0.299,0.169,0.101,-0.267,-0.296,0.238,0.302,1.0,0.255,-0.112,-0.033,-0.03
2,B2_3,-0.068,-0.015,0.385,0.097,-0.153,0.283,0.001,-0.075,0.091,-0.017,-0.055,0.255,1.0,-0.116,-0.058,-0.272
2,y1,-0.168,0.007,0.157,0.111,-0.317,0.155,-0.034,0.091,-0.168,0.074,-0.138,-0.112,-0.116,1.0,0.135,0.319
2,y2,0.244,0.065,0.118,0.021,0.233,-0.085,0.203,-0.135,0.184,-0.273,-0.105,-0.033,-0.058,0.135,1.0,0.364
2,y3,-0.07,0.192,0.22,-0.008,-0.177,-0.115,0.372,-0.111,0.129,0.019,0.275,-0.03,-0.272,0.319,0.364,1.0
3,.,1.0,0.011,-0.187,0.169,0.365,-0.12,-0.153,0.1,-0.016,0.015,0.111,-0.212,-0.07,-0.154,0.251,-0.071
3,A1_1,0.011,1.0,0.214,0.128,-0.1,-0.013,0.038,0.06,-0.061,-0.261,-0.288,-0.242,-0.017,0.007,0.065,0.194
3,A1_2,-0.187,0.214,1.0,-0.033,-0.084,-0.107,0.238,-0.028,-0.165,-0.151,0.043,0.065,0.386,0.154,0.116,0.222
3,A1_3,0.169,0.128,-0.033,1.0,-0.017,0.077,-0.225,0.111,-0.075,0.013,-0.154,0.038,0.099,0.111,0.021,-0.01
3,B1_1,0.365,-0.1,-0.084,-0.017,1.0,-0.273,-0.043,0.154,-0.254,0.124,0.16,0.3,-0.149,-0.318,0.235,-0.174
3,B1_2,-0.12,-0.013,-0.107,0.077,-0.273,1.0,-0.285,-0.23,-0.087,-0.036,-0.266,0.168,0.283,0.152,-0.088,-0.115
3,B1_3,-0.153,0.038,0.238,-0.225,-0.043,-0.285,1.0,0.008,0.148,0.056,0.211,0.102,0.004,-0.036,0.201,0.371
3,A2_1,0.1,0.06,-0.028,0.111,0.154,-0.23,0.008,1.0,-0.222,-0.228,-0.122,-0.265,-0.075,0.092,-0.136,-0.11
3,A2_2,-0.016,-0.061,-0.165,-0.075,-0.254,-0.087,0.148,-0.222,1.0,-0.188,0.039,-0.293,0.094,-0.168,0.182,0.127
3,A2_3,0.015,-0.261,-0.151,0.013,0.124,-0.036,0.056,-0.228,-0.188,1.0,0.377,0.241,-0.015,0.07,-0.272,0.015
3,B2_1,0.111,-0.288,0.043,-0.154,0.16,-0.266,0.211,-0.122,0.039,0.377,1.0,0.303,-0.053,-0.14,-0.106,0.273
3,B2_2,-0.212,-0.242,0.065,0.038,0.3,0.168,0.102,-0.265,-0.293,0.241,0.303,1.0,0.258,-0.116,-0.034,-0.029
3,B2_3,-0.07,-0.017,0.386,0.099,-0.149,0.283,0.004,-0.075,0.094,-0.015,-0.053,0.258,1.0,-0.119,-0.06,-0.272
3,y1,-0.154,0.007,0.154,0.111,-0.318,0.152,-0.036,0.092,-0.168,0.07,-0.14,-0.116,-0.119,1.0,0.138,0.321
3,y2,0.251,0.065,0.116,0.021,0.235,-0.088,0.201,-0.136,0.182,-0.272,-0.106,-0.034,-0.06,0.138,1.0,0.365
3,y3,-0.071,0.194,0.222,-0.01,-0.174,-0.115,0.371,-0.11,0.127,0.015,0.273,-0.029,-0.272,0.321,0.365,1.0
4,.,1.0,0.011,-0.181,0.165,0.362,-0.112,-0.153,0.1,-0.025,0.011,0.107,-0.214,-0.072,-0.143,0.253,-0.079
4,A1_1,0.011,1.0,0.212,0.126,-0.103,-0.015,0.036,0.057,-0.061,-0.263,-0.288,-0.243,-0.019,0.006,0.062,0.197
4,A1_2,-0.181,0.212,1.0,-0.035,-0.084,-0.105,0.236,-0.031,-0.165,-0.15,0.044,0.066,0.384,0.154,0.114,0.221
4,A1_3,0.165,0.126,-0.035,1.0,-0.019,0.078,-0.228,0.109,-0.077,0.011,-0.153,0.038,0.098,0.114,0.02,-0.009
4,B1_1,0.362,-0.103,-0.084,-0.019,1.0,-0.271,-0.038,0.156,-0.253,0.125,0.163,0.301,-0.146,-0.316,0.235,-0.173
4,B1_2,-0.112,-0.015,-0.105,0.078,-0.271,1.0,-0.283,-0.231,-0.085,-0.034,-0.266,0.168,0.284,0.15,-0.089,-0.116
4,B1_3,-0.153,0.036,0.236,-0.228,-0.038,-0.283,1.0,0.011,0.148,0.057,0.213,0.105,0.007,-0.039,0.198,0.367
4,A2_1,0.1,0.057,-0.031,0.109,0.156,-0.231,0.011,1.0,-0.225,-0.228,-0.12,-0.264,-0.075,0.092,-0.135,-0.109
4,A2_2,-0.025,-0.061,-0.165,-0.077,-0.253,-0.085,0.148,-0.225,1.0,-0.188,0.042,-0.291,0.096,-0.171,0.181,0.125
4,A2_3,0.011,-0.263,-0.15,0.011,0.125,-0.034,0.057,-0.228,-0.188,1.0,0.378,0.242,-0.013,0.071,-0.271,0.014
4,B2_1,0.107,-0.288,0.044,-0.153,0.163,-0.266,0.213,-0.12,0.042,0.378,1.0,0.304,-0.05,-0.141,-0.105,0.272
4,B2_2,-0.214,-0.243,0.066,0.038,0.301,0.168,0.105,-0.264,-0.291,0.242,0.304,1.0,0.259,-0.115,-0.033,-0.029
4,B2_3,-0.072,-0.019,0.384,0.098,-0.146,0.284,0.007,-0.075,0.096,-0.013,-0.05,0.259,1.0,-0.123,-0.062,-0.275
4,y1,-0.143,0.006,0.154,0.114,-0.316,0.15,-0.039,0.092,-0.171,0.071,-0.141,-0.115,-0.123,1.0,0.14,0.322
4,y2,0.253,0.062,0.114,0.02,0.235,-0.089,0.198,-0.135,0.181,-0.271,-0.105,-0.033,-0.062,0.14,1.0,0.366
4,y3,-0.079,0.197,0.221,-0.009,-0.173,-0.116,0.367,-0.109,0.125,0.014,0.272,-0.029,-0.275,0.322,0.366,1.0
5,.,1.0,0.009,-0.18,0.165,0.355,-0.1,-0.151,0.099,-0.031,0.01,0.11,-0.211,-0.073,-0.13,0.254,-0.078
5,A1_1,0.009,1.0,0.213,0.126,-0.104,-0.016,0.035,0.056,-0.061,-0.263,-0.288,-0.244,-0.02,0.007,0.063,0.197
5,A1_2,-0.18,0.213,1.0,-0.036,-0.085,-0.105,0.237,-0.032,-0.165,-0.149,0.047,0.066,0.384,0.156,0.111,0.222
5,A1_3,0.165,0.126,-0.036,1.0,-0.019,0.079,-0.227,0.108,-0.079,0.011,-0.151,0.039,0.1,0.115,0.024,-0.009
5,B1_1,0.355,-0.104,-0.085,-0.019,1.0,-0.27,-0.037,0.155,-0.253,0.125,0.164,0.302,-0.144,-0.315,0.236,-0.172
5,B1_2,-0.1,-0.016,-0.105,0.079,-0.27,1.0,-0.281,-0.231,-0.083,-0.033,-0.266,0.168,0.287,0.144,-0.09,-0.115
5,B1_3,-0.151,0.035,0.237,-0.227,-0.037,-0.281,1.0,0.011,0.148,0.057,0.214,0.106,0.008,-0.039,0.197,0.365
5,A2_1,0.099,0.056,-0.032,0.108,0.155,-0.231,0.011,1.0,-0.224,-0.229,-0.119,-0.264,-0.075,0.092,-0.136,-0.11
5,A2_2,-0.031,-0.061,-0.165,-0.079,-0.253,-0.083,0.148,-0.224,1.0,-0.186,0.044,-0.288,0.097,-0.172,0.179,0.123
5,A2_3,0.01,-0.263,-0.149,0.011,0.125,-0.033,0.057,-0.229,-0.186,1.0,0.38,0.244,-0.012,0.072,-0.268,0.016
5,B2_1,0.11,-0.288,0.047,-0.151,0.164,-0.266,0.214,-0.119,0.044,0.38,1.0,0.306,-0.049,-0.14,-0.104,0.272
5,B2_2,-0.211,-0.244,0.066,0.039,0.302,0.168,0.106,-0.264,-0.288,0.244,0.306,1.0,0.26,-0.117,-0.034,-0.03
5,B2_3,-0.073,-0.02,0.384,0.1,-0.144,0.287,0.008,-0.075,0.097,-0.012,-0.049,0.26,1.0,-0.124,-0.065,-0.275
5,y1,-0.13,0.007,0.156,0.115,-0.315,0.144,-0.039,0.092,-0.172,0.072,-0.14,-0.117,-0.124,1.0,0.141,0.326
5,y2,0.254,0.063,0.111,0.024,0.236,-0.09,0.197,-0.136,0.179,-0.268,-0.104,-0.034,-0.065,0.141,1.0,0.368
5,y3,-0.078,0.197,0.222,-0.009,-0.172,-0.115,0.365,-0.11,0.123,0.016,0.272,-0.03,-0.275,0.326,0.368,1.0
6,.,1.0,0.008,-0.18,0.165,0.352,-0.096,-0.148,0.098,-0.034,0.004,0.108,-0.211,-0.077,-0.121,0.255,-0.081
6,A1_1,0.008,1.0,0.213,0.125,-0.105,-0.015,0.033,0.055,-0.061,-0.265,-0.289,-0.245,-0.02,0.007,0.063,0.196
6,A1_2,-0.18,0.213,1.0,-0.037,-0.085,-0.105,0.238,-0.031,-0.165,-0.151,0.047,0.067,0.384,0.155,0.108,0.222
6,A1_3,0.165,0.125,-0.037,1.0,-0.02,0.079,-0.227,0.106,-0.079,0.009,-0.149,0.04,0.099,0.116,0.023,-0.007
6,B1_1,0.352,-0.105,-0.085,-0.02,1.0,-0.269,-0.035,0.155,-0.251,0.124,0.166,0.304,-0.142,-0.314,0.238,-0.171
6,B1_2,-0.096,-0.015,-0.105,0.079,-0.269,1.0,-0.28,-0.231,-0.082,-0.032,-0.265,0.168,0.287,0.143,-0.092,-0.115
6,B1_3,-0.148,0.033,0.238,-0.227,-0.035,-0.28,1.0,0.011,0.149,0.059,0.214,0.107,0.011,-0.042,0.197,0.362
6,A2_1,0.098,0.055,-0.031,0.106,0.155,-0.231,0.011,1.0,-0.224,-0.23,-0.117,-0.263,-0.075,0.089,-0.137,-0.109
6,A2_2,-0.034,-0.061,-0.165,-0.079,-0.251,-0.082,0.149,-0.224,1.0,-0.185,0.046,-0.286,0.098,-0.172,0.179,0.124
6,A2_3,0.004,-0.265,-0.151,0.009,0.124,-0.032,0.059,-0.23,-0.185,1.0,0.381,0.245,-0.012,0.073,-0.267,0.016
6,B2_1,0.108,-0.289,0.047,-0.149,0.166,-0.265,0.214,-0.117,0.046,0.381,1.0,0.307,-0.046,-0.14,-0.103,0.27
6,B2_2,-0.211,-0.245,0.067,0.04,0.304,0.168,0.107,-0.263,-0.286,0.245,0.307,1.0,0.262,-0.118,-0.034,-0.031
6,B2_3,-0.077,-0.02,0.384,0.099,-0.142,0.287,0.011,-0.075,0.098,-0.012,-0.046,0.262,1.0,-0.126,-0.07,-0.275
6,y1,-0.121,0.007,0.155,0.116,-0.314,0.143,-0.042,0.089,-0.172,0.073,-0.14,-0.118,-0.126,1.0,0.143,0.33
6,y2,0.255,0.063,0.108,0.023,0.238,-0.092,0.197,-0.137,0.179,-0.267,-0.103,-0.034,-0.07,0.143,1.0,0.371
6,y3,-0.081,0.196,0.222,-0.007,-0.171,-0.115,0.362,-0.109,0.124,0.016,0.27,-0.031,-0.275,0.33,0.371,1.0
7,.,1.0,0.006,-0.179,0.168,0.348,-0.092,-0.149,0.1,-0.04,0.0,0.108,-0.211,-0.078,-0.112,0.254,-0.083
7,A1_1,0.006,1.0,0.213,0.123,-0.106,-0.017,0.031,0.055,-0.062,-0.265,-0.29,-0.246,-0.022,0.009,0.064,0.196
7,A1_2,-0.179,0.213,1.0,-0.037,-0.085,-0.105,0.239,-0.032,-0.164,-0.153,0.047,0.068,0.383,0.152,0.108,0.222
7,A1_3,0.168,0.123,-0.037,1.0,-0.021,0.079,-0.227,0.105,-0.078,0.008,-0.149,0.04,0.1,0.117,0.026,-0.007
7,B1_1,0.348,-0.106,-0.085,-0.021,1.0,-0.268,-0.033,0.154,-0.25,0.125,0.168,0.304,-0.14,-0.314,0.237,-0.169
7,B1_2,-0.092,-0.017,-0.105,0.079,-0.268,1.0,-0.279,-0.231,-0.081,-0.032,-0.265,0.168,0.288,0.142,-0.094,-0.116
7,B1_3,-0.149,0.031,0.239,-0.227,-0.033,-0.279,1.0,0.011,0.149,0.059,0.215,0.109,0.012,-0.042,0.197,0.362
7,A2_1,0.1,0.055,-0.032,0.105,0.154,-0.231,0.011,1.0,-0.224,-0.231,-0.116,-0.263,-0.075,0.088,-0.138,-0.109
7,A2_2,-0.04,-0.062,-0.164,-0.078,-0.25,-0.081,0.149,-0.224,1.0,-0.185,0.048,-0.285,0.098,-0.172,0.178,0.123
7,A2_3,0.0,-0.265,-0.153,0.008,0.125,-0.032,0.059,-0.231,-0.185,1.0,0.381,0.246,-0.012,0.072,-0.266,0.016
7,B2_1,0.108,-0.29,0.047,-0.149,0.168,-0.265,0.215,-0.116,0.048,0.381,1.0,0.307,-0.045,-0.141,-0.104,0.269
7,B2_2,-0.211,-0.246,0.068,0.04,0.304,0.168,0.109,-0.263,-0.285,0.246,0.307,1.0,0.262,-0.12,-0.034,-0.031
7,B2_3,-0.078,-0.022,0.383,0.1,-0.14,0.288,0.012,-0.075,0.098,-0.012,-0.045,0.262,1.0,-0.128,-0.072,-0.278
7,y1,-0.112,0.009,0.152,0.117,-0.314,0.142,-0.042,0.088,-0.172,0.072,-0.141,-0.12,-0.128,1.0,0.147,0.333
7,y2,0.254,0.064,0.108,0.026,0.237,-0.094,0.197,-0.138,0.178,-0.266,-0.104,-0.034,-0.072,0.147,1.0,0.375
7,y3,-0.083,0.196,0.222,-0.007,-0.169,-0.116,0.362,-0.109,0.123,0.016,0.269,-0.031,-0.278,0.333,0.375,1.0
8,.,1.0,0.009,-0.177,0.169,0.343,-0.089,-0.151,0.096,-0.044,-0.005,0.107,-0.213,-0.081,-0.105,0.256,-0.084
8,A1_1,0.009,1.0,0.214,0.123,-0.105,-0.018,0.031,0.054,-0.062,-0.266,-0.29,-0.247,-0.022,0.008,0.066,0.196
8,A1_2,-0.177,0.214,1.0,-0.037,-0.086,-0.105,0.239,-0.031,-0.164,-0.154,0.047,0.067,0.382,0.151,0.107,0.223
8,A1_3,0.169,0.123,-0.037,1.0,-0.022,0.079,-0.227,0.104,-0.078,0.008,-0.148,0.039,0.1,0.117,0.025,-0.007
8,B1_1,0.343,-0.105,-0.086,-0.022,1.0,-0.268,-0.032,0.154,-0.248,0.125,0.169,0.305,-0.139,-0.314,0.238,-0.167
8,B1_2,-0.089,-0.018,-0.105,0.079,-0.268,1.0,-0.279,-0.231,-0.082,-0.031,-0.264,0.168,0.288,0.142,-0.096,-0.117
8,B1_3,-0.151,0.031,0.239,-0.227,-0.032,-0.279,1.0,0.01,0.149,0.059,0.216,0.11,0.013,-0.042,0.198,0.363
8,A2_1,0.096,0.054,-0.031,0.104,0.154,-0.231,0.01,1.0,-0.223,-0.234,-0.116,-0.263,-0.073,0.088,-0.137,-0.11
8,A2_2,-0.044,-0.062,-0.164,-0.078,-0.248,-0.082,0.149,-0.223,1.0,-0.184,0.05,-0.282,0.098,-0.172,0.176,0.122
8,A2_3,-0.005,-0.266,-0.154,0.008,0.125,-0.031,0.059,-0.234,-0.184,1.0,0.381,0.248,-0.011,0.072,-0.264,0.015
8,B2_1,0.107,-0.29,0.047,-0.148,0.169,-0.264,0.216,-0.116,0.05,0.381,1.0,0.308,-0.044,-0.141,-0.102,0.267
8,B2_2,-0.213,-0.247,0.067,0.039,0.305,0.168,0.11,-0.263,-0.282,0.248,0.308,1.0,0.263,-0.122,-0.034,-0.03
8,B2_3,-0.081,-0.022,0.382,0.1,-0.139,0.288,0.013,-0.073,0.098,-0.011,-0.044,0.263,1.0,-0.128,-0.074,-0.277
8,y1,-0.105,0.008,0.151,0.117,-0.314,0.142,-0.042,0.088,-0.172,0.072,-0.141,-0.122,-0.128,1.0,0.149,0.335
8,y2,0.256,0.066,0.107,0.025,0.238,-0.096,0.198,-0.137,0.176,-0.264,-0.102,-0.034,-0.074,0.149,1.0,0.38
8,y3,-0.084,0.196,0.223,-0.007,-0.167,-0.117,0.363,-0.11,0.122,0.015,0.267,-0.03,-0.277,0.335,0.38,1.0
9,.,1.0,0.009,-0.177,0.17,0.341,-0.087,-0.152,0.094,-0.043,-0.009,0.106,-0.214,-0.081,-0.099,0.259,-0.084
9,A1_1,0.009,1.0,0.214,0.123,-0.106,-0.019,0.031,0.056,-0.061,-0.267,-0.29,-0.248,-0.021,0.007,0.068,0.195
9,A1_2,-0.177,0.214,1.0,-0.038,-0.086,-0.105,0.239,-0.032,-0.164,-0.156,0.047,0.067,0.382,0.148,0.106,0.223
9,A1_3,0.17,0.123,-0.038,1.0,-0.022,0.079,-0.228,0.104,-0.077,0.007,-0.148,0.039,0.101,0.116,0.025,-0.008
9,B1_1,0.341,-0.106,-0.086,-0.022,1.0,-0.267,-0.031,0.154,-0.248,0.125,0.169,0.305,-0.139,-0.314,0.239,-0.167
9,B1_2,-0.087,-0.019,-0.105,0.079,-0.267,1.0,-0.279,-0.231,-0.082,-0.03,-0.264,0.168,0.288,0.142,-0.098,-0.118
9,B1_3,-0.152,0.031,0.239,-0.228,-0.031,-0.279,1.0,0.01,0.15,0.059,0.216,0.11,0.015,-0.044,0.2,0.363
9,A2_1,0.094,0.056,-0.032,0.104,0.154,-0.231,0.01,1.0,-0.223,-0.235,-0.116,-0.263,-0.073,0.086,-0.14,-0.111
9,A2_2,-0.043,-0.061,-0.164,-0.077,-0.248,-0.082,0.15,-0.223,1.0,-0.184,0.05,-0.282,0.098,-0.171,0.176,0.122
9,A2_3,-0.009,-0.267,-0.156,0.007,0.125,-0.03,0.059,-0.235,-0.184,1.0,0.381,0.249,-0.011,0.07,-0.264,0.014
9,B2_1,0.106,-0.29,0.047,-0.148,0.169,-0.264,0.216,-0.116,0.05,0.381,1.0,0.309,-0.044,-0.141,-0.103,0.267
9,B2_2,-0.214,-0.248,0.067,0.039,0.305,0.168,0.11,-0.263,-0.282,0.249,0.309,1.0,0.264,-0.124,-0.033,-0.032
9,B2_3,-0.081,-0.021,0.382,0.101,-0.139,0.288,0.015,-0.073,0.098,-0.011,-0.044,0.264,1.0,-0.131,-0.074,-0.277
9,y1,-0.099,0.007,0.148,0.116,-0.314,0.142,-0.044,0.086,-0.171,0.07,-0.141,-0.124,-0.131,1.0,0.151,0.336
9,y2,0.259,0.068,0.106,0.025,0.239,-0.098,0.2,-0.14,0.176,-0.264,-0.103,-0.033,-0.074,0.151,1.0,0.382
9,y3,-0.084,0.195,0.223,-0.008,-0.167,-0.118,0.363,-0.111,0.122,0.014,0.267,-0.032,-0.277,0.336,0.382,1.0
10,.,1.0,0.007,-0.174,0.168,0.336,-0.085,-0.151,0.092,-0.046,-0.013,0.105,-0.214,-0.08,-0.094,0.26,-0.084
10,A1_1,0.007,1.0,0.213,0.123,-0.106,-0.019,0.03,0.055,-0.06,-0.267,-0.291,-0.249,-0.021,0.005,0.069,0.195
10,A1_2,-0.174,0.213,1.0,-0.039,-0.087,-0.104,0.239,-0.031,-0.162,-0.157,0.048,0.068,0.383,0.147,0.105,0.223
10,A1_3,0.168,0.123,-0.039,1.0,-0.023,0.079,-0.227,0.104,-0.076,0.007,-0.147,0.038,0.101,0.117,0.026,-0.007
10,B1_1,0.336,-0.106,-0.087,-0.023,1.0,-0.267,-0.031,0.154,-0.248,0.126,0.17,0.306,-0.138,-0.313,0.241,-0.164
10,B1_2,-0.085,-0.019,-0.104,0.079,-0.267,1.0,-0.278,-0.231,-0.083,-0.03,-0.264,0.168,0.288,0.141,-0.098,-0.12
10,B1_3,-0.151,0.03,0.239,-0.227,-0.031,-0.278,1.0,0.009,0.152,0.059,0.217,0.109,0.016,-0.047,0.198,0.362
10,A2_1,0.092,0.055,-0.031,0.104,0.154,-0.231,0.009,1.0,-0.223,-0.235,-0.116,-0.263,-0.073,0.084,-0.142,-0.112
10,A2_2,-0.046,-0.06,-0.162,-0.076,-0.248,-0.083,0.152,-0.223,1.0,-0.183,0.05,-0.282,0.098,-0.171,0.175,0.123
10,A2_3,-0.013,-0.267,-0.157,0.007,0.126,-0.03,0.059,-0.235,-0.183,1.0,0.382,0.249,-0.011,0.07,-0.263,0.015
10,B2_1,0.105,-0.291,0.048,-0.147,0.17,-0.264,0.217,-0.116,0.05,0.382,1.0,0.309,-0.044,-0.141,-0.102,0.266
10,B2_2,-0.214,-0.249,0.068,0.038,0.306,0.168,0.109,-0.263,-0.282,0.249,0.309,1.0,0.264,-0.124,-0.033,-0.031
10,B2_3,-0.08,-0.021,0.383,0.101,-0.138,0.288,0.016,-0.073,0.098,-0.011,-0.044,0.264,1.0,-0.131,-0.076,-0.278
10,y1,-0.094,0.005,0.147,0.117,-0.313,0.141,-0.047,0.084,-0.171,0.07,-0.141,-0.124,-0.131,1.0,0.153,0.338
10,y2,0.26,0.069,0.105,0.026,0.241,-0.098,0.198,-0.142,0.175,-0.263,-0.102,-0.033,-0.076,0.153,1.0,0.386
10,y3,-0.084,0.195,0.223,-0.007,-0.164,-0.12,0.362,-0.112,0.123,0.015,0.266,-0.031,-0.278,0.338,0.386,1.0
11,.,1.0,0.009,-0.171,0.168,0.334,-0.08,-0.147,0.088,-0.05,-0.012,0.104,-0.212,-0.077,-0.09,0.259,-0.087
11,A1_1,0.009,1.0,0.212,0.122,-0.109,-0.019,0.029,0.053,-0.059,-0.269,-0.291,-0.25,-0.022,0.006,0.071,0.197
11,A1_2,-0.171,0.212,1.0,-0.038,-0.087,-0.105,0.239,-0.032,-0.16,-0.157,0.048,0.068,0.383,0.145,0.102,0.223
11,A1_3,0.168,0.122,-0.038,1.0,-0.024,0.079,-0.226,0.103,-0.077,0.006,-0.145,0.039,0.102,0.118,0.024,-0.007
11,B1_1,0.334,-0.109,-0.087,-0.024,1.0,-0.266,-0.028,0.154,-0.249,0.126,0.171,0.306,-0.136,-0.314,0.24,-0.161
11,B1_2,-0.08,-0.019,-0.105,0.079,-0.266,1.0,-0.278,-0.23,-0.082,-0.03,-0.264,0.168,0.288,0.141,-0.099,-0.12
11,B1_3,-0.147,0.029,0.239,-0.226,-0.028,-0.278,1.0,0.008,0.151,0.061,0.218,0.109,0.019,-0.049,0.198,0.36
11,A2_1,0.088,0.053,-0.032,0.103,0.154,-0.23,0.008,1.0,-0.224,-0.236,-0.114,-0.263,-0.074,0.084,-0.145,-0.113
11,A2_2,-0.05,-0.059,-0.16,-0.077,-0.249,-0.082,0.151,-0.224,1.0,-0.184,0.052,-0.282,0.1,-0.172,0.174,0.12
11,A2_3,-0.012,-0.269,-0.157,0.006,0.126,-0.03,0.061,-0.236,-0.184,1.0,0.383,0.25,-0.008,0.069,-0.264,0.014
11,B2_1,0.104,-0.291,0.048,-0.145,0.171,-0.264,0.218,-0.114,0.052,0.383,1.0,0.31,-0.041,-0.143,-0.102,0.266
11,B2_2,-0.212,-0.25,0.068,0.039,0.306,0.168,0.109,-0.263,-0.282,0.25,0.31,1.0,0.264,-0.126,-0.032,-0.03
11,B2_3,-0.077,-0.022,0.383,0.102,-0.136,0.288,0.019,-0.074,0.1,-0.008,-0.041,0.264,1.0,-0.135,-0.078,-0.279
11,y1,-0.09,0.006,0.145,0.118,-0.314,0.141,-0.049,0.084,-0.172,0.069,-0.143,-0.126,-0.135,1.0,0.154,0.339
11,y2,0.259,0.071,0.102,0.024,0.24,-0.099,0.198,-0.145,0.174,-0.264,-0.102,-0.032,-0.078,0.154,1.0,0.389
11,y3,-0.087,0.197,0.223,-0.007,-0.161,-0.12,0.36,-0.113,0.12,0.014,0.266,-0.03,-0.279,0.339,0.389,1.0
12,.,1.0,0.007,-0.169,0.169,0.332,-0.076,-0.147,0.086,-0.05,-0.011,0.105,-0.21,-0.075,-0.086,0.259,-0.086
12,A1_1,0.007,1.0,0.211,0.122,-0.108,-0.02,0.028,0.053,-0.059,-0.269,-0.291,-0.25,-0.022,0.006,0.072,0.196
12,A1_2,-0.169,0.211,1.0,-0.037,-0.087,-0.105,0.24,-0.031,-0.16,-0.157,0.049,0.068,0.383,0.144,0.103,0.224
12,A1_3,0.169,0.122,-0.037,1.0,-0.024,0.079,-0.227,0.102,-0.078,0.006,-0.145,0.039,0.102,0.12,0.023,-0.007
12,B1_1,0.332,-0.108,-0.087,-0.024,1.0,-0.266,-0.028,0.154,-0.248,0.126,0.172,0.306,-0.136,-0.313,0.24,-0.159
12,B1_2,-0.076,-0.02,-0.105,0.079,-0.266,1.0,-0.278,-0.231,-0.082,-0.03,-0.263,0.168,0.288,0.14,-0.1,-0.121
12,B1_3,-0.147,0.028,0.24,-0.227,-0.028,-0.278,1.0,0.009,0.151,0.061,0.218,0.109,0.02,-0.049,0.199,0.361
12,A2_1,0.086,0.053,-0.031,0.102,0.154,-0.231,0.009,1.0,-0.225,-0.235,-0.113,-0.262,-0.074,0.085,-0.146,-0.113
12,A2_2,-0.05,-0.059,-0.16,-0.078,-0.248,-0.082,0.151,-0.225,1.0,-0.185,0.053,-0.281,0.1,-0.173,0.174,0.119
12,A2_3,-0.011,-0.269,-0.157,0.006,0.126,-0.03,0.061,-0.235,-0.185,1.0,0.383,0.25,-0.009,0.069,-0.264,0.015
12,B2_1,0.105,-0.291,0.049,-0.145,0.172,-0.263,0.218,-0.113,0.053,0.383,1.0,0.31,-0.041,-0.145,-0.102,0.266
12,B2_2,-0.21,-0.25,0.068,0.039,0.306,0.168,0.109,-0.262,-0.281,0.25,0.31,1.0,0.264,-0.126,-0.032,-0.03
12,B2_3,-0.075,-0.022,0.383,0.102,-0.136,0.288,0.02,-0.074,0.1,-0.009,-0.041,0.264,1.0,-0.136,-0.08,-0.279
12,y1,-0.086,0.006,0.144,0.12,-0.313,0.14,-0.049,0.085,-0.173,0.069,-0.145,-0.126,-0.136,1.0,0.156,0.341
12,y2,0.259,0.072,0.103,0.023,0.24,-0.1,0.199,-0.146,0.174,-0.264,-0.102,-0.032,-0.08,0.156,1.0,0.391
12,y3,-0.086,0.196,0.224,-0.007,-0.159,-0.121,0.361,-0.113,0.119,0.015,0.266,-0.03,-0.279,0.341,0.391,1.0
13,.,1.0,0.004,-0.17,0.167,0.329,-0.074,-0.147,0.083,-0.05,-0.013,0.108,-0.212,-0.078,-0.083,0.259,-0.083
13,A1_1,0.004,1.0,0.21,0.123,-0.109,-0.02,0.027,0.054,-0.059,-0.269,-0.292,-0.25,-0.022,0.007,0.071,0.196
13,A1_2,-0.17,0.21,1.0,-0.038,-0.087,-0.105,0.24,-0.031,-0.16,-0.157,0.049,0.068,0.383,0.142,0.101,0.223
13,A1_3,0.167,0.123,-0.038,1.0,-0.024,0.079,-0.226,0.102,-0.078,0.007,-0.144,0.039,0.103,0.12,0.023,-0.007
13,B1_1,0.329,-0.109,-0.087,-0.024,1.0,-0.265,-0.027,0.153,-0.249,0.126,0.172,0.307,-0.135,-0.311,0.24,-0.157
13,B1_2,-0.074,-0.02,-0.105,0.079,-0.265,1.0,-0.278,-0.231,-0.082,-0.03,-0.264,0.168,0.288,0.138,-0.101,-0.121
13,B1_3,-0.147,0.027,0.24,-0.226,-0.027,-0.278,1.0,0.008,0.15,0.061,0.219,0.11,0.02,-0.05,0.2,0.36
13,A2_1,0.083,0.054,-0.031,0.102,0.153,-0.231,0.008,1.0,-0.225,-0.234,-0.113,-0.263,-0.074,0.086,-0.146,-0.113
13,A2_2,-0.05,-0.059,-0.16,-0.078,-0.249,-0.082,0.15,-0.225,1.0,-0.186,0.053,-0.281,0.1,-0.174,0.173,0.118
13,A2_3,-0.013,-0.269,-0.157,0.007,0.126,-0.03,0.061,-0.234,-0.186,1.0,0.384,0.251,-0.009,0.07,-0.262,0.016
13,B2_1,0.108,-0.292,0.049,-0.144,0.172,-0.264,0.219,-0.113,0.053,0.384,1.0,0.31,-0.04,-0.145,-0.102,0.267
13,B2_2,-0.212,-0.25,0.068,0.039,0.307,0.168,0.11,-0.263,-0.281,0.251,0.31,1.0,0.265,-0.126,-0.031,-0.029
13,B2_3,-0.078,-0.022,0.383,0.103,-0.135,0.288,0.02,-0.074,0.1,-0.009,-0.04,0.265,1.0,-0.138,-0.08,-0.279
13,y1,-0.083,0.007,0.142,0.12,-0.311,0.138,-0.05,0.086,-0.174,0.07,-0.145,-0.126,-0.138,1.0,0.158,0.342
13,y2,0.259,0.071,0.101,0.023,0.24,-0.101,0.2,-0.146,0.173,-0.262,-0.102,-0.031,-0.08,0.158,1.0,0.393
13,y3,-0.083,0.196,0.223,-0.007,-0.157,-0.121,0.36,-0.113,0.118,0.016,0.267,-0.029,-0.279,0.342,0.393,1.0
14,.,1.0,0.002,-0.167,0.168,0.327,-0.073,-0.145,0.081,-0.053,-0.012,0.107,-0.21,-0.077,-0.074,0.26,-0.084
14,A1_1,0.002,1.0,0.21,0.123,-0.11,-0.02,0.027,0.054,-0.059,-0.269,-0.293,-0.251,-0.023,0.006,0.07,0.196
14,A1_2,-0.167,0.21,1.0,-0.039,-0.087,-0.105,0.24,-0.03,-0.159,-0.157,0.049,0.068,0.383,0.14,0.101,0.223
14,A1_3,0.168,0.123,-0.039,1.0,-0.025,0.08,-0.229,0.101,-0.076,0.005,-0.145,0.038,0.103,0.12,0.024,-0.01
14,B1_1,0.327,-0.11,-0.087,-0.025,1.0,-0.264,-0.027,0.153,-0.249,0.127,0.173,0.307,-0.133,-0.31,0.239,-0.156
14,B1_2,-0.073,-0.02,-0.105,0.08,-0.264,1.0,-0.278,-0.231,-0.083,-0.03,-0.264,0.168,0.288,0.137,-0.103,-0.122
14,B1_3,-0.145,0.027,0.24,-0.229,-0.027,-0.278,1.0,0.009,0.15,0.061,0.219,0.11,0.02,-0.049,0.199,0.36
14,A2_1,0.081,0.054,-0.03,0.101,0.153,-0.231,0.009,1.0,-0.225,-0.235,-0.113,-0.263,-0.074,0.086,-0.147,-0.113
14,A2_2,-0.053,-0.059,-0.159,-0.076,-0.249,-0.083,0.15,-0.225,1.0,-0.186,0.053,-0.281,0.1,-0.175,0.172,0.118
14,A2_3,-0.012,-0.269,-0.157,0.005,0.127,-0.03,0.061,-0.235,-0.186,1.0,0.383,0.25,-0.008,0.07,-0.262,0.016
14,B2_1,0.107,-0.293,0.049,-0.145,0.173,-0.264,0.219,-0.113,0.053,0.383,1.0,0.311,-0.04,-0.145,-0.102,0.265
14,B2_2,-0.21,-0.251,0.068,0.038,0.307,0.168,0.11,-0.263,-0.281,0.25,0.311,1.0,0.265,-0.126,-0.032,-0.029
14,B2_3,-0.077,-0.023,0.383,0.103,-0.133,0.288,0.02,-0.074,0.1,-0.008,-0.04,0.265,1.0,-0.14,-0.081,-0.28
14,y1,-0.074,0.006,0.14,0.12,-0.31,0.137,-0.049,0.086,-0.175,0.07,-0.145,-0.126,-0.14,1.0,0.161,0.344
14,y2,0.26,0.07,0.101,0.024,0.239,-0.103,0.199,-0.147,0.172,-0.262,-0.102,-0.032,-0.081,0.161,1.0,0.395
14,y3,-0.084,0.196,0.223,-0.01,-0.156,-0.122,0.36,-0.113,0.118,0.016,0.265,-0.029,-0.28,0.344,0.395,1.0
15,.,1.0,0.002,-0.167,0.169,0.327,-0.071,-0.145,0.08,-0.053,-0.014,0.106,-0.208,-0.076,-0.072,0.262,-0.085
15,A1_1,0.002,1.0,0.209,0.123,-0.11,-0.02,0.026,0.055,-0.058,-0.27,-0.293,-0.251,-0.023,0.007,0.07,0.196
15,A1_2,-0.167,0.209,1.0,-0.039,-0.087,-0.106,0.24,-0.031,-0.159,-0.158,0.049,0.068,0.383,0.138,0.101,0.223
15,A1_3,0.169,0.123,-0.039,1.0,-0.026,0.081,-0.231,0.1,-0.076,0.003,-0.146,0.038,0.105,0.121,0.022,-0.012
15,B1_1,0.327,-0.11,-0.087,-0.026,1.0,-0.263,-0.027,0.154,-0.249,0.127,0.173,0.307,-0.133,-0.309,0.239,-0.155
15,B1_2,-0.071,-0.02,-0.106,0.081,-0.263,1.0,-0.278,-0.231,-0.084,-0.03,-0.264,0.169,0.288,0.138,-0.103,-0.123
15,B1_3,-0.145,0.026,0.24,-0.231,-0.027,-0.278,1.0,0.009,0.149,0.061,0.219,0.11,0.021,-0.05,0.2,0.361
15,A2_1,0.08,0.055,-0.031,0.1,0.154,-0.231,0.009,1.0,-0.225,-0.236,-0.112,-0.263,-0.075,0.086,-0.149,-0.112
15,A2_2,-0.053,-0.058,-0.159,-0.076,-0.249,-0.084,0.149,-0.225,1.0,-0.186,0.054,-0.28,0.099,-0.176,0.172,0.118
15,A2_3,-0.014,-0.27,-0.158,0.003,0.127,-0.03,0.061,-0.236,-0.186,1.0,0.384,0.251,-0.008,0.068,-0.261,0.016
15,B2_1,0.106,-0.293,0.049,-0.146,0.173,-0.264,0.219,-0.112,0.054,0.384,1.0,0.311,-0.04,-0.148,-0.101,0.265
15,B2_2,-0.208,-0.251,0.068,0.038,0.307,0.169,0.11,-0.263,-0.28,0.251,0.311,1.0,0.265,-0.126,-0.031,-0.029
15,B2_3,-0.076,-0.023,0.383,0.105,-0.133,0.288,0.021,-0.075,0.099,-0.008,-0.04,0.265,1.0,-0.141,-0.082,-0.28
15,y1,-0.072,0.007,0.138,0.121,-0.309,0.138,-0.05,0.086,-0.176,0.068,-0.148,-0.126,-0.141,1.0,0.164,0.344
15,y2,0.262,0.07,0.101,0.022,0.239,-0.103,0.2,-0.149,0.172,-0.261,-0.101,-0.031,-0.082,0.164,1.0,0.396
15,y3,-0.085,0.196,0.223,-0.012,-0.155,-0.123,0.361,-0.112,0.118,0.016,0.265,-0.029,-0.28,0.344,0.396,1.0
16,.,1.0,0.001,-0.166,0.169,0.326,-0.069,-0.145,0.078,-0.053,-0.015,0.108,-0.209,-0.077,-0.068,0.26,-0.082
16,A1_1,0.001,1.0,0.209,0.124,-0.11,-0.021,0.027,0.055,-0.057,-0.271,-0.293,-0.251,-0.024,0.007,0.069,0.196
16,A1_2,-0.166,0.209,1.0,-0.038,-0.088,-0.105,0.24,-0.031,-0.158,-0.158,0.049,0.068,0.383,0.137,0.102,0.223
16,A1_3,0.169,0.124,-0.038,1.0,-0.026,0.082,-0.232,0.1,-0.077,0.004,-0.146,0.038,0.106,0.123,0.022,-0.012
16,B1_1,0.326,-0.11,-0.088,-0.026,1.0,-0.263,-0.026,0.153,-0.248,0.127,0.173,0.308,-0.133,-0.309,0.239,-0.153
16,B1_2,-0.069,-0.021,-0.105,0.082,-0.263,1.0,-0.277,-0.231,-0.084,-0.03,-0.264,0.169,0.289,0.137,-0.104,-0.123
16,B1_3,-0.145,0.027,0.24,-0.232,-0.026,-0.277,1.0,0.007,0.149,0.061,0.219,0.11,0.021,-0.05,0.201,0.361
16,A2_1,0.078,0.055,-0.031,0.1,0.153,-0.231,0.007,1.0,-0.224,-0.237,-0.113,-0.263,-0.075,0.084,-0.149,-0.114
16,A2_2,-0.053,-0.057,-0.158,-0.077,-0.248,-0.084,0.149,-0.224,1.0,-0.185,0.053,-0.281,0.099,-0.176,0.171,0.117
16,A2_3,-0.015,-0.271,-0.158,0.004,0.127,-0.03,0.061,-0.237,-0.185,1.0,0.384,0.251,-0.008,0.067,-0.261,0.017
16,B2_1,0.108,-0.293,0.049,-0.146,0.173,-0.264,0.219,-0.113,0.053,0.384,1.0,0.311,-0.04,-0.149,-0.101,0.265
16,B2_2,-0.209,-0.251,0.068,0.038,0.308,0.169,0.11,-0.263,-0.281,0.251,0.311,1.0,0.265,-0.126,-0.03,-0.029
16,B2_3,-0.077,-0.024,0.383,0.106,-0.133,0.289,0.021,-0.075,0.099,-0.008,-0.04,0.265,1.0,-0.142,-0.082,-0.281
16,y1,-0.068,0.007,0.137,0.123,-0.309,0.137,-0.05,0.084,-0.176,0.067,-0.149,-0.126,-0.142,1.0,0.165,0.346
16,y2,0.26,0.069,0.102,0.022,0.239,-0.104,0.201,-0.149,0.171,-0.261,-0.101,-0.03,-0.082,0.165,1.0,0.399
16,y3,-0.082,0.196,0.223,-0.012,-0.153,-0.123,0.361,-0.114,0.117,0.017,0.265,-0.029,-0.281,0.346,0.399,1.0
17,.,1.0,-0.001,-0.165,0.169,0.326,-0.067,-0.146,0.077,-0.052,-0.014,0.108,-0.21,-0.077,-0.065,0.259,-0.084
17,A1_1,-0.001,1.0,0.208,0.124,-0.111,-0.02,0.026,0.055,-0.056,-0.272,-0.293,-0.252,-0.024,0.007,0.069,0.195
17,A1_2,-0.165,0.208,1.0,-0.038,-0.088,-0.105,0.241,-0.031,-0.159,-0.158,0.05,0.068,0.383,0.137,0.101,0.222
17,A1_3,0.169,0.124,-0.038,1.0,-0.026,0.083,-0.233,0.101,-0.078,0.003,-0.147,0.038,0.106,0.125,0.025,-0.013
17,B1_1,0.326,-0.111,-0.088,-0.026,1.0,-0.263,-0.026,0.153,-0.249,0.127,0.173,0.308,-0.133,-0.308,0.239,-0.153
17,B1_2,-0.067,-0.02,-0.105,0.083,-0.263,1.0,-0.277,-0.231,-0.084,-0.03,-0.264,0.169,0.289,0.136,-0.105,-0.122
17,B1_3,-0.146,0.026,0.241,-0.233,-0.026,-0.277,1.0,0.006,0.149,0.061,0.219,0.11,0.021,-0.05,0.2,0.362
17,A2_1,0.077,0.055,-0.031,0.101,0.153,-0.231,0.006,1.0,-0.224,-0.237,-0.113,-0.263,-0.074,0.083,-0.149,-0.115
17,A2_2,-0.052,-0.056,-0.159,-0.078,-0.249,-0.084,0.149,-0.224,1.0,-0.186,0.053,-0.281,0.099,-0.177,0.172,0.117
17,A2_3,-0.014,-0.272,-0.158,0.003,0.127,-0.03,0.061,-0.237,-0.186,1.0,0.385,0.251,-0.008,0.066,-0.261,0.016
17,B2_1,0.108,-0.293,0.05,-0.147,0.173,-0.264,0.219,-0.113,0.053,0.385,1.0,0.311,-0.04,-0.15,-0.101,0.265
17,B2_2,-0.21,-0.252,0.068,0.038,0.308,0.169,0.11,-0.263,-0.281,0.251,0.311,1.0,0.265,-0.125,-0.031,-0.029
17,B2_3,-0.077,-0.024,0.383,0.106,-0.133,0.289,0.021,-0.074,0.099,-0.008,-0.04,0.265,1.0,-0.143,-0.082,-0.281
17,y1,-0.065,0.007,0.137,0.125,-0.308,0.136,-0.05,0.083,-0.177,0.066,-0.15,-0.125,-0.143,1.0,0.167,0.346
17,y2,0.259,0.069,0.101,0.025,0.239,-0.105,0.2,-0.149,0.172,-0.261,-0.101,-0.031,-0.082,0.167,1.0,0.4
17,y3,-0.084,0.195,0.222,-0.013,-0.153,-0.122,0.362,-0.115,0.117,0.016,0.265,-0.029,-0.281,0.346,0.4,1.0
18,.,1.0,-0.002,-0.164,0.168,0.325,-0.067,-0.146,0.076,-0.053,-0.014,0.108,-0.21,-0.076,-0.062,0.257,-0.085
18,A1_1,-0.002,1.0,0.208,0.125,-0.112,-0.02,0.026,0.055,-0.055,-0.273,-0.293,-0.252,-0.024,0.005,0.067,0.195
18,A1_2,-0.164,0.208,1.0,-0.037,-0.088,-0.104,0.24,-0.031,-0.158,-0.159,0.05,0.069,0.383,0.136,0.101,0.222
18,A1_3,0.168,0.125,-0.037,1.0,-0.026,0.082,-0.234,0.1,-0.079,0.003,-0.147,0.038,0.106,0.127,0.023,-0.014
18,B1_1,0.325,-0.112,-0.088,-0.026,1.0,-0.262,-0.026,0.153,-0.249,0.126,0.173,0.308,-0.133,-0.308,0.238,-0.151
18,B1_2,-0.067,-0.02,-0.104,0.082,-0.262,1.0,-0.276,-0.232,-0.084,-0.03,-0.264,0.169,0.29,0.136,-0.104,-0.122
18,B1_3,-0.146,0.026,0.24,-0.234,-0.026,-0.276,1.0,0.006,0.149,0.062,0.219,0.11,0.021,-0.05,0.201,0.363
18,A2_1,0.076,0.055,-0.031,0.1,0.153,-0.232,0.006,1.0,-0.224,-0.237,-0.113,-0.263,-0.074,0.084,-0.15,-0.115
18,A2_2,-0.053,-0.055,-0.158,-0.079,-0.249,-0.084,0.149,-0.224,1.0,-0.186,0.053,-0.281,0.099,-0.176,0.172,0.116
18,A2_3,-0.014,-0.273,-0.159,0.003,0.126,-0.03,0.062,-0.237,-0.186,1.0,0.385,0.251,-0.009,0.065,-0.259,0.018
18,B2_1,0.108,-0.293,0.05,-0.147,0.173,-0.264,0.219,-0.113,0.053,0.385,1.0,0.311,-0.04,-0.151,-0.101,0.266
18,B2_2,-0.21,-0.252,0.069,0.038,0.308,0.169,0.11,-0.263,-0.281,0.251,0.311,1.0,0.265,-0.125,-0.031,-0.029
18,B2_3,-0.076,-0.024,0.383,0.106,-0.133,0.29,0.021,-0.074,0.099,-0.009,-0.04,0.265,1.0,-0.143,-0.082,-0.282
18,y1,-0.062,0.005,0.136,0.127,-0.308,0.136,-0.05,0.084,-0.176,0.065,-0.151,-0.125,-0.143,1.0,0.169,0.348
18,y2,0.257,0.067,0.101,0.023,0.238,-0.104,0.201,-0.15,0.172,-0.259,-0.101,-0.031,-0.082,0.169,1.0,0.401
18,y3,-0.085,0.195,0.222,-0.014,-0.151,-0.122,0.363,-0.115,0.116,0.018,0.266,-0.029,-0.282,0.348,0.401,1.0
19,.,1.0,-0.002,-0.151,0.166,0.327,-0.061,-0.141,0.08,-0.062,-0.016,0.112,-0.204,-0.067,-0.06,0.25,-0.092
19,A1_1,-0.002,1.0,0.208,0.124,-0.113,-0.019,0.024,0.054,-0.054,-0.273,-0.295,-0.252,-0.024,0.004,0.067,0.196
19,A1_2,-0.151,0.208,1.0,-0.039,-0.089,-0.103,0.241,-0.032,-0.16,-0.16,0.052,0.07,0.383,0.138,0.099,0.221
19,A1_3,0.166,0.124,-0.039,1.0,-0.028,0.086,-0.237,0.096,-0.08,0.001,-0.145,0.037,0.109,0.13,0.027,-0.015
19,B1_1,0.327,-0.113,-0.089,-0.028,1.0,-0.258,-0.024,0.15,-0.249,0.124,0.177,0.308,-0.127,-0.311,0.238,-0.149
19,B1_2,-0.061,-0.019,-0.103,0.086,-0.258,1.0,-0.273,-0.231,-0.083,-0.028,-0.262,0.17,0.291,0.134,-0.104,-0.123
19,B1_3,-0.141,0.024,0.241,-0.237,-0.024,-0.273,1.0,0.006,0.148,0.061,0.221,0.113,0.024,-0.051,0.198,0.362
19,A2_1,0.08,0.054,-0.032,0.096,0.15,-0.231,0.006,1.0,-0.224,-0.24,-0.113,-0.265,-0.075,0.083,-0.151,-0.116
19,A2_2,-0.062,-0.054,-0.16,-0.08,-0.249,-0.083,0.148,-0.224,1.0,-0.185,0.055,-0.28,0.099,-0.175,0.171,0.116
19,A2_3,-0.016,-0.273,-0.16,0.001,0.124,-0.028,0.061,-0.24,-0.185,1.0,0.387,0.251,-0.008,0.064,-0.256,0.016
19,B2_1,0.112,-0.295,0.052,-0.145,0.177,-0.262,0.221,-0.113,0.055,0.387,1.0,0.311,-0.035,-0.155,-0.101,0.264
19,B2_2,-0.204,-0.252,0.07,0.037,0.308,0.17,0.113,-0.265,-0.28,0.251,0.311,1.0,0.267,-0.129,-0.031,-0.029
19,B2_3,-0.067,-0.024,0.383,0.109,-0.127,0.291,0.024,-0.075,0.099,-0.008,-0.035,0.267,1.0,-0.144,-0.084,-0.283
19,y1,-0.06,0.004,0.138,0.13,-0.311,0.134,-0.051,0.083,-0.175,0.064,-0.155,-0.129,-0.144,1.0,0.172,0.348
19,y2,0.25,0.067,0.099,0.027,0.238,-0.104,0.198,-0.151,0.171,-0.256,-0.101,-0.031,-0.084,0.172,1.0,0.404
19,y3,-0.092,0.196,0.221,-0.015,-0.149,-0.123,0.362,-0.116,0.116,0.016,0.264,-0.029,-0.283,0.348,0.404,1.0
20,.,1.0,-0.002,-0.149,0.165,0.326,-0.06,-0.14,0.078,-0.065,-0.016,0.113,-0.203,-0.067,-0.058,0.249,-0.092
20,A1_1,-0.002,1.0,0.208,0.125,-0.114,-0.02,0.023,0.054,-0.053,-0.274,-0.295,-0.253,-0.024,0.004,0.067,0.195
20,A1_2,-0.149,0.208,1.0,-0.039,-0.09,-0.103,0.24,-0.032,-0.16,-0.161,0.052,0.069,0.383,0.137,0.098,0.22
20,A1_3,0.165,0.125,-0.039,1.0,-0.028,0.086,-0.237,0.097,-0.082,0.0,-0.145,0.037,0.109,0.133,0.028,-0.016
20,B1_1,0.326,-0.114,-0.09,-0.028,1.0,-0.256,-0.023,0.149,-0.249,0.124,0.178,0.309,-0.126,-0.311,0.237,-0.148
20,B1_2,-0.06,-0.02,-0.103,0.086,-0.256,1.0,-0.272,-0.23,-0.083,-0.027,-0.262,0.171,0.292,0.132,-0.102,-0.124
20,B1_3,-0.14,0.023,0.24,-0.237,-0.023,-0.272,1.0,0.005,0.147,0.06,0.222,0.113,0.025,-0.053,0.198,0.363
20,A2_1,0.078,0.054,-0.032,0.097,0.149,-0.23,0.005,1.0,-0.222,-0.241,-0.114,-0.265,-0.074,0.082,-0.151,-0.116
20,A2_2,-0.065,-0.053,-0.16,-0.082,-0.249,-0.083,0.147,-0.222,1.0,-0.186,0.055,-0.281,0.098,-0.175,0.17,0.116
20,A2_3,-0.016,-0.274,-0.161,0.0,0.124,-0.027,0.06,-0.241,-0.186,1.0,0.387,0.252,-0.008,0.063,-0.257,0.016
20,B2_1,0.113,-0.295,0.052,-0.145,0.178,-0.262,0.222,-0.114,0.055,0.387,1.0,0.312,-0.034,-0.156,-0.103,0.264
20,B2_2,-0.203,-0.253,0.069,0.037,0.309,0.171,0.113,-0.265,-0.281,0.252,0.312,1.0,0.267,-0.13,-0.031,-0.029
20,B2_3,-0.067,-0.024,0.383,0.109,-0.126,0.292,0.025,-0.074,0.098,-0.008,-0.034,0.267,1.0,-0.146,-0.084,-0.282
20,y1,-0.058,0.004,0.137,0.133,-0.311,0.132,-0.053,0.082,-0.175,0.063,-0.156,-0.13,-0.146,1.0,0.174,0.348
20,y2,0.249,0.067,0.098,0.028,0.237,-0.102,0.198,-0.151,0.17,-0.257,-0.103,-0.031,-0.084,0.174,1.0,0.405
20,y3,-0.092,0.195,0.22,-0.016,-0.148,-0.124,0.363,-0.116,0.116,0.016,0.264,-0.029,-0.282,0.348,0.405,1.0
21,.,1.0,-0.005,-0.148,0.163,0.325,-0.057,-0.14,0.076,-0.067,-0.014,0.117,-0.201,-0.067,-0.055,0.248,-0.092
21,A1_1,-0.005,1.0,0.208,0.126,-0.115,-0.021,0.022,0.053,-0.051,-0.276,-0.295,-0.253,-0.024,0.004,0.067,0.194
21,A1_2,-0.148,0.208,1.0,-0.038,-0.09,-0.104,0.24,-0.032,-0.16,-0.162,0.052,0.069,0.383,0.137,0.096,0.222
21,A1_3,0.163,0.126,-0.038,1.0,-0.029,0.086,-0.237,0.096,-0.082,-0.0,-0.145,0.038,0.109,0.134,0.028,-0.015
21,B1_1,0.325,-0.115,-0.09,-0.029,1.0,-0.255,-0.023,0.15,-0.251,0.123,0.178,0.31,-0.126,-0.311,0.236,-0.147
21,B1_2,-0.057,-0.021,-0.104,0.086,-0.255,1.0,-0.272,-0.229,-0.084,-0.026,-0.262,0.171,0.293,0.13,-0.103,-0.124
21,B1_3,-0.14,0.022,0.24,-0.237,-0.023,-0.272,1.0,0.005,0.146,0.059,0.222,0.114,0.026,-0.054,0.197,0.363
21,A2_1,0.076,0.053,-0.032,0.096,0.15,-0.229,0.005,1.0,-0.223,-0.242,-0.113,-0.265,-0.075,0.082,-0.152,-0.115
21,A2_2,-0.067,-0.051,-0.16,-0.082,-0.251,-0.084,0.146,-0.223,1.0,-0.186,0.055,-0.281,0.098,-0.174,0.17,0.117
21,A2_3,-0.014,-0.276,-0.162,-0.0,0.123,-0.026,0.059,-0.242,-0.186,1.0,0.387,0.253,-0.007,0.061,-0.257,0.014
21,B2_1,0.117,-0.295,0.052,-0.145,0.178,-0.262,0.222,-0.113,0.055,0.387,1.0,0.312,-0.034,-0.158,-0.105,0.263
21,B2_2,-0.201,-0.253,0.069,0.038,0.31,0.171,0.114,-0.265,-0.281,0.253,0.312,1.0,0.268,-0.131,-0.033,-0.028
21,B2_3,-0.067,-0.024,0.383,0.109,-0.126,0.293,0.026,-0.075,0.098,-0.007,-0.034,0.268,1.0,-0.146,-0.084,-0.282
21,y1,-0.055,0.004,0.137,0.134,-0.311,0.13,-0.054,0.082,-0.174,0.061,-0.158,-0.131,-0.146,1.0,0.177,0.35
21,y2,0.248,0.067,0.096,0.028,0.236,-0.103,0.197,-0.152,0.17,-0.257,-0.105,-0.033,-0.084,0.177,1.0,0.406
21,y3,-0.092,0.194,0.222,-0.015,-0.147,-0.124,0.363,-0.115,0.117,0.014,0.263,-0.028,-0.282,0.35,0.406,1.0
22,.,1.0,-0.006,-0.145,0.161,0.323,-0.055,-0.138,0.074,-0.07,-0.011,0.12,-0.199,-0.066,-0.052,0.243,-0.093
22,A1_1,-0.006,1.0,0.208,0.126,-0.116,-0.02,0.021,0.053,-0.051,-0.276,-0.295,-0.254,-0.025,0.004,0.068,0.195
22,A1_2,-0.145,0.208,1.0,-0.039,-0.09,-0.104,0.24,-0.032,-0.162,-0.162,0.053,0.07,0.382,0.137,0.095,0.221
22,A1_3,0.161,0.126,-0.039,1.0,-0.029,0.086,-0.24,0.096,-0.082,-0.002,-0.146,0.037,0.108,0.135,0.029,-0.017
22,B1_1,0.323,-0.116,-0.09,-0.029,1.0,-0.254,-0.022,0.149,-0.251,0.122,0.179,0.31,-0.125,-0.311,0.235,-0.147
22,B1_2,-0.055,-0.02,-0.104,0.086,-0.254,1.0,-0.271,-0.229,-0.084,-0.026,-0.262,0.172,0.293,0.129,-0.105,-0.124
22,B1_3,-0.138,0.021,0.24,-0.24,-0.022,-0.271,1.0,0.005,0.144,0.057,0.223,0.115,0.026,-0.053,0.197,0.363
22,A2_1,0.074,0.053,-0.032,0.096,0.149,-0.229,0.005,1.0,-0.221,-0.243,-0.113,-0.266,-0.074,0.082,-0.153,-0.115
22,A2_2,-0.07,-0.051,-0.162,-0.082,-0.251,-0.084,0.144,-0.221,1.0,-0.187,0.055,-0.281,0.097,-0.174,0.17,0.115
22,A2_3,-0.011,-0.276,-0.162,-0.002,0.122,-0.026,0.057,-0.243,-0.187,1.0,0.386,0.252,-0.009,0.062,-0.256,0.012
22,B2_1,0.12,-0.295,0.053,-0.146,0.179,-0.262,0.223,-0.113,0.055,0.386,1.0,0.313,-0.033,-0.16,-0.106,0.263
22,B2_2,-0.199,-0.254,0.07,0.037,0.31,0.172,0.115,-0.266,-0.281,0.252,0.313,1.0,0.269,-0.132,-0.033,-0.028
22,B2_3,-0.066,-0.025,0.382,0.108,-0.125,0.293,0.026,-0.074,0.097,-0.009,-0.033,0.269,1.0,-0.147,-0.085,-0.282
22,y1,-0.052,0.004,0.137,0.135,-0.311,0.129,-0.053,0.082,-0.174,0.062,-0.16,-0.132,-0.147,1.0,0.179,0.351
22,y2,0.243,0.068,0.095,0.029,0.235,-0.105,0.197,-0.153,0.17,-0.256,-0.106,-0.033,-0.085,0.179,1.0,0.409
22,y3,-0.093,0.195,0.221,-0.017,-0.147,-0.124,0.363,-0.115,0.115,0.012,0.263,-0.028,-0.282,0.351,0.409,1.0
23,.,1.0,-0.006,-0.144,0.164,0.322,-0.054,-0.141,0.073,-0.071,-0.013,0.119,-0.2,-0.066,-0.048,0.246,-0.093
23,A1_1,-0.006,1.0,0.208,0.127,-0.116,-0.021,0.021,0.054,-0.05,-0.276,-0.295,-0.254,-0.026,0.005,0.069,0.195
23,A1_2,-0.144,0.208,1.0,-0.04,-0.091,-0.104,0.24,-0.032,-0.161,-0.162,0.053,0.069,0.382,0.136,0.094,0.222
23,A1_3,0.164,0.127,-0.04,1.0,-0.029,0.086,-0.24,0.096,-0.082,-0.001,-0.147,0.037,0.108,0.137,0.029,-0.016
