,,.,A1_1,A1_2,A1_3,B1_1,B1_2,B1_3,A2_1,A2_2,A2_3,B2_1,B2_2,B2_3,y1,y2,y3
0,.,1.0,0.885,0.81,0.811,0.831,0.918,0.9,0.772,0.67,0.826,0.939,0.857,0.739,0.807,0.709,0.89
0,A1_1,0.885,1.0,0.581,0.674,0.614,0.96,0.778,0.846,0.814,0.778,0.885,0.765,0.797,0.744,0.598,0.825
0,A1_2,0.81,0.581,1.0,0.903,0.82,0.713,0.761,0.639,0.484,0.765,0.69,0.813,0.46,0.563,0.742,0.796
0,A1_3,0.811,0.674,0.903,1.0,0.855,0.806,0.791,0.706,0.585,0.931,0.741,0.895,0.547,0.738,0.827,0.869
0,B1_1,0.831,0.614,0.82,0.855,1.0,0.698,0.844,0.599,0.489,0.803,0.828,0.893,0.674,0.703,0.81,0.81
0,B1_2,0.918,0.96,0.713,0.806,0.698,1.0,0.85,0.91,0.869,0.885,0.897,0.847,0.809,0.754,0.677,0.924
0,B1_3,0.9,0.778,0.761,0.791,0.844,0.85,1.0,0.752,0.658,0.881,0.891,0.913,0.82,0.717,0.846,0.948
0,A2_1,0.772,0.846,0.639,0.706,0.599,0.91,0.752,1.0,0.948,0.774,0.819,0.829,0.777,0.659,0.668,0.893
0,A2_2,0.67,0.814,0.484,0.585,0.489,0.869,0.658,0.948,1.0,0.698,0.717,0.706,0.806,0.503,0.484,0.798
0,A2_3,0.826,0.778,0.765,0.931,0.803,0.885,0.881,0.774,0.698,1.0,0.809,0.905,0.703,0.772,0.834,0.939
0,B2_1,0.939,0.885,0.69,0.741,0.828,0.897,0.891,0.819,0.717,0.809,1.0,0.885,0.858,0.808,0.737,0.889
0,B2_2,0.857,0.765,0.813,0.895,0.893,0.847,0.913,0.829,0.706,0.905,0.885,1.0,0.764,0.785,0.905,0.943
0,B2_3,0.739,0.797,0.46,0.547,0.674,0.809,0.82,0.777,0.806,0.703,0.858,0.764,1.0,0.503,0.596,0.796
0,y1,0.807,0.744,0.563,0.738,0.703,0.754,0.717,0.659,0.503,0.772,0.808,0.785,0.503,1.0,0.741,0.764
0,y2,0.709,0.598,0.742,0.827,0.81,0.677,0.846,0.668,0.484,0.834,0.737,0.905,0.596,0.741,1.0,0.861
0,y3,0.89,0.825,0.796,0.869,0.81,0.924,0.948,0.893,0.798,0.939,0.889,0.943,0.796,0.764,0.861,1.0
500,.,1.0,-0.193,-0.23,-0.245,-0.315,-0.288,-0.314,-0.258,-0.25,-0.25,-0.266,-0.19,-0.329,-0.258,-0.144,-0.177
500,A1_1,-0.193,1.0,0.994,0.994,-0.337,-0.2,-0.31,0.992,0.993,0.993,-0.286,-0.131,-0.058,-0.307,-0.359,-0.379
500,A1_2,-0.23,0.994,1.0,0.998,-0.397,-0.269,-0.374,0.998,0.999,0.998,-0.359,-0.211,-0.136,-0.231,-0.285,-0.304
500,A1_3,-0.245,0.994,0.998,1.0,-0.379,-0.251,-0.356,0.999,0.999,1.0,-0.336,-0.192,-0.115,-0.231,-0.278,-0.298
500,B1_1,-0.315,-0.337,-0.397,-0.379,1.0,0.968,0.994,-0.38,-0.38,-0.378,0.945,0.919,0.873,-0.26,-0.35,-0.319
500,B1_2,-0.288,-0.2,-0.269,-0.251,0.968,1.0,0.974,-0.259,-0.252,-0.254,0.945,0.979,0.939,-0.404,-0.485,-0.453
500,B1_3,-0.314,-0.31,-0.374,-0.356,0.994,0.974,1.0,-0.358,-0.358,-0.355,0.958,0.936,0.904,-0.29,-0.385,-0.353
500,A2_1,-0.258,0.992,0.998,0.999,-0.38,-0.259,-0.358,1.0,0.999,1.0,-0.341,-0.205,-0.123,-0.212,-0.262,-0.281
500,A2_2,-0.25,0.993,0.999,0.999,-0.38,-0.252,-0.358,0.999,1.0,0.999,-0.344,-0.198,-0.12,-0.227,-0.279,-0.296
500,A2_3,-0.25,0.993,0.998,1.0,-0.378,-0.254,-0.355,1.0,0.999,1.0,-0.338,-0.197,-0.119,-0.222,-0.273,-0.294
500,B2_1,-0.266,-0.286,-0.359,-0.336,0.945,0.945,0.958,-0.341,-0.344,-0.338,1.0,0.949,0.948,-0.411,-0.466,-0.44
500,B2_2,-0.19,-0.131,-0.211,-0.192,0.919,0.979,0.936,-0.205,-0.198,-0.197,0.949,1.0,0.956,-0.542,-0.609,-0.586
500,B2_3,-0.329,-0.058,-0.136,-0.115,0.873,0.939,0.904,-0.123,-0.12,-0.119,0.948,0.956,1.0,-0.494,-0.56,-0.53
500,y1,-0.258,-0.307,-0.231,-0.231,-0.26,-0.404,-0.29,-0.212,-0.227,-0.222,-0.411,-0.542,-0.494,1.0,0.961,0.964
500,y2,-0.144,-0.359,-0.285,-0.278,-0.35,-0.485,-0.385,-0.262,-0.279,-0.273,-0.466,-0.609,-0.56,0.961,1.0,0.995
500,y3,-0.177,-0.379,-0.304,-0.298,-0.319,-0.453,-0.353,-0.281,-0.296,-0.294,-0.44,-0.586,-0.53,0.964,0.995,1.0
1000,.,1.0,-0.178,-0.225,-0.234,-0.224,-0.224,-0.228,-0.241,-0.237,-0.235,-0.189,-0.133,-0.268,-0.223,-0.219,-0.23
1000,A1_1,-0.178,1.0,0.992,0.993,-0.291,-0.152,-0.254,0.992,0.992,0.992,-0.243,-0.156,-0.056,-0.283,-0.322,-0.311
1000,A1_2,-0.225,0.992,1.0,1.0,-0.365,-0.232,-0.331,1.0,1.0,1.0,-0.325,-0.239,-0.141,-0.208,-0.247,-0.235
1000,A1_3,-0.234,0.993,1.0,1.0,-0.354,-0.221,-0.32,1.0,1.0,1.0,-0.314,-0.229,-0.131,-0.21,-0.246,-0.234
1000,B1_1,-0.224,-0.291,-0.365,-0.354,1.0,0.976,0.997,-0.357,-0.354,-0.357,0.988,0.966,0.929,-0.406,-0.41,-0.399
1000,B1_2,-0.224,-0.152,-0.232,-0.221,0.976,1.0,0.986,-0.227,-0.222,-0.226,0.984,0.991,0.977,-0.496,-0.495,-0.486
1000,B1_3,-0.228,-0.254,-0.331,-0.32,0.997,0.986,1.0,-0.325,-0.321,-0.324,0.995,0.976,0.953,-0.438,-0.442,-0.433
1000,A2_1,-0.241,0.992,1.0,1.0,-0.357,-0.227,-0.325,1.0,1.0,1.0,-0.319,-0.236,-0.136,-0.199,-0.236,-0.224
1000,A2_2,-0.237,0.992,1.0,1.0,-0.354,-0.222,-0.321,1.0,1.0,1.0,-0.315,-0.23,-0.132,-0.206,-0.243,-0.231
1000,A2_3,-0.235,0.992,1.0,1.0,-0.357,-0.226,-0.324,1.0,1.0,1.0,-0.317,-0.233,-0.135,-0.206,-0.243,-0.232
1000,B2_1,-0.189,-0.243,-0.325,-0.314,0.988,0.984,0.995,-0.319,-0.315,-0.317,1.0,0.982,0.96,-0.509,-0.507,-0.501
1000,B2_2,-0.133,-0.156,-0.239,-0.229,0.966,0.991,0.976,-0.236,-0.23,-0.233,0.982,1.0,0.958,-0.569,-0.566,-0.559
1000,B2_3,-0.268,-0.056,-0.141,-0.131,0.929,0.977,0.953,-0.136,-0.132,-0.135,0.96,0.958,1.0,-0.539,-0.536,-0.529
1000,y1,-0.223,-0.283,-0.208,-0.21,-0.406,-0.496,-0.438,-0.199,-0.206,-0.206,-0.509,-0.569,-0.539,1.0,0.989,0.991
1000,y2,-0.219,-0.322,-0.247,-0.246,-0.41,-0.495,-0.442,-0.236,-0.243,-0.243,-0.507,-0.566,-0.536,0.989,1.0,0.999
1000,y3,-0.23,-0.311,-0.235,-0.234,-0.399,-0.486,-0.433,-0.224,-0.231,-0.232,-0.501,-0.559,-0.529,0.991,0.999,1.0
1500,.,1.0,-0.161,-0.206,-0.223,-0.2,-0.228,-0.197,-0.232,-0.219,-0.224,-0.137,-0.086,-0.208,-0.2,-0.219,-0.224
1500,A1_1,-0.161,1.0,0.989,0.992,-0.243,-0.094,-0.25,0.99,0.991,0.991,-0.173,-0.11,-0.054,-0.325,-0.334,-0.323
1500,A1_2,-0.206,0.989,1.0,0.998,-0.336,-0.192,-0.342,0.998,0.999,0.998,-0.275,-0.213,-0.159,-0.246,-0.253,-0.243
1500,A1_3,-0.223,0.992,0.998,1.0,-0.311,-0.168,-0.318,1.0,0.999,1.0,-0.251,-0.19,-0.134,-0.249,-0.252,-0.243
1500,B1_1,-0.2,-0.243,-0.336,-0.311,1.0,0.975,1.0,-0.316,-0.32,-0.315,0.983,0.963,0.948,-0.411,-0.41,-0.408
1500,B1_2,-0.228,-0.094,-0.192,-0.168,0.975,1.0,0.975,-0.174,-0.177,-0.172,0.983,0.978,0.989,-0.492,-0.49,-0.486
1500,B1_3,-0.197,-0.25,-0.342,-0.318,1.0,0.975,1.0,-0.323,-0.327,-0.322,0.985,0.965,0.947,-0.41,-0.41,-0.409
1500,A2_1,-0.232,0.99,0.998,1.0,-0.316,-0.174,-0.323,1.0,0.999,1.0,-0.258,-0.199,-0.141,-0.237,-0.241,-0.232
1500,A2_2,-0.219,0.991,0.999,0.999,-0.32,-0.177,-0.327,0.999,1.0,0.999,-0.261,-0.2,-0.145,-0.245,-0.251,-0.241
1500,A2_3,-0.224,0.991,0.998,1.0,-0.315,-0.172,-0.322,1.0,0.999,1.0,-0.255,-0.194,-0.138,-0.246,-0.25,-0.241
1500,B2_1,-0.137,-0.173,-0.275,-0.251,0.983,0.983,0.985,-0.258,-0.261,-0.255,1.0,0.993,0.978,-0.547,-0.545,-0.545
1500,B2_2,-0.086,-0.11,-0.213,-0.19,0.963,0.978,0.965,-0.199,-0.2,-0.194,0.993,1.0,0.975,-0.598,-0.593,-0.595
1500,B2_3,-0.208,-0.054,-0.159,-0.134,0.948,0.989,0.947,-0.141,-0.145,-0.138,0.978,0.975,1.0,-0.577,-0.575,-0.571
1500,y1,-0.2,-0.325,-0.246,-0.249,-0.411,-0.492,-0.41,-0.237,-0.245,-0.246,-0.547,-0.598,-0.577,1.0,0.992,0.994
1500,y2,-0.219,-0.334,-0.253,-0.252,-0.41,-0.49,-0.41,-0.241,-0.251,-0.25,-0.545,-0.593,-0.575,0.992,1.0,0.999
1500,y3,-0.224,-0.323,-0.243,-0.243,-0.408,-0.486,-0.409,-0.232,-0.241,-0.241,-0.545,-0.595,-0.571,0.994,0.999,1.0
2000,.,1.0,-0.15,-0.191,-0.216,-0.183,-0.191,-0.195,-0.223,-0.209,-0.217,-0.09,-0.04,-0.145,-0.206,-0.239,-0.237
2000,A1_1,-0.15,1.0,0.986,0.991,-0.256,-0.089,-0.297,0.99,0.99,0.991,-0.168,-0.099,-0.092,-0.298,-0.299,-0.293
2000,A1_2,-0.191,0.986,1.0,0.994,-0.364,-0.203,-0.401,0.995,0.999,0.994,-0.286,-0.218,-0.211,-0.208,-0.212,-0.205
2000,A1_3,-0.216,0.991,0.994,1.0,-0.327,-0.167,-0.364,1.0,0.999,1.0,-0.251,-0.185,-0.175,-0.214,-0.21,-0.204
2000,B1_1,-0.183,-0.256,-0.364,-0.327,1.0,0.97,0.998,-0.33,-0.341,-0.329,0.976,0.948,0.964,-0.444,-0.429,-0.432
2000,B1_2,-0.191,-0.089,-0.203,-0.167,0.97,1.0,0.955,-0.171,-0.181,-0.169,0.979,0.973,0.994,-0.556,-0.537,-0.542
2000,B1_3,-0.195,-0.297,-0.401,-0.364,0.998,0.955,1.0,-0.367,-0.379,-0.366,0.965,0.932,0.948,-0.4,-0.387,-0.391
2000,A2_1,-0.223,0.99,0.995,1.0,-0.33,-0.171,-0.367,1.0,0.999,1.0,-0.256,-0.191,-0.18,-0.206,-0.202,-0.195
2000,A2_2,-0.209,0.99,0.999,0.999,-0.341,-0.181,-0.379,0.999,1.0,0.999,-0.266,-0.199,-0.19,-0.21,-0.21,-0.203
2000,A2_3,-0.217,0.991,0.994,1.0,-0.329,-0.169,-0.366,1.0,0.999,1.0,-0.253,-0.187,-0.178,-0.213,-0.209,-0.202
2000,B2_1,-0.09,-0.168,-0.286,-0.251,0.976,0.979,0.965,-0.256,-0.266,-0.253,1.0,0.993,0.99,-0.605,-0.588,-0.595
2000,B2_2,-0.04,-0.099,-0.218,-0.185,0.948,0.973,0.932,-0.191,-0.199,-0.187,0.993,1.0,0.987,-0.66,-0.642,-0.649
2000,B2_3,-0.145,-0.092,-0.211,-0.175,0.964,0.994,0.948,-0.18,-0.19,-0.178,0.99,0.987,1.0,-0.618,-0.599,-0.606
2000,y1,-0.206,-0.298,-0.208,-0.214,-0.444,-0.556,-0.4,-0.206,-0.21,-0.213,-0.605,-0.66,-0.618,1.0,0.992,0.993
2000,y2,-0.239,-0.299,-0.212,-0.21,-0.429,-0.537,-0.387,-0.202,-0.21,-0.209,-0.588,-0.642,-0.599,0.992,1.0,0.999
2000,y3,-0.237,-0.293,-0.205,-0.204,-0.432,-0.542,-0.391,-0.195,-0.203,-0.202,-0.595,-0.649,-0.606,0.993,0.999,1.0
2500,.,1.0,-0.109,-0.12,-0.094,-0.239,-0.171,-0.169,-0.19,-0.17,-0.186,-0.018,0.042,-0.08,-0.197,-0.21,-0.218
2500,A1_1,-0.109,1.0,0.951,0.933,-0.436,-0.141,-0.333,0.989,0.988,0.989,-0.134,-0.037,-0.091,-0.253,-0.323,-0.319
2500,A1_2,-0.12,0.951,1.0,0.993,-0.571,-0.311,-0.486,0.952,0.976,0.948,-0.315,-0.217,-0.272,-0.223,-0.299,-0.288
2500,A1_3,-0.094,0.933,0.993,1.0,-0.607,-0.353,-0.526,0.936,0.964,0.933,-0.342,-0.25,-0.305,-0.253,-0.332,-0.319
2500,B1_1,-0.239,-0.436,-0.571,-0.607,1.0,0.888,0.976,-0.486,-0.514,-0.484,0.821,0.739,0.823,-0.148,-0.095,-0.096
2500,B1_2,-0.171,-0.141,-0.311,-0.353,0.888,1.0,0.96,-0.216,-0.243,-0.212,0.962,0.93,0.982,-0.409,-0.358,-0.366
2500,B1_3,-0.169,-0.333,-0.486,-0.526,0.976,0.96,1.0,-0.398,-0.425,-0.395,0.912,0.855,0.916,-0.277,-0.219,-0.225
2500,A2_1,-0.19,0.989,0.952,0.936,-0.486,-0.216,-0.398,1.0,0.995,1.0,-0.221,-0.132,-0.176,-0.184,-0.248,-0.245
2500,A2_2,-0.17,0.988,0.976,0.964,-0.514,-0.243,-0.425,0.995,1.0,0.994,-0.248,-0.155,-0.202,-0.201,-0.269,-0.263
2500,A2_3,-0.186,0.989,0.948,0.933,-0.484,-0.212,-0.395,1.0,0.994,1.0,-0.214,-0.124,-0.17,-0.187,-0.251,-0.248
2500,B2_1,-0.018,-0.134,-0.315,-0.342,0.821,0.962,0.912,-0.221,-0.248,-0.214,1.0,0.987,0.993,-0.578,-0.529,-0.54
2500,B2_2,0.042,-0.037,-0.217,-0.25,0.739,0.93,0.855,-0.132,-0.155,-0.124,0.987,1.0,0.978,-0.63,-0.585,-0.598
2500,B2_3,-0.08,-0.091,-0.272,-0.305,0.823,0.982,0.916,-0.176,-0.202,-0.17,0.993,0.978,1.0,-0.543,-0.496,-0.506
2500,y1,-0.197,-0.253,-0.223,-0.253,-0.148,-0.409,-0.277,-0.184,-0.201,-0.187,-0.578,-0.63,-0.543,1.0,0.989,0.992
2500,y2,-0.21,-0.323,-0.299,-0.332,-0.095,-0.358,-0.219,-0.248,-0.269,-0.251,-0.529,-0.585,-0.496,0.989,1.0,0.999
2500,y3,-0.218,-0.319,-0.288,-0.319,-0.096,-0.366,-0.225,-0.245,-0.263,-0.248,-0.54,-0.598,-0.506,0.992,0.999,1.0
3000,.,1.0,-0.129,-0.125,-0.074,-0.184,-0.163,-0.128,-0.213,-0.198,-0.212,-0.047,-0.069,-0.099,-0.181,-0.195,-0.233
3000,A1_1,-0.129,1.0,0.93,0.858,-0.45,-0.124,-0.342,0.989,0.987,0.989,-0.096,-0.023,-0.083,-0.225,-0.274,-0.262
3000,A1_2,-0.125,0.93,1.0,0.964,-0.624,-0.342,-0.537,0.937,0.964,0.929,-0.318,-0.252,-0.307,-0.201,-0.249,-0.23
3000,A1_3,-0.074,0.858,0.964,1.0,-0.666,-0.407,-0.588,0.873,0.898,0.866,-0.37,-0.32,-0.369,-0.252,-0.306,-0.284
3000,B1_1,-0.184,-0.45,-0.624,-0.666,1.0,0.879,0.976,-0.504,-0.53,-0.498,0.831,0.79,0.84,-0.21,-0.183,-0.18
3000,B1_2,-0.163,-0.124,-0.342,-0.407,0.879,1.0,0.951,-0.199,-0.227,-0.192,0.977,0.971,0.992,-0.449,-0.427,-0.429
3000,B1_3,-0.128,-0.342,-0.537,-0.588,0.976,0.951,1.0,-0.407,-0.434,-0.401,0.917,0.886,0.926,-0.325,-0.294,-0.295
3000,A2_1,-0.213,0.989,0.937,0.873,-0.504,-0.199,-0.407,1.0,0.996,1.0,-0.183,-0.112,-0.166,-0.152,-0.195,-0.18
3000,A2_2,-0.198,0.987,0.964,0.898,-0.53,-0.227,-0.434,0.996,1.0,0.993,-0.21,-0.138,-0.193,-0.163,-0.205,-0.19
3000,A2_3,-0.212,0.989,0.929,0.866,-0.498,-0.192,-0.401,1.0,0.993,1.0,-0.174,-0.103,-0.158,-0.154,-0.196,-0.182
3000,B2_1,-0.047,-0.096,-0.318,-0.37,0.831,0.977,0.917,-0.183,-0.21,-0.174,1.0,0.995,0.995,-0.591,-0.57,-0.577
3000,B2_2,-0.069,-0.023,-0.252,-0.32,0.79,0.971,0.886,-0.112,-0.138,-0.103,0.995,1.0,0.992,-0.596,-0.576,-0.584
3000,B2_3,-0.099,-0.083,-0.307,-0.369,0.84,0.992,0.926,-0.166,-0.193,-0.158,0.995,0.992,1.0,-0.538,-0.516,-0.522
3000,y1,-0.181,-0.225,-0.201,-0.252,-0.21,-0.449,-0.325,-0.152,-0.163,-0.154,-0.591,-0.596,-0.538,1.0,0.989,0.99
3000,y2,-0.195,-0.274,-0.249,-0.306,-0.183,-0.427,-0.294,-0.195,-0.205,-0.196,-0.57,-0.576,-0.516,0.989,1.0,0.998
3000,y3,-0.233,-0.262,-0.23,-0.284,-0.18,-0.429,-0.295,-0.18,-0.19,-0.182,-0.577,-0.584,-0.522,0.99,0.998,1.0
3500,.,1.0,-0.112,-0.098,-0.052,-0.145,-0.175,-0.095,-0.202,-0.184,-0.203,-0.079,-0.176,-0.118,-0.339,-0.315,-0.328
3500,A1_1,-0.112,1.0,0.92,0.876,-0.481,-0.078,-0.357,0.989,0.986,0.988,-0.102,0.021,-0.09,-0.1,-0.176,-0.165
3500,A1_2,-0.098,0.92,1.0,0.962,-0.651,-0.306,-0.552,0.921,0.957,0.911,-0.333,-0.213,-0.319,-0.047,-0.115,-0.107
3500,A1_3,-0.052,0.876,0.962,1.0,-0.685,-0.359,-0.595,0.888,0.915,0.88,-0.384,-0.273,-0.376,-0.101,-0.177,-0.165
3500,B1_1,-0.145,-0.481,-0.651,-0.685,1.0,0.829,0.969,-0.53,-0.564,-0.524,0.838,0.747,0.834,-0.28,-0.26,-0.245
3500,B1_2,-0.175,-0.078,-0.306,-0.359,0.829,1.0,0.915,-0.147,-0.186,-0.142,0.989,0.985,0.995,-0.515,-0.504,-0.492
3500,B1_3,-0.095,-0.357,-0.552,-0.595,0.969,0.915,1.0,-0.416,-0.452,-0.411,0.927,0.843,0.927,-0.387,-0.36,-0.348
3500,A2_1,-0.202,0.989,0.921,0.888,-0.53,-0.147,-0.416,1.0,0.994,1.0,-0.179,-0.052,-0.162,-0.015,-0.087,-0.077
3500,A2_2,-0.184,0.986,0.957,0.915,-0.564,-0.186,-0.452,0.994,1.0,0.99,-0.216,-0.089,-0.2,-0.018,-0.09,-0.081
3500,A2_3,-0.203,0.988,0.911,0.88,-0.524,-0.142,-0.411,1.0,0.99,1.0,-0.173,-0.046,-0.156,-0.016,-0.088,-0.078
3500,B2_1,-0.079,-0.102,-0.333,-0.384,0.838,0.989,0.927,-0.179,-0.216,-0.173,1.0,0.975,0.997,-0.589,-0.572,-0.563
3500,B2_2,-0.176,0.021,-0.213,-0.273,0.747,0.985,0.843,-0.052,-0.089,-0.046,0.975,1.0,0.978,-0.571,-0.567,-0.556
3500,B2_3,-0.118,-0.09,-0.319,-0.376,0.834,0.995,0.927,-0.162,-0.2,-0.156,0.997,0.978,1.0,-0.543,-0.526,-0.516
3500,y1,-0.339,-0.1,-0.047,-0.101,-0.28,-0.515,-0.387,-0.015,-0.018,-0.016,-0.589,-0.571,-0.543,1.0,0.984,0.99
3500,y2,-0.315,-0.176,-0.115,-0.177,-0.26,-0.504,-0.36,-0.087,-0.09,-0.088,-0.572,-0.567,-0.526,0.984,1.0,0.998
3500,y3,-0.328,-0.165,-0.107,-0.165,-0.245,-0.492,-0.348,-0.077,-0.081,-0.078,-0.563,-0.556,-0.516,0.99,0.998,1.0
4000,.,1.0,-0.115,-0.108,-0.115,-0.087,-0.151,-0.048,-0.208,-0.18,-0.211,-0.049,-0.166,-0.107,-0.298,-0.323,-0.328
4000,A1_1,-0.115,1.0,0.937,0.951,-0.502,-0.081,-0.381,0.989,0.986,0.987,-0.103,0.061,-0.099,-0.279,-0.335,-0.316
4000,A1_2,-0.108,0.937,1.0,0.997,-0.645,-0.271,-0.541,0.932,0.97,0.92,-0.297,-0.134,-0.288,-0.215,-0.255,-0.242
4000,A1_3,-0.115,0.951,0.997,1.0,-0.64,-0.265,-0.537,0.949,0.981,0.938,-0.291,-0.129,-0.284,-0.232,-0.275,-0.26
4000,B1_1,-0.087,-0.502,-0.645,-0.64,1.0,0.83,0.973,-0.547,-0.588,-0.54,0.833,0.702,0.84,-0.247,-0.216,-0.219
4000,B1_2,-0.151,-0.081,-0.271,-0.265,0.83,1.0,0.906,-0.149,-0.194,-0.142,0.984,0.969,0.996,-0.425,-0.401,-0.408
4000,B1_3,-0.048,-0.381,-0.541,-0.537,0.973,0.906,1.0,-0.437,-0.479,-0.429,0.909,0.788,0.92,-0.327,-0.288,-0.297
4000,A2_1,-0.208,0.989,0.932,0.949,-0.547,-0.149,-0.437,1.0,0.992,0.999,-0.179,-0.013,-0.169,-0.21,-0.258,-0.239
4000,A2_2,-0.18,0.986,0.97,0.981,-0.588,-0.194,-0.479,0.992,1.0,0.987,-0.223,-0.055,-0.213,-0.215,-0.262,-0.245
4000,A2_3,-0.211,0.987,0.92,0.938,-0.54,-0.142,-0.429,0.999,0.987,1.0,-0.171,-0.006,-0.162,-0.209,-0.259,-0.239
4000,B2_1,-0.049,-0.103,-0.297,-0.291,0.833,0.984,0.909,-0.179,-0.223,-0.171,1.0,0.963,0.992,-0.523,-0.499,-0.508
4000,B2_2,-0.166,0.061,-0.134,-0.129,0.702,0.969,0.788,-0.013,-0.055,-0.006,0.963,1.0,0.961,-0.484,-0.472,-0.478
4000,B2_3,-0.107,-0.099,-0.288,-0.284,0.84,0.996,0.92,-0.169,-0.213,-0.162,0.992,0.961,1.0,-0.449,-0.421,-0.43
4000,y1,-0.298,-0.279,-0.215,-0.232,-0.247,-0.425,-0.327,-0.21,-0.215,-0.209,-0.523,-0.484,-0.449,1.0,0.989,0.993
4000,y2,-0.323,-0.335,-0.255,-0.275,-0.216,-0.401,-0.288,-0.258,-0.262,-0.259,-0.499,-0.472,-0.421,0.989,1.0,0.998
4000,y3,-0.328,-0.316,-0.242,-0.26,-0.219,-0.408,-0.297,-0.239,-0.245,-0.239,-0.508,-0.478,-0.43,0.993,0.998,1.0
4500,.,1.0,-0.089,-0.138,-0.183,-0.191,-0.22,-0.087,-0.175,-0.148,-0.181,-0.094,-0.218,-0.146,-0.322,-0.37,-0.376
4500,A1_1,-0.089,1.0,0.977,0.987,-0.143,0.036,-0.271,0.989,0.985,0.987,-0.076,0.063,-0.084,-0.419,-0.427,-0.394
4500,A1_2,-0.138,0.977,1.0,0.978,-0.296,-0.12,-0.411,0.985,0.997,0.98,-0.238,-0.093,-0.24,-0.27,-0.28,-0.25
4500,A1_3,-0.183,0.987,0.978,1.0,-0.204,-0.029,-0.327,0.999,0.988,1.0,-0.147,-0.004,-0.149,-0.328,-0.331,-0.299
4500,B1_1,-0.191,-0.143,-0.296,-0.204,1.0,0.967,0.957,-0.216,-0.261,-0.21,0.984,0.951,0.993,-0.47,-0.422,-0.425
4500,B1_2,-0.22,0.036,-0.12,-0.029,0.967,1.0,0.864,-0.04,-0.084,-0.035,0.966,0.995,0.975,-0.552,-0.499,-0.498
4500,B1_3,-0.087,-0.271,-0.411,-0.327,0.957,0.864,1.0,-0.338,-0.38,-0.333,0.939,0.83,0.95,-0.369,-0.329,-0.337
4500,A2_1,-0.175,0.989,0.985,0.999,-0.216,-0.04,-0.338,1.0,0.993,0.999,-0.159,-0.015,-0.161,-0.324,-0.328,-0.296
4500,A2_2,-0.148,0.985,0.997,0.988,-0.261,-0.084,-0.38,0.993,1.0,0.989,-0.203,-0.058,-0.205,-0.302,-0.31,-0.28
4500,A2_3,-0.181,0.987,0.98,1.0,-0.21,-0.035,-0.333,0.999,0.989,1.0,-0.152,-0.009,-0.155,-0.327,-0.33,-0.298
4500,B2_1,-0.094,-0.076,-0.238,-0.147,0.984,0.966,0.939,-0.159,-0.203,-0.152,1.0,0.96,0.994,-0.591,-0.544,-0.551
4500,B2_2,-0.218,0.063,-0.093,-0.004,0.951,0.995,0.83,-0.015,-0.058,-0.009,0.96,1.0,0.961,-0.596,-0.543,-0.542
4500,B2_3,-0.146,-0.084,-0.24,-0.149,0.993,0.975,0.95,-0.161,-0.205,-0.155,0.994,0.961,1.0,-0.53,-0.48,-0.484
4500,y1,-0.322,-0.419,-0.27,-0.328,-0.47,-0.552,-0.369,-0.324,-0.302,-0.327,-0.591,-0.596,-0.53,1.0,0.994,0.994
4500,y2,-0.37,-0.427,-0.28,-0.331,-0.422,-0.499,-0.329,-0.328,-0.31,-0.33,-0.544,-0.543,-0.48,0.994,1.0,0.998
4500,y3,-0.376,-0.394,-0.25,-0.299,-0.425,-0.498,-0.337,-0.296,-0.28,-0.298,-0.551,-0.542,-0.484,0.994,0.998,1.0
5000,.,1.0,-0.139,-0.096,-0.116,-0.15,-0.206,-0.091,-0.22,-0.198,-0.219,-0.11,-0.212,-0.134,-0.295,-0.347,-0.323
5000,A1_1,-0.139,1.0,0.914,0.931,-0.421,0.007,-0.307,0.99,0.987,0.99,-0.095,0.061,-0.077,-0.223,-0.296,-0.278
5000,A1_2,-0.096,0.914,1.0,0.999,-0.578,-0.195,-0.477,0.915,0.948,0.912,-0.292,-0.141,-0.274,-0.179,-0.233,-0.226
5000,A1_3,-0.116,0.931,0.999,1.0,-0.566,-0.18,-0.465,0.934,0.963,0.931,-0.279,-0.126,-0.261,-0.182,-0.236,-0.229
5000,B1_1,-0.15,-0.421,-0.578,-0.566,1.0,0.805,0.972,-0.467,-0.502,-0.467,0.879,0.76,0.872,-0.297,-0.246,-0.239
5000,B1_2,-0.206,0.007,-0.195,-0.18,0.805,1.0,0.876,-0.072,-0.105,-0.072,0.979,0.995,0.984,-0.429,-0.393,-0.389
5000,B1_3,-0.091,-0.307,-0.477,-0.465,0.972,0.876,1.0,-0.367,-0.401,-0.368,0.945,0.834,0.94,-0.352,-0.306,-0.299
5000,A2_1,-0.22,0.99,0.915,0.934,-0.467,-0.072,-0.367,1.0,0.996,1.0,-0.176,-0.02,-0.157,-0.154,-0.218,-0.206
5000,A2_2,-0.198,0.987,0.948,0.963,-0.502,-0.105,-0.401,0.996,1.0,0.995,-0.209,-0.052,-0.19,-0.161,-0.223,-0.212
5000,A2_3,-0.219,0.99,0.912,0.931,-0.467,-0.072,-0.368,1.0,0.995,1.0,-0.176,-0.02,-0.157,-0.154,-0.219,-0.207
5000,B2_1,-0.11,-0.095,-0.292,-0.279,0.879,0.979,0.945,-0.176,-0.209,-0.176,1.0,0.964,0.999,-0.464,-0.428,-0.422
5000,B2_2,-0.212,0.061,-0.141,-0.126,0.76,0.995,0.834,-0.02,-0.052,-0.02,0.964,1.0,0.97,-0.453,-0.42,-0.417
5000,B2_3,-0.134,-0.077,-0.274,-0.261,0.872,0.984,0.94,-0.157,-0.19,-0.157,0.999,0.97,1.0,-0.441,-0.404,-0.398
5000,y1,-0.295,-0.223,-0.179,-0.182,-0.297,-0.429,-0.352,-0.154,-0.161,-0.154,-0.464,-0.453,-0.441,1.0,0.987,0.995
5000,y2,-0.347,-0.296,-0.233,-0.236,-0.246,-0.393,-0.306,-0.218,-0.223,-0.219,-0.428,-0.42,-0.404,0.987,1.0,0.997
5000,y3,-0.323,-0.278,-0.226,-0.229,-0.239,-0.389,-0.299,-0.206,-0.212,-0.207,-0.422,-0.417,-0.398,0.995,0.997,1.0
5500,.,1.0,-0.168,-0.097,-0.141,0.083,0.02,0.08,-0.26,-0.127,-0.08,0.126,0.203,0.139,-0.469,-0.509,-0.498
5500,A1_1,-0.168,1.0,0.872,0.916,-0.513,-0.151,-0.416,0.988,0.912,0.86,-0.523,-0.375,-0.299,-0.031,-0.078,-0.058
5500,A1_2,-0.097,0.872,1.0,0.994,-0.677,-0.368,-0.595,0.876,0.996,0.999,-0.688,-0.565,-0.51,-0.126,-0.174,-0.154
5500,A1_3,-0.141,0.916,0.994,1.0,-0.667,-0.347,-0.584,0.923,0.999,0.989,-0.677,-0.549,-0.492,-0.099,-0.145,-0.125
5500,B1_1,0.083,-0.513,-0.677,-0.667,1.0,0.856,0.976,-0.579,-0.658,-0.669,0.991,0.952,0.939,-0.324,-0.29,-0.295
5500,B1_2,0.02,-0.151,-0.368,-0.347,0.856,1.0,0.932,-0.249,-0.339,-0.364,0.824,0.911,0.96,-0.344,-0.298,-0.316
5500,B1_3,0.08,-0.416,-0.595,-0.584,0.976,0.932,1.0,-0.496,-0.575,-0.588,0.95,0.961,0.966,-0.332,-0.294,-0.301
5500,A2_1,-0.26,0.988,0.876,0.923,-0.579,-0.249,-0.496,1.0,0.916,0.86,-0.586,-0.457,-0.391,0.024,-0.017,0.002
5500,A2_2,-0.127,0.912,0.996,0.999,-0.658,-0.339,-0.575,0.916,1.0,0.992,-0.669,-0.541,-0.483,-0.115,-0.162,-0.142
5500,A2_3,-0.08,0.86,0.999,0.989,-0.669,-0.364,-0.588,0.86,0.992,1.0,-0.682,-0.56,-0.505,-0.133,-0.183,-0.162
5500,B2_1,0.126,-0.523,-0.688,-0.677,0.991,0.824,0.95,-0.586,-0.669,-0.682,1.0,0.959,0.933,-0.365,-0.332,-0.337
5500,B2_2,0.203,-0.375,-0.565,-0.549,0.952,0.911,0.961,-0.457,-0.541,-0.56,0.959,1.0,0.984,-0.466,-0.426,-0.437
5500,B2_3,0.139,-0.299,-0.51,-0.492,0.939,0.96,0.966,-0.391,-0.483,-0.505,0.933,0.984,1.0,-0.446,-0.406,-0.421
5500,y1,-0.469,-0.031,-0.126,-0.099,-0.324,-0.344,-0.332,0.024,-0.115,-0.133,-0.365,-0.466,-0.446,1.0,0.99,0.996
5500,y2,-0.509,-0.078,-0.174,-0.145,-0.29,-0.298,-0.294,-0.017,-0.162,-0.183,-0.332,-0.426,-0.406,0.99,1.0,0.997
5500,y3,-0.498,-0.058,-0.154,-0.125,-0.295,-0.316,-0.301,0.002,-0.142,-0.162,-0.337,-0.437,-0.421,0.996,0.997,1.0
6000,.,1.0,-0.115,-0.084,-0.126,0.047,-0.071,0.049,-0.222,-0.134,-0.134,0.074,0.151,0.035,-0.412,-0.427,-0.444
6000,A1_1,-0.115,1.0,0.919,0.962,-0.477,-0.146,-0.445,0.984,0.969,0.967,-0.47,-0.336,-0.261,-0.078,-0.171,-0.16
6000,A1_2,-0.084,0.919,1.0,0.99,-0.625,-0.333,-0.598,0.89,0.984,0.986,-0.619,-0.501,-0.45,-0.127,-0.206,-0.196
6000,A1_3,-0.126,0.962,0.99,1.0,-0.6,-0.298,-0.572,0.945,0.999,0.999,-0.594,-0.471,-0.414,-0.094,-0.176,-0.165
6000,B1_1,0.047,-0.477,-0.625,-0.6,1.0,0.86,0.997,-0.517,-0.59,-0.601,0.999,0.968,0.947,-0.398,-0.355,-0.349
6000,B1_2,-0.071,-0.146,-0.333,-0.298,0.86,1.0,0.889,-0.215,-0.285,-0.299,0.851,0.892,0.952,-0.369,-0.349,-0.348
6000,B1_3,0.049,-0.445,-0.598,-0.572,0.997,0.889,1.0,-0.489,-0.562,-0.574,0.995,0.978,0.96,-0.404,-0.362,-0.357
6000,A2_1,-0.222,0.984,0.89,0.945,-0.517,-0.215,-0.489,1.0,0.956,0.953,-0.511,-0.391,-0.323,0.012,-0.071,-0.06
6000,A2_2,-0.134,0.969,0.984,0.999,-0.59,-0.285,-0.562,0.956,1.0,1.0,-0.584,-0.461,-0.402,-0.088,-0.171,-0.16
6000,A2_3,-0.134,0.967,0.986,0.999,-0.601,-0.299,-0.574,0.953,1.0,1.0,-0.595,-0.475,-0.415,-0.082,-0.166,-0.155
6000,B2_1,0.074,-0.47,-0.619,-0.594,0.999,0.851,0.995,-0.511,-0.584,-0.595,1.0,0.974,0.949,-0.425,-0.382,-0.377
6000,B2_2,0.151,-0.336,-0.501,-0.471,0.968,0.892,0.978,-0.391,-0.461,-0.475,0.974,1.0,0.973,-0.516,-0.477,-0.476
6000,B2_3,0.035,-0.261,-0.45,-0.414,0.947,0.952,0.96,-0.323,-0.402,-0.415,0.949,0.973,1.0,-0.475,-0.449,-0.446
6000,y1,-0.412,-0.078,-0.127,-0.094,-0.398,-0.369,-0.404,0.012,-0.088,-0.082,-0.425,-0.516,-0.475,1.0,0.983,0.988
6000,y2,-0.427,-0.171,-0.206,-0.176,-0.355,-0.349,-0.362,-0.071,-0.171,-0.166,-0.382,-0.477,-0.449,0.983,1.0,0.999
6000,y3,-0.444,-0.16,-0.196,-0.165,-0.349,-0.348,-0.357,-0.06,-0.16,-0.155,-0.377,-0.476,-0.446,0.988,0.999,1.0
6500,.,1.0,-0.132,-0.089,-0.139,0.099,-0.063,0.09,-0.245,-0.141,-0.128,0.102,0.177,0.16,-0.362,-0.368,-0.39
6500,A1_1,-0.132,1.0,0.913,0.959,-0.506,-0.134,-0.453,0.983,0.961,0.946,-0.484,-0.397,-0.339,-0.085,-0.171,-0.148
6500,A1_2,-0.089,0.913,1.0,0.989,-0.637,-0.318,-0.595,0.9,0.988,0.995,-0.621,-0.544,-0.504,-0.17,-0.256,-0.231
6500,A1_3,-0.139,0.959,0.989,1.0,-0.623,-0.29,-0.579,0.954,1.0,0.999,-0.606,-0.526,-0.482,-0.131,-0.216,-0.19
6500,B1_1,0.099,-0.506,-0.637,-0.623,1.0,0.808,0.99,-0.575,-0.618,-0.635,0.998,0.978,0.962,-0.317,-0.279,-0.274
6500,B1_2,-0.063,-0.134,-0.318,-0.29,0.808,1.0,0.872,-0.241,-0.284,-0.309,0.836,0.84,0.884,-0.275,-0.242,-0.243
6500,B1_3,0.09,-0.453,-0.595,-0.579,0.99,0.872,1.0,-0.533,-0.574,-0.593,0.996,0.983,0.976,-0.328,-0.288,-0.285
6500,A2_1,-0.245,0.983,0.9,0.954,-0.575,-0.241,-0.533,1.0,0.956,0.94,-0.559,-0.483,-0.434,-0.017,-0.098,-0.074
6500,A2_2,-0.141,0.961,0.988,1.0,-0.618,-0.284,-0.574,0.956,1.0,0.998,-0.601,-0.522,-0.477,-0.132,-0.217,-0.192
6500,A2_3,-0.128,0.946,0.995,0.999,-0.635,-0.309,-0.593,0.94,0.998,1.0,-0.619,-0.543,-0.5,-0.134,-0.221,-0.195
6500,B2_1,0.102,-0.484,-0.621,-0.606,0.998,0.836,0.996,-0.559,-0.601,-0.619,1.0,0.982,0.971,-0.332,-0.294,-0.29
6500,B2_2,0.177,-0.397,-0.544,-0.526,0.978,0.84,0.983,-0.483,-0.522,-0.543,0.982,1.0,0.992,-0.414,-0.377,-0.375
6500,B2_3,0.16,-0.339,-0.504,-0.482,0.962,0.884,0.976,-0.434,-0.477,-0.5,0.971,0.992,1.0,-0.429,-0.395,-0.396
6500,y1,-0.362,-0.085,-0.17,-0.131,-0.317,-0.275,-0.328,-0.017,-0.132,-0.134,-0.332,-0.414,-0.429,1.0,0.987,0.992
6500,y2,-0.368,-0.171,-0.256,-0.216,-0.279,-0.242,-0.288,-0.098,-0.217,-0.221,-0.294,-0.377,-0.395,0.987,1.0,0.997
6500,y3,-0.39,-0.148,-0.231,-0.19,-0.274,-0.243,-0.285,-0.074,-0.192,-0.195,-0.29,-0.375,-0.396,0.992,0.997,1.0
7000,.,1.0,-0.11,-0.146,-0.188,-0.1,-0.18,-0.083,-0.182,-0.153,-0.186,-0.106,-0.102,-0.145,-0.455,-0.506,-0.508
7000,A1_1,-0.11,1.0,0.979,0.988,-0.203,-0.094,-0.233,0.989,0.985,0.988,-0.185,-0.174,-0.144,-0.126,-0.156,-0.081
7000,A1_2,-0.146,0.979,1.0,0.982,-0.336,-0.237,-0.361,0.99,0.998,0.986,-0.32,-0.31,-0.284,-0.031,-0.057,0.016
7000,A1_3,-0.188,0.988,0.982,1.0,-0.267,-0.164,-0.294,0.999,0.988,1.0,-0.25,-0.24,-0.212,-0.089,-0.107,-0.038
7000,B1_1,-0.1,-0.203,-0.336,-0.267,1.0,0.977,0.998,-0.287,-0.312,-0.28,0.999,0.999,0.993,-0.42,-0.407,-0.403
7000,B1_2,-0.18,-0.094,-0.237,-0.164,0.977,1.0,0.962,-0.184,-0.211,-0.177,0.984,0.984,0.996,-0.366,-0.35,-0.343
7000,B1_3,-0.083,-0.233,-0.361,-0.294,0.998,0.962,1.0,-0.314,-0.339,-0.307,0.995,0.994,0.983,-0.416,-0.404,-0.402
7000,A2_1,-0.182,0.989,0.99,0.999,-0.287,-0.184,-0.314,1.0,0.994,1.0,-0.271,-0.26,-0.233,-0.072,-0.092,-0.021
7000,A2_2,-0.153,0.985,0.998,0.988,-0.312,-0.211,-0.339,0.994,1.0,0.991,-0.296,-0.285,-0.259,-0.056,-0.079,-0.007
7000,A2_3,-0.186,0.988,0.986,1.0,-0.28,-0.177,-0.307,1.0,0.991,1.0,-0.264,-0.254,-0.225,-0.079,-0.098,-0.027
7000,B2_1,-0.106,-0.185,-0.32,-0.25,0.999,0.984,0.995,-0.271,-0.296,-0.264,1.0,1.0,0.996,-0.423,-0.409,-0.406
7000,B2_2,-0.102,-0.174,-0.31,-0.24,0.999,0.984,0.994,-0.26,-0.285,-0.254,1.0,1.0,0.996,-0.433,-0.418,-0.414
7000,B2_3,-0.145,-0.144,-0.284,-0.212,0.993,0.996,0.983,-0.233,-0.259,-0.225,0.996,0.996,1.0,-0.394,-0.378,-0.373
7000,y1,-0.455,-0.126,-0.031,-0.089,-0.42,-0.366,-0.416,-0.072,-0.056,-0.079,-0.423,-0.433,-0.394,1.0,0.985,0.992
7000,y2,-0.506,-0.156,-0.057,-0.107,-0.407,-0.35,-0.404,-0.092,-0.079,-0.098,-0.409,-0.418,-0.378,0.985,1.0,0.991
7000,y3,-0.508,-0.081,0.016,-0.038,-0.403,-0.343,-0.402,-0.021,-0.007,-0.027,-0.406,-0.414,-0.373,0.992,0.991,1.0
7500,.,1.0,-0.114,-0.163,-0.187,-0.091,-0.161,-0.073,-0.185,-0.161,-0.188,-0.077,-0.073,-0.087,-0.458,-0.511,-0.507
7500,A1_1,-0.114,1.0,0.979,0.989,-0.192,-0.071,-0.221,0.988,0.985,0.988,-0.195,-0.177,-0.175,-0.155,-0.188,-0.125
7500,A1_2,-0.163,0.979,1.0,0.989,-0.326,-0.217,-0.349,0.994,0.998,0.992,-0.33,-0.313,-0.311,-0.067,-0.1,-0.043
7500,A1_3,-0.187,0.989,0.989,1.0,-0.264,-0.152,-0.29,0.999,0.993,1.0,-0.268,-0.251,-0.249,-0.119,-0.145,-0.089
7500,B1_1,-0.091,-0.192,-0.326,-0.264,1.0,0.975,0.998,-0.286,-0.302,-0.278,1.0,0.999,1.0,-0.369,-0.338,-0.315
7500,B1_2,-0.161,-0.071,-0.217,-0.152,0.975,1.0,0.96,-0.173,-0.19,-0.165,0.972,0.974,0.978,-0.313,-0.278,-0.249
7500,B1_3,-0.073,-0.221,-0.349,-0.29,0.998,0.96,1.0,-0.312,-0.328,-0.303,0.998,0.997,0.996,-0.368,-0.338,-0.316
7500,A2_1,-0.185,0.988,0.994,0.999,-0.286,-0.173,-0.312,1.0,0.996,1.0,-0.29,-0.272,-0.271,-0.101,-0.129,-0.073
7500,A2_2,-0.161,0.985,0.998,0.993,-0.302,-0.19,-0.328,0.996,1.0,0.995,-0.305,-0.288,-0.287,-0.096,-0.126,-0.071
7500,A2_3,-0.188,0.988,0.992,1.0,-0.278,-0.165,-0.303,1.0,0.995,1.0,-0.281,-0.264,-0.263,-0.107,-0.134,-0.078
7500,B2_1,-0.077,-0.195,-0.33,-0.268,1.0,0.972,0.998,-0.29,-0.305,-0.281,1.0,1.0,0.999,-0.385,-0.354,-0.332
7500,B2_2,-0.073,-0.177,-0.313,-0.251,0.999,0.974,0.997,-0.272,-0.288,-0.264,1.0,1.0,1.0,-0.395,-0.364,-0.341
7500,B2_3,-0.087,-0.175,-0.311,-0.249,1.0,0.978,0.996,-0.271,-0.287,-0.263,0.999,1.0,1.0,-0.38,-0.348,-0.325
7500,y1,-0.458,-0.155,-0.067,-0.119,-0.369,-0.313,-0.368,-0.101,-0.096,-0.107,-0.385,-0.395,-0.38,1.0,0.989,0.994
7500,y2,-0.511,-0.188,-0.1,-0.145,-0.338,-0.278,-0.338,-0.129,-0.126,-0.134,-0.354,-0.364,-0.348,0.989,1.0,0.993
7500,y3,-0.507,-0.125,-0.043,-0.089,-0.315,-0.249,-0.316,-0.073,-0.071,-0.078,-0.332,-0.341,-0.325,0.994,0.993,1.0
8000,.,1.0,-0.122,-0.178,-0.191,-0.086,-0.155,-0.077,-0.196,-0.176,-0.197,-0.064,-0.06,-0.063,-0.435,-0.492,-0.483
8000,A1_1,-0.122,1.0,0.983,0.99,-0.174,-0.052,-0.191,0.987,0.987,0.988,-0.186,-0.176,-0.18,-0.183,-0.206,-0.153
8000,A1_2,-0.178,0.983,1.0,0.995,-0.296,-0.185,-0.31,0.997,0.998,0.996,-0.307,-0.297,-0.301,-0.101,-0.123,-0.074
8000,A1_3,-0.191,0.99,0.995,1.0,-0.253,-0.139,-0.268,0.999,0.997,1.0,-0.264,-0.254,-0.258,-0.139,-0.158,-0.109
8000,B1_1,-0.086,-0.174,-0.296,-0.253,1.0,0.973,0.999,-0.275,-0.279,-0.269,0.999,0.999,0.999,-0.419,-0.377,-0.374
8000,B1_2,-0.155,-0.052,-0.185,-0.139,0.973,1.0,0.964,-0.162,-0.166,-0.155,0.964,0.965,0.965,-0.359,-0.313,-0.304
8000,B1_3,-0.077,-0.191,-0.31,-0.268,0.999,0.964,1.0,-0.291,-0.294,-0.284,0.999,0.999,0.999,-0.417,-0.377,-0.374
8000,A2_1,-0.196,0.987,0.997,0.999,-0.275,-0.162,-0.291,1.0,0.998,1.0,-0.287,-0.277,-0.281,-0.117,-0.138,-0.089
8000,A2_2,-0.176,0.987,0.998,0.997,-0.279,-0.166,-0.294,0.998,1.0,0.998,-0.29,-0.279,-0.284,-0.122,-0.143,-0.094
8000,A2_3,-0.197,0.988,0.996,1.0,-0.269,-0.155,-0.284,1.0,0.998,1.0,-0.28,-0.27,-0.274,-0.123,-0.143,-0.094
8000,B2_1,-0.064,-0.186,-0.307,-0.264,0.999,0.964,0.999,-0.287,-0.29,-0.28,1.0,1.0,1.0,-0.44,-0.4,-0.397
8000,B2_2,-0.06,-0.176,-0.297,-0.254,0.999,0.965,0.999,-0.277,-0.279,-0.27,1.0,1.0,1.0,-0.447,-0.406,-0.403
8000,B2_3,-0.063,-0.18,-0.301,-0.258,0.999,0.965,0.999,-0.281,-0.284,-0.274,1.0,1.0,1.0,-0.441,-0.401,-0.398
8000,y1,-0.435,-0.183,-0.101,-0.139,-0.419,-0.359,-0.417,-0.117,-0.122,-0.123,-0.44,-0.447,-0.441,1.0,0.992,0.994
8000,y2,-0.492,-0.206,-0.123,-0.158,-0.377,-0.313,-0.377,-0.138,-0.143,-0.143,-0.4,-0.406,-0.401,0.992,1.0,0.996
8000,y3,-0.483,-0.153,-0.074,-0.109,-0.374,-0.304,-0.374,-0.089,-0.094,-0.094,-0.397,-0.403,-0.398,0.994,0.996,1.0
8500,.,1.0,-0.123,-0.185,-0.19,-0.101,-0.199,-0.082,-0.201,-0.182,-0.202,-0.057,-0.057,-0.056,-0.408,-0.467,-0.454
8500,A1_1,-0.123,1.0,0.984,0.99,-0.152,0.002,-0.176,0.986,0.988,0.987,-0.184,-0.173,-0.178,-0.178,-0.213,-0.171
8500,A1_2,-0.185,0.984,1.0,0.996,-0.272,-0.128,-0.292,0.998,0.998,0.998,-0.301,-0.291,-0.295,-0.102,-0.141,-0.103
8500,A1_3,-0.19,0.99,0.996,1.0,-0.233,-0.088,-0.254,0.999,0.999,0.999,-0.262,-0.252,-0.257,-0.137,-0.173,-0.135
8500,B1_1,-0.101,-0.152,-0.272,-0.233,1.0,0.954,0.998,-0.261,-0.255,-0.256,0.997,0.997,0.997,-0.407,-0.329,-0.322
8500,B1_2,-0.199,0.002,-0.128,-0.088,0.954,1.0,0.936,-0.114,-0.11,-0.109,0.927,0.93,0.928,-0.313,-0.229,-0.218
8500,B1_3,-0.082,-0.176,-0.292,-0.254,0.998,0.936,1.0,-0.282,-0.276,-0.277,0.999,0.999,0.999,-0.415,-0.339,-0.333
8500,A2_1,-0.201,0.986,0.998,0.999,-0.261,-0.114,-0.282,1.0,0.999,1.0,-0.29,-0.281,-0.285,-0.109,-0.147,-0.11
8500,A2_2,-0.182,0.988,0.998,0.999,-0.255,-0.11,-0.276,0.999,1.0,0.998,-0.284,-0.274,-0.279,-0.122,-0.16,-0.122
8500,A2_3,-0.202,0.987,0.998,0.999,-0.256,-0.109,-0.277,1.0,0.998,1.0,-0.285,-0.275,-0.28,-0.113,-0.151,-0.113
8500,B2_1,-0.057,-0.184,-0.301,-0.262,0.997,0.927,0.999,-0.29,-0.284,-0.285,1.0,1.0,1.0,-0.442,-0.368,-0.362
8500,B2_2,-0.057,-0.173,-0.291,-0.252,0.997,0.93,0.999,-0.281,-0.274,-0.275,1.0,1.0,1.0,-0.445,-0.37,-0.364
8500,B2_3,-0.056,-0.178,-0.295,-0.257,0.997,0.928,0.999,-0.285,-0.279,-0.28,1.0,1.0,1.0,-0.445,-0.37,-0.364
8500,y1,-0.408,-0.178,-0.102,-0.137,-0.407,-0.313,-0.415,-0.109,-0.122,-0.113,-0.442,-0.445,-0.445,1.0,0.991,0.994
8500,y2,-0.467,-0.213,-0.141,-0.173,-0.329,-0.229,-0.339,-0.147,-0.16,-0.151,-0.368,-0.37,-0.37,0.991,1.0,0.997
8500,y3,-0.454,-0.171,-0.103,-0.135,-0.322,-0.218,-0.333,-0.11,-0.122,-0.113,-0.362,-0.364,-0.364,0.994,0.997,1.0
9000,.,1.0,-0.153,-0.204,-0.222,-0.262,-0.281,-0.302,-0.219,-0.201,-0.221,-0.304,-0.287,-0.313,-0.315,-0.422,-0.336
9000,A1_1,-0.153,1.0,0.986,0.989,0.021,0.081,0.064,0.989,0.987,0.989,0.055,0.04,0.069,-0.175,-0.177,-0.169
9000,A1_2,-0.204,0.986,1.0,0.996,-0.103,-0.044,-0.057,0.998,0.999,0.997,-0.067,-0.084,-0.054,-0.099,-0.092,-0.097
9000,A1_3,-0.222,0.989,0.996,1.0,-0.062,-0.004,-0.018,1.0,0.995,1.0,-0.027,-0.043,-0.014,-0.144,-0.135,-0.14
9000,B1_1,-0.262,0.021,-0.103,-0.062,1.0,0.993,0.995,-0.072,-0.092,-0.068,0.996,0.998,0.993,-0.261,-0.227,-0.207
9000,B1_2,-0.281,0.081,-0.044,-0.004,0.993,1.0,0.997,-0.014,-0.034,-0.01,0.997,0.996,0.998,-0.229,-0.198,-0.175
9000,B1_3,-0.302,0.064,-0.057,-0.018,0.995,0.997,1.0,-0.028,-0.048,-0.023,0.998,0.996,0.998,-0.202,-0.17,-0.15
9000,A2_1,-0.219,0.989,0.998,1.0,-0.072,-0.014,-0.028,1.0,0.997,1.0,-0.037,-0.053,-0.024,-0.133,-0.125,-0.13
9000,A2_2,-0.201,0.987,0.999,0.995,-0.092,-0.034,-0.048,0.997,1.0,0.996,-0.057,-0.073,-0.044,-0.112,-0.104,-0.109
9000,A2_3,-0.221,0.989,0.997,1.0,-0.068,-0.01,-0.023,1.0,0.996,1.0,-0.033,-0.048,-0.019,-0.138,-0.13,-0.135
9000,B2_1,-0.304,0.055,-0.067,-0.027,0.996,0.997,0.998,-0.037,-0.057,-0.033,1.0,0.999,1.0,-0.219,-0.184,-0.166
9000,B2_2,-0.287,0.04,-0.084,-0.043,0.998,0.996,0.996,-0.053,-0.073,-0.048,0.999,1.0,0.997,-0.246,-0.21,-0.192
9000,B2_3,-0.313,0.069,-0.054,-0.014,0.993,0.998,0.998,-0.024,-0.044,-0.019,1.0,0.997,1.0,-0.206,-0.171,-0.153
9000,y1,-0.315,-0.175,-0.099,-0.144,-0.261,-0.229,-0.202,-0.133,-0.112,-0.138,-0.219,-0.246,-0.206,1.0,0.988,0.996
9000,y2,-0.422,-0.177,-0.092,-0.135,-0.227,-0.198,-0.17,-0.125,-0.104,-0.13,-0.184,-0.21,-0.171,0.988,1.0,0.991
9000,y3,-0.336,-0.169,-0.097,-0.14,-0.207,-0.175,-0.15,-0.13,-0.109,-0.135,-0.166,-0.192,-0.153,0.996,0.991,1.0
9500,.,1.0,-0.227,-0.273,-0.145,-0.097,-0.18,-0.023,-0.14,-0.136,-0.14,-0.277,-0.269,-0.294,-0.377,-0.379,-0.372
9500,A1_1,-0.227,1.0,0.963,0.844,-0.02,0.081,-0.136,0.845,0.845,0.845,0.07,0.198,0.108,0.258,0.23,0.253
9500,A1_2,-0.273,0.963,1.0,0.935,-0.179,-0.075,-0.293,0.933,0.932,0.933,-0.048,0.08,-0.004,0.265,0.229,0.243
9500,A1_3,-0.145,0.844,0.935,1.0,-0.231,-0.131,-0.327,1.0,0.999,1.0,-0.11,0.01,-0.063,0.112,0.082,0.089
9500,B1_1,-0.097,-0.02,-0.179,-0.231,1.0,0.953,0.969,-0.222,-0.216,-0.223,0.853,0.887,0.872,-0.132,-0.047,-0.037
9500,B1_2,-0.18,0.081,-0.075,-0.131,0.953,1.0,0.934,-0.122,-0.116,-0.123,0.884,0.916,0.932,-0.073,0.019,0.029
9500,B1_3,-0.023,-0.136,-0.293,-0.327,0.969,0.934,1.0,-0.319,-0.313,-0.32,0.754,0.783,0.799,-0.234,-0.151,-0.139
9500,A2_1,-0.14,0.845,0.933,1.0,-0.222,-0.122,-0.319,1.0,1.0,1.0,-0.1,0.019,-0.054,0.1,0.071,0.079
9500,A2_2,-0.136,0.845,0.932,0.999,-0.216,-0.116,-0.313,1.0,1.0,1.0,-0.094,0.025,-0.048,0.094,0.065,0.073
9500,A2_3,-0.14,0.845,0.933,1.0,-0.223,-0.123,-0.32,1.0,1.0,1.0,-0.101,0.018,-0.055,0.101,0.072,0.08
9500,B2_1,-0.277,0.07,-0.048,-0.11,0.853,0.884,0.754,-0.1,-0.094,-0.101,1.0,0.974,0.981,-0.025,0.069,0.067
9500,B2_2,-0.269,0.198,0.08,0.01,0.887,0.916,0.783,0.019,0.025,0.018,0.974,1.0,0.983,0.061,0.153,0.155
9500,B2_3,-0.294,0.108,-0.004,-0.063,0.872,0.932,0.799,-0.054,-0.048,-0.055,0.981,0.983,1.0,-0.006,0.091,0.091
9500,y1,-0.377,0.258,0.265,0.112,-0.132,-0.073,-0.234,0.1,0.094,0.101,-0.025,0.061,-0.006,1.0,0.994,0.994
9500,y2,-0.379,0.23,0.229,0.082,-0.047,0.019,-0.151,0.071,0.065,0.072,0.069,0.153,0.091,0.994,1.0,0.999
9500,y3,-0.372,0.253,0.243,0.089,-0.037,0.029,-0.139,0.079,0.073,0.08,0.067,0.155,0.091,0.994,0.999,1.0
10000,.,1.0,-0.155,-0.152,-0.179,0.096,0.122,0.111,-0.174,-0.148,-0.153,0.152,0.167,0.163,-0.457,-0.496,-0.492
10000,A1_1,-0.155,1.0,0.959,0.971,-0.45,-0.291,-0.427,0.969,0.96,0.958,-0.522,-0.402,-0.401,0.025,0.01,0.025
10000,A1_2,-0.152,0.959,1.0,0.997,-0.547,-0.419,-0.53,0.999,1.0,1.0,-0.617,-0.512,-0.512,-0.03,-0.049,-0.039
10000,A1_3,-0.179,0.971,0.997,1.0,-0.551,-0.416,-0.532,1.0,0.997,0.997,-0.62,-0.513,-0.513,0.001,-0.018,-0.007
10000,B1_1,0.096,-0.45,-0.547,-0.551,1.0,0.95,0.998,-0.55,-0.542,-0.548,0.976,0.978,0.98,-0.295,-0.252,-0.247
10000,B1_2,0.122,-0.291,-0.419,-0.416,0.95,1.0,0.966,-0.418,-0.414,-0.42,0.934,0.986,0.986,-0.313,-0.27,-0.26
10000,B1_3,0.111,-0.427,-0.53,-0.532,0.998,0.966,1.0,-0.531,-0.524,-0.531,0.974,0.988,0.99,-0.308,-0.265,-0.259
10000,A2_1,-0.174,0.969,0.999,1.0,-0.55,-0.418,-0.531,1.0,0.998,0.999,-0.62,-0.513,-0.513,-0.008,-0.026,-0.016
10000,A2_2,-0.148,0.96,1.0,0.997,-0.542,-0.414,-0.524,0.998,1.0,1.0,-0.612,-0.506,-0.506,-0.037,-0.056,-0.046
10000,A2_3,-0.153,0.958,1.0,0.997,-0.548,-0.42,-0.531,0.999,1.0,1.0,-0.618,-0.513,-0.513,-0.029,-0.048,-0.038
10000,B2_1,0.152,-0.522,-0.617,-0.62,0.976,0.934,0.974,-0.62,-0.612,-0.618,1.0,0.975,0.974,-0.368,-0.33,-0.326
10000,B2_2,0.167,-0.402,-0.512,-0.513,0.978,0.986,0.988,-0.513,-0.506,-0.513,0.975,1.0,1.0,-0.365,-0.324,-0.317
10000,B2_3,0.163,-0.401,-0.512,-0.513,0.98,0.986,0.99,-0.513,-0.506,-0.513,0.974,1.0,1.0,-0.361,-0.319,-0.312
10000,y1,-0.457,0.025,-0.03,0.001,-0.295,-0.313,-0.308,-0.008,-0.037,-0.029,-0.368,-0.365,-0.361,1.0,0.997,0.997
10000,y2,-0.496,0.01,-0.049,-0.018,-0.252,-0.27,-0.265,-0.026,-0.056,-0.048,-0.33,-0.324,-0.319,0.997,1.0,1.0
10000,y3,-0.492,0.025,-0.039,-0.007,-0.247,-0.26,-0.259,-0.016,-0.046,-0.038,-0.326,-0.317,-0.312,0.997,1.0,1.0
