,,.,A1_1,A1_2,A1_3,B1_1,B1_2,B1_3,A2_1,A2_2,A2_3,B2_1,B2_2,B2_3,y1,y2,y3
0,.,1.0,0.6,0.683,0.711,0.611,0.736,0.715,0.769,0.664,0.582,0.596,0.616,0.607,0.812,0.863,0.783
0,A1_1,0.6,1.0,0.877,0.894,0.934,0.897,0.887,0.898,0.872,0.87,0.956,0.957,0.892,0.808,0.671,0.832
0,A1_2,0.683,0.877,1.0,0.936,0.749,0.88,0.871,0.913,0.96,0.935,0.86,0.915,0.859,0.814,0.616,0.755
0,A1_3,0.711,0.894,0.936,1.0,0.82,0.923,0.936,0.913,0.917,0.852,0.908,0.935,0.888,0.851,0.616,0.782
0,B1_1,0.611,0.934,0.749,0.82,1.0,0.883,0.825,0.803,0.753,0.807,0.942,0.91,0.893,0.792,0.664,0.813
0,B1_2,0.736,0.897,0.88,0.923,0.883,1.0,0.87,0.923,0.904,0.874,0.916,0.935,0.866,0.827,0.738,0.871
0,B1_3,0.715,0.887,0.871,0.936,0.825,0.87,1.0,0.868,0.893,0.806,0.879,0.921,0.872,0.823,0.671,0.724
0,A2_1,0.769,0.898,0.913,0.913,0.803,0.923,0.868,1.0,0.936,0.879,0.86,0.886,0.801,0.828,0.778,0.9
0,A2_2,0.664,0.872,0.96,0.917,0.753,0.904,0.893,0.936,1.0,0.944,0.852,0.924,0.818,0.743,0.654,0.768
0,A2_3,0.582,0.87,0.935,0.852,0.807,0.874,0.806,0.879,0.944,1.0,0.876,0.912,0.87,0.698,0.564,0.717
0,B2_1,0.596,0.956,0.86,0.908,0.942,0.916,0.879,0.86,0.852,0.876,1.0,0.972,0.967,0.81,0.616,0.772
0,B2_2,0.616,0.957,0.915,0.935,0.91,0.935,0.921,0.886,0.924,0.912,0.972,1.0,0.937,0.812,0.634,0.784
0,B2_3,0.607,0.892,0.859,0.888,0.893,0.866,0.872,0.801,0.818,0.87,0.967,0.937,1.0,0.812,0.548,0.684
0,y1,0.812,0.808,0.814,0.851,0.792,0.827,0.823,0.828,0.743,0.698,0.81,0.812,0.812,1.0,0.798,0.855
0,y2,0.863,0.671,0.616,0.616,0.664,0.738,0.671,0.778,0.654,0.564,0.616,0.634,0.548,0.798,1.0,0.883
0,y3,0.783,0.832,0.755,0.782,0.813,0.871,0.724,0.9,0.768,0.717,0.772,0.784,0.684,0.855,0.883,1.0
1,.,1.0,0.552,0.64,0.669,0.562,0.693,0.676,0.717,0.607,0.528,0.551,0.577,0.572,0.788,0.829,0.745
1,A1_1,0.552,1.0,0.862,0.865,0.914,0.878,0.876,0.889,0.864,0.859,0.94,0.945,0.861,0.77,0.615,0.812
1,A1_2,0.64,0.862,1.0,0.938,0.706,0.855,0.861,0.908,0.957,0.924,0.835,0.899,0.839,0.777,0.53,0.705
1,A1_3,0.669,0.865,0.938,1.0,0.767,0.9,0.916,0.896,0.906,0.842,0.874,0.912,0.853,0.82,0.526,0.734
1,B1_1,0.562,0.914,0.706,0.767,1.0,0.867,0.796,0.757,0.715,0.779,0.929,0.894,0.869,0.763,0.617,0.788
1,B1_2,0.693,0.878,0.855,0.9,0.867,1.0,0.853,0.895,0.883,0.86,0.905,0.927,0.846,0.802,0.684,0.843
1,B1_3,0.676,0.876,0.861,0.916,0.796,0.853,1.0,0.854,0.881,0.799,0.871,0.918,0.861,0.798,0.616,0.687
1,A2_1,0.717,0.889,0.908,0.896,0.757,0.895,0.854,1.0,0.934,0.875,0.842,0.876,0.772,0.8,0.706,0.866
1,A2_2,0.607,0.864,0.957,0.906,0.715,0.883,0.881,0.934,1.0,0.946,0.841,0.92,0.804,0.707,0.574,0.718
1,A2_3,0.528,0.859,0.924,0.842,0.779,0.86,0.799,0.875,0.946,1.0,0.874,0.911,0.866,0.66,0.482,0.663
1,B2_1,0.551,0.94,0.835,0.874,0.929,0.905,0.871,0.842,0.841,0.874,1.0,0.969,0.958,0.782,0.556,0.741
1,B2_2,0.577,0.945,0.899,0.912,0.894,0.927,0.918,0.876,0.92,0.911,0.969,1.0,0.929,0.786,0.578,0.752
1,B2_3,0.572,0.861,0.839,0.853,0.869,0.846,0.861,0.772,0.804,0.866,0.958,0.929,1.0,0.78,0.477,0.632
1,y1,0.788,0.77,0.777,0.82,0.763,0.802,0.798,0.8,0.707,0.66,0.782,0.786,0.78,1.0,0.764,0.839
1,y2,0.829,0.615,0.53,0.526,0.617,0.684,0.616,0.706,0.574,0.482,0.556,0.578,0.477,0.764,1.0,0.86
1,y3,0.745,0.812,0.705,0.734,0.788,0.843,0.687,0.866,0.718,0.663,0.741,0.752,0.632,0.839,0.86,1.0
2,.,1.0,0.529,0.622,0.643,0.537,0.669,0.656,0.685,0.573,0.5,0.527,0.555,0.563,0.761,0.798,0.712
2,A1_1,0.529,1.0,0.857,0.839,0.887,0.861,0.865,0.878,0.861,0.853,0.922,0.932,0.833,0.745,0.584,0.8
2,A1_2,0.622,0.857,1.0,0.938,0.667,0.835,0.849,0.912,0.953,0.913,0.813,0.883,0.817,0.761,0.481,0.679
2,A1_3,0.643,0.839,0.938,1.0,0.711,0.878,0.894,0.881,0.894,0.827,0.838,0.887,0.82,0.797,0.462,0.694
2,B1_1,0.537,0.887,0.667,0.711,1.0,0.852,0.765,0.7,0.677,0.748,0.912,0.874,0.849,0.74,0.595,0.764
2,B1_2,0.669,0.861,0.835,0.878,0.852,1.0,0.838,0.864,0.862,0.843,0.891,0.92,0.83,0.789,0.655,0.824
2,B1_3,0.656,0.865,0.849,0.894,0.765,0.838,1.0,0.834,0.867,0.782,0.859,0.911,0.849,0.785,0.586,0.661
2,A2_1,0.685,0.878,0.912,0.881,0.7,0.864,0.834,1.0,0.937,0.878,0.82,0.862,0.742,0.781,0.655,0.837
2,A2_2,0.573,0.861,0.953,0.894,0.677,0.862,0.867,0.937,1.0,0.948,0.831,0.915,0.789,0.693,0.523,0.688
2,A2_3,0.5,0.853,0.913,0.827,0.748,0.843,0.782,0.878,0.948,1.0,0.872,0.909,0.855,0.646,0.438,0.634
2,B2_1,0.527,0.922,0.813,0.838,0.912,0.891,0.859,0.82,0.831,0.872,1.0,0.966,0.953,0.767,0.519,0.717
2,B2_2,0.555,0.932,0.883,0.887,0.874,0.92,0.911,0.862,0.915,0.909,0.966,1.0,0.924,0.775,0.543,0.729
2,B2_3,0.563,0.833,0.817,0.82,0.849,0.83,0.849,0.742,0.789,0.855,0.953,0.924,1.0,0.766,0.439,0.597
2,y1,0.761,0.745,0.761,0.797,0.74,0.789,0.785,0.781,0.693,0.646,0.767,0.775,0.766,1.0,0.736,0.821
2,y2,0.798,0.584,0.481,0.462,0.595,0.655,0.586,0.655,0.523,0.438,0.519,0.543,0.439,0.736,1.0,0.846
2,y3,0.712,0.8,0.679,0.694,0.764,0.824,0.661,0.837,0.688,0.634,0.717,0.729,0.597,0.821,0.846,1.0
3,.,1.0,0.516,0.613,0.629,0.527,0.66,0.646,0.663,0.548,0.48,0.512,0.539,0.566,0.735,0.769,0.685
3,A1_1,0.516,1.0,0.853,0.813,0.855,0.841,0.848,0.864,0.854,0.844,0.903,0.918,0.811,0.723,0.563,0.792
3,A1_2,0.613,0.853,1.0,0.933,0.623,0.815,0.83,0.919,0.947,0.898,0.791,0.868,0.792,0.753,0.448,0.668
3,A1_3,0.629,0.813,0.933,1.0,0.652,0.855,0.874,0.865,0.878,0.803,0.802,0.86,0.785,0.778,0.411,0.661
3,B1_1,0.527,0.855,0.623,0.652,1.0,0.832,0.729,0.635,0.631,0.71,0.89,0.847,0.833,0.718,0.588,0.742
3,B1_2,0.66,0.841,0.815,0.855,0.832,1.0,0.824,0.83,0.839,0.819,0.873,0.91,0.813,0.785,0.641,0.812
3,B1_3,0.646,0.848,0.83,0.874,0.729,0.824,1.0,0.804,0.845,0.752,0.84,0.896,0.834,0.77,0.566,0.636
3,A2_1,0.663,0.864,0.919,0.865,0.635,0.83,0.804,1.0,0.94,0.88,0.791,0.842,0.712,0.763,0.611,0.811
3,A2_2,0.548,0.854,0.947,0.878,0.631,0.839,0.845,0.94,1.0,0.947,0.82,0.908,0.77,0.686,0.483,0.667
3,A2_3,0.48,0.844,0.898,0.803,0.71,0.819,0.752,0.88,0.947,1.0,0.87,0.906,0.839,0.638,0.406,0.616
3,B2_1,0.512,0.903,0.791,0.802,0.89,0.873,0.84,0.791,0.82,0.87,1.0,0.964,0.949,0.758,0.493,0.696
3,B2_2,0.539,0.918,0.868,0.86,0.847,0.91,0.896,0.842,0.908,0.906,0.964,1.0,0.919,0.768,0.513,0.707
3,B2_3,0.566,0.811,0.792,0.785,0.833,0.813,0.834,0.712,0.77,0.839,0.949,0.919,1.0,0.76,0.421,0.575
3,y1,0.735,0.723,0.753,0.778,0.718,0.785,0.77,0.763,0.686,0.638,0.758,0.768,0.76,1.0,0.709,0.803
3,y2,0.769,0.563,0.448,0.411,0.588,0.641,0.566,0.611,0.483,0.406,0.493,0.513,0.421,0.709,1.0,0.835
3,y3,0.685,0.792,0.668,0.661,0.742,0.812,0.636,0.811,0.667,0.616,0.696,0.707,0.575,0.803,0.835,1.0
4,.,1.0,0.514,0.613,0.621,0.527,0.658,0.643,0.651,0.53,0.467,0.507,0.536,0.576,0.71,0.744,0.663
4,A1_1,0.514,1.0,0.852,0.793,0.821,0.816,0.83,0.854,0.847,0.833,0.885,0.905,0.792,0.7,0.55,0.792
4,A1_2,0.613,0.852,1.0,0.923,0.578,0.792,0.806,0.927,0.939,0.882,0.769,0.853,0.764,0.75,0.435,0.671
4,A1_3,0.621,0.793,0.923,1.0,0.6,0.834,0.857,0.849,0.858,0.775,0.77,0.838,0.754,0.763,0.381,0.639
4,B1_1,0.527,0.821,0.578,0.6,1.0,0.81,0.693,0.571,0.579,0.66,0.862,0.815,0.814,0.686,0.593,0.728
4,B1_2,0.658,0.816,0.792,0.834,0.81,1.0,0.815,0.795,0.81,0.784,0.848,0.898,0.795,0.78,0.643,0.805
4,B1_3,0.643,0.83,0.806,0.857,0.693,0.815,1.0,0.768,0.814,0.708,0.814,0.877,0.815,0.751,0.565,0.621
4,A2_1,0.651,0.854,0.927,0.849,0.571,0.795,0.768,1.0,0.941,0.878,0.764,0.824,0.683,0.747,0.58,0.793
4,A2_2,0.53,0.847,0.939,0.858,0.579,0.81,0.814,0.941,1.0,0.946,0.809,0.901,0.75,0.687,0.458,0.655
4,A2_3,0.467,0.833,0.882,0.775,0.66,0.784,0.708,0.878,0.946,1.0,0.866,0.9,0.82,0.635,0.385,0.608
4,B2_1,0.507,0.885,0.769,0.77,0.862,0.848,0.814,0.764,0.809,0.866,1.0,0.961,0.947,0.747,0.48,0.684
4,B2_2,0.536,0.905,0.853,0.838,0.815,0.898,0.877,0.824,0.901,0.9,0.961,1.0,0.915,0.762,0.5,0.696
4,B2_3,0.576,0.792,0.764,0.754,0.814,0.795,0.815,0.683,0.75,0.82,0.947,0.915,1.0,0.752,0.419,0.565
4,y1,0.71,0.7,0.75,0.763,0.686,0.78,0.751,0.747,0.687,0.635,0.747,0.762,0.752,1.0,0.691,0.778
4,y2,0.744,0.55,0.435,0.381,0.593,0.643,0.565,0.58,0.458,0.385,0.48,0.5,0.419,0.691,1.0,0.824
4,y3,0.663,0.792,0.671,0.639,0.728,0.805,0.621,0.793,0.655,0.608,0.684,0.696,0.565,0.778,0.824,1.0
5,.,1.0,0.518,0.619,0.622,0.525,0.663,0.653,0.664,0.518,0.457,0.511,0.544,0.597,0.696,0.726,0.642
5,A1_1,0.518,1.0,0.85,0.779,0.777,0.782,0.805,0.848,0.838,0.821,0.869,0.891,0.779,0.67,0.536,0.797
5,A1_2,0.619,0.85,1.0,0.91,0.523,0.762,0.782,0.927,0.928,0.86,0.745,0.833,0.736,0.752,0.444,0.664
5,A1_3,0.622,0.779,0.91,1.0,0.558,0.817,0.847,0.826,0.833,0.739,0.742,0.819,0.731,0.744,0.385,0.616
5,B1_1,0.525,0.777,0.523,0.558,1.0,0.78,0.645,0.506,0.506,0.588,0.812,0.765,0.78,0.622,0.586,0.73
5,B1_2,0.663,0.782,0.762,0.817,0.78,1.0,0.808,0.762,0.775,0.739,0.813,0.879,0.77,0.767,0.666,0.802
5,B1_3,0.653,0.805,0.782,0.847,0.645,0.808,1.0,0.741,0.776,0.655,0.778,0.854,0.79,0.721,0.599,0.608
5,A2_1,0.664,0.848,0.927,0.826,0.506,0.762,0.741,1.0,0.935,0.869,0.747,0.813,0.666,0.736,0.58,0.769
5,A2_2,0.518,0.838,0.928,0.833,0.506,0.775,0.776,0.935,1.0,0.945,0.798,0.893,0.728,0.69,0.461,0.626
5,A2_3,0.457,0.821,0.86,0.739,0.588,0.739,0.655,0.869,0.945,1.0,0.861,0.89,0.798,0.633,0.38,0.593
5,B2_1,0.511,0.869,0.745,0.742,0.812,0.813,0.778,0.747,0.798,0.861,1.0,0.958,0.944,0.722,0.48,0.682
5,B2_2,0.544,0.891,0.833,0.819,0.765,0.879,0.854,0.813,0.893,0.89,0.958,1.0,0.909,0.76,0.53,0.697
5,B2_3,0.597,0.779,0.736,0.731,0.78,0.77,0.79,0.666,0.728,0.798,0.944,0.909,1.0,0.731,0.435,0.574
5,y1,0.696,0.67,0.752,0.744,0.622,0.767,0.721,0.736,0.69,0.633,0.722,0.76,0.731,1.0,0.703,0.723
5,y2,0.726,0.536,0.444,0.385,0.586,0.666,0.599,0.58,0.461,0.38,0.48,0.53,0.435,0.703,1.0,0.786
5,y3,0.642,0.797,0.664,0.616,0.73,0.802,0.608,0.769,0.626,0.593,0.682,0.697,0.574,0.723,0.786,1.0
6,.,1.0,0.523,0.623,0.617,0.508,0.66,0.661,0.672,0.506,0.448,0.517,0.549,0.617,0.678,0.701,0.627
6,A1_1,0.523,1.0,0.848,0.774,0.732,0.751,0.774,0.845,0.829,0.81,0.855,0.88,0.77,0.637,0.522,0.802
6,A1_2,0.623,0.848,1.0,0.904,0.481,0.729,0.757,0.924,0.915,0.837,0.722,0.812,0.71,0.748,0.455,0.664
6,A1_3,0.617,0.774,0.904,1.0,0.54,0.8,0.83,0.805,0.809,0.709,0.715,0.795,0.707,0.702,0.379,0.608
6,B1_1,0.508,0.732,0.481,0.54,1.0,0.764,0.61,0.443,0.44,0.511,0.755,0.716,0.743,0.556,0.563,0.724
6,B1_2,0.66,0.751,0.729,0.8,0.764,1.0,0.804,0.726,0.736,0.692,0.78,0.859,0.75,0.731,0.675,0.793
6,B1_3,0.661,0.774,0.757,0.83,0.61,0.804,1.0,0.719,0.734,0.597,0.736,0.825,0.762,0.682,0.634,0.599
6,A2_1,0.672,0.845,0.924,0.805,0.443,0.726,0.719,1.0,0.93,0.858,0.733,0.802,0.651,0.721,0.58,0.753
6,A2_2,0.506,0.829,0.915,0.809,0.44,0.736,0.734,0.93,1.0,0.945,0.791,0.885,0.709,0.688,0.472,0.609
6,A2_3,0.448,0.81,0.837,0.709,0.511,0.692,0.597,0.858,0.945,1.0,0.854,0.879,0.774,0.625,0.378,0.587
6,B2_1,0.517,0.855,0.722,0.715,0.755,0.78,0.736,0.733,0.791,0.854,1.0,0.956,0.942,0.696,0.482,0.688
6,B2_2,0.549,0.88,0.812,0.795,0.716,0.859,0.825,0.802,0.885,0.879,0.956,1.0,0.903,0.747,0.558,0.7
6,B2_3,0.617,0.77,0.71,0.707,0.743,0.75,0.762,0.651,0.709,0.774,0.942,0.903,1.0,0.707,0.452,0.591
6,y1,0.678,0.637,0.748,0.702,0.556,0.731,0.682,0.721,0.688,0.625,0.696,0.747,0.707,1.0,0.713,0.671
6,y2,0.701,0.522,0.455,0.379,0.563,0.675,0.634,0.58,0.472,0.378,0.482,0.558,0.452,0.713,1.0,0.735
6,y3,0.627,0.802,0.664,0.608,0.724,0.793,0.599,0.753,0.609,0.587,0.688,0.7,0.591,0.671,0.735,1.0
7,.,1.0,0.524,0.624,0.603,0.497,0.659,0.656,0.669,0.492,0.434,0.521,0.547,0.632,0.658,0.675,0.615
7,A1_1,0.524,1.0,0.844,0.762,0.683,0.72,0.74,0.838,0.819,0.797,0.841,0.867,0.759,0.606,0.505,0.801
7,A1_2,0.624,0.844,1.0,0.897,0.441,0.701,0.727,0.922,0.9,0.814,0.699,0.789,0.682,0.736,0.452,0.663
7,A1_3,0.603,0.762,0.897,1.0,0.516,0.785,0.817,0.787,0.787,0.681,0.687,0.774,0.68,0.668,0.363,0.598
7,B1_1,0.497,0.683,0.441,0.516,1.0,0.755,0.586,0.378,0.37,0.432,0.699,0.667,0.713,0.508,0.546,0.708
7,B1_2,0.659,0.72,0.701,0.785,0.755,1.0,0.8,0.688,0.695,0.645,0.749,0.838,0.736,0.701,0.672,0.782
7,B1_3,0.656,0.74,0.727,0.817,0.586,0.8,1.0,0.686,0.687,0.536,0.695,0.795,0.737,0.645,0.64,0.584
7,A2_1,0.669,0.838,0.922,0.787,0.378,0.688,0.686,1.0,0.928,0.85,0.717,0.788,0.629,0.703,0.566,0.736
7,A2_2,0.492,0.819,0.9,0.787,0.37,0.695,0.687,0.928,1.0,0.943,0.779,0.875,0.683,0.68,0.468,0.595
7,A2_3,0.434,0.797,0.814,0.681,0.432,0.645,0.536,0.85,0.943,1.0,0.845,0.868,0.747,0.614,0.366,0.58
7,B2_1,0.521,0.841,0.699,0.687,0.699,0.749,0.695,0.717,0.779,0.845,1.0,0.954,0.939,0.678,0.477,0.687
7,B2_2,0.547,0.867,0.789,0.774,0.667,0.838,0.795,0.788,0.875,0.868,0.954,1.0,0.897,0.735,0.566,0.696
7,B2_3,0.632,0.759,0.682,0.68,0.713,0.736,0.737,0.629,0.683,0.747,0.939,0.897,1.0,0.686,0.459,0.6
7,y1,0.658,0.606,0.736,0.668,0.508,0.701,0.645,0.703,0.68,0.614,0.678,0.735,0.686,1.0,0.713,0.632
7,y2,0.675,0.505,0.452,0.363,0.546,0.672,0.64,0.566,0.468,0.366,0.477,0.566,0.459,0.713,1.0,0.7
7,y3,0.615,0.801,0.663,0.598,0.708,0.782,0.584,0.736,0.595,0.58,0.687,0.696,0.6,0.632,0.7,1.0
8,.,1.0,0.527,0.628,0.596,0.5,0.663,0.648,0.667,0.481,0.423,0.529,0.547,0.643,0.642,0.66,0.615
8,A1_1,0.527,1.0,0.843,0.752,0.655,0.698,0.714,0.832,0.809,0.786,0.831,0.855,0.755,0.582,0.496,0.8
8,A1_2,0.628,0.843,1.0,0.892,0.427,0.686,0.711,0.921,0.89,0.8,0.689,0.776,0.668,0.727,0.457,0.671
8,A1_3,0.596,0.752,0.892,1.0,0.512,0.779,0.812,0.775,0.772,0.661,0.67,0.763,0.665,0.646,0.361,0.597
8,B1_1,0.5,0.655,0.427,0.512,1.0,0.761,0.586,0.345,0.33,0.382,0.667,0.645,0.703,0.486,0.546,0.701
8,B1_2,0.663,0.698,0.686,0.779,0.761,1.0,0.802,0.663,0.663,0.609,0.727,0.825,0.731,0.679,0.671,0.778
8,B1_3,0.648,0.714,0.711,0.812,0.586,0.802,1.0,0.662,0.653,0.492,0.668,0.776,0.723,0.618,0.638,0.575
8,A2_1,0.667,0.832,0.921,0.775,0.345,0.663,0.662,1.0,0.926,0.845,0.705,0.775,0.614,0.688,0.562,0.729
8,A2_2,0.481,0.809,0.89,0.772,0.33,0.663,0.653,0.926,1.0,0.942,0.769,0.866,0.662,0.673,0.469,0.589
8,A2_3,0.423,0.786,0.8,0.661,0.382,0.609,0.492,0.845,0.942,1.0,0.835,0.857,0.722,0.604,0.361,0.577
8,B2_1,0.529,0.831,0.689,0.67,0.667,0.727,0.668,0.705,0.769,0.835,1.0,0.952,0.937,0.669,0.478,0.686
8,B2_2,0.547,0.855,0.776,0.763,0.645,0.825,0.776,0.775,0.866,0.857,0.952,1.0,0.893,0.726,0.572,0.694
8,B2_3,0.643,0.755,0.668,0.665,0.703,0.731,0.723,0.614,0.662,0.722,0.937,0.893,1.0,0.671,0.467,0.607
8,y1,0.642,0.582,0.727,0.646,0.486,0.679,0.618,0.688,0.673,0.604,0.669,0.726,0.671,1.0,0.713,0.61
8,y2,0.66,0.496,0.457,0.361,0.546,0.671,0.638,0.562,0.469,0.361,0.478,0.572,0.467,0.713,1.0,0.684
8,y3,0.615,0.8,0.671,0.597,0.701,0.778,0.575,0.729,0.589,0.577,0.686,0.694,0.607,0.61,0.684,1.0
9,.,1.0,0.53,0.633,0.593,0.51,0.668,0.639,0.665,0.472,0.416,0.537,0.547,0.651,0.63,0.654,0.62
9,A1_1,0.53,1.0,0.842,0.745,0.644,0.683,0.696,0.827,0.798,0.777,0.825,0.845,0.751,0.563,0.493,0.8
9,A1_2,0.633,0.842,1.0,0.889,0.424,0.679,0.703,0.922,0.883,0.791,0.685,0.77,0.661,0.719,0.467,0.686
9,A1_3,0.593,0.745,0.889,1.0,0.517,0.778,0.811,0.768,0.763,0.649,0.661,0.76,0.658,0.633,0.363,0.602
9,B1_1,0.51,0.644,0.424,0.517,1.0,0.774,0.598,0.334,0.313,0.357,0.658,0.644,0.705,0.48,0.558,0.699
9,B1_2,0.668,0.683,0.679,0.778,0.774,1.0,0.805,0.648,0.642,0.584,0.715,0.82,0.73,0.666,0.673,0.777
9,B1_3,0.639,0.696,0.703,0.811,0.598,0.805,1.0,0.647,0.632,0.464,0.653,0.768,0.717,0.603,0.634,0.57
9,A2_1,0.665,0.827,0.922,0.768,0.334,0.648,0.647,1.0,0.923,0.84,0.697,0.765,0.602,0.675,0.564,0.733
9,A2_2,0.472,0.798,0.883,0.763,0.313,0.642,0.632,0.923,1.0,0.94,0.76,0.857,0.644,0.669,0.472,0.591
9,A2_3,0.416,0.777,0.791,0.649,0.357,0.584,0.464,0.84,0.94,1.0,0.827,0.846,0.703,0.596,0.361,0.581
9,B2_1,0.537,0.825,0.685,0.661,0.658,0.715,0.653,0.697,0.76,0.827,1.0,0.949,0.936,0.663,0.481,0.686
9,B2_2,0.547,0.845,0.77,0.76,0.644,0.82,0.768,0.765,0.857,0.846,0.949,1.0,0.891,0.721,0.576,0.695
9,B2_3,0.651,0.751,0.661,0.658,0.705,0.73,0.717,0.602,0.644,0.703,0.936,0.891,1.0,0.66,0.473,0.611
9,y1,0.63,0.563,0.719,0.633,0.48,0.666,0.603,0.675,0.669,0.596,0.663,0.721,0.66,1.0,0.713,0.601
9,y2,0.654,0.493,0.467,0.363,0.558,0.673,0.634,0.564,0.472,0.361,0.481,0.576,0.473,0.713,1.0,0.685
9,y3,0.62,0.8,0.686,0.602,0.699,0.777,0.57,0.733,0.591,0.581,0.686,0.695,0.611,0.601,0.685,1.0
10,.,1.0,0.532,0.638,0.59,0.522,0.672,0.629,0.665,0.464,0.41,0.547,0.548,0.658,0.62,0.652,0.63
10,A1_1,0.532,1.0,0.841,0.737,0.64,0.669,0.678,0.822,0.788,0.772,0.822,0.836,0.751,0.544,0.49,0.799
10,A1_2,0.638,0.841,1.0,0.885,0.43,0.677,0.698,0.922,0.877,0.787,0.686,0.767,0.659,0.712,0.481,0.705
10,A1_3,0.59,0.737,0.885,1.0,0.531,0.781,0.815,0.762,0.756,0.641,0.656,0.76,0.655,0.622,0.37,0.61
10,B1_1,0.522,0.64,0.43,0.531,1.0,0.789,0.618,0.332,0.306,0.341,0.658,0.653,0.715,0.478,0.57,0.698
10,B1_2,0.672,0.669,0.677,0.781,0.789,1.0,0.811,0.639,0.627,0.566,0.709,0.821,0.734,0.658,0.676,0.777
10,B1_3,0.629,0.678,0.698,0.815,0.618,0.811,1.0,0.637,0.617,0.443,0.644,0.765,0.717,0.592,0.629,0.566
10,A2_1,0.665,0.822,0.922,0.762,0.332,0.639,0.637,1.0,0.921,0.837,0.69,0.756,0.593,0.662,0.571,0.739
10,A2_2,0.464,0.788,0.877,0.756,0.306,0.627,0.617,0.921,1.0,0.937,0.749,0.848,0.627,0.665,0.48,0.597
10,A2_3,0.41,0.772,0.787,0.641,0.341,0.566,0.443,0.837,0.937,1.0,0.817,0.835,0.684,0.59,0.365,0.589
10,B2_1,0.547,0.822,0.686,0.656,0.658,0.709,0.644,0.69,0.749,0.817,1.0,0.945,0.935,0.658,0.486,0.688
10,B2_2,0.548,0.836,0.767,0.76,0.653,0.821,0.765,0.756,0.848,0.835,0.945,1.0,0.889,0.717,0.58,0.697
10,B2_3,0.658,0.751,0.659,0.655,0.715,0.734,0.717,0.593,0.627,0.684,0.935,0.889,1.0,0.649,0.48,0.615
10,y1,0.62,0.544,0.712,0.622,0.478,0.658,0.592,0.662,0.665,0.59,0.658,0.717,0.649,1.0,0.714,0.597
10,y2,0.652,0.49,0.481,0.37,0.57,0.676,0.629,0.571,0.48,0.365,0.486,0.58,0.48,0.714,1.0,0.689
10,y3,0.63,0.799,0.705,0.61,0.698,0.777,0.566,0.739,0.597,0.589,0.688,0.697,0.615,0.597,0.689,1.0
11,.,1.0,0.537,0.647,0.593,0.539,0.679,0.621,0.668,0.459,0.408,0.559,0.553,0.665,0.613,0.653,0.645
11,A1_1,0.537,1.0,0.842,0.734,0.64,0.66,0.667,0.82,0.782,0.768,0.822,0.83,0.754,0.532,0.493,0.797
11,A1_2,0.647,0.842,1.0,0.882,0.444,0.677,0.697,0.923,0.872,0.783,0.69,0.767,0.663,0.708,0.499,0.725
11,A1_3,0.593,0.734,0.882,1.0,0.55,0.787,0.821,0.76,0.75,0.634,0.655,0.765,0.658,0.618,0.384,0.622
11,B1_1,0.539,0.64,0.444,0.55,1.0,0.808,0.643,0.342,0.31,0.335,0.664,0.671,0.729,0.486,0.587,0.703
11,B1_2,0.679,0.66,0.677,0.787,0.808,1.0,0.818,0.635,0.617,0.552,0.708,0.826,0.743,0.657,0.681,0.78
11,B1_3,0.621,0.667,0.697,0.821,0.643,0.818,1.0,0.635,0.61,0.431,0.641,0.77,0.723,0.589,0.626,0.566
11,A2_1,0.668,0.82,0.923,0.76,0.342,0.635,0.635,1.0,0.918,0.834,0.688,0.75,0.591,0.653,0.584,0.749
11,A2_2,0.459,0.782,0.872,0.75,0.31,0.617,0.61,0.918,1.0,0.935,0.741,0.841,0.615,0.662,0.492,0.605
11,A2_3,0.408,0.768,0.783,0.634,0.335,0.552,0.431,0.834,0.935,1.0,0.808,0.822,0.668,0.583,0.373,0.597
11,B2_1,0.559,0.822,0.69,0.655,0.664,0.708,0.641,0.688,0.741,0.808,1.0,0.941,0.935,0.655,0.494,0.689
11,B2_2,0.553,0.83,0.767,0.765,0.671,0.826,0.77,0.75,0.841,0.822,0.941,1.0,0.889,0.716,0.59,0.7
11,B2_3,0.665,0.754,0.663,0.658,0.729,0.743,0.723,0.591,0.615,0.668,0.935,0.889,1.0,0.643,0.491,0.619
11,y1,0.613,0.532,0.708,0.618,0.486,0.657,0.589,0.653,0.662,0.583,0.655,0.716,0.643,1.0,0.72,0.599
11,y2,0.653,0.493,0.499,0.384,0.587,0.681,0.626,0.584,0.492,0.373,0.494,0.59,0.491,0.72,1.0,0.701
11,y3,0.645,0.797,0.725,0.622,0.703,0.78,0.566,0.749,0.605,0.597,0.689,0.7,0.619,0.599,0.701,1.0
12,.,1.0,0.536,0.653,0.595,0.549,0.68,0.61,0.668,0.454,0.407,0.566,0.553,0.668,0.608,0.654,0.654
12,A1_1,0.536,1.0,0.843,0.731,0.644,0.65,0.653,0.816,0.774,0.767,0.822,0.821,0.752,0.52,0.491,0.792
12,A1_2,0.653,0.843,1.0,0.879,0.453,0.676,0.692,0.923,0.868,0.783,0.696,0.767,0.667,0.702,0.512,0.741
12,A1_3,0.595,0.731,0.879,1.0,0.565,0.79,0.825,0.76,0.749,0.633,0.659,0.771,0.664,0.613,0.392,0.631
12,B1_1,0.549,0.644,0.453,0.565,1.0,0.822,0.664,0.355,0.32,0.338,0.676,0.69,0.742,0.492,0.597,0.704
12,B1_2,0.68,0.65,0.676,0.79,0.822,1.0,0.823,0.633,0.613,0.546,0.711,0.833,0.75,0.653,0.683,0.779
12,B1_3,0.61,0.653,0.692,0.825,0.664,0.823,1.0,0.63,0.604,0.423,0.641,0.775,0.728,0.584,0.617,0.56
12,A2_1,0.668,0.816,0.923,0.76,0.355,0.633,0.63,1.0,0.915,0.832,0.687,0.744,0.589,0.642,0.595,0.759
12,A2_2,0.454,0.774,0.868,0.749,0.32,0.613,0.604,0.915,1.0,0.933,0.736,0.835,0.606,0.658,0.501,0.612
12,A2_3,0.407,0.767,0.783,0.633,0.338,0.546,0.423,0.832,0.933,1.0,0.803,0.812,0.657,0.577,0.381,0.606
12,B2_1,0.566,0.822,0.696,0.659,0.676,0.711,0.641,0.687,0.736,0.803,1.0,0.937,0.935,0.654,0.5,0.689
12,B2_2,0.553,0.821,0.767,0.771,0.69,0.833,0.775,0.744,0.835,0.812,0.937,1.0,0.888,0.716,0.593,0.7
12,B2_3,0.668,0.752,0.667,0.664,0.742,0.75,0.728,0.589,0.606,0.657,0.935,0.888,1.0,0.638,0.495,0.617
12,y1,0.608,0.52,0.702,0.613,0.492,0.653,0.584,0.642,0.658,0.577,0.654,0.716,0.638,1.0,0.722,0.604
12,y2,0.654,0.491,0.512,0.392,0.597,0.683,0.617,0.595,0.501,0.381,0.5,0.593,0.495,0.722,1.0,0.714
12,y3,0.654,0.792,0.741,0.631,0.704,0.779,0.56,0.759,0.612,0.606,0.689,0.7,0.617,0.604,0.714,1.0
13,.,1.0,0.537,0.661,0.601,0.56,0.685,0.606,0.672,0.453,0.408,0.577,0.558,0.675,0.605,0.654,0.66
13,A1_1,0.537,1.0,0.843,0.729,0.642,0.641,0.643,0.814,0.769,0.767,0.822,0.814,0.752,0.51,0.49,0.789
13,A1_2,0.661,0.843,1.0,0.876,0.461,0.675,0.689,0.923,0.862,0.78,0.699,0.766,0.67,0.696,0.524,0.756
13,A1_3,0.601,0.729,0.876,1.0,0.578,0.793,0.828,0.76,0.746,0.629,0.659,0.774,0.669,0.606,0.399,0.642
13,B1_1,0.56,0.642,0.461,0.578,1.0,0.832,0.679,0.364,0.323,0.335,0.682,0.7,0.751,0.496,0.605,0.704
13,B1_2,0.685,0.641,0.675,0.793,0.832,1.0,0.827,0.632,0.609,0.538,0.712,0.838,0.757,0.651,0.685,0.779
13,B1_3,0.606,0.643,0.689,0.828,0.679,0.827,1.0,0.629,0.602,0.416,0.641,0.78,0.734,0.581,0.612,0.558
13,A2_1,0.672,0.814,0.923,0.76,0.364,0.632,0.629,1.0,0.912,0.83,0.688,0.742,0.591,0.632,0.604,0.768
13,A2_2,0.453,0.769,0.862,0.746,0.323,0.609,0.602,0.912,1.0,0.929,0.73,0.831,0.6,0.654,0.51,0.622
13,A2_3,0.408,0.767,0.78,0.629,0.335,0.538,0.416,0.83,0.929,1.0,0.797,0.803,0.649,0.568,0.388,0.615
13,B2_1,0.577,0.822,0.699,0.659,0.682,0.712,0.641,0.688,0.73,0.797,1.0,0.934,0.935,0.651,0.507,0.691
13,B2_2,0.558,0.814,0.766,0.774,0.7,0.838,0.78,0.742,0.831,0.803,0.934,1.0,0.889,0.715,0.599,0.704
13,B2_3,0.675,0.752,0.67,0.669,0.751,0.757,0.734,0.591,0.6,0.649,0.935,0.889,1.0,0.635,0.502,0.619
13,y1,0.605,0.51,0.696,0.606,0.496,0.651,0.581,0.632,0.654,0.568,0.651,0.715,0.635,1.0,0.726,0.606
13,y2,0.654,0.49,0.524,0.399,0.605,0.685,0.612,0.604,0.51,0.388,0.507,0.599,0.502,0.726,1.0,0.722
13,y3,0.66,0.789,0.756,0.642,0.704,0.779,0.558,0.768,0.622,0.615,0.691,0.704,0.619,0.606,0.722,1.0
14,.,1.0,0.538,0.668,0.606,0.568,0.688,0.601,0.674,0.453,0.412,0.588,0.563,0.681,0.604,0.656,0.668
14,A1_1,0.538,1.0,0.844,0.73,0.641,0.636,0.639,0.814,0.769,0.769,0.822,0.81,0.751,0.503,0.494,0.785
14,A1_2,0.668,0.844,1.0,0.874,0.47,0.675,0.69,0.924,0.859,0.78,0.705,0.766,0.675,0.693,0.537,0.77
14,A1_3,0.606,0.73,0.874,1.0,0.592,0.797,0.833,0.761,0.744,0.627,0.662,0.778,0.676,0.601,0.407,0.651
14,B1_1,0.568,0.641,0.47,0.592,1.0,0.843,0.694,0.376,0.332,0.337,0.689,0.714,0.761,0.503,0.615,0.701
14,B1_2,0.688,0.636,0.675,0.797,0.843,1.0,0.832,0.634,0.609,0.535,0.718,0.845,0.768,0.653,0.689,0.777
14,B1_3,0.601,0.639,0.69,0.833,0.694,0.832,1.0,0.633,0.605,0.416,0.645,0.787,0.742,0.582,0.607,0.556
14,A2_1,0.674,0.814,0.924,0.761,0.376,0.634,0.633,1.0,0.911,0.829,0.69,0.741,0.594,0.625,0.614,0.778
14,A2_2,0.453,0.769,0.859,0.744,0.332,0.609,0.605,0.911,1.0,0.928,0.727,0.827,0.596,0.652,0.52,0.633
14,A2_3,0.412,0.769,0.78,0.627,0.337,0.535,0.416,0.829,0.928,1.0,0.792,0.796,0.641,0.563,0.4,0.626
14,B2_1,0.588,0.822,0.705,0.662,0.689,0.718,0.645,0.69,0.727,0.792,1.0,0.931,0.936,0.651,0.517,0.691
14,B2_2,0.563,0.81,0.766,0.778,0.714,0.845,0.787,0.741,0.827,0.796,0.931,1.0,0.89,0.715,0.606,0.705
14,B2_3,0.681,0.751,0.675,0.676,0.761,0.768,0.742,0.594,0.596,0.641,0.936,0.89,1.0,0.635,0.512,0.618
14,y1,0.604,0.503,0.693,0.601,0.503,0.653,0.582,0.625,0.652,0.563,0.651,0.715,0.635,1.0,0.73,0.611
14,y2,0.656,0.494,0.537,0.407,0.615,0.689,0.607,0.614,0.52,0.4,0.517,0.606,0.512,0.73,1.0,0.735
14,y3,0.668,0.785,0.77,0.651,0.701,0.777,0.556,0.778,0.633,0.626,0.691,0.705,0.618,0.611,0.735,1.0
15,.,1.0,0.541,0.677,0.614,0.577,0.69,0.596,0.679,0.456,0.421,0.597,0.567,0.685,0.606,0.658,0.677
15,A1_1,0.541,1.0,0.848,0.739,0.65,0.636,0.639,0.815,0.77,0.775,0.825,0.808,0.754,0.501,0.501,0.781
15,A1_2,0.677,0.848,1.0,0.877,0.488,0.678,0.694,0.924,0.86,0.785,0.716,0.77,0.687,0.692,0.555,0.783
15,A1_3,0.614,0.739,0.877,1.0,0.61,0.8,0.836,0.767,0.75,0.636,0.675,0.787,0.69,0.6,0.419,0.662
15,B1_1,0.577,0.65,0.488,0.61,1.0,0.854,0.71,0.398,0.354,0.354,0.704,0.733,0.773,0.512,0.621,0.701
15,B1_2,0.69,0.636,0.678,0.8,0.854,1.0,0.837,0.638,0.615,0.54,0.727,0.853,0.777,0.651,0.69,0.774
15,B1_3,0.596,0.639,0.694,0.836,0.71,0.837,1.0,0.638,0.613,0.422,0.652,0.796,0.75,0.582,0.602,0.554
15,A2_1,0.679,0.815,0.924,0.767,0.398,0.638,0.638,1.0,0.91,0.831,0.696,0.741,0.602,0.621,0.628,0.788
15,A2_2,0.456,0.77,0.86,0.75,0.354,0.615,0.613,0.91,1.0,0.926,0.728,0.827,0.599,0.651,0.535,0.645
15,A2_3,0.421,0.775,0.785,0.636,0.354,0.54,0.422,0.831,0.926,1.0,0.791,0.791,0.641,0.561,0.416,0.639
15,B2_1,0.597,0.825,0.716,0.675,0.704,0.727,0.652,0.696,0.728,0.791,1.0,0.93,0.937,0.653,0.527,0.692
15,B2_2,0.567,0.808,0.77,0.787,0.733,0.853,0.796,0.741,0.827,0.791,0.93,1.0,0.892,0.715,0.612,0.706
15,B2_3,0.685,0.754,0.687,0.69,0.773,0.777,0.75,0.602,0.599,0.641,0.937,0.892,1.0,0.636,0.518,0.618
15,y1,0.606,0.501,0.692,0.6,0.512,0.651,0.582,0.621,0.651,0.561,0.653,0.715,0.636,1.0,0.737,0.619
15,y2,0.658,0.501,0.555,0.419,0.621,0.69,0.602,0.628,0.535,0.416,0.527,0.612,0.518,0.737,1.0,0.749
15,y3,0.677,0.781,0.783,0.662,0.701,0.774,0.554,0.788,0.645,0.639,0.692,0.706,0.618,0.619,0.749,1.0
16,.,1.0,0.543,0.686,0.622,0.583,0.691,0.59,0.684,0.461,0.431,0.606,0.57,0.689,0.609,0.66,0.683
16,A1_1,0.543,1.0,0.852,0.748,0.654,0.635,0.638,0.815,0.772,0.781,0.827,0.806,0.755,0.499,0.507,0.777
16,A1_2,0.686,0.852,1.0,0.879,0.502,0.681,0.697,0.925,0.86,0.791,0.726,0.774,0.697,0.691,0.571,0.794
16,A1_3,0.622,0.748,0.879,1.0,0.625,0.802,0.838,0.772,0.755,0.646,0.687,0.793,0.702,0.595,0.429,0.672
16,B1_1,0.583,0.654,0.502,0.625,1.0,0.864,0.723,0.416,0.372,0.37,0.717,0.75,0.784,0.517,0.625,0.697
16,B1_2,0.691,0.635,0.681,0.802,0.864,1.0,0.841,0.642,0.62,0.545,0.736,0.86,0.786,0.647,0.689,0.769
16,B1_3,0.59,0.638,0.697,0.838,0.723,0.841,1.0,0.643,0.622,0.43,0.659,0.804,0.756,0.582,0.597,0.55
16,A2_1,0.684,0.815,0.925,0.772,0.416,0.642,0.643,1.0,0.909,0.834,0.7,0.74,0.609,0.616,0.641,0.796
16,A2_2,0.461,0.772,0.86,0.755,0.372,0.62,0.622,0.909,1.0,0.924,0.729,0.826,0.602,0.65,0.55,0.658
16,A2_3,0.431,0.781,0.791,0.646,0.37,0.545,0.43,0.834,0.924,1.0,0.789,0.786,0.641,0.559,0.433,0.653
16,B2_1,0.606,0.827,0.726,0.687,0.717,0.736,0.659,0.7,0.729,0.789,1.0,0.929,0.939,0.654,0.537,0.692
16,B2_2,0.57,0.806,0.774,0.793,0.75,0.86,0.804,0.74,0.826,0.786,0.929,1.0,0.894,0.714,0.617,0.705
16,B2_3,0.689,0.755,0.697,0.702,0.784,0.786,0.756,0.609,0.602,0.641,0.939,0.894,1.0,0.636,0.524,0.616
16,y1,0.609,0.499,0.691,0.595,0.517,0.647,0.582,0.616,0.65,0.559,0.654,0.714,0.636,1.0,0.744,0.627
16,y2,0.66,0.507,0.571,0.429,0.625,0.689,0.597,0.641,0.55,0.433,0.537,0.617,0.524,0.744,1.0,0.764
16,y3,0.683,0.777,0.794,0.672,0.697,0.769,0.55,0.796,0.658,0.653,0.692,0.705,0.616,0.627,0.764,1.0
17,.,1.0,0.54,0.689,0.624,0.584,0.688,0.584,0.684,0.461,0.435,0.611,0.569,0.689,0.609,0.66,0.686
17,A1_1,0.54,1.0,0.852,0.755,0.659,0.632,0.635,0.816,0.772,0.786,0.827,0.802,0.753,0.495,0.509,0.77
17,A1_2,0.689,0.852,1.0,0.882,0.511,0.681,0.698,0.926,0.863,0.796,0.733,0.776,0.702,0.69,0.58,0.798
17,A1_3,0.624,0.755,0.882,1.0,0.635,0.801,0.837,0.777,0.76,0.656,0.697,0.798,0.71,0.591,0.432,0.676
17,B1_1,0.584,0.659,0.511,0.635,1.0,0.868,0.731,0.43,0.386,0.385,0.73,0.762,0.793,0.519,0.626,0.694
17,B1_2,0.688,0.632,0.681,0.801,0.868,1.0,0.844,0.644,0.624,0.549,0.743,0.866,0.792,0.644,0.686,0.763
17,B1_3,0.584,0.635,0.698,0.837,0.731,0.844,1.0,0.645,0.628,0.435,0.663,0.809,0.76,0.581,0.591,0.545
17,A2_1,0.684,0.816,0.926,0.777,0.43,0.644,0.645,1.0,0.908,0.836,0.704,0.74,0.612,0.611,0.647,0.801
17,A2_2,0.461,0.772,0.863,0.76,0.386,0.624,0.628,0.908,1.0,0.922,0.729,0.825,0.602,0.65,0.557,0.665
17,A2_3,0.435,0.786,0.796,0.656,0.385,0.549,0.435,0.836,0.922,1.0,0.789,0.783,0.64,0.557,0.442,0.659
17,B2_1,0.611,0.827,0.733,0.697,0.73,0.743,0.663,0.704,0.729,0.789,1.0,0.928,0.939,0.655,0.542,0.69
17,B2_2,0.569,0.802,0.776,0.798,0.762,0.866,0.809,0.74,0.825,0.783,0.928,1.0,0.894,0.712,0.618,0.702
17,B2_3,0.689,0.753,0.702,0.71,0.793,0.792,0.76,0.612,0.602,0.64,0.939,0.894,1.0,0.635,0.524,0.61
17,y1,0.609,0.495,0.69,0.591,0.519,0.644,0.581,0.611,0.65,0.557,0.655,0.712,0.635,1.0,0.748,0.632
17,y2,0.66,0.509,0.58,0.432,0.626,0.686,0.591,0.647,0.557,0.442,0.542,0.618,0.524,0.748,1.0,0.775
17,y3,0.686,0.77,0.798,0.676,0.694,0.763,0.545,0.801,0.665,0.659,0.69,0.702,0.61,0.632,0.775,1.0
18,.,1.0,0.539,0.691,0.627,0.587,0.687,0.578,0.685,0.461,0.439,0.617,0.569,0.69,0.608,0.656,0.687
18,A1_1,0.539,1.0,0.852,0.758,0.659,0.627,0.629,0.815,0.77,0.79,0.825,0.797,0.75,0.49,0.507,0.764
18,A1_2,0.691,0.852,1.0,0.882,0.515,0.679,0.694,0.926,0.863,0.799,0.737,0.776,0.703,0.687,0.585,0.8
18,A1_3,0.627,0.758,0.882,1.0,0.642,0.801,0.835,0.78,0.763,0.662,0.705,0.802,0.716,0.586,0.435,0.679
18,B1_1,0.587,0.659,0.515,0.642,1.0,0.872,0.737,0.438,0.394,0.393,0.74,0.771,0.801,0.52,0.625,0.689
18,B1_2,0.687,0.627,0.679,0.801,0.872,1.0,0.846,0.644,0.626,0.55,0.75,0.871,0.798,0.642,0.684,0.757
18,B1_3,0.578,0.629,0.694,0.835,0.737,0.846,1.0,0.642,0.629,0.435,0.666,0.813,0.763,0.579,0.585,0.539
18,A2_1,0.685,0.815,0.926,0.78,0.438,0.644,0.642,1.0,0.907,0.837,0.706,0.738,0.613,0.605,0.65,0.804
18,A2_2,0.461,0.77,0.863,0.763,0.394,0.626,0.629,0.907,1.0,0.92,0.727,0.823,0.598,0.648,0.563,0.67
18,A2_3,0.439,0.79,0.799,0.662,0.393,0.55,0.435,0.837,0.92,1.0,0.786,0.779,0.637,0.553,0.448,0.663
18,B2_1,0.617,0.825,0.737,0.705,0.74,0.75,0.666,0.706,0.727,0.786,1.0,0.927,0.94,0.656,0.546,0.688
18,B2_2,0.569,0.797,0.776,0.802,0.771,0.871,0.813,0.738,0.823,0.779,0.927,1.0,0.893,0.711,0.619,0.699
18,B2_3,0.69,0.75,0.703,0.716,0.801,0.798,0.763,0.613,0.598,0.637,0.94,0.893,1.0,0.633,0.524,0.605
18,y1,0.608,0.49,0.687,0.586,0.52,0.642,0.579,0.605,0.648,0.553,0.656,0.711,0.633,1.0,0.75,0.634
18,y2,0.656,0.507,0.585,0.435,0.625,0.684,0.585,0.65,0.563,0.448,0.546,0.619,0.524,0.75,1.0,0.78
18,y3,0.687,0.764,0.8,0.679,0.689,0.757,0.539,0.804,0.67,0.663,0.688,0.699,0.605,0.634,0.78,1.0
19,.,1.0,0.539,0.695,0.632,0.591,0.686,0.574,0.688,0.464,0.448,0.624,0.571,0.693,0.61,0.655,0.691
19,A1_1,0.539,1.0,0.854,0.766,0.663,0.626,0.627,0.817,0.773,0.797,0.826,0.794,0.749,0.489,0.509,0.759
19,A1_2,0.695,0.854,1.0,0.885,0.525,0.68,0.694,0.927,0.865,0.806,0.744,0.777,0.709,0.687,0.592,0.804
19,A1_3,0.632,0.766,0.885,1.0,0.652,0.801,0.835,0.784,0.768,0.673,0.716,0.807,0.726,0.585,0.44,0.683
19,B1_1,0.591,0.663,0.525,0.652,1.0,0.878,0.746,0.452,0.409,0.409,0.751,0.783,0.81,0.525,0.626,0.687
19,B1_2,0.686,0.626,0.68,0.801,0.878,1.0,0.848,0.647,0.631,0.556,0.758,0.877,0.805,0.641,0.681,0.753
19,B1_3,0.574,0.627,0.694,0.835,0.746,0.848,1.0,0.643,0.633,0.44,0.672,0.819,0.768,0.58,0.581,0.536
19,A2_1,0.688,0.817,0.927,0.784,0.452,0.647,0.643,1.0,0.907,0.841,0.712,0.738,0.618,0.602,0.656,0.808
19,A2_2,0.464,0.773,0.865,0.768,0.409,0.631,0.633,0.907,1.0,0.919,0.728,0.822,0.6,0.649,0.572,0.678
19,A2_3,0.448,0.797,0.806,0.673,0.409,0.556,0.44,0.841,0.919,1.0,0.786,0.775,0.638,0.552,0.459,0.672
19,B2_1,0.624,0.826,0.744,0.716,0.751,0.758,0.672,0.712,0.728,0.786,1.0,0.926,0.941,0.658,0.552,0.687
19,B2_2,0.571,0.794,0.777,0.807,0.783,0.877,0.819,0.738,0.822,0.775,0.926,1.0,0.894,0.711,0.622,0.698
19,B2_3,0.693,0.749,0.709,0.726,0.81,0.805,0.768,0.618,0.6,0.638,0.941,0.894,1.0,0.633,0.526,0.602
19,y1,0.61,0.489,0.687,0.585,0.525,0.641,0.58,0.602,0.649,0.552,0.658,0.711,0.633,1.0,0.755,0.639
19,y2,0.655,0.509,0.592,0.44,0.626,0.681,0.581,0.656,0.572,0.459,0.552,0.622,0.526,0.755,1.0,0.788
19,y3,0.691,0.759,0.804,0.683,0.687,0.753,0.536,0.808,0.678,0.672,0.687,0.698,0.602,0.639,0.788,1.0
20,.,1.0,0.535,0.696,0.633,0.591,0.685,0.57,0.686,0.464,0.453,0.628,0.571,0.692,0.613,0.655,0.693
20,A1_1,0.535,1.0,0.854,0.772,0.663,0.625,0.625,0.818,0.776,0.805,0.825,0.791,0.747,0.485,0.509,0.749
20,A1_2,0.696,0.854,1.0,0.887,0.531,0.68,0.694,0.927,0.867,0.812,0.75,0.777,0.712,0.684,0.598,0.804
20,A1_3,0.633,0.772,0.887,1.0,0.661,0.802,0.835,0.788,0.772,0.683,0.726,0.812,0.734,0.58,0.443,0.683
20,B1_1,0.591,0.663,0.531,0.661,1.0,0.883,0.754,0.463,0.42,0.421,0.762,0.795,0.82,0.529,0.626,0.682
20,B1_2,0.685,0.625,0.68,0.802,0.883,1.0,0.851,0.65,0.635,0.562,0.768,0.884,0.815,0.639,0.679,0.747
20,B1_3,0.57,0.625,0.694,0.835,0.754,0.851,1.0,0.645,0.639,0.446,0.678,0.825,0.774,0.58,0.578,0.531
20,A2_1,0.686,0.818,0.927,0.788,0.463,0.65,0.645,1.0,0.907,0.845,0.715,0.737,0.621,0.597,0.659,0.808
20,A2_2,0.464,0.776,0.867,0.772,0.42,0.635,0.639,0.907,1.0,0.917,0.728,0.82,0.601,0.645,0.578,0.681
20,A2_3,0.453,0.805,0.812,0.683,0.421,0.562,0.446,0.845,0.917,1.0,0.785,0.772,0.638,0.548,0.467,0.676
20,B2_1,0.628,0.825,0.75,0.726,0.762,0.768,0.678,0.715,0.728,0.785,1.0,0.926,0.942,0.657,0.557,0.683
20,B2_2,0.571,0.791,0.777,0.812,0.795,0.884,0.825,0.737,0.82,0.772,0.926,1.0,0.896,0.708,0.623,0.694
20,B2_3,0.692,0.747,0.712,0.734,0.82,0.815,0.774,0.621,0.601,0.638,0.942,0.896,1.0,0.631,0.527,0.595
20,y1,0.613,0.485,0.684,0.58,0.529,0.639,0.58,0.597,0.645,0.548,0.657,0.708,0.631,1.0,0.762,0.646
20,y2,0.655,0.509,0.598,0.443,0.626,0.679,0.578,0.659,0.578,0.467,0.557,0.623,0.527,0.762,1.0,0.8
20,y3,0.693,0.749,0.804,0.683,0.682,0.747,0.531,0.808,0.681,0.676,0.683,0.694,0.595,0.646,0.8,1.0
21,.,1.0,0.532,0.696,0.634,0.591,0.683,0.565,0.686,0.465,0.457,0.632,0.571,0.691,0.613,0.653,0.691
21,A1_1,0.532,1.0,0.854,0.776,0.663,0.621,0.62,0.818,0.777,0.81,0.823,0.786,0.741,0.482,0.511,0.744
21,A1_2,0.696,0.854,1.0,0.888,0.534,0.678,0.691,0.927,0.869,0.817,0.752,0.776,0.711,0.682,0.602,0.806
21,A1_3,0.634,0.776,0.888,1.0,0.665,0.8,0.833,0.791,0.776,0.69,0.732,0.813,0.738,0.574,0.445,0.683
21,B1_1,0.591,0.663,0.534,0.665,1.0,0.886,0.759,0.47,0.429,0.431,0.77,0.802,0.825,0.529,0.626,0.675
21,B1_2,0.683,0.621,0.678,0.8,0.886,1.0,0.853,0.649,0.638,0.564,0.774,0.888,0.82,0.637,0.677,0.74
21,B1_3,0.565,0.62,0.691,0.833,0.759,0.853,1.0,0.643,0.64,0.447,0.681,0.827,0.777,0.579,0.574,0.526
21,A2_1,0.686,0.818,0.927,0.791,0.47,0.649,0.643,1.0,0.907,0.847,0.716,0.734,0.62,0.592,0.661,0.81
21,A2_2,0.465,0.777,0.869,0.776,0.429,0.638,0.64,0.907,1.0,0.916,0.728,0.819,0.599,0.644,0.585,0.688
21,A2_3,0.457,0.81,0.817,0.69,0.431,0.564,0.447,0.847,0.916,1.0,0.783,0.768,0.637,0.545,0.475,0.681
21,B2_1,0.632,0.823,0.752,0.732,0.77,0.774,0.681,0.716,0.728,0.783,1.0,0.926,0.942,0.658,0.563,0.68
21,B2_2,0.571,0.786,0.776,0.813,0.802,0.888,0.827,0.734,0.819,0.768,0.926,1.0,0.896,0.707,0.625,0.691
21,B2_3,0.691,0.741,0.711,0.738,0.825,0.82,0.777,0.62,0.599,0.637,0.942,0.896,1.0,0.63,0.528,0.588
21,y1,0.613,0.482,0.682,0.574,0.529,0.637,0.579,0.592,0.644,0.545,0.658,0.707,0.63,1.0,0.765,0.649
21,y2,0.653,0.511,0.602,0.445,0.626,0.677,0.574,0.661,0.585,0.475,0.563,0.625,0.528,0.765,1.0,0.806
21,y3,0.691,0.744,0.806,0.683,0.675,0.74,0.526,0.81,0.688,0.681,0.68,0.691,0.588,0.649,0.806,1.0
22,.,1.0,0.528,0.696,0.637,0.59,0.682,0.562,0.685,0.466,0.46,0.635,0.57,0.691,0.612,0.648,0.688
22,A1_1,0.528,1.0,0.853,0.778,0.659,0.615,0.615,0.819,0.777,0.814,0.819,0.78,0.736,0.48,0.51,0.738
22,A1_2,0.696,0.853,1.0,0.889,0.534,0.676,0.688,0.927,0.87,0.819,0.754,0.774,0.71,0.681,0.605,0.806
22,A1_3,0.637,0.778,0.889,1.0,0.668,0.798,0.83,0.793,0.777,0.693,0.737,0.813,0.742,0.57,0.445,0.683
22,B1_1,0.59,0.659,0.534,0.668,1.0,0.888,0.763,0.472,0.432,0.433,0.775,0.806,0.83,0.53,0.623,0.669
22,B1_2,0.682,0.615,0.676,0.798,0.888,1.0,0.855,0.647,0.638,0.562,0.78,0.892,0.825,0.636,0.675,0.733
22,B1_3,0.562,0.615,0.688,0.83,0.763,0.855,1.0,0.64,0.641,0.445,0.684,0.83,0.78,0.579,0.571,0.522
22,A2_1,0.685,0.819,0.927,0.793,0.472,0.647,0.64,1.0,0.907,0.848,0.717,0.732,0.62,0.587,0.661,0.81
22,A2_2,0.466,0.777,0.87,0.777,0.432,0.638,0.641,0.907,1.0,0.914,0.727,0.817,0.598,0.643,0.589,0.692
22,A2_3,0.46,0.814,0.819,0.693,0.433,0.562,0.445,0.848,0.914,1.0,0.781,0.764,0.633,0.542,0.48,0.682
22,B2_1,0.635,0.819,0.754,0.737,0.775,0.78,0.684,0.717,0.727,0.781,1.0,0.926,0.943,0.66,0.567,0.676
22,B2_2,0.57,0.78,0.774,0.813,0.806,0.892,0.83,0.732,0.817,0.764,0.926,1.0,0.896,0.706,0.627,0.688
22,B2_3,0.691,0.736,0.71,0.742,0.83,0.825,0.78,0.62,0.598,0.633,0.943,0.896,1.0,0.63,0.528,0.581
22,y1,0.612,0.48,0.681,0.57,0.53,0.636,0.579,0.587,0.643,0.542,0.66,0.706,0.63,1.0,0.769,0.652
22,y2,0.648,0.51,0.605,0.445,0.623,0.675,0.571,0.661,0.589,0.48,0.567,0.627,0.528,0.769,1.0,0.811
22,y3,0.688,0.738,0.806,0.683,0.669,0.733,0.522,0.81,0.692,0.682,0.676,0.688,0.581,0.652,0.811,1.0
23,.,1.0,0.524,0.696,0.637,0.59,0.681,0.557,0.684,0.467,0.464,0.637,0.569,0.689,0.613,0.646,0.687
23,A1_1,0.524,1.0,0.853,0.781,0.659,0.612,0.61,0.82,0.779,0.819,0.816,0.776,0.731,0.478,0.51,0.731
23,A1_2,0.696,0.853,1.0,0.889,0.537,0.675,0.685,0.927,0.872,0.823,0.756,0.773,0.711,0.68,0.607,0.804
23,A1_3,0.637,0.781,0.889,1.0,0.673,0.798,0.829,0.796,0.78,0.7,0.743,0.815,0.747,0.566,0.445,0.679
23,B1_1,0.59,0.659,0.537,0.673,1.0,0.891,0.768,0.479,0.439,0.441,0.782,0.813,0.836,0.532,0.621,0.662
23,B1_2,0.681,0.612,0.675,0.798,0.891,1.0,0.856,0.647,0.64,0.564,0.786,0.895,0.83,0.636,0.672,0.725
23,B1_3,0.557,0.61,0.685,0.829,0.768,0.856,1.0,0.637,0.641,0.445,0.688,0.832,0.783,0.578,0.566,0.514
23,A2_1,0.684,0.82,0.927,0.796,0.479,0.647,0.637,1.0,0.908,0.851,0.72,0.73,0.621,0.583,0.662,0.809
23,A2_2,0.467,0.779,0.872,0.78,0.439,0.64,0.641,0.908,1.0,0.913,0.728,0.816,0.598,0.642,0.593,0.693
23,A2_3,0.464,0.819,0.823,0.7,0.441,0.564,0.445,0.851,0.913,1.0,0.78,0.76,0.632,0.539,0.485,0.683
23,B2_1,0.637,0.816,0.756,0.743,0.782,0.786,0.688,0.72,0.728,0.78,1.0,0.926,0.943,0.662,0.569,0.671
23,B2_2,0.569,0.776,0.773,0.815,0.813,0.895,0.832,0.73,0.816,0.76,0.926,1.0,0.897,0.705,0.627,0.681
23,B2_3,0.689,0.731,0.711,0.747,0.836,0.83,0.783,0.621,0.598,0.632,0.943,0.897,1.0,0.63,0.527,0.573
23,y1,0.613,0.478,0.68,0.566,0.532,0.636,0.578,0.583,0.642,0.539,0.662,0.705,0.63,1.0,0.772,0.655
23,y2,0.646,0.51,0.607,0.445,0.621,0.672,0.566,0.662,0.593,0.485,0.569,0.627,0.527,0.772,1.0,0.816
23,y3,0.687,0.731,0.804,0.679,0.662,0.725,0.514,0.809,0.693,0.683,0.671,0.681,0.573,0.655,0.816,1.0
24,.,1.0,0.522,0.695,0.637,0.588,0.678,0.553,0.683,0.47,0.47,0.64,0.569,0.688,0.613,0.645,0.685
24,A1_1,0.522,1.0,0.854,0.788,0.66,0.611,0.609,0.822,0.783,0.825,0.813,0.774,0.726,0.477,0.517,0.729
24,A1_2,0.695,0.854,1.0,0.892,0.542,0.673,0.684,0.927,0.876,0.829,0.758,0.772,0.71,0.679,0.614,0.807
24,A1_3,0.637,0.788,0.892,1.0,0.677,0.795,0.825,0.8,0.786,0.711,0.75,0.817,0.75,0.562,0.45,0.681
24,B1_1,0.588,0.66,0.542,0.677,1.0,0.895,0.773,0.486,0.449,0.452,0.79,0.821,0.84,0.533,0.624,0.658
24,B1_2,0.678,0.611,0.673,0.795,0.895,1.0,0.857,0.646,0.642,0.567,0.792,0.899,0.834,0.633,0.672,0.719
24,B1_3,0.553,0.609,0.684,0.825,0.773,0.857,1.0,0.634,0.642,0.448,0.692,0.835,0.786,0.577,0.565,0.513
24,A2_1,0.683,0.822,0.927,0.8,0.486,0.646,0.634,1.0,0.909,0.856,0.72,0.728,0.619,0.581,0.667,0.813
24,A2_2,0.47,0.783,0.876,0.786,0.449,0.642,0.642,0.909,1.0,0.913,0.728,0.814,0.598,0.643,0.602,0.703
24,A2_3,0.47,0.825,0.829,0.711,0.452,0.567,0.448,0.856,0.913,1.0,0.778,0.757,0.631,0.541,0.498,0.692
24,B2_1,0.64,0.813,0.758,0.75,0.79,0.792,0.692,0.72,0.728,0.778,1.0,0.926,0.944,0.664,0.577,0.67
24,B2_2,0.569,0.774,0.772,0.817,0.821,0.899,0.835,0.728,0.814,0.757,0.926,1.0,0.897,0.704,0.631,0.681
24,B2_3,0.688,0.726,0.71,0.75,0.84,0.834,0.786,0.619,0.598,0.631,0.944,0.897,1.0,0.629,0.53,0.569
24,y1,0.613,0.477,0.679,0.562,0.533,0.633,0.577,0.581,0.643,0.541,0.664,0.704,0.629,1.0,0.776,0.659
24,y2,0.645,0.517,0.614,0.45,0.624,0.672,0.565,0.667,0.602,0.498,0.577,0.631,0.53,0.776,1.0,0.825
24,y3,0.685,0.729,0.807,0.681,0.658,0.719,0.513,0.813,0.703,0.692,0.67,0.681,0.569,0.659,0.825,1.0
25,.,1.0,0.522,0.696,0.64,0.59,0.676,0.552,0.684,0.477,0.48,0.646,0.572,0.69,0.619,0.646,0.689
25,A1_1,0.522,1.0,0.857,0.795,0.662,0.613,0.61,0.826,0.79,0.832,0.813,0.774,0.725,0.479,0.522,0.726
