,,.,A1_1,A1_2,A1_3,B1_1,B1_2,B1_3,A2_1,A2_2,A2_3,B2_1,B2_2,B2_3,y1,y2,y3
1,.,1.0,0.086,0.091,-0.096,0.061,-0.154,0.088,-0.021,-0.169,-0.322,0.211,-0.041,0.065,-0.044,-0.109,-0.062
1,A1_1,0.086,1.0,-0.104,0.164,0.29,0.252,0.123,0.143,-0.021,0.053,0.308,-0.074,-0.329,0.074,0.055,0.149
1,A1_2,0.091,-0.104,1.0,-0.041,0.01,0.042,-0.099,0.019,-0.063,0.209,0.02,-0.127,0.177,-0.119,-0.133,0.194
1,A1_3,-0.096,0.164,-0.041,1.0,0.14,0.291,0.3,-0.091,0.275,-0.096,-0.227,0.096,-0.203,0.176,0.038,0.22
1,B1_1,0.061,0.29,0.01,0.14,1.0,0.082,0.012,0.075,-0.014,-0.114,0.181,0.07,-0.15,-0.044,0.098,0.039
1,B1_2,-0.154,0.252,0.042,0.291,0.082,1.0,0.029,0.026,0.125,0.027,-0.147,-0.074,0.082,-0.009,0.075,-0.072
1,B1_3,0.088,0.123,-0.099,0.3,0.012,0.029,1.0,0.09,0.038,-0.171,0.03,0.0,0.03,0.039,-0.15,0.061
1,A2_1,-0.021,0.143,0.019,-0.091,0.075,0.026,0.09,1.0,-0.071,-0.039,-0.019,-0.101,0.17,0.188,0.13,0.128
1,A2_2,-0.169,-0.021,-0.063,0.275,-0.014,0.125,0.038,-0.071,1.0,-0.015,-0.048,0.255,0.129,-0.019,-0.013,-0.017
1,A2_3,-0.322,0.053,0.209,-0.096,-0.114,0.027,-0.171,-0.039,-0.015,1.0,0.002,-0.212,0.016,0.005,0.048,-0.078
1,B2_1,0.211,0.308,0.02,-0.227,0.181,-0.147,0.03,-0.019,-0.048,0.002,1.0,0.037,-0.064,0.082,-0.029,-0.033
1,B2_2,-0.041,-0.074,-0.127,0.096,0.07,-0.074,0.0,-0.101,0.255,-0.212,0.037,1.0,-0.131,-0.008,-0.028,-0.117
1,B2_3,0.065,-0.329,0.177,-0.203,-0.15,0.082,0.03,0.17,0.129,0.016,-0.064,-0.131,1.0,-0.201,-0.013,0.006
1,y1,-0.044,0.074,-0.119,0.176,-0.044,-0.009,0.039,0.188,-0.019,0.005,0.082,-0.008,-0.201,1.0,0.154,-0.115
1,y2,-0.109,0.055,-0.133,0.038,0.098,0.075,-0.15,0.13,-0.013,0.048,-0.029,-0.028,-0.013,0.154,1.0,0.099
1,y3,-0.062,0.149,0.194,0.22,0.039,-0.072,0.061,0.128,-0.017,-0.078,-0.033,-0.117,0.006,-0.115,0.099,1.0
2,.,1.0,0.086,0.09,-0.096,0.06,-0.155,0.086,-0.021,-0.169,-0.323,0.211,-0.041,0.065,-0.044,-0.108,-0.062
2,A1_1,0.086,1.0,-0.104,0.164,0.29,0.252,0.123,0.143,-0.021,0.053,0.309,-0.073,-0.328,0.074,0.055,0.149
2,A1_2,0.09,-0.104,1.0,-0.041,0.01,0.042,-0.099,0.019,-0.062,0.209,0.02,-0.127,0.177,-0.119,-0.132,0.194
2,A1_3,-0.096,0.164,-0.041,1.0,0.14,0.291,0.299,-0.091,0.275,-0.096,-0.228,0.096,-0.204,0.176,0.038,0.22
2,B1_1,0.06,0.29,0.01,0.14,1.0,0.083,0.013,0.075,-0.013,-0.114,0.181,0.07,-0.149,-0.044,0.097,0.039
2,B1_2,-0.155,0.252,0.042,0.291,0.083,1.0,0.03,0.026,0.126,0.027,-0.146,-0.074,0.082,-0.009,0.075,-0.072
2,B1_3,0.086,0.123,-0.099,0.299,0.013,0.03,1.0,0.09,0.038,-0.171,0.03,0.0,0.031,0.039,-0.15,0.061
2,A2_1,-0.021,0.143,0.019,-0.091,0.075,0.026,0.09,1.0,-0.07,-0.039,-0.018,-0.1,0.17,0.187,0.13,0.127
2,A2_2,-0.169,-0.021,-0.062,0.275,-0.013,0.126,0.038,-0.07,1.0,-0.015,-0.048,0.255,0.129,-0.019,-0.013,-0.018
2,A2_3,-0.323,0.053,0.209,-0.096,-0.114,0.027,-0.171,-0.039,-0.015,1.0,0.002,-0.212,0.016,0.005,0.049,-0.078
2,B2_1,0.211,0.309,0.02,-0.228,0.181,-0.146,0.03,-0.018,-0.048,0.002,1.0,0.037,-0.063,0.082,-0.029,-0.033
2,B2_2,-0.041,-0.073,-0.127,0.096,0.07,-0.074,0.0,-0.1,0.255,-0.212,0.037,1.0,-0.131,-0.008,-0.028,-0.117
2,B2_3,0.065,-0.328,0.177,-0.204,-0.149,0.082,0.031,0.17,0.129,0.016,-0.063,-0.131,1.0,-0.201,-0.013,0.006
2,y1,-0.044,0.074,-0.119,0.176,-0.044,-0.009,0.039,0.187,-0.019,0.005,0.082,-0.008,-0.201,1.0,0.154,-0.114
2,y2,-0.108,0.055,-0.132,0.038,0.097,0.075,-0.15,0.13,-0.013,0.049,-0.029,-0.028,-0.013,0.154,1.0,0.099
2,y3,-0.062,0.149,0.194,0.22,0.039,-0.072,0.061,0.127,-0.018,-0.078,-0.033,-0.117,0.006,-0.114,0.099,1.0
3,.,1.0,0.085,0.09,-0.096,0.059,-0.157,0.084,-0.021,-0.169,-0.323,0.211,-0.041,0.064,-0.043,-0.107,-0.062
3,A1_1,0.085,1.0,-0.104,0.164,0.291,0.253,0.124,0.143,-0.021,0.053,0.309,-0.072,-0.327,0.073,0.055,0.149
3,A1_2,0.09,-0.104,1.0,-0.041,0.011,0.042,-0.099,0.02,-0.062,0.209,0.02,-0.127,0.177,-0.119,-0.132,0.195
3,A1_3,-0.096,0.164,-0.041,1.0,0.14,0.29,0.299,-0.091,0.275,-0.096,-0.228,0.096,-0.204,0.176,0.039,0.221
3,B1_1,0.059,0.291,0.011,0.14,1.0,0.084,0.014,0.075,-0.013,-0.113,0.182,0.07,-0.149,-0.045,0.097,0.039
3,B1_2,-0.157,0.253,0.042,0.29,0.084,1.0,0.031,0.027,0.126,0.027,-0.145,-0.074,0.083,-0.01,0.074,-0.072
3,B1_3,0.084,0.124,-0.099,0.299,0.014,0.031,1.0,0.091,0.039,-0.171,0.031,0.001,0.032,0.039,-0.15,0.061
3,A2_1,-0.021,0.143,0.02,-0.091,0.075,0.027,0.091,1.0,-0.07,-0.038,-0.018,-0.1,0.17,0.186,0.129,0.126
3,A2_2,-0.169,-0.021,-0.062,0.275,-0.013,0.126,0.039,-0.07,1.0,-0.015,-0.047,0.256,0.13,-0.019,-0.013,-0.018
3,A2_3,-0.323,0.053,0.209,-0.096,-0.113,0.027,-0.171,-0.038,-0.015,1.0,0.002,-0.211,0.016,0.005,0.049,-0.078
3,B2_1,0.211,0.309,0.02,-0.228,0.182,-0.145,0.031,-0.018,-0.047,0.002,1.0,0.037,-0.062,0.081,-0.03,-0.034
3,B2_2,-0.041,-0.072,-0.127,0.096,0.07,-0.074,0.001,-0.1,0.256,-0.211,0.037,1.0,-0.131,-0.009,-0.029,-0.118
3,B2_3,0.064,-0.327,0.177,-0.204,-0.149,0.083,0.032,0.17,0.13,0.016,-0.062,-0.131,1.0,-0.202,-0.014,0.006
3,y1,-0.043,0.073,-0.119,0.176,-0.045,-0.01,0.039,0.186,-0.019,0.005,0.081,-0.009,-0.202,1.0,0.154,-0.113
3,y2,-0.107,0.055,-0.132,0.039,0.097,0.074,-0.15,0.129,-0.013,0.049,-0.03,-0.029,-0.014,0.154,1.0,0.099
3,y3,-0.062,0.149,0.195,0.221,0.039,-0.072,0.061,0.126,-0.018,-0.078,-0.034,-0.118,0.006,-0.113,0.099,1.0
4,.,1.0,0.084,0.089,-0.096,0.058,-0.158,0.082,-0.022,-0.17,-0.323,0.211,-0.041,0.063,-0.043,-0.106,-0.063
4,A1_1,0.084,1.0,-0.104,0.164,0.292,0.253,0.125,0.143,-0.021,0.053,0.309,-0.071,-0.326,0.073,0.054,0.148
4,A1_2,0.089,-0.104,1.0,-0.041,0.01,0.042,-0.099,0.02,-0.062,0.209,0.019,-0.127,0.177,-0.119,-0.132,0.195
4,A1_3,-0.096,0.164,-0.041,1.0,0.139,0.289,0.298,-0.091,0.275,-0.096,-0.229,0.095,-0.205,0.176,0.039,0.221
4,B1_1,0.058,0.292,0.01,0.139,1.0,0.085,0.015,0.076,-0.012,-0.113,0.183,0.07,-0.148,-0.045,0.096,0.038
4,B1_2,-0.158,0.253,0.042,0.289,0.085,1.0,0.032,0.027,0.126,0.027,-0.143,-0.073,0.084,-0.01,0.074,-0.073
4,B1_3,0.082,0.125,-0.099,0.298,0.015,0.032,1.0,0.091,0.039,-0.17,0.032,0.001,0.033,0.038,-0.15,0.061
4,A2_1,-0.022,0.143,0.02,-0.091,0.076,0.027,0.091,1.0,-0.07,-0.038,-0.018,-0.099,0.171,0.185,0.129,0.126
4,A2_2,-0.17,-0.021,-0.062,0.275,-0.012,0.126,0.039,-0.07,1.0,-0.014,-0.047,0.257,0.13,-0.02,-0.014,-0.018
4,A2_3,-0.323,0.053,0.209,-0.096,-0.113,0.027,-0.17,-0.038,-0.014,1.0,0.002,-0.211,0.016,0.005,0.049,-0.078
4,B2_1,0.211,0.309,0.019,-0.229,0.183,-0.143,0.032,-0.018,-0.047,0.002,1.0,0.037,-0.061,0.08,-0.03,-0.034
4,B2_2,-0.041,-0.071,-0.127,0.095,0.07,-0.073,0.001,-0.099,0.257,-0.211,0.037,1.0,-0.131,-0.009,-0.029,-0.118
4,B2_3,0.063,-0.326,0.177,-0.205,-0.148,0.084,0.033,0.171,0.13,0.016,-0.061,-0.131,1.0,-0.202,-0.014,0.005
4,y1,-0.043,0.073,-0.119,0.176,-0.045,-0.01,0.038,0.185,-0.02,0.005,0.08,-0.009,-0.202,1.0,0.155,-0.113
4,y2,-0.106,0.054,-0.132,0.039,0.096,0.074,-0.15,0.129,-0.014,0.049,-0.03,-0.029,-0.014,0.155,1.0,0.099
4,y3,-0.063,0.148,0.195,0.221,0.038,-0.073,0.061,0.126,-0.018,-0.078,-0.034,-0.118,0.005,-0.113,0.099,1.0
5,.,1.0,0.083,0.088,-0.095,0.056,-0.161,0.08,-0.023,-0.171,-0.323,0.21,-0.042,0.061,-0.042,-0.105,-0.063
5,A1_1,0.083,1.0,-0.104,0.164,0.292,0.254,0.125,0.143,-0.021,0.053,0.309,-0.07,-0.325,0.072,0.054,0.148
5,A1_2,0.088,-0.104,1.0,-0.041,0.01,0.041,-0.099,0.021,-0.062,0.209,0.019,-0.126,0.177,-0.118,-0.131,0.195
5,A1_3,-0.095,0.164,-0.041,1.0,0.139,0.289,0.298,-0.09,0.275,-0.096,-0.229,0.095,-0.205,0.176,0.04,0.221
5,B1_1,0.056,0.292,0.01,0.139,1.0,0.086,0.016,0.076,-0.011,-0.113,0.184,0.07,-0.146,-0.046,0.095,0.037
5,B1_2,-0.161,0.254,0.041,0.289,0.086,1.0,0.034,0.027,0.127,0.027,-0.141,-0.072,0.086,-0.011,0.073,-0.073
5,B1_3,0.08,0.125,-0.099,0.298,0.016,0.034,1.0,0.092,0.04,-0.17,0.034,0.002,0.034,0.037,-0.151,0.06
5,A2_1,-0.023,0.143,0.021,-0.09,0.076,0.027,0.092,1.0,-0.069,-0.037,-0.018,-0.098,0.171,0.184,0.129,0.125
5,A2_2,-0.171,-0.021,-0.062,0.275,-0.011,0.127,0.04,-0.069,1.0,-0.014,-0.047,0.258,0.131,-0.02,-0.014,-0.019
5,A2_3,-0.323,0.053,0.209,-0.096,-0.113,0.027,-0.17,-0.037,-0.014,1.0,0.002,-0.211,0.016,0.005,0.049,-0.078
5,B2_1,0.21,0.309,0.019,-0.229,0.184,-0.141,0.034,-0.018,-0.047,0.002,1.0,0.038,-0.06,0.079,-0.031,-0.035
5,B2_2,-0.042,-0.07,-0.126,0.095,0.07,-0.072,0.002,-0.098,0.258,-0.211,0.038,1.0,-0.13,-0.01,-0.03,-0.119
5,B2_3,0.061,-0.325,0.177,-0.205,-0.146,0.086,0.034,0.171,0.131,0.016,-0.06,-0.13,1.0,-0.203,-0.015,0.005
5,y1,-0.042,0.072,-0.118,0.176,-0.046,-0.011,0.037,0.184,-0.02,0.005,0.079,-0.01,-0.203,1.0,0.155,-0.112
5,y2,-0.105,0.054,-0.131,0.04,0.095,0.073,-0.151,0.129,-0.014,0.049,-0.031,-0.03,-0.015,0.155,1.0,0.1
5,y3,-0.063,0.148,0.195,0.221,0.037,-0.073,0.06,0.125,-0.019,-0.078,-0.035,-0.119,0.005,-0.112,0.1,1.0
6,.,1.0,0.081,0.088,-0.095,0.053,-0.164,0.076,-0.025,-0.172,-0.323,0.208,-0.043,0.059,-0.041,-0.104,-0.063
6,A1_1,0.081,1.0,-0.104,0.164,0.293,0.254,0.126,0.144,-0.021,0.053,0.31,-0.069,-0.324,0.071,0.054,0.147
6,A1_2,0.088,-0.104,1.0,-0.041,0.01,0.041,-0.099,0.021,-0.061,0.21,0.018,-0.126,0.176,-0.118,-0.131,0.195
6,A1_3,-0.095,0.164,-0.041,1.0,0.138,0.288,0.297,-0.09,0.276,-0.096,-0.23,0.095,-0.206,0.177,0.04,0.221
6,B1_1,0.053,0.293,0.01,0.138,1.0,0.088,0.018,0.077,-0.011,-0.113,0.186,0.071,-0.145,-0.048,0.094,0.036
6,B1_2,-0.164,0.254,0.041,0.288,0.088,1.0,0.036,0.028,0.127,0.027,-0.138,-0.07,0.088,-0.013,0.072,-0.074
6,B1_3,0.076,0.126,-0.099,0.297,0.018,0.036,1.0,0.092,0.04,-0.17,0.035,0.003,0.035,0.036,-0.151,0.06
6,A2_1,-0.025,0.144,0.021,-0.09,0.077,0.028,0.092,1.0,-0.069,-0.037,-0.017,-0.097,0.172,0.183,0.128,0.124
6,A2_2,-0.172,-0.021,-0.061,0.276,-0.011,0.127,0.04,-0.069,1.0,-0.014,-0.046,0.258,0.132,-0.021,-0.015,-0.02
6,A2_3,-0.323,0.053,0.21,-0.096,-0.113,0.027,-0.17,-0.037,-0.014,1.0,0.002,-0.21,0.016,0.005,0.049,-0.078
6,B2_1,0.208,0.31,0.018,-0.23,0.186,-0.138,0.035,-0.017,-0.046,0.002,1.0,0.039,-0.058,0.078,-0.032,-0.036
6,B2_2,-0.043,-0.069,-0.126,0.095,0.071,-0.07,0.003,-0.097,0.258,-0.21,0.039,1.0,-0.129,-0.011,-0.03,-0.119
6,B2_3,0.059,-0.324,0.176,-0.206,-0.145,0.088,0.035,0.172,0.132,0.016,-0.058,-0.129,1.0,-0.203,-0.015,0.004
6,y1,-0.041,0.071,-0.118,0.177,-0.048,-0.013,0.036,0.183,-0.021,0.005,0.078,-0.011,-0.203,1.0,0.156,-0.11
6,y2,-0.104,0.054,-0.131,0.04,0.094,0.072,-0.151,0.128,-0.015,0.049,-0.032,-0.03,-0.015,0.156,1.0,0.1
6,y3,-0.063,0.147,0.195,0.221,0.036,-0.074,0.06,0.124,-0.02,-0.078,-0.036,-0.119,0.004,-0.11,0.1,1.0
7,.,1.0,0.079,0.087,-0.094,0.049,-0.168,0.072,-0.026,-0.174,-0.322,0.205,-0.044,0.057,-0.039,-0.103,-0.063
7,A1_1,0.079,1.0,-0.104,0.164,0.293,0.254,0.127,0.144,-0.021,0.054,0.31,-0.068,-0.323,0.07,0.053,0.146
7,A1_2,0.087,-0.104,1.0,-0.04,0.01,0.04,-0.099,0.022,-0.061,0.21,0.017,-0.126,0.176,-0.118,-0.131,0.195
7,A1_3,-0.094,0.164,-0.04,1.0,0.138,0.287,0.296,-0.09,0.276,-0.096,-0.23,0.094,-0.206,0.177,0.041,0.222
7,B1_1,0.049,0.293,0.01,0.138,1.0,0.09,0.02,0.077,-0.01,-0.113,0.187,0.072,-0.143,-0.049,0.093,0.035
7,B1_2,-0.168,0.254,0.04,0.287,0.09,1.0,0.038,0.028,0.128,0.027,-0.136,-0.068,0.09,-0.014,0.07,-0.075
7,B1_3,0.072,0.127,-0.099,0.296,0.02,0.038,1.0,0.092,0.041,-0.17,0.037,0.005,0.037,0.035,-0.152,0.059
7,A2_1,-0.026,0.144,0.022,-0.09,0.077,0.028,0.092,1.0,-0.068,-0.036,-0.017,-0.096,0.172,0.182,0.127,0.123
7,A2_2,-0.174,-0.021,-0.061,0.276,-0.01,0.128,0.041,-0.068,1.0,-0.013,-0.045,0.259,0.132,-0.022,-0.015,-0.02
7,A2_3,-0.322,0.054,0.21,-0.096,-0.113,0.027,-0.17,-0.036,-0.013,1.0,0.001,-0.21,0.016,0.005,0.049,-0.078
7,B2_1,0.205,0.31,0.017,-0.23,0.187,-0.136,0.037,-0.017,-0.045,0.001,1.0,0.04,-0.056,0.076,-0.033,-0.037
7,B2_2,-0.044,-0.068,-0.126,0.094,0.072,-0.068,0.005,-0.096,0.259,-0.21,0.04,1.0,-0.128,-0.012,-0.031,-0.12
7,B2_3,0.057,-0.323,0.176,-0.206,-0.143,0.09,0.037,0.172,0.132,0.016,-0.056,-0.128,1.0,-0.204,-0.016,0.003
7,y1,-0.039,0.07,-0.118,0.177,-0.049,-0.014,0.035,0.182,-0.022,0.005,0.076,-0.012,-0.204,1.0,0.157,-0.109
7,y2,-0.103,0.053,-0.131,0.041,0.093,0.07,-0.152,0.127,-0.015,0.049,-0.033,-0.031,-0.016,0.157,1.0,0.101
7,y3,-0.063,0.146,0.195,0.222,0.035,-0.075,0.059,0.123,-0.02,-0.078,-0.037,-0.12,0.003,-0.109,0.101,1.0
8,.,1.0,0.076,0.087,-0.094,0.044,-0.172,0.067,-0.028,-0.176,-0.322,0.202,-0.047,0.054,-0.036,-0.101,-0.062
8,A1_1,0.076,1.0,-0.103,0.164,0.294,0.254,0.127,0.144,-0.021,0.054,0.31,-0.067,-0.322,0.069,0.052,0.145
8,A1_2,0.087,-0.103,1.0,-0.04,0.009,0.04,-0.099,0.022,-0.06,0.211,0.016,-0.126,0.175,-0.117,-0.13,0.195
8,A1_3,-0.094,0.164,-0.04,1.0,0.137,0.286,0.296,-0.089,0.276,-0.095,-0.231,0.094,-0.206,0.177,0.041,0.222
8,B1_1,0.044,0.294,0.009,0.137,1.0,0.093,0.022,0.078,-0.009,-0.113,0.189,0.074,-0.141,-0.051,0.091,0.034
8,B1_2,-0.172,0.254,0.04,0.286,0.093,1.0,0.041,0.029,0.128,0.027,-0.133,-0.066,0.092,-0.017,0.068,-0.077
8,B1_3,0.067,0.127,-0.099,0.296,0.022,0.041,1.0,0.093,0.042,-0.17,0.04,0.007,0.039,0.033,-0.153,0.057
8,A2_1,-0.028,0.144,0.022,-0.089,0.078,0.029,0.093,1.0,-0.068,-0.036,-0.017,-0.096,0.173,0.181,0.127,0.122
8,A2_2,-0.176,-0.021,-0.06,0.276,-0.009,0.128,0.042,-0.068,1.0,-0.013,-0.045,0.26,0.133,-0.023,-0.016,-0.021
8,A2_3,-0.322,0.054,0.211,-0.095,-0.113,0.027,-0.17,-0.036,-0.013,1.0,0.001,-0.21,0.016,0.005,0.049,-0.078
8,B2_1,0.202,0.31,0.016,-0.231,0.189,-0.133,0.04,-0.017,-0.045,0.001,1.0,0.042,-0.054,0.074,-0.034,-0.038
8,B2_2,-0.047,-0.067,-0.126,0.094,0.074,-0.066,0.007,-0.096,0.26,-0.21,0.042,1.0,-0.127,-0.014,-0.033,-0.121
8,B2_3,0.054,-0.322,0.175,-0.206,-0.141,0.092,0.039,0.173,0.133,0.016,-0.054,-0.127,1.0,-0.206,-0.018,0.002
8,y1,-0.036,0.069,-0.117,0.177,-0.051,-0.017,0.033,0.181,-0.023,0.005,0.074,-0.014,-0.206,1.0,0.158,-0.106
8,y2,-0.101,0.052,-0.13,0.041,0.091,0.068,-0.153,0.127,-0.016,0.049,-0.034,-0.033,-0.018,0.158,1.0,0.103
8,y3,-0.062,0.145,0.195,0.222,0.034,-0.077,0.057,0.122,-0.021,-0.078,-0.038,-0.121,0.002,-0.106,0.103,1.0
9,.,1.0,0.073,0.086,-0.093,0.038,-0.178,0.061,-0.029,-0.179,-0.321,0.197,-0.05,0.05,-0.033,-0.098,-0.061
9,A1_1,0.073,1.0,-0.103,0.164,0.294,0.255,0.128,0.144,-0.02,0.054,0.31,-0.066,-0.321,0.068,0.051,0.144
9,A1_2,0.086,-0.103,1.0,-0.039,0.009,0.039,-0.099,0.023,-0.059,0.211,0.016,-0.127,0.175,-0.117,-0.13,0.195
9,A1_3,-0.093,0.164,-0.039,1.0,0.136,0.284,0.295,-0.089,0.276,-0.095,-0.231,0.093,-0.207,0.177,0.042,0.222
9,B1_1,0.038,0.294,0.009,0.136,1.0,0.096,0.025,0.078,-0.008,-0.112,0.191,0.076,-0.138,-0.053,0.089,0.032
9,B1_2,-0.178,0.255,0.039,0.284,0.096,1.0,0.044,0.029,0.129,0.027,-0.129,-0.063,0.095,-0.019,0.066,-0.079
9,B1_3,0.061,0.128,-0.099,0.295,0.025,0.044,1.0,0.093,0.043,-0.17,0.042,0.009,0.041,0.031,-0.155,0.056
9,A2_1,-0.029,0.144,0.023,-0.089,0.078,0.029,0.093,1.0,-0.067,-0.035,-0.017,-0.095,0.173,0.18,0.126,0.121
9,A2_2,-0.179,-0.02,-0.059,0.276,-0.008,0.129,0.043,-0.067,1.0,-0.012,-0.044,0.261,0.134,-0.024,-0.017,-0.022
9,A2_3,-0.321,0.054,0.211,-0.095,-0.112,0.027,-0.17,-0.035,-0.012,1.0,0.001,-0.209,0.016,0.005,0.049,-0.078
9,B2_1,0.197,0.31,0.016,-0.231,0.191,-0.129,0.042,-0.017,-0.044,0.001,1.0,0.044,-0.052,0.072,-0.036,-0.04
9,B2_2,-0.05,-0.066,-0.127,0.093,0.076,-0.063,0.009,-0.095,0.261,-0.209,0.044,1.0,-0.124,-0.016,-0.034,-0.122
9,B2_3,0.05,-0.321,0.175,-0.207,-0.138,0.095,0.041,0.173,0.134,0.016,-0.052,-0.124,1.0,-0.207,-0.019,0.0
9,y1,-0.033,0.068,-0.117,0.177,-0.053,-0.019,0.031,0.18,-0.024,0.005,0.072,-0.016,-0.207,1.0,0.16,-0.104
9,y2,-0.098,0.051,-0.13,0.042,0.089,0.066,-0.155,0.126,-0.017,0.049,-0.036,-0.034,-0.019,0.16,1.0,0.104
9,y3,-0.061,0.144,0.195,0.222,0.032,-0.079,0.056,0.121,-0.022,-0.078,-0.04,-0.122,0.0,-0.104,0.104,1.0
10,.,1.0,0.07,0.086,-0.093,0.031,-0.184,0.054,-0.031,-0.181,-0.32,0.192,-0.054,0.045,-0.03,-0.094,-0.059
10,A1_1,0.07,1.0,-0.103,0.164,0.294,0.255,0.129,0.144,-0.02,0.055,0.31,-0.065,-0.319,0.067,0.05,0.143
10,A1_2,0.086,-0.103,1.0,-0.039,0.008,0.039,-0.1,0.023,-0.059,0.212,0.015,-0.127,0.174,-0.116,-0.129,0.194
10,A1_3,-0.093,0.164,-0.039,1.0,0.136,0.283,0.294,-0.089,0.276,-0.094,-0.232,0.093,-0.207,0.177,0.042,0.222
10,B1_1,0.031,0.294,0.008,0.136,1.0,0.099,0.028,0.078,-0.006,-0.112,0.194,0.078,-0.135,-0.056,0.087,0.03
10,B1_2,-0.184,0.255,0.039,0.283,0.099,1.0,0.047,0.029,0.13,0.026,-0.125,-0.059,0.098,-0.022,0.063,-0.081
10,B1_3,0.054,0.129,-0.1,0.294,0.028,0.047,1.0,0.093,0.044,-0.17,0.045,0.012,0.044,0.029,-0.156,0.054
10,A2_1,-0.031,0.144,0.023,-0.089,0.078,0.029,0.093,1.0,-0.066,-0.034,-0.016,-0.094,0.173,0.178,0.125,0.12
10,A2_2,-0.181,-0.02,-0.059,0.276,-0.006,0.13,0.044,-0.066,1.0,-0.011,-0.043,0.262,0.135,-0.025,-0.019,-0.024
10,A2_3,-0.32,0.055,0.212,-0.094,-0.112,0.026,-0.17,-0.034,-0.011,1.0,0.0,-0.209,0.016,0.004,0.049,-0.078
10,B2_1,0.192,0.31,0.015,-0.232,0.194,-0.125,0.045,-0.016,-0.043,0.0,1.0,0.047,-0.049,0.069,-0.038,-0.042
10,B2_2,-0.054,-0.065,-0.127,0.093,0.078,-0.059,0.012,-0.094,0.262,-0.209,0.047,1.0,-0.122,-0.018,-0.036,-0.124
10,B2_3,0.045,-0.319,0.174,-0.207,-0.135,0.098,0.044,0.173,0.135,0.016,-0.049,-0.122,1.0,-0.209,-0.021,-0.002
10,y1,-0.03,0.067,-0.116,0.177,-0.056,-0.022,0.029,0.178,-0.025,0.004,0.069,-0.018,-0.209,1.0,0.162,-0.101
10,y2,-0.094,0.05,-0.129,0.042,0.087,0.063,-0.156,0.125,-0.019,0.049,-0.038,-0.036,-0.021,0.162,1.0,0.106
10,y3,-0.059,0.143,0.194,0.222,0.03,-0.081,0.054,0.12,-0.024,-0.078,-0.042,-0.124,-0.002,-0.101,0.106,1.0
11,.,1.0,0.067,0.085,-0.092,0.023,-0.192,0.046,-0.032,-0.184,-0.318,0.185,-0.059,0.039,-0.025,-0.09,-0.057
11,A1_1,0.067,1.0,-0.102,0.164,0.295,0.255,0.129,0.144,-0.02,0.055,0.31,-0.064,-0.318,0.066,0.05,0.142
11,A1_2,0.085,-0.102,1.0,-0.038,0.008,0.038,-0.1,0.024,-0.058,0.213,0.014,-0.127,0.173,-0.116,-0.129,0.194
11,A1_3,-0.092,0.164,-0.038,1.0,0.135,0.282,0.293,-0.088,0.277,-0.093,-0.232,0.092,-0.208,0.177,0.043,0.222
11,B1_1,0.023,0.295,0.008,0.135,1.0,0.103,0.032,0.078,-0.005,-0.112,0.197,0.081,-0.131,-0.059,0.084,0.027
11,B1_2,-0.192,0.255,0.038,0.282,0.103,1.0,0.051,0.03,0.13,0.026,-0.12,-0.055,0.101,-0.026,0.06,-0.084
11,B1_3,0.046,0.129,-0.1,0.293,0.032,0.051,1.0,0.094,0.045,-0.169,0.048,0.015,0.047,0.026,-0.158,0.051
11,A2_1,-0.032,0.144,0.024,-0.088,0.078,0.03,0.094,1.0,-0.066,-0.033,-0.016,-0.094,0.173,0.177,0.124,0.119
11,A2_2,-0.184,-0.02,-0.058,0.277,-0.005,0.13,0.045,-0.066,1.0,-0.011,-0.042,0.263,0.137,-0.027,-0.02,-0.025
11,A2_3,-0.318,0.055,0.213,-0.093,-0.112,0.026,-0.169,-0.033,-0.011,1.0,-0.0,-0.208,0.016,0.004,0.049,-0.078
11,B2_1,0.185,0.31,0.014,-0.232,0.197,-0.12,0.048,-0.016,-0.042,-0.0,1.0,0.05,-0.046,0.066,-0.04,-0.044
11,B2_2,-0.059,-0.064,-0.127,0.092,0.081,-0.055,0.015,-0.094,0.263,-0.208,0.05,1.0,-0.119,-0.021,-0.039,-0.126
11,B2_3,0.039,-0.318,0.173,-0.208,-0.131,0.101,0.047,0.173,0.137,0.016,-0.046,-0.119,1.0,-0.211,-0.023,-0.004
11,y1,-0.025,0.066,-0.116,0.177,-0.059,-0.026,0.026,0.177,-0.027,0.004,0.066,-0.021,-0.211,1.0,0.164,-0.097
11,y2,-0.09,0.05,-0.129,0.043,0.084,0.06,-0.158,0.124,-0.02,0.049,-0.04,-0.039,-0.023,0.164,1.0,0.109
11,y3,-0.057,0.142,0.194,0.222,0.027,-0.084,0.051,0.119,-0.025,-0.078,-0.044,-0.126,-0.004,-0.097,0.109,1.0
12,.,1.0,0.064,0.085,-0.091,0.013,-0.2,0.037,-0.034,-0.187,-0.316,0.177,-0.066,0.032,-0.02,-0.085,-0.053
12,A1_1,0.064,1.0,-0.101,0.164,0.295,0.255,0.13,0.144,-0.02,0.056,0.31,-0.063,-0.317,0.065,0.048,0.14
12,A1_2,0.085,-0.101,1.0,-0.037,0.007,0.037,-0.101,0.025,-0.057,0.213,0.012,-0.127,0.172,-0.115,-0.128,0.194
12,A1_3,-0.091,0.164,-0.037,1.0,0.134,0.28,0.292,-0.088,0.277,-0.093,-0.233,0.091,-0.208,0.177,0.043,0.222
12,B1_1,0.013,0.295,0.007,0.134,1.0,0.108,0.036,0.078,-0.003,-0.112,0.2,0.085,-0.126,-0.062,0.08,0.024
12,B1_2,-0.2,0.255,0.037,0.28,0.108,1.0,0.055,0.03,0.131,0.026,-0.115,-0.051,0.106,-0.029,0.056,-0.087
12,B1_3,0.037,0.13,-0.101,0.292,0.036,0.055,1.0,0.094,0.046,-0.169,0.052,0.019,0.051,0.022,-0.16,0.048
12,A2_1,-0.034,0.144,0.025,-0.088,0.078,0.03,0.094,1.0,-0.065,-0.033,-0.016,-0.093,0.173,0.176,0.123,0.118
12,A2_2,-0.187,-0.02,-0.057,0.277,-0.003,0.131,0.046,-0.065,1.0,-0.01,-0.04,0.264,0.138,-0.029,-0.022,-0.027
12,A2_3,-0.316,0.056,0.213,-0.093,-0.112,0.026,-0.169,-0.033,-0.01,1.0,-0.0,-0.208,0.017,0.004,0.049,-0.078
12,B2_1,0.177,0.31,0.012,-0.233,0.2,-0.115,0.052,-0.016,-0.04,-0.0,1.0,0.053,-0.042,0.062,-0.043,-0.046
12,B2_2,-0.066,-0.063,-0.127,0.091,0.085,-0.051,0.019,-0.093,0.264,-0.208,0.053,1.0,-0.115,-0.024,-0.042,-0.128
12,B2_3,0.032,-0.317,0.172,-0.208,-0.126,0.106,0.051,0.173,0.138,0.017,-0.042,-0.115,1.0,-0.213,-0.026,-0.006
12,y1,-0.02,0.065,-0.115,0.177,-0.062,-0.029,0.022,0.176,-0.029,0.004,0.062,-0.024,-0.213,1.0,0.167,-0.093
12,y2,-0.085,0.048,-0.128,0.043,0.08,0.056,-0.16,0.123,-0.022,0.049,-0.043,-0.042,-0.026,0.167,1.0,0.112
12,y3,-0.053,0.14,0.194,0.222,0.024,-0.087,0.048,0.118,-0.027,-0.078,-0.046,-0.128,-0.006,-0.093,0.112,1.0
13,.,1.0,0.06,0.085,-0.09,0.003,-0.209,0.027,-0.035,-0.189,-0.314,0.168,-0.074,0.024,-0.014,-0.079,-0.049
13,A1_1,0.06,1.0,-0.101,0.164,0.295,0.254,0.13,0.145,-0.02,0.056,0.31,-0.062,-0.315,0.063,0.047,0.139
13,A1_2,0.085,-0.101,1.0,-0.037,0.006,0.036,-0.101,0.026,-0.056,0.214,0.011,-0.128,0.17,-0.114,-0.127,0.194
13,A1_3,-0.09,0.164,-0.037,1.0,0.133,0.278,0.29,-0.087,0.278,-0.092,-0.233,0.09,-0.208,0.176,0.043,0.222
13,B1_1,0.003,0.295,0.006,0.133,1.0,0.113,0.041,0.078,-0.002,-0.111,0.204,0.089,-0.121,-0.066,0.076,0.02
13,B1_2,-0.209,0.254,0.036,0.278,0.113,1.0,0.06,0.03,0.132,0.026,-0.11,-0.045,0.11,-0.034,0.052,-0.09
13,B1_3,0.027,0.13,-0.101,0.29,0.041,0.06,1.0,0.094,0.047,-0.169,0.056,0.023,0.055,0.018,-0.163,0.045
13,A2_1,-0.035,0.145,0.026,-0.087,0.078,0.03,0.094,1.0,-0.065,-0.032,-0.016,-0.092,0.173,0.174,0.122,0.117
13,A2_2,-0.189,-0.02,-0.056,0.278,-0.002,0.132,0.047,-0.065,1.0,-0.009,-0.039,0.266,0.14,-0.03,-0.024,-0.028
13,A2_3,-0.314,0.056,0.214,-0.092,-0.111,0.026,-0.169,-0.032,-0.009,1.0,-0.001,-0.207,0.017,0.004,0.048,-0.078
13,B2_1,0.168,0.31,0.011,-0.233,0.204,-0.11,0.056,-0.016,-0.039,-0.001,1.0,0.057,-0.038,0.058,-0.046,-0.049
13,B2_2,-0.074,-0.062,-0.128,0.09,0.089,-0.045,0.023,-0.092,0.266,-0.207,0.057,1.0,-0.11,-0.028,-0.045,-0.131
13,B2_3,0.024,-0.315,0.17,-0.208,-0.121,0.11,0.055,0.173,0.14,0.017,-0.038,-0.11,1.0,-0.216,-0.029,-0.01
13,y1,-0.014,0.063,-0.114,0.176,-0.066,-0.034,0.018,0.174,-0.03,0.004,0.058,-0.028,-0.216,1.0,0.171,-0.088
13,y2,-0.079,0.047,-0.127,0.043,0.076,0.052,-0.163,0.122,-0.024,0.048,-0.046,-0.045,-0.029,0.171,1.0,0.115
13,y3,-0.049,0.139,0.194,0.222,0.02,-0.09,0.045,0.117,-0.028,-0.078,-0.049,-0.131,-0.01,-0.088,0.115,1.0
14,.,1.0,0.056,0.084,-0.089,-0.01,-0.219,0.015,-0.036,-0.192,-0.312,0.157,-0.083,0.014,-0.007,-0.072,-0.043
14,A1_1,0.056,1.0,-0.1,0.165,0.295,0.254,0.13,0.145,-0.019,0.057,0.309,-0.061,-0.313,0.062,0.046,0.138
14,A1_2,0.084,-0.1,1.0,-0.036,0.005,0.035,-0.102,0.027,-0.055,0.215,0.01,-0.128,0.169,-0.113,-0.126,0.194
14,A1_3,-0.089,0.165,-0.036,1.0,0.132,0.277,0.289,-0.086,0.278,-0.091,-0.234,0.089,-0.208,0.176,0.044,0.222
14,B1_1,-0.01,0.295,0.005,0.132,1.0,0.119,0.047,0.078,0.0,-0.111,0.208,0.094,-0.115,-0.071,0.071,0.016
14,B1_2,-0.219,0.254,0.035,0.277,0.119,1.0,0.065,0.03,0.133,0.025,-0.103,-0.039,0.116,-0.039,0.046,-0.094
14,B1_3,0.015,0.13,-0.102,0.289,0.047,0.065,1.0,0.094,0.049,-0.168,0.06,0.028,0.06,0.013,-0.166,0.041
14,A2_1,-0.036,0.145,0.027,-0.086,0.078,0.03,0.094,1.0,-0.064,-0.031,-0.016,-0.092,0.173,0.173,0.121,0.115
14,A2_2,-0.192,-0.019,-0.055,0.278,0.0,0.133,0.049,-0.064,1.0,-0.008,-0.037,0.267,0.141,-0.032,-0.026,-0.03
14,A2_3,-0.312,0.057,0.215,-0.091,-0.111,0.025,-0.168,-0.031,-0.008,1.0,-0.001,-0.206,0.017,0.004,0.048,-0.078
14,B2_1,0.157,0.309,0.01,-0.234,0.208,-0.103,0.06,-0.016,-0.037,-0.001,1.0,0.062,-0.033,0.053,-0.05,-0.053
14,B2_2,-0.083,-0.061,-0.128,0.089,0.094,-0.039,0.028,-0.092,0.267,-0.206,0.062,1.0,-0.105,-0.032,-0.049,-0.134
14,B2_3,0.014,-0.313,0.169,-0.208,-0.115,0.116,0.06,0.173,0.141,0.017,-0.033,-0.105,1.0,-0.22,-0.033,-0.013
14,y1,-0.007,0.062,-0.113,0.176,-0.071,-0.039,0.013,0.173,-0.032,0.004,0.053,-0.032,-0.22,1.0,0.175,-0.083
14,y2,-0.072,0.046,-0.126,0.044,0.071,0.046,-0.166,0.121,-0.026,0.048,-0.05,-0.049,-0.033,0.175,1.0,0.119
14,y3,-0.043,0.138,0.194,0.222,0.016,-0.094,0.041,0.115,-0.03,-0.078,-0.053,-0.134,-0.013,-0.083,0.119,1.0
15,.,1.0,0.053,0.084,-0.089,-0.023,-0.23,0.003,-0.037,-0.195,-0.309,0.145,-0.093,0.004,0.002,-0.063,-0.037
15,A1_1,0.053,1.0,-0.099,0.165,0.294,0.254,0.131,0.145,-0.019,0.058,0.309,-0.06,-0.312,0.06,0.045,0.136
15,A1_2,0.084,-0.099,1.0,-0.035,0.004,0.034,-0.102,0.028,-0.054,0.216,0.008,-0.129,0.167,-0.112,-0.125,0.194
15,A1_3,-0.089,0.165,-0.035,1.0,0.13,0.274,0.287,-0.086,0.279,-0.09,-0.234,0.088,-0.209,0.176,0.044,0.222
15,B1_1,-0.023,0.294,0.004,0.13,1.0,0.125,0.053,0.078,0.002,-0.111,0.213,0.1,-0.108,-0.076,0.065,0.011
15,B1_2,-0.23,0.254,0.034,0.274,0.125,1.0,0.072,0.03,0.134,0.025,-0.095,-0.031,0.122,-0.045,0.04,-0.099
15,B1_3,0.003,0.131,-0.102,0.287,0.053,0.072,1.0,0.094,0.05,-0.168,0.066,0.034,0.065,0.008,-0.17,0.037
15,A2_1,-0.037,0.145,0.028,-0.086,0.078,0.03,0.094,1.0,-0.063,-0.029,-0.016,-0.091,0.173,0.171,0.12,0.114
15,A2_2,-0.195,-0.019,-0.054,0.279,0.002,0.134,0.05,-0.063,1.0,-0.007,-0.035,0.268,0.143,-0.034,-0.028,-0.033
15,A2_3,-0.309,0.058,0.216,-0.09,-0.111,0.025,-0.168,-0.029,-0.007,1.0,-0.001,-0.206,0.017,0.004,0.048,-0.078
15,B2_1,0.145,0.309,0.008,-0.234,0.213,-0.095,0.066,-0.016,-0.035,-0.001,1.0,0.067,-0.027,0.048,-0.055,-0.057
15,B2_2,-0.093,-0.06,-0.129,0.088,0.1,-0.031,0.034,-0.091,0.268,-0.206,0.067,1.0,-0.098,-0.038,-0.054,-0.138
15,B2_3,0.004,-0.312,0.167,-0.209,-0.108,0.122,0.065,0.173,0.143,0.017,-0.027,-0.098,1.0,-0.223,-0.038,-0.017
15,y1,0.002,0.06,-0.112,0.176,-0.076,-0.045,0.008,0.171,-0.034,0.004,0.048,-0.038,-0.223,1.0,0.18,-0.076
15,y2,-0.063,0.045,-0.125,0.044,0.065,0.04,-0.17,0.12,-0.028,0.048,-0.055,-0.054,-0.038,0.18,1.0,0.124
15,y3,-0.037,0.136,0.194,0.222,0.011,-0.099,0.037,0.114,-0.033,-0.078,-0.057,-0.138,-0.017,-0.076,0.124,1.0
16,.,1.0,0.049,0.084,-0.088,-0.038,-0.241,-0.011,-0.037,-0.197,-0.305,0.131,-0.105,-0.008,0.011,-0.054,-0.029
16,A1_1,0.049,1.0,-0.098,0.165,0.294,0.253,0.131,0.146,-0.019,0.058,0.308,-0.059,-0.31,0.059,0.043,0.134
16,A1_2,0.084,-0.098,1.0,-0.034,0.003,0.032,-0.103,0.029,-0.053,0.218,0.007,-0.129,0.165,-0.111,-0.124,0.193
16,A1_3,-0.088,0.165,-0.034,1.0,0.129,0.272,0.285,-0.085,0.279,-0.089,-0.234,0.087,-0.209,0.176,0.045,0.222
16,B1_1,-0.038,0.294,0.003,0.129,1.0,0.133,0.06,0.078,0.004,-0.11,0.218,0.107,-0.1,-0.082,0.059,0.005
16,B1_2,-0.241,0.253,0.032,0.272,0.133,1.0,0.079,0.03,0.135,0.025,-0.087,-0.023,0.129,-0.052,0.034,-0.105
16,B1_3,-0.011,0.131,-0.103,0.285,0.06,0.079,1.0,0.093,0.052,-0.168,0.072,0.041,0.072,0.002,-0.175,0.031
16,A2_1,-0.037,0.146,0.029,-0.085,0.078,0.03,0.093,1.0,-0.063,-0.028,-0.016,-0.091,0.173,0.17,0.119,0.113
16,A2_2,-0.197,-0.019,-0.053,0.279,0.004,0.135,0.052,-0.063,1.0,-0.006,-0.033,0.269,0.145,-0.037,-0.03,-0.035
16,A2_3,-0.305,0.058,0.218,-0.089,-0.11,0.025,-0.168,-0.028,-0.006,1.0,-0.002,-0.205,0.017,0.003,0.047,-0.078
16,B2_1,0.131,0.308,0.007,-0.234,0.218,-0.087,0.072,-0.016,-0.033,-0.002,1.0,0.074,-0.02,0.041,-0.06,-0.062
16,B2_2,-0.105,-0.059,-0.129,0.087,0.107,-0.023,0.041,-0.091,0.269,-0.205,0.074,1.0,-0.09,-0.044,-0.059,-0.143
16,B2_3,-0.008,-0.31,0.165,-0.209,-0.1,0.129,0.072,0.173,0.145,0.017,-0.02,-0.09,1.0,-0.228,-0.043,-0.023
16,y1,0.011,0.059,-0.111,0.176,-0.082,-0.052,0.002,0.17,-0.037,0.003,0.041,-0.044,-0.228,1.0,0.186,-0.069
16,y2,-0.054,0.043,-0.124,0.045,0.059,0.034,-0.175,0.119,-0.03,0.047,-0.06,-0.059,-0.043,0.186,1.0,0.13
16,y3,-0.029,0.134,0.193,0.222,0.005,-0.105,0.031,0.113,-0.035,-0.078,-0.062,-0.143,-0.023,-0.069,0.13,1.0
17,.,1.0,0.045,0.083,-0.087,-0.054,-0.254,-0.026,-0.038,-0.199,-0.302,0.115,-0.118,-0.022,0.02,-0.043,-0.02
17,A1_1,0.045,1.0,-0.097,0.166,0.293,0.252,0.131,0.146,-0.018,0.059,0.307,-0.058,-0.307,0.057,0.042,0.132
17,A1_2,0.083,-0.097,1.0,-0.032,0.001,0.031,-0.104,0.03,-0.051,0.219,0.005,-0.13,0.163,-0.11,-0.123,0.193
17,A1_3,-0.087,0.166,-0.032,1.0,0.128,0.27,0.283,-0.084,0.28,-0.087,-0.235,0.086,-0.209,0.175,0.045,0.222
17,B1_1,-0.054,0.293,0.001,0.128,1.0,0.141,0.068,0.077,0.007,-0.11,0.225,0.115,-0.091,-0.089,0.051,-0.001
17,B1_2,-0.254,0.252,0.031,0.27,0.141,1.0,0.087,0.03,0.136,0.024,-0.077,-0.013,0.138,-0.059,0.026,-0.111
17,B1_3,-0.026,0.131,-0.104,0.283,0.068,0.087,1.0,0.093,0.054,-0.167,0.079,0.049,0.079,-0.005,-0.18,0.025
17,A2_1,-0.038,0.146,0.03,-0.084,0.077,0.03,0.093,1.0,-0.062,-0.027,-0.016,-0.09,0.172,0.168,0.118,0.112
17,A2_2,-0.199,-0.018,-0.051,0.28,0.007,0.136,0.054,-0.062,1.0,-0.005,-0.03,0.271,0.147,-0.039,-0.033,-0.037
17,A2_3,-0.302,0.059,0.219,-0.087,-0.11,0.024,-0.167,-0.027,-0.005,1.0,-0.002,-0.204,0.016,0.003,0.047,-0.078
17,B2_1,0.115,0.307,0.005,-0.235,0.225,-0.077,0.079,-0.016,-0.03,-0.002,1.0,0.081,-0.012,0.034,-0.066,-0.068
17,B2_2,-0.118,-0.058,-0.13,0.086,0.115,-0.013,0.049,-0.09,0.271,-0.204,0.081,1.0,-0.081,-0.05,-0.066,-0.148
17,B2_3,-0.022,-0.307,0.163,-0.209,-0.091,0.138,0.079,0.172,0.147,0.016,-0.012,-0.081,1.0,-0.233,-0.049,-0.028
17,y1,0.02,0.057,-0.11,0.175,-0.089,-0.059,-0.005,0.168,-0.039,0.003,0.034,-0.05,-0.233,1.0,0.193,-0.061
17,y2,-0.043,0.042,-0.123,0.045,0.051,0.026,-0.18,0.118,-0.033,0.047,-0.066,-0.066,-0.049,0.193,1.0,0.137
17,y3,-0.02,0.132,0.193,0.222,-0.001,-0.111,0.025,0.112,-0.037,-0.078,-0.068,-0.148,-0.028,-0.061,0.137,1.0
18,.,1.0,0.042,0.083,-0.086,-0.072,-0.267,-0.042,-0.038,-0.201,-0.298,0.098,-0.132,-0.036,0.031,-0.031,-0.01
18,A1_1,0.042,1.0,-0.096,0.166,0.292,0.251,0.131,0.146,-0.018,0.06,0.306,-0.057,-0.305,0.056,0.041,0.131
18,A1_2,0.083,-0.096,1.0,-0.031,-0.0,0.029,-0.104,0.032,-0.05,0.22,0.003,-0.131,0.161,-0.109,-0.122,0.193
18,A1_3,-0.086,0.166,-0.031,1.0,0.126,0.267,0.281,-0.083,0.281,-0.086,-0.235,0.084,-0.209,0.175,0.045,0.221
18,B1_1,-0.072,0.292,-0.0,0.126,1.0,0.151,0.078,0.076,0.009,-0.109,0.232,0.124,-0.08,-0.096,0.043,-0.009
18,B1_2,-0.267,0.251,0.029,0.267,0.151,1.0,0.096,0.029,0.137,0.023,-0.066,-0.002,0.147,-0.067,0.017,-0.118
18,B1_3,-0.042,0.131,-0.104,0.281,0.078,0.096,1.0,0.092,0.055,-0.167,0.087,0.058,0.088,-0.013,-0.185,0.018
18,A2_1,-0.038,0.146,0.032,-0.083,0.076,0.029,0.092,1.0,-0.061,-0.026,-0.017,-0.09,0.171,0.167,0.117,0.111
18,A2_2,-0.201,-0.018,-0.05,0.281,0.009,0.137,0.055,-0.061,1.0,-0.004,-0.028,0.272,0.149,-0.041,-0.035,-0.04
18,A2_3,-0.298,0.06,0.22,-0.086,-0.109,0.023,-0.167,-0.026,-0.004,1.0,-0.003,-0.202,0.016,0.003,0.046,-0.078
18,B2_1,0.098,0.306,0.003,-0.235,0.232,-0.066,0.087,-0.017,-0.028,-0.003,1.0,0.09,-0.003,0.026,-0.073,-0.074
18,B2_2,-0.132,-0.057,-0.131,0.084,0.124,-0.002,0.058,-0.09,0.272,-0.202,0.09,1.0,-0.071,-0.058,-0.073,-0.154
18,B2_3,-0.036,-0.305,0.161,-0.209,-0.08,0.147,0.088,0.171,0.149,0.016,-0.003,-0.071,1.0,-0.239,-0.056,-0.035
18,y1,0.031,0.056,-0.109,0.175,-0.096,-0.067,-0.013,0.167,-0.041,0.003,0.026,-0.058,-0.239,1.0,0.2,-0.051
18,y2,-0.031,0.041,-0.122,0.045,0.043,0.017,-0.185,0.117,-0.035,0.046,-0.073,-0.073,-0.056,0.2,1.0,0.144
18,y3,-0.01,0.131,0.193,0.221,-0.009,-0.118,0.018,0.111,-0.04,-0.078,-0.074,-0.154,-0.035,-0.051,0.144,1.0
19,.,1.0,0.039,0.083,-0.085,-0.09,-0.28,-0.058,-0.037,-0.201,-0.294,0.08,-0.147,-0.052,0.042,-0.019,0.001
19,A1_1,0.039,1.0,-0.094,0.167,0.291,0.249,0.131,0.147,-0.018,0.062,0.305,-0.056,-0.303,0.054,0.039,0.129
19,A1_2,0.083,-0.094,1.0,-0.03,-0.002,0.027,-0.105,0.033,-0.048,0.222,0.0,-0.131,0.158,-0.107,-0.12,0.192
19,A1_3,-0.085,0.167,-0.03,1.0,0.124,0.264,0.278,-0.082,0.281,-0.084,-0.235,0.083,-0.209,0.174,0.046,0.221
19,B1_1,-0.09,0.291,-0.002,0.124,1.0,0.161,0.088,0.076,0.011,-0.109,0.241,0.135,-0.067,-0.105,0.033,-0.017
19,B1_2,-0.28,0.249,0.027,0.264,0.161,1.0,0.106,0.029,0.137,0.023,-0.054,0.009,0.157,-0.076,0.008,-0.126
19,B1_3,-0.058,0.131,-0.105,0.278,0.088,0.106,1.0,0.092,0.057,-0.166,0.097,0.069,0.098,-0.021,-0.192,0.01
19,A2_1,-0.037,0.147,0.033,-0.082,0.076,0.029,0.092,1.0,-0.06,-0.024,-0.017,-0.089,0.17,0.165,0.116,0.109
19,A2_2,-0.201,-0.018,-0.048,0.281,0.011,0.137,0.057,-0.06,1.0,-0.003,-0.025,0.272,0.151,-0.043,-0.038,-0.042
19,A2_3,-0.294,0.062,0.222,-0.084,-0.109,0.023,-0.166,-0.024,-0.003,1.0,-0.003,-0.201,0.016,0.003,0.046,-0.078
19,B2_1,0.08,0.305,0.0,-0.235,0.241,-0.054,0.097,-0.017,-0.025,-0.003,1.0,0.1,0.007,0.016,-0.081,-0.081
19,B2_2,-0.147,-0.056,-0.131,0.083,0.135,0.009,0.069,-0.089,0.272,-0.201,0.1,1.0,-0.059,-0.067,-0.081,-0.161
19,B2_3,-0.052,-0.303,0.158,-0.209,-0.067,0.157,0.098,0.17,0.151,0.016,0.007,-0.059,1.0,-0.246,-0.064,-0.043
19,y1,0.042,0.054,-0.107,0.174,-0.105,-0.076,-0.021,0.165,-0.043,0.003,0.016,-0.067,-0.246,1.0,0.209,-0.041
19,y2,-0.019,0.039,-0.12,0.046,0.033,0.008,-0.192,0.116,-0.038,0.046,-0.081,-0.081,-0.064,0.209,1.0,0.153
19,y3,0.001,0.129,0.192,0.221,-0.017,-0.126,0.01,0.109,-0.042,-0.078,-0.081,-0.161,-0.043,-0.041,0.153,1.0
20,.,1.0,0.037,0.083,-0.084,-0.109,-0.293,-0.075,-0.037,-0.201,-0.29,0.062,-0.162,-0.068,0.053,-0.007,0.012
20,A1_1,0.037,1.0,-0.093,0.168,0.289,0.247,0.13,0.148,-0.017,0.063,0.303,-0.055,-0.3,0.053,0.038,0.127
20,A1_2,0.083,-0.093,1.0,-0.028,-0.004,0.025,-0.106,0.035,-0.046,0.224,-0.002,-0.132,0.155,-0.106,-0.119,0.191
20,A1_3,-0.084,0.168,-0.028,1.0,0.122,0.261,0.275,-0.081,0.282,-0.083,-0.235,0.081,-0.209,0.174,0.046,0.22
20,B1_1,-0.109,0.289,-0.004,0.122,1.0,0.173,0.099,0.074,0.013,-0.109,0.25,0.146,-0.054,-0.114,0.022,-0.027
20,B1_2,-0.293,0.247,0.025,0.261,0.173,1.0,0.116,0.028,0.137,0.022,-0.041,0.023,0.168,-0.086,-0.003,-0.135
20,B1_3,-0.075,0.13,-0.106,0.275,0.099,0.116,1.0,0.091,0.058,-0.166,0.107,0.08,0.108,-0.031,-0.199,0.001
20,A2_1,-0.037,0.148,0.035,-0.081,0.074,0.028,0.091,1.0,-0.059,-0.022,-0.018,-0.089,0.168,0.164,0.115,0.108
20,A2_2,-0.201,-0.017,-0.046,0.282,0.013,0.137,0.058,-0.059,1.0,-0.001,-0.023,0.273,0.152,-0.045,-0.04,-0.045
20,A2_3,-0.29,0.063,0.224,-0.083,-0.109,0.022,-0.166,-0.022,-0.001,1.0,-0.004,-0.2,0.016,0.003,0.046,-0.078
20,B2_1,0.062,0.303,-0.002,-0.235,0.25,-0.041,0.107,-0.018,-0.023,-0.004,1.0,0.111,0.019,0.006,-0.09,-0.09
20,B2_2,-0.162,-0.055,-0.132,0.081,0.146,0.023,0.08,-0.089,0.273,-0.2,0.111,1.0,-0.045,-0.076,-0.091,-0.169
20,B2_3,-0.068,-0.3,0.155,-0.209,-0.054,0.168,0.108,0.168,0.152,0.016,0.019,-0.045,1.0,-0.253,-0.073,-0.052
20,y1,0.053,0.053,-0.106,0.174,-0.114,-0.086,-0.031,0.164,-0.045,0.003,0.006,-0.076,-0.253,1.0,0.218,-0.029
20,y2,-0.007,0.038,-0.119,0.046,0.022,-0.003,-0.199,0.115,-0.04,0.046,-0.09,-0.091,-0.073,0.218,1.0,0.163
20,y3,0.012,0.127,0.191,0.22,-0.027,-0.135,0.001,0.108,-0.045,-0.078,-0.09,-0.169,-0.052,-0.029,0.163,1.0
21,.,1.0,0.036,0.083,-0.082,-0.127,-0.306,-0.091,-0.035,-0.2,-0.285,0.043,-0.178,-0.084,0.064,0.006,0.023
21,A1_1,0.036,1.0,-0.091,0.168,0.286,0.245,0.129,0.148,-0.017,0.064,0.301,-0.055,-0.298,0.052,0.037,0.125
21,A1_2,0.083,-0.091,1.0,-0.026,-0.006,0.024,-0.107,0.036,-0.044,0.225,-0.004,-0.133,0.152,-0.104,-0.117,0.191
21,A1_3,-0.082,0.168,-0.026,1.0,0.119,0.257,0.272,-0.079,0.284,-0.081,-0.235,0.078,-0.21,0.173,0.046,0.219
21,B1_1,-0.127,0.286,-0.006,0.119,1.0,0.185,0.112,0.073,0.015,-0.108,0.261,0.159,-0.039,-0.123,0.011,-0.037
21,B1_2,-0.306,0.245,0.024,0.257,0.185,1.0,0.127,0.027,0.137,0.021,-0.026,0.037,0.18,-0.096,-0.014,-0.144
21,B1_3,-0.091,0.129,-0.107,0.272,0.112,0.127,1.0,0.09,0.058,-0.165,0.118,0.092,0.12,-0.041,-0.206,-0.009
21,A2_1,-0.035,0.148,0.036,-0.079,0.073,0.027,0.09,1.0,-0.058,-0.021,-0.018,-0.089,0.167,0.163,0.114,0.107
21,A2_2,-0.2,-0.017,-0.044,0.284,0.015,0.137,0.058,-0.058,1.0,0.0,-0.021,0.273,0.153,-0.047,-0.042,-0.047
21,A2_3,-0.285,0.064,0.225,-0.081,-0.108,0.021,-0.165,-0.021,0.0,1.0,-0.005,-0.199,0.015,0.003,0.045,-0.077
21,B2_1,0.043,0.301,-0.004,-0.235,0.261,-0.026,0.118,-0.018,-0.021,-0.005,1.0,0.123,0.032,-0.005,-0.099,-0.099
21,B2_2,-0.178,-0.055,-0.133,0.078,0.159,0.037,0.092,-0.089,0.273,-0.199,0.123,1.0,-0.031,-0.087,-0.101,-0.178
21,B2_3,-0.084,-0.298,0.152,-0.21,-0.039,0.18,0.12,0.167,0.153,0.015,0.032,-0.031,1.0,-0.261,-0.083,-0.061
21,y1,0.064,0.052,-0.104,0.173,-0.123,-0.096,-0.041,0.163,-0.047,0.003,-0.005,-0.087,-0.261,1.0,0.228,-0.017
21,y2,0.006,0.037,-0.117,0.046,0.011,-0.014,-0.206,0.114,-0.042,0.045,-0.099,-0.101,-0.083,0.228,1.0,0.173
21,y3,0.023,0.125,0.191,0.219,-0.037,-0.144,-0.009,0.107,-0.047,-0.077,-0.099,-0.178,-0.061,-0.017,0.173,1.0
22,.,1.0,0.035,0.083,-0.081,-0.145,-0.317,-0.106,-0.034,-0.197,-0.282,0.024,-0.193,-0.1,0.073,0.017,0.035
22,A1_1,0.035,1.0,-0.089,0.169,0.284,0.243,0.128,0.149,-0.017,0.066,0.298,-0.055,-0.296,0.051,0.036,0.123
22,A1_2,0.083,-0.089,1.0,-0.024,-0.008,0.022,-0.108,0.038,-0.042,0.228,-0.007,-0.134,0.149,-0.103,-0.116,0.19
22,A1_3,-0.081,0.169,-0.024,1.0,0.116,0.254,0.269,-0.078,0.285,-0.079,-0.235,0.076,-0.21,0.173,0.047,0.219
22,B1_1,-0.145,0.284,-0.008,0.116,1.0,0.197,0.124,0.071,0.016,-0.108,0.272,0.172,-0.023,-0.134,-0.001,-0.048
22,B1_2,-0.317,0.243,0.022,0.254,0.197,1.0,0.139,0.026,0.136,0.019,-0.011,0.051,0.192,-0.106,-0.025,-0.153
22,B1_3,-0.106,0.128,-0.108,0.269,0.124,0.139,1.0,0.088,0.058,-0.165,0.13,0.105,0.132,-0.051,-0.214,-0.019
22,A2_1,-0.034,0.149,0.038,-0.078,0.071,0.026,0.088,1.0,-0.057,-0.019,-0.019,-0.089,0.165,0.161,0.113,0.106
22,A2_2,-0.197,-0.017,-0.042,0.285,0.016,0.136,0.058,-0.057,1.0,0.002,-0.019,0.272,0.153,-0.048,-0.044,-0.049
22,A2_3,-0.282,0.066,0.228,-0.079,-0.108,0.019,-0.165,-0.019,0.002,1.0,-0.006,-0.198,0.014,0.004,0.045,-0.077
22,B2_1,0.024,0.298,-0.007,-0.235,0.272,-0.011,0.13,-0.019,-0.019,-0.006,1.0,0.136,0.046,-0.017,-0.11,-0.109
22,B2_2,-0.193,-0.055,-0.134,0.076,0.172,0.051,0.105,-0.089,0.272,-0.198,0.136,1.0,-0.015,-0.097,-0.111,-0.187
22,B2_3,-0.1,-0.296,0.149,-0.21,-0.023,0.192,0.132,0.165,0.153,0.014,0.046,-0.015,1.0,-0.269,-0.093,-0.071
22,y1,0.073,0.051,-0.103,0.173,-0.134,-0.106,-0.051,0.161,-0.048,0.004,-0.017,-0.097,-0.269,1.0,0.238,-0.004
22,y2,0.017,0.036,-0.116,0.047,-0.001,-0.025,-0.214,0.113,-0.044,0.045,-0.11,-0.111,-0.093,0.238,1.0,0.184
22,y3,0.035,0.123,0.19,0.219,-0.048,-0.153,-0.019,0.106,-0.049,-0.077,-0.109,-0.187,-0.071,-0.004,0.184,1.0
23,.,1.0,0.034,0.083,-0.081,-0.162,-0.328,-0.121,-0.033,-0.194,-0.278,0.005,-0.208,-0.115,0.083,0.028,0.045
23,A1_1,0.034,1.0,-0.087,0.17,0.281,0.24,0.126,0.15,-0.016,0.067,0.295,-0.055,-0.293,0.05,0.035,0.122
23,A1_2,0.083,-0.087,1.0,-0.022,-0.009,0.02,-0.108,0.04,-0.039,0.23,-0.009,-0.134,0.146,-0.102,-0.114,0.189
23,A1_3,-0.081,0.17,-0.022,1.0,0.114,0.25,0.265,-0.076,0.287,-0.076,-0.235,0.074,-0.21,0.172,0.047,0.218
23,B1_1,-0.162,0.281,-0.009,0.114,1.0,0.21,0.138,0.07,0.016,-0.109,0.284,0.186,-0.007,-0.144,-0.013,-0.059
23,B1_2,-0.328,0.24,0.02,0.25,0.21,1.0,0.15,0.025,0.134,0.018,0.004,0.066,0.205,-0.116,-0.036,-0.163
23,B1_3,-0.121,0.126,-0.108,0.265,0.138,0.15,1.0,0.087,0.057,-0.165,0.143,0.119,0.145,-0.061,-0.222,-0.029
23,A2_1,-0.033,0.15,0.04,-0.076,0.07,0.025,0.087,1.0,-0.056,-0.016,-0.02,-0.089,0.162,0.16,0.113,0.105
23,A2_2,-0.194,-0.016,-0.039,0.287,0.016,0.134,0.057,-0.056,1.0,0.004,-0.019,0.27,0.153,-0.048,-0.045,-0.05
23,A2_3,-0.278,0.067,0.23,-0.076,-0.109,0.018,-0.165,-0.016,0.004,1.0,-0.007,-0.197,0.013,0.004,0.045,-0.076
23,B2_1,0.005,0.295,-0.009,-0.235,0.284,0.004,0.143,-0.02,-0.019,-0.007,1.0,0.15,0.06,-0.03,-0.12,-0.119
23,B2_2,-0.208,-0.055,-0.134,0.074,0.186,0.066,0.119,-0.089,0.27,-0.197,0.15,1.0,0.001,-0.108,-0.122,-0.196
23,B2_3,-0.115,-0.293,0.146,-0.21,-0.007,0.205,0.145,0.162,0.153,0.013,0.06,0.001,1.0,-0.277,-0.103,-0.082
23,y1,0.083,0.05,-0.102,0.172,-0.144,-0.116,-0.061,0.16,-0.048,0.004,-0.03,-0.108,-0.277,1.0,0.249,0.01
23,y2,0.028,0.035,-0.114,0.047,-0.013,-0.036,-0.222,0.113,-0.045,0.045,-0.12,-0.122,-0.103,0.249,1.0,0.196
23,y3,0.045,0.122,0.189,0.218,-0.059,-0.163,-0.029,0.105,-0.05,-0.076,-0.119,-0.196,-0.082,0.01,0.196,1.0
24,.,1.0,0.034,0.082,-0.08,-0.178,-0.338,-0.134,-0.031,-0.189,-0.275,-0.012,-0.221,-0.129,0.09,0.037,0.054
24,A1_1,0.034,1.0,-0.085,0.172,0.277,0.237,0.124,0.151,-0.015,0.069,0.292,-0.055,-0.291,0.049,0.034,0.12
24,A1_2,0.082,-0.085,1.0,-0.02,-0.011,0.019,-0.109,0.042,-0.035,0.232,-0.011,-0.135,0.143,-0.101,-0.113,0.187
24,A1_3,-0.08,0.172,-0.02,1.0,0.111,0.247,0.262,-0.075,0.289,-0.074,-0.235,0.071,-0.209,0.171,0.047,0.217
24,B1_1,-0.178,0.277,-0.011,0.111,1.0,0.222,0.151,0.068,0.015,-0.109,0.295,0.199,0.01,-0.154,-0.025,-0.07
24,B1_2,-0.338,0.237,0.019,0.247,0.222,1.0,0.162,0.024,0.131,0.016,0.019,0.08,0.217,-0.126,-0.047,-0.172
24,B1_3,-0.134,0.124,-0.109,0.262,0.151,0.162,1.0,0.085,0.056,-0.165,0.155,0.132,0.157,-0.072,-0.229,-0.039
