,,.,A1_1,A1_2,A1_3,B1_1,B1_2,B1_3,A2_1,A2_2,A2_3,B2_1,B2_2,B2_3,y1,y2,y3
1,.,0.082,0.06,0.06,0.062,0.061,0.06,0.059,0.059,0.059,0.06,0.061,0.061,0.063,0.064,0.065,0.065
1,A1_1,0.087,0.059,0.057,0.063,0.06,0.059,0.058,0.06,0.058,0.062,0.062,0.06,0.062,0.066,0.066,0.062
1,A1_2,0.087,0.056,0.058,0.062,0.06,0.061,0.058,0.06,0.058,0.061,0.061,0.061,0.063,0.065,0.067,0.063
1,A1_3,0.086,0.057,0.059,0.062,0.061,0.061,0.058,0.06,0.058,0.06,0.063,0.061,0.062,0.065,0.067,0.061
1,B1_1,0.087,0.056,0.058,0.061,0.059,0.059,0.057,0.06,0.059,0.061,0.064,0.06,0.061,0.067,0.068,0.062
1,B1_2,0.09,0.059,0.058,0.06,0.062,0.059,0.057,0.059,0.06,0.059,0.063,0.058,0.06,0.067,0.068,0.061
1,B1_3,0.091,0.059,0.057,0.06,0.062,0.061,0.057,0.059,0.057,0.06,0.063,0.058,0.061,0.067,0.067,0.062
1,A2_1,0.091,0.06,0.055,0.06,0.063,0.059,0.056,0.059,0.06,0.059,0.062,0.057,0.06,0.069,0.066,0.065
1,A2_2,0.09,0.06,0.059,0.059,0.062,0.061,0.057,0.059,0.06,0.058,0.062,0.058,0.058,0.068,0.066,0.065
1,A2_3,0.09,0.057,0.059,0.06,0.059,0.064,0.056,0.058,0.058,0.061,0.062,0.059,0.059,0.066,0.068,0.063
1,B2_1,0.091,0.059,0.058,0.061,0.059,0.062,0.056,0.06,0.06,0.059,0.062,0.058,0.06,0.066,0.065,0.063
1,B2_2,0.087,0.059,0.059,0.062,0.059,0.061,0.056,0.059,0.06,0.059,0.062,0.058,0.06,0.068,0.066,0.064
1,B2_3,0.089,0.06,0.06,0.06,0.061,0.061,0.057,0.058,0.061,0.059,0.061,0.057,0.06,0.067,0.067,0.064
1,y1,0.087,0.06,0.059,0.062,0.062,0.061,0.056,0.058,0.06,0.06,0.061,0.058,0.061,0.065,0.066,0.063
1,y2,0.087,0.059,0.059,0.064,0.059,0.059,0.054,0.06,0.06,0.059,0.064,0.06,0.06,0.064,0.069,0.064
1,y3,0.086,0.057,0.059,0.062,0.06,0.059,0.056,0.06,0.061,0.059,0.063,0.06,0.061,0.066,0.068,0.063
2,.,0.103,0.059,0.057,0.06,0.059,0.058,0.057,0.057,0.058,0.058,0.058,0.058,0.06,0.065,0.066,0.066
2,A1_1,0.112,0.056,0.054,0.06,0.057,0.057,0.056,0.057,0.056,0.06,0.059,0.057,0.06,0.067,0.067,0.064
2,A1_2,0.113,0.053,0.056,0.059,0.057,0.058,0.056,0.058,0.056,0.058,0.058,0.058,0.06,0.067,0.068,0.065
2,A1_3,0.112,0.055,0.056,0.059,0.059,0.058,0.056,0.058,0.056,0.058,0.06,0.058,0.059,0.067,0.069,0.062
2,B1_1,0.116,0.054,0.055,0.058,0.057,0.056,0.055,0.058,0.056,0.058,0.061,0.057,0.058,0.069,0.069,0.063
2,B1_2,0.12,0.056,0.055,0.057,0.06,0.056,0.055,0.056,0.057,0.057,0.06,0.055,0.057,0.069,0.069,0.063
2,B1_3,0.121,0.056,0.054,0.057,0.059,0.058,0.055,0.056,0.055,0.058,0.059,0.055,0.058,0.069,0.069,0.064
2,A2_1,0.121,0.057,0.052,0.057,0.06,0.056,0.054,0.056,0.057,0.057,0.058,0.055,0.057,0.07,0.067,0.066
2,A2_2,0.12,0.057,0.056,0.055,0.06,0.058,0.055,0.056,0.057,0.056,0.059,0.055,0.055,0.07,0.067,0.066
2,A2_3,0.119,0.054,0.056,0.057,0.056,0.061,0.054,0.055,0.056,0.058,0.058,0.056,0.056,0.068,0.07,0.064
2,B2_1,0.12,0.056,0.055,0.058,0.056,0.059,0.054,0.057,0.058,0.057,0.058,0.055,0.057,0.068,0.067,0.065
2,B2_2,0.116,0.056,0.056,0.058,0.056,0.058,0.053,0.057,0.058,0.057,0.059,0.055,0.057,0.069,0.067,0.066
2,B2_3,0.118,0.057,0.057,0.057,0.058,0.058,0.055,0.055,0.058,0.057,0.058,0.054,0.057,0.069,0.068,0.065
2,y1,0.115,0.057,0.056,0.059,0.06,0.059,0.054,0.055,0.057,0.058,0.058,0.055,0.059,0.067,0.068,0.064
2,y2,0.115,0.056,0.056,0.061,0.057,0.056,0.052,0.057,0.057,0.057,0.061,0.057,0.057,0.066,0.071,0.065
2,y3,0.114,0.054,0.056,0.059,0.057,0.056,0.054,0.057,0.058,0.057,0.06,0.058,0.059,0.068,0.069,0.064
3,.,0.124,0.056,0.056,0.058,0.056,0.056,0.055,0.056,0.056,0.056,0.056,0.056,0.058,0.066,0.067,0.067
3,A1_1,0.139,0.053,0.052,0.057,0.055,0.054,0.054,0.055,0.054,0.057,0.057,0.055,0.057,0.068,0.068,0.065
3,A1_2,0.14,0.051,0.053,0.056,0.055,0.056,0.054,0.055,0.053,0.056,0.055,0.055,0.057,0.068,0.069,0.066
3,A1_3,0.139,0.052,0.054,0.056,0.056,0.056,0.054,0.055,0.053,0.056,0.057,0.055,0.056,0.068,0.07,0.063
3,B1_1,0.145,0.051,0.053,0.055,0.054,0.054,0.053,0.055,0.054,0.056,0.057,0.055,0.056,0.07,0.07,0.064
3,B1_2,0.151,0.052,0.052,0.054,0.056,0.054,0.052,0.053,0.054,0.054,0.056,0.052,0.054,0.07,0.07,0.064
3,B1_3,0.153,0.052,0.051,0.054,0.056,0.055,0.052,0.053,0.052,0.055,0.056,0.052,0.054,0.069,0.069,0.064
3,A2_1,0.153,0.053,0.05,0.054,0.057,0.054,0.051,0.053,0.054,0.054,0.055,0.052,0.054,0.071,0.068,0.067
3,A2_2,0.152,0.053,0.053,0.052,0.056,0.055,0.052,0.053,0.054,0.053,0.055,0.052,0.052,0.071,0.068,0.067
3,A2_3,0.15,0.051,0.054,0.054,0.054,0.058,0.052,0.053,0.053,0.056,0.055,0.053,0.053,0.069,0.071,0.065
3,B2_1,0.152,0.053,0.052,0.055,0.053,0.057,0.052,0.055,0.055,0.054,0.055,0.052,0.054,0.069,0.067,0.066
3,B2_2,0.148,0.053,0.053,0.055,0.053,0.056,0.051,0.054,0.055,0.055,0.056,0.052,0.054,0.07,0.068,0.067
3,B2_3,0.149,0.054,0.054,0.054,0.055,0.055,0.052,0.052,0.055,0.054,0.055,0.051,0.054,0.069,0.069,0.066
3,y1,0.144,0.054,0.054,0.056,0.057,0.056,0.052,0.053,0.055,0.055,0.055,0.053,0.056,0.067,0.069,0.065
3,y2,0.144,0.052,0.053,0.058,0.054,0.054,0.05,0.054,0.055,0.054,0.058,0.055,0.055,0.066,0.072,0.066
3,y3,0.143,0.051,0.054,0.056,0.055,0.054,0.052,0.054,0.056,0.054,0.057,0.055,0.056,0.068,0.07,0.065
4,.,0.143,0.055,0.054,0.056,0.054,0.054,0.053,0.054,0.055,0.054,0.054,0.054,0.056,0.067,0.068,0.068
4,A1_1,0.162,0.052,0.05,0.055,0.052,0.052,0.052,0.053,0.052,0.055,0.054,0.053,0.055,0.069,0.069,0.066
4,A1_2,0.164,0.049,0.051,0.053,0.052,0.053,0.052,0.053,0.051,0.054,0.053,0.053,0.054,0.069,0.07,0.067
4,A1_3,0.164,0.05,0.052,0.053,0.054,0.053,0.052,0.053,0.051,0.054,0.055,0.053,0.054,0.069,0.071,0.065
4,B1_1,0.174,0.048,0.05,0.051,0.052,0.052,0.051,0.052,0.051,0.054,0.055,0.052,0.053,0.07,0.071,0.065
4,B1_2,0.182,0.05,0.05,0.05,0.054,0.051,0.05,0.051,0.051,0.052,0.053,0.049,0.051,0.07,0.071,0.064
4,B1_3,0.185,0.05,0.049,0.05,0.053,0.053,0.05,0.051,0.049,0.053,0.053,0.05,0.051,0.07,0.07,0.065
4,A2_1,0.184,0.051,0.047,0.05,0.054,0.051,0.049,0.051,0.051,0.052,0.052,0.049,0.051,0.072,0.068,0.068
4,A2_2,0.183,0.051,0.05,0.049,0.054,0.052,0.05,0.05,0.051,0.051,0.053,0.049,0.049,0.071,0.069,0.068
4,A2_3,0.179,0.049,0.051,0.05,0.051,0.055,0.049,0.05,0.05,0.053,0.053,0.051,0.051,0.07,0.072,0.066
4,B2_1,0.183,0.05,0.049,0.051,0.05,0.054,0.049,0.052,0.052,0.052,0.052,0.05,0.051,0.069,0.068,0.066
4,B2_2,0.178,0.051,0.051,0.052,0.051,0.053,0.049,0.051,0.052,0.052,0.053,0.05,0.051,0.07,0.069,0.068
4,B2_3,0.179,0.051,0.052,0.05,0.052,0.053,0.05,0.05,0.052,0.052,0.052,0.049,0.051,0.07,0.07,0.067
4,y1,0.171,0.051,0.051,0.053,0.054,0.054,0.05,0.05,0.052,0.053,0.053,0.05,0.053,0.068,0.069,0.066
4,y2,0.172,0.05,0.051,0.054,0.052,0.052,0.048,0.052,0.052,0.052,0.055,0.053,0.052,0.067,0.072,0.067
4,y3,0.169,0.049,0.051,0.053,0.053,0.052,0.05,0.052,0.053,0.052,0.055,0.053,0.054,0.069,0.071,0.066
5,.,0.157,0.054,0.053,0.054,0.053,0.052,0.052,0.053,0.053,0.053,0.052,0.053,0.054,0.067,0.069,0.069
5,A1_1,0.182,0.05,0.049,0.053,0.05,0.05,0.05,0.051,0.05,0.054,0.052,0.051,0.052,0.07,0.069,0.067
5,A1_2,0.185,0.047,0.05,0.051,0.051,0.052,0.05,0.051,0.049,0.052,0.051,0.051,0.052,0.07,0.071,0.068
5,A1_3,0.185,0.048,0.05,0.051,0.052,0.052,0.05,0.051,0.048,0.052,0.052,0.051,0.051,0.07,0.072,0.065
5,B1_1,0.199,0.046,0.048,0.049,0.049,0.049,0.049,0.05,0.048,0.051,0.052,0.05,0.05,0.071,0.071,0.065
5,B1_2,0.21,0.048,0.048,0.048,0.051,0.049,0.048,0.048,0.048,0.049,0.051,0.047,0.049,0.071,0.071,0.065
5,B1_3,0.213,0.048,0.047,0.048,0.05,0.05,0.047,0.048,0.046,0.05,0.05,0.047,0.049,0.07,0.071,0.065
5,A2_1,0.212,0.048,0.045,0.048,0.051,0.049,0.047,0.048,0.048,0.049,0.049,0.047,0.049,0.073,0.069,0.068
5,A2_2,0.21,0.048,0.048,0.046,0.051,0.05,0.047,0.048,0.048,0.049,0.05,0.047,0.047,0.072,0.07,0.068
5,A2_3,0.205,0.047,0.049,0.048,0.049,0.053,0.047,0.048,0.047,0.051,0.05,0.048,0.048,0.071,0.073,0.067
5,B2_1,0.21,0.048,0.047,0.049,0.048,0.052,0.047,0.049,0.049,0.05,0.05,0.047,0.049,0.07,0.069,0.067
5,B2_2,0.205,0.048,0.048,0.049,0.048,0.051,0.047,0.049,0.049,0.05,0.05,0.047,0.049,0.071,0.069,0.068
5,B2_3,0.207,0.049,0.05,0.048,0.05,0.05,0.048,0.047,0.049,0.05,0.049,0.046,0.049,0.071,0.07,0.067
5,y1,0.195,0.049,0.049,0.05,0.052,0.052,0.048,0.048,0.05,0.051,0.051,0.048,0.051,0.069,0.07,0.066
5,y2,0.195,0.048,0.049,0.052,0.05,0.05,0.046,0.05,0.049,0.05,0.053,0.051,0.05,0.067,0.073,0.067
5,y3,0.192,0.047,0.049,0.05,0.051,0.05,0.048,0.05,0.05,0.05,0.053,0.051,0.052,0.069,0.071,0.066
6,.,0.167,0.053,0.053,0.054,0.052,0.051,0.051,0.052,0.052,0.052,0.051,0.052,0.053,0.068,0.07,0.07
6,A1_1,0.196,0.049,0.048,0.051,0.049,0.049,0.049,0.05,0.048,0.052,0.05,0.049,0.051,0.07,0.07,0.068
6,A1_2,0.2,0.046,0.048,0.05,0.049,0.05,0.049,0.05,0.047,0.051,0.049,0.05,0.05,0.071,0.072,0.069
6,A1_3,0.202,0.046,0.048,0.049,0.05,0.05,0.049,0.049,0.046,0.05,0.051,0.049,0.05,0.071,0.073,0.066
6,B1_1,0.22,0.045,0.047,0.047,0.048,0.048,0.047,0.048,0.046,0.05,0.05,0.048,0.048,0.072,0.072,0.066
6,B1_2,0.234,0.045,0.046,0.046,0.049,0.047,0.046,0.046,0.046,0.048,0.048,0.045,0.047,0.071,0.072,0.065
6,B1_3,0.238,0.046,0.045,0.045,0.048,0.048,0.045,0.046,0.044,0.048,0.048,0.045,0.046,0.071,0.071,0.066
6,A2_1,0.235,0.046,0.044,0.046,0.049,0.047,0.045,0.046,0.045,0.047,0.047,0.045,0.047,0.073,0.07,0.069
6,A2_2,0.233,0.046,0.046,0.044,0.049,0.048,0.046,0.046,0.046,0.047,0.048,0.045,0.045,0.073,0.07,0.069
6,A2_3,0.226,0.045,0.047,0.046,0.047,0.051,0.046,0.046,0.045,0.049,0.048,0.046,0.046,0.072,0.074,0.068
6,B2_1,0.233,0.046,0.046,0.047,0.046,0.05,0.045,0.047,0.046,0.048,0.047,0.045,0.047,0.071,0.069,0.067
6,B2_2,0.229,0.046,0.047,0.047,0.046,0.049,0.045,0.047,0.047,0.048,0.048,0.045,0.047,0.072,0.07,0.068
6,B2_3,0.23,0.047,0.048,0.046,0.048,0.048,0.046,0.045,0.047,0.048,0.047,0.044,0.047,0.071,0.071,0.067
6,y1,0.214,0.048,0.048,0.049,0.051,0.05,0.047,0.047,0.047,0.049,0.049,0.047,0.049,0.069,0.071,0.067
6,y2,0.213,0.046,0.048,0.05,0.049,0.049,0.045,0.048,0.047,0.048,0.051,0.049,0.049,0.068,0.073,0.067
6,y3,0.209,0.045,0.048,0.049,0.049,0.049,0.047,0.048,0.048,0.048,0.051,0.05,0.05,0.07,0.072,0.067
7,.,0.172,0.053,0.052,0.052,0.051,0.05,0.051,0.052,0.051,0.051,0.05,0.051,0.052,0.069,0.07,0.072
7,A1_1,0.206,0.048,0.047,0.05,0.048,0.048,0.048,0.049,0.047,0.051,0.049,0.048,0.05,0.071,0.071,0.069
7,A1_2,0.211,0.045,0.047,0.048,0.048,0.049,0.048,0.048,0.046,0.05,0.048,0.048,0.049,0.071,0.073,0.07
7,A1_3,0.214,0.045,0.047,0.047,0.049,0.049,0.048,0.048,0.045,0.049,0.049,0.048,0.048,0.072,0.073,0.067
7,B1_1,0.236,0.043,0.045,0.045,0.046,0.046,0.046,0.046,0.045,0.048,0.048,0.046,0.047,0.072,0.073,0.067
7,B1_2,0.254,0.044,0.044,0.043,0.047,0.045,0.044,0.044,0.044,0.046,0.046,0.043,0.045,0.072,0.073,0.066
7,B1_3,0.258,0.044,0.043,0.043,0.046,0.046,0.044,0.044,0.042,0.046,0.046,0.043,0.044,0.071,0.072,0.067
7,A2_1,0.253,0.045,0.042,0.043,0.047,0.045,0.043,0.045,0.044,0.046,0.045,0.043,0.045,0.074,0.07,0.069
7,A2_2,0.252,0.045,0.045,0.042,0.047,0.046,0.044,0.044,0.044,0.045,0.046,0.043,0.043,0.074,0.071,0.07
7,A2_3,0.243,0.043,0.045,0.043,0.045,0.049,0.044,0.044,0.043,0.047,0.047,0.045,0.044,0.073,0.074,0.069
7,B2_1,0.252,0.044,0.044,0.044,0.044,0.048,0.044,0.046,0.045,0.046,0.046,0.044,0.045,0.071,0.07,0.068
7,B2_2,0.248,0.045,0.045,0.045,0.045,0.047,0.043,0.045,0.045,0.046,0.046,0.044,0.045,0.072,0.071,0.069
7,B2_3,0.249,0.045,0.046,0.043,0.046,0.046,0.045,0.044,0.045,0.046,0.045,0.043,0.045,0.072,0.071,0.068
7,y1,0.228,0.046,0.047,0.046,0.049,0.049,0.046,0.045,0.046,0.048,0.047,0.046,0.048,0.07,0.071,0.068
7,y2,0.227,0.045,0.046,0.048,0.048,0.047,0.044,0.047,0.046,0.046,0.05,0.048,0.047,0.068,0.074,0.068
7,y3,0.222,0.044,0.047,0.046,0.048,0.048,0.046,0.047,0.046,0.047,0.05,0.049,0.049,0.07,0.073,0.068
8,.,0.174,0.053,0.052,0.052,0.05,0.05,0.05,0.052,0.051,0.05,0.049,0.051,0.051,0.069,0.071,0.073
8,A1_1,0.213,0.047,0.046,0.049,0.047,0.047,0.048,0.048,0.046,0.05,0.048,0.048,0.049,0.072,0.072,0.071
8,A1_2,0.219,0.044,0.047,0.047,0.047,0.048,0.047,0.048,0.045,0.048,0.047,0.048,0.048,0.073,0.074,0.072
8,A1_3,0.223,0.044,0.046,0.046,0.048,0.048,0.047,0.047,0.044,0.047,0.048,0.047,0.047,0.073,0.074,0.069
8,B1_1,0.25,0.042,0.044,0.044,0.045,0.045,0.045,0.045,0.043,0.046,0.047,0.045,0.045,0.073,0.074,0.067
8,B1_2,0.271,0.042,0.043,0.042,0.045,0.043,0.043,0.043,0.042,0.044,0.045,0.042,0.043,0.073,0.073,0.066
8,B1_3,0.276,0.042,0.042,0.041,0.044,0.045,0.042,0.043,0.041,0.044,0.044,0.042,0.043,0.072,0.072,0.067
8,A2_1,0.268,0.043,0.041,0.042,0.046,0.044,0.042,0.043,0.043,0.044,0.044,0.042,0.043,0.075,0.071,0.07
8,A2_2,0.268,0.043,0.043,0.04,0.045,0.045,0.043,0.043,0.042,0.043,0.044,0.042,0.042,0.075,0.072,0.071
8,A2_3,0.257,0.042,0.044,0.042,0.044,0.048,0.043,0.043,0.042,0.045,0.045,0.044,0.043,0.074,0.075,0.07
8,B2_1,0.267,0.043,0.043,0.043,0.043,0.046,0.043,0.044,0.043,0.044,0.044,0.042,0.043,0.072,0.07,0.069
8,B2_2,0.265,0.043,0.043,0.043,0.043,0.045,0.042,0.044,0.044,0.044,0.045,0.042,0.043,0.073,0.071,0.07
8,B2_3,0.266,0.044,0.044,0.042,0.045,0.045,0.043,0.042,0.044,0.044,0.044,0.041,0.043,0.072,0.072,0.069
8,y1,0.239,0.045,0.046,0.045,0.048,0.048,0.045,0.044,0.045,0.046,0.046,0.045,0.047,0.07,0.072,0.069
8,y2,0.236,0.044,0.045,0.047,0.047,0.047,0.044,0.046,0.045,0.045,0.049,0.047,0.047,0.069,0.075,0.069
8,y3,0.23,0.043,0.046,0.045,0.047,0.047,0.046,0.046,0.045,0.045,0.049,0.048,0.048,0.071,0.074,0.069
9,.,0.174,0.053,0.052,0.052,0.05,0.049,0.05,0.052,0.051,0.05,0.049,0.051,0.051,0.07,0.072,0.075
9,A1_1,0.217,0.047,0.045,0.049,0.046,0.046,0.047,0.048,0.046,0.049,0.047,0.047,0.048,0.073,0.073,0.072
9,A1_2,0.224,0.044,0.046,0.046,0.046,0.047,0.047,0.047,0.044,0.047,0.046,0.047,0.047,0.074,0.075,0.074
9,A1_3,0.229,0.044,0.045,0.046,0.047,0.047,0.046,0.046,0.044,0.046,0.047,0.047,0.047,0.074,0.075,0.07
9,B1_1,0.261,0.041,0.043,0.042,0.044,0.044,0.044,0.044,0.042,0.045,0.046,0.044,0.044,0.074,0.074,0.069
9,B1_2,0.286,0.041,0.041,0.04,0.044,0.042,0.042,0.041,0.041,0.042,0.043,0.04,0.042,0.073,0.073,0.067
9,B1_3,0.292,0.041,0.04,0.04,0.043,0.043,0.041,0.041,0.04,0.043,0.043,0.04,0.041,0.073,0.072,0.068
9,A2_1,0.28,0.042,0.039,0.041,0.044,0.043,0.041,0.042,0.041,0.043,0.043,0.041,0.042,0.075,0.071,0.071
9,A2_2,0.282,0.042,0.041,0.039,0.044,0.044,0.041,0.041,0.041,0.042,0.043,0.041,0.04,0.075,0.072,0.072
9,A2_3,0.269,0.041,0.042,0.041,0.043,0.047,0.042,0.041,0.04,0.044,0.044,0.042,0.042,0.075,0.076,0.071
9,B2_1,0.28,0.042,0.041,0.041,0.042,0.045,0.042,0.043,0.042,0.043,0.043,0.041,0.042,0.073,0.071,0.07
9,B2_2,0.28,0.042,0.042,0.042,0.042,0.044,0.041,0.042,0.042,0.043,0.043,0.041,0.042,0.073,0.071,0.071
9,B2_3,0.281,0.042,0.043,0.041,0.043,0.043,0.042,0.041,0.043,0.043,0.042,0.04,0.042,0.073,0.072,0.07
9,y1,0.247,0.044,0.044,0.044,0.047,0.047,0.044,0.043,0.044,0.045,0.045,0.044,0.046,0.071,0.073,0.07
9,y2,0.242,0.044,0.044,0.046,0.046,0.046,0.043,0.045,0.044,0.044,0.049,0.047,0.046,0.069,0.075,0.07
9,y3,0.235,0.042,0.045,0.045,0.047,0.047,0.045,0.045,0.045,0.044,0.048,0.048,0.048,0.072,0.074,0.07
10,.,0.171,0.054,0.052,0.053,0.049,0.049,0.05,0.052,0.052,0.049,0.049,0.05,0.051,0.071,0.072,0.076
10,A1_1,0.218,0.047,0.045,0.048,0.045,0.046,0.047,0.047,0.046,0.048,0.047,0.047,0.047,0.074,0.074,0.074
10,A1_2,0.227,0.043,0.045,0.046,0.045,0.046,0.047,0.046,0.044,0.046,0.045,0.046,0.047,0.075,0.075,0.075
10,A1_3,0.234,0.043,0.045,0.045,0.047,0.047,0.046,0.045,0.043,0.045,0.047,0.046,0.046,0.075,0.076,0.071
10,B1_1,0.271,0.04,0.042,0.041,0.043,0.043,0.043,0.043,0.041,0.043,0.045,0.043,0.043,0.075,0.075,0.069
10,B1_2,0.301,0.04,0.04,0.039,0.043,0.041,0.041,0.04,0.04,0.041,0.042,0.039,0.04,0.074,0.074,0.068
10,B1_3,0.307,0.04,0.039,0.038,0.041,0.042,0.04,0.04,0.038,0.041,0.041,0.039,0.04,0.073,0.072,0.069
10,A2_1,0.292,0.041,0.038,0.039,0.043,0.042,0.04,0.041,0.04,0.041,0.041,0.04,0.041,0.076,0.071,0.072
10,A2_2,0.295,0.041,0.04,0.038,0.043,0.042,0.04,0.04,0.04,0.04,0.042,0.039,0.039,0.076,0.073,0.073
10,A2_3,0.28,0.039,0.041,0.039,0.042,0.046,0.041,0.04,0.039,0.042,0.043,0.041,0.041,0.076,0.077,0.072
10,B2_1,0.293,0.041,0.04,0.04,0.04,0.044,0.041,0.042,0.041,0.041,0.042,0.04,0.041,0.074,0.071,0.071
10,B2_2,0.294,0.041,0.04,0.04,0.04,0.043,0.04,0.041,0.041,0.041,0.042,0.039,0.041,0.074,0.072,0.071
10,B2_3,0.295,0.041,0.041,0.039,0.042,0.042,0.041,0.04,0.041,0.041,0.041,0.039,0.041,0.074,0.072,0.07
10,y1,0.254,0.044,0.044,0.043,0.047,0.046,0.044,0.043,0.043,0.044,0.045,0.043,0.045,0.072,0.073,0.071
10,y2,0.246,0.043,0.044,0.045,0.046,0.046,0.043,0.044,0.043,0.043,0.048,0.047,0.046,0.07,0.076,0.071
10,y3,0.238,0.042,0.044,0.044,0.047,0.046,0.045,0.044,0.044,0.043,0.048,0.048,0.048,0.073,0.075,0.071
11,.,0.167,0.054,0.052,0.053,0.049,0.049,0.05,0.052,0.052,0.05,0.048,0.05,0.051,0.071,0.073,0.077
11,A1_1,0.219,0.047,0.044,0.048,0.045,0.045,0.047,0.047,0.046,0.048,0.046,0.046,0.047,0.075,0.075,0.075
11,A1_2,0.229,0.043,0.044,0.046,0.045,0.046,0.046,0.046,0.044,0.046,0.045,0.046,0.046,0.076,0.076,0.077
11,A1_3,0.238,0.043,0.044,0.044,0.046,0.046,0.045,0.045,0.042,0.045,0.046,0.045,0.045,0.076,0.077,0.073
11,B1_1,0.282,0.039,0.04,0.04,0.042,0.042,0.042,0.042,0.04,0.042,0.044,0.042,0.042,0.076,0.075,0.07
11,B1_2,0.316,0.038,0.038,0.037,0.041,0.04,0.039,0.038,0.038,0.039,0.041,0.038,0.039,0.074,0.074,0.068
11,B1_3,0.324,0.038,0.037,0.037,0.04,0.041,0.039,0.038,0.037,0.039,0.04,0.037,0.039,0.073,0.072,0.069
11,A2_1,0.303,0.04,0.037,0.038,0.042,0.041,0.039,0.039,0.039,0.04,0.04,0.039,0.04,0.077,0.072,0.073
11,A2_2,0.308,0.039,0.039,0.037,0.041,0.041,0.039,0.039,0.039,0.039,0.041,0.038,0.038,0.077,0.073,0.073
11,A2_3,0.29,0.038,0.04,0.038,0.041,0.045,0.04,0.039,0.038,0.041,0.042,0.04,0.04,0.077,0.077,0.073
11,B2_1,0.306,0.04,0.038,0.039,0.039,0.043,0.04,0.04,0.04,0.04,0.04,0.039,0.04,0.074,0.071,0.071
11,B2_2,0.309,0.04,0.039,0.039,0.039,0.041,0.038,0.04,0.04,0.04,0.041,0.038,0.039,0.074,0.072,0.072
11,B2_3,0.31,0.04,0.04,0.038,0.04,0.041,0.039,0.038,0.04,0.04,0.04,0.037,0.039,0.074,0.073,0.071
11,y1,0.26,0.043,0.042,0.043,0.046,0.046,0.043,0.042,0.043,0.043,0.044,0.043,0.045,0.073,0.073,0.071
11,y2,0.249,0.042,0.043,0.045,0.045,0.045,0.043,0.043,0.043,0.042,0.048,0.046,0.045,0.071,0.076,0.072
11,y3,0.24,0.041,0.043,0.044,0.047,0.046,0.045,0.044,0.043,0.043,0.048,0.048,0.048,0.073,0.075,0.072
12,.,0.161,0.055,0.053,0.054,0.049,0.049,0.05,0.053,0.052,0.05,0.048,0.051,0.051,0.072,0.074,0.078
12,A1_1,0.219,0.047,0.044,0.048,0.045,0.045,0.046,0.047,0.045,0.048,0.046,0.046,0.047,0.076,0.076,0.076
12,A1_2,0.23,0.043,0.044,0.045,0.044,0.046,0.046,0.046,0.043,0.045,0.044,0.046,0.046,0.077,0.077,0.077
12,A1_3,0.241,0.042,0.043,0.044,0.046,0.046,0.045,0.044,0.041,0.044,0.045,0.045,0.045,0.078,0.078,0.073
12,B1_1,0.293,0.038,0.039,0.039,0.041,0.041,0.041,0.041,0.039,0.041,0.043,0.041,0.041,0.077,0.076,0.07
12,B1_2,0.334,0.037,0.037,0.036,0.04,0.038,0.038,0.037,0.036,0.038,0.039,0.036,0.038,0.075,0.074,0.068
12,B1_3,0.342,0.037,0.036,0.036,0.038,0.039,0.037,0.037,0.035,0.038,0.038,0.036,0.037,0.074,0.072,0.068
12,A2_1,0.316,0.039,0.036,0.037,0.041,0.04,0.038,0.038,0.038,0.039,0.039,0.038,0.039,0.078,0.072,0.073
12,A2_2,0.322,0.038,0.037,0.035,0.04,0.04,0.038,0.037,0.037,0.037,0.039,0.037,0.037,0.078,0.073,0.073
12,A2_3,0.302,0.037,0.039,0.037,0.04,0.044,0.039,0.038,0.036,0.04,0.041,0.039,0.039,0.078,0.078,0.073
12,B2_1,0.319,0.039,0.037,0.038,0.038,0.041,0.038,0.039,0.038,0.039,0.039,0.038,0.039,0.075,0.072,0.071
12,B2_2,0.326,0.038,0.037,0.038,0.038,0.04,0.037,0.038,0.038,0.038,0.039,0.037,0.038,0.075,0.072,0.071
12,B2_3,0.327,0.039,0.038,0.037,0.039,0.039,0.038,0.037,0.038,0.039,0.038,0.036,0.038,0.074,0.073,0.07
12,y1,0.266,0.042,0.042,0.042,0.046,0.045,0.043,0.041,0.041,0.042,0.044,0.042,0.044,0.073,0.074,0.072
12,y2,0.251,0.042,0.042,0.044,0.045,0.045,0.043,0.043,0.042,0.042,0.048,0.046,0.045,0.071,0.077,0.073
12,y3,0.241,0.041,0.043,0.043,0.047,0.046,0.045,0.044,0.043,0.042,0.048,0.048,0.048,0.074,0.076,0.072
13,.,0.154,0.056,0.053,0.054,0.049,0.049,0.051,0.054,0.053,0.051,0.048,0.051,0.051,0.072,0.074,0.079
13,A1_1,0.217,0.047,0.045,0.047,0.044,0.045,0.046,0.047,0.045,0.048,0.046,0.046,0.047,0.077,0.077,0.077
13,A1_2,0.231,0.042,0.044,0.045,0.044,0.045,0.046,0.045,0.043,0.045,0.044,0.045,0.045,0.078,0.079,0.079
13,A1_3,0.244,0.042,0.043,0.043,0.045,0.045,0.044,0.044,0.041,0.044,0.045,0.045,0.044,0.079,0.079,0.074
13,B1_1,0.305,0.037,0.038,0.038,0.04,0.04,0.04,0.039,0.038,0.04,0.042,0.04,0.04,0.077,0.076,0.07
13,B1_2,0.353,0.035,0.035,0.034,0.038,0.037,0.037,0.035,0.035,0.037,0.038,0.035,0.036,0.075,0.074,0.067
13,B1_3,0.364,0.035,0.034,0.033,0.037,0.037,0.036,0.035,0.034,0.036,0.037,0.034,0.035,0.073,0.072,0.067
13,A2_1,0.33,0.038,0.035,0.035,0.04,0.038,0.037,0.037,0.036,0.038,0.038,0.037,0.038,0.078,0.072,0.073
13,A2_2,0.338,0.037,0.036,0.033,0.039,0.039,0.037,0.036,0.035,0.036,0.038,0.036,0.036,0.078,0.074,0.073
13,A2_3,0.314,0.036,0.037,0.035,0.039,0.043,0.038,0.036,0.035,0.039,0.04,0.038,0.038,0.079,0.078,0.074
13,B2_1,0.335,0.037,0.036,0.036,0.037,0.04,0.037,0.038,0.037,0.038,0.038,0.036,0.037,0.075,0.072,0.071
13,B2_2,0.345,0.037,0.036,0.036,0.036,0.039,0.036,0.037,0.037,0.037,0.038,0.035,0.037,0.074,0.071,0.07
13,B2_3,0.347,0.037,0.037,0.035,0.038,0.038,0.037,0.035,0.037,0.037,0.037,0.035,0.037,0.074,0.072,0.069
13,y1,0.272,0.042,0.041,0.041,0.045,0.045,0.043,0.041,0.041,0.042,0.043,0.042,0.044,0.073,0.075,0.072
13,y2,0.252,0.042,0.042,0.043,0.045,0.045,0.043,0.043,0.041,0.041,0.048,0.047,0.046,0.071,0.078,0.073
13,y3,0.24,0.041,0.043,0.042,0.047,0.046,0.046,0.043,0.042,0.042,0.048,0.048,0.048,0.074,0.077,0.073
14,.,0.146,0.057,0.054,0.055,0.05,0.049,0.051,0.055,0.054,0.051,0.048,0.051,0.051,0.072,0.075,0.08
14,A1_1,0.215,0.047,0.045,0.048,0.044,0.045,0.046,0.047,0.045,0.048,0.046,0.046,0.046,0.078,0.077,0.078
14,A1_2,0.231,0.042,0.044,0.044,0.044,0.045,0.045,0.045,0.042,0.045,0.044,0.045,0.045,0.08,0.079,0.08
14,A1_3,0.248,0.041,0.042,0.042,0.045,0.045,0.044,0.043,0.04,0.043,0.045,0.044,0.044,0.08,0.08,0.075
14,B1_1,0.32,0.036,0.037,0.036,0.039,0.039,0.039,0.038,0.036,0.039,0.04,0.039,0.039,0.077,0.076,0.07
14,B1_2,0.376,0.033,0.033,0.032,0.037,0.035,0.035,0.034,0.033,0.035,0.036,0.033,0.035,0.074,0.073,0.066
14,B1_3,0.389,0.033,0.032,0.032,0.035,0.036,0.034,0.033,0.031,0.035,0.035,0.033,0.034,0.072,0.071,0.066
14,A2_1,0.347,0.036,0.034,0.034,0.039,0.037,0.036,0.036,0.035,0.036,0.037,0.035,0.037,0.078,0.072,0.072
14,A2_2,0.356,0.035,0.035,0.032,0.037,0.037,0.036,0.034,0.034,0.035,0.037,0.035,0.035,0.078,0.073,0.072
14,A2_3,0.328,0.035,0.036,0.034,0.038,0.041,0.037,0.035,0.034,0.038,0.039,0.037,0.037,0.079,0.079,0.073
14,B2_1,0.354,0.036,0.035,0.034,0.036,0.039,0.036,0.036,0.035,0.036,0.037,0.035,0.036,0.075,0.071,0.07
14,B2_2,0.367,0.035,0.034,0.034,0.035,0.037,0.034,0.035,0.034,0.035,0.036,0.034,0.035,0.074,0.071,0.069
14,B2_3,0.37,0.035,0.035,0.033,0.036,0.036,0.035,0.034,0.035,0.036,0.035,0.033,0.035,0.073,0.072,0.068
14,y1,0.278,0.041,0.041,0.04,0.045,0.044,0.042,0.04,0.04,0.041,0.043,0.041,0.043,0.074,0.075,0.072
14,y2,0.253,0.041,0.042,0.043,0.045,0.045,0.043,0.042,0.04,0.041,0.048,0.047,0.046,0.072,0.078,0.073
14,y3,0.239,0.041,0.043,0.042,0.047,0.046,0.046,0.043,0.041,0.042,0.048,0.048,0.048,0.075,0.077,0.073
15,.,0.135,0.059,0.055,0.057,0.05,0.049,0.051,0.056,0.055,0.052,0.049,0.052,0.051,0.072,0.075,0.081
15,A1_1,0.212,0.047,0.044,0.048,0.044,0.045,0.046,0.047,0.045,0.048,0.045,0.046,0.046,0.079,0.078,0.079
15,A1_2,0.231,0.042,0.043,0.044,0.044,0.045,0.045,0.045,0.042,0.045,0.043,0.045,0.045,0.08,0.08,0.081
15,A1_3,0.251,0.041,0.041,0.042,0.044,0.045,0.044,0.043,0.039,0.043,0.044,0.044,0.043,0.08,0.08,0.076
15,B1_1,0.337,0.035,0.035,0.035,0.037,0.038,0.038,0.037,0.035,0.038,0.039,0.038,0.038,0.077,0.075,0.07
15,B1_2,0.404,0.031,0.031,0.03,0.035,0.033,0.033,0.032,0.031,0.033,0.034,0.031,0.033,0.073,0.071,0.065
15,B1_3,0.419,0.031,0.03,0.029,0.033,0.034,0.032,0.031,0.03,0.032,0.033,0.031,0.032,0.071,0.069,0.064
15,A2_1,0.366,0.035,0.032,0.032,0.037,0.036,0.035,0.034,0.033,0.035,0.036,0.034,0.035,0.077,0.071,0.072
15,A2_2,0.377,0.033,0.033,0.03,0.036,0.036,0.034,0.033,0.032,0.033,0.036,0.033,0.033,0.077,0.072,0.072
15,A2_3,0.344,0.033,0.034,0.033,0.036,0.04,0.036,0.034,0.032,0.036,0.038,0.036,0.036,0.08,0.078,0.073
15,B2_1,0.376,0.034,0.033,0.033,0.034,0.037,0.034,0.035,0.034,0.035,0.035,0.033,0.034,0.074,0.07,0.069
15,B2_2,0.394,0.033,0.032,0.032,0.033,0.035,0.032,0.033,0.033,0.033,0.035,0.032,0.033,0.073,0.069,0.068
15,B2_3,0.397,0.033,0.033,0.031,0.034,0.034,0.033,0.032,0.033,0.034,0.033,0.031,0.033,0.072,0.07,0.067
15,y1,0.284,0.04,0.04,0.04,0.044,0.044,0.042,0.039,0.039,0.04,0.042,0.041,0.043,0.074,0.075,0.072
15,y2,0.252,0.041,0.041,0.043,0.046,0.046,0.043,0.042,0.04,0.041,0.048,0.047,0.046,0.072,0.078,0.074
15,y3,0.236,0.04,0.042,0.042,0.048,0.047,0.046,0.043,0.041,0.041,0.049,0.049,0.049,0.075,0.077,0.074
16,.,0.124,0.061,0.057,0.058,0.05,0.05,0.052,0.057,0.057,0.053,0.049,0.052,0.052,0.072,0.075,0.082
16,A1_1,0.208,0.047,0.045,0.048,0.044,0.045,0.046,0.047,0.045,0.048,0.045,0.046,0.046,0.08,0.079,0.08
16,A1_2,0.231,0.042,0.043,0.044,0.043,0.044,0.045,0.045,0.042,0.045,0.043,0.045,0.044,0.081,0.081,0.082
16,A1_3,0.255,0.04,0.041,0.041,0.044,0.044,0.043,0.042,0.039,0.042,0.044,0.043,0.043,0.081,0.081,0.077
16,B1_1,0.359,0.033,0.034,0.033,0.036,0.036,0.036,0.035,0.033,0.036,0.038,0.036,0.036,0.076,0.074,0.069
16,B1_2,0.438,0.029,0.029,0.028,0.032,0.031,0.031,0.029,0.029,0.031,0.032,0.029,0.031,0.071,0.069,0.062
16,B1_3,0.457,0.029,0.027,0.027,0.03,0.031,0.03,0.028,0.027,0.03,0.031,0.028,0.029,0.068,0.067,0.062
16,A2_1,0.389,0.033,0.03,0.03,0.035,0.034,0.033,0.032,0.032,0.033,0.034,0.033,0.034,0.076,0.07,0.07
16,A2_2,0.402,0.031,0.031,0.028,0.034,0.034,0.032,0.031,0.03,0.031,0.034,0.032,0.032,0.076,0.071,0.07
16,A2_3,0.363,0.032,0.033,0.031,0.035,0.039,0.035,0.032,0.031,0.035,0.037,0.035,0.035,0.079,0.078,0.073
16,B2_1,0.403,0.032,0.031,0.03,0.032,0.035,0.033,0.033,0.032,0.033,0.034,0.032,0.033,0.073,0.069,0.067
16,B2_2,0.427,0.031,0.03,0.029,0.031,0.033,0.03,0.031,0.03,0.031,0.033,0.03,0.031,0.071,0.067,0.065
16,B2_3,0.432,0.031,0.03,0.028,0.032,0.032,0.031,0.029,0.03,0.031,0.031,0.029,0.031,0.07,0.068,0.064
16,y1,0.292,0.04,0.039,0.038,0.044,0.043,0.042,0.039,0.039,0.04,0.042,0.041,0.043,0.073,0.075,0.072
16,y2,0.251,0.041,0.041,0.042,0.046,0.046,0.044,0.042,0.04,0.04,0.049,0.048,0.046,0.072,0.079,0.074
16,y3,0.233,0.04,0.043,0.042,0.048,0.047,0.047,0.043,0.041,0.041,0.049,0.05,0.049,0.075,0.078,0.074
17,.,0.112,0.062,0.058,0.06,0.051,0.05,0.052,0.059,0.059,0.054,0.049,0.053,0.052,0.072,0.075,0.082
17,A1_1,0.204,0.047,0.045,0.048,0.044,0.045,0.046,0.047,0.046,0.048,0.045,0.046,0.046,0.08,0.08,0.082
17,A1_2,0.231,0.041,0.043,0.043,0.043,0.044,0.045,0.044,0.041,0.044,0.043,0.045,0.044,0.082,0.082,0.083
17,A1_3,0.259,0.039,0.04,0.04,0.044,0.044,0.043,0.041,0.038,0.042,0.043,0.043,0.043,0.082,0.082,0.077
17,B1_1,0.386,0.031,0.032,0.031,0.034,0.034,0.035,0.033,0.031,0.034,0.036,0.034,0.034,0.075,0.073,0.067
17,B1_2,0.479,0.026,0.026,0.025,0.03,0.029,0.028,0.026,0.026,0.028,0.03,0.027,0.028,0.068,0.066,0.059
17,B1_3,0.501,0.025,0.025,0.024,0.028,0.028,0.027,0.026,0.024,0.027,0.028,0.025,0.027,0.065,0.063,0.058
17,A2_1,0.417,0.03,0.028,0.028,0.034,0.033,0.032,0.03,0.03,0.031,0.033,0.031,0.032,0.074,0.068,0.068
17,A2_2,0.432,0.029,0.029,0.026,0.032,0.032,0.031,0.029,0.028,0.029,0.032,0.03,0.03,0.074,0.069,0.068
17,A2_3,0.386,0.03,0.031,0.029,0.034,0.037,0.033,0.03,0.029,0.033,0.035,0.033,0.033,0.078,0.077,0.072
17,B2_1,0.436,0.029,0.029,0.028,0.03,0.033,0.031,0.03,0.029,0.031,0.032,0.029,0.031,0.07,0.067,0.065
17,B2_2,0.468,0.028,0.027,0.027,0.028,0.03,0.028,0.028,0.028,0.029,0.03,0.027,0.029,0.067,0.064,0.062
17,B2_3,0.474,0.028,0.027,0.026,0.029,0.029,0.029,0.027,0.028,0.029,0.029,0.026,0.028,0.067,0.065,0.061
17,y1,0.301,0.038,0.038,0.038,0.043,0.043,0.041,0.038,0.038,0.039,0.042,0.04,0.042,0.073,0.074,0.071
17,y2,0.25,0.04,0.041,0.042,0.047,0.046,0.044,0.042,0.04,0.04,0.049,0.048,0.047,0.072,0.079,0.074
17,y3,0.228,0.04,0.043,0.042,0.049,0.048,0.048,0.043,0.041,0.041,0.05,0.051,0.05,0.075,0.078,0.074
18,.,0.099,0.064,0.06,0.062,0.051,0.05,0.053,0.061,0.06,0.056,0.049,0.053,0.052,0.071,0.075,0.083
18,A1_1,0.199,0.048,0.046,0.049,0.044,0.045,0.047,0.048,0.046,0.048,0.045,0.046,0.046,0.081,0.081,0.083
18,A1_2,0.231,0.041,0.043,0.043,0.043,0.044,0.045,0.044,0.041,0.044,0.043,0.044,0.044,0.083,0.083,0.084
18,A1_3,0.264,0.038,0.04,0.039,0.043,0.043,0.043,0.041,0.037,0.041,0.043,0.043,0.042,0.083,0.082,0.078
18,B1_1,0.419,0.028,0.03,0.029,0.032,0.032,0.033,0.03,0.029,0.032,0.034,0.032,0.032,0.073,0.071,0.065
18,B1_2,0.527,0.023,0.023,0.022,0.027,0.026,0.026,0.023,0.023,0.025,0.027,0.024,0.025,0.064,0.062,0.055
18,B1_3,0.554,0.022,0.021,0.021,0.024,0.025,0.024,0.022,0.021,0.024,0.025,0.022,0.024,0.06,0.058,0.053
18,A2_1,0.451,0.028,0.026,0.026,0.031,0.031,0.029,0.028,0.027,0.029,0.031,0.029,0.03,0.072,0.066,0.065
18,A2_2,0.467,0.026,0.026,0.024,0.03,0.03,0.028,0.026,0.026,0.027,0.03,0.028,0.028,0.072,0.066,0.065
18,A2_3,0.412,0.028,0.029,0.027,0.032,0.035,0.032,0.028,0.027,0.031,0.034,0.032,0.032,0.077,0.075,0.07
18,B2_1,0.476,0.027,0.026,0.026,0.028,0.03,0.028,0.028,0.027,0.028,0.029,0.027,0.028,0.068,0.063,0.062
18,B2_2,0.516,0.024,0.024,0.024,0.025,0.027,0.025,0.025,0.025,0.026,0.027,0.025,0.026,0.064,0.06,0.058
18,B2_3,0.525,0.024,0.024,0.023,0.026,0.026,0.025,0.024,0.024,0.025,0.026,0.023,0.025,0.062,0.06,0.056
18,y1,0.312,0.037,0.037,0.037,0.043,0.042,0.041,0.037,0.037,0.038,0.041,0.04,0.042,0.073,0.074,0.071
18,y2,0.247,0.04,0.041,0.042,0.047,0.047,0.045,0.042,0.04,0.04,0.05,0.049,0.047,0.072,0.079,0.074
18,y3,0.221,0.04,0.043,0.042,0.05,0.049,0.049,0.043,0.041,0.041,0.051,0.052,0.051,0.075,0.078,0.074
19,.,0.085,0.067,0.063,0.063,0.052,0.051,0.054,0.063,0.063,0.057,0.049,0.054,0.053,0.071,0.074,0.083
19,A1_1,0.193,0.048,0.046,0.049,0.044,0.045,0.047,0.048,0.046,0.049,0.045,0.046,0.046,0.083,0.082,0.084
19,A1_2,0.231,0.041,0.043,0.043,0.043,0.044,0.045,0.044,0.041,0.044,0.042,0.044,0.044,0.085,0.084,0.085
19,A1_3,0.27,0.038,0.039,0.038,0.043,0.043,0.042,0.04,0.037,0.04,0.042,0.042,0.042,0.083,0.083,0.078
19,B1_1,0.458,0.026,0.027,0.026,0.03,0.03,0.03,0.028,0.026,0.029,0.031,0.03,0.03,0.071,0.068,0.062
19,B1_2,0.582,0.02,0.02,0.019,0.023,0.022,0.022,0.02,0.02,0.021,0.023,0.021,0.022,0.059,0.056,0.05
19,B1_3,0.613,0.019,0.018,0.017,0.021,0.021,0.02,0.019,0.018,0.02,0.021,0.019,0.02,0.054,0.052,0.047
19,A2_1,0.49,0.026,0.024,0.024,0.029,0.028,0.027,0.026,0.025,0.027,0.028,0.026,0.028,0.069,0.063,0.062
19,A2_2,0.506,0.024,0.024,0.022,0.027,0.028,0.026,0.024,0.023,0.025,0.028,0.025,0.026,0.069,0.063,0.062
19,A2_3,0.441,0.026,0.027,0.025,0.03,0.034,0.03,0.026,0.025,0.029,0.032,0.03,0.03,0.075,0.073,0.068
19,B2_1,0.523,0.024,0.023,0.023,0.025,0.027,0.025,0.024,0.024,0.025,0.026,0.024,0.025,0.064,0.059,0.057
19,B2_2,0.571,0.021,0.021,0.02,0.022,0.024,0.022,0.021,0.021,0.022,0.024,0.021,0.022,0.058,0.055,0.053
19,B2_3,0.583,0.021,0.021,0.019,0.022,0.023,0.022,0.02,0.021,0.022,0.022,0.02,0.022,0.057,0.054,0.051
19,y1,0.323,0.037,0.037,0.035,0.042,0.042,0.04,0.036,0.036,0.037,0.041,0.039,0.041,0.072,0.073,0.07
19,y2,0.242,0.04,0.041,0.042,0.048,0.048,0.045,0.042,0.04,0.04,0.05,0.05,0.048,0.072,0.079,0.074
19,y3,0.212,0.04,0.043,0.042,0.051,0.05,0.05,0.043,0.041,0.042,0.052,0.053,0.052,0.075,0.078,0.075
20,.,0.071,0.07,0.065,0.066,0.052,0.051,0.054,0.066,0.065,0.059,0.049,0.054,0.053,0.07,0.073,0.082
20,A1_1,0.186,0.049,0.047,0.049,0.044,0.045,0.047,0.049,0.046,0.049,0.045,0.046,0.046,0.084,0.083,0.085
20,A1_2,0.231,0.041,0.042,0.043,0.042,0.043,0.045,0.044,0.04,0.044,0.042,0.044,0.043,0.086,0.085,0.086
20,A1_3,0.276,0.037,0.038,0.038,0.042,0.042,0.042,0.039,0.035,0.04,0.042,0.042,0.041,0.084,0.083,0.079
20,B1_1,0.504,0.023,0.024,0.023,0.027,0.027,0.027,0.025,0.023,0.026,0.029,0.027,0.027,0.067,0.064,0.058
20,B1_2,0.642,0.016,0.016,0.015,0.02,0.019,0.019,0.016,0.016,0.018,0.02,0.018,0.019,0.052,0.05,0.044
20,B1_3,0.676,0.015,0.015,0.014,0.017,0.018,0.017,0.015,0.014,0.016,0.018,0.016,0.017,0.047,0.045,0.041
20,A2_1,0.532,0.023,0.022,0.021,0.026,0.026,0.025,0.023,0.022,0.024,0.026,0.024,0.025,0.065,0.059,0.058
20,A2_2,0.547,0.021,0.021,0.019,0.025,0.025,0.024,0.021,0.021,0.022,0.025,0.023,0.023,0.065,0.059,0.058
20,A2_3,0.471,0.024,0.025,0.023,0.028,0.032,0.028,0.024,0.023,0.027,0.03,0.028,0.028,0.073,0.071,0.065
20,B2_1,0.574,0.021,0.02,0.02,0.022,0.024,0.022,0.021,0.021,0.022,0.023,0.021,0.022,0.059,0.055,0.052
20,B2_2,0.632,0.018,0.017,0.017,0.019,0.02,0.019,0.018,0.018,0.019,0.02,0.018,0.019,0.052,0.049,0.046
20,B2_3,0.646,0.017,0.017,0.016,0.019,0.019,0.018,0.017,0.017,0.018,0.019,0.017,0.018,0.05,0.048,0.044
20,y1,0.334,0.036,0.036,0.034,0.042,0.041,0.04,0.035,0.035,0.036,0.04,0.038,0.04,0.071,0.072,0.069
20,y2,0.234,0.04,0.041,0.042,0.049,0.049,0.046,0.042,0.039,0.04,0.051,0.051,0.049,0.072,0.079,0.074
20,y3,0.201,0.04,0.044,0.042,0.053,0.051,0.051,0.044,0.041,0.042,0.053,0.055,0.053,0.075,0.079,0.075
21,.,0.059,0.073,0.068,0.069,0.052,0.051,0.054,0.069,0.067,0.061,0.049,0.054,0.052,0.069,0.072,0.082
21,A1_1,0.177,0.049,0.047,0.05,0.044,0.045,0.047,0.049,0.046,0.05,0.045,0.047,0.046,0.085,0.084,0.087
21,A1_2,0.229,0.04,0.042,0.042,0.042,0.043,0.044,0.043,0.039,0.044,0.042,0.044,0.043,0.088,0.086,0.088
21,A1_3,0.281,0.036,0.038,0.037,0.042,0.042,0.041,0.038,0.034,0.039,0.042,0.041,0.04,0.085,0.084,0.079
21,B1_1,0.554,0.02,0.021,0.02,0.024,0.024,0.024,0.021,0.02,0.023,0.026,0.024,0.024,0.062,0.059,0.054
21,B1_2,0.702,0.013,0.013,0.012,0.016,0.016,0.015,0.013,0.013,0.014,0.016,0.014,0.015,0.045,0.043,0.038
21,B1_3,0.739,0.012,0.011,0.011,0.014,0.014,0.013,0.012,0.011,0.013,0.014,0.012,0.013,0.04,0.038,0.034
21,A2_1,0.577,0.02,0.019,0.018,0.024,0.023,0.022,0.02,0.019,0.021,0.023,0.021,0.023,0.06,0.055,0.054
21,A2_2,0.589,0.019,0.019,0.017,0.022,0.023,0.021,0.019,0.018,0.019,0.023,0.02,0.021,0.06,0.055,0.054
21,A2_3,0.503,0.022,0.023,0.021,0.026,0.03,0.026,0.022,0.021,0.024,0.028,0.026,0.026,0.071,0.068,0.063
21,B2_1,0.63,0.017,0.017,0.016,0.019,0.021,0.019,0.018,0.017,0.019,0.02,0.018,0.019,0.053,0.049,0.047
21,B2_2,0.694,0.014,0.014,0.013,0.015,0.017,0.015,0.014,0.014,0.015,0.017,0.015,0.016,0.045,0.042,0.04
21,B2_3,0.71,0.013,0.013,0.012,0.015,0.015,0.015,0.013,0.013,0.014,0.015,0.013,0.015,0.043,0.041,0.037
21,y1,0.345,0.035,0.035,0.033,0.041,0.041,0.039,0.035,0.033,0.035,0.04,0.038,0.04,0.07,0.071,0.068
21,y2,0.224,0.041,0.042,0.042,0.05,0.05,0.048,0.043,0.039,0.041,0.053,0.053,0.05,0.071,0.079,0.074
21,y3,0.186,0.041,0.045,0.043,0.054,0.053,0.053,0.045,0.041,0.043,0.055,0.057,0.055,0.075,0.079,0.075
22,.,0.047,0.076,0.07,0.071,0.052,0.051,0.054,0.072,0.07,0.063,0.049,0.054,0.052,0.067,0.07,0.081
22,A1_1,0.169,0.05,0.048,0.05,0.044,0.045,0.047,0.05,0.047,0.051,0.045,0.047,0.046,0.087,0.085,0.088
22,A1_2,0.228,0.04,0.042,0.042,0.042,0.043,0.044,0.043,0.039,0.044,0.041,0.043,0.043,0.089,0.087,0.089
22,A1_3,0.287,0.035,0.037,0.036,0.041,0.042,0.041,0.037,0.034,0.038,0.041,0.041,0.04,0.086,0.085,0.08
22,B1_1,0.61,0.017,0.018,0.017,0.021,0.021,0.021,0.018,0.017,0.019,0.022,0.02,0.021,0.057,0.054,0.048
22,B1_2,0.761,0.01,0.01,0.009,0.013,0.012,0.012,0.01,0.01,0.011,0.013,0.011,0.012,0.038,0.036,0.031
22,B1_3,0.798,0.009,0.008,0.008,0.01,0.011,0.01,0.009,0.008,0.01,0.011,0.009,0.01,0.032,0.031,0.027
22,A2_1,0.623,0.017,0.016,0.016,0.021,0.02,0.02,0.017,0.017,0.018,0.021,0.019,0.02,0.055,0.05,0.049
22,A2_2,0.632,0.016,0.016,0.014,0.02,0.02,0.019,0.016,0.016,0.017,0.02,0.018,0.019,0.056,0.051,0.049
22,A2_3,0.535,0.02,0.021,0.019,0.025,0.028,0.024,0.02,0.019,0.022,0.026,0.024,0.024,0.068,0.065,0.06
22,B2_1,0.687,0.014,0.014,0.013,0.016,0.017,0.016,0.015,0.014,0.015,0.017,0.015,0.016,0.047,0.043,0.041
22,B2_2,0.755,0.011,0.011,0.01,0.012,0.013,0.012,0.011,0.011,0.012,0.013,0.011,0.012,0.038,0.035,0.033
22,B2_3,0.772,0.01,0.01,0.009,0.012,0.012,0.011,0.01,0.01,0.011,0.012,0.01,0.011,0.035,0.033,0.03
22,y1,0.357,0.034,0.034,0.032,0.041,0.041,0.039,0.034,0.033,0.034,0.039,0.037,0.04,0.069,0.071,0.066
22,y2,0.211,0.041,0.042,0.042,0.052,0.052,0.049,0.043,0.04,0.041,0.054,0.054,0.052,0.071,0.08,0.074
22,y3,0.169,0.042,0.046,0.043,0.057,0.055,0.055,0.045,0.042,0.043,0.057,0.059,0.057,0.075,0.079,0.075
23,.,0.037,0.079,0.073,0.074,0.052,0.051,0.054,0.074,0.072,0.065,0.048,0.054,0.052,0.066,0.069,0.079
23,A1_1,0.16,0.05,0.048,0.051,0.044,0.046,0.048,0.05,0.047,0.051,0.045,0.047,0.046,0.089,0.087,0.09
23,A1_2,0.227,0.039,0.041,0.041,0.042,0.043,0.044,0.043,0.038,0.043,0.041,0.043,0.042,0.092,0.089,0.091
23,A1_3,0.293,0.034,0.036,0.035,0.041,0.041,0.04,0.036,0.032,0.037,0.041,0.04,0.039,0.088,0.086,0.081
23,B1_1,0.666,0.014,0.015,0.014,0.017,0.018,0.018,0.015,0.014,0.016,0.019,0.017,0.018,0.051,0.048,0.043
23,B1_2,0.814,0.007,0.007,0.007,0.01,0.009,0.009,0.007,0.007,0.008,0.01,0.009,0.009,0.031,0.029,0.025
23,B1_3,0.848,0.006,0.006,0.006,0.008,0.008,0.007,0.006,0.006,0.007,0.008,0.007,0.007,0.025,0.024,0.021
23,A2_1,0.668,0.015,0.014,0.013,0.018,0.018,0.017,0.015,0.014,0.016,0.018,0.016,0.018,0.05,0.045,0.044
23,A2_2,0.672,0.014,0.014,0.013,0.017,0.018,0.017,0.014,0.013,0.015,0.018,0.016,0.017,0.051,0.047,0.045
23,A2_3,0.565,0.018,0.019,0.017,0.023,0.026,0.022,0.018,0.017,0.02,0.025,0.022,0.023,0.065,0.062,0.058
23,B2_1,0.742,0.011,0.011,0.011,0.013,0.014,0.013,0.012,0.011,0.012,0.014,0.012,0.013,0.04,0.037,0.035
23,B2_2,0.809,0.008,0.008,0.008,0.009,0.01,0.009,0.008,0.008,0.009,0.01,0.009,0.009,0.031,0.028,0.026
23,B2_3,0.827,0.007,0.007,0.007,0.009,0.009,0.009,0.007,0.007,0.008,0.009,0.008,0.009,0.028,0.026,0.024
23,y1,0.366,0.033,0.033,0.032,0.041,0.04,0.039,0.033,0.032,0.033,0.039,0.037,0.039,0.068,0.07,0.065
23,y2,0.197,0.041,0.043,0.043,0.054,0.053,0.051,0.044,0.04,0.042,0.056,0.057,0.054,0.071,0.08,0.074
23,y3,0.152,0.042,0.047,0.044,0.059,0.057,0.057,0.046,0.042,0.044,0.059,0.062,0.059,0.075,0.08,0.075
24,.,0.029,0.083,0.076,0.077,0.052,0.051,0.054,0.078,0.074,0.067,0.047,0.053,0.051,0.064,0.067,0.077
24,A1_1,0.15,0.051,0.049,0.051,0.044,0.046,0.048,0.051,0.047,0.052,0.045,0.047,0.046,0.091,0.089,0.092
24,A1_2,0.225,0.039,0.041,0.041,0.041,0.043,0.044,0.042,0.037,0.043,0.041,0.043,0.042,0.094,0.091,0.093
24,A1_3,0.297,0.033,0.035,0.034,0.04,0.041,0.04,0.035,0.031,0.036,0.04,0.04,0.039,0.089,0.087,0.082
24,B1_1,0.719,0.011,0.012,0.011,0.014,0.015,0.015,0.012,0.011,0.013,0.016,0.014,0.015,0.045,0.042,0.037
24,B1_2,0.858,0.005,0.005,0.005,0.007,0.007,0.007,0.005,0.005,0.006,0.008,0.006,0.007,0.025,0.023,0.02
24,B1_3,0.888,0.004,0.004,0.004,0.005,0.006,0.005,0.004,0.004,0.005,0.006,0.005,0.005,0.02,0.018,0.016
24,A2_1,0.709,0.013,0.012,0.011,0.016,0.016,0.015,0.013,0.012,0.013,0.016,0.014,0.015,0.046,0.041,0.04
24,A2_2,0.706,0.012,0.012,0.011,0.015,0.016,0.015,0.012,0.012,0.013,0.016,0.014,0.015,0.047,0.043,0.042
24,A2_3,0.591,0.016,0.017,0.016,0.021,0.024,0.021,0.017,0.015,0.018,0.023,0.021,0.021,0.063,0.06,0.055
24,B2_1,0.79,0.009,0.009,0.008,0.01,0.011,0.01,0.009,0.009,0.01,0.011,0.01,0.01,0.034,0.031,0.029
24,B2_2,0.855,0.006,0.006,0.006,0.007,0.008,0.007,0.006,0.006,0.006,0.008,0.006,0.007,0.024,0.022,0.021
24,B2_3,0.871,0.005,0.005,0.005,0.006,0.006,0.006,0.005,0.005,0.006,0.007,0.005,0.006,0.022,0.021,0.018
24,y1,0.373,0.032,0.032,0.031,0.04,0.04,0.038,0.032,0.031,0.033,0.039,0.037,0.039,0.067,0.069,0.065
24,y2,0.18,0.042,0.044,0.044,0.056,0.056,0.053,0.045,0.041,0.042,0.058,0.059,0.056,0.071,0.08,0.074
24,y3,0.133,0.043,0.048,0.045,0.062,0.059,0.06,0.047,0.043,0.044,0.061,0.065,0.062,0.074,0.08,0.075
25,.,0.022,0.086,0.078,0.081,0.052,0.05,0.053,0.081,0.078,0.07,0.046,0.052,0.05,0.062,0.065,0.075
25,A1_1,0.139,0.051,0.049,0.052,0.044,0.046,0.048,0.051,0.048,0.053,0.045,0.047,0.046,0.094,0.091,0.094
25,A1_2,0.222,0.038,0.04,0.04,0.041,0.043,0.043,0.041,0.037,0.043,0.04,0.042,0.042,0.098,0.094,0.095
25,A1_3,0.301,0.032,0.033,0.033,0.04,0.041,0.04,0.034,0.03,0.035,0.04,0.039,0.038,0.092,0.089,0.083
25,B1_1,0.767,0.009,0.009,0.009,0.012,0.012,0.012,0.009,0.009,0.01,0.013,0.011,0.012,0.039,0.036,0.032
25,B1_2,0.892,0.004,0.004,0.003,0.005,0.005,0.005,0.004,0.004,0.004,0.006,0.005,0.005,0.02,0.018,0.016
25,B1_3,0.918,0.003,0.003,0.003,0.004,0.004,0.004,0.003,0.003,0.003,0.004,0.003,0.004,0.015,0.014,0.012
25,A2_1,0.746,0.011,0.01,0.01,0.013,0.013,0.013,0.011,0.01,0.011,0.014,0.012,0.013,0.041,0.037,0.035
25,A2_2,0.735,0.01,0.011,0.009,0.014,0.014,0.013,0.01,0.01,0.011,0.014,0.012,0.013,0.044,0.04,0.038
