,,.,A1_1,A1_2,A1_3,B1_1,B1_2,B1_3,A2_1,A2_2,A2_3,B2_1,B2_2,B2_3,y1,y2,y3
0,.,1.0,-0.532,-0.183,-0.499,0.185,-0.035,-0.008,-0.015,0.131,0.01,0.171,-0.272,0.058,0.346,-0.107,0.433
0,A1_1,-0.532,1.0,0.384,-0.035,-0.184,0.331,-0.272,0.014,-0.073,0.101,-0.422,-0.175,0.128,-0.117,-0.079,-0.346
0,A1_2,-0.183,0.384,1.0,-0.013,0.32,0.083,-0.243,0.221,0.158,0.356,0.199,0.034,-0.127,0.324,-0.102,-0.414
0,A1_3,-0.499,-0.035,-0.013,1.0,-0.148,-0.274,0.346,-0.176,-0.104,-0.162,0.032,0.275,-0.356,0.051,-0.046,-0.044
0,B1_1,0.185,-0.184,0.32,-0.148,1.0,-0.065,0.022,0.628,0.282,0.036,-0.115,-0.248,-0.611,0.401,0.402,-0.077
0,B1_2,-0.035,0.331,0.083,-0.274,-0.065,1.0,0.489,0.167,0.296,-0.62,-0.523,-0.14,0.385,-0.077,0.148,0.231
0,B1_3,-0.008,-0.272,-0.243,0.346,0.022,0.489,1.0,0.181,0.294,-0.597,-0.29,0.266,0.191,0.162,0.074,0.621
0,A2_1,-0.015,0.014,0.221,-0.176,0.628,0.167,0.181,1.0,-0.018,0.082,-0.475,-0.264,-0.357,-0.135,0.126,0.315
0,A2_2,0.131,-0.073,0.158,-0.104,0.282,0.296,0.294,-0.018,1.0,-0.205,-0.17,-0.362,0.145,0.373,0.191,0.206
0,A2_3,0.01,0.101,0.356,-0.162,0.036,-0.62,-0.597,0.082,-0.205,1.0,0.452,0.148,-0.185,0.094,-0.133,-0.259
0,B2_1,0.171,-0.422,0.199,0.032,-0.115,-0.523,-0.29,-0.475,-0.17,0.452,1.0,0.519,0.066,0.422,-0.268,-0.295
0,B2_2,-0.272,-0.175,0.034,0.275,-0.248,-0.14,0.266,-0.264,-0.362,0.148,0.519,1.0,0.193,0.047,0.091,-0.239
0,B2_3,0.058,0.128,-0.127,-0.356,-0.611,0.385,0.191,-0.357,0.145,-0.185,0.066,0.193,1.0,-0.071,-0.474,0.294
0,y1,0.346,-0.117,0.324,0.051,0.401,-0.077,0.162,-0.135,0.373,0.094,0.422,0.047,-0.071,1.0,-0.209,0.097
0,y2,-0.107,-0.079,-0.102,-0.046,0.402,0.148,0.074,0.126,0.191,-0.133,-0.268,0.091,-0.474,-0.209,1.0,-0.395
0,y3,0.433,-0.346,-0.414,-0.044,-0.077,0.231,0.621,0.315,0.206,-0.259,-0.295,-0.239,0.294,0.097,-0.395,1.0
500,.,1.0,-0.259,0.005,-0.53,-0.168,0.162,-0.381,-0.348,-0.09,-0.031,0.298,-0.004,0.149,-0.551,-0.158,-0.462
500,A1_1,-0.259,1.0,0.535,0.246,-0.242,0.106,-0.425,0.329,0.386,0.328,-0.519,-0.326,-0.161,-0.21,-0.31,-0.318
500,A1_2,0.005,0.535,1.0,0.235,0.21,-0.095,-0.404,0.537,0.49,0.501,-0.085,-0.14,-0.374,0.036,-0.299,-0.383
500,A1_3,-0.53,0.246,0.235,1.0,-0.225,-0.407,0.031,0.167,0.323,0.091,-0.203,0.018,-0.51,0.127,0.173,-0.037
500,B1_1,-0.168,-0.242,0.21,-0.225,1.0,0.002,0.117,0.34,-0.044,-0.074,0.117,-0.052,-0.297,0.427,0.283,0.071
500,B1_2,0.162,0.106,-0.095,-0.407,0.002,1.0,0.531,-0.146,-0.186,-0.698,-0.167,0.043,0.554,-0.008,-0.138,0.078
500,B1_3,-0.381,-0.425,-0.404,0.031,0.117,0.531,1.0,-0.169,-0.313,-0.7,0.085,0.421,0.449,0.527,0.194,0.539
500,A2_1,-0.348,0.329,0.537,0.167,0.34,-0.146,-0.169,1.0,0.394,0.405,-0.572,-0.364,-0.547,0.231,0.155,0.228
500,A2_2,-0.09,0.386,0.49,0.323,-0.044,-0.186,-0.313,0.394,1.0,0.187,-0.523,-0.572,-0.374,0.357,0.35,0.021
500,A2_3,-0.031,0.328,0.501,0.091,-0.074,-0.698,-0.7,0.405,0.187,1.0,0.094,-0.044,-0.404,-0.115,-0.272,-0.193
500,B2_1,0.298,-0.519,-0.085,-0.203,0.117,-0.167,0.085,-0.572,-0.523,0.094,1.0,0.675,0.313,-0.074,-0.4,-0.307
500,B2_2,-0.004,-0.326,-0.14,0.018,-0.052,0.043,0.421,-0.364,-0.572,-0.044,0.675,1.0,0.361,0.003,-0.307,-0.263
500,B2_3,0.149,-0.161,-0.374,-0.51,-0.297,0.554,0.449,-0.547,-0.374,-0.404,0.313,0.361,1.0,-0.086,-0.504,0.055
500,y1,-0.551,-0.21,0.036,0.127,0.427,-0.008,0.527,0.231,0.357,-0.115,-0.074,0.003,-0.086,1.0,0.548,0.634
500,y2,-0.158,-0.31,-0.299,0.173,0.283,-0.138,0.194,0.155,0.35,-0.272,-0.4,-0.307,-0.504,0.548,1.0,0.468
500,y3,-0.462,-0.318,-0.383,-0.037,0.071,0.078,0.539,0.228,0.021,-0.193,-0.307,-0.263,0.055,0.634,0.468,1.0
1000,.,1.0,-0.252,0.016,-0.471,-0.219,0.139,-0.371,-0.324,-0.112,-0.029,0.308,0.044,0.142,-0.584,-0.278,-0.494
1000,A1_1,-0.252,1.0,0.551,0.297,-0.264,0.077,-0.432,0.36,0.46,0.364,-0.517,-0.338,-0.175,-0.197,-0.319,-0.297
1000,A1_2,0.016,0.551,1.0,0.296,0.181,-0.118,-0.423,0.588,0.557,0.523,-0.129,-0.163,-0.401,-0.031,-0.309,-0.342
1000,A1_3,-0.471,0.297,0.296,1.0,-0.237,-0.432,-0.041,0.223,0.377,0.155,-0.239,-0.034,-0.534,0.068,-0.014,-0.028
1000,B1_1,-0.219,-0.264,0.181,-0.237,1.0,0.036,0.159,0.303,-0.055,-0.085,0.156,-0.005,-0.239,0.424,0.438,0.108
1000,B1_2,0.139,0.077,-0.118,-0.432,0.036,1.0,0.561,-0.192,-0.24,-0.706,-0.104,0.095,0.57,0.003,-0.048,-0.034
1000,B1_3,-0.371,-0.432,-0.423,-0.041,0.159,0.561,1.0,-0.233,-0.388,-0.723,0.137,0.443,0.485,0.473,0.215,0.416
1000,A2_1,-0.324,0.36,0.588,0.223,0.303,-0.192,-0.233,1.0,0.478,0.447,-0.583,-0.4,-0.585,0.311,0.189,0.241
1000,A2_2,-0.112,0.46,0.557,0.377,-0.055,-0.24,-0.388,0.478,1.0,0.266,-0.558,-0.609,-0.425,0.301,0.184,0.069
1000,A2_3,-0.029,0.364,0.523,0.155,-0.085,-0.706,-0.723,0.447,0.266,1.0,0.033,-0.081,-0.444,-0.091,-0.26,-0.104
1000,B2_1,0.308,-0.517,-0.129,-0.239,0.156,-0.104,0.137,-0.583,-0.558,0.033,1.0,0.701,0.354,-0.165,-0.374,-0.306
1000,B2_2,0.044,-0.338,-0.163,-0.034,-0.005,0.095,0.443,-0.4,-0.609,-0.081,0.701,1.0,0.4,-0.119,-0.371,-0.313
1000,B2_3,0.142,-0.175,-0.401,-0.534,-0.239,0.57,0.485,-0.585,-0.425,-0.444,0.354,0.4,1.0,-0.151,-0.444,-0.085
1000,y1,-0.584,-0.197,-0.031,0.068,0.424,0.003,0.473,0.311,0.301,-0.091,-0.165,-0.119,-0.151,1.0,0.676,0.792
1000,y2,-0.278,-0.319,-0.309,-0.014,0.438,-0.048,0.215,0.189,0.184,-0.26,-0.374,-0.371,-0.444,0.676,1.0,0.66
1000,y3,-0.494,-0.297,-0.342,-0.028,0.108,-0.034,0.416,0.241,0.069,-0.104,-0.306,-0.313,-0.085,0.792,0.66,1.0
1500,.,1.0,-0.272,-0.04,-0.479,-0.234,0.182,-0.316,-0.33,-0.185,-0.112,0.301,0.047,0.173,-0.567,-0.401,-0.486
1500,A1_1,-0.272,1.0,0.566,0.337,-0.273,0.023,-0.451,0.392,0.516,0.409,-0.515,-0.341,-0.198,-0.166,-0.214,-0.308
1500,A1_2,-0.04,0.566,1.0,0.348,0.172,-0.161,-0.438,0.634,0.596,0.556,-0.149,-0.168,-0.434,-0.084,-0.217,-0.319
1500,A1_3,-0.479,0.337,0.348,1.0,-0.239,-0.458,-0.091,0.273,0.42,0.231,-0.253,-0.066,-0.551,0.005,0.082,0.023
1500,B1_1,-0.234,-0.273,0.172,-0.239,1.0,0.065,0.179,0.268,-0.072,-0.093,0.186,0.029,-0.205,0.297,0.383,0.085
1500,B1_2,0.182,0.023,-0.161,-0.458,0.065,1.0,0.588,-0.233,-0.298,-0.724,-0.059,0.131,0.592,0.002,-0.071,-0.073
1500,B1_3,-0.316,-0.451,-0.438,-0.091,0.179,0.588,1.0,-0.281,-0.422,-0.724,0.163,0.45,0.513,0.437,0.205,0.411
1500,A2_1,-0.33,0.392,0.634,0.273,0.268,-0.233,-0.281,1.0,0.522,0.498,-0.597,-0.418,-0.614,0.317,0.266,0.203
1500,A2_2,-0.185,0.516,0.596,0.42,-0.072,-0.298,-0.422,0.522,1.0,0.34,-0.55,-0.6,-0.445,0.325,0.28,0.106
1500,A2_3,-0.112,0.409,0.556,0.231,-0.093,-0.724,-0.724,0.498,0.34,1.0,-0.012,-0.095,-0.482,-0.06,-0.23,-0.107
1500,B2_1,0.301,-0.515,-0.149,-0.253,0.186,-0.059,0.163,-0.597,-0.55,-0.012,1.0,0.714,0.371,-0.264,-0.486,-0.301
1500,B2_2,0.047,-0.341,-0.168,-0.066,0.029,0.131,0.45,-0.418,-0.6,-0.095,0.714,1.0,0.421,-0.165,-0.468,-0.302
1500,B2_3,0.173,-0.198,-0.434,-0.551,-0.205,0.592,0.513,-0.614,-0.445,-0.482,0.371,0.421,1.0,-0.086,-0.452,-0.115
1500,y1,-0.567,-0.166,-0.084,0.005,0.297,0.002,0.437,0.317,0.325,-0.06,-0.264,-0.165,-0.086,1.0,0.714,0.86
1500,y2,-0.401,-0.214,-0.217,0.082,0.383,-0.071,0.205,0.266,0.28,-0.23,-0.486,-0.468,-0.452,0.714,1.0,0.731
1500,y3,-0.486,-0.308,-0.319,0.023,0.085,-0.073,0.411,0.203,0.106,-0.107,-0.301,-0.302,-0.115,0.86,0.731,1.0
2000,.,1.0,-0.262,-0.031,-0.455,-0.232,0.157,-0.314,-0.31,-0.163,-0.094,0.303,0.05,0.151,-0.579,-0.409,-0.481
2000,A1_1,-0.262,1.0,0.575,0.371,-0.311,-0.022,-0.482,0.407,0.543,0.422,-0.518,-0.356,-0.222,-0.188,-0.231,-0.295
2000,A1_2,-0.031,0.575,1.0,0.359,0.141,-0.196,-0.466,0.656,0.614,0.574,-0.15,-0.177,-0.449,-0.177,-0.238,-0.262
2000,A1_3,-0.455,0.371,0.359,1.0,-0.275,-0.482,-0.137,0.284,0.426,0.255,-0.263,-0.083,-0.554,-0.118,-0.003,0.009
2000,B1_1,-0.232,-0.311,0.141,-0.275,1.0,0.105,0.218,0.23,-0.103,-0.121,0.215,0.056,-0.15,0.302,0.374,0.1
2000,B1_2,0.157,-0.022,-0.196,-0.482,0.105,1.0,0.608,-0.272,-0.336,-0.74,-0.024,0.154,0.615,0.024,-0.043,-0.144
2000,B1_3,-0.314,-0.482,-0.466,-0.137,0.218,0.608,1.0,-0.328,-0.461,-0.74,0.189,0.458,0.542,0.434,0.226,0.336
2000,A2_1,-0.31,0.407,0.656,0.284,0.23,-0.272,-0.328,1.0,0.545,0.519,-0.593,-0.431,-0.626,0.274,0.229,0.223
2000,A2_2,-0.163,0.543,0.614,0.426,-0.103,-0.336,-0.461,0.545,1.0,0.372,-0.544,-0.603,-0.457,0.165,0.236,0.126
2000,A2_3,-0.094,0.422,0.574,0.255,-0.121,-0.74,-0.74,0.519,0.372,1.0,-0.023,-0.106,-0.497,-0.043,-0.23,-0.015
2000,B2_1,0.303,-0.518,-0.15,-0.263,0.215,-0.024,0.189,-0.593,-0.544,-0.023,1.0,0.719,0.385,-0.261,-0.465,-0.292
2000,B2_2,0.05,-0.356,-0.177,-0.083,0.056,0.154,0.458,-0.431,-0.603,-0.106,0.719,1.0,0.433,-0.092,-0.448,-0.265
2000,B2_3,0.151,-0.222,-0.449,-0.554,-0.15,0.615,0.542,-0.626,-0.457,-0.497,0.385,0.433,1.0,-0.036,-0.38,-0.173
2000,y1,-0.579,-0.188,-0.177,-0.118,0.302,0.024,0.434,0.274,0.165,-0.043,-0.261,-0.092,-0.036,1.0,0.757,0.889
2000,y2,-0.409,-0.231,-0.238,-0.003,0.374,-0.043,0.226,0.229,0.236,-0.23,-0.465,-0.448,-0.38,0.757,1.0,0.785
2000,y3,-0.481,-0.295,-0.262,0.009,0.1,-0.144,0.336,0.223,0.126,-0.015,-0.292,-0.265,-0.173,0.889,0.785,1.0
2500,.,1.0,-0.273,-0.067,-0.448,-0.243,0.179,-0.306,-0.318,-0.209,-0.118,0.295,0.047,0.154,-0.634,-0.451,-0.525
2500,A1_1,-0.273,1.0,0.586,0.437,-0.324,-0.064,-0.487,0.45,0.587,0.45,-0.532,-0.371,-0.274,-0.092,-0.192,-0.284
2500,A1_2,-0.067,0.586,1.0,0.394,0.127,-0.224,-0.469,0.683,0.643,0.603,-0.172,-0.2,-0.484,-0.065,-0.238,-0.247
2500,A1_3,-0.448,0.437,0.394,1.0,-0.298,-0.481,-0.145,0.307,0.463,0.302,-0.275,-0.096,-0.557,-0.149,-0.081,-0.116
2500,B1_1,-0.243,-0.324,0.127,-0.298,1.0,0.114,0.236,0.205,-0.113,-0.132,0.224,0.067,-0.131,0.373,0.342,0.212
2500,B1_2,0.179,-0.064,-0.224,-0.481,0.114,1.0,0.608,-0.288,-0.356,-0.753,-0.017,0.162,0.62,0.003,-0.048,-0.137
2500,B1_3,-0.306,-0.487,-0.469,-0.145,0.236,0.608,1.0,-0.346,-0.469,-0.743,0.202,0.472,0.547,0.348,0.215,0.307
2500,A2_1,-0.318,0.45,0.683,0.307,0.205,-0.288,-0.346,1.0,0.568,0.554,-0.595,-0.441,-0.635,0.32,0.233,0.178
2500,A2_2,-0.209,0.587,0.643,0.463,-0.113,-0.356,-0.469,0.568,1.0,0.426,-0.537,-0.604,-0.484,0.175,0.18,0.019
2500,A2_3,-0.118,0.45,0.603,0.302,-0.132,-0.753,-0.743,0.554,0.426,1.0,-0.052,-0.129,-0.541,0.055,-0.151,0.038
2500,B2_1,0.295,-0.532,-0.172,-0.275,0.224,-0.017,0.202,-0.595,-0.537,-0.052,1.0,0.722,0.391,-0.273,-0.494,-0.233
2500,B2_2,0.047,-0.371,-0.2,-0.096,0.067,0.162,0.472,-0.441,-0.604,-0.129,0.722,1.0,0.442,-0.1,-0.358,-0.176
2500,B2_3,0.154,-0.274,-0.484,-0.557,-0.131,0.62,0.547,-0.635,-0.484,-0.541,0.391,0.442,1.0,-0.058,-0.298,-0.122
2500,y1,-0.634,-0.092,-0.065,-0.149,0.373,0.003,0.348,0.32,0.175,0.055,-0.273,-0.1,-0.058,1.0,0.801,0.895
2500,y2,-0.451,-0.192,-0.238,-0.081,0.342,-0.048,0.215,0.233,0.18,-0.151,-0.494,-0.358,-0.298,0.801,1.0,0.818
2500,y3,-0.525,-0.284,-0.247,-0.116,0.212,-0.137,0.307,0.178,0.019,0.038,-0.233,-0.176,-0.122,0.895,0.818,1.0
3000,.,1.0,-0.267,-0.082,-0.459,-0.182,0.194,-0.288,-0.317,-0.23,-0.154,0.313,0.051,0.161,-0.553,-0.437,-0.493
3000,A1_1,-0.267,1.0,0.638,0.524,-0.402,-0.154,-0.546,0.518,0.661,0.512,-0.607,-0.438,-0.371,-0.306,-0.302,-0.318
3000,A1_2,-0.082,0.638,1.0,0.489,-0.011,-0.311,-0.523,0.757,0.715,0.659,-0.302,-0.302,-0.57,-0.301,-0.346,-0.257
3000,A1_3,-0.459,0.524,0.489,1.0,-0.372,-0.515,-0.231,0.393,0.546,0.388,-0.356,-0.164,-0.594,-0.306,-0.173,-0.112
3000,B1_1,-0.182,-0.402,-0.011,-0.372,1.0,0.195,0.341,0.085,-0.215,-0.217,0.298,0.138,-0.006,0.35,0.33,0.13
3000,B1_2,0.194,-0.154,-0.311,-0.515,0.195,1.0,0.634,-0.343,-0.409,-0.779,0.059,0.208,0.649,0.199,0.137,-0.078
3000,B1_3,-0.288,-0.546,-0.523,-0.231,0.341,0.634,1.0,-0.404,-0.511,-0.759,0.292,0.517,0.597,0.548,0.404,0.356
3000,A2_1,-0.317,0.518,0.757,0.393,0.085,-0.343,-0.404,1.0,0.644,0.616,-0.628,-0.476,-0.67,0.019,-0.039,0.06
3000,A2_2,-0.23,0.661,0.715,0.546,-0.215,-0.409,-0.511,0.644,1.0,0.508,-0.611,-0.646,-0.551,-0.121,-0.101,-0.058
3000,A2_3,-0.154,0.512,0.659,0.388,-0.217,-0.779,-0.759,0.616,0.508,1.0,-0.163,-0.206,-0.596,-0.185,-0.296,-0.015
3000,B2_1,0.313,-0.607,-0.302,-0.356,0.298,0.059,0.292,-0.628,-0.611,-0.163,1.0,0.736,0.448,-0.085,-0.248,-0.138
3000,B2_2,0.051,-0.438,-0.302,-0.164,0.138,0.208,0.517,-0.476,-0.646,-0.206,0.736,1.0,0.482,0.048,-0.128,-0.052
3000,B2_3,0.161,-0.371,-0.57,-0.594,-0.006,0.649,0.597,-0.67,-0.551,-0.596,0.448,0.482,1.0,0.19,-0.096,-0.057
3000,y1,-0.553,-0.306,-0.301,-0.306,0.35,0.199,0.548,0.019,-0.121,-0.185,-0.085,0.048,0.19,1.0,0.835,0.91
3000,y2,-0.437,-0.302,-0.346,-0.173,0.33,0.137,0.404,-0.039,-0.101,-0.296,-0.248,-0.128,-0.096,0.835,1.0,0.852
3000,y3,-0.493,-0.318,-0.257,-0.112,0.13,-0.078,0.356,0.06,-0.058,-0.015,-0.138,-0.052,-0.057,0.91,0.852,1.0
3500,.,1.0,-0.285,-0.115,-0.467,-0.16,0.215,-0.258,-0.332,-0.268,-0.188,0.311,0.055,0.167,-0.535,-0.391,-0.469
3500,A1_1,-0.285,1.0,0.672,0.584,-0.41,-0.231,-0.575,0.59,0.718,0.567,-0.638,-0.467,-0.421,-0.366,-0.396,-0.407
3500,A1_2,-0.115,0.672,1.0,0.549,-0.039,-0.361,-0.549,0.794,0.743,0.696,-0.34,-0.331,-0.607,-0.352,-0.409,-0.353
3500,A1_3,-0.467,0.584,0.549,1.0,-0.388,-0.551,-0.295,0.483,0.615,0.466,-0.407,-0.218,-0.625,-0.289,-0.258,-0.249
3500,B1_1,-0.16,-0.41,-0.039,-0.388,1.0,0.248,0.372,0.037,-0.247,-0.254,0.315,0.16,0.034,0.317,0.349,0.233
3500,B1_2,0.215,-0.231,-0.361,-0.551,0.248,1.0,0.664,-0.403,-0.468,-0.803,0.116,0.252,0.679,0.14,0.098,0.016
3500,B1_3,-0.258,-0.575,-0.549,-0.295,0.372,0.664,1.0,-0.448,-0.552,-0.776,0.321,0.532,0.627,0.528,0.389,0.415
3500,A2_1,-0.332,0.59,0.794,0.483,0.037,-0.403,-0.448,1.0,0.707,0.661,-0.648,-0.497,-0.699,-0.096,-0.135,-0.098
3500,A2_2,-0.268,0.718,0.743,0.615,-0.247,-0.468,-0.552,0.707,1.0,0.583,-0.643,-0.666,-0.605,-0.104,-0.128,-0.182
3500,A2_3,-0.188,0.567,0.696,0.466,-0.254,-0.803,-0.776,0.661,0.583,1.0,-0.216,-0.247,-0.641,-0.231,-0.312,-0.139
3500,B2_1,0.311,-0.638,-0.34,-0.407,0.315,0.116,0.321,-0.648,-0.643,-0.216,1.0,0.741,0.464,-0.044,-0.148,-0.008
3500,B2_2,0.055,-0.467,-0.331,-0.218,0.16,0.252,0.532,-0.497,-0.666,-0.247,0.741,1.0,0.494,0.039,-0.118,0.009
3500,B2_3,0.167,-0.421,-0.607,-0.625,0.034,0.679,0.627,-0.699,-0.605,-0.641,0.464,0.494,1.0,0.21,-0.02,0.072
3500,y1,-0.535,-0.366,-0.352,-0.289,0.317,0.14,0.528,-0.096,-0.104,-0.231,-0.044,0.039,0.21,1.0,0.886,0.944
3500,y2,-0.391,-0.396,-0.409,-0.258,0.349,0.098,0.389,-0.135,-0.128,-0.312,-0.148,-0.118,-0.02,0.886,1.0,0.895
3500,y3,-0.469,-0.407,-0.353,-0.249,0.233,0.016,0.415,-0.098,-0.182,-0.139,-0.008,0.009,0.072,0.944,0.895,1.0
4000,.,1.0,-0.265,-0.117,-0.462,-0.159,0.2,-0.283,-0.315,-0.271,-0.184,0.29,0.032,0.144,-0.45,-0.376,-0.437
4000,A1_1,-0.265,1.0,0.694,0.621,-0.43,-0.273,-0.588,0.634,0.75,0.609,-0.652,-0.483,-0.45,-0.45,-0.473,-0.494
4000,A1_2,-0.117,0.694,1.0,0.593,-0.069,-0.389,-0.548,0.819,0.77,0.724,-0.364,-0.346,-0.627,-0.427,-0.472,-0.45
4000,A1_3,-0.462,0.621,0.593,1.0,-0.396,-0.564,-0.318,0.536,0.656,0.507,-0.435,-0.242,-0.644,-0.374,-0.327,-0.332
4000,B1_1,-0.159,-0.43,-0.069,-0.396,1.0,0.28,0.41,-0.004,-0.262,-0.271,0.332,0.184,0.065,0.322,0.351,0.279
4000,B1_2,0.2,-0.273,-0.389,-0.564,0.28,1.0,0.676,-0.438,-0.499,-0.805,0.144,0.274,0.691,0.179,0.153,0.117
4000,B1_3,-0.283,-0.588,-0.548,-0.318,0.41,0.676,1.0,-0.475,-0.562,-0.775,0.342,0.548,0.635,0.529,0.446,0.498
4000,A2_1,-0.315,0.634,0.819,0.536,-0.004,-0.438,-0.475,1.0,0.747,0.705,-0.66,-0.511,-0.722,-0.252,-0.253,-0.189
4000,A2_2,-0.271,0.75,0.77,0.656,-0.262,-0.499,-0.562,0.747,1.0,0.633,-0.653,-0.664,-0.628,-0.238,-0.224,-0.277
4000,A2_3,-0.184,0.609,0.724,0.507,-0.271,-0.805,-0.775,0.705,0.633,1.0,-0.256,-0.277,-0.665,-0.277,-0.377,-0.273
4000,B2_1,0.29,-0.652,-0.364,-0.435,0.332,0.144,0.342,-0.66,-0.653,-0.256,1.0,0.743,0.474,0.111,-0.032,0.027
4000,B2_2,0.032,-0.483,-0.346,-0.242,0.184,0.274,0.548,-0.511,-0.664,-0.277,0.743,1.0,0.502,0.129,-0.071,0.052
4000,B2_3,0.144,-0.45,-0.627,-0.644,0.065,0.691,0.635,-0.722,-0.628,-0.665,0.474,0.502,1.0,0.269,0.114,0.175
4000,y1,-0.45,-0.45,-0.427,-0.374,0.322,0.179,0.529,-0.252,-0.238,-0.277,0.111,0.129,0.269,1.0,0.922,0.965
4000,y2,-0.376,-0.473,-0.472,-0.327,0.351,0.153,0.446,-0.253,-0.224,-0.377,-0.032,-0.071,0.114,0.922,1.0,0.941
4000,y3,-0.437,-0.494,-0.45,-0.332,0.279,0.117,0.498,-0.189,-0.277,-0.273,0.027,0.052,0.175,0.965,0.941,1.0
4500,.,1.0,-0.285,-0.167,-0.486,-0.108,0.247,-0.241,-0.338,-0.319,-0.239,0.292,0.039,0.188,-0.455,-0.383,-0.442
4500,A1_1,-0.285,1.0,0.742,0.679,-0.452,-0.331,-0.619,0.703,0.798,0.667,-0.674,-0.518,-0.51,-0.505,-0.517,-0.524
4500,A1_2,-0.167,0.742,1.0,0.654,-0.128,-0.435,-0.58,0.849,0.813,0.769,-0.406,-0.392,-0.663,-0.518,-0.546,-0.494
4500,A1_3,-0.486,0.679,0.654,1.0,-0.433,-0.59,-0.383,0.614,0.715,0.579,-0.476,-0.297,-0.678,-0.389,-0.334,-0.324
4500,B1_1,-0.108,-0.452,-0.128,-0.433,1.0,0.325,0.469,-0.078,-0.312,-0.305,0.364,0.233,0.133,0.333,0.302,0.257
4500,B1_2,0.247,-0.331,-0.435,-0.59,0.325,1.0,0.693,-0.492,-0.543,-0.811,0.188,0.315,0.706,0.176,0.138,0.126
4500,B1_3,-0.241,-0.619,-0.58,-0.383,0.469,0.693,1.0,-0.531,-0.606,-0.783,0.392,0.587,0.658,0.547,0.482,0.531
4500,A2_1,-0.338,0.703,0.849,0.614,-0.078,-0.492,-0.531,1.0,0.805,0.76,-0.681,-0.545,-0.756,-0.343,-0.353,-0.306
4500,A2_2,-0.319,0.798,0.813,0.715,-0.312,-0.543,-0.606,0.805,1.0,0.706,-0.67,-0.673,-0.676,-0.308,-0.297,-0.299
4500,A2_3,-0.239,0.667,0.769,0.579,-0.305,-0.811,-0.783,0.76,0.706,1.0,-0.315,-0.334,-0.701,-0.363,-0.412,-0.342
4500,B2_1,0.292,-0.674,-0.406,-0.476,0.364,0.188,0.392,-0.681,-0.67,-0.315,1.0,0.757,0.508,0.128,0.045,0.1
4500,B2_2,0.039,-0.518,-0.392,-0.297,0.233,0.315,0.587,-0.545,-0.673,-0.334,0.757,1.0,0.534,0.149,0.053,0.133
4500,B2_3,0.188,-0.51,-0.663,-0.678,0.133,0.706,0.658,-0.756,-0.676,-0.701,0.508,0.534,1.0,0.295,0.171,0.222
4500,y1,-0.455,-0.505,-0.518,-0.389,0.333,0.176,0.547,-0.343,-0.308,-0.363,0.128,0.149,0.295,1.0,0.964,0.983
4500,y2,-0.383,-0.517,-0.546,-0.334,0.302,0.138,0.482,-0.353,-0.297,-0.412,0.045,0.053,0.171,0.964,1.0,0.963
4500,y3,-0.442,-0.524,-0.494,-0.324,0.257,0.126,0.531,-0.306,-0.299,-0.342,0.1,0.133,0.222,0.983,0.963,1.0
5000,.,1.0,-0.326,-0.24,-0.535,-0.068,0.288,-0.197,-0.384,-0.405,-0.316,0.322,0.073,0.253,-0.369,-0.374,-0.318
5000,A1_1,-0.326,1.0,0.759,0.699,-0.466,-0.351,-0.622,0.737,0.815,0.703,-0.677,-0.525,-0.528,-0.556,-0.542,-0.601
5000,A1_2,-0.24,0.759,1.0,0.68,-0.141,-0.453,-0.58,0.876,0.828,0.797,-0.427,-0.414,-0.681,-0.56,-0.566,-0.56
5000,A1_3,-0.535,0.699,0.68,1.0,-0.444,-0.597,-0.391,0.659,0.74,0.631,-0.483,-0.308,-0.684,-0.413,-0.355,-0.425
5000,B1_1,-0.068,-0.466,-0.141,-0.444,1.0,0.336,0.483,-0.124,-0.32,-0.319,0.371,0.24,0.154,0.273,0.278,0.267
5000,B1_2,0.288,-0.351,-0.453,-0.597,0.336,1.0,0.695,-0.522,-0.556,-0.808,0.195,0.324,0.714,0.239,0.153,0.162
5000,B1_3,-0.197,-0.622,-0.58,-0.391,0.483,0.695,1.0,-0.559,-0.6,-0.765,0.398,0.596,0.667,0.58,0.506,0.521
5000,A2_1,-0.384,0.737,0.876,0.659,-0.124,-0.522,-0.559,1.0,0.834,0.81,-0.688,-0.56,-0.776,-0.445,-0.426,-0.415
5000,A2_2,-0.405,0.815,0.828,0.74,-0.32,-0.556,-0.6,0.834,1.0,0.744,-0.669,-0.67,-0.689,-0.387,-0.352,-0.387
5000,A2_3,-0.316,0.703,0.797,0.631,-0.319,-0.808,-0.765,0.81,0.744,1.0,-0.354,-0.36,-0.716,-0.456,-0.446,-0.42
5000,B2_1,0.322,-0.677,-0.427,-0.483,0.371,0.195,0.398,-0.688,-0.669,-0.354,1.0,0.76,0.52,0.176,0.116,0.169
5000,B2_2,0.073,-0.525,-0.414,-0.308,0.24,0.324,0.596,-0.56,-0.67,-0.36,0.76,1.0,0.55,0.217,0.123,0.185
5000,B2_3,0.253,-0.528,-0.681,-0.684,0.154,0.714,0.667,-0.776,-0.689,-0.716,0.52,0.55,1.0,0.356,0.246,0.29
5000,y1,-0.369,-0.556,-0.56,-0.413,0.273,0.239,0.58,-0.445,-0.387,-0.456,0.176,0.217,0.356,1.0,0.979,0.989
5000,y2,-0.374,-0.542,-0.566,-0.355,0.278,0.153,0.506,-0.426,-0.352,-0.446,0.116,0.123,0.246,0.979,1.0,0.978
5000,y3,-0.318,-0.601,-0.56,-0.425,0.267,0.162,0.521,-0.415,-0.387,-0.42,0.169,0.185,0.29,0.989,0.978,1.0
5500,.,1.0,-0.292,-0.247,-0.515,-0.114,0.261,-0.247,-0.364,-0.378,-0.294,0.273,0.026,0.21,-0.345,-0.355,-0.355
5500,A1_1,-0.292,1.0,0.784,0.714,-0.485,-0.383,-0.638,0.765,0.835,0.73,-0.685,-0.54,-0.546,-0.563,-0.544,-0.585
5500,A1_2,-0.247,0.784,1.0,0.71,-0.174,-0.476,-0.581,0.887,0.847,0.816,-0.439,-0.421,-0.685,-0.571,-0.604,-0.573
5500,A1_3,-0.515,0.714,0.71,1.0,-0.458,-0.611,-0.405,0.689,0.758,0.655,-0.495,-0.319,-0.688,-0.475,-0.417,-0.435
5500,B1_1,-0.114,-0.485,-0.174,-0.458,1.0,0.362,0.515,-0.168,-0.338,-0.33,0.391,0.256,0.183,0.314,0.283,0.302
5500,B1_2,0.261,-0.383,-0.476,-0.611,0.362,1.0,0.694,-0.55,-0.576,-0.808,0.227,0.346,0.722,0.224,0.199,0.221
5500,B1_3,-0.247,-0.638,-0.581,-0.405,0.515,0.694,1.0,-0.581,-0.618,-0.749,0.44,0.624,0.681,0.534,0.507,0.56
5500,A2_1,-0.364,0.765,0.887,0.689,-0.168,-0.55,-0.581,1.0,0.854,0.83,-0.697,-0.571,-0.785,-0.421,-0.435,-0.439
5500,A2_2,-0.378,0.835,0.847,0.758,-0.338,-0.576,-0.618,0.854,1.0,0.765,-0.673,-0.67,-0.701,-0.392,-0.385,-0.41
5500,A2_3,-0.294,0.73,0.816,0.655,-0.33,-0.808,-0.749,0.83,0.765,1.0,-0.374,-0.381,-0.717,-0.449,-0.482,-0.472
5500,B2_1,0.273,-0.685,-0.439,-0.495,0.391,0.227,0.44,-0.697,-0.673,-0.374,1.0,0.764,0.536,0.153,0.093,0.175
5500,B2_2,0.026,-0.54,-0.421,-0.319,0.256,0.346,0.624,-0.571,-0.67,-0.381,0.764,1.0,0.563,0.154,0.088,0.185
5500,B2_3,0.21,-0.546,-0.685,-0.688,0.183,0.722,0.681,-0.785,-0.701,-0.717,0.536,0.563,1.0,0.377,0.314,0.364
5500,y1,-0.345,-0.563,-0.571,-0.475,0.314,0.224,0.534,-0.421,-0.392,-0.449,0.153,0.154,0.377,1.0,0.983,0.994
5500,y2,-0.355,-0.544,-0.604,-0.417,0.283,0.199,0.507,-0.435,-0.385,-0.482,0.093,0.088,0.314,0.983,1.0,0.986
5500,y3,-0.355,-0.585,-0.573,-0.435,0.302,0.221,0.56,-0.439,-0.41,-0.472,0.175,0.185,0.364,0.994,0.986,1.0
6000,.,1.0,-0.315,-0.262,-0.542,-0.06,0.279,-0.204,-0.37,-0.391,-0.313,0.27,0.024,0.219,-0.389,-0.347,-0.343
6000,A1_1,-0.315,1.0,0.804,0.74,-0.548,-0.438,-0.665,0.784,0.851,0.758,-0.701,-0.578,-0.577,-0.531,-0.543,-0.565
6000,A1_2,-0.262,0.804,1.0,0.734,-0.277,-0.526,-0.61,0.894,0.859,0.833,-0.482,-0.48,-0.705,-0.535,-0.551,-0.567
6000,A1_3,-0.542,0.74,0.734,1.0,-0.511,-0.631,-0.442,0.709,0.776,0.68,-0.523,-0.37,-0.7,-0.386,-0.378,-0.418
6000,B1_1,-0.06,-0.548,-0.277,-0.511,1.0,0.452,0.595,-0.267,-0.424,-0.416,0.463,0.347,0.293,0.332,0.318,0.317
6000,B1_2,0.279,-0.438,-0.526,-0.631,0.452,1.0,0.727,-0.59,-0.62,-0.828,0.301,0.424,0.748,0.164,0.161,0.149
6000,B1_3,-0.204,-0.665,-0.61,-0.442,0.595,0.727,1.0,-0.612,-0.645,-0.769,0.5,0.676,0.712,0.512,0.484,0.495
6000,A2_1,-0.37,0.784,0.894,0.709,-0.267,-0.59,-0.612,1.0,0.866,0.84,-0.721,-0.612,-0.794,-0.402,-0.44,-0.431
6000,A2_2,-0.391,0.851,0.859,0.776,-0.424,-0.62,-0.645,0.866,1.0,0.791,-0.696,-0.701,-0.718,-0.365,-0.389,-0.398
6000,A2_3,-0.313,0.758,0.833,0.68,-0.416,-0.828,-0.769,0.84,0.791,1.0,-0.423,-0.447,-0.735,-0.421,-0.451,-0.424
6000,B2_1,0.27,-0.701,-0.482,-0.523,0.463,0.301,0.5,-0.721,-0.696,-0.423,1.0,0.782,0.575,0.155,0.17,0.191
6000,B2_2,0.024,-0.578,-0.48,-0.37,0.347,0.424,0.676,-0.612,-0.701,-0.447,0.782,1.0,0.608,0.208,0.181,0.229
6000,B2_3,0.219,-0.577,-0.705,-0.7,0.293,0.748,0.712,-0.794,-0.718,-0.735,0.575,0.608,1.0,0.314,0.289,0.307
6000,y1,-0.389,-0.531,-0.535,-0.386,0.332,0.164,0.512,-0.402,-0.365,-0.421,0.155,0.208,0.314,1.0,0.99,0.995
6000,y2,-0.347,-0.543,-0.551,-0.378,0.318,0.161,0.484,-0.44,-0.389,-0.451,0.17,0.181,0.289,0.99,1.0,0.987
6000,y3,-0.343,-0.565,-0.567,-0.418,0.317,0.149,0.495,-0.431,-0.398,-0.424,0.191,0.229,0.307,0.995,0.987,1.0
6500,.,1.0,-0.33,-0.274,-0.556,-0.056,0.286,-0.19,-0.392,-0.408,-0.317,0.288,0.05,0.232,-0.325,-0.326,-0.312
6500,A1_1,-0.33,1.0,0.809,0.754,-0.552,-0.454,-0.672,0.794,0.861,0.772,-0.7,-0.58,-0.584,-0.568,-0.565,-0.586
6500,A1_2,-0.274,0.809,1.0,0.747,-0.288,-0.545,-0.623,0.904,0.869,0.843,-0.487,-0.489,-0.716,-0.585,-0.589,-0.6
6500,A1_3,-0.556,0.754,0.747,1.0,-0.517,-0.638,-0.457,0.727,0.79,0.699,-0.527,-0.378,-0.702,-0.462,-0.42,-0.461
6500,B1_1,-0.056,-0.552,-0.288,-0.517,1.0,0.462,0.597,-0.28,-0.441,-0.425,0.465,0.349,0.298,0.363,0.341,0.352
6500,B1_2,0.286,-0.454,-0.545,-0.638,0.462,1.0,0.734,-0.611,-0.637,-0.832,0.314,0.435,0.754,0.221,0.198,0.205
6500,B1_3,-0.19,-0.672,-0.623,-0.457,0.597,0.734,1.0,-0.626,-0.663,-0.776,0.506,0.68,0.719,0.539,0.518,0.533
6500,A2_1,-0.392,0.794,0.904,0.727,-0.28,-0.611,-0.626,1.0,0.878,0.85,-0.719,-0.614,-0.802,-0.449,-0.428,-0.451
6500,A2_2,-0.408,0.861,0.869,0.79,-0.441,-0.637,-0.663,0.878,1.0,0.81,-0.698,-0.702,-0.726,-0.425,-0.425,-0.453
6500,A2_3,-0.317,0.772,0.843,0.699,-0.425,-0.832,-0.776,0.85,0.81,1.0,-0.428,-0.457,-0.74,-0.474,-0.484,-0.477
6500,B2_1,0.288,-0.7,-0.487,-0.527,0.465,0.314,0.506,-0.719,-0.698,-0.428,1.0,0.782,0.578,0.194,0.135,0.188
6500,B2_2,0.05,-0.58,-0.489,-0.378,0.349,0.435,0.68,-0.614,-0.702,-0.457,0.782,1.0,0.61,0.212,0.194,0.23
6500,B2_3,0.232,-0.584,-0.716,-0.702,0.298,0.754,0.719,-0.802,-0.726,-0.74,0.578,0.61,1.0,0.368,0.305,0.373
6500,y1,-0.325,-0.568,-0.585,-0.462,0.363,0.221,0.539,-0.449,-0.425,-0.474,0.194,0.212,0.368,1.0,0.99,0.994
6500,y2,-0.326,-0.565,-0.589,-0.42,0.341,0.198,0.518,-0.428,-0.425,-0.484,0.135,0.194,0.305,0.99,1.0,0.993
6500,y3,-0.312,-0.586,-0.6,-0.461,0.352,0.205,0.533,-0.451,-0.453,-0.477,0.188,0.23,0.373,0.994,0.993,1.0
7000,.,1.0,-0.321,-0.265,-0.551,-0.055,0.269,-0.198,-0.382,-0.402,-0.306,0.289,0.053,0.223,-0.358,-0.325,-0.388
7000,A1_1,-0.321,1.0,0.812,0.767,-0.56,-0.475,-0.675,0.802,0.864,0.785,-0.699,-0.58,-0.594,-0.552,-0.585,-0.545
7000,A1_2,-0.265,0.812,1.0,0.759,-0.305,-0.571,-0.625,0.905,0.875,0.847,-0.491,-0.498,-0.723,-0.551,-0.58,-0.543
7000,A1_3,-0.551,0.767,0.759,1.0,-0.515,-0.636,-0.463,0.735,0.8,0.709,-0.529,-0.382,-0.7,-0.442,-0.456,-0.422
7000,B1_1,-0.055,-0.56,-0.305,-0.515,1.0,0.482,0.611,-0.299,-0.453,-0.432,0.48,0.365,0.321,0.354,0.368,0.366
7000,B1_2,0.269,-0.475,-0.571,-0.636,0.482,1.0,0.752,-0.642,-0.657,-0.836,0.353,0.465,0.78,0.185,0.19,0.178
7000,B1_3,-0.198,-0.675,-0.625,-0.463,0.611,0.752,1.0,-0.63,-0.664,-0.778,0.51,0.682,0.725,0.525,0.523,0.531
7000,A2_1,-0.382,0.802,0.905,0.735,-0.299,-0.642,-0.63,1.0,0.879,0.854,-0.718,-0.614,-0.804,-0.416,-0.422,-0.368
7000,A2_2,-0.402,0.864,0.875,0.8,-0.453,-0.657,-0.664,0.879,1.0,0.818,-0.693,-0.699,-0.726,-0.418,-0.447,-0.385
7000,A2_3,-0.306,0.785,0.847,0.709,-0.432,-0.836,-0.778,0.854,0.818,1.0,-0.433,-0.464,-0.744,-0.44,-0.473,-0.44
7000,B2_1,0.289,-0.699,-0.491,-0.529,0.48,0.353,0.51,-0.718,-0.693,-0.433,1.0,0.783,0.583,0.183,0.16,0.111
7000,B2_2,0.053,-0.58,-0.498,-0.382,0.365,0.465,0.682,-0.614,-0.699,-0.464,0.783,1.0,0.615,0.248,0.232,0.178
7000,B2_3,0.223,-0.594,-0.723,-0.7,0.321,0.78,0.725,-0.804,-0.726,-0.744,0.583,0.615,1.0,0.359,0.316,0.32
7000,y1,-0.358,-0.552,-0.551,-0.442,0.354,0.185,0.525,-0.416,-0.418,-0.44,0.183,0.248,0.359,1.0,0.992,0.99
7000,y2,-0.325,-0.585,-0.58,-0.456,0.368,0.19,0.523,-0.422,-0.447,-0.473,0.16,0.232,0.316,0.992,1.0,0.991
7000,y3,-0.388,-0.545,-0.543,-0.422,0.366,0.178,0.531,-0.368,-0.385,-0.44,0.111,0.178,0.32,0.99,0.991,1.0
7500,.,1.0,-0.324,-0.265,-0.545,-0.051,0.271,-0.197,-0.383,-0.406,-0.294,0.296,0.061,0.223,-0.347,-0.29,-0.39
7500,A1_1,-0.324,1.0,0.816,0.78,-0.561,-0.483,-0.676,0.808,0.867,0.799,-0.699,-0.58,-0.598,-0.57,-0.638,-0.547
7500,A1_2,-0.265,0.816,1.0,0.766,-0.307,-0.585,-0.634,0.908,0.879,0.857,-0.492,-0.505,-0.732,-0.592,-0.585,-0.543
7500,A1_3,-0.545,0.78,0.766,1.0,-0.517,-0.631,-0.467,0.737,0.807,0.714,-0.529,-0.385,-0.695,-0.483,-0.532,-0.437
7500,B1_1,-0.051,-0.561,-0.307,-0.517,1.0,0.483,0.612,-0.298,-0.454,-0.439,0.482,0.367,0.322,0.353,0.445,0.366
7500,B1_2,0.271,-0.483,-0.585,-0.631,0.483,1.0,0.752,-0.644,-0.662,-0.833,0.355,0.467,0.781,0.217,0.243,0.179
7500,B1_3,-0.197,-0.676,-0.634,-0.467,0.612,0.752,1.0,-0.631,-0.666,-0.783,0.513,0.684,0.726,0.545,0.566,0.53
7500,A2_1,-0.383,0.808,0.908,0.737,-0.298,-0.644,-0.631,1.0,0.882,0.856,-0.716,-0.615,-0.805,-0.432,-0.445,-0.369
7500,A2_2,-0.406,0.867,0.879,0.807,-0.454,-0.662,-0.666,0.882,1.0,0.828,-0.69,-0.698,-0.726,-0.452,-0.486,-0.403
7500,A2_3,-0.294,0.799,0.857,0.714,-0.439,-0.833,-0.783,0.856,0.828,1.0,-0.438,-0.468,-0.744,-0.482,-0.517,-0.451
7500,B2_1,0.296,-0.699,-0.492,-0.529,0.482,0.355,0.513,-0.716,-0.69,-0.438,1.0,0.783,0.584,0.167,0.22,0.112
7500,B2_2,0.061,-0.58,-0.505,-0.385,0.367,0.467,0.684,-0.615,-0.698,-0.468,0.783,1.0,0.616,0.253,0.25,0.199
7500,B2_3,0.223,-0.598,-0.732,-0.695,0.322,0.781,0.726,-0.805,-0.726,-0.744,0.584,0.616,1.0,0.358,0.361,0.321
7500,y1,-0.347,-0.57,-0.592,-0.483,0.353,0.217,0.545,-0.432,-0.452,-0.482,0.167,0.253,0.358,1.0,0.988,0.992
7500,y2,-0.29,-0.638,-0.585,-0.532,0.445,0.243,0.566,-0.445,-0.486,-0.517,0.22,0.25,0.361,0.988,1.0,0.988
7500,y3,-0.39,-0.547,-0.543,-0.437,0.366,0.179,0.53,-0.369,-0.403,-0.451,0.112,0.199,0.321,0.992,0.988,1.0
8000,.,1.0,-0.331,-0.275,-0.553,-0.045,0.285,-0.186,-0.39,-0.415,-0.299,0.293,0.064,0.23,-0.402,-0.336,-0.409
8000,A1_1,-0.331,1.0,0.818,0.793,-0.564,-0.495,-0.681,0.815,0.871,0.813,-0.699,-0.583,-0.605,-0.51,-0.594,-0.526
8000,A1_2,-0.275,0.818,1.0,0.773,-0.314,-0.592,-0.641,0.909,0.882,0.862,-0.494,-0.511,-0.737,-0.524,-0.575,-0.515
8000,A1_3,-0.553,0.793,0.773,1.0,-0.514,-0.626,-0.47,0.741,0.812,0.722,-0.531,-0.387,-0.693,-0.425,-0.491,-0.422
8000,B1_1,-0.045,-0.564,-0.314,-0.514,1.0,0.483,0.613,-0.301,-0.457,-0.446,0.483,0.368,0.322,0.33,0.402,0.372
8000,B1_2,0.285,-0.495,-0.592,-0.626,0.483,1.0,0.753,-0.644,-0.666,-0.829,0.357,0.469,0.782,0.163,0.225,0.153
8000,B1_3,-0.186,-0.681,-0.641,-0.47,0.613,0.753,1.0,-0.634,-0.67,-0.789,0.516,0.687,0.727,0.507,0.561,0.521
8000,A2_1,-0.39,0.815,0.909,0.741,-0.301,-0.644,-0.634,1.0,0.885,0.857,-0.718,-0.618,-0.806,-0.365,-0.413,-0.331
8000,A2_2,-0.415,0.871,0.882,0.812,-0.457,-0.666,-0.67,0.885,1.0,0.838,-0.689,-0.698,-0.728,-0.372,-0.441,-0.347
8000,A2_3,-0.299,0.813,0.862,0.722,-0.446,-0.829,-0.789,0.857,0.838,1.0,-0.443,-0.473,-0.745,-0.435,-0.51,-0.433
8000,B2_1,0.293,-0.699,-0.494,-0.531,0.483,0.357,0.516,-0.718,-0.689,-0.443,1.0,0.783,0.584,0.109,0.156,0.088
8000,B2_2,0.064,-0.583,-0.511,-0.387,0.368,0.469,0.687,-0.618,-0.698,-0.473,0.783,1.0,0.616,0.196,0.233,0.18
8000,B2_3,0.23,-0.605,-0.737,-0.693,0.322,0.782,0.727,-0.806,-0.728,-0.745,0.584,0.616,1.0,0.316,0.343,0.294
8000,y1,-0.402,-0.51,-0.524,-0.425,0.33,0.163,0.507,-0.365,-0.372,-0.435,0.109,0.196,0.316,1.0,0.992,0.992
8000,y2,-0.336,-0.594,-0.575,-0.491,0.402,0.225,0.561,-0.413,-0.441,-0.51,0.156,0.233,0.343,0.992,1.0,0.992
8000,y3,-0.409,-0.526,-0.515,-0.422,0.372,0.153,0.521,-0.331,-0.347,-0.433,0.088,0.18,0.294,0.992,0.992,1.0
8500,.,1.0,-0.339,-0.286,-0.556,-0.042,0.297,-0.174,-0.396,-0.423,-0.304,0.285,0.064,0.239,-0.361,-0.359,-0.378
8500,A1_1,-0.339,1.0,0.823,0.804,-0.569,-0.509,-0.686,0.821,0.875,0.83,-0.698,-0.586,-0.615,-0.556,-0.549,-0.537
8500,A1_2,-0.286,0.823,1.0,0.78,-0.325,-0.602,-0.649,0.911,0.885,0.869,-0.5,-0.518,-0.746,-0.557,-0.544,-0.539
8500,A1_3,-0.556,0.804,0.78,1.0,-0.518,-0.624,-0.477,0.743,0.818,0.729,-0.531,-0.389,-0.692,-0.484,-0.454,-0.452
8500,B1_1,-0.042,-0.569,-0.325,-0.518,1.0,0.485,0.615,-0.303,-0.462,-0.452,0.483,0.368,0.323,0.401,0.362,0.36
8500,B1_2,0.297,-0.509,-0.602,-0.624,0.485,1.0,0.757,-0.648,-0.672,-0.823,0.361,0.473,0.783,0.204,0.161,0.167
8500,B1_3,-0.174,-0.686,-0.649,-0.477,0.615,0.757,1.0,-0.639,-0.673,-0.793,0.52,0.691,0.73,0.539,0.509,0.517
8500,A2_1,-0.396,0.821,0.911,0.743,-0.303,-0.648,-0.639,1.0,0.887,0.86,-0.718,-0.62,-0.809,-0.401,-0.381,-0.367
8500,A2_2,-0.423,0.875,0.885,0.818,-0.462,-0.672,-0.673,0.887,1.0,0.845,-0.687,-0.697,-0.731,-0.413,-0.391,-0.381
8500,A2_3,-0.304,0.83,0.869,0.729,-0.452,-0.823,-0.793,0.86,0.845,1.0,-0.45,-0.478,-0.747,-0.484,-0.467,-0.463
8500,B2_1,0.285,-0.698,-0.5,-0.531,0.483,0.361,0.52,-0.718,-0.687,-0.45,1.0,0.783,0.584,0.157,0.135,0.112
8500,B2_2,0.064,-0.586,-0.518,-0.389,0.368,0.473,0.691,-0.62,-0.697,-0.478,0.783,1.0,0.616,0.227,0.21,0.196
8500,B2_3,0.239,-0.615,-0.746,-0.692,0.323,0.783,0.73,-0.809,-0.731,-0.747,0.584,0.616,1.0,0.347,0.276,0.314
8500,y1,-0.361,-0.556,-0.557,-0.484,0.401,0.204,0.539,-0.401,-0.413,-0.484,0.157,0.227,0.347,1.0,0.991,0.997
8500,y2,-0.359,-0.549,-0.544,-0.454,0.362,0.161,0.509,-0.381,-0.391,-0.467,0.135,0.21,0.276,0.991,1.0,0.993
8500,y3,-0.378,-0.537,-0.539,-0.452,0.36,0.167,0.517,-0.367,-0.381,-0.463,0.112,0.196,0.314,0.997,0.993,1.0
9000,.,1.0,-0.34,-0.289,-0.546,-0.028,0.307,-0.15,-0.392,-0.417,-0.307,0.29,0.079,0.255,-0.375,-0.371,-0.411
9000,A1_1,-0.34,1.0,0.835,0.827,-0.569,-0.541,-0.7,0.832,0.886,0.85,-0.706,-0.607,-0.631,-0.535,-0.5,-0.498
9000,A1_2,-0.289,0.835,1.0,0.791,-0.343,-0.619,-0.667,0.914,0.89,0.877,-0.525,-0.55,-0.75,-0.528,-0.507,-0.488
9000,A1_3,-0.546,0.827,0.791,1.0,-0.527,-0.626,-0.503,0.748,0.827,0.746,-0.546,-0.413,-0.692,-0.471,-0.444,-0.426
9000,B1_1,-0.028,-0.569,-0.343,-0.527,1.0,0.513,0.632,-0.32,-0.476,-0.455,0.5,0.395,0.356,0.376,0.306,0.343
9000,B1_2,0.307,-0.541,-0.619,-0.626,0.513,1.0,0.779,-0.658,-0.688,-0.819,0.397,0.509,0.798,0.138,0.149,0.118
9000,B1_3,-0.15,-0.7,-0.667,-0.503,0.632,0.779,1.0,-0.654,-0.693,-0.796,0.543,0.714,0.745,0.48,0.46,0.462
9000,A2_1,-0.392,0.832,0.914,0.748,-0.32,-0.658,-0.654,1.0,0.888,0.866,-0.733,-0.643,-0.81,-0.375,-0.365,-0.342
9000,A2_2,-0.417,0.886,0.89,0.827,-0.476,-0.688,-0.693,0.888,1.0,0.858,-0.7,-0.719,-0.737,-0.398,-0.373,-0.335
9000,A2_3,-0.307,0.85,0.877,0.746,-0.455,-0.819,-0.796,0.866,0.858,1.0,-0.475,-0.51,-0.749,-0.443,-0.449,-0.427
9000,B2_1,0.29,-0.706,-0.525,-0.546,0.5,0.397,0.543,-0.733,-0.7,-0.475,1.0,0.789,0.601,0.159,0.102,0.106
9000,B2_2,0.079,-0.607,-0.55,-0.413,0.395,0.509,0.714,-0.643,-0.719,-0.51,0.789,1.0,0.636,0.243,0.213,0.175
9000,B2_3,0.255,-0.631,-0.75,-0.692,0.356,0.798,0.745,-0.81,-0.737,-0.749,0.601,0.636,1.0,0.273,0.277,0.267
9000,y1,-0.375,-0.535,-0.528,-0.471,0.376,0.138,0.48,-0.375,-0.398,-0.443,0.159,0.243,0.273,1.0,0.992,0.992
9000,y2,-0.371,-0.5,-0.507,-0.444,0.306,0.149,0.46,-0.365,-0.373,-0.449,0.102,0.213,0.277,0.992,1.0,0.993
9000,y3,-0.411,-0.498,-0.488,-0.426,0.343,0.118,0.462,-0.342,-0.335,-0.427,0.106,0.175,0.267,0.992,0.993,1.0
9500,.,1.0,-0.354,-0.303,-0.552,-0.023,0.309,-0.143,-0.4,-0.426,-0.315,0.293,0.081,0.265,-0.377,-0.371,-0.395
9500,A1_1,-0.354,1.0,0.838,0.834,-0.569,-0.547,-0.699,0.836,0.89,0.858,-0.705,-0.607,-0.633,-0.542,-0.503,-0.51
9500,A1_2,-0.303,0.838,1.0,0.792,-0.344,-0.624,-0.671,0.915,0.892,0.882,-0.527,-0.555,-0.755,-0.517,-0.489,-0.484
9500,A1_3,-0.552,0.834,0.792,1.0,-0.529,-0.625,-0.506,0.747,0.83,0.751,-0.544,-0.412,-0.69,-0.455,-0.448,-0.423
9500,B1_1,-0.023,-0.569,-0.344,-0.529,1.0,0.515,0.634,-0.317,-0.477,-0.45,0.502,0.397,0.357,0.335,0.325,0.328
9500,B1_2,0.309,-0.547,-0.624,-0.625,0.515,1.0,0.78,-0.658,-0.691,-0.812,0.4,0.512,0.799,0.113,0.115,0.072
9500,B1_3,-0.143,-0.699,-0.671,-0.506,0.634,0.78,1.0,-0.653,-0.695,-0.794,0.545,0.715,0.745,0.478,0.443,0.436
9500,A2_1,-0.4,0.836,0.915,0.747,-0.317,-0.658,-0.653,1.0,0.889,0.87,-0.732,-0.644,-0.81,-0.372,-0.347,-0.324
9500,A2_2,-0.426,0.89,0.892,0.83,-0.477,-0.691,-0.695,0.889,1.0,0.865,-0.698,-0.718,-0.738,-0.384,-0.361,-0.346
9500,A2_3,-0.315,0.858,0.882,0.751,-0.45,-0.812,-0.794,0.87,0.865,1.0,-0.479,-0.513,-0.75,-0.448,-0.426,-0.418
9500,B2_1,0.293,-0.705,-0.527,-0.544,0.502,0.4,0.545,-0.732,-0.698,-0.479,1.0,0.789,0.602,0.157,0.121,0.098
9500,B2_2,0.081,-0.607,-0.555,-0.412,0.397,0.512,0.715,-0.644,-0.718,-0.513,0.789,1.0,0.636,0.233,0.205,0.174
9500,B2_3,0.265,-0.633,-0.755,-0.69,0.357,0.799,0.745,-0.81,-0.738,-0.75,0.602,0.636,1.0,0.261,0.237,0.205
9500,y1,-0.377,-0.542,-0.517,-0.455,0.335,0.113,0.478,-0.372,-0.384,-0.448,0.157,0.233,0.261,1.0,0.996,0.996
9500,y2,-0.371,-0.503,-0.489,-0.448,0.325,0.115,0.443,-0.347,-0.361,-0.426,0.121,0.205,0.237,0.996,1.0,0.994
9500,y3,-0.395,-0.51,-0.484,-0.423,0.328,0.072,0.436,-0.324,-0.346,-0.418,0.098,0.174,0.205,0.996,0.994,1.0
10000,.,1.0,-0.359,-0.315,-0.553,-0.015,0.316,-0.134,-0.405,-0.434,-0.317,0.291,0.084,0.277,-0.39,-0.388,-0.359
10000,A1_1,-0.359,1.0,0.841,0.845,-0.576,-0.555,-0.704,0.839,0.896,0.869,-0.703,-0.609,-0.637,-0.527,-0.513,-0.553
10000,A1_2,-0.315,0.841,1.0,0.798,-0.352,-0.632,-0.677,0.916,0.896,0.887,-0.528,-0.558,-0.76,-0.511,-0.466,-0.52
10000,A1_3,-0.553,0.845,0.798,1.0,-0.536,-0.621,-0.514,0.753,0.836,0.76,-0.549,-0.417,-0.687,-0.456,-0.441,-0.476
10000,B1_1,-0.015,-0.576,-0.352,-0.536,1.0,0.517,0.636,-0.32,-0.483,-0.457,0.502,0.398,0.358,0.365,0.378,0.386
10000,B1_2,0.316,-0.555,-0.632,-0.621,0.517,1.0,0.78,-0.658,-0.689,-0.808,0.402,0.514,0.8,0.111,0.103,0.114
10000,B1_3,-0.134,-0.704,-0.677,-0.514,0.636,0.78,1.0,-0.654,-0.698,-0.799,0.547,0.717,0.746,0.468,0.449,0.462
10000,A2_1,-0.405,0.839,0.916,0.753,-0.32,-0.658,-0.654,1.0,0.893,0.872,-0.731,-0.643,-0.81,-0.383,-0.347,-0.398
10000,A2_2,-0.434,0.896,0.896,0.836,-0.483,-0.689,-0.698,0.893,1.0,0.871,-0.699,-0.718,-0.737,-0.396,-0.349,-0.406
10000,A2_3,-0.317,0.869,0.887,0.76,-0.457,-0.808,-0.799,0.872,0.871,1.0,-0.486,-0.522,-0.752,-0.441,-0.426,-0.46
10000,B2_1,0.291,-0.703,-0.528,-0.549,0.502,0.402,0.547,-0.731,-0.699,-0.486,1.0,0.789,0.602,0.183,0.153,0.192
10000,B2_2,0.084,-0.609,-0.558,-0.417,0.398,0.514,0.717,-0.643,-0.718,-0.522,0.789,1.0,0.636,0.24,0.199,0.222
10000,B2_3,0.277,-0.637,-0.76,-0.687,0.358,0.8,0.746,-0.81,-0.737,-0.752,0.602,0.636,1.0,0.246,0.212,0.25
10000,y1,-0.39,-0.527,-0.511,-0.456,0.365,0.111,0.468,-0.383,-0.396,-0.441,0.183,0.24,0.246,1.0,0.994,0.997
10000,y2,-0.388,-0.513,-0.466,-0.441,0.378,0.103,0.449,-0.347,-0.349,-0.426,0.153,0.199,0.212,0.994,1.0,0.995
10000,y3,-0.359,-0.553,-0.52,-0.476,0.386,0.114,0.462,-0.398,-0.406,-0.46,0.192,0.222,0.25,0.997,0.995,1.0
