,,.,A1_1,A1_2,A1_3,B1_1,B1_2,B1_3,A2_1,A2_2,A2_3,B2_1,B2_2,B2_3,y1,y2,y3
0,.,1.0,0.952,0.95,0.944,0.981,0.945,0.964,0.942,0.977,0.973,0.911,0.913,0.948,0.98,0.943,0.882
0,A1_1,0.952,1.0,0.923,0.902,0.934,0.88,0.949,0.902,0.932,0.928,0.831,0.83,0.898,0.961,0.894,0.824
0,A1_2,0.95,0.923,1.0,0.928,0.936,0.895,0.904,0.922,0.955,0.931,0.887,0.86,0.895,0.946,0.938,0.929
0,A1_3,0.944,0.902,0.928,1.0,0.92,0.958,0.913,0.896,0.941,0.944,0.908,0.921,0.937,0.965,0.978,0.947
0,B1_1,0.981,0.934,0.936,0.92,1.0,0.959,0.955,0.922,0.952,0.972,0.927,0.929,0.962,0.952,0.913,0.859
0,B1_2,0.945,0.88,0.895,0.958,0.959,1.0,0.94,0.86,0.911,0.95,0.94,0.966,0.986,0.946,0.928,0.905
0,B1_3,0.964,0.949,0.904,0.913,0.955,0.94,1.0,0.886,0.924,0.961,0.866,0.911,0.957,0.974,0.878,0.836
0,A2_1,0.942,0.902,0.922,0.896,0.922,0.86,0.886,1.0,0.98,0.936,0.819,0.813,0.857,0.91,0.891,0.829
0,A2_2,0.977,0.932,0.955,0.941,0.952,0.911,0.924,0.98,1.0,0.95,0.895,0.873,0.915,0.962,0.951,0.899
0,A2_3,0.973,0.928,0.931,0.944,0.972,0.95,0.961,0.936,0.95,1.0,0.888,0.918,0.949,0.957,0.912,0.869
0,B2_1,0.911,0.831,0.887,0.908,0.927,0.94,0.866,0.819,0.895,0.888,1.0,0.959,0.954,0.914,0.937,0.927
0,B2_2,0.913,0.83,0.86,0.921,0.929,0.966,0.911,0.813,0.873,0.918,0.959,1.0,0.965,0.922,0.898,0.889
0,B2_3,0.948,0.898,0.895,0.937,0.962,0.986,0.957,0.857,0.915,0.949,0.954,0.965,1.0,0.957,0.916,0.9
0,y1,0.98,0.961,0.946,0.965,0.952,0.946,0.974,0.91,0.962,0.957,0.914,0.922,0.957,1.0,0.956,0.915
0,y2,0.943,0.894,0.938,0.978,0.913,0.928,0.878,0.891,0.951,0.912,0.937,0.898,0.916,0.956,1.0,0.963
0,y3,0.882,0.824,0.929,0.947,0.859,0.905,0.836,0.829,0.899,0.869,0.927,0.889,0.9,0.915,0.963,1.0
500,.,1.0,0.133,0.271,0.298,0.192,0.101,-0.047,0.095,0.158,0.213,-0.066,-0.026,-0.134,0.217,0.146,0.108
500,A1_1,0.133,1.0,0.887,0.927,0.117,-0.025,-0.085,0.984,0.95,0.977,-0.115,-0.117,-0.158,0.137,0.127,0.126
500,A1_2,0.271,0.887,1.0,0.943,0.155,0.037,-0.108,0.898,0.927,0.917,-0.026,-0.047,-0.144,0.325,0.297,0.327
500,A1_3,0.298,0.927,0.943,1.0,0.234,0.105,-0.042,0.929,0.966,0.979,-0.006,-0.002,-0.104,0.231,0.195,0.219
500,B1_1,0.192,0.117,0.155,0.234,1.0,0.97,0.927,0.003,0.07,0.133,0.876,0.909,0.858,0.151,0.078,0.111
500,B1_2,0.101,-0.025,0.037,0.105,0.97,1.0,0.948,-0.127,-0.046,-0.004,0.95,0.977,0.939,0.222,0.152,0.196
500,B1_3,-0.047,-0.085,-0.108,-0.042,0.927,0.948,1.0,-0.202,-0.157,-0.114,0.931,0.95,0.948,0.091,0.039,0.078
500,A2_1,0.095,0.984,0.898,0.929,0.003,-0.127,-0.202,1.0,0.978,0.977,-0.188,-0.203,-0.255,0.117,0.115,0.119
500,A2_2,0.158,0.95,0.927,0.966,0.07,-0.046,-0.157,0.978,1.0,0.976,-0.101,-0.123,-0.208,0.159,0.147,0.164
500,A2_3,0.213,0.977,0.917,0.979,0.133,-0.004,-0.114,0.977,0.976,1.0,-0.112,-0.105,-0.177,0.16,0.137,0.152
500,B2_1,-0.066,-0.115,-0.026,-0.006,0.876,0.95,0.931,-0.188,-0.101,-0.112,1.0,0.987,0.964,0.243,0.192,0.248
500,B2_2,-0.026,-0.117,-0.047,-0.002,0.909,0.977,0.95,-0.203,-0.123,-0.105,0.987,1.0,0.977,0.241,0.181,0.237
500,B2_3,-0.134,-0.158,-0.144,-0.104,0.858,0.939,0.948,-0.255,-0.208,-0.177,0.964,0.977,1.0,0.209,0.16,0.211
500,y1,0.217,0.137,0.325,0.231,0.151,0.222,0.091,0.117,0.159,0.16,0.243,0.241,0.209,1.0,0.993,0.984
500,y2,0.146,0.127,0.297,0.195,0.078,0.152,0.039,0.115,0.147,0.137,0.192,0.181,0.16,0.993,1.0,0.982
500,y3,0.108,0.126,0.327,0.219,0.111,0.196,0.078,0.119,0.164,0.152,0.248,0.237,0.211,0.984,0.982,1.0
1000,.,1.0,0.036,0.171,0.234,0.284,0.252,0.113,0.079,0.139,0.179,0.106,0.158,0.089,0.222,0.131,0.085
1000,A1_1,0.036,1.0,0.922,0.932,-0.035,-0.059,-0.133,0.977,0.95,0.957,-0.154,-0.145,-0.187,0.054,0.041,0.021
1000,A1_2,0.171,0.922,1.0,0.96,-0.013,-0.041,-0.182,0.948,0.952,0.956,-0.143,-0.137,-0.202,0.181,0.143,0.152
1000,A1_3,0.234,0.932,0.96,1.0,0.08,0.054,-0.093,0.966,0.984,0.99,-0.069,-0.044,-0.115,0.111,0.057,0.065
1000,B1_1,0.284,-0.035,-0.013,0.08,1.0,0.995,0.958,-0.09,-0.029,0.002,0.939,0.966,0.933,0.169,0.078,0.113
1000,B1_2,0.252,-0.059,-0.041,0.054,0.995,1.0,0.966,-0.115,-0.053,-0.025,0.961,0.982,0.959,0.202,0.111,0.156
1000,B1_3,0.113,-0.133,-0.182,-0.093,0.958,0.966,1.0,-0.218,-0.176,-0.155,0.96,0.972,0.964,0.116,0.052,0.091
1000,A2_1,0.079,0.977,0.948,0.966,-0.09,-0.115,-0.218,1.0,0.99,0.986,-0.21,-0.199,-0.254,0.024,0.006,-0.005
1000,A2_2,0.139,0.95,0.952,0.984,-0.029,-0.053,-0.176,0.99,1.0,0.985,-0.147,-0.137,-0.203,0.041,0.008,0.008
1000,A2_3,0.179,0.957,0.956,0.99,0.002,-0.025,-0.155,0.986,0.985,1.0,-0.15,-0.124,-0.185,0.06,0.022,0.018
1000,B2_1,0.106,-0.154,-0.143,-0.069,0.939,0.961,0.96,-0.21,-0.147,-0.15,1.0,0.989,0.987,0.251,0.179,0.234
1000,B2_2,0.158,-0.145,-0.137,-0.044,0.966,0.982,0.972,-0.199,-0.137,-0.124,0.989,1.0,0.984,0.204,0.121,0.175
1000,B2_3,0.089,-0.187,-0.202,-0.115,0.933,0.959,0.964,-0.254,-0.203,-0.185,0.987,0.984,1.0,0.239,0.167,0.22
1000,y1,0.222,0.054,0.181,0.111,0.169,0.202,0.116,0.024,0.041,0.06,0.251,0.204,0.239,1.0,0.986,0.977
1000,y2,0.131,0.041,0.143,0.057,0.078,0.111,0.052,0.006,0.008,0.022,0.179,0.121,0.167,0.986,1.0,0.976
1000,y3,0.085,0.021,0.152,0.065,0.113,0.156,0.091,-0.005,0.008,0.018,0.234,0.175,0.22,0.977,0.976,1.0
1500,.,1.0,0.0,0.086,0.125,0.215,0.223,0.113,0.057,0.103,0.055,0.058,0.082,0.067,0.073,0.005,-0.035
1500,A1_1,0.0,1.0,0.937,0.961,-0.101,-0.088,-0.148,0.97,0.948,0.979,-0.199,-0.194,-0.212,0.019,0.035,0.003
1500,A1_2,0.086,0.937,1.0,0.969,-0.167,-0.149,-0.248,0.964,0.959,0.961,-0.251,-0.263,-0.285,0.079,0.075,0.064
1500,A1_3,0.125,0.961,0.969,1.0,-0.114,-0.093,-0.193,0.993,0.992,0.993,-0.224,-0.218,-0.236,-0.007,-0.012,-0.032
1500,B1_1,0.215,-0.101,-0.167,-0.114,1.0,0.998,0.985,-0.181,-0.138,-0.168,0.938,0.95,0.947,0.069,0.039,0.04
1500,B1_2,0.223,-0.088,-0.149,-0.093,0.998,1.0,0.979,-0.163,-0.118,-0.148,0.941,0.952,0.952,0.09,0.057,0.06
1500,B1_3,0.113,-0.148,-0.248,-0.193,0.985,0.979,1.0,-0.248,-0.214,-0.232,0.959,0.973,0.966,0.062,0.046,0.048
1500,A2_1,0.057,0.97,0.964,0.993,-0.181,-0.163,-0.248,1.0,0.992,0.997,-0.279,-0.274,-0.294,-0.036,-0.031,-0.053
1500,A2_2,0.103,0.948,0.959,0.992,-0.138,-0.118,-0.214,0.992,1.0,0.984,-0.235,-0.234,-0.256,-0.034,-0.037,-0.053
1500,A2_3,0.055,0.979,0.961,0.993,-0.168,-0.148,-0.232,0.997,0.984,1.0,-0.268,-0.26,-0.278,-0.02,-0.016,-0.039
1500,B2_1,0.058,-0.199,-0.251,-0.224,0.938,0.941,0.959,-0.279,-0.235,-0.268,1.0,0.992,0.99,0.215,0.193,0.215
1500,B2_2,0.082,-0.194,-0.263,-0.218,0.95,0.952,0.973,-0.274,-0.234,-0.26,0.992,1.0,0.991,0.163,0.139,0.159
1500,B2_3,0.067,-0.212,-0.285,-0.236,0.947,0.952,0.966,-0.294,-0.256,-0.278,0.99,0.991,1.0,0.181,0.156,0.174
1500,y1,0.073,0.019,0.079,-0.007,0.069,0.09,0.062,-0.036,-0.034,-0.02,0.215,0.163,0.181,1.0,0.992,0.989
1500,y2,0.005,0.035,0.075,-0.012,0.039,0.057,0.046,-0.031,-0.037,-0.016,0.193,0.139,0.156,0.992,1.0,0.991
1500,y3,-0.035,0.003,0.064,-0.032,0.04,0.06,0.048,-0.053,-0.053,-0.039,0.215,0.159,0.174,0.989,0.991,1.0
2000,.,1.0,0.11,0.108,0.179,0.28,0.293,0.175,0.136,0.162,0.166,0.138,0.185,0.14,0.124,0.093,0.034
2000,A1_1,0.11,1.0,0.957,0.971,-0.008,0.034,-0.083,0.967,0.958,0.973,-0.14,-0.115,-0.145,0.058,0.073,0.024
2000,A1_2,0.108,0.957,1.0,0.979,-0.132,-0.088,-0.229,0.981,0.98,0.977,-0.248,-0.235,-0.271,0.071,0.084,0.051
2000,A1_3,0.179,0.971,0.979,1.0,-0.061,-0.014,-0.16,0.996,0.996,0.999,-0.196,-0.169,-0.208,0.021,0.033,-0.011
2000,B1_1,0.28,-0.008,-0.132,-0.061,1.0,0.997,0.982,-0.126,-0.098,-0.077,0.953,0.976,0.961,0.149,0.121,0.111
2000,B1_2,0.293,0.034,-0.088,-0.014,0.997,1.0,0.968,-0.08,-0.052,-0.03,0.944,0.97,0.952,0.167,0.14,0.125
2000,B1_3,0.175,-0.083,-0.229,-0.16,0.982,0.968,1.0,-0.219,-0.196,-0.173,0.971,0.983,0.981,0.12,0.092,0.094
2000,A2_1,0.136,0.967,0.981,0.996,-0.126,-0.08,-0.219,1.0,0.996,0.997,-0.257,-0.232,-0.27,-0.013,0.003,-0.04
2000,A2_2,0.162,0.958,0.98,0.996,-0.098,-0.052,-0.196,0.996,1.0,0.993,-0.226,-0.204,-0.243,-0.005,0.008,-0.032
2000,A2_3,0.166,0.973,0.977,0.999,-0.077,-0.03,-0.173,0.997,0.993,1.0,-0.216,-0.186,-0.225,0.005,0.02,-0.026
2000,B2_1,0.138,-0.14,-0.248,-0.196,0.953,0.944,0.971,-0.257,-0.226,-0.216,1.0,0.991,0.994,0.246,0.212,0.23
2000,B2_2,0.185,-0.115,-0.235,-0.169,0.976,0.97,0.983,-0.232,-0.204,-0.186,0.991,1.0,0.994,0.196,0.163,0.171
2000,B2_3,0.14,-0.145,-0.271,-0.208,0.961,0.952,0.981,-0.27,-0.243,-0.225,0.994,0.994,1.0,0.21,0.174,0.188
2000,y1,0.124,0.058,0.071,0.021,0.149,0.167,0.12,-0.013,-0.005,0.005,0.246,0.196,0.21,1.0,0.994,0.99
2000,y2,0.093,0.073,0.084,0.033,0.121,0.14,0.092,0.003,0.008,0.02,0.212,0.163,0.174,0.994,1.0,0.99
2000,y3,0.034,0.024,0.051,-0.011,0.111,0.125,0.094,-0.04,-0.032,-0.026,0.23,0.171,0.188,0.99,0.99,1.0
2500,.,1.0,0.123,0.092,0.148,0.174,0.233,0.133,0.141,0.152,0.144,0.068,0.121,0.091,0.002,-0.023,-0.063
2500,A1_1,0.123,1.0,0.95,0.963,-0.057,0.051,-0.077,0.959,0.953,0.963,-0.137,-0.108,-0.129,0.065,0.082,0.024
2500,A1_2,0.092,0.95,1.0,0.981,-0.23,-0.12,-0.257,0.977,0.975,0.977,-0.28,-0.272,-0.294,0.058,0.075,0.03
2500,A1_3,0.148,0.963,0.981,1.0,-0.208,-0.091,-0.234,0.999,0.996,0.999,-0.275,-0.252,-0.274,-0.024,-0.006,-0.061
2500,B1_1,0.174,-0.057,-0.23,-0.208,1.0,0.988,0.997,-0.224,-0.209,-0.214,0.963,0.989,0.981,0.124,0.102,0.104
2500,B1_2,0.233,0.051,-0.12,-0.091,0.988,1.0,0.978,-0.109,-0.096,-0.096,0.931,0.966,0.954,0.116,0.098,0.086
2500,B1_3,0.133,-0.077,-0.257,-0.234,0.997,0.978,1.0,-0.249,-0.237,-0.239,0.97,0.992,0.985,0.115,0.094,0.099
2500,A2_1,0.141,0.959,0.977,0.999,-0.224,-0.109,-0.249,1.0,0.998,0.997,-0.29,-0.268,-0.29,-0.041,-0.023,-0.077
2500,A2_2,0.152,0.953,0.975,0.996,-0.209,-0.096,-0.237,0.998,1.0,0.992,-0.275,-0.255,-0.279,-0.042,-0.025,-0.077
2500,A2_3,0.144,0.963,0.977,0.999,-0.214,-0.096,-0.239,0.997,0.992,1.0,-0.284,-0.259,-0.28,-0.031,-0.012,-0.068
2500,B2_1,0.068,-0.137,-0.28,-0.275,0.963,0.931,0.97,-0.29,-0.275,-0.284,1.0,0.99,0.991,0.223,0.2,0.223
2500,B2_2,0.121,-0.108,-0.272,-0.252,0.989,0.966,0.992,-0.268,-0.255,-0.259,0.99,1.0,0.997,0.168,0.144,0.157
2500,B2_3,0.091,-0.129,-0.294,-0.274,0.981,0.954,0.985,-0.29,-0.279,-0.28,0.991,0.997,1.0,0.178,0.153,0.169
2500,y1,0.002,0.065,0.058,-0.024,0.124,0.116,0.115,-0.041,-0.042,-0.031,0.223,0.168,0.178,1.0,0.996,0.994
2500,y2,-0.023,0.082,0.075,-0.006,0.102,0.098,0.094,-0.023,-0.025,-0.012,0.2,0.144,0.153,0.996,1.0,0.993
2500,y3,-0.063,0.024,0.03,-0.061,0.104,0.086,0.099,-0.077,-0.077,-0.068,0.223,0.157,0.169,0.994,0.993,1.0
3000,.,1.0,0.154,0.104,0.162,0.197,0.241,0.142,0.155,0.167,0.156,0.108,0.149,0.119,0.085,0.05,0.013
3000,A1_1,0.154,1.0,0.945,0.954,0.012,0.142,-0.028,0.948,0.942,0.954,-0.073,-0.039,-0.065,0.111,0.118,0.057
3000,A1_2,0.104,0.945,1.0,0.982,-0.203,-0.073,-0.247,0.978,0.974,0.978,-0.265,-0.248,-0.274,0.072,0.086,0.039
3000,A1_3,0.162,0.954,0.982,1.0,-0.183,-0.05,-0.228,0.999,0.996,0.999,-0.257,-0.231,-0.257,-0.006,0.004,-0.053
3000,B1_1,0.197,0.012,-0.203,-0.183,1.0,0.989,0.995,-0.198,-0.187,-0.19,0.969,0.993,0.984,0.153,0.129,0.123
3000,B1_2,0.241,0.142,-0.073,-0.05,0.989,1.0,0.974,-0.067,-0.059,-0.056,0.939,0.971,0.958,0.162,0.138,0.121
3000,B1_3,0.142,-0.028,-0.247,-0.228,0.995,0.974,1.0,-0.242,-0.232,-0.234,0.98,0.997,0.992,0.141,0.118,0.118
3000,A2_1,0.155,0.948,0.978,0.999,-0.198,-0.067,-0.242,1.0,0.997,0.998,-0.27,-0.244,-0.271,-0.022,-0.01,-0.068
3000,A2_2,0.167,0.942,0.974,0.996,-0.187,-0.059,-0.232,0.997,1.0,0.993,-0.259,-0.234,-0.262,-0.032,-0.021,-0.077
3000,A2_3,0.156,0.954,0.978,0.999,-0.19,-0.056,-0.234,0.998,0.993,1.0,-0.266,-0.237,-0.264,-0.016,-0.004,-0.064
3000,B2_1,0.108,-0.073,-0.265,-0.257,0.969,0.939,0.98,-0.27,-0.259,-0.266,1.0,0.99,0.994,0.225,0.201,0.213
3000,B2_2,0.149,-0.039,-0.248,-0.231,0.993,0.971,0.997,-0.244,-0.234,-0.237,0.99,1.0,0.997,0.173,0.149,0.152
3000,B2_3,0.119,-0.065,-0.274,-0.257,0.984,0.958,0.992,-0.271,-0.262,-0.264,0.994,0.997,1.0,0.187,0.162,0.168
3000,y1,0.085,0.111,0.072,-0.006,0.153,0.162,0.141,-0.022,-0.032,-0.016,0.225,0.173,0.187,1.0,0.997,0.992
3000,y2,0.05,0.118,0.086,0.004,0.129,0.138,0.118,-0.01,-0.021,-0.004,0.201,0.149,0.162,0.997,1.0,0.994
3000,y3,0.013,0.057,0.039,-0.053,0.123,0.121,0.118,-0.068,-0.077,-0.064,0.213,0.152,0.168,0.992,0.994,1.0
3500,.,1.0,0.16,0.06,0.097,0.122,0.176,0.11,0.127,0.186,0.007,0.136,0.114,0.032,0.017,0.006,-0.065
3500,A1_1,0.16,1.0,0.911,0.952,-0.049,0.099,-0.062,0.943,0.899,0.849,-0.015,-0.051,-0.13,0.094,0.111,0.068
3500,A1_2,0.06,0.911,1.0,0.962,-0.266,-0.134,-0.284,0.943,0.919,0.856,-0.178,-0.246,-0.314,0.105,0.123,0.106
3500,A1_3,0.097,0.952,0.962,1.0,-0.276,-0.134,-0.291,0.992,0.965,0.93,-0.207,-0.266,-0.344,0.016,0.039,0.013
3500,B1_1,0.122,-0.049,-0.266,-0.276,1.0,0.985,0.999,-0.274,-0.251,-0.335,0.955,0.989,0.978,0.142,0.129,0.096
3500,B1_2,0.176,0.099,-0.134,-0.134,0.985,1.0,0.983,-0.132,-0.113,-0.202,0.935,0.97,0.94,0.143,0.132,0.086
3500,B1_3,0.11,-0.062,-0.284,-0.291,0.999,0.983,1.0,-0.29,-0.269,-0.346,0.946,0.985,0.974,0.135,0.121,0.089
3500,A2_1,0.127,0.943,0.943,0.992,-0.274,-0.132,-0.29,1.0,0.98,0.915,-0.197,-0.262,-0.346,-0.014,0.005,-0.023
3500,A2_2,0.186,0.899,0.919,0.965,-0.251,-0.113,-0.269,0.98,1.0,0.894,-0.153,-0.235,-0.327,-0.035,-0.015,-0.046
3500,A2_3,0.007,0.849,0.856,0.93,-0.335,-0.202,-0.346,0.915,0.894,1.0,-0.304,-0.339,-0.414,0.05,0.087,0.067
3500,B2_1,0.136,-0.015,-0.178,-0.207,0.955,0.935,0.946,-0.197,-0.153,-0.304,1.0,0.98,0.965,0.175,0.164,0.135
3500,B2_2,0.114,-0.051,-0.246,-0.266,0.989,0.97,0.985,-0.262,-0.235,-0.339,0.98,1.0,0.986,0.152,0.139,0.109
3500,B2_3,0.032,-0.13,-0.314,-0.344,0.978,0.94,0.974,-0.346,-0.327,-0.414,0.965,0.986,1.0,0.208,0.193,0.175
3500,y1,0.017,0.094,0.105,0.016,0.142,0.143,0.135,-0.014,-0.035,0.05,0.175,0.152,0.208,1.0,0.998,0.992
3500,y2,0.006,0.111,0.123,0.039,0.129,0.132,0.121,0.005,-0.015,0.087,0.164,0.139,0.193,0.998,1.0,0.993
3500,y3,-0.065,0.068,0.106,0.013,0.096,0.086,0.089,-0.023,-0.046,0.067,0.135,0.109,0.175,0.992,0.993,1.0
4000,.,1.0,-0.075,-0.047,-0.117,0.158,0.118,0.128,-0.081,0.007,-0.166,0.117,0.149,0.094,-0.052,-0.08,-0.073
4000,A1_1,-0.075,1.0,0.909,0.974,-0.127,-0.071,-0.174,0.955,0.905,0.957,-0.193,-0.14,-0.291,0.241,0.196,0.169
4000,A1_2,-0.047,0.909,1.0,0.884,-0.174,-0.149,-0.235,0.939,0.92,0.877,-0.185,-0.17,-0.326,0.209,0.151,0.149
4000,A1_3,-0.117,0.974,0.884,1.0,-0.261,-0.191,-0.298,0.959,0.919,0.977,-0.302,-0.256,-0.411,0.222,0.186,0.165
4000,B1_1,0.158,-0.127,-0.174,-0.261,1.0,0.971,0.993,-0.251,-0.192,-0.287,0.97,0.973,0.946,0.075,0.058,0.052
4000,B1_2,0.118,-0.071,-0.149,-0.191,0.971,1.0,0.975,-0.216,-0.137,-0.216,0.919,0.958,0.952,0.083,0.076,0.064
4000,B1_3,0.128,-0.174,-0.235,-0.298,0.993,0.975,1.0,-0.299,-0.227,-0.329,0.96,0.972,0.953,0.016,0.008,0.0
4000,A2_1,-0.081,0.955,0.939,0.959,-0.251,-0.216,-0.299,1.0,0.957,0.914,-0.276,-0.242,-0.405,0.199,0.146,0.136
4000,A2_2,0.007,0.905,0.92,0.919,-0.192,-0.137,-0.227,0.957,1.0,0.849,-0.212,-0.18,-0.324,0.169,0.124,0.122
4000,A2_3,-0.166,0.957,0.877,0.977,-0.287,-0.216,-0.329,0.914,0.849,1.0,-0.326,-0.289,-0.434,0.226,0.199,0.17
4000,B2_1,0.117,-0.193,-0.185,-0.302,0.97,0.919,0.96,-0.276,-0.212,-0.326,1.0,0.971,0.929,0.085,0.072,0.072
4000,B2_2,0.149,-0.14,-0.17,-0.256,0.973,0.958,0.972,-0.242,-0.18,-0.289,0.971,1.0,0.949,0.083,0.068,0.063
4000,B2_3,0.094,-0.291,-0.326,-0.411,0.946,0.952,0.953,-0.405,-0.324,-0.434,0.929,0.949,1.0,0.161,0.165,0.161
4000,y1,-0.052,0.241,0.209,0.222,0.075,0.083,0.016,0.199,0.169,0.226,0.085,0.083,0.161,1.0,0.993,0.994
4000,y2,-0.08,0.196,0.151,0.186,0.058,0.076,0.008,0.146,0.124,0.199,0.072,0.068,0.165,0.993,1.0,0.996
4000,y3,-0.073,0.169,0.149,0.165,0.052,0.064,0.0,0.136,0.122,0.17,0.072,0.063,0.161,0.994,0.996,1.0
4500,.,1.0,0.034,0.091,-0.129,0.165,0.067,0.112,-0.085,-0.042,-0.145,0.1,0.164,0.145,-0.055,-0.14,-0.127
4500,A1_1,0.034,1.0,0.824,0.879,0.071,0.157,0.067,0.856,0.941,0.857,-0.027,0.059,0.042,0.121,0.134,0.125
4500,A1_2,0.091,0.824,1.0,0.814,0.084,0.166,0.027,0.913,0.863,0.776,0.031,0.093,0.061,0.218,0.195,0.229
4500,A1_3,-0.129,0.879,0.814,1.0,-0.111,-0.018,-0.128,0.891,0.962,0.984,-0.194,-0.111,-0.121,0.179,0.218,0.232
4500,B1_1,0.165,0.071,0.084,-0.111,1.0,0.977,0.947,-0.147,-0.104,-0.127,0.954,0.995,0.983,0.103,0.023,-0.024
4500,B1_2,0.067,0.157,0.166,-0.018,0.977,1.0,0.94,-0.05,-0.013,-0.021,0.936,0.973,0.976,0.201,0.123,0.068
4500,B1_3,0.112,0.067,0.027,-0.128,0.947,0.94,1.0,-0.158,-0.101,-0.137,0.845,0.93,0.962,0.161,0.101,0.045
4500,A2_1,-0.085,0.856,0.913,0.891,-0.147,-0.05,-0.158,1.0,0.939,0.857,-0.201,-0.15,-0.161,0.261,0.281,0.305
4500,A2_2,-0.042,0.941,0.863,0.962,-0.104,-0.013,-0.101,0.939,1.0,0.939,-0.181,-0.108,-0.114,0.149,0.183,0.194
4500,A2_3,-0.145,0.857,0.776,0.984,-0.127,-0.021,-0.137,0.857,0.939,1.0,-0.203,-0.128,-0.133,0.158,0.199,0.199
4500,B2_1,0.1,-0.027,0.031,-0.194,0.954,0.936,0.845,-0.201,-0.181,-0.203,1.0,0.953,0.924,0.095,0.014,-0.029
4500,B2_2,0.164,0.059,0.093,-0.111,0.995,0.973,0.93,-0.15,-0.108,-0.128,0.953,1.0,0.979,0.09,0.009,-0.035
4500,B2_3,0.145,0.042,0.061,-0.121,0.983,0.976,0.962,-0.161,-0.114,-0.133,0.924,0.979,1.0,0.187,0.108,0.055
4500,y1,-0.055,0.121,0.218,0.179,0.103,0.201,0.161,0.261,0.149,0.158,0.095,0.09,0.187,1.0,0.989,0.98
4500,y2,-0.14,0.134,0.195,0.218,0.023,0.123,0.101,0.281,0.183,0.199,0.014,0.009,0.108,0.989,1.0,0.992
4500,y3,-0.127,0.125,0.229,0.232,-0.024,0.068,0.045,0.305,0.194,0.199,-0.029,-0.035,0.055,0.98,0.992,1.0
5000,.,1.0,0.028,-0.039,-0.164,0.053,-0.006,0.064,-0.106,-0.18,-0.1,-0.014,-0.003,0.022,-0.109,-0.146,-0.147
5000,A1_1,0.028,1.0,0.975,0.914,0.058,0.16,-0.01,0.938,0.896,0.956,0.034,0.171,-0.005,0.175,0.212,0.197
5000,A1_2,-0.039,0.975,1.0,0.947,-0.008,0.085,-0.127,0.961,0.923,0.974,-0.017,0.092,-0.079,0.199,0.232,0.214
5000,A1_3,-0.164,0.914,0.947,1.0,-0.13,-0.047,-0.232,0.939,0.994,0.967,-0.141,-0.029,-0.204,0.15,0.21,0.193
5000,B1_1,0.053,0.058,-0.008,-0.13,1.0,0.979,0.892,-0.141,-0.18,-0.11,0.985,0.95,0.987,-0.082,-0.106,-0.131
5000,B1_2,-0.006,0.16,0.085,-0.047,0.979,1.0,0.921,-0.046,-0.102,-0.009,0.958,0.98,0.979,0.023,0.003,-0.022
5000,B1_3,0.064,-0.01,-0.127,-0.232,0.892,0.921,1.0,-0.225,-0.272,-0.184,0.828,0.947,0.924,0.014,0.0,-0.024
5000,A2_1,-0.106,0.938,0.961,0.939,-0.141,-0.046,-0.225,1.0,0.939,0.949,-0.154,-0.027,-0.208,0.23,0.266,0.243
5000,A2_2,-0.18,0.896,0.923,0.994,-0.18,-0.102,-0.272,0.939,1.0,0.954,-0.191,-0.079,-0.254,0.132,0.195,0.18
5000,A2_3,-0.1,0.956,0.974,0.967,-0.11,-0.009,-0.184,0.949,0.954,1.0,-0.12,0.021,-0.177,0.155,0.209,0.199
5000,B2_1,-0.014,0.034,-0.017,-0.141,0.985,0.958,0.828,-0.154,-0.191,-0.12,1.0,0.908,0.97,-0.083,-0.109,-0.131
5000,B2_2,-0.003,0.171,0.092,-0.029,0.95,0.98,0.947,-0.027,-0.079,0.021,0.908,1.0,0.957,0.004,-0.006,-0.034
5000,B2_3,0.022,-0.005,-0.079,-0.204,0.987,0.979,0.924,-0.208,-0.254,-0.177,0.97,0.957,1.0,-0.039,-0.065,-0.089
5000,y1,-0.109,0.175,0.199,0.15,-0.082,0.023,0.014,0.23,0.132,0.155,-0.083,0.004,-0.039,1.0,0.991,0.987
5000,y2,-0.146,0.212,0.232,0.21,-0.106,0.003,0.0,0.266,0.195,0.209,-0.109,-0.006,-0.065,0.991,1.0,0.994
5000,y3,-0.147,0.197,0.214,0.193,-0.131,-0.022,-0.024,0.243,0.18,0.199,-0.131,-0.034,-0.089,0.987,0.994,1.0
5500,.,1.0,0.025,0.0,0.014,-0.046,0.02,-0.01,-0.122,-0.035,0.01,-0.059,-0.026,-0.071,-0.162,-0.084,-0.173
5500,A1_1,0.025,1.0,0.97,0.974,0.157,0.127,0.108,0.934,0.947,0.984,0.033,0.038,-0.088,0.18,0.34,0.198
5500,A1_2,0.0,0.97,1.0,0.993,0.087,0.069,0.044,0.949,0.976,0.987,-0.026,-0.021,-0.131,0.234,0.404,0.254
5500,A1_3,0.014,0.974,0.993,1.0,0.073,0.055,0.034,0.945,0.988,0.994,-0.037,-0.033,-0.144,0.168,0.346,0.202
5500,B1_1,-0.046,0.157,0.087,0.073,1.0,0.953,0.984,-0.028,0.05,0.087,0.979,0.97,0.929,-0.047,0.039,-0.085
5500,B1_2,0.02,0.127,0.069,0.055,0.953,1.0,0.979,-0.088,0.015,0.059,0.934,0.975,0.946,0.002,0.102,-0.023
5500,B1_3,-0.01,0.108,0.044,0.034,0.984,0.979,1.0,-0.094,0.004,0.041,0.963,0.99,0.948,-0.07,0.023,-0.092
5500,A2_1,-0.122,0.934,0.949,0.945,-0.028,-0.088,-0.094,1.0,0.96,0.939,-0.142,-0.165,-0.263,0.252,0.368,0.249
5500,A2_2,-0.035,0.947,0.976,0.988,0.05,0.015,0.004,0.96,1.0,0.974,-0.056,-0.07,-0.173,0.161,0.325,0.189
5500,A2_3,0.01,0.984,0.987,0.994,0.087,0.059,0.041,0.939,0.974,1.0,-0.023,-0.026,-0.14,0.159,0.335,0.194
5500,B2_1,-0.059,0.033,-0.026,-0.037,0.979,0.934,0.963,-0.142,-0.056,-0.023,1.0,0.97,0.966,-0.034,0.044,-0.065
5500,B2_2,-0.026,0.038,-0.021,-0.033,0.97,0.975,0.99,-0.165,-0.07,-0.026,0.97,1.0,0.972,-0.063,0.026,-0.083
5500,B2_3,-0.071,-0.088,-0.131,-0.144,0.929,0.946,0.948,-0.263,-0.173,-0.14,0.966,0.972,1.0,-0.02,0.055,-0.04
5500,y1,-0.162,0.18,0.234,0.168,-0.047,0.002,-0.07,0.252,0.161,0.159,-0.034,-0.063,-0.02,1.0,0.961,0.977
5500,y2,-0.084,0.34,0.404,0.346,0.039,0.102,0.023,0.368,0.325,0.335,0.044,0.026,0.055,0.961,1.0,0.96
5500,y3,-0.173,0.198,0.254,0.202,-0.085,-0.023,-0.092,0.249,0.189,0.194,-0.065,-0.083,-0.04,0.977,0.96,1.0
6000,.,1.0,0.062,0.032,0.045,-0.004,0.049,0.073,0.03,0.087,0.054,0.025,0.1,0.116,0.057,0.04,0.035
6000,A1_1,0.062,1.0,0.976,0.977,0.216,0.183,0.136,0.927,0.966,0.984,0.111,0.105,0.035,0.327,0.33,0.311
6000,A1_2,0.032,0.976,1.0,0.991,0.156,0.114,0.083,0.958,0.962,0.984,0.047,0.046,-0.023,0.341,0.343,0.32
6000,A1_3,0.045,0.977,0.991,1.0,0.104,0.076,0.043,0.959,0.979,0.992,-0.002,0.015,-0.05,0.3,0.31,0.291
6000,B1_1,-0.004,0.216,0.156,0.104,1.0,0.963,0.967,0.03,0.044,0.168,0.963,0.929,0.887,0.19,0.172,0.146
6000,B1_2,0.049,0.183,0.114,0.076,0.963,1.0,0.986,0.03,0.053,0.123,0.958,0.988,0.97,0.221,0.219,0.195
6000,B1_3,0.073,0.136,0.083,0.043,0.967,0.986,1.0,-0.014,0.004,0.094,0.94,0.987,0.96,0.158,0.155,0.133
6000,A2_1,0.03,0.927,0.958,0.959,0.03,0.03,-0.014,1.0,0.96,0.92,-0.064,-0.025,-0.077,0.374,0.387,0.358
6000,A2_2,0.087,0.966,0.962,0.979,0.044,0.053,0.004,0.96,1.0,0.961,-0.042,-0.001,-0.055,0.275,0.292,0.272
6000,A2_3,0.054,0.984,0.984,0.992,0.168,0.123,0.094,0.92,0.961,1.0,0.06,0.057,-0.015,0.272,0.276,0.26
6000,B2_1,0.025,0.111,0.047,-0.002,0.963,0.958,0.94,-0.064,-0.042,0.06,1.0,0.93,0.92,0.267,0.247,0.218
6000,B2_2,0.1,0.105,0.046,0.015,0.929,0.988,0.987,-0.025,-0.001,0.057,0.93,1.0,0.988,0.165,0.169,0.147
6000,B2_3,0.116,0.035,-0.023,-0.05,0.887,0.97,0.96,-0.077,-0.055,-0.015,0.92,0.988,1.0,0.206,0.213,0.193
6000,y1,0.057,0.327,0.341,0.3,0.19,0.221,0.158,0.374,0.275,0.272,0.267,0.165,0.206,1.0,0.994,0.987
6000,y2,0.04,0.33,0.343,0.31,0.172,0.219,0.155,0.387,0.292,0.276,0.247,0.169,0.213,0.994,1.0,0.996
6000,y3,0.035,0.311,0.32,0.291,0.146,0.195,0.133,0.358,0.272,0.26,0.218,0.147,0.193,0.987,0.996,1.0
6500,.,1.0,-0.012,0.024,-0.029,0.015,0.075,0.156,-0.007,-0.023,-0.067,-0.036,0.036,0.122,0.149,0.136,0.078
6500,A1_1,-0.012,1.0,0.989,0.974,0.265,0.219,0.173,0.968,0.97,0.979,0.202,0.243,0.086,0.325,0.293,0.304
6500,A1_2,0.024,0.989,1.0,0.984,0.23,0.189,0.148,0.969,0.977,0.978,0.172,0.219,0.068,0.322,0.295,0.302
6500,A1_3,-0.029,0.974,0.984,1.0,0.136,0.103,0.072,0.972,0.993,0.988,0.074,0.13,-0.007,0.3,0.286,0.302
6500,B1_1,0.015,0.265,0.23,0.136,1.0,0.984,0.934,0.124,0.099,0.171,0.98,0.972,0.917,0.177,0.132,0.064
6500,B1_2,0.075,0.219,0.189,0.103,0.984,1.0,0.981,0.092,0.069,0.122,0.962,0.981,0.968,0.201,0.165,0.083
6500,B1_3,0.156,0.173,0.148,0.072,0.934,0.981,1.0,0.057,0.041,0.076,0.895,0.949,0.973,0.179,0.152,0.061
6500,A2_1,-0.007,0.968,0.969,0.972,0.124,0.092,0.057,1.0,0.978,0.952,0.065,0.132,-0.007,0.365,0.35,0.365
6500,A2_2,-0.023,0.97,0.977,0.993,0.099,0.069,0.041,0.978,1.0,0.978,0.04,0.104,-0.028,0.282,0.273,0.287
6500,A2_3,-0.067,0.979,0.978,0.988,0.171,0.122,0.076,0.952,0.978,1.0,0.113,0.144,-0.011,0.248,0.228,0.247
6500,B2_1,-0.036,0.202,0.172,0.074,0.98,0.962,0.895,0.065,0.04,0.113,1.0,0.959,0.914,0.229,0.187,0.118
6500,B2_2,0.036,0.243,0.219,0.13,0.972,0.981,0.949,0.132,0.104,0.144,0.959,1.0,0.96,0.186,0.147,0.065
6500,B2_3,0.122,0.086,0.068,-0.007,0.917,0.968,0.973,-0.007,-0.028,-0.011,0.914,0.96,1.0,0.213,0.194,0.098
6500,y1,0.149,0.325,0.322,0.3,0.177,0.201,0.179,0.365,0.282,0.248,0.229,0.186,0.213,1.0,0.992,0.986
6500,y2,0.136,0.293,0.295,0.286,0.132,0.165,0.152,0.35,0.273,0.228,0.187,0.147,0.194,0.992,1.0,0.992
6500,y3,0.078,0.304,0.302,0.302,0.064,0.083,0.061,0.365,0.287,0.247,0.118,0.065,0.098,0.986,0.992,1.0
7000,.,1.0,0.131,0.172,0.137,-0.022,0.005,0.107,0.147,0.127,0.141,0.001,0.039,0.06,0.242,0.228,0.211
7000,A1_1,0.131,1.0,0.992,0.975,0.175,0.184,0.08,0.989,0.981,0.986,0.117,0.103,0.032,0.345,0.423,0.373
7000,A1_2,0.172,0.992,1.0,0.989,0.135,0.154,0.069,0.993,0.988,0.996,0.086,0.081,0.023,0.362,0.434,0.391
7000,A1_3,0.137,0.975,0.989,1.0,0.068,0.093,0.027,0.989,0.995,0.997,0.022,0.026,-0.024,0.333,0.399,0.367
7000,B1_1,-0.022,0.175,0.135,0.068,1.0,0.989,0.924,0.087,0.066,0.09,0.99,0.976,0.945,0.169,0.229,0.146
7000,B1_2,0.005,0.184,0.154,0.093,0.989,1.0,0.958,0.107,0.089,0.11,0.989,0.988,0.962,0.202,0.249,0.179
7000,B1_3,0.107,0.08,0.069,0.027,0.924,0.958,1.0,0.025,0.018,0.034,0.951,0.981,0.98,0.172,0.196,0.151
7000,A2_1,0.147,0.989,0.993,0.989,0.087,0.107,0.025,1.0,0.995,0.995,0.038,0.034,-0.023,0.341,0.41,0.372
7000,A2_2,0.127,0.981,0.988,0.995,0.066,0.089,0.018,0.995,1.0,0.996,0.018,0.02,-0.034,0.313,0.38,0.345
7000,A2_3,0.141,0.986,0.996,0.997,0.09,0.11,0.034,0.995,0.996,1.0,0.041,0.041,-0.015,0.333,0.403,0.366
7000,B2_1,0.001,0.117,0.086,0.022,0.99,0.989,0.951,0.038,0.018,0.041,1.0,0.991,0.974,0.186,0.235,0.164
7000,B2_2,0.039,0.103,0.081,0.026,0.976,0.988,0.981,0.034,0.02,0.041,0.991,1.0,0.99,0.155,0.196,0.133
7000,B2_3,0.06,0.032,0.023,-0.024,0.945,0.962,0.98,-0.023,-0.034,-0.015,0.974,0.99,1.0,0.137,0.169,0.115
7000,y1,0.242,0.345,0.362,0.333,0.169,0.202,0.172,0.341,0.313,0.333,0.186,0.155,0.137,1.0,0.989,0.996
7000,y2,0.228,0.423,0.434,0.399,0.229,0.249,0.196,0.41,0.38,0.403,0.235,0.196,0.169,0.989,1.0,0.989
7000,y3,0.211,0.373,0.391,0.367,0.146,0.179,0.151,0.372,0.345,0.366,0.164,0.133,0.115,0.996,0.989,1.0
7500,.,1.0,0.001,0.033,0.002,-0.022,0.032,0.116,-0.015,-0.017,0.028,-0.047,0.045,-0.02,0.205,0.202,0.208
7500,A1_1,0.001,1.0,0.991,0.991,0.191,0.174,0.102,0.979,0.984,0.991,0.175,0.128,0.099,0.318,0.339,0.3
7500,A1_2,0.033,0.991,1.0,0.994,0.143,0.13,0.075,0.982,0.984,0.991,0.138,0.101,0.057,0.324,0.353,0.315
7500,A1_3,0.002,0.991,0.994,1.0,0.128,0.111,0.05,0.978,0.996,0.993,0.122,0.08,0.042,0.277,0.305,0.269
7500,B1_1,-0.022,0.191,0.143,0.128,1.0,0.991,0.939,0.085,0.096,0.153,0.99,0.961,0.979,0.15,0.141,0.11
7500,B1_2,0.032,0.174,0.13,0.111,0.991,1.0,0.974,0.069,0.079,0.137,0.98,0.979,0.977,0.16,0.155,0.124
7500,B1_3,0.116,0.102,0.075,0.05,0.939,0.974,1.0,0.009,0.019,0.076,0.934,0.978,0.936,0.126,0.13,0.101
7500,A2_1,-0.015,0.979,0.982,0.978,0.085,0.069,0.009,1.0,0.982,0.971,0.079,0.033,-0.005,0.341,0.369,0.332
7500,A2_2,-0.017,0.984,0.984,0.996,0.096,0.079,0.019,0.982,1.0,0.982,0.089,0.047,0.01,0.272,0.3,0.267
7500,A2_3,0.028,0.991,0.991,0.993,0.153,0.137,0.076,0.971,0.982,1.0,0.146,0.108,0.068,0.262,0.29,0.254
7500,B2_1,-0.047,0.175,0.138,0.122,0.99,0.98,0.934,0.079,0.089,0.146,1.0,0.966,0.985,0.166,0.165,0.136
7500,B2_2,0.045,0.128,0.101,0.08,0.961,0.979,0.978,0.033,0.047,0.108,0.966,1.0,0.967,0.112,0.116,0.086
7500,B2_3,-0.02,0.099,0.057,0.042,0.979,0.977,0.936,-0.005,0.01,0.068,0.985,0.967,1.0,0.202,0.194,0.169
7500,y1,0.205,0.318,0.324,0.277,0.15,0.16,0.126,0.341,0.272,0.262,0.166,0.112,0.202,1.0,0.996,0.992
7500,y2,0.202,0.339,0.353,0.305,0.141,0.155,0.13,0.369,0.3,0.29,0.165,0.116,0.194,0.996,1.0,0.996
7500,y3,0.208,0.3,0.315,0.269,0.11,0.124,0.101,0.332,0.267,0.254,0.136,0.086,0.169,0.992,0.996,1.0
8000,.,1.0,-0.075,-0.102,-0.117,0.033,0.043,0.035,-0.141,-0.122,-0.115,-0.019,0.038,0.031,0.168,0.138,0.144
8000,A1_1,-0.075,1.0,0.978,0.977,0.318,0.315,0.324,0.973,0.973,0.976,0.255,0.307,0.218,0.038,0.057,0.056
8000,A1_2,-0.102,0.978,1.0,0.993,0.319,0.307,0.325,0.985,0.979,0.993,0.266,0.309,0.229,-0.038,-0.018,-0.018
8000,A1_3,-0.117,0.977,0.993,1.0,0.276,0.264,0.281,0.972,0.994,1.0,0.221,0.266,0.184,-0.074,-0.053,-0.052
8000,B1_1,0.033,0.318,0.319,0.276,1.0,0.997,1.0,0.298,0.228,0.277,0.963,1.0,0.97,-0.025,-0.032,-0.036
8000,B1_2,0.043,0.315,0.307,0.264,0.997,1.0,0.996,0.284,0.216,0.266,0.973,0.997,0.979,0.016,0.009,0.004
8000,B1_3,0.035,0.324,0.325,0.281,1.0,0.996,1.0,0.303,0.234,0.283,0.959,0.999,0.966,-0.029,-0.036,-0.04
8000,A2_1,-0.141,0.973,0.985,0.972,0.298,0.284,0.303,1.0,0.966,0.97,0.24,0.286,0.2,0.007,0.031,0.03
8000,A2_2,-0.122,0.973,0.979,0.994,0.228,0.216,0.234,0.966,1.0,0.994,0.169,0.218,0.133,-0.073,-0.05,-0.049
8000,A2_3,-0.115,0.976,0.993,1.0,0.277,0.266,0.283,0.97,0.994,1.0,0.222,0.267,0.185,-0.081,-0.06,-0.059
8000,B2_1,-0.019,0.255,0.266,0.221,0.963,0.973,0.959,0.24,0.169,0.222,1.0,0.964,0.994,0.063,0.059,0.055
8000,B2_2,0.038,0.307,0.309,0.266,1.0,0.997,0.999,0.286,0.218,0.267,0.964,1.0,0.972,-0.03,-0.037,-0.042
8000,B2_3,0.031,0.218,0.229,0.184,0.97,0.979,0.966,0.2,0.133,0.185,0.994,0.972,1.0,0.04,0.034,0.029
8000,y1,0.168,0.038,-0.038,-0.074,-0.025,0.016,-0.029,0.007,-0.073,-0.081,0.063,-0.03,0.04,1.0,0.998,0.998
8000,y2,0.138,0.057,-0.018,-0.053,-0.032,0.009,-0.036,0.031,-0.05,-0.06,0.059,-0.037,0.034,0.998,1.0,0.999
8000,y3,0.144,0.056,-0.018,-0.052,-0.036,0.004,-0.04,0.03,-0.049,-0.059,0.055,-0.042,0.029,0.998,0.999,1.0
8500,.,1.0,-0.06,0.083,0.029,0.096,0.043,0.093,-0.093,-0.022,0.038,0.052,0.018,0.035,0.114,0.113,0.169
8500,A1_1,-0.06,1.0,0.966,0.974,0.239,0.273,0.186,0.959,0.983,0.948,0.227,0.247,0.218,0.21,0.261,0.271
8500,A1_2,0.083,0.966,1.0,0.99,0.248,0.263,0.204,0.926,0.974,0.978,0.218,0.237,0.209,0.305,0.351,0.372
8500,A1_3,0.029,0.974,0.99,1.0,0.184,0.205,0.146,0.95,0.992,0.989,0.157,0.177,0.151,0.255,0.306,0.328
8500,B1_1,0.096,0.239,0.248,0.184,1.0,0.988,0.988,0.13,0.166,0.156,0.993,0.99,0.989,0.246,0.258,0.222
8500,B1_2,0.043,0.273,0.263,0.205,0.988,1.0,0.985,0.165,0.192,0.168,0.989,0.991,0.993,0.215,0.227,0.186
8500,B1_3,0.093,0.186,0.204,0.146,0.988,0.985,1.0,0.085,0.126,0.122,0.982,0.982,0.987,0.215,0.219,0.183
8500,A2_1,-0.093,0.959,0.926,0.95,0.13,0.165,0.085,1.0,0.971,0.948,0.129,0.148,0.121,0.197,0.261,0.275
8500,A2_2,-0.022,0.983,0.974,0.992,0.166,0.192,0.126,0.971,1.0,0.981,0.152,0.171,0.145,0.191,0.247,0.266
8500,A2_3,0.038,0.948,0.978,0.989,0.156,0.168,0.122,0.948,0.981,1.0,0.126,0.147,0.118,0.263,0.319,0.337
8500,B2_1,0.052,0.227,0.218,0.157,0.993,0.989,0.982,0.129,0.152,0.126,1.0,0.997,0.997,0.205,0.219,0.179
8500,B2_2,0.018,0.247,0.237,0.177,0.99,0.991,0.982,0.148,0.171,0.147,0.997,1.0,0.997,0.195,0.207,0.164
8500,B2_3,0.035,0.218,0.209,0.151,0.989,0.993,0.987,0.121,0.145,0.118,0.997,0.997,1.0,0.183,0.195,0.154
8500,y1,0.114,0.21,0.305,0.255,0.246,0.215,0.215,0.197,0.191,0.263,0.205,0.195,0.183,1.0,0.984,0.977
8500,y2,0.113,0.261,0.351,0.306,0.258,0.227,0.219,0.261,0.247,0.319,0.219,0.207,0.195,0.984,1.0,0.989
8500,y3,0.169,0.271,0.372,0.328,0.222,0.186,0.183,0.275,0.266,0.337,0.179,0.164,0.154,0.977,0.989,1.0
9000,.,1.0,-0.064,-0.057,-0.09,0.032,0.032,0.035,-0.047,-0.084,-0.096,0.014,0.082,0.09,0.13,0.173,0.128
9000,A1_1,-0.064,1.0,0.986,0.985,0.338,0.328,0.35,0.973,0.986,0.983,0.328,0.293,0.277,0.055,0.102,0.093
9000,A1_2,-0.057,0.986,1.0,0.989,0.306,0.287,0.309,0.977,0.991,0.987,0.3,0.254,0.242,0.025,0.083,0.075
9000,A1_3,-0.09,0.985,0.989,1.0,0.258,0.241,0.262,0.96,1.0,1.0,0.252,0.208,0.195,-0.031,0.024,0.017
9000,B1_1,0.032,0.338,0.306,0.258,1.0,0.989,0.992,0.287,0.26,0.264,0.999,0.983,0.988,0.163,0.193,0.12
9000,B1_2,0.032,0.328,0.287,0.241,0.989,1.0,0.998,0.286,0.242,0.246,0.987,0.995,0.995,0.211,0.236,0.162
9000,B1_3,0.035,0.35,0.309,0.262,0.992,0.998,1.0,0.299,0.264,0.268,0.988,0.995,0.992,0.207,0.231,0.157
9000,A2_1,-0.047,0.973,0.977,0.96,0.287,0.286,0.299,1.0,0.964,0.957,0.28,0.248,0.233,0.101,0.162,0.155
9000,A2_2,-0.084,0.986,0.991,1.0,0.26,0.242,0.264,0.964,1.0,0.999,0.253,0.209,0.196,-0.026,0.03,0.024
9000,A2_3,-0.096,0.983,0.987,1.0,0.264,0.246,0.268,0.957,0.999,1.0,0.257,0.213,0.2,-0.035,0.02,0.012
9000,B2_1,0.014,0.328,0.3,0.252,0.999,0.987,0.988,0.28,0.253,0.257,1.0,0.98,0.985,0.139,0.17,0.099
9000,B2_2,0.082,0.293,0.254,0.208,0.983,0.995,0.995,0.248,0.209,0.213,0.98,1.0,0.995,0.21,0.237,0.157
9000,B2_3,0.09,0.277,0.242,0.195,0.988,0.995,0.992,0.233,0.196,0.2,0.985,0.995,1.0,0.183,0.21,0.13
9000,y1,0.13,0.055,0.025,-0.031,0.163,0.211,0.207,0.101,-0.026,-0.035,0.139,0.21,0.183,1.0,0.989,0.989
9000,y2,0.173,0.102,0.083,0.024,0.193,0.236,0.231,0.162,0.03,0.02,0.17,0.237,0.21,0.989,1.0,0.992
9000,y3,0.128,0.093,0.075,0.017,0.12,0.162,0.157,0.155,0.024,0.012,0.099,0.157,0.13,0.989,0.992,1.0
9500,.,1.0,0.049,0.153,0.066,0.228,0.094,0.094,0.004,-0.006,0.068,0.184,0.069,0.103,0.217,0.106,0.159
9500,A1_1,0.049,1.0,0.952,0.98,0.279,0.357,0.327,0.968,0.974,0.985,0.246,0.319,0.277,0.218,0.136,0.171
9500,A1_2,0.153,0.952,1.0,0.948,0.364,0.401,0.378,0.887,0.919,0.947,0.309,0.367,0.337,0.354,0.253,0.299
9500,A1_3,0.066,0.98,0.948,1.0,0.232,0.317,0.291,0.959,0.967,0.983,0.199,0.276,0.236,0.178,0.082,0.13
9500,B1_1,0.228,0.279,0.364,0.232,1.0,0.957,0.971,0.135,0.181,0.197,0.98,0.962,0.971,0.43,0.368,0.393
9500,B1_2,0.094,0.357,0.401,0.317,0.957,1.0,0.992,0.235,0.264,0.266,0.942,0.985,0.973,0.323,0.256,0.284
9500,B1_3,0.094,0.327,0.378,0.291,0.971,0.992,1.0,0.21,0.244,0.242,0.971,0.996,0.99,0.341,0.279,0.306
9500,A2_1,0.004,0.968,0.887,0.959,0.135,0.235,0.21,1.0,0.979,0.979,0.132,0.209,0.165,0.111,0.03,0.068
9500,A2_2,-0.006,0.974,0.919,0.967,0.181,0.264,0.244,0.979,1.0,0.985,0.178,0.247,0.209,0.119,0.03,0.071
9500,A2_3,0.068,0.985,0.947,0.983,0.197,0.266,0.242,0.979,0.985,1.0,0.173,0.236,0.203,0.168,0.076,0.121
9500,B2_1,0.184,0.246,0.309,0.199,0.98,0.942,0.971,0.132,0.178,0.173,1.0,0.974,0.986,0.396,0.333,0.361
9500,B2_2,0.069,0.319,0.367,0.276,0.962,0.985,0.996,0.209,0.247,0.236,0.974,1.0,0.992,0.338,0.274,0.301
9500,B2_3,0.103,0.277,0.337,0.236,0.971,0.973,0.99,0.165,0.209,0.203,0.986,0.992,1.0,0.336,0.271,0.299
9500,y1,0.217,0.218,0.354,0.178,0.43,0.323,0.341,0.111,0.119,0.168,0.396,0.338,0.336,1.0,0.979,0.986
9500,y2,0.106,0.136,0.253,0.082,0.368,0.256,0.279,0.03,0.03,0.076,0.333,0.274,0.271,0.979,1.0,0.985
9500,y3,0.159,0.171,0.299,0.13,0.393,0.284,0.306,0.068,0.071,0.121,0.361,0.301,0.299,0.986,0.985,1.0
10000,.,1.0,0.023,0.092,-0.002,0.107,0.11,0.113,0.09,-0.051,0.019,0.197,0.092,0.135,0.123,0.053,0.153
10000,A1_1,0.023,1.0,0.983,0.978,0.324,0.325,0.294,0.978,0.976,0.982,0.277,0.305,0.277,0.119,0.08,0.119
10000,A1_2,0.092,0.983,1.0,0.97,0.331,0.341,0.309,0.974,0.951,0.974,0.291,0.323,0.292,0.155,0.106,0.158
10000,A1_3,-0.002,0.978,0.97,1.0,0.233,0.226,0.195,0.966,0.979,0.998,0.174,0.212,0.189,0.033,-0.008,0.035
10000,B1_1,0.107,0.324,0.331,0.233,1.0,0.984,0.987,0.242,0.226,0.246,0.965,0.979,0.982,0.321,0.31,0.339
10000,B1_2,0.11,0.325,0.341,0.226,0.984,1.0,0.99,0.247,0.207,0.24,0.967,0.975,0.985,0.35,0.344,0.371
10000,B1_3,0.113,0.294,0.309,0.195,0.987,0.99,1.0,0.216,0.181,0.208,0.985,0.985,0.987,0.383,0.379,0.408
10000,A2_1,0.09,0.978,0.974,0.966,0.242,0.247,0.216,1.0,0.963,0.974,0.218,0.239,0.214,0.111,0.072,0.115
10000,A2_2,-0.051,0.976,0.951,0.979,0.226,0.207,0.181,0.963,1.0,0.984,0.167,0.216,0.176,-0.016,-0.053,-0.02
10000,A2_3,0.019,0.982,0.974,0.998,0.246,0.24,0.208,0.974,0.984,1.0,0.192,0.228,0.203,0.016,-0.024,0.021
10000,B2_1,0.197,0.277,0.291,0.174,0.965,0.967,0.985,0.218,0.167,0.192,1.0,0.97,0.981,0.396,0.396,0.432
10000,B2_2,0.092,0.305,0.323,0.212,0.979,0.975,0.985,0.239,0.216,0.228,0.97,1.0,0.983,0.297,0.292,0.319
10000,B2_3,0.135,0.277,0.292,0.189,0.982,0.985,0.987,0.214,0.176,0.203,0.981,0.983,1.0,0.327,0.321,0.352
10000,y1,0.123,0.119,0.155,0.033,0.321,0.35,0.383,0.111,-0.016,0.016,0.396,0.297,0.327,1.0,0.989,0.994
10000,y2,0.053,0.08,0.106,-0.008,0.31,0.344,0.379,0.072,-0.053,-0.024,0.396,0.292,0.321,0.989,1.0,0.99
10000,y3,0.153,0.119,0.158,0.035,0.339,0.371,0.408,0.115,-0.02,0.021,0.432,0.319,0.352,0.994,0.99,1.0
