,,.,A1_1,A1_2,A1_3,B1_1,B1_2,B1_3,A2_1,A2_2,A2_3,B2_1,B2_2,B2_3,y1,y2,y3
0,.,0.083,0.048,0.097,0.078,0.091,0.04,0.027,0.052,0.042,0.043,0.088,0.099,0.048,0.065,0.035,0.065
0,A1_1,0.176,0.039,0.053,0.067,0.058,0.067,0.05,0.039,0.037,0.064,0.035,0.058,0.054,0.065,0.053,0.085
0,A1_2,0.199,0.046,0.021,0.044,0.052,0.05,0.052,0.049,0.038,0.026,0.076,0.136,0.019,0.091,0.047,0.054
0,A1_3,0.171,0.128,0.059,0.128,0.035,0.085,0.02,0.05,0.026,0.052,0.06,0.034,0.042,0.025,0.023,0.062
0,B1_1,0.093,0.072,0.016,0.102,0.044,0.178,0.053,0.078,0.027,0.02,0.067,0.055,0.028,0.044,0.047,0.074
0,B1_2,0.067,0.041,0.034,0.121,0.028,0.082,0.028,0.132,0.039,0.017,0.062,0.07,0.006,0.051,0.02,0.202
0,B1_3,0.043,0.119,0.032,0.053,0.028,0.187,0.028,0.033,0.044,0.027,0.017,0.046,0.011,0.083,0.084,0.164
0,A2_1,0.082,0.117,0.058,0.076,0.032,0.061,0.034,0.12,0.122,0.027,0.017,0.036,0.058,0.015,0.088,0.056
0,A2_2,0.132,0.163,0.044,0.043,0.079,0.048,0.018,0.048,0.031,0.033,0.045,0.071,0.072,0.034,0.091,0.048
0,A2_3,0.084,0.103,0.022,0.022,0.126,0.047,0.017,0.17,0.039,0.032,0.07,0.042,0.043,0.1,0.024,0.057
0,B2_1,0.125,0.076,0.056,0.034,0.049,0.135,0.018,0.095,0.069,0.023,0.063,0.03,0.022,0.075,0.056,0.076
0,B2_2,0.044,0.021,0.062,0.026,0.104,0.051,0.035,0.2,0.021,0.021,0.085,0.075,0.056,0.097,0.016,0.085
0,B2_3,0.063,0.061,0.094,0.066,0.071,0.039,0.016,0.098,0.024,0.039,0.089,0.077,0.067,0.063,0.04,0.093
0,y1,0.046,0.02,0.014,0.072,0.072,0.022,0.041,0.068,0.03,0.088,0.107,0.158,0.047,0.087,0.058,0.069
0,y2,0.052,0.082,0.036,0.123,0.025,0.009,0.027,0.133,0.023,0.049,0.013,0.263,0.021,0.074,0.025,0.044
0,y3,0.099,0.033,0.052,0.133,0.081,0.019,0.037,0.133,0.045,0.084,0.032,0.115,0.024,0.064,0.015,0.034
1,.,0.111,0.046,0.102,0.072,0.086,0.04,0.028,0.047,0.042,0.046,0.08,0.078,0.045,0.062,0.042,0.072
1,A1_1,0.301,0.027,0.041,0.045,0.048,0.061,0.045,0.026,0.027,0.057,0.029,0.036,0.043,0.057,0.059,0.097
1,A1_2,0.39,0.029,0.016,0.03,0.037,0.046,0.048,0.033,0.03,0.023,0.068,0.07,0.015,0.068,0.042,0.055
1,A1_3,0.408,0.061,0.045,0.078,0.028,0.061,0.016,0.025,0.018,0.039,0.046,0.015,0.029,0.021,0.024,0.086
1,B1_1,0.187,0.054,0.016,0.075,0.041,0.155,0.054,0.042,0.022,0.021,0.065,0.035,0.026,0.045,0.051,0.11
1,B1_2,0.218,0.027,0.025,0.087,0.027,0.064,0.035,0.068,0.037,0.02,0.061,0.054,0.007,0.061,0.021,0.189
1,B1_3,0.122,0.097,0.025,0.068,0.025,0.155,0.038,0.025,0.046,0.033,0.021,0.038,0.012,0.089,0.058,0.149
1,A2_1,0.151,0.082,0.054,0.092,0.026,0.061,0.036,0.1,0.114,0.035,0.017,0.041,0.032,0.025,0.07,0.064
1,A2_2,0.245,0.063,0.043,0.058,0.049,0.073,0.02,0.031,0.028,0.044,0.034,0.057,0.029,0.038,0.124,0.064
1,A2_3,0.258,0.063,0.018,0.023,0.068,0.082,0.029,0.071,0.033,0.046,0.047,0.026,0.021,0.108,0.029,0.077
1,B2_1,0.406,0.04,0.033,0.028,0.015,0.191,0.026,0.028,0.038,0.013,0.026,0.007,0.01,0.023,0.035,0.081
1,B2_2,0.224,0.017,0.075,0.05,0.046,0.157,0.048,0.094,0.039,0.012,0.035,0.027,0.023,0.026,0.023,0.106
1,B2_3,0.252,0.054,0.065,0.085,0.028,0.067,0.021,0.025,0.022,0.018,0.046,0.036,0.023,0.019,0.057,0.18
1,y1,0.23,0.048,0.013,0.062,0.031,0.062,0.057,0.05,0.037,0.023,0.041,0.061,0.027,0.042,0.073,0.145
1,y2,0.365,0.109,0.019,0.048,0.018,0.024,0.025,0.11,0.037,0.014,0.018,0.065,0.02,0.027,0.017,0.086
1,y3,0.246,0.131,0.048,0.045,0.045,0.022,0.02,0.087,0.077,0.03,0.016,0.052,0.04,0.059,0.02,0.062
2,.,0.102,0.05,0.11,0.07,0.085,0.039,0.028,0.049,0.044,0.047,0.077,0.072,0.044,0.064,0.044,0.075
2,A1_1,0.297,0.026,0.042,0.036,0.048,0.057,0.044,0.024,0.024,0.054,0.029,0.032,0.042,0.061,0.071,0.112
2,A1_2,0.366,0.031,0.019,0.026,0.039,0.043,0.055,0.036,0.031,0.025,0.074,0.062,0.017,0.066,0.05,0.062
2,A1_3,0.424,0.055,0.05,0.055,0.03,0.051,0.016,0.024,0.016,0.037,0.043,0.012,0.028,0.023,0.03,0.108
2,B1_1,0.16,0.05,0.019,0.055,0.045,0.131,0.061,0.042,0.02,0.026,0.078,0.032,0.031,0.055,0.06,0.135
2,B1_2,0.271,0.021,0.028,0.061,0.027,0.05,0.036,0.061,0.035,0.022,0.059,0.043,0.007,0.061,0.022,0.196
2,B1_3,0.155,0.09,0.031,0.058,0.024,0.136,0.041,0.025,0.049,0.041,0.022,0.032,0.014,0.084,0.059,0.14
2,A2_1,0.13,0.092,0.063,0.078,0.025,0.048,0.035,0.097,0.117,0.033,0.02,0.035,0.037,0.027,0.087,0.074
2,A2_2,0.216,0.053,0.046,0.047,0.055,0.06,0.018,0.034,0.026,0.042,0.042,0.061,0.034,0.047,0.145,0.075
2,A2_3,0.259,0.056,0.017,0.017,0.071,0.057,0.031,0.067,0.029,0.045,0.06,0.024,0.025,0.121,0.032,0.089
2,B2_1,0.473,0.029,0.036,0.019,0.016,0.141,0.022,0.027,0.036,0.012,0.026,0.007,0.008,0.03,0.031,0.086
2,B2_2,0.226,0.018,0.105,0.042,0.045,0.122,0.043,0.094,0.04,0.018,0.035,0.025,0.022,0.031,0.027,0.107
2,B2_3,0.218,0.054,0.069,0.064,0.029,0.05,0.023,0.024,0.022,0.026,0.053,0.031,0.027,0.031,0.071,0.209
2,y1,0.183,0.039,0.015,0.058,0.029,0.052,0.054,0.054,0.041,0.025,0.055,0.062,0.029,0.061,0.085,0.158
2,y2,0.392,0.081,0.02,0.043,0.017,0.019,0.026,0.118,0.042,0.015,0.017,0.065,0.022,0.032,0.019,0.073
2,y3,0.278,0.108,0.052,0.037,0.044,0.018,0.018,0.076,0.077,0.037,0.017,0.042,0.034,0.064,0.027,0.072
3,.,0.094,0.054,0.118,0.071,0.083,0.04,0.029,0.048,0.045,0.048,0.074,0.069,0.043,0.065,0.044,0.075
3,A1_1,0.296,0.025,0.04,0.032,0.048,0.058,0.047,0.021,0.022,0.047,0.029,0.029,0.039,0.066,0.076,0.125
3,A1_2,0.347,0.034,0.021,0.026,0.039,0.048,0.071,0.036,0.03,0.023,0.076,0.059,0.018,0.064,0.048,0.06
3,A1_3,0.436,0.053,0.049,0.052,0.03,0.048,0.018,0.02,0.014,0.03,0.038,0.01,0.025,0.027,0.031,0.12
3,B1_1,0.122,0.055,0.021,0.054,0.052,0.135,0.072,0.034,0.016,0.028,0.079,0.033,0.032,0.062,0.065,0.141
3,B1_2,0.282,0.02,0.026,0.055,0.031,0.048,0.046,0.047,0.029,0.023,0.065,0.04,0.007,0.07,0.021,0.189
3,B1_3,0.147,0.103,0.031,0.063,0.025,0.133,0.047,0.023,0.046,0.048,0.023,0.03,0.014,0.089,0.05,0.128
3,A2_1,0.106,0.114,0.068,0.077,0.026,0.051,0.042,0.079,0.104,0.035,0.021,0.031,0.034,0.029,0.099,0.083
3,A2_2,0.167,0.056,0.044,0.04,0.064,0.071,0.021,0.03,0.022,0.04,0.047,0.057,0.035,0.059,0.16,0.085
3,A2_3,0.252,0.059,0.017,0.014,0.086,0.059,0.037,0.06,0.023,0.038,0.067,0.023,0.029,0.109,0.04,0.088
3,B2_1,0.513,0.028,0.036,0.016,0.017,0.128,0.023,0.027,0.028,0.009,0.026,0.006,0.007,0.029,0.029,0.078
3,B2_2,0.205,0.023,0.135,0.042,0.044,0.121,0.045,0.083,0.031,0.018,0.04,0.024,0.017,0.037,0.026,0.111
3,B2_3,0.166,0.06,0.067,0.051,0.03,0.051,0.027,0.019,0.019,0.027,0.05,0.027,0.024,0.041,0.078,0.264
3,y1,0.158,0.041,0.016,0.06,0.031,0.058,0.062,0.043,0.037,0.025,0.062,0.064,0.028,0.072,0.08,0.165
3,y2,0.456,0.075,0.016,0.038,0.017,0.019,0.034,0.09,0.035,0.015,0.015,0.056,0.019,0.032,0.015,0.067
3,y3,0.307,0.12,0.056,0.036,0.037,0.019,0.019,0.06,0.064,0.038,0.014,0.033,0.023,0.066,0.031,0.077
4,.,0.084,0.057,0.124,0.077,0.082,0.041,0.028,0.049,0.048,0.048,0.071,0.064,0.041,0.064,0.046,0.076
4,A1_1,0.254,0.024,0.039,0.033,0.052,0.064,0.045,0.019,0.022,0.045,0.03,0.028,0.039,0.075,0.089,0.143
4,A1_2,0.295,0.036,0.023,0.033,0.045,0.061,0.077,0.038,0.035,0.022,0.087,0.057,0.018,0.066,0.049,0.058
4,A1_3,0.415,0.049,0.051,0.06,0.032,0.057,0.015,0.019,0.016,0.027,0.037,0.007,0.02,0.029,0.032,0.135
4,B1_1,0.078,0.05,0.024,0.059,0.054,0.185,0.065,0.032,0.017,0.027,0.083,0.028,0.025,0.067,0.072,0.132
4,B1_2,0.252,0.018,0.032,0.059,0.037,0.065,0.044,0.04,0.03,0.02,0.075,0.034,0.007,0.071,0.023,0.193
4,B1_3,0.12,0.102,0.04,0.074,0.027,0.15,0.047,0.023,0.056,0.05,0.024,0.027,0.012,0.088,0.043,0.118
4,A2_1,0.076,0.111,0.075,0.085,0.027,0.063,0.04,0.063,0.115,0.033,0.022,0.026,0.021,0.033,0.112,0.098
4,A2_2,0.123,0.071,0.052,0.047,0.07,0.086,0.021,0.027,0.026,0.039,0.046,0.047,0.033,0.056,0.166,0.093
4,A2_3,0.208,0.066,0.018,0.016,0.109,0.082,0.032,0.047,0.024,0.033,0.082,0.024,0.026,0.106,0.041,0.086
4,B2_1,0.474,0.028,0.035,0.016,0.018,0.146,0.022,0.029,0.032,0.009,0.027,0.006,0.005,0.034,0.031,0.09
4,B2_2,0.173,0.027,0.168,0.041,0.038,0.121,0.042,0.083,0.034,0.018,0.039,0.019,0.013,0.031,0.028,0.123
4,B2_3,0.093,0.065,0.068,0.05,0.033,0.053,0.026,0.024,0.021,0.028,0.05,0.027,0.024,0.058,0.073,0.307
4,y1,0.125,0.038,0.013,0.059,0.034,0.075,0.057,0.03,0.035,0.022,0.073,0.054,0.031,0.08,0.087,0.185
4,y2,0.438,0.069,0.013,0.041,0.021,0.021,0.046,0.083,0.041,0.017,0.016,0.062,0.023,0.034,0.012,0.064
4,y3,0.274,0.111,0.06,0.045,0.032,0.022,0.014,0.053,0.075,0.038,0.011,0.028,0.017,0.081,0.039,0.1
5,.,0.079,0.06,0.126,0.079,0.081,0.04,0.027,0.048,0.05,0.051,0.07,0.063,0.042,0.063,0.047,0.073
5,A1_1,0.235,0.023,0.037,0.03,0.055,0.061,0.045,0.018,0.022,0.045,0.031,0.028,0.043,0.084,0.098,0.146
5,A1_2,0.267,0.038,0.022,0.031,0.051,0.063,0.088,0.035,0.039,0.026,0.097,0.06,0.024,0.062,0.048,0.048
5,A1_3,0.439,0.048,0.045,0.055,0.034,0.05,0.016,0.017,0.017,0.029,0.036,0.007,0.021,0.03,0.034,0.122
5,B1_1,0.061,0.056,0.023,0.058,0.06,0.178,0.069,0.03,0.018,0.032,0.097,0.03,0.03,0.066,0.078,0.115
5,B1_2,0.256,0.018,0.026,0.048,0.046,0.066,0.051,0.035,0.028,0.02,0.089,0.038,0.009,0.082,0.026,0.162
5,B1_3,0.139,0.1,0.036,0.08,0.028,0.158,0.05,0.024,0.06,0.055,0.027,0.025,0.013,0.081,0.031,0.092
5,A2_1,0.081,0.115,0.07,0.089,0.023,0.07,0.032,0.051,0.123,0.034,0.02,0.022,0.018,0.032,0.123,0.097
5,A2_2,0.071,0.076,0.049,0.046,0.074,0.096,0.019,0.024,0.027,0.043,0.046,0.052,0.038,0.059,0.193,0.089
5,A2_3,0.178,0.061,0.015,0.013,0.134,0.095,0.03,0.039,0.021,0.031,0.085,0.027,0.034,0.091,0.052,0.094
5,B2_1,0.533,0.027,0.024,0.014,0.016,0.136,0.02,0.031,0.031,0.008,0.025,0.006,0.006,0.023,0.031,0.069
5,B2_2,0.163,0.034,0.197,0.047,0.036,0.11,0.035,0.09,0.046,0.02,0.038,0.02,0.012,0.032,0.029,0.092
5,B2_3,0.053,0.073,0.068,0.048,0.033,0.048,0.022,0.024,0.025,0.036,0.045,0.025,0.025,0.076,0.114,0.285
5,y1,0.103,0.033,0.012,0.05,0.051,0.087,0.076,0.024,0.037,0.026,0.089,0.059,0.047,0.077,0.104,0.124
5,y2,0.565,0.049,0.01,0.032,0.021,0.023,0.047,0.065,0.033,0.013,0.017,0.036,0.02,0.022,0.008,0.039
5,y3,0.251,0.125,0.074,0.057,0.025,0.023,0.012,0.063,0.078,0.043,0.011,0.021,0.013,0.075,0.039,0.09
6,.,0.074,0.061,0.126,0.082,0.081,0.04,0.027,0.052,0.051,0.052,0.066,0.062,0.043,0.061,0.048,0.073
6,A1_1,0.223,0.022,0.034,0.03,0.058,0.065,0.043,0.018,0.019,0.042,0.029,0.028,0.044,0.085,0.105,0.155
6,A1_2,0.251,0.038,0.021,0.034,0.055,0.078,0.094,0.043,0.037,0.024,0.091,0.067,0.025,0.056,0.044,0.042
6,A1_3,0.466,0.044,0.041,0.059,0.031,0.054,0.013,0.02,0.015,0.027,0.027,0.006,0.017,0.029,0.03,0.122
6,B1_1,0.047,0.057,0.025,0.068,0.058,0.216,0.058,0.039,0.018,0.031,0.081,0.03,0.027,0.061,0.072,0.112
6,B1_2,0.231,0.015,0.027,0.044,0.05,0.088,0.043,0.036,0.024,0.017,0.079,0.041,0.008,0.085,0.03,0.182
6,B1_3,0.143,0.092,0.039,0.085,0.028,0.177,0.053,0.031,0.061,0.056,0.025,0.023,0.016,0.07,0.025,0.077
6,A2_1,0.079,0.113,0.072,0.09,0.02,0.075,0.028,0.051,0.12,0.03,0.015,0.02,0.017,0.032,0.137,0.1
6,A2_2,0.05,0.067,0.052,0.05,0.076,0.109,0.019,0.028,0.027,0.041,0.039,0.067,0.037,0.053,0.204,0.082
6,A2_3,0.174,0.057,0.014,0.012,0.152,0.104,0.033,0.038,0.016,0.024,0.074,0.028,0.039,0.079,0.05,0.105
6,B2_1,0.538,0.027,0.024,0.015,0.015,0.148,0.02,0.04,0.032,0.007,0.02,0.007,0.005,0.021,0.022,0.058
6,B2_2,0.16,0.044,0.215,0.048,0.029,0.105,0.027,0.105,0.055,0.024,0.024,0.018,0.01,0.031,0.027,0.078
6,B2_3,0.034,0.084,0.071,0.045,0.03,0.042,0.019,0.027,0.029,0.04,0.036,0.024,0.027,0.086,0.125,0.281
6,y1,0.074,0.024,0.01,0.035,0.065,0.1,0.083,0.024,0.032,0.022,0.09,0.074,0.058,0.08,0.112,0.116
6,y2,0.652,0.03,0.007,0.02,0.021,0.018,0.05,0.062,0.025,0.01,0.013,0.033,0.018,0.014,0.005,0.023
6,y3,0.273,0.123,0.094,0.064,0.018,0.018,0.008,0.087,0.079,0.044,0.007,0.016,0.008,0.054,0.028,0.079
7,.,0.073,0.06,0.125,0.085,0.08,0.041,0.026,0.05,0.053,0.056,0.064,0.061,0.043,0.064,0.048,0.07
7,A1_1,0.218,0.02,0.031,0.03,0.058,0.069,0.042,0.016,0.019,0.041,0.03,0.028,0.044,0.096,0.109,0.149
7,A1_2,0.257,0.036,0.02,0.037,0.057,0.092,0.09,0.035,0.039,0.027,0.087,0.069,0.025,0.054,0.039,0.035
7,A1_3,0.502,0.039,0.037,0.06,0.029,0.052,0.012,0.017,0.016,0.028,0.023,0.005,0.016,0.028,0.029,0.108
7,B1_1,0.039,0.056,0.027,0.078,0.06,0.234,0.051,0.035,0.019,0.037,0.077,0.03,0.024,0.063,0.074,0.099
7,B1_2,0.208,0.015,0.023,0.039,0.06,0.101,0.044,0.03,0.022,0.016,0.086,0.046,0.009,0.099,0.035,0.168
7,B1_3,0.171,0.086,0.038,0.09,0.031,0.177,0.053,0.031,0.06,0.06,0.026,0.023,0.016,0.061,0.02,0.058
7,A2_1,0.085,0.118,0.069,0.1,0.017,0.077,0.023,0.045,0.122,0.032,0.012,0.017,0.012,0.037,0.143,0.091
7,A2_2,0.034,0.072,0.051,0.052,0.076,0.121,0.016,0.023,0.03,0.038,0.036,0.072,0.031,0.059,0.219,0.069
7,A2_3,0.157,0.049,0.012,0.01,0.179,0.125,0.03,0.028,0.013,0.02,0.073,0.032,0.038,0.079,0.056,0.099
7,B2_1,0.6,0.024,0.017,0.013,0.014,0.139,0.019,0.036,0.026,0.006,0.017,0.006,0.005,0.016,0.017,0.043
7,B2_2,0.156,0.046,0.238,0.058,0.024,0.094,0.02,0.104,0.065,0.03,0.019,0.017,0.008,0.032,0.022,0.066
7,B2_3,0.022,0.076,0.069,0.046,0.025,0.036,0.013,0.023,0.03,0.051,0.028,0.022,0.023,0.107,0.173,0.255
7,y1,0.062,0.017,0.008,0.025,0.092,0.121,0.099,0.017,0.026,0.02,0.101,0.101,0.062,0.076,0.096,0.078
7,y2,0.793,0.016,0.005,0.013,0.014,0.014,0.031,0.037,0.014,0.006,0.008,0.018,0.009,0.008,0.003,0.012
7,y3,0.216,0.127,0.122,0.092,0.013,0.017,0.006,0.097,0.087,0.06,0.006,0.012,0.006,0.052,0.022,0.064
8,.,0.07,0.062,0.118,0.084,0.081,0.04,0.027,0.054,0.055,0.059,0.064,0.061,0.044,0.066,0.049,0.067
8,A1_1,0.218,0.019,0.028,0.027,0.059,0.067,0.041,0.016,0.017,0.041,0.03,0.027,0.046,0.099,0.116,0.148
8,A1_2,0.248,0.037,0.017,0.035,0.058,0.093,0.099,0.039,0.037,0.03,0.095,0.066,0.029,0.047,0.037,0.032
8,A1_3,0.529,0.04,0.03,0.053,0.026,0.044,0.011,0.02,0.015,0.029,0.021,0.005,0.016,0.027,0.03,0.104
8,B1_1,0.033,0.059,0.023,0.072,0.06,0.227,0.051,0.043,0.018,0.042,0.084,0.03,0.026,0.06,0.076,0.096
8,B1_2,0.224,0.013,0.019,0.03,0.062,0.094,0.042,0.028,0.018,0.014,0.088,0.045,0.009,0.101,0.039,0.174
8,B1_3,0.183,0.087,0.036,0.084,0.034,0.169,0.056,0.037,0.061,0.068,0.03,0.023,0.018,0.052,0.015,0.047
8,A2_1,0.092,0.123,0.061,0.084,0.013,0.059,0.017,0.044,0.128,0.031,0.01,0.013,0.01,0.036,0.178,0.099
8,A2_2,0.021,0.07,0.052,0.047,0.082,0.109,0.015,0.029,0.031,0.039,0.041,0.08,0.037,0.054,0.231,0.061
8,A2_3,0.161,0.039,0.009,0.008,0.198,0.104,0.029,0.027,0.009,0.018,0.08,0.027,0.048,0.064,0.063,0.116
8,B2_1,0.589,0.028,0.016,0.014,0.015,0.128,0.021,0.055,0.03,0.007,0.021,0.008,0.006,0.014,0.013,0.033
8,B2_2,0.157,0.058,0.204,0.054,0.019,0.066,0.015,0.148,0.062,0.039,0.015,0.016,0.007,0.048,0.026,0.065
8,B2_3,0.012,0.068,0.061,0.046,0.025,0.033,0.013,0.029,0.034,0.073,0.027,0.023,0.024,0.113,0.206,0.211
8,y1,0.06,0.011,0.005,0.017,0.116,0.109,0.103,0.013,0.017,0.016,0.103,0.107,0.067,0.085,0.104,0.066
8,y2,0.811,0.013,0.004,0.011,0.014,0.014,0.033,0.037,0.01,0.007,0.008,0.013,0.01,0.005,0.002,0.008
8,y3,0.204,0.138,0.097,0.094,0.009,0.014,0.005,0.135,0.085,0.071,0.004,0.009,0.004,0.06,0.022,0.05
9,.,0.067,0.063,0.116,0.086,0.081,0.039,0.026,0.053,0.055,0.06,0.064,0.061,0.043,0.067,0.048,0.069
9,A1_1,0.209,0.019,0.025,0.027,0.059,0.064,0.039,0.016,0.017,0.041,0.031,0.028,0.047,0.109,0.11,0.16
9,A1_2,0.241,0.039,0.015,0.036,0.058,0.092,0.099,0.038,0.037,0.033,0.103,0.071,0.031,0.044,0.033,0.03
9,A1_3,0.545,0.042,0.027,0.055,0.024,0.037,0.01,0.02,0.016,0.031,0.018,0.005,0.015,0.027,0.029,0.1
9,B1_1,0.027,0.068,0.021,0.077,0.062,0.198,0.046,0.043,0.02,0.051,0.088,0.032,0.028,0.067,0.074,0.098
9,B1_2,0.218,0.012,0.017,0.026,0.07,0.09,0.037,0.025,0.016,0.013,0.088,0.048,0.01,0.118,0.041,0.172
9,B1_3,0.212,0.087,0.034,0.079,0.037,0.159,0.059,0.035,0.059,0.074,0.032,0.022,0.02,0.042,0.011,0.037
9,A2_1,0.103,0.137,0.063,0.089,0.011,0.048,0.014,0.045,0.128,0.036,0.008,0.011,0.008,0.039,0.15,0.109
9,A2_2,0.014,0.074,0.054,0.055,0.079,0.104,0.013,0.03,0.032,0.045,0.042,0.081,0.035,0.063,0.205,0.074
9,A2_3,0.148,0.035,0.008,0.007,0.207,0.099,0.026,0.021,0.007,0.015,0.084,0.028,0.05,0.065,0.063,0.136
9,B2_1,0.604,0.029,0.014,0.013,0.016,0.127,0.022,0.054,0.028,0.007,0.022,0.009,0.007,0.012,0.01,0.025
9,B2_2,0.178,0.069,0.192,0.055,0.015,0.051,0.012,0.144,0.067,0.045,0.012,0.014,0.006,0.052,0.023,0.064
9,B2_3,0.008,0.07,0.058,0.053,0.022,0.026,0.01,0.03,0.04,0.094,0.024,0.022,0.021,0.128,0.187,0.206
9,y1,0.05,0.008,0.005,0.014,0.133,0.114,0.093,0.011,0.012,0.015,0.1,0.115,0.066,0.101,0.097,0.066
9,y2,0.837,0.011,0.003,0.008,0.013,0.013,0.032,0.03,0.008,0.006,0.008,0.011,0.009,0.004,0.001,0.006
9,y3,0.209,0.144,0.098,0.095,0.007,0.011,0.004,0.137,0.089,0.077,0.003,0.007,0.003,0.056,0.015,0.045
10,.,0.065,0.061,0.122,0.086,0.082,0.038,0.025,0.053,0.055,0.061,0.062,0.061,0.043,0.068,0.048,0.069
10,A1_1,0.198,0.018,0.025,0.026,0.064,0.061,0.039,0.015,0.016,0.041,0.031,0.028,0.051,0.117,0.114,0.158
10,A1_2,0.231,0.034,0.016,0.035,0.069,0.086,0.102,0.036,0.036,0.034,0.11,0.075,0.034,0.045,0.031,0.027
10,A1_3,0.565,0.036,0.028,0.053,0.026,0.032,0.009,0.018,0.015,0.032,0.018,0.004,0.015,0.029,0.028,0.091
10,B1_1,0.024,0.061,0.025,0.081,0.075,0.182,0.044,0.042,0.02,0.058,0.095,0.033,0.029,0.065,0.079,0.088
10,B1_2,0.193,0.01,0.016,0.022,0.087,0.078,0.037,0.021,0.013,0.012,0.1,0.049,0.011,0.135,0.047,0.169
10,B1_3,0.215,0.081,0.034,0.076,0.047,0.154,0.064,0.033,0.054,0.081,0.035,0.023,0.023,0.038,0.011,0.031
10,A2_1,0.121,0.134,0.061,0.087,0.01,0.045,0.012,0.042,0.121,0.038,0.008,0.009,0.007,0.038,0.151,0.115
10,A2_2,0.011,0.073,0.057,0.055,0.086,0.094,0.012,0.031,0.035,0.051,0.044,0.087,0.033,0.074,0.189,0.069
10,A2_3,0.133,0.027,0.007,0.006,0.243,0.086,0.024,0.018,0.006,0.013,0.09,0.028,0.054,0.068,0.068,0.13
10,B2_1,0.624,0.025,0.013,0.013,0.019,0.115,0.023,0.055,0.027,0.007,0.025,0.01,0.007,0.01,0.009,0.019
10,B2_2,0.172,0.064,0.211,0.057,0.013,0.039,0.009,0.16,0.061,0.049,0.01,0.011,0.005,0.054,0.023,0.063
10,B2_3,0.005,0.059,0.063,0.056,0.023,0.025,0.009,0.03,0.042,0.096,0.024,0.021,0.019,0.14,0.207,0.182
10,y1,0.044,0.006,0.004,0.01,0.178,0.107,0.081,0.008,0.008,0.011,0.105,0.127,0.065,0.111,0.088,0.049
10,y2,0.855,0.008,0.003,0.007,0.013,0.012,0.031,0.026,0.007,0.005,0.008,0.009,0.009,0.003,0.001,0.004
10,y3,0.191,0.121,0.116,0.098,0.006,0.01,0.003,0.137,0.086,0.086,0.003,0.005,0.002,0.068,0.015,0.052
11,.,0.065,0.062,0.127,0.083,0.083,0.038,0.025,0.052,0.055,0.061,0.06,0.058,0.043,0.069,0.049,0.069
11,A1_1,0.192,0.017,0.024,0.024,0.066,0.061,0.04,0.014,0.015,0.039,0.032,0.027,0.052,0.123,0.11,0.163
11,A1_2,0.242,0.035,0.016,0.03,0.066,0.094,0.113,0.033,0.034,0.03,0.106,0.069,0.034,0.04,0.03,0.027
11,A1_3,0.581,0.038,0.03,0.048,0.023,0.029,0.009,0.017,0.015,0.03,0.016,0.003,0.014,0.027,0.024,0.095
11,B1_1,0.023,0.07,0.028,0.073,0.073,0.19,0.045,0.039,0.02,0.054,0.086,0.029,0.029,0.063,0.075,0.103
11,B1_2,0.195,0.01,0.014,0.018,0.092,0.077,0.039,0.019,0.013,0.01,0.097,0.045,0.013,0.127,0.046,0.187
11,B1_3,0.249,0.089,0.035,0.062,0.047,0.147,0.07,0.032,0.052,0.073,0.031,0.02,0.026,0.029,0.009,0.03
11,A2_1,0.123,0.145,0.064,0.074,0.008,0.036,0.01,0.041,0.115,0.038,0.006,0.007,0.007,0.04,0.15,0.134
11,A2_2,0.009,0.068,0.058,0.044,0.082,0.1,0.013,0.031,0.034,0.044,0.047,0.087,0.035,0.073,0.202,0.071
11,A2_3,0.138,0.023,0.006,0.005,0.248,0.075,0.03,0.018,0.005,0.01,0.098,0.033,0.064,0.063,0.055,0.131
11,B2_1,0.677,0.02,0.013,0.011,0.015,0.093,0.019,0.06,0.027,0.005,0.019,0.009,0.005,0.007,0.005,0.014
11,B2_2,0.135,0.08,0.235,0.05,0.01,0.024,0.006,0.15,0.068,0.06,0.006,0.008,0.005,0.066,0.026,0.071
11,B2_3,0.002,0.049,0.063,0.047,0.021,0.024,0.008,0.025,0.04,0.09,0.023,0.021,0.022,0.167,0.227,0.17
11,y1,0.047,0.004,0.003,0.008,0.173,0.106,0.094,0.007,0.006,0.01,0.109,0.132,0.068,0.124,0.068,0.041
11,y2,0.872,0.008,0.003,0.006,0.01,0.01,0.03,0.024,0.008,0.006,0.005,0.007,0.007,0.002,0.001,0.003
11,y3,0.154,0.111,0.131,0.089,0.005,0.007,0.003,0.132,0.087,0.098,0.002,0.004,0.002,0.094,0.019,0.062
12,.,0.065,0.064,0.125,0.084,0.083,0.037,0.025,0.053,0.055,0.06,0.059,0.058,0.044,0.067,0.049,0.072
12,A1_1,0.189,0.017,0.023,0.023,0.068,0.059,0.038,0.014,0.014,0.036,0.032,0.026,0.053,0.116,0.112,0.178
12,A1_2,0.24,0.038,0.015,0.03,0.071,0.092,0.116,0.033,0.031,0.028,0.11,0.067,0.037,0.037,0.028,0.028
12,A1_3,0.597,0.039,0.027,0.046,0.021,0.025,0.009,0.017,0.014,0.026,0.014,0.003,0.014,0.024,0.022,0.102
12,B1_1,0.022,0.075,0.028,0.079,0.076,0.182,0.043,0.043,0.019,0.048,0.085,0.028,0.029,0.058,0.072,0.112
12,B1_2,0.2,0.009,0.012,0.015,0.095,0.071,0.037,0.016,0.01,0.009,0.094,0.04,0.014,0.112,0.046,0.219
12,B1_3,0.25,0.1,0.032,0.06,0.05,0.138,0.074,0.035,0.051,0.069,0.031,0.02,0.03,0.027,0.008,0.026
12,A2_1,0.141,0.137,0.062,0.072,0.007,0.031,0.009,0.04,0.106,0.037,0.005,0.006,0.006,0.039,0.154,0.148
12,A2_2,0.007,0.07,0.059,0.046,0.081,0.091,0.013,0.036,0.033,0.046,0.049,0.084,0.04,0.066,0.207,0.073
12,A2_3,0.125,0.02,0.005,0.004,0.29,0.057,0.025,0.016,0.004,0.009,0.095,0.03,0.07,0.057,0.051,0.143
12,B2_1,0.659,0.024,0.013,0.012,0.018,0.095,0.02,0.064,0.028,0.005,0.022,0.01,0.005,0.007,0.004,0.012
12,B2_2,0.169,0.075,0.205,0.05,0.009,0.02,0.005,0.165,0.062,0.054,0.005,0.008,0.004,0.066,0.028,0.076
12,B2_3,0.002,0.045,0.073,0.061,0.02,0.026,0.008,0.029,0.04,0.096,0.022,0.021,0.018,0.152,0.218,0.171
12,y1,0.039,0.003,0.002,0.007,0.197,0.096,0.085,0.006,0.005,0.008,0.106,0.109,0.066,0.138,0.08,0.053
12,y2,0.852,0.009,0.003,0.006,0.014,0.011,0.039,0.023,0.008,0.006,0.007,0.006,0.009,0.001,0.001,0.003
12,y3,0.188,0.111,0.107,0.091,0.005,0.006,0.002,0.129,0.078,0.086,0.002,0.004,0.002,0.097,0.021,0.072
13,.,0.064,0.064,0.126,0.083,0.082,0.037,0.026,0.053,0.054,0.063,0.058,0.058,0.043,0.067,0.052,0.071
13,A1_1,0.185,0.017,0.022,0.022,0.068,0.058,0.041,0.013,0.014,0.038,0.031,0.027,0.052,0.116,0.127,0.17
13,A1_2,0.229,0.037,0.015,0.028,0.075,0.089,0.129,0.032,0.03,0.03,0.101,0.078,0.036,0.036,0.029,0.026
13,A1_3,0.602,0.041,0.024,0.044,0.02,0.023,0.01,0.017,0.014,0.03,0.014,0.003,0.014,0.023,0.026,0.097
13,B1_1,0.02,0.085,0.027,0.077,0.077,0.167,0.048,0.041,0.02,0.055,0.084,0.033,0.028,0.056,0.085,0.096
13,B1_2,0.192,0.009,0.009,0.013,0.106,0.061,0.041,0.014,0.01,0.009,0.099,0.045,0.015,0.108,0.061,0.208
13,B1_3,0.245,0.103,0.026,0.053,0.054,0.135,0.088,0.033,0.046,0.074,0.034,0.023,0.03,0.027,0.007,0.022
13,A2_1,0.182,0.147,0.053,0.063,0.006,0.028,0.008,0.037,0.095,0.039,0.005,0.005,0.006,0.039,0.154,0.133
13,A2_2,0.006,0.078,0.065,0.044,0.082,0.084,0.012,0.039,0.036,0.051,0.049,0.092,0.039,0.062,0.201,0.059
13,A2_3,0.107,0.015,0.004,0.004,0.298,0.054,0.023,0.014,0.003,0.008,0.085,0.034,0.068,0.059,0.075,0.151
13,B2_1,0.644,0.023,0.011,0.011,0.022,0.095,0.025,0.069,0.026,0.006,0.027,0.015,0.006,0.006,0.004,0.01
13,B2_2,0.207,0.075,0.172,0.046,0.007,0.013,0.004,0.189,0.053,0.058,0.004,0.006,0.003,0.067,0.028,0.066
13,B2_3,0.001,0.05,0.087,0.063,0.019,0.022,0.007,0.031,0.045,0.109,0.019,0.02,0.017,0.139,0.236,0.134
13,y1,0.029,0.002,0.002,0.005,0.217,0.077,0.076,0.005,0.004,0.008,0.087,0.133,0.057,0.155,0.097,0.047
13,y2,0.838,0.008,0.002,0.005,0.017,0.014,0.049,0.022,0.008,0.005,0.009,0.008,0.01,0.001,0.001,0.003
13,y3,0.25,0.103,0.097,0.083,0.004,0.005,0.002,0.134,0.075,0.078,0.001,0.003,0.002,0.088,0.016,0.059
14,.,0.063,0.066,0.125,0.083,0.08,0.036,0.026,0.052,0.055,0.063,0.057,0.057,0.044,0.065,0.054,0.073
14,A1_1,0.179,0.017,0.022,0.021,0.066,0.059,0.04,0.013,0.014,0.036,0.031,0.027,0.056,0.105,0.141,0.175
14,A1_2,0.227,0.037,0.014,0.026,0.07,0.092,0.135,0.03,0.029,0.028,0.105,0.08,0.039,0.032,0.031,0.024
14,A1_3,0.62,0.042,0.022,0.041,0.018,0.02,0.009,0.016,0.013,0.029,0.013,0.003,0.014,0.019,0.028,0.093
14,B1_1,0.019,0.098,0.027,0.075,0.068,0.159,0.047,0.04,0.02,0.056,0.085,0.032,0.031,0.046,0.098,0.099
14,B1_2,0.181,0.009,0.009,0.011,0.102,0.061,0.04,0.013,0.009,0.008,0.101,0.046,0.017,0.094,0.077,0.222
14,B1_3,0.254,0.106,0.022,0.044,0.053,0.138,0.096,0.029,0.043,0.065,0.038,0.024,0.038,0.025,0.007,0.019
14,A2_1,0.232,0.149,0.052,0.062,0.005,0.025,0.008,0.037,0.095,0.037,0.004,0.004,0.006,0.031,0.134,0.119
14,A2_2,0.005,0.082,0.077,0.046,0.064,0.074,0.011,0.041,0.038,0.054,0.045,0.082,0.037,0.057,0.225,0.061
14,A2_3,0.078,0.013,0.003,0.003,0.296,0.049,0.023,0.012,0.003,0.006,0.088,0.035,0.076,0.052,0.098,0.165
14,B2_1,0.632,0.021,0.009,0.01,0.026,0.102,0.029,0.065,0.024,0.005,0.034,0.019,0.008,0.006,0.003,0.008
14,B2_2,0.292,0.072,0.14,0.044,0.006,0.011,0.003,0.177,0.045,0.059,0.003,0.005,0.003,0.053,0.026,0.06
14,B2_3,0.001,0.054,0.097,0.071,0.014,0.018,0.006,0.036,0.053,0.124,0.017,0.017,0.014,0.111,0.236,0.131
14,y1,0.019,0.002,0.002,0.004,0.202,0.073,0.065,0.005,0.004,0.007,0.082,0.139,0.058,0.152,0.128,0.057
14,y2,0.825,0.007,0.002,0.004,0.022,0.016,0.058,0.018,0.006,0.004,0.012,0.01,0.012,0.001,0.001,0.002
14,y3,0.362,0.099,0.081,0.079,0.003,0.004,0.002,0.12,0.07,0.066,0.001,0.002,0.001,0.05,0.011,0.049
15,.,0.061,0.066,0.124,0.084,0.081,0.035,0.026,0.051,0.055,0.065,0.058,0.057,0.045,0.07,0.052,0.071
15,A1_1,0.175,0.016,0.021,0.021,0.069,0.054,0.042,0.012,0.013,0.037,0.033,0.026,0.06,0.124,0.131,0.164
15,A1_2,0.226,0.035,0.013,0.026,0.075,0.076,0.144,0.027,0.028,0.031,0.116,0.074,0.043,0.032,0.029,0.023
15,A1_3,0.624,0.043,0.022,0.041,0.018,0.018,0.01,0.015,0.014,0.033,0.013,0.003,0.015,0.024,0.026,0.083
15,B1_1,0.018,0.102,0.026,0.075,0.072,0.134,0.049,0.037,0.021,0.067,0.095,0.033,0.034,0.058,0.092,0.089
15,B1_2,0.198,0.009,0.008,0.011,0.105,0.052,0.043,0.012,0.008,0.009,0.106,0.046,0.018,0.107,0.073,0.196
15,B1_3,0.255,0.106,0.022,0.046,0.055,0.117,0.099,0.029,0.043,0.078,0.041,0.023,0.039,0.023,0.006,0.016
15,A2_1,0.217,0.151,0.052,0.064,0.004,0.024,0.007,0.035,0.091,0.042,0.004,0.004,0.005,0.04,0.138,0.122
15,A2_2,0.005,0.078,0.077,0.048,0.075,0.073,0.013,0.039,0.04,0.062,0.054,0.085,0.041,0.069,0.184,0.057
15,A2_3,0.095,0.012,0.003,0.003,0.297,0.042,0.025,0.011,0.002,0.006,0.097,0.031,0.074,0.06,0.085,0.156
15,B2_1,0.633,0.025,0.009,0.011,0.027,0.084,0.032,0.068,0.025,0.006,0.039,0.018,0.008,0.005,0.003,0.007
15,B2_2,0.279,0.076,0.13,0.044,0.005,0.009,0.003,0.171,0.048,0.061,0.003,0.005,0.003,0.072,0.028,0.064
15,B2_3,0.001,0.056,0.098,0.077,0.017,0.019,0.006,0.035,0.056,0.133,0.02,0.018,0.017,0.142,0.188,0.118
15,y1,0.026,0.002,0.002,0.004,0.205,0.067,0.069,0.004,0.003,0.006,0.09,0.117,0.055,0.191,0.106,0.053
15,y2,0.804,0.009,0.002,0.005,0.024,0.014,0.066,0.021,0.008,0.006,0.014,0.009,0.014,0.001,0.001,0.002
15,y3,0.309,0.096,0.077,0.082,0.003,0.004,0.002,0.113,0.071,0.08,0.001,0.002,0.001,0.09,0.014,0.056
16,.,0.061,0.064,0.126,0.084,0.081,0.034,0.025,0.053,0.056,0.062,0.056,0.056,0.046,0.071,0.05,0.074
16,A1_1,0.173,0.016,0.021,0.02,0.068,0.055,0.04,0.012,0.013,0.035,0.031,0.026,0.062,0.13,0.121,0.176
16,A1_2,0.234,0.034,0.013,0.026,0.078,0.083,0.142,0.029,0.029,0.028,0.098,0.082,0.045,0.03,0.027,0.022
16,A1_3,0.637,0.039,0.022,0.041,0.016,0.016,0.009,0.016,0.014,0.029,0.011,0.003,0.014,0.023,0.022,0.089
16,B1_1,0.016,0.101,0.029,0.08,0.075,0.134,0.046,0.044,0.024,0.06,0.082,0.035,0.035,0.06,0.084,0.095
16,B1_2,0.195,0.007,0.008,0.009,0.105,0.051,0.038,0.01,0.008,0.007,0.092,0.043,0.02,0.112,0.068,0.228
16,B1_3,0.272,0.098,0.023,0.044,0.058,0.12,0.104,0.03,0.044,0.067,0.035,0.023,0.046,0.017,0.005,0.014
16,A2_1,0.247,0.142,0.054,0.061,0.004,0.02,0.006,0.036,0.089,0.033,0.003,0.003,0.005,0.041,0.123,0.133
16,A2_2,0.004,0.077,0.085,0.051,0.075,0.078,0.013,0.049,0.045,0.051,0.051,0.089,0.042,0.071,0.164,0.056
16,A2_3,0.1,0.01,0.003,0.003,0.297,0.04,0.024,0.009,0.002,0.005,0.078,0.032,0.075,0.067,0.076,0.179
16,B2_1,0.626,0.022,0.009,0.013,0.03,0.085,0.03,0.082,0.027,0.006,0.03,0.022,0.007,0.004,0.002,0.006
16,B2_2,0.289,0.071,0.119,0.041,0.004,0.007,0.002,0.171,0.048,0.056,0.002,0.004,0.002,0.079,0.029,0.077
16,B2_3,0.001,0.054,0.102,0.088,0.02,0.021,0.008,0.047,0.061,0.116,0.023,0.021,0.017,0.161,0.146,0.114
16,y1,0.032,0.002,0.002,0.004,0.189,0.073,0.059,0.004,0.004,0.006,0.071,0.122,0.047,0.245,0.088,0.056
16,y2,0.8,0.009,0.003,0.006,0.024,0.015,0.066,0.024,0.009,0.007,0.01,0.01,0.015,0.001,0.001,0.002
16,y3,0.275,0.081,0.076,0.082,0.003,0.003,0.002,0.123,0.069,0.068,0.001,0.002,0.001,0.123,0.017,0.075
17,.,0.061,0.065,0.126,0.084,0.079,0.034,0.026,0.053,0.056,0.063,0.055,0.056,0.046,0.071,0.052,0.074
17,A1_1,0.173,0.015,0.021,0.02,0.066,0.055,0.041,0.012,0.013,0.035,0.031,0.026,0.063,0.132,0.124,0.174
17,A1_2,0.237,0.032,0.013,0.026,0.075,0.085,0.143,0.028,0.029,0.028,0.097,0.083,0.046,0.028,0.029,0.021
17,A1_3,0.645,0.038,0.022,0.041,0.016,0.016,0.009,0.016,0.014,0.029,0.01,0.003,0.014,0.022,0.022,0.084
17,B1_1,0.015,0.103,0.028,0.08,0.071,0.13,0.045,0.043,0.024,0.063,0.081,0.034,0.035,0.059,0.091,0.097
17,B1_2,0.19,0.007,0.008,0.009,0.106,0.054,0.04,0.009,0.007,0.007,0.094,0.045,0.021,0.112,0.073,0.219
17,B1_3,0.282,0.095,0.021,0.041,0.058,0.119,0.109,0.028,0.042,0.064,0.034,0.022,0.052,0.015,0.006,0.012
17,A2_1,0.257,0.141,0.051,0.064,0.004,0.018,0.006,0.035,0.089,0.036,0.003,0.003,0.005,0.038,0.12,0.13
17,A2_2,0.004,0.076,0.082,0.052,0.068,0.079,0.012,0.045,0.042,0.056,0.048,0.085,0.04,0.077,0.173,0.063
17,A2_3,0.094,0.009,0.003,0.003,0.293,0.044,0.024,0.008,0.002,0.005,0.085,0.035,0.079,0.065,0.077,0.177
17,B2_1,0.657,0.019,0.008,0.012,0.027,0.082,0.027,0.074,0.026,0.005,0.026,0.021,0.007,0.003,0.002,0.005
17,B2_2,0.268,0.077,0.118,0.042,0.004,0.006,0.002,0.19,0.049,0.062,0.002,0.003,0.002,0.073,0.029,0.074
17,B2_3,0.001,0.052,0.088,0.079,0.017,0.019,0.007,0.042,0.054,0.116,0.022,0.019,0.016,0.181,0.159,0.129
17,y1,0.03,0.001,0.002,0.003,0.19,0.084,0.058,0.003,0.003,0.005,0.077,0.133,0.05,0.23,0.08,0.051
17,y2,0.837,0.007,0.002,0.005,0.018,0.013,0.057,0.019,0.008,0.006,0.007,0.008,0.012,0.001,0.001,0.002
17,y3,0.255,0.087,0.077,0.084,0.003,0.003,0.002,0.132,0.074,0.078,0.001,0.002,0.001,0.116,0.017,0.069
18,.,0.06,0.064,0.127,0.084,0.079,0.033,0.026,0.055,0.057,0.063,0.054,0.054,0.047,0.068,0.055,0.073
18,A1_1,0.165,0.015,0.021,0.019,0.067,0.053,0.042,0.012,0.012,0.033,0.03,0.025,0.069,0.119,0.146,0.171
18,A1_2,0.23,0.031,0.012,0.024,0.076,0.08,0.158,0.03,0.027,0.026,0.097,0.076,0.056,0.025,0.032,0.02
18,A1_3,0.657,0.035,0.021,0.038,0.016,0.014,0.009,0.018,0.014,0.027,0.01,0.003,0.014,0.019,0.025,0.08
18,B1_1,0.015,0.102,0.029,0.079,0.067,0.123,0.045,0.049,0.026,0.059,0.081,0.032,0.041,0.053,0.108,0.09
18,B1_2,0.189,0.007,0.007,0.008,0.106,0.051,0.039,0.01,0.007,0.006,0.091,0.044,0.023,0.102,0.086,0.225
18,B1_3,0.267,0.095,0.021,0.039,0.064,0.118,0.113,0.031,0.041,0.058,0.037,0.022,0.063,0.015,0.005,0.012
18,A2_1,0.277,0.135,0.052,0.061,0.003,0.017,0.006,0.037,0.093,0.031,0.003,0.003,0.004,0.034,0.124,0.122
18,A2_2,0.003,0.078,0.094,0.058,0.058,0.06,0.011,0.054,0.044,0.056,0.041,0.069,0.044,0.065,0.209,0.056
18,A2_3,0.079,0.009,0.002,0.002,0.291,0.037,0.024,0.008,0.002,0.004,0.08,0.03,0.094,0.058,0.104,0.177
18,B2_1,0.611,0.018,0.008,0.012,0.035,0.088,0.033,0.086,0.025,0.005,0.035,0.025,0.01,0.003,0.002,0.004
18,B2_2,0.334,0.06,0.105,0.036,0.004,0.005,0.002,0.187,0.041,0.055,0.002,0.003,0.002,0.062,0.03,0.072
18,B2_3,0.001,0.052,0.105,0.09,0.014,0.017,0.007,0.048,0.063,0.13,0.022,0.018,0.016,0.147,0.166,0.104
18,y1,0.024,0.001,0.002,0.003,0.178,0.065,0.057,0.003,0.003,0.005,0.069,0.112,0.054,0.248,0.115,0.06
18,y2,0.785,0.008,0.002,0.005,0.027,0.014,0.083,0.018,0.008,0.005,0.012,0.008,0.022,0.001,0.001,0.002
18,y3,0.339,0.082,0.063,0.081,0.003,0.003,0.002,0.119,0.071,0.068,0.001,0.002,0.001,0.089,0.016,0.062
19,.,0.06,0.064,0.127,0.083,0.077,0.034,0.025,0.055,0.057,0.064,0.054,0.054,0.045,0.067,0.056,0.077
19,A1_1,0.161,0.015,0.02,0.019,0.064,0.054,0.041,0.012,0.012,0.032,0.031,0.025,0.065,0.117,0.149,0.184
19,A1_2,0.231,0.031,0.012,0.023,0.071,0.081,0.16,0.029,0.027,0.026,0.1,0.084,0.05,0.025,0.031,0.02
19,A1_3,0.673,0.033,0.02,0.036,0.014,0.014,0.008,0.018,0.014,0.027,0.009,0.002,0.012,0.018,0.023,0.08
19,B1_1,0.015,0.112,0.031,0.079,0.058,0.114,0.041,0.05,0.028,0.063,0.081,0.033,0.036,0.053,0.109,0.097
19,B1_2,0.171,0.007,0.007,0.009,0.099,0.052,0.036,0.009,0.006,0.005,0.093,0.047,0.021,0.108,0.09,0.239
19,B1_3,0.27,0.087,0.019,0.036,0.064,0.125,0.117,0.029,0.039,0.056,0.039,0.024,0.064,0.016,0.005,0.011
19,A2_1,0.335,0.13,0.047,0.054,0.003,0.018,0.005,0.035,0.093,0.03,0.002,0.002,0.003,0.03,0.101,0.109
19,A2_2,0.003,0.083,0.111,0.06,0.048,0.054,0.01,0.06,0.052,0.062,0.039,0.068,0.036,0.061,0.192,0.061
19,A2_3,0.064,0.008,0.002,0.002,0.261,0.033,0.023,0.007,0.001,0.003,0.081,0.031,0.083,0.062,0.117,0.22
19,B2_1,0.558,0.017,0.008,0.011,0.045,0.099,0.04,0.089,0.025,0.005,0.045,0.037,0.01,0.004,0.002,0.004
19,B2_2,0.455,0.05,0.079,0.026,0.003,0.005,0.002,0.153,0.033,0.05,0.001,0.002,0.001,0.047,0.026,0.067
19,B2_3,0.001,0.064,0.12,0.088,0.011,0.014,0.007,0.058,0.081,0.154,0.021,0.016,0.013,0.114,0.138,0.099
19,y1,0.018,0.001,0.002,0.003,0.147,0.053,0.047,0.003,0.002,0.004,0.062,0.12,0.045,0.28,0.132,0.08
19,y2,0.727,0.007,0.002,0.005,0.037,0.018,0.11,0.019,0.008,0.005,0.017,0.013,0.027,0.001,0.001,0.001
19,y3,0.486,0.066,0.048,0.058,0.002,0.002,0.002,0.101,0.062,0.055,0.001,0.001,0.001,0.055,0.01,0.05
20,.,0.059,0.062,0.128,0.084,0.079,0.034,0.025,0.056,0.057,0.063,0.053,0.054,0.045,0.07,0.055,0.076
20,A1_1,0.157,0.015,0.02,0.019,0.068,0.053,0.04,0.012,0.012,0.031,0.03,0.025,0.066,0.132,0.138,0.184
20,A1_2,0.236,0.029,0.012,0.023,0.081,0.082,0.151,0.03,0.026,0.025,0.095,0.082,0.052,0.026,0.03,0.02
20,A1_3,0.665,0.032,0.02,0.037,0.014,0.015,0.008,0.019,0.014,0.027,0.009,0.002,0.012,0.02,0.021,0.084
20,B1_1,0.014,0.099,0.035,0.084,0.065,0.115,0.037,0.054,0.028,0.062,0.078,0.032,0.034,0.061,0.098,0.102
20,B1_2,0.161,0.007,0.007,0.008,0.105,0.051,0.035,0.008,0.007,0.005,0.093,0.045,0.022,0.117,0.083,0.245
20,B1_3,0.27,0.086,0.021,0.037,0.071,0.128,0.111,0.029,0.039,0.055,0.037,0.023,0.064,0.014,0.005,0.01
20,A2_1,0.317,0.118,0.05,0.059,0.002,0.019,0.005,0.037,0.089,0.03,0.002,0.002,0.003,0.035,0.104,0.128
20,A2_2,0.003,0.079,0.113,0.062,0.057,0.054,0.009,0.061,0.05,0.055,0.038,0.072,0.036,0.073,0.174,0.062
20,A2_3,0.065,0.009,0.002,0.002,0.314,0.033,0.02,0.006,0.001,0.003,0.077,0.03,0.086,0.067,0.094,0.19
20,B2_1,0.566,0.018,0.008,0.011,0.047,0.1,0.036,0.089,0.025,0.005,0.039,0.034,0.011,0.003,0.002,0.004
20,B2_2,0.392,0.044,0.091,0.03,0.003,0.006,0.002,0.181,0.034,0.054,0.001,0.002,0.001,0.061,0.023,0.073
20,B2_3,0.001,0.049,0.127,0.095,0.013,0.015,0.006,0.058,0.073,0.141,0.021,0.016,0.013,0.134,0.129,0.109
20,y1,0.019,0.001,0.002,0.003,0.176,0.054,0.045,0.002,0.002,0.004,0.062,0.115,0.045,0.291,0.111,0.069
20,y2,0.747,0.007,0.002,0.005,0.039,0.017,0.099,0.018,0.007,0.005,0.015,0.01,0.028,0.001,0.001,0.001
20,y3,0.444,0.063,0.05,0.062,0.002,0.003,0.002,0.106,0.061,0.057,0.001,0.001,0.001,0.075,0.011,0.061
21,.,0.059,0.063,0.131,0.084,0.077,0.034,0.025,0.055,0.056,0.063,0.052,0.054,0.044,0.07,0.058,0.075
21,A1_1,0.151,0.014,0.019,0.019,0.068,0.055,0.041,0.012,0.012,0.029,0.03,0.025,0.066,0.136,0.148,0.174
21,A1_2,0.234,0.03,0.012,0.023,0.078,0.091,0.163,0.029,0.025,0.023,0.088,0.08,0.051,0.025,0.03,0.019
21,A1_3,0.671,0.034,0.022,0.036,0.014,0.014,0.008,0.019,0.013,0.025,0.008,0.002,0.011,0.021,0.021,0.079
21,B1_1,0.013,0.112,0.038,0.084,0.059,0.122,0.037,0.051,0.027,0.058,0.074,0.032,0.032,0.063,0.1,0.097
21,B1_2,0.15,0.007,0.006,0.007,0.109,0.056,0.037,0.008,0.006,0.005,0.092,0.047,0.022,0.124,0.09,0.232
21,B1_3,0.27,0.088,0.021,0.035,0.07,0.136,0.114,0.028,0.036,0.051,0.035,0.024,0.064,0.014,0.005,0.01
21,A2_1,0.331,0.12,0.052,0.06,0.002,0.017,0.005,0.038,0.089,0.028,0.002,0.002,0.003,0.035,0.099,0.117
21,A2_2,0.003,0.085,0.127,0.067,0.05,0.053,0.008,0.058,0.049,0.052,0.034,0.062,0.035,0.069,0.188,0.06
21,A2_3,0.051,0.008,0.002,0.002,0.344,0.034,0.022,0.007,0.001,0.003,0.072,0.031,0.093,0.068,0.098,0.163
21,B2_1,0.595,0.015,0.008,0.01,0.046,0.104,0.035,0.081,0.021,0.004,0.033,0.031,0.009,0.003,0.002,0.004
21,B2_2,0.382,0.046,0.109,0.032,0.003,0.005,0.002,0.181,0.035,0.054,0.001,0.003,0.001,0.058,0.021,0.067
21,B2_3,0.001,0.051,0.151,0.091,0.01,0.014,0.005,0.044,0.061,0.131,0.017,0.014,0.01,0.151,0.139,0.109
21,y1,0.014,0.001,0.001,0.003,0.188,0.057,0.051,0.002,0.002,0.003,0.065,0.113,0.048,0.278,0.114,0.058
21,y2,0.774,0.006,0.002,0.003,0.033,0.016,0.099,0.013,0.006,0.004,0.011,0.007,0.024,0.001,0.001,0.001
21,y3,0.433,0.072,0.059,0.07,0.002,0.003,0.002,0.104,0.065,0.056,0.001,0.001,0.001,0.067,0.011,0.053
22,.,0.058,0.066,0.128,0.084,0.078,0.034,0.025,0.054,0.058,0.062,0.052,0.054,0.044,0.07,0.06,0.073
22,A1_1,0.149,0.014,0.019,0.018,0.069,0.057,0.042,0.012,0.012,0.028,0.03,0.025,0.065,0.132,0.162,0.166
22,A1_2,0.236,0.03,0.011,0.022,0.074,0.097,0.17,0.026,0.025,0.021,0.088,0.079,0.048,0.024,0.028,0.02
22,A1_3,0.679,0.037,0.021,0.036,0.013,0.013,0.008,0.018,0.015,0.024,0.008,0.002,0.011,0.02,0.021,0.074
22,B1_1,0.012,0.131,0.038,0.085,0.055,0.114,0.035,0.047,0.032,0.055,0.074,0.03,0.031,0.058,0.107,0.097
22,B1_2,0.141,0.006,0.006,0.007,0.112,0.057,0.037,0.008,0.007,0.005,0.096,0.05,0.023,0.126,0.108,0.213
22,B1_3,0.278,0.087,0.018,0.03,0.07,0.134,0.122,0.025,0.035,0.045,0.036,0.024,0.068,0.014,0.004,0.01
22,A2_1,0.369,0.128,0.048,0.058,0.002,0.014,0.004,0.036,0.091,0.027,0.002,0.002,0.002,0.03,0.085,0.1
22,A2_2,0.002,0.097,0.136,0.072,0.043,0.05,0.007,0.051,0.054,0.051,0.032,0.057,0.031,0.062,0.201,0.055
22,A2_3,0.042,0.006,0.002,0.002,0.343,0.034,0.022,0.006,0.001,0.003,0.073,0.031,0.09,0.066,0.121,0.157
22,B2_1,0.601,0.014,0.007,0.009,0.046,0.109,0.037,0.071,0.02,0.003,0.034,0.033,0.008,0.003,0.002,0.004
22,B2_2,0.427,0.055,0.097,0.031,0.003,0.004,0.001,0.158,0.038,0.052,0.001,0.002,0.001,0.051,0.021,0.058
22,B2_3,0.001,0.065,0.154,0.095,0.009,0.013,0.004,0.04,0.067,0.118,0.016,0.013,0.01,0.127,0.167,0.102
22,y1,0.012,0.001,0.001,0.002,0.188,0.062,0.053,0.002,0.002,0.003,0.071,0.116,0.045,0.253,0.135,0.053
22,y2,0.777,0.005,0.001,0.003,0.032,0.017,0.103,0.011,0.006,0.003,0.011,0.007,0.021,0.001,0.0,0.001
22,y3,0.452,0.089,0.056,0.071,0.002,0.002,0.002,0.091,0.072,0.054,0.001,0.001,0.001,0.05,0.01,0.047
23,.,0.057,0.068,0.126,0.083,0.077,0.033,0.025,0.053,0.061,0.061,0.053,0.053,0.046,0.071,0.059,0.075
23,A1_1,0.148,0.014,0.018,0.018,0.068,0.053,0.042,0.011,0.012,0.027,0.032,0.024,0.069,0.133,0.154,0.175
23,A1_2,0.24,0.031,0.01,0.02,0.072,0.085,0.179,0.025,0.026,0.02,0.098,0.071,0.053,0.023,0.027,0.019
23,A1_3,0.698,0.037,0.02,0.033,0.012,0.012,0.007,0.017,0.016,0.022,0.008,0.002,0.011,0.019,0.018,0.069
23,B1_1,0.012,0.143,0.037,0.083,0.052,0.1,0.032,0.045,0.037,0.055,0.08,0.026,0.033,0.064,0.099,0.1
23,B1_2,0.143,0.006,0.006,0.007,0.11,0.053,0.035,0.008,0.007,0.004,0.101,0.048,0.024,0.133,0.101,0.212
23,B1_3,0.304,0.08,0.017,0.026,0.071,0.121,0.12,0.023,0.035,0.041,0.04,0.02,0.076,0.013,0.004,0.009
23,A2_1,0.382,0.127,0.048,0.058,0.002,0.013,0.004,0.038,0.102,0.025,0.002,0.002,0.002,0.028,0.073,0.094
23,A2_2,0.002,0.099,0.142,0.072,0.04,0.043,0.006,0.049,0.058,0.053,0.032,0.052,0.028,0.067,0.197,0.059
23,A2_3,0.041,0.006,0.002,0.002,0.334,0.031,0.024,0.005,0.001,0.002,0.084,0.028,0.094,0.062,0.115,0.17
23,B2_1,0.601,0.017,0.006,0.008,0.046,0.097,0.045,0.064,0.022,0.003,0.042,0.031,0.01,0.003,0.002,0.003
23,B2_2,0.456,0.06,0.091,0.029,0.002,0.004,0.001,0.14,0.04,0.047,0.001,0.002,0.001,0.048,0.02,0.058
23,B2_3,0.001,0.076,0.153,0.101,0.008,0.013,0.004,0.038,0.08,0.118,0.017,0.012,0.01,0.124,0.14,0.105
23,y1,0.013,0.001,0.001,0.002,0.181,0.059,0.055,0.002,0.002,0.003,0.078,0.104,0.05,0.244,0.138,0.066
23,y2,0.748,0.006,0.001,0.003,0.036,0.016,0.121,0.012,0.006,0.003,0.014,0.007,0.024,0.001,0.0,0.001
23,y3,0.483,0.085,0.05,0.061,0.001,0.002,0.002,0.088,0.074,0.048,0.0,0.001,0.001,0.045,0.009,0.048
24,.,0.056,0.064,0.122,0.086,0.077,0.033,0.025,0.057,0.059,0.063,0.053,0.053,0.046,0.073,0.058,0.076
24,A1_1,0.146,0.014,0.018,0.018,0.068,0.053,0.04,0.012,0.012,0.027,0.032,0.024,0.07,0.143,0.152,0.171
24,A1_2,0.241,0.029,0.01,0.021,0.073,0.091,0.169,0.028,0.026,0.021,0.1,0.073,0.051,0.024,0.025,0.018
24,A1_3,0.697,0.034,0.018,0.034,0.012,0.011,0.007,0.02,0.015,0.024,0.007,0.002,0.011,0.021,0.018,0.07
24,B1_1,0.011,0.128,0.035,0.092,0.051,0.103,0.029,0.056,0.034,0.062,0.081,0.028,0.031,0.075,0.087,0.095
24,B1_2,0.147,0.006,0.007,0.006,0.098,0.055,0.032,0.008,0.007,0.004,0.1,0.048,0.021,0.147,0.1,0.217
24,B1_3,0.28,0.076,0.019,0.029,0.074,0.134,0.112,0.028,0.036,0.046,0.041,0.021,0.078,0.013,0.003,0.009
24,A2_1,0.375,0.114,0.045,0.06,0.002,0.012,0.004,0.041,0.091,0.027,0.001,0.002,0.002,0.034,0.081,0.109
24,A2_2,0.002,0.091,0.132,0.086,0.042,0.044,0.006,0.059,0.055,0.06,0.035,0.054,0.028,0.071,0.18,0.055
