,,.,A1_1,A1_2,A1_3,B1_1,B1_2,B1_3,A2_1,A2_2,A2_3,B2_1,B2_2,B2_3,y1,y2,y3
0,.,1.0,0.479,0.67,0.682,0.769,0.616,0.73,0.507,0.507,0.606,0.705,0.682,0.461,0.587,0.671,0.687
0,A1_1,0.479,1.0,0.693,0.723,0.601,0.323,0.653,0.486,0.659,0.753,0.515,0.669,0.491,0.427,0.599,0.44
0,A1_2,0.67,0.693,1.0,0.772,0.771,0.412,0.81,0.357,0.438,0.835,0.615,0.723,0.343,0.544,0.584,0.578
0,A1_3,0.682,0.723,0.772,1.0,0.71,0.393,0.705,0.621,0.692,0.79,0.573,0.668,0.466,0.576,0.686,0.55
0,B1_1,0.769,0.601,0.771,0.71,1.0,0.708,0.86,0.498,0.453,0.769,0.771,0.754,0.556,0.604,0.678,0.707
0,B1_2,0.616,0.323,0.412,0.393,0.708,1.0,0.6,0.433,0.438,0.472,0.662,0.609,0.663,0.36,0.572,0.59
0,B1_3,0.73,0.653,0.81,0.705,0.86,0.6,1.0,0.434,0.431,0.786,0.774,0.783,0.518,0.594,0.658,0.642
0,A2_1,0.507,0.486,0.357,0.621,0.498,0.433,0.434,1.0,0.697,0.559,0.468,0.367,0.395,0.264,0.638,0.418
0,A2_2,0.507,0.659,0.438,0.692,0.453,0.438,0.431,0.697,1.0,0.572,0.429,0.517,0.576,0.433,0.657,0.254
0,A2_3,0.606,0.753,0.835,0.79,0.769,0.472,0.786,0.559,0.572,1.0,0.636,0.635,0.518,0.441,0.665,0.557
0,B2_1,0.705,0.515,0.615,0.573,0.771,0.662,0.774,0.468,0.429,0.636,1.0,0.779,0.514,0.527,0.555,0.653
0,B2_2,0.682,0.669,0.723,0.668,0.754,0.609,0.783,0.367,0.517,0.635,0.779,1.0,0.579,0.594,0.632,0.552
0,B2_3,0.461,0.491,0.343,0.466,0.556,0.663,0.518,0.395,0.576,0.518,0.514,0.579,1.0,0.28,0.671,0.417
0,y1,0.587,0.427,0.544,0.576,0.604,0.36,0.594,0.264,0.433,0.441,0.527,0.594,0.28,1.0,0.447,0.404
0,y2,0.671,0.599,0.584,0.686,0.678,0.572,0.658,0.638,0.657,0.665,0.555,0.632,0.671,0.447,1.0,0.546
0,y3,0.687,0.44,0.578,0.55,0.707,0.59,0.642,0.418,0.254,0.557,0.653,0.552,0.417,0.404,0.546,1.0
1,.,1.0,0.683,0.726,0.791,0.749,0.742,0.745,0.67,0.8,0.762,0.746,0.803,0.556,0.805,0.829,0.829
1,A1_1,0.683,1.0,0.89,0.858,0.779,0.511,0.861,0.687,0.816,0.869,0.632,0.751,0.598,0.721,0.717,0.689
1,A1_2,0.726,0.89,1.0,0.807,0.774,0.593,0.909,0.584,0.741,0.838,0.699,0.762,0.519,0.72,0.68,0.702
1,A1_3,0.791,0.858,0.807,1.0,0.725,0.577,0.755,0.765,0.872,0.834,0.644,0.775,0.559,0.809,0.806,0.792
1,B1_1,0.749,0.779,0.774,0.725,1.0,0.718,0.797,0.719,0.714,0.761,0.58,0.716,0.812,0.738,0.719,0.741
1,B1_2,0.742,0.511,0.593,0.577,0.718,1.0,0.665,0.528,0.59,0.66,0.759,0.705,0.61,0.712,0.677,0.726
1,B1_3,0.745,0.861,0.909,0.755,0.797,0.665,1.0,0.577,0.716,0.868,0.781,0.769,0.555,0.737,0.714,0.726
1,A2_1,0.67,0.687,0.584,0.765,0.719,0.528,0.577,1.0,0.81,0.72,0.416,0.514,0.589,0.652,0.717,0.652
1,A2_2,0.8,0.816,0.741,0.872,0.714,0.59,0.716,0.81,1.0,0.856,0.642,0.715,0.529,0.717,0.772,0.729
1,A2_3,0.762,0.869,0.838,0.834,0.761,0.66,0.868,0.72,0.856,1.0,0.769,0.759,0.571,0.725,0.799,0.795
1,B2_1,0.746,0.632,0.699,0.644,0.58,0.759,0.781,0.416,0.642,0.769,1.0,0.749,0.353,0.666,0.644,0.736
1,B2_2,0.803,0.751,0.762,0.775,0.716,0.705,0.769,0.514,0.715,0.759,0.749,1.0,0.625,0.757,0.818,0.757
1,B2_3,0.556,0.598,0.519,0.559,0.812,0.61,0.555,0.589,0.529,0.571,0.353,0.625,1.0,0.622,0.643,0.578
1,y1,0.805,0.721,0.72,0.809,0.738,0.712,0.737,0.652,0.717,0.725,0.666,0.757,0.622,1.0,0.792,0.812
1,y2,0.829,0.717,0.68,0.806,0.719,0.677,0.714,0.717,0.772,0.799,0.644,0.818,0.643,0.792,1.0,0.851
1,y3,0.829,0.689,0.702,0.792,0.741,0.726,0.726,0.652,0.729,0.795,0.736,0.757,0.578,0.812,0.851,1.0
2,.,1.0,0.675,0.715,0.803,0.721,0.78,0.717,0.753,0.809,0.752,0.772,0.765,0.767,0.848,0.868,0.821
2,A1_1,0.675,1.0,0.902,0.892,0.842,0.645,0.878,0.839,0.883,0.915,0.797,0.807,0.783,0.701,0.679,0.656
2,A1_2,0.715,0.902,1.0,0.873,0.859,0.726,0.914,0.824,0.888,0.928,0.833,0.852,0.818,0.722,0.672,0.662
2,A1_3,0.803,0.892,0.873,1.0,0.811,0.691,0.825,0.887,0.911,0.911,0.785,0.799,0.787,0.823,0.818,0.794
2,B1_1,0.721,0.842,0.859,0.811,1.0,0.803,0.872,0.775,0.788,0.828,0.87,0.851,0.867,0.707,0.725,0.725
2,B1_2,0.78,0.645,0.726,0.691,0.803,1.0,0.768,0.643,0.689,0.713,0.871,0.857,0.878,0.749,0.758,0.753
2,B1_3,0.717,0.878,0.914,0.825,0.872,0.768,1.0,0.804,0.844,0.909,0.886,0.881,0.881,0.759,0.695,0.693
2,A2_1,0.753,0.839,0.824,0.887,0.775,0.643,0.804,1.0,0.944,0.911,0.703,0.683,0.707,0.761,0.773,0.755
2,A2_2,0.809,0.883,0.888,0.911,0.788,0.689,0.844,0.944,1.0,0.937,0.752,0.753,0.755,0.793,0.766,0.749
2,A2_3,0.752,0.915,0.928,0.911,0.828,0.713,0.909,0.911,0.937,1.0,0.826,0.809,0.824,0.794,0.749,0.761
2,B2_1,0.772,0.797,0.833,0.785,0.87,0.871,0.886,0.703,0.752,0.826,1.0,0.954,0.954,0.752,0.717,0.756
2,B2_2,0.765,0.807,0.852,0.799,0.851,0.857,0.881,0.683,0.753,0.809,0.954,1.0,0.951,0.768,0.741,0.744
2,B2_3,0.767,0.783,0.818,0.787,0.867,0.878,0.881,0.707,0.755,0.824,0.954,0.951,1.0,0.763,0.762,0.773
2,y1,0.848,0.701,0.722,0.823,0.707,0.749,0.759,0.761,0.793,0.794,0.752,0.768,0.763,1.0,0.907,0.907
2,y2,0.868,0.679,0.672,0.818,0.725,0.758,0.695,0.773,0.766,0.749,0.717,0.741,0.762,0.907,1.0,0.915
2,y3,0.821,0.656,0.662,0.794,0.725,0.753,0.693,0.755,0.749,0.761,0.756,0.744,0.773,0.907,0.915,1.0
3,.,1.0,0.565,0.548,0.678,0.523,0.718,0.567,0.68,0.712,0.636,0.654,0.663,0.685,0.783,0.814,0.768
3,A1_1,0.565,1.0,0.898,0.905,0.828,0.586,0.872,0.811,0.87,0.908,0.744,0.747,0.72,0.603,0.567,0.548
3,A1_2,0.548,0.898,1.0,0.862,0.85,0.647,0.899,0.758,0.842,0.896,0.757,0.764,0.731,0.556,0.502,0.489
3,A1_3,0.678,0.905,0.862,1.0,0.769,0.603,0.789,0.878,0.893,0.902,0.7,0.71,0.683,0.722,0.694,0.679
3,B1_1,0.523,0.828,0.85,0.769,1.0,0.733,0.879,0.673,0.68,0.754,0.822,0.826,0.819,0.552,0.541,0.545
3,B1_2,0.718,0.586,0.647,0.603,0.733,1.0,0.725,0.547,0.592,0.625,0.844,0.839,0.85,0.665,0.66,0.658
3,B1_3,0.567,0.872,0.899,0.789,0.879,0.725,1.0,0.689,0.77,0.858,0.874,0.868,0.86,0.589,0.534,0.528
3,A2_1,0.68,0.811,0.758,0.878,0.673,0.547,0.689,1.0,0.913,0.878,0.583,0.571,0.583,0.727,0.735,0.72
3,A2_2,0.712,0.87,0.842,0.893,0.68,0.592,0.77,0.913,1.0,0.933,0.653,0.633,0.633,0.712,0.671,0.668
3,A2_3,0.636,0.908,0.896,0.902,0.754,0.625,0.858,0.878,0.933,1.0,0.742,0.713,0.716,0.693,0.64,0.652
3,B2_1,0.654,0.744,0.757,0.7,0.822,0.844,0.874,0.583,0.653,0.742,1.0,0.953,0.942,0.624,0.589,0.619
3,B2_2,0.663,0.747,0.764,0.71,0.826,0.839,0.868,0.571,0.633,0.713,0.953,1.0,0.944,0.663,0.634,0.636
3,B2_3,0.685,0.72,0.731,0.683,0.819,0.85,0.86,0.583,0.633,0.716,0.942,0.944,1.0,0.67,0.657,0.653
3,y1,0.783,0.603,0.556,0.722,0.552,0.665,0.589,0.727,0.712,0.693,0.624,0.663,0.67,1.0,0.925,0.921
3,y2,0.814,0.567,0.502,0.694,0.541,0.66,0.534,0.735,0.671,0.64,0.589,0.634,0.657,0.925,1.0,0.94
3,y3,0.768,0.548,0.489,0.679,0.545,0.658,0.528,0.72,0.668,0.652,0.619,0.636,0.653,0.921,0.94,1.0
4,.,1.0,0.441,0.379,0.516,0.352,0.585,0.428,0.555,0.606,0.514,0.533,0.547,0.592,0.666,0.717,0.658
4,A1_1,0.441,1.0,0.897,0.918,0.806,0.495,0.823,0.745,0.811,0.88,0.626,0.607,0.592,0.501,0.455,0.449
4,A1_2,0.379,0.897,1.0,0.883,0.842,0.54,0.852,0.679,0.761,0.841,0.616,0.61,0.572,0.412,0.357,0.352
4,A1_3,0.516,0.918,0.883,1.0,0.75,0.493,0.742,0.79,0.811,0.86,0.576,0.565,0.537,0.543,0.503,0.503
4,B1_1,0.352,0.806,0.842,0.75,1.0,0.704,0.888,0.538,0.558,0.653,0.742,0.753,0.73,0.407,0.391,0.393
4,B1_2,0.585,0.495,0.54,0.493,0.704,1.0,0.711,0.341,0.432,0.474,0.806,0.812,0.802,0.497,0.506,0.49
4,B1_3,0.428,0.823,0.852,0.742,0.888,0.711,1.0,0.483,0.621,0.734,0.836,0.834,0.8,0.393,0.352,0.346
4,A2_1,0.555,0.745,0.679,0.79,0.538,0.341,0.483,1.0,0.875,0.817,0.321,0.293,0.31,0.65,0.665,0.652
4,A2_2,0.606,0.811,0.761,0.811,0.558,0.432,0.621,0.875,1.0,0.925,0.469,0.409,0.421,0.598,0.551,0.569
4,A2_3,0.514,0.88,0.841,0.86,0.653,0.474,0.734,0.817,0.925,1.0,0.565,0.506,0.51,0.565,0.503,0.538
4,B2_1,0.533,0.626,0.616,0.576,0.742,0.806,0.836,0.321,0.469,0.565,1.0,0.955,0.938,0.5,0.47,0.491
4,B2_2,0.547,0.607,0.61,0.565,0.753,0.812,0.834,0.293,0.409,0.506,0.955,1.0,0.944,0.515,0.501,0.496
4,B2_3,0.592,0.592,0.572,0.537,0.73,0.802,0.8,0.31,0.421,0.51,0.938,0.944,1.0,0.553,0.547,0.528
4,y1,0.666,0.501,0.412,0.543,0.407,0.497,0.393,0.65,0.598,0.565,0.5,0.515,0.553,1.0,0.928,0.927
4,y2,0.717,0.455,0.357,0.503,0.391,0.506,0.352,0.665,0.551,0.503,0.47,0.501,0.547,0.928,1.0,0.947
4,y3,0.658,0.449,0.352,0.503,0.393,0.49,0.346,0.652,0.569,0.538,0.491,0.496,0.528,0.927,0.947,1.0
5,.,1.0,0.307,0.165,0.231,0.155,0.346,0.271,0.393,0.445,0.353,0.372,0.385,0.418,0.561,0.633,0.556
5,A1_1,0.307,1.0,0.897,0.915,0.748,0.484,0.74,0.779,0.834,0.897,0.541,0.497,0.51,0.355,0.311,0.328
5,A1_2,0.165,0.897,1.0,0.92,0.782,0.503,0.736,0.745,0.792,0.847,0.482,0.46,0.439,0.241,0.187,0.21
5,A1_3,0.231,0.915,0.92,1.0,0.746,0.471,0.678,0.769,0.78,0.83,0.456,0.421,0.422,0.248,0.202,0.238
5,B1_1,0.155,0.748,0.782,0.746,1.0,0.794,0.887,0.467,0.497,0.583,0.754,0.734,0.74,0.208,0.186,0.204
5,B1_2,0.346,0.484,0.503,0.471,0.794,1.0,0.782,0.238,0.324,0.379,0.801,0.796,0.802,0.252,0.271,0.252
5,B1_3,0.271,0.74,0.736,0.678,0.887,0.782,1.0,0.398,0.526,0.625,0.863,0.853,0.819,0.172,0.159,0.152
5,A2_1,0.393,0.779,0.745,0.769,0.467,0.238,0.398,1.0,0.918,0.842,0.208,0.135,0.177,0.484,0.481,0.495
5,A2_2,0.445,0.834,0.792,0.78,0.497,0.324,0.526,0.918,1.0,0.935,0.339,0.271,0.294,0.429,0.386,0.412
5,A2_3,0.353,0.897,0.847,0.83,0.583,0.379,0.625,0.842,0.935,1.0,0.425,0.364,0.386,0.381,0.333,0.377
5,B2_1,0.372,0.541,0.482,0.456,0.754,0.801,0.863,0.208,0.339,0.425,1.0,0.96,0.944,0.302,0.295,0.305
5,B2_2,0.385,0.497,0.46,0.421,0.734,0.796,0.853,0.135,0.271,0.364,0.96,1.0,0.945,0.303,0.299,0.299
5,B2_3,0.418,0.51,0.439,0.422,0.74,0.802,0.819,0.177,0.294,0.386,0.944,0.945,1.0,0.364,0.388,0.376
5,y1,0.561,0.355,0.241,0.248,0.208,0.252,0.172,0.484,0.429,0.381,0.302,0.303,0.364,1.0,0.922,0.932
5,y2,0.633,0.311,0.187,0.202,0.186,0.271,0.159,0.481,0.386,0.333,0.295,0.299,0.388,0.922,1.0,0.945
5,y3,0.556,0.328,0.21,0.238,0.204,0.252,0.152,0.495,0.412,0.377,0.305,0.299,0.376,0.932,0.945,1.0
6,.,1.0,0.098,-0.037,-0.022,-0.056,0.122,0.058,0.103,0.256,0.16,0.201,0.109,0.211,0.576,0.651,0.571
6,A1_1,0.098,1.0,0.904,0.904,0.731,0.537,0.69,0.878,0.845,0.908,0.475,0.48,0.45,0.175,0.144,0.163
6,A1_2,-0.037,0.904,1.0,0.943,0.812,0.613,0.727,0.864,0.795,0.843,0.459,0.511,0.441,0.018,-0.01,-0.001
6,A1_3,-0.022,0.904,0.943,1.0,0.807,0.615,0.695,0.872,0.759,0.804,0.447,0.494,0.437,-0.016,-0.035,-0.015
6,B1_1,-0.056,0.731,0.812,0.807,1.0,0.864,0.896,0.629,0.513,0.585,0.733,0.789,0.748,-0.011,-0.013,0.001
6,B1_2,0.122,0.537,0.613,0.615,0.864,1.0,0.851,0.412,0.362,0.421,0.792,0.822,0.812,0.024,0.072,0.041
6,B1_3,0.058,0.69,0.727,0.695,0.896,0.851,1.0,0.526,0.493,0.587,0.865,0.896,0.851,-0.055,-0.026,-0.038
6,A2_1,0.103,0.878,0.864,0.872,0.629,0.412,0.526,1.0,0.926,0.888,0.269,0.282,0.249,0.192,0.186,0.202
6,A2_2,0.256,0.845,0.795,0.759,0.513,0.362,0.493,0.926,1.0,0.939,0.266,0.26,0.224,0.247,0.223,0.235
6,A2_3,0.16,0.908,0.843,0.804,0.585,0.421,0.587,0.888,0.939,1.0,0.361,0.36,0.33,0.179,0.158,0.186
6,B2_1,0.201,0.475,0.459,0.447,0.733,0.792,0.865,0.269,0.266,0.361,1.0,0.963,0.959,0.111,0.131,0.139
6,B2_2,0.109,0.48,0.511,0.494,0.789,0.822,0.896,0.282,0.26,0.36,0.963,1.0,0.943,0.024,0.042,0.06
6,B2_3,0.211,0.45,0.441,0.437,0.748,0.812,0.851,0.249,0.224,0.33,0.959,0.943,1.0,0.128,0.175,0.173
6,y1,0.576,0.175,0.018,-0.016,-0.011,0.024,-0.055,0.192,0.247,0.179,0.111,0.024,0.128,1.0,0.938,0.945
6,y2,0.651,0.144,-0.01,-0.035,-0.013,0.072,-0.026,0.186,0.223,0.158,0.131,0.042,0.175,0.938,1.0,0.958
6,y3,0.571,0.163,-0.001,-0.015,0.001,0.041,-0.038,0.202,0.235,0.186,0.139,0.06,0.173,0.945,0.958,1.0
7,.,1.0,0.171,0.044,0.137,0.095,0.275,0.187,0.234,0.3,0.232,0.271,0.253,0.291,0.347,0.436,0.345
7,A1_1,0.171,1.0,0.918,0.917,0.494,0.351,0.518,0.848,0.849,0.917,0.385,0.362,0.371,0.24,0.214,0.215
7,A1_2,0.044,0.918,1.0,0.93,0.476,0.312,0.481,0.853,0.856,0.897,0.314,0.307,0.294,0.16,0.122,0.13
7,A1_3,0.137,0.917,0.93,1.0,0.345,0.2,0.365,0.906,0.894,0.923,0.225,0.203,0.209,0.213,0.181,0.202
7,B1_1,0.095,0.494,0.476,0.345,1.0,0.898,0.934,0.242,0.269,0.349,0.896,0.903,0.885,0.059,0.069,0.072
7,B1_2,0.275,0.351,0.312,0.2,0.898,1.0,0.879,0.134,0.179,0.236,0.902,0.893,0.899,0.129,0.189,0.146
7,B1_3,0.187,0.518,0.481,0.365,0.934,0.879,1.0,0.269,0.315,0.413,0.923,0.924,0.903,0.009,0.047,0.025
7,A2_1,0.234,0.848,0.853,0.906,0.242,0.134,0.269,1.0,0.971,0.931,0.134,0.103,0.117,0.33,0.318,0.324
7,A2_2,0.3,0.849,0.856,0.894,0.269,0.179,0.315,0.971,1.0,0.946,0.171,0.146,0.153,0.277,0.254,0.254
7,A2_3,0.232,0.917,0.897,0.923,0.349,0.236,0.413,0.931,0.946,1.0,0.264,0.237,0.249,0.235,0.213,0.224
7,B2_1,0.271,0.385,0.314,0.225,0.896,0.902,0.923,0.134,0.171,0.264,1.0,0.978,0.974,0.167,0.201,0.186
7,B2_2,0.253,0.362,0.307,0.203,0.903,0.893,0.924,0.103,0.146,0.237,0.978,1.0,0.969,0.164,0.198,0.184
7,B2_3,0.291,0.371,0.294,0.209,0.885,0.899,0.903,0.117,0.153,0.249,0.974,0.969,1.0,0.188,0.236,0.21
7,y1,0.347,0.24,0.16,0.213,0.059,0.129,0.009,0.33,0.277,0.235,0.167,0.164,0.188,1.0,0.953,0.958
7,y2,0.436,0.214,0.122,0.181,0.069,0.189,0.047,0.318,0.254,0.213,0.201,0.198,0.236,0.953,1.0,0.969
7,y3,0.345,0.215,0.13,0.202,0.072,0.146,0.025,0.324,0.254,0.224,0.186,0.184,0.21,0.958,0.969,1.0
8,.,1.0,0.069,-0.052,0.004,-0.0,0.168,0.094,0.118,0.182,0.132,0.162,0.139,0.165,0.354,0.443,0.352
8,A1_1,0.069,1.0,0.924,0.922,0.48,0.339,0.489,0.875,0.871,0.925,0.37,0.349,0.347,0.145,0.131,0.128
8,A1_2,-0.052,0.924,1.0,0.936,0.49,0.337,0.475,0.882,0.882,0.906,0.331,0.326,0.306,0.052,0.028,0.029
8,A1_3,0.004,0.922,0.936,1.0,0.374,0.219,0.364,0.932,0.915,0.926,0.243,0.224,0.215,0.088,0.07,0.086
8,B1_1,-0.0,0.48,0.49,0.374,1.0,0.91,0.94,0.291,0.306,0.367,0.911,0.919,0.907,-0.048,-0.028,-0.035
8,B1_2,0.168,0.339,0.337,0.219,0.91,1.0,0.892,0.164,0.199,0.247,0.907,0.899,0.91,0.013,0.075,0.026
8,B1_3,0.094,0.489,0.475,0.364,0.94,0.892,1.0,0.298,0.33,0.41,0.929,0.928,0.916,-0.088,-0.034,-0.071
8,A2_1,0.118,0.875,0.882,0.932,0.291,0.164,0.298,1.0,0.972,0.935,0.169,0.142,0.144,0.2,0.2,0.2
8,A2_2,0.182,0.871,0.882,0.915,0.306,0.199,0.33,0.972,1.0,0.951,0.191,0.168,0.16,0.152,0.146,0.137
8,A2_3,0.132,0.925,0.906,0.926,0.367,0.247,0.41,0.935,0.951,1.0,0.271,0.247,0.246,0.114,0.112,0.112
8,B2_1,0.162,0.37,0.331,0.243,0.911,0.907,0.929,0.169,0.191,0.271,1.0,0.979,0.974,0.07,0.108,0.088
8,B2_2,0.139,0.349,0.326,0.224,0.919,0.899,0.928,0.142,0.168,0.247,0.979,1.0,0.969,0.062,0.099,0.083
8,B2_3,0.165,0.347,0.306,0.215,0.907,0.91,0.916,0.144,0.16,0.246,0.974,0.969,1.0,0.073,0.126,0.097
8,y1,0.354,0.145,0.052,0.088,-0.048,0.013,-0.088,0.2,0.152,0.114,0.07,0.062,0.073,1.0,0.955,0.96
8,y2,0.443,0.131,0.028,0.07,-0.028,0.075,-0.034,0.2,0.146,0.112,0.108,0.099,0.126,0.955,1.0,0.972
8,y3,0.352,0.128,0.029,0.086,-0.035,0.026,-0.071,0.2,0.137,0.112,0.088,0.083,0.097,0.96,0.972,1.0
9,.,1.0,0.068,-0.01,0.054,0.046,0.169,0.11,0.1,0.18,0.147,0.168,0.143,0.162,0.309,0.395,0.312
9,A1_1,0.068,1.0,0.937,0.924,0.42,0.341,0.454,0.896,0.88,0.923,0.358,0.343,0.334,0.165,0.139,0.135
9,A1_2,-0.01,0.937,1.0,0.945,0.395,0.312,0.424,0.925,0.916,0.932,0.306,0.305,0.28,0.1,0.066,0.065
9,A1_3,0.054,0.924,0.945,1.0,0.285,0.204,0.322,0.957,0.943,0.954,0.22,0.205,0.192,0.113,0.086,0.096
9,B1_1,0.046,0.42,0.395,0.285,1.0,0.938,0.954,0.267,0.263,0.308,0.944,0.955,0.944,-0.019,0.003,-0.009
9,B1_2,0.169,0.341,0.312,0.204,0.938,1.0,0.92,0.199,0.214,0.248,0.93,0.922,0.929,0.011,0.066,0.019
9,B1_3,0.11,0.454,0.424,0.322,0.954,0.92,1.0,0.307,0.311,0.37,0.946,0.947,0.937,-0.061,-0.015,-0.048
9,A2_1,0.1,0.896,0.925,0.957,0.267,0.199,0.307,1.0,0.972,0.948,0.2,0.181,0.176,0.192,0.182,0.18
9,A2_2,0.18,0.88,0.916,0.943,0.263,0.214,0.311,0.972,1.0,0.96,0.195,0.181,0.166,0.149,0.136,0.125
9,A2_3,0.147,0.923,0.932,0.954,0.308,0.248,0.37,0.948,0.96,1.0,0.253,0.237,0.229,0.13,0.118,0.117
9,B2_1,0.168,0.358,0.306,0.22,0.944,0.93,0.946,0.2,0.195,0.253,1.0,0.979,0.977,0.069,0.105,0.081
9,B2_2,0.143,0.343,0.305,0.205,0.955,0.922,0.947,0.181,0.181,0.237,0.979,1.0,0.972,0.056,0.089,0.07
9,B2_3,0.162,0.334,0.28,0.192,0.944,0.929,0.937,0.176,0.166,0.229,0.977,0.972,1.0,0.064,0.11,0.082
9,y1,0.309,0.165,0.1,0.113,-0.019,0.011,-0.061,0.192,0.149,0.13,0.069,0.056,0.064,1.0,0.96,0.962
9,y2,0.395,0.139,0.066,0.086,0.003,0.066,-0.015,0.182,0.136,0.118,0.105,0.089,0.11,0.96,1.0,0.975
9,y3,0.312,0.135,0.065,0.096,-0.009,0.019,-0.048,0.18,0.125,0.117,0.081,0.07,0.082,0.962,0.975,1.0
10,.,1.0,0.031,-0.03,0.034,0.035,0.133,0.091,0.069,0.146,0.116,0.147,0.119,0.136,0.263,0.346,0.265
10,A1_1,0.031,1.0,0.941,0.919,0.379,0.319,0.414,0.901,0.886,0.923,0.333,0.321,0.308,0.135,0.108,0.103
10,A1_2,-0.03,0.941,1.0,0.947,0.333,0.271,0.368,0.935,0.93,0.944,0.269,0.27,0.238,0.093,0.059,0.059
10,A1_3,0.034,0.919,0.947,1.0,0.227,0.164,0.268,0.96,0.949,0.96,0.181,0.17,0.15,0.083,0.056,0.068
10,B1_1,0.035,0.379,0.333,0.227,1.0,0.946,0.958,0.227,0.225,0.268,0.954,0.965,0.954,-0.037,-0.007,-0.024
10,B1_2,0.133,0.319,0.271,0.164,0.946,1.0,0.925,0.172,0.189,0.22,0.934,0.927,0.933,-0.012,0.045,-0.005
10,B1_3,0.091,0.414,0.368,0.268,0.958,0.925,1.0,0.266,0.27,0.329,0.953,0.954,0.946,-0.084,-0.031,-0.068
10,A2_1,0.069,0.901,0.935,0.96,0.227,0.172,0.266,1.0,0.973,0.952,0.176,0.162,0.15,0.172,0.16,0.16
10,A2_2,0.146,0.886,0.93,0.949,0.225,0.189,0.27,0.973,1.0,0.962,0.17,0.162,0.14,0.13,0.114,0.106
10,A2_3,0.116,0.923,0.944,0.96,0.268,0.22,0.329,0.952,0.962,1.0,0.227,0.215,0.201,0.105,0.092,0.092
10,B2_1,0.147,0.333,0.269,0.181,0.954,0.934,0.953,0.176,0.17,0.227,1.0,0.98,0.979,0.041,0.085,0.055
10,B2_2,0.119,0.321,0.27,0.17,0.965,0.927,0.954,0.162,0.162,0.215,0.98,1.0,0.973,0.031,0.07,0.046
10,B2_3,0.136,0.308,0.238,0.15,0.954,0.933,0.946,0.15,0.14,0.201,0.979,0.973,1.0,0.033,0.086,0.053
10,y1,0.263,0.135,0.093,0.083,-0.037,-0.012,-0.084,0.172,0.13,0.105,0.041,0.031,0.033,1.0,0.961,0.963
10,y2,0.346,0.108,0.059,0.056,-0.007,0.045,-0.031,0.16,0.114,0.092,0.085,0.07,0.086,0.961,1.0,0.976
10,y3,0.265,0.103,0.059,0.068,-0.024,-0.005,-0.068,0.16,0.106,0.092,0.055,0.046,0.053,0.963,0.976,1.0
11,.,1.0,0.031,0.017,0.067,0.079,0.169,0.127,0.066,0.142,0.126,0.163,0.142,0.162,0.183,0.266,0.185
11,A1_1,0.031,1.0,0.933,0.91,0.305,0.267,0.34,0.901,0.886,0.924,0.287,0.282,0.263,0.15,0.13,0.12
11,A1_2,0.017,0.933,1.0,0.954,0.224,0.18,0.268,0.945,0.947,0.964,0.189,0.195,0.155,0.116,0.091,0.09
11,A1_3,0.067,0.91,0.954,1.0,0.139,0.101,0.189,0.954,0.95,0.966,0.117,0.11,0.086,0.065,0.048,0.053
11,B1_1,0.079,0.305,0.224,0.139,1.0,0.948,0.966,0.152,0.156,0.202,0.969,0.975,0.963,-0.005,0.034,0.016
11,B1_2,0.169,0.267,0.18,0.101,0.948,1.0,0.928,0.122,0.141,0.173,0.938,0.93,0.935,-0.025,0.037,-0.013
11,B1_3,0.127,0.34,0.268,0.189,0.966,0.928,1.0,0.196,0.203,0.259,0.962,0.961,0.951,-0.05,0.003,-0.028
11,A2_1,0.066,0.901,0.945,0.954,0.152,0.122,0.196,1.0,0.975,0.958,0.125,0.117,0.1,0.17,0.166,0.162
11,A2_2,0.142,0.886,0.947,0.95,0.156,0.141,0.203,0.975,1.0,0.965,0.123,0.12,0.095,0.121,0.113,0.099
11,A2_3,0.126,0.924,0.964,0.966,0.202,0.173,0.259,0.958,0.965,1.0,0.178,0.173,0.155,0.103,0.1,0.093
11,B2_1,0.163,0.287,0.189,0.117,0.969,0.938,0.962,0.125,0.123,0.178,1.0,0.981,0.981,0.044,0.091,0.061
11,B2_2,0.142,0.282,0.195,0.11,0.975,0.93,0.961,0.117,0.12,0.173,0.981,1.0,0.976,0.038,0.081,0.056
11,B2_3,0.162,0.263,0.155,0.086,0.963,0.935,0.951,0.1,0.095,0.155,0.981,0.976,1.0,0.026,0.082,0.047
11,y1,0.183,0.15,0.116,0.065,-0.005,-0.025,-0.05,0.17,0.121,0.103,0.044,0.038,0.026,1.0,0.966,0.963
11,y2,0.266,0.13,0.091,0.048,0.034,0.037,0.003,0.166,0.113,0.1,0.091,0.081,0.082,0.966,1.0,0.977
11,y3,0.185,0.12,0.09,0.053,0.016,-0.013,-0.028,0.162,0.099,0.093,0.061,0.056,0.047,0.963,0.977,1.0
12,.,1.0,-0.02,-0.016,0.016,0.037,0.124,0.08,0.01,0.083,0.074,0.122,0.104,0.115,0.174,0.254,0.176
12,A1_1,-0.02,1.0,0.938,0.916,0.297,0.262,0.332,0.911,0.898,0.928,0.281,0.275,0.257,0.105,0.089,0.076
12,A1_2,-0.016,0.938,1.0,0.958,0.219,0.181,0.261,0.948,0.954,0.969,0.188,0.191,0.156,0.063,0.043,0.038
12,A1_3,0.016,0.916,0.958,1.0,0.147,0.112,0.191,0.958,0.956,0.967,0.127,0.119,0.098,0.014,0.002,0.005
12,B1_1,0.037,0.297,0.219,0.147,1.0,0.95,0.967,0.161,0.165,0.198,0.971,0.976,0.967,-0.04,-0.002,-0.02
12,B1_2,0.124,0.262,0.181,0.112,0.95,1.0,0.936,0.13,0.152,0.172,0.943,0.936,0.941,-0.076,-0.017,-0.067
12,B1_3,0.08,0.332,0.261,0.191,0.967,0.936,1.0,0.2,0.207,0.25,0.966,0.964,0.957,-0.085,-0.033,-0.065
12,A2_1,0.01,0.911,0.948,0.958,0.161,0.13,0.2,1.0,0.976,0.96,0.135,0.127,0.112,0.122,0.12,0.115
12,A2_2,0.083,0.898,0.954,0.956,0.165,0.152,0.207,0.976,1.0,0.968,0.135,0.13,0.108,0.068,0.063,0.049
12,A2_3,0.074,0.928,0.969,0.967,0.198,0.172,0.25,0.96,0.968,1.0,0.176,0.17,0.155,0.057,0.057,0.049
12,B2_1,0.122,0.281,0.188,0.127,0.971,0.943,0.966,0.135,0.135,0.176,1.0,0.981,0.981,-0.0,0.045,0.014
12,B2_2,0.104,0.275,0.191,0.119,0.976,0.936,0.964,0.127,0.13,0.17,0.981,1.0,0.977,-0.006,0.036,0.009
12,B2_3,0.115,0.257,0.156,0.098,0.967,0.941,0.957,0.112,0.108,0.155,0.981,0.977,1.0,-0.021,0.031,-0.003
12,y1,0.174,0.105,0.063,0.014,-0.04,-0.076,-0.085,0.122,0.068,0.057,-0.0,-0.006,-0.021,1.0,0.967,0.965
12,y2,0.254,0.089,0.043,0.002,-0.002,-0.017,-0.033,0.12,0.063,0.057,0.045,0.036,0.031,0.967,1.0,0.977
12,y3,0.176,0.076,0.038,0.005,-0.02,-0.067,-0.065,0.115,0.049,0.049,0.014,0.009,-0.003,0.965,0.977,1.0
13,.,1.0,-0.049,-0.039,-0.018,0.016,0.098,0.064,-0.031,0.041,0.047,0.101,0.08,0.097,0.164,0.245,0.167
13,A1_1,-0.049,1.0,0.936,0.915,0.286,0.254,0.316,0.915,0.904,0.93,0.267,0.266,0.245,0.072,0.055,0.042
13,A1_2,-0.039,0.936,1.0,0.956,0.203,0.167,0.238,0.946,0.956,0.969,0.17,0.177,0.139,0.035,0.013,0.009
13,A1_3,-0.018,0.915,0.956,1.0,0.132,0.099,0.17,0.954,0.955,0.966,0.109,0.106,0.082,-0.026,-0.04,-0.035
13,B1_1,0.016,0.286,0.203,0.132,1.0,0.949,0.969,0.152,0.16,0.188,0.973,0.977,0.967,-0.062,-0.018,-0.036
13,B1_2,0.098,0.254,0.167,0.099,0.949,1.0,0.938,0.12,0.147,0.163,0.944,0.938,0.942,-0.108,-0.045,-0.095
13,B1_3,0.064,0.316,0.238,0.17,0.969,0.938,1.0,0.182,0.193,0.234,0.967,0.965,0.96,-0.111,-0.052,-0.086
13,A2_1,-0.031,0.915,0.946,0.954,0.152,0.12,0.182,1.0,0.975,0.958,0.123,0.12,0.099,0.094,0.09,0.088
13,A2_2,0.041,0.904,0.956,0.955,0.16,0.147,0.193,0.975,1.0,0.968,0.126,0.126,0.099,0.043,0.035,0.024
13,A2_3,0.047,0.93,0.969,0.966,0.188,0.163,0.234,0.958,0.968,1.0,0.165,0.163,0.146,0.025,0.024,0.018
13,B2_1,0.101,0.267,0.17,0.109,0.973,0.944,0.967,0.123,0.126,0.165,1.0,0.981,0.981,-0.03,0.02,-0.012
13,B2_2,0.08,0.266,0.177,0.106,0.977,0.938,0.965,0.12,0.126,0.163,0.981,1.0,0.979,-0.04,0.008,-0.02
13,B2_3,0.097,0.245,0.139,0.082,0.967,0.942,0.96,0.099,0.099,0.146,0.981,0.979,1.0,-0.059,-0.0,-0.035
13,y1,0.164,0.072,0.035,-0.026,-0.062,-0.108,-0.111,0.094,0.043,0.025,-0.03,-0.04,-0.059,1.0,0.968,0.964
13,y2,0.245,0.055,0.013,-0.04,-0.018,-0.045,-0.052,0.09,0.035,0.024,0.02,0.008,-0.0,0.968,1.0,0.978
13,y3,0.167,0.042,0.009,-0.035,-0.036,-0.095,-0.086,0.088,0.024,0.018,-0.012,-0.02,-0.035,0.964,0.978,1.0
14,.,1.0,-0.042,-0.024,-0.018,0.021,0.101,0.063,-0.026,0.042,0.043,0.107,0.081,0.097,0.162,0.235,0.16
14,A1_1,-0.042,1.0,0.94,0.924,0.275,0.253,0.308,0.927,0.912,0.937,0.258,0.261,0.241,0.07,0.055,0.039
14,A1_2,-0.024,0.94,1.0,0.961,0.192,0.168,0.229,0.952,0.96,0.972,0.163,0.174,0.138,0.024,0.005,-0.003
14,A1_3,-0.018,0.924,0.961,1.0,0.132,0.108,0.168,0.961,0.957,0.968,0.11,0.112,0.088,-0.026,-0.04,-0.038
14,B1_1,0.021,0.275,0.192,0.132,1.0,0.951,0.97,0.156,0.155,0.181,0.973,0.979,0.969,-0.059,-0.021,-0.038
14,B1_2,0.101,0.253,0.168,0.108,0.951,1.0,0.944,0.133,0.15,0.163,0.948,0.943,0.945,-0.113,-0.056,-0.104
14,B1_3,0.063,0.308,0.229,0.168,0.97,0.944,1.0,0.189,0.188,0.225,0.969,0.969,0.964,-0.107,-0.055,-0.088
14,A2_1,-0.026,0.927,0.952,0.961,0.156,0.133,0.189,1.0,0.978,0.966,0.129,0.132,0.111,0.073,0.07,0.065
14,A2_2,0.042,0.912,0.96,0.957,0.155,0.15,0.188,0.978,1.0,0.971,0.123,0.129,0.101,0.036,0.028,0.016
14,A2_3,0.043,0.937,0.972,0.968,0.181,0.163,0.225,0.966,0.971,1.0,0.159,0.162,0.145,0.027,0.026,0.018
14,B2_1,0.107,0.258,0.163,0.11,0.973,0.948,0.969,0.129,0.123,0.159,1.0,0.981,0.982,-0.035,0.012,-0.02
14,B2_2,0.081,0.261,0.174,0.112,0.979,0.943,0.969,0.132,0.129,0.162,0.981,1.0,0.98,-0.045,-0.002,-0.03
14,B2_3,0.097,0.241,0.138,0.088,0.969,0.945,0.964,0.111,0.101,0.145,0.982,0.98,1.0,-0.063,-0.01,-0.045
14,y1,0.162,0.07,0.024,-0.026,-0.059,-0.113,-0.107,0.073,0.036,0.027,-0.035,-0.045,-0.063,1.0,0.971,0.967
14,y2,0.235,0.055,0.005,-0.04,-0.021,-0.056,-0.055,0.07,0.028,0.026,0.012,-0.002,-0.01,0.971,1.0,0.979
14,y3,0.16,0.039,-0.003,-0.038,-0.038,-0.104,-0.088,0.065,0.016,0.018,-0.02,-0.03,-0.045,0.967,0.979,1.0
15,.,1.0,-0.025,-0.01,0.007,0.042,0.114,0.088,-0.009,0.057,0.058,0.124,0.101,0.121,0.129,0.203,0.126
15,A1_1,-0.025,1.0,0.937,0.92,0.264,0.249,0.295,0.924,0.912,0.937,0.254,0.256,0.236,0.079,0.067,0.049
15,A1_2,-0.01,0.937,1.0,0.961,0.165,0.146,0.2,0.955,0.963,0.974,0.143,0.153,0.116,0.046,0.03,0.023
15,A1_3,0.007,0.92,0.961,1.0,0.108,0.091,0.146,0.96,0.959,0.97,0.096,0.096,0.073,-0.018,-0.027,-0.027
15,B1_1,0.042,0.264,0.165,0.108,1.0,0.952,0.969,0.141,0.141,0.17,0.974,0.978,0.969,-0.039,0.003,-0.017
15,B1_2,0.114,0.249,0.146,0.091,0.952,1.0,0.942,0.123,0.141,0.158,0.949,0.943,0.946,-0.086,-0.027,-0.078
15,B1_3,0.088,0.295,0.2,0.146,0.969,0.942,1.0,0.172,0.174,0.213,0.97,0.968,0.965,-0.092,-0.038,-0.072
15,A2_1,-0.009,0.924,0.955,0.96,0.141,0.123,0.172,1.0,0.979,0.968,0.121,0.123,0.102,0.09,0.091,0.083
15,A2_2,0.057,0.912,0.963,0.959,0.141,0.141,0.174,0.979,1.0,0.972,0.117,0.122,0.095,0.049,0.046,0.03
15,A2_3,0.058,0.937,0.974,0.97,0.17,0.158,0.213,0.968,0.972,1.0,0.155,0.158,0.141,0.032,0.035,0.025
15,B2_1,0.124,0.254,0.143,0.096,0.974,0.949,0.97,0.121,0.117,0.155,1.0,0.981,0.983,-0.017,0.031,-0.003
15,B2_2,0.101,0.256,0.153,0.096,0.978,0.943,0.968,0.123,0.122,0.158,0.981,1.0,0.979,-0.023,0.021,-0.009
15,B2_3,0.121,0.236,0.116,0.073,0.969,0.946,0.965,0.102,0.095,0.141,0.983,0.979,1.0,-0.044,0.011,-0.026
15,y1,0.129,0.079,0.046,-0.018,-0.039,-0.086,-0.092,0.09,0.049,0.032,-0.017,-0.023,-0.044,1.0,0.968,0.965
15,y2,0.203,0.067,0.03,-0.027,0.003,-0.027,-0.038,0.091,0.046,0.035,0.031,0.021,0.011,0.968,1.0,0.979
15,y3,0.126,0.049,0.023,-0.027,-0.017,-0.078,-0.072,0.083,0.03,0.025,-0.003,-0.009,-0.026,0.965,0.979,1.0
16,.,1.0,-0.067,-0.035,-0.033,0.025,0.101,0.067,-0.055,0.01,0.016,0.103,0.077,0.099,0.14,0.212,0.139
16,A1_1,-0.067,1.0,0.939,0.925,0.266,0.242,0.298,0.932,0.92,0.94,0.257,0.26,0.24,0.049,0.04,0.02
16,A1_2,-0.035,0.939,1.0,0.962,0.175,0.152,0.211,0.957,0.964,0.975,0.154,0.165,0.13,0.005,-0.004,-0.016
16,A1_3,-0.033,0.925,0.962,1.0,0.123,0.101,0.16,0.965,0.962,0.972,0.11,0.111,0.089,-0.054,-0.059,-0.061
16,B1_1,0.025,0.266,0.175,0.123,1.0,0.954,0.971,0.154,0.161,0.181,0.975,0.979,0.972,-0.054,-0.013,-0.028
16,B1_2,0.101,0.242,0.152,0.101,0.954,1.0,0.949,0.129,0.155,0.166,0.954,0.948,0.951,-0.117,-0.059,-0.104
16,B1_3,0.067,0.298,0.211,0.16,0.971,0.949,1.0,0.185,0.192,0.224,0.972,0.969,0.968,-0.109,-0.055,-0.085
16,A2_1,-0.055,0.932,0.957,0.965,0.154,0.129,0.185,1.0,0.98,0.971,0.134,0.137,0.116,0.042,0.046,0.038
16,A2_2,0.01,0.92,0.964,0.962,0.161,0.155,0.192,0.98,1.0,0.974,0.138,0.143,0.118,0.009,0.01,-0.006
16,A2_3,0.016,0.94,0.975,0.972,0.181,0.166,0.224,0.971,0.974,1.0,0.168,0.171,0.155,-0.003,0.004,-0.008
16,B2_1,0.103,0.257,0.154,0.11,0.975,0.954,0.972,0.134,0.138,0.168,1.0,0.981,0.984,-0.041,0.005,-0.024
16,B2_2,0.077,0.26,0.165,0.111,0.979,0.948,0.969,0.137,0.143,0.171,0.981,1.0,0.981,-0.049,-0.007,-0.031
16,B2_3,0.099,0.24,0.13,0.089,0.972,0.951,0.968,0.116,0.118,0.155,0.984,0.981,1.0,-0.069,-0.017,-0.048
16,y1,0.14,0.049,0.005,-0.054,-0.054,-0.117,-0.109,0.042,0.009,-0.003,-0.041,-0.049,-0.069,1.0,0.971,0.966
16,y2,0.212,0.04,-0.004,-0.059,-0.013,-0.059,-0.055,0.046,0.01,0.004,0.005,-0.007,-0.017,0.971,1.0,0.979
16,y3,0.139,0.02,-0.016,-0.061,-0.028,-0.104,-0.085,0.038,-0.006,-0.008,-0.024,-0.031,-0.048,0.966,0.979,1.0
17,.,1.0,-0.069,-0.037,-0.037,0.03,0.102,0.074,-0.055,0.01,0.013,0.108,0.081,0.105,0.125,0.194,0.121
17,A1_1,-0.069,1.0,0.942,0.928,0.256,0.233,0.288,0.935,0.923,0.943,0.248,0.252,0.232,0.046,0.038,0.02
17,A1_2,-0.037,0.942,1.0,0.964,0.167,0.146,0.203,0.961,0.967,0.976,0.147,0.158,0.124,0.001,-0.007,-0.018
17,A1_3,-0.037,0.928,0.964,1.0,0.118,0.097,0.154,0.967,0.964,0.974,0.106,0.108,0.087,-0.058,-0.062,-0.064
17,B1_1,0.03,0.256,0.167,0.118,1.0,0.956,0.971,0.15,0.155,0.175,0.976,0.98,0.973,-0.058,-0.019,-0.037
17,B1_2,0.102,0.233,0.146,0.097,0.956,1.0,0.951,0.126,0.15,0.161,0.955,0.95,0.951,-0.122,-0.065,-0.112
17,B1_3,0.074,0.288,0.203,0.154,0.971,0.951,1.0,0.181,0.186,0.218,0.973,0.971,0.97,-0.115,-0.063,-0.096
17,A2_1,-0.055,0.935,0.961,0.967,0.15,0.126,0.181,1.0,0.98,0.974,0.131,0.135,0.114,0.034,0.04,0.032
17,A2_2,0.01,0.923,0.967,0.964,0.155,0.15,0.186,0.98,1.0,0.976,0.133,0.139,0.114,0.004,0.007,-0.01
17,A2_3,0.013,0.943,0.976,0.974,0.175,0.161,0.218,0.974,0.976,1.0,0.163,0.167,0.151,-0.01,-0.003,-0.015
17,B2_1,0.108,0.248,0.147,0.106,0.976,0.955,0.973,0.131,0.133,0.163,1.0,0.981,0.984,-0.043,0.001,-0.03
17,B2_2,0.081,0.252,0.158,0.108,0.98,0.95,0.971,0.135,0.139,0.167,0.981,1.0,0.981,-0.054,-0.013,-0.041
17,B2_3,0.105,0.232,0.124,0.087,0.973,0.951,0.97,0.114,0.114,0.151,0.984,0.981,1.0,-0.07,-0.02,-0.054
17,y1,0.125,0.046,0.001,-0.058,-0.058,-0.122,-0.115,0.034,0.004,-0.01,-0.043,-0.054,-0.07,1.0,0.972,0.968
17,y2,0.194,0.038,-0.007,-0.062,-0.019,-0.065,-0.063,0.04,0.007,-0.003,0.001,-0.013,-0.02,0.972,1.0,0.979
17,y3,0.121,0.02,-0.018,-0.064,-0.037,-0.112,-0.096,0.032,-0.01,-0.015,-0.03,-0.041,-0.054,0.968,0.979,1.0
18,.,1.0,-0.07,-0.033,-0.038,0.02,0.086,0.061,-0.05,0.004,0.008,0.098,0.069,0.092,0.125,0.189,0.121
18,A1_1,-0.07,1.0,0.942,0.93,0.252,0.234,0.282,0.937,0.925,0.944,0.242,0.248,0.227,0.044,0.037,0.018
18,A1_2,-0.033,0.942,1.0,0.966,0.16,0.142,0.193,0.962,0.967,0.977,0.138,0.152,0.117,0.002,-0.006,-0.017
18,A1_3,-0.038,0.93,0.966,1.0,0.119,0.102,0.153,0.971,0.965,0.975,0.106,0.111,0.088,-0.054,-0.059,-0.059
18,B1_1,0.02,0.252,0.16,0.119,1.0,0.955,0.972,0.149,0.151,0.171,0.976,0.981,0.973,-0.055,-0.018,-0.035
18,B1_2,0.086,0.234,0.142,0.102,0.955,1.0,0.952,0.132,0.149,0.16,0.956,0.951,0.953,-0.123,-0.071,-0.115
18,B1_3,0.061,0.282,0.193,0.153,0.972,0.952,1.0,0.179,0.178,0.21,0.974,0.971,0.97,-0.108,-0.06,-0.091
18,A2_1,-0.05,0.937,0.962,0.971,0.149,0.132,0.179,1.0,0.982,0.976,0.13,0.136,0.115,0.027,0.033,0.025
18,A2_2,0.004,0.925,0.967,0.965,0.151,0.149,0.178,0.982,1.0,0.976,0.127,0.136,0.11,0.002,0.005,-0.01
18,A2_3,0.008,0.944,0.977,0.975,0.171,0.16,0.21,0.976,0.976,1.0,0.157,0.164,0.146,-0.006,0.001,-0.01
18,B2_1,0.098,0.242,0.138,0.106,0.976,0.956,0.974,0.13,0.127,0.157,1.0,0.981,0.984,-0.045,-0.003,-0.032
18,B2_2,0.069,0.248,0.152,0.111,0.981,0.951,0.971,0.136,0.136,0.164,0.981,1.0,0.981,-0.047,-0.01,-0.035
18,B2_3,0.092,0.227,0.117,0.088,0.973,0.953,0.97,0.115,0.11,0.146,0.984,0.981,1.0,-0.072,-0.026,-0.057
18,y1,0.125,0.044,0.002,-0.054,-0.055,-0.123,-0.108,0.027,0.002,-0.006,-0.045,-0.047,-0.072,1.0,0.973,0.968
18,y2,0.189,0.037,-0.006,-0.059,-0.018,-0.071,-0.06,0.033,0.005,0.001,-0.003,-0.01,-0.026,0.973,1.0,0.98
18,y3,0.121,0.018,-0.017,-0.059,-0.035,-0.115,-0.091,0.025,-0.01,-0.01,-0.032,-0.035,-0.057,0.968,0.98,1.0
19,.,1.0,-0.068,-0.023,-0.03,0.037,0.103,0.081,-0.039,0.016,0.016,0.114,0.083,0.109,0.118,0.176,0.108
19,A1_1,-0.068,1.0,0.943,0.932,0.243,0.226,0.274,0.941,0.926,0.945,0.233,0.24,0.219,0.044,0.035,0.018
19,A1_2,-0.023,0.943,1.0,0.967,0.147,0.132,0.181,0.964,0.968,0.977,0.127,0.141,0.106,-0.002,-0.011,-0.019
19,A1_3,-0.03,0.932,0.967,1.0,0.11,0.095,0.145,0.973,0.966,0.976,0.098,0.103,0.08,-0.056,-0.063,-0.061
19,B1_1,0.037,0.243,0.147,0.11,1.0,0.955,0.972,0.139,0.137,0.158,0.976,0.981,0.973,-0.055,-0.02,-0.035
19,B1_2,0.103,0.226,0.132,0.095,0.955,1.0,0.953,0.124,0.137,0.148,0.957,0.951,0.954,-0.131,-0.08,-0.124
19,B1_3,0.081,0.274,0.181,0.145,0.972,0.953,1.0,0.173,0.168,0.198,0.975,0.972,0.971,-0.109,-0.064,-0.093
19,A2_1,-0.039,0.941,0.964,0.973,0.139,0.124,0.173,1.0,0.983,0.979,0.122,0.128,0.107,0.017,0.021,0.016
19,A2_2,0.016,0.926,0.968,0.966,0.137,0.137,0.168,0.983,1.0,0.977,0.116,0.124,0.098,-0.001,-0.002,-0.013
19,A2_3,0.016,0.945,0.977,0.976,0.158,0.148,0.198,0.979,0.977,1.0,0.145,0.151,0.133,-0.008,-0.003,-0.01
19,B2_1,0.114,0.233,0.127,0.098,0.976,0.957,0.975,0.122,0.116,0.145,1.0,0.982,0.985,-0.044,-0.005,-0.032
19,B2_2,0.083,0.24,0.141,0.103,0.981,0.951,0.972,0.128,0.124,0.151,0.982,1.0,0.982,-0.047,-0.012,-0.036
19,B2_3,0.109,0.219,0.106,0.08,0.973,0.954,0.971,0.107,0.098,0.133,0.985,0.982,1.0,-0.071,-0.027,-0.058
19,y1,0.118,0.044,-0.002,-0.056,-0.055,-0.131,-0.109,0.017,-0.001,-0.008,-0.044,-0.047,-0.071,1.0,0.974,0.968
19,y2,0.176,0.035,-0.011,-0.063,-0.02,-0.08,-0.064,0.021,-0.002,-0.003,-0.005,-0.012,-0.027,0.974,1.0,0.98
19,y3,0.108,0.018,-0.019,-0.061,-0.035,-0.124,-0.093,0.016,-0.013,-0.01,-0.032,-0.036,-0.058,0.968,0.98,1.0
20,.,1.0,-0.102,-0.047,-0.062,0.008,0.073,0.049,-0.076,-0.023,-0.02,0.084,0.051,0.075,0.106,0.167,0.101
20,A1_1,-0.102,1.0,0.944,0.934,0.234,0.212,0.265,0.944,0.932,0.948,0.228,0.234,0.214,0.023,0.013,-0.003
20,A1_2,-0.047,0.944,1.0,0.966,0.145,0.126,0.18,0.964,0.97,0.978,0.13,0.144,0.11,-0.026,-0.035,-0.043
20,A1_3,-0.062,0.934,0.966,1.0,0.105,0.085,0.14,0.974,0.967,0.976,0.097,0.103,0.081,-0.08,-0.087,-0.084
20,B1_1,0.008,0.234,0.145,0.105,1.0,0.955,0.972,0.142,0.144,0.16,0.976,0.982,0.975,-0.074,-0.037,-0.051
20,B1_2,0.073,0.212,0.126,0.085,0.955,1.0,0.953,0.12,0.138,0.145,0.958,0.952,0.956,-0.155,-0.103,-0.145
20,B1_3,0.049,0.265,0.18,0.14,0.972,0.953,1.0,0.174,0.173,0.2,0.975,0.973,0.973,-0.131,-0.083,-0.111
20,A2_1,-0.076,0.944,0.964,0.974,0.142,0.12,0.174,1.0,0.983,0.979,0.128,0.135,0.114,-0.01,-0.005,-0.01
20,A2_2,-0.023,0.932,0.97,0.967,0.144,0.138,0.173,0.983,1.0,0.978,0.127,0.136,0.11,-0.027,-0.027,-0.037
20,A2_3,-0.02,0.948,0.978,0.976,0.16,0.145,0.2,0.979,0.978,1.0,0.151,0.159,0.142,-0.033,-0.028,-0.034
20,B2_1,0.084,0.228,0.13,0.097,0.976,0.958,0.975,0.128,0.127,0.151,1.0,0.982,0.985,-0.069,-0.027,-0.055
20,B2_2,0.051,0.234,0.144,0.103,0.982,0.952,0.973,0.135,0.136,0.159,0.982,1.0,0.982,-0.073,-0.036,-0.058
20,B2_3,0.075,0.214,0.11,0.081,0.975,0.956,0.973,0.114,0.11,0.142,0.985,0.982,1.0,-0.096,-0.052,-0.08
20,y1,0.106,0.023,-0.026,-0.08,-0.074,-0.155,-0.131,-0.01,-0.027,-0.033,-0.069,-0.073,-0.096,1.0,0.973,0.967
20,y2,0.167,0.013,-0.035,-0.087,-0.037,-0.103,-0.083,-0.005,-0.027,-0.028,-0.027,-0.036,-0.052,0.973,1.0,0.98
20,y3,0.101,-0.003,-0.043,-0.084,-0.051,-0.145,-0.111,-0.01,-0.037,-0.034,-0.055,-0.058,-0.08,0.967,0.98,1.0
21,.,1.0,-0.109,-0.045,-0.063,0.003,0.075,0.048,-0.079,-0.025,-0.019,0.076,0.05,0.074,0.08,0.141,0.076
21,A1_1,-0.109,1.0,0.94,0.933,0.218,0.188,0.243,0.944,0.929,0.948,0.208,0.214,0.194,0.026,0.018,0.005
21,A1_2,-0.045,0.94,1.0,0.963,0.125,0.102,0.155,0.961,0.968,0.976,0.105,0.121,0.086,-0.025,-0.032,-0.036
21,A1_3,-0.063,0.933,0.963,1.0,0.088,0.065,0.118,0.973,0.966,0.975,0.076,0.083,0.06,-0.084,-0.089,-0.083
21,B1_1,0.003,0.218,0.125,0.088,1.0,0.951,0.971,0.125,0.126,0.143,0.977,0.981,0.974,-0.07,-0.031,-0.042
21,B1_2,0.075,0.188,0.102,0.065,0.951,1.0,0.951,0.097,0.116,0.125,0.955,0.95,0.953,-0.167,-0.112,-0.152
21,B1_3,0.048,0.243,0.155,0.118,0.971,0.951,1.0,0.151,0.151,0.178,0.975,0.972,0.972,-0.129,-0.078,-0.104
21,A2_1,-0.079,0.944,0.961,0.973,0.125,0.097,0.151,1.0,0.982,0.978,0.107,0.115,0.093,-0.009,-0.002,-0.002
21,A2_2,-0.025,0.929,0.968,0.966,0.126,0.116,0.151,0.982,1.0,0.976,0.104,0.115,0.088,-0.035,-0.033,-0.04
21,A2_3,-0.019,0.948,0.976,0.975,0.143,0.125,0.178,0.978,0.976,1.0,0.131,0.141,0.123,-0.037,-0.03,-0.033
21,B2_1,0.076,0.208,0.105,0.076,0.977,0.955,0.975,0.107,0.104,0.131,1.0,0.982,0.985,-0.069,-0.026,-0.051
21,B2_2,0.05,0.214,0.121,0.083,0.981,0.95,0.972,0.115,0.115,0.141,0.982,1.0,0.982,-0.075,-0.036,-0.056
21,B2_3,0.074,0.194,0.086,0.06,0.974,0.953,0.972,0.093,0.088,0.123,0.985,0.982,1.0,-0.099,-0.053,-0.078
21,y1,0.08,0.026,-0.025,-0.084,-0.07,-0.167,-0.129,-0.009,-0.035,-0.037,-0.069,-0.075,-0.099,1.0,0.972,0.966
21,y2,0.141,0.018,-0.032,-0.089,-0.031,-0.112,-0.078,-0.002,-0.033,-0.03,-0.026,-0.036,-0.053,0.972,1.0,0.979
21,y3,0.076,0.005,-0.036,-0.083,-0.042,-0.152,-0.104,-0.002,-0.04,-0.033,-0.051,-0.056,-0.078,0.966,0.979,1.0
22,.,1.0,-0.111,-0.05,-0.066,0.001,0.075,0.048,-0.079,-0.026,-0.022,0.074,0.048,0.074,0.075,0.135,0.069
22,A1_1,-0.111,1.0,0.941,0.934,0.206,0.176,0.229,0.946,0.929,0.949,0.194,0.201,0.181,0.021,0.016,0.001
22,A1_2,-0.05,0.941,1.0,0.964,0.11,0.087,0.138,0.961,0.968,0.976,0.089,0.106,0.072,-0.033,-0.038,-0.042
22,A1_3,-0.066,0.934,0.964,1.0,0.079,0.055,0.106,0.974,0.967,0.976,0.063,0.071,0.049,-0.091,-0.094,-0.089
22,B1_1,0.001,0.206,0.11,0.079,1.0,0.951,0.971,0.113,0.112,0.133,0.977,0.981,0.974,-0.076,-0.038,-0.051
22,B1_2,0.075,0.176,0.087,0.055,0.951,1.0,0.952,0.086,0.101,0.113,0.957,0.95,0.954,-0.173,-0.12,-0.16
22,B1_3,0.048,0.229,0.138,0.106,0.971,0.952,1.0,0.139,0.135,0.166,0.976,0.972,0.973,-0.133,-0.084,-0.112
22,A2_1,-0.079,0.946,0.961,0.974,0.113,0.086,0.139,1.0,0.981,0.98,0.094,0.103,0.082,-0.019,-0.01,-0.011
22,A2_2,-0.026,0.929,0.968,0.967,0.112,0.101,0.135,0.981,1.0,0.977,0.089,0.1,0.074,-0.043,-0.039,-0.047
22,A2_3,-0.022,0.949,0.976,0.976,0.133,0.113,0.166,0.98,0.977,1.0,0.119,0.129,0.111,-0.047,-0.038,-0.043
22,B2_1,0.074,0.194,0.089,0.063,0.977,0.957,0.976,0.094,0.089,0.119,1.0,0.982,0.985,-0.074,-0.033,-0.058
22,B2_2,0.048,0.201,0.106,0.071,0.981,0.95,0.972,0.103,0.1,0.129,0.982,1.0,0.982,-0.079,-0.041,-0.062
22,B2_3,0.074,0.181,0.072,0.049,0.974,0.954,0.973,0.082,0.074,0.111,0.985,0.982,1.0,-0.106,-0.06,-0.087
22,y1,0.075,0.021,-0.033,-0.091,-0.076,-0.173,-0.133,-0.019,-0.043,-0.047,-0.074,-0.079,-0.106,1.0,0.973,0.967
22,y2,0.135,0.016,-0.038,-0.094,-0.038,-0.12,-0.084,-0.01,-0.039,-0.038,-0.033,-0.041,-0.06,0.973,1.0,0.979
22,y3,0.069,0.001,-0.042,-0.089,-0.051,-0.16,-0.112,-0.011,-0.047,-0.043,-0.058,-0.062,-0.087,0.967,0.979,1.0
23,.,1.0,-0.093,-0.041,-0.046,0.019,0.084,0.067,-0.058,-0.007,-0.005,0.088,0.063,0.088,0.065,0.123,0.057
23,A1_1,-0.093,1.0,0.942,0.936,0.2,0.177,0.222,0.946,0.929,0.95,0.189,0.195,0.177,0.029,0.029,0.011
23,A1_2,-0.041,0.942,1.0,0.966,0.098,0.081,0.124,0.964,0.968,0.977,0.078,0.093,0.061,-0.022,-0.022,-0.028
23,A1_3,-0.046,0.936,0.966,1.0,0.072,0.054,0.099,0.976,0.968,0.977,0.059,0.064,0.044,-0.078,-0.077,-0.075
23,B1_1,0.019,0.2,0.098,0.072,1.0,0.954,0.971,0.104,0.102,0.125,0.978,0.981,0.975,-0.067,-0.032,-0.048
23,B1_2,0.084,0.177,0.081,0.054,0.954,1.0,0.953,0.084,0.098,0.11,0.958,0.951,0.955,-0.156,-0.106,-0.148
23,B1_3,0.067,0.222,0.124,0.099,0.971,0.953,1.0,0.13,0.125,0.157,0.977,0.973,0.974,-0.124,-0.079,-0.11
23,A2_1,-0.058,0.946,0.964,0.976,0.104,0.084,0.13,1.0,0.982,0.982,0.088,0.094,0.075,-0.011,0.003,-0.003
23,A2_2,-0.007,0.929,0.968,0.968,0.102,0.098,0.125,0.982,1.0,0.977,0.082,0.089,0.066,-0.035,-0.028,-0.039
23,A2_3,-0.005,0.95,0.977,0.977,0.125,0.11,0.157,0.982,0.977,1.0,0.113,0.12,0.104,-0.04,-0.026,-0.034
23,B2_1,0.088,0.189,0.078,0.059,0.978,0.958,0.977,0.088,0.082,0.113,1.0,0.982,0.985,-0.063,-0.024,-0.051
23,B2_2,0.063,0.195,0.093,0.064,0.981,0.951,0.973,0.094,0.089,0.12,0.982,1.0,0.982,-0.065,-0.029,-0.052
23,B2_3,0.088,0.177,0.061,0.044,0.975,0.955,0.974,0.075,0.066,0.104,0.985,0.982,1.0,-0.09,-0.048,-0.078
23,y1,0.065,0.029,-0.022,-0.078,-0.067,-0.156,-0.124,-0.011,-0.035,-0.04,-0.063,-0.065,-0.09,1.0,0.972,0.967
23,y2,0.123,0.029,-0.022,-0.077,-0.032,-0.106,-0.079,0.003,-0.028,-0.026,-0.024,-0.029,-0.048,0.972,1.0,0.979
23,y3,0.057,0.011,-0.028,-0.075,-0.048,-0.148,-0.11,-0.003,-0.039,-0.034,-0.051,-0.052,-0.078,0.967,0.979,1.0
24,.,1.0,-0.113,-0.051,-0.061,-0.007,0.059,0.038,-0.075,-0.022,-0.022,0.067,0.036,0.065,0.084,0.143,0.079
24,A1_1,-0.113,1.0,0.944,0.936,0.219,0.193,0.243,0.948,0.931,0.95,0.206,0.213,0.195,0.015,0.013,-0.002
24,A1_2,-0.051,0.944,1.0,0.968,0.127,0.11,0.156,0.965,0.969,0.977,0.106,0.122,0.091,-0.047,-0.046,-0.052
24,A1_3,-0.061,0.936,0.968,1.0,0.093,0.073,0.122,0.976,0.969,0.978,0.078,0.086,0.067,-0.095,-0.093,-0.09
24,B1_1,-0.007,0.219,0.127,0.093,1.0,0.954,0.97,0.132,0.13,0.15,0.976,0.981,0.974,-0.083,-0.049,-0.063
24,B1_2,0.059,0.193,0.11,0.073,0.954,1.0,0.956,0.109,0.123,0.133,0.959,0.953,0.956,-0.177,-0.129,-0.169
24,B1_3,0.038,0.243,0.156,0.122,0.97,0.956,1.0,0.159,0.154,0.183,0.975,0.973,0.974,-0.142,-0.097,-0.127
24,A2_1,-0.075,0.948,0.965,0.976,0.132,0.109,0.159,1.0,0.982,0.983,0.114,0.122,0.104,-0.031,-0.018,-0.022
24,A2_2,-0.022,0.931,0.969,0.969,0.13,0.123,0.154,0.982,1.0,0.979,0.107,0.117,0.095,-0.049,-0.041,-0.051
