,,.,A1_1,A1_2,A1_3,B1_1,B1_2,B1_3,A2_1,A2_2,A2_3,B2_1,B2_2,B2_3,y1,y2,y3
0,.,1.0,-0.241,0.093,0.035,0.119,-0.343,-0.189,-0.036,0.112,-0.189,-0.063,0.219,0.161,-0.027,-0.042,0.144
0,A1_1,-0.241,1.0,0.047,0.054,-0.196,-0.283,0.065,-0.038,-0.013,0.304,0.039,0.136,0.063,0.018,0.194,-0.073
0,A1_2,0.093,0.047,1.0,-0.103,0.078,-0.083,-0.201,-0.143,0.055,0.117,0.087,0.187,-0.163,0.01,-0.03,-0.174
0,A1_3,0.035,0.054,-0.103,1.0,0.122,-0.142,-0.085,0.24,0.096,0.022,0.197,-0.021,-0.001,0.083,0.014,0.248
0,B1_1,0.119,-0.196,0.078,0.122,1.0,0.017,0.096,-0.022,-0.084,-0.075,-0.017,-0.166,0.149,0.035,-0.131,0.289
0,B1_2,-0.343,-0.283,-0.083,-0.142,0.017,1.0,0.007,-0.056,0.072,-0.006,-0.1,-0.188,-0.088,-0.119,-0.06,-0.102
0,B1_3,-0.189,0.065,-0.201,-0.085,0.096,0.007,1.0,-0.135,-0.262,-0.009,0.093,-0.096,0.151,0.164,0.066,0.07
0,A2_1,-0.036,-0.038,-0.143,0.24,-0.022,-0.056,-0.135,1.0,0.184,0.199,0.097,-0.016,0.211,-0.23,0.028,0.123
0,A2_2,0.112,-0.013,0.055,0.096,-0.084,0.072,-0.262,0.184,1.0,0.029,-0.14,-0.055,-0.072,-0.009,0.065,0.053
0,A2_3,-0.189,0.304,0.117,0.022,-0.075,-0.006,-0.009,0.199,0.029,1.0,0.148,0.036,0.354,-0.123,0.032,0.165
0,B2_1,-0.063,0.039,0.087,0.197,-0.017,-0.1,0.093,0.097,-0.14,0.148,1.0,0.061,0.13,-0.018,0.182,0.126
0,B2_2,0.219,0.136,0.187,-0.021,-0.166,-0.188,-0.096,-0.016,-0.055,0.036,0.061,1.0,-0.002,-0.149,0.072,0.019
0,B2_3,0.161,0.063,-0.163,-0.001,0.149,-0.088,0.151,0.211,-0.072,0.354,0.13,-0.002,1.0,-0.042,0.107,0.139
0,y1,-0.027,0.018,0.01,0.083,0.035,-0.119,0.164,-0.23,-0.009,-0.123,-0.018,-0.149,-0.042,1.0,0.012,-0.074
0,y2,-0.042,0.194,-0.03,0.014,-0.131,-0.06,0.066,0.028,0.065,0.032,0.182,0.072,0.107,0.012,1.0,-0.012
0,y3,0.144,-0.073,-0.174,0.248,0.289,-0.102,0.07,0.123,0.053,0.165,0.126,0.019,0.139,-0.074,-0.012,1.0
1,.,1.0,-0.237,0.077,0.048,0.104,-0.35,-0.189,-0.032,0.112,-0.194,-0.063,0.212,0.162,-0.028,-0.043,0.139
1,A1_1,-0.237,1.0,0.05,0.053,-0.194,-0.279,0.069,-0.037,-0.015,0.304,0.041,0.138,0.063,0.013,0.19,-0.077
1,A1_2,0.077,0.05,1.0,-0.102,0.078,-0.08,-0.198,-0.139,0.056,0.12,0.088,0.186,-0.164,0.01,-0.031,-0.174
1,A1_3,0.048,0.053,-0.102,1.0,0.121,-0.142,-0.084,0.237,0.093,0.022,0.197,-0.021,-0.004,0.08,0.012,0.247
1,B1_1,0.104,-0.194,0.078,0.121,1.0,0.017,0.097,-0.023,-0.083,-0.074,-0.013,-0.163,0.152,0.035,-0.126,0.294
1,B1_2,-0.35,-0.279,-0.08,-0.142,0.017,1.0,0.003,-0.056,0.075,-0.003,-0.102,-0.19,-0.087,-0.119,-0.056,-0.097
1,B1_3,-0.189,0.069,-0.198,-0.084,0.097,0.003,1.0,-0.134,-0.26,-0.004,0.093,-0.097,0.154,0.163,0.071,0.073
1,A2_1,-0.032,-0.037,-0.139,0.237,-0.023,-0.056,-0.134,1.0,0.184,0.201,0.097,-0.016,0.209,-0.231,0.025,0.121
1,A2_2,0.112,-0.015,0.056,0.093,-0.083,0.075,-0.26,0.184,1.0,0.028,-0.139,-0.054,-0.073,-0.01,0.062,0.052
1,A2_3,-0.194,0.304,0.12,0.022,-0.074,-0.003,-0.004,0.201,0.028,1.0,0.15,0.037,0.353,-0.124,0.028,0.163
1,B2_1,-0.063,0.041,0.088,0.197,-0.013,-0.102,0.093,0.097,-0.139,0.15,1.0,0.062,0.133,-0.023,0.181,0.125
1,B2_2,0.212,0.138,0.186,-0.021,-0.163,-0.19,-0.097,-0.016,-0.054,0.037,0.062,1.0,0.001,-0.147,0.076,0.021
1,B2_3,0.162,0.063,-0.164,-0.004,0.152,-0.087,0.154,0.209,-0.073,0.353,0.133,0.001,1.0,-0.044,0.11,0.138
1,y1,-0.028,0.013,0.01,0.08,0.035,-0.119,0.163,-0.231,-0.01,-0.124,-0.023,-0.147,-0.044,1.0,0.013,-0.073
1,y2,-0.043,0.19,-0.031,0.012,-0.126,-0.056,0.071,0.025,0.062,0.028,0.181,0.076,0.11,0.013,1.0,-0.011
1,y3,0.139,-0.077,-0.174,0.247,0.294,-0.097,0.073,0.121,0.052,0.163,0.125,0.021,0.138,-0.073,-0.011,1.0
2,.,1.0,-0.235,0.067,0.057,0.088,-0.354,-0.191,-0.029,0.11,-0.197,-0.061,0.205,0.158,-0.029,-0.042,0.132
2,A1_1,-0.235,1.0,0.052,0.053,-0.192,-0.276,0.073,-0.035,-0.015,0.305,0.043,0.14,0.062,0.01,0.184,-0.08
2,A1_2,0.067,0.052,1.0,-0.1,0.077,-0.08,-0.197,-0.136,0.058,0.124,0.087,0.184,-0.165,0.011,-0.033,-0.174
2,A1_3,0.057,0.053,-0.1,1.0,0.119,-0.142,-0.083,0.237,0.09,0.022,0.198,-0.021,-0.006,0.079,0.008,0.247
2,B1_1,0.088,-0.192,0.077,0.119,1.0,0.018,0.098,-0.023,-0.083,-0.072,-0.009,-0.16,0.155,0.036,-0.123,0.297
2,B1_2,-0.354,-0.276,-0.08,-0.142,0.018,1.0,-0.0,-0.056,0.077,-0.0,-0.101,-0.192,-0.085,-0.118,-0.05,-0.093
2,B1_3,-0.191,0.073,-0.197,-0.083,0.098,-0.0,1.0,-0.132,-0.258,-0.001,0.094,-0.098,0.156,0.163,0.075,0.076
2,A2_1,-0.029,-0.035,-0.136,0.237,-0.023,-0.056,-0.132,1.0,0.183,0.202,0.097,-0.017,0.208,-0.231,0.023,0.121
2,A2_2,0.11,-0.015,0.058,0.09,-0.083,0.077,-0.258,0.183,1.0,0.028,-0.138,-0.053,-0.074,-0.009,0.059,0.051
2,A2_3,-0.197,0.305,0.124,0.022,-0.072,-0.0,-0.001,0.202,0.028,1.0,0.15,0.038,0.351,-0.124,0.024,0.16
2,B2_1,-0.061,0.043,0.087,0.198,-0.009,-0.101,0.094,0.097,-0.138,0.15,1.0,0.065,0.136,-0.027,0.178,0.122
2,B2_2,0.205,0.14,0.184,-0.021,-0.16,-0.192,-0.098,-0.017,-0.053,0.038,0.065,1.0,0.003,-0.146,0.08,0.025
2,B2_3,0.158,0.062,-0.165,-0.006,0.155,-0.085,0.156,0.208,-0.074,0.351,0.136,0.003,1.0,-0.047,0.111,0.137
2,y1,-0.029,0.01,0.011,0.079,0.036,-0.118,0.163,-0.231,-0.009,-0.124,-0.027,-0.146,-0.047,1.0,0.015,-0.072
2,y2,-0.042,0.184,-0.033,0.008,-0.123,-0.05,0.075,0.023,0.059,0.024,0.178,0.08,0.111,0.015,1.0,-0.011
2,y3,0.132,-0.08,-0.174,0.247,0.297,-0.093,0.076,0.121,0.051,0.16,0.122,0.025,0.137,-0.072,-0.011,1.0
3,.,1.0,-0.233,0.058,0.065,0.075,-0.357,-0.194,-0.028,0.11,-0.201,-0.06,0.196,0.154,-0.033,-0.039,0.126
3,A1_1,-0.233,1.0,0.055,0.053,-0.191,-0.274,0.076,-0.034,-0.015,0.306,0.044,0.14,0.062,0.006,0.18,-0.084
3,A1_2,0.058,0.055,1.0,-0.098,0.076,-0.079,-0.196,-0.134,0.061,0.127,0.087,0.183,-0.166,0.01,-0.034,-0.175
3,A1_3,0.065,0.053,-0.098,1.0,0.118,-0.141,-0.082,0.237,0.088,0.022,0.197,-0.022,-0.008,0.078,0.004,0.246
3,B1_1,0.075,-0.191,0.076,0.118,1.0,0.019,0.099,-0.024,-0.083,-0.071,-0.006,-0.157,0.158,0.036,-0.119,0.299
3,B1_2,-0.357,-0.274,-0.079,-0.141,0.019,1.0,-0.002,-0.055,0.078,0.002,-0.099,-0.192,-0.085,-0.115,-0.046,-0.09
3,B1_3,-0.194,0.076,-0.196,-0.082,0.099,-0.002,1.0,-0.131,-0.256,0.002,0.094,-0.098,0.158,0.162,0.078,0.077
3,A2_1,-0.028,-0.034,-0.134,0.237,-0.024,-0.055,-0.131,1.0,0.184,0.204,0.097,-0.018,0.205,-0.231,0.02,0.12
3,A2_2,0.11,-0.015,0.061,0.088,-0.083,0.078,-0.256,0.184,1.0,0.029,-0.137,-0.053,-0.076,-0.008,0.058,0.05
3,A2_3,-0.201,0.306,0.127,0.022,-0.071,0.002,0.002,0.204,0.029,1.0,0.151,0.038,0.349,-0.126,0.021,0.157
3,B2_1,-0.06,0.044,0.087,0.197,-0.006,-0.099,0.094,0.097,-0.137,0.151,1.0,0.068,0.14,-0.031,0.176,0.119
3,B2_2,0.196,0.14,0.183,-0.022,-0.157,-0.192,-0.098,-0.018,-0.053,0.038,0.068,1.0,0.005,-0.145,0.083,0.026
3,B2_3,0.154,0.062,-0.166,-0.008,0.158,-0.085,0.158,0.205,-0.076,0.349,0.14,0.005,1.0,-0.049,0.111,0.135
3,y1,-0.033,0.006,0.01,0.078,0.036,-0.115,0.162,-0.231,-0.008,-0.126,-0.031,-0.145,-0.049,1.0,0.017,-0.069
3,y2,-0.039,0.18,-0.034,0.004,-0.119,-0.046,0.078,0.02,0.058,0.021,0.176,0.083,0.111,0.017,1.0,-0.01
3,y3,0.126,-0.084,-0.175,0.246,0.299,-0.09,0.077,0.12,0.05,0.157,0.119,0.026,0.135,-0.069,-0.01,1.0
4,.,1.0,-0.229,0.049,0.071,0.064,-0.362,-0.199,-0.028,0.11,-0.204,-0.058,0.189,0.154,-0.034,-0.039,0.12
4,A1_1,-0.229,1.0,0.057,0.053,-0.19,-0.272,0.078,-0.033,-0.015,0.307,0.043,0.14,0.062,0.004,0.175,-0.086
4,A1_2,0.049,0.057,1.0,-0.096,0.075,-0.079,-0.196,-0.13,0.063,0.131,0.086,0.181,-0.167,0.009,-0.035,-0.175
4,A1_3,0.071,0.053,-0.096,1.0,0.118,-0.142,-0.081,0.237,0.087,0.023,0.196,-0.023,-0.01,0.077,-0.0,0.245
4,B1_1,0.064,-0.19,0.075,0.118,1.0,0.019,0.1,-0.024,-0.082,-0.071,-0.004,-0.155,0.16,0.038,-0.116,0.302
4,B1_2,-0.362,-0.272,-0.079,-0.142,0.019,1.0,-0.003,-0.055,0.079,0.003,-0.098,-0.192,-0.084,-0.115,-0.043,-0.088
4,B1_3,-0.199,0.078,-0.196,-0.081,0.1,-0.003,1.0,-0.13,-0.255,0.004,0.096,-0.098,0.159,0.161,0.081,0.079
4,A2_1,-0.028,-0.033,-0.13,0.237,-0.024,-0.055,-0.13,1.0,0.185,0.205,0.097,-0.019,0.204,-0.23,0.017,0.121
4,A2_2,0.11,-0.015,0.063,0.087,-0.082,0.079,-0.255,0.185,1.0,0.029,-0.137,-0.054,-0.077,-0.007,0.056,0.05
4,A2_3,-0.204,0.307,0.131,0.023,-0.071,0.003,0.004,0.205,0.029,1.0,0.151,0.039,0.348,-0.128,0.018,0.154
4,B2_1,-0.058,0.043,0.086,0.196,-0.004,-0.098,0.096,0.097,-0.137,0.151,1.0,0.07,0.142,-0.035,0.172,0.117
4,B2_2,0.189,0.14,0.181,-0.023,-0.155,-0.192,-0.098,-0.019,-0.054,0.039,0.07,1.0,0.007,-0.144,0.085,0.026
4,B2_3,0.154,0.062,-0.167,-0.01,0.16,-0.084,0.159,0.204,-0.077,0.348,0.142,0.007,1.0,-0.051,0.111,0.134
4,y1,-0.034,0.004,0.009,0.077,0.038,-0.115,0.161,-0.23,-0.007,-0.128,-0.035,-0.144,-0.051,1.0,0.018,-0.065
4,y2,-0.039,0.175,-0.035,-0.0,-0.116,-0.043,0.081,0.017,0.056,0.018,0.172,0.085,0.111,0.018,1.0,-0.007
4,y3,0.12,-0.086,-0.175,0.245,0.302,-0.088,0.079,0.121,0.05,0.154,0.117,0.026,0.134,-0.065,-0.007,1.0
5,.,1.0,-0.225,0.042,0.079,0.057,-0.368,-0.202,-0.026,0.111,-0.204,-0.054,0.182,0.155,-0.036,-0.039,0.115
5,A1_1,-0.225,1.0,0.058,0.053,-0.189,-0.27,0.08,-0.032,-0.015,0.308,0.043,0.14,0.062,0.002,0.172,-0.087
5,A1_2,0.042,0.058,1.0,-0.095,0.075,-0.079,-0.195,-0.129,0.064,0.132,0.085,0.181,-0.167,0.009,-0.035,-0.174
5,A1_3,0.079,0.053,-0.095,1.0,0.117,-0.141,-0.081,0.237,0.086,0.023,0.197,-0.024,-0.011,0.077,-0.002,0.243
5,B1_1,0.057,-0.189,0.075,0.117,1.0,0.02,0.101,-0.024,-0.082,-0.071,-0.003,-0.154,0.16,0.039,-0.113,0.304
5,B1_2,-0.368,-0.27,-0.079,-0.141,0.02,1.0,-0.004,-0.055,0.079,0.004,-0.097,-0.192,-0.083,-0.113,-0.04,-0.086
5,B1_3,-0.202,0.08,-0.195,-0.081,0.101,-0.004,1.0,-0.129,-0.254,0.005,0.097,-0.098,0.161,0.16,0.083,0.079
5,A2_1,-0.026,-0.032,-0.129,0.237,-0.024,-0.055,-0.129,1.0,0.185,0.206,0.096,-0.019,0.204,-0.231,0.014,0.12
5,A2_2,0.111,-0.015,0.064,0.086,-0.082,0.079,-0.254,0.185,1.0,0.03,-0.137,-0.054,-0.077,-0.006,0.054,0.05
5,A2_3,-0.204,0.308,0.132,0.023,-0.071,0.004,0.005,0.206,0.03,1.0,0.151,0.039,0.348,-0.129,0.017,0.152
5,B2_1,-0.054,0.043,0.085,0.197,-0.003,-0.097,0.097,0.096,-0.137,0.151,1.0,0.071,0.143,-0.038,0.17,0.115
5,B2_2,0.182,0.14,0.181,-0.024,-0.154,-0.192,-0.098,-0.019,-0.054,0.039,0.071,1.0,0.008,-0.143,0.086,0.028
5,B2_3,0.155,0.062,-0.167,-0.011,0.16,-0.083,0.161,0.204,-0.077,0.348,0.143,0.008,1.0,-0.053,0.11,0.131
5,y1,-0.036,0.002,0.009,0.077,0.039,-0.113,0.16,-0.231,-0.006,-0.129,-0.038,-0.143,-0.053,1.0,0.02,-0.062
5,y2,-0.039,0.172,-0.035,-0.002,-0.113,-0.04,0.083,0.014,0.054,0.017,0.17,0.086,0.11,0.02,1.0,-0.006
5,y3,0.115,-0.087,-0.174,0.243,0.304,-0.086,0.079,0.12,0.05,0.152,0.115,0.028,0.131,-0.062,-0.006,1.0
6,.,1.0,-0.224,0.035,0.083,0.052,-0.37,-0.205,-0.024,0.11,-0.207,-0.052,0.178,0.156,-0.036,-0.038,0.11
6,A1_1,-0.224,1.0,0.06,0.052,-0.188,-0.27,0.081,-0.032,-0.015,0.309,0.043,0.141,0.062,0.0,0.171,-0.087
6,A1_2,0.035,0.06,1.0,-0.094,0.075,-0.079,-0.195,-0.128,0.065,0.133,0.085,0.181,-0.167,0.009,-0.035,-0.174
6,A1_3,0.083,0.052,-0.094,1.0,0.117,-0.141,-0.081,0.237,0.085,0.023,0.196,-0.024,-0.011,0.075,-0.004,0.242
6,B1_1,0.052,-0.188,0.075,0.117,1.0,0.021,0.101,-0.024,-0.082,-0.071,-0.002,-0.153,0.161,0.04,-0.112,0.305
6,B1_2,-0.37,-0.27,-0.079,-0.141,0.021,1.0,-0.004,-0.055,0.079,0.004,-0.097,-0.192,-0.082,-0.113,-0.039,-0.085
6,B1_3,-0.205,0.081,-0.195,-0.081,0.101,-0.004,1.0,-0.129,-0.253,0.006,0.097,-0.098,0.161,0.16,0.083,0.079
6,A2_1,-0.024,-0.032,-0.128,0.237,-0.024,-0.055,-0.129,1.0,0.185,0.207,0.096,-0.019,0.204,-0.231,0.013,0.12
6,A2_2,0.11,-0.015,0.065,0.085,-0.082,0.079,-0.253,0.185,1.0,0.03,-0.137,-0.054,-0.077,-0.005,0.053,0.05
6,A2_3,-0.207,0.309,0.133,0.023,-0.071,0.004,0.006,0.207,0.03,1.0,0.151,0.039,0.347,-0.13,0.015,0.152
6,B2_1,-0.052,0.043,0.085,0.196,-0.002,-0.097,0.097,0.096,-0.137,0.151,1.0,0.072,0.143,-0.04,0.167,0.114
6,B2_2,0.178,0.141,0.181,-0.024,-0.153,-0.192,-0.098,-0.019,-0.054,0.039,0.072,1.0,0.009,-0.142,0.087,0.028
6,B2_3,0.156,0.062,-0.167,-0.011,0.161,-0.082,0.161,0.204,-0.077,0.347,0.143,0.009,1.0,-0.055,0.11,0.131
6,y1,-0.036,0.0,0.009,0.075,0.04,-0.113,0.16,-0.231,-0.005,-0.13,-0.04,-0.142,-0.055,1.0,0.022,-0.06
6,y2,-0.038,0.171,-0.035,-0.004,-0.112,-0.039,0.083,0.013,0.053,0.015,0.167,0.087,0.11,0.022,1.0,-0.004
6,y3,0.11,-0.087,-0.174,0.242,0.305,-0.085,0.079,0.12,0.05,0.152,0.114,0.028,0.131,-0.06,-0.004,1.0
7,.,1.0,-0.222,0.031,0.087,0.051,-0.374,-0.207,-0.025,0.112,-0.209,-0.051,0.173,0.156,-0.036,-0.041,0.106
7,A1_1,-0.222,1.0,0.061,0.052,-0.189,-0.269,0.081,-0.031,-0.015,0.309,0.043,0.141,0.062,-0.0,0.169,-0.087
7,A1_2,0.031,0.061,1.0,-0.094,0.075,-0.079,-0.194,-0.128,0.066,0.134,0.085,0.18,-0.167,0.01,-0.035,-0.173
7,A1_3,0.087,0.052,-0.094,1.0,0.117,-0.142,-0.08,0.237,0.085,0.024,0.196,-0.024,-0.012,0.075,-0.005,0.241
7,B1_1,0.051,-0.189,0.075,0.117,1.0,0.021,0.101,-0.024,-0.082,-0.071,-0.002,-0.153,0.161,0.042,-0.11,0.306
7,B1_2,-0.374,-0.269,-0.079,-0.142,0.021,1.0,-0.004,-0.055,0.08,0.005,-0.096,-0.192,-0.081,-0.112,-0.038,-0.084
7,B1_3,-0.207,0.081,-0.194,-0.08,0.101,-0.004,1.0,-0.128,-0.253,0.007,0.097,-0.098,0.161,0.159,0.084,0.079
7,A2_1,-0.025,-0.031,-0.128,0.237,-0.024,-0.055,-0.128,1.0,0.184,0.208,0.096,-0.019,0.203,-0.232,0.012,0.119
7,A2_2,0.112,-0.015,0.066,0.085,-0.082,0.08,-0.253,0.184,1.0,0.031,-0.137,-0.055,-0.077,-0.005,0.053,0.051
7,A2_3,-0.209,0.309,0.134,0.024,-0.071,0.005,0.007,0.208,0.031,1.0,0.151,0.039,0.347,-0.13,0.015,0.153
7,B2_1,-0.051,0.043,0.085,0.196,-0.002,-0.096,0.097,0.096,-0.137,0.151,1.0,0.072,0.144,-0.041,0.166,0.113
7,B2_2,0.173,0.141,0.18,-0.024,-0.153,-0.192,-0.098,-0.019,-0.055,0.039,0.072,1.0,0.009,-0.141,0.087,0.028
7,B2_3,0.156,0.062,-0.167,-0.012,0.161,-0.081,0.161,0.203,-0.077,0.347,0.144,0.009,1.0,-0.055,0.11,0.13
7,y1,-0.036,-0.0,0.01,0.075,0.042,-0.112,0.159,-0.232,-0.005,-0.13,-0.041,-0.141,-0.055,1.0,0.024,-0.057
7,y2,-0.041,0.169,-0.035,-0.005,-0.11,-0.038,0.084,0.012,0.053,0.015,0.166,0.087,0.11,0.024,1.0,-0.001
7,y3,0.106,-0.087,-0.173,0.241,0.306,-0.084,0.079,0.119,0.051,0.153,0.113,0.028,0.13,-0.057,-0.001,1.0
8,.,1.0,-0.222,0.028,0.089,0.047,-0.375,-0.209,-0.023,0.11,-0.211,-0.05,0.171,0.155,-0.036,-0.041,0.104
8,A1_1,-0.222,1.0,0.062,0.053,-0.188,-0.269,0.081,-0.03,-0.015,0.31,0.044,0.141,0.062,-0.001,0.169,-0.088
8,A1_2,0.028,0.062,1.0,-0.093,0.075,-0.079,-0.194,-0.128,0.067,0.134,0.085,0.18,-0.167,0.01,-0.035,-0.173
8,A1_3,0.089,0.053,-0.093,1.0,0.116,-0.142,-0.08,0.237,0.084,0.025,0.197,-0.024,-0.012,0.075,-0.005,0.24
8,B1_1,0.047,-0.188,0.075,0.116,1.0,0.021,0.101,-0.023,-0.082,-0.07,-0.001,-0.152,0.162,0.043,-0.108,0.307
8,B1_2,-0.375,-0.269,-0.079,-0.142,0.021,1.0,-0.004,-0.055,0.08,0.005,-0.096,-0.192,-0.081,-0.111,-0.037,-0.082
8,B1_3,-0.209,0.081,-0.194,-0.08,0.101,-0.004,1.0,-0.127,-0.253,0.008,0.098,-0.098,0.161,0.159,0.085,0.079
8,A2_1,-0.023,-0.03,-0.128,0.237,-0.023,-0.055,-0.127,1.0,0.183,0.209,0.096,-0.02,0.203,-0.232,0.012,0.118
8,A2_2,0.11,-0.015,0.067,0.084,-0.082,0.08,-0.253,0.183,1.0,0.031,-0.136,-0.054,-0.078,-0.004,0.052,0.051
8,A2_3,-0.211,0.31,0.134,0.025,-0.07,0.005,0.008,0.209,0.031,1.0,0.152,0.039,0.346,-0.13,0.015,0.151
8,B2_1,-0.05,0.044,0.085,0.197,-0.001,-0.096,0.098,0.096,-0.136,0.152,1.0,0.072,0.144,-0.043,0.165,0.111
8,B2_2,0.171,0.141,0.18,-0.024,-0.152,-0.192,-0.098,-0.02,-0.054,0.039,0.072,1.0,0.01,-0.141,0.088,0.028
8,B2_3,0.155,0.062,-0.167,-0.012,0.162,-0.081,0.161,0.203,-0.078,0.346,0.144,0.01,1.0,-0.056,0.111,0.128
8,y1,-0.036,-0.001,0.01,0.075,0.043,-0.111,0.159,-0.232,-0.004,-0.13,-0.043,-0.141,-0.056,1.0,0.025,-0.055
8,y2,-0.041,0.169,-0.035,-0.005,-0.108,-0.037,0.085,0.012,0.052,0.015,0.165,0.088,0.111,0.025,1.0,0.001
8,y3,0.104,-0.088,-0.173,0.24,0.307,-0.082,0.079,0.118,0.051,0.151,0.111,0.028,0.128,-0.055,0.001,1.0
9,.,1.0,-0.221,0.026,0.092,0.045,-0.377,-0.209,-0.023,0.11,-0.21,-0.049,0.169,0.156,-0.036,-0.041,0.103
9,A1_1,-0.221,1.0,0.062,0.053,-0.188,-0.268,0.082,-0.03,-0.015,0.31,0.044,0.141,0.062,-0.002,0.167,-0.089
9,A1_2,0.026,0.062,1.0,-0.092,0.075,-0.079,-0.194,-0.126,0.068,0.135,0.085,0.179,-0.168,0.011,-0.034,-0.173
9,A1_3,0.092,0.053,-0.092,1.0,0.116,-0.143,-0.08,0.236,0.085,0.025,0.197,-0.024,-0.013,0.074,-0.006,0.239
9,B1_1,0.045,-0.188,0.075,0.116,1.0,0.022,0.101,-0.023,-0.082,-0.07,-0.001,-0.152,0.162,0.044,-0.107,0.307
9,B1_2,-0.377,-0.268,-0.079,-0.143,0.022,1.0,-0.004,-0.055,0.08,0.005,-0.096,-0.192,-0.081,-0.11,-0.037,-0.081
9,B1_3,-0.209,0.082,-0.194,-0.08,0.101,-0.004,1.0,-0.126,-0.252,0.008,0.098,-0.099,0.161,0.159,0.085,0.079
9,A2_1,-0.023,-0.03,-0.126,0.236,-0.023,-0.055,-0.126,1.0,0.184,0.209,0.096,-0.02,0.203,-0.233,0.01,0.118
9,A2_2,0.11,-0.015,0.068,0.085,-0.082,0.08,-0.252,0.184,1.0,0.031,-0.135,-0.054,-0.078,-0.004,0.052,0.05
9,A2_3,-0.21,0.31,0.135,0.025,-0.07,0.005,0.008,0.209,0.031,1.0,0.152,0.039,0.346,-0.129,0.015,0.15
9,B2_1,-0.049,0.044,0.085,0.197,-0.001,-0.096,0.098,0.096,-0.135,0.152,1.0,0.073,0.144,-0.043,0.164,0.111
9,B2_2,0.169,0.141,0.179,-0.024,-0.152,-0.192,-0.099,-0.02,-0.054,0.039,0.073,1.0,0.01,-0.141,0.088,0.027
9,B2_3,0.156,0.062,-0.168,-0.013,0.162,-0.081,0.161,0.203,-0.078,0.346,0.144,0.01,1.0,-0.056,0.111,0.127
9,y1,-0.036,-0.002,0.011,0.074,0.044,-0.11,0.159,-0.233,-0.004,-0.129,-0.043,-0.141,-0.056,1.0,0.026,-0.054
9,y2,-0.041,0.167,-0.034,-0.006,-0.107,-0.037,0.085,0.01,0.052,0.015,0.164,0.088,0.111,0.026,1.0,0.002
9,y3,0.103,-0.089,-0.173,0.239,0.307,-0.081,0.079,0.118,0.05,0.15,0.111,0.027,0.127,-0.054,0.002,1.0
10,.,1.0,-0.22,0.024,0.093,0.043,-0.379,-0.209,-0.023,0.111,-0.211,-0.049,0.167,0.156,-0.035,-0.042,0.102
10,A1_1,-0.22,1.0,0.062,0.053,-0.187,-0.268,0.082,-0.03,-0.015,0.31,0.044,0.141,0.062,-0.003,0.166,-0.089
10,A1_2,0.024,0.062,1.0,-0.091,0.075,-0.08,-0.194,-0.125,0.068,0.135,0.085,0.179,-0.167,0.011,-0.034,-0.173
10,A1_3,0.093,0.053,-0.091,1.0,0.116,-0.143,-0.08,0.236,0.085,0.025,0.197,-0.024,-0.013,0.074,-0.007,0.239
10,B1_1,0.043,-0.187,0.075,0.116,1.0,0.022,0.101,-0.023,-0.082,-0.07,-0.001,-0.151,0.162,0.045,-0.105,0.308
10,B1_2,-0.379,-0.268,-0.08,-0.143,0.022,1.0,-0.004,-0.055,0.08,0.005,-0.096,-0.192,-0.081,-0.11,-0.036,-0.08
10,B1_3,-0.209,0.082,-0.194,-0.08,0.101,-0.004,1.0,-0.125,-0.252,0.009,0.098,-0.099,0.161,0.159,0.086,0.078
10,A2_1,-0.023,-0.03,-0.125,0.236,-0.023,-0.055,-0.125,1.0,0.183,0.21,0.096,-0.019,0.202,-0.234,0.009,0.118
10,A2_2,0.111,-0.015,0.068,0.085,-0.082,0.08,-0.252,0.183,1.0,0.031,-0.135,-0.054,-0.077,-0.004,0.052,0.05
10,A2_3,-0.211,0.31,0.135,0.025,-0.07,0.005,0.009,0.21,0.031,1.0,0.152,0.039,0.347,-0.129,0.015,0.15
10,B2_1,-0.049,0.044,0.085,0.197,-0.001,-0.096,0.098,0.096,-0.135,0.152,1.0,0.073,0.144,-0.044,0.163,0.11
10,B2_2,0.167,0.141,0.179,-0.024,-0.151,-0.192,-0.099,-0.019,-0.054,0.039,0.073,1.0,0.01,-0.141,0.088,0.027
10,B2_3,0.156,0.062,-0.167,-0.013,0.162,-0.081,0.161,0.202,-0.077,0.347,0.144,0.01,1.0,-0.056,0.112,0.126
10,y1,-0.035,-0.003,0.011,0.074,0.045,-0.11,0.159,-0.234,-0.004,-0.129,-0.044,-0.141,-0.056,1.0,0.028,-0.052
10,y2,-0.042,0.166,-0.034,-0.007,-0.105,-0.036,0.086,0.009,0.052,0.015,0.163,0.088,0.112,0.028,1.0,0.003
10,y3,0.102,-0.089,-0.173,0.239,0.308,-0.08,0.078,0.118,0.05,0.15,0.11,0.027,0.126,-0.052,0.003,1.0
11,.,1.0,-0.218,0.022,0.094,0.041,-0.38,-0.209,-0.024,0.112,-0.211,-0.048,0.166,0.156,-0.037,-0.042,0.101
11,A1_1,-0.218,1.0,0.063,0.053,-0.187,-0.268,0.082,-0.03,-0.015,0.311,0.044,0.141,0.062,-0.002,0.165,-0.089
11,A1_2,0.022,0.063,1.0,-0.09,0.075,-0.08,-0.193,-0.125,0.068,0.135,0.085,0.179,-0.167,0.012,-0.034,-0.172
11,A1_3,0.094,0.053,-0.09,1.0,0.116,-0.143,-0.08,0.236,0.084,0.025,0.197,-0.024,-0.014,0.074,-0.008,0.238
11,B1_1,0.041,-0.187,0.075,0.116,1.0,0.022,0.101,-0.023,-0.081,-0.07,-0.0,-0.151,0.163,0.046,-0.104,0.308
11,B1_2,-0.38,-0.268,-0.08,-0.143,0.022,1.0,-0.004,-0.055,0.08,0.005,-0.096,-0.192,-0.081,-0.11,-0.036,-0.081
11,B1_3,-0.209,0.082,-0.193,-0.08,0.101,-0.004,1.0,-0.125,-0.252,0.009,0.098,-0.099,0.161,0.159,0.087,0.079
11,A2_1,-0.024,-0.03,-0.125,0.236,-0.023,-0.055,-0.125,1.0,0.184,0.211,0.096,-0.019,0.203,-0.233,0.009,0.118
11,A2_2,0.112,-0.015,0.068,0.084,-0.081,0.08,-0.252,0.184,1.0,0.032,-0.135,-0.054,-0.078,-0.004,0.051,0.05
11,A2_3,-0.211,0.311,0.135,0.025,-0.07,0.005,0.009,0.211,0.032,1.0,0.152,0.039,0.346,-0.129,0.015,0.15
11,B2_1,-0.048,0.044,0.085,0.197,-0.0,-0.096,0.098,0.096,-0.135,0.152,1.0,0.073,0.145,-0.044,0.162,0.109
11,B2_2,0.166,0.141,0.179,-0.024,-0.151,-0.192,-0.099,-0.019,-0.054,0.039,0.073,1.0,0.01,-0.141,0.089,0.027
11,B2_3,0.156,0.062,-0.167,-0.014,0.163,-0.081,0.161,0.203,-0.078,0.346,0.145,0.01,1.0,-0.056,0.112,0.125
11,y1,-0.037,-0.002,0.012,0.074,0.046,-0.11,0.159,-0.233,-0.004,-0.129,-0.044,-0.141,-0.056,1.0,0.029,-0.05
11,y2,-0.042,0.165,-0.034,-0.008,-0.104,-0.036,0.087,0.009,0.051,0.015,0.162,0.089,0.112,0.029,1.0,0.005
11,y3,0.101,-0.089,-0.172,0.238,0.308,-0.081,0.079,0.118,0.05,0.15,0.109,0.027,0.125,-0.05,0.005,1.0
12,.,1.0,-0.218,0.021,0.094,0.039,-0.38,-0.209,-0.024,0.111,-0.213,-0.048,0.164,0.156,-0.036,-0.042,0.099
12,A1_1,-0.218,1.0,0.063,0.053,-0.187,-0.268,0.082,-0.03,-0.015,0.311,0.044,0.141,0.062,-0.002,0.165,-0.091
12,A1_2,0.021,0.063,1.0,-0.089,0.075,-0.08,-0.193,-0.125,0.068,0.136,0.085,0.179,-0.168,0.011,-0.034,-0.173
12,A1_3,0.094,0.053,-0.089,1.0,0.115,-0.143,-0.081,0.237,0.084,0.025,0.198,-0.023,-0.014,0.073,-0.008,0.238
12,B1_1,0.039,-0.187,0.075,0.115,1.0,0.022,0.101,-0.023,-0.081,-0.069,-0.0,-0.151,0.163,0.046,-0.103,0.308
12,B1_2,-0.38,-0.268,-0.08,-0.143,0.022,1.0,-0.004,-0.055,0.08,0.005,-0.096,-0.192,-0.081,-0.11,-0.036,-0.079
12,B1_3,-0.209,0.082,-0.193,-0.081,0.101,-0.004,1.0,-0.125,-0.252,0.01,0.098,-0.099,0.162,0.16,0.087,0.078
12,A2_1,-0.024,-0.03,-0.125,0.237,-0.023,-0.055,-0.125,1.0,0.184,0.212,0.097,-0.019,0.203,-0.233,0.009,0.117
12,A2_2,0.111,-0.015,0.068,0.084,-0.081,0.08,-0.252,0.184,1.0,0.032,-0.135,-0.054,-0.078,-0.004,0.051,0.05
12,A2_3,-0.213,0.311,0.136,0.025,-0.069,0.005,0.01,0.212,0.032,1.0,0.152,0.039,0.346,-0.13,0.014,0.149
12,B2_1,-0.048,0.044,0.085,0.198,-0.0,-0.096,0.098,0.097,-0.135,0.152,1.0,0.074,0.145,-0.044,0.162,0.108
12,B2_2,0.164,0.141,0.179,-0.023,-0.151,-0.192,-0.099,-0.019,-0.054,0.039,0.074,1.0,0.011,-0.14,0.09,0.027
12,B2_3,0.156,0.062,-0.168,-0.014,0.163,-0.081,0.162,0.203,-0.078,0.346,0.145,0.011,1.0,-0.056,0.113,0.123
12,y1,-0.036,-0.002,0.011,0.073,0.046,-0.11,0.16,-0.233,-0.004,-0.13,-0.044,-0.14,-0.056,1.0,0.029,-0.049
12,y2,-0.042,0.165,-0.034,-0.008,-0.103,-0.036,0.087,0.009,0.051,0.014,0.162,0.09,0.113,0.029,1.0,0.006
12,y3,0.099,-0.091,-0.173,0.238,0.308,-0.079,0.078,0.117,0.05,0.149,0.108,0.027,0.123,-0.049,0.006,1.0
13,.,1.0,-0.217,0.019,0.094,0.038,-0.381,-0.209,-0.023,0.111,-0.212,-0.048,0.162,0.156,-0.038,-0.043,0.1
13,A1_1,-0.217,1.0,0.063,0.053,-0.187,-0.268,0.083,-0.03,-0.015,0.311,0.044,0.141,0.062,-0.003,0.164,-0.091
13,A1_2,0.019,0.063,1.0,-0.089,0.075,-0.08,-0.192,-0.125,0.068,0.137,0.086,0.179,-0.168,0.012,-0.034,-0.172
13,A1_3,0.094,0.053,-0.089,1.0,0.115,-0.143,-0.081,0.237,0.084,0.025,0.198,-0.023,-0.014,0.073,-0.008,0.237
13,B1_1,0.038,-0.187,0.075,0.115,1.0,0.022,0.102,-0.023,-0.081,-0.069,-0.0,-0.151,0.163,0.047,-0.102,0.308
13,B1_2,-0.381,-0.268,-0.08,-0.143,0.022,1.0,-0.004,-0.055,0.08,0.004,-0.096,-0.192,-0.081,-0.111,-0.035,-0.079
13,B1_3,-0.209,0.083,-0.192,-0.081,0.102,-0.004,1.0,-0.125,-0.252,0.01,0.099,-0.098,0.162,0.16,0.088,0.078
13,A2_1,-0.023,-0.03,-0.125,0.237,-0.023,-0.055,-0.125,1.0,0.184,0.211,0.097,-0.02,0.203,-0.234,0.008,0.117
13,A2_2,0.111,-0.015,0.068,0.084,-0.081,0.08,-0.252,0.184,1.0,0.032,-0.135,-0.054,-0.078,-0.003,0.052,0.05
13,A2_3,-0.212,0.311,0.137,0.025,-0.069,0.004,0.01,0.211,0.032,1.0,0.152,0.039,0.346,-0.129,0.013,0.148
13,B2_1,-0.048,0.044,0.086,0.198,-0.0,-0.096,0.099,0.097,-0.135,0.152,1.0,0.074,0.145,-0.044,0.162,0.108
13,B2_2,0.162,0.141,0.179,-0.023,-0.151,-0.192,-0.098,-0.02,-0.054,0.039,0.074,1.0,0.011,-0.14,0.09,0.027
13,B2_3,0.156,0.062,-0.168,-0.014,0.163,-0.081,0.162,0.203,-0.078,0.346,0.145,0.011,1.0,-0.057,0.113,0.12
13,y1,-0.038,-0.003,0.012,0.073,0.047,-0.111,0.16,-0.234,-0.003,-0.129,-0.044,-0.14,-0.057,1.0,0.031,-0.048
13,y2,-0.043,0.164,-0.034,-0.008,-0.102,-0.035,0.088,0.008,0.052,0.013,0.162,0.09,0.113,0.031,1.0,0.007
13,y3,0.1,-0.091,-0.172,0.237,0.308,-0.079,0.078,0.117,0.05,0.148,0.108,0.027,0.12,-0.048,0.007,1.0
14,.,1.0,-0.216,0.018,0.095,0.037,-0.381,-0.209,-0.022,0.11,-0.211,-0.047,0.161,0.156,-0.038,-0.041,0.099
14,A1_1,-0.216,1.0,0.064,0.053,-0.187,-0.268,0.082,-0.03,-0.014,0.311,0.045,0.142,0.062,-0.003,0.165,-0.091
14,A1_2,0.018,0.064,1.0,-0.088,0.074,-0.08,-0.192,-0.125,0.07,0.137,0.086,0.179,-0.168,0.012,-0.034,-0.173
14,A1_3,0.095,0.053,-0.088,1.0,0.115,-0.143,-0.082,0.237,0.083,0.025,0.198,-0.022,-0.014,0.073,-0.007,0.237
14,B1_1,0.037,-0.187,0.074,0.115,1.0,0.022,0.102,-0.024,-0.082,-0.069,-0.0,-0.151,0.163,0.047,-0.102,0.309
14,B1_2,-0.381,-0.268,-0.08,-0.143,0.022,1.0,-0.004,-0.055,0.08,0.004,-0.096,-0.192,-0.081,-0.111,-0.036,-0.079
14,B1_3,-0.209,0.082,-0.192,-0.082,0.102,-0.004,1.0,-0.125,-0.251,0.01,0.099,-0.098,0.162,0.16,0.088,0.078
14,A2_1,-0.022,-0.03,-0.125,0.237,-0.024,-0.055,-0.125,1.0,0.185,0.211,0.097,-0.02,0.202,-0.234,0.008,0.117
14,A2_2,0.11,-0.014,0.07,0.083,-0.082,0.08,-0.251,0.185,1.0,0.032,-0.135,-0.054,-0.078,-0.004,0.051,0.05
14,A2_3,-0.211,0.311,0.137,0.025,-0.069,0.004,0.01,0.211,0.032,1.0,0.152,0.039,0.346,-0.13,0.012,0.148
14,B2_1,-0.047,0.045,0.086,0.198,-0.0,-0.096,0.099,0.097,-0.135,0.152,1.0,0.074,0.145,-0.045,0.161,0.108
14,B2_2,0.161,0.142,0.179,-0.022,-0.151,-0.192,-0.098,-0.02,-0.054,0.039,0.074,1.0,0.011,-0.14,0.091,0.027
14,B2_3,0.156,0.062,-0.168,-0.014,0.163,-0.081,0.162,0.202,-0.078,0.346,0.145,0.011,1.0,-0.057,0.113,0.12
14,y1,-0.038,-0.003,0.012,0.073,0.047,-0.111,0.16,-0.234,-0.004,-0.13,-0.045,-0.14,-0.057,1.0,0.031,-0.047
14,y2,-0.041,0.165,-0.034,-0.007,-0.102,-0.036,0.088,0.008,0.051,0.012,0.161,0.091,0.113,0.031,1.0,0.008
14,y3,0.099,-0.091,-0.173,0.237,0.309,-0.079,0.078,0.117,0.05,0.148,0.108,0.027,0.12,-0.047,0.008,1.0
15,.,1.0,-0.216,0.018,0.095,0.036,-0.382,-0.209,-0.024,0.111,-0.21,-0.047,0.161,0.157,-0.037,-0.041,0.099
15,A1_1,-0.216,1.0,0.064,0.053,-0.186,-0.268,0.083,-0.03,-0.014,0.311,0.045,0.141,0.062,-0.003,0.164,-0.091
15,A1_2,0.018,0.064,1.0,-0.089,0.074,-0.081,-0.192,-0.124,0.069,0.138,0.086,0.179,-0.168,0.012,-0.033,-0.173
15,A1_3,0.095,0.053,-0.089,1.0,0.115,-0.143,-0.081,0.237,0.083,0.025,0.198,-0.023,-0.014,0.073,-0.007,0.237
15,B1_1,0.036,-0.186,0.074,0.115,1.0,0.022,0.102,-0.023,-0.082,-0.069,-0.0,-0.151,0.163,0.048,-0.101,0.308
15,B1_2,-0.382,-0.268,-0.081,-0.143,0.022,1.0,-0.004,-0.055,0.08,0.004,-0.096,-0.192,-0.081,-0.111,-0.036,-0.078
15,B1_3,-0.209,0.083,-0.192,-0.081,0.102,-0.004,1.0,-0.124,-0.251,0.01,0.099,-0.098,0.162,0.16,0.089,0.077
15,A2_1,-0.024,-0.03,-0.124,0.237,-0.023,-0.055,-0.124,1.0,0.184,0.211,0.097,-0.02,0.202,-0.234,0.007,0.117
15,A2_2,0.111,-0.014,0.069,0.083,-0.082,0.08,-0.251,0.184,1.0,0.033,-0.135,-0.055,-0.078,-0.003,0.051,0.049
15,A2_3,-0.21,0.311,0.138,0.025,-0.069,0.004,0.01,0.211,0.033,1.0,0.152,0.039,0.346,-0.13,0.011,0.147
15,B2_1,-0.047,0.045,0.086,0.198,-0.0,-0.096,0.099,0.097,-0.135,0.152,1.0,0.074,0.145,-0.045,0.161,0.107
15,B2_2,0.161,0.141,0.179,-0.023,-0.151,-0.192,-0.098,-0.02,-0.055,0.039,0.074,1.0,0.011,-0.14,0.091,0.027
15,B2_3,0.157,0.062,-0.168,-0.014,0.163,-0.081,0.162,0.202,-0.078,0.346,0.145,0.011,1.0,-0.057,0.114,0.119
15,y1,-0.037,-0.003,0.012,0.073,0.048,-0.111,0.16,-0.234,-0.003,-0.13,-0.045,-0.14,-0.057,1.0,0.031,-0.046
15,y2,-0.041,0.164,-0.033,-0.007,-0.101,-0.036,0.089,0.007,0.051,0.011,0.161,0.091,0.114,0.031,1.0,0.008
15,y3,0.099,-0.091,-0.173,0.237,0.308,-0.078,0.077,0.117,0.049,0.147,0.107,0.027,0.119,-0.046,0.008,1.0
16,.,1.0,-0.216,0.017,0.096,0.035,-0.382,-0.209,-0.024,0.11,-0.211,-0.047,0.161,0.156,-0.036,-0.041,0.098
16,A1_1,-0.216,1.0,0.065,0.053,-0.186,-0.268,0.083,-0.03,-0.014,0.311,0.045,0.141,0.063,-0.003,0.166,-0.092
16,A1_2,0.017,0.065,1.0,-0.088,0.074,-0.081,-0.192,-0.124,0.07,0.138,0.086,0.178,-0.168,0.013,-0.032,-0.172
16,A1_3,0.096,0.053,-0.088,1.0,0.115,-0.143,-0.082,0.237,0.084,0.026,0.198,-0.023,-0.014,0.073,-0.007,0.237
16,B1_1,0.035,-0.186,0.074,0.115,1.0,0.022,0.102,-0.023,-0.081,-0.069,-0.0,-0.151,0.164,0.048,-0.101,0.309
16,B1_2,-0.382,-0.268,-0.081,-0.143,0.022,1.0,-0.005,-0.055,0.08,0.004,-0.096,-0.192,-0.081,-0.111,-0.036,-0.078
16,B1_3,-0.209,0.083,-0.192,-0.082,0.102,-0.005,1.0,-0.123,-0.25,0.01,0.099,-0.098,0.162,0.16,0.089,0.076
16,A2_1,-0.024,-0.03,-0.124,0.237,-0.023,-0.055,-0.123,1.0,0.184,0.212,0.097,-0.02,0.201,-0.235,0.006,0.117
16,A2_2,0.11,-0.014,0.07,0.084,-0.081,0.08,-0.25,0.184,1.0,0.033,-0.135,-0.055,-0.078,-0.003,0.051,0.049
16,A2_3,-0.211,0.311,0.138,0.026,-0.069,0.004,0.01,0.212,0.033,1.0,0.152,0.04,0.345,-0.13,0.011,0.146
16,B2_1,-0.047,0.045,0.086,0.198,-0.0,-0.096,0.099,0.097,-0.135,0.152,1.0,0.074,0.146,-0.044,0.161,0.106
16,B2_2,0.161,0.141,0.178,-0.023,-0.151,-0.192,-0.098,-0.02,-0.055,0.04,0.074,1.0,0.011,-0.139,0.091,0.026
16,B2_3,0.156,0.063,-0.168,-0.014,0.164,-0.081,0.162,0.201,-0.078,0.345,0.146,0.011,1.0,-0.057,0.114,0.118
16,y1,-0.036,-0.003,0.013,0.073,0.048,-0.111,0.16,-0.235,-0.003,-0.13,-0.044,-0.139,-0.057,1.0,0.032,-0.045
16,y2,-0.041,0.166,-0.032,-0.007,-0.101,-0.036,0.089,0.006,0.051,0.011,0.161,0.091,0.114,0.032,1.0,0.009
16,y3,0.098,-0.092,-0.172,0.237,0.309,-0.078,0.076,0.117,0.049,0.146,0.106,0.026,0.118,-0.045,0.009,1.0
17,.,1.0,-0.216,0.016,0.096,0.034,-0.382,-0.21,-0.024,0.11,-0.211,-0.046,0.161,0.156,-0.037,-0.042,0.098
17,A1_1,-0.216,1.0,0.066,0.053,-0.186,-0.268,0.084,-0.03,-0.014,0.312,0.045,0.141,0.063,-0.002,0.165,-0.091
17,A1_2,0.016,0.066,1.0,-0.088,0.075,-0.081,-0.191,-0.124,0.07,0.139,0.085,0.178,-0.168,0.013,-0.033,-0.172
17,A1_3,0.096,0.053,-0.088,1.0,0.115,-0.143,-0.082,0.237,0.083,0.026,0.198,-0.022,-0.014,0.073,-0.007,0.236
17,B1_1,0.034,-0.186,0.075,0.115,1.0,0.022,0.102,-0.023,-0.082,-0.069,-0.0,-0.151,0.164,0.048,-0.1,0.309
17,B1_2,-0.382,-0.268,-0.081,-0.143,0.022,1.0,-0.004,-0.055,0.08,0.004,-0.096,-0.192,-0.081,-0.111,-0.037,-0.078
17,B1_3,-0.21,0.084,-0.191,-0.082,0.102,-0.004,1.0,-0.124,-0.25,0.011,0.099,-0.098,0.163,0.16,0.09,0.076
17,A2_1,-0.024,-0.03,-0.124,0.237,-0.023,-0.055,-0.124,1.0,0.183,0.212,0.097,-0.02,0.201,-0.235,0.006,0.116
17,A2_2,0.11,-0.014,0.07,0.083,-0.082,0.08,-0.25,0.183,1.0,0.033,-0.135,-0.055,-0.078,-0.003,0.05,0.049
17,A2_3,-0.211,0.312,0.139,0.026,-0.069,0.004,0.011,0.212,0.033,1.0,0.152,0.04,0.345,-0.13,0.01,0.146
17,B2_1,-0.046,0.045,0.085,0.198,-0.0,-0.096,0.099,0.097,-0.135,0.152,1.0,0.074,0.146,-0.044,0.161,0.106
17,B2_2,0.161,0.141,0.178,-0.022,-0.151,-0.192,-0.098,-0.02,-0.055,0.04,0.074,1.0,0.011,-0.139,0.091,0.026
17,B2_3,0.156,0.063,-0.168,-0.014,0.164,-0.081,0.163,0.201,-0.078,0.345,0.146,0.011,1.0,-0.057,0.114,0.117
17,y1,-0.037,-0.002,0.013,0.073,0.048,-0.111,0.16,-0.235,-0.003,-0.13,-0.044,-0.139,-0.057,1.0,0.033,-0.044
17,y2,-0.042,0.165,-0.033,-0.007,-0.1,-0.037,0.09,0.006,0.05,0.01,0.161,0.091,0.114,0.033,1.0,0.009
17,y3,0.098,-0.091,-0.172,0.236,0.309,-0.078,0.076,0.116,0.049,0.146,0.106,0.026,0.117,-0.044,0.009,1.0
18,.,1.0,-0.215,0.015,0.097,0.033,-0.383,-0.209,-0.023,0.111,-0.211,-0.046,0.16,0.156,-0.036,-0.042,0.097
18,A1_1,-0.215,1.0,0.066,0.052,-0.186,-0.268,0.084,-0.03,-0.014,0.311,0.045,0.142,0.063,-0.003,0.165,-0.092
18,A1_2,0.015,0.066,1.0,-0.087,0.075,-0.081,-0.19,-0.123,0.07,0.139,0.086,0.178,-0.168,0.013,-0.033,-0.172
18,A1_3,0.097,0.052,-0.087,1.0,0.115,-0.143,-0.082,0.236,0.083,0.025,0.198,-0.022,-0.015,0.074,-0.007,0.236
18,B1_1,0.033,-0.186,0.075,0.115,1.0,0.022,0.102,-0.023,-0.082,-0.069,0.0,-0.15,0.164,0.048,-0.1,0.309
18,B1_2,-0.383,-0.268,-0.081,-0.143,0.022,1.0,-0.004,-0.055,0.08,0.004,-0.096,-0.192,-0.081,-0.112,-0.037,-0.078
18,B1_3,-0.209,0.084,-0.19,-0.082,0.102,-0.004,1.0,-0.124,-0.251,0.011,0.099,-0.098,0.163,0.16,0.09,0.077
18,A2_1,-0.023,-0.03,-0.123,0.236,-0.023,-0.055,-0.124,1.0,0.184,0.212,0.097,-0.019,0.201,-0.235,0.006,0.116
18,A2_2,0.111,-0.014,0.07,0.083,-0.082,0.08,-0.251,0.184,1.0,0.033,-0.134,-0.055,-0.078,-0.004,0.05,0.049
18,A2_3,-0.211,0.311,0.139,0.025,-0.069,0.004,0.011,0.212,0.033,1.0,0.152,0.04,0.345,-0.13,0.009,0.146
18,B2_1,-0.046,0.045,0.086,0.198,0.0,-0.096,0.099,0.097,-0.134,0.152,1.0,0.074,0.146,-0.044,0.161,0.106
18,B2_2,0.16,0.142,0.178,-0.022,-0.15,-0.192,-0.098,-0.019,-0.055,0.04,0.074,1.0,0.012,-0.138,0.092,0.026
18,B2_3,0.156,0.063,-0.168,-0.015,0.164,-0.081,0.163,0.201,-0.078,0.345,0.146,0.012,1.0,-0.057,0.115,0.117
18,y1,-0.036,-0.003,0.013,0.074,0.048,-0.112,0.16,-0.235,-0.004,-0.13,-0.044,-0.138,-0.057,1.0,0.033,-0.044
18,y2,-0.042,0.165,-0.033,-0.007,-0.1,-0.037,0.09,0.006,0.05,0.009,0.161,0.092,0.115,0.033,1.0,0.01
18,y3,0.097,-0.092,-0.172,0.236,0.309,-0.078,0.077,0.116,0.049,0.146,0.106,0.026,0.117,-0.044,0.01,1.0
19,.,1.0,-0.215,0.014,0.097,0.032,-0.384,-0.209,-0.023,0.111,-0.211,-0.045,0.159,0.157,-0.036,-0.042,0.096
19,A1_1,-0.215,1.0,0.067,0.052,-0.185,-0.268,0.083,-0.031,-0.014,0.312,0.045,0.142,0.062,-0.002,0.164,-0.092
19,A1_2,0.014,0.067,1.0,-0.087,0.075,-0.081,-0.19,-0.122,0.07,0.139,0.086,0.178,-0.169,0.013,-0.033,-0.172
19,A1_3,0.097,0.052,-0.087,1.0,0.115,-0.143,-0.082,0.236,0.083,0.025,0.197,-0.022,-0.015,0.073,-0.007,0.236
19,B1_1,0.032,-0.185,0.075,0.115,1.0,0.022,0.102,-0.023,-0.082,-0.069,0.0,-0.15,0.164,0.049,-0.099,0.309
19,B1_2,-0.384,-0.268,-0.081,-0.143,0.022,1.0,-0.005,-0.056,0.081,0.004,-0.095,-0.191,-0.08,-0.112,-0.037,-0.078
19,B1_3,-0.209,0.083,-0.19,-0.082,0.102,-0.005,1.0,-0.124,-0.251,0.011,0.099,-0.098,0.163,0.161,0.091,0.077
19,A2_1,-0.023,-0.031,-0.122,0.236,-0.023,-0.056,-0.124,1.0,0.184,0.212,0.097,-0.019,0.202,-0.235,0.006,0.116
19,A2_2,0.111,-0.014,0.07,0.083,-0.082,0.081,-0.251,0.184,1.0,0.033,-0.134,-0.055,-0.078,-0.003,0.05,0.049
19,A2_3,-0.211,0.312,0.139,0.025,-0.069,0.004,0.011,0.212,0.033,1.0,0.152,0.04,0.345,-0.13,0.01,0.146
19,B2_1,-0.045,0.045,0.086,0.197,0.0,-0.095,0.099,0.097,-0.134,0.152,1.0,0.074,0.146,-0.044,0.162,0.106
19,B2_2,0.159,0.142,0.178,-0.022,-0.15,-0.191,-0.098,-0.019,-0.055,0.04,0.074,1.0,0.012,-0.138,0.092,0.026
19,B2_3,0.157,0.062,-0.169,-0.015,0.164,-0.08,0.163,0.202,-0.078,0.345,0.146,0.012,1.0,-0.057,0.115,0.115
19,y1,-0.036,-0.002,0.013,0.073,0.049,-0.112,0.161,-0.235,-0.003,-0.13,-0.044,-0.138,-0.057,1.0,0.033,-0.043
19,y2,-0.042,0.164,-0.033,-0.007,-0.099,-0.037,0.091,0.006,0.05,0.01,0.162,0.092,0.115,0.033,1.0,0.011
19,y3,0.096,-0.092,-0.172,0.236,0.309,-0.078,0.077,0.116,0.049,0.146,0.106,0.026,0.115,-0.043,0.011,1.0
20,.,1.0,-0.216,0.013,0.097,0.031,-0.384,-0.209,-0.023,0.111,-0.211,-0.045,0.158,0.157,-0.036,-0.042,0.096
20,A1_1,-0.216,1.0,0.068,0.052,-0.185,-0.268,0.084,-0.03,-0.015,0.312,0.045,0.142,0.062,-0.002,0.163,-0.092
20,A1_2,0.013,0.068,1.0,-0.088,0.075,-0.081,-0.19,-0.123,0.07,0.139,0.086,0.178,-0.169,0.013,-0.034,-0.172
20,A1_3,0.097,0.052,-0.088,1.0,0.115,-0.143,-0.082,0.237,0.083,0.026,0.197,-0.022,-0.015,0.073,-0.007,0.235
20,B1_1,0.031,-0.185,0.075,0.115,1.0,0.022,0.103,-0.023,-0.082,-0.069,0.0,-0.15,0.164,0.049,-0.099,0.309
20,B1_2,-0.384,-0.268,-0.081,-0.143,0.022,1.0,-0.005,-0.056,0.081,0.004,-0.095,-0.191,-0.08,-0.111,-0.036,-0.078
20,B1_3,-0.209,0.084,-0.19,-0.082,0.103,-0.005,1.0,-0.124,-0.25,0.011,0.1,-0.098,0.164,0.161,0.091,0.077
20,A2_1,-0.023,-0.03,-0.123,0.237,-0.023,-0.056,-0.124,1.0,0.184,0.212,0.097,-0.019,0.201,-0.235,0.006,0.116
20,A2_2,0.111,-0.015,0.07,0.083,-0.082,0.081,-0.25,0.184,1.0,0.033,-0.134,-0.055,-0.078,-0.003,0.05,0.049
20,A2_3,-0.211,0.312,0.139,0.026,-0.069,0.004,0.011,0.212,0.033,1.0,0.152,0.04,0.345,-0.13,0.009,0.147
20,B2_1,-0.045,0.045,0.086,0.197,0.0,-0.095,0.1,0.097,-0.134,0.152,1.0,0.074,0.146,-0.044,0.161,0.106
20,B2_2,0.158,0.142,0.178,-0.022,-0.15,-0.191,-0.098,-0.019,-0.055,0.04,0.074,1.0,0.012,-0.138,0.092,0.026
20,B2_3,0.157,0.062,-0.169,-0.015,0.164,-0.08,0.164,0.201,-0.078,0.345,0.146,0.012,1.0,-0.057,0.115,0.115
20,y1,-0.036,-0.002,0.013,0.073,0.049,-0.111,0.161,-0.235,-0.003,-0.13,-0.044,-0.138,-0.057,1.0,0.034,-0.042
20,y2,-0.042,0.163,-0.034,-0.007,-0.099,-0.036,0.091,0.006,0.05,0.009,0.161,0.092,0.115,0.034,1.0,0.012
20,y3,0.096,-0.092,-0.172,0.235,0.309,-0.078,0.077,0.116,0.049,0.147,0.106,0.026,0.115,-0.042,0.012,1.0
21,.,1.0,-0.215,0.012,0.097,0.031,-0.384,-0.209,-0.023,0.112,-0.211,-0.045,0.157,0.157,-0.037,-0.041,0.096
21,A1_1,-0.215,1.0,0.068,0.052,-0.185,-0.268,0.084,-0.03,-0.015,0.312,0.045,0.143,0.062,-0.003,0.163,-0.092
21,A1_2,0.012,0.068,1.0,-0.088,0.075,-0.081,-0.19,-0.122,0.07,0.139,0.086,0.178,-0.169,0.013,-0.034,-0.172
21,A1_3,0.097,0.052,-0.088,1.0,0.115,-0.143,-0.082,0.236,0.083,0.025,0.197,-0.022,-0.015,0.073,-0.007,0.235
21,B1_1,0.031,-0.185,0.075,0.115,1.0,0.022,0.103,-0.023,-0.082,-0.069,0.001,-0.15,0.164,0.05,-0.099,0.309
21,B1_2,-0.384,-0.268,-0.081,-0.143,0.022,1.0,-0.005,-0.056,0.081,0.004,-0.095,-0.191,-0.08,-0.112,-0.036,-0.078
21,B1_3,-0.209,0.084,-0.19,-0.082,0.103,-0.005,1.0,-0.124,-0.25,0.011,0.1,-0.098,0.164,0.161,0.091,0.077
21,A2_1,-0.023,-0.03,-0.122,0.236,-0.023,-0.056,-0.124,1.0,0.184,0.213,0.097,-0.019,0.202,-0.236,0.005,0.116
21,A2_2,0.112,-0.015,0.07,0.083,-0.082,0.081,-0.25,0.184,1.0,0.034,-0.134,-0.055,-0.078,-0.003,0.049,0.049
21,A2_3,-0.211,0.312,0.139,0.025,-0.069,0.004,0.011,0.213,0.034,1.0,0.153,0.04,0.345,-0.13,0.008,0.147
21,B2_1,-0.045,0.045,0.086,0.197,0.001,-0.095,0.1,0.097,-0.134,0.153,1.0,0.074,0.146,-0.043,0.161,0.106
21,B2_2,0.157,0.143,0.178,-0.022,-0.15,-0.191,-0.098,-0.019,-0.055,0.04,0.074,1.0,0.012,-0.138,0.093,0.026
21,B2_3,0.157,0.062,-0.169,-0.015,0.164,-0.08,0.164,0.202,-0.078,0.345,0.146,0.012,1.0,-0.057,0.114,0.114
21,y1,-0.037,-0.003,0.013,0.073,0.05,-0.112,0.161,-0.236,-0.003,-0.13,-0.043,-0.138,-0.057,1.0,0.033,-0.041
21,y2,-0.041,0.163,-0.034,-0.007,-0.099,-0.036,0.091,0.005,0.049,0.008,0.161,0.093,0.114,0.033,1.0,0.012
21,y3,0.096,-0.092,-0.172,0.235,0.309,-0.078,0.077,0.116,0.049,0.147,0.106,0.026,0.114,-0.041,0.012,1.0
22,.,1.0,-0.214,0.012,0.099,0.029,-0.384,-0.21,-0.022,0.112,-0.21,-0.045,0.157,0.156,-0.037,-0.04,0.095
22,A1_1,-0.214,1.0,0.069,0.052,-0.185,-0.268,0.084,-0.03,-0.015,0.312,0.045,0.143,0.062,-0.003,0.163,-0.092
22,A1_2,0.012,0.069,1.0,-0.088,0.074,-0.081,-0.19,-0.121,0.07,0.14,0.086,0.178,-0.169,0.013,-0.035,-0.172
22,A1_3,0.099,0.052,-0.088,1.0,0.115,-0.143,-0.082,0.236,0.083,0.025,0.197,-0.022,-0.015,0.072,-0.007,0.235
22,B1_1,0.029,-0.185,0.074,0.115,1.0,0.022,0.103,-0.023,-0.081,-0.069,0.001,-0.15,0.165,0.05,-0.098,0.309
22,B1_2,-0.384,-0.268,-0.081,-0.143,0.022,1.0,-0.005,-0.056,0.081,0.004,-0.095,-0.191,-0.08,-0.112,-0.036,-0.078
22,B1_3,-0.21,0.084,-0.19,-0.082,0.103,-0.005,1.0,-0.124,-0.25,0.011,0.1,-0.098,0.164,0.161,0.091,0.077
22,A2_1,-0.022,-0.03,-0.121,0.236,-0.023,-0.056,-0.124,1.0,0.184,0.213,0.097,-0.019,0.202,-0.236,0.005,0.116
22,A2_2,0.112,-0.015,0.07,0.083,-0.081,0.081,-0.25,0.184,1.0,0.034,-0.134,-0.055,-0.078,-0.003,0.05,0.05
22,A2_3,-0.21,0.312,0.14,0.025,-0.069,0.004,0.011,0.213,0.034,1.0,0.153,0.04,0.345,-0.129,0.007,0.146
22,B2_1,-0.045,0.045,0.086,0.197,0.001,-0.095,0.1,0.097,-0.134,0.153,1.0,0.074,0.146,-0.043,0.161,0.106
22,B2_2,0.157,0.143,0.178,-0.022,-0.15,-0.191,-0.098,-0.019,-0.055,0.04,0.074,1.0,0.012,-0.138,0.093,0.026
22,B2_3,0.156,0.062,-0.169,-0.015,0.165,-0.08,0.164,0.202,-0.078,0.345,0.146,0.012,1.0,-0.057,0.114,0.113
22,y1,-0.037,-0.003,0.013,0.072,0.05,-0.112,0.161,-0.236,-0.003,-0.129,-0.043,-0.138,-0.057,1.0,0.034,-0.04
22,y2,-0.04,0.163,-0.035,-0.007,-0.098,-0.036,0.091,0.005,0.05,0.007,0.161,0.093,0.114,0.034,1.0,0.013
22,y3,0.095,-0.092,-0.172,0.235,0.309,-0.078,0.077,0.116,0.05,0.146,0.106,0.026,0.113,-0.04,0.013,1.0
23,.,1.0,-0.214,0.011,0.1,0.028,-0.384,-0.211,-0.023,0.111,-0.21,-0.045,0.157,0.155,-0.037,-0.039,0.095
23,A1_1,-0.214,1.0,0.069,0.052,-0.185,-0.268,0.084,-0.03,-0.015,0.312,0.045,0.143,0.062,-0.004,0.163,-0.092
23,A1_2,0.011,0.069,1.0,-0.088,0.074,-0.081,-0.19,-0.121,0.07,0.14,0.086,0.178,-0.169,0.013,-0.035,-0.172
23,A1_3,0.1,0.052,-0.088,1.0,0.115,-0.143,-0.082,0.236,0.083,0.025,0.197,-0.022,-0.015,0.073,-0.006,0.235
23,B1_1,0.028,-0.185,0.074,0.115,1.0,0.022,0.103,-0.023,-0.082,-0.069,0.001,-0.15,0.165,0.051,-0.098,0.309
23,B1_2,-0.384,-0.268,-0.081,-0.143,0.022,1.0,-0.005,-0.056,0.081,0.004,-0.095,-0.191,-0.08,-0.112,-0.036,-0.078
23,B1_3,-0.211,0.084,-0.19,-0.082,0.103,-0.005,1.0,-0.123,-0.25,0.011,0.1,-0.098,0.164,0.162,0.092,0.077
23,A2_1,-0.023,-0.03,-0.121,0.236,-0.023,-0.056,-0.123,1.0,0.184,0.214,0.097,-0.019,0.201,-0.235,0.005,0.116
