,,.,A1_1,A1_2,A1_3,B1_1,B1_2,B1_3,A2_1,A2_2,A2_3,B2_1,B2_2,B2_3,y1,y2,y3
0,.,1.0,0.821,0.307,0.618,0.819,0.683,0.294,0.306,0.126,0.714,0.29,0.222,0.312,0.779,0.621,0.196
0,A1_1,0.821,1.0,0.7,0.758,0.765,0.747,0.56,0.668,0.496,0.911,0.571,0.577,0.604,0.411,0.805,0.37
0,A1_2,0.307,0.7,1.0,0.317,0.453,0.73,0.749,0.736,0.76,0.715,0.714,0.65,0.68,0.008,0.796,-0.059
0,A1_3,0.618,0.758,0.317,1.0,0.466,0.217,0.136,0.347,0.359,0.697,0.173,0.358,0.239,0.177,0.334,0.584
0,B1_1,0.819,0.765,0.453,0.466,1.0,0.669,0.516,0.503,0.293,0.777,0.543,0.64,0.568,0.694,0.681,0.208
0,B1_2,0.683,0.747,0.73,0.217,0.669,1.0,0.758,0.601,0.512,0.616,0.682,0.431,0.545,0.564,0.928,-0.052
0,B1_3,0.294,0.56,0.749,0.136,0.516,0.758,1.0,0.775,0.84,0.43,0.946,0.669,0.723,0.228,0.792,0.045
0,A2_1,0.306,0.668,0.736,0.347,0.503,0.601,0.775,1.0,0.776,0.67,0.801,0.757,0.947,-0.1,0.645,0.457
0,A2_2,0.126,0.496,0.76,0.359,0.293,0.512,0.84,0.776,1.0,0.453,0.769,0.606,0.657,-0.107,0.597,0.163
0,A2_3,0.714,0.911,0.715,0.697,0.777,0.616,0.43,0.67,0.453,1.0,0.429,0.614,0.641,0.276,0.716,0.319
0,B2_1,0.29,0.571,0.714,0.173,0.543,0.682,0.946,0.801,0.769,0.429,1.0,0.777,0.813,0.153,0.671,0.149
0,B2_2,0.222,0.577,0.65,0.358,0.64,0.431,0.669,0.757,0.606,0.614,0.777,1.0,0.771,0.01,0.533,0.423
0,B2_3,0.312,0.604,0.68,0.239,0.568,0.545,0.723,0.947,0.657,0.641,0.813,0.771,1.0,-0.067,0.537,0.339
0,y1,0.779,0.411,0.008,0.177,0.694,0.564,0.228,-0.1,-0.107,0.276,0.153,0.01,-0.067,1.0,0.491,-0.164
0,y2,0.621,0.805,0.796,0.334,0.681,0.928,0.792,0.645,0.597,0.716,0.671,0.533,0.537,0.491,1.0,0.039
0,y3,0.196,0.37,-0.059,0.584,0.208,-0.052,0.045,0.457,0.163,0.319,0.149,0.423,0.339,-0.164,0.039,1.0
500,.,1.0,-0.343,-0.375,-0.383,-0.056,-0.094,-0.08,-0.391,-0.386,-0.389,-0.061,-0.074,-0.048,-0.148,-0.222,-0.202
500,A1_1,-0.343,1.0,0.985,0.984,0.3,0.316,0.261,0.983,0.986,0.985,0.304,0.35,0.341,-0.541,-0.502,-0.459
500,A1_2,-0.375,0.985,1.0,0.997,0.22,0.25,0.186,0.997,0.999,0.999,0.229,0.272,0.265,-0.585,-0.55,-0.502
500,A1_3,-0.383,0.984,0.997,1.0,0.195,0.225,0.163,0.999,0.999,0.999,0.205,0.247,0.24,-0.541,-0.519,-0.453
500,B1_1,-0.056,0.3,0.22,0.195,1.0,0.991,0.994,0.198,0.224,0.203,0.998,0.996,0.997,-0.341,-0.31,-0.368
500,B1_2,-0.094,0.316,0.25,0.225,0.991,1.0,0.997,0.229,0.255,0.233,0.996,0.988,0.99,-0.348,-0.312,-0.373
500,B1_3,-0.08,0.261,0.186,0.163,0.994,0.997,1.0,0.167,0.192,0.17,0.997,0.987,0.989,-0.297,-0.263,-0.324
500,A2_1,-0.391,0.983,0.997,0.999,0.198,0.229,0.167,1.0,0.998,0.999,0.208,0.249,0.243,-0.54,-0.509,-0.452
500,A2_2,-0.386,0.986,0.999,0.999,0.224,0.255,0.192,0.998,1.0,0.999,0.234,0.276,0.269,-0.559,-0.532,-0.472
500,A2_3,-0.389,0.985,0.999,0.999,0.203,0.233,0.17,0.999,0.999,1.0,0.212,0.254,0.247,-0.549,-0.516,-0.462
500,B2_1,-0.061,0.304,0.229,0.205,0.998,0.996,0.997,0.208,0.234,0.212,1.0,0.996,0.998,-0.357,-0.327,-0.382
500,B2_2,-0.074,0.35,0.272,0.247,0.996,0.988,0.987,0.249,0.276,0.254,0.996,1.0,0.999,-0.397,-0.364,-0.418
500,B2_3,-0.048,0.341,0.265,0.24,0.997,0.99,0.989,0.243,0.269,0.247,0.998,0.999,1.0,-0.398,-0.369,-0.42
500,y1,-0.148,-0.541,-0.585,-0.541,-0.341,-0.348,-0.297,-0.54,-0.559,-0.549,-0.357,-0.397,-0.398,1.0,0.962,0.989
500,y2,-0.222,-0.502,-0.55,-0.519,-0.31,-0.312,-0.263,-0.509,-0.532,-0.516,-0.327,-0.364,-0.369,0.962,1.0,0.947
500,y3,-0.202,-0.459,-0.502,-0.453,-0.368,-0.373,-0.324,-0.452,-0.472,-0.462,-0.382,-0.418,-0.42,0.989,0.947,1.0
1000,.,1.0,-0.252,-0.199,-0.208,-0.18,-0.085,-0.105,-0.3,-0.303,-0.314,-0.001,-0.013,0.091,-0.299,-0.334,-0.346
1000,A1_1,-0.252,1.0,0.946,0.964,0.165,0.243,0.244,0.97,0.978,0.977,0.353,0.369,0.369,-0.385,-0.361,-0.338
1000,A1_2,-0.199,0.946,1.0,0.997,0.067,0.158,0.15,0.956,0.96,0.959,0.278,0.293,0.295,-0.551,-0.538,-0.518
1000,A1_3,-0.208,0.964,0.997,1.0,0.053,0.144,0.138,0.967,0.972,0.971,0.268,0.281,0.282,-0.506,-0.491,-0.47
1000,B1_1,-0.18,0.165,0.067,0.053,1.0,0.939,0.951,0.032,0.088,0.068,0.854,0.893,0.817,-0.074,-0.06,-0.094
1000,B1_2,-0.085,0.243,0.158,0.144,0.939,1.0,0.997,0.124,0.182,0.159,0.966,0.968,0.937,-0.236,-0.212,-0.249
1000,B1_3,-0.105,0.244,0.15,0.138,0.951,0.997,1.0,0.117,0.176,0.152,0.967,0.974,0.938,-0.23,-0.206,-0.241
1000,A2_1,-0.3,0.97,0.956,0.967,0.032,0.124,0.117,1.0,0.99,0.996,0.227,0.235,0.238,-0.403,-0.38,-0.353
1000,A2_2,-0.303,0.978,0.96,0.972,0.088,0.182,0.176,0.99,1.0,0.999,0.286,0.294,0.296,-0.419,-0.399,-0.369
1000,A2_3,-0.314,0.977,0.959,0.971,0.068,0.159,0.152,0.996,0.999,1.0,0.26,0.269,0.269,-0.403,-0.382,-0.352
1000,B2_1,-0.001,0.353,0.278,0.268,0.854,0.966,0.967,0.227,0.286,0.26,1.0,0.993,0.988,-0.408,-0.383,-0.414
1000,B2_2,-0.013,0.369,0.293,0.281,0.893,0.968,0.974,0.235,0.294,0.269,0.993,1.0,0.982,-0.402,-0.38,-0.41
1000,B2_3,0.091,0.369,0.295,0.282,0.817,0.937,0.938,0.238,0.296,0.269,0.988,0.982,1.0,-0.486,-0.459,-0.489
1000,y1,-0.299,-0.385,-0.551,-0.506,-0.074,-0.236,-0.23,-0.403,-0.419,-0.403,-0.408,-0.402,-0.486,1.0,0.996,0.996
1000,y2,-0.334,-0.361,-0.538,-0.491,-0.06,-0.212,-0.206,-0.38,-0.399,-0.382,-0.383,-0.38,-0.459,0.996,1.0,0.997
1000,y3,-0.346,-0.338,-0.518,-0.47,-0.094,-0.249,-0.241,-0.353,-0.369,-0.352,-0.414,-0.41,-0.489,0.996,0.997,1.0
1500,.,1.0,-0.164,-0.071,-0.069,-0.264,-0.18,-0.133,-0.182,-0.223,-0.221,-0.006,-0.049,0.001,-0.397,-0.435,-0.45
1500,A1_1,-0.164,1.0,0.918,0.904,0.055,0.08,0.186,0.956,0.957,0.969,0.312,0.293,0.327,-0.396,-0.333,-0.342
1500,A1_2,-0.071,0.918,1.0,0.991,-0.112,-0.075,0.017,0.952,0.892,0.923,0.143,0.132,0.159,-0.514,-0.471,-0.465
1500,A1_3,-0.069,0.904,0.991,1.0,-0.183,-0.147,-0.055,0.943,0.864,0.903,0.075,0.059,0.091,-0.44,-0.399,-0.391
1500,B1_1,-0.264,0.055,-0.112,-0.183,1.0,0.953,0.932,-0.112,-0.021,-0.043,0.847,0.881,0.842,-0.156,-0.112,-0.167
1500,B1_2,-0.18,0.08,-0.075,-0.147,0.953,1.0,0.99,-0.071,0.029,-0.001,0.936,0.956,0.929,-0.304,-0.254,-0.31
1500,B1_3,-0.133,0.186,0.017,-0.055,0.932,0.99,1.0,0.023,0.118,0.091,0.974,0.985,0.969,-0.378,-0.321,-0.379
1500,A2_1,-0.182,0.956,0.952,0.943,-0.112,-0.071,0.023,1.0,0.967,0.986,0.14,0.124,0.155,-0.382,-0.328,-0.322
1500,A2_2,-0.223,0.957,0.892,0.864,-0.021,0.029,0.118,0.967,1.0,0.995,0.225,0.214,0.239,-0.38,-0.323,-0.32
1500,A2_3,-0.221,0.969,0.923,0.903,-0.043,-0.001,0.091,0.986,0.995,1.0,0.2,0.187,0.213,-0.372,-0.313,-0.311
1500,B2_1,-0.006,0.312,0.143,0.075,0.847,0.936,0.974,0.14,0.225,0.2,1.0,0.996,1.0,-0.512,-0.455,-0.511
1500,B2_2,-0.049,0.293,0.132,0.059,0.881,0.956,0.985,0.124,0.214,0.187,0.996,1.0,0.996,-0.497,-0.442,-0.497
1500,B2_3,0.001,0.327,0.159,0.091,0.842,0.929,0.969,0.155,0.239,0.213,1.0,0.996,1.0,-0.524,-0.468,-0.524
1500,y1,-0.397,-0.396,-0.514,-0.44,-0.156,-0.304,-0.378,-0.382,-0.38,-0.372,-0.512,-0.497,-0.524,1.0,0.993,0.996
1500,y2,-0.435,-0.333,-0.471,-0.399,-0.112,-0.254,-0.321,-0.328,-0.323,-0.313,-0.455,-0.442,-0.468,0.993,1.0,0.996
1500,y3,-0.45,-0.342,-0.465,-0.391,-0.167,-0.31,-0.379,-0.322,-0.32,-0.311,-0.511,-0.497,-0.524,0.996,0.996,1.0
2000,.,1.0,-0.089,-0.022,-0.047,-0.191,-0.091,-0.097,-0.18,-0.186,-0.165,0.03,0.011,0.039,-0.515,-0.541,-0.54
2000,A1_1,-0.089,1.0,0.944,0.94,0.072,0.075,0.159,0.951,0.941,0.965,0.294,0.316,0.311,-0.369,-0.359,-0.381
2000,A1_2,-0.022,0.944,1.0,0.995,-0.093,-0.066,-0.005,0.899,0.873,0.92,0.121,0.15,0.14,-0.459,-0.467,-0.47
2000,A1_3,-0.047,0.94,0.995,1.0,-0.142,-0.112,-0.049,0.903,0.865,0.919,0.077,0.103,0.096,-0.398,-0.404,-0.406
2000,B1_1,-0.191,0.072,-0.093,-0.142,1.0,0.945,0.931,-0.026,0.035,-0.017,0.88,0.881,0.872,-0.174,-0.126,-0.195
2000,B1_2,-0.091,0.075,-0.066,-0.112,0.945,1.0,0.992,-0.003,0.056,0.004,0.952,0.951,0.945,-0.335,-0.275,-0.345
2000,B1_3,-0.097,0.159,-0.005,-0.049,0.931,0.992,1.0,0.085,0.146,0.09,0.972,0.97,0.966,-0.344,-0.277,-0.352
2000,A2_1,-0.18,0.951,0.899,0.903,-0.026,-0.003,0.085,1.0,0.988,0.997,0.197,0.222,0.214,-0.294,-0.283,-0.295
2000,A2_2,-0.186,0.941,0.873,0.865,0.035,0.056,0.146,0.988,1.0,0.99,0.248,0.277,0.265,-0.317,-0.306,-0.323
2000,A2_3,-0.165,0.965,0.92,0.919,-0.017,0.004,0.09,0.997,0.99,1.0,0.203,0.231,0.221,-0.319,-0.311,-0.324
2000,B2_1,0.03,0.294,0.121,0.077,0.88,0.952,0.972,0.197,0.248,0.203,1.0,0.998,1.0,-0.463,-0.401,-0.472
2000,B2_2,0.011,0.316,0.15,0.103,0.881,0.951,0.97,0.222,0.277,0.231,0.998,1.0,0.999,-0.484,-0.425,-0.494
2000,B2_3,0.039,0.311,0.14,0.096,0.872,0.945,0.966,0.214,0.265,0.221,1.0,0.999,1.0,-0.481,-0.421,-0.491
2000,y1,-0.515,-0.369,-0.459,-0.398,-0.174,-0.335,-0.344,-0.294,-0.317,-0.319,-0.463,-0.484,-0.481,1.0,0.994,0.997
2000,y2,-0.541,-0.359,-0.467,-0.404,-0.126,-0.275,-0.277,-0.283,-0.306,-0.311,-0.401,-0.425,-0.421,0.994,1.0,0.995
2000,y3,-0.54,-0.381,-0.47,-0.406,-0.195,-0.345,-0.352,-0.295,-0.323,-0.324,-0.472,-0.494,-0.491,0.997,0.995,1.0
2500,.,1.0,-0.043,-0.009,-0.033,-0.152,-0.076,-0.134,-0.154,-0.184,-0.181,0.046,0.014,0.05,-0.548,-0.554,-0.551
2500,A1_1,-0.043,1.0,0.959,0.958,0.119,0.08,0.124,0.929,0.887,0.908,0.315,0.321,0.325,-0.429,-0.402,-0.465
2500,A1_2,-0.009,0.959,1.0,0.997,-0.041,-0.053,-0.026,0.892,0.82,0.84,0.156,0.17,0.17,-0.51,-0.492,-0.537
2500,A1_3,-0.033,0.958,0.997,1.0,-0.076,-0.086,-0.057,0.905,0.825,0.847,0.128,0.139,0.141,-0.462,-0.442,-0.487
2500,B1_1,-0.152,0.119,-0.041,-0.076,1.0,0.951,0.953,0.014,0.096,0.091,0.894,0.906,0.889,-0.185,-0.164,-0.215
2500,B1_2,-0.076,0.08,-0.053,-0.086,0.951,1.0,0.991,-0.004,0.076,0.067,0.947,0.956,0.944,-0.308,-0.28,-0.326
2500,B1_3,-0.134,0.124,-0.026,-0.057,0.953,0.991,1.0,0.052,0.141,0.132,0.946,0.955,0.942,-0.264,-0.227,-0.285
2500,A2_1,-0.154,0.929,0.892,0.905,0.014,-0.004,0.052,1.0,0.976,0.986,0.224,0.235,0.237,-0.345,-0.324,-0.371
2500,A2_2,-0.184,0.887,0.82,0.825,0.096,0.076,0.141,0.976,1.0,0.998,0.288,0.305,0.302,-0.329,-0.31,-0.362
2500,A2_3,-0.181,0.908,0.84,0.847,0.091,0.067,0.132,0.986,0.998,1.0,0.287,0.3,0.299,-0.32,-0.298,-0.353
2500,B2_1,0.046,0.315,0.156,0.128,0.894,0.947,0.946,0.224,0.288,0.287,1.0,0.997,1.0,-0.446,-0.412,-0.465
2500,B2_2,0.014,0.321,0.17,0.139,0.906,0.956,0.955,0.235,0.305,0.3,0.997,1.0,0.998,-0.454,-0.423,-0.475
2500,B2_3,0.05,0.325,0.17,0.141,0.889,0.944,0.942,0.237,0.302,0.299,1.0,0.998,1.0,-0.463,-0.429,-0.482
2500,y1,-0.548,-0.429,-0.51,-0.462,-0.185,-0.308,-0.264,-0.345,-0.329,-0.32,-0.446,-0.454,-0.463,1.0,0.993,0.996
2500,y2,-0.554,-0.402,-0.492,-0.442,-0.164,-0.28,-0.227,-0.324,-0.31,-0.298,-0.412,-0.423,-0.429,0.993,1.0,0.991
2500,y3,-0.551,-0.465,-0.537,-0.487,-0.215,-0.326,-0.285,-0.371,-0.362,-0.353,-0.465,-0.475,-0.482,0.996,0.991,1.0
3000,.,1.0,-0.051,-0.008,-0.064,-0.02,0.01,-0.078,-0.101,-0.042,-0.081,-0.009,0.05,0.057,-0.651,-0.724,-0.69
3000,A1_1,-0.051,1.0,0.961,0.914,0.31,0.211,0.25,0.866,0.884,0.967,0.31,0.346,0.329,-0.435,-0.365,-0.421
3000,A1_2,-0.008,0.961,1.0,0.978,0.205,0.12,0.146,0.927,0.969,0.99,0.209,0.258,0.235,-0.425,-0.373,-0.417
3000,A1_3,-0.064,0.914,0.978,1.0,0.158,0.074,0.103,0.973,0.996,0.985,0.165,0.212,0.193,-0.304,-0.252,-0.295
3000,B1_1,-0.02,0.31,0.205,0.158,1.0,0.987,0.986,0.073,0.157,0.23,0.997,0.99,0.989,-0.415,-0.362,-0.428
3000,B1_2,0.01,0.211,0.12,0.074,0.987,1.0,0.987,-0.006,0.078,0.137,0.991,0.986,0.981,-0.431,-0.385,-0.445
3000,B1_3,-0.078,0.25,0.146,0.103,0.986,0.987,1.0,0.016,0.103,0.177,0.991,0.977,0.974,-0.364,-0.318,-0.381
3000,A2_1,-0.101,0.866,0.927,0.973,0.073,-0.006,0.016,1.0,0.96,0.95,0.08,0.125,0.108,-0.252,-0.193,-0.233
3000,A2_2,-0.042,0.884,0.969,0.996,0.157,0.078,0.103,0.96,1.0,0.971,0.165,0.215,0.195,-0.305,-0.261,-0.3
3000,A2_3,-0.081,0.967,0.99,0.985,0.23,0.137,0.177,0.95,0.971,1.0,0.235,0.276,0.257,-0.356,-0.297,-0.346
3000,B2_1,-0.009,0.31,0.209,0.165,0.997,0.991,0.991,0.08,0.165,0.235,1.0,0.996,0.994,-0.43,-0.377,-0.442
3000,B2_2,0.05,0.346,0.258,0.212,0.99,0.986,0.977,0.125,0.215,0.276,0.996,1.0,0.998,-0.494,-0.442,-0.505
3000,B2_3,0.057,0.329,0.235,0.193,0.989,0.981,0.974,0.108,0.195,0.257,0.994,0.998,1.0,-0.484,-0.43,-0.491
3000,y1,-0.651,-0.435,-0.425,-0.304,-0.415,-0.431,-0.364,-0.252,-0.305,-0.356,-0.43,-0.494,-0.484,1.0,0.989,0.993
3000,y2,-0.724,-0.365,-0.373,-0.252,-0.362,-0.385,-0.318,-0.193,-0.261,-0.297,-0.377,-0.442,-0.43,0.989,1.0,0.996
3000,y3,-0.69,-0.421,-0.417,-0.295,-0.428,-0.445,-0.381,-0.233,-0.3,-0.346,-0.442,-0.505,-0.491,0.993,0.996,1.0
3500,.,1.0,-0.258,-0.254,-0.252,-0.261,-0.129,-0.255,-0.257,-0.26,-0.263,-0.234,-0.303,-0.288,-0.239,-0.305,-0.271
3500,A1_1,-0.258,1.0,0.977,0.981,0.441,0.355,0.454,0.988,0.978,0.986,0.447,0.519,0.507,-0.436,-0.377,-0.403
3500,A1_2,-0.254,0.977,1.0,1.0,0.469,0.38,0.482,0.997,1.0,0.998,0.478,0.544,0.529,-0.517,-0.472,-0.494
3500,A1_3,-0.252,0.981,1.0,1.0,0.463,0.375,0.476,0.998,1.0,0.999,0.472,0.539,0.525,-0.507,-0.461,-0.483
3500,B1_1,-0.261,0.441,0.469,0.463,1.0,0.974,0.997,0.458,0.46,0.463,0.997,0.987,0.991,-0.554,-0.529,-0.547
3500,B1_2,-0.129,0.355,0.38,0.375,0.974,1.0,0.976,0.372,0.372,0.373,0.983,0.946,0.953,-0.595,-0.58,-0.596
3500,B1_3,-0.255,0.454,0.482,0.476,0.997,0.976,1.0,0.471,0.473,0.475,0.999,0.989,0.992,-0.562,-0.536,-0.553
3500,A2_1,-0.257,0.988,0.997,0.998,0.458,0.372,0.471,1.0,0.997,0.999,0.467,0.534,0.52,-0.5,-0.451,-0.474
3500,A2_2,-0.26,0.978,1.0,1.0,0.46,0.372,0.473,0.997,1.0,0.998,0.47,0.536,0.521,-0.5,-0.455,-0.477
3500,A2_3,-0.263,0.986,0.998,0.999,0.463,0.373,0.475,0.999,0.998,1.0,0.471,0.538,0.524,-0.51,-0.46,-0.483
3500,B2_1,-0.234,0.447,0.478,0.472,0.997,0.983,0.999,0.467,0.47,0.471,1.0,0.983,0.988,-0.579,-0.556,-0.574
3500,B2_2,-0.303,0.519,0.544,0.539,0.987,0.946,0.989,0.534,0.536,0.538,0.983,1.0,0.999,-0.553,-0.518,-0.535
3500,B2_3,-0.288,0.507,0.529,0.525,0.991,0.953,0.992,0.52,0.521,0.524,0.988,0.999,1.0,-0.555,-0.521,-0.538
3500,y1,-0.239,-0.436,-0.517,-0.507,-0.554,-0.595,-0.562,-0.5,-0.5,-0.51,-0.579,-0.553,-0.555,1.0,0.993,0.995
3500,y2,-0.305,-0.377,-0.472,-0.461,-0.529,-0.58,-0.536,-0.451,-0.455,-0.46,-0.556,-0.518,-0.521,0.993,1.0,0.998
3500,y3,-0.271,-0.403,-0.494,-0.483,-0.547,-0.596,-0.553,-0.474,-0.477,-0.483,-0.574,-0.535,-0.538,0.995,0.998,1.0
4000,.,1.0,-0.272,-0.257,-0.243,-0.401,-0.288,-0.38,-0.27,-0.227,-0.287,-0.387,-0.359,-0.378,-0.36,-0.453,-0.423
4000,A1_1,-0.272,1.0,0.977,0.984,0.377,0.29,0.376,0.985,0.97,0.993,0.384,0.393,0.385,-0.298,-0.252,-0.256
4000,A1_2,-0.257,0.977,1.0,0.991,0.399,0.307,0.393,0.966,0.988,0.986,0.404,0.409,0.403,-0.359,-0.324,-0.325
4000,A1_3,-0.243,0.984,0.991,1.0,0.342,0.263,0.347,0.987,0.997,0.991,0.352,0.369,0.355,-0.275,-0.242,-0.241
4000,B1_1,-0.401,0.377,0.399,0.342,1.0,0.974,0.996,0.289,0.344,0.347,0.999,0.988,0.997,-0.359,-0.291,-0.32
4000,B1_2,-0.288,0.29,0.307,0.263,0.974,1.0,0.982,0.214,0.267,0.259,0.979,0.982,0.982,-0.364,-0.305,-0.335
4000,B1_3,-0.38,0.376,0.393,0.347,0.996,0.982,1.0,0.295,0.351,0.344,0.999,0.998,1.0,-0.314,-0.249,-0.278
4000,A2_1,-0.27,0.985,0.966,0.987,0.289,0.214,0.295,1.0,0.976,0.992,0.3,0.317,0.303,-0.233,-0.194,-0.194
4000,A2_2,-0.227,0.97,0.988,0.997,0.344,0.267,0.351,0.976,1.0,0.978,0.355,0.376,0.359,-0.258,-0.232,-0.229
4000,A2_3,-0.287,0.993,0.986,0.991,0.347,0.259,0.344,0.992,0.978,1.0,0.353,0.36,0.353,-0.31,-0.267,-0.269
4000,B2_1,-0.387,0.384,0.404,0.352,0.999,0.979,0.999,0.3,0.355,0.353,1.0,0.994,0.999,-0.345,-0.279,-0.307
4000,B2_2,-0.359,0.393,0.409,0.369,0.988,0.982,0.998,0.317,0.376,0.36,0.994,1.0,0.997,-0.301,-0.237,-0.264
4000,B2_3,-0.378,0.385,0.403,0.355,0.997,0.982,1.0,0.303,0.359,0.353,0.999,0.997,1.0,-0.329,-0.264,-0.292
4000,y1,-0.36,-0.298,-0.359,-0.275,-0.359,-0.364,-0.314,-0.233,-0.258,-0.31,-0.345,-0.301,-0.329,1.0,0.985,0.989
4000,y2,-0.453,-0.252,-0.324,-0.242,-0.291,-0.305,-0.249,-0.194,-0.232,-0.267,-0.279,-0.237,-0.264,0.985,1.0,0.999
4000,y3,-0.423,-0.256,-0.325,-0.241,-0.32,-0.335,-0.278,-0.194,-0.229,-0.269,-0.307,-0.264,-0.292,0.989,0.999,1.0
4500,.,1.0,0.114,-0.077,-0.083,-0.428,-0.424,-0.467,-0.217,-0.286,-0.307,-0.26,-0.316,-0.252,-0.362,-0.358,-0.359
4500,A1_1,0.114,1.0,0.952,0.954,0.384,0.345,0.377,0.783,0.539,0.645,0.459,0.43,0.475,-0.628,-0.636,-0.646
4500,A1_2,-0.077,0.952,1.0,0.999,0.432,0.366,0.432,0.887,0.672,0.778,0.472,0.463,0.482,-0.533,-0.52,-0.535
4500,A1_3,-0.083,0.954,0.999,1.0,0.416,0.353,0.418,0.9,0.693,0.796,0.459,0.45,0.47,-0.517,-0.504,-0.52
4500,B1_1,-0.428,0.384,0.432,0.416,1.0,0.961,0.971,0.309,0.1,0.228,0.963,0.977,0.963,-0.393,-0.425,-0.412
4500,B1_2,-0.424,0.345,0.366,0.353,0.961,1.0,0.987,0.227,0.042,0.144,0.946,0.951,0.949,-0.401,-0.437,-0.425
4500,B1_3,-0.467,0.377,0.432,0.418,0.971,0.987,1.0,0.306,0.118,0.23,0.941,0.954,0.943,-0.352,-0.38,-0.37
4500,A2_1,-0.217,0.783,0.887,0.9,0.309,0.227,0.306,1.0,0.923,0.977,0.372,0.372,0.371,-0.276,-0.243,-0.263
4500,A2_2,-0.286,0.539,0.672,0.693,0.1,0.042,0.118,0.923,1.0,0.963,0.172,0.177,0.161,0.033,0.072,0.05
4500,A2_3,-0.307,0.645,0.778,0.796,0.228,0.144,0.23,0.977,0.963,1.0,0.283,0.291,0.277,-0.114,-0.07,-0.092
4500,B2_1,-0.26,0.459,0.472,0.459,0.963,0.946,0.941,0.372,0.172,0.283,1.0,0.997,0.999,-0.493,-0.519,-0.511
4500,B2_2,-0.316,0.43,0.463,0.45,0.977,0.951,0.954,0.372,0.177,0.291,0.997,1.0,0.995,-0.453,-0.477,-0.468
4500,B2_3,-0.252,0.475,0.482,0.47,0.963,0.949,0.943,0.371,0.161,0.277,0.999,0.995,1.0,-0.513,-0.54,-0.532
4500,y1,-0.362,-0.628,-0.533,-0.517,-0.393,-0.401,-0.352,-0.276,0.033,-0.114,-0.493,-0.453,-0.513,1.0,0.994,0.996
4500,y2,-0.358,-0.636,-0.52,-0.504,-0.425,-0.437,-0.38,-0.243,0.072,-0.07,-0.519,-0.477,-0.54,0.994,1.0,0.999
4500,y3,-0.359,-0.646,-0.535,-0.52,-0.412,-0.425,-0.37,-0.263,0.05,-0.092,-0.511,-0.468,-0.532,0.996,0.999,1.0
5000,.,1.0,0.182,-0.129,-0.229,-0.146,-0.198,-0.361,-0.186,-0.157,-0.213,-0.269,-0.27,-0.274,-0.382,-0.509,-0.472
5000,A1_1,0.182,1.0,0.805,0.718,0.47,0.349,0.376,0.632,0.657,0.715,0.417,0.415,0.426,-0.727,-0.73,-0.75
5000,A1_2,-0.129,0.805,1.0,0.971,0.333,0.253,0.356,0.951,0.967,0.982,0.405,0.41,0.41,-0.429,-0.374,-0.389
5000,A1_3,-0.229,0.718,0.971,1.0,0.214,0.132,0.261,0.962,0.957,0.984,0.311,0.315,0.317,-0.284,-0.223,-0.239
5000,B1_1,-0.146,0.47,0.333,0.214,1.0,0.986,0.952,0.24,0.258,0.295,0.961,0.96,0.959,-0.488,-0.407,-0.452
5000,B1_2,-0.198,0.349,0.253,0.132,0.986,1.0,0.951,0.183,0.202,0.226,0.956,0.956,0.951,-0.423,-0.33,-0.378
5000,B1_3,-0.361,0.376,0.356,0.261,0.952,0.951,1.0,0.27,0.284,0.346,0.986,0.986,0.987,-0.385,-0.28,-0.317
5000,A2_1,-0.186,0.632,0.951,0.962,0.24,0.183,0.27,1.0,0.984,0.981,0.333,0.339,0.333,-0.265,-0.198,-0.215
5000,A2_2,-0.157,0.657,0.967,0.957,0.258,0.202,0.284,0.984,1.0,0.972,0.342,0.349,0.341,-0.251,-0.191,-0.207
5000,A2_3,-0.213,0.715,0.982,0.984,0.295,0.226,0.346,0.981,0.972,1.0,0.399,0.404,0.404,-0.345,-0.277,-0.292
5000,B2_1,-0.269,0.417,0.405,0.311,0.961,0.956,0.986,0.333,0.342,0.399,1.0,1.0,1.0,-0.446,-0.339,-0.375
5000,B2_2,-0.27,0.415,0.41,0.315,0.96,0.956,0.986,0.339,0.349,0.404,1.0,1.0,0.999,-0.442,-0.333,-0.37
5000,B2_3,-0.274,0.426,0.41,0.317,0.959,0.951,0.987,0.333,0.341,0.404,1.0,0.999,1.0,-0.457,-0.349,-0.385
5000,y1,-0.382,-0.727,-0.429,-0.284,-0.488,-0.423,-0.385,-0.265,-0.251,-0.345,-0.446,-0.442,-0.457,1.0,0.983,0.987
5000,y2,-0.509,-0.73,-0.374,-0.223,-0.407,-0.33,-0.28,-0.198,-0.191,-0.277,-0.339,-0.333,-0.349,0.983,1.0,0.996
5000,y3,-0.472,-0.75,-0.389,-0.239,-0.452,-0.378,-0.317,-0.215,-0.207,-0.292,-0.375,-0.37,-0.385,0.987,0.996,1.0
5500,.,1.0,-0.309,-0.32,-0.325,-0.347,-0.292,-0.392,-0.299,-0.32,-0.297,-0.293,-0.343,-0.312,-0.363,-0.411,-0.394
5500,A1_1,-0.309,1.0,0.991,0.993,0.48,0.41,0.463,0.993,0.988,0.994,0.5,0.518,0.506,-0.119,-0.114,-0.113
5500,A1_2,-0.32,0.991,1.0,1.0,0.443,0.381,0.438,0.998,0.999,0.999,0.471,0.482,0.471,-0.15,-0.146,-0.149
5500,A1_3,-0.325,0.993,1.0,1.0,0.441,0.377,0.434,0.999,0.999,0.999,0.467,0.481,0.469,-0.139,-0.134,-0.137
5500,B1_1,-0.347,0.48,0.443,0.441,1.0,0.973,0.971,0.438,0.434,0.45,0.985,0.994,0.996,-0.398,-0.384,-0.384
5500,B1_2,-0.292,0.41,0.381,0.377,0.973,1.0,0.982,0.375,0.375,0.385,0.992,0.976,0.981,-0.476,-0.458,-0.461
5500,B1_3,-0.392,0.463,0.438,0.434,0.971,0.982,1.0,0.425,0.434,0.436,0.985,0.967,0.969,-0.389,-0.37,-0.374
5500,A2_1,-0.299,0.993,0.998,0.999,0.438,0.375,0.425,1.0,0.997,0.999,0.465,0.481,0.469,-0.144,-0.141,-0.143
5500,A2_2,-0.32,0.988,0.999,0.999,0.434,0.375,0.434,0.997,1.0,0.997,0.466,0.473,0.463,-0.149,-0.146,-0.149
5500,A2_3,-0.297,0.994,0.999,0.999,0.45,0.385,0.436,0.999,0.997,1.0,0.476,0.49,0.479,-0.163,-0.16,-0.161
5500,B2_1,-0.293,0.5,0.471,0.467,0.985,0.992,0.985,0.465,0.466,0.476,1.0,0.986,0.992,-0.466,-0.453,-0.453
5500,B2_2,-0.343,0.518,0.482,0.481,0.994,0.976,0.967,0.481,0.473,0.49,0.986,1.0,0.997,-0.407,-0.391,-0.394
5500,B2_3,-0.312,0.506,0.471,0.469,0.996,0.981,0.969,0.469,0.463,0.479,0.992,0.997,1.0,-0.435,-0.422,-0.423
5500,y1,-0.363,-0.119,-0.15,-0.139,-0.398,-0.476,-0.389,-0.144,-0.149,-0.163,-0.466,-0.407,-0.435,1.0,0.996,0.997
5500,y2,-0.411,-0.114,-0.146,-0.134,-0.384,-0.458,-0.37,-0.141,-0.146,-0.16,-0.453,-0.391,-0.422,0.996,1.0,0.999
5500,y3,-0.394,-0.113,-0.149,-0.137,-0.384,-0.461,-0.374,-0.143,-0.149,-0.161,-0.453,-0.394,-0.423,0.997,0.999,1.0
6000,.,1.0,0.31,0.269,0.275,0.065,0.025,0.045,0.256,0.273,0.227,0.083,0.082,0.062,0.02,-0.006,-0.003
6000,A1_1,0.31,1.0,0.963,0.955,0.406,0.327,0.355,0.962,0.945,0.948,0.447,0.446,0.413,0.186,0.194,0.166
6000,A1_2,0.269,0.963,1.0,0.999,0.323,0.241,0.273,0.998,0.997,0.997,0.387,0.386,0.341,0.302,0.306,0.277
6000,A1_3,0.275,0.955,0.999,1.0,0.338,0.255,0.288,0.997,0.998,0.997,0.404,0.403,0.358,0.307,0.309,0.279
6000,B1_1,0.065,0.406,0.323,0.338,1.0,0.983,0.977,0.341,0.32,0.298,0.986,0.987,0.998,-0.1,-0.085,-0.107
6000,B1_2,0.025,0.327,0.241,0.255,0.983,1.0,0.993,0.266,0.231,0.22,0.946,0.95,0.981,-0.1,-0.087,-0.102
6000,B1_3,0.045,0.355,0.273,0.288,0.977,0.993,1.0,0.297,0.266,0.254,0.932,0.938,0.975,-0.08,-0.073,-0.089
6000,A2_1,0.256,0.962,0.998,0.997,0.341,0.266,0.297,1.0,0.991,0.995,0.402,0.402,0.36,0.272,0.276,0.249
6000,A2_2,0.273,0.945,0.997,0.998,0.32,0.231,0.266,0.991,1.0,0.995,0.389,0.388,0.339,0.334,0.336,0.306
6000,A2_3,0.227,0.948,0.997,0.997,0.298,0.22,0.254,0.995,0.995,1.0,0.363,0.362,0.319,0.335,0.338,0.309
6000,B2_1,0.083,0.447,0.387,0.404,0.986,0.946,0.932,0.402,0.389,0.363,1.0,1.0,0.989,-0.096,-0.078,-0.104
6000,B2_2,0.082,0.446,0.386,0.403,0.987,0.95,0.938,0.402,0.388,0.362,1.0,1.0,0.991,-0.095,-0.078,-0.103
6000,B2_3,0.062,0.413,0.341,0.358,0.998,0.981,0.975,0.36,0.339,0.319,0.989,0.991,1.0,-0.101,-0.087,-0.109
6000,y1,0.02,0.186,0.302,0.307,-0.1,-0.1,-0.08,0.272,0.334,0.335,-0.096,-0.095,-0.101,1.0,0.997,0.995
6000,y2,-0.006,0.194,0.306,0.309,-0.085,-0.087,-0.073,0.276,0.336,0.338,-0.078,-0.078,-0.087,0.997,1.0,0.999
6000,y3,-0.003,0.166,0.277,0.279,-0.107,-0.102,-0.089,0.249,0.306,0.309,-0.104,-0.103,-0.109,0.995,0.999,1.0
6500,.,1.0,-0.463,-0.534,-0.505,-0.354,-0.343,-0.386,-0.478,-0.478,-0.517,-0.339,-0.308,-0.328,-0.299,-0.318,-0.307
6500,A1_1,-0.463,1.0,0.981,0.988,0.42,0.365,0.405,0.992,0.976,0.991,0.404,0.423,0.437,0.008,0.009,0.011
6500,A1_2,-0.534,0.981,1.0,0.993,0.355,0.3,0.354,0.986,0.977,0.994,0.334,0.344,0.363,0.038,0.04,0.041
6500,A1_3,-0.505,0.988,0.993,1.0,0.355,0.304,0.351,0.996,0.992,0.989,0.347,0.359,0.369,0.069,0.069,0.071
6500,B1_1,-0.354,0.42,0.355,0.355,1.0,0.989,0.991,0.347,0.404,0.359,0.989,0.989,0.997,-0.468,-0.462,-0.466
6500,B1_2,-0.343,0.365,0.3,0.304,0.989,1.0,0.991,0.299,0.353,0.303,0.994,0.992,0.992,-0.475,-0.458,-0.467
6500,B1_3,-0.386,0.405,0.354,0.351,0.991,0.991,1.0,0.338,0.404,0.349,0.99,0.982,0.987,-0.428,-0.418,-0.425
6500,A2_1,-0.478,0.992,0.986,0.996,0.347,0.299,0.338,1.0,0.982,0.991,0.341,0.357,0.365,0.057,0.059,0.061
6500,A2_2,-0.478,0.976,0.977,0.992,0.404,0.353,0.404,0.982,1.0,0.967,0.404,0.413,0.417,0.071,0.064,0.068
6500,A2_3,-0.517,0.991,0.994,0.989,0.359,0.303,0.349,0.991,0.967,1.0,0.335,0.35,0.371,0.024,0.028,0.029
6500,B2_1,-0.339,0.404,0.334,0.347,0.989,0.994,0.99,0.341,0.404,0.335,1.0,0.997,0.992,-0.421,-0.411,-0.417
6500,B2_2,-0.308,0.423,0.344,0.359,0.989,0.992,0.982,0.357,0.413,0.35,0.997,1.0,0.996,-0.449,-0.439,-0.445
6500,B2_3,-0.328,0.437,0.363,0.369,0.997,0.992,0.987,0.365,0.417,0.371,0.992,0.996,1.0,-0.473,-0.464,-0.469
6500,y1,-0.299,0.008,0.038,0.069,-0.468,-0.475,-0.428,0.057,0.071,0.024,-0.421,-0.449,-0.473,1.0,0.994,0.997
6500,y2,-0.318,0.009,0.04,0.069,-0.462,-0.458,-0.418,0.059,0.064,0.028,-0.411,-0.439,-0.464,0.994,1.0,0.999
6500,y3,-0.307,0.011,0.041,0.071,-0.466,-0.467,-0.425,0.061,0.068,0.029,-0.417,-0.445,-0.469,0.997,0.999,1.0
7000,.,1.0,-0.083,-0.08,0.048,-0.284,-0.309,-0.362,0.037,0.074,0.042,-0.286,-0.288,-0.335,0.121,0.131,0.15
7000,A1_1,-0.083,1.0,0.972,0.911,0.242,0.182,0.18,0.91,0.908,0.914,0.219,0.233,0.249,-0.38,-0.361,-0.385
7000,A1_2,-0.08,0.972,1.0,0.94,0.129,0.073,0.064,0.933,0.945,0.942,0.109,0.122,0.127,-0.271,-0.236,-0.265
7000,A1_3,0.048,0.911,0.94,1.0,0.097,0.035,-0.015,0.998,0.997,0.999,0.08,0.087,0.041,-0.088,-0.06,-0.086
7000,B1_1,-0.284,0.242,0.129,0.097,1.0,0.996,0.984,0.116,0.09,0.116,0.999,0.999,0.985,-0.588,-0.606,-0.627
7000,B1_2,-0.309,0.182,0.073,0.035,0.996,1.0,0.991,0.056,0.024,0.055,0.998,0.998,0.986,-0.603,-0.62,-0.642
7000,B1_3,-0.362,0.18,0.064,-0.015,0.984,0.991,1.0,0.004,-0.024,0.005,0.985,0.987,0.996,-0.652,-0.67,-0.691
7000,A2_1,0.037,0.91,0.933,0.998,0.116,0.056,0.004,1.0,0.99,0.999,0.101,0.107,0.06,-0.114,-0.088,-0.113
7000,A2_2,0.074,0.908,0.945,0.997,0.09,0.024,-0.024,0.99,1.0,0.995,0.07,0.078,0.033,-0.067,-0.038,-0.064
7000,A2_3,0.042,0.914,0.942,0.999,0.116,0.055,0.005,0.999,0.995,1.0,0.1,0.106,0.061,-0.115,-0.088,-0.113
7000,B2_1,-0.286,0.219,0.109,0.08,0.999,0.998,0.985,0.101,0.07,0.1,1.0,1.0,0.983,-0.599,-0.615,-0.637
7000,B2_2,-0.288,0.233,0.122,0.087,0.999,0.998,0.987,0.107,0.078,0.106,1.0,1.0,0.987,-0.607,-0.624,-0.645
7000,B2_3,-0.335,0.249,0.127,0.041,0.985,0.986,0.996,0.06,0.033,0.061,0.983,0.987,1.0,-0.679,-0.696,-0.717
7000,y1,0.121,-0.38,-0.271,-0.088,-0.588,-0.603,-0.652,-0.114,-0.067,-0.115,-0.599,-0.607,-0.679,1.0,0.995,0.996
7000,y2,0.131,-0.361,-0.236,-0.06,-0.606,-0.62,-0.67,-0.088,-0.038,-0.088,-0.615,-0.624,-0.696,0.995,1.0,0.998
7000,y3,0.15,-0.385,-0.265,-0.086,-0.627,-0.642,-0.691,-0.113,-0.064,-0.113,-0.637,-0.645,-0.717,0.996,0.998,1.0
7500,.,1.0,0.128,0.179,0.14,-0.364,-0.382,-0.385,0.133,0.2,0.161,-0.394,-0.371,-0.392,-0.169,-0.148,-0.198
7500,A1_1,0.128,1.0,0.986,0.987,0.086,0.05,0.061,0.987,0.98,0.99,0.048,0.09,0.057,-0.047,-0.091,-0.058
7500,A1_2,0.179,0.986,1.0,0.995,-0.017,-0.048,-0.044,0.992,0.999,0.997,-0.058,-0.017,-0.05,0.075,0.033,0.06
7500,A1_3,0.14,0.987,0.995,1.0,-0.03,-0.058,-0.056,0.999,0.989,0.997,-0.07,-0.03,-0.062,0.087,0.047,0.076
7500,B1_1,-0.364,0.086,-0.017,-0.03,1.0,0.996,0.999,-0.016,-0.014,0.007,0.997,0.998,0.997,-0.561,-0.569,-0.531
7500,B1_2,-0.382,0.05,-0.048,-0.058,0.996,1.0,0.995,-0.042,-0.047,-0.021,0.995,0.99,0.994,-0.546,-0.551,-0.513
7500,B1_3,-0.385,0.061,-0.044,-0.056,0.999,0.995,1.0,-0.042,-0.042,-0.02,1.0,0.999,1.0,-0.58,-0.587,-0.55
7500,A2_1,0.133,0.987,0.992,0.999,-0.016,-0.042,-0.042,1.0,0.984,0.997,-0.055,-0.017,-0.048,0.071,0.033,0.062
7500,A2_2,0.2,0.98,0.999,0.989,-0.014,-0.047,-0.042,0.984,1.0,0.993,-0.056,-0.014,-0.048,0.074,0.03,0.057
7500,A2_3,0.161,0.99,0.997,0.997,0.007,-0.021,-0.02,0.997,0.993,1.0,-0.034,0.006,-0.026,0.047,0.005,0.035
7500,B2_1,-0.394,0.048,-0.058,-0.07,0.997,0.995,1.0,-0.055,-0.056,-0.034,1.0,0.997,1.0,-0.588,-0.595,-0.558
7500,B2_2,-0.371,0.09,-0.017,-0.03,0.998,0.99,0.999,-0.017,-0.014,0.006,0.997,1.0,0.998,-0.582,-0.591,-0.553
7500,B2_3,-0.392,0.057,-0.05,-0.062,0.997,0.994,1.0,-0.048,-0.048,-0.026,1.0,0.998,1.0,-0.589,-0.596,-0.558
7500,y1,-0.169,-0.047,0.075,0.087,-0.561,-0.546,-0.58,0.071,0.074,0.047,-0.588,-0.582,-0.589,1.0,0.994,0.996
7500,y2,-0.148,-0.091,0.033,0.047,-0.569,-0.551,-0.587,0.033,0.03,0.005,-0.595,-0.591,-0.596,0.994,1.0,0.997
7500,y3,-0.198,-0.058,0.06,0.076,-0.531,-0.513,-0.55,0.062,0.057,0.035,-0.558,-0.553,-0.558,0.996,0.997,1.0
8000,.,1.0,0.079,0.097,0.058,-0.348,-0.37,-0.416,0.063,0.056,0.07,-0.305,-0.346,-0.34,-0.17,-0.244,-0.257
8000,A1_1,0.079,1.0,0.911,0.88,0.155,0.04,0.022,0.809,0.808,0.847,0.072,0.079,0.101,-0.13,-0.262,-0.198
8000,A1_2,0.097,0.911,1.0,0.748,-0.011,-0.093,-0.107,0.637,0.642,0.703,-0.077,-0.06,-0.033,-0.085,-0.215,-0.173
8000,A1_3,0.058,0.88,0.748,1.0,-0.017,-0.122,-0.105,0.988,0.989,0.996,-0.097,-0.116,-0.113,0.167,0.075,0.135
8000,B1_1,-0.348,0.155,-0.011,-0.017,1.0,0.966,0.974,-0.016,-0.035,-0.036,0.964,0.961,0.957,-0.592,-0.529,-0.507
8000,B1_2,-0.37,0.04,-0.093,-0.122,0.966,1.0,0.947,-0.117,-0.139,-0.13,0.996,0.995,0.99,-0.673,-0.591,-0.578
8000,B1_3,-0.416,0.022,-0.107,-0.105,0.974,0.947,1.0,-0.096,-0.11,-0.124,0.929,0.923,0.914,-0.491,-0.402,-0.385
8000,A2_1,0.063,0.809,0.637,0.988,-0.016,-0.117,-0.096,1.0,0.999,0.994,-0.09,-0.118,-0.122,0.205,0.128,0.187
8000,A2_2,0.056,0.808,0.642,0.989,-0.035,-0.139,-0.11,0.999,1.0,0.994,-0.114,-0.141,-0.145,0.229,0.151,0.211
8000,A2_3,0.07,0.847,0.703,0.996,-0.036,-0.13,-0.124,0.994,0.994,1.0,-0.102,-0.126,-0.126,0.185,0.097,0.155
8000,B2_1,-0.305,0.072,-0.077,-0.097,0.964,0.996,0.929,-0.09,-0.114,-0.102,1.0,0.996,0.992,-0.706,-0.633,-0.619
8000,B2_2,-0.346,0.079,-0.06,-0.116,0.961,0.995,0.923,-0.118,-0.141,-0.126,0.996,1.0,0.998,-0.719,-0.65,-0.636
8000,B2_3,-0.34,0.101,-0.033,-0.113,0.957,0.99,0.914,-0.122,-0.145,-0.126,0.992,0.998,1.0,-0.738,-0.672,-0.658
8000,y1,-0.17,-0.13,-0.085,0.167,-0.592,-0.673,-0.491,0.205,0.229,0.185,-0.706,-0.719,-0.738,1.0,0.979,0.985
8000,y2,-0.244,-0.262,-0.215,0.075,-0.529,-0.591,-0.402,0.128,0.151,0.097,-0.633,-0.65,-0.672,0.979,1.0,0.996
8000,y3,-0.257,-0.198,-0.173,0.135,-0.507,-0.578,-0.385,0.187,0.211,0.155,-0.619,-0.636,-0.658,0.985,0.996,1.0
8500,.,1.0,-0.211,-0.22,-0.182,-0.069,-0.061,-0.052,-0.182,-0.204,-0.138,-0.109,-0.078,-0.057,-0.685,-0.711,-0.717
8500,A1_1,-0.211,1.0,0.984,0.98,0.173,0.175,0.164,0.98,0.981,0.903,0.135,0.154,0.19,-0.077,-0.074,-0.073
8500,A1_2,-0.22,0.984,1.0,0.992,0.11,0.113,0.104,0.987,0.992,0.899,0.075,0.092,0.127,-0.043,-0.038,-0.037
8500,A1_3,-0.182,0.98,0.992,1.0,0.146,0.147,0.14,0.994,0.997,0.921,0.114,0.132,0.161,-0.056,-0.049,-0.048
8500,B1_1,-0.069,0.173,0.11,0.146,1.0,0.999,0.997,0.152,0.142,0.254,0.977,0.987,0.999,-0.196,-0.132,-0.132
8500,B1_2,-0.061,0.175,0.113,0.147,0.999,1.0,0.998,0.154,0.145,0.245,0.971,0.983,0.999,-0.197,-0.132,-0.132
8500,B1_3,-0.052,0.164,0.104,0.14,0.997,0.998,1.0,0.143,0.135,0.254,0.978,0.989,0.998,-0.182,-0.117,-0.117
8500,A2_1,-0.182,0.98,0.987,0.994,0.152,0.154,0.143,1.0,0.998,0.884,0.114,0.131,0.168,-0.119,-0.11,-0.109
8500,A2_2,-0.204,0.981,0.992,0.997,0.142,0.145,0.135,0.998,1.0,0.894,0.105,0.123,0.158,-0.071,-0.063,-0.063
8500,A2_3,-0.138,0.903,0.899,0.921,0.254,0.245,0.254,0.884,0.894,1.0,0.27,0.281,0.262,0.028,0.03,0.029
8500,B2_1,-0.109,0.135,0.075,0.114,0.977,0.971,0.978,0.114,0.105,0.27,1.0,0.997,0.975,-0.167,-0.105,-0.103
8500,B2_2,-0.078,0.154,0.092,0.132,0.987,0.983,0.989,0.131,0.123,0.281,0.997,1.0,0.986,-0.174,-0.111,-0.111
8500,B2_3,-0.057,0.19,0.127,0.161,0.999,0.999,0.998,0.168,0.158,0.262,0.975,0.986,1.0,-0.213,-0.148,-0.148
8500,y1,-0.685,-0.077,-0.043,-0.056,-0.196,-0.197,-0.182,-0.119,-0.071,0.028,-0.167,-0.174,-0.213,1.0,0.996,0.996
8500,y2,-0.711,-0.074,-0.038,-0.049,-0.132,-0.132,-0.117,-0.11,-0.063,0.03,-0.105,-0.111,-0.148,0.996,1.0,1.0
8500,y3,-0.717,-0.073,-0.037,-0.048,-0.132,-0.132,-0.117,-0.109,-0.063,0.029,-0.103,-0.111,-0.148,0.996,1.0,1.0
9000,.,1.0,0.051,-0.142,-0.028,-0.02,-0.052,-0.173,-0.186,-0.183,-0.211,-0.049,-0.037,0.007,-0.6,-0.635,-0.623
9000,A1_1,0.051,1.0,0.917,0.974,-0.157,-0.155,-0.119,0.872,0.897,0.835,-0.144,-0.111,-0.098,-0.015,-0.047,0.007
9000,A1_2,-0.142,0.917,1.0,0.974,-0.069,-0.072,-0.06,0.995,0.998,0.978,-0.048,-0.024,-0.019,0.149,0.138,0.186
9000,A1_3,-0.028,0.974,0.974,1.0,-0.12,-0.122,-0.121,0.948,0.958,0.927,-0.099,-0.075,-0.065,0.109,0.087,0.135
9000,B1_1,-0.02,-0.157,-0.069,-0.12,1.0,0.995,0.94,-0.046,-0.067,-0.049,0.977,0.98,0.996,-0.112,-0.06,-0.095
9000,B1_2,-0.052,-0.155,-0.072,-0.122,0.995,1.0,0.959,-0.049,-0.068,-0.051,0.987,0.99,0.996,-0.129,-0.076,-0.111
9000,B1_3,-0.173,-0.119,-0.06,-0.121,0.94,0.959,1.0,-0.043,-0.047,-0.064,0.928,0.943,0.945,-0.178,-0.123,-0.148
9000,A2_1,-0.186,0.872,0.995,0.948,-0.046,-0.049,-0.043,1.0,0.997,0.99,-0.023,-0.002,0.002,0.188,0.184,0.228
9000,A2_2,-0.183,0.897,0.998,0.958,-0.067,-0.068,-0.047,0.997,1.0,0.979,-0.048,-0.023,-0.017,0.151,0.144,0.191
9000,A2_3,-0.211,0.835,0.978,0.927,-0.049,-0.051,-0.064,0.99,0.979,1.0,-0.005,0.007,-0.004,0.238,0.233,0.271
9000,B2_1,-0.049,-0.144,-0.048,-0.099,0.977,0.987,0.928,-0.023,-0.048,-0.005,1.0,0.998,0.982,-0.129,-0.078,-0.118
9000,B2_2,-0.037,-0.111,-0.024,-0.075,0.98,0.99,0.943,-0.002,-0.023,0.007,0.998,1.0,0.988,-0.173,-0.122,-0.159
9000,B2_3,0.007,-0.098,-0.019,-0.065,0.996,0.996,0.945,0.002,-0.017,-0.004,0.982,0.988,1.0,-0.159,-0.108,-0.14
9000,y1,-0.6,-0.015,0.149,0.109,-0.112,-0.129,-0.178,0.188,0.151,0.238,-0.129,-0.173,-0.159,1.0,0.996,0.996
9000,y2,-0.635,-0.047,0.138,0.087,-0.06,-0.076,-0.123,0.184,0.144,0.233,-0.078,-0.122,-0.108,0.996,1.0,0.996
9000,y3,-0.623,0.007,0.186,0.135,-0.095,-0.111,-0.148,0.228,0.191,0.271,-0.118,-0.159,-0.14,0.996,0.996,1.0
9500,.,1.0,0.069,0.027,0.028,-0.146,-0.057,-0.098,0.051,0.031,0.037,-0.11,-0.071,-0.133,-0.32,-0.464,-0.393
9500,A1_1,0.069,1.0,0.975,0.968,-0.059,0.071,0.064,0.968,0.961,0.971,0.035,0.046,0.035,0.047,0.085,0.094
9500,A1_2,0.027,0.975,1.0,0.994,-0.044,0.063,0.057,0.963,0.959,0.962,0.022,0.039,0.016,0.084,0.129,0.128
9500,A1_3,0.028,0.968,0.994,1.0,0.007,0.105,0.096,0.973,0.97,0.973,0.054,0.077,0.043,0.138,0.189,0.181
9500,B1_1,-0.146,-0.059,-0.044,0.007,1.0,0.952,0.944,-0.041,-0.044,-0.035,0.947,0.959,0.93,-0.064,0.017,-0.004
9500,B1_2,-0.057,0.071,0.063,0.105,0.952,1.0,0.995,0.075,0.074,0.081,0.984,0.989,0.973,-0.159,-0.069,-0.063
9500,B1_3,-0.098,0.064,0.057,0.096,0.944,0.995,1.0,0.066,0.065,0.072,0.983,0.986,0.973,-0.159,-0.066,-0.058
9500,A2_1,0.051,0.968,0.963,0.973,-0.041,0.075,0.066,1.0,0.999,0.999,0.027,0.052,0.013,0.182,0.237,0.241
9500,A2_2,0.031,0.961,0.959,0.97,-0.044,0.074,0.065,0.999,1.0,0.998,0.027,0.051,0.013,0.187,0.249,0.251
9500,A2_3,0.037,0.971,0.962,0.973,-0.035,0.081,0.072,0.999,0.998,1.0,0.034,0.057,0.022,0.18,0.238,0.239
9500,B2_1,-0.11,0.035,0.022,0.054,0.947,0.984,0.983,0.027,0.027,0.034,1.0,0.996,0.997,-0.274,-0.17,-0.173
9500,B2_2,-0.071,0.046,0.039,0.077,0.959,0.989,0.986,0.052,0.051,0.057,0.996,1.0,0.987,-0.229,-0.131,-0.132
9500,B2_3,-0.133,0.035,0.016,0.043,0.93,0.973,0.973,0.013,0.013,0.022,0.997,0.987,1.0,-0.318,-0.209,-0.214
9500,y1,-0.32,0.047,0.084,0.138,-0.064,-0.159,-0.159,0.182,0.187,0.18,-0.274,-0.229,-0.318,1.0,0.974,0.981
9500,y2,-0.464,0.085,0.129,0.189,0.017,-0.069,-0.066,0.237,0.249,0.238,-0.17,-0.131,-0.209,0.974,1.0,0.987
9500,y3,-0.393,0.094,0.128,0.181,-0.004,-0.063,-0.058,0.241,0.251,0.239,-0.173,-0.132,-0.214,0.981,0.987,1.0
10000,.,1.0,0.077,0.028,0.043,-0.198,-0.207,-0.201,0.056,0.06,0.036,-0.269,-0.24,-0.345,-0.329,-0.381,-0.365
10000,A1_1,0.077,1.0,0.989,0.989,0.07,0.072,0.084,0.987,0.985,0.991,0.046,0.069,-0.013,0.179,0.172,0.176
10000,A1_2,0.028,0.989,1.0,0.999,0.018,0.019,0.033,0.998,0.997,0.999,-0.003,0.019,-0.055,0.212,0.208,0.213
10000,A1_3,0.043,0.989,0.999,1.0,0.018,0.021,0.034,0.999,0.998,1.0,-0.011,0.014,-0.074,0.234,0.229,0.234
10000,B1_1,-0.198,0.07,0.018,0.018,1.0,0.999,0.998,0.031,0.035,0.019,0.979,0.99,0.899,-0.195,-0.158,-0.16
10000,B1_2,-0.207,0.072,0.019,0.021,0.999,1.0,0.999,0.033,0.037,0.022,0.977,0.99,0.894,-0.185,-0.148,-0.151
10000,B1_3,-0.201,0.084,0.033,0.034,0.998,0.999,1.0,0.046,0.05,0.035,0.981,0.993,0.901,-0.202,-0.164,-0.166
10000,A2_1,0.056,0.987,0.998,0.999,0.031,0.033,0.046,1.0,1.0,0.998,0.0,0.026,-0.065,0.226,0.221,0.227
10000,A2_2,0.06,0.985,0.997,0.998,0.035,0.037,0.05,1.0,1.0,0.997,0.004,0.03,-0.062,0.223,0.218,0.225
10000,A2_3,0.036,0.991,0.999,1.0,0.019,0.022,0.035,0.998,0.997,1.0,-0.007,0.017,-0.067,0.226,0.222,0.227
10000,B2_1,-0.269,0.046,-0.003,-0.011,0.979,0.977,0.981,0.0,0.004,-0.007,1.0,0.997,0.968,-0.303,-0.261,-0.264
10000,B2_2,-0.24,0.069,0.019,0.014,0.99,0.99,0.993,0.026,0.03,0.017,0.997,1.0,0.945,-0.269,-0.229,-0.232
10000,B2_3,-0.345,-0.013,-0.055,-0.074,0.899,0.894,0.901,-0.065,-0.062,-0.067,0.968,0.945,1.0,-0.411,-0.367,-0.37
10000,y1,-0.329,0.179,0.212,0.234,-0.195,-0.185,-0.202,0.226,0.223,0.226,-0.303,-0.269,-0.411,1.0,0.997,0.997
10000,y2,-0.381,0.172,0.208,0.229,-0.158,-0.148,-0.164,0.221,0.218,0.222,-0.261,-0.229,-0.367,0.997,1.0,1.0
10000,y3,-0.365,0.176,0.213,0.234,-0.16,-0.151,-0.166,0.227,0.225,0.227,-0.264,-0.232,-0.37,0.997,1.0,1.0
