,,.,A1_1,A1_2,A1_3,B1_1,B1_2,B1_3,A2_1,A2_2,A2_3,B2_1,B2_2,B2_3,y1,y2,y3
0,.,1.0,0.275,0.056,-0.033,0.076,0.076,0.049,0.112,-0.396,-0.398,-0.288,-0.484,0.197,0.085,-0.527,0.238
0,A1_1,0.275,1.0,-0.067,-0.155,-0.103,-0.138,0.06,-0.043,-0.245,-0.04,0.208,-0.267,0.052,-0.018,-0.399,0.036
0,A1_2,0.056,-0.067,1.0,0.386,0.046,-0.024,-0.3,0.37,0.471,-0.43,0.231,-0.209,-0.074,0.506,-0.191,0.357
0,A1_3,-0.033,-0.155,0.386,1.0,0.38,0.093,-0.353,0.017,0.622,-0.315,-0.205,0.116,0.018,0.182,0.247,-0.027
0,B1_1,0.076,-0.103,0.046,0.38,1.0,0.325,-0.426,0.345,0.029,-0.363,-0.243,0.359,0.025,-0.353,-0.413,-0.329
0,B1_2,0.076,-0.138,-0.024,0.093,0.325,1.0,-0.372,0.054,-0.063,0.122,-0.062,0.03,-0.269,-0.407,-0.251,0.313
0,B1_3,0.049,0.06,-0.3,-0.353,-0.426,-0.372,1.0,0.027,-0.429,0.395,-0.015,0.331,0.11,0.085,0.172,-0.248
0,A2_1,0.112,-0.043,0.37,0.017,0.345,0.054,0.027,1.0,-0.358,-0.428,0.07,0.179,0.21,-0.095,-0.37,-0.304
0,A2_2,-0.396,-0.245,0.471,0.622,0.029,-0.063,-0.429,-0.358,1.0,0.014,0.013,0.15,-0.239,0.198,0.339,0.223
0,A2_3,-0.398,-0.04,-0.43,-0.315,-0.363,0.122,0.395,-0.428,0.014,1.0,0.033,0.429,-0.312,-0.243,0.269,-0.013
0,B2_1,-0.288,0.208,0.231,-0.205,-0.243,-0.062,-0.015,0.07,0.013,0.033,1.0,-0.122,-0.209,0.269,0.281,0.262
0,B2_2,-0.484,-0.267,-0.209,0.116,0.359,0.03,0.331,0.179,0.15,0.429,-0.122,1.0,-0.124,-0.455,0.114,-0.519
0,B2_3,0.197,0.052,-0.074,0.018,0.025,-0.269,0.11,0.21,-0.239,-0.312,-0.209,-0.124,1.0,0.036,-0.065,0.086
0,y1,0.085,-0.018,0.506,0.182,-0.353,-0.407,0.085,-0.095,0.198,-0.243,0.269,-0.455,0.036,1.0,0.327,0.198
0,y2,-0.527,-0.399,-0.191,0.247,-0.413,-0.251,0.172,-0.37,0.339,0.269,0.281,0.114,-0.065,0.327,1.0,-0.109
0,y3,0.238,0.036,0.357,-0.027,-0.329,0.313,-0.248,-0.304,0.223,-0.013,0.262,-0.519,0.086,0.198,-0.109,1.0
1,.,1.0,0.274,0.056,-0.033,0.073,0.074,0.049,0.11,-0.396,-0.397,-0.289,-0.485,0.196,0.085,-0.526,0.238
1,A1_1,0.274,1.0,-0.068,-0.154,-0.103,-0.139,0.06,-0.043,-0.245,-0.039,0.207,-0.267,0.052,-0.018,-0.398,0.036
1,A1_2,0.056,-0.068,1.0,0.386,0.046,-0.024,-0.298,0.369,0.47,-0.431,0.231,-0.208,-0.073,0.507,-0.191,0.356
1,A1_3,-0.033,-0.154,0.386,1.0,0.38,0.094,-0.351,0.017,0.621,-0.315,-0.205,0.116,0.019,0.181,0.246,-0.028
1,B1_1,0.073,-0.103,0.046,0.38,1.0,0.326,-0.423,0.345,0.029,-0.363,-0.242,0.36,0.026,-0.352,-0.412,-0.33
1,B1_2,0.074,-0.139,-0.024,0.094,0.326,1.0,-0.37,0.054,-0.063,0.122,-0.062,0.032,-0.269,-0.406,-0.249,0.312
1,B1_3,0.049,0.06,-0.298,-0.351,-0.423,-0.37,1.0,0.028,-0.427,0.395,-0.012,0.333,0.111,0.086,0.173,-0.249
1,A2_1,0.11,-0.043,0.369,0.017,0.345,0.054,0.028,1.0,-0.359,-0.428,0.07,0.179,0.21,-0.095,-0.37,-0.306
1,A2_2,-0.396,-0.245,0.47,0.621,0.029,-0.063,-0.427,-0.359,1.0,0.014,0.014,0.15,-0.238,0.198,0.34,0.222
1,A2_3,-0.397,-0.039,-0.431,-0.315,-0.363,0.122,0.395,-0.428,0.014,1.0,0.033,0.428,-0.312,-0.243,0.27,-0.014
1,B2_1,-0.289,0.207,0.231,-0.205,-0.242,-0.062,-0.012,0.07,0.014,0.033,1.0,-0.12,-0.208,0.27,0.282,0.262
1,B2_2,-0.485,-0.267,-0.208,0.116,0.36,0.032,0.333,0.179,0.15,0.428,-0.12,1.0,-0.123,-0.454,0.114,-0.518
1,B2_3,0.196,0.052,-0.073,0.019,0.026,-0.269,0.111,0.21,-0.238,-0.312,-0.208,-0.123,1.0,0.037,-0.065,0.086
1,y1,0.085,-0.018,0.507,0.181,-0.352,-0.406,0.086,-0.095,0.198,-0.243,0.27,-0.454,0.037,1.0,0.327,0.198
1,y2,-0.526,-0.398,-0.191,0.246,-0.412,-0.249,0.173,-0.37,0.34,0.27,0.282,0.114,-0.065,0.327,1.0,-0.109
1,y3,0.238,0.036,0.356,-0.028,-0.33,0.312,-0.249,-0.306,0.222,-0.014,0.262,-0.518,0.086,0.198,-0.109,1.0
2,.,1.0,0.275,0.055,-0.031,0.072,0.072,0.049,0.109,-0.395,-0.397,-0.291,-0.485,0.195,0.085,-0.526,0.239
2,A1_1,0.275,1.0,-0.069,-0.153,-0.103,-0.14,0.06,-0.042,-0.246,-0.039,0.207,-0.267,0.051,-0.018,-0.397,0.035
2,A1_2,0.055,-0.069,1.0,0.386,0.046,-0.024,-0.297,0.368,0.469,-0.432,0.232,-0.207,-0.072,0.507,-0.19,0.355
2,A1_3,-0.031,-0.153,0.386,1.0,0.38,0.094,-0.348,0.017,0.621,-0.315,-0.204,0.117,0.02,0.18,0.246,-0.029
2,B1_1,0.072,-0.103,0.046,0.38,1.0,0.326,-0.42,0.344,0.029,-0.362,-0.241,0.362,0.027,-0.352,-0.411,-0.331
2,B1_2,0.072,-0.14,-0.024,0.094,0.326,1.0,-0.369,0.054,-0.062,0.122,-0.061,0.033,-0.269,-0.405,-0.247,0.311
2,B1_3,0.049,0.06,-0.297,-0.348,-0.42,-0.369,1.0,0.029,-0.426,0.395,-0.01,0.335,0.111,0.087,0.173,-0.249
2,A2_1,0.109,-0.042,0.368,0.017,0.344,0.054,0.029,1.0,-0.36,-0.429,0.07,0.18,0.211,-0.096,-0.369,-0.307
2,A2_2,-0.395,-0.246,0.469,0.621,0.029,-0.062,-0.426,-0.36,1.0,0.014,0.014,0.15,-0.237,0.198,0.341,0.222
2,A2_3,-0.397,-0.039,-0.432,-0.315,-0.362,0.122,0.395,-0.429,0.014,1.0,0.033,0.428,-0.311,-0.243,0.271,-0.014
2,B2_1,-0.291,0.207,0.232,-0.204,-0.241,-0.061,-0.01,0.07,0.014,0.033,1.0,-0.117,-0.207,0.271,0.284,0.261
2,B2_2,-0.485,-0.267,-0.207,0.117,0.362,0.033,0.335,0.18,0.15,0.428,-0.117,1.0,-0.122,-0.453,0.115,-0.518
2,B2_3,0.195,0.051,-0.072,0.02,0.027,-0.269,0.111,0.211,-0.237,-0.311,-0.207,-0.122,1.0,0.037,-0.064,0.086
2,y1,0.085,-0.018,0.507,0.18,-0.352,-0.405,0.087,-0.096,0.198,-0.243,0.271,-0.453,0.037,1.0,0.327,0.199
2,y2,-0.526,-0.397,-0.19,0.246,-0.411,-0.247,0.173,-0.369,0.341,0.271,0.284,0.115,-0.064,0.327,1.0,-0.108
2,y3,0.239,0.035,0.355,-0.029,-0.331,0.311,-0.249,-0.307,0.222,-0.014,0.261,-0.518,0.086,0.199,-0.108,1.0
3,.,1.0,0.275,0.055,-0.031,0.07,0.07,0.049,0.108,-0.395,-0.397,-0.292,-0.486,0.193,0.085,-0.525,0.238
3,A1_1,0.275,1.0,-0.07,-0.153,-0.104,-0.141,0.06,-0.041,-0.246,-0.039,0.206,-0.268,0.051,-0.018,-0.396,0.034
3,A1_2,0.055,-0.07,1.0,0.386,0.047,-0.024,-0.296,0.367,0.469,-0.433,0.233,-0.207,-0.071,0.507,-0.189,0.354
3,A1_3,-0.031,-0.153,0.386,1.0,0.38,0.095,-0.347,0.017,0.621,-0.315,-0.203,0.117,0.021,0.18,0.246,-0.03
3,B1_1,0.07,-0.104,0.047,0.38,1.0,0.326,-0.417,0.344,0.029,-0.362,-0.239,0.364,0.027,-0.351,-0.411,-0.331
3,B1_2,0.07,-0.141,-0.024,0.095,0.326,1.0,-0.368,0.053,-0.062,0.122,-0.061,0.034,-0.269,-0.404,-0.245,0.31
3,B1_3,0.049,0.06,-0.296,-0.347,-0.417,-0.368,1.0,0.03,-0.424,0.396,-0.008,0.337,0.112,0.087,0.173,-0.249
3,A2_1,0.108,-0.041,0.367,0.017,0.344,0.053,0.03,1.0,-0.361,-0.429,0.071,0.18,0.211,-0.096,-0.369,-0.308
3,A2_2,-0.395,-0.246,0.469,0.621,0.029,-0.062,-0.424,-0.361,1.0,0.014,0.015,0.15,-0.237,0.197,0.342,0.221
3,A2_3,-0.397,-0.039,-0.433,-0.315,-0.362,0.122,0.396,-0.429,0.014,1.0,0.033,0.427,-0.31,-0.243,0.272,-0.014
3,B2_1,-0.292,0.206,0.233,-0.203,-0.239,-0.061,-0.008,0.071,0.015,0.033,1.0,-0.115,-0.206,0.272,0.285,0.261
3,B2_2,-0.486,-0.268,-0.207,0.117,0.364,0.034,0.337,0.18,0.15,0.427,-0.115,1.0,-0.121,-0.452,0.115,-0.518
3,B2_3,0.193,0.051,-0.071,0.021,0.027,-0.269,0.112,0.211,-0.237,-0.31,-0.206,-0.121,1.0,0.038,-0.063,0.086
3,y1,0.085,-0.018,0.507,0.18,-0.351,-0.404,0.087,-0.096,0.197,-0.243,0.272,-0.452,0.038,1.0,0.327,0.2
3,y2,-0.525,-0.396,-0.189,0.246,-0.411,-0.245,0.173,-0.369,0.342,0.272,0.285,0.115,-0.063,0.327,1.0,-0.107
3,y3,0.238,0.034,0.354,-0.03,-0.331,0.31,-0.249,-0.308,0.221,-0.014,0.261,-0.518,0.086,0.2,-0.107,1.0
4,.,1.0,0.275,0.054,-0.031,0.068,0.069,0.049,0.107,-0.395,-0.396,-0.294,-0.487,0.191,0.085,-0.525,0.238
4,A1_1,0.275,1.0,-0.071,-0.152,-0.104,-0.142,0.06,-0.041,-0.247,-0.038,0.205,-0.268,0.051,-0.018,-0.395,0.034
4,A1_2,0.054,-0.071,1.0,0.385,0.047,-0.023,-0.295,0.366,0.468,-0.434,0.233,-0.206,-0.071,0.507,-0.189,0.353
4,A1_3,-0.031,-0.152,0.385,1.0,0.38,0.095,-0.345,0.016,0.621,-0.315,-0.202,0.117,0.022,0.179,0.246,-0.031
4,B1_1,0.068,-0.104,0.047,0.38,1.0,0.327,-0.414,0.343,0.029,-0.361,-0.238,0.365,0.028,-0.35,-0.411,-0.332
4,B1_2,0.069,-0.142,-0.023,0.095,0.327,1.0,-0.366,0.053,-0.062,0.122,-0.061,0.036,-0.27,-0.403,-0.244,0.31
4,B1_3,0.049,0.06,-0.295,-0.345,-0.414,-0.366,1.0,0.031,-0.423,0.396,-0.005,0.339,0.113,0.087,0.174,-0.25
4,A2_1,0.107,-0.041,0.366,0.016,0.343,0.053,0.031,1.0,-0.362,-0.429,0.071,0.18,0.211,-0.096,-0.369,-0.309
4,A2_2,-0.395,-0.247,0.468,0.621,0.029,-0.062,-0.423,-0.362,1.0,0.014,0.015,0.151,-0.236,0.197,0.343,0.221
4,A2_3,-0.396,-0.038,-0.434,-0.315,-0.361,0.122,0.396,-0.429,0.014,1.0,0.033,0.427,-0.31,-0.243,0.272,-0.014
4,B2_1,-0.294,0.205,0.233,-0.202,-0.238,-0.061,-0.005,0.071,0.015,0.033,1.0,-0.112,-0.205,0.273,0.286,0.26
4,B2_2,-0.487,-0.268,-0.206,0.117,0.365,0.036,0.339,0.18,0.151,0.427,-0.112,1.0,-0.119,-0.45,0.115,-0.517
4,B2_3,0.191,0.051,-0.071,0.022,0.028,-0.27,0.113,0.211,-0.236,-0.31,-0.205,-0.119,1.0,0.039,-0.062,0.086
4,y1,0.085,-0.018,0.507,0.179,-0.35,-0.403,0.087,-0.096,0.197,-0.243,0.273,-0.45,0.039,1.0,0.328,0.2
4,y2,-0.525,-0.395,-0.189,0.246,-0.411,-0.244,0.174,-0.369,0.343,0.272,0.286,0.115,-0.062,0.328,1.0,-0.106
4,y3,0.238,0.034,0.353,-0.031,-0.332,0.31,-0.25,-0.309,0.221,-0.014,0.26,-0.517,0.086,0.2,-0.106,1.0
5,.,1.0,0.275,0.053,-0.031,0.066,0.067,0.049,0.105,-0.396,-0.396,-0.295,-0.488,0.19,0.086,-0.524,0.239
5,A1_1,0.275,1.0,-0.072,-0.152,-0.104,-0.143,0.06,-0.041,-0.247,-0.038,0.205,-0.268,0.05,-0.018,-0.394,0.033
5,A1_2,0.053,-0.072,1.0,0.385,0.046,-0.023,-0.294,0.365,0.467,-0.435,0.234,-0.206,-0.07,0.507,-0.188,0.352
5,A1_3,-0.031,-0.152,0.385,1.0,0.379,0.096,-0.344,0.016,0.621,-0.315,-0.201,0.117,0.023,0.178,0.245,-0.033
5,B1_1,0.066,-0.104,0.046,0.379,1.0,0.328,-0.411,0.343,0.028,-0.36,-0.236,0.367,0.029,-0.35,-0.41,-0.333
5,B1_2,0.067,-0.143,-0.023,0.096,0.328,1.0,-0.365,0.053,-0.062,0.123,-0.061,0.038,-0.27,-0.402,-0.243,0.309
5,B1_3,0.049,0.06,-0.294,-0.344,-0.411,-0.365,1.0,0.032,-0.422,0.396,-0.002,0.341,0.113,0.088,0.174,-0.25
5,A2_1,0.105,-0.041,0.365,0.016,0.343,0.053,0.032,1.0,-0.363,-0.428,0.072,0.18,0.211,-0.096,-0.368,-0.31
5,A2_2,-0.396,-0.247,0.467,0.621,0.028,-0.062,-0.422,-0.363,1.0,0.014,0.015,0.151,-0.235,0.197,0.344,0.22
5,A2_3,-0.396,-0.038,-0.435,-0.315,-0.36,0.123,0.396,-0.428,0.014,1.0,0.033,0.427,-0.309,-0.243,0.273,-0.014
5,B2_1,-0.295,0.205,0.234,-0.201,-0.236,-0.061,-0.002,0.072,0.015,0.033,1.0,-0.109,-0.204,0.274,0.287,0.26
5,B2_2,-0.488,-0.268,-0.206,0.117,0.367,0.038,0.341,0.18,0.151,0.427,-0.109,1.0,-0.118,-0.449,0.115,-0.517
5,B2_3,0.19,0.05,-0.07,0.023,0.029,-0.27,0.113,0.211,-0.235,-0.309,-0.204,-0.118,1.0,0.04,-0.061,0.085
5,y1,0.086,-0.018,0.507,0.178,-0.35,-0.402,0.088,-0.096,0.197,-0.243,0.274,-0.449,0.04,1.0,0.328,0.2
5,y2,-0.524,-0.394,-0.188,0.245,-0.41,-0.243,0.174,-0.368,0.344,0.273,0.287,0.115,-0.061,0.328,1.0,-0.105
5,y3,0.239,0.033,0.352,-0.033,-0.333,0.309,-0.25,-0.31,0.22,-0.014,0.26,-0.517,0.085,0.2,-0.105,1.0
6,.,1.0,0.275,0.053,-0.031,0.064,0.066,0.048,0.103,-0.395,-0.396,-0.296,-0.488,0.189,0.086,-0.524,0.239
6,A1_1,0.275,1.0,-0.072,-0.151,-0.105,-0.144,0.059,-0.04,-0.248,-0.037,0.204,-0.268,0.05,-0.018,-0.393,0.032
6,A1_2,0.053,-0.072,1.0,0.384,0.047,-0.022,-0.293,0.364,0.467,-0.436,0.234,-0.205,-0.07,0.508,-0.188,0.351
6,A1_3,-0.031,-0.151,0.384,1.0,0.379,0.096,-0.342,0.016,0.62,-0.315,-0.201,0.117,0.023,0.178,0.245,-0.035
6,B1_1,0.064,-0.105,0.047,0.379,1.0,0.329,-0.407,0.342,0.028,-0.36,-0.234,0.368,0.03,-0.349,-0.41,-0.333
6,B1_2,0.066,-0.144,-0.022,0.096,0.329,1.0,-0.363,0.054,-0.061,0.122,-0.06,0.04,-0.27,-0.402,-0.242,0.308
6,B1_3,0.048,0.059,-0.293,-0.342,-0.407,-0.363,1.0,0.034,-0.42,0.396,0.0,0.343,0.114,0.088,0.175,-0.251
6,A2_1,0.103,-0.04,0.364,0.016,0.342,0.054,0.034,1.0,-0.364,-0.428,0.072,0.18,0.211,-0.097,-0.368,-0.311
6,A2_2,-0.395,-0.248,0.467,0.62,0.028,-0.061,-0.42,-0.364,1.0,0.014,0.015,0.151,-0.235,0.197,0.344,0.219
6,A2_3,-0.396,-0.037,-0.436,-0.315,-0.36,0.122,0.396,-0.428,0.014,1.0,0.033,0.426,-0.309,-0.244,0.274,-0.014
6,B2_1,-0.296,0.204,0.234,-0.201,-0.234,-0.06,0.0,0.072,0.015,0.033,1.0,-0.107,-0.203,0.275,0.288,0.259
6,B2_2,-0.488,-0.268,-0.205,0.117,0.368,0.04,0.343,0.18,0.151,0.426,-0.107,1.0,-0.117,-0.449,0.115,-0.517
6,B2_3,0.189,0.05,-0.07,0.023,0.03,-0.27,0.114,0.211,-0.235,-0.309,-0.203,-0.117,1.0,0.041,-0.061,0.085
6,y1,0.086,-0.018,0.508,0.178,-0.349,-0.402,0.088,-0.097,0.197,-0.244,0.275,-0.449,0.041,1.0,0.328,0.201
6,y2,-0.524,-0.393,-0.188,0.245,-0.41,-0.242,0.175,-0.368,0.344,0.274,0.288,0.115,-0.061,0.328,1.0,-0.105
6,y3,0.239,0.032,0.351,-0.035,-0.333,0.308,-0.251,-0.311,0.219,-0.014,0.259,-0.517,0.085,0.201,-0.105,1.0
7,.,1.0,0.275,0.053,-0.031,0.062,0.065,0.048,0.101,-0.395,-0.395,-0.297,-0.489,0.187,0.086,-0.523,0.239
7,A1_1,0.275,1.0,-0.074,-0.151,-0.105,-0.145,0.059,-0.04,-0.248,-0.037,0.204,-0.268,0.049,-0.018,-0.392,0.031
7,A1_2,0.053,-0.074,1.0,0.384,0.047,-0.022,-0.292,0.364,0.466,-0.437,0.234,-0.204,-0.069,0.508,-0.187,0.35
7,A1_3,-0.031,-0.151,0.384,1.0,0.379,0.097,-0.341,0.016,0.62,-0.315,-0.201,0.117,0.024,0.177,0.244,-0.036
7,B1_1,0.062,-0.105,0.047,0.379,1.0,0.33,-0.404,0.342,0.028,-0.359,-0.233,0.369,0.031,-0.348,-0.41,-0.334
7,B1_2,0.065,-0.145,-0.022,0.097,0.33,1.0,-0.362,0.053,-0.061,0.122,-0.059,0.042,-0.27,-0.4,-0.241,0.307
7,B1_3,0.048,0.059,-0.292,-0.341,-0.404,-0.362,1.0,0.035,-0.419,0.396,0.003,0.345,0.115,0.088,0.175,-0.252
7,A2_1,0.101,-0.04,0.364,0.016,0.342,0.053,0.035,1.0,-0.365,-0.428,0.072,0.18,0.212,-0.098,-0.368,-0.312
7,A2_2,-0.395,-0.248,0.466,0.62,0.028,-0.061,-0.419,-0.365,1.0,0.014,0.014,0.151,-0.235,0.197,0.345,0.218
7,A2_3,-0.395,-0.037,-0.437,-0.315,-0.359,0.122,0.396,-0.428,0.014,1.0,0.034,0.426,-0.308,-0.244,0.274,-0.014
7,B2_1,-0.297,0.204,0.234,-0.201,-0.233,-0.059,0.003,0.072,0.014,0.034,1.0,-0.105,-0.201,0.275,0.289,0.259
7,B2_2,-0.489,-0.268,-0.204,0.117,0.369,0.042,0.345,0.18,0.151,0.426,-0.105,1.0,-0.115,-0.448,0.115,-0.516
7,B2_3,0.187,0.049,-0.069,0.024,0.031,-0.27,0.115,0.212,-0.235,-0.308,-0.201,-0.115,1.0,0.041,-0.061,0.085
7,y1,0.086,-0.018,0.508,0.177,-0.348,-0.4,0.088,-0.098,0.197,-0.244,0.275,-0.448,0.041,1.0,0.328,0.201
7,y2,-0.523,-0.392,-0.187,0.244,-0.41,-0.241,0.175,-0.368,0.345,0.274,0.289,0.115,-0.061,0.328,1.0,-0.104
7,y3,0.239,0.031,0.35,-0.036,-0.334,0.307,-0.252,-0.312,0.218,-0.014,0.259,-0.516,0.085,0.201,-0.104,1.0
8,.,1.0,0.276,0.052,-0.031,0.06,0.064,0.047,0.1,-0.395,-0.395,-0.298,-0.49,0.186,0.086,-0.523,0.24
8,A1_1,0.276,1.0,-0.074,-0.15,-0.105,-0.146,0.058,-0.039,-0.249,-0.036,0.204,-0.268,0.049,-0.018,-0.391,0.03
8,A1_2,0.052,-0.074,1.0,0.384,0.047,-0.022,-0.291,0.363,0.465,-0.438,0.234,-0.204,-0.068,0.508,-0.187,0.349
8,A1_3,-0.031,-0.15,0.384,1.0,0.379,0.098,-0.339,0.016,0.619,-0.315,-0.2,0.117,0.025,0.176,0.243,-0.038
8,B1_1,0.06,-0.105,0.047,0.379,1.0,0.331,-0.401,0.341,0.027,-0.359,-0.231,0.37,0.031,-0.348,-0.41,-0.334
8,B1_2,0.064,-0.146,-0.022,0.098,0.331,1.0,-0.36,0.053,-0.061,0.122,-0.058,0.045,-0.269,-0.4,-0.24,0.307
8,B1_3,0.047,0.058,-0.291,-0.339,-0.401,-0.36,1.0,0.036,-0.418,0.396,0.005,0.347,0.116,0.088,0.175,-0.253
8,A2_1,0.1,-0.039,0.363,0.016,0.341,0.053,0.036,1.0,-0.365,-0.428,0.072,0.181,0.212,-0.098,-0.367,-0.313
8,A2_2,-0.395,-0.249,0.465,0.619,0.027,-0.061,-0.418,-0.365,1.0,0.013,0.014,0.151,-0.235,0.197,0.346,0.217
8,A2_3,-0.395,-0.036,-0.438,-0.315,-0.359,0.122,0.396,-0.428,0.013,1.0,0.034,0.426,-0.308,-0.244,0.275,-0.015
8,B2_1,-0.298,0.204,0.234,-0.2,-0.231,-0.058,0.005,0.072,0.014,0.034,1.0,-0.103,-0.2,0.276,0.289,0.259
8,B2_2,-0.49,-0.268,-0.204,0.117,0.37,0.045,0.347,0.181,0.151,0.426,-0.103,1.0,-0.114,-0.447,0.114,-0.516
8,B2_3,0.186,0.049,-0.068,0.025,0.031,-0.269,0.116,0.212,-0.235,-0.308,-0.2,-0.114,1.0,0.042,-0.06,0.085
8,y1,0.086,-0.018,0.508,0.176,-0.348,-0.4,0.088,-0.098,0.197,-0.244,0.276,-0.447,0.042,1.0,0.328,0.202
8,y2,-0.523,-0.391,-0.187,0.243,-0.41,-0.24,0.175,-0.367,0.346,0.275,0.289,0.114,-0.06,0.328,1.0,-0.103
8,y3,0.24,0.03,0.349,-0.038,-0.334,0.307,-0.253,-0.313,0.217,-0.015,0.259,-0.516,0.085,0.202,-0.103,1.0
9,.,1.0,0.276,0.052,-0.031,0.058,0.062,0.047,0.098,-0.395,-0.394,-0.299,-0.491,0.184,0.086,-0.523,0.24
9,A1_1,0.276,1.0,-0.075,-0.149,-0.106,-0.147,0.058,-0.039,-0.249,-0.036,0.203,-0.268,0.049,-0.019,-0.391,0.029
9,A1_2,0.052,-0.075,1.0,0.384,0.047,-0.022,-0.29,0.362,0.465,-0.44,0.235,-0.203,-0.067,0.508,-0.187,0.348
9,A1_3,-0.031,-0.149,0.384,1.0,0.379,0.098,-0.338,0.015,0.619,-0.315,-0.2,0.117,0.025,0.175,0.243,-0.04
9,B1_1,0.058,-0.106,0.047,0.379,1.0,0.332,-0.398,0.341,0.027,-0.358,-0.23,0.372,0.032,-0.347,-0.41,-0.335
9,B1_2,0.062,-0.147,-0.022,0.098,0.332,1.0,-0.359,0.053,-0.061,0.122,-0.057,0.047,-0.269,-0.399,-0.239,0.306
9,B1_3,0.047,0.058,-0.29,-0.338,-0.398,-0.359,1.0,0.038,-0.416,0.396,0.007,0.348,0.117,0.088,0.175,-0.253
9,A2_1,0.098,-0.039,0.362,0.015,0.341,0.053,0.038,1.0,-0.366,-0.428,0.073,0.181,0.213,-0.099,-0.367,-0.314
9,A2_2,-0.395,-0.249,0.465,0.619,0.027,-0.061,-0.416,-0.366,1.0,0.013,0.014,0.151,-0.234,0.196,0.347,0.216
9,A2_3,-0.394,-0.036,-0.44,-0.315,-0.358,0.122,0.396,-0.428,0.013,1.0,0.034,0.426,-0.307,-0.244,0.276,-0.015
9,B2_1,-0.299,0.203,0.235,-0.2,-0.23,-0.057,0.007,0.073,0.014,0.034,1.0,-0.1,-0.199,0.277,0.29,0.258
9,B2_2,-0.491,-0.268,-0.203,0.117,0.372,0.047,0.348,0.181,0.151,0.426,-0.1,1.0,-0.113,-0.447,0.114,-0.516
9,B2_3,0.184,0.049,-0.067,0.025,0.032,-0.269,0.117,0.213,-0.234,-0.307,-0.199,-0.113,1.0,0.043,-0.059,0.084
9,y1,0.086,-0.019,0.508,0.175,-0.347,-0.399,0.088,-0.099,0.196,-0.244,0.277,-0.447,0.043,1.0,0.328,0.202
9,y2,-0.523,-0.391,-0.187,0.243,-0.41,-0.239,0.175,-0.367,0.347,0.276,0.29,0.114,-0.059,0.328,1.0,-0.102
9,y3,0.24,0.029,0.348,-0.04,-0.335,0.306,-0.253,-0.314,0.216,-0.015,0.258,-0.516,0.084,0.202,-0.102,1.0
10,.,1.0,0.275,0.051,-0.032,0.055,0.06,0.047,0.096,-0.395,-0.393,-0.3,-0.492,0.183,0.086,-0.522,0.24
10,A1_1,0.275,1.0,-0.076,-0.149,-0.106,-0.149,0.058,-0.038,-0.25,-0.036,0.203,-0.269,0.048,-0.019,-0.39,0.028
10,A1_2,0.051,-0.076,1.0,0.383,0.047,-0.022,-0.288,0.362,0.464,-0.441,0.235,-0.203,-0.067,0.508,-0.186,0.347
10,A1_3,-0.032,-0.149,0.383,1.0,0.379,0.099,-0.336,0.015,0.619,-0.315,-0.199,0.118,0.026,0.174,0.243,-0.041
10,B1_1,0.055,-0.106,0.047,0.379,1.0,0.333,-0.396,0.34,0.027,-0.358,-0.228,0.373,0.033,-0.347,-0.41,-0.335
10,B1_2,0.06,-0.149,-0.022,0.099,0.333,1.0,-0.357,0.053,-0.06,0.122,-0.057,0.048,-0.269,-0.398,-0.238,0.305
10,B1_3,0.047,0.058,-0.288,-0.336,-0.396,-0.357,1.0,0.039,-0.415,0.396,0.009,0.35,0.117,0.088,0.175,-0.254
10,A2_1,0.096,-0.038,0.362,0.015,0.34,0.053,0.039,1.0,-0.367,-0.428,0.073,0.181,0.213,-0.099,-0.366,-0.315
10,A2_2,-0.395,-0.25,0.464,0.619,0.027,-0.06,-0.415,-0.367,1.0,0.013,0.013,0.152,-0.234,0.196,0.348,0.215
10,A2_3,-0.393,-0.036,-0.441,-0.315,-0.358,0.122,0.396,-0.428,0.013,1.0,0.034,0.425,-0.307,-0.245,0.276,-0.016
10,B2_1,-0.3,0.203,0.235,-0.199,-0.228,-0.057,0.009,0.073,0.013,0.034,1.0,-0.098,-0.198,0.278,0.291,0.258
10,B2_2,-0.492,-0.269,-0.203,0.118,0.373,0.048,0.35,0.181,0.152,0.425,-0.098,1.0,-0.111,-0.446,0.115,-0.516
10,B2_3,0.183,0.048,-0.067,0.026,0.033,-0.269,0.117,0.213,-0.234,-0.307,-0.198,-0.111,1.0,0.043,-0.059,0.084
10,y1,0.086,-0.019,0.508,0.174,-0.347,-0.398,0.088,-0.099,0.196,-0.245,0.278,-0.446,0.043,1.0,0.328,0.203
10,y2,-0.522,-0.39,-0.186,0.243,-0.41,-0.238,0.175,-0.366,0.348,0.276,0.291,0.115,-0.059,0.328,1.0,-0.101
10,y3,0.24,0.028,0.347,-0.041,-0.335,0.305,-0.254,-0.315,0.215,-0.016,0.258,-0.516,0.084,0.203,-0.101,1.0
11,.,1.0,0.276,0.051,-0.032,0.054,0.059,0.046,0.095,-0.395,-0.392,-0.301,-0.493,0.182,0.085,-0.522,0.24
11,A1_1,0.276,1.0,-0.076,-0.148,-0.107,-0.15,0.057,-0.038,-0.25,-0.035,0.202,-0.27,0.047,-0.019,-0.39,0.027
11,A1_2,0.051,-0.076,1.0,0.383,0.048,-0.022,-0.287,0.361,0.463,-0.442,0.236,-0.202,-0.066,0.508,-0.185,0.346
11,A1_3,-0.032,-0.148,0.383,1.0,0.379,0.099,-0.334,0.015,0.618,-0.315,-0.198,0.118,0.027,0.173,0.242,-0.043
11,B1_1,0.054,-0.107,0.048,0.379,1.0,0.334,-0.393,0.34,0.027,-0.358,-0.226,0.374,0.034,-0.347,-0.409,-0.336
11,B1_2,0.059,-0.15,-0.022,0.099,0.334,1.0,-0.356,0.053,-0.06,0.121,-0.056,0.05,-0.268,-0.398,-0.237,0.304
11,B1_3,0.046,0.057,-0.287,-0.334,-0.393,-0.356,1.0,0.04,-0.414,0.397,0.011,0.351,0.118,0.088,0.175,-0.255
11,A2_1,0.095,-0.038,0.361,0.015,0.34,0.053,0.04,1.0,-0.368,-0.428,0.073,0.181,0.213,-0.099,-0.365,-0.316
11,A2_2,-0.395,-0.25,0.463,0.618,0.027,-0.06,-0.414,-0.368,1.0,0.013,0.013,0.152,-0.234,0.196,0.348,0.214
11,A2_3,-0.392,-0.035,-0.442,-0.315,-0.358,0.121,0.397,-0.428,0.013,1.0,0.034,0.425,-0.306,-0.245,0.276,-0.016
11,B2_1,-0.301,0.202,0.236,-0.198,-0.226,-0.056,0.011,0.073,0.013,0.034,1.0,-0.096,-0.197,0.279,0.291,0.258
11,B2_2,-0.493,-0.27,-0.202,0.118,0.374,0.05,0.351,0.181,0.152,0.425,-0.096,1.0,-0.11,-0.445,0.115,-0.515
11,B2_3,0.182,0.047,-0.066,0.027,0.034,-0.268,0.118,0.213,-0.234,-0.306,-0.197,-0.11,1.0,0.044,-0.059,0.084
11,y1,0.085,-0.019,0.508,0.173,-0.347,-0.398,0.088,-0.099,0.196,-0.245,0.279,-0.445,0.044,1.0,0.328,0.203
11,y2,-0.522,-0.39,-0.185,0.242,-0.409,-0.237,0.175,-0.365,0.348,0.276,0.291,0.115,-0.059,0.328,1.0,-0.101
11,y3,0.24,0.027,0.346,-0.043,-0.336,0.304,-0.255,-0.316,0.214,-0.016,0.258,-0.515,0.084,0.203,-0.101,1.0
12,.,1.0,0.276,0.05,-0.032,0.052,0.058,0.046,0.094,-0.395,-0.392,-0.302,-0.494,0.181,0.084,-0.522,0.241
12,A1_1,0.276,1.0,-0.076,-0.147,-0.107,-0.151,0.056,-0.037,-0.25,-0.035,0.201,-0.27,0.047,-0.02,-0.389,0.026
12,A1_2,0.05,-0.076,1.0,0.383,0.048,-0.022,-0.286,0.36,0.462,-0.443,0.236,-0.201,-0.065,0.508,-0.184,0.346
12,A1_3,-0.032,-0.147,0.383,1.0,0.378,0.1,-0.333,0.015,0.618,-0.315,-0.197,0.119,0.027,0.173,0.242,-0.045
12,B1_1,0.052,-0.107,0.048,0.378,1.0,0.336,-0.39,0.339,0.026,-0.357,-0.224,0.376,0.035,-0.346,-0.409,-0.337
12,B1_2,0.058,-0.151,-0.022,0.1,0.336,1.0,-0.354,0.053,-0.06,0.121,-0.055,0.053,-0.267,-0.397,-0.236,0.303
12,B1_3,0.046,0.056,-0.286,-0.333,-0.39,-0.354,1.0,0.041,-0.412,0.397,0.013,0.353,0.119,0.087,0.176,-0.255
12,A2_1,0.094,-0.037,0.36,0.015,0.339,0.053,0.041,1.0,-0.369,-0.428,0.074,0.181,0.214,-0.1,-0.365,-0.316
12,A2_2,-0.395,-0.25,0.462,0.618,0.026,-0.06,-0.412,-0.369,1.0,0.013,0.013,0.152,-0.234,0.195,0.349,0.213
12,A2_3,-0.392,-0.035,-0.443,-0.315,-0.357,0.121,0.397,-0.428,0.013,1.0,0.034,0.424,-0.306,-0.245,0.277,-0.016
12,B2_1,-0.302,0.201,0.236,-0.197,-0.224,-0.055,0.013,0.074,0.013,0.034,1.0,-0.093,-0.196,0.279,0.292,0.258
12,B2_2,-0.494,-0.27,-0.201,0.119,0.376,0.053,0.353,0.181,0.152,0.424,-0.093,1.0,-0.109,-0.444,0.115,-0.515
12,B2_3,0.181,0.047,-0.065,0.027,0.035,-0.267,0.119,0.214,-0.234,-0.306,-0.196,-0.109,1.0,0.045,-0.058,0.084
12,y1,0.084,-0.02,0.508,0.173,-0.346,-0.397,0.087,-0.1,0.195,-0.245,0.279,-0.444,0.045,1.0,0.329,0.203
12,y2,-0.522,-0.389,-0.184,0.242,-0.409,-0.236,0.176,-0.365,0.349,0.277,0.292,0.115,-0.058,0.329,1.0,-0.1
12,y3,0.241,0.026,0.346,-0.045,-0.337,0.303,-0.255,-0.316,0.213,-0.016,0.258,-0.515,0.084,0.203,-0.1,1.0
13,.,1.0,0.276,0.05,-0.032,0.05,0.056,0.046,0.092,-0.395,-0.391,-0.303,-0.495,0.179,0.083,-0.522,0.241
13,A1_1,0.276,1.0,-0.077,-0.146,-0.108,-0.152,0.056,-0.036,-0.251,-0.034,0.201,-0.271,0.046,-0.02,-0.389,0.025
13,A1_2,0.05,-0.077,1.0,0.382,0.048,-0.022,-0.286,0.36,0.462,-0.444,0.237,-0.201,-0.065,0.508,-0.184,0.345
13,A1_3,-0.032,-0.146,0.382,1.0,0.378,0.1,-0.332,0.015,0.617,-0.314,-0.197,0.119,0.028,0.172,0.242,-0.047
13,B1_1,0.05,-0.108,0.048,0.378,1.0,0.337,-0.388,0.339,0.026,-0.357,-0.222,0.377,0.036,-0.346,-0.409,-0.337
13,B1_2,0.056,-0.152,-0.022,0.1,0.337,1.0,-0.352,0.053,-0.06,0.121,-0.054,0.055,-0.266,-0.396,-0.235,0.302
13,B1_3,0.046,0.056,-0.286,-0.332,-0.388,-0.352,1.0,0.042,-0.412,0.397,0.015,0.354,0.119,0.087,0.175,-0.256
13,A2_1,0.092,-0.036,0.36,0.015,0.339,0.053,0.042,1.0,-0.369,-0.428,0.074,0.182,0.214,-0.1,-0.365,-0.317
13,A2_2,-0.395,-0.251,0.462,0.617,0.026,-0.06,-0.412,-0.369,1.0,0.013,0.013,0.153,-0.234,0.195,0.35,0.213
13,A2_3,-0.391,-0.034,-0.444,-0.314,-0.357,0.121,0.397,-0.428,0.013,1.0,0.034,0.424,-0.305,-0.246,0.277,-0.017
13,B2_1,-0.303,0.201,0.237,-0.197,-0.222,-0.054,0.015,0.074,0.013,0.034,1.0,-0.091,-0.195,0.28,0.293,0.257
13,B2_2,-0.495,-0.271,-0.201,0.119,0.377,0.055,0.354,0.182,0.153,0.424,-0.091,1.0,-0.108,-0.444,0.114,-0.515
13,B2_3,0.179,0.046,-0.065,0.028,0.036,-0.266,0.119,0.214,-0.234,-0.305,-0.195,-0.108,1.0,0.045,-0.058,0.084
13,y1,0.083,-0.02,0.508,0.172,-0.346,-0.396,0.087,-0.1,0.195,-0.246,0.28,-0.444,0.045,1.0,0.329,0.204
13,y2,-0.522,-0.389,-0.184,0.242,-0.409,-0.235,0.175,-0.365,0.35,0.277,0.293,0.114,-0.058,0.329,1.0,-0.099
13,y3,0.241,0.025,0.345,-0.047,-0.337,0.302,-0.256,-0.317,0.213,-0.017,0.257,-0.515,0.084,0.204,-0.099,1.0
14,.,1.0,0.276,0.05,-0.033,0.048,0.055,0.045,0.091,-0.395,-0.391,-0.304,-0.496,0.178,0.083,-0.522,0.242
14,A1_1,0.276,1.0,-0.077,-0.145,-0.108,-0.153,0.055,-0.035,-0.251,-0.034,0.2,-0.272,0.046,-0.02,-0.388,0.024
14,A1_2,0.05,-0.077,1.0,0.382,0.048,-0.022,-0.285,0.359,0.461,-0.445,0.237,-0.2,-0.064,0.508,-0.183,0.344
14,A1_3,-0.033,-0.145,0.382,1.0,0.378,0.101,-0.33,0.015,0.617,-0.314,-0.196,0.119,0.028,0.171,0.241,-0.049
14,B1_1,0.048,-0.108,0.048,0.378,1.0,0.338,-0.385,0.339,0.025,-0.357,-0.221,0.378,0.037,-0.346,-0.409,-0.337
14,B1_2,0.055,-0.153,-0.022,0.101,0.338,1.0,-0.351,0.054,-0.06,0.121,-0.053,0.057,-0.266,-0.396,-0.234,0.301
14,B1_3,0.045,0.055,-0.285,-0.33,-0.385,-0.351,1.0,0.043,-0.411,0.398,0.017,0.356,0.12,0.086,0.176,-0.256
14,A2_1,0.091,-0.035,0.359,0.015,0.339,0.054,0.043,1.0,-0.37,-0.428,0.074,0.182,0.214,-0.101,-0.364,-0.318
14,A2_2,-0.395,-0.251,0.461,0.617,0.025,-0.06,-0.411,-0.37,1.0,0.014,0.013,0.153,-0.234,0.195,0.351,0.212
14,A2_3,-0.391,-0.034,-0.445,-0.314,-0.357,0.121,0.398,-0.428,0.014,1.0,0.034,0.423,-0.305,-0.246,0.278,-0.017
14,B2_1,-0.304,0.2,0.237,-0.196,-0.221,-0.053,0.017,0.074,0.013,0.034,1.0,-0.089,-0.194,0.281,0.294,0.257
14,B2_2,-0.496,-0.272,-0.2,0.119,0.378,0.057,0.356,0.182,0.153,0.423,-0.089,1.0,-0.107,-0.444,0.114,-0.515
14,B2_3,0.178,0.046,-0.064,0.028,0.037,-0.266,0.12,0.214,-0.234,-0.305,-0.194,-0.107,1.0,0.045,-0.057,0.084
14,y1,0.083,-0.02,0.508,0.171,-0.346,-0.396,0.086,-0.101,0.195,-0.246,0.281,-0.444,0.045,1.0,0.329,0.205
14,y2,-0.522,-0.388,-0.183,0.241,-0.409,-0.234,0.176,-0.364,0.351,0.278,0.294,0.114,-0.057,0.329,1.0,-0.098
14,y3,0.242,0.024,0.344,-0.049,-0.337,0.301,-0.256,-0.318,0.212,-0.017,0.257,-0.515,0.084,0.205,-0.098,1.0
15,.,1.0,0.276,0.05,-0.033,0.046,0.053,0.044,0.09,-0.395,-0.39,-0.304,-0.497,0.177,0.083,-0.522,0.242
15,A1_1,0.276,1.0,-0.078,-0.144,-0.109,-0.154,0.055,-0.035,-0.252,-0.034,0.2,-0.272,0.046,-0.021,-0.388,0.023
15,A1_2,0.05,-0.078,1.0,0.382,0.048,-0.022,-0.284,0.359,0.46,-0.446,0.237,-0.2,-0.064,0.509,-0.183,0.343
15,A1_3,-0.033,-0.144,0.382,1.0,0.377,0.101,-0.328,0.015,0.617,-0.314,-0.196,0.119,0.028,0.17,0.241,-0.05
15,B1_1,0.046,-0.109,0.048,0.377,1.0,0.339,-0.383,0.338,0.025,-0.357,-0.219,0.379,0.038,-0.345,-0.41,-0.338
15,B1_2,0.053,-0.154,-0.022,0.101,0.339,1.0,-0.349,0.054,-0.06,0.12,-0.052,0.058,-0.265,-0.395,-0.233,0.3
15,B1_3,0.044,0.055,-0.284,-0.328,-0.383,-0.349,1.0,0.044,-0.41,0.398,0.019,0.357,0.121,0.086,0.176,-0.258
15,A2_1,0.09,-0.035,0.359,0.015,0.338,0.054,0.044,1.0,-0.371,-0.427,0.074,0.182,0.214,-0.101,-0.364,-0.318
15,A2_2,-0.395,-0.252,0.46,0.617,0.025,-0.06,-0.41,-0.371,1.0,0.014,0.012,0.153,-0.234,0.195,0.352,0.211
15,A2_3,-0.39,-0.034,-0.446,-0.314,-0.357,0.12,0.398,-0.427,0.014,1.0,0.034,0.423,-0.304,-0.246,0.278,-0.018
15,B2_1,-0.304,0.2,0.237,-0.196,-0.219,-0.052,0.019,0.074,0.012,0.034,1.0,-0.088,-0.193,0.281,0.294,0.256
15,B2_2,-0.497,-0.272,-0.2,0.119,0.379,0.058,0.357,0.182,0.153,0.423,-0.088,1.0,-0.106,-0.443,0.114,-0.515
15,B2_3,0.177,0.046,-0.064,0.028,0.038,-0.265,0.121,0.214,-0.234,-0.304,-0.193,-0.106,1.0,0.046,-0.057,0.084
15,y1,0.083,-0.021,0.509,0.17,-0.345,-0.395,0.086,-0.101,0.195,-0.246,0.281,-0.443,0.046,1.0,0.329,0.204
15,y2,-0.522,-0.388,-0.183,0.241,-0.41,-0.233,0.176,-0.364,0.352,0.278,0.294,0.114,-0.057,0.329,1.0,-0.097
15,y3,0.242,0.023,0.343,-0.05,-0.338,0.3,-0.258,-0.318,0.211,-0.018,0.256,-0.515,0.084,0.204,-0.097,1.0
16,.,1.0,0.276,0.05,-0.034,0.044,0.052,0.044,0.089,-0.395,-0.39,-0.305,-0.497,0.176,0.082,-0.522,0.243
16,A1_1,0.276,1.0,-0.078,-0.143,-0.109,-0.156,0.054,-0.034,-0.252,-0.034,0.2,-0.272,0.046,-0.021,-0.387,0.022
16,A1_2,0.05,-0.078,1.0,0.382,0.048,-0.022,-0.283,0.358,0.46,-0.447,0.237,-0.199,-0.063,0.508,-0.182,0.342
16,A1_3,-0.034,-0.143,0.382,1.0,0.377,0.102,-0.327,0.015,0.616,-0.314,-0.195,0.12,0.029,0.169,0.24,-0.052
16,B1_1,0.044,-0.109,0.048,0.377,1.0,0.34,-0.38,0.338,0.024,-0.356,-0.218,0.38,0.039,-0.345,-0.41,-0.338
16,B1_2,0.052,-0.156,-0.022,0.102,0.34,1.0,-0.348,0.054,-0.06,0.12,-0.051,0.06,-0.264,-0.395,-0.232,0.299
16,B1_3,0.044,0.054,-0.283,-0.327,-0.38,-0.348,1.0,0.045,-0.408,0.398,0.021,0.359,0.121,0.086,0.176,-0.258
16,A2_1,0.089,-0.034,0.358,0.015,0.338,0.054,0.045,1.0,-0.371,-0.427,0.074,0.182,0.214,-0.102,-0.363,-0.319
16,A2_2,-0.395,-0.252,0.46,0.616,0.024,-0.06,-0.408,-0.371,1.0,0.014,0.012,0.153,-0.234,0.195,0.352,0.21
16,A2_3,-0.39,-0.034,-0.447,-0.314,-0.356,0.12,0.398,-0.427,0.014,1.0,0.034,0.423,-0.304,-0.247,0.278,-0.018
16,B2_1,-0.305,0.2,0.237,-0.195,-0.218,-0.051,0.021,0.074,0.012,0.034,1.0,-0.086,-0.192,0.282,0.294,0.256
16,B2_2,-0.497,-0.272,-0.199,0.12,0.38,0.06,0.359,0.182,0.153,0.423,-0.086,1.0,-0.105,-0.443,0.114,-0.515
16,B2_3,0.176,0.046,-0.063,0.029,0.039,-0.264,0.121,0.214,-0.234,-0.304,-0.192,-0.105,1.0,0.047,-0.056,0.084
16,y1,0.082,-0.021,0.508,0.169,-0.345,-0.395,0.086,-0.102,0.195,-0.247,0.282,-0.443,0.047,1.0,0.329,0.205
16,y2,-0.522,-0.387,-0.182,0.24,-0.41,-0.232,0.176,-0.363,0.352,0.278,0.294,0.114,-0.056,0.329,1.0,-0.096
16,y3,0.243,0.022,0.342,-0.052,-0.338,0.299,-0.258,-0.319,0.21,-0.018,0.256,-0.515,0.084,0.205,-0.096,1.0
17,.,1.0,0.276,0.05,-0.034,0.042,0.051,0.043,0.087,-0.394,-0.389,-0.306,-0.498,0.175,0.082,-0.522,0.244
17,A1_1,0.276,1.0,-0.078,-0.143,-0.109,-0.157,0.053,-0.033,-0.252,-0.033,0.199,-0.272,0.045,-0.021,-0.387,0.021
17,A1_2,0.05,-0.078,1.0,0.382,0.048,-0.022,-0.282,0.357,0.459,-0.448,0.238,-0.199,-0.063,0.509,-0.181,0.341
17,A1_3,-0.034,-0.143,0.382,1.0,0.377,0.102,-0.326,0.015,0.616,-0.314,-0.195,0.12,0.029,0.168,0.24,-0.053
17,B1_1,0.042,-0.109,0.048,0.377,1.0,0.342,-0.377,0.337,0.024,-0.356,-0.216,0.381,0.039,-0.345,-0.41,-0.339
17,B1_2,0.051,-0.157,-0.022,0.102,0.342,1.0,-0.346,0.054,-0.06,0.119,-0.05,0.063,-0.263,-0.394,-0.232,0.298
17,B1_3,0.043,0.053,-0.282,-0.326,-0.377,-0.346,1.0,0.046,-0.407,0.398,0.023,0.36,0.122,0.085,0.176,-0.259
17,A2_1,0.087,-0.033,0.357,0.015,0.337,0.054,0.046,1.0,-0.372,-0.427,0.074,0.182,0.214,-0.103,-0.363,-0.32
17,A2_2,-0.394,-0.252,0.459,0.616,0.024,-0.06,-0.407,-0.372,1.0,0.014,0.012,0.153,-0.234,0.195,0.353,0.209
17,A2_3,-0.389,-0.033,-0.448,-0.314,-0.356,0.119,0.398,-0.427,0.014,1.0,0.034,0.423,-0.303,-0.247,0.278,-0.019
17,B2_1,-0.306,0.199,0.238,-0.195,-0.216,-0.05,0.023,0.074,0.012,0.034,1.0,-0.084,-0.191,0.282,0.295,0.256
17,B2_2,-0.498,-0.272,-0.199,0.12,0.381,0.063,0.36,0.182,0.153,0.423,-0.084,1.0,-0.104,-0.443,0.113,-0.515
17,B2_3,0.175,0.045,-0.063,0.029,0.039,-0.263,0.122,0.214,-0.234,-0.303,-0.191,-0.104,1.0,0.047,-0.056,0.085
17,y1,0.082,-0.021,0.509,0.168,-0.345,-0.394,0.085,-0.103,0.195,-0.247,0.282,-0.443,0.047,1.0,0.329,0.205
17,y2,-0.522,-0.387,-0.181,0.24,-0.41,-0.232,0.176,-0.363,0.353,0.278,0.295,0.113,-0.056,0.329,1.0,-0.096
17,y3,0.244,0.021,0.341,-0.053,-0.339,0.298,-0.259,-0.32,0.209,-0.019,0.256,-0.515,0.085,0.205,-0.096,1.0
18,.,1.0,0.276,0.05,-0.035,0.04,0.049,0.043,0.087,-0.394,-0.389,-0.306,-0.499,0.174,0.082,-0.522,0.245
18,A1_1,0.276,1.0,-0.078,-0.142,-0.11,-0.158,0.053,-0.033,-0.252,-0.033,0.199,-0.272,0.045,-0.021,-0.386,0.02
18,A1_2,0.05,-0.078,1.0,0.382,0.048,-0.022,-0.281,0.357,0.458,-0.449,0.238,-0.198,-0.062,0.509,-0.18,0.34
18,A1_3,-0.035,-0.142,0.382,1.0,0.377,0.103,-0.325,0.015,0.616,-0.314,-0.194,0.12,0.03,0.167,0.239,-0.055
18,B1_1,0.04,-0.11,0.048,0.377,1.0,0.343,-0.375,0.337,0.024,-0.356,-0.215,0.383,0.04,-0.345,-0.41,-0.339
18,B1_2,0.049,-0.158,-0.022,0.103,0.343,1.0,-0.344,0.054,-0.06,0.119,-0.049,0.065,-0.262,-0.394,-0.231,0.298
18,B1_3,0.043,0.053,-0.281,-0.325,-0.375,-0.344,1.0,0.047,-0.407,0.398,0.024,0.362,0.122,0.085,0.176,-0.26
18,A2_1,0.087,-0.033,0.357,0.015,0.337,0.054,0.047,1.0,-0.372,-0.426,0.074,0.183,0.215,-0.103,-0.363,-0.32
18,A2_2,-0.394,-0.252,0.458,0.616,0.024,-0.06,-0.407,-0.372,1.0,0.014,0.012,0.153,-0.233,0.194,0.354,0.208
18,A2_3,-0.389,-0.033,-0.449,-0.314,-0.356,0.119,0.398,-0.426,0.014,1.0,0.034,0.422,-0.303,-0.247,0.279,-0.02
18,B2_1,-0.306,0.199,0.238,-0.194,-0.215,-0.049,0.024,0.074,0.012,0.034,1.0,-0.082,-0.19,0.283,0.295,0.256
18,B2_2,-0.499,-0.272,-0.198,0.12,0.383,0.065,0.362,0.183,0.153,0.422,-0.082,1.0,-0.103,-0.442,0.113,-0.514
18,B2_3,0.174,0.045,-0.062,0.03,0.04,-0.262,0.122,0.215,-0.233,-0.303,-0.19,-0.103,1.0,0.047,-0.056,0.085
18,y1,0.082,-0.021,0.509,0.167,-0.345,-0.394,0.085,-0.103,0.194,-0.247,0.283,-0.442,0.047,1.0,0.33,0.206
18,y2,-0.522,-0.386,-0.18,0.239,-0.41,-0.231,0.176,-0.363,0.354,0.279,0.295,0.113,-0.056,0.33,1.0,-0.095
18,y3,0.245,0.02,0.34,-0.055,-0.339,0.298,-0.26,-0.32,0.208,-0.02,0.256,-0.514,0.085,0.206,-0.095,1.0
19,.,1.0,0.276,0.05,-0.036,0.038,0.047,0.042,0.086,-0.395,-0.388,-0.306,-0.5,0.173,0.082,-0.522,0.245
19,A1_1,0.276,1.0,-0.079,-0.141,-0.11,-0.159,0.053,-0.032,-0.252,-0.033,0.198,-0.273,0.045,-0.021,-0.386,0.019
19,A1_2,0.05,-0.079,1.0,0.381,0.048,-0.022,-0.281,0.356,0.458,-0.45,0.239,-0.198,-0.062,0.509,-0.179,0.339
19,A1_3,-0.036,-0.141,0.381,1.0,0.376,0.103,-0.323,0.015,0.616,-0.314,-0.193,0.12,0.03,0.166,0.239,-0.057
19,B1_1,0.038,-0.11,0.048,0.376,1.0,0.344,-0.373,0.337,0.023,-0.356,-0.213,0.384,0.041,-0.345,-0.41,-0.339
19,B1_2,0.047,-0.159,-0.022,0.103,0.344,1.0,-0.343,0.055,-0.06,0.119,-0.048,0.067,-0.262,-0.394,-0.231,0.297
19,B1_3,0.042,0.053,-0.281,-0.323,-0.373,-0.343,1.0,0.048,-0.406,0.398,0.026,0.363,0.123,0.085,0.175,-0.261
19,A2_1,0.086,-0.032,0.356,0.015,0.337,0.055,0.048,1.0,-0.373,-0.426,0.074,0.183,0.215,-0.104,-0.362,-0.321
19,A2_2,-0.395,-0.252,0.458,0.616,0.023,-0.06,-0.406,-0.373,1.0,0.014,0.012,0.153,-0.234,0.194,0.355,0.207
19,A2_3,-0.388,-0.033,-0.45,-0.314,-0.356,0.119,0.398,-0.426,0.014,1.0,0.033,0.422,-0.303,-0.248,0.279,-0.021
19,B2_1,-0.306,0.198,0.239,-0.193,-0.213,-0.048,0.026,0.074,0.012,0.033,1.0,-0.081,-0.189,0.283,0.296,0.256
19,B2_2,-0.5,-0.273,-0.198,0.12,0.384,0.067,0.363,0.183,0.153,0.422,-0.081,1.0,-0.102,-0.442,0.112,-0.514
19,B2_3,0.173,0.045,-0.062,0.03,0.041,-0.262,0.123,0.215,-0.234,-0.303,-0.189,-0.102,1.0,0.048,-0.055,0.085
19,y1,0.082,-0.021,0.509,0.166,-0.345,-0.394,0.085,-0.104,0.194,-0.248,0.283,-0.442,0.048,1.0,0.33,0.206
19,y2,-0.522,-0.386,-0.179,0.239,-0.41,-0.231,0.175,-0.362,0.355,0.279,0.296,0.112,-0.055,0.33,1.0,-0.094
19,y3,0.245,0.019,0.339,-0.057,-0.339,0.297,-0.261,-0.321,0.207,-0.021,0.256,-0.514,0.085,0.206,-0.094,1.0
20,.,1.0,0.276,0.05,-0.036,0.036,0.046,0.041,0.085,-0.394,-0.388,-0.307,-0.501,0.172,0.081,-0.522,0.246
20,A1_1,0.276,1.0,-0.079,-0.14,-0.111,-0.16,0.052,-0.031,-0.252,-0.033,0.198,-0.273,0.044,-0.022,-0.386,0.018
20,A1_2,0.05,-0.079,1.0,0.381,0.048,-0.022,-0.28,0.356,0.457,-0.451,0.239,-0.197,-0.062,0.508,-0.178,0.338
20,A1_3,-0.036,-0.14,0.381,1.0,0.376,0.104,-0.322,0.015,0.616,-0.314,-0.193,0.12,0.03,0.166,0.239,-0.058
20,B1_1,0.036,-0.111,0.048,0.376,1.0,0.345,-0.371,0.336,0.023,-0.356,-0.212,0.384,0.042,-0.345,-0.41,-0.339
20,B1_2,0.046,-0.16,-0.022,0.104,0.345,1.0,-0.341,0.055,-0.06,0.118,-0.047,0.069,-0.261,-0.393,-0.23,0.296
20,B1_3,0.041,0.052,-0.28,-0.322,-0.371,-0.341,1.0,0.048,-0.405,0.398,0.027,0.365,0.124,0.084,0.175,-0.262
20,A2_1,0.085,-0.031,0.356,0.015,0.336,0.055,0.048,1.0,-0.373,-0.426,0.074,0.183,0.215,-0.104,-0.362,-0.321
20,A2_2,-0.394,-0.252,0.457,0.616,0.023,-0.06,-0.405,-0.373,1.0,0.014,0.012,0.153,-0.233,0.194,0.356,0.206
20,A2_3,-0.388,-0.033,-0.451,-0.314,-0.356,0.118,0.398,-0.426,0.014,1.0,0.033,0.422,-0.302,-0.248,0.279,-0.021
20,B2_1,-0.307,0.198,0.239,-0.193,-0.212,-0.047,0.027,0.074,0.012,0.033,1.0,-0.079,-0.188,0.284,0.297,0.255
20,B2_2,-0.501,-0.273,-0.197,0.12,0.384,0.069,0.365,0.183,0.153,0.422,-0.079,1.0,-0.101,-0.442,0.112,-0.514
20,B2_3,0.172,0.044,-0.062,0.03,0.042,-0.261,0.124,0.215,-0.233,-0.302,-0.188,-0.101,1.0,0.048,-0.054,0.085
20,y1,0.081,-0.022,0.508,0.166,-0.345,-0.393,0.084,-0.104,0.194,-0.248,0.284,-0.442,0.048,1.0,0.331,0.206
20,y2,-0.522,-0.386,-0.178,0.239,-0.41,-0.23,0.175,-0.362,0.356,0.279,0.297,0.112,-0.054,0.331,1.0,-0.093
20,y3,0.246,0.018,0.338,-0.058,-0.339,0.296,-0.262,-0.321,0.206,-0.021,0.255,-0.514,0.085,0.206,-0.093,1.0
21,.,1.0,0.276,0.049,-0.036,0.034,0.044,0.04,0.083,-0.394,-0.387,-0.308,-0.502,0.171,0.081,-0.522,0.246
21,A1_1,0.276,1.0,-0.079,-0.139,-0.111,-0.162,0.051,-0.031,-0.252,-0.032,0.197,-0.273,0.044,-0.022,-0.385,0.017
21,A1_2,0.049,-0.079,1.0,0.381,0.048,-0.022,-0.279,0.356,0.457,-0.452,0.24,-0.197,-0.061,0.509,-0.177,0.337
21,A1_3,-0.036,-0.139,0.381,1.0,0.376,0.104,-0.321,0.015,0.616,-0.313,-0.192,0.12,0.031,0.165,0.238,-0.06
21,B1_1,0.034,-0.111,0.048,0.376,1.0,0.346,-0.368,0.336,0.023,-0.355,-0.21,0.386,0.043,-0.344,-0.411,-0.339
21,B1_2,0.044,-0.162,-0.022,0.104,0.346,1.0,-0.34,0.055,-0.06,0.118,-0.046,0.071,-0.26,-0.393,-0.229,0.295
21,B1_3,0.04,0.051,-0.279,-0.321,-0.368,-0.34,1.0,0.05,-0.404,0.398,0.029,0.366,0.124,0.084,0.175,-0.263
21,A2_1,0.083,-0.031,0.356,0.015,0.336,0.055,0.05,1.0,-0.373,-0.426,0.074,0.183,0.215,-0.105,-0.361,-0.322
21,A2_2,-0.394,-0.252,0.457,0.616,0.023,-0.06,-0.404,-0.373,1.0,0.014,0.012,0.153,-0.233,0.194,0.357,0.205
21,A2_3,-0.387,-0.032,-0.452,-0.313,-0.355,0.118,0.398,-0.426,0.014,1.0,0.033,0.421,-0.302,-0.249,0.279,-0.022
21,B2_1,-0.308,0.197,0.24,-0.192,-0.21,-0.046,0.029,0.074,0.012,0.033,1.0,-0.077,-0.187,0.284,0.297,0.256
21,B2_2,-0.502,-0.273,-0.197,0.12,0.386,0.071,0.366,0.183,0.153,0.421,-0.077,1.0,-0.1,-0.441,0.111,-0.514
21,B2_3,0.171,0.044,-0.061,0.031,0.043,-0.26,0.124,0.215,-0.233,-0.302,-0.187,-0.1,1.0,0.049,-0.054,0.085
21,y1,0.081,-0.022,0.509,0.165,-0.344,-0.393,0.084,-0.105,0.194,-0.249,0.284,-0.441,0.049,1.0,0.331,0.207
21,y2,-0.522,-0.385,-0.177,0.238,-0.411,-0.229,0.175,-0.361,0.357,0.279,0.297,0.111,-0.054,0.331,1.0,-0.092
21,y3,0.246,0.017,0.337,-0.06,-0.339,0.295,-0.263,-0.322,0.205,-0.022,0.256,-0.514,0.085,0.207,-0.092,1.0
22,.,1.0,0.276,0.049,-0.037,0.032,0.043,0.04,0.083,-0.394,-0.386,-0.308,-0.503,0.17,0.08,-0.522,0.247
22,A1_1,0.276,1.0,-0.08,-0.138,-0.112,-0.163,0.05,-0.03,-0.252,-0.032,0.196,-0.274,0.043,-0.023,-0.385,0.016
22,A1_2,0.049,-0.08,1.0,0.381,0.047,-0.022,-0.278,0.355,0.457,-0.453,0.24,-0.196,-0.061,0.509,-0.176,0.336
22,A1_3,-0.037,-0.138,0.381,1.0,0.376,0.104,-0.32,0.015,0.616,-0.313,-0.191,0.121,0.031,0.165,0.238,-0.061
22,B1_1,0.032,-0.112,0.047,0.376,1.0,0.348,-0.367,0.335,0.022,-0.355,-0.209,0.386,0.044,-0.344,-0.41,-0.34
22,B1_2,0.043,-0.163,-0.022,0.104,0.348,1.0,-0.338,0.055,-0.06,0.117,-0.045,0.073,-0.259,-0.392,-0.228,0.294
22,B1_3,0.04,0.05,-0.278,-0.32,-0.367,-0.338,1.0,0.051,-0.403,0.398,0.03,0.367,0.125,0.083,0.174,-0.263
22,A2_1,0.083,-0.03,0.355,0.015,0.335,0.055,0.051,1.0,-0.374,-0.426,0.074,0.184,0.216,-0.106,-0.361,-0.323
22,A2_2,-0.394,-0.252,0.457,0.616,0.022,-0.06,-0.403,-0.374,1.0,0.014,0.012,0.154,-0.233,0.194,0.357,0.204
22,A2_3,-0.386,-0.032,-0.453,-0.313,-0.355,0.117,0.398,-0.426,0.014,1.0,0.033,0.421,-0.301,-0.249,0.279,-0.023
22,B2_1,-0.308,0.196,0.24,-0.191,-0.209,-0.045,0.03,0.074,0.012,0.033,1.0,-0.076,-0.186,0.285,0.298,0.256
22,B2_2,-0.503,-0.274,-0.196,0.121,0.386,0.073,0.367,0.184,0.154,0.421,-0.076,1.0,-0.099,-0.441,0.111,-0.514
22,B2_3,0.17,0.043,-0.061,0.031,0.044,-0.259,0.125,0.216,-0.233,-0.301,-0.186,-0.099,1.0,0.049,-0.053,0.085
22,y1,0.08,-0.023,0.509,0.165,-0.344,-0.392,0.083,-0.106,0.194,-0.249,0.285,-0.441,0.049,1.0,0.331,0.207
22,y2,-0.522,-0.385,-0.176,0.238,-0.41,-0.228,0.174,-0.361,0.357,0.279,0.298,0.111,-0.053,0.331,1.0,-0.091
22,y3,0.247,0.016,0.336,-0.061,-0.34,0.294,-0.263,-0.323,0.204,-0.023,0.256,-0.514,0.085,0.207,-0.091,1.0
23,.,1.0,0.276,0.049,-0.038,0.031,0.042,0.039,0.081,-0.393,-0.386,-0.309,-0.503,0.169,0.079,-0.522,0.247
23,A1_1,0.276,1.0,-0.08,-0.138,-0.112,-0.164,0.05,-0.03,-0.252,-0.032,0.195,-0.274,0.042,-0.024,-0.385,0.016
23,A1_2,0.049,-0.08,1.0,0.381,0.047,-0.022,-0.278,0.355,0.456,-0.453,0.241,-0.196,-0.06,0.509,-0.175,0.336
23,A1_3,-0.038,-0.138,0.381,1.0,0.375,0.105,-0.318,0.015,0.616,-0.313,-0.191,0.121,0.032,0.164,0.237,-0.063
23,B1_1,0.031,-0.112,0.047,0.375,1.0,0.349,-0.364,0.335,0.022,-0.355,-0.207,0.387,0.045,-0.344,-0.41,-0.34
23,B1_2,0.042,-0.164,-0.022,0.105,0.349,1.0,-0.337,0.055,-0.06,0.117,-0.044,0.075,-0.258,-0.392,-0.227,0.293
