,,.,A1_1,A1_2,A1_3,B1_1,B1_2,B1_3,A2_1,A2_2,A2_3,B2_1,B2_2,B2_3,y1,y2,y3
1,.,1.0,0.901,0.944,0.968,0.966,0.935,0.916,0.958,0.946,0.977,0.911,0.937,0.942,0.863,0.97,0.926
1,A1_1,0.901,1.0,0.779,0.91,0.86,0.953,0.947,0.828,0.895,0.812,0.804,0.906,0.887,0.839,0.825,0.915
1,A1_2,0.944,0.779,1.0,0.855,0.962,0.811,0.779,0.926,0.878,0.945,0.916,0.815,0.888,0.685,0.912,0.812
1,A1_3,0.968,0.91,0.855,1.0,0.907,0.969,0.959,0.943,0.946,0.935,0.848,0.991,0.956,0.942,0.964,0.973
1,B1_1,0.966,0.86,0.962,0.907,1.0,0.872,0.874,0.932,0.915,0.937,0.892,0.869,0.911,0.736,0.913,0.88
1,B1_2,0.935,0.953,0.811,0.969,0.872,1.0,0.981,0.882,0.939,0.873,0.812,0.98,0.953,0.918,0.906,0.961
1,B1_3,0.916,0.947,0.779,0.959,0.874,0.981,1.0,0.878,0.901,0.859,0.746,0.963,0.939,0.912,0.896,0.944
1,A2_1,0.958,0.828,0.926,0.943,0.932,0.882,0.878,1.0,0.868,0.954,0.842,0.917,0.957,0.85,0.972,0.891
1,A2_2,0.946,0.895,0.878,0.946,0.915,0.939,0.901,0.868,1.0,0.901,0.94,0.937,0.91,0.817,0.899,0.97
1,A2_3,0.977,0.812,0.945,0.935,0.937,0.873,0.859,0.954,0.901,1.0,0.889,0.895,0.915,0.849,0.985,0.87
1,B2_1,0.911,0.804,0.916,0.848,0.892,0.812,0.746,0.842,0.94,0.889,1.0,0.813,0.827,0.679,0.849,0.869
1,B2_2,0.937,0.906,0.815,0.991,0.869,0.98,0.963,0.917,0.937,0.895,0.813,1.0,0.959,0.947,0.94,0.977
1,B2_3,0.942,0.887,0.888,0.956,0.911,0.953,0.939,0.957,0.91,0.915,0.827,0.959,1.0,0.876,0.946,0.935
1,y1,0.863,0.839,0.685,0.942,0.736,0.918,0.912,0.85,0.817,0.849,0.679,0.947,0.876,1.0,0.904,0.884
1,y2,0.97,0.825,0.912,0.964,0.913,0.906,0.896,0.972,0.899,0.985,0.849,0.94,0.946,0.904,1.0,0.902
1,y3,0.926,0.915,0.812,0.973,0.88,0.961,0.944,0.891,0.97,0.87,0.869,0.977,0.935,0.884,0.902,1.0
2,.,1.0,0.904,0.944,0.968,0.967,0.935,0.916,0.958,0.948,0.977,0.915,0.938,0.943,0.863,0.969,0.928
2,A1_1,0.904,1.0,0.781,0.912,0.863,0.954,0.948,0.827,0.899,0.816,0.811,0.907,0.888,0.842,0.827,0.919
2,A1_2,0.944,0.781,1.0,0.855,0.961,0.809,0.778,0.927,0.879,0.947,0.919,0.814,0.887,0.686,0.913,0.814
2,A1_3,0.968,0.912,0.855,1.0,0.909,0.969,0.96,0.942,0.948,0.935,0.853,0.991,0.957,0.942,0.963,0.974
2,B1_1,0.967,0.863,0.961,0.909,1.0,0.872,0.875,0.933,0.918,0.94,0.895,0.871,0.912,0.74,0.914,0.884
2,B1_2,0.935,0.954,0.809,0.969,0.872,1.0,0.982,0.88,0.941,0.874,0.816,0.98,0.953,0.919,0.906,0.963
2,B1_3,0.916,0.948,0.778,0.96,0.875,0.982,1.0,0.874,0.906,0.86,0.755,0.965,0.94,0.914,0.897,0.947
2,A2_1,0.958,0.827,0.927,0.942,0.933,0.88,0.874,1.0,0.87,0.956,0.848,0.915,0.956,0.848,0.97,0.891
2,A2_2,0.948,0.899,0.879,0.948,0.918,0.941,0.906,0.87,1.0,0.903,0.941,0.939,0.913,0.821,0.902,0.971
2,A2_3,0.977,0.816,0.947,0.935,0.94,0.874,0.86,0.956,0.903,1.0,0.895,0.896,0.919,0.848,0.985,0.872
2,B2_1,0.915,0.811,0.919,0.853,0.895,0.816,0.755,0.848,0.941,0.895,1.0,0.818,0.833,0.688,0.856,0.873
2,B2_2,0.938,0.907,0.814,0.991,0.871,0.98,0.965,0.915,0.939,0.896,0.818,1.0,0.96,0.948,0.94,0.978
2,B2_3,0.943,0.888,0.887,0.957,0.912,0.953,0.94,0.956,0.913,0.919,0.833,0.96,1.0,0.879,0.948,0.938
2,y1,0.863,0.842,0.686,0.942,0.74,0.919,0.914,0.848,0.821,0.848,0.688,0.948,0.879,1.0,0.904,0.887
2,y2,0.969,0.827,0.913,0.963,0.914,0.906,0.897,0.97,0.902,0.985,0.856,0.94,0.948,0.904,1.0,0.904
2,y3,0.928,0.919,0.814,0.974,0.884,0.963,0.947,0.891,0.971,0.872,0.873,0.978,0.938,0.887,0.904,1.0
3,.,1.0,0.907,0.945,0.969,0.968,0.935,0.917,0.959,0.95,0.977,0.92,0.938,0.944,0.864,0.968,0.93
3,A1_1,0.907,1.0,0.785,0.915,0.868,0.955,0.949,0.829,0.904,0.821,0.818,0.91,0.89,0.846,0.831,0.923
3,A1_2,0.945,0.785,1.0,0.856,0.961,0.81,0.78,0.928,0.881,0.95,0.923,0.815,0.887,0.688,0.914,0.817
3,A1_3,0.969,0.915,0.856,1.0,0.912,0.97,0.961,0.942,0.95,0.936,0.858,0.991,0.958,0.943,0.963,0.975
3,B1_1,0.968,0.868,0.961,0.912,1.0,0.874,0.877,0.934,0.921,0.942,0.899,0.874,0.914,0.746,0.915,0.888
3,B1_2,0.935,0.955,0.81,0.97,0.874,1.0,0.983,0.879,0.943,0.875,0.823,0.98,0.954,0.921,0.908,0.964
3,B1_3,0.917,0.949,0.78,0.961,0.877,0.983,1.0,0.872,0.911,0.861,0.766,0.967,0.941,0.917,0.898,0.95
3,A2_1,0.959,0.829,0.928,0.942,0.934,0.879,0.872,1.0,0.873,0.958,0.855,0.914,0.955,0.847,0.97,0.893
3,A2_2,0.95,0.904,0.881,0.95,0.921,0.943,0.911,0.873,1.0,0.906,0.943,0.942,0.918,0.826,0.906,0.972
3,A2_3,0.977,0.821,0.95,0.936,0.942,0.875,0.861,0.958,0.906,1.0,0.901,0.897,0.922,0.848,0.985,0.874
3,B2_1,0.92,0.818,0.923,0.858,0.899,0.823,0.766,0.855,0.943,0.901,1.0,0.825,0.841,0.698,0.864,0.878
3,B2_2,0.938,0.91,0.815,0.991,0.874,0.98,0.967,0.914,0.942,0.897,0.825,1.0,0.961,0.95,0.941,0.979
3,B2_3,0.944,0.89,0.887,0.958,0.914,0.954,0.941,0.955,0.918,0.922,0.841,0.961,1.0,0.882,0.949,0.941
3,y1,0.864,0.846,0.688,0.943,0.746,0.921,0.917,0.847,0.826,0.848,0.698,0.95,0.882,1.0,0.904,0.889
3,y2,0.968,0.831,0.914,0.963,0.915,0.908,0.898,0.97,0.906,0.985,0.864,0.941,0.949,0.904,1.0,0.905
3,y3,0.93,0.923,0.817,0.975,0.888,0.964,0.95,0.893,0.972,0.874,0.878,0.979,0.941,0.889,0.905,1.0
4,.,1.0,0.912,0.947,0.969,0.97,0.935,0.919,0.96,0.953,0.978,0.925,0.939,0.944,0.865,0.968,0.933
4,A1_1,0.912,1.0,0.791,0.919,0.873,0.957,0.951,0.833,0.91,0.826,0.827,0.913,0.894,0.85,0.837,0.927
4,A1_2,0.947,0.791,1.0,0.859,0.961,0.812,0.784,0.93,0.884,0.953,0.927,0.818,0.888,0.693,0.916,0.821
4,A1_3,0.969,0.919,0.859,1.0,0.915,0.97,0.962,0.943,0.952,0.937,0.865,0.991,0.959,0.943,0.963,0.976
4,B1_1,0.97,0.873,0.961,0.915,1.0,0.877,0.881,0.936,0.925,0.944,0.904,0.878,0.916,0.753,0.917,0.894
4,B1_2,0.935,0.957,0.812,0.97,0.877,1.0,0.984,0.88,0.946,0.877,0.83,0.981,0.956,0.923,0.91,0.966
4,B1_3,0.919,0.951,0.784,0.962,0.881,0.984,1.0,0.872,0.917,0.863,0.778,0.97,0.943,0.919,0.901,0.953
4,A2_1,0.96,0.833,0.93,0.943,0.936,0.88,0.872,1.0,0.877,0.959,0.862,0.914,0.954,0.847,0.969,0.895
4,A2_2,0.953,0.91,0.884,0.952,0.925,0.946,0.917,0.877,1.0,0.909,0.945,0.945,0.922,0.832,0.91,0.973
4,A2_3,0.978,0.826,0.953,0.937,0.944,0.877,0.863,0.959,0.909,1.0,0.907,0.899,0.924,0.848,0.985,0.877
4,B2_1,0.925,0.827,0.927,0.865,0.904,0.83,0.778,0.862,0.945,0.907,1.0,0.832,0.849,0.708,0.872,0.882
4,B2_2,0.939,0.913,0.818,0.991,0.878,0.981,0.97,0.914,0.945,0.899,0.832,1.0,0.962,0.951,0.943,0.98
4,B2_3,0.944,0.894,0.888,0.959,0.916,0.956,0.943,0.954,0.922,0.924,0.849,0.962,1.0,0.885,0.951,0.943
4,y1,0.865,0.85,0.693,0.943,0.753,0.923,0.919,0.847,0.832,0.848,0.708,0.951,0.885,1.0,0.905,0.893
4,y2,0.968,0.837,0.916,0.963,0.917,0.91,0.901,0.969,0.91,0.985,0.872,0.943,0.951,0.905,1.0,0.908
4,y3,0.933,0.927,0.821,0.976,0.894,0.966,0.953,0.895,0.973,0.877,0.882,0.98,0.943,0.893,0.908,1.0
5,.,1.0,0.916,0.948,0.97,0.971,0.936,0.92,0.96,0.955,0.978,0.929,0.939,0.945,0.865,0.967,0.935
5,A1_1,0.916,1.0,0.797,0.922,0.879,0.958,0.952,0.836,0.915,0.832,0.836,0.916,0.897,0.853,0.842,0.931
5,A1_2,0.948,0.797,1.0,0.861,0.961,0.815,0.788,0.932,0.887,0.955,0.93,0.82,0.888,0.697,0.918,0.825
5,A1_3,0.97,0.922,0.861,1.0,0.919,0.971,0.963,0.943,0.954,0.937,0.87,0.991,0.96,0.943,0.963,0.977
5,B1_1,0.971,0.879,0.961,0.919,1.0,0.88,0.885,0.938,0.928,0.947,0.908,0.882,0.918,0.759,0.919,0.898
5,B1_2,0.936,0.958,0.815,0.971,0.88,1.0,0.985,0.881,0.948,0.878,0.837,0.981,0.957,0.925,0.913,0.968
5,B1_3,0.92,0.952,0.788,0.963,0.885,0.985,1.0,0.872,0.922,0.865,0.788,0.971,0.945,0.921,0.903,0.956
5,A2_1,0.96,0.836,0.932,0.943,0.938,0.881,0.872,1.0,0.881,0.961,0.869,0.914,0.953,0.847,0.969,0.897
5,A2_2,0.955,0.915,0.887,0.954,0.928,0.948,0.922,0.881,1.0,0.912,0.947,0.947,0.925,0.837,0.913,0.974
5,A2_3,0.978,0.832,0.955,0.937,0.947,0.878,0.865,0.961,0.912,1.0,0.912,0.9,0.925,0.848,0.984,0.88
5,B2_1,0.929,0.836,0.93,0.87,0.908,0.837,0.788,0.869,0.947,0.912,1.0,0.838,0.855,0.717,0.878,0.887
5,B2_2,0.939,0.916,0.82,0.991,0.882,0.981,0.971,0.914,0.947,0.9,0.838,1.0,0.963,0.952,0.944,0.98
5,B2_3,0.945,0.897,0.888,0.96,0.918,0.957,0.945,0.953,0.925,0.925,0.855,0.963,1.0,0.888,0.953,0.946
5,y1,0.865,0.853,0.697,0.943,0.759,0.925,0.921,0.847,0.837,0.848,0.717,0.952,0.888,1.0,0.906,0.895
5,y2,0.967,0.842,0.918,0.963,0.919,0.913,0.903,0.969,0.913,0.984,0.878,0.944,0.953,0.906,1.0,0.91
5,y3,0.935,0.931,0.825,0.977,0.898,0.968,0.956,0.897,0.974,0.88,0.887,0.98,0.946,0.895,0.91,1.0
6,.,1.0,0.919,0.949,0.97,0.972,0.936,0.92,0.961,0.956,0.977,0.932,0.939,0.944,0.864,0.966,0.937
6,A1_1,0.919,1.0,0.803,0.925,0.884,0.96,0.953,0.84,0.919,0.836,0.843,0.919,0.899,0.856,0.846,0.935
6,A1_2,0.949,0.803,1.0,0.863,0.96,0.817,0.792,0.933,0.89,0.957,0.933,0.822,0.888,0.699,0.919,0.828
6,A1_3,0.97,0.925,0.863,1.0,0.921,0.971,0.964,0.944,0.956,0.937,0.875,0.991,0.96,0.943,0.963,0.978
6,B1_1,0.972,0.884,0.96,0.921,1.0,0.883,0.887,0.94,0.931,0.948,0.911,0.885,0.919,0.763,0.921,0.902
6,B1_2,0.936,0.96,0.817,0.971,0.883,1.0,0.986,0.882,0.95,0.879,0.843,0.982,0.959,0.926,0.915,0.969
6,B1_3,0.92,0.953,0.792,0.964,0.887,0.986,1.0,0.872,0.926,0.865,0.797,0.973,0.947,0.922,0.906,0.958
6,A2_1,0.961,0.84,0.933,0.944,0.94,0.882,0.872,1.0,0.884,0.962,0.875,0.914,0.951,0.846,0.969,0.899
6,A2_2,0.956,0.919,0.89,0.956,0.931,0.95,0.926,0.884,1.0,0.914,0.949,0.949,0.928,0.84,0.916,0.974
6,A2_3,0.977,0.836,0.957,0.937,0.948,0.879,0.865,0.962,0.914,1.0,0.916,0.9,0.925,0.847,0.983,0.881
6,B2_1,0.932,0.843,0.933,0.875,0.911,0.843,0.797,0.875,0.949,0.916,1.0,0.844,0.861,0.724,0.884,0.89
6,B2_2,0.939,0.919,0.822,0.991,0.885,0.982,0.973,0.914,0.949,0.9,0.844,1.0,0.964,0.953,0.945,0.981
6,B2_3,0.944,0.899,0.888,0.96,0.919,0.959,0.947,0.951,0.928,0.925,0.861,0.964,1.0,0.89,0.954,0.947
6,y1,0.864,0.856,0.699,0.943,0.763,0.926,0.922,0.846,0.84,0.847,0.724,0.953,0.89,1.0,0.906,0.897
6,y2,0.966,0.846,0.919,0.963,0.921,0.915,0.906,0.969,0.916,0.983,0.884,0.945,0.954,0.906,1.0,0.912
6,y3,0.937,0.935,0.828,0.978,0.902,0.969,0.958,0.899,0.974,0.881,0.89,0.981,0.947,0.897,0.912,1.0
7,.,1.0,0.922,0.949,0.97,0.974,0.935,0.92,0.961,0.957,0.977,0.935,0.938,0.942,0.862,0.965,0.938
7,A1_1,0.922,1.0,0.808,0.927,0.888,0.96,0.954,0.843,0.923,0.839,0.849,0.92,0.901,0.857,0.85,0.937
7,A1_2,0.949,0.808,1.0,0.865,0.96,0.819,0.795,0.934,0.892,0.959,0.935,0.823,0.887,0.7,0.919,0.83
7,A1_3,0.97,0.927,0.865,1.0,0.924,0.971,0.964,0.944,0.957,0.937,0.879,0.99,0.96,0.942,0.964,0.978
7,B1_1,0.974,0.888,0.96,0.924,1.0,0.885,0.89,0.941,0.934,0.95,0.914,0.888,0.92,0.766,0.922,0.905
7,B1_2,0.935,0.96,0.819,0.971,0.885,1.0,0.987,0.883,0.952,0.879,0.847,0.982,0.96,0.927,0.917,0.97
7,B1_3,0.92,0.954,0.795,0.964,0.89,0.987,1.0,0.872,0.93,0.865,0.805,0.975,0.949,0.923,0.908,0.959
7,A2_1,0.961,0.843,0.934,0.944,0.941,0.883,0.872,1.0,0.887,0.963,0.879,0.914,0.95,0.844,0.969,0.901
7,A2_2,0.957,0.923,0.892,0.957,0.934,0.952,0.93,0.887,1.0,0.915,0.95,0.95,0.93,0.842,0.918,0.975
7,A2_3,0.977,0.839,0.959,0.937,0.95,0.879,0.865,0.963,0.915,1.0,0.919,0.9,0.925,0.845,0.982,0.882
7,B2_1,0.935,0.849,0.935,0.879,0.914,0.847,0.805,0.879,0.95,0.919,1.0,0.848,0.866,0.729,0.888,0.893
7,B2_2,0.938,0.92,0.823,0.99,0.888,0.982,0.975,0.914,0.95,0.9,0.848,1.0,0.965,0.953,0.946,0.981
7,B2_3,0.942,0.901,0.887,0.96,0.92,0.96,0.949,0.95,0.93,0.925,0.866,0.965,1.0,0.892,0.955,0.948
7,y1,0.862,0.857,0.7,0.942,0.766,0.927,0.923,0.844,0.842,0.845,0.729,0.953,0.892,1.0,0.906,0.898
7,y2,0.965,0.85,0.919,0.964,0.922,0.917,0.908,0.969,0.918,0.982,0.888,0.946,0.955,0.906,1.0,0.913
7,y3,0.938,0.937,0.83,0.978,0.905,0.97,0.959,0.901,0.975,0.882,0.893,0.981,0.948,0.898,0.913,1.0
8,.,1.0,0.925,0.95,0.97,0.974,0.934,0.919,0.961,0.958,0.977,0.938,0.937,0.94,0.859,0.963,0.939
8,A1_1,0.925,1.0,0.811,0.929,0.892,0.961,0.954,0.845,0.926,0.841,0.853,0.922,0.902,0.858,0.853,0.939
8,A1_2,0.95,0.811,1.0,0.866,0.96,0.819,0.796,0.935,0.893,0.96,0.937,0.823,0.885,0.699,0.919,0.831
8,A1_3,0.97,0.929,0.866,1.0,0.926,0.971,0.964,0.944,0.958,0.937,0.882,0.99,0.959,0.941,0.964,0.979
8,B1_1,0.974,0.892,0.96,0.926,1.0,0.887,0.891,0.942,0.936,0.951,0.917,0.889,0.92,0.767,0.922,0.908
8,B1_2,0.934,0.961,0.819,0.971,0.887,1.0,0.988,0.883,0.953,0.878,0.851,0.983,0.961,0.927,0.918,0.971
8,B1_3,0.919,0.954,0.796,0.964,0.891,0.988,1.0,0.872,0.932,0.864,0.81,0.976,0.95,0.923,0.909,0.961
8,A2_1,0.961,0.845,0.935,0.944,0.942,0.883,0.872,1.0,0.889,0.963,0.883,0.913,0.948,0.842,0.968,0.902
8,A2_2,0.958,0.926,0.893,0.958,0.936,0.953,0.932,0.889,1.0,0.915,0.951,0.95,0.932,0.843,0.919,0.975
8,A2_3,0.977,0.841,0.96,0.937,0.951,0.878,0.864,0.963,0.915,1.0,0.921,0.898,0.922,0.841,0.981,0.882
8,B2_1,0.938,0.853,0.937,0.882,0.917,0.851,0.81,0.883,0.951,0.921,1.0,0.85,0.869,0.732,0.89,0.895
8,B2_2,0.937,0.922,0.823,0.99,0.889,0.983,0.976,0.913,0.95,0.898,0.85,1.0,0.966,0.953,0.947,0.981
8,B2_3,0.94,0.902,0.885,0.959,0.92,0.961,0.95,0.948,0.932,0.922,0.869,0.966,1.0,0.892,0.955,0.949
8,y1,0.859,0.858,0.699,0.941,0.767,0.927,0.923,0.842,0.843,0.841,0.732,0.953,0.892,1.0,0.906,0.898
8,y2,0.963,0.853,0.919,0.964,0.922,0.918,0.909,0.968,0.919,0.981,0.89,0.947,0.955,0.906,1.0,0.914
8,y3,0.939,0.939,0.831,0.979,0.908,0.971,0.961,0.902,0.975,0.882,0.895,0.981,0.949,0.898,0.914,1.0
9,.,1.0,0.927,0.95,0.969,0.975,0.933,0.918,0.961,0.959,0.976,0.939,0.935,0.937,0.855,0.961,0.939
9,A1_1,0.927,1.0,0.814,0.931,0.895,0.961,0.955,0.847,0.928,0.843,0.857,0.923,0.903,0.857,0.855,0.941
9,A1_2,0.95,0.814,1.0,0.866,0.959,0.819,0.796,0.936,0.894,0.96,0.938,0.822,0.883,0.696,0.918,0.832
9,A1_3,0.969,0.931,0.866,1.0,0.927,0.971,0.964,0.944,0.958,0.936,0.884,0.989,0.958,0.94,0.963,0.979
9,B1_1,0.975,0.895,0.959,0.927,1.0,0.888,0.892,0.943,0.938,0.951,0.919,0.89,0.92,0.767,0.922,0.91
9,B1_2,0.933,0.961,0.819,0.971,0.888,1.0,0.988,0.883,0.953,0.876,0.854,0.983,0.962,0.927,0.919,0.972
9,B1_3,0.918,0.955,0.796,0.964,0.892,0.988,1.0,0.871,0.934,0.862,0.814,0.977,0.951,0.923,0.91,0.961
9,A2_1,0.961,0.847,0.936,0.944,0.943,0.883,0.871,1.0,0.891,0.963,0.886,0.913,0.946,0.839,0.967,0.902
9,A2_2,0.959,0.928,0.894,0.958,0.938,0.953,0.934,0.891,1.0,0.915,0.952,0.951,0.933,0.843,0.92,0.976
9,A2_3,0.976,0.843,0.96,0.936,0.951,0.876,0.862,0.963,0.915,1.0,0.923,0.896,0.92,0.837,0.979,0.881
9,B2_1,0.939,0.857,0.938,0.884,0.919,0.854,0.814,0.886,0.952,0.923,1.0,0.853,0.872,0.733,0.893,0.897
9,B2_2,0.935,0.923,0.822,0.989,0.89,0.983,0.977,0.913,0.951,0.896,0.853,1.0,0.966,0.953,0.948,0.981
9,B2_3,0.937,0.903,0.883,0.958,0.92,0.962,0.951,0.946,0.933,0.92,0.872,0.966,1.0,0.891,0.955,0.95
9,y1,0.855,0.857,0.696,0.94,0.767,0.927,0.923,0.839,0.843,0.837,0.733,0.953,0.891,1.0,0.905,0.897
9,y2,0.961,0.855,0.918,0.963,0.922,0.919,0.91,0.967,0.92,0.979,0.893,0.948,0.955,0.905,1.0,0.914
9,y3,0.939,0.941,0.832,0.979,0.91,0.972,0.961,0.902,0.976,0.881,0.897,0.981,0.95,0.897,0.914,1.0
10,.,1.0,0.928,0.95,0.969,0.976,0.931,0.916,0.961,0.959,0.975,0.941,0.932,0.934,0.85,0.959,0.939
10,A1_1,0.928,1.0,0.815,0.932,0.897,0.961,0.954,0.849,0.93,0.843,0.86,0.923,0.903,0.856,0.856,0.942
10,A1_2,0.95,0.815,1.0,0.865,0.959,0.818,0.794,0.936,0.895,0.961,0.939,0.821,0.88,0.691,0.916,0.832
10,A1_3,0.969,0.932,0.865,1.0,0.928,0.971,0.963,0.944,0.959,0.935,0.885,0.989,0.957,0.938,0.963,0.979
10,B1_1,0.976,0.897,0.959,0.928,1.0,0.888,0.892,0.944,0.939,0.952,0.92,0.891,0.919,0.766,0.922,0.912
10,B1_2,0.931,0.961,0.818,0.971,0.888,1.0,0.989,0.882,0.954,0.873,0.856,0.983,0.962,0.926,0.919,0.972
10,B1_3,0.916,0.954,0.794,0.963,0.892,0.989,1.0,0.87,0.935,0.858,0.817,0.978,0.951,0.923,0.91,0.962
10,A2_1,0.961,0.849,0.936,0.944,0.944,0.882,0.87,1.0,0.892,0.963,0.889,0.912,0.943,0.835,0.966,0.903
10,A2_2,0.959,0.93,0.895,0.959,0.939,0.954,0.935,0.892,1.0,0.914,0.953,0.951,0.934,0.841,0.921,0.976
10,A2_3,0.975,0.843,0.961,0.935,0.952,0.873,0.858,0.963,0.914,1.0,0.924,0.893,0.916,0.831,0.977,0.879
10,B2_1,0.941,0.86,0.939,0.885,0.92,0.856,0.817,0.889,0.953,0.924,1.0,0.854,0.873,0.733,0.894,0.898
10,B2_2,0.932,0.923,0.821,0.989,0.891,0.983,0.978,0.912,0.951,0.893,0.854,1.0,0.966,0.952,0.948,0.981
10,B2_3,0.934,0.903,0.88,0.957,0.919,0.962,0.951,0.943,0.934,0.916,0.873,0.966,1.0,0.89,0.955,0.95
10,y1,0.85,0.856,0.691,0.938,0.766,0.926,0.923,0.835,0.841,0.831,0.733,0.952,0.89,1.0,0.905,0.896
10,y2,0.959,0.856,0.916,0.963,0.922,0.919,0.91,0.966,0.921,0.977,0.894,0.948,0.955,0.905,1.0,0.914
10,y3,0.939,0.942,0.832,0.979,0.912,0.972,0.962,0.903,0.976,0.879,0.898,0.981,0.95,0.896,0.914,1.0
11,.,1.0,0.929,0.95,0.967,0.976,0.928,0.912,0.961,0.958,0.974,0.942,0.929,0.93,0.844,0.956,0.938
11,A1_1,0.929,1.0,0.816,0.932,0.899,0.961,0.954,0.849,0.931,0.843,0.862,0.923,0.903,0.854,0.857,0.943
11,A1_2,0.95,0.816,1.0,0.864,0.958,0.815,0.792,0.936,0.895,0.961,0.94,0.818,0.876,0.685,0.913,0.831
11,A1_3,0.967,0.932,0.864,1.0,0.928,0.97,0.963,0.944,0.959,0.933,0.886,0.988,0.955,0.936,0.963,0.979
11,B1_1,0.976,0.899,0.958,0.928,1.0,0.888,0.891,0.944,0.94,0.952,0.921,0.89,0.918,0.763,0.921,0.913
11,B1_2,0.928,0.961,0.815,0.97,0.888,1.0,0.989,0.881,0.954,0.869,0.857,0.984,0.963,0.924,0.92,0.973
11,B1_3,0.912,0.954,0.792,0.963,0.891,0.989,1.0,0.868,0.936,0.854,0.819,0.978,0.952,0.922,0.91,0.962
11,A2_1,0.961,0.849,0.936,0.944,0.944,0.881,0.868,1.0,0.893,0.963,0.891,0.91,0.941,0.83,0.965,0.902
11,A2_2,0.958,0.931,0.895,0.959,0.94,0.954,0.936,0.893,1.0,0.913,0.953,0.951,0.934,0.839,0.92,0.976
11,A2_3,0.974,0.843,0.961,0.933,0.952,0.869,0.854,0.963,0.913,1.0,0.925,0.889,0.911,0.824,0.975,0.877
11,B2_1,0.942,0.862,0.94,0.886,0.921,0.857,0.819,0.891,0.953,0.925,1.0,0.854,0.874,0.731,0.894,0.898
11,B2_2,0.929,0.923,0.818,0.988,0.89,0.984,0.978,0.91,0.951,0.889,0.854,1.0,0.966,0.951,0.948,0.981
11,B2_3,0.93,0.903,0.876,0.955,0.918,0.963,0.952,0.941,0.934,0.911,0.874,0.966,1.0,0.888,0.954,0.95
11,y1,0.844,0.854,0.685,0.936,0.763,0.924,0.922,0.83,0.839,0.824,0.731,0.951,0.888,1.0,0.903,0.894
11,y2,0.956,0.857,0.913,0.963,0.921,0.92,0.91,0.965,0.92,0.975,0.894,0.948,0.954,0.903,1.0,0.914
11,y3,0.938,0.943,0.831,0.979,0.913,0.973,0.962,0.902,0.976,0.877,0.898,0.981,0.95,0.894,0.914,1.0
12,.,1.0,0.93,0.949,0.966,0.976,0.925,0.908,0.96,0.958,0.973,0.942,0.926,0.925,0.837,0.953,0.937
12,A1_1,0.93,1.0,0.817,0.933,0.901,0.961,0.953,0.85,0.932,0.842,0.864,0.923,0.902,0.851,0.857,0.944
12,A1_2,0.949,0.817,1.0,0.862,0.957,0.812,0.788,0.935,0.894,0.961,0.94,0.814,0.872,0.676,0.91,0.829
12,A1_3,0.966,0.933,0.862,1.0,0.929,0.969,0.961,0.943,0.958,0.931,0.886,0.987,0.954,0.933,0.962,0.979
12,B1_1,0.976,0.901,0.957,0.929,1.0,0.888,0.89,0.945,0.941,0.951,0.922,0.89,0.916,0.76,0.919,0.914
12,B1_2,0.925,0.961,0.812,0.969,0.888,1.0,0.989,0.88,0.954,0.865,0.858,0.984,0.963,0.923,0.919,0.973
12,B1_3,0.908,0.953,0.788,0.961,0.89,0.989,1.0,0.865,0.936,0.848,0.82,0.979,0.952,0.921,0.91,0.963
12,A2_1,0.96,0.85,0.935,0.943,0.945,0.88,0.865,1.0,0.893,0.962,0.892,0.908,0.938,0.825,0.964,0.902
12,A2_2,0.958,0.932,0.894,0.958,0.941,0.954,0.936,0.893,1.0,0.911,0.953,0.95,0.934,0.836,0.92,0.976
12,A2_3,0.973,0.842,0.961,0.931,0.951,0.865,0.848,0.962,0.911,1.0,0.925,0.884,0.905,0.817,0.972,0.874
12,B2_1,0.942,0.864,0.94,0.886,0.922,0.858,0.82,0.892,0.953,0.925,1.0,0.854,0.875,0.728,0.894,0.899
12,B2_2,0.926,0.923,0.814,0.987,0.89,0.984,0.979,0.908,0.95,0.884,0.854,1.0,0.966,0.95,0.948,0.98
12,B2_3,0.925,0.902,0.872,0.954,0.916,0.963,0.952,0.938,0.934,0.905,0.875,0.966,1.0,0.885,0.953,0.949
12,y1,0.837,0.851,0.676,0.933,0.76,0.923,0.921,0.825,0.836,0.817,0.728,0.95,0.885,1.0,0.902,0.892
12,y2,0.953,0.857,0.91,0.962,0.919,0.919,0.91,0.964,0.92,0.972,0.894,0.948,0.953,0.902,1.0,0.913
12,y3,0.937,0.944,0.829,0.979,0.914,0.973,0.963,0.902,0.976,0.874,0.899,0.98,0.949,0.892,0.913,1.0
13,.,1.0,0.93,0.949,0.964,0.976,0.921,0.903,0.959,0.957,0.972,0.942,0.921,0.919,0.828,0.949,0.935
13,A1_1,0.93,1.0,0.816,0.933,0.902,0.96,0.952,0.849,0.933,0.84,0.865,0.922,0.901,0.848,0.856,0.944
13,A1_2,0.949,0.816,1.0,0.859,0.956,0.808,0.783,0.935,0.893,0.96,0.94,0.809,0.866,0.667,0.906,0.827
13,A1_3,0.964,0.933,0.859,1.0,0.929,0.968,0.96,0.942,0.958,0.929,0.886,0.986,0.951,0.931,0.962,0.979
13,B1_1,0.976,0.902,0.956,0.929,1.0,0.887,0.889,0.945,0.942,0.951,0.923,0.889,0.914,0.755,0.918,0.914
13,B1_2,0.921,0.96,0.808,0.968,0.887,1.0,0.989,0.878,0.954,0.859,0.858,0.984,0.964,0.92,0.919,0.973
13,B1_3,0.903,0.952,0.783,0.96,0.889,0.989,1.0,0.862,0.935,0.842,0.82,0.979,0.952,0.92,0.909,0.962
13,A2_1,0.959,0.849,0.935,0.942,0.945,0.878,0.862,1.0,0.893,0.961,0.893,0.906,0.934,0.819,0.962,0.901
13,A2_2,0.957,0.933,0.893,0.958,0.942,0.954,0.935,0.893,1.0,0.909,0.954,0.949,0.934,0.832,0.919,0.976
13,A2_3,0.972,0.84,0.96,0.929,0.951,0.859,0.842,0.961,0.909,1.0,0.925,0.879,0.898,0.808,0.968,0.871
13,B2_1,0.942,0.865,0.94,0.886,0.923,0.858,0.82,0.893,0.954,0.925,1.0,0.854,0.875,0.723,0.893,0.898
13,B2_2,0.921,0.922,0.809,0.986,0.889,0.984,0.979,0.906,0.949,0.879,0.854,1.0,0.966,0.948,0.948,0.98
13,B2_3,0.919,0.901,0.866,0.951,0.914,0.964,0.952,0.934,0.934,0.898,0.875,0.966,1.0,0.882,0.951,0.949
13,y1,0.828,0.848,0.667,0.931,0.755,0.92,0.92,0.819,0.832,0.808,0.723,0.948,0.882,1.0,0.901,0.889
13,y2,0.949,0.856,0.906,0.962,0.918,0.919,0.909,0.962,0.919,0.968,0.893,0.948,0.951,0.901,1.0,0.913
13,y3,0.935,0.944,0.827,0.979,0.914,0.973,0.962,0.901,0.976,0.871,0.898,0.98,0.949,0.889,0.913,1.0
14,.,1.0,0.93,0.948,0.963,0.976,0.916,0.898,0.958,0.955,0.97,0.942,0.916,0.912,0.819,0.944,0.933
14,A1_1,0.93,1.0,0.815,0.933,0.903,0.96,0.95,0.849,0.934,0.837,0.866,0.921,0.899,0.844,0.855,0.944
14,A1_2,0.948,0.815,1.0,0.856,0.955,0.803,0.777,0.934,0.892,0.96,0.94,0.804,0.86,0.656,0.901,0.823
14,A1_3,0.963,0.933,0.856,1.0,0.928,0.967,0.958,0.941,0.957,0.926,0.886,0.985,0.948,0.928,0.961,0.978
14,B1_1,0.976,0.903,0.955,0.928,1.0,0.886,0.886,0.945,0.942,0.949,0.924,0.888,0.912,0.75,0.915,0.914
14,B1_2,0.916,0.96,0.803,0.967,0.886,1.0,0.989,0.876,0.953,0.852,0.858,0.984,0.964,0.917,0.918,0.973
14,B1_3,0.898,0.95,0.777,0.958,0.886,0.989,1.0,0.859,0.935,0.834,0.82,0.979,0.952,0.918,0.908,0.962
14,A2_1,0.958,0.849,0.934,0.941,0.945,0.876,0.859,1.0,0.893,0.96,0.894,0.903,0.93,0.812,0.96,0.9
14,A2_2,0.955,0.934,0.892,0.957,0.942,0.953,0.935,0.893,1.0,0.905,0.954,0.948,0.933,0.827,0.918,0.975
14,A2_3,0.97,0.837,0.96,0.926,0.949,0.852,0.834,0.96,0.905,1.0,0.923,0.872,0.89,0.798,0.964,0.866
14,B2_1,0.942,0.866,0.94,0.886,0.924,0.858,0.82,0.894,0.954,0.923,1.0,0.852,0.874,0.718,0.892,0.898
14,B2_2,0.916,0.921,0.804,0.985,0.888,0.984,0.979,0.903,0.948,0.872,0.852,1.0,0.966,0.946,0.947,0.98
14,B2_3,0.912,0.899,0.86,0.948,0.912,0.964,0.952,0.93,0.933,0.89,0.874,0.966,1.0,0.878,0.949,0.948
14,y1,0.819,0.844,0.656,0.928,0.75,0.917,0.918,0.812,0.827,0.798,0.718,0.946,0.878,1.0,0.899,0.886
14,y2,0.944,0.855,0.901,0.961,0.915,0.918,0.908,0.96,0.918,0.964,0.892,0.947,0.949,0.899,1.0,0.911
14,y3,0.933,0.944,0.823,0.978,0.914,0.973,0.962,0.9,0.975,0.866,0.898,0.98,0.948,0.886,0.911,1.0
15,.,1.0,0.929,0.948,0.96,0.975,0.911,0.891,0.957,0.953,0.969,0.941,0.909,0.904,0.808,0.939,0.93
15,A1_1,0.929,1.0,0.814,0.932,0.903,0.959,0.949,0.849,0.934,0.834,0.866,0.92,0.898,0.838,0.854,0.944
15,A1_2,0.948,0.814,1.0,0.853,0.953,0.798,0.77,0.933,0.89,0.959,0.939,0.797,0.853,0.644,0.895,0.82
15,A1_3,0.96,0.932,0.853,1.0,0.928,0.965,0.956,0.94,0.956,0.922,0.885,0.983,0.945,0.924,0.961,0.977
15,B1_1,0.975,0.903,0.953,0.928,1.0,0.885,0.884,0.945,0.942,0.948,0.924,0.886,0.909,0.743,0.913,0.914
15,B1_2,0.911,0.959,0.798,0.965,0.885,1.0,0.989,0.873,0.953,0.844,0.857,0.983,0.964,0.914,0.916,0.973
15,B1_3,0.891,0.949,0.77,0.956,0.884,0.989,1.0,0.854,0.934,0.824,0.818,0.98,0.952,0.915,0.907,0.962
15,A2_1,0.957,0.849,0.933,0.94,0.945,0.873,0.854,1.0,0.892,0.959,0.894,0.9,0.926,0.804,0.958,0.899
15,A2_2,0.953,0.934,0.89,0.956,0.942,0.953,0.934,0.892,1.0,0.901,0.954,0.947,0.932,0.821,0.916,0.975
15,A2_3,0.969,0.834,0.959,0.922,0.948,0.844,0.824,0.959,0.901,1.0,0.922,0.864,0.88,0.787,0.96,0.861
15,B2_1,0.941,0.866,0.939,0.885,0.924,0.857,0.818,0.894,0.954,0.922,1.0,0.851,0.873,0.712,0.89,0.897
15,B2_2,0.909,0.92,0.797,0.983,0.886,0.983,0.98,0.9,0.947,0.864,0.851,1.0,0.965,0.944,0.947,0.979
15,B2_3,0.904,0.898,0.853,0.945,0.909,0.964,0.952,0.926,0.932,0.88,0.873,0.965,1.0,0.874,0.947,0.947
15,y1,0.808,0.838,0.644,0.924,0.743,0.914,0.915,0.804,0.821,0.787,0.712,0.944,0.874,1.0,0.897,0.882
15,y2,0.939,0.854,0.895,0.961,0.913,0.916,0.907,0.958,0.916,0.96,0.89,0.947,0.947,0.897,1.0,0.91
15,y3,0.93,0.944,0.82,0.977,0.914,0.973,0.962,0.899,0.975,0.861,0.897,0.979,0.947,0.882,0.91,1.0
16,.,1.0,0.928,0.947,0.957,0.974,0.904,0.882,0.956,0.951,0.967,0.94,0.902,0.895,0.795,0.932,0.927
16,A1_1,0.928,1.0,0.811,0.931,0.903,0.957,0.947,0.847,0.934,0.829,0.866,0.918,0.895,0.832,0.851,0.944
16,A1_2,0.947,0.811,1.0,0.848,0.951,0.79,0.76,0.932,0.887,0.958,0.938,0.789,0.844,0.629,0.888,0.815
16,A1_3,0.957,0.931,0.848,1.0,0.927,0.963,0.954,0.939,0.955,0.918,0.883,0.982,0.942,0.921,0.96,0.977
16,B1_1,0.974,0.903,0.951,0.927,1.0,0.882,0.88,0.945,0.943,0.945,0.924,0.883,0.906,0.735,0.909,0.914
16,B1_2,0.904,0.957,0.79,0.963,0.882,1.0,0.989,0.869,0.952,0.834,0.856,0.983,0.964,0.91,0.914,0.973
16,B1_3,0.882,0.947,0.76,0.954,0.88,0.989,1.0,0.849,0.932,0.813,0.816,0.98,0.952,0.912,0.905,0.961
16,A2_1,0.956,0.847,0.932,0.939,0.945,0.869,0.849,1.0,0.891,0.957,0.894,0.896,0.921,0.795,0.955,0.897
16,A2_2,0.951,0.934,0.887,0.955,0.943,0.952,0.932,0.891,1.0,0.896,0.954,0.946,0.931,0.814,0.913,0.974
16,A2_3,0.967,0.829,0.958,0.918,0.945,0.834,0.813,0.957,0.896,1.0,0.919,0.855,0.869,0.774,0.954,0.854
16,B2_1,0.94,0.866,0.938,0.883,0.924,0.856,0.816,0.894,0.954,0.919,1.0,0.848,0.872,0.704,0.887,0.896
16,B2_2,0.902,0.918,0.789,0.982,0.883,0.983,0.98,0.896,0.946,0.855,0.848,1.0,0.965,0.941,0.946,0.979
16,B2_3,0.895,0.895,0.844,0.942,0.906,0.964,0.952,0.921,0.931,0.869,0.872,0.965,1.0,0.868,0.944,0.946
16,y1,0.795,0.832,0.629,0.921,0.735,0.91,0.912,0.795,0.814,0.774,0.704,0.941,0.868,1.0,0.896,0.878
16,y2,0.932,0.851,0.888,0.96,0.909,0.914,0.905,0.955,0.913,0.954,0.887,0.946,0.944,0.896,1.0,0.908
16,y3,0.927,0.944,0.815,0.977,0.914,0.973,0.961,0.897,0.974,0.854,0.896,0.979,0.946,0.878,0.908,1.0
17,.,1.0,0.926,0.945,0.954,0.973,0.896,0.872,0.954,0.948,0.965,0.938,0.894,0.884,0.781,0.925,0.922
17,A1_1,0.926,1.0,0.808,0.93,0.904,0.956,0.944,0.846,0.934,0.824,0.866,0.916,0.892,0.825,0.849,0.944
17,A1_2,0.945,0.808,1.0,0.844,0.949,0.782,0.75,0.93,0.885,0.957,0.937,0.78,0.835,0.614,0.881,0.81
17,A1_3,0.954,0.93,0.844,1.0,0.926,0.961,0.951,0.937,0.953,0.914,0.881,0.98,0.937,0.917,0.959,0.976
17,B1_1,0.973,0.904,0.949,0.926,1.0,0.88,0.876,0.944,0.943,0.943,0.924,0.881,0.902,0.727,0.905,0.914
17,B1_2,0.896,0.956,0.782,0.961,0.88,1.0,0.989,0.865,0.951,0.822,0.854,0.983,0.964,0.905,0.912,0.973
17,B1_3,0.872,0.944,0.75,0.951,0.876,0.989,1.0,0.843,0.931,0.8,0.813,0.98,0.952,0.909,0.903,0.96
17,A2_1,0.954,0.846,0.93,0.937,0.944,0.865,0.843,1.0,0.89,0.955,0.894,0.892,0.915,0.786,0.952,0.895
17,A2_2,0.948,0.934,0.885,0.953,0.943,0.951,0.931,0.89,1.0,0.891,0.954,0.944,0.929,0.807,0.91,0.974
17,A2_3,0.965,0.824,0.957,0.914,0.943,0.822,0.8,0.955,0.891,1.0,0.916,0.844,0.856,0.76,0.948,0.846
17,B2_1,0.938,0.866,0.937,0.881,0.924,0.854,0.813,0.894,0.954,0.916,1.0,0.846,0.87,0.696,0.883,0.895
17,B2_2,0.894,0.916,0.78,0.98,0.881,0.983,0.98,0.892,0.944,0.844,0.846,1.0,0.964,0.938,0.945,0.978
17,B2_3,0.884,0.892,0.835,0.937,0.902,0.964,0.952,0.915,0.929,0.856,0.87,0.964,1.0,0.862,0.941,0.945
17,y1,0.781,0.825,0.614,0.917,0.727,0.905,0.909,0.786,0.807,0.76,0.696,0.938,0.862,1.0,0.894,0.873
17,y2,0.925,0.849,0.881,0.959,0.905,0.912,0.903,0.952,0.91,0.948,0.883,0.945,0.941,0.894,1.0,0.906
17,y3,0.922,0.944,0.81,0.976,0.914,0.973,0.96,0.895,0.974,0.846,0.895,0.978,0.945,0.873,0.906,1.0
18,.,1.0,0.924,0.944,0.95,0.971,0.886,0.86,0.952,0.944,0.963,0.936,0.884,0.872,0.766,0.917,0.917
18,A1_1,0.924,1.0,0.805,0.929,0.904,0.954,0.941,0.844,0.934,0.818,0.865,0.914,0.889,0.818,0.846,0.943
18,A1_2,0.944,0.805,1.0,0.839,0.947,0.773,0.739,0.929,0.881,0.955,0.935,0.771,0.825,0.597,0.872,0.804
18,A1_3,0.95,0.929,0.839,1.0,0.925,0.958,0.947,0.935,0.952,0.909,0.879,0.978,0.933,0.912,0.958,0.975
18,B1_1,0.971,0.904,0.947,0.925,1.0,0.878,0.872,0.944,0.943,0.939,0.924,0.878,0.899,0.718,0.901,0.913
18,B1_2,0.886,0.954,0.773,0.958,0.878,1.0,0.989,0.861,0.949,0.809,0.852,0.983,0.964,0.9,0.909,0.973
18,B1_3,0.86,0.941,0.739,0.947,0.872,0.989,1.0,0.837,0.929,0.785,0.811,0.98,0.951,0.906,0.9,0.959
18,A2_1,0.952,0.844,0.929,0.935,0.944,0.861,0.837,1.0,0.889,0.952,0.893,0.888,0.909,0.776,0.949,0.893
18,A2_2,0.944,0.934,0.881,0.952,0.943,0.949,0.929,0.889,1.0,0.884,0.954,0.942,0.928,0.798,0.907,0.973
18,A2_3,0.963,0.818,0.955,0.909,0.939,0.809,0.785,0.952,0.884,1.0,0.912,0.832,0.841,0.744,0.941,0.838
18,B2_1,0.936,0.865,0.935,0.879,0.924,0.852,0.811,0.893,0.954,0.912,1.0,0.843,0.868,0.687,0.879,0.893
18,B2_2,0.884,0.914,0.771,0.978,0.878,0.983,0.98,0.888,0.942,0.832,0.843,1.0,0.963,0.935,0.943,0.977
18,B2_3,0.872,0.889,0.825,0.933,0.899,0.964,0.951,0.909,0.928,0.841,0.868,0.963,1.0,0.855,0.937,0.943
18,y1,0.766,0.818,0.597,0.912,0.718,0.9,0.906,0.776,0.798,0.744,0.687,0.935,0.855,1.0,0.892,0.868
18,y2,0.917,0.846,0.872,0.958,0.901,0.909,0.9,0.949,0.907,0.941,0.879,0.943,0.937,0.892,1.0,0.903
18,y3,0.917,0.943,0.804,0.975,0.913,0.973,0.959,0.893,0.973,0.838,0.893,0.977,0.943,0.868,0.903,1.0
19,.,1.0,0.921,0.943,0.946,0.969,0.875,0.847,0.95,0.939,0.96,0.933,0.872,0.857,0.748,0.907,0.911
19,A1_1,0.921,1.0,0.801,0.927,0.904,0.952,0.938,0.842,0.933,0.811,0.865,0.911,0.886,0.809,0.842,0.942
19,A1_2,0.943,0.801,1.0,0.833,0.944,0.763,0.726,0.927,0.878,0.954,0.933,0.76,0.813,0.578,0.862,0.797
19,A1_3,0.946,0.927,0.833,1.0,0.923,0.955,0.943,0.933,0.95,0.903,0.877,0.975,0.927,0.907,0.956,0.973
19,B1_1,0.969,0.904,0.944,0.923,1.0,0.875,0.868,0.943,0.943,0.935,0.923,0.875,0.895,0.708,0.896,0.912
19,B1_2,0.875,0.952,0.763,0.955,0.875,1.0,0.988,0.855,0.948,0.794,0.85,0.982,0.963,0.894,0.906,0.973
19,B1_3,0.847,0.938,0.726,0.943,0.868,0.988,1.0,0.829,0.926,0.767,0.807,0.98,0.951,0.901,0.897,0.958
19,A2_1,0.95,0.842,0.927,0.933,0.943,0.855,0.829,1.0,0.887,0.949,0.892,0.882,0.902,0.765,0.944,0.89
19,A2_2,0.939,0.933,0.878,0.95,0.943,0.948,0.926,0.887,1.0,0.876,0.954,0.94,0.926,0.789,0.903,0.972
19,A2_3,0.96,0.811,0.954,0.903,0.935,0.794,0.767,0.949,0.876,1.0,0.908,0.818,0.824,0.726,0.932,0.828
19,B2_1,0.933,0.865,0.933,0.877,0.923,0.85,0.807,0.892,0.954,0.908,1.0,0.84,0.865,0.677,0.875,0.892
19,B2_2,0.872,0.911,0.76,0.975,0.875,0.982,0.98,0.882,0.94,0.818,0.84,1.0,0.962,0.932,0.942,0.977
19,B2_3,0.857,0.886,0.813,0.927,0.895,0.963,0.951,0.902,0.926,0.824,0.865,0.962,1.0,0.847,0.933,0.942
19,y1,0.748,0.809,0.578,0.907,0.708,0.894,0.901,0.765,0.789,0.726,0.677,0.932,0.847,1.0,0.89,0.862
19,y2,0.907,0.842,0.862,0.956,0.896,0.906,0.897,0.944,0.903,0.932,0.875,0.942,0.933,0.89,1.0,0.901
19,y3,0.911,0.942,0.797,0.973,0.912,0.973,0.958,0.89,0.972,0.828,0.892,0.977,0.942,0.862,0.901,1.0
20,.,1.0,0.917,0.941,0.94,0.965,0.862,0.83,0.947,0.933,0.957,0.929,0.858,0.84,0.728,0.894,0.903
20,A1_1,0.917,1.0,0.796,0.925,0.903,0.95,0.934,0.839,0.933,0.802,0.864,0.908,0.881,0.799,0.837,0.941
20,A1_2,0.941,0.796,1.0,0.826,0.941,0.751,0.711,0.925,0.873,0.951,0.93,0.747,0.799,0.556,0.85,0.788
20,A1_3,0.94,0.925,0.826,1.0,0.921,0.951,0.938,0.931,0.947,0.896,0.874,0.973,0.921,0.901,0.955,0.972
20,B1_1,0.965,0.903,0.941,0.921,1.0,0.872,0.862,0.942,0.943,0.929,0.923,0.871,0.89,0.696,0.89,0.911
20,B1_2,0.862,0.95,0.751,0.951,0.872,1.0,0.988,0.849,0.946,0.776,0.848,0.982,0.963,0.887,0.902,0.972
20,B1_3,0.83,0.934,0.711,0.938,0.862,0.988,1.0,0.82,0.923,0.746,0.803,0.98,0.95,0.896,0.894,0.957
20,A2_1,0.947,0.839,0.925,0.931,0.942,0.849,0.82,1.0,0.885,0.946,0.891,0.876,0.894,0.752,0.939,0.887
20,A2_2,0.933,0.933,0.873,0.947,0.943,0.946,0.923,0.885,1.0,0.866,0.954,0.937,0.923,0.779,0.898,0.971
20,A2_3,0.957,0.802,0.951,0.896,0.929,0.776,0.746,0.946,0.866,1.0,0.901,0.801,0.803,0.706,0.921,0.815
20,B2_1,0.929,0.864,0.93,0.874,0.923,0.848,0.803,0.891,0.954,0.901,1.0,0.836,0.862,0.666,0.869,0.889
20,B2_2,0.858,0.908,0.747,0.973,0.871,0.982,0.98,0.876,0.937,0.801,0.836,1.0,0.961,0.927,0.94,0.976
20,B2_3,0.84,0.881,0.799,0.921,0.89,0.963,0.95,0.894,0.923,0.803,0.862,0.961,1.0,0.838,0.927,0.94
20,y1,0.728,0.799,0.556,0.901,0.696,0.887,0.896,0.752,0.779,0.706,0.666,0.927,0.838,1.0,0.888,0.856
20,y2,0.894,0.837,0.85,0.955,0.89,0.902,0.894,0.939,0.898,0.921,0.869,0.94,0.927,0.888,1.0,0.897
20,y3,0.903,0.941,0.788,0.972,0.911,0.972,0.957,0.887,0.971,0.815,0.889,0.976,0.94,0.856,0.897,1.0
21,.,1.0,0.912,0.939,0.933,0.96,0.845,0.809,0.943,0.926,0.954,0.924,0.841,0.819,0.704,0.88,0.892
21,A1_1,0.912,1.0,0.791,0.923,0.903,0.947,0.929,0.836,0.931,0.792,0.862,0.904,0.876,0.787,0.831,0.939
21,A1_2,0.939,0.791,1.0,0.818,0.937,0.737,0.693,0.923,0.867,0.949,0.926,0.731,0.783,0.532,0.836,0.778
21,A1_3,0.933,0.923,0.818,1.0,0.919,0.946,0.932,0.929,0.945,0.887,0.871,0.969,0.913,0.895,0.953,0.97
21,B1_1,0.96,0.903,0.937,0.919,1.0,0.868,0.856,0.941,0.942,0.921,0.922,0.867,0.885,0.683,0.884,0.91
21,B1_2,0.845,0.947,0.737,0.946,0.868,1.0,0.988,0.842,0.944,0.755,0.844,0.981,0.963,0.878,0.897,0.971
21,B1_3,0.809,0.929,0.693,0.932,0.856,0.988,1.0,0.81,0.919,0.722,0.798,0.98,0.949,0.89,0.889,0.955
21,A2_1,0.943,0.836,0.923,0.929,0.941,0.842,0.81,1.0,0.882,0.941,0.889,0.869,0.885,0.738,0.934,0.883
21,A2_2,0.926,0.931,0.867,0.945,0.942,0.944,0.919,0.882,1.0,0.855,0.953,0.934,0.92,0.766,0.892,0.97
21,A2_3,0.954,0.792,0.949,0.887,0.921,0.755,0.722,0.941,0.855,1.0,0.894,0.781,0.779,0.683,0.908,0.801
21,B2_1,0.924,0.862,0.926,0.871,0.922,0.844,0.798,0.889,0.953,0.894,1.0,0.831,0.858,0.653,0.863,0.887
21,B2_2,0.841,0.904,0.731,0.969,0.867,0.981,0.98,0.869,0.934,0.781,0.831,1.0,0.96,0.922,0.938,0.975
21,B2_3,0.819,0.876,0.783,0.913,0.885,0.963,0.949,0.885,0.92,0.779,0.858,0.96,1.0,0.828,0.921,0.937
21,y1,0.704,0.787,0.532,0.895,0.683,0.878,0.89,0.738,0.766,0.683,0.653,0.922,0.828,1.0,0.886,0.848
21,y2,0.88,0.831,0.836,0.953,0.884,0.897,0.889,0.934,0.892,0.908,0.863,0.938,0.921,0.886,1.0,0.893
21,y3,0.892,0.939,0.778,0.97,0.91,0.971,0.955,0.883,0.97,0.801,0.887,0.975,0.937,0.848,0.893,1.0
22,.,1.0,0.906,0.938,0.925,0.954,0.825,0.786,0.939,0.916,0.951,0.917,0.821,0.794,0.678,0.863,0.88
22,A1_1,0.906,1.0,0.785,0.92,0.903,0.943,0.924,0.834,0.93,0.781,0.861,0.899,0.87,0.774,0.825,0.937
22,A1_2,0.938,0.785,1.0,0.81,0.932,0.721,0.674,0.92,0.861,0.946,0.922,0.715,0.765,0.507,0.821,0.767
22,A1_3,0.925,0.92,0.81,1.0,0.917,0.94,0.925,0.926,0.941,0.878,0.867,0.965,0.905,0.888,0.95,0.968
22,B1_1,0.954,0.903,0.932,0.917,1.0,0.864,0.85,0.94,0.942,0.913,0.922,0.862,0.879,0.669,0.876,0.908
22,B1_2,0.825,0.943,0.721,0.94,0.864,1.0,0.987,0.834,0.941,0.731,0.841,0.981,0.963,0.869,0.892,0.971
22,B1_3,0.786,0.924,0.674,0.925,0.85,0.987,1.0,0.799,0.915,0.695,0.792,0.98,0.949,0.883,0.884,0.953
22,A2_1,0.939,0.834,0.92,0.926,0.94,0.834,0.799,1.0,0.879,0.936,0.887,0.861,0.875,0.723,0.927,0.878
22,A2_2,0.916,0.93,0.861,0.941,0.942,0.941,0.915,0.879,1.0,0.842,0.953,0.93,0.916,0.753,0.886,0.969
22,A2_3,0.951,0.781,0.946,0.878,0.913,0.731,0.695,0.936,0.842,1.0,0.884,0.758,0.751,0.658,0.894,0.784
22,B2_1,0.917,0.861,0.922,0.867,0.922,0.841,0.792,0.887,0.953,0.884,1.0,0.826,0.854,0.639,0.856,0.884
22,B2_2,0.821,0.899,0.715,0.965,0.862,0.981,0.98,0.861,0.93,0.758,0.826,1.0,0.959,0.917,0.935,0.974
22,B2_3,0.794,0.87,0.765,0.905,0.879,0.963,0.949,0.875,0.916,0.751,0.854,0.959,1.0,0.816,0.914,0.935
22,y1,0.678,0.774,0.507,0.888,0.669,0.869,0.883,0.723,0.753,0.658,0.639,0.917,0.816,1.0,0.884,0.84
22,y2,0.863,0.825,0.821,0.95,0.876,0.892,0.884,0.927,0.886,0.894,0.856,0.935,0.914,0.884,1.0,0.889
22,y3,0.88,0.937,0.767,0.968,0.908,0.971,0.953,0.878,0.969,0.784,0.884,0.974,0.935,0.84,0.889,1.0
23,.,1.0,0.898,0.936,0.915,0.946,0.801,0.757,0.933,0.904,0.947,0.907,0.796,0.764,0.647,0.842,0.864
23,A1_1,0.898,1.0,0.779,0.917,0.903,0.939,0.917,0.831,0.929,0.768,0.86,0.894,0.863,0.76,0.817,0.935
23,A1_2,0.936,0.779,1.0,0.802,0.927,0.703,0.652,0.917,0.854,0.943,0.917,0.697,0.745,0.479,0.805,0.755
23,A1_3,0.915,0.917,0.802,1.0,0.915,0.933,0.917,0.924,0.937,0.868,0.863,0.96,0.895,0.88,0.948,0.965
23,B1_1,0.946,0.903,0.927,0.915,1.0,0.86,0.843,0.939,0.942,0.902,0.921,0.857,0.873,0.653,0.868,0.906
23,B1_2,0.801,0.939,0.703,0.933,0.86,1.0,0.987,0.824,0.938,0.702,0.837,0.98,0.963,0.858,0.885,0.97
23,B1_3,0.757,0.917,0.652,0.917,0.843,0.987,1.0,0.786,0.91,0.662,0.786,0.979,0.948,0.875,0.878,0.951
23,A2_1,0.933,0.831,0.917,0.924,0.939,0.824,0.786,1.0,0.875,0.93,0.884,0.852,0.863,0.707,0.92,0.873
23,A2_2,0.904,0.929,0.854,0.937,0.942,0.938,0.91,0.875,1.0,0.825,0.953,0.926,0.912,0.738,0.878,0.968
23,A2_3,0.947,0.768,0.943,0.868,0.902,0.702,0.662,0.93,0.825,1.0,0.872,0.731,0.718,0.63,0.876,0.764
23,B2_1,0.907,0.86,0.917,0.863,0.921,0.837,0.786,0.884,0.953,0.872,1.0,0.821,0.85,0.624,0.847,0.881
23,B2_2,0.796,0.894,0.697,0.96,0.857,0.98,0.979,0.852,0.926,0.731,0.821,1.0,0.958,0.91,0.931,0.973
23,B2_3,0.764,0.863,0.745,0.895,0.873,0.963,0.948,0.863,0.912,0.718,0.85,0.958,1.0,0.804,0.905,0.932
23,y1,0.647,0.76,0.479,0.88,0.653,0.858,0.875,0.707,0.738,0.63,0.624,0.91,0.804,1.0,0.882,0.831
23,y2,0.842,0.817,0.805,0.948,0.868,0.885,0.878,0.92,0.878,0.876,0.847,0.931,0.905,0.882,1.0,0.883
23,y3,0.864,0.935,0.755,0.965,0.906,0.97,0.951,0.873,0.968,0.764,0.881,0.973,0.932,0.831,0.883,1.0
24,.,1.0,0.887,0.934,0.904,0.935,0.771,0.722,0.926,0.89,0.944,0.895,0.767,0.729,0.612,0.818,0.845
24,A1_1,0.887,1.0,0.773,0.913,0.902,0.934,0.91,0.827,0.927,0.753,0.858,0.888,0.856,0.744,0.808,0.932
24,A1_2,0.934,0.773,1.0,0.793,0.921,0.683,0.627,0.914,0.846,0.939,0.911,0.676,0.722,0.449,0.785,0.741
24,A1_3,0.904,0.913,0.793,1.0,0.912,0.925,0.907,0.921,0.933,0.856,0.859,0.953,0.883,0.871,0.945,0.962
24,B1_1,0.935,0.902,0.921,0.912,1.0,0.855,0.835,0.937,0.941,0.888,0.92,0.852,0.867,0.636,0.859,0.904
24,B1_2,0.771,0.934,0.683,0.925,0.855,1.0,0.986,0.813,0.934,0.668,0.832,0.979,0.963,0.846,0.877,0.968
24,B1_3,0.722,0.91,0.627,0.907,0.835,0.986,1.0,0.772,0.904,0.625,0.78,0.979,0.947,0.865,0.871,0.949
24,A2_1,0.926,0.827,0.914,0.921,0.937,0.813,0.772,1.0,0.871,0.922,0.881,0.841,0.849,0.689,0.912,0.867
24,A2_2,0.89,0.927,0.846,0.933,0.941,0.934,0.904,0.871,1.0,0.807,0.952,0.922,0.907,0.721,0.869,0.966
24,A2_3,0.944,0.753,0.939,0.856,0.888,0.668,0.625,0.922,0.807,1.0,0.857,0.7,0.681,0.599,0.856,0.741
24,B2_1,0.895,0.858,0.911,0.859,0.92,0.832,0.78,0.881,0.952,0.857,1.0,0.816,0.845,0.607,0.837,0.878
24,B2_2,0.767,0.888,0.676,0.953,0.852,0.979,0.979,0.841,0.922,0.7,0.816,1.0,0.956,0.903,0.927,0.971
24,B2_3,0.729,0.856,0.722,0.883,0.867,0.963,0.947,0.849,0.907,0.681,0.845,0.956,1.0,0.789,0.895,0.929
24,y1,0.612,0.744,0.449,0.871,0.636,0.846,0.865,0.689,0.721,0.599,0.607,0.903,0.789,1.0,0.88,0.821
24,y2,0.818,0.808,0.785,0.945,0.859,0.877,0.871,0.912,0.869,0.856,0.837,0.927,0.895,0.88,1.0,0.878
24,y3,0.845,0.932,0.741,0.962,0.904,0.968,0.949,0.867,0.966,0.741,0.878,0.971,0.929,0.821,0.878,1.0
25,.,1.0,0.874,0.93,0.889,0.92,0.735,0.681,0.917,0.872,0.94,0.879,0.731,0.686,0.573,0.789,0.82
25,A1_1,0.874,1.0,0.764,0.909,0.902,0.928,0.901,0.823,0.925,0.735,0.856,0.881,0.847,0.725,0.798,0.929
25,A1_2,0.93,0.764,1.0,0.783,0.913,0.66,0.599,0.911,0.837,0.935,0.903,0.652,0.696,0.415,0.764,0.725
25,A1_3,0.889,0.909,0.783,1.0,0.908,0.915,0.895,0.918,0.928,0.842,0.854,0.946,0.87,0.861,0.941,0.958
25,B1_1,0.92,0.902,0.913,0.908,1.0,0.85,0.827,0.935,0.941,0.871,0.919,0.846,0.86,0.617,0.848,0.902
25,B1_2,0.735,0.928,0.66,0.915,0.85,1.0,0.986,0.8,0.93,0.629,0.828,0.978,0.962,0.832,0.867,0.967
25,B1_3,0.681,0.901,0.599,0.895,0.827,0.986,1.0,0.755,0.898,0.581,0.773,0.979,0.947,0.854,0.862,0.946
25,A2_1,0.917,0.823,0.911,0.918,0.935,0.8,0.755,1.0,0.866,0.914,0.877,0.829,0.833,0.669,0.902,0.86
25,A2_2,0.872,0.925,0.837,0.928,0.941,0.93,0.898,0.866,1.0,0.785,0.952,0.917,0.902,0.703,0.859,0.964
25,A2_3,0.94,0.735,0.935,0.842,0.871,0.629,0.581,0.914,0.785,1.0,0.84,0.663,0.637,0.564,0.832,0.713
25,B2_1,0.879,0.856,0.903,0.854,0.919,0.828,0.773,0.877,0.952,0.84,1.0,0.81,0.84,0.589,0.827,0.875
25,B2_2,0.731,0.881,0.652,0.946,0.846,0.978,0.979,0.829,0.917,0.663,0.81,1.0,0.955,0.895,0.923,0.97
25,B2_3,0.686,0.847,0.696,0.87,0.86,0.962,0.947,0.833,0.902,0.637,0.84,0.955,1.0,0.772,0.883,0.925
25,y1,0.573,0.725,0.415,0.861,0.617,0.832,0.854,0.669,0.703,0.564,0.589,0.895,0.772,1.0,0.878,0.811
25,y2,0.789,0.798,0.764,0.941,0.848,0.867,0.862,0.902,0.859,0.832,0.827,0.923,0.883,0.878,1.0,0.871
25,y3,0.82,0.929,0.725,0.958,0.902,0.967,0.946,0.86,0.964,0.713,0.875,0.97,0.925,0.811,0.871,1.0
26,.,1.0,0.857,0.927,0.873,0.901,0.692,0.631,0.906,0.849,0.936,0.859,0.688,0.636,0.529,0.755,0.791
