,,.,A1_1,A1_2,A1_3,B1_1,B1_2,B1_3,A2_1,A2_2,A2_3,B2_1,B2_2,B2_3,y1,y2,y3
0,.,1.0,0.892,0.919,0.887,0.831,0.813,0.775,0.903,0.78,0.881,0.869,0.748,0.755,0.735,0.725,0.865
0,A1_1,0.892,1.0,0.97,0.872,0.919,0.884,0.827,0.869,0.815,0.894,0.842,0.731,0.719,0.836,0.847,0.914
0,A1_2,0.919,0.97,1.0,0.922,0.872,0.878,0.849,0.912,0.833,0.945,0.861,0.775,0.738,0.861,0.846,0.908
0,A1_3,0.887,0.872,0.922,1.0,0.734,0.792,0.78,0.874,0.772,0.934,0.856,0.757,0.784,0.817,0.749,0.873
0,B1_1,0.831,0.919,0.872,0.734,1.0,0.858,0.905,0.715,0.748,0.815,0.778,0.798,0.692,0.835,0.828,0.808
0,B1_2,0.813,0.884,0.878,0.792,0.858,1.0,0.871,0.702,0.762,0.798,0.817,0.819,0.753,0.878,0.732,0.826
0,B1_3,0.775,0.827,0.849,0.78,0.905,0.871,1.0,0.655,0.695,0.828,0.75,0.913,0.723,0.892,0.801,0.785
0,A2_1,0.903,0.869,0.912,0.874,0.715,0.702,0.655,1.0,0.837,0.91,0.795,0.681,0.685,0.683,0.827,0.884
0,A2_2,0.78,0.815,0.833,0.772,0.748,0.762,0.695,0.837,1.0,0.89,0.677,0.734,0.523,0.739,0.844,0.773
0,A2_3,0.881,0.894,0.945,0.934,0.815,0.798,0.828,0.91,0.89,1.0,0.779,0.819,0.732,0.811,0.886,0.847
0,B2_1,0.869,0.842,0.861,0.856,0.778,0.817,0.75,0.795,0.677,0.779,1.0,0.684,0.827,0.803,0.635,0.832
0,B2_2,0.748,0.731,0.775,0.757,0.798,0.819,0.913,0.681,0.734,0.819,0.684,1.0,0.734,0.842,0.793,0.771
0,B2_3,0.755,0.719,0.738,0.784,0.692,0.753,0.723,0.685,0.523,0.732,0.827,0.734,1.0,0.722,0.659,0.73
0,y1,0.735,0.836,0.861,0.817,0.835,0.878,0.892,0.683,0.739,0.811,0.803,0.842,0.722,1.0,0.8,0.799
0,y2,0.725,0.847,0.846,0.749,0.828,0.732,0.801,0.827,0.844,0.886,0.635,0.793,0.659,0.8,1.0,0.809
0,y3,0.865,0.914,0.908,0.873,0.808,0.826,0.785,0.884,0.773,0.847,0.832,0.771,0.73,0.799,0.809,1.0
1,.,1.0,0.886,0.914,0.887,0.831,0.81,0.781,0.898,0.777,0.879,0.867,0.749,0.758,0.736,0.72,0.859
1,A1_1,0.886,1.0,0.969,0.87,0.921,0.884,0.825,0.869,0.818,0.892,0.845,0.733,0.723,0.841,0.851,0.917
1,A1_2,0.914,0.969,1.0,0.924,0.873,0.879,0.848,0.915,0.832,0.945,0.865,0.776,0.745,0.866,0.848,0.914
1,A1_3,0.887,0.87,0.924,1.0,0.745,0.807,0.79,0.875,0.776,0.939,0.864,0.768,0.791,0.828,0.754,0.88
1,B1_1,0.831,0.921,0.873,0.745,1.0,0.851,0.91,0.714,0.746,0.817,0.782,0.805,0.704,0.836,0.832,0.809
1,B1_2,0.81,0.884,0.879,0.807,0.851,1.0,0.869,0.7,0.754,0.797,0.827,0.811,0.773,0.882,0.728,0.836
1,B1_3,0.781,0.825,0.848,0.79,0.91,0.869,1.0,0.658,0.697,0.831,0.761,0.917,0.74,0.888,0.802,0.789
1,A2_1,0.898,0.869,0.915,0.875,0.714,0.7,0.658,1.0,0.83,0.911,0.787,0.679,0.676,0.687,0.823,0.881
1,A2_2,0.777,0.818,0.832,0.776,0.746,0.754,0.697,0.83,1.0,0.885,0.671,0.728,0.519,0.743,0.839,0.772
1,A2_3,0.879,0.892,0.945,0.939,0.817,0.797,0.831,0.911,0.885,1.0,0.784,0.821,0.735,0.815,0.886,0.849
1,B2_1,0.867,0.845,0.865,0.864,0.782,0.827,0.761,0.787,0.671,0.784,1.0,0.692,0.839,0.816,0.632,0.835
1,B2_2,0.749,0.733,0.776,0.768,0.805,0.811,0.917,0.679,0.728,0.821,0.692,1.0,0.738,0.841,0.793,0.774
1,B2_3,0.758,0.723,0.745,0.791,0.704,0.773,0.74,0.676,0.519,0.735,0.839,0.738,1.0,0.74,0.657,0.742
1,y1,0.736,0.841,0.866,0.828,0.836,0.882,0.888,0.687,0.743,0.815,0.816,0.841,0.74,1.0,0.799,0.813
1,y2,0.72,0.851,0.848,0.754,0.832,0.728,0.802,0.823,0.839,0.886,0.632,0.793,0.657,0.799,1.0,0.81
1,y3,0.859,0.917,0.914,0.88,0.809,0.836,0.789,0.881,0.772,0.849,0.835,0.774,0.742,0.813,0.81,1.0
2,.,1.0,0.879,0.906,0.885,0.834,0.813,0.787,0.889,0.773,0.874,0.87,0.752,0.763,0.741,0.715,0.854
2,A1_1,0.879,1.0,0.968,0.869,0.923,0.885,0.824,0.868,0.821,0.893,0.849,0.738,0.725,0.849,0.856,0.921
2,A1_2,0.906,0.968,1.0,0.927,0.874,0.883,0.846,0.916,0.829,0.944,0.87,0.778,0.75,0.874,0.851,0.918
2,A1_3,0.885,0.869,0.927,1.0,0.759,0.823,0.802,0.875,0.781,0.945,0.872,0.783,0.796,0.84,0.761,0.887
2,B1_1,0.834,0.923,0.874,0.759,1.0,0.851,0.914,0.711,0.742,0.82,0.793,0.813,0.718,0.842,0.834,0.815
2,B1_2,0.813,0.885,0.883,0.823,0.851,1.0,0.873,0.703,0.754,0.804,0.837,0.809,0.792,0.887,0.732,0.847
2,B1_3,0.787,0.824,0.846,0.802,0.914,0.873,1.0,0.658,0.695,0.834,0.774,0.921,0.755,0.886,0.802,0.796
2,A2_1,0.889,0.868,0.916,0.875,0.711,0.703,0.658,1.0,0.821,0.909,0.783,0.677,0.668,0.694,0.819,0.877
2,A2_2,0.773,0.821,0.829,0.781,0.742,0.754,0.695,0.821,1.0,0.88,0.672,0.72,0.521,0.748,0.829,0.772
2,A2_3,0.874,0.893,0.944,0.945,0.82,0.804,0.834,0.909,0.88,1.0,0.796,0.824,0.739,0.824,0.885,0.854
2,B2_1,0.87,0.849,0.87,0.872,0.793,0.837,0.774,0.783,0.672,0.796,1.0,0.708,0.849,0.828,0.637,0.84
2,B2_2,0.752,0.738,0.778,0.783,0.813,0.809,0.921,0.677,0.72,0.824,0.708,1.0,0.745,0.843,0.792,0.781
2,B2_3,0.763,0.725,0.75,0.796,0.718,0.792,0.755,0.668,0.521,0.739,0.849,0.745,1.0,0.755,0.659,0.753
2,y1,0.741,0.849,0.874,0.84,0.842,0.887,0.886,0.694,0.748,0.824,0.828,0.843,0.755,1.0,0.802,0.827
2,y2,0.715,0.856,0.851,0.761,0.834,0.732,0.802,0.819,0.829,0.885,0.637,0.792,0.659,0.802,1.0,0.814
2,y3,0.854,0.921,0.918,0.887,0.815,0.847,0.796,0.877,0.772,0.854,0.84,0.781,0.753,0.827,0.814,1.0
3,.,1.0,0.873,0.897,0.885,0.839,0.823,0.796,0.881,0.774,0.871,0.881,0.761,0.775,0.752,0.715,0.852
3,A1_1,0.873,1.0,0.968,0.871,0.926,0.889,0.825,0.87,0.828,0.895,0.856,0.746,0.73,0.858,0.866,0.925
3,A1_2,0.897,0.968,1.0,0.929,0.876,0.891,0.846,0.918,0.831,0.945,0.881,0.782,0.757,0.886,0.857,0.923
3,A1_3,0.885,0.871,0.929,1.0,0.777,0.84,0.816,0.876,0.792,0.953,0.883,0.802,0.803,0.854,0.774,0.893
3,B1_1,0.839,0.926,0.876,0.777,1.0,0.862,0.919,0.71,0.743,0.825,0.817,0.823,0.741,0.853,0.839,0.828
3,B1_2,0.823,0.889,0.891,0.84,0.862,1.0,0.883,0.715,0.765,0.82,0.849,0.817,0.811,0.892,0.749,0.86
3,B1_3,0.796,0.825,0.846,0.816,0.919,0.883,1.0,0.66,0.7,0.839,0.796,0.925,0.775,0.887,0.806,0.808
3,A2_1,0.881,0.87,0.918,0.876,0.71,0.715,0.66,1.0,0.816,0.908,0.79,0.68,0.668,0.707,0.817,0.877
3,A2_2,0.774,0.828,0.831,0.792,0.743,0.765,0.7,0.816,1.0,0.878,0.688,0.721,0.535,0.762,0.824,0.778
3,A2_3,0.871,0.895,0.945,0.953,0.825,0.82,0.839,0.908,0.878,1.0,0.818,0.831,0.751,0.838,0.885,0.864
3,B2_1,0.881,0.856,0.881,0.883,0.817,0.849,0.796,0.79,0.688,0.818,1.0,0.736,0.859,0.842,0.659,0.848
3,B2_2,0.761,0.746,0.782,0.802,0.823,0.817,0.925,0.68,0.721,0.831,0.736,1.0,0.76,0.85,0.795,0.795
3,B2_3,0.775,0.73,0.757,0.803,0.741,0.811,0.775,0.668,0.535,0.751,0.859,0.76,1.0,0.771,0.673,0.767
3,y1,0.752,0.858,0.886,0.854,0.853,0.892,0.887,0.707,0.762,0.838,0.842,0.85,0.771,1.0,0.813,0.842
3,y2,0.715,0.866,0.857,0.774,0.839,0.749,0.806,0.817,0.824,0.885,0.659,0.795,0.673,0.813,1.0,0.825
3,y3,0.852,0.925,0.923,0.893,0.828,0.86,0.808,0.877,0.778,0.864,0.848,0.795,0.767,0.842,0.825,1.0
4,.,1.0,0.868,0.889,0.887,0.845,0.835,0.806,0.872,0.776,0.869,0.892,0.77,0.789,0.762,0.717,0.853
4,A1_1,0.868,1.0,0.969,0.873,0.927,0.892,0.826,0.872,0.834,0.898,0.863,0.755,0.733,0.866,0.874,0.929
4,A1_2,0.889,0.969,1.0,0.931,0.878,0.897,0.845,0.919,0.834,0.945,0.889,0.787,0.761,0.895,0.862,0.925
4,A1_3,0.887,0.873,0.931,1.0,0.796,0.853,0.829,0.878,0.802,0.96,0.893,0.821,0.807,0.865,0.787,0.897
4,B1_1,0.845,0.927,0.878,0.796,1.0,0.876,0.924,0.712,0.747,0.832,0.841,0.834,0.764,0.866,0.844,0.843
4,B1_2,0.835,0.892,0.897,0.853,0.876,1.0,0.894,0.728,0.777,0.836,0.858,0.828,0.826,0.897,0.77,0.871
4,B1_3,0.806,0.826,0.845,0.829,0.924,0.894,1.0,0.663,0.707,0.844,0.817,0.928,0.793,0.891,0.811,0.82
4,A2_1,0.872,0.872,0.919,0.878,0.712,0.728,0.663,1.0,0.814,0.906,0.799,0.683,0.67,0.719,0.815,0.877
4,A2_2,0.776,0.834,0.834,0.802,0.747,0.777,0.707,0.814,1.0,0.877,0.704,0.724,0.552,0.774,0.821,0.786
4,A2_3,0.869,0.898,0.945,0.96,0.832,0.836,0.844,0.906,0.877,1.0,0.837,0.838,0.762,0.851,0.887,0.873
4,B2_1,0.892,0.863,0.889,0.893,0.841,0.858,0.817,0.799,0.704,0.837,1.0,0.763,0.865,0.853,0.684,0.854
4,B2_2,0.77,0.755,0.787,0.821,0.834,0.828,0.928,0.683,0.724,0.838,0.763,1.0,0.774,0.859,0.8,0.809
4,B2_3,0.789,0.733,0.761,0.807,0.764,0.826,0.793,0.67,0.552,0.762,0.865,0.774,1.0,0.781,0.689,0.778
4,y1,0.762,0.866,0.895,0.865,0.866,0.897,0.891,0.719,0.774,0.851,0.853,0.859,0.781,1.0,0.826,0.855
4,y2,0.717,0.874,0.862,0.787,0.844,0.77,0.811,0.815,0.821,0.887,0.684,0.8,0.689,0.826,1.0,0.838
4,y3,0.853,0.929,0.925,0.897,0.843,0.871,0.82,0.877,0.786,0.873,0.854,0.809,0.778,0.855,0.838,1.0
5,.,1.0,0.863,0.883,0.888,0.851,0.847,0.815,0.865,0.779,0.867,0.902,0.779,0.803,0.773,0.72,0.854
5,A1_1,0.863,1.0,0.969,0.875,0.929,0.895,0.828,0.875,0.84,0.9,0.868,0.763,0.737,0.873,0.883,0.932
5,A1_2,0.883,0.969,1.0,0.931,0.881,0.902,0.845,0.921,0.838,0.945,0.895,0.793,0.763,0.902,0.868,0.927
5,A1_3,0.888,0.875,0.931,1.0,0.812,0.862,0.84,0.88,0.813,0.966,0.901,0.837,0.811,0.873,0.798,0.899
5,B1_1,0.851,0.929,0.881,0.812,1.0,0.89,0.929,0.714,0.752,0.838,0.862,0.845,0.784,0.878,0.851,0.857
5,B1_2,0.847,0.895,0.902,0.862,0.89,1.0,0.906,0.74,0.789,0.85,0.865,0.84,0.838,0.901,0.791,0.879
5,B1_3,0.815,0.828,0.845,0.84,0.929,0.906,1.0,0.667,0.716,0.849,0.836,0.932,0.809,0.896,0.818,0.832
5,A2_1,0.865,0.875,0.921,0.88,0.714,0.74,0.667,1.0,0.814,0.905,0.807,0.688,0.675,0.731,0.813,0.877
5,A2_2,0.779,0.84,0.838,0.813,0.752,0.789,0.716,0.814,1.0,0.877,0.719,0.73,0.569,0.786,0.821,0.795
5,A2_3,0.867,0.9,0.945,0.966,0.838,0.85,0.849,0.905,0.877,1.0,0.853,0.845,0.772,0.861,0.889,0.88
5,B2_1,0.902,0.868,0.895,0.901,0.862,0.865,0.836,0.807,0.719,0.853,1.0,0.789,0.87,0.863,0.709,0.86
5,B2_2,0.779,0.763,0.793,0.837,0.845,0.84,0.932,0.688,0.73,0.845,0.789,1.0,0.788,0.868,0.806,0.823
5,B2_3,0.803,0.737,0.763,0.811,0.784,0.838,0.809,0.675,0.569,0.772,0.87,0.788,1.0,0.79,0.706,0.787
5,y1,0.773,0.873,0.902,0.873,0.878,0.901,0.896,0.731,0.786,0.861,0.863,0.868,0.79,1.0,0.84,0.864
5,y2,0.72,0.883,0.868,0.798,0.851,0.791,0.818,0.813,0.821,0.889,0.709,0.806,0.706,0.84,1.0,0.851
5,y3,0.854,0.932,0.927,0.899,0.857,0.879,0.832,0.877,0.795,0.88,0.86,0.823,0.787,0.864,0.851,1.0
6,.,1.0,0.861,0.879,0.891,0.856,0.857,0.824,0.861,0.785,0.867,0.91,0.788,0.817,0.783,0.727,0.856
6,A1_1,0.861,1.0,0.97,0.877,0.93,0.899,0.831,0.878,0.847,0.902,0.873,0.772,0.742,0.879,0.89,0.935
6,A1_2,0.879,0.97,1.0,0.932,0.884,0.905,0.846,0.923,0.845,0.946,0.9,0.799,0.766,0.907,0.875,0.928
6,A1_3,0.891,0.877,0.932,1.0,0.825,0.87,0.85,0.883,0.825,0.971,0.907,0.85,0.815,0.88,0.81,0.901
6,B1_1,0.856,0.93,0.884,0.825,1.0,0.902,0.934,0.719,0.761,0.846,0.879,0.855,0.803,0.888,0.86,0.869
6,B1_2,0.857,0.899,0.905,0.87,0.902,1.0,0.916,0.752,0.801,0.862,0.873,0.85,0.849,0.904,0.81,0.887
6,B1_3,0.824,0.831,0.846,0.85,0.934,0.916,1.0,0.674,0.729,0.857,0.852,0.936,0.825,0.9,0.827,0.843
6,A2_1,0.861,0.878,0.923,0.883,0.719,0.752,0.674,1.0,0.817,0.905,0.816,0.694,0.683,0.742,0.813,0.879
6,A2_2,0.785,0.847,0.845,0.825,0.761,0.801,0.729,0.817,1.0,0.879,0.735,0.74,0.589,0.798,0.826,0.806
6,A2_3,0.867,0.902,0.946,0.971,0.846,0.862,0.857,0.905,0.879,1.0,0.867,0.853,0.783,0.87,0.893,0.887
6,B2_1,0.91,0.873,0.9,0.907,0.879,0.873,0.852,0.816,0.735,0.867,1.0,0.81,0.875,0.872,0.732,0.865
6,B2_2,0.788,0.772,0.799,0.85,0.855,0.85,0.936,0.694,0.74,0.853,0.81,1.0,0.801,0.876,0.814,0.836
6,B2_3,0.817,0.742,0.766,0.815,0.803,0.849,0.825,0.683,0.589,0.783,0.875,0.801,1.0,0.798,0.723,0.796
6,y1,0.783,0.879,0.907,0.88,0.888,0.904,0.9,0.742,0.798,0.87,0.872,0.876,0.798,1.0,0.853,0.873
6,y2,0.727,0.89,0.875,0.81,0.86,0.81,0.827,0.813,0.826,0.893,0.732,0.814,0.723,0.853,1.0,0.864
6,y3,0.856,0.935,0.928,0.901,0.869,0.887,0.843,0.879,0.806,0.887,0.865,0.836,0.796,0.873,0.864,1.0
7,.,1.0,0.859,0.877,0.894,0.861,0.865,0.832,0.861,0.792,0.869,0.916,0.796,0.829,0.792,0.734,0.858
7,A1_1,0.859,1.0,0.97,0.878,0.93,0.901,0.833,0.88,0.854,0.904,0.877,0.779,0.748,0.883,0.896,0.937
7,A1_2,0.877,0.97,1.0,0.932,0.885,0.907,0.848,0.926,0.852,0.947,0.903,0.804,0.771,0.91,0.88,0.929
7,A1_3,0.894,0.878,0.932,1.0,0.834,0.874,0.856,0.885,0.836,0.974,0.912,0.859,0.82,0.884,0.818,0.902
7,B1_1,0.861,0.93,0.885,0.834,1.0,0.91,0.937,0.725,0.772,0.852,0.891,0.863,0.819,0.894,0.868,0.877
7,B1_2,0.865,0.901,0.907,0.874,0.91,1.0,0.922,0.762,0.812,0.87,0.879,0.858,0.858,0.907,0.825,0.893
7,B1_3,0.832,0.833,0.848,0.856,0.937,0.922,1.0,0.682,0.744,0.863,0.865,0.939,0.839,0.904,0.835,0.852
7,A2_1,0.861,0.88,0.926,0.885,0.725,0.762,0.682,1.0,0.822,0.906,0.823,0.701,0.691,0.751,0.814,0.88
7,A2_2,0.792,0.854,0.852,0.836,0.772,0.812,0.744,0.822,1.0,0.882,0.749,0.753,0.608,0.81,0.833,0.817
7,A2_3,0.869,0.904,0.947,0.974,0.852,0.87,0.863,0.906,0.882,1.0,0.877,0.86,0.793,0.877,0.896,0.893
7,B2_1,0.916,0.877,0.903,0.912,0.891,0.879,0.865,0.823,0.749,0.877,1.0,0.827,0.879,0.88,0.75,0.869
7,B2_2,0.796,0.779,0.804,0.859,0.863,0.858,0.939,0.701,0.753,0.86,0.827,1.0,0.812,0.883,0.822,0.847
7,B2_3,0.829,0.748,0.771,0.82,0.819,0.858,0.839,0.691,0.608,0.793,0.879,0.812,1.0,0.805,0.738,0.803
7,y1,0.792,0.883,0.91,0.884,0.894,0.907,0.904,0.751,0.81,0.877,0.88,0.883,0.805,1.0,0.862,0.879
7,y2,0.734,0.896,0.88,0.818,0.868,0.825,0.835,0.814,0.833,0.896,0.75,0.822,0.738,0.862,1.0,0.874
7,y3,0.858,0.937,0.929,0.902,0.877,0.893,0.852,0.88,0.817,0.893,0.869,0.847,0.803,0.879,0.874,1.0
8,.,1.0,0.858,0.877,0.896,0.865,0.872,0.84,0.862,0.799,0.872,0.92,0.803,0.841,0.799,0.743,0.86
8,A1_1,0.858,1.0,0.971,0.879,0.93,0.902,0.836,0.884,0.86,0.905,0.88,0.786,0.754,0.887,0.902,0.94
8,A1_2,0.877,0.971,1.0,0.931,0.888,0.909,0.85,0.929,0.859,0.947,0.906,0.81,0.776,0.913,0.885,0.93
8,A1_3,0.896,0.879,0.931,1.0,0.842,0.878,0.863,0.888,0.845,0.976,0.916,0.868,0.824,0.888,0.825,0.903
8,B1_1,0.865,0.93,0.888,0.842,1.0,0.916,0.941,0.733,0.782,0.859,0.901,0.871,0.834,0.901,0.876,0.885
8,B1_2,0.872,0.902,0.909,0.878,0.916,1.0,0.929,0.772,0.822,0.878,0.885,0.865,0.868,0.91,0.839,0.898
8,B1_3,0.84,0.836,0.85,0.863,0.941,0.929,1.0,0.692,0.758,0.87,0.877,0.942,0.853,0.908,0.845,0.86
8,A2_1,0.862,0.884,0.929,0.888,0.733,0.772,0.692,1.0,0.827,0.907,0.828,0.709,0.699,0.759,0.816,0.883
8,A2_2,0.799,0.86,0.859,0.845,0.782,0.822,0.758,0.827,1.0,0.886,0.762,0.766,0.626,0.821,0.841,0.828
8,A2_3,0.872,0.905,0.947,0.976,0.859,0.878,0.87,0.907,0.886,1.0,0.885,0.867,0.803,0.882,0.9,0.899
8,B2_1,0.92,0.88,0.906,0.916,0.901,0.885,0.877,0.828,0.762,0.885,1.0,0.841,0.884,0.888,0.766,0.873
8,B2_2,0.803,0.786,0.81,0.868,0.871,0.865,0.942,0.709,0.766,0.867,0.841,1.0,0.823,0.889,0.83,0.856
8,B2_3,0.841,0.754,0.776,0.824,0.834,0.868,0.853,0.699,0.626,0.803,0.884,0.823,1.0,0.814,0.753,0.81
8,y1,0.799,0.887,0.913,0.888,0.901,0.91,0.908,0.759,0.821,0.882,0.888,0.889,0.814,1.0,0.87,0.884
8,y2,0.743,0.902,0.885,0.825,0.876,0.839,0.845,0.816,0.841,0.9,0.766,0.83,0.753,0.87,1.0,0.883
8,y3,0.86,0.94,0.93,0.903,0.885,0.898,0.86,0.883,0.828,0.899,0.873,0.856,0.81,0.884,0.883,1.0
9,.,1.0,0.858,0.877,0.898,0.869,0.878,0.846,0.865,0.808,0.876,0.924,0.809,0.851,0.806,0.752,0.863
9,A1_1,0.858,1.0,0.971,0.88,0.93,0.904,0.838,0.886,0.867,0.906,0.882,0.792,0.762,0.89,0.906,0.942
9,A1_2,0.877,0.971,1.0,0.931,0.889,0.911,0.852,0.931,0.867,0.948,0.908,0.814,0.783,0.915,0.889,0.932
9,A1_3,0.898,0.88,0.931,1.0,0.847,0.881,0.867,0.89,0.855,0.977,0.919,0.873,0.829,0.891,0.831,0.905
9,B1_1,0.869,0.93,0.889,0.847,1.0,0.921,0.944,0.74,0.793,0.864,0.909,0.878,0.847,0.905,0.884,0.891
9,B1_2,0.878,0.904,0.911,0.881,0.921,1.0,0.933,0.781,0.832,0.885,0.89,0.871,0.877,0.913,0.85,0.903
9,B1_3,0.846,0.838,0.852,0.867,0.944,0.933,1.0,0.702,0.772,0.876,0.886,0.945,0.866,0.911,0.853,0.867
9,A2_1,0.865,0.886,0.931,0.89,0.74,0.781,0.702,1.0,0.833,0.909,0.833,0.717,0.708,0.766,0.819,0.886
9,A2_2,0.808,0.867,0.867,0.855,0.793,0.832,0.772,0.833,1.0,0.89,0.775,0.78,0.644,0.832,0.85,0.84
9,A2_3,0.876,0.906,0.948,0.977,0.864,0.885,0.876,0.909,0.89,1.0,0.891,0.873,0.813,0.886,0.904,0.904
9,B2_1,0.924,0.882,0.908,0.919,0.909,0.89,0.886,0.833,0.775,0.891,1.0,0.852,0.89,0.895,0.78,0.876
9,B2_2,0.809,0.792,0.814,0.873,0.878,0.871,0.945,0.717,0.78,0.873,0.852,1.0,0.832,0.894,0.838,0.863
9,B2_3,0.851,0.762,0.783,0.829,0.847,0.877,0.866,0.708,0.644,0.813,0.89,0.832,1.0,0.822,0.767,0.817
9,y1,0.806,0.89,0.915,0.891,0.905,0.913,0.911,0.766,0.832,0.886,0.895,0.894,0.822,1.0,0.876,0.888
9,y2,0.752,0.906,0.889,0.831,0.884,0.85,0.853,0.819,0.85,0.904,0.78,0.838,0.767,0.876,1.0,0.891
9,y3,0.863,0.942,0.932,0.905,0.891,0.903,0.867,0.886,0.84,0.904,0.876,0.863,0.817,0.888,0.891,1.0
10,.,1.0,0.858,0.878,0.9,0.871,0.882,0.85,0.867,0.812,0.878,0.926,0.812,0.859,0.811,0.759,0.864
10,A1_1,0.858,1.0,0.971,0.88,0.929,0.904,0.839,0.888,0.871,0.906,0.883,0.795,0.767,0.891,0.909,0.943
10,A1_2,0.878,0.971,1.0,0.931,0.89,0.912,0.853,0.934,0.872,0.948,0.909,0.817,0.788,0.916,0.892,0.932
10,A1_3,0.9,0.88,0.931,1.0,0.85,0.883,0.87,0.892,0.861,0.978,0.921,0.877,0.832,0.892,0.835,0.905
10,B1_1,0.871,0.929,0.89,0.85,1.0,0.924,0.946,0.745,0.799,0.867,0.914,0.883,0.857,0.908,0.889,0.894
10,B1_2,0.882,0.904,0.912,0.883,0.924,1.0,0.936,0.787,0.839,0.889,0.893,0.875,0.883,0.915,0.858,0.905
10,B1_3,0.85,0.839,0.853,0.87,0.946,0.936,1.0,0.709,0.782,0.88,0.892,0.947,0.875,0.913,0.859,0.872
10,A2_1,0.867,0.888,0.934,0.892,0.745,0.787,0.709,1.0,0.838,0.91,0.835,0.722,0.715,0.771,0.821,0.888
10,A2_2,0.812,0.871,0.872,0.861,0.799,0.839,0.782,0.838,1.0,0.893,0.782,0.79,0.656,0.84,0.857,0.849
10,A2_3,0.878,0.906,0.948,0.978,0.867,0.889,0.88,0.91,0.893,1.0,0.895,0.877,0.819,0.888,0.907,0.907
10,B2_1,0.926,0.883,0.909,0.921,0.914,0.893,0.892,0.835,0.782,0.895,1.0,0.86,0.894,0.899,0.789,0.877
10,B2_2,0.812,0.795,0.817,0.877,0.883,0.875,0.947,0.722,0.79,0.877,0.86,1.0,0.839,0.897,0.844,0.868
10,B2_3,0.859,0.767,0.788,0.832,0.857,0.883,0.875,0.715,0.656,0.819,0.894,0.839,1.0,0.828,0.776,0.821
10,y1,0.811,0.891,0.916,0.892,0.908,0.915,0.913,0.771,0.84,0.888,0.899,0.897,0.828,1.0,0.88,0.891
10,y2,0.759,0.909,0.892,0.835,0.889,0.858,0.859,0.821,0.857,0.907,0.789,0.844,0.776,0.88,1.0,0.897
10,y3,0.864,0.943,0.932,0.905,0.894,0.905,0.872,0.888,0.849,0.907,0.877,0.868,0.821,0.891,0.897,1.0
11,.,1.0,0.858,0.878,0.9,0.873,0.885,0.853,0.87,0.815,0.879,0.927,0.814,0.864,0.813,0.764,0.865
11,A1_1,0.858,1.0,0.971,0.879,0.929,0.904,0.84,0.89,0.874,0.906,0.883,0.797,0.77,0.891,0.91,0.944
11,A1_2,0.878,0.971,1.0,0.931,0.89,0.912,0.854,0.935,0.876,0.949,0.91,0.819,0.791,0.916,0.893,0.933
11,A1_3,0.9,0.879,0.931,1.0,0.851,0.883,0.871,0.893,0.865,0.978,0.921,0.878,0.834,0.891,0.837,0.905
11,B1_1,0.873,0.929,0.89,0.851,1.0,0.926,0.947,0.748,0.804,0.869,0.917,0.886,0.864,0.91,0.894,0.896
11,B1_2,0.885,0.904,0.912,0.883,0.926,1.0,0.938,0.792,0.843,0.891,0.896,0.877,0.888,0.916,0.863,0.907
11,B1_3,0.853,0.84,0.854,0.871,0.947,0.938,1.0,0.715,0.789,0.882,0.897,0.949,0.882,0.914,0.864,0.875
11,A2_1,0.87,0.89,0.935,0.893,0.748,0.792,0.715,1.0,0.841,0.912,0.836,0.726,0.719,0.773,0.822,0.89
11,A2_2,0.815,0.874,0.876,0.865,0.804,0.843,0.789,0.841,1.0,0.894,0.787,0.797,0.665,0.844,0.863,0.855
11,A2_3,0.879,0.906,0.949,0.978,0.869,0.891,0.882,0.912,0.894,1.0,0.896,0.879,0.824,0.888,0.909,0.91
11,B2_1,0.927,0.883,0.91,0.921,0.917,0.896,0.897,0.836,0.787,0.896,1.0,0.865,0.897,0.902,0.796,0.878
11,B2_2,0.814,0.797,0.819,0.878,0.886,0.877,0.949,0.726,0.797,0.879,0.865,1.0,0.844,0.899,0.85,0.871
11,B2_3,0.864,0.77,0.791,0.834,0.864,0.888,0.882,0.719,0.665,0.824,0.897,0.844,1.0,0.833,0.783,0.824
11,y1,0.813,0.891,0.916,0.891,0.91,0.916,0.914,0.773,0.844,0.888,0.902,0.899,0.833,1.0,0.882,0.892
11,y2,0.764,0.91,0.893,0.837,0.894,0.863,0.864,0.822,0.863,0.909,0.796,0.85,0.783,0.882,1.0,0.901
11,y3,0.865,0.944,0.933,0.905,0.896,0.907,0.875,0.89,0.855,0.91,0.878,0.871,0.824,0.892,0.901,1.0
12,.,1.0,0.856,0.877,0.9,0.874,0.887,0.855,0.869,0.815,0.879,0.927,0.815,0.868,0.814,0.768,0.864
12,A1_1,0.856,1.0,0.971,0.879,0.928,0.904,0.839,0.89,0.876,0.905,0.883,0.798,0.772,0.891,0.911,0.944
12,A1_2,0.877,0.971,1.0,0.93,0.889,0.912,0.854,0.936,0.877,0.949,0.909,0.819,0.793,0.914,0.894,0.933
12,A1_3,0.9,0.879,0.93,1.0,0.852,0.883,0.871,0.894,0.867,0.979,0.921,0.879,0.835,0.89,0.838,0.904
12,B1_1,0.874,0.928,0.889,0.852,1.0,0.928,0.948,0.749,0.805,0.869,0.92,0.889,0.87,0.911,0.897,0.897
12,B1_2,0.887,0.904,0.912,0.883,0.928,1.0,0.94,0.793,0.846,0.892,0.897,0.878,0.892,0.916,0.867,0.908
12,B1_3,0.855,0.839,0.854,0.871,0.948,0.94,1.0,0.718,0.792,0.883,0.9,0.95,0.888,0.915,0.868,0.877
12,A2_1,0.869,0.89,0.936,0.894,0.749,0.793,0.718,1.0,0.842,0.913,0.835,0.727,0.72,0.772,0.821,0.89
12,A2_2,0.815,0.876,0.877,0.867,0.805,0.846,0.792,0.842,1.0,0.895,0.789,0.801,0.67,0.846,0.866,0.86
12,A2_3,0.879,0.905,0.949,0.979,0.869,0.892,0.883,0.913,0.895,1.0,0.896,0.879,0.826,0.886,0.909,0.911
12,B2_1,0.927,0.883,0.909,0.921,0.92,0.897,0.9,0.835,0.789,0.896,1.0,0.869,0.9,0.904,0.8,0.878
12,B2_2,0.815,0.798,0.819,0.879,0.889,0.878,0.95,0.727,0.801,0.879,0.869,1.0,0.848,0.901,0.854,0.874
12,B2_3,0.868,0.772,0.793,0.835,0.87,0.892,0.888,0.72,0.67,0.826,0.9,0.848,1.0,0.836,0.788,0.824
12,y1,0.814,0.891,0.914,0.89,0.911,0.916,0.915,0.772,0.846,0.886,0.904,0.901,0.836,1.0,0.884,0.893
12,y2,0.768,0.911,0.894,0.838,0.897,0.867,0.868,0.821,0.866,0.909,0.8,0.854,0.788,0.884,1.0,0.903
12,y3,0.864,0.944,0.933,0.904,0.897,0.908,0.877,0.89,0.86,0.911,0.878,0.874,0.824,0.893,0.903,1.0
13,.,1.0,0.856,0.877,0.9,0.875,0.888,0.856,0.871,0.816,0.881,0.927,0.816,0.872,0.815,0.772,0.864
13,A1_1,0.856,1.0,0.971,0.878,0.927,0.903,0.839,0.891,0.878,0.905,0.882,0.799,0.774,0.89,0.912,0.944
13,A1_2,0.877,0.971,1.0,0.93,0.889,0.912,0.854,0.937,0.88,0.949,0.908,0.82,0.795,0.913,0.895,0.933
13,A1_3,0.9,0.878,0.93,1.0,0.852,0.883,0.871,0.894,0.87,0.979,0.92,0.879,0.836,0.89,0.84,0.904
13,B1_1,0.875,0.927,0.889,0.852,1.0,0.929,0.949,0.751,0.809,0.87,0.922,0.891,0.875,0.913,0.9,0.898
13,B1_2,0.888,0.903,0.912,0.883,0.929,1.0,0.941,0.796,0.849,0.894,0.899,0.88,0.896,0.917,0.871,0.909
13,B1_3,0.856,0.839,0.854,0.871,0.949,0.941,1.0,0.721,0.797,0.884,0.903,0.951,0.894,0.915,0.871,0.879
13,A2_1,0.871,0.891,0.937,0.894,0.751,0.796,0.721,1.0,0.844,0.914,0.835,0.728,0.722,0.772,0.822,0.89
13,A2_2,0.816,0.878,0.88,0.87,0.809,0.849,0.797,0.844,1.0,0.896,0.792,0.806,0.675,0.849,0.87,0.865
13,A2_3,0.881,0.905,0.949,0.979,0.87,0.894,0.884,0.914,0.896,1.0,0.896,0.88,0.828,0.885,0.91,0.912
13,B2_1,0.927,0.882,0.908,0.92,0.922,0.899,0.903,0.835,0.792,0.896,1.0,0.872,0.903,0.906,0.805,0.878
13,B2_2,0.816,0.799,0.82,0.879,0.891,0.88,0.951,0.728,0.806,0.88,0.872,1.0,0.852,0.903,0.858,0.876
13,B2_3,0.872,0.774,0.795,0.836,0.875,0.896,0.894,0.722,0.675,0.828,0.903,0.852,1.0,0.839,0.793,0.826
13,y1,0.815,0.89,0.913,0.89,0.913,0.917,0.915,0.772,0.849,0.885,0.906,0.903,0.839,1.0,0.885,0.894
13,y2,0.772,0.912,0.895,0.84,0.9,0.871,0.871,0.822,0.87,0.91,0.805,0.858,0.793,0.885,1.0,0.906
13,y3,0.864,0.944,0.933,0.904,0.898,0.909,0.879,0.89,0.865,0.912,0.878,0.876,0.826,0.894,0.906,1.0
14,.,1.0,0.855,0.878,0.9,0.876,0.89,0.858,0.872,0.817,0.882,0.927,0.816,0.875,0.816,0.776,0.864
14,A1_1,0.855,1.0,0.971,0.878,0.925,0.903,0.839,0.891,0.88,0.905,0.882,0.8,0.776,0.89,0.913,0.945
14,A1_2,0.878,0.971,1.0,0.93,0.888,0.912,0.854,0.938,0.883,0.95,0.908,0.82,0.797,0.912,0.896,0.933
14,A1_3,0.9,0.878,0.93,1.0,0.852,0.883,0.871,0.895,0.872,0.979,0.919,0.878,0.837,0.888,0.84,0.903
14,B1_1,0.876,0.925,0.888,0.852,1.0,0.93,0.949,0.752,0.811,0.87,0.924,0.893,0.88,0.913,0.903,0.899
14,B1_2,0.89,0.903,0.912,0.883,0.93,1.0,0.942,0.798,0.852,0.895,0.9,0.881,0.899,0.918,0.875,0.91
14,B1_3,0.858,0.839,0.854,0.871,0.949,0.942,1.0,0.724,0.801,0.885,0.905,0.952,0.899,0.916,0.875,0.88
14,A2_1,0.872,0.891,0.938,0.895,0.752,0.798,0.724,1.0,0.846,0.916,0.834,0.73,0.723,0.772,0.822,0.891
14,A2_2,0.817,0.88,0.883,0.872,0.811,0.852,0.801,0.846,1.0,0.897,0.794,0.81,0.68,0.851,0.874,0.87
14,A2_3,0.882,0.905,0.95,0.979,0.87,0.895,0.885,0.916,0.897,1.0,0.897,0.881,0.83,0.884,0.911,0.914
14,B2_1,0.927,0.882,0.908,0.919,0.924,0.9,0.905,0.834,0.794,0.897,1.0,0.874,0.906,0.908,0.809,0.878
14,B2_2,0.816,0.8,0.82,0.878,0.893,0.881,0.952,0.73,0.81,0.881,0.874,1.0,0.855,0.904,0.862,0.878
14,B2_3,0.875,0.776,0.797,0.837,0.88,0.899,0.899,0.723,0.68,0.83,0.906,0.855,1.0,0.842,0.797,0.826
14,y1,0.816,0.89,0.912,0.888,0.913,0.918,0.916,0.772,0.851,0.884,0.908,0.904,0.842,1.0,0.886,0.894
14,y2,0.776,0.913,0.896,0.84,0.903,0.875,0.875,0.822,0.874,0.911,0.809,0.862,0.797,0.886,1.0,0.908
14,y3,0.864,0.945,0.933,0.903,0.899,0.91,0.88,0.891,0.87,0.914,0.878,0.878,0.826,0.894,0.908,1.0
15,.,1.0,0.854,0.877,0.899,0.875,0.89,0.858,0.871,0.815,0.881,0.926,0.815,0.877,0.815,0.777,0.863
15,A1_1,0.854,1.0,0.971,0.877,0.924,0.902,0.837,0.89,0.88,0.904,0.881,0.799,0.776,0.888,0.912,0.944
15,A1_2,0.877,0.971,1.0,0.93,0.887,0.911,0.854,0.938,0.883,0.95,0.906,0.819,0.797,0.909,0.895,0.933
15,A1_3,0.899,0.877,0.93,1.0,0.85,0.882,0.87,0.895,0.871,0.979,0.918,0.876,0.836,0.886,0.84,0.902
15,B1_1,0.875,0.924,0.887,0.85,1.0,0.93,0.949,0.751,0.81,0.868,0.925,0.894,0.882,0.914,0.904,0.899
15,B1_2,0.89,0.902,0.911,0.882,0.93,1.0,0.942,0.797,0.853,0.894,0.9,0.881,0.9,0.918,0.876,0.909
15,B1_3,0.858,0.837,0.854,0.87,0.949,0.942,1.0,0.725,0.801,0.884,0.906,0.952,0.902,0.916,0.877,0.88
15,A2_1,0.871,0.89,0.938,0.895,0.751,0.797,0.725,1.0,0.845,0.917,0.832,0.728,0.722,0.768,0.821,0.89
15,A2_2,0.815,0.88,0.883,0.871,0.81,0.853,0.801,0.845,1.0,0.896,0.793,0.811,0.68,0.85,0.876,0.872
15,A2_3,0.881,0.904,0.95,0.979,0.868,0.894,0.884,0.917,0.896,1.0,0.895,0.879,0.83,0.88,0.91,0.913
15,B2_1,0.926,0.881,0.906,0.918,0.925,0.9,0.906,0.832,0.793,0.895,1.0,0.875,0.907,0.908,0.811,0.876
15,B2_2,0.815,0.799,0.819,0.876,0.894,0.881,0.952,0.728,0.811,0.879,0.875,1.0,0.857,0.905,0.865,0.878
15,B2_3,0.877,0.776,0.797,0.836,0.882,0.9,0.902,0.722,0.68,0.83,0.907,0.857,1.0,0.843,0.799,0.825
15,y1,0.815,0.888,0.909,0.886,0.914,0.918,0.916,0.768,0.85,0.88,0.908,0.905,0.843,1.0,0.886,0.894
15,y2,0.777,0.912,0.895,0.84,0.904,0.876,0.877,0.821,0.876,0.91,0.811,0.865,0.799,0.886,1.0,0.909
15,y3,0.863,0.944,0.933,0.902,0.899,0.909,0.88,0.89,0.872,0.913,0.876,0.878,0.825,0.894,0.909,1.0
16,.,1.0,0.853,0.876,0.898,0.875,0.891,0.858,0.87,0.814,0.881,0.925,0.813,0.879,0.814,0.78,0.862
16,A1_1,0.853,1.0,0.971,0.876,0.923,0.9,0.836,0.89,0.881,0.904,0.88,0.799,0.775,0.887,0.912,0.944
16,A1_2,0.876,0.971,1.0,0.929,0.886,0.91,0.853,0.938,0.883,0.95,0.904,0.819,0.796,0.907,0.894,0.932
16,A1_3,0.898,0.876,0.929,1.0,0.85,0.881,0.869,0.894,0.872,0.979,0.916,0.875,0.836,0.884,0.84,0.901
16,B1_1,0.875,0.923,0.886,0.85,1.0,0.93,0.95,0.75,0.81,0.868,0.926,0.896,0.885,0.914,0.906,0.899
16,B1_2,0.891,0.9,0.91,0.881,0.93,1.0,0.943,0.797,0.854,0.894,0.9,0.881,0.902,0.918,0.878,0.909
16,B1_3,0.858,0.836,0.853,0.869,0.95,0.943,1.0,0.725,0.803,0.884,0.908,0.953,0.905,0.916,0.879,0.881
16,A2_1,0.87,0.89,0.938,0.894,0.75,0.797,0.725,1.0,0.845,0.917,0.829,0.726,0.72,0.765,0.82,0.889
16,A2_2,0.814,0.881,0.883,0.872,0.81,0.854,0.803,0.845,1.0,0.896,0.792,0.812,0.681,0.85,0.878,0.875
16,A2_3,0.881,0.904,0.95,0.979,0.868,0.894,0.884,0.917,0.896,1.0,0.893,0.878,0.829,0.878,0.909,0.914
16,B2_1,0.925,0.88,0.904,0.916,0.926,0.9,0.908,0.829,0.792,0.893,1.0,0.876,0.909,0.909,0.814,0.876
16,B2_2,0.813,0.799,0.819,0.875,0.896,0.881,0.953,0.726,0.812,0.878,0.876,1.0,0.859,0.906,0.868,0.879
16,B2_3,0.879,0.775,0.796,0.836,0.885,0.902,0.905,0.72,0.681,0.829,0.909,0.859,1.0,0.845,0.801,0.824
16,y1,0.814,0.887,0.907,0.884,0.914,0.918,0.916,0.765,0.85,0.878,0.909,0.906,0.845,1.0,0.887,0.894
16,y2,0.78,0.912,0.894,0.84,0.906,0.878,0.879,0.82,0.878,0.909,0.814,0.868,0.801,0.887,1.0,0.91
16,y3,0.862,0.944,0.932,0.901,0.899,0.909,0.881,0.889,0.875,0.914,0.876,0.879,0.824,0.894,0.91,1.0
17,.,1.0,0.853,0.876,0.898,0.876,0.892,0.859,0.872,0.814,0.882,0.925,0.813,0.881,0.814,0.783,0.862
17,A1_1,0.853,1.0,0.971,0.876,0.922,0.9,0.836,0.891,0.883,0.904,0.879,0.799,0.776,0.886,0.913,0.944
17,A1_2,0.876,0.971,1.0,0.929,0.885,0.91,0.853,0.939,0.885,0.951,0.904,0.818,0.797,0.905,0.895,0.932
17,A1_3,0.898,0.876,0.929,1.0,0.849,0.88,0.869,0.895,0.873,0.979,0.915,0.874,0.836,0.882,0.84,0.901
17,B1_1,0.876,0.922,0.885,0.849,1.0,0.93,0.95,0.751,0.812,0.868,0.928,0.897,0.888,0.915,0.908,0.899
17,B1_2,0.892,0.9,0.91,0.88,0.93,1.0,0.943,0.799,0.856,0.895,0.901,0.882,0.904,0.919,0.881,0.91
17,B1_3,0.859,0.836,0.853,0.869,0.95,0.943,1.0,0.727,0.806,0.885,0.909,0.953,0.909,0.916,0.882,0.882
17,A2_1,0.872,0.891,0.939,0.895,0.751,0.799,0.727,1.0,0.846,0.918,0.828,0.727,0.721,0.764,0.821,0.89
17,A2_2,0.814,0.883,0.885,0.873,0.812,0.856,0.806,0.846,1.0,0.896,0.793,0.816,0.685,0.851,0.882,0.879
17,A2_3,0.882,0.904,0.951,0.979,0.868,0.895,0.885,0.918,0.896,1.0,0.893,0.878,0.831,0.876,0.91,0.914
17,B2_1,0.925,0.879,0.904,0.915,0.928,0.901,0.909,0.828,0.793,0.893,1.0,0.878,0.912,0.91,0.817,0.876
17,B2_2,0.813,0.799,0.818,0.874,0.897,0.882,0.953,0.727,0.816,0.878,0.878,1.0,0.862,0.907,0.871,0.881
17,B2_3,0.881,0.776,0.797,0.836,0.888,0.904,0.909,0.721,0.685,0.831,0.912,0.862,1.0,0.847,0.804,0.824
17,y1,0.814,0.886,0.905,0.882,0.915,0.919,0.916,0.764,0.851,0.876,0.91,0.907,0.847,1.0,0.888,0.894
17,y2,0.783,0.913,0.895,0.84,0.908,0.881,0.882,0.821,0.882,0.91,0.817,0.871,0.804,0.888,1.0,0.912
17,y3,0.862,0.944,0.932,0.901,0.899,0.91,0.882,0.89,0.879,0.914,0.876,0.881,0.824,0.894,0.912,1.0
18,.,1.0,0.852,0.875,0.896,0.875,0.891,0.858,0.87,0.81,0.88,0.924,0.81,0.882,0.811,0.783,0.86
18,A1_1,0.852,1.0,0.97,0.875,0.919,0.898,0.834,0.89,0.882,0.903,0.877,0.797,0.774,0.883,0.911,0.943
18,A1_2,0.875,0.97,1.0,0.929,0.882,0.908,0.851,0.939,0.884,0.951,0.901,0.816,0.795,0.901,0.892,0.931
18,A1_3,0.896,0.875,0.929,1.0,0.846,0.878,0.866,0.894,0.871,0.978,0.913,0.87,0.834,0.878,0.838,0.899
18,B1_1,0.875,0.919,0.882,0.846,1.0,0.93,0.95,0.748,0.81,0.864,0.928,0.897,0.889,0.914,0.909,0.898
18,B1_2,0.891,0.898,0.908,0.878,0.93,1.0,0.943,0.796,0.855,0.893,0.901,0.88,0.904,0.918,0.88,0.908
18,B1_3,0.858,0.834,0.851,0.866,0.95,0.943,1.0,0.725,0.803,0.882,0.91,0.953,0.91,0.916,0.882,0.881
18,A2_1,0.87,0.89,0.939,0.894,0.748,0.796,0.725,1.0,0.846,0.919,0.824,0.723,0.717,0.759,0.818,0.888
18,A2_2,0.81,0.882,0.884,0.871,0.81,0.855,0.803,0.846,1.0,0.895,0.789,0.814,0.682,0.849,0.882,0.88
18,A2_3,0.88,0.903,0.951,0.978,0.864,0.893,0.882,0.919,0.895,1.0,0.89,0.875,0.828,0.872,0.907,0.913
18,B2_1,0.924,0.877,0.901,0.913,0.928,0.901,0.91,0.824,0.789,0.89,1.0,0.877,0.913,0.909,0.817,0.874
18,B2_2,0.81,0.797,0.816,0.87,0.897,0.88,0.953,0.723,0.814,0.875,0.877,1.0,0.862,0.906,0.873,0.88
18,B2_3,0.882,0.774,0.795,0.834,0.889,0.904,0.91,0.717,0.682,0.828,0.913,0.862,1.0,0.847,0.804,0.822
18,y1,0.811,0.883,0.901,0.878,0.914,0.918,0.916,0.759,0.849,0.872,0.909,0.906,0.847,1.0,0.887,0.893
18,y2,0.783,0.911,0.892,0.838,0.909,0.88,0.882,0.818,0.882,0.907,0.817,0.873,0.804,0.887,1.0,0.911
18,y3,0.86,0.943,0.931,0.899,0.898,0.908,0.881,0.888,0.88,0.913,0.874,0.88,0.822,0.893,0.911,1.0
19,.,1.0,0.85,0.873,0.895,0.874,0.891,0.857,0.869,0.808,0.879,0.923,0.808,0.883,0.81,0.784,0.858
19,A1_1,0.85,1.0,0.97,0.875,0.918,0.897,0.832,0.89,0.883,0.903,0.876,0.796,0.772,0.882,0.911,0.943
19,A1_2,0.873,0.97,1.0,0.929,0.88,0.907,0.85,0.939,0.885,0.951,0.899,0.814,0.794,0.898,0.892,0.93
19,A1_3,0.895,0.875,0.929,1.0,0.845,0.877,0.865,0.894,0.871,0.978,0.911,0.868,0.833,0.876,0.838,0.897
19,B1_1,0.874,0.918,0.88,0.845,1.0,0.93,0.95,0.746,0.809,0.863,0.929,0.898,0.891,0.915,0.91,0.898
19,B1_2,0.891,0.897,0.907,0.877,0.93,1.0,0.943,0.795,0.855,0.893,0.901,0.88,0.905,0.918,0.881,0.908
19,B1_3,0.857,0.832,0.85,0.865,0.95,0.943,1.0,0.724,0.803,0.881,0.91,0.953,0.912,0.916,0.883,0.881
19,A2_1,0.869,0.89,0.939,0.894,0.746,0.795,0.724,1.0,0.846,0.919,0.821,0.721,0.715,0.755,0.816,0.887
19,A2_2,0.808,0.883,0.885,0.871,0.809,0.855,0.803,0.846,1.0,0.895,0.788,0.814,0.681,0.848,0.883,0.882
19,A2_3,0.879,0.903,0.951,0.978,0.863,0.893,0.881,0.919,0.895,1.0,0.888,0.873,0.827,0.869,0.906,0.913
19,B2_1,0.923,0.876,0.899,0.911,0.929,0.901,0.91,0.821,0.788,0.888,1.0,0.877,0.914,0.91,0.818,0.873
19,B2_2,0.808,0.796,0.814,0.868,0.898,0.88,0.953,0.721,0.814,0.873,0.877,1.0,0.864,0.907,0.875,0.88
19,B2_3,0.883,0.772,0.794,0.833,0.891,0.905,0.912,0.715,0.681,0.827,0.914,0.864,1.0,0.848,0.805,0.82
19,y1,0.81,0.882,0.898,0.876,0.915,0.918,0.916,0.755,0.848,0.869,0.91,0.907,0.848,1.0,0.887,0.893
19,y2,0.784,0.911,0.892,0.838,0.91,0.881,0.883,0.816,0.883,0.906,0.818,0.875,0.805,0.887,1.0,0.912
19,y3,0.858,0.943,0.93,0.897,0.898,0.908,0.881,0.887,0.882,0.913,0.873,0.88,0.82,0.893,0.912,1.0
20,.,1.0,0.849,0.871,0.893,0.874,0.89,0.856,0.867,0.805,0.877,0.921,0.805,0.883,0.807,0.784,0.856
20,A1_1,0.849,1.0,0.97,0.875,0.916,0.895,0.83,0.889,0.883,0.902,0.874,0.794,0.77,0.88,0.909,0.942
20,A1_2,0.871,0.97,1.0,0.929,0.878,0.905,0.848,0.939,0.885,0.952,0.897,0.812,0.792,0.895,0.889,0.929
20,A1_3,0.893,0.875,0.929,1.0,0.843,0.876,0.863,0.893,0.87,0.978,0.909,0.865,0.832,0.873,0.836,0.896
20,B1_1,0.874,0.916,0.878,0.843,1.0,0.929,0.95,0.743,0.807,0.86,0.929,0.899,0.892,0.914,0.911,0.897
20,B1_2,0.89,0.895,0.905,0.876,0.929,1.0,0.943,0.793,0.855,0.891,0.9,0.879,0.905,0.918,0.88,0.907
20,B1_3,0.856,0.83,0.848,0.863,0.95,0.943,1.0,0.722,0.802,0.879,0.911,0.954,0.914,0.916,0.884,0.88
20,A2_1,0.867,0.889,0.939,0.893,0.743,0.793,0.722,1.0,0.846,0.92,0.817,0.719,0.711,0.751,0.814,0.885
20,A2_2,0.805,0.883,0.885,0.87,0.807,0.855,0.802,0.846,1.0,0.894,0.785,0.813,0.679,0.846,0.883,0.883
20,A2_3,0.877,0.902,0.952,0.978,0.86,0.891,0.879,0.92,0.894,1.0,0.885,0.87,0.824,0.865,0.904,0.912
20,B2_1,0.921,0.874,0.897,0.909,0.929,0.9,0.911,0.817,0.785,0.885,1.0,0.877,0.915,0.909,0.819,0.871
20,B2_2,0.805,0.794,0.812,0.865,0.899,0.879,0.954,0.719,0.813,0.87,0.877,1.0,0.864,0.907,0.877,0.881
20,B2_3,0.883,0.77,0.792,0.832,0.892,0.905,0.914,0.711,0.679,0.824,0.915,0.864,1.0,0.848,0.805,0.819
20,y1,0.807,0.88,0.895,0.873,0.914,0.918,0.916,0.751,0.846,0.865,0.909,0.907,0.848,1.0,0.886,0.893
20,y2,0.784,0.909,0.889,0.836,0.911,0.88,0.884,0.814,0.883,0.904,0.819,0.877,0.805,0.886,1.0,0.911
20,y3,0.856,0.942,0.929,0.896,0.897,0.907,0.88,0.885,0.883,0.912,0.871,0.881,0.819,0.893,0.911,1.0
21,.,1.0,0.847,0.87,0.892,0.873,0.89,0.856,0.865,0.802,0.876,0.92,0.803,0.884,0.806,0.784,0.855
21,A1_1,0.847,1.0,0.969,0.874,0.914,0.894,0.828,0.889,0.883,0.902,0.872,0.793,0.769,0.878,0.909,0.942
21,A1_2,0.87,0.969,1.0,0.929,0.875,0.904,0.846,0.939,0.885,0.952,0.894,0.81,0.79,0.892,0.888,0.928
21,A1_3,0.892,0.874,0.929,1.0,0.842,0.875,0.861,0.893,0.869,0.977,0.907,0.863,0.831,0.871,0.835,0.894
21,B1_1,0.873,0.914,0.875,0.842,1.0,0.929,0.951,0.741,0.806,0.859,0.93,0.899,0.893,0.914,0.911,0.896
21,B1_2,0.89,0.894,0.904,0.875,0.929,1.0,0.942,0.791,0.855,0.89,0.901,0.879,0.906,0.918,0.88,0.906
21,B1_3,0.856,0.828,0.846,0.861,0.951,0.942,1.0,0.72,0.801,0.878,0.911,0.954,0.916,0.915,0.884,0.88
21,A2_1,0.865,0.889,0.939,0.893,0.741,0.791,0.72,1.0,0.846,0.921,0.813,0.716,0.708,0.748,0.812,0.883
21,A2_2,0.802,0.883,0.885,0.869,0.806,0.855,0.801,0.846,1.0,0.894,0.783,0.813,0.677,0.844,0.884,0.884
21,A2_3,0.876,0.902,0.952,0.977,0.859,0.89,0.878,0.921,0.894,1.0,0.883,0.868,0.823,0.863,0.903,0.911
21,B2_1,0.92,0.872,0.894,0.907,0.93,0.901,0.911,0.813,0.783,0.883,1.0,0.877,0.916,0.909,0.819,0.87
21,B2_2,0.803,0.793,0.81,0.863,0.899,0.879,0.954,0.716,0.813,0.868,0.877,1.0,0.865,0.907,0.879,0.881
21,B2_3,0.884,0.769,0.79,0.831,0.893,0.906,0.916,0.708,0.677,0.823,0.916,0.865,1.0,0.848,0.805,0.817
21,y1,0.806,0.878,0.892,0.871,0.914,0.918,0.915,0.748,0.844,0.863,0.909,0.907,0.848,1.0,0.886,0.893
21,y2,0.784,0.909,0.888,0.835,0.911,0.88,0.884,0.812,0.884,0.903,0.819,0.879,0.805,0.886,1.0,0.911
21,y3,0.855,0.942,0.928,0.894,0.896,0.906,0.88,0.883,0.884,0.911,0.87,0.881,0.817,0.893,0.911,1.0
22,.,1.0,0.846,0.868,0.89,0.872,0.89,0.855,0.863,0.799,0.875,0.919,0.801,0.884,0.804,0.785,0.853
22,A1_1,0.846,1.0,0.969,0.874,0.912,0.893,0.827,0.888,0.884,0.902,0.871,0.792,0.767,0.876,0.908,0.941
22,A1_2,0.868,0.969,1.0,0.929,0.873,0.902,0.844,0.939,0.885,0.952,0.892,0.808,0.788,0.889,0.886,0.927
22,A1_3,0.89,0.874,0.929,1.0,0.84,0.873,0.859,0.892,0.868,0.977,0.905,0.86,0.83,0.869,0.834,0.893
22,B1_1,0.872,0.912,0.873,0.84,1.0,0.929,0.951,0.738,0.804,0.856,0.931,0.9,0.894,0.914,0.912,0.895
22,B1_2,0.89,0.893,0.902,0.873,0.929,1.0,0.942,0.79,0.855,0.889,0.901,0.878,0.906,0.918,0.881,0.906
22,B1_3,0.855,0.827,0.844,0.859,0.951,0.942,1.0,0.718,0.8,0.876,0.912,0.954,0.917,0.915,0.885,0.879
22,A2_1,0.863,0.888,0.939,0.892,0.738,0.79,0.718,1.0,0.846,0.921,0.81,0.713,0.705,0.744,0.811,0.882
22,A2_2,0.799,0.884,0.885,0.868,0.804,0.855,0.8,0.846,1.0,0.894,0.781,0.812,0.676,0.844,0.885,0.886
22,A2_3,0.875,0.902,0.952,0.977,0.856,0.889,0.876,0.921,0.894,1.0,0.881,0.866,0.821,0.86,0.901,0.91
22,B2_1,0.919,0.871,0.892,0.905,0.931,0.901,0.912,0.81,0.781,0.881,1.0,0.878,0.917,0.909,0.821,0.869
22,B2_2,0.801,0.792,0.808,0.86,0.9,0.878,0.954,0.713,0.812,0.866,0.878,1.0,0.866,0.907,0.88,0.881
22,B2_3,0.884,0.767,0.788,0.83,0.894,0.906,0.917,0.705,0.676,0.821,0.917,0.866,1.0,0.849,0.806,0.815
22,y1,0.804,0.876,0.889,0.869,0.914,0.918,0.915,0.744,0.844,0.86,0.909,0.907,0.849,1.0,0.886,0.893
22,y2,0.785,0.908,0.886,0.834,0.912,0.881,0.885,0.811,0.885,0.901,0.821,0.88,0.806,0.886,1.0,0.912
22,y3,0.853,0.941,0.927,0.893,0.895,0.906,0.879,0.882,0.886,0.91,0.869,0.881,0.815,0.893,0.912,1.0
23,.,1.0,0.845,0.866,0.888,0.871,0.89,0.853,0.862,0.796,0.873,0.917,0.798,0.884,0.801,0.784,0.852
23,A1_1,0.845,1.0,0.969,0.874,0.909,0.892,0.825,0.888,0.884,0.901,0.869,0.79,0.764,0.874,0.907,0.941
23,A1_2,0.866,0.969,1.0,0.929,0.87,0.901,0.842,0.939,0.885,0.953,0.89,0.806,0.785,0.886,0.884,0.926
23,A1_3,0.888,0.874,0.929,1.0,0.837,0.872,0.857,0.892,0.867,0.977,0.903,0.857,0.828,0.866,0.831,0.891
23,B1_1,0.871,0.909,0.87,0.837,1.0,0.928,0.951,0.735,0.802,0.853,0.931,0.9,0.895,0.914,0.913,0.894
23,B1_2,0.89,0.892,0.901,0.872,0.928,1.0,0.942,0.788,0.854,0.887,0.901,0.877,0.906,0.917,0.88,0.905
23,B1_3,0.853,0.825,0.842,0.857,0.951,0.942,1.0,0.716,0.798,0.874,0.912,0.954,0.919,0.915,0.885,0.878
23,A2_1,0.862,0.888,0.939,0.892,0.735,0.788,0.716,1.0,0.846,0.922,0.806,0.71,0.702,0.74,0.808,0.88
23,A2_2,0.796,0.884,0.885,0.867,0.802,0.854,0.798,0.846,1.0,0.893,0.778,0.81,0.673,0.841,0.885,0.887
23,A2_3,0.873,0.901,0.953,0.977,0.853,0.887,0.874,0.922,0.893,1.0,0.878,0.863,0.818,0.856,0.899,0.909
23,B2_1,0.917,0.869,0.89,0.903,0.931,0.901,0.912,0.806,0.778,0.878,1.0,0.877,0.918,0.909,0.821,0.868
23,B2_2,0.798,0.79,0.806,0.857,0.9,0.877,0.954,0.71,0.81,0.863,0.877,1.0,0.867,0.907,0.882,0.881
23,B2_3,0.884,0.764,0.785,0.828,0.895,0.906,0.919,0.702,0.673,0.818,0.918,0.867,1.0,0.849,0.805,0.813
23,y1,0.801,0.874,0.886,0.866,0.914,0.917,0.915,0.74,0.841,0.856,0.909,0.907,0.849,1.0,0.886,0.893
23,y2,0.784,0.907,0.884,0.831,0.913,0.88,0.885,0.808,0.885,0.899,0.821,0.882,0.805,0.886,1.0,0.911
23,y3,0.852,0.941,0.926,0.891,0.894,0.905,0.878,0.88,0.887,0.909,0.868,0.881,0.813,0.893,0.911,1.0
24,.,1.0,0.843,0.864,0.886,0.87,0.889,0.852,0.859,0.792,0.871,0.915,0.795,0.884,0.798,0.784,0.85
24,A1_1,0.843,1.0,0.968,0.874,0.907,0.89,0.822,0.887,0.884,0.901,0.867,0.787,0.761,0.872,0.905,0.939
24,A1_2,0.864,0.968,1.0,0.929,0.867,0.898,0.84,0.939,0.885,0.953,0.887,0.803,0.782,0.882,0.881,0.924
24,A1_3,0.886,0.874,0.929,1.0,0.835,0.87,0.854,0.891,0.865,0.977,0.9,0.853,0.826,0.862,0.829,0.889
24,B1_1,0.87,0.907,0.867,0.835,1.0,0.927,0.951,0.731,0.8,0.85,0.931,0.9,0.894,0.914,0.913,0.893
24,B1_2,0.889,0.89,0.898,0.87,0.927,1.0,0.941,0.785,0.853,0.885,0.9,0.876,0.905,0.917,0.879,0.903
24,B1_3,0.852,0.822,0.84,0.854,0.951,0.941,1.0,0.712,0.796,0.871,0.912,0.953,0.919,0.914,0.885,0.877
24,A2_1,0.859,0.887,0.939,0.891,0.731,0.785,0.712,1.0,0.846,0.922,0.802,0.706,0.697,0.735,0.805,0.878
24,A2_2,0.792,0.884,0.885,0.865,0.8,0.853,0.796,0.846,1.0,0.892,0.774,0.808,0.669,0.839,0.885,0.887
24,A2_3,0.871,0.901,0.953,0.977,0.85,0.885,0.871,0.922,0.892,1.0,0.875,0.86,0.815,0.852,0.896,0.907
24,B2_1,0.915,0.867,0.887,0.9,0.931,0.9,0.912,0.802,0.774,0.875,1.0,0.876,0.919,0.908,0.821,0.866
24,B2_2,0.795,0.787,0.803,0.853,0.9,0.876,0.953,0.706,0.808,0.86,0.876,1.0,0.867,0.907,0.883,0.88
24,B2_3,0.884,0.761,0.782,0.826,0.894,0.905,0.919,0.697,0.669,0.815,0.919,0.867,1.0,0.848,0.804,0.81
24,y1,0.798,0.872,0.882,0.862,0.914,0.917,0.914,0.735,0.839,0.852,0.908,0.907,0.848,1.0,0.885,0.892
24,y2,0.784,0.905,0.881,0.829,0.913,0.879,0.885,0.805,0.885,0.896,0.821,0.883,0.804,0.885,1.0,0.911
24,y3,0.85,0.939,0.924,0.889,0.893,0.903,0.877,0.878,0.887,0.907,0.866,0.88,0.81,0.892,0.911,1.0
25,.,1.0,0.841,0.862,0.883,0.868,0.888,0.85,0.856,0.787,0.868,0.914,0.791,0.883,0.795,0.782,0.847
25,A1_1,0.841,1.0,0.968,0.873,0.905,0.888,0.82,0.886,0.884,0.901,0.865,0.785,0.757,0.869,0.903,0.938
