,,.,A1_1,A1_2,A1_3,B1_1,B1_2,B1_3,A2_1,A2_2,A2_3,B2_1,B2_2,B2_3,y1,y2,y3
0,.,1.0,0.913,0.926,0.923,0.828,0.837,0.878,0.962,0.921,0.899,0.903,0.855,0.823,0.928,0.913,0.946
0,A1_1,0.913,1.0,0.83,0.833,0.899,0.793,0.907,0.937,0.874,0.905,0.885,0.869,0.826,0.953,0.865,0.905
0,A1_2,0.926,0.83,1.0,0.905,0.774,0.817,0.879,0.922,0.889,0.868,0.945,0.873,0.827,0.909,0.913,0.96
0,A1_3,0.923,0.833,0.905,1.0,0.784,0.777,0.841,0.938,0.941,0.826,0.863,0.759,0.74,0.817,0.82,0.939
0,B1_1,0.828,0.899,0.774,0.784,1.0,0.863,0.91,0.831,0.893,0.896,0.88,0.887,0.843,0.88,0.798,0.863
0,B1_2,0.837,0.793,0.817,0.777,0.863,1.0,0.853,0.838,0.924,0.936,0.88,0.909,0.837,0.859,0.851,0.864
0,B1_3,0.878,0.907,0.879,0.841,0.91,0.853,1.0,0.881,0.907,0.94,0.951,0.946,0.934,0.926,0.895,0.937
0,A2_1,0.962,0.937,0.922,0.938,0.831,0.838,0.881,1.0,0.929,0.892,0.893,0.831,0.828,0.923,0.906,0.964
0,A2_2,0.921,0.874,0.889,0.941,0.893,0.924,0.907,0.929,1.0,0.935,0.91,0.882,0.824,0.886,0.838,0.955
0,A2_3,0.899,0.905,0.868,0.826,0.896,0.936,0.94,0.892,0.935,1.0,0.93,0.949,0.841,0.927,0.89,0.903
0,B2_1,0.903,0.885,0.945,0.863,0.88,0.88,0.951,0.893,0.91,0.93,1.0,0.97,0.89,0.955,0.927,0.949
0,B2_2,0.855,0.869,0.873,0.759,0.887,0.909,0.946,0.831,0.882,0.949,0.97,1.0,0.901,0.955,0.885,0.9
0,B2_3,0.823,0.826,0.827,0.74,0.843,0.837,0.934,0.828,0.824,0.841,0.89,0.901,1.0,0.886,0.894,0.9
0,y1,0.928,0.953,0.909,0.817,0.88,0.859,0.926,0.923,0.886,0.927,0.955,0.955,0.886,1.0,0.908,0.941
0,y2,0.913,0.865,0.913,0.82,0.798,0.851,0.895,0.906,0.838,0.89,0.927,0.885,0.894,0.908,1.0,0.903
0,y3,0.946,0.905,0.96,0.939,0.863,0.864,0.937,0.964,0.955,0.903,0.949,0.9,0.9,0.941,0.903,1.0
1,.,1.0,0.907,0.908,0.904,0.799,0.818,0.854,0.955,0.91,0.89,0.879,0.829,0.789,0.917,0.89,0.929
1,A1_1,0.907,1.0,0.815,0.815,0.877,0.767,0.892,0.929,0.86,0.894,0.871,0.845,0.793,0.939,0.847,0.901
1,A1_2,0.908,0.815,1.0,0.891,0.744,0.797,0.867,0.911,0.881,0.856,0.932,0.85,0.804,0.895,0.888,0.946
1,A1_3,0.904,0.815,0.891,1.0,0.753,0.746,0.805,0.927,0.933,0.796,0.828,0.71,0.697,0.778,0.779,0.922
1,B1_1,0.799,0.877,0.744,0.753,1.0,0.843,0.896,0.798,0.868,0.871,0.864,0.861,0.823,0.846,0.773,0.845
1,B1_2,0.818,0.767,0.797,0.746,0.843,1.0,0.85,0.819,0.917,0.933,0.865,0.9,0.827,0.838,0.832,0.847
1,B1_3,0.854,0.892,0.867,0.805,0.896,0.85,1.0,0.859,0.889,0.937,0.952,0.943,0.933,0.915,0.886,0.929
1,A2_1,0.955,0.929,0.911,0.927,0.798,0.819,0.859,1.0,0.921,0.882,0.869,0.798,0.794,0.902,0.884,0.957
1,A2_2,0.91,0.86,0.881,0.933,0.868,0.917,0.889,0.921,1.0,0.924,0.891,0.859,0.798,0.863,0.811,0.948
1,A2_3,0.89,0.894,0.856,0.796,0.871,0.933,0.937,0.882,0.924,1.0,0.921,0.94,0.831,0.916,0.882,0.89
1,B2_1,0.879,0.871,0.932,0.828,0.864,0.865,0.952,0.869,0.891,0.921,1.0,0.965,0.883,0.948,0.913,0.932
1,B2_2,0.829,0.845,0.85,0.71,0.861,0.9,0.943,0.798,0.859,0.94,0.965,1.0,0.895,0.948,0.867,0.88
1,B2_3,0.789,0.793,0.804,0.697,0.823,0.827,0.933,0.794,0.798,0.831,0.883,0.895,1.0,0.867,0.88,0.888
1,y1,0.917,0.939,0.895,0.778,0.846,0.838,0.915,0.902,0.863,0.916,0.948,0.948,0.867,1.0,0.889,0.929
1,y2,0.89,0.847,0.888,0.779,0.773,0.832,0.886,0.884,0.811,0.882,0.913,0.867,0.88,0.889,1.0,0.873
1,y3,0.929,0.901,0.946,0.922,0.845,0.847,0.929,0.957,0.948,0.89,0.932,0.88,0.888,0.929,0.873,1.0
2,.,1.0,0.898,0.892,0.884,0.772,0.803,0.832,0.947,0.9,0.884,0.857,0.807,0.757,0.907,0.87,0.911
2,A1_1,0.898,1.0,0.8,0.796,0.858,0.744,0.877,0.921,0.848,0.882,0.858,0.824,0.764,0.925,0.832,0.891
2,A1_2,0.892,0.8,1.0,0.879,0.717,0.782,0.853,0.903,0.875,0.845,0.918,0.828,0.781,0.88,0.862,0.933
2,A1_3,0.884,0.796,0.879,1.0,0.727,0.721,0.774,0.913,0.924,0.769,0.796,0.667,0.657,0.74,0.74,0.905
2,B1_1,0.772,0.858,0.717,0.727,1.0,0.824,0.884,0.77,0.844,0.846,0.851,0.837,0.805,0.812,0.758,0.824
2,B1_2,0.803,0.744,0.782,0.721,0.824,1.0,0.851,0.804,0.912,0.93,0.854,0.895,0.822,0.819,0.819,0.836
2,B1_3,0.832,0.877,0.853,0.774,0.884,0.851,1.0,0.841,0.876,0.934,0.951,0.94,0.932,0.903,0.878,0.92
2,A2_1,0.947,0.921,0.903,0.913,0.77,0.804,0.841,1.0,0.915,0.874,0.847,0.772,0.765,0.884,0.866,0.948
2,A2_2,0.9,0.848,0.875,0.924,0.844,0.912,0.876,0.915,1.0,0.918,0.874,0.842,0.776,0.843,0.789,0.941
2,A2_3,0.884,0.882,0.845,0.769,0.846,0.93,0.934,0.874,0.918,1.0,0.912,0.933,0.824,0.905,0.876,0.879
2,B2_1,0.857,0.858,0.918,0.796,0.851,0.854,0.951,0.847,0.874,0.912,1.0,0.96,0.878,0.94,0.9,0.916
2,B2_2,0.807,0.824,0.828,0.667,0.837,0.895,0.94,0.772,0.842,0.933,0.96,1.0,0.89,0.941,0.851,0.863
2,B2_3,0.757,0.764,0.781,0.657,0.805,0.822,0.932,0.765,0.776,0.824,0.878,0.89,1.0,0.849,0.871,0.876
2,y1,0.907,0.925,0.88,0.74,0.812,0.819,0.903,0.884,0.843,0.905,0.94,0.941,0.849,1.0,0.873,0.916
2,y2,0.87,0.832,0.862,0.74,0.758,0.819,0.878,0.866,0.789,0.876,0.9,0.851,0.871,0.873,1.0,0.846
2,y3,0.911,0.891,0.933,0.905,0.824,0.836,0.92,0.948,0.941,0.879,0.916,0.863,0.876,0.916,0.846,1.0
3,.,1.0,0.887,0.878,0.864,0.748,0.792,0.811,0.94,0.891,0.879,0.837,0.788,0.73,0.898,0.852,0.892
3,A1_1,0.887,1.0,0.785,0.775,0.843,0.723,0.864,0.913,0.835,0.871,0.847,0.806,0.738,0.913,0.82,0.877
3,A1_2,0.878,0.785,1.0,0.868,0.693,0.771,0.838,0.897,0.871,0.834,0.904,0.807,0.759,0.865,0.835,0.922
3,A1_3,0.864,0.775,0.868,1.0,0.703,0.7,0.745,0.898,0.914,0.744,0.767,0.628,0.621,0.705,0.703,0.887
3,B1_1,0.748,0.843,0.693,0.703,1.0,0.806,0.874,0.746,0.821,0.823,0.841,0.816,0.791,0.782,0.75,0.804
3,B1_2,0.792,0.723,0.771,0.7,0.806,1.0,0.853,0.793,0.91,0.929,0.846,0.892,0.82,0.801,0.809,0.83
3,B1_3,0.811,0.864,0.838,0.745,0.874,0.853,1.0,0.825,0.866,0.931,0.949,0.937,0.93,0.89,0.871,0.913
3,A2_1,0.94,0.913,0.897,0.898,0.746,0.793,0.825,1.0,0.91,0.868,0.829,0.751,0.742,0.868,0.854,0.938
3,A2_2,0.891,0.835,0.871,0.914,0.821,0.91,0.866,0.91,1.0,0.914,0.86,0.829,0.758,0.826,0.771,0.936
3,A2_3,0.879,0.871,0.834,0.744,0.823,0.929,0.931,0.868,0.914,1.0,0.903,0.926,0.817,0.895,0.87,0.869
3,B2_1,0.837,0.847,0.904,0.767,0.841,0.846,0.949,0.829,0.86,0.903,1.0,0.956,0.874,0.932,0.89,0.902
3,B2_2,0.788,0.806,0.807,0.628,0.816,0.892,0.937,0.751,0.829,0.926,0.956,1.0,0.887,0.933,0.838,0.85
3,B2_3,0.73,0.738,0.759,0.621,0.791,0.82,0.93,0.742,0.758,0.817,0.874,0.887,1.0,0.833,0.867,0.866
3,y1,0.898,0.913,0.865,0.705,0.782,0.801,0.89,0.868,0.826,0.895,0.932,0.933,0.833,1.0,0.857,0.901
3,y2,0.852,0.82,0.835,0.703,0.75,0.809,0.871,0.854,0.771,0.87,0.89,0.838,0.867,0.857,1.0,0.822
3,y3,0.892,0.877,0.922,0.887,0.804,0.83,0.913,0.938,0.936,0.869,0.902,0.85,0.866,0.901,0.822,1.0
4,.,1.0,0.876,0.866,0.845,0.729,0.784,0.791,0.933,0.882,0.875,0.821,0.775,0.709,0.892,0.837,0.872
4,A1_1,0.876,1.0,0.772,0.756,0.831,0.705,0.852,0.905,0.824,0.86,0.838,0.79,0.719,0.902,0.811,0.862
4,A1_2,0.866,0.772,1.0,0.86,0.675,0.764,0.824,0.891,0.868,0.825,0.891,0.789,0.739,0.85,0.811,0.912
4,A1_3,0.845,0.756,0.86,1.0,0.685,0.684,0.72,0.883,0.905,0.723,0.742,0.596,0.591,0.674,0.673,0.869
4,B1_1,0.729,0.831,0.675,0.685,1.0,0.791,0.866,0.727,0.802,0.802,0.835,0.798,0.78,0.757,0.746,0.786
4,B1_2,0.784,0.705,0.764,0.684,0.791,1.0,0.855,0.786,0.909,0.929,0.841,0.89,0.818,0.786,0.802,0.826
4,B1_3,0.791,0.852,0.824,0.72,0.866,0.855,1.0,0.813,0.859,0.926,0.947,0.934,0.93,0.876,0.865,0.907
4,A2_1,0.933,0.905,0.891,0.883,0.727,0.786,0.813,1.0,0.905,0.865,0.815,0.737,0.726,0.856,0.846,0.927
4,A2_2,0.882,0.824,0.868,0.905,0.802,0.909,0.859,0.905,1.0,0.912,0.85,0.82,0.745,0.812,0.759,0.931
4,A2_3,0.875,0.86,0.825,0.723,0.802,0.929,0.926,0.865,0.912,1.0,0.896,0.922,0.812,0.886,0.865,0.862
4,B2_1,0.821,0.838,0.891,0.742,0.835,0.841,0.947,0.815,0.85,0.896,1.0,0.952,0.872,0.922,0.881,0.892
4,B2_2,0.775,0.79,0.789,0.596,0.798,0.89,0.934,0.737,0.82,0.922,0.952,1.0,0.885,0.926,0.828,0.842
4,B2_3,0.709,0.719,0.739,0.591,0.78,0.818,0.93,0.726,0.745,0.812,0.872,0.885,1.0,0.819,0.865,0.86
4,y1,0.892,0.902,0.85,0.674,0.757,0.786,0.876,0.856,0.812,0.886,0.922,0.926,0.819,1.0,0.843,0.888
4,y2,0.837,0.811,0.811,0.673,0.746,0.802,0.865,0.846,0.759,0.865,0.881,0.828,0.865,0.843,1.0,0.803
4,y3,0.872,0.862,0.912,0.869,0.786,0.826,0.907,0.927,0.931,0.862,0.892,0.842,0.86,0.888,0.803,1.0
5,.,1.0,0.864,0.854,0.825,0.712,0.777,0.774,0.926,0.873,0.872,0.805,0.765,0.691,0.887,0.826,0.853
5,A1_1,0.864,1.0,0.759,0.738,0.823,0.689,0.843,0.897,0.813,0.849,0.83,0.776,0.703,0.891,0.805,0.847
5,A1_2,0.854,0.759,1.0,0.852,0.659,0.759,0.811,0.887,0.865,0.818,0.878,0.774,0.721,0.835,0.788,0.902
5,A1_3,0.825,0.738,0.852,1.0,0.671,0.67,0.699,0.868,0.896,0.704,0.721,0.569,0.566,0.645,0.647,0.853
5,B1_1,0.712,0.823,0.659,0.671,1.0,0.778,0.86,0.713,0.784,0.784,0.831,0.781,0.771,0.734,0.745,0.769
5,B1_2,0.777,0.689,0.759,0.67,0.778,1.0,0.857,0.781,0.909,0.928,0.838,0.888,0.816,0.771,0.795,0.825
5,B1_3,0.774,0.843,0.811,0.699,0.86,0.857,1.0,0.803,0.854,0.922,0.947,0.93,0.928,0.862,0.86,0.902
5,A2_1,0.926,0.897,0.887,0.868,0.713,0.781,0.803,1.0,0.901,0.863,0.803,0.726,0.714,0.845,0.841,0.916
5,A2_2,0.873,0.813,0.865,0.896,0.784,0.909,0.854,0.901,1.0,0.91,0.842,0.813,0.733,0.798,0.748,0.926
5,A2_3,0.872,0.849,0.818,0.704,0.784,0.928,0.922,0.863,0.91,1.0,0.889,0.918,0.808,0.877,0.86,0.855
5,B2_1,0.805,0.83,0.878,0.721,0.831,0.838,0.947,0.803,0.842,0.889,1.0,0.948,0.871,0.912,0.874,0.884
5,B2_2,0.765,0.776,0.774,0.569,0.781,0.888,0.93,0.726,0.813,0.918,0.948,1.0,0.882,0.919,0.82,0.837
5,B2_3,0.691,0.703,0.721,0.566,0.771,0.816,0.928,0.714,0.733,0.808,0.871,0.882,1.0,0.806,0.865,0.854
5,y1,0.887,0.891,0.835,0.645,0.734,0.771,0.862,0.845,0.798,0.877,0.912,0.919,0.806,1.0,0.831,0.875
5,y2,0.826,0.805,0.788,0.647,0.745,0.795,0.86,0.841,0.748,0.86,0.874,0.82,0.865,0.831,1.0,0.787
5,y3,0.853,0.847,0.902,0.853,0.769,0.825,0.902,0.916,0.926,0.855,0.884,0.837,0.854,0.875,0.787,1.0
6,.,1.0,0.85,0.843,0.806,0.695,0.771,0.757,0.919,0.864,0.87,0.791,0.756,0.676,0.882,0.816,0.832
6,A1_1,0.85,1.0,0.746,0.719,0.816,0.674,0.834,0.89,0.803,0.837,0.822,0.762,0.689,0.88,0.799,0.829
6,A1_2,0.843,0.746,1.0,0.843,0.645,0.756,0.8,0.881,0.862,0.812,0.866,0.761,0.705,0.82,0.768,0.893
6,A1_3,0.806,0.719,0.843,1.0,0.658,0.659,0.68,0.852,0.887,0.686,0.701,0.545,0.544,0.618,0.623,0.837
6,B1_1,0.695,0.816,0.645,0.658,1.0,0.766,0.856,0.699,0.767,0.766,0.829,0.767,0.765,0.712,0.744,0.754
6,B1_2,0.771,0.674,0.756,0.659,0.766,1.0,0.857,0.777,0.908,0.928,0.836,0.887,0.814,0.756,0.791,0.824
6,B1_3,0.757,0.834,0.8,0.68,0.856,0.857,1.0,0.794,0.849,0.917,0.947,0.927,0.926,0.847,0.857,0.899
6,A2_1,0.919,0.89,0.881,0.852,0.699,0.777,0.794,1.0,0.898,0.861,0.794,0.718,0.704,0.836,0.838,0.903
6,A2_2,0.864,0.803,0.862,0.887,0.767,0.908,0.849,0.898,1.0,0.91,0.834,0.806,0.722,0.783,0.74,0.922
6,A2_3,0.87,0.837,0.812,0.686,0.766,0.928,0.917,0.861,0.91,1.0,0.883,0.915,0.804,0.868,0.856,0.849
6,B2_1,0.791,0.822,0.866,0.701,0.829,0.836,0.947,0.794,0.834,0.883,1.0,0.945,0.872,0.9,0.869,0.877
6,B2_2,0.756,0.762,0.761,0.545,0.767,0.887,0.927,0.718,0.806,0.915,0.945,1.0,0.881,0.912,0.814,0.833
6,B2_3,0.676,0.689,0.705,0.544,0.765,0.814,0.926,0.704,0.722,0.804,0.872,0.881,1.0,0.795,0.868,0.85
6,y1,0.882,0.88,0.82,0.618,0.712,0.756,0.847,0.836,0.783,0.868,0.9,0.912,0.795,1.0,0.821,0.861
6,y2,0.816,0.799,0.768,0.623,0.744,0.791,0.857,0.838,0.74,0.856,0.869,0.814,0.868,0.821,1.0,0.775
6,y3,0.832,0.829,0.893,0.837,0.754,0.824,0.899,0.903,0.922,0.849,0.877,0.833,0.85,0.861,0.775,1.0
7,.,1.0,0.839,0.832,0.79,0.683,0.767,0.746,0.914,0.855,0.868,0.78,0.751,0.665,0.88,0.81,0.814
7,A1_1,0.839,1.0,0.735,0.704,0.812,0.662,0.829,0.884,0.794,0.828,0.817,0.752,0.681,0.871,0.797,0.814
7,A1_2,0.832,0.735,1.0,0.837,0.634,0.755,0.793,0.876,0.859,0.808,0.857,0.751,0.691,0.806,0.753,0.886
7,A1_3,0.79,0.704,0.837,1.0,0.65,0.651,0.667,0.838,0.881,0.673,0.687,0.527,0.527,0.598,0.607,0.825
7,B1_1,0.683,0.812,0.634,0.65,1.0,0.756,0.854,0.69,0.754,0.752,0.827,0.755,0.761,0.694,0.745,0.742
7,B1_2,0.767,0.662,0.755,0.651,0.756,1.0,0.858,0.775,0.907,0.928,0.835,0.885,0.813,0.745,0.786,0.825
7,B1_3,0.746,0.829,0.793,0.667,0.854,0.858,1.0,0.789,0.845,0.913,0.948,0.924,0.924,0.836,0.855,0.898
7,A2_1,0.914,0.884,0.876,0.838,0.69,0.775,0.789,1.0,0.894,0.861,0.787,0.713,0.699,0.829,0.838,0.892
7,A2_2,0.855,0.794,0.859,0.881,0.754,0.907,0.845,0.894,1.0,0.909,0.828,0.8,0.714,0.771,0.734,0.918
7,A2_3,0.868,0.828,0.808,0.673,0.752,0.928,0.913,0.861,0.909,1.0,0.878,0.912,0.8,0.861,0.852,0.845
7,B2_1,0.78,0.817,0.857,0.687,0.827,0.835,0.948,0.787,0.828,0.878,1.0,0.943,0.873,0.89,0.866,0.873
7,B2_2,0.751,0.752,0.751,0.527,0.755,0.885,0.924,0.713,0.8,0.912,0.943,1.0,0.879,0.907,0.81,0.831
7,B2_3,0.665,0.681,0.691,0.527,0.761,0.813,0.924,0.699,0.714,0.8,0.873,0.879,1.0,0.785,0.87,0.846
7,y1,0.88,0.871,0.806,0.598,0.694,0.745,0.836,0.829,0.771,0.861,0.89,0.907,0.785,1.0,0.813,0.849
7,y2,0.81,0.797,0.753,0.607,0.745,0.786,0.855,0.838,0.734,0.852,0.866,0.81,0.87,0.813,1.0,0.766
7,y3,0.814,0.814,0.886,0.825,0.742,0.825,0.898,0.892,0.918,0.845,0.873,0.831,0.846,0.849,0.766,1.0
8,.,1.0,0.83,0.821,0.775,0.673,0.764,0.737,0.909,0.847,0.868,0.772,0.748,0.656,0.877,0.806,0.796
8,A1_1,0.83,1.0,0.728,0.691,0.81,0.653,0.826,0.88,0.787,0.82,0.813,0.744,0.675,0.861,0.797,0.8
8,A1_2,0.821,0.728,1.0,0.832,0.628,0.756,0.789,0.872,0.856,0.805,0.85,0.744,0.681,0.794,0.74,0.879
8,A1_3,0.775,0.691,0.832,1.0,0.646,0.646,0.658,0.825,0.875,0.662,0.676,0.512,0.516,0.579,0.594,0.813
8,B1_1,0.673,0.81,0.628,0.646,1.0,0.749,0.854,0.684,0.744,0.739,0.827,0.744,0.758,0.678,0.746,0.733
8,B1_2,0.764,0.653,0.756,0.646,0.749,1.0,0.859,0.773,0.907,0.927,0.835,0.884,0.811,0.734,0.784,0.826
8,B1_3,0.737,0.826,0.789,0.658,0.854,0.859,1.0,0.787,0.844,0.909,0.949,0.921,0.923,0.825,0.854,0.897
8,A2_1,0.909,0.88,0.872,0.825,0.684,0.773,0.787,1.0,0.891,0.861,0.784,0.71,0.696,0.823,0.84,0.882
8,A2_2,0.847,0.787,0.856,0.875,0.744,0.907,0.844,0.891,1.0,0.908,0.824,0.796,0.708,0.759,0.731,0.915
8,A2_3,0.868,0.82,0.805,0.662,0.739,0.927,0.909,0.861,0.908,1.0,0.875,0.911,0.797,0.855,0.85,0.841
8,B2_1,0.772,0.813,0.85,0.676,0.827,0.835,0.949,0.784,0.824,0.875,1.0,0.94,0.875,0.881,0.865,0.871
8,B2_2,0.748,0.744,0.744,0.512,0.744,0.884,0.921,0.71,0.796,0.911,0.94,1.0,0.878,0.902,0.808,0.83
8,B2_3,0.656,0.675,0.681,0.516,0.758,0.811,0.923,0.696,0.708,0.797,0.875,0.878,1.0,0.777,0.874,0.844
8,y1,0.877,0.861,0.794,0.579,0.678,0.734,0.825,0.823,0.759,0.855,0.881,0.902,0.777,1.0,0.806,0.837
8,y2,0.806,0.797,0.74,0.594,0.746,0.784,0.854,0.84,0.731,0.85,0.865,0.808,0.874,0.806,1.0,0.76
8,y3,0.796,0.8,0.879,0.813,0.733,0.826,0.897,0.882,0.915,0.841,0.871,0.83,0.844,0.837,0.76,1.0
9,.,1.0,0.822,0.811,0.76,0.666,0.763,0.732,0.905,0.839,0.869,0.767,0.748,0.65,0.876,0.805,0.78
9,A1_1,0.822,1.0,0.72,0.681,0.809,0.645,0.824,0.877,0.781,0.813,0.812,0.737,0.671,0.853,0.796,0.787
9,A1_2,0.811,0.72,1.0,0.825,0.622,0.757,0.785,0.867,0.854,0.803,0.845,0.738,0.671,0.783,0.729,0.872
9,A1_3,0.76,0.681,0.825,1.0,0.643,0.642,0.649,0.813,0.87,0.653,0.668,0.5,0.505,0.564,0.583,0.802
9,B1_1,0.666,0.809,0.622,0.643,1.0,0.743,0.854,0.68,0.737,0.729,0.828,0.736,0.758,0.664,0.748,0.725
9,B1_2,0.763,0.645,0.757,0.642,0.743,1.0,0.859,0.772,0.906,0.927,0.835,0.883,0.81,0.724,0.782,0.828
9,B1_3,0.732,0.824,0.785,0.649,0.854,0.859,1.0,0.785,0.841,0.906,0.949,0.918,0.922,0.817,0.854,0.896
9,A2_1,0.905,0.877,0.867,0.813,0.68,0.772,0.785,1.0,0.888,0.861,0.782,0.709,0.693,0.818,0.842,0.872
9,A2_2,0.839,0.781,0.854,0.87,0.737,0.906,0.841,0.888,1.0,0.908,0.821,0.791,0.701,0.747,0.729,0.91
9,A2_3,0.869,0.813,0.803,0.653,0.729,0.927,0.906,0.861,0.908,1.0,0.872,0.91,0.795,0.849,0.848,0.839
9,B2_1,0.767,0.812,0.845,0.668,0.828,0.835,0.949,0.782,0.821,0.872,1.0,0.938,0.876,0.872,0.863,0.87
9,B2_2,0.748,0.737,0.738,0.5,0.736,0.883,0.918,0.709,0.791,0.91,0.938,1.0,0.877,0.897,0.807,0.83
9,B2_3,0.65,0.671,0.671,0.505,0.758,0.81,0.922,0.693,0.701,0.795,0.876,0.877,1.0,0.768,0.877,0.843
9,y1,0.876,0.853,0.783,0.564,0.664,0.724,0.817,0.818,0.747,0.849,0.872,0.897,0.768,1.0,0.799,0.828
9,y2,0.805,0.796,0.729,0.583,0.748,0.782,0.854,0.842,0.729,0.848,0.863,0.807,0.877,0.799,1.0,0.755
9,y3,0.78,0.787,0.872,0.802,0.725,0.828,0.896,0.872,0.91,0.839,0.87,0.83,0.843,0.828,0.755,1.0
10,.,1.0,0.818,0.804,0.752,0.662,0.762,0.729,0.903,0.833,0.869,0.765,0.749,0.646,0.876,0.803,0.767
10,A1_1,0.818,1.0,0.716,0.674,0.809,0.641,0.823,0.875,0.776,0.808,0.81,0.732,0.669,0.848,0.797,0.777
10,A1_2,0.804,0.716,1.0,0.823,0.62,0.758,0.785,0.863,0.852,0.803,0.842,0.734,0.665,0.775,0.724,0.868
10,A1_3,0.752,0.674,0.823,1.0,0.644,0.641,0.647,0.806,0.868,0.649,0.665,0.493,0.5,0.556,0.58,0.796
10,B1_1,0.662,0.809,0.62,0.644,1.0,0.739,0.854,0.678,0.732,0.722,0.828,0.73,0.758,0.655,0.749,0.722
10,B1_2,0.762,0.641,0.758,0.641,0.739,1.0,0.86,0.77,0.905,0.926,0.835,0.883,0.808,0.717,0.781,0.829
10,B1_3,0.729,0.823,0.785,0.647,0.854,0.86,1.0,0.784,0.84,0.903,0.95,0.917,0.921,0.812,0.854,0.897
10,A2_1,0.903,0.875,0.863,0.806,0.678,0.77,0.784,1.0,0.884,0.861,0.781,0.707,0.692,0.814,0.845,0.862
10,A2_2,0.833,0.776,0.852,0.868,0.732,0.905,0.84,0.884,1.0,0.907,0.818,0.786,0.696,0.739,0.728,0.907
10,A2_3,0.869,0.808,0.803,0.649,0.722,0.926,0.903,0.861,0.907,1.0,0.87,0.909,0.792,0.845,0.847,0.836
10,B2_1,0.765,0.81,0.842,0.665,0.828,0.835,0.95,0.781,0.818,0.87,1.0,0.936,0.877,0.867,0.864,0.87
10,B2_2,0.749,0.732,0.734,0.493,0.73,0.883,0.917,0.707,0.786,0.909,0.936,1.0,0.876,0.895,0.806,0.83
10,B2_3,0.646,0.669,0.665,0.5,0.758,0.808,0.921,0.692,0.696,0.792,0.877,0.876,1.0,0.763,0.879,0.842
10,y1,0.876,0.848,0.775,0.556,0.655,0.717,0.812,0.814,0.739,0.845,0.867,0.895,0.763,1.0,0.794,0.821
10,y2,0.803,0.797,0.724,0.58,0.749,0.781,0.854,0.845,0.728,0.847,0.864,0.806,0.879,0.794,1.0,0.752
10,y3,0.767,0.777,0.868,0.796,0.722,0.829,0.897,0.862,0.907,0.836,0.87,0.83,0.842,0.821,0.752,1.0
11,.,1.0,0.814,0.796,0.743,0.659,0.76,0.726,0.9,0.827,0.87,0.764,0.75,0.642,0.875,0.802,0.753
11,A1_1,0.814,1.0,0.714,0.669,0.809,0.638,0.822,0.875,0.772,0.804,0.811,0.727,0.669,0.841,0.799,0.768
11,A1_2,0.796,0.714,1.0,0.821,0.62,0.761,0.788,0.859,0.851,0.803,0.84,0.73,0.66,0.766,0.719,0.864
11,A1_3,0.743,0.669,0.821,1.0,0.647,0.642,0.646,0.798,0.867,0.645,0.663,0.487,0.498,0.549,0.577,0.79
11,B1_1,0.659,0.809,0.62,0.647,1.0,0.736,0.856,0.677,0.73,0.715,0.829,0.724,0.76,0.646,0.751,0.72
11,B1_2,0.76,0.638,0.761,0.642,0.736,1.0,0.862,0.769,0.905,0.926,0.836,0.881,0.807,0.711,0.78,0.831
11,B1_3,0.726,0.822,0.788,0.646,0.856,0.862,1.0,0.784,0.84,0.901,0.952,0.914,0.92,0.805,0.854,0.899
11,A2_1,0.9,0.875,0.859,0.798,0.677,0.769,0.784,1.0,0.88,0.862,0.781,0.707,0.692,0.811,0.848,0.852
11,A2_2,0.827,0.772,0.851,0.867,0.73,0.905,0.84,0.88,1.0,0.905,0.817,0.782,0.693,0.73,0.728,0.903
11,A2_3,0.87,0.804,0.803,0.645,0.715,0.926,0.901,0.862,0.905,1.0,0.869,0.908,0.791,0.842,0.846,0.834
11,B2_1,0.764,0.811,0.84,0.663,0.829,0.836,0.952,0.781,0.817,0.869,1.0,0.935,0.878,0.861,0.865,0.871
11,B2_2,0.75,0.727,0.73,0.487,0.724,0.881,0.914,0.707,0.782,0.908,0.935,1.0,0.874,0.892,0.806,0.83
11,B2_3,0.642,0.669,0.66,0.498,0.76,0.807,0.92,0.692,0.693,0.791,0.878,0.874,1.0,0.757,0.882,0.842
11,y1,0.875,0.841,0.766,0.549,0.646,0.711,0.805,0.811,0.73,0.842,0.861,0.892,0.757,1.0,0.79,0.814
11,y2,0.802,0.799,0.719,0.577,0.751,0.78,0.854,0.848,0.728,0.846,0.865,0.806,0.882,0.79,1.0,0.75
11,y3,0.753,0.768,0.864,0.79,0.72,0.831,0.899,0.852,0.903,0.834,0.871,0.83,0.842,0.814,0.75,1.0
12,.,1.0,0.806,0.784,0.731,0.653,0.755,0.719,0.895,0.816,0.868,0.76,0.748,0.635,0.873,0.801,0.737
12,A1_1,0.806,1.0,0.71,0.664,0.811,0.633,0.822,0.873,0.766,0.798,0.811,0.721,0.668,0.834,0.799,0.759
12,A1_2,0.784,0.71,1.0,0.82,0.616,0.761,0.787,0.853,0.849,0.799,0.837,0.721,0.651,0.753,0.709,0.857
12,A1_3,0.731,0.664,0.82,1.0,0.646,0.639,0.645,0.79,0.866,0.637,0.659,0.476,0.494,0.539,0.572,0.782
12,B1_1,0.653,0.811,0.616,0.646,1.0,0.732,0.857,0.673,0.724,0.706,0.827,0.716,0.76,0.634,0.749,0.713
12,B1_2,0.755,0.633,0.761,0.639,0.732,1.0,0.861,0.766,0.903,0.925,0.834,0.879,0.804,0.701,0.775,0.832
12,B1_3,0.719,0.822,0.787,0.645,0.857,0.861,1.0,0.781,0.837,0.897,0.952,0.91,0.918,0.797,0.851,0.898
12,A2_1,0.895,0.873,0.853,0.79,0.673,0.766,0.781,1.0,0.875,0.859,0.779,0.702,0.689,0.806,0.849,0.841
12,A2_2,0.816,0.766,0.849,0.866,0.724,0.903,0.837,0.875,1.0,0.902,0.813,0.772,0.687,0.717,0.723,0.898
12,A2_3,0.868,0.798,0.799,0.637,0.706,0.925,0.897,0.859,0.902,1.0,0.866,0.907,0.787,0.837,0.844,0.83
12,B2_1,0.76,0.811,0.837,0.659,0.827,0.834,0.952,0.779,0.813,0.866,1.0,0.932,0.877,0.855,0.864,0.868
12,B2_2,0.748,0.721,0.721,0.476,0.716,0.879,0.91,0.702,0.772,0.907,0.932,1.0,0.871,0.888,0.804,0.827
12,B2_3,0.635,0.668,0.651,0.494,0.76,0.804,0.918,0.689,0.687,0.787,0.877,0.871,1.0,0.749,0.882,0.842
12,y1,0.873,0.834,0.753,0.539,0.634,0.701,0.797,0.806,0.717,0.837,0.855,0.888,0.749,1.0,0.784,0.805
12,y2,0.801,0.799,0.709,0.572,0.749,0.775,0.851,0.849,0.723,0.844,0.864,0.804,0.882,0.784,1.0,0.744
12,y3,0.737,0.759,0.857,0.782,0.713,0.832,0.898,0.841,0.898,0.83,0.868,0.827,0.842,0.805,0.744,1.0
13,.,1.0,0.803,0.776,0.721,0.652,0.755,0.719,0.893,0.811,0.869,0.761,0.751,0.633,0.872,0.803,0.723
13,A1_1,0.803,1.0,0.708,0.659,0.811,0.63,0.822,0.872,0.762,0.794,0.812,0.718,0.668,0.829,0.8,0.751
13,A1_2,0.776,0.708,1.0,0.818,0.616,0.763,0.787,0.849,0.847,0.799,0.835,0.717,0.646,0.744,0.705,0.851
13,A1_3,0.721,0.659,0.818,1.0,0.647,0.638,0.642,0.782,0.863,0.633,0.657,0.469,0.49,0.532,0.57,0.775
13,B1_1,0.652,0.811,0.616,0.647,1.0,0.73,0.858,0.672,0.721,0.701,0.827,0.711,0.761,0.626,0.751,0.71
13,B1_2,0.755,0.63,0.763,0.638,0.73,1.0,0.863,0.763,0.902,0.924,0.835,0.877,0.803,0.695,0.775,0.832
13,B1_3,0.719,0.822,0.787,0.642,0.858,0.863,1.0,0.779,0.835,0.895,0.953,0.908,0.918,0.792,0.852,0.898
13,A2_1,0.893,0.872,0.849,0.782,0.672,0.763,0.779,1.0,0.871,0.859,0.78,0.7,0.686,0.802,0.852,0.83
13,A2_2,0.811,0.762,0.847,0.863,0.721,0.902,0.835,0.871,1.0,0.901,0.811,0.766,0.682,0.708,0.724,0.894
13,A2_3,0.869,0.794,0.799,0.633,0.701,0.924,0.895,0.859,0.901,1.0,0.866,0.906,0.785,0.833,0.844,0.827
13,B2_1,0.761,0.812,0.835,0.657,0.827,0.835,0.953,0.78,0.811,0.866,1.0,0.93,0.878,0.85,0.866,0.868
13,B2_2,0.751,0.718,0.717,0.469,0.711,0.877,0.908,0.7,0.766,0.906,0.93,1.0,0.87,0.885,0.805,0.825
13,B2_3,0.633,0.668,0.646,0.49,0.761,0.803,0.918,0.686,0.682,0.785,0.878,0.87,1.0,0.743,0.885,0.84
13,y1,0.872,0.829,0.744,0.532,0.626,0.695,0.792,0.802,0.708,0.833,0.85,0.885,0.743,1.0,0.781,0.797
13,y2,0.803,0.8,0.705,0.57,0.751,0.775,0.852,0.852,0.724,0.844,0.866,0.805,0.885,0.781,1.0,0.742
13,y3,0.723,0.751,0.851,0.775,0.71,0.832,0.898,0.83,0.894,0.827,0.868,0.825,0.84,0.797,0.742,1.0
14,.,1.0,0.8,0.768,0.713,0.652,0.753,0.717,0.891,0.803,0.87,0.761,0.752,0.631,0.87,0.804,0.711
14,A1_1,0.8,1.0,0.708,0.657,0.813,0.628,0.823,0.872,0.759,0.791,0.813,0.714,0.67,0.825,0.801,0.745
14,A1_2,0.768,0.708,1.0,0.819,0.618,0.764,0.789,0.845,0.847,0.799,0.835,0.713,0.642,0.737,0.702,0.847
14,A1_3,0.713,0.657,0.819,1.0,0.651,0.639,0.644,0.778,0.864,0.631,0.658,0.465,0.49,0.529,0.57,0.77
14,B1_1,0.652,0.813,0.618,0.651,1.0,0.729,0.86,0.673,0.721,0.697,0.828,0.706,0.763,0.621,0.752,0.709
14,B1_2,0.753,0.628,0.764,0.639,0.729,1.0,0.864,0.761,0.9,0.923,0.835,0.876,0.801,0.69,0.773,0.834
14,B1_3,0.717,0.823,0.789,0.644,0.86,0.864,1.0,0.779,0.835,0.893,0.953,0.905,0.917,0.787,0.852,0.899
14,A2_1,0.891,0.872,0.845,0.778,0.673,0.761,0.779,1.0,0.868,0.858,0.781,0.699,0.686,0.799,0.855,0.821
14,A2_2,0.803,0.759,0.847,0.864,0.721,0.9,0.835,0.868,1.0,0.898,0.811,0.76,0.679,0.7,0.723,0.89
14,A2_3,0.87,0.791,0.799,0.631,0.697,0.923,0.893,0.858,0.898,1.0,0.866,0.906,0.784,0.831,0.844,0.826
14,B2_1,0.761,0.813,0.835,0.658,0.828,0.835,0.953,0.781,0.811,0.866,1.0,0.928,0.879,0.847,0.867,0.87
14,B2_2,0.752,0.714,0.713,0.465,0.706,0.876,0.905,0.699,0.76,0.906,0.928,1.0,0.868,0.883,0.806,0.825
14,B2_3,0.631,0.67,0.642,0.49,0.763,0.801,0.917,0.686,0.679,0.784,0.879,0.868,1.0,0.74,0.887,0.842
14,y1,0.87,0.825,0.737,0.529,0.621,0.69,0.787,0.799,0.7,0.831,0.847,0.883,0.74,1.0,0.779,0.794
14,y2,0.804,0.801,0.702,0.57,0.752,0.773,0.852,0.855,0.723,0.844,0.867,0.806,0.887,0.779,1.0,0.742
14,y3,0.711,0.745,0.847,0.77,0.709,0.834,0.899,0.821,0.89,0.826,0.87,0.825,0.842,0.794,0.742,1.0
15,.,1.0,0.799,0.762,0.708,0.652,0.752,0.716,0.889,0.797,0.871,0.761,0.754,0.63,0.868,0.805,0.701
15,A1_1,0.799,1.0,0.709,0.656,0.815,0.628,0.824,0.873,0.757,0.79,0.815,0.713,0.673,0.822,0.804,0.741
15,A1_2,0.762,0.709,1.0,0.82,0.62,0.766,0.791,0.842,0.846,0.798,0.835,0.709,0.639,0.731,0.702,0.845
15,A1_3,0.708,0.656,0.82,1.0,0.654,0.64,0.645,0.775,0.865,0.631,0.659,0.462,0.492,0.528,0.572,0.767
15,B1_1,0.652,0.815,0.62,0.654,1.0,0.728,0.861,0.674,0.721,0.694,0.827,0.702,0.765,0.617,0.753,0.709
15,B1_2,0.752,0.628,0.766,0.64,0.728,1.0,0.865,0.759,0.899,0.923,0.836,0.875,0.8,0.687,0.772,0.836
15,B1_3,0.716,0.824,0.791,0.645,0.861,0.865,1.0,0.778,0.834,0.891,0.954,0.903,0.916,0.784,0.852,0.9
15,A2_1,0.889,0.873,0.842,0.775,0.674,0.759,0.778,1.0,0.865,0.858,0.781,0.697,0.686,0.796,0.857,0.813
15,A2_2,0.797,0.757,0.846,0.865,0.721,0.899,0.834,0.865,1.0,0.896,0.81,0.754,0.676,0.693,0.723,0.887
15,A2_3,0.871,0.79,0.798,0.631,0.694,0.923,0.891,0.858,0.896,1.0,0.866,0.905,0.782,0.829,0.844,0.824
15,B2_1,0.761,0.815,0.835,0.659,0.827,0.836,0.954,0.781,0.81,0.866,1.0,0.927,0.879,0.844,0.868,0.87
15,B2_2,0.754,0.713,0.709,0.462,0.702,0.875,0.903,0.697,0.754,0.905,0.927,1.0,0.866,0.881,0.807,0.823
15,B2_3,0.63,0.673,0.639,0.492,0.765,0.8,0.916,0.686,0.676,0.782,0.879,0.866,1.0,0.737,0.889,0.841
15,y1,0.868,0.822,0.731,0.528,0.617,0.687,0.784,0.796,0.693,0.829,0.844,0.881,0.737,1.0,0.777,0.789
15,y2,0.805,0.804,0.702,0.572,0.753,0.772,0.852,0.857,0.723,0.844,0.868,0.807,0.889,0.777,1.0,0.743
15,y3,0.701,0.741,0.845,0.767,0.709,0.836,0.9,0.813,0.887,0.824,0.87,0.823,0.841,0.789,0.743,1.0
16,.,1.0,0.798,0.757,0.704,0.654,0.752,0.715,0.888,0.793,0.872,0.763,0.755,0.629,0.867,0.806,0.691
16,A1_1,0.798,1.0,0.71,0.656,0.817,0.628,0.825,0.873,0.755,0.788,0.817,0.711,0.676,0.82,0.806,0.736
16,A1_2,0.757,0.71,1.0,0.823,0.623,0.767,0.793,0.838,0.847,0.798,0.834,0.704,0.636,0.724,0.701,0.843
16,A1_3,0.704,0.656,0.823,1.0,0.658,0.641,0.648,0.773,0.866,0.632,0.661,0.46,0.494,0.527,0.575,0.765
16,B1_1,0.654,0.817,0.623,0.658,1.0,0.729,0.863,0.676,0.722,0.693,0.828,0.7,0.768,0.613,0.755,0.709
16,B1_2,0.752,0.628,0.767,0.641,0.729,1.0,0.867,0.757,0.897,0.923,0.837,0.875,0.799,0.683,0.772,0.837
16,B1_3,0.715,0.825,0.793,0.648,0.863,0.867,1.0,0.777,0.833,0.89,0.954,0.9,0.916,0.78,0.852,0.901
16,A2_1,0.888,0.873,0.838,0.773,0.676,0.757,0.777,1.0,0.862,0.858,0.782,0.696,0.686,0.794,0.86,0.806
16,A2_2,0.793,0.755,0.847,0.866,0.722,0.897,0.833,0.862,1.0,0.894,0.81,0.749,0.675,0.686,0.725,0.885
16,A2_3,0.872,0.788,0.798,0.632,0.693,0.923,0.89,0.858,0.894,1.0,0.866,0.905,0.782,0.827,0.845,0.823
16,B2_1,0.763,0.817,0.834,0.661,0.828,0.837,0.954,0.782,0.81,0.866,1.0,0.926,0.879,0.842,0.871,0.872
16,B2_2,0.755,0.711,0.704,0.46,0.7,0.875,0.9,0.696,0.749,0.905,0.926,1.0,0.865,0.879,0.808,0.822
16,B2_3,0.629,0.676,0.636,0.494,0.768,0.799,0.916,0.686,0.675,0.782,0.879,0.865,1.0,0.734,0.891,0.842
16,y1,0.867,0.82,0.724,0.527,0.613,0.683,0.78,0.794,0.686,0.827,0.842,0.879,0.734,1.0,0.776,0.784
16,y2,0.806,0.806,0.701,0.575,0.755,0.772,0.852,0.86,0.725,0.845,0.871,0.808,0.891,0.776,1.0,0.744
16,y3,0.691,0.736,0.843,0.765,0.709,0.837,0.901,0.806,0.885,0.823,0.872,0.822,0.842,0.784,0.744,1.0
17,.,1.0,0.796,0.75,0.697,0.654,0.75,0.715,0.886,0.786,0.872,0.766,0.758,0.628,0.866,0.807,0.681
17,A1_1,0.796,1.0,0.711,0.654,0.818,0.628,0.827,0.873,0.753,0.786,0.819,0.708,0.679,0.816,0.808,0.732
17,A1_2,0.75,0.711,1.0,0.823,0.625,0.769,0.794,0.834,0.846,0.797,0.834,0.699,0.633,0.716,0.698,0.837
17,A1_3,0.697,0.654,0.823,1.0,0.659,0.641,0.648,0.768,0.866,0.63,0.661,0.454,0.493,0.522,0.575,0.759
17,B1_1,0.654,0.818,0.625,0.659,1.0,0.73,0.866,0.675,0.722,0.691,0.829,0.697,0.772,0.609,0.756,0.708
17,B1_2,0.75,0.628,0.769,0.641,0.73,1.0,0.868,0.754,0.895,0.922,0.839,0.874,0.798,0.679,0.771,0.837
17,B1_3,0.715,0.827,0.794,0.648,0.866,0.868,1.0,0.775,0.833,0.888,0.954,0.897,0.916,0.776,0.853,0.901
17,A2_1,0.886,0.873,0.834,0.768,0.675,0.754,0.775,1.0,0.858,0.857,0.782,0.692,0.684,0.79,0.861,0.795
17,A2_2,0.786,0.753,0.846,0.866,0.722,0.895,0.833,0.858,1.0,0.892,0.81,0.742,0.673,0.678,0.725,0.88
17,A2_3,0.872,0.786,0.797,0.63,0.691,0.922,0.888,0.857,0.892,1.0,0.867,0.903,0.78,0.825,0.846,0.821
17,B2_1,0.766,0.819,0.834,0.661,0.829,0.839,0.954,0.782,0.81,0.867,1.0,0.924,0.88,0.839,0.872,0.872
17,B2_2,0.758,0.708,0.699,0.454,0.697,0.874,0.897,0.692,0.742,0.903,0.924,1.0,0.863,0.877,0.809,0.82
17,B2_3,0.628,0.679,0.633,0.493,0.772,0.798,0.916,0.684,0.673,0.78,0.88,0.863,1.0,0.73,0.893,0.842
17,y1,0.866,0.816,0.716,0.522,0.609,0.679,0.776,0.79,0.678,0.825,0.839,0.877,0.73,1.0,0.775,0.78
17,y2,0.807,0.808,0.698,0.575,0.756,0.771,0.853,0.861,0.725,0.846,0.872,0.809,0.893,0.775,1.0,0.744
17,y3,0.681,0.732,0.837,0.759,0.708,0.837,0.901,0.795,0.88,0.821,0.872,0.82,0.842,0.78,0.744,1.0
18,.,1.0,0.795,0.745,0.693,0.654,0.749,0.713,0.883,0.78,0.872,0.767,0.758,0.626,0.864,0.807,0.67
18,A1_1,0.795,1.0,0.711,0.653,0.818,0.626,0.826,0.874,0.75,0.784,0.819,0.703,0.68,0.813,0.808,0.726
18,A1_2,0.745,0.711,1.0,0.825,0.626,0.768,0.795,0.83,0.846,0.796,0.833,0.693,0.63,0.709,0.697,0.833
18,A1_3,0.693,0.653,0.825,1.0,0.66,0.64,0.649,0.766,0.866,0.629,0.662,0.449,0.494,0.521,0.577,0.754
18,B1_1,0.654,0.818,0.626,0.66,1.0,0.73,0.867,0.674,0.721,0.688,0.829,0.693,0.774,0.605,0.757,0.707
18,B1_2,0.749,0.626,0.768,0.64,0.73,1.0,0.869,0.75,0.892,0.92,0.84,0.873,0.797,0.677,0.77,0.837
18,B1_3,0.713,0.826,0.795,0.649,0.867,0.869,1.0,0.772,0.831,0.886,0.954,0.894,0.915,0.773,0.852,0.902
18,A2_1,0.883,0.874,0.83,0.766,0.674,0.75,0.772,1.0,0.854,0.855,0.782,0.687,0.682,0.787,0.862,0.785
18,A2_2,0.78,0.75,0.846,0.866,0.721,0.892,0.831,0.854,1.0,0.889,0.808,0.735,0.669,0.672,0.723,0.877
18,A2_3,0.872,0.784,0.796,0.629,0.688,0.92,0.886,0.855,0.889,1.0,0.867,0.902,0.779,0.823,0.846,0.818
18,B2_1,0.767,0.819,0.833,0.662,0.829,0.84,0.954,0.782,0.808,0.867,1.0,0.922,0.88,0.837,0.874,0.873
18,B2_2,0.758,0.703,0.693,0.449,0.693,0.873,0.894,0.687,0.735,0.902,0.922,1.0,0.861,0.875,0.809,0.818
18,B2_3,0.626,0.68,0.63,0.494,0.774,0.797,0.915,0.682,0.669,0.779,0.88,0.861,1.0,0.728,0.896,0.842
18,y1,0.864,0.813,0.709,0.521,0.605,0.677,0.773,0.787,0.672,0.823,0.837,0.875,0.728,1.0,0.775,0.776
18,y2,0.807,0.808,0.697,0.577,0.757,0.77,0.852,0.862,0.723,0.846,0.874,0.809,0.896,0.775,1.0,0.745
18,y3,0.67,0.726,0.833,0.754,0.707,0.837,0.902,0.785,0.877,0.818,0.873,0.818,0.842,0.776,0.745,1.0
19,.,1.0,0.794,0.74,0.689,0.656,0.748,0.713,0.882,0.776,0.872,0.768,0.759,0.625,0.861,0.808,0.662
19,A1_1,0.794,1.0,0.712,0.653,0.82,0.627,0.827,0.875,0.749,0.784,0.821,0.701,0.683,0.812,0.811,0.724
19,A1_2,0.74,0.712,1.0,0.828,0.627,0.768,0.795,0.827,0.845,0.794,0.832,0.687,0.626,0.704,0.695,0.829
19,A1_3,0.689,0.653,0.828,1.0,0.662,0.64,0.65,0.765,0.868,0.629,0.662,0.446,0.495,0.522,0.579,0.752
19,B1_1,0.656,0.82,0.627,0.662,1.0,0.731,0.869,0.675,0.722,0.687,0.829,0.691,0.776,0.603,0.757,0.707
19,B1_2,0.748,0.627,0.768,0.64,0.731,1.0,0.87,0.747,0.889,0.919,0.841,0.873,0.795,0.675,0.77,0.838
19,B1_3,0.713,0.827,0.795,0.65,0.869,0.87,1.0,0.77,0.829,0.884,0.954,0.892,0.914,0.771,0.852,0.902
19,A2_1,0.882,0.875,0.827,0.765,0.675,0.747,0.77,1.0,0.852,0.854,0.781,0.683,0.68,0.784,0.863,0.778
19,A2_2,0.776,0.749,0.845,0.868,0.722,0.889,0.829,0.852,1.0,0.886,0.806,0.728,0.665,0.666,0.723,0.873
19,A2_3,0.872,0.784,0.794,0.629,0.687,0.919,0.884,0.854,0.886,1.0,0.867,0.901,0.777,0.822,0.847,0.816
19,B2_1,0.768,0.821,0.832,0.662,0.829,0.841,0.954,0.781,0.806,0.867,1.0,0.921,0.88,0.836,0.875,0.873
19,B2_2,0.759,0.701,0.687,0.446,0.691,0.873,0.892,0.683,0.728,0.901,0.921,1.0,0.859,0.872,0.809,0.816
19,B2_3,0.625,0.683,0.626,0.495,0.776,0.795,0.914,0.68,0.665,0.777,0.88,0.859,1.0,0.725,0.897,0.843
19,y1,0.861,0.812,0.704,0.522,0.603,0.675,0.771,0.784,0.666,0.822,0.836,0.872,0.725,1.0,0.774,0.774
19,y2,0.808,0.811,0.695,0.579,0.757,0.77,0.852,0.863,0.723,0.847,0.875,0.809,0.897,0.774,1.0,0.746
19,y3,0.662,0.724,0.829,0.752,0.707,0.838,0.902,0.778,0.873,0.816,0.873,0.816,0.843,0.774,0.746,1.0
20,.,1.0,0.795,0.734,0.685,0.658,0.748,0.713,0.88,0.77,0.872,0.771,0.761,0.626,0.859,0.81,0.653
20,A1_1,0.795,1.0,0.713,0.654,0.82,0.629,0.828,0.876,0.747,0.784,0.823,0.7,0.686,0.81,0.812,0.721
20,A1_2,0.734,0.713,1.0,0.83,0.629,0.769,0.795,0.824,0.845,0.794,0.831,0.682,0.623,0.698,0.695,0.826
20,A1_3,0.685,0.654,0.83,1.0,0.664,0.641,0.651,0.764,0.869,0.63,0.664,0.443,0.496,0.521,0.582,0.747
20,B1_1,0.658,0.82,0.629,0.664,1.0,0.733,0.871,0.674,0.724,0.687,0.83,0.69,0.779,0.601,0.758,0.708
20,B1_2,0.748,0.629,0.769,0.641,0.733,1.0,0.872,0.744,0.887,0.919,0.843,0.873,0.794,0.674,0.769,0.838
20,B1_3,0.713,0.828,0.795,0.651,0.871,0.872,1.0,0.767,0.828,0.883,0.955,0.89,0.914,0.768,0.852,0.902
20,A2_1,0.88,0.876,0.824,0.764,0.674,0.744,0.767,1.0,0.847,0.854,0.781,0.68,0.678,0.781,0.863,0.769
20,A2_2,0.77,0.747,0.845,0.869,0.724,0.887,0.828,0.847,1.0,0.884,0.806,0.722,0.663,0.659,0.722,0.868
20,A2_3,0.872,0.784,0.794,0.63,0.687,0.919,0.883,0.854,0.884,1.0,0.868,0.9,0.776,0.82,0.848,0.815
20,B2_1,0.771,0.823,0.831,0.664,0.83,0.843,0.955,0.781,0.806,0.868,1.0,0.92,0.88,0.834,0.877,0.874
20,B2_2,0.761,0.7,0.682,0.443,0.69,0.873,0.89,0.68,0.722,0.9,0.92,1.0,0.857,0.87,0.81,0.815
20,B2_3,0.626,0.686,0.623,0.496,0.779,0.794,0.914,0.678,0.663,0.776,0.88,0.857,1.0,0.724,0.898,0.843
20,y1,0.859,0.81,0.698,0.521,0.601,0.674,0.768,0.781,0.659,0.82,0.834,0.87,0.724,1.0,0.774,0.772
20,y2,0.81,0.812,0.695,0.582,0.758,0.769,0.852,0.863,0.722,0.848,0.877,0.81,0.898,0.774,1.0,0.747
20,y3,0.653,0.721,0.826,0.747,0.708,0.838,0.902,0.769,0.868,0.815,0.874,0.815,0.843,0.772,0.747,1.0
21,.,1.0,0.793,0.729,0.682,0.657,0.747,0.711,0.879,0.765,0.872,0.771,0.76,0.624,0.855,0.81,0.645
21,A1_1,0.793,1.0,0.712,0.652,0.82,0.628,0.827,0.876,0.743,0.783,0.823,0.697,0.687,0.809,0.813,0.716
21,A1_2,0.729,0.712,1.0,0.831,0.628,0.768,0.794,0.821,0.844,0.793,0.829,0.676,0.618,0.693,0.694,0.821
21,A1_3,0.682,0.652,0.831,1.0,0.665,0.639,0.65,0.764,0.87,0.63,0.664,0.44,0.494,0.522,0.584,0.744
21,B1_1,0.657,0.82,0.628,0.665,1.0,0.733,0.872,0.673,0.723,0.686,0.83,0.688,0.781,0.598,0.758,0.706
21,B1_2,0.747,0.628,0.768,0.639,0.733,1.0,0.873,0.741,0.885,0.918,0.843,0.873,0.792,0.673,0.768,0.838
21,B1_3,0.711,0.827,0.794,0.65,0.872,0.873,1.0,0.764,0.825,0.882,0.954,0.889,0.913,0.767,0.852,0.901
21,A2_1,0.879,0.876,0.821,0.764,0.673,0.741,0.764,1.0,0.844,0.853,0.78,0.676,0.675,0.778,0.863,0.762
21,A2_2,0.765,0.743,0.844,0.87,0.723,0.885,0.825,0.844,1.0,0.881,0.803,0.715,0.657,0.653,0.72,0.864
21,A2_3,0.872,0.783,0.793,0.63,0.686,0.918,0.882,0.853,0.881,1.0,0.869,0.899,0.774,0.819,0.848,0.812
21,B2_1,0.771,0.823,0.829,0.664,0.83,0.843,0.954,0.78,0.803,0.869,1.0,0.919,0.879,0.834,0.878,0.874
21,B2_2,0.76,0.697,0.676,0.44,0.688,0.873,0.889,0.676,0.715,0.899,0.919,1.0,0.856,0.867,0.81,0.813
21,B2_3,0.624,0.687,0.618,0.494,0.781,0.792,0.913,0.675,0.657,0.774,0.879,0.856,1.0,0.722,0.899,0.842
21,y1,0.855,0.809,0.693,0.522,0.598,0.673,0.767,0.778,0.653,0.819,0.834,0.867,0.722,1.0,0.773,0.771
21,y2,0.81,0.813,0.694,0.584,0.758,0.768,0.852,0.863,0.72,0.848,0.878,0.81,0.899,0.773,1.0,0.747
21,y3,0.645,0.716,0.821,0.744,0.706,0.838,0.901,0.762,0.864,0.812,0.874,0.813,0.842,0.771,0.747,1.0
22,.,1.0,0.789,0.722,0.678,0.655,0.746,0.708,0.876,0.76,0.871,0.769,0.758,0.62,0.85,0.808,0.635
22,A1_1,0.789,1.0,0.71,0.651,0.821,0.627,0.827,0.875,0.739,0.781,0.823,0.691,0.688,0.806,0.813,0.709
22,A1_2,0.722,0.71,1.0,0.833,0.627,0.765,0.792,0.817,0.843,0.789,0.826,0.667,0.613,0.685,0.691,0.815
22,A1_3,0.678,0.651,0.833,1.0,0.664,0.636,0.649,0.763,0.872,0.628,0.661,0.432,0.493,0.52,0.584,0.738
22,B1_1,0.655,0.821,0.627,0.664,1.0,0.733,0.873,0.673,0.723,0.685,0.829,0.684,0.782,0.595,0.757,0.704
22,B1_2,0.746,0.627,0.765,0.636,0.733,1.0,0.873,0.737,0.88,0.917,0.843,0.873,0.79,0.671,0.766,0.837
22,B1_3,0.708,0.827,0.792,0.649,0.873,0.873,1.0,0.762,0.822,0.88,0.954,0.886,0.912,0.765,0.851,0.9
22,A2_1,0.876,0.875,0.817,0.763,0.673,0.737,0.762,1.0,0.842,0.851,0.778,0.669,0.673,0.774,0.863,0.753
22,A2_2,0.76,0.739,0.843,0.872,0.723,0.88,0.822,0.842,1.0,0.877,0.8,0.705,0.653,0.646,0.718,0.86
22,A2_3,0.871,0.781,0.789,0.628,0.685,0.917,0.88,0.851,0.877,1.0,0.868,0.897,0.772,0.816,0.848,0.809
22,B2_1,0.769,0.823,0.826,0.661,0.829,0.843,0.954,0.778,0.8,0.868,1.0,0.917,0.879,0.832,0.878,0.872
22,B2_2,0.758,0.691,0.667,0.432,0.684,0.873,0.886,0.669,0.705,0.897,0.917,1.0,0.852,0.864,0.808,0.81
22,B2_3,0.62,0.688,0.613,0.493,0.782,0.79,0.912,0.673,0.653,0.772,0.879,0.852,1.0,0.72,0.9,0.841
22,y1,0.85,0.806,0.685,0.52,0.595,0.671,0.765,0.774,0.646,0.816,0.832,0.864,0.72,1.0,0.773,0.768
22,y2,0.808,0.813,0.691,0.584,0.757,0.766,0.851,0.863,0.718,0.848,0.878,0.808,0.9,0.773,1.0,0.747
22,y3,0.635,0.709,0.815,0.738,0.704,0.837,0.9,0.753,0.86,0.809,0.872,0.81,0.841,0.768,0.747,1.0
23,.,1.0,0.787,0.716,0.673,0.655,0.745,0.707,0.872,0.753,0.87,0.77,0.757,0.618,0.847,0.807,0.624
23,A1_1,0.787,1.0,0.709,0.649,0.82,0.626,0.827,0.875,0.735,0.78,0.823,0.687,0.689,0.803,0.814,0.704
23,A1_2,0.716,0.709,1.0,0.834,0.626,0.764,0.791,0.813,0.842,0.787,0.824,0.659,0.608,0.677,0.689,0.808
23,A1_3,0.673,0.649,0.834,1.0,0.663,0.633,0.648,0.762,0.873,0.628,0.66,0.425,0.491,0.517,0.585,0.732
23,B1_1,0.655,0.82,0.626,0.663,1.0,0.734,0.874,0.671,0.722,0.684,0.829,0.681,0.784,0.593,0.756,0.703
23,B1_2,0.745,0.626,0.764,0.633,0.734,1.0,0.874,0.732,0.876,0.916,0.844,0.872,0.788,0.67,0.764,0.835
23,B1_3,0.707,0.827,0.791,0.648,0.874,0.874,1.0,0.758,0.819,0.879,0.954,0.884,0.911,0.763,0.85,0.899
23,A2_1,0.872,0.875,0.813,0.762,0.671,0.732,0.758,1.0,0.838,0.849,0.776,0.661,0.669,0.769,0.862,0.742
23,A2_2,0.753,0.735,0.842,0.873,0.722,0.876,0.819,0.838,1.0,0.873,0.797,0.695,0.647,0.638,0.715,0.853
23,A2_3,0.87,0.78,0.787,0.628,0.684,0.916,0.879,0.849,0.873,1.0,0.868,0.894,0.769,0.814,0.848,0.805
23,B2_1,0.77,0.823,0.824,0.66,0.829,0.844,0.954,0.776,0.797,0.868,1.0,0.916,0.878,0.831,0.879,0.871
23,B2_2,0.757,0.687,0.659,0.425,0.681,0.872,0.884,0.661,0.695,0.894,0.916,1.0,0.85,0.861,0.806,0.807
23,B2_3,0.618,0.689,0.608,0.491,0.784,0.788,0.911,0.669,0.647,0.769,0.878,0.85,1.0,0.718,0.901,0.841
23,y1,0.847,0.803,0.677,0.517,0.593,0.67,0.763,0.769,0.638,0.814,0.831,0.861,0.718,1.0,0.772,0.765
23,y2,0.807,0.814,0.689,0.585,0.756,0.764,0.85,0.862,0.715,0.848,0.879,0.806,0.901,0.772,1.0,0.746
23,y3,0.624,0.704,0.808,0.732,0.703,0.835,0.899,0.742,0.853,0.805,0.871,0.807,0.841,0.765,0.746,1.0
24,.,1.0,0.786,0.714,0.672,0.655,0.745,0.707,0.87,0.752,0.871,0.771,0.757,0.616,0.843,0.805,0.616
24,A1_1,0.786,1.0,0.71,0.649,0.82,0.626,0.826,0.876,0.733,0.781,0.823,0.684,0.69,0.803,0.816,0.7
24,A1_2,0.714,0.71,1.0,0.836,0.626,0.762,0.79,0.812,0.842,0.787,0.822,0.654,0.604,0.674,0.69,0.804
24,A1_3,0.672,0.649,0.836,1.0,0.663,0.632,0.648,0.763,0.875,0.628,0.66,0.422,0.491,0.52,0.589,0.73
24,B1_1,0.655,0.82,0.626,0.663,1.0,0.735,0.875,0.671,0.722,0.684,0.829,0.68,0.786,0.593,0.758,0.703
24,B1_2,0.745,0.626,0.762,0.632,0.735,1.0,0.876,0.728,0.872,0.915,0.844,0.873,0.787,0.671,0.764,0.834
24,B1_3,0.707,0.826,0.79,0.648,0.875,0.876,1.0,0.755,0.816,0.879,0.954,0.883,0.911,0.764,0.851,0.898
24,A2_1,0.87,0.876,0.812,0.763,0.671,0.728,0.755,1.0,0.837,0.848,0.774,0.656,0.666,0.766,0.862,0.734
24,A2_2,0.752,0.733,0.842,0.875,0.722,0.872,0.816,0.837,1.0,0.871,0.794,0.689,0.644,0.635,0.716,0.849
24,A2_3,0.871,0.781,0.787,0.628,0.684,0.915,0.879,0.848,0.871,1.0,0.869,0.893,0.767,0.814,0.85,0.802
24,B2_1,0.771,0.823,0.822,0.66,0.829,0.844,0.954,0.774,0.794,0.869,1.0,0.915,0.878,0.832,0.881,0.871
24,B2_2,0.757,0.684,0.654,0.422,0.68,0.873,0.883,0.656,0.689,0.893,0.915,1.0,0.848,0.859,0.806,0.804
24,B2_3,0.616,0.69,0.604,0.491,0.786,0.787,0.911,0.666,0.644,0.767,0.878,0.848,1.0,0.718,0.902,0.84
24,y1,0.843,0.803,0.674,0.52,0.593,0.671,0.764,0.766,0.635,0.814,0.832,0.859,0.718,1.0,0.774,0.765
24,y2,0.805,0.816,0.69,0.589,0.758,0.764,0.851,0.862,0.716,0.85,0.881,0.806,0.902,0.774,1.0,0.747
24,y3,0.616,0.7,0.804,0.73,0.703,0.834,0.898,0.734,0.849,0.802,0.871,0.804,0.84,0.765,0.747,1.0
25,.,1.0,0.782,0.706,0.667,0.652,0.741,0.703,0.866,0.745,0.868,0.769,0.753,0.609,0.837,0.802,0.602
