,,.,A1_1,A1_2,A1_3,B1_1,B1_2,B1_3,A2_1,A2_2,A2_3,B2_1,B2_2,B2_3,y1,y2,y3
0,.,1.0,0.063,-0.131,-0.245,-0.361,-0.089,-0.152,0.005,-0.487,-0.104,-0.184,0.148,-0.001,0.185,-0.017,-0.23
0,A1_1,0.063,1.0,-0.217,-0.28,0.282,-0.194,0.048,0.535,-0.263,0.022,-0.097,-0.141,0.059,0.285,0.0,-0.605
0,A1_2,-0.131,-0.217,1.0,0.06,-0.673,0.215,-0.212,0.209,0.046,0.174,0.222,0.137,0.071,0.224,0.141,0.599
0,A1_3,-0.245,-0.28,0.06,1.0,-0.061,0.048,-0.406,0.244,0.144,-0.287,0.108,-0.551,-0.453,-0.271,0.068,0.225
0,B1_1,-0.361,0.282,-0.673,-0.061,1.0,-0.324,0.155,-0.357,0.066,-0.091,-0.199,-0.292,-0.126,-0.522,-0.111,-0.4
0,B1_2,-0.089,-0.194,0.215,0.048,-0.324,1.0,-0.256,0.088,0.165,0.613,-0.003,0.248,0.095,0.097,0.24,-0.06
0,B1_3,-0.152,0.048,-0.212,-0.406,0.155,-0.256,1.0,-0.332,-0.177,0.206,0.151,0.14,0.146,0.24,0.179,-0.188
0,A2_1,0.005,0.535,0.209,0.244,-0.357,0.088,-0.332,1.0,0.031,-0.025,0.13,-0.112,0.024,0.367,0.089,-0.126
0,A2_2,-0.487,-0.263,0.046,0.144,0.066,0.165,-0.177,0.031,1.0,0.287,-0.25,0.126,-0.359,0.071,-0.561,0.6
0,A2_3,-0.104,0.022,0.174,-0.287,-0.091,0.613,0.206,-0.025,0.287,1.0,0.048,0.478,-0.067,0.242,0.145,0.059
0,B2_1,-0.184,-0.097,0.222,0.108,-0.199,-0.003,0.151,0.13,-0.25,0.048,1.0,0.518,0.193,0.281,0.207,0.001
0,B2_2,0.148,-0.141,0.137,-0.551,-0.292,0.248,0.14,-0.112,0.126,0.478,0.518,1.0,0.288,0.484,-0.147,0.151
0,B2_3,-0.001,0.059,0.071,-0.453,-0.126,0.095,0.146,0.024,-0.359,-0.067,0.193,0.288,1.0,-0.185,0.615,-0.145
0,y1,0.185,0.285,0.224,-0.271,-0.522,0.097,0.24,0.367,0.071,0.242,0.281,0.484,-0.185,1.0,-0.402,-0.011
0,y2,-0.017,0.0,0.141,0.068,-0.111,0.24,0.179,0.089,-0.561,0.145,0.207,-0.147,0.615,-0.402,1.0,-0.242
0,y3,-0.23,-0.605,0.599,0.225,-0.4,-0.06,-0.188,-0.126,0.6,0.059,0.001,0.151,-0.145,-0.011,-0.242,1.0
1,.,1.0,0.065,-0.132,-0.244,-0.361,-0.089,-0.155,0.007,-0.487,-0.103,-0.179,0.151,-0.005,0.188,-0.02,-0.232
1,A1_1,0.065,1.0,-0.218,-0.28,0.283,-0.195,0.05,0.535,-0.264,0.021,-0.096,-0.141,0.059,0.283,-0.001,-0.605
1,A1_2,-0.132,-0.218,1.0,0.06,-0.671,0.216,-0.21,0.208,0.046,0.175,0.222,0.138,0.071,0.225,0.143,0.6
1,A1_3,-0.244,-0.28,0.06,1.0,-0.06,0.047,-0.406,0.244,0.145,-0.287,0.108,-0.551,-0.453,-0.271,0.068,0.225
1,B1_1,-0.361,0.283,-0.671,-0.06,1.0,-0.325,0.155,-0.356,0.066,-0.091,-0.197,-0.292,-0.126,-0.524,-0.111,-0.4
1,B1_2,-0.089,-0.195,0.216,0.047,-0.325,1.0,-0.257,0.088,0.165,0.612,-0.004,0.247,0.095,0.095,0.24,-0.059
1,B1_3,-0.155,0.05,-0.21,-0.406,0.155,-0.257,1.0,-0.331,-0.177,0.207,0.152,0.14,0.147,0.24,0.181,-0.186
1,A2_1,0.007,0.535,0.208,0.244,-0.356,0.088,-0.331,1.0,0.031,-0.025,0.131,-0.112,0.025,0.365,0.089,-0.126
1,A2_2,-0.487,-0.264,0.046,0.145,0.066,0.165,-0.177,0.031,1.0,0.286,-0.25,0.126,-0.359,0.07,-0.56,0.6
1,A2_3,-0.103,0.021,0.175,-0.287,-0.091,0.612,0.207,-0.025,0.286,1.0,0.049,0.479,-0.066,0.24,0.146,0.059
1,B2_1,-0.179,-0.096,0.222,0.108,-0.197,-0.004,0.152,0.131,-0.25,0.049,1.0,0.518,0.194,0.281,0.209,0.001
1,B2_2,0.151,-0.141,0.138,-0.551,-0.292,0.247,0.14,-0.112,0.126,0.479,0.518,1.0,0.289,0.483,-0.146,0.152
1,B2_3,-0.005,0.059,0.071,-0.453,-0.126,0.095,0.147,0.025,-0.359,-0.066,0.194,0.289,1.0,-0.184,0.617,-0.143
1,y1,0.188,0.283,0.225,-0.271,-0.524,0.095,0.24,0.365,0.07,0.24,0.281,0.483,-0.184,1.0,-0.401,-0.009
1,y2,-0.02,-0.001,0.143,0.068,-0.111,0.24,0.181,0.089,-0.56,0.146,0.209,-0.146,0.617,-0.401,1.0,-0.24
1,y3,-0.232,-0.605,0.6,0.225,-0.4,-0.059,-0.186,-0.126,0.6,0.059,0.001,0.152,-0.143,-0.009,-0.24,1.0
2,.,1.0,0.067,-0.134,-0.244,-0.36,-0.089,-0.158,0.009,-0.487,-0.101,-0.176,0.153,-0.008,0.19,-0.023,-0.235
2,A1_1,0.067,1.0,-0.218,-0.28,0.284,-0.195,0.051,0.535,-0.265,0.02,-0.095,-0.141,0.059,0.281,-0.001,-0.604
2,A1_2,-0.134,-0.218,1.0,0.061,-0.669,0.217,-0.207,0.208,0.047,0.176,0.223,0.138,0.072,0.225,0.145,0.601
2,A1_3,-0.244,-0.28,0.061,1.0,-0.059,0.047,-0.406,0.244,0.145,-0.286,0.108,-0.552,-0.453,-0.273,0.069,0.225
2,B1_1,-0.36,0.284,-0.669,-0.059,1.0,-0.326,0.155,-0.355,0.067,-0.091,-0.196,-0.293,-0.125,-0.525,-0.111,-0.399
2,B1_2,-0.089,-0.195,0.217,0.047,-0.326,1.0,-0.258,0.088,0.165,0.612,-0.004,0.247,0.095,0.094,0.241,-0.059
2,B1_3,-0.158,0.051,-0.207,-0.406,0.155,-0.258,1.0,-0.329,-0.176,0.208,0.153,0.14,0.147,0.24,0.183,-0.185
2,A2_1,0.009,0.535,0.208,0.244,-0.355,0.088,-0.329,1.0,0.03,-0.025,0.132,-0.111,0.025,0.364,0.089,-0.126
2,A2_2,-0.487,-0.265,0.047,0.145,0.067,0.165,-0.176,0.03,1.0,0.286,-0.251,0.125,-0.359,0.069,-0.559,0.6
2,A2_3,-0.101,0.02,0.176,-0.286,-0.091,0.612,0.208,-0.025,0.286,1.0,0.049,0.479,-0.065,0.238,0.146,0.059
2,B2_1,-0.176,-0.095,0.223,0.108,-0.196,-0.004,0.153,0.132,-0.251,0.049,1.0,0.518,0.195,0.28,0.21,0.002
2,B2_2,0.153,-0.141,0.138,-0.552,-0.293,0.247,0.14,-0.111,0.125,0.479,0.518,1.0,0.289,0.483,-0.145,0.153
2,B2_3,-0.008,0.059,0.072,-0.453,-0.125,0.095,0.147,0.025,-0.359,-0.065,0.195,0.289,1.0,-0.184,0.619,-0.141
2,y1,0.19,0.281,0.225,-0.273,-0.525,0.094,0.24,0.364,0.069,0.238,0.28,0.483,-0.184,1.0,-0.401,-0.007
2,y2,-0.023,-0.001,0.145,0.069,-0.111,0.241,0.183,0.089,-0.559,0.146,0.21,-0.145,0.619,-0.401,1.0,-0.238
2,y3,-0.235,-0.604,0.601,0.225,-0.399,-0.059,-0.185,-0.126,0.6,0.059,0.002,0.153,-0.141,-0.007,-0.238,1.0
3,.,1.0,0.069,-0.135,-0.244,-0.36,-0.088,-0.16,0.012,-0.488,-0.101,-0.171,0.156,-0.01,0.193,-0.026,-0.238
3,A1_1,0.069,1.0,-0.218,-0.28,0.285,-0.195,0.053,0.534,-0.265,0.02,-0.094,-0.141,0.06,0.28,-0.002,-0.604
3,A1_2,-0.135,-0.218,1.0,0.061,-0.668,0.217,-0.206,0.208,0.047,0.177,0.223,0.138,0.073,0.226,0.147,0.601
3,A1_3,-0.244,-0.28,0.061,1.0,-0.059,0.047,-0.406,0.244,0.145,-0.286,0.107,-0.552,-0.452,-0.273,0.069,0.225
3,B1_1,-0.36,0.285,-0.668,-0.059,1.0,-0.326,0.155,-0.354,0.067,-0.09,-0.195,-0.293,-0.125,-0.527,-0.111,-0.399
3,B1_2,-0.088,-0.195,0.217,0.047,-0.326,1.0,-0.259,0.088,0.164,0.612,-0.004,0.247,0.095,0.093,0.241,-0.059
3,B1_3,-0.16,0.053,-0.206,-0.406,0.155,-0.259,1.0,-0.328,-0.175,0.21,0.153,0.14,0.147,0.24,0.184,-0.184
3,A2_1,0.012,0.534,0.208,0.244,-0.354,0.088,-0.328,1.0,0.029,-0.025,0.133,-0.111,0.026,0.363,0.089,-0.125
3,A2_2,-0.488,-0.265,0.047,0.145,0.067,0.164,-0.175,0.029,1.0,0.286,-0.251,0.125,-0.359,0.068,-0.558,0.601
3,A2_3,-0.101,0.02,0.177,-0.286,-0.09,0.612,0.21,-0.025,0.286,1.0,0.05,0.479,-0.065,0.236,0.146,0.059
3,B2_1,-0.171,-0.094,0.223,0.107,-0.195,-0.004,0.153,0.133,-0.251,0.05,1.0,0.518,0.196,0.28,0.211,0.002
3,B2_2,0.156,-0.141,0.138,-0.552,-0.293,0.247,0.14,-0.111,0.125,0.479,0.518,1.0,0.289,0.483,-0.144,0.153
3,B2_3,-0.01,0.06,0.073,-0.452,-0.125,0.095,0.147,0.026,-0.359,-0.065,0.196,0.289,1.0,-0.183,0.62,-0.14
3,y1,0.193,0.28,0.226,-0.273,-0.527,0.093,0.24,0.363,0.068,0.236,0.28,0.483,-0.183,1.0,-0.4,-0.004
3,y2,-0.026,-0.002,0.147,0.069,-0.111,0.241,0.184,0.089,-0.558,0.146,0.211,-0.144,0.62,-0.4,1.0,-0.236
3,y3,-0.238,-0.604,0.601,0.225,-0.399,-0.059,-0.184,-0.125,0.601,0.059,0.002,0.153,-0.14,-0.004,-0.236,1.0
4,.,1.0,0.071,-0.137,-0.243,-0.36,-0.088,-0.162,0.014,-0.489,-0.1,-0.166,0.159,-0.013,0.196,-0.03,-0.241
4,A1_1,0.071,1.0,-0.218,-0.28,0.285,-0.196,0.055,0.534,-0.266,0.02,-0.093,-0.141,0.06,0.278,-0.002,-0.603
4,A1_2,-0.137,-0.218,1.0,0.062,-0.666,0.218,-0.204,0.208,0.047,0.178,0.223,0.139,0.074,0.225,0.148,0.601
4,A1_3,-0.243,-0.28,0.062,1.0,-0.058,0.046,-0.406,0.244,0.145,-0.285,0.107,-0.552,-0.452,-0.274,0.07,0.225
4,B1_1,-0.36,0.285,-0.666,-0.058,1.0,-0.327,0.156,-0.353,0.067,-0.09,-0.194,-0.293,-0.124,-0.528,-0.111,-0.399
4,B1_2,-0.088,-0.196,0.218,0.046,-0.327,1.0,-0.26,0.088,0.164,0.612,-0.004,0.246,0.095,0.092,0.242,-0.058
4,B1_3,-0.162,0.055,-0.204,-0.406,0.156,-0.26,1.0,-0.326,-0.175,0.211,0.153,0.139,0.147,0.24,0.186,-0.183
4,A2_1,0.014,0.534,0.208,0.244,-0.353,0.088,-0.326,1.0,0.028,-0.026,0.134,-0.111,0.027,0.361,0.089,-0.125
4,A2_2,-0.489,-0.266,0.047,0.145,0.067,0.164,-0.175,0.028,1.0,0.285,-0.251,0.124,-0.359,0.068,-0.558,0.601
4,A2_3,-0.1,0.02,0.178,-0.285,-0.09,0.612,0.211,-0.026,0.285,1.0,0.05,0.479,-0.064,0.234,0.146,0.059
4,B2_1,-0.166,-0.093,0.223,0.107,-0.194,-0.004,0.153,0.134,-0.251,0.05,1.0,0.518,0.197,0.28,0.213,0.001
4,B2_2,0.159,-0.141,0.139,-0.552,-0.293,0.246,0.139,-0.111,0.124,0.479,0.518,1.0,0.289,0.483,-0.143,0.154
4,B2_3,-0.013,0.06,0.074,-0.452,-0.124,0.095,0.147,0.027,-0.359,-0.064,0.197,0.289,1.0,-0.183,0.622,-0.138
4,y1,0.196,0.278,0.225,-0.274,-0.528,0.092,0.24,0.361,0.068,0.234,0.28,0.483,-0.183,1.0,-0.4,-0.003
4,y2,-0.03,-0.002,0.148,0.07,-0.111,0.242,0.186,0.089,-0.558,0.146,0.213,-0.143,0.622,-0.4,1.0,-0.235
4,y3,-0.241,-0.603,0.601,0.225,-0.399,-0.058,-0.183,-0.125,0.601,0.059,0.001,0.154,-0.138,-0.003,-0.235,1.0
5,.,1.0,0.073,-0.14,-0.243,-0.359,-0.088,-0.165,0.017,-0.489,-0.1,-0.162,0.161,-0.015,0.198,-0.033,-0.244
5,A1_1,0.073,1.0,-0.218,-0.28,0.286,-0.196,0.057,0.534,-0.267,0.019,-0.091,-0.141,0.061,0.277,-0.003,-0.603
5,A1_2,-0.14,-0.218,1.0,0.062,-0.665,0.218,-0.202,0.208,0.048,0.179,0.223,0.139,0.074,0.225,0.15,0.602
5,A1_3,-0.243,-0.28,0.062,1.0,-0.057,0.046,-0.406,0.244,0.145,-0.285,0.107,-0.553,-0.452,-0.275,0.071,0.224
5,B1_1,-0.359,0.286,-0.665,-0.057,1.0,-0.327,0.156,-0.352,0.067,-0.09,-0.193,-0.292,-0.123,-0.529,-0.111,-0.399
5,B1_2,-0.088,-0.196,0.218,0.046,-0.327,1.0,-0.261,0.088,0.164,0.613,-0.004,0.246,0.095,0.091,0.242,-0.058
5,B1_3,-0.165,0.057,-0.202,-0.406,0.156,-0.261,1.0,-0.324,-0.174,0.213,0.153,0.139,0.147,0.24,0.188,-0.182
5,A2_1,0.017,0.534,0.208,0.244,-0.352,0.088,-0.324,1.0,0.027,-0.026,0.135,-0.11,0.028,0.36,0.089,-0.125
5,A2_2,-0.489,-0.267,0.048,0.145,0.067,0.164,-0.174,0.027,1.0,0.285,-0.251,0.124,-0.359,0.067,-0.557,0.601
5,A2_3,-0.1,0.019,0.179,-0.285,-0.09,0.613,0.213,-0.026,0.285,1.0,0.051,0.479,-0.063,0.232,0.146,0.058
5,B2_1,-0.162,-0.091,0.223,0.107,-0.193,-0.004,0.153,0.135,-0.251,0.051,1.0,0.518,0.197,0.28,0.214,0.001
5,B2_2,0.161,-0.141,0.139,-0.553,-0.292,0.246,0.139,-0.11,0.124,0.479,0.518,1.0,0.289,0.482,-0.142,0.154
5,B2_3,-0.015,0.061,0.074,-0.452,-0.123,0.095,0.147,0.028,-0.359,-0.063,0.197,0.289,1.0,-0.182,0.623,-0.138
5,y1,0.198,0.277,0.225,-0.275,-0.529,0.091,0.24,0.36,0.067,0.232,0.28,0.482,-0.182,1.0,-0.399,-0.001
5,y2,-0.033,-0.003,0.15,0.071,-0.111,0.242,0.188,0.089,-0.557,0.146,0.214,-0.142,0.623,-0.399,1.0,-0.234
5,y3,-0.244,-0.603,0.602,0.224,-0.399,-0.058,-0.182,-0.125,0.601,0.058,0.001,0.154,-0.138,-0.001,-0.234,1.0
6,.,1.0,0.075,-0.141,-0.242,-0.359,-0.088,-0.168,0.02,-0.489,-0.1,-0.157,0.164,-0.018,0.201,-0.037,-0.246
6,A1_1,0.075,1.0,-0.218,-0.279,0.287,-0.196,0.059,0.534,-0.268,0.019,-0.09,-0.141,0.062,0.275,-0.003,-0.603
6,A1_2,-0.141,-0.218,1.0,0.063,-0.663,0.218,-0.201,0.208,0.048,0.18,0.223,0.139,0.074,0.225,0.151,0.602
6,A1_3,-0.242,-0.279,0.063,1.0,-0.057,0.046,-0.405,0.244,0.144,-0.284,0.107,-0.553,-0.451,-0.276,0.071,0.224
6,B1_1,-0.359,0.287,-0.663,-0.057,1.0,-0.328,0.156,-0.351,0.067,-0.089,-0.192,-0.292,-0.122,-0.53,-0.111,-0.399
6,B1_2,-0.088,-0.196,0.218,0.046,-0.328,1.0,-0.262,0.088,0.164,0.612,-0.004,0.246,0.095,0.09,0.242,-0.058
6,B1_3,-0.168,0.059,-0.201,-0.405,0.156,-0.262,1.0,-0.323,-0.174,0.214,0.154,0.139,0.148,0.24,0.19,-0.181
6,A2_1,0.02,0.534,0.208,0.244,-0.351,0.088,-0.323,1.0,0.027,-0.027,0.136,-0.11,0.029,0.358,0.089,-0.125
6,A2_2,-0.489,-0.268,0.048,0.144,0.067,0.164,-0.174,0.027,1.0,0.285,-0.252,0.123,-0.359,0.066,-0.556,0.601
6,A2_3,-0.1,0.019,0.18,-0.284,-0.089,0.612,0.214,-0.027,0.285,1.0,0.052,0.479,-0.062,0.23,0.146,0.058
6,B2_1,-0.157,-0.09,0.223,0.107,-0.192,-0.004,0.154,0.136,-0.252,0.052,1.0,0.518,0.198,0.279,0.215,0.001
6,B2_2,0.164,-0.141,0.139,-0.553,-0.292,0.246,0.139,-0.11,0.123,0.479,0.518,1.0,0.29,0.481,-0.141,0.155
6,B2_3,-0.018,0.062,0.074,-0.451,-0.122,0.095,0.148,0.029,-0.359,-0.062,0.198,0.29,1.0,-0.182,0.625,-0.136
6,y1,0.201,0.275,0.225,-0.276,-0.53,0.09,0.24,0.358,0.066,0.23,0.279,0.481,-0.182,1.0,-0.399,0.001
6,y2,-0.037,-0.003,0.151,0.071,-0.111,0.242,0.19,0.089,-0.556,0.146,0.215,-0.141,0.625,-0.399,1.0,-0.232
6,y3,-0.246,-0.603,0.602,0.224,-0.399,-0.058,-0.181,-0.125,0.601,0.058,0.001,0.155,-0.136,0.001,-0.232,1.0
7,.,1.0,0.077,-0.144,-0.241,-0.358,-0.088,-0.171,0.023,-0.488,-0.101,-0.154,0.166,-0.021,0.203,-0.041,-0.249
7,A1_1,0.077,1.0,-0.218,-0.28,0.288,-0.197,0.061,0.533,-0.269,0.018,-0.089,-0.14,0.062,0.273,-0.003,-0.603
7,A1_2,-0.144,-0.218,1.0,0.063,-0.662,0.219,-0.199,0.208,0.049,0.18,0.223,0.139,0.075,0.226,0.153,0.602
7,A1_3,-0.241,-0.28,0.063,1.0,-0.056,0.045,-0.406,0.243,0.144,-0.284,0.107,-0.553,-0.451,-0.277,0.072,0.224
7,B1_1,-0.358,0.288,-0.662,-0.056,1.0,-0.328,0.156,-0.35,0.067,-0.089,-0.191,-0.292,-0.122,-0.532,-0.111,-0.399
7,B1_2,-0.088,-0.197,0.219,0.045,-0.328,1.0,-0.262,0.089,0.163,0.613,-0.004,0.246,0.095,0.089,0.242,-0.058
7,B1_3,-0.171,0.061,-0.199,-0.406,0.156,-0.262,1.0,-0.321,-0.174,0.216,0.154,0.139,0.148,0.24,0.191,-0.181
7,A2_1,0.023,0.533,0.208,0.243,-0.35,0.089,-0.321,1.0,0.026,-0.027,0.138,-0.109,0.03,0.357,0.089,-0.125
7,A2_2,-0.488,-0.269,0.049,0.144,0.067,0.163,-0.174,0.026,1.0,0.284,-0.252,0.123,-0.359,0.065,-0.556,0.601
7,A2_3,-0.101,0.018,0.18,-0.284,-0.089,0.613,0.216,-0.027,0.284,1.0,0.053,0.48,-0.061,0.228,0.146,0.057
7,B2_1,-0.154,-0.089,0.223,0.107,-0.191,-0.004,0.154,0.138,-0.252,0.053,1.0,0.518,0.199,0.278,0.216,0.001
7,B2_2,0.166,-0.14,0.139,-0.553,-0.292,0.246,0.139,-0.109,0.123,0.48,0.518,1.0,0.29,0.481,-0.14,0.155
7,B2_3,-0.021,0.062,0.075,-0.451,-0.122,0.095,0.148,0.03,-0.359,-0.061,0.199,0.29,1.0,-0.181,0.627,-0.135
7,y1,0.203,0.273,0.226,-0.277,-0.532,0.089,0.24,0.357,0.065,0.228,0.278,0.481,-0.181,1.0,-0.398,0.004
7,y2,-0.041,-0.003,0.153,0.072,-0.111,0.242,0.191,0.089,-0.556,0.146,0.216,-0.14,0.627,-0.398,1.0,-0.231
7,y3,-0.249,-0.603,0.602,0.224,-0.399,-0.058,-0.181,-0.125,0.601,0.057,0.001,0.155,-0.135,0.004,-0.231,1.0
8,.,1.0,0.079,-0.146,-0.24,-0.358,-0.087,-0.173,0.025,-0.489,-0.101,-0.149,0.169,-0.023,0.206,-0.045,-0.253
8,A1_1,0.079,1.0,-0.219,-0.28,0.289,-0.197,0.062,0.533,-0.27,0.018,-0.087,-0.14,0.063,0.272,-0.004,-0.603
8,A1_2,-0.146,-0.219,1.0,0.064,-0.661,0.219,-0.198,0.207,0.049,0.181,0.224,0.139,0.075,0.225,0.155,0.603
8,A1_3,-0.24,-0.28,0.064,1.0,-0.056,0.045,-0.406,0.244,0.144,-0.284,0.107,-0.554,-0.451,-0.278,0.072,0.224
8,B1_1,-0.358,0.289,-0.661,-0.056,1.0,-0.328,0.156,-0.349,0.067,-0.088,-0.189,-0.291,-0.121,-0.532,-0.111,-0.4
8,B1_2,-0.087,-0.197,0.219,0.045,-0.328,1.0,-0.263,0.089,0.163,0.613,-0.003,0.246,0.095,0.088,0.243,-0.058
8,B1_3,-0.173,0.062,-0.198,-0.406,0.156,-0.263,1.0,-0.32,-0.173,0.217,0.154,0.139,0.148,0.24,0.193,-0.18
8,A2_1,0.025,0.533,0.207,0.244,-0.349,0.089,-0.32,1.0,0.025,-0.027,0.139,-0.109,0.031,0.355,0.089,-0.125
8,A2_2,-0.489,-0.27,0.049,0.144,0.067,0.163,-0.173,0.025,1.0,0.284,-0.252,0.122,-0.359,0.065,-0.555,0.602
8,A2_3,-0.101,0.018,0.181,-0.284,-0.088,0.613,0.217,-0.027,0.284,1.0,0.054,0.48,-0.06,0.226,0.145,0.057
8,B2_1,-0.149,-0.087,0.224,0.107,-0.189,-0.003,0.154,0.139,-0.252,0.054,1.0,0.519,0.2,0.278,0.217,0.0
8,B2_2,0.169,-0.14,0.139,-0.554,-0.291,0.246,0.139,-0.109,0.122,0.48,0.519,1.0,0.291,0.48,-0.139,0.155
8,B2_3,-0.023,0.063,0.075,-0.451,-0.121,0.095,0.148,0.031,-0.359,-0.06,0.2,0.291,1.0,-0.181,0.628,-0.134
8,y1,0.206,0.272,0.225,-0.278,-0.532,0.088,0.24,0.355,0.065,0.226,0.278,0.48,-0.181,1.0,-0.398,0.006
8,y2,-0.045,-0.004,0.155,0.072,-0.111,0.243,0.193,0.089,-0.555,0.145,0.217,-0.139,0.628,-0.398,1.0,-0.23
8,y3,-0.253,-0.603,0.603,0.224,-0.4,-0.058,-0.18,-0.125,0.602,0.057,0.0,0.155,-0.134,0.006,-0.23,1.0
9,.,1.0,0.082,-0.15,-0.241,-0.356,-0.086,-0.175,0.028,-0.489,-0.101,-0.146,0.171,-0.026,0.209,-0.049,-0.258
9,A1_1,0.082,1.0,-0.219,-0.279,0.291,-0.197,0.064,0.533,-0.271,0.017,-0.086,-0.14,0.063,0.27,-0.004,-0.603
9,A1_2,-0.15,-0.219,1.0,0.064,-0.659,0.219,-0.197,0.207,0.049,0.182,0.224,0.139,0.076,0.225,0.156,0.603
9,A1_3,-0.241,-0.279,0.064,1.0,-0.055,0.044,-0.406,0.243,0.145,-0.283,0.107,-0.554,-0.45,-0.279,0.073,0.223
9,B1_1,-0.356,0.291,-0.659,-0.055,1.0,-0.328,0.156,-0.348,0.067,-0.087,-0.188,-0.291,-0.12,-0.533,-0.111,-0.4
9,B1_2,-0.086,-0.197,0.219,0.044,-0.328,1.0,-0.263,0.089,0.162,0.613,-0.002,0.246,0.095,0.088,0.243,-0.057
9,B1_3,-0.175,0.064,-0.197,-0.406,0.156,-0.263,1.0,-0.318,-0.173,0.219,0.154,0.139,0.149,0.24,0.194,-0.18
9,A2_1,0.028,0.533,0.207,0.243,-0.348,0.089,-0.318,1.0,0.024,-0.028,0.14,-0.109,0.031,0.354,0.089,-0.125
9,A2_2,-0.489,-0.271,0.049,0.145,0.067,0.162,-0.173,0.024,1.0,0.284,-0.252,0.122,-0.359,0.065,-0.555,0.602
9,A2_3,-0.101,0.017,0.182,-0.283,-0.087,0.613,0.219,-0.028,0.284,1.0,0.054,0.48,-0.059,0.224,0.145,0.057
9,B2_1,-0.146,-0.086,0.224,0.107,-0.188,-0.002,0.154,0.14,-0.252,0.054,1.0,0.519,0.201,0.277,0.217,0.0
9,B2_2,0.171,-0.14,0.139,-0.554,-0.291,0.246,0.139,-0.109,0.122,0.48,0.519,1.0,0.291,0.48,-0.138,0.155
9,B2_3,-0.026,0.063,0.076,-0.45,-0.12,0.095,0.149,0.031,-0.359,-0.059,0.201,0.291,1.0,-0.18,0.63,-0.133
9,y1,0.209,0.27,0.225,-0.279,-0.533,0.088,0.24,0.354,0.065,0.224,0.277,0.48,-0.18,1.0,-0.398,0.008
9,y2,-0.049,-0.004,0.156,0.073,-0.111,0.243,0.194,0.089,-0.555,0.145,0.217,-0.138,0.63,-0.398,1.0,-0.229
9,y3,-0.258,-0.603,0.603,0.223,-0.4,-0.057,-0.18,-0.125,0.602,0.057,0.0,0.155,-0.133,0.008,-0.229,1.0
10,.,1.0,0.084,-0.154,-0.239,-0.355,-0.084,-0.179,0.031,-0.489,-0.101,-0.142,0.173,-0.029,0.211,-0.053,-0.262
10,A1_1,0.084,1.0,-0.219,-0.279,0.292,-0.197,0.066,0.533,-0.271,0.017,-0.085,-0.14,0.064,0.268,-0.004,-0.603
10,A1_2,-0.154,-0.219,1.0,0.065,-0.658,0.22,-0.195,0.207,0.05,0.182,0.224,0.139,0.076,0.225,0.158,0.603
10,A1_3,-0.239,-0.279,0.065,1.0,-0.055,0.044,-0.406,0.244,0.144,-0.283,0.106,-0.554,-0.45,-0.28,0.073,0.223
10,B1_1,-0.355,0.292,-0.658,-0.055,1.0,-0.329,0.157,-0.347,0.067,-0.087,-0.187,-0.29,-0.119,-0.534,-0.112,-0.401
10,B1_2,-0.084,-0.197,0.22,0.044,-0.329,1.0,-0.263,0.089,0.162,0.613,-0.002,0.246,0.096,0.087,0.243,-0.057
10,B1_3,-0.179,0.066,-0.195,-0.406,0.157,-0.263,1.0,-0.316,-0.172,0.22,0.155,0.14,0.149,0.241,0.196,-0.179
10,A2_1,0.031,0.533,0.207,0.244,-0.347,0.089,-0.316,1.0,0.023,-0.028,0.141,-0.108,0.032,0.352,0.089,-0.125
10,A2_2,-0.489,-0.271,0.05,0.144,0.067,0.162,-0.172,0.023,1.0,0.284,-0.252,0.121,-0.359,0.064,-0.554,0.602
10,A2_3,-0.101,0.017,0.182,-0.283,-0.087,0.613,0.22,-0.028,0.284,1.0,0.055,0.48,-0.058,0.222,0.145,0.056
10,B2_1,-0.142,-0.085,0.224,0.106,-0.187,-0.002,0.155,0.141,-0.252,0.055,1.0,0.519,0.202,0.277,0.219,-0.0
10,B2_2,0.173,-0.14,0.139,-0.554,-0.29,0.246,0.14,-0.108,0.121,0.48,0.519,1.0,0.292,0.479,-0.137,0.155
10,B2_3,-0.029,0.064,0.076,-0.45,-0.119,0.096,0.149,0.032,-0.359,-0.058,0.202,0.292,1.0,-0.179,0.631,-0.132
10,y1,0.211,0.268,0.225,-0.28,-0.534,0.087,0.241,0.352,0.064,0.222,0.277,0.479,-0.179,1.0,-0.397,0.01
10,y2,-0.053,-0.004,0.158,0.073,-0.112,0.243,0.196,0.089,-0.554,0.145,0.219,-0.137,0.631,-0.397,1.0,-0.228
10,y3,-0.262,-0.603,0.603,0.223,-0.401,-0.057,-0.179,-0.125,0.602,0.056,-0.0,0.155,-0.132,0.01,-0.228,1.0
11,.,1.0,0.085,-0.158,-0.238,-0.354,-0.083,-0.181,0.034,-0.488,-0.102,-0.139,0.175,-0.033,0.214,-0.059,-0.265
11,A1_1,0.085,1.0,-0.219,-0.279,0.293,-0.197,0.067,0.532,-0.272,0.016,-0.083,-0.14,0.065,0.267,-0.005,-0.603
11,A1_2,-0.158,-0.219,1.0,0.066,-0.657,0.22,-0.194,0.207,0.05,0.183,0.224,0.139,0.076,0.225,0.159,0.603
11,A1_3,-0.238,-0.279,0.066,1.0,-0.054,0.043,-0.406,0.244,0.144,-0.282,0.106,-0.554,-0.45,-0.281,0.074,0.222
11,B1_1,-0.354,0.293,-0.657,-0.054,1.0,-0.329,0.157,-0.346,0.067,-0.086,-0.185,-0.29,-0.118,-0.535,-0.111,-0.401
11,B1_2,-0.083,-0.197,0.22,0.043,-0.329,1.0,-0.263,0.089,0.161,0.613,-0.001,0.247,0.096,0.086,0.243,-0.058
11,B1_3,-0.181,0.067,-0.194,-0.406,0.157,-0.263,1.0,-0.315,-0.172,0.222,0.155,0.14,0.15,0.241,0.197,-0.178
11,A2_1,0.034,0.532,0.207,0.244,-0.346,0.089,-0.315,1.0,0.023,-0.028,0.143,-0.108,0.033,0.351,0.09,-0.126
11,A2_2,-0.488,-0.272,0.05,0.144,0.067,0.161,-0.172,0.023,1.0,0.283,-0.252,0.121,-0.359,0.063,-0.553,0.602
11,A2_3,-0.102,0.016,0.183,-0.282,-0.086,0.613,0.222,-0.028,0.283,1.0,0.056,0.48,-0.057,0.219,0.145,0.055
11,B2_1,-0.139,-0.083,0.224,0.106,-0.185,-0.001,0.155,0.143,-0.252,0.056,1.0,0.52,0.203,0.276,0.219,-0.001
11,B2_2,0.175,-0.14,0.139,-0.554,-0.29,0.247,0.14,-0.108,0.121,0.48,0.52,1.0,0.292,0.479,-0.136,0.155
11,B2_3,-0.033,0.065,0.076,-0.45,-0.118,0.096,0.15,0.033,-0.359,-0.057,0.203,0.292,1.0,-0.178,0.633,-0.132
11,y1,0.214,0.267,0.225,-0.281,-0.535,0.086,0.241,0.351,0.063,0.219,0.276,0.479,-0.178,1.0,-0.397,0.012
11,y2,-0.059,-0.005,0.159,0.074,-0.111,0.243,0.197,0.09,-0.553,0.145,0.219,-0.136,0.633,-0.397,1.0,-0.228
11,y3,-0.265,-0.603,0.603,0.222,-0.401,-0.058,-0.178,-0.126,0.602,0.055,-0.001,0.155,-0.132,0.012,-0.228,1.0
12,.,1.0,0.088,-0.161,-0.237,-0.352,-0.083,-0.185,0.036,-0.487,-0.104,-0.136,0.177,-0.035,0.216,-0.063,-0.269
12,A1_1,0.088,1.0,-0.22,-0.279,0.294,-0.197,0.069,0.532,-0.273,0.015,-0.082,-0.139,0.066,0.265,-0.005,-0.603
12,A1_2,-0.161,-0.22,1.0,0.067,-0.655,0.22,-0.193,0.207,0.05,0.184,0.224,0.139,0.076,0.224,0.16,0.603
12,A1_3,-0.237,-0.279,0.067,1.0,-0.054,0.043,-0.406,0.244,0.144,-0.282,0.106,-0.554,-0.449,-0.282,0.074,0.222
12,B1_1,-0.352,0.294,-0.655,-0.054,1.0,-0.329,0.158,-0.345,0.067,-0.085,-0.184,-0.289,-0.117,-0.535,-0.111,-0.401
12,B1_2,-0.083,-0.197,0.22,0.043,-0.329,1.0,-0.263,0.089,0.161,0.614,-0.0,0.247,0.096,0.085,0.244,-0.058
12,B1_3,-0.185,0.069,-0.193,-0.406,0.158,-0.263,1.0,-0.313,-0.172,0.223,0.156,0.141,0.15,0.241,0.199,-0.178
12,A2_1,0.036,0.532,0.207,0.244,-0.345,0.089,-0.313,1.0,0.022,-0.029,0.144,-0.108,0.034,0.349,0.09,-0.126
12,A2_2,-0.487,-0.273,0.05,0.144,0.067,0.161,-0.172,0.022,1.0,0.283,-0.252,0.12,-0.359,0.063,-0.553,0.602
12,A2_3,-0.104,0.015,0.184,-0.282,-0.085,0.614,0.223,-0.029,0.283,1.0,0.057,0.48,-0.056,0.217,0.145,0.054
12,B2_1,-0.136,-0.082,0.224,0.106,-0.184,-0.0,0.156,0.144,-0.252,0.057,1.0,0.52,0.204,0.275,0.22,-0.002
12,B2_2,0.177,-0.139,0.139,-0.554,-0.289,0.247,0.141,-0.108,0.12,0.48,0.52,1.0,0.293,0.478,-0.135,0.155
12,B2_3,-0.035,0.066,0.076,-0.449,-0.117,0.096,0.15,0.034,-0.359,-0.056,0.204,0.293,1.0,-0.178,0.634,-0.131
12,y1,0.216,0.265,0.224,-0.282,-0.535,0.085,0.241,0.349,0.063,0.217,0.275,0.478,-0.178,1.0,-0.397,0.014
12,y2,-0.063,-0.005,0.16,0.074,-0.111,0.244,0.199,0.09,-0.553,0.145,0.22,-0.135,0.634,-0.397,1.0,-0.227
12,y3,-0.269,-0.603,0.603,0.222,-0.401,-0.058,-0.178,-0.126,0.602,0.054,-0.002,0.155,-0.131,0.014,-0.227,1.0
13,.,1.0,0.091,-0.165,-0.237,-0.351,-0.081,-0.189,0.039,-0.486,-0.104,-0.133,0.179,-0.038,0.219,-0.068,-0.273
13,A1_1,0.091,1.0,-0.22,-0.279,0.295,-0.197,0.07,0.532,-0.274,0.015,-0.081,-0.139,0.066,0.264,-0.005,-0.603
13,A1_2,-0.165,-0.22,1.0,0.067,-0.654,0.22,-0.191,0.207,0.05,0.185,0.224,0.139,0.077,0.223,0.162,0.603
13,A1_3,-0.237,-0.279,0.067,1.0,-0.054,0.043,-0.407,0.244,0.144,-0.282,0.106,-0.555,-0.449,-0.283,0.075,0.221
13,B1_1,-0.351,0.295,-0.654,-0.054,1.0,-0.329,0.158,-0.344,0.067,-0.085,-0.182,-0.288,-0.117,-0.536,-0.112,-0.402
13,B1_2,-0.081,-0.197,0.22,0.043,-0.329,1.0,-0.263,0.089,0.161,0.614,0.001,0.247,0.097,0.085,0.244,-0.058
13,B1_3,-0.189,0.07,-0.191,-0.407,0.158,-0.263,1.0,-0.312,-0.172,0.225,0.157,0.141,0.151,0.241,0.2,-0.178
13,A2_1,0.039,0.532,0.207,0.244,-0.344,0.089,-0.312,1.0,0.021,-0.029,0.145,-0.107,0.035,0.348,0.09,-0.126
13,A2_2,-0.486,-0.274,0.05,0.144,0.067,0.161,-0.172,0.021,1.0,0.283,-0.252,0.119,-0.359,0.062,-0.552,0.602
13,A2_3,-0.104,0.015,0.185,-0.282,-0.085,0.614,0.225,-0.029,0.283,1.0,0.058,0.48,-0.055,0.215,0.145,0.053
13,B2_1,-0.133,-0.081,0.224,0.106,-0.182,0.001,0.157,0.145,-0.252,0.058,1.0,0.521,0.205,0.274,0.221,-0.003
13,B2_2,0.179,-0.139,0.139,-0.555,-0.288,0.247,0.141,-0.107,0.119,0.48,0.521,1.0,0.293,0.477,-0.135,0.155
13,B2_3,-0.038,0.066,0.077,-0.449,-0.117,0.097,0.151,0.035,-0.359,-0.055,0.205,0.293,1.0,-0.177,0.635,-0.13
13,y1,0.219,0.264,0.223,-0.283,-0.536,0.085,0.241,0.348,0.062,0.215,0.274,0.477,-0.177,1.0,-0.397,0.015
13,y2,-0.068,-0.005,0.162,0.075,-0.112,0.244,0.2,0.09,-0.552,0.145,0.221,-0.135,0.635,-0.397,1.0,-0.226
13,y3,-0.273,-0.603,0.603,0.221,-0.402,-0.058,-0.178,-0.126,0.602,0.053,-0.003,0.155,-0.13,0.015,-0.226,1.0
14,.,1.0,0.092,-0.168,-0.235,-0.349,-0.081,-0.192,0.042,-0.486,-0.106,-0.13,0.181,-0.041,0.221,-0.074,-0.276
14,A1_1,0.092,1.0,-0.221,-0.279,0.296,-0.198,0.072,0.531,-0.275,0.015,-0.08,-0.139,0.067,0.263,-0.005,-0.603
14,A1_2,-0.168,-0.221,1.0,0.068,-0.653,0.221,-0.19,0.206,0.051,0.185,0.224,0.139,0.077,0.223,0.163,0.603
14,A1_3,-0.235,-0.279,0.068,1.0,-0.054,0.042,-0.407,0.244,0.144,-0.281,0.106,-0.555,-0.449,-0.285,0.075,0.221
14,B1_1,-0.349,0.296,-0.653,-0.054,1.0,-0.329,0.159,-0.343,0.067,-0.084,-0.181,-0.288,-0.116,-0.536,-0.112,-0.402
14,B1_2,-0.081,-0.198,0.221,0.042,-0.329,1.0,-0.262,0.089,0.161,0.615,0.002,0.248,0.097,0.084,0.245,-0.058
14,B1_3,-0.192,0.072,-0.19,-0.407,0.159,-0.262,1.0,-0.31,-0.171,0.226,0.158,0.142,0.151,0.241,0.202,-0.177
14,A2_1,0.042,0.531,0.206,0.244,-0.343,0.089,-0.31,1.0,0.02,-0.029,0.146,-0.107,0.036,0.346,0.09,-0.127
14,A2_2,-0.486,-0.275,0.051,0.144,0.067,0.161,-0.171,0.02,1.0,0.283,-0.252,0.119,-0.359,0.061,-0.552,0.602
14,A2_3,-0.106,0.015,0.185,-0.281,-0.084,0.615,0.226,-0.029,0.283,1.0,0.059,0.481,-0.054,0.213,0.144,0.053
14,B2_1,-0.13,-0.08,0.224,0.106,-0.181,0.002,0.158,0.146,-0.252,0.059,1.0,0.521,0.206,0.273,0.221,-0.003
14,B2_2,0.181,-0.139,0.139,-0.555,-0.288,0.248,0.142,-0.107,0.119,0.481,0.521,1.0,0.294,0.476,-0.134,0.155
14,B2_3,-0.041,0.067,0.077,-0.449,-0.116,0.097,0.151,0.036,-0.359,-0.054,0.206,0.294,1.0,-0.176,0.637,-0.129
14,y1,0.221,0.263,0.223,-0.285,-0.536,0.084,0.241,0.346,0.061,0.213,0.273,0.476,-0.176,1.0,-0.396,0.017
14,y2,-0.074,-0.005,0.163,0.075,-0.112,0.245,0.202,0.09,-0.552,0.144,0.221,-0.134,0.637,-0.396,1.0,-0.226
14,y3,-0.276,-0.603,0.603,0.221,-0.402,-0.058,-0.177,-0.127,0.602,0.053,-0.003,0.155,-0.129,0.017,-0.226,1.0
15,.,1.0,0.093,-0.172,-0.234,-0.348,-0.081,-0.195,0.044,-0.484,-0.107,-0.126,0.183,-0.044,0.223,-0.079,-0.279
15,A1_1,0.093,1.0,-0.221,-0.279,0.297,-0.198,0.074,0.531,-0.276,0.014,-0.079,-0.139,0.068,0.261,-0.005,-0.603
15,A1_2,-0.172,-0.221,1.0,0.069,-0.652,0.221,-0.189,0.206,0.05,0.186,0.224,0.139,0.077,0.223,0.164,0.603
15,A1_3,-0.234,-0.279,0.069,1.0,-0.054,0.042,-0.407,0.244,0.144,-0.28,0.106,-0.555,-0.449,-0.285,0.076,0.22
15,B1_1,-0.348,0.297,-0.652,-0.054,1.0,-0.329,0.159,-0.342,0.067,-0.083,-0.179,-0.287,-0.115,-0.537,-0.112,-0.403
15,B1_2,-0.081,-0.198,0.221,0.042,-0.329,1.0,-0.262,0.089,0.16,0.615,0.003,0.248,0.098,0.083,0.245,-0.058
15,B1_3,-0.195,0.074,-0.189,-0.407,0.159,-0.262,1.0,-0.309,-0.171,0.228,0.158,0.142,0.152,0.242,0.203,-0.177
15,A2_1,0.044,0.531,0.206,0.244,-0.342,0.089,-0.309,1.0,0.019,-0.03,0.148,-0.107,0.037,0.345,0.09,-0.127
15,A2_2,-0.484,-0.276,0.05,0.144,0.067,0.16,-0.171,0.019,1.0,0.283,-0.252,0.118,-0.359,0.061,-0.551,0.602
15,A2_3,-0.107,0.014,0.186,-0.28,-0.083,0.615,0.228,-0.03,0.283,1.0,0.059,0.481,-0.053,0.211,0.144,0.052
15,B2_1,-0.126,-0.079,0.224,0.106,-0.179,0.003,0.158,0.148,-0.252,0.059,1.0,0.522,0.207,0.272,0.221,-0.005
15,B2_2,0.183,-0.139,0.139,-0.555,-0.287,0.248,0.142,-0.107,0.118,0.481,0.522,1.0,0.295,0.476,-0.133,0.155
15,B2_3,-0.044,0.068,0.077,-0.449,-0.115,0.098,0.152,0.037,-0.359,-0.053,0.207,0.295,1.0,-0.175,0.638,-0.129
15,y1,0.223,0.261,0.223,-0.285,-0.537,0.083,0.242,0.345,0.061,0.211,0.272,0.476,-0.175,1.0,-0.396,0.019
15,y2,-0.079,-0.005,0.164,0.076,-0.112,0.245,0.203,0.09,-0.551,0.144,0.221,-0.133,0.638,-0.396,1.0,-0.226
15,y3,-0.279,-0.603,0.603,0.22,-0.403,-0.058,-0.177,-0.127,0.602,0.052,-0.005,0.155,-0.129,0.019,-0.226,1.0
16,.,1.0,0.095,-0.176,-0.233,-0.347,-0.08,-0.199,0.046,-0.483,-0.109,-0.124,0.184,-0.047,0.224,-0.083,-0.282
16,A1_1,0.095,1.0,-0.221,-0.279,0.298,-0.198,0.075,0.531,-0.276,0.014,-0.078,-0.139,0.068,0.259,-0.005,-0.603
16,A1_2,-0.176,-0.221,1.0,0.069,-0.651,0.221,-0.188,0.206,0.05,0.186,0.224,0.139,0.077,0.222,0.165,0.603
16,A1_3,-0.233,-0.279,0.069,1.0,-0.053,0.041,-0.407,0.244,0.144,-0.28,0.106,-0.555,-0.449,-0.287,0.076,0.22
16,B1_1,-0.347,0.298,-0.651,-0.053,1.0,-0.328,0.16,-0.341,0.068,-0.082,-0.178,-0.286,-0.114,-0.538,-0.112,-0.404
16,B1_2,-0.08,-0.198,0.221,0.041,-0.328,1.0,-0.261,0.089,0.16,0.615,0.004,0.249,0.098,0.083,0.246,-0.058
16,B1_3,-0.199,0.075,-0.188,-0.407,0.16,-0.261,1.0,-0.308,-0.17,0.23,0.159,0.143,0.153,0.242,0.204,-0.176
16,A2_1,0.046,0.531,0.206,0.244,-0.341,0.089,-0.308,1.0,0.019,-0.031,0.148,-0.106,0.037,0.343,0.09,-0.127
16,A2_2,-0.483,-0.276,0.05,0.144,0.068,0.16,-0.17,0.019,1.0,0.282,-0.252,0.118,-0.359,0.06,-0.551,0.602
16,A2_3,-0.109,0.014,0.186,-0.28,-0.082,0.615,0.23,-0.031,0.282,1.0,0.06,0.481,-0.052,0.209,0.143,0.051
16,B2_1,-0.124,-0.078,0.224,0.106,-0.178,0.004,0.159,0.148,-0.252,0.06,1.0,0.522,0.208,0.272,0.222,-0.005
16,B2_2,0.184,-0.139,0.139,-0.555,-0.286,0.249,0.143,-0.106,0.118,0.481,0.522,1.0,0.295,0.475,-0.132,0.155
16,B2_3,-0.047,0.068,0.077,-0.449,-0.114,0.098,0.153,0.037,-0.359,-0.052,0.208,0.295,1.0,-0.174,0.64,-0.128
16,y1,0.224,0.259,0.222,-0.287,-0.538,0.083,0.242,0.343,0.06,0.209,0.272,0.475,-0.174,1.0,-0.395,0.021
16,y2,-0.083,-0.005,0.165,0.076,-0.112,0.246,0.204,0.09,-0.551,0.143,0.222,-0.132,0.64,-0.395,1.0,-0.225
16,y3,-0.282,-0.603,0.603,0.22,-0.404,-0.058,-0.176,-0.127,0.602,0.051,-0.005,0.155,-0.128,0.021,-0.225,1.0
17,.,1.0,0.097,-0.18,-0.233,-0.345,-0.08,-0.201,0.048,-0.484,-0.11,-0.121,0.185,-0.049,0.226,-0.087,-0.286
17,A1_1,0.097,1.0,-0.222,-0.279,0.298,-0.198,0.076,0.531,-0.277,0.013,-0.076,-0.139,0.069,0.258,-0.006,-0.603
17,A1_2,-0.18,-0.222,1.0,0.07,-0.65,0.222,-0.186,0.206,0.051,0.187,0.224,0.138,0.077,0.221,0.167,0.603
17,A1_3,-0.233,-0.279,0.07,1.0,-0.053,0.041,-0.407,0.244,0.144,-0.279,0.105,-0.555,-0.448,-0.288,0.076,0.219
17,B1_1,-0.345,0.298,-0.65,-0.053,1.0,-0.328,0.16,-0.34,0.068,-0.081,-0.176,-0.286,-0.113,-0.538,-0.112,-0.404
17,B1_2,-0.08,-0.198,0.222,0.041,-0.328,1.0,-0.261,0.088,0.16,0.616,0.005,0.25,0.099,0.082,0.246,-0.058
17,B1_3,-0.201,0.076,-0.186,-0.407,0.16,-0.261,1.0,-0.307,-0.17,0.232,0.16,0.144,0.153,0.242,0.206,-0.176
17,A2_1,0.048,0.531,0.206,0.244,-0.34,0.088,-0.307,1.0,0.018,-0.031,0.15,-0.106,0.038,0.341,0.09,-0.127
17,A2_2,-0.484,-0.277,0.051,0.144,0.068,0.16,-0.17,0.018,1.0,0.282,-0.252,0.117,-0.359,0.06,-0.551,0.602
17,A2_3,-0.11,0.013,0.187,-0.279,-0.081,0.616,0.232,-0.031,0.282,1.0,0.061,0.481,-0.051,0.206,0.143,0.05
17,B2_1,-0.121,-0.076,0.224,0.105,-0.176,0.005,0.16,0.15,-0.252,0.061,1.0,0.522,0.209,0.271,0.223,-0.006
17,B2_2,0.185,-0.139,0.138,-0.555,-0.286,0.25,0.144,-0.106,0.117,0.481,0.522,1.0,0.296,0.474,-0.131,0.155
17,B2_3,-0.049,0.069,0.077,-0.448,-0.113,0.099,0.153,0.038,-0.359,-0.051,0.209,0.296,1.0,-0.173,0.642,-0.128
17,y1,0.226,0.258,0.221,-0.288,-0.538,0.082,0.242,0.341,0.06,0.206,0.271,0.474,-0.173,1.0,-0.395,0.023
17,y2,-0.087,-0.006,0.167,0.076,-0.112,0.246,0.206,0.09,-0.551,0.143,0.223,-0.131,0.642,-0.395,1.0,-0.225
17,y3,-0.286,-0.603,0.603,0.219,-0.404,-0.058,-0.176,-0.127,0.602,0.05,-0.006,0.155,-0.128,0.023,-0.225,1.0
18,.,1.0,0.098,-0.183,-0.232,-0.344,-0.078,-0.205,0.05,-0.482,-0.112,-0.119,0.186,-0.053,0.228,-0.093,-0.289
18,A1_1,0.098,1.0,-0.222,-0.278,0.299,-0.198,0.078,0.53,-0.278,0.012,-0.075,-0.139,0.07,0.256,-0.006,-0.603
18,A1_2,-0.183,-0.222,1.0,0.071,-0.649,0.222,-0.185,0.205,0.051,0.187,0.223,0.138,0.077,0.22,0.168,0.603
18,A1_3,-0.232,-0.278,0.071,1.0,-0.053,0.04,-0.406,0.245,0.144,-0.279,0.105,-0.555,-0.448,-0.288,0.076,0.218
18,B1_1,-0.344,0.299,-0.649,-0.053,1.0,-0.328,0.161,-0.339,0.068,-0.08,-0.175,-0.285,-0.112,-0.538,-0.112,-0.405
18,B1_2,-0.078,-0.198,0.222,0.04,-0.328,1.0,-0.26,0.088,0.159,0.616,0.006,0.25,0.099,0.081,0.246,-0.059
18,B1_3,-0.205,0.078,-0.185,-0.406,0.161,-0.26,1.0,-0.306,-0.17,0.233,0.161,0.144,0.154,0.242,0.207,-0.175
18,A2_1,0.05,0.53,0.205,0.245,-0.339,0.088,-0.306,1.0,0.018,-0.032,0.15,-0.106,0.038,0.339,0.09,-0.127
18,A2_2,-0.482,-0.278,0.051,0.144,0.068,0.159,-0.17,0.018,1.0,0.282,-0.252,0.116,-0.359,0.06,-0.55,0.602
18,A2_3,-0.112,0.012,0.187,-0.279,-0.08,0.616,0.233,-0.032,0.282,1.0,0.062,0.481,-0.05,0.204,0.142,0.05
18,B2_1,-0.119,-0.075,0.223,0.105,-0.175,0.006,0.161,0.15,-0.252,0.062,1.0,0.523,0.21,0.27,0.223,-0.007
18,B2_2,0.186,-0.139,0.138,-0.555,-0.285,0.25,0.144,-0.106,0.116,0.481,0.523,1.0,0.297,0.474,-0.13,0.155
18,B2_3,-0.053,0.07,0.077,-0.448,-0.112,0.099,0.154,0.038,-0.359,-0.05,0.21,0.297,1.0,-0.173,0.643,-0.127
18,y1,0.228,0.256,0.22,-0.288,-0.538,0.081,0.242,0.339,0.06,0.204,0.27,0.474,-0.173,1.0,-0.395,0.026
18,y2,-0.093,-0.006,0.168,0.076,-0.112,0.246,0.207,0.09,-0.55,0.142,0.223,-0.13,0.643,-0.395,1.0,-0.224
18,y3,-0.289,-0.603,0.603,0.218,-0.405,-0.059,-0.175,-0.127,0.602,0.05,-0.007,0.155,-0.127,0.026,-0.224,1.0
19,.,1.0,0.1,-0.186,-0.231,-0.342,-0.077,-0.209,0.052,-0.481,-0.113,-0.117,0.187,-0.055,0.229,-0.097,-0.292
19,A1_1,0.1,1.0,-0.222,-0.278,0.3,-0.198,0.079,0.53,-0.279,0.012,-0.074,-0.139,0.07,0.255,-0.006,-0.603
19,A1_2,-0.186,-0.222,1.0,0.071,-0.648,0.222,-0.184,0.205,0.051,0.187,0.223,0.138,0.078,0.22,0.169,0.603
19,A1_3,-0.231,-0.278,0.071,1.0,-0.052,0.04,-0.407,0.245,0.144,-0.279,0.105,-0.555,-0.448,-0.289,0.077,0.218
19,B1_1,-0.342,0.3,-0.648,-0.052,1.0,-0.327,0.161,-0.338,0.068,-0.079,-0.173,-0.284,-0.111,-0.539,-0.112,-0.406
19,B1_2,-0.077,-0.198,0.222,0.04,-0.327,1.0,-0.259,0.088,0.159,0.617,0.007,0.251,0.1,0.081,0.247,-0.059
19,B1_3,-0.209,0.079,-0.184,-0.407,0.161,-0.259,1.0,-0.304,-0.169,0.235,0.162,0.145,0.155,0.242,0.208,-0.175
19,A2_1,0.052,0.53,0.205,0.245,-0.338,0.088,-0.304,1.0,0.017,-0.032,0.151,-0.106,0.039,0.338,0.09,-0.127
19,A2_2,-0.481,-0.279,0.051,0.144,0.068,0.159,-0.169,0.017,1.0,0.282,-0.252,0.115,-0.359,0.059,-0.55,0.602
19,A2_3,-0.113,0.012,0.187,-0.279,-0.079,0.617,0.235,-0.032,0.282,1.0,0.063,0.481,-0.049,0.201,0.142,0.049
19,B2_1,-0.117,-0.074,0.223,0.105,-0.173,0.007,0.162,0.151,-0.252,0.063,1.0,0.524,0.211,0.269,0.224,-0.008
19,B2_2,0.187,-0.139,0.138,-0.555,-0.284,0.251,0.145,-0.106,0.115,0.481,0.524,1.0,0.297,0.473,-0.129,0.155
19,B2_3,-0.055,0.07,0.078,-0.448,-0.111,0.1,0.155,0.039,-0.359,-0.049,0.211,0.297,1.0,-0.172,0.645,-0.126
19,y1,0.229,0.255,0.22,-0.289,-0.539,0.081,0.242,0.338,0.059,0.201,0.269,0.473,-0.172,1.0,-0.394,0.028
19,y2,-0.097,-0.006,0.169,0.077,-0.112,0.247,0.208,0.09,-0.55,0.142,0.224,-0.129,0.645,-0.394,1.0,-0.224
19,y3,-0.292,-0.603,0.603,0.218,-0.406,-0.059,-0.175,-0.127,0.602,0.049,-0.008,0.155,-0.126,0.028,-0.224,1.0
20,.,1.0,0.102,-0.19,-0.231,-0.34,-0.076,-0.212,0.053,-0.48,-0.114,-0.116,0.189,-0.058,0.231,-0.102,-0.295
20,A1_1,0.102,1.0,-0.222,-0.278,0.301,-0.198,0.081,0.53,-0.28,0.011,-0.073,-0.139,0.071,0.253,-0.006,-0.603
20,A1_2,-0.19,-0.222,1.0,0.072,-0.646,0.222,-0.183,0.205,0.051,0.188,0.223,0.138,0.078,0.219,0.17,0.603
20,A1_3,-0.231,-0.278,0.072,1.0,-0.052,0.039,-0.407,0.245,0.144,-0.278,0.105,-0.555,-0.448,-0.291,0.077,0.217
20,B1_1,-0.34,0.301,-0.646,-0.052,1.0,-0.327,0.162,-0.337,0.068,-0.078,-0.172,-0.283,-0.11,-0.539,-0.113,-0.407
20,B1_2,-0.076,-0.198,0.222,0.039,-0.327,1.0,-0.258,0.087,0.159,0.617,0.009,0.252,0.101,0.08,0.247,-0.059
20,B1_3,-0.212,0.081,-0.183,-0.407,0.162,-0.258,1.0,-0.303,-0.169,0.236,0.163,0.146,0.156,0.243,0.21,-0.175
20,A2_1,0.053,0.53,0.205,0.245,-0.337,0.087,-0.303,1.0,0.017,-0.032,0.152,-0.106,0.039,0.336,0.09,-0.127
20,A2_2,-0.48,-0.28,0.051,0.144,0.068,0.159,-0.169,0.017,1.0,0.281,-0.253,0.114,-0.359,0.058,-0.55,0.602
20,A2_3,-0.114,0.011,0.188,-0.278,-0.078,0.617,0.236,-0.032,0.281,1.0,0.064,0.482,-0.048,0.199,0.142,0.048
20,B2_1,-0.116,-0.073,0.223,0.105,-0.172,0.009,0.163,0.152,-0.253,0.064,1.0,0.524,0.212,0.268,0.224,-0.009
20,B2_2,0.189,-0.139,0.138,-0.555,-0.283,0.252,0.146,-0.106,0.114,0.482,0.524,1.0,0.298,0.472,-0.127,0.155
20,B2_3,-0.058,0.071,0.078,-0.448,-0.11,0.101,0.156,0.039,-0.359,-0.048,0.212,0.298,1.0,-0.17,0.646,-0.126
20,y1,0.231,0.253,0.219,-0.291,-0.539,0.08,0.243,0.336,0.058,0.199,0.268,0.472,-0.17,1.0,-0.393,0.029
20,y2,-0.102,-0.006,0.17,0.077,-0.113,0.247,0.21,0.09,-0.55,0.142,0.224,-0.127,0.646,-0.393,1.0,-0.223
20,y3,-0.295,-0.603,0.603,0.217,-0.407,-0.059,-0.175,-0.127,0.602,0.048,-0.009,0.155,-0.126,0.029,-0.223,1.0
21,.,1.0,0.104,-0.195,-0.23,-0.338,-0.075,-0.215,0.055,-0.478,-0.115,-0.116,0.189,-0.062,0.232,-0.107,-0.298
21,A1_1,0.104,1.0,-0.222,-0.278,0.301,-0.198,0.082,0.53,-0.281,0.011,-0.072,-0.139,0.072,0.252,-0.007,-0.603
21,A1_2,-0.195,-0.222,1.0,0.073,-0.645,0.222,-0.182,0.205,0.051,0.188,0.223,0.137,0.078,0.219,0.171,0.602
21,A1_3,-0.23,-0.278,0.073,1.0,-0.052,0.038,-0.406,0.245,0.144,-0.278,0.104,-0.555,-0.448,-0.292,0.077,0.217
21,B1_1,-0.338,0.301,-0.645,-0.052,1.0,-0.327,0.163,-0.337,0.068,-0.077,-0.17,-0.282,-0.109,-0.54,-0.112,-0.407
21,B1_2,-0.075,-0.198,0.222,0.038,-0.327,1.0,-0.257,0.087,0.158,0.617,0.01,0.252,0.101,0.079,0.247,-0.059
21,B1_3,-0.215,0.082,-0.182,-0.406,0.163,-0.257,1.0,-0.301,-0.169,0.238,0.164,0.147,0.156,0.243,0.211,-0.175
21,A2_1,0.055,0.53,0.205,0.245,-0.337,0.087,-0.301,1.0,0.016,-0.033,0.153,-0.106,0.04,0.334,0.09,-0.127
21,A2_2,-0.478,-0.281,0.051,0.144,0.068,0.158,-0.169,0.016,1.0,0.281,-0.253,0.114,-0.359,0.057,-0.549,0.602
21,A2_3,-0.115,0.011,0.188,-0.278,-0.077,0.617,0.238,-0.033,0.281,1.0,0.065,0.482,-0.047,0.197,0.141,0.047
21,B2_1,-0.116,-0.072,0.223,0.104,-0.17,0.01,0.164,0.153,-0.253,0.065,1.0,0.525,0.213,0.267,0.224,-0.011
21,B2_2,0.189,-0.139,0.137,-0.555,-0.282,0.252,0.147,-0.106,0.114,0.482,0.525,1.0,0.299,0.471,-0.127,0.154
21,B2_3,-0.062,0.072,0.078,-0.448,-0.109,0.101,0.156,0.04,-0.359,-0.047,0.213,0.299,1.0,-0.17,0.647,-0.125
21,y1,0.232,0.252,0.219,-0.292,-0.54,0.079,0.243,0.334,0.057,0.197,0.267,0.471,-0.17,1.0,-0.393,0.031
21,y2,-0.107,-0.007,0.171,0.077,-0.112,0.247,0.211,0.09,-0.549,0.141,0.224,-0.127,0.647,-0.393,1.0,-0.222
21,y3,-0.298,-0.603,0.602,0.217,-0.407,-0.059,-0.175,-0.127,0.602,0.047,-0.011,0.154,-0.125,0.031,-0.222,1.0
22,.,1.0,0.104,-0.199,-0.229,-0.337,-0.074,-0.219,0.057,-0.476,-0.116,-0.114,0.19,-0.065,0.234,-0.112,-0.3
22,A1_1,0.104,1.0,-0.223,-0.278,0.302,-0.198,0.083,0.529,-0.282,0.01,-0.071,-0.139,0.072,0.251,-0.007,-0.604
22,A1_2,-0.199,-0.223,1.0,0.073,-0.644,0.222,-0.181,0.205,0.051,0.189,0.223,0.137,0.078,0.218,0.172,0.602
22,A1_3,-0.229,-0.278,0.073,1.0,-0.052,0.038,-0.407,0.245,0.144,-0.277,0.104,-0.555,-0.448,-0.293,0.077,0.216
22,B1_1,-0.337,0.302,-0.644,-0.052,1.0,-0.327,0.164,-0.336,0.068,-0.076,-0.168,-0.281,-0.108,-0.54,-0.113,-0.408
22,B1_2,-0.074,-0.198,0.222,0.038,-0.327,1.0,-0.256,0.087,0.158,0.618,0.012,0.253,0.102,0.079,0.248,-0.059
22,B1_3,-0.219,0.083,-0.181,-0.407,0.164,-0.256,1.0,-0.3,-0.169,0.24,0.165,0.148,0.157,0.242,0.212,-0.174
22,A2_1,0.057,0.529,0.205,0.245,-0.336,0.087,-0.3,1.0,0.015,-0.033,0.154,-0.106,0.04,0.333,0.09,-0.128
22,A2_2,-0.476,-0.282,0.051,0.144,0.068,0.158,-0.169,0.015,1.0,0.281,-0.253,0.113,-0.359,0.057,-0.549,0.602
22,A2_3,-0.116,0.01,0.189,-0.277,-0.076,0.618,0.24,-0.033,0.281,1.0,0.065,0.482,-0.046,0.194,0.141,0.046
22,B2_1,-0.114,-0.071,0.223,0.104,-0.168,0.012,0.165,0.154,-0.253,0.065,1.0,0.526,0.214,0.266,0.225,-0.012
22,B2_2,0.19,-0.139,0.137,-0.555,-0.281,0.253,0.148,-0.106,0.113,0.482,0.526,1.0,0.3,0.471,-0.126,0.154
22,B2_3,-0.065,0.072,0.078,-0.448,-0.108,0.102,0.157,0.04,-0.359,-0.046,0.214,0.3,1.0,-0.169,0.648,-0.125
22,y1,0.234,0.251,0.218,-0.293,-0.54,0.079,0.242,0.333,0.057,0.194,0.266,0.471,-0.169,1.0,-0.393,0.033
22,y2,-0.112,-0.007,0.172,0.077,-0.113,0.248,0.212,0.09,-0.549,0.141,0.225,-0.126,0.648,-0.393,1.0,-0.222
22,y3,-0.3,-0.604,0.602,0.216,-0.408,-0.059,-0.174,-0.128,0.602,0.046,-0.012,0.154,-0.125,0.033,-0.222,1.0
23,.,1.0,0.106,-0.203,-0.229,-0.335,-0.073,-0.223,0.058,-0.475,-0.118,-0.113,0.19,-0.067,0.235,-0.117,-0.303
23,A1_1,0.106,1.0,-0.223,-0.278,0.303,-0.198,0.084,0.529,-0.283,0.009,-0.07,-0.139,0.073,0.249,-0.008,-0.604
23,A1_2,-0.203,-0.223,1.0,0.074,-0.643,0.222,-0.18,0.205,0.051,0.189,0.223,0.137,0.078,0.217,0.173,0.602
23,A1_3,-0.229,-0.278,0.074,1.0,-0.052,0.037,-0.406,0.245,0.144,-0.277,0.104,-0.556,-0.447,-0.294,0.078,0.215
23,B1_1,-0.335,0.303,-0.643,-0.052,1.0,-0.326,0.164,-0.335,0.068,-0.075,-0.167,-0.28,-0.107,-0.541,-0.113,-0.409
23,B1_2,-0.073,-0.198,0.222,0.037,-0.326,1.0,-0.255,0.087,0.158,0.619,0.013,0.254,0.103,0.078,0.248,-0.059
23,B1_3,-0.223,0.084,-0.18,-0.406,0.164,-0.255,1.0,-0.299,-0.168,0.241,0.166,0.149,0.158,0.242,0.214,-0.174
