,,.,A1_1,A1_2,A1_3,B1_1,B1_2,B1_3,A2_1,A2_2,A2_3,B2_1,B2_2,B2_3,y1,y2,y3
1,.,1.0,0.901,0.769,0.78,0.859,0.777,0.726,0.848,0.829,0.804,0.739,0.811,0.678,0.764,0.777,0.755
1,A1_1,0.901,1.0,0.769,0.706,0.786,0.773,0.701,0.811,0.775,0.784,0.736,0.774,0.654,0.738,0.731,0.712
1,A1_2,0.769,0.769,1.0,0.59,0.714,0.691,0.677,0.633,0.657,0.734,0.723,0.705,0.545,0.722,0.637,0.7
1,A1_3,0.78,0.706,0.59,1.0,0.695,0.794,0.702,0.665,0.788,0.752,0.712,0.716,0.688,0.669,0.78,0.778
1,B1_1,0.859,0.786,0.714,0.695,1.0,0.774,0.75,0.796,0.688,0.712,0.756,0.701,0.71,0.837,0.74,0.806
1,B1_2,0.777,0.773,0.691,0.794,0.774,1.0,0.732,0.665,0.789,0.776,0.741,0.791,0.745,0.803,0.77,0.813
1,B1_3,0.726,0.701,0.677,0.702,0.75,0.732,1.0,0.746,0.716,0.656,0.789,0.834,0.746,0.775,0.743,0.773
1,A2_1,0.848,0.811,0.633,0.665,0.796,0.665,0.746,1.0,0.7,0.682,0.728,0.788,0.621,0.681,0.729,0.678
1,A2_2,0.829,0.775,0.657,0.788,0.688,0.789,0.716,0.7,1.0,0.805,0.716,0.81,0.78,0.676,0.88,0.712
1,A2_3,0.804,0.784,0.734,0.752,0.712,0.776,0.656,0.682,0.805,1.0,0.686,0.763,0.633,0.747,0.739,0.717
1,B2_1,0.739,0.736,0.723,0.712,0.756,0.741,0.789,0.728,0.716,0.686,1.0,0.783,0.646,0.788,0.745,0.694
1,B2_2,0.811,0.774,0.705,0.716,0.701,0.791,0.834,0.788,0.81,0.763,0.783,1.0,0.702,0.762,0.795,0.738
1,B2_3,0.678,0.654,0.545,0.688,0.71,0.745,0.746,0.621,0.78,0.633,0.646,0.702,1.0,0.662,0.824,0.787
1,y1,0.764,0.738,0.722,0.669,0.837,0.803,0.775,0.681,0.676,0.747,0.788,0.762,0.662,1.0,0.696,0.744
1,y2,0.777,0.731,0.637,0.78,0.74,0.77,0.743,0.729,0.88,0.739,0.745,0.795,0.824,0.696,1.0,0.724
1,y3,0.755,0.712,0.7,0.778,0.806,0.813,0.773,0.678,0.712,0.717,0.694,0.738,0.787,0.744,0.724,1.0
2,.,1.0,0.908,0.781,0.791,0.866,0.785,0.743,0.858,0.84,0.816,0.754,0.821,0.692,0.776,0.79,0.761
2,A1_1,0.908,1.0,0.781,0.722,0.801,0.783,0.72,0.823,0.79,0.798,0.751,0.789,0.667,0.752,0.747,0.722
2,A1_2,0.781,0.781,1.0,0.613,0.732,0.71,0.697,0.653,0.678,0.75,0.741,0.725,0.568,0.738,0.659,0.712
2,A1_3,0.791,0.722,0.613,1.0,0.715,0.805,0.719,0.682,0.801,0.766,0.729,0.734,0.702,0.689,0.795,0.788
2,B1_1,0.866,0.801,0.732,0.715,1.0,0.793,0.772,0.806,0.711,0.733,0.776,0.725,0.733,0.85,0.757,0.816
2,B1_2,0.785,0.783,0.71,0.805,0.793,1.0,0.754,0.681,0.801,0.789,0.762,0.806,0.761,0.817,0.785,0.822
2,B1_3,0.743,0.72,0.697,0.719,0.772,0.754,1.0,0.76,0.738,0.678,0.806,0.849,0.765,0.791,0.761,0.784
2,A2_1,0.858,0.823,0.653,0.682,0.806,0.681,0.76,1.0,0.72,0.701,0.745,0.802,0.641,0.699,0.744,0.691
2,A2_2,0.84,0.79,0.678,0.801,0.711,0.801,0.738,0.72,1.0,0.817,0.736,0.824,0.793,0.697,0.888,0.724
2,A2_3,0.816,0.798,0.75,0.766,0.733,0.789,0.678,0.701,0.817,1.0,0.707,0.779,0.654,0.762,0.755,0.73
2,B2_1,0.754,0.751,0.741,0.729,0.776,0.762,0.806,0.745,0.736,0.707,1.0,0.802,0.67,0.802,0.761,0.711
2,B2_2,0.821,0.789,0.725,0.734,0.725,0.806,0.849,0.802,0.824,0.779,0.802,1.0,0.726,0.779,0.807,0.75
2,B2_3,0.692,0.667,0.568,0.702,0.733,0.761,0.765,0.641,0.793,0.654,0.67,0.726,1.0,0.686,0.838,0.799
2,y1,0.776,0.752,0.738,0.689,0.85,0.817,0.791,0.699,0.697,0.762,0.802,0.779,0.686,1.0,0.715,0.758
2,y2,0.79,0.747,0.659,0.795,0.757,0.785,0.761,0.744,0.888,0.755,0.761,0.807,0.838,0.715,1.0,0.737
2,y3,0.761,0.722,0.712,0.788,0.816,0.822,0.784,0.691,0.724,0.73,0.711,0.75,0.799,0.758,0.737,1.0
3,.,1.0,0.915,0.793,0.802,0.872,0.792,0.757,0.868,0.85,0.828,0.767,0.83,0.708,0.788,0.802,0.767
3,A1_1,0.915,1.0,0.794,0.738,0.814,0.794,0.737,0.834,0.804,0.811,0.766,0.803,0.684,0.766,0.763,0.732
3,A1_2,0.793,0.794,1.0,0.637,0.75,0.73,0.716,0.674,0.699,0.766,0.758,0.744,0.594,0.754,0.682,0.726
3,A1_3,0.802,0.738,0.637,1.0,0.735,0.817,0.736,0.699,0.814,0.78,0.747,0.751,0.72,0.709,0.809,0.798
3,B1_1,0.872,0.814,0.75,0.735,1.0,0.811,0.793,0.817,0.733,0.752,0.795,0.749,0.756,0.862,0.774,0.827
3,B1_2,0.792,0.794,0.73,0.817,0.811,1.0,0.777,0.7,0.814,0.802,0.784,0.823,0.78,0.832,0.799,0.832
3,B1_3,0.757,0.737,0.716,0.736,0.793,0.777,1.0,0.775,0.758,0.699,0.823,0.865,0.787,0.807,0.778,0.796
3,A2_1,0.868,0.834,0.674,0.699,0.817,0.7,0.775,1.0,0.74,0.721,0.761,0.814,0.664,0.717,0.759,0.705
3,A2_2,0.85,0.804,0.699,0.814,0.733,0.814,0.758,0.74,1.0,0.829,0.756,0.836,0.807,0.717,0.896,0.737
3,A2_3,0.828,0.811,0.766,0.78,0.752,0.802,0.699,0.721,0.829,1.0,0.727,0.794,0.676,0.777,0.77,0.743
3,B2_1,0.767,0.766,0.758,0.747,0.795,0.784,0.823,0.761,0.756,0.727,1.0,0.821,0.698,0.816,0.778,0.729
3,B2_2,0.83,0.803,0.744,0.751,0.749,0.823,0.865,0.814,0.836,0.794,0.821,1.0,0.751,0.795,0.819,0.763
3,B2_3,0.708,0.684,0.594,0.72,0.756,0.78,0.787,0.664,0.807,0.676,0.698,0.751,1.0,0.712,0.852,0.812
3,y1,0.788,0.766,0.754,0.709,0.862,0.832,0.807,0.717,0.717,0.777,0.816,0.795,0.712,1.0,0.733,0.773
3,y2,0.802,0.763,0.682,0.809,0.774,0.799,0.778,0.759,0.896,0.77,0.778,0.819,0.852,0.733,1.0,0.751
3,y3,0.767,0.732,0.726,0.798,0.827,0.832,0.796,0.705,0.737,0.743,0.729,0.763,0.812,0.773,0.751,1.0
4,.,1.0,0.92,0.802,0.81,0.875,0.796,0.765,0.875,0.857,0.837,0.775,0.835,0.72,0.795,0.809,0.771
4,A1_1,0.92,1.0,0.805,0.753,0.825,0.803,0.751,0.844,0.816,0.823,0.778,0.813,0.699,0.776,0.775,0.741
4,A1_2,0.802,0.805,1.0,0.659,0.765,0.747,0.731,0.691,0.717,0.779,0.772,0.758,0.618,0.767,0.7,0.738
4,A1_3,0.81,0.753,0.659,1.0,0.752,0.828,0.751,0.715,0.826,0.793,0.762,0.766,0.736,0.726,0.821,0.808
4,B1_1,0.875,0.825,0.765,0.752,1.0,0.827,0.811,0.827,0.751,0.767,0.812,0.769,0.777,0.872,0.788,0.835
4,B1_2,0.796,0.803,0.747,0.828,0.827,1.0,0.798,0.716,0.825,0.812,0.804,0.837,0.799,0.844,0.812,0.84
4,B1_3,0.765,0.751,0.731,0.751,0.811,0.798,1.0,0.786,0.774,0.716,0.839,0.877,0.807,0.82,0.792,0.805
4,A2_1,0.875,0.844,0.691,0.715,0.827,0.716,0.786,1.0,0.757,0.737,0.774,0.824,0.684,0.732,0.771,0.716
4,A2_2,0.857,0.816,0.717,0.826,0.751,0.825,0.774,0.757,1.0,0.839,0.772,0.846,0.82,0.734,0.902,0.748
4,A2_3,0.837,0.823,0.779,0.793,0.767,0.812,0.716,0.737,0.839,1.0,0.743,0.805,0.695,0.788,0.782,0.754
4,B2_1,0.775,0.778,0.772,0.762,0.812,0.804,0.839,0.774,0.772,0.743,1.0,0.837,0.724,0.828,0.793,0.745
4,B2_2,0.835,0.813,0.758,0.766,0.769,0.837,0.877,0.824,0.846,0.805,0.837,1.0,0.774,0.808,0.829,0.773
4,B2_3,0.72,0.699,0.618,0.736,0.777,0.799,0.807,0.684,0.82,0.695,0.724,0.774,1.0,0.734,0.864,0.824
4,y1,0.795,0.776,0.767,0.726,0.872,0.844,0.82,0.732,0.734,0.788,0.828,0.808,0.734,1.0,0.749,0.785
4,y2,0.809,0.775,0.7,0.821,0.788,0.812,0.792,0.771,0.902,0.782,0.793,0.829,0.864,0.749,1.0,0.764
4,y3,0.771,0.741,0.738,0.808,0.835,0.84,0.805,0.716,0.748,0.754,0.745,0.773,0.824,0.785,0.764,1.0
5,.,1.0,0.922,0.807,0.814,0.875,0.795,0.767,0.88,0.86,0.842,0.776,0.834,0.725,0.797,0.811,0.769
5,A1_1,0.922,1.0,0.813,0.764,0.831,0.808,0.758,0.851,0.824,0.83,0.784,0.818,0.709,0.782,0.781,0.744
5,A1_2,0.807,0.813,1.0,0.674,0.774,0.758,0.741,0.704,0.73,0.788,0.782,0.768,0.636,0.775,0.712,0.745
5,A1_3,0.814,0.764,0.674,1.0,0.764,0.834,0.761,0.727,0.835,0.801,0.773,0.776,0.748,0.737,0.83,0.813
5,B1_1,0.875,0.831,0.774,0.764,1.0,0.839,0.825,0.833,0.764,0.777,0.825,0.785,0.794,0.879,0.798,0.841
5,B1_2,0.795,0.808,0.758,0.834,0.839,1.0,0.814,0.727,0.831,0.818,0.82,0.848,0.814,0.853,0.822,0.846
5,B1_3,0.767,0.758,0.741,0.761,0.825,0.814,1.0,0.792,0.785,0.726,0.851,0.887,0.823,0.828,0.802,0.811
5,A2_1,0.88,0.851,0.704,0.727,0.833,0.727,0.792,1.0,0.769,0.748,0.782,0.83,0.698,0.741,0.779,0.722
5,A2_2,0.86,0.824,0.73,0.835,0.764,0.831,0.785,0.769,1.0,0.845,0.783,0.852,0.827,0.744,0.906,0.754
5,A2_3,0.842,0.83,0.788,0.801,0.777,0.818,0.726,0.748,0.845,1.0,0.753,0.811,0.707,0.794,0.789,0.759
5,B2_1,0.776,0.784,0.782,0.773,0.825,0.82,0.851,0.782,0.783,0.753,1.0,0.85,0.745,0.836,0.803,0.755
5,B2_2,0.834,0.818,0.768,0.776,0.785,0.848,0.887,0.83,0.852,0.811,0.85,1.0,0.791,0.817,0.836,0.779
5,B2_3,0.725,0.709,0.636,0.748,0.794,0.814,0.823,0.698,0.827,0.707,0.745,0.791,1.0,0.751,0.872,0.832
5,y1,0.797,0.782,0.775,0.737,0.879,0.853,0.828,0.741,0.744,0.794,0.836,0.817,0.751,1.0,0.759,0.794
5,y2,0.811,0.781,0.712,0.83,0.798,0.822,0.802,0.779,0.906,0.789,0.803,0.836,0.872,0.759,1.0,0.772
5,y3,0.769,0.744,0.745,0.813,0.841,0.846,0.811,0.722,0.754,0.759,0.755,0.779,0.832,0.794,0.772,1.0
6,.,1.0,0.923,0.806,0.813,0.869,0.786,0.76,0.881,0.859,0.842,0.77,0.827,0.721,0.792,0.807,0.76
6,A1_1,0.923,1.0,0.815,0.768,0.83,0.806,0.757,0.854,0.828,0.833,0.783,0.816,0.71,0.78,0.782,0.741
6,A1_2,0.806,0.815,1.0,0.681,0.778,0.762,0.743,0.709,0.736,0.792,0.784,0.771,0.644,0.778,0.717,0.747
6,A1_3,0.813,0.768,0.681,1.0,0.768,0.836,0.764,0.732,0.839,0.805,0.777,0.779,0.753,0.741,0.834,0.814
6,B1_1,0.869,0.83,0.778,0.768,1.0,0.847,0.834,0.834,0.769,0.779,0.833,0.796,0.804,0.883,0.803,0.842
6,B1_2,0.786,0.806,0.762,0.836,0.847,1.0,0.826,0.731,0.833,0.818,0.832,0.856,0.825,0.858,0.827,0.848
6,B1_3,0.76,0.757,0.743,0.764,0.834,0.826,1.0,0.793,0.788,0.727,0.86,0.895,0.834,0.832,0.807,0.812
6,A2_1,0.881,0.854,0.709,0.732,0.834,0.731,0.793,1.0,0.775,0.753,0.785,0.831,0.704,0.743,0.781,0.722
6,A2_2,0.859,0.828,0.736,0.839,0.769,0.833,0.788,0.775,1.0,0.848,0.788,0.853,0.83,0.746,0.907,0.755
6,A2_3,0.842,0.833,0.792,0.805,0.779,0.818,0.727,0.753,0.848,1.0,0.755,0.811,0.711,0.795,0.791,0.759
6,B2_1,0.77,0.783,0.784,0.777,0.833,0.832,0.86,0.785,0.788,0.755,1.0,0.859,0.76,0.84,0.808,0.76
6,B2_2,0.827,0.816,0.771,0.779,0.796,0.856,0.895,0.831,0.853,0.811,0.859,1.0,0.803,0.821,0.839,0.78
6,B2_3,0.721,0.71,0.644,0.753,0.804,0.825,0.834,0.704,0.83,0.711,0.76,0.803,1.0,0.761,0.877,0.836
6,y1,0.792,0.78,0.778,0.741,0.883,0.858,0.832,0.743,0.746,0.795,0.84,0.821,0.761,1.0,0.764,0.797
6,y2,0.807,0.782,0.717,0.834,0.803,0.827,0.807,0.781,0.907,0.791,0.808,0.839,0.877,0.764,1.0,0.775
6,y3,0.76,0.741,0.747,0.814,0.842,0.848,0.812,0.722,0.755,0.759,0.76,0.78,0.836,0.797,0.775,1.0
7,.,1.0,0.921,0.802,0.808,0.859,0.77,0.744,0.878,0.855,0.839,0.755,0.813,0.708,0.781,0.797,0.745
7,A1_1,0.921,1.0,0.815,0.768,0.825,0.798,0.749,0.855,0.828,0.833,0.775,0.809,0.705,0.774,0.777,0.731
7,A1_2,0.802,0.815,1.0,0.683,0.776,0.761,0.739,0.71,0.736,0.792,0.782,0.768,0.645,0.776,0.717,0.744
7,A1_3,0.808,0.768,0.683,1.0,0.768,0.833,0.76,0.733,0.841,0.805,0.776,0.776,0.753,0.74,0.835,0.811
7,B1_1,0.859,0.825,0.776,0.768,1.0,0.853,0.841,0.833,0.769,0.776,0.838,0.803,0.811,0.884,0.804,0.839
7,B1_2,0.77,0.798,0.761,0.833,0.853,1.0,0.835,0.73,0.831,0.812,0.84,0.862,0.833,0.86,0.828,0.846
7,B1_3,0.744,0.749,0.739,0.76,0.841,0.835,1.0,0.789,0.785,0.721,0.866,0.9,0.842,0.832,0.807,0.808
7,A2_1,0.878,0.855,0.71,0.733,0.833,0.73,0.789,1.0,0.776,0.753,0.782,0.829,0.705,0.74,0.779,0.716
7,A2_2,0.855,0.828,0.736,0.841,0.769,0.831,0.785,0.776,1.0,0.847,0.787,0.849,0.828,0.744,0.905,0.75
7,A2_3,0.839,0.833,0.792,0.805,0.776,0.812,0.721,0.753,0.847,1.0,0.751,0.804,0.708,0.79,0.788,0.754
7,B2_1,0.755,0.775,0.782,0.776,0.838,0.84,0.866,0.782,0.787,0.751,1.0,0.865,0.77,0.84,0.81,0.759
7,B2_2,0.813,0.809,0.768,0.776,0.803,0.862,0.9,0.829,0.849,0.804,0.865,1.0,0.811,0.821,0.838,0.776
7,B2_3,0.708,0.705,0.645,0.753,0.811,0.833,0.842,0.705,0.828,0.708,0.77,0.811,1.0,0.766,0.88,0.837
7,y1,0.781,0.774,0.776,0.74,0.884,0.86,0.832,0.74,0.744,0.79,0.84,0.821,0.766,1.0,0.764,0.796
7,y2,0.797,0.777,0.717,0.835,0.804,0.828,0.807,0.779,0.905,0.788,0.81,0.838,0.88,0.764,1.0,0.775
7,y3,0.745,0.731,0.744,0.811,0.839,0.846,0.808,0.716,0.75,0.754,0.759,0.776,0.837,0.796,0.775,1.0
8,.,1.0,0.917,0.793,0.798,0.842,0.745,0.718,0.873,0.846,0.832,0.731,0.791,0.686,0.763,0.781,0.723
8,A1_1,0.917,1.0,0.812,0.764,0.816,0.785,0.733,0.853,0.825,0.83,0.762,0.796,0.692,0.762,0.767,0.716
8,A1_2,0.793,0.812,1.0,0.679,0.77,0.754,0.729,0.707,0.733,0.789,0.774,0.76,0.638,0.77,0.711,0.736
8,A1_3,0.798,0.764,0.679,1.0,0.762,0.826,0.752,0.73,0.84,0.803,0.77,0.769,0.747,0.733,0.833,0.805
8,B1_1,0.842,0.816,0.77,0.762,1.0,0.856,0.844,0.828,0.764,0.768,0.841,0.808,0.815,0.883,0.802,0.833
8,B1_2,0.745,0.785,0.754,0.826,0.856,1.0,0.842,0.724,0.824,0.801,0.847,0.866,0.839,0.859,0.826,0.841
8,B1_3,0.718,0.733,0.729,0.752,0.844,0.842,1.0,0.78,0.777,0.707,0.87,0.904,0.847,0.828,0.804,0.801
8,A2_1,0.873,0.853,0.707,0.73,0.828,0.724,0.78,1.0,0.773,0.749,0.774,0.822,0.699,0.732,0.773,0.705
8,A2_2,0.846,0.825,0.733,0.84,0.764,0.824,0.777,0.773,1.0,0.844,0.781,0.841,0.822,0.736,0.902,0.741
8,A2_3,0.832,0.83,0.789,0.803,0.768,0.801,0.707,0.749,0.844,1.0,0.74,0.793,0.698,0.781,0.781,0.743
8,B2_1,0.731,0.762,0.774,0.77,0.841,0.847,0.87,0.774,0.781,0.74,1.0,0.869,0.778,0.837,0.808,0.753
8,B2_2,0.791,0.796,0.76,0.769,0.808,0.866,0.904,0.822,0.841,0.793,0.869,1.0,0.816,0.817,0.833,0.767
8,B2_3,0.686,0.692,0.638,0.747,0.815,0.839,0.847,0.699,0.822,0.698,0.778,0.816,1.0,0.767,0.879,0.834
8,y1,0.763,0.762,0.77,0.733,0.883,0.859,0.828,0.732,0.736,0.781,0.837,0.817,0.767,1.0,0.761,0.791
8,y2,0.781,0.767,0.711,0.833,0.802,0.826,0.804,0.773,0.902,0.781,0.808,0.833,0.879,0.761,1.0,0.771
8,y3,0.723,0.716,0.736,0.805,0.833,0.841,0.801,0.705,0.741,0.743,0.753,0.767,0.834,0.791,0.771,1.0
9,.,1.0,0.911,0.781,0.785,0.818,0.711,0.682,0.865,0.834,0.823,0.698,0.761,0.654,0.739,0.759,0.694
9,A1_1,0.911,1.0,0.806,0.757,0.8,0.765,0.71,0.849,0.82,0.826,0.741,0.777,0.672,0.746,0.753,0.695
9,A1_2,0.781,0.806,1.0,0.671,0.759,0.742,0.713,0.7,0.727,0.783,0.761,0.746,0.626,0.761,0.701,0.724
9,A1_3,0.785,0.757,0.671,1.0,0.752,0.814,0.737,0.723,0.837,0.798,0.759,0.756,0.737,0.723,0.828,0.795
9,B1_1,0.818,0.8,0.759,0.752,1.0,0.857,0.847,0.819,0.754,0.753,0.843,0.811,0.817,0.879,0.797,0.824
9,B1_2,0.711,0.765,0.742,0.814,0.857,1.0,0.847,0.713,0.813,0.784,0.852,0.869,0.843,0.855,0.822,0.833
9,B1_3,0.682,0.71,0.713,0.737,0.847,0.847,1.0,0.767,0.764,0.686,0.874,0.907,0.851,0.821,0.797,0.789
9,A2_1,0.865,0.849,0.7,0.723,0.819,0.713,0.767,1.0,0.768,0.741,0.763,0.812,0.688,0.72,0.764,0.689
9,A2_2,0.834,0.82,0.727,0.837,0.754,0.813,0.764,0.768,1.0,0.839,0.77,0.829,0.811,0.724,0.897,0.727
9,A2_3,0.823,0.826,0.783,0.798,0.753,0.784,0.686,0.741,0.839,1.0,0.723,0.774,0.68,0.768,0.771,0.729
9,B2_1,0.698,0.741,0.761,0.759,0.843,0.852,0.874,0.763,0.77,0.723,1.0,0.872,0.783,0.831,0.803,0.743
9,B2_2,0.761,0.777,0.746,0.756,0.811,0.869,0.907,0.812,0.829,0.774,0.872,1.0,0.82,0.81,0.826,0.755
9,B2_3,0.654,0.672,0.626,0.737,0.817,0.843,0.851,0.688,0.811,0.68,0.783,0.82,1.0,0.764,0.877,0.828
9,y1,0.739,0.746,0.761,0.723,0.879,0.855,0.821,0.72,0.724,0.768,0.831,0.81,0.764,1.0,0.754,0.784
9,y2,0.759,0.753,0.701,0.828,0.797,0.822,0.797,0.764,0.897,0.771,0.803,0.826,0.877,0.754,1.0,0.764
9,y3,0.694,0.695,0.724,0.795,0.824,0.833,0.789,0.689,0.727,0.729,0.743,0.755,0.828,0.784,0.764,1.0
10,.,1.0,0.904,0.764,0.767,0.785,0.665,0.634,0.853,0.818,0.812,0.652,0.719,0.61,0.707,0.73,0.657
10,A1_1,0.904,1.0,0.799,0.746,0.779,0.738,0.679,0.844,0.813,0.819,0.713,0.751,0.644,0.725,0.734,0.669
10,A1_2,0.764,0.799,1.0,0.66,0.743,0.724,0.691,0.69,0.717,0.776,0.742,0.727,0.607,0.748,0.687,0.709
10,A1_3,0.767,0.746,0.66,1.0,0.738,0.798,0.717,0.713,0.833,0.792,0.742,0.738,0.721,0.708,0.821,0.783
10,B1_1,0.785,0.779,0.743,0.738,1.0,0.858,0.847,0.808,0.74,0.732,0.842,0.812,0.817,0.873,0.79,0.811
10,B1_2,0.665,0.738,0.724,0.798,0.858,1.0,0.852,0.696,0.796,0.76,0.856,0.871,0.846,0.848,0.814,0.82
10,B1_3,0.634,0.679,0.691,0.717,0.847,0.852,1.0,0.748,0.744,0.657,0.876,0.909,0.854,0.81,0.786,0.772
10,A2_1,0.853,0.844,0.69,0.713,0.808,0.696,0.748,1.0,0.76,0.731,0.745,0.797,0.672,0.704,0.751,0.668
10,A2_2,0.818,0.813,0.717,0.833,0.74,0.796,0.744,0.76,1.0,0.833,0.754,0.812,0.795,0.707,0.89,0.71
10,A2_3,0.812,0.819,0.776,0.792,0.732,0.76,0.657,0.731,0.833,1.0,0.697,0.748,0.655,0.75,0.756,0.709
10,B2_1,0.652,0.713,0.742,0.742,0.842,0.856,0.876,0.745,0.754,0.697,1.0,0.874,0.787,0.822,0.795,0.729
10,B2_2,0.719,0.751,0.727,0.738,0.812,0.871,0.909,0.797,0.812,0.748,0.874,1.0,0.822,0.8,0.815,0.737
10,B2_3,0.61,0.644,0.607,0.721,0.817,0.846,0.854,0.672,0.795,0.655,0.787,0.822,1.0,0.758,0.872,0.818
10,y1,0.707,0.725,0.748,0.708,0.873,0.848,0.81,0.704,0.707,0.75,0.822,0.8,0.758,1.0,0.745,0.774
10,y2,0.73,0.734,0.687,0.821,0.79,0.814,0.786,0.751,0.89,0.756,0.795,0.815,0.872,0.745,1.0,0.755
10,y3,0.657,0.669,0.709,0.783,0.811,0.82,0.772,0.668,0.71,0.709,0.729,0.737,0.818,0.774,0.755,1.0
11,.,1.0,0.894,0.744,0.745,0.741,0.605,0.57,0.837,0.798,0.798,0.593,0.663,0.552,0.667,0.693,0.612
11,A1_1,0.894,1.0,0.789,0.733,0.75,0.702,0.637,0.836,0.804,0.812,0.675,0.716,0.607,0.698,0.71,0.636
11,A1_2,0.744,0.789,1.0,0.646,0.72,0.698,0.66,0.678,0.705,0.766,0.715,0.701,0.58,0.731,0.668,0.689
11,A1_3,0.745,0.733,0.646,1.0,0.717,0.774,0.688,0.701,0.827,0.783,0.719,0.713,0.699,0.689,0.811,0.767
11,B1_1,0.741,0.75,0.72,0.717,1.0,0.857,0.847,0.791,0.719,0.703,0.841,0.813,0.817,0.864,0.778,0.792
11,B1_2,0.605,0.702,0.698,0.774,0.857,1.0,0.855,0.674,0.773,0.726,0.859,0.872,0.848,0.838,0.802,0.803
11,B1_3,0.57,0.637,0.66,0.688,0.847,0.855,1.0,0.722,0.716,0.616,0.878,0.911,0.856,0.794,0.77,0.749
11,A2_1,0.837,0.836,0.678,0.701,0.791,0.674,0.722,1.0,0.749,0.717,0.722,0.777,0.65,0.683,0.734,0.642
11,A2_2,0.798,0.804,0.705,0.827,0.719,0.773,0.716,0.749,1.0,0.824,0.731,0.789,0.773,0.686,0.88,0.688
11,A2_3,0.798,0.812,0.766,0.783,0.703,0.726,0.616,0.717,0.824,1.0,0.663,0.714,0.621,0.728,0.737,0.686
11,B2_1,0.593,0.675,0.715,0.719,0.841,0.859,0.878,0.722,0.731,0.663,1.0,0.876,0.789,0.809,0.783,0.708
11,B2_2,0.663,0.716,0.701,0.713,0.813,0.872,0.911,0.777,0.789,0.714,0.876,1.0,0.823,0.784,0.8,0.712
11,B2_3,0.552,0.607,0.58,0.699,0.817,0.848,0.856,0.65,0.773,0.621,0.789,0.823,1.0,0.747,0.864,0.803
11,y1,0.667,0.698,0.731,0.689,0.864,0.838,0.794,0.683,0.686,0.728,0.809,0.784,0.747,1.0,0.732,0.76
11,y2,0.693,0.71,0.668,0.811,0.778,0.802,0.77,0.734,0.88,0.737,0.783,0.8,0.864,0.732,1.0,0.743
11,y3,0.612,0.636,0.689,0.767,0.792,0.803,0.749,0.642,0.688,0.686,0.708,0.712,0.803,0.76,0.743,1.0
12,.,1.0,0.883,0.723,0.721,0.685,0.531,0.492,0.818,0.775,0.783,0.519,0.594,0.482,0.622,0.65,0.562
12,A1_1,0.883,1.0,0.78,0.72,0.714,0.657,0.586,0.828,0.794,0.804,0.629,0.672,0.562,0.667,0.682,0.6
12,A1_2,0.723,0.78,1.0,0.631,0.692,0.665,0.622,0.664,0.693,0.756,0.682,0.668,0.547,0.712,0.647,0.667
12,A1_3,0.721,0.72,0.631,1.0,0.691,0.745,0.652,0.687,0.822,0.775,0.69,0.681,0.671,0.668,0.8,0.75
12,B1_1,0.685,0.714,0.692,0.691,1.0,0.856,0.847,0.771,0.694,0.666,0.84,0.813,0.816,0.852,0.764,0.769
12,B1_2,0.531,0.657,0.665,0.745,0.856,1.0,0.859,0.646,0.743,0.683,0.862,0.874,0.85,0.823,0.787,0.78
12,B1_3,0.492,0.586,0.622,0.652,0.847,0.859,1.0,0.69,0.681,0.566,0.88,0.913,0.858,0.772,0.75,0.72
12,A2_1,0.818,0.828,0.664,0.687,0.771,0.646,0.69,1.0,0.736,0.702,0.693,0.751,0.623,0.658,0.714,0.611
12,A2_2,0.775,0.794,0.693,0.822,0.694,0.743,0.681,0.736,1.0,0.816,0.702,0.758,0.744,0.661,0.869,0.664
12,A2_3,0.783,0.804,0.756,0.775,0.666,0.683,0.566,0.702,0.816,1.0,0.619,0.669,0.578,0.702,0.715,0.659
12,B2_1,0.519,0.629,0.682,0.69,0.84,0.862,0.88,0.693,0.702,0.619,1.0,0.877,0.792,0.791,0.768,0.682
12,B2_2,0.594,0.672,0.668,0.681,0.813,0.874,0.913,0.751,0.758,0.669,0.877,1.0,0.824,0.764,0.781,0.682
12,B2_3,0.482,0.562,0.547,0.671,0.816,0.85,0.858,0.623,0.744,0.578,0.792,0.824,1.0,0.733,0.853,0.784
12,y1,0.622,0.667,0.712,0.668,0.852,0.823,0.772,0.658,0.661,0.702,0.791,0.764,0.733,1.0,0.717,0.744
12,y2,0.65,0.682,0.647,0.8,0.764,0.787,0.75,0.714,0.869,0.715,0.768,0.781,0.853,0.717,1.0,0.73
12,y3,0.562,0.6,0.667,0.75,0.769,0.78,0.72,0.611,0.664,0.659,0.682,0.682,0.784,0.744,0.73,1.0
13,.,1.0,0.872,0.701,0.695,0.616,0.444,0.402,0.797,0.75,0.77,0.434,0.512,0.399,0.572,0.601,0.507
13,A1_1,0.872,1.0,0.771,0.706,0.669,0.602,0.526,0.82,0.785,0.798,0.573,0.62,0.507,0.634,0.652,0.56
13,A1_2,0.701,0.771,1.0,0.616,0.657,0.625,0.575,0.651,0.68,0.747,0.641,0.627,0.506,0.691,0.623,0.642
13,A1_3,0.695,0.706,0.616,1.0,0.659,0.709,0.61,0.673,0.816,0.767,0.655,0.643,0.637,0.646,0.788,0.731
13,B1_1,0.616,0.669,0.657,0.659,1.0,0.856,0.847,0.745,0.662,0.619,0.838,0.815,0.815,0.835,0.745,0.74
13,B1_2,0.444,0.602,0.625,0.709,0.856,1.0,0.863,0.613,0.707,0.629,0.866,0.875,0.853,0.803,0.768,0.751
13,B1_3,0.402,0.526,0.575,0.61,0.847,0.863,1.0,0.652,0.639,0.506,0.882,0.915,0.861,0.745,0.725,0.683
13,A2_1,0.797,0.82,0.651,0.673,0.745,0.613,0.652,1.0,0.724,0.686,0.658,0.72,0.589,0.63,0.692,0.577
13,A2_2,0.75,0.785,0.68,0.816,0.662,0.707,0.639,0.724,1.0,0.807,0.666,0.72,0.709,0.634,0.855,0.637
13,A2_3,0.77,0.798,0.747,0.767,0.619,0.629,0.506,0.686,0.807,1.0,0.566,0.614,0.526,0.674,0.69,0.631
13,B2_1,0.434,0.573,0.641,0.655,0.838,0.866,0.882,0.658,0.666,0.566,1.0,0.878,0.796,0.769,0.748,0.649
13,B2_2,0.512,0.62,0.627,0.643,0.815,0.875,0.915,0.72,0.72,0.614,0.878,1.0,0.825,0.738,0.757,0.644
13,B2_3,0.399,0.507,0.506,0.637,0.815,0.853,0.861,0.589,0.709,0.526,0.796,0.825,1.0,0.714,0.839,0.759
13,y1,0.572,0.634,0.691,0.646,0.835,0.803,0.745,0.63,0.634,0.674,0.769,0.738,0.714,1.0,0.701,0.727
13,y2,0.601,0.652,0.623,0.788,0.745,0.768,0.725,0.692,0.855,0.69,0.748,0.757,0.839,0.701,1.0,0.715
13,y3,0.507,0.56,0.642,0.731,0.74,0.751,0.683,0.577,0.637,0.631,0.649,0.644,0.759,0.727,0.715,1.0
14,.,1.0,0.861,0.681,0.67,0.535,0.347,0.3,0.775,0.726,0.758,0.337,0.418,0.307,0.522,0.55,0.453
14,A1_1,0.861,1.0,0.764,0.694,0.615,0.538,0.455,0.812,0.777,0.794,0.509,0.557,0.444,0.599,0.619,0.519
14,A1_2,0.681,0.764,1.0,0.603,0.614,0.577,0.52,0.638,0.669,0.74,0.592,0.577,0.458,0.668,0.599,0.617
14,A1_3,0.67,0.694,0.603,1.0,0.62,0.665,0.558,0.66,0.811,0.76,0.611,0.596,0.595,0.622,0.776,0.711
14,B1_1,0.535,0.615,0.614,0.62,1.0,0.856,0.848,0.714,0.622,0.563,0.838,0.817,0.815,0.812,0.722,0.703
14,B1_2,0.347,0.538,0.577,0.665,0.856,1.0,0.867,0.573,0.662,0.565,0.87,0.877,0.856,0.777,0.743,0.714
14,B1_3,0.3,0.455,0.52,0.558,0.848,0.867,1.0,0.607,0.586,0.434,0.885,0.917,0.864,0.71,0.694,0.637
14,A2_1,0.775,0.812,0.638,0.66,0.714,0.573,0.607,1.0,0.711,0.67,0.616,0.682,0.55,0.6,0.668,0.54
14,A2_2,0.726,0.777,0.669,0.811,0.622,0.662,0.586,0.711,1.0,0.8,0.622,0.673,0.665,0.606,0.841,0.609
14,A2_3,0.758,0.794,0.74,0.76,0.563,0.565,0.434,0.67,0.8,1.0,0.502,0.548,0.463,0.645,0.664,0.602
14,B2_1,0.337,0.509,0.592,0.611,0.838,0.87,0.885,0.616,0.622,0.502,1.0,0.88,0.801,0.739,0.723,0.61
14,B2_2,0.418,0.557,0.577,0.596,0.817,0.877,0.917,0.682,0.673,0.548,0.88,1.0,0.828,0.705,0.727,0.598
14,B2_3,0.307,0.444,0.458,0.595,0.815,0.856,0.864,0.55,0.665,0.463,0.801,0.828,1.0,0.689,0.819,0.727
14,y1,0.522,0.599,0.668,0.622,0.812,0.777,0.71,0.6,0.606,0.645,0.739,0.705,0.689,1.0,0.683,0.709
14,y2,0.55,0.619,0.599,0.776,0.722,0.743,0.694,0.668,0.841,0.664,0.723,0.727,0.819,0.683,1.0,0.7
14,y3,0.453,0.519,0.617,0.711,0.703,0.714,0.637,0.54,0.609,0.602,0.61,0.598,0.727,0.709,0.7,1.0
15,.,1.0,0.851,0.664,0.647,0.443,0.241,0.189,0.753,0.704,0.75,0.231,0.314,0.204,0.473,0.499,0.401
15,A1_1,0.851,1.0,0.759,0.684,0.55,0.464,0.374,0.804,0.77,0.792,0.434,0.484,0.371,0.563,0.584,0.476
15,A1_2,0.664,0.759,1.0,0.593,0.561,0.518,0.454,0.625,0.66,0.736,0.532,0.517,0.401,0.645,0.572,0.59
15,A1_3,0.647,0.684,0.593,1.0,0.573,0.612,0.498,0.646,0.808,0.756,0.56,0.541,0.544,0.599,0.763,0.69
15,B1_1,0.443,0.55,0.561,0.573,1.0,0.857,0.849,0.675,0.574,0.495,0.838,0.82,0.816,0.78,0.692,0.656
15,B1_2,0.241,0.464,0.518,0.612,0.857,1.0,0.872,0.526,0.607,0.49,0.874,0.88,0.86,0.742,0.712,0.667
15,B1_3,0.189,0.374,0.454,0.498,0.849,0.872,1.0,0.553,0.524,0.352,0.888,0.92,0.868,0.664,0.654,0.582
15,A2_1,0.753,0.804,0.625,0.646,0.675,0.526,0.553,1.0,0.697,0.655,0.567,0.636,0.503,0.566,0.64,0.499
15,A2_2,0.704,0.77,0.66,0.808,0.574,0.607,0.524,0.697,1.0,0.794,0.568,0.616,0.611,0.576,0.825,0.581
15,A2_3,0.75,0.792,0.736,0.756,0.495,0.49,0.352,0.655,0.794,1.0,0.428,0.47,0.39,0.617,0.637,0.574
15,B2_1,0.231,0.434,0.532,0.56,0.838,0.874,0.888,0.567,0.568,0.428,1.0,0.882,0.806,0.701,0.691,0.562
15,B2_2,0.314,0.484,0.517,0.541,0.82,0.88,0.92,0.636,0.616,0.47,0.882,1.0,0.83,0.661,0.688,0.542
15,B2_3,0.204,0.371,0.401,0.544,0.816,0.86,0.868,0.503,0.611,0.39,0.806,0.83,1.0,0.656,0.792,0.686
15,y1,0.473,0.563,0.645,0.599,0.78,0.742,0.664,0.566,0.576,0.617,0.701,0.661,0.656,1.0,0.664,0.691
15,y2,0.499,0.584,0.572,0.763,0.692,0.712,0.654,0.64,0.825,0.637,0.691,0.688,0.792,0.664,1.0,0.685
15,y3,0.401,0.476,0.59,0.69,0.656,0.667,0.582,0.499,0.581,0.574,0.562,0.542,0.686,0.691,0.685,1.0
16,.,1.0,0.844,0.652,0.629,0.344,0.133,0.078,0.733,0.686,0.746,0.123,0.207,0.1,0.433,0.453,0.357
16,A1_1,0.844,1.0,0.758,0.677,0.476,0.383,0.286,0.797,0.765,0.793,0.352,0.402,0.29,0.531,0.552,0.438
16,A1_2,0.652,0.758,1.0,0.587,0.499,0.451,0.379,0.616,0.654,0.736,0.465,0.448,0.335,0.624,0.548,0.567
16,A1_3,0.629,0.677,0.587,1.0,0.518,0.551,0.43,0.634,0.806,0.755,0.501,0.478,0.487,0.58,0.752,0.672
16,B1_1,0.344,0.476,0.499,0.518,1.0,0.86,0.852,0.628,0.517,0.419,0.839,0.824,0.819,0.738,0.655,0.599
16,B1_2,0.133,0.383,0.451,0.551,0.86,1.0,0.877,0.473,0.544,0.406,0.88,0.883,0.865,0.696,0.672,0.612
16,B1_3,0.078,0.286,0.379,0.43,0.852,0.877,1.0,0.492,0.454,0.263,0.892,0.923,0.873,0.606,0.606,0.517
16,A2_1,0.733,0.797,0.616,0.634,0.628,0.473,0.492,1.0,0.686,0.644,0.511,0.582,0.449,0.531,0.612,0.459
16,A2_2,0.686,0.765,0.654,0.806,0.517,0.544,0.454,0.686,1.0,0.791,0.507,0.55,0.548,0.549,0.809,0.555
16,A2_3,0.746,0.793,0.736,0.755,0.419,0.406,0.263,0.644,0.791,1.0,0.347,0.384,0.31,0.593,0.614,0.551
16,B2_1,0.123,0.352,0.465,0.501,0.839,0.88,0.892,0.511,0.507,0.347,1.0,0.885,0.814,0.652,0.652,0.505
16,B2_2,0.207,0.402,0.448,0.478,0.824,0.883,0.923,0.582,0.55,0.384,0.885,1.0,0.835,0.605,0.641,0.477
16,B2_3,0.1,0.29,0.335,0.487,0.819,0.865,0.873,0.449,0.548,0.31,0.814,0.835,1.0,0.613,0.757,0.635
16,y1,0.433,0.531,0.624,0.58,0.738,0.696,0.606,0.531,0.549,0.593,0.652,0.605,0.613,1.0,0.647,0.677
16,y2,0.453,0.552,0.548,0.752,0.655,0.672,0.606,0.612,0.809,0.614,0.652,0.641,0.757,0.647,1.0,0.672
16,y3,0.357,0.438,0.567,0.672,0.599,0.612,0.517,0.459,0.555,0.551,0.505,0.477,0.635,0.677,0.672,1.0
17,.,1.0,0.838,0.645,0.615,0.239,0.023,-0.035,0.718,0.673,0.746,0.013,0.096,-0.007,0.403,0.415,0.324
17,A1_1,0.838,1.0,0.759,0.674,0.391,0.293,0.191,0.792,0.764,0.797,0.261,0.312,0.201,0.502,0.522,0.405
17,A1_2,0.645,0.759,1.0,0.584,0.424,0.373,0.294,0.608,0.652,0.739,0.385,0.368,0.26,0.606,0.526,0.546
17,A1_3,0.615,0.674,0.584,1.0,0.451,0.481,0.352,0.624,0.807,0.757,0.432,0.404,0.418,0.564,0.742,0.656
17,B1_1,0.239,0.391,0.424,0.451,1.0,0.862,0.855,0.57,0.448,0.331,0.841,0.828,0.822,0.678,0.605,0.529
17,B1_2,0.023,0.293,0.373,0.481,0.862,1.0,0.882,0.409,0.471,0.313,0.885,0.886,0.871,0.634,0.621,0.543
17,B1_3,-0.035,0.191,0.294,0.352,0.855,0.882,1.0,0.42,0.372,0.165,0.895,0.926,0.878,0.531,0.545,0.438
17,A2_1,0.718,0.792,0.608,0.624,0.57,0.409,0.42,1.0,0.675,0.634,0.443,0.518,0.384,0.494,0.582,0.417
17,A2_2,0.673,0.764,0.652,0.807,0.448,0.471,0.372,0.675,1.0,0.791,0.434,0.473,0.473,0.525,0.793,0.532
17,A2_3,0.746,0.797,0.739,0.757,0.331,0.313,0.165,0.634,0.791,1.0,0.256,0.288,0.22,0.576,0.595,0.534
17,B2_1,0.013,0.261,0.385,0.432,0.841,0.885,0.895,0.443,0.434,0.256,1.0,0.888,0.822,0.587,0.601,0.437
17,B2_2,0.096,0.312,0.368,0.404,0.828,0.886,0.926,0.518,0.473,0.288,0.888,1.0,0.839,0.532,0.581,0.398
17,B2_3,-0.007,0.201,0.26,0.418,0.822,0.871,0.878,0.384,0.473,0.22,0.822,0.839,1.0,0.555,0.71,0.571
17,y1,0.403,0.502,0.606,0.564,0.678,0.634,0.531,0.494,0.525,0.576,0.587,0.532,0.555,1.0,0.63,0.666
17,y2,0.415,0.522,0.526,0.742,0.605,0.621,0.545,0.582,0.793,0.595,0.601,0.581,0.71,0.63,1.0,0.662
17,y3,0.324,0.405,0.546,0.656,0.529,0.543,0.438,0.417,0.532,0.534,0.437,0.398,0.571,0.666,0.662,1.0
18,.,1.0,0.834,0.644,0.609,0.136,-0.078,-0.138,0.708,0.666,0.749,-0.089,-0.007,-0.108,0.388,0.388,0.304
18,A1_1,0.834,1.0,0.765,0.676,0.301,0.203,0.096,0.79,0.766,0.804,0.17,0.22,0.111,0.482,0.5,0.381
18,A1_2,0.644,0.765,1.0,0.59,0.342,0.292,0.206,0.607,0.657,0.748,0.302,0.283,0.181,0.594,0.51,0.532
18,A1_3,0.609,0.676,0.59,1.0,0.378,0.405,0.27,0.618,0.81,0.763,0.358,0.326,0.345,0.556,0.736,0.645
18,B1_1,0.136,0.301,0.342,0.378,1.0,0.867,0.861,0.503,0.372,0.239,0.844,0.835,0.828,0.6,0.544,0.449
18,B1_2,-0.078,0.203,0.292,0.405,0.867,1.0,0.888,0.342,0.393,0.221,0.891,0.89,0.877,0.558,0.561,0.467
18,B1_3,-0.138,0.096,0.206,0.27,0.861,0.888,1.0,0.344,0.287,0.07,0.9,0.929,0.885,0.441,0.475,0.353
18,A2_1,0.708,0.79,0.607,0.618,0.503,0.342,0.344,1.0,0.668,0.631,0.372,0.448,0.314,0.459,0.553,0.381
18,A2_2,0.666,0.766,0.657,0.81,0.372,0.393,0.287,0.668,1.0,0.796,0.357,0.389,0.392,0.509,0.78,0.515
18,A2_3,0.749,0.804,0.748,0.763,0.239,0.221,0.07,0.631,0.796,1.0,0.166,0.192,0.13,0.57,0.584,0.526
18,B2_1,-0.089,0.17,0.302,0.358,0.844,0.891,0.9,0.372,0.357,0.166,1.0,0.892,0.832,0.508,0.541,0.363
18,B2_2,-0.007,0.22,0.283,0.326,0.835,0.89,0.929,0.448,0.389,0.192,0.892,1.0,0.845,0.443,0.511,0.313
18,B2_3,-0.108,0.111,0.181,0.345,0.828,0.877,0.885,0.314,0.392,0.13,0.832,0.845,1.0,0.483,0.652,0.499
18,y1,0.388,0.482,0.594,0.556,0.6,0.558,0.441,0.459,0.509,0.57,0.508,0.443,0.483,1.0,0.619,0.663
18,y2,0.388,0.5,0.51,0.736,0.544,0.561,0.475,0.553,0.78,0.584,0.541,0.511,0.652,0.619,1.0,0.658
18,y3,0.304,0.381,0.532,0.645,0.449,0.467,0.353,0.381,0.515,0.526,0.363,0.313,0.499,0.663,0.658,1.0
19,.,1.0,0.833,0.649,0.608,0.038,-0.168,-0.229,0.704,0.665,0.754,-0.18,-0.1,-0.199,0.385,0.373,0.295
19,A1_1,0.833,1.0,0.774,0.682,0.209,0.116,0.006,0.791,0.772,0.813,0.083,0.13,0.023,0.471,0.485,0.367
19,A1_2,0.649,0.774,1.0,0.601,0.255,0.21,0.119,0.61,0.666,0.761,0.219,0.197,0.101,0.59,0.503,0.525
19,A1_3,0.608,0.682,0.601,1.0,0.301,0.329,0.19,0.617,0.816,0.773,0.285,0.248,0.27,0.556,0.734,0.638
19,B1_1,0.038,0.209,0.255,0.301,1.0,0.874,0.868,0.431,0.292,0.148,0.85,0.844,0.835,0.508,0.474,0.363
19,B1_2,-0.168,0.116,0.21,0.329,0.874,1.0,0.895,0.273,0.313,0.133,0.897,0.895,0.885,0.471,0.494,0.387
19,B1_3,-0.229,0.006,0.119,0.19,0.868,0.895,1.0,0.266,0.202,-0.018,0.906,0.933,0.893,0.343,0.399,0.267
19,A2_1,0.704,0.791,0.61,0.617,0.431,0.273,0.266,1.0,0.665,0.633,0.299,0.375,0.242,0.429,0.529,0.352
19,A2_2,0.665,0.772,0.666,0.816,0.292,0.313,0.202,0.665,1.0,0.803,0.279,0.305,0.308,0.502,0.77,0.507
19,A2_3,0.754,0.813,0.761,0.773,0.148,0.133,-0.018,0.633,0.803,1.0,0.082,0.101,0.044,0.575,0.582,0.527
19,B2_1,-0.18,0.083,0.219,0.285,0.85,0.897,0.906,0.299,0.279,0.082,1.0,0.897,0.844,0.421,0.475,0.289
19,B2_2,-0.1,0.13,0.197,0.248,0.844,0.895,0.933,0.375,0.305,0.101,0.897,1.0,0.853,0.345,0.432,0.226
19,B2_3,-0.199,0.023,0.101,0.27,0.835,0.885,0.893,0.242,0.308,0.044,0.844,0.853,1.0,0.401,0.583,0.421
19,y1,0.385,0.471,0.59,0.556,0.508,0.471,0.343,0.429,0.502,0.575,0.421,0.345,0.401,1.0,0.617,0.67
19,y2,0.373,0.485,0.503,0.734,0.474,0.494,0.399,0.529,0.77,0.582,0.475,0.432,0.583,0.617,1.0,0.662
19,y3,0.295,0.367,0.525,0.638,0.363,0.387,0.267,0.352,0.507,0.527,0.289,0.226,0.421,0.67,0.662,1.0
20,.,1.0,0.832,0.654,0.609,-0.058,-0.251,-0.31,0.706,0.666,0.758,-0.264,-0.185,-0.283,0.39,0.366,0.293
20,A1_1,0.832,1.0,0.785,0.691,0.114,0.032,-0.08,0.795,0.78,0.823,-0.002,0.044,-0.063,0.466,0.477,0.36
20,A1_2,0.654,0.785,1.0,0.617,0.163,0.128,0.032,0.616,0.679,0.775,0.135,0.111,0.021,0.591,0.503,0.524
20,A1_3,0.609,0.691,0.617,1.0,0.218,0.252,0.11,0.618,0.824,0.785,0.21,0.17,0.193,0.563,0.736,0.636
20,B1_1,-0.058,0.114,0.163,0.218,1.0,0.882,0.877,0.346,0.206,0.055,0.857,0.854,0.844,0.4,0.392,0.272
20,B1_2,-0.251,0.032,0.128,0.252,0.882,1.0,0.901,0.198,0.232,0.047,0.904,0.9,0.892,0.373,0.418,0.304
20,B1_3,-0.31,-0.08,0.032,0.11,0.877,0.901,1.0,0.183,0.117,-0.102,0.911,0.936,0.9,0.235,0.315,0.181
20,A2_1,0.706,0.795,0.616,0.618,0.346,0.198,0.183,1.0,0.666,0.639,0.22,0.296,0.163,0.402,0.506,0.329
20,A2_2,0.666,0.78,0.679,0.824,0.206,0.232,0.117,0.666,1.0,0.813,0.2,0.219,0.222,0.503,0.762,0.504
20,A2_3,0.758,0.823,0.775,0.785,0.055,0.047,-0.102,0.639,0.813,1.0,-0.0,0.013,-0.04,0.587,0.587,0.533
20,B2_1,-0.264,-0.002,0.135,0.21,0.857,0.904,0.911,0.22,0.2,-0.0,1.0,0.902,0.856,0.323,0.4,0.213
20,B2_2,-0.185,0.044,0.111,0.17,0.854,0.9,0.936,0.296,0.219,0.013,0.902,1.0,0.861,0.237,0.346,0.139
20,B2_3,-0.283,-0.063,0.021,0.193,0.844,0.892,0.9,0.163,0.222,-0.04,0.856,0.861,1.0,0.309,0.505,0.34
20,y1,0.39,0.466,0.591,0.563,0.4,0.373,0.235,0.402,0.503,0.587,0.323,0.237,0.309,1.0,0.624,0.686
20,y2,0.366,0.477,0.503,0.736,0.392,0.418,0.315,0.506,0.762,0.587,0.4,0.346,0.505,0.624,1.0,0.673
20,y3,0.293,0.36,0.524,0.636,0.272,0.304,0.181,0.329,0.504,0.533,0.213,0.139,0.34,0.686,0.673,1.0
21,.,1.0,0.83,0.661,0.612,-0.144,-0.32,-0.377,0.711,0.669,0.76,-0.334,-0.256,-0.356,0.399,0.366,0.294
21,A1_1,0.83,1.0,0.797,0.703,0.025,-0.043,-0.155,0.801,0.79,0.833,-0.076,-0.034,-0.14,0.468,0.477,0.359
21,A1_2,0.661,0.797,1.0,0.637,0.076,0.053,-0.045,0.628,0.696,0.791,0.058,0.032,-0.053,0.598,0.511,0.529
21,A1_3,0.612,0.703,0.637,1.0,0.138,0.18,0.038,0.625,0.834,0.798,0.14,0.097,0.12,0.576,0.741,0.637
21,B1_1,-0.144,0.025,0.076,0.138,1.0,0.891,0.887,0.261,0.121,-0.031,0.865,0.865,0.854,0.288,0.306,0.186
21,B1_2,-0.32,-0.043,0.053,0.18,0.891,1.0,0.908,0.127,0.155,-0.028,0.91,0.905,0.901,0.275,0.341,0.229
21,B1_3,-0.377,-0.155,-0.045,0.038,0.887,0.908,1.0,0.105,0.038,-0.173,0.917,0.94,0.909,0.132,0.232,0.103
21,A2_1,0.711,0.801,0.628,0.625,0.261,0.127,0.105,1.0,0.67,0.65,0.144,0.219,0.087,0.382,0.489,0.314
21,A2_2,0.669,0.79,0.696,0.834,0.121,0.155,0.038,0.67,1.0,0.824,0.125,0.137,0.138,0.511,0.758,0.507
21,A2_3,0.76,0.833,0.791,0.798,-0.031,-0.028,-0.173,0.65,0.824,1.0,-0.071,-0.064,-0.114,0.603,0.599,0.543
21,B2_1,-0.334,-0.076,0.058,0.14,0.865,0.91,0.917,0.144,0.125,-0.071,1.0,0.907,0.869,0.227,0.324,0.145
21,B2_2,-0.256,-0.034,0.032,0.097,0.865,0.905,0.94,0.219,0.137,-0.064,0.907,1.0,0.869,0.13,0.259,0.06
21,B2_3,-0.356,-0.14,-0.053,0.12,0.854,0.901,0.909,0.087,0.138,-0.114,0.869,0.869,1.0,0.216,0.422,0.262
21,y1,0.399,0.468,0.598,0.576,0.288,0.275,0.132,0.382,0.511,0.603,0.227,0.13,0.216,1.0,0.64,0.709
21,y2,0.366,0.477,0.511,0.741,0.306,0.341,0.232,0.489,0.758,0.599,0.324,0.259,0.422,0.64,1.0,0.691
21,y3,0.294,0.359,0.529,0.637,0.186,0.229,0.103,0.314,0.507,0.543,0.145,0.06,0.262,0.709,0.691,1.0
22,.,1.0,0.828,0.666,0.615,-0.222,-0.382,-0.436,0.718,0.673,0.762,-0.396,-0.319,-0.42,0.408,0.37,0.299
22,A1_1,0.828,1.0,0.809,0.717,-0.06,-0.112,-0.223,0.809,0.802,0.844,-0.144,-0.105,-0.211,0.473,0.482,0.364
22,A1_2,0.666,0.809,1.0,0.66,-0.008,-0.016,-0.115,0.643,0.716,0.808,-0.012,-0.04,-0.12,0.607,0.526,0.538
22,A1_3,0.615,0.717,0.66,1.0,0.06,0.111,-0.031,0.635,0.844,0.812,0.074,0.028,0.05,0.593,0.749,0.642
22,B1_1,-0.222,-0.06,-0.008,0.06,1.0,0.899,0.896,0.172,0.038,-0.111,0.873,0.875,0.864,0.177,0.218,0.103
22,B1_2,-0.382,-0.112,-0.016,0.111,0.899,1.0,0.913,0.055,0.081,-0.095,0.916,0.91,0.908,0.181,0.264,0.158
22,B1_3,-0.436,-0.223,-0.115,-0.031,0.896,0.913,1.0,0.026,-0.036,-0.236,0.922,0.943,0.917,0.035,0.15,0.031
22,A2_1,0.718,0.809,0.643,0.635,0.172,0.055,0.026,1.0,0.679,0.665,0.068,0.141,0.01,0.37,0.478,0.307
22,A2_2,0.673,0.802,0.716,0.844,0.038,0.081,-0.036,0.679,1.0,0.837,0.054,0.059,0.058,0.525,0.756,0.515
22,A2_3,0.762,0.844,0.808,0.812,-0.111,-0.095,-0.236,0.665,0.837,1.0,-0.135,-0.133,-0.182,0.622,0.615,0.557
22,B2_1,-0.396,-0.144,-0.012,0.074,0.873,0.916,0.922,0.068,0.054,-0.135,1.0,0.911,0.88,0.136,0.248,0.082
22,B2_2,-0.319,-0.105,-0.04,0.028,0.875,0.91,0.943,0.141,0.059,-0.133,0.911,1.0,0.878,0.03,0.172,-0.013
22,B2_3,-0.42,-0.211,-0.12,0.05,0.864,0.908,0.917,0.01,0.058,-0.182,0.88,0.878,1.0,0.128,0.338,0.19
22,y1,0.408,0.473,0.607,0.593,0.177,0.181,0.035,0.37,0.525,0.622,0.136,0.03,0.128,1.0,0.664,0.737
22,y2,0.37,0.482,0.526,0.749,0.218,0.264,0.15,0.478,0.756,0.615,0.248,0.172,0.338,0.664,1.0,0.714
22,y3,0.299,0.364,0.538,0.642,0.103,0.158,0.031,0.307,0.515,0.557,0.082,-0.013,0.19,0.737,0.714,1.0
23,.,1.0,0.825,0.669,0.617,-0.289,-0.432,-0.483,0.727,0.676,0.76,-0.447,-0.371,-0.472,0.412,0.373,0.301
23,A1_1,0.825,1.0,0.822,0.732,-0.135,-0.17,-0.279,0.819,0.814,0.854,-0.201,-0.166,-0.271,0.478,0.489,0.371
23,A1_2,0.669,0.822,1.0,0.683,-0.082,-0.075,-0.174,0.661,0.736,0.824,-0.071,-0.103,-0.178,0.618,0.544,0.549
23,A1_3,0.617,0.732,0.683,1.0,-0.01,0.051,-0.089,0.648,0.855,0.826,0.017,-0.032,-0.011,0.609,0.756,0.647
23,B1_1,-0.289,-0.135,-0.082,-0.01,1.0,0.907,0.905,0.087,-0.037,-0.178,0.881,0.884,0.874,0.081,0.136,0.033
23,B1_2,-0.432,-0.17,-0.075,0.051,0.907,1.0,0.919,-0.012,0.016,-0.149,0.922,0.915,0.915,0.102,0.194,0.099
23,B1_3,-0.483,-0.279,-0.174,-0.089,0.905,0.919,1.0,-0.046,-0.101,-0.286,0.927,0.947,0.924,-0.044,0.077,-0.026
23,A2_1,0.727,0.819,0.661,0.648,0.087,-0.012,-0.046,1.0,0.69,0.683,-0.001,0.068,-0.062,0.364,0.471,0.306
23,A2_2,0.676,0.814,0.736,0.855,-0.037,0.016,-0.101,0.69,1.0,0.85,-0.009,-0.01,-0.013,0.541,0.755,0.525
23,A2_3,0.76,0.854,0.824,0.826,-0.178,-0.149,-0.286,0.683,0.85,1.0,-0.185,-0.189,-0.236,0.638,0.632,0.57
23,B2_1,-0.447,-0.201,-0.071,0.017,0.881,0.922,0.927,-0.001,-0.009,-0.185,1.0,0.916,0.892,0.06,0.18,0.031
23,B2_2,-0.371,-0.166,-0.103,-0.032,0.884,0.915,0.947,0.068,-0.01,-0.189,0.916,1.0,0.885,-0.055,0.094,-0.073
23,B2_3,-0.472,-0.271,-0.178,-0.011,0.874,0.915,0.924,-0.062,-0.013,-0.236,0.892,0.885,1.0,0.053,0.26,0.128
23,y1,0.412,0.478,0.618,0.609,0.081,0.102,-0.044,0.364,0.541,0.638,0.06,-0.055,0.053,1.0,0.693,0.765
23,y2,0.373,0.489,0.544,0.756,0.136,0.194,0.077,0.471,0.755,0.632,0.18,0.094,0.26,0.693,1.0,0.739
23,y3,0.301,0.371,0.549,0.647,0.033,0.099,-0.026,0.306,0.525,0.57,0.031,-0.073,0.128,0.765,0.739,1.0
24,.,1.0,0.819,0.667,0.615,-0.349,-0.477,-0.523,0.733,0.673,0.755,-0.492,-0.415,-0.519,0.408,0.37,0.297
24,A1_1,0.819,1.0,0.833,0.746,-0.201,-0.219,-0.325,0.83,0.825,0.862,-0.249,-0.217,-0.322,0.48,0.495,0.376
24,A1_2,0.667,0.833,1.0,0.706,-0.146,-0.125,-0.222,0.68,0.755,0.839,-0.121,-0.155,-0.226,0.626,0.562,0.559
24,A1_3,0.615,0.746,0.706,1.0,-0.073,-0.002,-0.138,0.663,0.866,0.839,-0.032,-0.083,-0.065,0.623,0.763,0.652
24,B1_1,-0.349,-0.201,-0.146,-0.073,1.0,0.915,0.913,0.006,-0.102,-0.238,0.889,0.893,0.884,0.001,0.066,-0.023
24,B1_2,-0.477,-0.219,-0.125,-0.002,0.915,1.0,0.924,-0.073,-0.038,-0.197,0.928,0.919,0.922,0.039,0.135,0.053
24,B1_3,-0.523,-0.325,-0.222,-0.138,0.913,0.924,1.0,-0.111,-0.153,-0.327,0.932,0.95,0.931,-0.105,0.018,-0.069
24,A2_1,0.733,0.83,0.68,0.663,0.006,-0.073,-0.111,1.0,0.703,0.701,-0.064,0.001,-0.128,0.361,0.468,0.309
24,A2_2,0.673,0.825,0.755,0.866,-0.102,-0.038,-0.153,0.703,1.0,0.861,-0.062,-0.067,-0.074,0.554,0.754,0.534
24,A2_3,0.755,0.862,0.839,0.839,-0.238,-0.197,-0.327,0.701,0.861,1.0,-0.228,-0.237,-0.283,0.65,0.647,0.58
24,B2_1,-0.492,-0.249,-0.121,-0.032,0.889,0.928,0.932,-0.064,-0.062,-0.228,1.0,0.92,0.902,0.001,0.123,-0.007
24,B2_2,-0.415,-0.217,-0.155,-0.083,0.893,0.919,0.95,0.001,-0.067,-0.237,0.92,1.0,0.893,-0.121,0.028,-0.119
24,B2_3,-0.519,-0.322,-0.226,-0.065,0.884,0.922,0.931,-0.128,-0.074,-0.283,0.902,0.893,1.0,-0.006,0.193,0.08
24,y1,0.408,0.48,0.626,0.623,0.001,0.039,-0.105,0.361,0.554,0.65,0.001,-0.121,-0.006,1.0,0.722,0.792
24,y2,0.37,0.495,0.562,0.763,0.066,0.135,0.018,0.468,0.754,0.647,0.123,0.028,0.193,0.722,1.0,0.764
24,y3,0.297,0.376,0.559,0.652,-0.023,0.053,-0.069,0.309,0.534,0.58,-0.007,-0.119,0.08,0.792,0.764,1.0
25,.,1.0,0.81,0.663,0.609,-0.399,-0.514,-0.555,0.737,0.668,0.746,-0.529,-0.452,-0.557,0.397,0.361,0.285
25,A1_1,0.81,1.0,0.844,0.76,-0.257,-0.258,-0.361,0.841,0.836,0.87,-0.287,-0.258,-0.363,0.48,0.5,0.378
25,A1_2,0.663,0.844,1.0,0.729,-0.203,-0.167,-0.262,0.7,0.774,0.853,-0.164,-0.2,-0.266,0.633,0.578,0.566
25,A1_3,0.609,0.76,0.729,1.0,-0.127,-0.045,-0.177,0.679,0.875,0.851,-0.074,-0.126,-0.11,0.635,0.767,0.654
25,B1_1,-0.399,-0.257,-0.203,-0.127,1.0,0.922,0.92,-0.068,-0.158,-0.285,0.897,0.901,0.892,-0.062,0.007,-0.065
25,B1_2,-0.514,-0.258,-0.167,-0.045,0.922,1.0,0.929,-0.126,-0.084,-0.232,0.932,0.923,0.928,-0.01,0.087,0.021
25,B1_3,-0.555,-0.361,-0.262,-0.177,0.92,0.929,1.0,-0.167,-0.195,-0.357,0.937,0.952,0.937,-0.15,-0.029,-0.098
25,A2_1,0.737,0.841,0.7,0.679,-0.068,-0.126,-0.167,1.0,0.718,0.72,-0.119,-0.059,-0.185,0.361,0.467,0.312
25,A2_2,0.668,0.836,0.774,0.875,-0.158,-0.084,-0.195,0.718,1.0,0.872,-0.105,-0.115,-0.124,0.566,0.752,0.541
25,A2_3,0.746,0.87,0.853,0.851,-0.285,-0.232,-0.357,0.72,0.872,1.0,-0.26,-0.273,-0.318,0.658,0.659,0.586
25,B2_1,-0.529,-0.287,-0.164,-0.074,0.897,0.932,0.937,-0.119,-0.105,-0.26,1.0,0.924,0.912,-0.044,0.077,-0.032
25,B2_2,-0.452,-0.258,-0.2,-0.126,0.901,0.923,0.952,-0.059,-0.115,-0.273,0.924,1.0,0.9,-0.172,-0.025,-0.151
25,B2_3,-0.557,-0.363,-0.266,-0.11,0.892,0.928,0.937,-0.185,-0.124,-0.318,0.912,0.9,1.0,-0.05,0.138,0.045
