,,.,A1_1,A1_2,A1_3,B1_1,B1_2,B1_3,A2_1,A2_2,A2_3,B2_1,B2_2,B2_3,y1,y2,y3
1,.,1.0,0.068,-0.025,-0.06,0.22,-0.146,-0.179,0.035,0.036,0.085,-0.15,0.067,-0.057,-0.015,-0.099,0.035
1,A1_1,0.068,1.0,0.078,-0.044,-0.061,-0.015,-0.136,0.029,-0.012,-0.032,0.035,-0.225,0.013,-0.15,-0.104,-0.216
1,A1_2,-0.025,0.078,1.0,-0.057,-0.157,-0.09,-0.148,-0.04,-0.009,0.026,0.206,0.004,-0.034,0.051,-0.04,0.031
1,A1_3,-0.06,-0.044,-0.057,1.0,-0.152,0.19,0.087,-0.134,0.28,0.091,0.084,-0.042,-0.071,-0.105,0.097,0.124
1,B1_1,0.22,-0.061,-0.157,-0.152,1.0,0.148,-0.072,0.128,-0.208,-0.08,-0.214,-0.038,-0.126,0.039,-0.102,0.188
1,B1_2,-0.146,-0.015,-0.09,0.19,0.148,1.0,-0.222,-0.274,0.08,0.007,-0.198,0.15,-0.127,0.049,0.073,0.108
1,B1_3,-0.179,-0.136,-0.148,0.087,-0.072,-0.222,1.0,0.231,-0.031,-0.17,0.129,0.178,0.059,-0.023,-0.091,-0.05
1,A2_1,0.035,0.029,-0.04,-0.134,0.128,-0.274,0.231,1.0,-0.148,-0.029,0.082,0.093,-0.028,-0.026,-0.088,0.096
1,A2_2,0.036,-0.012,-0.009,0.28,-0.208,0.08,-0.031,-0.148,1.0,0.136,0.075,0.003,0.21,-0.087,0.193,0.028
1,A2_3,0.085,-0.032,0.026,0.091,-0.08,0.007,-0.17,-0.029,0.136,1.0,-0.06,0.068,-0.024,0.018,-0.003,0.032
1,B2_1,-0.15,0.035,0.206,0.084,-0.214,-0.198,0.129,0.082,0.075,-0.06,1.0,0.094,0.029,0.145,0.01,-0.057
1,B2_2,0.067,-0.225,0.004,-0.042,-0.038,0.15,0.178,0.093,0.003,0.068,0.094,1.0,0.049,-0.044,0.001,-0.026
1,B2_3,-0.057,0.013,-0.034,-0.071,-0.126,-0.127,0.059,-0.028,0.21,-0.024,0.029,0.049,1.0,-0.115,0.141,0.156
1,y1,-0.015,-0.15,0.051,-0.105,0.039,0.049,-0.023,-0.026,-0.087,0.018,0.145,-0.044,-0.115,1.0,-0.187,0.108
1,y2,-0.099,-0.104,-0.04,0.097,-0.102,0.073,-0.091,-0.088,0.193,-0.003,0.01,0.001,0.141,-0.187,1.0,-0.082
1,y3,0.035,-0.216,0.031,0.124,0.188,0.108,-0.05,0.096,0.028,0.032,-0.057,-0.026,0.156,0.108,-0.082,1.0
2,.,1.0,0.069,-0.025,-0.06,0.219,-0.147,-0.18,0.036,0.036,0.086,-0.151,0.066,-0.058,-0.015,-0.1,0.034
2,A1_1,0.069,1.0,0.078,-0.043,-0.062,-0.015,-0.136,0.029,-0.012,-0.032,0.035,-0.225,0.012,-0.151,-0.104,-0.216
2,A1_2,-0.025,0.078,1.0,-0.057,-0.157,-0.09,-0.149,-0.04,-0.009,0.026,0.205,0.004,-0.035,0.052,-0.04,0.031
2,A1_3,-0.06,-0.043,-0.057,1.0,-0.153,0.19,0.086,-0.134,0.28,0.091,0.084,-0.042,-0.072,-0.104,0.098,0.124
2,B1_1,0.219,-0.062,-0.157,-0.153,1.0,0.148,-0.072,0.128,-0.208,-0.08,-0.213,-0.037,-0.127,0.039,-0.102,0.188
2,B1_2,-0.147,-0.015,-0.09,0.19,0.148,1.0,-0.222,-0.273,0.08,0.007,-0.198,0.151,-0.128,0.05,0.073,0.107
2,B1_3,-0.18,-0.136,-0.149,0.086,-0.072,-0.222,1.0,0.231,-0.031,-0.17,0.129,0.179,0.059,-0.022,-0.091,-0.051
2,A2_1,0.036,0.029,-0.04,-0.134,0.128,-0.273,0.231,1.0,-0.148,-0.029,0.082,0.093,-0.027,-0.026,-0.088,0.096
2,A2_2,0.036,-0.012,-0.009,0.28,-0.208,0.08,-0.031,-0.148,1.0,0.136,0.075,0.002,0.21,-0.087,0.193,0.028
2,A2_3,0.086,-0.032,0.026,0.091,-0.08,0.007,-0.17,-0.029,0.136,1.0,-0.06,0.068,-0.024,0.018,-0.003,0.032
2,B2_1,-0.151,0.035,0.205,0.084,-0.213,-0.198,0.129,0.082,0.075,-0.06,1.0,0.095,0.029,0.145,0.01,-0.058
2,B2_2,0.066,-0.225,0.004,-0.042,-0.037,0.151,0.179,0.093,0.002,0.068,0.095,1.0,0.049,-0.044,0.001,-0.027
2,B2_3,-0.058,0.012,-0.035,-0.072,-0.127,-0.128,0.059,-0.027,0.21,-0.024,0.029,0.049,1.0,-0.114,0.143,0.156
2,y1,-0.015,-0.151,0.052,-0.104,0.039,0.05,-0.022,-0.026,-0.087,0.018,0.145,-0.044,-0.114,1.0,-0.187,0.108
2,y2,-0.1,-0.104,-0.04,0.098,-0.102,0.073,-0.091,-0.088,0.193,-0.003,0.01,0.001,0.143,-0.187,1.0,-0.081
2,y3,0.034,-0.216,0.031,0.124,0.188,0.107,-0.051,0.096,0.028,0.032,-0.058,-0.027,0.156,0.108,-0.081,1.0
3,.,1.0,0.07,-0.025,-0.06,0.217,-0.148,-0.181,0.037,0.036,0.086,-0.151,0.065,-0.059,-0.016,-0.1,0.033
3,A1_1,0.07,1.0,0.078,-0.043,-0.062,-0.015,-0.137,0.029,-0.012,-0.032,0.034,-0.226,0.011,-0.151,-0.104,-0.216
3,A1_2,-0.025,0.078,1.0,-0.057,-0.157,-0.09,-0.149,-0.04,-0.009,0.026,0.205,0.003,-0.036,0.052,-0.039,0.032
3,A1_3,-0.06,-0.043,-0.057,1.0,-0.153,0.19,0.085,-0.134,0.28,0.091,0.083,-0.043,-0.072,-0.104,0.098,0.125
3,B1_1,0.217,-0.062,-0.157,-0.153,1.0,0.149,-0.07,0.128,-0.208,-0.08,-0.212,-0.035,-0.127,0.039,-0.102,0.187
3,B1_2,-0.148,-0.015,-0.09,0.19,0.149,1.0,-0.221,-0.273,0.081,0.007,-0.197,0.152,-0.129,0.05,0.073,0.107
3,B1_3,-0.181,-0.137,-0.149,0.085,-0.07,-0.221,1.0,0.23,-0.031,-0.17,0.13,0.18,0.059,-0.022,-0.09,-0.051
3,A2_1,0.037,0.029,-0.04,-0.134,0.128,-0.273,0.23,1.0,-0.148,-0.029,0.083,0.093,-0.027,-0.027,-0.089,0.095
3,A2_2,0.036,-0.012,-0.009,0.28,-0.208,0.081,-0.031,-0.148,1.0,0.136,0.075,0.002,0.21,-0.087,0.193,0.028
3,A2_3,0.086,-0.032,0.026,0.091,-0.08,0.007,-0.17,-0.029,0.136,1.0,-0.06,0.068,-0.024,0.018,-0.003,0.032
3,B2_1,-0.151,0.034,0.205,0.083,-0.212,-0.197,0.13,0.083,0.075,-0.06,1.0,0.096,0.028,0.145,0.009,-0.058
3,B2_2,0.065,-0.226,0.003,-0.043,-0.035,0.152,0.18,0.093,0.002,0.068,0.096,1.0,0.05,-0.045,-0.0,-0.028
3,B2_3,-0.059,0.011,-0.036,-0.072,-0.127,-0.129,0.059,-0.027,0.21,-0.024,0.028,0.05,1.0,-0.113,0.144,0.157
3,y1,-0.016,-0.151,0.052,-0.104,0.039,0.05,-0.022,-0.027,-0.087,0.018,0.145,-0.045,-0.113,1.0,-0.187,0.109
3,y2,-0.1,-0.104,-0.039,0.098,-0.102,0.073,-0.09,-0.089,0.193,-0.003,0.009,-0.0,0.144,-0.187,1.0,-0.081
3,y3,0.033,-0.216,0.032,0.125,0.187,0.107,-0.051,0.095,0.028,0.032,-0.058,-0.028,0.157,0.109,-0.081,1.0
4,.,1.0,0.072,-0.025,-0.061,0.215,-0.15,-0.182,0.037,0.035,0.086,-0.152,0.063,-0.06,-0.016,-0.1,0.032
4,A1_1,0.072,1.0,0.079,-0.043,-0.063,-0.016,-0.138,0.029,-0.012,-0.032,0.033,-0.226,0.01,-0.151,-0.105,-0.216
4,A1_2,-0.025,0.079,1.0,-0.057,-0.158,-0.09,-0.15,-0.04,-0.009,0.026,0.204,0.003,-0.037,0.052,-0.039,0.033
4,A1_3,-0.061,-0.043,-0.057,1.0,-0.153,0.189,0.084,-0.134,0.281,0.091,0.083,-0.043,-0.073,-0.104,0.099,0.125
4,B1_1,0.215,-0.063,-0.158,-0.153,1.0,0.15,-0.069,0.128,-0.208,-0.08,-0.211,-0.033,-0.127,0.039,-0.103,0.186
4,B1_2,-0.15,-0.016,-0.09,0.189,0.15,1.0,-0.219,-0.273,0.08,0.007,-0.196,0.153,-0.129,0.05,0.073,0.107
4,B1_3,-0.182,-0.138,-0.15,0.084,-0.069,-0.219,1.0,0.23,-0.032,-0.17,0.131,0.182,0.059,-0.022,-0.09,-0.051
4,A2_1,0.037,0.029,-0.04,-0.134,0.128,-0.273,0.23,1.0,-0.148,-0.029,0.083,0.093,-0.027,-0.028,-0.09,0.095
4,A2_2,0.035,-0.012,-0.009,0.281,-0.208,0.08,-0.032,-0.148,1.0,0.136,0.075,0.002,0.209,-0.086,0.193,0.028
4,A2_3,0.086,-0.032,0.026,0.091,-0.08,0.007,-0.17,-0.029,0.136,1.0,-0.06,0.068,-0.025,0.018,-0.003,0.032
4,B2_1,-0.152,0.033,0.204,0.083,-0.211,-0.196,0.131,0.083,0.075,-0.06,1.0,0.098,0.028,0.145,0.009,-0.059
4,B2_2,0.063,-0.226,0.003,-0.043,-0.033,0.153,0.182,0.093,0.002,0.068,0.098,1.0,0.051,-0.046,-0.001,-0.029
4,B2_3,-0.06,0.01,-0.037,-0.073,-0.127,-0.129,0.059,-0.027,0.209,-0.025,0.028,0.051,1.0,-0.111,0.145,0.158
4,y1,-0.016,-0.151,0.052,-0.104,0.039,0.05,-0.022,-0.028,-0.086,0.018,0.145,-0.046,-0.111,1.0,-0.186,0.109
4,y2,-0.1,-0.105,-0.039,0.099,-0.103,0.073,-0.09,-0.09,0.193,-0.003,0.009,-0.001,0.145,-0.186,1.0,-0.08
4,y3,0.032,-0.216,0.033,0.125,0.186,0.107,-0.051,0.095,0.028,0.032,-0.059,-0.029,0.158,0.109,-0.08,1.0
5,.,1.0,0.074,-0.024,-0.061,0.213,-0.152,-0.183,0.038,0.035,0.086,-0.153,0.06,-0.062,-0.017,-0.1,0.031
5,A1_1,0.074,1.0,0.079,-0.042,-0.064,-0.017,-0.14,0.03,-0.011,-0.031,0.032,-0.227,0.009,-0.151,-0.105,-0.216
5,A1_2,-0.024,0.079,1.0,-0.057,-0.159,-0.091,-0.151,-0.04,-0.008,0.026,0.203,0.002,-0.038,0.053,-0.039,0.033
5,A1_3,-0.061,-0.042,-0.057,1.0,-0.154,0.189,0.083,-0.134,0.281,0.091,0.082,-0.044,-0.074,-0.104,0.099,0.125
5,B1_1,0.213,-0.064,-0.159,-0.154,1.0,0.151,-0.067,0.128,-0.208,-0.08,-0.21,-0.031,-0.127,0.039,-0.103,0.185
5,B1_2,-0.152,-0.017,-0.091,0.189,0.151,1.0,-0.218,-0.272,0.08,0.007,-0.195,0.155,-0.129,0.05,0.073,0.106
5,B1_3,-0.183,-0.14,-0.151,0.083,-0.067,-0.218,1.0,0.23,-0.032,-0.171,0.132,0.184,0.059,-0.022,-0.09,-0.052
5,A2_1,0.038,0.03,-0.04,-0.134,0.128,-0.272,0.23,1.0,-0.148,-0.029,0.083,0.092,-0.027,-0.029,-0.09,0.094
5,A2_2,0.035,-0.011,-0.008,0.281,-0.208,0.08,-0.032,-0.148,1.0,0.136,0.075,0.002,0.209,-0.086,0.194,0.029
5,A2_3,0.086,-0.031,0.026,0.091,-0.08,0.007,-0.171,-0.029,0.136,1.0,-0.06,0.068,-0.025,0.018,-0.003,0.032
5,B2_1,-0.153,0.032,0.203,0.082,-0.21,-0.195,0.132,0.083,0.075,-0.06,1.0,0.1,0.028,0.145,0.008,-0.059
5,B2_2,0.06,-0.227,0.002,-0.044,-0.031,0.155,0.184,0.092,0.002,0.068,0.1,1.0,0.052,-0.046,-0.003,-0.03
5,B2_3,-0.062,0.009,-0.038,-0.074,-0.127,-0.129,0.059,-0.027,0.209,-0.025,0.028,0.052,1.0,-0.11,0.146,0.159
5,y1,-0.017,-0.151,0.053,-0.104,0.039,0.05,-0.022,-0.029,-0.086,0.018,0.145,-0.046,-0.11,1.0,-0.186,0.11
5,y2,-0.1,-0.105,-0.039,0.099,-0.103,0.073,-0.09,-0.09,0.194,-0.003,0.008,-0.003,0.146,-0.186,1.0,-0.079
5,y3,0.031,-0.216,0.033,0.125,0.185,0.106,-0.052,0.094,0.029,0.032,-0.059,-0.03,0.159,0.11,-0.079,1.0
6,.,1.0,0.076,-0.024,-0.061,0.21,-0.155,-0.186,0.038,0.035,0.086,-0.155,0.056,-0.063,-0.018,-0.1,0.03
6,A1_1,0.076,1.0,0.08,-0.042,-0.066,-0.018,-0.141,0.03,-0.011,-0.031,0.031,-0.228,0.007,-0.151,-0.105,-0.216
6,A1_2,-0.024,0.08,1.0,-0.056,-0.16,-0.091,-0.152,-0.039,-0.008,0.027,0.203,0.001,-0.039,0.053,-0.038,0.034
6,A1_3,-0.061,-0.042,-0.056,1.0,-0.154,0.188,0.082,-0.134,0.281,0.092,0.081,-0.045,-0.074,-0.103,0.1,0.126
6,B1_1,0.21,-0.066,-0.16,-0.154,1.0,0.152,-0.064,0.128,-0.208,-0.081,-0.208,-0.028,-0.126,0.038,-0.104,0.184
6,B1_2,-0.155,-0.018,-0.091,0.188,0.152,1.0,-0.215,-0.272,0.08,0.007,-0.193,0.157,-0.129,0.05,0.072,0.105
6,B1_3,-0.186,-0.141,-0.152,0.082,-0.064,-0.215,1.0,0.229,-0.033,-0.171,0.134,0.187,0.06,-0.022,-0.091,-0.052
6,A2_1,0.038,0.03,-0.039,-0.134,0.128,-0.272,0.229,1.0,-0.148,-0.029,0.084,0.092,-0.026,-0.03,-0.091,0.094
6,A2_2,0.035,-0.011,-0.008,0.281,-0.208,0.08,-0.033,-0.148,1.0,0.136,0.075,0.001,0.209,-0.086,0.194,0.029
6,A2_3,0.086,-0.031,0.027,0.092,-0.081,0.007,-0.171,-0.029,0.136,1.0,-0.06,0.067,-0.026,0.018,-0.002,0.033
6,B2_1,-0.155,0.031,0.203,0.081,-0.208,-0.193,0.134,0.084,0.075,-0.06,1.0,0.102,0.029,0.144,0.008,-0.06
6,B2_2,0.056,-0.228,0.001,-0.045,-0.028,0.157,0.187,0.092,0.001,0.067,0.102,1.0,0.054,-0.048,-0.004,-0.032
6,B2_3,-0.063,0.007,-0.039,-0.074,-0.126,-0.129,0.06,-0.026,0.209,-0.026,0.029,0.054,1.0,-0.108,0.148,0.159
6,y1,-0.018,-0.151,0.053,-0.103,0.038,0.05,-0.022,-0.03,-0.086,0.018,0.144,-0.048,-0.108,1.0,-0.185,0.111
6,y2,-0.1,-0.105,-0.038,0.1,-0.104,0.072,-0.091,-0.091,0.194,-0.002,0.008,-0.004,0.148,-0.185,1.0,-0.078
6,y3,0.03,-0.216,0.034,0.126,0.184,0.105,-0.052,0.094,0.029,0.033,-0.06,-0.032,0.159,0.111,-0.078,1.0
7,.,1.0,0.079,-0.022,-0.06,0.206,-0.158,-0.189,0.038,0.034,0.087,-0.158,0.051,-0.065,-0.019,-0.1,0.028
7,A1_1,0.079,1.0,0.081,-0.041,-0.067,-0.019,-0.143,0.03,-0.01,-0.03,0.029,-0.229,0.005,-0.151,-0.104,-0.215
7,A1_2,-0.022,0.081,1.0,-0.056,-0.161,-0.092,-0.153,-0.039,-0.008,0.027,0.201,-0.0,-0.04,0.054,-0.038,0.035
7,A1_3,-0.06,-0.041,-0.056,1.0,-0.155,0.188,0.081,-0.133,0.281,0.092,0.081,-0.045,-0.075,-0.103,0.1,0.126
7,B1_1,0.206,-0.067,-0.161,-0.155,1.0,0.154,-0.062,0.128,-0.208,-0.081,-0.206,-0.025,-0.126,0.037,-0.105,0.182
7,B1_2,-0.158,-0.019,-0.092,0.188,0.154,1.0,-0.213,-0.271,0.08,0.006,-0.191,0.159,-0.128,0.05,0.072,0.104
7,B1_3,-0.189,-0.143,-0.153,0.081,-0.062,-0.213,1.0,0.228,-0.033,-0.172,0.136,0.19,0.062,-0.022,-0.091,-0.053
7,A2_1,0.038,0.03,-0.039,-0.133,0.128,-0.271,0.228,1.0,-0.147,-0.029,0.084,0.092,-0.026,-0.031,-0.092,0.093
7,A2_2,0.034,-0.01,-0.008,0.281,-0.208,0.08,-0.033,-0.147,1.0,0.136,0.074,0.001,0.209,-0.086,0.194,0.029
7,A2_3,0.087,-0.03,0.027,0.092,-0.081,0.006,-0.172,-0.029,0.136,1.0,-0.06,0.066,-0.026,0.018,-0.002,0.033
7,B2_1,-0.158,0.029,0.201,0.081,-0.206,-0.191,0.136,0.084,0.074,-0.06,1.0,0.105,0.03,0.144,0.007,-0.061
7,B2_2,0.051,-0.229,-0.0,-0.045,-0.025,0.159,0.19,0.092,0.001,0.066,0.105,1.0,0.056,-0.049,-0.006,-0.034
7,B2_3,-0.065,0.005,-0.04,-0.075,-0.126,-0.128,0.062,-0.026,0.209,-0.026,0.03,0.056,1.0,-0.107,0.149,0.16
7,y1,-0.019,-0.151,0.054,-0.103,0.037,0.05,-0.022,-0.031,-0.086,0.018,0.144,-0.049,-0.107,1.0,-0.185,0.112
7,y2,-0.1,-0.104,-0.038,0.1,-0.105,0.072,-0.091,-0.092,0.194,-0.002,0.007,-0.006,0.149,-0.185,1.0,-0.077
7,y3,0.028,-0.215,0.035,0.126,0.182,0.104,-0.053,0.093,0.029,0.033,-0.061,-0.034,0.16,0.112,-0.077,1.0
8,.,1.0,0.082,-0.021,-0.06,0.201,-0.162,-0.193,0.039,0.034,0.087,-0.161,0.045,-0.068,-0.019,-0.1,0.028
8,A1_1,0.082,1.0,0.081,-0.04,-0.069,-0.02,-0.144,0.031,-0.009,-0.03,0.028,-0.23,0.004,-0.151,-0.104,-0.215
8,A1_2,-0.021,0.081,1.0,-0.055,-0.162,-0.093,-0.155,-0.038,-0.007,0.028,0.2,-0.001,-0.041,0.055,-0.037,0.036
8,A1_3,-0.06,-0.04,-0.055,1.0,-0.155,0.187,0.079,-0.133,0.282,0.093,0.08,-0.046,-0.076,-0.102,0.101,0.127
8,B1_1,0.201,-0.069,-0.162,-0.155,1.0,0.155,-0.059,0.128,-0.209,-0.082,-0.204,-0.022,-0.125,0.037,-0.106,0.18
8,B1_2,-0.162,-0.02,-0.093,0.187,0.155,1.0,-0.209,-0.271,0.079,0.006,-0.188,0.161,-0.127,0.05,0.071,0.103
8,B1_3,-0.193,-0.144,-0.155,0.079,-0.059,-0.209,1.0,0.227,-0.034,-0.173,0.138,0.193,0.064,-0.023,-0.092,-0.054
8,A2_1,0.039,0.031,-0.038,-0.133,0.128,-0.271,0.227,1.0,-0.147,-0.028,0.084,0.091,-0.026,-0.032,-0.092,0.092
8,A2_2,0.034,-0.009,-0.007,0.282,-0.209,0.079,-0.034,-0.147,1.0,0.136,0.074,-0.0,0.208,-0.086,0.194,0.03
8,A2_3,0.087,-0.03,0.028,0.093,-0.082,0.006,-0.173,-0.028,0.136,1.0,-0.061,0.065,-0.027,0.018,-0.002,0.033
8,B2_1,-0.161,0.028,0.2,0.08,-0.204,-0.188,0.138,0.084,0.074,-0.061,1.0,0.108,0.031,0.143,0.006,-0.062
8,B2_2,0.045,-0.23,-0.001,-0.046,-0.022,0.161,0.193,0.091,-0.0,0.065,0.108,1.0,0.059,-0.051,-0.009,-0.036
8,B2_3,-0.068,0.004,-0.041,-0.076,-0.125,-0.127,0.064,-0.026,0.208,-0.027,0.031,0.059,1.0,-0.105,0.149,0.16
8,y1,-0.019,-0.151,0.055,-0.102,0.037,0.05,-0.023,-0.032,-0.086,0.018,0.143,-0.051,-0.105,1.0,-0.183,0.113
8,y2,-0.1,-0.104,-0.037,0.101,-0.106,0.071,-0.092,-0.092,0.194,-0.002,0.006,-0.009,0.149,-0.183,1.0,-0.075
8,y3,0.028,-0.215,0.036,0.127,0.18,0.103,-0.054,0.092,0.03,0.033,-0.062,-0.036,0.16,0.113,-0.075,1.0
9,.,1.0,0.086,-0.019,-0.06,0.196,-0.166,-0.197,0.039,0.034,0.088,-0.165,0.038,-0.072,-0.02,-0.099,0.027
9,A1_1,0.086,1.0,0.083,-0.039,-0.07,-0.021,-0.146,0.032,-0.008,-0.029,0.026,-0.232,0.001,-0.151,-0.104,-0.214
9,A1_2,-0.019,0.083,1.0,-0.054,-0.163,-0.094,-0.156,-0.037,-0.006,0.029,0.199,-0.003,-0.043,0.055,-0.036,0.037
9,A1_3,-0.06,-0.039,-0.054,1.0,-0.156,0.186,0.078,-0.132,0.282,0.093,0.079,-0.047,-0.077,-0.102,0.102,0.127
9,B1_1,0.196,-0.07,-0.163,-0.156,1.0,0.157,-0.055,0.128,-0.209,-0.083,-0.201,-0.018,-0.123,0.036,-0.107,0.179
9,B1_2,-0.166,-0.021,-0.094,0.186,0.157,1.0,-0.205,-0.271,0.079,0.005,-0.185,0.164,-0.125,0.049,0.07,0.102
9,B1_3,-0.197,-0.146,-0.156,0.078,-0.055,-0.205,1.0,0.226,-0.035,-0.174,0.141,0.197,0.067,-0.024,-0.093,-0.056
9,A2_1,0.039,0.032,-0.037,-0.132,0.128,-0.271,0.226,1.0,-0.147,-0.028,0.084,0.09,-0.026,-0.033,-0.093,0.091
9,A2_2,0.034,-0.008,-0.006,0.282,-0.209,0.079,-0.035,-0.147,1.0,0.137,0.073,-0.001,0.207,-0.086,0.194,0.03
9,A2_3,0.088,-0.029,0.029,0.093,-0.083,0.005,-0.174,-0.028,0.137,1.0,-0.062,0.064,-0.028,0.018,-0.001,0.034
9,B2_1,-0.165,0.026,0.199,0.079,-0.201,-0.185,0.141,0.084,0.073,-0.062,1.0,0.111,0.033,0.141,0.004,-0.063
9,B2_2,0.038,-0.232,-0.003,-0.047,-0.018,0.164,0.197,0.09,-0.001,0.064,0.111,1.0,0.063,-0.053,-0.012,-0.039
9,B2_3,-0.072,0.001,-0.043,-0.077,-0.123,-0.125,0.067,-0.026,0.207,-0.028,0.033,0.063,1.0,-0.104,0.15,0.16
9,y1,-0.02,-0.151,0.055,-0.102,0.036,0.049,-0.024,-0.033,-0.086,0.018,0.141,-0.053,-0.104,1.0,-0.182,0.115
9,y2,-0.099,-0.104,-0.036,0.102,-0.107,0.07,-0.093,-0.093,0.194,-0.001,0.004,-0.012,0.15,-0.182,1.0,-0.073
9,y3,0.027,-0.214,0.037,0.127,0.179,0.102,-0.056,0.091,0.03,0.034,-0.063,-0.039,0.16,0.115,-0.073,1.0
10,.,1.0,0.09,-0.017,-0.059,0.189,-0.172,-0.203,0.04,0.034,0.089,-0.17,0.03,-0.077,-0.019,-0.097,0.027
10,A1_1,0.09,1.0,0.084,-0.038,-0.072,-0.023,-0.149,0.032,-0.007,-0.027,0.024,-0.233,-0.001,-0.151,-0.103,-0.213
10,A1_2,-0.017,0.084,1.0,-0.053,-0.165,-0.095,-0.158,-0.037,-0.005,0.03,0.197,-0.004,-0.045,0.056,-0.035,0.038
10,A1_3,-0.059,-0.038,-0.053,1.0,-0.157,0.185,0.076,-0.131,0.283,0.094,0.078,-0.048,-0.078,-0.101,0.103,0.128
10,B1_1,0.189,-0.072,-0.165,-0.157,1.0,0.16,-0.051,0.127,-0.209,-0.084,-0.198,-0.014,-0.121,0.034,-0.108,0.176
10,B1_2,-0.172,-0.023,-0.095,0.185,0.16,1.0,-0.201,-0.27,0.078,0.004,-0.182,0.168,-0.123,0.048,0.068,0.1
10,B1_3,-0.203,-0.149,-0.158,0.076,-0.051,-0.201,1.0,0.225,-0.036,-0.175,0.144,0.202,0.07,-0.025,-0.095,-0.057
10,A2_1,0.04,0.032,-0.037,-0.131,0.127,-0.27,0.225,1.0,-0.146,-0.027,0.083,0.089,-0.026,-0.034,-0.094,0.09
10,A2_2,0.034,-0.007,-0.005,0.283,-0.209,0.078,-0.036,-0.146,1.0,0.137,0.072,-0.002,0.206,-0.085,0.194,0.031
10,A2_3,0.089,-0.027,0.03,0.094,-0.084,0.004,-0.175,-0.027,0.137,1.0,-0.063,0.062,-0.03,0.019,-0.0,0.035
10,B2_1,-0.17,0.024,0.197,0.078,-0.198,-0.182,0.144,0.083,0.072,-0.063,1.0,0.115,0.035,0.14,0.002,-0.065
10,B2_2,0.03,-0.233,-0.004,-0.048,-0.014,0.168,0.202,0.089,-0.002,0.062,0.115,1.0,0.066,-0.056,-0.015,-0.042
10,B2_3,-0.077,-0.001,-0.045,-0.078,-0.121,-0.123,0.07,-0.026,0.206,-0.03,0.035,0.066,1.0,-0.103,0.151,0.16
10,y1,-0.019,-0.151,0.056,-0.101,0.034,0.048,-0.025,-0.034,-0.085,0.019,0.14,-0.056,-0.103,1.0,-0.18,0.117
10,y2,-0.097,-0.103,-0.035,0.103,-0.108,0.068,-0.095,-0.094,0.194,-0.0,0.002,-0.015,0.151,-0.18,1.0,-0.07
10,y3,0.027,-0.213,0.038,0.128,0.176,0.1,-0.057,0.09,0.031,0.035,-0.065,-0.042,0.16,0.117,-0.07,1.0
11,.,1.0,0.094,-0.014,-0.058,0.181,-0.178,-0.21,0.041,0.035,0.091,-0.176,0.02,-0.083,-0.018,-0.095,0.027
11,A1_1,0.094,1.0,0.085,-0.037,-0.075,-0.025,-0.151,0.033,-0.006,-0.026,0.022,-0.235,-0.004,-0.15,-0.103,-0.212
11,A1_2,-0.014,0.085,1.0,-0.052,-0.166,-0.096,-0.16,-0.036,-0.004,0.031,0.195,-0.006,-0.047,0.057,-0.034,0.039
11,A1_3,-0.058,-0.037,-0.052,1.0,-0.158,0.183,0.074,-0.131,0.284,0.095,0.077,-0.05,-0.079,-0.1,0.103,0.128
11,B1_1,0.181,-0.075,-0.166,-0.158,1.0,0.163,-0.046,0.126,-0.21,-0.085,-0.194,-0.009,-0.119,0.033,-0.11,0.174
11,B1_2,-0.178,-0.025,-0.096,0.183,0.163,1.0,-0.195,-0.27,0.077,0.002,-0.178,0.171,-0.12,0.047,0.067,0.098
11,B1_3,-0.21,-0.151,-0.16,0.074,-0.046,-0.195,1.0,0.223,-0.037,-0.177,0.148,0.207,0.074,-0.027,-0.097,-0.06
11,A2_1,0.041,0.033,-0.036,-0.131,0.126,-0.27,0.223,1.0,-0.145,-0.027,0.083,0.088,-0.026,-0.036,-0.095,0.089
11,A2_2,0.035,-0.006,-0.004,0.284,-0.21,0.077,-0.037,-0.145,1.0,0.138,0.071,-0.003,0.205,-0.085,0.195,0.031
11,A2_3,0.091,-0.026,0.031,0.095,-0.085,0.002,-0.177,-0.027,0.138,1.0,-0.064,0.06,-0.032,0.019,0.001,0.035
11,B2_1,-0.176,0.022,0.195,0.077,-0.194,-0.178,0.148,0.083,0.071,-0.064,1.0,0.12,0.038,0.138,0.0,-0.067
11,B2_2,0.02,-0.235,-0.006,-0.05,-0.009,0.171,0.207,0.088,-0.003,0.06,0.12,1.0,0.071,-0.059,-0.019,-0.046
11,B2_3,-0.083,-0.004,-0.047,-0.079,-0.119,-0.12,0.074,-0.026,0.205,-0.032,0.038,0.071,1.0,-0.102,0.151,0.159
11,y1,-0.018,-0.15,0.057,-0.1,0.033,0.047,-0.027,-0.036,-0.085,0.019,0.138,-0.059,-0.102,1.0,-0.178,0.119
11,y2,-0.095,-0.103,-0.034,0.103,-0.11,0.067,-0.097,-0.095,0.195,0.001,0.0,-0.019,0.151,-0.178,1.0,-0.067
11,y3,0.027,-0.212,0.039,0.128,0.174,0.098,-0.06,0.089,0.031,0.035,-0.067,-0.046,0.159,0.119,-0.067,1.0
12,.,1.0,0.099,-0.011,-0.057,0.172,-0.185,-0.218,0.042,0.035,0.093,-0.183,0.009,-0.09,-0.016,-0.092,0.028
12,A1_1,0.099,1.0,0.087,-0.035,-0.077,-0.027,-0.154,0.035,-0.004,-0.024,0.019,-0.237,-0.007,-0.149,-0.102,-0.211
12,A1_2,-0.011,0.087,1.0,-0.051,-0.168,-0.098,-0.162,-0.035,-0.003,0.032,0.192,-0.008,-0.049,0.058,-0.033,0.04
12,A1_3,-0.057,-0.035,-0.051,1.0,-0.159,0.182,0.071,-0.13,0.284,0.096,0.075,-0.051,-0.08,-0.099,0.104,0.129
12,B1_1,0.172,-0.077,-0.168,-0.159,1.0,0.166,-0.041,0.126,-0.211,-0.087,-0.19,-0.004,-0.116,0.031,-0.111,0.171
12,B1_2,-0.185,-0.027,-0.098,0.182,0.166,1.0,-0.189,-0.27,0.076,0.001,-0.173,0.176,-0.116,0.045,0.064,0.095
12,B1_3,-0.218,-0.154,-0.162,0.071,-0.041,-0.189,1.0,0.221,-0.039,-0.178,0.153,0.212,0.079,-0.029,-0.099,-0.062
12,A2_1,0.042,0.035,-0.035,-0.13,0.126,-0.27,0.221,1.0,-0.145,-0.026,0.083,0.087,-0.026,-0.037,-0.095,0.088
12,A2_2,0.035,-0.004,-0.003,0.284,-0.211,0.076,-0.039,-0.145,1.0,0.139,0.07,-0.005,0.203,-0.084,0.195,0.032
12,A2_3,0.093,-0.024,0.032,0.096,-0.087,0.001,-0.178,-0.026,0.139,1.0,-0.065,0.058,-0.034,0.02,0.002,0.036
12,B2_1,-0.183,0.019,0.192,0.075,-0.19,-0.173,0.153,0.083,0.07,-0.065,1.0,0.125,0.042,0.135,-0.002,-0.069
12,B2_2,0.009,-0.237,-0.008,-0.051,-0.004,0.176,0.212,0.087,-0.005,0.058,0.125,1.0,0.077,-0.063,-0.023,-0.05
12,B2_3,-0.09,-0.007,-0.049,-0.08,-0.116,-0.116,0.079,-0.026,0.203,-0.034,0.042,0.077,1.0,-0.101,0.15,0.158
12,y1,-0.016,-0.149,0.058,-0.099,0.031,0.045,-0.029,-0.037,-0.084,0.02,0.135,-0.063,-0.101,1.0,-0.175,0.122
12,y2,-0.092,-0.102,-0.033,0.104,-0.111,0.064,-0.099,-0.095,0.195,0.002,-0.002,-0.023,0.15,-0.175,1.0,-0.064
12,y3,0.028,-0.211,0.04,0.129,0.171,0.095,-0.062,0.088,0.032,0.036,-0.069,-0.05,0.158,0.122,-0.064,1.0
13,.,1.0,0.104,-0.008,-0.055,0.161,-0.193,-0.226,0.043,0.036,0.095,-0.191,-0.002,-0.099,-0.014,-0.088,0.029
13,A1_1,0.104,1.0,0.088,-0.034,-0.08,-0.029,-0.157,0.036,-0.002,-0.023,0.016,-0.239,-0.011,-0.149,-0.101,-0.21
13,A1_2,-0.008,0.088,1.0,-0.05,-0.17,-0.1,-0.164,-0.033,-0.002,0.033,0.189,-0.011,-0.052,0.059,-0.032,0.041
13,A1_3,-0.055,-0.034,-0.05,1.0,-0.16,0.18,0.069,-0.129,0.285,0.097,0.073,-0.053,-0.082,-0.098,0.105,0.13
13,B1_1,0.161,-0.08,-0.17,-0.16,1.0,0.17,-0.034,0.125,-0.212,-0.089,-0.185,0.002,-0.112,0.028,-0.114,0.167
13,B1_2,-0.193,-0.029,-0.1,0.18,0.17,1.0,-0.181,-0.27,0.074,-0.001,-0.167,0.181,-0.112,0.043,0.062,0.092
13,B1_3,-0.226,-0.157,-0.164,0.069,-0.034,-0.181,1.0,0.218,-0.041,-0.18,0.158,0.218,0.085,-0.032,-0.102,-0.065
13,A2_1,0.043,0.036,-0.033,-0.129,0.125,-0.27,0.218,1.0,-0.144,-0.025,0.082,0.085,-0.027,-0.038,-0.096,0.087
13,A2_2,0.036,-0.002,-0.002,0.285,-0.212,0.074,-0.041,-0.144,1.0,0.14,0.069,-0.007,0.201,-0.084,0.195,0.032
13,A2_3,0.095,-0.023,0.033,0.097,-0.089,-0.001,-0.18,-0.025,0.14,1.0,-0.067,0.055,-0.036,0.021,0.003,0.038
13,B2_1,-0.191,0.016,0.189,0.073,-0.185,-0.167,0.158,0.082,0.069,-0.067,1.0,0.131,0.046,0.132,-0.005,-0.072
13,B2_2,-0.002,-0.239,-0.011,-0.053,0.002,0.181,0.218,0.085,-0.007,0.055,0.131,1.0,0.083,-0.067,-0.028,-0.054
13,B2_3,-0.099,-0.011,-0.052,-0.082,-0.112,-0.112,0.085,-0.027,0.201,-0.036,0.046,0.083,1.0,-0.101,0.149,0.157
13,y1,-0.014,-0.149,0.059,-0.098,0.028,0.043,-0.032,-0.038,-0.084,0.021,0.132,-0.067,-0.101,1.0,-0.171,0.126
13,y2,-0.088,-0.101,-0.032,0.105,-0.114,0.062,-0.102,-0.096,0.195,0.003,-0.005,-0.028,0.149,-0.171,1.0,-0.06
13,y3,0.029,-0.21,0.041,0.13,0.167,0.092,-0.065,0.087,0.032,0.038,-0.072,-0.054,0.157,0.126,-0.06,1.0
14,.,1.0,0.109,-0.004,-0.054,0.149,-0.202,-0.236,0.044,0.037,0.097,-0.2,-0.015,-0.109,-0.01,-0.084,0.031
14,A1_1,0.109,1.0,0.09,-0.032,-0.084,-0.032,-0.16,0.037,-0.001,-0.021,0.012,-0.241,-0.015,-0.148,-0.1,-0.209
14,A1_2,-0.004,0.09,1.0,-0.048,-0.173,-0.102,-0.167,-0.032,-0.0,0.035,0.186,-0.013,-0.055,0.061,-0.03,0.043
14,A1_3,-0.054,-0.032,-0.048,1.0,-0.161,0.178,0.066,-0.127,0.286,0.098,0.071,-0.055,-0.084,-0.097,0.106,0.13
14,B1_1,0.149,-0.084,-0.173,-0.161,1.0,0.174,-0.027,0.123,-0.213,-0.092,-0.179,0.009,-0.108,0.026,-0.116,0.163
14,B1_2,-0.202,-0.032,-0.102,0.178,0.174,1.0,-0.173,-0.27,0.072,-0.004,-0.16,0.186,-0.106,0.04,0.058,0.089
14,B1_3,-0.236,-0.16,-0.167,0.066,-0.027,-0.173,1.0,0.216,-0.043,-0.183,0.165,0.225,0.093,-0.036,-0.106,-0.069
14,A2_1,0.044,0.037,-0.032,-0.127,0.123,-0.27,0.216,1.0,-0.143,-0.023,0.081,0.083,-0.027,-0.04,-0.097,0.086
14,A2_2,0.037,-0.001,-0.0,0.286,-0.213,0.072,-0.043,-0.143,1.0,0.142,0.067,-0.009,0.199,-0.083,0.196,0.033
14,A2_3,0.097,-0.021,0.035,0.098,-0.092,-0.004,-0.183,-0.023,0.142,1.0,-0.07,0.052,-0.04,0.022,0.004,0.039
14,B2_1,-0.2,0.012,0.186,0.071,-0.179,-0.16,0.165,0.081,0.067,-0.07,1.0,0.137,0.052,0.128,-0.009,-0.075
14,B2_2,-0.015,-0.241,-0.013,-0.055,0.009,0.186,0.225,0.083,-0.009,0.052,0.137,1.0,0.09,-0.072,-0.034,-0.059
14,B2_3,-0.109,-0.015,-0.055,-0.084,-0.108,-0.106,0.093,-0.027,0.199,-0.04,0.052,0.09,1.0,-0.101,0.148,0.155
14,y1,-0.01,-0.148,0.061,-0.097,0.026,0.04,-0.036,-0.04,-0.083,0.022,0.128,-0.072,-0.101,1.0,-0.167,0.13
14,y2,-0.084,-0.1,-0.03,0.106,-0.116,0.058,-0.106,-0.097,0.196,0.004,-0.009,-0.034,0.148,-0.167,1.0,-0.056
14,y3,0.031,-0.209,0.043,0.13,0.163,0.089,-0.069,0.086,0.033,0.039,-0.075,-0.059,0.155,0.13,-0.056,1.0
15,.,1.0,0.114,-0.0,-0.051,0.135,-0.212,-0.247,0.046,0.039,0.1,-0.21,-0.029,-0.121,-0.006,-0.079,0.034
15,A1_1,0.114,1.0,0.092,-0.03,-0.087,-0.035,-0.163,0.039,0.002,-0.018,0.009,-0.244,-0.019,-0.147,-0.099,-0.207
15,A1_2,-0.0,0.092,1.0,-0.047,-0.176,-0.104,-0.17,-0.03,0.002,0.037,0.182,-0.017,-0.059,0.062,-0.029,0.045
15,A1_3,-0.051,-0.03,-0.047,1.0,-0.163,0.175,0.063,-0.126,0.287,0.1,0.069,-0.057,-0.086,-0.096,0.108,0.131
15,B1_1,0.135,-0.087,-0.176,-0.163,1.0,0.179,-0.018,0.122,-0.215,-0.095,-0.172,0.016,-0.102,0.022,-0.119,0.159
15,B1_2,-0.212,-0.035,-0.104,0.175,0.179,1.0,-0.163,-0.27,0.07,-0.007,-0.152,0.193,-0.099,0.037,0.055,0.085
15,B1_3,-0.247,-0.163,-0.17,0.063,-0.018,-0.163,1.0,0.212,-0.046,-0.185,0.172,0.233,0.101,-0.04,-0.11,-0.073
15,A2_1,0.046,0.039,-0.03,-0.126,0.122,-0.27,0.212,1.0,-0.141,-0.022,0.08,0.081,-0.028,-0.041,-0.098,0.085
15,A2_2,0.039,0.002,0.002,0.287,-0.215,0.07,-0.046,-0.141,1.0,0.143,0.064,-0.011,0.195,-0.081,0.196,0.034
15,A2_3,0.1,-0.018,0.037,0.1,-0.095,-0.007,-0.185,-0.022,0.143,1.0,-0.072,0.049,-0.043,0.024,0.006,0.04
15,B2_1,-0.21,0.009,0.182,0.069,-0.172,-0.152,0.172,0.08,0.064,-0.072,1.0,0.145,0.058,0.124,-0.013,-0.079
15,B2_2,-0.029,-0.244,-0.017,-0.057,0.016,0.193,0.233,0.081,-0.011,0.049,0.145,1.0,0.098,-0.077,-0.04,-0.065
15,B2_3,-0.121,-0.019,-0.059,-0.086,-0.102,-0.099,0.101,-0.028,0.195,-0.043,0.058,0.098,1.0,-0.101,0.146,0.152
15,y1,-0.006,-0.147,0.062,-0.096,0.022,0.037,-0.04,-0.041,-0.081,0.024,0.124,-0.077,-0.101,1.0,-0.162,0.134
15,y2,-0.079,-0.099,-0.029,0.108,-0.119,0.055,-0.11,-0.098,0.196,0.006,-0.013,-0.04,0.146,-0.162,1.0,-0.05
15,y3,0.034,-0.207,0.045,0.131,0.159,0.085,-0.073,0.085,0.034,0.04,-0.079,-0.065,0.152,0.134,-0.05,1.0
16,.,1.0,0.12,0.004,-0.049,0.121,-0.222,-0.258,0.049,0.04,0.103,-0.222,-0.043,-0.134,-0.001,-0.072,0.037
16,A1_1,0.12,1.0,0.095,-0.028,-0.091,-0.039,-0.167,0.041,0.004,-0.016,0.004,-0.247,-0.024,-0.146,-0.098,-0.205
16,A1_2,0.004,0.095,1.0,-0.045,-0.179,-0.107,-0.173,-0.028,0.004,0.039,0.178,-0.02,-0.063,0.064,-0.027,0.046
16,A1_3,-0.049,-0.028,-0.045,1.0,-0.165,0.172,0.059,-0.125,0.289,0.102,0.066,-0.059,-0.088,-0.094,0.109,0.132
16,B1_1,0.121,-0.091,-0.179,-0.165,1.0,0.185,-0.009,0.12,-0.216,-0.098,-0.164,0.025,-0.095,0.018,-0.122,0.153
16,B1_2,-0.222,-0.039,-0.107,0.172,0.185,1.0,-0.152,-0.27,0.068,-0.01,-0.143,0.2,-0.091,0.033,0.05,0.08
16,B1_3,-0.258,-0.167,-0.173,0.059,-0.009,-0.152,1.0,0.208,-0.048,-0.188,0.18,0.242,0.111,-0.045,-0.115,-0.078
16,A2_1,0.049,0.041,-0.028,-0.125,0.12,-0.27,0.208,1.0,-0.14,-0.02,0.078,0.078,-0.029,-0.043,-0.098,0.084
16,A2_2,0.04,0.004,0.004,0.289,-0.216,0.068,-0.048,-0.14,1.0,0.145,0.062,-0.014,0.192,-0.08,0.197,0.035
16,A2_3,0.103,-0.016,0.039,0.102,-0.098,-0.01,-0.188,-0.02,0.145,1.0,-0.075,0.046,-0.047,0.026,0.008,0.042
16,B2_1,-0.222,0.004,0.178,0.066,-0.164,-0.143,0.18,0.078,0.062,-0.075,1.0,0.153,0.066,0.119,-0.018,-0.083
16,B2_2,-0.043,-0.247,-0.02,-0.059,0.025,0.2,0.242,0.078,-0.014,0.046,0.153,1.0,0.108,-0.083,-0.047,-0.071
16,B2_3,-0.134,-0.024,-0.063,-0.088,-0.095,-0.091,0.111,-0.029,0.192,-0.047,0.066,0.108,1.0,-0.102,0.143,0.148
16,y1,-0.001,-0.146,0.064,-0.094,0.018,0.033,-0.045,-0.043,-0.08,0.026,0.119,-0.083,-0.102,1.0,-0.156,0.139
16,y2,-0.072,-0.098,-0.027,0.109,-0.122,0.05,-0.115,-0.098,0.197,0.008,-0.018,-0.047,0.143,-0.156,1.0,-0.044
16,y3,0.037,-0.205,0.046,0.132,0.153,0.08,-0.078,0.084,0.035,0.042,-0.083,-0.071,0.148,0.139,-0.044,1.0
17,.,1.0,0.125,0.008,-0.046,0.105,-0.234,-0.27,0.052,0.043,0.106,-0.234,-0.058,-0.149,0.006,-0.065,0.041
17,A1_1,0.125,1.0,0.097,-0.025,-0.096,-0.043,-0.171,0.043,0.007,-0.013,-0.0,-0.25,-0.03,-0.144,-0.096,-0.203
17,A1_2,0.008,0.097,1.0,-0.043,-0.182,-0.11,-0.176,-0.026,0.006,0.042,0.173,-0.023,-0.067,0.065,-0.024,0.048
17,A1_3,-0.046,-0.025,-0.043,1.0,-0.167,0.169,0.055,-0.123,0.29,0.104,0.063,-0.062,-0.091,-0.092,0.111,0.133
17,B1_1,0.105,-0.096,-0.182,-0.167,1.0,0.192,0.002,0.118,-0.218,-0.102,-0.154,0.035,-0.086,0.014,-0.126,0.147
17,B1_2,-0.234,-0.043,-0.11,0.169,0.192,1.0,-0.14,-0.271,0.065,-0.013,-0.133,0.207,-0.081,0.028,0.045,0.074
17,B1_3,-0.27,-0.171,-0.176,0.055,0.002,-0.14,1.0,0.204,-0.052,-0.191,0.19,0.251,0.122,-0.05,-0.12,-0.083
17,A2_1,0.052,0.043,-0.026,-0.123,0.118,-0.271,0.204,1.0,-0.138,-0.018,0.076,0.075,-0.031,-0.044,-0.099,0.082
17,A2_2,0.043,0.007,0.006,0.29,-0.218,0.065,-0.052,-0.138,1.0,0.147,0.058,-0.017,0.187,-0.078,0.198,0.037
17,A2_3,0.106,-0.013,0.042,0.104,-0.102,-0.013,-0.191,-0.018,0.147,1.0,-0.079,0.041,-0.052,0.028,0.01,0.044
17,B2_1,-0.234,-0.0,0.173,0.063,-0.154,-0.133,0.19,0.076,0.058,-0.079,1.0,0.162,0.075,0.112,-0.024,-0.088
17,B2_2,-0.058,-0.25,-0.023,-0.062,0.035,0.207,0.251,0.075,-0.017,0.041,0.162,1.0,0.119,-0.09,-0.055,-0.078
17,B2_3,-0.149,-0.03,-0.067,-0.091,-0.086,-0.081,0.122,-0.031,0.187,-0.052,0.075,0.119,1.0,-0.104,0.139,0.143
17,y1,0.006,-0.144,0.065,-0.092,0.014,0.028,-0.05,-0.044,-0.078,0.028,0.112,-0.09,-0.104,1.0,-0.149,0.145
17,y2,-0.065,-0.096,-0.024,0.111,-0.126,0.045,-0.12,-0.099,0.198,0.01,-0.024,-0.055,0.139,-0.149,1.0,-0.037
17,y3,0.041,-0.203,0.048,0.133,0.147,0.074,-0.083,0.082,0.037,0.044,-0.088,-0.078,0.143,0.145,-0.037,1.0
18,.,1.0,0.131,0.013,-0.043,0.087,-0.245,-0.282,0.055,0.045,0.109,-0.247,-0.073,-0.165,0.013,-0.057,0.046
18,A1_1,0.131,1.0,0.1,-0.023,-0.101,-0.047,-0.175,0.045,0.01,-0.01,-0.005,-0.253,-0.036,-0.142,-0.094,-0.201
18,A1_2,0.013,0.1,1.0,-0.04,-0.186,-0.113,-0.18,-0.024,0.008,0.044,0.168,-0.027,-0.072,0.067,-0.022,0.05
18,A1_3,-0.043,-0.023,-0.04,1.0,-0.169,0.165,0.05,-0.121,0.292,0.106,0.059,-0.064,-0.094,-0.09,0.112,0.134
18,B1_1,0.087,-0.101,-0.186,-0.169,1.0,0.2,0.014,0.115,-0.221,-0.106,-0.143,0.046,-0.076,0.008,-0.131,0.14
18,B1_2,-0.245,-0.047,-0.113,0.165,0.2,1.0,-0.127,-0.271,0.061,-0.017,-0.122,0.216,-0.07,0.022,0.039,0.068
18,B1_3,-0.282,-0.175,-0.18,0.05,0.014,-0.127,1.0,0.199,-0.055,-0.194,0.2,0.261,0.134,-0.057,-0.126,-0.089
18,A2_1,0.055,0.045,-0.024,-0.121,0.115,-0.271,0.199,1.0,-0.136,-0.016,0.074,0.072,-0.033,-0.045,-0.099,0.081
18,A2_2,0.045,0.01,0.008,0.292,-0.221,0.061,-0.055,-0.136,1.0,0.149,0.055,-0.02,0.182,-0.076,0.199,0.038
18,A2_3,0.109,-0.01,0.044,0.106,-0.106,-0.017,-0.194,-0.016,0.149,1.0,-0.082,0.037,-0.057,0.03,0.013,0.046
18,B2_1,-0.247,-0.005,0.168,0.059,-0.143,-0.122,0.2,0.074,0.055,-0.082,1.0,0.172,0.086,0.105,-0.03,-0.093
18,B2_2,-0.073,-0.253,-0.027,-0.064,0.046,0.216,0.261,0.072,-0.02,0.037,0.172,1.0,0.131,-0.098,-0.063,-0.085
18,B2_3,-0.165,-0.036,-0.072,-0.094,-0.076,-0.07,0.134,-0.033,0.182,-0.057,0.086,0.131,1.0,-0.107,0.133,0.138
18,y1,0.013,-0.142,0.067,-0.09,0.008,0.022,-0.057,-0.045,-0.076,0.03,0.105,-0.098,-0.107,1.0,-0.141,0.152
18,y2,-0.057,-0.094,-0.022,0.112,-0.131,0.039,-0.126,-0.099,0.199,0.013,-0.03,-0.063,0.133,-0.141,1.0,-0.03
18,y3,0.046,-0.201,0.05,0.134,0.14,0.068,-0.089,0.081,0.038,0.046,-0.093,-0.085,0.138,0.152,-0.03,1.0
19,.,1.0,0.136,0.017,-0.04,0.069,-0.257,-0.294,0.059,0.048,0.112,-0.26,-0.087,-0.182,0.02,-0.049,0.05
19,A1_1,0.136,1.0,0.103,-0.019,-0.106,-0.051,-0.18,0.048,0.013,-0.007,-0.011,-0.256,-0.043,-0.141,-0.092,-0.199
19,A1_2,0.017,0.103,1.0,-0.038,-0.19,-0.116,-0.183,-0.021,0.011,0.047,0.162,-0.032,-0.078,0.07,-0.019,0.052
19,A1_3,-0.04,-0.019,-0.038,1.0,-0.172,0.161,0.045,-0.119,0.294,0.108,0.055,-0.068,-0.098,-0.088,0.114,0.135
19,B1_1,0.069,-0.106,-0.19,-0.172,1.0,0.209,0.027,0.111,-0.223,-0.11,-0.131,0.057,-0.065,0.002,-0.136,0.133
19,B1_2,-0.257,-0.051,-0.116,0.161,0.209,1.0,-0.113,-0.272,0.057,-0.021,-0.11,0.224,-0.058,0.016,0.032,0.062
19,B1_3,-0.294,-0.18,-0.183,0.045,0.027,-0.113,1.0,0.194,-0.059,-0.198,0.211,0.271,0.148,-0.064,-0.133,-0.096
19,A2_1,0.059,0.048,-0.021,-0.119,0.111,-0.272,0.194,1.0,-0.134,-0.013,0.071,0.068,-0.035,-0.047,-0.099,0.08
19,A2_2,0.048,0.013,0.011,0.294,-0.223,0.057,-0.059,-0.134,1.0,0.151,0.051,-0.024,0.176,-0.074,0.2,0.04
19,A2_3,0.112,-0.007,0.047,0.108,-0.11,-0.021,-0.198,-0.013,0.151,1.0,-0.086,0.033,-0.063,0.032,0.015,0.048
19,B2_1,-0.26,-0.011,0.162,0.055,-0.131,-0.11,0.211,0.071,0.051,-0.086,1.0,0.183,0.097,0.097,-0.038,-0.099
19,B2_2,-0.087,-0.256,-0.032,-0.068,0.057,0.224,0.271,0.068,-0.024,0.033,0.183,1.0,0.143,-0.106,-0.072,-0.092
19,B2_3,-0.182,-0.043,-0.078,-0.098,-0.065,-0.058,0.148,-0.035,0.176,-0.063,0.097,0.143,1.0,-0.11,0.127,0.131
19,y1,0.02,-0.141,0.07,-0.088,0.002,0.016,-0.064,-0.047,-0.074,0.032,0.097,-0.106,-0.11,1.0,-0.132,0.16
19,y2,-0.049,-0.092,-0.019,0.114,-0.136,0.032,-0.133,-0.099,0.2,0.015,-0.038,-0.072,0.127,-0.132,1.0,-0.021
19,y3,0.05,-0.199,0.052,0.135,0.133,0.062,-0.096,0.08,0.04,0.048,-0.099,-0.092,0.131,0.16,-0.021,1.0
20,.,1.0,0.141,0.022,-0.037,0.05,-0.269,-0.305,0.064,0.05,0.115,-0.274,-0.101,-0.199,0.027,-0.041,0.055
20,A1_1,0.141,1.0,0.107,-0.016,-0.112,-0.055,-0.184,0.051,0.016,-0.003,-0.016,-0.259,-0.049,-0.139,-0.091,-0.197
20,A1_2,0.022,0.107,1.0,-0.035,-0.195,-0.12,-0.187,-0.019,0.014,0.05,0.156,-0.036,-0.084,0.072,-0.016,0.055
20,A1_3,-0.037,-0.016,-0.035,1.0,-0.175,0.156,0.04,-0.117,0.296,0.111,0.051,-0.071,-0.102,-0.085,0.116,0.136
20,B1_1,0.05,-0.112,-0.195,-0.175,1.0,0.219,0.041,0.107,-0.226,-0.115,-0.117,0.07,-0.052,-0.006,-0.142,0.124
20,B1_2,-0.269,-0.055,-0.12,0.156,0.219,1.0,-0.099,-0.274,0.053,-0.025,-0.097,0.234,-0.045,0.01,0.025,0.055
20,B1_3,-0.305,-0.184,-0.187,0.04,0.041,-0.099,1.0,0.188,-0.063,-0.201,0.222,0.281,0.162,-0.072,-0.141,-0.102
20,A2_1,0.064,0.051,-0.019,-0.117,0.107,-0.274,0.188,1.0,-0.132,-0.01,0.067,0.064,-0.038,-0.048,-0.1,0.079
20,A2_2,0.05,0.016,0.014,0.296,-0.226,0.053,-0.063,-0.132,1.0,0.154,0.046,-0.028,0.169,-0.072,0.201,0.041
20,A2_3,0.115,-0.003,0.05,0.111,-0.115,-0.025,-0.201,-0.01,0.154,1.0,-0.091,0.028,-0.069,0.035,0.018,0.05
20,B2_1,-0.274,-0.016,0.156,0.051,-0.117,-0.097,0.222,0.067,0.046,-0.091,1.0,0.194,0.11,0.088,-0.045,-0.105
20,B2_2,-0.101,-0.259,-0.036,-0.071,0.07,0.234,0.281,0.064,-0.028,0.028,0.194,1.0,0.157,-0.114,-0.082,-0.1
20,B2_3,-0.199,-0.049,-0.084,-0.102,-0.052,-0.045,0.162,-0.038,0.169,-0.069,0.11,0.157,1.0,-0.114,0.12,0.124
20,y1,0.027,-0.139,0.072,-0.085,-0.006,0.01,-0.072,-0.048,-0.072,0.035,0.088,-0.114,-0.114,1.0,-0.122,0.168
20,y2,-0.041,-0.091,-0.016,0.116,-0.142,0.025,-0.141,-0.1,0.201,0.018,-0.045,-0.082,0.12,-0.122,1.0,-0.011
20,y3,0.055,-0.197,0.055,0.136,0.124,0.055,-0.102,0.079,0.041,0.05,-0.105,-0.1,0.124,0.168,-0.011,1.0
21,.,1.0,0.146,0.026,-0.034,0.032,-0.28,-0.316,0.068,0.053,0.117,-0.287,-0.114,-0.216,0.034,-0.032,0.058
21,A1_1,0.146,1.0,0.11,-0.013,-0.118,-0.06,-0.188,0.054,0.02,0.0,-0.022,-0.262,-0.056,-0.137,-0.089,-0.195
21,A1_2,0.026,0.11,1.0,-0.032,-0.199,-0.124,-0.191,-0.015,0.017,0.053,0.149,-0.04,-0.089,0.074,-0.014,0.056
21,A1_3,-0.034,-0.013,-0.032,1.0,-0.178,0.151,0.035,-0.114,0.298,0.114,0.047,-0.074,-0.106,-0.082,0.118,0.137
21,B1_1,0.032,-0.118,-0.199,-0.178,1.0,0.229,0.056,0.103,-0.229,-0.121,-0.103,0.083,-0.037,-0.013,-0.149,0.115
21,B1_2,-0.28,-0.06,-0.124,0.151,0.229,1.0,-0.084,-0.275,0.049,-0.03,-0.084,0.243,-0.03,0.003,0.018,0.048
21,B1_3,-0.316,-0.188,-0.191,0.035,0.056,-0.084,1.0,0.181,-0.068,-0.205,0.234,0.291,0.177,-0.079,-0.148,-0.109
21,A2_1,0.068,0.054,-0.015,-0.114,0.103,-0.275,0.181,1.0,-0.129,-0.007,0.064,0.059,-0.041,-0.048,-0.1,0.078
21,A2_2,0.053,0.02,0.017,0.298,-0.229,0.049,-0.068,-0.129,1.0,0.157,0.042,-0.032,0.162,-0.069,0.202,0.043
21,A2_3,0.117,0.0,0.053,0.114,-0.121,-0.03,-0.205,-0.007,0.157,1.0,-0.095,0.024,-0.075,0.037,0.021,0.052
21,B2_1,-0.287,-0.022,0.149,0.047,-0.103,-0.084,0.234,0.064,0.042,-0.095,1.0,0.205,0.124,0.079,-0.054,-0.112
21,B2_2,-0.114,-0.262,-0.04,-0.074,0.083,0.243,0.291,0.059,-0.032,0.024,0.205,1.0,0.171,-0.123,-0.092,-0.108
21,B2_3,-0.216,-0.056,-0.089,-0.106,-0.037,-0.03,0.177,-0.041,0.162,-0.075,0.124,0.171,1.0,-0.118,0.112,0.116
21,y1,0.034,-0.137,0.074,-0.082,-0.013,0.003,-0.079,-0.048,-0.069,0.037,0.079,-0.123,-0.118,1.0,-0.111,0.178
21,y2,-0.032,-0.089,-0.014,0.118,-0.149,0.018,-0.148,-0.1,0.202,0.021,-0.054,-0.092,0.112,-0.111,1.0,-0.001
21,y3,0.058,-0.195,0.056,0.137,0.115,0.048,-0.109,0.078,0.043,0.052,-0.112,-0.108,0.116,0.178,-0.001,1.0
22,.,1.0,0.15,0.029,-0.031,0.014,-0.291,-0.325,0.073,0.056,0.119,-0.299,-0.125,-0.232,0.041,-0.024,0.062
22,A1_1,0.15,1.0,0.113,-0.009,-0.124,-0.064,-0.193,0.057,0.024,0.004,-0.028,-0.265,-0.063,-0.135,-0.087,-0.193
22,A1_2,0.029,0.113,1.0,-0.029,-0.204,-0.127,-0.194,-0.012,0.021,0.056,0.143,-0.044,-0.095,0.076,-0.011,0.058
22,A1_3,-0.031,-0.009,-0.029,1.0,-0.181,0.146,0.03,-0.111,0.3,0.117,0.042,-0.077,-0.11,-0.079,0.12,0.138
22,B1_1,0.014,-0.124,-0.204,-0.181,1.0,0.239,0.071,0.098,-0.233,-0.126,-0.088,0.097,-0.022,-0.021,-0.156,0.106
22,B1_2,-0.291,-0.064,-0.127,0.146,0.239,1.0,-0.07,-0.277,0.044,-0.034,-0.07,0.252,-0.016,-0.004,0.01,0.041
22,B1_3,-0.325,-0.193,-0.194,0.03,0.071,-0.07,1.0,0.175,-0.072,-0.208,0.245,0.301,0.192,-0.087,-0.156,-0.115
22,A2_1,0.073,0.057,-0.012,-0.111,0.098,-0.277,0.175,1.0,-0.126,-0.004,0.06,0.055,-0.045,-0.049,-0.099,0.077
22,A2_2,0.056,0.024,0.021,0.3,-0.233,0.044,-0.072,-0.126,1.0,0.16,0.037,-0.036,0.155,-0.066,0.203,0.045
22,A2_3,0.119,0.004,0.056,0.117,-0.126,-0.034,-0.208,-0.004,0.16,1.0,-0.1,0.019,-0.082,0.04,0.024,0.054
22,B2_1,-0.299,-0.028,0.143,0.042,-0.088,-0.07,0.245,0.06,0.037,-0.1,1.0,0.216,0.137,0.07,-0.062,-0.118
22,B2_2,-0.125,-0.265,-0.044,-0.077,0.097,0.252,0.301,0.055,-0.036,0.019,0.216,1.0,0.185,-0.131,-0.101,-0.115
22,B2_3,-0.232,-0.063,-0.095,-0.11,-0.022,-0.016,0.192,-0.045,0.155,-0.082,0.137,0.185,1.0,-0.123,0.103,0.108
22,y1,0.041,-0.135,0.076,-0.079,-0.021,-0.004,-0.087,-0.049,-0.066,0.04,0.07,-0.131,-0.123,1.0,-0.099,0.187
22,y2,-0.024,-0.087,-0.011,0.12,-0.156,0.01,-0.156,-0.099,0.203,0.024,-0.062,-0.101,0.103,-0.099,1.0,0.01
22,y3,0.062,-0.193,0.058,0.138,0.106,0.041,-0.115,0.077,0.045,0.054,-0.118,-0.115,0.108,0.187,0.01,1.0
23,.,1.0,0.154,0.032,-0.028,-0.002,-0.3,-0.333,0.078,0.059,0.12,-0.31,-0.135,-0.248,0.045,-0.017,0.065
23,A1_1,0.154,1.0,0.117,-0.005,-0.13,-0.069,-0.196,0.061,0.028,0.008,-0.033,-0.268,-0.07,-0.134,-0.086,-0.191
23,A1_2,0.032,0.117,1.0,-0.025,-0.208,-0.131,-0.198,-0.009,0.024,0.059,0.137,-0.047,-0.101,0.077,-0.008,0.06
23,A1_3,-0.028,-0.005,-0.025,1.0,-0.185,0.142,0.025,-0.108,0.302,0.12,0.037,-0.081,-0.115,-0.077,0.122,0.139
23,B1_1,-0.002,-0.13,-0.208,-0.185,1.0,0.249,0.085,0.093,-0.236,-0.131,-0.073,0.109,-0.006,-0.029,-0.162,0.097
23,B1_2,-0.3,-0.069,-0.131,0.142,0.249,1.0,-0.056,-0.279,0.039,-0.038,-0.057,0.26,-0.002,-0.011,0.002,0.035
23,B1_3,-0.333,-0.196,-0.198,0.025,0.085,-0.056,1.0,0.168,-0.077,-0.211,0.256,0.31,0.207,-0.094,-0.163,-0.121
23,A2_1,0.078,0.061,-0.009,-0.108,0.093,-0.279,0.168,1.0,-0.122,-0.0,0.056,0.05,-0.049,-0.05,-0.099,0.076
23,A2_2,0.059,0.028,0.024,0.302,-0.236,0.039,-0.077,-0.122,1.0,0.163,0.031,-0.04,0.147,-0.064,0.204,0.046
23,A2_3,0.12,0.008,0.059,0.12,-0.131,-0.038,-0.211,-0.0,0.163,1.0,-0.103,0.016,-0.088,0.041,0.026,0.055
23,B2_1,-0.31,-0.033,0.137,0.037,-0.073,-0.057,0.256,0.056,0.031,-0.103,1.0,0.227,0.151,0.06,-0.071,-0.124
23,B2_2,-0.135,-0.268,-0.047,-0.081,0.109,0.26,0.31,0.05,-0.04,0.016,0.227,1.0,0.199,-0.14,-0.111,-0.123
23,B2_3,-0.248,-0.07,-0.101,-0.115,-0.006,-0.002,0.207,-0.049,0.147,-0.088,0.151,0.199,1.0,-0.127,0.095,0.1
23,y1,0.045,-0.134,0.077,-0.077,-0.029,-0.011,-0.094,-0.05,-0.064,0.041,0.06,-0.14,-0.127,1.0,-0.086,0.197
23,y2,-0.017,-0.086,-0.008,0.122,-0.162,0.002,-0.163,-0.099,0.204,0.026,-0.071,-0.111,0.095,-0.086,1.0,0.022
23,y3,0.065,-0.191,0.06,0.139,0.097,0.035,-0.121,0.076,0.046,0.055,-0.124,-0.123,0.1,0.197,0.022,1.0
24,.,1.0,0.157,0.034,-0.026,-0.017,-0.309,-0.34,0.083,0.061,0.122,-0.32,-0.143,-0.262,0.049,-0.012,0.066
24,A1_1,0.157,1.0,0.12,-0.001,-0.135,-0.072,-0.2,0.065,0.032,0.012,-0.038,-0.27,-0.076,-0.134,-0.085,-0.19
24,A1_2,0.034,0.12,1.0,-0.022,-0.213,-0.134,-0.201,-0.005,0.028,0.063,0.131,-0.051,-0.107,0.078,-0.006,0.061
24,A1_3,-0.026,-0.001,-0.022,1.0,-0.188,0.137,0.02,-0.105,0.305,0.123,0.033,-0.084,-0.119,-0.074,0.123,0.14
