,,.,A1_1,A1_2,A1_3,B1_1,B1_2,B1_3,A2_1,A2_2,A2_3,B2_1,B2_2,B2_3,y1,y2,y3
1,.,1.0,0.076,0.027,-0.12,0.193,-0.016,-0.057,-0.177,-0.083,-0.013,-0.328,0.077,-0.241,0.214,0.36,-0.016
1,A1_1,0.076,1.0,-0.088,-0.117,-0.003,-0.121,0.014,0.14,0.038,0.213,-0.108,0.037,-0.04,-0.106,0.069,0.212
1,A1_2,0.027,-0.088,1.0,-0.148,-0.104,0.041,-0.074,0.211,0.007,0.021,-0.025,-0.047,0.142,-0.075,0.107,-0.328
1,A1_3,-0.12,-0.117,-0.148,1.0,-0.197,-0.205,-0.032,0.027,0.104,-0.063,0.059,0.038,0.043,0.124,-0.012,0.15
1,B1_1,0.193,-0.003,-0.104,-0.197,1.0,0.038,0.091,-0.074,0.066,-0.154,-0.016,0.096,-0.306,0.103,-0.072,-0.059
1,B1_2,-0.016,-0.121,0.041,-0.205,0.038,1.0,-0.095,-0.013,-0.037,-0.026,-0.046,-0.064,-0.012,0.01,-0.027,-0.174
1,B1_3,-0.057,0.014,-0.074,-0.032,0.091,-0.095,1.0,-0.006,-0.051,0.126,0.042,0.025,0.035,-0.079,-0.169,-0.072
1,A2_1,-0.177,0.14,0.211,0.027,-0.074,-0.013,-0.006,1.0,-0.144,-0.035,0.075,0.049,-0.015,-0.142,-0.039,-0.053
1,A2_2,-0.083,0.038,0.007,0.104,0.066,-0.037,-0.051,-0.144,1.0,0.075,0.032,-0.077,-0.148,-0.103,-0.101,0.194
1,A2_3,-0.013,0.213,0.021,-0.063,-0.154,-0.026,0.126,-0.035,0.075,1.0,-0.186,0.107,0.225,0.039,0.007,0.11
1,B2_1,-0.328,-0.108,-0.025,0.059,-0.016,-0.046,0.042,0.075,0.032,-0.186,1.0,0.119,-0.067,-0.088,-0.1,0.058
1,B2_2,0.077,0.037,-0.047,0.038,0.096,-0.064,0.025,0.049,-0.077,0.107,0.119,1.0,-0.219,0.022,0.157,-0.007
1,B2_3,-0.241,-0.04,0.142,0.043,-0.306,-0.012,0.035,-0.015,-0.148,0.225,-0.067,-0.219,1.0,-0.214,-0.27,0.069
1,y1,0.214,-0.106,-0.075,0.124,0.103,0.01,-0.079,-0.142,-0.103,0.039,-0.088,0.022,-0.214,1.0,0.094,0.166
1,y2,0.36,0.069,0.107,-0.012,-0.072,-0.027,-0.169,-0.039,-0.101,0.007,-0.1,0.157,-0.27,0.094,1.0,-0.094
1,y3,-0.016,0.212,-0.328,0.15,-0.059,-0.174,-0.072,-0.053,0.194,0.11,0.058,-0.007,0.069,0.166,-0.094,1.0
2,.,1.0,0.072,0.015,-0.131,0.191,-0.002,-0.064,-0.162,-0.099,0.006,-0.347,0.074,-0.243,0.247,0.348,-0.001
2,A1_1,0.072,1.0,-0.085,-0.115,-0.007,-0.132,0.011,0.14,0.039,0.209,-0.117,0.024,-0.051,-0.108,0.064,0.208
2,A1_2,0.015,-0.085,1.0,-0.142,-0.109,0.029,-0.079,0.213,0.011,0.02,-0.036,-0.06,0.13,-0.076,0.102,-0.33
2,A1_3,-0.131,-0.115,-0.142,1.0,-0.188,-0.202,-0.023,0.029,0.106,-0.065,0.062,0.038,0.045,0.118,-0.021,0.141
2,B1_1,0.191,-0.007,-0.109,-0.188,1.0,0.041,0.083,-0.074,0.081,-0.166,-0.013,0.102,-0.307,0.096,-0.073,-0.063
2,B1_2,-0.002,-0.132,0.029,-0.202,0.041,1.0,-0.105,-0.02,-0.027,-0.044,-0.043,-0.056,-0.012,0.004,-0.027,-0.177
2,B1_3,-0.064,0.011,-0.079,-0.023,0.083,-0.105,1.0,-0.006,-0.035,0.117,0.032,0.02,0.023,-0.08,-0.163,-0.069
2,A2_1,-0.162,0.14,0.213,0.029,-0.074,-0.02,-0.006,1.0,-0.142,-0.038,0.069,0.04,-0.022,-0.152,-0.051,-0.064
2,A2_2,-0.099,0.039,0.011,0.106,0.081,-0.027,-0.035,-0.142,1.0,0.073,0.044,-0.068,-0.138,-0.112,-0.112,0.183
2,A2_3,0.006,0.209,0.02,-0.065,-0.166,-0.044,0.117,-0.038,0.073,1.0,-0.202,0.088,0.209,0.036,0.001,0.105
2,B2_1,-0.347,-0.117,-0.036,0.062,-0.013,-0.043,0.032,0.069,0.044,-0.202,1.0,0.126,-0.069,-0.084,-0.087,0.067
2,B2_2,0.074,0.024,-0.06,0.038,0.102,-0.056,0.02,0.04,-0.068,0.088,0.126,1.0,-0.215,0.02,0.16,-0.004
2,B2_3,-0.243,-0.051,0.13,0.045,-0.307,-0.012,0.023,-0.022,-0.138,0.209,-0.069,-0.215,1.0,-0.214,-0.259,0.075
2,y1,0.247,-0.108,-0.076,0.118,0.096,0.004,-0.08,-0.152,-0.112,0.036,-0.084,0.02,-0.214,1.0,0.096,0.162
2,y2,0.348,0.064,0.102,-0.021,-0.073,-0.027,-0.163,-0.051,-0.112,0.001,-0.087,0.16,-0.259,0.096,1.0,-0.083
2,y3,-0.001,0.208,-0.33,0.141,-0.063,-0.177,-0.069,-0.064,0.183,0.105,0.067,-0.004,0.075,0.162,-0.083,1.0
3,.,1.0,0.067,0.002,-0.142,0.178,0.005,-0.075,-0.146,-0.116,0.025,-0.368,0.062,-0.247,0.277,0.332,0.012
3,A1_1,0.067,1.0,-0.079,-0.111,-0.011,-0.142,0.008,0.142,0.042,0.208,-0.125,0.011,-0.062,-0.111,0.057,0.203
3,A1_2,0.002,-0.079,1.0,-0.135,-0.114,0.016,-0.085,0.217,0.017,0.022,-0.046,-0.072,0.117,-0.078,0.097,-0.331
3,A1_3,-0.142,-0.111,-0.135,1.0,-0.178,-0.198,-0.015,0.032,0.111,-0.065,0.065,0.038,0.047,0.111,-0.031,0.131
3,B1_1,0.178,-0.011,-0.114,-0.178,1.0,0.053,0.082,-0.075,0.097,-0.176,-0.001,0.117,-0.296,0.084,-0.076,-0.068
3,B1_2,0.005,-0.142,0.016,-0.198,0.053,1.0,-0.105,-0.027,-0.016,-0.062,-0.03,-0.038,-0.003,-0.005,-0.029,-0.179
3,B1_3,-0.075,0.008,-0.085,-0.015,0.082,-0.105,1.0,-0.007,-0.018,0.108,0.031,0.023,0.018,-0.083,-0.158,-0.067
3,A2_1,-0.146,0.142,0.217,0.032,-0.075,-0.027,-0.007,1.0,-0.139,-0.04,0.063,0.031,-0.029,-0.162,-0.063,-0.075
3,A2_2,-0.116,0.042,0.017,0.111,0.097,-0.016,-0.018,-0.139,1.0,0.072,0.056,-0.058,-0.126,-0.122,-0.123,0.17
3,A2_3,0.025,0.208,0.022,-0.065,-0.176,-0.062,0.108,-0.04,0.072,1.0,-0.217,0.069,0.192,0.033,-0.006,0.1
3,B2_1,-0.368,-0.125,-0.046,0.065,-0.001,-0.03,0.031,0.063,0.056,-0.217,1.0,0.139,-0.061,-0.082,-0.076,0.074
3,B2_2,0.062,0.011,-0.072,0.038,0.117,-0.038,0.023,0.031,-0.058,0.069,0.139,1.0,-0.2,0.016,0.159,-0.002
3,B2_3,-0.247,-0.062,0.117,0.047,-0.296,-0.003,0.018,-0.029,-0.126,0.192,-0.061,-0.2,1.0,-0.215,-0.25,0.08
3,y1,0.277,-0.111,-0.078,0.111,0.084,-0.005,-0.083,-0.162,-0.122,0.033,-0.082,0.016,-0.215,1.0,0.101,0.161
3,y2,0.332,0.057,0.097,-0.031,-0.076,-0.029,-0.158,-0.063,-0.123,-0.006,-0.076,0.159,-0.25,0.101,1.0,-0.069
3,y3,0.012,0.203,-0.331,0.131,-0.068,-0.179,-0.067,-0.075,0.17,0.1,0.074,-0.002,0.08,0.161,-0.069,1.0
4,.,1.0,0.059,-0.01,-0.153,0.154,0.002,-0.093,-0.131,-0.136,0.042,-0.39,0.04,-0.255,0.303,0.312,0.024
4,A1_1,0.059,1.0,-0.072,-0.105,-0.016,-0.151,0.004,0.145,0.047,0.208,-0.133,-0.001,-0.073,-0.114,0.051,0.197
4,A1_2,-0.01,-0.072,1.0,-0.126,-0.118,0.004,-0.09,0.221,0.024,0.024,-0.056,-0.084,0.104,-0.08,0.09,-0.332
4,A1_3,-0.153,-0.105,-0.126,1.0,-0.167,-0.193,-0.006,0.037,0.116,-0.064,0.068,0.037,0.048,0.103,-0.041,0.12
4,B1_1,0.154,-0.016,-0.118,-0.167,1.0,0.074,0.09,-0.076,0.114,-0.185,0.019,0.139,-0.274,0.069,-0.082,-0.076
4,B1_2,0.002,-0.151,0.004,-0.193,0.074,1.0,-0.096,-0.034,-0.003,-0.078,-0.008,-0.011,0.015,-0.019,-0.034,-0.182
4,B1_3,-0.093,0.004,-0.09,-0.006,0.09,-0.096,1.0,-0.008,0.0,0.098,0.038,0.034,0.022,-0.089,-0.155,-0.066
4,A2_1,-0.131,0.145,0.221,0.037,-0.076,-0.034,-0.008,1.0,-0.133,-0.039,0.056,0.021,-0.037,-0.173,-0.075,-0.087
4,A2_2,-0.136,0.047,0.024,0.116,0.114,-0.003,0.0,-0.133,1.0,0.074,0.069,-0.047,-0.113,-0.134,-0.136,0.156
4,A2_3,0.042,0.208,0.024,-0.064,-0.185,-0.078,0.098,-0.039,0.074,1.0,-0.23,0.051,0.174,0.029,-0.013,0.094
4,B2_1,-0.39,-0.133,-0.056,0.068,0.019,-0.008,0.038,0.056,0.069,-0.23,1.0,0.16,-0.044,-0.083,-0.068,0.079
4,B2_2,0.04,-0.001,-0.084,0.037,0.139,-0.011,0.034,0.021,-0.047,0.051,0.16,1.0,-0.176,0.007,0.155,-0.003
4,B2_3,-0.255,-0.073,0.104,0.048,-0.274,0.015,0.022,-0.037,-0.113,0.174,-0.044,-0.176,1.0,-0.219,-0.243,0.082
4,y1,0.303,-0.114,-0.08,0.103,0.069,-0.019,-0.089,-0.173,-0.134,0.029,-0.083,0.007,-0.219,1.0,0.109,0.163
4,y2,0.312,0.051,0.09,-0.041,-0.082,-0.034,-0.155,-0.075,-0.136,-0.013,-0.068,0.155,-0.243,0.109,1.0,-0.053
4,y3,0.024,0.197,-0.332,0.12,-0.076,-0.182,-0.066,-0.087,0.156,0.094,0.079,-0.003,0.082,0.163,-0.053,1.0
5,.,1.0,0.051,-0.023,-0.163,0.119,-0.012,-0.116,-0.116,-0.157,0.057,-0.414,0.01,-0.267,0.325,0.291,0.034
5,A1_1,0.051,1.0,-0.063,-0.097,-0.02,-0.161,0.0,0.15,0.053,0.209,-0.141,-0.014,-0.084,-0.117,0.044,0.191
5,A1_2,-0.023,-0.063,1.0,-0.116,-0.122,-0.009,-0.095,0.227,0.033,0.029,-0.065,-0.096,0.09,-0.083,0.083,-0.333
5,A1_3,-0.163,-0.097,-0.116,1.0,-0.157,-0.188,0.003,0.044,0.122,-0.06,0.069,0.035,0.049,0.093,-0.053,0.108
5,B1_1,0.119,-0.02,-0.122,-0.157,1.0,0.102,0.106,-0.076,0.129,-0.192,0.048,0.168,-0.241,0.048,-0.091,-0.085
5,B1_2,-0.012,-0.161,-0.009,-0.188,0.102,1.0,-0.077,-0.042,0.009,-0.094,0.022,0.023,0.042,-0.036,-0.042,-0.187
5,B1_3,-0.116,0.0,-0.095,0.003,0.106,-0.077,1.0,-0.009,0.019,0.088,0.053,0.054,0.034,-0.099,-0.154,-0.067
5,A2_1,-0.116,0.15,0.227,0.044,-0.076,-0.042,-0.009,1.0,-0.127,-0.037,0.049,0.012,-0.044,-0.183,-0.087,-0.098
5,A2_2,-0.157,0.053,0.033,0.122,0.129,0.009,0.019,-0.127,1.0,0.076,0.082,-0.035,-0.098,-0.147,-0.151,0.139
5,A2_3,0.057,0.209,0.029,-0.06,-0.192,-0.094,0.088,-0.037,0.076,1.0,-0.242,0.032,0.156,0.024,-0.019,0.087
5,B2_1,-0.414,-0.141,-0.065,0.069,0.048,0.022,0.053,0.049,0.082,-0.242,1.0,0.187,-0.019,-0.088,-0.064,0.081
5,B2_2,0.01,-0.014,-0.096,0.035,0.168,0.023,0.054,0.012,-0.035,0.032,0.187,1.0,-0.141,-0.005,0.146,-0.006
5,B2_3,-0.267,-0.084,0.09,0.049,-0.241,0.042,0.034,-0.044,-0.098,0.156,-0.019,-0.141,1.0,-0.226,-0.238,0.08
5,y1,0.325,-0.117,-0.083,0.093,0.048,-0.036,-0.099,-0.183,-0.147,0.024,-0.088,-0.005,-0.226,1.0,0.12,0.168
5,y2,0.291,0.044,0.083,-0.053,-0.091,-0.042,-0.154,-0.087,-0.151,-0.019,-0.064,0.146,-0.238,0.12,1.0,-0.035
5,y3,0.034,0.191,-0.333,0.108,-0.085,-0.187,-0.067,-0.098,0.139,0.087,0.081,-0.006,0.08,0.168,-0.035,1.0
6,.,1.0,0.043,-0.034,-0.172,0.074,-0.035,-0.146,-0.103,-0.177,0.07,-0.439,-0.028,-0.285,0.345,0.271,0.044
6,A1_1,0.043,1.0,-0.053,-0.088,-0.025,-0.169,-0.004,0.156,0.061,0.212,-0.148,-0.027,-0.094,-0.12,0.037,0.183
6,A1_2,-0.034,-0.053,1.0,-0.104,-0.125,-0.021,-0.099,0.235,0.042,0.035,-0.074,-0.106,0.076,-0.085,0.076,-0.333
6,A1_3,-0.172,-0.088,-0.104,1.0,-0.146,-0.183,0.011,0.051,0.13,-0.055,0.07,0.034,0.049,0.082,-0.065,0.095
6,B1_1,0.074,-0.025,-0.125,-0.146,1.0,0.138,0.129,-0.077,0.144,-0.198,0.084,0.202,-0.197,0.024,-0.103,-0.097
6,B1_2,-0.035,-0.169,-0.021,-0.183,0.138,1.0,-0.048,-0.049,0.021,-0.109,0.059,0.065,0.076,-0.057,-0.053,-0.194
6,B1_3,-0.146,-0.004,-0.099,0.011,0.129,-0.048,1.0,-0.01,0.038,0.078,0.076,0.082,0.055,-0.112,-0.156,-0.07
6,A2_1,-0.103,0.156,0.235,0.051,-0.077,-0.049,-0.01,1.0,-0.119,-0.033,0.041,0.002,-0.052,-0.193,-0.099,-0.11
6,A2_2,-0.177,0.061,0.042,0.13,0.144,0.021,0.038,-0.119,1.0,0.08,0.095,-0.024,-0.083,-0.162,-0.166,0.121
6,A2_3,0.07,0.212,0.035,-0.055,-0.198,-0.109,0.078,-0.033,0.08,1.0,-0.252,0.014,0.138,0.02,-0.026,0.08
6,B2_1,-0.439,-0.148,-0.074,0.07,0.084,0.059,0.076,0.041,0.095,-0.252,1.0,0.219,0.015,-0.096,-0.064,0.078
6,B2_2,-0.028,-0.027,-0.106,0.034,0.202,0.065,0.082,0.002,-0.024,0.014,0.219,1.0,-0.098,-0.022,0.133,-0.013
6,B2_3,-0.285,-0.094,0.076,0.049,-0.197,0.076,0.055,-0.052,-0.083,0.138,0.015,-0.098,1.0,-0.235,-0.235,0.075
6,y1,0.345,-0.12,-0.085,0.082,0.024,-0.057,-0.112,-0.193,-0.162,0.02,-0.096,-0.022,-0.235,1.0,0.135,0.175
6,y2,0.271,0.037,0.076,-0.065,-0.103,-0.053,-0.156,-0.099,-0.166,-0.026,-0.064,0.133,-0.235,0.135,1.0,-0.014
6,y3,0.044,0.183,-0.333,0.095,-0.097,-0.194,-0.07,-0.11,0.121,0.08,0.078,-0.013,0.075,0.175,-0.014,1.0
7,.,1.0,0.034,-0.044,-0.18,0.022,-0.068,-0.181,-0.09,-0.197,0.08,-0.466,-0.073,-0.308,0.363,0.254,0.056
7,A1_1,0.034,1.0,-0.04,-0.076,-0.031,-0.177,-0.009,0.164,0.07,0.217,-0.155,-0.04,-0.104,-0.123,0.029,0.175
7,A1_2,-0.044,-0.04,1.0,-0.09,-0.128,-0.033,-0.104,0.243,0.053,0.043,-0.083,-0.117,0.062,-0.087,0.068,-0.333
7,A1_3,-0.18,-0.076,-0.09,1.0,-0.136,-0.177,0.018,0.06,0.138,-0.048,0.07,0.031,0.048,0.07,-0.077,0.081
7,B1_1,0.022,-0.031,-0.128,-0.136,1.0,0.178,0.16,-0.078,0.158,-0.204,0.125,0.241,-0.146,-0.005,-0.119,-0.112
7,B1_2,-0.068,-0.177,-0.033,-0.177,0.178,1.0,-0.012,-0.057,0.033,-0.123,0.103,0.111,0.116,-0.082,-0.069,-0.204
7,B1_3,-0.181,-0.009,-0.104,0.018,0.16,-0.012,1.0,-0.012,0.057,0.068,0.107,0.116,0.084,-0.128,-0.162,-0.077
7,A2_1,-0.09,0.164,0.243,0.06,-0.078,-0.057,-0.012,1.0,-0.109,-0.027,0.032,-0.009,-0.059,-0.202,-0.111,-0.121
7,A2_2,-0.197,0.07,0.053,0.138,0.158,0.033,0.057,-0.109,1.0,0.085,0.106,-0.013,-0.068,-0.177,-0.182,0.101
7,A2_3,0.08,0.217,0.043,-0.048,-0.204,-0.123,0.068,-0.027,0.085,1.0,-0.261,-0.003,0.119,0.015,-0.033,0.073
7,B2_1,-0.466,-0.155,-0.083,0.07,0.125,0.103,0.107,0.032,0.106,-0.261,1.0,0.256,0.056,-0.109,-0.068,0.071
7,B2_2,-0.073,-0.04,-0.117,0.031,0.241,0.111,0.116,-0.009,-0.013,-0.003,0.256,1.0,-0.049,-0.043,0.115,-0.023
7,B2_3,-0.308,-0.104,0.062,0.048,-0.146,0.116,0.084,-0.059,-0.068,0.119,0.056,-0.049,1.0,-0.248,-0.237,0.065
7,y1,0.363,-0.123,-0.087,0.07,-0.005,-0.082,-0.128,-0.202,-0.177,0.015,-0.109,-0.043,-0.248,1.0,0.153,0.187
7,y2,0.254,0.029,0.068,-0.077,-0.119,-0.069,-0.162,-0.111,-0.182,-0.033,-0.068,0.115,-0.237,0.153,1.0,0.011
7,y3,0.056,0.175,-0.333,0.081,-0.112,-0.204,-0.077,-0.121,0.101,0.073,0.071,-0.023,0.065,0.187,0.011,1.0
8,.,1.0,0.026,-0.052,-0.186,-0.036,-0.107,-0.221,-0.078,-0.216,0.088,-0.494,-0.122,-0.335,0.38,0.24,0.069
8,A1_1,0.026,1.0,-0.026,-0.063,-0.036,-0.184,-0.015,0.173,0.08,0.223,-0.161,-0.053,-0.114,-0.125,0.021,0.166
8,A1_2,-0.052,-0.026,1.0,-0.076,-0.131,-0.045,-0.108,0.252,0.065,0.053,-0.092,-0.126,0.047,-0.09,0.061,-0.333
8,A1_3,-0.186,-0.063,-0.076,1.0,-0.127,-0.172,0.024,0.07,0.147,-0.04,0.069,0.028,0.047,0.058,-0.089,0.066
8,B1_1,-0.036,-0.036,-0.131,-0.127,1.0,0.222,0.196,-0.079,0.17,-0.208,0.17,0.282,-0.089,-0.038,-0.138,-0.13
8,B1_2,-0.107,-0.184,-0.045,-0.172,0.222,1.0,0.032,-0.065,0.044,-0.136,0.15,0.16,0.161,-0.111,-0.088,-0.216
8,B1_3,-0.221,-0.015,-0.108,0.024,0.196,0.032,1.0,-0.015,0.075,0.057,0.143,0.155,0.119,-0.149,-0.171,-0.087
8,A2_1,-0.078,0.173,0.252,0.07,-0.079,-0.065,-0.015,1.0,-0.098,-0.02,0.023,-0.019,-0.066,-0.211,-0.123,-0.133
8,A2_2,-0.216,0.08,0.065,0.147,0.17,0.044,0.075,-0.098,1.0,0.091,0.117,-0.003,-0.054,-0.193,-0.198,0.08
8,A2_3,0.088,0.223,0.053,-0.04,-0.208,-0.136,0.057,-0.02,0.091,1.0,-0.268,-0.02,0.099,0.009,-0.04,0.066
8,B2_1,-0.494,-0.161,-0.092,0.069,0.17,0.15,0.143,0.023,0.117,-0.268,1.0,0.296,0.101,-0.126,-0.076,0.06
8,B2_2,-0.122,-0.053,-0.126,0.028,0.282,0.16,0.155,-0.019,-0.003,-0.02,0.296,1.0,0.005,-0.067,0.092,-0.038
8,B2_3,-0.335,-0.114,0.047,0.047,-0.089,0.161,0.119,-0.066,-0.054,0.099,0.101,0.005,1.0,-0.263,-0.241,0.051
8,y1,0.38,-0.125,-0.09,0.058,-0.038,-0.111,-0.149,-0.211,-0.193,0.009,-0.126,-0.067,-0.263,1.0,0.175,0.202
8,y2,0.24,0.021,0.061,-0.089,-0.138,-0.088,-0.171,-0.123,-0.198,-0.04,-0.076,0.092,-0.241,0.175,1.0,0.038
8,y3,0.069,0.166,-0.333,0.066,-0.13,-0.216,-0.087,-0.133,0.08,0.066,0.06,-0.038,0.051,0.202,0.038,1.0
9,.,1.0,0.019,-0.058,-0.19,-0.096,-0.151,-0.263,-0.067,-0.232,0.095,-0.521,-0.173,-0.364,0.396,0.231,0.085
9,A1_1,0.019,1.0,-0.011,-0.049,-0.042,-0.19,-0.02,0.183,0.091,0.23,-0.167,-0.065,-0.123,-0.128,0.014,0.157
9,A1_2,-0.058,-0.011,1.0,-0.06,-0.134,-0.057,-0.112,0.263,0.077,0.063,-0.1,-0.136,0.032,-0.092,0.053,-0.331
9,A1_3,-0.19,-0.049,-0.06,1.0,-0.118,-0.167,0.029,0.082,0.157,-0.03,0.066,0.024,0.044,0.044,-0.101,0.051
9,B1_1,-0.096,-0.042,-0.134,-0.118,1.0,0.269,0.236,-0.081,0.18,-0.212,0.218,0.325,-0.029,-0.075,-0.16,-0.151
9,B1_2,-0.151,-0.19,-0.057,-0.167,0.269,1.0,0.081,-0.072,0.053,-0.148,0.2,0.211,0.209,-0.143,-0.11,-0.232
9,B1_3,-0.263,-0.02,-0.112,0.029,0.236,0.081,1.0,-0.018,0.092,0.045,0.185,0.199,0.16,-0.173,-0.183,-0.101
9,A2_1,-0.067,0.183,0.263,0.082,-0.081,-0.072,-0.018,1.0,-0.086,-0.011,0.014,-0.029,-0.074,-0.219,-0.133,-0.143
9,A2_2,-0.232,0.091,0.077,0.157,0.18,0.053,0.092,-0.086,1.0,0.099,0.125,0.006,-0.041,-0.209,-0.215,0.058
9,A2_3,0.095,0.23,0.063,-0.03,-0.212,-0.148,0.045,-0.011,0.099,1.0,-0.274,-0.037,0.08,0.004,-0.047,0.058
9,B2_1,-0.521,-0.167,-0.1,0.066,0.218,0.2,0.185,0.014,0.125,-0.274,1.0,0.337,0.15,-0.147,-0.089,0.043
9,B2_2,-0.173,-0.065,-0.136,0.024,0.325,0.211,0.199,-0.029,0.006,-0.037,0.337,1.0,0.061,-0.096,0.065,-0.056
9,B2_3,-0.364,-0.123,0.032,0.044,-0.029,0.209,0.16,-0.074,-0.041,0.08,0.15,0.061,1.0,-0.282,-0.249,0.032
9,y1,0.396,-0.128,-0.092,0.044,-0.075,-0.143,-0.173,-0.219,-0.209,0.004,-0.147,-0.096,-0.282,1.0,0.201,0.22
9,y2,0.231,0.014,0.053,-0.101,-0.16,-0.11,-0.183,-0.133,-0.215,-0.047,-0.089,0.065,-0.249,0.201,1.0,0.069
9,y3,0.085,0.157,-0.331,0.051,-0.151,-0.232,-0.101,-0.143,0.058,0.058,0.043,-0.056,0.032,0.22,0.069,1.0
10,.,1.0,0.012,-0.063,-0.193,-0.156,-0.197,-0.307,-0.058,-0.246,0.1,-0.549,-0.225,-0.396,0.413,0.228,0.103
10,A1_1,0.012,1.0,0.006,-0.034,-0.048,-0.197,-0.027,0.195,0.104,0.238,-0.172,-0.077,-0.132,-0.129,0.006,0.147
10,A1_2,-0.063,0.006,1.0,-0.043,-0.136,-0.068,-0.116,0.274,0.091,0.076,-0.108,-0.145,0.018,-0.093,0.045,-0.329
10,A1_3,-0.193,-0.034,-0.043,1.0,-0.11,-0.163,0.033,0.094,0.168,-0.018,0.063,0.019,0.041,0.031,-0.113,0.036
10,B1_1,-0.156,-0.048,-0.136,-0.11,1.0,0.315,0.278,-0.083,0.188,-0.216,0.267,0.368,0.034,-0.114,-0.184,-0.176
10,B1_2,-0.197,-0.197,-0.068,-0.163,0.315,1.0,0.132,-0.08,0.061,-0.159,0.25,0.262,0.258,-0.177,-0.136,-0.25
10,B1_3,-0.307,-0.027,-0.116,0.033,0.278,0.132,1.0,-0.022,0.107,0.033,0.229,0.244,0.205,-0.2,-0.199,-0.12
10,A2_1,-0.058,0.195,0.274,0.094,-0.083,-0.08,-0.022,1.0,-0.073,-0.0,0.005,-0.04,-0.081,-0.226,-0.143,-0.154
10,A2_2,-0.246,0.104,0.091,0.168,0.188,0.061,0.107,-0.073,1.0,0.108,0.132,0.014,-0.029,-0.225,-0.231,0.035
10,A2_3,0.1,0.238,0.076,-0.018,-0.216,-0.159,0.033,-0.0,0.108,1.0,-0.28,-0.053,0.061,-0.001,-0.053,0.05
10,B2_1,-0.549,-0.172,-0.108,0.063,0.267,0.25,0.229,0.005,0.132,-0.28,1.0,0.379,0.201,-0.171,-0.106,0.022
10,B2_2,-0.225,-0.077,-0.145,0.019,0.368,0.262,0.244,-0.04,0.014,-0.053,0.379,1.0,0.119,-0.127,0.035,-0.078
10,B2_3,-0.396,-0.132,0.018,0.041,0.034,0.258,0.205,-0.081,-0.029,0.061,0.201,0.119,1.0,-0.304,-0.261,0.009
10,y1,0.413,-0.129,-0.093,0.031,-0.114,-0.177,-0.2,-0.226,-0.225,-0.001,-0.171,-0.127,-0.304,1.0,0.229,0.243
10,y2,0.228,0.006,0.045,-0.113,-0.184,-0.136,-0.199,-0.143,-0.231,-0.053,-0.106,0.035,-0.261,0.229,1.0,0.102
10,y3,0.103,0.147,-0.329,0.036,-0.176,-0.25,-0.12,-0.154,0.035,0.05,0.022,-0.078,0.009,0.243,0.102,1.0
11,.,1.0,0.007,-0.066,-0.194,-0.214,-0.244,-0.351,-0.049,-0.258,0.103,-0.575,-0.275,-0.428,0.429,0.229,0.124
11,A1_1,0.007,1.0,0.023,-0.017,-0.055,-0.202,-0.033,0.207,0.117,0.248,-0.178,-0.089,-0.141,-0.13,-0.001,0.137
11,A1_2,-0.066,0.023,1.0,-0.025,-0.139,-0.079,-0.12,0.285,0.105,0.089,-0.116,-0.153,0.003,-0.095,0.037,-0.326
11,A1_3,-0.194,-0.017,-0.025,1.0,-0.104,-0.159,0.036,0.107,0.179,-0.006,0.059,0.013,0.036,0.017,-0.125,0.02
11,B1_1,-0.214,-0.055,-0.139,-0.104,1.0,0.362,0.322,-0.086,0.193,-0.219,0.315,0.41,0.097,-0.155,-0.211,-0.202
11,B1_2,-0.244,-0.202,-0.079,-0.159,0.362,1.0,0.186,-0.088,0.068,-0.17,0.301,0.313,0.307,-0.213,-0.163,-0.271
11,B1_3,-0.351,-0.033,-0.12,0.036,0.322,0.186,1.0,-0.026,0.119,0.021,0.275,0.291,0.251,-0.23,-0.218,-0.141
11,A2_1,-0.049,0.207,0.285,0.107,-0.086,-0.088,-0.026,1.0,-0.059,0.012,-0.005,-0.05,-0.089,-0.232,-0.152,-0.163
11,A2_2,-0.258,0.117,0.105,0.179,0.193,0.068,0.119,-0.059,1.0,0.117,0.137,0.02,-0.018,-0.241,-0.247,0.011
11,A2_3,0.103,0.248,0.089,-0.006,-0.219,-0.17,0.021,0.012,0.117,1.0,-0.285,-0.069,0.042,-0.006,-0.059,0.042
11,B2_1,-0.575,-0.178,-0.116,0.059,0.315,0.301,0.275,-0.005,0.137,-0.285,1.0,0.42,0.253,-0.199,-0.127,-0.004
11,B2_2,-0.275,-0.089,-0.153,0.013,0.41,0.313,0.291,-0.05,0.02,-0.069,0.42,1.0,0.177,-0.161,0.002,-0.103
11,B2_3,-0.428,-0.141,0.003,0.036,0.097,0.307,0.251,-0.089,-0.018,0.042,0.253,0.177,1.0,-0.327,-0.276,-0.018
11,y1,0.429,-0.13,-0.095,0.017,-0.155,-0.213,-0.23,-0.232,-0.241,-0.006,-0.199,-0.161,-0.327,1.0,0.261,0.268
11,y2,0.229,-0.001,0.037,-0.125,-0.211,-0.163,-0.218,-0.152,-0.247,-0.059,-0.127,0.002,-0.276,0.261,1.0,0.138
11,y3,0.124,0.137,-0.326,0.02,-0.202,-0.271,-0.141,-0.163,0.011,0.042,-0.004,-0.103,-0.018,0.268,0.138,1.0
12,.,1.0,0.002,-0.068,-0.194,-0.27,-0.29,-0.394,-0.041,-0.267,0.106,-0.6,-0.323,-0.459,0.446,0.235,0.146
12,A1_1,0.002,1.0,0.042,0.001,-0.062,-0.208,-0.04,0.22,0.131,0.259,-0.183,-0.1,-0.149,-0.131,-0.008,0.127
12,A1_2,-0.068,0.042,1.0,-0.006,-0.143,-0.09,-0.124,0.298,0.12,0.103,-0.124,-0.161,-0.011,-0.096,0.03,-0.322
12,A1_3,-0.194,0.001,-0.006,1.0,-0.099,-0.156,0.037,0.121,0.192,0.008,0.054,0.007,0.031,0.004,-0.135,0.005
12,B1_1,-0.27,-0.062,-0.143,-0.099,1.0,0.407,0.366,-0.089,0.198,-0.222,0.362,0.451,0.158,-0.197,-0.24,-0.231
12,B1_2,-0.29,-0.208,-0.09,-0.156,0.407,1.0,0.239,-0.095,0.072,-0.18,0.35,0.361,0.355,-0.251,-0.193,-0.295
12,B1_3,-0.394,-0.04,-0.124,0.037,0.366,0.239,1.0,-0.031,0.13,0.009,0.322,0.337,0.298,-0.262,-0.24,-0.166
12,A2_1,-0.041,0.22,0.298,0.121,-0.089,-0.095,-0.031,1.0,-0.044,0.025,-0.015,-0.061,-0.097,-0.237,-0.161,-0.172
12,A2_2,-0.267,0.131,0.12,0.192,0.198,0.072,0.13,-0.044,1.0,0.128,0.141,0.025,-0.009,-0.256,-0.263,-0.012
12,A2_3,0.106,0.259,0.103,0.008,-0.222,-0.18,0.009,0.025,0.128,1.0,-0.289,-0.084,0.023,-0.01,-0.064,0.034
12,B2_1,-0.6,-0.183,-0.124,0.054,0.362,0.35,0.322,-0.015,0.141,-0.289,1.0,0.46,0.303,-0.228,-0.15,-0.032
12,B2_2,-0.323,-0.1,-0.161,0.007,0.451,0.361,0.337,-0.061,0.025,-0.084,0.46,1.0,0.234,-0.196,-0.033,-0.131
12,B2_3,-0.459,-0.149,-0.011,0.031,0.158,0.355,0.298,-0.097,-0.009,0.023,0.303,0.234,1.0,-0.352,-0.293,-0.049
12,y1,0.446,-0.131,-0.096,0.004,-0.197,-0.251,-0.262,-0.237,-0.256,-0.01,-0.228,-0.196,-0.352,1.0,0.295,0.297
12,y2,0.235,-0.008,0.03,-0.135,-0.24,-0.193,-0.24,-0.161,-0.263,-0.064,-0.15,-0.033,-0.293,0.295,1.0,0.176
12,y3,0.146,0.127,-0.322,0.005,-0.231,-0.295,-0.166,-0.172,-0.012,0.034,-0.032,-0.131,-0.049,0.297,0.176,1.0
13,.,1.0,-0.002,-0.069,-0.193,-0.322,-0.334,-0.435,-0.034,-0.274,0.107,-0.624,-0.367,-0.49,0.463,0.245,0.171
13,A1_1,-0.002,1.0,0.061,0.02,-0.068,-0.213,-0.048,0.234,0.146,0.27,-0.188,-0.111,-0.157,-0.131,-0.015,0.117
13,A1_2,-0.069,0.061,1.0,0.014,-0.146,-0.1,-0.128,0.311,0.136,0.118,-0.132,-0.169,-0.025,-0.096,0.023,-0.318
13,A1_3,-0.193,0.02,0.014,1.0,-0.094,-0.153,0.037,0.136,0.204,0.023,0.048,0.001,0.026,-0.009,-0.145,-0.01
13,B1_1,-0.322,-0.068,-0.146,-0.094,1.0,0.449,0.409,-0.093,0.2,-0.225,0.407,0.49,0.217,-0.239,-0.269,-0.261
13,B1_2,-0.334,-0.213,-0.1,-0.153,0.449,1.0,0.292,-0.103,0.076,-0.19,0.397,0.408,0.402,-0.289,-0.224,-0.319
13,B1_3,-0.435,-0.048,-0.128,0.037,0.409,0.292,1.0,-0.036,0.138,-0.004,0.368,0.383,0.345,-0.295,-0.264,-0.194
13,A2_1,-0.034,0.234,0.311,0.136,-0.093,-0.103,-0.036,1.0,-0.028,0.039,-0.025,-0.071,-0.104,-0.24,-0.168,-0.18
13,A2_2,-0.274,0.146,0.136,0.204,0.2,0.076,0.138,-0.028,1.0,0.14,0.143,0.029,-0.001,-0.27,-0.277,-0.035
13,A2_3,0.107,0.27,0.118,0.023,-0.225,-0.19,-0.004,0.039,0.14,1.0,-0.293,-0.098,0.005,-0.015,-0.069,0.027
13,B2_1,-0.624,-0.188,-0.132,0.048,0.407,0.397,0.368,-0.025,0.143,-0.293,1.0,0.499,0.352,-0.259,-0.176,-0.064
13,B2_2,-0.367,-0.111,-0.169,0.001,0.49,0.408,0.383,-0.071,0.029,-0.098,0.499,1.0,0.288,-0.232,-0.069,-0.161
13,B2_3,-0.49,-0.157,-0.025,0.026,0.217,0.402,0.345,-0.104,-0.001,0.005,0.352,0.288,1.0,-0.379,-0.312,-0.082
13,y1,0.463,-0.131,-0.096,-0.009,-0.239,-0.289,-0.295,-0.24,-0.27,-0.015,-0.259,-0.232,-0.379,1.0,0.33,0.328
13,y2,0.245,-0.015,0.023,-0.145,-0.269,-0.224,-0.264,-0.168,-0.277,-0.069,-0.176,-0.069,-0.312,0.33,1.0,0.216
13,y3,0.171,0.117,-0.318,-0.01,-0.261,-0.319,-0.194,-0.18,-0.035,0.027,-0.064,-0.161,-0.082,0.328,0.216,1.0
14,.,1.0,-0.005,-0.069,-0.191,-0.369,-0.375,-0.473,-0.028,-0.279,0.108,-0.645,-0.409,-0.519,0.48,0.257,0.197
14,A1_1,-0.005,1.0,0.081,0.039,-0.075,-0.218,-0.055,0.249,0.161,0.283,-0.192,-0.121,-0.165,-0.131,-0.021,0.106
14,A1_2,-0.069,0.081,1.0,0.034,-0.15,-0.11,-0.132,0.324,0.152,0.134,-0.139,-0.177,-0.038,-0.096,0.016,-0.312
14,A1_3,-0.191,0.039,0.034,1.0,-0.091,-0.152,0.036,0.152,0.218,0.039,0.041,-0.006,0.019,-0.022,-0.155,-0.025
14,B1_1,-0.369,-0.075,-0.15,-0.091,1.0,0.49,0.451,-0.096,0.201,-0.228,0.45,0.527,0.274,-0.281,-0.299,-0.292
14,B1_2,-0.375,-0.218,-0.11,-0.152,0.49,1.0,0.342,-0.111,0.078,-0.199,0.442,0.451,0.446,-0.326,-0.255,-0.345
14,B1_3,-0.473,-0.055,-0.132,0.036,0.451,0.342,1.0,-0.042,0.145,-0.016,0.412,0.426,0.391,-0.329,-0.289,-0.223
14,A2_1,-0.028,0.249,0.324,0.152,-0.096,-0.111,-0.042,1.0,-0.011,0.054,-0.035,-0.081,-0.112,-0.243,-0.174,-0.186
14,A2_2,-0.279,0.161,0.152,0.218,0.201,0.078,0.145,-0.011,1.0,0.153,0.143,0.031,0.005,-0.283,-0.29,-0.058
14,A2_3,0.108,0.283,0.134,0.039,-0.228,-0.199,-0.016,0.054,0.153,1.0,-0.296,-0.112,-0.013,-0.019,-0.073,0.02
14,B2_1,-0.645,-0.192,-0.139,0.041,0.45,0.442,0.412,-0.035,0.143,-0.296,1.0,0.535,0.399,-0.29,-0.203,-0.097
14,B2_2,-0.409,-0.121,-0.177,-0.006,0.527,0.451,0.426,-0.081,0.031,-0.112,0.535,1.0,0.339,-0.268,-0.107,-0.192
14,B2_3,-0.519,-0.165,-0.038,0.019,0.274,0.446,0.391,-0.112,0.005,-0.013,0.399,0.339,1.0,-0.406,-0.333,-0.117
14,y1,0.48,-0.131,-0.096,-0.022,-0.281,-0.326,-0.329,-0.243,-0.283,-0.019,-0.29,-0.268,-0.406,1.0,0.367,0.361
14,y2,0.257,-0.021,0.016,-0.155,-0.299,-0.255,-0.289,-0.174,-0.29,-0.073,-0.203,-0.107,-0.333,0.367,1.0,0.257
14,y3,0.197,0.106,-0.312,-0.025,-0.292,-0.345,-0.223,-0.186,-0.058,0.02,-0.097,-0.192,-0.117,0.361,0.257,1.0
15,.,1.0,-0.008,-0.069,-0.188,-0.413,-0.414,-0.509,-0.023,-0.283,0.109,-0.666,-0.447,-0.547,0.497,0.272,0.223
15,A1_1,-0.008,1.0,0.102,0.059,-0.082,-0.222,-0.062,0.264,0.177,0.296,-0.197,-0.131,-0.172,-0.13,-0.027,0.096
15,A1_2,-0.069,0.102,1.0,0.054,-0.153,-0.12,-0.137,0.338,0.169,0.151,-0.146,-0.184,-0.052,-0.096,0.01,-0.306
15,A1_3,-0.188,0.059,0.054,1.0,-0.089,-0.151,0.034,0.168,0.232,0.056,0.034,-0.013,0.013,-0.033,-0.163,-0.038
15,B1_1,-0.413,-0.082,-0.153,-0.089,1.0,0.528,0.491,-0.1,0.2,-0.231,0.491,0.561,0.327,-0.322,-0.329,-0.324
15,B1_2,-0.414,-0.222,-0.12,-0.151,0.528,1.0,0.39,-0.118,0.079,-0.208,0.483,0.492,0.487,-0.363,-0.286,-0.371
15,B1_3,-0.509,-0.062,-0.137,0.034,0.491,0.39,1.0,-0.048,0.149,-0.028,0.455,0.468,0.434,-0.363,-0.315,-0.254
15,A2_1,-0.023,0.264,0.338,0.168,-0.1,-0.118,-0.048,1.0,0.006,0.071,-0.045,-0.091,-0.119,-0.244,-0.18,-0.192
15,A2_2,-0.283,0.177,0.169,0.232,0.2,0.079,0.149,0.006,1.0,0.166,0.142,0.033,0.01,-0.294,-0.302,-0.079
15,A2_3,0.109,0.296,0.151,0.056,-0.231,-0.208,-0.028,0.071,0.166,1.0,-0.299,-0.125,-0.03,-0.022,-0.077,0.013
15,B2_1,-0.666,-0.197,-0.146,0.034,0.491,0.483,0.455,-0.045,0.142,-0.299,1.0,0.569,0.443,-0.322,-0.231,-0.132
15,B2_2,-0.447,-0.131,-0.184,-0.013,0.561,0.492,0.468,-0.091,0.033,-0.125,0.569,1.0,0.388,-0.304,-0.144,-0.224
15,B2_3,-0.547,-0.172,-0.052,0.013,0.327,0.487,0.434,-0.119,0.01,-0.03,0.443,0.388,1.0,-0.433,-0.355,-0.152
15,y1,0.497,-0.13,-0.096,-0.033,-0.322,-0.363,-0.363,-0.244,-0.294,-0.022,-0.322,-0.304,-0.433,1.0,0.404,0.395
15,y2,0.272,-0.027,0.01,-0.163,-0.329,-0.286,-0.315,-0.18,-0.302,-0.077,-0.231,-0.144,-0.355,0.404,1.0,0.299
15,y3,0.223,0.096,-0.306,-0.038,-0.324,-0.371,-0.254,-0.192,-0.079,0.013,-0.132,-0.224,-0.152,0.395,0.299,1.0
16,.,1.0,-0.01,-0.068,-0.185,-0.452,-0.449,-0.541,-0.018,-0.286,0.109,-0.684,-0.481,-0.572,0.514,0.288,0.249
16,A1_1,-0.01,1.0,0.123,0.08,-0.089,-0.227,-0.07,0.279,0.194,0.31,-0.201,-0.141,-0.179,-0.129,-0.033,0.086
16,A1_2,-0.068,0.123,1.0,0.075,-0.157,-0.129,-0.141,0.352,0.186,0.168,-0.153,-0.191,-0.064,-0.095,0.004,-0.299
16,A1_3,-0.185,0.08,0.075,1.0,-0.087,-0.15,0.031,0.184,0.246,0.074,0.027,-0.02,0.006,-0.044,-0.17,-0.051
16,B1_1,-0.452,-0.089,-0.157,-0.087,1.0,0.563,0.528,-0.105,0.198,-0.234,0.528,0.593,0.377,-0.361,-0.358,-0.355
16,B1_2,-0.449,-0.227,-0.129,-0.15,0.563,1.0,0.435,-0.126,0.079,-0.216,0.522,0.53,0.526,-0.398,-0.317,-0.398
16,B1_3,-0.541,-0.07,-0.141,0.031,0.528,0.435,1.0,-0.054,0.152,-0.04,0.495,0.507,0.476,-0.396,-0.342,-0.285
16,A2_1,-0.018,0.279,0.352,0.184,-0.105,-0.126,-0.054,1.0,0.025,0.087,-0.055,-0.1,-0.126,-0.245,-0.184,-0.197
16,A2_2,-0.286,0.194,0.186,0.246,0.198,0.079,0.152,0.025,1.0,0.181,0.14,0.033,0.013,-0.304,-0.313,-0.1
16,A2_3,0.109,0.31,0.168,0.074,-0.234,-0.216,-0.04,0.087,0.181,1.0,-0.302,-0.138,-0.046,-0.026,-0.08,0.006
16,B2_1,-0.684,-0.201,-0.153,0.027,0.528,0.522,0.495,-0.055,0.14,-0.302,1.0,0.601,0.485,-0.354,-0.259,-0.167
16,B2_2,-0.481,-0.141,-0.191,-0.02,0.593,0.53,0.507,-0.1,0.033,-0.138,0.601,1.0,0.433,-0.34,-0.181,-0.256
16,B2_3,-0.572,-0.179,-0.064,0.006,0.377,0.526,0.476,-0.126,0.013,-0.046,0.485,0.433,1.0,-0.459,-0.377,-0.189
16,y1,0.514,-0.129,-0.095,-0.044,-0.361,-0.398,-0.396,-0.245,-0.304,-0.026,-0.354,-0.34,-0.459,1.0,0.44,0.43
16,y2,0.288,-0.033,0.004,-0.17,-0.358,-0.317,-0.342,-0.184,-0.313,-0.08,-0.259,-0.181,-0.377,0.44,1.0,0.34
16,y3,0.249,0.086,-0.299,-0.051,-0.355,-0.398,-0.285,-0.197,-0.1,0.006,-0.167,-0.256,-0.189,0.43,0.34,1.0
17,.,1.0,-0.011,-0.066,-0.182,-0.488,-0.482,-0.571,-0.014,-0.287,0.109,-0.701,-0.513,-0.596,0.53,0.306,0.276
17,A1_1,-0.011,1.0,0.144,0.101,-0.096,-0.231,-0.077,0.295,0.211,0.324,-0.206,-0.15,-0.185,-0.128,-0.038,0.077
17,A1_2,-0.066,0.144,1.0,0.096,-0.16,-0.138,-0.146,0.367,0.203,0.186,-0.16,-0.197,-0.076,-0.095,-0.002,-0.292
17,A1_3,-0.182,0.101,0.096,1.0,-0.087,-0.15,0.027,0.201,0.261,0.092,0.02,-0.027,-0.002,-0.055,-0.177,-0.063
17,B1_1,-0.488,-0.096,-0.16,-0.087,1.0,0.596,0.563,-0.109,0.195,-0.237,0.563,0.623,0.423,-0.399,-0.387,-0.385
17,B1_2,-0.482,-0.231,-0.138,-0.15,0.596,1.0,0.478,-0.133,0.077,-0.223,0.558,0.565,0.562,-0.432,-0.348,-0.424
17,B1_3,-0.571,-0.077,-0.146,0.027,0.563,0.478,1.0,-0.061,0.154,-0.052,0.532,0.543,0.515,-0.428,-0.368,-0.316
17,A2_1,-0.014,0.295,0.367,0.201,-0.109,-0.133,-0.061,1.0,0.043,0.105,-0.065,-0.11,-0.133,-0.244,-0.188,-0.201
17,A2_2,-0.287,0.211,0.203,0.261,0.195,0.077,0.154,0.043,1.0,0.195,0.137,0.033,0.016,-0.313,-0.322,-0.119
17,A2_3,0.109,0.324,0.186,0.092,-0.237,-0.223,-0.052,0.105,0.195,1.0,-0.305,-0.15,-0.062,-0.029,-0.083,0.0
17,B2_1,-0.701,-0.206,-0.16,0.02,0.563,0.558,0.532,-0.065,0.137,-0.305,1.0,0.631,0.523,-0.384,-0.288,-0.203
17,B2_2,-0.513,-0.15,-0.197,-0.027,0.623,0.565,0.543,-0.11,0.033,-0.15,0.631,1.0,0.475,-0.373,-0.217,-0.288
17,B2_3,-0.596,-0.185,-0.076,-0.002,0.423,0.562,0.515,-0.133,0.016,-0.062,0.523,0.475,1.0,-0.485,-0.399,-0.225
17,y1,0.53,-0.128,-0.095,-0.055,-0.399,-0.432,-0.428,-0.244,-0.313,-0.029,-0.384,-0.373,-0.485,1.0,0.476,0.464
17,y2,0.306,-0.038,-0.002,-0.177,-0.387,-0.348,-0.368,-0.188,-0.322,-0.083,-0.288,-0.217,-0.399,0.476,1.0,0.38
17,y3,0.276,0.077,-0.292,-0.063,-0.385,-0.424,-0.316,-0.201,-0.119,0.0,-0.203,-0.288,-0.225,0.464,0.38,1.0
18,.,1.0,-0.013,-0.065,-0.179,-0.521,-0.512,-0.599,-0.01,-0.288,0.109,-0.717,-0.541,-0.617,0.545,0.324,0.301
18,A1_1,-0.013,1.0,0.165,0.122,-0.103,-0.235,-0.084,0.311,0.229,0.339,-0.21,-0.159,-0.192,-0.126,-0.042,0.067
18,A1_2,-0.065,0.165,1.0,0.117,-0.164,-0.146,-0.15,0.381,0.221,0.204,-0.166,-0.203,-0.088,-0.094,-0.007,-0.285
18,A1_3,-0.179,0.122,0.117,1.0,-0.086,-0.15,0.023,0.219,0.276,0.111,0.012,-0.035,-0.009,-0.064,-0.183,-0.075
18,B1_1,-0.521,-0.103,-0.164,-0.086,1.0,0.626,0.595,-0.114,0.191,-0.24,0.596,0.651,0.466,-0.434,-0.415,-0.415
18,B1_2,-0.512,-0.235,-0.146,-0.15,0.626,1.0,0.517,-0.14,0.075,-0.23,0.592,0.597,0.595,-0.464,-0.377,-0.45
18,B1_3,-0.599,-0.084,-0.15,0.023,0.595,0.517,1.0,-0.067,0.154,-0.064,0.567,0.577,0.551,-0.459,-0.394,-0.347
18,A2_1,-0.01,0.311,0.381,0.219,-0.114,-0.14,-0.067,1.0,0.063,0.123,-0.074,-0.119,-0.14,-0.243,-0.191,-0.204
18,A2_2,-0.288,0.229,0.221,0.276,0.191,0.075,0.154,0.063,1.0,0.211,0.134,0.032,0.017,-0.321,-0.331,-0.137
18,A2_3,0.109,0.339,0.204,0.111,-0.24,-0.23,-0.064,0.123,0.211,1.0,-0.307,-0.161,-0.077,-0.031,-0.086,-0.006
18,B2_1,-0.717,-0.21,-0.166,0.012,0.596,0.592,0.567,-0.074,0.134,-0.307,1.0,0.658,0.559,-0.414,-0.316,-0.237
18,B2_2,-0.541,-0.159,-0.203,-0.035,0.651,0.597,0.577,-0.119,0.032,-0.161,0.658,1.0,0.513,-0.406,-0.252,-0.319
18,B2_3,-0.617,-0.192,-0.088,-0.009,0.466,0.595,0.551,-0.14,0.017,-0.077,0.559,0.513,1.0,-0.51,-0.421,-0.26
18,y1,0.545,-0.126,-0.094,-0.064,-0.434,-0.464,-0.459,-0.243,-0.321,-0.031,-0.414,-0.406,-0.51,1.0,0.51,0.498
18,y2,0.324,-0.042,-0.007,-0.183,-0.415,-0.377,-0.394,-0.191,-0.331,-0.086,-0.316,-0.252,-0.421,0.51,1.0,0.42
18,y3,0.301,0.067,-0.285,-0.075,-0.415,-0.45,-0.347,-0.204,-0.137,-0.006,-0.237,-0.319,-0.26,0.498,0.42,1.0
19,.,1.0,-0.014,-0.063,-0.176,-0.55,-0.539,-0.623,-0.007,-0.287,0.108,-0.731,-0.568,-0.637,0.559,0.342,0.326
19,A1_1,-0.014,1.0,0.186,0.143,-0.109,-0.238,-0.092,0.327,0.247,0.353,-0.214,-0.167,-0.197,-0.125,-0.047,0.058
19,A1_2,-0.063,0.186,1.0,0.139,-0.168,-0.154,-0.154,0.396,0.239,0.222,-0.172,-0.209,-0.098,-0.093,-0.012,-0.277
19,A1_3,-0.176,0.143,0.139,1.0,-0.087,-0.151,0.018,0.236,0.292,0.13,0.004,-0.042,-0.016,-0.073,-0.188,-0.085
19,B1_1,-0.55,-0.109,-0.168,-0.087,1.0,0.653,0.625,-0.118,0.186,-0.243,0.625,0.676,0.505,-0.467,-0.441,-0.443
19,B1_2,-0.539,-0.238,-0.154,-0.151,0.653,1.0,0.553,-0.146,0.073,-0.237,0.622,0.627,0.625,-0.494,-0.405,-0.474
19,B1_3,-0.623,-0.092,-0.154,0.018,0.625,0.553,1.0,-0.074,0.152,-0.075,0.6,0.608,0.584,-0.488,-0.42,-0.377
19,A2_1,-0.007,0.327,0.396,0.236,-0.118,-0.146,-0.074,1.0,0.082,0.141,-0.083,-0.127,-0.147,-0.242,-0.193,-0.206
19,A2_2,-0.287,0.247,0.239,0.292,0.186,0.073,0.152,0.082,1.0,0.227,0.129,0.03,0.018,-0.327,-0.338,-0.154
19,A2_3,0.108,0.353,0.222,0.13,-0.243,-0.237,-0.075,0.141,0.227,1.0,-0.31,-0.172,-0.091,-0.034,-0.088,-0.011
19,B2_1,-0.731,-0.214,-0.172,0.004,0.625,0.622,0.6,-0.083,0.129,-0.31,1.0,0.683,0.592,-0.442,-0.343,-0.271
19,B2_2,-0.568,-0.167,-0.209,-0.042,0.676,0.627,0.608,-0.127,0.03,-0.172,0.683,1.0,0.549,-0.437,-0.285,-0.349
19,B2_3,-0.637,-0.197,-0.098,-0.016,0.505,0.625,0.584,-0.147,0.018,-0.091,0.592,0.549,1.0,-0.533,-0.443,-0.295
19,y1,0.559,-0.125,-0.093,-0.073,-0.467,-0.494,-0.488,-0.242,-0.327,-0.034,-0.442,-0.437,-0.533,1.0,0.543,0.53
19,y2,0.342,-0.047,-0.012,-0.188,-0.441,-0.405,-0.42,-0.193,-0.338,-0.088,-0.343,-0.285,-0.443,0.543,1.0,0.458
19,y3,0.326,0.058,-0.277,-0.085,-0.443,-0.474,-0.377,-0.206,-0.154,-0.011,-0.271,-0.349,-0.295,0.53,0.458,1.0
20,.,1.0,-0.015,-0.062,-0.172,-0.576,-0.564,-0.646,-0.004,-0.287,0.107,-0.744,-0.591,-0.656,0.573,0.36,0.35
20,A1_1,-0.015,1.0,0.208,0.165,-0.115,-0.241,-0.098,0.344,0.265,0.369,-0.217,-0.174,-0.203,-0.123,-0.051,0.05
20,A1_2,-0.062,0.208,1.0,0.16,-0.171,-0.161,-0.158,0.41,0.257,0.241,-0.178,-0.215,-0.109,-0.092,-0.016,-0.269
20,A1_3,-0.172,0.165,0.16,1.0,-0.087,-0.152,0.013,0.254,0.308,0.149,-0.003,-0.049,-0.024,-0.081,-0.192,-0.094
20,B1_1,-0.576,-0.115,-0.171,-0.087,1.0,0.679,0.653,-0.123,0.181,-0.245,0.653,0.699,0.541,-0.498,-0.466,-0.47
20,B1_2,-0.564,-0.241,-0.161,-0.152,0.679,1.0,0.587,-0.153,0.07,-0.243,0.65,0.654,0.653,-0.522,-0.431,-0.498
20,B1_3,-0.646,-0.098,-0.158,0.013,0.653,0.587,1.0,-0.08,0.15,-0.086,0.63,0.637,0.615,-0.516,-0.444,-0.406
20,A2_1,-0.004,0.344,0.41,0.254,-0.123,-0.153,-0.08,1.0,0.102,0.16,-0.092,-0.135,-0.153,-0.239,-0.195,-0.207
20,A2_2,-0.287,0.265,0.257,0.308,0.181,0.07,0.15,0.102,1.0,0.243,0.124,0.028,0.018,-0.333,-0.344,-0.169
20,A2_3,0.107,0.369,0.241,0.149,-0.245,-0.243,-0.086,0.16,0.243,1.0,-0.312,-0.182,-0.104,-0.036,-0.09,-0.016
20,B2_1,-0.744,-0.217,-0.178,-0.003,0.653,0.65,0.63,-0.092,0.124,-0.312,1.0,0.706,0.622,-0.469,-0.369,-0.304
20,B2_2,-0.591,-0.174,-0.215,-0.049,0.699,0.654,0.637,-0.135,0.028,-0.182,0.706,1.0,0.582,-0.466,-0.317,-0.379
20,B2_3,-0.656,-0.203,-0.109,-0.024,0.541,0.653,0.615,-0.153,0.018,-0.104,0.622,0.582,1.0,-0.556,-0.464,-0.328
20,y1,0.573,-0.123,-0.092,-0.081,-0.498,-0.522,-0.516,-0.239,-0.333,-0.036,-0.469,-0.466,-0.556,1.0,0.574,0.562
20,y2,0.36,-0.051,-0.016,-0.192,-0.466,-0.431,-0.444,-0.195,-0.344,-0.09,-0.369,-0.317,-0.464,0.574,1.0,0.494
20,y3,0.35,0.05,-0.269,-0.094,-0.47,-0.498,-0.406,-0.207,-0.169,-0.016,-0.304,-0.379,-0.328,0.562,0.494,1.0
21,.,1.0,-0.016,-0.06,-0.169,-0.6,-0.587,-0.666,-0.001,-0.285,0.106,-0.755,-0.613,-0.673,0.586,0.378,0.373
21,A1_1,-0.016,1.0,0.229,0.186,-0.121,-0.244,-0.105,0.36,0.283,0.384,-0.22,-0.181,-0.208,-0.122,-0.055,0.041
21,A1_2,-0.06,0.229,1.0,0.182,-0.175,-0.168,-0.162,0.425,0.275,0.259,-0.184,-0.22,-0.118,-0.09,-0.02,-0.261
21,A1_3,-0.169,0.186,0.182,1.0,-0.089,-0.153,0.008,0.272,0.324,0.169,-0.011,-0.056,-0.031,-0.089,-0.196,-0.103
21,B1_1,-0.6,-0.121,-0.175,-0.089,1.0,0.702,0.679,-0.127,0.175,-0.248,0.678,0.721,0.575,-0.527,-0.49,-0.496
21,B1_2,-0.587,-0.244,-0.168,-0.153,0.702,1.0,0.618,-0.159,0.066,-0.249,0.676,0.679,0.679,-0.548,-0.457,-0.52
21,B1_3,-0.666,-0.105,-0.162,0.008,0.679,0.618,1.0,-0.086,0.147,-0.096,0.657,0.664,0.644,-0.542,-0.468,-0.434
21,A2_1,-0.001,0.36,0.425,0.272,-0.127,-0.159,-0.086,1.0,0.123,0.179,-0.1,-0.143,-0.159,-0.237,-0.196,-0.208
21,A2_2,-0.285,0.283,0.275,0.324,0.175,0.066,0.147,0.123,1.0,0.26,0.119,0.025,0.017,-0.337,-0.349,-0.183
21,A2_3,0.106,0.384,0.259,0.169,-0.248,-0.249,-0.096,0.179,0.26,1.0,-0.313,-0.192,-0.117,-0.039,-0.091,-0.021
21,B2_1,-0.755,-0.22,-0.184,-0.011,0.678,0.676,0.657,-0.1,0.119,-0.313,1.0,0.727,0.65,-0.495,-0.395,-0.336
21,B2_2,-0.613,-0.181,-0.22,-0.056,0.721,0.679,0.664,-0.143,0.025,-0.192,0.727,1.0,0.612,-0.493,-0.348,-0.407
21,B2_3,-0.673,-0.208,-0.118,-0.031,0.575,0.679,0.644,-0.159,0.017,-0.117,0.65,0.612,1.0,-0.577,-0.485,-0.359
21,y1,0.586,-0.122,-0.09,-0.089,-0.527,-0.548,-0.542,-0.237,-0.337,-0.039,-0.495,-0.493,-0.577,1.0,0.604,0.592
21,y2,0.378,-0.055,-0.02,-0.196,-0.49,-0.457,-0.468,-0.196,-0.349,-0.091,-0.395,-0.348,-0.485,0.604,1.0,0.528
21,y3,0.373,0.041,-0.261,-0.103,-0.496,-0.52,-0.434,-0.208,-0.183,-0.021,-0.336,-0.407,-0.359,0.592,0.528,1.0
22,.,1.0,-0.017,-0.059,-0.166,-0.622,-0.607,-0.685,0.001,-0.284,0.105,-0.766,-0.632,-0.688,0.598,0.396,0.395
22,A1_1,-0.017,1.0,0.25,0.208,-0.127,-0.247,-0.111,0.377,0.301,0.399,-0.224,-0.188,-0.212,-0.12,-0.058,0.033
22,A1_2,-0.059,0.25,1.0,0.203,-0.178,-0.175,-0.166,0.439,0.293,0.278,-0.189,-0.224,-0.127,-0.089,-0.024,-0.254
22,A1_3,-0.166,0.208,0.203,1.0,-0.09,-0.154,0.002,0.289,0.34,0.189,-0.019,-0.063,-0.038,-0.095,-0.199,-0.111
22,B1_1,-0.622,-0.127,-0.178,-0.09,1.0,0.724,0.702,-0.132,0.169,-0.25,0.701,0.74,0.606,-0.554,-0.513,-0.52
22,B1_2,-0.607,-0.247,-0.175,-0.154,0.724,1.0,0.646,-0.165,0.062,-0.255,0.7,0.702,0.703,-0.572,-0.48,-0.542
22,B1_3,-0.685,-0.111,-0.166,0.002,0.702,0.646,1.0,-0.093,0.144,-0.106,0.683,0.689,0.67,-0.566,-0.49,-0.461
22,A2_1,0.001,0.377,0.439,0.289,-0.132,-0.165,-0.093,1.0,0.143,0.198,-0.108,-0.15,-0.165,-0.234,-0.196,-0.209
22,A2_2,-0.284,0.301,0.293,0.34,0.169,0.062,0.144,0.143,1.0,0.277,0.113,0.022,0.016,-0.34,-0.353,-0.195
22,A2_3,0.105,0.399,0.278,0.189,-0.25,-0.255,-0.106,0.198,0.277,1.0,-0.315,-0.201,-0.129,-0.04,-0.092,-0.025
22,B2_1,-0.766,-0.224,-0.189,-0.019,0.701,0.7,0.683,-0.108,0.113,-0.315,1.0,0.747,0.675,-0.519,-0.419,-0.366
22,B2_2,-0.632,-0.188,-0.224,-0.063,0.74,0.702,0.689,-0.15,0.022,-0.201,0.747,1.0,0.64,-0.518,-0.377,-0.433
22,B2_3,-0.688,-0.212,-0.127,-0.038,0.606,0.703,0.67,-0.165,0.016,-0.129,0.675,0.64,1.0,-0.597,-0.504,-0.39
22,y1,0.598,-0.12,-0.089,-0.095,-0.554,-0.572,-0.566,-0.234,-0.34,-0.04,-0.519,-0.518,-0.597,1.0,0.632,0.62
22,y2,0.396,-0.058,-0.024,-0.199,-0.513,-0.48,-0.49,-0.196,-0.353,-0.092,-0.419,-0.377,-0.504,0.632,1.0,0.56
22,y3,0.395,0.033,-0.254,-0.111,-0.52,-0.542,-0.461,-0.209,-0.195,-0.025,-0.366,-0.433,-0.39,0.62,0.56,1.0
23,.,1.0,-0.017,-0.057,-0.163,-0.642,-0.626,-0.702,0.003,-0.282,0.104,-0.776,-0.65,-0.702,0.61,0.413,0.416
23,A1_1,-0.017,1.0,0.27,0.229,-0.132,-0.249,-0.117,0.393,0.319,0.414,-0.226,-0.194,-0.216,-0.119,-0.061,0.026
23,A1_2,-0.057,0.27,1.0,0.224,-0.182,-0.181,-0.17,0.454,0.311,0.296,-0.194,-0.229,-0.136,-0.088,-0.028,-0.246
23,A1_3,-0.163,0.229,0.224,1.0,-0.092,-0.155,-0.003,0.307,0.356,0.209,-0.026,-0.069,-0.045,-0.101,-0.201,-0.118
23,B1_1,-0.642,-0.132,-0.182,-0.092,1.0,0.743,0.724,-0.136,0.163,-0.253,0.723,0.759,0.634,-0.579,-0.534,-0.543
23,B1_2,-0.626,-0.249,-0.181,-0.155,0.743,1.0,0.672,-0.17,0.058,-0.26,0.721,0.723,0.724,-0.595,-0.503,-0.562
23,B1_3,-0.702,-0.117,-0.17,-0.003,0.724,0.672,1.0,-0.099,0.139,-0.115,0.706,0.711,0.695,-0.588,-0.511,-0.486
23,A2_1,0.003,0.393,0.454,0.307,-0.136,-0.17,-0.099,1.0,0.164,0.218,-0.116,-0.157,-0.171,-0.231,-0.197,-0.209
23,A2_2,-0.282,0.319,0.311,0.356,0.163,0.058,0.139,0.164,1.0,0.293,0.107,0.019,0.014,-0.343,-0.356,-0.207
23,A2_3,0.104,0.414,0.296,0.209,-0.253,-0.26,-0.115,0.218,0.293,1.0,-0.317,-0.209,-0.14,-0.042,-0.093,-0.029
23,B2_1,-0.776,-0.226,-0.194,-0.026,0.723,0.721,0.706,-0.116,0.107,-0.317,1.0,0.765,0.699,-0.541,-0.442,-0.394
23,B2_2,-0.65,-0.194,-0.229,-0.069,0.759,0.723,0.711,-0.157,0.019,-0.209,0.765,1.0,0.666,-0.542,-0.404,-0.459
23,B2_3,-0.702,-0.216,-0.136,-0.045,0.634,0.724,0.695,-0.171,0.014,-0.14,0.699,0.666,1.0,-0.615,-0.523,-0.418
23,y1,0.61,-0.119,-0.088,-0.101,-0.579,-0.595,-0.588,-0.231,-0.343,-0.042,-0.541,-0.542,-0.615,1.0,0.658,0.647
23,y2,0.413,-0.061,-0.028,-0.201,-0.534,-0.503,-0.511,-0.197,-0.356,-0.093,-0.442,-0.404,-0.523,0.658,1.0,0.591
23,y3,0.416,0.026,-0.246,-0.118,-0.543,-0.562,-0.486,-0.209,-0.207,-0.029,-0.394,-0.459,-0.418,0.647,0.591,1.0
24,.,1.0,-0.018,-0.056,-0.159,-0.66,-0.644,-0.717,0.004,-0.28,0.102,-0.785,-0.667,-0.715,0.621,0.429,0.436
