,,.,A1_1,A1_2,A1_3,B1_1,B1_2,B1_3,A2_1,A2_2,A2_3,B2_1,B2_2,B2_3,y1,y2,y3
1,.,1.0,-0.12,-0.127,0.108,0.059,0.088,0.255,0.003,-0.207,-0.059,0.215,0.212,0.079,0.1,0.058,-0.017
1,A1_1,-0.12,1.0,0.171,0.059,0.02,-0.078,-0.099,0.251,-0.163,0.055,-0.056,-0.289,0.068,-0.165,-0.43,0.203
1,A1_2,-0.127,0.171,1.0,-0.019,0.008,-0.213,-0.113,0.103,0.097,0.146,0.038,-0.158,0.043,-0.113,-0.103,0.048
1,A1_3,0.108,0.059,-0.019,1.0,0.069,-0.024,-0.106,0.043,-0.013,-0.034,0.06,0.332,0.082,-0.026,-0.305,0.105
1,B1_1,0.059,0.02,0.008,0.069,1.0,-0.138,0.186,-0.022,0.024,0.035,-0.039,0.115,-0.162,-0.049,-0.278,0.081
1,B1_2,0.088,-0.078,-0.213,-0.024,-0.138,1.0,0.162,0.092,-0.007,-0.036,0.086,0.06,0.166,0.125,0.113,0.01
1,B1_3,0.255,-0.099,-0.113,-0.106,0.186,0.162,1.0,0.074,-0.161,0.009,0.167,0.17,-0.217,0.002,0.201,-0.002
1,A2_1,0.003,0.251,0.103,0.043,-0.022,0.092,0.074,1.0,-0.037,-0.147,0.384,-0.149,-0.039,-0.155,-0.01,0.24
1,A2_2,-0.207,-0.163,0.097,-0.013,0.024,-0.007,-0.161,-0.037,1.0,0.163,-0.123,0.011,-0.074,0.057,0.064,-0.004
1,A2_3,-0.059,0.055,0.146,-0.034,0.035,-0.036,0.009,-0.147,0.163,1.0,-0.091,-0.056,0.148,-0.014,-0.092,0.139
1,B2_1,0.215,-0.056,0.038,0.06,-0.039,0.086,0.167,0.384,-0.123,-0.091,1.0,0.048,-0.089,-0.029,0.162,0.03
1,B2_2,0.212,-0.289,-0.158,0.332,0.115,0.06,0.17,-0.149,0.011,-0.056,0.048,1.0,-0.06,0.11,0.144,-0.061
1,B2_3,0.079,0.068,0.043,0.082,-0.162,0.166,-0.217,-0.039,-0.074,0.148,-0.089,-0.06,1.0,0.07,-0.127,-0.113
1,y1,0.1,-0.165,-0.113,-0.026,-0.049,0.125,0.002,-0.155,0.057,-0.014,-0.029,0.11,0.07,1.0,-0.021,-0.027
1,y2,0.058,-0.43,-0.103,-0.305,-0.278,0.113,0.201,-0.01,0.064,-0.092,0.162,0.144,-0.127,-0.021,1.0,0.06
1,y3,-0.017,0.203,0.048,0.105,0.081,0.01,-0.002,0.24,-0.004,0.139,0.03,-0.061,-0.113,-0.027,0.06,1.0
2,.,1.0,-0.11,-0.129,0.136,0.053,0.086,0.252,0.007,-0.204,-0.073,0.195,0.202,0.055,0.111,0.045,-0.019
2,A1_1,-0.11,1.0,0.176,0.06,0.024,-0.083,-0.1,0.254,-0.159,0.06,-0.056,-0.286,0.067,-0.175,-0.433,0.197
2,A1_2,-0.129,0.176,1.0,-0.017,0.017,-0.212,-0.108,0.107,0.101,0.152,0.042,-0.151,0.047,-0.122,-0.109,0.042
2,A1_3,0.136,0.06,-0.017,1.0,0.075,-0.027,-0.105,0.042,-0.013,-0.032,0.062,0.333,0.083,-0.04,-0.315,0.095
2,B1_1,0.053,0.024,0.017,0.075,1.0,-0.13,0.189,-0.012,0.028,0.029,-0.025,0.126,-0.155,-0.056,-0.284,0.072
2,B1_2,0.086,-0.083,-0.212,-0.027,-0.13,1.0,0.161,0.093,-0.011,-0.05,0.094,0.068,0.168,0.127,0.112,0.01
2,B1_3,0.252,-0.1,-0.108,-0.105,0.189,0.161,1.0,0.08,-0.161,-0.001,0.17,0.174,-0.221,0.001,0.198,-0.003
2,A2_1,0.007,0.254,0.107,0.042,-0.012,0.093,0.08,1.0,-0.035,-0.142,0.387,-0.142,-0.033,-0.165,-0.018,0.233
2,A2_2,-0.204,-0.159,0.101,-0.013,0.028,-0.011,-0.161,-0.035,1.0,0.167,-0.121,0.013,-0.074,0.051,0.059,-0.006
2,A2_3,-0.073,0.06,0.152,-0.032,0.029,-0.05,-0.001,-0.142,0.167,1.0,-0.1,-0.064,0.137,-0.012,-0.087,0.143
2,B2_1,0.195,-0.056,0.042,0.062,-0.025,0.094,0.17,0.387,-0.121,-0.1,1.0,0.062,-0.081,-0.03,0.156,0.026
2,B2_2,0.202,-0.286,-0.151,0.333,0.126,0.068,0.174,-0.142,0.013,-0.064,0.062,1.0,-0.051,0.104,0.136,-0.067
2,B2_3,0.055,0.067,0.047,0.083,-0.155,0.168,-0.221,-0.033,-0.074,0.137,-0.081,-0.051,1.0,0.076,-0.122,-0.109
2,y1,0.111,-0.175,-0.122,-0.04,-0.056,0.127,0.001,-0.165,0.051,-0.012,-0.03,0.104,0.076,1.0,-0.012,-0.024
2,y2,0.045,-0.433,-0.109,-0.315,-0.284,0.112,0.198,-0.018,0.059,-0.087,0.156,0.136,-0.122,-0.012,1.0,0.069
2,y3,-0.019,0.197,0.042,0.095,0.072,0.01,-0.003,0.233,-0.006,0.143,0.026,-0.067,-0.109,-0.024,0.069,1.0
3,.,1.0,-0.101,-0.131,0.161,0.041,0.079,0.244,0.008,-0.202,-0.085,0.169,0.186,0.028,0.118,0.03,-0.022
3,A1_1,-0.101,1.0,0.182,0.062,0.027,-0.088,-0.101,0.257,-0.153,0.066,-0.055,-0.282,0.065,-0.184,-0.437,0.19
3,A1_2,-0.131,0.182,1.0,-0.013,0.025,-0.21,-0.104,0.112,0.107,0.159,0.046,-0.145,0.051,-0.132,-0.116,0.036
3,A1_3,0.161,0.062,-0.013,1.0,0.081,-0.03,-0.103,0.043,-0.012,-0.029,0.063,0.332,0.085,-0.056,-0.326,0.084
3,B1_1,0.041,0.027,0.025,0.081,1.0,-0.116,0.195,-0.002,0.032,0.022,-0.005,0.142,-0.142,-0.064,-0.29,0.061
3,B1_2,0.079,-0.088,-0.21,-0.03,-0.116,1.0,0.164,0.094,-0.015,-0.065,0.107,0.081,0.173,0.127,0.11,0.009
3,B1_3,0.244,-0.101,-0.104,-0.103,0.195,0.164,1.0,0.085,-0.161,-0.013,0.178,0.181,-0.219,0.0,0.193,-0.007
3,A2_1,0.008,0.257,0.112,0.043,-0.002,0.094,0.085,1.0,-0.031,-0.136,0.389,-0.133,-0.026,-0.175,-0.028,0.225
3,A2_2,-0.202,-0.153,0.107,-0.012,0.032,-0.015,-0.161,-0.031,1.0,0.172,-0.119,0.013,-0.074,0.044,0.053,-0.009
3,A2_3,-0.085,0.066,0.159,-0.029,0.022,-0.065,-0.013,-0.136,0.172,1.0,-0.111,-0.072,0.123,-0.01,-0.082,0.147
3,B2_1,0.169,-0.055,0.046,0.063,-0.005,0.107,0.178,0.389,-0.119,-0.111,1.0,0.081,-0.066,-0.032,0.147,0.021
3,B2_2,0.186,-0.282,-0.145,0.332,0.142,0.081,0.181,-0.133,0.013,-0.072,0.081,1.0,-0.038,0.097,0.125,-0.074
3,B2_3,0.028,0.065,0.051,0.085,-0.142,0.173,-0.219,-0.026,-0.074,0.123,-0.066,-0.038,1.0,0.08,-0.118,-0.107
3,y1,0.118,-0.184,-0.132,-0.056,-0.064,0.127,0.0,-0.175,0.044,-0.01,-0.032,0.097,0.08,1.0,-0.0,-0.019
3,y2,0.03,-0.437,-0.116,-0.326,-0.29,0.11,0.193,-0.028,0.053,-0.082,0.147,0.125,-0.118,-0.0,1.0,0.08
3,y3,-0.022,0.19,0.036,0.084,0.061,0.009,-0.007,0.225,-0.009,0.147,0.021,-0.074,-0.107,-0.019,0.08,1.0
4,.,1.0,-0.092,-0.133,0.181,0.025,0.068,0.231,0.007,-0.198,-0.095,0.137,0.165,-0.002,0.121,0.015,-0.025
4,A1_1,-0.092,1.0,0.189,0.065,0.029,-0.093,-0.102,0.261,-0.147,0.074,-0.056,-0.279,0.062,-0.194,-0.439,0.181
4,A1_2,-0.133,0.189,1.0,-0.009,0.033,-0.208,-0.1,0.117,0.113,0.166,0.05,-0.138,0.054,-0.142,-0.124,0.028
4,A1_3,0.181,0.065,-0.009,1.0,0.085,-0.033,-0.102,0.045,-0.009,-0.024,0.064,0.331,0.085,-0.071,-0.337,0.072
4,B1_1,0.025,0.029,0.033,0.085,1.0,-0.097,0.205,0.008,0.035,0.013,0.02,0.161,-0.122,-0.074,-0.296,0.048
4,B1_2,0.068,-0.093,-0.208,-0.033,-0.097,1.0,0.171,0.095,-0.02,-0.081,0.125,0.098,0.184,0.125,0.104,0.005
4,B1_3,0.231,-0.102,-0.1,-0.102,0.205,0.171,1.0,0.091,-0.162,-0.025,0.19,0.192,-0.21,-0.002,0.186,-0.012
4,A2_1,0.007,0.261,0.117,0.045,0.008,0.095,0.091,1.0,-0.027,-0.129,0.39,-0.125,-0.02,-0.187,-0.038,0.215
4,A2_2,-0.198,-0.147,0.113,-0.009,0.035,-0.02,-0.162,-0.027,1.0,0.177,-0.117,0.014,-0.074,0.036,0.047,-0.013
4,A2_3,-0.095,0.074,0.166,-0.024,0.013,-0.081,-0.025,-0.129,0.177,1.0,-0.121,-0.082,0.108,-0.008,-0.077,0.15
4,B2_1,0.137,-0.056,0.05,0.064,0.02,0.125,0.19,0.39,-0.117,-0.121,1.0,0.104,-0.045,-0.037,0.136,0.012
4,B2_2,0.165,-0.279,-0.138,0.331,0.161,0.098,0.192,-0.125,0.014,-0.082,0.104,1.0,-0.018,0.088,0.111,-0.083
4,B2_3,-0.002,0.062,0.054,0.085,-0.122,0.184,-0.21,-0.02,-0.074,0.108,-0.045,-0.018,1.0,0.082,-0.116,-0.106
4,y1,0.121,-0.194,-0.142,-0.071,-0.074,0.125,-0.002,-0.187,0.036,-0.008,-0.037,0.088,0.082,1.0,0.014,-0.01
4,y2,0.015,-0.439,-0.124,-0.337,-0.296,0.104,0.186,-0.038,0.047,-0.077,0.136,0.111,-0.116,0.014,1.0,0.094
4,y3,-0.025,0.181,0.028,0.072,0.048,0.005,-0.012,0.215,-0.013,0.15,0.012,-0.083,-0.106,-0.01,0.094,1.0
5,.,1.0,-0.084,-0.136,0.198,0.004,0.051,0.213,0.004,-0.194,-0.103,0.1,0.137,-0.035,0.121,-0.0,-0.027
5,A1_1,-0.084,1.0,0.196,0.068,0.03,-0.099,-0.104,0.265,-0.139,0.082,-0.057,-0.275,0.059,-0.204,-0.442,0.172
5,A1_2,-0.136,0.196,1.0,-0.003,0.039,-0.206,-0.096,0.124,0.12,0.174,0.052,-0.132,0.056,-0.153,-0.132,0.019
5,A1_3,0.198,0.068,-0.003,1.0,0.088,-0.036,-0.102,0.048,-0.006,-0.019,0.064,0.327,0.084,-0.088,-0.347,0.06
5,B1_1,0.004,0.03,0.039,0.088,1.0,-0.071,0.219,0.017,0.038,0.003,0.05,0.185,-0.095,-0.086,-0.304,0.031
5,B1_2,0.051,-0.099,-0.206,-0.036,-0.071,1.0,0.182,0.096,-0.024,-0.097,0.148,0.12,0.199,0.121,0.096,-0.002
5,B1_3,0.213,-0.104,-0.096,-0.102,0.219,0.182,1.0,0.096,-0.162,-0.039,0.206,0.207,-0.195,-0.006,0.176,-0.019
5,A2_1,0.004,0.265,0.124,0.048,0.017,0.096,0.096,1.0,-0.021,-0.121,0.389,-0.116,-0.013,-0.199,-0.05,0.204
5,A2_2,-0.194,-0.139,0.12,-0.006,0.038,-0.024,-0.162,-0.021,1.0,0.184,-0.116,0.013,-0.075,0.028,0.04,-0.017
5,A2_3,-0.103,0.082,0.174,-0.019,0.003,-0.097,-0.039,-0.121,0.184,1.0,-0.133,-0.092,0.092,-0.006,-0.072,0.153
5,B2_1,0.1,-0.057,0.052,0.064,0.05,0.148,0.206,0.389,-0.116,-0.133,1.0,0.132,-0.017,-0.043,0.121,0.001
5,B2_2,0.137,-0.275,-0.132,0.327,0.185,0.12,0.207,-0.116,0.013,-0.092,0.132,1.0,0.007,0.076,0.095,-0.094
5,B2_3,-0.035,0.059,0.056,0.084,-0.095,0.199,-0.195,-0.013,-0.075,0.092,-0.017,0.007,1.0,0.081,-0.117,-0.109
5,y1,0.121,-0.204,-0.153,-0.088,-0.086,0.121,-0.006,-0.199,0.028,-0.006,-0.043,0.076,0.081,1.0,0.032,0.002
5,y2,-0.0,-0.442,-0.132,-0.347,-0.304,0.096,0.176,-0.05,0.04,-0.072,0.121,0.095,-0.117,0.032,1.0,0.111
5,y3,-0.027,0.172,0.019,0.06,0.031,-0.002,-0.019,0.204,-0.017,0.153,0.001,-0.094,-0.109,0.002,0.111,1.0
6,.,1.0,-0.076,-0.138,0.21,-0.023,0.03,0.189,-0.002,-0.189,-0.107,0.059,0.105,-0.07,0.12,-0.013,-0.028
6,A1_1,-0.076,1.0,0.204,0.073,0.03,-0.104,-0.106,0.27,-0.13,0.091,-0.059,-0.272,0.054,-0.214,-0.443,0.162
6,A1_2,-0.138,0.204,1.0,0.003,0.044,-0.204,-0.093,0.13,0.128,0.183,0.053,-0.127,0.057,-0.164,-0.14,0.01
6,A1_3,0.21,0.073,0.003,1.0,0.09,-0.04,-0.101,0.051,-0.002,-0.012,0.062,0.322,0.083,-0.105,-0.357,0.046
6,B1_1,-0.023,0.03,0.044,0.09,1.0,-0.039,0.237,0.026,0.039,-0.008,0.086,0.212,-0.062,-0.1,-0.313,0.011
6,B1_2,0.03,-0.104,-0.204,-0.04,-0.039,1.0,0.198,0.096,-0.03,-0.113,0.175,0.146,0.22,0.113,0.085,-0.012
6,B1_3,0.189,-0.106,-0.093,-0.101,0.237,0.198,1.0,0.101,-0.162,-0.053,0.226,0.226,-0.173,-0.012,0.163,-0.03
6,A2_1,-0.002,0.27,0.13,0.051,0.026,0.096,0.101,1.0,-0.015,-0.112,0.386,-0.108,-0.007,-0.212,-0.062,0.191
6,A2_2,-0.189,-0.13,0.128,-0.002,0.039,-0.03,-0.162,-0.015,1.0,0.191,-0.115,0.012,-0.076,0.019,0.032,-0.022
6,A2_3,-0.107,0.091,0.183,-0.012,-0.008,-0.113,-0.053,-0.112,0.191,1.0,-0.144,-0.103,0.074,-0.004,-0.068,0.155
6,B2_1,0.059,-0.059,0.053,0.062,0.086,0.175,0.226,0.386,-0.115,-0.144,1.0,0.164,0.017,-0.053,0.103,-0.014
6,B2_2,0.105,-0.272,-0.127,0.322,0.212,0.146,0.226,-0.108,0.012,-0.103,0.164,1.0,0.037,0.061,0.077,-0.108
6,B2_3,-0.07,0.054,0.057,0.083,-0.062,0.22,-0.173,-0.007,-0.076,0.074,0.017,0.037,1.0,0.077,-0.12,-0.114
6,y1,0.12,-0.214,-0.164,-0.105,-0.1,0.113,-0.012,-0.212,0.019,-0.004,-0.053,0.061,0.077,1.0,0.053,0.018
6,y2,-0.013,-0.443,-0.14,-0.357,-0.313,0.085,0.163,-0.062,0.032,-0.068,0.103,0.077,-0.12,0.053,1.0,0.131
6,y3,-0.028,0.162,0.01,0.046,0.011,-0.012,-0.03,0.191,-0.022,0.155,-0.014,-0.108,-0.114,0.018,0.131,1.0
7,.,1.0,-0.069,-0.14,0.218,-0.053,0.004,0.16,-0.008,-0.184,-0.109,0.014,0.068,-0.108,0.118,-0.022,-0.027
7,A1_1,-0.069,1.0,0.212,0.079,0.029,-0.11,-0.109,0.276,-0.12,0.101,-0.061,-0.269,0.048,-0.224,-0.444,0.151
7,A1_2,-0.14,0.212,1.0,0.01,0.048,-0.202,-0.09,0.138,0.136,0.193,0.052,-0.122,0.056,-0.175,-0.149,0.001
7,A1_3,0.218,0.079,0.01,1.0,0.091,-0.044,-0.101,0.055,0.003,-0.004,0.059,0.315,0.08,-0.121,-0.366,0.033
7,B1_1,-0.053,0.029,0.048,0.091,1.0,-0.002,0.26,0.034,0.039,-0.02,0.124,0.242,-0.023,-0.116,-0.324,-0.011
7,B1_2,0.004,-0.11,-0.202,-0.044,-0.002,1.0,0.218,0.096,-0.035,-0.13,0.206,0.175,0.244,0.101,0.07,-0.024
7,B1_3,0.16,-0.109,-0.09,-0.101,0.26,0.218,1.0,0.106,-0.162,-0.068,0.251,0.249,-0.143,-0.022,0.146,-0.043
7,A2_1,-0.008,0.276,0.138,0.055,0.034,0.096,0.106,1.0,-0.008,-0.102,0.382,-0.1,-0.001,-0.226,-0.074,0.177
7,A2_2,-0.184,-0.12,0.136,0.003,0.039,-0.035,-0.162,-0.008,1.0,0.199,-0.114,0.01,-0.077,0.009,0.024,-0.027
7,A2_3,-0.109,0.101,0.193,-0.004,-0.02,-0.13,-0.068,-0.102,0.199,1.0,-0.156,-0.115,0.056,-0.002,-0.062,0.158
7,B2_1,0.014,-0.061,0.052,0.059,0.124,0.206,0.251,0.382,-0.114,-0.156,1.0,0.198,0.056,-0.066,0.081,-0.031
7,B2_2,0.068,-0.269,-0.122,0.315,0.242,0.175,0.249,-0.1,0.01,-0.115,0.198,1.0,0.071,0.043,0.055,-0.124
7,B2_3,-0.108,0.048,0.056,0.08,-0.023,0.244,-0.143,-0.001,-0.077,0.056,0.056,0.071,1.0,0.069,-0.126,-0.122
7,y1,0.118,-0.224,-0.175,-0.121,-0.116,0.101,-0.022,-0.226,0.009,-0.002,-0.066,0.043,0.069,1.0,0.078,0.037
7,y2,-0.022,-0.444,-0.149,-0.366,-0.324,0.07,0.146,-0.074,0.024,-0.062,0.081,0.055,-0.126,0.078,1.0,0.154
7,y3,-0.027,0.151,0.001,0.033,-0.011,-0.024,-0.043,0.177,-0.027,0.158,-0.031,-0.124,-0.122,0.037,0.154,1.0
8,.,1.0,-0.062,-0.141,0.223,-0.088,-0.027,0.125,-0.016,-0.179,-0.108,-0.033,0.027,-0.148,0.118,-0.027,-0.022
8,A1_1,-0.062,1.0,0.222,0.086,0.027,-0.117,-0.113,0.282,-0.109,0.112,-0.064,-0.266,0.041,-0.233,-0.445,0.139
8,A1_2,-0.141,0.222,1.0,0.018,0.05,-0.201,-0.088,0.146,0.145,0.203,0.051,-0.118,0.055,-0.186,-0.157,-0.009
8,A1_3,0.223,0.086,0.018,1.0,0.09,-0.05,-0.102,0.06,0.01,0.005,0.055,0.306,0.075,-0.138,-0.375,0.019
8,B1_1,-0.088,0.027,0.05,0.09,1.0,0.038,0.286,0.041,0.039,-0.032,0.166,0.275,0.02,-0.135,-0.337,-0.036
8,B1_2,-0.027,-0.117,-0.201,-0.05,0.038,1.0,0.242,0.095,-0.042,-0.147,0.241,0.208,0.273,0.085,0.052,-0.04
8,B1_3,0.125,-0.113,-0.088,-0.102,0.286,0.242,1.0,0.109,-0.163,-0.084,0.279,0.275,-0.107,-0.034,0.126,-0.059
8,A2_1,-0.016,0.282,0.146,0.06,0.041,0.095,0.109,1.0,-0.001,-0.091,0.375,-0.093,0.003,-0.239,-0.087,0.162
8,A2_2,-0.179,-0.109,0.145,0.01,0.039,-0.042,-0.163,-0.001,1.0,0.208,-0.114,0.007,-0.079,-0.001,0.016,-0.032
8,A2_3,-0.108,0.112,0.203,0.005,-0.032,-0.147,-0.084,-0.091,0.208,1.0,-0.168,-0.126,0.036,0.0,-0.057,0.159
8,B2_1,-0.033,-0.064,0.051,0.055,0.166,0.241,0.279,0.375,-0.114,-0.168,1.0,0.235,0.099,-0.082,0.056,-0.052
8,B2_2,0.027,-0.266,-0.118,0.306,0.275,0.208,0.275,-0.093,0.007,-0.126,0.235,1.0,0.109,0.022,0.031,-0.143
8,B2_3,-0.148,0.041,0.055,0.075,0.02,0.273,-0.107,0.003,-0.079,0.036,0.099,0.109,1.0,0.056,-0.135,-0.133
8,y1,0.118,-0.233,-0.186,-0.138,-0.135,0.085,-0.034,-0.239,-0.001,0.0,-0.082,0.022,0.056,1.0,0.105,0.061
8,y2,-0.027,-0.445,-0.157,-0.375,-0.337,0.052,0.126,-0.087,0.016,-0.057,0.056,0.031,-0.135,0.105,1.0,0.18
8,y3,-0.022,0.139,-0.009,0.019,-0.036,-0.04,-0.059,0.162,-0.032,0.159,-0.052,-0.143,-0.133,0.061,0.18,1.0
9,.,1.0,-0.056,-0.142,0.226,-0.125,-0.062,0.086,-0.023,-0.172,-0.104,-0.082,-0.017,-0.189,0.119,-0.027,-0.014
9,A1_1,-0.056,1.0,0.231,0.093,0.024,-0.124,-0.117,0.289,-0.097,0.124,-0.069,-0.264,0.033,-0.242,-0.444,0.128
9,A1_2,-0.142,0.231,1.0,0.027,0.051,-0.2,-0.087,0.155,0.154,0.213,0.048,-0.115,0.052,-0.197,-0.165,-0.019
9,A1_3,0.226,0.093,0.027,1.0,0.088,-0.056,-0.104,0.066,0.017,0.015,0.05,0.296,0.07,-0.154,-0.382,0.005
9,B1_1,-0.125,0.024,0.051,0.088,1.0,0.082,0.315,0.047,0.036,-0.045,0.209,0.309,0.067,-0.157,-0.351,-0.064
9,B1_2,-0.062,-0.124,-0.2,-0.056,0.082,1.0,0.269,0.092,-0.048,-0.164,0.277,0.242,0.304,0.065,0.03,-0.059
9,B1_3,0.086,-0.117,-0.087,-0.104,0.315,0.269,1.0,0.11,-0.164,-0.101,0.311,0.304,-0.066,-0.05,0.101,-0.077
9,A2_1,-0.023,0.289,0.155,0.066,0.047,0.092,0.11,1.0,0.008,-0.079,0.366,-0.087,0.007,-0.252,-0.1,0.146
9,A2_2,-0.172,-0.097,0.154,0.017,0.036,-0.048,-0.164,0.008,1.0,0.218,-0.115,0.003,-0.081,-0.011,0.007,-0.038
9,A2_3,-0.104,0.124,0.213,0.015,-0.045,-0.164,-0.101,-0.079,0.218,1.0,-0.181,-0.139,0.016,0.003,-0.051,0.161
9,B2_1,-0.082,-0.069,0.048,0.05,0.209,0.277,0.311,0.366,-0.115,-0.181,1.0,0.273,0.144,-0.101,0.028,-0.075
9,B2_2,-0.017,-0.264,-0.115,0.296,0.309,0.242,0.304,-0.087,0.003,-0.139,0.273,1.0,0.15,-0.003,0.004,-0.163
9,B2_3,-0.189,0.033,0.052,0.07,0.067,0.304,-0.066,0.007,-0.081,0.016,0.144,0.15,1.0,0.039,-0.147,-0.147
9,y1,0.119,-0.242,-0.197,-0.154,-0.157,0.065,-0.05,-0.252,-0.011,0.003,-0.101,-0.003,0.039,1.0,0.136,0.088
9,y2,-0.027,-0.444,-0.165,-0.382,-0.351,0.03,0.101,-0.1,0.007,-0.051,0.028,0.004,-0.147,0.136,1.0,0.208
9,y3,-0.014,0.128,-0.019,0.005,-0.064,-0.059,-0.077,0.146,-0.038,0.161,-0.075,-0.163,-0.147,0.088,0.208,1.0
10,.,1.0,-0.049,-0.141,0.227,-0.164,-0.099,0.044,-0.031,-0.166,-0.098,-0.131,-0.061,-0.23,0.123,-0.023,-0.003
10,A1_1,-0.049,1.0,0.242,0.102,0.019,-0.131,-0.121,0.297,-0.084,0.137,-0.074,-0.262,0.024,-0.249,-0.442,0.116
10,A1_2,-0.141,0.242,1.0,0.037,0.05,-0.199,-0.087,0.164,0.165,0.225,0.043,-0.114,0.048,-0.207,-0.173,-0.029
10,A1_3,0.227,0.102,0.037,1.0,0.084,-0.063,-0.106,0.073,0.025,0.026,0.043,0.283,0.063,-0.169,-0.388,-0.008
10,B1_1,-0.164,0.019,0.05,0.084,1.0,0.128,0.346,0.051,0.033,-0.059,0.253,0.344,0.115,-0.181,-0.366,-0.094
10,B1_2,-0.099,-0.131,-0.199,-0.063,0.128,1.0,0.3,0.089,-0.056,-0.181,0.315,0.279,0.338,0.042,0.006,-0.081
10,B1_3,0.044,-0.121,-0.087,-0.106,0.346,0.3,1.0,0.111,-0.166,-0.118,0.344,0.334,-0.02,-0.069,0.074,-0.099
10,A2_1,-0.031,0.297,0.164,0.073,0.051,0.089,0.111,1.0,0.017,-0.066,0.356,-0.082,0.009,-0.265,-0.113,0.13
10,A2_2,-0.166,-0.084,0.165,0.025,0.033,-0.056,-0.166,0.017,1.0,0.228,-0.117,-0.002,-0.085,-0.021,-0.001,-0.043
10,A2_3,-0.098,0.137,0.225,0.026,-0.059,-0.181,-0.118,-0.066,0.228,1.0,-0.193,-0.151,-0.005,0.006,-0.045,0.163
10,B2_1,-0.131,-0.074,0.043,0.043,0.253,0.315,0.344,0.356,-0.117,-0.193,1.0,0.312,0.191,-0.123,-0.002,-0.101
10,B2_2,-0.061,-0.262,-0.114,0.283,0.344,0.279,0.334,-0.082,-0.002,-0.151,0.312,1.0,0.192,-0.03,-0.026,-0.186
10,B2_3,-0.23,0.024,0.048,0.063,0.115,0.338,-0.02,0.009,-0.085,-0.005,0.191,0.192,1.0,0.018,-0.163,-0.164
10,y1,0.123,-0.249,-0.207,-0.169,-0.181,0.042,-0.069,-0.265,-0.021,0.006,-0.123,-0.03,0.018,1.0,0.17,0.118
10,y2,-0.023,-0.442,-0.173,-0.388,-0.366,0.006,0.074,-0.113,-0.001,-0.045,-0.002,-0.026,-0.163,0.17,1.0,0.238
10,y3,-0.003,0.116,-0.029,-0.008,-0.094,-0.081,-0.099,0.13,-0.043,0.163,-0.101,-0.186,-0.164,0.118,0.238,1.0
11,.,1.0,-0.043,-0.139,0.226,-0.204,-0.137,-0.001,-0.037,-0.158,-0.091,-0.18,-0.107,-0.272,0.13,-0.015,0.011
11,A1_1,-0.043,1.0,0.253,0.112,0.013,-0.139,-0.127,0.305,-0.07,0.15,-0.079,-0.261,0.014,-0.256,-0.438,0.105
11,A1_2,-0.139,0.253,1.0,0.048,0.048,-0.199,-0.087,0.173,0.175,0.237,0.038,-0.113,0.042,-0.216,-0.179,-0.038
11,A1_3,0.226,0.112,0.048,1.0,0.078,-0.071,-0.11,0.081,0.034,0.038,0.035,0.269,0.054,-0.184,-0.393,-0.021
11,B1_1,-0.204,0.013,0.048,0.078,1.0,0.175,0.378,0.053,0.028,-0.073,0.297,0.379,0.165,-0.207,-0.383,-0.125
11,B1_2,-0.137,-0.139,-0.199,-0.071,0.175,1.0,0.332,0.084,-0.064,-0.198,0.354,0.316,0.373,0.015,-0.022,-0.105
11,B1_3,-0.001,-0.127,-0.087,-0.11,0.378,0.332,1.0,0.11,-0.168,-0.135,0.378,0.367,0.029,-0.091,0.044,-0.123
11,A2_1,-0.037,0.305,0.173,0.081,0.053,0.084,0.11,1.0,0.027,-0.052,0.344,-0.079,0.01,-0.276,-0.125,0.114
11,A2_2,-0.158,-0.07,0.175,0.034,0.028,-0.064,-0.168,0.027,1.0,0.239,-0.12,-0.008,-0.089,-0.03,-0.009,-0.048
11,A2_3,-0.091,0.15,0.237,0.038,-0.073,-0.198,-0.135,-0.052,0.239,1.0,-0.205,-0.164,-0.025,0.01,-0.039,0.164
11,B2_1,-0.18,-0.079,0.038,0.035,0.297,0.354,0.378,0.344,-0.12,-0.205,1.0,0.35,0.238,-0.148,-0.034,-0.129
11,B2_2,-0.107,-0.261,-0.113,0.269,0.379,0.316,0.367,-0.079,-0.008,-0.164,0.35,1.0,0.235,-0.059,-0.056,-0.21
11,B2_3,-0.272,0.014,0.042,0.054,0.165,0.373,0.029,0.01,-0.089,-0.025,0.238,0.235,1.0,-0.007,-0.181,-0.183
11,y1,0.13,-0.256,-0.216,-0.184,-0.207,0.015,-0.091,-0.276,-0.03,0.01,-0.148,-0.059,-0.007,1.0,0.206,0.151
11,y2,-0.015,-0.438,-0.179,-0.393,-0.383,-0.022,0.044,-0.125,-0.009,-0.039,-0.034,-0.056,-0.181,0.206,1.0,0.27
11,y3,0.011,0.105,-0.038,-0.021,-0.125,-0.105,-0.123,0.114,-0.048,0.164,-0.129,-0.21,-0.183,0.151,0.27,1.0
12,.,1.0,-0.036,-0.137,0.225,-0.244,-0.177,-0.047,-0.043,-0.151,-0.083,-0.227,-0.152,-0.312,0.139,-0.003,0.028
12,A1_1,-0.036,1.0,0.264,0.122,0.006,-0.147,-0.133,0.314,-0.055,0.164,-0.086,-0.261,0.004,-0.261,-0.434,0.094
12,A1_2,-0.137,0.264,1.0,0.059,0.044,-0.2,-0.089,0.184,0.187,0.249,0.031,-0.114,0.035,-0.224,-0.185,-0.047
12,A1_3,0.225,0.122,0.059,1.0,0.071,-0.079,-0.114,0.089,0.044,0.051,0.026,0.254,0.044,-0.196,-0.396,-0.034
12,B1_1,-0.244,0.006,0.044,0.071,1.0,0.222,0.412,0.054,0.023,-0.088,0.341,0.414,0.214,-0.235,-0.401,-0.158
12,B1_2,-0.177,-0.147,-0.2,-0.079,0.222,1.0,0.366,0.078,-0.073,-0.214,0.392,0.353,0.408,-0.015,-0.051,-0.131
12,B1_3,-0.047,-0.133,-0.089,-0.114,0.412,0.366,1.0,0.107,-0.171,-0.152,0.413,0.399,0.079,-0.117,0.011,-0.149
12,A2_1,-0.043,0.314,0.184,0.089,0.054,0.078,0.107,1.0,0.038,-0.038,0.331,-0.076,0.01,-0.287,-0.137,0.098
12,A2_2,-0.151,-0.055,0.187,0.044,0.023,-0.073,-0.171,0.038,1.0,0.25,-0.123,-0.015,-0.095,-0.039,-0.017,-0.053
12,A2_3,-0.083,0.164,0.249,0.051,-0.088,-0.214,-0.152,-0.038,0.25,1.0,-0.218,-0.177,-0.046,0.013,-0.032,0.166
12,B2_1,-0.227,-0.086,0.031,0.026,0.341,0.392,0.413,0.331,-0.123,-0.218,1.0,0.388,0.285,-0.175,-0.068,-0.158
12,B2_2,-0.152,-0.261,-0.114,0.254,0.414,0.353,0.399,-0.076,-0.015,-0.177,0.388,1.0,0.279,-0.091,-0.089,-0.235
12,B2_3,-0.312,0.004,0.035,0.044,0.214,0.408,0.079,0.01,-0.095,-0.046,0.285,0.279,1.0,-0.035,-0.201,-0.205
12,y1,0.139,-0.261,-0.224,-0.196,-0.235,-0.015,-0.117,-0.287,-0.039,0.013,-0.175,-0.091,-0.035,1.0,0.243,0.187
12,y2,-0.003,-0.434,-0.185,-0.396,-0.401,-0.051,0.011,-0.137,-0.017,-0.032,-0.068,-0.089,-0.201,0.243,1.0,0.304
12,y3,0.028,0.094,-0.047,-0.034,-0.158,-0.131,-0.149,0.098,-0.053,0.166,-0.158,-0.235,-0.205,0.187,0.304,1.0
13,.,1.0,-0.029,-0.133,0.223,-0.283,-0.216,-0.094,-0.048,-0.142,-0.073,-0.272,-0.196,-0.35,0.151,0.012,0.047
13,A1_1,-0.029,1.0,0.276,0.134,-0.002,-0.155,-0.139,0.323,-0.039,0.179,-0.093,-0.261,-0.008,-0.265,-0.428,0.083
13,A1_2,-0.133,0.276,1.0,0.071,0.039,-0.202,-0.092,0.195,0.199,0.262,0.023,-0.115,0.027,-0.23,-0.19,-0.056
13,A1_3,0.223,0.134,0.071,1.0,0.063,-0.088,-0.119,0.099,0.056,0.065,0.016,0.238,0.033,-0.208,-0.398,-0.045
13,B1_1,-0.283,-0.002,0.039,0.063,1.0,0.268,0.445,0.053,0.016,-0.102,0.382,0.448,0.262,-0.264,-0.419,-0.191
13,B1_2,-0.216,-0.155,-0.202,-0.088,0.268,1.0,0.4,0.071,-0.083,-0.23,0.429,0.39,0.443,-0.047,-0.082,-0.159
13,B1_3,-0.094,-0.139,-0.092,-0.119,0.445,0.4,1.0,0.103,-0.175,-0.169,0.448,0.432,0.131,-0.144,-0.024,-0.177
13,A2_1,-0.048,0.323,0.195,0.099,0.053,0.071,0.103,1.0,0.05,-0.022,0.316,-0.075,0.008,-0.297,-0.148,0.082
13,A2_2,-0.142,-0.039,0.199,0.056,0.016,-0.083,-0.175,0.05,1.0,0.263,-0.128,-0.023,-0.101,-0.048,-0.024,-0.057
13,A2_3,-0.073,0.179,0.262,0.065,-0.102,-0.23,-0.169,-0.022,0.263,1.0,-0.23,-0.19,-0.067,0.017,-0.026,0.167
13,B2_1,-0.272,-0.093,0.023,0.016,0.382,0.429,0.448,0.316,-0.128,-0.23,1.0,0.425,0.331,-0.203,-0.102,-0.188
13,B2_2,-0.196,-0.261,-0.115,0.238,0.448,0.39,0.432,-0.075,-0.023,-0.19,0.425,1.0,0.321,-0.124,-0.122,-0.261
13,B2_3,-0.35,-0.008,0.027,0.033,0.262,0.443,0.131,0.008,-0.101,-0.067,0.331,0.321,1.0,-0.065,-0.222,-0.228
13,y1,0.151,-0.265,-0.23,-0.208,-0.264,-0.047,-0.144,-0.297,-0.048,0.017,-0.203,-0.124,-0.065,1.0,0.282,0.225
13,y2,0.012,-0.428,-0.19,-0.398,-0.419,-0.082,-0.024,-0.148,-0.024,-0.026,-0.102,-0.122,-0.222,0.282,1.0,0.339
13,y3,0.047,0.083,-0.056,-0.045,-0.191,-0.159,-0.177,0.082,-0.057,0.167,-0.188,-0.261,-0.228,0.225,0.339,1.0
14,.,1.0,-0.023,-0.129,0.222,-0.321,-0.255,-0.14,-0.052,-0.134,-0.063,-0.314,-0.238,-0.387,0.164,0.03,0.068
14,A1_1,-0.023,1.0,0.288,0.146,-0.01,-0.164,-0.147,0.333,-0.022,0.194,-0.101,-0.262,-0.02,-0.267,-0.421,0.073
14,A1_2,-0.129,0.288,1.0,0.084,0.033,-0.204,-0.096,0.206,0.211,0.275,0.015,-0.118,0.019,-0.236,-0.194,-0.063
14,A1_3,0.222,0.146,0.084,1.0,0.054,-0.098,-0.126,0.109,0.068,0.079,0.005,0.22,0.021,-0.218,-0.398,-0.056
14,B1_1,-0.321,-0.01,0.033,0.054,1.0,0.313,0.478,0.051,0.008,-0.117,0.422,0.481,0.309,-0.293,-0.438,-0.225
14,B1_2,-0.255,-0.164,-0.204,-0.098,0.313,1.0,0.435,0.063,-0.092,-0.246,0.465,0.426,0.478,-0.08,-0.114,-0.187
14,B1_3,-0.14,-0.147,-0.096,-0.126,0.478,0.435,1.0,0.097,-0.179,-0.185,0.482,0.465,0.182,-0.173,-0.06,-0.205
14,A2_1,-0.052,0.333,0.206,0.109,0.051,0.063,0.097,1.0,0.062,-0.006,0.301,-0.075,0.005,-0.305,-0.157,0.066
14,A2_2,-0.134,-0.022,0.211,0.068,0.008,-0.092,-0.179,0.062,1.0,0.275,-0.133,-0.031,-0.107,-0.055,-0.03,-0.061
14,A2_3,-0.063,0.194,0.275,0.079,-0.117,-0.246,-0.185,-0.006,0.275,1.0,-0.242,-0.202,-0.087,0.022,-0.019,0.168
14,B2_1,-0.314,-0.101,0.015,0.005,0.422,0.465,0.482,0.301,-0.133,-0.242,1.0,0.461,0.375,-0.232,-0.137,-0.219
14,B2_2,-0.238,-0.262,-0.118,0.22,0.481,0.426,0.465,-0.075,-0.031,-0.202,0.461,1.0,0.362,-0.158,-0.155,-0.288
14,B2_3,-0.387,-0.02,0.019,0.021,0.309,0.478,0.182,0.005,-0.107,-0.087,0.375,0.362,1.0,-0.097,-0.245,-0.252
14,y1,0.164,-0.267,-0.236,-0.218,-0.293,-0.08,-0.173,-0.305,-0.055,0.022,-0.232,-0.158,-0.097,1.0,0.321,0.264
14,y2,0.03,-0.421,-0.194,-0.398,-0.438,-0.114,-0.06,-0.157,-0.03,-0.019,-0.137,-0.155,-0.245,0.321,1.0,0.373
14,y3,0.068,0.073,-0.063,-0.056,-0.225,-0.187,-0.205,0.066,-0.061,0.168,-0.219,-0.288,-0.252,0.264,0.373,1.0
15,.,1.0,-0.016,-0.124,0.22,-0.357,-0.292,-0.184,-0.054,-0.125,-0.053,-0.354,-0.279,-0.422,0.18,0.049,0.09
15,A1_1,-0.016,1.0,0.301,0.159,-0.02,-0.173,-0.154,0.343,-0.005,0.21,-0.11,-0.264,-0.033,-0.268,-0.413,0.063
15,A1_2,-0.124,0.301,1.0,0.098,0.027,-0.206,-0.101,0.218,0.224,0.289,0.005,-0.121,0.009,-0.24,-0.197,-0.07
15,A1_3,0.22,0.159,0.098,1.0,0.044,-0.109,-0.133,0.12,0.081,0.095,-0.007,0.202,0.009,-0.226,-0.396,-0.065
15,B1_1,-0.357,-0.02,0.027,0.044,1.0,0.356,0.511,0.048,-0.001,-0.131,0.46,0.513,0.354,-0.323,-0.457,-0.258
15,B1_2,-0.292,-0.173,-0.206,-0.109,0.356,1.0,0.469,0.054,-0.103,-0.261,0.5,0.461,0.511,-0.115,-0.146,-0.217
15,B1_3,-0.184,-0.154,-0.101,-0.133,0.511,0.469,1.0,0.091,-0.184,-0.202,0.515,0.497,0.232,-0.203,-0.096,-0.235
15,A2_1,-0.054,0.343,0.218,0.12,0.048,0.054,0.091,1.0,0.075,0.01,0.284,-0.076,0.001,-0.311,-0.166,0.051
15,A2_2,-0.125,-0.005,0.224,0.081,-0.001,-0.103,-0.184,0.075,1.0,0.288,-0.139,-0.04,-0.115,-0.062,-0.036,-0.064
15,A2_3,-0.053,0.21,0.289,0.095,-0.131,-0.261,-0.202,0.01,0.288,1.0,-0.253,-0.215,-0.107,0.026,-0.012,0.169
15,B2_1,-0.354,-0.11,0.005,-0.007,0.46,0.5,0.515,0.284,-0.139,-0.253,1.0,0.495,0.416,-0.261,-0.172,-0.249
15,B2_2,-0.279,-0.264,-0.121,0.202,0.513,0.461,0.497,-0.076,-0.04,-0.215,0.495,1.0,0.402,-0.191,-0.188,-0.314
15,B2_3,-0.422,-0.033,0.009,0.009,0.354,0.511,0.232,0.001,-0.115,-0.107,0.416,0.402,1.0,-0.13,-0.269,-0.276
15,y1,0.18,-0.268,-0.24,-0.226,-0.323,-0.115,-0.203,-0.311,-0.062,0.026,-0.261,-0.191,-0.13,1.0,0.36,0.303
15,y2,0.049,-0.413,-0.197,-0.396,-0.457,-0.146,-0.096,-0.166,-0.036,-0.012,-0.172,-0.188,-0.269,0.36,1.0,0.408
15,y3,0.09,0.063,-0.07,-0.065,-0.258,-0.217,-0.235,0.051,-0.064,0.169,-0.249,-0.314,-0.276,0.303,0.408,1.0
16,.,1.0,-0.009,-0.119,0.219,-0.391,-0.328,-0.227,-0.056,-0.116,-0.042,-0.391,-0.316,-0.454,0.196,0.07,0.113
16,A1_1,-0.009,1.0,0.314,0.173,-0.03,-0.183,-0.162,0.354,0.013,0.226,-0.119,-0.266,-0.045,-0.268,-0.405,0.054
16,A1_2,-0.119,0.314,1.0,0.113,0.019,-0.21,-0.106,0.23,0.238,0.303,-0.005,-0.125,-0.001,-0.243,-0.199,-0.076
16,A1_3,0.219,0.173,0.113,1.0,0.033,-0.12,-0.14,0.132,0.095,0.111,-0.019,0.183,-0.005,-0.233,-0.394,-0.074
16,B1_1,-0.391,-0.03,0.019,0.033,1.0,0.398,0.542,0.044,-0.01,-0.145,0.496,0.543,0.397,-0.352,-0.476,-0.291
16,B1_2,-0.328,-0.183,-0.21,-0.12,0.398,1.0,0.502,0.045,-0.113,-0.275,0.533,0.494,0.543,-0.15,-0.178,-0.246
16,B1_3,-0.227,-0.162,-0.106,-0.14,0.542,0.502,1.0,0.083,-0.189,-0.217,0.547,0.528,0.281,-0.234,-0.133,-0.264
16,A2_1,-0.056,0.354,0.23,0.132,0.044,0.045,0.083,1.0,0.089,0.028,0.267,-0.077,-0.005,-0.317,-0.174,0.037
16,A2_2,-0.116,0.013,0.238,0.095,-0.01,-0.113,-0.189,0.089,1.0,0.302,-0.145,-0.05,-0.122,-0.068,-0.041,-0.067
16,A2_3,-0.042,0.226,0.303,0.111,-0.145,-0.275,-0.217,0.028,0.302,1.0,-0.265,-0.227,-0.126,0.03,-0.005,0.17
16,B2_1,-0.391,-0.119,-0.005,-0.019,0.496,0.533,0.547,0.267,-0.145,-0.265,1.0,0.527,0.456,-0.291,-0.206,-0.279
16,B2_2,-0.316,-0.266,-0.125,0.183,0.543,0.494,0.528,-0.077,-0.05,-0.227,0.527,1.0,0.44,-0.225,-0.221,-0.341
16,B2_3,-0.454,-0.045,-0.001,-0.005,0.397,0.543,0.281,-0.005,-0.122,-0.126,0.456,0.44,1.0,-0.164,-0.293,-0.302
16,y1,0.196,-0.268,-0.243,-0.233,-0.352,-0.15,-0.234,-0.317,-0.068,0.03,-0.291,-0.225,-0.164,1.0,0.399,0.343
16,y2,0.07,-0.405,-0.199,-0.394,-0.476,-0.178,-0.133,-0.174,-0.041,-0.005,-0.206,-0.221,-0.293,0.399,1.0,0.442
16,y3,0.113,0.054,-0.076,-0.074,-0.291,-0.246,-0.264,0.037,-0.067,0.17,-0.279,-0.341,-0.302,0.343,0.442,1.0
17,.,1.0,-0.002,-0.112,0.218,-0.422,-0.361,-0.268,-0.056,-0.107,-0.032,-0.425,-0.352,-0.485,0.213,0.092,0.135
17,A1_1,-0.002,1.0,0.328,0.187,-0.04,-0.192,-0.17,0.365,0.032,0.242,-0.128,-0.269,-0.058,-0.267,-0.395,0.046
17,A1_2,-0.112,0.328,1.0,0.128,0.01,-0.214,-0.112,0.243,0.252,0.317,-0.015,-0.129,-0.012,-0.245,-0.2,-0.081
17,A1_3,0.218,0.187,0.128,1.0,0.021,-0.131,-0.148,0.145,0.109,0.128,-0.032,0.164,-0.018,-0.238,-0.39,-0.082
17,B1_1,-0.422,-0.04,0.01,0.021,1.0,0.437,0.571,0.038,-0.019,-0.159,0.53,0.572,0.438,-0.38,-0.494,-0.322
17,B1_2,-0.361,-0.192,-0.214,-0.131,0.437,1.0,0.533,0.034,-0.124,-0.289,0.564,0.526,0.573,-0.184,-0.21,-0.275
17,B1_3,-0.268,-0.17,-0.112,-0.148,0.571,0.533,1.0,0.074,-0.194,-0.233,0.577,0.557,0.328,-0.265,-0.169,-0.294
17,A2_1,-0.056,0.365,0.243,0.145,0.038,0.034,0.074,1.0,0.103,0.045,0.25,-0.08,-0.011,-0.32,-0.181,0.024
17,A2_2,-0.107,0.032,0.252,0.109,-0.019,-0.124,-0.194,0.103,1.0,0.315,-0.151,-0.06,-0.131,-0.073,-0.045,-0.069
17,A2_3,-0.032,0.242,0.317,0.128,-0.159,-0.289,-0.233,0.045,0.315,1.0,-0.276,-0.239,-0.144,0.035,0.002,0.171
17,B2_1,-0.425,-0.128,-0.015,-0.032,0.53,0.564,0.577,0.25,-0.151,-0.276,1.0,0.557,0.493,-0.32,-0.239,-0.309
17,B2_2,-0.352,-0.269,-0.129,0.164,0.572,0.526,0.557,-0.08,-0.06,-0.239,0.557,1.0,0.476,-0.258,-0.253,-0.367
17,B2_3,-0.485,-0.058,-0.012,-0.018,0.438,0.573,0.328,-0.011,-0.131,-0.144,0.493,0.476,1.0,-0.197,-0.317,-0.327
17,y1,0.213,-0.267,-0.245,-0.238,-0.38,-0.184,-0.265,-0.32,-0.073,0.035,-0.32,-0.258,-0.197,1.0,0.436,0.381
17,y2,0.092,-0.395,-0.2,-0.39,-0.494,-0.21,-0.169,-0.181,-0.045,0.002,-0.239,-0.253,-0.317,0.436,1.0,0.476
17,y3,0.135,0.046,-0.081,-0.082,-0.322,-0.275,-0.294,0.024,-0.069,0.171,-0.309,-0.367,-0.327,0.381,0.476,1.0
18,.,1.0,0.005,-0.106,0.217,-0.452,-0.393,-0.306,-0.056,-0.098,-0.021,-0.456,-0.385,-0.512,0.231,0.113,0.158
18,A1_1,0.005,1.0,0.342,0.202,-0.05,-0.201,-0.179,0.377,0.051,0.259,-0.137,-0.272,-0.071,-0.265,-0.385,0.038
18,A1_2,-0.106,0.342,1.0,0.144,0.001,-0.218,-0.119,0.256,0.266,0.331,-0.026,-0.135,-0.023,-0.245,-0.2,-0.085
18,A1_3,0.217,0.202,0.144,1.0,0.009,-0.142,-0.157,0.158,0.125,0.145,-0.045,0.144,-0.032,-0.242,-0.386,-0.088
18,B1_1,-0.452,-0.05,0.001,0.009,1.0,0.474,0.6,0.032,-0.029,-0.173,0.562,0.599,0.475,-0.407,-0.512,-0.353
18,B1_2,-0.393,-0.201,-0.218,-0.142,0.474,1.0,0.564,0.024,-0.135,-0.302,0.593,0.556,0.602,-0.218,-0.241,-0.303
18,B1_3,-0.306,-0.179,-0.119,-0.157,0.6,0.564,1.0,0.064,-0.2,-0.247,0.606,0.585,0.372,-0.295,-0.204,-0.322
18,A2_1,-0.056,0.377,0.256,0.158,0.032,0.024,0.064,1.0,0.119,0.064,0.232,-0.084,-0.017,-0.323,-0.186,0.012
18,A2_2,-0.098,0.051,0.266,0.125,-0.029,-0.135,-0.2,0.119,1.0,0.33,-0.159,-0.07,-0.139,-0.077,-0.049,-0.07
18,A2_3,-0.021,0.259,0.331,0.145,-0.173,-0.302,-0.247,0.064,0.33,1.0,-0.286,-0.251,-0.162,0.04,0.008,0.172
18,B2_1,-0.456,-0.137,-0.026,-0.045,0.562,0.593,0.606,0.232,-0.159,-0.286,1.0,0.585,0.528,-0.348,-0.271,-0.338
18,B2_2,-0.385,-0.272,-0.135,0.144,0.599,0.556,0.585,-0.084,-0.07,-0.251,0.585,1.0,0.51,-0.291,-0.283,-0.392
18,B2_3,-0.512,-0.071,-0.023,-0.032,0.475,0.602,0.372,-0.017,-0.139,-0.162,0.528,0.51,1.0,-0.23,-0.341,-0.351
18,y1,0.231,-0.265,-0.245,-0.242,-0.407,-0.218,-0.295,-0.323,-0.077,0.04,-0.348,-0.291,-0.23,1.0,0.473,0.419
18,y2,0.113,-0.385,-0.2,-0.386,-0.512,-0.241,-0.204,-0.186,-0.049,0.008,-0.271,-0.283,-0.341,0.473,1.0,0.508
18,y3,0.158,0.038,-0.085,-0.088,-0.353,-0.303,-0.322,0.012,-0.07,0.172,-0.338,-0.392,-0.351,0.419,0.508,1.0
19,.,1.0,0.011,-0.099,0.216,-0.48,-0.422,-0.342,-0.055,-0.089,-0.011,-0.485,-0.416,-0.538,0.249,0.135,0.18
19,A1_1,0.011,1.0,0.356,0.218,-0.061,-0.211,-0.188,0.388,0.07,0.276,-0.146,-0.275,-0.084,-0.262,-0.375,0.031
19,A1_2,-0.099,0.356,1.0,0.16,-0.008,-0.222,-0.126,0.27,0.28,0.346,-0.036,-0.14,-0.034,-0.245,-0.2,-0.089
19,A1_3,0.216,0.218,0.16,1.0,-0.004,-0.154,-0.166,0.172,0.141,0.163,-0.058,0.125,-0.046,-0.244,-0.38,-0.094
19,B1_1,-0.48,-0.061,-0.008,-0.004,1.0,0.509,0.626,0.026,-0.04,-0.186,0.591,0.624,0.511,-0.434,-0.53,-0.382
19,B1_2,-0.422,-0.211,-0.222,-0.154,0.509,1.0,0.592,0.013,-0.146,-0.315,0.62,0.584,0.628,-0.251,-0.271,-0.331
19,B1_3,-0.342,-0.188,-0.126,-0.166,0.626,0.592,1.0,0.053,-0.207,-0.261,0.632,0.612,0.414,-0.325,-0.238,-0.35
19,A2_1,-0.055,0.388,0.27,0.172,0.026,0.013,0.053,1.0,0.134,0.082,0.214,-0.088,-0.025,-0.324,-0.191,0.0
19,A2_2,-0.089,0.07,0.28,0.141,-0.04,-0.146,-0.207,0.134,1.0,0.344,-0.166,-0.08,-0.148,-0.081,-0.052,-0.071
19,A2_3,-0.011,0.276,0.346,0.163,-0.186,-0.315,-0.261,0.082,0.344,1.0,-0.296,-0.262,-0.179,0.044,0.015,0.172
19,B2_1,-0.485,-0.146,-0.036,-0.058,0.591,0.62,0.632,0.214,-0.166,-0.296,1.0,0.612,0.56,-0.375,-0.301,-0.365
19,B2_2,-0.416,-0.275,-0.14,0.125,0.624,0.584,0.612,-0.088,-0.08,-0.262,0.612,1.0,0.542,-0.322,-0.313,-0.416
19,B2_3,-0.538,-0.084,-0.034,-0.046,0.511,0.628,0.414,-0.025,-0.148,-0.179,0.56,0.542,1.0,-0.262,-0.364,-0.375
19,y1,0.249,-0.262,-0.245,-0.244,-0.434,-0.251,-0.325,-0.324,-0.081,0.044,-0.375,-0.322,-0.262,1.0,0.507,0.456
19,y2,0.135,-0.375,-0.2,-0.38,-0.53,-0.271,-0.238,-0.191,-0.052,0.015,-0.301,-0.313,-0.364,0.507,1.0,0.539
19,y3,0.18,0.031,-0.089,-0.094,-0.382,-0.331,-0.35,0.0,-0.071,0.172,-0.365,-0.416,-0.375,0.456,0.539,1.0
20,.,1.0,0.018,-0.092,0.216,-0.505,-0.45,-0.376,-0.053,-0.08,-0.001,-0.512,-0.445,-0.562,0.267,0.157,0.202
20,A1_1,0.018,1.0,0.37,0.234,-0.072,-0.22,-0.196,0.401,0.09,0.293,-0.156,-0.279,-0.097,-0.258,-0.364,0.025
20,A1_2,-0.092,0.37,1.0,0.177,-0.018,-0.227,-0.134,0.284,0.295,0.361,-0.047,-0.146,-0.046,-0.244,-0.199,-0.092
20,A1_3,0.216,0.234,0.177,1.0,-0.017,-0.165,-0.175,0.187,0.157,0.181,-0.071,0.105,-0.06,-0.246,-0.374,-0.098
20,B1_1,-0.505,-0.072,-0.018,-0.017,1.0,0.541,0.651,0.018,-0.05,-0.199,0.618,0.648,0.544,-0.459,-0.546,-0.41
20,B1_2,-0.45,-0.22,-0.227,-0.165,0.541,1.0,0.619,0.001,-0.156,-0.326,0.646,0.61,0.653,-0.283,-0.3,-0.357
20,B1_3,-0.376,-0.196,-0.134,-0.175,0.651,0.619,1.0,0.043,-0.213,-0.275,0.657,0.637,0.454,-0.353,-0.27,-0.377
20,A2_1,-0.053,0.401,0.284,0.187,0.018,0.001,0.043,1.0,0.15,0.101,0.196,-0.092,-0.033,-0.324,-0.195,-0.01
20,A2_2,-0.08,0.09,0.295,0.157,-0.05,-0.156,-0.213,0.15,1.0,0.358,-0.173,-0.091,-0.156,-0.083,-0.054,-0.072
20,A2_3,-0.001,0.293,0.361,0.181,-0.199,-0.326,-0.275,0.101,0.358,1.0,-0.306,-0.273,-0.195,0.048,0.021,0.173
20,B2_1,-0.512,-0.156,-0.047,-0.071,0.618,0.646,0.657,0.196,-0.173,-0.306,1.0,0.637,0.591,-0.401,-0.33,-0.391
20,B2_2,-0.445,-0.279,-0.146,0.105,0.648,0.61,0.637,-0.092,-0.091,-0.273,0.637,1.0,0.572,-0.352,-0.341,-0.44
20,B2_3,-0.562,-0.097,-0.046,-0.06,0.544,0.653,0.454,-0.033,-0.156,-0.195,0.591,0.572,1.0,-0.293,-0.387,-0.399
20,y1,0.267,-0.258,-0.244,-0.246,-0.459,-0.283,-0.353,-0.324,-0.083,0.048,-0.401,-0.352,-0.293,1.0,0.54,0.49
20,y2,0.157,-0.364,-0.199,-0.374,-0.546,-0.3,-0.27,-0.195,-0.054,0.021,-0.33,-0.341,-0.387,0.54,1.0,0.568
20,y3,0.202,0.025,-0.092,-0.098,-0.41,-0.357,-0.377,-0.01,-0.072,0.173,-0.391,-0.44,-0.399,0.49,0.568,1.0
21,.,1.0,0.025,-0.085,0.216,-0.529,-0.476,-0.407,-0.051,-0.071,0.008,-0.536,-0.472,-0.583,0.284,0.178,0.223
21,A1_1,0.025,1.0,0.384,0.25,-0.083,-0.229,-0.205,0.413,0.111,0.309,-0.165,-0.282,-0.11,-0.253,-0.354,0.02
21,A1_2,-0.085,0.384,1.0,0.194,-0.028,-0.232,-0.141,0.298,0.31,0.375,-0.058,-0.152,-0.057,-0.242,-0.198,-0.094
21,A1_3,0.216,0.25,0.194,1.0,-0.03,-0.177,-0.185,0.202,0.174,0.199,-0.084,0.086,-0.075,-0.246,-0.367,-0.102
21,B1_1,-0.529,-0.083,-0.028,-0.03,1.0,0.571,0.674,0.01,-0.061,-0.211,0.644,0.67,0.575,-0.483,-0.562,-0.436
21,B1_2,-0.476,-0.229,-0.232,-0.177,0.571,1.0,0.645,-0.01,-0.167,-0.338,0.669,0.635,0.677,-0.314,-0.328,-0.383
21,B1_3,-0.407,-0.205,-0.141,-0.185,0.674,0.645,1.0,0.031,-0.22,-0.288,0.681,0.66,0.491,-0.381,-0.302,-0.403
21,A2_1,-0.051,0.413,0.298,0.202,0.01,-0.01,0.031,1.0,0.167,0.12,0.178,-0.098,-0.041,-0.323,-0.198,-0.019
21,A2_2,-0.071,0.111,0.31,0.174,-0.061,-0.167,-0.22,0.167,1.0,0.373,-0.181,-0.102,-0.165,-0.085,-0.056,-0.072
21,A2_3,0.008,0.309,0.375,0.199,-0.211,-0.338,-0.288,0.12,0.373,1.0,-0.316,-0.284,-0.211,0.052,0.027,0.173
21,B2_1,-0.536,-0.165,-0.058,-0.084,0.644,0.669,0.681,0.178,-0.181,-0.316,1.0,0.66,0.618,-0.426,-0.358,-0.416
21,B2_2,-0.472,-0.282,-0.152,0.086,0.67,0.635,0.66,-0.098,-0.102,-0.284,0.66,1.0,0.599,-0.38,-0.368,-0.462
21,B2_3,-0.583,-0.11,-0.057,-0.075,0.575,0.677,0.491,-0.041,-0.165,-0.211,0.618,0.599,1.0,-0.323,-0.408,-0.421
21,y1,0.284,-0.253,-0.242,-0.246,-0.483,-0.314,-0.381,-0.323,-0.085,0.052,-0.426,-0.38,-0.323,1.0,0.571,0.524
21,y2,0.178,-0.354,-0.198,-0.367,-0.562,-0.328,-0.302,-0.198,-0.056,0.027,-0.358,-0.368,-0.408,0.571,1.0,0.596
21,y3,0.223,0.02,-0.094,-0.102,-0.436,-0.383,-0.403,-0.019,-0.072,0.173,-0.416,-0.462,-0.421,0.524,0.596,1.0
22,.,1.0,0.031,-0.078,0.216,-0.551,-0.5,-0.436,-0.048,-0.063,0.017,-0.558,-0.496,-0.603,0.301,0.198,0.244
22,A1_1,0.031,1.0,0.399,0.267,-0.094,-0.238,-0.214,0.426,0.131,0.326,-0.174,-0.286,-0.122,-0.248,-0.343,0.015
22,A1_2,-0.078,0.399,1.0,0.211,-0.038,-0.237,-0.149,0.313,0.326,0.39,-0.069,-0.159,-0.069,-0.239,-0.196,-0.096
22,A1_3,0.216,0.267,0.211,1.0,-0.043,-0.188,-0.194,0.218,0.191,0.217,-0.097,0.066,-0.089,-0.245,-0.359,-0.105
22,B1_1,-0.551,-0.094,-0.038,-0.043,1.0,0.599,0.696,0.002,-0.072,-0.223,0.667,0.691,0.603,-0.505,-0.577,-0.461
22,B1_2,-0.5,-0.238,-0.237,-0.188,0.599,1.0,0.668,-0.022,-0.178,-0.348,0.691,0.658,0.698,-0.343,-0.354,-0.407
22,B1_3,-0.436,-0.214,-0.149,-0.194,0.696,0.668,1.0,0.02,-0.227,-0.3,0.702,0.682,0.525,-0.407,-0.331,-0.428
22,A2_1,-0.048,0.426,0.313,0.218,0.002,-0.022,0.02,1.0,0.184,0.139,0.161,-0.103,-0.049,-0.321,-0.2,-0.028
22,A2_2,-0.063,0.131,0.326,0.191,-0.072,-0.178,-0.227,0.184,1.0,0.387,-0.189,-0.112,-0.174,-0.087,-0.058,-0.072
22,A2_3,0.017,0.326,0.39,0.217,-0.223,-0.348,-0.3,0.139,0.387,1.0,-0.325,-0.294,-0.226,0.057,0.032,0.173
22,B2_1,-0.558,-0.174,-0.069,-0.097,0.667,0.691,0.702,0.161,-0.189,-0.325,1.0,0.682,0.644,-0.45,-0.384,-0.44
22,B2_2,-0.496,-0.286,-0.159,0.066,0.691,0.658,0.682,-0.103,-0.112,-0.294,0.682,1.0,0.625,-0.407,-0.394,-0.483
22,B2_3,-0.603,-0.122,-0.069,-0.089,0.603,0.698,0.525,-0.049,-0.174,-0.226,0.644,0.625,1.0,-0.351,-0.429,-0.443
22,y1,0.301,-0.248,-0.239,-0.245,-0.505,-0.343,-0.407,-0.321,-0.087,0.057,-0.45,-0.407,-0.351,1.0,0.6,0.555
22,y2,0.198,-0.343,-0.196,-0.359,-0.577,-0.354,-0.331,-0.2,-0.058,0.032,-0.384,-0.394,-0.429,0.6,1.0,0.622
22,y3,0.244,0.015,-0.096,-0.105,-0.461,-0.407,-0.428,-0.028,-0.072,0.173,-0.44,-0.483,-0.443,0.555,0.622,1.0
23,.,1.0,0.038,-0.071,0.217,-0.571,-0.522,-0.464,-0.045,-0.054,0.026,-0.579,-0.519,-0.622,0.317,0.218,0.263
23,A1_1,0.038,1.0,0.413,0.284,-0.104,-0.246,-0.222,0.438,0.151,0.343,-0.183,-0.29,-0.134,-0.243,-0.332,0.01
23,A1_2,-0.071,0.413,1.0,0.229,-0.048,-0.243,-0.157,0.328,0.341,0.405,-0.08,-0.165,-0.08,-0.236,-0.193,-0.097
23,A1_3,0.217,0.284,0.229,1.0,-0.056,-0.199,-0.204,0.234,0.209,0.236,-0.11,0.047,-0.102,-0.244,-0.351,-0.107
23,B1_1,-0.571,-0.104,-0.048,-0.056,1.0,0.625,0.716,-0.007,-0.082,-0.234,0.689,0.71,0.629,-0.526,-0.591,-0.484
23,B1_2,-0.522,-0.246,-0.243,-0.199,0.625,1.0,0.69,-0.034,-0.188,-0.358,0.711,0.68,0.719,-0.371,-0.379,-0.43
23,B1_3,-0.464,-0.222,-0.157,-0.204,0.716,0.69,1.0,0.008,-0.234,-0.311,0.722,0.703,0.557,-0.432,-0.36,-0.451
23,A2_1,-0.045,0.438,0.328,0.234,-0.007,-0.034,0.008,1.0,0.201,0.159,0.143,-0.109,-0.058,-0.319,-0.201,-0.036
23,A2_2,-0.054,0.151,0.341,0.209,-0.082,-0.188,-0.234,0.201,1.0,0.402,-0.196,-0.123,-0.183,-0.087,-0.059,-0.071
23,A2_3,0.026,0.343,0.405,0.236,-0.234,-0.358,-0.311,0.159,0.402,1.0,-0.333,-0.304,-0.24,0.06,0.038,0.173
23,B2_1,-0.579,-0.183,-0.08,-0.11,0.689,0.711,0.722,0.143,-0.196,-0.333,1.0,0.702,0.668,-0.472,-0.409,-0.462
23,B2_2,-0.519,-0.29,-0.165,0.047,0.71,0.68,0.703,-0.109,-0.123,-0.304,0.702,1.0,0.649,-0.432,-0.418,-0.503
23,B2_3,-0.622,-0.134,-0.08,-0.102,0.629,0.719,0.557,-0.058,-0.183,-0.24,0.668,0.649,1.0,-0.378,-0.449,-0.463
23,y1,0.317,-0.243,-0.236,-0.244,-0.526,-0.371,-0.432,-0.319,-0.087,0.06,-0.472,-0.432,-0.378,1.0,0.627,0.584
23,y2,0.218,-0.332,-0.193,-0.351,-0.591,-0.379,-0.36,-0.201,-0.059,0.038,-0.409,-0.418,-0.449,0.627,1.0,0.646
23,y3,0.263,0.01,-0.097,-0.107,-0.484,-0.43,-0.451,-0.036,-0.071,0.173,-0.462,-0.503,-0.463,0.584,0.646,1.0
24,.,1.0,0.044,-0.064,0.218,-0.59,-0.543,-0.489,-0.041,-0.046,0.035,-0.598,-0.54,-0.639,0.333,0.237,0.282
24,A1_1,0.044,1.0,0.428,0.301,-0.115,-0.255,-0.23,0.451,0.172,0.36,-0.192,-0.294,-0.146,-0.237,-0.321,0.007
24,A1_2,-0.064,0.428,1.0,0.247,-0.058,-0.248,-0.165,0.342,0.356,0.419,-0.091,-0.172,-0.091,-0.232,-0.19,-0.098
