,,.,A1_1,A1_2,A1_3,B1_1,B1_2,B1_3,A2_1,A2_2,A2_3,B2_1,B2_2,B2_3,y1,y2,y3
0,.,1.0,0.577,0.634,0.491,0.686,0.855,0.633,0.596,0.457,0.486,0.579,0.693,0.637,0.754,0.609,0.568
0,A1_1,0.577,1.0,0.809,0.755,0.691,0.59,0.529,0.711,0.8,0.499,0.638,0.634,0.372,0.347,0.337,0.305
0,A1_2,0.634,0.809,1.0,0.645,0.851,0.524,0.578,0.661,0.66,0.624,0.701,0.694,0.334,0.354,0.385,0.451
0,A1_3,0.491,0.755,0.645,1.0,0.679,0.653,0.839,0.645,0.817,0.562,0.576,0.507,0.589,0.362,0.273,0.604
0,B1_1,0.686,0.691,0.851,0.679,1.0,0.558,0.673,0.425,0.69,0.462,0.774,0.744,0.5,0.534,0.3,0.616
0,B1_2,0.855,0.59,0.524,0.653,0.558,1.0,0.795,0.609,0.463,0.493,0.633,0.738,0.784,0.618,0.607,0.685
0,B1_3,0.633,0.529,0.578,0.839,0.673,0.795,1.0,0.456,0.627,0.605,0.72,0.698,0.784,0.362,0.403,0.832
0,A2_1,0.596,0.711,0.661,0.645,0.425,0.609,0.456,1.0,0.681,0.729,0.285,0.35,0.294,0.437,0.498,0.334
0,A2_2,0.457,0.8,0.66,0.817,0.69,0.463,0.627,0.681,1.0,0.729,0.502,0.448,0.357,0.305,0.251,0.431
0,A2_3,0.486,0.499,0.624,0.562,0.462,0.493,0.605,0.729,0.729,1.0,0.322,0.356,0.351,0.206,0.489,0.412
0,B2_1,0.579,0.638,0.701,0.576,0.774,0.633,0.72,0.285,0.502,0.322,1.0,0.967,0.618,0.148,0.093,0.787
0,B2_2,0.693,0.634,0.694,0.507,0.744,0.738,0.698,0.35,0.448,0.356,0.967,1.0,0.687,0.278,0.277,0.755
0,B2_3,0.637,0.372,0.334,0.589,0.5,0.784,0.784,0.294,0.357,0.351,0.618,0.687,1.0,0.413,0.424,0.689
0,y1,0.754,0.347,0.354,0.362,0.534,0.618,0.362,0.437,0.305,0.206,0.148,0.278,0.413,1.0,0.719,0.227
0,y2,0.609,0.337,0.385,0.273,0.3,0.607,0.403,0.498,0.251,0.489,0.093,0.277,0.424,0.719,1.0,0.082
0,y3,0.568,0.305,0.451,0.604,0.616,0.685,0.832,0.334,0.431,0.412,0.787,0.755,0.689,0.227,0.082,1.0
1,.,1.0,0.546,0.618,0.464,0.664,0.843,0.598,0.573,0.433,0.459,0.551,0.679,0.619,0.768,0.617,0.56
1,A1_1,0.546,1.0,0.809,0.754,0.683,0.579,0.518,0.693,0.799,0.478,0.638,0.636,0.368,0.329,0.315,0.303
1,A1_2,0.618,0.809,1.0,0.654,0.851,0.527,0.573,0.649,0.665,0.607,0.697,0.699,0.338,0.359,0.365,0.446
1,A1_3,0.464,0.754,0.654,1.0,0.684,0.651,0.836,0.631,0.818,0.544,0.586,0.515,0.588,0.35,0.247,0.615
1,B1_1,0.664,0.683,0.851,0.684,1.0,0.547,0.661,0.408,0.693,0.431,0.76,0.739,0.5,0.541,0.298,0.601
1,B1_2,0.843,0.579,0.527,0.651,0.547,1.0,0.792,0.593,0.46,0.483,0.635,0.74,0.775,0.612,0.602,0.708
1,B1_3,0.598,0.518,0.573,0.836,0.661,0.792,1.0,0.434,0.624,0.59,0.724,0.699,0.786,0.344,0.375,0.849
1,A2_1,0.573,0.693,0.649,0.631,0.408,0.593,0.434,1.0,0.672,0.723,0.27,0.338,0.269,0.424,0.465,0.336
1,A2_2,0.433,0.799,0.665,0.818,0.693,0.46,0.624,0.672,1.0,0.714,0.507,0.459,0.365,0.301,0.226,0.437
1,A2_3,0.459,0.478,0.607,0.544,0.431,0.483,0.59,0.723,0.714,1.0,0.304,0.347,0.339,0.198,0.449,0.412
1,B2_1,0.551,0.638,0.697,0.586,0.76,0.635,0.724,0.27,0.507,0.304,1.0,0.966,0.624,0.139,0.084,0.785
1,B2_2,0.679,0.636,0.699,0.515,0.739,0.74,0.699,0.338,0.459,0.347,0.966,1.0,0.687,0.277,0.278,0.755
1,B2_3,0.619,0.368,0.338,0.588,0.5,0.775,0.786,0.269,0.365,0.339,0.624,0.687,1.0,0.394,0.424,0.709
1,y1,0.768,0.329,0.359,0.35,0.541,0.612,0.344,0.424,0.301,0.198,0.139,0.277,0.394,1.0,0.733,0.24
1,y2,0.617,0.315,0.365,0.247,0.298,0.602,0.375,0.465,0.226,0.449,0.084,0.278,0.424,0.733,1.0,0.104
1,y3,0.56,0.303,0.446,0.615,0.601,0.708,0.849,0.336,0.437,0.412,0.785,0.755,0.709,0.24,0.104,1.0
2,.,1.0,0.518,0.605,0.435,0.644,0.832,0.568,0.547,0.412,0.438,0.536,0.67,0.606,0.781,0.626,0.56
2,A1_1,0.518,1.0,0.811,0.757,0.676,0.576,0.516,0.681,0.801,0.465,0.645,0.641,0.371,0.312,0.3,0.307
2,A1_2,0.605,0.811,1.0,0.665,0.851,0.533,0.574,0.639,0.673,0.591,0.7,0.706,0.348,0.368,0.351,0.442
2,A1_3,0.435,0.757,0.665,1.0,0.689,0.648,0.836,0.618,0.822,0.532,0.601,0.525,0.587,0.332,0.22,0.624
2,B1_1,0.644,0.676,0.851,0.689,1.0,0.539,0.655,0.392,0.698,0.406,0.754,0.735,0.505,0.545,0.3,0.593
2,B1_2,0.832,0.576,0.533,0.648,0.539,1.0,0.789,0.577,0.466,0.479,0.646,0.747,0.77,0.608,0.598,0.73
2,B1_3,0.568,0.516,0.574,0.836,0.655,0.789,1.0,0.416,0.631,0.58,0.733,0.703,0.79,0.329,0.351,0.863
2,A2_1,0.547,0.681,0.639,0.618,0.392,0.577,0.416,1.0,0.665,0.721,0.266,0.33,0.249,0.41,0.433,0.333
2,A2_2,0.412,0.801,0.673,0.822,0.698,0.466,0.631,0.665,1.0,0.703,0.527,0.478,0.382,0.292,0.206,0.449
2,A2_3,0.438,0.465,0.591,0.532,0.406,0.479,0.58,0.721,0.703,1.0,0.297,0.346,0.334,0.198,0.419,0.412
2,B2_1,0.536,0.645,0.7,0.601,0.754,0.646,0.733,0.266,0.527,0.297,1.0,0.966,0.633,0.142,0.089,0.782
2,B2_2,0.67,0.641,0.706,0.525,0.735,0.747,0.703,0.33,0.478,0.346,0.966,1.0,0.69,0.28,0.285,0.756
2,B2_3,0.606,0.371,0.348,0.587,0.505,0.77,0.79,0.249,0.382,0.334,0.633,0.69,1.0,0.38,0.424,0.733
2,y1,0.781,0.312,0.368,0.332,0.545,0.608,0.329,0.41,0.292,0.198,0.142,0.28,0.38,1.0,0.745,0.262
2,y2,0.626,0.3,0.351,0.22,0.3,0.598,0.351,0.433,0.206,0.419,0.089,0.285,0.424,0.745,1.0,0.133
2,y3,0.56,0.307,0.442,0.624,0.593,0.73,0.863,0.333,0.449,0.412,0.782,0.756,0.733,0.262,0.133,1.0
3,.,1.0,0.496,0.599,0.409,0.629,0.82,0.542,0.527,0.399,0.421,0.526,0.664,0.598,0.796,0.638,0.569
3,A1_1,0.496,1.0,0.816,0.764,0.673,0.58,0.526,0.677,0.807,0.464,0.655,0.649,0.382,0.303,0.288,0.32
3,A1_2,0.599,0.816,1.0,0.681,0.853,0.545,0.58,0.638,0.687,0.582,0.702,0.711,0.364,0.388,0.345,0.442
3,A1_3,0.409,0.764,0.681,1.0,0.697,0.646,0.838,0.61,0.831,0.527,0.617,0.537,0.59,0.319,0.196,0.632
3,B1_1,0.629,0.673,0.853,0.697,1.0,0.539,0.655,0.386,0.705,0.386,0.748,0.731,0.517,0.555,0.31,0.588
3,B1_2,0.82,0.58,0.545,0.646,0.539,1.0,0.791,0.566,0.481,0.479,0.664,0.759,0.77,0.604,0.592,0.762
3,B1_3,0.542,0.526,0.58,0.838,0.655,0.791,1.0,0.406,0.643,0.571,0.746,0.712,0.796,0.322,0.33,0.878
3,A2_1,0.527,0.677,0.638,0.61,0.386,0.566,0.406,1.0,0.664,0.723,0.27,0.332,0.242,0.403,0.403,0.338
3,A2_2,0.399,0.807,0.687,0.831,0.705,0.481,0.643,0.664,1.0,0.697,0.551,0.504,0.409,0.293,0.189,0.468
3,A2_3,0.421,0.464,0.582,0.527,0.386,0.479,0.571,0.723,0.697,1.0,0.298,0.352,0.339,0.207,0.389,0.42
3,B2_1,0.526,0.655,0.702,0.617,0.748,0.664,0.746,0.27,0.551,0.298,1.0,0.966,0.644,0.152,0.097,0.78
3,B2_2,0.664,0.649,0.711,0.537,0.731,0.759,0.712,0.332,0.504,0.352,0.966,1.0,0.696,0.291,0.295,0.76
3,B2_3,0.598,0.382,0.364,0.59,0.517,0.77,0.796,0.242,0.409,0.339,0.644,0.696,1.0,0.374,0.428,0.761
3,y1,0.796,0.303,0.388,0.319,0.555,0.604,0.322,0.403,0.293,0.207,0.152,0.291,0.374,1.0,0.757,0.296
3,y2,0.638,0.288,0.345,0.196,0.31,0.592,0.33,0.403,0.189,0.389,0.097,0.295,0.428,0.757,1.0,0.174
3,y3,0.569,0.32,0.442,0.632,0.588,0.762,0.878,0.338,0.468,0.42,0.78,0.76,0.761,0.296,0.174,1.0
4,.,1.0,0.474,0.592,0.38,0.615,0.806,0.518,0.505,0.383,0.404,0.52,0.66,0.592,0.807,0.65,0.581
4,A1_1,0.474,1.0,0.819,0.771,0.668,0.584,0.534,0.674,0.814,0.463,0.664,0.655,0.39,0.292,0.277,0.329
4,A1_2,0.592,0.819,1.0,0.693,0.856,0.556,0.586,0.634,0.698,0.572,0.706,0.716,0.379,0.406,0.341,0.442
4,A1_3,0.38,0.771,0.693,1.0,0.701,0.642,0.838,0.602,0.839,0.523,0.63,0.544,0.589,0.304,0.173,0.63
4,B1_1,0.615,0.668,0.856,0.701,1.0,0.542,0.656,0.379,0.706,0.369,0.746,0.729,0.529,0.561,0.321,0.587
4,B1_2,0.806,0.584,0.556,0.642,0.542,1.0,0.793,0.553,0.494,0.477,0.685,0.773,0.773,0.598,0.584,0.789
4,B1_3,0.518,0.534,0.586,0.838,0.656,0.793,1.0,0.396,0.653,0.564,0.759,0.72,0.801,0.315,0.311,0.886
4,A2_1,0.505,0.674,0.634,0.602,0.379,0.553,0.396,1.0,0.663,0.724,0.276,0.333,0.234,0.395,0.374,0.339
4,A2_2,0.383,0.814,0.698,0.839,0.706,0.494,0.653,0.663,1.0,0.69,0.574,0.528,0.429,0.291,0.175,0.482
4,A2_3,0.404,0.463,0.572,0.523,0.369,0.477,0.564,0.724,0.69,1.0,0.303,0.361,0.343,0.216,0.362,0.426
4,B2_1,0.52,0.664,0.706,0.63,0.746,0.685,0.759,0.276,0.574,0.303,1.0,0.965,0.654,0.163,0.108,0.777
4,B2_2,0.66,0.655,0.716,0.544,0.729,0.773,0.72,0.333,0.528,0.361,0.965,1.0,0.703,0.3,0.305,0.762
4,B2_3,0.592,0.39,0.379,0.589,0.529,0.773,0.801,0.234,0.429,0.343,0.654,0.703,1.0,0.369,0.432,0.787
4,y1,0.807,0.292,0.406,0.304,0.561,0.598,0.315,0.395,0.291,0.216,0.163,0.3,0.369,1.0,0.767,0.33
4,y2,0.65,0.277,0.341,0.173,0.321,0.584,0.311,0.374,0.175,0.362,0.108,0.305,0.432,0.767,1.0,0.217
4,y3,0.581,0.329,0.442,0.63,0.587,0.789,0.886,0.339,0.482,0.426,0.777,0.762,0.787,0.33,0.217,1.0
5,.,1.0,0.458,0.592,0.354,0.606,0.795,0.502,0.491,0.375,0.397,0.519,0.659,0.595,0.822,0.668,0.605
5,A1_1,0.458,1.0,0.823,0.779,0.664,0.597,0.55,0.679,0.823,0.471,0.678,0.666,0.405,0.289,0.272,0.346
5,A1_2,0.592,0.823,1.0,0.705,0.862,0.574,0.598,0.635,0.711,0.567,0.713,0.723,0.402,0.434,0.349,0.45
5,A1_3,0.354,0.779,0.705,1.0,0.704,0.642,0.842,0.6,0.847,0.525,0.646,0.554,0.591,0.292,0.156,0.628
5,B1_1,0.606,0.664,0.862,0.704,1.0,0.55,0.662,0.38,0.709,0.363,0.745,0.727,0.546,0.57,0.341,0.594
5,B1_2,0.795,0.597,0.574,0.642,0.55,1.0,0.797,0.551,0.517,0.482,0.71,0.791,0.776,0.597,0.579,0.817
5,B1_3,0.502,0.55,0.598,0.842,0.662,0.797,1.0,0.396,0.671,0.563,0.773,0.73,0.807,0.318,0.301,0.891
5,A2_1,0.491,0.679,0.635,0.6,0.38,0.551,0.396,1.0,0.666,0.728,0.294,0.345,0.241,0.396,0.352,0.348
5,A2_2,0.375,0.823,0.711,0.847,0.709,0.517,0.671,0.666,1.0,0.689,0.605,0.558,0.458,0.294,0.166,0.501
5,A2_3,0.397,0.471,0.567,0.525,0.363,0.482,0.563,0.728,0.689,1.0,0.318,0.379,0.358,0.238,0.343,0.437
5,B2_1,0.519,0.678,0.713,0.646,0.745,0.71,0.773,0.294,0.605,0.318,1.0,0.965,0.665,0.184,0.127,0.773
5,B2_2,0.659,0.666,0.723,0.554,0.727,0.791,0.73,0.345,0.558,0.379,0.965,1.0,0.712,0.319,0.323,0.767
5,B2_3,0.595,0.405,0.402,0.591,0.546,0.776,0.807,0.241,0.458,0.358,0.665,0.712,1.0,0.378,0.442,0.816
5,y1,0.822,0.289,0.434,0.292,0.57,0.597,0.318,0.396,0.294,0.238,0.184,0.319,0.378,1.0,0.78,0.381
5,y2,0.668,0.272,0.349,0.156,0.341,0.579,0.301,0.352,0.166,0.343,0.127,0.323,0.442,0.78,1.0,0.276
5,y3,0.605,0.346,0.45,0.628,0.594,0.817,0.891,0.348,0.501,0.437,0.773,0.767,0.816,0.381,0.276,1.0
6,.,1.0,0.444,0.593,0.332,0.6,0.786,0.491,0.48,0.369,0.396,0.523,0.662,0.602,0.836,0.684,0.632
6,A1_1,0.444,1.0,0.824,0.786,0.66,0.611,0.565,0.686,0.831,0.48,0.692,0.674,0.417,0.289,0.271,0.357
6,A1_2,0.593,0.824,1.0,0.713,0.869,0.591,0.607,0.637,0.721,0.564,0.721,0.729,0.422,0.463,0.363,0.457
6,A1_3,0.332,0.786,0.713,1.0,0.705,0.643,0.846,0.6,0.854,0.529,0.661,0.562,0.593,0.281,0.145,0.618
6,B1_1,0.6,0.66,0.869,0.705,1.0,0.56,0.67,0.384,0.711,0.364,0.747,0.725,0.565,0.578,0.361,0.603
6,B1_2,0.786,0.611,0.591,0.643,0.56,1.0,0.8,0.55,0.537,0.488,0.735,0.808,0.778,0.598,0.576,0.838
6,B1_3,0.491,0.565,0.607,0.846,0.67,0.8,1.0,0.399,0.685,0.562,0.785,0.738,0.812,0.326,0.297,0.888
6,A2_1,0.48,0.686,0.637,0.6,0.384,0.55,0.399,1.0,0.669,0.731,0.316,0.36,0.25,0.399,0.335,0.353
6,A2_2,0.369,0.831,0.721,0.854,0.711,0.537,0.685,0.669,1.0,0.687,0.635,0.585,0.481,0.297,0.16,0.514
6,A2_3,0.396,0.48,0.564,0.529,0.364,0.488,0.562,0.731,0.687,1.0,0.334,0.397,0.375,0.265,0.333,0.445
6,B2_1,0.523,0.692,0.721,0.661,0.747,0.735,0.785,0.316,0.635,0.334,1.0,0.965,0.674,0.209,0.149,0.767
6,B2_2,0.662,0.674,0.729,0.562,0.725,0.808,0.738,0.36,0.585,0.397,0.965,1.0,0.72,0.339,0.342,0.77
6,B2_3,0.602,0.417,0.422,0.593,0.565,0.778,0.812,0.25,0.481,0.375,0.674,0.72,1.0,0.391,0.453,0.841
6,y1,0.836,0.289,0.463,0.281,0.578,0.598,0.326,0.399,0.297,0.265,0.209,0.339,0.391,1.0,0.792,0.433
6,y2,0.684,0.271,0.363,0.145,0.361,0.576,0.297,0.335,0.16,0.333,0.149,0.342,0.453,0.792,1.0,0.335
6,y3,0.632,0.357,0.457,0.618,0.603,0.838,0.888,0.353,0.514,0.445,0.767,0.77,0.841,0.433,0.335,1.0
7,.,1.0,0.427,0.589,0.305,0.591,0.77,0.477,0.462,0.357,0.391,0.524,0.663,0.608,0.845,0.698,0.657
7,A1_1,0.427,1.0,0.824,0.796,0.659,0.622,0.581,0.694,0.841,0.491,0.704,0.68,0.431,0.283,0.263,0.362
7,A1_2,0.589,0.824,1.0,0.719,0.877,0.604,0.618,0.634,0.727,0.562,0.728,0.735,0.447,0.482,0.373,0.461
7,A1_3,0.305,0.796,0.719,1.0,0.707,0.644,0.847,0.601,0.861,0.533,0.673,0.568,0.595,0.267,0.131,0.597
7,B1_1,0.591,0.659,0.877,0.707,1.0,0.575,0.683,0.386,0.709,0.364,0.751,0.73,0.589,0.578,0.378,0.612
7,B1_2,0.77,0.622,0.604,0.644,0.575,1.0,0.807,0.546,0.555,0.493,0.762,0.826,0.784,0.589,0.566,0.855
7,B1_3,0.477,0.581,0.618,0.847,0.683,0.807,1.0,0.401,0.698,0.561,0.8,0.749,0.819,0.328,0.29,0.879
7,A2_1,0.462,0.694,0.634,0.601,0.386,0.546,0.401,1.0,0.673,0.732,0.338,0.375,0.261,0.396,0.313,0.355
7,A2_2,0.357,0.841,0.727,0.861,0.709,0.555,0.698,0.673,1.0,0.685,0.663,0.609,0.504,0.294,0.148,0.518
7,A2_3,0.391,0.491,0.562,0.533,0.364,0.493,0.561,0.732,0.685,1.0,0.356,0.419,0.391,0.286,0.317,0.454
7,B2_1,0.524,0.704,0.728,0.673,0.751,0.762,0.8,0.338,0.663,0.356,1.0,0.965,0.684,0.228,0.164,0.757
7,B2_2,0.663,0.68,0.735,0.568,0.73,0.826,0.749,0.375,0.609,0.419,0.965,1.0,0.729,0.357,0.355,0.772
7,B2_3,0.608,0.431,0.447,0.595,0.589,0.784,0.819,0.261,0.504,0.391,0.684,0.729,1.0,0.401,0.46,0.864
7,y1,0.845,0.283,0.482,0.267,0.578,0.589,0.328,0.396,0.294,0.286,0.228,0.357,0.401,1.0,0.8,0.481
7,y2,0.698,0.263,0.373,0.131,0.378,0.566,0.29,0.313,0.148,0.317,0.164,0.355,0.46,0.8,1.0,0.393
7,y3,0.657,0.362,0.461,0.597,0.612,0.855,0.879,0.355,0.518,0.454,0.757,0.772,0.864,0.481,0.393,1.0
8,.,1.0,0.411,0.58,0.281,0.582,0.755,0.466,0.445,0.343,0.387,0.521,0.663,0.613,0.854,0.709,0.68
8,A1_1,0.411,1.0,0.823,0.804,0.66,0.635,0.596,0.703,0.848,0.504,0.714,0.686,0.445,0.278,0.256,0.365
8,A1_2,0.58,0.823,1.0,0.722,0.883,0.615,0.628,0.632,0.728,0.562,0.732,0.739,0.469,0.493,0.381,0.462
8,A1_3,0.281,0.804,0.722,1.0,0.71,0.648,0.848,0.607,0.868,0.54,0.682,0.572,0.6,0.255,0.122,0.576
8,B1_1,0.582,0.66,0.883,0.71,1.0,0.589,0.697,0.389,0.708,0.37,0.758,0.737,0.614,0.574,0.391,0.619
8,B1_2,0.755,0.635,0.615,0.648,0.589,1.0,0.814,0.545,0.571,0.499,0.783,0.839,0.787,0.581,0.555,0.863
8,B1_3,0.466,0.596,0.628,0.848,0.697,0.814,1.0,0.405,0.709,0.563,0.811,0.758,0.826,0.33,0.287,0.867
8,A2_1,0.445,0.703,0.632,0.607,0.389,0.545,0.405,1.0,0.678,0.732,0.358,0.389,0.273,0.392,0.293,0.354
8,A2_2,0.343,0.848,0.728,0.868,0.708,0.571,0.709,0.678,1.0,0.685,0.685,0.627,0.521,0.29,0.136,0.516
8,A2_3,0.387,0.504,0.562,0.54,0.37,0.499,0.563,0.732,0.685,1.0,0.377,0.44,0.405,0.305,0.305,0.46
8,B2_1,0.521,0.714,0.732,0.682,0.758,0.783,0.811,0.358,0.685,0.377,1.0,0.964,0.692,0.244,0.175,0.745
8,B2_2,0.663,0.686,0.739,0.572,0.737,0.839,0.758,0.389,0.627,0.44,0.964,1.0,0.737,0.373,0.365,0.771
8,B2_3,0.613,0.445,0.469,0.6,0.614,0.787,0.826,0.273,0.521,0.405,0.692,0.737,1.0,0.414,0.468,0.88
8,y1,0.854,0.278,0.493,0.255,0.574,0.581,0.33,0.392,0.29,0.305,0.244,0.373,0.414,1.0,0.806,0.524
8,y2,0.709,0.256,0.381,0.122,0.391,0.555,0.287,0.293,0.136,0.305,0.175,0.365,0.468,0.806,1.0,0.445
8,y3,0.68,0.365,0.462,0.576,0.619,0.863,0.867,0.354,0.516,0.46,0.745,0.771,0.88,0.524,0.445,1.0
9,.,1.0,0.401,0.575,0.267,0.578,0.743,0.465,0.435,0.338,0.393,0.523,0.665,0.626,0.864,0.723,0.707
9,A1_1,0.401,1.0,0.822,0.815,0.666,0.652,0.619,0.715,0.856,0.52,0.727,0.696,0.465,0.28,0.256,0.376
9,A1_2,0.575,0.822,1.0,0.729,0.893,0.629,0.645,0.635,0.733,0.57,0.738,0.746,0.499,0.508,0.397,0.472
9,A1_3,0.267,0.815,0.729,1.0,0.715,0.659,0.854,0.618,0.873,0.552,0.694,0.583,0.609,0.25,0.122,0.559
9,B1_1,0.578,0.666,0.893,0.715,1.0,0.609,0.716,0.403,0.711,0.389,0.765,0.747,0.644,0.574,0.409,0.631
9,B1_2,0.743,0.652,0.629,0.659,0.609,1.0,0.824,0.555,0.593,0.512,0.804,0.851,0.791,0.579,0.55,0.867
9,B1_3,0.465,0.619,0.645,0.854,0.716,0.824,1.0,0.422,0.725,0.571,0.824,0.769,0.833,0.342,0.294,0.853
9,A2_1,0.435,0.715,0.635,0.618,0.403,0.555,0.422,1.0,0.686,0.736,0.387,0.413,0.296,0.392,0.28,0.364
9,A2_2,0.338,0.856,0.733,0.873,0.711,0.593,0.725,0.686,1.0,0.688,0.711,0.651,0.543,0.292,0.132,0.519
9,A2_3,0.393,0.52,0.57,0.552,0.389,0.512,0.571,0.736,0.688,1.0,0.402,0.465,0.427,0.33,0.301,0.471
9,B2_1,0.523,0.727,0.738,0.694,0.765,0.804,0.824,0.387,0.711,0.402,1.0,0.964,0.7,0.267,0.192,0.734
9,B2_2,0.665,0.696,0.746,0.583,0.747,0.851,0.769,0.413,0.651,0.465,0.964,1.0,0.745,0.396,0.38,0.77
9,B2_3,0.626,0.465,0.499,0.609,0.644,0.791,0.833,0.296,0.543,0.427,0.7,0.745,1.0,0.437,0.486,0.895
9,y1,0.864,0.28,0.508,0.25,0.574,0.579,0.342,0.392,0.292,0.33,0.267,0.396,0.437,1.0,0.812,0.569
9,y2,0.723,0.256,0.397,0.122,0.409,0.55,0.294,0.28,0.132,0.301,0.192,0.38,0.486,0.812,1.0,0.5
9,y3,0.707,0.376,0.472,0.559,0.631,0.867,0.853,0.364,0.519,0.471,0.734,0.77,0.895,0.569,0.5,1.0
10,.,1.0,0.388,0.565,0.25,0.571,0.724,0.46,0.421,0.328,0.397,0.518,0.662,0.634,0.877,0.738,0.734
10,A1_1,0.388,1.0,0.823,0.829,0.675,0.67,0.647,0.731,0.865,0.542,0.74,0.708,0.487,0.281,0.251,0.382
10,A1_2,0.565,0.823,1.0,0.737,0.902,0.643,0.665,0.64,0.737,0.581,0.741,0.755,0.532,0.517,0.408,0.48
10,A1_3,0.25,0.829,0.737,1.0,0.722,0.671,0.86,0.634,0.879,0.567,0.706,0.596,0.621,0.242,0.121,0.536
10,B1_1,0.571,0.675,0.902,0.722,1.0,0.629,0.738,0.421,0.716,0.41,0.772,0.761,0.676,0.568,0.423,0.639
10,B1_2,0.724,0.67,0.643,0.671,0.629,1.0,0.836,0.566,0.614,0.526,0.822,0.862,0.794,0.572,0.54,0.864
10,B1_3,0.46,0.647,0.665,0.86,0.738,0.836,1.0,0.445,0.742,0.581,0.837,0.781,0.839,0.352,0.3,0.831
10,A2_1,0.421,0.731,0.64,0.634,0.421,0.566,0.445,1.0,0.697,0.74,0.418,0.44,0.322,0.389,0.262,0.37
10,A2_2,0.328,0.865,0.737,0.879,0.716,0.614,0.742,0.697,1.0,0.693,0.735,0.674,0.561,0.292,0.124,0.512
10,A2_3,0.397,0.542,0.581,0.567,0.41,0.526,0.581,0.74,0.693,1.0,0.431,0.492,0.447,0.356,0.296,0.48
10,B2_1,0.518,0.74,0.741,0.706,0.772,0.822,0.837,0.418,0.735,0.431,1.0,0.964,0.707,0.286,0.202,0.715
10,B2_2,0.662,0.708,0.755,0.596,0.761,0.862,0.781,0.44,0.674,0.492,0.964,1.0,0.751,0.417,0.39,0.763
10,B2_3,0.634,0.487,0.532,0.621,0.676,0.794,0.839,0.322,0.561,0.447,0.707,0.751,1.0,0.46,0.504,0.905
10,y1,0.877,0.281,0.517,0.242,0.568,0.572,0.352,0.389,0.292,0.356,0.286,0.417,0.46,1.0,0.817,0.616
10,y2,0.738,0.251,0.408,0.121,0.423,0.54,0.3,0.262,0.124,0.296,0.202,0.39,0.504,0.817,1.0,0.56
10,y3,0.734,0.382,0.48,0.536,0.639,0.864,0.831,0.37,0.512,0.48,0.715,0.763,0.905,0.616,0.56,1.0
11,.,1.0,0.377,0.556,0.237,0.564,0.711,0.456,0.408,0.32,0.398,0.514,0.659,0.64,0.884,0.749,0.753
11,A1_1,0.377,1.0,0.823,0.838,0.682,0.681,0.666,0.742,0.871,0.558,0.748,0.717,0.5,0.282,0.249,0.385
11,A1_2,0.556,0.823,1.0,0.742,0.908,0.65,0.68,0.643,0.738,0.587,0.742,0.76,0.554,0.52,0.418,0.485
11,A1_3,0.237,0.838,0.742,1.0,0.728,0.679,0.865,0.647,0.882,0.579,0.712,0.605,0.628,0.236,0.123,0.517
11,B1_1,0.564,0.682,0.908,0.728,1.0,0.643,0.755,0.434,0.719,0.427,0.776,0.77,0.699,0.564,0.435,0.643
11,B1_2,0.711,0.681,0.65,0.679,0.643,1.0,0.844,0.572,0.627,0.538,0.833,0.867,0.798,0.568,0.536,0.859
11,B1_3,0.456,0.666,0.68,0.865,0.755,0.844,1.0,0.463,0.753,0.591,0.846,0.789,0.843,0.36,0.308,0.813
11,A2_1,0.408,0.742,0.643,0.647,0.434,0.572,0.463,1.0,0.704,0.742,0.442,0.46,0.338,0.383,0.249,0.373
11,A2_2,0.32,0.871,0.738,0.882,0.719,0.627,0.753,0.704,1.0,0.696,0.753,0.691,0.571,0.292,0.121,0.506
11,A2_3,0.398,0.558,0.587,0.579,0.427,0.538,0.591,0.742,0.696,1.0,0.455,0.514,0.461,0.372,0.293,0.486
11,B2_1,0.514,0.748,0.742,0.712,0.776,0.833,0.846,0.442,0.753,0.455,1.0,0.964,0.71,0.3,0.21,0.701
11,B2_2,0.659,0.717,0.76,0.605,0.77,0.867,0.789,0.46,0.691,0.514,0.964,1.0,0.754,0.432,0.398,0.757
11,B2_3,0.64,0.5,0.554,0.628,0.699,0.798,0.843,0.338,0.571,0.461,0.71,0.754,1.0,0.477,0.521,0.909
11,y1,0.884,0.282,0.52,0.236,0.564,0.568,0.36,0.383,0.292,0.372,0.3,0.432,0.477,1.0,0.82,0.647
11,y2,0.749,0.249,0.418,0.123,0.435,0.536,0.308,0.249,0.121,0.293,0.21,0.398,0.521,0.82,1.0,0.601
11,y3,0.753,0.385,0.485,0.517,0.643,0.859,0.813,0.373,0.506,0.486,0.701,0.757,0.909,0.647,0.601,1.0
12,.,1.0,0.363,0.541,0.22,0.555,0.693,0.449,0.389,0.31,0.395,0.507,0.652,0.643,0.891,0.76,0.77
12,A1_1,0.363,1.0,0.823,0.849,0.69,0.691,0.687,0.755,0.877,0.576,0.754,0.725,0.516,0.277,0.242,0.383
12,A1_2,0.541,0.823,1.0,0.75,0.915,0.656,0.698,0.646,0.739,0.594,0.744,0.766,0.578,0.517,0.422,0.487
12,A1_3,0.22,0.849,0.75,1.0,0.735,0.689,0.869,0.664,0.885,0.593,0.719,0.616,0.637,0.226,0.122,0.495
12,B1_1,0.555,0.69,0.915,0.735,1.0,0.658,0.772,0.45,0.724,0.444,0.782,0.781,0.722,0.554,0.443,0.645
12,B1_2,0.693,0.691,0.656,0.689,0.658,1.0,0.856,0.58,0.641,0.552,0.843,0.873,0.803,0.558,0.527,0.851
12,B1_3,0.449,0.687,0.698,0.869,0.772,0.856,1.0,0.487,0.765,0.603,0.855,0.798,0.847,0.363,0.313,0.792
12,A2_1,0.389,0.755,0.646,0.664,0.45,0.58,0.487,1.0,0.715,0.744,0.467,0.482,0.357,0.371,0.23,0.372
12,A2_2,0.31,0.877,0.739,0.885,0.724,0.641,0.765,0.715,1.0,0.7,0.769,0.706,0.58,0.289,0.116,0.493
12,A2_3,0.395,0.576,0.594,0.593,0.444,0.552,0.603,0.744,0.7,1.0,0.482,0.536,0.474,0.383,0.288,0.489
12,B2_1,0.507,0.754,0.744,0.719,0.782,0.843,0.855,0.467,0.769,0.482,1.0,0.964,0.713,0.309,0.211,0.682
12,B2_2,0.652,0.725,0.766,0.616,0.781,0.873,0.798,0.482,0.706,0.536,0.964,1.0,0.756,0.442,0.399,0.747
12,B2_3,0.643,0.516,0.578,0.637,0.722,0.803,0.847,0.357,0.58,0.474,0.713,0.756,1.0,0.489,0.535,0.91
12,y1,0.891,0.277,0.517,0.226,0.554,0.558,0.363,0.371,0.289,0.383,0.309,0.442,0.489,1.0,0.823,0.676
12,y2,0.76,0.242,0.422,0.122,0.443,0.527,0.313,0.23,0.116,0.288,0.211,0.399,0.535,0.823,1.0,0.642
12,y3,0.77,0.383,0.487,0.495,0.645,0.851,0.792,0.372,0.493,0.489,0.682,0.747,0.91,0.676,0.642,1.0
13,.,1.0,0.35,0.529,0.209,0.547,0.678,0.446,0.375,0.305,0.397,0.502,0.644,0.644,0.9,0.772,0.789
13,A1_1,0.35,1.0,0.824,0.862,0.7,0.704,0.713,0.77,0.886,0.596,0.765,0.736,0.532,0.277,0.236,0.384
13,A1_2,0.529,0.824,1.0,0.758,0.922,0.667,0.72,0.654,0.744,0.605,0.747,0.773,0.604,0.517,0.429,0.493
13,A1_3,0.209,0.862,0.758,1.0,0.742,0.702,0.876,0.684,0.888,0.611,0.728,0.63,0.647,0.22,0.125,0.476
13,B1_1,0.547,0.7,0.922,0.742,1.0,0.675,0.792,0.471,0.731,0.466,0.788,0.792,0.745,0.547,0.453,0.647
13,B1_2,0.678,0.704,0.667,0.702,0.675,1.0,0.867,0.596,0.659,0.572,0.852,0.878,0.808,0.553,0.523,0.841
13,B1_3,0.446,0.713,0.72,0.876,0.792,0.867,1.0,0.518,0.778,0.618,0.864,0.81,0.852,0.372,0.324,0.769
13,A2_1,0.375,0.77,0.654,0.684,0.471,0.596,0.518,1.0,0.728,0.749,0.499,0.509,0.379,0.363,0.216,0.374
13,A2_2,0.305,0.886,0.744,0.888,0.731,0.659,0.778,0.728,1.0,0.708,0.787,0.726,0.59,0.293,0.119,0.483
13,A2_3,0.397,0.596,0.605,0.611,0.466,0.572,0.618,0.749,0.708,1.0,0.51,0.559,0.491,0.398,0.288,0.494
13,B2_1,0.502,0.765,0.747,0.728,0.788,0.852,0.864,0.499,0.787,0.51,1.0,0.965,0.716,0.324,0.219,0.663
13,B2_2,0.644,0.736,0.773,0.63,0.792,0.878,0.81,0.509,0.726,0.559,0.965,1.0,0.759,0.455,0.406,0.736
13,B2_3,0.644,0.532,0.604,0.647,0.745,0.808,0.852,0.379,0.59,0.491,0.716,0.759,1.0,0.503,0.551,0.908
13,y1,0.9,0.277,0.517,0.22,0.547,0.553,0.372,0.363,0.293,0.398,0.324,0.455,0.503,1.0,0.826,0.704
13,y2,0.772,0.236,0.429,0.125,0.453,0.523,0.324,0.216,0.119,0.288,0.219,0.406,0.551,0.826,1.0,0.684
13,y3,0.789,0.384,0.493,0.476,0.647,0.841,0.769,0.374,0.483,0.494,0.663,0.736,0.908,0.704,0.684,1.0
14,.,1.0,0.337,0.517,0.199,0.54,0.666,0.442,0.36,0.302,0.397,0.499,0.637,0.644,0.905,0.782,0.803
14,A1_1,0.337,1.0,0.825,0.872,0.71,0.715,0.734,0.782,0.892,0.613,0.773,0.745,0.544,0.275,0.231,0.382
14,A1_2,0.517,0.825,1.0,0.766,0.927,0.675,0.738,0.66,0.748,0.613,0.749,0.778,0.625,0.513,0.434,0.495
14,A1_3,0.199,0.872,0.766,1.0,0.749,0.712,0.882,0.702,0.89,0.627,0.733,0.642,0.656,0.214,0.127,0.458
14,B1_1,0.54,0.71,0.927,0.749,1.0,0.689,0.808,0.49,0.738,0.486,0.793,0.801,0.762,0.54,0.461,0.646
14,B1_2,0.666,0.715,0.675,0.712,0.689,1.0,0.877,0.609,0.675,0.59,0.858,0.882,0.813,0.548,0.52,0.831
14,B1_3,0.442,0.734,0.738,0.882,0.808,0.877,1.0,0.544,0.789,0.632,0.869,0.819,0.856,0.377,0.334,0.749
14,A2_1,0.36,0.782,0.66,0.702,0.49,0.609,0.544,1.0,0.74,0.753,0.524,0.531,0.395,0.354,0.204,0.371
14,A2_2,0.302,0.892,0.748,0.89,0.738,0.675,0.789,0.74,1.0,0.717,0.802,0.741,0.598,0.296,0.123,0.473
14,A2_3,0.397,0.613,0.613,0.627,0.486,0.59,0.632,0.753,0.717,1.0,0.536,0.579,0.505,0.409,0.288,0.496
14,B2_1,0.499,0.773,0.749,0.733,0.793,0.858,0.869,0.524,0.802,0.536,1.0,0.966,0.719,0.336,0.226,0.646
14,B2_2,0.637,0.745,0.778,0.642,0.801,0.882,0.819,0.531,0.741,0.579,0.966,1.0,0.761,0.462,0.41,0.725
14,B2_3,0.644,0.544,0.625,0.656,0.762,0.813,0.856,0.395,0.598,0.505,0.719,0.761,1.0,0.51,0.562,0.904
14,y1,0.905,0.275,0.513,0.214,0.54,0.548,0.377,0.354,0.296,0.409,0.336,0.462,0.51,1.0,0.829,0.725
14,y2,0.782,0.231,0.434,0.127,0.461,0.52,0.334,0.204,0.123,0.288,0.226,0.41,0.562,0.829,1.0,0.718
14,y3,0.803,0.382,0.495,0.458,0.646,0.831,0.749,0.371,0.473,0.496,0.646,0.725,0.904,0.725,0.718,1.0
15,.,1.0,0.319,0.498,0.183,0.527,0.649,0.431,0.338,0.293,0.39,0.489,0.624,0.636,0.91,0.792,0.815
15,A1_1,0.319,1.0,0.827,0.882,0.718,0.725,0.754,0.794,0.898,0.629,0.78,0.752,0.556,0.268,0.221,0.373
15,A1_2,0.498,0.827,1.0,0.774,0.932,0.683,0.756,0.665,0.752,0.621,0.751,0.782,0.643,0.503,0.434,0.492
15,A1_3,0.183,0.882,0.774,1.0,0.754,0.722,0.888,0.719,0.891,0.643,0.737,0.652,0.665,0.204,0.126,0.436
15,B1_1,0.527,0.718,0.932,0.754,1.0,0.702,0.823,0.505,0.743,0.502,0.797,0.809,0.778,0.529,0.464,0.64
15,B1_2,0.649,0.725,0.683,0.722,0.702,1.0,0.885,0.62,0.69,0.608,0.862,0.886,0.818,0.54,0.515,0.816
15,B1_3,0.431,0.754,0.756,0.888,0.823,0.885,1.0,0.568,0.8,0.646,0.872,0.827,0.861,0.376,0.339,0.723
15,A2_1,0.338,0.794,0.665,0.719,0.505,0.62,0.568,1.0,0.751,0.757,0.546,0.549,0.408,0.339,0.186,0.36
15,A2_2,0.293,0.898,0.752,0.891,0.743,0.69,0.8,0.751,1.0,0.728,0.816,0.756,0.606,0.294,0.124,0.458
15,A2_3,0.39,0.629,0.621,0.643,0.502,0.608,0.646,0.757,0.728,1.0,0.559,0.596,0.517,0.413,0.284,0.492
15,B2_1,0.489,0.78,0.751,0.737,0.797,0.862,0.872,0.546,0.816,0.559,1.0,0.967,0.723,0.342,0.228,0.623
15,B2_2,0.624,0.752,0.782,0.652,0.809,0.886,0.827,0.549,0.756,0.596,0.967,1.0,0.765,0.464,0.41,0.709
15,B2_3,0.636,0.556,0.643,0.665,0.778,0.818,0.861,0.408,0.606,0.517,0.723,0.765,1.0,0.509,0.567,0.894
15,y1,0.91,0.268,0.503,0.204,0.529,0.54,0.376,0.339,0.294,0.413,0.342,0.464,0.509,1.0,0.832,0.744
15,y2,0.792,0.221,0.434,0.126,0.464,0.515,0.339,0.186,0.124,0.284,0.228,0.41,0.567,0.832,1.0,0.751
15,y3,0.815,0.373,0.492,0.436,0.64,0.816,0.723,0.36,0.458,0.492,0.623,0.709,0.894,0.744,0.751,1.0
16,.,1.0,0.302,0.482,0.17,0.517,0.634,0.421,0.318,0.287,0.383,0.483,0.613,0.628,0.914,0.8,0.825
16,A1_1,0.302,1.0,0.828,0.891,0.726,0.734,0.771,0.804,0.904,0.644,0.786,0.758,0.568,0.263,0.212,0.364
16,A1_2,0.482,0.828,1.0,0.782,0.936,0.69,0.773,0.67,0.758,0.629,0.753,0.785,0.66,0.494,0.433,0.49
16,A1_3,0.17,0.891,0.782,1.0,0.76,0.732,0.893,0.735,0.893,0.659,0.74,0.661,0.675,0.196,0.124,0.418
16,B1_1,0.517,0.726,0.936,0.76,1.0,0.714,0.836,0.52,0.749,0.519,0.801,0.816,0.792,0.52,0.468,0.636
16,B1_2,0.634,0.734,0.69,0.732,0.714,1.0,0.893,0.631,0.706,0.627,0.866,0.89,0.824,0.533,0.51,0.803
16,B1_3,0.421,0.771,0.773,0.893,0.836,0.893,1.0,0.59,0.81,0.66,0.874,0.834,0.868,0.375,0.345,0.702
16,A2_1,0.318,0.804,0.67,0.735,0.52,0.631,0.59,1.0,0.764,0.761,0.566,0.564,0.422,0.325,0.171,0.35
16,A2_2,0.287,0.904,0.758,0.893,0.749,0.706,0.81,0.764,1.0,0.74,0.829,0.769,0.616,0.293,0.126,0.446
16,A2_3,0.383,0.644,0.629,0.659,0.519,0.627,0.66,0.761,0.74,1.0,0.581,0.612,0.531,0.415,0.28,0.487
16,B2_1,0.483,0.786,0.753,0.74,0.801,0.866,0.874,0.566,0.829,0.581,1.0,0.969,0.728,0.349,0.233,0.605
16,B2_2,0.613,0.758,0.785,0.661,0.816,0.89,0.834,0.564,0.769,0.612,0.969,1.0,0.77,0.465,0.411,0.696
16,B2_3,0.628,0.568,0.66,0.675,0.792,0.824,0.868,0.422,0.616,0.531,0.728,0.77,1.0,0.507,0.568,0.884
16,y1,0.914,0.263,0.494,0.196,0.52,0.533,0.375,0.325,0.293,0.415,0.349,0.465,0.507,1.0,0.836,0.759
16,y2,0.8,0.212,0.433,0.124,0.468,0.51,0.345,0.171,0.126,0.28,0.233,0.411,0.568,0.836,1.0,0.777
16,y3,0.825,0.364,0.49,0.418,0.636,0.803,0.702,0.35,0.446,0.487,0.605,0.696,0.884,0.759,0.777,1.0
17,.,1.0,0.284,0.466,0.155,0.506,0.618,0.408,0.298,0.279,0.374,0.476,0.599,0.615,0.918,0.809,0.833
17,A1_1,0.284,1.0,0.831,0.899,0.732,0.744,0.786,0.813,0.909,0.658,0.792,0.763,0.58,0.256,0.204,0.354
17,A1_2,0.466,0.831,1.0,0.789,0.939,0.7,0.788,0.676,0.763,0.638,0.757,0.789,0.676,0.485,0.432,0.487
17,A1_3,0.155,0.899,0.789,1.0,0.764,0.741,0.897,0.749,0.895,0.676,0.743,0.67,0.684,0.186,0.122,0.399
17,B1_1,0.506,0.732,0.939,0.764,1.0,0.726,0.847,0.534,0.753,0.535,0.805,0.822,0.804,0.51,0.471,0.631
17,B1_2,0.618,0.744,0.7,0.741,0.726,1.0,0.899,0.644,0.722,0.645,0.869,0.893,0.83,0.525,0.506,0.788
17,B1_3,0.408,0.786,0.788,0.897,0.847,0.899,1.0,0.61,0.819,0.673,0.874,0.84,0.874,0.371,0.349,0.68
17,A2_1,0.298,0.813,0.676,0.749,0.534,0.644,0.61,1.0,0.775,0.767,0.584,0.578,0.435,0.312,0.158,0.338
17,A2_2,0.279,0.909,0.763,0.895,0.753,0.722,0.819,0.775,1.0,0.753,0.84,0.781,0.627,0.291,0.129,0.434
17,A2_3,0.374,0.658,0.638,0.676,0.535,0.645,0.673,0.767,0.753,1.0,0.601,0.625,0.544,0.416,0.276,0.481
17,B2_1,0.476,0.792,0.757,0.743,0.805,0.869,0.874,0.584,0.84,0.601,1.0,0.97,0.734,0.354,0.238,0.586
17,B2_2,0.599,0.763,0.789,0.67,0.822,0.893,0.84,0.578,0.781,0.625,0.97,1.0,0.776,0.462,0.412,0.681
17,B2_3,0.615,0.58,0.676,0.684,0.804,0.83,0.874,0.435,0.627,0.544,0.734,0.776,1.0,0.5,0.566,0.87
17,y1,0.918,0.256,0.485,0.186,0.51,0.525,0.371,0.312,0.291,0.416,0.354,0.462,0.5,1.0,0.84,0.771
17,y2,0.809,0.204,0.432,0.122,0.471,0.506,0.349,0.158,0.129,0.276,0.238,0.412,0.566,0.84,1.0,0.801
17,y3,0.833,0.354,0.487,0.399,0.631,0.788,0.68,0.338,0.434,0.481,0.586,0.681,0.87,0.771,0.801,1.0
18,.,1.0,0.269,0.453,0.144,0.497,0.604,0.398,0.283,0.272,0.367,0.47,0.587,0.603,0.921,0.817,0.839
18,A1_1,0.269,1.0,0.833,0.906,0.738,0.753,0.798,0.821,0.914,0.669,0.799,0.768,0.592,0.252,0.199,0.345
18,A1_2,0.453,0.833,1.0,0.796,0.942,0.71,0.802,0.682,0.768,0.647,0.762,0.793,0.691,0.478,0.432,0.485
18,A1_3,0.144,0.906,0.796,1.0,0.768,0.751,0.901,0.761,0.898,0.691,0.747,0.679,0.694,0.18,0.122,0.383
18,B1_1,0.497,0.738,0.942,0.768,1.0,0.737,0.857,0.547,0.757,0.551,0.81,0.828,0.816,0.502,0.476,0.626
18,B1_2,0.604,0.753,0.71,0.751,0.737,1.0,0.905,0.656,0.737,0.662,0.872,0.897,0.835,0.52,0.504,0.774
18,B1_3,0.398,0.798,0.802,0.901,0.857,0.905,1.0,0.627,0.827,0.685,0.873,0.846,0.88,0.368,0.355,0.661
18,A2_1,0.283,0.821,0.682,0.761,0.547,0.656,0.627,1.0,0.787,0.773,0.601,0.591,0.449,0.303,0.149,0.327
18,A2_2,0.272,0.914,0.768,0.898,0.757,0.737,0.827,0.787,1.0,0.766,0.851,0.792,0.639,0.289,0.132,0.422
18,A2_3,0.367,0.669,0.647,0.691,0.551,0.662,0.685,0.773,0.766,1.0,0.618,0.637,0.559,0.417,0.275,0.474
18,B2_1,0.47,0.799,0.762,0.747,0.81,0.872,0.873,0.601,0.851,0.618,1.0,0.972,0.741,0.36,0.247,0.57
18,B2_2,0.587,0.768,0.793,0.679,0.828,0.897,0.846,0.591,0.792,0.637,0.972,1.0,0.783,0.461,0.415,0.669
18,B2_3,0.603,0.592,0.691,0.694,0.816,0.835,0.88,0.449,0.639,0.559,0.741,0.783,1.0,0.494,0.564,0.856
18,y1,0.921,0.252,0.478,0.18,0.502,0.52,0.368,0.303,0.289,0.417,0.36,0.461,0.494,1.0,0.845,0.781
18,y2,0.817,0.199,0.432,0.122,0.476,0.504,0.355,0.149,0.132,0.275,0.247,0.415,0.564,0.845,1.0,0.821
18,y3,0.839,0.345,0.485,0.383,0.626,0.774,0.661,0.327,0.422,0.474,0.57,0.669,0.856,0.781,0.821,1.0
19,.,1.0,0.249,0.435,0.128,0.484,0.588,0.383,0.26,0.259,0.355,0.463,0.574,0.588,0.922,0.824,0.844
19,A1_1,0.249,1.0,0.836,0.911,0.743,0.759,0.808,0.828,0.918,0.68,0.802,0.771,0.603,0.242,0.191,0.332
19,A1_2,0.435,0.836,1.0,0.803,0.944,0.719,0.814,0.687,0.773,0.656,0.766,0.795,0.703,0.465,0.427,0.478
19,A1_3,0.128,0.911,0.803,1.0,0.772,0.758,0.904,0.772,0.901,0.706,0.748,0.686,0.704,0.17,0.118,0.365
19,B1_1,0.484,0.743,0.944,0.772,1.0,0.747,0.866,0.556,0.759,0.564,0.813,0.833,0.825,0.491,0.476,0.619
19,B1_2,0.588,0.759,0.719,0.758,0.747,1.0,0.909,0.664,0.75,0.678,0.874,0.899,0.842,0.512,0.501,0.759
19,B1_3,0.383,0.808,0.814,0.904,0.866,0.909,1.0,0.641,0.833,0.698,0.872,0.85,0.887,0.361,0.356,0.641
19,A2_1,0.26,0.828,0.687,0.772,0.556,0.664,0.641,1.0,0.796,0.779,0.614,0.599,0.46,0.287,0.136,0.311
19,A2_2,0.259,0.918,0.773,0.901,0.759,0.75,0.833,0.796,1.0,0.778,0.859,0.8,0.649,0.281,0.131,0.407
19,A2_3,0.355,0.68,0.656,0.706,0.564,0.678,0.698,0.779,0.778,1.0,0.633,0.648,0.573,0.413,0.271,0.465
19,B2_1,0.463,0.802,0.766,0.748,0.813,0.874,0.872,0.614,0.859,0.633,1.0,0.973,0.747,0.363,0.253,0.555
19,B2_2,0.574,0.771,0.795,0.686,0.833,0.899,0.85,0.599,0.8,0.648,0.973,1.0,0.791,0.456,0.416,0.656
19,B2_3,0.588,0.603,0.703,0.704,0.825,0.842,0.887,0.46,0.649,0.573,0.747,0.791,1.0,0.483,0.557,0.84
19,y1,0.922,0.242,0.465,0.17,0.491,0.512,0.361,0.287,0.281,0.413,0.363,0.456,0.483,1.0,0.849,0.789
19,y2,0.824,0.191,0.427,0.118,0.476,0.501,0.356,0.136,0.131,0.271,0.253,0.416,0.557,0.849,1.0,0.838
19,y3,0.844,0.332,0.478,0.365,0.619,0.759,0.641,0.311,0.407,0.465,0.555,0.656,0.84,0.789,0.838,1.0
20,.,1.0,0.23,0.416,0.112,0.471,0.573,0.367,0.237,0.245,0.341,0.455,0.562,0.571,0.923,0.829,0.848
20,A1_1,0.23,1.0,0.838,0.916,0.747,0.765,0.815,0.834,0.922,0.691,0.805,0.773,0.614,0.232,0.183,0.319
20,A1_2,0.416,0.838,1.0,0.809,0.945,0.727,0.824,0.691,0.777,0.664,0.77,0.797,0.715,0.452,0.421,0.469
20,A1_3,0.112,0.916,0.809,1.0,0.775,0.765,0.907,0.782,0.904,0.719,0.749,0.691,0.714,0.16,0.113,0.347
20,B1_1,0.471,0.747,0.945,0.775,1.0,0.757,0.874,0.564,0.761,0.576,0.817,0.838,0.835,0.481,0.475,0.612
20,B1_2,0.573,0.765,0.727,0.765,0.757,1.0,0.913,0.672,0.761,0.693,0.875,0.902,0.849,0.504,0.499,0.746
20,B1_3,0.367,0.815,0.824,0.907,0.874,0.913,1.0,0.653,0.839,0.709,0.87,0.854,0.894,0.352,0.356,0.623
20,A2_1,0.237,0.834,0.691,0.782,0.564,0.672,0.653,1.0,0.805,0.784,0.624,0.606,0.471,0.27,0.123,0.294
20,A2_2,0.245,0.922,0.777,0.904,0.761,0.761,0.839,0.805,1.0,0.789,0.866,0.807,0.66,0.272,0.129,0.392
20,A2_3,0.341,0.691,0.664,0.719,0.576,0.693,0.709,0.784,0.789,1.0,0.647,0.658,0.585,0.406,0.265,0.454
20,B2_1,0.455,0.805,0.77,0.749,0.817,0.875,0.87,0.624,0.866,0.647,1.0,0.974,0.754,0.363,0.258,0.542
20,B2_2,0.562,0.773,0.797,0.691,0.838,0.902,0.854,0.606,0.807,0.658,0.974,1.0,0.799,0.451,0.418,0.646
20,B2_3,0.571,0.614,0.715,0.714,0.835,0.849,0.894,0.471,0.66,0.585,0.754,0.799,1.0,0.471,0.549,0.822
20,y1,0.923,0.232,0.452,0.16,0.481,0.504,0.352,0.27,0.272,0.406,0.363,0.451,0.471,1.0,0.853,0.795
20,y2,0.829,0.183,0.421,0.113,0.475,0.499,0.356,0.123,0.129,0.265,0.258,0.418,0.549,0.853,1.0,0.852
20,y3,0.848,0.319,0.469,0.347,0.612,0.746,0.623,0.294,0.392,0.454,0.542,0.646,0.822,0.795,0.852,1.0
21,.,1.0,0.21,0.397,0.095,0.457,0.555,0.351,0.213,0.229,0.324,0.444,0.548,0.552,0.923,0.834,0.85
21,A1_1,0.21,1.0,0.841,0.92,0.751,0.771,0.822,0.84,0.926,0.702,0.807,0.775,0.626,0.22,0.173,0.305
21,A1_2,0.397,0.841,1.0,0.816,0.946,0.736,0.834,0.696,0.781,0.673,0.774,0.8,0.726,0.438,0.413,0.46
21,A1_3,0.095,0.92,0.816,1.0,0.778,0.772,0.908,0.792,0.907,0.733,0.75,0.696,0.723,0.148,0.106,0.329
21,B1_1,0.457,0.751,0.946,0.778,1.0,0.768,0.881,0.572,0.762,0.587,0.821,0.843,0.844,0.468,0.472,0.604
21,B1_2,0.555,0.771,0.736,0.772,0.768,1.0,0.917,0.679,0.771,0.706,0.876,0.905,0.857,0.493,0.493,0.731
21,B1_3,0.351,0.822,0.834,0.908,0.881,0.917,1.0,0.663,0.844,0.72,0.869,0.858,0.901,0.342,0.353,0.605
21,A2_1,0.213,0.84,0.696,0.792,0.572,0.679,0.663,1.0,0.813,0.79,0.633,0.611,0.484,0.252,0.108,0.275
21,A2_2,0.229,0.926,0.781,0.907,0.762,0.771,0.844,0.813,1.0,0.8,0.872,0.812,0.671,0.26,0.123,0.375
21,A2_3,0.324,0.702,0.673,0.733,0.587,0.706,0.72,0.79,0.8,1.0,0.66,0.667,0.597,0.396,0.257,0.441
21,B2_1,0.444,0.807,0.774,0.75,0.821,0.876,0.869,0.633,0.872,0.66,1.0,0.974,0.762,0.36,0.261,0.528
21,B2_2,0.548,0.775,0.8,0.696,0.843,0.905,0.858,0.611,0.812,0.667,0.974,1.0,0.808,0.443,0.417,0.635
21,B2_3,0.552,0.626,0.726,0.723,0.844,0.857,0.901,0.484,0.671,0.597,0.762,0.808,1.0,0.456,0.537,0.803
21,y1,0.923,0.22,0.438,0.148,0.468,0.493,0.342,0.252,0.26,0.396,0.36,0.443,0.456,1.0,0.857,0.801
21,y2,0.834,0.173,0.413,0.106,0.472,0.493,0.353,0.108,0.123,0.257,0.261,0.417,0.537,0.857,1.0,0.863
21,y3,0.85,0.305,0.46,0.329,0.604,0.731,0.605,0.275,0.375,0.441,0.528,0.635,0.803,0.801,0.863,1.0
22,.,1.0,0.189,0.377,0.078,0.443,0.538,0.333,0.187,0.211,0.305,0.433,0.534,0.533,0.922,0.838,0.852
22,A1_1,0.189,1.0,0.844,0.924,0.752,0.773,0.825,0.846,0.928,0.711,0.806,0.773,0.636,0.206,0.162,0.288
22,A1_2,0.377,0.844,1.0,0.822,0.946,0.743,0.841,0.7,0.785,0.681,0.777,0.801,0.735,0.421,0.403,0.449
22,A1_3,0.078,0.924,0.822,1.0,0.78,0.776,0.909,0.801,0.909,0.745,0.749,0.699,0.732,0.134,0.097,0.311
22,B1_1,0.443,0.752,0.946,0.78,1.0,0.777,0.887,0.577,0.762,0.597,0.824,0.847,0.852,0.455,0.468,0.597
22,B1_2,0.538,0.773,0.743,0.776,0.777,1.0,0.92,0.682,0.777,0.717,0.876,0.907,0.864,0.481,0.487,0.717
22,B1_3,0.333,0.825,0.841,0.909,0.887,0.92,1.0,0.671,0.846,0.729,0.867,0.861,0.907,0.329,0.349,0.588
22,A2_1,0.187,0.846,0.7,0.801,0.577,0.682,0.671,1.0,0.82,0.794,0.639,0.614,0.494,0.232,0.092,0.255
22,A2_2,0.211,0.928,0.785,0.909,0.762,0.777,0.846,0.82,1.0,0.809,0.875,0.815,0.68,0.244,0.115,0.357
22,A2_3,0.305,0.711,0.681,0.745,0.597,0.717,0.729,0.794,0.809,1.0,0.67,0.675,0.608,0.383,0.248,0.426
22,B2_1,0.433,0.806,0.777,0.749,0.824,0.876,0.867,0.639,0.875,0.67,1.0,0.975,0.769,0.355,0.261,0.516
22,B2_2,0.534,0.773,0.801,0.699,0.847,0.907,0.861,0.614,0.815,0.675,0.975,1.0,0.816,0.433,0.415,0.624
22,B2_3,0.533,0.636,0.735,0.732,0.852,0.864,0.907,0.494,0.68,0.608,0.769,0.816,1.0,0.44,0.525,0.784
22,y1,0.922,0.206,0.421,0.134,0.455,0.481,0.329,0.232,0.244,0.383,0.355,0.433,0.44,1.0,0.861,0.804
22,y2,0.838,0.162,0.403,0.097,0.468,0.487,0.349,0.092,0.115,0.248,0.261,0.415,0.525,0.861,1.0,0.872
22,y3,0.852,0.288,0.449,0.311,0.597,0.717,0.588,0.255,0.357,0.426,0.516,0.624,0.784,0.804,0.872,1.0
23,.,1.0,0.169,0.356,0.061,0.427,0.52,0.315,0.163,0.19,0.286,0.418,0.517,0.511,0.922,0.842,0.854
23,A1_1,0.169,1.0,0.848,0.927,0.755,0.779,0.831,0.85,0.931,0.722,0.809,0.776,0.648,0.192,0.151,0.273
23,A1_2,0.356,0.848,1.0,0.829,0.946,0.753,0.85,0.706,0.789,0.689,0.781,0.804,0.746,0.404,0.392,0.437
23,A1_3,0.061,0.927,0.829,1.0,0.782,0.783,0.91,0.809,0.912,0.758,0.752,0.704,0.742,0.121,0.089,0.292
23,B1_1,0.427,0.755,0.946,0.782,1.0,0.786,0.892,0.582,0.762,0.605,0.828,0.852,0.86,0.441,0.463,0.586
23,B1_2,0.52,0.779,0.753,0.783,0.786,1.0,0.923,0.689,0.784,0.73,0.877,0.909,0.871,0.469,0.481,0.701
23,B1_3,0.315,0.831,0.85,0.91,0.892,0.923,1.0,0.679,0.85,0.739,0.867,0.865,0.913,0.315,0.343,0.568
23,A2_1,0.163,0.85,0.706,0.809,0.582,0.689,0.679,1.0,0.827,0.801,0.646,0.618,0.505,0.213,0.076,0.235
23,A2_2,0.19,0.931,0.789,0.912,0.762,0.784,0.85,0.827,1.0,0.818,0.878,0.818,0.689,0.228,0.105,0.336
23,A2_3,0.286,0.722,0.689,0.758,0.605,0.73,0.739,0.801,0.818,1.0,0.681,0.681,0.618,0.37,0.238,0.41
23,B2_1,0.418,0.809,0.781,0.752,0.828,0.877,0.867,0.646,0.878,0.681,1.0,0.975,0.776,0.346,0.261,0.5
23,B2_2,0.517,0.776,0.804,0.704,0.852,0.909,0.865,0.618,0.818,0.681,0.975,1.0,0.824,0.423,0.413,0.612
23,B2_3,0.511,0.648,0.746,0.742,0.86,0.871,0.913,0.505,0.689,0.618,0.776,0.824,1.0,0.422,0.512,0.762
23,y1,0.922,0.192,0.404,0.121,0.441,0.469,0.315,0.213,0.228,0.37,0.346,0.423,0.422,1.0,0.865,0.809
23,y2,0.842,0.151,0.392,0.089,0.463,0.481,0.343,0.076,0.105,0.238,0.261,0.413,0.512,0.865,1.0,0.882
23,y3,0.854,0.273,0.437,0.292,0.586,0.701,0.568,0.235,0.336,0.41,0.5,0.612,0.762,0.809,0.882,1.0
24,.,1.0,0.151,0.338,0.046,0.414,0.504,0.299,0.141,0.173,0.271,0.407,0.505,0.492,0.922,0.846,0.855
24,A1_1,0.151,1.0,0.852,0.93,0.758,0.784,0.835,0.854,0.934,0.732,0.81,0.777,0.658,0.181,0.144,0.26
24,A1_2,0.338,0.852,1.0,0.835,0.946,0.763,0.857,0.71,0.792,0.698,0.785,0.807,0.755,0.39,0.383,0.426
24,A1_3,0.046,0.93,0.835,1.0,0.785,0.788,0.912,0.816,0.914,0.77,0.753,0.709,0.75,0.111,0.082,0.277
24,B1_1,0.414,0.758,0.946,0.785,1.0,0.795,0.898,0.586,0.761,0.613,0.83,0.856,0.867,0.429,0.46,0.578
24,B1_2,0.504,0.784,0.763,0.788,0.795,1.0,0.926,0.694,0.79,0.741,0.877,0.911,0.877,0.46,0.479,0.689
24,B1_3,0.299,0.835,0.857,0.912,0.898,0.926,1.0,0.685,0.852,0.747,0.866,0.868,0.919,0.304,0.34,0.553
24,A2_1,0.141,0.854,0.71,0.816,0.586,0.694,0.685,1.0,0.832,0.807,0.65,0.62,0.515,0.197,0.064,0.219
24,A2_2,0.173,0.934,0.792,0.914,0.761,0.79,0.852,0.832,1.0,0.826,0.881,0.82,0.697,0.214,0.099,0.319
24,A2_3,0.271,0.732,0.698,0.77,0.613,0.741,0.747,0.807,0.826,1.0,0.69,0.688,0.628,0.36,0.233,0.398
24,B2_1,0.407,0.81,0.785,0.753,0.83,0.877,0.866,0.65,0.881,0.69,1.0,0.975,0.782,0.341,0.264,0.49
24,B2_2,0.505,0.777,0.807,0.709,0.856,0.911,0.868,0.62,0.82,0.688,0.975,1.0,0.832,0.415,0.414,0.604
24,B2_3,0.492,0.658,0.755,0.75,0.867,0.877,0.919,0.515,0.697,0.628,0.782,0.832,1.0,0.407,0.501,0.743
24,y1,0.922,0.181,0.39,0.111,0.429,0.46,0.304,0.197,0.214,0.36,0.341,0.415,0.407,1.0,0.868,0.812
24,y2,0.846,0.144,0.383,0.082,0.46,0.479,0.34,0.064,0.099,0.233,0.264,0.414,0.501,0.868,1.0,0.889
24,y3,0.855,0.26,0.426,0.277,0.578,0.689,0.553,0.219,0.319,0.398,0.49,0.604,0.743,0.812,0.889,1.0
25,.,1.0,0.131,0.318,0.028,0.4,0.486,0.282,0.117,0.152,0.25,0.394,0.491,0.472,0.92,0.847,0.855
