,,.,A1_1,A1_2,A1_3,B1_1,B1_2,B1_3,A2_1,A2_2,A2_3,B2_1,B2_2,B2_3,y1,y2,y3
0,.,1.0,0.469,0.252,0.199,-0.222,0.701,0.426,-0.244,-0.285,-0.078,-0.223,0.017,-0.029,0.196,0.143,0.32
0,A1_1,0.469,1.0,0.029,-0.137,0.279,0.537,-0.018,-0.095,-0.272,0.351,0.045,-0.153,0.677,0.157,-0.088,0.365
0,A1_2,0.252,0.029,1.0,-0.014,0.374,-0.164,-0.012,-0.079,-0.323,-0.314,-0.218,0.328,-0.44,0.321,0.207,-0.02
0,A1_3,0.199,-0.137,-0.014,1.0,-0.053,-0.034,0.57,0.044,-0.281,-0.096,0.087,-0.089,-0.184,0.261,-0.476,-0.126
0,B1_1,-0.222,0.279,0.374,-0.053,1.0,-0.334,-0.175,-0.006,0.094,0.01,-0.108,-0.024,0.415,-0.189,0.033,0.033
0,B1_2,0.701,0.537,-0.164,-0.034,-0.334,1.0,-0.132,0.091,0.01,-0.271,0.148,0.2,0.296,0.012,0.202,0.518
0,B1_3,0.426,-0.018,-0.012,0.57,-0.175,-0.132,1.0,-0.229,-0.451,0.387,-0.049,-0.17,-0.215,0.234,-0.343,-0.03
0,A2_1,-0.244,-0.095,-0.079,0.044,-0.006,0.091,-0.229,1.0,-0.207,-0.244,0.791,0.608,-0.201,0.357,-0.236,-0.163
0,A2_2,-0.285,-0.272,-0.323,-0.281,0.094,0.01,-0.451,-0.207,1.0,-0.282,-0.315,-0.26,0.236,-0.848,0.342,0.172
0,A2_3,-0.078,0.351,-0.314,-0.096,0.01,-0.271,0.387,-0.244,-0.282,1.0,-0.154,-0.431,0.352,0.013,-0.583,-0.348
0,B2_1,-0.223,0.045,-0.218,0.087,-0.108,0.148,-0.049,0.791,-0.315,-0.154,1.0,0.529,0.008,0.432,-0.102,0.288
0,B2_2,0.017,-0.153,0.328,-0.089,-0.024,0.2,-0.17,0.608,-0.26,-0.431,0.529,1.0,-0.281,0.137,-0.006,0.152
0,B2_3,-0.029,0.677,-0.44,-0.184,0.415,0.296,-0.215,-0.201,0.236,0.352,0.008,-0.281,1.0,-0.405,-0.054,0.389
0,y1,0.196,0.157,0.321,0.261,-0.189,0.012,0.234,0.357,-0.848,0.013,0.432,0.137,-0.405,1.0,-0.103,-0.148
0,y2,0.143,-0.088,0.207,-0.476,0.033,0.202,-0.343,-0.236,0.342,-0.583,-0.102,-0.006,-0.054,-0.103,1.0,0.558
0,y3,0.32,0.365,-0.02,-0.126,0.033,0.518,-0.03,-0.163,0.172,-0.348,0.288,0.152,0.389,-0.148,0.558,1.0
1,.,1.0,0.467,0.252,0.203,-0.222,0.7,0.426,-0.243,-0.287,-0.08,-0.224,0.015,-0.032,0.198,0.142,0.317
1,A1_1,0.467,1.0,0.029,-0.137,0.278,0.538,-0.018,-0.096,-0.271,0.351,0.045,-0.153,0.677,0.155,-0.088,0.365
1,A1_2,0.252,0.029,1.0,-0.013,0.374,-0.164,-0.012,-0.079,-0.322,-0.313,-0.218,0.328,-0.439,0.322,0.207,-0.02
1,A1_3,0.203,-0.137,-0.013,1.0,-0.052,-0.035,0.571,0.042,-0.282,-0.096,0.087,-0.09,-0.184,0.261,-0.477,-0.126
1,B1_1,-0.222,0.278,0.374,-0.052,1.0,-0.335,-0.174,-0.006,0.094,0.011,-0.107,-0.024,0.415,-0.188,0.032,0.033
1,B1_2,0.7,0.538,-0.164,-0.035,-0.335,1.0,-0.134,0.089,0.009,-0.271,0.145,0.197,0.297,0.01,0.202,0.518
1,B1_3,0.426,-0.018,-0.012,0.571,-0.174,-0.134,1.0,-0.229,-0.451,0.388,-0.049,-0.171,-0.214,0.235,-0.344,-0.03
1,A2_1,-0.243,-0.096,-0.079,0.042,-0.006,0.089,-0.229,1.0,-0.207,-0.244,0.79,0.607,-0.202,0.357,-0.235,-0.163
1,A2_2,-0.287,-0.271,-0.322,-0.282,0.094,0.009,-0.451,-0.207,1.0,-0.282,-0.316,-0.26,0.235,-0.849,0.342,0.171
1,A2_3,-0.08,0.351,-0.313,-0.096,0.011,-0.271,0.388,-0.244,-0.282,1.0,-0.153,-0.431,0.352,0.014,-0.582,-0.348
1,B2_1,-0.224,0.045,-0.218,0.087,-0.107,0.145,-0.049,0.79,-0.316,-0.153,1.0,0.528,0.009,0.432,-0.103,0.288
1,B2_2,0.015,-0.153,0.328,-0.09,-0.024,0.197,-0.171,0.607,-0.26,-0.431,0.528,1.0,-0.281,0.138,-0.005,0.153
1,B2_3,-0.032,0.677,-0.439,-0.184,0.415,0.297,-0.214,-0.202,0.235,0.352,0.009,-0.281,1.0,-0.405,-0.054,0.388
1,y1,0.198,0.155,0.322,0.261,-0.188,0.01,0.235,0.357,-0.849,0.014,0.432,0.138,-0.405,1.0,-0.103,-0.148
1,y2,0.142,-0.088,0.207,-0.477,0.032,0.202,-0.344,-0.235,0.342,-0.582,-0.103,-0.005,-0.054,-0.103,1.0,0.558
1,y3,0.317,0.365,-0.02,-0.126,0.033,0.518,-0.03,-0.163,0.171,-0.348,0.288,0.153,0.388,-0.148,0.558,1.0
2,.,1.0,0.464,0.251,0.209,-0.222,0.699,0.426,-0.241,-0.289,-0.083,-0.224,0.014,-0.034,0.199,0.141,0.314
2,A1_1,0.464,1.0,0.029,-0.137,0.278,0.538,-0.018,-0.096,-0.271,0.352,0.044,-0.153,0.677,0.154,-0.089,0.364
2,A1_2,0.251,0.029,1.0,-0.013,0.374,-0.165,-0.011,-0.079,-0.321,-0.313,-0.218,0.328,-0.439,0.322,0.207,-0.02
2,A1_3,0.209,-0.137,-0.013,1.0,-0.051,-0.035,0.572,0.041,-0.283,-0.096,0.087,-0.091,-0.184,0.261,-0.477,-0.127
2,B1_1,-0.222,0.278,0.374,-0.051,1.0,-0.337,-0.172,-0.007,0.094,0.013,-0.106,-0.023,0.416,-0.187,0.031,0.033
2,B1_2,0.699,0.538,-0.165,-0.035,-0.337,1.0,-0.135,0.088,0.008,-0.27,0.143,0.195,0.297,0.008,0.201,0.518
2,B1_3,0.426,-0.018,-0.011,0.572,-0.172,-0.135,1.0,-0.229,-0.452,0.388,-0.049,-0.172,-0.213,0.236,-0.345,-0.031
2,A2_1,-0.241,-0.096,-0.079,0.041,-0.007,0.088,-0.229,1.0,-0.208,-0.244,0.789,0.607,-0.202,0.357,-0.234,-0.163
2,A2_2,-0.289,-0.271,-0.321,-0.283,0.094,0.008,-0.452,-0.208,1.0,-0.281,-0.317,-0.261,0.235,-0.85,0.342,0.171
2,A2_3,-0.083,0.352,-0.313,-0.096,0.013,-0.27,0.388,-0.244,-0.281,1.0,-0.151,-0.431,0.353,0.014,-0.581,-0.348
2,B2_1,-0.224,0.044,-0.218,0.087,-0.106,0.143,-0.049,0.789,-0.317,-0.151,1.0,0.528,0.009,0.433,-0.103,0.288
2,B2_2,0.014,-0.153,0.328,-0.091,-0.023,0.195,-0.172,0.607,-0.261,-0.431,0.528,1.0,-0.281,0.14,-0.005,0.154
2,B2_3,-0.034,0.677,-0.439,-0.184,0.416,0.297,-0.213,-0.202,0.235,0.353,0.009,-0.281,1.0,-0.405,-0.055,0.388
2,y1,0.199,0.154,0.322,0.261,-0.187,0.008,0.236,0.357,-0.85,0.014,0.433,0.14,-0.405,1.0,-0.104,-0.148
2,y2,0.141,-0.089,0.207,-0.477,0.031,0.201,-0.345,-0.234,0.342,-0.581,-0.103,-0.005,-0.055,-0.104,1.0,0.558
2,y3,0.314,0.364,-0.02,-0.127,0.033,0.518,-0.031,-0.163,0.171,-0.348,0.288,0.154,0.388,-0.148,0.558,1.0
3,.,1.0,0.461,0.251,0.214,-0.223,0.697,0.425,-0.24,-0.291,-0.086,-0.225,0.012,-0.036,0.201,0.141,0.311
3,A1_1,0.461,1.0,0.029,-0.137,0.278,0.539,-0.017,-0.097,-0.271,0.352,0.044,-0.154,0.676,0.153,-0.089,0.364
3,A1_2,0.251,0.029,1.0,-0.012,0.374,-0.165,-0.011,-0.079,-0.32,-0.312,-0.217,0.328,-0.439,0.322,0.208,-0.02
3,A1_3,0.214,-0.137,-0.012,1.0,-0.05,-0.035,0.573,0.04,-0.283,-0.096,0.087,-0.091,-0.184,0.26,-0.477,-0.127
3,B1_1,-0.223,0.278,0.374,-0.05,1.0,-0.338,-0.17,-0.008,0.094,0.015,-0.105,-0.023,0.416,-0.186,0.031,0.032
3,B1_2,0.697,0.539,-0.165,-0.035,-0.338,1.0,-0.137,0.086,0.008,-0.27,0.141,0.193,0.297,0.007,0.2,0.519
3,B1_3,0.425,-0.017,-0.011,0.573,-0.17,-0.137,1.0,-0.23,-0.452,0.389,-0.048,-0.172,-0.212,0.237,-0.346,-0.031
3,A2_1,-0.24,-0.097,-0.079,0.04,-0.008,0.086,-0.23,1.0,-0.208,-0.245,0.788,0.606,-0.203,0.357,-0.234,-0.162
3,A2_2,-0.291,-0.271,-0.32,-0.283,0.094,0.008,-0.452,-0.208,1.0,-0.281,-0.318,-0.262,0.234,-0.851,0.342,0.17
3,A2_3,-0.086,0.352,-0.312,-0.096,0.015,-0.27,0.389,-0.245,-0.281,1.0,-0.15,-0.43,0.353,0.015,-0.581,-0.348
3,B2_1,-0.225,0.044,-0.217,0.087,-0.105,0.141,-0.048,0.788,-0.318,-0.15,1.0,0.527,0.01,0.434,-0.104,0.288
3,B2_2,0.012,-0.154,0.328,-0.091,-0.023,0.193,-0.172,0.606,-0.262,-0.43,0.527,1.0,-0.281,0.141,-0.005,0.155
3,B2_3,-0.036,0.676,-0.439,-0.184,0.416,0.297,-0.212,-0.203,0.234,0.353,0.01,-0.281,1.0,-0.405,-0.055,0.387
3,y1,0.201,0.153,0.322,0.26,-0.186,0.007,0.237,0.357,-0.851,0.015,0.434,0.141,-0.405,1.0,-0.104,-0.148
3,y2,0.141,-0.089,0.208,-0.477,0.031,0.2,-0.346,-0.234,0.342,-0.581,-0.104,-0.005,-0.055,-0.104,1.0,0.559
3,y3,0.311,0.364,-0.02,-0.127,0.032,0.519,-0.031,-0.162,0.17,-0.348,0.288,0.155,0.387,-0.148,0.559,1.0
4,.,1.0,0.459,0.251,0.219,-0.223,0.697,0.424,-0.238,-0.292,-0.089,-0.226,0.011,-0.039,0.203,0.14,0.309
4,A1_1,0.459,1.0,0.029,-0.137,0.278,0.539,-0.017,-0.098,-0.271,0.353,0.043,-0.155,0.676,0.153,-0.088,0.363
4,A1_2,0.251,0.029,1.0,-0.012,0.374,-0.165,-0.011,-0.08,-0.319,-0.312,-0.217,0.328,-0.438,0.322,0.208,-0.02
4,A1_3,0.219,-0.137,-0.012,1.0,-0.049,-0.035,0.574,0.039,-0.284,-0.096,0.087,-0.092,-0.184,0.259,-0.478,-0.128
4,B1_1,-0.223,0.278,0.374,-0.049,1.0,-0.339,-0.168,-0.009,0.094,0.016,-0.104,-0.023,0.416,-0.185,0.03,0.032
4,B1_2,0.697,0.539,-0.165,-0.035,-0.339,1.0,-0.138,0.084,0.007,-0.269,0.139,0.191,0.297,0.007,0.2,0.519
4,B1_3,0.424,-0.017,-0.011,0.574,-0.168,-0.138,1.0,-0.23,-0.453,0.389,-0.048,-0.173,-0.211,0.237,-0.347,-0.032
4,A2_1,-0.238,-0.098,-0.08,0.039,-0.009,0.084,-0.23,1.0,-0.208,-0.245,0.787,0.606,-0.204,0.358,-0.233,-0.162
4,A2_2,-0.292,-0.271,-0.319,-0.284,0.094,0.007,-0.453,-0.208,1.0,-0.281,-0.319,-0.263,0.233,-0.851,0.343,0.17
4,A2_3,-0.089,0.353,-0.312,-0.096,0.016,-0.269,0.389,-0.245,-0.281,1.0,-0.149,-0.43,0.354,0.015,-0.58,-0.349
4,B2_1,-0.226,0.043,-0.217,0.087,-0.104,0.139,-0.048,0.787,-0.319,-0.149,1.0,0.526,0.01,0.436,-0.104,0.288
4,B2_2,0.011,-0.155,0.328,-0.092,-0.023,0.191,-0.173,0.606,-0.263,-0.43,0.526,1.0,-0.281,0.143,-0.005,0.156
4,B2_3,-0.039,0.676,-0.438,-0.184,0.416,0.297,-0.211,-0.204,0.233,0.354,0.01,-0.281,1.0,-0.404,-0.055,0.387
4,y1,0.203,0.153,0.322,0.259,-0.185,0.007,0.237,0.358,-0.851,0.015,0.436,0.143,-0.404,1.0,-0.104,-0.148
4,y2,0.14,-0.088,0.208,-0.478,0.03,0.2,-0.347,-0.233,0.343,-0.58,-0.104,-0.005,-0.055,-0.104,1.0,0.559
4,y3,0.309,0.363,-0.02,-0.128,0.032,0.519,-0.032,-0.162,0.17,-0.349,0.288,0.156,0.387,-0.148,0.559,1.0
5,.,1.0,0.456,0.252,0.224,-0.223,0.696,0.423,-0.235,-0.294,-0.094,-0.225,0.011,-0.042,0.207,0.14,0.306
5,A1_1,0.456,1.0,0.029,-0.137,0.278,0.54,-0.017,-0.098,-0.271,0.353,0.042,-0.155,0.676,0.154,-0.088,0.363
5,A1_2,0.252,0.029,1.0,-0.012,0.375,-0.166,-0.011,-0.08,-0.319,-0.311,-0.217,0.328,-0.438,0.322,0.208,-0.02
5,A1_3,0.224,-0.137,-0.012,1.0,-0.048,-0.035,0.575,0.038,-0.284,-0.096,0.087,-0.092,-0.184,0.259,-0.479,-0.129
5,B1_1,-0.223,0.278,0.375,-0.048,1.0,-0.34,-0.166,-0.009,0.094,0.017,-0.103,-0.023,0.416,-0.185,0.029,0.032
5,B1_2,0.696,0.54,-0.166,-0.035,-0.34,1.0,-0.139,0.083,0.006,-0.268,0.136,0.189,0.297,0.008,0.199,0.519
5,B1_3,0.423,-0.017,-0.011,0.575,-0.166,-0.139,1.0,-0.231,-0.453,0.39,-0.047,-0.173,-0.21,0.237,-0.348,-0.033
5,A2_1,-0.235,-0.098,-0.08,0.038,-0.009,0.083,-0.231,1.0,-0.208,-0.244,0.786,0.605,-0.205,0.359,-0.232,-0.162
5,A2_2,-0.294,-0.271,-0.319,-0.284,0.094,0.006,-0.453,-0.208,1.0,-0.28,-0.32,-0.264,0.233,-0.852,0.343,0.169
5,A2_3,-0.094,0.353,-0.311,-0.096,0.017,-0.268,0.39,-0.244,-0.28,1.0,-0.148,-0.429,0.355,0.014,-0.58,-0.349
5,B2_1,-0.225,0.042,-0.217,0.087,-0.103,0.136,-0.047,0.786,-0.32,-0.148,1.0,0.525,0.01,0.437,-0.105,0.287
5,B2_2,0.011,-0.155,0.328,-0.092,-0.023,0.189,-0.173,0.605,-0.264,-0.429,0.525,1.0,-0.281,0.145,-0.004,0.157
5,B2_3,-0.042,0.676,-0.438,-0.184,0.416,0.297,-0.21,-0.205,0.233,0.355,0.01,-0.281,1.0,-0.404,-0.056,0.386
5,y1,0.207,0.154,0.322,0.259,-0.185,0.008,0.237,0.359,-0.852,0.014,0.437,0.145,-0.404,1.0,-0.103,-0.147
5,y2,0.14,-0.088,0.208,-0.479,0.029,0.199,-0.348,-0.232,0.343,-0.58,-0.105,-0.004,-0.056,-0.103,1.0,0.559
5,y3,0.306,0.363,-0.02,-0.129,0.032,0.519,-0.033,-0.162,0.169,-0.349,0.287,0.157,0.386,-0.147,0.559,1.0
6,.,1.0,0.453,0.252,0.228,-0.223,0.696,0.421,-0.232,-0.296,-0.098,-0.225,0.011,-0.044,0.21,0.141,0.304
6,A1_1,0.453,1.0,0.029,-0.138,0.278,0.54,-0.017,-0.099,-0.27,0.353,0.041,-0.156,0.676,0.154,-0.088,0.362
6,A1_2,0.252,0.029,1.0,-0.012,0.375,-0.166,-0.011,-0.08,-0.318,-0.311,-0.218,0.329,-0.438,0.322,0.208,-0.019
6,A1_3,0.228,-0.138,-0.012,1.0,-0.047,-0.035,0.575,0.036,-0.285,-0.097,0.088,-0.092,-0.184,0.257,-0.479,-0.13
6,B1_1,-0.223,0.278,0.375,-0.047,1.0,-0.342,-0.165,-0.01,0.094,0.019,-0.103,-0.023,0.417,-0.185,0.028,0.032
6,B1_2,0.696,0.54,-0.166,-0.035,-0.342,1.0,-0.141,0.081,0.005,-0.268,0.134,0.186,0.297,0.01,0.199,0.519
6,B1_3,0.421,-0.017,-0.011,0.575,-0.165,-0.141,1.0,-0.232,-0.454,0.39,-0.046,-0.173,-0.209,0.237,-0.349,-0.033
6,A2_1,-0.232,-0.099,-0.08,0.036,-0.01,0.081,-0.232,1.0,-0.208,-0.244,0.785,0.604,-0.206,0.36,-0.232,-0.162
6,A2_2,-0.296,-0.27,-0.318,-0.285,0.094,0.005,-0.454,-0.208,1.0,-0.279,-0.321,-0.265,0.233,-0.852,0.342,0.168
6,A2_3,-0.098,0.353,-0.311,-0.097,0.019,-0.268,0.39,-0.244,-0.279,1.0,-0.147,-0.429,0.355,0.014,-0.579,-0.35
6,B2_1,-0.225,0.041,-0.218,0.088,-0.103,0.134,-0.046,0.785,-0.321,-0.147,1.0,0.525,0.01,0.439,-0.105,0.287
6,B2_2,0.011,-0.156,0.329,-0.092,-0.023,0.186,-0.173,0.604,-0.265,-0.429,0.525,1.0,-0.282,0.148,-0.004,0.158
6,B2_3,-0.044,0.676,-0.438,-0.184,0.417,0.297,-0.209,-0.206,0.233,0.355,0.01,-0.282,1.0,-0.403,-0.056,0.385
6,y1,0.21,0.154,0.322,0.257,-0.185,0.01,0.237,0.36,-0.852,0.014,0.439,0.148,-0.403,1.0,-0.103,-0.145
6,y2,0.141,-0.088,0.208,-0.479,0.028,0.199,-0.349,-0.232,0.342,-0.579,-0.105,-0.004,-0.056,-0.103,1.0,0.56
6,y3,0.304,0.362,-0.019,-0.13,0.032,0.519,-0.033,-0.162,0.168,-0.35,0.287,0.158,0.385,-0.145,0.56,1.0
7,.,1.0,0.451,0.253,0.231,-0.222,0.697,0.419,-0.228,-0.298,-0.103,-0.224,0.012,-0.047,0.215,0.142,0.301
7,A1_1,0.451,1.0,0.029,-0.139,0.278,0.54,-0.017,-0.099,-0.27,0.354,0.041,-0.157,0.676,0.155,-0.087,0.362
7,A1_2,0.253,0.029,1.0,-0.012,0.375,-0.166,-0.01,-0.08,-0.318,-0.31,-0.218,0.329,-0.438,0.321,0.208,-0.019
7,A1_3,0.231,-0.139,-0.012,1.0,-0.046,-0.035,0.576,0.035,-0.285,-0.097,0.088,-0.093,-0.183,0.256,-0.48,-0.132
7,B1_1,-0.222,0.278,0.375,-0.046,1.0,-0.343,-0.164,-0.01,0.094,0.02,-0.103,-0.023,0.417,-0.185,0.026,0.031
7,B1_2,0.697,0.54,-0.166,-0.035,-0.343,1.0,-0.142,0.079,0.004,-0.267,0.132,0.184,0.297,0.011,0.199,0.519
7,B1_3,0.419,-0.017,-0.01,0.576,-0.164,-0.142,1.0,-0.232,-0.454,0.39,-0.046,-0.174,-0.208,0.237,-0.35,-0.035
7,A2_1,-0.228,-0.099,-0.08,0.035,-0.01,0.079,-0.232,1.0,-0.207,-0.244,0.783,0.603,-0.207,0.362,-0.231,-0.161
7,A2_2,-0.298,-0.27,-0.318,-0.285,0.094,0.004,-0.454,-0.207,1.0,-0.279,-0.321,-0.266,0.232,-0.853,0.342,0.168
7,A2_3,-0.103,0.354,-0.31,-0.097,0.02,-0.267,0.39,-0.244,-0.279,1.0,-0.146,-0.428,0.356,0.013,-0.579,-0.351
7,B2_1,-0.224,0.041,-0.218,0.088,-0.103,0.132,-0.046,0.783,-0.321,-0.146,1.0,0.524,0.01,0.441,-0.105,0.287
7,B2_2,0.012,-0.157,0.329,-0.093,-0.023,0.184,-0.174,0.603,-0.266,-0.428,0.524,1.0,-0.282,0.15,-0.003,0.159
7,B2_3,-0.047,0.676,-0.438,-0.183,0.417,0.297,-0.208,-0.207,0.232,0.356,0.01,-0.282,1.0,-0.402,-0.056,0.385
7,y1,0.215,0.155,0.321,0.256,-0.185,0.011,0.237,0.362,-0.853,0.013,0.441,0.15,-0.402,1.0,-0.102,-0.144
7,y2,0.142,-0.087,0.208,-0.48,0.026,0.199,-0.35,-0.231,0.342,-0.579,-0.105,-0.003,-0.056,-0.102,1.0,0.561
7,y3,0.301,0.362,-0.019,-0.132,0.031,0.519,-0.035,-0.161,0.168,-0.351,0.287,0.159,0.385,-0.144,0.561,1.0
8,.,1.0,0.448,0.254,0.235,-0.222,0.697,0.417,-0.225,-0.3,-0.109,-0.222,0.013,-0.049,0.219,0.142,0.299
8,A1_1,0.448,1.0,0.029,-0.14,0.278,0.54,-0.017,-0.099,-0.27,0.354,0.04,-0.158,0.676,0.156,-0.087,0.361
8,A1_2,0.254,0.029,1.0,-0.013,0.375,-0.166,-0.01,-0.08,-0.317,-0.31,-0.218,0.329,-0.438,0.321,0.208,-0.02
8,A1_3,0.235,-0.14,-0.013,1.0,-0.046,-0.036,0.576,0.033,-0.285,-0.098,0.088,-0.093,-0.183,0.254,-0.481,-0.133
8,B1_1,-0.222,0.278,0.375,-0.046,1.0,-0.344,-0.162,-0.011,0.094,0.021,-0.103,-0.023,0.417,-0.185,0.025,0.031
8,B1_2,0.697,0.54,-0.166,-0.036,-0.344,1.0,-0.143,0.078,0.003,-0.266,0.131,0.182,0.298,0.013,0.199,0.52
8,B1_3,0.417,-0.017,-0.01,0.576,-0.162,-0.143,1.0,-0.233,-0.455,0.39,-0.045,-0.174,-0.208,0.236,-0.351,-0.036
8,A2_1,-0.225,-0.099,-0.08,0.033,-0.011,0.078,-0.233,1.0,-0.207,-0.243,0.782,0.603,-0.207,0.363,-0.23,-0.161
8,A2_2,-0.3,-0.27,-0.317,-0.285,0.094,0.003,-0.455,-0.207,1.0,-0.278,-0.322,-0.266,0.232,-0.853,0.342,0.167
8,A2_3,-0.109,0.354,-0.31,-0.098,0.021,-0.266,0.39,-0.243,-0.278,1.0,-0.145,-0.428,0.356,0.012,-0.579,-0.351
8,B2_1,-0.222,0.04,-0.218,0.088,-0.103,0.131,-0.045,0.782,-0.322,-0.145,1.0,0.523,0.009,0.443,-0.105,0.287
8,B2_2,0.013,-0.158,0.329,-0.093,-0.023,0.182,-0.174,0.603,-0.266,-0.428,0.523,1.0,-0.283,0.153,-0.003,0.159
8,B2_3,-0.049,0.676,-0.438,-0.183,0.417,0.298,-0.208,-0.207,0.232,0.356,0.009,-0.283,1.0,-0.401,-0.056,0.385
8,y1,0.219,0.156,0.321,0.254,-0.185,0.013,0.236,0.363,-0.853,0.012,0.443,0.153,-0.401,1.0,-0.102,-0.142
8,y2,0.142,-0.087,0.208,-0.481,0.025,0.199,-0.351,-0.23,0.342,-0.579,-0.105,-0.003,-0.056,-0.102,1.0,0.561
8,y3,0.299,0.361,-0.02,-0.133,0.031,0.52,-0.036,-0.161,0.167,-0.351,0.287,0.159,0.385,-0.142,0.561,1.0
9,.,1.0,0.445,0.254,0.239,-0.222,0.697,0.415,-0.221,-0.302,-0.114,-0.221,0.014,-0.052,0.223,0.143,0.297
9,A1_1,0.445,1.0,0.029,-0.141,0.278,0.54,-0.017,-0.1,-0.269,0.355,0.039,-0.158,0.676,0.156,-0.086,0.361
9,A1_2,0.254,0.029,1.0,-0.013,0.375,-0.166,-0.01,-0.08,-0.317,-0.309,-0.218,0.329,-0.438,0.321,0.208,-0.02
9,A1_3,0.239,-0.141,-0.013,1.0,-0.045,-0.036,0.577,0.032,-0.286,-0.098,0.088,-0.093,-0.183,0.253,-0.481,-0.134
9,B1_1,-0.222,0.278,0.375,-0.045,1.0,-0.345,-0.161,-0.011,0.095,0.022,-0.102,-0.023,0.417,-0.185,0.025,0.031
9,B1_2,0.697,0.54,-0.166,-0.036,-0.345,1.0,-0.143,0.076,0.002,-0.266,0.129,0.18,0.298,0.015,0.199,0.52
9,B1_3,0.415,-0.017,-0.01,0.577,-0.161,-0.143,1.0,-0.234,-0.455,0.391,-0.045,-0.174,-0.207,0.236,-0.352,-0.037
9,A2_1,-0.221,-0.1,-0.08,0.032,-0.011,0.076,-0.234,1.0,-0.207,-0.243,0.781,0.602,-0.208,0.365,-0.228,-0.16
9,A2_2,-0.302,-0.269,-0.317,-0.286,0.095,0.002,-0.455,-0.207,1.0,-0.277,-0.323,-0.267,0.232,-0.854,0.342,0.167
9,A2_3,-0.114,0.355,-0.309,-0.098,0.022,-0.266,0.391,-0.243,-0.277,1.0,-0.145,-0.427,0.357,0.011,-0.578,-0.352
9,B2_1,-0.221,0.039,-0.218,0.088,-0.102,0.129,-0.045,0.781,-0.323,-0.145,1.0,0.523,0.009,0.446,-0.105,0.287
9,B2_2,0.014,-0.158,0.329,-0.093,-0.023,0.18,-0.174,0.602,-0.267,-0.427,0.523,1.0,-0.283,0.156,-0.002,0.161
9,B2_3,-0.052,0.676,-0.438,-0.183,0.417,0.298,-0.207,-0.208,0.232,0.357,0.009,-0.283,1.0,-0.401,-0.056,0.384
9,y1,0.223,0.156,0.321,0.253,-0.185,0.015,0.236,0.365,-0.854,0.011,0.446,0.156,-0.401,1.0,-0.101,-0.141
9,y2,0.143,-0.086,0.208,-0.481,0.025,0.199,-0.352,-0.228,0.342,-0.578,-0.105,-0.002,-0.056,-0.101,1.0,0.562
9,y3,0.297,0.361,-0.02,-0.134,0.031,0.52,-0.037,-0.16,0.167,-0.352,0.287,0.161,0.384,-0.141,0.562,1.0
10,.,1.0,0.443,0.254,0.242,-0.222,0.698,0.412,-0.216,-0.304,-0.119,-0.219,0.015,-0.054,0.227,0.144,0.295
10,A1_1,0.443,1.0,0.03,-0.142,0.278,0.54,-0.017,-0.1,-0.269,0.355,0.038,-0.159,0.676,0.157,-0.086,0.36
10,A1_2,0.254,0.03,1.0,-0.014,0.375,-0.167,-0.01,-0.08,-0.316,-0.308,-0.219,0.329,-0.438,0.32,0.208,-0.02
10,A1_3,0.242,-0.142,-0.014,1.0,-0.044,-0.036,0.577,0.031,-0.286,-0.098,0.088,-0.094,-0.182,0.251,-0.482,-0.136
10,B1_1,-0.222,0.278,0.375,-0.044,1.0,-0.346,-0.16,-0.012,0.095,0.024,-0.102,-0.023,0.417,-0.185,0.023,0.031
10,B1_2,0.698,0.54,-0.167,-0.036,-0.346,1.0,-0.144,0.075,0.002,-0.265,0.127,0.178,0.298,0.017,0.2,0.521
10,B1_3,0.412,-0.017,-0.01,0.577,-0.16,-0.144,1.0,-0.235,-0.456,0.391,-0.044,-0.174,-0.206,0.236,-0.353,-0.038
10,A2_1,-0.216,-0.1,-0.08,0.031,-0.012,0.075,-0.235,1.0,-0.206,-0.242,0.78,0.601,-0.209,0.366,-0.227,-0.16
10,A2_2,-0.304,-0.269,-0.316,-0.286,0.095,0.002,-0.456,-0.206,1.0,-0.276,-0.323,-0.268,0.232,-0.854,0.342,0.166
10,A2_3,-0.119,0.355,-0.308,-0.098,0.024,-0.265,0.391,-0.242,-0.276,1.0,-0.144,-0.427,0.357,0.01,-0.578,-0.353
10,B2_1,-0.219,0.038,-0.219,0.088,-0.102,0.127,-0.044,0.78,-0.323,-0.144,1.0,0.522,0.009,0.448,-0.105,0.287
10,B2_2,0.015,-0.159,0.329,-0.094,-0.023,0.178,-0.174,0.601,-0.268,-0.427,0.522,1.0,-0.284,0.159,-0.002,0.162
10,B2_3,-0.054,0.676,-0.438,-0.182,0.417,0.298,-0.206,-0.209,0.232,0.357,0.009,-0.284,1.0,-0.4,-0.056,0.384
10,y1,0.227,0.157,0.32,0.251,-0.185,0.017,0.236,0.366,-0.854,0.01,0.448,0.159,-0.4,1.0,-0.101,-0.139
10,y2,0.144,-0.086,0.208,-0.482,0.023,0.2,-0.353,-0.227,0.342,-0.578,-0.105,-0.002,-0.056,-0.101,1.0,0.563
10,y3,0.295,0.36,-0.02,-0.136,0.031,0.521,-0.038,-0.16,0.166,-0.353,0.287,0.162,0.384,-0.139,0.563,1.0
11,.,1.0,0.44,0.254,0.245,-0.222,0.698,0.409,-0.212,-0.305,-0.124,-0.218,0.016,-0.056,0.231,0.145,0.294
11,A1_1,0.44,1.0,0.03,-0.143,0.279,0.54,-0.017,-0.1,-0.268,0.356,0.037,-0.16,0.676,0.158,-0.085,0.36
11,A1_2,0.254,0.03,1.0,-0.014,0.374,-0.167,-0.01,-0.08,-0.316,-0.308,-0.219,0.329,-0.438,0.319,0.208,-0.02
11,A1_3,0.245,-0.143,-0.014,1.0,-0.044,-0.036,0.578,0.029,-0.287,-0.099,0.089,-0.094,-0.182,0.25,-0.483,-0.137
11,B1_1,-0.222,0.279,0.374,-0.044,1.0,-0.347,-0.159,-0.012,0.095,0.025,-0.102,-0.023,0.418,-0.185,0.022,0.031
11,B1_2,0.698,0.54,-0.167,-0.036,-0.347,1.0,-0.145,0.073,0.001,-0.264,0.125,0.177,0.298,0.019,0.2,0.521
11,B1_3,0.409,-0.017,-0.01,0.578,-0.159,-0.145,1.0,-0.236,-0.456,0.391,-0.044,-0.175,-0.205,0.236,-0.354,-0.039
11,A2_1,-0.212,-0.1,-0.08,0.029,-0.012,0.073,-0.236,1.0,-0.206,-0.242,0.779,0.6,-0.209,0.368,-0.226,-0.159
11,A2_2,-0.305,-0.268,-0.316,-0.287,0.095,0.001,-0.456,-0.206,1.0,-0.275,-0.324,-0.269,0.232,-0.855,0.342,0.166
11,A2_3,-0.124,0.356,-0.308,-0.099,0.025,-0.264,0.391,-0.242,-0.275,1.0,-0.143,-0.427,0.357,0.009,-0.578,-0.354
11,B2_1,-0.218,0.037,-0.219,0.089,-0.102,0.125,-0.044,0.779,-0.324,-0.143,1.0,0.521,0.009,0.45,-0.105,0.287
11,B2_2,0.016,-0.16,0.329,-0.094,-0.023,0.177,-0.175,0.6,-0.269,-0.427,0.521,1.0,-0.284,0.161,-0.001,0.163
11,B2_3,-0.056,0.676,-0.438,-0.182,0.418,0.298,-0.205,-0.209,0.232,0.357,0.009,-0.284,1.0,-0.4,-0.056,0.383
11,y1,0.231,0.158,0.319,0.25,-0.185,0.019,0.236,0.368,-0.855,0.009,0.45,0.161,-0.4,1.0,-0.1,-0.138
11,y2,0.145,-0.085,0.208,-0.483,0.022,0.2,-0.354,-0.226,0.342,-0.578,-0.105,-0.001,-0.056,-0.1,1.0,0.564
11,y3,0.294,0.36,-0.02,-0.137,0.031,0.521,-0.039,-0.159,0.166,-0.354,0.287,0.163,0.383,-0.138,0.564,1.0
12,.,1.0,0.437,0.254,0.249,-0.222,0.699,0.406,-0.208,-0.307,-0.13,-0.216,0.017,-0.059,0.236,0.146,0.292
12,A1_1,0.437,1.0,0.03,-0.144,0.279,0.54,-0.017,-0.101,-0.267,0.356,0.036,-0.161,0.676,0.158,-0.084,0.36
12,A1_2,0.254,0.03,1.0,-0.015,0.374,-0.167,-0.01,-0.08,-0.315,-0.307,-0.219,0.329,-0.438,0.319,0.208,-0.021
12,A1_3,0.249,-0.144,-0.015,1.0,-0.044,-0.036,0.578,0.028,-0.287,-0.099,0.089,-0.094,-0.182,0.248,-0.483,-0.139
12,B1_1,-0.222,0.279,0.374,-0.044,1.0,-0.348,-0.158,-0.013,0.095,0.026,-0.102,-0.023,0.418,-0.185,0.021,0.03
12,B1_2,0.699,0.54,-0.167,-0.036,-0.348,1.0,-0.146,0.071,0.001,-0.264,0.124,0.175,0.298,0.021,0.201,0.522
12,B1_3,0.406,-0.017,-0.01,0.578,-0.158,-0.146,1.0,-0.236,-0.457,0.391,-0.043,-0.175,-0.205,0.236,-0.355,-0.04
12,A2_1,-0.208,-0.101,-0.08,0.028,-0.013,0.071,-0.236,1.0,-0.205,-0.241,0.778,0.599,-0.21,0.369,-0.225,-0.158
12,A2_2,-0.307,-0.267,-0.315,-0.287,0.095,0.001,-0.457,-0.205,1.0,-0.275,-0.325,-0.269,0.231,-0.855,0.342,0.165
12,A2_3,-0.13,0.356,-0.307,-0.099,0.026,-0.264,0.391,-0.241,-0.275,1.0,-0.143,-0.426,0.358,0.008,-0.578,-0.354
12,B2_1,-0.216,0.036,-0.219,0.089,-0.102,0.124,-0.043,0.778,-0.325,-0.143,1.0,0.52,0.009,0.452,-0.105,0.287
12,B2_2,0.017,-0.161,0.329,-0.094,-0.023,0.175,-0.175,0.599,-0.269,-0.426,0.52,1.0,-0.285,0.164,-0.0,0.164
12,B2_3,-0.059,0.676,-0.438,-0.182,0.418,0.298,-0.205,-0.21,0.231,0.358,0.009,-0.285,1.0,-0.399,-0.056,0.383
12,y1,0.236,0.158,0.319,0.248,-0.185,0.021,0.236,0.369,-0.855,0.008,0.452,0.164,-0.399,1.0,-0.099,-0.136
12,y2,0.146,-0.084,0.208,-0.483,0.021,0.201,-0.355,-0.225,0.342,-0.578,-0.105,-0.0,-0.056,-0.099,1.0,0.566
12,y3,0.292,0.36,-0.021,-0.139,0.03,0.522,-0.04,-0.158,0.165,-0.354,0.287,0.164,0.383,-0.136,0.566,1.0
13,.,1.0,0.434,0.254,0.253,-0.221,0.699,0.404,-0.204,-0.309,-0.135,-0.214,0.019,-0.061,0.24,0.147,0.29
13,A1_1,0.434,1.0,0.03,-0.145,0.279,0.54,-0.018,-0.101,-0.267,0.357,0.036,-0.162,0.676,0.159,-0.084,0.359
13,A1_2,0.254,0.03,1.0,-0.016,0.374,-0.168,-0.01,-0.08,-0.315,-0.306,-0.219,0.329,-0.438,0.319,0.208,-0.021
13,A1_3,0.253,-0.145,-0.016,1.0,-0.043,-0.036,0.579,0.026,-0.288,-0.099,0.089,-0.094,-0.182,0.246,-0.484,-0.14
13,B1_1,-0.221,0.279,0.374,-0.043,1.0,-0.349,-0.158,-0.013,0.095,0.027,-0.102,-0.023,0.418,-0.185,0.02,0.03
13,B1_2,0.699,0.54,-0.168,-0.036,-0.349,1.0,-0.146,0.07,-0.0,-0.263,0.122,0.173,0.298,0.023,0.201,0.522
13,B1_3,0.404,-0.018,-0.01,0.579,-0.158,-0.146,1.0,-0.237,-0.457,0.392,-0.043,-0.175,-0.204,0.236,-0.355,-0.041
13,A2_1,-0.204,-0.101,-0.08,0.026,-0.013,0.07,-0.237,1.0,-0.204,-0.241,0.777,0.598,-0.21,0.371,-0.224,-0.158
13,A2_2,-0.309,-0.267,-0.315,-0.288,0.095,-0.0,-0.457,-0.204,1.0,-0.274,-0.325,-0.27,0.231,-0.855,0.342,0.165
13,A2_3,-0.135,0.357,-0.306,-0.099,0.027,-0.263,0.392,-0.241,-0.274,1.0,-0.142,-0.426,0.358,0.007,-0.578,-0.355
13,B2_1,-0.214,0.036,-0.219,0.089,-0.102,0.122,-0.043,0.777,-0.325,-0.142,1.0,0.52,0.009,0.454,-0.105,0.287
13,B2_2,0.019,-0.162,0.329,-0.094,-0.023,0.173,-0.175,0.598,-0.27,-0.426,0.52,1.0,-0.286,0.167,0.0,0.165
13,B2_3,-0.061,0.676,-0.438,-0.182,0.418,0.298,-0.204,-0.21,0.231,0.358,0.009,-0.286,1.0,-0.398,-0.057,0.382
13,y1,0.24,0.159,0.319,0.246,-0.185,0.023,0.236,0.371,-0.855,0.007,0.454,0.167,-0.398,1.0,-0.098,-0.134
13,y2,0.147,-0.084,0.208,-0.484,0.02,0.201,-0.355,-0.224,0.342,-0.578,-0.105,0.0,-0.057,-0.098,1.0,0.567
13,y3,0.29,0.359,-0.021,-0.14,0.03,0.522,-0.041,-0.158,0.165,-0.355,0.287,0.165,0.382,-0.134,0.567,1.0
14,.,1.0,0.431,0.254,0.256,-0.221,0.699,0.401,-0.2,-0.31,-0.141,-0.212,0.02,-0.063,0.244,0.148,0.289
14,A1_1,0.431,1.0,0.03,-0.145,0.279,0.54,-0.018,-0.101,-0.266,0.357,0.035,-0.162,0.676,0.16,-0.083,0.359
14,A1_2,0.254,0.03,1.0,-0.016,0.374,-0.168,-0.01,-0.081,-0.314,-0.306,-0.22,0.329,-0.438,0.318,0.208,-0.021
14,A1_3,0.256,-0.145,-0.016,1.0,-0.043,-0.036,0.579,0.025,-0.288,-0.099,0.089,-0.095,-0.182,0.244,-0.485,-0.142
14,B1_1,-0.221,0.279,0.374,-0.043,1.0,-0.35,-0.157,-0.013,0.095,0.028,-0.102,-0.024,0.418,-0.185,0.019,0.03
14,B1_2,0.699,0.54,-0.168,-0.036,-0.35,1.0,-0.147,0.068,-0.001,-0.263,0.121,0.171,0.298,0.025,0.202,0.523
14,B1_3,0.401,-0.018,-0.01,0.579,-0.157,-0.147,1.0,-0.238,-0.458,0.392,-0.042,-0.175,-0.203,0.235,-0.356,-0.042
14,A2_1,-0.2,-0.101,-0.081,0.025,-0.013,0.068,-0.238,1.0,-0.204,-0.24,0.776,0.598,-0.211,0.372,-0.223,-0.157
14,A2_2,-0.31,-0.266,-0.314,-0.288,0.095,-0.001,-0.458,-0.204,1.0,-0.273,-0.326,-0.271,0.231,-0.856,0.341,0.164
14,A2_3,-0.141,0.357,-0.306,-0.099,0.028,-0.263,0.392,-0.24,-0.273,1.0,-0.141,-0.426,0.358,0.006,-0.578,-0.356
14,B2_1,-0.212,0.035,-0.22,0.089,-0.102,0.121,-0.042,0.776,-0.326,-0.141,1.0,0.519,0.009,0.456,-0.105,0.287
14,B2_2,0.02,-0.162,0.329,-0.095,-0.024,0.171,-0.175,0.598,-0.271,-0.426,0.519,1.0,-0.286,0.17,0.001,0.166
14,B2_3,-0.063,0.676,-0.438,-0.182,0.418,0.298,-0.203,-0.211,0.231,0.358,0.009,-0.286,1.0,-0.398,-0.057,0.382
14,y1,0.244,0.16,0.318,0.244,-0.185,0.025,0.235,0.372,-0.856,0.006,0.456,0.17,-0.398,1.0,-0.098,-0.132
14,y2,0.148,-0.083,0.208,-0.485,0.019,0.202,-0.356,-0.223,0.341,-0.578,-0.105,0.001,-0.057,-0.098,1.0,0.568
14,y3,0.289,0.359,-0.021,-0.142,0.03,0.523,-0.042,-0.157,0.164,-0.356,0.287,0.166,0.382,-0.132,0.568,1.0
15,.,1.0,0.429,0.254,0.259,-0.221,0.7,0.399,-0.196,-0.312,-0.145,-0.21,0.022,-0.066,0.249,0.149,0.287
15,A1_1,0.429,1.0,0.03,-0.147,0.279,0.54,-0.018,-0.102,-0.265,0.357,0.034,-0.163,0.676,0.161,-0.082,0.358
15,A1_2,0.254,0.03,1.0,-0.017,0.374,-0.168,-0.01,-0.081,-0.314,-0.305,-0.22,0.33,-0.438,0.318,0.207,-0.022
15,A1_3,0.259,-0.147,-0.017,1.0,-0.042,-0.037,0.58,0.023,-0.288,-0.099,0.089,-0.095,-0.181,0.242,-0.485,-0.143
15,B1_1,-0.221,0.279,0.374,-0.042,1.0,-0.351,-0.156,-0.014,0.096,0.029,-0.101,-0.024,0.418,-0.185,0.018,0.03
15,B1_2,0.7,0.54,-0.168,-0.037,-0.351,1.0,-0.148,0.067,-0.001,-0.262,0.119,0.17,0.298,0.027,0.202,0.523
15,B1_3,0.399,-0.018,-0.01,0.58,-0.156,-0.148,1.0,-0.239,-0.458,0.392,-0.042,-0.175,-0.203,0.235,-0.357,-0.043
15,A2_1,-0.196,-0.102,-0.081,0.023,-0.014,0.067,-0.239,1.0,-0.203,-0.24,0.775,0.597,-0.211,0.374,-0.222,-0.157
15,A2_2,-0.312,-0.265,-0.314,-0.288,0.096,-0.001,-0.458,-0.203,1.0,-0.272,-0.327,-0.272,0.231,-0.856,0.341,0.164
15,A2_3,-0.145,0.357,-0.305,-0.099,0.029,-0.262,0.392,-0.24,-0.272,1.0,-0.141,-0.425,0.359,0.005,-0.578,-0.357
15,B2_1,-0.21,0.034,-0.22,0.089,-0.101,0.119,-0.042,0.775,-0.327,-0.141,1.0,0.518,0.008,0.458,-0.105,0.287
15,B2_2,0.022,-0.163,0.33,-0.095,-0.024,0.17,-0.175,0.597,-0.272,-0.425,0.518,1.0,-0.287,0.172,0.002,0.167
15,B2_3,-0.066,0.676,-0.438,-0.181,0.418,0.298,-0.203,-0.211,0.231,0.359,0.008,-0.287,1.0,-0.397,-0.057,0.382
15,y1,0.249,0.161,0.318,0.242,-0.185,0.027,0.235,0.374,-0.856,0.005,0.458,0.172,-0.397,1.0,-0.097,-0.131
15,y2,0.149,-0.082,0.207,-0.485,0.018,0.202,-0.357,-0.222,0.341,-0.578,-0.105,0.002,-0.057,-0.097,1.0,0.569
15,y3,0.287,0.358,-0.022,-0.143,0.03,0.523,-0.043,-0.157,0.164,-0.357,0.287,0.167,0.382,-0.131,0.569,1.0
16,.,1.0,0.426,0.253,0.263,-0.221,0.7,0.396,-0.191,-0.314,-0.15,-0.207,0.023,-0.068,0.253,0.149,0.285
16,A1_1,0.426,1.0,0.03,-0.148,0.28,0.54,-0.018,-0.102,-0.264,0.358,0.034,-0.164,0.676,0.162,-0.082,0.358
16,A1_2,0.253,0.03,1.0,-0.018,0.374,-0.169,-0.01,-0.081,-0.313,-0.304,-0.22,0.329,-0.438,0.318,0.207,-0.022
16,A1_3,0.263,-0.148,-0.018,1.0,-0.042,-0.037,0.58,0.022,-0.289,-0.1,0.089,-0.095,-0.181,0.241,-0.486,-0.145
16,B1_1,-0.221,0.28,0.374,-0.042,1.0,-0.352,-0.155,-0.014,0.096,0.03,-0.101,-0.024,0.419,-0.185,0.017,0.029
16,B1_2,0.7,0.54,-0.169,-0.037,-0.352,1.0,-0.148,0.065,-0.002,-0.262,0.118,0.168,0.298,0.029,0.203,0.524
16,B1_3,0.396,-0.018,-0.01,0.58,-0.155,-0.148,1.0,-0.24,-0.458,0.392,-0.041,-0.175,-0.202,0.235,-0.357,-0.043
16,A2_1,-0.191,-0.102,-0.081,0.022,-0.014,0.065,-0.24,1.0,-0.203,-0.239,0.774,0.596,-0.212,0.375,-0.22,-0.156
16,A2_2,-0.314,-0.264,-0.313,-0.289,0.096,-0.002,-0.458,-0.203,1.0,-0.271,-0.327,-0.272,0.231,-0.856,0.341,0.163
16,A2_3,-0.15,0.358,-0.304,-0.1,0.03,-0.262,0.392,-0.239,-0.271,1.0,-0.14,-0.425,0.359,0.004,-0.577,-0.357
16,B2_1,-0.207,0.034,-0.22,0.089,-0.101,0.118,-0.041,0.774,-0.327,-0.14,1.0,0.517,0.008,0.459,-0.105,0.287
16,B2_2,0.023,-0.164,0.329,-0.095,-0.024,0.168,-0.175,0.596,-0.272,-0.425,0.517,1.0,-0.287,0.175,0.003,0.168
16,B2_3,-0.068,0.676,-0.438,-0.181,0.419,0.298,-0.202,-0.212,0.231,0.359,0.008,-0.287,1.0,-0.396,-0.057,0.381
16,y1,0.253,0.162,0.318,0.241,-0.185,0.029,0.235,0.375,-0.856,0.004,0.459,0.175,-0.396,1.0,-0.096,-0.129
16,y2,0.149,-0.082,0.207,-0.486,0.017,0.203,-0.357,-0.22,0.341,-0.577,-0.105,0.003,-0.057,-0.096,1.0,0.57
16,y3,0.285,0.358,-0.022,-0.145,0.029,0.524,-0.043,-0.156,0.163,-0.357,0.287,0.168,0.381,-0.129,0.57,1.0
17,.,1.0,0.423,0.253,0.267,-0.221,0.7,0.394,-0.187,-0.316,-0.155,-0.206,0.024,-0.07,0.258,0.15,0.284
17,A1_1,0.423,1.0,0.03,-0.149,0.28,0.54,-0.018,-0.102,-0.264,0.358,0.033,-0.165,0.675,0.162,-0.081,0.358
17,A1_2,0.253,0.03,1.0,-0.019,0.374,-0.169,-0.011,-0.081,-0.313,-0.304,-0.221,0.33,-0.438,0.317,0.207,-0.022
17,A1_3,0.267,-0.149,-0.019,1.0,-0.041,-0.037,0.581,0.021,-0.289,-0.1,0.089,-0.096,-0.181,0.239,-0.487,-0.146
17,B1_1,-0.221,0.28,0.374,-0.041,1.0,-0.352,-0.154,-0.014,0.096,0.031,-0.101,-0.024,0.419,-0.186,0.016,0.029
17,B1_2,0.7,0.54,-0.169,-0.037,-0.352,1.0,-0.149,0.064,-0.003,-0.261,0.116,0.166,0.298,0.031,0.203,0.524
17,B1_3,0.394,-0.018,-0.011,0.581,-0.154,-0.149,1.0,-0.241,-0.459,0.393,-0.041,-0.176,-0.201,0.234,-0.358,-0.044
17,A2_1,-0.187,-0.102,-0.081,0.021,-0.014,0.064,-0.241,1.0,-0.202,-0.239,0.772,0.594,-0.212,0.376,-0.219,-0.155
17,A2_2,-0.316,-0.264,-0.313,-0.289,0.096,-0.003,-0.459,-0.202,1.0,-0.27,-0.328,-0.273,0.23,-0.857,0.341,0.162
17,A2_3,-0.155,0.358,-0.304,-0.1,0.031,-0.261,0.393,-0.239,-0.27,1.0,-0.14,-0.425,0.36,0.003,-0.577,-0.358
17,B2_1,-0.206,0.033,-0.221,0.089,-0.101,0.116,-0.041,0.772,-0.328,-0.14,1.0,0.517,0.009,0.461,-0.105,0.288
17,B2_2,0.024,-0.165,0.33,-0.096,-0.024,0.166,-0.176,0.594,-0.273,-0.425,0.517,1.0,-0.288,0.178,0.003,0.169
17,B2_3,-0.07,0.675,-0.438,-0.181,0.419,0.298,-0.201,-0.212,0.23,0.36,0.009,-0.288,1.0,-0.396,-0.057,0.38
17,y1,0.258,0.162,0.317,0.239,-0.186,0.031,0.234,0.376,-0.857,0.003,0.461,0.178,-0.396,1.0,-0.095,-0.127
17,y2,0.15,-0.081,0.207,-0.487,0.016,0.203,-0.358,-0.219,0.341,-0.577,-0.105,0.003,-0.057,-0.095,1.0,0.571
17,y3,0.284,0.358,-0.022,-0.146,0.029,0.524,-0.044,-0.155,0.162,-0.358,0.288,0.169,0.38,-0.127,0.571,1.0
18,.,1.0,0.421,0.252,0.27,-0.221,0.7,0.391,-0.183,-0.318,-0.16,-0.204,0.025,-0.072,0.262,0.15,0.282
18,A1_1,0.421,1.0,0.031,-0.15,0.28,0.54,-0.018,-0.103,-0.263,0.359,0.032,-0.166,0.675,0.163,-0.08,0.357
18,A1_2,0.252,0.031,1.0,-0.019,0.374,-0.17,-0.011,-0.081,-0.312,-0.303,-0.221,0.329,-0.438,0.317,0.207,-0.022
18,A1_3,0.27,-0.15,-0.019,1.0,-0.041,-0.037,0.581,0.019,-0.29,-0.1,0.089,-0.096,-0.181,0.238,-0.487,-0.148
18,B1_1,-0.221,0.28,0.374,-0.041,1.0,-0.353,-0.153,-0.015,0.096,0.032,-0.101,-0.024,0.419,-0.186,0.015,0.029
18,B1_2,0.7,0.54,-0.17,-0.037,-0.353,1.0,-0.15,0.062,-0.003,-0.261,0.115,0.165,0.298,0.033,0.204,0.525
18,B1_3,0.391,-0.018,-0.011,0.581,-0.153,-0.15,1.0,-0.241,-0.459,0.393,-0.04,-0.176,-0.2,0.234,-0.359,-0.045
18,A2_1,-0.183,-0.103,-0.081,0.019,-0.015,0.062,-0.241,1.0,-0.201,-0.238,0.771,0.594,-0.213,0.378,-0.218,-0.155
18,A2_2,-0.318,-0.263,-0.312,-0.29,0.096,-0.003,-0.459,-0.201,1.0,-0.269,-0.329,-0.274,0.23,-0.857,0.34,0.161
18,A2_3,-0.16,0.359,-0.303,-0.1,0.032,-0.261,0.393,-0.238,-0.269,1.0,-0.139,-0.424,0.36,0.001,-0.577,-0.359
18,B2_1,-0.204,0.032,-0.221,0.089,-0.101,0.115,-0.04,0.771,-0.329,-0.139,1.0,0.516,0.009,0.463,-0.105,0.288
18,B2_2,0.025,-0.166,0.329,-0.096,-0.024,0.165,-0.176,0.594,-0.274,-0.424,0.516,1.0,-0.288,0.18,0.004,0.17
18,B2_3,-0.072,0.675,-0.438,-0.181,0.419,0.298,-0.2,-0.213,0.23,0.36,0.009,-0.288,1.0,-0.395,-0.057,0.38
18,y1,0.262,0.163,0.317,0.238,-0.186,0.033,0.234,0.378,-0.857,0.001,0.463,0.18,-0.395,1.0,-0.094,-0.125
18,y2,0.15,-0.08,0.207,-0.487,0.015,0.204,-0.359,-0.218,0.34,-0.577,-0.105,0.004,-0.057,-0.094,1.0,0.572
18,y3,0.282,0.357,-0.022,-0.148,0.029,0.525,-0.045,-0.155,0.161,-0.359,0.288,0.17,0.38,-0.125,0.572,1.0
19,.,1.0,0.418,0.252,0.274,-0.222,0.7,0.389,-0.179,-0.319,-0.165,-0.201,0.026,-0.075,0.267,0.151,0.28
19,A1_1,0.418,1.0,0.031,-0.151,0.281,0.54,-0.019,-0.103,-0.262,0.359,0.031,-0.166,0.675,0.163,-0.079,0.357
19,A1_2,0.252,0.031,1.0,-0.02,0.373,-0.17,-0.011,-0.082,-0.312,-0.302,-0.222,0.329,-0.438,0.316,0.207,-0.023
19,A1_3,0.274,-0.151,-0.02,1.0,-0.041,-0.037,0.581,0.018,-0.29,-0.1,0.089,-0.097,-0.181,0.236,-0.488,-0.149
19,B1_1,-0.222,0.281,0.373,-0.041,1.0,-0.354,-0.153,-0.015,0.096,0.034,-0.101,-0.025,0.42,-0.186,0.014,0.029
19,B1_2,0.7,0.54,-0.17,-0.037,-0.354,1.0,-0.15,0.061,-0.004,-0.26,0.113,0.163,0.298,0.035,0.204,0.525
19,B1_3,0.389,-0.019,-0.011,0.581,-0.153,-0.15,1.0,-0.242,-0.459,0.393,-0.04,-0.176,-0.2,0.233,-0.36,-0.046
19,A2_1,-0.179,-0.103,-0.082,0.018,-0.015,0.061,-0.242,1.0,-0.201,-0.238,0.77,0.593,-0.213,0.379,-0.217,-0.154
19,A2_2,-0.319,-0.262,-0.312,-0.29,0.096,-0.004,-0.459,-0.201,1.0,-0.268,-0.329,-0.275,0.23,-0.857,0.34,0.161
19,A2_3,-0.165,0.359,-0.302,-0.1,0.034,-0.26,0.393,-0.238,-0.268,1.0,-0.138,-0.424,0.36,0.0,-0.577,-0.359
19,B2_1,-0.201,0.031,-0.222,0.089,-0.101,0.113,-0.04,0.77,-0.329,-0.138,1.0,0.515,0.008,0.464,-0.105,0.287
19,B2_2,0.026,-0.166,0.329,-0.097,-0.025,0.163,-0.176,0.593,-0.275,-0.424,0.515,1.0,-0.288,0.183,0.005,0.171
19,B2_3,-0.075,0.675,-0.438,-0.181,0.42,0.298,-0.2,-0.213,0.23,0.36,0.008,-0.288,1.0,-0.395,-0.057,0.38
19,y1,0.267,0.163,0.316,0.236,-0.186,0.035,0.233,0.379,-0.857,0.0,0.464,0.183,-0.395,1.0,-0.093,-0.123
19,y2,0.151,-0.079,0.207,-0.488,0.014,0.204,-0.36,-0.217,0.34,-0.577,-0.105,0.005,-0.057,-0.093,1.0,0.573
19,y3,0.28,0.357,-0.023,-0.149,0.029,0.525,-0.046,-0.154,0.161,-0.359,0.287,0.171,0.38,-0.123,0.573,1.0
20,.,1.0,0.415,0.251,0.277,-0.222,0.7,0.386,-0.175,-0.321,-0.17,-0.199,0.028,-0.077,0.271,0.152,0.279
20,A1_1,0.415,1.0,0.031,-0.152,0.281,0.54,-0.019,-0.103,-0.261,0.36,0.031,-0.167,0.675,0.164,-0.078,0.357
20,A1_2,0.251,0.031,1.0,-0.021,0.373,-0.17,-0.011,-0.082,-0.311,-0.301,-0.222,0.329,-0.438,0.316,0.207,-0.023
20,A1_3,0.277,-0.152,-0.021,1.0,-0.04,-0.037,0.582,0.016,-0.29,-0.1,0.089,-0.097,-0.18,0.234,-0.489,-0.15
20,B1_1,-0.222,0.281,0.373,-0.04,1.0,-0.355,-0.152,-0.016,0.096,0.035,-0.1,-0.025,0.42,-0.186,0.013,0.028
20,B1_2,0.7,0.54,-0.17,-0.037,-0.355,1.0,-0.151,0.06,-0.004,-0.26,0.112,0.161,0.298,0.037,0.205,0.526
20,B1_3,0.386,-0.019,-0.011,0.582,-0.152,-0.151,1.0,-0.243,-0.46,0.394,-0.04,-0.176,-0.199,0.233,-0.36,-0.046
20,A2_1,-0.175,-0.103,-0.082,0.016,-0.016,0.06,-0.243,1.0,-0.2,-0.237,0.769,0.592,-0.214,0.38,-0.216,-0.154
20,A2_2,-0.321,-0.261,-0.311,-0.29,0.096,-0.004,-0.46,-0.2,1.0,-0.267,-0.33,-0.275,0.23,-0.858,0.34,0.16
20,A2_3,-0.17,0.36,-0.301,-0.1,0.035,-0.26,0.394,-0.237,-0.267,1.0,-0.138,-0.423,0.36,-0.001,-0.577,-0.36
20,B2_1,-0.199,0.031,-0.222,0.089,-0.1,0.112,-0.04,0.769,-0.33,-0.138,1.0,0.515,0.008,0.466,-0.104,0.287
20,B2_2,0.028,-0.167,0.329,-0.097,-0.025,0.161,-0.176,0.592,-0.275,-0.423,0.515,1.0,-0.289,0.186,0.006,0.172
20,B2_3,-0.077,0.675,-0.438,-0.18,0.42,0.298,-0.199,-0.214,0.23,0.36,0.008,-0.289,1.0,-0.394,-0.057,0.379
20,y1,0.271,0.164,0.316,0.234,-0.186,0.037,0.233,0.38,-0.858,-0.001,0.466,0.186,-0.394,1.0,-0.092,-0.121
20,y2,0.152,-0.078,0.207,-0.489,0.013,0.205,-0.36,-0.216,0.34,-0.577,-0.104,0.006,-0.057,-0.092,1.0,0.574
20,y3,0.279,0.357,-0.023,-0.15,0.028,0.526,-0.046,-0.154,0.16,-0.36,0.287,0.172,0.379,-0.121,0.574,1.0
21,.,1.0,0.412,0.25,0.28,-0.223,0.7,0.384,-0.171,-0.323,-0.174,-0.197,0.028,-0.079,0.275,0.152,0.278
21,A1_1,0.412,1.0,0.031,-0.153,0.281,0.54,-0.019,-0.103,-0.261,0.36,0.03,-0.168,0.675,0.164,-0.078,0.357
21,A1_2,0.25,0.031,1.0,-0.021,0.373,-0.171,-0.011,-0.082,-0.311,-0.301,-0.223,0.329,-0.438,0.315,0.207,-0.023
21,A1_3,0.28,-0.153,-0.021,1.0,-0.04,-0.038,0.582,0.015,-0.291,-0.1,0.089,-0.097,-0.18,0.232,-0.49,-0.152
21,B1_1,-0.223,0.281,0.373,-0.04,1.0,-0.356,-0.151,-0.016,0.097,0.036,-0.1,-0.025,0.42,-0.186,0.012,0.028
21,B1_2,0.7,0.54,-0.171,-0.038,-0.356,1.0,-0.152,0.058,-0.005,-0.259,0.11,0.159,0.298,0.039,0.205,0.526
21,B1_3,0.384,-0.019,-0.011,0.582,-0.151,-0.152,1.0,-0.244,-0.46,0.394,-0.039,-0.176,-0.198,0.233,-0.361,-0.047
21,A2_1,-0.171,-0.103,-0.082,0.015,-0.016,0.058,-0.244,1.0,-0.199,-0.237,0.768,0.591,-0.215,0.382,-0.215,-0.153
21,A2_2,-0.323,-0.261,-0.311,-0.291,0.097,-0.005,-0.46,-0.199,1.0,-0.266,-0.33,-0.276,0.23,-0.858,0.34,0.16
21,A2_3,-0.174,0.36,-0.301,-0.1,0.036,-0.259,0.394,-0.237,-0.266,1.0,-0.137,-0.423,0.361,-0.002,-0.577,-0.361
21,B2_1,-0.197,0.03,-0.223,0.089,-0.1,0.11,-0.039,0.768,-0.33,-0.137,1.0,0.514,0.009,0.468,-0.104,0.287
21,B2_2,0.028,-0.168,0.329,-0.097,-0.025,0.159,-0.176,0.591,-0.276,-0.423,0.514,1.0,-0.289,0.188,0.006,0.173
21,B2_3,-0.079,0.675,-0.438,-0.18,0.42,0.298,-0.198,-0.215,0.23,0.361,0.009,-0.289,1.0,-0.393,-0.057,0.379
21,y1,0.275,0.164,0.315,0.232,-0.186,0.039,0.233,0.382,-0.858,-0.002,0.468,0.188,-0.393,1.0,-0.091,-0.119
21,y2,0.152,-0.078,0.207,-0.49,0.012,0.205,-0.361,-0.215,0.34,-0.577,-0.104,0.006,-0.057,-0.091,1.0,0.575
21,y3,0.278,0.357,-0.023,-0.152,0.028,0.526,-0.047,-0.153,0.16,-0.361,0.287,0.173,0.379,-0.119,0.575,1.0
22,.,1.0,0.409,0.25,0.283,-0.223,0.7,0.381,-0.167,-0.324,-0.178,-0.195,0.03,-0.081,0.278,0.152,0.276
22,A1_1,0.409,1.0,0.031,-0.154,0.281,0.54,-0.019,-0.103,-0.26,0.36,0.029,-0.169,0.675,0.165,-0.077,0.356
22,A1_2,0.25,0.031,1.0,-0.022,0.373,-0.171,-0.011,-0.082,-0.311,-0.3,-0.223,0.329,-0.438,0.315,0.207,-0.024
22,A1_3,0.283,-0.154,-0.022,1.0,-0.039,-0.038,0.583,0.013,-0.291,-0.1,0.089,-0.098,-0.18,0.231,-0.49,-0.153
22,B1_1,-0.223,0.281,0.373,-0.039,1.0,-0.357,-0.15,-0.016,0.097,0.037,-0.1,-0.025,0.421,-0.186,0.011,0.028
22,B1_2,0.7,0.54,-0.171,-0.038,-0.357,1.0,-0.153,0.056,-0.005,-0.258,0.109,0.158,0.298,0.041,0.206,0.527
22,B1_3,0.381,-0.019,-0.011,0.583,-0.15,-0.153,1.0,-0.245,-0.46,0.395,-0.039,-0.177,-0.197,0.233,-0.362,-0.048
22,A2_1,-0.167,-0.103,-0.082,0.013,-0.016,0.056,-0.245,1.0,-0.199,-0.236,0.766,0.589,-0.215,0.383,-0.214,-0.153
22,A2_2,-0.324,-0.26,-0.311,-0.291,0.097,-0.005,-0.46,-0.199,1.0,-0.265,-0.331,-0.277,0.23,-0.859,0.339,0.159
22,A2_3,-0.178,0.36,-0.3,-0.1,0.037,-0.258,0.395,-0.236,-0.265,1.0,-0.137,-0.422,0.361,-0.004,-0.577,-0.361
22,B2_1,-0.195,0.029,-0.223,0.089,-0.1,0.109,-0.039,0.766,-0.331,-0.137,1.0,0.513,0.009,0.47,-0.104,0.287
22,B2_2,0.03,-0.169,0.329,-0.098,-0.025,0.158,-0.177,0.589,-0.277,-0.422,0.513,1.0,-0.289,0.191,0.007,0.174
22,B2_3,-0.081,0.675,-0.438,-0.18,0.421,0.298,-0.197,-0.215,0.23,0.361,0.009,-0.289,1.0,-0.393,-0.058,0.378
22,y1,0.278,0.165,0.315,0.231,-0.186,0.041,0.233,0.383,-0.859,-0.004,0.47,0.191,-0.393,1.0,-0.09,-0.116
22,y2,0.152,-0.077,0.207,-0.49,0.011,0.206,-0.362,-0.214,0.339,-0.577,-0.104,0.007,-0.058,-0.09,1.0,0.576
22,y3,0.276,0.356,-0.024,-0.153,0.028,0.527,-0.048,-0.153,0.159,-0.361,0.287,0.174,0.378,-0.116,0.576,1.0
23,.,1.0,0.406,0.249,0.286,-0.223,0.7,0.379,-0.163,-0.326,-0.183,-0.193,0.031,-0.083,0.283,0.153,0.275
23,A1_1,0.406,1.0,0.031,-0.154,0.281,0.54,-0.019,-0.104,-0.259,0.361,0.028,-0.169,0.675,0.165,-0.076,0.356
23,A1_2,0.249,0.031,1.0,-0.022,0.373,-0.172,-0.011,-0.082,-0.31,-0.299,-0.224,0.329,-0.438,0.315,0.207,-0.024
23,A1_3,0.286,-0.154,-0.022,1.0,-0.039,-0.038,0.583,0.012,-0.291,-0.1,0.088,-0.099,-0.18,0.229,-0.491,-0.154
