,,.,A1_1,A1_2,A1_3,B1_1,B1_2,B1_3,A2_1,A2_2,A2_3,B2_1,B2_2,B2_3,y1,y2,y3
1,.,1.0,0.927,0.944,0.94,0.909,0.985,0.97,0.95,0.948,0.958,0.956,0.961,0.93,0.952,0.935,0.905
1,A1_1,0.927,1.0,0.888,0.958,0.801,0.907,0.886,0.897,0.909,0.907,0.883,0.947,0.945,0.941,0.899,0.904
1,A1_2,0.944,0.888,1.0,0.869,0.909,0.926,0.921,0.924,0.971,0.929,0.91,0.898,0.894,0.878,0.909,0.927
1,A1_3,0.94,0.958,0.869,1.0,0.825,0.907,0.892,0.868,0.855,0.942,0.884,0.98,0.914,0.925,0.894,0.904
1,B1_1,0.909,0.801,0.909,0.825,1.0,0.918,0.916,0.894,0.886,0.933,0.938,0.87,0.812,0.85,0.926,0.916
1,B1_2,0.985,0.907,0.926,0.907,0.918,1.0,0.985,0.957,0.95,0.946,0.97,0.934,0.927,0.964,0.946,0.881
1,B1_3,0.97,0.886,0.921,0.892,0.916,0.985,1.0,0.94,0.926,0.918,0.947,0.903,0.932,0.954,0.955,0.853
1,A2_1,0.95,0.897,0.924,0.868,0.894,0.957,0.94,1.0,0.943,0.943,0.954,0.893,0.943,0.901,0.863,0.884
1,A2_2,0.948,0.909,0.971,0.855,0.886,0.95,0.926,0.943,1.0,0.919,0.943,0.905,0.903,0.907,0.909,0.906
1,A2_3,0.958,0.907,0.929,0.942,0.933,0.946,0.918,0.943,0.919,1.0,0.966,0.967,0.894,0.898,0.898,0.953
1,B2_1,0.956,0.883,0.91,0.884,0.938,0.97,0.947,0.954,0.943,0.966,1.0,0.929,0.892,0.923,0.919,0.9
1,B2_2,0.961,0.947,0.898,0.98,0.87,0.934,0.903,0.893,0.905,0.967,0.929,1.0,0.899,0.921,0.907,0.936
1,B2_3,0.93,0.945,0.894,0.914,0.812,0.927,0.932,0.943,0.903,0.894,0.892,0.899,1.0,0.946,0.874,0.83
1,y1,0.952,0.941,0.878,0.925,0.85,0.964,0.954,0.901,0.907,0.898,0.923,0.921,0.946,1.0,0.953,0.827
1,y2,0.935,0.899,0.909,0.894,0.926,0.946,0.955,0.863,0.909,0.898,0.919,0.907,0.874,0.953,1.0,0.886
1,y3,0.905,0.904,0.927,0.904,0.916,0.881,0.853,0.884,0.906,0.953,0.9,0.936,0.83,0.827,0.886,1.0
2,.,1.0,0.929,0.946,0.942,0.914,0.986,0.972,0.951,0.95,0.96,0.957,0.962,0.932,0.954,0.94,0.908
2,A1_1,0.929,1.0,0.893,0.959,0.809,0.911,0.889,0.901,0.913,0.91,0.888,0.948,0.948,0.943,0.902,0.907
2,A1_2,0.946,0.893,1.0,0.873,0.913,0.929,0.925,0.927,0.972,0.932,0.914,0.902,0.898,0.883,0.913,0.928
2,A1_3,0.942,0.959,0.873,1.0,0.83,0.91,0.895,0.871,0.859,0.942,0.889,0.982,0.917,0.927,0.897,0.906
2,B1_1,0.914,0.809,0.913,0.83,1.0,0.921,0.919,0.898,0.89,0.937,0.941,0.875,0.818,0.855,0.929,0.919
2,B1_2,0.986,0.911,0.929,0.91,0.921,1.0,0.986,0.959,0.951,0.948,0.97,0.936,0.929,0.965,0.949,0.884
2,B1_3,0.972,0.889,0.925,0.895,0.919,0.986,1.0,0.942,0.929,0.922,0.949,0.907,0.933,0.956,0.957,0.856
2,A2_1,0.951,0.901,0.927,0.871,0.898,0.959,0.942,1.0,0.945,0.946,0.956,0.896,0.945,0.905,0.867,0.887
2,A2_2,0.95,0.913,0.972,0.859,0.89,0.951,0.929,0.945,1.0,0.923,0.945,0.907,0.906,0.91,0.913,0.909
2,A2_3,0.96,0.91,0.932,0.942,0.937,0.948,0.922,0.946,0.923,1.0,0.969,0.968,0.898,0.902,0.902,0.954
2,B2_1,0.957,0.888,0.914,0.889,0.941,0.97,0.949,0.956,0.945,0.969,1.0,0.932,0.896,0.925,0.922,0.904
2,B2_2,0.962,0.948,0.902,0.982,0.875,0.936,0.907,0.896,0.907,0.968,0.932,1.0,0.903,0.924,0.913,0.938
2,B2_3,0.932,0.948,0.898,0.917,0.818,0.929,0.933,0.945,0.906,0.898,0.896,0.903,1.0,0.948,0.878,0.835
2,y1,0.954,0.943,0.883,0.927,0.855,0.965,0.956,0.905,0.91,0.902,0.925,0.924,0.948,1.0,0.954,0.832
2,y2,0.94,0.902,0.913,0.897,0.929,0.949,0.957,0.867,0.913,0.902,0.922,0.913,0.878,0.954,1.0,0.888
2,y3,0.908,0.907,0.928,0.906,0.919,0.884,0.856,0.887,0.909,0.954,0.904,0.938,0.835,0.832,0.888,1.0
3,.,1.0,0.931,0.949,0.944,0.919,0.986,0.974,0.953,0.952,0.962,0.959,0.964,0.934,0.955,0.944,0.911
3,A1_1,0.931,1.0,0.898,0.96,0.818,0.914,0.893,0.906,0.917,0.914,0.895,0.95,0.95,0.945,0.906,0.91
3,A1_2,0.949,0.898,1.0,0.878,0.917,0.933,0.929,0.93,0.973,0.935,0.918,0.907,0.902,0.889,0.917,0.93
3,A1_3,0.944,0.96,0.878,1.0,0.837,0.913,0.898,0.876,0.865,0.944,0.894,0.984,0.92,0.929,0.902,0.909
3,B1_1,0.919,0.818,0.917,0.837,1.0,0.925,0.922,0.903,0.895,0.94,0.944,0.882,0.825,0.862,0.932,0.923
3,B1_2,0.986,0.914,0.933,0.913,0.925,1.0,0.987,0.96,0.953,0.95,0.971,0.939,0.931,0.967,0.952,0.887
3,B1_3,0.974,0.893,0.929,0.898,0.922,0.987,1.0,0.944,0.932,0.925,0.951,0.912,0.935,0.958,0.959,0.86
3,A2_1,0.953,0.906,0.93,0.876,0.903,0.96,0.944,1.0,0.948,0.949,0.958,0.9,0.947,0.909,0.872,0.891
3,A2_2,0.952,0.917,0.973,0.865,0.895,0.953,0.932,0.948,1.0,0.926,0.947,0.911,0.909,0.914,0.916,0.913
3,A2_3,0.962,0.914,0.935,0.944,0.94,0.95,0.925,0.949,0.926,1.0,0.971,0.969,0.903,0.906,0.907,0.955
3,B2_1,0.959,0.895,0.918,0.894,0.944,0.971,0.951,0.958,0.947,0.971,1.0,0.935,0.9,0.928,0.925,0.909
3,B2_2,0.964,0.95,0.907,0.984,0.882,0.939,0.912,0.9,0.911,0.969,0.935,1.0,0.907,0.928,0.919,0.94
3,B2_3,0.934,0.95,0.902,0.92,0.825,0.931,0.935,0.947,0.909,0.903,0.9,0.907,1.0,0.95,0.882,0.841
3,y1,0.955,0.945,0.889,0.929,0.862,0.967,0.958,0.909,0.914,0.906,0.928,0.928,0.95,1.0,0.956,0.837
3,y2,0.944,0.906,0.917,0.902,0.932,0.952,0.959,0.872,0.916,0.907,0.925,0.919,0.882,0.956,1.0,0.892
3,y3,0.911,0.91,0.93,0.909,0.923,0.887,0.86,0.891,0.913,0.955,0.909,0.94,0.841,0.837,0.892,1.0
4,.,1.0,0.934,0.952,0.946,0.924,0.987,0.976,0.955,0.954,0.964,0.962,0.966,0.936,0.957,0.948,0.915
4,A1_1,0.934,1.0,0.904,0.961,0.827,0.918,0.898,0.911,0.921,0.918,0.901,0.952,0.953,0.948,0.909,0.913
4,A1_2,0.952,0.904,1.0,0.883,0.922,0.937,0.934,0.933,0.974,0.939,0.923,0.912,0.907,0.895,0.922,0.931
4,A1_3,0.946,0.961,0.883,1.0,0.845,0.916,0.902,0.881,0.871,0.945,0.9,0.985,0.924,0.932,0.906,0.912
4,B1_1,0.924,0.827,0.922,0.845,1.0,0.929,0.926,0.907,0.9,0.944,0.947,0.889,0.833,0.868,0.935,0.926
4,B1_2,0.987,0.918,0.937,0.916,0.929,1.0,0.988,0.962,0.955,0.953,0.972,0.942,0.934,0.968,0.954,0.891
4,B1_3,0.976,0.898,0.934,0.902,0.926,0.988,1.0,0.946,0.935,0.929,0.953,0.917,0.937,0.96,0.961,0.865
4,A2_1,0.955,0.911,0.933,0.881,0.907,0.962,0.946,1.0,0.95,0.952,0.96,0.905,0.95,0.913,0.877,0.895
4,A2_2,0.954,0.921,0.974,0.871,0.9,0.955,0.935,0.95,1.0,0.93,0.95,0.915,0.913,0.917,0.92,0.916
4,A2_3,0.964,0.918,0.939,0.945,0.944,0.953,0.929,0.952,0.93,1.0,0.974,0.97,0.908,0.911,0.911,0.956
4,B2_1,0.962,0.901,0.923,0.9,0.947,0.972,0.953,0.96,0.95,0.974,1.0,0.938,0.905,0.931,0.929,0.913
4,B2_2,0.966,0.952,0.912,0.985,0.889,0.942,0.917,0.905,0.915,0.97,0.938,1.0,0.912,0.932,0.925,0.943
4,B2_3,0.936,0.953,0.907,0.924,0.833,0.934,0.937,0.95,0.913,0.908,0.905,0.912,1.0,0.952,0.887,0.847
4,y1,0.957,0.948,0.895,0.932,0.868,0.968,0.96,0.913,0.917,0.911,0.931,0.932,0.952,1.0,0.958,0.842
4,y2,0.948,0.909,0.922,0.906,0.935,0.954,0.961,0.877,0.92,0.911,0.929,0.925,0.887,0.958,1.0,0.895
4,y3,0.915,0.913,0.931,0.912,0.926,0.891,0.865,0.895,0.916,0.956,0.913,0.943,0.847,0.842,0.895,1.0
5,.,1.0,0.936,0.955,0.948,0.929,0.987,0.978,0.956,0.957,0.966,0.964,0.968,0.939,0.959,0.951,0.918
5,A1_1,0.936,1.0,0.909,0.962,0.837,0.922,0.902,0.916,0.926,0.922,0.907,0.954,0.956,0.95,0.913,0.916
5,A1_2,0.955,0.909,1.0,0.889,0.926,0.941,0.938,0.936,0.975,0.942,0.927,0.916,0.912,0.9,0.926,0.933
5,A1_3,0.948,0.962,0.889,1.0,0.852,0.92,0.907,0.886,0.877,0.947,0.905,0.986,0.928,0.935,0.91,0.915
5,B1_1,0.929,0.837,0.926,0.852,1.0,0.933,0.93,0.912,0.905,0.948,0.95,0.896,0.841,0.875,0.938,0.93
5,B1_2,0.987,0.922,0.941,0.92,0.933,1.0,0.988,0.963,0.957,0.955,0.972,0.945,0.937,0.97,0.957,0.895
5,B1_3,0.978,0.902,0.938,0.907,0.93,0.988,1.0,0.948,0.938,0.933,0.955,0.922,0.939,0.962,0.963,0.87
5,A2_1,0.956,0.916,0.936,0.886,0.912,0.963,0.948,1.0,0.953,0.954,0.962,0.909,0.952,0.917,0.883,0.899
5,A2_2,0.957,0.926,0.975,0.877,0.905,0.957,0.938,0.953,1.0,0.934,0.952,0.919,0.917,0.921,0.924,0.92
5,A2_3,0.966,0.922,0.942,0.947,0.948,0.955,0.933,0.954,0.934,1.0,0.976,0.971,0.912,0.915,0.915,0.957
5,B2_1,0.964,0.907,0.927,0.905,0.95,0.972,0.955,0.962,0.952,0.976,1.0,0.942,0.909,0.934,0.932,0.917
5,B2_2,0.968,0.954,0.916,0.986,0.896,0.945,0.922,0.909,0.919,0.971,0.942,1.0,0.916,0.936,0.93,0.945
5,B2_3,0.939,0.956,0.912,0.928,0.841,0.937,0.939,0.952,0.917,0.912,0.909,0.916,1.0,0.954,0.892,0.853
5,y1,0.959,0.95,0.9,0.935,0.875,0.97,0.962,0.917,0.921,0.915,0.934,0.936,0.954,1.0,0.96,0.848
5,y2,0.951,0.913,0.926,0.91,0.938,0.957,0.963,0.883,0.924,0.915,0.932,0.93,0.892,0.96,1.0,0.898
5,y3,0.918,0.916,0.933,0.915,0.93,0.895,0.87,0.899,0.92,0.957,0.917,0.945,0.853,0.848,0.898,1.0
6,.,1.0,0.939,0.958,0.95,0.934,0.988,0.979,0.958,0.959,0.968,0.966,0.97,0.941,0.96,0.954,0.922
6,A1_1,0.939,1.0,0.913,0.963,0.845,0.926,0.907,0.92,0.929,0.926,0.912,0.956,0.959,0.953,0.916,0.919
6,A1_2,0.958,0.913,1.0,0.893,0.93,0.944,0.942,0.94,0.976,0.945,0.932,0.921,0.916,0.905,0.929,0.935
6,A1_3,0.95,0.963,0.893,1.0,0.86,0.923,0.911,0.891,0.883,0.949,0.91,0.987,0.931,0.937,0.914,0.918
6,B1_1,0.934,0.845,0.93,0.86,1.0,0.936,0.933,0.916,0.91,0.951,0.953,0.902,0.849,0.881,0.941,0.933
6,B1_2,0.988,0.926,0.944,0.923,0.936,1.0,0.989,0.965,0.959,0.957,0.973,0.948,0.939,0.971,0.959,0.899
6,B1_3,0.979,0.907,0.942,0.911,0.933,0.989,1.0,0.95,0.941,0.937,0.956,0.927,0.941,0.964,0.965,0.874
6,A2_1,0.958,0.92,0.94,0.891,0.916,0.965,0.95,1.0,0.955,0.957,0.964,0.914,0.954,0.92,0.888,0.902
6,A2_2,0.959,0.929,0.976,0.883,0.91,0.959,0.941,0.955,1.0,0.938,0.955,0.923,0.92,0.924,0.927,0.923
6,A2_3,0.968,0.926,0.945,0.949,0.951,0.957,0.937,0.957,0.938,1.0,0.978,0.972,0.917,0.919,0.919,0.958
6,B2_1,0.966,0.912,0.932,0.91,0.953,0.973,0.956,0.964,0.955,0.978,1.0,0.945,0.914,0.937,0.935,0.921
6,B2_2,0.97,0.956,0.921,0.987,0.902,0.948,0.927,0.914,0.923,0.972,0.945,1.0,0.921,0.94,0.935,0.947
6,B2_3,0.941,0.959,0.916,0.931,0.849,0.939,0.941,0.954,0.92,0.917,0.914,0.921,1.0,0.957,0.897,0.859
6,y1,0.96,0.953,0.905,0.937,0.881,0.971,0.964,0.92,0.924,0.919,0.937,0.94,0.957,1.0,0.961,0.853
6,y2,0.954,0.916,0.929,0.914,0.941,0.959,0.965,0.888,0.927,0.919,0.935,0.935,0.897,0.961,1.0,0.902
6,y3,0.922,0.919,0.935,0.918,0.933,0.899,0.874,0.902,0.923,0.958,0.921,0.947,0.859,0.853,0.902,1.0
7,.,1.0,0.94,0.96,0.952,0.937,0.988,0.98,0.96,0.961,0.969,0.967,0.972,0.943,0.961,0.957,0.925
7,A1_1,0.94,1.0,0.917,0.964,0.853,0.929,0.91,0.924,0.932,0.929,0.917,0.957,0.961,0.955,0.919,0.921
7,A1_2,0.96,0.917,1.0,0.898,0.933,0.947,0.945,0.942,0.977,0.948,0.935,0.925,0.92,0.91,0.932,0.937
7,A1_3,0.952,0.964,0.898,1.0,0.866,0.926,0.914,0.895,0.888,0.95,0.914,0.988,0.934,0.94,0.917,0.921
7,B1_1,0.937,0.853,0.933,0.866,1.0,0.94,0.936,0.92,0.914,0.954,0.955,0.908,0.856,0.887,0.943,0.936
7,B1_2,0.988,0.929,0.947,0.926,0.94,1.0,0.99,0.966,0.96,0.959,0.974,0.951,0.942,0.972,0.961,0.902
7,B1_3,0.98,0.91,0.945,0.914,0.936,0.99,1.0,0.952,0.943,0.94,0.958,0.931,0.944,0.966,0.966,0.878
7,A2_1,0.96,0.924,0.942,0.895,0.92,0.966,0.952,1.0,0.957,0.959,0.966,0.918,0.956,0.924,0.892,0.906
7,A2_2,0.961,0.932,0.977,0.888,0.914,0.96,0.943,0.957,1.0,0.941,0.957,0.926,0.923,0.927,0.93,0.926
7,A2_3,0.969,0.929,0.948,0.95,0.954,0.959,0.94,0.959,0.941,1.0,0.98,0.973,0.921,0.922,0.922,0.959
7,B2_1,0.967,0.917,0.935,0.914,0.955,0.974,0.958,0.966,0.957,0.98,1.0,0.948,0.918,0.939,0.937,0.925
7,B2_2,0.972,0.957,0.925,0.988,0.908,0.951,0.931,0.918,0.926,0.973,0.948,1.0,0.925,0.943,0.939,0.949
7,B2_3,0.943,0.961,0.92,0.934,0.856,0.942,0.944,0.956,0.923,0.921,0.918,0.925,1.0,0.959,0.901,0.865
7,y1,0.961,0.955,0.91,0.94,0.887,0.972,0.966,0.924,0.927,0.922,0.939,0.943,0.959,1.0,0.963,0.858
7,y2,0.957,0.919,0.932,0.917,0.943,0.961,0.966,0.892,0.93,0.922,0.937,0.939,0.901,0.963,1.0,0.905
7,y3,0.925,0.921,0.937,0.921,0.936,0.902,0.878,0.906,0.926,0.959,0.925,0.949,0.865,0.858,0.905,1.0
8,.,1.0,0.942,0.963,0.953,0.941,0.988,0.981,0.961,0.963,0.971,0.969,0.973,0.945,0.962,0.959,0.928
8,A1_1,0.942,1.0,0.921,0.965,0.86,0.932,0.914,0.927,0.935,0.932,0.921,0.959,0.963,0.956,0.922,0.923
8,A1_2,0.963,0.921,1.0,0.901,0.936,0.949,0.948,0.945,0.978,0.95,0.939,0.928,0.924,0.913,0.935,0.938
8,A1_3,0.953,0.965,0.901,1.0,0.871,0.929,0.917,0.899,0.892,0.951,0.918,0.988,0.937,0.942,0.92,0.923
8,B1_1,0.941,0.86,0.936,0.871,1.0,0.943,0.939,0.923,0.917,0.957,0.957,0.913,0.863,0.891,0.945,0.938
8,B1_2,0.988,0.932,0.949,0.929,0.943,1.0,0.99,0.967,0.961,0.961,0.974,0.953,0.944,0.973,0.962,0.905
8,B1_3,0.981,0.914,0.948,0.917,0.939,0.99,1.0,0.954,0.945,0.942,0.959,0.935,0.946,0.967,0.968,0.882
8,A2_1,0.961,0.927,0.945,0.899,0.923,0.967,0.954,1.0,0.959,0.961,0.967,0.921,0.958,0.926,0.896,0.909
8,A2_2,0.963,0.935,0.978,0.892,0.917,0.961,0.945,0.959,1.0,0.944,0.959,0.929,0.926,0.929,0.932,0.928
8,A2_3,0.971,0.932,0.95,0.951,0.957,0.961,0.942,0.961,0.944,1.0,0.981,0.974,0.924,0.925,0.925,0.96
8,B2_1,0.969,0.921,0.939,0.918,0.957,0.974,0.959,0.967,0.959,0.981,1.0,0.951,0.921,0.941,0.94,0.928
8,B2_2,0.973,0.959,0.928,0.988,0.913,0.953,0.935,0.921,0.929,0.974,0.951,1.0,0.929,0.945,0.942,0.951
8,B2_3,0.945,0.963,0.924,0.937,0.863,0.944,0.946,0.958,0.926,0.924,0.921,0.929,1.0,0.96,0.905,0.87
8,y1,0.962,0.956,0.913,0.942,0.891,0.973,0.967,0.926,0.929,0.925,0.941,0.945,0.96,1.0,0.964,0.862
8,y2,0.959,0.922,0.935,0.92,0.945,0.962,0.968,0.896,0.932,0.925,0.94,0.942,0.905,0.964,1.0,0.907
8,y3,0.928,0.923,0.938,0.923,0.938,0.905,0.882,0.909,0.928,0.96,0.928,0.951,0.87,0.862,0.907,1.0
9,.,1.0,0.943,0.964,0.954,0.944,0.988,0.982,0.963,0.965,0.972,0.97,0.974,0.946,0.962,0.96,0.93
9,A1_1,0.943,1.0,0.923,0.966,0.866,0.934,0.917,0.93,0.937,0.934,0.924,0.96,0.965,0.958,0.923,0.925
9,A1_2,0.964,0.923,1.0,0.904,0.939,0.951,0.95,0.947,0.979,0.952,0.941,0.931,0.927,0.916,0.936,0.939
9,A1_3,0.954,0.966,0.904,1.0,0.876,0.931,0.92,0.903,0.896,0.952,0.921,0.989,0.94,0.943,0.923,0.925
9,B1_1,0.944,0.866,0.939,0.876,1.0,0.945,0.942,0.926,0.92,0.959,0.959,0.918,0.868,0.896,0.947,0.94
9,B1_2,0.988,0.934,0.951,0.931,0.945,1.0,0.991,0.967,0.962,0.962,0.975,0.955,0.946,0.974,0.964,0.908
9,B1_3,0.982,0.917,0.95,0.92,0.942,0.991,1.0,0.955,0.946,0.944,0.96,0.938,0.947,0.968,0.969,0.885
9,A2_1,0.963,0.93,0.947,0.903,0.926,0.967,0.955,1.0,0.96,0.963,0.968,0.924,0.959,0.928,0.899,0.912
9,A2_2,0.965,0.937,0.979,0.896,0.92,0.962,0.946,0.96,1.0,0.946,0.96,0.931,0.928,0.931,0.934,0.93
9,A2_3,0.972,0.934,0.952,0.952,0.959,0.962,0.944,0.963,0.946,1.0,0.982,0.975,0.927,0.927,0.927,0.96
9,B2_1,0.97,0.924,0.941,0.921,0.959,0.975,0.96,0.968,0.96,0.982,1.0,0.953,0.925,0.943,0.941,0.93
9,B2_2,0.974,0.96,0.931,0.989,0.918,0.955,0.938,0.924,0.931,0.975,0.953,1.0,0.932,0.948,0.945,0.952
9,B2_3,0.946,0.965,0.927,0.94,0.868,0.946,0.947,0.959,0.928,0.927,0.925,0.932,1.0,0.962,0.908,0.874
9,y1,0.962,0.958,0.916,0.943,0.896,0.974,0.968,0.928,0.931,0.927,0.943,0.948,0.962,1.0,0.965,0.866
9,y2,0.96,0.923,0.936,0.923,0.947,0.964,0.969,0.899,0.934,0.927,0.941,0.945,0.908,0.965,1.0,0.909
9,y3,0.93,0.925,0.939,0.925,0.94,0.908,0.885,0.912,0.93,0.96,0.93,0.952,0.874,0.866,0.909,1.0
10,.,1.0,0.944,0.966,0.955,0.946,0.988,0.982,0.964,0.966,0.973,0.971,0.975,0.947,0.962,0.961,0.932
10,A1_1,0.944,1.0,0.926,0.966,0.87,0.936,0.919,0.932,0.939,0.936,0.927,0.961,0.966,0.959,0.925,0.927
10,A1_2,0.966,0.926,1.0,0.907,0.94,0.952,0.951,0.949,0.98,0.954,0.943,0.934,0.929,0.918,0.938,0.94
10,A1_3,0.955,0.966,0.907,1.0,0.88,0.933,0.922,0.905,0.899,0.953,0.924,0.989,0.942,0.945,0.925,0.927
10,B1_1,0.946,0.87,0.94,0.88,1.0,0.947,0.944,0.929,0.922,0.961,0.961,0.921,0.873,0.899,0.948,0.942
10,B1_2,0.988,0.936,0.952,0.933,0.947,1.0,0.991,0.968,0.962,0.963,0.975,0.957,0.948,0.975,0.965,0.91
10,B1_3,0.982,0.919,0.951,0.922,0.944,0.991,1.0,0.956,0.947,0.946,0.961,0.941,0.949,0.969,0.969,0.888
10,A2_1,0.964,0.932,0.949,0.905,0.929,0.968,0.956,1.0,0.962,0.964,0.969,0.927,0.96,0.93,0.901,0.914
10,A2_2,0.966,0.939,0.98,0.899,0.922,0.962,0.947,0.962,1.0,0.948,0.961,0.933,0.93,0.932,0.935,0.932
10,A2_3,0.973,0.936,0.954,0.953,0.961,0.963,0.946,0.964,0.948,1.0,0.983,0.975,0.93,0.929,0.928,0.961
10,B2_1,0.971,0.927,0.943,0.924,0.961,0.975,0.961,0.969,0.961,0.983,1.0,0.955,0.927,0.944,0.943,0.932
10,B2_2,0.975,0.961,0.934,0.989,0.921,0.957,0.941,0.927,0.933,0.975,0.955,1.0,0.934,0.95,0.948,0.953
10,B2_3,0.947,0.966,0.929,0.942,0.873,0.948,0.949,0.96,0.93,0.93,0.927,0.934,1.0,0.963,0.911,0.878
10,y1,0.962,0.959,0.918,0.945,0.899,0.975,0.969,0.93,0.932,0.929,0.944,0.95,0.963,1.0,0.966,0.869
10,y2,0.961,0.925,0.938,0.925,0.948,0.965,0.969,0.901,0.935,0.928,0.943,0.948,0.911,0.966,1.0,0.91
10,y3,0.932,0.927,0.94,0.927,0.942,0.91,0.888,0.914,0.932,0.961,0.932,0.953,0.878,0.869,0.91,1.0
11,.,1.0,0.945,0.967,0.955,0.948,0.988,0.982,0.965,0.967,0.973,0.973,0.976,0.948,0.962,0.962,0.934
11,A1_1,0.945,1.0,0.928,0.967,0.874,0.938,0.921,0.934,0.94,0.937,0.93,0.961,0.968,0.96,0.926,0.928
11,A1_2,0.967,0.928,1.0,0.909,0.942,0.954,0.953,0.951,0.98,0.955,0.945,0.936,0.931,0.92,0.939,0.941
11,A1_3,0.955,0.967,0.909,1.0,0.884,0.934,0.924,0.908,0.901,0.954,0.927,0.989,0.944,0.946,0.926,0.928
11,B1_1,0.948,0.874,0.942,0.884,1.0,0.949,0.945,0.93,0.924,0.962,0.962,0.925,0.877,0.902,0.949,0.943
11,B1_2,0.988,0.938,0.954,0.934,0.949,1.0,0.991,0.968,0.962,0.964,0.976,0.959,0.95,0.976,0.965,0.911
11,B1_3,0.982,0.921,0.953,0.924,0.945,0.991,1.0,0.957,0.948,0.948,0.962,0.943,0.951,0.97,0.97,0.89
11,A2_1,0.965,0.934,0.951,0.908,0.93,0.968,0.957,1.0,0.963,0.966,0.97,0.929,0.961,0.931,0.903,0.916
11,A2_2,0.967,0.94,0.98,0.901,0.924,0.962,0.948,0.963,1.0,0.949,0.962,0.935,0.932,0.933,0.936,0.933
11,A2_3,0.973,0.937,0.955,0.954,0.962,0.964,0.948,0.966,0.949,1.0,0.984,0.976,0.932,0.93,0.929,0.961
11,B2_1,0.973,0.93,0.945,0.927,0.962,0.976,0.962,0.97,0.962,0.984,1.0,0.957,0.93,0.945,0.944,0.934
11,B2_2,0.976,0.961,0.936,0.989,0.925,0.959,0.943,0.929,0.935,0.976,0.957,1.0,0.937,0.951,0.95,0.954
11,B2_3,0.948,0.968,0.931,0.944,0.877,0.95,0.951,0.961,0.932,0.932,0.93,0.937,1.0,0.964,0.913,0.881
11,y1,0.962,0.96,0.92,0.946,0.902,0.976,0.97,0.931,0.933,0.93,0.945,0.951,0.964,1.0,0.967,0.871
11,y2,0.962,0.926,0.939,0.926,0.949,0.965,0.97,0.903,0.936,0.929,0.944,0.95,0.913,0.967,1.0,0.912
11,y3,0.934,0.928,0.941,0.928,0.943,0.911,0.89,0.916,0.933,0.961,0.934,0.954,0.881,0.871,0.912,1.0
12,.,1.0,0.945,0.968,0.956,0.949,0.987,0.982,0.965,0.968,0.974,0.973,0.976,0.948,0.961,0.962,0.935
12,A1_1,0.945,1.0,0.929,0.967,0.878,0.939,0.923,0.936,0.941,0.938,0.931,0.962,0.969,0.961,0.927,0.928
12,A1_2,0.968,0.929,1.0,0.91,0.943,0.954,0.954,0.952,0.981,0.956,0.947,0.937,0.933,0.921,0.939,0.941
12,A1_3,0.956,0.967,0.91,1.0,0.886,0.936,0.926,0.91,0.903,0.954,0.929,0.99,0.946,0.947,0.927,0.93
12,B1_1,0.949,0.878,0.943,0.886,1.0,0.951,0.947,0.932,0.925,0.963,0.964,0.928,0.881,0.905,0.95,0.944
12,B1_2,0.987,0.939,0.954,0.936,0.951,1.0,0.992,0.968,0.962,0.965,0.976,0.96,0.951,0.976,0.966,0.913
12,B1_3,0.982,0.923,0.954,0.926,0.947,0.992,1.0,0.957,0.948,0.949,0.963,0.945,0.952,0.971,0.971,0.891
12,A2_1,0.965,0.936,0.952,0.91,0.932,0.968,0.957,1.0,0.964,0.967,0.971,0.931,0.961,0.932,0.904,0.918
12,A2_2,0.968,0.941,0.981,0.903,0.925,0.962,0.948,0.964,1.0,0.95,0.963,0.936,0.933,0.933,0.937,0.934
12,A2_3,0.974,0.938,0.956,0.954,0.963,0.965,0.949,0.967,0.95,1.0,0.985,0.976,0.934,0.931,0.93,0.962
12,B2_1,0.973,0.931,0.947,0.929,0.964,0.976,0.963,0.971,0.963,0.985,1.0,0.959,0.932,0.946,0.945,0.936
12,B2_2,0.976,0.962,0.937,0.99,0.928,0.96,0.945,0.931,0.936,0.976,0.959,1.0,0.939,0.953,0.951,0.955
12,B2_3,0.948,0.969,0.933,0.946,0.881,0.951,0.952,0.961,0.933,0.934,0.932,0.939,1.0,0.965,0.915,0.884
12,y1,0.961,0.961,0.921,0.947,0.905,0.976,0.971,0.932,0.933,0.931,0.946,0.953,0.965,1.0,0.967,0.873
12,y2,0.962,0.927,0.939,0.927,0.95,0.966,0.971,0.904,0.937,0.93,0.945,0.951,0.915,0.967,1.0,0.913
12,y3,0.935,0.928,0.941,0.93,0.944,0.913,0.891,0.918,0.934,0.962,0.936,0.955,0.884,0.873,0.913,1.0
13,.,1.0,0.945,0.969,0.956,0.951,0.987,0.982,0.966,0.969,0.974,0.974,0.976,0.948,0.961,0.962,0.936
13,A1_1,0.945,1.0,0.93,0.968,0.88,0.94,0.924,0.937,0.942,0.939,0.933,0.962,0.97,0.961,0.928,0.929
13,A1_2,0.969,0.93,1.0,0.912,0.944,0.955,0.954,0.953,0.981,0.957,0.948,0.938,0.934,0.922,0.94,0.942
13,A1_3,0.956,0.968,0.912,1.0,0.889,0.937,0.927,0.911,0.905,0.955,0.931,0.99,0.947,0.947,0.928,0.931
13,B1_1,0.951,0.88,0.944,0.889,1.0,0.952,0.948,0.933,0.926,0.964,0.965,0.93,0.884,0.907,0.95,0.945
13,B1_2,0.987,0.94,0.955,0.937,0.952,1.0,0.992,0.968,0.961,0.966,0.976,0.962,0.952,0.976,0.967,0.914
13,B1_3,0.982,0.924,0.954,0.927,0.948,0.992,1.0,0.958,0.948,0.95,0.963,0.947,0.953,0.971,0.971,0.893
13,A2_1,0.966,0.937,0.953,0.911,0.933,0.968,0.958,1.0,0.964,0.967,0.971,0.932,0.962,0.932,0.905,0.919
13,A2_2,0.969,0.942,0.981,0.905,0.926,0.961,0.948,0.964,1.0,0.951,0.963,0.937,0.933,0.933,0.937,0.935
13,A2_3,0.974,0.939,0.957,0.955,0.964,0.966,0.95,0.967,0.951,1.0,0.986,0.976,0.936,0.932,0.93,0.962
13,B2_1,0.974,0.933,0.948,0.931,0.965,0.976,0.963,0.971,0.963,0.986,1.0,0.96,0.933,0.947,0.945,0.937
13,B2_2,0.976,0.962,0.938,0.99,0.93,0.962,0.947,0.932,0.937,0.976,0.96,1.0,0.941,0.954,0.952,0.955
13,B2_3,0.948,0.97,0.934,0.947,0.884,0.952,0.953,0.962,0.933,0.936,0.933,0.941,1.0,0.966,0.917,0.886
13,y1,0.961,0.961,0.922,0.947,0.907,0.976,0.971,0.932,0.933,0.932,0.947,0.954,0.966,1.0,0.968,0.875
13,y2,0.962,0.928,0.94,0.928,0.95,0.967,0.971,0.905,0.937,0.93,0.945,0.952,0.917,0.968,1.0,0.913
13,y3,0.936,0.929,0.942,0.931,0.945,0.914,0.893,0.919,0.935,0.962,0.937,0.955,0.886,0.875,0.913,1.0
14,.,1.0,0.945,0.97,0.956,0.951,0.986,0.982,0.966,0.97,0.975,0.975,0.976,0.948,0.96,0.962,0.937
14,A1_1,0.945,1.0,0.931,0.968,0.882,0.941,0.925,0.938,0.942,0.94,0.934,0.962,0.971,0.962,0.928,0.929
14,A1_2,0.97,0.931,1.0,0.912,0.944,0.955,0.955,0.954,0.981,0.957,0.949,0.939,0.935,0.922,0.94,0.942
14,A1_3,0.956,0.968,0.912,1.0,0.89,0.938,0.928,0.912,0.906,0.955,0.932,0.99,0.948,0.948,0.928,0.931
14,B1_1,0.951,0.882,0.944,0.89,1.0,0.953,0.949,0.934,0.927,0.965,0.965,0.932,0.887,0.908,0.951,0.945
14,B1_2,0.986,0.941,0.955,0.938,0.953,1.0,0.992,0.968,0.961,0.966,0.976,0.963,0.954,0.977,0.967,0.915
14,B1_3,0.982,0.925,0.955,0.928,0.949,0.992,1.0,0.958,0.948,0.95,0.963,0.949,0.954,0.972,0.972,0.894
14,A2_1,0.966,0.938,0.954,0.912,0.934,0.968,0.958,1.0,0.965,0.968,0.971,0.933,0.962,0.932,0.906,0.92
14,A2_2,0.97,0.942,0.981,0.906,0.927,0.961,0.948,0.965,1.0,0.952,0.964,0.937,0.934,0.933,0.937,0.935
14,A2_3,0.975,0.94,0.957,0.955,0.965,0.966,0.95,0.968,0.952,1.0,0.986,0.976,0.937,0.932,0.93,0.962
14,B2_1,0.975,0.934,0.949,0.932,0.965,0.976,0.963,0.971,0.964,0.986,1.0,0.961,0.935,0.947,0.946,0.938
14,B2_2,0.976,0.962,0.939,0.99,0.932,0.963,0.949,0.933,0.937,0.976,0.961,1.0,0.942,0.955,0.953,0.956
14,B2_3,0.948,0.971,0.935,0.948,0.887,0.954,0.954,0.962,0.934,0.937,0.935,0.942,1.0,0.966,0.918,0.888
14,y1,0.96,0.962,0.922,0.948,0.908,0.977,0.972,0.932,0.933,0.932,0.947,0.955,0.966,1.0,0.968,0.875
14,y2,0.962,0.928,0.94,0.928,0.951,0.967,0.972,0.906,0.937,0.93,0.946,0.953,0.918,0.968,1.0,0.913
14,y3,0.937,0.929,0.942,0.931,0.945,0.915,0.894,0.92,0.935,0.962,0.938,0.956,0.888,0.875,0.913,1.0
15,.,1.0,0.944,0.97,0.955,0.952,0.985,0.981,0.967,0.97,0.975,0.975,0.976,0.948,0.958,0.962,0.938
15,A1_1,0.944,1.0,0.931,0.968,0.884,0.941,0.926,0.938,0.942,0.94,0.935,0.962,0.971,0.962,0.928,0.929
15,A1_2,0.97,0.931,1.0,0.913,0.945,0.955,0.955,0.955,0.982,0.958,0.95,0.939,0.935,0.922,0.939,0.942
15,A1_3,0.955,0.968,0.913,1.0,0.892,0.938,0.929,0.913,0.906,0.955,0.934,0.99,0.949,0.948,0.929,0.932
15,B1_1,0.952,0.884,0.945,0.892,1.0,0.954,0.95,0.934,0.927,0.966,0.966,0.934,0.89,0.909,0.951,0.946
15,B1_2,0.985,0.941,0.955,0.938,0.954,1.0,0.992,0.968,0.96,0.966,0.976,0.964,0.954,0.977,0.967,0.915
15,B1_3,0.981,0.926,0.955,0.929,0.95,0.992,1.0,0.958,0.948,0.951,0.964,0.95,0.955,0.972,0.972,0.894
15,A2_1,0.967,0.938,0.955,0.913,0.934,0.968,0.958,1.0,0.965,0.968,0.971,0.934,0.962,0.932,0.906,0.92
15,A2_2,0.97,0.942,0.982,0.906,0.927,0.96,0.948,0.965,1.0,0.952,0.964,0.937,0.934,0.932,0.936,0.935
15,A2_3,0.975,0.94,0.958,0.955,0.966,0.966,0.951,0.968,0.952,1.0,0.987,0.976,0.938,0.932,0.93,0.962
15,B2_1,0.975,0.935,0.95,0.934,0.966,0.976,0.964,0.971,0.964,0.987,1.0,0.962,0.936,0.948,0.946,0.939
15,B2_2,0.976,0.962,0.939,0.99,0.934,0.964,0.95,0.934,0.937,0.976,0.962,1.0,0.944,0.955,0.954,0.956
15,B2_3,0.948,0.971,0.935,0.949,0.89,0.954,0.955,0.962,0.934,0.938,0.936,0.944,1.0,0.967,0.919,0.89
15,y1,0.958,0.962,0.922,0.948,0.909,0.977,0.972,0.932,0.932,0.932,0.948,0.955,0.967,1.0,0.968,0.876
15,y2,0.962,0.928,0.939,0.929,0.951,0.967,0.972,0.906,0.936,0.93,0.946,0.954,0.919,0.968,1.0,0.913
15,y3,0.938,0.929,0.942,0.932,0.946,0.915,0.894,0.92,0.935,0.962,0.939,0.956,0.89,0.876,0.913,1.0
16,.,1.0,0.944,0.971,0.955,0.952,0.984,0.98,0.967,0.971,0.975,0.975,0.976,0.947,0.957,0.961,0.938
16,A1_1,0.944,1.0,0.931,0.968,0.885,0.941,0.926,0.939,0.942,0.94,0.936,0.961,0.971,0.962,0.928,0.929
16,A1_2,0.971,0.931,1.0,0.913,0.945,0.954,0.954,0.955,0.982,0.958,0.951,0.939,0.935,0.922,0.939,0.942
16,A1_3,0.955,0.968,0.913,1.0,0.893,0.939,0.93,0.914,0.907,0.955,0.934,0.99,0.95,0.948,0.928,0.932
16,B1_1,0.952,0.885,0.945,0.893,1.0,0.955,0.951,0.935,0.926,0.966,0.967,0.935,0.892,0.91,0.951,0.946
16,B1_2,0.984,0.941,0.954,0.939,0.955,1.0,0.992,0.967,0.959,0.966,0.977,0.965,0.955,0.977,0.967,0.915
16,B1_3,0.98,0.926,0.954,0.93,0.951,0.992,1.0,0.957,0.946,0.951,0.964,0.951,0.956,0.972,0.972,0.895
16,A2_1,0.967,0.939,0.955,0.914,0.935,0.967,0.957,1.0,0.966,0.969,0.972,0.934,0.962,0.931,0.906,0.921
16,A2_2,0.971,0.942,0.982,0.907,0.926,0.959,0.946,0.966,1.0,0.953,0.963,0.937,0.934,0.931,0.936,0.935
16,A2_3,0.975,0.94,0.958,0.955,0.966,0.966,0.951,0.969,0.953,1.0,0.987,0.976,0.939,0.932,0.929,0.962
16,B2_1,0.975,0.936,0.951,0.934,0.967,0.977,0.964,0.972,0.963,0.987,1.0,0.963,0.937,0.948,0.946,0.94
16,B2_2,0.976,0.961,0.939,0.99,0.935,0.965,0.951,0.934,0.937,0.976,0.963,1.0,0.945,0.956,0.954,0.956
16,B2_3,0.947,0.971,0.935,0.95,0.892,0.955,0.956,0.962,0.934,0.939,0.937,0.945,1.0,0.967,0.92,0.891
16,y1,0.957,0.962,0.922,0.948,0.91,0.977,0.972,0.931,0.931,0.932,0.948,0.956,0.967,1.0,0.968,0.876
16,y2,0.961,0.928,0.939,0.928,0.951,0.967,0.972,0.906,0.936,0.929,0.946,0.954,0.92,0.968,1.0,0.913
16,y3,0.938,0.929,0.942,0.932,0.946,0.915,0.895,0.921,0.935,0.962,0.94,0.956,0.891,0.876,0.913,1.0
17,.,1.0,0.943,0.971,0.954,0.952,0.983,0.979,0.967,0.971,0.975,0.976,0.975,0.946,0.955,0.96,0.938
17,A1_1,0.943,1.0,0.931,0.968,0.885,0.941,0.927,0.939,0.942,0.94,0.936,0.961,0.972,0.962,0.927,0.929
17,A1_2,0.971,0.931,1.0,0.913,0.944,0.954,0.954,0.956,0.982,0.958,0.951,0.939,0.935,0.921,0.938,0.941
17,A1_3,0.954,0.968,0.913,1.0,0.893,0.939,0.93,0.914,0.907,0.955,0.935,0.989,0.951,0.948,0.928,0.932
17,B1_1,0.952,0.885,0.944,0.893,1.0,0.956,0.952,0.935,0.926,0.966,0.967,0.937,0.894,0.911,0.951,0.946
17,B1_2,0.983,0.941,0.954,0.939,0.956,1.0,0.993,0.966,0.957,0.966,0.977,0.965,0.956,0.977,0.967,0.915
17,B1_3,0.979,0.927,0.954,0.93,0.952,0.993,1.0,0.957,0.945,0.951,0.964,0.952,0.956,0.973,0.972,0.895
17,A2_1,0.967,0.939,0.956,0.914,0.935,0.966,0.957,1.0,0.966,0.969,0.972,0.934,0.962,0.93,0.906,0.921
17,A2_2,0.971,0.942,0.982,0.907,0.926,0.957,0.945,0.966,1.0,0.953,0.963,0.936,0.933,0.929,0.935,0.935
17,A2_3,0.975,0.94,0.958,0.955,0.966,0.966,0.951,0.969,0.953,1.0,0.988,0.976,0.939,0.931,0.929,0.962
17,B2_1,0.976,0.936,0.951,0.935,0.967,0.977,0.964,0.972,0.963,0.988,1.0,0.964,0.938,0.948,0.946,0.94
17,B2_2,0.975,0.961,0.939,0.989,0.937,0.965,0.952,0.934,0.936,0.976,0.964,1.0,0.946,0.956,0.955,0.956
17,B2_3,0.946,0.972,0.935,0.951,0.894,0.956,0.956,0.962,0.933,0.939,0.938,0.946,1.0,0.967,0.921,0.892
17,y1,0.955,0.962,0.921,0.948,0.911,0.977,0.973,0.93,0.929,0.931,0.948,0.956,0.967,1.0,0.968,0.876
17,y2,0.96,0.927,0.938,0.928,0.951,0.967,0.972,0.906,0.935,0.929,0.946,0.955,0.921,0.968,1.0,0.912
17,y3,0.938,0.929,0.941,0.932,0.946,0.915,0.895,0.921,0.935,0.962,0.94,0.956,0.892,0.876,0.912,1.0
18,.,1.0,0.942,0.971,0.953,0.952,0.981,0.977,0.967,0.972,0.975,0.975,0.974,0.944,0.952,0.958,0.939
18,A1_1,0.942,1.0,0.931,0.968,0.886,0.941,0.927,0.939,0.941,0.94,0.936,0.961,0.972,0.962,0.927,0.928
18,A1_2,0.971,0.931,1.0,0.913,0.944,0.953,0.953,0.956,0.982,0.958,0.951,0.939,0.935,0.919,0.937,0.941
18,A1_3,0.953,0.968,0.913,1.0,0.894,0.939,0.93,0.914,0.907,0.954,0.936,0.989,0.951,0.948,0.927,0.932
18,B1_1,0.952,0.886,0.944,0.894,1.0,0.956,0.952,0.935,0.925,0.966,0.968,0.938,0.895,0.911,0.95,0.946
18,B1_2,0.981,0.941,0.953,0.939,0.956,1.0,0.993,0.965,0.956,0.965,0.976,0.966,0.956,0.977,0.967,0.915
18,B1_3,0.977,0.927,0.953,0.93,0.952,0.993,1.0,0.956,0.944,0.951,0.964,0.953,0.957,0.973,0.972,0.895
18,A2_1,0.967,0.939,0.956,0.914,0.935,0.965,0.956,1.0,0.966,0.969,0.971,0.934,0.961,0.929,0.905,0.921
18,A2_2,0.972,0.941,0.982,0.907,0.925,0.956,0.944,0.966,1.0,0.953,0.962,0.936,0.932,0.927,0.934,0.935
18,A2_3,0.975,0.94,0.958,0.954,0.966,0.965,0.951,0.969,0.953,1.0,0.988,0.976,0.939,0.93,0.927,0.962
18,B2_1,0.975,0.936,0.951,0.936,0.968,0.976,0.964,0.971,0.962,0.988,1.0,0.964,0.939,0.947,0.945,0.94
18,B2_2,0.974,0.961,0.939,0.989,0.938,0.966,0.953,0.934,0.936,0.976,0.964,1.0,0.946,0.956,0.955,0.956
18,B2_3,0.944,0.972,0.935,0.951,0.895,0.956,0.957,0.961,0.932,0.939,0.939,0.946,1.0,0.967,0.921,0.892
18,y1,0.952,0.962,0.919,0.948,0.911,0.977,0.973,0.929,0.927,0.93,0.947,0.956,0.967,1.0,0.968,0.875
18,y2,0.958,0.927,0.937,0.927,0.95,0.967,0.972,0.905,0.934,0.927,0.945,0.955,0.921,0.968,1.0,0.911
18,y3,0.939,0.928,0.941,0.932,0.946,0.915,0.895,0.921,0.935,0.962,0.94,0.956,0.892,0.875,0.911,1.0
19,.,1.0,0.94,0.972,0.952,0.951,0.98,0.975,0.966,0.972,0.975,0.975,0.973,0.943,0.949,0.957,0.938
19,A1_1,0.94,1.0,0.93,0.968,0.886,0.941,0.926,0.938,0.94,0.94,0.937,0.96,0.972,0.961,0.926,0.928
19,A1_2,0.972,0.93,1.0,0.913,0.943,0.951,0.951,0.956,0.982,0.958,0.951,0.938,0.934,0.918,0.935,0.94
19,A1_3,0.952,0.968,0.913,1.0,0.894,0.938,0.93,0.914,0.907,0.954,0.936,0.989,0.951,0.947,0.926,0.932
19,B1_1,0.951,0.886,0.943,0.894,1.0,0.957,0.953,0.934,0.924,0.966,0.968,0.939,0.897,0.911,0.95,0.945
19,B1_2,0.98,0.941,0.951,0.938,0.957,1.0,0.993,0.964,0.953,0.965,0.976,0.966,0.957,0.977,0.967,0.914
19,B1_3,0.975,0.926,0.951,0.93,0.953,0.993,1.0,0.955,0.942,0.95,0.964,0.954,0.957,0.973,0.971,0.894
19,A2_1,0.966,0.938,0.956,0.914,0.934,0.964,0.955,1.0,0.966,0.969,0.971,0.934,0.961,0.927,0.904,0.921
19,A2_2,0.972,0.94,0.982,0.907,0.924,0.953,0.942,0.966,1.0,0.952,0.962,0.934,0.931,0.925,0.932,0.934
19,A2_3,0.975,0.94,0.958,0.954,0.966,0.965,0.95,0.969,0.952,1.0,0.988,0.976,0.94,0.929,0.926,0.962
19,B2_1,0.975,0.937,0.951,0.936,0.968,0.976,0.964,0.971,0.962,0.988,1.0,0.965,0.94,0.947,0.945,0.94
19,B2_2,0.973,0.96,0.938,0.989,0.939,0.966,0.954,0.934,0.934,0.976,0.965,1.0,0.947,0.956,0.954,0.955
19,B2_3,0.943,0.972,0.934,0.951,0.897,0.957,0.957,0.961,0.931,0.94,0.94,0.947,1.0,0.968,0.921,0.892
19,y1,0.949,0.961,0.918,0.947,0.911,0.977,0.973,0.927,0.925,0.929,0.947,0.956,0.968,1.0,0.968,0.874
19,y2,0.957,0.926,0.935,0.926,0.95,0.967,0.971,0.904,0.932,0.926,0.945,0.954,0.921,0.968,1.0,0.91
19,y3,0.938,0.928,0.94,0.932,0.945,0.914,0.894,0.921,0.934,0.962,0.94,0.955,0.892,0.874,0.91,1.0
20,.,1.0,0.939,0.972,0.951,0.95,0.977,0.973,0.966,0.972,0.974,0.975,0.972,0.941,0.946,0.955,0.938
20,A1_1,0.939,1.0,0.93,0.968,0.885,0.94,0.926,0.938,0.939,0.939,0.936,0.959,0.972,0.961,0.925,0.927
20,A1_2,0.972,0.93,1.0,0.912,0.942,0.95,0.95,0.956,0.982,0.958,0.951,0.937,0.933,0.916,0.934,0.94
20,A1_3,0.951,0.968,0.912,1.0,0.893,0.938,0.929,0.914,0.906,0.953,0.936,0.989,0.951,0.946,0.925,0.932
20,B1_1,0.95,0.885,0.942,0.893,1.0,0.957,0.953,0.934,0.922,0.966,0.968,0.94,0.898,0.911,0.949,0.944
20,B1_2,0.977,0.94,0.95,0.938,0.957,1.0,0.993,0.963,0.951,0.964,0.976,0.967,0.957,0.977,0.966,0.913
20,B1_3,0.973,0.926,0.95,0.929,0.953,0.993,1.0,0.954,0.94,0.949,0.964,0.954,0.958,0.972,0.971,0.893
20,A2_1,0.966,0.938,0.956,0.914,0.934,0.963,0.954,1.0,0.966,0.969,0.971,0.933,0.96,0.926,0.902,0.921
20,A2_2,0.972,0.939,0.982,0.906,0.922,0.951,0.94,0.966,1.0,0.952,0.961,0.933,0.929,0.923,0.931,0.934
20,A2_3,0.974,0.939,0.958,0.953,0.966,0.964,0.949,0.969,0.952,1.0,0.988,0.976,0.94,0.928,0.924,0.961
20,B2_1,0.975,0.936,0.951,0.936,0.968,0.976,0.964,0.971,0.961,0.988,1.0,0.965,0.941,0.946,0.945,0.94
20,B2_2,0.972,0.959,0.937,0.989,0.94,0.967,0.954,0.933,0.933,0.976,0.965,1.0,0.948,0.956,0.954,0.955
20,B2_3,0.941,0.972,0.933,0.951,0.898,0.957,0.958,0.96,0.929,0.94,0.941,0.948,1.0,0.968,0.921,0.893
20,y1,0.946,0.961,0.916,0.946,0.911,0.977,0.972,0.926,0.923,0.928,0.946,0.956,0.968,1.0,0.968,0.873
20,y2,0.955,0.925,0.934,0.925,0.949,0.966,0.971,0.902,0.931,0.924,0.945,0.954,0.921,0.968,1.0,0.909
20,y3,0.938,0.927,0.94,0.932,0.944,0.913,0.893,0.921,0.934,0.961,0.94,0.955,0.893,0.873,0.909,1.0
21,.,1.0,0.937,0.972,0.949,0.949,0.975,0.971,0.966,0.972,0.974,0.974,0.97,0.938,0.943,0.952,0.938
21,A1_1,0.937,1.0,0.929,0.968,0.885,0.939,0.925,0.937,0.938,0.938,0.936,0.958,0.971,0.961,0.924,0.926
21,A1_2,0.972,0.929,1.0,0.911,0.94,0.948,0.948,0.956,0.982,0.958,0.95,0.936,0.932,0.913,0.932,0.939
21,A1_3,0.949,0.968,0.911,1.0,0.893,0.937,0.929,0.913,0.905,0.953,0.937,0.988,0.951,0.945,0.924,0.932
21,B1_1,0.949,0.885,0.94,0.893,1.0,0.958,0.953,0.933,0.92,0.965,0.969,0.94,0.899,0.911,0.949,0.944
21,B1_2,0.975,0.939,0.948,0.937,0.958,1.0,0.993,0.962,0.949,0.963,0.976,0.967,0.958,0.976,0.966,0.912
21,B1_3,0.971,0.925,0.948,0.929,0.953,0.993,1.0,0.953,0.937,0.949,0.964,0.955,0.958,0.972,0.971,0.892
21,A2_1,0.966,0.937,0.956,0.913,0.933,0.962,0.953,1.0,0.966,0.969,0.97,0.932,0.959,0.924,0.901,0.921
21,A2_2,0.972,0.938,0.982,0.905,0.92,0.949,0.937,0.966,1.0,0.952,0.96,0.931,0.927,0.92,0.929,0.933
21,A2_3,0.974,0.938,0.958,0.953,0.965,0.963,0.949,0.969,0.952,1.0,0.988,0.975,0.939,0.926,0.923,0.961
21,B2_1,0.974,0.936,0.95,0.937,0.969,0.976,0.964,0.97,0.96,0.988,1.0,0.965,0.941,0.946,0.944,0.94
21,B2_2,0.97,0.958,0.936,0.988,0.94,0.967,0.955,0.932,0.931,0.975,0.965,1.0,0.948,0.956,0.954,0.954
21,B2_3,0.938,0.971,0.932,0.951,0.899,0.958,0.958,0.959,0.927,0.939,0.941,0.948,1.0,0.967,0.921,0.892
21,y1,0.943,0.961,0.913,0.945,0.911,0.976,0.972,0.924,0.92,0.926,0.946,0.956,0.967,1.0,0.967,0.872
21,y2,0.952,0.924,0.932,0.924,0.949,0.966,0.971,0.901,0.929,0.923,0.944,0.954,0.921,0.967,1.0,0.908
21,y3,0.938,0.926,0.939,0.932,0.944,0.912,0.892,0.921,0.933,0.961,0.94,0.954,0.892,0.872,0.908,1.0
22,.,1.0,0.934,0.972,0.948,0.947,0.972,0.967,0.965,0.972,0.973,0.973,0.968,0.935,0.939,0.95,0.937
22,A1_1,0.934,1.0,0.928,0.967,0.884,0.938,0.924,0.937,0.937,0.938,0.935,0.957,0.971,0.96,0.922,0.925
22,A1_2,0.972,0.928,1.0,0.91,0.939,0.946,0.946,0.956,0.982,0.957,0.949,0.935,0.93,0.911,0.93,0.938
22,A1_3,0.948,0.967,0.91,1.0,0.892,0.936,0.928,0.912,0.904,0.952,0.936,0.987,0.951,0.944,0.922,0.931
22,B1_1,0.947,0.884,0.939,0.892,1.0,0.958,0.954,0.932,0.918,0.965,0.969,0.941,0.9,0.911,0.948,0.943
22,B1_2,0.972,0.938,0.946,0.936,0.958,1.0,0.993,0.96,0.946,0.962,0.976,0.967,0.958,0.976,0.965,0.911
22,B1_3,0.967,0.924,0.946,0.928,0.954,0.993,1.0,0.951,0.935,0.948,0.964,0.955,0.958,0.972,0.97,0.891
22,A2_1,0.965,0.937,0.956,0.912,0.932,0.96,0.951,1.0,0.965,0.969,0.97,0.931,0.958,0.921,0.899,0.92
22,A2_2,0.972,0.937,0.982,0.904,0.918,0.946,0.935,0.965,1.0,0.951,0.958,0.929,0.925,0.917,0.927,0.932
22,A2_3,0.973,0.938,0.957,0.952,0.965,0.962,0.948,0.969,0.951,1.0,0.988,0.975,0.939,0.924,0.921,0.961
22,B2_1,0.973,0.935,0.949,0.936,0.969,0.976,0.964,0.97,0.958,0.988,1.0,0.966,0.942,0.945,0.943,0.94
22,B2_2,0.968,0.957,0.935,0.987,0.941,0.967,0.955,0.931,0.929,0.975,0.966,1.0,0.948,0.956,0.953,0.954
22,B2_3,0.935,0.971,0.93,0.951,0.9,0.958,0.958,0.958,0.925,0.939,0.942,0.948,1.0,0.967,0.921,0.892
22,y1,0.939,0.96,0.911,0.944,0.911,0.976,0.972,0.921,0.917,0.924,0.945,0.956,0.967,1.0,0.967,0.87
22,y2,0.95,0.922,0.93,0.922,0.948,0.965,0.97,0.899,0.927,0.921,0.943,0.953,0.921,0.967,1.0,0.906
22,y3,0.937,0.925,0.938,0.931,0.943,0.911,0.891,0.92,0.932,0.961,0.94,0.954,0.892,0.87,0.906,1.0
23,.,1.0,0.932,0.972,0.946,0.945,0.968,0.964,0.964,0.973,0.972,0.971,0.966,0.931,0.934,0.947,0.936
23,A1_1,0.932,1.0,0.926,0.967,0.883,0.937,0.923,0.936,0.935,0.937,0.935,0.956,0.97,0.959,0.921,0.924
23,A1_2,0.972,0.926,1.0,0.909,0.937,0.943,0.943,0.956,0.982,0.957,0.948,0.933,0.928,0.908,0.928,0.937
23,A1_3,0.946,0.967,0.909,1.0,0.891,0.935,0.927,0.912,0.903,0.952,0.936,0.987,0.951,0.943,0.92,0.93
23,B1_1,0.945,0.883,0.937,0.891,1.0,0.959,0.954,0.931,0.916,0.964,0.969,0.942,0.901,0.91,0.947,0.942
23,B1_2,0.968,0.937,0.943,0.935,0.959,1.0,0.993,0.958,0.943,0.961,0.976,0.968,0.958,0.976,0.964,0.91
23,B1_3,0.964,0.923,0.943,0.927,0.954,0.993,1.0,0.949,0.932,0.947,0.964,0.955,0.959,0.972,0.969,0.889
23,A2_1,0.964,0.936,0.956,0.912,0.931,0.958,0.949,1.0,0.965,0.968,0.969,0.93,0.956,0.919,0.897,0.919
23,A2_2,0.973,0.935,0.982,0.903,0.916,0.943,0.932,0.965,1.0,0.95,0.957,0.927,0.923,0.914,0.924,0.931
23,A2_3,0.972,0.937,0.957,0.952,0.964,0.961,0.947,0.968,0.95,1.0,0.988,0.974,0.939,0.922,0.918,0.96
23,B2_1,0.971,0.935,0.948,0.936,0.969,0.976,0.964,0.969,0.957,0.988,1.0,0.966,0.942,0.945,0.942,0.939
23,B2_2,0.966,0.956,0.933,0.987,0.942,0.968,0.955,0.93,0.927,0.974,0.966,1.0,0.949,0.956,0.952,0.953
23,B2_3,0.931,0.97,0.928,0.951,0.901,0.958,0.959,0.956,0.923,0.939,0.942,0.949,1.0,0.967,0.92,0.891
23,y1,0.934,0.959,0.908,0.943,0.91,0.976,0.972,0.919,0.914,0.922,0.945,0.956,0.967,1.0,0.966,0.868
23,y2,0.947,0.921,0.928,0.92,0.947,0.964,0.969,0.897,0.924,0.918,0.942,0.952,0.92,0.966,1.0,0.904
23,y3,0.936,0.924,0.937,0.93,0.942,0.91,0.889,0.919,0.931,0.96,0.939,0.953,0.891,0.868,0.904,1.0
24,.,1.0,0.929,0.971,0.943,0.942,0.964,0.959,0.963,0.973,0.971,0.969,0.963,0.927,0.929,0.943,0.935
24,A1_1,0.929,1.0,0.925,0.967,0.881,0.935,0.922,0.935,0.934,0.936,0.934,0.955,0.969,0.958,0.919,0.922
24,A1_2,0.971,0.925,1.0,0.908,0.934,0.94,0.94,0.956,0.982,0.956,0.947,0.931,0.926,0.904,0.925,0.936
24,A1_3,0.943,0.967,0.908,1.0,0.889,0.934,0.925,0.911,0.902,0.951,0.936,0.986,0.95,0.941,0.918,0.93
24,B1_1,0.942,0.881,0.934,0.889,1.0,0.959,0.954,0.929,0.913,0.963,0.969,0.942,0.902,0.91,0.946,0.94
24,B1_2,0.964,0.935,0.94,0.934,0.959,1.0,0.993,0.956,0.939,0.96,0.976,0.968,0.958,0.975,0.963,0.908
24,B1_3,0.959,0.922,0.94,0.925,0.954,0.993,1.0,0.947,0.928,0.945,0.964,0.956,0.959,0.971,0.969,0.888
24,A2_1,0.963,0.935,0.956,0.911,0.929,0.956,0.947,1.0,0.965,0.968,0.968,0.929,0.955,0.916,0.895,0.919
24,A2_2,0.973,0.934,0.982,0.902,0.913,0.939,0.928,0.965,1.0,0.949,0.955,0.924,0.92,0.91,0.921,0.93
24,A2_3,0.971,0.936,0.956,0.951,0.963,0.96,0.945,0.968,0.949,1.0,0.988,0.973,0.938,0.92,0.916,0.96
24,B2_1,0.969,0.934,0.947,0.936,0.969,0.976,0.964,0.968,0.955,0.988,1.0,0.966,0.943,0.944,0.941,0.938
24,B2_2,0.963,0.955,0.931,0.986,0.942,0.968,0.956,0.929,0.924,0.973,0.966,1.0,0.949,0.955,0.951,0.952
24,B2_3,0.927,0.969,0.926,0.95,0.902,0.958,0.959,0.955,0.92,0.938,0.943,0.949,1.0,0.967,0.92,0.89
24,y1,0.929,0.958,0.904,0.941,0.91,0.975,0.971,0.916,0.91,0.92,0.944,0.955,0.967,1.0,0.966,0.866
24,y2,0.943,0.919,0.925,0.918,0.946,0.963,0.969,0.895,0.921,0.916,0.941,0.951,0.92,0.966,1.0,0.902
24,y3,0.935,0.922,0.936,0.93,0.94,0.908,0.888,0.919,0.93,0.96,0.938,0.952,0.89,0.866,0.902,1.0
25,.,1.0,0.925,0.971,0.941,0.938,0.959,0.954,0.962,0.972,0.97,0.967,0.959,0.922,0.923,0.938,0.934
25,A1_1,0.925,1.0,0.923,0.966,0.879,0.934,0.92,0.933,0.932,0.934,0.933,0.953,0.968,0.957,0.917,0.921
25,A1_2,0.971,0.923,1.0,0.907,0.932,0.937,0.937,0.955,0.982,0.956,0.945,0.928,0.923,0.9,0.922,0.935
25,A1_3,0.941,0.966,0.907,1.0,0.888,0.932,0.924,0.909,0.9,0.95,0.935,0.985,0.949,0.94,0.915,0.929
25,B1_1,0.938,0.879,0.932,0.888,1.0,0.959,0.954,0.927,0.909,0.962,0.97,0.943,0.903,0.909,0.944,0.938
25,B1_2,0.959,0.934,0.937,0.932,0.959,1.0,0.993,0.953,0.935,0.958,0.976,0.968,0.959,0.975,0.962,0.906
25,B1_3,0.954,0.92,0.937,0.924,0.954,0.993,1.0,0.945,0.924,0.943,0.964,0.956,0.959,0.971,0.968,0.885
25,A2_1,0.962,0.933,0.955,0.909,0.927,0.953,0.945,1.0,0.964,0.968,0.967,0.927,0.953,0.912,0.892,0.918
25,A2_2,0.972,0.932,0.982,0.9,0.909,0.935,0.924,0.964,1.0,0.948,0.952,0.921,0.917,0.905,0.919,0.929
25,A2_3,0.97,0.934,0.956,0.95,0.962,0.958,0.943,0.968,0.948,1.0,0.988,0.972,0.937,0.917,0.913,0.959
25,B2_1,0.967,0.933,0.945,0.935,0.97,0.976,0.964,0.967,0.952,0.988,1.0,0.967,0.943,0.943,0.94,0.937
25,B2_2,0.959,0.953,0.928,0.985,0.943,0.968,0.956,0.927,0.921,0.972,0.967,1.0,0.949,0.955,0.95,0.951
25,B2_3,0.922,0.968,0.923,0.949,0.903,0.959,0.959,0.953,0.917,0.937,0.943,0.949,1.0,0.966,0.919,0.889
25,y1,0.923,0.957,0.9,0.94,0.909,0.975,0.971,0.912,0.905,0.917,0.943,0.955,0.966,1.0,0.965,0.863
25,y2,0.938,0.917,0.922,0.915,0.944,0.962,0.968,0.892,0.919,0.913,0.94,0.95,0.919,0.965,1.0,0.9
25,y3,0.934,0.921,0.935,0.929,0.938,0.906,0.885,0.918,0.929,0.959,0.937,0.951,0.889,0.863,0.9,1.0
