,,.,A1_1,A1_2,A1_3,B1_1,B1_2,B1_3,A2_1,A2_2,A2_3,B2_1,B2_2,B2_3,y1,y2,y3
0,.,1.0,0.469,0.483,0.314,0.546,0.456,0.538,0.471,0.695,0.656,0.771,0.711,0.692,0.888,0.837,0.876
0,A1_1,0.469,1.0,0.896,0.841,0.693,0.919,0.867,0.767,0.569,0.269,0.511,0.785,0.544,0.362,0.513,0.541
0,A1_2,0.483,0.896,1.0,0.88,0.662,0.94,0.872,0.815,0.579,0.331,0.532,0.789,0.439,0.468,0.575,0.539
0,A1_3,0.314,0.841,0.88,1.0,0.729,0.913,0.84,0.83,0.481,0.153,0.325,0.636,0.398,0.273,0.483,0.438
0,B1_1,0.546,0.693,0.662,0.729,1.0,0.778,0.861,0.551,0.381,0.058,0.336,0.523,0.397,0.538,0.724,0.731
0,B1_2,0.456,0.919,0.94,0.913,0.778,1.0,0.947,0.759,0.463,0.161,0.432,0.701,0.421,0.387,0.578,0.533
0,B1_3,0.538,0.867,0.872,0.84,0.861,0.947,1.0,0.739,0.481,0.163,0.461,0.687,0.454,0.454,0.646,0.638
0,A2_1,0.471,0.767,0.815,0.83,0.551,0.759,0.739,1.0,0.718,0.455,0.565,0.751,0.506,0.417,0.505,0.538
0,A2_2,0.695,0.569,0.579,0.481,0.381,0.463,0.481,0.718,1.0,0.871,0.929,0.9,0.88,0.536,0.565,0.759
0,A2_3,0.656,0.269,0.331,0.153,0.058,0.161,0.163,0.455,0.871,1.0,0.889,0.741,0.783,0.592,0.436,0.623
0,B2_1,0.771,0.511,0.532,0.325,0.336,0.432,0.461,0.565,0.929,0.889,1.0,0.872,0.873,0.6,0.594,0.801
0,B2_2,0.711,0.785,0.789,0.636,0.523,0.701,0.687,0.751,0.9,0.741,0.872,1.0,0.858,0.583,0.678,0.786
0,B2_3,0.692,0.544,0.439,0.398,0.397,0.421,0.454,0.506,0.88,0.783,0.873,0.858,1.0,0.447,0.533,0.773
0,y1,0.888,0.362,0.468,0.273,0.538,0.387,0.454,0.417,0.536,0.592,0.6,0.583,0.447,1.0,0.833,0.8
0,y2,0.837,0.513,0.575,0.483,0.724,0.578,0.646,0.505,0.565,0.436,0.594,0.678,0.533,0.833,1.0,0.851
0,y3,0.876,0.541,0.539,0.438,0.731,0.533,0.638,0.538,0.759,0.623,0.801,0.786,0.773,0.8,0.851,1.0
500,.,1.0,0.15,0.137,0.149,0.132,0.119,0.098,0.15,0.147,0.131,0.063,0.08,0.122,0.451,0.42,0.487
500,A1_1,0.15,1.0,0.993,0.992,0.446,0.509,0.497,0.993,0.991,0.988,0.512,0.51,0.454,0.145,0.117,0.207
500,A1_2,0.137,0.993,1.0,0.998,0.441,0.501,0.491,0.998,0.997,0.994,0.507,0.502,0.449,0.175,0.151,0.238
500,A1_3,0.149,0.992,0.998,1.0,0.433,0.492,0.481,0.999,0.998,0.996,0.499,0.492,0.439,0.145,0.117,0.206
500,B1_1,0.132,0.446,0.441,0.433,1.0,0.99,0.987,0.431,0.411,0.413,0.989,0.984,0.997,0.084,0.05,0.146
500,B1_2,0.119,0.509,0.501,0.492,0.99,1.0,0.999,0.49,0.47,0.474,0.989,0.997,0.992,0.096,0.068,0.155
500,B1_3,0.098,0.497,0.491,0.481,0.987,0.999,1.0,0.48,0.46,0.464,0.987,0.998,0.99,0.092,0.069,0.151
500,A2_1,0.15,0.993,0.998,0.999,0.431,0.49,0.48,1.0,0.999,0.997,0.498,0.491,0.438,0.146,0.12,0.209
500,A2_2,0.147,0.991,0.997,0.998,0.411,0.47,0.46,0.999,1.0,0.998,0.477,0.472,0.417,0.144,0.115,0.207
500,A2_3,0.131,0.988,0.994,0.996,0.413,0.474,0.464,0.997,0.998,1.0,0.48,0.475,0.42,0.136,0.106,0.2
500,B2_1,0.063,0.512,0.507,0.499,0.989,0.989,0.987,0.498,0.477,0.48,1.0,0.988,0.992,0.04,0.011,0.098
500,B2_2,0.08,0.51,0.502,0.492,0.984,0.997,0.998,0.491,0.472,0.475,0.988,1.0,0.989,0.085,0.054,0.145
500,B2_3,0.122,0.454,0.449,0.439,0.997,0.992,0.99,0.438,0.417,0.42,0.992,0.989,1.0,0.088,0.056,0.152
500,y1,0.451,0.145,0.175,0.145,0.084,0.096,0.092,0.146,0.144,0.136,0.04,0.085,0.088,1.0,0.981,0.982
500,y2,0.42,0.117,0.151,0.117,0.05,0.068,0.069,0.12,0.115,0.106,0.011,0.054,0.056,0.981,1.0,0.954
500,y3,0.487,0.207,0.238,0.206,0.146,0.155,0.151,0.209,0.207,0.2,0.098,0.145,0.152,0.982,0.954,1.0
1000,.,1.0,0.141,0.137,0.146,0.062,0.024,-0.002,0.144,0.144,0.132,-0.077,-0.037,0.042,0.407,0.376,0.47
1000,A1_1,0.141,1.0,0.994,0.994,0.39,0.439,0.457,0.994,0.993,0.991,0.449,0.471,0.41,0.092,0.08,0.176
1000,A1_2,0.137,0.994,1.0,0.999,0.383,0.431,0.451,0.999,0.999,0.998,0.441,0.462,0.402,0.126,0.113,0.211
1000,A1_3,0.146,0.994,0.999,1.0,0.38,0.428,0.448,1.0,0.999,0.998,0.439,0.459,0.399,0.102,0.089,0.187
1000,B1_1,0.062,0.39,0.383,0.38,1.0,0.989,0.985,0.38,0.365,0.37,0.961,0.969,0.993,-0.023,-0.039,0.063
1000,B1_2,0.024,0.439,0.431,0.428,0.989,1.0,0.997,0.429,0.413,0.417,0.983,0.99,0.994,-0.009,-0.021,0.067
1000,B1_3,-0.002,0.457,0.451,0.448,0.985,0.997,1.0,0.449,0.432,0.438,0.985,0.993,0.992,-0.03,-0.039,0.048
1000,A2_1,0.144,0.994,0.999,1.0,0.38,0.429,0.449,1.0,0.999,0.999,0.44,0.46,0.4,0.102,0.089,0.187
1000,A2_2,0.144,0.993,0.999,0.999,0.365,0.413,0.432,0.999,1.0,0.999,0.423,0.444,0.384,0.101,0.087,0.186
1000,A2_3,0.132,0.991,0.998,0.998,0.37,0.417,0.438,0.999,0.999,1.0,0.428,0.449,0.388,0.093,0.078,0.178
1000,B2_1,-0.077,0.449,0.441,0.439,0.961,0.983,0.985,0.44,0.423,0.428,1.0,0.988,0.98,-0.059,-0.066,0.001
1000,B2_2,-0.037,0.471,0.462,0.459,0.969,0.99,0.993,0.46,0.444,0.449,0.988,1.0,0.985,-0.059,-0.071,0.021
1000,B2_3,0.042,0.41,0.402,0.399,0.993,0.994,0.992,0.4,0.384,0.388,0.98,0.985,1.0,-0.021,-0.034,0.063
1000,y1,0.407,0.092,0.126,0.102,-0.023,-0.009,-0.03,0.102,0.101,0.093,-0.059,-0.059,-0.021,1.0,0.995,0.977
1000,y2,0.376,0.08,0.113,0.089,-0.039,-0.021,-0.039,0.089,0.087,0.078,-0.066,-0.071,-0.034,0.995,1.0,0.96
1000,y3,0.47,0.176,0.211,0.187,0.063,0.067,0.048,0.187,0.186,0.178,0.001,0.021,0.063,0.977,0.96,1.0
1500,.,1.0,0.141,0.142,0.149,0.062,0.024,0.005,0.147,0.148,0.138,-0.076,-0.039,0.042,0.408,0.382,0.454
1500,A1_1,0.141,1.0,0.994,0.994,0.381,0.407,0.434,0.994,0.993,0.992,0.414,0.438,0.394,0.101,0.088,0.156
1500,A1_2,0.142,0.994,1.0,0.999,0.373,0.399,0.427,0.999,0.999,0.998,0.405,0.429,0.384,0.135,0.12,0.191
1500,A1_3,0.149,0.994,0.999,1.0,0.372,0.397,0.425,1.0,1.0,0.999,0.403,0.428,0.383,0.115,0.099,0.17
1500,B1_1,0.062,0.381,0.373,0.372,1.0,0.987,0.989,0.372,0.359,0.362,0.957,0.97,0.994,-0.015,-0.035,0.039
1500,B1_2,0.024,0.407,0.399,0.397,0.987,1.0,0.995,0.397,0.383,0.387,0.983,0.991,0.992,0.006,-0.011,0.05
1500,B1_3,0.005,0.434,0.427,0.425,0.989,0.995,1.0,0.425,0.411,0.415,0.981,0.992,0.995,-0.02,-0.037,0.028
1500,A2_1,0.147,0.994,0.999,1.0,0.372,0.397,0.425,1.0,1.0,0.999,0.405,0.428,0.383,0.114,0.098,0.169
1500,A2_2,0.148,0.993,0.999,1.0,0.359,0.383,0.411,1.0,1.0,1.0,0.389,0.414,0.369,0.115,0.099,0.171
1500,A2_3,0.138,0.992,0.998,0.999,0.362,0.387,0.415,0.999,1.0,1.0,0.393,0.418,0.372,0.109,0.092,0.164
1500,B2_1,-0.076,0.414,0.405,0.403,0.957,0.983,0.981,0.405,0.389,0.393,1.0,0.986,0.977,-0.035,-0.05,-0.008
1500,B2_2,-0.039,0.438,0.429,0.428,0.97,0.991,0.992,0.428,0.414,0.418,0.986,1.0,0.984,-0.042,-0.06,0.003
1500,B2_3,0.042,0.394,0.384,0.383,0.994,0.992,0.995,0.383,0.369,0.372,0.977,0.984,1.0,-0.004,-0.022,0.044
1500,y1,0.408,0.101,0.135,0.115,-0.015,0.006,-0.02,0.114,0.115,0.109,-0.035,-0.042,-0.004,1.0,0.996,0.982
1500,y2,0.382,0.088,0.12,0.099,-0.035,-0.011,-0.037,0.098,0.099,0.092,-0.05,-0.06,-0.022,0.996,1.0,0.974
1500,y3,0.454,0.156,0.191,0.17,0.039,0.05,0.028,0.169,0.171,0.164,-0.008,0.003,0.044,0.982,0.974,1.0
2000,.,1.0,0.142,0.145,0.151,0.065,0.024,0.015,0.148,0.149,0.14,-0.072,-0.034,0.04,0.407,0.384,0.438
2000,A1_1,0.142,1.0,0.994,0.994,0.374,0.373,0.407,0.994,0.994,0.992,0.372,0.399,0.374,0.108,0.095,0.143
2000,A1_2,0.145,0.994,1.0,0.999,0.368,0.369,0.402,0.999,0.999,0.999,0.365,0.394,0.366,0.144,0.128,0.179
2000,A1_3,0.151,0.994,0.999,1.0,0.367,0.366,0.401,1.0,1.0,0.999,0.364,0.392,0.365,0.125,0.108,0.159
2000,B1_1,0.065,0.374,0.368,0.367,1.0,0.978,0.991,0.367,0.354,0.356,0.945,0.964,0.994,-0.003,-0.026,0.025
2000,B1_2,0.024,0.373,0.369,0.366,0.978,1.0,0.992,0.366,0.353,0.356,0.983,0.992,0.989,0.027,0.007,0.045
2000,B1_3,0.015,0.407,0.402,0.401,0.991,0.992,1.0,0.401,0.388,0.391,0.972,0.987,0.997,0.001,-0.019,0.024
2000,A2_1,0.148,0.994,0.999,1.0,0.367,0.366,0.401,1.0,1.0,0.999,0.365,0.393,0.365,0.123,0.106,0.157
2000,A2_2,0.149,0.994,0.999,1.0,0.354,0.353,0.388,1.0,1.0,1.0,0.35,0.379,0.351,0.125,0.108,0.159
2000,A2_3,0.14,0.992,0.999,0.999,0.356,0.356,0.391,0.999,1.0,1.0,0.354,0.383,0.354,0.12,0.102,0.153
2000,B2_1,-0.072,0.372,0.365,0.364,0.945,0.983,0.972,0.365,0.35,0.354,1.0,0.982,0.971,-0.007,-0.026,-0.005
2000,B2_2,-0.034,0.399,0.394,0.392,0.964,0.992,0.987,0.393,0.379,0.383,0.982,1.0,0.98,-0.015,-0.035,0.005
2000,B2_3,0.04,0.374,0.366,0.365,0.994,0.989,0.997,0.365,0.351,0.354,0.971,0.98,1.0,0.014,-0.007,0.036
2000,y1,0.407,0.108,0.144,0.125,-0.003,0.027,0.001,0.123,0.125,0.12,-0.007,-0.015,0.014,1.0,0.996,0.982
2000,y2,0.384,0.095,0.128,0.108,-0.026,0.007,-0.019,0.106,0.108,0.102,-0.026,-0.035,-0.007,0.996,1.0,0.982
2000,y3,0.438,0.143,0.179,0.159,0.025,0.045,0.024,0.157,0.159,0.153,-0.005,0.005,0.036,0.982,0.982,1.0
2500,.,1.0,0.137,0.139,0.145,0.064,0.018,0.013,0.143,0.142,0.132,-0.077,-0.036,0.031,0.403,0.386,0.424
2500,A1_1,0.137,1.0,0.994,0.994,0.364,0.344,0.378,0.994,0.994,0.992,0.335,0.364,0.35,0.113,0.105,0.137
2500,A1_2,0.139,0.994,1.0,0.999,0.359,0.342,0.375,0.999,0.999,0.999,0.331,0.363,0.345,0.151,0.139,0.173
2500,A1_3,0.145,0.994,0.999,1.0,0.358,0.339,0.373,1.0,1.0,0.999,0.328,0.359,0.343,0.132,0.119,0.153
2500,B1_1,0.064,0.364,0.359,0.358,1.0,0.975,0.991,0.358,0.345,0.346,0.936,0.959,0.992,0.011,-0.01,0.024
2500,B1_2,0.018,0.344,0.342,0.339,0.975,1.0,0.993,0.34,0.326,0.33,0.983,0.992,0.992,0.041,0.022,0.044
2500,B1_3,0.013,0.378,0.375,0.373,0.991,0.993,1.0,0.374,0.36,0.363,0.969,0.986,0.998,0.019,-0.0,0.027
2500,A2_1,0.143,0.994,0.999,1.0,0.358,0.34,0.374,1.0,1.0,0.999,0.33,0.36,0.344,0.131,0.117,0.152
2500,A2_2,0.142,0.994,0.999,1.0,0.345,0.326,0.36,1.0,1.0,1.0,0.315,0.347,0.329,0.133,0.12,0.154
2500,A2_3,0.132,0.992,0.999,0.999,0.346,0.33,0.363,0.999,1.0,1.0,0.319,0.351,0.332,0.126,0.112,0.146
2500,B2_1,-0.077,0.335,0.331,0.328,0.936,0.983,0.969,0.33,0.315,0.319,1.0,0.979,0.97,0.01,-0.008,-0.001
2500,B2_2,-0.036,0.364,0.363,0.359,0.959,0.992,0.986,0.36,0.347,0.351,0.979,1.0,0.98,0.004,-0.014,0.01
2500,B2_3,0.031,0.35,0.345,0.343,0.992,0.992,0.998,0.344,0.329,0.332,0.97,0.98,1.0,0.031,0.011,0.036
2500,y1,0.403,0.113,0.151,0.132,0.011,0.041,0.019,0.131,0.133,0.126,0.01,0.004,0.031,1.0,0.996,0.984
2500,y2,0.386,0.105,0.139,0.119,-0.01,0.022,-0.0,0.117,0.12,0.112,-0.008,-0.014,0.011,0.996,1.0,0.989
2500,y3,0.424,0.137,0.173,0.153,0.024,0.044,0.027,0.152,0.154,0.146,-0.001,0.01,0.036,0.984,0.989,1.0
3000,.,1.0,0.125,0.125,0.133,0.05,0.005,-0.005,0.13,0.129,0.117,-0.096,-0.05,0.01,0.397,0.383,0.407
3000,A1_1,0.125,1.0,0.994,0.995,0.345,0.325,0.349,0.994,0.994,0.992,0.312,0.342,0.322,0.116,0.11,0.127
3000,A1_2,0.125,0.994,1.0,0.999,0.344,0.327,0.351,0.999,0.999,0.999,0.311,0.345,0.321,0.156,0.144,0.163
3000,A1_3,0.133,0.995,0.999,1.0,0.342,0.321,0.346,1.0,1.0,0.999,0.305,0.338,0.317,0.136,0.124,0.143
3000,B1_1,0.05,0.345,0.344,0.342,1.0,0.981,0.99,0.343,0.329,0.332,0.935,0.962,0.99,0.021,-0.0,0.016
3000,B1_2,0.005,0.325,0.327,0.321,0.981,1.0,0.997,0.323,0.309,0.314,0.98,0.99,0.997,0.047,0.025,0.032
3000,B1_3,-0.005,0.349,0.351,0.346,0.99,0.997,1.0,0.348,0.334,0.339,0.97,0.989,0.998,0.03,0.009,0.02
3000,A2_1,0.13,0.994,0.999,1.0,0.343,0.323,0.348,1.0,1.0,0.999,0.308,0.341,0.318,0.134,0.121,0.141
3000,A2_2,0.129,0.994,0.999,1.0,0.329,0.309,0.334,1.0,1.0,1.0,0.293,0.327,0.304,0.137,0.125,0.144
3000,A2_3,0.117,0.992,0.999,0.999,0.332,0.314,0.339,0.999,1.0,1.0,0.3,0.334,0.308,0.129,0.115,0.134
3000,B2_1,-0.096,0.312,0.311,0.305,0.935,0.98,0.97,0.308,0.293,0.3,1.0,0.976,0.974,0.013,-0.01,-0.014
3000,B2_2,-0.05,0.342,0.345,0.338,0.962,0.99,0.989,0.341,0.327,0.334,0.976,1.0,0.984,0.011,-0.009,-0.001
3000,B2_3,0.01,0.322,0.321,0.317,0.99,0.997,0.998,0.318,0.304,0.308,0.974,0.984,1.0,0.041,0.019,0.028
3000,y1,0.397,0.116,0.156,0.136,0.021,0.047,0.03,0.134,0.137,0.129,0.013,0.011,0.041,1.0,0.994,0.983
3000,y2,0.383,0.11,0.144,0.124,-0.0,0.025,0.009,0.121,0.125,0.115,-0.01,-0.009,0.019,0.994,1.0,0.993
3000,y3,0.407,0.127,0.163,0.143,0.016,0.032,0.02,0.141,0.144,0.134,-0.014,-0.001,0.028,0.983,0.993,1.0
3500,.,1.0,0.115,0.114,0.125,0.047,0.011,-0.008,0.122,0.121,0.109,-0.09,-0.044,0.009,0.382,0.367,0.381
3500,A1_1,0.115,1.0,0.993,0.995,0.317,0.311,0.319,0.994,0.994,0.992,0.294,0.326,0.293,0.115,0.119,0.124
3500,A1_2,0.114,0.993,1.0,0.999,0.32,0.316,0.326,0.999,0.999,0.999,0.299,0.336,0.298,0.158,0.155,0.163
3500,A1_3,0.125,0.995,0.999,1.0,0.314,0.306,0.316,1.0,1.0,0.999,0.287,0.323,0.288,0.137,0.133,0.141
3500,B1_1,0.047,0.317,0.32,0.314,1.0,0.989,0.992,0.317,0.302,0.306,0.948,0.977,0.991,0.03,0.012,0.018
3500,B1_2,0.011,0.311,0.316,0.306,0.989,1.0,0.998,0.31,0.295,0.301,0.981,0.987,0.999,0.052,0.033,0.033
3500,B1_3,-0.008,0.319,0.326,0.316,0.992,0.998,1.0,0.32,0.305,0.311,0.975,0.994,0.998,0.038,0.02,0.023
3500,A2_1,0.122,0.994,0.999,1.0,0.317,0.31,0.32,1.0,1.0,0.999,0.292,0.327,0.292,0.135,0.13,0.139
3500,A2_2,0.121,0.994,0.999,1.0,0.302,0.295,0.305,1.0,1.0,1.0,0.276,0.312,0.276,0.137,0.133,0.141
3500,A2_3,0.109,0.992,0.999,0.999,0.306,0.301,0.311,0.999,1.0,1.0,0.284,0.32,0.282,0.13,0.125,0.133
3500,B2_1,-0.09,0.294,0.299,0.287,0.948,0.981,0.975,0.292,0.276,0.284,1.0,0.973,0.98,0.016,-0.008,-0.013
3500,B2_2,-0.044,0.326,0.336,0.323,0.977,0.987,0.994,0.327,0.312,0.32,0.973,1.0,0.988,0.016,-0.002,0.001
3500,B2_3,0.009,0.293,0.298,0.288,0.991,0.999,0.998,0.292,0.276,0.282,0.98,0.988,1.0,0.05,0.031,0.032
3500,y1,0.382,0.115,0.158,0.137,0.03,0.052,0.038,0.135,0.137,0.13,0.016,0.016,0.05,1.0,0.99,0.981
3500,y2,0.367,0.119,0.155,0.133,0.012,0.033,0.02,0.13,0.133,0.125,-0.008,-0.002,0.031,0.99,1.0,0.996
3500,y3,0.381,0.124,0.163,0.141,0.018,0.033,0.023,0.139,0.141,0.133,-0.013,0.001,0.032,0.981,0.996,1.0
4000,.,1.0,0.109,0.103,0.118,0.031,0.004,-0.022,0.115,0.114,0.101,-0.102,-0.054,-0.003,0.373,0.357,0.365
4000,A1_1,0.109,1.0,0.992,0.995,0.291,0.305,0.301,0.994,0.994,0.992,0.289,0.325,0.274,0.113,0.129,0.129
4000,A1_2,0.103,0.992,1.0,0.997,0.307,0.318,0.32,0.997,0.997,0.998,0.306,0.345,0.29,0.16,0.167,0.168
4000,A1_3,0.118,0.995,0.997,1.0,0.287,0.298,0.296,1.0,1.0,0.999,0.282,0.319,0.268,0.135,0.142,0.144
4000,B1_1,0.031,0.291,0.307,0.287,1.0,0.989,0.993,0.293,0.276,0.284,0.955,0.985,0.992,0.031,0.02,0.018
4000,B1_2,0.004,0.305,0.318,0.298,0.989,1.0,0.995,0.304,0.287,0.294,0.981,0.981,0.997,0.051,0.036,0.032
4000,B1_3,-0.022,0.301,0.32,0.296,0.993,0.995,1.0,0.302,0.286,0.294,0.977,0.995,0.997,0.041,0.03,0.026
4000,A2_1,0.115,0.994,0.997,1.0,0.293,0.304,0.302,1.0,1.0,0.999,0.289,0.326,0.274,0.133,0.139,0.141
4000,A2_2,0.114,0.994,0.997,1.0,0.276,0.287,0.286,1.0,1.0,0.999,0.271,0.31,0.257,0.135,0.141,0.143
4000,A2_3,0.101,0.992,0.998,0.999,0.284,0.294,0.294,0.999,0.999,1.0,0.281,0.32,0.265,0.128,0.133,0.135
4000,B2_1,-0.102,0.289,0.306,0.282,0.955,0.981,0.977,0.289,0.271,0.281,1.0,0.972,0.981,0.005,-0.015,-0.022
4000,B2_2,-0.054,0.325,0.345,0.319,0.985,0.981,0.995,0.326,0.31,0.32,0.972,1.0,0.989,0.013,0.003,-0.0
4000,B2_3,-0.003,0.274,0.29,0.268,0.992,0.997,0.997,0.274,0.257,0.265,0.981,0.989,1.0,0.051,0.037,0.033
4000,y1,0.373,0.113,0.16,0.135,0.031,0.051,0.041,0.133,0.135,0.128,0.005,0.013,0.051,1.0,0.985,0.98
4000,y2,0.357,0.129,0.167,0.142,0.02,0.036,0.03,0.139,0.141,0.133,-0.015,0.003,0.037,0.985,1.0,0.998
4000,y3,0.365,0.129,0.168,0.144,0.018,0.032,0.026,0.141,0.143,0.135,-0.022,-0.0,0.033,0.98,0.998,1.0
4500,.,1.0,0.092,0.085,0.103,0.024,-0.001,-0.034,0.101,0.099,0.087,-0.105,-0.059,-0.005,0.351,0.336,0.343
4500,A1_1,0.092,1.0,0.99,0.995,0.273,0.293,0.288,0.994,0.994,0.992,0.286,0.325,0.264,0.107,0.134,0.134
4500,A1_2,0.085,0.99,1.0,0.995,0.295,0.308,0.313,0.996,0.995,0.997,0.308,0.351,0.286,0.156,0.173,0.174
4500,A1_3,0.103,0.995,0.995,1.0,0.266,0.285,0.281,1.0,1.0,0.999,0.277,0.318,0.256,0.128,0.145,0.148
4500,B1_1,0.024,0.273,0.295,0.266,1.0,0.984,0.992,0.275,0.255,0.264,0.958,0.986,0.992,0.027,0.021,0.02
4500,B1_2,-0.001,0.293,0.308,0.285,0.984,1.0,0.993,0.292,0.273,0.28,0.983,0.974,0.995,0.048,0.036,0.036
4500,B1_3,-0.034,0.288,0.313,0.281,0.992,0.993,1.0,0.29,0.27,0.28,0.982,0.992,0.998,0.037,0.027,0.026
4500,A2_1,0.101,0.994,0.996,1.0,0.275,0.292,0.29,1.0,0.999,0.999,0.287,0.327,0.264,0.127,0.141,0.144
4500,A2_2,0.099,0.994,0.995,1.0,0.255,0.273,0.27,0.999,1.0,0.999,0.266,0.307,0.244,0.128,0.143,0.146
4500,A2_3,0.087,0.992,0.997,0.999,0.264,0.28,0.28,0.999,0.999,1.0,0.276,0.318,0.253,0.122,0.136,0.139
4500,B2_1,-0.105,0.286,0.308,0.277,0.958,0.983,0.982,0.287,0.266,0.276,1.0,0.971,0.983,-0.005,-0.022,-0.024
4500,B2_2,-0.059,0.325,0.351,0.318,0.986,0.974,0.992,0.327,0.307,0.318,0.971,1.0,0.987,0.005,-0.0,-0.001
4500,B2_3,-0.005,0.264,0.286,0.256,0.992,0.995,0.998,0.264,0.244,0.253,0.983,0.987,1.0,0.047,0.037,0.036
4500,y1,0.351,0.107,0.156,0.128,0.027,0.048,0.037,0.127,0.128,0.122,-0.005,0.005,0.047,1.0,0.983,0.983
4500,y2,0.336,0.134,0.173,0.145,0.021,0.036,0.027,0.141,0.143,0.136,-0.022,-0.0,0.037,0.983,1.0,0.999
4500,y3,0.343,0.134,0.174,0.148,0.02,0.036,0.026,0.144,0.146,0.139,-0.024,-0.001,0.036,0.983,0.999,1.0
5000,.,1.0,0.08,0.069,0.09,0.011,-0.014,-0.051,0.089,0.086,0.073,-0.121,-0.077,-0.017,0.336,0.327,0.336
5000,A1_1,0.08,1.0,0.99,0.995,0.264,0.284,0.282,0.994,0.994,0.992,0.291,0.33,0.263,0.104,0.136,0.139
5000,A1_2,0.069,0.99,1.0,0.995,0.289,0.303,0.31,0.996,0.995,0.996,0.316,0.36,0.289,0.152,0.17,0.175
5000,A1_3,0.09,0.995,0.995,1.0,0.258,0.278,0.276,1.0,1.0,0.999,0.283,0.324,0.257,0.125,0.144,0.15
5000,B1_1,0.011,0.264,0.289,0.258,1.0,0.983,0.991,0.268,0.245,0.254,0.96,0.981,0.993,0.01,0.007,0.01
5000,B1_2,-0.014,0.284,0.303,0.278,0.983,1.0,0.993,0.286,0.264,0.271,0.981,0.968,0.994,0.03,0.019,0.023
5000,B1_3,-0.051,0.282,0.31,0.276,0.991,0.993,1.0,0.287,0.264,0.273,0.985,0.988,0.998,0.014,0.005,0.008
5000,A2_1,0.089,0.994,0.996,1.0,0.268,0.286,0.287,1.0,0.999,0.999,0.295,0.335,0.267,0.123,0.139,0.146
5000,A2_2,0.086,0.994,0.995,1.0,0.245,0.264,0.264,0.999,1.0,0.999,0.27,0.312,0.244,0.124,0.142,0.148
5000,A2_3,0.073,0.992,0.996,0.999,0.254,0.271,0.273,0.999,0.999,1.0,0.28,0.323,0.252,0.117,0.134,0.139
5000,B2_1,-0.121,0.291,0.316,0.283,0.96,0.981,0.985,0.295,0.27,0.28,1.0,0.973,0.983,-0.033,-0.049,-0.046
5000,B2_2,-0.077,0.33,0.36,0.324,0.981,0.968,0.988,0.335,0.312,0.323,0.973,1.0,0.985,-0.022,-0.026,-0.022
5000,B2_3,-0.017,0.263,0.289,0.257,0.993,0.994,0.998,0.267,0.244,0.252,0.983,0.985,1.0,0.026,0.017,0.02
5000,y1,0.336,0.104,0.152,0.125,0.01,0.03,0.014,0.123,0.124,0.117,-0.033,-0.022,0.026,1.0,0.983,0.986
5000,y2,0.327,0.136,0.17,0.144,0.007,0.019,0.005,0.139,0.142,0.134,-0.049,-0.026,0.017,0.983,1.0,0.999
5000,y3,0.336,0.139,0.175,0.15,0.01,0.023,0.008,0.146,0.148,0.139,-0.046,-0.022,0.02,0.986,0.999,1.0
5500,.,1.0,0.075,0.062,0.084,0.001,-0.027,-0.07,0.084,0.082,0.07,-0.137,-0.097,-0.03,0.318,0.315,0.326
5500,A1_1,0.075,1.0,0.99,0.995,0.254,0.278,0.279,0.993,0.994,0.993,0.293,0.334,0.265,0.102,0.131,0.136
5500,A1_2,0.062,0.99,1.0,0.995,0.28,0.297,0.307,0.996,0.995,0.996,0.319,0.364,0.292,0.147,0.161,0.168
5500,A1_3,0.084,0.995,0.995,1.0,0.25,0.273,0.275,1.0,1.0,0.999,0.288,0.331,0.261,0.122,0.137,0.145
5500,B1_1,0.001,0.254,0.28,0.25,1.0,0.983,0.989,0.259,0.236,0.243,0.958,0.974,0.993,-0.003,-0.01,-0.003
5500,B1_2,-0.027,0.278,0.297,0.273,0.983,1.0,0.993,0.281,0.258,0.264,0.979,0.961,0.993,0.016,-0.002,0.006
5500,B1_3,-0.07,0.279,0.307,0.275,0.989,0.993,1.0,0.284,0.261,0.269,0.987,0.985,0.998,-0.008,-0.024,-0.016
5500,A2_1,0.084,0.993,0.996,1.0,0.259,0.281,0.284,1.0,0.999,0.999,0.299,0.341,0.27,0.118,0.131,0.139
5500,A2_2,0.082,0.994,0.995,1.0,0.236,0.258,0.261,0.999,1.0,1.0,0.274,0.317,0.247,0.122,0.135,0.143
5500,A2_3,0.07,0.993,0.996,0.999,0.243,0.264,0.269,0.999,1.0,1.0,0.282,0.326,0.254,0.114,0.126,0.134
5500,B2_1,-0.137,0.293,0.319,0.288,0.958,0.979,0.987,0.299,0.274,0.282,1.0,0.974,0.982,-0.056,-0.078,-0.071
5500,B2_2,-0.097,0.334,0.364,0.331,0.974,0.961,0.985,0.341,0.317,0.326,0.974,1.0,0.982,-0.048,-0.058,-0.05
5500,B2_3,-0.03,0.265,0.292,0.261,0.993,0.993,0.998,0.27,0.247,0.254,0.982,0.982,1.0,0.007,-0.008,0.001
5500,y1,0.318,0.102,0.147,0.122,-0.003,0.016,-0.008,0.118,0.122,0.114,-0.056,-0.048,0.007,1.0,0.981,0.987
5500,y2,0.315,0.131,0.161,0.137,-0.01,-0.002,-0.024,0.131,0.135,0.126,-0.078,-0.058,-0.008,0.981,1.0,0.999
5500,y3,0.326,0.136,0.168,0.145,-0.003,0.006,-0.016,0.139,0.143,0.134,-0.071,-0.05,0.001,0.987,0.999,1.0
6000,.,1.0,0.067,0.055,0.075,-0.006,-0.037,-0.079,0.076,0.074,0.063,-0.151,-0.11,-0.042,0.311,0.312,0.323
6000,A1_1,0.067,1.0,0.991,0.995,0.249,0.274,0.274,0.994,0.994,0.993,0.296,0.334,0.268,0.102,0.127,0.13
6000,A1_2,0.055,0.991,1.0,0.997,0.273,0.292,0.3,0.997,0.996,0.997,0.32,0.362,0.293,0.144,0.154,0.161
6000,A1_3,0.075,0.995,0.997,1.0,0.248,0.271,0.274,1.0,1.0,0.999,0.294,0.334,0.267,0.121,0.132,0.139
6000,B1_1,-0.006,0.249,0.273,0.248,1.0,0.984,0.989,0.255,0.233,0.238,0.955,0.969,0.993,-0.015,-0.027,-0.018
6000,B1_2,-0.037,0.274,0.292,0.271,0.984,1.0,0.993,0.278,0.256,0.26,0.976,0.958,0.993,-0.003,-0.023,-0.014
6000,B1_3,-0.079,0.274,0.3,0.274,0.989,0.993,1.0,0.281,0.258,0.264,0.986,0.982,0.999,-0.028,-0.048,-0.039
6000,A2_1,0.076,0.994,0.997,1.0,0.255,0.278,0.281,1.0,0.999,0.999,0.302,0.342,0.275,0.116,0.125,0.133
6000,A2_2,0.074,0.994,0.996,1.0,0.233,0.256,0.258,0.999,1.0,1.0,0.278,0.318,0.252,0.122,0.131,0.138
6000,A2_3,0.063,0.993,0.997,0.999,0.238,0.26,0.264,0.999,1.0,1.0,0.285,0.326,0.257,0.112,0.121,0.128
6000,B2_1,-0.151,0.296,0.32,0.294,0.955,0.976,0.986,0.302,0.278,0.285,1.0,0.976,0.982,-0.081,-0.104,-0.097
6000,B2_2,-0.11,0.334,0.362,0.334,0.969,0.958,0.982,0.342,0.318,0.326,0.976,1.0,0.982,-0.072,-0.087,-0.078
6000,B2_3,-0.042,0.268,0.293,0.267,0.993,0.993,0.999,0.275,0.252,0.257,0.982,0.982,1.0,-0.015,-0.032,-0.024
6000,y1,0.311,0.102,0.144,0.121,-0.015,-0.003,-0.028,0.116,0.122,0.112,-0.081,-0.072,-0.015,1.0,0.983,0.988
6000,y2,0.312,0.127,0.154,0.132,-0.027,-0.023,-0.048,0.125,0.131,0.121,-0.104,-0.087,-0.032,0.983,1.0,0.999
6000,y3,0.323,0.13,0.161,0.139,-0.018,-0.014,-0.039,0.133,0.138,0.128,-0.097,-0.078,-0.024,0.988,0.999,1.0
6500,.,1.0,0.062,0.047,0.069,-0.019,-0.05,-0.097,0.071,0.069,0.057,-0.175,-0.13,-0.058,0.296,0.299,0.313
6500,A1_1,0.062,1.0,0.99,0.995,0.238,0.263,0.266,0.993,0.994,0.993,0.292,0.329,0.265,0.101,0.122,0.127
6500,A1_2,0.047,0.99,1.0,0.996,0.265,0.285,0.295,0.996,0.995,0.996,0.32,0.36,0.293,0.145,0.151,0.16
6500,A1_3,0.069,0.995,0.996,1.0,0.239,0.263,0.268,1.0,1.0,0.999,0.292,0.331,0.266,0.12,0.127,0.136
6500,B1_1,-0.019,0.238,0.265,0.239,1.0,0.983,0.987,0.245,0.221,0.226,0.947,0.963,0.99,-0.014,-0.021,-0.012
6500,B1_2,-0.05,0.263,0.285,0.263,0.983,1.0,0.993,0.269,0.246,0.249,0.972,0.954,0.993,0.005,-0.012,-0.002
6500,B1_3,-0.097,0.266,0.295,0.268,0.987,0.993,1.0,0.274,0.25,0.255,0.984,0.979,0.999,-0.028,-0.045,-0.035
6500,A2_1,0.071,0.993,0.996,1.0,0.245,0.269,0.274,1.0,0.999,0.999,0.3,0.338,0.273,0.114,0.12,0.129
6500,A2_2,0.069,0.994,0.995,1.0,0.221,0.246,0.25,0.999,1.0,1.0,0.274,0.313,0.248,0.119,0.125,0.134
6500,A2_3,0.057,0.993,0.996,0.999,0.226,0.249,0.255,0.999,1.0,1.0,0.28,0.319,0.253,0.109,0.115,0.124
6500,B2_1,-0.175,0.292,0.32,0.292,0.947,0.972,0.984,0.3,0.274,0.28,1.0,0.976,0.98,-0.081,-0.101,-0.092
6500,B2_2,-0.13,0.329,0.36,0.331,0.963,0.954,0.979,0.338,0.313,0.319,0.976,1.0,0.98,-0.08,-0.094,-0.083
6500,B2_3,-0.058,0.265,0.293,0.266,0.99,0.993,0.999,0.273,0.248,0.253,0.98,0.98,1.0,-0.011,-0.027,-0.016
6500,y1,0.296,0.101,0.145,0.12,-0.014,0.005,-0.028,0.114,0.119,0.109,-0.081,-0.08,-0.011,1.0,0.985,0.991
6500,y2,0.299,0.122,0.151,0.127,-0.021,-0.012,-0.045,0.12,0.125,0.115,-0.101,-0.094,-0.027,0.985,1.0,0.999
6500,y3,0.313,0.127,0.16,0.136,-0.012,-0.002,-0.035,0.129,0.134,0.124,-0.092,-0.083,-0.016,0.991,0.999,1.0
7000,.,1.0,0.059,0.045,0.067,-0.02,-0.055,-0.106,0.07,0.068,0.056,-0.187,-0.141,-0.069,0.288,0.286,0.3
7000,A1_1,0.059,1.0,0.99,0.995,0.236,0.265,0.267,0.994,0.994,0.993,0.293,0.329,0.271,0.1,0.118,0.121
7000,A1_2,0.045,0.99,1.0,0.997,0.262,0.287,0.296,0.996,0.996,0.996,0.32,0.359,0.299,0.144,0.146,0.154
7000,A1_3,0.067,0.995,0.997,1.0,0.239,0.267,0.272,1.0,1.0,0.999,0.295,0.333,0.274,0.119,0.123,0.13
7000,B1_1,-0.02,0.236,0.262,0.239,1.0,0.981,0.984,0.242,0.22,0.224,0.938,0.957,0.986,-0.026,-0.039,-0.028
7000,B1_2,-0.055,0.265,0.287,0.267,0.981,1.0,0.993,0.271,0.249,0.251,0.969,0.953,0.992,-0.01,-0.03,-0.019
7000,B1_3,-0.106,0.267,0.296,0.272,0.984,0.993,1.0,0.275,0.252,0.257,0.983,0.98,0.999,-0.046,-0.068,-0.057
7000,A2_1,0.07,0.994,0.996,1.0,0.242,0.271,0.275,1.0,0.999,0.999,0.3,0.337,0.279,0.113,0.115,0.124
7000,A2_2,0.068,0.994,0.996,1.0,0.22,0.249,0.252,0.999,1.0,1.0,0.277,0.314,0.255,0.119,0.122,0.129
7000,A2_3,0.056,0.993,0.996,0.999,0.224,0.251,0.257,0.999,1.0,1.0,0.281,0.319,0.259,0.109,0.112,0.119
7000,B2_1,-0.187,0.293,0.32,0.295,0.938,0.969,0.983,0.3,0.277,0.281,1.0,0.977,0.979,-0.099,-0.122,-0.113
7000,B2_2,-0.141,0.329,0.359,0.333,0.957,0.953,0.98,0.337,0.314,0.319,0.977,1.0,0.981,-0.098,-0.118,-0.107
7000,B2_3,-0.069,0.271,0.299,0.274,0.986,0.992,0.999,0.279,0.255,0.259,0.979,0.981,1.0,-0.029,-0.049,-0.038
7000,y1,0.288,0.1,0.144,0.119,-0.026,-0.01,-0.046,0.113,0.119,0.109,-0.099,-0.098,-0.029,1.0,0.987,0.992
7000,y2,0.286,0.118,0.146,0.123,-0.039,-0.03,-0.068,0.115,0.122,0.112,-0.122,-0.118,-0.049,0.987,1.0,0.999
7000,y3,0.3,0.121,0.154,0.13,-0.028,-0.019,-0.057,0.124,0.129,0.119,-0.113,-0.107,-0.038,0.992,0.999,1.0
7500,.,1.0,0.057,0.037,0.063,-0.031,-0.072,-0.125,0.067,0.065,0.053,-0.212,-0.161,-0.092,0.283,0.281,0.297
7500,A1_1,0.057,1.0,0.989,0.995,0.237,0.269,0.272,0.994,0.994,0.993,0.298,0.332,0.278,0.101,0.117,0.122
7500,A1_2,0.037,0.989,1.0,0.996,0.269,0.297,0.308,0.995,0.994,0.994,0.331,0.369,0.313,0.146,0.148,0.157
7500,A1_3,0.063,0.995,0.996,1.0,0.242,0.273,0.279,1.0,0.999,0.999,0.302,0.337,0.283,0.119,0.123,0.132
7500,B1_1,-0.031,0.237,0.269,0.242,1.0,0.978,0.982,0.242,0.22,0.224,0.927,0.951,0.981,-0.039,-0.056,-0.041
7500,B1_2,-0.072,0.269,0.297,0.273,0.978,1.0,0.992,0.274,0.252,0.254,0.965,0.953,0.992,-0.027,-0.049,-0.035
7500,B1_3,-0.125,0.272,0.308,0.279,0.982,0.992,1.0,0.279,0.257,0.26,0.98,0.981,0.999,-0.066,-0.089,-0.075
7500,A2_1,0.067,0.994,0.995,1.0,0.242,0.274,0.279,1.0,0.999,0.999,0.303,0.339,0.284,0.112,0.115,0.124
7500,A2_2,0.065,0.994,0.994,0.999,0.22,0.252,0.257,0.999,1.0,1.0,0.28,0.316,0.261,0.119,0.122,0.13
7500,A2_3,0.053,0.993,0.994,0.999,0.224,0.254,0.26,0.999,1.0,1.0,0.284,0.32,0.264,0.108,0.111,0.119
7500,B2_1,-0.212,0.298,0.331,0.302,0.927,0.965,0.98,0.303,0.28,0.284,1.0,0.977,0.979,-0.118,-0.14,-0.128
7500,B2_2,-0.161,0.332,0.369,0.337,0.951,0.953,0.981,0.339,0.316,0.32,0.977,1.0,0.982,-0.114,-0.136,-0.121
7500,B2_3,-0.092,0.278,0.313,0.283,0.981,0.992,0.999,0.284,0.261,0.264,0.979,0.982,1.0,-0.048,-0.07,-0.055
7500,y1,0.283,0.101,0.146,0.119,-0.039,-0.027,-0.066,0.112,0.119,0.108,-0.118,-0.114,-0.048,1.0,0.989,0.994
7500,y2,0.281,0.117,0.148,0.123,-0.056,-0.049,-0.089,0.115,0.122,0.111,-0.14,-0.136,-0.07,0.989,1.0,0.999
7500,y3,0.297,0.122,0.157,0.132,-0.041,-0.035,-0.075,0.124,0.13,0.119,-0.128,-0.121,-0.055,0.994,0.999,1.0
8000,.,1.0,0.047,0.016,0.046,-0.059,-0.12,-0.175,0.053,0.051,0.036,-0.267,-0.213,-0.148,0.27,0.262,0.278
8000,A1_1,0.047,1.0,0.988,0.995,0.237,0.281,0.281,0.994,0.994,0.993,0.3,0.335,0.292,0.105,0.126,0.128
8000,A1_2,0.016,0.988,1.0,0.995,0.278,0.317,0.325,0.993,0.992,0.992,0.341,0.379,0.334,0.153,0.16,0.166
8000,A1_3,0.046,0.995,0.995,1.0,0.243,0.285,0.288,1.0,0.999,0.999,0.305,0.341,0.297,0.122,0.131,0.137
8000,B1_1,-0.059,0.237,0.278,0.243,1.0,0.972,0.975,0.242,0.22,0.223,0.909,0.938,0.967,-0.055,-0.075,-0.064
8000,B1_2,-0.12,0.281,0.317,0.285,0.972,1.0,0.991,0.285,0.263,0.265,0.964,0.954,0.991,-0.048,-0.068,-0.058
8000,B1_3,-0.175,0.281,0.325,0.288,0.975,0.991,1.0,0.286,0.264,0.268,0.978,0.982,0.998,-0.092,-0.111,-0.102
8000,A2_1,0.053,0.994,0.993,1.0,0.242,0.285,0.286,1.0,0.999,0.999,0.304,0.34,0.296,0.114,0.121,0.128
8000,A2_2,0.051,0.994,0.992,0.999,0.22,0.263,0.264,0.999,1.0,1.0,0.282,0.317,0.273,0.121,0.128,0.135
8000,A2_3,0.036,0.993,0.992,0.999,0.223,0.265,0.268,0.999,1.0,1.0,0.286,0.322,0.276,0.108,0.115,0.121
8000,B2_1,-0.267,0.3,0.341,0.305,0.909,0.964,0.978,0.304,0.282,0.286,1.0,0.977,0.981,-0.137,-0.15,-0.143
8000,B2_2,-0.213,0.335,0.379,0.341,0.938,0.954,0.982,0.34,0.317,0.322,0.977,1.0,0.984,-0.139,-0.155,-0.145
8000,B2_3,-0.148,0.292,0.334,0.297,0.967,0.991,0.998,0.296,0.273,0.276,0.981,0.984,1.0,-0.072,-0.09,-0.08
8000,y1,0.27,0.105,0.153,0.122,-0.055,-0.048,-0.092,0.114,0.121,0.108,-0.137,-0.139,-0.072,1.0,0.99,0.994
8000,y2,0.262,0.126,0.16,0.131,-0.075,-0.068,-0.111,0.121,0.128,0.115,-0.15,-0.155,-0.09,0.99,1.0,0.999
8000,y3,0.278,0.128,0.166,0.137,-0.064,-0.058,-0.102,0.128,0.135,0.121,-0.143,-0.145,-0.08,0.994,0.999,1.0
8500,.,1.0,0.049,0.006,0.043,-0.057,-0.129,-0.182,0.051,0.049,0.033,-0.281,-0.224,-0.161,0.26,0.25,0.264
8500,A1_1,0.049,1.0,0.983,0.994,0.244,0.285,0.29,0.994,0.994,0.993,0.3,0.337,0.293,0.118,0.148,0.149
8500,A1_2,0.006,0.983,1.0,0.992,0.296,0.333,0.347,0.988,0.987,0.987,0.354,0.394,0.348,0.169,0.184,0.189
8500,A1_3,0.043,0.994,0.992,1.0,0.251,0.292,0.299,0.999,0.999,0.999,0.307,0.344,0.3,0.134,0.151,0.156
8500,B1_1,-0.057,0.244,0.296,0.251,1.0,0.968,0.973,0.245,0.224,0.228,0.898,0.935,0.96,-0.057,-0.076,-0.068
8500,B1_2,-0.129,0.285,0.333,0.292,0.968,1.0,0.99,0.288,0.266,0.268,0.964,0.957,0.991,-0.054,-0.071,-0.062
8500,B1_3,-0.182,0.29,0.347,0.299,0.973,0.99,1.0,0.293,0.271,0.275,0.973,0.985,0.996,-0.093,-0.109,-0.101
8500,A2_1,0.051,0.994,0.988,0.999,0.245,0.288,0.293,1.0,0.999,0.999,0.302,0.339,0.295,0.125,0.142,0.147
8500,A2_2,0.049,0.994,0.987,0.999,0.224,0.266,0.271,0.999,1.0,0.999,0.281,0.317,0.273,0.131,0.147,0.152
8500,A2_3,0.033,0.993,0.987,0.999,0.228,0.268,0.275,0.999,0.999,1.0,0.284,0.321,0.275,0.117,0.133,0.138
8500,B2_1,-0.281,0.3,0.354,0.307,0.898,0.964,0.973,0.302,0.281,0.284,1.0,0.976,0.981,-0.136,-0.143,-0.137
8500,B2_2,-0.224,0.337,0.394,0.344,0.935,0.957,0.985,0.339,0.317,0.321,0.976,1.0,0.985,-0.132,-0.143,-0.136
8500,B2_3,-0.161,0.293,0.348,0.3,0.96,0.991,0.996,0.295,0.273,0.275,0.981,0.985,1.0,-0.072,-0.085,-0.077
8500,y1,0.26,0.118,0.169,0.134,-0.057,-0.054,-0.093,0.125,0.131,0.117,-0.136,-0.132,-0.072,1.0,0.989,0.993
8500,y2,0.25,0.148,0.184,0.151,-0.076,-0.071,-0.109,0.142,0.147,0.133,-0.143,-0.143,-0.085,0.989,1.0,0.999
8500,y3,0.264,0.149,0.189,0.156,-0.068,-0.062,-0.101,0.147,0.152,0.138,-0.137,-0.136,-0.077,0.993,0.999,1.0
9000,.,1.0,0.045,0.001,0.035,-0.065,-0.15,-0.2,0.044,0.041,0.024,-0.3,-0.242,-0.179,0.244,0.232,0.244
9000,A1_1,0.045,1.0,0.984,0.994,0.246,0.289,0.294,0.994,0.994,0.993,0.297,0.336,0.29,0.14,0.174,0.176
9000,A1_2,0.001,0.984,1.0,0.992,0.296,0.335,0.349,0.989,0.989,0.988,0.349,0.391,0.343,0.187,0.207,0.211
9000,A1_3,0.035,0.994,0.992,1.0,0.253,0.295,0.302,1.0,0.999,0.999,0.304,0.343,0.297,0.154,0.176,0.181
9000,B1_1,-0.065,0.246,0.296,0.253,1.0,0.965,0.97,0.248,0.228,0.23,0.892,0.932,0.953,-0.05,-0.067,-0.061
9000,B1_2,-0.15,0.289,0.335,0.295,0.965,1.0,0.99,0.292,0.271,0.272,0.965,0.959,0.99,-0.049,-0.059,-0.053
9000,B1_3,-0.2,0.294,0.349,0.302,0.97,0.99,1.0,0.297,0.276,0.279,0.973,0.986,0.995,-0.085,-0.095,-0.09
9000,A2_1,0.044,0.994,0.989,1.0,0.248,0.292,0.297,1.0,0.999,0.999,0.3,0.339,0.293,0.145,0.167,0.173
9000,A2_2,0.041,0.994,0.989,0.999,0.228,0.271,0.276,0.999,1.0,0.999,0.279,0.317,0.271,0.149,0.171,0.176
9000,A2_3,0.024,0.993,0.988,0.999,0.23,0.272,0.279,0.999,0.999,1.0,0.282,0.321,0.273,0.135,0.157,0.162
9000,B2_1,-0.3,0.297,0.349,0.304,0.892,0.965,0.973,0.3,0.279,0.282,1.0,0.976,0.982,-0.125,-0.124,-0.121
9000,B2_2,-0.242,0.336,0.391,0.343,0.932,0.959,0.986,0.339,0.317,0.321,0.976,1.0,0.985,-0.121,-0.125,-0.12
9000,B2_3,-0.179,0.29,0.343,0.297,0.953,0.99,0.995,0.293,0.271,0.273,0.982,0.985,1.0,-0.06,-0.067,-0.062
9000,y1,0.244,0.14,0.187,0.154,-0.05,-0.049,-0.085,0.145,0.149,0.135,-0.125,-0.121,-0.06,1.0,0.988,0.992
9000,y2,0.232,0.174,0.207,0.176,-0.067,-0.059,-0.095,0.167,0.171,0.157,-0.124,-0.125,-0.067,0.988,1.0,0.999
9000,y3,0.244,0.176,0.211,0.181,-0.061,-0.053,-0.09,0.173,0.176,0.162,-0.121,-0.12,-0.062,0.992,0.999,1.0
9500,.,1.0,0.046,-0.011,0.028,-0.077,-0.172,-0.224,0.039,0.036,0.018,-0.323,-0.264,-0.194,0.231,0.219,0.227
9500,A1_1,0.046,1.0,0.98,0.994,0.25,0.295,0.3,0.994,0.994,0.992,0.297,0.337,0.287,0.16,0.197,0.199
9500,A1_2,-0.011,0.98,1.0,0.99,0.308,0.349,0.367,0.985,0.984,0.983,0.36,0.403,0.351,0.21,0.23,0.237
9500,A1_3,0.028,0.994,0.99,1.0,0.256,0.301,0.309,0.999,0.999,0.999,0.305,0.345,0.295,0.172,0.196,0.202
9500,B1_1,-0.077,0.25,0.308,0.256,1.0,0.959,0.967,0.248,0.228,0.232,0.886,0.929,0.945,-0.045,-0.063,-0.053
9500,B1_2,-0.172,0.295,0.349,0.301,0.959,1.0,0.988,0.296,0.275,0.277,0.965,0.959,0.988,-0.039,-0.049,-0.04
9500,B1_3,-0.224,0.3,0.367,0.309,0.967,0.988,1.0,0.301,0.28,0.285,0.971,0.987,0.992,-0.073,-0.083,-0.074
9500,A2_1,0.039,0.994,0.985,0.999,0.248,0.296,0.301,1.0,0.999,0.999,0.298,0.337,0.288,0.162,0.187,0.193
9500,A2_2,0.036,0.994,0.984,0.999,0.228,0.275,0.28,0.999,1.0,0.999,0.278,0.316,0.266,0.165,0.188,0.194
9500,A2_3,0.018,0.992,0.983,0.999,0.232,0.277,0.285,0.999,0.999,1.0,0.282,0.321,0.269,0.15,0.174,0.18
9500,B2_1,-0.323,0.297,0.36,0.305,0.886,0.965,0.971,0.298,0.278,0.282,1.0,0.975,0.981,-0.11,-0.108,-0.101
9500,B2_2,-0.264,0.337,0.403,0.345,0.929,0.959,0.987,0.337,0.316,0.321,0.975,1.0,0.985,-0.103,-0.107,-0.098
9500,B2_3,-0.194,0.287,0.351,0.295,0.945,0.988,0.992,0.288,0.266,0.269,0.981,0.985,1.0,-0.04,-0.047,-0.037
9500,y1,0.231,0.16,0.21,0.172,-0.045,-0.039,-0.073,0.162,0.165,0.15,-0.11,-0.103,-0.04,1.0,0.987,0.992
9500,y2,0.219,0.197,0.23,0.196,-0.063,-0.049,-0.083,0.187,0.188,0.174,-0.108,-0.107,-0.047,0.987,1.0,0.999
9500,y3,0.227,0.199,0.237,0.202,-0.053,-0.04,-0.074,0.193,0.194,0.18,-0.101,-0.098,-0.037,0.992,0.999,1.0
10000,.,1.0,0.037,-0.015,0.015,-0.094,-0.198,-0.244,0.026,0.024,0.003,-0.34,-0.281,-0.215,0.212,0.198,0.205
10000,A1_1,0.037,1.0,0.985,0.994,0.255,0.3,0.305,0.995,0.993,0.992,0.295,0.332,0.289,0.171,0.213,0.213
10000,A1_2,-0.015,0.985,1.0,0.993,0.302,0.343,0.357,0.991,0.99,0.989,0.344,0.384,0.339,0.215,0.242,0.245
10000,A1_3,0.015,0.994,0.993,1.0,0.259,0.303,0.31,1.0,0.999,0.999,0.3,0.337,0.293,0.18,0.21,0.213
10000,B1_1,-0.094,0.255,0.302,0.259,1.0,0.958,0.964,0.255,0.234,0.238,0.888,0.93,0.938,-0.056,-0.071,-0.065
10000,B1_2,-0.198,0.3,0.343,0.303,0.958,1.0,0.989,0.301,0.279,0.281,0.97,0.964,0.987,-0.053,-0.056,-0.051
10000,B1_3,-0.244,0.305,0.357,0.31,0.964,0.989,1.0,0.307,0.284,0.289,0.975,0.99,0.991,-0.083,-0.085,-0.08
10000,A2_1,0.026,0.995,0.991,1.0,0.255,0.301,0.307,1.0,0.999,0.998,0.296,0.333,0.29,0.173,0.203,0.206
10000,A2_2,0.024,0.993,0.99,0.999,0.234,0.279,0.284,0.999,1.0,0.999,0.275,0.311,0.267,0.175,0.202,0.205
10000,A2_3,0.003,0.992,0.989,0.999,0.238,0.281,0.289,0.998,0.999,1.0,0.28,0.317,0.269,0.159,0.188,0.191
10000,B2_1,-0.34,0.295,0.344,0.3,0.888,0.97,0.975,0.296,0.275,0.28,1.0,0.976,0.983,-0.111,-0.1,-0.098
10000,B2_2,-0.281,0.332,0.384,0.337,0.93,0.964,0.99,0.333,0.311,0.317,0.976,1.0,0.986,-0.107,-0.102,-0.098
10000,B2_3,-0.215,0.289,0.339,0.293,0.938,0.987,0.991,0.29,0.267,0.269,0.983,0.986,1.0,-0.044,-0.042,-0.038
10000,y1,0.212,0.171,0.215,0.18,-0.056,-0.053,-0.083,0.173,0.175,0.159,-0.111,-0.107,-0.044,1.0,0.987,0.991
10000,y2,0.198,0.213,0.242,0.21,-0.071,-0.056,-0.085,0.203,0.202,0.188,-0.1,-0.102,-0.042,0.987,1.0,0.999
10000,y3,0.205,0.213,0.245,0.213,-0.065,-0.051,-0.08,0.206,0.205,0.191,-0.098,-0.098,-0.038,0.991,0.999,1.0
