,,.,A1_1,A1_2,A1_3,B1_1,B1_2,B1_3,A2_1,A2_2,A2_3,B2_1,B2_2,B2_3,y1,y2,y3
0,.,1.0,-0.484,-0.693,0.106,-0.032,-0.406,-0.385,-0.045,-0.046,0.523,-0.023,-0.298,0.089,0.707,-0.349,-0.054
0,A1_1,-0.484,1.0,0.365,-0.114,0.06,0.596,-0.096,0.143,0.268,-0.254,0.071,0.417,0.18,-0.638,0.098,0.486
0,A1_2,-0.693,0.365,1.0,-0.032,-0.089,0.516,0.188,0.305,-0.206,-0.381,0.122,0.152,-0.35,-0.484,0.063,0.055
0,A1_3,0.106,-0.114,-0.032,1.0,0.437,0.032,-0.127,0.453,0.115,-0.133,-0.31,-0.061,-0.099,0.065,0.431,0.209
0,B1_1,-0.032,0.06,-0.089,0.437,1.0,0.075,0.021,-0.029,0.348,-0.407,-0.403,-0.194,0.095,0.099,0.288,0.469
0,B1_2,-0.406,0.596,0.516,0.032,0.075,1.0,0.309,0.254,0.216,-0.149,0.282,0.408,-0.004,-0.363,0.177,0.535
0,B1_3,-0.385,-0.096,0.188,-0.127,0.021,0.309,1.0,0.028,-0.45,-0.134,0.163,-0.257,0.021,-0.07,0.334,-0.057
0,A2_1,-0.045,0.143,0.305,0.453,-0.029,0.254,0.028,1.0,-0.295,-0.362,0.081,-0.191,-0.525,-0.237,0.0,0.301
0,A2_2,-0.046,0.268,-0.206,0.115,0.348,0.216,-0.45,-0.295,1.0,-0.044,-0.156,0.628,0.371,-0.14,0.099,0.413
0,A2_3,0.523,-0.254,-0.381,-0.133,-0.407,-0.149,-0.134,-0.362,-0.044,1.0,0.03,0.245,0.108,0.683,-0.145,-0.463
0,B2_1,-0.023,0.071,0.122,-0.31,-0.403,0.282,0.163,0.081,-0.156,0.03,1.0,-0.07,-0.301,-0.199,-0.12,-0.109
0,B2_2,-0.298,0.417,0.152,-0.061,-0.194,0.408,-0.257,-0.191,0.628,0.245,-0.07,1.0,0.277,-0.225,-0.125,0.158
0,B2_3,0.089,0.18,-0.35,-0.099,0.095,-0.004,0.021,-0.525,0.371,0.108,-0.301,0.277,1.0,-0.176,-0.079,0.34
0,y1,0.707,-0.638,-0.484,0.065,0.099,-0.363,-0.07,-0.237,-0.14,0.683,-0.199,-0.225,-0.176,1.0,-0.065,-0.428
0,y2,-0.349,0.098,0.063,0.431,0.288,0.177,0.334,0.0,0.099,-0.145,-0.12,-0.125,-0.079,-0.065,1.0,-0.127
0,y3,-0.054,0.486,0.055,0.209,0.469,0.535,-0.057,0.301,0.413,-0.463,-0.109,0.158,0.34,-0.428,-0.127,1.0
500,.,1.0,-0.383,-0.708,0.174,0.116,-0.377,-0.377,-0.029,0.148,0.32,-0.08,-0.302,0.126,0.455,-0.353,-0.029
500,A1_1,-0.383,1.0,0.389,-0.008,0.056,0.634,-0.126,0.257,0.356,-0.227,0.145,0.414,0.134,-0.722,0.103,0.518
500,A1_2,-0.708,0.389,1.0,0.063,-0.049,0.59,0.17,0.434,-0.097,-0.367,0.219,0.157,-0.417,-0.459,0.11,0.28
500,A1_3,0.174,-0.008,0.063,1.0,0.419,0.103,-0.137,0.489,0.173,-0.12,-0.227,0.004,-0.081,-0.038,0.309,0.103
500,B1_1,0.116,0.056,-0.049,0.419,1.0,0.102,0.079,-0.061,0.251,-0.429,-0.463,-0.186,0.141,0.091,0.208,0.403
500,B1_2,-0.377,0.634,0.59,0.103,0.102,1.0,0.353,0.29,0.16,-0.1,0.172,0.387,0.016,-0.388,0.294,0.601
500,B1_3,-0.377,-0.126,0.17,-0.137,0.079,0.353,1.0,-0.04,-0.488,-0.165,0.182,-0.212,0.083,0.023,0.323,-0.031
500,A2_1,-0.029,0.257,0.434,0.489,-0.061,0.29,-0.04,1.0,-0.153,-0.295,0.185,-0.106,-0.498,-0.373,-0.097,0.206
500,A2_2,0.148,0.356,-0.097,0.173,0.251,0.16,-0.488,-0.153,1.0,0.007,-0.235,0.531,0.251,-0.264,0.094,0.376
500,A2_3,0.32,-0.227,-0.367,-0.12,-0.429,-0.1,-0.165,-0.295,0.007,1.0,0.134,0.283,0.028,0.581,0.031,-0.446
500,B2_1,-0.08,0.145,0.219,-0.227,-0.463,0.172,0.182,0.185,-0.235,0.134,1.0,-0.213,-0.381,-0.245,-0.022,-0.233
500,B2_2,-0.302,0.414,0.157,0.004,-0.186,0.387,-0.212,-0.106,0.531,0.283,-0.213,1.0,0.24,-0.251,-0.0,0.19
500,B2_3,0.126,0.134,-0.417,-0.081,0.141,0.016,0.083,-0.498,0.251,0.028,-0.381,0.24,1.0,-0.149,-0.102,0.352
500,y1,0.455,-0.722,-0.459,-0.038,0.091,-0.388,0.023,-0.373,-0.264,0.581,-0.245,-0.251,-0.149,1.0,0.136,-0.482
500,y2,-0.353,0.103,0.11,0.309,0.208,0.294,0.323,-0.097,0.094,0.031,-0.022,-0.0,-0.102,0.136,1.0,-0.17
500,y3,-0.029,0.518,0.28,0.103,0.403,0.601,-0.031,0.206,0.376,-0.446,-0.233,0.19,0.352,-0.482,-0.17,1.0
1000,.,1.0,-0.368,-0.698,0.167,0.129,-0.374,-0.375,-0.034,0.142,0.294,-0.086,-0.312,0.138,0.428,-0.365,-0.055
1000,A1_1,-0.368,1.0,0.406,0.028,0.057,0.636,-0.13,0.285,0.382,-0.191,0.151,0.419,0.124,-0.78,0.147,0.528
1000,A1_2,-0.698,0.406,1.0,0.098,-0.046,0.595,0.157,0.462,-0.054,-0.338,0.215,0.151,-0.427,-0.48,0.147,0.281
1000,A1_3,0.167,0.028,0.098,1.0,0.409,0.12,-0.14,0.509,0.197,-0.086,-0.2,0.026,-0.083,-0.033,0.282,0.027
1000,B1_1,0.129,0.057,-0.046,0.409,1.0,0.106,0.084,-0.065,0.241,-0.434,-0.45,-0.166,0.148,0.116,0.192,0.367
1000,B1_2,-0.374,0.636,0.595,0.12,0.106,1.0,0.353,0.298,0.168,-0.077,0.163,0.388,0.016,-0.43,0.356,0.619
1000,B1_3,-0.375,-0.13,0.157,-0.14,0.084,0.353,1.0,-0.055,-0.489,-0.17,0.188,-0.207,0.087,0.066,0.286,-0.004
1000,A2_1,-0.034,0.285,0.462,0.509,-0.065,0.298,-0.055,1.0,-0.102,-0.241,0.203,-0.084,-0.491,-0.388,-0.117,0.13
1000,A2_2,0.142,0.382,-0.054,0.197,0.241,0.168,-0.489,-0.102,1.0,0.034,-0.24,0.511,0.226,-0.315,0.141,0.346
1000,A2_3,0.294,-0.191,-0.338,-0.086,-0.434,-0.077,-0.17,-0.241,0.034,1.0,0.157,0.285,0.003,0.472,0.127,-0.417
1000,B2_1,-0.086,0.151,0.215,-0.2,-0.45,0.163,0.188,0.203,-0.24,0.157,1.0,-0.233,-0.38,-0.272,-0.03,-0.204
1000,B2_2,-0.312,0.419,0.151,0.026,-0.166,0.388,-0.207,-0.084,0.511,0.285,-0.233,1.0,0.242,-0.318,0.098,0.139
1000,B2_3,0.138,0.124,-0.427,-0.083,0.148,0.016,0.087,-0.491,0.226,0.003,-0.38,0.242,1.0,-0.142,-0.107,0.357
1000,y1,0.428,-0.78,-0.48,-0.033,0.116,-0.43,0.066,-0.388,-0.315,0.472,-0.272,-0.318,-0.142,1.0,0.18,-0.463
1000,y2,-0.365,0.147,0.147,0.282,0.192,0.356,0.286,-0.117,0.141,0.127,-0.03,0.098,-0.107,0.18,1.0,-0.036
1000,y3,-0.055,0.528,0.281,0.027,0.367,0.619,-0.004,0.13,0.346,-0.417,-0.204,0.139,0.357,-0.463,-0.036,1.0
1500,.,1.0,-0.367,-0.692,0.163,0.135,-0.376,-0.375,-0.033,0.134,0.277,-0.09,-0.314,0.143,0.425,-0.364,-0.091
1500,A1_1,-0.367,1.0,0.416,0.043,0.057,0.637,-0.132,0.299,0.395,-0.166,0.151,0.418,0.119,-0.795,0.169,0.518
1500,A1_2,-0.692,0.416,1.0,0.117,-0.043,0.598,0.15,0.476,-0.028,-0.313,0.208,0.146,-0.428,-0.492,0.148,0.288
1500,A1_3,0.163,0.043,0.117,1.0,0.403,0.127,-0.142,0.521,0.207,-0.065,-0.19,0.034,-0.086,-0.029,0.288,-0.018
1500,B1_1,0.135,0.057,-0.043,0.403,1.0,0.108,0.086,-0.065,0.235,-0.438,-0.443,-0.155,0.149,0.132,0.213,0.34
1500,B1_2,-0.376,0.637,0.598,0.127,0.108,1.0,0.352,0.303,0.174,-0.063,0.158,0.385,0.016,-0.445,0.366,0.641
1500,B1_3,-0.375,-0.132,0.15,-0.142,0.086,0.352,1.0,-0.07,-0.489,-0.175,0.191,-0.207,0.087,0.075,0.259,0.046
1500,A2_1,-0.033,0.299,0.476,0.521,-0.065,0.303,-0.07,1.0,-0.072,-0.204,0.208,-0.074,-0.49,-0.392,-0.121,0.084
1500,A2_2,0.134,0.395,-0.028,0.207,0.235,0.174,-0.489,-0.072,1.0,0.054,-0.243,0.502,0.218,-0.331,0.176,0.315
1500,A2_3,0.277,-0.166,-0.313,-0.065,-0.438,-0.063,-0.175,-0.204,0.054,1.0,0.175,0.285,-0.012,0.417,0.147,-0.42
1500,B2_1,-0.09,0.151,0.208,-0.19,-0.443,0.158,0.191,0.208,-0.243,0.175,1.0,-0.243,-0.377,-0.286,-0.066,-0.168
1500,B2_2,-0.314,0.418,0.146,0.034,-0.155,0.385,-0.207,-0.074,0.502,0.285,-0.243,1.0,0.245,-0.335,0.125,0.113
1500,B2_3,0.143,0.119,-0.428,-0.086,0.149,0.016,0.087,-0.49,0.218,-0.012,-0.377,0.245,1.0,-0.133,-0.09,0.347
1500,y1,0.425,-0.795,-0.492,-0.029,0.132,-0.445,0.075,-0.392,-0.331,0.417,-0.286,-0.335,-0.133,1.0,0.175,-0.437
1500,y2,-0.364,0.169,0.148,0.288,0.213,0.366,0.259,-0.121,0.176,0.147,-0.066,0.125,-0.09,0.175,1.0,0.072
1500,y3,-0.091,0.518,0.288,-0.018,0.34,0.641,0.046,0.084,0.315,-0.42,-0.168,0.113,0.347,-0.437,0.072,1.0
2000,.,1.0,-0.365,-0.69,0.155,0.137,-0.378,-0.377,-0.035,0.126,0.266,-0.091,-0.314,0.145,0.425,-0.362,-0.115
2000,A1_1,-0.365,1.0,0.421,0.053,0.059,0.638,-0.132,0.306,0.408,-0.149,0.151,0.418,0.114,-0.803,0.18,0.503
2000,A1_2,-0.69,0.421,1.0,0.129,-0.043,0.599,0.147,0.482,-0.012,-0.294,0.203,0.143,-0.43,-0.501,0.147,0.28
2000,A1_3,0.155,0.053,0.129,1.0,0.398,0.134,-0.141,0.528,0.21,-0.053,-0.182,0.037,-0.087,-0.026,0.307,-0.044
2000,B1_1,0.137,0.059,-0.043,0.398,1.0,0.109,0.087,-0.066,0.229,-0.439,-0.437,-0.149,0.15,0.144,0.244,0.329
2000,B1_2,-0.378,0.638,0.599,0.134,0.109,1.0,0.351,0.304,0.179,-0.052,0.155,0.382,0.016,-0.453,0.369,0.639
2000,B1_3,-0.377,-0.132,0.147,-0.141,0.087,0.351,1.0,-0.074,-0.489,-0.177,0.193,-0.209,0.087,0.082,0.241,0.084
2000,A2_1,-0.035,0.306,0.482,0.528,-0.066,0.304,-0.074,1.0,-0.057,-0.181,0.212,-0.071,-0.49,-0.395,-0.12,0.046
2000,A2_2,0.126,0.408,-0.012,0.21,0.229,0.179,-0.489,-0.057,1.0,0.068,-0.244,0.498,0.213,-0.341,0.207,0.278
2000,A2_3,0.266,-0.149,-0.294,-0.053,-0.439,-0.052,-0.177,-0.181,0.068,1.0,0.186,0.284,-0.024,0.378,0.143,-0.432
2000,B2_1,-0.091,0.151,0.203,-0.182,-0.437,0.155,0.193,0.212,-0.244,0.186,1.0,-0.248,-0.375,-0.298,-0.103,-0.135
2000,B2_2,-0.314,0.418,0.143,0.037,-0.149,0.382,-0.209,-0.071,0.498,0.284,-0.248,1.0,0.246,-0.346,0.142,0.061
2000,B2_3,0.145,0.114,-0.43,-0.087,0.15,0.016,0.087,-0.49,0.213,-0.024,-0.375,0.246,1.0,-0.123,-0.072,0.334
2000,y1,0.425,-0.803,-0.501,-0.026,0.144,-0.453,0.082,-0.395,-0.341,0.378,-0.298,-0.346,-0.123,1.0,0.169,-0.402
2000,y2,-0.362,0.18,0.147,0.307,0.244,0.369,0.241,-0.12,0.207,0.143,-0.103,0.142,-0.072,0.169,1.0,0.158
2000,y3,-0.115,0.503,0.28,-0.044,0.329,0.639,0.084,0.046,0.278,-0.432,-0.135,0.061,0.334,-0.402,0.158,1.0
2500,.,1.0,-0.365,-0.688,0.15,0.139,-0.382,-0.379,-0.036,0.122,0.256,-0.094,-0.316,0.145,0.424,-0.36,-0.126
2500,A1_1,-0.365,1.0,0.425,0.061,0.06,0.639,-0.133,0.312,0.416,-0.135,0.152,0.418,0.112,-0.807,0.184,0.484
2500,A1_2,-0.688,0.425,1.0,0.136,-0.042,0.601,0.144,0.488,0.001,-0.278,0.2,0.141,-0.431,-0.51,0.147,0.269
2500,A1_3,0.15,0.061,0.136,1.0,0.396,0.138,-0.142,0.533,0.215,-0.043,-0.176,0.041,-0.088,-0.024,0.332,-0.055
2500,B1_1,0.139,0.06,-0.042,0.396,1.0,0.111,0.088,-0.066,0.226,-0.441,-0.434,-0.144,0.15,0.154,0.278,0.318
2500,B1_2,-0.382,0.639,0.601,0.138,0.111,1.0,0.351,0.307,0.183,-0.046,0.152,0.378,0.017,-0.458,0.368,0.625
2500,B1_3,-0.379,-0.133,0.144,-0.142,0.088,0.351,1.0,-0.079,-0.488,-0.18,0.193,-0.212,0.087,0.09,0.23,0.115
2500,A2_1,-0.036,0.312,0.488,0.533,-0.066,0.307,-0.079,1.0,-0.043,-0.163,0.215,-0.066,-0.49,-0.4,-0.115,0.025
2500,A2_2,0.122,0.416,0.001,0.215,0.226,0.183,-0.488,-0.043,1.0,0.079,-0.244,0.495,0.21,-0.345,0.235,0.238
2500,A2_3,0.256,-0.135,-0.278,-0.043,-0.441,-0.046,-0.18,-0.163,0.079,1.0,0.195,0.282,-0.034,0.348,0.128,-0.444
2500,B2_1,-0.094,0.152,0.2,-0.176,-0.434,0.152,0.193,0.215,-0.244,0.195,1.0,-0.251,-0.373,-0.307,-0.139,-0.101
2500,B2_2,-0.316,0.418,0.141,0.041,-0.144,0.378,-0.212,-0.066,0.495,0.282,-0.251,1.0,0.247,-0.353,0.152,-0.003
2500,B2_3,0.145,0.112,-0.431,-0.088,0.15,0.017,0.087,-0.49,0.21,-0.034,-0.373,0.247,1.0,-0.114,-0.057,0.316
2500,y1,0.424,-0.807,-0.51,-0.024,0.154,-0.458,0.09,-0.4,-0.345,0.348,-0.307,-0.353,-0.114,1.0,0.17,-0.363
2500,y2,-0.36,0.184,0.147,0.332,0.278,0.368,0.23,-0.115,0.235,0.128,-0.139,0.152,-0.057,0.17,1.0,0.224
2500,y3,-0.126,0.484,0.269,-0.055,0.318,0.625,0.115,0.025,0.238,-0.444,-0.101,-0.003,0.316,-0.363,0.224,1.0
3000,.,1.0,-0.364,-0.686,0.143,0.141,-0.383,-0.38,-0.038,0.119,0.248,-0.099,-0.317,0.147,0.422,-0.356,-0.128
3000,A1_1,-0.364,1.0,0.428,0.066,0.061,0.64,-0.133,0.317,0.424,-0.127,0.152,0.418,0.109,-0.808,0.184,0.461
3000,A1_2,-0.686,0.428,1.0,0.143,-0.04,0.602,0.141,0.492,0.012,-0.267,0.197,0.141,-0.432,-0.521,0.144,0.256
3000,A1_3,0.143,0.066,0.143,1.0,0.393,0.143,-0.14,0.538,0.215,-0.038,-0.171,0.044,-0.088,-0.024,0.353,-0.054
3000,B1_1,0.141,0.061,-0.04,0.393,1.0,0.113,0.089,-0.067,0.223,-0.442,-0.431,-0.14,0.151,0.161,0.305,0.308
3000,B1_2,-0.383,0.64,0.602,0.143,0.113,1.0,0.35,0.309,0.186,-0.043,0.149,0.375,0.017,-0.459,0.365,0.602
3000,B1_3,-0.38,-0.133,0.141,-0.14,0.089,0.35,1.0,-0.082,-0.488,-0.184,0.193,-0.215,0.087,0.098,0.22,0.139
3000,A2_1,-0.038,0.317,0.492,0.538,-0.067,0.309,-0.082,1.0,-0.034,-0.15,0.218,-0.063,-0.489,-0.406,-0.109,0.016
3000,A2_2,0.119,0.424,0.012,0.215,0.223,0.186,-0.488,-0.034,1.0,0.086,-0.244,0.493,0.207,-0.346,0.257,0.197
3000,A2_3,0.248,-0.127,-0.267,-0.038,-0.442,-0.043,-0.184,-0.15,0.086,1.0,0.198,0.281,-0.038,0.325,0.116,-0.452
3000,B2_1,-0.099,0.152,0.197,-0.171,-0.431,0.149,0.193,0.218,-0.244,0.198,1.0,-0.254,-0.371,-0.317,-0.17,-0.07
3000,B2_2,-0.317,0.418,0.141,0.044,-0.14,0.375,-0.215,-0.063,0.493,0.281,-0.254,1.0,0.248,-0.355,0.159,-0.073
3000,B2_3,0.147,0.109,-0.432,-0.088,0.151,0.017,0.087,-0.489,0.207,-0.038,-0.371,0.248,1.0,-0.105,-0.044,0.297
3000,y1,0.422,-0.808,-0.521,-0.024,0.161,-0.459,0.098,-0.406,-0.346,0.325,-0.317,-0.355,-0.105,1.0,0.176,-0.321
3000,y2,-0.356,0.184,0.144,0.353,0.305,0.365,0.22,-0.109,0.257,0.116,-0.17,0.159,-0.044,0.176,1.0,0.27
3000,y3,-0.128,0.461,0.256,-0.054,0.308,0.602,0.139,0.016,0.197,-0.452,-0.07,-0.073,0.297,-0.321,0.27,1.0
3500,.,1.0,-0.366,-0.683,0.14,0.14,-0.386,-0.38,-0.037,0.114,0.243,-0.102,-0.319,0.148,0.419,-0.35,-0.128
3500,A1_1,-0.366,1.0,0.431,0.071,0.061,0.641,-0.134,0.321,0.43,-0.119,0.152,0.418,0.107,-0.806,0.177,0.441
3500,A1_2,-0.683,0.431,1.0,0.149,-0.039,0.603,0.138,0.495,0.022,-0.259,0.193,0.14,-0.432,-0.533,0.139,0.254
3500,A1_3,0.14,0.071,0.149,1.0,0.392,0.147,-0.138,0.542,0.217,-0.031,-0.166,0.047,-0.089,-0.027,0.371,-0.043
3500,B1_1,0.14,0.061,-0.039,0.392,1.0,0.114,0.09,-0.066,0.22,-0.44,-0.428,-0.138,0.153,0.167,0.327,0.308
3500,B1_2,-0.386,0.641,0.603,0.147,0.114,1.0,0.349,0.312,0.189,-0.041,0.147,0.372,0.017,-0.456,0.355,0.578
3500,B1_3,-0.38,-0.134,0.138,-0.138,0.09,0.349,1.0,-0.085,-0.488,-0.188,0.193,-0.218,0.088,0.107,0.214,0.155
3500,A2_1,-0.037,0.321,0.495,0.542,-0.066,0.312,-0.085,1.0,-0.025,-0.138,0.22,-0.06,-0.488,-0.415,-0.103,0.017
3500,A2_2,0.114,0.43,0.022,0.217,0.22,0.189,-0.488,-0.025,1.0,0.095,-0.246,0.492,0.205,-0.341,0.27,0.154
3500,A2_3,0.243,-0.119,-0.259,-0.031,-0.44,-0.041,-0.188,-0.138,0.095,1.0,0.2,0.279,-0.044,0.305,0.101,-0.46
3500,B2_1,-0.102,0.152,0.193,-0.166,-0.428,0.147,0.193,0.22,-0.246,0.2,1.0,-0.256,-0.369,-0.327,-0.194,-0.043
3500,B2_2,-0.319,0.418,0.14,0.047,-0.138,0.372,-0.218,-0.06,0.492,0.279,-0.256,1.0,0.247,-0.351,0.155,-0.138
3500,B2_3,0.148,0.107,-0.432,-0.089,0.153,0.017,0.088,-0.488,0.205,-0.044,-0.369,0.247,1.0,-0.092,-0.035,0.278
3500,y1,0.419,-0.806,-0.533,-0.027,0.167,-0.456,0.107,-0.415,-0.341,0.305,-0.327,-0.351,-0.092,1.0,0.195,-0.277
3500,y2,-0.35,0.177,0.139,0.371,0.327,0.355,0.214,-0.103,0.27,0.101,-0.194,0.155,-0.035,0.195,1.0,0.297
3500,y3,-0.128,0.441,0.254,-0.043,0.308,0.578,0.155,0.017,0.154,-0.46,-0.043,-0.138,0.278,-0.277,0.297,1.0
4000,.,1.0,-0.366,-0.683,0.136,0.141,-0.388,-0.38,-0.038,0.112,0.24,-0.107,-0.321,0.15,0.414,-0.339,-0.122
4000,A1_1,-0.366,1.0,0.434,0.074,0.063,0.641,-0.134,0.326,0.435,-0.114,0.151,0.417,0.104,-0.797,0.164,0.408
4000,A1_2,-0.683,0.434,1.0,0.154,-0.038,0.603,0.136,0.499,0.029,-0.255,0.191,0.139,-0.432,-0.548,0.132,0.254
4000,A1_3,0.136,0.074,0.154,1.0,0.392,0.149,-0.134,0.546,0.217,-0.028,-0.162,0.047,-0.092,-0.036,0.383,-0.012
4000,B1_1,0.141,0.063,-0.038,0.392,1.0,0.114,0.091,-0.067,0.218,-0.442,-0.426,-0.136,0.155,0.169,0.342,0.325
4000,B1_2,-0.388,0.641,0.603,0.149,0.114,1.0,0.348,0.314,0.191,-0.043,0.145,0.37,0.017,-0.441,0.34,0.539
4000,B1_3,-0.38,-0.134,0.136,-0.134,0.091,0.348,1.0,-0.091,-0.488,-0.193,0.193,-0.22,0.089,0.12,0.205,0.17
4000,A2_1,-0.038,0.326,0.499,0.546,-0.067,0.314,-0.091,1.0,-0.016,-0.128,0.221,-0.056,-0.485,-0.429,-0.102,0.028
4000,A2_2,0.112,0.435,0.029,0.217,0.218,0.191,-0.488,-0.016,1.0,0.099,-0.246,0.49,0.202,-0.33,0.275,0.108
4000,A2_3,0.24,-0.114,-0.255,-0.028,-0.442,-0.043,-0.193,-0.128,0.099,1.0,0.202,0.277,-0.047,0.291,0.096,-0.484
4000,B2_1,-0.107,0.151,0.191,-0.162,-0.426,0.145,0.193,0.221,-0.246,0.202,1.0,-0.256,-0.368,-0.338,-0.212,-0.026
4000,B2_2,-0.321,0.417,0.139,0.047,-0.136,0.37,-0.22,-0.056,0.49,0.277,-0.256,1.0,0.246,-0.337,0.15,-0.218
4000,B2_3,0.15,0.104,-0.432,-0.092,0.155,0.017,0.089,-0.485,0.202,-0.047,-0.368,0.246,1.0,-0.074,-0.034,0.256
4000,y1,0.414,-0.797,-0.548,-0.036,0.169,-0.441,0.12,-0.429,-0.33,0.291,-0.338,-0.337,-0.074,1.0,0.226,-0.225
4000,y2,-0.339,0.164,0.132,0.383,0.342,0.34,0.205,-0.102,0.275,0.096,-0.212,0.15,-0.034,0.226,1.0,0.311
4000,y3,-0.122,0.408,0.254,-0.012,0.325,0.539,0.17,0.028,0.108,-0.484,-0.026,-0.218,0.256,-0.225,0.311,1.0
4500,.,1.0,-0.368,-0.682,0.134,0.142,-0.392,-0.38,-0.039,0.109,0.236,-0.111,-0.323,0.149,0.406,-0.323,-0.108
4500,A1_1,-0.368,1.0,0.437,0.079,0.064,0.641,-0.135,0.329,0.44,-0.107,0.151,0.416,0.103,-0.78,0.142,0.372
4500,A1_2,-0.682,0.437,1.0,0.161,-0.035,0.603,0.133,0.502,0.038,-0.25,0.188,0.138,-0.431,-0.561,0.121,0.248
4500,A1_3,0.134,0.079,0.161,1.0,0.39,0.152,-0.134,0.548,0.218,-0.023,-0.159,0.048,-0.091,-0.043,0.391,0.028
4500,B1_1,0.142,0.064,-0.035,0.39,1.0,0.115,0.092,-0.066,0.215,-0.446,-0.425,-0.135,0.157,0.172,0.357,0.343
4500,B1_2,-0.392,0.641,0.603,0.152,0.115,1.0,0.348,0.315,0.193,-0.041,0.144,0.37,0.017,-0.418,0.316,0.485
4500,B1_3,-0.38,-0.135,0.133,-0.134,0.092,0.348,1.0,-0.091,-0.488,-0.199,0.194,-0.221,0.09,0.131,0.2,0.174
4500,A2_1,-0.039,0.329,0.502,0.548,-0.066,0.315,-0.091,1.0,-0.011,-0.119,0.221,-0.055,-0.484,-0.441,-0.103,0.039
4500,A2_2,0.109,0.44,0.038,0.218,0.215,0.193,-0.488,-0.011,1.0,0.103,-0.247,0.489,0.2,-0.313,0.273,0.065
4500,A2_3,0.236,-0.107,-0.25,-0.023,-0.446,-0.041,-0.199,-0.119,0.103,1.0,0.204,0.275,-0.048,0.279,0.082,-0.498
4500,B2_1,-0.111,0.151,0.188,-0.159,-0.425,0.144,0.194,0.221,-0.247,0.204,1.0,-0.256,-0.366,-0.349,-0.228,-0.016
4500,B2_2,-0.323,0.416,0.138,0.048,-0.135,0.37,-0.221,-0.055,0.489,0.275,-0.256,1.0,0.245,-0.312,0.126,-0.3
4500,B2_3,0.149,0.103,-0.431,-0.091,0.157,0.017,0.09,-0.484,0.2,-0.048,-0.366,0.245,1.0,-0.052,-0.038,0.234
4500,y1,0.406,-0.78,-0.561,-0.043,0.172,-0.418,0.131,-0.441,-0.313,0.279,-0.349,-0.312,-0.052,1.0,0.269,-0.179
4500,y2,-0.323,0.142,0.121,0.391,0.357,0.316,0.2,-0.103,0.273,0.082,-0.228,0.126,-0.038,0.269,1.0,0.323
4500,y3,-0.108,0.372,0.248,0.028,0.343,0.485,0.174,0.039,0.065,-0.498,-0.016,-0.3,0.234,-0.179,0.323,1.0
5000,.,1.0,-0.368,-0.683,0.132,0.144,-0.395,-0.38,-0.039,0.109,0.232,-0.115,-0.326,0.15,0.393,-0.305,-0.088
5000,A1_1,-0.368,1.0,0.439,0.081,0.065,0.641,-0.135,0.333,0.443,-0.1,0.151,0.415,0.101,-0.76,0.116,0.328
5000,A1_2,-0.683,0.439,1.0,0.166,-0.033,0.602,0.132,0.506,0.043,-0.247,0.185,0.136,-0.429,-0.571,0.107,0.237
5000,A1_3,0.132,0.081,0.166,1.0,0.39,0.154,-0.13,0.551,0.219,-0.016,-0.156,0.048,-0.093,-0.043,0.39,0.052
5000,B1_1,0.144,0.065,-0.033,0.39,1.0,0.115,0.093,-0.066,0.215,-0.446,-0.423,-0.133,0.158,0.178,0.363,0.357
5000,B1_2,-0.395,0.641,0.602,0.154,0.115,1.0,0.347,0.317,0.194,-0.042,0.144,0.369,0.017,-0.397,0.289,0.427
5000,B1_3,-0.38,-0.135,0.132,-0.13,0.093,0.347,1.0,-0.096,-0.487,-0.204,0.195,-0.221,0.09,0.144,0.196,0.173
5000,A2_1,-0.039,0.333,0.506,0.551,-0.066,0.317,-0.096,1.0,-0.004,-0.107,0.222,-0.052,-0.482,-0.452,-0.106,0.043
5000,A2_2,0.109,0.443,0.043,0.219,0.215,0.194,-0.487,-0.004,1.0,0.111,-0.248,0.487,0.197,-0.296,0.264,0.028
5000,A2_3,0.232,-0.1,-0.247,-0.016,-0.446,-0.042,-0.204,-0.107,0.111,1.0,0.206,0.273,-0.05,0.262,0.074,-0.514
5000,B2_1,-0.115,0.151,0.185,-0.156,-0.423,0.144,0.195,0.222,-0.248,0.206,1.0,-0.254,-0.365,-0.359,-0.237,-0.013
5000,B2_2,-0.326,0.415,0.136,0.048,-0.133,0.369,-0.221,-0.052,0.487,0.273,-0.254,1.0,0.245,-0.29,0.096,-0.368
5000,B2_3,0.15,0.101,-0.429,-0.093,0.158,0.017,0.09,-0.482,0.197,-0.05,-0.365,0.245,1.0,-0.029,-0.046,0.212
5000,y1,0.393,-0.76,-0.571,-0.043,0.178,-0.397,0.144,-0.452,-0.296,0.262,-0.359,-0.29,-0.029,1.0,0.314,-0.138
5000,y2,-0.305,0.116,0.107,0.39,0.363,0.289,0.196,-0.106,0.264,0.074,-0.237,0.096,-0.046,0.314,1.0,0.332
5000,y3,-0.088,0.328,0.237,0.052,0.357,0.427,0.173,0.043,0.028,-0.514,-0.013,-0.368,0.212,-0.138,0.332,1.0
5500,.,1.0,-0.368,-0.682,0.134,0.146,-0.397,-0.38,-0.037,0.106,0.228,-0.118,-0.328,0.151,0.38,-0.287,-0.066
5500,A1_1,-0.368,1.0,0.441,0.084,0.065,0.641,-0.135,0.336,0.447,-0.095,0.151,0.413,0.099,-0.741,0.089,0.288
5500,A1_2,-0.682,0.441,1.0,0.171,-0.03,0.601,0.13,0.509,0.049,-0.244,0.182,0.135,-0.426,-0.578,0.093,0.219
5500,A1_3,0.134,0.084,0.171,1.0,0.389,0.156,-0.131,0.553,0.221,-0.01,-0.154,0.05,-0.093,-0.033,0.385,0.057
5500,B1_1,0.146,0.065,-0.03,0.389,1.0,0.116,0.094,-0.065,0.212,-0.449,-0.421,-0.132,0.159,0.185,0.367,0.362
5500,B1_2,-0.397,0.641,0.601,0.156,0.116,1.0,0.347,0.318,0.197,-0.041,0.143,0.369,0.017,-0.382,0.265,0.378
5500,B1_3,-0.38,-0.135,0.13,-0.131,0.094,0.347,1.0,-0.098,-0.487,-0.21,0.195,-0.222,0.091,0.155,0.195,0.169
5500,A2_1,-0.037,0.336,0.509,0.553,-0.065,0.318,-0.098,1.0,0.002,-0.099,0.222,-0.051,-0.481,-0.456,-0.111,0.039
5500,A2_2,0.106,0.447,0.049,0.221,0.212,0.197,-0.487,0.002,1.0,0.115,-0.248,0.487,0.195,-0.288,0.256,0.008
5500,A2_3,0.228,-0.095,-0.244,-0.01,-0.449,-0.041,-0.21,-0.099,0.115,1.0,0.207,0.272,-0.048,0.249,0.061,-0.519
5500,B2_1,-0.118,0.151,0.182,-0.154,-0.421,0.143,0.195,0.222,-0.248,0.207,1.0,-0.253,-0.363,-0.366,-0.246,-0.016
5500,B2_2,-0.328,0.413,0.135,0.05,-0.132,0.369,-0.222,-0.051,0.487,0.272,-0.253,1.0,0.245,-0.274,0.07,-0.415
5500,B2_3,0.151,0.099,-0.426,-0.093,0.159,0.017,0.091,-0.481,0.195,-0.048,-0.363,0.245,1.0,-0.01,-0.053,0.194
5500,y1,0.38,-0.741,-0.578,-0.033,0.185,-0.382,0.155,-0.456,-0.288,0.249,-0.366,-0.274,-0.01,1.0,0.359,-0.102
5500,y2,-0.287,0.089,0.093,0.385,0.367,0.265,0.195,-0.111,0.256,0.061,-0.246,0.07,-0.053,0.359,1.0,0.342
5500,y3,-0.066,0.288,0.219,0.057,0.362,0.378,0.169,0.039,0.008,-0.519,-0.016,-0.415,0.194,-0.102,0.342,1.0
6000,.,1.0,-0.366,-0.682,0.132,0.148,-0.4,-0.381,-0.038,0.106,0.226,-0.122,-0.33,0.152,0.368,-0.27,-0.047
6000,A1_1,-0.366,1.0,0.443,0.088,0.067,0.64,-0.135,0.34,0.451,-0.092,0.15,0.411,0.098,-0.726,0.064,0.25
6000,A1_2,-0.682,0.443,1.0,0.175,-0.028,0.601,0.129,0.512,0.054,-0.242,0.179,0.134,-0.425,-0.582,0.078,0.195
6000,A1_3,0.132,0.088,0.175,1.0,0.389,0.158,-0.127,0.556,0.221,-0.007,-0.15,0.049,-0.095,-0.017,0.378,0.05
6000,B1_1,0.148,0.067,-0.028,0.389,1.0,0.117,0.095,-0.067,0.211,-0.449,-0.42,-0.131,0.16,0.198,0.367,0.355
6000,B1_2,-0.4,0.64,0.601,0.158,0.117,1.0,0.347,0.319,0.198,-0.042,0.143,0.369,0.018,-0.372,0.243,0.336
6000,B1_3,-0.381,-0.135,0.129,-0.127,0.095,0.347,1.0,-0.102,-0.488,-0.215,0.196,-0.222,0.092,0.165,0.193,0.169
6000,A2_1,-0.038,0.34,0.512,0.556,-0.067,0.319,-0.102,1.0,0.007,-0.089,0.224,-0.048,-0.479,-0.46,-0.116,0.032
6000,A2_2,0.106,0.451,0.054,0.221,0.211,0.198,-0.488,0.007,1.0,0.12,-0.249,0.486,0.194,-0.281,0.246,-0.008
6000,A2_3,0.226,-0.092,-0.242,-0.007,-0.449,-0.042,-0.215,-0.089,0.12,1.0,0.208,0.27,-0.048,0.232,0.056,-0.52
6000,B2_1,-0.122,0.15,0.179,-0.15,-0.42,0.143,0.196,0.224,-0.249,0.208,1.0,-0.251,-0.362,-0.375,-0.252,-0.015
6000,B2_2,-0.33,0.411,0.134,0.049,-0.131,0.369,-0.222,-0.048,0.486,0.27,-0.251,1.0,0.246,-0.262,0.046,-0.452
6000,B2_3,0.152,0.098,-0.425,-0.095,0.16,0.018,0.092,-0.479,0.194,-0.048,-0.362,0.246,1.0,0.007,-0.06,0.178
6000,y1,0.368,-0.726,-0.582,-0.017,0.198,-0.372,0.165,-0.46,-0.281,0.232,-0.375,-0.262,0.007,1.0,0.4,-0.07
6000,y2,-0.27,0.064,0.078,0.378,0.367,0.243,0.193,-0.116,0.246,0.056,-0.252,0.046,-0.06,0.4,1.0,0.353
6000,y3,-0.047,0.25,0.195,0.05,0.355,0.336,0.169,0.032,-0.008,-0.52,-0.015,-0.452,0.178,-0.07,0.353,1.0
6500,.,1.0,-0.363,-0.679,0.133,0.15,-0.4,-0.382,-0.036,0.105,0.224,-0.126,-0.33,0.154,0.357,-0.258,-0.031
6500,A1_1,-0.363,1.0,0.446,0.09,0.067,0.64,-0.135,0.344,0.454,-0.088,0.15,0.411,0.096,-0.711,0.041,0.215
6500,A1_2,-0.679,0.446,1.0,0.179,-0.026,0.602,0.126,0.516,0.06,-0.236,0.177,0.134,-0.424,-0.586,0.066,0.177
6500,A1_3,0.133,0.09,0.179,1.0,0.388,0.16,-0.129,0.557,0.223,0.001,-0.148,0.051,-0.094,0.001,0.367,0.044
6500,B1_1,0.15,0.067,-0.026,0.388,1.0,0.117,0.095,-0.068,0.208,-0.447,-0.418,-0.13,0.161,0.207,0.364,0.349
6500,B1_2,-0.4,0.64,0.602,0.16,0.117,1.0,0.347,0.32,0.199,-0.04,0.143,0.369,0.018,-0.366,0.228,0.305
6500,B1_3,-0.382,-0.135,0.126,-0.129,0.095,0.347,1.0,-0.106,-0.489,-0.22,0.196,-0.222,0.092,0.173,0.195,0.172
6500,A2_1,-0.036,0.344,0.516,0.557,-0.068,0.32,-0.106,1.0,0.011,-0.081,0.226,-0.046,-0.477,-0.459,-0.124,0.025
6500,A2_2,0.105,0.454,0.06,0.223,0.208,0.199,-0.489,0.011,1.0,0.126,-0.25,0.486,0.195,-0.278,0.237,-0.018
6500,A2_3,0.224,-0.088,-0.236,0.001,-0.447,-0.04,-0.22,-0.081,0.126,1.0,0.208,0.271,-0.049,0.219,0.052,-0.526
6500,B2_1,-0.126,0.15,0.177,-0.148,-0.418,0.143,0.196,0.226,-0.25,0.208,1.0,-0.249,-0.36,-0.379,-0.254,-0.017
6500,B2_2,-0.33,0.411,0.134,0.051,-0.13,0.369,-0.222,-0.046,0.486,0.271,-0.249,1.0,0.246,-0.257,0.03,-0.477
6500,B2_3,0.154,0.096,-0.424,-0.094,0.161,0.018,0.092,-0.477,0.195,-0.049,-0.36,0.246,1.0,0.02,-0.068,0.166
6500,y1,0.357,-0.711,-0.586,0.001,0.207,-0.366,0.173,-0.459,-0.278,0.219,-0.379,-0.257,0.02,1.0,0.437,-0.043
6500,y2,-0.258,0.041,0.066,0.367,0.364,0.228,0.195,-0.124,0.237,0.052,-0.254,0.03,-0.068,0.437,1.0,0.356
6500,y3,-0.031,0.215,0.177,0.044,0.349,0.305,0.172,0.025,-0.018,-0.526,-0.017,-0.477,0.166,-0.043,0.356,1.0
7000,.,1.0,-0.36,-0.676,0.131,0.152,-0.4,-0.384,-0.033,0.105,0.222,-0.129,-0.332,0.156,0.344,-0.249,-0.017
7000,A1_1,-0.36,1.0,0.447,0.093,0.067,0.64,-0.135,0.347,0.457,-0.084,0.15,0.41,0.095,-0.703,0.021,0.187
7000,A1_2,-0.676,0.447,1.0,0.182,-0.025,0.602,0.125,0.518,0.063,-0.234,0.175,0.133,-0.423,-0.585,0.053,0.164
7000,A1_3,0.131,0.093,0.182,1.0,0.388,0.161,-0.127,0.559,0.227,0.006,-0.145,0.051,-0.094,0.021,0.36,0.035
7000,B1_1,0.152,0.067,-0.025,0.388,1.0,0.118,0.096,-0.068,0.208,-0.444,-0.416,-0.129,0.163,0.219,0.359,0.342
7000,B1_2,-0.4,0.64,0.602,0.161,0.118,1.0,0.347,0.321,0.2,-0.04,0.143,0.369,0.019,-0.361,0.212,0.286
7000,B1_3,-0.384,-0.135,0.125,-0.127,0.096,0.347,1.0,-0.11,-0.49,-0.223,0.197,-0.222,0.093,0.181,0.2,0.177
7000,A2_1,-0.033,0.347,0.518,0.559,-0.068,0.321,-0.11,1.0,0.017,-0.073,0.226,-0.044,-0.474,-0.46,-0.128,0.017
7000,A2_2,0.105,0.457,0.063,0.227,0.208,0.2,-0.49,0.017,1.0,0.133,-0.251,0.485,0.195,-0.272,0.228,-0.022
7000,A2_3,0.222,-0.084,-0.234,0.006,-0.444,-0.04,-0.223,-0.073,0.133,1.0,0.207,0.27,-0.052,0.207,0.043,-0.533
7000,B2_1,-0.129,0.15,0.175,-0.145,-0.416,0.143,0.197,0.226,-0.251,0.207,1.0,-0.247,-0.358,-0.385,-0.254,-0.019
7000,B2_2,-0.332,0.41,0.133,0.051,-0.129,0.369,-0.222,-0.044,0.485,0.27,-0.247,1.0,0.247,-0.248,0.01,-0.49
7000,B2_3,0.156,0.095,-0.423,-0.094,0.163,0.019,0.093,-0.474,0.195,-0.052,-0.358,0.247,1.0,0.029,-0.073,0.156
7000,y1,0.344,-0.703,-0.585,0.021,0.219,-0.361,0.181,-0.46,-0.272,0.207,-0.385,-0.248,0.029,1.0,0.465,-0.029
7000,y2,-0.249,0.021,0.053,0.36,0.359,0.212,0.2,-0.128,0.228,0.043,-0.254,0.01,-0.073,0.465,1.0,0.368
7000,y3,-0.017,0.187,0.164,0.035,0.342,0.286,0.177,0.017,-0.022,-0.533,-0.019,-0.49,0.156,-0.029,0.368,1.0
7500,.,1.0,-0.355,-0.674,0.132,0.154,-0.401,-0.387,-0.031,0.107,0.222,-0.135,-0.331,0.159,0.333,-0.239,-0.008
7500,A1_1,-0.355,1.0,0.451,0.096,0.068,0.639,-0.134,0.35,0.461,-0.082,0.15,0.409,0.095,-0.693,-0.0,0.163
7500,A1_2,-0.674,0.451,1.0,0.187,-0.023,0.602,0.121,0.522,0.07,-0.229,0.172,0.134,-0.421,-0.586,0.041,0.156
7500,A1_3,0.132,0.096,0.187,1.0,0.388,0.164,-0.127,0.561,0.227,0.009,-0.143,0.052,-0.093,0.036,0.353,0.032
7500,B1_1,0.154,0.068,-0.023,0.388,1.0,0.118,0.097,-0.068,0.206,-0.444,-0.414,-0.128,0.165,0.232,0.352,0.336
7500,B1_2,-0.401,0.639,0.602,0.164,0.118,1.0,0.347,0.322,0.201,-0.041,0.143,0.369,0.02,-0.359,0.196,0.272
7500,B1_3,-0.387,-0.134,0.121,-0.127,0.097,0.347,1.0,-0.114,-0.491,-0.226,0.198,-0.221,0.094,0.187,0.206,0.181
7500,A2_1,-0.031,0.35,0.522,0.561,-0.068,0.322,-0.114,1.0,0.022,-0.066,0.227,-0.041,-0.471,-0.463,-0.132,0.016
7500,A2_2,0.107,0.461,0.07,0.227,0.206,0.201,-0.491,0.022,1.0,0.135,-0.252,0.484,0.194,-0.267,0.216,-0.027
7500,A2_3,0.222,-0.082,-0.229,0.009,-0.444,-0.041,-0.226,-0.066,0.135,1.0,0.207,0.268,-0.053,0.192,0.035,-0.536
7500,B2_1,-0.135,0.15,0.172,-0.143,-0.414,0.143,0.198,0.227,-0.252,0.207,1.0,-0.245,-0.357,-0.391,-0.252,-0.021
7500,B2_2,-0.331,0.409,0.134,0.052,-0.128,0.369,-0.221,-0.041,0.484,0.268,-0.245,1.0,0.247,-0.242,-0.008,-0.502
7500,B2_3,0.159,0.095,-0.421,-0.093,0.165,0.02,0.094,-0.471,0.194,-0.053,-0.357,0.247,1.0,0.038,-0.079,0.147
7500,y1,0.333,-0.693,-0.586,0.036,0.232,-0.359,0.187,-0.463,-0.267,0.192,-0.391,-0.242,0.038,1.0,0.491,-0.016
7500,y2,-0.239,-0.0,0.041,0.353,0.352,0.196,0.206,-0.132,0.216,0.035,-0.252,-0.008,-0.079,0.491,1.0,0.374
7500,y3,-0.008,0.163,0.156,0.032,0.336,0.272,0.181,0.016,-0.027,-0.536,-0.021,-0.502,0.147,-0.016,0.374,1.0
8000,.,1.0,-0.35,-0.671,0.131,0.157,-0.401,-0.39,-0.03,0.109,0.222,-0.139,-0.33,0.161,0.324,-0.234,-0.001
8000,A1_1,-0.35,1.0,0.454,0.099,0.069,0.639,-0.134,0.353,0.464,-0.081,0.15,0.409,0.095,-0.686,-0.015,0.14
8000,A1_2,-0.671,0.454,1.0,0.192,-0.021,0.603,0.118,0.525,0.075,-0.226,0.17,0.135,-0.42,-0.588,0.035,0.143
8000,A1_3,0.131,0.099,0.192,1.0,0.387,0.166,-0.126,0.564,0.227,0.01,-0.14,0.052,-0.091,0.048,0.349,0.029
8000,B1_1,0.157,0.069,-0.021,0.387,1.0,0.119,0.097,-0.069,0.205,-0.443,-0.412,-0.127,0.166,0.242,0.347,0.328
8000,B1_2,-0.401,0.639,0.603,0.166,0.119,1.0,0.347,0.322,0.203,-0.042,0.143,0.37,0.021,-0.359,0.187,0.253
8000,B1_3,-0.39,-0.134,0.118,-0.126,0.097,0.347,1.0,-0.119,-0.492,-0.227,0.199,-0.221,0.095,0.191,0.21,0.188
8000,A2_1,-0.03,0.353,0.525,0.564,-0.069,0.322,-0.119,1.0,0.027,-0.061,0.228,-0.039,-0.467,-0.463,-0.134,0.013
8000,A2_2,0.109,0.464,0.075,0.227,0.205,0.203,-0.492,0.027,1.0,0.138,-0.252,0.484,0.194,-0.261,0.205,-0.032
8000,A2_3,0.222,-0.081,-0.226,0.01,-0.443,-0.042,-0.227,-0.061,0.138,1.0,0.206,0.266,-0.055,0.178,0.032,-0.545
8000,B2_1,-0.139,0.15,0.17,-0.14,-0.412,0.143,0.199,0.228,-0.252,0.206,1.0,-0.243,-0.355,-0.398,-0.249,-0.023
8000,B2_2,-0.33,0.409,0.135,0.052,-0.127,0.37,-0.221,-0.039,0.484,0.266,-0.243,1.0,0.248,-0.238,-0.02,-0.514
8000,B2_3,0.161,0.095,-0.42,-0.091,0.166,0.021,0.095,-0.467,0.194,-0.055,-0.355,0.248,1.0,0.046,-0.085,0.141
8000,y1,0.324,-0.686,-0.588,0.048,0.242,-0.359,0.191,-0.463,-0.261,0.178,-0.398,-0.238,0.046,1.0,0.509,-0.001
8000,y2,-0.234,-0.015,0.035,0.349,0.347,0.187,0.21,-0.134,0.205,0.032,-0.249,-0.02,-0.085,0.509,1.0,0.38
8000,y3,-0.001,0.14,0.143,0.029,0.328,0.253,0.188,0.013,-0.032,-0.545,-0.023,-0.514,0.141,-0.001,0.38,1.0
8500,.,1.0,-0.343,-0.666,0.131,0.159,-0.399,-0.393,-0.027,0.112,0.222,-0.146,-0.328,0.165,0.313,-0.232,0.004
8500,A1_1,-0.343,1.0,0.457,0.101,0.069,0.639,-0.134,0.355,0.466,-0.079,0.15,0.408,0.094,-0.682,-0.027,0.117
8500,A1_2,-0.666,0.457,1.0,0.196,-0.02,0.603,0.114,0.528,0.08,-0.223,0.169,0.135,-0.419,-0.589,0.032,0.133
8500,A1_3,0.131,0.101,0.196,1.0,0.387,0.167,-0.125,0.566,0.228,0.012,-0.138,0.052,-0.091,0.054,0.352,0.035
8500,B1_1,0.159,0.069,-0.02,0.387,1.0,0.119,0.098,-0.07,0.204,-0.444,-0.411,-0.127,0.169,0.246,0.351,0.325
8500,B1_2,-0.399,0.639,0.603,0.167,0.119,1.0,0.347,0.322,0.203,-0.043,0.143,0.37,0.022,-0.357,0.181,0.233
8500,B1_3,-0.393,-0.134,0.114,-0.125,0.098,0.347,1.0,-0.123,-0.492,-0.23,0.2,-0.221,0.096,0.196,0.215,0.194
8500,A2_1,-0.027,0.355,0.528,0.566,-0.07,0.322,-0.123,1.0,0.032,-0.056,0.229,-0.038,-0.464,-0.467,-0.135,0.012
8500,A2_2,0.112,0.466,0.08,0.228,0.204,0.203,-0.492,0.032,1.0,0.139,-0.253,0.482,0.191,-0.254,0.198,-0.045
8500,A2_3,0.222,-0.079,-0.223,0.012,-0.444,-0.043,-0.23,-0.056,0.139,1.0,0.205,0.265,-0.056,0.166,0.024,-0.548
8500,B2_1,-0.146,0.15,0.169,-0.138,-0.411,0.143,0.2,0.229,-0.253,0.205,1.0,-0.241,-0.353,-0.402,-0.251,-0.022
8500,B2_2,-0.328,0.408,0.135,0.052,-0.127,0.37,-0.221,-0.038,0.482,0.265,-0.241,1.0,0.249,-0.23,-0.028,-0.529
8500,B2_3,0.165,0.094,-0.419,-0.091,0.169,0.022,0.096,-0.464,0.191,-0.056,-0.353,0.249,1.0,0.048,-0.087,0.134
8500,y1,0.313,-0.682,-0.589,0.054,0.246,-0.357,0.196,-0.467,-0.254,0.166,-0.402,-0.23,0.048,1.0,0.525,0.011
8500,y2,-0.232,-0.027,0.032,0.352,0.351,0.181,0.215,-0.135,0.198,0.024,-0.251,-0.028,-0.087,0.525,1.0,0.387
8500,y3,0.004,0.117,0.133,0.035,0.325,0.233,0.194,0.012,-0.045,-0.548,-0.022,-0.529,0.134,0.011,0.387,1.0
9000,.,1.0,-0.337,-0.663,0.131,0.162,-0.4,-0.397,-0.027,0.116,0.223,-0.15,-0.326,0.166,0.309,-0.232,0.007
9000,A1_1,-0.337,1.0,0.46,0.104,0.071,0.639,-0.134,0.357,0.47,-0.078,0.15,0.407,0.094,-0.678,-0.04,0.101
9000,A1_2,-0.663,0.46,1.0,0.199,-0.018,0.604,0.111,0.532,0.084,-0.22,0.168,0.134,-0.418,-0.592,0.027,0.126
9000,A1_3,0.131,0.104,0.199,1.0,0.387,0.168,-0.123,0.568,0.23,0.012,-0.135,0.051,-0.093,0.06,0.35,0.037
9000,B1_1,0.162,0.071,-0.018,0.387,1.0,0.12,0.098,-0.068,0.203,-0.446,-0.409,-0.126,0.17,0.248,0.35,0.325
9000,B1_2,-0.4,0.639,0.604,0.168,0.12,1.0,0.347,0.322,0.204,-0.044,0.144,0.37,0.023,-0.359,0.174,0.222
9000,B1_3,-0.397,-0.134,0.111,-0.123,0.098,0.347,1.0,-0.124,-0.493,-0.231,0.2,-0.221,0.097,0.198,0.223,0.2
9000,A2_1,-0.027,0.357,0.532,0.568,-0.068,0.322,-0.124,1.0,0.036,-0.053,0.228,-0.037,-0.462,-0.466,-0.141,0.01
9000,A2_2,0.116,0.47,0.084,0.23,0.203,0.204,-0.493,0.036,1.0,0.139,-0.254,0.482,0.192,-0.25,0.182,-0.05
9000,A2_3,0.223,-0.078,-0.22,0.012,-0.446,-0.044,-0.231,-0.053,0.139,1.0,0.206,0.263,-0.057,0.157,0.017,-0.551
9000,B2_1,-0.15,0.15,0.168,-0.135,-0.409,0.144,0.2,0.228,-0.254,0.206,1.0,-0.239,-0.352,-0.406,-0.245,-0.024
9000,B2_2,-0.326,0.407,0.134,0.051,-0.126,0.37,-0.221,-0.037,0.482,0.263,-0.239,1.0,0.25,-0.227,-0.039,-0.537
9000,B2_3,0.166,0.094,-0.418,-0.093,0.17,0.023,0.097,-0.462,0.192,-0.057,-0.352,0.25,1.0,0.051,-0.092,0.131
9000,y1,0.309,-0.678,-0.592,0.06,0.248,-0.359,0.198,-0.466,-0.25,0.157,-0.406,-0.227,0.051,1.0,0.54,0.023
9000,y2,-0.232,-0.04,0.027,0.35,0.35,0.174,0.223,-0.141,0.182,0.017,-0.245,-0.039,-0.092,0.54,1.0,0.394
9000,y3,0.007,0.101,0.126,0.037,0.325,0.222,0.2,0.01,-0.05,-0.551,-0.024,-0.537,0.131,0.023,0.394,1.0
9500,.,1.0,-0.33,-0.658,0.13,0.164,-0.399,-0.4,-0.024,0.12,0.224,-0.156,-0.323,0.169,0.302,-0.228,0.002
9500,A1_1,-0.33,1.0,0.463,0.108,0.073,0.639,-0.134,0.36,0.473,-0.075,0.15,0.406,0.095,-0.674,-0.051,0.089
9500,A1_2,-0.658,0.463,1.0,0.204,-0.016,0.605,0.108,0.536,0.088,-0.217,0.167,0.134,-0.418,-0.595,0.02,0.126
9500,A1_3,0.13,0.108,0.204,1.0,0.387,0.17,-0.123,0.571,0.23,0.014,-0.134,0.051,-0.092,0.064,0.349,0.04
9500,B1_1,0.164,0.073,-0.016,0.387,1.0,0.12,0.099,-0.068,0.202,-0.445,-0.409,-0.125,0.172,0.249,0.352,0.325
9500,B1_2,-0.399,0.639,0.605,0.17,0.12,1.0,0.347,0.322,0.204,-0.045,0.144,0.37,0.024,-0.362,0.165,0.221
9500,B1_3,-0.4,-0.134,0.108,-0.123,0.099,0.347,1.0,-0.13,-0.494,-0.235,0.2,-0.221,0.098,0.2,0.228,0.21
9500,A2_1,-0.024,0.36,0.536,0.571,-0.068,0.322,-0.13,1.0,0.042,-0.047,0.228,-0.035,-0.459,-0.466,-0.145,0.005
9500,A2_2,0.12,0.473,0.088,0.23,0.202,0.204,-0.494,0.042,1.0,0.142,-0.253,0.481,0.191,-0.244,0.17,-0.06
9500,A2_3,0.224,-0.075,-0.217,0.014,-0.445,-0.045,-0.235,-0.047,0.142,1.0,0.204,0.262,-0.058,0.149,0.007,-0.555
9500,B2_1,-0.156,0.15,0.167,-0.134,-0.409,0.144,0.2,0.228,-0.253,0.204,1.0,-0.238,-0.35,-0.409,-0.243,-0.02
9500,B2_2,-0.323,0.406,0.134,0.051,-0.125,0.37,-0.221,-0.035,0.481,0.262,-0.238,1.0,0.25,-0.225,-0.053,-0.539
9500,B2_3,0.169,0.095,-0.418,-0.092,0.172,0.024,0.098,-0.459,0.191,-0.058,-0.35,0.25,1.0,0.052,-0.093,0.126
9500,y1,0.302,-0.674,-0.595,0.064,0.249,-0.362,0.2,-0.466,-0.244,0.149,-0.409,-0.225,0.052,1.0,0.556,0.03
9500,y2,-0.228,-0.051,0.02,0.349,0.352,0.165,0.228,-0.145,0.17,0.007,-0.243,-0.053,-0.093,0.556,1.0,0.405
9500,y3,0.002,0.089,0.126,0.04,0.325,0.221,0.21,0.005,-0.06,-0.555,-0.02,-0.539,0.126,0.03,0.405,1.0
10000,.,1.0,-0.324,-0.652,0.127,0.165,-0.397,-0.402,-0.021,0.121,0.222,-0.16,-0.321,0.17,0.297,-0.231,0.005
10000,A1_1,-0.324,1.0,0.467,0.111,0.073,0.639,-0.134,0.362,0.476,-0.073,0.15,0.406,0.095,-0.672,-0.06,0.071
10000,A1_2,-0.652,0.467,1.0,0.209,-0.014,0.606,0.104,0.54,0.094,-0.212,0.167,0.135,-0.417,-0.6,0.014,0.113
10000,A1_3,0.127,0.111,0.209,1.0,0.386,0.172,-0.123,0.575,0.23,0.012,-0.133,0.051,-0.093,0.067,0.342,0.041
10000,B1_1,0.165,0.073,-0.014,0.386,1.0,0.121,0.099,-0.065,0.2,-0.448,-0.408,-0.125,0.173,0.243,0.352,0.325
10000,B1_2,-0.397,0.639,0.606,0.172,0.121,1.0,0.347,0.321,0.205,-0.046,0.144,0.371,0.025,-0.366,0.16,0.203
10000,B1_3,-0.402,-0.134,0.104,-0.123,0.099,0.347,1.0,-0.136,-0.495,-0.237,0.201,-0.22,0.099,0.202,0.231,0.215
10000,A2_1,-0.021,0.362,0.54,0.575,-0.065,0.321,-0.136,1.0,0.049,-0.044,0.226,-0.033,-0.456,-0.461,-0.154,-0.004
10000,A2_2,0.121,0.476,0.094,0.23,0.2,0.205,-0.495,0.049,1.0,0.143,-0.252,0.482,0.19,-0.239,0.158,-0.074
10000,A2_3,0.222,-0.073,-0.212,0.012,-0.448,-0.046,-0.237,-0.044,0.143,1.0,0.205,0.26,-0.058,0.141,0.004,-0.556
10000,B2_1,-0.16,0.15,0.167,-0.133,-0.408,0.144,0.201,0.226,-0.252,0.205,1.0,-0.237,-0.348,-0.411,-0.239,-0.019
10000,B2_2,-0.321,0.406,0.135,0.051,-0.125,0.371,-0.22,-0.033,0.482,0.26,-0.237,1.0,0.251,-0.226,-0.059,-0.551
10000,B2_3,0.17,0.095,-0.417,-0.093,0.173,0.025,0.099,-0.456,0.19,-0.058,-0.348,0.251,1.0,0.052,-0.096,0.122
10000,y1,0.297,-0.672,-0.6,0.067,0.243,-0.366,0.202,-0.461,-0.239,0.141,-0.411,-0.226,0.052,1.0,0.57,0.049
10000,y2,-0.231,-0.06,0.014,0.342,0.352,0.16,0.231,-0.154,0.158,0.004,-0.239,-0.059,-0.096,0.57,1.0,0.412
10000,y3,0.005,0.071,0.113,0.041,0.325,0.203,0.215,-0.004,-0.074,-0.556,-0.019,-0.551,0.122,0.049,0.412,1.0
