,,.,A1_1,A1_2,A1_3,B1_1,B1_2,B1_3,A2_1,A2_2,A2_3,B2_1,B2_2,B2_3,y1,y2,y3
0,.,1.0,0.026,-0.183,-0.327,0.063,-0.171,-0.119,-0.364,-0.097,0.036,-0.084,0.058,-0.143,-0.217,0.216,0.243
0,A1_1,0.026,1.0,0.037,0.12,-0.048,-0.117,0.313,0.006,0.051,0.018,-0.033,0.397,-0.0,-0.03,-0.127,-0.08
0,A1_2,-0.183,0.037,1.0,-0.08,-0.087,-0.123,0.22,-0.255,0.046,-0.209,-0.216,-0.053,0.024,-0.21,-0.161,0.194
0,A1_3,-0.327,0.12,-0.08,1.0,-0.28,0.129,-0.196,0.289,0.54,0.213,0.17,0.026,-0.012,-0.19,-0.076,-0.087
0,B1_1,0.063,-0.048,-0.087,-0.28,1.0,0.205,0.09,0.084,0.008,0.317,-0.305,-0.139,0.299,-0.017,0.13,0.101
0,B1_2,-0.171,-0.117,-0.123,0.129,0.205,1.0,-0.126,0.223,0.14,0.323,0.189,-0.248,0.256,-0.035,0.026,0.169
0,B1_3,-0.119,0.313,0.22,-0.196,0.09,-0.126,1.0,-0.051,-0.385,-0.27,-0.019,0.173,-0.169,0.212,0.047,0.066
0,A2_1,-0.364,0.006,-0.255,0.289,0.084,0.223,-0.051,1.0,0.272,0.33,0.038,-0.199,0.267,0.039,-0.244,-0.407
0,A2_2,-0.097,0.051,0.046,0.54,0.008,0.14,-0.385,0.272,1.0,0.289,-0.112,0.076,-0.314,-0.071,-0.265,-0.009
0,A2_3,0.036,0.018,-0.209,0.213,0.317,0.323,-0.27,0.33,0.289,1.0,-0.254,-0.264,0.221,-0.3,-0.05,-0.437
0,B2_1,-0.084,-0.033,-0.216,0.17,-0.305,0.189,-0.019,0.038,-0.112,-0.254,1.0,-0.147,-0.233,0.24,0.281,0.064
0,B2_2,0.058,0.397,-0.053,0.026,-0.139,-0.248,0.173,-0.199,0.076,-0.264,-0.147,1.0,-0.24,-0.072,0.054,0.027
0,B2_3,-0.143,-0.0,0.024,-0.012,0.299,0.256,-0.169,0.267,-0.314,0.221,-0.233,-0.24,1.0,-0.191,-0.013,-0.092
0,y1,-0.217,-0.03,-0.21,-0.19,-0.017,-0.035,0.212,0.039,-0.071,-0.3,0.24,-0.072,-0.191,1.0,-0.187,-0.212
0,y2,0.216,-0.127,-0.161,-0.076,0.13,0.026,0.047,-0.244,-0.265,-0.05,0.281,0.054,-0.013,-0.187,1.0,0.159
0,y3,0.243,-0.08,0.194,-0.087,0.101,0.169,0.066,-0.407,-0.009,-0.437,0.064,0.027,-0.092,-0.212,0.159,1.0
1,.,1.0,0.021,-0.188,-0.326,0.066,-0.172,-0.115,-0.359,-0.097,0.037,-0.085,0.061,-0.145,-0.219,0.219,0.241
1,A1_1,0.021,1.0,0.043,0.122,-0.051,-0.12,0.314,0.005,0.055,0.018,-0.035,0.396,-0.006,-0.028,-0.128,-0.08
1,A1_2,-0.188,0.043,1.0,-0.075,-0.089,-0.124,0.219,-0.25,0.049,-0.206,-0.218,-0.055,0.022,-0.214,-0.163,0.192
1,A1_3,-0.326,0.122,-0.075,1.0,-0.285,0.124,-0.197,0.291,0.542,0.216,0.164,0.022,-0.02,-0.188,-0.077,-0.088
1,B1_1,0.066,-0.051,-0.089,-0.285,1.0,0.204,0.089,0.081,0.003,0.313,-0.304,-0.14,0.299,-0.018,0.129,0.098
1,B1_2,-0.172,-0.12,-0.124,0.124,0.204,1.0,-0.128,0.22,0.138,0.322,0.187,-0.249,0.256,-0.032,0.025,0.169
1,B1_3,-0.115,0.314,0.219,-0.197,0.089,-0.128,1.0,-0.054,-0.385,-0.269,-0.021,0.173,-0.172,0.211,0.046,0.065
1,A2_1,-0.359,0.005,-0.25,0.291,0.081,0.22,-0.054,1.0,0.276,0.331,0.034,-0.201,0.263,0.039,-0.242,-0.406
1,A2_2,-0.097,0.055,0.049,0.542,0.003,0.138,-0.385,0.276,1.0,0.291,-0.114,0.075,-0.317,-0.072,-0.268,-0.01
1,A2_3,0.037,0.018,-0.206,0.216,0.313,0.322,-0.269,0.331,0.291,1.0,-0.256,-0.267,0.218,-0.298,-0.053,-0.438
1,B2_1,-0.085,-0.035,-0.218,0.164,-0.304,0.187,-0.021,0.034,-0.114,-0.256,1.0,-0.148,-0.232,0.246,0.28,0.065
1,B2_2,0.061,0.396,-0.055,0.022,-0.14,-0.249,0.173,-0.201,0.075,-0.267,-0.148,1.0,-0.244,-0.07,0.053,0.023
1,B2_3,-0.145,-0.006,0.022,-0.02,0.299,0.256,-0.172,0.263,-0.317,0.218,-0.232,-0.244,1.0,-0.185,-0.011,-0.094
1,y1,-0.219,-0.028,-0.214,-0.188,-0.018,-0.032,0.211,0.039,-0.072,-0.298,0.246,-0.07,-0.185,1.0,-0.186,-0.214
1,y2,0.219,-0.128,-0.163,-0.077,0.129,0.025,0.046,-0.242,-0.268,-0.053,0.28,0.053,-0.011,-0.186,1.0,0.158
1,y3,0.241,-0.08,0.192,-0.088,0.098,0.169,0.065,-0.406,-0.01,-0.438,0.065,0.023,-0.094,-0.214,0.158,1.0
2,.,1.0,0.019,-0.192,-0.323,0.066,-0.173,-0.115,-0.352,-0.094,0.041,-0.089,0.065,-0.144,-0.221,0.221,0.235
2,A1_1,0.019,1.0,0.046,0.124,-0.052,-0.122,0.314,0.006,0.055,0.018,-0.037,0.395,-0.011,-0.026,-0.128,-0.076
2,A1_2,-0.192,0.046,1.0,-0.068,-0.092,-0.125,0.218,-0.246,0.052,-0.203,-0.219,-0.056,0.02,-0.217,-0.166,0.191
2,A1_3,-0.323,0.124,-0.068,1.0,-0.29,0.12,-0.198,0.294,0.545,0.218,0.162,0.019,-0.027,-0.186,-0.078,-0.087
2,B1_1,0.066,-0.052,-0.092,-0.29,1.0,0.204,0.09,0.077,-0.001,0.31,-0.303,-0.14,0.3,-0.018,0.128,0.096
2,B1_2,-0.173,-0.122,-0.125,0.12,0.204,1.0,-0.128,0.218,0.135,0.32,0.189,-0.248,0.256,-0.03,0.026,0.17
2,B1_3,-0.115,0.314,0.218,-0.198,0.09,-0.128,1.0,-0.055,-0.386,-0.271,-0.021,0.17,-0.175,0.213,0.045,0.065
2,A2_1,-0.352,0.006,-0.246,0.294,0.077,0.218,-0.055,1.0,0.279,0.332,0.031,-0.201,0.262,0.04,-0.243,-0.407
2,A2_2,-0.094,0.055,0.052,0.545,-0.001,0.135,-0.386,0.279,1.0,0.293,-0.117,0.073,-0.319,-0.072,-0.27,-0.012
2,A2_3,0.041,0.018,-0.203,0.218,0.31,0.32,-0.271,0.332,0.293,1.0,-0.256,-0.269,0.215,-0.295,-0.053,-0.439
2,B2_1,-0.089,-0.037,-0.219,0.162,-0.303,0.189,-0.021,0.031,-0.117,-0.256,1.0,-0.15,-0.231,0.247,0.279,0.064
2,B2_2,0.065,0.395,-0.056,0.019,-0.14,-0.248,0.17,-0.201,0.073,-0.269,-0.15,1.0,-0.245,-0.069,0.049,0.022
2,B2_3,-0.144,-0.011,0.02,-0.027,0.3,0.256,-0.175,0.262,-0.319,0.215,-0.231,-0.245,1.0,-0.179,-0.009,-0.092
2,y1,-0.221,-0.026,-0.217,-0.186,-0.018,-0.03,0.213,0.04,-0.072,-0.295,0.247,-0.069,-0.179,1.0,-0.184,-0.216
2,y2,0.221,-0.128,-0.166,-0.078,0.128,0.026,0.045,-0.243,-0.27,-0.053,0.279,0.049,-0.009,-0.184,1.0,0.157
2,y3,0.235,-0.076,0.191,-0.087,0.096,0.17,0.065,-0.407,-0.012,-0.439,0.064,0.022,-0.092,-0.216,0.157,1.0
3,.,1.0,0.015,-0.193,-0.321,0.069,-0.177,-0.116,-0.351,-0.093,0.043,-0.092,0.068,-0.142,-0.228,0.222,0.232
3,A1_1,0.015,1.0,0.05,0.127,-0.055,-0.122,0.313,0.007,0.059,0.021,-0.039,0.392,-0.015,-0.024,-0.128,-0.075
3,A1_2,-0.193,0.05,1.0,-0.061,-0.096,-0.127,0.216,-0.242,0.058,-0.199,-0.22,-0.057,0.018,-0.219,-0.17,0.19
3,A1_3,-0.321,0.127,-0.061,1.0,-0.293,0.118,-0.2,0.296,0.548,0.22,0.16,0.016,-0.034,-0.185,-0.078,-0.086
3,B1_1,0.069,-0.055,-0.096,-0.293,1.0,0.207,0.091,0.074,-0.006,0.307,-0.301,-0.141,0.301,-0.016,0.126,0.095
3,B1_2,-0.177,-0.122,-0.127,0.118,0.207,1.0,-0.128,0.215,0.133,0.32,0.189,-0.248,0.256,-0.029,0.027,0.171
3,B1_3,-0.116,0.313,0.216,-0.2,0.091,-0.128,1.0,-0.055,-0.385,-0.269,-0.022,0.168,-0.175,0.213,0.044,0.064
3,A2_1,-0.351,0.007,-0.242,0.296,0.074,0.215,-0.055,1.0,0.281,0.332,0.028,-0.201,0.259,0.041,-0.242,-0.406
3,A2_2,-0.093,0.059,0.058,0.548,-0.006,0.133,-0.385,0.281,1.0,0.292,-0.119,0.072,-0.324,-0.073,-0.274,-0.013
3,A2_3,0.043,0.021,-0.199,0.22,0.307,0.32,-0.269,0.332,0.292,1.0,-0.257,-0.27,0.213,-0.295,-0.053,-0.441
3,B2_1,-0.092,-0.039,-0.22,0.16,-0.301,0.189,-0.022,0.028,-0.119,-0.257,1.0,-0.15,-0.23,0.248,0.28,0.065
3,B2_2,0.068,0.392,-0.057,0.016,-0.141,-0.248,0.168,-0.201,0.072,-0.27,-0.15,1.0,-0.247,-0.07,0.046,0.019
3,B2_3,-0.142,-0.015,0.018,-0.034,0.301,0.256,-0.175,0.259,-0.324,0.213,-0.23,-0.247,1.0,-0.174,-0.004,-0.091
3,y1,-0.228,-0.024,-0.219,-0.185,-0.016,-0.029,0.213,0.041,-0.073,-0.295,0.248,-0.07,-0.174,1.0,-0.181,-0.217
3,y2,0.222,-0.128,-0.17,-0.078,0.126,0.027,0.044,-0.242,-0.274,-0.053,0.28,0.046,-0.004,-0.181,1.0,0.156
3,y3,0.232,-0.075,0.19,-0.086,0.095,0.171,0.064,-0.406,-0.013,-0.441,0.065,0.019,-0.091,-0.217,0.156,1.0
4,.,1.0,0.015,-0.193,-0.319,0.072,-0.177,-0.118,-0.35,-0.09,0.047,-0.093,0.07,-0.139,-0.232,0.222,0.233
4,A1_1,0.015,1.0,0.053,0.131,-0.056,-0.123,0.311,0.007,0.063,0.023,-0.042,0.391,-0.015,-0.022,-0.129,-0.074
4,A1_2,-0.193,0.053,1.0,-0.056,-0.098,-0.129,0.214,-0.242,0.064,-0.194,-0.221,-0.057,0.015,-0.222,-0.172,0.189
4,A1_3,-0.319,0.131,-0.056,1.0,-0.295,0.113,-0.202,0.299,0.552,0.224,0.157,0.015,-0.041,-0.184,-0.078,-0.085
4,B1_1,0.072,-0.056,-0.098,-0.295,1.0,0.207,0.091,0.071,-0.01,0.304,-0.301,-0.14,0.305,-0.015,0.125,0.093
4,B1_2,-0.177,-0.123,-0.129,0.113,0.207,1.0,-0.129,0.214,0.13,0.318,0.189,-0.246,0.258,-0.027,0.027,0.171
4,B1_3,-0.118,0.311,0.214,-0.202,0.091,-0.129,1.0,-0.057,-0.385,-0.268,-0.022,0.167,-0.176,0.212,0.043,0.062
4,A2_1,-0.35,0.007,-0.242,0.299,0.071,0.214,-0.057,1.0,0.283,0.333,0.026,-0.203,0.255,0.041,-0.242,-0.407
4,A2_2,-0.09,0.063,0.064,0.552,-0.01,0.13,-0.385,0.283,1.0,0.293,-0.12,0.07,-0.326,-0.074,-0.277,-0.014
4,A2_3,0.047,0.023,-0.194,0.224,0.304,0.318,-0.268,0.333,0.293,1.0,-0.259,-0.27,0.209,-0.296,-0.053,-0.441
4,B2_1,-0.093,-0.042,-0.221,0.157,-0.301,0.189,-0.022,0.026,-0.12,-0.259,1.0,-0.149,-0.229,0.25,0.281,0.068
4,B2_2,0.07,0.391,-0.057,0.015,-0.14,-0.246,0.167,-0.203,0.07,-0.27,-0.149,1.0,-0.245,-0.07,0.043,0.017
4,B2_3,-0.139,-0.015,0.015,-0.041,0.305,0.258,-0.176,0.255,-0.326,0.209,-0.229,-0.245,1.0,-0.17,-0.0,-0.088
4,y1,-0.232,-0.022,-0.222,-0.184,-0.015,-0.027,0.212,0.041,-0.074,-0.296,0.25,-0.07,-0.17,1.0,-0.178,-0.216
4,y2,0.222,-0.129,-0.172,-0.078,0.125,0.027,0.043,-0.242,-0.277,-0.053,0.281,0.043,-0.0,-0.178,1.0,0.156
4,y3,0.233,-0.074,0.189,-0.085,0.093,0.171,0.062,-0.407,-0.014,-0.441,0.068,0.017,-0.088,-0.216,0.156,1.0
5,.,1.0,0.015,-0.194,-0.319,0.076,-0.176,-0.118,-0.35,-0.089,0.046,-0.094,0.072,-0.136,-0.236,0.221,0.236
5,A1_1,0.015,1.0,0.055,0.135,-0.058,-0.124,0.311,0.009,0.066,0.024,-0.043,0.39,-0.017,-0.022,-0.131,-0.074
5,A1_2,-0.194,0.055,1.0,-0.052,-0.1,-0.13,0.212,-0.241,0.068,-0.193,-0.222,-0.058,0.013,-0.223,-0.174,0.188
5,A1_3,-0.319,0.135,-0.052,1.0,-0.297,0.111,-0.203,0.302,0.555,0.226,0.154,0.012,-0.043,-0.183,-0.081,-0.085
5,B1_1,0.076,-0.058,-0.1,-0.297,1.0,0.208,0.091,0.07,-0.013,0.302,-0.3,-0.137,0.307,-0.015,0.124,0.092
5,B1_2,-0.176,-0.124,-0.13,0.111,0.208,1.0,-0.129,0.212,0.126,0.315,0.189,-0.244,0.259,-0.026,0.024,0.171
5,B1_3,-0.118,0.311,0.212,-0.203,0.091,-0.129,1.0,-0.058,-0.385,-0.268,-0.022,0.166,-0.176,0.211,0.043,0.064
5,A2_1,-0.35,0.009,-0.241,0.302,0.07,0.212,-0.058,1.0,0.285,0.335,0.024,-0.203,0.253,0.039,-0.244,-0.408
5,A2_2,-0.089,0.066,0.068,0.555,-0.013,0.126,-0.385,0.285,1.0,0.295,-0.122,0.069,-0.328,-0.077,-0.28,-0.014
5,A2_3,0.046,0.024,-0.193,0.226,0.302,0.315,-0.268,0.335,0.295,1.0,-0.26,-0.271,0.208,-0.295,-0.055,-0.443
5,B2_1,-0.094,-0.043,-0.222,0.154,-0.3,0.189,-0.022,0.024,-0.122,-0.26,1.0,-0.149,-0.228,0.251,0.283,0.069
5,B2_2,0.072,0.39,-0.058,0.012,-0.137,-0.244,0.166,-0.203,0.069,-0.271,-0.149,1.0,-0.244,-0.072,0.042,0.019
5,B2_3,-0.136,-0.017,0.013,-0.043,0.307,0.259,-0.176,0.253,-0.328,0.208,-0.228,-0.244,1.0,-0.167,0.002,-0.088
5,y1,-0.236,-0.022,-0.223,-0.183,-0.015,-0.026,0.211,0.039,-0.077,-0.295,0.251,-0.072,-0.167,1.0,-0.172,-0.212
5,y2,0.221,-0.131,-0.174,-0.081,0.124,0.024,0.043,-0.244,-0.28,-0.055,0.283,0.042,0.002,-0.172,1.0,0.152
5,y3,0.236,-0.074,0.188,-0.085,0.092,0.171,0.064,-0.408,-0.014,-0.443,0.069,0.019,-0.088,-0.212,0.152,1.0
6,.,1.0,0.009,-0.199,-0.316,0.077,-0.178,-0.12,-0.346,-0.09,0.051,-0.099,0.07,-0.133,-0.237,0.221,0.235
6,A1_1,0.009,1.0,0.059,0.139,-0.061,-0.125,0.311,0.012,0.071,0.026,-0.044,0.388,-0.02,-0.023,-0.134,-0.073
6,A1_2,-0.199,0.059,1.0,-0.047,-0.101,-0.131,0.209,-0.235,0.075,-0.188,-0.223,-0.06,0.01,-0.226,-0.177,0.186
6,A1_3,-0.316,0.139,-0.047,1.0,-0.302,0.109,-0.205,0.303,0.556,0.229,0.152,0.009,-0.049,-0.183,-0.083,-0.086
6,B1_1,0.077,-0.061,-0.101,-0.302,1.0,0.208,0.092,0.066,-0.016,0.298,-0.298,-0.136,0.307,-0.013,0.122,0.09
6,B1_2,-0.178,-0.125,-0.131,0.109,0.208,1.0,-0.129,0.208,0.124,0.313,0.19,-0.242,0.258,-0.025,0.026,0.171
6,B1_3,-0.12,0.311,0.209,-0.205,0.092,-0.129,1.0,-0.059,-0.385,-0.268,-0.021,0.166,-0.176,0.213,0.039,0.064
6,A2_1,-0.346,0.012,-0.235,0.303,0.066,0.208,-0.059,1.0,0.288,0.334,0.021,-0.206,0.249,0.038,-0.242,-0.405
6,A2_2,-0.09,0.071,0.075,0.556,-0.016,0.124,-0.385,0.288,1.0,0.296,-0.122,0.066,-0.332,-0.079,-0.282,-0.015
6,A2_3,0.051,0.026,-0.188,0.229,0.298,0.313,-0.268,0.334,0.296,1.0,-0.261,-0.273,0.204,-0.295,-0.058,-0.445
6,B2_1,-0.099,-0.044,-0.223,0.152,-0.298,0.19,-0.021,0.021,-0.122,-0.261,1.0,-0.148,-0.227,0.253,0.282,0.069
6,B2_2,0.07,0.388,-0.06,0.009,-0.136,-0.242,0.166,-0.206,0.066,-0.273,-0.148,1.0,-0.245,-0.07,0.04,0.018
6,B2_3,-0.133,-0.02,0.01,-0.049,0.307,0.258,-0.176,0.249,-0.332,0.204,-0.227,-0.245,1.0,-0.164,0.004,-0.087
6,y1,-0.237,-0.023,-0.226,-0.183,-0.013,-0.025,0.213,0.038,-0.079,-0.295,0.253,-0.07,-0.164,1.0,-0.167,-0.21
6,y2,0.221,-0.134,-0.177,-0.083,0.122,0.026,0.039,-0.242,-0.282,-0.058,0.282,0.04,0.004,-0.167,1.0,0.151
6,y3,0.235,-0.073,0.186,-0.086,0.09,0.171,0.064,-0.405,-0.015,-0.445,0.069,0.018,-0.087,-0.21,0.151,1.0
7,.,1.0,0.008,-0.2,-0.311,0.079,-0.179,-0.119,-0.345,-0.088,0.052,-0.101,0.07,-0.132,-0.24,0.221,0.235
7,A1_1,0.008,1.0,0.061,0.142,-0.062,-0.124,0.311,0.015,0.072,0.029,-0.045,0.387,-0.023,-0.025,-0.134,-0.072
7,A1_2,-0.2,0.061,1.0,-0.044,-0.102,-0.131,0.207,-0.233,0.078,-0.184,-0.224,-0.061,0.011,-0.227,-0.178,0.185
7,A1_3,-0.311,0.142,-0.044,1.0,-0.302,0.106,-0.206,0.304,0.557,0.232,0.15,0.007,-0.053,-0.184,-0.082,-0.086
7,B1_1,0.079,-0.062,-0.102,-0.302,1.0,0.208,0.093,0.066,-0.018,0.296,-0.297,-0.135,0.307,-0.013,0.123,0.089
7,B1_2,-0.179,-0.124,-0.131,0.106,0.208,1.0,-0.129,0.208,0.124,0.31,0.191,-0.241,0.259,-0.024,0.024,0.169
7,B1_3,-0.119,0.311,0.207,-0.206,0.093,-0.129,1.0,-0.059,-0.386,-0.269,-0.022,0.166,-0.176,0.211,0.04,0.064
7,A2_1,-0.345,0.015,-0.233,0.304,0.066,0.208,-0.059,1.0,0.289,0.335,0.02,-0.206,0.247,0.037,-0.242,-0.408
7,A2_2,-0.088,0.072,0.078,0.557,-0.018,0.124,-0.386,0.289,1.0,0.299,-0.123,0.065,-0.334,-0.081,-0.284,-0.015
7,A2_3,0.052,0.029,-0.184,0.232,0.296,0.31,-0.269,0.335,0.299,1.0,-0.262,-0.275,0.202,-0.296,-0.061,-0.446
7,B2_1,-0.101,-0.045,-0.224,0.15,-0.297,0.191,-0.022,0.02,-0.123,-0.262,1.0,-0.148,-0.227,0.256,0.282,0.07
7,B2_2,0.07,0.387,-0.061,0.007,-0.135,-0.241,0.166,-0.206,0.065,-0.275,-0.148,1.0,-0.246,-0.07,0.038,0.018
7,B2_3,-0.132,-0.023,0.011,-0.053,0.307,0.259,-0.176,0.247,-0.334,0.202,-0.227,-0.246,1.0,-0.162,0.005,-0.087
7,y1,-0.24,-0.025,-0.227,-0.184,-0.013,-0.024,0.211,0.037,-0.081,-0.296,0.256,-0.07,-0.162,1.0,-0.164,-0.208
7,y2,0.221,-0.134,-0.178,-0.082,0.123,0.024,0.04,-0.242,-0.284,-0.061,0.282,0.038,0.005,-0.164,1.0,0.152
7,y3,0.235,-0.072,0.185,-0.086,0.089,0.169,0.064,-0.408,-0.015,-0.446,0.07,0.018,-0.087,-0.208,0.152,1.0
8,.,1.0,0.006,-0.202,-0.311,0.081,-0.178,-0.12,-0.344,-0.087,0.054,-0.102,0.071,-0.131,-0.243,0.22,0.236
8,A1_1,0.006,1.0,0.062,0.144,-0.064,-0.125,0.31,0.015,0.074,0.029,-0.046,0.387,-0.024,-0.026,-0.133,-0.07
8,A1_2,-0.202,0.062,1.0,-0.04,-0.102,-0.131,0.207,-0.23,0.079,-0.18,-0.225,-0.062,0.01,-0.229,-0.18,0.182
8,A1_3,-0.311,0.144,-0.04,1.0,-0.304,0.103,-0.207,0.305,0.559,0.234,0.148,0.006,-0.055,-0.183,-0.084,-0.084
8,B1_1,0.081,-0.064,-0.102,-0.304,1.0,0.208,0.093,0.065,-0.019,0.295,-0.297,-0.134,0.308,-0.013,0.123,0.088
8,B1_2,-0.178,-0.125,-0.131,0.103,0.208,1.0,-0.129,0.207,0.122,0.31,0.191,-0.241,0.26,-0.024,0.023,0.168
8,B1_3,-0.12,0.31,0.207,-0.207,0.093,-0.129,1.0,-0.06,-0.386,-0.268,-0.022,0.166,-0.176,0.211,0.041,0.065
8,A2_1,-0.344,0.015,-0.23,0.305,0.065,0.207,-0.06,1.0,0.29,0.336,0.02,-0.206,0.246,0.038,-0.242,-0.407
8,A2_2,-0.087,0.074,0.079,0.559,-0.019,0.122,-0.386,0.29,1.0,0.301,-0.123,0.065,-0.335,-0.081,-0.285,-0.016
8,A2_3,0.054,0.029,-0.18,0.234,0.295,0.31,-0.268,0.336,0.301,1.0,-0.263,-0.276,0.2,-0.297,-0.063,-0.446
8,B2_1,-0.102,-0.046,-0.225,0.148,-0.297,0.191,-0.022,0.02,-0.123,-0.263,1.0,-0.148,-0.228,0.256,0.282,0.07
8,B2_2,0.071,0.387,-0.062,0.006,-0.134,-0.241,0.166,-0.206,0.065,-0.276,-0.148,1.0,-0.245,-0.069,0.038,0.019
8,B2_3,-0.131,-0.024,0.01,-0.055,0.308,0.26,-0.176,0.246,-0.335,0.2,-0.228,-0.245,1.0,-0.161,0.006,-0.086
8,y1,-0.243,-0.026,-0.229,-0.183,-0.013,-0.024,0.211,0.038,-0.081,-0.297,0.256,-0.069,-0.161,1.0,-0.16,-0.205
8,y2,0.22,-0.133,-0.18,-0.084,0.123,0.023,0.041,-0.242,-0.285,-0.063,0.282,0.038,0.006,-0.16,1.0,0.152
8,y3,0.236,-0.07,0.182,-0.084,0.088,0.168,0.065,-0.407,-0.016,-0.446,0.07,0.019,-0.086,-0.205,0.152,1.0
9,.,1.0,0.004,-0.203,-0.313,0.084,-0.177,-0.12,-0.344,-0.088,0.054,-0.103,0.07,-0.129,-0.243,0.219,0.235
9,A1_1,0.004,1.0,0.064,0.145,-0.064,-0.125,0.31,0.015,0.075,0.029,-0.046,0.387,-0.025,-0.026,-0.134,-0.07
9,A1_2,-0.203,0.064,1.0,-0.039,-0.103,-0.132,0.205,-0.23,0.081,-0.177,-0.227,-0.062,0.01,-0.231,-0.18,0.182
9,A1_3,-0.313,0.145,-0.039,1.0,-0.304,0.103,-0.207,0.306,0.559,0.234,0.147,0.006,-0.056,-0.183,-0.084,-0.084
9,B1_1,0.084,-0.064,-0.103,-0.304,1.0,0.208,0.093,0.065,-0.02,0.295,-0.296,-0.133,0.308,-0.013,0.122,0.088
9,B1_2,-0.177,-0.125,-0.132,0.103,0.208,1.0,-0.128,0.208,0.123,0.31,0.191,-0.24,0.26,-0.024,0.023,0.168
9,B1_3,-0.12,0.31,0.205,-0.207,0.093,-0.128,1.0,-0.061,-0.387,-0.267,-0.022,0.166,-0.176,0.211,0.041,0.065
9,A2_1,-0.344,0.015,-0.23,0.306,0.065,0.208,-0.061,1.0,0.292,0.337,0.02,-0.205,0.245,0.036,-0.243,-0.408
9,A2_2,-0.088,0.075,0.081,0.559,-0.02,0.123,-0.387,0.292,1.0,0.303,-0.124,0.064,-0.334,-0.082,-0.286,-0.016
9,A2_3,0.054,0.029,-0.177,0.234,0.295,0.31,-0.267,0.337,0.303,1.0,-0.263,-0.277,0.199,-0.299,-0.065,-0.446
9,B2_1,-0.103,-0.046,-0.227,0.147,-0.296,0.191,-0.022,0.02,-0.124,-0.263,1.0,-0.148,-0.227,0.257,0.283,0.071
9,B2_2,0.07,0.387,-0.062,0.006,-0.133,-0.24,0.166,-0.205,0.064,-0.277,-0.148,1.0,-0.245,-0.067,0.038,0.019
9,B2_3,-0.129,-0.025,0.01,-0.056,0.308,0.26,-0.176,0.245,-0.334,0.199,-0.227,-0.245,1.0,-0.162,0.007,-0.086
9,y1,-0.243,-0.026,-0.231,-0.183,-0.013,-0.024,0.211,0.036,-0.082,-0.299,0.257,-0.067,-0.162,1.0,-0.157,-0.203
9,y2,0.219,-0.134,-0.18,-0.084,0.122,0.023,0.041,-0.243,-0.286,-0.065,0.283,0.038,0.007,-0.157,1.0,0.152
9,y3,0.235,-0.07,0.182,-0.084,0.088,0.168,0.065,-0.408,-0.016,-0.446,0.071,0.019,-0.086,-0.203,0.152,1.0
10,.,1.0,0.004,-0.202,-0.31,0.084,-0.178,-0.121,-0.344,-0.086,0.056,-0.103,0.07,-0.13,-0.245,0.216,0.234
10,A1_1,0.004,1.0,0.064,0.146,-0.064,-0.125,0.311,0.017,0.076,0.029,-0.046,0.386,-0.025,-0.025,-0.135,-0.07
10,A1_2,-0.202,0.064,1.0,-0.039,-0.102,-0.131,0.204,-0.23,0.081,-0.175,-0.227,-0.063,0.009,-0.231,-0.182,0.182
10,A1_3,-0.31,0.146,-0.039,1.0,-0.304,0.103,-0.209,0.307,0.561,0.237,0.147,0.004,-0.057,-0.183,-0.084,-0.084
10,B1_1,0.084,-0.064,-0.102,-0.304,1.0,0.208,0.093,0.064,-0.021,0.294,-0.296,-0.133,0.308,-0.013,0.121,0.088
10,B1_2,-0.178,-0.125,-0.131,0.103,0.208,1.0,-0.128,0.207,0.122,0.309,0.191,-0.239,0.26,-0.024,0.023,0.167
10,B1_3,-0.121,0.311,0.204,-0.209,0.093,-0.128,1.0,-0.061,-0.387,-0.268,-0.022,0.167,-0.176,0.212,0.04,0.065
10,A2_1,-0.344,0.017,-0.23,0.307,0.064,0.207,-0.061,1.0,0.293,0.339,0.02,-0.206,0.244,0.035,-0.242,-0.408
10,A2_2,-0.086,0.076,0.081,0.561,-0.021,0.122,-0.387,0.293,1.0,0.305,-0.124,0.064,-0.336,-0.083,-0.286,-0.017
10,A2_3,0.056,0.029,-0.175,0.237,0.294,0.309,-0.268,0.339,0.305,1.0,-0.264,-0.278,0.198,-0.302,-0.066,-0.447
10,B2_1,-0.103,-0.046,-0.227,0.147,-0.296,0.191,-0.022,0.02,-0.124,-0.264,1.0,-0.147,-0.227,0.258,0.284,0.073
10,B2_2,0.07,0.386,-0.063,0.004,-0.133,-0.239,0.167,-0.206,0.064,-0.278,-0.147,1.0,-0.244,-0.065,0.038,0.019
10,B2_3,-0.13,-0.025,0.009,-0.057,0.308,0.26,-0.176,0.244,-0.336,0.198,-0.227,-0.244,1.0,-0.162,0.007,-0.085
10,y1,-0.245,-0.025,-0.231,-0.183,-0.013,-0.024,0.212,0.035,-0.083,-0.302,0.258,-0.065,-0.162,1.0,-0.154,-0.199
10,y2,0.216,-0.135,-0.182,-0.084,0.121,0.023,0.04,-0.242,-0.286,-0.066,0.284,0.038,0.007,-0.154,1.0,0.153
10,y3,0.234,-0.07,0.182,-0.084,0.088,0.167,0.065,-0.408,-0.017,-0.447,0.073,0.019,-0.085,-0.199,0.153,1.0
11,.,1.0,0.004,-0.201,-0.309,0.084,-0.178,-0.121,-0.346,-0.084,0.058,-0.105,0.069,-0.13,-0.246,0.216,0.234
11,A1_1,0.004,1.0,0.065,0.146,-0.064,-0.125,0.311,0.016,0.076,0.029,-0.047,0.387,-0.025,-0.026,-0.135,-0.069
11,A1_2,-0.201,0.065,1.0,-0.038,-0.101,-0.132,0.203,-0.23,0.082,-0.173,-0.228,-0.064,0.009,-0.231,-0.182,0.181
11,A1_3,-0.309,0.146,-0.038,1.0,-0.306,0.101,-0.208,0.309,0.562,0.237,0.146,0.003,-0.057,-0.183,-0.085,-0.083
11,B1_1,0.084,-0.064,-0.101,-0.306,1.0,0.209,0.094,0.063,-0.022,0.295,-0.296,-0.132,0.309,-0.013,0.121,0.087
11,B1_2,-0.178,-0.125,-0.132,0.101,0.209,1.0,-0.127,0.205,0.12,0.309,0.192,-0.239,0.26,-0.023,0.022,0.167
11,B1_3,-0.121,0.311,0.203,-0.208,0.094,-0.127,1.0,-0.062,-0.386,-0.268,-0.022,0.167,-0.176,0.212,0.041,0.065
11,A2_1,-0.346,0.016,-0.23,0.309,0.063,0.205,-0.062,1.0,0.293,0.338,0.019,-0.205,0.244,0.034,-0.243,-0.407
11,A2_2,-0.084,0.076,0.082,0.562,-0.022,0.12,-0.386,0.293,1.0,0.305,-0.124,0.064,-0.336,-0.084,-0.287,-0.016
11,A2_3,0.058,0.029,-0.173,0.237,0.295,0.309,-0.268,0.338,0.305,1.0,-0.264,-0.279,0.198,-0.304,-0.068,-0.448
11,B2_1,-0.105,-0.047,-0.228,0.146,-0.296,0.192,-0.022,0.019,-0.124,-0.264,1.0,-0.147,-0.227,0.259,0.284,0.075
11,B2_2,0.069,0.387,-0.064,0.003,-0.132,-0.239,0.167,-0.205,0.064,-0.279,-0.147,1.0,-0.244,-0.065,0.038,0.02
11,B2_3,-0.13,-0.025,0.009,-0.057,0.309,0.26,-0.176,0.244,-0.336,0.198,-0.227,-0.244,1.0,-0.162,0.008,-0.085
11,y1,-0.246,-0.026,-0.231,-0.183,-0.013,-0.023,0.212,0.034,-0.084,-0.304,0.259,-0.065,-0.162,1.0,-0.153,-0.195
11,y2,0.216,-0.135,-0.182,-0.085,0.121,0.022,0.041,-0.243,-0.287,-0.068,0.284,0.038,0.008,-0.153,1.0,0.154
11,y3,0.234,-0.069,0.181,-0.083,0.087,0.167,0.065,-0.407,-0.016,-0.448,0.075,0.02,-0.085,-0.195,0.154,1.0
12,.,1.0,0.002,-0.2,-0.309,0.085,-0.177,-0.121,-0.345,-0.082,0.057,-0.106,0.07,-0.131,-0.246,0.215,0.233
12,A1_1,0.002,1.0,0.066,0.147,-0.065,-0.126,0.312,0.018,0.078,0.029,-0.047,0.386,-0.026,-0.027,-0.136,-0.07
12,A1_2,-0.2,0.066,1.0,-0.038,-0.101,-0.132,0.202,-0.229,0.082,-0.172,-0.228,-0.064,0.009,-0.232,-0.182,0.179
12,A1_3,-0.309,0.147,-0.038,1.0,-0.307,0.099,-0.208,0.309,0.562,0.237,0.146,0.003,-0.058,-0.183,-0.084,-0.083
12,B1_1,0.085,-0.065,-0.101,-0.307,1.0,0.21,0.094,0.063,-0.023,0.294,-0.296,-0.132,0.309,-0.013,0.121,0.087
12,B1_2,-0.177,-0.126,-0.132,0.099,0.21,1.0,-0.127,0.205,0.118,0.308,0.192,-0.239,0.26,-0.022,0.022,0.167
12,B1_3,-0.121,0.312,0.202,-0.208,0.094,-0.127,1.0,-0.062,-0.386,-0.268,-0.022,0.167,-0.175,0.211,0.042,0.065
12,A2_1,-0.345,0.018,-0.229,0.309,0.063,0.205,-0.062,1.0,0.293,0.339,0.019,-0.205,0.244,0.032,-0.243,-0.408
12,A2_2,-0.082,0.078,0.082,0.562,-0.023,0.118,-0.386,0.293,1.0,0.305,-0.124,0.065,-0.336,-0.085,-0.287,-0.016
12,A2_3,0.057,0.029,-0.172,0.237,0.294,0.308,-0.268,0.339,0.305,1.0,-0.265,-0.279,0.198,-0.305,-0.069,-0.449
12,B2_1,-0.106,-0.047,-0.228,0.146,-0.296,0.192,-0.022,0.019,-0.124,-0.265,1.0,-0.147,-0.227,0.259,0.285,0.076
12,B2_2,0.07,0.386,-0.064,0.003,-0.132,-0.239,0.167,-0.205,0.065,-0.279,-0.147,1.0,-0.244,-0.065,0.038,0.019
12,B2_3,-0.131,-0.026,0.009,-0.058,0.309,0.26,-0.175,0.244,-0.336,0.198,-0.227,-0.244,1.0,-0.162,0.008,-0.084
12,y1,-0.246,-0.027,-0.232,-0.183,-0.013,-0.022,0.211,0.032,-0.085,-0.305,0.259,-0.065,-0.162,1.0,-0.15,-0.192
12,y2,0.215,-0.136,-0.182,-0.084,0.121,0.022,0.042,-0.243,-0.287,-0.069,0.285,0.038,0.008,-0.15,1.0,0.155
12,y3,0.233,-0.07,0.179,-0.083,0.087,0.167,0.065,-0.408,-0.016,-0.449,0.076,0.019,-0.084,-0.192,0.155,1.0
13,.,1.0,0.0,-0.2,-0.308,0.085,-0.178,-0.121,-0.346,-0.081,0.058,-0.107,0.07,-0.131,-0.245,0.214,0.232
13,A1_1,0.0,1.0,0.068,0.147,-0.064,-0.125,0.313,0.018,0.078,0.029,-0.047,0.385,-0.027,-0.027,-0.136,-0.07
13,A1_2,-0.2,0.068,1.0,-0.036,-0.101,-0.132,0.201,-0.228,0.083,-0.171,-0.229,-0.064,0.009,-0.234,-0.183,0.178
13,A1_3,-0.308,0.147,-0.036,1.0,-0.308,0.1,-0.209,0.309,0.562,0.237,0.146,0.002,-0.059,-0.183,-0.084,-0.082
13,B1_1,0.085,-0.064,-0.101,-0.308,1.0,0.21,0.094,0.062,-0.023,0.295,-0.295,-0.131,0.309,-0.013,0.12,0.087
13,B1_2,-0.178,-0.125,-0.132,0.1,0.21,1.0,-0.126,0.205,0.118,0.307,0.192,-0.238,0.26,-0.022,0.022,0.167
13,B1_3,-0.121,0.313,0.201,-0.209,0.094,-0.126,1.0,-0.063,-0.387,-0.268,-0.021,0.167,-0.176,0.212,0.042,0.065
13,A2_1,-0.346,0.018,-0.228,0.309,0.062,0.205,-0.063,1.0,0.293,0.339,0.018,-0.205,0.244,0.032,-0.243,-0.408
13,A2_2,-0.081,0.078,0.083,0.562,-0.023,0.118,-0.387,0.293,1.0,0.305,-0.125,0.065,-0.337,-0.086,-0.287,-0.016
13,A2_3,0.058,0.029,-0.171,0.237,0.295,0.307,-0.268,0.339,0.305,1.0,-0.265,-0.28,0.198,-0.306,-0.07,-0.45
13,B2_1,-0.107,-0.047,-0.229,0.146,-0.295,0.192,-0.021,0.018,-0.125,-0.265,1.0,-0.147,-0.227,0.259,0.286,0.077
13,B2_2,0.07,0.385,-0.064,0.002,-0.131,-0.238,0.167,-0.205,0.065,-0.28,-0.147,1.0,-0.244,-0.064,0.038,0.019
13,B2_3,-0.131,-0.027,0.009,-0.059,0.309,0.26,-0.176,0.244,-0.337,0.198,-0.227,-0.244,1.0,-0.162,0.008,-0.084
13,y1,-0.245,-0.027,-0.234,-0.183,-0.013,-0.022,0.212,0.032,-0.086,-0.306,0.259,-0.064,-0.162,1.0,-0.15,-0.189
13,y2,0.214,-0.136,-0.183,-0.084,0.12,0.022,0.042,-0.243,-0.287,-0.07,0.286,0.038,0.008,-0.15,1.0,0.154
13,y3,0.232,-0.07,0.178,-0.082,0.087,0.167,0.065,-0.408,-0.016,-0.45,0.077,0.019,-0.084,-0.189,0.154,1.0
14,.,1.0,-0.001,-0.201,-0.309,0.085,-0.178,-0.122,-0.346,-0.08,0.059,-0.108,0.071,-0.133,-0.247,0.214,0.232
14,A1_1,-0.001,1.0,0.069,0.148,-0.064,-0.125,0.312,0.018,0.079,0.03,-0.048,0.385,-0.027,-0.027,-0.136,-0.07
14,A1_2,-0.201,0.069,1.0,-0.034,-0.102,-0.132,0.201,-0.228,0.086,-0.169,-0.23,-0.065,0.008,-0.234,-0.186,0.177
14,A1_3,-0.309,0.148,-0.034,1.0,-0.307,0.099,-0.209,0.309,0.563,0.237,0.146,0.001,-0.061,-0.184,-0.083,-0.081
14,B1_1,0.085,-0.064,-0.102,-0.307,1.0,0.21,0.094,0.063,-0.024,0.296,-0.295,-0.131,0.31,-0.013,0.12,0.087
14,B1_2,-0.178,-0.125,-0.132,0.099,0.21,1.0,-0.126,0.204,0.118,0.307,0.192,-0.238,0.261,-0.022,0.021,0.167
14,B1_3,-0.122,0.312,0.201,-0.209,0.094,-0.126,1.0,-0.063,-0.387,-0.267,-0.021,0.167,-0.175,0.212,0.041,0.065
14,A2_1,-0.346,0.018,-0.228,0.309,0.063,0.204,-0.063,1.0,0.292,0.339,0.018,-0.204,0.244,0.031,-0.242,-0.408
14,A2_2,-0.08,0.079,0.086,0.563,-0.024,0.118,-0.387,0.292,1.0,0.304,-0.125,0.064,-0.337,-0.086,-0.287,-0.016
14,A2_3,0.059,0.03,-0.169,0.237,0.296,0.307,-0.267,0.339,0.304,1.0,-0.266,-0.28,0.198,-0.307,-0.07,-0.451
14,B2_1,-0.108,-0.048,-0.23,0.146,-0.295,0.192,-0.021,0.018,-0.125,-0.266,1.0,-0.147,-0.226,0.259,0.285,0.078
14,B2_2,0.071,0.385,-0.065,0.001,-0.131,-0.238,0.167,-0.204,0.064,-0.28,-0.147,1.0,-0.244,-0.063,0.038,0.019
14,B2_3,-0.133,-0.027,0.008,-0.061,0.31,0.261,-0.175,0.244,-0.337,0.198,-0.226,-0.244,1.0,-0.161,0.009,-0.084
14,y1,-0.247,-0.027,-0.234,-0.184,-0.013,-0.022,0.212,0.031,-0.086,-0.307,0.259,-0.063,-0.161,1.0,-0.149,-0.187
14,y2,0.214,-0.136,-0.186,-0.083,0.12,0.021,0.041,-0.242,-0.287,-0.07,0.285,0.038,0.009,-0.149,1.0,0.154
14,y3,0.232,-0.07,0.177,-0.081,0.087,0.167,0.065,-0.408,-0.016,-0.451,0.078,0.019,-0.084,-0.187,0.154,1.0
15,.,1.0,-0.0,-0.201,-0.309,0.084,-0.179,-0.118,-0.346,-0.081,0.058,-0.109,0.071,-0.135,-0.246,0.211,0.231
15,A1_1,-0.0,1.0,0.069,0.148,-0.065,-0.126,0.312,0.018,0.079,0.031,-0.048,0.385,-0.028,-0.026,-0.136,-0.071
15,A1_2,-0.201,0.069,1.0,-0.034,-0.102,-0.133,0.2,-0.227,0.086,-0.167,-0.23,-0.065,0.008,-0.235,-0.187,0.176
15,A1_3,-0.309,0.148,-0.034,1.0,-0.307,0.099,-0.21,0.309,0.564,0.24,0.145,0.0,-0.062,-0.185,-0.083,-0.081
15,B1_1,0.084,-0.065,-0.102,-0.307,1.0,0.21,0.095,0.063,-0.024,0.295,-0.295,-0.131,0.31,-0.013,0.121,0.087
15,B1_2,-0.179,-0.126,-0.133,0.099,0.21,1.0,-0.126,0.203,0.118,0.307,0.192,-0.238,0.262,-0.021,0.021,0.167
15,B1_3,-0.118,0.312,0.2,-0.21,0.095,-0.126,1.0,-0.064,-0.387,-0.267,-0.021,0.167,-0.174,0.212,0.042,0.065
15,A2_1,-0.346,0.018,-0.227,0.309,0.063,0.203,-0.064,1.0,0.294,0.341,0.017,-0.205,0.242,0.031,-0.242,-0.409
15,A2_2,-0.081,0.079,0.086,0.564,-0.024,0.118,-0.387,0.294,1.0,0.307,-0.125,0.064,-0.338,-0.087,-0.287,-0.016
15,A2_3,0.058,0.031,-0.167,0.24,0.295,0.307,-0.267,0.341,0.307,1.0,-0.266,-0.28,0.196,-0.308,-0.072,-0.45
15,B2_1,-0.109,-0.048,-0.23,0.145,-0.295,0.192,-0.021,0.017,-0.125,-0.266,1.0,-0.147,-0.226,0.26,0.286,0.079
15,B2_2,0.071,0.385,-0.065,0.0,-0.131,-0.238,0.167,-0.205,0.064,-0.28,-0.147,1.0,-0.244,-0.061,0.038,0.018
15,B2_3,-0.135,-0.028,0.008,-0.062,0.31,0.262,-0.174,0.242,-0.338,0.196,-0.226,-0.244,1.0,-0.16,0.011,-0.083
15,y1,-0.246,-0.026,-0.235,-0.185,-0.013,-0.021,0.212,0.031,-0.087,-0.308,0.26,-0.061,-0.16,1.0,-0.145,-0.187
15,y2,0.211,-0.136,-0.187,-0.083,0.121,0.021,0.042,-0.242,-0.287,-0.072,0.286,0.038,0.011,-0.145,1.0,0.155
15,y3,0.231,-0.071,0.176,-0.081,0.087,0.167,0.065,-0.409,-0.016,-0.45,0.079,0.018,-0.083,-0.187,0.155,1.0
16,.,1.0,-0.0,-0.201,-0.309,0.084,-0.18,-0.12,-0.345,-0.079,0.057,-0.11,0.072,-0.135,-0.247,0.208,0.232
16,A1_1,-0.0,1.0,0.07,0.148,-0.065,-0.126,0.311,0.018,0.079,0.031,-0.048,0.384,-0.027,-0.026,-0.135,-0.071
16,A1_2,-0.201,0.07,1.0,-0.031,-0.104,-0.132,0.199,-0.225,0.088,-0.165,-0.231,-0.065,0.008,-0.236,-0.188,0.176
16,A1_3,-0.309,0.148,-0.031,1.0,-0.307,0.099,-0.211,0.31,0.564,0.24,0.145,-0.0,-0.062,-0.184,-0.083,-0.08
16,B1_1,0.084,-0.065,-0.104,-0.307,1.0,0.211,0.095,0.062,-0.024,0.294,-0.294,-0.13,0.31,-0.014,0.12,0.087
16,B1_2,-0.18,-0.126,-0.132,0.099,0.211,1.0,-0.125,0.204,0.118,0.307,0.192,-0.238,0.262,-0.021,0.021,0.167
16,B1_3,-0.12,0.311,0.199,-0.211,0.095,-0.125,1.0,-0.065,-0.388,-0.266,-0.021,0.167,-0.174,0.212,0.042,0.065
16,A2_1,-0.345,0.018,-0.225,0.31,0.062,0.204,-0.065,1.0,0.296,0.342,0.017,-0.205,0.242,0.031,-0.241,-0.408
16,A2_2,-0.079,0.079,0.088,0.564,-0.024,0.118,-0.388,0.296,1.0,0.307,-0.125,0.063,-0.338,-0.087,-0.287,-0.016
16,A2_3,0.057,0.031,-0.165,0.24,0.294,0.307,-0.266,0.342,0.307,1.0,-0.266,-0.281,0.196,-0.31,-0.072,-0.45
16,B2_1,-0.11,-0.048,-0.231,0.145,-0.294,0.192,-0.021,0.017,-0.125,-0.266,1.0,-0.146,-0.226,0.261,0.287,0.079
16,B2_2,0.072,0.384,-0.065,-0.0,-0.13,-0.238,0.167,-0.205,0.063,-0.281,-0.146,1.0,-0.244,-0.061,0.039,0.017
16,B2_3,-0.135,-0.027,0.008,-0.062,0.31,0.262,-0.174,0.242,-0.338,0.196,-0.226,-0.244,1.0,-0.16,0.011,-0.083
16,y1,-0.247,-0.026,-0.236,-0.184,-0.014,-0.021,0.212,0.031,-0.087,-0.31,0.261,-0.061,-0.16,1.0,-0.144,-0.185
16,y2,0.208,-0.135,-0.188,-0.083,0.12,0.021,0.042,-0.241,-0.287,-0.072,0.287,0.039,0.011,-0.144,1.0,0.156
16,y3,0.232,-0.071,0.176,-0.08,0.087,0.167,0.065,-0.408,-0.016,-0.45,0.079,0.017,-0.083,-0.185,0.156,1.0
17,.,1.0,-0.001,-0.2,-0.309,0.083,-0.181,-0.119,-0.344,-0.079,0.058,-0.112,0.07,-0.136,-0.245,0.205,0.229
17,A1_1,-0.001,1.0,0.071,0.148,-0.064,-0.126,0.311,0.018,0.081,0.031,-0.048,0.384,-0.028,-0.026,-0.136,-0.071
17,A1_2,-0.2,0.071,1.0,-0.029,-0.104,-0.132,0.199,-0.226,0.087,-0.163,-0.231,-0.065,0.007,-0.237,-0.188,0.177
17,A1_3,-0.309,0.148,-0.029,1.0,-0.307,0.098,-0.211,0.31,0.565,0.241,0.145,-0.001,-0.064,-0.185,-0.083,-0.079
17,B1_1,0.083,-0.064,-0.104,-0.307,1.0,0.211,0.095,0.062,-0.024,0.294,-0.294,-0.13,0.31,-0.013,0.12,0.087
17,B1_2,-0.181,-0.126,-0.132,0.098,0.211,1.0,-0.125,0.204,0.118,0.307,0.192,-0.237,0.262,-0.021,0.022,0.167
17,B1_3,-0.119,0.311,0.199,-0.211,0.095,-0.125,1.0,-0.065,-0.388,-0.267,-0.02,0.167,-0.174,0.212,0.042,0.065
17,A2_1,-0.344,0.018,-0.226,0.31,0.062,0.204,-0.065,1.0,0.295,0.342,0.017,-0.205,0.243,0.03,-0.241,-0.408
17,A2_2,-0.079,0.081,0.087,0.565,-0.024,0.118,-0.388,0.295,1.0,0.307,-0.126,0.064,-0.338,-0.088,-0.287,-0.016
17,A2_3,0.058,0.031,-0.163,0.241,0.294,0.307,-0.267,0.342,0.307,1.0,-0.266,-0.281,0.196,-0.31,-0.073,-0.45
17,B2_1,-0.112,-0.048,-0.231,0.145,-0.294,0.192,-0.02,0.017,-0.126,-0.266,1.0,-0.146,-0.226,0.261,0.288,0.079
17,B2_2,0.07,0.384,-0.065,-0.001,-0.13,-0.237,0.167,-0.205,0.064,-0.281,-0.146,1.0,-0.243,-0.059,0.038,0.018
17,B2_3,-0.136,-0.028,0.007,-0.064,0.31,0.262,-0.174,0.243,-0.338,0.196,-0.226,-0.243,1.0,-0.16,0.011,-0.082
17,y1,-0.245,-0.026,-0.237,-0.185,-0.013,-0.021,0.212,0.03,-0.088,-0.31,0.261,-0.059,-0.16,1.0,-0.142,-0.184
17,y2,0.205,-0.136,-0.188,-0.083,0.12,0.022,0.042,-0.241,-0.287,-0.073,0.288,0.038,0.011,-0.142,1.0,0.156
17,y3,0.229,-0.071,0.177,-0.079,0.087,0.167,0.065,-0.408,-0.016,-0.45,0.079,0.018,-0.082,-0.184,0.156,1.0
18,.,1.0,-0.002,-0.2,-0.309,0.082,-0.182,-0.119,-0.343,-0.078,0.059,-0.112,0.07,-0.138,-0.243,0.205,0.226
18,A1_1,-0.002,1.0,0.072,0.148,-0.064,-0.126,0.311,0.019,0.081,0.031,-0.048,0.384,-0.028,-0.026,-0.135,-0.071
18,A1_2,-0.2,0.072,1.0,-0.029,-0.104,-0.133,0.199,-0.226,0.087,-0.162,-0.231,-0.065,0.007,-0.238,-0.188,0.177
18,A1_3,-0.309,0.148,-0.029,1.0,-0.307,0.098,-0.212,0.31,0.566,0.242,0.144,-0.002,-0.064,-0.185,-0.083,-0.079
18,B1_1,0.082,-0.064,-0.104,-0.307,1.0,0.211,0.095,0.062,-0.024,0.295,-0.294,-0.13,0.311,-0.013,0.121,0.087
18,B1_2,-0.182,-0.126,-0.133,0.098,0.211,1.0,-0.125,0.204,0.117,0.307,0.192,-0.237,0.262,-0.02,0.021,0.166
18,B1_3,-0.119,0.311,0.199,-0.212,0.095,-0.125,1.0,-0.065,-0.388,-0.267,-0.02,0.167,-0.174,0.212,0.043,0.066
18,A2_1,-0.343,0.019,-0.226,0.31,0.062,0.204,-0.065,1.0,0.295,0.341,0.017,-0.205,0.243,0.029,-0.242,-0.408
18,A2_2,-0.078,0.081,0.087,0.566,-0.024,0.117,-0.388,0.295,1.0,0.308,-0.126,0.064,-0.338,-0.088,-0.288,-0.017
18,A2_3,0.059,0.031,-0.162,0.242,0.295,0.307,-0.267,0.341,0.308,1.0,-0.266,-0.281,0.196,-0.311,-0.072,-0.45
18,B2_1,-0.112,-0.048,-0.231,0.144,-0.294,0.192,-0.02,0.017,-0.126,-0.266,1.0,-0.146,-0.226,0.26,0.288,0.079
18,B2_2,0.07,0.384,-0.065,-0.002,-0.13,-0.237,0.167,-0.205,0.064,-0.281,-0.146,1.0,-0.243,-0.059,0.038,0.018
18,B2_3,-0.138,-0.028,0.007,-0.064,0.311,0.262,-0.174,0.243,-0.338,0.196,-0.226,-0.243,1.0,-0.159,0.011,-0.081
18,y1,-0.243,-0.026,-0.238,-0.185,-0.013,-0.02,0.212,0.029,-0.088,-0.311,0.26,-0.059,-0.159,1.0,-0.141,-0.183
18,y2,0.205,-0.135,-0.188,-0.083,0.121,0.021,0.043,-0.242,-0.288,-0.072,0.288,0.038,0.011,-0.141,1.0,0.157
18,y3,0.226,-0.071,0.177,-0.079,0.087,0.166,0.066,-0.408,-0.017,-0.45,0.079,0.018,-0.081,-0.183,0.157,1.0
19,.,1.0,-0.005,-0.201,-0.306,0.083,-0.185,-0.12,-0.341,-0.076,0.06,-0.113,0.071,-0.139,-0.244,0.208,0.225
19,A1_1,-0.005,1.0,0.073,0.149,-0.064,-0.126,0.311,0.02,0.082,0.032,-0.048,0.383,-0.028,-0.024,-0.135,-0.07
19,A1_2,-0.201,0.073,1.0,-0.026,-0.104,-0.132,0.199,-0.224,0.088,-0.159,-0.231,-0.064,0.006,-0.24,-0.19,0.177
19,A1_3,-0.306,0.149,-0.026,1.0,-0.308,0.097,-0.213,0.311,0.568,0.242,0.143,-0.002,-0.066,-0.183,-0.084,-0.078
19,B1_1,0.083,-0.064,-0.104,-0.308,1.0,0.21,0.095,0.061,-0.025,0.293,-0.294,-0.13,0.311,-0.014,0.121,0.086
19,B1_2,-0.185,-0.126,-0.132,0.097,0.21,1.0,-0.125,0.204,0.117,0.307,0.193,-0.236,0.262,-0.019,0.022,0.166
19,B1_3,-0.12,0.311,0.199,-0.213,0.095,-0.125,1.0,-0.065,-0.388,-0.266,-0.02,0.168,-0.174,0.211,0.042,0.065
19,A2_1,-0.341,0.02,-0.224,0.311,0.061,0.204,-0.065,1.0,0.298,0.341,0.016,-0.205,0.239,0.028,-0.243,-0.408
19,A2_2,-0.076,0.082,0.088,0.568,-0.025,0.117,-0.388,0.298,1.0,0.309,-0.127,0.063,-0.34,-0.089,-0.289,-0.016
19,A2_3,0.06,0.032,-0.159,0.242,0.293,0.307,-0.266,0.341,0.309,1.0,-0.265,-0.282,0.195,-0.31,-0.072,-0.45
19,B2_1,-0.113,-0.048,-0.231,0.143,-0.294,0.193,-0.02,0.016,-0.127,-0.265,1.0,-0.146,-0.226,0.26,0.288,0.08
19,B2_2,0.071,0.383,-0.064,-0.002,-0.13,-0.236,0.168,-0.205,0.063,-0.282,-0.146,1.0,-0.242,-0.058,0.038,0.017
19,B2_3,-0.139,-0.028,0.006,-0.066,0.311,0.262,-0.174,0.239,-0.34,0.195,-0.226,-0.242,1.0,-0.157,0.011,-0.082
19,y1,-0.244,-0.024,-0.24,-0.183,-0.014,-0.019,0.211,0.028,-0.089,-0.31,0.26,-0.058,-0.157,1.0,-0.138,-0.182
19,y2,0.208,-0.135,-0.19,-0.084,0.121,0.022,0.042,-0.243,-0.289,-0.072,0.288,0.038,0.011,-0.138,1.0,0.158
19,y3,0.225,-0.07,0.177,-0.078,0.086,0.166,0.065,-0.408,-0.016,-0.45,0.08,0.017,-0.082,-0.182,0.158,1.0
20,.,1.0,-0.008,-0.2,-0.307,0.083,-0.183,-0.122,-0.339,-0.075,0.06,-0.113,0.071,-0.137,-0.244,0.206,0.225
20,A1_1,-0.008,1.0,0.074,0.15,-0.064,-0.126,0.31,0.02,0.083,0.033,-0.048,0.383,-0.028,-0.024,-0.135,-0.07
20,A1_2,-0.2,0.074,1.0,-0.026,-0.104,-0.133,0.198,-0.226,0.088,-0.158,-0.231,-0.063,0.006,-0.241,-0.189,0.177
20,A1_3,-0.307,0.15,-0.026,1.0,-0.308,0.096,-0.213,0.311,0.568,0.242,0.143,-0.002,-0.067,-0.183,-0.084,-0.079
20,B1_1,0.083,-0.064,-0.104,-0.308,1.0,0.21,0.096,0.061,-0.025,0.293,-0.294,-0.129,0.311,-0.014,0.121,0.086
20,B1_2,-0.183,-0.126,-0.133,0.096,0.21,1.0,-0.125,0.203,0.117,0.307,0.193,-0.236,0.262,-0.018,0.021,0.166
20,B1_3,-0.122,0.31,0.198,-0.213,0.096,-0.125,1.0,-0.065,-0.389,-0.266,-0.019,0.168,-0.174,0.212,0.043,0.066
20,A2_1,-0.339,0.02,-0.226,0.311,0.061,0.203,-0.065,1.0,0.298,0.341,0.016,-0.205,0.24,0.027,-0.243,-0.408
20,A2_2,-0.075,0.083,0.088,0.568,-0.025,0.117,-0.389,0.298,1.0,0.31,-0.126,0.062,-0.34,-0.089,-0.289,-0.017
20,A2_3,0.06,0.033,-0.158,0.242,0.293,0.307,-0.266,0.341,0.31,1.0,-0.265,-0.283,0.195,-0.311,-0.074,-0.45
20,B2_1,-0.113,-0.048,-0.231,0.143,-0.294,0.193,-0.019,0.016,-0.126,-0.265,1.0,-0.146,-0.226,0.26,0.289,0.08
20,B2_2,0.071,0.383,-0.063,-0.002,-0.129,-0.236,0.168,-0.205,0.062,-0.283,-0.146,1.0,-0.242,-0.057,0.037,0.017
20,B2_3,-0.137,-0.028,0.006,-0.067,0.311,0.262,-0.174,0.24,-0.34,0.195,-0.226,-0.242,1.0,-0.158,0.012,-0.082
20,y1,-0.244,-0.024,-0.241,-0.183,-0.014,-0.018,0.212,0.027,-0.089,-0.311,0.26,-0.057,-0.158,1.0,-0.137,-0.18
20,y2,0.206,-0.135,-0.189,-0.084,0.121,0.021,0.043,-0.243,-0.289,-0.074,0.289,0.037,0.012,-0.137,1.0,0.158
20,y3,0.225,-0.07,0.177,-0.079,0.086,0.166,0.066,-0.408,-0.017,-0.45,0.08,0.017,-0.082,-0.18,0.158,1.0
21,.,1.0,-0.008,-0.201,-0.307,0.084,-0.185,-0.122,-0.338,-0.075,0.06,-0.113,0.07,-0.138,-0.244,0.206,0.225
21,A1_1,-0.008,1.0,0.074,0.15,-0.064,-0.126,0.31,0.021,0.084,0.033,-0.048,0.382,-0.028,-0.023,-0.136,-0.069
21,A1_2,-0.201,0.074,1.0,-0.026,-0.105,-0.133,0.197,-0.225,0.089,-0.157,-0.231,-0.064,0.006,-0.241,-0.19,0.177
21,A1_3,-0.307,0.15,-0.026,1.0,-0.308,0.096,-0.214,0.311,0.569,0.242,0.142,-0.003,-0.067,-0.182,-0.084,-0.078
21,B1_1,0.084,-0.064,-0.105,-0.308,1.0,0.21,0.096,0.061,-0.025,0.293,-0.294,-0.129,0.311,-0.014,0.121,0.087
21,B1_2,-0.185,-0.126,-0.133,0.096,0.21,1.0,-0.125,0.203,0.117,0.307,0.193,-0.236,0.262,-0.018,0.021,0.166
21,B1_3,-0.122,0.31,0.197,-0.214,0.096,-0.125,1.0,-0.066,-0.389,-0.266,-0.019,0.167,-0.174,0.212,0.043,0.066
21,A2_1,-0.338,0.021,-0.225,0.311,0.061,0.203,-0.066,1.0,0.299,0.342,0.015,-0.205,0.24,0.028,-0.242,-0.408
21,A2_2,-0.075,0.084,0.089,0.569,-0.025,0.117,-0.389,0.299,1.0,0.311,-0.127,0.062,-0.339,-0.088,-0.29,-0.018
21,A2_3,0.06,0.033,-0.157,0.242,0.293,0.307,-0.266,0.342,0.311,1.0,-0.265,-0.284,0.195,-0.311,-0.074,-0.45
21,B2_1,-0.113,-0.048,-0.231,0.142,-0.294,0.193,-0.019,0.015,-0.127,-0.265,1.0,-0.146,-0.226,0.259,0.289,0.079
21,B2_2,0.07,0.382,-0.064,-0.003,-0.129,-0.236,0.167,-0.205,0.062,-0.284,-0.146,1.0,-0.242,-0.057,0.035,0.017
21,B2_3,-0.138,-0.028,0.006,-0.067,0.311,0.262,-0.174,0.24,-0.339,0.195,-0.226,-0.242,1.0,-0.157,0.013,-0.081
21,y1,-0.244,-0.023,-0.241,-0.182,-0.014,-0.018,0.212,0.028,-0.088,-0.311,0.259,-0.057,-0.157,1.0,-0.137,-0.18
21,y2,0.206,-0.136,-0.19,-0.084,0.121,0.021,0.043,-0.242,-0.29,-0.074,0.289,0.035,0.013,-0.137,1.0,0.158
21,y3,0.225,-0.069,0.177,-0.078,0.087,0.166,0.066,-0.408,-0.018,-0.45,0.079,0.017,-0.081,-0.18,0.158,1.0
22,.,1.0,-0.009,-0.2,-0.306,0.084,-0.185,-0.122,-0.339,-0.074,0.061,-0.114,0.071,-0.139,-0.245,0.206,0.224
22,A1_1,-0.009,1.0,0.075,0.15,-0.064,-0.126,0.311,0.02,0.083,0.032,-0.048,0.381,-0.029,-0.022,-0.135,-0.067
22,A1_2,-0.2,0.075,1.0,-0.025,-0.104,-0.133,0.197,-0.226,0.089,-0.157,-0.231,-0.064,0.006,-0.242,-0.19,0.176
22,A1_3,-0.306,0.15,-0.025,1.0,-0.309,0.095,-0.214,0.309,0.57,0.242,0.142,-0.002,-0.068,-0.181,-0.084,-0.077
22,B1_1,0.084,-0.064,-0.104,-0.309,1.0,0.21,0.096,0.06,-0.025,0.293,-0.294,-0.129,0.311,-0.014,0.12,0.087
22,B1_2,-0.185,-0.126,-0.133,0.095,0.21,1.0,-0.125,0.203,0.117,0.308,0.193,-0.235,0.262,-0.017,0.02,0.165
22,B1_3,-0.122,0.311,0.197,-0.214,0.096,-0.125,1.0,-0.066,-0.389,-0.266,-0.019,0.167,-0.174,0.212,0.042,0.066
22,A2_1,-0.339,0.02,-0.226,0.309,0.06,0.203,-0.066,1.0,0.299,0.342,0.016,-0.206,0.24,0.028,-0.242,-0.407
22,A2_2,-0.074,0.083,0.089,0.57,-0.025,0.117,-0.389,0.299,1.0,0.311,-0.127,0.061,-0.339,-0.088,-0.29,-0.018
22,A2_3,0.061,0.032,-0.157,0.242,0.293,0.308,-0.266,0.342,0.311,1.0,-0.265,-0.284,0.196,-0.311,-0.075,-0.45
22,B2_1,-0.114,-0.048,-0.231,0.142,-0.294,0.193,-0.019,0.016,-0.127,-0.265,1.0,-0.146,-0.226,0.259,0.289,0.08
22,B2_2,0.071,0.381,-0.064,-0.002,-0.129,-0.235,0.167,-0.206,0.061,-0.284,-0.146,1.0,-0.242,-0.056,0.035,0.016
22,B2_3,-0.139,-0.029,0.006,-0.068,0.311,0.262,-0.174,0.24,-0.339,0.196,-0.226,-0.242,1.0,-0.158,0.013,-0.081
22,y1,-0.245,-0.022,-0.242,-0.181,-0.014,-0.017,0.212,0.028,-0.088,-0.311,0.259,-0.056,-0.158,1.0,-0.136,-0.179
22,y2,0.206,-0.135,-0.19,-0.084,0.12,0.02,0.042,-0.242,-0.29,-0.075,0.289,0.035,0.013,-0.136,1.0,0.159
22,y3,0.224,-0.067,0.176,-0.077,0.087,0.165,0.066,-0.407,-0.018,-0.45,0.08,0.016,-0.081,-0.179,0.159,1.0
23,.,1.0,-0.011,-0.2,-0.307,0.085,-0.185,-0.121,-0.338,-0.075,0.06,-0.115,0.071,-0.139,-0.243,0.205,0.223
23,A1_1,-0.011,1.0,0.077,0.151,-0.064,-0.126,0.31,0.022,0.084,0.033,-0.048,0.381,-0.029,-0.022,-0.136,-0.068
23,A1_2,-0.2,0.077,1.0,-0.024,-0.105,-0.133,0.196,-0.226,0.089,-0.157,-0.231,-0.063,0.005,-0.243,-0.19,0.177
