,,.,A1_1,A1_2,A1_3,B1_1,B1_2,B1_3,A2_1,A2_2,A2_3,B2_1,B2_2,B2_3,y1,y2,y3
0,.,1.0,0.343,0.436,0.374,0.532,0.456,0.352,0.301,0.188,0.263,0.189,0.163,0.135,0.634,0.614,0.62
0,A1_1,0.343,1.0,0.888,0.725,0.714,0.672,0.792,-0.164,-0.004,-0.022,-0.05,-0.017,-0.122,0.195,0.312,0.419
0,A1_2,0.436,0.888,1.0,0.767,0.758,0.678,0.817,-0.071,0.066,0.07,-0.002,-0.006,-0.064,0.267,0.387,0.484
0,A1_3,0.374,0.725,0.767,1.0,0.498,0.64,0.472,0.303,0.489,0.473,0.263,0.403,0.24,0.285,0.516,0.542
0,B1_1,0.532,0.714,0.758,0.498,1.0,0.668,0.768,-0.08,-0.055,0.059,-0.097,-0.172,-0.228,0.333,0.386,0.479
0,B1_2,0.456,0.672,0.678,0.64,0.668,1.0,0.601,0.322,0.35,0.418,0.369,0.296,0.241,0.3,0.416,0.485
0,B1_3,0.352,0.792,0.817,0.472,0.768,0.601,1.0,-0.328,-0.263,-0.228,-0.092,-0.173,-0.195,0.246,0.28,0.41
0,A2_1,0.301,-0.164,-0.071,0.303,-0.08,0.322,-0.328,1.0,0.857,0.895,0.513,0.529,0.565,0.164,0.259,0.174
0,A2_2,0.188,-0.004,0.066,0.489,-0.055,0.35,-0.263,0.857,1.0,0.938,0.448,0.578,0.479,0.099,0.185,0.197
0,A2_3,0.263,-0.022,0.07,0.473,0.059,0.418,-0.228,0.895,0.938,1.0,0.396,0.513,0.428,0.114,0.233,0.205
0,B2_1,0.189,-0.05,-0.002,0.263,-0.097,0.369,-0.092,0.513,0.448,0.396,1.0,0.823,0.833,0.258,0.297,0.243
0,B2_2,0.163,-0.017,-0.006,0.403,-0.172,0.296,-0.173,0.529,0.578,0.513,0.823,1.0,0.831,0.36,0.394,0.271
0,B2_3,0.135,-0.122,-0.064,0.24,-0.228,0.241,-0.195,0.565,0.479,0.428,0.833,0.831,1.0,0.325,0.38,0.323
0,y1,0.634,0.195,0.267,0.285,0.333,0.3,0.246,0.164,0.099,0.114,0.258,0.36,0.325,1.0,0.7,0.797
0,y2,0.614,0.312,0.387,0.516,0.386,0.416,0.28,0.259,0.185,0.233,0.297,0.394,0.38,0.7,1.0,0.793
0,y3,0.62,0.419,0.484,0.542,0.479,0.485,0.41,0.174,0.197,0.205,0.243,0.271,0.323,0.797,0.793,1.0
1,.,1.0,-0.387,-0.321,-0.263,-0.437,-0.42,-0.487,-0.313,-0.241,-0.346,-0.436,-0.209,-0.495,0.841,0.74,0.831
1,A1_1,-0.387,1.0,0.892,0.876,0.788,0.844,0.901,0.802,0.859,0.817,0.86,0.875,0.865,-0.394,-0.388,-0.413
1,A1_2,-0.321,0.892,1.0,0.888,0.8,0.858,0.9,0.755,0.881,0.777,0.889,0.845,0.9,-0.322,-0.314,-0.337
1,A1_3,-0.263,0.876,0.888,1.0,0.695,0.728,0.789,0.812,0.793,0.826,0.821,0.769,0.817,-0.343,-0.269,-0.341
1,B1_1,-0.437,0.788,0.8,0.695,1.0,0.859,0.896,0.793,0.861,0.859,0.804,0.709,0.903,-0.429,-0.558,-0.465
1,B1_2,-0.42,0.844,0.858,0.728,0.859,1.0,0.883,0.747,0.885,0.783,0.806,0.834,0.891,-0.382,-0.358,-0.353
1,B1_3,-0.487,0.901,0.9,0.789,0.896,0.883,1.0,0.772,0.873,0.803,0.872,0.853,0.929,-0.46,-0.521,-0.486
1,A2_1,-0.313,0.802,0.755,0.812,0.793,0.747,0.772,1.0,0.782,0.945,0.743,0.678,0.814,-0.412,-0.273,-0.359
1,A2_2,-0.241,0.859,0.881,0.793,0.861,0.885,0.873,0.782,1.0,0.796,0.821,0.894,0.872,-0.209,-0.314,-0.254
1,A2_3,-0.346,0.817,0.777,0.826,0.859,0.783,0.803,0.945,0.796,1.0,0.783,0.665,0.853,-0.501,-0.342,-0.452
1,B2_1,-0.436,0.86,0.889,0.821,0.804,0.806,0.872,0.743,0.821,0.783,1.0,0.779,0.885,-0.441,-0.403,-0.496
1,B2_2,-0.209,0.875,0.845,0.769,0.709,0.834,0.853,0.678,0.894,0.665,0.779,1.0,0.801,-0.186,-0.223,-0.243
1,B2_3,-0.495,0.865,0.9,0.817,0.903,0.891,0.929,0.814,0.872,0.853,0.885,0.801,1.0,-0.499,-0.456,-0.474
1,y1,0.841,-0.394,-0.322,-0.343,-0.429,-0.382,-0.46,-0.412,-0.209,-0.501,-0.441,-0.186,-0.499,1.0,0.56,0.81
1,y2,0.74,-0.388,-0.314,-0.269,-0.558,-0.358,-0.521,-0.273,-0.314,-0.342,-0.403,-0.223,-0.456,0.56,1.0,0.702
1,y3,0.831,-0.413,-0.337,-0.341,-0.465,-0.353,-0.486,-0.359,-0.254,-0.452,-0.496,-0.243,-0.474,0.81,0.702,1.0
2,.,1.0,-0.225,-0.045,-0.061,-0.163,-0.245,-0.191,-0.011,0.031,-0.213,-0.444,-0.128,-0.196,0.806,0.694,0.796
2,A1_1,-0.225,1.0,0.735,0.816,0.659,0.865,0.844,0.834,0.851,0.829,0.844,0.916,0.85,-0.237,-0.264,-0.214
2,A1_2,-0.045,0.735,1.0,0.816,0.418,0.63,0.659,0.751,0.666,0.681,0.653,0.663,0.627,-0.079,-0.062,-0.044
2,A1_3,-0.061,0.816,0.816,1.0,0.512,0.712,0.647,0.817,0.777,0.81,0.667,0.787,0.752,-0.129,-0.047,-0.034
2,B1_1,-0.163,0.659,0.418,0.512,1.0,0.834,0.717,0.699,0.753,0.739,0.761,0.752,0.771,-0.093,-0.349,-0.17
2,B1_2,-0.245,0.865,0.63,0.712,0.834,1.0,0.844,0.808,0.827,0.859,0.837,0.893,0.849,-0.165,-0.298,-0.187
2,B1_3,-0.191,0.844,0.659,0.647,0.717,0.844,1.0,0.816,0.74,0.766,0.815,0.87,0.708,-0.063,-0.294,-0.225
2,A2_1,-0.011,0.834,0.751,0.817,0.699,0.808,0.816,1.0,0.759,0.879,0.781,0.863,0.745,-0.046,-0.108,-0.081
2,A2_2,0.031,0.851,0.666,0.777,0.753,0.827,0.74,0.759,1.0,0.724,0.737,0.875,0.871,0.017,-0.139,0.005
2,A2_3,-0.213,0.829,0.681,0.81,0.739,0.859,0.766,0.879,0.724,1.0,0.82,0.849,0.738,-0.311,-0.335,-0.281
2,B2_1,-0.444,0.844,0.653,0.667,0.761,0.837,0.815,0.781,0.737,0.82,1.0,0.863,0.756,-0.393,-0.477,-0.415
2,B2_2,-0.128,0.916,0.663,0.787,0.752,0.893,0.87,0.863,0.875,0.849,0.863,1.0,0.861,-0.132,-0.193,-0.142
2,B2_3,-0.196,0.85,0.627,0.752,0.771,0.849,0.708,0.745,0.871,0.738,0.756,0.861,1.0,-0.148,-0.128,-0.04
2,y1,0.806,-0.237,-0.079,-0.129,-0.093,-0.165,-0.063,-0.046,0.017,-0.311,-0.393,-0.132,-0.148,1.0,0.63,0.759
2,y2,0.694,-0.264,-0.062,-0.047,-0.349,-0.298,-0.294,-0.108,-0.139,-0.335,-0.477,-0.193,-0.128,0.63,1.0,0.777
2,y3,0.796,-0.214,-0.044,-0.034,-0.17,-0.187,-0.225,-0.081,0.005,-0.281,-0.415,-0.142,-0.04,0.759,0.777,1.0
3,.,1.0,-0.205,-0.1,-0.014,-0.236,-0.245,-0.27,0.121,-0.107,-0.175,-0.264,-0.09,-0.077,0.778,0.768,0.797
3,A1_1,-0.205,1.0,0.844,0.846,0.78,0.82,0.891,0.714,0.849,0.887,0.806,0.849,0.856,-0.181,-0.297,-0.192
3,A1_2,-0.1,0.844,1.0,0.854,0.725,0.696,0.865,0.714,0.81,0.775,0.876,0.789,0.778,-0.105,-0.291,-0.071
3,A1_3,-0.014,0.846,0.854,1.0,0.652,0.632,0.733,0.682,0.75,0.742,0.785,0.793,0.762,0.025,-0.201,0.101
3,B1_1,-0.236,0.78,0.725,0.652,1.0,0.887,0.874,0.594,0.806,0.849,0.762,0.762,0.818,-0.178,-0.381,-0.138
3,B1_2,-0.245,0.82,0.696,0.632,0.887,1.0,0.808,0.701,0.819,0.839,0.723,0.774,0.824,-0.159,-0.267,-0.184
3,B1_3,-0.27,0.891,0.865,0.733,0.874,0.808,1.0,0.657,0.786,0.874,0.841,0.804,0.797,-0.181,-0.434,-0.266
3,A2_1,0.121,0.714,0.714,0.682,0.594,0.701,0.657,1.0,0.714,0.732,0.671,0.681,0.756,0.131,0.133,0.031
3,A2_2,-0.107,0.849,0.81,0.75,0.806,0.819,0.786,0.714,1.0,0.898,0.755,0.767,0.883,-0.185,-0.222,-0.119
3,A2_3,-0.175,0.887,0.775,0.742,0.849,0.839,0.874,0.732,0.898,1.0,0.779,0.798,0.908,-0.199,-0.262,-0.244
3,B2_1,-0.264,0.806,0.876,0.785,0.762,0.723,0.841,0.671,0.755,0.779,1.0,0.821,0.805,-0.243,-0.359,-0.244
3,B2_2,-0.09,0.849,0.789,0.793,0.762,0.774,0.804,0.681,0.767,0.798,0.821,1.0,0.797,0.009,-0.146,-0.038
3,B2_3,-0.077,0.856,0.778,0.762,0.818,0.824,0.797,0.756,0.883,0.908,0.805,0.797,1.0,-0.17,-0.174,-0.144
3,y1,0.778,-0.181,-0.105,0.025,-0.178,-0.159,-0.181,0.131,-0.185,-0.199,-0.243,0.009,-0.17,1.0,0.679,0.756
3,y2,0.768,-0.297,-0.291,-0.201,-0.381,-0.267,-0.434,0.133,-0.222,-0.262,-0.359,-0.146,-0.174,0.679,1.0,0.618
3,y3,0.797,-0.192,-0.071,0.101,-0.138,-0.184,-0.266,0.031,-0.119,-0.244,-0.244,-0.038,-0.144,0.756,0.618,1.0
4,.,1.0,-0.302,-0.253,-0.131,-0.33,-0.395,-0.355,-0.339,-0.323,-0.308,-0.528,-0.241,-0.389,0.818,0.655,0.753
4,A1_1,-0.302,1.0,0.919,0.838,0.767,0.824,0.899,0.813,0.93,0.896,0.877,0.916,0.87,-0.284,-0.439,-0.25
4,A1_2,-0.253,0.919,1.0,0.9,0.722,0.755,0.844,0.8,0.941,0.906,0.86,0.882,0.833,-0.286,-0.355,-0.205
4,A1_3,-0.131,0.838,0.9,1.0,0.597,0.603,0.693,0.815,0.907,0.889,0.7,0.778,0.741,-0.228,-0.285,-0.171
4,B1_1,-0.33,0.767,0.722,0.597,1.0,0.875,0.917,0.716,0.801,0.837,0.838,0.847,0.91,-0.346,-0.48,-0.29
4,B1_2,-0.395,0.824,0.755,0.603,0.875,1.0,0.882,0.702,0.821,0.813,0.866,0.869,0.902,-0.399,-0.377,-0.286
4,B1_3,-0.355,0.899,0.844,0.693,0.917,0.882,1.0,0.76,0.869,0.878,0.911,0.899,0.904,-0.383,-0.565,-0.317
4,A2_1,-0.339,0.813,0.8,0.815,0.716,0.702,0.76,1.0,0.9,0.925,0.738,0.741,0.794,-0.362,-0.361,-0.416
4,A2_2,-0.323,0.93,0.941,0.907,0.801,0.821,0.869,0.9,1.0,0.978,0.882,0.901,0.902,-0.386,-0.419,-0.296
4,A2_3,-0.308,0.896,0.906,0.889,0.837,0.813,0.878,0.925,0.978,1.0,0.86,0.879,0.911,-0.408,-0.441,-0.349
4,B2_1,-0.528,0.877,0.86,0.7,0.838,0.866,0.911,0.738,0.882,0.86,1.0,0.896,0.921,-0.498,-0.572,-0.403
4,B2_2,-0.241,0.916,0.882,0.778,0.847,0.869,0.899,0.741,0.901,0.879,0.896,1.0,0.905,-0.28,-0.375,-0.183
4,B2_3,-0.389,0.87,0.833,0.741,0.91,0.902,0.904,0.794,0.902,0.911,0.921,0.905,1.0,-0.408,-0.45,-0.317
4,y1,0.818,-0.284,-0.286,-0.228,-0.346,-0.399,-0.383,-0.362,-0.386,-0.408,-0.498,-0.28,-0.408,1.0,0.664,0.797
4,y2,0.655,-0.439,-0.355,-0.285,-0.48,-0.377,-0.565,-0.361,-0.419,-0.441,-0.572,-0.375,-0.45,0.664,1.0,0.683
4,y3,0.753,-0.25,-0.205,-0.171,-0.29,-0.286,-0.317,-0.416,-0.296,-0.349,-0.403,-0.183,-0.317,0.797,0.683,1.0
5,.,1.0,-0.302,-0.276,-0.266,-0.373,-0.467,-0.345,-0.314,-0.314,-0.327,-0.461,-0.332,-0.448,0.826,0.697,0.758
5,A1_1,-0.302,1.0,0.948,0.933,0.817,0.806,0.875,0.817,0.924,0.884,0.857,0.84,0.827,-0.401,-0.471,-0.409
5,A1_2,-0.276,0.948,1.0,0.931,0.777,0.761,0.838,0.799,0.921,0.859,0.862,0.816,0.81,-0.392,-0.457,-0.384
5,A1_3,-0.266,0.933,0.931,1.0,0.736,0.721,0.784,0.886,0.94,0.893,0.783,0.754,0.766,-0.402,-0.41,-0.387
5,B1_1,-0.373,0.817,0.777,0.736,1.0,0.941,0.948,0.673,0.836,0.847,0.88,0.906,0.933,-0.463,-0.555,-0.435
5,B1_2,-0.467,0.806,0.761,0.721,0.941,1.0,0.905,0.682,0.85,0.809,0.863,0.905,0.966,-0.523,-0.521,-0.454
5,B1_3,-0.345,0.875,0.838,0.784,0.948,0.905,1.0,0.699,0.857,0.857,0.912,0.904,0.898,-0.453,-0.591,-0.443
5,A2_1,-0.314,0.817,0.799,0.886,0.673,0.682,0.699,1.0,0.909,0.906,0.658,0.668,0.729,-0.433,-0.408,-0.436
5,A2_2,-0.314,0.924,0.921,0.94,0.836,0.85,0.857,0.909,1.0,0.954,0.835,0.838,0.874,-0.46,-0.478,-0.45
5,A2_3,-0.327,0.884,0.859,0.893,0.847,0.809,0.857,0.906,0.954,1.0,0.794,0.773,0.825,-0.5,-0.546,-0.526
5,B2_1,-0.461,0.857,0.862,0.783,0.88,0.863,0.912,0.658,0.835,0.794,1.0,0.93,0.909,-0.565,-0.642,-0.546
5,B2_2,-0.332,0.84,0.816,0.754,0.906,0.905,0.904,0.668,0.838,0.773,0.93,1.0,0.946,-0.403,-0.432,-0.36
5,B2_3,-0.448,0.827,0.81,0.766,0.933,0.966,0.898,0.729,0.874,0.825,0.909,0.946,1.0,-0.497,-0.497,-0.42
5,y1,0.826,-0.401,-0.392,-0.402,-0.463,-0.523,-0.453,-0.433,-0.46,-0.5,-0.565,-0.403,-0.497,1.0,0.845,0.936
5,y2,0.697,-0.471,-0.457,-0.41,-0.555,-0.521,-0.591,-0.408,-0.478,-0.546,-0.642,-0.432,-0.497,0.845,1.0,0.892
5,y3,0.758,-0.409,-0.384,-0.387,-0.435,-0.454,-0.443,-0.436,-0.45,-0.526,-0.546,-0.36,-0.42,0.936,0.892,1.0
6,.,1.0,-0.273,-0.293,-0.2,-0.307,-0.427,-0.363,-0.258,-0.285,-0.313,-0.457,-0.296,-0.396,0.768,0.646,0.705
6,A1_1,-0.273,1.0,0.949,0.916,0.781,0.744,0.847,0.839,0.929,0.855,0.789,0.777,0.749,-0.352,-0.384,-0.362
6,A1_2,-0.293,0.949,1.0,0.902,0.782,0.728,0.867,0.82,0.935,0.859,0.832,0.779,0.774,-0.36,-0.39,-0.369
6,A1_3,-0.2,0.916,0.902,1.0,0.653,0.635,0.726,0.906,0.91,0.864,0.686,0.673,0.672,-0.29,-0.227,-0.27
6,B1_1,-0.307,0.781,0.782,0.653,1.0,0.907,0.932,0.632,0.829,0.772,0.855,0.884,0.911,-0.414,-0.509,-0.434
6,B1_2,-0.427,0.744,0.728,0.635,0.907,1.0,0.888,0.634,0.765,0.737,0.802,0.871,0.939,-0.432,-0.409,-0.38
6,B1_3,-0.363,0.847,0.867,0.726,0.932,0.888,1.0,0.689,0.86,0.8,0.927,0.919,0.91,-0.438,-0.545,-0.448
6,A2_1,-0.258,0.839,0.82,0.906,0.632,0.634,0.689,1.0,0.888,0.929,0.631,0.623,0.687,-0.361,-0.272,-0.328
6,A2_2,-0.285,0.929,0.935,0.91,0.829,0.765,0.86,0.888,1.0,0.959,0.798,0.768,0.779,-0.45,-0.463,-0.465
6,A2_3,-0.313,0.855,0.859,0.864,0.772,0.737,0.8,0.929,0.959,1.0,0.743,0.717,0.765,-0.485,-0.461,-0.504
6,B2_1,-0.457,0.789,0.832,0.686,0.855,0.802,0.927,0.631,0.798,0.743,1.0,0.926,0.889,-0.5,-0.537,-0.523
6,B2_2,-0.296,0.777,0.779,0.673,0.884,0.871,0.919,0.623,0.768,0.717,0.926,1.0,0.934,-0.346,-0.367,-0.346
6,B2_3,-0.396,0.749,0.774,0.672,0.911,0.939,0.91,0.687,0.779,0.765,0.889,0.934,1.0,-0.42,-0.376,-0.359
6,y1,0.768,-0.352,-0.36,-0.29,-0.414,-0.432,-0.438,-0.361,-0.45,-0.485,-0.5,-0.346,-0.42,1.0,0.797,0.918
6,y2,0.646,-0.384,-0.39,-0.227,-0.509,-0.409,-0.545,-0.272,-0.463,-0.461,-0.537,-0.367,-0.376,0.797,1.0,0.89
6,y3,0.705,-0.362,-0.369,-0.27,-0.434,-0.38,-0.448,-0.328,-0.465,-0.504,-0.523,-0.346,-0.359,0.918,0.89,1.0
7,.,1.0,-0.258,-0.262,-0.156,-0.342,-0.427,-0.372,-0.213,-0.18,-0.268,-0.45,-0.3,-0.394,0.713,0.623,0.655
7,A1_1,-0.258,1.0,0.934,0.925,0.761,0.739,0.827,0.862,0.899,0.87,0.74,0.772,0.757,-0.377,-0.377,-0.37
7,A1_2,-0.262,0.934,1.0,0.911,0.746,0.682,0.812,0.832,0.894,0.866,0.732,0.746,0.718,-0.4,-0.413,-0.389
7,A1_3,-0.156,0.925,0.911,1.0,0.645,0.634,0.698,0.921,0.956,0.894,0.619,0.676,0.651,-0.312,-0.256,-0.289
7,B1_1,-0.342,0.761,0.746,0.645,1.0,0.92,0.946,0.635,0.677,0.717,0.909,0.907,0.933,-0.471,-0.511,-0.454
7,B1_2,-0.427,0.739,0.682,0.634,0.92,1.0,0.882,0.653,0.669,0.694,0.869,0.876,0.96,-0.422,-0.382,-0.376
7,B1_3,-0.372,0.827,0.812,0.698,0.946,0.882,1.0,0.67,0.716,0.744,0.947,0.943,0.921,-0.501,-0.551,-0.487
7,A2_1,-0.213,0.862,0.832,0.921,0.635,0.653,0.67,1.0,0.974,0.957,0.593,0.636,0.66,-0.33,-0.26,-0.309
7,A2_2,-0.18,0.899,0.894,0.956,0.677,0.669,0.716,0.974,1.0,0.964,0.635,0.688,0.692,-0.342,-0.285,-0.312
7,A2_3,-0.268,0.87,0.866,0.894,0.717,0.694,0.744,0.957,0.964,1.0,0.664,0.697,0.714,-0.446,-0.398,-0.448
7,B2_1,-0.45,0.74,0.732,0.619,0.909,0.869,0.947,0.593,0.635,0.664,1.0,0.964,0.943,-0.52,-0.512,-0.479
7,B2_2,-0.3,0.772,0.746,0.676,0.907,0.876,0.943,0.636,0.688,0.697,0.964,1.0,0.96,-0.396,-0.393,-0.361
7,B2_3,-0.394,0.757,0.718,0.651,0.933,0.96,0.921,0.66,0.692,0.714,0.943,0.96,1.0,-0.409,-0.376,-0.358
7,y1,0.713,-0.377,-0.4,-0.312,-0.471,-0.422,-0.501,-0.33,-0.342,-0.446,-0.52,-0.396,-0.409,1.0,0.901,0.955
7,y2,0.623,-0.377,-0.413,-0.256,-0.511,-0.382,-0.551,-0.26,-0.285,-0.398,-0.512,-0.393,-0.376,0.901,1.0,0.93
7,y3,0.655,-0.37,-0.389,-0.289,-0.454,-0.376,-0.487,-0.309,-0.312,-0.448,-0.479,-0.361,-0.358,0.955,0.93,1.0
8,.,1.0,-0.25,-0.269,-0.144,-0.329,-0.394,-0.331,-0.186,-0.156,-0.244,-0.421,-0.282,-0.346,0.713,0.636,0.669
8,A1_1,-0.25,1.0,0.947,0.925,0.772,0.758,0.853,0.86,0.909,0.884,0.756,0.79,0.757,-0.37,-0.376,-0.366
8,A1_2,-0.269,0.947,1.0,0.93,0.707,0.68,0.79,0.856,0.93,0.883,0.688,0.716,0.684,-0.411,-0.416,-0.397
8,A1_3,-0.144,0.925,0.93,1.0,0.646,0.659,0.715,0.939,0.987,0.914,0.625,0.684,0.657,-0.297,-0.264,-0.267
8,B1_1,-0.329,0.772,0.707,0.646,1.0,0.938,0.947,0.643,0.643,0.724,0.922,0.913,0.933,-0.451,-0.457,-0.427
8,B1_2,-0.394,0.758,0.68,0.659,0.938,1.0,0.894,0.677,0.659,0.734,0.921,0.893,0.971,-0.437,-0.392,-0.388
8,B1_3,-0.331,0.853,0.79,0.715,0.947,0.894,1.0,0.675,0.701,0.757,0.926,0.927,0.897,-0.488,-0.51,-0.463
8,A2_1,-0.186,0.86,0.856,0.939,0.643,0.677,0.675,1.0,0.96,0.963,0.613,0.651,0.663,-0.31,-0.264,-0.28
8,A2_2,-0.156,0.909,0.93,0.987,0.643,0.659,0.701,0.96,1.0,0.94,0.61,0.665,0.653,-0.323,-0.288,-0.289
8,A2_3,-0.244,0.884,0.883,0.914,0.724,0.734,0.757,0.963,0.94,1.0,0.687,0.726,0.728,-0.424,-0.379,-0.408
8,B2_1,-0.421,0.756,0.688,0.625,0.922,0.921,0.926,0.613,0.61,0.687,1.0,0.956,0.952,-0.497,-0.446,-0.435
8,B2_2,-0.282,0.79,0.716,0.684,0.913,0.893,0.927,0.651,0.665,0.726,0.956,1.0,0.953,-0.395,-0.366,-0.341
8,B2_3,-0.346,0.757,0.684,0.657,0.933,0.971,0.897,0.663,0.653,0.728,0.952,0.953,1.0,-0.391,-0.343,-0.325
8,y1,0.713,-0.37,-0.411,-0.297,-0.451,-0.437,-0.488,-0.31,-0.323,-0.424,-0.497,-0.395,-0.391,1.0,0.927,0.953
8,y2,0.636,-0.376,-0.416,-0.264,-0.457,-0.392,-0.51,-0.264,-0.288,-0.379,-0.446,-0.366,-0.343,0.927,1.0,0.957
8,y3,0.669,-0.366,-0.397,-0.267,-0.427,-0.388,-0.463,-0.28,-0.289,-0.408,-0.435,-0.341,-0.325,0.953,0.957,1.0
9,.,1.0,-0.261,-0.276,-0.169,-0.309,-0.381,-0.309,-0.178,-0.156,-0.245,-0.423,-0.271,-0.335,0.71,0.629,0.671
9,A1_1,-0.261,1.0,0.951,0.928,0.792,0.762,0.87,0.85,0.89,0.887,0.754,0.79,0.744,-0.368,-0.401,-0.37
9,A1_2,-0.276,0.951,1.0,0.951,0.711,0.69,0.791,0.88,0.937,0.896,0.676,0.704,0.67,-0.391,-0.427,-0.383
9,A1_3,-0.169,0.928,0.951,1.0,0.663,0.663,0.746,0.937,0.983,0.914,0.628,0.69,0.65,-0.307,-0.315,-0.286
9,B1_1,-0.309,0.792,0.711,0.663,1.0,0.94,0.948,0.633,0.622,0.723,0.922,0.914,0.925,-0.455,-0.442,-0.418
9,B1_2,-0.381,0.762,0.69,0.663,0.94,1.0,0.887,0.668,0.641,0.741,0.93,0.891,0.973,-0.438,-0.386,-0.393
9,B1_3,-0.309,0.87,0.791,0.746,0.948,0.887,1.0,0.67,0.691,0.76,0.914,0.929,0.88,-0.49,-0.493,-0.446
9,A2_1,-0.178,0.85,0.88,0.937,0.633,0.668,0.67,1.0,0.953,0.964,0.604,0.643,0.648,-0.297,-0.302,-0.293
9,A2_2,-0.156,0.89,0.937,0.983,0.622,0.641,0.691,0.953,1.0,0.921,0.582,0.64,0.618,-0.314,-0.321,-0.3
9,A2_3,-0.245,0.887,0.896,0.914,0.723,0.741,0.76,0.964,0.921,1.0,0.691,0.727,0.722,-0.398,-0.391,-0.401
9,B2_1,-0.423,0.754,0.676,0.628,0.922,0.93,0.914,0.604,0.582,0.691,1.0,0.949,0.951,-0.509,-0.438,-0.438
9,B2_2,-0.271,0.79,0.704,0.69,0.914,0.891,0.929,0.643,0.64,0.727,0.949,1.0,0.94,-0.408,-0.359,-0.337
9,B2_3,-0.335,0.744,0.67,0.65,0.925,0.973,0.88,0.648,0.618,0.722,0.951,0.94,1.0,-0.376,-0.312,-0.305
9,y1,0.71,-0.368,-0.391,-0.307,-0.455,-0.438,-0.49,-0.297,-0.314,-0.398,-0.509,-0.408,-0.376,1.0,0.938,0.956
9,y2,0.629,-0.401,-0.427,-0.315,-0.442,-0.386,-0.493,-0.302,-0.321,-0.391,-0.438,-0.359,-0.312,0.938,1.0,0.961
9,y3,0.671,-0.37,-0.383,-0.286,-0.418,-0.393,-0.446,-0.293,-0.3,-0.401,-0.438,-0.337,-0.305,0.956,0.961,1.0
10,.,1.0,-0.283,-0.285,-0.201,-0.319,-0.392,-0.335,-0.202,-0.174,-0.266,-0.44,-0.288,-0.368,0.704,0.629,0.672
10,A1_1,-0.283,1.0,0.951,0.927,0.81,0.788,0.878,0.851,0.884,0.89,0.768,0.803,0.752,-0.384,-0.424,-0.396
10,A1_2,-0.285,0.951,1.0,0.961,0.722,0.717,0.785,0.898,0.948,0.911,0.686,0.717,0.676,-0.413,-0.445,-0.41
10,A1_3,-0.201,0.927,0.961,1.0,0.665,0.674,0.734,0.946,0.981,0.924,0.622,0.683,0.635,-0.321,-0.335,-0.308
10,B1_1,-0.319,0.81,0.722,0.665,1.0,0.951,0.949,0.633,0.619,0.719,0.928,0.917,0.933,-0.469,-0.463,-0.444
10,B1_2,-0.392,0.788,0.717,0.674,0.951,1.0,0.906,0.678,0.648,0.746,0.943,0.904,0.976,-0.476,-0.439,-0.44
10,B1_3,-0.335,0.878,0.785,0.734,0.949,0.906,1.0,0.669,0.676,0.751,0.921,0.925,0.881,-0.499,-0.512,-0.471
10,A2_1,-0.202,0.851,0.898,0.946,0.633,0.678,0.669,1.0,0.953,0.968,0.61,0.658,0.646,-0.326,-0.332,-0.318
10,A2_2,-0.174,0.884,0.948,0.981,0.619,0.648,0.676,0.953,1.0,0.918,0.576,0.637,0.604,-0.327,-0.335,-0.311
10,A2_3,-0.266,0.89,0.911,0.924,0.719,0.746,0.751,0.968,0.918,1.0,0.691,0.729,0.711,-0.414,-0.417,-0.422
10,B2_1,-0.44,0.768,0.686,0.622,0.928,0.943,0.921,0.61,0.576,0.691,1.0,0.943,0.959,-0.53,-0.472,-0.466
10,B2_2,-0.288,0.803,0.717,0.683,0.917,0.904,0.925,0.658,0.637,0.729,0.943,1.0,0.938,-0.418,-0.378,-0.361
10,B2_3,-0.368,0.752,0.676,0.635,0.933,0.976,0.881,0.646,0.604,0.711,0.959,0.938,1.0,-0.41,-0.353,-0.347
10,y1,0.704,-0.384,-0.413,-0.321,-0.469,-0.476,-0.499,-0.326,-0.327,-0.414,-0.53,-0.418,-0.41,1.0,0.947,0.958
10,y2,0.629,-0.424,-0.445,-0.335,-0.463,-0.439,-0.512,-0.332,-0.335,-0.417,-0.472,-0.378,-0.353,0.947,1.0,0.969
10,y3,0.672,-0.396,-0.41,-0.308,-0.444,-0.44,-0.471,-0.318,-0.311,-0.422,-0.466,-0.361,-0.347,0.958,0.969,1.0
11,.,1.0,-0.267,-0.248,-0.19,-0.339,-0.402,-0.347,-0.178,-0.16,-0.235,-0.426,-0.285,-0.377,0.672,0.606,0.643
11,A1_1,-0.267,1.0,0.948,0.933,0.801,0.792,0.86,0.85,0.885,0.883,0.745,0.791,0.763,-0.366,-0.405,-0.379
11,A1_2,-0.248,0.948,1.0,0.968,0.706,0.721,0.759,0.911,0.958,0.922,0.663,0.704,0.688,-0.378,-0.416,-0.381
11,A1_3,-0.19,0.933,0.968,1.0,0.658,0.683,0.711,0.944,0.98,0.93,0.601,0.666,0.647,-0.314,-0.331,-0.312
11,B1_1,-0.339,0.801,0.706,0.658,1.0,0.953,0.956,0.621,0.622,0.696,0.92,0.919,0.935,-0.456,-0.458,-0.44
11,B1_2,-0.402,0.792,0.721,0.683,0.953,1.0,0.918,0.674,0.67,0.738,0.921,0.908,0.974,-0.46,-0.45,-0.446
11,B1_3,-0.347,0.86,0.759,0.711,0.956,0.918,1.0,0.65,0.663,0.722,0.934,0.945,0.918,-0.481,-0.487,-0.45
11,A2_1,-0.178,0.85,0.911,0.944,0.621,0.674,0.65,1.0,0.969,0.976,0.59,0.644,0.646,-0.315,-0.333,-0.319
11,A2_2,-0.16,0.885,0.958,0.98,0.622,0.67,0.663,0.969,1.0,0.95,0.576,0.641,0.632,-0.325,-0.34,-0.322
11,A2_3,-0.235,0.883,0.922,0.93,0.696,0.738,0.722,0.976,0.95,1.0,0.665,0.708,0.712,-0.386,-0.397,-0.402
11,B2_1,-0.426,0.745,0.663,0.601,0.92,0.921,0.934,0.59,0.576,0.665,1.0,0.958,0.958,-0.519,-0.483,-0.47
11,B2_2,-0.285,0.791,0.704,0.666,0.919,0.908,0.945,0.644,0.641,0.708,0.958,1.0,0.956,-0.395,-0.371,-0.353
11,B2_3,-0.377,0.763,0.688,0.647,0.935,0.974,0.918,0.646,0.632,0.712,0.958,0.956,1.0,-0.415,-0.39,-0.377
11,y1,0.672,-0.366,-0.378,-0.314,-0.456,-0.46,-0.481,-0.315,-0.325,-0.386,-0.519,-0.395,-0.415,1.0,0.958,0.963
11,y2,0.606,-0.405,-0.416,-0.331,-0.458,-0.45,-0.487,-0.333,-0.34,-0.397,-0.483,-0.371,-0.39,0.958,1.0,0.968
11,y3,0.643,-0.379,-0.381,-0.312,-0.44,-0.446,-0.45,-0.319,-0.322,-0.402,-0.47,-0.353,-0.377,0.963,0.968,1.0
12,.,1.0,-0.266,-0.235,-0.161,-0.332,-0.38,-0.336,-0.16,-0.147,-0.225,-0.414,-0.268,-0.367,0.658,0.605,0.619
12,A1_1,-0.266,1.0,0.943,0.925,0.777,0.784,0.845,0.867,0.894,0.885,0.732,0.789,0.764,-0.355,-0.394,-0.365
12,A1_2,-0.235,0.943,1.0,0.968,0.666,0.704,0.733,0.929,0.968,0.926,0.635,0.695,0.675,-0.362,-0.396,-0.36
12,A1_3,-0.161,0.925,0.968,1.0,0.613,0.654,0.677,0.956,0.988,0.923,0.563,0.645,0.625,-0.281,-0.299,-0.275
12,B1_1,-0.332,0.777,0.666,0.613,1.0,0.958,0.951,0.612,0.594,0.679,0.929,0.921,0.945,-0.436,-0.435,-0.417
12,B1_2,-0.38,0.784,0.704,0.654,0.958,1.0,0.923,0.664,0.647,0.727,0.92,0.914,0.979,-0.44,-0.436,-0.423
12,B1_3,-0.336,0.845,0.733,0.677,0.951,0.923,1.0,0.657,0.654,0.718,0.94,0.955,0.93,-0.471,-0.472,-0.435
12,A2_1,-0.16,0.867,0.929,0.956,0.612,0.664,0.657,1.0,0.975,0.972,0.578,0.649,0.643,-0.281,-0.303,-0.278
12,A2_2,-0.147,0.894,0.968,0.988,0.594,0.647,0.654,0.975,1.0,0.944,0.555,0.635,0.619,-0.291,-0.309,-0.28
12,A2_3,-0.225,0.885,0.926,0.923,0.679,0.727,0.718,0.972,0.944,1.0,0.656,0.709,0.709,-0.368,-0.384,-0.38
12,B2_1,-0.414,0.732,0.635,0.563,0.929,0.92,0.94,0.578,0.555,0.656,1.0,0.957,0.956,-0.509,-0.481,-0.463
12,B2_2,-0.268,0.789,0.695,0.645,0.921,0.914,0.955,0.649,0.635,0.709,0.957,1.0,0.958,-0.392,-0.376,-0.352
12,B2_3,-0.367,0.764,0.675,0.625,0.945,0.979,0.93,0.643,0.619,0.709,0.956,0.958,1.0,-0.406,-0.391,-0.372
12,y1,0.658,-0.355,-0.362,-0.281,-0.436,-0.44,-0.471,-0.281,-0.291,-0.368,-0.509,-0.392,-0.406,1.0,0.963,0.964
12,y2,0.605,-0.394,-0.396,-0.299,-0.435,-0.436,-0.472,-0.303,-0.309,-0.384,-0.481,-0.376,-0.391,0.963,1.0,0.972
12,y3,0.619,-0.365,-0.36,-0.275,-0.417,-0.423,-0.435,-0.278,-0.28,-0.38,-0.463,-0.352,-0.372,0.964,0.972,1.0
13,.,1.0,-0.276,-0.236,-0.168,-0.344,-0.396,-0.348,-0.167,-0.15,-0.23,-0.419,-0.277,-0.376,0.658,0.599,0.624
13,A1_1,-0.276,1.0,0.941,0.92,0.792,0.799,0.864,0.853,0.884,0.876,0.733,0.794,0.771,-0.368,-0.405,-0.38
13,A1_2,-0.236,0.941,1.0,0.968,0.679,0.716,0.752,0.921,0.965,0.922,0.64,0.704,0.682,-0.372,-0.405,-0.372
13,A1_3,-0.168,0.92,0.968,1.0,0.623,0.663,0.691,0.952,0.986,0.924,0.561,0.647,0.628,-0.288,-0.308,-0.286
13,B1_1,-0.344,0.792,0.679,0.623,1.0,0.965,0.95,0.618,0.606,0.676,0.919,0.921,0.948,-0.437,-0.442,-0.422
13,B1_2,-0.396,0.799,0.716,0.663,0.965,1.0,0.929,0.669,0.656,0.726,0.918,0.921,0.979,-0.453,-0.458,-0.44
13,B1_3,-0.348,0.864,0.752,0.691,0.95,0.929,1.0,0.665,0.668,0.718,0.93,0.948,0.927,-0.472,-0.479,-0.441
13,A2_1,-0.167,0.853,0.921,0.952,0.618,0.669,0.665,1.0,0.977,0.976,0.579,0.653,0.646,-0.297,-0.317,-0.296
13,A2_2,-0.15,0.884,0.965,0.986,0.606,0.656,0.668,0.977,1.0,0.952,0.556,0.641,0.625,-0.299,-0.316,-0.292
13,A2_3,-0.23,0.876,0.922,0.924,0.676,0.726,0.718,0.976,0.952,1.0,0.648,0.706,0.705,-0.37,-0.39,-0.385
13,B2_1,-0.419,0.733,0.64,0.561,0.919,0.918,0.93,0.579,0.556,0.648,1.0,0.957,0.954,-0.518,-0.497,-0.475
13,B2_2,-0.277,0.794,0.704,0.647,0.921,0.921,0.948,0.653,0.641,0.706,0.957,1.0,0.962,-0.389,-0.378,-0.353
13,B2_3,-0.376,0.771,0.682,0.628,0.948,0.979,0.927,0.646,0.625,0.705,0.954,0.962,1.0,-0.41,-0.4,-0.38
13,y1,0.658,-0.368,-0.372,-0.288,-0.437,-0.453,-0.472,-0.297,-0.299,-0.37,-0.518,-0.389,-0.41,1.0,0.964,0.967
13,y2,0.599,-0.405,-0.405,-0.308,-0.442,-0.458,-0.479,-0.317,-0.316,-0.39,-0.497,-0.378,-0.4,0.964,1.0,0.974
13,y3,0.624,-0.38,-0.372,-0.286,-0.422,-0.44,-0.441,-0.296,-0.292,-0.385,-0.475,-0.353,-0.38,0.967,0.974,1.0
14,.,1.0,-0.298,-0.245,-0.197,-0.381,-0.444,-0.389,-0.166,-0.153,-0.245,-0.426,-0.303,-0.409,0.621,0.569,0.59
14,A1_1,-0.298,1.0,0.936,0.916,0.787,0.792,0.843,0.84,0.871,0.856,0.692,0.789,0.759,-0.368,-0.411,-0.378
14,A1_2,-0.245,0.936,1.0,0.964,0.681,0.718,0.735,0.92,0.962,0.921,0.611,0.706,0.681,-0.383,-0.414,-0.374
14,A1_3,-0.197,0.916,0.964,1.0,0.62,0.656,0.67,0.949,0.977,0.921,0.529,0.646,0.62,-0.299,-0.316,-0.287
14,B1_1,-0.381,0.787,0.681,0.62,1.0,0.964,0.95,0.611,0.608,0.659,0.902,0.921,0.945,-0.445,-0.472,-0.442
14,B1_2,-0.444,0.792,0.718,0.656,0.964,1.0,0.93,0.659,0.654,0.712,0.901,0.919,0.976,-0.455,-0.483,-0.449
14,B1_3,-0.389,0.843,0.735,0.67,0.95,0.93,1.0,0.647,0.653,0.689,0.932,0.955,0.938,-0.469,-0.486,-0.442
14,A2_1,-0.166,0.84,0.92,0.949,0.611,0.659,0.647,1.0,0.98,0.973,0.556,0.656,0.639,-0.301,-0.326,-0.293
14,A2_2,-0.153,0.871,0.962,0.977,0.608,0.654,0.653,0.98,1.0,0.961,0.536,0.649,0.625,-0.313,-0.328,-0.298
14,A2_3,-0.245,0.856,0.921,0.921,0.659,0.712,0.689,0.973,0.961,1.0,0.614,0.696,0.694,-0.364,-0.391,-0.375
14,B2_1,-0.426,0.692,0.611,0.529,0.902,0.901,0.932,0.556,0.536,0.614,1.0,0.95,0.951,-0.509,-0.51,-0.477
14,B2_2,-0.303,0.789,0.706,0.646,0.921,0.919,0.955,0.656,0.649,0.696,0.95,1.0,0.965,-0.376,-0.382,-0.353
14,B2_3,-0.409,0.759,0.681,0.62,0.945,0.976,0.938,0.639,0.625,0.694,0.951,0.965,1.0,-0.411,-0.426,-0.392
14,y1,0.621,-0.368,-0.383,-0.299,-0.445,-0.455,-0.469,-0.301,-0.313,-0.364,-0.509,-0.376,-0.411,1.0,0.962,0.963
14,y2,0.569,-0.411,-0.414,-0.316,-0.472,-0.483,-0.486,-0.326,-0.328,-0.391,-0.51,-0.382,-0.426,0.962,1.0,0.97
14,y3,0.59,-0.378,-0.374,-0.287,-0.442,-0.449,-0.442,-0.293,-0.298,-0.375,-0.477,-0.353,-0.392,0.963,0.97,1.0
15,.,1.0,-0.269,-0.246,-0.183,-0.371,-0.424,-0.354,-0.165,-0.187,-0.233,-0.378,-0.272,-0.375,0.613,0.547,0.589
15,A1_1,-0.269,1.0,0.944,0.924,0.777,0.789,0.844,0.817,0.848,0.847,0.659,0.757,0.747,-0.36,-0.404,-0.376
15,A1_2,-0.246,0.944,1.0,0.964,0.675,0.723,0.743,0.888,0.94,0.904,0.615,0.697,0.69,-0.394,-0.426,-0.388
15,A1_3,-0.183,0.924,0.964,1.0,0.622,0.665,0.679,0.926,0.952,0.915,0.521,0.625,0.617,-0.303,-0.326,-0.297
15,B1_1,-0.371,0.777,0.675,0.622,1.0,0.97,0.953,0.598,0.602,0.647,0.849,0.896,0.922,-0.432,-0.441,-0.432
15,B1_2,-0.424,0.789,0.723,0.665,0.97,1.0,0.941,0.657,0.672,0.71,0.876,0.915,0.963,-0.466,-0.472,-0.459
15,B1_3,-0.354,0.844,0.743,0.679,0.953,0.941,1.0,0.62,0.636,0.673,0.871,0.931,0.928,-0.462,-0.468,-0.443
15,A2_1,-0.165,0.817,0.888,0.926,0.598,0.657,0.62,1.0,0.979,0.976,0.549,0.629,0.622,-0.318,-0.348,-0.323
15,A2_2,-0.187,0.848,0.94,0.952,0.602,0.672,0.636,0.979,1.0,0.978,0.55,0.63,0.631,-0.36,-0.387,-0.363
15,A2_3,-0.233,0.847,0.904,0.915,0.647,0.71,0.673,0.976,0.978,1.0,0.605,0.672,0.68,-0.37,-0.4,-0.389
15,B2_1,-0.378,0.659,0.615,0.521,0.849,0.876,0.871,0.549,0.55,0.605,1.0,0.949,0.954,-0.531,-0.508,-0.499
15,B2_2,-0.272,0.757,0.697,0.625,0.896,0.915,0.931,0.629,0.63,0.672,0.949,1.0,0.972,-0.397,-0.384,-0.371
15,B2_3,-0.375,0.747,0.69,0.617,0.922,0.963,0.928,0.622,0.631,0.68,0.954,0.972,1.0,-0.443,-0.432,-0.417
15,y1,0.613,-0.36,-0.394,-0.303,-0.432,-0.466,-0.462,-0.318,-0.36,-0.37,-0.531,-0.397,-0.443,1.0,0.965,0.964
15,y2,0.547,-0.404,-0.426,-0.326,-0.441,-0.472,-0.468,-0.348,-0.387,-0.4,-0.508,-0.384,-0.432,0.965,1.0,0.976
15,y3,0.589,-0.376,-0.388,-0.297,-0.432,-0.459,-0.443,-0.323,-0.363,-0.389,-0.499,-0.371,-0.417,0.964,0.976,1.0
16,.,1.0,-0.27,-0.225,-0.167,-0.363,-0.417,-0.354,-0.139,-0.148,-0.218,-0.378,-0.268,-0.376,0.584,0.53,0.562
16,A1_1,-0.27,1.0,0.936,0.922,0.748,0.766,0.812,0.849,0.873,0.874,0.656,0.76,0.729,-0.345,-0.384,-0.361
16,A1_2,-0.225,0.936,1.0,0.971,0.636,0.688,0.697,0.926,0.966,0.93,0.584,0.677,0.653,-0.374,-0.4,-0.365
16,A1_3,-0.167,0.922,0.971,1.0,0.582,0.63,0.636,0.95,0.974,0.928,0.501,0.615,0.59,-0.279,-0.3,-0.267
16,B1_1,-0.363,0.748,0.636,0.582,1.0,0.969,0.948,0.583,0.574,0.635,0.883,0.913,0.933,-0.419,-0.417,-0.418
16,B1_2,-0.417,0.766,0.688,0.63,0.969,1.0,0.935,0.639,0.638,0.695,0.896,0.923,0.971,-0.448,-0.448,-0.444
16,B1_3,-0.354,0.812,0.697,0.636,0.948,0.935,1.0,0.613,0.616,0.666,0.906,0.954,0.931,-0.456,-0.449,-0.432
16,A2_1,-0.139,0.849,0.926,0.95,0.583,0.639,0.613,1.0,0.983,0.973,0.539,0.631,0.614,-0.287,-0.315,-0.285
16,A2_2,-0.148,0.873,0.966,0.974,0.574,0.638,0.616,0.983,1.0,0.971,0.524,0.623,0.606,-0.314,-0.334,-0.304
16,A2_3,-0.218,0.874,0.93,0.928,0.635,0.695,0.666,0.973,0.971,1.0,0.602,0.677,0.676,-0.341,-0.369,-0.355
16,B2_1,-0.378,0.656,0.584,0.501,0.883,0.896,0.906,0.539,0.524,0.602,1.0,0.952,0.956,-0.508,-0.481,-0.479
16,B2_2,-0.268,0.76,0.677,0.615,0.913,0.923,0.954,0.631,0.623,0.677,0.952,1.0,0.968,-0.38,-0.365,-0.357
16,B2_3,-0.376,0.729,0.653,0.59,0.933,0.971,0.931,0.614,0.606,0.676,0.956,0.968,1.0,-0.413,-0.4,-0.397
16,y1,0.584,-0.345,-0.374,-0.279,-0.419,-0.448,-0.456,-0.287,-0.314,-0.341,-0.508,-0.38,-0.413,1.0,0.97,0.964
16,y2,0.53,-0.384,-0.4,-0.3,-0.417,-0.448,-0.449,-0.315,-0.334,-0.369,-0.481,-0.365,-0.4,0.97,1.0,0.978
16,y3,0.562,-0.361,-0.365,-0.267,-0.418,-0.444,-0.432,-0.285,-0.304,-0.355,-0.479,-0.357,-0.397,0.964,0.978,1.0
17,.,1.0,-0.272,-0.232,-0.167,-0.365,-0.416,-0.356,-0.148,-0.151,-0.224,-0.378,-0.271,-0.378,0.572,0.509,0.543
17,A1_1,-0.272,1.0,0.936,0.923,0.74,0.758,0.806,0.851,0.871,0.881,0.66,0.753,0.723,-0.355,-0.394,-0.373
17,A1_2,-0.232,0.936,1.0,0.969,0.623,0.677,0.685,0.918,0.956,0.925,0.591,0.669,0.647,-0.396,-0.418,-0.38
17,A1_3,-0.167,0.923,0.969,1.0,0.572,0.62,0.627,0.952,0.975,0.932,0.502,0.605,0.581,-0.296,-0.315,-0.278
17,B1_1,-0.365,0.74,0.623,0.572,1.0,0.969,0.954,0.572,0.558,0.625,0.863,0.902,0.919,-0.421,-0.411,-0.418
17,B1_2,-0.416,0.758,0.677,0.62,0.969,1.0,0.941,0.629,0.621,0.684,0.897,0.923,0.968,-0.474,-0.461,-0.467
17,B1_3,-0.356,0.806,0.685,0.627,0.954,0.941,1.0,0.605,0.603,0.663,0.893,0.944,0.923,-0.469,-0.457,-0.448
17,A2_1,-0.148,0.851,0.918,0.952,0.572,0.629,0.605,1.0,0.986,0.975,0.531,0.619,0.605,-0.295,-0.319,-0.288
17,A2_2,-0.151,0.871,0.956,0.975,0.558,0.621,0.603,0.986,1.0,0.974,0.518,0.61,0.594,-0.314,-0.331,-0.298
17,A2_3,-0.224,0.881,0.925,0.932,0.625,0.684,0.663,0.975,0.974,1.0,0.6,0.673,0.67,-0.343,-0.367,-0.352
17,B2_1,-0.378,0.66,0.591,0.502,0.863,0.897,0.893,0.531,0.518,0.6,1.0,0.954,0.96,-0.535,-0.499,-0.506
17,B2_2,-0.271,0.753,0.669,0.605,0.902,0.923,0.944,0.619,0.61,0.673,0.954,1.0,0.97,-0.405,-0.379,-0.38
17,B2_3,-0.378,0.723,0.647,0.581,0.919,0.968,0.923,0.605,0.594,0.67,0.96,0.97,1.0,-0.444,-0.42,-0.427
17,y1,0.572,-0.355,-0.396,-0.296,-0.421,-0.474,-0.469,-0.295,-0.314,-0.343,-0.535,-0.405,-0.444,1.0,0.968,0.959
17,y2,0.509,-0.394,-0.418,-0.315,-0.411,-0.461,-0.457,-0.319,-0.331,-0.367,-0.499,-0.379,-0.42,0.968,1.0,0.978
17,y3,0.543,-0.373,-0.38,-0.278,-0.418,-0.467,-0.448,-0.288,-0.298,-0.352,-0.506,-0.38,-0.427,0.959,0.978,1.0
18,.,1.0,-0.254,-0.226,-0.154,-0.349,-0.396,-0.329,-0.15,-0.147,-0.207,-0.363,-0.254,-0.357,0.56,0.5,0.525
18,A1_1,-0.254,1.0,0.934,0.926,0.717,0.745,0.785,0.864,0.881,0.9,0.666,0.748,0.718,-0.338,-0.374,-0.345
18,A1_2,-0.226,0.934,1.0,0.97,0.591,0.655,0.653,0.919,0.955,0.927,0.585,0.649,0.633,-0.382,-0.406,-0.362
18,A1_3,-0.154,0.926,0.97,1.0,0.55,0.608,0.606,0.955,0.977,0.944,0.506,0.596,0.575,-0.279,-0.3,-0.258
18,B1_1,-0.349,0.717,0.591,0.55,1.0,0.971,0.957,0.565,0.543,0.617,0.871,0.904,0.914,-0.401,-0.376,-0.391
18,B1_2,-0.396,0.745,0.655,0.608,0.971,1.0,0.944,0.626,0.609,0.674,0.902,0.923,0.963,-0.457,-0.432,-0.443
18,B1_3,-0.329,0.785,0.653,0.606,0.957,0.944,1.0,0.599,0.589,0.66,0.909,0.954,0.927,-0.448,-0.421,-0.418
18,A2_1,-0.15,0.864,0.919,0.955,0.565,0.626,0.599,1.0,0.988,0.979,0.535,0.612,0.603,-0.284,-0.307,-0.27
18,A2_2,-0.147,0.881,0.955,0.977,0.543,0.609,0.589,0.988,1.0,0.978,0.518,0.599,0.588,-0.292,-0.312,-0.271
18,A2_3,-0.207,0.9,0.927,0.944,0.617,0.674,0.66,0.979,0.978,1.0,0.601,0.669,0.665,-0.317,-0.339,-0.315
18,B2_1,-0.363,0.666,0.585,0.506,0.871,0.902,0.909,0.535,0.518,0.601,1.0,0.957,0.963,-0.533,-0.487,-0.496
18,B2_2,-0.254,0.748,0.649,0.596,0.904,0.923,0.954,0.612,0.599,0.669,0.957,1.0,0.97,-0.4,-0.362,-0.366
18,B2_3,-0.357,0.718,0.633,0.575,0.914,0.963,0.927,0.603,0.588,0.665,0.963,0.97,1.0,-0.44,-0.404,-0.415
18,y1,0.56,-0.338,-0.382,-0.279,-0.401,-0.457,-0.448,-0.284,-0.292,-0.317,-0.533,-0.4,-0.44,1.0,0.968,0.958
18,y2,0.5,-0.374,-0.406,-0.3,-0.376,-0.432,-0.421,-0.307,-0.312,-0.339,-0.487,-0.362,-0.404,0.968,1.0,0.979
18,y3,0.525,-0.345,-0.362,-0.258,-0.391,-0.443,-0.418,-0.27,-0.271,-0.315,-0.496,-0.366,-0.415,0.958,0.979,1.0
19,.,1.0,-0.221,-0.175,-0.113,-0.333,-0.373,-0.298,-0.124,-0.117,-0.173,-0.37,-0.233,-0.354,0.545,0.499,0.509
19,A1_1,-0.221,1.0,0.935,0.931,0.694,0.721,0.753,0.902,0.911,0.924,0.656,0.734,0.713,-0.291,-0.325,-0.288
19,A1_2,-0.175,0.935,1.0,0.981,0.559,0.613,0.613,0.949,0.981,0.946,0.539,0.612,0.593,-0.314,-0.337,-0.293
19,A1_3,-0.113,0.931,0.981,1.0,0.532,0.581,0.581,0.973,0.992,0.956,0.491,0.581,0.563,-0.234,-0.253,-0.211
19,B1_1,-0.333,0.694,0.559,0.532,1.0,0.971,0.952,0.564,0.537,0.618,0.923,0.922,0.955,-0.373,-0.352,-0.355
19,B1_2,-0.373,0.721,0.613,0.581,0.971,1.0,0.934,0.609,0.588,0.662,0.926,0.925,0.981,-0.417,-0.402,-0.404
19,B1_3,-0.298,0.753,0.613,0.581,0.952,0.934,1.0,0.597,0.583,0.654,0.945,0.972,0.943,-0.415,-0.385,-0.37
19,A2_1,-0.124,0.902,0.949,0.973,0.564,0.609,0.597,1.0,0.986,0.982,0.53,0.607,0.6,-0.247,-0.268,-0.224
19,A2_2,-0.117,0.911,0.981,0.992,0.537,0.588,0.583,0.986,1.0,0.971,0.506,0.588,0.572,-0.263,-0.279,-0.236
19,A2_3,-0.173,0.924,0.946,0.956,0.618,0.662,0.654,0.982,0.971,1.0,0.596,0.663,0.66,-0.281,-0.304,-0.273
19,B2_1,-0.37,0.656,0.539,0.491,0.923,0.926,0.945,0.53,0.506,0.596,1.0,0.959,0.959,-0.472,-0.433,-0.43
19,B2_2,-0.233,0.734,0.612,0.581,0.922,0.925,0.972,0.607,0.588,0.663,0.959,1.0,0.961,-0.356,-0.328,-0.32
19,B2_3,-0.354,0.713,0.593,0.563,0.955,0.981,0.943,0.6,0.572,0.66,0.959,0.961,1.0,-0.374,-0.351,-0.353
19,y1,0.545,-0.291,-0.314,-0.234,-0.373,-0.417,-0.415,-0.247,-0.263,-0.281,-0.472,-0.356,-0.374,1.0,0.973,0.962
19,y2,0.499,-0.325,-0.337,-0.253,-0.352,-0.402,-0.385,-0.268,-0.279,-0.304,-0.433,-0.328,-0.351,0.973,1.0,0.982
19,y3,0.509,-0.288,-0.293,-0.211,-0.355,-0.404,-0.37,-0.224,-0.236,-0.273,-0.43,-0.32,-0.353,0.962,0.982,1.0
20,.,1.0,-0.24,-0.186,-0.132,-0.348,-0.379,-0.318,-0.12,-0.127,-0.186,-0.367,-0.247,-0.362,0.527,0.486,0.497
20,A1_1,-0.24,1.0,0.932,0.926,0.693,0.722,0.753,0.889,0.9,0.912,0.639,0.731,0.708,-0.291,-0.341,-0.301
20,A1_2,-0.186,0.932,1.0,0.977,0.561,0.62,0.618,0.943,0.973,0.937,0.531,0.615,0.592,-0.318,-0.351,-0.3
20,A1_3,-0.132,0.926,0.977,1.0,0.53,0.583,0.583,0.972,0.99,0.953,0.478,0.58,0.557,-0.237,-0.266,-0.219
20,B1_1,-0.348,0.693,0.561,0.53,1.0,0.97,0.953,0.55,0.531,0.607,0.909,0.925,0.951,-0.387,-0.373,-0.387
20,B1_2,-0.379,0.722,0.62,0.583,0.97,1.0,0.936,0.598,0.587,0.657,0.915,0.928,0.98,-0.427,-0.416,-0.427
20,B1_3,-0.318,0.753,0.618,0.583,0.953,0.936,1.0,0.589,0.579,0.648,0.934,0.967,0.939,-0.431,-0.408,-0.4
20,A2_1,-0.12,0.889,0.943,0.972,0.55,0.598,0.589,1.0,0.987,0.976,0.509,0.597,0.582,-0.242,-0.273,-0.225
20,A2_2,-0.127,0.9,0.973,0.99,0.531,0.587,0.579,0.987,1.0,0.972,0.491,0.583,0.563,-0.264,-0.288,-0.241
20,A2_3,-0.186,0.912,0.937,0.953,0.607,0.657,0.648,0.976,0.972,1.0,0.582,0.658,0.651,-0.283,-0.315,-0.284
20,B2_1,-0.367,0.639,0.531,0.478,0.909,0.915,0.934,0.509,0.491,0.582,1.0,0.957,0.954,-0.495,-0.462,-0.47
20,B2_2,-0.247,0.731,0.615,0.58,0.925,0.928,0.967,0.597,0.583,0.658,0.957,1.0,0.965,-0.368,-0.344,-0.346
20,B2_3,-0.362,0.708,0.592,0.557,0.951,0.98,0.939,0.582,0.563,0.651,0.954,0.965,1.0,-0.387,-0.371,-0.384
20,y1,0.527,-0.291,-0.318,-0.237,-0.387,-0.427,-0.431,-0.242,-0.264,-0.283,-0.495,-0.368,-0.387,1.0,0.969,0.959
20,y2,0.486,-0.341,-0.351,-0.266,-0.373,-0.416,-0.408,-0.273,-0.288,-0.315,-0.462,-0.344,-0.371,0.969,1.0,0.977
20,y3,0.497,-0.301,-0.3,-0.219,-0.387,-0.427,-0.4,-0.225,-0.241,-0.284,-0.47,-0.346,-0.384,0.959,0.977,1.0
21,.,1.0,-0.235,-0.205,-0.142,-0.329,-0.363,-0.299,-0.124,-0.13,-0.186,-0.358,-0.234,-0.345,0.516,0.465,0.486
21,A1_1,-0.235,1.0,0.935,0.934,0.695,0.719,0.756,0.883,0.898,0.915,0.655,0.724,0.703,-0.321,-0.359,-0.331
21,A1_2,-0.205,0.935,1.0,0.971,0.57,0.628,0.628,0.927,0.961,0.928,0.568,0.623,0.608,-0.364,-0.385,-0.343
21,A1_3,-0.142,0.934,0.971,1.0,0.544,0.594,0.598,0.968,0.988,0.957,0.509,0.587,0.57,-0.268,-0.284,-0.249
21,B1_1,-0.329,0.695,0.57,0.544,1.0,0.972,0.962,0.546,0.528,0.601,0.892,0.906,0.928,-0.38,-0.362,-0.378
21,B1_2,-0.363,0.719,0.628,0.594,0.972,1.0,0.949,0.595,0.582,0.645,0.923,0.928,0.974,-0.442,-0.421,-0.437
21,B1_3,-0.299,0.756,0.628,0.598,0.962,0.949,1.0,0.584,0.576,0.647,0.922,0.956,0.934,-0.431,-0.407,-0.408
21,A2_1,-0.124,0.883,0.927,0.968,0.546,0.595,0.584,1.0,0.987,0.978,0.516,0.586,0.578,-0.257,-0.277,-0.243
21,A2_2,-0.13,0.898,0.961,0.988,0.528,0.582,0.576,0.987,1.0,0.975,0.504,0.576,0.562,-0.277,-0.291,-0.254
21,A2_3,-0.186,0.915,0.928,0.957,0.601,0.645,0.647,0.978,0.975,1.0,0.587,0.649,0.642,-0.291,-0.312,-0.289
21,B2_1,-0.358,0.655,0.568,0.509,0.892,0.923,0.922,0.516,0.504,0.587,1.0,0.959,0.965,-0.52,-0.472,-0.487
21,B2_2,-0.234,0.724,0.623,0.587,0.906,0.928,0.956,0.586,0.576,0.649,0.959,1.0,0.966,-0.394,-0.357,-0.366
21,B2_3,-0.345,0.703,0.608,0.57,0.928,0.974,0.934,0.578,0.562,0.642,0.965,0.966,1.0,-0.418,-0.387,-0.405
21,y1,0.516,-0.321,-0.364,-0.268,-0.38,-0.442,-0.431,-0.257,-0.277,-0.291,-0.52,-0.394,-0.418,1.0,0.967,0.957
21,y2,0.465,-0.359,-0.385,-0.284,-0.362,-0.421,-0.407,-0.277,-0.291,-0.312,-0.472,-0.357,-0.387,0.967,1.0,0.978
21,y3,0.486,-0.331,-0.343,-0.249,-0.378,-0.437,-0.408,-0.243,-0.254,-0.289,-0.487,-0.366,-0.405,0.957,0.978,1.0
22,.,1.0,-0.225,-0.19,-0.127,-0.315,-0.352,-0.285,-0.128,-0.127,-0.172,-0.353,-0.219,-0.337,0.516,0.468,0.473
22,A1_1,-0.225,1.0,0.936,0.935,0.677,0.71,0.743,0.9,0.911,0.928,0.662,0.725,0.704,-0.309,-0.343,-0.306
22,A1_2,-0.19,0.936,1.0,0.976,0.541,0.605,0.603,0.943,0.973,0.939,0.553,0.606,0.589,-0.339,-0.355,-0.311
22,A1_3,-0.127,0.935,0.976,1.0,0.521,0.578,0.579,0.974,0.991,0.963,0.506,0.58,0.562,-0.248,-0.261,-0.222
22,B1_1,-0.315,0.677,0.541,0.521,1.0,0.969,0.955,0.538,0.513,0.59,0.914,0.91,0.945,-0.36,-0.334,-0.339
22,B1_2,-0.352,0.71,0.605,0.578,0.969,1.0,0.943,0.589,0.572,0.636,0.934,0.927,0.98,-0.428,-0.403,-0.408
22,B1_3,-0.285,0.743,0.603,0.579,0.955,0.943,1.0,0.583,0.568,0.643,0.939,0.965,0.938,-0.414,-0.382,-0.373
22,A2_1,-0.128,0.9,0.943,0.974,0.538,0.589,0.583,1.0,0.987,0.981,0.526,0.592,0.583,-0.249,-0.263,-0.219
22,A2_2,-0.127,0.911,0.973,0.991,0.513,0.572,0.568,0.987,1.0,0.975,0.508,0.575,0.559,-0.268,-0.278,-0.234
22,A2_3,-0.172,0.928,0.939,0.963,0.59,0.636,0.643,0.981,0.975,1.0,0.591,0.651,0.639,-0.274,-0.29,-0.255
22,B2_1,-0.353,0.662,0.553,0.506,0.914,0.934,0.939,0.526,0.508,0.591,1.0,0.96,0.962,-0.486,-0.436,-0.437
22,B2_2,-0.219,0.725,0.606,0.58,0.91,0.927,0.965,0.592,0.575,0.651,0.96,1.0,0.958,-0.374,-0.336,-0.333
22,B2_3,-0.337,0.704,0.589,0.562,0.945,0.98,0.938,0.583,0.559,0.639,0.962,0.958,1.0,-0.38,-0.347,-0.352
22,y1,0.516,-0.309,-0.339,-0.248,-0.36,-0.428,-0.414,-0.249,-0.268,-0.274,-0.486,-0.374,-0.38,1.0,0.967,0.955
22,y2,0.468,-0.343,-0.355,-0.261,-0.334,-0.403,-0.382,-0.263,-0.278,-0.29,-0.436,-0.336,-0.347,0.967,1.0,0.979
22,y3,0.473,-0.306,-0.311,-0.222,-0.339,-0.408,-0.373,-0.219,-0.234,-0.255,-0.437,-0.333,-0.352,0.955,0.979,1.0
23,.,1.0,-0.241,-0.21,-0.144,-0.323,-0.358,-0.287,-0.117,-0.128,-0.177,-0.336,-0.221,-0.327,0.493,0.447,0.463
23,A1_1,-0.241,1.0,0.936,0.936,0.691,0.712,0.742,0.882,0.897,0.915,0.641,0.714,0.696,-0.31,-0.342,-0.31
23,A1_2,-0.21,0.936,1.0,0.974,0.565,0.618,0.612,0.929,0.961,0.93,0.557,0.615,0.604,-0.354,-0.365,-0.321
23,A1_3,-0.144,0.936,0.974,1.0,0.55,0.593,0.594,0.967,0.985,0.96,0.507,0.589,0.572,-0.265,-0.272,-0.236
23,B1_1,-0.323,0.691,0.565,0.55,1.0,0.969,0.963,0.538,0.527,0.594,0.872,0.896,0.915,-0.365,-0.336,-0.351
23,B1_2,-0.358,0.712,0.618,0.593,0.969,1.0,0.948,0.584,0.578,0.637,0.909,0.919,0.966,-0.43,-0.399,-0.417
23,B1_3,-0.287,0.742,0.612,0.594,0.963,0.948,1.0,0.57,0.565,0.632,0.912,0.953,0.928,-0.413,-0.378,-0.38
23,A2_1,-0.117,0.882,0.929,0.967,0.538,0.584,0.57,1.0,0.988,0.98,0.505,0.579,0.57,-0.253,-0.263,-0.228
23,A2_2,-0.128,0.897,0.961,0.985,0.527,0.578,0.565,0.988,1.0,0.98,0.501,0.575,0.563,-0.274,-0.281,-0.245
23,A2_3,-0.177,0.915,0.93,0.96,0.594,0.637,0.632,0.98,0.98,1.0,0.573,0.64,0.635,-0.278,-0.291,-0.265
23,B2_1,-0.336,0.641,0.557,0.507,0.872,0.909,0.912,0.505,0.501,0.573,1.0,0.958,0.963,-0.508,-0.446,-0.462
