,,.,A1_1,A1_2,A1_3,B1_1,B1_2,B1_3,A2_1,A2_2,A2_3,B2_1,B2_2,B2_3,y1,y2,y3
1,.,1.0,0.737,0.739,0.862,0.803,0.674,0.702,0.813,0.804,0.758,0.611,0.742,0.707,0.85,0.756,0.693
1,A1_1,0.737,1.0,0.752,0.762,0.581,0.866,0.794,0.644,0.573,0.597,0.527,0.543,0.683,0.77,0.767,0.71
1,A1_2,0.739,0.752,1.0,0.694,0.749,0.737,0.7,0.614,0.582,0.611,0.481,0.606,0.621,0.895,0.563,0.699
1,A1_3,0.862,0.762,0.694,1.0,0.722,0.79,0.762,0.739,0.858,0.757,0.614,0.673,0.748,0.859,0.832,0.777
1,B1_1,0.803,0.581,0.749,0.722,1.0,0.555,0.691,0.612,0.76,0.674,0.608,0.804,0.528,0.867,0.639,0.61
1,B1_2,0.674,0.866,0.737,0.79,0.555,1.0,0.74,0.573,0.553,0.496,0.566,0.508,0.646,0.766,0.773,0.746
1,B1_3,0.702,0.794,0.7,0.762,0.691,0.74,1.0,0.756,0.641,0.633,0.517,0.761,0.636,0.78,0.741,0.809
1,A2_1,0.813,0.644,0.614,0.739,0.612,0.573,0.756,1.0,0.693,0.563,0.43,0.606,0.612,0.659,0.541,0.787
1,A2_2,0.804,0.573,0.582,0.858,0.76,0.553,0.641,0.693,1.0,0.73,0.699,0.673,0.683,0.815,0.631,0.686
1,A2_3,0.758,0.597,0.611,0.757,0.674,0.496,0.633,0.563,0.73,1.0,0.638,0.697,0.687,0.729,0.721,0.519
1,B2_1,0.611,0.527,0.481,0.614,0.608,0.566,0.517,0.43,0.699,0.638,1.0,0.689,0.412,0.67,0.513,0.462
1,B2_2,0.742,0.543,0.606,0.673,0.804,0.508,0.761,0.606,0.673,0.697,0.689,1.0,0.471,0.751,0.663,0.565
1,B2_3,0.707,0.683,0.621,0.748,0.528,0.646,0.636,0.612,0.683,0.687,0.412,0.471,1.0,0.673,0.748,0.648
1,y1,0.85,0.77,0.895,0.859,0.867,0.766,0.78,0.659,0.815,0.729,0.67,0.751,0.673,1.0,0.714,0.739
1,y2,0.756,0.767,0.563,0.832,0.639,0.773,0.741,0.541,0.631,0.721,0.513,0.663,0.748,0.714,1.0,0.595
1,y3,0.693,0.71,0.699,0.777,0.61,0.746,0.809,0.787,0.686,0.519,0.462,0.565,0.648,0.739,0.595,1.0
2,.,1.0,0.739,0.739,0.862,0.8,0.678,0.704,0.816,0.805,0.758,0.615,0.742,0.704,0.847,0.755,0.698
2,A1_1,0.739,1.0,0.75,0.768,0.577,0.866,0.793,0.646,0.576,0.597,0.522,0.541,0.679,0.769,0.768,0.711
2,A1_2,0.739,0.75,1.0,0.696,0.75,0.74,0.703,0.613,0.585,0.613,0.485,0.611,0.621,0.896,0.568,0.703
2,A1_3,0.862,0.768,0.696,1.0,0.724,0.795,0.769,0.741,0.858,0.759,0.62,0.676,0.752,0.857,0.836,0.782
2,B1_1,0.8,0.577,0.75,0.724,1.0,0.559,0.694,0.611,0.762,0.676,0.617,0.809,0.533,0.866,0.641,0.612
2,B1_2,0.678,0.866,0.74,0.795,0.559,1.0,0.743,0.576,0.557,0.502,0.565,0.512,0.649,0.767,0.776,0.746
2,B1_3,0.704,0.793,0.703,0.769,0.694,0.743,1.0,0.755,0.647,0.638,0.521,0.763,0.638,0.782,0.743,0.812
2,A2_1,0.816,0.646,0.613,0.741,0.611,0.576,0.755,1.0,0.696,0.565,0.436,0.605,0.611,0.655,0.544,0.789
2,A2_2,0.805,0.576,0.585,0.858,0.762,0.557,0.647,0.696,1.0,0.733,0.707,0.679,0.689,0.812,0.636,0.691
2,A2_3,0.758,0.597,0.613,0.759,0.676,0.502,0.638,0.565,0.733,1.0,0.642,0.701,0.689,0.73,0.724,0.526
2,B2_1,0.615,0.522,0.485,0.62,0.617,0.565,0.521,0.436,0.707,0.642,1.0,0.699,0.422,0.671,0.517,0.465
2,B2_2,0.742,0.541,0.611,0.676,0.809,0.512,0.763,0.605,0.679,0.701,0.699,1.0,0.478,0.753,0.665,0.57
2,B2_3,0.704,0.679,0.621,0.752,0.533,0.649,0.638,0.611,0.689,0.689,0.422,0.478,1.0,0.671,0.749,0.651
2,y1,0.847,0.769,0.896,0.857,0.866,0.767,0.782,0.655,0.812,0.73,0.671,0.753,0.671,1.0,0.715,0.74
2,y2,0.755,0.768,0.568,0.836,0.641,0.776,0.743,0.544,0.636,0.724,0.517,0.665,0.749,0.715,1.0,0.598
2,y3,0.698,0.711,0.703,0.782,0.612,0.746,0.812,0.789,0.691,0.526,0.465,0.57,0.651,0.74,0.598,1.0
3,.,1.0,0.742,0.74,0.863,0.797,0.683,0.707,0.82,0.807,0.759,0.621,0.742,0.703,0.845,0.756,0.703
3,A1_1,0.742,1.0,0.749,0.774,0.576,0.868,0.793,0.65,0.583,0.602,0.522,0.542,0.678,0.769,0.771,0.714
3,A1_2,0.74,0.749,1.0,0.699,0.753,0.745,0.708,0.615,0.591,0.617,0.493,0.618,0.624,0.897,0.575,0.709
3,A1_3,0.863,0.774,0.699,1.0,0.727,0.802,0.776,0.745,0.86,0.762,0.629,0.68,0.756,0.857,0.841,0.787
3,B1_1,0.797,0.576,0.753,0.727,1.0,0.567,0.7,0.611,0.766,0.68,0.631,0.816,0.542,0.867,0.647,0.618
3,B1_2,0.683,0.868,0.745,0.802,0.567,1.0,0.748,0.581,0.566,0.513,0.57,0.521,0.655,0.77,0.781,0.749
3,B1_3,0.707,0.793,0.708,0.776,0.7,0.748,1.0,0.756,0.657,0.645,0.531,0.768,0.644,0.786,0.748,0.816
3,A2_1,0.82,0.65,0.615,0.745,0.611,0.581,0.756,1.0,0.701,0.571,0.446,0.607,0.612,0.653,0.549,0.792
3,A2_2,0.807,0.583,0.591,0.86,0.766,0.566,0.657,0.701,1.0,0.738,0.717,0.687,0.698,0.811,0.644,0.697
3,A2_3,0.759,0.602,0.617,0.762,0.68,0.513,0.645,0.571,0.738,1.0,0.65,0.707,0.694,0.733,0.729,0.536
3,B2_1,0.621,0.522,0.493,0.629,0.631,0.57,0.531,0.446,0.717,0.65,1.0,0.712,0.438,0.675,0.527,0.474
3,B2_2,0.742,0.542,0.618,0.68,0.816,0.521,0.768,0.607,0.687,0.707,0.712,1.0,0.49,0.756,0.67,0.577
3,B2_3,0.703,0.678,0.624,0.756,0.542,0.655,0.644,0.612,0.698,0.694,0.438,0.49,1.0,0.672,0.753,0.657
3,y1,0.845,0.769,0.897,0.857,0.867,0.77,0.786,0.653,0.811,0.733,0.675,0.756,0.672,1.0,0.718,0.742
3,y2,0.756,0.771,0.575,0.841,0.647,0.781,0.748,0.549,0.644,0.729,0.527,0.67,0.753,0.718,1.0,0.604
3,y3,0.703,0.714,0.709,0.787,0.618,0.749,0.816,0.792,0.697,0.536,0.474,0.577,0.657,0.742,0.604,1.0
4,.,1.0,0.747,0.742,0.863,0.795,0.689,0.711,0.824,0.809,0.761,0.629,0.744,0.704,0.842,0.757,0.709
4,A1_1,0.747,1.0,0.75,0.782,0.579,0.87,0.795,0.656,0.592,0.609,0.525,0.548,0.68,0.771,0.776,0.719
4,A1_2,0.742,0.75,1.0,0.704,0.757,0.75,0.715,0.618,0.599,0.623,0.504,0.627,0.629,0.899,0.584,0.715
4,A1_3,0.863,0.782,0.704,1.0,0.731,0.809,0.784,0.75,0.862,0.766,0.638,0.686,0.762,0.856,0.846,0.793
4,B1_1,0.795,0.579,0.757,0.731,1.0,0.579,0.708,0.613,0.771,0.686,0.647,0.823,0.555,0.868,0.655,0.625
4,B1_2,0.689,0.87,0.75,0.809,0.579,1.0,0.755,0.588,0.577,0.525,0.578,0.533,0.664,0.774,0.788,0.752
4,B1_3,0.711,0.795,0.715,0.784,0.708,0.755,1.0,0.757,0.668,0.654,0.546,0.774,0.653,0.791,0.754,0.82
4,A2_1,0.824,0.656,0.618,0.75,0.613,0.588,0.757,1.0,0.708,0.578,0.457,0.609,0.616,0.652,0.555,0.795
4,A2_2,0.809,0.592,0.599,0.862,0.771,0.577,0.668,0.708,1.0,0.744,0.728,0.696,0.708,0.81,0.653,0.705
4,A2_3,0.761,0.609,0.623,0.766,0.686,0.525,0.654,0.578,0.744,1.0,0.66,0.713,0.7,0.736,0.736,0.547
4,B2_1,0.629,0.525,0.504,0.638,0.647,0.578,0.546,0.457,0.728,0.66,1.0,0.726,0.458,0.681,0.539,0.485
4,B2_2,0.744,0.548,0.627,0.686,0.823,0.533,0.774,0.609,0.696,0.713,0.726,1.0,0.506,0.76,0.677,0.585
4,B2_3,0.704,0.68,0.629,0.762,0.555,0.664,0.653,0.616,0.708,0.7,0.458,0.506,1.0,0.675,0.759,0.665
4,y1,0.842,0.771,0.899,0.856,0.868,0.774,0.791,0.652,0.81,0.736,0.681,0.76,0.675,1.0,0.723,0.745
4,y2,0.757,0.776,0.584,0.846,0.655,0.788,0.754,0.555,0.653,0.736,0.539,0.677,0.759,0.723,1.0,0.612
4,y3,0.709,0.719,0.715,0.793,0.625,0.752,0.82,0.795,0.705,0.547,0.485,0.585,0.665,0.745,0.612,1.0
5,.,1.0,0.752,0.744,0.864,0.793,0.695,0.716,0.828,0.812,0.763,0.636,0.746,0.705,0.84,0.759,0.715
5,A1_1,0.752,1.0,0.753,0.79,0.584,0.873,0.798,0.663,0.603,0.617,0.532,0.555,0.683,0.773,0.78,0.725
5,A1_2,0.744,0.753,1.0,0.709,0.762,0.757,0.722,0.622,0.607,0.63,0.516,0.636,0.636,0.901,0.594,0.723
5,A1_3,0.864,0.79,0.709,1.0,0.735,0.816,0.792,0.755,0.864,0.771,0.648,0.691,0.768,0.856,0.85,0.799
5,B1_1,0.793,0.584,0.762,0.735,1.0,0.592,0.718,0.616,0.776,0.693,0.664,0.831,0.569,0.869,0.664,0.634
5,B1_2,0.695,0.873,0.757,0.816,0.592,1.0,0.763,0.595,0.588,0.539,0.588,0.547,0.673,0.779,0.795,0.756
5,B1_3,0.716,0.798,0.722,0.792,0.718,0.763,1.0,0.758,0.68,0.664,0.563,0.781,0.664,0.796,0.762,0.825
5,A2_1,0.828,0.663,0.622,0.755,0.616,0.595,0.758,1.0,0.714,0.585,0.469,0.612,0.62,0.652,0.562,0.798
5,A2_2,0.812,0.603,0.607,0.864,0.776,0.588,0.68,0.714,1.0,0.75,0.739,0.705,0.719,0.81,0.663,0.714
5,A2_3,0.763,0.617,0.63,0.771,0.693,0.539,0.664,0.585,0.75,1.0,0.67,0.72,0.708,0.74,0.742,0.559
5,B2_1,0.636,0.532,0.516,0.648,0.664,0.588,0.563,0.469,0.739,0.67,1.0,0.741,0.48,0.688,0.554,0.497
5,B2_2,0.746,0.555,0.636,0.691,0.831,0.547,0.781,0.612,0.705,0.72,0.741,1.0,0.523,0.764,0.685,0.595
5,B2_3,0.705,0.683,0.636,0.768,0.569,0.673,0.664,0.62,0.719,0.708,0.48,0.523,1.0,0.679,0.766,0.673
5,y1,0.84,0.773,0.901,0.856,0.869,0.779,0.796,0.652,0.81,0.74,0.688,0.764,0.679,1.0,0.728,0.749
5,y2,0.759,0.78,0.594,0.85,0.664,0.795,0.762,0.562,0.663,0.742,0.554,0.685,0.766,0.728,1.0,0.621
5,y3,0.715,0.725,0.723,0.799,0.634,0.756,0.825,0.798,0.714,0.559,0.497,0.595,0.673,0.749,0.621,1.0
6,.,1.0,0.757,0.746,0.865,0.79,0.7,0.72,0.832,0.814,0.766,0.643,0.747,0.707,0.837,0.761,0.72
6,A1_1,0.757,1.0,0.756,0.798,0.591,0.875,0.801,0.671,0.614,0.626,0.539,0.563,0.687,0.776,0.786,0.731
6,A1_2,0.746,0.756,1.0,0.714,0.767,0.764,0.73,0.627,0.616,0.638,0.529,0.645,0.643,0.903,0.605,0.73
6,A1_3,0.865,0.798,0.714,1.0,0.738,0.822,0.799,0.759,0.867,0.775,0.656,0.696,0.774,0.856,0.855,0.804
6,B1_1,0.79,0.591,0.767,0.738,1.0,0.606,0.729,0.618,0.781,0.7,0.682,0.839,0.585,0.871,0.674,0.642
6,B1_2,0.7,0.875,0.764,0.822,0.606,1.0,0.772,0.602,0.601,0.554,0.6,0.562,0.684,0.785,0.802,0.761
6,B1_3,0.72,0.801,0.73,0.799,0.729,0.772,1.0,0.759,0.692,0.675,0.581,0.789,0.676,0.802,0.769,0.83
6,A2_1,0.832,0.671,0.627,0.759,0.618,0.602,0.759,1.0,0.72,0.593,0.48,0.614,0.625,0.652,0.569,0.801
6,A2_2,0.814,0.614,0.616,0.867,0.781,0.601,0.692,0.72,1.0,0.757,0.749,0.714,0.73,0.811,0.673,0.722
6,A2_3,0.766,0.626,0.638,0.775,0.7,0.554,0.675,0.593,0.757,1.0,0.68,0.727,0.716,0.745,0.749,0.571
6,B2_1,0.643,0.539,0.529,0.656,0.682,0.6,0.581,0.48,0.749,0.68,1.0,0.756,0.503,0.695,0.569,0.51
6,B2_2,0.747,0.563,0.645,0.696,0.839,0.562,0.789,0.614,0.714,0.727,0.756,1.0,0.542,0.769,0.693,0.604
6,B2_3,0.707,0.687,0.643,0.774,0.585,0.684,0.676,0.625,0.73,0.716,0.503,0.542,1.0,0.684,0.773,0.682
6,y1,0.837,0.776,0.903,0.856,0.871,0.785,0.802,0.652,0.811,0.745,0.695,0.769,0.684,1.0,0.734,0.753
6,y2,0.761,0.786,0.605,0.855,0.674,0.802,0.769,0.569,0.673,0.749,0.569,0.693,0.773,0.734,1.0,0.63
6,y3,0.72,0.731,0.73,0.804,0.642,0.761,0.83,0.801,0.722,0.571,0.51,0.604,0.682,0.753,0.63,1.0
7,.,1.0,0.762,0.748,0.865,0.788,0.705,0.723,0.835,0.816,0.769,0.649,0.748,0.708,0.834,0.761,0.724
7,A1_1,0.762,1.0,0.759,0.806,0.598,0.878,0.804,0.678,0.625,0.635,0.547,0.572,0.692,0.778,0.791,0.736
7,A1_2,0.748,0.759,1.0,0.719,0.772,0.77,0.738,0.632,0.625,0.645,0.542,0.655,0.651,0.905,0.615,0.737
7,A1_3,0.865,0.806,0.719,1.0,0.742,0.828,0.806,0.764,0.869,0.78,0.664,0.701,0.779,0.856,0.858,0.809
7,B1_1,0.788,0.598,0.772,0.742,1.0,0.62,0.74,0.621,0.786,0.707,0.699,0.847,0.601,0.872,0.684,0.651
7,B1_2,0.705,0.878,0.77,0.828,0.62,1.0,0.78,0.608,0.612,0.568,0.612,0.577,0.695,0.79,0.81,0.766
7,B1_3,0.723,0.804,0.738,0.806,0.74,0.78,1.0,0.759,0.703,0.685,0.599,0.797,0.688,0.807,0.777,0.834
7,A2_1,0.835,0.678,0.632,0.764,0.621,0.608,0.759,1.0,0.726,0.601,0.49,0.616,0.629,0.651,0.575,0.803
7,A2_2,0.816,0.625,0.625,0.869,0.786,0.612,0.703,0.726,1.0,0.763,0.759,0.723,0.74,0.812,0.682,0.729
7,A2_3,0.769,0.635,0.645,0.78,0.707,0.568,0.685,0.601,0.763,1.0,0.69,0.734,0.723,0.749,0.756,0.583
7,B2_1,0.649,0.547,0.542,0.664,0.699,0.612,0.599,0.49,0.759,0.69,1.0,0.771,0.525,0.702,0.585,0.523
7,B2_2,0.748,0.572,0.655,0.701,0.847,0.577,0.797,0.616,0.723,0.734,0.771,1.0,0.56,0.774,0.702,0.613
7,B2_3,0.708,0.692,0.651,0.779,0.601,0.695,0.688,0.629,0.74,0.723,0.525,0.56,1.0,0.69,0.78,0.69
7,y1,0.834,0.778,0.905,0.856,0.872,0.79,0.807,0.651,0.812,0.749,0.702,0.774,0.69,1.0,0.739,0.757
7,y2,0.761,0.791,0.615,0.858,0.684,0.81,0.777,0.575,0.682,0.756,0.585,0.702,0.78,0.739,1.0,0.639
7,y3,0.724,0.736,0.737,0.809,0.651,0.766,0.834,0.803,0.729,0.583,0.523,0.613,0.69,0.757,0.639,1.0
8,.,1.0,0.765,0.748,0.864,0.785,0.708,0.725,0.838,0.817,0.77,0.653,0.748,0.708,0.831,0.761,0.727
8,A1_1,0.765,1.0,0.762,0.813,0.605,0.879,0.807,0.684,0.635,0.644,0.555,0.579,0.696,0.78,0.795,0.742
8,A1_2,0.748,0.762,1.0,0.723,0.777,0.776,0.745,0.634,0.632,0.651,0.554,0.663,0.658,0.906,0.625,0.744
8,A1_3,0.864,0.813,0.723,1.0,0.744,0.832,0.811,0.767,0.87,0.784,0.67,0.704,0.783,0.855,0.862,0.813
8,B1_1,0.785,0.605,0.777,0.744,1.0,0.633,0.75,0.621,0.79,0.712,0.715,0.854,0.615,0.873,0.693,0.658
8,B1_2,0.708,0.879,0.776,0.832,0.633,1.0,0.788,0.612,0.622,0.58,0.623,0.591,0.704,0.795,0.817,0.77
8,B1_3,0.725,0.807,0.745,0.811,0.75,0.788,1.0,0.757,0.713,0.694,0.617,0.804,0.699,0.812,0.785,0.838
8,A2_1,0.838,0.684,0.634,0.767,0.621,0.612,0.757,1.0,0.731,0.607,0.498,0.616,0.632,0.65,0.58,0.804
8,A2_2,0.817,0.635,0.632,0.87,0.79,0.622,0.713,0.731,1.0,0.769,0.766,0.729,0.748,0.812,0.691,0.735
8,A2_3,0.77,0.644,0.651,0.784,0.712,0.58,0.694,0.607,0.769,1.0,0.698,0.739,0.73,0.752,0.762,0.593
8,B2_1,0.653,0.555,0.554,0.67,0.715,0.623,0.617,0.498,0.766,0.698,1.0,0.784,0.546,0.708,0.599,0.533
8,B2_2,0.748,0.579,0.663,0.704,0.854,0.591,0.804,0.616,0.729,0.739,0.784,1.0,0.577,0.777,0.71,0.621
8,B2_3,0.708,0.696,0.658,0.783,0.615,0.704,0.699,0.632,0.748,0.73,0.546,0.577,1.0,0.695,0.787,0.697
8,y1,0.831,0.78,0.906,0.855,0.873,0.795,0.812,0.65,0.812,0.752,0.708,0.777,0.695,1.0,0.744,0.76
8,y2,0.761,0.795,0.625,0.862,0.693,0.817,0.785,0.58,0.691,0.762,0.599,0.71,0.787,0.744,1.0,0.647
8,y3,0.727,0.742,0.744,0.813,0.658,0.77,0.838,0.804,0.735,0.593,0.533,0.621,0.697,0.76,0.647,1.0
9,.,1.0,0.769,0.748,0.863,0.78,0.709,0.726,0.84,0.818,0.771,0.655,0.746,0.707,0.826,0.76,0.729
9,A1_1,0.769,1.0,0.764,0.82,0.611,0.88,0.809,0.69,0.644,0.652,0.562,0.586,0.701,0.782,0.799,0.746
9,A1_2,0.748,0.764,1.0,0.727,0.781,0.781,0.751,0.637,0.639,0.657,0.564,0.67,0.664,0.908,0.633,0.75
9,A1_3,0.863,0.82,0.727,1.0,0.745,0.836,0.815,0.77,0.872,0.787,0.675,0.706,0.787,0.854,0.864,0.817
9,B1_1,0.78,0.611,0.781,0.745,1.0,0.646,0.76,0.621,0.793,0.717,0.73,0.86,0.63,0.874,0.702,0.664
9,B1_2,0.709,0.88,0.781,0.836,0.646,1.0,0.796,0.614,0.631,0.592,0.635,0.605,0.714,0.799,0.823,0.773
9,B1_3,0.726,0.809,0.751,0.815,0.76,0.796,1.0,0.755,0.722,0.702,0.634,0.811,0.71,0.816,0.792,0.841
9,A2_1,0.84,0.69,0.637,0.77,0.621,0.614,0.755,1.0,0.735,0.613,0.503,0.615,0.634,0.648,0.583,0.805
9,A2_2,0.818,0.644,0.639,0.872,0.793,0.631,0.722,0.735,1.0,0.774,0.773,0.735,0.756,0.812,0.698,0.741
9,A2_3,0.771,0.652,0.657,0.787,0.717,0.592,0.702,0.613,0.774,1.0,0.706,0.743,0.736,0.755,0.767,0.602
9,B2_1,0.655,0.562,0.564,0.675,0.73,0.635,0.634,0.503,0.773,0.706,1.0,0.797,0.566,0.714,0.614,0.543
9,B2_2,0.746,0.586,0.67,0.706,0.86,0.605,0.811,0.615,0.735,0.743,0.797,1.0,0.593,0.781,0.718,0.627
9,B2_3,0.707,0.701,0.664,0.787,0.63,0.714,0.71,0.634,0.756,0.736,0.566,0.593,1.0,0.7,0.793,0.704
9,y1,0.826,0.782,0.908,0.854,0.874,0.799,0.816,0.648,0.812,0.755,0.714,0.781,0.7,1.0,0.749,0.763
9,y2,0.76,0.799,0.633,0.864,0.702,0.823,0.792,0.583,0.698,0.767,0.614,0.718,0.793,0.749,1.0,0.654
9,y3,0.729,0.746,0.75,0.817,0.664,0.773,0.841,0.805,0.741,0.602,0.543,0.627,0.704,0.763,0.654,1.0
10,.,1.0,0.771,0.747,0.862,0.775,0.708,0.724,0.842,0.818,0.772,0.656,0.743,0.705,0.82,0.758,0.729
10,A1_1,0.771,1.0,0.766,0.825,0.616,0.881,0.811,0.694,0.653,0.66,0.568,0.591,0.704,0.783,0.802,0.75
10,A1_2,0.747,0.766,1.0,0.729,0.784,0.786,0.757,0.638,0.644,0.662,0.573,0.675,0.67,0.909,0.641,0.755
10,A1_3,0.862,0.825,0.729,1.0,0.745,0.838,0.817,0.773,0.873,0.79,0.677,0.706,0.789,0.853,0.865,0.819
10,B1_1,0.775,0.616,0.784,0.745,1.0,0.657,0.769,0.619,0.795,0.721,0.743,0.866,0.642,0.875,0.71,0.67
10,B1_2,0.708,0.881,0.786,0.838,0.657,1.0,0.804,0.615,0.638,0.601,0.645,0.617,0.722,0.803,0.829,0.776
10,B1_3,0.724,0.811,0.757,0.817,0.769,0.804,1.0,0.751,0.729,0.708,0.65,0.818,0.72,0.82,0.798,0.843
10,A2_1,0.842,0.694,0.638,0.773,0.619,0.615,0.751,1.0,0.738,0.618,0.507,0.612,0.634,0.644,0.585,0.804
10,A2_2,0.818,0.653,0.644,0.873,0.795,0.638,0.729,0.738,1.0,0.779,0.777,0.739,0.763,0.811,0.704,0.745
10,A2_3,0.772,0.66,0.662,0.79,0.721,0.601,0.708,0.618,0.779,1.0,0.712,0.746,0.742,0.757,0.772,0.609
10,B2_1,0.656,0.568,0.573,0.677,0.743,0.645,0.65,0.507,0.777,0.712,1.0,0.808,0.584,0.718,0.626,0.551
10,B2_2,0.743,0.591,0.675,0.706,0.866,0.617,0.818,0.612,0.739,0.746,0.808,1.0,0.607,0.783,0.725,0.632
10,B2_3,0.705,0.704,0.67,0.789,0.642,0.722,0.72,0.634,0.763,0.742,0.584,0.607,1.0,0.704,0.799,0.71
10,y1,0.82,0.783,0.909,0.853,0.875,0.803,0.82,0.644,0.811,0.757,0.718,0.783,0.704,1.0,0.753,0.765
10,y2,0.758,0.802,0.641,0.865,0.71,0.829,0.798,0.585,0.704,0.772,0.626,0.725,0.799,0.753,1.0,0.659
10,y3,0.729,0.75,0.755,0.819,0.67,0.776,0.843,0.804,0.745,0.609,0.551,0.632,0.71,0.765,0.659,1.0
11,.,1.0,0.772,0.745,0.86,0.768,0.706,0.721,0.843,0.817,0.771,0.653,0.738,0.701,0.814,0.754,0.727
11,A1_1,0.772,1.0,0.768,0.83,0.62,0.881,0.812,0.698,0.66,0.666,0.572,0.595,0.707,0.784,0.805,0.754
11,A1_2,0.745,0.768,1.0,0.731,0.787,0.79,0.761,0.639,0.649,0.666,0.58,0.68,0.675,0.909,0.647,0.759
11,A1_3,0.86,0.83,0.731,1.0,0.744,0.839,0.819,0.774,0.873,0.792,0.678,0.705,0.79,0.851,0.866,0.821
11,B1_1,0.768,0.62,0.787,0.744,1.0,0.668,0.777,0.616,0.796,0.724,0.755,0.871,0.654,0.876,0.717,0.674
11,B1_2,0.706,0.881,0.79,0.839,0.668,1.0,0.81,0.614,0.644,0.61,0.654,0.628,0.73,0.806,0.835,0.778
11,B1_3,0.721,0.812,0.761,0.819,0.777,0.81,1.0,0.746,0.735,0.714,0.665,0.824,0.729,0.823,0.804,0.844
11,A2_1,0.843,0.698,0.639,0.774,0.616,0.614,0.746,1.0,0.74,0.621,0.507,0.607,0.633,0.64,0.584,0.803
11,A2_2,0.817,0.66,0.649,0.873,0.796,0.644,0.735,0.74,1.0,0.782,0.78,0.742,0.768,0.81,0.708,0.749
11,A2_3,0.771,0.666,0.666,0.792,0.724,0.61,0.714,0.621,0.782,1.0,0.716,0.748,0.746,0.759,0.776,0.615
11,B2_1,0.653,0.572,0.58,0.678,0.755,0.654,0.665,0.507,0.78,0.716,1.0,0.819,0.6,0.722,0.638,0.557
11,B2_2,0.738,0.595,0.68,0.705,0.871,0.628,0.824,0.607,0.742,0.748,0.819,1.0,0.621,0.785,0.731,0.635
11,B2_3,0.701,0.707,0.675,0.79,0.654,0.73,0.729,0.633,0.768,0.746,0.6,0.621,1.0,0.708,0.804,0.714
11,y1,0.814,0.784,0.909,0.851,0.876,0.806,0.823,0.64,0.81,0.759,0.722,0.785,0.708,1.0,0.756,0.766
11,y2,0.754,0.805,0.647,0.866,0.717,0.835,0.804,0.584,0.708,0.776,0.638,0.731,0.804,0.756,1.0,0.664
11,y3,0.727,0.754,0.759,0.821,0.674,0.778,0.844,0.803,0.749,0.615,0.557,0.635,0.714,0.766,0.664,1.0
12,.,1.0,0.772,0.742,0.857,0.76,0.702,0.716,0.844,0.815,0.769,0.649,0.731,0.696,0.806,0.749,0.725
12,A1_1,0.772,1.0,0.77,0.835,0.622,0.88,0.812,0.701,0.666,0.672,0.574,0.597,0.709,0.784,0.806,0.756
12,A1_2,0.742,0.77,1.0,0.732,0.789,0.793,0.764,0.638,0.652,0.669,0.586,0.682,0.679,0.91,0.652,0.763
12,A1_3,0.857,0.835,0.732,1.0,0.742,0.839,0.819,0.776,0.873,0.794,0.677,0.701,0.79,0.848,0.865,0.822
12,B1_1,0.76,0.622,0.789,0.742,1.0,0.677,0.784,0.61,0.796,0.726,0.766,0.875,0.664,0.876,0.723,0.676
12,B1_2,0.702,0.88,0.793,0.839,0.677,1.0,0.816,0.611,0.649,0.617,0.663,0.638,0.737,0.809,0.839,0.78
12,B1_3,0.716,0.812,0.764,0.819,0.784,0.816,1.0,0.739,0.739,0.719,0.678,0.829,0.738,0.825,0.809,0.844
12,A2_1,0.844,0.701,0.638,0.776,0.61,0.611,0.739,1.0,0.742,0.624,0.505,0.6,0.631,0.634,0.583,0.801
12,A2_2,0.815,0.666,0.652,0.873,0.796,0.649,0.739,0.742,1.0,0.785,0.781,0.743,0.772,0.808,0.712,0.751
12,A2_3,0.769,0.672,0.669,0.794,0.726,0.617,0.719,0.624,0.785,1.0,0.719,0.748,0.75,0.76,0.778,0.62
12,B2_1,0.649,0.574,0.586,0.677,0.766,0.663,0.678,0.505,0.781,0.719,1.0,0.828,0.614,0.724,0.648,0.561
12,B2_2,0.731,0.597,0.682,0.701,0.875,0.638,0.829,0.6,0.743,0.748,0.828,1.0,0.632,0.786,0.736,0.637
12,B2_3,0.696,0.709,0.679,0.79,0.664,0.737,0.738,0.631,0.772,0.75,0.614,0.632,1.0,0.711,0.809,0.717
12,y1,0.806,0.784,0.91,0.848,0.876,0.809,0.825,0.634,0.808,0.76,0.724,0.786,0.711,1.0,0.759,0.767
12,y2,0.749,0.806,0.652,0.865,0.723,0.839,0.809,0.583,0.712,0.778,0.648,0.736,0.809,0.759,1.0,0.667
12,y3,0.725,0.756,0.763,0.822,0.676,0.78,0.844,0.801,0.751,0.62,0.561,0.637,0.717,0.767,0.667,1.0
13,.,1.0,0.771,0.737,0.853,0.749,0.696,0.709,0.844,0.812,0.767,0.642,0.722,0.689,0.797,0.743,0.72
13,A1_1,0.771,1.0,0.77,0.838,0.623,0.878,0.811,0.702,0.67,0.677,0.575,0.597,0.71,0.783,0.807,0.758
13,A1_2,0.737,0.77,1.0,0.732,0.789,0.795,0.767,0.636,0.653,0.67,0.589,0.683,0.681,0.91,0.656,0.765
13,A1_3,0.853,0.838,0.732,1.0,0.737,0.838,0.817,0.776,0.873,0.794,0.673,0.696,0.789,0.845,0.864,0.823
13,B1_1,0.749,0.623,0.789,0.737,1.0,0.685,0.791,0.602,0.795,0.726,0.776,0.879,0.673,0.875,0.728,0.678
13,B1_2,0.696,0.878,0.795,0.838,0.685,1.0,0.821,0.606,0.652,0.622,0.671,0.647,0.743,0.811,0.844,0.78
13,B1_3,0.709,0.811,0.767,0.817,0.791,0.821,1.0,0.731,0.741,0.722,0.69,0.834,0.745,0.827,0.813,0.844
13,A2_1,0.844,0.702,0.636,0.776,0.602,0.606,0.731,1.0,0.742,0.625,0.501,0.591,0.626,0.627,0.578,0.797
13,A2_2,0.812,0.67,0.653,0.873,0.795,0.652,0.741,0.742,1.0,0.787,0.781,0.742,0.775,0.806,0.713,0.752
13,A2_3,0.767,0.677,0.67,0.794,0.726,0.622,0.722,0.625,0.787,1.0,0.72,0.747,0.752,0.759,0.78,0.623
13,B2_1,0.642,0.575,0.589,0.673,0.776,0.671,0.69,0.501,0.781,0.72,1.0,0.837,0.627,0.726,0.657,0.564
13,B2_2,0.722,0.597,0.683,0.696,0.879,0.647,0.834,0.591,0.742,0.747,0.837,1.0,0.642,0.786,0.74,0.636
13,B2_3,0.689,0.71,0.681,0.789,0.673,0.743,0.745,0.626,0.775,0.752,0.627,0.642,1.0,0.713,0.812,0.719
13,y1,0.797,0.783,0.91,0.845,0.875,0.811,0.827,0.627,0.806,0.759,0.726,0.786,0.713,1.0,0.761,0.767
13,y2,0.743,0.807,0.656,0.864,0.728,0.844,0.813,0.578,0.713,0.78,0.657,0.74,0.812,0.761,1.0,0.669
13,y3,0.72,0.758,0.765,0.823,0.678,0.78,0.844,0.797,0.752,0.623,0.564,0.636,0.719,0.767,0.669,1.0
14,.,1.0,0.769,0.732,0.849,0.737,0.688,0.7,0.843,0.809,0.763,0.633,0.711,0.68,0.787,0.734,0.714
14,A1_1,0.769,1.0,0.77,0.841,0.623,0.876,0.809,0.703,0.674,0.68,0.574,0.596,0.71,0.781,0.806,0.759
14,A1_2,0.732,0.77,1.0,0.73,0.789,0.796,0.767,0.633,0.654,0.67,0.591,0.683,0.683,0.909,0.658,0.767
14,A1_3,0.849,0.841,0.73,1.0,0.732,0.835,0.814,0.775,0.872,0.794,0.668,0.69,0.786,0.841,0.861,0.822
14,B1_1,0.737,0.623,0.789,0.732,1.0,0.692,0.797,0.593,0.792,0.725,0.784,0.883,0.68,0.874,0.732,0.677
14,B1_2,0.688,0.876,0.796,0.835,0.692,1.0,0.826,0.598,0.652,0.626,0.677,0.654,0.748,0.812,0.847,0.779
14,B1_3,0.7,0.809,0.767,0.814,0.797,0.826,1.0,0.721,0.742,0.723,0.701,0.838,0.751,0.827,0.817,0.842
14,A2_1,0.843,0.703,0.633,0.775,0.593,0.598,0.721,1.0,0.742,0.625,0.493,0.58,0.62,0.618,0.572,0.793
14,A2_2,0.809,0.674,0.654,0.872,0.792,0.652,0.742,0.742,1.0,0.788,0.779,0.739,0.776,0.803,0.714,0.753
14,A2_3,0.763,0.68,0.67,0.794,0.725,0.626,0.723,0.625,0.788,1.0,0.72,0.744,0.753,0.758,0.781,0.625
14,B2_1,0.633,0.574,0.591,0.668,0.784,0.677,0.701,0.493,0.779,0.72,1.0,0.844,0.638,0.726,0.664,0.564
14,B2_2,0.711,0.596,0.683,0.69,0.883,0.654,0.838,0.58,0.739,0.744,0.844,1.0,0.651,0.784,0.743,0.634
14,B2_3,0.68,0.71,0.683,0.786,0.68,0.748,0.751,0.62,0.776,0.753,0.638,0.651,1.0,0.714,0.815,0.72
14,y1,0.787,0.781,0.909,0.841,0.874,0.812,0.827,0.618,0.803,0.758,0.726,0.784,0.714,1.0,0.762,0.766
14,y2,0.734,0.806,0.658,0.861,0.732,0.847,0.817,0.572,0.714,0.781,0.664,0.743,0.815,0.762,1.0,0.67
14,y3,0.714,0.759,0.767,0.822,0.677,0.779,0.842,0.793,0.753,0.625,0.564,0.634,0.72,0.766,0.67,1.0
15,.,1.0,0.767,0.725,0.844,0.723,0.678,0.689,0.842,0.804,0.758,0.62,0.698,0.669,0.776,0.724,0.707
15,A1_1,0.767,1.0,0.769,0.844,0.621,0.872,0.807,0.703,0.676,0.683,0.571,0.593,0.708,0.779,0.805,0.759
15,A1_2,0.725,0.769,1.0,0.728,0.787,0.796,0.767,0.629,0.653,0.67,0.59,0.681,0.683,0.908,0.659,0.768
15,A1_3,0.844,0.844,0.728,1.0,0.724,0.831,0.81,0.774,0.871,0.794,0.66,0.681,0.782,0.836,0.858,0.82
15,B1_1,0.723,0.621,0.787,0.724,1.0,0.699,0.802,0.581,0.789,0.722,0.792,0.886,0.687,0.873,0.736,0.676
15,B1_2,0.678,0.872,0.796,0.831,0.699,1.0,0.83,0.589,0.652,0.628,0.683,0.66,0.752,0.813,0.851,0.778
15,B1_3,0.689,0.807,0.767,0.81,0.802,0.83,1.0,0.709,0.742,0.724,0.71,0.842,0.757,0.828,0.82,0.84
15,A2_1,0.842,0.703,0.629,0.774,0.581,0.589,0.709,1.0,0.74,0.624,0.483,0.567,0.611,0.608,0.564,0.787
15,A2_2,0.804,0.676,0.653,0.871,0.789,0.652,0.742,0.74,1.0,0.788,0.775,0.736,0.777,0.799,0.713,0.752
15,A2_3,0.758,0.683,0.67,0.794,0.722,0.628,0.724,0.624,0.788,1.0,0.717,0.74,0.753,0.756,0.781,0.625
15,B2_1,0.62,0.571,0.59,0.66,0.792,0.683,0.71,0.483,0.775,0.717,1.0,0.851,0.647,0.725,0.67,0.562
15,B2_2,0.698,0.593,0.681,0.681,0.886,0.66,0.842,0.567,0.736,0.74,0.851,1.0,0.658,0.782,0.745,0.631
15,B2_3,0.669,0.708,0.683,0.782,0.687,0.752,0.757,0.611,0.777,0.753,0.647,0.658,1.0,0.715,0.818,0.72
15,y1,0.776,0.779,0.908,0.836,0.873,0.813,0.828,0.608,0.799,0.756,0.725,0.782,0.715,1.0,0.763,0.765
15,y2,0.724,0.805,0.659,0.858,0.736,0.851,0.82,0.564,0.713,0.781,0.67,0.745,0.818,0.763,1.0,0.669
15,y3,0.707,0.759,0.768,0.82,0.676,0.778,0.84,0.787,0.752,0.625,0.562,0.631,0.72,0.765,0.669,1.0
16,.,1.0,0.763,0.717,0.838,0.708,0.665,0.675,0.841,0.799,0.753,0.606,0.682,0.656,0.763,0.712,0.698
16,A1_1,0.763,1.0,0.768,0.846,0.618,0.868,0.803,0.702,0.678,0.685,0.566,0.588,0.706,0.776,0.803,0.759
16,A1_2,0.717,0.768,1.0,0.725,0.785,0.795,0.766,0.624,0.652,0.668,0.588,0.677,0.682,0.907,0.659,0.769
16,A1_3,0.838,0.846,0.725,1.0,0.715,0.826,0.804,0.773,0.869,0.792,0.65,0.67,0.777,0.83,0.853,0.818
16,B1_1,0.708,0.618,0.785,0.715,1.0,0.704,0.807,0.568,0.784,0.719,0.798,0.888,0.693,0.871,0.738,0.673
16,B1_2,0.665,0.868,0.795,0.826,0.704,1.0,0.834,0.577,0.65,0.628,0.688,0.666,0.756,0.813,0.853,0.775
16,B1_3,0.675,0.803,0.766,0.804,0.807,0.834,1.0,0.695,0.74,0.723,0.719,0.845,0.762,0.827,0.822,0.836
16,A2_1,0.841,0.702,0.624,0.773,0.568,0.577,0.695,1.0,0.738,0.622,0.47,0.551,0.601,0.597,0.554,0.781
16,A2_2,0.799,0.678,0.652,0.869,0.784,0.65,0.74,0.738,1.0,0.788,0.77,0.73,0.776,0.794,0.711,0.75
16,A2_3,0.753,0.685,0.668,0.792,0.719,0.628,0.723,0.622,0.788,1.0,0.714,0.735,0.753,0.753,0.78,0.625
16,B2_1,0.606,0.566,0.588,0.65,0.798,0.688,0.719,0.47,0.77,0.714,1.0,0.858,0.656,0.723,0.676,0.558
16,B2_2,0.682,0.588,0.677,0.67,0.888,0.666,0.845,0.551,0.73,0.735,0.858,1.0,0.665,0.779,0.747,0.625
16,B2_3,0.656,0.706,0.682,0.777,0.693,0.756,0.762,0.601,0.776,0.753,0.656,0.665,1.0,0.715,0.82,0.718
16,y1,0.763,0.776,0.907,0.83,0.871,0.813,0.827,0.597,0.794,0.753,0.723,0.779,0.715,1.0,0.763,0.762
16,y2,0.712,0.803,0.659,0.853,0.738,0.853,0.822,0.554,0.711,0.78,0.676,0.747,0.82,0.763,1.0,0.667
16,y3,0.698,0.759,0.769,0.818,0.673,0.775,0.836,0.781,0.75,0.625,0.558,0.625,0.718,0.762,0.667,1.0
17,.,1.0,0.758,0.708,0.832,0.69,0.65,0.659,0.839,0.793,0.746,0.588,0.664,0.641,0.748,0.699,0.687
17,A1_1,0.758,1.0,0.766,0.847,0.613,0.863,0.798,0.7,0.678,0.686,0.56,0.582,0.703,0.772,0.8,0.757
17,A1_2,0.708,0.766,1.0,0.721,0.782,0.793,0.764,0.618,0.649,0.666,0.584,0.672,0.681,0.905,0.658,0.768
17,A1_3,0.832,0.847,0.721,1.0,0.705,0.819,0.796,0.771,0.867,0.791,0.638,0.657,0.77,0.824,0.847,0.815
17,B1_1,0.69,0.613,0.782,0.705,1.0,0.709,0.811,0.552,0.778,0.714,0.804,0.891,0.698,0.868,0.74,0.669
17,B1_2,0.65,0.863,0.793,0.819,0.709,1.0,0.837,0.563,0.646,0.627,0.692,0.671,0.759,0.813,0.856,0.772
17,B1_3,0.659,0.798,0.764,0.796,0.811,0.837,1.0,0.679,0.737,0.72,0.728,0.848,0.766,0.826,0.824,0.832
17,A2_1,0.839,0.7,0.618,0.771,0.552,0.563,0.679,1.0,0.736,0.62,0.455,0.533,0.589,0.584,0.542,0.773
17,A2_2,0.793,0.678,0.649,0.867,0.778,0.646,0.737,0.736,1.0,0.788,0.762,0.722,0.773,0.789,0.707,0.748
17,A2_3,0.746,0.686,0.666,0.791,0.714,0.627,0.72,0.62,0.788,1.0,0.708,0.727,0.751,0.749,0.778,0.623
17,B2_1,0.588,0.56,0.584,0.638,0.804,0.692,0.728,0.455,0.762,0.708,1.0,0.864,0.664,0.72,0.68,0.552
17,B2_2,0.664,0.582,0.672,0.657,0.891,0.671,0.848,0.533,0.722,0.727,0.864,1.0,0.671,0.775,0.748,0.618
17,B2_3,0.641,0.703,0.681,0.77,0.698,0.759,0.766,0.589,0.773,0.751,0.664,0.671,1.0,0.714,0.821,0.716
17,y1,0.748,0.772,0.905,0.824,0.868,0.813,0.826,0.584,0.789,0.749,0.72,0.775,0.714,1.0,0.762,0.759
17,y2,0.699,0.8,0.658,0.847,0.74,0.856,0.824,0.542,0.707,0.778,0.68,0.748,0.821,0.762,1.0,0.664
17,y3,0.687,0.757,0.768,0.815,0.669,0.772,0.832,0.773,0.748,0.623,0.552,0.618,0.716,0.759,0.664,1.0
18,.,1.0,0.752,0.698,0.826,0.669,0.632,0.641,0.837,0.786,0.739,0.568,0.644,0.624,0.732,0.684,0.676
18,A1_1,0.752,1.0,0.764,0.848,0.608,0.857,0.792,0.697,0.678,0.687,0.552,0.574,0.698,0.768,0.797,0.756
18,A1_2,0.698,0.764,1.0,0.717,0.777,0.79,0.76,0.611,0.645,0.662,0.579,0.666,0.678,0.903,0.655,0.767
18,A1_3,0.826,0.848,0.717,1.0,0.692,0.81,0.786,0.769,0.865,0.788,0.623,0.642,0.761,0.817,0.84,0.812
18,B1_1,0.669,0.608,0.777,0.692,1.0,0.713,0.815,0.535,0.77,0.708,0.81,0.893,0.703,0.865,0.742,0.664
18,B1_2,0.632,0.857,0.79,0.81,0.713,1.0,0.84,0.547,0.641,0.625,0.696,0.675,0.761,0.812,0.858,0.767
18,B1_3,0.641,0.792,0.76,0.786,0.815,0.84,1.0,0.661,0.732,0.717,0.735,0.851,0.77,0.824,0.826,0.826
18,A2_1,0.837,0.697,0.611,0.769,0.535,0.547,0.661,1.0,0.733,0.616,0.437,0.513,0.575,0.57,0.529,0.765
18,A2_2,0.786,0.678,0.645,0.865,0.77,0.641,0.732,0.733,1.0,0.786,0.753,0.714,0.77,0.783,0.702,0.744
18,A2_3,0.739,0.687,0.662,0.788,0.708,0.625,0.717,0.616,0.786,1.0,0.701,0.719,0.748,0.745,0.775,0.62
18,B2_1,0.568,0.552,0.579,0.623,0.81,0.696,0.735,0.437,0.753,0.701,1.0,0.87,0.67,0.716,0.683,0.545
18,B2_2,0.644,0.574,0.666,0.642,0.893,0.675,0.851,0.513,0.714,0.719,0.87,1.0,0.676,0.771,0.748,0.61
18,B2_3,0.624,0.698,0.678,0.761,0.703,0.761,0.77,0.575,0.77,0.748,0.67,0.676,1.0,0.713,0.822,0.712
18,y1,0.732,0.768,0.903,0.817,0.865,0.812,0.824,0.57,0.783,0.745,0.716,0.771,0.713,1.0,0.761,0.756
18,y2,0.684,0.797,0.655,0.84,0.742,0.858,0.826,0.529,0.702,0.775,0.683,0.748,0.822,0.761,1.0,0.66
18,y3,0.676,0.756,0.767,0.812,0.664,0.767,0.826,0.765,0.744,0.62,0.545,0.61,0.712,0.756,0.66,1.0
19,.,1.0,0.746,0.687,0.818,0.647,0.613,0.62,0.835,0.779,0.731,0.545,0.621,0.605,0.715,0.667,0.662
19,A1_1,0.746,1.0,0.762,0.849,0.6,0.85,0.785,0.695,0.678,0.687,0.542,0.564,0.693,0.764,0.792,0.754
19,A1_2,0.687,0.762,1.0,0.712,0.772,0.786,0.755,0.604,0.641,0.659,0.571,0.657,0.674,0.901,0.652,0.766
19,A1_3,0.818,0.849,0.712,1.0,0.677,0.799,0.774,0.767,0.862,0.786,0.606,0.624,0.751,0.809,0.832,0.808
19,B1_1,0.647,0.6,0.772,0.677,1.0,0.717,0.819,0.515,0.761,0.7,0.815,0.895,0.707,0.862,0.743,0.657
19,B1_2,0.613,0.85,0.786,0.799,0.717,1.0,0.842,0.53,0.634,0.622,0.699,0.679,0.763,0.811,0.86,0.762
19,B1_3,0.62,0.785,0.755,0.774,0.819,0.842,1.0,0.641,0.726,0.712,0.743,0.853,0.774,0.822,0.827,0.819
19,A2_1,0.835,0.695,0.604,0.767,0.515,0.53,0.641,1.0,0.73,0.613,0.416,0.49,0.56,0.555,0.514,0.756
19,A2_2,0.779,0.678,0.641,0.862,0.761,0.634,0.726,0.73,1.0,0.785,0.742,0.703,0.766,0.776,0.696,0.741
19,A2_3,0.731,0.687,0.659,0.786,0.7,0.622,0.712,0.613,0.785,1.0,0.693,0.709,0.744,0.739,0.771,0.616
19,B2_1,0.545,0.542,0.571,0.606,0.815,0.699,0.743,0.416,0.742,0.693,1.0,0.875,0.677,0.711,0.686,0.536
19,B2_2,0.621,0.564,0.657,0.624,0.895,0.679,0.853,0.49,0.703,0.709,0.875,1.0,0.681,0.765,0.748,0.599
19,B2_3,0.605,0.693,0.674,0.751,0.707,0.763,0.774,0.56,0.766,0.744,0.677,0.681,1.0,0.711,0.823,0.707
19,y1,0.715,0.764,0.901,0.809,0.862,0.811,0.822,0.555,0.776,0.739,0.711,0.765,0.711,1.0,0.759,0.752
19,y2,0.667,0.792,0.652,0.832,0.743,0.86,0.827,0.514,0.696,0.771,0.686,0.748,0.823,0.759,1.0,0.655
19,y3,0.662,0.754,0.766,0.808,0.657,0.762,0.819,0.756,0.741,0.616,0.536,0.599,0.707,0.752,0.655,1.0
20,.,1.0,0.739,0.675,0.811,0.622,0.59,0.596,0.833,0.771,0.723,0.519,0.594,0.583,0.695,0.647,0.647
20,A1_1,0.739,1.0,0.759,0.849,0.592,0.842,0.776,0.691,0.677,0.687,0.531,0.553,0.686,0.758,0.787,0.751
20,A1_2,0.675,0.759,1.0,0.706,0.765,0.781,0.749,0.597,0.637,0.654,0.562,0.647,0.669,0.898,0.647,0.765
20,A1_3,0.811,0.849,0.706,1.0,0.661,0.787,0.76,0.765,0.86,0.784,0.586,0.603,0.739,0.8,0.821,0.803
20,B1_1,0.622,0.592,0.765,0.661,1.0,0.721,0.823,0.493,0.751,0.691,0.819,0.896,0.711,0.858,0.743,0.649
20,B1_2,0.59,0.842,0.781,0.787,0.721,1.0,0.845,0.509,0.626,0.617,0.702,0.683,0.765,0.809,0.861,0.755
20,B1_3,0.596,0.776,0.749,0.76,0.823,0.845,1.0,0.619,0.718,0.705,0.749,0.856,0.777,0.819,0.827,0.811
20,A2_1,0.833,0.691,0.597,0.765,0.493,0.509,0.619,1.0,0.728,0.61,0.393,0.466,0.542,0.539,0.497,0.747
20,A2_2,0.771,0.677,0.637,0.86,0.751,0.626,0.718,0.728,1.0,0.783,0.729,0.69,0.76,0.769,0.689,0.736
20,A2_3,0.723,0.687,0.654,0.784,0.691,0.617,0.705,0.61,0.783,1.0,0.682,0.697,0.739,0.733,0.766,0.612
20,B2_1,0.519,0.531,0.562,0.586,0.819,0.702,0.749,0.393,0.729,0.682,1.0,0.88,0.682,0.705,0.688,0.525
20,B2_2,0.594,0.553,0.647,0.603,0.896,0.683,0.856,0.466,0.69,0.697,0.88,1.0,0.685,0.758,0.747,0.587
20,B2_3,0.583,0.686,0.669,0.739,0.711,0.765,0.777,0.542,0.76,0.739,0.682,0.685,1.0,0.709,0.823,0.701
20,y1,0.695,0.758,0.898,0.8,0.858,0.809,0.819,0.539,0.769,0.733,0.705,0.758,0.709,1.0,0.756,0.747
20,y2,0.647,0.787,0.647,0.821,0.743,0.861,0.827,0.497,0.689,0.766,0.688,0.747,0.823,0.756,1.0,0.649
20,y3,0.647,0.751,0.765,0.803,0.649,0.755,0.811,0.747,0.736,0.612,0.525,0.587,0.701,0.747,0.649,1.0
21,.,1.0,0.731,0.661,0.803,0.594,0.565,0.57,0.83,0.762,0.714,0.491,0.566,0.559,0.674,0.626,0.631
21,A1_1,0.731,1.0,0.755,0.849,0.582,0.833,0.767,0.687,0.676,0.687,0.518,0.54,0.678,0.752,0.781,0.747
21,A1_2,0.661,0.755,1.0,0.699,0.757,0.774,0.742,0.588,0.631,0.648,0.551,0.635,0.663,0.895,0.641,0.762
21,A1_3,0.803,0.849,0.699,1.0,0.641,0.772,0.744,0.763,0.857,0.781,0.564,0.581,0.724,0.789,0.809,0.797
21,B1_1,0.594,0.582,0.757,0.641,1.0,0.724,0.826,0.469,0.739,0.68,0.824,0.898,0.714,0.853,0.743,0.639
21,B1_2,0.565,0.833,0.774,0.772,0.724,1.0,0.846,0.486,0.615,0.609,0.704,0.685,0.766,0.806,0.863,0.747
21,B1_3,0.57,0.767,0.742,0.744,0.826,0.846,1.0,0.594,0.708,0.697,0.756,0.858,0.78,0.815,0.828,0.801
21,A2_1,0.83,0.687,0.588,0.763,0.469,0.486,0.594,1.0,0.724,0.606,0.368,0.438,0.522,0.521,0.478,0.736
21,A2_2,0.762,0.676,0.631,0.857,0.739,0.615,0.708,0.724,1.0,0.78,0.714,0.675,0.752,0.76,0.68,0.731
21,A2_3,0.714,0.687,0.648,0.781,0.68,0.609,0.697,0.606,0.78,1.0,0.67,0.683,0.733,0.726,0.76,0.606
21,B2_1,0.491,0.518,0.551,0.564,0.824,0.704,0.756,0.368,0.714,0.67,1.0,0.885,0.687,0.698,0.689,0.512
21,B2_2,0.566,0.54,0.635,0.581,0.898,0.685,0.858,0.438,0.675,0.683,0.885,1.0,0.688,0.75,0.745,0.573
21,B2_3,0.559,0.678,0.663,0.724,0.714,0.766,0.78,0.522,0.752,0.733,0.687,0.688,1.0,0.705,0.823,0.693
21,y1,0.674,0.752,0.895,0.789,0.853,0.806,0.815,0.521,0.76,0.726,0.698,0.75,0.705,1.0,0.753,0.742
21,y2,0.626,0.781,0.641,0.809,0.743,0.863,0.828,0.478,0.68,0.76,0.689,0.745,0.823,0.753,1.0,0.641
21,y3,0.631,0.747,0.762,0.797,0.639,0.747,0.801,0.736,0.731,0.606,0.512,0.573,0.693,0.742,0.641,1.0
22,.,1.0,0.722,0.646,0.794,0.563,0.536,0.54,0.827,0.753,0.704,0.459,0.534,0.531,0.65,0.601,0.612
22,A1_1,0.722,1.0,0.751,0.849,0.569,0.822,0.755,0.683,0.673,0.686,0.503,0.525,0.668,0.745,0.773,0.743
22,A1_2,0.646,0.751,1.0,0.692,0.747,0.766,0.733,0.579,0.624,0.642,0.537,0.622,0.654,0.891,0.633,0.76
22,A1_3,0.794,0.849,0.692,1.0,0.619,0.754,0.724,0.761,0.854,0.777,0.538,0.554,0.707,0.778,0.795,0.79
22,B1_1,0.563,0.569,0.747,0.619,1.0,0.726,0.829,0.442,0.724,0.668,0.827,0.9,0.717,0.847,0.742,0.628
22,B1_2,0.536,0.822,0.766,0.754,0.726,1.0,0.848,0.46,0.602,0.6,0.707,0.688,0.767,0.803,0.864,0.738
22,B1_3,0.54,0.755,0.733,0.724,0.829,0.848,1.0,0.566,0.696,0.687,0.761,0.86,0.782,0.81,0.827,0.79
22,A2_1,0.827,0.683,0.579,0.761,0.442,0.46,0.566,1.0,0.721,0.601,0.339,0.408,0.499,0.502,0.456,0.725
22,A2_2,0.753,0.673,0.624,0.854,0.724,0.602,0.696,0.721,1.0,0.777,0.696,0.657,0.743,0.751,0.669,0.725
22,A2_3,0.704,0.686,0.642,0.777,0.668,0.6,0.687,0.601,0.777,1.0,0.655,0.667,0.724,0.717,0.753,0.599
22,B2_1,0.459,0.503,0.537,0.538,0.827,0.707,0.761,0.339,0.696,0.655,1.0,0.889,0.692,0.689,0.689,0.496
22,B2_2,0.534,0.525,0.622,0.554,0.9,0.688,0.86,0.408,0.657,0.667,0.889,1.0,0.691,0.741,0.743,0.557
22,B2_3,0.531,0.668,0.654,0.707,0.717,0.767,0.782,0.499,0.743,0.724,0.692,0.691,1.0,0.701,0.822,0.684
22,y1,0.65,0.745,0.891,0.778,0.847,0.803,0.81,0.502,0.751,0.717,0.689,0.741,0.701,1.0,0.749,0.736
22,y2,0.601,0.773,0.633,0.795,0.742,0.864,0.827,0.456,0.669,0.753,0.689,0.743,0.822,0.749,1.0,0.632
22,y3,0.612,0.743,0.76,0.79,0.628,0.738,0.79,0.725,0.725,0.599,0.496,0.557,0.684,0.736,0.632,1.0
23,.,1.0,0.712,0.631,0.784,0.529,0.504,0.507,0.824,0.743,0.694,0.425,0.499,0.5,0.625,0.575,0.593
23,A1_1,0.712,1.0,0.747,0.848,0.555,0.809,0.742,0.678,0.671,0.684,0.486,0.508,0.657,0.737,0.765,0.738
23,A1_2,0.631,0.747,1.0,0.683,0.735,0.756,0.721,0.57,0.617,0.634,0.522,0.606,0.644,0.886,0.623,0.756
23,A1_3,0.784,0.848,0.683,1.0,0.594,0.733,0.702,0.759,0.851,0.773,0.51,0.526,0.687,0.765,0.779,0.783
23,B1_1,0.529,0.555,0.735,0.594,1.0,0.728,0.832,0.413,0.708,0.653,0.831,0.901,0.72,0.84,0.74,0.614
23,B1_2,0.504,0.809,0.756,0.733,0.728,1.0,0.85,0.431,0.587,0.589,0.708,0.69,0.767,0.799,0.864,0.727
23,B1_3,0.507,0.742,0.721,0.702,0.832,0.85,1.0,0.536,0.681,0.675,0.767,0.862,0.784,0.804,0.827,0.777
23,A2_1,0.824,0.678,0.57,0.759,0.413,0.431,0.536,1.0,0.717,0.597,0.309,0.375,0.474,0.481,0.433,0.712
23,A2_2,0.743,0.671,0.617,0.851,0.708,0.587,0.681,0.717,1.0,0.774,0.676,0.637,0.731,0.74,0.656,0.718
23,A2_3,0.694,0.684,0.634,0.773,0.653,0.589,0.675,0.597,0.774,1.0,0.639,0.649,0.715,0.707,0.744,0.591
23,B2_1,0.425,0.486,0.522,0.51,0.831,0.708,0.767,0.309,0.676,0.639,1.0,0.893,0.696,0.679,0.689,0.479
23,B2_2,0.499,0.508,0.606,0.526,0.901,0.69,0.862,0.375,0.637,0.649,0.893,1.0,0.694,0.73,0.74,0.539
23,B2_3,0.5,0.657,0.644,0.687,0.72,0.767,0.784,0.474,0.731,0.715,0.696,0.694,1.0,0.695,0.821,0.673
23,y1,0.625,0.737,0.886,0.765,0.84,0.799,0.804,0.481,0.74,0.707,0.679,0.73,0.695,1.0,0.744,0.729
23,y2,0.575,0.765,0.623,0.779,0.74,0.864,0.827,0.433,0.656,0.744,0.689,0.74,0.821,0.744,1.0,0.621
23,y3,0.593,0.738,0.756,0.783,0.614,0.727,0.777,0.712,0.718,0.591,0.479,0.539,0.673,0.729,0.621,1.0
24,.,1.0,0.702,0.616,0.775,0.492,0.47,0.471,0.821,0.732,0.683,0.388,0.462,0.468,0.598,0.547,0.572
24,A1_1,0.702,1.0,0.743,0.847,0.54,0.795,0.727,0.673,0.668,0.683,0.467,0.49,0.644,0.729,0.755,0.733
24,A1_2,0.616,0.743,1.0,0.675,0.722,0.745,0.709,0.561,0.61,0.627,0.504,0.588,0.633,0.881,0.612,0.753
24,A1_3,0.775,0.847,0.675,1.0,0.567,0.71,0.677,0.758,0.848,0.769,0.479,0.494,0.665,0.751,0.762,0.775
24,B1_1,0.492,0.54,0.722,0.567,1.0,0.73,0.835,0.381,0.689,0.637,0.835,0.902,0.722,0.833,0.738,0.6
24,B1_2,0.47,0.795,0.745,0.71,0.73,1.0,0.851,0.401,0.571,0.577,0.71,0.692,0.768,0.794,0.865,0.714
24,B1_3,0.471,0.727,0.709,0.677,0.835,0.851,1.0,0.503,0.665,0.661,0.773,0.864,0.787,0.797,0.825,0.762
24,A2_1,0.821,0.673,0.561,0.758,0.381,0.401,0.503,1.0,0.714,0.593,0.276,0.341,0.447,0.46,0.408,0.7
24,A2_2,0.732,0.668,0.61,0.848,0.689,0.571,0.665,0.714,1.0,0.77,0.654,0.615,0.718,0.728,0.642,0.711
24,A2_3,0.683,0.683,0.627,0.769,0.637,0.577,0.661,0.593,0.77,1.0,0.62,0.629,0.704,0.697,0.734,0.582
24,B2_1,0.388,0.467,0.504,0.479,0.835,0.71,0.773,0.276,0.654,0.62,1.0,0.897,0.7,0.668,0.688,0.459
24,B2_2,0.462,0.49,0.588,0.494,0.902,0.692,0.864,0.341,0.615,0.629,0.897,1.0,0.697,0.719,0.737,0.519
24,B2_3,0.468,0.644,0.633,0.665,0.722,0.768,0.787,0.447,0.718,0.704,0.7,0.697,1.0,0.689,0.82,0.66
24,y1,0.598,0.729,0.881,0.751,0.833,0.794,0.797,0.46,0.728,0.697,0.668,0.719,0.689,1.0,0.739,0.722
24,y2,0.547,0.755,0.612,0.762,0.738,0.865,0.825,0.408,0.642,0.734,0.688,0.737,0.82,0.739,1.0,0.609
24,y3,0.572,0.733,0.753,0.775,0.6,0.714,0.762,0.7,0.711,0.582,0.459,0.519,0.66,0.722,0.609,1.0
25,.,1.0,0.693,0.601,0.767,0.454,0.435,0.434,0.819,0.723,0.674,0.35,0.423,0.434,0.572,0.518,0.552
25,A1_1,0.693,1.0,0.739,0.846,0.523,0.78,0.711,0.67,0.667,0.683,0.448,0.47,0.631,0.721,0.746,0.729
25,A1_2,0.601,0.739,1.0,0.668,0.708,0.732,0.694,0.554,0.604,0.62,0.485,0.568,0.621,0.876,0.601,0.75
25,A1_3,0.767,0.846,0.668,1.0,0.537,0.685,0.649,0.758,0.845,0.766,0.446,0.46,0.641,0.738,0.742,0.768
25,B1_1,0.454,0.523,0.708,0.537,1.0,0.733,0.838,0.349,0.669,0.619,0.838,0.904,0.725,0.825,0.736,0.584
25,B1_2,0.435,0.78,0.732,0.685,0.733,1.0,0.853,0.37,0.553,0.564,0.713,0.695,0.768,0.789,0.865,0.701
25,B1_3,0.434,0.711,0.694,0.649,0.838,0.853,1.0,0.47,0.647,0.646,0.779,0.867,0.789,0.79,0.824,0.746
25,A2_1,0.819,0.67,0.554,0.758,0.349,0.37,0.47,1.0,0.713,0.59,0.242,0.306,0.42,0.441,0.384,0.688
25,A2_2,0.723,0.667,0.604,0.845,0.669,0.553,0.647,0.713,1.0,0.767,0.63,0.591,0.704,0.717,0.628,0.704
25,A2_3,0.674,0.683,0.62,0.766,0.619,0.564,0.646,0.59,0.767,1.0,0.6,0.607,0.692,0.687,0.724,0.575
25,B2_1,0.35,0.448,0.485,0.446,0.838,0.713,0.779,0.242,0.63,0.6,1.0,0.901,0.705,0.656,0.686,0.439
25,B2_2,0.423,0.47,0.568,0.46,0.904,0.695,0.867,0.306,0.591,0.607,0.901,1.0,0.701,0.706,0.734,0.499
25,B2_3,0.434,0.631,0.621,0.641,0.725,0.768,0.789,0.42,0.704,0.692,0.705,0.701,1.0,0.683,0.819,0.647
25,y1,0.572,0.721,0.876,0.738,0.825,0.789,0.79,0.441,0.717,0.687,0.656,0.706,0.683,1.0,0.733,0.715
25,y2,0.518,0.746,0.601,0.742,0.736,0.865,0.824,0.384,0.628,0.724,0.686,0.734,0.819,0.733,1.0,0.598
25,y3,0.552,0.729,0.75,0.768,0.584,0.701,0.746,0.688,0.704,0.575,0.439,0.499,0.647,0.715,0.598,1.0
26,.,1.0,0.682,0.586,0.758,0.414,0.397,0.394,0.816,0.713,0.664,0.31,0.382,0.397,0.544,0.487,0.531
