,,.,A1_1,A1_2,A1_3,B1_1,B1_2,B1_3,A2_1,A2_2,A2_3,B2_1,B2_2,B2_3,y1,y2,y3
0,.,0.027,0.051,0.013,0.024,0.009,0.161,0.108,0.103,0.042,0.082,0.012,0.073,0.018,0.025,0.085,0.167
0,A1_1,0.003,0.002,0.021,0.132,0.187,0.027,0.003,0.441,0.001,0.005,0.009,0.038,0.003,0.001,0.003,0.126
0,A1_2,0.002,0.002,0.055,0.236,0.035,0.207,0.013,0.01,0.001,0.153,0.012,0.136,0.001,0.001,0.029,0.109
0,A1_3,0.011,0.011,0.004,0.102,0.004,0.027,0.013,0.07,0.013,0.252,0.135,0.087,0.085,0.002,0.005,0.177
0,B1_1,0.014,0.002,0.005,0.002,0.019,0.004,0.0,0.664,0.001,0.067,0.125,0.019,0.001,0.003,0.007,0.068
0,B1_2,0.031,0.001,0.084,0.032,0.014,0.0,0.002,0.014,0.003,0.761,0.003,0.039,0.005,0.001,0.009,0.001
0,B1_3,0.025,0.031,0.028,0.141,0.287,0.01,0.002,0.041,0.011,0.383,0.001,0.001,0.029,0.002,0.01,0.0
0,A2_1,0.001,0.013,0.023,0.021,0.147,0.091,0.002,0.098,0.01,0.022,0.017,0.04,0.003,0.001,0.002,0.508
0,A2_2,0.01,0.0,0.01,0.565,0.256,0.007,0.001,0.026,0.022,0.064,0.001,0.017,0.009,0.003,0.004,0.005
0,A2_3,0.001,0.003,0.023,0.003,0.184,0.094,0.001,0.028,0.0,0.048,0.005,0.135,0.001,0.0,0.003,0.472
0,B2_1,0.039,0.0,0.002,0.11,0.052,0.009,0.0,0.016,0.005,0.74,0.003,0.008,0.003,0.003,0.003,0.007
0,B2_2,0.009,0.027,0.018,0.011,0.039,0.017,0.0,0.185,0.008,0.235,0.113,0.1,0.003,0.001,0.011,0.223
0,B2_3,0.05,0.0,0.032,0.161,0.073,0.0,0.0,0.099,0.005,0.517,0.002,0.041,0.016,0.001,0.002,0.001
0,y1,0.003,0.047,0.126,0.006,0.052,0.021,0.002,0.009,0.002,0.489,0.017,0.071,0.003,0.001,0.034,0.116
0,y2,0.067,0.002,0.01,0.078,0.136,0.003,0.001,0.036,0.012,0.588,0.002,0.004,0.02,0.009,0.019,0.013
0,y3,0.002,0.004,0.195,0.012,0.306,0.048,0.003,0.038,0.003,0.133,0.006,0.034,0.0,0.0,0.006,0.21
1,.,0.034,0.064,0.012,0.024,0.007,0.164,0.115,0.095,0.048,0.065,0.013,0.068,0.021,0.035,0.096,0.138
1,A1_1,0.007,0.003,0.017,0.087,0.145,0.032,0.002,0.509,0.001,0.004,0.013,0.042,0.004,0.002,0.006,0.127
1,A1_2,0.008,0.002,0.058,0.278,0.016,0.156,0.019,0.012,0.002,0.064,0.015,0.238,0.001,0.002,0.051,0.077
1,A1_3,0.097,0.013,0.005,0.087,0.003,0.018,0.008,0.033,0.012,0.14,0.156,0.12,0.118,0.009,0.013,0.168
1,B1_1,0.055,0.009,0.005,0.003,0.007,0.006,0.001,0.374,0.002,0.028,0.358,0.028,0.002,0.019,0.031,0.071
1,B1_2,0.361,0.001,0.055,0.083,0.037,0.001,0.003,0.024,0.007,0.239,0.012,0.117,0.013,0.005,0.039,0.003
1,B1_3,0.102,0.071,0.219,0.081,0.195,0.043,0.012,0.114,0.023,0.062,0.004,0.002,0.015,0.003,0.048,0.005
1,A2_1,0.101,0.03,0.013,0.016,0.034,0.012,0.005,0.084,0.055,0.06,0.067,0.117,0.128,0.016,0.017,0.245
1,A2_2,0.398,0.003,0.01,0.018,0.07,0.014,0.0,0.312,0.007,0.044,0.009,0.016,0.004,0.021,0.049,0.024
1,A2_3,0.126,0.023,0.24,0.008,0.113,0.048,0.004,0.034,0.004,0.059,0.014,0.114,0.001,0.009,0.163,0.039
1,B2_1,0.458,0.008,0.007,0.042,0.094,0.002,0.001,0.013,0.008,0.143,0.007,0.01,0.102,0.036,0.062,0.006
1,B2_2,0.098,0.095,0.098,0.02,0.202,0.076,0.003,0.104,0.019,0.019,0.028,0.034,0.009,0.037,0.068,0.092
1,B2_3,0.316,0.003,0.019,0.059,0.041,0.008,0.002,0.137,0.034,0.138,0.023,0.064,0.034,0.024,0.047,0.052
1,y1,0.227,0.027,0.104,0.008,0.029,0.019,0.002,0.041,0.014,0.215,0.04,0.044,0.006,0.038,0.121,0.067
1,y2,0.506,0.015,0.014,0.007,0.026,0.003,0.001,0.027,0.016,0.098,0.014,0.033,0.029,0.061,0.127,0.021
1,y3,0.396,0.021,0.06,0.017,0.077,0.025,0.003,0.065,0.033,0.038,0.017,0.044,0.01,0.048,0.112,0.036
2,.,0.03,0.07,0.011,0.024,0.007,0.169,0.125,0.091,0.049,0.064,0.013,0.065,0.022,0.038,0.096,0.126
2,A1_1,0.008,0.003,0.014,0.085,0.146,0.045,0.003,0.472,0.001,0.004,0.019,0.04,0.005,0.003,0.008,0.144
2,A1_2,0.011,0.002,0.046,0.262,0.012,0.149,0.022,0.013,0.002,0.055,0.019,0.27,0.002,0.002,0.056,0.077
2,A1_3,0.125,0.013,0.004,0.071,0.002,0.023,0.01,0.022,0.012,0.135,0.139,0.124,0.108,0.013,0.014,0.185
2,B1_1,0.078,0.013,0.003,0.004,0.005,0.006,0.001,0.176,0.004,0.025,0.501,0.044,0.006,0.035,0.025,0.076
2,B1_2,0.469,0.002,0.034,0.054,0.042,0.002,0.003,0.026,0.009,0.134,0.017,0.112,0.033,0.015,0.04,0.006
2,B1_3,0.211,0.061,0.137,0.073,0.113,0.078,0.022,0.113,0.024,0.039,0.008,0.011,0.016,0.01,0.069,0.016
2,A2_1,0.276,0.042,0.019,0.024,0.028,0.017,0.008,0.041,0.056,0.071,0.022,0.143,0.131,0.017,0.03,0.077
2,A2_2,0.359,0.039,0.021,0.008,0.062,0.023,0.003,0.064,0.016,0.04,0.034,0.045,0.025,0.103,0.105,0.054
2,A2_3,0.289,0.041,0.028,0.023,0.128,0.049,0.004,0.05,0.018,0.015,0.032,0.056,0.021,0.087,0.121,0.038
2,B2_1,0.404,0.017,0.011,0.026,0.121,0.016,0.002,0.03,0.008,0.024,0.025,0.052,0.035,0.094,0.095,0.039
2,B2_2,0.279,0.039,0.038,0.032,0.08,0.053,0.003,0.034,0.019,0.017,0.045,0.085,0.013,0.105,0.118,0.039
2,B2_3,0.37,0.018,0.022,0.027,0.046,0.009,0.005,0.044,0.024,0.059,0.022,0.083,0.104,0.046,0.089,0.034
2,y1,0.258,0.052,0.043,0.013,0.049,0.034,0.004,0.029,0.023,0.048,0.056,0.06,0.024,0.12,0.118,0.069
2,y2,0.357,0.025,0.015,0.009,0.042,0.008,0.003,0.025,0.015,0.04,0.028,0.032,0.043,0.142,0.161,0.053
2,y3,0.348,0.025,0.057,0.03,0.081,0.041,0.008,0.048,0.031,0.038,0.017,0.048,0.025,0.07,0.074,0.06
3,.,0.028,0.071,0.011,0.026,0.007,0.164,0.139,0.094,0.051,0.064,0.013,0.064,0.022,0.036,0.091,0.12
3,A1_1,0.008,0.003,0.014,0.094,0.151,0.053,0.003,0.418,0.001,0.004,0.025,0.044,0.005,0.003,0.008,0.164
3,A1_2,0.013,0.002,0.041,0.274,0.013,0.149,0.027,0.016,0.002,0.047,0.026,0.253,0.002,0.003,0.051,0.083
3,A1_3,0.129,0.014,0.004,0.092,0.002,0.029,0.016,0.019,0.013,0.106,0.142,0.12,0.103,0.016,0.013,0.182
3,B1_1,0.095,0.015,0.002,0.007,0.005,0.007,0.001,0.162,0.004,0.019,0.501,0.048,0.008,0.035,0.02,0.071
3,B1_2,0.534,0.003,0.031,0.067,0.03,0.002,0.006,0.025,0.009,0.09,0.013,0.093,0.037,0.015,0.039,0.007
3,B1_3,0.223,0.069,0.084,0.089,0.096,0.106,0.042,0.079,0.029,0.029,0.014,0.018,0.023,0.016,0.062,0.022
3,A2_1,0.409,0.038,0.018,0.034,0.025,0.017,0.011,0.031,0.033,0.054,0.015,0.108,0.111,0.024,0.033,0.04
3,A2_2,0.313,0.065,0.026,0.018,0.062,0.036,0.01,0.045,0.02,0.031,0.042,0.049,0.04,0.099,0.096,0.051
3,A2_3,0.298,0.056,0.024,0.038,0.092,0.043,0.011,0.032,0.017,0.015,0.032,0.042,0.038,0.1,0.123,0.04
3,B2_1,0.354,0.024,0.019,0.042,0.109,0.029,0.005,0.021,0.008,0.021,0.03,0.041,0.035,0.122,0.082,0.058
3,B2_2,0.228,0.067,0.04,0.058,0.063,0.067,0.016,0.025,0.029,0.017,0.052,0.06,0.03,0.092,0.101,0.056
3,B2_3,0.414,0.024,0.034,0.034,0.035,0.022,0.011,0.033,0.027,0.053,0.022,0.069,0.055,0.06,0.051,0.057
3,y1,0.312,0.058,0.048,0.031,0.039,0.042,0.017,0.033,0.038,0.041,0.039,0.061,0.043,0.078,0.058,0.062
3,y2,0.343,0.033,0.031,0.022,0.039,0.017,0.012,0.032,0.026,0.035,0.031,0.038,0.041,0.126,0.116,0.055
3,y3,0.347,0.036,0.044,0.053,0.055,0.038,0.022,0.033,0.032,0.038,0.021,0.04,0.043,0.065,0.076,0.057
4,.,0.026,0.073,0.011,0.027,0.007,0.157,0.146,0.099,0.051,0.065,0.012,0.064,0.023,0.036,0.089,0.113
4,A1_1,0.008,0.003,0.014,0.09,0.167,0.06,0.004,0.385,0.001,0.004,0.026,0.042,0.005,0.004,0.008,0.179
4,A1_2,0.013,0.002,0.035,0.258,0.015,0.159,0.028,0.017,0.002,0.046,0.03,0.246,0.002,0.003,0.046,0.097
4,A1_3,0.122,0.013,0.003,0.093,0.002,0.032,0.022,0.018,0.011,0.099,0.144,0.137,0.093,0.017,0.012,0.182
4,B1_1,0.1,0.014,0.002,0.007,0.006,0.007,0.001,0.195,0.003,0.021,0.464,0.05,0.008,0.029,0.017,0.076
4,B1_2,0.559,0.004,0.027,0.066,0.02,0.002,0.01,0.027,0.008,0.073,0.01,0.096,0.037,0.011,0.043,0.006
4,B1_3,0.239,0.054,0.052,0.104,0.093,0.115,0.05,0.072,0.025,0.031,0.016,0.022,0.025,0.016,0.063,0.024
4,A2_1,0.412,0.034,0.012,0.04,0.022,0.015,0.011,0.032,0.027,0.048,0.014,0.14,0.114,0.018,0.025,0.036
4,A2_2,0.344,0.055,0.021,0.034,0.055,0.03,0.014,0.047,0.017,0.033,0.037,0.062,0.047,0.074,0.093,0.039
4,A2_3,0.328,0.045,0.022,0.062,0.073,0.038,0.015,0.029,0.015,0.016,0.027,0.052,0.041,0.084,0.117,0.037
4,B2_1,0.387,0.019,0.017,0.052,0.093,0.026,0.007,0.02,0.007,0.025,0.027,0.051,0.038,0.107,0.062,0.061
4,B2_2,0.218,0.068,0.038,0.082,0.048,0.061,0.025,0.024,0.031,0.021,0.049,0.076,0.038,0.07,0.091,0.057
4,B2_3,0.45,0.021,0.026,0.034,0.03,0.018,0.011,0.03,0.019,0.053,0.02,0.08,0.054,0.058,0.043,0.054
4,y1,0.308,0.06,0.04,0.043,0.038,0.041,0.025,0.039,0.034,0.041,0.039,0.071,0.048,0.063,0.056,0.054
4,y2,0.392,0.023,0.026,0.036,0.029,0.012,0.016,0.029,0.021,0.037,0.024,0.043,0.042,0.111,0.112,0.046
4,y3,0.317,0.039,0.036,0.068,0.058,0.043,0.028,0.034,0.028,0.037,0.026,0.05,0.045,0.058,0.068,0.063
5,.,0.023,0.074,0.012,0.027,0.007,0.155,0.149,0.103,0.052,0.069,0.012,0.065,0.023,0.036,0.09,0.105
5,A1_1,0.008,0.003,0.014,0.081,0.185,0.075,0.004,0.345,0.001,0.004,0.029,0.042,0.005,0.004,0.009,0.19
5,A1_2,0.014,0.002,0.031,0.221,0.015,0.173,0.029,0.018,0.002,0.048,0.035,0.251,0.002,0.004,0.045,0.109
5,A1_3,0.126,0.014,0.003,0.073,0.002,0.036,0.025,0.018,0.011,0.105,0.141,0.151,0.088,0.019,0.013,0.175
5,B1_1,0.115,0.017,0.003,0.006,0.006,0.007,0.002,0.195,0.003,0.025,0.439,0.057,0.009,0.031,0.017,0.07
5,B1_2,0.607,0.005,0.022,0.043,0.016,0.002,0.01,0.027,0.008,0.061,0.01,0.082,0.041,0.016,0.044,0.007
5,B1_3,0.235,0.064,0.052,0.08,0.086,0.102,0.057,0.079,0.029,0.033,0.019,0.029,0.032,0.021,0.057,0.025
5,A2_1,0.498,0.029,0.013,0.027,0.02,0.013,0.01,0.027,0.02,0.045,0.012,0.105,0.093,0.027,0.029,0.032
5,A2_2,0.297,0.067,0.024,0.022,0.052,0.031,0.017,0.054,0.02,0.036,0.048,0.073,0.054,0.084,0.08,0.042
5,A2_3,0.329,0.046,0.02,0.04,0.063,0.03,0.015,0.03,0.014,0.017,0.03,0.054,0.046,0.11,0.118,0.038
5,B2_1,0.374,0.023,0.017,0.039,0.093,0.027,0.007,0.022,0.008,0.023,0.03,0.052,0.041,0.123,0.059,0.061
5,B2_2,0.201,0.071,0.044,0.06,0.051,0.057,0.03,0.027,0.028,0.021,0.05,0.085,0.044,0.086,0.095,0.051
5,B2_3,0.459,0.023,0.026,0.026,0.027,0.016,0.011,0.03,0.018,0.048,0.02,0.083,0.055,0.066,0.039,0.052
5,y1,0.281,0.07,0.046,0.033,0.036,0.038,0.03,0.043,0.035,0.043,0.041,0.08,0.054,0.067,0.053,0.049
5,y2,0.375,0.021,0.027,0.025,0.024,0.009,0.017,0.032,0.022,0.036,0.027,0.044,0.039,0.15,0.104,0.048
5,y3,0.264,0.045,0.042,0.056,0.058,0.048,0.041,0.039,0.034,0.039,0.033,0.047,0.046,0.071,0.066,0.07
6,.,0.022,0.075,0.012,0.027,0.007,0.151,0.153,0.105,0.053,0.069,0.011,0.065,0.024,0.033,0.089,0.105
6,A1_1,0.008,0.003,0.015,0.082,0.197,0.078,0.004,0.315,0.001,0.005,0.031,0.042,0.005,0.005,0.01,0.201
6,A1_2,0.014,0.002,0.03,0.21,0.016,0.172,0.03,0.018,0.002,0.046,0.037,0.245,0.002,0.003,0.045,0.128
6,A1_3,0.119,0.013,0.004,0.073,0.002,0.035,0.028,0.019,0.011,0.106,0.137,0.158,0.083,0.017,0.015,0.181
6,B1_1,0.112,0.015,0.004,0.005,0.005,0.006,0.002,0.207,0.003,0.028,0.431,0.06,0.009,0.024,0.022,0.067
6,B1_2,0.592,0.006,0.029,0.044,0.015,0.002,0.013,0.03,0.008,0.056,0.01,0.076,0.041,0.012,0.062,0.006
6,B1_3,0.232,0.049,0.057,0.083,0.087,0.1,0.062,0.079,0.027,0.037,0.018,0.028,0.029,0.014,0.076,0.022
6,A2_1,0.463,0.028,0.014,0.03,0.02,0.014,0.011,0.031,0.023,0.046,0.012,0.14,0.094,0.015,0.029,0.031
6,A2_2,0.305,0.06,0.023,0.026,0.05,0.024,0.017,0.058,0.017,0.039,0.041,0.089,0.059,0.055,0.109,0.03
6,A2_3,0.302,0.039,0.025,0.044,0.065,0.029,0.016,0.03,0.012,0.017,0.027,0.069,0.043,0.083,0.17,0.03
6,B2_1,0.366,0.021,0.018,0.042,0.103,0.026,0.007,0.024,0.007,0.025,0.029,0.062,0.041,0.094,0.077,0.056
6,B2_2,0.158,0.057,0.058,0.069,0.045,0.052,0.035,0.025,0.026,0.024,0.045,0.124,0.046,0.063,0.131,0.042
6,B2_3,0.465,0.021,0.021,0.03,0.025,0.013,0.01,0.029,0.015,0.051,0.02,0.096,0.06,0.046,0.05,0.048
6,y1,0.227,0.067,0.061,0.032,0.035,0.036,0.036,0.04,0.032,0.053,0.044,0.101,0.055,0.055,0.083,0.043
6,y2,0.419,0.02,0.022,0.024,0.023,0.008,0.013,0.026,0.018,0.035,0.021,0.045,0.042,0.109,0.131,0.043
6,y3,0.245,0.045,0.051,0.058,0.064,0.048,0.042,0.042,0.033,0.043,0.034,0.062,0.045,0.049,0.08,0.058
7,.,0.021,0.076,0.013,0.029,0.007,0.147,0.159,0.106,0.056,0.07,0.011,0.064,0.024,0.033,0.089,0.096
7,A1_1,0.008,0.003,0.014,0.087,0.21,0.087,0.005,0.288,0.001,0.005,0.031,0.041,0.006,0.005,0.011,0.198
7,A1_2,0.016,0.001,0.027,0.217,0.017,0.183,0.031,0.019,0.002,0.048,0.037,0.223,0.002,0.004,0.045,0.128
7,A1_3,0.139,0.013,0.003,0.079,0.002,0.042,0.031,0.017,0.012,0.109,0.12,0.148,0.079,0.021,0.014,0.171
7,B1_1,0.156,0.018,0.005,0.006,0.007,0.007,0.002,0.204,0.003,0.032,0.36,0.063,0.013,0.033,0.022,0.068
7,B1_2,0.631,0.008,0.02,0.039,0.011,0.002,0.011,0.027,0.009,0.043,0.008,0.057,0.045,0.017,0.063,0.007
7,B1_3,0.266,0.043,0.044,0.097,0.072,0.074,0.051,0.072,0.032,0.039,0.019,0.033,0.037,0.023,0.076,0.022
7,A2_1,0.553,0.019,0.014,0.032,0.02,0.012,0.009,0.024,0.017,0.039,0.01,0.095,0.07,0.026,0.033,0.027
7,A2_2,0.321,0.047,0.022,0.03,0.045,0.023,0.016,0.048,0.019,0.046,0.039,0.093,0.066,0.066,0.087,0.032
7,A2_3,0.337,0.033,0.021,0.046,0.053,0.025,0.014,0.027,0.013,0.02,0.026,0.065,0.05,0.098,0.141,0.031
7,B2_1,0.42,0.017,0.015,0.041,0.082,0.022,0.006,0.021,0.007,0.026,0.025,0.06,0.044,0.101,0.062,0.051
7,B2_2,0.184,0.049,0.054,0.081,0.046,0.048,0.03,0.025,0.027,0.026,0.039,0.108,0.048,0.079,0.118,0.036
7,B2_3,0.51,0.018,0.018,0.03,0.023,0.011,0.008,0.021,0.013,0.044,0.015,0.082,0.061,0.059,0.046,0.04
7,y1,0.232,0.062,0.052,0.043,0.036,0.035,0.032,0.042,0.035,0.054,0.042,0.106,0.064,0.059,0.071,0.036
7,y2,0.43,0.015,0.02,0.028,0.019,0.007,0.011,0.022,0.018,0.032,0.019,0.042,0.038,0.141,0.118,0.041
7,y3,0.243,0.039,0.042,0.072,0.067,0.048,0.035,0.04,0.033,0.045,0.036,0.066,0.051,0.061,0.068,0.056
8,.,0.02,0.078,0.014,0.029,0.007,0.137,0.166,0.111,0.057,0.069,0.011,0.063,0.024,0.032,0.085,0.096
8,A1_1,0.008,0.003,0.015,0.082,0.214,0.091,0.005,0.275,0.001,0.005,0.036,0.039,0.006,0.006,0.012,0.204
8,A1_2,0.019,0.001,0.024,0.212,0.016,0.176,0.035,0.02,0.002,0.045,0.043,0.201,0.003,0.004,0.045,0.153
8,A1_3,0.156,0.014,0.004,0.068,0.002,0.038,0.036,0.02,0.012,0.103,0.12,0.134,0.079,0.022,0.015,0.178
8,B1_1,0.188,0.024,0.005,0.006,0.005,0.006,0.002,0.217,0.004,0.032,0.318,0.057,0.017,0.03,0.025,0.064
8,B1_2,0.651,0.01,0.021,0.036,0.008,0.002,0.015,0.032,0.012,0.033,0.008,0.039,0.046,0.019,0.063,0.008
8,B1_3,0.274,0.045,0.052,0.085,0.055,0.061,0.063,0.084,0.039,0.037,0.018,0.026,0.034,0.024,0.081,0.023
8,A2_1,0.571,0.021,0.017,0.029,0.021,0.015,0.011,0.027,0.02,0.037,0.009,0.071,0.06,0.027,0.034,0.03
8,A2_2,0.321,0.051,0.023,0.021,0.035,0.021,0.017,0.053,0.021,0.052,0.039,0.088,0.071,0.068,0.084,0.036
8,A2_3,0.327,0.044,0.02,0.038,0.05,0.026,0.015,0.034,0.016,0.02,0.029,0.061,0.054,0.094,0.14,0.033
8,B2_1,0.468,0.02,0.013,0.034,0.064,0.02,0.007,0.02,0.008,0.023,0.021,0.048,0.046,0.09,0.071,0.049
8,B2_2,0.172,0.058,0.067,0.069,0.049,0.054,0.034,0.035,0.03,0.025,0.039,0.11,0.049,0.073,0.103,0.032
8,B2_3,0.564,0.018,0.013,0.027,0.015,0.008,0.008,0.02,0.014,0.035,0.011,0.066,0.065,0.051,0.048,0.036
8,y1,0.193,0.077,0.065,0.036,0.032,0.036,0.039,0.048,0.04,0.055,0.043,0.108,0.068,0.057,0.069,0.035
8,y2,0.435,0.014,0.019,0.021,0.014,0.005,0.01,0.023,0.019,0.03,0.017,0.035,0.035,0.157,0.12,0.046
8,y3,0.188,0.053,0.054,0.07,0.06,0.054,0.053,0.053,0.048,0.045,0.04,0.059,0.05,0.053,0.068,0.052
9,.,0.02,0.085,0.014,0.031,0.007,0.129,0.169,0.111,0.06,0.07,0.01,0.063,0.025,0.031,0.087,0.087
9,A1_1,0.008,0.003,0.016,0.08,0.253,0.099,0.005,0.24,0.001,0.005,0.035,0.04,0.006,0.007,0.014,0.19
9,A1_2,0.022,0.001,0.02,0.207,0.017,0.179,0.032,0.018,0.002,0.044,0.043,0.211,0.003,0.005,0.043,0.154
9,A1_3,0.179,0.017,0.005,0.063,0.003,0.046,0.038,0.017,0.011,0.117,0.095,0.138,0.08,0.024,0.018,0.149
9,B1_1,0.225,0.037,0.008,0.007,0.008,0.007,0.003,0.152,0.005,0.035,0.284,0.064,0.027,0.053,0.025,0.06
9,B1_2,0.666,0.009,0.019,0.03,0.008,0.002,0.011,0.025,0.012,0.031,0.006,0.034,0.047,0.03,0.063,0.008
9,B1_3,0.209,0.068,0.061,0.105,0.062,0.058,0.069,0.083,0.054,0.033,0.02,0.028,0.043,0.024,0.064,0.019
9,A2_1,0.632,0.012,0.016,0.027,0.018,0.01,0.009,0.013,0.015,0.027,0.006,0.035,0.045,0.052,0.043,0.04
9,A2_2,0.197,0.06,0.051,0.027,0.057,0.037,0.029,0.058,0.033,0.065,0.053,0.092,0.073,0.072,0.052,0.044
9,A2_3,0.403,0.026,0.013,0.027,0.028,0.014,0.012,0.016,0.013,0.02,0.019,0.034,0.054,0.137,0.136,0.049
9,B2_1,0.328,0.031,0.027,0.044,0.113,0.038,0.013,0.028,0.013,0.028,0.034,0.052,0.051,0.089,0.056,0.056
9,B2_2,0.262,0.045,0.042,0.072,0.038,0.032,0.029,0.019,0.026,0.022,0.024,0.069,0.065,0.095,0.115,0.045
9,B2_3,0.417,0.026,0.04,0.026,0.031,0.017,0.013,0.029,0.023,0.048,0.018,0.085,0.065,0.075,0.037,0.05
9,y1,0.299,0.056,0.045,0.038,0.025,0.019,0.029,0.041,0.04,0.054,0.027,0.09,0.087,0.064,0.055,0.032
9,y2,0.36,0.021,0.034,0.036,0.02,0.008,0.018,0.028,0.032,0.029,0.02,0.035,0.038,0.162,0.115,0.045
9,y3,0.241,0.033,0.051,0.067,0.057,0.036,0.042,0.033,0.039,0.045,0.031,0.045,0.052,0.087,0.07,0.071
10,.,0.02,0.087,0.014,0.033,0.006,0.121,0.164,0.112,0.067,0.075,0.01,0.065,0.026,0.03,0.088,0.081
10,A1_1,0.008,0.003,0.018,0.079,0.273,0.102,0.005,0.218,0.001,0.005,0.036,0.043,0.006,0.007,0.015,0.182
10,A1_2,0.023,0.001,0.017,0.191,0.016,0.159,0.026,0.015,0.002,0.049,0.049,0.24,0.003,0.004,0.039,0.165
10,A1_3,0.203,0.017,0.005,0.055,0.003,0.04,0.032,0.014,0.011,0.143,0.085,0.142,0.081,0.021,0.021,0.128
10,B1_1,0.248,0.036,0.009,0.007,0.008,0.006,0.002,0.113,0.007,0.046,0.279,0.07,0.031,0.059,0.024,0.054
10,B1_2,0.673,0.007,0.014,0.026,0.007,0.001,0.007,0.022,0.013,0.038,0.007,0.034,0.048,0.038,0.058,0.008
10,B1_3,0.173,0.078,0.055,0.114,0.051,0.041,0.06,0.082,0.079,0.044,0.028,0.033,0.058,0.022,0.06,0.02
10,A2_1,0.597,0.007,0.015,0.026,0.011,0.006,0.009,0.01,0.018,0.029,0.007,0.026,0.036,0.08,0.057,0.065
10,A2_2,0.103,0.046,0.064,0.031,0.07,0.049,0.037,0.061,0.051,0.089,0.087,0.067,0.059,0.08,0.046,0.062
10,A2_3,0.359,0.013,0.008,0.024,0.02,0.012,0.01,0.009,0.013,0.023,0.019,0.019,0.044,0.175,0.154,0.099
10,B2_1,0.154,0.032,0.033,0.038,0.18,0.077,0.017,0.03,0.015,0.041,0.077,0.044,0.048,0.087,0.05,0.079
10,B2_2,0.334,0.026,0.015,0.049,0.024,0.02,0.017,0.01,0.017,0.022,0.021,0.049,0.077,0.105,0.138,0.077
10,B2_3,0.234,0.032,0.073,0.029,0.049,0.029,0.018,0.052,0.031,0.076,0.04,0.128,0.066,0.06,0.033,0.05
10,y1,0.474,0.024,0.018,0.034,0.013,0.007,0.013,0.023,0.027,0.048,0.016,0.061,0.083,0.066,0.062,0.031
10,y2,0.213,0.046,0.057,0.063,0.035,0.018,0.031,0.048,0.069,0.041,0.041,0.05,0.054,0.097,0.096,0.041
10,y3,0.426,0.006,0.015,0.038,0.017,0.009,0.015,0.011,0.021,0.04,0.013,0.025,0.039,0.122,0.076,0.128
11,.,0.02,0.087,0.015,0.034,0.007,0.115,0.165,0.114,0.071,0.077,0.01,0.065,0.027,0.029,0.087,0.079
11,A1_1,0.008,0.002,0.019,0.077,0.298,0.104,0.005,0.194,0.001,0.005,0.035,0.042,0.006,0.008,0.017,0.179
11,A1_2,0.025,0.001,0.017,0.194,0.015,0.141,0.027,0.015,0.003,0.046,0.05,0.254,0.004,0.004,0.04,0.163
11,A1_3,0.24,0.016,0.006,0.058,0.003,0.037,0.031,0.014,0.011,0.139,0.067,0.134,0.081,0.022,0.028,0.113
11,B1_1,0.26,0.036,0.011,0.008,0.009,0.006,0.003,0.105,0.008,0.049,0.256,0.071,0.04,0.067,0.025,0.048
11,B1_2,0.647,0.008,0.015,0.025,0.006,0.001,0.008,0.022,0.014,0.035,0.007,0.031,0.05,0.043,0.081,0.008
11,B1_3,0.158,0.083,0.06,0.119,0.054,0.036,0.059,0.077,0.083,0.042,0.025,0.031,0.066,0.02,0.071,0.015
11,A2_1,0.604,0.007,0.017,0.027,0.012,0.006,0.008,0.008,0.017,0.025,0.006,0.024,0.034,0.077,0.075,0.054
11,A2_2,0.094,0.042,0.084,0.034,0.08,0.042,0.034,0.06,0.053,0.089,0.078,0.075,0.064,0.077,0.047,0.048
11,A2_3,0.403,0.011,0.008,0.024,0.016,0.008,0.009,0.008,0.013,0.02,0.013,0.019,0.044,0.15,0.178,0.075
11,B2_1,0.151,0.034,0.051,0.045,0.192,0.065,0.018,0.034,0.02,0.042,0.066,0.054,0.053,0.07,0.051,0.054
11,B2_2,0.436,0.017,0.013,0.045,0.017,0.011,0.012,0.007,0.017,0.018,0.011,0.039,0.067,0.093,0.135,0.062
11,B2_3,0.175,0.036,0.107,0.029,0.055,0.029,0.022,0.06,0.042,0.084,0.039,0.12,0.069,0.058,0.036,0.038
11,y1,0.499,0.018,0.016,0.033,0.011,0.005,0.011,0.019,0.026,0.041,0.012,0.05,0.082,0.075,0.072,0.03
11,y2,0.153,0.054,0.072,0.072,0.044,0.022,0.036,0.048,0.084,0.044,0.044,0.05,0.06,0.083,0.101,0.032
11,y3,0.483,0.005,0.012,0.034,0.015,0.007,0.011,0.008,0.016,0.03,0.008,0.022,0.036,0.114,0.087,0.114
12,.,0.02,0.087,0.015,0.036,0.006,0.11,0.168,0.116,0.074,0.08,0.009,0.064,0.027,0.029,0.08,0.079
12,A1_1,0.008,0.002,0.019,0.073,0.307,0.111,0.005,0.165,0.001,0.005,0.034,0.04,0.005,0.009,0.015,0.2
12,A1_2,0.029,0.001,0.014,0.177,0.015,0.127,0.026,0.014,0.003,0.045,0.051,0.258,0.004,0.004,0.031,0.2
12,A1_3,0.287,0.016,0.006,0.058,0.003,0.037,0.033,0.012,0.01,0.134,0.049,0.118,0.075,0.017,0.023,0.121
12,B1_1,0.295,0.031,0.014,0.01,0.01,0.006,0.003,0.097,0.009,0.052,0.228,0.067,0.041,0.059,0.018,0.062
12,B1_2,0.69,0.006,0.014,0.027,0.005,0.001,0.008,0.02,0.015,0.03,0.006,0.025,0.048,0.032,0.061,0.011
12,B1_3,0.15,0.073,0.071,0.129,0.052,0.035,0.065,0.079,0.095,0.043,0.023,0.028,0.066,0.016,0.057,0.019
12,A2_1,0.585,0.005,0.015,0.028,0.012,0.006,0.008,0.007,0.016,0.022,0.005,0.018,0.028,0.071,0.062,0.113
12,A2_2,0.056,0.03,0.084,0.037,0.104,0.059,0.042,0.049,0.056,0.091,0.093,0.047,0.053,0.075,0.036,0.087
12,A2_3,0.394,0.008,0.004,0.023,0.017,0.012,0.009,0.004,0.01,0.016,0.01,0.011,0.04,0.121,0.148,0.174
12,B2_1,0.085,0.021,0.048,0.034,0.274,0.105,0.017,0.03,0.015,0.04,0.086,0.043,0.038,0.054,0.029,0.082
12,B2_2,0.49,0.012,0.005,0.043,0.013,0.012,0.009,0.005,0.012,0.014,0.009,0.026,0.07,0.065,0.094,0.121
12,B2_3,0.133,0.026,0.141,0.035,0.075,0.039,0.02,0.083,0.032,0.084,0.042,0.14,0.056,0.032,0.021,0.042
12,y1,0.627,0.011,0.007,0.034,0.006,0.004,0.007,0.011,0.016,0.026,0.007,0.034,0.081,0.045,0.045,0.039
12,y2,0.158,0.06,0.081,0.075,0.051,0.028,0.035,0.05,0.085,0.045,0.04,0.06,0.076,0.052,0.067,0.037
12,y3,0.542,0.003,0.007,0.031,0.011,0.006,0.007,0.006,0.013,0.021,0.005,0.018,0.032,0.077,0.055,0.165
13,.,0.019,0.091,0.016,0.037,0.006,0.104,0.176,0.112,0.074,0.086,0.009,0.062,0.027,0.03,0.084,0.067
13,A1_1,0.008,0.002,0.02,0.076,0.327,0.118,0.007,0.146,0.001,0.005,0.037,0.044,0.006,0.012,0.018,0.173
13,A1_2,0.031,0.001,0.013,0.203,0.014,0.129,0.032,0.014,0.003,0.042,0.051,0.271,0.004,0.005,0.034,0.153
13,A1_3,0.289,0.017,0.008,0.059,0.004,0.04,0.038,0.011,0.009,0.139,0.045,0.125,0.072,0.021,0.029,0.093
13,B1_1,0.284,0.047,0.014,0.01,0.009,0.006,0.004,0.081,0.009,0.053,0.218,0.072,0.056,0.071,0.025,0.04
13,B1_2,0.654,0.009,0.012,0.02,0.005,0.001,0.007,0.019,0.011,0.031,0.007,0.025,0.05,0.052,0.088,0.009
13,B1_3,0.128,0.094,0.064,0.134,0.049,0.036,0.069,0.073,0.08,0.046,0.023,0.034,0.078,0.018,0.062,0.011
13,A2_1,0.609,0.006,0.013,0.024,0.009,0.005,0.008,0.006,0.013,0.021,0.004,0.02,0.031,0.082,0.087,0.06
13,A2_2,0.052,0.055,0.082,0.04,0.085,0.056,0.05,0.051,0.05,0.093,0.092,0.074,0.077,0.061,0.044,0.036
13,A2_3,0.375,0.008,0.003,0.011,0.013,0.008,0.005,0.004,0.005,0.012,0.01,0.011,0.033,0.186,0.214,0.102
13,B2_1,0.055,0.034,0.056,0.043,0.254,0.107,0.024,0.035,0.015,0.037,0.099,0.073,0.05,0.051,0.036,0.031
13,B2_2,0.512,0.011,0.003,0.025,0.012,0.009,0.005,0.003,0.006,0.009,0.006,0.023,0.058,0.098,0.14,0.079
13,B2_3,0.05,0.03,0.175,0.047,0.089,0.053,0.029,0.097,0.024,0.073,0.049,0.179,0.049,0.023,0.018,0.014
13,y1,0.66,0.008,0.003,0.025,0.005,0.004,0.005,0.004,0.007,0.018,0.005,0.028,0.067,0.062,0.062,0.035
13,y2,0.08,0.107,0.075,0.059,0.067,0.046,0.039,0.057,0.053,0.048,0.057,0.104,0.098,0.036,0.06,0.015
13,y3,0.631,0.004,0.003,0.022,0.006,0.004,0.006,0.004,0.007,0.018,0.004,0.015,0.034,0.077,0.082,0.084
14,.,0.019,0.096,0.016,0.038,0.006,0.1,0.179,0.108,0.077,0.09,0.008,0.06,0.027,0.028,0.082,0.067
14,A1_1,0.007,0.002,0.021,0.07,0.357,0.128,0.007,0.116,0.001,0.005,0.033,0.039,0.006,0.011,0.018,0.178
14,A1_2,0.036,0.001,0.012,0.185,0.016,0.132,0.03,0.011,0.002,0.043,0.046,0.256,0.004,0.004,0.03,0.191
14,A1_3,0.289,0.019,0.008,0.061,0.004,0.05,0.043,0.01,0.009,0.155,0.035,0.107,0.063,0.015,0.026,0.106
14,B1_1,0.311,0.04,0.017,0.012,0.015,0.008,0.004,0.071,0.01,0.062,0.179,0.066,0.056,0.07,0.018,0.059
14,B1_2,0.689,0.008,0.01,0.025,0.005,0.001,0.007,0.017,0.013,0.031,0.006,0.025,0.049,0.041,0.061,0.013
14,B1_3,0.114,0.104,0.061,0.144,0.054,0.037,0.062,0.064,0.09,0.052,0.022,0.037,0.085,0.014,0.045,0.015
14,A2_1,0.582,0.004,0.01,0.026,0.009,0.005,0.007,0.005,0.013,0.019,0.004,0.018,0.026,0.084,0.064,0.122
14,A2_2,0.041,0.045,0.078,0.049,0.113,0.066,0.046,0.043,0.057,0.097,0.086,0.064,0.069,0.056,0.03,0.059
14,A2_3,0.436,0.006,0.002,0.013,0.011,0.008,0.005,0.003,0.006,0.01,0.006,0.009,0.029,0.136,0.139,0.182
14,B2_1,0.045,0.03,0.058,0.047,0.297,0.12,0.021,0.03,0.017,0.041,0.085,0.072,0.045,0.034,0.019,0.039
14,B2_2,0.627,0.006,0.002,0.02,0.008,0.006,0.003,0.002,0.005,0.007,0.003,0.014,0.04,0.067,0.075,0.114
14,B2_3,0.043,0.036,0.183,0.055,0.133,0.06,0.025,0.09,0.026,0.08,0.036,0.14,0.05,0.016,0.011,0.016
14,y1,0.687,0.005,0.002,0.026,0.004,0.004,0.004,0.003,0.007,0.016,0.003,0.019,0.046,0.061,0.045,0.069
14,y2,0.055,0.102,0.082,0.078,0.093,0.059,0.039,0.054,0.066,0.053,0.054,0.1,0.091,0.024,0.03,0.02
14,y3,0.58,0.002,0.002,0.021,0.006,0.004,0.005,0.002,0.007,0.015,0.003,0.009,0.022,0.079,0.064,0.179
15,.,0.018,0.096,0.017,0.037,0.006,0.091,0.188,0.114,0.077,0.088,0.008,0.057,0.026,0.027,0.086,0.063
15,A1_1,0.007,0.002,0.023,0.069,0.352,0.125,0.009,0.12,0.001,0.005,0.034,0.04,0.006,0.011,0.022,0.175
15,A1_2,0.036,0.001,0.013,0.201,0.016,0.142,0.038,0.012,0.002,0.042,0.045,0.247,0.004,0.004,0.038,0.158
15,A1_3,0.302,0.016,0.009,0.064,0.004,0.05,0.056,0.012,0.008,0.152,0.037,0.098,0.06,0.014,0.034,0.083
15,B1_1,0.329,0.037,0.02,0.012,0.011,0.007,0.004,0.087,0.008,0.064,0.183,0.057,0.057,0.053,0.03,0.039
15,B1_2,0.679,0.006,0.012,0.024,0.004,0.001,0.007,0.021,0.01,0.025,0.006,0.018,0.046,0.041,0.089,0.009
15,B1_3,0.129,0.084,0.08,0.151,0.049,0.036,0.069,0.083,0.068,0.045,0.015,0.023,0.068,0.011,0.079,0.01
15,A2_1,0.559,0.004,0.019,0.025,0.011,0.006,0.01,0.006,0.013,0.022,0.005,0.016,0.022,0.066,0.132,0.083
15,A2_2,0.041,0.043,0.089,0.052,0.11,0.076,0.059,0.05,0.052,0.095,0.083,0.051,0.074,0.038,0.048,0.039
15,A2_3,0.408,0.005,0.002,0.009,0.011,0.007,0.004,0.003,0.003,0.008,0.007,0.007,0.022,0.107,0.293,0.104
15,B2_1,0.038,0.023,0.078,0.05,0.308,0.137,0.025,0.039,0.013,0.033,0.081,0.067,0.038,0.023,0.027,0.02
15,B2_2,0.632,0.005,0.002,0.018,0.01,0.005,0.003,0.002,0.003,0.007,0.004,0.011,0.038,0.059,0.131,0.072
15,B2_3,0.029,0.025,0.248,0.067,0.116,0.055,0.025,0.164,0.017,0.071,0.03,0.089,0.037,0.009,0.01,0.008
15,y1,0.698,0.003,0.002,0.026,0.003,0.004,0.006,0.002,0.004,0.015,0.005,0.018,0.037,0.075,0.06,0.041
15,y2,0.054,0.11,0.072,0.049,0.115,0.071,0.027,0.075,0.031,0.046,0.063,0.116,0.104,0.015,0.04,0.011
15,y3,0.676,0.002,0.002,0.018,0.005,0.003,0.005,0.002,0.004,0.014,0.002,0.007,0.019,0.053,0.116,0.072
16,.,0.018,0.096,0.018,0.038,0.006,0.089,0.186,0.108,0.078,0.096,0.008,0.058,0.025,0.028,0.086,0.062
16,A1_1,0.007,0.002,0.022,0.066,0.361,0.137,0.009,0.095,0.001,0.005,0.034,0.046,0.006,0.012,0.022,0.176
16,A1_2,0.035,0.001,0.011,0.18,0.014,0.128,0.034,0.01,0.002,0.045,0.049,0.3,0.004,0.004,0.03,0.152
16,A1_3,0.301,0.016,0.009,0.056,0.004,0.049,0.051,0.009,0.007,0.164,0.034,0.11,0.057,0.015,0.036,0.082
16,B1_1,0.258,0.03,0.018,0.011,0.013,0.008,0.004,0.06,0.008,0.075,0.245,0.077,0.052,0.072,0.023,0.046
16,B1_2,0.664,0.006,0.01,0.02,0.004,0.001,0.006,0.016,0.009,0.03,0.008,0.026,0.047,0.059,0.085,0.009
16,B1_3,0.111,0.088,0.063,0.167,0.048,0.035,0.065,0.061,0.071,0.054,0.021,0.039,0.091,0.013,0.063,0.011
16,A2_1,0.544,0.004,0.014,0.022,0.009,0.005,0.008,0.005,0.011,0.021,0.005,0.019,0.022,0.097,0.116,0.1
16,A2_2,0.024,0.036,0.088,0.051,0.097,0.067,0.061,0.041,0.05,0.104,0.113,0.082,0.069,0.043,0.04,0.033
16,A2_3,0.341,0.004,0.001,0.007,0.009,0.007,0.004,0.002,0.003,0.007,0.007,0.006,0.018,0.169,0.259,0.156
16,B2_1,0.02,0.019,0.06,0.035,0.269,0.138,0.027,0.025,0.009,0.04,0.143,0.098,0.037,0.029,0.029,0.02
16,B2_2,0.6,0.004,0.001,0.014,0.011,0.006,0.002,0.001,0.002,0.007,0.005,0.01,0.034,0.1,0.108,0.093
16,B2_3,0.018,0.016,0.169,0.086,0.096,0.058,0.022,0.176,0.013,0.095,0.073,0.126,0.029,0.006,0.006,0.01
16,y1,0.754,0.001,0.001,0.02,0.001,0.005,0.004,0.001,0.002,0.02,0.008,0.018,0.013,0.072,0.032,0.046
16,y2,0.056,0.092,0.067,0.027,0.085,0.05,0.015,0.059,0.016,0.079,0.117,0.182,0.088,0.019,0.034,0.015
16,y3,0.634,0.002,0.002,0.017,0.005,0.003,0.005,0.002,0.005,0.027,0.003,0.009,0.024,0.091,0.115,0.056
17,.,0.017,0.097,0.018,0.039,0.006,0.085,0.187,0.107,0.081,0.1,0.008,0.056,0.025,0.028,0.084,0.062
17,A1_1,0.006,0.002,0.021,0.063,0.363,0.129,0.009,0.083,0.001,0.005,0.033,0.045,0.006,0.013,0.021,0.2
17,A1_2,0.037,0.001,0.01,0.158,0.014,0.107,0.035,0.009,0.002,0.045,0.05,0.325,0.005,0.003,0.027,0.171
17,A1_3,0.317,0.019,0.01,0.054,0.004,0.044,0.048,0.009,0.007,0.169,0.027,0.098,0.057,0.013,0.037,0.086
17,B1_1,0.257,0.036,0.02,0.011,0.013,0.008,0.004,0.052,0.009,0.086,0.208,0.083,0.065,0.076,0.025,0.046
17,B1_2,0.63,0.007,0.009,0.016,0.005,0.001,0.005,0.016,0.009,0.03,0.008,0.029,0.049,0.069,0.104,0.014
17,B1_3,0.1,0.092,0.066,0.159,0.052,0.037,0.059,0.057,0.072,0.06,0.019,0.046,0.093,0.013,0.064,0.011
17,A2_1,0.525,0.004,0.012,0.02,0.009,0.006,0.007,0.004,0.011,0.021,0.004,0.022,0.024,0.093,0.123,0.114
17,A2_2,0.026,0.045,0.078,0.048,0.111,0.072,0.047,0.035,0.049,0.104,0.096,0.101,0.086,0.036,0.036,0.031
17,A2_3,0.386,0.004,0.001,0.005,0.008,0.006,0.002,0.002,0.002,0.007,0.006,0.008,0.019,0.149,0.247,0.149
17,B2_1,0.021,0.023,0.067,0.041,0.28,0.125,0.023,0.027,0.012,0.038,0.107,0.135,0.043,0.023,0.021,0.016
17,B2_2,0.652,0.004,0.001,0.01,0.009,0.004,0.001,0.001,0.002,0.005,0.003,0.01,0.029,0.077,0.101,0.09
17,B2_3,0.016,0.023,0.248,0.071,0.126,0.051,0.022,0.125,0.014,0.093,0.035,0.119,0.036,0.006,0.007,0.006
17,y1,0.687,0.002,0.001,0.013,0.002,0.006,0.004,0.001,0.002,0.014,0.006,0.018,0.022,0.107,0.046,0.07
17,y2,0.029,0.088,0.064,0.03,0.124,0.069,0.016,0.053,0.017,0.055,0.104,0.215,0.08,0.016,0.03,0.009
17,y3,0.682,0.002,0.001,0.01,0.006,0.003,0.002,0.001,0.002,0.015,0.002,0.007,0.02,0.084,0.093,0.069
18,.,0.016,0.1,0.019,0.04,0.006,0.082,0.19,0.103,0.087,0.101,0.007,0.051,0.025,0.032,0.083,0.058
18,A1_1,0.006,0.002,0.021,0.06,0.359,0.135,0.009,0.073,0.001,0.005,0.033,0.04,0.006,0.017,0.024,0.21
18,A1_2,0.041,0.001,0.011,0.161,0.014,0.099,0.041,0.009,0.003,0.045,0.055,0.322,0.005,0.004,0.028,0.161
18,A1_3,0.341,0.023,0.011,0.049,0.005,0.04,0.049,0.007,0.008,0.15,0.022,0.075,0.059,0.02,0.044,0.098
18,B1_1,0.257,0.047,0.021,0.015,0.015,0.009,0.006,0.045,0.016,0.077,0.151,0.081,0.104,0.09,0.02,0.045
18,B1_2,0.58,0.008,0.008,0.014,0.004,0.001,0.006,0.019,0.013,0.028,0.008,0.023,0.038,0.107,0.122,0.02
18,B1_3,0.065,0.08,0.084,0.138,0.041,0.031,0.075,0.065,0.121,0.076,0.021,0.037,0.064,0.024,0.065,0.014
18,A2_1,0.314,0.003,0.014,0.016,0.008,0.006,0.01,0.004,0.014,0.026,0.006,0.014,0.015,0.223,0.159,0.169
18,A2_2,0.016,0.045,0.054,0.05,0.122,0.087,0.065,0.027,0.063,0.104,0.104,0.061,0.087,0.046,0.031,0.038
18,A2_3,0.322,0.003,0.001,0.004,0.008,0.005,0.002,0.001,0.002,0.005,0.005,0.005,0.013,0.226,0.25,0.147
18,B2_1,0.017,0.029,0.062,0.048,0.252,0.119,0.03,0.025,0.018,0.041,0.112,0.131,0.056,0.027,0.017,0.015
18,B2_2,0.627,0.004,0.001,0.006,0.007,0.003,0.001,0.001,0.002,0.004,0.002,0.007,0.02,0.123,0.105,0.087
18,B2_3,0.015,0.037,0.225,0.088,0.098,0.044,0.04,0.11,0.026,0.089,0.035,0.108,0.06,0.01,0.007,0.006
18,y1,0.538,0.003,0.001,0.008,0.003,0.005,0.003,0.001,0.003,0.009,0.005,0.012,0.019,0.233,0.074,0.084
18,y2,0.024,0.094,0.055,0.044,0.107,0.07,0.027,0.042,0.035,0.052,0.089,0.202,0.109,0.019,0.022,0.009
18,y3,0.591,0.001,0.001,0.007,0.004,0.002,0.002,0.001,0.003,0.009,0.002,0.005,0.013,0.146,0.115,0.097
19,.,0.016,0.105,0.019,0.042,0.006,0.08,0.191,0.102,0.087,0.101,0.007,0.048,0.024,0.028,0.086,0.058
19,A1_1,0.005,0.002,0.02,0.058,0.371,0.133,0.009,0.066,0.001,0.004,0.032,0.036,0.006,0.014,0.022,0.222
19,A1_2,0.042,0.001,0.01,0.173,0.014,0.104,0.048,0.009,0.003,0.042,0.059,0.291,0.006,0.003,0.025,0.173
19,A1_3,0.405,0.021,0.011,0.058,0.004,0.035,0.05,0.009,0.008,0.137,0.02,0.055,0.049,0.011,0.034,0.093
19,B1_1,0.303,0.053,0.027,0.016,0.016,0.009,0.007,0.049,0.013,0.092,0.15,0.057,0.088,0.056,0.02,0.043
19,B1_2,0.695,0.007,0.007,0.017,0.003,0.001,0.006,0.018,0.011,0.022,0.007,0.011,0.032,0.061,0.085,0.017
19,B1_3,0.086,0.102,0.094,0.143,0.041,0.035,0.086,0.075,0.101,0.068,0.015,0.018,0.049,0.012,0.06,0.012
19,A2_1,0.348,0.003,0.019,0.015,0.013,0.008,0.012,0.004,0.011,0.027,0.007,0.01,0.011,0.139,0.168,0.204
19,A2_2,0.017,0.044,0.04,0.053,0.13,0.118,0.09,0.02,0.052,0.092,0.126,0.033,0.084,0.029,0.026,0.048
19,A2_3,0.522,0.005,0.001,0.003,0.01,0.007,0.002,0.001,0.001,0.005,0.005,0.004,0.015,0.087,0.237,0.095
19,B2_1,0.029,0.024,0.078,0.067,0.256,0.117,0.031,0.038,0.019,0.032,0.104,0.117,0.046,0.017,0.011,0.013
19,B2_2,0.811,0.005,0.001,0.007,0.005,0.002,0.001,0.001,0.001,0.003,0.002,0.005,0.021,0.031,0.057,0.048
19,B2_3,0.019,0.038,0.308,0.092,0.08,0.03,0.029,0.195,0.02,0.089,0.016,0.031,0.037,0.007,0.004,0.005
19,y1,0.604,0.003,0.001,0.017,0.001,0.005,0.007,0.001,0.004,0.009,0.009,0.014,0.022,0.16,0.049,0.094
19,y2,0.034,0.099,0.069,0.04,0.11,0.082,0.03,0.083,0.026,0.05,0.097,0.145,0.086,0.016,0.021,0.012
19,y3,0.779,0.002,0.001,0.008,0.004,0.003,0.002,0.001,0.002,0.007,0.002,0.003,0.01,0.04,0.085,0.051
20,.,0.015,0.111,0.02,0.04,0.006,0.08,0.188,0.099,0.084,0.105,0.007,0.045,0.024,0.028,0.094,0.055
20,A1_1,0.004,0.002,0.019,0.047,0.37,0.151,0.01,0.056,0.001,0.004,0.035,0.036,0.006,0.014,0.025,0.219
20,A1_2,0.042,0.001,0.01,0.155,0.016,0.131,0.05,0.008,0.003,0.047,0.063,0.269,0.006,0.003,0.029,0.166
20,A1_3,0.328,0.024,0.012,0.042,0.004,0.046,0.063,0.007,0.007,0.179,0.025,0.056,0.048,0.013,0.047,0.097
20,B1_1,0.242,0.054,0.025,0.01,0.017,0.011,0.008,0.042,0.011,0.109,0.181,0.053,0.091,0.07,0.027,0.05
20,B1_2,0.629,0.009,0.007,0.013,0.003,0.001,0.007,0.018,0.01,0.022,0.01,0.014,0.042,0.083,0.111,0.02
20,B1_3,0.089,0.125,0.088,0.124,0.046,0.035,0.081,0.066,0.076,0.075,0.014,0.017,0.062,0.013,0.078,0.012
20,A2_1,0.259,0.003,0.019,0.012,0.015,0.009,0.012,0.003,0.01,0.031,0.008,0.012,0.012,0.169,0.186,0.239
20,A2_2,0.013,0.047,0.033,0.038,0.129,0.126,0.084,0.015,0.043,0.089,0.139,0.044,0.106,0.027,0.028,0.037
20,A2_3,0.494,0.005,0.001,0.002,0.009,0.007,0.002,0.001,0.001,0.005,0.005,0.005,0.017,0.094,0.258,0.093
20,B2_1,0.022,0.03,0.073,0.041,0.242,0.119,0.032,0.03,0.016,0.037,0.12,0.141,0.054,0.017,0.016,0.011
20,B2_2,0.763,0.004,0.001,0.006,0.006,0.002,0.001,0.001,0.001,0.004,0.002,0.005,0.021,0.05,0.085,0.048
20,B2_3,0.014,0.054,0.295,0.08,0.082,0.036,0.043,0.124,0.02,0.111,0.023,0.045,0.057,0.006,0.006,0.005
20,y1,0.442,0.003,0.001,0.009,0.002,0.008,0.006,0.001,0.003,0.01,0.011,0.012,0.02,0.276,0.09,0.107
20,y2,0.022,0.108,0.039,0.027,0.077,0.06,0.029,0.044,0.022,0.044,0.18,0.174,0.122,0.018,0.023,0.011
20,y3,0.703,0.002,0.001,0.005,0.005,0.003,0.002,0.001,0.001,0.007,0.002,0.004,0.011,0.068,0.127,0.059
21,.,0.014,0.118,0.02,0.041,0.006,0.078,0.187,0.096,0.086,0.106,0.006,0.043,0.024,0.026,0.094,0.055
21,A1_1,0.004,0.002,0.019,0.042,0.383,0.155,0.01,0.048,0.001,0.004,0.029,0.032,0.005,0.013,0.027,0.226
21,A1_2,0.043,0.001,0.009,0.161,0.017,0.151,0.053,0.007,0.003,0.04,0.055,0.269,0.006,0.003,0.029,0.153
21,A1_3,0.359,0.026,0.012,0.044,0.005,0.054,0.064,0.006,0.007,0.156,0.018,0.047,0.042,0.011,0.054,0.096
21,B1_1,0.244,0.07,0.029,0.013,0.024,0.013,0.011,0.04,0.013,0.113,0.145,0.045,0.107,0.054,0.027,0.051
21,B1_2,0.639,0.01,0.007,0.014,0.002,0.001,0.008,0.019,0.013,0.021,0.009,0.011,0.036,0.068,0.118,0.024
21,B1_3,0.068,0.141,0.098,0.111,0.039,0.032,0.09,0.075,0.095,0.082,0.011,0.012,0.043,0.011,0.079,0.013
21,A2_1,0.182,0.002,0.018,0.01,0.012,0.008,0.015,0.002,0.01,0.029,0.007,0.008,0.007,0.129,0.205,0.356
21,A2_2,0.008,0.037,0.028,0.034,0.138,0.126,0.142,0.014,0.054,0.09,0.12,0.023,0.089,0.017,0.032,0.048
21,A2_3,0.631,0.004,0.001,0.002,0.007,0.005,0.002,0.001,0.001,0.003,0.003,0.003,0.012,0.043,0.201,0.081
21,B2_1,0.021,0.033,0.097,0.056,0.256,0.137,0.042,0.033,0.02,0.039,0.069,0.121,0.045,0.008,0.013,0.007
21,B2_2,0.808,0.004,0.0,0.005,0.006,0.002,0.001,0.001,0.001,0.003,0.001,0.003,0.017,0.031,0.07,0.047
21,B2_3,0.013,0.07,0.287,0.093,0.074,0.033,0.045,0.139,0.027,0.103,0.016,0.03,0.054,0.005,0.006,0.004
21,y1,0.389,0.003,0.001,0.009,0.002,0.007,0.006,0.001,0.003,0.007,0.007,0.009,0.014,0.291,0.124,0.126
21,y2,0.017,0.118,0.036,0.03,0.095,0.079,0.037,0.041,0.028,0.04,0.142,0.167,0.128,0.011,0.019,0.012
21,y3,0.76,0.002,0.001,0.005,0.004,0.002,0.002,0.001,0.002,0.006,0.001,0.002,0.008,0.038,0.109,0.058
22,.,0.014,0.12,0.02,0.042,0.006,0.077,0.178,0.1,0.089,0.106,0.007,0.044,0.024,0.027,0.091,0.057
22,A1_1,0.004,0.002,0.017,0.038,0.385,0.157,0.01,0.045,0.001,0.004,0.031,0.036,0.005,0.013,0.027,0.224
22,A1_2,0.042,0.001,0.007,0.147,0.016,0.151,0.046,0.007,0.003,0.038,0.062,0.313,0.006,0.003,0.026,0.131
22,A1_3,0.37,0.027,0.011,0.042,0.005,0.055,0.057,0.006,0.007,0.153,0.019,0.057,0.043,0.013,0.048,0.086
22,B1_1,0.231,0.069,0.021,0.011,0.02,0.012,0.008,0.036,0.013,0.103,0.173,0.059,0.108,0.067,0.023,0.046
22,B1_2,0.62,0.01,0.005,0.011,0.003,0.001,0.005,0.015,0.01,0.02,0.011,0.018,0.042,0.093,0.112,0.023
22,B1_3,0.064,0.16,0.066,0.127,0.054,0.041,0.07,0.056,0.084,0.078,0.017,0.026,0.078,0.011,0.058,0.011
22,A2_1,0.268,0.004,0.011,0.01,0.012,0.007,0.009,0.003,0.01,0.022,0.008,0.013,0.014,0.195,0.187,0.226
22,A2_2,0.014,0.063,0.028,0.044,0.139,0.113,0.065,0.017,0.054,0.062,0.128,0.078,0.134,0.018,0.02,0.024
22,A2_3,0.614,0.004,0.001,0.003,0.006,0.004,0.001,0.001,0.001,0.003,0.003,0.005,0.013,0.074,0.18,0.087
22,B2_1,0.019,0.037,0.06,0.057,0.257,0.139,0.031,0.025,0.025,0.035,0.076,0.15,0.06,0.01,0.01,0.008
22,B2_2,0.8,0.003,0.001,0.004,0.005,0.002,0.001,0.001,0.001,0.003,0.001,0.004,0.014,0.043,0.073,0.044
22,B2_3,0.013,0.075,0.243,0.085,0.112,0.044,0.038,0.097,0.03,0.117,0.019,0.051,0.061,0.005,0.007,0.004
22,y1,0.33,0.003,0.001,0.004,0.003,0.006,0.004,0.001,0.002,0.008,0.007,0.009,0.016,0.342,0.14,0.122
22,y2,0.018,0.11,0.023,0.027,0.102,0.081,0.023,0.023,0.031,0.036,0.152,0.203,0.133,0.013,0.019,0.009
22,y3,0.822,0.001,0.0,0.004,0.004,0.001,0.001,0.001,0.001,0.004,0.001,0.003,0.01,0.048,0.061,0.037
23,.,0.014,0.12,0.02,0.044,0.006,0.077,0.174,0.102,0.09,0.109,0.006,0.042,0.023,0.027,0.093,0.053
23,A1_1,0.003,0.001,0.016,0.036,0.418,0.163,0.01,0.041,0.001,0.003,0.029,0.035,0.005,0.013,0.026,0.199
23,A1_2,0.048,0.001,0.007,0.146,0.016,0.165,0.046,0.006,0.003,0.037,0.057,0.319,0.006,0.003,0.027,0.113
23,A1_3,0.399,0.026,0.01,0.045,0.006,0.06,0.053,0.006,0.007,0.148,0.017,0.053,0.04,0.013,0.047,0.069
23,B1_1,0.241,0.073,0.02,0.011,0.019,0.014,0.008,0.032,0.014,0.11,0.158,0.058,0.11,0.066,0.026,0.038
23,B1_2,0.64,0.01,0.003,0.009,0.004,0.001,0.004,0.012,0.009,0.018,0.01,0.021,0.047,0.094,0.097,0.02
23,B1_3,0.064,0.174,0.057,0.131,0.059,0.046,0.064,0.048,0.073,0.077,0.015,0.03,0.096,0.01,0.05,0.008
23,A2_1,0.322,0.004,0.008,0.011,0.011,0.008,0.009,0.003,0.011,0.021,0.009,0.017,0.022,0.206,0.172,0.167
23,A2_2,0.019,0.082,0.024,0.046,0.115,0.108,0.052,0.016,0.059,0.05,0.102,0.116,0.163,0.015,0.018,0.014
23,A2_3,0.669,0.004,0.001,0.003,0.005,0.003,0.001,0.001,0.002,0.003,0.003,0.007,0.015,0.074,0.142,0.067
23,B2_1,0.026,0.05,0.053,0.073,0.206,0.134,0.036,0.024,0.037,0.04,0.058,0.15,0.084,0.01,0.012,0.007
23,B2_2,0.798,0.004,0.001,0.004,0.005,0.002,0.001,0.001,0.001,0.002,0.001,0.005,0.015,0.046,0.074,0.041
23,B2_3,0.016,0.094,0.208,0.078,0.092,0.049,0.044,0.086,0.039,0.134,0.015,0.057,0.068,0.005,0.01,0.003
23,y1,0.336,0.003,0.001,0.004,0.005,0.007,0.003,0.001,0.003,0.008,0.007,0.01,0.019,0.333,0.147,0.113
23,y2,0.02,0.111,0.021,0.033,0.085,0.086,0.027,0.019,0.042,0.036,0.117,0.214,0.151,0.011,0.018,0.007
23,y3,0.861,0.001,0.0,0.004,0.003,0.001,0.001,0.001,0.001,0.003,0.001,0.004,0.011,0.039,0.042,0.027
24,.,0.013,0.12,0.019,0.046,0.006,0.074,0.172,0.102,0.092,0.111,0.006,0.042,0.023,0.026,0.091,0.058
24,A1_1,0.003,0.001,0.015,0.032,0.423,0.154,0.009,0.036,0.001,0.003,0.028,0.033,0.004,0.011,0.023,0.224
24,A1_2,0.036,0.001,0.005,0.139,0.016,0.173,0.048,0.005,0.003,0.033,0.064,0.313,0.006,0.003,0.023,0.131
24,A1_3,0.369,0.024,0.008,0.048,0.005,0.063,0.057,0.005,0.007,0.152,0.019,0.056,0.039,0.012,0.044,0.092
24,B1_1,0.196,0.072,0.02,0.012,0.022,0.015,0.008,0.03,0.013,0.13,0.19,0.061,0.098,0.064,0.022,0.046
24,B1_2,0.618,0.01,0.003,0.012,0.004,0.001,0.005,0.011,0.011,0.021,0.012,0.024,0.051,0.101,0.091,0.026
24,B1_3,0.058,0.2,0.041,0.137,0.058,0.048,0.063,0.038,0.066,0.079,0.015,0.029,0.106,0.008,0.045,0.009
24,A2_1,0.306,0.005,0.007,0.012,0.012,0.009,0.009,0.002,0.011,0.022,0.01,0.022,0.025,0.189,0.153,0.207
24,A2_2,0.017,0.082,0.019,0.049,0.096,0.108,0.054,0.013,0.056,0.048,0.112,0.14,0.165,0.012,0.016,0.013
