,,.,A1_1,A1_2,A1_3,B1_1,B1_2,B1_3,A2_1,A2_2,A2_3,B2_1,B2_2,B2_3,y1,y2,y3
0,.,1.0,-0.413,-0.137,0.013,0.049,-0.055,0.188,-0.436,-0.004,-0.215,-0.177,-0.056,-0.196,0.022,0.093,-0.294
0,A1_1,-0.413,1.0,-0.016,-0.142,-0.101,-0.062,-0.06,0.292,0.322,0.404,0.171,0.238,0.086,-0.067,-0.03,0.067
0,A1_2,-0.137,-0.016,1.0,-0.049,-0.198,-0.244,-0.182,-0.028,-0.074,-0.169,0.337,0.217,0.193,-0.032,-0.058,0.119
0,A1_3,0.013,-0.142,-0.049,1.0,0.065,-0.079,0.236,0.043,0.029,-0.014,-0.309,-0.087,0.256,0.047,0.219,0.074
0,B1_1,0.049,-0.101,-0.198,0.065,1.0,0.007,-0.09,-0.177,-0.299,0.039,-0.183,-0.203,-0.122,-0.17,0.047,0.093
0,B1_2,-0.055,-0.062,-0.244,-0.079,0.007,1.0,0.01,0.062,-0.053,-0.297,-0.075,-0.285,-0.038,-0.448,-0.142,-0.004
0,B1_3,0.188,-0.06,-0.182,0.236,-0.09,0.01,1.0,0.189,0.229,0.064,0.043,-0.263,-0.043,0.06,0.238,0.012
0,A2_1,-0.436,0.292,-0.028,0.043,-0.177,0.062,0.189,1.0,-0.028,0.367,0.003,0.02,0.226,0.043,-0.24,0.13
0,A2_2,-0.004,0.322,-0.074,0.029,-0.299,-0.053,0.229,-0.028,1.0,-0.126,0.446,0.061,0.105,0.161,0.257,0.176
0,A2_3,-0.215,0.404,-0.169,-0.014,0.039,-0.297,0.064,0.367,-0.126,1.0,-0.043,0.255,-0.014,-0.027,0.083,0.018
0,B2_1,-0.177,0.171,0.337,-0.309,-0.183,-0.075,0.043,0.003,0.446,-0.043,1.0,0.029,-0.168,0.114,0.195,0.107
0,B2_2,-0.056,0.238,0.217,-0.087,-0.203,-0.285,-0.263,0.02,0.061,0.255,0.029,1.0,0.1,0.107,0.289,-0.497
0,B2_3,-0.196,0.086,0.193,0.256,-0.122,-0.038,-0.043,0.226,0.105,-0.014,-0.168,0.1,1.0,0.199,-0.233,0.127
0,y1,0.022,-0.067,-0.032,0.047,-0.17,-0.448,0.06,0.043,0.161,-0.027,0.114,0.107,0.199,1.0,-0.081,-0.084
0,y2,0.093,-0.03,-0.058,0.219,0.047,-0.142,0.238,-0.24,0.257,0.083,0.195,0.289,-0.233,-0.081,1.0,-0.159
0,y3,-0.294,0.067,0.119,0.074,0.093,-0.004,0.012,0.13,0.176,0.018,0.107,-0.497,0.127,-0.084,-0.159,1.0
1,.,1.0,-0.41,-0.135,0.022,0.052,-0.052,0.194,-0.432,-0.01,-0.216,-0.186,-0.058,-0.188,0.023,0.096,-0.299
1,A1_1,-0.41,1.0,-0.019,-0.14,-0.105,-0.065,-0.062,0.286,0.323,0.402,0.17,0.239,0.082,-0.063,-0.027,0.069
1,A1_2,-0.135,-0.019,1.0,-0.048,-0.199,-0.245,-0.182,-0.033,-0.073,-0.17,0.337,0.22,0.192,-0.032,-0.055,0.119
1,A1_3,0.022,-0.14,-0.048,1.0,0.066,-0.08,0.237,0.044,0.034,-0.01,-0.306,-0.084,0.256,0.047,0.219,0.068
1,B1_1,0.052,-0.105,-0.199,0.066,1.0,0.008,-0.092,-0.178,-0.298,0.037,-0.178,-0.203,-0.121,-0.166,0.051,0.094
1,B1_2,-0.052,-0.065,-0.245,-0.08,0.008,1.0,0.011,0.061,-0.057,-0.301,-0.073,-0.284,-0.04,-0.447,-0.145,-0.007
1,B1_3,0.194,-0.062,-0.182,0.237,-0.092,0.011,1.0,0.191,0.226,0.062,0.048,-0.263,-0.044,0.059,0.238,0.009
1,A2_1,-0.432,0.286,-0.033,0.044,-0.178,0.061,0.191,1.0,-0.03,0.367,0.002,0.021,0.226,0.047,-0.239,0.132
1,A2_2,-0.01,0.323,-0.073,0.034,-0.298,-0.057,0.226,-0.03,1.0,-0.123,0.444,0.06,0.099,0.16,0.259,0.171
1,A2_3,-0.216,0.402,-0.17,-0.01,0.037,-0.301,0.062,0.367,-0.123,1.0,-0.044,0.256,-0.015,-0.024,0.086,0.02
1,B2_1,-0.186,0.17,0.337,-0.306,-0.178,-0.073,0.048,0.002,0.444,-0.044,1.0,0.03,-0.168,0.111,0.196,0.104
1,B2_2,-0.058,0.239,0.22,-0.084,-0.203,-0.284,-0.263,0.021,0.06,0.256,0.03,1.0,0.1,0.107,0.289,-0.498
1,B2_3,-0.188,0.082,0.192,0.256,-0.121,-0.04,-0.044,0.226,0.099,-0.015,-0.168,0.1,1.0,0.199,-0.233,0.125
1,y1,0.023,-0.063,-0.032,0.047,-0.166,-0.447,0.059,0.047,0.16,-0.024,0.111,0.107,0.199,1.0,-0.083,-0.083
1,y2,0.096,-0.027,-0.055,0.219,0.051,-0.145,0.238,-0.239,0.259,0.086,0.196,0.289,-0.233,-0.083,1.0,-0.16
1,y3,-0.299,0.069,0.119,0.068,0.094,-0.007,0.009,0.132,0.171,0.02,0.104,-0.498,0.125,-0.083,-0.16,1.0
2,.,1.0,-0.405,-0.131,0.026,0.051,-0.049,0.198,-0.427,-0.017,-0.218,-0.194,-0.067,-0.181,0.019,0.092,-0.299
2,A1_1,-0.405,1.0,-0.021,-0.138,-0.107,-0.068,-0.061,0.282,0.325,0.401,0.17,0.24,0.078,-0.059,-0.023,0.071
2,A1_2,-0.131,-0.021,1.0,-0.048,-0.197,-0.245,-0.181,-0.039,-0.071,-0.175,0.339,0.221,0.191,-0.033,-0.054,0.119
2,A1_3,0.026,-0.138,-0.048,1.0,0.066,-0.082,0.237,0.046,0.036,-0.007,-0.307,-0.084,0.253,0.044,0.219,0.064
2,B1_1,0.051,-0.107,-0.197,0.066,1.0,0.008,-0.094,-0.176,-0.299,0.036,-0.174,-0.203,-0.119,-0.165,0.052,0.096
2,B1_2,-0.049,-0.068,-0.245,-0.082,0.008,1.0,0.011,0.061,-0.06,-0.301,-0.067,-0.283,-0.041,-0.447,-0.147,-0.008
2,B1_3,0.198,-0.061,-0.181,0.237,-0.094,0.011,1.0,0.193,0.226,0.062,0.051,-0.263,-0.043,0.058,0.238,0.007
2,A2_1,-0.427,0.282,-0.039,0.046,-0.176,0.061,0.193,1.0,-0.032,0.366,0.001,0.024,0.227,0.048,-0.235,0.132
2,A2_2,-0.017,0.325,-0.071,0.036,-0.299,-0.06,0.226,-0.032,1.0,-0.12,0.442,0.06,0.097,0.161,0.261,0.169
2,A2_3,-0.218,0.401,-0.175,-0.007,0.036,-0.301,0.062,0.366,-0.12,1.0,-0.044,0.256,-0.018,-0.021,0.089,0.019
2,B2_1,-0.194,0.17,0.339,-0.307,-0.174,-0.067,0.051,0.001,0.442,-0.044,1.0,0.032,-0.165,0.11,0.195,0.104
2,B2_2,-0.067,0.24,0.221,-0.084,-0.203,-0.283,-0.263,0.024,0.06,0.256,0.032,1.0,0.101,0.105,0.289,-0.498
2,B2_3,-0.181,0.078,0.191,0.253,-0.119,-0.041,-0.043,0.227,0.097,-0.018,-0.165,0.101,1.0,0.198,-0.234,0.122
2,y1,0.019,-0.059,-0.033,0.044,-0.165,-0.447,0.058,0.048,0.161,-0.021,0.11,0.105,0.198,1.0,-0.085,-0.078
2,y2,0.092,-0.023,-0.054,0.219,0.052,-0.147,0.238,-0.235,0.261,0.089,0.195,0.289,-0.234,-0.085,1.0,-0.162
2,y3,-0.299,0.071,0.119,0.064,0.096,-0.008,0.007,0.132,0.169,0.019,0.104,-0.498,0.122,-0.078,-0.162,1.0
3,.,1.0,-0.403,-0.126,0.031,0.05,-0.044,0.202,-0.421,-0.024,-0.22,-0.204,-0.076,-0.177,0.018,0.091,-0.297
3,A1_1,-0.403,1.0,-0.022,-0.136,-0.106,-0.07,-0.061,0.278,0.326,0.401,0.17,0.242,0.076,-0.057,-0.019,0.072
3,A1_2,-0.126,-0.022,1.0,-0.047,-0.197,-0.245,-0.181,-0.042,-0.07,-0.177,0.338,0.223,0.19,-0.032,-0.053,0.119
3,A1_3,0.031,-0.136,-0.047,1.0,0.065,-0.084,0.237,0.047,0.039,-0.005,-0.306,-0.084,0.251,0.042,0.216,0.06
3,B1_1,0.05,-0.106,-0.197,0.065,1.0,0.009,-0.096,-0.175,-0.298,0.036,-0.17,-0.203,-0.118,-0.164,0.05,0.099
3,B1_2,-0.044,-0.07,-0.245,-0.084,0.009,1.0,0.011,0.063,-0.062,-0.302,-0.062,-0.281,-0.04,-0.445,-0.149,-0.009
3,B1_3,0.202,-0.061,-0.181,0.237,-0.096,0.011,1.0,0.196,0.227,0.062,0.056,-0.261,-0.042,0.058,0.236,0.007
3,A2_1,-0.421,0.278,-0.042,0.047,-0.175,0.063,0.196,1.0,-0.032,0.364,0.001,0.028,0.228,0.047,-0.235,0.13
3,A2_2,-0.024,0.326,-0.07,0.039,-0.298,-0.062,0.227,-0.032,1.0,-0.116,0.44,0.061,0.095,0.16,0.262,0.169
3,A2_3,-0.22,0.401,-0.177,-0.005,0.036,-0.302,0.062,0.364,-0.116,1.0,-0.044,0.257,-0.019,-0.02,0.091,0.018
3,B2_1,-0.204,0.17,0.338,-0.306,-0.17,-0.062,0.056,0.001,0.44,-0.044,1.0,0.034,-0.162,0.107,0.195,0.102
3,B2_2,-0.076,0.242,0.223,-0.084,-0.203,-0.281,-0.261,0.028,0.061,0.257,0.034,1.0,0.102,0.104,0.29,-0.496
3,B2_3,-0.177,0.076,0.19,0.251,-0.118,-0.04,-0.042,0.228,0.095,-0.019,-0.162,0.102,1.0,0.196,-0.235,0.122
3,y1,0.018,-0.057,-0.032,0.042,-0.164,-0.445,0.058,0.047,0.16,-0.02,0.107,0.104,0.196,1.0,-0.083,-0.077
3,y2,0.091,-0.019,-0.053,0.216,0.05,-0.149,0.236,-0.235,0.262,0.091,0.195,0.29,-0.235,-0.083,1.0,-0.165
3,y3,-0.297,0.072,0.119,0.06,0.099,-0.009,0.007,0.13,0.169,0.018,0.102,-0.496,0.122,-0.077,-0.165,1.0
4,.,1.0,-0.401,-0.123,0.036,0.05,-0.04,0.204,-0.416,-0.03,-0.221,-0.212,-0.085,-0.173,0.016,0.091,-0.294
4,A1_1,-0.401,1.0,-0.021,-0.134,-0.106,-0.073,-0.061,0.274,0.328,0.401,0.17,0.243,0.074,-0.056,-0.017,0.074
4,A1_2,-0.123,-0.021,1.0,-0.045,-0.197,-0.247,-0.182,-0.044,-0.068,-0.179,0.338,0.223,0.188,-0.031,-0.052,0.118
4,A1_3,0.036,-0.134,-0.045,1.0,0.064,-0.085,0.237,0.048,0.042,-0.003,-0.305,-0.084,0.248,0.038,0.213,0.056
4,B1_1,0.05,-0.106,-0.197,0.064,1.0,0.011,-0.097,-0.173,-0.297,0.035,-0.166,-0.205,-0.117,-0.164,0.049,0.1
4,B1_2,-0.04,-0.073,-0.247,-0.085,0.011,1.0,0.012,0.063,-0.064,-0.303,-0.058,-0.28,-0.04,-0.445,-0.15,-0.008
4,B1_3,0.204,-0.061,-0.182,0.237,-0.097,0.012,1.0,0.199,0.227,0.062,0.06,-0.26,-0.041,0.058,0.234,0.007
4,A2_1,-0.416,0.274,-0.044,0.048,-0.173,0.063,0.199,1.0,-0.034,0.362,0.002,0.032,0.23,0.046,-0.236,0.128
4,A2_2,-0.03,0.328,-0.068,0.042,-0.297,-0.064,0.227,-0.034,1.0,-0.113,0.439,0.061,0.093,0.159,0.262,0.168
4,A2_3,-0.221,0.401,-0.179,-0.003,0.035,-0.303,0.062,0.362,-0.113,1.0,-0.045,0.257,-0.019,-0.02,0.092,0.017
4,B2_1,-0.212,0.17,0.338,-0.305,-0.166,-0.058,0.06,0.002,0.439,-0.045,1.0,0.036,-0.159,0.106,0.194,0.102
4,B2_2,-0.085,0.243,0.223,-0.084,-0.205,-0.28,-0.26,0.032,0.061,0.257,0.036,1.0,0.103,0.103,0.291,-0.496
4,B2_3,-0.173,0.074,0.188,0.248,-0.117,-0.04,-0.041,0.23,0.093,-0.019,-0.159,0.103,1.0,0.197,-0.236,0.121
4,y1,0.016,-0.056,-0.031,0.038,-0.164,-0.445,0.058,0.046,0.159,-0.02,0.106,0.103,0.197,1.0,-0.082,-0.076
4,y2,0.091,-0.017,-0.052,0.213,0.049,-0.15,0.234,-0.236,0.262,0.092,0.194,0.291,-0.236,-0.082,1.0,-0.168
4,y3,-0.294,0.074,0.118,0.056,0.1,-0.008,0.007,0.128,0.168,0.017,0.102,-0.496,0.121,-0.076,-0.168,1.0
5,.,1.0,-0.4,-0.121,0.039,0.05,-0.035,0.204,-0.412,-0.035,-0.221,-0.22,-0.091,-0.171,0.014,0.093,-0.295
5,A1_1,-0.4,1.0,-0.021,-0.131,-0.107,-0.076,-0.061,0.271,0.33,0.401,0.169,0.244,0.073,-0.053,-0.014,0.076
5,A1_2,-0.121,-0.021,1.0,-0.043,-0.198,-0.248,-0.182,-0.046,-0.067,-0.18,0.337,0.222,0.186,-0.03,-0.052,0.119
5,A1_3,0.039,-0.131,-0.043,1.0,0.062,-0.087,0.236,0.05,0.045,-0.002,-0.305,-0.084,0.246,0.035,0.21,0.052
5,B1_1,0.05,-0.107,-0.198,0.062,1.0,0.013,-0.098,-0.172,-0.297,0.035,-0.162,-0.205,-0.115,-0.165,0.047,0.101
5,B1_2,-0.035,-0.076,-0.248,-0.087,0.013,1.0,0.013,0.063,-0.067,-0.304,-0.053,-0.279,-0.04,-0.444,-0.15,-0.009
5,B1_3,0.204,-0.061,-0.182,0.236,-0.098,0.013,1.0,0.202,0.227,0.062,0.063,-0.26,-0.04,0.058,0.232,0.007
5,A2_1,-0.412,0.271,-0.046,0.05,-0.172,0.063,0.202,1.0,-0.035,0.359,0.002,0.035,0.232,0.045,-0.235,0.127
5,A2_2,-0.035,0.33,-0.067,0.045,-0.297,-0.067,0.227,-0.035,1.0,-0.111,0.436,0.061,0.091,0.158,0.264,0.167
5,A2_3,-0.221,0.401,-0.18,-0.002,0.035,-0.304,0.062,0.359,-0.111,1.0,-0.045,0.258,-0.02,-0.02,0.094,0.017
5,B2_1,-0.22,0.169,0.337,-0.305,-0.162,-0.053,0.063,0.002,0.436,-0.045,1.0,0.039,-0.155,0.106,0.195,0.101
5,B2_2,-0.091,0.244,0.222,-0.084,-0.205,-0.279,-0.26,0.035,0.061,0.258,0.039,1.0,0.103,0.102,0.29,-0.495
5,B2_3,-0.171,0.073,0.186,0.246,-0.115,-0.04,-0.04,0.232,0.091,-0.02,-0.155,0.103,1.0,0.196,-0.237,0.121
5,y1,0.014,-0.053,-0.03,0.035,-0.165,-0.444,0.058,0.045,0.158,-0.02,0.106,0.102,0.196,1.0,-0.083,-0.073
5,y2,0.093,-0.014,-0.052,0.21,0.047,-0.15,0.232,-0.235,0.264,0.094,0.195,0.29,-0.237,-0.083,1.0,-0.169
5,y3,-0.295,0.076,0.119,0.052,0.101,-0.009,0.007,0.127,0.167,0.017,0.101,-0.495,0.121,-0.073,-0.169,1.0
6,.,1.0,-0.399,-0.118,0.041,0.05,-0.032,0.202,-0.407,-0.041,-0.22,-0.226,-0.097,-0.169,0.013,0.094,-0.293
6,A1_1,-0.399,1.0,-0.02,-0.128,-0.107,-0.08,-0.062,0.267,0.332,0.4,0.168,0.244,0.07,-0.051,-0.012,0.079
6,A1_2,-0.118,-0.02,1.0,-0.041,-0.199,-0.249,-0.182,-0.047,-0.065,-0.181,0.337,0.222,0.185,-0.031,-0.052,0.119
6,A1_3,0.041,-0.128,-0.041,1.0,0.061,-0.089,0.236,0.052,0.047,0.0,-0.304,-0.085,0.245,0.033,0.207,0.05
6,B1_1,0.05,-0.107,-0.199,0.061,1.0,0.016,-0.099,-0.171,-0.297,0.035,-0.159,-0.206,-0.113,-0.165,0.045,0.102
6,B1_2,-0.032,-0.08,-0.249,-0.089,0.016,1.0,0.015,0.064,-0.068,-0.306,-0.049,-0.277,-0.039,-0.443,-0.15,-0.008
6,B1_3,0.202,-0.062,-0.182,0.236,-0.099,0.015,1.0,0.205,0.226,0.061,0.066,-0.259,-0.038,0.057,0.231,0.006
6,A2_1,-0.407,0.267,-0.047,0.052,-0.171,0.064,0.205,1.0,-0.036,0.356,0.003,0.038,0.234,0.044,-0.236,0.125
6,A2_2,-0.041,0.332,-0.065,0.047,-0.297,-0.068,0.226,-0.036,1.0,-0.108,0.435,0.062,0.089,0.158,0.266,0.167
6,A2_3,-0.22,0.4,-0.181,0.0,0.035,-0.306,0.061,0.356,-0.108,1.0,-0.046,0.258,-0.022,-0.018,0.096,0.016
6,B2_1,-0.226,0.168,0.337,-0.304,-0.159,-0.049,0.066,0.003,0.435,-0.046,1.0,0.041,-0.152,0.105,0.196,0.098
6,B2_2,-0.097,0.244,0.222,-0.085,-0.206,-0.277,-0.259,0.038,0.062,0.258,0.041,1.0,0.105,0.101,0.29,-0.493
6,B2_3,-0.169,0.07,0.185,0.245,-0.113,-0.039,-0.038,0.234,0.089,-0.022,-0.152,0.105,1.0,0.195,-0.237,0.121
6,y1,0.013,-0.051,-0.031,0.033,-0.165,-0.443,0.057,0.044,0.158,-0.018,0.105,0.101,0.195,1.0,-0.082,-0.072
6,y2,0.094,-0.012,-0.052,0.207,0.045,-0.15,0.231,-0.236,0.266,0.096,0.196,0.29,-0.237,-0.082,1.0,-0.168
6,y3,-0.293,0.079,0.119,0.05,0.102,-0.008,0.006,0.125,0.167,0.016,0.098,-0.493,0.121,-0.072,-0.168,1.0
7,.,1.0,-0.402,-0.117,0.046,0.051,-0.029,0.203,-0.402,-0.049,-0.221,-0.234,-0.102,-0.167,0.011,0.096,-0.294
7,A1_1,-0.402,1.0,-0.02,-0.125,-0.109,-0.082,-0.063,0.264,0.335,0.4,0.168,0.243,0.068,-0.048,-0.007,0.081
7,A1_2,-0.117,-0.02,1.0,-0.04,-0.2,-0.249,-0.181,-0.049,-0.063,-0.182,0.338,0.221,0.184,-0.031,-0.052,0.119
7,A1_3,0.046,-0.125,-0.04,1.0,0.059,-0.091,0.236,0.054,0.05,0.002,-0.305,-0.086,0.242,0.03,0.203,0.048
7,B1_1,0.051,-0.109,-0.2,0.059,1.0,0.02,-0.099,-0.172,-0.297,0.033,-0.156,-0.206,-0.111,-0.165,0.044,0.102
7,B1_2,-0.029,-0.082,-0.249,-0.091,0.02,1.0,0.017,0.064,-0.071,-0.308,-0.045,-0.275,-0.038,-0.442,-0.151,-0.008
7,B1_3,0.203,-0.063,-0.181,0.236,-0.099,0.017,1.0,0.208,0.225,0.06,0.068,-0.259,-0.036,0.057,0.229,0.005
7,A2_1,-0.402,0.264,-0.049,0.054,-0.172,0.064,0.208,1.0,-0.035,0.353,0.004,0.042,0.236,0.044,-0.237,0.124
7,A2_2,-0.049,0.335,-0.063,0.05,-0.297,-0.071,0.225,-0.035,1.0,-0.104,0.432,0.061,0.086,0.159,0.267,0.168
7,A2_3,-0.221,0.4,-0.182,0.002,0.033,-0.308,0.06,0.353,-0.104,1.0,-0.047,0.258,-0.024,-0.017,0.099,0.016
7,B2_1,-0.234,0.168,0.338,-0.305,-0.156,-0.045,0.068,0.004,0.432,-0.047,1.0,0.043,-0.149,0.105,0.196,0.097
7,B2_2,-0.102,0.243,0.221,-0.086,-0.206,-0.275,-0.259,0.042,0.061,0.258,0.043,1.0,0.105,0.1,0.289,-0.492
7,B2_3,-0.167,0.068,0.184,0.242,-0.111,-0.038,-0.036,0.236,0.086,-0.024,-0.149,0.105,1.0,0.194,-0.238,0.12
7,y1,0.011,-0.048,-0.031,0.03,-0.165,-0.442,0.057,0.044,0.159,-0.017,0.105,0.1,0.194,1.0,-0.081,-0.068
7,y2,0.096,-0.007,-0.052,0.203,0.044,-0.151,0.229,-0.237,0.267,0.099,0.196,0.289,-0.238,-0.081,1.0,-0.168
7,y3,-0.294,0.081,0.119,0.048,0.102,-0.008,0.005,0.124,0.168,0.016,0.097,-0.492,0.12,-0.068,-0.168,1.0
8,.,1.0,-0.405,-0.116,0.048,0.053,-0.023,0.203,-0.397,-0.058,-0.221,-0.24,-0.106,-0.163,0.01,0.099,-0.296
8,A1_1,-0.405,1.0,-0.02,-0.122,-0.111,-0.086,-0.064,0.261,0.338,0.4,0.165,0.242,0.065,-0.046,-0.004,0.084
8,A1_2,-0.116,-0.02,1.0,-0.037,-0.201,-0.251,-0.181,-0.051,-0.06,-0.182,0.338,0.221,0.183,-0.03,-0.052,0.118
8,A1_3,0.048,-0.122,-0.037,1.0,0.056,-0.094,0.235,0.056,0.052,0.004,-0.306,-0.087,0.24,0.028,0.199,0.044
8,B1_1,0.053,-0.111,-0.201,0.056,1.0,0.023,-0.099,-0.172,-0.298,0.032,-0.153,-0.207,-0.108,-0.165,0.043,0.103
8,B1_2,-0.023,-0.086,-0.251,-0.094,0.023,1.0,0.018,0.063,-0.075,-0.31,-0.04,-0.272,-0.037,-0.442,-0.152,-0.009
8,B1_3,0.203,-0.064,-0.181,0.235,-0.099,0.018,1.0,0.211,0.222,0.06,0.07,-0.259,-0.035,0.058,0.227,0.005
8,A2_1,-0.397,0.261,-0.051,0.056,-0.172,0.063,0.211,1.0,-0.034,0.35,0.005,0.044,0.237,0.043,-0.24,0.123
8,A2_2,-0.058,0.338,-0.06,0.052,-0.298,-0.075,0.222,-0.034,1.0,-0.1,0.429,0.06,0.084,0.16,0.268,0.169
8,A2_3,-0.221,0.4,-0.182,0.004,0.032,-0.31,0.06,0.35,-0.1,1.0,-0.048,0.257,-0.025,-0.017,0.099,0.017
8,B2_1,-0.24,0.165,0.338,-0.306,-0.153,-0.04,0.07,0.005,0.429,-0.048,1.0,0.045,-0.146,0.104,0.196,0.096
8,B2_2,-0.106,0.242,0.221,-0.087,-0.207,-0.272,-0.259,0.044,0.06,0.257,0.045,1.0,0.107,0.098,0.289,-0.491
8,B2_3,-0.163,0.065,0.183,0.24,-0.108,-0.037,-0.035,0.237,0.084,-0.025,-0.146,0.107,1.0,0.193,-0.239,0.12
8,y1,0.01,-0.046,-0.03,0.028,-0.165,-0.442,0.058,0.043,0.16,-0.017,0.104,0.098,0.193,1.0,-0.08,-0.065
8,y2,0.099,-0.004,-0.052,0.199,0.043,-0.152,0.227,-0.24,0.268,0.099,0.196,0.289,-0.239,-0.08,1.0,-0.168
8,y3,-0.296,0.084,0.118,0.044,0.103,-0.009,0.005,0.123,0.169,0.017,0.096,-0.491,0.12,-0.065,-0.168,1.0
9,.,1.0,-0.409,-0.116,0.053,0.054,-0.018,0.203,-0.393,-0.067,-0.222,-0.247,-0.11,-0.16,0.008,0.1,-0.298
9,A1_1,-0.409,1.0,-0.019,-0.118,-0.113,-0.09,-0.065,0.259,0.342,0.401,0.164,0.241,0.061,-0.042,-0.0,0.086
9,A1_2,-0.116,-0.019,1.0,-0.036,-0.203,-0.251,-0.181,-0.054,-0.059,-0.183,0.339,0.222,0.182,-0.03,-0.051,0.118
9,A1_3,0.053,-0.118,-0.036,1.0,0.054,-0.096,0.233,0.059,0.055,0.007,-0.306,-0.088,0.237,0.026,0.196,0.041
9,B1_1,0.054,-0.113,-0.203,0.054,1.0,0.027,-0.099,-0.172,-0.3,0.031,-0.15,-0.207,-0.106,-0.166,0.04,0.102
9,B1_2,-0.018,-0.09,-0.251,-0.096,0.027,1.0,0.02,0.063,-0.078,-0.312,-0.037,-0.269,-0.036,-0.441,-0.153,-0.009
9,B1_3,0.203,-0.065,-0.181,0.233,-0.099,0.02,1.0,0.214,0.22,0.059,0.072,-0.259,-0.034,0.058,0.225,0.005
9,A2_1,-0.393,0.259,-0.054,0.059,-0.172,0.063,0.214,1.0,-0.034,0.349,0.006,0.047,0.239,0.042,-0.24,0.122
9,A2_2,-0.067,0.342,-0.059,0.055,-0.3,-0.078,0.22,-0.034,1.0,-0.096,0.425,0.058,0.081,0.159,0.271,0.17
9,A2_3,-0.222,0.401,-0.183,0.007,0.031,-0.312,0.059,0.349,-0.096,1.0,-0.05,0.255,-0.027,-0.015,0.102,0.018
9,B2_1,-0.247,0.164,0.339,-0.306,-0.15,-0.037,0.072,0.006,0.425,-0.05,1.0,0.046,-0.144,0.104,0.197,0.095
9,B2_2,-0.11,0.241,0.222,-0.088,-0.207,-0.269,-0.259,0.047,0.058,0.255,0.046,1.0,0.108,0.096,0.289,-0.491
9,B2_3,-0.16,0.061,0.182,0.237,-0.106,-0.036,-0.034,0.239,0.081,-0.027,-0.144,0.108,1.0,0.192,-0.24,0.12
9,y1,0.008,-0.042,-0.03,0.026,-0.166,-0.441,0.058,0.042,0.159,-0.015,0.104,0.096,0.192,1.0,-0.079,-0.061
9,y2,0.1,-0.0,-0.051,0.196,0.04,-0.153,0.225,-0.24,0.271,0.102,0.197,0.289,-0.24,-0.079,1.0,-0.167
9,y3,-0.298,0.086,0.118,0.041,0.102,-0.009,0.005,0.122,0.17,0.018,0.095,-0.491,0.12,-0.061,-0.167,1.0
10,.,1.0,-0.412,-0.114,0.056,0.055,-0.014,0.202,-0.388,-0.075,-0.224,-0.253,-0.115,-0.157,0.006,0.1,-0.298
10,A1_1,-0.412,1.0,-0.018,-0.115,-0.115,-0.094,-0.067,0.256,0.345,0.402,0.161,0.239,0.058,-0.039,0.004,0.089
10,A1_2,-0.114,-0.018,1.0,-0.034,-0.203,-0.252,-0.182,-0.057,-0.057,-0.185,0.338,0.221,0.18,-0.029,-0.05,0.118
10,A1_3,0.056,-0.115,-0.034,1.0,0.052,-0.099,0.232,0.062,0.057,0.009,-0.307,-0.089,0.234,0.024,0.193,0.039
10,B1_1,0.055,-0.115,-0.203,0.052,1.0,0.03,-0.099,-0.172,-0.301,0.03,-0.148,-0.207,-0.103,-0.167,0.039,0.102
10,B1_2,-0.014,-0.094,-0.252,-0.099,0.03,1.0,0.021,0.063,-0.08,-0.313,-0.033,-0.266,-0.035,-0.441,-0.154,-0.011
10,B1_3,0.202,-0.067,-0.182,0.232,-0.099,0.021,1.0,0.217,0.219,0.059,0.074,-0.26,-0.033,0.058,0.224,0.005
10,A2_1,-0.388,0.256,-0.057,0.062,-0.172,0.063,0.217,1.0,-0.033,0.346,0.006,0.049,0.24,0.041,-0.239,0.122
10,A2_2,-0.075,0.345,-0.057,0.057,-0.301,-0.08,0.219,-0.033,1.0,-0.093,0.422,0.057,0.078,0.16,0.274,0.171
10,A2_3,-0.224,0.402,-0.185,0.009,0.03,-0.313,0.059,0.346,-0.093,1.0,-0.052,0.253,-0.029,-0.014,0.104,0.019
10,B2_1,-0.253,0.161,0.338,-0.307,-0.148,-0.033,0.074,0.006,0.422,-0.052,1.0,0.048,-0.141,0.104,0.198,0.095
10,B2_2,-0.115,0.239,0.221,-0.089,-0.207,-0.266,-0.26,0.049,0.057,0.253,0.048,1.0,0.109,0.093,0.29,-0.49
10,B2_3,-0.157,0.058,0.18,0.234,-0.103,-0.035,-0.033,0.24,0.078,-0.029,-0.141,0.109,1.0,0.19,-0.241,0.119
10,y1,0.006,-0.039,-0.029,0.024,-0.167,-0.441,0.058,0.041,0.16,-0.014,0.104,0.093,0.19,1.0,-0.077,-0.056
10,y2,0.1,0.004,-0.05,0.193,0.039,-0.154,0.224,-0.239,0.274,0.104,0.198,0.29,-0.241,-0.077,1.0,-0.166
10,y3,-0.298,0.089,0.118,0.039,0.102,-0.011,0.005,0.122,0.171,0.019,0.095,-0.49,0.119,-0.056,-0.166,1.0
11,.,1.0,-0.416,-0.113,0.06,0.055,-0.01,0.201,-0.384,-0.084,-0.227,-0.26,-0.119,-0.151,0.004,0.099,-0.3
11,A1_1,-0.416,1.0,-0.017,-0.113,-0.117,-0.098,-0.07,0.255,0.348,0.403,0.16,0.237,0.056,-0.037,0.008,0.092
11,A1_2,-0.113,-0.017,1.0,-0.033,-0.204,-0.252,-0.182,-0.06,-0.055,-0.185,0.339,0.222,0.179,-0.028,-0.05,0.117
11,A1_3,0.06,-0.113,-0.033,1.0,0.049,-0.101,0.229,0.066,0.059,0.012,-0.308,-0.09,0.232,0.022,0.19,0.037
11,B1_1,0.055,-0.117,-0.204,0.049,1.0,0.034,-0.099,-0.174,-0.302,0.028,-0.146,-0.206,-0.101,-0.167,0.037,0.102
11,B1_2,-0.01,-0.098,-0.252,-0.101,0.034,1.0,0.024,0.061,-0.083,-0.315,-0.029,-0.263,-0.034,-0.441,-0.155,-0.012
11,B1_3,0.201,-0.07,-0.182,0.229,-0.099,0.024,1.0,0.22,0.217,0.058,0.077,-0.26,-0.032,0.056,0.222,0.004
11,A2_1,-0.384,0.255,-0.06,0.066,-0.174,0.061,0.22,1.0,-0.029,0.346,0.006,0.051,0.241,0.041,-0.24,0.122
11,A2_2,-0.084,0.348,-0.055,0.059,-0.302,-0.083,0.217,-0.029,1.0,-0.089,0.419,0.055,0.076,0.161,0.276,0.172
11,A2_3,-0.227,0.403,-0.185,0.012,0.028,-0.315,0.058,0.346,-0.089,1.0,-0.053,0.252,-0.031,-0.012,0.106,0.02
11,B2_1,-0.26,0.16,0.339,-0.308,-0.146,-0.029,0.077,0.006,0.419,-0.053,1.0,0.05,-0.139,0.104,0.199,0.094
11,B2_2,-0.119,0.237,0.222,-0.09,-0.206,-0.263,-0.26,0.051,0.055,0.252,0.05,1.0,0.11,0.093,0.291,-0.489
11,B2_3,-0.151,0.056,0.179,0.232,-0.101,-0.034,-0.032,0.241,0.076,-0.031,-0.139,0.11,1.0,0.189,-0.242,0.117
11,y1,0.004,-0.037,-0.028,0.022,-0.167,-0.441,0.056,0.041,0.161,-0.012,0.104,0.093,0.189,1.0,-0.075,-0.053
11,y2,0.099,0.008,-0.05,0.19,0.037,-0.155,0.222,-0.24,0.276,0.106,0.199,0.291,-0.242,-0.075,1.0,-0.165
11,y3,-0.3,0.092,0.117,0.037,0.102,-0.012,0.004,0.122,0.172,0.02,0.094,-0.489,0.117,-0.053,-0.165,1.0
12,.,1.0,-0.423,-0.114,0.064,0.056,-0.004,0.203,-0.379,-0.092,-0.229,-0.265,-0.123,-0.147,0.002,0.099,-0.301
12,A1_1,-0.423,1.0,-0.015,-0.109,-0.118,-0.103,-0.073,0.253,0.351,0.404,0.158,0.235,0.054,-0.034,0.012,0.096
12,A1_2,-0.114,-0.015,1.0,-0.031,-0.205,-0.254,-0.182,-0.062,-0.052,-0.184,0.339,0.222,0.177,-0.028,-0.049,0.117
12,A1_3,0.064,-0.109,-0.031,1.0,0.047,-0.103,0.227,0.068,0.062,0.014,-0.309,-0.092,0.229,0.02,0.187,0.035
12,B1_1,0.056,-0.118,-0.205,0.047,1.0,0.037,-0.098,-0.175,-0.303,0.026,-0.144,-0.206,-0.099,-0.167,0.036,0.101
12,B1_2,-0.004,-0.103,-0.254,-0.103,0.037,1.0,0.026,0.06,-0.085,-0.317,-0.026,-0.26,-0.033,-0.44,-0.158,-0.014
12,B1_3,0.203,-0.073,-0.182,0.227,-0.098,0.026,1.0,0.223,0.215,0.056,0.08,-0.261,-0.031,0.056,0.22,0.003
12,A2_1,-0.379,0.253,-0.062,0.068,-0.175,0.06,0.223,1.0,-0.027,0.345,0.006,0.053,0.241,0.04,-0.24,0.121
12,A2_2,-0.092,0.351,-0.052,0.062,-0.303,-0.085,0.215,-0.027,1.0,-0.086,0.417,0.053,0.074,0.162,0.278,0.173
12,A2_3,-0.229,0.404,-0.184,0.014,0.026,-0.317,0.056,0.345,-0.086,1.0,-0.055,0.25,-0.033,-0.011,0.107,0.021
12,B2_1,-0.265,0.158,0.339,-0.309,-0.144,-0.026,0.08,0.006,0.417,-0.055,1.0,0.051,-0.137,0.105,0.201,0.093
12,B2_2,-0.123,0.235,0.222,-0.092,-0.206,-0.26,-0.261,0.053,0.053,0.25,0.051,1.0,0.111,0.091,0.292,-0.488
12,B2_3,-0.147,0.054,0.177,0.229,-0.099,-0.033,-0.031,0.241,0.074,-0.033,-0.137,0.111,1.0,0.187,-0.244,0.116
12,y1,0.002,-0.034,-0.028,0.02,-0.167,-0.44,0.056,0.04,0.162,-0.011,0.105,0.091,0.187,1.0,-0.072,-0.049
12,y2,0.099,0.012,-0.049,0.187,0.036,-0.158,0.22,-0.24,0.278,0.107,0.201,0.292,-0.244,-0.072,1.0,-0.166
12,y3,-0.301,0.096,0.117,0.035,0.101,-0.014,0.003,0.121,0.173,0.021,0.093,-0.488,0.116,-0.049,-0.166,1.0
13,.,1.0,-0.425,-0.115,0.068,0.058,0.001,0.205,-0.376,-0.097,-0.231,-0.268,-0.127,-0.144,-0.001,0.099,-0.302
13,A1_1,-0.425,1.0,-0.014,-0.105,-0.121,-0.107,-0.075,0.251,0.355,0.405,0.156,0.233,0.051,-0.031,0.016,0.097
13,A1_2,-0.115,-0.014,1.0,-0.03,-0.206,-0.255,-0.182,-0.065,-0.051,-0.184,0.339,0.222,0.176,-0.03,-0.049,0.117
13,A1_3,0.068,-0.105,-0.03,1.0,0.045,-0.105,0.226,0.071,0.065,0.016,-0.31,-0.094,0.226,0.019,0.185,0.032
13,B1_1,0.058,-0.121,-0.206,0.045,1.0,0.04,-0.097,-0.176,-0.304,0.025,-0.142,-0.205,-0.097,-0.167,0.036,0.101
13,B1_2,0.001,-0.107,-0.255,-0.105,0.04,1.0,0.028,0.06,-0.087,-0.318,-0.024,-0.258,-0.032,-0.439,-0.16,-0.016
13,B1_3,0.205,-0.075,-0.182,0.226,-0.097,0.028,1.0,0.225,0.214,0.055,0.081,-0.261,-0.03,0.056,0.218,0.002
13,A2_1,-0.376,0.251,-0.065,0.071,-0.176,0.06,0.225,1.0,-0.025,0.345,0.005,0.054,0.241,0.04,-0.239,0.122
13,A2_2,-0.097,0.355,-0.051,0.065,-0.304,-0.087,0.214,-0.025,1.0,-0.083,0.415,0.051,0.072,0.163,0.282,0.172
13,A2_3,-0.231,0.405,-0.184,0.016,0.025,-0.318,0.055,0.345,-0.083,1.0,-0.056,0.249,-0.034,-0.009,0.11,0.023
13,B2_1,-0.268,0.156,0.339,-0.31,-0.142,-0.024,0.081,0.005,0.415,-0.056,1.0,0.053,-0.136,0.105,0.202,0.092
13,B2_2,-0.127,0.233,0.222,-0.094,-0.205,-0.258,-0.261,0.054,0.051,0.249,0.053,1.0,0.112,0.091,0.293,-0.486
13,B2_3,-0.144,0.051,0.176,0.226,-0.097,-0.032,-0.03,0.241,0.072,-0.034,-0.136,0.112,1.0,0.185,-0.245,0.117
13,y1,-0.001,-0.031,-0.03,0.019,-0.167,-0.439,0.056,0.04,0.163,-0.009,0.105,0.091,0.185,1.0,-0.068,-0.044
13,y2,0.099,0.016,-0.049,0.185,0.036,-0.16,0.218,-0.239,0.282,0.11,0.202,0.293,-0.245,-0.068,1.0,-0.165
13,y3,-0.302,0.097,0.117,0.032,0.101,-0.016,0.002,0.122,0.172,0.023,0.092,-0.486,0.117,-0.044,-0.165,1.0
14,.,1.0,-0.431,-0.116,0.072,0.059,0.006,0.207,-0.372,-0.104,-0.233,-0.273,-0.13,-0.139,-0.005,0.097,-0.304
14,A1_1,-0.431,1.0,-0.01,-0.104,-0.122,-0.109,-0.079,0.251,0.356,0.406,0.155,0.232,0.048,-0.029,0.021,0.1
14,A1_2,-0.116,-0.01,1.0,-0.028,-0.208,-0.258,-0.182,-0.067,-0.048,-0.182,0.339,0.223,0.175,-0.029,-0.047,0.116
14,A1_3,0.072,-0.104,-0.028,1.0,0.043,-0.108,0.224,0.074,0.068,0.019,-0.311,-0.096,0.222,0.018,0.182,0.031
14,B1_1,0.059,-0.122,-0.208,0.043,1.0,0.042,-0.096,-0.177,-0.306,0.023,-0.14,-0.204,-0.095,-0.168,0.034,0.1
14,B1_2,0.006,-0.109,-0.258,-0.108,0.042,1.0,0.03,0.057,-0.088,-0.32,-0.021,-0.255,-0.03,-0.439,-0.163,-0.017
14,B1_3,0.207,-0.079,-0.182,0.224,-0.096,0.03,1.0,0.226,0.212,0.053,0.083,-0.262,-0.029,0.055,0.215,0.001
14,A2_1,-0.372,0.251,-0.067,0.074,-0.177,0.057,0.226,1.0,-0.023,0.345,0.005,0.055,0.242,0.04,-0.239,0.121
14,A2_2,-0.104,0.356,-0.048,0.068,-0.306,-0.088,0.212,-0.023,1.0,-0.081,0.412,0.049,0.07,0.163,0.285,0.174
14,A2_3,-0.233,0.406,-0.182,0.019,0.023,-0.32,0.053,0.345,-0.081,1.0,-0.057,0.247,-0.035,-0.008,0.113,0.023
14,B2_1,-0.273,0.155,0.339,-0.311,-0.14,-0.021,0.083,0.005,0.412,-0.057,1.0,0.054,-0.134,0.106,0.204,0.091
14,B2_2,-0.13,0.232,0.223,-0.096,-0.204,-0.255,-0.262,0.055,0.049,0.247,0.054,1.0,0.114,0.091,0.294,-0.484
14,B2_3,-0.139,0.048,0.175,0.222,-0.095,-0.03,-0.029,0.242,0.07,-0.035,-0.134,0.114,1.0,0.183,-0.247,0.116
14,y1,-0.005,-0.029,-0.029,0.018,-0.168,-0.439,0.055,0.04,0.163,-0.008,0.106,0.091,0.183,1.0,-0.065,-0.041
14,y2,0.097,0.021,-0.047,0.182,0.034,-0.163,0.215,-0.239,0.285,0.113,0.204,0.294,-0.247,-0.065,1.0,-0.163
14,y3,-0.304,0.1,0.116,0.031,0.1,-0.017,0.001,0.121,0.174,0.023,0.091,-0.484,0.116,-0.041,-0.163,1.0
15,.,1.0,-0.436,-0.117,0.077,0.061,0.01,0.209,-0.37,-0.109,-0.235,-0.277,-0.131,-0.133,-0.009,0.096,-0.306
15,A1_1,-0.436,1.0,-0.01,-0.1,-0.124,-0.112,-0.081,0.252,0.358,0.408,0.153,0.231,0.047,-0.026,0.025,0.102
15,A1_2,-0.117,-0.01,1.0,-0.028,-0.208,-0.259,-0.182,-0.07,-0.047,-0.182,0.338,0.223,0.174,-0.028,-0.046,0.115
15,A1_3,0.077,-0.1,-0.028,1.0,0.04,-0.11,0.222,0.077,0.071,0.022,-0.312,-0.098,0.219,0.017,0.18,0.03
15,B1_1,0.061,-0.124,-0.208,0.04,1.0,0.045,-0.095,-0.179,-0.307,0.021,-0.139,-0.203,-0.093,-0.169,0.033,0.101
15,B1_2,0.01,-0.112,-0.259,-0.11,0.045,1.0,0.031,0.056,-0.089,-0.321,-0.019,-0.254,-0.028,-0.439,-0.164,-0.018
15,B1_3,0.209,-0.081,-0.182,0.222,-0.095,0.031,1.0,0.228,0.211,0.051,0.085,-0.262,-0.028,0.054,0.213,0.0
15,A2_1,-0.37,0.252,-0.07,0.077,-0.179,0.056,0.228,1.0,-0.019,0.345,0.005,0.056,0.242,0.039,-0.241,0.121
15,A2_2,-0.109,0.358,-0.047,0.071,-0.307,-0.089,0.211,-0.019,1.0,-0.079,0.409,0.047,0.068,0.164,0.289,0.173
15,A2_3,-0.235,0.408,-0.182,0.022,0.021,-0.321,0.051,0.345,-0.079,1.0,-0.058,0.246,-0.036,-0.007,0.114,0.025
15,B2_1,-0.277,0.153,0.338,-0.312,-0.139,-0.019,0.085,0.005,0.409,-0.058,1.0,0.056,-0.132,0.108,0.205,0.09
15,B2_2,-0.131,0.231,0.223,-0.098,-0.203,-0.254,-0.262,0.056,0.047,0.246,0.056,1.0,0.115,0.09,0.294,-0.482
15,B2_3,-0.133,0.047,0.174,0.219,-0.093,-0.028,-0.028,0.242,0.068,-0.036,-0.132,0.115,1.0,0.181,-0.248,0.115
15,y1,-0.009,-0.026,-0.028,0.017,-0.169,-0.439,0.054,0.039,0.164,-0.007,0.108,0.09,0.181,1.0,-0.064,-0.037
15,y2,0.096,0.025,-0.046,0.18,0.033,-0.164,0.213,-0.241,0.289,0.114,0.205,0.294,-0.248,-0.064,1.0,-0.162
15,y3,-0.306,0.102,0.115,0.03,0.101,-0.018,0.0,0.121,0.173,0.025,0.09,-0.482,0.115,-0.037,-0.162,1.0
16,.,1.0,-0.44,-0.117,0.081,0.06,0.014,0.21,-0.368,-0.112,-0.236,-0.282,-0.135,-0.128,-0.011,0.096,-0.305
16,A1_1,-0.44,1.0,-0.009,-0.097,-0.126,-0.114,-0.083,0.252,0.361,0.41,0.152,0.229,0.044,-0.024,0.03,0.104
16,A1_2,-0.117,-0.009,1.0,-0.026,-0.209,-0.26,-0.182,-0.072,-0.045,-0.181,0.339,0.224,0.173,-0.027,-0.045,0.116
16,A1_3,0.081,-0.097,-0.026,1.0,0.039,-0.112,0.22,0.08,0.072,0.024,-0.313,-0.1,0.216,0.016,0.177,0.028
16,B1_1,0.06,-0.126,-0.209,0.039,1.0,0.048,-0.094,-0.181,-0.307,0.019,-0.137,-0.202,-0.092,-0.169,0.031,0.101
16,B1_2,0.014,-0.114,-0.26,-0.112,0.048,1.0,0.033,0.054,-0.09,-0.323,-0.016,-0.252,-0.027,-0.439,-0.166,-0.02
16,B1_3,0.21,-0.083,-0.182,0.22,-0.094,0.033,1.0,0.23,0.21,0.051,0.087,-0.262,-0.028,0.053,0.209,-0.001
16,A2_1,-0.368,0.252,-0.072,0.08,-0.181,0.054,0.23,1.0,-0.016,0.346,0.004,0.057,0.241,0.038,-0.242,0.12
16,A2_2,-0.112,0.361,-0.045,0.072,-0.307,-0.09,0.21,-0.016,1.0,-0.076,0.407,0.045,0.066,0.165,0.291,0.172
16,A2_3,-0.236,0.41,-0.181,0.024,0.019,-0.323,0.051,0.346,-0.076,1.0,-0.06,0.244,-0.038,-0.006,0.116,0.026
16,B2_1,-0.282,0.152,0.339,-0.313,-0.137,-0.016,0.087,0.004,0.407,-0.06,1.0,0.057,-0.131,0.109,0.205,0.089
16,B2_2,-0.135,0.229,0.224,-0.1,-0.202,-0.252,-0.262,0.057,0.045,0.244,0.057,1.0,0.116,0.091,0.295,-0.481
16,B2_3,-0.128,0.044,0.173,0.216,-0.092,-0.027,-0.028,0.241,0.066,-0.038,-0.131,0.116,1.0,0.18,-0.251,0.113
16,y1,-0.011,-0.024,-0.027,0.016,-0.169,-0.439,0.053,0.038,0.165,-0.006,0.109,0.091,0.18,1.0,-0.061,-0.033
16,y2,0.096,0.03,-0.045,0.177,0.031,-0.166,0.209,-0.242,0.291,0.116,0.205,0.295,-0.251,-0.061,1.0,-0.161
16,y3,-0.305,0.104,0.116,0.028,0.101,-0.02,-0.001,0.12,0.172,0.026,0.089,-0.481,0.113,-0.033,-0.161,1.0
17,.,1.0,-0.444,-0.118,0.086,0.061,0.018,0.212,-0.366,-0.117,-0.238,-0.286,-0.137,-0.123,-0.014,0.095,-0.306
17,A1_1,-0.444,1.0,-0.007,-0.093,-0.128,-0.118,-0.087,0.252,0.363,0.411,0.15,0.228,0.042,-0.022,0.034,0.105
17,A1_2,-0.118,-0.007,1.0,-0.025,-0.209,-0.261,-0.182,-0.074,-0.043,-0.18,0.338,0.224,0.172,-0.028,-0.044,0.115
17,A1_3,0.086,-0.093,-0.025,1.0,0.037,-0.115,0.218,0.083,0.075,0.027,-0.314,-0.102,0.214,0.015,0.174,0.029
17,B1_1,0.061,-0.128,-0.209,0.037,1.0,0.05,-0.092,-0.183,-0.309,0.017,-0.135,-0.201,-0.09,-0.169,0.029,0.102
17,B1_2,0.018,-0.118,-0.261,-0.115,0.05,1.0,0.036,0.052,-0.092,-0.325,-0.014,-0.25,-0.025,-0.438,-0.168,-0.02
17,B1_3,0.212,-0.087,-0.182,0.218,-0.092,0.036,1.0,0.23,0.208,0.049,0.089,-0.263,-0.027,0.052,0.206,-0.002
17,A2_1,-0.366,0.252,-0.074,0.083,-0.183,0.052,0.23,1.0,-0.012,0.348,0.004,0.058,0.241,0.039,-0.241,0.119
17,A2_2,-0.117,0.363,-0.043,0.075,-0.309,-0.092,0.208,-0.012,1.0,-0.073,0.405,0.043,0.064,0.166,0.293,0.172
17,A2_3,-0.238,0.411,-0.18,0.027,0.017,-0.325,0.049,0.348,-0.073,1.0,-0.061,0.242,-0.04,-0.004,0.117,0.026
17,B2_1,-0.286,0.15,0.338,-0.314,-0.135,-0.014,0.089,0.004,0.405,-0.061,1.0,0.059,-0.129,0.109,0.207,0.088
17,B2_2,-0.137,0.228,0.224,-0.102,-0.201,-0.25,-0.263,0.058,0.043,0.242,0.059,1.0,0.117,0.09,0.297,-0.481
17,B2_3,-0.123,0.042,0.172,0.214,-0.09,-0.025,-0.027,0.241,0.064,-0.04,-0.129,0.117,1.0,0.178,-0.253,0.113
17,y1,-0.014,-0.022,-0.028,0.015,-0.169,-0.438,0.052,0.039,0.166,-0.004,0.109,0.09,0.178,1.0,-0.058,-0.03
17,y2,0.095,0.034,-0.044,0.174,0.029,-0.168,0.206,-0.241,0.293,0.117,0.207,0.297,-0.253,-0.058,1.0,-0.161
17,y3,-0.306,0.105,0.115,0.029,0.102,-0.02,-0.002,0.119,0.172,0.026,0.088,-0.481,0.113,-0.03,-0.161,1.0
18,.,1.0,-0.45,-0.119,0.091,0.063,0.021,0.215,-0.363,-0.124,-0.239,-0.291,-0.137,-0.115,-0.016,0.094,-0.309
18,A1_1,-0.45,1.0,-0.004,-0.088,-0.13,-0.124,-0.09,0.251,0.366,0.413,0.15,0.225,0.038,-0.021,0.038,0.107
18,A1_2,-0.119,-0.004,1.0,-0.024,-0.211,-0.264,-0.182,-0.075,-0.039,-0.179,0.338,0.224,0.171,-0.027,-0.041,0.115
18,A1_3,0.091,-0.088,-0.024,1.0,0.034,-0.116,0.216,0.087,0.078,0.031,-0.315,-0.104,0.21,0.015,0.174,0.027
18,B1_1,0.063,-0.13,-0.211,0.034,1.0,0.053,-0.091,-0.186,-0.31,0.015,-0.134,-0.2,-0.089,-0.169,0.027,0.103
18,B1_2,0.021,-0.124,-0.264,-0.116,0.053,1.0,0.038,0.049,-0.095,-0.326,-0.011,-0.248,-0.023,-0.438,-0.17,-0.021
18,B1_3,0.215,-0.09,-0.182,0.216,-0.091,0.038,1.0,0.231,0.207,0.048,0.09,-0.264,-0.026,0.052,0.204,-0.002
18,A2_1,-0.363,0.251,-0.075,0.087,-0.186,0.049,0.231,1.0,-0.008,0.349,0.003,0.059,0.241,0.037,-0.241,0.118
18,A2_2,-0.124,0.366,-0.039,0.078,-0.31,-0.095,0.207,-0.008,1.0,-0.07,0.403,0.042,0.063,0.167,0.295,0.171
18,A2_3,-0.239,0.413,-0.179,0.031,0.015,-0.326,0.048,0.349,-0.07,1.0,-0.062,0.239,-0.042,-0.004,0.118,0.027
18,B2_1,-0.291,0.15,0.338,-0.315,-0.134,-0.011,0.09,0.003,0.403,-0.062,1.0,0.061,-0.127,0.11,0.208,0.087
18,B2_2,-0.137,0.225,0.224,-0.104,-0.2,-0.248,-0.264,0.059,0.042,0.239,0.061,1.0,0.117,0.09,0.297,-0.48
18,B2_3,-0.115,0.038,0.171,0.21,-0.089,-0.023,-0.026,0.241,0.063,-0.042,-0.127,0.117,1.0,0.176,-0.255,0.111
18,y1,-0.016,-0.021,-0.027,0.015,-0.169,-0.438,0.052,0.037,0.167,-0.004,0.11,0.09,0.176,1.0,-0.056,-0.028
18,y2,0.094,0.038,-0.041,0.174,0.027,-0.17,0.204,-0.241,0.295,0.118,0.208,0.297,-0.255,-0.056,1.0,-0.159
18,y3,-0.309,0.107,0.115,0.027,0.103,-0.021,-0.002,0.118,0.171,0.027,0.087,-0.48,0.111,-0.028,-0.159,1.0
19,.,1.0,-0.454,-0.121,0.095,0.065,0.025,0.216,-0.363,-0.13,-0.24,-0.295,-0.139,-0.111,-0.022,0.092,-0.311
19,A1_1,-0.454,1.0,-0.001,-0.087,-0.132,-0.127,-0.091,0.254,0.368,0.414,0.148,0.224,0.038,-0.019,0.042,0.11
19,A1_2,-0.121,-0.001,1.0,-0.023,-0.211,-0.265,-0.182,-0.077,-0.037,-0.177,0.338,0.223,0.17,-0.026,-0.04,0.114
19,A1_3,0.095,-0.087,-0.023,1.0,0.031,-0.119,0.213,0.09,0.079,0.034,-0.316,-0.106,0.208,0.013,0.172,0.026
19,B1_1,0.065,-0.132,-0.211,0.031,1.0,0.056,-0.089,-0.187,-0.311,0.013,-0.132,-0.198,-0.087,-0.169,0.026,0.102
19,B1_2,0.025,-0.127,-0.265,-0.119,0.056,1.0,0.04,0.047,-0.096,-0.328,-0.01,-0.246,-0.021,-0.438,-0.172,-0.022
19,B1_3,0.216,-0.091,-0.182,0.213,-0.089,0.04,1.0,0.232,0.205,0.046,0.092,-0.264,-0.026,0.051,0.201,-0.002
19,A2_1,-0.363,0.254,-0.077,0.09,-0.187,0.047,0.232,1.0,-0.005,0.35,0.004,0.06,0.241,0.036,-0.241,0.117
19,A2_2,-0.13,0.368,-0.037,0.079,-0.311,-0.096,0.205,-0.005,1.0,-0.068,0.401,0.04,0.061,0.168,0.297,0.172
19,A2_3,-0.24,0.414,-0.177,0.034,0.013,-0.328,0.046,0.35,-0.068,1.0,-0.064,0.238,-0.044,-0.004,0.12,0.028
19,B2_1,-0.295,0.148,0.338,-0.316,-0.132,-0.01,0.092,0.004,0.401,-0.064,1.0,0.063,-0.126,0.111,0.209,0.087
19,B2_2,-0.139,0.224,0.223,-0.106,-0.198,-0.246,-0.264,0.06,0.04,0.238,0.063,1.0,0.118,0.09,0.298,-0.478
19,B2_3,-0.111,0.038,0.17,0.208,-0.087,-0.021,-0.026,0.241,0.061,-0.044,-0.126,0.118,1.0,0.174,-0.257,0.111
19,y1,-0.022,-0.019,-0.026,0.013,-0.169,-0.438,0.051,0.036,0.168,-0.004,0.111,0.09,0.174,1.0,-0.055,-0.024
19,y2,0.092,0.042,-0.04,0.172,0.026,-0.172,0.201,-0.241,0.297,0.12,0.209,0.298,-0.257,-0.055,1.0,-0.158
19,y3,-0.311,0.11,0.114,0.026,0.102,-0.022,-0.002,0.117,0.172,0.028,0.087,-0.478,0.111,-0.024,-0.158,1.0
20,.,1.0,-0.456,-0.125,0.098,0.066,0.028,0.219,-0.362,-0.135,-0.24,-0.299,-0.138,-0.105,-0.026,0.09,-0.313
20,A1_1,-0.456,1.0,0.001,-0.084,-0.133,-0.129,-0.093,0.254,0.369,0.414,0.146,0.223,0.036,-0.017,0.047,0.111
20,A1_2,-0.125,0.001,1.0,-0.022,-0.213,-0.265,-0.182,-0.077,-0.035,-0.175,0.338,0.224,0.169,-0.026,-0.037,0.114
20,A1_3,0.098,-0.084,-0.022,1.0,0.03,-0.12,0.211,0.092,0.081,0.036,-0.316,-0.106,0.205,0.013,0.171,0.024
20,B1_1,0.066,-0.133,-0.213,0.03,1.0,0.057,-0.088,-0.189,-0.313,0.012,-0.131,-0.197,-0.086,-0.171,0.024,0.102
20,B1_2,0.028,-0.129,-0.265,-0.12,0.057,1.0,0.042,0.044,-0.097,-0.329,-0.008,-0.245,-0.02,-0.439,-0.174,-0.024
20,B1_3,0.219,-0.093,-0.182,0.211,-0.088,0.042,1.0,0.233,0.203,0.045,0.093,-0.265,-0.025,0.051,0.199,-0.003
20,A2_1,-0.362,0.254,-0.077,0.092,-0.189,0.044,0.233,1.0,-0.002,0.351,0.003,0.06,0.24,0.036,-0.242,0.117
20,A2_2,-0.135,0.369,-0.035,0.081,-0.313,-0.097,0.203,-0.002,1.0,-0.067,0.4,0.039,0.06,0.169,0.3,0.173
20,A2_3,-0.24,0.414,-0.175,0.036,0.012,-0.329,0.045,0.351,-0.067,1.0,-0.065,0.237,-0.045,-0.003,0.121,0.028
20,B2_1,-0.299,0.146,0.338,-0.316,-0.131,-0.008,0.093,0.003,0.4,-0.065,1.0,0.064,-0.125,0.112,0.21,0.087
20,B2_2,-0.138,0.223,0.224,-0.106,-0.197,-0.245,-0.265,0.06,0.039,0.237,0.064,1.0,0.118,0.09,0.298,-0.477
20,B2_3,-0.105,0.036,0.169,0.205,-0.086,-0.02,-0.025,0.24,0.06,-0.045,-0.125,0.118,1.0,0.173,-0.259,0.11
20,y1,-0.026,-0.017,-0.026,0.013,-0.171,-0.439,0.051,0.036,0.169,-0.003,0.112,0.09,0.173,1.0,-0.052,-0.02
20,y2,0.09,0.047,-0.037,0.171,0.024,-0.174,0.199,-0.242,0.3,0.121,0.21,0.298,-0.259,-0.052,1.0,-0.158
20,y3,-0.313,0.111,0.114,0.024,0.102,-0.024,-0.003,0.117,0.173,0.028,0.087,-0.477,0.11,-0.02,-0.158,1.0
21,.,1.0,-0.46,-0.127,0.102,0.068,0.032,0.222,-0.362,-0.139,-0.242,-0.303,-0.138,-0.101,-0.029,0.09,-0.316
21,A1_1,-0.46,1.0,0.003,-0.082,-0.134,-0.131,-0.094,0.256,0.37,0.415,0.145,0.221,0.035,-0.016,0.05,0.113
21,A1_2,-0.127,0.003,1.0,-0.021,-0.213,-0.266,-0.181,-0.077,-0.033,-0.174,0.338,0.224,0.168,-0.026,-0.036,0.113
21,A1_3,0.102,-0.082,-0.021,1.0,0.028,-0.12,0.209,0.095,0.083,0.038,-0.316,-0.109,0.203,0.013,0.169,0.023
21,B1_1,0.068,-0.134,-0.213,0.028,1.0,0.058,-0.087,-0.191,-0.313,0.011,-0.13,-0.196,-0.085,-0.171,0.022,0.101
21,B1_2,0.032,-0.131,-0.266,-0.12,0.058,1.0,0.044,0.042,-0.099,-0.331,-0.007,-0.243,-0.019,-0.438,-0.176,-0.024
21,B1_3,0.222,-0.094,-0.181,0.209,-0.087,0.044,1.0,0.233,0.201,0.043,0.093,-0.264,-0.024,0.051,0.196,-0.003
21,A2_1,-0.362,0.256,-0.077,0.095,-0.191,0.042,0.233,1.0,-0.0,0.353,0.003,0.06,0.24,0.036,-0.241,0.117
21,A2_2,-0.139,0.37,-0.033,0.083,-0.313,-0.099,0.201,-0.0,1.0,-0.066,0.398,0.037,0.059,0.168,0.302,0.174
21,A2_3,-0.242,0.415,-0.174,0.038,0.011,-0.331,0.043,0.353,-0.066,1.0,-0.065,0.235,-0.046,-0.002,0.122,0.028
21,B2_1,-0.303,0.145,0.338,-0.316,-0.13,-0.007,0.093,0.003,0.398,-0.065,1.0,0.065,-0.123,0.113,0.211,0.086
21,B2_2,-0.138,0.221,0.224,-0.109,-0.196,-0.243,-0.264,0.06,0.037,0.235,0.065,1.0,0.119,0.09,0.298,-0.476
21,B2_3,-0.101,0.035,0.168,0.203,-0.085,-0.019,-0.024,0.24,0.059,-0.046,-0.123,0.119,1.0,0.172,-0.26,0.109
21,y1,-0.029,-0.016,-0.026,0.013,-0.171,-0.438,0.051,0.036,0.168,-0.002,0.113,0.09,0.172,1.0,-0.05,-0.018
21,y2,0.09,0.05,-0.036,0.169,0.022,-0.176,0.196,-0.241,0.302,0.122,0.211,0.298,-0.26,-0.05,1.0,-0.155
21,y3,-0.316,0.113,0.113,0.023,0.101,-0.024,-0.003,0.117,0.174,0.028,0.086,-0.476,0.109,-0.018,-0.155,1.0
22,.,1.0,-0.464,-0.128,0.104,0.07,0.035,0.223,-0.361,-0.143,-0.242,-0.305,-0.139,-0.097,-0.034,0.088,-0.319
22,A1_1,-0.464,1.0,0.005,-0.08,-0.135,-0.133,-0.095,0.256,0.372,0.415,0.145,0.22,0.033,-0.014,0.054,0.115
22,A1_2,-0.128,0.005,1.0,-0.02,-0.214,-0.266,-0.181,-0.077,-0.032,-0.173,0.337,0.224,0.168,-0.025,-0.035,0.112
22,A1_3,0.104,-0.08,-0.02,1.0,0.026,-0.122,0.208,0.096,0.085,0.039,-0.316,-0.11,0.201,0.013,0.167,0.021
22,B1_1,0.07,-0.135,-0.214,0.026,1.0,0.06,-0.086,-0.192,-0.314,0.01,-0.129,-0.195,-0.084,-0.171,0.021,0.1
22,B1_2,0.035,-0.133,-0.266,-0.122,0.06,1.0,0.044,0.04,-0.1,-0.331,-0.006,-0.241,-0.018,-0.439,-0.178,-0.025
22,B1_3,0.223,-0.095,-0.181,0.208,-0.086,0.044,1.0,0.234,0.2,0.043,0.095,-0.264,-0.024,0.05,0.194,-0.003
22,A2_1,-0.361,0.256,-0.077,0.096,-0.192,0.04,0.234,1.0,0.002,0.354,0.003,0.06,0.239,0.036,-0.24,0.116
22,A2_2,-0.143,0.372,-0.032,0.085,-0.314,-0.1,0.2,0.002,1.0,-0.064,0.397,0.037,0.057,0.169,0.305,0.175
22,A2_3,-0.242,0.415,-0.173,0.039,0.01,-0.331,0.043,0.354,-0.064,1.0,-0.065,0.234,-0.047,-0.001,0.124,0.029
22,B2_1,-0.305,0.145,0.337,-0.316,-0.129,-0.006,0.095,0.003,0.397,-0.065,1.0,0.067,-0.122,0.113,0.212,0.086
22,B2_2,-0.139,0.22,0.224,-0.11,-0.195,-0.241,-0.264,0.06,0.037,0.234,0.067,1.0,0.119,0.089,0.299,-0.475
22,B2_3,-0.097,0.033,0.168,0.201,-0.084,-0.018,-0.024,0.239,0.057,-0.047,-0.122,0.119,1.0,0.171,-0.262,0.108
22,y1,-0.034,-0.014,-0.025,0.013,-0.171,-0.439,0.05,0.036,0.169,-0.001,0.113,0.089,0.171,1.0,-0.047,-0.015
22,y2,0.088,0.054,-0.035,0.167,0.021,-0.178,0.194,-0.24,0.305,0.124,0.212,0.299,-0.262,-0.047,1.0,-0.153
22,y3,-0.319,0.115,0.112,0.021,0.1,-0.025,-0.003,0.116,0.175,0.029,0.086,-0.475,0.108,-0.015,-0.153,1.0
23,.,1.0,-0.466,-0.13,0.107,0.07,0.038,0.226,-0.359,-0.146,-0.244,-0.307,-0.14,-0.094,-0.036,0.086,-0.32
23,A1_1,-0.466,1.0,0.005,-0.079,-0.137,-0.133,-0.096,0.256,0.372,0.416,0.144,0.22,0.033,-0.013,0.058,0.116
23,A1_2,-0.13,0.005,1.0,-0.02,-0.214,-0.267,-0.18,-0.077,-0.031,-0.173,0.338,0.224,0.168,-0.025,-0.034,0.111
23,A1_3,0.107,-0.079,-0.02,1.0,0.025,-0.123,0.206,0.097,0.086,0.04,-0.316,-0.11,0.199,0.012,0.166,0.021
23,B1_1,0.07,-0.137,-0.214,0.025,1.0,0.061,-0.085,-0.192,-0.315,0.008,-0.128,-0.195,-0.083,-0.173,0.018,0.099
23,B1_2,0.038,-0.133,-0.267,-0.123,0.061,1.0,0.045,0.039,-0.1,-0.332,-0.006,-0.241,-0.017,-0.439,-0.179,-0.026
