,,.,A1_1,A1_2,A1_3,B1_1,B1_2,B1_3,A2_1,A2_2,A2_3,B2_1,B2_2,B2_3,y1,y2,y3
0,.,1.0,0.733,0.488,0.49,0.582,0.752,0.613,0.858,0.82,0.706,0.689,0.834,0.829,0.871,0.923,0.841
0,A1_1,0.733,1.0,0.706,0.686,0.704,0.8,0.703,0.841,0.878,0.85,0.86,0.854,0.872,0.702,0.798,0.706
0,A1_2,0.488,0.706,1.0,0.882,0.793,0.701,0.794,0.705,0.779,0.81,0.885,0.759,0.746,0.458,0.588,0.507
0,A1_3,0.49,0.686,0.882,1.0,0.723,0.628,0.729,0.68,0.753,0.725,0.8,0.736,0.75,0.437,0.592,0.485
0,B1_1,0.582,0.704,0.793,0.723,1.0,0.836,0.909,0.783,0.797,0.864,0.849,0.775,0.802,0.454,0.673,0.539
0,B1_2,0.752,0.8,0.701,0.628,0.836,1.0,0.796,0.898,0.897,0.865,0.861,0.811,0.865,0.613,0.779,0.783
0,B1_3,0.613,0.703,0.794,0.729,0.909,0.796,1.0,0.798,0.785,0.889,0.867,0.777,0.776,0.555,0.659,0.588
0,A2_1,0.858,0.841,0.705,0.68,0.783,0.898,0.798,1.0,0.89,0.887,0.852,0.882,0.947,0.761,0.878,0.837
0,A2_2,0.82,0.878,0.779,0.753,0.797,0.897,0.785,0.89,1.0,0.878,0.887,0.888,0.887,0.67,0.839,0.768
0,A2_3,0.706,0.85,0.81,0.725,0.864,0.865,0.889,0.887,0.878,1.0,0.913,0.891,0.851,0.63,0.784,0.684
0,B2_1,0.689,0.86,0.885,0.8,0.849,0.861,0.867,0.852,0.887,0.913,1.0,0.883,0.874,0.601,0.786,0.653
0,B2_2,0.834,0.854,0.759,0.736,0.775,0.811,0.777,0.882,0.888,0.891,0.883,1.0,0.884,0.741,0.87,0.773
0,B2_3,0.829,0.872,0.746,0.75,0.802,0.865,0.776,0.947,0.887,0.851,0.874,0.884,1.0,0.735,0.88,0.749
0,y1,0.871,0.702,0.458,0.437,0.454,0.613,0.555,0.761,0.67,0.63,0.601,0.741,0.735,1.0,0.783,0.822
0,y2,0.923,0.798,0.588,0.592,0.673,0.779,0.659,0.878,0.839,0.784,0.786,0.87,0.88,0.783,1.0,0.77
0,y3,0.841,0.706,0.507,0.485,0.539,0.783,0.588,0.837,0.768,0.684,0.653,0.773,0.749,0.822,0.77,1.0
1,.,1.0,0.877,0.801,0.6,0.696,0.879,0.83,0.933,0.929,0.921,0.926,0.94,0.905,0.939,0.951,0.891
1,A1_1,0.877,1.0,0.701,0.508,0.64,0.81,0.777,0.922,0.9,0.905,0.878,0.882,0.891,0.889,0.867,0.837
1,A1_2,0.801,0.701,1.0,0.822,0.849,0.808,0.859,0.805,0.798,0.803,0.851,0.785,0.805,0.761,0.783,0.865
1,A1_3,0.6,0.508,0.822,1.0,0.876,0.61,0.745,0.623,0.626,0.616,0.627,0.588,0.596,0.558,0.578,0.648
1,B1_1,0.696,0.64,0.849,0.876,1.0,0.753,0.888,0.753,0.707,0.766,0.779,0.696,0.688,0.648,0.663,0.722
1,B1_2,0.879,0.81,0.808,0.61,0.753,1.0,0.901,0.891,0.895,0.865,0.942,0.87,0.889,0.862,0.809,0.93
1,B1_3,0.83,0.777,0.859,0.745,0.888,0.901,1.0,0.882,0.842,0.854,0.892,0.821,0.851,0.795,0.769,0.886
1,A2_1,0.933,0.922,0.805,0.623,0.753,0.891,0.882,1.0,0.948,0.926,0.937,0.902,0.969,0.885,0.898,0.924
1,A2_2,0.929,0.9,0.798,0.626,0.707,0.895,0.842,0.948,1.0,0.91,0.938,0.908,0.936,0.89,0.886,0.909
1,A2_3,0.921,0.905,0.803,0.616,0.766,0.865,0.854,0.926,0.91,1.0,0.948,0.967,0.889,0.901,0.938,0.895
1,B2_1,0.926,0.878,0.851,0.627,0.779,0.942,0.892,0.937,0.938,0.948,1.0,0.946,0.919,0.903,0.892,0.937
1,B2_2,0.94,0.882,0.785,0.588,0.696,0.87,0.821,0.902,0.908,0.967,0.946,1.0,0.9,0.93,0.949,0.896
1,B2_3,0.905,0.891,0.805,0.596,0.688,0.889,0.851,0.969,0.936,0.889,0.919,0.9,1.0,0.861,0.871,0.939
1,y1,0.939,0.889,0.761,0.558,0.648,0.862,0.795,0.885,0.89,0.901,0.903,0.93,0.861,1.0,0.939,0.873
1,y2,0.951,0.867,0.783,0.578,0.663,0.809,0.769,0.898,0.886,0.938,0.892,0.949,0.871,0.939,1.0,0.861
1,y3,0.891,0.837,0.865,0.648,0.722,0.93,0.886,0.924,0.909,0.895,0.937,0.896,0.939,0.873,0.861,1.0
2,.,1.0,0.952,0.939,0.938,0.938,0.946,0.938,0.957,0.948,0.931,0.937,0.952,0.962,0.959,0.977,0.943
2,A1_1,0.952,1.0,0.93,0.921,0.929,0.944,0.953,0.973,0.952,0.948,0.952,0.946,0.965,0.961,0.959,0.961
2,A1_2,0.939,0.93,1.0,0.939,0.944,0.924,0.934,0.934,0.912,0.912,0.925,0.913,0.95,0.929,0.947,0.947
2,A1_3,0.938,0.921,0.939,1.0,0.917,0.92,0.905,0.909,0.924,0.861,0.862,0.864,0.938,0.89,0.944,0.94
2,B1_1,0.938,0.929,0.944,0.917,1.0,0.966,0.963,0.957,0.916,0.916,0.93,0.893,0.958,0.903,0.922,0.966
2,B1_2,0.946,0.944,0.924,0.92,0.966,1.0,0.954,0.963,0.939,0.909,0.936,0.905,0.971,0.916,0.923,0.972
2,B1_3,0.938,0.953,0.934,0.905,0.963,0.954,1.0,0.984,0.939,0.94,0.957,0.924,0.96,0.941,0.931,0.97
2,A2_1,0.957,0.973,0.934,0.909,0.957,0.963,0.984,1.0,0.954,0.953,0.965,0.946,0.986,0.957,0.946,0.98
2,A2_2,0.948,0.952,0.912,0.924,0.916,0.939,0.939,0.954,1.0,0.965,0.965,0.953,0.95,0.911,0.955,0.95
2,A2_3,0.931,0.948,0.912,0.861,0.916,0.909,0.94,0.953,0.965,1.0,0.985,0.984,0.937,0.931,0.955,0.932
2,B2_1,0.937,0.952,0.925,0.862,0.93,0.936,0.957,0.965,0.965,0.985,1.0,0.977,0.946,0.941,0.943,0.952
2,B2_2,0.952,0.946,0.913,0.864,0.893,0.905,0.924,0.946,0.953,0.984,0.977,1.0,0.939,0.959,0.964,0.92
2,B2_3,0.962,0.965,0.95,0.938,0.958,0.971,0.96,0.986,0.95,0.937,0.946,0.939,1.0,0.953,0.951,0.986
2,y1,0.959,0.961,0.929,0.89,0.903,0.916,0.941,0.957,0.911,0.931,0.941,0.959,0.953,1.0,0.958,0.937
2,y2,0.977,0.959,0.947,0.944,0.922,0.923,0.931,0.946,0.955,0.955,0.943,0.964,0.951,0.958,1.0,0.941
2,y3,0.943,0.961,0.947,0.94,0.966,0.972,0.97,0.98,0.95,0.932,0.952,0.92,0.986,0.937,0.941,1.0
3,.,1.0,0.964,0.966,0.959,0.958,0.958,0.955,0.957,0.928,0.942,0.924,0.968,0.969,0.979,0.986,0.964
3,A1_1,0.964,1.0,0.96,0.951,0.963,0.958,0.977,0.976,0.954,0.96,0.96,0.965,0.969,0.976,0.968,0.984
3,A1_2,0.966,0.96,1.0,0.967,0.97,0.943,0.96,0.96,0.942,0.946,0.951,0.961,0.964,0.969,0.971,0.973
3,A1_3,0.959,0.951,0.967,1.0,0.944,0.93,0.944,0.943,0.95,0.927,0.917,0.935,0.948,0.934,0.962,0.956
3,B1_1,0.958,0.963,0.97,0.944,1.0,0.974,0.989,0.981,0.956,0.964,0.973,0.958,0.971,0.955,0.953,0.982
3,B1_2,0.958,0.958,0.943,0.93,0.974,1.0,0.971,0.976,0.947,0.94,0.948,0.943,0.979,0.948,0.938,0.975
3,B1_3,0.955,0.977,0.96,0.944,0.989,0.971,1.0,0.989,0.957,0.962,0.976,0.957,0.972,0.963,0.952,0.988
3,A2_1,0.957,0.976,0.96,0.943,0.981,0.976,0.989,1.0,0.965,0.971,0.981,0.969,0.993,0.966,0.952,0.992
3,A2_2,0.928,0.954,0.942,0.95,0.956,0.947,0.957,0.965,1.0,0.981,0.98,0.963,0.956,0.927,0.94,0.963
3,A2_3,0.942,0.96,0.946,0.927,0.964,0.94,0.962,0.971,0.981,1.0,0.986,0.99,0.962,0.954,0.959,0.964
3,B2_1,0.924,0.96,0.951,0.917,0.973,0.948,0.976,0.981,0.98,0.986,1.0,0.971,0.964,0.946,0.935,0.975
3,B2_2,0.968,0.965,0.961,0.935,0.958,0.943,0.957,0.969,0.963,0.99,0.971,1.0,0.971,0.979,0.981,0.968
3,B2_3,0.969,0.969,0.964,0.948,0.971,0.979,0.972,0.993,0.956,0.962,0.964,0.971,1.0,0.971,0.958,0.987
3,y1,0.979,0.976,0.969,0.934,0.955,0.948,0.963,0.966,0.927,0.954,0.946,0.979,0.971,1.0,0.981,0.975
3,y2,0.986,0.968,0.971,0.962,0.953,0.938,0.952,0.952,0.94,0.959,0.935,0.981,0.958,0.981,1.0,0.965
3,y3,0.964,0.984,0.973,0.956,0.982,0.975,0.988,0.992,0.963,0.964,0.975,0.968,0.987,0.975,0.965,1.0
4,.,1.0,0.956,0.946,0.936,0.939,0.954,0.933,0.945,0.903,0.924,0.9,0.953,0.96,0.98,0.986,0.969
4,A1_1,0.956,1.0,0.958,0.951,0.964,0.957,0.975,0.974,0.954,0.959,0.957,0.963,0.965,0.965,0.959,0.986
4,A1_2,0.946,0.958,1.0,0.965,0.971,0.935,0.959,0.965,0.956,0.959,0.964,0.968,0.962,0.951,0.956,0.97
4,A1_3,0.936,0.951,0.965,1.0,0.943,0.917,0.943,0.951,0.965,0.941,0.928,0.943,0.946,0.914,0.942,0.947
4,B1_1,0.939,0.964,0.971,0.943,1.0,0.965,0.991,0.982,0.961,0.972,0.979,0.964,0.965,0.939,0.943,0.975
4,B1_2,0.954,0.957,0.935,0.917,0.965,1.0,0.964,0.973,0.938,0.939,0.942,0.942,0.977,0.941,0.933,0.97
4,B1_3,0.933,0.975,0.959,0.943,0.991,0.964,1.0,0.986,0.962,0.969,0.98,0.96,0.963,0.941,0.937,0.978
4,A2_1,0.945,0.974,0.965,0.951,0.982,0.973,0.986,1.0,0.97,0.979,0.983,0.977,0.992,0.948,0.945,0.982
4,A2_2,0.903,0.954,0.956,0.965,0.961,0.938,0.962,0.97,1.0,0.979,0.977,0.96,0.955,0.903,0.915,0.949
4,A2_3,0.924,0.959,0.959,0.941,0.972,0.939,0.969,0.979,0.979,1.0,0.985,0.991,0.966,0.938,0.946,0.96
4,B2_1,0.9,0.957,0.964,0.928,0.979,0.942,0.98,0.983,0.977,0.985,1.0,0.97,0.962,0.922,0.915,0.963
4,B2_2,0.953,0.963,0.968,0.943,0.964,0.942,0.96,0.977,0.96,0.991,0.97,1.0,0.975,0.968,0.974,0.972
4,B2_3,0.96,0.965,0.962,0.946,0.965,0.977,0.963,0.992,0.955,0.966,0.962,0.975,1.0,0.956,0.952,0.979
4,y1,0.98,0.965,0.951,0.914,0.939,0.941,0.941,0.948,0.903,0.938,0.922,0.968,0.956,1.0,0.984,0.977
4,y2,0.986,0.959,0.956,0.942,0.943,0.933,0.937,0.945,0.915,0.946,0.915,0.974,0.952,0.984,1.0,0.971
4,y3,0.969,0.986,0.97,0.947,0.975,0.97,0.978,0.982,0.949,0.96,0.963,0.972,0.979,0.977,0.971,1.0
5,.,1.0,0.949,0.933,0.918,0.925,0.948,0.913,0.937,0.877,0.903,0.878,0.932,0.949,0.974,0.985,0.963
5,A1_1,0.949,1.0,0.955,0.951,0.956,0.95,0.97,0.971,0.947,0.95,0.95,0.951,0.958,0.952,0.949,0.981
5,A1_2,0.933,0.955,1.0,0.965,0.967,0.927,0.955,0.97,0.948,0.953,0.958,0.964,0.963,0.933,0.944,0.956
5,A1_3,0.918,0.951,0.965,1.0,0.931,0.902,0.936,0.956,0.966,0.932,0.92,0.932,0.942,0.888,0.92,0.93
5,B1_1,0.925,0.956,0.967,0.931,1.0,0.965,0.986,0.98,0.946,0.965,0.975,0.961,0.965,0.919,0.929,0.958
5,B1_2,0.948,0.95,0.927,0.902,0.965,1.0,0.959,0.968,0.917,0.926,0.933,0.932,0.974,0.929,0.928,0.962
5,B1_3,0.913,0.97,0.955,0.936,0.986,0.959,1.0,0.982,0.951,0.957,0.978,0.95,0.957,0.918,0.915,0.964
5,A2_1,0.937,0.971,0.97,0.956,0.98,0.968,0.982,1.0,0.961,0.972,0.977,0.975,0.992,0.93,0.938,0.968
5,A2_2,0.877,0.947,0.948,0.966,0.946,0.917,0.951,0.961,1.0,0.969,0.965,0.947,0.942,0.865,0.886,0.919
5,A2_3,0.903,0.95,0.953,0.932,0.965,0.926,0.957,0.972,0.969,1.0,0.982,0.991,0.958,0.913,0.93,0.933
5,B2_1,0.878,0.95,0.958,0.92,0.975,0.933,0.978,0.977,0.965,0.982,1.0,0.97,0.956,0.899,0.896,0.942
5,B2_2,0.932,0.951,0.964,0.932,0.961,0.932,0.95,0.975,0.947,0.991,0.97,1.0,0.97,0.946,0.96,0.949
5,B2_3,0.949,0.958,0.963,0.942,0.965,0.974,0.957,0.992,0.942,0.958,0.956,0.97,1.0,0.935,0.943,0.962
5,y1,0.974,0.952,0.933,0.888,0.919,0.929,0.918,0.93,0.865,0.913,0.899,0.946,0.935,1.0,0.981,0.973
5,y2,0.985,0.949,0.944,0.92,0.929,0.928,0.915,0.938,0.886,0.93,0.896,0.96,0.943,0.981,1.0,0.963
5,y3,0.963,0.981,0.956,0.93,0.958,0.962,0.964,0.968,0.919,0.933,0.942,0.949,0.962,0.973,0.963,1.0
6,.,1.0,0.936,0.904,0.891,0.902,0.939,0.891,0.91,0.848,0.875,0.854,0.897,0.925,0.973,0.986,0.967
6,A1_1,0.936,1.0,0.947,0.948,0.953,0.952,0.969,0.966,0.946,0.945,0.947,0.938,0.957,0.934,0.934,0.97
6,A1_2,0.904,0.947,1.0,0.957,0.966,0.925,0.952,0.97,0.943,0.948,0.961,0.957,0.963,0.899,0.916,0.933
6,A1_3,0.891,0.948,0.957,1.0,0.931,0.907,0.938,0.964,0.965,0.934,0.927,0.932,0.949,0.856,0.892,0.904
6,B1_1,0.902,0.953,0.966,0.931,1.0,0.964,0.983,0.977,0.948,0.962,0.976,0.953,0.964,0.888,0.905,0.929
6,B1_2,0.939,0.952,0.925,0.907,0.964,1.0,0.958,0.963,0.918,0.921,0.933,0.917,0.97,0.913,0.921,0.952
6,B1_3,0.891,0.969,0.952,0.938,0.983,0.958,1.0,0.978,0.951,0.953,0.975,0.942,0.957,0.892,0.893,0.938
6,A2_1,0.91,0.966,0.97,0.964,0.977,0.963,0.978,1.0,0.961,0.969,0.975,0.971,0.993,0.894,0.914,0.935
6,A2_2,0.848,0.946,0.943,0.965,0.948,0.918,0.951,0.961,1.0,0.971,0.969,0.947,0.945,0.832,0.856,0.883
6,A2_3,0.875,0.945,0.948,0.934,0.962,0.921,0.953,0.969,0.971,1.0,0.982,0.99,0.96,0.879,0.902,0.896
6,B2_1,0.854,0.947,0.961,0.927,0.976,0.933,0.975,0.975,0.969,0.982,1.0,0.968,0.961,0.862,0.87,0.905
6,B2_2,0.897,0.938,0.957,0.932,0.953,0.917,0.942,0.971,0.947,0.99,0.968,1.0,0.967,0.906,0.93,0.908
6,B2_3,0.925,0.957,0.963,0.949,0.964,0.97,0.957,0.993,0.945,0.96,0.961,0.967,1.0,0.906,0.923,0.937
6,y1,0.973,0.934,0.899,0.856,0.888,0.913,0.892,0.894,0.832,0.879,0.862,0.906,0.906,1.0,0.977,0.969
6,y2,0.986,0.934,0.916,0.892,0.905,0.921,0.893,0.914,0.856,0.902,0.87,0.93,0.923,0.977,1.0,0.959
6,y3,0.967,0.97,0.933,0.904,0.929,0.952,0.938,0.935,0.883,0.896,0.905,0.908,0.937,0.969,0.959,1.0
7,.,1.0,0.911,0.876,0.862,0.883,0.92,0.876,0.877,0.817,0.854,0.835,0.866,0.888,0.974,0.986,0.969
7,A1_1,0.911,1.0,0.948,0.958,0.957,0.955,0.977,0.97,0.955,0.957,0.956,0.937,0.957,0.904,0.914,0.943
7,A1_2,0.876,0.948,1.0,0.957,0.967,0.931,0.95,0.972,0.939,0.95,0.962,0.957,0.97,0.869,0.894,0.9
7,A1_3,0.862,0.958,0.957,1.0,0.933,0.915,0.945,0.967,0.966,0.942,0.932,0.93,0.952,0.824,0.867,0.869
7,B1_1,0.883,0.957,0.967,0.933,1.0,0.972,0.979,0.977,0.945,0.962,0.977,0.953,0.97,0.869,0.893,0.904
7,B1_2,0.92,0.955,0.931,0.915,0.972,1.0,0.969,0.966,0.924,0.933,0.945,0.923,0.969,0.895,0.91,0.929
7,B1_3,0.876,0.977,0.95,0.945,0.979,0.969,1.0,0.98,0.952,0.953,0.972,0.936,0.961,0.872,0.881,0.918
7,A2_1,0.877,0.97,0.972,0.967,0.977,0.966,0.98,1.0,0.958,0.971,0.976,0.97,0.993,0.86,0.888,0.896
7,A2_2,0.817,0.955,0.939,0.966,0.945,0.924,0.952,0.958,1.0,0.972,0.965,0.936,0.944,0.796,0.827,0.844
7,A2_3,0.854,0.957,0.95,0.942,0.962,0.933,0.953,0.971,0.972,1.0,0.982,0.988,0.967,0.852,0.883,0.87
7,B2_1,0.835,0.956,0.962,0.932,0.977,0.945,0.972,0.976,0.965,0.982,1.0,0.968,0.97,0.837,0.854,0.875
7,B2_2,0.866,0.937,0.957,0.93,0.953,0.923,0.936,0.97,0.936,0.988,0.968,1.0,0.973,0.872,0.904,0.872
7,B2_3,0.888,0.957,0.97,0.952,0.97,0.969,0.961,0.993,0.944,0.967,0.97,0.973,1.0,0.869,0.896,0.895
7,y1,0.974,0.904,0.869,0.824,0.869,0.895,0.872,0.86,0.796,0.852,0.837,0.872,0.869,1.0,0.977,0.974
7,y2,0.986,0.914,0.894,0.867,0.893,0.91,0.881,0.888,0.827,0.883,0.854,0.904,0.896,0.977,1.0,0.962
7,y3,0.969,0.943,0.9,0.869,0.904,0.929,0.918,0.896,0.844,0.87,0.875,0.872,0.895,0.974,0.962,1.0
8,.,1.0,0.891,0.831,0.837,0.849,0.906,0.839,0.851,0.788,0.821,0.781,0.817,0.854,0.964,0.983,0.967
8,A1_1,0.891,1.0,0.935,0.958,0.95,0.952,0.97,0.97,0.957,0.955,0.934,0.92,0.95,0.859,0.89,0.913
8,A1_2,0.831,0.935,1.0,0.948,0.968,0.924,0.941,0.969,0.929,0.939,0.95,0.945,0.97,0.799,0.845,0.842
8,A1_3,0.837,0.958,0.948,1.0,0.931,0.909,0.941,0.97,0.957,0.936,0.902,0.914,0.94,0.778,0.841,0.83
8,B1_1,0.849,0.95,0.968,0.931,1.0,0.965,0.97,0.97,0.944,0.956,0.969,0.945,0.97,0.811,0.855,0.855
8,B1_2,0.906,0.952,0.924,0.909,0.965,1.0,0.963,0.961,0.919,0.92,0.927,0.907,0.966,0.86,0.893,0.907
8,B1_3,0.839,0.97,0.941,0.941,0.97,0.963,1.0,0.974,0.957,0.948,0.957,0.915,0.956,0.813,0.837,0.873
8,A2_1,0.851,0.97,0.969,0.97,0.97,0.961,0.974,1.0,0.952,0.957,0.948,0.951,0.988,0.807,0.856,0.858
8,A2_2,0.788,0.957,0.929,0.957,0.944,0.919,0.957,0.952,1.0,0.973,0.955,0.929,0.934,0.751,0.795,0.803
8,A2_3,0.821,0.955,0.939,0.936,0.956,0.92,0.948,0.957,0.973,1.0,0.973,0.982,0.954,0.806,0.849,0.83
8,B2_1,0.781,0.934,0.95,0.902,0.969,0.927,0.957,0.948,0.955,0.973,1.0,0.956,0.955,0.767,0.799,0.809
8,B2_2,0.817,0.92,0.945,0.914,0.945,0.907,0.915,0.951,0.929,0.982,0.956,1.0,0.964,0.811,0.859,0.81
8,B2_3,0.854,0.95,0.97,0.94,0.97,0.966,0.956,0.988,0.934,0.954,0.955,0.964,1.0,0.818,0.859,0.852
8,y1,0.964,0.859,0.799,0.778,0.811,0.86,0.813,0.807,0.751,0.806,0.767,0.811,0.818,1.0,0.966,0.963
8,y2,0.983,0.89,0.845,0.841,0.855,0.893,0.837,0.856,0.795,0.849,0.799,0.859,0.859,0.966,1.0,0.956
8,y3,0.967,0.913,0.842,0.83,0.855,0.907,0.873,0.858,0.803,0.83,0.809,0.81,0.852,0.963,0.956,1.0
9,.,1.0,0.864,0.799,0.821,0.822,0.885,0.819,0.827,0.762,0.802,0.75,0.788,0.826,0.959,0.982,0.963
9,A1_1,0.864,1.0,0.932,0.961,0.947,0.949,0.97,0.973,0.961,0.958,0.929,0.916,0.949,0.828,0.867,0.881
9,A1_2,0.799,0.932,1.0,0.945,0.966,0.915,0.933,0.965,0.928,0.933,0.942,0.939,0.967,0.758,0.81,0.798
9,A1_3,0.821,0.961,0.945,1.0,0.923,0.903,0.938,0.97,0.956,0.937,0.889,0.905,0.932,0.758,0.827,0.806
9,B1_1,0.822,0.947,0.966,0.923,1.0,0.966,0.968,0.968,0.937,0.95,0.966,0.945,0.975,0.775,0.825,0.82
9,B1_2,0.885,0.949,0.915,0.903,0.966,1.0,0.966,0.958,0.914,0.918,0.925,0.907,0.965,0.833,0.874,0.881
9,B1_3,0.819,0.97,0.933,0.938,0.968,0.966,1.0,0.974,0.955,0.946,0.953,0.911,0.955,0.784,0.816,0.843
9,A2_1,0.827,0.973,0.965,0.97,0.968,0.958,0.974,1.0,0.953,0.958,0.943,0.947,0.985,0.778,0.831,0.825
9,A2_2,0.762,0.961,0.928,0.956,0.937,0.914,0.955,0.953,1.0,0.967,0.943,0.917,0.928,0.723,0.771,0.774
9,A2_3,0.802,0.958,0.933,0.937,0.95,0.918,0.946,0.958,0.967,1.0,0.965,0.978,0.952,0.784,0.83,0.805
9,B2_1,0.75,0.929,0.942,0.889,0.966,0.925,0.953,0.943,0.943,0.965,1.0,0.953,0.953,0.732,0.765,0.775
9,B2_2,0.788,0.916,0.939,0.905,0.945,0.907,0.911,0.947,0.917,0.978,0.953,1.0,0.964,0.781,0.828,0.777
9,B2_3,0.826,0.949,0.967,0.932,0.975,0.965,0.955,0.985,0.928,0.952,0.953,0.964,1.0,0.783,0.83,0.816
9,y1,0.959,0.828,0.758,0.758,0.775,0.833,0.784,0.778,0.723,0.784,0.732,0.781,0.783,1.0,0.966,0.965
9,y2,0.982,0.867,0.81,0.827,0.825,0.874,0.816,0.831,0.771,0.83,0.765,0.828,0.83,0.966,1.0,0.958
9,y3,0.963,0.881,0.798,0.806,0.82,0.881,0.843,0.825,0.774,0.805,0.775,0.777,0.816,0.965,0.958,1.0
10,.,1.0,0.854,0.773,0.809,0.793,0.864,0.799,0.805,0.738,0.773,0.717,0.752,0.8,0.955,0.978,0.956
10,A1_1,0.854,1.0,0.925,0.964,0.939,0.947,0.961,0.972,0.956,0.957,0.918,0.91,0.94,0.813,0.86,0.861
10,A1_2,0.773,0.925,1.0,0.949,0.963,0.912,0.923,0.958,0.924,0.929,0.934,0.932,0.958,0.719,0.784,0.758
10,A1_3,0.809,0.964,0.949,1.0,0.919,0.9,0.928,0.971,0.954,0.946,0.887,0.903,0.924,0.744,0.82,0.788
10,B1_1,0.793,0.939,0.963,0.919,1.0,0.967,0.96,0.965,0.923,0.94,0.96,0.942,0.977,0.733,0.793,0.777
10,B1_2,0.864,0.947,0.912,0.9,0.967,1.0,0.966,0.956,0.906,0.914,0.925,0.912,0.968,0.808,0.856,0.85
10,B1_3,0.799,0.961,0.923,0.928,0.96,0.966,1.0,0.969,0.944,0.935,0.949,0.907,0.95,0.763,0.797,0.816
10,A2_1,0.805,0.972,0.958,0.971,0.965,0.956,0.969,1.0,0.948,0.956,0.941,0.941,0.979,0.75,0.809,0.797
10,A2_2,0.738,0.956,0.924,0.954,0.923,0.906,0.944,0.948,1.0,0.967,0.932,0.91,0.914,0.694,0.75,0.741
10,A2_3,0.773,0.957,0.929,0.946,0.94,0.914,0.935,0.956,0.967,1.0,0.956,0.973,0.944,0.746,0.8,0.765
10,B2_1,0.717,0.918,0.934,0.887,0.96,0.925,0.949,0.941,0.932,0.956,1.0,0.955,0.949,0.694,0.732,0.738
10,B2_2,0.752,0.91,0.932,0.903,0.942,0.912,0.907,0.941,0.91,0.973,0.955,1.0,0.962,0.741,0.793,0.74
10,B2_3,0.8,0.94,0.958,0.924,0.977,0.968,0.95,0.979,0.914,0.944,0.949,0.962,1.0,0.75,0.802,0.781
10,y1,0.955,0.813,0.719,0.744,0.733,0.808,0.763,0.75,0.694,0.746,0.694,0.741,0.75,1.0,0.965,0.965
10,y2,0.978,0.86,0.784,0.82,0.793,0.856,0.797,0.809,0.75,0.8,0.732,0.793,0.802,0.965,1.0,0.957
10,y3,0.956,0.861,0.758,0.788,0.777,0.85,0.816,0.797,0.741,0.765,0.738,0.74,0.781,0.965,0.957,1.0
11,.,1.0,0.821,0.756,0.782,0.764,0.83,0.772,0.777,0.715,0.735,0.68,0.72,0.765,0.951,0.981,0.956
11,A1_1,0.821,1.0,0.928,0.966,0.936,0.944,0.958,0.973,0.962,0.953,0.912,0.906,0.935,0.77,0.826,0.815
11,A1_2,0.756,0.928,1.0,0.951,0.964,0.921,0.924,0.958,0.925,0.926,0.93,0.925,0.958,0.686,0.76,0.723
11,A1_3,0.782,0.966,0.951,1.0,0.922,0.904,0.929,0.973,0.956,0.941,0.883,0.898,0.925,0.704,0.785,0.745
11,B1_1,0.764,0.936,0.964,0.922,1.0,0.973,0.959,0.964,0.923,0.938,0.957,0.939,0.978,0.689,0.755,0.726
11,B1_2,0.83,0.944,0.921,0.904,0.973,1.0,0.972,0.958,0.914,0.918,0.931,0.918,0.969,0.765,0.819,0.8
11,B1_3,0.772,0.958,0.924,0.929,0.959,0.972,1.0,0.965,0.948,0.931,0.947,0.907,0.953,0.726,0.766,0.767
11,A2_1,0.777,0.973,0.958,0.973,0.964,0.958,0.965,1.0,0.949,0.957,0.934,0.943,0.978,0.715,0.781,0.75
11,A2_2,0.715,0.962,0.925,0.956,0.923,0.914,0.948,0.949,1.0,0.966,0.929,0.91,0.917,0.664,0.724,0.704
11,A2_3,0.735,0.953,0.926,0.941,0.938,0.918,0.931,0.957,0.966,1.0,0.955,0.976,0.947,0.699,0.759,0.713
11,B2_1,0.68,0.912,0.93,0.883,0.957,0.931,0.947,0.934,0.929,0.955,1.0,0.953,0.948,0.645,0.692,0.68
11,B2_2,0.72,0.906,0.925,0.898,0.939,0.918,0.907,0.943,0.91,0.976,0.953,1.0,0.965,0.698,0.755,0.691
11,B2_3,0.765,0.935,0.958,0.925,0.978,0.969,0.953,0.978,0.917,0.947,0.948,0.965,1.0,0.707,0.765,0.727
11,y1,0.951,0.77,0.686,0.704,0.689,0.765,0.726,0.715,0.664,0.699,0.645,0.698,0.707,1.0,0.965,0.965
11,y2,0.981,0.826,0.76,0.785,0.755,0.819,0.766,0.781,0.724,0.759,0.692,0.755,0.765,0.965,1.0,0.962
11,y3,0.956,0.815,0.723,0.745,0.726,0.8,0.767,0.75,0.704,0.713,0.68,0.691,0.727,0.965,0.962,1.0
12,.,1.0,0.806,0.737,0.762,0.738,0.807,0.746,0.753,0.687,0.706,0.657,0.686,0.734,0.945,0.976,0.949
12,A1_1,0.806,1.0,0.926,0.965,0.93,0.936,0.94,0.972,0.958,0.952,0.909,0.901,0.924,0.753,0.815,0.805
12,A1_2,0.737,0.926,1.0,0.948,0.962,0.916,0.913,0.951,0.926,0.923,0.932,0.925,0.951,0.666,0.743,0.711
12,A1_3,0.762,0.965,0.948,1.0,0.921,0.898,0.91,0.973,0.954,0.951,0.89,0.903,0.918,0.685,0.769,0.73
12,B1_1,0.738,0.93,0.962,0.921,1.0,0.968,0.951,0.962,0.916,0.936,0.962,0.946,0.98,0.656,0.724,0.696
12,B1_2,0.807,0.936,0.916,0.898,0.968,1.0,0.97,0.953,0.908,0.913,0.936,0.923,0.971,0.738,0.794,0.776
12,B1_3,0.746,0.94,0.913,0.91,0.951,0.97,1.0,0.953,0.933,0.918,0.949,0.909,0.952,0.704,0.737,0.744
12,A2_1,0.753,0.972,0.951,0.973,0.962,0.953,0.953,1.0,0.948,0.96,0.941,0.944,0.97,0.689,0.757,0.732
12,A2_2,0.687,0.958,0.926,0.954,0.916,0.908,0.933,0.948,1.0,0.965,0.924,0.91,0.912,0.64,0.699,0.684
12,A2_3,0.706,0.952,0.923,0.951,0.936,0.913,0.918,0.96,0.965,1.0,0.949,0.971,0.941,0.663,0.728,0.684
12,B2_1,0.657,0.909,0.932,0.89,0.962,0.936,0.949,0.941,0.924,0.949,1.0,0.961,0.958,0.613,0.664,0.657
12,B2_2,0.686,0.901,0.925,0.903,0.946,0.923,0.909,0.944,0.91,0.971,0.961,1.0,0.967,0.661,0.717,0.663
12,B2_3,0.734,0.924,0.951,0.918,0.98,0.971,0.952,0.97,0.912,0.941,0.958,0.967,1.0,0.671,0.729,0.698
12,y1,0.945,0.753,0.666,0.685,0.656,0.738,0.704,0.689,0.64,0.663,0.613,0.661,0.671,1.0,0.961,0.956
12,y2,0.976,0.815,0.743,0.769,0.724,0.794,0.737,0.757,0.699,0.728,0.664,0.717,0.729,0.961,1.0,0.959
12,y3,0.949,0.805,0.711,0.73,0.696,0.776,0.744,0.732,0.684,0.684,0.657,0.663,0.698,0.956,0.959,1.0
13,.,1.0,0.774,0.674,0.705,0.709,0.76,0.726,0.721,0.647,0.665,0.605,0.649,0.696,0.954,0.984,0.953
13,A1_1,0.774,1.0,0.91,0.955,0.927,0.939,0.963,0.966,0.96,0.945,0.894,0.898,0.924,0.723,0.783,0.762
13,A1_2,0.674,0.91,1.0,0.947,0.956,0.92,0.936,0.949,0.923,0.916,0.919,0.913,0.952,0.598,0.674,0.64
13,A1_3,0.705,0.955,0.947,1.0,0.918,0.901,0.936,0.967,0.958,0.935,0.865,0.899,0.923,0.63,0.709,0.666
13,B1_1,0.709,0.927,0.956,0.918,1.0,0.976,0.973,0.952,0.927,0.937,0.956,0.934,0.972,0.645,0.697,0.661
13,B1_2,0.76,0.939,0.92,0.901,0.976,1.0,0.986,0.958,0.924,0.919,0.935,0.913,0.972,0.704,0.747,0.717
13,B1_3,0.726,0.963,0.936,0.936,0.973,0.986,1.0,0.975,0.952,0.932,0.943,0.91,0.967,0.668,0.717,0.701
13,A2_1,0.721,0.966,0.949,0.967,0.952,0.958,0.975,1.0,0.945,0.946,0.907,0.928,0.976,0.662,0.722,0.689
13,A2_2,0.647,0.96,0.923,0.958,0.927,0.924,0.952,0.945,1.0,0.962,0.92,0.919,0.924,0.593,0.657,0.625
13,A2_3,0.665,0.945,0.916,0.935,0.937,0.919,0.932,0.946,0.962,1.0,0.939,0.982,0.945,0.633,0.692,0.638
13,B2_1,0.605,0.894,0.919,0.865,0.956,0.935,0.943,0.907,0.92,0.939,1.0,0.946,0.936,0.572,0.616,0.591
13,B2_2,0.649,0.898,0.913,0.899,0.934,0.913,0.91,0.928,0.919,0.982,0.946,1.0,0.951,0.633,0.683,0.612
13,B2_3,0.696,0.924,0.952,0.923,0.972,0.972,0.967,0.976,0.924,0.945,0.936,0.951,1.0,0.644,0.691,0.65
13,y1,0.954,0.723,0.598,0.63,0.645,0.704,0.668,0.662,0.593,0.633,0.572,0.633,0.644,1.0,0.967,0.956
13,y2,0.984,0.783,0.674,0.709,0.697,0.747,0.717,0.722,0.657,0.692,0.616,0.683,0.691,0.967,1.0,0.963
13,y3,0.953,0.762,0.64,0.666,0.661,0.717,0.701,0.689,0.625,0.638,0.591,0.612,0.65,0.956,0.963,1.0
14,.,1.0,0.763,0.67,0.696,0.675,0.753,0.71,0.706,0.624,0.64,0.597,0.635,0.686,0.952,0.98,0.946
14,A1_1,0.763,1.0,0.925,0.963,0.916,0.929,0.957,0.969,0.957,0.948,0.903,0.899,0.928,0.715,0.774,0.75
14,A1_2,0.67,0.925,1.0,0.956,0.953,0.918,0.942,0.956,0.93,0.921,0.931,0.916,0.954,0.599,0.668,0.634
14,A1_3,0.696,0.963,0.956,1.0,0.912,0.903,0.942,0.98,0.959,0.954,0.898,0.908,0.938,0.622,0.701,0.656
14,B1_1,0.675,0.916,0.953,0.912,1.0,0.978,0.977,0.944,0.911,0.925,0.968,0.939,0.973,0.601,0.659,0.617
14,B1_2,0.753,0.929,0.918,0.903,0.978,1.0,0.983,0.947,0.902,0.908,0.939,0.921,0.973,0.692,0.739,0.702
14,B1_3,0.71,0.957,0.942,0.942,0.977,0.983,1.0,0.97,0.94,0.931,0.953,0.919,0.972,0.646,0.698,0.671
14,A2_1,0.706,0.969,0.956,0.98,0.944,0.947,0.97,1.0,0.945,0.956,0.923,0.935,0.976,0.644,0.706,0.665
14,A2_2,0.624,0.957,0.93,0.959,0.911,0.902,0.94,0.945,1.0,0.97,0.927,0.918,0.917,0.576,0.64,0.608
14,A2_3,0.64,0.948,0.921,0.954,0.925,0.908,0.931,0.956,0.97,1.0,0.943,0.973,0.946,0.598,0.659,0.601
14,B2_1,0.597,0.903,0.931,0.898,0.968,0.939,0.953,0.923,0.927,0.943,1.0,0.956,0.948,0.558,0.604,0.579
14,B2_2,0.635,0.899,0.916,0.908,0.939,0.921,0.919,0.935,0.918,0.973,0.956,1.0,0.96,0.611,0.66,0.587
14,B2_3,0.686,0.928,0.954,0.938,0.973,0.973,0.972,0.976,0.917,0.946,0.948,0.96,1.0,0.627,0.679,0.63
14,y1,0.952,0.715,0.599,0.622,0.601,0.692,0.646,0.644,0.576,0.598,0.558,0.611,0.627,1.0,0.966,0.95
14,y2,0.98,0.774,0.668,0.701,0.659,0.739,0.698,0.706,0.64,0.659,0.604,0.66,0.679,0.966,1.0,0.963
14,y3,0.946,0.75,0.634,0.656,0.617,0.702,0.671,0.665,0.608,0.601,0.579,0.587,0.63,0.95,0.963,1.0
15,.,1.0,0.727,0.626,0.657,0.631,0.714,0.665,0.67,0.574,0.591,0.539,0.577,0.643,0.934,0.974,0.937
15,A1_1,0.727,1.0,0.906,0.959,0.906,0.925,0.949,0.964,0.954,0.941,0.882,0.88,0.913,0.674,0.753,0.724
15,A1_2,0.626,0.906,1.0,0.947,0.958,0.916,0.935,0.947,0.919,0.899,0.917,0.913,0.948,0.55,0.64,0.6
15,A1_3,0.657,0.959,0.947,1.0,0.913,0.896,0.934,0.976,0.954,0.935,0.87,0.887,0.918,0.581,0.674,0.625
15,B1_1,0.631,0.906,0.958,0.913,1.0,0.97,0.965,0.943,0.907,0.92,0.956,0.942,0.978,0.552,0.625,0.577
15,B1_2,0.714,0.925,0.916,0.896,0.97,1.0,0.982,0.945,0.9,0.898,0.935,0.916,0.971,0.653,0.712,0.679
15,B1_3,0.665,0.949,0.935,0.934,0.965,0.982,1.0,0.964,0.939,0.919,0.945,0.91,0.968,0.602,0.666,0.643
15,A2_1,0.67,0.964,0.947,0.976,0.943,0.945,0.964,1.0,0.939,0.939,0.895,0.911,0.965,0.604,0.681,0.638
15,A2_2,0.574,0.954,0.919,0.954,0.907,0.9,0.939,0.939,1.0,0.959,0.911,0.906,0.907,0.526,0.603,0.567
15,A2_3,0.591,0.941,0.899,0.935,0.92,0.898,0.919,0.939,0.959,1.0,0.924,0.963,0.929,0.561,0.625,0.571
15,B2_1,0.539,0.882,0.917,0.87,0.956,0.935,0.945,0.895,0.911,0.924,1.0,0.958,0.942,0.506,0.561,0.534
15,B2_2,0.577,0.88,0.913,0.887,0.942,0.916,0.91,0.911,0.906,0.963,0.958,1.0,0.95,0.56,0.612,0.547
15,B2_3,0.643,0.913,0.948,0.918,0.978,0.971,0.968,0.965,0.907,0.929,0.942,0.95,1.0,0.583,0.643,0.6
15,y1,0.934,0.674,0.55,0.581,0.552,0.653,0.602,0.604,0.526,0.561,0.506,0.56,0.583,1.0,0.943,0.933
15,y2,0.974,0.753,0.64,0.674,0.625,0.712,0.666,0.681,0.603,0.625,0.561,0.612,0.643,0.943,1.0,0.964
15,y3,0.937,0.724,0.6,0.625,0.577,0.679,0.643,0.638,0.567,0.571,0.534,0.547,0.6,0.933,0.964,1.0
16,.,1.0,0.703,0.582,0.617,0.583,0.68,0.626,0.641,0.55,0.569,0.5,0.55,0.608,0.946,0.975,0.945
16,A1_1,0.703,1.0,0.899,0.952,0.892,0.913,0.938,0.959,0.953,0.945,0.867,0.878,0.899,0.656,0.733,0.696
16,A1_2,0.582,0.899,1.0,0.949,0.958,0.923,0.952,0.939,0.926,0.9,0.925,0.915,0.948,0.509,0.588,0.554
16,A1_3,0.617,0.952,0.949,1.0,0.908,0.889,0.935,0.973,0.954,0.938,0.864,0.895,0.914,0.549,0.634,0.585
16,B1_1,0.583,0.892,0.958,0.908,1.0,0.969,0.97,0.92,0.913,0.918,0.963,0.943,0.967,0.521,0.581,0.536
16,B1_2,0.68,0.913,0.923,0.889,0.969,1.0,0.983,0.934,0.904,0.9,0.937,0.92,0.972,0.627,0.679,0.642
16,B1_3,0.626,0.938,0.952,0.935,0.97,0.983,1.0,0.965,0.946,0.924,0.942,0.916,0.977,0.563,0.624,0.595
16,A2_1,0.641,0.959,0.939,0.973,0.92,0.934,0.965,1.0,0.939,0.939,0.879,0.906,0.956,0.583,0.652,0.612
16,A2_2,0.55,0.953,0.926,0.954,0.913,0.904,0.946,0.939,1.0,0.963,0.907,0.909,0.913,0.507,0.58,0.539
16,A2_3,0.569,0.945,0.9,0.938,0.918,0.9,0.924,0.939,0.963,1.0,0.912,0.957,0.928,0.546,0.612,0.557
16,B2_1,0.5,0.867,0.925,0.864,0.963,0.937,0.942,0.879,0.907,0.912,1.0,0.953,0.94,0.473,0.524,0.493
16,B2_2,0.55,0.878,0.915,0.895,0.943,0.92,0.916,0.906,0.909,0.957,0.953,1.0,0.951,0.536,0.592,0.522
16,B2_3,0.608,0.899,0.948,0.914,0.967,0.972,0.977,0.956,0.913,0.928,0.94,0.951,1.0,0.557,0.608,0.568
16,y1,0.946,0.656,0.509,0.549,0.521,0.627,0.563,0.583,0.507,0.546,0.473,0.536,0.557,1.0,0.954,0.941
16,y2,0.975,0.733,0.588,0.634,0.581,0.679,0.624,0.652,0.58,0.612,0.524,0.592,0.608,0.954,1.0,0.967
16,y3,0.945,0.696,0.554,0.585,0.536,0.642,0.595,0.612,0.539,0.557,0.493,0.522,0.568,0.941,0.967,1.0
17,.,1.0,0.686,0.56,0.569,0.568,0.65,0.611,0.626,0.533,0.552,0.49,0.536,0.597,0.942,0.975,0.944
17,A1_1,0.686,1.0,0.9,0.944,0.881,0.909,0.942,0.961,0.957,0.947,0.866,0.877,0.904,0.652,0.711,0.685
17,A1_2,0.56,0.9,1.0,0.95,0.942,0.917,0.948,0.939,0.936,0.909,0.924,0.918,0.95,0.499,0.566,0.545
17,A1_3,0.569,0.944,0.95,1.0,0.896,0.877,0.925,0.966,0.957,0.94,0.855,0.885,0.913,0.516,0.582,0.554
17,B1_1,0.568,0.881,0.942,0.896,1.0,0.959,0.956,0.904,0.903,0.921,0.95,0.936,0.953,0.523,0.567,0.531
17,B1_2,0.65,0.909,0.917,0.877,0.959,1.0,0.984,0.93,0.907,0.9,0.943,0.919,0.969,0.616,0.652,0.623
17,B1_3,0.611,0.942,0.948,0.925,0.956,0.984,1.0,0.964,0.947,0.928,0.948,0.918,0.976,0.566,0.612,0.59
17,A2_1,0.626,0.961,0.939,0.966,0.904,0.93,0.964,1.0,0.946,0.945,0.879,0.906,0.961,0.583,0.635,0.606
17,A2_2,0.533,0.957,0.936,0.957,0.903,0.907,0.947,0.946,1.0,0.962,0.905,0.906,0.918,0.506,0.561,0.531
17,A2_3,0.552,0.947,0.909,0.94,0.921,0.9,0.928,0.945,0.962,1.0,0.908,0.953,0.931,0.546,0.593,0.55
17,B2_1,0.49,0.866,0.924,0.855,0.95,0.943,0.948,0.879,0.905,0.908,1.0,0.951,0.937,0.478,0.518,0.491
17,B2_2,0.536,0.877,0.918,0.885,0.936,0.919,0.918,0.906,0.906,0.953,0.951,1.0,0.951,0.535,0.581,0.513
17,B2_3,0.597,0.904,0.95,0.913,0.953,0.969,0.976,0.961,0.918,0.931,0.937,0.951,1.0,0.559,0.598,0.565
17,y1,0.942,0.652,0.499,0.516,0.523,0.616,0.566,0.583,0.506,0.546,0.478,0.535,0.559,1.0,0.959,0.942
17,y2,0.975,0.711,0.566,0.582,0.567,0.652,0.612,0.635,0.561,0.593,0.518,0.581,0.598,0.959,1.0,0.965
17,y3,0.944,0.685,0.545,0.554,0.531,0.623,0.59,0.606,0.531,0.55,0.491,0.513,0.565,0.942,0.965,1.0
18,.,1.0,0.685,0.582,0.614,0.586,0.667,0.618,0.645,0.559,0.586,0.512,0.559,0.616,0.932,0.97,0.924
18,A1_1,0.685,1.0,0.92,0.966,0.891,0.917,0.944,0.969,0.971,0.965,0.885,0.895,0.917,0.628,0.71,0.664
18,A1_2,0.582,0.92,1.0,0.962,0.946,0.924,0.95,0.95,0.951,0.947,0.942,0.93,0.954,0.508,0.598,0.549
18,A1_3,0.614,0.966,0.962,1.0,0.901,0.899,0.935,0.976,0.978,0.973,0.889,0.909,0.929,0.54,0.633,0.576
18,B1_1,0.586,0.891,0.946,0.901,1.0,0.972,0.97,0.914,0.909,0.928,0.969,0.945,0.961,0.533,0.591,0.534
18,B1_2,0.667,0.917,0.924,0.899,0.972,1.0,0.986,0.94,0.915,0.923,0.952,0.932,0.972,0.618,0.676,0.623
18,B1_3,0.618,0.944,0.95,0.935,0.97,0.986,1.0,0.961,0.952,0.946,0.962,0.93,0.973,0.56,0.628,0.585
18,A2_1,0.645,0.969,0.95,0.976,0.914,0.94,0.961,1.0,0.962,0.968,0.903,0.926,0.968,0.582,0.662,0.606
18,A2_2,0.559,0.971,0.951,0.978,0.909,0.915,0.952,0.962,1.0,0.979,0.918,0.916,0.928,0.504,0.589,0.538
18,A2_3,0.586,0.965,0.947,0.973,0.928,0.923,0.946,0.968,0.979,1.0,0.929,0.964,0.953,0.542,0.621,0.549
18,B2_1,0.512,0.885,0.942,0.889,0.969,0.952,0.962,0.903,0.918,0.929,1.0,0.96,0.949,0.485,0.548,0.501
18,B2_2,0.559,0.895,0.93,0.909,0.945,0.932,0.93,0.926,0.916,0.964,0.96,1.0,0.964,0.545,0.608,0.525
18,B2_3,0.616,0.917,0.954,0.929,0.961,0.972,0.973,0.968,0.928,0.953,0.949,0.964,1.0,0.561,0.628,0.562
18,y1,0.932,0.628,0.508,0.54,0.533,0.618,0.56,0.582,0.504,0.542,0.485,0.545,0.561,1.0,0.956,0.942
18,y2,0.97,0.71,0.598,0.633,0.591,0.676,0.628,0.662,0.589,0.621,0.548,0.608,0.628,0.956,1.0,0.966
18,y3,0.924,0.664,0.549,0.576,0.534,0.623,0.585,0.606,0.538,0.549,0.501,0.525,0.562,0.942,0.966,1.0
19,.,1.0,0.649,0.531,0.534,0.547,0.617,0.578,0.607,0.513,0.511,0.453,0.503,0.58,0.908,0.959,0.909
19,A1_1,0.649,1.0,0.906,0.936,0.85,0.887,0.927,0.964,0.969,0.949,0.833,0.854,0.886,0.613,0.685,0.663
19,A1_2,0.531,0.906,1.0,0.945,0.917,0.889,0.929,0.94,0.939,0.919,0.89,0.908,0.934,0.474,0.552,0.534
19,A1_3,0.534,0.936,0.945,1.0,0.863,0.834,0.887,0.951,0.952,0.948,0.793,0.838,0.869,0.482,0.552,0.538
19,B1_1,0.547,0.85,0.917,0.863,1.0,0.951,0.944,0.871,0.868,0.9,0.934,0.932,0.94,0.512,0.556,0.513
19,B1_2,0.617,0.887,0.889,0.834,0.951,1.0,0.983,0.907,0.882,0.877,0.945,0.921,0.96,0.592,0.636,0.599
19,B1_3,0.578,0.927,0.929,0.887,0.944,0.983,1.0,0.947,0.936,0.921,0.95,0.926,0.97,0.54,0.595,0.568
19,A2_1,0.607,0.964,0.94,0.951,0.871,0.907,0.947,1.0,0.954,0.942,0.847,0.885,0.943,0.559,0.627,0.598
19,A2_2,0.513,0.969,0.939,0.952,0.868,0.882,0.936,0.954,1.0,0.966,0.863,0.875,0.896,0.485,0.552,0.527
19,A2_3,0.511,0.949,0.919,0.948,0.9,0.877,0.921,0.942,0.966,1.0,0.869,0.915,0.905,0.504,0.559,0.531
19,B2_1,0.453,0.833,0.89,0.793,0.934,0.945,0.95,0.847,0.863,0.869,1.0,0.956,0.933,0.459,0.506,0.473
19,B2_2,0.503,0.854,0.908,0.838,0.932,0.921,0.926,0.885,0.875,0.915,0.956,1.0,0.955,0.508,0.56,0.49
19,B2_3,0.58,0.886,0.934,0.869,0.94,0.96,0.97,0.943,0.896,0.905,0.933,0.955,1.0,0.54,0.589,0.541
19,y1,0.908,0.613,0.474,0.482,0.512,0.592,0.54,0.559,0.485,0.504,0.459,0.508,0.54,1.0,0.952,0.922
19,y2,0.959,0.685,0.552,0.552,0.556,0.636,0.595,0.627,0.552,0.559,0.506,0.56,0.589,0.952,1.0,0.96
19,y3,0.909,0.663,0.534,0.538,0.513,0.599,0.568,0.598,0.527,0.531,0.473,0.49,0.541,0.922,0.96,1.0
20,.,1.0,0.617,0.481,0.473,0.444,0.585,0.581,0.561,0.496,0.494,0.425,0.483,0.537,0.898,0.944,0.9
20,A1_1,0.617,1.0,0.892,0.933,0.792,0.864,0.926,0.962,0.974,0.957,0.811,0.836,0.862,0.607,0.668,0.636
20,A1_2,0.481,0.892,1.0,0.916,0.888,0.89,0.912,0.911,0.931,0.905,0.892,0.899,0.92,0.478,0.522,0.474
20,A1_3,0.473,0.933,0.916,1.0,0.843,0.816,0.871,0.943,0.953,0.947,0.769,0.809,0.833,0.467,0.513,0.483
20,B1_1,0.444,0.792,0.888,0.843,1.0,0.915,0.895,0.799,0.831,0.865,0.889,0.871,0.884,0.449,0.471,0.418
20,B1_2,0.585,0.864,0.89,0.816,0.915,1.0,0.976,0.883,0.867,0.865,0.94,0.921,0.963,0.566,0.616,0.556
20,B1_3,0.581,0.926,0.912,0.871,0.895,0.976,1.0,0.933,0.93,0.926,0.944,0.928,0.963,0.586,0.627,0.587
20,A2_1,0.561,0.962,0.911,0.943,0.799,0.883,0.933,1.0,0.96,0.947,0.82,0.866,0.913,0.537,0.596,0.563
20,A2_2,0.496,0.974,0.931,0.953,0.831,0.867,0.93,0.96,1.0,0.973,0.838,0.85,0.88,0.498,0.55,0.515
20,A2_3,0.494,0.957,0.905,0.947,0.865,0.865,0.926,0.947,0.973,1.0,0.842,0.887,0.888,0.516,0.561,0.523
20,B2_1,0.425,0.811,0.892,0.769,0.889,0.94,0.944,0.82,0.838,0.842,1.0,0.944,0.939,0.454,0.497,0.449
20,B2_2,0.483,0.836,0.899,0.809,0.871,0.921,0.928,0.866,0.85,0.887,0.944,1.0,0.964,0.497,0.555,0.464
20,B2_3,0.537,0.862,0.92,0.833,0.884,0.963,0.963,0.913,0.88,0.888,0.939,0.964,1.0,0.517,0.561,0.499
20,y1,0.898,0.607,0.478,0.467,0.449,0.566,0.586,0.537,0.498,0.516,0.454,0.497,0.517,1.0,0.95,0.925
20,y2,0.944,0.668,0.522,0.513,0.471,0.616,0.627,0.596,0.55,0.561,0.497,0.555,0.561,0.95,1.0,0.949
20,y3,0.9,0.636,0.474,0.483,0.418,0.556,0.587,0.563,0.515,0.523,0.449,0.464,0.499,0.925,0.949,1.0
21,.,1.0,0.626,0.522,0.569,0.508,0.609,0.55,0.583,0.5,0.501,0.432,0.476,0.565,0.856,0.912,0.847
21,A1_1,0.626,1.0,0.928,0.971,0.832,0.869,0.895,0.965,0.977,0.966,0.807,0.808,0.851,0.587,0.679,0.648
21,A1_2,0.522,0.928,1.0,0.958,0.901,0.892,0.916,0.955,0.947,0.938,0.874,0.872,0.905,0.475,0.564,0.541
21,A1_3,0.569,0.971,0.958,1.0,0.829,0.848,0.881,0.982,0.974,0.968,0.793,0.81,0.852,0.51,0.607,0.574
21,B1_1,0.508,0.832,0.901,0.829,1.0,0.973,0.967,0.855,0.844,0.867,0.968,0.952,0.963,0.476,0.548,0.482
21,B1_2,0.609,0.869,0.892,0.848,0.973,1.0,0.982,0.891,0.855,0.863,0.947,0.927,0.972,0.572,0.649,0.591
21,B1_3,0.55,0.895,0.916,0.881,0.967,0.982,1.0,0.911,0.899,0.905,0.955,0.923,0.963,0.516,0.588,0.543
21,A2_1,0.583,0.965,0.955,0.982,0.855,0.891,0.911,1.0,0.959,0.958,0.818,0.835,0.896,0.531,0.617,0.582
21,A2_2,0.5,0.977,0.947,0.974,0.844,0.855,0.899,0.959,1.0,0.982,0.828,0.827,0.852,0.476,0.566,0.534
21,A2_3,0.501,0.966,0.938,0.968,0.867,0.863,0.905,0.958,0.982,1.0,0.845,0.864,0.875,0.482,0.561,0.516
21,B2_1,0.432,0.807,0.874,0.793,0.968,0.947,0.955,0.818,0.828,0.845,1.0,0.962,0.942,0.456,0.523,0.47
21,B2_2,0.476,0.808,0.872,0.81,0.952,0.927,0.923,0.835,0.827,0.864,0.962,1.0,0.966,0.476,0.547,0.459
21,B2_3,0.565,0.851,0.905,0.852,0.963,0.972,0.963,0.896,0.852,0.875,0.942,0.966,1.0,0.511,0.585,0.511
21,y1,0.856,0.587,0.475,0.51,0.476,0.572,0.516,0.531,0.476,0.482,0.456,0.476,0.511,1.0,0.946,0.92
21,y2,0.912,0.679,0.564,0.607,0.548,0.649,0.588,0.617,0.566,0.561,0.523,0.547,0.585,0.946,1.0,0.963
21,y3,0.847,0.648,0.541,0.574,0.482,0.591,0.543,0.582,0.534,0.516,0.47,0.459,0.511,0.92,0.963,1.0
22,.,1.0,0.625,0.517,0.563,0.495,0.61,0.552,0.58,0.499,0.512,0.44,0.484,0.563,0.852,0.901,0.838
22,A1_1,0.625,1.0,0.923,0.972,0.803,0.857,0.892,0.967,0.978,0.971,0.797,0.802,0.844,0.607,0.687,0.653
22,A1_2,0.517,0.923,1.0,0.952,0.881,0.884,0.918,0.951,0.944,0.937,0.872,0.867,0.901,0.492,0.57,0.543
22,A1_3,0.563,0.972,0.952,1.0,0.788,0.828,0.873,0.981,0.977,0.97,0.773,0.792,0.834,0.528,0.613,0.58
22,B1_1,0.495,0.803,0.881,0.788,1.0,0.971,0.964,0.822,0.808,0.835,0.971,0.944,0.959,0.484,0.552,0.483
22,B1_2,0.61,0.857,0.884,0.828,0.971,1.0,0.98,0.875,0.839,0.855,0.949,0.927,0.972,0.593,0.661,0.601
22,B1_3,0.552,0.892,0.918,0.873,0.964,0.98,1.0,0.907,0.892,0.903,0.955,0.919,0.963,0.537,0.604,0.556
22,A2_1,0.58,0.967,0.951,0.981,0.822,0.875,0.907,1.0,0.963,0.966,0.807,0.825,0.883,0.549,0.622,0.589
22,A2_2,0.499,0.978,0.944,0.977,0.808,0.839,0.892,0.963,1.0,0.983,0.807,0.809,0.839,0.495,0.577,0.545
22,A2_3,0.512,0.971,0.937,0.97,0.835,0.855,0.903,0.966,0.983,1.0,0.829,0.853,0.869,0.515,0.587,0.536
22,B2_1,0.44,0.797,0.872,0.773,0.971,0.949,0.955,0.807,0.807,0.829,1.0,0.958,0.947,0.481,0.544,0.486
22,B2_2,0.484,0.802,0.867,0.792,0.944,0.927,0.919,0.825,0.809,0.853,0.958,1.0,0.969,0.503,0.572,0.48
22,B2_3,0.563,0.844,0.901,0.834,0.959,0.972,0.963,0.883,0.839,0.869,0.947,0.969,1.0,0.53,0.599,0.525
22,y1,0.852,0.607,0.492,0.528,0.484,0.593,0.537,0.549,0.495,0.515,0.481,0.503,0.53,1.0,0.953,0.932
22,y2,0.901,0.687,0.57,0.613,0.552,0.661,0.604,0.622,0.577,0.587,0.544,0.572,0.599,0.953,1.0,0.964
22,y3,0.838,0.653,0.543,0.58,0.483,0.601,0.556,0.589,0.545,0.536,0.486,0.48,0.525,0.932,0.964,1.0
23,.,1.0,0.616,0.498,0.55,0.478,0.6,0.549,0.568,0.488,0.506,0.439,0.483,0.567,0.834,0.879,0.809
23,A1_1,0.616,1.0,0.921,0.973,0.766,0.838,0.882,0.969,0.977,0.971,0.778,0.782,0.823,0.624,0.688,0.664
23,A1_2,0.498,0.921,1.0,0.95,0.854,0.871,0.91,0.946,0.943,0.938,0.86,0.853,0.882,0.507,0.565,0.547
23,A1_3,0.55,0.973,0.95,1.0,0.75,0.807,0.86,0.982,0.979,0.974,0.754,0.773,0.809,0.544,0.613,0.59
23,B1_1,0.478,0.766,0.854,0.75,1.0,0.966,0.958,0.777,0.764,0.798,0.969,0.937,0.954,0.487,0.546,0.477
23,B1_2,0.6,0.838,0.871,0.807,0.966,1.0,0.979,0.849,0.813,0.835,0.953,0.927,0.974,0.609,0.667,0.605
23,B1_3,0.549,0.882,0.91,0.86,0.958,0.979,1.0,0.89,0.873,0.891,0.955,0.916,0.961,0.56,0.615,0.57
23,A2_1,0.568,0.969,0.946,0.982,0.777,0.849,0.89,1.0,0.964,0.969,0.782,0.797,0.85,0.566,0.621,0.598
23,A2_2,0.488,0.977,0.943,0.979,0.764,0.813,0.873,0.964,1.0,0.982,0.781,0.783,0.809,0.512,0.58,0.559
23,A2_3,0.506,0.971,0.938,0.974,0.798,0.835,0.891,0.969,0.982,1.0,0.808,0.833,0.846,0.534,0.593,0.548
23,B2_1,0.439,0.778,0.86,0.754,0.969,0.953,0.955,0.782,0.781,0.808,1.0,0.955,0.948,0.505,0.561,0.503
23,B2_2,0.483,0.782,0.853,0.773,0.937,0.927,0.916,0.797,0.783,0.833,0.955,1.0,0.972,0.519,0.579,0.486
23,B2_3,0.567,0.823,0.882,0.809,0.954,0.974,0.961,0.85,0.809,0.846,0.948,0.972,1.0,0.554,0.612,0.536
23,y1,0.834,0.624,0.507,0.544,0.487,0.609,0.56,0.566,0.512,0.534,0.505,0.519,0.554,1.0,0.961,0.94
23,y2,0.879,0.688,0.565,0.613,0.546,0.667,0.615,0.621,0.58,0.593,0.561,0.579,0.612,0.961,1.0,0.961
23,y3,0.809,0.664,0.547,0.59,0.477,0.605,0.57,0.598,0.559,0.548,0.503,0.486,0.536,0.94,0.961,1.0
24,.,1.0,0.605,0.488,0.543,0.461,0.582,0.534,0.56,0.48,0.5,0.417,0.472,0.547,0.828,0.861,0.795
24,A1_1,0.605,1.0,0.92,0.973,0.736,0.811,0.863,0.971,0.977,0.973,0.753,0.762,0.793,0.625,0.683,0.656
24,A1_2,0.488,0.92,1.0,0.949,0.833,0.854,0.902,0.943,0.944,0.937,0.843,0.84,0.863,0.513,0.567,0.543
24,A1_3,0.543,0.973,0.949,1.0,0.72,0.781,0.843,0.981,0.976,0.974,0.731,0.756,0.78,0.547,0.613,0.585
24,B1_1,0.461,0.736,0.833,0.72,1.0,0.968,0.956,0.739,0.738,0.77,0.97,0.936,0.957,0.482,0.54,0.466
24,B1_2,0.582,0.811,0.854,0.781,0.968,1.0,0.978,0.815,0.79,0.814,0.954,0.927,0.975,0.604,0.659,0.592
24,B1_3,0.534,0.863,0.902,0.843,0.956,0.978,1.0,0.869,0.859,0.875,0.956,0.915,0.961,0.556,0.61,0.558
24,A2_1,0.56,0.971,0.943,0.981,0.739,0.815,0.869,1.0,0.965,0.967,0.751,0.769,0.811,0.567,0.619,0.594
24,A2_2,0.48,0.977,0.944,0.976,0.738,0.79,0.859,0.965,1.0,0.984,0.761,0.767,0.785,0.521,0.582,0.554
24,A2_3,0.5,0.973,0.937,0.974,0.77,0.814,0.875,0.967,0.984,1.0,0.786,0.816,0.821,0.539,0.597,0.549
24,B2_1,0.417,0.753,0.843,0.731,0.97,0.954,0.956,0.751,0.761,0.786,1.0,0.951,0.951,0.498,0.553,0.491
24,B2_2,0.472,0.762,0.84,0.756,0.936,0.927,0.915,0.769,0.767,0.816,0.951,1.0,0.973,0.513,0.574,0.483
24,B2_3,0.547,0.793,0.863,0.78,0.957,0.975,0.961,0.811,0.785,0.821,0.951,0.973,1.0,0.544,0.6,0.521
24,y1,0.828,0.625,0.513,0.547,0.482,0.604,0.556,0.567,0.521,0.539,0.498,0.513,0.544,1.0,0.967,0.952
24,y2,0.861,0.683,0.567,0.613,0.54,0.659,0.61,0.619,0.582,0.597,0.553,0.574,0.6,0.967,1.0,0.965
24,y3,0.795,0.656,0.543,0.585,0.466,0.592,0.558,0.594,0.554,0.549,0.491,0.483,0.521,0.952,0.965,1.0
25,.,1.0,0.585,0.47,0.531,0.443,0.565,0.514,0.53,0.451,0.471,0.385,0.442,0.523,0.796,0.832,0.746
