,,.,A1_1,A1_2,A1_3,B1_1,B1_2,B1_3,A2_1,A2_2,A2_3,B2_1,B2_2,B2_3,y1,y2,y3
0,.,1.0,0.491,0.536,0.5,0.715,0.587,0.686,0.449,0.804,0.712,0.792,0.632,0.75,0.601,0.797,0.664
0,A1_1,0.491,1.0,0.967,0.93,0.719,0.655,0.622,0.88,0.797,0.883,0.82,0.753,0.644,0.462,0.652,0.761
0,A1_2,0.536,0.967,1.0,0.942,0.706,0.694,0.693,0.871,0.852,0.888,0.803,0.746,0.657,0.497,0.662,0.73
0,A1_3,0.5,0.93,0.942,1.0,0.627,0.588,0.583,0.915,0.852,0.829,0.786,0.684,0.572,0.533,0.647,0.72
0,B1_1,0.715,0.719,0.706,0.627,1.0,0.866,0.829,0.442,0.772,0.855,0.923,0.941,0.917,0.551,0.684,0.764
0,B1_2,0.587,0.655,0.694,0.588,0.866,1.0,0.863,0.413,0.651,0.785,0.756,0.839,0.885,0.521,0.556,0.644
0,B1_3,0.686,0.622,0.693,0.583,0.829,0.863,1.0,0.442,0.737,0.868,0.759,0.818,0.875,0.501,0.592,0.658
0,A2_1,0.449,0.88,0.871,0.915,0.442,0.413,0.442,1.0,0.736,0.741,0.681,0.49,0.413,0.441,0.592,0.631
0,A2_2,0.804,0.797,0.852,0.852,0.772,0.651,0.737,0.736,1.0,0.896,0.877,0.765,0.755,0.634,0.72,0.707
0,A2_3,0.712,0.883,0.888,0.829,0.855,0.785,0.868,0.741,0.896,1.0,0.911,0.844,0.874,0.605,0.735,0.795
0,B2_1,0.792,0.82,0.803,0.786,0.923,0.756,0.759,0.681,0.877,0.911,1.0,0.889,0.863,0.688,0.845,0.874
0,B2_2,0.632,0.753,0.746,0.684,0.941,0.839,0.818,0.49,0.765,0.844,0.889,1.0,0.861,0.517,0.67,0.832
0,B2_3,0.75,0.644,0.657,0.572,0.917,0.885,0.875,0.413,0.755,0.874,0.863,0.861,1.0,0.667,0.73,0.759
0,y1,0.601,0.462,0.497,0.533,0.551,0.521,0.501,0.441,0.634,0.605,0.688,0.517,0.667,1.0,0.746,0.695
0,y2,0.797,0.652,0.662,0.647,0.684,0.556,0.592,0.592,0.72,0.735,0.845,0.67,0.73,0.746,1.0,0.912
0,y3,0.664,0.761,0.73,0.72,0.764,0.644,0.658,0.631,0.707,0.795,0.874,0.832,0.759,0.695,0.912,1.0
1,.,1.0,0.501,0.545,0.513,0.732,0.596,0.702,0.461,0.817,0.735,0.809,0.648,0.765,0.607,0.798,0.673
1,A1_1,0.501,1.0,0.966,0.928,0.708,0.633,0.602,0.875,0.784,0.871,0.809,0.746,0.624,0.469,0.664,0.765
1,A1_2,0.545,0.966,1.0,0.94,0.699,0.678,0.677,0.867,0.841,0.877,0.791,0.742,0.641,0.504,0.672,0.733
1,A1_3,0.513,0.928,0.94,1.0,0.62,0.572,0.568,0.913,0.846,0.819,0.775,0.679,0.556,0.542,0.657,0.723
1,B1_1,0.732,0.708,0.699,0.62,1.0,0.86,0.831,0.432,0.764,0.858,0.921,0.94,0.913,0.567,0.695,0.768
1,B1_2,0.596,0.633,0.678,0.572,0.86,1.0,0.864,0.392,0.626,0.775,0.741,0.83,0.876,0.53,0.56,0.642
1,B1_3,0.702,0.602,0.677,0.568,0.831,0.864,1.0,0.423,0.725,0.865,0.754,0.815,0.876,0.517,0.598,0.655
1,A2_1,0.461,0.875,0.867,0.913,0.432,0.392,0.423,1.0,0.734,0.726,0.67,0.48,0.396,0.446,0.596,0.628
1,A2_2,0.817,0.784,0.841,0.846,0.764,0.626,0.725,0.734,1.0,0.892,0.871,0.755,0.742,0.647,0.724,0.702
1,A2_3,0.735,0.871,0.877,0.819,0.858,0.775,0.865,0.726,0.892,1.0,0.912,0.842,0.874,0.626,0.748,0.799
1,B2_1,0.809,0.809,0.791,0.775,0.921,0.741,0.754,0.67,0.871,0.912,1.0,0.883,0.861,0.706,0.858,0.877
1,B2_2,0.648,0.746,0.742,0.679,0.94,0.83,0.815,0.48,0.755,0.842,0.883,1.0,0.853,0.53,0.682,0.835
1,B2_3,0.765,0.624,0.641,0.556,0.913,0.876,0.876,0.396,0.742,0.874,0.861,0.853,1.0,0.688,0.739,0.761
1,y1,0.607,0.469,0.504,0.542,0.567,0.53,0.517,0.446,0.647,0.626,0.706,0.53,0.688,1.0,0.746,0.697
1,y2,0.798,0.664,0.672,0.657,0.695,0.56,0.598,0.596,0.724,0.748,0.858,0.682,0.739,0.746,1.0,0.917
1,y3,0.673,0.765,0.733,0.723,0.768,0.642,0.655,0.628,0.702,0.799,0.877,0.835,0.761,0.697,0.917,1.0
2,.,1.0,0.513,0.555,0.525,0.75,0.605,0.717,0.47,0.826,0.756,0.821,0.666,0.776,0.613,0.796,0.679
2,A1_1,0.513,1.0,0.965,0.925,0.694,0.609,0.58,0.87,0.774,0.859,0.798,0.735,0.603,0.48,0.678,0.772
2,A1_2,0.555,0.965,1.0,0.939,0.689,0.659,0.658,0.863,0.832,0.867,0.78,0.736,0.622,0.513,0.683,0.736
2,A1_3,0.525,0.925,0.939,1.0,0.608,0.551,0.548,0.912,0.841,0.807,0.761,0.667,0.536,0.549,0.666,0.723
2,B1_1,0.75,0.694,0.689,0.608,1.0,0.855,0.834,0.419,0.757,0.86,0.922,0.94,0.911,0.588,0.709,0.772
2,B1_2,0.605,0.609,0.659,0.551,0.855,1.0,0.867,0.367,0.603,0.764,0.729,0.823,0.869,0.544,0.564,0.64
2,B1_3,0.717,0.58,0.658,0.548,0.834,0.867,1.0,0.4,0.711,0.862,0.75,0.813,0.879,0.534,0.604,0.651
2,A2_1,0.47,0.87,0.863,0.912,0.419,0.367,0.4,1.0,0.733,0.711,0.655,0.465,0.374,0.447,0.596,0.621
2,A2_2,0.826,0.774,0.832,0.841,0.757,0.603,0.711,0.733,1.0,0.888,0.863,0.745,0.727,0.657,0.726,0.696
2,A2_3,0.756,0.859,0.867,0.807,0.86,0.764,0.862,0.711,0.888,1.0,0.913,0.841,0.873,0.65,0.76,0.802
2,B2_1,0.821,0.798,0.78,0.761,0.922,0.729,0.75,0.655,0.863,0.913,1.0,0.878,0.86,0.724,0.868,0.879
2,B2_2,0.666,0.735,0.736,0.667,0.94,0.823,0.813,0.465,0.745,0.841,0.878,1.0,0.847,0.546,0.696,0.837
2,B2_3,0.776,0.603,0.622,0.536,0.911,0.869,0.879,0.374,0.727,0.873,0.86,0.847,1.0,0.709,0.744,0.761
2,y1,0.613,0.48,0.513,0.549,0.588,0.544,0.534,0.447,0.657,0.65,0.724,0.546,0.709,1.0,0.75,0.7
2,y2,0.796,0.678,0.683,0.666,0.709,0.564,0.604,0.596,0.726,0.76,0.868,0.696,0.744,0.75,1.0,0.922
2,y3,0.679,0.772,0.736,0.723,0.772,0.64,0.651,0.621,0.696,0.802,0.879,0.837,0.761,0.7,0.922,1.0
3,.,1.0,0.526,0.565,0.536,0.765,0.619,0.733,0.48,0.834,0.774,0.83,0.683,0.788,0.616,0.793,0.682
3,A1_1,0.526,1.0,0.964,0.924,0.677,0.588,0.562,0.869,0.769,0.852,0.79,0.723,0.587,0.492,0.69,0.776
3,A1_2,0.565,0.964,1.0,0.937,0.675,0.64,0.639,0.862,0.827,0.859,0.771,0.727,0.607,0.522,0.692,0.738
3,A1_3,0.536,0.924,0.937,1.0,0.593,0.532,0.53,0.911,0.837,0.799,0.752,0.656,0.524,0.56,0.677,0.727
3,B1_1,0.765,0.677,0.675,0.593,1.0,0.852,0.837,0.403,0.751,0.859,0.922,0.939,0.911,0.607,0.718,0.772
3,B1_2,0.619,0.588,0.64,0.532,0.852,1.0,0.868,0.348,0.589,0.755,0.724,0.818,0.865,0.562,0.571,0.641
3,B1_3,0.733,0.562,0.639,0.53,0.837,0.868,1.0,0.382,0.701,0.858,0.749,0.813,0.882,0.551,0.611,0.649
3,A2_1,0.48,0.869,0.862,0.911,0.403,0.348,0.382,1.0,0.732,0.702,0.644,0.451,0.362,0.451,0.597,0.617
3,A2_2,0.834,0.769,0.827,0.837,0.751,0.589,0.701,0.732,1.0,0.887,0.858,0.74,0.72,0.665,0.73,0.691
3,A2_3,0.774,0.852,0.859,0.799,0.859,0.755,0.858,0.702,0.887,1.0,0.915,0.839,0.871,0.669,0.771,0.805
3,B2_1,0.83,0.79,0.771,0.752,0.922,0.724,0.749,0.644,0.858,0.915,1.0,0.876,0.862,0.74,0.876,0.879
3,B2_2,0.683,0.723,0.727,0.656,0.939,0.818,0.813,0.451,0.74,0.839,0.876,1.0,0.845,0.564,0.71,0.839
3,B2_3,0.788,0.587,0.607,0.524,0.911,0.865,0.882,0.362,0.72,0.871,0.862,0.845,1.0,0.73,0.751,0.762
3,y1,0.616,0.492,0.522,0.56,0.607,0.562,0.551,0.451,0.665,0.669,0.74,0.564,0.73,1.0,0.754,0.706
3,y2,0.793,0.69,0.692,0.677,0.718,0.571,0.611,0.597,0.73,0.771,0.876,0.71,0.751,0.754,1.0,0.925
3,y3,0.682,0.776,0.738,0.727,0.772,0.641,0.649,0.617,0.691,0.805,0.879,0.839,0.762,0.706,0.925,1.0
4,.,1.0,0.547,0.586,0.556,0.785,0.633,0.749,0.499,0.842,0.791,0.84,0.704,0.799,0.625,0.796,0.691
4,A1_1,0.547,1.0,0.964,0.923,0.673,0.575,0.556,0.868,0.77,0.85,0.789,0.719,0.582,0.512,0.709,0.787
4,A1_2,0.586,0.964,1.0,0.936,0.675,0.632,0.634,0.861,0.828,0.858,0.77,0.725,0.605,0.539,0.709,0.747
4,A1_3,0.556,0.923,0.936,1.0,0.592,0.524,0.523,0.911,0.839,0.798,0.748,0.651,0.522,0.578,0.695,0.736
4,B1_1,0.785,0.673,0.675,0.592,1.0,0.848,0.84,0.406,0.754,0.861,0.927,0.94,0.912,0.632,0.735,0.78
4,B1_2,0.633,0.575,0.632,0.524,0.848,1.0,0.868,0.342,0.58,0.748,0.724,0.814,0.862,0.581,0.581,0.645
4,B1_3,0.749,0.556,0.634,0.523,0.84,0.868,1.0,0.378,0.695,0.856,0.752,0.814,0.885,0.57,0.624,0.653
4,A2_1,0.499,0.868,0.861,0.911,0.406,0.342,0.378,1.0,0.738,0.701,0.64,0.448,0.361,0.462,0.606,0.619
4,A2_2,0.842,0.77,0.828,0.839,0.754,0.58,0.695,0.738,1.0,0.887,0.854,0.738,0.716,0.676,0.736,0.69
4,A2_3,0.791,0.85,0.858,0.798,0.861,0.748,0.856,0.701,0.887,1.0,0.916,0.839,0.871,0.691,0.784,0.809
4,B2_1,0.84,0.789,0.77,0.748,0.927,0.724,0.752,0.64,0.854,0.916,1.0,0.878,0.867,0.756,0.883,0.882
4,B2_2,0.704,0.719,0.725,0.651,0.94,0.814,0.814,0.448,0.738,0.839,0.878,1.0,0.846,0.585,0.727,0.844
4,B2_3,0.799,0.582,0.605,0.522,0.912,0.862,0.885,0.361,0.716,0.871,0.867,0.846,1.0,0.75,0.758,0.765
4,y1,0.625,0.512,0.539,0.578,0.632,0.581,0.57,0.462,0.676,0.691,0.756,0.585,0.75,1.0,0.759,0.712
4,y2,0.796,0.709,0.709,0.695,0.735,0.581,0.624,0.606,0.736,0.784,0.883,0.727,0.758,0.759,1.0,0.928
4,y3,0.691,0.787,0.747,0.736,0.78,0.645,0.653,0.619,0.69,0.809,0.882,0.844,0.765,0.712,0.928,1.0
5,.,1.0,0.552,0.588,0.553,0.79,0.638,0.754,0.497,0.844,0.8,0.841,0.714,0.799,0.621,0.788,0.685
5,A1_1,0.552,1.0,0.963,0.92,0.654,0.554,0.538,0.866,0.769,0.845,0.783,0.703,0.567,0.517,0.715,0.787
5,A1_2,0.588,0.963,1.0,0.934,0.656,0.611,0.613,0.86,0.827,0.851,0.76,0.71,0.587,0.538,0.711,0.741
5,A1_3,0.553,0.92,0.934,1.0,0.566,0.499,0.496,0.912,0.834,0.787,0.732,0.629,0.5,0.576,0.693,0.729
5,B1_1,0.79,0.654,0.656,0.566,1.0,0.848,0.842,0.381,0.745,0.856,0.925,0.94,0.914,0.641,0.735,0.774
5,B1_2,0.638,0.554,0.611,0.499,0.848,1.0,0.871,0.318,0.568,0.738,0.721,0.812,0.861,0.59,0.581,0.642
5,B1_3,0.754,0.538,0.613,0.496,0.842,0.871,1.0,0.351,0.683,0.85,0.75,0.815,0.888,0.576,0.623,0.646
5,A2_1,0.497,0.866,0.86,0.912,0.381,0.318,0.351,1.0,0.735,0.69,0.622,0.427,0.339,0.454,0.597,0.606
5,A2_2,0.844,0.769,0.827,0.834,0.745,0.568,0.683,0.735,1.0,0.887,0.847,0.733,0.706,0.672,0.731,0.681
5,A2_3,0.8,0.845,0.851,0.787,0.856,0.738,0.85,0.69,0.887,1.0,0.916,0.835,0.866,0.699,0.787,0.806
5,B2_1,0.841,0.783,0.76,0.732,0.925,0.721,0.75,0.622,0.847,0.916,1.0,0.877,0.867,0.764,0.885,0.881
5,B2_2,0.714,0.703,0.71,0.629,0.94,0.812,0.815,0.427,0.733,0.835,0.877,1.0,0.847,0.595,0.733,0.842
5,B2_3,0.799,0.567,0.587,0.5,0.914,0.861,0.888,0.339,0.706,0.866,0.867,0.847,1.0,0.759,0.757,0.762
5,y1,0.621,0.517,0.538,0.576,0.641,0.59,0.576,0.454,0.672,0.699,0.764,0.595,0.759,1.0,0.761,0.715
5,y2,0.788,0.715,0.711,0.693,0.735,0.581,0.623,0.597,0.731,0.787,0.885,0.733,0.757,0.761,1.0,0.929
5,y3,0.685,0.787,0.741,0.729,0.774,0.642,0.646,0.606,0.681,0.806,0.881,0.842,0.762,0.715,0.929,1.0
6,.,1.0,0.569,0.607,0.564,0.803,0.649,0.766,0.504,0.848,0.81,0.845,0.729,0.805,0.624,0.788,0.689
6,A1_1,0.569,1.0,0.963,0.918,0.651,0.544,0.536,0.864,0.772,0.847,0.783,0.696,0.565,0.528,0.729,0.794
6,A1_2,0.607,0.963,1.0,0.931,0.657,0.605,0.612,0.857,0.831,0.855,0.762,0.708,0.589,0.55,0.725,0.748
6,A1_3,0.564,0.918,0.931,1.0,0.561,0.489,0.488,0.911,0.833,0.786,0.727,0.619,0.496,0.585,0.705,0.734
6,B1_1,0.803,0.651,0.657,0.561,1.0,0.844,0.844,0.376,0.749,0.855,0.93,0.941,0.915,0.658,0.745,0.778
6,B1_2,0.649,0.544,0.605,0.489,0.844,1.0,0.871,0.308,0.565,0.73,0.723,0.811,0.86,0.604,0.587,0.644
6,B1_3,0.766,0.536,0.612,0.488,0.844,0.871,1.0,0.343,0.679,0.848,0.754,0.819,0.892,0.591,0.632,0.649
6,A2_1,0.504,0.864,0.857,0.911,0.376,0.308,0.343,1.0,0.735,0.687,0.613,0.415,0.331,0.453,0.598,0.603
6,A2_2,0.848,0.772,0.831,0.833,0.749,0.565,0.679,0.735,1.0,0.889,0.843,0.732,0.703,0.675,0.733,0.679
6,A2_3,0.81,0.847,0.855,0.786,0.855,0.73,0.848,0.687,0.889,1.0,0.916,0.833,0.863,0.71,0.793,0.806
6,B2_1,0.845,0.783,0.762,0.727,0.93,0.723,0.754,0.613,0.843,0.916,1.0,0.878,0.87,0.771,0.888,0.881
6,B2_2,0.729,0.696,0.708,0.619,0.941,0.811,0.819,0.415,0.732,0.833,0.878,1.0,0.851,0.608,0.742,0.842
6,B2_3,0.805,0.565,0.589,0.496,0.915,0.86,0.892,0.331,0.703,0.863,0.87,0.851,1.0,0.771,0.759,0.762
6,y1,0.624,0.528,0.55,0.585,0.658,0.604,0.591,0.453,0.675,0.71,0.771,0.608,0.771,1.0,0.762,0.717
6,y2,0.788,0.729,0.725,0.705,0.745,0.587,0.632,0.598,0.733,0.793,0.888,0.742,0.759,0.762,1.0,0.93
6,y3,0.689,0.794,0.748,0.734,0.778,0.644,0.649,0.603,0.679,0.806,0.881,0.842,0.762,0.717,0.93,1.0
7,.,1.0,0.586,0.627,0.579,0.814,0.657,0.773,0.515,0.853,0.819,0.85,0.742,0.808,0.629,0.79,0.695
7,A1_1,0.586,1.0,0.963,0.918,0.651,0.534,0.533,0.863,0.777,0.85,0.783,0.687,0.563,0.538,0.739,0.8
7,A1_2,0.627,0.963,1.0,0.928,0.665,0.602,0.613,0.853,0.837,0.86,0.767,0.706,0.594,0.562,0.737,0.755
7,A1_3,0.579,0.918,0.928,1.0,0.567,0.484,0.485,0.91,0.835,0.79,0.728,0.613,0.499,0.595,0.717,0.743
7,B1_1,0.814,0.651,0.665,0.567,1.0,0.84,0.846,0.378,0.757,0.857,0.935,0.943,0.916,0.676,0.757,0.784
7,B1_2,0.657,0.534,0.602,0.484,0.84,1.0,0.872,0.301,0.566,0.724,0.725,0.811,0.861,0.62,0.593,0.646
7,B1_3,0.773,0.533,0.613,0.485,0.846,0.872,1.0,0.336,0.677,0.844,0.758,0.823,0.895,0.605,0.641,0.652
7,A2_1,0.515,0.863,0.853,0.91,0.378,0.301,0.336,1.0,0.736,0.687,0.606,0.405,0.324,0.453,0.597,0.6
7,A2_2,0.853,0.777,0.837,0.835,0.757,0.566,0.677,0.736,1.0,0.892,0.842,0.734,0.702,0.678,0.737,0.679
7,A2_3,0.819,0.85,0.86,0.79,0.857,0.724,0.844,0.687,0.892,1.0,0.916,0.831,0.859,0.72,0.799,0.808
7,B2_1,0.85,0.783,0.767,0.728,0.935,0.725,0.758,0.606,0.842,0.916,1.0,0.879,0.873,0.779,0.891,0.882
7,B2_2,0.742,0.687,0.706,0.613,0.943,0.811,0.823,0.405,0.734,0.831,0.879,1.0,0.855,0.621,0.75,0.842
7,B2_3,0.808,0.563,0.594,0.499,0.916,0.861,0.895,0.324,0.702,0.859,0.873,0.855,1.0,0.784,0.763,0.763
7,y1,0.629,0.538,0.562,0.595,0.676,0.62,0.605,0.453,0.678,0.72,0.779,0.621,0.784,1.0,0.764,0.721
7,y2,0.79,0.739,0.737,0.717,0.757,0.593,0.641,0.597,0.737,0.799,0.891,0.75,0.763,0.764,1.0,0.931
7,y3,0.695,0.8,0.755,0.743,0.784,0.646,0.652,0.6,0.679,0.808,0.882,0.842,0.763,0.721,0.931,1.0
8,.,1.0,0.591,0.629,0.571,0.814,0.663,0.776,0.512,0.853,0.822,0.847,0.748,0.806,0.619,0.78,0.686
8,A1_1,0.591,1.0,0.963,0.917,0.63,0.518,0.519,0.864,0.78,0.849,0.778,0.67,0.55,0.539,0.741,0.797
8,A1_2,0.629,0.963,1.0,0.926,0.644,0.583,0.594,0.855,0.84,0.857,0.759,0.689,0.579,0.559,0.735,0.747
8,A1_3,0.571,0.917,0.926,1.0,0.535,0.461,0.457,0.912,0.829,0.781,0.711,0.587,0.477,0.59,0.711,0.733
8,B1_1,0.814,0.63,0.644,0.535,1.0,0.844,0.85,0.353,0.747,0.849,0.932,0.944,0.919,0.677,0.753,0.776
8,B1_2,0.663,0.518,0.583,0.461,0.844,1.0,0.875,0.284,0.56,0.717,0.728,0.813,0.863,0.626,0.596,0.645
8,B1_3,0.776,0.519,0.594,0.457,0.85,0.875,1.0,0.314,0.666,0.837,0.759,0.826,0.899,0.607,0.64,0.647
8,A2_1,0.512,0.864,0.855,0.912,0.353,0.284,0.314,1.0,0.736,0.682,0.593,0.385,0.308,0.445,0.587,0.588
8,A2_2,0.853,0.78,0.84,0.829,0.747,0.56,0.666,0.736,1.0,0.892,0.836,0.728,0.694,0.671,0.731,0.671
8,A2_3,0.822,0.849,0.857,0.781,0.849,0.717,0.837,0.682,0.892,1.0,0.915,0.827,0.853,0.721,0.8,0.804
8,B2_1,0.847,0.778,0.759,0.711,0.932,0.728,0.759,0.593,0.836,0.915,1.0,0.879,0.873,0.781,0.891,0.881
8,B2_2,0.748,0.67,0.689,0.587,0.944,0.813,0.826,0.385,0.728,0.827,0.879,1.0,0.859,0.627,0.753,0.838
8,B2_3,0.806,0.55,0.579,0.477,0.919,0.863,0.899,0.308,0.694,0.853,0.873,0.859,1.0,0.786,0.76,0.759
8,y1,0.619,0.539,0.559,0.59,0.677,0.626,0.607,0.445,0.671,0.721,0.781,0.627,0.786,1.0,0.763,0.722
8,y2,0.78,0.741,0.735,0.711,0.753,0.596,0.64,0.587,0.731,0.8,0.891,0.753,0.76,0.763,1.0,0.932
8,y3,0.686,0.797,0.747,0.733,0.776,0.645,0.647,0.588,0.671,0.804,0.881,0.838,0.759,0.722,0.932,1.0
9,.,1.0,0.588,0.619,0.555,0.806,0.666,0.775,0.506,0.85,0.821,0.843,0.75,0.803,0.606,0.764,0.673
9,A1_1,0.588,1.0,0.963,0.915,0.6,0.498,0.499,0.867,0.784,0.847,0.768,0.651,0.534,0.536,0.737,0.788
9,A1_2,0.619,0.963,1.0,0.925,0.609,0.559,0.565,0.859,0.84,0.849,0.744,0.667,0.556,0.548,0.723,0.732
9,A1_3,0.555,0.915,0.925,1.0,0.492,0.434,0.425,0.913,0.823,0.769,0.691,0.56,0.453,0.579,0.699,0.72
9,B1_1,0.806,0.6,0.609,0.492,1.0,0.851,0.853,0.317,0.727,0.834,0.925,0.944,0.923,0.671,0.739,0.762
9,B1_2,0.666,0.498,0.559,0.434,0.851,1.0,0.879,0.265,0.551,0.708,0.729,0.814,0.865,0.626,0.592,0.641
9,B1_3,0.775,0.499,0.565,0.425,0.853,0.879,1.0,0.289,0.652,0.827,0.758,0.829,0.903,0.604,0.633,0.639
9,A2_1,0.506,0.867,0.859,0.913,0.317,0.265,0.289,1.0,0.736,0.678,0.578,0.366,0.292,0.437,0.576,0.576
9,A2_2,0.85,0.784,0.84,0.823,0.727,0.551,0.652,0.736,1.0,0.892,0.83,0.723,0.688,0.662,0.723,0.661
9,A2_3,0.821,0.847,0.849,0.769,0.834,0.708,0.827,0.678,0.892,1.0,0.913,0.821,0.848,0.72,0.796,0.799
9,B2_1,0.843,0.768,0.744,0.691,0.925,0.729,0.758,0.578,0.83,0.913,1.0,0.88,0.874,0.782,0.889,0.878
9,B2_2,0.75,0.651,0.667,0.56,0.944,0.814,0.829,0.366,0.723,0.821,0.88,1.0,0.862,0.628,0.752,0.831
9,B2_3,0.803,0.534,0.556,0.453,0.923,0.865,0.903,0.292,0.688,0.848,0.874,0.862,1.0,0.786,0.755,0.753
9,y1,0.606,0.536,0.548,0.579,0.671,0.626,0.604,0.437,0.662,0.72,0.782,0.628,0.786,1.0,0.764,0.726
9,y2,0.764,0.737,0.723,0.699,0.739,0.592,0.633,0.576,0.723,0.796,0.889,0.752,0.755,0.764,1.0,0.932
9,y3,0.673,0.788,0.732,0.72,0.762,0.641,0.639,0.576,0.661,0.799,0.878,0.831,0.753,0.726,0.932,1.0
10,.,1.0,0.583,0.609,0.538,0.796,0.665,0.771,0.497,0.847,0.819,0.836,0.75,0.798,0.589,0.746,0.656
10,A1_1,0.583,1.0,0.963,0.914,0.569,0.479,0.477,0.87,0.788,0.846,0.758,0.629,0.518,0.529,0.73,0.778
10,A1_2,0.609,0.963,1.0,0.924,0.575,0.535,0.536,0.862,0.841,0.842,0.729,0.643,0.534,0.534,0.709,0.716
10,A1_3,0.538,0.914,0.924,1.0,0.449,0.407,0.391,0.915,0.817,0.76,0.67,0.53,0.427,0.565,0.684,0.704
10,B1_1,0.796,0.569,0.575,0.449,1.0,0.857,0.855,0.281,0.706,0.817,0.918,0.944,0.926,0.663,0.724,0.747
10,B1_2,0.665,0.479,0.535,0.407,0.857,1.0,0.883,0.244,0.542,0.698,0.73,0.816,0.867,0.624,0.586,0.635
10,B1_3,0.771,0.477,0.536,0.391,0.855,0.883,1.0,0.261,0.636,0.814,0.756,0.831,0.906,0.597,0.624,0.628
10,A2_1,0.497,0.87,0.862,0.915,0.281,0.244,0.261,1.0,0.736,0.675,0.562,0.343,0.275,0.426,0.563,0.562
10,A2_2,0.847,0.788,0.841,0.817,0.706,0.542,0.636,0.736,1.0,0.893,0.824,0.714,0.679,0.649,0.712,0.651
10,A2_3,0.819,0.846,0.842,0.76,0.817,0.698,0.814,0.675,0.893,1.0,0.91,0.814,0.84,0.715,0.792,0.793
10,B2_1,0.836,0.758,0.729,0.67,0.918,0.73,0.756,0.562,0.824,0.91,1.0,0.88,0.875,0.781,0.886,0.875
10,B2_2,0.75,0.629,0.643,0.53,0.944,0.816,0.831,0.343,0.714,0.814,0.88,1.0,0.866,0.627,0.748,0.823
10,B2_3,0.798,0.518,0.534,0.427,0.926,0.867,0.906,0.275,0.679,0.84,0.875,0.866,1.0,0.783,0.749,0.747
10,y1,0.589,0.529,0.534,0.565,0.663,0.624,0.597,0.426,0.649,0.715,0.781,0.627,0.783,1.0,0.763,0.728
10,y2,0.746,0.73,0.709,0.684,0.724,0.586,0.624,0.563,0.712,0.792,0.886,0.748,0.749,0.763,1.0,0.933
10,y3,0.656,0.778,0.716,0.704,0.747,0.635,0.628,0.562,0.651,0.793,0.875,0.823,0.747,0.728,0.933,1.0
11,.,1.0,0.568,0.585,0.502,0.774,0.661,0.761,0.477,0.838,0.811,0.825,0.743,0.79,0.559,0.717,0.628
11,A1_1,0.568,1.0,0.962,0.91,0.517,0.449,0.44,0.873,0.79,0.842,0.741,0.595,0.489,0.511,0.715,0.759
11,A1_2,0.585,0.962,1.0,0.922,0.516,0.497,0.485,0.867,0.839,0.829,0.703,0.602,0.494,0.502,0.68,0.686
11,A1_3,0.502,0.91,0.922,1.0,0.377,0.366,0.335,0.918,0.805,0.74,0.635,0.48,0.382,0.535,0.656,0.676
11,B1_1,0.774,0.517,0.516,0.377,1.0,0.865,0.858,0.221,0.67,0.788,0.904,0.943,0.928,0.644,0.694,0.721
11,B1_2,0.661,0.449,0.497,0.366,0.865,1.0,0.889,0.213,0.528,0.685,0.73,0.82,0.869,0.617,0.575,0.624
11,B1_3,0.761,0.44,0.485,0.335,0.858,0.889,1.0,0.216,0.61,0.794,0.753,0.834,0.909,0.583,0.607,0.61
11,A2_1,0.477,0.873,0.867,0.918,0.221,0.213,0.216,1.0,0.731,0.668,0.538,0.306,0.246,0.407,0.543,0.54
11,A2_2,0.838,0.79,0.839,0.805,0.67,0.528,0.61,0.731,1.0,0.894,0.816,0.7,0.666,0.627,0.696,0.633
11,A2_3,0.811,0.842,0.829,0.74,0.788,0.685,0.794,0.668,0.894,1.0,0.907,0.801,0.828,0.701,0.781,0.782
11,B2_1,0.825,0.741,0.703,0.635,0.904,0.73,0.753,0.538,0.816,0.907,1.0,0.877,0.875,0.776,0.879,0.868
11,B2_2,0.743,0.595,0.602,0.48,0.943,0.82,0.834,0.306,0.7,0.801,0.877,1.0,0.869,0.617,0.736,0.808
11,B2_3,0.79,0.489,0.494,0.382,0.928,0.869,0.909,0.246,0.666,0.828,0.875,0.869,1.0,0.775,0.737,0.734
11,y1,0.559,0.511,0.502,0.535,0.644,0.617,0.583,0.407,0.627,0.701,0.776,0.617,0.775,1.0,0.761,0.729
11,y2,0.717,0.715,0.68,0.656,0.694,0.575,0.607,0.543,0.696,0.781,0.879,0.736,0.737,0.761,1.0,0.933
11,y3,0.628,0.759,0.686,0.676,0.721,0.624,0.61,0.54,0.633,0.782,0.868,0.808,0.734,0.729,0.933,1.0
12,.,1.0,0.568,0.582,0.493,0.766,0.663,0.758,0.475,0.836,0.809,0.821,0.743,0.787,0.547,0.704,0.617
12,A1_1,0.568,1.0,0.963,0.909,0.493,0.435,0.423,0.876,0.795,0.843,0.732,0.577,0.477,0.505,0.71,0.751
12,A1_2,0.582,0.963,1.0,0.92,0.491,0.48,0.464,0.87,0.841,0.827,0.692,0.583,0.48,0.492,0.672,0.674
12,A1_3,0.493,0.909,0.92,1.0,0.348,0.349,0.312,0.918,0.802,0.737,0.622,0.458,0.367,0.53,0.652,0.669
12,B1_1,0.766,0.493,0.491,0.348,1.0,0.868,0.86,0.198,0.654,0.774,0.9,0.943,0.929,0.64,0.685,0.712
12,B1_2,0.663,0.435,0.48,0.349,0.868,1.0,0.892,0.203,0.523,0.677,0.733,0.823,0.871,0.617,0.574,0.622
12,B1_3,0.758,0.423,0.464,0.312,0.86,0.892,1.0,0.199,0.597,0.782,0.754,0.837,0.912,0.58,0.602,0.605
12,A2_1,0.475,0.876,0.87,0.918,0.198,0.203,0.199,1.0,0.733,0.67,0.53,0.291,0.237,0.402,0.537,0.533
12,A2_2,0.836,0.795,0.841,0.802,0.654,0.523,0.597,0.733,1.0,0.895,0.811,0.691,0.66,0.62,0.69,0.626
12,A2_3,0.809,0.843,0.827,0.737,0.774,0.677,0.782,0.67,0.895,1.0,0.904,0.793,0.821,0.696,0.778,0.777
12,B2_1,0.821,0.732,0.692,0.622,0.9,0.733,0.754,0.53,0.811,0.904,1.0,0.877,0.876,0.774,0.876,0.866
12,B2_2,0.743,0.577,0.583,0.458,0.943,0.823,0.837,0.291,0.691,0.793,0.877,1.0,0.873,0.616,0.732,0.801
12,B2_3,0.787,0.477,0.48,0.367,0.929,0.871,0.912,0.237,0.66,0.821,0.876,0.873,1.0,0.773,0.733,0.73
12,y1,0.547,0.505,0.492,0.53,0.64,0.617,0.58,0.402,0.62,0.696,0.774,0.616,0.773,1.0,0.76,0.73
12,y2,0.704,0.71,0.672,0.652,0.685,0.574,0.602,0.537,0.69,0.778,0.876,0.732,0.733,0.76,1.0,0.933
12,y3,0.617,0.751,0.674,0.669,0.712,0.622,0.605,0.533,0.626,0.777,0.866,0.801,0.73,0.73,0.933,1.0
13,.,1.0,0.563,0.574,0.48,0.754,0.662,0.751,0.47,0.83,0.804,0.816,0.741,0.783,0.53,0.688,0.602
13,A1_1,0.563,1.0,0.963,0.909,0.464,0.418,0.401,0.881,0.799,0.843,0.721,0.556,0.46,0.496,0.701,0.74
13,A1_2,0.574,0.963,1.0,0.919,0.46,0.46,0.436,0.874,0.844,0.823,0.679,0.561,0.46,0.477,0.657,0.659
13,A1_3,0.48,0.909,0.919,1.0,0.314,0.331,0.285,0.92,0.799,0.733,0.606,0.434,0.348,0.519,0.641,0.658
13,B1_1,0.754,0.464,0.46,0.314,1.0,0.87,0.861,0.172,0.634,0.755,0.894,0.943,0.93,0.631,0.672,0.701
13,B1_2,0.662,0.418,0.46,0.331,0.87,1.0,0.895,0.192,0.516,0.668,0.736,0.826,0.874,0.614,0.57,0.618
13,B1_3,0.751,0.401,0.436,0.285,0.861,0.895,1.0,0.178,0.58,0.767,0.754,0.84,0.914,0.573,0.595,0.597
13,A2_1,0.47,0.881,0.874,0.92,0.172,0.192,0.178,1.0,0.736,0.674,0.521,0.276,0.227,0.397,0.531,0.527
13,A2_2,0.83,0.799,0.844,0.799,0.634,0.516,0.58,0.736,1.0,0.896,0.806,0.683,0.652,0.609,0.681,0.617
13,A2_3,0.804,0.843,0.823,0.733,0.755,0.668,0.767,0.674,0.896,1.0,0.901,0.784,0.811,0.689,0.773,0.772
13,B2_1,0.816,0.721,0.679,0.606,0.894,0.736,0.754,0.521,0.806,0.901,1.0,0.877,0.877,0.771,0.873,0.863
13,B2_2,0.741,0.556,0.561,0.434,0.943,0.826,0.84,0.276,0.683,0.784,0.877,1.0,0.875,0.611,0.726,0.792
13,B2_3,0.783,0.46,0.46,0.348,0.93,0.874,0.914,0.227,0.652,0.811,0.877,0.875,1.0,0.768,0.726,0.723
13,y1,0.53,0.496,0.477,0.519,0.631,0.614,0.573,0.397,0.609,0.689,0.771,0.611,0.768,1.0,0.759,0.732
13,y2,0.688,0.701,0.657,0.641,0.672,0.57,0.595,0.531,0.681,0.773,0.873,0.726,0.726,0.759,1.0,0.934
13,y3,0.602,0.74,0.659,0.658,0.701,0.618,0.597,0.527,0.617,0.772,0.863,0.792,0.723,0.732,0.934,1.0
14,.,1.0,0.562,0.57,0.47,0.744,0.661,0.743,0.467,0.827,0.801,0.813,0.738,0.778,0.514,0.675,0.589
14,A1_1,0.562,1.0,0.964,0.908,0.437,0.402,0.379,0.886,0.804,0.844,0.711,0.535,0.445,0.486,0.692,0.728
14,A1_2,0.57,0.964,1.0,0.917,0.436,0.444,0.41,0.876,0.847,0.822,0.669,0.542,0.445,0.464,0.645,0.646
14,A1_3,0.47,0.908,0.917,1.0,0.286,0.315,0.26,0.921,0.796,0.731,0.594,0.411,0.333,0.513,0.636,0.652
14,B1_1,0.744,0.437,0.436,0.286,1.0,0.873,0.863,0.15,0.618,0.738,0.889,0.944,0.93,0.625,0.663,0.692
14,B1_2,0.661,0.402,0.444,0.315,0.873,1.0,0.898,0.182,0.511,0.659,0.739,0.83,0.876,0.613,0.568,0.615
14,B1_3,0.743,0.379,0.41,0.26,0.863,0.898,1.0,0.159,0.564,0.751,0.754,0.843,0.916,0.568,0.59,0.592
14,A2_1,0.467,0.886,0.876,0.921,0.15,0.182,0.159,1.0,0.738,0.678,0.513,0.261,0.219,0.393,0.526,0.521
14,A2_2,0.827,0.804,0.847,0.796,0.618,0.511,0.564,0.738,1.0,0.897,0.804,0.674,0.646,0.599,0.674,0.611
14,A2_3,0.801,0.844,0.822,0.731,0.738,0.659,0.751,0.678,0.897,1.0,0.898,0.774,0.802,0.681,0.769,0.767
14,B2_1,0.813,0.711,0.669,0.594,0.889,0.739,0.754,0.513,0.804,0.898,1.0,0.876,0.878,0.769,0.869,0.859
14,B2_2,0.738,0.535,0.542,0.411,0.944,0.83,0.843,0.261,0.674,0.774,0.876,1.0,0.878,0.605,0.72,0.784
14,B2_3,0.778,0.445,0.445,0.333,0.93,0.876,0.916,0.219,0.646,0.802,0.878,0.878,1.0,0.763,0.722,0.718
14,y1,0.514,0.486,0.464,0.513,0.625,0.613,0.568,0.393,0.599,0.681,0.769,0.605,0.763,1.0,0.759,0.734
14,y2,0.675,0.692,0.645,0.636,0.663,0.568,0.59,0.526,0.674,0.769,0.869,0.72,0.722,0.759,1.0,0.934
14,y3,0.589,0.728,0.646,0.652,0.692,0.615,0.592,0.521,0.611,0.767,0.859,0.784,0.718,0.734,0.934,1.0
15,.,1.0,0.543,0.546,0.437,0.72,0.656,0.729,0.447,0.814,0.789,0.8,0.729,0.769,0.48,0.643,0.558
15,A1_1,0.543,1.0,0.963,0.905,0.386,0.373,0.336,0.89,0.807,0.839,0.691,0.5,0.412,0.462,0.671,0.704
15,A1_2,0.546,0.963,1.0,0.915,0.38,0.408,0.358,0.88,0.847,0.81,0.642,0.502,0.405,0.43,0.614,0.612
15,A1_3,0.437,0.905,0.915,1.0,0.223,0.278,0.209,0.922,0.79,0.715,0.563,0.367,0.29,0.487,0.61,0.624
15,B1_1,0.72,0.386,0.38,0.223,1.0,0.875,0.865,0.099,0.575,0.706,0.876,0.943,0.929,0.601,0.635,0.669
15,B1_2,0.656,0.373,0.408,0.278,0.875,1.0,0.903,0.158,0.491,0.646,0.74,0.835,0.878,0.599,0.557,0.604
15,B1_3,0.729,0.336,0.358,0.209,0.865,0.903,1.0,0.118,0.529,0.727,0.75,0.845,0.918,0.549,0.573,0.575
15,A2_1,0.447,0.89,0.88,0.922,0.099,0.158,0.118,1.0,0.739,0.675,0.494,0.23,0.192,0.377,0.51,0.503
15,A2_2,0.814,0.807,0.847,0.79,0.575,0.491,0.529,0.739,1.0,0.895,0.791,0.652,0.623,0.573,0.654,0.589
15,A2_3,0.789,0.839,0.81,0.715,0.706,0.646,0.727,0.675,0.895,1.0,0.893,0.758,0.787,0.662,0.757,0.754
15,B2_1,0.8,0.691,0.642,0.563,0.876,0.74,0.75,0.494,0.791,0.893,1.0,0.873,0.876,0.758,0.861,0.851
15,B2_2,0.729,0.5,0.502,0.367,0.943,0.835,0.845,0.23,0.652,0.758,0.873,1.0,0.879,0.589,0.704,0.767
15,B2_3,0.769,0.412,0.405,0.29,0.929,0.878,0.918,0.192,0.623,0.787,0.876,0.879,1.0,0.747,0.706,0.702
15,y1,0.48,0.462,0.43,0.487,0.601,0.599,0.549,0.377,0.573,0.662,0.758,0.589,0.747,1.0,0.756,0.733
15,y2,0.643,0.671,0.614,0.61,0.635,0.557,0.573,0.51,0.654,0.757,0.861,0.704,0.706,0.756,1.0,0.934
15,y3,0.558,0.704,0.612,0.624,0.669,0.604,0.575,0.503,0.589,0.754,0.851,0.767,0.702,0.733,0.934,1.0
16,.,1.0,0.527,0.529,0.415,0.702,0.652,0.718,0.431,0.803,0.78,0.792,0.723,0.761,0.453,0.619,0.534
16,A1_1,0.527,1.0,0.963,0.904,0.346,0.35,0.3,0.893,0.81,0.835,0.674,0.471,0.383,0.441,0.653,0.683
16,A1_2,0.529,0.963,1.0,0.914,0.34,0.381,0.318,0.882,0.848,0.802,0.622,0.473,0.373,0.402,0.588,0.585
16,A1_3,0.415,0.904,0.914,1.0,0.181,0.253,0.171,0.923,0.788,0.706,0.54,0.335,0.257,0.466,0.591,0.602
16,B1_1,0.702,0.346,0.34,0.181,1.0,0.877,0.866,0.062,0.541,0.682,0.866,0.942,0.928,0.584,0.615,0.653
16,B1_2,0.652,0.35,0.381,0.253,0.877,1.0,0.908,0.139,0.476,0.636,0.741,0.839,0.881,0.587,0.548,0.596
16,B1_3,0.718,0.3,0.318,0.171,0.866,0.908,1.0,0.085,0.5,0.705,0.747,0.847,0.92,0.533,0.559,0.562
16,A2_1,0.431,0.893,0.882,0.923,0.062,0.139,0.085,1.0,0.743,0.673,0.479,0.206,0.169,0.364,0.497,0.488
16,A2_2,0.803,0.81,0.848,0.788,0.541,0.476,0.5,0.743,1.0,0.893,0.78,0.632,0.602,0.55,0.636,0.569
16,A2_3,0.78,0.835,0.802,0.706,0.682,0.636,0.705,0.673,0.893,1.0,0.889,0.745,0.774,0.646,0.747,0.743
16,B2_1,0.792,0.674,0.622,0.54,0.866,0.741,0.747,0.479,0.78,0.889,1.0,0.87,0.874,0.749,0.853,0.844
16,B2_2,0.723,0.471,0.473,0.335,0.942,0.839,0.847,0.206,0.632,0.745,0.87,1.0,0.88,0.575,0.691,0.753
16,B2_3,0.761,0.383,0.373,0.257,0.928,0.881,0.92,0.169,0.602,0.774,0.874,0.88,1.0,0.732,0.691,0.689
16,y1,0.453,0.441,0.402,0.466,0.584,0.587,0.533,0.364,0.55,0.646,0.749,0.575,0.732,1.0,0.754,0.732
16,y2,0.619,0.653,0.588,0.591,0.615,0.548,0.559,0.497,0.636,0.747,0.853,0.691,0.691,0.754,1.0,0.933
16,y3,0.534,0.683,0.585,0.602,0.653,0.596,0.562,0.488,0.569,0.743,0.844,0.753,0.689,0.732,0.933,1.0
17,.,1.0,0.511,0.513,0.39,0.683,0.649,0.705,0.413,0.791,0.77,0.783,0.714,0.753,0.425,0.593,0.507
17,A1_1,0.511,1.0,0.964,0.902,0.301,0.319,0.258,0.897,0.813,0.828,0.653,0.433,0.347,0.415,0.632,0.657
17,A1_2,0.513,0.964,1.0,0.91,0.298,0.35,0.275,0.882,0.85,0.794,0.602,0.438,0.34,0.372,0.564,0.557
17,A1_3,0.39,0.902,0.91,1.0,0.135,0.223,0.132,0.923,0.784,0.695,0.518,0.297,0.223,0.447,0.576,0.583
17,B1_1,0.683,0.301,0.298,0.135,1.0,0.876,0.868,0.023,0.506,0.658,0.858,0.943,0.927,0.57,0.597,0.638
17,B1_2,0.649,0.319,0.35,0.223,0.876,1.0,0.911,0.116,0.457,0.625,0.742,0.843,0.883,0.575,0.537,0.586
17,B1_3,0.705,0.258,0.275,0.132,0.868,0.911,1.0,0.05,0.467,0.684,0.745,0.848,0.921,0.521,0.547,0.551
17,A2_1,0.413,0.897,0.882,0.923,0.023,0.116,0.05,1.0,0.742,0.668,0.463,0.175,0.143,0.35,0.485,0.473
17,A2_2,0.791,0.813,0.85,0.784,0.506,0.457,0.467,0.742,1.0,0.889,0.769,0.608,0.579,0.526,0.618,0.548
17,A2_3,0.77,0.828,0.794,0.695,0.658,0.625,0.684,0.668,0.889,1.0,0.885,0.728,0.759,0.629,0.735,0.731
17,B2_1,0.783,0.653,0.602,0.518,0.858,0.742,0.745,0.463,0.769,0.885,1.0,0.866,0.871,0.74,0.845,0.835
17,B2_2,0.714,0.433,0.438,0.297,0.943,0.843,0.848,0.175,0.608,0.728,0.866,1.0,0.88,0.561,0.676,0.737
17,B2_3,0.753,0.347,0.34,0.223,0.927,0.883,0.921,0.143,0.579,0.759,0.871,0.88,1.0,0.718,0.676,0.674
17,y1,0.425,0.415,0.372,0.447,0.57,0.575,0.521,0.35,0.526,0.629,0.74,0.561,0.718,1.0,0.751,0.731
17,y2,0.593,0.632,0.564,0.576,0.597,0.537,0.547,0.485,0.618,0.735,0.845,0.676,0.676,0.751,1.0,0.932
17,y3,0.507,0.657,0.557,0.583,0.638,0.586,0.551,0.473,0.548,0.731,0.835,0.737,0.674,0.731,0.932,1.0
18,.,1.0,0.495,0.499,0.37,0.67,0.649,0.695,0.395,0.78,0.761,0.776,0.708,0.747,0.397,0.568,0.482
18,A1_1,0.495,1.0,0.964,0.9,0.264,0.293,0.222,0.9,0.816,0.824,0.632,0.402,0.315,0.394,0.613,0.634
18,A1_2,0.499,0.964,1.0,0.908,0.263,0.325,0.24,0.882,0.853,0.789,0.582,0.41,0.31,0.347,0.543,0.531
18,A1_3,0.37,0.9,0.908,1.0,0.1,0.198,0.101,0.923,0.784,0.689,0.497,0.268,0.192,0.433,0.564,0.565
18,B1_1,0.67,0.264,0.263,0.1,1.0,0.875,0.869,-0.008,0.474,0.635,0.853,0.942,0.926,0.555,0.583,0.627
18,B1_2,0.649,0.293,0.325,0.198,0.875,1.0,0.913,0.097,0.439,0.613,0.744,0.847,0.886,0.564,0.53,0.578
18,B1_3,0.695,0.222,0.24,0.101,0.869,0.913,1.0,0.02,0.437,0.662,0.745,0.85,0.922,0.507,0.537,0.541
18,A2_1,0.395,0.9,0.882,0.923,-0.008,0.097,0.02,1.0,0.743,0.667,0.447,0.152,0.119,0.34,0.476,0.46
18,A2_2,0.78,0.816,0.853,0.784,0.474,0.439,0.437,0.743,1.0,0.885,0.755,0.586,0.554,0.502,0.6,0.526
18,A2_3,0.761,0.824,0.789,0.689,0.635,0.613,0.662,0.667,0.885,1.0,0.879,0.713,0.742,0.611,0.724,0.719
18,B2_1,0.776,0.632,0.582,0.497,0.853,0.744,0.745,0.447,0.755,0.879,1.0,0.865,0.869,0.728,0.836,0.827
18,B2_2,0.708,0.402,0.41,0.268,0.942,0.847,0.85,0.152,0.586,0.713,0.865,1.0,0.88,0.547,0.664,0.724
18,B2_3,0.747,0.315,0.31,0.192,0.926,0.886,0.922,0.119,0.554,0.742,0.869,0.88,1.0,0.702,0.662,0.66
18,y1,0.397,0.394,0.347,0.433,0.555,0.564,0.507,0.34,0.502,0.611,0.728,0.547,0.702,1.0,0.747,0.728
18,y2,0.568,0.613,0.543,0.564,0.583,0.53,0.537,0.476,0.6,0.724,0.836,0.664,0.662,0.747,1.0,0.931
18,y3,0.482,0.634,0.531,0.565,0.627,0.578,0.541,0.46,0.526,0.719,0.827,0.724,0.66,0.728,0.931,1.0
19,.,1.0,0.489,0.496,0.362,0.664,0.652,0.691,0.385,0.772,0.753,0.771,0.708,0.745,0.382,0.552,0.466
19,A1_1,0.489,1.0,0.965,0.898,0.244,0.277,0.206,0.903,0.819,0.83,0.614,0.379,0.297,0.382,0.603,0.619
19,A1_2,0.496,0.965,1.0,0.904,0.248,0.311,0.226,0.881,0.858,0.797,0.568,0.392,0.296,0.336,0.535,0.518
19,A1_3,0.362,0.898,0.904,1.0,0.084,0.187,0.093,0.923,0.786,0.699,0.482,0.25,0.18,0.433,0.565,0.56
19,B1_1,0.664,0.244,0.248,0.084,1.0,0.874,0.87,-0.023,0.456,0.614,0.857,0.943,0.927,0.549,0.578,0.622
19,B1_2,0.652,0.277,0.311,0.187,0.874,1.0,0.914,0.088,0.429,0.597,0.75,0.85,0.889,0.558,0.526,0.572
19,B1_3,0.691,0.206,0.226,0.093,0.87,0.914,1.0,0.01,0.421,0.642,0.752,0.854,0.924,0.502,0.536,0.538
19,A2_1,0.385,0.903,0.881,0.923,-0.023,0.088,0.01,1.0,0.745,0.678,0.432,0.136,0.107,0.339,0.476,0.456
19,A2_2,0.772,0.819,0.858,0.786,0.456,0.429,0.421,0.745,1.0,0.887,0.74,0.57,0.538,0.489,0.591,0.513
19,A2_3,0.753,0.83,0.797,0.699,0.614,0.597,0.642,0.678,0.887,1.0,0.867,0.694,0.722,0.599,0.719,0.71
19,B2_1,0.771,0.614,0.568,0.482,0.857,0.75,0.752,0.432,0.74,0.867,1.0,0.866,0.872,0.721,0.83,0.82
19,B2_2,0.708,0.379,0.392,0.25,0.943,0.85,0.854,0.136,0.57,0.694,0.866,1.0,0.883,0.54,0.656,0.714
19,B2_3,0.745,0.297,0.296,0.18,0.927,0.889,0.924,0.107,0.538,0.722,0.872,0.883,1.0,0.692,0.654,0.651
19,y1,0.382,0.382,0.336,0.433,0.549,0.558,0.502,0.339,0.489,0.599,0.721,0.54,0.692,1.0,0.746,0.728
19,y2,0.552,0.603,0.535,0.565,0.578,0.526,0.536,0.476,0.591,0.719,0.83,0.656,0.654,0.746,1.0,0.929
19,y3,0.466,0.619,0.518,0.56,0.622,0.572,0.538,0.456,0.513,0.71,0.82,0.714,0.651,0.728,0.929,1.0
20,.,1.0,0.458,0.471,0.335,0.645,0.647,0.677,0.355,0.75,0.731,0.757,0.699,0.732,0.339,0.515,0.427
20,A1_1,0.458,1.0,0.965,0.898,0.2,0.241,0.156,0.905,0.821,0.828,0.575,0.338,0.247,0.352,0.576,0.587
20,A1_2,0.471,0.965,1.0,0.903,0.21,0.278,0.181,0.88,0.862,0.795,0.532,0.356,0.251,0.301,0.506,0.483
20,A1_3,0.335,0.898,0.903,1.0,0.047,0.158,0.055,0.923,0.791,0.703,0.443,0.214,0.135,0.409,0.544,0.532
20,B1_1,0.645,0.2,0.21,0.047,1.0,0.872,0.871,-0.059,0.408,0.576,0.858,0.944,0.927,0.525,0.558,0.607
20,B1_2,0.647,0.241,0.278,0.158,0.872,1.0,0.917,0.06,0.397,0.57,0.757,0.855,0.891,0.533,0.511,0.559
20,B1_3,0.677,0.156,0.181,0.055,0.871,0.917,1.0,-0.03,0.374,0.602,0.756,0.856,0.924,0.475,0.517,0.522
20,A2_1,0.355,0.905,0.88,0.923,-0.059,0.06,-0.03,1.0,0.749,0.684,0.397,0.102,0.066,0.324,0.462,0.436
20,A2_2,0.75,0.821,0.862,0.791,0.408,0.397,0.374,0.749,1.0,0.883,0.705,0.532,0.49,0.449,0.559,0.475
20,A2_3,0.731,0.828,0.795,0.703,0.576,0.57,0.602,0.684,0.883,1.0,0.848,0.666,0.684,0.57,0.703,0.691
20,B2_1,0.757,0.575,0.532,0.443,0.858,0.757,0.756,0.397,0.705,0.848,1.0,0.867,0.872,0.702,0.814,0.806
20,B2_2,0.699,0.338,0.356,0.214,0.944,0.855,0.856,0.102,0.532,0.666,0.867,1.0,0.883,0.515,0.635,0.693
20,B2_3,0.732,0.247,0.251,0.135,0.927,0.891,0.924,0.066,0.49,0.684,0.872,0.883,1.0,0.664,0.63,0.629
20,y1,0.339,0.352,0.301,0.409,0.525,0.533,0.475,0.324,0.449,0.57,0.702,0.515,0.664,1.0,0.743,0.726
20,y2,0.515,0.576,0.506,0.544,0.558,0.511,0.517,0.462,0.559,0.703,0.814,0.635,0.63,0.743,1.0,0.927
20,y3,0.427,0.587,0.483,0.532,0.607,0.559,0.522,0.436,0.475,0.691,0.806,0.693,0.629,0.726,0.927,1.0
21,.,1.0,0.444,0.463,0.319,0.635,0.645,0.666,0.339,0.74,0.717,0.75,0.695,0.723,0.312,0.492,0.403
21,A1_1,0.444,1.0,0.965,0.896,0.174,0.218,0.128,0.906,0.823,0.832,0.547,0.306,0.217,0.333,0.56,0.566
21,A1_2,0.463,0.965,1.0,0.899,0.191,0.26,0.159,0.877,0.866,0.803,0.51,0.332,0.229,0.282,0.491,0.463
21,A1_3,0.319,0.896,0.899,1.0,0.026,0.139,0.035,0.923,0.792,0.713,0.416,0.186,0.112,0.4,0.536,0.518
21,B1_1,0.635,0.174,0.191,0.026,1.0,0.872,0.873,-0.08,0.386,0.545,0.864,0.947,0.928,0.515,0.551,0.601
21,B1_2,0.645,0.218,0.26,0.139,0.872,1.0,0.92,0.043,0.381,0.545,0.765,0.861,0.894,0.522,0.503,0.551
21,B1_3,0.666,0.128,0.159,0.035,0.873,0.92,1.0,-0.051,0.35,0.569,0.763,0.862,0.925,0.464,0.51,0.515
21,A2_1,0.339,0.906,0.877,0.923,-0.08,0.043,-0.051,1.0,0.749,0.695,0.37,0.076,0.043,0.316,0.455,0.424
21,A2_2,0.74,0.823,0.866,0.792,0.386,0.381,0.35,0.749,1.0,0.886,0.684,0.509,0.466,0.426,0.543,0.453
21,A2_3,0.717,0.832,0.803,0.713,0.545,0.545,0.569,0.695,0.886,1.0,0.828,0.637,0.652,0.548,0.693,0.674
21,B2_1,0.75,0.547,0.51,0.416,0.864,0.765,0.763,0.37,0.684,0.828,1.0,0.87,0.876,0.69,0.802,0.794
21,B2_2,0.695,0.306,0.332,0.186,0.947,0.861,0.862,0.076,0.509,0.637,0.87,1.0,0.887,0.502,0.621,0.678
21,B2_3,0.723,0.217,0.229,0.112,0.928,0.894,0.925,0.043,0.466,0.652,0.876,0.887,1.0,0.649,0.618,0.616
21,y1,0.312,0.333,0.282,0.4,0.515,0.522,0.464,0.316,0.426,0.548,0.69,0.502,0.649,1.0,0.742,0.725
21,y2,0.492,0.56,0.491,0.536,0.551,0.503,0.51,0.455,0.543,0.693,0.802,0.621,0.618,0.742,1.0,0.926
21,y3,0.403,0.566,0.463,0.518,0.601,0.551,0.515,0.424,0.453,0.674,0.794,0.678,0.616,0.725,0.926,1.0
22,.,1.0,0.413,0.441,0.295,0.617,0.64,0.653,0.308,0.716,0.68,0.729,0.689,0.707,0.263,0.446,0.356
22,A1_1,0.413,1.0,0.965,0.897,0.137,0.183,0.084,0.908,0.825,0.846,0.489,0.256,0.166,0.306,0.534,0.533
22,A1_2,0.441,0.965,1.0,0.898,0.163,0.232,0.124,0.874,0.871,0.82,0.46,0.292,0.188,0.251,0.465,0.43
22,A1_3,0.295,0.897,0.898,1.0,-0.001,0.115,0.008,0.922,0.798,0.742,0.361,0.145,0.071,0.381,0.52,0.494
22,B1_1,0.617,0.137,0.163,-0.001,1.0,0.871,0.875,-0.11,0.34,0.483,0.879,0.95,0.929,0.49,0.533,0.587
22,B1_2,0.64,0.183,0.232,0.115,0.871,1.0,0.922,0.016,0.346,0.492,0.781,0.871,0.896,0.494,0.486,0.534
22,B1_3,0.653,0.084,0.124,0.008,0.875,0.922,1.0,-0.085,0.303,0.503,0.778,0.871,0.926,0.436,0.492,0.498
22,A2_1,0.308,0.908,0.874,0.922,-0.11,0.016,-0.085,1.0,0.752,0.722,0.315,0.034,0.001,0.305,0.443,0.407
22,A2_2,0.716,0.825,0.871,0.798,0.34,0.346,0.303,0.752,1.0,0.889,0.626,0.462,0.411,0.381,0.506,0.409
22,A2_3,0.68,0.846,0.82,0.742,0.483,0.492,0.503,0.722,0.889,1.0,0.774,0.578,0.582,0.51,0.671,0.645
22,B2_1,0.729,0.489,0.46,0.361,0.879,0.781,0.778,0.315,0.626,0.774,1.0,0.874,0.884,0.666,0.778,0.773
22,B2_2,0.689,0.256,0.292,0.145,0.95,0.871,0.871,0.034,0.462,0.578,0.874,1.0,0.892,0.47,0.59,0.646
22,B2_3,0.707,0.166,0.188,0.071,0.929,0.896,0.926,0.001,0.411,0.582,0.884,0.892,1.0,0.619,0.593,0.593
22,y1,0.263,0.306,0.251,0.381,0.49,0.494,0.436,0.305,0.381,0.51,0.666,0.47,0.619,1.0,0.742,0.726
22,y2,0.446,0.534,0.465,0.52,0.533,0.486,0.492,0.443,0.506,0.671,0.778,0.59,0.593,0.742,1.0,0.925
22,y3,0.356,0.533,0.43,0.494,0.587,0.534,0.498,0.407,0.409,0.645,0.773,0.646,0.593,0.726,0.925,1.0
23,.,1.0,0.385,0.424,0.274,0.6,0.635,0.639,0.278,0.693,0.636,0.702,0.68,0.688,0.212,0.396,0.305
23,A1_1,0.385,1.0,0.965,0.896,0.106,0.151,0.047,0.908,0.827,0.867,0.423,0.2,0.118,0.283,0.511,0.501
23,A1_2,0.424,0.965,1.0,0.896,0.142,0.208,0.098,0.87,0.877,0.845,0.405,0.249,0.15,0.226,0.444,0.399
23,A1_3,0.274,0.896,0.896,1.0,-0.021,0.095,-0.012,0.922,0.805,0.782,0.303,0.1,0.036,0.368,0.51,0.475
23,B1_1,0.6,0.106,0.142,-0.021,1.0,0.87,0.875,-0.133,0.299,0.406,0.897,0.954,0.93,0.465,0.517,0.573
23,B1_2,0.635,0.151,0.208,0.095,0.87,1.0,0.923,-0.007,0.314,0.426,0.796,0.881,0.897,0.466,0.467,0.515
23,B1_3,0.639,0.047,0.098,-0.012,0.875,0.923,1.0,-0.111,0.262,0.424,0.796,0.88,0.926,0.408,0.475,0.482
23,A2_1,0.278,0.908,0.87,0.922,-0.133,-0.007,-0.111,1.0,0.753,0.758,0.254,-0.013,-0.037,0.301,0.438,0.393
23,A2_2,0.693,0.827,0.877,0.805,0.299,0.314,0.262,0.753,1.0,0.898,0.558,0.41,0.357,0.337,0.47,0.363
23,A2_3,0.636,0.867,0.845,0.782,0.406,0.426,0.424,0.758,0.898,1.0,0.69,0.494,0.492,0.464,0.639,0.601
23,B2_1,0.702,0.423,0.405,0.303,0.897,0.796,0.796,0.254,0.558,0.69,1.0,0.878,0.895,0.642,0.749,0.749
23,B2_2,0.68,0.2,0.249,0.1,0.954,0.881,0.88,-0.013,0.41,0.494,0.878,1.0,0.898,0.436,0.552,0.609
23,B2_3,0.688,0.118,0.15,0.036,0.93,0.897,0.926,-0.037,0.357,0.492,0.895,0.898,1.0,0.588,0.569,0.57
23,y1,0.212,0.283,0.226,0.368,0.465,0.466,0.408,0.301,0.337,0.464,0.642,0.436,0.588,1.0,0.742,0.728
23,y2,0.396,0.511,0.444,0.51,0.517,0.467,0.475,0.438,0.47,0.639,0.749,0.552,0.569,0.742,1.0,0.923
23,y3,0.305,0.501,0.399,0.475,0.573,0.515,0.482,0.393,0.363,0.601,0.749,0.609,0.57,0.728,0.923,1.0
24,.,1.0,0.357,0.409,0.254,0.585,0.629,0.627,0.249,0.675,0.602,0.678,0.67,0.671,0.167,0.354,0.261
24,A1_1,0.357,1.0,0.964,0.895,0.077,0.119,0.012,0.908,0.826,0.878,0.367,0.15,0.073,0.259,0.49,0.471
24,A1_2,0.409,0.964,1.0,0.892,0.124,0.187,0.075,0.864,0.881,0.861,0.361,0.213,0.118,0.2,0.425,0.37
24,A1_3,0.254,0.895,0.892,1.0,-0.04,0.074,-0.031,0.921,0.807,0.806,0.254,0.061,0.004,0.353,0.499,0.453
24,B1_1,0.585,0.077,0.124,-0.04,1.0,0.869,0.877,-0.156,0.267,0.347,0.91,0.957,0.931,0.446,0.503,0.563
24,B1_2,0.629,0.119,0.187,0.074,0.869,1.0,0.926,-0.032,0.286,0.373,0.807,0.89,0.898,0.441,0.45,0.499
24,B1_3,0.627,0.012,0.075,-0.031,0.877,0.926,1.0,-0.136,0.229,0.362,0.809,0.886,0.927,0.386,0.459,0.469
24,A2_1,0.249,0.908,0.864,0.921,-0.156,-0.032,-0.136,1.0,0.749,0.778,0.201,-0.057,-0.075,0.291,0.43,0.376
24,A2_2,0.675,0.826,0.881,0.807,0.267,0.286,0.229,0.749,1.0,0.903,0.502,0.366,0.312,0.297,0.438,0.321
24,A2_3,0.602,0.878,0.861,0.806,0.347,0.373,0.362,0.778,0.903,1.0,0.617,0.422,0.419,0.418,0.605,0.555
24,B2_1,0.678,0.367,0.361,0.254,0.91,0.807,0.809,0.201,0.502,0.617,1.0,0.881,0.902,0.619,0.724,0.728
24,B2_2,0.67,0.15,0.213,0.061,0.957,0.89,0.886,-0.057,0.366,0.422,0.881,1.0,0.903,0.405,0.519,0.576
24,B2_3,0.671,0.073,0.118,0.004,0.931,0.898,0.927,-0.075,0.312,0.419,0.902,0.903,1.0,0.562,0.547,0.552
24,y1,0.167,0.259,0.2,0.353,0.446,0.441,0.386,0.291,0.297,0.418,0.619,0.405,0.562,1.0,0.743,0.728
24,y2,0.354,0.49,0.425,0.499,0.503,0.45,0.459,0.43,0.438,0.605,0.724,0.519,0.547,0.743,1.0,0.92
24,y3,0.261,0.471,0.37,0.453,0.563,0.499,0.469,0.376,0.321,0.555,0.728,0.576,0.552,0.728,0.92,1.0
25,.,1.0,0.345,0.405,0.243,0.577,0.627,0.617,0.232,0.667,0.587,0.667,0.664,0.663,0.144,0.331,0.236
