,,.,A1_1,A1_2,A1_3,B1_1,B1_2,B1_3,A2_1,A2_2,A2_3,B2_1,B2_2,B2_3,y1,y2,y3
0,.,1.0,0.21,0.2,-0.271,-0.136,0.083,0.141,-0.06,-0.109,0.02,-0.18,-0.117,-0.155,-0.032,-0.074,0.259
0,A1_1,0.21,1.0,0.041,-0.124,-0.247,-0.413,0.029,-0.111,-0.302,-0.08,0.108,-0.328,-0.155,0.074,0.108,-0.135
0,A1_2,0.2,0.041,1.0,0.28,0.008,-0.171,-0.114,-0.083,0.051,0.308,-0.196,-0.213,0.006,-0.128,-0.24,0.027
0,A1_3,-0.271,-0.124,0.28,1.0,0.188,-0.042,-0.182,-0.263,0.006,0.223,-0.162,-0.298,0.2,0.167,-0.043,-0.299
0,B1_1,-0.136,-0.247,0.008,0.188,1.0,0.075,-0.242,-0.131,-0.061,-0.007,-0.159,0.291,-0.265,0.044,0.051,-0.043
0,B1_2,0.083,-0.413,-0.171,-0.042,0.075,1.0,0.258,0.101,0.012,-0.164,-0.191,0.171,0.13,-0.138,-0.126,0.494
0,B1_3,0.141,0.029,-0.114,-0.182,-0.242,0.258,1.0,-0.168,-0.123,-0.244,0.08,0.018,-0.149,0.138,0.022,-0.074
0,A2_1,-0.06,-0.111,-0.083,-0.263,-0.131,0.101,-0.168,1.0,0.113,0.027,0.325,0.154,-0.089,-0.046,-0.143,0.23
0,A2_2,-0.109,-0.302,0.051,0.006,-0.061,0.012,-0.123,0.113,1.0,-0.005,0.336,-0.038,0.118,-0.116,0.046,-0.205
0,A2_3,0.02,-0.08,0.308,0.223,-0.007,-0.164,-0.244,0.027,-0.005,1.0,-0.258,0.036,-0.133,0.025,-0.037,-0.182
0,B2_1,-0.18,0.108,-0.196,-0.162,-0.159,-0.191,0.08,0.325,0.336,-0.258,1.0,0.177,0.059,-0.033,-0.174,-0.224
0,B2_2,-0.117,-0.328,-0.213,-0.298,0.291,0.171,0.018,0.154,-0.038,0.036,0.177,1.0,0.054,-0.088,-0.284,0.052
0,B2_3,-0.155,-0.155,0.006,0.2,-0.265,0.13,-0.149,-0.089,0.118,-0.133,0.059,0.054,1.0,0.218,-0.129,0.176
0,y1,-0.032,0.074,-0.128,0.167,0.044,-0.138,0.138,-0.046,-0.116,0.025,-0.033,-0.088,0.218,1.0,-0.113,-0.274
0,y2,-0.074,0.108,-0.24,-0.043,0.051,-0.126,0.022,-0.143,0.046,-0.037,-0.174,-0.284,-0.129,-0.113,1.0,-0.217
0,y3,0.259,-0.135,0.027,-0.299,-0.043,0.494,-0.074,0.23,-0.205,-0.182,-0.224,0.052,0.176,-0.274,-0.217,1.0
500,.,1.0,0.135,0.229,-0.273,-0.128,0.059,0.037,-0.028,-0.205,-0.031,-0.272,-0.172,-0.19,-0.036,-0.039,0.387
500,A1_1,0.135,1.0,0.045,-0.092,-0.278,-0.489,-0.052,-0.045,-0.227,-0.125,0.164,-0.352,-0.198,-0.027,0.267,-0.168
500,A1_2,0.229,0.045,1.0,0.321,-0.074,-0.234,-0.18,-0.046,0.128,0.308,-0.22,-0.275,-0.042,-0.222,-0.157,0.027
500,A1_3,-0.273,-0.092,0.321,1.0,0.132,-0.066,-0.189,-0.209,0.069,0.257,-0.174,-0.327,0.181,0.066,-0.032,-0.163
500,B1_1,-0.128,-0.278,-0.074,0.132,1.0,0.116,-0.182,-0.171,-0.094,-0.04,-0.102,0.31,-0.219,0.114,-0.051,-0.023
500,B1_2,0.059,-0.489,-0.234,-0.066,0.116,1.0,0.282,0.062,0.012,-0.203,-0.134,0.2,0.17,0.01,-0.218,0.496
500,B1_3,0.037,-0.052,-0.18,-0.189,-0.182,0.282,1.0,-0.167,-0.106,-0.28,0.113,0.051,-0.116,0.137,0.071,-0.08
500,A2_1,-0.028,-0.045,-0.046,-0.209,-0.171,0.062,-0.167,1.0,0.17,0.025,0.341,0.135,-0.085,-0.134,-0.064,0.178
500,A2_2,-0.205,-0.227,0.128,0.069,-0.094,0.012,-0.106,0.17,1.0,0.016,0.337,-0.051,0.151,-0.172,-0.036,-0.19
500,A2_3,-0.031,-0.125,0.308,0.257,-0.04,-0.203,-0.28,0.025,0.016,1.0,-0.225,0.002,-0.126,0.061,-0.022,-0.238
500,B2_1,-0.272,0.164,-0.22,-0.174,-0.102,-0.134,0.113,0.341,0.337,-0.225,1.0,0.205,0.104,-0.02,-0.24,-0.331
500,B2_2,-0.172,-0.352,-0.275,-0.327,0.31,0.2,0.051,0.135,-0.051,0.002,0.205,1.0,0.081,-0.023,-0.347,0.094
500,B2_3,-0.19,-0.198,-0.042,0.181,-0.219,0.17,-0.116,-0.085,0.151,-0.126,0.104,0.081,1.0,0.299,-0.101,0.144
500,y1,-0.036,-0.027,-0.222,0.066,0.114,0.01,0.137,-0.134,-0.172,0.061,-0.02,-0.023,0.299,1.0,0.136,-0.092
500,y2,-0.039,0.267,-0.157,-0.032,-0.051,-0.218,0.071,-0.064,-0.036,-0.022,-0.24,-0.347,-0.101,0.136,1.0,-0.019
500,y3,0.387,-0.168,0.027,-0.163,-0.023,0.496,-0.08,0.178,-0.19,-0.238,-0.331,0.094,0.144,-0.092,-0.019,1.0
1000,.,1.0,0.132,0.225,-0.268,-0.124,0.045,0.031,-0.034,-0.205,-0.05,-0.276,-0.169,-0.203,-0.034,-0.012,0.347
1000,A1_1,0.132,1.0,0.044,-0.089,-0.281,-0.486,-0.056,-0.032,-0.227,-0.12,0.16,-0.356,-0.2,-0.012,0.298,-0.184
1000,A1_2,0.225,0.044,1.0,0.327,-0.077,-0.237,-0.178,-0.027,0.144,0.312,-0.216,-0.279,-0.052,-0.22,-0.159,-0.036
1000,A1_3,-0.268,-0.089,0.327,1.0,0.119,-0.067,-0.186,-0.196,0.083,0.265,-0.181,-0.335,0.171,0.06,-0.01,-0.166
1000,B1_1,-0.124,-0.281,-0.077,0.119,1.0,0.118,-0.181,-0.17,-0.096,-0.038,-0.097,0.311,-0.211,0.124,-0.102,0.023
1000,B1_2,0.045,-0.486,-0.237,-0.067,0.118,1.0,0.284,0.052,0.011,-0.213,-0.129,0.202,0.176,0.006,-0.195,0.464
1000,B1_3,0.031,-0.056,-0.178,-0.186,-0.181,0.284,1.0,-0.181,-0.112,-0.279,0.113,0.052,-0.111,0.125,0.103,-0.083
1000,A2_1,-0.034,-0.032,-0.027,-0.196,-0.17,0.052,-0.181,1.0,0.18,0.041,0.337,0.125,-0.092,-0.172,-0.03,0.133
1000,A2_2,-0.205,-0.227,0.144,0.083,-0.096,0.011,-0.112,0.18,1.0,0.021,0.335,-0.053,0.154,-0.181,-0.049,-0.196
1000,A2_3,-0.05,-0.12,0.312,0.265,-0.038,-0.213,-0.279,0.041,0.021,1.0,-0.213,0.0,-0.135,0.06,-0.034,-0.249
1000,B2_1,-0.276,0.16,-0.216,-0.181,-0.097,-0.129,0.113,0.337,0.335,-0.213,1.0,0.207,0.114,-0.032,-0.217,-0.369
1000,B2_2,-0.169,-0.356,-0.279,-0.335,0.311,0.202,0.052,0.125,-0.053,0.0,0.207,1.0,0.085,-0.042,-0.357,0.111
1000,B2_3,-0.203,-0.2,-0.052,0.171,-0.211,0.176,-0.111,-0.092,0.154,-0.135,0.114,0.085,1.0,0.291,-0.034,0.097
1000,y1,-0.034,-0.012,-0.22,0.06,0.124,0.006,0.125,-0.172,-0.181,0.06,-0.032,-0.042,0.291,1.0,0.194,-0.08
1000,y2,-0.012,0.298,-0.159,-0.01,-0.102,-0.195,0.103,-0.03,-0.049,-0.034,-0.217,-0.357,-0.034,0.194,1.0,0.077
1000,y3,0.347,-0.184,-0.036,-0.166,0.023,0.464,-0.083,0.133,-0.196,-0.249,-0.369,0.111,0.097,-0.08,0.077,1.0
1500,.,1.0,0.13,0.22,-0.269,-0.129,0.042,0.037,-0.037,-0.206,-0.058,-0.278,-0.164,-0.209,-0.052,-0.006,0.352
1500,A1_1,0.13,1.0,0.051,-0.086,-0.29,-0.489,-0.064,-0.015,-0.214,-0.105,0.149,-0.365,-0.208,-0.038,0.347,-0.195
1500,A1_2,0.22,0.051,1.0,0.334,-0.077,-0.242,-0.181,-0.014,0.153,0.315,-0.217,-0.284,-0.053,-0.237,-0.169,-0.024
1500,A1_3,-0.269,-0.086,0.334,1.0,0.112,-0.068,-0.182,-0.189,0.094,0.261,-0.179,-0.345,0.164,0.05,0.012,-0.139
1500,B1_1,-0.129,-0.29,-0.077,0.112,1.0,0.119,-0.18,-0.168,-0.095,-0.042,-0.095,0.312,-0.208,0.147,-0.177,0.041
1500,B1_2,0.042,-0.489,-0.242,-0.068,0.119,1.0,0.285,0.043,0.008,-0.22,-0.126,0.202,0.178,0.017,-0.213,0.436
1500,B1_3,0.037,-0.064,-0.181,-0.182,-0.18,0.285,1.0,-0.19,-0.111,-0.274,0.113,0.054,-0.109,0.124,0.133,-0.097
1500,A2_1,-0.037,-0.015,-0.014,-0.189,-0.168,0.043,-0.19,1.0,0.186,0.046,0.327,0.124,-0.099,-0.203,-0.014,0.12
1500,A2_2,-0.206,-0.214,0.153,0.094,-0.095,0.008,-0.111,0.186,1.0,0.019,0.334,-0.054,0.152,-0.172,-0.034,-0.205
1500,A2_3,-0.058,-0.105,0.315,0.261,-0.042,-0.22,-0.274,0.046,0.019,1.0,-0.216,-0.006,-0.141,0.043,-0.065,-0.204
1500,B2_1,-0.278,0.149,-0.217,-0.179,-0.095,-0.126,0.113,0.327,0.334,-0.216,1.0,0.208,0.119,-0.031,-0.177,-0.407
1500,B2_2,-0.164,-0.365,-0.284,-0.345,0.312,0.202,0.054,0.124,-0.054,-0.006,0.208,1.0,0.086,-0.017,-0.372,0.086
1500,B2_3,-0.209,-0.208,-0.053,0.164,-0.208,0.178,-0.109,-0.099,0.152,-0.141,0.119,0.086,1.0,0.267,0.008,0.11
1500,y1,-0.052,-0.038,-0.237,0.05,0.147,0.017,0.124,-0.203,-0.172,0.043,-0.031,-0.017,0.267,1.0,0.212,-0.036
1500,y2,-0.006,0.347,-0.169,0.012,-0.177,-0.213,0.133,-0.014,-0.034,-0.065,-0.177,-0.372,0.008,0.212,1.0,0.123
1500,y3,0.352,-0.195,-0.024,-0.139,0.041,0.436,-0.097,0.12,-0.205,-0.204,-0.407,0.086,0.11,-0.036,0.123,1.0
2000,.,1.0,0.123,0.219,-0.264,-0.123,0.052,0.038,-0.029,-0.217,-0.06,-0.285,-0.16,-0.212,-0.043,0.002,0.375
2000,A1_1,0.123,1.0,0.066,-0.087,-0.294,-0.494,-0.068,0.011,-0.202,-0.099,0.156,-0.375,-0.217,-0.029,0.331,-0.194
2000,A1_2,0.219,0.066,1.0,0.336,-0.081,-0.246,-0.181,-0.001,0.17,0.314,-0.215,-0.292,-0.045,-0.223,-0.14,-0.065
2000,A1_3,-0.264,-0.087,0.336,1.0,0.104,-0.067,-0.179,-0.184,0.111,0.257,-0.179,-0.352,0.168,0.059,0.031,-0.163
2000,B1_1,-0.123,-0.294,-0.081,0.104,1.0,0.121,-0.178,-0.177,-0.09,-0.04,-0.094,0.315,-0.207,0.141,-0.185,0.056
2000,B1_2,0.052,-0.494,-0.246,-0.067,0.121,1.0,0.286,0.032,0.003,-0.224,-0.125,0.205,0.179,0.001,-0.198,0.454
2000,B1_3,0.038,-0.068,-0.181,-0.179,-0.178,0.286,1.0,-0.194,-0.116,-0.275,0.113,0.053,-0.107,0.111,0.139,-0.059
2000,A2_1,-0.029,0.011,-0.001,-0.184,-0.177,0.032,-0.194,1.0,0.194,0.057,0.322,0.119,-0.113,-0.228,-0.011,0.089
2000,A2_2,-0.217,-0.202,0.17,0.111,-0.09,0.003,-0.116,0.194,1.0,0.02,0.338,-0.054,0.157,-0.171,-0.056,-0.236
2000,A2_3,-0.06,-0.099,0.314,0.257,-0.04,-0.224,-0.275,0.057,0.02,1.0,-0.214,-0.008,-0.144,0.043,-0.041,-0.24
2000,B2_1,-0.285,0.156,-0.215,-0.179,-0.094,-0.125,0.113,0.322,0.338,-0.214,1.0,0.209,0.12,-0.044,-0.185,-0.408
2000,B2_2,-0.16,-0.375,-0.292,-0.352,0.315,0.205,0.053,0.119,-0.054,-0.008,0.209,1.0,0.089,-0.042,-0.373,0.103
2000,B2_3,-0.212,-0.217,-0.045,0.168,-0.207,0.179,-0.107,-0.113,0.157,-0.144,0.12,0.089,1.0,0.249,0.032,0.09
2000,y1,-0.043,-0.029,-0.223,0.059,0.141,0.001,0.111,-0.228,-0.171,0.043,-0.044,-0.042,0.249,1.0,0.24,-0.032
2000,y2,0.002,0.331,-0.14,0.031,-0.185,-0.198,0.139,-0.011,-0.056,-0.041,-0.185,-0.373,0.032,0.24,1.0,0.14
2000,y3,0.375,-0.194,-0.065,-0.163,0.056,0.454,-0.059,0.089,-0.236,-0.24,-0.408,0.103,0.09,-0.032,0.14,1.0
2500,.,1.0,0.137,0.221,-0.268,-0.135,0.05,0.036,-0.027,-0.223,-0.052,-0.298,-0.168,-0.214,-0.013,-0.006,0.393
2500,A1_1,0.137,1.0,0.073,-0.087,-0.3,-0.498,-0.075,0.03,-0.196,-0.083,0.149,-0.378,-0.229,-0.025,0.302,-0.163
2500,A1_2,0.221,0.073,1.0,0.342,-0.08,-0.251,-0.182,0.005,0.177,0.317,-0.213,-0.298,-0.045,-0.195,-0.149,-0.11
2500,A1_3,-0.268,-0.087,0.342,1.0,0.103,-0.068,-0.176,-0.185,0.116,0.256,-0.178,-0.356,0.165,0.046,0.041,-0.165
2500,B1_1,-0.135,-0.3,-0.08,0.103,1.0,0.125,-0.177,-0.179,-0.087,-0.04,-0.093,0.315,-0.206,0.152,-0.168,0.044
2500,B1_2,0.05,-0.498,-0.251,-0.068,0.125,1.0,0.289,0.026,0.009,-0.237,-0.118,0.208,0.184,0.001,-0.18,0.456
2500,B1_3,0.036,-0.075,-0.182,-0.176,-0.177,0.289,1.0,-0.199,-0.115,-0.271,0.115,0.054,-0.105,0.108,0.139,-0.029
2500,A2_1,-0.027,0.03,0.005,-0.185,-0.179,0.026,-0.199,1.0,0.199,0.066,0.316,0.113,-0.121,-0.224,-0.036,0.075
2500,A2_2,-0.223,-0.196,0.177,0.116,-0.087,0.009,-0.115,0.199,1.0,0.021,0.335,-0.056,0.157,-0.172,-0.075,-0.253
2500,A2_3,-0.052,-0.083,0.317,0.256,-0.04,-0.237,-0.271,0.066,0.021,1.0,-0.2,-0.011,-0.155,0.034,-0.025,-0.297
2500,B2_1,-0.298,0.149,-0.213,-0.178,-0.093,-0.118,0.115,0.316,0.335,-0.2,1.0,0.21,0.122,-0.056,-0.215,-0.385
2500,B2_2,-0.168,-0.378,-0.298,-0.356,0.315,0.208,0.054,0.113,-0.056,-0.011,0.21,1.0,0.09,-0.058,-0.362,0.097
2500,B2_3,-0.214,-0.229,-0.045,0.165,-0.206,0.184,-0.105,-0.121,0.157,-0.155,0.122,0.09,1.0,0.234,0.036,0.075
2500,y1,-0.013,-0.025,-0.195,0.046,0.152,0.001,0.108,-0.224,-0.172,0.034,-0.056,-0.058,0.234,1.0,0.269,-0.01
2500,y2,-0.006,0.302,-0.149,0.041,-0.168,-0.18,0.139,-0.036,-0.075,-0.025,-0.215,-0.362,0.036,0.269,1.0,0.158
2500,y3,0.393,-0.163,-0.11,-0.165,0.044,0.456,-0.029,0.075,-0.253,-0.297,-0.385,0.097,0.075,-0.01,0.158,1.0
3000,.,1.0,0.142,0.228,-0.271,-0.136,0.058,0.034,-0.011,-0.224,-0.051,-0.304,-0.162,-0.221,0.001,0.043,0.421
3000,A1_1,0.142,1.0,0.07,-0.09,-0.306,-0.496,-0.075,0.049,-0.198,-0.085,0.15,-0.375,-0.238,-0.04,0.313,-0.14
3000,A1_2,0.228,0.07,1.0,0.348,-0.088,-0.257,-0.179,0.015,0.186,0.317,-0.21,-0.302,-0.045,-0.215,-0.149,-0.102
3000,A1_3,-0.271,-0.09,0.348,1.0,0.106,-0.069,-0.175,-0.183,0.119,0.25,-0.194,-0.364,0.157,0.027,0.057,-0.157
3000,B1_1,-0.136,-0.306,-0.088,0.106,1.0,0.126,-0.176,-0.181,-0.08,-0.037,-0.092,0.316,-0.205,0.122,-0.191,0.055
3000,B1_2,0.058,-0.496,-0.257,-0.069,0.126,1.0,0.29,0.018,0.008,-0.242,-0.117,0.209,0.185,0.021,-0.19,0.431
3000,B1_3,0.034,-0.075,-0.179,-0.175,-0.176,0.29,1.0,-0.204,-0.115,-0.27,0.114,0.054,-0.104,0.11,0.153,-0.02
3000,A2_1,-0.011,0.049,0.015,-0.183,-0.181,0.018,-0.204,1.0,0.204,0.072,0.314,0.106,-0.13,-0.231,-0.05,0.07
3000,A2_2,-0.224,-0.198,0.186,0.119,-0.08,0.008,-0.115,0.204,1.0,0.028,0.341,-0.051,0.158,-0.135,-0.115,-0.272
3000,A2_3,-0.051,-0.085,0.317,0.25,-0.037,-0.242,-0.27,0.072,0.028,1.0,-0.189,-0.009,-0.152,0.02,-0.064,-0.294
3000,B2_1,-0.304,0.15,-0.21,-0.194,-0.092,-0.117,0.114,0.314,0.341,-0.189,1.0,0.21,0.123,-0.042,-0.226,-0.395
3000,B2_2,-0.162,-0.375,-0.302,-0.364,0.316,0.209,0.054,0.106,-0.051,-0.009,0.21,1.0,0.092,-0.024,-0.367,0.081
3000,B2_3,-0.221,-0.238,-0.045,0.157,-0.205,0.185,-0.104,-0.13,0.158,-0.152,0.123,0.092,1.0,0.244,0.036,0.075
3000,y1,0.001,-0.04,-0.215,0.027,0.122,0.021,0.11,-0.231,-0.135,0.02,-0.042,-0.024,0.244,1.0,0.284,0.066
3000,y2,0.043,0.313,-0.149,0.057,-0.191,-0.19,0.153,-0.05,-0.115,-0.064,-0.226,-0.367,0.036,0.284,1.0,0.182
3000,y3,0.421,-0.14,-0.102,-0.157,0.055,0.431,-0.02,0.07,-0.272,-0.294,-0.395,0.081,0.075,0.066,0.182,1.0
3500,.,1.0,0.141,0.234,-0.275,-0.131,0.06,0.033,-0.005,-0.229,-0.046,-0.3,-0.157,-0.228,-0.003,0.086,0.387
3500,A1_1,0.141,1.0,0.071,-0.097,-0.306,-0.491,-0.075,0.067,-0.19,-0.079,0.151,-0.373,-0.244,-0.034,0.315,-0.155
3500,A1_2,0.234,0.071,1.0,0.352,-0.088,-0.255,-0.182,0.025,0.189,0.32,-0.21,-0.303,-0.048,-0.222,-0.15,-0.131
3500,A1_3,-0.275,-0.097,0.352,1.0,0.1,-0.069,-0.175,-0.181,0.126,0.25,-0.19,-0.37,0.163,0.038,0.047,-0.165
3500,B1_1,-0.131,-0.306,-0.088,0.1,1.0,0.127,-0.174,-0.172,-0.081,-0.04,-0.091,0.317,-0.203,0.088,-0.178,0.096
3500,B1_2,0.06,-0.491,-0.255,-0.069,0.127,1.0,0.292,0.018,0.006,-0.248,-0.116,0.21,0.187,0.034,-0.208,0.399
3500,B1_3,0.033,-0.075,-0.182,-0.175,-0.174,0.292,1.0,-0.208,-0.121,-0.272,0.115,0.056,-0.103,0.109,0.157,-0.031
3500,A2_1,-0.005,0.067,0.025,-0.181,-0.172,0.018,-0.208,1.0,0.211,0.077,0.307,0.106,-0.14,-0.237,-0.064,0.05
3500,A2_2,-0.229,-0.19,0.189,0.126,-0.081,0.006,-0.121,0.211,1.0,0.031,0.342,-0.052,0.158,-0.126,-0.139,-0.285
3500,A2_3,-0.046,-0.079,0.32,0.25,-0.04,-0.248,-0.272,0.077,0.031,1.0,-0.189,-0.015,-0.146,0.001,-0.085,-0.286
3500,B2_1,-0.3,0.151,-0.21,-0.19,-0.091,-0.116,0.115,0.307,0.342,-0.189,1.0,0.211,0.124,-0.035,-0.23,-0.391
3500,B2_2,-0.157,-0.373,-0.303,-0.37,0.317,0.21,0.056,0.106,-0.052,-0.015,0.211,1.0,0.093,-0.045,-0.348,0.11
3500,B2_3,-0.228,-0.244,-0.048,0.163,-0.203,0.187,-0.103,-0.14,0.158,-0.146,0.124,0.093,1.0,0.257,-0.002,0.096
3500,y1,-0.003,-0.034,-0.222,0.038,0.088,0.034,0.109,-0.237,-0.126,0.001,-0.035,-0.045,0.257,1.0,0.298,0.129
3500,y2,0.086,0.315,-0.15,0.047,-0.178,-0.208,0.157,-0.064,-0.139,-0.085,-0.23,-0.348,-0.002,0.298,1.0,0.241
3500,y3,0.387,-0.155,-0.131,-0.165,0.096,0.399,-0.031,0.05,-0.285,-0.286,-0.391,0.11,0.096,0.129,0.241,1.0
4000,.,1.0,0.137,0.216,-0.286,-0.129,0.074,0.046,-0.01,-0.244,-0.052,-0.307,-0.15,-0.228,0.036,0.069,0.398
4000,A1_1,0.137,1.0,0.085,-0.081,-0.312,-0.496,-0.079,0.084,-0.181,-0.062,0.158,-0.374,-0.245,-0.013,0.281,-0.155
4000,A1_2,0.216,0.085,1.0,0.363,-0.088,-0.259,-0.186,0.029,0.195,0.322,-0.21,-0.306,-0.048,-0.197,-0.174,-0.144
4000,A1_3,-0.286,-0.081,0.363,1.0,0.095,-0.076,-0.175,-0.18,0.137,0.246,-0.195,-0.379,0.157,0.044,0.034,-0.148
4000,B1_1,-0.129,-0.312,-0.088,0.095,1.0,0.128,-0.173,-0.171,-0.075,-0.044,-0.09,0.318,-0.202,0.064,-0.184,0.101
4000,B1_2,0.074,-0.496,-0.259,-0.076,0.128,1.0,0.293,0.009,0.011,-0.256,-0.114,0.211,0.187,0.022,-0.179,0.356
4000,B1_3,0.046,-0.079,-0.186,-0.175,-0.173,0.293,1.0,-0.214,-0.121,-0.27,0.116,0.057,-0.102,0.125,0.143,-0.027
4000,A2_1,-0.01,0.084,0.029,-0.18,-0.171,0.009,-0.214,1.0,0.215,0.085,0.308,0.1,-0.145,-0.231,-0.067,0.013
4000,A2_2,-0.244,-0.181,0.195,0.137,-0.075,0.011,-0.121,0.215,1.0,0.03,0.331,-0.056,0.153,-0.112,-0.125,-0.325
4000,A2_3,-0.052,-0.062,0.322,0.246,-0.044,-0.256,-0.27,0.085,0.03,1.0,-0.178,-0.015,-0.148,-0.028,-0.068,-0.293
4000,B2_1,-0.307,0.158,-0.21,-0.195,-0.09,-0.114,0.116,0.308,0.331,-0.178,1.0,0.212,0.125,-0.044,-0.213,-0.403
4000,B2_2,-0.15,-0.374,-0.306,-0.379,0.318,0.211,0.057,0.1,-0.056,-0.015,0.212,1.0,0.094,-0.082,-0.32,0.108
4000,B2_3,-0.228,-0.245,-0.048,0.157,-0.202,0.187,-0.102,-0.145,0.153,-0.148,0.125,0.094,1.0,0.248,0.033,0.086
4000,y1,0.036,-0.013,-0.197,0.044,0.064,0.022,0.125,-0.231,-0.112,-0.028,-0.044,-0.082,0.248,1.0,0.331,0.21
4000,y2,0.069,0.281,-0.174,0.034,-0.184,-0.179,0.143,-0.067,-0.125,-0.068,-0.213,-0.32,0.033,0.331,1.0,0.286
4000,y3,0.398,-0.155,-0.144,-0.148,0.101,0.356,-0.027,0.013,-0.325,-0.293,-0.403,0.108,0.086,0.21,0.286,1.0
4500,.,1.0,0.137,0.21,-0.286,-0.136,0.078,0.049,0.001,-0.256,-0.053,-0.307,-0.154,-0.222,0.066,0.099,0.417
4500,A1_1,0.137,1.0,0.099,-0.07,-0.319,-0.502,-0.079,0.103,-0.174,-0.056,0.16,-0.382,-0.248,-0.023,0.273,-0.164
4500,A1_2,0.21,0.099,1.0,0.369,-0.09,-0.264,-0.185,0.03,0.202,0.331,-0.214,-0.314,-0.052,-0.198,-0.156,-0.141
4500,A1_3,-0.286,-0.07,0.369,1.0,0.089,-0.079,-0.173,-0.181,0.145,0.253,-0.197,-0.384,0.154,0.031,0.019,-0.161
4500,B1_1,-0.136,-0.319,-0.09,0.089,1.0,0.131,-0.171,-0.172,-0.071,-0.039,-0.089,0.319,-0.201,0.084,-0.174,0.089
4500,B1_2,0.078,-0.502,-0.264,-0.079,0.131,1.0,0.296,0.0,0.015,-0.26,-0.109,0.213,0.191,0.051,-0.195,0.354
4500,B1_3,0.049,-0.079,-0.185,-0.173,-0.171,0.296,1.0,-0.216,-0.128,-0.27,0.118,0.058,-0.1,0.146,0.136,-0.024
4500,A2_1,0.001,0.103,0.03,-0.181,-0.172,0.0,-0.216,1.0,0.225,0.082,0.31,0.09,-0.153,-0.231,-0.031,-0.021
4500,A2_2,-0.256,-0.174,0.202,0.145,-0.071,0.015,-0.128,0.225,1.0,0.032,0.319,-0.058,0.151,-0.128,-0.127,-0.335
4500,A2_3,-0.053,-0.056,0.331,0.253,-0.039,-0.26,-0.27,0.082,0.032,1.0,-0.172,-0.018,-0.148,-0.051,-0.089,-0.278
4500,B2_1,-0.307,0.16,-0.214,-0.197,-0.089,-0.109,0.118,0.31,0.319,-0.172,1.0,0.213,0.126,-0.059,-0.212,-0.411
4500,B2_2,-0.154,-0.382,-0.314,-0.384,0.319,0.213,0.058,0.09,-0.058,-0.018,0.213,1.0,0.095,-0.097,-0.297,0.117
4500,B2_3,-0.222,-0.248,-0.052,0.154,-0.201,0.191,-0.1,-0.153,0.151,-0.148,0.126,0.095,1.0,0.222,0.038,0.095
4500,y1,0.066,-0.023,-0.198,0.031,0.084,0.051,0.146,-0.231,-0.128,-0.051,-0.059,-0.097,0.222,1.0,0.375,0.258
4500,y2,0.099,0.273,-0.156,0.019,-0.174,-0.195,0.136,-0.031,-0.127,-0.089,-0.212,-0.297,0.038,0.375,1.0,0.29
4500,y3,0.417,-0.164,-0.141,-0.161,0.089,0.354,-0.024,-0.021,-0.335,-0.278,-0.411,0.117,0.095,0.258,0.29,1.0
5000,.,1.0,0.136,0.197,-0.288,-0.141,0.081,0.055,0.009,-0.259,-0.063,-0.301,-0.153,-0.223,0.084,0.062,0.426
5000,A1_1,0.136,1.0,0.111,-0.056,-0.327,-0.506,-0.081,0.124,-0.168,-0.046,0.153,-0.39,-0.255,-0.011,0.246,-0.177
5000,A1_2,0.197,0.111,1.0,0.367,-0.096,-0.272,-0.188,0.046,0.218,0.336,-0.216,-0.32,-0.05,-0.159,-0.176,-0.135
5000,A1_3,-0.288,-0.056,0.367,1.0,0.087,-0.08,-0.17,-0.174,0.154,0.255,-0.198,-0.385,0.149,0.053,0.013,-0.131
5000,B1_1,-0.141,-0.327,-0.096,0.087,1.0,0.133,-0.169,-0.172,-0.07,-0.041,-0.088,0.319,-0.2,0.049,-0.17,0.148
5000,B1_2,0.081,-0.506,-0.272,-0.08,0.133,1.0,0.298,-0.009,0.014,-0.261,-0.106,0.214,0.193,0.057,-0.182,0.317
5000,B1_3,0.055,-0.081,-0.188,-0.17,-0.169,0.298,1.0,-0.226,-0.13,-0.269,0.119,0.059,-0.099,0.15,0.141,-0.013
5000,A2_1,0.009,0.124,0.046,-0.174,-0.172,-0.009,-0.226,1.0,0.234,0.092,0.313,0.085,-0.156,-0.237,-0.042,-0.055
5000,A2_2,-0.259,-0.168,0.218,0.154,-0.07,0.014,-0.13,0.234,1.0,0.04,0.315,-0.059,0.151,-0.139,-0.134,-0.381
5000,A2_3,-0.063,-0.046,0.336,0.255,-0.041,-0.261,-0.269,0.092,0.04,1.0,-0.165,-0.021,-0.143,-0.056,-0.101,-0.27
5000,B2_1,-0.301,0.153,-0.216,-0.198,-0.088,-0.106,0.119,0.313,0.315,-0.165,1.0,0.214,0.126,-0.066,-0.216,-0.45
5000,B2_2,-0.153,-0.39,-0.32,-0.385,0.319,0.214,0.059,0.085,-0.059,-0.021,0.214,1.0,0.096,-0.137,-0.28,0.091
5000,B2_3,-0.223,-0.255,-0.05,0.149,-0.2,0.193,-0.099,-0.156,0.151,-0.143,0.126,0.096,1.0,0.228,0.039,0.064
5000,y1,0.084,-0.011,-0.159,0.053,0.049,0.057,0.15,-0.237,-0.139,-0.056,-0.066,-0.137,0.228,1.0,0.375,0.317
5000,y2,0.062,0.246,-0.176,0.013,-0.17,-0.182,0.141,-0.042,-0.134,-0.101,-0.216,-0.28,0.039,0.375,1.0,0.337
5000,y3,0.426,-0.177,-0.135,-0.131,0.148,0.317,-0.013,-0.055,-0.381,-0.27,-0.45,0.091,0.064,0.317,0.337,1.0
5500,.,1.0,0.131,0.181,-0.287,-0.141,0.081,0.06,0.011,-0.26,-0.07,-0.293,-0.15,-0.226,0.067,0.095,0.401
5500,A1_1,0.131,1.0,0.119,-0.042,-0.336,-0.511,-0.097,0.143,-0.156,-0.032,0.155,-0.395,-0.259,-0.059,0.226,-0.167
5500,A1_2,0.181,0.119,1.0,0.374,-0.103,-0.277,-0.2,0.062,0.23,0.342,-0.228,-0.328,-0.05,-0.131,-0.14,-0.195
5500,A1_3,-0.287,-0.042,0.374,1.0,0.088,-0.083,-0.179,-0.164,0.151,0.263,-0.196,-0.387,0.145,0.051,0.03,-0.18
5500,B1_1,-0.141,-0.336,-0.103,0.088,1.0,0.137,-0.16,-0.171,-0.071,-0.045,-0.085,0.32,-0.196,0.059,-0.154,0.093
5500,B1_2,0.081,-0.511,-0.277,-0.083,0.137,1.0,0.305,-0.024,0.017,-0.263,-0.104,0.214,0.195,0.046,-0.186,0.336
5500,B1_3,0.06,-0.097,-0.2,-0.179,-0.16,0.305,1.0,-0.234,-0.13,-0.273,0.125,0.062,-0.091,0.113,0.12,0.038
5500,A2_1,0.011,0.143,0.062,-0.164,-0.171,-0.024,-0.234,1.0,0.238,0.1,0.315,0.078,-0.154,-0.213,-0.034,-0.065
5500,A2_2,-0.26,-0.156,0.23,0.151,-0.071,0.017,-0.13,0.238,1.0,0.039,0.313,-0.058,0.155,-0.105,-0.169,-0.35
5500,A2_3,-0.07,-0.032,0.342,0.263,-0.045,-0.263,-0.273,0.1,0.039,1.0,-0.171,-0.026,-0.146,-0.016,-0.088,-0.32
5500,B2_1,-0.293,0.155,-0.228,-0.196,-0.085,-0.104,0.125,0.315,0.313,-0.171,1.0,0.215,0.127,-0.092,-0.236,-0.377
5500,B2_2,-0.15,-0.395,-0.328,-0.387,0.32,0.214,0.062,0.078,-0.058,-0.026,0.215,1.0,0.097,-0.143,-0.273,0.129
5500,B2_3,-0.226,-0.259,-0.05,0.145,-0.196,0.195,-0.091,-0.154,0.155,-0.146,0.127,0.097,1.0,0.235,0.035,0.11
5500,y1,0.067,-0.059,-0.131,0.051,0.059,0.046,0.113,-0.213,-0.105,-0.016,-0.092,-0.143,0.235,1.0,0.412,0.326
5500,y2,0.095,0.226,-0.14,0.03,-0.154,-0.186,0.12,-0.034,-0.169,-0.088,-0.236,-0.273,0.035,0.412,1.0,0.349
5500,y3,0.401,-0.167,-0.195,-0.18,0.093,0.336,0.038,-0.065,-0.35,-0.32,-0.377,0.129,0.11,0.326,0.349,1.0
6000,.,1.0,0.118,0.164,-0.278,-0.145,0.083,0.065,0.004,-0.266,-0.089,-0.288,-0.152,-0.23,0.077,0.103,0.407
6000,A1_1,0.118,1.0,0.123,-0.026,-0.332,-0.514,-0.106,0.153,-0.145,-0.017,0.155,-0.395,-0.266,-0.047,0.2,-0.169
6000,A1_2,0.164,0.123,1.0,0.39,-0.106,-0.284,-0.206,0.072,0.236,0.352,-0.229,-0.33,-0.051,-0.146,-0.138,-0.18
6000,A1_3,-0.278,-0.026,0.39,1.0,0.078,-0.095,-0.178,-0.153,0.158,0.274,-0.193,-0.393,0.141,0.005,0.075,-0.15
6000,B1_1,-0.145,-0.332,-0.106,0.078,1.0,0.141,-0.152,-0.168,-0.074,-0.044,-0.083,0.321,-0.19,0.038,-0.129,0.11
6000,B1_2,0.083,-0.514,-0.284,-0.095,0.141,1.0,0.31,-0.03,0.014,-0.266,-0.1,0.215,0.198,0.052,-0.163,0.289
6000,B1_3,0.065,-0.106,-0.206,-0.178,-0.152,0.31,1.0,-0.246,-0.135,-0.278,0.129,0.064,-0.086,0.114,0.117,0.036
6000,A2_1,0.004,0.153,0.072,-0.153,-0.168,-0.03,-0.246,1.0,0.253,0.109,0.315,0.072,-0.152,-0.206,-0.053,-0.085
6000,A2_2,-0.266,-0.145,0.236,0.158,-0.074,0.014,-0.135,0.253,1.0,0.044,0.31,-0.062,0.155,-0.125,-0.156,-0.383
6000,A2_3,-0.089,-0.017,0.352,0.274,-0.044,-0.266,-0.278,0.109,0.044,1.0,-0.168,-0.032,-0.144,-0.05,-0.094,-0.295
6000,B2_1,-0.288,0.155,-0.229,-0.193,-0.083,-0.1,0.129,0.315,0.31,-0.168,1.0,0.216,0.13,-0.098,-0.22,-0.411
6000,B2_2,-0.152,-0.395,-0.33,-0.393,0.321,0.215,0.064,0.072,-0.062,-0.032,0.216,1.0,0.1,-0.131,-0.263,0.087
6000,B2_3,-0.23,-0.266,-0.051,0.141,-0.19,0.198,-0.086,-0.152,0.155,-0.144,0.13,0.1,1.0,0.226,0.062,0.099
6000,y1,0.077,-0.047,-0.146,0.005,0.038,0.052,0.114,-0.206,-0.125,-0.05,-0.098,-0.131,0.226,1.0,0.428,0.409
6000,y2,0.103,0.2,-0.138,0.075,-0.129,-0.163,0.117,-0.053,-0.156,-0.094,-0.22,-0.263,0.062,0.428,1.0,0.394
6000,y3,0.407,-0.169,-0.18,-0.15,0.11,0.289,0.036,-0.085,-0.383,-0.295,-0.411,0.087,0.099,0.409,0.394,1.0
6500,.,1.0,0.104,0.154,-0.279,-0.149,0.078,0.067,0.005,-0.27,-0.096,-0.294,-0.149,-0.228,0.083,0.128,0.377
6500,A1_1,0.104,1.0,0.139,-0.005,-0.335,-0.518,-0.11,0.161,-0.129,-0.001,0.146,-0.4,-0.271,-0.071,0.201,-0.155
6500,A1_2,0.154,0.139,1.0,0.402,-0.104,-0.287,-0.211,0.089,0.243,0.363,-0.23,-0.334,-0.056,-0.162,-0.145,-0.207
6500,A1_3,-0.279,-0.005,0.402,1.0,0.071,-0.107,-0.179,-0.145,0.172,0.274,-0.187,-0.403,0.137,0.002,0.071,-0.121
6500,B1_1,-0.149,-0.335,-0.104,0.071,1.0,0.145,-0.147,-0.17,-0.072,-0.055,-0.078,0.323,-0.186,0.027,-0.131,0.131
6500,B1_2,0.078,-0.518,-0.287,-0.107,0.145,1.0,0.313,-0.038,0.008,-0.274,-0.096,0.216,0.201,0.072,-0.167,0.279
6500,B1_3,0.067,-0.11,-0.211,-0.179,-0.147,0.313,1.0,-0.255,-0.143,-0.279,0.131,0.065,-0.082,0.123,0.117,0.039
6500,A2_1,0.005,0.161,0.089,-0.145,-0.17,-0.038,-0.255,1.0,0.272,0.121,0.314,0.064,-0.152,-0.196,-0.056,-0.126
6500,A2_2,-0.27,-0.129,0.243,0.172,-0.072,0.008,-0.143,0.272,1.0,0.056,0.312,-0.064,0.158,-0.127,-0.184,-0.408
6500,A2_3,-0.096,-0.001,0.363,0.274,-0.055,-0.274,-0.279,0.121,0.056,1.0,-0.163,-0.035,-0.141,-0.076,-0.085,-0.294
6500,B2_1,-0.294,0.146,-0.23,-0.187,-0.078,-0.096,0.131,0.314,0.312,-0.163,1.0,0.217,0.132,-0.093,-0.241,-0.414
6500,B2_2,-0.149,-0.4,-0.334,-0.403,0.323,0.216,0.065,0.064,-0.064,-0.035,0.217,1.0,0.102,-0.125,-0.254,0.084
6500,B2_3,-0.228,-0.271,-0.056,0.137,-0.186,0.201,-0.082,-0.152,0.158,-0.141,0.132,0.102,1.0,0.237,0.048,0.102
6500,y1,0.083,-0.071,-0.162,0.002,0.027,0.072,0.123,-0.196,-0.127,-0.076,-0.093,-0.125,0.237,1.0,0.422,0.445
6500,y2,0.128,0.201,-0.145,0.071,-0.131,-0.167,0.117,-0.056,-0.184,-0.085,-0.241,-0.254,0.048,0.422,1.0,0.423
6500,y3,0.377,-0.155,-0.207,-0.121,0.131,0.279,0.039,-0.126,-0.408,-0.294,-0.414,0.084,0.102,0.445,0.423,1.0
7000,.,1.0,0.095,0.15,-0.269,-0.15,0.079,0.065,0.008,-0.275,-0.1,-0.293,-0.148,-0.226,0.137,0.098,0.364
7000,A1_1,0.095,1.0,0.156,0.004,-0.35,-0.523,-0.12,0.184,-0.114,0.011,0.147,-0.404,-0.269,-0.051,0.166,-0.172
7000,A1_2,0.15,0.156,1.0,0.409,-0.11,-0.296,-0.213,0.106,0.248,0.367,-0.226,-0.339,-0.061,-0.138,-0.17,-0.204
7000,A1_3,-0.269,0.004,0.409,1.0,0.065,-0.108,-0.178,-0.136,0.184,0.275,-0.187,-0.41,0.129,0.055,0.059,-0.147
7000,B1_1,-0.15,-0.35,-0.11,0.065,1.0,0.147,-0.142,-0.169,-0.073,-0.059,-0.076,0.324,-0.181,-0.004,-0.125,0.16
7000,B1_2,0.079,-0.523,-0.296,-0.108,0.147,1.0,0.315,-0.045,0.003,-0.278,-0.095,0.217,0.203,0.061,-0.149,0.275
7000,B1_3,0.065,-0.12,-0.213,-0.178,-0.142,0.315,1.0,-0.264,-0.142,-0.276,0.133,0.067,-0.078,0.105,0.122,0.035
7000,A2_1,0.008,0.184,0.106,-0.136,-0.169,-0.045,-0.264,1.0,0.279,0.135,0.311,0.059,-0.151,-0.204,-0.072,-0.121
7000,A2_2,-0.275,-0.114,0.248,0.184,-0.073,0.003,-0.142,0.279,1.0,0.063,0.309,-0.063,0.155,-0.164,-0.17,-0.403
7000,A2_3,-0.1,0.011,0.367,0.275,-0.059,-0.278,-0.276,0.135,0.063,1.0,-0.156,-0.033,-0.141,-0.085,-0.087,-0.244
7000,B2_1,-0.293,0.147,-0.226,-0.187,-0.076,-0.095,0.133,0.311,0.309,-0.156,1.0,0.218,0.134,-0.11,-0.222,-0.415
7000,B2_2,-0.148,-0.404,-0.339,-0.41,0.324,0.217,0.067,0.059,-0.063,-0.033,0.218,1.0,0.105,-0.187,-0.217,0.102
7000,B2_3,-0.226,-0.269,-0.061,0.129,-0.181,0.203,-0.078,-0.151,0.155,-0.141,0.134,0.105,1.0,0.233,0.058,0.091
7000,y1,0.137,-0.051,-0.138,0.055,-0.004,0.061,0.105,-0.204,-0.164,-0.085,-0.11,-0.187,0.233,1.0,0.458,0.466
7000,y2,0.098,0.166,-0.17,0.059,-0.125,-0.149,0.122,-0.072,-0.17,-0.087,-0.222,-0.217,0.058,0.458,1.0,0.458
7000,y3,0.364,-0.172,-0.204,-0.147,0.16,0.275,0.035,-0.121,-0.403,-0.244,-0.415,0.102,0.091,0.466,0.458,1.0
7500,.,1.0,0.079,0.146,-0.267,-0.158,0.079,0.066,0.009,-0.273,-0.107,-0.3,-0.148,-0.231,0.131,0.101,0.361
7500,A1_1,0.079,1.0,0.166,0.012,-0.347,-0.525,-0.124,0.193,-0.1,0.013,0.15,-0.406,-0.275,-0.034,0.152,-0.204
7500,A1_2,0.146,0.166,1.0,0.416,-0.114,-0.298,-0.214,0.115,0.254,0.377,-0.229,-0.341,-0.066,-0.117,-0.123,-0.257
7500,A1_3,-0.267,0.012,0.416,1.0,0.061,-0.117,-0.176,-0.136,0.191,0.283,-0.19,-0.415,0.12,0.07,0.055,-0.131
7500,B1_1,-0.158,-0.347,-0.114,0.061,1.0,0.148,-0.137,-0.171,-0.082,-0.064,-0.073,0.326,-0.173,-0.001,-0.122,0.106
7500,B1_2,0.079,-0.525,-0.298,-0.117,0.148,1.0,0.317,-0.053,-0.0,-0.279,-0.093,0.218,0.208,0.05,-0.146,0.29
7500,B1_3,0.066,-0.124,-0.214,-0.176,-0.137,0.317,1.0,-0.269,-0.142,-0.27,0.137,0.07,-0.072,0.097,0.117,0.059
7500,A2_1,0.009,0.193,0.115,-0.136,-0.171,-0.053,-0.269,1.0,0.29,0.137,0.311,0.05,-0.16,-0.199,-0.063,-0.163
7500,A2_2,-0.273,-0.1,0.254,0.191,-0.082,-0.0,-0.142,0.29,1.0,0.068,0.31,-0.065,0.161,-0.167,-0.191,-0.376
7500,A2_3,-0.107,0.013,0.377,0.283,-0.064,-0.279,-0.27,0.137,0.068,1.0,-0.156,-0.03,-0.137,-0.073,-0.018,-0.314
7500,B2_1,-0.3,0.15,-0.229,-0.19,-0.073,-0.093,0.137,0.311,0.31,-0.156,1.0,0.22,0.137,-0.116,-0.244,-0.375
7500,B2_2,-0.148,-0.406,-0.341,-0.415,0.326,0.218,0.07,0.05,-0.065,-0.03,0.22,1.0,0.11,-0.215,-0.231,0.114
7500,B2_3,-0.231,-0.275,-0.066,0.12,-0.173,0.208,-0.072,-0.16,0.161,-0.137,0.137,0.11,1.0,0.224,0.078,0.092
7500,y1,0.131,-0.034,-0.117,0.07,-0.001,0.05,0.097,-0.199,-0.167,-0.073,-0.116,-0.215,0.224,1.0,0.456,0.464
7500,y2,0.101,0.152,-0.123,0.055,-0.122,-0.146,0.117,-0.063,-0.191,-0.018,-0.244,-0.231,0.078,0.456,1.0,0.431
7500,y3,0.361,-0.204,-0.257,-0.131,0.106,0.29,0.059,-0.163,-0.376,-0.314,-0.375,0.114,0.092,0.464,0.431,1.0
8000,.,1.0,0.07,0.134,-0.262,-0.159,0.082,0.067,0.013,-0.267,-0.119,-0.29,-0.143,-0.238,0.136,0.147,0.316
8000,A1_1,0.07,1.0,0.185,0.032,-0.354,-0.527,-0.123,0.195,-0.076,0.028,0.142,-0.412,-0.281,-0.06,0.154,-0.17
8000,A1_2,0.134,0.185,1.0,0.423,-0.117,-0.3,-0.214,0.118,0.256,0.391,-0.234,-0.347,-0.072,-0.136,-0.127,-0.253
8000,A1_3,-0.262,0.032,0.423,1.0,0.053,-0.125,-0.176,-0.13,0.199,0.294,-0.195,-0.423,0.101,0.058,0.051,-0.112
8000,B1_1,-0.159,-0.354,-0.117,0.053,1.0,0.151,-0.133,-0.165,-0.088,-0.07,-0.068,0.329,-0.166,0.029,-0.185,0.119
8000,B1_2,0.082,-0.527,-0.3,-0.125,0.151,1.0,0.319,-0.051,-0.003,-0.282,-0.09,0.22,0.212,0.061,-0.163,0.288
8000,B1_3,0.067,-0.123,-0.214,-0.176,-0.133,0.319,1.0,-0.274,-0.145,-0.274,0.138,0.072,-0.07,0.046,0.168,0.072
8000,A2_1,0.013,0.195,0.118,-0.13,-0.165,-0.051,-0.274,1.0,0.304,0.146,0.305,0.05,-0.161,-0.185,-0.077,-0.174
8000,A2_2,-0.267,-0.076,0.256,0.199,-0.088,-0.003,-0.145,0.304,1.0,0.067,0.308,-0.068,0.16,-0.158,-0.193,-0.385
8000,A2_3,-0.119,0.028,0.391,0.294,-0.07,-0.282,-0.274,0.146,0.067,1.0,-0.157,-0.035,-0.132,-0.071,-0.073,-0.31
8000,B2_1,-0.29,0.142,-0.234,-0.195,-0.068,-0.09,0.138,0.305,0.308,-0.157,1.0,0.223,0.14,-0.125,-0.21,-0.382
8000,B2_2,-0.143,-0.412,-0.347,-0.423,0.329,0.22,0.072,0.05,-0.068,-0.035,0.223,1.0,0.115,-0.174,-0.26,0.109
8000,B2_3,-0.238,-0.281,-0.072,0.101,-0.166,0.212,-0.07,-0.161,0.16,-0.132,0.14,0.115,1.0,0.202,0.086,0.103
8000,y1,0.136,-0.06,-0.136,0.058,0.029,0.061,0.046,-0.185,-0.158,-0.071,-0.125,-0.174,0.202,1.0,0.506,0.526
8000,y2,0.147,0.154,-0.127,0.051,-0.185,-0.163,0.168,-0.077,-0.193,-0.073,-0.21,-0.26,0.086,0.506,1.0,0.494
8000,y3,0.316,-0.17,-0.253,-0.112,0.119,0.288,0.072,-0.174,-0.385,-0.31,-0.382,0.109,0.103,0.526,0.494,1.0
8500,.,1.0,0.068,0.138,-0.25,-0.146,0.083,0.061,0.014,-0.263,-0.12,-0.301,-0.146,-0.253,0.145,0.108,0.262
8500,A1_1,0.068,1.0,0.204,0.051,-0.353,-0.531,-0.127,0.211,-0.047,0.042,0.139,-0.416,-0.287,-0.058,0.12,-0.209
8500,A1_2,0.138,0.204,1.0,0.431,-0.123,-0.308,-0.215,0.135,0.266,0.398,-0.227,-0.348,-0.075,-0.139,-0.162,-0.263
8500,A1_3,-0.25,0.051,0.431,1.0,0.048,-0.129,-0.172,-0.125,0.202,0.303,-0.197,-0.428,0.087,0.05,0.024,-0.08
8500,B1_1,-0.146,-0.353,-0.123,0.048,1.0,0.151,-0.131,-0.165,-0.091,-0.072,-0.065,0.331,-0.164,0.052,-0.18,0.057
8500,B1_2,0.083,-0.531,-0.308,-0.129,0.151,1.0,0.32,-0.056,-0.012,-0.288,-0.088,0.221,0.213,0.063,-0.142,0.277
8500,B1_3,0.061,-0.127,-0.215,-0.172,-0.131,0.32,1.0,-0.277,-0.154,-0.277,0.138,0.072,-0.069,0.049,0.151,0.05
8500,A2_1,0.014,0.211,0.135,-0.125,-0.165,-0.056,-0.277,1.0,0.322,0.153,0.303,0.042,-0.162,-0.188,-0.066,-0.204
8500,A2_2,-0.263,-0.047,0.266,0.202,-0.091,-0.012,-0.154,0.322,1.0,0.072,0.305,-0.069,0.154,-0.167,-0.176,-0.35
8500,A2_3,-0.12,0.042,0.398,0.303,-0.072,-0.288,-0.277,0.153,0.072,1.0,-0.164,-0.044,-0.136,-0.078,-0.045,-0.306
8500,B2_1,-0.301,0.139,-0.227,-0.197,-0.065,-0.088,0.138,0.303,0.305,-0.164,1.0,0.224,0.141,-0.128,-0.188,-0.374
8500,B2_2,-0.146,-0.416,-0.348,-0.428,0.331,0.221,0.072,0.042,-0.069,-0.044,0.224,1.0,0.117,-0.176,-0.233,0.088
8500,B2_3,-0.253,-0.287,-0.075,0.087,-0.164,0.213,-0.069,-0.162,0.154,-0.136,0.141,0.117,1.0,0.182,0.085,0.177
8500,y1,0.145,-0.058,-0.139,0.05,0.052,0.063,0.049,-0.188,-0.167,-0.078,-0.128,-0.176,0.182,1.0,0.495,0.543
8500,y2,0.108,0.12,-0.162,0.024,-0.18,-0.142,0.151,-0.066,-0.176,-0.045,-0.188,-0.233,0.085,0.495,1.0,0.535
8500,y3,0.262,-0.209,-0.263,-0.08,0.057,0.277,0.05,-0.204,-0.35,-0.306,-0.374,0.088,0.177,0.543,0.535,1.0
9000,.,1.0,0.062,0.135,-0.255,-0.15,0.077,0.061,0.007,-0.269,-0.12,-0.307,-0.157,-0.259,0.138,0.08,0.302
9000,A1_1,0.062,1.0,0.228,0.073,-0.346,-0.531,-0.134,0.227,-0.01,0.052,0.144,-0.41,-0.291,-0.056,0.12,-0.219
9000,A1_2,0.135,0.228,1.0,0.436,-0.124,-0.312,-0.219,0.149,0.273,0.405,-0.225,-0.349,-0.086,-0.111,-0.16,-0.253
9000,A1_3,-0.255,0.073,0.436,1.0,0.049,-0.134,-0.177,-0.122,0.211,0.306,-0.195,-0.429,0.079,0.108,0.037,-0.087
9000,B1_1,-0.15,-0.346,-0.124,0.049,1.0,0.152,-0.129,-0.16,-0.094,-0.071,-0.063,0.333,-0.162,0.003,-0.205,0.029
9000,B1_2,0.077,-0.531,-0.312,-0.134,0.152,1.0,0.321,-0.061,-0.023,-0.29,-0.086,0.223,0.214,0.048,-0.132,0.291
9000,B1_3,0.061,-0.134,-0.219,-0.177,-0.129,0.321,1.0,-0.279,-0.157,-0.278,0.139,0.074,-0.068,0.014,0.159,0.057
9000,A2_1,0.007,0.227,0.149,-0.122,-0.16,-0.061,-0.279,1.0,0.332,0.159,0.307,0.04,-0.16,-0.191,-0.042,-0.212
9000,A2_2,-0.269,-0.01,0.273,0.211,-0.094,-0.023,-0.157,0.332,1.0,0.074,0.298,-0.072,0.145,-0.138,-0.128,-0.399
9000,A2_3,-0.12,0.052,0.405,0.306,-0.071,-0.29,-0.278,0.159,0.074,1.0,-0.164,-0.045,-0.137,-0.067,-0.063,-0.272
9000,B2_1,-0.307,0.144,-0.225,-0.195,-0.063,-0.086,0.139,0.307,0.298,-0.164,1.0,0.226,0.142,-0.128,-0.196,-0.389
9000,B2_2,-0.157,-0.41,-0.349,-0.429,0.333,0.223,0.074,0.04,-0.072,-0.045,0.226,1.0,0.119,-0.224,-0.252,0.052
9000,B2_3,-0.259,-0.291,-0.086,0.079,-0.162,0.214,-0.068,-0.16,0.145,-0.137,0.142,0.119,1.0,0.202,0.051,0.22
9000,y1,0.138,-0.056,-0.111,0.108,0.003,0.048,0.014,-0.191,-0.138,-0.067,-0.128,-0.224,0.202,1.0,0.492,0.569
9000,y2,0.08,0.12,-0.16,0.037,-0.205,-0.132,0.159,-0.042,-0.128,-0.063,-0.196,-0.252,0.051,0.492,1.0,0.556
9000,y3,0.302,-0.219,-0.253,-0.087,0.029,0.291,0.057,-0.212,-0.399,-0.272,-0.389,0.052,0.22,0.569,0.556,1.0
9500,.,1.0,0.053,0.123,-0.26,-0.151,0.077,0.05,0.007,-0.279,-0.122,-0.31,-0.15,-0.261,0.116,0.141,0.291
9500,A1_1,0.053,1.0,0.256,0.086,-0.348,-0.534,-0.133,0.23,0.012,0.056,0.143,-0.412,-0.296,-0.091,0.104,-0.169
9500,A1_2,0.123,0.256,1.0,0.446,-0.127,-0.324,-0.219,0.154,0.277,0.408,-0.225,-0.353,-0.09,-0.108,-0.169,-0.226
9500,A1_3,-0.26,0.086,0.446,1.0,0.05,-0.137,-0.181,-0.115,0.221,0.304,-0.196,-0.433,0.075,0.094,0.043,-0.111
9500,B1_1,-0.151,-0.348,-0.127,0.05,1.0,0.153,-0.128,-0.153,-0.094,-0.065,-0.06,0.334,-0.155,0.028,-0.248,0.041
9500,B1_2,0.077,-0.534,-0.324,-0.137,0.153,1.0,0.323,-0.065,-0.028,-0.287,-0.084,0.223,0.218,0.054,-0.131,0.235
9500,B1_3,0.05,-0.133,-0.219,-0.181,-0.128,0.323,1.0,-0.282,-0.16,-0.277,0.141,0.075,-0.065,0.011,0.192,0.018
9500,A2_1,0.007,0.23,0.154,-0.115,-0.153,-0.065,-0.282,1.0,0.346,0.158,0.313,0.036,-0.158,-0.206,-0.066,-0.149
9500,A2_2,-0.279,0.012,0.277,0.221,-0.094,-0.028,-0.16,0.346,1.0,0.083,0.294,-0.077,0.134,-0.159,-0.161,-0.376
9500,A2_3,-0.122,0.056,0.408,0.304,-0.065,-0.287,-0.277,0.158,0.083,1.0,-0.17,-0.045,-0.141,-0.041,-0.099,-0.288
9500,B2_1,-0.31,0.143,-0.225,-0.196,-0.06,-0.084,0.141,0.313,0.294,-0.17,1.0,0.228,0.145,-0.182,-0.202,-0.367
9500,B2_2,-0.15,-0.412,-0.353,-0.433,0.334,0.223,0.075,0.036,-0.077,-0.045,0.228,1.0,0.123,-0.215,-0.29,0.057
9500,B2_3,-0.261,-0.296,-0.09,0.075,-0.155,0.218,-0.065,-0.158,0.134,-0.141,0.145,0.123,1.0,0.201,0.035,0.224
9500,y1,0.116,-0.091,-0.108,0.094,0.028,0.054,0.011,-0.206,-0.159,-0.041,-0.182,-0.215,0.201,1.0,0.525,0.601
9500,y2,0.141,0.104,-0.169,0.043,-0.248,-0.131,0.192,-0.066,-0.161,-0.099,-0.202,-0.29,0.035,0.525,1.0,0.587
9500,y3,0.291,-0.169,-0.226,-0.111,0.041,0.235,0.018,-0.149,-0.376,-0.288,-0.367,0.057,0.224,0.601,0.587,1.0
10000,.,1.0,0.056,0.132,-0.257,-0.136,0.079,0.046,0.012,-0.277,-0.109,-0.317,-0.15,-0.27,0.133,0.135,0.277
10000,A1_1,0.056,1.0,0.277,0.105,-0.351,-0.538,-0.136,0.236,0.037,0.068,0.142,-0.409,-0.304,-0.135,0.088,-0.168
10000,A1_2,0.132,0.277,1.0,0.453,-0.135,-0.33,-0.218,0.16,0.279,0.416,-0.224,-0.359,-0.098,-0.128,-0.196,-0.24
10000,A1_3,-0.257,0.105,0.453,1.0,0.04,-0.146,-0.182,-0.114,0.221,0.313,-0.194,-0.443,0.068,0.105,0.02,-0.122
10000,B1_1,-0.136,-0.351,-0.135,0.04,1.0,0.155,-0.124,-0.149,-0.093,-0.065,-0.055,0.337,-0.148,0.043,-0.232,0.021
10000,B1_2,0.079,-0.538,-0.33,-0.146,0.155,1.0,0.324,-0.073,-0.032,-0.284,-0.081,0.225,0.223,0.063,-0.116,0.22
10000,B1_3,0.046,-0.136,-0.218,-0.182,-0.124,0.324,1.0,-0.287,-0.168,-0.278,0.142,0.077,-0.062,-0.009,0.169,0.038
10000,A2_1,0.012,0.236,0.16,-0.114,-0.149,-0.073,-0.287,1.0,0.357,0.167,0.31,0.033,-0.164,-0.185,-0.034,-0.167
10000,A2_2,-0.277,0.037,0.279,0.221,-0.093,-0.032,-0.168,0.357,1.0,0.086,0.293,-0.079,0.126,-0.152,-0.136,-0.359
10000,A2_3,-0.109,0.068,0.416,0.313,-0.065,-0.284,-0.278,0.167,0.086,1.0,-0.178,-0.048,-0.144,-0.071,-0.107,-0.284
10000,B2_1,-0.317,0.142,-0.224,-0.194,-0.055,-0.081,0.142,0.31,0.293,-0.178,1.0,0.23,0.146,-0.214,-0.176,-0.343
10000,B2_2,-0.15,-0.409,-0.359,-0.443,0.337,0.225,0.077,0.033,-0.079,-0.048,0.23,1.0,0.126,-0.198,-0.26,0.053
10000,B2_3,-0.27,-0.304,-0.098,0.068,-0.148,0.223,-0.062,-0.164,0.126,-0.144,0.146,0.126,1.0,0.2,0.035,0.221
10000,y1,0.133,-0.135,-0.128,0.105,0.043,0.063,-0.009,-0.185,-0.152,-0.071,-0.214,-0.198,0.2,1.0,0.56,0.659
10000,y2,0.135,0.088,-0.196,0.02,-0.232,-0.116,0.169,-0.034,-0.136,-0.107,-0.176,-0.26,0.035,0.56,1.0,0.634
10000,y3,0.277,-0.168,-0.24,-0.122,0.021,0.22,0.038,-0.167,-0.359,-0.284,-0.343,0.053,0.221,0.659,0.634,1.0
