,,.,A1_1,A1_2,A1_3,B1_1,B1_2,B1_3,A2_1,A2_2,A2_3,B2_1,B2_2,B2_3,y1,y2,y3
1,.,1.0,0.694,0.863,0.91,0.839,0.725,0.891,0.913,0.781,0.861,0.871,0.952,0.852,0.851,0.813,0.872
1,A1_1,0.694,1.0,0.464,0.736,0.62,0.501,0.642,0.823,0.357,0.73,0.525,0.632,0.509,0.724,0.591,0.786
1,A1_2,0.863,0.464,1.0,0.826,0.852,0.556,0.847,0.865,0.825,0.641,0.814,0.878,0.802,0.761,0.834,0.592
1,A1_3,0.91,0.736,0.826,1.0,0.716,0.495,0.741,0.874,0.703,0.757,0.758,0.935,0.656,0.737,0.787,0.745
1,B1_1,0.839,0.62,0.852,0.716,1.0,0.787,0.916,0.881,0.728,0.693,0.863,0.818,0.828,0.899,0.875,0.685
1,B1_2,0.725,0.501,0.556,0.495,0.787,1.0,0.858,0.663,0.513,0.609,0.815,0.642,0.788,0.829,0.563,0.769
1,B1_3,0.891,0.642,0.847,0.741,0.916,0.858,1.0,0.897,0.693,0.763,0.879,0.799,0.952,0.927,0.715,0.812
1,A2_1,0.913,0.823,0.865,0.874,0.881,0.663,0.897,1.0,0.716,0.815,0.792,0.877,0.806,0.886,0.837,0.825
1,A2_2,0.781,0.357,0.825,0.703,0.728,0.513,0.693,0.716,1.0,0.515,0.869,0.751,0.592,0.73,0.848,0.58
1,A2_3,0.861,0.73,0.641,0.757,0.693,0.609,0.763,0.815,0.515,1.0,0.583,0.782,0.798,0.632,0.565,0.782
1,B2_1,0.871,0.525,0.814,0.758,0.863,0.815,0.879,0.792,0.869,0.583,1.0,0.813,0.758,0.926,0.838,0.78
1,B2_2,0.952,0.632,0.878,0.935,0.818,0.642,0.799,0.877,0.751,0.782,0.813,1.0,0.74,0.759,0.859,0.742
1,B2_3,0.852,0.509,0.802,0.656,0.828,0.788,0.952,0.806,0.592,0.798,0.758,0.74,1.0,0.796,0.57,0.746
1,y1,0.851,0.724,0.761,0.737,0.899,0.829,0.927,0.886,0.73,0.632,0.926,0.759,0.796,1.0,0.808,0.856
1,y2,0.813,0.591,0.834,0.787,0.875,0.563,0.715,0.837,0.848,0.565,0.838,0.859,0.57,0.808,1.0,0.633
1,y3,0.872,0.786,0.592,0.745,0.685,0.769,0.812,0.825,0.58,0.782,0.78,0.742,0.746,0.856,0.633,1.0
2,.,1.0,0.702,0.87,0.916,0.852,0.752,0.902,0.92,0.794,0.876,0.88,0.957,0.868,0.862,0.823,0.883
2,A1_1,0.702,1.0,0.486,0.747,0.631,0.518,0.65,0.823,0.381,0.737,0.542,0.649,0.525,0.732,0.606,0.789
2,A1_2,0.87,0.486,1.0,0.835,0.858,0.585,0.859,0.877,0.832,0.674,0.817,0.881,0.82,0.77,0.835,0.616
2,A1_3,0.916,0.747,0.835,1.0,0.734,0.536,0.762,0.882,0.719,0.779,0.774,0.937,0.684,0.754,0.795,0.764
2,B1_1,0.852,0.631,0.858,0.734,1.0,0.804,0.923,0.892,0.745,0.715,0.866,0.832,0.842,0.904,0.883,0.704
2,B1_2,0.752,0.518,0.585,0.536,0.804,1.0,0.867,0.691,0.548,0.632,0.829,0.679,0.802,0.844,0.601,0.787
2,B1_3,0.902,0.65,0.859,0.762,0.923,0.867,1.0,0.907,0.72,0.78,0.888,0.818,0.955,0.931,0.737,0.822
2,A2_1,0.92,0.823,0.877,0.882,0.892,0.691,0.907,1.0,0.737,0.827,0.808,0.888,0.823,0.895,0.849,0.834
2,A2_2,0.794,0.381,0.832,0.719,0.745,0.548,0.72,0.737,1.0,0.548,0.88,0.76,0.625,0.748,0.853,0.607
2,A2_3,0.876,0.737,0.674,0.779,0.715,0.632,0.78,0.827,0.548,1.0,0.613,0.806,0.816,0.658,0.595,0.794
2,B2_1,0.88,0.542,0.817,0.774,0.866,0.829,0.888,0.808,0.88,0.613,1.0,0.823,0.772,0.928,0.845,0.796
2,B2_2,0.957,0.649,0.881,0.937,0.832,0.679,0.818,0.888,0.76,0.806,0.823,1.0,0.767,0.779,0.864,0.768
2,B2_3,0.868,0.525,0.82,0.684,0.842,0.802,0.955,0.823,0.625,0.816,0.772,0.767,1.0,0.808,0.599,0.76
2,y1,0.862,0.732,0.77,0.754,0.904,0.844,0.931,0.895,0.748,0.658,0.928,0.779,0.808,1.0,0.82,0.866
2,y2,0.823,0.606,0.835,0.795,0.883,0.601,0.737,0.849,0.853,0.595,0.845,0.864,0.599,0.82,1.0,0.66
2,y3,0.883,0.789,0.616,0.764,0.704,0.787,0.822,0.834,0.607,0.794,0.796,0.768,0.76,0.866,0.66,1.0
3,.,1.0,0.712,0.88,0.922,0.864,0.776,0.913,0.926,0.808,0.89,0.889,0.961,0.883,0.872,0.834,0.893
3,A1_1,0.712,1.0,0.511,0.758,0.643,0.536,0.661,0.824,0.41,0.745,0.561,0.667,0.544,0.741,0.624,0.793
3,A1_2,0.88,0.511,1.0,0.847,0.864,0.614,0.872,0.889,0.84,0.709,0.822,0.886,0.839,0.78,0.838,0.643
3,A1_3,0.922,0.758,0.847,1.0,0.751,0.574,0.782,0.891,0.736,0.802,0.789,0.941,0.712,0.771,0.805,0.783
3,B1_1,0.864,0.643,0.864,0.751,1.0,0.821,0.93,0.902,0.762,0.738,0.871,0.846,0.856,0.91,0.892,0.725
3,B1_2,0.776,0.536,0.614,0.574,0.821,1.0,0.875,0.716,0.585,0.654,0.844,0.712,0.815,0.858,0.64,0.803
3,B1_3,0.913,0.661,0.872,0.782,0.93,0.875,1.0,0.916,0.749,0.797,0.898,0.837,0.958,0.937,0.761,0.833
3,A2_1,0.926,0.824,0.889,0.891,0.902,0.716,0.916,1.0,0.76,0.84,0.823,0.898,0.84,0.904,0.863,0.844
3,A2_2,0.808,0.41,0.84,0.736,0.762,0.585,0.749,0.76,1.0,0.584,0.891,0.771,0.66,0.766,0.859,0.636
3,A2_3,0.89,0.745,0.709,0.802,0.738,0.654,0.797,0.84,0.584,1.0,0.644,0.829,0.833,0.684,0.628,0.806
3,B2_1,0.889,0.561,0.822,0.789,0.871,0.844,0.898,0.823,0.891,0.644,1.0,0.833,0.789,0.931,0.853,0.813
3,B2_2,0.961,0.667,0.886,0.941,0.846,0.712,0.837,0.898,0.771,0.829,0.833,1.0,0.793,0.799,0.871,0.793
3,B2_3,0.883,0.544,0.839,0.712,0.856,0.815,0.958,0.84,0.66,0.833,0.789,0.793,1.0,0.821,0.633,0.776
3,y1,0.872,0.741,0.78,0.771,0.91,0.858,0.937,0.904,0.766,0.684,0.931,0.799,0.821,1.0,0.834,0.877
3,y2,0.834,0.624,0.838,0.805,0.892,0.64,0.761,0.863,0.859,0.628,0.853,0.871,0.633,0.834,1.0,0.688
3,y3,0.893,0.793,0.643,0.783,0.725,0.803,0.833,0.844,0.636,0.806,0.813,0.793,0.776,0.877,0.688,1.0
4,.,1.0,0.721,0.889,0.928,0.874,0.794,0.922,0.931,0.821,0.902,0.896,0.965,0.896,0.88,0.845,0.9
4,A1_1,0.721,1.0,0.535,0.768,0.656,0.551,0.672,0.826,0.439,0.753,0.58,0.684,0.563,0.75,0.641,0.798
4,A1_2,0.889,0.535,1.0,0.858,0.869,0.637,0.883,0.9,0.847,0.739,0.826,0.891,0.856,0.789,0.842,0.666
4,A1_3,0.928,0.768,0.858,1.0,0.767,0.605,0.801,0.899,0.753,0.822,0.803,0.944,0.738,0.785,0.814,0.799
4,B1_1,0.874,0.656,0.869,0.767,1.0,0.837,0.936,0.911,0.779,0.759,0.876,0.859,0.868,0.916,0.9,0.745
4,B1_2,0.794,0.551,0.637,0.605,0.837,1.0,0.883,0.738,0.617,0.673,0.856,0.74,0.825,0.871,0.674,0.817
4,B1_3,0.922,0.672,0.883,0.801,0.936,0.883,1.0,0.924,0.775,0.812,0.907,0.853,0.961,0.941,0.783,0.844
4,A2_1,0.931,0.826,0.9,0.899,0.911,0.738,0.924,1.0,0.782,0.852,0.838,0.908,0.854,0.912,0.876,0.853
4,A2_2,0.821,0.439,0.847,0.753,0.779,0.617,0.775,0.782,1.0,0.617,0.9,0.782,0.691,0.784,0.865,0.662
4,A2_3,0.902,0.753,0.739,0.822,0.759,0.673,0.812,0.852,0.617,1.0,0.671,0.849,0.849,0.707,0.658,0.816
4,B2_1,0.896,0.58,0.826,0.803,0.876,0.856,0.907,0.838,0.9,0.671,1.0,0.843,0.804,0.934,0.861,0.828
4,B2_2,0.965,0.684,0.891,0.944,0.859,0.74,0.853,0.908,0.782,0.849,0.843,1.0,0.816,0.816,0.878,0.813
4,B2_3,0.896,0.563,0.856,0.738,0.868,0.825,0.961,0.854,0.691,0.849,0.804,0.816,1.0,0.833,0.664,0.79
4,y1,0.88,0.75,0.789,0.785,0.916,0.871,0.941,0.912,0.784,0.707,0.934,0.816,0.833,1.0,0.847,0.887
4,y2,0.845,0.641,0.842,0.814,0.9,0.674,0.783,0.876,0.865,0.658,0.861,0.878,0.664,0.847,1.0,0.714
4,y3,0.9,0.798,0.666,0.799,0.745,0.817,0.844,0.853,0.662,0.816,0.828,0.813,0.79,0.887,0.714,1.0
5,.,1.0,0.73,0.896,0.932,0.882,0.807,0.929,0.935,0.833,0.912,0.903,0.967,0.906,0.887,0.853,0.906
5,A1_1,0.73,1.0,0.558,0.778,0.667,0.564,0.682,0.828,0.464,0.76,0.597,0.7,0.579,0.758,0.657,0.803
5,A1_2,0.896,0.558,1.0,0.868,0.873,0.656,0.891,0.909,0.853,0.765,0.83,0.896,0.869,0.796,0.846,0.686
5,A1_3,0.932,0.778,0.868,1.0,0.781,0.63,0.816,0.905,0.768,0.838,0.815,0.947,0.759,0.797,0.822,0.812
5,B1_1,0.882,0.667,0.873,0.781,1.0,0.849,0.941,0.918,0.794,0.775,0.881,0.869,0.877,0.921,0.907,0.761
5,B1_2,0.807,0.564,0.656,0.63,0.849,1.0,0.888,0.755,0.644,0.688,0.866,0.761,0.833,0.881,0.702,0.828
5,B1_3,0.929,0.682,0.891,0.816,0.941,0.888,1.0,0.931,0.796,0.825,0.914,0.866,0.963,0.945,0.801,0.852
5,A2_1,0.935,0.828,0.909,0.905,0.918,0.755,0.931,1.0,0.8,0.861,0.85,0.915,0.866,0.919,0.886,0.86
5,A2_2,0.833,0.464,0.853,0.768,0.794,0.644,0.796,0.8,1.0,0.646,0.908,0.793,0.718,0.798,0.87,0.684
5,A2_3,0.912,0.76,0.765,0.838,0.775,0.688,0.825,0.861,0.646,1.0,0.695,0.864,0.862,0.726,0.683,0.825
5,B2_1,0.903,0.597,0.83,0.815,0.881,0.866,0.914,0.85,0.908,0.695,1.0,0.851,0.817,0.936,0.868,0.841
5,B2_2,0.967,0.7,0.896,0.947,0.869,0.761,0.866,0.915,0.793,0.864,0.851,1.0,0.833,0.831,0.885,0.83
5,B2_3,0.906,0.579,0.869,0.759,0.877,0.833,0.963,0.866,0.718,0.862,0.817,0.833,1.0,0.843,0.689,0.801
5,y1,0.887,0.758,0.796,0.797,0.921,0.881,0.945,0.919,0.798,0.726,0.936,0.831,0.843,1.0,0.858,0.895
5,y2,0.853,0.657,0.846,0.822,0.907,0.702,0.801,0.886,0.87,0.683,0.868,0.885,0.689,0.858,1.0,0.735
5,y3,0.906,0.803,0.686,0.812,0.761,0.828,0.852,0.86,0.684,0.825,0.841,0.83,0.801,0.895,0.735,1.0
6,.,1.0,0.734,0.9,0.935,0.886,0.814,0.933,0.937,0.842,0.917,0.908,0.968,0.912,0.89,0.856,0.909
6,A1_1,0.734,1.0,0.571,0.782,0.673,0.569,0.687,0.829,0.481,0.764,0.606,0.708,0.589,0.762,0.664,0.805
6,A1_2,0.9,0.571,1.0,0.876,0.874,0.663,0.894,0.913,0.858,0.779,0.832,0.898,0.875,0.799,0.847,0.695
6,A1_3,0.935,0.782,0.876,1.0,0.788,0.642,0.824,0.908,0.778,0.848,0.822,0.948,0.772,0.804,0.827,0.819
6,B1_1,0.886,0.673,0.874,0.788,1.0,0.857,0.944,0.922,0.804,0.784,0.885,0.875,0.882,0.924,0.911,0.769
6,B1_2,0.814,0.569,0.663,0.642,0.857,1.0,0.891,0.763,0.66,0.695,0.872,0.772,0.837,0.887,0.717,0.834
6,B1_3,0.933,0.687,0.894,0.824,0.944,0.891,1.0,0.934,0.81,0.832,0.919,0.873,0.964,0.947,0.81,0.857
6,A2_1,0.937,0.829,0.913,0.908,0.922,0.763,0.934,1.0,0.813,0.866,0.857,0.919,0.873,0.922,0.891,0.863
6,A2_2,0.842,0.481,0.858,0.778,0.804,0.66,0.81,0.813,1.0,0.665,0.914,0.801,0.735,0.807,0.874,0.698
6,A2_3,0.917,0.764,0.779,0.848,0.784,0.695,0.832,0.866,0.665,1.0,0.71,0.872,0.87,0.736,0.694,0.828
6,B2_1,0.908,0.606,0.832,0.822,0.885,0.872,0.919,0.857,0.914,0.71,1.0,0.858,0.826,0.937,0.872,0.848
6,B2_2,0.968,0.708,0.898,0.948,0.875,0.772,0.873,0.919,0.801,0.872,0.858,1.0,0.842,0.839,0.888,0.838
6,B2_3,0.912,0.589,0.875,0.772,0.882,0.837,0.964,0.873,0.735,0.87,0.826,0.842,1.0,0.847,0.701,0.807
6,y1,0.89,0.762,0.799,0.804,0.924,0.887,0.947,0.922,0.807,0.736,0.937,0.839,0.847,1.0,0.865,0.899
6,y2,0.856,0.664,0.847,0.827,0.911,0.717,0.81,0.891,0.874,0.694,0.872,0.888,0.701,0.865,1.0,0.746
6,y3,0.909,0.805,0.695,0.819,0.769,0.834,0.857,0.863,0.698,0.828,0.848,0.838,0.807,0.899,0.746,1.0
7,.,1.0,0.736,0.903,0.938,0.889,0.817,0.936,0.938,0.849,0.921,0.912,0.969,0.917,0.891,0.858,0.91
7,A1_1,0.736,1.0,0.581,0.786,0.676,0.57,0.691,0.829,0.494,0.766,0.614,0.714,0.596,0.765,0.669,0.806
7,A1_2,0.903,0.581,1.0,0.882,0.873,0.666,0.895,0.917,0.862,0.79,0.834,0.9,0.879,0.8,0.847,0.701
7,A1_3,0.938,0.786,0.882,1.0,0.793,0.649,0.83,0.911,0.787,0.855,0.828,0.949,0.782,0.808,0.83,0.823
7,B1_1,0.889,0.676,0.873,0.793,1.0,0.863,0.946,0.924,0.811,0.79,0.888,0.879,0.886,0.926,0.913,0.775
7,B1_2,0.817,0.57,0.666,0.649,0.863,1.0,0.893,0.768,0.672,0.699,0.876,0.78,0.839,0.89,0.727,0.837
7,B1_3,0.936,0.691,0.895,0.83,0.946,0.893,1.0,0.937,0.822,0.838,0.923,0.878,0.965,0.947,0.817,0.859
7,A2_1,0.938,0.829,0.917,0.911,0.924,0.768,0.937,1.0,0.822,0.87,0.863,0.922,0.878,0.924,0.894,0.864
7,A2_2,0.849,0.494,0.862,0.787,0.811,0.672,0.822,0.822,1.0,0.68,0.918,0.807,0.749,0.814,0.877,0.708
7,A2_3,0.921,0.766,0.79,0.855,0.79,0.699,0.838,0.87,0.68,1.0,0.722,0.877,0.876,0.743,0.701,0.83
7,B2_1,0.912,0.614,0.834,0.828,0.888,0.876,0.923,0.863,0.918,0.722,1.0,0.863,0.833,0.938,0.875,0.854
7,B2_2,0.969,0.714,0.9,0.949,0.879,0.78,0.878,0.922,0.807,0.877,0.863,1.0,0.85,0.846,0.89,0.845
7,B2_3,0.917,0.596,0.879,0.782,0.886,0.839,0.965,0.878,0.749,0.876,0.833,0.85,1.0,0.85,0.709,0.811
7,y1,0.891,0.765,0.8,0.808,0.926,0.89,0.947,0.924,0.814,0.743,0.938,0.846,0.85,1.0,0.869,0.902
7,y2,0.858,0.669,0.847,0.83,0.913,0.727,0.817,0.894,0.877,0.701,0.875,0.89,0.709,0.869,1.0,0.753
7,y3,0.91,0.806,0.701,0.823,0.775,0.837,0.859,0.864,0.708,0.83,0.854,0.845,0.811,0.902,0.753,1.0
8,.,1.0,0.739,0.907,0.94,0.891,0.82,0.938,0.939,0.856,0.926,0.915,0.969,0.922,0.892,0.859,0.911
8,A1_1,0.739,1.0,0.593,0.79,0.68,0.572,0.694,0.83,0.507,0.769,0.621,0.721,0.603,0.768,0.676,0.808
8,A1_2,0.907,0.593,1.0,0.888,0.873,0.67,0.898,0.921,0.865,0.802,0.835,0.903,0.884,0.802,0.848,0.708
8,A1_3,0.94,0.79,0.888,1.0,0.798,0.656,0.836,0.914,0.795,0.863,0.832,0.951,0.792,0.812,0.833,0.827
8,B1_1,0.891,0.68,0.873,0.798,1.0,0.868,0.948,0.926,0.819,0.796,0.891,0.883,0.889,0.929,0.915,0.781
8,B1_2,0.82,0.572,0.67,0.656,0.868,1.0,0.894,0.773,0.684,0.702,0.879,0.787,0.841,0.894,0.738,0.839
8,B1_3,0.938,0.694,0.898,0.836,0.948,0.894,1.0,0.94,0.833,0.844,0.927,0.884,0.966,0.948,0.824,0.862
8,A2_1,0.939,0.83,0.921,0.914,0.926,0.773,0.94,1.0,0.832,0.874,0.868,0.924,0.883,0.926,0.898,0.866
8,A2_2,0.856,0.507,0.865,0.795,0.819,0.684,0.833,0.832,1.0,0.696,0.922,0.814,0.764,0.821,0.879,0.718
8,A2_3,0.926,0.769,0.802,0.863,0.796,0.702,0.844,0.874,0.696,1.0,0.734,0.883,0.883,0.75,0.71,0.832
8,B2_1,0.915,0.621,0.835,0.832,0.891,0.879,0.927,0.868,0.922,0.734,1.0,0.868,0.841,0.939,0.878,0.859
8,B2_2,0.969,0.721,0.903,0.951,0.883,0.787,0.884,0.924,0.814,0.883,0.868,1.0,0.857,0.852,0.892,0.851
8,B2_3,0.922,0.603,0.884,0.792,0.889,0.841,0.966,0.883,0.764,0.883,0.841,0.857,1.0,0.853,0.719,0.815
8,y1,0.892,0.768,0.802,0.812,0.929,0.894,0.948,0.926,0.821,0.75,0.939,0.852,0.853,1.0,0.874,0.905
8,y2,0.859,0.676,0.848,0.833,0.915,0.738,0.824,0.898,0.879,0.71,0.878,0.892,0.719,0.874,1.0,0.761
8,y3,0.911,0.808,0.708,0.827,0.781,0.839,0.862,0.866,0.718,0.832,0.859,0.851,0.815,0.905,0.761,1.0
9,.,1.0,0.739,0.908,0.941,0.891,0.819,0.94,0.939,0.86,0.927,0.918,0.969,0.924,0.891,0.857,0.909
9,A1_1,0.739,1.0,0.598,0.791,0.68,0.568,0.695,0.83,0.514,0.768,0.623,0.723,0.605,0.769,0.677,0.808
9,A1_2,0.908,0.598,1.0,0.893,0.871,0.668,0.897,0.922,0.867,0.808,0.835,0.903,0.885,0.8,0.846,0.709
9,A1_3,0.941,0.791,0.893,1.0,0.8,0.656,0.839,0.915,0.801,0.866,0.835,0.951,0.798,0.813,0.833,0.828
9,B1_1,0.891,0.68,0.871,0.8,1.0,0.871,0.949,0.926,0.823,0.797,0.893,0.885,0.89,0.93,0.915,0.782
9,B1_2,0.819,0.568,0.668,0.656,0.871,1.0,0.894,0.772,0.689,0.701,0.88,0.789,0.84,0.895,0.74,0.838
9,B1_3,0.94,0.695,0.897,0.839,0.949,0.894,1.0,0.94,0.84,0.847,0.93,0.886,0.967,0.948,0.826,0.862
9,A2_1,0.939,0.83,0.922,0.915,0.926,0.772,0.94,1.0,0.838,0.876,0.871,0.925,0.885,0.926,0.898,0.865
9,A2_2,0.86,0.514,0.867,0.801,0.823,0.689,0.84,0.838,1.0,0.706,0.924,0.818,0.773,0.823,0.88,0.722
9,A2_3,0.927,0.768,0.808,0.866,0.797,0.701,0.847,0.876,0.706,1.0,0.74,0.884,0.886,0.752,0.71,0.83
9,B2_1,0.918,0.623,0.835,0.835,0.893,0.88,0.93,0.871,0.924,0.74,1.0,0.871,0.845,0.939,0.879,0.861
9,B2_2,0.969,0.723,0.903,0.951,0.885,0.789,0.886,0.925,0.818,0.884,0.871,1.0,0.86,0.856,0.892,0.853
9,B2_3,0.924,0.605,0.885,0.798,0.89,0.84,0.967,0.885,0.773,0.886,0.845,0.86,1.0,0.853,0.72,0.814
9,y1,0.891,0.769,0.8,0.813,0.93,0.895,0.948,0.926,0.823,0.752,0.939,0.856,0.853,1.0,0.876,0.906
9,y2,0.857,0.677,0.846,0.833,0.915,0.74,0.826,0.898,0.88,0.71,0.879,0.892,0.72,0.876,1.0,0.762
9,y3,0.909,0.808,0.709,0.828,0.782,0.838,0.862,0.865,0.722,0.83,0.861,0.853,0.814,0.906,0.762,1.0
10,.,1.0,0.737,0.909,0.942,0.889,0.815,0.94,0.938,0.864,0.929,0.919,0.968,0.926,0.889,0.854,0.907
10,A1_1,0.737,1.0,0.601,0.791,0.678,0.561,0.693,0.829,0.518,0.767,0.622,0.724,0.605,0.768,0.677,0.807
10,A1_2,0.909,0.601,1.0,0.896,0.868,0.663,0.896,0.923,0.868,0.812,0.834,0.904,0.886,0.797,0.843,0.707
10,A1_3,0.942,0.791,0.896,1.0,0.799,0.653,0.84,0.916,0.805,0.869,0.836,0.951,0.801,0.812,0.832,0.828
10,B1_1,0.889,0.678,0.868,0.799,1.0,0.872,0.95,0.926,0.826,0.797,0.894,0.885,0.89,0.93,0.914,0.781
10,B1_2,0.815,0.561,0.663,0.653,0.872,1.0,0.892,0.769,0.691,0.696,0.88,0.789,0.839,0.894,0.74,0.835
10,B1_3,0.94,0.693,0.896,0.84,0.95,0.892,1.0,0.941,0.845,0.849,0.931,0.888,0.967,0.946,0.826,0.859
10,A2_1,0.938,0.829,0.923,0.916,0.926,0.769,0.941,1.0,0.842,0.876,0.872,0.926,0.886,0.925,0.897,0.863
10,A2_2,0.864,0.518,0.868,0.805,0.826,0.691,0.845,0.842,1.0,0.714,0.925,0.821,0.78,0.825,0.88,0.724
10,A2_3,0.929,0.767,0.812,0.869,0.797,0.696,0.849,0.876,0.714,1.0,0.745,0.885,0.888,0.751,0.708,0.827
10,B2_1,0.919,0.622,0.834,0.836,0.894,0.88,0.931,0.872,0.925,0.745,1.0,0.873,0.849,0.938,0.879,0.862
10,B2_2,0.968,0.724,0.904,0.951,0.885,0.789,0.888,0.926,0.821,0.885,0.873,1.0,0.862,0.857,0.891,0.854
10,B2_3,0.926,0.605,0.886,0.801,0.89,0.839,0.967,0.886,0.78,0.888,0.849,0.862,1.0,0.852,0.72,0.812
10,y1,0.889,0.768,0.797,0.812,0.93,0.894,0.946,0.925,0.825,0.751,0.938,0.857,0.852,1.0,0.876,0.905
10,y2,0.854,0.677,0.843,0.832,0.914,0.74,0.826,0.897,0.88,0.708,0.879,0.891,0.72,0.876,1.0,0.761
10,y3,0.907,0.807,0.707,0.828,0.781,0.835,0.859,0.863,0.724,0.827,0.862,0.854,0.812,0.905,0.761,1.0
11,.,1.0,0.734,0.91,0.942,0.887,0.809,0.94,0.937,0.867,0.929,0.92,0.967,0.927,0.885,0.849,0.903
11,A1_1,0.734,1.0,0.603,0.79,0.674,0.551,0.69,0.828,0.52,0.764,0.62,0.723,0.603,0.765,0.674,0.805
11,A1_2,0.91,0.603,1.0,0.899,0.865,0.655,0.894,0.923,0.869,0.815,0.832,0.904,0.885,0.793,0.84,0.703
11,A1_3,0.942,0.79,0.899,1.0,0.797,0.646,0.84,0.916,0.807,0.871,0.835,0.951,0.803,0.81,0.83,0.825
11,B1_1,0.887,0.674,0.865,0.797,1.0,0.872,0.95,0.924,0.828,0.794,0.895,0.884,0.89,0.929,0.912,0.777
11,B1_2,0.809,0.551,0.655,0.646,0.872,1.0,0.89,0.764,0.69,0.689,0.879,0.786,0.836,0.892,0.736,0.829
11,B1_3,0.94,0.69,0.894,0.84,0.95,0.89,1.0,0.94,0.849,0.849,0.932,0.888,0.968,0.945,0.824,0.856
11,A2_1,0.937,0.828,0.923,0.916,0.924,0.764,0.94,1.0,0.845,0.876,0.872,0.925,0.886,0.924,0.895,0.86
11,A2_2,0.867,0.52,0.869,0.807,0.828,0.69,0.849,0.845,1.0,0.72,0.926,0.824,0.785,0.824,0.879,0.724
11,A2_3,0.929,0.764,0.815,0.871,0.794,0.689,0.849,0.876,0.72,1.0,0.747,0.884,0.889,0.747,0.704,0.822
11,B2_1,0.92,0.62,0.832,0.835,0.895,0.879,0.932,0.872,0.926,0.747,1.0,0.875,0.852,0.937,0.878,0.861
11,B2_2,0.967,0.723,0.904,0.951,0.884,0.786,0.888,0.925,0.824,0.884,0.875,1.0,0.863,0.858,0.89,0.853
11,B2_3,0.927,0.603,0.885,0.803,0.89,0.836,0.968,0.886,0.785,0.889,0.852,0.863,1.0,0.849,0.716,0.808
11,y1,0.885,0.765,0.793,0.81,0.929,0.892,0.945,0.924,0.824,0.747,0.937,0.858,0.849,1.0,0.875,0.904
11,y2,0.849,0.674,0.84,0.83,0.912,0.736,0.824,0.895,0.879,0.704,0.878,0.89,0.716,0.875,1.0,0.758
11,y3,0.903,0.805,0.703,0.825,0.777,0.829,0.856,0.86,0.724,0.822,0.861,0.853,0.808,0.904,0.758,1.0
12,.,1.0,0.732,0.91,0.943,0.884,0.804,0.939,0.935,0.869,0.93,0.92,0.966,0.928,0.881,0.844,0.899
12,A1_1,0.732,1.0,0.606,0.79,0.67,0.541,0.686,0.827,0.523,0.762,0.617,0.723,0.6,0.764,0.673,0.804
12,A1_2,0.91,0.606,1.0,0.903,0.862,0.649,0.893,0.924,0.87,0.819,0.831,0.904,0.885,0.789,0.836,0.699
12,A1_3,0.943,0.79,0.903,1.0,0.796,0.64,0.84,0.917,0.81,0.873,0.835,0.951,0.805,0.808,0.828,0.823
12,B1_1,0.884,0.67,0.862,0.796,1.0,0.872,0.95,0.922,0.829,0.792,0.896,0.884,0.889,0.929,0.909,0.773
12,B1_2,0.804,0.541,0.649,0.64,0.872,1.0,0.888,0.758,0.689,0.681,0.878,0.783,0.833,0.891,0.732,0.823
12,B1_3,0.939,0.686,0.893,0.84,0.95,0.888,1.0,0.939,0.852,0.849,0.934,0.889,0.968,0.942,0.822,0.851
12,A2_1,0.935,0.827,0.924,0.917,0.922,0.758,0.939,1.0,0.848,0.876,0.872,0.925,0.885,0.922,0.893,0.856
12,A2_2,0.869,0.523,0.87,0.81,0.829,0.689,0.852,0.848,1.0,0.727,0.927,0.826,0.791,0.823,0.877,0.723
12,A2_3,0.93,0.762,0.819,0.873,0.792,0.681,0.849,0.876,0.727,1.0,0.75,0.883,0.89,0.744,0.7,0.817
12,B2_1,0.92,0.617,0.831,0.835,0.896,0.878,0.934,0.872,0.927,0.75,1.0,0.876,0.855,0.935,0.876,0.859
12,B2_2,0.966,0.723,0.904,0.951,0.884,0.783,0.889,0.925,0.826,0.883,0.876,1.0,0.863,0.858,0.888,0.853
12,B2_3,0.928,0.6,0.885,0.805,0.889,0.833,0.968,0.885,0.791,0.89,0.855,0.863,1.0,0.846,0.713,0.802
12,y1,0.881,0.764,0.789,0.808,0.929,0.891,0.942,0.922,0.823,0.744,0.935,0.858,0.846,1.0,0.875,0.902
12,y2,0.844,0.673,0.836,0.828,0.909,0.732,0.822,0.893,0.877,0.7,0.876,0.888,0.713,0.875,1.0,0.755
12,y3,0.899,0.804,0.699,0.823,0.773,0.823,0.851,0.856,0.723,0.817,0.859,0.853,0.802,0.902,0.755,1.0
13,.,1.0,0.727,0.911,0.943,0.88,0.796,0.938,0.933,0.871,0.931,0.92,0.965,0.929,0.876,0.838,0.894
13,A1_1,0.727,1.0,0.607,0.789,0.664,0.528,0.681,0.826,0.523,0.759,0.612,0.721,0.596,0.76,0.67,0.801
13,A1_2,0.911,0.607,1.0,0.905,0.858,0.64,0.892,0.925,0.871,0.822,0.829,0.904,0.885,0.784,0.832,0.694
13,A1_3,0.943,0.789,0.905,1.0,0.792,0.631,0.838,0.917,0.813,0.874,0.833,0.95,0.806,0.804,0.825,0.82
13,B1_1,0.88,0.664,0.858,0.792,1.0,0.871,0.95,0.92,0.83,0.788,0.897,0.882,0.888,0.927,0.906,0.766
13,B1_2,0.796,0.528,0.64,0.631,0.871,1.0,0.885,0.75,0.686,0.671,0.877,0.778,0.829,0.888,0.727,0.815
13,B1_3,0.938,0.681,0.892,0.838,0.95,0.885,1.0,0.938,0.855,0.849,0.935,0.889,0.968,0.94,0.819,0.845
13,A2_1,0.933,0.826,0.925,0.917,0.92,0.75,0.938,1.0,0.851,0.876,0.87,0.925,0.884,0.919,0.89,0.851
13,A2_2,0.871,0.523,0.871,0.813,0.83,0.686,0.855,0.851,1.0,0.733,0.928,0.828,0.796,0.821,0.876,0.72
13,A2_3,0.931,0.759,0.822,0.874,0.788,0.671,0.849,0.876,0.733,1.0,0.751,0.882,0.89,0.739,0.694,0.811
13,B2_1,0.92,0.612,0.829,0.833,0.897,0.877,0.935,0.87,0.928,0.751,1.0,0.877,0.857,0.933,0.874,0.855
13,B2_2,0.965,0.721,0.904,0.95,0.882,0.778,0.889,0.925,0.828,0.882,0.877,1.0,0.863,0.858,0.886,0.851
13,B2_3,0.929,0.596,0.885,0.806,0.888,0.829,0.968,0.884,0.796,0.89,0.857,0.863,1.0,0.842,0.709,0.796
13,y1,0.876,0.76,0.784,0.804,0.927,0.888,0.94,0.919,0.821,0.739,0.933,0.858,0.842,1.0,0.873,0.899
13,y2,0.838,0.67,0.832,0.825,0.906,0.727,0.819,0.89,0.876,0.694,0.874,0.886,0.709,0.873,1.0,0.751
13,y3,0.894,0.801,0.694,0.82,0.766,0.815,0.845,0.851,0.72,0.811,0.855,0.851,0.796,0.899,0.751,1.0
14,.,1.0,0.723,0.911,0.943,0.875,0.786,0.936,0.93,0.873,0.931,0.919,0.964,0.929,0.869,0.832,0.888
14,A1_1,0.723,1.0,0.609,0.788,0.657,0.514,0.675,0.824,0.524,0.755,0.607,0.72,0.59,0.757,0.668,0.799
14,A1_2,0.911,0.609,1.0,0.908,0.854,0.63,0.89,0.925,0.871,0.826,0.827,0.904,0.885,0.778,0.828,0.688
14,A1_3,0.943,0.788,0.908,1.0,0.789,0.62,0.837,0.918,0.815,0.876,0.831,0.95,0.807,0.8,0.823,0.816
14,B1_1,0.875,0.657,0.854,0.789,1.0,0.87,0.95,0.916,0.83,0.783,0.897,0.88,0.887,0.926,0.903,0.759
14,B1_2,0.786,0.514,0.63,0.62,0.87,1.0,0.882,0.74,0.682,0.66,0.875,0.772,0.825,0.884,0.719,0.805
14,B1_3,0.936,0.675,0.89,0.837,0.95,0.882,1.0,0.936,0.857,0.847,0.935,0.888,0.968,0.937,0.816,0.838
14,A2_1,0.93,0.824,0.925,0.918,0.916,0.74,0.936,1.0,0.852,0.875,0.869,0.924,0.882,0.916,0.888,0.846
14,A2_2,0.873,0.524,0.871,0.815,0.83,0.682,0.857,0.852,1.0,0.739,0.928,0.83,0.8,0.818,0.874,0.716
14,A2_3,0.931,0.755,0.826,0.876,0.783,0.66,0.847,0.875,0.739,1.0,0.751,0.88,0.89,0.733,0.689,0.803
14,B2_1,0.919,0.607,0.827,0.831,0.897,0.875,0.935,0.869,0.928,0.751,1.0,0.877,0.859,0.931,0.872,0.85
14,B2_2,0.964,0.72,0.904,0.95,0.88,0.772,0.888,0.924,0.83,0.88,0.877,1.0,0.863,0.856,0.883,0.848
14,B2_3,0.929,0.59,0.885,0.807,0.887,0.825,0.968,0.882,0.8,0.89,0.859,0.863,1.0,0.837,0.704,0.788
14,y1,0.869,0.757,0.778,0.8,0.926,0.884,0.937,0.916,0.818,0.733,0.931,0.856,0.837,1.0,0.871,0.896
14,y2,0.832,0.668,0.828,0.823,0.903,0.719,0.816,0.888,0.874,0.689,0.872,0.883,0.704,0.871,1.0,0.746
14,y3,0.888,0.799,0.688,0.816,0.759,0.805,0.838,0.846,0.716,0.803,0.85,0.848,0.788,0.896,0.746,1.0
15,.,1.0,0.718,0.911,0.943,0.87,0.775,0.934,0.928,0.874,0.931,0.918,0.962,0.929,0.862,0.824,0.881
15,A1_1,0.718,1.0,0.609,0.787,0.649,0.497,0.667,0.823,0.523,0.751,0.599,0.717,0.583,0.753,0.664,0.796
15,A1_2,0.911,0.609,1.0,0.911,0.85,0.618,0.887,0.925,0.871,0.829,0.824,0.904,0.884,0.772,0.823,0.68
15,A1_3,0.943,0.787,0.911,1.0,0.784,0.607,0.834,0.918,0.817,0.877,0.827,0.949,0.806,0.794,0.819,0.811
15,B1_1,0.87,0.649,0.85,0.784,1.0,0.868,0.95,0.913,0.829,0.777,0.897,0.878,0.886,0.924,0.898,0.749
15,B1_2,0.775,0.497,0.618,0.607,0.868,1.0,0.878,0.729,0.676,0.646,0.872,0.765,0.82,0.879,0.709,0.793
15,B1_3,0.934,0.667,0.887,0.834,0.95,0.878,1.0,0.933,0.859,0.845,0.936,0.887,0.968,0.933,0.81,0.829
15,A2_1,0.928,0.823,0.925,0.918,0.913,0.729,0.933,1.0,0.854,0.874,0.866,0.923,0.88,0.912,0.884,0.839
15,A2_2,0.874,0.523,0.871,0.817,0.829,0.676,0.859,0.854,1.0,0.744,0.927,0.831,0.804,0.814,0.871,0.71
15,A2_3,0.931,0.751,0.829,0.877,0.777,0.646,0.845,0.874,0.744,1.0,0.751,0.878,0.889,0.724,0.681,0.794
15,B2_1,0.918,0.599,0.824,0.827,0.897,0.872,0.936,0.866,0.927,0.751,1.0,0.877,0.861,0.928,0.868,0.844
15,B2_2,0.962,0.717,0.904,0.949,0.878,0.765,0.887,0.923,0.831,0.878,0.877,1.0,0.862,0.854,0.88,0.844
15,B2_3,0.929,0.583,0.884,0.806,0.886,0.82,0.968,0.88,0.804,0.889,0.861,0.862,1.0,0.831,0.696,0.778
15,y1,0.862,0.753,0.772,0.794,0.924,0.879,0.933,0.912,0.814,0.724,0.928,0.854,0.831,1.0,0.868,0.892
15,y2,0.824,0.664,0.823,0.819,0.898,0.709,0.81,0.884,0.871,0.681,0.868,0.88,0.696,0.868,1.0,0.739
15,y3,0.881,0.796,0.68,0.811,0.749,0.793,0.829,0.839,0.71,0.794,0.844,0.844,0.778,0.892,0.739,1.0
16,.,1.0,0.712,0.91,0.943,0.863,0.762,0.931,0.924,0.874,0.93,0.916,0.96,0.927,0.852,0.814,0.871
16,A1_1,0.712,1.0,0.608,0.785,0.638,0.476,0.657,0.821,0.52,0.746,0.59,0.713,0.573,0.747,0.659,0.793
16,A1_2,0.91,0.608,1.0,0.913,0.845,0.604,0.884,0.925,0.871,0.829,0.821,0.903,0.881,0.763,0.816,0.668
16,A1_3,0.943,0.785,0.913,1.0,0.777,0.591,0.829,0.917,0.817,0.876,0.823,0.948,0.804,0.787,0.814,0.803
16,B1_1,0.863,0.638,0.845,0.777,1.0,0.865,0.949,0.907,0.826,0.768,0.897,0.874,0.883,0.92,0.891,0.735
16,B1_2,0.762,0.476,0.604,0.591,0.865,1.0,0.874,0.714,0.666,0.629,0.868,0.755,0.814,0.873,0.694,0.777
16,B1_3,0.931,0.657,0.884,0.829,0.949,0.874,1.0,0.929,0.858,0.84,0.936,0.884,0.968,0.928,0.801,0.816
16,A2_1,0.924,0.821,0.925,0.917,0.907,0.714,0.929,1.0,0.853,0.872,0.862,0.922,0.875,0.906,0.878,0.83
16,A2_2,0.874,0.52,0.871,0.817,0.826,0.666,0.858,0.853,1.0,0.748,0.926,0.831,0.805,0.806,0.866,0.7
16,A2_3,0.93,0.746,0.829,0.876,0.768,0.629,0.84,0.872,0.748,1.0,0.747,0.873,0.886,0.712,0.669,0.782
16,B2_1,0.916,0.59,0.821,0.823,0.897,0.868,0.936,0.862,0.926,0.747,1.0,0.877,0.862,0.923,0.863,0.835
16,B2_2,0.96,0.713,0.903,0.948,0.874,0.755,0.884,0.922,0.831,0.873,0.877,1.0,0.858,0.851,0.875,0.838
16,B2_3,0.927,0.573,0.881,0.804,0.883,0.814,0.968,0.875,0.805,0.886,0.862,0.858,1.0,0.823,0.684,0.763
16,y1,0.852,0.747,0.763,0.787,0.92,0.873,0.928,0.906,0.806,0.712,0.923,0.851,0.823,1.0,0.863,0.887
16,y2,0.814,0.659,0.816,0.814,0.891,0.694,0.801,0.878,0.866,0.669,0.863,0.875,0.684,0.863,1.0,0.729
16,y3,0.871,0.793,0.668,0.803,0.735,0.777,0.816,0.83,0.7,0.782,0.835,0.838,0.763,0.887,0.729,1.0
17,.,1.0,0.704,0.909,0.942,0.854,0.746,0.927,0.92,0.875,0.929,0.913,0.957,0.925,0.841,0.802,0.859
17,A1_1,0.704,1.0,0.604,0.781,0.624,0.452,0.645,0.818,0.514,0.739,0.577,0.707,0.56,0.74,0.651,0.788
17,A1_2,0.909,0.604,1.0,0.915,0.838,0.587,0.879,0.924,0.871,0.828,0.816,0.902,0.877,0.752,0.808,0.653
17,A1_3,0.942,0.781,0.915,1.0,0.769,0.571,0.823,0.917,0.817,0.876,0.817,0.947,0.799,0.778,0.808,0.794
17,B1_1,0.854,0.624,0.838,0.769,1.0,0.861,0.948,0.9,0.822,0.756,0.896,0.869,0.879,0.915,0.882,0.717
17,B1_2,0.746,0.452,0.587,0.571,0.861,1.0,0.868,0.696,0.652,0.608,0.863,0.742,0.807,0.865,0.675,0.757
17,B1_3,0.927,0.645,0.879,0.823,0.948,0.868,1.0,0.924,0.856,0.834,0.935,0.88,0.967,0.921,0.789,0.799
17,A2_1,0.92,0.818,0.924,0.917,0.9,0.696,0.924,1.0,0.852,0.869,0.856,0.919,0.87,0.899,0.87,0.818
17,A2_2,0.875,0.514,0.871,0.817,0.822,0.652,0.856,0.852,1.0,0.75,0.924,0.831,0.805,0.797,0.86,0.688
17,A2_3,0.929,0.739,0.828,0.876,0.756,0.608,0.834,0.869,0.75,1.0,0.742,0.867,0.882,0.697,0.654,0.767
17,B2_1,0.913,0.577,0.816,0.817,0.896,0.863,0.935,0.856,0.924,0.742,1.0,0.875,0.863,0.918,0.856,0.823
17,B2_2,0.957,0.707,0.902,0.947,0.869,0.742,0.88,0.919,0.831,0.867,0.875,1.0,0.853,0.847,0.87,0.83
17,B2_3,0.925,0.56,0.877,0.799,0.879,0.807,0.967,0.87,0.805,0.882,0.863,0.853,1.0,0.812,0.668,0.745
17,y1,0.841,0.74,0.752,0.778,0.915,0.865,0.921,0.899,0.797,0.697,0.918,0.847,0.812,1.0,0.857,0.88
17,y2,0.802,0.651,0.808,0.808,0.882,0.675,0.789,0.87,0.86,0.654,0.856,0.87,0.668,0.857,1.0,0.716
17,y3,0.859,0.788,0.653,0.794,0.717,0.757,0.799,0.818,0.688,0.767,0.823,0.83,0.745,0.88,0.716,1.0
18,.,1.0,0.696,0.909,0.941,0.845,0.729,0.922,0.916,0.875,0.928,0.909,0.955,0.922,0.828,0.791,0.845
18,A1_1,0.696,1.0,0.602,0.778,0.609,0.427,0.632,0.816,0.51,0.733,0.564,0.702,0.547,0.733,0.644,0.783
18,A1_2,0.909,0.602,1.0,0.917,0.831,0.57,0.875,0.923,0.871,0.829,0.812,0.901,0.874,0.741,0.801,0.638
18,A1_3,0.941,0.778,0.917,1.0,0.76,0.551,0.817,0.917,0.818,0.875,0.811,0.946,0.795,0.769,0.802,0.784
18,B1_1,0.845,0.609,0.831,0.76,1.0,0.857,0.947,0.893,0.817,0.744,0.896,0.863,0.876,0.91,0.873,0.697
18,B1_2,0.729,0.427,0.57,0.551,0.857,1.0,0.863,0.677,0.638,0.586,0.858,0.729,0.8,0.856,0.656,0.734
18,B1_3,0.922,0.632,0.875,0.817,0.947,0.863,1.0,0.919,0.854,0.827,0.935,0.876,0.967,0.913,0.778,0.781
18,A2_1,0.916,0.816,0.923,0.917,0.893,0.677,0.919,1.0,0.852,0.867,0.851,0.917,0.864,0.891,0.863,0.806
18,A2_2,0.875,0.51,0.871,0.818,0.817,0.638,0.854,0.852,1.0,0.754,0.921,0.83,0.805,0.787,0.855,0.674
18,A2_3,0.928,0.733,0.829,0.875,0.744,0.586,0.827,0.867,0.754,1.0,0.737,0.862,0.877,0.681,0.641,0.75
18,B2_1,0.909,0.564,0.812,0.811,0.896,0.858,0.935,0.851,0.921,0.737,1.0,0.873,0.864,0.913,0.849,0.809
18,B2_2,0.955,0.702,0.901,0.946,0.863,0.729,0.876,0.917,0.83,0.862,0.873,1.0,0.849,0.842,0.865,0.822
18,B2_3,0.922,0.547,0.874,0.795,0.876,0.8,0.967,0.864,0.805,0.877,0.864,0.849,1.0,0.801,0.654,0.725
18,y1,0.828,0.733,0.741,0.769,0.91,0.856,0.913,0.891,0.787,0.681,0.913,0.842,0.801,1.0,0.85,0.872
18,y2,0.791,0.644,0.801,0.802,0.873,0.656,0.778,0.863,0.855,0.641,0.849,0.865,0.654,0.85,1.0,0.704
18,y3,0.845,0.783,0.638,0.784,0.697,0.734,0.781,0.806,0.674,0.75,0.809,0.822,0.725,0.872,0.704,1.0
19,.,1.0,0.688,0.908,0.941,0.835,0.709,0.915,0.911,0.875,0.927,0.905,0.952,0.919,0.813,0.778,0.83
19,A1_1,0.688,1.0,0.6,0.776,0.593,0.399,0.617,0.814,0.505,0.726,0.55,0.697,0.532,0.726,0.638,0.779
19,A1_2,0.908,0.6,1.0,0.919,0.824,0.551,0.869,0.923,0.87,0.829,0.807,0.9,0.87,0.729,0.791,0.621
19,A1_3,0.941,0.776,0.919,1.0,0.75,0.529,0.81,0.916,0.818,0.875,0.803,0.945,0.79,0.758,0.796,0.772
19,B1_1,0.835,0.593,0.824,0.75,1.0,0.853,0.946,0.884,0.811,0.73,0.895,0.857,0.872,0.904,0.862,0.673
19,B1_2,0.709,0.399,0.551,0.529,0.853,1.0,0.858,0.656,0.622,0.562,0.853,0.714,0.792,0.846,0.633,0.708
19,B1_3,0.915,0.617,0.869,0.81,0.946,0.858,1.0,0.912,0.85,0.819,0.935,0.871,0.967,0.904,0.763,0.759
19,A2_1,0.911,0.814,0.923,0.916,0.884,0.656,0.912,1.0,0.85,0.864,0.844,0.915,0.857,0.882,0.855,0.791
19,A2_2,0.875,0.505,0.87,0.818,0.811,0.622,0.85,0.85,1.0,0.757,0.918,0.829,0.805,0.774,0.847,0.657
19,A2_3,0.927,0.726,0.829,0.875,0.73,0.562,0.819,0.864,0.757,1.0,0.731,0.855,0.871,0.663,0.627,0.732
19,B2_1,0.905,0.55,0.807,0.803,0.895,0.853,0.935,0.844,0.918,0.731,1.0,0.871,0.864,0.906,0.84,0.792
19,B2_2,0.952,0.697,0.9,0.945,0.857,0.714,0.871,0.915,0.829,0.855,0.871,1.0,0.844,0.836,0.859,0.811
19,B2_3,0.919,0.532,0.87,0.79,0.872,0.792,0.967,0.857,0.805,0.871,0.864,0.844,1.0,0.788,0.636,0.701
19,y1,0.813,0.726,0.729,0.758,0.904,0.846,0.904,0.882,0.774,0.663,0.906,0.836,0.788,1.0,0.842,0.863
19,y2,0.778,0.638,0.791,0.796,0.862,0.633,0.763,0.855,0.847,0.627,0.84,0.859,0.636,0.842,1.0,0.69
19,y3,0.83,0.779,0.621,0.772,0.673,0.708,0.759,0.791,0.657,0.732,0.792,0.811,0.701,0.863,0.69,1.0
20,.,1.0,0.679,0.907,0.94,0.822,0.687,0.908,0.906,0.875,0.925,0.9,0.948,0.915,0.796,0.764,0.811
20,A1_1,0.679,1.0,0.597,0.773,0.574,0.367,0.6,0.812,0.499,0.719,0.532,0.689,0.515,0.717,0.631,0.773
20,A1_2,0.907,0.597,1.0,0.92,0.815,0.529,0.863,0.922,0.869,0.829,0.802,0.899,0.865,0.714,0.782,0.6
20,A1_3,0.94,0.773,0.92,1.0,0.739,0.503,0.8,0.916,0.818,0.874,0.795,0.943,0.784,0.746,0.788,0.758
20,B1_1,0.822,0.574,0.815,0.739,1.0,0.849,0.945,0.873,0.804,0.713,0.895,0.849,0.868,0.895,0.848,0.645
20,B1_2,0.687,0.367,0.529,0.503,0.849,1.0,0.852,0.631,0.602,0.533,0.847,0.697,0.784,0.833,0.606,0.676
20,B1_3,0.908,0.6,0.863,0.8,0.945,0.852,1.0,0.904,0.845,0.809,0.934,0.865,0.966,0.893,0.745,0.731
20,A2_1,0.906,0.812,0.922,0.916,0.873,0.631,0.904,1.0,0.848,0.861,0.836,0.911,0.849,0.871,0.845,0.774
20,A2_2,0.875,0.499,0.869,0.818,0.804,0.602,0.845,0.848,1.0,0.76,0.914,0.828,0.803,0.758,0.839,0.637
20,A2_3,0.925,0.719,0.829,0.874,0.713,0.533,0.809,0.861,0.76,1.0,0.722,0.848,0.864,0.641,0.61,0.71
20,B2_1,0.9,0.532,0.802,0.795,0.895,0.847,0.934,0.836,0.914,0.722,1.0,0.868,0.865,0.897,0.829,0.771
20,B2_2,0.948,0.689,0.899,0.943,0.849,0.697,0.865,0.911,0.828,0.848,0.868,1.0,0.837,0.829,0.852,0.799
20,B2_3,0.915,0.515,0.865,0.784,0.868,0.784,0.966,0.849,0.803,0.864,0.865,0.837,1.0,0.772,0.616,0.673
20,y1,0.796,0.717,0.714,0.746,0.895,0.833,0.893,0.871,0.758,0.641,0.897,0.829,0.772,1.0,0.832,0.853
20,y2,0.764,0.631,0.782,0.788,0.848,0.606,0.745,0.845,0.839,0.61,0.829,0.852,0.616,0.832,1.0,0.674
20,y3,0.811,0.773,0.6,0.758,0.645,0.676,0.731,0.774,0.637,0.71,0.771,0.799,0.673,0.853,0.674,1.0
21,.,1.0,0.669,0.907,0.939,0.808,0.662,0.9,0.9,0.874,0.923,0.894,0.945,0.91,0.776,0.748,0.789
21,A1_1,0.669,1.0,0.592,0.769,0.552,0.333,0.58,0.809,0.493,0.711,0.513,0.681,0.497,0.708,0.622,0.766
21,A1_2,0.907,0.592,1.0,0.922,0.805,0.506,0.856,0.921,0.868,0.828,0.795,0.897,0.86,0.697,0.771,0.576
21,A1_3,0.939,0.769,0.922,1.0,0.725,0.476,0.79,0.916,0.818,0.873,0.785,0.941,0.777,0.731,0.781,0.742
21,B1_1,0.808,0.552,0.805,0.725,1.0,0.844,0.944,0.86,0.795,0.694,0.894,0.84,0.864,0.885,0.832,0.611
21,B1_2,0.662,0.333,0.506,0.476,0.844,1.0,0.845,0.603,0.58,0.501,0.841,0.678,0.775,0.819,0.575,0.639
21,B1_3,0.9,0.58,0.856,0.79,0.944,0.845,1.0,0.893,0.839,0.797,0.933,0.858,0.966,0.88,0.725,0.699
21,A2_1,0.9,0.809,0.921,0.916,0.86,0.603,0.893,1.0,0.846,0.857,0.826,0.908,0.839,0.858,0.835,0.755
21,A2_2,0.874,0.493,0.868,0.818,0.795,0.58,0.839,0.846,1.0,0.763,0.908,0.826,0.801,0.74,0.83,0.615
21,A2_3,0.923,0.711,0.828,0.873,0.694,0.501,0.797,0.857,0.763,1.0,0.713,0.839,0.855,0.616,0.593,0.686
21,B2_1,0.894,0.513,0.795,0.785,0.894,0.841,0.933,0.826,0.908,0.713,1.0,0.865,0.865,0.887,0.816,0.746
21,B2_2,0.945,0.681,0.897,0.941,0.84,0.678,0.858,0.908,0.826,0.839,0.865,1.0,0.83,0.821,0.845,0.783
21,B2_3,0.91,0.497,0.86,0.777,0.864,0.775,0.966,0.839,0.801,0.855,0.865,0.83,1.0,0.754,0.594,0.64
21,y1,0.776,0.708,0.697,0.731,0.885,0.819,0.88,0.858,0.74,0.616,0.887,0.821,0.754,1.0,0.821,0.841
21,y2,0.748,0.622,0.771,0.781,0.832,0.575,0.725,0.835,0.83,0.593,0.816,0.845,0.594,0.821,1.0,0.657
21,y3,0.789,0.766,0.576,0.742,0.611,0.639,0.699,0.755,0.615,0.686,0.746,0.783,0.64,0.841,0.657,1.0
22,.,1.0,0.659,0.906,0.938,0.793,0.636,0.89,0.895,0.874,0.922,0.887,0.941,0.905,0.755,0.734,0.766
22,A1_1,0.659,1.0,0.588,0.766,0.527,0.296,0.559,0.807,0.487,0.703,0.493,0.672,0.477,0.698,0.615,0.758
22,A1_2,0.906,0.588,1.0,0.924,0.795,0.484,0.849,0.92,0.867,0.829,0.789,0.896,0.856,0.679,0.759,0.552
22,A1_3,0.938,0.766,0.924,1.0,0.71,0.447,0.779,0.916,0.818,0.873,0.774,0.938,0.77,0.716,0.773,0.724
22,B1_1,0.793,0.527,0.795,0.71,1.0,0.84,0.943,0.845,0.784,0.674,0.893,0.83,0.861,0.872,0.813,0.573
22,B1_2,0.636,0.296,0.484,0.447,0.84,1.0,0.84,0.574,0.556,0.469,0.835,0.659,0.767,0.803,0.544,0.597
22,B1_3,0.89,0.559,0.849,0.779,0.943,0.84,1.0,0.882,0.832,0.784,0.933,0.851,0.965,0.866,0.706,0.663
22,A2_1,0.895,0.807,0.92,0.916,0.845,0.574,0.882,1.0,0.844,0.854,0.815,0.904,0.828,0.844,0.825,0.734
22,A2_2,0.874,0.487,0.867,0.818,0.784,0.556,0.832,0.844,1.0,0.767,0.902,0.824,0.798,0.72,0.822,0.59
22,A2_3,0.922,0.703,0.829,0.873,0.674,0.469,0.784,0.854,0.767,1.0,0.702,0.832,0.845,0.59,0.578,0.661
22,B2_1,0.887,0.493,0.789,0.774,0.893,0.835,0.933,0.815,0.902,0.702,1.0,0.861,0.866,0.875,0.803,0.717
22,B2_2,0.941,0.672,0.896,0.938,0.83,0.659,0.851,0.904,0.824,0.832,0.861,1.0,0.825,0.812,0.837,0.766
22,B2_3,0.905,0.477,0.856,0.77,0.861,0.767,0.965,0.828,0.798,0.845,0.866,0.825,1.0,0.735,0.573,0.604
22,y1,0.755,0.698,0.679,0.716,0.872,0.803,0.866,0.844,0.72,0.59,0.875,0.812,0.735,1.0,0.808,0.828
22,y2,0.734,0.615,0.759,0.773,0.813,0.544,0.706,0.825,0.822,0.578,0.803,0.837,0.573,0.808,1.0,0.64
22,y3,0.766,0.758,0.552,0.724,0.573,0.597,0.663,0.734,0.59,0.661,0.717,0.766,0.604,0.828,0.64,1.0
23,.,1.0,0.648,0.905,0.937,0.775,0.607,0.878,0.888,0.873,0.92,0.878,0.937,0.898,0.73,0.717,0.739
23,A1_1,0.648,1.0,0.584,0.762,0.5,0.257,0.534,0.805,0.48,0.696,0.469,0.663,0.454,0.687,0.608,0.751
23,A1_2,0.905,0.584,1.0,0.925,0.783,0.459,0.84,0.918,0.866,0.829,0.781,0.894,0.85,0.657,0.746,0.523
23,A1_3,0.937,0.762,0.925,1.0,0.692,0.416,0.765,0.916,0.818,0.873,0.762,0.935,0.76,0.698,0.764,0.703
23,B1_1,0.775,0.5,0.783,0.692,1.0,0.836,0.941,0.828,0.772,0.651,0.892,0.82,0.856,0.857,0.791,0.529
23,B1_2,0.607,0.257,0.459,0.416,0.836,1.0,0.834,0.541,0.53,0.433,0.83,0.638,0.758,0.784,0.507,0.551
23,B1_3,0.878,0.534,0.84,0.765,0.941,0.834,1.0,0.868,0.824,0.768,0.933,0.843,0.965,0.848,0.68,0.621
23,A2_1,0.888,0.805,0.918,0.916,0.828,0.541,0.868,1.0,0.842,0.851,0.802,0.9,0.816,0.827,0.814,0.71
23,A2_2,0.873,0.48,0.866,0.818,0.772,0.53,0.824,0.842,1.0,0.772,0.894,0.822,0.794,0.695,0.811,0.562
23,A2_3,0.92,0.696,0.829,0.873,0.651,0.433,0.768,0.851,0.772,1.0,0.69,0.823,0.833,0.56,0.562,0.632
23,B2_1,0.878,0.469,0.781,0.762,0.892,0.83,0.933,0.802,0.894,0.69,1.0,0.857,0.867,0.86,0.785,0.684
23,B2_2,0.937,0.663,0.894,0.935,0.82,0.638,0.843,0.9,0.822,0.823,0.857,1.0,0.818,0.801,0.827,0.747
23,B2_3,0.898,0.454,0.85,0.76,0.856,0.758,0.965,0.816,0.794,0.833,0.867,0.818,1.0,0.712,0.546,0.562
23,y1,0.73,0.687,0.657,0.698,0.857,0.784,0.848,0.827,0.695,0.56,0.86,0.801,0.712,1.0,0.794,0.814
23,y2,0.717,0.608,0.746,0.764,0.791,0.507,0.68,0.814,0.811,0.562,0.785,0.827,0.546,0.794,1.0,0.621
23,y3,0.739,0.751,0.523,0.703,0.529,0.551,0.621,0.71,0.562,0.632,0.684,0.747,0.562,0.814,0.621,1.0
24,.,1.0,0.638,0.904,0.936,0.754,0.576,0.865,0.881,0.873,0.918,0.868,0.932,0.89,0.701,0.698,0.709
24,A1_1,0.638,1.0,0.58,0.759,0.469,0.214,0.506,0.804,0.473,0.688,0.444,0.652,0.429,0.676,0.602,0.742
24,A1_2,0.904,0.58,1.0,0.927,0.769,0.432,0.83,0.917,0.865,0.829,0.772,0.891,0.843,0.633,0.731,0.491
24,A1_3,0.936,0.759,0.927,1.0,0.673,0.382,0.75,0.917,0.818,0.872,0.748,0.931,0.75,0.677,0.754,0.68
24,B1_1,0.754,0.469,0.769,0.673,1.0,0.832,0.94,0.807,0.757,0.625,0.891,0.808,0.852,0.839,0.764,0.478
24,B1_2,0.576,0.214,0.432,0.382,0.832,1.0,0.828,0.503,0.502,0.395,0.824,0.616,0.75,0.762,0.465,0.497
24,B1_3,0.865,0.506,0.83,0.75,0.94,0.828,1.0,0.851,0.813,0.749,0.932,0.833,0.964,0.826,0.65,0.571
24,A2_1,0.881,0.804,0.917,0.917,0.807,0.503,0.851,1.0,0.839,0.848,0.787,0.895,0.801,0.807,0.801,0.683
24,A2_2,0.873,0.473,0.865,0.818,0.757,0.502,0.813,0.839,1.0,0.776,0.885,0.82,0.788,0.667,0.798,0.531
24,A2_3,0.918,0.688,0.829,0.872,0.625,0.395,0.749,0.848,0.776,1.0,0.676,0.814,0.819,0.527,0.545,0.602
24,B2_1,0.868,0.444,0.772,0.748,0.891,0.824,0.932,0.787,0.885,0.676,1.0,0.852,0.868,0.843,0.764,0.644
24,B2_2,0.932,0.652,0.891,0.931,0.808,0.616,0.833,0.895,0.82,0.814,0.852,1.0,0.809,0.789,0.817,0.724
24,B2_3,0.89,0.429,0.843,0.75,0.852,0.75,0.964,0.801,0.788,0.819,0.868,0.809,1.0,0.685,0.515,0.515
24,y1,0.701,0.676,0.633,0.677,0.839,0.762,0.826,0.807,0.667,0.527,0.843,0.789,0.685,1.0,0.777,0.798
24,y2,0.698,0.602,0.731,0.754,0.764,0.465,0.65,0.801,0.798,0.545,0.764,0.817,0.515,0.777,1.0,0.602
24,y3,0.709,0.742,0.491,0.68,0.478,0.497,0.571,0.683,0.531,0.602,0.644,0.724,0.515,0.798,0.602,1.0
25,.,1.0,0.625,0.903,0.935,0.731,0.542,0.849,0.874,0.872,0.917,0.856,0.927,0.881,0.667,0.678,0.675
25,A1_1,0.625,1.0,0.574,0.755,0.431,0.166,0.474,0.802,0.465,0.68,0.414,0.638,0.402,0.662,0.593,0.732
25,A1_2,0.903,0.574,1.0,0.928,0.752,0.402,0.819,0.915,0.864,0.829,0.762,0.889,0.836,0.604,0.714,0.455
25,A1_3,0.935,0.755,0.928,1.0,0.649,0.345,0.732,0.917,0.818,0.872,0.732,0.926,0.738,0.653,0.743,0.653
25,B1_1,0.731,0.431,0.752,0.649,1.0,0.828,0.939,0.781,0.739,0.594,0.89,0.793,0.847,0.815,0.731,0.418
25,B1_2,0.542,0.166,0.402,0.345,0.828,1.0,0.823,0.462,0.47,0.353,0.818,0.592,0.741,0.736,0.417,0.437
25,B1_3,0.849,0.474,0.819,0.732,0.939,0.823,1.0,0.831,0.8,0.728,0.932,0.823,0.964,0.799,0.616,0.515
25,A2_1,0.874,0.802,0.915,0.917,0.781,0.462,0.831,1.0,0.836,0.845,0.768,0.889,0.784,0.784,0.787,0.654
25,A2_2,0.872,0.465,0.864,0.818,0.739,0.47,0.8,0.836,1.0,0.78,0.874,0.817,0.781,0.634,0.786,0.498
25,A2_3,0.917,0.68,0.829,0.872,0.594,0.353,0.728,0.845,0.78,1.0,0.659,0.803,0.804,0.489,0.527,0.569
25,B2_1,0.856,0.414,0.762,0.732,0.89,0.818,0.932,0.768,0.874,0.659,1.0,0.846,0.869,0.821,0.738,0.597
25,B2_2,0.927,0.638,0.889,0.926,0.793,0.592,0.823,0.889,0.817,0.803,0.846,1.0,0.801,0.774,0.804,0.696
25,B2_3,0.881,0.402,0.836,0.738,0.847,0.741,0.964,0.784,0.781,0.804,0.869,0.801,1.0,0.654,0.482,0.462
25,y1,0.667,0.662,0.604,0.653,0.815,0.736,0.799,0.784,0.634,0.489,0.821,0.774,0.654,1.0,0.757,0.781
25,y2,0.678,0.593,0.714,0.743,0.731,0.417,0.616,0.787,0.786,0.527,0.738,0.804,0.482,0.757,1.0,0.582
25,y3,0.675,0.732,0.455,0.653,0.418,0.437,0.515,0.654,0.498,0.569,0.597,0.696,0.462,0.781,0.582,1.0
26,.,1.0,0.613,0.902,0.933,0.704,0.504,0.83,0.866,0.871,0.915,0.842,0.921,0.871,0.63,0.657,0.639
