,,.,A1_1,A1_2,A1_3,B1_1,B1_2,B1_3,A2_1,A2_2,A2_3,B2_1,B2_2,B2_3,y1,y2,y3
1,.,1.0,-0.396,0.026,-0.236,-0.142,0.174,0.529,-0.036,0.421,-0.115,0.258,0.0,-0.124,0.123,0.17,-0.163
1,A1_1,-0.396,1.0,-0.473,-0.257,0.113,0.219,-0.224,0.232,0.126,-0.259,-0.325,0.282,0.405,-0.059,-0.217,0.169
1,A1_2,0.026,-0.473,1.0,-0.103,0.141,-0.15,-0.467,-0.445,0.053,0.473,0.038,-0.339,-0.193,-0.206,0.149,-0.19
1,A1_3,-0.236,-0.257,-0.103,1.0,0.064,-0.645,0.153,0.332,-0.176,-0.174,0.218,0.128,-0.32,0.188,0.161,0.332
1,B1_1,-0.142,0.113,0.141,0.064,1.0,0.098,0.014,-0.011,-0.005,0.018,0.023,-0.302,-0.339,-0.392,0.088,-0.053
1,B1_2,0.174,0.219,-0.15,-0.645,0.098,1.0,0.131,-0.02,0.275,0.348,-0.008,-0.331,0.212,-0.346,-0.03,-0.092
1,B1_3,0.529,-0.224,-0.467,0.153,0.014,0.131,1.0,0.254,0.032,-0.148,0.466,0.19,-0.187,0.054,-0.138,0.081
1,A2_1,-0.036,0.232,-0.445,0.332,-0.011,-0.02,0.254,1.0,-0.166,-0.067,0.22,-0.041,-0.139,0.267,-0.272,0.605
1,A2_2,0.421,0.126,0.053,-0.176,-0.005,0.275,0.032,-0.166,1.0,-0.127,0.251,-0.261,-0.069,0.034,0.348,-0.258
1,A2_3,-0.115,-0.259,0.473,-0.174,0.018,0.348,-0.148,-0.067,-0.127,1.0,0.387,-0.402,-0.234,-0.316,0.246,0.077
1,B2_1,0.258,-0.325,0.038,0.218,0.023,-0.008,0.466,0.22,0.251,0.387,1.0,-0.132,-0.742,0.263,0.228,0.165
1,B2_2,0.0,0.282,-0.339,0.128,-0.302,-0.331,0.19,-0.041,-0.261,-0.402,-0.132,1.0,0.257,0.16,0.013,-0.047
1,B2_3,-0.124,0.405,-0.193,-0.32,-0.339,0.212,-0.187,-0.139,-0.069,-0.234,-0.742,0.257,1.0,-0.301,-0.327,-0.205
1,y1,0.123,-0.059,-0.206,0.188,-0.392,-0.346,0.054,0.267,0.034,-0.316,0.263,0.16,-0.301,1.0,-0.118,0.041
1,y2,0.17,-0.217,0.149,0.161,0.088,-0.03,-0.138,-0.272,0.348,0.246,0.228,0.013,-0.327,-0.118,1.0,-0.389
1,y3,-0.163,0.169,-0.19,0.332,-0.053,-0.092,0.081,0.605,-0.258,0.077,0.165,-0.047,-0.205,0.041,-0.389,1.0
2,.,1.0,-0.397,0.021,-0.237,-0.136,0.173,0.534,-0.038,0.42,-0.118,0.261,0.002,-0.125,0.122,0.172,-0.167
2,A1_1,-0.397,1.0,-0.472,-0.255,0.112,0.217,-0.225,0.233,0.126,-0.258,-0.325,0.281,0.404,-0.059,-0.217,0.17
2,A1_2,0.021,-0.472,1.0,-0.101,0.139,-0.15,-0.468,-0.444,0.053,0.473,0.038,-0.339,-0.193,-0.205,0.15,-0.188
2,A1_3,-0.237,-0.255,-0.101,1.0,0.062,-0.645,0.151,0.333,-0.175,-0.173,0.217,0.127,-0.321,0.187,0.16,0.332
2,B1_1,-0.136,0.112,0.139,0.062,1.0,0.101,0.015,-0.013,-0.006,0.018,0.023,-0.302,-0.337,-0.393,0.088,-0.055
2,B1_2,0.173,0.217,-0.15,-0.645,0.101,1.0,0.133,-0.022,0.274,0.347,-0.007,-0.329,0.214,-0.346,-0.03,-0.093
2,B1_3,0.534,-0.225,-0.468,0.151,0.015,0.133,1.0,0.251,0.031,-0.149,0.466,0.191,-0.186,0.052,-0.139,0.079
2,A2_1,-0.038,0.233,-0.444,0.333,-0.013,-0.022,0.251,1.0,-0.165,-0.065,0.22,-0.042,-0.14,0.267,-0.272,0.605
2,A2_2,0.42,0.126,0.053,-0.175,-0.006,0.274,0.031,-0.165,1.0,-0.126,0.252,-0.26,-0.068,0.034,0.348,-0.257
2,A2_3,-0.118,-0.258,0.473,-0.173,0.018,0.347,-0.149,-0.065,-0.126,1.0,0.387,-0.401,-0.233,-0.316,0.246,0.077
2,B2_1,0.261,-0.325,0.038,0.217,0.023,-0.007,0.466,0.22,0.252,0.387,1.0,-0.133,-0.743,0.262,0.228,0.163
2,B2_2,0.002,0.281,-0.339,0.127,-0.302,-0.329,0.191,-0.042,-0.26,-0.401,-0.133,1.0,0.257,0.159,0.014,-0.049
2,B2_3,-0.125,0.404,-0.193,-0.321,-0.337,0.214,-0.186,-0.14,-0.068,-0.233,-0.743,0.257,1.0,-0.301,-0.326,-0.206
2,y1,0.122,-0.059,-0.205,0.187,-0.393,-0.346,0.052,0.267,0.034,-0.316,0.262,0.159,-0.301,1.0,-0.118,0.043
2,y2,0.172,-0.217,0.15,0.16,0.088,-0.03,-0.139,-0.272,0.348,0.246,0.228,0.014,-0.326,-0.118,1.0,-0.389
2,y3,-0.167,0.17,-0.188,0.332,-0.055,-0.093,0.079,0.605,-0.257,0.077,0.163,-0.049,-0.206,0.043,-0.389,1.0
3,.,1.0,-0.398,0.018,-0.237,-0.13,0.172,0.54,-0.04,0.418,-0.121,0.264,0.004,-0.126,0.121,0.173,-0.172
3,A1_1,-0.398,1.0,-0.471,-0.253,0.11,0.214,-0.227,0.234,0.126,-0.257,-0.325,0.281,0.403,-0.058,-0.217,0.171
3,A1_2,0.018,-0.471,1.0,-0.1,0.138,-0.15,-0.469,-0.442,0.054,0.474,0.038,-0.339,-0.193,-0.204,0.151,-0.187
3,A1_3,-0.237,-0.253,-0.1,1.0,0.06,-0.645,0.148,0.334,-0.174,-0.171,0.217,0.126,-0.323,0.187,0.16,0.332
3,B1_1,-0.13,0.11,0.138,0.06,1.0,0.104,0.017,-0.014,-0.006,0.017,0.023,-0.302,-0.334,-0.395,0.088,-0.057
3,B1_2,0.172,0.214,-0.15,-0.645,0.104,1.0,0.136,-0.024,0.273,0.345,-0.005,-0.327,0.217,-0.346,-0.03,-0.095
3,B1_3,0.54,-0.227,-0.469,0.148,0.017,0.136,1.0,0.249,0.031,-0.15,0.466,0.192,-0.184,0.05,-0.14,0.077
3,A2_1,-0.04,0.234,-0.442,0.334,-0.014,-0.024,0.249,1.0,-0.164,-0.064,0.219,-0.043,-0.141,0.268,-0.271,0.606
3,A2_2,0.418,0.126,0.054,-0.174,-0.006,0.273,0.031,-0.164,1.0,-0.126,0.253,-0.259,-0.067,0.033,0.348,-0.256
3,A2_3,-0.121,-0.257,0.474,-0.171,0.017,0.345,-0.15,-0.064,-0.126,1.0,0.388,-0.401,-0.233,-0.315,0.247,0.077
3,B2_1,0.264,-0.325,0.038,0.217,0.023,-0.005,0.466,0.219,0.253,0.388,1.0,-0.135,-0.743,0.26,0.229,0.162
3,B2_2,0.004,0.281,-0.339,0.126,-0.302,-0.327,0.192,-0.043,-0.259,-0.401,-0.135,1.0,0.256,0.158,0.015,-0.051
3,B2_3,-0.126,0.403,-0.193,-0.323,-0.334,0.217,-0.184,-0.141,-0.067,-0.233,-0.743,0.256,1.0,-0.301,-0.325,-0.206
3,y1,0.121,-0.058,-0.204,0.187,-0.395,-0.346,0.05,0.268,0.033,-0.315,0.26,0.158,-0.301,1.0,-0.118,0.045
3,y2,0.173,-0.217,0.151,0.16,0.088,-0.03,-0.14,-0.271,0.348,0.247,0.229,0.015,-0.325,-0.118,1.0,-0.389
3,y3,-0.172,0.171,-0.187,0.332,-0.057,-0.095,0.077,0.606,-0.256,0.077,0.162,-0.051,-0.206,0.045,-0.389,1.0
4,.,1.0,-0.399,0.014,-0.236,-0.124,0.169,0.545,-0.042,0.416,-0.125,0.267,0.007,-0.127,0.12,0.174,-0.176
4,A1_1,-0.399,1.0,-0.469,-0.251,0.109,0.212,-0.228,0.234,0.126,-0.255,-0.326,0.28,0.401,-0.058,-0.216,0.172
4,A1_2,0.014,-0.469,1.0,-0.098,0.136,-0.151,-0.47,-0.441,0.054,0.474,0.038,-0.339,-0.194,-0.203,0.153,-0.185
4,A1_3,-0.236,-0.251,-0.098,1.0,0.058,-0.644,0.145,0.335,-0.172,-0.169,0.215,0.124,-0.324,0.186,0.16,0.332
4,B1_1,-0.124,0.109,0.136,0.058,1.0,0.108,0.019,-0.016,-0.006,0.017,0.023,-0.302,-0.332,-0.396,0.087,-0.059
4,B1_2,0.169,0.212,-0.151,-0.644,0.108,1.0,0.14,-0.026,0.272,0.343,-0.003,-0.324,0.22,-0.347,-0.03,-0.097
4,B1_3,0.545,-0.228,-0.47,0.145,0.019,0.14,1.0,0.246,0.03,-0.151,0.467,0.193,-0.182,0.047,-0.141,0.075
4,A2_1,-0.042,0.234,-0.441,0.335,-0.016,-0.026,0.246,1.0,-0.164,-0.063,0.219,-0.043,-0.142,0.268,-0.271,0.606
4,A2_2,0.416,0.126,0.054,-0.172,-0.006,0.272,0.03,-0.164,1.0,-0.125,0.255,-0.258,-0.067,0.032,0.348,-0.256
4,A2_3,-0.125,-0.255,0.474,-0.169,0.017,0.343,-0.151,-0.063,-0.125,1.0,0.388,-0.401,-0.233,-0.315,0.247,0.078
4,B2_1,0.267,-0.326,0.038,0.215,0.023,-0.003,0.467,0.219,0.255,0.388,1.0,-0.137,-0.743,0.259,0.229,0.16
4,B2_2,0.007,0.28,-0.339,0.124,-0.302,-0.324,0.193,-0.043,-0.258,-0.401,-0.137,1.0,0.255,0.157,0.016,-0.053
4,B2_3,-0.127,0.401,-0.194,-0.324,-0.332,0.22,-0.182,-0.142,-0.067,-0.233,-0.743,0.255,1.0,-0.301,-0.324,-0.207
4,y1,0.12,-0.058,-0.203,0.186,-0.396,-0.347,0.047,0.268,0.032,-0.315,0.259,0.157,-0.301,1.0,-0.118,0.047
4,y2,0.174,-0.216,0.153,0.16,0.087,-0.03,-0.141,-0.271,0.348,0.247,0.229,0.016,-0.324,-0.118,1.0,-0.389
4,y3,-0.176,0.172,-0.185,0.332,-0.059,-0.097,0.075,0.606,-0.256,0.078,0.16,-0.053,-0.207,0.047,-0.389,1.0
5,.,1.0,-0.4,0.01,-0.236,-0.119,0.166,0.55,-0.045,0.413,-0.128,0.27,0.011,-0.128,0.119,0.175,-0.181
5,A1_1,-0.4,1.0,-0.468,-0.249,0.107,0.209,-0.229,0.235,0.127,-0.254,-0.326,0.28,0.4,-0.057,-0.216,0.173
5,A1_2,0.01,-0.468,1.0,-0.097,0.134,-0.151,-0.472,-0.439,0.055,0.475,0.038,-0.34,-0.194,-0.202,0.154,-0.183
5,A1_3,-0.236,-0.249,-0.097,1.0,0.056,-0.644,0.142,0.336,-0.171,-0.167,0.214,0.122,-0.326,0.186,0.161,0.332
5,B1_1,-0.119,0.107,0.134,0.056,1.0,0.112,0.021,-0.018,-0.006,0.016,0.023,-0.302,-0.33,-0.398,0.087,-0.06
5,B1_2,0.166,0.209,-0.151,-0.644,0.112,1.0,0.144,-0.027,0.272,0.341,-0.001,-0.322,0.223,-0.347,-0.031,-0.099
5,B1_3,0.55,-0.229,-0.472,0.142,0.021,0.144,1.0,0.244,0.03,-0.152,0.467,0.194,-0.179,0.045,-0.143,0.072
5,A2_1,-0.045,0.235,-0.439,0.336,-0.018,-0.027,0.244,1.0,-0.163,-0.061,0.219,-0.044,-0.144,0.268,-0.27,0.607
5,A2_2,0.413,0.127,0.055,-0.171,-0.006,0.272,0.03,-0.163,1.0,-0.124,0.256,-0.256,-0.066,0.031,0.348,-0.255
5,A2_3,-0.128,-0.254,0.475,-0.167,0.016,0.341,-0.152,-0.061,-0.124,1.0,0.388,-0.401,-0.233,-0.314,0.247,0.079
5,B2_1,0.27,-0.326,0.038,0.214,0.023,-0.001,0.467,0.219,0.256,0.388,1.0,-0.138,-0.743,0.257,0.229,0.158
5,B2_2,0.011,0.28,-0.34,0.122,-0.302,-0.322,0.194,-0.044,-0.256,-0.401,-0.138,1.0,0.254,0.156,0.016,-0.054
5,B2_3,-0.128,0.4,-0.194,-0.326,-0.33,0.223,-0.179,-0.144,-0.066,-0.233,-0.743,0.254,1.0,-0.301,-0.323,-0.208
5,y1,0.119,-0.057,-0.202,0.186,-0.398,-0.347,0.045,0.268,0.031,-0.314,0.257,0.156,-0.301,1.0,-0.118,0.05
5,y2,0.175,-0.216,0.154,0.161,0.087,-0.031,-0.143,-0.27,0.348,0.247,0.229,0.016,-0.323,-0.118,1.0,-0.388
5,y3,-0.181,0.173,-0.183,0.332,-0.06,-0.099,0.072,0.607,-0.255,0.079,0.158,-0.054,-0.208,0.05,-0.388,1.0
6,.,1.0,-0.402,0.006,-0.235,-0.113,0.163,0.555,-0.047,0.409,-0.132,0.273,0.015,-0.129,0.118,0.175,-0.186
6,A1_1,-0.402,1.0,-0.466,-0.247,0.106,0.206,-0.23,0.236,0.127,-0.252,-0.326,0.28,0.399,-0.057,-0.216,0.174
6,A1_2,0.006,-0.466,1.0,-0.095,0.132,-0.152,-0.473,-0.438,0.055,0.476,0.038,-0.341,-0.195,-0.201,0.155,-0.181
6,A1_3,-0.235,-0.247,-0.095,1.0,0.053,-0.643,0.138,0.337,-0.17,-0.165,0.213,0.12,-0.328,0.186,0.161,0.332
6,B1_1,-0.113,0.106,0.132,0.053,1.0,0.116,0.023,-0.019,-0.006,0.015,0.024,-0.302,-0.328,-0.399,0.086,-0.062
6,B1_2,0.163,0.206,-0.152,-0.643,0.116,1.0,0.148,-0.029,0.271,0.339,0.002,-0.318,0.226,-0.348,-0.032,-0.102
6,B1_3,0.555,-0.23,-0.473,0.138,0.023,0.148,1.0,0.241,0.03,-0.154,0.468,0.196,-0.177,0.042,-0.144,0.069
6,A2_1,-0.047,0.236,-0.438,0.337,-0.019,-0.029,0.241,1.0,-0.162,-0.06,0.219,-0.045,-0.145,0.269,-0.27,0.607
6,A2_2,0.409,0.127,0.055,-0.17,-0.006,0.271,0.03,-0.162,1.0,-0.123,0.258,-0.255,-0.064,0.03,0.347,-0.255
6,A2_3,-0.132,-0.252,0.476,-0.165,0.015,0.339,-0.154,-0.06,-0.123,1.0,0.388,-0.401,-0.233,-0.313,0.247,0.079
6,B2_1,0.273,-0.326,0.038,0.213,0.024,0.002,0.468,0.219,0.258,0.388,1.0,-0.139,-0.743,0.255,0.229,0.156
6,B2_2,0.015,0.28,-0.341,0.12,-0.302,-0.318,0.196,-0.045,-0.255,-0.401,-0.139,1.0,0.253,0.155,0.017,-0.055
6,B2_3,-0.129,0.399,-0.195,-0.328,-0.328,0.226,-0.177,-0.145,-0.064,-0.233,-0.743,0.253,1.0,-0.302,-0.323,-0.209
6,y1,0.118,-0.057,-0.201,0.186,-0.399,-0.348,0.042,0.269,0.03,-0.313,0.255,0.155,-0.302,1.0,-0.118,0.052
6,y2,0.175,-0.216,0.155,0.161,0.086,-0.032,-0.144,-0.27,0.347,0.247,0.229,0.017,-0.323,-0.118,1.0,-0.388
6,y3,-0.186,0.174,-0.181,0.332,-0.062,-0.102,0.069,0.607,-0.255,0.079,0.156,-0.055,-0.209,0.052,-0.388,1.0
7,.,1.0,-0.403,0.003,-0.234,-0.106,0.158,0.559,-0.05,0.405,-0.136,0.275,0.019,-0.13,0.118,0.175,-0.19
7,A1_1,-0.403,1.0,-0.465,-0.245,0.105,0.204,-0.231,0.237,0.127,-0.251,-0.326,0.279,0.397,-0.056,-0.215,0.175
7,A1_2,0.003,-0.465,1.0,-0.093,0.13,-0.154,-0.475,-0.436,0.056,0.477,0.037,-0.342,-0.195,-0.199,0.157,-0.179
7,A1_3,-0.234,-0.245,-0.093,1.0,0.05,-0.643,0.135,0.339,-0.168,-0.163,0.212,0.118,-0.33,0.186,0.162,0.333
7,B1_1,-0.106,0.105,0.13,0.05,1.0,0.12,0.025,-0.021,-0.006,0.014,0.024,-0.303,-0.325,-0.4,0.085,-0.064
7,B1_2,0.158,0.204,-0.154,-0.643,0.12,1.0,0.152,-0.031,0.271,0.336,0.004,-0.315,0.23,-0.349,-0.034,-0.105
7,B1_3,0.559,-0.231,-0.475,0.135,0.025,0.152,1.0,0.238,0.029,-0.155,0.469,0.198,-0.174,0.039,-0.147,0.066
7,A2_1,-0.05,0.237,-0.436,0.339,-0.021,-0.031,0.238,1.0,-0.161,-0.058,0.218,-0.045,-0.146,0.269,-0.269,0.607
7,A2_2,0.405,0.127,0.056,-0.168,-0.006,0.271,0.029,-0.161,1.0,-0.122,0.26,-0.253,-0.063,0.029,0.346,-0.255
7,A2_3,-0.136,-0.251,0.477,-0.163,0.014,0.336,-0.155,-0.058,-0.122,1.0,0.389,-0.402,-0.233,-0.312,0.247,0.08
7,B2_1,0.275,-0.326,0.037,0.212,0.024,0.004,0.469,0.218,0.26,0.389,1.0,-0.141,-0.742,0.253,0.229,0.154
7,B2_2,0.019,0.279,-0.342,0.118,-0.303,-0.315,0.198,-0.045,-0.253,-0.402,-0.141,1.0,0.253,0.154,0.018,-0.057
7,B2_3,-0.13,0.397,-0.195,-0.33,-0.325,0.23,-0.174,-0.146,-0.063,-0.233,-0.742,0.253,1.0,-0.302,-0.322,-0.21
7,y1,0.118,-0.056,-0.199,0.186,-0.4,-0.349,0.039,0.269,0.029,-0.312,0.253,0.154,-0.302,1.0,-0.118,0.054
7,y2,0.175,-0.215,0.157,0.162,0.085,-0.034,-0.147,-0.269,0.346,0.247,0.229,0.018,-0.322,-0.118,1.0,-0.386
7,y3,-0.19,0.175,-0.179,0.333,-0.064,-0.105,0.066,0.607,-0.255,0.08,0.154,-0.057,-0.21,0.054,-0.386,1.0
8,.,1.0,-0.405,0.0,-0.233,-0.1,0.153,0.563,-0.052,0.4,-0.14,0.277,0.023,-0.131,0.117,0.175,-0.195
8,A1_1,-0.405,1.0,-0.463,-0.242,0.103,0.201,-0.233,0.238,0.128,-0.249,-0.326,0.279,0.396,-0.056,-0.215,0.177
8,A1_2,0.0,-0.463,1.0,-0.091,0.128,-0.155,-0.477,-0.434,0.056,0.477,0.036,-0.343,-0.196,-0.197,0.159,-0.176
8,A1_3,-0.233,-0.242,-0.091,1.0,0.048,-0.643,0.131,0.34,-0.166,-0.161,0.21,0.116,-0.332,0.186,0.163,0.333
8,B1_1,-0.1,0.103,0.128,0.048,1.0,0.124,0.027,-0.022,-0.005,0.013,0.024,-0.303,-0.323,-0.402,0.084,-0.066
8,B1_2,0.153,0.201,-0.155,-0.643,0.124,1.0,0.157,-0.033,0.27,0.333,0.007,-0.311,0.233,-0.351,-0.036,-0.108
8,B1_3,0.563,-0.233,-0.477,0.131,0.027,0.157,1.0,0.235,0.029,-0.156,0.47,0.199,-0.171,0.036,-0.149,0.062
8,A2_1,-0.052,0.238,-0.434,0.34,-0.022,-0.033,0.235,1.0,-0.161,-0.057,0.218,-0.046,-0.147,0.269,-0.268,0.608
8,A2_2,0.4,0.128,0.056,-0.166,-0.005,0.27,0.029,-0.161,1.0,-0.121,0.261,-0.252,-0.062,0.028,0.345,-0.255
8,A2_3,-0.14,-0.249,0.477,-0.161,0.013,0.333,-0.156,-0.057,-0.121,1.0,0.389,-0.402,-0.233,-0.311,0.248,0.081
8,B2_1,0.277,-0.326,0.036,0.21,0.024,0.007,0.47,0.218,0.261,0.389,1.0,-0.142,-0.741,0.251,0.228,0.152
8,B2_2,0.023,0.279,-0.343,0.116,-0.303,-0.311,0.199,-0.046,-0.252,-0.402,-0.142,1.0,0.252,0.153,0.019,-0.058
8,B2_3,-0.131,0.396,-0.196,-0.332,-0.323,0.233,-0.171,-0.147,-0.062,-0.233,-0.741,0.252,1.0,-0.303,-0.322,-0.211
8,y1,0.117,-0.056,-0.197,0.186,-0.402,-0.351,0.036,0.269,0.028,-0.311,0.251,0.153,-0.303,1.0,-0.117,0.057
8,y2,0.175,-0.215,0.159,0.163,0.084,-0.036,-0.149,-0.268,0.345,0.248,0.228,0.019,-0.322,-0.117,1.0,-0.385
8,y3,-0.195,0.177,-0.176,0.333,-0.066,-0.108,0.062,0.608,-0.255,0.081,0.152,-0.058,-0.211,0.057,-0.385,1.0
9,.,1.0,-0.407,-0.003,-0.232,-0.094,0.147,0.566,-0.055,0.395,-0.145,0.279,0.028,-0.132,0.116,0.174,-0.201
9,A1_1,-0.407,1.0,-0.461,-0.24,0.102,0.198,-0.234,0.239,0.128,-0.247,-0.325,0.279,0.395,-0.055,-0.214,0.178
9,A1_2,-0.003,-0.461,1.0,-0.089,0.125,-0.157,-0.479,-0.432,0.057,0.478,0.036,-0.344,-0.197,-0.195,0.161,-0.174
9,A1_3,-0.232,-0.24,-0.089,1.0,0.045,-0.642,0.127,0.341,-0.165,-0.159,0.209,0.114,-0.334,0.186,0.164,0.334
9,B1_1,-0.094,0.102,0.125,0.045,1.0,0.128,0.029,-0.024,-0.005,0.012,0.024,-0.303,-0.32,-0.404,0.083,-0.068
9,B1_2,0.147,0.198,-0.157,-0.642,0.128,1.0,0.162,-0.035,0.269,0.33,0.01,-0.308,0.237,-0.352,-0.038,-0.111
9,B1_3,0.566,-0.234,-0.479,0.127,0.029,0.162,1.0,0.232,0.028,-0.158,0.471,0.202,-0.168,0.032,-0.152,0.058
9,A2_1,-0.055,0.239,-0.432,0.341,-0.024,-0.035,0.232,1.0,-0.16,-0.055,0.218,-0.047,-0.149,0.27,-0.267,0.608
9,A2_2,0.395,0.128,0.057,-0.165,-0.005,0.269,0.028,-0.16,1.0,-0.12,0.263,-0.25,-0.061,0.027,0.344,-0.255
9,A2_3,-0.145,-0.247,0.478,-0.159,0.012,0.33,-0.158,-0.055,-0.12,1.0,0.389,-0.403,-0.234,-0.31,0.248,0.082
9,B2_1,0.279,-0.325,0.036,0.209,0.024,0.01,0.471,0.218,0.263,0.389,1.0,-0.143,-0.74,0.249,0.228,0.15
9,B2_2,0.028,0.279,-0.344,0.114,-0.303,-0.308,0.202,-0.047,-0.25,-0.403,-0.143,1.0,0.251,0.152,0.02,-0.059
9,B2_3,-0.132,0.395,-0.197,-0.334,-0.32,0.237,-0.168,-0.149,-0.061,-0.234,-0.74,0.251,1.0,-0.303,-0.322,-0.212
9,y1,0.116,-0.055,-0.195,0.186,-0.404,-0.352,0.032,0.27,0.027,-0.31,0.249,0.152,-0.303,1.0,-0.116,0.06
9,y2,0.174,-0.214,0.161,0.164,0.083,-0.038,-0.152,-0.267,0.344,0.248,0.228,0.02,-0.322,-0.116,1.0,-0.384
9,y3,-0.201,0.178,-0.174,0.334,-0.068,-0.111,0.058,0.608,-0.255,0.082,0.15,-0.059,-0.212,0.06,-0.384,1.0
10,.,1.0,-0.409,-0.006,-0.23,-0.088,0.14,0.569,-0.058,0.389,-0.149,0.281,0.032,-0.134,0.116,0.173,-0.206
10,A1_1,-0.409,1.0,-0.459,-0.237,0.1,0.195,-0.235,0.24,0.128,-0.245,-0.325,0.278,0.393,-0.054,-0.214,0.179
10,A1_2,-0.006,-0.459,1.0,-0.087,0.123,-0.158,-0.481,-0.43,0.058,0.479,0.035,-0.346,-0.199,-0.193,0.163,-0.171
10,A1_3,-0.23,-0.237,-0.087,1.0,0.042,-0.642,0.124,0.343,-0.163,-0.157,0.207,0.112,-0.335,0.187,0.165,0.335
10,B1_1,-0.088,0.1,0.123,0.042,1.0,0.133,0.032,-0.025,-0.005,0.011,0.025,-0.303,-0.317,-0.405,0.082,-0.07
10,B1_2,0.14,0.195,-0.158,-0.642,0.133,1.0,0.167,-0.037,0.269,0.327,0.013,-0.303,0.241,-0.354,-0.041,-0.114
10,B1_3,0.569,-0.235,-0.481,0.124,0.032,0.167,1.0,0.229,0.028,-0.159,0.472,0.204,-0.164,0.029,-0.155,0.055
10,A2_1,-0.058,0.24,-0.43,0.343,-0.025,-0.037,0.229,1.0,-0.159,-0.053,0.218,-0.048,-0.15,0.27,-0.266,0.608
10,A2_2,0.389,0.128,0.058,-0.163,-0.005,0.269,0.028,-0.159,1.0,-0.119,0.265,-0.248,-0.06,0.026,0.343,-0.255
10,A2_3,-0.149,-0.245,0.479,-0.157,0.011,0.327,-0.159,-0.053,-0.119,1.0,0.388,-0.403,-0.234,-0.309,0.249,0.083
10,B2_1,0.281,-0.325,0.035,0.207,0.025,0.013,0.472,0.218,0.265,0.388,1.0,-0.144,-0.739,0.246,0.227,0.148
10,B2_2,0.032,0.278,-0.346,0.112,-0.303,-0.303,0.204,-0.048,-0.248,-0.403,-0.144,1.0,0.251,0.15,0.02,-0.06
10,B2_3,-0.134,0.393,-0.199,-0.335,-0.317,0.241,-0.164,-0.15,-0.06,-0.234,-0.739,0.251,1.0,-0.304,-0.322,-0.213
10,y1,0.116,-0.054,-0.193,0.187,-0.405,-0.354,0.029,0.27,0.026,-0.309,0.246,0.15,-0.304,1.0,-0.115,0.063
10,y2,0.173,-0.214,0.163,0.165,0.082,-0.041,-0.155,-0.266,0.343,0.249,0.227,0.02,-0.322,-0.115,1.0,-0.382
10,y3,-0.206,0.179,-0.171,0.335,-0.07,-0.114,0.055,0.608,-0.255,0.083,0.148,-0.06,-0.213,0.063,-0.382,1.0
11,.,1.0,-0.411,-0.008,-0.229,-0.082,0.133,0.571,-0.061,0.383,-0.153,0.282,0.037,-0.135,0.116,0.172,-0.211
11,A1_1,-0.411,1.0,-0.457,-0.235,0.099,0.193,-0.236,0.241,0.129,-0.243,-0.325,0.278,0.391,-0.053,-0.213,0.18
11,A1_2,-0.008,-0.457,1.0,-0.085,0.12,-0.16,-0.483,-0.428,0.058,0.48,0.034,-0.348,-0.2,-0.191,0.165,-0.168
11,A1_3,-0.229,-0.235,-0.085,1.0,0.04,-0.642,0.12,0.344,-0.161,-0.154,0.206,0.11,-0.338,0.187,0.167,0.335
11,B1_1,-0.082,0.099,0.12,0.04,1.0,0.137,0.035,-0.027,-0.005,0.01,0.025,-0.303,-0.314,-0.407,0.08,-0.072
11,B1_2,0.133,0.193,-0.16,-0.642,0.137,1.0,0.172,-0.039,0.268,0.324,0.016,-0.299,0.245,-0.356,-0.045,-0.118
11,B1_3,0.571,-0.236,-0.483,0.12,0.035,0.172,1.0,0.226,0.027,-0.161,0.473,0.206,-0.161,0.025,-0.158,0.05
11,A2_1,-0.061,0.241,-0.428,0.344,-0.027,-0.039,0.226,1.0,-0.158,-0.052,0.218,-0.049,-0.151,0.271,-0.265,0.609
11,A2_2,0.383,0.129,0.058,-0.161,-0.005,0.268,0.027,-0.158,1.0,-0.118,0.266,-0.247,-0.059,0.025,0.342,-0.255
11,A2_3,-0.153,-0.243,0.48,-0.154,0.01,0.324,-0.161,-0.052,-0.118,1.0,0.388,-0.404,-0.234,-0.308,0.249,0.084
11,B2_1,0.282,-0.325,0.034,0.206,0.025,0.016,0.473,0.218,0.266,0.388,1.0,-0.145,-0.738,0.244,0.227,0.146
11,B2_2,0.037,0.278,-0.348,0.11,-0.303,-0.299,0.206,-0.049,-0.247,-0.404,-0.145,1.0,0.25,0.149,0.021,-0.062
11,B2_3,-0.135,0.391,-0.2,-0.338,-0.314,0.245,-0.161,-0.151,-0.059,-0.234,-0.738,0.25,1.0,-0.305,-0.323,-0.214
11,y1,0.116,-0.053,-0.191,0.187,-0.407,-0.356,0.025,0.271,0.025,-0.308,0.244,0.149,-0.305,1.0,-0.114,0.066
11,y2,0.172,-0.213,0.165,0.167,0.08,-0.045,-0.158,-0.265,0.342,0.249,0.227,0.021,-0.323,-0.114,1.0,-0.38
11,y3,-0.211,0.18,-0.168,0.335,-0.072,-0.118,0.05,0.609,-0.255,0.084,0.146,-0.062,-0.214,0.066,-0.38,1.0
12,.,1.0,-0.413,-0.011,-0.227,-0.076,0.125,0.572,-0.064,0.376,-0.158,0.283,0.041,-0.137,0.116,0.171,-0.216
12,A1_1,-0.413,1.0,-0.455,-0.232,0.098,0.19,-0.237,0.242,0.13,-0.241,-0.325,0.278,0.39,-0.053,-0.212,0.181
12,A1_2,-0.011,-0.455,1.0,-0.082,0.117,-0.162,-0.485,-0.425,0.059,0.481,0.033,-0.349,-0.201,-0.188,0.168,-0.165
12,A1_3,-0.227,-0.232,-0.082,1.0,0.037,-0.641,0.116,0.345,-0.159,-0.152,0.204,0.107,-0.34,0.188,0.168,0.336
12,B1_1,-0.076,0.098,0.117,0.037,1.0,0.142,0.038,-0.029,-0.005,0.009,0.026,-0.303,-0.311,-0.409,0.078,-0.074
12,B1_2,0.125,0.19,-0.162,-0.641,0.142,1.0,0.177,-0.041,0.266,0.321,0.02,-0.294,0.249,-0.358,-0.048,-0.122
12,B1_3,0.572,-0.237,-0.485,0.116,0.038,0.177,1.0,0.223,0.027,-0.162,0.475,0.209,-0.157,0.021,-0.162,0.046
12,A2_1,-0.064,0.242,-0.425,0.345,-0.029,-0.041,0.223,1.0,-0.156,-0.05,0.217,-0.05,-0.153,0.271,-0.264,0.609
12,A2_2,0.376,0.13,0.059,-0.159,-0.005,0.266,0.027,-0.156,1.0,-0.117,0.268,-0.245,-0.059,0.024,0.34,-0.255
12,A2_3,-0.158,-0.241,0.481,-0.152,0.009,0.321,-0.162,-0.05,-0.117,1.0,0.388,-0.404,-0.235,-0.306,0.25,0.085
12,B2_1,0.283,-0.325,0.033,0.204,0.026,0.02,0.475,0.217,0.268,0.388,1.0,-0.146,-0.736,0.241,0.226,0.144
12,B2_2,0.041,0.278,-0.349,0.107,-0.303,-0.294,0.209,-0.05,-0.245,-0.404,-0.146,1.0,0.25,0.147,0.021,-0.063
12,B2_3,-0.137,0.39,-0.201,-0.34,-0.311,0.249,-0.157,-0.153,-0.059,-0.235,-0.736,0.25,1.0,-0.306,-0.323,-0.215
12,y1,0.116,-0.053,-0.188,0.188,-0.409,-0.358,0.021,0.271,0.024,-0.306,0.241,0.147,-0.306,1.0,-0.112,0.069
12,y2,0.171,-0.212,0.168,0.168,0.078,-0.048,-0.162,-0.264,0.34,0.25,0.226,0.021,-0.323,-0.112,1.0,-0.377
12,y3,-0.216,0.181,-0.165,0.336,-0.074,-0.122,0.046,0.609,-0.255,0.085,0.144,-0.063,-0.215,0.069,-0.377,1.0
13,.,1.0,-0.414,-0.013,-0.226,-0.07,0.117,0.573,-0.067,0.369,-0.163,0.283,0.045,-0.139,0.116,0.17,-0.221
13,A1_1,-0.414,1.0,-0.452,-0.23,0.097,0.187,-0.238,0.244,0.13,-0.239,-0.324,0.277,0.388,-0.052,-0.211,0.182
13,A1_2,-0.013,-0.452,1.0,-0.08,0.114,-0.164,-0.487,-0.423,0.06,0.482,0.032,-0.351,-0.203,-0.186,0.17,-0.161
13,A1_3,-0.226,-0.23,-0.08,1.0,0.034,-0.641,0.112,0.347,-0.157,-0.15,0.203,0.105,-0.342,0.188,0.17,0.337
13,B1_1,-0.07,0.097,0.114,0.034,1.0,0.147,0.04,-0.03,-0.004,0.008,0.026,-0.303,-0.308,-0.411,0.076,-0.077
13,B1_2,0.117,0.187,-0.164,-0.641,0.147,1.0,0.182,-0.043,0.265,0.318,0.023,-0.289,0.254,-0.361,-0.052,-0.126
13,B1_3,0.573,-0.238,-0.487,0.112,0.04,0.182,1.0,0.22,0.026,-0.164,0.476,0.211,-0.153,0.016,-0.166,0.042
13,A2_1,-0.067,0.244,-0.423,0.347,-0.03,-0.043,0.22,1.0,-0.155,-0.048,0.217,-0.051,-0.154,0.272,-0.262,0.609
13,A2_2,0.369,0.13,0.06,-0.157,-0.004,0.265,0.026,-0.155,1.0,-0.116,0.27,-0.244,-0.058,0.023,0.339,-0.255
13,A2_3,-0.163,-0.239,0.482,-0.15,0.008,0.318,-0.164,-0.048,-0.116,1.0,0.388,-0.405,-0.235,-0.305,0.25,0.087
13,B2_1,0.283,-0.324,0.032,0.203,0.026,0.023,0.476,0.217,0.27,0.388,1.0,-0.147,-0.735,0.238,0.225,0.141
13,B2_2,0.045,0.277,-0.351,0.105,-0.303,-0.289,0.211,-0.051,-0.244,-0.405,-0.147,1.0,0.25,0.145,0.021,-0.064
13,B2_3,-0.139,0.388,-0.203,-0.342,-0.308,0.254,-0.153,-0.154,-0.058,-0.235,-0.735,0.25,1.0,-0.307,-0.324,-0.216
13,y1,0.116,-0.052,-0.186,0.188,-0.411,-0.361,0.016,0.272,0.023,-0.305,0.238,0.145,-0.307,1.0,-0.11,0.072
13,y2,0.17,-0.211,0.17,0.17,0.076,-0.052,-0.166,-0.262,0.339,0.25,0.225,0.021,-0.324,-0.11,1.0,-0.375
13,y3,-0.221,0.182,-0.161,0.337,-0.077,-0.126,0.042,0.609,-0.255,0.087,0.141,-0.064,-0.216,0.072,-0.375,1.0
14,.,1.0,-0.416,-0.015,-0.225,-0.065,0.109,0.573,-0.07,0.362,-0.167,0.283,0.049,-0.141,0.116,0.17,-0.226
14,A1_1,-0.416,1.0,-0.45,-0.227,0.095,0.184,-0.24,0.245,0.131,-0.237,-0.324,0.277,0.386,-0.051,-0.21,0.184
14,A1_2,-0.015,-0.45,1.0,-0.078,0.111,-0.166,-0.49,-0.42,0.061,0.482,0.03,-0.353,-0.204,-0.183,0.173,-0.158
14,A1_3,-0.225,-0.227,-0.078,1.0,0.031,-0.641,0.108,0.348,-0.155,-0.147,0.201,0.102,-0.344,0.189,0.171,0.338
14,B1_1,-0.065,0.095,0.111,0.031,1.0,0.152,0.043,-0.032,-0.004,0.007,0.027,-0.302,-0.304,-0.413,0.074,-0.079
14,B1_2,0.109,0.184,-0.166,-0.641,0.152,1.0,0.187,-0.045,0.264,0.315,0.026,-0.284,0.258,-0.363,-0.056,-0.13
14,B1_3,0.573,-0.24,-0.49,0.108,0.043,0.187,1.0,0.217,0.025,-0.166,0.477,0.214,-0.149,0.011,-0.17,0.037
14,A2_1,-0.07,0.245,-0.42,0.348,-0.032,-0.045,0.217,1.0,-0.154,-0.046,0.217,-0.052,-0.156,0.272,-0.261,0.61
14,A2_2,0.362,0.131,0.061,-0.155,-0.004,0.264,0.025,-0.154,1.0,-0.114,0.271,-0.242,-0.057,0.022,0.338,-0.255
14,A2_3,-0.167,-0.237,0.482,-0.147,0.007,0.315,-0.166,-0.046,-0.114,1.0,0.388,-0.405,-0.236,-0.303,0.251,0.088
14,B2_1,0.283,-0.324,0.03,0.201,0.027,0.026,0.477,0.217,0.271,0.388,1.0,-0.148,-0.733,0.235,0.223,0.139
14,B2_2,0.049,0.277,-0.353,0.102,-0.302,-0.284,0.214,-0.052,-0.242,-0.405,-0.148,1.0,0.25,0.143,0.021,-0.066
14,B2_3,-0.141,0.386,-0.204,-0.344,-0.304,0.258,-0.149,-0.156,-0.057,-0.236,-0.733,0.25,1.0,-0.308,-0.325,-0.218
14,y1,0.116,-0.051,-0.183,0.189,-0.413,-0.363,0.011,0.272,0.022,-0.303,0.235,0.143,-0.308,1.0,-0.108,0.076
14,y2,0.17,-0.21,0.173,0.171,0.074,-0.056,-0.17,-0.261,0.338,0.251,0.223,0.021,-0.325,-0.108,1.0,-0.372
14,y3,-0.226,0.184,-0.158,0.338,-0.079,-0.13,0.037,0.61,-0.255,0.088,0.139,-0.066,-0.218,0.076,-0.372,1.0
15,.,1.0,-0.418,-0.017,-0.224,-0.059,0.1,0.572,-0.074,0.354,-0.172,0.282,0.053,-0.143,0.117,0.168,-0.231
15,A1_1,-0.418,1.0,-0.447,-0.224,0.094,0.181,-0.241,0.246,0.132,-0.235,-0.323,0.276,0.385,-0.05,-0.209,0.185
15,A1_2,-0.017,-0.447,1.0,-0.075,0.108,-0.169,-0.492,-0.417,0.062,0.483,0.029,-0.355,-0.206,-0.18,0.176,-0.154
15,A1_3,-0.224,-0.224,-0.075,1.0,0.028,-0.64,0.104,0.35,-0.153,-0.145,0.2,0.099,-0.346,0.19,0.173,0.339
15,B1_1,-0.059,0.094,0.108,0.028,1.0,0.157,0.047,-0.034,-0.005,0.006,0.027,-0.301,-0.3,-0.416,0.072,-0.082
15,B1_2,0.1,0.181,-0.169,-0.64,0.157,1.0,0.192,-0.047,0.262,0.311,0.03,-0.279,0.263,-0.366,-0.061,-0.135
15,B1_3,0.572,-0.241,-0.492,0.104,0.047,0.192,1.0,0.213,0.024,-0.167,0.478,0.217,-0.144,0.007,-0.175,0.032
15,A2_1,-0.074,0.246,-0.417,0.35,-0.034,-0.047,0.213,1.0,-0.153,-0.044,0.216,-0.053,-0.157,0.273,-0.259,0.61
15,A2_2,0.354,0.132,0.062,-0.153,-0.005,0.262,0.024,-0.153,1.0,-0.113,0.273,-0.241,-0.057,0.021,0.336,-0.255
15,A2_3,-0.172,-0.235,0.483,-0.145,0.006,0.311,-0.167,-0.044,-0.113,1.0,0.388,-0.406,-0.236,-0.301,0.251,0.089
15,B2_1,0.282,-0.323,0.029,0.2,0.027,0.03,0.478,0.216,0.273,0.388,1.0,-0.149,-0.731,0.232,0.222,0.137
15,B2_2,0.053,0.276,-0.355,0.099,-0.301,-0.279,0.217,-0.053,-0.241,-0.406,-0.149,1.0,0.251,0.141,0.021,-0.067
15,B2_3,-0.143,0.385,-0.206,-0.346,-0.3,0.263,-0.144,-0.157,-0.057,-0.236,-0.731,0.251,1.0,-0.31,-0.326,-0.219
15,y1,0.117,-0.05,-0.18,0.19,-0.416,-0.366,0.007,0.273,0.021,-0.301,0.232,0.141,-0.31,1.0,-0.105,0.08
15,y2,0.168,-0.209,0.176,0.173,0.072,-0.061,-0.175,-0.259,0.336,0.251,0.222,0.021,-0.326,-0.105,1.0,-0.368
15,y3,-0.231,0.185,-0.154,0.339,-0.082,-0.135,0.032,0.61,-0.255,0.089,0.137,-0.067,-0.219,0.08,-0.368,1.0
16,.,1.0,-0.42,-0.019,-0.223,-0.054,0.091,0.571,-0.077,0.346,-0.177,0.281,0.056,-0.145,0.117,0.167,-0.236
16,A1_1,-0.42,1.0,-0.445,-0.221,0.093,0.179,-0.242,0.248,0.132,-0.233,-0.323,0.276,0.383,-0.049,-0.208,0.186
16,A1_2,-0.019,-0.445,1.0,-0.073,0.105,-0.171,-0.495,-0.415,0.063,0.484,0.028,-0.358,-0.208,-0.177,0.179,-0.151
16,A1_3,-0.223,-0.221,-0.073,1.0,0.025,-0.64,0.1,0.351,-0.151,-0.142,0.198,0.096,-0.348,0.19,0.175,0.34
16,B1_1,-0.054,0.093,0.105,0.025,1.0,0.162,0.05,-0.036,-0.005,0.005,0.028,-0.3,-0.296,-0.418,0.069,-0.084
16,B1_2,0.091,0.179,-0.171,-0.64,0.162,1.0,0.198,-0.05,0.26,0.308,0.033,-0.273,0.268,-0.369,-0.066,-0.139
16,B1_3,0.571,-0.242,-0.495,0.1,0.05,0.198,1.0,0.21,0.022,-0.169,0.48,0.22,-0.14,0.002,-0.179,0.028
16,A2_1,-0.077,0.248,-0.415,0.351,-0.036,-0.05,0.21,1.0,-0.151,-0.042,0.216,-0.054,-0.159,0.273,-0.257,0.61
16,A2_2,0.346,0.132,0.063,-0.151,-0.005,0.26,0.022,-0.151,1.0,-0.112,0.274,-0.24,-0.056,0.02,0.335,-0.255
16,A2_3,-0.177,-0.233,0.484,-0.142,0.005,0.308,-0.169,-0.042,-0.112,1.0,0.388,-0.406,-0.236,-0.299,0.252,0.09
16,B2_1,0.281,-0.323,0.028,0.198,0.028,0.033,0.48,0.216,0.274,0.388,1.0,-0.149,-0.728,0.229,0.22,0.134
16,B2_2,0.056,0.276,-0.358,0.096,-0.3,-0.273,0.22,-0.054,-0.24,-0.406,-0.149,1.0,0.251,0.138,0.02,-0.068
16,B2_3,-0.145,0.383,-0.208,-0.348,-0.296,0.268,-0.14,-0.159,-0.056,-0.236,-0.728,0.251,1.0,-0.312,-0.327,-0.221
16,y1,0.117,-0.049,-0.177,0.19,-0.418,-0.369,0.002,0.273,0.02,-0.299,0.229,0.138,-0.312,1.0,-0.102,0.084
16,y2,0.167,-0.208,0.179,0.175,0.069,-0.066,-0.179,-0.257,0.335,0.252,0.22,0.02,-0.327,-0.102,1.0,-0.365
16,y3,-0.236,0.186,-0.151,0.34,-0.084,-0.139,0.028,0.61,-0.255,0.09,0.134,-0.068,-0.221,0.084,-0.365,1.0
17,.,1.0,-0.421,-0.021,-0.222,-0.049,0.081,0.569,-0.081,0.338,-0.182,0.279,0.059,-0.148,0.119,0.166,-0.241
17,A1_1,-0.421,1.0,-0.442,-0.218,0.092,0.176,-0.243,0.249,0.133,-0.23,-0.322,0.275,0.381,-0.048,-0.207,0.187
17,A1_2,-0.021,-0.442,1.0,-0.07,0.101,-0.173,-0.498,-0.412,0.064,0.485,0.026,-0.36,-0.21,-0.174,0.182,-0.147
17,A1_3,-0.222,-0.218,-0.07,1.0,0.022,-0.639,0.095,0.353,-0.149,-0.14,0.196,0.093,-0.35,0.191,0.177,0.342
17,B1_1,-0.049,0.092,0.101,0.022,1.0,0.167,0.053,-0.037,-0.005,0.004,0.028,-0.299,-0.292,-0.421,0.066,-0.087
17,B1_2,0.081,0.176,-0.173,-0.639,0.167,1.0,0.204,-0.052,0.259,0.304,0.037,-0.267,0.273,-0.372,-0.071,-0.144
17,B1_3,0.569,-0.243,-0.498,0.095,0.053,0.204,1.0,0.206,0.021,-0.171,0.481,0.223,-0.135,-0.004,-0.184,0.023
17,A2_1,-0.081,0.249,-0.412,0.353,-0.037,-0.052,0.206,1.0,-0.15,-0.04,0.215,-0.055,-0.161,0.274,-0.256,0.61
17,A2_2,0.338,0.133,0.064,-0.149,-0.005,0.259,0.021,-0.15,1.0,-0.111,0.275,-0.239,-0.056,0.019,0.333,-0.255
17,A2_3,-0.182,-0.23,0.485,-0.14,0.004,0.304,-0.171,-0.04,-0.111,1.0,0.387,-0.407,-0.237,-0.297,0.253,0.091
17,B2_1,0.279,-0.322,0.026,0.196,0.028,0.037,0.481,0.215,0.275,0.387,1.0,-0.15,-0.725,0.225,0.219,0.132
17,B2_2,0.059,0.275,-0.36,0.093,-0.299,-0.267,0.223,-0.055,-0.239,-0.407,-0.15,1.0,0.252,0.135,0.019,-0.07
17,B2_3,-0.148,0.381,-0.21,-0.35,-0.292,0.273,-0.135,-0.161,-0.056,-0.237,-0.725,0.252,1.0,-0.313,-0.329,-0.222
17,y1,0.119,-0.048,-0.174,0.191,-0.421,-0.372,-0.004,0.274,0.019,-0.297,0.225,0.135,-0.313,1.0,-0.099,0.088
17,y2,0.166,-0.207,0.182,0.177,0.066,-0.071,-0.184,-0.256,0.333,0.253,0.219,0.019,-0.329,-0.099,1.0,-0.361
17,y3,-0.241,0.187,-0.147,0.342,-0.087,-0.144,0.023,0.61,-0.255,0.091,0.132,-0.07,-0.222,0.088,-0.361,1.0
18,.,1.0,-0.423,-0.024,-0.221,-0.044,0.071,0.567,-0.084,0.33,-0.188,0.277,0.062,-0.15,0.12,0.165,-0.245
18,A1_1,-0.423,1.0,-0.439,-0.216,0.091,0.173,-0.244,0.25,0.134,-0.228,-0.322,0.275,0.379,-0.047,-0.206,0.188
18,A1_2,-0.024,-0.439,1.0,-0.068,0.098,-0.176,-0.5,-0.409,0.065,0.487,0.025,-0.362,-0.212,-0.17,0.185,-0.143
18,A1_3,-0.221,-0.216,-0.068,1.0,0.019,-0.638,0.091,0.355,-0.147,-0.137,0.195,0.091,-0.352,0.192,0.179,0.343
18,B1_1,-0.044,0.091,0.098,0.019,1.0,0.173,0.057,-0.039,-0.005,0.003,0.029,-0.298,-0.287,-0.423,0.063,-0.09
18,B1_2,0.071,0.173,-0.176,-0.638,0.173,1.0,0.209,-0.054,0.257,0.301,0.041,-0.261,0.278,-0.376,-0.077,-0.149
18,B1_3,0.567,-0.244,-0.5,0.091,0.057,0.209,1.0,0.202,0.02,-0.173,0.482,0.227,-0.13,-0.009,-0.19,0.018
18,A2_1,-0.084,0.25,-0.409,0.355,-0.039,-0.054,0.202,1.0,-0.148,-0.038,0.215,-0.057,-0.162,0.275,-0.253,0.611
18,A2_2,0.33,0.134,0.065,-0.147,-0.005,0.257,0.02,-0.148,1.0,-0.109,0.277,-0.238,-0.055,0.018,0.332,-0.254
18,A2_3,-0.188,-0.228,0.487,-0.137,0.003,0.301,-0.173,-0.038,-0.109,1.0,0.387,-0.408,-0.237,-0.295,0.253,0.093
18,B2_1,0.277,-0.322,0.025,0.195,0.029,0.041,0.482,0.215,0.277,0.387,1.0,-0.15,-0.723,0.222,0.217,0.129
18,B2_2,0.062,0.275,-0.362,0.091,-0.298,-0.261,0.227,-0.057,-0.238,-0.408,-0.15,1.0,0.253,0.132,0.018,-0.072
18,B2_3,-0.15,0.379,-0.212,-0.352,-0.287,0.278,-0.13,-0.162,-0.055,-0.237,-0.723,0.253,1.0,-0.315,-0.33,-0.224
18,y1,0.12,-0.047,-0.17,0.192,-0.423,-0.376,-0.009,0.275,0.018,-0.295,0.222,0.132,-0.315,1.0,-0.095,0.092
18,y2,0.165,-0.206,0.185,0.179,0.063,-0.077,-0.19,-0.253,0.332,0.253,0.217,0.018,-0.33,-0.095,1.0,-0.356
18,y3,-0.245,0.188,-0.143,0.343,-0.09,-0.149,0.018,0.611,-0.254,0.093,0.129,-0.072,-0.224,0.092,-0.356,1.0
19,.,1.0,-0.425,-0.025,-0.22,-0.039,0.061,0.564,-0.088,0.321,-0.193,0.274,0.064,-0.152,0.121,0.164,-0.25
19,A1_1,-0.425,1.0,-0.436,-0.212,0.09,0.17,-0.245,0.252,0.135,-0.225,-0.321,0.274,0.377,-0.046,-0.205,0.189
19,A1_2,-0.025,-0.436,1.0,-0.065,0.094,-0.179,-0.503,-0.406,0.066,0.488,0.023,-0.365,-0.214,-0.166,0.189,-0.139
19,A1_3,-0.22,-0.212,-0.065,1.0,0.016,-0.638,0.087,0.356,-0.145,-0.135,0.193,0.087,-0.354,0.193,0.181,0.344
19,B1_1,-0.039,0.09,0.094,0.016,1.0,0.179,0.06,-0.041,-0.006,0.002,0.03,-0.297,-0.282,-0.426,0.06,-0.093
19,B1_2,0.061,0.17,-0.179,-0.638,0.179,1.0,0.215,-0.057,0.254,0.297,0.045,-0.254,0.283,-0.379,-0.083,-0.154
19,B1_3,0.564,-0.245,-0.503,0.087,0.06,0.215,1.0,0.198,0.018,-0.174,0.484,0.23,-0.124,-0.015,-0.195,0.012
19,A2_1,-0.088,0.252,-0.406,0.356,-0.041,-0.057,0.198,1.0,-0.146,-0.035,0.214,-0.058,-0.164,0.275,-0.251,0.611
19,A2_2,0.321,0.135,0.066,-0.145,-0.006,0.254,0.018,-0.146,1.0,-0.108,0.278,-0.237,-0.055,0.018,0.33,-0.254
19,A2_3,-0.193,-0.225,0.488,-0.135,0.002,0.297,-0.174,-0.035,-0.108,1.0,0.387,-0.408,-0.237,-0.293,0.254,0.094
19,B2_1,0.274,-0.321,0.023,0.193,0.03,0.045,0.484,0.214,0.278,0.387,1.0,-0.151,-0.72,0.218,0.215,0.127
19,B2_2,0.064,0.274,-0.365,0.087,-0.297,-0.254,0.23,-0.058,-0.237,-0.408,-0.151,1.0,0.254,0.128,0.017,-0.073
19,B2_3,-0.152,0.377,-0.214,-0.354,-0.282,0.283,-0.124,-0.164,-0.055,-0.237,-0.72,0.254,1.0,-0.318,-0.332,-0.226
19,y1,0.121,-0.046,-0.166,0.193,-0.426,-0.379,-0.015,0.275,0.018,-0.293,0.218,0.128,-0.318,1.0,-0.091,0.097
19,y2,0.164,-0.205,0.189,0.181,0.06,-0.083,-0.195,-0.251,0.33,0.254,0.215,0.017,-0.332,-0.091,1.0,-0.352
19,y3,-0.25,0.189,-0.139,0.344,-0.093,-0.154,0.012,0.611,-0.254,0.094,0.127,-0.073,-0.226,0.097,-0.352,1.0
20,.,1.0,-0.426,-0.028,-0.22,-0.035,0.051,0.56,-0.092,0.312,-0.199,0.27,0.065,-0.155,0.122,0.163,-0.254
20,A1_1,-0.426,1.0,-0.433,-0.209,0.089,0.167,-0.246,0.254,0.136,-0.223,-0.32,0.274,0.375,-0.045,-0.204,0.19
20,A1_2,-0.028,-0.433,1.0,-0.063,0.09,-0.181,-0.506,-0.403,0.068,0.489,0.021,-0.368,-0.216,-0.163,0.192,-0.134
20,A1_3,-0.22,-0.209,-0.063,1.0,0.013,-0.637,0.083,0.358,-0.142,-0.132,0.191,0.084,-0.356,0.194,0.184,0.345
20,B1_1,-0.035,0.089,0.09,0.013,1.0,0.185,0.064,-0.043,-0.007,0.001,0.031,-0.295,-0.277,-0.429,0.056,-0.096
20,B1_2,0.051,0.167,-0.181,-0.637,0.185,1.0,0.221,-0.06,0.252,0.294,0.049,-0.247,0.289,-0.383,-0.089,-0.159
20,B1_3,0.56,-0.246,-0.506,0.083,0.064,0.221,1.0,0.194,0.016,-0.176,0.485,0.234,-0.119,-0.021,-0.201,0.007
20,A2_1,-0.092,0.254,-0.403,0.358,-0.043,-0.06,0.194,1.0,-0.145,-0.033,0.213,-0.06,-0.166,0.276,-0.249,0.611
20,A2_2,0.312,0.136,0.068,-0.142,-0.007,0.252,0.016,-0.145,1.0,-0.106,0.279,-0.236,-0.055,0.017,0.329,-0.253
20,A2_3,-0.199,-0.223,0.489,-0.132,0.001,0.294,-0.176,-0.033,-0.106,1.0,0.387,-0.408,-0.238,-0.291,0.254,0.095
20,B2_1,0.27,-0.32,0.021,0.191,0.031,0.049,0.485,0.213,0.279,0.387,1.0,-0.151,-0.716,0.213,0.213,0.124
20,B2_2,0.065,0.274,-0.368,0.084,-0.295,-0.247,0.234,-0.06,-0.236,-0.408,-0.151,1.0,0.255,0.124,0.015,-0.075
20,B2_3,-0.155,0.375,-0.216,-0.356,-0.277,0.289,-0.119,-0.166,-0.055,-0.238,-0.716,0.255,1.0,-0.32,-0.334,-0.228
20,y1,0.122,-0.045,-0.163,0.194,-0.429,-0.383,-0.021,0.276,0.017,-0.291,0.213,0.124,-0.32,1.0,-0.086,0.102
20,y2,0.163,-0.204,0.192,0.184,0.056,-0.089,-0.201,-0.249,0.329,0.254,0.213,0.015,-0.334,-0.086,1.0,-0.347
20,y3,-0.254,0.19,-0.134,0.345,-0.096,-0.159,0.007,0.611,-0.253,0.095,0.124,-0.075,-0.228,0.102,-0.347,1.0
21,.,1.0,-0.428,-0.03,-0.219,-0.032,0.04,0.555,-0.096,0.303,-0.204,0.266,0.066,-0.157,0.124,0.162,-0.259
21,A1_1,-0.428,1.0,-0.43,-0.206,0.087,0.164,-0.247,0.255,0.137,-0.22,-0.319,0.273,0.372,-0.044,-0.202,0.191
21,A1_2,-0.03,-0.43,1.0,-0.06,0.086,-0.184,-0.509,-0.4,0.069,0.49,0.019,-0.37,-0.218,-0.159,0.196,-0.13
21,A1_3,-0.219,-0.206,-0.06,1.0,0.01,-0.636,0.078,0.36,-0.14,-0.129,0.189,0.081,-0.358,0.195,0.186,0.347
21,B1_1,-0.032,0.087,0.086,0.01,1.0,0.191,0.068,-0.045,-0.007,-0.0,0.032,-0.293,-0.271,-0.433,0.052,-0.099
21,B1_2,0.04,0.164,-0.184,-0.636,0.191,1.0,0.227,-0.062,0.249,0.29,0.053,-0.239,0.295,-0.387,-0.095,-0.164
21,B1_3,0.555,-0.247,-0.509,0.078,0.068,0.227,1.0,0.19,0.014,-0.178,0.487,0.238,-0.113,-0.028,-0.207,0.001
21,A2_1,-0.096,0.255,-0.4,0.36,-0.045,-0.062,0.19,1.0,-0.143,-0.031,0.213,-0.062,-0.168,0.277,-0.246,0.612
21,A2_2,0.303,0.137,0.069,-0.14,-0.007,0.249,0.014,-0.143,1.0,-0.104,0.28,-0.235,-0.055,0.017,0.328,-0.253
21,A2_3,-0.204,-0.22,0.49,-0.129,-0.0,0.29,-0.178,-0.031,-0.104,1.0,0.387,-0.409,-0.238,-0.289,0.255,0.097
21,B2_1,0.266,-0.319,0.019,0.189,0.032,0.053,0.487,0.213,0.28,0.387,1.0,-0.151,-0.713,0.209,0.21,0.121
21,B2_2,0.066,0.273,-0.37,0.081,-0.293,-0.239,0.238,-0.062,-0.235,-0.409,-0.151,1.0,0.257,0.12,0.013,-0.077
21,B2_3,-0.157,0.372,-0.218,-0.358,-0.271,0.295,-0.113,-0.168,-0.055,-0.238,-0.713,0.257,1.0,-0.323,-0.337,-0.23
21,y1,0.124,-0.044,-0.159,0.195,-0.433,-0.387,-0.028,0.277,0.017,-0.289,0.209,0.12,-0.323,1.0,-0.081,0.107
21,y2,0.162,-0.202,0.196,0.186,0.052,-0.095,-0.207,-0.246,0.328,0.255,0.21,0.013,-0.337,-0.081,1.0,-0.341
21,y3,-0.259,0.191,-0.13,0.347,-0.099,-0.164,0.001,0.612,-0.253,0.097,0.121,-0.077,-0.23,0.107,-0.341,1.0
22,.,1.0,-0.429,-0.032,-0.218,-0.028,0.03,0.55,-0.1,0.294,-0.21,0.262,0.067,-0.16,0.126,0.161,-0.262
22,A1_1,-0.429,1.0,-0.427,-0.203,0.086,0.162,-0.248,0.257,0.139,-0.217,-0.319,0.273,0.37,-0.043,-0.201,0.192
22,A1_2,-0.032,-0.427,1.0,-0.057,0.082,-0.187,-0.512,-0.396,0.071,0.491,0.017,-0.373,-0.22,-0.155,0.199,-0.125
22,A1_3,-0.218,-0.203,-0.057,1.0,0.007,-0.635,0.074,0.362,-0.137,-0.126,0.187,0.078,-0.36,0.196,0.189,0.348
22,B1_1,-0.028,0.086,0.082,0.007,1.0,0.197,0.072,-0.048,-0.008,-0.001,0.033,-0.291,-0.265,-0.436,0.047,-0.103
22,B1_2,0.03,0.162,-0.187,-0.635,0.197,1.0,0.233,-0.065,0.247,0.286,0.058,-0.232,0.301,-0.391,-0.102,-0.169
22,B1_3,0.55,-0.248,-0.512,0.074,0.072,0.233,1.0,0.186,0.012,-0.18,0.488,0.241,-0.107,-0.034,-0.213,-0.004
22,A2_1,-0.1,0.257,-0.396,0.362,-0.048,-0.065,0.186,1.0,-0.141,-0.028,0.212,-0.064,-0.17,0.277,-0.243,0.612
22,A2_2,0.294,0.139,0.071,-0.137,-0.008,0.247,0.012,-0.141,1.0,-0.103,0.281,-0.235,-0.055,0.017,0.326,-0.252
22,A2_3,-0.21,-0.217,0.491,-0.126,-0.001,0.286,-0.18,-0.028,-0.103,1.0,0.387,-0.409,-0.238,-0.286,0.256,0.098
22,B2_1,0.262,-0.319,0.017,0.187,0.033,0.058,0.488,0.212,0.281,0.387,1.0,-0.151,-0.709,0.204,0.207,0.118
22,B2_2,0.067,0.273,-0.373,0.078,-0.291,-0.232,0.241,-0.064,-0.235,-0.409,-0.151,1.0,0.259,0.115,0.011,-0.079
22,B2_3,-0.16,0.37,-0.22,-0.36,-0.265,0.301,-0.107,-0.17,-0.055,-0.238,-0.709,0.259,1.0,-0.326,-0.339,-0.233
22,y1,0.126,-0.043,-0.155,0.196,-0.436,-0.391,-0.034,0.277,0.017,-0.286,0.204,0.115,-0.326,1.0,-0.076,0.112
22,y2,0.161,-0.201,0.199,0.189,0.047,-0.102,-0.213,-0.243,0.326,0.256,0.207,0.011,-0.339,-0.076,1.0,-0.335
22,y3,-0.262,0.192,-0.125,0.348,-0.103,-0.169,-0.004,0.612,-0.252,0.098,0.118,-0.079,-0.233,0.112,-0.335,1.0
23,.,1.0,-0.431,-0.033,-0.218,-0.026,0.019,0.544,-0.104,0.284,-0.215,0.257,0.067,-0.164,0.128,0.161,-0.265
23,A1_1,-0.431,1.0,-0.423,-0.199,0.086,0.159,-0.249,0.259,0.14,-0.214,-0.318,0.272,0.368,-0.042,-0.199,0.193
23,A1_2,-0.033,-0.423,1.0,-0.054,0.078,-0.19,-0.516,-0.393,0.072,0.492,0.015,-0.377,-0.223,-0.151,0.203,-0.121
23,A1_3,-0.218,-0.199,-0.054,1.0,0.004,-0.634,0.069,0.363,-0.135,-0.123,0.185,0.074,-0.362,0.197,0.191,0.35
23,B1_1,-0.026,0.086,0.078,0.004,1.0,0.204,0.076,-0.05,-0.009,-0.002,0.034,-0.288,-0.259,-0.44,0.042,-0.106
23,B1_2,0.019,0.159,-0.19,-0.634,0.204,1.0,0.239,-0.068,0.244,0.282,0.062,-0.224,0.307,-0.396,-0.11,-0.175
23,B1_3,0.544,-0.249,-0.516,0.069,0.076,0.239,1.0,0.182,0.01,-0.182,0.49,0.245,-0.101,-0.041,-0.22,-0.01
23,A2_1,-0.104,0.259,-0.393,0.363,-0.05,-0.068,0.182,1.0,-0.139,-0.026,0.211,-0.066,-0.172,0.278,-0.24,0.612
23,A2_2,0.284,0.14,0.072,-0.135,-0.009,0.244,0.01,-0.139,1.0,-0.101,0.281,-0.234,-0.056,0.016,0.325,-0.251
23,A2_3,-0.215,-0.214,0.492,-0.123,-0.002,0.282,-0.182,-0.026,-0.101,1.0,0.386,-0.409,-0.238,-0.284,0.256,0.1
23,B2_1,0.257,-0.318,0.015,0.185,0.034,0.062,0.49,0.211,0.281,0.386,1.0,-0.151,-0.704,0.199,0.205,0.116
23,B2_2,0.067,0.272,-0.377,0.074,-0.288,-0.224,0.245,-0.066,-0.234,-0.409,-0.151,1.0,0.261,0.11,0.008,-0.082
23,B2_3,-0.164,0.368,-0.223,-0.362,-0.259,0.307,-0.101,-0.172,-0.056,-0.238,-0.704,0.261,1.0,-0.329,-0.342,-0.235
23,y1,0.128,-0.042,-0.151,0.197,-0.44,-0.396,-0.041,0.278,0.016,-0.284,0.199,0.11,-0.329,1.0,-0.07,0.117
23,y2,0.161,-0.199,0.203,0.191,0.042,-0.11,-0.22,-0.24,0.325,0.256,0.205,0.008,-0.342,-0.07,1.0,-0.328
23,y3,-0.265,0.193,-0.121,0.35,-0.106,-0.175,-0.01,0.612,-0.251,0.1,0.116,-0.082,-0.235,0.117,-0.328,1.0
24,.,1.0,-0.432,-0.035,-0.218,-0.024,0.008,0.537,-0.108,0.275,-0.221,0.251,0.066,-0.167,0.13,0.16,-0.269
24,A1_1,-0.432,1.0,-0.42,-0.196,0.085,0.156,-0.25,0.261,0.141,-0.212,-0.317,0.272,0.366,-0.041,-0.198,0.194
24,A1_2,-0.035,-0.42,1.0,-0.051,0.074,-0.193,-0.519,-0.389,0.074,0.494,0.013,-0.38,-0.225,-0.146,0.207,-0.116
24,A1_3,-0.218,-0.196,-0.051,1.0,0.0,-0.633,0.065,0.365,-0.132,-0.12,0.183,0.071,-0.364,0.199,0.194,0.351
