,,.,A1_1,A1_2,A1_3,B1_1,B1_2,B1_3,A2_1,A2_2,A2_3,B2_1,B2_2,B2_3,y1,y2,y3
0,.,1.0,0.398,-0.179,-0.24,-0.182,0.066,-0.018,-0.103,-0.095,0.072,-0.132,-0.291,-0.152,0.783,0.842,0.827
0,A1_1,0.398,1.0,0.255,0.257,0.215,0.412,0.413,0.553,0.425,0.399,0.405,0.361,0.424,0.269,0.34,0.446
0,A1_2,-0.179,0.255,1.0,0.803,0.725,0.479,0.557,0.758,0.702,0.752,0.661,0.727,0.672,-0.386,-0.115,-0.232
0,A1_3,-0.24,0.257,0.803,1.0,0.839,0.565,0.694,0.83,0.78,0.777,0.837,0.83,0.724,-0.32,-0.145,-0.314
0,B1_1,-0.182,0.215,0.725,0.839,1.0,0.468,0.693,0.755,0.718,0.677,0.768,0.738,0.744,-0.253,-0.064,-0.277
0,B1_2,0.066,0.412,0.479,0.565,0.468,1.0,0.729,0.687,0.624,0.449,0.548,0.734,0.421,-0.053,0.101,-0.064
0,B1_3,-0.018,0.413,0.557,0.694,0.693,0.729,1.0,0.842,0.652,0.614,0.703,0.766,0.655,-0.203,0.052,-0.153
0,A2_1,-0.103,0.553,0.758,0.83,0.755,0.687,0.842,1.0,0.873,0.82,0.848,0.847,0.811,-0.266,-0.067,-0.182
0,A2_2,-0.095,0.425,0.702,0.78,0.718,0.624,0.652,0.873,1.0,0.842,0.869,0.748,0.813,-0.223,-0.083,-0.196
0,A2_3,0.072,0.399,0.752,0.777,0.677,0.449,0.614,0.82,0.842,1.0,0.788,0.638,0.767,-0.168,0.128,-0.017
0,B2_1,-0.132,0.405,0.661,0.837,0.768,0.548,0.703,0.848,0.869,0.788,1.0,0.83,0.852,-0.234,-0.067,-0.171
0,B2_2,-0.291,0.361,0.727,0.83,0.738,0.734,0.766,0.847,0.748,0.638,0.83,1.0,0.737,-0.428,-0.289,-0.355
0,B2_3,-0.152,0.424,0.672,0.724,0.744,0.421,0.655,0.811,0.813,0.767,0.852,0.737,1.0,-0.235,-0.118,-0.132
0,y1,0.783,0.269,-0.386,-0.32,-0.253,-0.053,-0.203,-0.266,-0.223,-0.168,-0.234,-0.428,-0.235,1.0,0.784,0.755
0,y2,0.842,0.34,-0.115,-0.145,-0.064,0.101,0.052,-0.067,-0.083,0.128,-0.067,-0.289,-0.118,0.784,1.0,0.806
0,y3,0.827,0.446,-0.232,-0.314,-0.277,-0.064,-0.153,-0.182,-0.196,-0.017,-0.171,-0.355,-0.132,0.755,0.806,1.0
1,.,1.0,0.424,-0.353,-0.381,-0.389,-0.071,-0.18,-0.445,-0.355,-0.415,-0.427,-0.467,-0.427,0.76,0.731,0.683
1,A1_1,0.424,1.0,0.137,-0.041,0.038,0.063,0.237,0.022,0.119,-0.061,-0.081,-0.023,0.014,0.448,0.367,0.551
1,A1_2,-0.353,0.137,1.0,0.861,0.726,0.424,0.656,0.903,0.849,0.806,0.751,0.844,0.713,-0.265,-0.312,-0.485
1,A1_3,-0.381,-0.041,0.861,1.0,0.761,0.432,0.635,0.896,0.839,0.869,0.781,0.841,0.733,-0.33,-0.341,-0.517
1,B1_1,-0.389,0.038,0.726,0.761,1.0,0.666,0.793,0.781,0.722,0.665,0.903,0.884,0.845,-0.168,-0.389,-0.43
1,B1_2,-0.071,0.063,0.424,0.432,0.666,1.0,0.506,0.576,0.643,0.378,0.718,0.586,0.573,0.054,-0.212,-0.315
1,B1_3,-0.18,0.237,0.656,0.635,0.793,0.506,1.0,0.62,0.554,0.489,0.647,0.751,0.652,-0.077,-0.263,-0.216
1,A2_1,-0.445,0.022,0.903,0.896,0.781,0.576,0.62,1.0,0.924,0.891,0.844,0.896,0.818,-0.359,-0.386,-0.594
1,A2_2,-0.355,0.119,0.849,0.839,0.722,0.643,0.554,0.924,1.0,0.835,0.802,0.799,0.75,-0.192,-0.412,-0.457
1,A2_3,-0.415,-0.061,0.806,0.869,0.665,0.378,0.489,0.891,0.835,1.0,0.771,0.83,0.752,-0.308,-0.394,-0.58
1,B2_1,-0.427,-0.081,0.751,0.781,0.903,0.718,0.647,0.844,0.802,0.771,1.0,0.925,0.855,-0.206,-0.418,-0.59
1,B2_2,-0.467,-0.023,0.844,0.841,0.884,0.586,0.751,0.896,0.799,0.83,0.925,1.0,0.847,-0.331,-0.433,-0.589
1,B2_3,-0.427,0.014,0.713,0.733,0.845,0.573,0.652,0.818,0.75,0.752,0.855,0.847,1.0,-0.277,-0.501,-0.53
1,y1,0.76,0.448,-0.265,-0.33,-0.168,0.054,-0.077,-0.359,-0.192,-0.308,-0.206,-0.331,-0.277,1.0,0.598,0.652
1,y2,0.731,0.367,-0.312,-0.341,-0.389,-0.212,-0.263,-0.386,-0.412,-0.394,-0.418,-0.433,-0.501,0.598,1.0,0.593
1,y3,0.683,0.551,-0.485,-0.517,-0.43,-0.315,-0.216,-0.594,-0.457,-0.58,-0.59,-0.589,-0.53,0.652,0.593,1.0
2,.,1.0,0.465,0.018,-0.387,-0.269,0.192,0.178,-0.274,-0.002,-0.244,-0.042,-0.399,-0.307,0.753,0.685,0.73
2,A1_1,0.465,1.0,0.331,-0.059,-0.007,0.237,0.3,0.128,0.325,-0.091,0.056,-0.05,0.195,0.542,0.428,0.527
2,A1_2,0.018,0.331,1.0,0.664,0.556,0.342,0.6,0.633,0.822,0.674,0.551,0.524,0.749,-0.027,-0.097,-0.19
2,A1_3,-0.387,-0.059,0.664,1.0,0.745,0.422,0.464,0.847,0.719,0.879,0.586,0.782,0.762,-0.394,-0.402,-0.393
2,B1_1,-0.269,-0.007,0.556,0.745,1.0,0.38,0.731,0.667,0.679,0.599,0.714,0.737,0.82,-0.261,-0.282,-0.158
2,B1_2,0.192,0.237,0.342,0.422,0.38,1.0,0.463,0.546,0.509,0.561,0.644,0.603,0.398,0.147,-0.015,0.169
2,B1_3,0.178,0.3,0.6,0.464,0.731,0.463,1.0,0.487,0.734,0.381,0.55,0.488,0.686,0.105,0.082,0.119
2,A2_1,-0.274,0.128,0.633,0.847,0.667,0.546,0.487,1.0,0.724,0.744,0.454,0.746,0.797,-0.281,-0.313,-0.301
2,A2_2,-0.002,0.325,0.822,0.719,0.679,0.509,0.734,0.724,1.0,0.656,0.594,0.627,0.789,-0.033,-0.169,-0.084
2,A2_3,-0.244,-0.091,0.674,0.879,0.599,0.561,0.381,0.744,0.656,1.0,0.695,0.751,0.644,-0.285,-0.273,-0.339
2,B2_1,-0.042,0.056,0.551,0.586,0.714,0.644,0.55,0.454,0.594,0.695,1.0,0.693,0.563,0.005,-0.048,0.014
2,B2_2,-0.399,-0.05,0.524,0.782,0.737,0.603,0.488,0.746,0.627,0.751,0.693,1.0,0.814,-0.301,-0.491,-0.314
2,B2_3,-0.307,0.195,0.749,0.762,0.82,0.398,0.686,0.797,0.789,0.644,0.563,0.814,1.0,-0.265,-0.382,-0.298
2,y1,0.753,0.542,-0.027,-0.394,-0.261,0.147,0.105,-0.281,-0.033,-0.285,0.005,-0.301,-0.265,1.0,0.646,0.713
2,y2,0.685,0.428,-0.097,-0.402,-0.282,-0.015,0.082,-0.313,-0.169,-0.273,-0.048,-0.491,-0.382,0.646,1.0,0.534
2,y3,0.73,0.527,-0.19,-0.393,-0.158,0.169,0.119,-0.301,-0.084,-0.339,0.014,-0.314,-0.298,0.713,0.534,1.0
3,.,1.0,0.38,-0.259,-0.228,-0.195,0.174,0.031,0.132,0.644,-0.143,0.473,-0.193,0.404,0.754,0.745,0.661
3,A1_1,0.38,1.0,0.035,-0.072,-0.023,0.195,0.169,0.072,0.686,0.042,0.261,-0.037,0.355,0.309,0.45,0.495
3,A1_2,-0.259,0.035,1.0,0.853,0.778,0.502,0.63,0.74,-0.153,0.79,0.1,0.766,0.357,-0.303,-0.266,-0.378
3,A1_3,-0.228,-0.072,0.853,1.0,0.823,0.489,0.705,0.736,-0.215,0.868,0.219,0.81,0.243,-0.284,-0.24,-0.36
3,B1_1,-0.195,-0.023,0.778,0.823,1.0,0.625,0.816,0.722,-0.106,0.63,0.293,0.926,0.411,-0.142,-0.218,-0.253
3,B1_2,0.174,0.195,0.502,0.489,0.625,1.0,0.607,0.603,0.316,0.432,0.675,0.709,0.522,0.122,0.054,0.053
3,B1_3,0.031,0.169,0.63,0.705,0.816,0.607,1.0,0.679,0.072,0.53,0.337,0.802,0.583,0.014,-0.145,-0.094
3,A2_1,0.132,0.072,0.74,0.736,0.722,0.603,0.679,1.0,0.038,0.662,0.305,0.746,0.648,0.065,0.219,-0.045
3,A2_2,0.644,0.686,-0.153,-0.215,-0.106,0.316,0.072,0.038,1.0,-0.093,0.597,-0.057,0.382,0.549,0.442,0.576
3,A2_3,-0.143,0.042,0.79,0.868,0.63,0.432,0.53,0.662,-0.093,1.0,0.255,0.677,0.141,-0.215,-0.119,-0.284
3,B2_1,0.473,0.261,0.1,0.219,0.293,0.675,0.337,0.305,0.597,0.255,1.0,0.365,0.419,0.476,0.239,0.422
3,B2_2,-0.193,-0.037,0.766,0.81,0.926,0.709,0.802,0.746,-0.057,0.677,0.365,1.0,0.441,-0.228,-0.268,-0.28
3,B2_3,0.404,0.355,0.357,0.243,0.411,0.522,0.583,0.648,0.382,0.141,0.419,0.441,1.0,0.459,0.381,0.372
3,y1,0.754,0.309,-0.303,-0.284,-0.142,0.122,0.014,0.065,0.549,-0.215,0.476,-0.228,0.459,1.0,0.708,0.698
3,y2,0.745,0.45,-0.266,-0.24,-0.218,0.054,-0.145,0.219,0.442,-0.119,0.239,-0.268,0.381,0.708,1.0,0.654
3,y3,0.661,0.495,-0.378,-0.36,-0.253,0.053,-0.094,-0.045,0.576,-0.284,0.422,-0.28,0.372,0.698,0.654,1.0
4,.,1.0,0.379,-0.004,0.042,0.002,0.245,0.124,0.091,0.703,0.568,0.715,0.393,0.511,0.633,0.581,0.665
4,A1_1,0.379,1.0,0.364,0.319,0.249,0.401,0.292,0.43,0.211,0.266,0.258,0.605,0.492,0.349,0.305,0.413
4,A1_2,-0.004,0.364,1.0,0.905,0.699,0.451,0.657,0.905,-0.28,-0.502,-0.35,0.449,0.325,-0.204,0.085,-0.208
4,A1_3,0.042,0.319,0.905,1.0,0.778,0.602,0.795,0.917,-0.295,-0.563,-0.323,0.582,0.261,-0.185,0.031,-0.147
4,B1_1,0.002,0.249,0.699,0.778,1.0,0.712,0.929,0.782,-0.273,-0.621,-0.225,0.684,0.309,-0.107,-0.115,-0.077
4,B1_2,0.245,0.401,0.451,0.602,0.712,1.0,0.785,0.71,0.016,-0.22,0.044,0.823,0.337,0.121,0.161,0.147
4,B1_3,0.124,0.292,0.657,0.795,0.929,0.785,1.0,0.804,-0.161,-0.528,-0.176,0.738,0.349,0.032,-0.04,0.008
4,A2_1,0.091,0.43,0.905,0.917,0.782,0.71,0.804,1.0,-0.181,-0.491,-0.221,0.65,0.417,-0.049,0.152,-0.086
4,A2_2,0.703,0.211,-0.28,-0.295,-0.273,0.016,-0.161,-0.181,1.0,0.612,0.769,0.036,0.555,0.661,0.477,0.585
4,A2_3,0.568,0.266,-0.502,-0.563,-0.621,-0.22,-0.528,-0.491,0.612,1.0,0.626,-0.067,0.198,0.569,0.511,0.59
4,B2_1,0.715,0.258,-0.35,-0.323,-0.225,0.044,-0.176,-0.221,0.769,0.626,1.0,0.167,0.536,0.733,0.621,0.734
4,B2_2,0.393,0.605,0.449,0.582,0.684,0.823,0.738,0.65,0.036,-0.067,0.167,1.0,0.456,0.188,0.209,0.38
4,B2_3,0.511,0.492,0.325,0.261,0.309,0.337,0.349,0.417,0.555,0.198,0.536,0.456,1.0,0.557,0.491,0.503
4,y1,0.633,0.349,-0.204,-0.185,-0.107,0.121,0.032,-0.049,0.661,0.569,0.733,0.188,0.557,1.0,0.642,0.66
4,y2,0.581,0.305,0.085,0.031,-0.115,0.161,-0.04,0.152,0.477,0.511,0.621,0.209,0.491,0.642,1.0,0.629
4,y3,0.665,0.413,-0.208,-0.147,-0.077,0.147,0.008,-0.086,0.585,0.59,0.734,0.38,0.503,0.66,0.629,1.0
5,.,1.0,0.34,-0.255,-0.365,-0.26,0.01,-0.147,0.0,0.195,-0.268,0.094,-0.249,0.081,0.792,0.748,0.701
5,A1_1,0.34,1.0,0.196,0.204,0.134,0.39,0.342,0.335,0.619,0.17,0.487,0.227,0.335,0.325,0.264,0.322
5,A1_2,-0.255,0.196,1.0,0.753,0.645,0.265,0.626,0.879,0.414,0.83,0.313,0.701,0.708,-0.226,-0.163,-0.314
5,A1_3,-0.365,0.204,0.753,1.0,0.67,0.528,0.722,0.667,0.441,0.911,0.546,0.791,0.5,-0.342,-0.486,-0.452
5,B1_1,-0.26,0.134,0.645,0.67,1.0,0.412,0.84,0.658,0.435,0.576,0.567,0.903,0.727,-0.138,-0.339,-0.26
5,B1_2,0.01,0.39,0.265,0.528,0.412,1.0,0.668,0.405,0.635,0.48,0.702,0.547,0.363,0.089,-0.133,-0.03
5,B1_3,-0.147,0.342,0.626,0.722,0.84,0.668,1.0,0.724,0.654,0.606,0.705,0.902,0.698,-0.104,-0.298,-0.243
5,A2_1,0.0,0.335,0.879,0.667,0.658,0.405,0.724,1.0,0.562,0.742,0.418,0.732,0.783,0.003,0.0,-0.167
5,A2_2,0.195,0.619,0.414,0.441,0.435,0.635,0.654,0.562,1.0,0.338,0.739,0.543,0.412,0.18,0.012,0.171
5,A2_3,-0.268,0.17,0.83,0.911,0.576,0.48,0.606,0.742,0.338,1.0,0.389,0.711,0.549,-0.253,-0.317,-0.362
5,B2_1,0.094,0.487,0.313,0.546,0.567,0.702,0.705,0.418,0.739,0.389,1.0,0.658,0.495,0.148,-0.107,0.067
5,B2_2,-0.249,0.227,0.701,0.791,0.903,0.547,0.902,0.732,0.543,0.711,0.658,1.0,0.729,-0.214,-0.394,-0.333
5,B2_3,0.081,0.335,0.708,0.5,0.727,0.363,0.698,0.783,0.412,0.549,0.495,0.729,1.0,0.157,0.088,0.002
5,y1,0.792,0.325,-0.226,-0.342,-0.138,0.089,-0.104,0.003,0.18,-0.253,0.148,-0.214,0.157,1.0,0.72,0.782
5,y2,0.748,0.264,-0.163,-0.486,-0.339,-0.133,-0.298,0.0,0.012,-0.317,-0.107,-0.394,0.088,0.72,1.0,0.776
5,y3,0.701,0.322,-0.314,-0.452,-0.26,-0.03,-0.243,-0.167,0.171,-0.362,0.067,-0.333,0.002,0.782,0.776,1.0
6,.,1.0,0.484,0.405,0.449,0.532,0.437,0.627,0.571,0.279,0.374,0.428,0.718,0.404,0.633,0.699,0.493
6,A1_1,0.484,1.0,0.29,0.568,0.469,0.358,0.509,0.442,0.241,0.42,0.439,0.652,0.392,0.5,0.476,0.416
6,A1_2,0.405,0.29,1.0,0.426,0.208,0.306,0.544,0.874,-0.263,-0.118,-0.137,0.206,-0.016,0.247,0.588,0.376
6,A1_3,0.449,0.568,0.426,1.0,0.551,0.384,0.425,0.594,-0.255,-0.117,-0.089,0.624,-0.22,0.376,0.303,0.121
6,B1_1,0.532,0.469,0.208,0.551,1.0,0.525,0.551,0.44,-0.136,-0.152,0.093,0.665,0.087,0.635,0.459,0.452
6,B1_2,0.437,0.358,0.306,0.384,0.525,1.0,0.475,0.489,-0.077,-0.057,0.036,0.59,-0.034,0.482,0.544,0.314
6,B1_3,0.627,0.509,0.544,0.425,0.551,0.475,1.0,0.652,-0.12,0.034,0.117,0.486,0.235,0.524,0.639,0.514
6,A2_1,0.571,0.442,0.874,0.594,0.44,0.489,0.652,1.0,-0.217,-0.11,-0.066,0.482,0.054,0.488,0.666,0.339
6,A2_2,0.279,0.241,-0.263,-0.255,-0.136,-0.077,-0.12,-0.217,1.0,0.87,0.843,0.088,0.788,0.333,0.025,0.128
6,A2_3,0.374,0.42,-0.118,-0.117,-0.152,-0.057,0.034,-0.11,0.87,1.0,0.798,0.148,0.76,0.314,0.254,0.205
6,B2_1,0.428,0.439,-0.137,-0.089,0.093,0.036,0.117,-0.066,0.843,0.798,1.0,0.263,0.808,0.485,0.237,0.292
6,B2_2,0.718,0.652,0.206,0.624,0.665,0.59,0.486,0.482,0.088,0.148,0.263,1.0,0.192,0.508,0.504,0.495
6,B2_3,0.404,0.392,-0.016,-0.22,0.087,-0.034,0.235,0.054,0.788,0.76,0.808,0.192,1.0,0.479,0.281,0.424
6,y1,0.633,0.5,0.247,0.376,0.635,0.482,0.524,0.488,0.333,0.314,0.485,0.508,0.479,1.0,0.486,0.356
6,y2,0.699,0.476,0.588,0.303,0.459,0.544,0.639,0.666,0.025,0.254,0.237,0.504,0.281,0.486,1.0,0.629
6,y3,0.493,0.416,0.376,0.121,0.452,0.314,0.514,0.339,0.128,0.205,0.292,0.495,0.424,0.356,0.629,1.0
7,.,1.0,0.303,-0.296,-0.356,-0.293,0.036,-0.234,-0.245,-0.355,-0.41,-0.383,-0.331,-0.39,0.748,0.875,0.772
7,A1_1,0.303,1.0,0.358,0.3,0.166,0.335,0.395,0.351,0.473,0.342,0.309,0.311,0.302,0.151,0.258,0.319
7,A1_2,-0.296,0.358,1.0,0.9,0.605,0.448,0.556,0.908,0.775,0.881,0.581,0.719,0.703,-0.352,-0.318,-0.378
7,A1_3,-0.356,0.3,0.9,1.0,0.656,0.443,0.661,0.905,0.752,0.861,0.66,0.778,0.662,-0.381,-0.375,-0.447
7,B1_1,-0.293,0.166,0.605,0.656,1.0,0.397,0.814,0.692,0.502,0.525,0.655,0.793,0.676,-0.216,-0.313,-0.297
7,B1_2,0.036,0.335,0.448,0.443,0.397,1.0,0.687,0.604,0.547,0.531,0.616,0.643,0.614,0.02,0.092,-0.051
7,B1_3,-0.234,0.395,0.556,0.661,0.814,0.687,1.0,0.702,0.72,0.662,0.827,0.872,0.721,-0.247,-0.272,-0.281
7,A2_1,-0.245,0.351,0.908,0.905,0.692,0.604,0.702,1.0,0.748,0.805,0.634,0.799,0.73,-0.227,-0.219,-0.295
7,A2_2,-0.355,0.473,0.775,0.752,0.502,0.547,0.72,0.748,1.0,0.901,0.823,0.746,0.822,-0.422,-0.449,-0.449
7,A2_3,-0.41,0.342,0.881,0.861,0.525,0.531,0.662,0.805,0.901,1.0,0.793,0.786,0.768,-0.482,-0.481,-0.511
7,B2_1,-0.383,0.309,0.581,0.66,0.655,0.616,0.827,0.634,0.823,0.793,1.0,0.858,0.849,-0.388,-0.475,-0.478
7,B2_2,-0.331,0.311,0.719,0.778,0.793,0.643,0.872,0.799,0.746,0.786,0.858,1.0,0.864,-0.398,-0.422,-0.41
7,B2_3,-0.39,0.302,0.703,0.662,0.676,0.614,0.721,0.73,0.822,0.768,0.849,0.864,1.0,-0.403,-0.469,-0.438
7,y1,0.748,0.151,-0.352,-0.381,-0.216,0.02,-0.247,-0.227,-0.422,-0.482,-0.388,-0.398,-0.403,1.0,0.904,0.864
7,y2,0.875,0.258,-0.318,-0.375,-0.313,0.092,-0.272,-0.219,-0.449,-0.481,-0.475,-0.422,-0.469,0.904,1.0,0.897
7,y3,0.772,0.319,-0.378,-0.447,-0.297,-0.051,-0.281,-0.295,-0.449,-0.511,-0.478,-0.41,-0.438,0.864,0.897,1.0
8,.,1.0,0.38,-0.386,-0.477,-0.469,-0.135,-0.119,-0.161,-0.24,-0.396,-0.247,-0.392,-0.349,0.718,0.841,0.617
8,A1_1,0.38,1.0,0.27,0.214,0.07,0.297,0.303,0.381,0.425,0.23,0.361,0.155,0.242,0.151,0.407,0.301
8,A1_2,-0.386,0.27,1.0,0.871,0.533,0.41,0.477,0.883,0.672,0.872,0.542,0.607,0.588,-0.461,-0.346,-0.366
8,A1_3,-0.477,0.214,0.871,1.0,0.742,0.547,0.563,0.795,0.705,0.951,0.766,0.778,0.735,-0.522,-0.504,-0.487
8,B1_1,-0.469,0.07,0.533,0.742,1.0,0.537,0.773,0.494,0.617,0.618,0.843,0.915,0.785,-0.394,-0.541,-0.473
8,B1_2,-0.135,0.297,0.41,0.547,0.537,1.0,0.57,0.448,0.623,0.519,0.635,0.66,0.607,-0.129,-0.193,-0.22
8,B1_3,-0.119,0.303,0.477,0.563,0.773,0.57,1.0,0.578,0.517,0.413,0.665,0.861,0.674,-0.112,-0.207,-0.207
8,A2_1,-0.161,0.381,0.883,0.795,0.494,0.448,0.578,1.0,0.54,0.808,0.515,0.624,0.631,-0.247,-0.081,-0.205
8,A2_2,-0.24,0.425,0.672,0.705,0.617,0.623,0.517,0.54,1.0,0.68,0.75,0.602,0.52,-0.261,-0.339,-0.251
8,A2_3,-0.396,0.23,0.872,0.951,0.618,0.519,0.413,0.808,0.68,1.0,0.675,0.679,0.644,-0.477,-0.41,-0.444
8,B2_1,-0.247,0.361,0.542,0.766,0.843,0.635,0.665,0.515,0.75,0.675,1.0,0.81,0.735,-0.264,-0.359,-0.344
8,B2_2,-0.392,0.155,0.607,0.778,0.915,0.66,0.861,0.624,0.602,0.679,0.81,1.0,0.824,-0.386,-0.474,-0.437
8,B2_3,-0.349,0.242,0.588,0.735,0.785,0.607,0.674,0.631,0.52,0.644,0.735,0.824,1.0,-0.276,-0.351,-0.302
8,y1,0.718,0.151,-0.461,-0.522,-0.394,-0.129,-0.112,-0.247,-0.261,-0.477,-0.264,-0.386,-0.276,1.0,0.793,0.783
8,y2,0.841,0.407,-0.346,-0.504,-0.541,-0.193,-0.207,-0.081,-0.339,-0.41,-0.359,-0.474,-0.351,0.793,1.0,0.778
8,y3,0.617,0.301,-0.366,-0.487,-0.473,-0.22,-0.207,-0.205,-0.251,-0.444,-0.344,-0.437,-0.302,0.783,0.778,1.0
9,.,1.0,0.079,-0.334,-0.52,-0.443,-0.2,-0.322,-0.405,-0.425,-0.405,-0.404,-0.489,-0.441,0.746,0.793,0.657
9,A1_1,0.079,1.0,0.529,0.443,0.284,0.463,0.471,0.565,0.568,0.495,0.409,0.353,0.519,-0.059,0.086,0.01
9,A1_2,-0.334,0.529,1.0,0.839,0.43,0.346,0.481,0.959,0.844,0.908,0.508,0.534,0.678,-0.385,-0.348,-0.365
9,A1_3,-0.52,0.443,0.839,1.0,0.627,0.537,0.589,0.889,0.888,0.917,0.751,0.721,0.725,-0.547,-0.604,-0.568
9,B1_1,-0.443,0.284,0.43,0.627,1.0,0.57,0.873,0.521,0.651,0.474,0.875,0.915,0.822,-0.374,-0.505,-0.44
9,B1_2,-0.2,0.463,0.346,0.537,0.57,1.0,0.627,0.474,0.65,0.503,0.77,0.703,0.629,-0.192,-0.282,-0.333
9,B1_3,-0.322,0.471,0.481,0.589,0.873,0.627,1.0,0.578,0.624,0.517,0.78,0.886,0.822,-0.329,-0.378,-0.395
9,A2_1,-0.405,0.565,0.959,0.889,0.521,0.474,0.578,1.0,0.908,0.927,0.62,0.632,0.747,-0.42,-0.388,-0.436
9,A2_2,-0.425,0.568,0.844,0.888,0.651,0.65,0.624,0.908,1.0,0.87,0.795,0.726,0.777,-0.392,-0.472,-0.449
9,A2_3,-0.405,0.495,0.908,0.917,0.474,0.503,0.517,0.927,0.87,1.0,0.629,0.646,0.702,-0.436,-0.43,-0.448
9,B2_1,-0.404,0.409,0.508,0.751,0.875,0.77,0.78,0.62,0.795,0.629,1.0,0.89,0.823,-0.363,-0.504,-0.488
9,B2_2,-0.489,0.353,0.534,0.721,0.915,0.703,0.886,0.632,0.726,0.646,0.89,1.0,0.888,-0.468,-0.54,-0.515
9,B2_3,-0.441,0.519,0.678,0.725,0.822,0.629,0.822,0.747,0.777,0.702,0.823,0.888,1.0,-0.425,-0.454,-0.464
9,y1,0.746,-0.059,-0.385,-0.547,-0.374,-0.192,-0.329,-0.42,-0.392,-0.436,-0.363,-0.468,-0.425,1.0,0.877,0.839
9,y2,0.793,0.086,-0.348,-0.604,-0.505,-0.282,-0.378,-0.388,-0.472,-0.43,-0.504,-0.54,-0.454,0.877,1.0,0.885
9,y3,0.657,0.01,-0.365,-0.568,-0.44,-0.333,-0.395,-0.436,-0.449,-0.448,-0.488,-0.515,-0.464,0.839,0.885,1.0
10,.,1.0,0.191,-0.348,-0.42,-0.405,-0.068,-0.271,-0.335,-0.272,-0.256,-0.116,-0.408,-0.314,0.684,0.728,0.656
10,A1_1,0.191,1.0,0.52,0.46,0.26,0.332,0.397,0.549,0.535,0.493,0.402,0.317,0.433,0.089,0.174,0.145
10,A1_2,-0.348,0.52,1.0,0.887,0.481,0.194,0.497,0.963,0.861,0.781,0.581,0.534,0.685,-0.393,-0.34,-0.442
10,A1_3,-0.42,0.46,0.887,1.0,0.609,0.368,0.578,0.924,0.721,0.868,0.593,0.719,0.635,-0.472,-0.475,-0.531
10,B1_1,-0.405,0.26,0.481,0.609,1.0,0.502,0.889,0.522,0.508,0.427,0.696,0.892,0.816,-0.371,-0.467,-0.426
10,B1_2,-0.068,0.332,0.194,0.368,0.502,1.0,0.502,0.299,0.303,0.372,0.532,0.712,0.34,-0.061,-0.146,-0.126
10,B1_3,-0.271,0.397,0.497,0.578,0.889,0.502,1.0,0.533,0.565,0.426,0.626,0.812,0.803,-0.281,-0.327,-0.335
10,A2_1,-0.335,0.549,0.963,0.924,0.522,0.299,0.533,1.0,0.839,0.829,0.593,0.624,0.695,-0.399,-0.365,-0.458
10,A2_2,-0.272,0.535,0.861,0.721,0.508,0.303,0.565,0.839,1.0,0.675,0.63,0.532,0.779,-0.191,-0.195,-0.242
10,A2_3,-0.256,0.493,0.781,0.868,0.427,0.372,0.426,0.829,0.675,1.0,0.514,0.594,0.565,-0.269,-0.273,-0.383
10,B2_1,-0.116,0.402,0.581,0.593,0.696,0.532,0.626,0.593,0.63,0.514,1.0,0.667,0.706,-0.051,-0.069,-0.177
10,B2_2,-0.408,0.317,0.534,0.719,0.892,0.712,0.812,0.624,0.532,0.594,0.667,1.0,0.761,-0.418,-0.512,-0.47
10,B2_3,-0.314,0.433,0.685,0.635,0.816,0.34,0.803,0.695,0.779,0.565,0.706,0.761,1.0,-0.274,-0.337,-0.37
10,y1,0.684,0.089,-0.393,-0.472,-0.371,-0.061,-0.281,-0.399,-0.191,-0.269,-0.051,-0.418,-0.274,1.0,0.897,0.889
10,y2,0.728,0.174,-0.34,-0.475,-0.467,-0.146,-0.327,-0.365,-0.195,-0.273,-0.069,-0.512,-0.337,0.897,1.0,0.895
10,y3,0.656,0.145,-0.442,-0.531,-0.426,-0.126,-0.335,-0.458,-0.242,-0.383,-0.177,-0.47,-0.37,0.889,0.895,1.0
11,.,1.0,0.009,-0.379,-0.42,-0.407,-0.084,-0.31,-0.349,-0.278,-0.334,-0.345,-0.405,-0.313,0.674,0.733,0.617
11,A1_1,0.009,1.0,0.657,0.565,0.379,0.463,0.484,0.701,0.714,0.61,0.476,0.44,0.592,-0.148,0.019,-0.077
11,A1_2,-0.379,0.657,1.0,0.893,0.424,0.366,0.44,0.95,0.866,0.881,0.555,0.54,0.624,-0.421,-0.378,-0.43
11,A1_3,-0.42,0.565,0.893,1.0,0.557,0.482,0.526,0.899,0.737,0.843,0.614,0.635,0.558,-0.522,-0.508,-0.547
11,B1_1,-0.407,0.379,0.424,0.557,1.0,0.668,0.899,0.493,0.452,0.444,0.782,0.929,0.768,-0.41,-0.466,-0.437
11,B1_2,-0.084,0.463,0.366,0.482,0.668,1.0,0.665,0.415,0.348,0.385,0.541,0.726,0.416,-0.149,-0.176,-0.241
11,B1_3,-0.31,0.484,0.44,0.526,0.899,0.665,1.0,0.541,0.516,0.5,0.78,0.905,0.799,-0.327,-0.344,-0.379
11,A2_1,-0.349,0.701,0.95,0.899,0.493,0.415,0.541,1.0,0.921,0.893,0.625,0.615,0.707,-0.409,-0.345,-0.441
11,A2_2,-0.278,0.714,0.866,0.737,0.452,0.348,0.516,0.921,1.0,0.846,0.633,0.551,0.76,-0.248,-0.214,-0.289
11,A2_3,-0.334,0.61,0.881,0.843,0.444,0.385,0.5,0.893,0.846,1.0,0.701,0.575,0.666,-0.313,-0.289,-0.363
11,B2_1,-0.345,0.476,0.555,0.614,0.782,0.541,0.78,0.625,0.633,0.701,1.0,0.789,0.828,-0.278,-0.282,-0.363
11,B2_2,-0.405,0.44,0.54,0.635,0.929,0.726,0.905,0.615,0.551,0.575,0.789,1.0,0.809,-0.454,-0.465,-0.483
11,B2_3,-0.313,0.592,0.624,0.558,0.768,0.416,0.799,0.707,0.76,0.666,0.828,0.809,1.0,-0.327,-0.304,-0.345
11,y1,0.674,-0.148,-0.421,-0.522,-0.41,-0.149,-0.327,-0.409,-0.248,-0.313,-0.278,-0.454,-0.327,1.0,0.913,0.887
11,y2,0.733,0.019,-0.378,-0.508,-0.466,-0.176,-0.344,-0.345,-0.214,-0.289,-0.282,-0.465,-0.304,0.913,1.0,0.891
11,y3,0.617,-0.077,-0.43,-0.547,-0.437,-0.241,-0.379,-0.441,-0.289,-0.363,-0.363,-0.483,-0.345,0.887,0.891,1.0
12,.,1.0,0.057,-0.339,-0.372,-0.406,-0.049,-0.287,-0.351,-0.26,-0.281,-0.298,-0.393,-0.344,0.656,0.702,0.6
12,A1_1,0.057,1.0,0.652,0.538,0.265,0.324,0.416,0.653,0.704,0.606,0.437,0.335,0.502,-0.066,0.082,-0.02
12,A1_2,-0.339,0.652,1.0,0.91,0.421,0.265,0.469,0.956,0.914,0.935,0.6,0.526,0.642,-0.404,-0.38,-0.431
12,A1_3,-0.372,0.538,0.91,1.0,0.507,0.399,0.503,0.934,0.789,0.905,0.643,0.623,0.566,-0.484,-0.49,-0.521
12,B1_1,-0.406,0.265,0.421,0.507,1.0,0.616,0.909,0.528,0.459,0.384,0.868,0.924,0.86,-0.382,-0.462,-0.432
12,B1_2,-0.049,0.324,0.265,0.399,0.616,1.0,0.629,0.41,0.32,0.296,0.632,0.729,0.55,-0.103,-0.146,-0.222
12,B1_3,-0.287,0.416,0.469,0.503,0.909,0.629,1.0,0.594,0.529,0.432,0.845,0.897,0.874,-0.29,-0.326,-0.38
12,A2_1,-0.351,0.653,0.956,0.934,0.528,0.41,0.594,1.0,0.89,0.902,0.649,0.654,0.703,-0.45,-0.417,-0.493
12,A2_2,-0.26,0.704,0.914,0.789,0.459,0.32,0.529,0.89,1.0,0.901,0.656,0.544,0.716,-0.265,-0.243,-0.316
12,A2_3,-0.281,0.606,0.935,0.905,0.384,0.296,0.432,0.902,0.901,1.0,0.626,0.524,0.596,-0.314,-0.299,-0.374
12,B2_1,-0.298,0.437,0.6,0.643,0.868,0.632,0.845,0.649,0.656,0.626,1.0,0.873,0.868,-0.283,-0.311,-0.385
12,B2_2,-0.393,0.335,0.526,0.623,0.924,0.729,0.897,0.654,0.544,0.524,0.873,1.0,0.891,-0.436,-0.466,-0.494
12,B2_3,-0.344,0.502,0.642,0.566,0.86,0.55,0.874,0.703,0.716,0.596,0.868,0.891,1.0,-0.345,-0.363,-0.385
12,y1,0.656,-0.066,-0.404,-0.484,-0.382,-0.103,-0.29,-0.45,-0.265,-0.314,-0.283,-0.436,-0.345,1.0,0.909,0.903
12,y2,0.702,0.082,-0.38,-0.49,-0.462,-0.146,-0.326,-0.417,-0.243,-0.299,-0.311,-0.466,-0.363,0.909,1.0,0.903
12,y3,0.6,-0.02,-0.431,-0.521,-0.432,-0.222,-0.38,-0.493,-0.316,-0.374,-0.385,-0.494,-0.385,0.903,0.903,1.0
13,.,1.0,0.323,-0.354,-0.395,-0.409,-0.051,-0.27,-0.352,-0.271,-0.293,-0.323,-0.389,-0.339,0.625,0.704,0.602
13,A1_1,0.323,1.0,0.436,0.399,0.042,0.216,0.291,0.443,0.453,0.413,0.174,0.144,0.218,0.135,0.259,0.196
13,A1_2,-0.354,0.436,1.0,0.959,0.444,0.234,0.522,0.98,0.919,0.942,0.607,0.571,0.665,-0.444,-0.413,-0.466
13,A1_3,-0.395,0.399,0.959,1.0,0.455,0.285,0.52,0.957,0.853,0.952,0.625,0.608,0.61,-0.481,-0.456,-0.518
13,B1_1,-0.409,0.042,0.444,0.455,1.0,0.571,0.871,0.474,0.415,0.372,0.891,0.894,0.882,-0.327,-0.416,-0.397
13,B1_2,-0.051,0.216,0.234,0.285,0.571,1.0,0.619,0.33,0.258,0.259,0.622,0.755,0.527,-0.063,-0.094,-0.18
13,B1_3,-0.27,0.291,0.522,0.52,0.871,0.619,1.0,0.561,0.512,0.448,0.852,0.847,0.833,-0.221,-0.246,-0.293
13,A2_1,-0.352,0.443,0.98,0.957,0.474,0.33,0.561,1.0,0.923,0.937,0.622,0.619,0.683,-0.431,-0.395,-0.453
13,A2_2,-0.271,0.453,0.919,0.853,0.415,0.258,0.512,0.923,1.0,0.913,0.621,0.516,0.687,-0.286,-0.264,-0.311
13,A2_3,-0.293,0.413,0.942,0.952,0.372,0.259,0.448,0.937,0.913,1.0,0.585,0.546,0.614,-0.371,-0.336,-0.412
13,B2_1,-0.323,0.174,0.607,0.625,0.891,0.622,0.852,0.622,0.621,0.585,1.0,0.889,0.9,-0.288,-0.329,-0.401
13,B2_2,-0.389,0.144,0.571,0.608,0.894,0.755,0.847,0.619,0.516,0.546,0.889,1.0,0.879,-0.422,-0.46,-0.483
13,B2_3,-0.339,0.218,0.665,0.61,0.882,0.527,0.833,0.683,0.687,0.614,0.9,0.879,1.0,-0.319,-0.356,-0.361
13,y1,0.625,0.135,-0.444,-0.481,-0.327,-0.063,-0.221,-0.431,-0.286,-0.371,-0.288,-0.422,-0.319,1.0,0.93,0.912
13,y2,0.704,0.259,-0.413,-0.456,-0.416,-0.094,-0.246,-0.395,-0.264,-0.336,-0.329,-0.46,-0.356,0.93,1.0,0.917
13,y3,0.602,0.196,-0.466,-0.518,-0.397,-0.18,-0.293,-0.453,-0.311,-0.412,-0.401,-0.483,-0.361,0.912,0.917,1.0
14,.,1.0,0.099,-0.321,-0.378,-0.419,-0.096,-0.309,-0.339,-0.262,-0.286,-0.346,-0.401,-0.354,0.645,0.726,0.639
14,A1_1,0.099,1.0,0.673,0.583,0.173,0.221,0.353,0.652,0.659,0.623,0.34,0.27,0.392,0.006,0.103,0.079
14,A1_2,-0.321,0.673,1.0,0.937,0.45,0.282,0.527,0.972,0.938,0.957,0.628,0.586,0.676,-0.421,-0.418,-0.428
14,A1_3,-0.378,0.583,0.937,1.0,0.477,0.344,0.547,0.953,0.838,0.921,0.663,0.636,0.625,-0.512,-0.515,-0.531
14,B1_1,-0.419,0.173,0.45,0.477,1.0,0.603,0.912,0.511,0.486,0.459,0.882,0.909,0.901,-0.338,-0.431,-0.406
14,B1_2,-0.096,0.221,0.282,0.344,0.603,1.0,0.658,0.382,0.333,0.319,0.633,0.747,0.627,-0.086,-0.139,-0.205
14,B1_3,-0.309,0.353,0.527,0.547,0.912,0.658,1.0,0.599,0.569,0.542,0.877,0.911,0.894,-0.294,-0.325,-0.357
14,A2_1,-0.339,0.652,0.972,0.953,0.511,0.382,0.599,1.0,0.927,0.949,0.66,0.659,0.709,-0.444,-0.434,-0.455
14,A2_2,-0.262,0.659,0.938,0.838,0.486,0.333,0.569,0.927,1.0,0.952,0.679,0.593,0.721,-0.291,-0.288,-0.316
14,A2_3,-0.286,0.623,0.957,0.921,0.459,0.319,0.542,0.949,0.952,1.0,0.666,0.613,0.693,-0.373,-0.369,-0.397
14,B2_1,-0.346,0.34,0.628,0.663,0.882,0.633,0.877,0.66,0.679,0.666,1.0,0.899,0.898,-0.329,-0.361,-0.429
14,B2_2,-0.401,0.27,0.586,0.636,0.909,0.747,0.911,0.659,0.593,0.613,0.899,1.0,0.935,-0.427,-0.471,-0.487
14,B2_3,-0.354,0.392,0.676,0.625,0.901,0.627,0.894,0.709,0.721,0.693,0.898,0.935,1.0,-0.347,-0.394,-0.39
14,y1,0.645,0.006,-0.421,-0.512,-0.338,-0.086,-0.294,-0.444,-0.291,-0.373,-0.329,-0.427,-0.347,1.0,0.923,0.918
14,y2,0.726,0.103,-0.418,-0.515,-0.431,-0.139,-0.325,-0.434,-0.288,-0.369,-0.361,-0.471,-0.394,0.923,1.0,0.922
14,y3,0.639,0.079,-0.428,-0.531,-0.406,-0.205,-0.357,-0.455,-0.316,-0.397,-0.429,-0.487,-0.39,0.918,0.922,1.0
15,.,1.0,-0.014,-0.341,-0.381,-0.427,-0.153,-0.33,-0.358,-0.276,-0.295,-0.382,-0.415,-0.384,0.62,0.71,0.609
15,A1_1,-0.014,1.0,0.699,0.593,0.154,0.188,0.333,0.688,0.713,0.657,0.293,0.289,0.383,-0.075,0.027,-0.008
15,A1_2,-0.341,0.699,1.0,0.938,0.418,0.296,0.503,0.964,0.913,0.923,0.533,0.576,0.604,-0.456,-0.455,-0.469
15,A1_3,-0.381,0.593,0.938,1.0,0.501,0.377,0.587,0.947,0.832,0.88,0.601,0.655,0.61,-0.548,-0.549,-0.57
15,B1_1,-0.427,0.154,0.418,0.501,1.0,0.688,0.908,0.513,0.462,0.441,0.872,0.92,0.885,-0.373,-0.468,-0.431
15,B1_2,-0.153,0.188,0.296,0.377,0.688,1.0,0.73,0.402,0.379,0.343,0.702,0.776,0.703,-0.138,-0.212,-0.249
15,B1_3,-0.33,0.333,0.503,0.587,0.908,0.73,1.0,0.614,0.558,0.535,0.919,0.937,0.903,-0.35,-0.387,-0.424
15,A2_1,-0.358,0.688,0.964,0.947,0.513,0.402,0.614,1.0,0.933,0.931,0.609,0.677,0.697,-0.469,-0.462,-0.484
15,A2_2,-0.276,0.713,0.913,0.832,0.462,0.379,0.558,0.933,1.0,0.949,0.61,0.622,0.693,-0.336,-0.326,-0.364
15,A2_3,-0.295,0.657,0.923,0.88,0.441,0.343,0.535,0.931,0.949,1.0,0.574,0.62,0.662,-0.373,-0.367,-0.408
15,B2_1,-0.382,0.293,0.533,0.601,0.872,0.702,0.919,0.609,0.61,0.574,1.0,0.93,0.911,-0.369,-0.401,-0.472
15,B2_2,-0.415,0.289,0.576,0.655,0.92,0.776,0.937,0.677,0.622,0.62,0.93,1.0,0.957,-0.45,-0.497,-0.509
15,B2_3,-0.384,0.383,0.604,0.61,0.885,0.703,0.903,0.697,0.693,0.662,0.911,0.957,1.0,-0.376,-0.427,-0.432
15,y1,0.62,-0.075,-0.456,-0.548,-0.373,-0.138,-0.35,-0.469,-0.336,-0.373,-0.369,-0.45,-0.376,1.0,0.927,0.909
15,y2,0.71,0.027,-0.455,-0.549,-0.468,-0.212,-0.387,-0.462,-0.326,-0.367,-0.401,-0.497,-0.427,0.927,1.0,0.921
15,y3,0.609,-0.008,-0.469,-0.57,-0.431,-0.249,-0.424,-0.484,-0.364,-0.408,-0.472,-0.509,-0.432,0.909,0.921,1.0
16,.,1.0,0.008,-0.318,-0.365,-0.43,-0.125,-0.331,-0.314,-0.247,-0.259,-0.35,-0.39,-0.36,0.634,0.709,0.626
16,A1_1,0.008,1.0,0.702,0.61,0.203,0.239,0.377,0.707,0.724,0.67,0.331,0.334,0.432,-0.074,0.031,-0.014
16,A1_2,-0.318,0.702,1.0,0.958,0.457,0.324,0.554,0.975,0.919,0.919,0.59,0.622,0.651,-0.458,-0.434,-0.472
16,A1_3,-0.365,0.61,0.958,1.0,0.507,0.378,0.607,0.954,0.864,0.899,0.64,0.675,0.649,-0.529,-0.508,-0.552
16,B1_1,-0.43,0.203,0.457,0.507,1.0,0.689,0.906,0.527,0.483,0.467,0.883,0.909,0.892,-0.374,-0.455,-0.436
16,B1_2,-0.125,0.239,0.324,0.378,0.689,1.0,0.74,0.416,0.382,0.367,0.689,0.775,0.705,-0.126,-0.172,-0.235
16,B1_3,-0.331,0.377,0.554,0.607,0.906,0.74,1.0,0.635,0.578,0.565,0.917,0.931,0.901,-0.344,-0.361,-0.417
16,A2_1,-0.314,0.707,0.975,0.954,0.527,0.416,0.635,1.0,0.946,0.938,0.645,0.699,0.724,-0.445,-0.419,-0.462
16,A2_2,-0.247,0.724,0.919,0.864,0.483,0.382,0.578,0.946,1.0,0.959,0.646,0.64,0.714,-0.324,-0.3,-0.35
16,A2_3,-0.259,0.67,0.919,0.899,0.467,0.367,0.565,0.938,0.959,1.0,0.623,0.655,0.704,-0.357,-0.334,-0.387
16,B2_1,-0.35,0.331,0.59,0.64,0.883,0.689,0.917,0.645,0.646,0.623,1.0,0.923,0.915,-0.354,-0.368,-0.448
16,B2_2,-0.39,0.334,0.622,0.675,0.909,0.775,0.931,0.699,0.64,0.655,0.923,1.0,0.956,-0.437,-0.458,-0.497
16,B2_3,-0.36,0.432,0.651,0.649,0.892,0.705,0.901,0.724,0.714,0.704,0.915,0.956,1.0,-0.371,-0.402,-0.426
16,y1,0.634,-0.074,-0.458,-0.529,-0.374,-0.126,-0.344,-0.445,-0.324,-0.357,-0.354,-0.437,-0.371,1.0,0.93,0.917
16,y2,0.709,0.031,-0.434,-0.508,-0.455,-0.172,-0.361,-0.419,-0.3,-0.334,-0.368,-0.458,-0.402,0.93,1.0,0.927
16,y3,0.626,-0.014,-0.472,-0.552,-0.436,-0.235,-0.417,-0.462,-0.35,-0.387,-0.448,-0.497,-0.426,0.917,0.927,1.0
17,.,1.0,0.006,-0.291,-0.359,-0.41,-0.163,-0.321,-0.313,-0.253,-0.26,-0.389,-0.395,-0.373,0.603,0.675,0.591
17,A1_1,0.006,1.0,0.731,0.594,0.165,0.168,0.28,0.693,0.747,0.712,0.215,0.282,0.386,-0.057,0.044,0.012
17,A1_2,-0.291,0.731,1.0,0.934,0.436,0.323,0.489,0.969,0.944,0.933,0.51,0.587,0.63,-0.434,-0.426,-0.443
17,A1_3,-0.359,0.594,0.934,1.0,0.502,0.378,0.553,0.957,0.86,0.878,0.575,0.647,0.617,-0.55,-0.534,-0.568
17,B1_1,-0.41,0.165,0.436,0.502,1.0,0.749,0.893,0.538,0.489,0.464,0.88,0.92,0.888,-0.381,-0.449,-0.459
17,B1_2,-0.163,0.168,0.323,0.378,0.749,1.0,0.765,0.425,0.387,0.361,0.722,0.808,0.754,-0.18,-0.23,-0.273
17,B1_3,-0.321,0.28,0.489,0.553,0.893,0.765,1.0,0.602,0.554,0.539,0.933,0.921,0.897,-0.339,-0.37,-0.447
17,A2_1,-0.313,0.693,0.969,0.957,0.538,0.425,0.602,1.0,0.939,0.917,0.602,0.691,0.711,-0.482,-0.462,-0.494
17,A2_2,-0.253,0.747,0.944,0.86,0.489,0.387,0.554,0.939,1.0,0.953,0.596,0.645,0.713,-0.364,-0.345,-0.395
17,A2_3,-0.26,0.712,0.933,0.878,0.464,0.361,0.539,0.917,0.953,1.0,0.566,0.641,0.686,-0.372,-0.347,-0.402
17,B2_1,-0.389,0.215,0.51,0.575,0.88,0.722,0.933,0.602,0.596,0.566,1.0,0.932,0.907,-0.383,-0.409,-0.501
17,B2_2,-0.395,0.282,0.587,0.647,0.92,0.808,0.921,0.691,0.645,0.641,0.932,1.0,0.963,-0.456,-0.48,-0.519
17,B2_3,-0.373,0.386,0.63,0.617,0.888,0.754,0.897,0.711,0.713,0.686,0.907,0.963,1.0,-0.39,-0.421,-0.45
17,y1,0.603,-0.057,-0.434,-0.55,-0.381,-0.18,-0.339,-0.482,-0.364,-0.372,-0.383,-0.456,-0.39,1.0,0.928,0.911
17,y2,0.675,0.044,-0.426,-0.534,-0.449,-0.23,-0.37,-0.462,-0.345,-0.347,-0.409,-0.48,-0.421,0.928,1.0,0.927
17,y3,0.591,0.012,-0.443,-0.568,-0.459,-0.273,-0.447,-0.494,-0.395,-0.402,-0.501,-0.519,-0.45,0.911,0.927,1.0
18,.,1.0,-0.056,-0.29,-0.337,-0.418,-0.149,-0.325,-0.272,-0.235,-0.239,-0.351,-0.373,-0.355,0.615,0.661,0.601
18,A1_1,-0.056,1.0,0.748,0.651,0.19,0.179,0.266,0.744,0.759,0.721,0.286,0.309,0.404,-0.08,0.014,-0.027
18,A1_2,-0.29,0.748,1.0,0.943,0.442,0.335,0.459,0.981,0.951,0.946,0.564,0.599,0.649,-0.429,-0.406,-0.442
18,A1_3,-0.337,0.651,0.943,1.0,0.463,0.373,0.479,0.943,0.879,0.903,0.592,0.621,0.614,-0.538,-0.5,-0.558
18,B1_1,-0.418,0.19,0.442,0.463,1.0,0.748,0.897,0.52,0.492,0.476,0.901,0.913,0.903,-0.367,-0.402,-0.434
18,B1_2,-0.149,0.179,0.335,0.373,0.748,1.0,0.776,0.427,0.382,0.386,0.729,0.799,0.736,-0.179,-0.179,-0.268
18,B1_3,-0.325,0.266,0.459,0.479,0.897,0.776,1.0,0.544,0.514,0.508,0.92,0.914,0.89,-0.307,-0.304,-0.405
18,A2_1,-0.272,0.744,0.981,0.943,0.52,0.427,0.544,1.0,0.971,0.963,0.637,0.681,0.729,-0.433,-0.395,-0.451
18,A2_2,-0.235,0.759,0.951,0.879,0.492,0.382,0.514,0.971,1.0,0.96,0.638,0.637,0.712,-0.341,-0.304,-0.377
18,A2_3,-0.239,0.721,0.946,0.903,0.476,0.386,0.508,0.963,0.96,1.0,0.618,0.65,0.704,-0.37,-0.333,-0.406
18,B2_1,-0.351,0.286,0.564,0.592,0.901,0.729,0.92,0.637,0.638,0.618,1.0,0.939,0.925,-0.367,-0.351,-0.463
18,B2_2,-0.373,0.309,0.599,0.621,0.913,0.799,0.914,0.681,0.637,0.65,0.939,1.0,0.957,-0.44,-0.421,-0.496
18,B2_3,-0.355,0.404,0.649,0.614,0.903,0.736,0.89,0.729,0.712,0.704,0.925,0.957,1.0,-0.384,-0.381,-0.436
18,y1,0.615,-0.08,-0.429,-0.538,-0.367,-0.179,-0.307,-0.433,-0.341,-0.37,-0.367,-0.44,-0.384,1.0,0.94,0.933
18,y2,0.661,0.014,-0.406,-0.5,-0.402,-0.179,-0.304,-0.395,-0.304,-0.333,-0.351,-0.421,-0.381,0.94,1.0,0.93
18,y3,0.601,-0.027,-0.442,-0.558,-0.434,-0.268,-0.405,-0.451,-0.377,-0.406,-0.463,-0.496,-0.436,0.933,0.93,1.0
19,.,1.0,-0.002,-0.272,-0.305,-0.403,-0.172,-0.324,-0.249,-0.226,-0.231,-0.342,-0.361,-0.351,0.617,0.674,0.59
19,A1_1,-0.002,1.0,0.75,0.697,0.213,0.222,0.281,0.752,0.738,0.718,0.262,0.312,0.387,-0.065,0.028,-0.003
19,A1_2,-0.272,0.75,1.0,0.957,0.487,0.372,0.459,0.984,0.969,0.96,0.568,0.618,0.664,-0.415,-0.396,-0.426
19,A1_3,-0.305,0.697,0.957,1.0,0.484,0.396,0.471,0.951,0.91,0.929,0.579,0.622,0.625,-0.495,-0.466,-0.51
19,B1_1,-0.403,0.213,0.487,0.484,1.0,0.781,0.91,0.551,0.538,0.51,0.921,0.924,0.917,-0.359,-0.393,-0.437
19,B1_2,-0.172,0.222,0.372,0.396,0.781,1.0,0.816,0.455,0.42,0.421,0.777,0.826,0.777,-0.193,-0.192,-0.288
19,B1_3,-0.324,0.281,0.459,0.471,0.91,0.816,1.0,0.53,0.51,0.5,0.916,0.912,0.888,-0.281,-0.3,-0.393
19,A2_1,-0.249,0.752,0.984,0.951,0.551,0.455,0.53,1.0,0.98,0.968,0.63,0.687,0.735,-0.411,-0.382,-0.422
19,A2_2,-0.226,0.738,0.969,0.91,0.538,0.42,0.51,0.98,1.0,0.96,0.641,0.663,0.723,-0.344,-0.316,-0.375
19,A2_3,-0.231,0.718,0.96,0.929,0.51,0.421,0.5,0.968,0.96,1.0,0.614,0.667,0.706,-0.374,-0.346,-0.398
19,B2_1,-0.342,0.262,0.568,0.579,0.921,0.777,0.916,0.63,0.641,0.614,1.0,0.947,0.93,-0.348,-0.343,-0.459
19,B2_2,-0.361,0.312,0.618,0.622,0.924,0.826,0.912,0.687,0.663,0.667,0.947,1.0,0.965,-0.427,-0.416,-0.485
19,B2_3,-0.351,0.387,0.664,0.625,0.917,0.777,0.888,0.735,0.723,0.706,0.93,0.965,1.0,-0.385,-0.385,-0.438
19,y1,0.617,-0.065,-0.415,-0.495,-0.359,-0.193,-0.281,-0.411,-0.344,-0.374,-0.348,-0.427,-0.385,1.0,0.936,0.915
19,y2,0.674,0.028,-0.396,-0.466,-0.393,-0.192,-0.3,-0.382,-0.316,-0.346,-0.343,-0.416,-0.385,0.936,1.0,0.929
19,y3,0.59,-0.003,-0.426,-0.51,-0.437,-0.288,-0.393,-0.422,-0.375,-0.398,-0.459,-0.485,-0.438,0.915,0.929,1.0
20,.,1.0,-0.086,-0.288,-0.322,-0.432,-0.274,-0.318,-0.262,-0.245,-0.245,-0.367,-0.387,-0.375,0.611,0.678,0.599
20,A1_1,-0.086,1.0,0.767,0.748,0.279,0.439,0.384,0.784,0.769,0.748,0.353,0.415,0.478,-0.188,-0.095,-0.123
20,A1_2,-0.288,0.767,1.0,0.959,0.434,0.439,0.461,0.974,0.951,0.946,0.531,0.586,0.635,-0.421,-0.438,-0.435
20,A1_3,-0.322,0.748,0.959,1.0,0.44,0.475,0.48,0.954,0.915,0.93,0.554,0.598,0.612,-0.505,-0.5,-0.521
20,B1_1,-0.432,0.279,0.434,0.44,1.0,0.8,0.867,0.523,0.499,0.481,0.903,0.921,0.907,-0.381,-0.44,-0.442
20,B1_2,-0.274,0.439,0.439,0.475,0.8,1.0,0.841,0.531,0.49,0.485,0.827,0.874,0.826,-0.296,-0.281,-0.356
20,B1_3,-0.318,0.384,0.461,0.48,0.867,0.841,1.0,0.547,0.532,0.509,0.909,0.877,0.858,-0.289,-0.3,-0.406
20,A2_1,-0.262,0.784,0.974,0.954,0.523,0.531,0.547,1.0,0.979,0.968,0.62,0.678,0.732,-0.423,-0.429,-0.441
20,A2_2,-0.245,0.769,0.951,0.915,0.499,0.49,0.532,0.979,1.0,0.964,0.622,0.647,0.712,-0.352,-0.364,-0.39
20,A2_3,-0.245,0.748,0.946,0.93,0.481,0.485,0.509,0.968,0.964,1.0,0.602,0.65,0.697,-0.382,-0.396,-0.418
20,B2_1,-0.367,0.353,0.531,0.554,0.903,0.827,0.909,0.62,0.622,0.602,1.0,0.948,0.923,-0.366,-0.387,-0.468
20,B2_2,-0.387,0.415,0.586,0.598,0.921,0.874,0.877,0.678,0.647,0.65,0.948,1.0,0.968,-0.443,-0.463,-0.492
20,B2_3,-0.375,0.478,0.635,0.612,0.907,0.826,0.858,0.732,0.712,0.697,0.923,0.968,1.0,-0.398,-0.432,-0.444
20,y1,0.611,-0.188,-0.421,-0.505,-0.381,-0.296,-0.289,-0.423,-0.352,-0.382,-0.366,-0.443,-0.398,1.0,0.943,0.932
20,y2,0.678,-0.095,-0.438,-0.5,-0.44,-0.281,-0.3,-0.429,-0.364,-0.396,-0.387,-0.463,-0.432,0.943,1.0,0.932
20,y3,0.599,-0.123,-0.435,-0.521,-0.442,-0.356,-0.406,-0.441,-0.39,-0.418,-0.468,-0.492,-0.444,0.932,0.932,1.0
21,.,1.0,-0.185,-0.279,-0.328,-0.423,-0.295,-0.369,-0.268,-0.247,-0.244,-0.387,-0.393,-0.386,0.608,0.675,0.606
21,A1_1,-0.185,1.0,0.91,0.885,0.396,0.513,0.436,0.935,0.944,0.914,0.497,0.556,0.615,-0.302,-0.257,-0.283
21,A1_2,-0.279,0.91,1.0,0.96,0.411,0.473,0.429,0.98,0.955,0.95,0.493,0.563,0.616,-0.436,-0.427,-0.437
21,A1_3,-0.328,0.885,0.96,1.0,0.43,0.526,0.449,0.961,0.917,0.929,0.531,0.592,0.604,-0.526,-0.509,-0.534
21,B1_1,-0.423,0.396,0.411,0.43,1.0,0.81,0.908,0.508,0.481,0.467,0.902,0.916,0.906,-0.373,-0.432,-0.445
21,B1_2,-0.295,0.513,0.473,0.526,0.81,1.0,0.878,0.569,0.537,0.529,0.859,0.895,0.852,-0.351,-0.344,-0.41
21,B1_3,-0.369,0.436,0.429,0.449,0.908,0.878,1.0,0.527,0.509,0.497,0.953,0.938,0.904,-0.321,-0.35,-0.419
21,A2_1,-0.268,0.935,0.98,0.961,0.508,0.569,0.527,1.0,0.976,0.965,0.588,0.662,0.713,-0.443,-0.43,-0.45
21,A2_2,-0.247,0.944,0.955,0.917,0.481,0.537,0.509,0.976,1.0,0.966,0.588,0.635,0.697,-0.376,-0.362,-0.393
21,A2_3,-0.244,0.914,0.95,0.929,0.467,0.529,0.497,0.965,0.966,1.0,0.575,0.639,0.684,-0.392,-0.377,-0.414
21,B2_1,-0.387,0.497,0.493,0.531,0.902,0.859,0.953,0.588,0.588,0.575,1.0,0.952,0.92,-0.4,-0.416,-0.494
21,B2_2,-0.393,0.556,0.563,0.592,0.916,0.895,0.938,0.662,0.635,0.639,0.952,1.0,0.971,-0.456,-0.474,-0.507
21,B2_3,-0.386,0.615,0.616,0.604,0.906,0.852,0.904,0.713,0.697,0.684,0.92,0.971,1.0,-0.41,-0.439,-0.458
21,y1,0.608,-0.302,-0.436,-0.526,-0.373,-0.351,-0.321,-0.443,-0.376,-0.392,-0.4,-0.456,-0.41,1.0,0.962,0.948
21,y2,0.675,-0.257,-0.427,-0.509,-0.432,-0.344,-0.35,-0.43,-0.362,-0.377,-0.416,-0.474,-0.439,0.962,1.0,0.952
21,y3,0.606,-0.283,-0.437,-0.534,-0.445,-0.41,-0.419,-0.45,-0.393,-0.414,-0.494,-0.507,-0.458,0.948,0.952,1.0
22,.,1.0,-0.168,-0.269,-0.328,-0.416,-0.286,-0.357,-0.254,-0.237,-0.238,-0.388,-0.38,-0.381,0.622,0.667,0.617
22,A1_1,-0.168,1.0,0.912,0.878,0.446,0.553,0.478,0.941,0.948,0.928,0.514,0.592,0.64,-0.312,-0.284,-0.316
22,A1_2,-0.269,0.912,1.0,0.949,0.439,0.497,0.452,0.981,0.961,0.952,0.488,0.577,0.621,-0.435,-0.426,-0.445
22,A1_3,-0.328,0.878,0.949,1.0,0.462,0.555,0.467,0.956,0.911,0.925,0.531,0.604,0.605,-0.536,-0.522,-0.555
22,B1_1,-0.416,0.446,0.439,0.462,1.0,0.824,0.917,0.519,0.506,0.471,0.918,0.924,0.916,-0.387,-0.442,-0.457
22,B1_2,-0.286,0.553,0.497,0.555,0.824,1.0,0.873,0.585,0.56,0.538,0.862,0.898,0.855,-0.36,-0.36,-0.429
22,B1_3,-0.357,0.478,0.452,0.467,0.917,0.873,1.0,0.535,0.526,0.494,0.959,0.946,0.915,-0.321,-0.355,-0.42
22,A2_1,-0.254,0.941,0.981,0.956,0.519,0.585,0.535,1.0,0.98,0.962,0.57,0.661,0.704,-0.444,-0.431,-0.458
22,A2_2,-0.237,0.948,0.961,0.911,0.506,0.56,0.526,0.98,1.0,0.964,0.576,0.647,0.699,-0.391,-0.381,-0.409
22,A2_3,-0.238,0.928,0.952,0.925,0.471,0.538,0.494,0.962,0.964,1.0,0.547,0.631,0.665,-0.387,-0.372,-0.414
22,B2_1,-0.388,0.514,0.488,0.531,0.918,0.862,0.959,0.57,0.576,0.547,1.0,0.955,0.919,-0.416,-0.434,-0.506
22,B2_2,-0.38,0.592,0.577,0.604,0.924,0.898,0.946,0.661,0.647,0.631,0.955,1.0,0.972,-0.453,-0.471,-0.51
22,B2_3,-0.381,0.64,0.621,0.605,0.916,0.855,0.915,0.704,0.699,0.665,0.919,0.972,1.0,-0.415,-0.445,-0.464
22,y1,0.622,-0.312,-0.435,-0.536,-0.387,-0.36,-0.321,-0.444,-0.391,-0.387,-0.416,-0.453,-0.415,1.0,0.969,0.953
22,y2,0.667,-0.284,-0.426,-0.522,-0.442,-0.36,-0.355,-0.431,-0.381,-0.372,-0.434,-0.471,-0.445,0.969,1.0,0.96
22,y3,0.617,-0.316,-0.445,-0.555,-0.457,-0.429,-0.42,-0.458,-0.409,-0.414,-0.506,-0.51,-0.464,0.953,0.96,1.0
23,.,1.0,-0.141,-0.252,-0.301,-0.415,-0.284,-0.365,-0.244,-0.224,-0.219,-0.388,-0.386,-0.386,0.617,0.663,0.613
23,A1_1,-0.141,1.0,0.903,0.884,0.438,0.584,0.475,0.932,0.936,0.918,0.508,0.582,0.632,-0.291,-0.274,-0.294
23,A1_2,-0.252,0.903,1.0,0.962,0.413,0.508,0.43,0.976,0.964,0.956,0.47,0.552,0.604,-0.42,-0.425,-0.43
23,A1_3,-0.301,0.884,0.962,1.0,0.427,0.552,0.443,0.96,0.933,0.947,0.506,0.572,0.594,-0.496,-0.496,-0.516
23,B1_1,-0.415,0.438,0.413,0.427,1.0,0.817,0.922,0.515,0.481,0.46,0.919,0.927,0.917,-0.366,-0.424,-0.441
23,B1_2,-0.284,0.584,0.508,0.552,0.817,1.0,0.892,0.611,0.573,0.561,0.875,0.9,0.869,-0.355,-0.355,-0.427
23,B1_3,-0.365,0.475,0.43,0.443,0.922,0.892,1.0,0.533,0.505,0.488,0.96,0.948,0.918,-0.312,-0.351,-0.414
23,A2_1,-0.244,0.932,0.976,0.96,0.515,0.611,0.533,1.0,0.982,0.967,0.57,0.656,0.707,-0.428,-0.431,-0.444
23,A2_2,-0.224,0.936,0.964,0.933,0.481,0.573,0.505,0.982,1.0,0.971,0.558,0.623,0.68,-0.373,-0.376,-0.393
23,A2_3,-0.219,0.918,0.956,0.947,0.46,0.561,0.488,0.967,0.971,1.0,0.546,0.618,0.658,-0.376,-0.376,-0.404
23,B2_1,-0.388,0.508,0.47,0.506,0.919,0.875,0.96,0.57,0.558,0.546,1.0,0.955,0.922,-0.399,-0.424,-0.497
23,B2_2,-0.386,0.582,0.552,0.572,0.927,0.9,0.948,0.656,0.623,0.618,0.955,1.0,0.976,-0.437,-0.466,-0.496
23,B2_3,-0.386,0.632,0.604,0.594,0.917,0.869,0.918,0.707,0.68,0.658,0.922,0.976,1.0,-0.405,-0.445,-0.459
