,,.,A1_1,A1_2,A1_3,B1_1,B1_2,B1_3,A2_1,A2_2,A2_3,B2_1,B2_2,B2_3,y1,y2,y3
0,.,0.001,0.016,0.041,0.018,0.063,0.059,0.033,0.002,0.297,0.188,0.142,0.026,0.011,0.049,0.038,0.017
0,A1_1,0.015,0.009,0.002,0.036,0.018,0.101,0.001,0.0,0.607,0.025,0.146,0.008,0.001,0.012,0.019,0.0
0,A1_2,0.001,0.007,0.091,0.017,0.008,0.285,0.005,0.002,0.119,0.061,0.159,0.187,0.001,0.043,0.01,0.003
0,A1_3,0.001,0.006,0.004,0.048,0.006,0.17,0.001,0.072,0.306,0.088,0.176,0.014,0.0,0.045,0.061,0.001
0,B1_1,0.016,0.038,0.105,0.03,0.001,0.012,0.003,0.002,0.117,0.366,0.237,0.02,0.028,0.009,0.008,0.009
0,B1_2,0.016,0.008,0.0,0.013,0.003,0.003,0.0,0.141,0.553,0.087,0.065,0.008,0.001,0.017,0.079,0.004
0,B1_3,0.006,0.004,0.133,0.358,0.004,0.002,0.006,0.002,0.006,0.062,0.035,0.024,0.041,0.008,0.002,0.306
0,A2_1,0.082,0.008,0.013,0.004,0.028,0.017,0.006,0.194,0.066,0.211,0.082,0.033,0.001,0.051,0.195,0.008
0,A2_2,0.001,0.012,0.012,0.596,0.03,0.011,0.016,0.001,0.048,0.067,0.041,0.004,0.086,0.002,0.003,0.071
0,A2_3,0.007,0.014,0.007,0.006,0.064,0.097,0.024,0.041,0.095,0.092,0.024,0.187,0.002,0.237,0.091,0.013
0,B2_1,0.0,0.006,0.005,0.017,0.001,0.009,0.001,0.0,0.843,0.028,0.088,0.0,0.0,0.0,0.003,0.0
0,B2_2,0.018,0.076,0.003,0.011,0.004,0.004,0.0,0.002,0.279,0.063,0.106,0.123,0.001,0.282,0.02,0.008
0,B2_3,0.001,0.002,0.027,0.331,0.006,0.03,0.001,0.001,0.52,0.006,0.069,0.002,0.001,0.001,0.002,0.001
0,y1,0.003,0.036,0.008,0.009,0.101,0.039,0.003,0.017,0.033,0.153,0.034,0.073,0.001,0.212,0.264,0.014
0,y2,0.0,0.003,0.016,0.742,0.013,0.012,0.025,0.001,0.018,0.022,0.115,0.007,0.001,0.003,0.002,0.02
0,y3,0.178,0.005,0.04,0.008,0.149,0.016,0.004,0.024,0.167,0.18,0.036,0.011,0.007,0.099,0.066,0.008
1,.,0.004,0.021,0.064,0.013,0.086,0.057,0.052,0.003,0.222,0.165,0.13,0.03,0.018,0.063,0.051,0.022
1,A1_1,0.095,0.012,0.004,0.041,0.043,0.1,0.001,0.001,0.488,0.021,0.106,0.016,0.002,0.028,0.043,0.002
1,A1_2,0.004,0.008,0.285,0.018,0.02,0.186,0.008,0.003,0.061,0.021,0.078,0.231,0.002,0.056,0.012,0.007
1,A1_3,0.007,0.015,0.006,0.034,0.008,0.109,0.001,0.118,0.238,0.071,0.131,0.018,0.001,0.143,0.095,0.003
1,B1_1,0.017,0.073,0.102,0.026,0.003,0.011,0.01,0.003,0.112,0.199,0.327,0.026,0.052,0.019,0.005,0.014
1,B1_2,0.596,0.004,0.001,0.004,0.003,0.001,0.0,0.028,0.191,0.019,0.026,0.004,0.0,0.033,0.083,0.006
1,B1_3,0.011,0.01,0.356,0.305,0.006,0.002,0.009,0.002,0.034,0.061,0.058,0.031,0.039,0.009,0.003,0.064
1,A2_1,0.372,0.003,0.009,0.003,0.008,0.002,0.002,0.112,0.016,0.046,0.034,0.01,0.0,0.056,0.303,0.024
1,A2_2,0.002,0.03,0.047,0.37,0.053,0.016,0.031,0.002,0.088,0.059,0.11,0.004,0.16,0.002,0.003,0.024
1,A2_3,0.12,0.009,0.008,0.004,0.023,0.014,0.01,0.015,0.016,0.047,0.013,0.178,0.003,0.45,0.061,0.031
1,B2_1,0.0,0.017,0.019,0.023,0.003,0.012,0.003,0.0,0.805,0.021,0.093,0.001,0.0,0.0,0.003,0.0
1,B2_2,0.3,0.047,0.006,0.016,0.006,0.002,0.0,0.005,0.051,0.041,0.053,0.088,0.002,0.332,0.031,0.021
1,B2_3,0.002,0.003,0.14,0.361,0.043,0.07,0.009,0.002,0.242,0.006,0.103,0.01,0.005,0.002,0.001,0.001
1,y1,0.017,0.01,0.005,0.003,0.25,0.034,0.02,0.015,0.007,0.021,0.005,0.026,0.001,0.119,0.305,0.162
1,y2,0.001,0.018,0.102,0.427,0.057,0.013,0.087,0.001,0.102,0.007,0.103,0.011,0.001,0.013,0.005,0.053
1,y3,0.82,0.001,0.015,0.002,0.009,0.004,0.001,0.002,0.006,0.006,0.015,0.011,0.003,0.098,0.006,0.0
2,.,0.006,0.026,0.075,0.011,0.102,0.059,0.07,0.004,0.159,0.161,0.111,0.034,0.024,0.068,0.061,0.03
2,A1_1,0.138,0.016,0.005,0.049,0.088,0.107,0.004,0.002,0.313,0.022,0.076,0.026,0.003,0.045,0.093,0.012
2,A1_2,0.005,0.009,0.403,0.021,0.033,0.129,0.016,0.003,0.021,0.009,0.05,0.229,0.004,0.036,0.012,0.02
2,A1_3,0.025,0.014,0.008,0.023,0.01,0.066,0.002,0.158,0.167,0.049,0.095,0.02,0.001,0.244,0.106,0.011
2,B1_1,0.012,0.084,0.064,0.032,0.011,0.018,0.016,0.004,0.072,0.236,0.268,0.043,0.1,0.016,0.006,0.018
2,B1_2,0.851,0.001,0.001,0.001,0.001,0.0,0.0,0.009,0.032,0.005,0.008,0.002,0.0,0.035,0.045,0.007
2,B1_3,0.01,0.04,0.353,0.096,0.01,0.005,0.018,0.002,0.06,0.151,0.129,0.029,0.059,0.006,0.008,0.024
2,A2_1,0.377,0.002,0.004,0.003,0.011,0.003,0.001,0.08,0.011,0.011,0.012,0.007,0.0,0.11,0.305,0.063
2,A2_2,0.001,0.019,0.127,0.234,0.077,0.03,0.078,0.003,0.072,0.052,0.083,0.008,0.194,0.001,0.002,0.017
2,A2_3,0.098,0.008,0.008,0.003,0.019,0.021,0.009,0.017,0.012,0.048,0.008,0.093,0.002,0.434,0.12,0.102
2,B2_1,0.0,0.047,0.031,0.069,0.013,0.012,0.009,0.0,0.655,0.033,0.118,0.003,0.001,0.001,0.005,0.001
2,B2_2,0.764,0.009,0.008,0.005,0.004,0.001,0.0,0.003,0.009,0.007,0.013,0.03,0.001,0.107,0.022,0.017
2,B2_3,0.003,0.007,0.161,0.182,0.134,0.1,0.02,0.003,0.231,0.007,0.127,0.013,0.007,0.002,0.002,0.002
2,y1,0.199,0.016,0.011,0.004,0.087,0.019,0.011,0.014,0.02,0.029,0.014,0.025,0.001,0.167,0.308,0.077
2,y2,0.001,0.044,0.089,0.446,0.094,0.007,0.047,0.001,0.049,0.004,0.153,0.018,0.001,0.019,0.008,0.02
2,y3,0.822,0.001,0.02,0.001,0.015,0.005,0.002,0.008,0.011,0.003,0.01,0.007,0.006,0.076,0.012,0.001
3,.,0.006,0.031,0.078,0.009,0.091,0.049,0.073,0.005,0.134,0.182,0.097,0.037,0.029,0.075,0.066,0.038
3,A1_1,0.131,0.017,0.005,0.047,0.097,0.1,0.006,0.004,0.254,0.022,0.06,0.031,0.004,0.057,0.135,0.029
3,A1_2,0.005,0.011,0.391,0.018,0.034,0.095,0.023,0.004,0.013,0.007,0.045,0.253,0.007,0.039,0.011,0.045
3,A1_3,0.035,0.01,0.006,0.019,0.007,0.038,0.002,0.126,0.123,0.045,0.069,0.016,0.001,0.36,0.12,0.023
3,B1_1,0.011,0.108,0.053,0.025,0.014,0.012,0.015,0.006,0.061,0.272,0.21,0.053,0.126,0.014,0.005,0.015
3,B1_2,0.788,0.001,0.001,0.002,0.003,0.001,0.001,0.012,0.03,0.003,0.004,0.002,0.0,0.054,0.078,0.019
3,B1_3,0.006,0.057,0.174,0.042,0.012,0.004,0.016,0.002,0.061,0.41,0.086,0.026,0.079,0.003,0.007,0.013
3,A2_1,0.22,0.002,0.002,0.004,0.01,0.003,0.001,0.035,0.006,0.007,0.006,0.014,0.001,0.261,0.294,0.133
3,A2_2,0.0,0.012,0.091,0.2,0.215,0.056,0.11,0.005,0.07,0.042,0.037,0.011,0.132,0.001,0.002,0.014
3,A2_3,0.024,0.004,0.003,0.002,0.013,0.008,0.008,0.01,0.003,0.015,0.001,0.054,0.001,0.23,0.109,0.515
3,B2_1,0.0,0.054,0.052,0.213,0.128,0.034,0.039,0.003,0.298,0.081,0.053,0.015,0.008,0.001,0.007,0.012
3,B2_2,0.497,0.007,0.006,0.003,0.007,0.003,0.001,0.006,0.004,0.013,0.017,0.04,0.005,0.264,0.036,0.09
3,B2_3,0.003,0.023,0.161,0.07,0.145,0.177,0.034,0.003,0.188,0.008,0.158,0.012,0.007,0.001,0.006,0.003
3,y1,0.474,0.013,0.005,0.002,0.025,0.005,0.001,0.002,0.008,0.018,0.006,0.019,0.001,0.12,0.272,0.028
3,y2,0.004,0.034,0.1,0.493,0.088,0.007,0.029,0.002,0.069,0.01,0.105,0.035,0.001,0.014,0.005,0.004
3,y3,0.481,0.001,0.018,0.005,0.098,0.046,0.005,0.035,0.019,0.021,0.009,0.023,0.047,0.088,0.093,0.011
4,.,0.008,0.035,0.078,0.008,0.09,0.045,0.075,0.007,0.119,0.183,0.09,0.039,0.036,0.076,0.07,0.042
4,A1_1,0.149,0.016,0.005,0.042,0.104,0.085,0.006,0.005,0.206,0.022,0.052,0.031,0.005,0.061,0.168,0.042
4,A1_2,0.005,0.012,0.362,0.018,0.038,0.094,0.027,0.006,0.01,0.006,0.041,0.272,0.011,0.033,0.011,0.053
4,A1_3,0.061,0.008,0.006,0.013,0.005,0.023,0.002,0.082,0.108,0.041,0.055,0.013,0.001,0.402,0.143,0.038
4,B1_1,0.01,0.114,0.047,0.028,0.019,0.012,0.022,0.008,0.058,0.241,0.174,0.07,0.163,0.015,0.004,0.015
4,B1_2,0.804,0.0,0.001,0.001,0.003,0.0,0.0,0.008,0.018,0.003,0.003,0.001,0.0,0.037,0.098,0.022
4,B1_3,0.005,0.063,0.158,0.046,0.017,0.005,0.021,0.004,0.049,0.402,0.073,0.032,0.102,0.003,0.005,0.013
4,A2_1,0.263,0.002,0.002,0.003,0.008,0.002,0.001,0.024,0.004,0.005,0.004,0.008,0.0,0.2,0.329,0.145
4,A2_2,0.0,0.012,0.093,0.178,0.227,0.058,0.131,0.009,0.046,0.044,0.031,0.016,0.139,0.001,0.001,0.013
4,A2_3,0.043,0.003,0.003,0.002,0.01,0.005,0.006,0.007,0.003,0.013,0.001,0.036,0.001,0.232,0.107,0.527
4,B2_1,0.0,0.038,0.089,0.237,0.163,0.049,0.039,0.004,0.196,0.091,0.043,0.021,0.014,0.001,0.004,0.011
4,B2_2,0.473,0.006,0.004,0.003,0.014,0.003,0.001,0.005,0.003,0.007,0.01,0.022,0.003,0.214,0.125,0.108
4,B2_3,0.001,0.016,0.134,0.12,0.317,0.135,0.067,0.007,0.076,0.009,0.07,0.015,0.019,0.001,0.003,0.008
4,y1,0.452,0.006,0.005,0.001,0.024,0.004,0.001,0.002,0.003,0.017,0.004,0.016,0.0,0.142,0.289,0.031
4,y2,0.005,0.089,0.121,0.204,0.132,0.012,0.099,0.002,0.142,0.028,0.123,0.023,0.002,0.007,0.007,0.005
4,y3,0.551,0.002,0.007,0.012,0.06,0.018,0.002,0.01,0.019,0.009,0.008,0.022,0.008,0.156,0.094,0.022
5,.,0.011,0.038,0.068,0.008,0.086,0.047,0.071,0.009,0.109,0.189,0.09,0.038,0.039,0.078,0.075,0.043
5,A1_1,0.162,0.016,0.005,0.042,0.106,0.081,0.006,0.006,0.158,0.022,0.054,0.03,0.005,0.06,0.202,0.045
5,A1_2,0.008,0.015,0.296,0.018,0.041,0.11,0.031,0.008,0.01,0.007,0.038,0.298,0.015,0.039,0.013,0.056
5,A1_3,0.074,0.007,0.008,0.014,0.005,0.019,0.002,0.07,0.118,0.042,0.058,0.012,0.001,0.359,0.168,0.042
5,B1_1,0.025,0.118,0.034,0.015,0.021,0.015,0.02,0.009,0.063,0.225,0.163,0.098,0.14,0.031,0.006,0.017
5,B1_2,0.768,0.0,0.002,0.002,0.004,0.001,0.001,0.006,0.023,0.003,0.004,0.002,0.0,0.033,0.13,0.022
5,B1_3,0.009,0.068,0.147,0.029,0.022,0.009,0.02,0.01,0.036,0.416,0.068,0.05,0.073,0.007,0.01,0.026
5,A2_1,0.41,0.001,0.003,0.004,0.008,0.001,0.001,0.012,0.006,0.004,0.005,0.005,0.0,0.099,0.348,0.093
5,A2_2,0.001,0.026,0.144,0.082,0.125,0.043,0.144,0.018,0.023,0.046,0.06,0.03,0.23,0.003,0.001,0.023
5,A2_3,0.306,0.004,0.01,0.004,0.018,0.012,0.008,0.005,0.03,0.023,0.005,0.027,0.002,0.224,0.198,0.125
5,B2_1,0.002,0.142,0.069,0.086,0.025,0.019,0.014,0.002,0.344,0.117,0.145,0.023,0.003,0.002,0.005,0.002
5,B2_2,0.753,0.005,0.006,0.004,0.005,0.001,0.0,0.002,0.004,0.002,0.006,0.011,0.001,0.075,0.082,0.043
5,B2_3,0.008,0.017,0.131,0.089,0.219,0.132,0.05,0.022,0.1,0.018,0.093,0.06,0.04,0.01,0.002,0.008
5,y1,0.716,0.004,0.015,0.001,0.006,0.003,0.002,0.002,0.012,0.023,0.009,0.008,0.001,0.06,0.125,0.013
5,y2,0.008,0.323,0.053,0.176,0.038,0.006,0.021,0.005,0.074,0.02,0.189,0.034,0.001,0.025,0.018,0.008
5,y3,0.311,0.003,0.012,0.013,0.118,0.02,0.014,0.015,0.023,0.006,0.015,0.023,0.048,0.248,0.09,0.04
6,.,0.016,0.036,0.076,0.009,0.078,0.044,0.071,0.011,0.11,0.18,0.085,0.035,0.043,0.076,0.084,0.048
6,A1_1,0.178,0.014,0.005,0.041,0.104,0.068,0.006,0.008,0.132,0.017,0.043,0.029,0.006,0.061,0.229,0.059
6,A1_2,0.013,0.016,0.3,0.019,0.039,0.095,0.031,0.01,0.01,0.008,0.041,0.275,0.02,0.039,0.015,0.067
6,A1_3,0.083,0.006,0.007,0.01,0.005,0.013,0.002,0.064,0.096,0.028,0.037,0.011,0.001,0.417,0.174,0.044
6,B1_1,0.038,0.103,0.036,0.017,0.022,0.014,0.025,0.012,0.067,0.187,0.155,0.098,0.161,0.035,0.007,0.023
6,B1_2,0.731,0.001,0.002,0.002,0.005,0.001,0.001,0.006,0.029,0.003,0.004,0.002,0.0,0.042,0.147,0.024
6,B1_3,0.02,0.073,0.136,0.038,0.019,0.008,0.019,0.012,0.038,0.376,0.071,0.061,0.074,0.008,0.012,0.035
6,A2_1,0.456,0.001,0.004,0.003,0.01,0.001,0.001,0.01,0.006,0.003,0.004,0.004,0.0,0.096,0.325,0.075
6,A2_2,0.002,0.023,0.108,0.099,0.11,0.036,0.148,0.026,0.021,0.043,0.052,0.033,0.253,0.004,0.001,0.04
6,A2_3,0.215,0.005,0.014,0.003,0.026,0.019,0.015,0.005,0.031,0.028,0.005,0.03,0.004,0.289,0.181,0.132
6,B2_1,0.006,0.127,0.044,0.086,0.017,0.017,0.015,0.003,0.349,0.107,0.194,0.019,0.002,0.003,0.008,0.003
6,B2_2,0.83,0.006,0.006,0.003,0.003,0.001,0.0,0.001,0.005,0.002,0.007,0.008,0.001,0.054,0.051,0.021
6,B2_3,0.03,0.014,0.071,0.096,0.313,0.109,0.033,0.022,0.106,0.013,0.09,0.052,0.022,0.018,0.005,0.007
6,y1,0.796,0.004,0.024,0.001,0.006,0.007,0.002,0.002,0.01,0.024,0.011,0.008,0.001,0.034,0.065,0.004
6,y2,0.028,0.128,0.056,0.289,0.031,0.014,0.024,0.019,0.05,0.036,0.218,0.026,0.0,0.031,0.044,0.006
6,y3,0.186,0.007,0.029,0.005,0.21,0.026,0.011,0.02,0.081,0.02,0.039,0.009,0.172,0.075,0.099,0.011
7,.,0.017,0.039,0.083,0.009,0.079,0.042,0.073,0.014,0.108,0.168,0.077,0.034,0.049,0.07,0.089,0.05
7,A1_1,0.157,0.014,0.005,0.035,0.095,0.052,0.008,0.01,0.099,0.017,0.033,0.033,0.006,0.063,0.286,0.087
7,A1_2,0.01,0.019,0.314,0.021,0.041,0.089,0.036,0.012,0.008,0.007,0.041,0.242,0.026,0.032,0.015,0.088
7,A1_3,0.12,0.005,0.007,0.007,0.004,0.008,0.002,0.047,0.074,0.022,0.025,0.012,0.001,0.44,0.169,0.058
7,B1_1,0.027,0.088,0.051,0.021,0.033,0.017,0.033,0.022,0.06,0.145,0.124,0.09,0.23,0.026,0.005,0.031
7,B1_2,0.776,0.001,0.002,0.001,0.003,0.001,0.001,0.002,0.014,0.003,0.003,0.002,0.0,0.036,0.141,0.014
7,B1_3,0.009,0.064,0.159,0.05,0.028,0.013,0.031,0.031,0.035,0.307,0.077,0.046,0.08,0.006,0.01,0.054
7,A2_1,0.579,0.001,0.003,0.003,0.009,0.001,0.001,0.003,0.004,0.003,0.002,0.003,0.0,0.088,0.248,0.053
7,A2_2,0.001,0.021,0.112,0.072,0.137,0.048,0.186,0.051,0.015,0.029,0.037,0.044,0.18,0.005,0.001,0.061
7,A2_3,0.326,0.006,0.006,0.003,0.024,0.008,0.014,0.002,0.037,0.017,0.006,0.016,0.004,0.241,0.206,0.084
7,B2_1,0.007,0.13,0.057,0.091,0.013,0.017,0.014,0.008,0.337,0.111,0.183,0.017,0.002,0.003,0.008,0.003
7,B2_2,0.813,0.008,0.003,0.002,0.002,0.0,0.0,0.001,0.005,0.003,0.008,0.006,0.001,0.073,0.062,0.013
7,B2_3,0.01,0.007,0.063,0.126,0.386,0.097,0.076,0.029,0.039,0.007,0.052,0.048,0.029,0.015,0.004,0.013
7,y1,0.712,0.004,0.022,0.0,0.013,0.012,0.005,0.002,0.007,0.038,0.007,0.01,0.003,0.055,0.097,0.012
7,y2,0.016,0.141,0.058,0.276,0.038,0.022,0.058,0.032,0.064,0.048,0.138,0.024,0.001,0.022,0.049,0.012
7,y3,0.35,0.01,0.011,0.004,0.077,0.017,0.004,0.008,0.098,0.023,0.037,0.009,0.085,0.108,0.151,0.009
8,.,0.017,0.041,0.077,0.01,0.073,0.036,0.07,0.015,0.115,0.172,0.082,0.033,0.05,0.067,0.093,0.05
8,A1_1,0.145,0.012,0.004,0.033,0.101,0.042,0.008,0.01,0.088,0.014,0.03,0.03,0.006,0.076,0.29,0.108
8,A1_2,0.014,0.022,0.315,0.023,0.038,0.088,0.037,0.011,0.01,0.007,0.055,0.234,0.031,0.033,0.018,0.064
8,A1_3,0.103,0.004,0.006,0.006,0.004,0.008,0.002,0.042,0.057,0.015,0.019,0.01,0.001,0.519,0.145,0.06
8,B1_1,0.038,0.099,0.036,0.016,0.032,0.018,0.029,0.019,0.071,0.15,0.152,0.084,0.21,0.02,0.007,0.019
8,B1_2,0.758,0.001,0.002,0.001,0.003,0.001,0.001,0.002,0.011,0.002,0.002,0.002,0.0,0.06,0.138,0.017
8,B1_3,0.009,0.065,0.15,0.036,0.021,0.013,0.032,0.026,0.047,0.356,0.109,0.037,0.065,0.003,0.009,0.023
8,A2_1,0.421,0.001,0.003,0.004,0.009,0.001,0.001,0.003,0.003,0.003,0.002,0.004,0.0,0.157,0.26,0.129
8,A2_2,0.002,0.023,0.128,0.056,0.123,0.044,0.207,0.048,0.019,0.033,0.059,0.046,0.171,0.003,0.002,0.036
8,A2_3,0.288,0.005,0.005,0.003,0.02,0.006,0.015,0.002,0.028,0.009,0.005,0.012,0.004,0.289,0.159,0.15
8,B2_1,0.008,0.14,0.066,0.09,0.015,0.014,0.015,0.007,0.315,0.103,0.189,0.024,0.003,0.002,0.006,0.002
8,B2_2,0.811,0.005,0.003,0.001,0.001,0.0,0.0,0.001,0.003,0.002,0.005,0.004,0.0,0.091,0.059,0.014
8,B2_3,0.011,0.01,0.087,0.175,0.274,0.086,0.054,0.037,0.054,0.008,0.08,0.04,0.058,0.011,0.003,0.011
8,y1,0.811,0.003,0.015,0.0,0.004,0.004,0.002,0.001,0.004,0.016,0.006,0.005,0.001,0.056,0.065,0.007
8,y2,0.015,0.157,0.037,0.295,0.061,0.015,0.056,0.025,0.088,0.032,0.136,0.02,0.001,0.019,0.035,0.008
8,y3,0.292,0.006,0.009,0.003,0.088,0.012,0.005,0.005,0.051,0.011,0.02,0.01,0.036,0.282,0.154,0.014
9,.,0.017,0.041,0.079,0.01,0.067,0.034,0.064,0.018,0.106,0.18,0.082,0.032,0.055,0.062,0.101,0.052
9,A1_1,0.137,0.011,0.004,0.036,0.102,0.04,0.008,0.012,0.074,0.013,0.028,0.029,0.007,0.078,0.293,0.128
9,A1_2,0.016,0.019,0.352,0.023,0.035,0.091,0.032,0.012,0.01,0.006,0.054,0.21,0.037,0.025,0.018,0.06
9,A1_3,0.111,0.004,0.007,0.005,0.004,0.008,0.002,0.043,0.054,0.013,0.018,0.009,0.001,0.506,0.153,0.061
9,B1_1,0.04,0.108,0.036,0.016,0.034,0.018,0.023,0.023,0.068,0.153,0.159,0.08,0.202,0.014,0.008,0.016
9,B1_2,0.721,0.001,0.002,0.001,0.004,0.001,0.001,0.002,0.009,0.001,0.002,0.003,0.0,0.088,0.145,0.02
9,B1_3,0.007,0.049,0.166,0.032,0.028,0.023,0.044,0.038,0.047,0.286,0.119,0.044,0.088,0.002,0.007,0.018
9,A2_1,0.291,0.003,0.003,0.004,0.009,0.001,0.0,0.002,0.003,0.004,0.002,0.003,0.0,0.159,0.246,0.269
9,A2_2,0.003,0.019,0.143,0.045,0.157,0.048,0.151,0.057,0.027,0.024,0.079,0.056,0.163,0.005,0.002,0.021
9,A2_3,0.232,0.004,0.005,0.003,0.027,0.007,0.016,0.002,0.033,0.005,0.003,0.008,0.003,0.191,0.213,0.248
9,B2_1,0.017,0.142,0.162,0.094,0.016,0.015,0.011,0.013,0.199,0.126,0.132,0.06,0.006,0.002,0.006,0.002
9,B2_2,0.729,0.003,0.002,0.002,0.001,0.0,0.0,0.001,0.003,0.001,0.002,0.004,0.0,0.13,0.089,0.031
9,B2_3,0.003,0.009,0.124,0.223,0.099,0.049,0.056,0.132,0.026,0.014,0.044,0.033,0.147,0.005,0.002,0.035
9,y1,0.786,0.002,0.009,0.0,0.004,0.002,0.002,0.001,0.003,0.01,0.003,0.004,0.001,0.082,0.076,0.014
9,y2,0.008,0.13,0.026,0.293,0.057,0.018,0.102,0.024,0.14,0.048,0.084,0.032,0.003,0.011,0.016,0.008
9,y3,0.405,0.003,0.004,0.002,0.017,0.003,0.002,0.002,0.017,0.012,0.008,0.008,0.009,0.281,0.194,0.037
10,.,0.018,0.044,0.077,0.01,0.066,0.034,0.063,0.02,0.107,0.176,0.084,0.031,0.058,0.063,0.099,0.052
10,A1_1,0.13,0.01,0.004,0.035,0.102,0.041,0.008,0.013,0.071,0.013,0.027,0.028,0.007,0.077,0.294,0.139
10,A1_2,0.016,0.02,0.324,0.021,0.035,0.103,0.037,0.013,0.011,0.006,0.055,0.21,0.048,0.024,0.018,0.059
10,A1_3,0.104,0.004,0.007,0.005,0.004,0.008,0.003,0.039,0.057,0.012,0.019,0.009,0.001,0.517,0.14,0.072
10,B1_1,0.052,0.112,0.033,0.014,0.031,0.019,0.022,0.025,0.078,0.134,0.176,0.084,0.179,0.015,0.009,0.015
10,B1_2,0.693,0.001,0.002,0.001,0.004,0.001,0.001,0.002,0.009,0.002,0.002,0.003,0.0,0.103,0.147,0.028
10,B1_3,0.009,0.044,0.132,0.027,0.042,0.039,0.054,0.044,0.049,0.235,0.11,0.067,0.125,0.003,0.006,0.013
10,A2_1,0.244,0.003,0.003,0.003,0.007,0.001,0.0,0.002,0.003,0.004,0.002,0.002,0.0,0.117,0.223,0.386
10,A2_2,0.004,0.024,0.126,0.041,0.156,0.052,0.121,0.067,0.035,0.029,0.091,0.064,0.167,0.007,0.003,0.014
10,A2_3,0.215,0.004,0.004,0.003,0.026,0.007,0.015,0.002,0.033,0.004,0.003,0.006,0.003,0.142,0.231,0.301
10,B2_1,0.015,0.148,0.146,0.086,0.015,0.018,0.011,0.018,0.214,0.134,0.126,0.054,0.005,0.003,0.006,0.002
10,B2_2,0.616,0.005,0.002,0.002,0.001,0.0,0.0,0.001,0.004,0.002,0.003,0.004,0.0,0.155,0.133,0.072
10,B2_3,0.004,0.007,0.107,0.143,0.13,0.087,0.049,0.1,0.027,0.012,0.05,0.046,0.211,0.007,0.002,0.019
10,y1,0.837,0.002,0.006,0.0,0.004,0.002,0.001,0.0,0.003,0.005,0.002,0.003,0.001,0.054,0.066,0.013
10,y2,0.005,0.167,0.023,0.215,0.047,0.02,0.095,0.039,0.153,0.065,0.048,0.063,0.006,0.024,0.012,0.017
10,y3,0.371,0.002,0.005,0.001,0.006,0.001,0.002,0.002,0.01,0.016,0.01,0.005,0.006,0.264,0.233,0.065
11,.,0.017,0.045,0.076,0.01,0.065,0.033,0.065,0.021,0.107,0.17,0.083,0.032,0.061,0.061,0.099,0.055
11,A1_1,0.125,0.01,0.004,0.033,0.097,0.033,0.008,0.013,0.064,0.012,0.024,0.033,0.007,0.08,0.313,0.143
11,A1_2,0.015,0.021,0.333,0.021,0.034,0.1,0.038,0.013,0.01,0.005,0.053,0.196,0.058,0.021,0.018,0.064
11,A1_3,0.122,0.004,0.007,0.004,0.004,0.007,0.003,0.043,0.054,0.011,0.017,0.009,0.001,0.495,0.156,0.066
11,B1_1,0.057,0.114,0.039,0.014,0.038,0.021,0.026,0.026,0.078,0.096,0.18,0.078,0.195,0.012,0.009,0.016
11,B1_2,0.643,0.002,0.002,0.001,0.004,0.001,0.001,0.002,0.008,0.002,0.002,0.004,0.001,0.141,0.162,0.027
11,B1_3,0.007,0.035,0.103,0.03,0.057,0.051,0.095,0.034,0.039,0.124,0.126,0.077,0.203,0.003,0.004,0.014
11,A2_1,0.359,0.003,0.003,0.002,0.006,0.001,0.0,0.002,0.003,0.004,0.001,0.003,0.0,0.129,0.203,0.28
11,A2_2,0.002,0.017,0.133,0.044,0.178,0.065,0.13,0.056,0.026,0.017,0.072,0.045,0.192,0.005,0.002,0.015
11,A2_3,0.19,0.004,0.004,0.002,0.02,0.007,0.013,0.003,0.036,0.005,0.002,0.006,0.003,0.164,0.25,0.29
11,B2_1,0.01,0.143,0.162,0.113,0.023,0.025,0.016,0.021,0.164,0.109,0.134,0.059,0.009,0.002,0.006,0.003
11,B2_2,0.608,0.004,0.002,0.001,0.001,0.0,0.0,0.001,0.003,0.001,0.003,0.004,0.0,0.178,0.118,0.074
11,B2_3,0.003,0.008,0.116,0.124,0.127,0.102,0.041,0.084,0.027,0.009,0.048,0.042,0.244,0.004,0.001,0.018
11,y1,0.86,0.002,0.005,0.0,0.003,0.001,0.001,0.0,0.002,0.004,0.001,0.002,0.001,0.049,0.058,0.01
11,y2,0.004,0.159,0.024,0.254,0.042,0.019,0.08,0.049,0.132,0.056,0.043,0.078,0.011,0.019,0.008,0.022
11,y3,0.269,0.001,0.004,0.0,0.005,0.001,0.003,0.002,0.006,0.009,0.006,0.004,0.003,0.359,0.244,0.083
12,.,0.018,0.045,0.077,0.01,0.06,0.032,0.061,0.022,0.104,0.185,0.085,0.03,0.064,0.062,0.091,0.055
12,A1_1,0.124,0.01,0.003,0.031,0.093,0.028,0.007,0.013,0.057,0.012,0.023,0.03,0.007,0.084,0.327,0.151
12,A1_2,0.014,0.022,0.345,0.021,0.03,0.098,0.034,0.013,0.009,0.006,0.061,0.191,0.065,0.022,0.018,0.051
12,A1_3,0.16,0.003,0.008,0.004,0.005,0.008,0.004,0.044,0.054,0.009,0.016,0.008,0.001,0.45,0.162,0.064
12,B1_1,0.058,0.108,0.041,0.015,0.047,0.024,0.023,0.026,0.072,0.113,0.157,0.072,0.213,0.01,0.009,0.013
12,B1_2,0.581,0.002,0.002,0.001,0.006,0.001,0.001,0.002,0.006,0.002,0.002,0.004,0.001,0.154,0.205,0.031
12,B1_3,0.006,0.027,0.077,0.018,0.057,0.054,0.106,0.032,0.033,0.143,0.154,0.069,0.211,0.003,0.004,0.009
12,A2_1,0.425,0.004,0.003,0.003,0.004,0.001,0.0,0.001,0.003,0.004,0.002,0.004,0.0,0.12,0.151,0.275
12,A2_2,0.002,0.01,0.116,0.065,0.217,0.071,0.132,0.05,0.028,0.016,0.069,0.048,0.157,0.007,0.003,0.009
12,A2_3,0.129,0.007,0.003,0.001,0.015,0.008,0.015,0.002,0.021,0.009,0.001,0.008,0.004,0.093,0.29,0.395
12,B2_1,0.005,0.128,0.079,0.204,0.078,0.048,0.032,0.009,0.052,0.09,0.159,0.081,0.015,0.003,0.01,0.007
12,B2_2,0.781,0.001,0.003,0.001,0.001,0.0,0.0,0.001,0.001,0.0,0.002,0.004,0.0,0.147,0.029,0.028
12,B2_3,0.003,0.009,0.111,0.08,0.263,0.18,0.028,0.054,0.034,0.008,0.043,0.031,0.145,0.002,0.003,0.006
12,y1,0.893,0.002,0.004,0.0,0.002,0.001,0.0,0.0,0.001,0.003,0.001,0.001,0.0,0.023,0.06,0.009
12,y2,0.003,0.077,0.03,0.331,0.047,0.023,0.066,0.077,0.104,0.048,0.031,0.103,0.031,0.014,0.003,0.013
12,y3,0.272,0.001,0.004,0.0,0.008,0.001,0.004,0.002,0.005,0.007,0.004,0.003,0.002,0.285,0.303,0.099
13,.,0.017,0.047,0.076,0.011,0.065,0.033,0.057,0.022,0.107,0.175,0.081,0.031,0.069,0.061,0.09,0.056
13,A1_1,0.097,0.009,0.003,0.032,0.091,0.029,0.007,0.014,0.053,0.011,0.018,0.028,0.007,0.08,0.353,0.169
13,A1_2,0.01,0.024,0.303,0.021,0.033,0.121,0.036,0.015,0.009,0.006,0.058,0.179,0.082,0.021,0.018,0.064
13,A1_3,0.125,0.003,0.006,0.003,0.004,0.006,0.003,0.037,0.042,0.008,0.013,0.008,0.001,0.502,0.155,0.084
13,B1_1,0.072,0.107,0.06,0.014,0.041,0.02,0.025,0.029,0.083,0.066,0.166,0.076,0.212,0.011,0.005,0.013
13,B1_2,0.434,0.003,0.001,0.001,0.006,0.001,0.001,0.003,0.009,0.004,0.002,0.004,0.001,0.179,0.304,0.048
13,B1_3,0.003,0.028,0.054,0.023,0.088,0.073,0.096,0.021,0.02,0.103,0.106,0.075,0.292,0.003,0.002,0.011
13,A2_1,0.344,0.003,0.003,0.002,0.004,0.0,0.001,0.001,0.002,0.003,0.001,0.004,0.0,0.18,0.161,0.29
13,A2_2,0.001,0.011,0.092,0.046,0.257,0.095,0.113,0.032,0.021,0.011,0.074,0.04,0.19,0.003,0.002,0.012
13,A2_3,0.422,0.005,0.004,0.001,0.009,0.004,0.006,0.001,0.021,0.004,0.001,0.007,0.002,0.132,0.217,0.163
13,B2_1,0.005,0.107,0.117,0.229,0.04,0.033,0.017,0.033,0.137,0.088,0.125,0.046,0.013,0.002,0.004,0.004
13,B2_2,0.64,0.002,0.003,0.001,0.001,0.0,0.0,0.001,0.002,0.001,0.001,0.002,0.0,0.151,0.113,0.081
13,B2_3,0.003,0.008,0.077,0.085,0.174,0.158,0.031,0.055,0.023,0.008,0.053,0.041,0.271,0.004,0.002,0.009
13,y1,0.824,0.003,0.004,0.0,0.004,0.002,0.002,0.0,0.002,0.005,0.002,0.003,0.001,0.056,0.082,0.012
13,y2,0.004,0.15,0.021,0.365,0.046,0.018,0.047,0.038,0.132,0.051,0.039,0.047,0.006,0.015,0.008,0.013
13,y3,0.18,0.001,0.004,0.0,0.005,0.001,0.002,0.002,0.005,0.008,0.004,0.004,0.003,0.41,0.281,0.09
14,.,0.016,0.051,0.078,0.011,0.061,0.031,0.054,0.024,0.1,0.178,0.08,0.03,0.072,0.059,0.094,0.06
14,A1_1,0.078,0.009,0.003,0.032,0.09,0.026,0.008,0.015,0.046,0.011,0.017,0.027,0.008,0.08,0.36,0.191
14,A1_2,0.009,0.026,0.287,0.019,0.029,0.112,0.038,0.016,0.008,0.007,0.061,0.176,0.101,0.021,0.018,0.072
14,A1_3,0.113,0.003,0.005,0.003,0.003,0.005,0.003,0.037,0.038,0.007,0.011,0.008,0.001,0.515,0.153,0.097
14,B1_1,0.07,0.104,0.066,0.013,0.038,0.017,0.027,0.033,0.073,0.056,0.16,0.08,0.231,0.011,0.005,0.015
14,B1_2,0.399,0.003,0.001,0.001,0.006,0.001,0.001,0.003,0.011,0.006,0.002,0.003,0.001,0.211,0.297,0.055
14,B1_3,0.003,0.03,0.043,0.02,0.086,0.069,0.09,0.017,0.014,0.098,0.108,0.08,0.326,0.002,0.002,0.011
14,A2_1,0.383,0.002,0.002,0.002,0.004,0.0,0.001,0.001,0.002,0.003,0.001,0.004,0.0,0.213,0.152,0.229
14,A2_2,0.001,0.012,0.089,0.036,0.237,0.097,0.127,0.026,0.015,0.011,0.083,0.045,0.208,0.002,0.001,0.011
14,A2_3,0.561,0.005,0.003,0.001,0.005,0.002,0.003,0.001,0.018,0.003,0.001,0.005,0.001,0.128,0.16,0.103
14,B2_1,0.006,0.098,0.149,0.204,0.039,0.035,0.014,0.051,0.129,0.082,0.117,0.051,0.018,0.002,0.003,0.003
14,B2_2,0.494,0.003,0.003,0.001,0.001,0.0,0.0,0.001,0.002,0.001,0.001,0.003,0.0,0.189,0.175,0.125
14,B2_3,0.002,0.01,0.069,0.052,0.141,0.139,0.032,0.054,0.014,0.011,0.051,0.038,0.371,0.004,0.002,0.01
14,y1,0.801,0.003,0.004,0.0,0.004,0.002,0.002,0.0,0.002,0.006,0.002,0.003,0.001,0.067,0.087,0.016
14,y2,0.003,0.146,0.022,0.364,0.042,0.022,0.049,0.042,0.127,0.061,0.046,0.041,0.006,0.01,0.007,0.01
14,y3,0.13,0.002,0.003,0.0,0.004,0.001,0.001,0.001,0.005,0.007,0.004,0.004,0.002,0.442,0.292,0.102
15,.,0.016,0.052,0.076,0.011,0.057,0.03,0.053,0.024,0.099,0.182,0.079,0.031,0.073,0.059,0.097,0.06
15,A1_1,0.066,0.009,0.003,0.031,0.093,0.024,0.008,0.014,0.041,0.01,0.016,0.026,0.007,0.086,0.34,0.226
15,A1_2,0.01,0.025,0.268,0.018,0.028,0.107,0.039,0.016,0.007,0.007,0.064,0.189,0.112,0.019,0.018,0.072
15,A1_3,0.108,0.002,0.005,0.003,0.003,0.005,0.003,0.033,0.035,0.006,0.01,0.007,0.001,0.535,0.15,0.096
15,B1_1,0.062,0.102,0.057,0.014,0.038,0.016,0.028,0.033,0.071,0.059,0.16,0.088,0.241,0.011,0.005,0.016
15,B1_2,0.365,0.002,0.001,0.001,0.006,0.001,0.001,0.003,0.009,0.005,0.002,0.003,0.001,0.239,0.3,0.062
15,B1_3,0.003,0.027,0.04,0.018,0.077,0.067,0.089,0.016,0.012,0.091,0.113,0.091,0.346,0.002,0.002,0.009
15,A2_1,0.366,0.002,0.002,0.001,0.003,0.0,0.001,0.001,0.003,0.003,0.001,0.003,0.0,0.233,0.145,0.235
15,A2_2,0.001,0.011,0.071,0.033,0.248,0.103,0.123,0.021,0.013,0.011,0.084,0.055,0.212,0.002,0.002,0.01
15,A2_3,0.636,0.003,0.004,0.001,0.004,0.002,0.002,0.0,0.013,0.002,0.001,0.004,0.0,0.117,0.127,0.083
15,B2_1,0.007,0.092,0.162,0.206,0.037,0.031,0.011,0.071,0.123,0.082,0.089,0.06,0.022,0.001,0.003,0.003
15,B2_2,0.363,0.003,0.003,0.001,0.001,0.0,0.0,0.001,0.002,0.002,0.001,0.002,0.0,0.253,0.2,0.166
15,B2_3,0.002,0.01,0.053,0.035,0.139,0.131,0.04,0.045,0.009,0.011,0.048,0.043,0.419,0.003,0.001,0.011
15,y1,0.746,0.003,0.004,0.0,0.007,0.002,0.002,0.0,0.003,0.006,0.002,0.004,0.001,0.088,0.11,0.022
15,y2,0.003,0.12,0.021,0.395,0.032,0.021,0.042,0.049,0.129,0.081,0.048,0.035,0.006,0.006,0.007,0.005
15,y3,0.11,0.002,0.002,0.0,0.003,0.0,0.001,0.001,0.004,0.006,0.003,0.003,0.002,0.475,0.258,0.127
16,.,0.016,0.054,0.078,0.011,0.054,0.028,0.053,0.025,0.098,0.184,0.082,0.031,0.071,0.057,0.096,0.062
16,A1_1,0.061,0.009,0.003,0.031,0.088,0.024,0.008,0.014,0.041,0.01,0.016,0.025,0.007,0.079,0.384,0.2
16,A1_2,0.009,0.029,0.258,0.017,0.024,0.095,0.043,0.014,0.008,0.008,0.077,0.201,0.11,0.02,0.018,0.068
16,A1_3,0.117,0.002,0.005,0.003,0.003,0.004,0.002,0.032,0.036,0.006,0.009,0.007,0.001,0.532,0.152,0.09
16,B1_1,0.059,0.099,0.055,0.013,0.041,0.019,0.027,0.033,0.07,0.062,0.159,0.089,0.242,0.011,0.005,0.017
16,B1_2,0.375,0.002,0.001,0.001,0.006,0.001,0.001,0.003,0.008,0.004,0.002,0.003,0.001,0.186,0.36,0.047
16,B1_3,0.003,0.03,0.038,0.016,0.063,0.056,0.081,0.016,0.013,0.116,0.138,0.093,0.324,0.002,0.002,0.009
16,A2_1,0.401,0.002,0.002,0.001,0.004,0.0,0.0,0.001,0.002,0.002,0.001,0.002,0.0,0.177,0.223,0.18
16,A2_2,0.001,0.014,0.09,0.031,0.189,0.086,0.121,0.027,0.013,0.014,0.092,0.063,0.247,0.002,0.001,0.01
16,A2_3,0.585,0.003,0.003,0.001,0.004,0.002,0.002,0.0,0.015,0.002,0.001,0.003,0.0,0.131,0.172,0.076
16,B2_1,0.007,0.098,0.188,0.162,0.029,0.027,0.013,0.064,0.122,0.095,0.106,0.062,0.021,0.001,0.002,0.002
16,B2_2,0.39,0.003,0.002,0.001,0.001,0.0,0.0,0.001,0.002,0.001,0.001,0.002,0.0,0.181,0.289,0.125
16,B2_3,0.002,0.014,0.065,0.043,0.107,0.104,0.038,0.059,0.011,0.013,0.059,0.046,0.419,0.004,0.001,0.014
16,y1,0.827,0.002,0.003,0.0,0.003,0.001,0.001,0.0,0.002,0.004,0.001,0.002,0.001,0.065,0.076,0.011
16,y2,0.004,0.122,0.021,0.351,0.03,0.022,0.04,0.053,0.143,0.102,0.049,0.039,0.007,0.006,0.005,0.005
16,y3,0.103,0.002,0.002,0.0,0.002,0.0,0.001,0.001,0.004,0.006,0.003,0.003,0.002,0.396,0.355,0.119
17,.,0.015,0.054,0.079,0.01,0.055,0.028,0.05,0.026,0.096,0.182,0.083,0.031,0.072,0.06,0.096,0.063
17,A1_1,0.047,0.009,0.003,0.03,0.089,0.023,0.009,0.016,0.034,0.008,0.015,0.026,0.007,0.081,0.361,0.242
17,A1_2,0.008,0.027,0.23,0.016,0.027,0.111,0.045,0.014,0.008,0.007,0.079,0.193,0.123,0.02,0.018,0.073
17,A1_3,0.106,0.002,0.004,0.003,0.002,0.004,0.002,0.027,0.031,0.005,0.008,0.007,0.0,0.571,0.13,0.096
17,B1_1,0.067,0.095,0.055,0.01,0.04,0.018,0.026,0.034,0.078,0.052,0.183,0.09,0.219,0.012,0.005,0.017
17,B1_2,0.355,0.003,0.001,0.001,0.006,0.001,0.001,0.003,0.011,0.005,0.002,0.004,0.001,0.219,0.328,0.06
17,B1_3,0.003,0.03,0.035,0.014,0.073,0.052,0.061,0.016,0.013,0.143,0.122,0.092,0.332,0.002,0.002,0.008
17,A2_1,0.291,0.002,0.002,0.002,0.004,0.0,0.001,0.001,0.002,0.002,0.001,0.003,0.0,0.223,0.189,0.276
17,A2_2,0.001,0.01,0.071,0.023,0.232,0.079,0.117,0.024,0.01,0.012,0.084,0.057,0.268,0.002,0.001,0.01
17,A2_3,0.592,0.003,0.003,0.001,0.003,0.002,0.002,0.001,0.012,0.002,0.001,0.003,0.001,0.131,0.14,0.103
17,B2_1,0.006,0.105,0.171,0.156,0.034,0.027,0.012,0.05,0.116,0.11,0.121,0.062,0.023,0.001,0.002,0.002
17,B2_2,0.363,0.003,0.002,0.002,0.001,0.0,0.0,0.001,0.002,0.001,0.001,0.002,0.0,0.207,0.264,0.151
17,B2_3,0.001,0.011,0.053,0.033,0.146,0.131,0.037,0.044,0.01,0.011,0.052,0.047,0.407,0.003,0.001,0.012
17,y1,0.826,0.002,0.003,0.0,0.003,0.001,0.001,0.0,0.002,0.003,0.001,0.002,0.001,0.065,0.074,0.016
17,y2,0.004,0.11,0.023,0.359,0.025,0.022,0.022,0.056,0.15,0.115,0.052,0.039,0.008,0.005,0.005,0.004
17,y3,0.083,0.002,0.002,0.0,0.002,0.0,0.001,0.001,0.002,0.003,0.002,0.003,0.001,0.444,0.293,0.159
18,.,0.015,0.057,0.083,0.01,0.052,0.026,0.051,0.026,0.091,0.188,0.082,0.031,0.071,0.059,0.094,0.064
18,A1_1,0.046,0.009,0.002,0.027,0.087,0.021,0.009,0.016,0.031,0.008,0.014,0.024,0.007,0.074,0.361,0.264
18,A1_2,0.008,0.027,0.232,0.015,0.028,0.113,0.05,0.014,0.007,0.008,0.078,0.185,0.128,0.017,0.019,0.072
18,A1_3,0.129,0.002,0.005,0.002,0.002,0.004,0.002,0.03,0.03,0.005,0.008,0.006,0.0,0.542,0.137,0.092
18,B1_1,0.067,0.118,0.055,0.01,0.038,0.016,0.025,0.032,0.075,0.057,0.187,0.089,0.199,0.011,0.005,0.016
18,B1_2,0.333,0.003,0.001,0.001,0.007,0.001,0.001,0.003,0.01,0.004,0.001,0.004,0.001,0.232,0.329,0.069
18,B1_3,0.002,0.028,0.032,0.011,0.086,0.057,0.081,0.015,0.011,0.113,0.117,0.091,0.343,0.002,0.002,0.008
18,A2_1,0.276,0.002,0.002,0.002,0.004,0.001,0.001,0.001,0.002,0.003,0.001,0.003,0.0,0.194,0.147,0.361
18,A2_2,0.001,0.008,0.046,0.018,0.278,0.107,0.128,0.014,0.01,0.011,0.107,0.061,0.199,0.002,0.002,0.007
18,A2_3,0.758,0.004,0.004,0.001,0.003,0.002,0.003,0.0,0.009,0.002,0.001,0.004,0.001,0.054,0.083,0.072
18,B2_1,0.006,0.106,0.124,0.161,0.026,0.04,0.008,0.057,0.113,0.15,0.142,0.043,0.015,0.002,0.004,0.002
18,B2_2,0.305,0.005,0.002,0.002,0.001,0.0,0.0,0.002,0.002,0.001,0.001,0.003,0.0,0.186,0.308,0.181
18,B2_3,0.001,0.004,0.034,0.019,0.186,0.172,0.034,0.028,0.007,0.009,0.03,0.041,0.429,0.002,0.001,0.004
18,y1,0.808,0.003,0.003,0.0,0.004,0.001,0.001,0.0,0.001,0.004,0.001,0.002,0.001,0.049,0.079,0.043
18,y2,0.003,0.082,0.03,0.303,0.051,0.048,0.048,0.054,0.122,0.077,0.051,0.084,0.027,0.008,0.004,0.008
18,y3,0.198,0.002,0.004,0.0,0.003,0.001,0.002,0.001,0.003,0.003,0.004,0.002,0.001,0.297,0.341,0.138
19,.,0.015,0.06,0.084,0.01,0.046,0.025,0.051,0.025,0.09,0.192,0.086,0.032,0.065,0.061,0.095,0.063
19,A1_1,0.048,0.009,0.003,0.027,0.086,0.021,0.009,0.016,0.03,0.008,0.015,0.023,0.007,0.088,0.354,0.256
19,A1_2,0.01,0.025,0.238,0.015,0.023,0.109,0.053,0.013,0.007,0.008,0.09,0.188,0.119,0.017,0.017,0.068
19,A1_3,0.123,0.002,0.005,0.002,0.002,0.004,0.002,0.031,0.032,0.005,0.008,0.006,0.0,0.555,0.139,0.082
19,B1_1,0.057,0.128,0.045,0.01,0.033,0.015,0.027,0.029,0.068,0.059,0.218,0.101,0.174,0.013,0.005,0.019
19,B1_2,0.319,0.003,0.001,0.001,0.007,0.001,0.001,0.002,0.009,0.004,0.001,0.004,0.001,0.305,0.274,0.068
19,B1_3,0.002,0.023,0.035,0.01,0.072,0.059,0.096,0.011,0.009,0.068,0.122,0.114,0.367,0.002,0.001,0.008
19,A2_1,0.395,0.003,0.003,0.002,0.004,0.001,0.001,0.001,0.003,0.004,0.001,0.002,0.0,0.188,0.171,0.224
19,A2_2,0.001,0.016,0.06,0.019,0.222,0.107,0.131,0.014,0.011,0.013,0.135,0.069,0.187,0.002,0.002,0.011
19,A2_3,0.687,0.003,0.005,0.001,0.004,0.002,0.003,0.0,0.014,0.001,0.001,0.003,0.0,0.086,0.125,0.064
19,B2_1,0.007,0.105,0.155,0.112,0.019,0.043,0.009,0.069,0.105,0.155,0.152,0.046,0.016,0.001,0.004,0.002
19,B2_2,0.217,0.005,0.002,0.001,0.001,0.0,0.0,0.001,0.002,0.001,0.001,0.002,0.0,0.258,0.338,0.169
19,B2_3,0.001,0.005,0.042,0.017,0.122,0.147,0.033,0.03,0.007,0.012,0.04,0.044,0.493,0.002,0.001,0.005
19,y1,0.717,0.004,0.003,0.0,0.009,0.002,0.002,0.0,0.002,0.005,0.001,0.003,0.001,0.071,0.124,0.056
19,y2,0.002,0.098,0.025,0.271,0.041,0.052,0.056,0.048,0.116,0.084,0.055,0.105,0.028,0.008,0.004,0.007
19,y3,0.199,0.002,0.003,0.0,0.003,0.001,0.002,0.001,0.003,0.003,0.004,0.002,0.001,0.343,0.327,0.106
20,.,0.015,0.059,0.083,0.01,0.048,0.025,0.051,0.026,0.089,0.187,0.08,0.033,0.066,0.06,0.101,0.066
20,A1_1,0.039,0.008,0.003,0.025,0.081,0.018,0.01,0.016,0.026,0.007,0.013,0.022,0.007,0.077,0.354,0.295
20,A1_2,0.008,0.023,0.218,0.015,0.026,0.114,0.056,0.013,0.006,0.007,0.08,0.194,0.126,0.017,0.018,0.079
20,A1_3,0.136,0.002,0.005,0.002,0.002,0.003,0.002,0.029,0.031,0.005,0.008,0.007,0.0,0.534,0.139,0.096
20,B1_1,0.065,0.134,0.055,0.011,0.034,0.014,0.026,0.035,0.069,0.055,0.208,0.1,0.156,0.012,0.006,0.019
20,B1_2,0.31,0.003,0.001,0.001,0.006,0.0,0.001,0.002,0.011,0.005,0.001,0.003,0.001,0.306,0.267,0.082
20,B1_3,0.002,0.019,0.032,0.011,0.081,0.063,0.084,0.011,0.006,0.065,0.09,0.108,0.418,0.002,0.001,0.008
20,A2_1,0.411,0.002,0.002,0.002,0.003,0.001,0.001,0.001,0.002,0.004,0.001,0.003,0.0,0.2,0.14,0.228
20,A2_2,0.001,0.014,0.051,0.018,0.239,0.093,0.147,0.014,0.009,0.012,0.108,0.068,0.213,0.002,0.002,0.011
20,A2_3,0.751,0.002,0.003,0.001,0.002,0.001,0.002,0.0,0.009,0.001,0.001,0.002,0.0,0.086,0.08,0.058
20,B2_1,0.007,0.106,0.151,0.124,0.025,0.04,0.01,0.06,0.109,0.137,0.15,0.055,0.021,0.001,0.003,0.002
20,B2_2,0.277,0.004,0.002,0.001,0.001,0.0,0.0,0.001,0.002,0.001,0.001,0.002,0.0,0.238,0.269,0.199
20,B2_3,0.001,0.005,0.039,0.021,0.142,0.167,0.033,0.03,0.007,0.011,0.035,0.048,0.454,0.002,0.001,0.004
20,y1,0.778,0.003,0.003,0.0,0.006,0.001,0.002,0.0,0.001,0.004,0.001,0.002,0.001,0.061,0.092,0.043
20,y2,0.002,0.104,0.024,0.323,0.032,0.044,0.036,0.057,0.125,0.099,0.052,0.067,0.019,0.006,0.004,0.006
20,y3,0.119,0.002,0.003,0.0,0.002,0.0,0.002,0.001,0.003,0.003,0.003,0.002,0.001,0.392,0.323,0.144
21,.,0.016,0.059,0.084,0.011,0.05,0.025,0.051,0.026,0.095,0.176,0.077,0.034,0.066,0.064,0.102,0.065
21,A1_1,0.037,0.007,0.002,0.025,0.073,0.019,0.009,0.016,0.025,0.007,0.011,0.022,0.006,0.077,0.368,0.297
21,A1_2,0.008,0.023,0.207,0.016,0.028,0.116,0.059,0.013,0.006,0.007,0.083,0.192,0.127,0.016,0.018,0.079
21,A1_3,0.163,0.002,0.004,0.002,0.002,0.003,0.002,0.025,0.028,0.005,0.006,0.007,0.0,0.515,0.134,0.1
21,B1_1,0.06,0.134,0.073,0.014,0.034,0.013,0.026,0.044,0.071,0.053,0.199,0.095,0.147,0.01,0.005,0.019
21,B1_2,0.322,0.002,0.001,0.001,0.005,0.0,0.001,0.002,0.01,0.006,0.001,0.003,0.001,0.293,0.265,0.087
21,B1_3,0.001,0.02,0.033,0.013,0.087,0.06,0.087,0.009,0.006,0.071,0.089,0.098,0.417,0.001,0.001,0.007
21,A2_1,0.423,0.001,0.002,0.002,0.003,0.001,0.001,0.001,0.003,0.004,0.001,0.003,0.0,0.245,0.126,0.185
21,A2_2,0.0,0.014,0.052,0.018,0.251,0.082,0.175,0.012,0.007,0.012,0.087,0.066,0.211,0.001,0.001,0.01
21,A2_3,0.734,0.002,0.003,0.001,0.001,0.001,0.001,0.0,0.008,0.001,0.001,0.002,0.0,0.111,0.078,0.056
21,B2_1,0.007,0.116,0.163,0.146,0.038,0.033,0.014,0.065,0.098,0.1,0.117,0.069,0.027,0.001,0.003,0.002
21,B2_2,0.294,0.003,0.002,0.001,0.001,0.0,0.0,0.001,0.002,0.001,0.001,0.002,0.0,0.26,0.233,0.199
21,B2_3,0.001,0.01,0.052,0.019,0.147,0.142,0.048,0.03,0.006,0.012,0.039,0.051,0.43,0.002,0.001,0.009
21,y1,0.797,0.003,0.003,0.0,0.003,0.001,0.001,0.0,0.002,0.004,0.001,0.002,0.001,0.07,0.086,0.026
21,y2,0.003,0.133,0.023,0.36,0.019,0.027,0.02,0.061,0.12,0.124,0.05,0.039,0.008,0.004,0.005,0.003
21,y3,0.056,0.002,0.001,0.0,0.002,0.0,0.001,0.001,0.003,0.003,0.002,0.003,0.001,0.468,0.279,0.179
22,.,0.016,0.06,0.089,0.011,0.047,0.024,0.051,0.026,0.094,0.174,0.079,0.033,0.067,0.066,0.099,0.064
22,A1_1,0.037,0.008,0.002,0.026,0.072,0.019,0.009,0.017,0.025,0.007,0.012,0.023,0.007,0.081,0.352,0.304
22,A1_2,0.009,0.023,0.223,0.015,0.025,0.101,0.06,0.013,0.006,0.007,0.091,0.185,0.131,0.017,0.017,0.077
22,A1_3,0.17,0.002,0.004,0.002,0.002,0.003,0.002,0.026,0.029,0.005,0.006,0.007,0.0,0.515,0.131,0.096
22,B1_1,0.067,0.136,0.079,0.015,0.035,0.013,0.026,0.046,0.069,0.052,0.192,0.097,0.14,0.01,0.006,0.019
22,B1_2,0.274,0.003,0.001,0.001,0.004,0.0,0.001,0.002,0.011,0.006,0.001,0.003,0.001,0.343,0.258,0.092
22,B1_3,0.001,0.016,0.035,0.009,0.081,0.06,0.1,0.008,0.005,0.048,0.106,0.102,0.42,0.001,0.001,0.006
22,A2_1,0.524,0.002,0.002,0.001,0.002,0.001,0.001,0.001,0.003,0.003,0.001,0.002,0.0,0.193,0.113,0.151
22,A2_2,0.0,0.017,0.073,0.02,0.221,0.076,0.168,0.015,0.009,0.013,0.107,0.065,0.202,0.001,0.001,0.011
22,A2_3,0.686,0.002,0.003,0.001,0.001,0.001,0.001,0.0,0.009,0.001,0.001,0.002,0.0,0.132,0.091,0.069
22,B2_1,0.008,0.107,0.196,0.13,0.039,0.033,0.017,0.063,0.076,0.077,0.135,0.082,0.032,0.001,0.002,0.002
22,B2_2,0.416,0.002,0.002,0.001,0.001,0.0,0.0,0.001,0.002,0.001,0.001,0.002,0.0,0.236,0.181,0.154
22,B2_3,0.001,0.017,0.085,0.027,0.13,0.112,0.042,0.047,0.009,0.015,0.047,0.046,0.407,0.003,0.002,0.013
22,y1,0.775,0.002,0.003,0.0,0.003,0.001,0.001,0.0,0.002,0.004,0.001,0.001,0.001,0.086,0.096,0.023
22,y2,0.003,0.144,0.03,0.344,0.019,0.027,0.025,0.067,0.101,0.116,0.061,0.043,0.009,0.004,0.005,0.004
22,y3,0.066,0.001,0.001,0.0,0.001,0.0,0.001,0.001,0.002,0.002,0.002,0.003,0.001,0.516,0.241,0.16
23,.,0.016,0.058,0.092,0.011,0.046,0.024,0.05,0.026,0.095,0.167,0.081,0.033,0.067,0.065,0.103,0.064
23,A1_1,0.033,0.007,0.002,0.025,0.072,0.017,0.01,0.017,0.023,0.007,0.011,0.023,0.007,0.08,0.343,0.324
23,A1_2,0.008,0.024,0.214,0.014,0.027,0.101,0.057,0.012,0.006,0.007,0.092,0.185,0.135,0.016,0.018,0.084
23,A1_3,0.196,0.002,0.004,0.002,0.002,0.003,0.002,0.025,0.03,0.005,0.006,0.007,0.0,0.501,0.125,0.091
23,B1_1,0.069,0.134,0.081,0.014,0.034,0.013,0.024,0.043,0.073,0.052,0.203,0.099,0.124,0.01,0.006,0.02
23,B1_2,0.282,0.002,0.001,0.001,0.005,0.0,0.001,0.002,0.01,0.006,0.001,0.003,0.001,0.339,0.264,0.08
23,B1_3,0.001,0.016,0.033,0.009,0.08,0.061,0.094,0.009,0.005,0.053,0.096,0.089,0.446,0.001,0.001,0.006
23,A2_1,0.457,0.002,0.002,0.001,0.003,0.0,0.001,0.001,0.002,0.004,0.001,0.002,0.0,0.21,0.116,0.197
23,A2_2,0.001,0.015,0.059,0.017,0.223,0.078,0.172,0.011,0.007,0.011,0.127,0.063,0.203,0.001,0.001,0.009
23,A2_3,0.779,0.002,0.002,0.0,0.001,0.001,0.001,0.0,0.007,0.001,0.001,0.002,0.0,0.095,0.058,0.049
23,B2_1,0.007,0.115,0.174,0.142,0.031,0.032,0.014,0.055,0.088,0.088,0.162,0.06,0.027,0.001,0.003,0.002
23,B2_2,0.33,0.003,0.002,0.001,0.001,0.0,0.0,0.001,0.002,0.001,0.001,0.002,0.0,0.251,0.208,0.197
23,B2_3,0.001,0.008,0.055,0.02,0.165,0.159,0.041,0.032,0.007,0.01,0.044,0.044,0.404,0.002,0.002,0.006
23,y1,0.793,0.003,0.003,0.0,0.004,0.001,0.001,0.0,0.002,0.004,0.001,0.002,0.001,0.061,0.092,0.032
23,y2,0.003,0.121,0.034,0.366,0.025,0.029,0.024,0.07,0.106,0.101,0.059,0.039,0.012,0.004,0.005,0.004
23,y3,0.053,0.001,0.001,0.0,0.002,0.0,0.001,0.001,0.003,0.003,0.002,0.003,0.001,0.489,0.281,0.159
24,.,0.016,0.06,0.091,0.012,0.046,0.024,0.051,0.027,0.095,0.164,0.082,0.035,0.067,0.065,0.103,0.063
24,A1_1,0.032,0.008,0.002,0.026,0.069,0.017,0.01,0.018,0.022,0.007,0.013,0.024,0.007,0.087,0.336,0.322
24,A1_2,0.008,0.022,0.215,0.014,0.025,0.103,0.055,0.012,0.006,0.007,0.092,0.2,0.137,0.016,0.017,0.073
24,A1_3,0.215,0.002,0.004,0.002,0.001,0.003,0.002,0.026,0.029,0.005,0.006,0.007,0.0,0.475,0.132,0.091
24,B1_1,0.061,0.144,0.086,0.016,0.031,0.013,0.025,0.05,0.072,0.051,0.205,0.099,0.115,0.009,0.006,0.018
24,B1_2,0.288,0.002,0.001,0.001,0.004,0.0,0.001,0.002,0.01,0.007,0.001,0.003,0.001,0.364,0.236,0.079
24,B1_3,0.001,0.014,0.03,0.009,0.079,0.063,0.088,0.008,0.004,0.043,0.085,0.105,0.464,0.001,0.001,0.006
24,A2_1,0.536,0.001,0.002,0.001,0.002,0.0,0.001,0.001,0.002,0.004,0.001,0.002,0.0,0.204,0.104,0.138
24,A2_2,0.0,0.018,0.057,0.02,0.219,0.069,0.169,0.014,0.008,0.012,0.114,0.071,0.215,0.001,0.001,0.011
24,A2_3,0.732,0.002,0.002,0.0,0.001,0.001,0.001,0.0,0.006,0.001,0.001,0.001,0.0,0.137,0.061,0.053
24,B2_1,0.007,0.131,0.151,0.125,0.034,0.03,0.016,0.05,0.093,0.078,0.171,0.079,0.03,0.001,0.002,0.002
24,B2_2,0.33,0.003,0.002,0.001,0.001,0.0,0.0,0.001,0.002,0.001,0.001,0.002,0.0,0.296,0.186,0.174
