,,.,A1_1,A1_2,A1_3,B1_1,B1_2,B1_3,A2_1,A2_2,A2_3,B2_1,B2_2,B2_3,y1,y2,y3
0,.,1.0,-0.036,-0.078,-0.174,-0.14,-0.105,0.18,-0.088,-0.034,0.128,-0.065,0.153,0.318,-0.219,0.006,0.103
0,A1_1,-0.036,1.0,-0.045,0.369,0.214,0.154,-0.246,0.058,0.006,-0.091,0.118,-0.092,0.312,-0.088,0.317,-0.041
0,A1_2,-0.078,-0.045,1.0,0.097,0.279,0.11,0.062,0.166,-0.128,0.088,0.152,0.289,0.036,-0.084,0.011,-0.19
0,A1_3,-0.174,0.369,0.097,1.0,0.377,0.225,-0.333,-0.074,0.088,-0.157,0.202,0.121,0.018,-0.005,-0.262,-0.016
0,B1_1,-0.14,0.214,0.279,0.377,1.0,-0.186,-0.211,0.215,0.046,-0.157,0.199,-0.043,0.041,-0.042,-0.164,0.148
0,B1_2,-0.105,0.154,0.11,0.225,-0.186,1.0,0.006,0.022,-0.169,0.193,-0.099,-0.172,0.131,0.253,0.226,-0.028
0,B1_3,0.18,-0.246,0.062,-0.333,-0.211,0.006,1.0,0.173,-0.1,0.076,-0.132,0.35,0.251,-0.079,-0.012,-0.022
0,A2_1,-0.088,0.058,0.166,-0.074,0.215,0.022,0.173,1.0,0.328,0.225,-0.194,0.231,0.236,-0.315,0.172,0.029
0,A2_2,-0.034,0.006,-0.128,0.088,0.046,-0.169,-0.1,0.328,1.0,0.341,-0.131,0.202,0.013,-0.425,-0.092,-0.228
0,A2_3,0.128,-0.091,0.088,-0.157,-0.157,0.193,0.076,0.225,0.341,1.0,-0.416,0.038,0.336,-0.229,0.314,-0.123
0,B2_1,-0.065,0.118,0.152,0.202,0.199,-0.099,-0.132,-0.194,-0.131,-0.416,1.0,0.061,-0.076,0.387,0.042,0.018
0,B2_2,0.153,-0.092,0.289,0.121,-0.043,-0.172,0.35,0.231,0.202,0.038,0.061,1.0,0.098,-0.513,-0.207,-0.11
0,B2_3,0.318,0.312,0.036,0.018,0.041,0.131,0.251,0.236,0.013,0.336,-0.076,0.098,1.0,-0.335,0.322,-0.035
0,y1,-0.219,-0.088,-0.084,-0.005,-0.042,0.253,-0.079,-0.315,-0.425,-0.229,0.387,-0.513,-0.335,1.0,0.221,0.357
0,y2,0.006,0.317,0.011,-0.262,-0.164,0.226,-0.012,0.172,-0.092,0.314,0.042,-0.207,0.322,0.221,1.0,0.114
0,y3,0.103,-0.041,-0.19,-0.016,0.148,-0.028,-0.022,0.029,-0.228,-0.123,0.018,-0.11,-0.035,0.357,0.114,1.0
1,.,1.0,-0.044,-0.088,-0.177,-0.151,-0.111,0.169,-0.089,-0.034,0.129,-0.069,0.146,0.309,-0.215,0.009,0.102
1,A1_1,-0.044,1.0,-0.042,0.372,0.214,0.154,-0.253,0.06,0.009,-0.088,0.118,-0.096,0.308,-0.088,0.319,-0.041
1,A1_2,-0.088,-0.042,1.0,0.101,0.281,0.107,0.063,0.168,-0.127,0.089,0.153,0.289,0.033,-0.077,0.016,-0.184
1,A1_3,-0.177,0.372,0.101,1.0,0.374,0.223,-0.339,-0.072,0.089,-0.156,0.199,0.116,0.012,-0.004,-0.263,-0.017
1,B1_1,-0.151,0.214,0.281,0.374,1.0,-0.189,-0.211,0.217,0.052,-0.157,0.198,-0.042,0.037,-0.041,-0.164,0.153
1,B1_2,-0.111,0.154,0.107,0.223,-0.189,1.0,0.004,0.019,-0.165,0.191,-0.104,-0.177,0.129,0.257,0.221,-0.025
1,B1_3,0.169,-0.253,0.063,-0.339,-0.211,0.004,1.0,0.171,-0.096,0.074,-0.134,0.348,0.249,-0.078,-0.013,-0.02
1,A2_1,-0.089,0.06,0.168,-0.072,0.217,0.019,0.171,1.0,0.329,0.224,-0.196,0.23,0.233,-0.317,0.169,0.028
1,A2_2,-0.034,0.009,-0.127,0.089,0.052,-0.165,-0.096,0.329,1.0,0.34,-0.127,0.204,0.015,-0.426,-0.092,-0.231
1,A2_3,0.129,-0.088,0.089,-0.156,-0.157,0.191,0.074,0.224,0.34,1.0,-0.42,0.035,0.334,-0.228,0.314,-0.125
1,B2_1,-0.069,0.118,0.153,0.199,0.198,-0.104,-0.134,-0.196,-0.127,-0.42,1.0,0.06,-0.085,0.387,0.039,0.019
1,B2_2,0.146,-0.096,0.289,0.116,-0.042,-0.177,0.348,0.23,0.204,0.035,0.06,1.0,0.093,-0.513,-0.207,-0.107
1,B2_3,0.309,0.308,0.033,0.012,0.037,0.129,0.249,0.233,0.015,0.334,-0.085,0.093,1.0,-0.334,0.324,-0.035
1,y1,-0.215,-0.088,-0.077,-0.004,-0.041,0.257,-0.078,-0.317,-0.426,-0.228,0.387,-0.513,-0.334,1.0,0.216,0.354
1,y2,0.009,0.319,0.016,-0.263,-0.164,0.221,-0.013,0.169,-0.092,0.314,0.039,-0.207,0.324,0.216,1.0,0.106
1,y3,0.102,-0.041,-0.184,-0.017,0.153,-0.025,-0.02,0.028,-0.231,-0.125,0.019,-0.107,-0.035,0.354,0.106,1.0
2,.,1.0,-0.044,-0.098,-0.181,-0.158,-0.118,0.166,-0.085,-0.034,0.132,-0.07,0.139,0.307,-0.211,0.008,0.108
2,A1_1,-0.044,1.0,-0.038,0.376,0.215,0.152,-0.255,0.06,0.011,-0.086,0.116,-0.098,0.307,-0.09,0.318,-0.042
2,A1_2,-0.098,-0.038,1.0,0.106,0.283,0.109,0.062,0.168,-0.129,0.087,0.154,0.286,0.031,-0.071,0.024,-0.178
2,A1_3,-0.181,0.376,0.106,1.0,0.371,0.22,-0.344,-0.071,0.092,-0.153,0.196,0.111,0.007,-0.003,-0.262,-0.019
2,B1_1,-0.158,0.215,0.283,0.371,1.0,-0.191,-0.209,0.218,0.057,-0.155,0.198,-0.042,0.037,-0.04,-0.165,0.154
2,B1_2,-0.118,0.152,0.109,0.22,-0.191,1.0,0.002,0.017,-0.161,0.19,-0.109,-0.182,0.127,0.26,0.222,-0.021
2,B1_3,0.166,-0.255,0.062,-0.344,-0.209,0.002,1.0,0.17,-0.096,0.07,-0.134,0.349,0.25,-0.078,-0.015,-0.017
2,A2_1,-0.085,0.06,0.168,-0.071,0.218,0.017,0.17,1.0,0.329,0.223,-0.197,0.229,0.231,-0.32,0.168,0.028
2,A2_2,-0.034,0.011,-0.129,0.092,0.057,-0.161,-0.096,0.329,1.0,0.34,-0.122,0.205,0.017,-0.428,-0.094,-0.232
2,A2_3,0.132,-0.086,0.087,-0.153,-0.155,0.19,0.07,0.223,0.34,1.0,-0.421,0.031,0.331,-0.228,0.316,-0.125
2,B2_1,-0.07,0.116,0.154,0.196,0.198,-0.109,-0.134,-0.197,-0.122,-0.421,1.0,0.059,-0.089,0.39,0.036,0.021
2,B2_2,0.139,-0.098,0.286,0.111,-0.042,-0.182,0.349,0.229,0.205,0.031,0.059,1.0,0.092,-0.513,-0.209,-0.102
2,B2_3,0.307,0.307,0.031,0.007,0.037,0.127,0.25,0.231,0.017,0.331,-0.089,0.092,1.0,-0.335,0.323,-0.031
2,y1,-0.211,-0.09,-0.071,-0.003,-0.04,0.26,-0.078,-0.32,-0.428,-0.228,0.39,-0.513,-0.335,1.0,0.212,0.351
2,y2,0.008,0.318,0.024,-0.262,-0.165,0.222,-0.015,0.168,-0.094,0.316,0.036,-0.209,0.323,0.212,1.0,0.1
2,y3,0.108,-0.042,-0.178,-0.019,0.154,-0.021,-0.017,0.028,-0.232,-0.125,0.021,-0.102,-0.031,0.351,0.1,1.0
3,.,1.0,-0.046,-0.108,-0.18,-0.165,-0.126,0.159,-0.081,-0.036,0.131,-0.064,0.132,0.301,-0.205,0.016,0.108
3,A1_1,-0.046,1.0,-0.035,0.377,0.215,0.151,-0.258,0.061,0.014,-0.085,0.116,-0.101,0.303,-0.09,0.317,-0.04
3,A1_2,-0.108,-0.035,1.0,0.109,0.286,0.11,0.061,0.171,-0.129,0.086,0.155,0.285,0.031,-0.068,0.029,-0.173
3,A1_3,-0.18,0.377,0.109,1.0,0.371,0.217,-0.346,-0.069,0.095,-0.152,0.194,0.108,0.003,-0.004,-0.263,-0.018
3,B1_1,-0.165,0.215,0.286,0.371,1.0,-0.19,-0.208,0.219,0.061,-0.155,0.199,-0.041,0.038,-0.04,-0.164,0.155
3,B1_2,-0.126,0.151,0.11,0.217,-0.19,1.0,0.001,0.017,-0.157,0.192,-0.11,-0.184,0.125,0.263,0.223,-0.017
3,B1_3,0.159,-0.258,0.061,-0.346,-0.208,0.001,1.0,0.169,-0.095,0.069,-0.135,0.35,0.251,-0.077,-0.017,-0.016
3,A2_1,-0.081,0.061,0.171,-0.069,0.219,0.017,0.169,1.0,0.329,0.222,-0.198,0.227,0.23,-0.319,0.168,0.028
3,A2_2,-0.036,0.014,-0.129,0.095,0.061,-0.157,-0.095,0.329,1.0,0.34,-0.118,0.207,0.019,-0.43,-0.094,-0.232
3,A2_3,0.131,-0.085,0.086,-0.152,-0.155,0.192,0.069,0.222,0.34,1.0,-0.423,0.029,0.329,-0.226,0.317,-0.124
3,B2_1,-0.064,0.116,0.155,0.194,0.199,-0.11,-0.135,-0.198,-0.118,-0.423,1.0,0.059,-0.092,0.391,0.034,0.024
3,B2_2,0.132,-0.101,0.285,0.108,-0.041,-0.184,0.35,0.227,0.207,0.029,0.059,1.0,0.09,-0.512,-0.212,-0.098
3,B2_3,0.301,0.303,0.031,0.003,0.038,0.125,0.251,0.23,0.019,0.329,-0.092,0.09,1.0,-0.332,0.324,-0.029
3,y1,-0.205,-0.09,-0.068,-0.004,-0.04,0.263,-0.077,-0.319,-0.43,-0.226,0.391,-0.512,-0.332,1.0,0.213,0.349
3,y2,0.016,0.317,0.029,-0.263,-0.164,0.223,-0.017,0.168,-0.094,0.317,0.034,-0.212,0.324,0.213,1.0,0.099
3,y3,0.108,-0.04,-0.173,-0.018,0.155,-0.017,-0.016,0.028,-0.232,-0.124,0.024,-0.098,-0.029,0.349,0.099,1.0
4,.,1.0,-0.048,-0.118,-0.179,-0.169,-0.136,0.153,-0.083,-0.038,0.132,-0.062,0.123,0.297,-0.202,0.02,0.107
4,A1_1,-0.048,1.0,-0.033,0.38,0.216,0.151,-0.259,0.064,0.016,-0.085,0.115,-0.103,0.302,-0.09,0.316,-0.041
4,A1_2,-0.118,-0.033,1.0,0.113,0.287,0.11,0.061,0.172,-0.13,0.086,0.156,0.284,0.03,-0.063,0.031,-0.167
4,A1_3,-0.179,0.38,0.113,1.0,0.37,0.216,-0.348,-0.066,0.096,-0.152,0.193,0.104,0.0,-0.004,-0.267,-0.017
4,B1_1,-0.169,0.216,0.287,0.37,1.0,-0.189,-0.206,0.219,0.062,-0.154,0.2,-0.04,0.037,-0.037,-0.165,0.158
4,B1_2,-0.136,0.151,0.11,0.216,-0.189,1.0,-0.0,0.018,-0.152,0.192,-0.109,-0.186,0.124,0.265,0.223,-0.013
4,B1_3,0.153,-0.259,0.061,-0.348,-0.206,-0.0,1.0,0.166,-0.094,0.068,-0.135,0.351,0.252,-0.077,-0.016,-0.013
4,A2_1,-0.083,0.064,0.172,-0.066,0.219,0.018,0.166,1.0,0.329,0.22,-0.199,0.225,0.227,-0.318,0.167,0.029
4,A2_2,-0.038,0.016,-0.13,0.096,0.062,-0.152,-0.094,0.329,1.0,0.339,-0.115,0.208,0.021,-0.432,-0.096,-0.233
4,A2_3,0.132,-0.085,0.086,-0.152,-0.154,0.192,0.068,0.22,0.339,1.0,-0.425,0.025,0.329,-0.227,0.315,-0.124
4,B2_1,-0.062,0.115,0.156,0.193,0.2,-0.109,-0.135,-0.199,-0.115,-0.425,1.0,0.058,-0.095,0.393,0.033,0.028
4,B2_2,0.123,-0.103,0.284,0.104,-0.04,-0.186,0.351,0.225,0.208,0.025,0.058,1.0,0.088,-0.51,-0.213,-0.093
4,B2_3,0.297,0.302,0.03,0.0,0.037,0.124,0.252,0.227,0.021,0.329,-0.095,0.088,1.0,-0.33,0.323,-0.024
4,y1,-0.202,-0.09,-0.063,-0.004,-0.037,0.265,-0.077,-0.318,-0.432,-0.227,0.393,-0.51,-0.33,1.0,0.211,0.346
4,y2,0.02,0.316,0.031,-0.267,-0.165,0.223,-0.016,0.167,-0.096,0.315,0.033,-0.213,0.323,0.211,1.0,0.096
4,y3,0.107,-0.041,-0.167,-0.017,0.158,-0.013,-0.013,0.029,-0.233,-0.124,0.028,-0.093,-0.024,0.346,0.096,1.0
5,.,1.0,-0.05,-0.121,-0.18,-0.176,-0.144,0.151,-0.08,-0.042,0.134,-0.057,0.119,0.291,-0.197,0.026,0.106
5,A1_1,-0.05,1.0,-0.03,0.384,0.216,0.151,-0.261,0.064,0.018,-0.085,0.114,-0.106,0.3,-0.089,0.315,-0.04
5,A1_2,-0.121,-0.03,1.0,0.118,0.288,0.112,0.059,0.171,-0.132,0.086,0.155,0.282,0.029,-0.061,0.035,-0.165
5,A1_3,-0.18,0.384,0.118,1.0,0.369,0.215,-0.349,-0.062,0.098,-0.15,0.191,0.102,-0.001,-0.003,-0.265,-0.018
5,B1_1,-0.176,0.216,0.288,0.369,1.0,-0.187,-0.205,0.221,0.066,-0.153,0.201,-0.041,0.038,-0.036,-0.163,0.161
5,B1_2,-0.144,0.151,0.112,0.215,-0.187,1.0,-0.001,0.017,-0.148,0.192,-0.108,-0.185,0.126,0.266,0.223,-0.011
5,B1_3,0.151,-0.261,0.059,-0.349,-0.205,-0.001,1.0,0.165,-0.091,0.067,-0.133,0.352,0.252,-0.077,-0.019,-0.011
5,A2_1,-0.08,0.064,0.171,-0.062,0.221,0.017,0.165,1.0,0.33,0.22,-0.202,0.224,0.226,-0.318,0.166,0.029
5,A2_2,-0.042,0.018,-0.132,0.098,0.066,-0.148,-0.091,0.33,1.0,0.339,-0.113,0.209,0.022,-0.432,-0.096,-0.237
5,A2_3,0.134,-0.085,0.086,-0.15,-0.153,0.192,0.067,0.22,0.339,1.0,-0.427,0.022,0.328,-0.226,0.315,-0.122
5,B2_1,-0.057,0.114,0.155,0.191,0.201,-0.108,-0.133,-0.202,-0.113,-0.427,1.0,0.057,-0.097,0.395,0.029,0.031
5,B2_2,0.119,-0.106,0.282,0.102,-0.041,-0.185,0.352,0.224,0.209,0.022,0.057,1.0,0.087,-0.51,-0.214,-0.089
5,B2_3,0.291,0.3,0.029,-0.001,0.038,0.126,0.252,0.226,0.022,0.328,-0.097,0.087,1.0,-0.329,0.324,-0.02
5,y1,-0.197,-0.089,-0.061,-0.003,-0.036,0.266,-0.077,-0.318,-0.432,-0.226,0.395,-0.51,-0.329,1.0,0.211,0.343
5,y2,0.026,0.315,0.035,-0.265,-0.163,0.223,-0.019,0.166,-0.096,0.315,0.029,-0.214,0.324,0.211,1.0,0.095
5,y3,0.106,-0.04,-0.165,-0.018,0.161,-0.011,-0.011,0.029,-0.237,-0.122,0.031,-0.089,-0.02,0.343,0.095,1.0
6,.,1.0,-0.055,-0.124,-0.181,-0.183,-0.151,0.151,-0.077,-0.045,0.136,-0.056,0.115,0.286,-0.193,0.031,0.109
6,A1_1,-0.055,1.0,-0.026,0.388,0.217,0.151,-0.262,0.065,0.021,-0.085,0.113,-0.108,0.299,-0.088,0.312,-0.041
6,A1_2,-0.124,-0.026,1.0,0.122,0.288,0.114,0.058,0.171,-0.13,0.086,0.157,0.281,0.028,-0.059,0.037,-0.163
6,A1_3,-0.181,0.388,0.122,1.0,0.368,0.215,-0.35,-0.06,0.1,-0.148,0.19,0.098,-0.002,-0.002,-0.265,-0.019
6,B1_1,-0.183,0.217,0.288,0.368,1.0,-0.185,-0.202,0.221,0.071,-0.151,0.203,-0.042,0.039,-0.036,-0.162,0.163
6,B1_2,-0.151,0.151,0.114,0.215,-0.185,1.0,0.0,0.018,-0.147,0.193,-0.108,-0.185,0.128,0.268,0.223,-0.011
6,B1_3,0.151,-0.262,0.058,-0.35,-0.202,0.0,1.0,0.165,-0.091,0.065,-0.131,0.354,0.252,-0.077,-0.019,-0.009
6,A2_1,-0.077,0.065,0.171,-0.06,0.221,0.018,0.165,1.0,0.331,0.221,-0.204,0.223,0.226,-0.32,0.166,0.03
6,A2_2,-0.045,0.021,-0.13,0.1,0.071,-0.147,-0.091,0.331,1.0,0.338,-0.11,0.211,0.022,-0.435,-0.097,-0.238
6,A2_3,0.136,-0.085,0.086,-0.148,-0.151,0.193,0.065,0.221,0.338,1.0,-0.43,0.02,0.327,-0.228,0.315,-0.122
6,B2_1,-0.056,0.113,0.157,0.19,0.203,-0.108,-0.131,-0.204,-0.11,-0.43,1.0,0.057,-0.099,0.398,0.026,0.033
6,B2_2,0.115,-0.108,0.281,0.098,-0.042,-0.185,0.354,0.223,0.211,0.02,0.057,1.0,0.087,-0.509,-0.214,-0.084
6,B2_3,0.286,0.299,0.028,-0.002,0.039,0.128,0.252,0.226,0.022,0.327,-0.099,0.087,1.0,-0.328,0.327,-0.017
6,y1,-0.193,-0.088,-0.059,-0.002,-0.036,0.268,-0.077,-0.32,-0.435,-0.228,0.398,-0.509,-0.328,1.0,0.208,0.339
6,y2,0.031,0.312,0.037,-0.265,-0.162,0.223,-0.019,0.166,-0.097,0.315,0.026,-0.214,0.327,0.208,1.0,0.093
6,y3,0.109,-0.041,-0.163,-0.019,0.163,-0.011,-0.009,0.03,-0.238,-0.122,0.033,-0.084,-0.017,0.339,0.093,1.0
7,.,1.0,-0.057,-0.129,-0.182,-0.193,-0.155,0.148,-0.077,-0.049,0.136,-0.052,0.113,0.28,-0.187,0.036,0.109
7,A1_1,-0.057,1.0,-0.022,0.39,0.218,0.151,-0.264,0.067,0.024,-0.084,0.113,-0.11,0.298,-0.088,0.311,-0.042
7,A1_2,-0.129,-0.022,1.0,0.126,0.287,0.114,0.056,0.172,-0.13,0.086,0.157,0.281,0.026,-0.059,0.036,-0.162
7,A1_3,-0.182,0.39,0.126,1.0,0.367,0.214,-0.349,-0.057,0.102,-0.144,0.188,0.097,-0.005,-0.002,-0.266,-0.021
7,B1_1,-0.193,0.218,0.287,0.367,1.0,-0.183,-0.201,0.221,0.073,-0.148,0.204,-0.041,0.039,-0.034,-0.162,0.166
7,B1_2,-0.155,0.151,0.114,0.214,-0.183,1.0,0.001,0.018,-0.146,0.192,-0.106,-0.185,0.129,0.27,0.221,-0.012
7,B1_3,0.148,-0.264,0.056,-0.349,-0.201,0.001,1.0,0.163,-0.091,0.063,-0.131,0.356,0.253,-0.076,-0.021,-0.007
7,A2_1,-0.077,0.067,0.172,-0.057,0.221,0.018,0.163,1.0,0.332,0.222,-0.203,0.221,0.226,-0.319,0.165,0.031
7,A2_2,-0.049,0.024,-0.13,0.102,0.073,-0.146,-0.091,0.332,1.0,0.337,-0.107,0.213,0.023,-0.436,-0.101,-0.24
7,A2_3,0.136,-0.084,0.086,-0.144,-0.148,0.192,0.063,0.222,0.337,1.0,-0.43,0.019,0.326,-0.228,0.311,-0.122
7,B2_1,-0.052,0.113,0.157,0.188,0.204,-0.106,-0.131,-0.203,-0.107,-0.43,1.0,0.057,-0.1,0.398,0.027,0.033
7,B2_2,0.113,-0.11,0.281,0.097,-0.041,-0.185,0.356,0.221,0.213,0.019,0.057,1.0,0.087,-0.509,-0.217,-0.081
7,B2_3,0.28,0.298,0.026,-0.005,0.039,0.129,0.253,0.226,0.023,0.326,-0.1,0.087,1.0,-0.325,0.326,-0.014
7,y1,-0.187,-0.088,-0.059,-0.002,-0.034,0.27,-0.076,-0.319,-0.436,-0.228,0.398,-0.509,-0.325,1.0,0.211,0.337
7,y2,0.036,0.311,0.036,-0.266,-0.162,0.221,-0.021,0.165,-0.101,0.311,0.027,-0.217,0.326,0.211,1.0,0.094
7,y3,0.109,-0.042,-0.162,-0.021,0.166,-0.012,-0.007,0.031,-0.24,-0.122,0.033,-0.081,-0.014,0.337,0.094,1.0
8,.,1.0,-0.057,-0.133,-0.185,-0.202,-0.162,0.144,-0.076,-0.054,0.133,-0.049,0.109,0.272,-0.184,0.042,0.108
8,A1_1,-0.057,1.0,-0.018,0.392,0.219,0.15,-0.264,0.069,0.027,-0.085,0.112,-0.111,0.297,-0.09,0.307,-0.043
8,A1_2,-0.133,-0.018,1.0,0.13,0.288,0.116,0.055,0.176,-0.129,0.087,0.156,0.28,0.024,-0.056,0.038,-0.158
8,A1_3,-0.185,0.392,0.13,1.0,0.364,0.214,-0.35,-0.054,0.106,-0.141,0.187,0.095,-0.006,-0.004,-0.266,-0.023
8,B1_1,-0.202,0.219,0.288,0.364,1.0,-0.182,-0.198,0.222,0.076,-0.148,0.205,-0.041,0.041,-0.034,-0.162,0.168
8,B1_2,-0.162,0.15,0.116,0.214,-0.182,1.0,0.001,0.019,-0.144,0.192,-0.105,-0.183,0.13,0.273,0.219,-0.011
8,B1_3,0.144,-0.264,0.055,-0.35,-0.198,0.001,1.0,0.162,-0.09,0.061,-0.129,0.357,0.254,-0.073,-0.022,-0.006
8,A2_1,-0.076,0.069,0.176,-0.054,0.222,0.019,0.162,1.0,0.333,0.222,-0.205,0.221,0.226,-0.319,0.164,0.031
8,A2_2,-0.054,0.027,-0.129,0.106,0.076,-0.144,-0.09,0.333,1.0,0.339,-0.106,0.214,0.024,-0.439,-0.104,-0.242
8,A2_3,0.133,-0.085,0.087,-0.141,-0.148,0.192,0.061,0.222,0.339,1.0,-0.433,0.02,0.323,-0.229,0.308,-0.121
8,B2_1,-0.049,0.112,0.156,0.187,0.205,-0.105,-0.129,-0.205,-0.106,-0.433,1.0,0.057,-0.102,0.4,0.025,0.033
8,B2_2,0.109,-0.111,0.28,0.095,-0.041,-0.183,0.357,0.221,0.214,0.02,0.057,1.0,0.086,-0.507,-0.218,-0.077
8,B2_3,0.272,0.297,0.024,-0.006,0.041,0.13,0.254,0.226,0.024,0.323,-0.102,0.086,1.0,-0.323,0.325,-0.011
8,y1,-0.184,-0.09,-0.056,-0.004,-0.034,0.273,-0.073,-0.319,-0.439,-0.229,0.4,-0.507,-0.323,1.0,0.212,0.332
8,y2,0.042,0.307,0.038,-0.266,-0.162,0.219,-0.022,0.164,-0.104,0.308,0.025,-0.218,0.325,0.212,1.0,0.097
8,y3,0.108,-0.043,-0.158,-0.023,0.168,-0.011,-0.006,0.031,-0.242,-0.121,0.033,-0.077,-0.011,0.332,0.097,1.0
9,.,1.0,-0.057,-0.139,-0.188,-0.213,-0.166,0.14,-0.075,-0.058,0.132,-0.051,0.103,0.264,-0.179,0.045,0.105
9,A1_1,-0.057,1.0,-0.016,0.395,0.22,0.15,-0.264,0.07,0.028,-0.083,0.112,-0.111,0.296,-0.092,0.305,-0.044
9,A1_2,-0.139,-0.016,1.0,0.134,0.288,0.116,0.055,0.178,-0.127,0.085,0.157,0.279,0.024,-0.056,0.038,-0.156
9,A1_3,-0.188,0.395,0.134,1.0,0.363,0.213,-0.351,-0.051,0.108,-0.139,0.187,0.093,-0.008,-0.005,-0.269,-0.026
9,B1_1,-0.213,0.22,0.288,0.363,1.0,-0.18,-0.196,0.222,0.078,-0.147,0.207,-0.04,0.041,-0.034,-0.163,0.168
9,B1_2,-0.166,0.15,0.116,0.213,-0.18,1.0,0.001,0.018,-0.142,0.192,-0.104,-0.182,0.131,0.274,0.216,-0.011
9,B1_3,0.14,-0.264,0.055,-0.351,-0.196,0.001,1.0,0.161,-0.089,0.06,-0.129,0.359,0.254,-0.071,-0.021,-0.003
9,A2_1,-0.075,0.07,0.178,-0.051,0.222,0.018,0.161,1.0,0.334,0.223,-0.205,0.219,0.226,-0.32,0.161,0.032
9,A2_2,-0.058,0.028,-0.127,0.108,0.078,-0.142,-0.089,0.334,1.0,0.339,-0.103,0.215,0.024,-0.44,-0.105,-0.246
9,A2_3,0.132,-0.083,0.085,-0.139,-0.147,0.192,0.06,0.223,0.339,1.0,-0.433,0.019,0.322,-0.229,0.308,-0.12
9,B2_1,-0.051,0.112,0.157,0.187,0.207,-0.104,-0.129,-0.205,-0.103,-0.433,1.0,0.058,-0.103,0.4,0.024,0.036
9,B2_2,0.103,-0.111,0.279,0.093,-0.04,-0.182,0.359,0.219,0.215,0.019,0.058,1.0,0.087,-0.506,-0.218,-0.075
9,B2_3,0.264,0.296,0.024,-0.008,0.041,0.131,0.254,0.226,0.024,0.322,-0.103,0.087,1.0,-0.321,0.324,-0.007
9,y1,-0.179,-0.092,-0.056,-0.005,-0.034,0.274,-0.071,-0.32,-0.44,-0.229,0.4,-0.506,-0.321,1.0,0.214,0.331
9,y2,0.045,0.305,0.038,-0.269,-0.163,0.216,-0.021,0.161,-0.105,0.308,0.024,-0.218,0.324,0.214,1.0,0.099
9,y3,0.105,-0.044,-0.156,-0.026,0.168,-0.011,-0.003,0.032,-0.246,-0.12,0.036,-0.075,-0.007,0.331,0.099,1.0
10,.,1.0,-0.056,-0.143,-0.188,-0.219,-0.172,0.137,-0.075,-0.063,0.131,-0.05,0.097,0.257,-0.175,0.047,0.104
10,A1_1,-0.056,1.0,-0.014,0.398,0.221,0.15,-0.265,0.074,0.032,-0.081,0.112,-0.111,0.295,-0.093,0.302,-0.047
10,A1_2,-0.143,-0.014,1.0,0.138,0.288,0.118,0.055,0.181,-0.125,0.085,0.157,0.279,0.024,-0.054,0.04,-0.156
10,A1_3,-0.188,0.398,0.138,1.0,0.363,0.213,-0.352,-0.047,0.111,-0.137,0.187,0.091,-0.008,-0.007,-0.269,-0.03
10,B1_1,-0.219,0.221,0.288,0.363,1.0,-0.178,-0.195,0.223,0.08,-0.145,0.209,-0.04,0.042,-0.032,-0.162,0.171
10,B1_2,-0.172,0.15,0.118,0.213,-0.178,1.0,0.002,0.019,-0.139,0.192,-0.101,-0.18,0.134,0.273,0.216,-0.011
10,B1_3,0.137,-0.265,0.055,-0.352,-0.195,0.002,1.0,0.16,-0.089,0.06,-0.128,0.36,0.256,-0.072,-0.023,-0.003
10,A2_1,-0.075,0.074,0.181,-0.047,0.223,0.019,0.16,1.0,0.332,0.223,-0.205,0.219,0.224,-0.319,0.161,0.029
10,A2_2,-0.063,0.032,-0.125,0.111,0.08,-0.139,-0.089,0.332,1.0,0.341,-0.1,0.217,0.025,-0.443,-0.106,-0.252
10,A2_3,0.131,-0.081,0.085,-0.137,-0.145,0.192,0.06,0.223,0.341,1.0,-0.435,0.021,0.321,-0.231,0.307,-0.121
10,B2_1,-0.05,0.112,0.157,0.187,0.209,-0.101,-0.128,-0.205,-0.1,-0.435,1.0,0.059,-0.104,0.4,0.02,0.036
10,B2_2,0.097,-0.111,0.279,0.091,-0.04,-0.18,0.36,0.219,0.217,0.021,0.059,1.0,0.088,-0.507,-0.219,-0.073
10,B2_3,0.257,0.295,0.024,-0.008,0.042,0.134,0.256,0.224,0.025,0.321,-0.104,0.088,1.0,-0.322,0.323,-0.007
10,y1,-0.175,-0.093,-0.054,-0.007,-0.032,0.273,-0.072,-0.319,-0.443,-0.231,0.4,-0.507,-0.322,1.0,0.217,0.329
10,y2,0.047,0.302,0.04,-0.269,-0.162,0.216,-0.023,0.161,-0.106,0.307,0.02,-0.219,0.323,0.217,1.0,0.1
10,y3,0.104,-0.047,-0.156,-0.03,0.171,-0.011,-0.003,0.029,-0.252,-0.121,0.036,-0.073,-0.007,0.329,0.1,1.0
11,.,1.0,-0.058,-0.145,-0.194,-0.225,-0.177,0.137,-0.074,-0.064,0.13,-0.049,0.094,0.249,-0.173,0.05,0.099
11,A1_1,-0.058,1.0,-0.011,0.4,0.221,0.15,-0.266,0.076,0.035,-0.08,0.111,-0.113,0.293,-0.094,0.301,-0.047
11,A1_2,-0.145,-0.011,1.0,0.142,0.289,0.118,0.054,0.185,-0.124,0.085,0.156,0.279,0.022,-0.053,0.04,-0.155
11,A1_3,-0.194,0.4,0.142,1.0,0.363,0.212,-0.351,-0.044,0.115,-0.135,0.186,0.09,-0.01,-0.009,-0.271,-0.032
11,B1_1,-0.225,0.221,0.289,0.363,1.0,-0.177,-0.195,0.223,0.082,-0.145,0.21,-0.039,0.043,-0.032,-0.161,0.172
11,B1_2,-0.177,0.15,0.118,0.212,-0.177,1.0,0.003,0.019,-0.138,0.193,-0.1,-0.179,0.135,0.273,0.215,-0.012
11,B1_3,0.137,-0.266,0.054,-0.351,-0.195,0.003,1.0,0.159,-0.089,0.06,-0.128,0.361,0.257,-0.071,-0.022,-0.002
11,A2_1,-0.074,0.076,0.185,-0.044,0.223,0.019,0.159,1.0,0.332,0.224,-0.205,0.218,0.223,-0.319,0.158,0.029
11,A2_2,-0.064,0.035,-0.124,0.115,0.082,-0.138,-0.089,0.332,1.0,0.341,-0.098,0.218,0.026,-0.444,-0.111,-0.252
11,A2_3,0.13,-0.08,0.085,-0.135,-0.145,0.193,0.06,0.224,0.341,1.0,-0.438,0.021,0.32,-0.232,0.305,-0.121
11,B2_1,-0.049,0.111,0.156,0.186,0.21,-0.1,-0.128,-0.205,-0.098,-0.438,1.0,0.059,-0.105,0.401,0.019,0.039
11,B2_2,0.094,-0.113,0.279,0.09,-0.039,-0.179,0.361,0.218,0.218,0.021,0.059,1.0,0.088,-0.505,-0.221,-0.07
11,B2_3,0.249,0.293,0.022,-0.01,0.043,0.135,0.257,0.223,0.026,0.32,-0.105,0.088,1.0,-0.321,0.321,-0.006
11,y1,-0.173,-0.094,-0.053,-0.009,-0.032,0.273,-0.071,-0.319,-0.444,-0.232,0.401,-0.505,-0.321,1.0,0.221,0.327
11,y2,0.05,0.301,0.04,-0.271,-0.161,0.215,-0.022,0.158,-0.111,0.305,0.019,-0.221,0.321,0.221,1.0,0.103
11,y3,0.099,-0.047,-0.155,-0.032,0.172,-0.012,-0.002,0.029,-0.252,-0.121,0.039,-0.07,-0.006,0.327,0.103,1.0
12,.,1.0,-0.059,-0.148,-0.199,-0.233,-0.182,0.135,-0.076,-0.066,0.128,-0.049,0.091,0.241,-0.171,0.052,0.094
12,A1_1,-0.059,1.0,-0.009,0.402,0.222,0.15,-0.266,0.078,0.035,-0.078,0.11,-0.113,0.292,-0.095,0.298,-0.048
12,A1_2,-0.148,-0.009,1.0,0.145,0.289,0.119,0.053,0.186,-0.124,0.086,0.155,0.281,0.021,-0.053,0.039,-0.153
12,A1_3,-0.199,0.402,0.145,1.0,0.363,0.212,-0.353,-0.041,0.117,-0.134,0.184,0.088,-0.011,-0.009,-0.272,-0.032
12,B1_1,-0.233,0.222,0.289,0.363,1.0,-0.175,-0.193,0.223,0.084,-0.144,0.211,-0.039,0.044,-0.029,-0.163,0.173
12,B1_2,-0.182,0.15,0.119,0.212,-0.175,1.0,0.004,0.019,-0.137,0.195,-0.098,-0.178,0.137,0.272,0.213,-0.011
12,B1_3,0.135,-0.266,0.053,-0.353,-0.193,0.004,1.0,0.157,-0.089,0.058,-0.128,0.362,0.258,-0.07,-0.022,-0.001
12,A2_1,-0.076,0.078,0.186,-0.041,0.223,0.019,0.157,1.0,0.331,0.223,-0.205,0.217,0.221,-0.319,0.157,0.028
12,A2_2,-0.066,0.035,-0.124,0.117,0.084,-0.137,-0.089,0.331,1.0,0.339,-0.097,0.218,0.027,-0.445,-0.114,-0.252
12,A2_3,0.128,-0.078,0.086,-0.134,-0.144,0.195,0.058,0.223,0.339,1.0,-0.438,0.019,0.318,-0.231,0.305,-0.121
12,B2_1,-0.049,0.11,0.155,0.184,0.211,-0.098,-0.128,-0.205,-0.097,-0.438,1.0,0.06,-0.106,0.402,0.019,0.04
12,B2_2,0.091,-0.113,0.281,0.088,-0.039,-0.178,0.362,0.217,0.218,0.019,0.06,1.0,0.089,-0.504,-0.22,-0.069
12,B2_3,0.241,0.292,0.021,-0.011,0.044,0.137,0.258,0.221,0.027,0.318,-0.106,0.089,1.0,-0.322,0.319,-0.002
12,y1,-0.171,-0.095,-0.053,-0.009,-0.029,0.272,-0.07,-0.319,-0.445,-0.231,0.402,-0.504,-0.322,1.0,0.222,0.326
12,y2,0.052,0.298,0.039,-0.272,-0.163,0.213,-0.022,0.157,-0.114,0.305,0.019,-0.22,0.319,0.222,1.0,0.102
12,y3,0.094,-0.048,-0.153,-0.032,0.173,-0.011,-0.001,0.028,-0.252,-0.121,0.04,-0.069,-0.002,0.326,0.102,1.0
13,.,1.0,-0.059,-0.151,-0.203,-0.241,-0.186,0.136,-0.075,-0.07,0.13,-0.051,0.089,0.235,-0.171,0.056,0.091
13,A1_1,-0.059,1.0,-0.005,0.405,0.222,0.15,-0.266,0.08,0.038,-0.076,0.109,-0.112,0.292,-0.096,0.295,-0.048
13,A1_2,-0.151,-0.005,1.0,0.148,0.288,0.12,0.052,0.187,-0.125,0.085,0.156,0.282,0.021,-0.051,0.041,-0.153
13,A1_3,-0.203,0.405,0.148,1.0,0.362,0.212,-0.354,-0.037,0.119,-0.132,0.182,0.087,-0.011,-0.009,-0.273,-0.035
13,B1_1,-0.241,0.222,0.288,0.362,1.0,-0.174,-0.191,0.224,0.085,-0.145,0.213,-0.039,0.045,-0.029,-0.163,0.173
13,B1_2,-0.186,0.15,0.12,0.212,-0.174,1.0,0.005,0.02,-0.135,0.194,-0.097,-0.177,0.138,0.272,0.211,-0.012
13,B1_3,0.136,-0.266,0.052,-0.354,-0.191,0.005,1.0,0.154,-0.089,0.058,-0.127,0.362,0.258,-0.069,-0.023,0.001
13,A2_1,-0.075,0.08,0.187,-0.037,0.224,0.02,0.154,1.0,0.332,0.224,-0.207,0.216,0.221,-0.32,0.157,0.028
13,A2_2,-0.07,0.038,-0.125,0.119,0.085,-0.135,-0.089,0.332,1.0,0.339,-0.097,0.219,0.027,-0.446,-0.117,-0.255
13,A2_3,0.13,-0.076,0.085,-0.132,-0.145,0.194,0.058,0.224,0.339,1.0,-0.438,0.02,0.318,-0.23,0.304,-0.12
13,B2_1,-0.051,0.109,0.156,0.182,0.213,-0.097,-0.127,-0.207,-0.097,-0.438,1.0,0.06,-0.106,0.403,0.017,0.039
13,B2_2,0.089,-0.112,0.282,0.087,-0.039,-0.177,0.362,0.216,0.219,0.02,0.06,1.0,0.089,-0.503,-0.22,-0.069
13,B2_3,0.235,0.292,0.021,-0.011,0.045,0.138,0.258,0.221,0.027,0.318,-0.106,0.089,1.0,-0.321,0.318,0.001
13,y1,-0.171,-0.096,-0.051,-0.009,-0.029,0.272,-0.069,-0.32,-0.446,-0.23,0.403,-0.503,-0.321,1.0,0.226,0.324
13,y2,0.056,0.295,0.041,-0.273,-0.163,0.211,-0.023,0.157,-0.117,0.304,0.017,-0.22,0.318,0.226,1.0,0.106
13,y3,0.091,-0.048,-0.153,-0.035,0.173,-0.012,0.001,0.028,-0.255,-0.12,0.039,-0.069,0.001,0.324,0.106,1.0
14,.,1.0,-0.059,-0.154,-0.207,-0.247,-0.19,0.136,-0.076,-0.071,0.131,-0.054,0.089,0.23,-0.169,0.057,0.088
14,A1_1,-0.059,1.0,-0.004,0.405,0.222,0.15,-0.267,0.081,0.04,-0.074,0.108,-0.113,0.291,-0.098,0.294,-0.048
14,A1_2,-0.154,-0.004,1.0,0.151,0.287,0.122,0.052,0.188,-0.125,0.085,0.156,0.281,0.021,-0.051,0.041,-0.152
14,A1_3,-0.207,0.405,0.151,1.0,0.361,0.211,-0.354,-0.035,0.121,-0.129,0.182,0.087,-0.013,-0.011,-0.275,-0.037
14,B1_1,-0.247,0.222,0.287,0.361,1.0,-0.173,-0.191,0.225,0.086,-0.144,0.213,-0.039,0.046,-0.029,-0.163,0.173
14,B1_2,-0.19,0.15,0.122,0.211,-0.173,1.0,0.005,0.019,-0.134,0.196,-0.096,-0.177,0.139,0.27,0.211,-0.014
14,B1_3,0.136,-0.267,0.052,-0.354,-0.191,0.005,1.0,0.152,-0.089,0.056,-0.127,0.363,0.258,-0.069,-0.023,0.001
14,A2_1,-0.076,0.081,0.188,-0.035,0.225,0.019,0.152,1.0,0.333,0.225,-0.207,0.216,0.219,-0.32,0.155,0.025
14,A2_2,-0.071,0.04,-0.125,0.121,0.086,-0.134,-0.089,0.333,1.0,0.339,-0.095,0.22,0.028,-0.445,-0.12,-0.257
14,A2_3,0.131,-0.074,0.085,-0.129,-0.144,0.196,0.056,0.225,0.339,1.0,-0.44,0.019,0.317,-0.231,0.302,-0.123
14,B2_1,-0.054,0.108,0.156,0.182,0.213,-0.096,-0.127,-0.207,-0.095,-0.44,1.0,0.061,-0.107,0.403,0.017,0.041
14,B2_2,0.089,-0.113,0.281,0.087,-0.039,-0.177,0.363,0.216,0.22,0.019,0.061,1.0,0.089,-0.503,-0.22,-0.069
14,B2_3,0.23,0.291,0.021,-0.013,0.046,0.139,0.258,0.219,0.028,0.317,-0.107,0.089,1.0,-0.321,0.316,-0.0
14,y1,-0.169,-0.098,-0.051,-0.011,-0.029,0.27,-0.069,-0.32,-0.445,-0.231,0.403,-0.503,-0.321,1.0,0.228,0.324
14,y2,0.057,0.294,0.041,-0.275,-0.163,0.211,-0.023,0.155,-0.12,0.302,0.017,-0.22,0.316,0.228,1.0,0.109
14,y3,0.088,-0.048,-0.152,-0.037,0.173,-0.014,0.001,0.025,-0.257,-0.123,0.041,-0.069,-0.0,0.324,0.109,1.0
15,.,1.0,-0.059,-0.156,-0.209,-0.248,-0.194,0.135,-0.076,-0.071,0.129,-0.052,0.086,0.229,-0.169,0.059,0.085
15,A1_1,-0.059,1.0,-0.001,0.407,0.223,0.151,-0.268,0.082,0.04,-0.072,0.108,-0.114,0.29,-0.098,0.293,-0.049
15,A1_2,-0.156,-0.001,1.0,0.153,0.288,0.123,0.05,0.19,-0.125,0.086,0.156,0.282,0.02,-0.051,0.04,-0.153
15,A1_3,-0.209,0.407,0.153,1.0,0.36,0.211,-0.354,-0.033,0.122,-0.127,0.182,0.087,-0.014,-0.013,-0.276,-0.039
15,B1_1,-0.248,0.223,0.288,0.36,1.0,-0.172,-0.189,0.224,0.085,-0.144,0.214,-0.038,0.047,-0.029,-0.163,0.174
15,B1_2,-0.194,0.151,0.123,0.211,-0.172,1.0,0.006,0.019,-0.134,0.197,-0.096,-0.176,0.139,0.269,0.209,-0.015
15,B1_3,0.135,-0.268,0.05,-0.354,-0.189,0.006,1.0,0.152,-0.088,0.056,-0.126,0.364,0.259,-0.067,-0.024,0.001
15,A2_1,-0.076,0.082,0.19,-0.033,0.224,0.019,0.152,1.0,0.333,0.225,-0.207,0.216,0.219,-0.321,0.152,0.022
15,A2_2,-0.071,0.04,-0.125,0.122,0.085,-0.134,-0.088,0.333,1.0,0.338,-0.096,0.22,0.028,-0.446,-0.122,-0.258
15,A2_3,0.129,-0.072,0.086,-0.127,-0.144,0.197,0.056,0.225,0.338,1.0,-0.44,0.02,0.317,-0.23,0.3,-0.122
15,B2_1,-0.052,0.108,0.156,0.182,0.214,-0.096,-0.126,-0.207,-0.096,-0.44,1.0,0.061,-0.107,0.404,0.016,0.04
15,B2_2,0.086,-0.114,0.282,0.087,-0.038,-0.176,0.364,0.216,0.22,0.02,0.061,1.0,0.09,-0.502,-0.221,-0.069
15,B2_3,0.229,0.29,0.02,-0.014,0.047,0.139,0.259,0.219,0.028,0.317,-0.107,0.09,1.0,-0.32,0.315,0.0
15,y1,-0.169,-0.098,-0.051,-0.013,-0.029,0.269,-0.067,-0.321,-0.446,-0.23,0.404,-0.502,-0.32,1.0,0.231,0.326
15,y2,0.059,0.293,0.04,-0.276,-0.163,0.209,-0.024,0.152,-0.122,0.3,0.016,-0.221,0.315,0.231,1.0,0.109
15,y3,0.085,-0.049,-0.153,-0.039,0.174,-0.015,0.001,0.022,-0.258,-0.122,0.04,-0.069,0.0,0.326,0.109,1.0
16,.,1.0,-0.06,-0.156,-0.211,-0.248,-0.196,0.135,-0.076,-0.074,0.129,-0.052,0.086,0.227,-0.168,0.059,0.085
16,A1_1,-0.06,1.0,0.002,0.409,0.223,0.15,-0.269,0.083,0.042,-0.071,0.108,-0.114,0.289,-0.1,0.292,-0.051
16,A1_2,-0.156,0.002,1.0,0.155,0.288,0.123,0.049,0.192,-0.126,0.088,0.157,0.282,0.02,-0.05,0.038,-0.152
16,A1_3,-0.211,0.409,0.155,1.0,0.359,0.211,-0.354,-0.033,0.124,-0.126,0.183,0.086,-0.014,-0.015,-0.277,-0.04
16,B1_1,-0.248,0.223,0.288,0.359,1.0,-0.172,-0.189,0.225,0.086,-0.143,0.214,-0.038,0.047,-0.03,-0.163,0.174
16,B1_2,-0.196,0.15,0.123,0.211,-0.172,1.0,0.006,0.019,-0.134,0.197,-0.095,-0.176,0.139,0.269,0.209,-0.016
16,B1_3,0.135,-0.269,0.049,-0.354,-0.189,0.006,1.0,0.15,-0.089,0.055,-0.126,0.364,0.259,-0.066,-0.025,0.001
16,A2_1,-0.076,0.083,0.192,-0.033,0.225,0.019,0.15,1.0,0.333,0.227,-0.207,0.216,0.218,-0.321,0.152,0.021
16,A2_2,-0.074,0.042,-0.126,0.124,0.086,-0.134,-0.089,0.333,1.0,0.339,-0.095,0.22,0.028,-0.447,-0.125,-0.26
16,A2_3,0.129,-0.071,0.088,-0.126,-0.143,0.197,0.055,0.227,0.339,1.0,-0.44,0.02,0.316,-0.231,0.298,-0.123
16,B2_1,-0.052,0.108,0.157,0.183,0.214,-0.095,-0.126,-0.207,-0.095,-0.44,1.0,0.062,-0.107,0.402,0.014,0.041
16,B2_2,0.086,-0.114,0.282,0.086,-0.038,-0.176,0.364,0.216,0.22,0.02,0.062,1.0,0.09,-0.502,-0.223,-0.069
16,B2_3,0.227,0.289,0.02,-0.014,0.047,0.139,0.259,0.218,0.028,0.316,-0.107,0.09,1.0,-0.319,0.312,-0.0
16,y1,-0.168,-0.1,-0.05,-0.015,-0.03,0.269,-0.066,-0.321,-0.447,-0.231,0.402,-0.502,-0.319,1.0,0.233,0.327
16,y2,0.059,0.292,0.038,-0.277,-0.163,0.209,-0.025,0.152,-0.125,0.298,0.014,-0.223,0.312,0.233,1.0,0.111
16,y3,0.085,-0.051,-0.152,-0.04,0.174,-0.016,0.001,0.021,-0.26,-0.123,0.041,-0.069,-0.0,0.327,0.111,1.0
17,.,1.0,-0.063,-0.155,-0.215,-0.252,-0.199,0.138,-0.077,-0.075,0.13,-0.054,0.085,0.224,-0.168,0.061,0.084
17,A1_1,-0.063,1.0,0.001,0.409,0.223,0.15,-0.269,0.084,0.042,-0.07,0.108,-0.114,0.288,-0.101,0.292,-0.05
17,A1_2,-0.155,0.001,1.0,0.155,0.289,0.123,0.049,0.194,-0.125,0.088,0.157,0.283,0.019,-0.05,0.038,-0.153
17,A1_3,-0.215,0.409,0.155,1.0,0.358,0.212,-0.354,-0.032,0.124,-0.124,0.183,0.086,-0.014,-0.015,-0.277,-0.039
17,B1_1,-0.252,0.223,0.289,0.358,1.0,-0.172,-0.189,0.226,0.086,-0.142,0.215,-0.037,0.047,-0.03,-0.162,0.174
17,B1_2,-0.199,0.15,0.123,0.212,-0.172,1.0,0.006,0.019,-0.134,0.197,-0.095,-0.175,0.14,0.27,0.209,-0.015
17,B1_3,0.138,-0.269,0.049,-0.354,-0.189,0.006,1.0,0.15,-0.089,0.054,-0.126,0.364,0.259,-0.065,-0.025,0.0
17,A2_1,-0.077,0.084,0.194,-0.032,0.226,0.019,0.15,1.0,0.333,0.228,-0.207,0.215,0.218,-0.322,0.151,0.02
17,A2_2,-0.075,0.042,-0.125,0.124,0.086,-0.134,-0.089,0.333,1.0,0.339,-0.094,0.221,0.026,-0.448,-0.127,-0.262
17,A2_3,0.13,-0.07,0.088,-0.124,-0.142,0.197,0.054,0.228,0.339,1.0,-0.441,0.021,0.316,-0.232,0.295,-0.124
17,B2_1,-0.054,0.108,0.157,0.183,0.215,-0.095,-0.126,-0.207,-0.094,-0.441,1.0,0.062,-0.108,0.402,0.015,0.04
17,B2_2,0.085,-0.114,0.283,0.086,-0.037,-0.175,0.364,0.215,0.221,0.021,0.062,1.0,0.09,-0.501,-0.224,-0.068
17,B2_3,0.224,0.288,0.019,-0.014,0.047,0.14,0.259,0.218,0.026,0.316,-0.108,0.09,1.0,-0.319,0.312,-0.0
17,y1,-0.168,-0.101,-0.05,-0.015,-0.03,0.27,-0.065,-0.322,-0.448,-0.232,0.402,-0.501,-0.319,1.0,0.235,0.327
17,y2,0.061,0.292,0.038,-0.277,-0.162,0.209,-0.025,0.151,-0.127,0.295,0.015,-0.224,0.312,0.235,1.0,0.112
17,y3,0.084,-0.05,-0.153,-0.039,0.174,-0.015,0.0,0.02,-0.262,-0.124,0.04,-0.068,-0.0,0.327,0.112,1.0
18,.,1.0,-0.064,-0.156,-0.219,-0.254,-0.201,0.139,-0.075,-0.077,0.131,-0.056,0.084,0.224,-0.169,0.062,0.082
18,A1_1,-0.064,1.0,0.003,0.41,0.224,0.15,-0.269,0.085,0.044,-0.069,0.108,-0.114,0.288,-0.101,0.29,-0.05
18,A1_2,-0.156,0.003,1.0,0.158,0.29,0.124,0.048,0.195,-0.126,0.087,0.158,0.282,0.019,-0.049,0.037,-0.152
18,A1_3,-0.219,0.41,0.158,1.0,0.358,0.212,-0.354,-0.032,0.125,-0.122,0.183,0.086,-0.015,-0.015,-0.277,-0.041
18,B1_1,-0.254,0.224,0.29,0.358,1.0,-0.172,-0.189,0.227,0.087,-0.142,0.215,-0.037,0.047,-0.03,-0.163,0.175
18,B1_2,-0.201,0.15,0.124,0.212,-0.172,1.0,0.007,0.018,-0.133,0.198,-0.094,-0.175,0.14,0.27,0.209,-0.016
18,B1_3,0.139,-0.269,0.048,-0.354,-0.189,0.007,1.0,0.149,-0.089,0.053,-0.126,0.365,0.259,-0.065,-0.027,0.001
18,A2_1,-0.075,0.085,0.195,-0.032,0.227,0.018,0.149,1.0,0.334,0.23,-0.206,0.216,0.217,-0.323,0.15,0.018
18,A2_2,-0.077,0.044,-0.126,0.125,0.087,-0.133,-0.089,0.334,1.0,0.339,-0.093,0.221,0.026,-0.447,-0.128,-0.263
18,A2_3,0.131,-0.069,0.087,-0.122,-0.142,0.198,0.053,0.23,0.339,1.0,-0.441,0.021,0.315,-0.233,0.294,-0.124
18,B2_1,-0.056,0.108,0.158,0.183,0.215,-0.094,-0.126,-0.206,-0.093,-0.441,1.0,0.063,-0.108,0.402,0.014,0.04
18,B2_2,0.084,-0.114,0.282,0.086,-0.037,-0.175,0.365,0.216,0.221,0.021,0.063,1.0,0.091,-0.5,-0.226,-0.069
18,B2_3,0.224,0.288,0.019,-0.015,0.047,0.14,0.259,0.217,0.026,0.315,-0.108,0.091,1.0,-0.318,0.312,-0.001
18,y1,-0.169,-0.101,-0.049,-0.015,-0.03,0.27,-0.065,-0.323,-0.447,-0.233,0.402,-0.5,-0.318,1.0,0.237,0.329
18,y2,0.062,0.29,0.037,-0.277,-0.163,0.209,-0.027,0.15,-0.128,0.294,0.014,-0.226,0.312,0.237,1.0,0.114
18,y3,0.082,-0.05,-0.152,-0.041,0.175,-0.016,0.001,0.018,-0.263,-0.124,0.04,-0.069,-0.001,0.329,0.114,1.0
19,.,1.0,-0.065,-0.156,-0.22,-0.255,-0.201,0.139,-0.074,-0.079,0.132,-0.056,0.082,0.222,-0.168,0.062,0.079
19,A1_1,-0.065,1.0,0.004,0.412,0.225,0.15,-0.27,0.086,0.046,-0.068,0.107,-0.113,0.287,-0.103,0.29,-0.051
19,A1_2,-0.156,0.004,1.0,0.157,0.29,0.124,0.048,0.196,-0.125,0.086,0.159,0.282,0.019,-0.048,0.038,-0.151
19,A1_3,-0.22,0.412,0.157,1.0,0.357,0.212,-0.355,-0.031,0.128,-0.121,0.183,0.086,-0.015,-0.017,-0.276,-0.043
19,B1_1,-0.255,0.225,0.29,0.357,1.0,-0.172,-0.188,0.228,0.088,-0.141,0.215,-0.037,0.048,-0.031,-0.162,0.175
19,B1_2,-0.201,0.15,0.124,0.212,-0.172,1.0,0.007,0.017,-0.133,0.198,-0.094,-0.175,0.14,0.27,0.208,-0.017
19,B1_3,0.139,-0.27,0.048,-0.355,-0.188,0.007,1.0,0.149,-0.091,0.052,-0.126,0.365,0.259,-0.063,-0.029,0.0
19,A2_1,-0.074,0.086,0.196,-0.031,0.228,0.017,0.149,1.0,0.335,0.23,-0.207,0.215,0.218,-0.323,0.15,0.018
19,A2_2,-0.079,0.046,-0.125,0.128,0.088,-0.133,-0.091,0.335,1.0,0.339,-0.093,0.221,0.026,-0.448,-0.129,-0.264
19,A2_3,0.132,-0.068,0.086,-0.121,-0.141,0.198,0.052,0.23,0.339,1.0,-0.441,0.021,0.315,-0.233,0.292,-0.122
19,B2_1,-0.056,0.107,0.159,0.183,0.215,-0.094,-0.126,-0.207,-0.093,-0.441,1.0,0.063,-0.108,0.402,0.015,0.038
19,B2_2,0.082,-0.113,0.282,0.086,-0.037,-0.175,0.365,0.215,0.221,0.021,0.063,1.0,0.091,-0.5,-0.226,-0.069
19,B2_3,0.222,0.287,0.019,-0.015,0.048,0.14,0.259,0.218,0.026,0.315,-0.108,0.091,1.0,-0.317,0.309,-0.001
19,y1,-0.168,-0.103,-0.048,-0.017,-0.031,0.27,-0.063,-0.323,-0.448,-0.233,0.402,-0.5,-0.317,1.0,0.239,0.329
19,y2,0.062,0.29,0.038,-0.276,-0.162,0.208,-0.029,0.15,-0.129,0.292,0.015,-0.226,0.309,0.239,1.0,0.116
19,y3,0.079,-0.051,-0.151,-0.043,0.175,-0.017,0.0,0.018,-0.264,-0.122,0.038,-0.069,-0.001,0.329,0.116,1.0
20,.,1.0,-0.064,-0.156,-0.22,-0.257,-0.202,0.137,-0.076,-0.08,0.132,-0.055,0.083,0.219,-0.169,0.062,0.078
20,A1_1,-0.064,1.0,0.005,0.414,0.225,0.151,-0.27,0.087,0.048,-0.067,0.107,-0.113,0.286,-0.104,0.289,-0.05
20,A1_2,-0.156,0.005,1.0,0.157,0.29,0.125,0.048,0.198,-0.124,0.087,0.159,0.284,0.02,-0.048,0.037,-0.151
20,A1_3,-0.22,0.414,0.157,1.0,0.357,0.212,-0.355,-0.03,0.129,-0.12,0.182,0.085,-0.015,-0.018,-0.277,-0.043
20,B1_1,-0.257,0.225,0.29,0.357,1.0,-0.171,-0.188,0.228,0.088,-0.141,0.215,-0.037,0.048,-0.032,-0.162,0.174
20,B1_2,-0.202,0.151,0.125,0.212,-0.171,1.0,0.007,0.017,-0.133,0.197,-0.094,-0.175,0.14,0.271,0.207,-0.017
20,B1_3,0.137,-0.27,0.048,-0.355,-0.188,0.007,1.0,0.148,-0.091,0.052,-0.126,0.365,0.259,-0.062,-0.03,-0.001
20,A2_1,-0.076,0.087,0.198,-0.03,0.228,0.017,0.148,1.0,0.336,0.231,-0.207,0.215,0.218,-0.323,0.149,0.017
20,A2_2,-0.08,0.048,-0.124,0.129,0.088,-0.133,-0.091,0.336,1.0,0.341,-0.093,0.221,0.026,-0.448,-0.131,-0.265
20,A2_3,0.132,-0.067,0.087,-0.12,-0.141,0.197,0.052,0.231,0.341,1.0,-0.441,0.022,0.314,-0.233,0.291,-0.122
20,B2_1,-0.055,0.107,0.159,0.182,0.215,-0.094,-0.126,-0.207,-0.093,-0.441,1.0,0.063,-0.108,0.401,0.014,0.037
20,B2_2,0.083,-0.113,0.284,0.085,-0.037,-0.175,0.365,0.215,0.221,0.022,0.063,1.0,0.091,-0.5,-0.228,-0.071
20,B2_3,0.219,0.286,0.02,-0.015,0.048,0.14,0.259,0.218,0.026,0.314,-0.108,0.091,1.0,-0.316,0.308,-0.0
20,y1,-0.169,-0.104,-0.048,-0.018,-0.032,0.271,-0.062,-0.323,-0.448,-0.233,0.401,-0.5,-0.316,1.0,0.241,0.33
20,y2,0.062,0.289,0.037,-0.277,-0.162,0.207,-0.03,0.149,-0.131,0.291,0.014,-0.228,0.308,0.241,1.0,0.119
20,y3,0.078,-0.05,-0.151,-0.043,0.174,-0.017,-0.001,0.017,-0.265,-0.122,0.037,-0.071,-0.0,0.33,0.119,1.0
21,.,1.0,-0.065,-0.157,-0.221,-0.259,-0.204,0.136,-0.076,-0.08,0.132,-0.056,0.082,0.217,-0.169,0.061,0.077
21,A1_1,-0.065,1.0,0.005,0.415,0.226,0.15,-0.271,0.088,0.05,-0.068,0.107,-0.113,0.285,-0.105,0.288,-0.049
21,A1_2,-0.157,0.005,1.0,0.158,0.291,0.124,0.049,0.2,-0.123,0.086,0.159,0.285,0.02,-0.049,0.036,-0.152
21,A1_3,-0.221,0.415,0.158,1.0,0.356,0.212,-0.354,-0.029,0.13,-0.119,0.182,0.086,-0.015,-0.018,-0.277,-0.043
21,B1_1,-0.259,0.226,0.291,0.356,1.0,-0.171,-0.188,0.229,0.088,-0.142,0.216,-0.037,0.048,-0.032,-0.163,0.174
21,B1_2,-0.204,0.15,0.124,0.212,-0.171,1.0,0.007,0.017,-0.132,0.198,-0.094,-0.174,0.14,0.27,0.207,-0.017
21,B1_3,0.136,-0.271,0.049,-0.354,-0.188,0.007,1.0,0.147,-0.091,0.052,-0.126,0.365,0.259,-0.061,-0.03,-0.002
21,A2_1,-0.076,0.088,0.2,-0.029,0.229,0.017,0.147,1.0,0.336,0.231,-0.206,0.214,0.218,-0.323,0.149,0.016
21,A2_2,-0.08,0.05,-0.123,0.13,0.088,-0.132,-0.091,0.336,1.0,0.342,-0.093,0.221,0.026,-0.448,-0.134,-0.267
21,A2_3,0.132,-0.068,0.086,-0.119,-0.142,0.198,0.052,0.231,0.342,1.0,-0.441,0.022,0.314,-0.233,0.289,-0.123
21,B2_1,-0.056,0.107,0.159,0.182,0.216,-0.094,-0.126,-0.206,-0.093,-0.441,1.0,0.063,-0.108,0.401,0.013,0.036
21,B2_2,0.082,-0.113,0.285,0.086,-0.037,-0.174,0.365,0.214,0.221,0.022,0.063,1.0,0.091,-0.499,-0.228,-0.072
21,B2_3,0.217,0.285,0.02,-0.015,0.048,0.14,0.259,0.218,0.026,0.314,-0.108,0.091,1.0,-0.315,0.308,-0.001
21,y1,-0.169,-0.105,-0.049,-0.018,-0.032,0.27,-0.061,-0.323,-0.448,-0.233,0.401,-0.499,-0.315,1.0,0.241,0.33
21,y2,0.061,0.288,0.036,-0.277,-0.163,0.207,-0.03,0.149,-0.134,0.289,0.013,-0.228,0.308,0.241,1.0,0.121
21,y3,0.077,-0.049,-0.152,-0.043,0.174,-0.017,-0.002,0.016,-0.267,-0.123,0.036,-0.072,-0.001,0.33,0.121,1.0
22,.,1.0,-0.067,-0.158,-0.221,-0.259,-0.207,0.136,-0.078,-0.078,0.133,-0.058,0.083,0.215,-0.17,0.06,0.078
22,A1_1,-0.067,1.0,0.005,0.415,0.225,0.15,-0.271,0.089,0.05,-0.067,0.107,-0.113,0.285,-0.106,0.287,-0.049
22,A1_2,-0.158,0.005,1.0,0.158,0.29,0.125,0.049,0.202,-0.123,0.087,0.159,0.285,0.02,-0.048,0.037,-0.152
22,A1_3,-0.221,0.415,0.158,1.0,0.356,0.212,-0.355,-0.028,0.131,-0.119,0.182,0.086,-0.016,-0.02,-0.278,-0.043
22,B1_1,-0.259,0.225,0.29,0.356,1.0,-0.171,-0.187,0.229,0.088,-0.141,0.216,-0.036,0.048,-0.033,-0.162,0.174
22,B1_2,-0.207,0.15,0.125,0.212,-0.171,1.0,0.007,0.016,-0.132,0.198,-0.093,-0.174,0.141,0.271,0.206,-0.017
22,B1_3,0.136,-0.271,0.049,-0.355,-0.187,0.007,1.0,0.147,-0.092,0.052,-0.126,0.365,0.259,-0.061,-0.031,-0.002
22,A2_1,-0.078,0.089,0.202,-0.028,0.229,0.016,0.147,1.0,0.336,0.232,-0.206,0.215,0.218,-0.322,0.149,0.015
22,A2_2,-0.078,0.05,-0.123,0.131,0.088,-0.132,-0.092,0.336,1.0,0.342,-0.093,0.221,0.026,-0.448,-0.135,-0.268
22,A2_3,0.133,-0.067,0.087,-0.119,-0.141,0.198,0.052,0.232,0.342,1.0,-0.442,0.023,0.314,-0.234,0.287,-0.122
22,B2_1,-0.058,0.107,0.159,0.182,0.216,-0.093,-0.126,-0.206,-0.093,-0.442,1.0,0.063,-0.108,0.4,0.014,0.036
22,B2_2,0.083,-0.113,0.285,0.086,-0.036,-0.174,0.365,0.215,0.221,0.023,0.063,1.0,0.091,-0.499,-0.23,-0.072
22,B2_3,0.215,0.285,0.02,-0.016,0.048,0.141,0.259,0.218,0.026,0.314,-0.108,0.091,1.0,-0.315,0.307,-0.0
22,y1,-0.17,-0.106,-0.048,-0.02,-0.033,0.271,-0.061,-0.322,-0.448,-0.234,0.4,-0.499,-0.315,1.0,0.244,0.331
22,y2,0.06,0.287,0.037,-0.278,-0.162,0.206,-0.031,0.149,-0.135,0.287,0.014,-0.23,0.307,0.244,1.0,0.123
22,y3,0.078,-0.049,-0.152,-0.043,0.174,-0.017,-0.002,0.015,-0.268,-0.122,0.036,-0.072,-0.0,0.331,0.123,1.0
23,.,1.0,-0.066,-0.157,-0.222,-0.259,-0.206,0.134,-0.077,-0.079,0.132,-0.056,0.083,0.214,-0.17,0.06,0.077
23,A1_1,-0.066,1.0,0.006,0.416,0.224,0.15,-0.272,0.09,0.051,-0.067,0.107,-0.113,0.284,-0.106,0.288,-0.05
23,A1_2,-0.157,0.006,1.0,0.159,0.29,0.126,0.049,0.203,-0.123,0.087,0.159,0.285,0.02,-0.049,0.037,-0.151
23,A1_3,-0.222,0.416,0.159,1.0,0.356,0.213,-0.355,-0.027,0.132,-0.118,0.181,0.086,-0.016,-0.021,-0.278,-0.044
23,B1_1,-0.259,0.224,0.29,0.356,1.0,-0.171,-0.187,0.229,0.088,-0.142,0.216,-0.036,0.048,-0.033,-0.162,0.174
23,B1_2,-0.206,0.15,0.126,0.213,-0.171,1.0,0.008,0.016,-0.132,0.198,-0.093,-0.174,0.141,0.271,0.206,-0.017
23,B1_3,0.134,-0.272,0.049,-0.355,-0.187,0.008,1.0,0.147,-0.091,0.052,-0.126,0.366,0.26,-0.06,-0.033,-0.001
