,,.,A1_1,A1_2,A1_3,B1_1,B1_2,B1_3,A2_1,A2_2,A2_3,B2_1,B2_2,B2_3,y1,y2,y3
0,.,1.0,0.571,0.601,0.497,0.545,0.56,0.433,0.478,0.496,0.337,0.486,0.604,0.625,0.564,0.652,0.5
0,A1_1,0.571,1.0,0.377,0.729,0.128,0.307,-0.023,0.185,0.25,-0.012,0.529,0.58,0.588,0.282,0.477,0.487
0,A1_2,0.601,0.377,1.0,0.598,0.559,0.281,0.223,0.431,0.163,0.021,0.617,0.733,0.732,0.391,0.383,0.42
0,A1_3,0.497,0.729,0.598,1.0,0.305,0.412,0.042,0.245,0.217,0.038,0.617,0.703,0.594,0.433,0.441,0.706
0,B1_1,0.545,0.128,0.559,0.305,1.0,0.688,0.623,0.646,0.614,0.533,0.161,0.367,0.497,0.453,0.512,0.362
0,B1_2,0.56,0.307,0.281,0.412,0.688,1.0,0.673,0.486,0.532,0.649,0.214,0.466,0.456,0.497,0.648,0.493
0,B1_3,0.433,-0.023,0.223,0.042,0.623,0.673,1.0,0.713,0.593,0.841,-0.238,0.136,0.021,0.358,0.383,0.173
0,A2_1,0.478,0.185,0.431,0.245,0.646,0.486,0.713,1.0,0.767,0.61,-0.188,0.189,0.133,0.299,0.347,0.255
0,A2_2,0.496,0.25,0.163,0.217,0.614,0.532,0.593,0.767,1.0,0.688,-0.257,0.016,0.063,0.325,0.393,0.22
0,A2_3,0.337,-0.012,0.021,0.038,0.533,0.649,0.841,0.61,0.688,1.0,-0.356,-0.025,-0.042,0.356,0.411,0.269
0,B2_1,0.486,0.529,0.617,0.617,0.161,0.214,-0.238,-0.188,-0.257,-0.356,1.0,0.765,0.826,0.419,0.432,0.539
0,B2_2,0.604,0.58,0.733,0.703,0.367,0.466,0.136,0.189,0.016,-0.025,0.765,1.0,0.79,0.351,0.448,0.522
0,B2_3,0.625,0.588,0.732,0.594,0.497,0.456,0.021,0.133,0.063,-0.042,0.826,0.79,1.0,0.412,0.565,0.555
0,y1,0.564,0.282,0.391,0.433,0.453,0.497,0.358,0.299,0.325,0.356,0.419,0.351,0.412,1.0,0.774,0.703
0,y2,0.652,0.477,0.383,0.441,0.512,0.648,0.383,0.347,0.393,0.411,0.432,0.448,0.565,0.774,1.0,0.747
0,y3,0.5,0.487,0.42,0.706,0.362,0.493,0.173,0.255,0.22,0.269,0.539,0.522,0.555,0.703,0.747,1.0
1,.,1.0,0.333,0.626,0.069,0.23,0.391,0.553,0.501,0.102,0.182,0.443,0.415,0.449,0.245,0.116,0.174
1,A1_1,0.333,1.0,0.212,0.664,0.233,0.171,0.053,0.127,0.283,0.098,0.446,0.379,0.653,0.235,0.518,0.431
1,A1_2,0.626,0.212,1.0,0.252,0.321,0.304,0.528,0.802,0.442,0.522,0.071,0.205,0.246,0.338,0.072,0.284
1,A1_3,0.069,0.664,0.252,1.0,0.362,0.177,0.014,0.107,0.288,0.113,0.285,0.209,0.389,0.342,0.511,0.488
1,B1_1,0.23,0.233,0.321,0.362,1.0,0.699,0.379,0.052,0.092,0.221,0.37,0.322,0.397,0.468,0.398,0.473
1,B1_2,0.391,0.171,0.304,0.177,0.699,1.0,0.611,0.245,0.168,0.353,0.345,0.326,0.365,0.367,0.403,0.297
1,B1_3,0.553,0.053,0.528,0.014,0.379,0.611,1.0,0.349,-0.157,0.11,0.471,0.583,0.376,0.41,0.115,0.17
1,A2_1,0.501,0.127,0.802,0.107,0.052,0.245,0.349,1.0,0.568,0.533,-0.135,0.037,0.162,0.076,-0.023,0.179
1,A2_2,0.102,0.283,0.442,0.288,0.092,0.168,-0.157,0.568,1.0,0.799,-0.331,-0.281,0.025,0.157,0.214,0.268
1,A2_3,0.182,0.098,0.522,0.113,0.221,0.353,0.11,0.533,0.799,1.0,-0.372,-0.258,0.016,0.181,0.211,0.283
1,B2_1,0.443,0.446,0.071,0.285,0.37,0.345,0.471,-0.135,-0.331,-0.372,1.0,0.849,0.73,0.485,0.426,0.435
1,B2_2,0.415,0.379,0.205,0.209,0.322,0.326,0.583,0.037,-0.281,-0.258,0.849,1.0,0.687,0.385,0.32,0.358
1,B2_3,0.449,0.653,0.246,0.389,0.397,0.365,0.376,0.162,0.025,0.016,0.73,0.687,1.0,0.406,0.576,0.539
1,y1,0.245,0.235,0.338,0.342,0.468,0.367,0.41,0.076,0.157,0.181,0.485,0.385,0.406,1.0,0.649,0.768
1,y2,0.116,0.518,0.072,0.511,0.398,0.403,0.115,-0.023,0.214,0.211,0.426,0.32,0.576,0.649,1.0,0.797
1,y3,0.174,0.431,0.284,0.488,0.473,0.297,0.17,0.179,0.268,0.283,0.435,0.358,0.539,0.768,0.797,1.0
2,.,1.0,0.491,0.41,0.483,0.435,0.298,0.546,0.182,-0.015,0.433,0.493,0.457,0.53,0.356,0.389,0.194
2,A1_1,0.491,1.0,0.237,0.647,0.539,0.184,0.251,0.19,0.324,0.131,0.401,0.532,0.603,0.283,0.408,0.52
2,A1_2,0.41,0.237,1.0,0.176,0.56,0.485,0.756,0.352,0.539,0.371,0.543,0.311,0.091,0.52,0.542,0.302
2,A1_3,0.483,0.647,0.176,1.0,0.31,0.233,0.228,0.395,0.336,0.564,0.132,0.358,0.343,0.204,0.301,0.392
2,B1_1,0.435,0.539,0.56,0.31,1.0,0.656,0.599,0.077,0.148,0.078,0.806,0.699,0.495,0.608,0.659,0.531
2,B1_2,0.298,0.184,0.485,0.233,0.656,1.0,0.696,0.275,0.247,0.397,0.543,0.479,0.324,0.377,0.629,0.251
2,B1_3,0.546,0.251,0.756,0.228,0.599,0.696,1.0,0.178,0.217,0.465,0.564,0.38,0.364,0.417,0.588,0.154
2,A2_1,0.182,0.19,0.352,0.395,0.077,0.275,0.178,1.0,0.671,0.589,-0.151,-0.127,-0.159,0.122,0.264,0.27
2,A2_2,-0.015,0.324,0.539,0.336,0.148,0.247,0.217,0.671,1.0,0.339,0.034,0.066,-0.147,0.326,0.314,0.446
2,A2_3,0.433,0.131,0.371,0.564,0.078,0.397,0.465,0.589,0.339,1.0,0.035,0.011,0.076,0.065,0.216,-0.052
2,B2_1,0.493,0.401,0.543,0.132,0.806,0.543,0.564,-0.151,0.034,0.035,1.0,0.728,0.612,0.587,0.536,0.343
2,B2_2,0.457,0.532,0.311,0.358,0.699,0.479,0.38,-0.127,0.066,0.011,0.728,1.0,0.684,0.329,0.52,0.372
2,B2_3,0.53,0.603,0.091,0.343,0.495,0.324,0.364,-0.159,-0.147,0.076,0.612,0.684,1.0,0.271,0.424,0.312
2,y1,0.356,0.283,0.52,0.204,0.608,0.377,0.417,0.122,0.326,0.065,0.587,0.329,0.271,1.0,0.687,0.777
2,y2,0.389,0.408,0.542,0.301,0.659,0.629,0.588,0.264,0.314,0.216,0.536,0.52,0.424,0.687,1.0,0.658
2,y3,0.194,0.52,0.302,0.392,0.531,0.251,0.154,0.27,0.446,-0.052,0.343,0.372,0.312,0.777,0.658,1.0
3,.,1.0,0.455,0.483,0.252,0.487,0.387,0.463,0.325,0.279,0.327,0.556,0.69,0.464,0.49,0.434,0.34
3,A1_1,0.455,1.0,0.518,0.808,0.451,0.216,0.187,0.176,0.214,0.315,0.638,0.625,0.542,0.248,0.519,0.525
3,A1_2,0.483,0.518,1.0,0.457,0.639,0.592,0.439,0.327,0.375,0.588,0.438,0.745,0.43,0.442,0.468,0.399
3,A1_3,0.252,0.808,0.457,1.0,0.334,0.122,-0.031,0.164,0.247,0.335,0.433,0.445,0.226,0.3,0.619,0.654
3,B1_1,0.487,0.451,0.639,0.334,1.0,0.666,0.631,0.31,0.278,0.614,0.533,0.747,0.542,0.491,0.592,0.552
3,B1_2,0.387,0.216,0.592,0.122,0.666,1.0,0.797,0.357,0.381,0.526,0.315,0.493,0.444,0.335,0.288,0.308
3,B1_3,0.463,0.187,0.439,-0.031,0.631,0.797,1.0,0.321,0.28,0.33,0.392,0.505,0.476,0.282,0.118,0.201
3,A2_1,0.325,0.176,0.327,0.164,0.31,0.357,0.321,1.0,0.812,0.482,-0.148,0.197,-0.2,0.217,0.098,0.051
3,A2_2,0.279,0.214,0.375,0.247,0.278,0.381,0.28,0.812,1.0,0.559,-0.19,0.201,-0.226,0.142,0.081,0.079
3,A2_3,0.327,0.315,0.588,0.335,0.614,0.526,0.33,0.482,0.559,1.0,0.102,0.503,0.171,0.464,0.529,0.489
3,B2_1,0.556,0.638,0.438,0.433,0.533,0.315,0.392,-0.148,-0.19,0.102,1.0,0.76,0.866,0.541,0.559,0.513
3,B2_2,0.69,0.625,0.745,0.445,0.747,0.493,0.505,0.197,0.201,0.503,0.76,1.0,0.684,0.53,0.572,0.498
3,B2_3,0.464,0.542,0.43,0.226,0.542,0.444,0.476,-0.2,-0.226,0.171,0.866,0.684,1.0,0.495,0.408,0.432
3,y1,0.49,0.248,0.442,0.3,0.491,0.335,0.282,0.217,0.142,0.464,0.541,0.53,0.495,1.0,0.635,0.609
3,y2,0.434,0.519,0.468,0.619,0.592,0.288,0.118,0.098,0.081,0.529,0.559,0.572,0.408,0.635,1.0,0.824
3,y3,0.34,0.525,0.399,0.654,0.552,0.308,0.201,0.051,0.079,0.489,0.513,0.498,0.432,0.609,0.824,1.0
4,.,1.0,0.549,0.604,0.271,0.659,0.424,0.435,0.402,0.534,0.424,0.681,0.545,0.618,0.558,0.586,0.52
4,A1_1,0.549,1.0,0.575,0.716,0.533,0.365,0.21,0.355,0.548,0.489,0.595,0.487,0.653,0.392,0.519,0.592
4,A1_2,0.604,0.575,1.0,0.566,0.785,0.632,0.522,0.539,0.764,0.543,0.569,0.545,0.509,0.492,0.498,0.512
4,A1_3,0.271,0.716,0.566,1.0,0.439,0.429,0.321,0.142,0.5,0.363,0.64,0.665,0.624,0.557,0.556,0.716
4,B1_1,0.659,0.533,0.785,0.439,1.0,0.754,0.609,0.679,0.759,0.633,0.615,0.474,0.494,0.544,0.503,0.513
4,B1_2,0.424,0.365,0.632,0.429,0.754,1.0,0.714,0.454,0.654,0.6,0.623,0.499,0.482,0.398,0.388,0.448
4,B1_3,0.435,0.21,0.522,0.321,0.609,0.714,1.0,0.127,0.451,0.3,0.716,0.664,0.612,0.397,0.448,0.401
4,A2_1,0.402,0.355,0.539,0.142,0.679,0.454,0.127,1.0,0.762,0.683,0.107,0.087,-0.024,0.208,0.21,0.205
4,A2_2,0.534,0.548,0.764,0.5,0.759,0.654,0.451,0.762,1.0,0.8,0.537,0.454,0.355,0.514,0.525,0.521
4,A2_3,0.424,0.489,0.543,0.363,0.633,0.6,0.3,0.683,0.8,1.0,0.446,0.332,0.296,0.421,0.491,0.534
4,B2_1,0.681,0.595,0.569,0.64,0.615,0.623,0.716,0.107,0.537,0.446,1.0,0.84,0.847,0.661,0.706,0.729
4,B2_2,0.545,0.487,0.545,0.665,0.474,0.499,0.664,0.087,0.454,0.332,0.84,1.0,0.811,0.47,0.563,0.56
4,B2_3,0.618,0.653,0.509,0.624,0.494,0.482,0.612,-0.024,0.355,0.296,0.847,0.811,1.0,0.526,0.602,0.591
4,y1,0.558,0.392,0.492,0.557,0.544,0.398,0.397,0.208,0.514,0.421,0.661,0.47,0.526,1.0,0.802,0.823
4,y2,0.586,0.519,0.498,0.556,0.503,0.388,0.448,0.21,0.525,0.491,0.706,0.563,0.602,0.802,1.0,0.843
4,y3,0.52,0.592,0.512,0.716,0.513,0.448,0.401,0.205,0.521,0.534,0.729,0.56,0.591,0.823,0.843,1.0
5,.,1.0,0.558,0.524,0.377,0.48,0.331,0.541,0.402,0.519,0.401,0.579,0.624,0.688,0.544,0.543,0.449
5,A1_1,0.558,1.0,0.648,0.74,0.434,0.455,0.466,0.713,0.578,0.5,0.64,0.479,0.79,0.522,0.595,0.589
5,A1_2,0.524,0.648,1.0,0.584,0.474,0.446,0.594,0.669,0.45,0.334,0.417,0.487,0.588,0.556,0.474,0.363
5,A1_3,0.377,0.74,0.584,1.0,0.111,0.132,0.338,0.7,0.694,0.515,0.312,0.135,0.411,0.347,0.337,0.339
5,B1_1,0.48,0.434,0.474,0.111,1.0,0.68,0.707,0.228,0.206,0.274,0.546,0.77,0.785,0.431,0.249,0.403
5,B1_2,0.331,0.455,0.446,0.132,0.68,1.0,0.807,0.495,0.353,0.59,0.465,0.621,0.676,0.549,0.477,0.566
5,B1_3,0.541,0.466,0.594,0.338,0.707,0.807,1.0,0.559,0.598,0.647,0.367,0.657,0.67,0.478,0.357,0.395
5,A2_1,0.402,0.713,0.669,0.7,0.228,0.495,0.559,1.0,0.714,0.648,0.311,0.273,0.506,0.448,0.501,0.444
5,A2_2,0.519,0.578,0.45,0.694,0.206,0.353,0.598,0.714,1.0,0.724,0.233,0.276,0.418,0.314,0.34,0.316
5,A2_3,0.401,0.5,0.334,0.515,0.274,0.59,0.647,0.648,0.724,1.0,0.178,0.282,0.5,0.446,0.501,0.507
5,B2_1,0.579,0.64,0.417,0.312,0.546,0.465,0.367,0.311,0.233,0.178,1.0,0.812,0.79,0.7,0.642,0.657
5,B2_2,0.624,0.479,0.487,0.135,0.77,0.621,0.657,0.273,0.276,0.282,0.812,1.0,0.829,0.579,0.484,0.503
5,B2_3,0.688,0.79,0.588,0.411,0.785,0.676,0.67,0.506,0.418,0.5,0.79,0.829,1.0,0.619,0.613,0.644
5,y1,0.544,0.522,0.556,0.347,0.431,0.549,0.478,0.448,0.314,0.446,0.7,0.579,0.619,1.0,0.852,0.841
5,y2,0.543,0.595,0.474,0.337,0.249,0.477,0.357,0.501,0.34,0.501,0.642,0.484,0.613,0.852,1.0,0.834
5,y3,0.449,0.589,0.363,0.339,0.403,0.566,0.395,0.444,0.316,0.507,0.657,0.503,0.644,0.841,0.834,1.0
6,.,1.0,0.639,0.579,0.376,0.44,0.507,0.528,0.549,0.429,0.692,0.633,0.687,0.645,0.603,0.654,0.428
6,A1_1,0.639,1.0,0.673,0.73,0.429,0.519,0.511,0.588,0.586,0.672,0.716,0.711,0.571,0.503,0.667,0.532
6,A1_2,0.579,0.673,1.0,0.639,0.516,0.487,0.62,0.58,0.398,0.573,0.535,0.672,0.342,0.505,0.55,0.386
6,A1_3,0.376,0.73,0.639,1.0,0.125,0.203,0.408,0.73,0.65,0.551,0.39,0.571,0.046,0.444,0.513,0.521
6,B1_1,0.44,0.429,0.516,0.125,1.0,0.843,0.699,0.152,0.296,0.532,0.774,0.638,0.693,0.633,0.569,0.593
6,B1_2,0.507,0.519,0.487,0.203,0.843,1.0,0.833,0.284,0.48,0.638,0.749,0.62,0.677,0.511,0.493,0.454
6,B1_3,0.528,0.511,0.62,0.408,0.699,0.833,1.0,0.586,0.681,0.705,0.582,0.711,0.489,0.487,0.489,0.399
6,A2_1,0.549,0.588,0.58,0.73,0.152,0.284,0.586,1.0,0.785,0.665,0.323,0.672,0.126,0.385,0.462,0.325
6,A2_2,0.429,0.586,0.398,0.65,0.296,0.48,0.681,0.785,1.0,0.666,0.426,0.616,0.211,0.378,0.468,0.366
6,A2_3,0.692,0.672,0.573,0.551,0.532,0.638,0.705,0.665,0.666,1.0,0.572,0.807,0.502,0.612,0.692,0.529
6,B2_1,0.633,0.716,0.535,0.39,0.774,0.749,0.582,0.323,0.426,0.572,1.0,0.786,0.764,0.725,0.729,0.685
6,B2_2,0.687,0.711,0.672,0.571,0.638,0.62,0.711,0.672,0.616,0.807,0.786,1.0,0.561,0.696,0.743,0.593
6,B2_3,0.645,0.571,0.342,0.046,0.693,0.677,0.489,0.126,0.211,0.502,0.764,0.561,1.0,0.535,0.566,0.47
6,y1,0.603,0.503,0.505,0.444,0.633,0.511,0.487,0.385,0.378,0.612,0.725,0.696,0.535,1.0,0.816,0.834
6,y2,0.654,0.667,0.55,0.513,0.569,0.493,0.489,0.462,0.468,0.692,0.729,0.743,0.566,0.816,1.0,0.805
6,y3,0.428,0.532,0.386,0.521,0.593,0.454,0.399,0.325,0.366,0.529,0.685,0.593,0.47,0.834,0.805,1.0
7,.,1.0,0.567,0.537,0.342,0.46,0.489,0.548,0.192,0.494,0.497,0.422,0.63,0.634,0.474,0.577,0.406
7,A1_1,0.567,1.0,0.675,0.734,0.417,0.532,0.554,0.6,0.516,0.67,0.492,0.484,0.767,0.506,0.552,0.564
7,A1_2,0.537,0.675,1.0,0.621,0.474,0.559,0.734,0.577,0.562,0.471,0.329,0.525,0.589,0.404,0.374,0.387
7,A1_3,0.342,0.734,0.621,1.0,0.104,0.345,0.507,0.738,0.64,0.764,0.237,0.344,0.422,0.545,0.453,0.569
7,B1_1,0.46,0.417,0.474,0.104,1.0,0.809,0.602,0.066,0.152,0.342,0.793,0.542,0.745,0.452,0.479,0.507
7,B1_2,0.489,0.532,0.559,0.345,0.809,1.0,0.788,0.295,0.433,0.575,0.704,0.616,0.765,0.421,0.505,0.523
7,B1_3,0.548,0.554,0.734,0.507,0.602,0.788,1.0,0.532,0.685,0.666,0.371,0.59,0.65,0.398,0.509,0.424
7,A2_1,0.192,0.6,0.577,0.738,0.066,0.295,0.532,1.0,0.668,0.597,0.012,0.304,0.352,0.245,0.296,0.334
7,A2_2,0.494,0.516,0.562,0.64,0.152,0.433,0.685,0.668,1.0,0.687,0.018,0.558,0.418,0.17,0.305,0.183
7,A2_3,0.497,0.67,0.471,0.764,0.342,0.575,0.666,0.597,0.687,1.0,0.407,0.49,0.598,0.552,0.674,0.671
7,B2_1,0.422,0.492,0.329,0.237,0.793,0.704,0.371,0.012,0.018,0.407,1.0,0.581,0.78,0.623,0.623,0.718
7,B2_2,0.63,0.484,0.525,0.344,0.542,0.616,0.59,0.304,0.558,0.49,0.581,1.0,0.706,0.28,0.424,0.341
7,B2_3,0.634,0.767,0.589,0.422,0.745,0.765,0.65,0.352,0.418,0.598,0.78,0.706,1.0,0.523,0.701,0.626
7,y1,0.474,0.506,0.404,0.545,0.452,0.421,0.398,0.245,0.17,0.552,0.623,0.28,0.523,1.0,0.798,0.879
7,y2,0.577,0.552,0.374,0.453,0.479,0.505,0.509,0.296,0.305,0.674,0.623,0.424,0.701,0.798,1.0,0.832
7,y3,0.406,0.564,0.387,0.569,0.507,0.523,0.424,0.334,0.183,0.671,0.718,0.341,0.626,0.879,0.832,1.0
8,.,1.0,0.561,0.526,0.351,0.521,0.419,0.557,0.331,0.575,0.553,0.592,0.561,0.749,0.487,0.516,0.588
8,A1_1,0.561,1.0,0.656,0.765,0.39,0.528,0.535,0.666,0.728,0.607,0.717,0.538,0.482,0.47,0.524,0.544
8,A1_2,0.526,0.656,1.0,0.708,0.442,0.48,0.688,0.689,0.624,0.462,0.546,0.418,0.332,0.431,0.277,0.45
8,A1_3,0.351,0.765,0.708,1.0,0.1,0.324,0.461,0.676,0.784,0.543,0.536,0.237,0.1,0.472,0.289,0.351
8,B1_1,0.521,0.39,0.442,0.1,1.0,0.774,0.677,0.272,0.253,0.335,0.587,0.693,0.712,0.305,0.439,0.578
8,B1_2,0.419,0.528,0.48,0.324,0.774,1.0,0.812,0.517,0.468,0.513,0.709,0.699,0.585,0.336,0.479,0.616
8,B1_3,0.557,0.535,0.688,0.461,0.677,0.812,1.0,0.575,0.605,0.469,0.684,0.707,0.632,0.337,0.352,0.55
8,A2_1,0.331,0.666,0.689,0.676,0.272,0.517,0.575,1.0,0.747,0.565,0.687,0.483,0.3,0.543,0.494,0.58
8,A2_2,0.575,0.728,0.624,0.784,0.253,0.468,0.605,0.747,1.0,0.73,0.645,0.389,0.462,0.455,0.294,0.442
8,A2_3,0.553,0.607,0.462,0.543,0.335,0.513,0.469,0.565,0.73,1.0,0.487,0.253,0.409,0.335,0.479,0.479
8,B2_1,0.592,0.717,0.546,0.536,0.587,0.709,0.684,0.687,0.645,0.487,1.0,0.799,0.628,0.712,0.63,0.78
8,B2_2,0.561,0.538,0.418,0.237,0.693,0.699,0.707,0.483,0.389,0.253,0.799,1.0,0.744,0.469,0.574,0.75
8,B2_3,0.749,0.482,0.332,0.1,0.712,0.585,0.632,0.3,0.462,0.409,0.628,0.744,1.0,0.321,0.483,0.609
8,y1,0.487,0.47,0.431,0.472,0.305,0.336,0.337,0.543,0.455,0.335,0.712,0.469,0.321,1.0,0.654,0.693
8,y2,0.516,0.524,0.277,0.289,0.439,0.479,0.352,0.494,0.294,0.479,0.63,0.574,0.483,0.654,1.0,0.781
8,y3,0.588,0.544,0.45,0.351,0.578,0.616,0.55,0.58,0.442,0.479,0.78,0.75,0.609,0.693,0.781,1.0
9,.,1.0,0.555,0.623,0.331,0.446,0.487,0.592,0.502,0.466,0.577,0.352,0.669,0.752,0.554,0.638,0.392
9,A1_1,0.555,1.0,0.68,0.784,0.402,0.492,0.595,0.749,0.671,0.727,0.33,0.448,0.669,0.483,0.619,0.542
9,A1_2,0.623,0.68,1.0,0.724,0.315,0.495,0.7,0.767,0.73,0.51,0.084,0.478,0.59,0.428,0.428,0.187
9,A1_3,0.331,0.784,0.724,1.0,0.275,0.366,0.462,0.794,0.718,0.706,0.219,0.36,0.42,0.551,0.505,0.512
9,B1_1,0.446,0.402,0.315,0.275,1.0,0.769,0.633,0.319,0.181,0.436,0.817,0.685,0.547,0.464,0.543,0.585
9,B1_2,0.487,0.492,0.495,0.366,0.769,1.0,0.833,0.485,0.503,0.499,0.547,0.692,0.719,0.354,0.455,0.379
9,B1_3,0.592,0.595,0.7,0.462,0.633,0.833,1.0,0.639,0.629,0.546,0.459,0.739,0.794,0.437,0.507,0.325
9,A2_1,0.502,0.749,0.767,0.794,0.319,0.485,0.639,1.0,0.847,0.746,0.233,0.495,0.57,0.533,0.511,0.445
9,A2_2,0.466,0.671,0.73,0.718,0.181,0.503,0.629,0.847,1.0,0.635,0.062,0.43,0.543,0.395,0.349,0.21
9,A2_3,0.577,0.727,0.51,0.706,0.436,0.499,0.546,0.746,0.635,1.0,0.448,0.569,0.635,0.679,0.809,0.696
9,B2_1,0.352,0.33,0.084,0.219,0.817,0.547,0.459,0.233,0.062,0.448,1.0,0.757,0.477,0.598,0.652,0.752
9,B2_2,0.669,0.448,0.478,0.36,0.685,0.692,0.739,0.495,0.43,0.569,0.757,1.0,0.759,0.545,0.685,0.535
9,B2_3,0.752,0.669,0.59,0.42,0.547,0.719,0.794,0.57,0.543,0.635,0.477,0.759,1.0,0.513,0.679,0.476
9,y1,0.554,0.483,0.428,0.551,0.464,0.354,0.437,0.533,0.395,0.679,0.598,0.545,0.513,1.0,0.816,0.832
9,y2,0.638,0.619,0.428,0.505,0.543,0.455,0.507,0.511,0.349,0.809,0.652,0.685,0.679,0.816,1.0,0.812
9,y3,0.392,0.542,0.187,0.512,0.585,0.379,0.325,0.445,0.21,0.696,0.752,0.535,0.476,0.832,0.812,1.0
10,.,1.0,0.498,0.552,0.38,0.427,0.343,0.521,0.378,0.516,0.509,0.378,0.65,0.676,0.472,0.495,0.447
10,A1_1,0.498,1.0,0.751,0.867,0.425,0.425,0.562,0.799,0.769,0.83,0.412,0.434,0.677,0.564,0.521,0.639
10,A1_2,0.552,0.751,1.0,0.825,0.338,0.346,0.564,0.77,0.787,0.668,0.179,0.484,0.543,0.436,0.249,0.386
10,A1_3,0.38,0.867,0.825,1.0,0.176,0.254,0.409,0.813,0.836,0.76,0.184,0.343,0.451,0.507,0.288,0.499
10,B1_1,0.427,0.425,0.338,0.176,1.0,0.799,0.777,0.326,0.311,0.411,0.789,0.615,0.713,0.431,0.539,0.53
10,B1_2,0.343,0.425,0.346,0.254,0.799,1.0,0.878,0.372,0.371,0.51,0.685,0.536,0.677,0.334,0.46,0.496
10,B1_3,0.521,0.562,0.564,0.409,0.777,0.878,1.0,0.526,0.564,0.636,0.682,0.686,0.795,0.46,0.562,0.578
10,A2_1,0.378,0.799,0.77,0.813,0.326,0.372,0.526,1.0,0.775,0.814,0.282,0.32,0.475,0.54,0.421,0.595
10,A2_2,0.516,0.769,0.787,0.836,0.311,0.371,0.564,0.775,1.0,0.831,0.233,0.532,0.596,0.427,0.28,0.414
10,A2_3,0.509,0.83,0.668,0.76,0.411,0.51,0.636,0.814,0.831,1.0,0.383,0.383,0.619,0.521,0.551,0.677
10,B2_1,0.378,0.412,0.179,0.184,0.789,0.685,0.682,0.282,0.233,0.383,1.0,0.623,0.653,0.67,0.76,0.724
10,B2_2,0.65,0.434,0.484,0.343,0.615,0.536,0.686,0.32,0.532,0.383,0.623,1.0,0.81,0.368,0.357,0.338
10,B2_3,0.676,0.677,0.543,0.451,0.713,0.677,0.795,0.475,0.596,0.619,0.653,0.81,1.0,0.496,0.582,0.567
10,y1,0.472,0.564,0.436,0.507,0.431,0.334,0.46,0.54,0.427,0.521,0.67,0.368,0.496,1.0,0.8,0.871
10,y2,0.495,0.521,0.249,0.288,0.539,0.46,0.562,0.421,0.28,0.551,0.76,0.357,0.582,0.8,1.0,0.889
10,y3,0.447,0.639,0.386,0.499,0.53,0.496,0.578,0.595,0.414,0.677,0.724,0.338,0.567,0.871,0.889,1.0
11,.,1.0,0.42,0.536,0.361,0.455,0.405,0.487,0.175,0.383,0.573,0.596,0.648,0.427,0.336,0.336,0.352
11,A1_1,0.42,1.0,0.674,0.884,0.347,0.367,0.404,0.758,0.821,0.817,0.577,0.446,0.34,0.494,0.635,0.64
11,A1_2,0.536,0.674,1.0,0.812,0.188,0.228,0.238,0.681,0.835,0.737,0.341,0.417,0.007,0.241,0.262,0.275
11,A1_3,0.361,0.884,0.812,1.0,0.185,0.276,0.223,0.722,0.855,0.769,0.446,0.379,0.092,0.376,0.401,0.451
11,B1_1,0.455,0.347,0.188,0.185,1.0,0.828,0.835,0.051,0.197,0.409,0.753,0.639,0.7,0.452,0.376,0.519
11,B1_2,0.405,0.367,0.228,0.276,0.828,1.0,0.813,0.131,0.309,0.493,0.71,0.588,0.707,0.319,0.362,0.419
11,B1_3,0.487,0.404,0.238,0.223,0.835,0.813,1.0,0.21,0.303,0.447,0.819,0.789,0.87,0.46,0.47,0.581
11,A2_1,0.175,0.758,0.681,0.722,0.051,0.131,0.21,1.0,0.815,0.691,0.222,0.211,0.041,0.38,0.537,0.516
11,A2_2,0.383,0.821,0.835,0.855,0.197,0.309,0.303,0.815,1.0,0.865,0.413,0.424,0.135,0.288,0.402,0.384
11,A2_3,0.573,0.817,0.737,0.769,0.409,0.493,0.447,0.691,0.865,1.0,0.504,0.491,0.321,0.268,0.402,0.431
11,B2_1,0.596,0.577,0.341,0.446,0.753,0.71,0.819,0.222,0.413,0.504,1.0,0.87,0.795,0.589,0.537,0.658
11,B2_2,0.648,0.446,0.417,0.379,0.639,0.588,0.789,0.211,0.424,0.491,0.87,1.0,0.732,0.42,0.329,0.474
11,B2_3,0.427,0.34,0.007,0.092,0.7,0.707,0.87,0.041,0.135,0.321,0.795,0.732,1.0,0.435,0.473,0.58
11,y1,0.336,0.494,0.241,0.376,0.452,0.319,0.46,0.38,0.288,0.268,0.589,0.42,0.435,1.0,0.81,0.855
11,y2,0.336,0.635,0.262,0.401,0.376,0.362,0.47,0.537,0.402,0.402,0.537,0.329,0.473,0.81,1.0,0.888
11,y3,0.352,0.64,0.275,0.451,0.519,0.419,0.581,0.516,0.384,0.431,0.658,0.474,0.58,0.855,0.888,1.0
12,.,1.0,0.303,0.562,0.273,0.332,0.514,0.676,0.236,0.425,0.601,0.499,0.616,0.484,0.281,0.291,0.214
12,A1_1,0.303,1.0,0.747,0.924,0.011,0.272,0.302,0.804,0.756,0.778,0.19,0.49,0.383,0.556,0.634,0.681
12,A1_2,0.562,0.747,1.0,0.832,0.067,0.401,0.403,0.768,0.856,0.819,0.176,0.533,0.254,0.361,0.377,0.35
12,A1_3,0.273,0.924,0.832,1.0,-0.121,0.199,0.204,0.869,0.846,0.75,0.035,0.408,0.231,0.435,0.45,0.534
12,B1_1,0.332,0.011,0.067,-0.121,1.0,0.808,0.766,-0.269,-0.068,0.336,0.874,0.742,0.746,0.434,0.411,0.429
12,B1_2,0.514,0.272,0.401,0.199,0.808,1.0,0.897,0.022,0.29,0.638,0.756,0.834,0.815,0.365,0.342,0.367
12,B1_3,0.676,0.302,0.403,0.204,0.766,0.897,1.0,0.083,0.341,0.634,0.809,0.879,0.876,0.382,0.416,0.388
12,A2_1,0.236,0.804,0.768,0.869,-0.269,0.022,0.083,1.0,0.844,0.659,-0.162,0.252,0.062,0.231,0.312,0.32
12,A2_2,0.425,0.756,0.856,0.846,-0.068,0.29,0.341,0.844,1.0,0.798,0.042,0.437,0.241,0.174,0.281,0.26
12,A2_3,0.601,0.778,0.819,0.75,0.336,0.638,0.634,0.659,0.798,1.0,0.438,0.747,0.593,0.467,0.522,0.506
12,B2_1,0.499,0.19,0.176,0.035,0.874,0.756,0.809,-0.162,0.042,0.438,1.0,0.815,0.797,0.58,0.536,0.548
12,B2_2,0.616,0.49,0.533,0.408,0.742,0.834,0.879,0.252,0.437,0.747,0.815,1.0,0.838,0.544,0.563,0.565
12,B2_3,0.484,0.383,0.254,0.231,0.746,0.815,0.876,0.062,0.241,0.593,0.797,0.838,1.0,0.49,0.552,0.554
12,y1,0.281,0.556,0.361,0.435,0.434,0.365,0.382,0.231,0.174,0.467,0.58,0.544,0.49,1.0,0.863,0.904
12,y2,0.291,0.634,0.377,0.45,0.411,0.342,0.416,0.312,0.281,0.522,0.536,0.563,0.552,0.863,1.0,0.903
12,y3,0.214,0.681,0.35,0.534,0.429,0.367,0.388,0.32,0.26,0.506,0.548,0.565,0.554,0.904,0.903,1.0
13,.,1.0,0.252,0.396,0.278,0.229,0.485,0.494,0.078,0.307,0.505,0.528,0.428,0.369,0.002,0.091,0.017
13,A1_1,0.252,1.0,0.835,0.886,-0.059,0.122,0.093,0.841,0.863,0.811,0.029,0.294,0.31,0.472,0.585,0.601
13,A1_2,0.396,0.835,1.0,0.918,-0.184,0.157,0.063,0.861,0.9,0.842,-0.08,0.152,0.148,0.169,0.259,0.238
13,A1_3,0.278,0.886,0.918,1.0,-0.232,0.044,-0.045,0.859,0.917,0.806,-0.119,0.106,0.098,0.261,0.295,0.333
13,B1_1,0.229,-0.059,-0.184,-0.232,1.0,0.815,0.842,-0.348,-0.137,0.115,0.813,0.757,0.729,0.407,0.374,0.411
13,B1_2,0.485,0.122,0.157,0.044,0.815,1.0,0.913,-0.153,0.181,0.416,0.784,0.786,0.775,0.223,0.217,0.208
13,B1_3,0.494,0.093,0.063,-0.045,0.842,0.913,1.0,-0.195,0.085,0.343,0.849,0.85,0.845,0.223,0.282,0.268
13,A2_1,0.078,0.841,0.861,0.859,-0.348,-0.153,-0.195,1.0,0.86,0.724,-0.337,-0.039,0.005,0.218,0.342,0.326
13,A2_2,0.307,0.863,0.9,0.917,-0.137,0.181,0.085,0.86,1.0,0.888,-0.026,0.211,0.22,0.198,0.293,0.301
13,A2_3,0.505,0.811,0.842,0.806,0.115,0.416,0.343,0.724,0.888,1.0,0.229,0.464,0.492,0.296,0.422,0.386
13,B2_1,0.528,0.029,-0.08,-0.119,0.813,0.784,0.849,-0.337,-0.026,0.229,1.0,0.839,0.716,0.348,0.311,0.354
13,B2_2,0.428,0.294,0.152,0.106,0.757,0.786,0.85,-0.039,0.211,0.464,0.839,1.0,0.887,0.482,0.531,0.515
13,B2_3,0.369,0.31,0.148,0.098,0.729,0.775,0.845,0.005,0.22,0.492,0.716,0.887,1.0,0.409,0.51,0.475
13,y1,0.002,0.472,0.169,0.261,0.407,0.223,0.223,0.218,0.198,0.296,0.348,0.482,0.409,1.0,0.892,0.923
13,y2,0.091,0.585,0.259,0.295,0.374,0.217,0.282,0.342,0.293,0.422,0.311,0.531,0.51,0.892,1.0,0.913
13,y3,0.017,0.601,0.238,0.333,0.411,0.208,0.268,0.326,0.301,0.386,0.354,0.515,0.475,0.923,0.913,1.0
14,.,1.0,0.264,0.323,0.337,0.183,0.446,0.41,-0.015,0.4,0.536,0.493,0.51,0.429,-0.019,0.027,-0.085
14,A1_1,0.264,1.0,0.841,0.879,-0.09,0.06,-0.164,0.844,0.827,0.838,-0.023,0.231,0.19,0.456,0.511,0.568
14,A1_2,0.323,0.841,1.0,0.912,-0.3,-0.059,-0.286,0.83,0.873,0.707,-0.21,0.012,-0.05,0.145,0.181,0.213
14,A1_3,0.337,0.879,0.912,1.0,-0.225,0.0,-0.251,0.737,0.892,0.752,-0.132,0.087,0.003,0.21,0.183,0.284
14,B1_1,0.183,-0.09,-0.3,-0.225,1.0,0.844,0.867,-0.3,-0.12,0.177,0.808,0.73,0.724,0.433,0.458,0.407
14,B1_2,0.446,0.06,-0.059,0.0,0.844,1.0,0.891,-0.22,0.161,0.39,0.776,0.773,0.751,0.258,0.278,0.185
14,B1_3,0.41,-0.164,-0.286,-0.251,0.867,0.891,1.0,-0.4,-0.091,0.143,0.848,0.822,0.832,0.196,0.291,0.143
14,A2_1,-0.015,0.844,0.83,0.737,-0.3,-0.22,-0.4,1.0,0.702,0.64,-0.342,-0.036,-0.069,0.349,0.434,0.466
14,A2_2,0.4,0.827,0.873,0.892,-0.12,0.161,-0.091,0.702,1.0,0.801,-0.018,0.221,0.136,0.116,0.197,0.233
14,A2_3,0.536,0.838,0.707,0.752,0.177,0.39,0.143,0.64,0.801,1.0,0.276,0.483,0.402,0.414,0.481,0.507
14,B2_1,0.493,-0.023,-0.21,-0.132,0.808,0.776,0.848,-0.342,-0.018,0.276,1.0,0.866,0.789,0.374,0.372,0.296
14,B2_2,0.51,0.231,0.012,0.087,0.73,0.773,0.822,-0.036,0.221,0.483,0.866,1.0,0.904,0.466,0.539,0.44
14,B2_3,0.429,0.19,-0.05,0.003,0.724,0.751,0.832,-0.069,0.136,0.402,0.789,0.904,1.0,0.437,0.574,0.423
14,y1,-0.019,0.456,0.145,0.21,0.433,0.258,0.196,0.349,0.116,0.414,0.374,0.466,0.437,1.0,0.895,0.91
14,y2,0.027,0.511,0.181,0.183,0.458,0.278,0.291,0.434,0.197,0.481,0.372,0.539,0.574,0.895,1.0,0.912
14,y3,-0.085,0.568,0.213,0.284,0.407,0.185,0.143,0.466,0.233,0.507,0.296,0.44,0.423,0.91,0.912,1.0
15,.,1.0,0.199,0.314,0.315,0.141,0.421,0.372,-0.112,0.218,0.417,0.352,0.411,0.413,-0.182,-0.132,-0.242
15,A1_1,0.199,1.0,0.826,0.861,-0.101,0.074,-0.141,0.824,0.856,0.818,-0.063,-0.034,0.022,0.379,0.455,0.505
15,A1_2,0.314,0.826,1.0,0.93,-0.321,-0.04,-0.278,0.766,0.925,0.875,-0.295,-0.239,-0.206,0.028,0.084,0.132
15,A1_3,0.315,0.861,0.93,1.0,-0.258,0.007,-0.245,0.68,0.91,0.884,-0.21,-0.17,-0.144,0.068,0.078,0.163
15,B1_1,0.141,-0.101,-0.321,-0.258,1.0,0.826,0.883,-0.312,-0.285,-0.234,0.855,0.795,0.782,0.461,0.426,0.39
15,B1_2,0.421,0.074,-0.04,0.007,0.826,1.0,0.902,-0.228,-0.041,0.11,0.793,0.807,0.809,0.212,0.211,0.132
15,B1_3,0.372,-0.141,-0.278,-0.245,0.883,0.902,1.0,-0.387,-0.278,-0.17,0.872,0.898,0.898,0.217,0.26,0.145
15,A2_1,-0.112,0.824,0.766,0.68,-0.312,-0.228,-0.387,1.0,0.797,0.639,-0.387,-0.298,-0.286,0.327,0.424,0.472
15,A2_2,0.218,0.856,0.925,0.91,-0.285,-0.041,-0.278,0.797,1.0,0.893,-0.285,-0.181,-0.152,0.062,0.18,0.216
15,A2_3,0.417,0.818,0.875,0.884,-0.234,0.11,-0.17,0.639,0.893,1.0,-0.172,-0.099,-0.03,-0.018,0.066,0.109
15,B2_1,0.352,-0.063,-0.295,-0.21,0.855,0.793,0.872,-0.387,-0.285,-0.172,1.0,0.9,0.856,0.391,0.353,0.303
15,B2_2,0.411,-0.034,-0.239,-0.17,0.795,0.807,0.898,-0.298,-0.181,-0.099,0.9,1.0,0.895,0.284,0.308,0.219
15,B2_3,0.413,0.022,-0.206,-0.144,0.782,0.809,0.898,-0.286,-0.152,-0.03,0.856,0.895,1.0,0.293,0.37,0.241
15,y1,-0.182,0.379,0.028,0.068,0.461,0.212,0.217,0.327,0.062,-0.018,0.391,0.284,0.293,1.0,0.904,0.934
15,y2,-0.132,0.455,0.084,0.078,0.426,0.211,0.26,0.424,0.18,0.066,0.353,0.308,0.37,0.904,1.0,0.926
15,y3,-0.242,0.505,0.132,0.163,0.39,0.132,0.145,0.472,0.216,0.109,0.303,0.219,0.241,0.934,0.926,1.0
16,.,1.0,0.168,0.324,0.299,0.178,0.415,0.295,-0.116,0.135,0.355,0.328,0.466,0.389,-0.236,-0.164,-0.275
16,A1_1,0.168,1.0,0.783,0.849,-0.101,0.088,-0.166,0.818,0.865,0.844,-0.163,-0.038,-0.121,0.364,0.43,0.472
16,A1_2,0.324,0.783,1.0,0.936,-0.33,-0.053,-0.349,0.724,0.909,0.928,-0.379,-0.228,-0.304,-0.026,-0.001,0.056
16,A1_3,0.299,0.849,0.936,1.0,-0.226,0.032,-0.282,0.672,0.888,0.91,-0.275,-0.124,-0.239,0.035,0.03,0.116
16,B1_1,0.178,-0.101,-0.33,-0.226,1.0,0.838,0.903,-0.319,-0.294,-0.244,0.858,0.773,0.774,0.385,0.343,0.335
16,B1_2,0.415,0.088,-0.053,0.032,0.838,1.0,0.88,-0.21,-0.086,0.033,0.804,0.82,0.813,0.16,0.173,0.116
16,B1_3,0.295,-0.166,-0.349,-0.282,0.903,0.88,1.0,-0.368,-0.343,-0.283,0.893,0.887,0.91,0.206,0.271,0.183
16,A2_1,-0.116,0.818,0.724,0.672,-0.319,-0.21,-0.368,1.0,0.86,0.724,-0.468,-0.32,-0.4,0.331,0.403,0.451
16,A2_2,0.135,0.865,0.909,0.888,-0.294,-0.086,-0.343,0.86,1.0,0.935,-0.413,-0.23,-0.331,0.126,0.204,0.256
16,A2_3,0.355,0.844,0.928,0.91,-0.244,0.033,-0.283,0.724,0.935,1.0,-0.309,-0.14,-0.216,0.016,0.088,0.14
16,B2_1,0.328,-0.163,-0.379,-0.275,0.858,0.804,0.893,-0.468,-0.413,-0.309,1.0,0.916,0.903,0.281,0.262,0.222
16,B2_2,0.466,-0.038,-0.228,-0.124,0.773,0.82,0.887,-0.32,-0.23,-0.14,0.916,1.0,0.904,0.184,0.227,0.145
16,B2_3,0.389,-0.121,-0.304,-0.239,0.774,0.813,0.91,-0.4,-0.331,-0.216,0.903,0.904,1.0,0.152,0.236,0.131
16,y1,-0.236,0.364,-0.026,0.035,0.385,0.16,0.206,0.331,0.126,0.016,0.281,0.184,0.152,1.0,0.91,0.939
16,y2,-0.164,0.43,-0.001,0.03,0.343,0.173,0.271,0.403,0.204,0.088,0.262,0.227,0.236,0.91,1.0,0.93
16,y3,-0.275,0.472,0.056,0.116,0.335,0.116,0.183,0.451,0.256,0.14,0.222,0.145,0.131,0.939,0.93,1.0
17,.,1.0,0.172,0.326,0.239,0.221,0.465,0.312,-0.092,0.204,0.318,0.316,0.414,0.355,-0.201,-0.134,-0.255
17,A1_1,0.172,1.0,0.822,0.917,-0.059,0.027,-0.116,0.798,0.861,0.87,-0.106,-0.104,-0.066,0.355,0.396,0.478
17,A1_2,0.326,0.822,1.0,0.936,-0.265,-0.063,-0.287,0.771,0.947,0.919,-0.309,-0.271,-0.257,0.019,0.027,0.112
17,A1_3,0.239,0.917,0.936,1.0,-0.165,-0.011,-0.217,0.766,0.938,0.915,-0.197,-0.175,-0.19,0.144,0.132,0.256
17,B1_1,0.221,-0.059,-0.265,-0.165,1.0,0.84,0.917,-0.316,-0.246,-0.201,0.919,0.826,0.83,0.374,0.342,0.305
17,B1_2,0.465,0.027,-0.063,-0.011,0.84,1.0,0.888,-0.307,-0.091,0.018,0.847,0.842,0.837,0.102,0.108,0.03
17,B1_3,0.312,-0.116,-0.287,-0.217,0.917,0.888,1.0,-0.35,-0.287,-0.235,0.908,0.924,0.907,0.253,0.301,0.191
17,A2_1,-0.092,0.798,0.771,0.766,-0.316,-0.307,-0.35,1.0,0.815,0.741,-0.448,-0.394,-0.377,0.263,0.326,0.408
17,A2_2,0.204,0.861,0.947,0.938,-0.246,-0.091,-0.287,0.815,1.0,0.936,-0.322,-0.268,-0.265,0.068,0.115,0.19
17,A2_3,0.318,0.87,0.919,0.915,-0.201,0.018,-0.235,0.741,0.936,1.0,-0.239,-0.196,-0.163,0.051,0.097,0.186
17,B2_1,0.316,-0.106,-0.309,-0.197,0.919,0.847,0.908,-0.448,-0.322,-0.239,1.0,0.928,0.898,0.325,0.29,0.249
17,B2_2,0.414,-0.104,-0.271,-0.175,0.826,0.842,0.924,-0.394,-0.268,-0.196,0.928,1.0,0.925,0.225,0.251,0.149
17,B2_3,0.355,-0.066,-0.257,-0.19,0.83,0.837,0.907,-0.377,-0.265,-0.163,0.898,0.925,1.0,0.258,0.316,0.208
17,y1,-0.201,0.355,0.019,0.144,0.374,0.102,0.253,0.263,0.068,0.051,0.325,0.225,0.258,1.0,0.908,0.935
17,y2,-0.134,0.396,0.027,0.132,0.342,0.108,0.301,0.326,0.115,0.097,0.29,0.251,0.316,0.908,1.0,0.925
17,y3,-0.255,0.478,0.112,0.256,0.305,0.03,0.191,0.408,0.19,0.186,0.249,0.149,0.208,0.935,0.925,1.0
18,.,1.0,0.155,0.304,0.267,0.195,0.404,0.284,-0.074,0.174,0.312,0.333,0.449,0.382,-0.195,-0.143,-0.26
18,A1_1,0.155,1.0,0.802,0.876,-0.088,0.113,-0.149,0.84,0.899,0.873,-0.116,-0.072,-0.09,0.357,0.39,0.46
18,A1_2,0.304,0.802,1.0,0.936,-0.309,-0.031,-0.345,0.777,0.923,0.93,-0.332,-0.258,-0.269,0.005,0.011,0.085
18,A1_3,0.267,0.876,0.936,1.0,-0.172,0.071,-0.245,0.74,0.939,0.915,-0.197,-0.138,-0.188,0.077,0.054,0.159
18,B1_1,0.195,-0.088,-0.309,-0.172,1.0,0.848,0.905,-0.299,-0.215,-0.223,0.9,0.813,0.785,0.385,0.333,0.31
18,B1_2,0.404,0.113,-0.031,0.071,0.848,1.0,0.874,-0.161,-0.002,0.053,0.835,0.828,0.824,0.191,0.18,0.121
18,B1_3,0.284,-0.149,-0.345,-0.245,0.905,0.874,1.0,-0.349,-0.284,-0.277,0.917,0.919,0.907,0.254,0.298,0.191
18,A2_1,-0.074,0.84,0.777,0.74,-0.299,-0.161,-0.349,1.0,0.873,0.793,-0.411,-0.333,-0.361,0.303,0.345,0.427
18,A2_2,0.174,0.899,0.923,0.939,-0.215,-0.002,-0.284,0.873,1.0,0.951,-0.294,-0.196,-0.255,0.148,0.187,0.264
18,A2_3,0.312,0.873,0.93,0.915,-0.223,0.053,-0.277,0.793,0.951,1.0,-0.265,-0.18,-0.192,0.061,0.105,0.183
18,B2_1,0.333,-0.116,-0.332,-0.197,0.9,0.835,0.917,-0.411,-0.294,-0.265,1.0,0.933,0.898,0.321,0.287,0.233
18,B2_2,0.449,-0.072,-0.258,-0.138,0.813,0.828,0.919,-0.333,-0.196,-0.18,0.933,1.0,0.909,0.198,0.235,0.129
18,B2_3,0.382,-0.09,-0.269,-0.188,0.785,0.824,0.907,-0.361,-0.255,-0.192,0.898,0.909,1.0,0.188,0.255,0.135
18,y1,-0.195,0.357,0.005,0.077,0.385,0.191,0.254,0.303,0.148,0.061,0.321,0.198,0.188,1.0,0.923,0.945
18,y2,-0.143,0.39,0.011,0.054,0.333,0.18,0.298,0.345,0.187,0.105,0.287,0.235,0.255,0.923,1.0,0.934
18,y3,-0.26,0.46,0.085,0.159,0.31,0.121,0.191,0.427,0.264,0.183,0.233,0.129,0.135,0.945,0.934,1.0
19,.,1.0,0.089,0.24,0.22,0.196,0.413,0.296,-0.095,0.196,0.28,0.327,0.409,0.356,-0.208,-0.183,-0.293
19,A1_1,0.089,1.0,0.78,0.867,-0.119,0.097,-0.208,0.844,0.856,0.868,-0.101,-0.144,-0.086,0.365,0.394,0.47
19,A1_2,0.24,0.78,1.0,0.928,-0.376,-0.074,-0.426,0.804,0.946,0.901,-0.368,-0.371,-0.328,-0.024,-0.014,0.058
19,A1_3,0.22,0.867,0.928,1.0,-0.208,0.061,-0.298,0.757,0.953,0.897,-0.191,-0.221,-0.201,0.075,0.051,0.155
19,B1_1,0.196,-0.119,-0.376,-0.208,1.0,0.836,0.906,-0.316,-0.285,-0.279,0.933,0.838,0.808,0.389,0.296,0.283
19,B1_2,0.413,0.097,-0.074,0.061,0.836,1.0,0.866,-0.159,-0.004,0.044,0.85,0.82,0.805,0.191,0.137,0.086
19,B1_3,0.296,-0.208,-0.426,-0.298,0.906,0.866,1.0,-0.405,-0.354,-0.335,0.929,0.933,0.909,0.228,0.23,0.131
19,A2_1,-0.095,0.844,0.804,0.757,-0.316,-0.159,-0.405,1.0,0.822,0.785,-0.386,-0.391,-0.357,0.268,0.318,0.399
19,A2_2,0.196,0.856,0.946,0.953,-0.285,-0.004,-0.354,0.822,1.0,0.94,-0.281,-0.285,-0.256,0.06,0.096,0.165
19,A2_3,0.28,0.868,0.901,0.897,-0.279,0.044,-0.335,0.785,0.94,1.0,-0.253,-0.253,-0.199,0.038,0.085,0.155
19,B2_1,0.327,-0.101,-0.368,-0.191,0.933,0.85,0.929,-0.386,-0.281,-0.253,1.0,0.945,0.907,0.329,0.262,0.219
19,B2_2,0.409,-0.144,-0.371,-0.221,0.838,0.82,0.933,-0.391,-0.285,-0.253,0.945,1.0,0.917,0.209,0.2,0.104
19,B2_3,0.356,-0.086,-0.328,-0.201,0.808,0.805,0.909,-0.357,-0.256,-0.199,0.907,0.917,1.0,0.271,0.293,0.193
19,y1,-0.208,0.365,-0.024,0.075,0.389,0.191,0.228,0.268,0.06,0.038,0.329,0.209,0.271,1.0,0.924,0.934
19,y2,-0.183,0.394,-0.014,0.051,0.296,0.137,0.23,0.318,0.096,0.085,0.262,0.2,0.293,0.924,1.0,0.927
19,y3,-0.293,0.47,0.058,0.155,0.283,0.086,0.131,0.399,0.165,0.155,0.219,0.104,0.193,0.934,0.927,1.0
20,.,1.0,0.097,0.279,0.257,0.126,0.33,0.246,-0.053,0.111,0.234,0.289,0.391,0.306,-0.303,-0.274,-0.384
20,A1_1,0.097,1.0,0.786,0.851,-0.153,0.046,-0.267,0.857,0.89,0.864,-0.227,-0.243,-0.255,0.334,0.322,0.393
20,A1_2,0.279,0.786,1.0,0.946,-0.376,-0.111,-0.448,0.814,0.889,0.948,-0.411,-0.387,-0.409,-0.046,-0.088,-0.009
20,A1_3,0.257,0.851,0.946,1.0,-0.266,-0.025,-0.371,0.772,0.896,0.941,-0.299,-0.291,-0.346,0.02,-0.05,0.056
20,B1_1,0.126,-0.153,-0.376,-0.266,1.0,0.864,0.9,-0.334,-0.272,-0.337,0.906,0.837,0.785,0.343,0.304,0.277
20,B1_2,0.33,0.046,-0.111,-0.025,0.864,1.0,0.877,-0.187,-0.096,-0.102,0.861,0.847,0.812,0.167,0.144,0.079
20,B1_3,0.246,-0.267,-0.448,-0.371,0.9,0.877,1.0,-0.459,-0.402,-0.435,0.934,0.954,0.929,0.161,0.207,0.1
20,A2_1,-0.053,0.857,0.814,0.772,-0.334,-0.187,-0.459,1.0,0.922,0.865,-0.49,-0.47,-0.491,0.243,0.24,0.321
20,A2_2,0.111,0.89,0.889,0.896,-0.272,-0.096,-0.402,0.922,1.0,0.959,-0.401,-0.366,-0.433,0.167,0.15,0.246
20,A2_3,0.234,0.864,0.948,0.941,-0.337,-0.102,-0.435,0.865,0.959,1.0,-0.416,-0.383,-0.42,0.036,0.023,0.108
20,B2_1,0.289,-0.227,-0.411,-0.299,0.906,0.861,0.934,-0.49,-0.401,-0.416,1.0,0.95,0.913,0.215,0.188,0.135
20,B2_2,0.391,-0.243,-0.387,-0.291,0.837,0.847,0.954,-0.47,-0.366,-0.383,0.95,1.0,0.927,0.064,0.094,-0.004
20,B2_3,0.306,-0.255,-0.409,-0.346,0.785,0.812,0.929,-0.491,-0.433,-0.42,0.913,0.927,1.0,0.102,0.159,0.051
20,y1,-0.303,0.334,-0.046,0.02,0.343,0.167,0.161,0.243,0.167,0.036,0.215,0.064,0.102,1.0,0.943,0.952
20,y2,-0.274,0.322,-0.088,-0.05,0.304,0.144,0.207,0.24,0.15,0.023,0.188,0.094,0.159,0.943,1.0,0.939
20,y3,-0.384,0.393,-0.009,0.056,0.277,0.079,0.1,0.321,0.246,0.108,0.135,-0.004,0.051,0.952,0.939,1.0
21,.,1.0,0.082,0.25,0.217,0.123,0.319,0.237,-0.024,0.104,0.191,0.271,0.363,0.272,-0.321,-0.29,-0.39
21,A1_1,0.082,1.0,0.812,0.875,-0.179,0.005,-0.266,0.861,0.902,0.88,-0.225,-0.261,-0.25,0.299,0.303,0.368
21,A1_2,0.25,0.812,1.0,0.955,-0.383,-0.138,-0.433,0.865,0.906,0.949,-0.4,-0.398,-0.41,-0.054,-0.08,-0.006
21,A1_3,0.217,0.875,0.955,1.0,-0.302,-0.076,-0.376,0.832,0.926,0.953,-0.31,-0.323,-0.354,0.006,-0.037,0.061
21,B1_1,0.123,-0.179,-0.383,-0.302,1.0,0.87,0.918,-0.36,-0.292,-0.359,0.923,0.86,0.834,0.312,0.278,0.256
21,B1_2,0.319,0.005,-0.138,-0.076,0.87,1.0,0.898,-0.216,-0.124,-0.14,0.883,0.868,0.858,0.132,0.115,0.054
21,B1_3,0.237,-0.266,-0.433,-0.376,0.918,0.898,1.0,-0.458,-0.39,-0.428,0.937,0.957,0.939,0.158,0.188,0.103
21,A2_1,-0.024,0.861,0.865,0.832,-0.36,-0.216,-0.458,1.0,0.94,0.902,-0.484,-0.483,-0.494,0.17,0.168,0.243
21,A2_2,0.104,0.902,0.906,0.926,-0.292,-0.124,-0.39,0.94,1.0,0.968,-0.385,-0.379,-0.421,0.136,0.129,0.215
21,A2_3,0.191,0.88,0.949,0.953,-0.359,-0.14,-0.428,0.902,0.968,1.0,-0.414,-0.408,-0.424,0.021,0.024,0.102
21,B2_1,0.271,-0.225,-0.4,-0.31,0.923,0.883,0.937,-0.484,-0.385,-0.414,1.0,0.956,0.928,0.207,0.175,0.139
21,B2_2,0.363,-0.261,-0.398,-0.323,0.86,0.868,0.957,-0.483,-0.379,-0.408,0.956,1.0,0.944,0.06,0.081,0.004
21,B2_3,0.272,-0.25,-0.41,-0.354,0.834,0.858,0.939,-0.494,-0.421,-0.424,0.928,0.944,1.0,0.13,0.165,0.084
21,y1,-0.321,0.299,-0.054,0.006,0.312,0.132,0.158,0.17,0.136,0.021,0.207,0.06,0.13,1.0,0.955,0.954
21,y2,-0.29,0.303,-0.08,-0.037,0.278,0.115,0.188,0.168,0.129,0.024,0.175,0.081,0.165,0.955,1.0,0.947
21,y3,-0.39,0.368,-0.006,0.061,0.256,0.054,0.103,0.243,0.215,0.102,0.139,0.004,0.084,0.954,0.947,1.0
22,.,1.0,0.08,0.234,0.184,0.124,0.324,0.227,-0.019,0.111,0.174,0.259,0.342,0.239,-0.325,-0.298,-0.395
22,A1_1,0.08,1.0,0.828,0.899,-0.202,-0.016,-0.27,0.855,0.907,0.887,-0.235,-0.279,-0.261,0.277,0.273,0.332
22,A1_2,0.234,0.828,1.0,0.96,-0.382,-0.141,-0.423,0.884,0.924,0.957,-0.393,-0.402,-0.419,-0.036,-0.071,-0.0
22,A1_3,0.184,0.899,0.96,1.0,-0.313,-0.089,-0.373,0.865,0.952,0.966,-0.318,-0.342,-0.367,0.034,-0.012,0.08
22,B1_1,0.124,-0.202,-0.382,-0.313,1.0,0.868,0.931,-0.396,-0.317,-0.376,0.931,0.878,0.862,0.27,0.242,0.226
22,B1_2,0.324,-0.016,-0.141,-0.089,0.868,1.0,0.903,-0.254,-0.142,-0.157,0.887,0.877,0.874,0.083,0.066,0.01
22,B1_3,0.227,-0.27,-0.423,-0.373,0.931,0.903,1.0,-0.475,-0.395,-0.428,0.937,0.959,0.942,0.134,0.157,0.086
22,A2_1,-0.019,0.855,0.884,0.865,-0.396,-0.254,-0.475,1.0,0.942,0.913,-0.503,-0.51,-0.516,0.142,0.128,0.196
22,A2_2,0.111,0.907,0.924,0.952,-0.317,-0.142,-0.395,0.942,1.0,0.974,-0.391,-0.398,-0.431,0.12,0.103,0.181
22,A2_3,0.174,0.887,0.957,0.966,-0.376,-0.157,-0.428,0.913,0.974,1.0,-0.419,-0.425,-0.439,0.018,0.01,0.083
22,B2_1,0.259,-0.235,-0.393,-0.318,0.931,0.887,0.937,-0.503,-0.391,-0.419,1.0,0.96,0.937,0.184,0.153,0.125
22,B2_2,0.342,-0.279,-0.402,-0.342,0.878,0.877,0.959,-0.51,-0.398,-0.425,0.96,1.0,0.951,0.042,0.059,-0.005
22,B2_3,0.239,-0.261,-0.419,-0.367,0.862,0.874,0.942,-0.516,-0.431,-0.439,0.937,0.951,1.0,0.135,0.163,0.094
22,y1,-0.325,0.277,-0.036,0.034,0.27,0.083,0.134,0.142,0.12,0.018,0.184,0.042,0.135,1.0,0.958,0.956
22,y2,-0.298,0.273,-0.071,-0.012,0.242,0.066,0.157,0.128,0.103,0.01,0.153,0.059,0.163,0.958,1.0,0.949
22,y3,-0.395,0.332,-0.0,0.08,0.226,0.01,0.086,0.196,0.181,0.083,0.125,-0.005,0.094,0.956,0.949,1.0
23,.,1.0,0.038,0.201,0.189,0.114,0.314,0.245,-0.022,0.092,0.144,0.272,0.323,0.262,-0.331,-0.305,-0.402
23,A1_1,0.038,1.0,0.81,0.86,-0.217,-0.031,-0.269,0.864,0.914,0.886,-0.224,-0.257,-0.244,0.283,0.304,0.352
23,A1_2,0.201,0.81,1.0,0.958,-0.43,-0.187,-0.436,0.898,0.921,0.946,-0.407,-0.409,-0.416,-0.043,-0.052,0.002
23,A1_3,0.189,0.86,0.958,1.0,-0.37,-0.134,-0.388,0.859,0.935,0.951,-0.325,-0.336,-0.36,-0.024,-0.044,0.028
23,B1_1,0.114,-0.217,-0.43,-0.37,1.0,0.868,0.92,-0.404,-0.323,-0.4,0.926,0.888,0.859,0.283,0.24,0.237
23,B1_2,0.314,-0.031,-0.187,-0.134,0.868,1.0,0.918,-0.246,-0.135,-0.178,0.899,0.895,0.891,0.11,0.083,0.039
23,B1_3,0.245,-0.269,-0.436,-0.388,0.92,0.918,1.0,-0.463,-0.376,-0.425,0.938,0.966,0.947,0.124,0.131,0.076
23,A2_1,-0.022,0.864,0.898,0.859,-0.404,-0.246,-0.463,1.0,0.947,0.92,-0.479,-0.47,-0.49,0.127,0.131,0.188
23,A2_2,0.092,0.914,0.921,0.935,-0.323,-0.135,-0.376,0.947,1.0,0.975,-0.358,-0.356,-0.389,0.128,0.132,0.197
23,A2_3,0.144,0.886,0.946,0.951,-0.4,-0.178,-0.425,0.92,0.975,1.0,-0.406,-0.405,-0.415,0.028,0.043,0.103
23,B2_1,0.272,-0.224,-0.407,-0.325,0.926,0.899,0.938,-0.479,-0.358,-0.406,1.0,0.967,0.938,0.177,0.132,0.12
23,B2_2,0.323,-0.257,-0.409,-0.336,0.888,0.895,0.966,-0.47,-0.356,-0.405,0.967,1.0,0.953,0.061,0.057,0.018
23,B2_3,0.262,-0.244,-0.416,-0.36,0.859,0.891,0.947,-0.49,-0.389,-0.415,0.938,0.953,1.0,0.123,0.133,0.079
23,y1,-0.331,0.283,-0.043,-0.024,0.283,0.11,0.124,0.127,0.128,0.028,0.177,0.061,0.123,1.0,0.962,0.956
23,y2,-0.305,0.304,-0.052,-0.044,0.24,0.083,0.131,0.131,0.132,0.043,0.132,0.057,0.133,0.962,1.0,0.951
23,y3,-0.402,0.352,0.002,0.028,0.237,0.039,0.076,0.188,0.197,0.103,0.12,0.018,0.079,0.956,0.951,1.0
24,.,1.0,0.038,0.191,0.166,0.108,0.295,0.25,0.001,0.107,0.163,0.236,0.29,0.233,-0.326,-0.283,-0.385
24,A1_1,0.038,1.0,0.808,0.868,-0.205,-0.005,-0.24,0.85,0.898,0.872,-0.186,-0.212,-0.205,0.283,0.316,0.362
24,A1_2,0.191,0.808,1.0,0.966,-0.42,-0.182,-0.425,0.926,0.939,0.951,-0.399,-0.397,-0.416,-0.053,-0.055,0.006
24,A1_3,0.166,0.868,0.966,1.0,-0.355,-0.124,-0.372,0.901,0.962,0.964,-0.317,-0.321,-0.353,-0.01,-0.019,0.061
24,B1_1,0.108,-0.205,-0.42,-0.355,1.0,0.875,0.927,-0.423,-0.333,-0.392,0.947,0.916,0.891,0.267,0.222,0.225
24,B1_2,0.295,-0.005,-0.182,-0.124,0.875,1.0,0.921,-0.25,-0.134,-0.161,0.902,0.903,0.903,0.103,0.08,0.041
24,B1_3,0.25,-0.24,-0.425,-0.372,0.927,0.921,1.0,-0.465,-0.362,-0.398,0.941,0.97,0.956,0.12,0.126,0.072
24,A2_1,0.001,0.85,0.926,0.901,-0.423,-0.25,-0.465,1.0,0.948,0.916,-0.466,-0.447,-0.484,0.077,0.086,0.147
