,,.,A1_1,A1_2,A1_3,B1_1,B1_2,B1_3,A2_1,A2_2,A2_3,B2_1,B2_2,B2_3,y1,y2,y3
1,.,1.0,0.864,0.831,0.843,0.911,0.846,0.748,0.808,0.852,0.799,0.679,0.724,0.806,0.842,0.844,0.841
1,A1_1,0.864,1.0,0.697,0.72,0.799,0.834,0.684,0.655,0.727,0.687,0.702,0.693,0.661,0.742,0.719,0.729
1,A1_2,0.831,0.697,1.0,0.702,0.781,0.618,0.665,0.825,0.892,0.838,0.685,0.743,0.737,0.794,0.721,0.708
1,A1_3,0.843,0.72,0.702,1.0,0.843,0.842,0.79,0.72,0.799,0.685,0.647,0.645,0.616,0.764,0.835,0.737
1,B1_1,0.911,0.799,0.781,0.843,1.0,0.859,0.79,0.825,0.794,0.726,0.73,0.756,0.766,0.807,0.868,0.854
1,B1_2,0.846,0.834,0.618,0.842,0.859,1.0,0.653,0.758,0.65,0.631,0.645,0.614,0.69,0.725,0.726,0.764
1,B1_3,0.748,0.684,0.665,0.79,0.79,0.653,1.0,0.496,0.797,0.659,0.827,0.562,0.497,0.794,0.826,0.742
1,A2_1,0.808,0.655,0.825,0.72,0.825,0.758,0.496,1.0,0.701,0.669,0.554,0.7,0.817,0.757,0.689,0.675
1,A2_2,0.852,0.727,0.892,0.799,0.794,0.65,0.797,0.701,1.0,0.836,0.727,0.711,0.738,0.859,0.822,0.815
1,A2_3,0.799,0.687,0.838,0.685,0.726,0.631,0.659,0.669,0.836,1.0,0.64,0.683,0.627,0.802,0.688,0.694
1,B2_1,0.679,0.702,0.685,0.647,0.73,0.645,0.827,0.554,0.727,0.64,1.0,0.578,0.609,0.729,0.718,0.723
1,B2_2,0.724,0.693,0.743,0.645,0.756,0.614,0.562,0.7,0.711,0.683,0.578,1.0,0.535,0.684,0.7,0.707
1,B2_3,0.806,0.661,0.737,0.616,0.766,0.69,0.497,0.817,0.738,0.627,0.609,0.535,1.0,0.689,0.66,0.796
1,y1,0.842,0.742,0.794,0.764,0.807,0.725,0.794,0.757,0.859,0.802,0.729,0.684,0.689,1.0,0.883,0.77
1,y2,0.844,0.719,0.721,0.835,0.868,0.726,0.826,0.689,0.822,0.688,0.718,0.7,0.66,0.883,1.0,0.763
1,y3,0.841,0.729,0.708,0.737,0.854,0.764,0.742,0.675,0.815,0.694,0.723,0.707,0.796,0.77,0.763,1.0
2,.,1.0,0.865,0.836,0.85,0.912,0.851,0.75,0.813,0.856,0.803,0.684,0.731,0.806,0.843,0.846,0.842
2,A1_1,0.865,1.0,0.705,0.724,0.797,0.834,0.685,0.661,0.733,0.69,0.703,0.696,0.664,0.743,0.721,0.731
2,A1_2,0.836,0.705,1.0,0.712,0.792,0.632,0.675,0.832,0.895,0.843,0.696,0.754,0.747,0.801,0.73,0.718
2,A1_3,0.85,0.724,0.712,1.0,0.845,0.846,0.792,0.729,0.806,0.69,0.652,0.652,0.624,0.768,0.838,0.741
2,B1_1,0.912,0.797,0.792,0.845,1.0,0.86,0.789,0.833,0.803,0.731,0.736,0.766,0.773,0.811,0.873,0.858
2,B1_2,0.851,0.834,0.632,0.846,0.86,1.0,0.653,0.767,0.661,0.638,0.651,0.624,0.696,0.73,0.732,0.769
2,B1_3,0.75,0.685,0.675,0.792,0.789,0.653,1.0,0.505,0.803,0.661,0.828,0.571,0.503,0.796,0.829,0.747
2,A2_1,0.813,0.661,0.832,0.729,0.833,0.767,0.505,1.0,0.712,0.677,0.568,0.711,0.823,0.763,0.699,0.686
2,A2_2,0.856,0.733,0.895,0.806,0.803,0.661,0.803,0.712,1.0,0.841,0.735,0.722,0.746,0.863,0.827,0.821
2,A2_3,0.803,0.69,0.843,0.69,0.731,0.638,0.661,0.677,0.841,1.0,0.644,0.691,0.635,0.806,0.694,0.701
2,B2_1,0.684,0.703,0.696,0.652,0.736,0.651,0.828,0.568,0.735,0.644,1.0,0.593,0.621,0.734,0.724,0.731
2,B2_2,0.731,0.696,0.754,0.652,0.766,0.624,0.571,0.711,0.722,0.691,0.593,1.0,0.554,0.693,0.71,0.717
2,B2_3,0.806,0.664,0.747,0.624,0.773,0.696,0.503,0.823,0.746,0.635,0.621,0.554,1.0,0.695,0.668,0.801
2,y1,0.843,0.743,0.801,0.768,0.811,0.73,0.796,0.763,0.863,0.806,0.734,0.693,0.695,1.0,0.885,0.776
2,y2,0.846,0.721,0.73,0.838,0.873,0.732,0.829,0.699,0.827,0.694,0.724,0.71,0.668,0.885,1.0,0.769
2,y3,0.842,0.731,0.718,0.741,0.858,0.769,0.747,0.686,0.821,0.701,0.731,0.717,0.801,0.776,0.769,1.0
3,.,1.0,0.867,0.842,0.858,0.913,0.856,0.753,0.818,0.86,0.809,0.691,0.739,0.808,0.843,0.849,0.843
3,A1_1,0.867,1.0,0.713,0.729,0.797,0.836,0.688,0.669,0.74,0.695,0.707,0.7,0.67,0.746,0.725,0.734
3,A1_2,0.842,0.713,1.0,0.724,0.803,0.648,0.686,0.84,0.899,0.849,0.709,0.765,0.758,0.808,0.739,0.728
3,A1_3,0.858,0.729,0.724,1.0,0.848,0.85,0.795,0.739,0.814,0.698,0.66,0.661,0.634,0.772,0.842,0.747
3,B1_1,0.913,0.797,0.803,0.848,1.0,0.863,0.791,0.841,0.812,0.737,0.745,0.777,0.781,0.815,0.877,0.863
3,B1_2,0.856,0.836,0.648,0.85,0.863,1.0,0.657,0.778,0.674,0.647,0.66,0.637,0.704,0.738,0.74,0.774
3,B1_3,0.753,0.688,0.686,0.795,0.791,0.657,1.0,0.517,0.81,0.667,0.831,0.583,0.513,0.8,0.834,0.754
3,A2_1,0.818,0.669,0.84,0.739,0.841,0.778,0.517,1.0,0.723,0.688,0.585,0.723,0.83,0.77,0.709,0.697
3,A2_2,0.86,0.74,0.899,0.814,0.812,0.674,0.81,0.723,1.0,0.848,0.744,0.733,0.755,0.867,0.833,0.826
3,A2_3,0.809,0.695,0.849,0.698,0.737,0.647,0.667,0.688,0.848,1.0,0.652,0.7,0.645,0.811,0.702,0.709
3,B2_1,0.691,0.707,0.709,0.66,0.745,0.66,0.831,0.585,0.744,0.652,1.0,0.61,0.636,0.741,0.733,0.741
3,B2_2,0.739,0.7,0.765,0.661,0.777,0.637,0.583,0.723,0.733,0.7,0.61,1.0,0.575,0.703,0.72,0.728
3,B2_3,0.808,0.67,0.758,0.634,0.781,0.704,0.513,0.83,0.755,0.645,0.636,0.575,1.0,0.703,0.677,0.806
3,y1,0.843,0.746,0.808,0.772,0.815,0.738,0.8,0.77,0.867,0.811,0.741,0.703,0.703,1.0,0.888,0.783
3,y2,0.849,0.725,0.739,0.842,0.877,0.74,0.834,0.709,0.833,0.702,0.733,0.72,0.677,0.888,1.0,0.777
3,y3,0.843,0.734,0.728,0.747,0.863,0.774,0.754,0.697,0.826,0.709,0.741,0.728,0.806,0.783,0.777,1.0
4,.,1.0,0.87,0.847,0.865,0.914,0.863,0.758,0.825,0.865,0.815,0.701,0.747,0.811,0.845,0.852,0.845
4,A1_1,0.87,1.0,0.722,0.737,0.798,0.839,0.694,0.679,0.749,0.702,0.712,0.707,0.678,0.75,0.73,0.739
4,A1_2,0.847,0.722,1.0,0.737,0.814,0.666,0.698,0.848,0.903,0.856,0.723,0.776,0.769,0.815,0.749,0.738
4,A1_3,0.865,0.737,0.737,1.0,0.853,0.856,0.799,0.75,0.823,0.708,0.671,0.672,0.646,0.779,0.846,0.754
4,B1_1,0.914,0.798,0.814,0.853,1.0,0.866,0.795,0.849,0.821,0.745,0.756,0.789,0.791,0.821,0.882,0.868
4,B1_2,0.863,0.839,0.666,0.856,0.866,1.0,0.664,0.79,0.689,0.659,0.671,0.652,0.715,0.747,0.749,0.782
4,B1_3,0.758,0.694,0.698,0.799,0.795,0.664,1.0,0.533,0.818,0.675,0.836,0.598,0.528,0.806,0.839,0.762
4,A2_1,0.825,0.679,0.848,0.75,0.849,0.79,0.533,1.0,0.736,0.7,0.604,0.735,0.837,0.778,0.72,0.709
4,A2_2,0.865,0.749,0.903,0.823,0.821,0.689,0.818,0.736,1.0,0.854,0.755,0.745,0.765,0.872,0.839,0.832
4,A2_3,0.815,0.702,0.856,0.708,0.745,0.659,0.675,0.7,0.854,1.0,0.662,0.711,0.658,0.817,0.712,0.719
4,B2_1,0.701,0.712,0.723,0.671,0.756,0.671,0.836,0.604,0.755,0.662,1.0,0.629,0.653,0.749,0.742,0.752
4,B2_2,0.747,0.707,0.776,0.672,0.789,0.652,0.598,0.735,0.745,0.711,0.629,1.0,0.597,0.714,0.731,0.739
4,B2_3,0.811,0.678,0.769,0.646,0.791,0.715,0.528,0.837,0.765,0.658,0.653,0.597,1.0,0.713,0.688,0.813
4,y1,0.845,0.75,0.815,0.779,0.821,0.747,0.806,0.778,0.872,0.817,0.749,0.714,0.713,1.0,0.891,0.791
4,y2,0.852,0.73,0.749,0.846,0.882,0.749,0.839,0.72,0.839,0.712,0.742,0.731,0.688,0.891,1.0,0.784
4,y3,0.845,0.739,0.738,0.754,0.868,0.782,0.762,0.709,0.832,0.719,0.752,0.739,0.813,0.791,0.784,1.0
5,.,1.0,0.873,0.853,0.872,0.915,0.869,0.764,0.831,0.869,0.821,0.71,0.755,0.814,0.846,0.855,0.846
5,A1_1,0.873,1.0,0.733,0.745,0.8,0.842,0.701,0.69,0.757,0.711,0.719,0.714,0.688,0.754,0.735,0.745
5,A1_2,0.853,0.733,1.0,0.75,0.824,0.684,0.711,0.856,0.906,0.862,0.736,0.787,0.781,0.822,0.758,0.749
5,A1_3,0.872,0.745,0.75,1.0,0.857,0.862,0.805,0.762,0.831,0.719,0.682,0.683,0.659,0.785,0.851,0.761
5,B1_1,0.915,0.8,0.824,0.857,1.0,0.871,0.801,0.857,0.83,0.754,0.768,0.801,0.802,0.826,0.887,0.873
5,B1_2,0.869,0.842,0.684,0.862,0.871,1.0,0.673,0.803,0.704,0.673,0.685,0.668,0.727,0.756,0.758,0.789
5,B1_3,0.764,0.701,0.711,0.805,0.801,0.673,1.0,0.55,0.826,0.684,0.841,0.614,0.545,0.812,0.845,0.771
5,A2_1,0.831,0.69,0.856,0.762,0.857,0.803,0.55,1.0,0.748,0.712,0.624,0.747,0.845,0.786,0.731,0.721
5,A2_2,0.869,0.757,0.906,0.831,0.83,0.704,0.826,0.748,1.0,0.861,0.765,0.757,0.775,0.876,0.844,0.838
5,A2_3,0.821,0.711,0.862,0.719,0.754,0.673,0.684,0.712,0.861,1.0,0.672,0.722,0.672,0.823,0.721,0.729
5,B2_1,0.71,0.719,0.736,0.682,0.768,0.685,0.841,0.624,0.765,0.672,1.0,0.649,0.671,0.758,0.752,0.764
5,B2_2,0.755,0.714,0.787,0.683,0.801,0.668,0.614,0.747,0.757,0.722,0.649,1.0,0.619,0.725,0.742,0.751
5,B2_3,0.814,0.688,0.781,0.659,0.802,0.727,0.545,0.845,0.775,0.672,0.671,0.619,1.0,0.722,0.699,0.819
5,y1,0.846,0.754,0.822,0.785,0.826,0.756,0.812,0.786,0.876,0.823,0.758,0.725,0.722,1.0,0.894,0.798
5,y2,0.855,0.735,0.758,0.851,0.887,0.758,0.845,0.731,0.844,0.721,0.752,0.742,0.699,0.894,1.0,0.792
5,y3,0.846,0.745,0.749,0.761,0.873,0.789,0.771,0.721,0.838,0.729,0.764,0.751,0.819,0.798,0.792,1.0
6,.,1.0,0.876,0.857,0.879,0.916,0.875,0.769,0.836,0.873,0.826,0.718,0.761,0.817,0.847,0.857,0.847
6,A1_1,0.876,1.0,0.742,0.753,0.803,0.846,0.707,0.7,0.766,0.719,0.726,0.721,0.697,0.759,0.741,0.75
6,A1_2,0.857,0.742,1.0,0.762,0.834,0.701,0.723,0.863,0.91,0.868,0.749,0.797,0.791,0.828,0.766,0.758
6,A1_3,0.879,0.753,0.762,1.0,0.862,0.868,0.81,0.773,0.839,0.729,0.694,0.694,0.672,0.791,0.854,0.768
6,B1_1,0.916,0.803,0.834,0.862,1.0,0.876,0.807,0.865,0.838,0.762,0.781,0.811,0.811,0.831,0.891,0.878
6,B1_2,0.875,0.846,0.701,0.868,0.876,1.0,0.683,0.814,0.718,0.686,0.698,0.684,0.738,0.765,0.767,0.796
6,B1_3,0.769,0.707,0.723,0.81,0.807,0.683,1.0,0.567,0.834,0.694,0.847,0.629,0.562,0.818,0.851,0.779
6,A2_1,0.836,0.7,0.863,0.773,0.865,0.814,0.567,1.0,0.759,0.724,0.642,0.759,0.851,0.793,0.741,0.732
6,A2_2,0.873,0.766,0.91,0.839,0.838,0.718,0.834,0.759,1.0,0.867,0.775,0.767,0.785,0.88,0.849,0.843
6,A2_3,0.826,0.719,0.868,0.729,0.762,0.686,0.694,0.724,0.867,1.0,0.683,0.732,0.685,0.828,0.73,0.738
6,B2_1,0.718,0.726,0.749,0.694,0.781,0.698,0.847,0.642,0.775,0.683,1.0,0.667,0.689,0.766,0.762,0.775
6,B2_2,0.761,0.721,0.797,0.694,0.811,0.684,0.629,0.759,0.767,0.732,0.667,1.0,0.639,0.735,0.752,0.761
6,B2_3,0.817,0.697,0.791,0.672,0.811,0.738,0.562,0.851,0.785,0.685,0.689,0.639,1.0,0.731,0.709,0.825
6,y1,0.847,0.759,0.828,0.791,0.831,0.765,0.818,0.793,0.88,0.828,0.766,0.735,0.731,1.0,0.897,0.805
6,y2,0.857,0.741,0.766,0.854,0.891,0.767,0.851,0.741,0.849,0.73,0.762,0.752,0.709,0.897,1.0,0.799
6,y3,0.847,0.75,0.758,0.768,0.878,0.796,0.779,0.732,0.843,0.738,0.775,0.761,0.825,0.805,0.799,1.0
7,.,1.0,0.879,0.862,0.885,0.916,0.88,0.774,0.841,0.876,0.831,0.726,0.767,0.82,0.847,0.858,0.847
7,A1_1,0.879,1.0,0.752,0.761,0.807,0.85,0.715,0.711,0.774,0.728,0.732,0.728,0.707,0.764,0.747,0.755
7,A1_2,0.862,0.752,1.0,0.773,0.842,0.717,0.735,0.87,0.913,0.874,0.761,0.806,0.801,0.833,0.774,0.766
7,A1_3,0.885,0.761,0.773,1.0,0.866,0.874,0.816,0.783,0.847,0.739,0.705,0.705,0.684,0.796,0.858,0.774
7,B1_1,0.916,0.807,0.842,0.866,1.0,0.88,0.813,0.872,0.845,0.771,0.793,0.821,0.821,0.836,0.895,0.882
7,B1_2,0.88,0.85,0.717,0.874,0.88,1.0,0.693,0.825,0.732,0.699,0.712,0.698,0.75,0.774,0.776,0.804
7,B1_3,0.774,0.715,0.735,0.816,0.813,0.693,1.0,0.584,0.841,0.704,0.853,0.645,0.579,0.824,0.856,0.788
7,A2_1,0.841,0.711,0.87,0.783,0.872,0.825,0.584,1.0,0.769,0.736,0.66,0.769,0.858,0.8,0.75,0.742
7,A2_2,0.876,0.774,0.913,0.847,0.845,0.732,0.841,0.769,1.0,0.873,0.784,0.777,0.794,0.883,0.854,0.848
7,A2_3,0.831,0.728,0.874,0.739,0.771,0.699,0.704,0.736,0.873,1.0,0.694,0.742,0.697,0.833,0.738,0.746
7,B2_1,0.726,0.732,0.761,0.705,0.793,0.712,0.853,0.66,0.784,0.694,1.0,0.685,0.706,0.774,0.771,0.785
7,B2_2,0.767,0.728,0.806,0.705,0.821,0.698,0.645,0.769,0.777,0.742,0.685,1.0,0.658,0.744,0.762,0.771
7,B2_3,0.82,0.707,0.801,0.684,0.821,0.75,0.579,0.858,0.794,0.697,0.706,0.658,1.0,0.739,0.72,0.831
7,y1,0.847,0.764,0.833,0.796,0.836,0.774,0.824,0.8,0.883,0.833,0.774,0.744,0.739,1.0,0.9,0.812
7,y2,0.858,0.747,0.774,0.858,0.895,0.776,0.856,0.75,0.854,0.738,0.771,0.762,0.72,0.9,1.0,0.806
7,y3,0.847,0.755,0.766,0.774,0.882,0.804,0.788,0.742,0.848,0.746,0.785,0.771,0.831,0.812,0.806,1.0
8,.,1.0,0.882,0.865,0.89,0.916,0.885,0.779,0.845,0.878,0.836,0.733,0.772,0.822,0.846,0.859,0.847
8,A1_1,0.882,1.0,0.761,0.769,0.81,0.854,0.722,0.721,0.782,0.736,0.739,0.735,0.716,0.768,0.752,0.76
8,A1_2,0.865,0.761,1.0,0.783,0.85,0.732,0.745,0.875,0.917,0.879,0.771,0.814,0.81,0.837,0.78,0.773
8,A1_3,0.89,0.769,0.783,1.0,0.87,0.879,0.821,0.792,0.853,0.749,0.715,0.714,0.695,0.801,0.861,0.78
8,B1_1,0.916,0.81,0.85,0.87,1.0,0.885,0.82,0.877,0.852,0.779,0.804,0.83,0.829,0.84,0.898,0.886
8,B1_2,0.885,0.854,0.732,0.879,0.885,1.0,0.703,0.835,0.744,0.712,0.725,0.712,0.761,0.781,0.784,0.81
8,B1_3,0.779,0.722,0.745,0.821,0.82,0.703,1.0,0.599,0.848,0.713,0.858,0.659,0.595,0.829,0.861,0.796
8,A2_1,0.845,0.721,0.875,0.792,0.877,0.835,0.599,1.0,0.779,0.746,0.676,0.778,0.864,0.805,0.758,0.751
8,A2_2,0.878,0.782,0.917,0.853,0.852,0.744,0.848,0.779,1.0,0.879,0.792,0.786,0.801,0.885,0.858,0.852
8,A2_3,0.836,0.736,0.879,0.749,0.779,0.712,0.713,0.746,0.879,1.0,0.704,0.75,0.709,0.837,0.746,0.754
8,B2_1,0.733,0.739,0.771,0.715,0.804,0.725,0.858,0.676,0.792,0.704,1.0,0.702,0.722,0.781,0.78,0.795
8,B2_2,0.772,0.735,0.814,0.714,0.83,0.712,0.659,0.778,0.786,0.75,0.702,1.0,0.675,0.752,0.77,0.78
8,B2_3,0.822,0.716,0.81,0.695,0.829,0.761,0.595,0.864,0.801,0.709,0.722,0.675,1.0,0.747,0.729,0.836
8,y1,0.846,0.768,0.837,0.801,0.84,0.781,0.829,0.805,0.885,0.837,0.781,0.752,0.747,1.0,0.902,0.818
8,y2,0.859,0.752,0.78,0.861,0.898,0.784,0.861,0.758,0.858,0.746,0.78,0.77,0.729,0.902,1.0,0.812
8,y3,0.847,0.76,0.773,0.78,0.886,0.81,0.796,0.751,0.852,0.754,0.795,0.78,0.836,0.818,0.812,1.0
9,.,1.0,0.885,0.867,0.894,0.915,0.888,0.782,0.848,0.88,0.839,0.738,0.774,0.823,0.845,0.858,0.846
9,A1_1,0.885,1.0,0.768,0.776,0.813,0.857,0.728,0.73,0.788,0.743,0.744,0.74,0.723,0.772,0.756,0.764
9,A1_2,0.867,0.768,1.0,0.792,0.856,0.744,0.754,0.88,0.919,0.884,0.78,0.821,0.817,0.84,0.785,0.779
9,A1_3,0.894,0.776,0.792,1.0,0.872,0.883,0.825,0.8,0.859,0.757,0.724,0.722,0.704,0.804,0.863,0.784
9,B1_1,0.915,0.813,0.856,0.872,1.0,0.889,0.825,0.882,0.857,0.785,0.814,0.838,0.837,0.843,0.9,0.889
9,B1_2,0.888,0.857,0.744,0.883,0.889,1.0,0.712,0.843,0.755,0.722,0.736,0.724,0.77,0.788,0.79,0.816
9,B1_3,0.782,0.728,0.754,0.825,0.825,0.712,1.0,0.612,0.853,0.721,0.863,0.672,0.609,0.834,0.865,0.803
9,A2_1,0.848,0.73,0.88,0.8,0.882,0.843,0.612,1.0,0.786,0.755,0.689,0.786,0.868,0.809,0.764,0.758
9,A2_2,0.88,0.788,0.919,0.859,0.857,0.755,0.853,0.786,1.0,0.883,0.798,0.793,0.808,0.887,0.86,0.855
9,A2_3,0.839,0.743,0.884,0.757,0.785,0.722,0.721,0.755,0.883,1.0,0.713,0.758,0.718,0.841,0.751,0.76
9,B2_1,0.738,0.744,0.78,0.724,0.814,0.736,0.863,0.689,0.798,0.713,1.0,0.716,0.735,0.787,0.787,0.803
9,B2_2,0.774,0.74,0.821,0.722,0.838,0.724,0.672,0.786,0.793,0.758,0.716,1.0,0.69,0.759,0.776,0.787
9,B2_3,0.823,0.723,0.817,0.704,0.837,0.77,0.609,0.868,0.808,0.718,0.735,0.69,1.0,0.752,0.736,0.841
9,y1,0.845,0.772,0.84,0.804,0.843,0.788,0.834,0.809,0.887,0.841,0.787,0.759,0.752,1.0,0.904,0.822
9,y2,0.858,0.756,0.785,0.863,0.9,0.79,0.865,0.764,0.86,0.751,0.787,0.776,0.736,0.904,1.0,0.818
9,y3,0.846,0.764,0.779,0.784,0.889,0.816,0.803,0.758,0.855,0.76,0.803,0.787,0.841,0.822,0.818,1.0
10,.,1.0,0.887,0.868,0.898,0.913,0.891,0.784,0.85,0.88,0.841,0.741,0.776,0.824,0.842,0.857,0.845
10,A1_1,0.887,1.0,0.775,0.782,0.815,0.86,0.733,0.738,0.794,0.75,0.749,0.745,0.73,0.774,0.759,0.767
10,A1_2,0.868,0.775,1.0,0.8,0.861,0.756,0.762,0.885,0.921,0.887,0.788,0.827,0.824,0.842,0.789,0.784
10,A1_3,0.898,0.782,0.8,1.0,0.875,0.886,0.829,0.807,0.864,0.765,0.731,0.728,0.712,0.807,0.864,0.788
10,B1_1,0.913,0.815,0.861,0.875,1.0,0.893,0.831,0.886,0.861,0.791,0.823,0.845,0.843,0.845,0.902,0.892
10,B1_2,0.891,0.86,0.756,0.886,0.893,1.0,0.72,0.851,0.764,0.732,0.747,0.734,0.778,0.793,0.796,0.821
10,B1_3,0.784,0.733,0.762,0.829,0.831,0.72,1.0,0.624,0.858,0.728,0.868,0.683,0.622,0.838,0.869,0.809
10,A2_1,0.85,0.738,0.885,0.807,0.886,0.851,0.624,1.0,0.793,0.762,0.701,0.793,0.872,0.812,0.769,0.764
10,A2_2,0.88,0.794,0.921,0.864,0.861,0.764,0.858,0.793,1.0,0.888,0.804,0.799,0.813,0.888,0.862,0.858
10,A2_3,0.841,0.75,0.887,0.765,0.791,0.732,0.728,0.762,0.888,1.0,0.72,0.764,0.727,0.843,0.756,0.766
10,B2_1,0.741,0.749,0.788,0.731,0.823,0.747,0.868,0.701,0.804,0.72,1.0,0.729,0.748,0.791,0.793,0.81
10,B2_2,0.776,0.745,0.827,0.728,0.845,0.734,0.683,0.793,0.799,0.764,0.729,1.0,0.702,0.764,0.781,0.794
10,B2_3,0.824,0.73,0.824,0.712,0.843,0.778,0.622,0.872,0.813,0.727,0.748,0.702,1.0,0.756,0.742,0.844
10,y1,0.842,0.774,0.842,0.807,0.845,0.793,0.838,0.812,0.888,0.843,0.791,0.764,0.756,1.0,0.905,0.826
10,y2,0.857,0.759,0.789,0.864,0.902,0.796,0.869,0.769,0.862,0.756,0.793,0.781,0.742,0.905,1.0,0.822
10,y3,0.845,0.767,0.784,0.788,0.892,0.821,0.809,0.764,0.858,0.766,0.81,0.794,0.844,0.826,0.822,1.0
11,.,1.0,0.889,0.869,0.9,0.91,0.894,0.785,0.852,0.88,0.842,0.743,0.775,0.823,0.838,0.854,0.842
11,A1_1,0.889,1.0,0.781,0.787,0.817,0.863,0.737,0.745,0.799,0.756,0.753,0.749,0.736,0.776,0.762,0.77
11,A1_2,0.869,0.781,1.0,0.807,0.865,0.766,0.769,0.889,0.923,0.891,0.794,0.832,0.829,0.843,0.792,0.788
11,A1_3,0.9,0.787,0.807,1.0,0.876,0.89,0.832,0.813,0.869,0.772,0.737,0.734,0.718,0.809,0.865,0.791
11,B1_1,0.91,0.817,0.865,0.876,1.0,0.896,0.836,0.889,0.864,0.795,0.832,0.85,0.849,0.846,0.904,0.894
11,B1_2,0.894,0.863,0.766,0.89,0.896,1.0,0.728,0.858,0.772,0.741,0.756,0.743,0.786,0.797,0.8,0.825
11,B1_3,0.785,0.737,0.769,0.832,0.836,0.728,1.0,0.634,0.861,0.735,0.872,0.694,0.634,0.841,0.872,0.814
11,A2_1,0.852,0.745,0.889,0.813,0.889,0.858,0.634,1.0,0.799,0.769,0.711,0.798,0.875,0.814,0.773,0.768
11,A2_2,0.88,0.799,0.923,0.869,0.864,0.772,0.861,0.799,1.0,0.891,0.808,0.804,0.817,0.888,0.863,0.859
11,A2_3,0.842,0.756,0.891,0.772,0.795,0.741,0.735,0.769,0.891,1.0,0.726,0.77,0.734,0.845,0.76,0.77
11,B2_1,0.743,0.753,0.794,0.737,0.832,0.756,0.872,0.711,0.808,0.726,1.0,0.74,0.759,0.794,0.798,0.817
11,B2_2,0.775,0.749,0.832,0.734,0.85,0.743,0.694,0.798,0.804,0.77,0.74,1.0,0.714,0.767,0.786,0.799
11,B2_3,0.823,0.736,0.829,0.718,0.849,0.786,0.634,0.875,0.817,0.734,0.759,0.714,1.0,0.759,0.748,0.848
11,y1,0.838,0.776,0.843,0.809,0.846,0.797,0.841,0.814,0.888,0.845,0.794,0.767,0.759,1.0,0.906,0.829
11,y2,0.854,0.762,0.792,0.865,0.904,0.8,0.872,0.773,0.863,0.76,0.798,0.786,0.748,0.906,1.0,0.825
11,y3,0.842,0.77,0.788,0.791,0.894,0.825,0.814,0.768,0.859,0.77,0.817,0.799,0.848,0.829,0.825,1.0
12,.,1.0,0.89,0.869,0.902,0.907,0.895,0.784,0.852,0.879,0.843,0.742,0.774,0.821,0.834,0.85,0.839
12,A1_1,0.89,1.0,0.787,0.792,0.818,0.865,0.741,0.751,0.804,0.761,0.756,0.751,0.74,0.777,0.763,0.772
12,A1_2,0.869,0.787,1.0,0.812,0.869,0.774,0.774,0.892,0.925,0.893,0.8,0.836,0.834,0.843,0.793,0.79
12,A1_3,0.902,0.792,0.812,1.0,0.877,0.892,0.834,0.818,0.873,0.777,0.742,0.738,0.723,0.81,0.864,0.792
12,B1_1,0.907,0.818,0.869,0.877,1.0,0.899,0.84,0.892,0.867,0.799,0.839,0.855,0.854,0.846,0.904,0.895
12,B1_2,0.895,0.865,0.774,0.892,0.899,1.0,0.734,0.864,0.779,0.748,0.764,0.751,0.792,0.8,0.804,0.828
12,B1_3,0.784,0.741,0.774,0.834,0.84,0.734,1.0,0.643,0.864,0.74,0.875,0.702,0.644,0.843,0.875,0.819
12,A2_1,0.852,0.751,0.892,0.818,0.892,0.864,0.643,1.0,0.803,0.775,0.719,0.803,0.877,0.814,0.775,0.771
12,A2_2,0.879,0.804,0.925,0.873,0.867,0.779,0.864,0.803,1.0,0.894,0.812,0.808,0.821,0.887,0.864,0.86
12,A2_3,0.843,0.761,0.893,0.777,0.799,0.748,0.74,0.775,0.894,1.0,0.731,0.774,0.74,0.846,0.763,0.773
12,B2_1,0.742,0.756,0.8,0.742,0.839,0.764,0.875,0.719,0.812,0.731,1.0,0.75,0.769,0.797,0.802,0.822
12,B2_2,0.774,0.751,0.836,0.738,0.855,0.751,0.702,0.803,0.808,0.774,0.75,1.0,0.723,0.77,0.789,0.803
12,B2_3,0.821,0.74,0.834,0.723,0.854,0.792,0.644,0.877,0.821,0.74,0.769,0.723,1.0,0.761,0.752,0.85
12,y1,0.834,0.777,0.843,0.81,0.846,0.8,0.843,0.814,0.887,0.846,0.797,0.77,0.761,1.0,0.907,0.831
12,y2,0.85,0.763,0.793,0.864,0.904,0.804,0.875,0.775,0.864,0.763,0.802,0.789,0.752,0.907,1.0,0.828
12,y3,0.839,0.772,0.79,0.792,0.895,0.828,0.819,0.771,0.86,0.773,0.822,0.803,0.85,0.831,0.828,1.0
13,.,1.0,0.891,0.867,0.903,0.903,0.895,0.783,0.851,0.877,0.842,0.74,0.77,0.818,0.827,0.845,0.834
13,A1_1,0.891,1.0,0.791,0.796,0.819,0.867,0.744,0.756,0.807,0.765,0.758,0.753,0.744,0.777,0.764,0.773
13,A1_2,0.867,0.791,1.0,0.817,0.871,0.782,0.778,0.894,0.926,0.895,0.804,0.839,0.837,0.842,0.794,0.791
13,A1_3,0.903,0.796,0.817,1.0,0.877,0.894,0.836,0.822,0.876,0.782,0.745,0.741,0.727,0.81,0.863,0.793
13,B1_1,0.903,0.819,0.871,0.877,1.0,0.901,0.843,0.893,0.868,0.801,0.845,0.859,0.858,0.846,0.904,0.897
13,B1_2,0.895,0.867,0.782,0.894,0.901,1.0,0.74,0.868,0.785,0.754,0.771,0.757,0.797,0.802,0.806,0.831
13,B1_3,0.783,0.744,0.778,0.836,0.843,0.74,1.0,0.65,0.866,0.744,0.878,0.71,0.653,0.845,0.876,0.823
13,A2_1,0.851,0.756,0.894,0.822,0.893,0.868,0.65,1.0,0.807,0.779,0.726,0.806,0.879,0.814,0.776,0.773
13,A2_2,0.877,0.807,0.926,0.876,0.868,0.785,0.866,0.807,1.0,0.896,0.814,0.811,0.823,0.886,0.863,0.86
13,A2_3,0.842,0.765,0.895,0.782,0.801,0.754,0.744,0.779,0.896,1.0,0.735,0.777,0.744,0.846,0.764,0.775
13,B2_1,0.74,0.758,0.804,0.745,0.845,0.771,0.878,0.726,0.814,0.735,1.0,0.758,0.777,0.797,0.805,0.826
13,B2_2,0.77,0.753,0.839,0.741,0.859,0.757,0.71,0.806,0.811,0.777,0.758,1.0,0.731,0.771,0.791,0.806
13,B2_3,0.818,0.744,0.837,0.727,0.858,0.797,0.653,0.879,0.823,0.744,0.777,0.731,1.0,0.761,0.754,0.852
13,y1,0.827,0.777,0.842,0.81,0.846,0.802,0.845,0.814,0.886,0.846,0.797,0.771,0.761,1.0,0.907,0.832
13,y2,0.845,0.764,0.794,0.863,0.904,0.806,0.876,0.776,0.863,0.764,0.805,0.791,0.754,0.907,1.0,0.83
13,y3,0.834,0.773,0.791,0.793,0.897,0.831,0.823,0.773,0.86,0.775,0.826,0.806,0.852,0.832,0.83,1.0
14,.,1.0,0.891,0.865,0.904,0.897,0.894,0.779,0.85,0.875,0.84,0.736,0.765,0.813,0.82,0.839,0.828
14,A1_1,0.891,1.0,0.795,0.799,0.82,0.869,0.745,0.761,0.811,0.768,0.759,0.755,0.747,0.777,0.764,0.773
14,A1_2,0.865,0.795,1.0,0.821,0.873,0.788,0.782,0.897,0.927,0.897,0.807,0.841,0.84,0.84,0.793,0.792
14,A1_3,0.904,0.799,0.821,1.0,0.877,0.895,0.837,0.826,0.879,0.786,0.747,0.743,0.73,0.809,0.862,0.793
14,B1_1,0.897,0.82,0.873,0.877,1.0,0.903,0.846,0.894,0.869,0.803,0.851,0.862,0.862,0.844,0.904,0.897
14,B1_2,0.894,0.869,0.788,0.895,0.903,1.0,0.744,0.873,0.79,0.759,0.777,0.763,0.802,0.803,0.808,0.833
14,B1_3,0.779,0.745,0.782,0.837,0.846,0.744,1.0,0.655,0.868,0.746,0.881,0.716,0.66,0.845,0.878,0.826
14,A2_1,0.85,0.761,0.897,0.826,0.894,0.873,0.655,1.0,0.81,0.783,0.731,0.809,0.879,0.813,0.777,0.774
14,A2_2,0.875,0.811,0.927,0.879,0.869,0.79,0.868,0.81,1.0,0.898,0.815,0.813,0.824,0.884,0.862,0.86
14,A2_3,0.84,0.768,0.897,0.786,0.803,0.759,0.746,0.783,0.898,1.0,0.738,0.78,0.747,0.845,0.765,0.775
14,B2_1,0.736,0.759,0.807,0.747,0.851,0.777,0.881,0.731,0.815,0.738,1.0,0.765,0.785,0.797,0.807,0.83
14,B2_2,0.765,0.755,0.841,0.743,0.862,0.763,0.716,0.809,0.813,0.78,0.765,1.0,0.738,0.772,0.792,0.808
14,B2_3,0.813,0.747,0.84,0.73,0.862,0.802,0.66,0.879,0.824,0.747,0.785,0.738,1.0,0.76,0.756,0.853
14,y1,0.82,0.777,0.84,0.809,0.844,0.803,0.845,0.813,0.884,0.845,0.797,0.772,0.76,1.0,0.907,0.833
14,y2,0.839,0.764,0.793,0.862,0.904,0.808,0.878,0.777,0.862,0.765,0.807,0.792,0.756,0.907,1.0,0.832
14,y3,0.828,0.773,0.792,0.793,0.897,0.833,0.826,0.774,0.86,0.775,0.83,0.808,0.853,0.833,0.832,1.0
15,.,1.0,0.891,0.862,0.903,0.891,0.893,0.775,0.848,0.871,0.837,0.731,0.758,0.808,0.812,0.832,0.821
15,A1_1,0.891,1.0,0.798,0.802,0.819,0.87,0.747,0.764,0.813,0.771,0.759,0.755,0.749,0.775,0.764,0.772
15,A1_2,0.862,0.798,1.0,0.825,0.874,0.794,0.784,0.899,0.928,0.899,0.809,0.843,0.842,0.837,0.792,0.791
15,A1_3,0.903,0.802,0.825,1.0,0.876,0.896,0.837,0.829,0.881,0.79,0.749,0.744,0.732,0.807,0.859,0.792
15,B1_1,0.891,0.819,0.874,0.876,1.0,0.905,0.849,0.895,0.87,0.804,0.856,0.865,0.865,0.842,0.903,0.897
15,B1_2,0.893,0.87,0.794,0.896,0.905,1.0,0.748,0.877,0.794,0.763,0.782,0.768,0.806,0.803,0.809,0.834
15,B1_3,0.775,0.747,0.784,0.837,0.849,0.748,1.0,0.66,0.869,0.748,0.883,0.721,0.666,0.845,0.878,0.829
15,A2_1,0.848,0.764,0.899,0.829,0.895,0.877,0.66,1.0,0.812,0.786,0.735,0.811,0.88,0.811,0.776,0.774
15,A2_2,0.871,0.813,0.928,0.881,0.87,0.794,0.869,0.812,1.0,0.9,0.816,0.814,0.825,0.881,0.86,0.859
15,A2_3,0.837,0.771,0.899,0.79,0.804,0.763,0.748,0.786,0.9,1.0,0.739,0.781,0.749,0.844,0.765,0.775
15,B2_1,0.731,0.759,0.809,0.749,0.856,0.782,0.883,0.735,0.816,0.739,1.0,0.772,0.792,0.796,0.808,0.833
15,B2_2,0.758,0.755,0.843,0.744,0.865,0.768,0.721,0.811,0.814,0.781,0.772,1.0,0.744,0.771,0.792,0.81
15,B2_3,0.808,0.749,0.842,0.732,0.865,0.806,0.666,0.88,0.825,0.749,0.792,0.744,1.0,0.758,0.757,0.853
15,y1,0.812,0.775,0.837,0.807,0.842,0.803,0.845,0.811,0.881,0.844,0.796,0.771,0.758,1.0,0.907,0.832
15,y2,0.832,0.764,0.792,0.859,0.903,0.809,0.878,0.776,0.86,0.765,0.808,0.792,0.757,0.907,1.0,0.832
15,y3,0.821,0.772,0.791,0.792,0.897,0.834,0.829,0.774,0.859,0.775,0.833,0.81,0.853,0.832,0.832,1.0
16,.,1.0,0.89,0.858,0.902,0.884,0.89,0.769,0.845,0.867,0.834,0.723,0.75,0.801,0.802,0.823,0.813
16,A1_1,0.89,1.0,0.801,0.804,0.819,0.87,0.747,0.767,0.815,0.773,0.759,0.755,0.75,0.773,0.762,0.771
16,A1_2,0.858,0.801,1.0,0.828,0.875,0.798,0.786,0.9,0.928,0.9,0.81,0.844,0.843,0.833,0.79,0.79
16,A1_3,0.902,0.804,0.828,1.0,0.874,0.897,0.836,0.832,0.883,0.793,0.749,0.744,0.732,0.804,0.856,0.79
16,B1_1,0.884,0.819,0.875,0.874,1.0,0.906,0.851,0.895,0.869,0.804,0.86,0.868,0.867,0.839,0.902,0.897
16,B1_2,0.89,0.87,0.798,0.897,0.906,1.0,0.751,0.88,0.798,0.766,0.787,0.772,0.81,0.802,0.809,0.835
16,B1_3,0.769,0.747,0.786,0.836,0.851,0.751,1.0,0.663,0.869,0.75,0.884,0.726,0.671,0.845,0.879,0.831
16,A2_1,0.845,0.767,0.9,0.832,0.895,0.88,0.663,1.0,0.814,0.788,0.738,0.811,0.879,0.807,0.775,0.773
16,A2_2,0.867,0.815,0.928,0.883,0.869,0.798,0.869,0.814,1.0,0.901,0.816,0.815,0.825,0.878,0.858,0.857
16,A2_3,0.834,0.773,0.9,0.793,0.804,0.766,0.75,0.788,0.901,1.0,0.739,0.782,0.75,0.842,0.764,0.774
16,B2_1,0.723,0.759,0.81,0.749,0.86,0.787,0.884,0.738,0.816,0.739,1.0,0.777,0.798,0.793,0.808,0.835
16,B2_2,0.75,0.755,0.844,0.744,0.868,0.772,0.726,0.811,0.815,0.782,0.777,1.0,0.749,0.77,0.791,0.811
16,B2_3,0.801,0.75,0.843,0.732,0.867,0.81,0.671,0.879,0.825,0.75,0.798,0.749,1.0,0.754,0.757,0.854
16,y1,0.802,0.773,0.833,0.804,0.839,0.802,0.845,0.807,0.878,0.842,0.793,0.77,0.754,1.0,0.907,0.831
16,y2,0.823,0.762,0.79,0.856,0.902,0.809,0.879,0.775,0.858,0.764,0.808,0.791,0.757,0.907,1.0,0.832
16,y3,0.813,0.771,0.79,0.79,0.897,0.835,0.831,0.773,0.857,0.774,0.835,0.811,0.854,0.831,0.832,1.0
17,.,1.0,0.889,0.852,0.9,0.875,0.887,0.762,0.84,0.862,0.829,0.714,0.74,0.793,0.791,0.813,0.804
17,A1_1,0.889,1.0,0.803,0.806,0.817,0.871,0.747,0.77,0.817,0.775,0.757,0.754,0.751,0.77,0.76,0.769
17,A1_2,0.852,0.803,1.0,0.83,0.875,0.802,0.787,0.901,0.928,0.9,0.811,0.845,0.844,0.828,0.786,0.788
17,A1_3,0.9,0.806,0.83,1.0,0.872,0.897,0.835,0.834,0.885,0.795,0.748,0.743,0.731,0.801,0.853,0.787
17,B1_1,0.875,0.817,0.875,0.872,1.0,0.907,0.853,0.895,0.868,0.803,0.864,0.869,0.87,0.834,0.9,0.897
17,B1_2,0.887,0.871,0.802,0.897,0.907,1.0,0.754,0.882,0.8,0.769,0.791,0.775,0.812,0.8,0.809,0.835
17,B1_3,0.762,0.747,0.787,0.835,0.853,0.754,1.0,0.665,0.869,0.75,0.886,0.73,0.676,0.843,0.879,0.833
17,A2_1,0.84,0.77,0.901,0.834,0.895,0.882,0.665,1.0,0.814,0.79,0.74,0.812,0.878,0.803,0.772,0.771
17,A2_2,0.862,0.817,0.928,0.885,0.868,0.8,0.869,0.814,1.0,0.902,0.814,0.815,0.824,0.874,0.854,0.854
17,A2_3,0.829,0.775,0.9,0.795,0.803,0.769,0.75,0.79,0.902,1.0,0.739,0.782,0.75,0.839,0.762,0.773
17,B2_1,0.714,0.757,0.811,0.748,0.864,0.791,0.886,0.74,0.814,0.739,1.0,0.782,0.803,0.789,0.808,0.837
17,B2_2,0.74,0.754,0.845,0.743,0.869,0.775,0.73,0.812,0.815,0.782,0.782,1.0,0.753,0.767,0.79,0.811
17,B2_3,0.793,0.751,0.844,0.731,0.87,0.812,0.676,0.878,0.824,0.75,0.803,0.753,1.0,0.75,0.756,0.853
17,y1,0.791,0.77,0.828,0.801,0.834,0.8,0.843,0.803,0.874,0.839,0.789,0.767,0.75,1.0,0.906,0.829
17,y2,0.813,0.76,0.786,0.853,0.9,0.809,0.879,0.772,0.854,0.762,0.808,0.79,0.756,0.906,1.0,0.832
17,y3,0.804,0.769,0.788,0.787,0.897,0.835,0.833,0.771,0.854,0.773,0.837,0.811,0.853,0.829,0.832,1.0
18,.,1.0,0.887,0.846,0.898,0.865,0.882,0.753,0.835,0.855,0.823,0.702,0.728,0.783,0.778,0.802,0.792
18,A1_1,0.887,1.0,0.804,0.807,0.816,0.871,0.746,0.771,0.818,0.776,0.755,0.752,0.75,0.766,0.757,0.766
18,A1_2,0.846,0.804,1.0,0.832,0.874,0.806,0.787,0.902,0.928,0.901,0.811,0.845,0.844,0.822,0.782,0.785
18,A1_3,0.898,0.807,0.832,1.0,0.869,0.896,0.833,0.835,0.886,0.797,0.746,0.741,0.73,0.797,0.848,0.783
18,B1_1,0.865,0.816,0.874,0.869,1.0,0.908,0.854,0.894,0.867,0.802,0.867,0.871,0.871,0.829,0.897,0.896
18,B1_2,0.882,0.871,0.806,0.896,0.908,1.0,0.756,0.885,0.802,0.77,0.794,0.777,0.815,0.797,0.807,0.835
18,B1_3,0.753,0.746,0.787,0.833,0.854,0.756,1.0,0.666,0.867,0.749,0.887,0.733,0.679,0.841,0.878,0.834
18,A2_1,0.835,0.771,0.902,0.835,0.894,0.885,0.666,1.0,0.815,0.791,0.741,0.811,0.876,0.798,0.768,0.768
18,A2_2,0.855,0.818,0.928,0.886,0.867,0.802,0.867,0.815,1.0,0.903,0.812,0.814,0.823,0.869,0.85,0.851
18,A2_3,0.823,0.776,0.901,0.797,0.802,0.77,0.749,0.791,0.903,1.0,0.737,0.782,0.749,0.835,0.759,0.77
18,B2_1,0.702,0.755,0.811,0.746,0.867,0.794,0.887,0.741,0.812,0.737,1.0,0.786,0.807,0.784,0.806,0.838
18,B2_2,0.728,0.752,0.845,0.741,0.871,0.777,0.733,0.811,0.814,0.782,0.786,1.0,0.756,0.763,0.788,0.81
18,B2_3,0.783,0.75,0.844,0.73,0.871,0.815,0.679,0.876,0.823,0.749,0.807,0.756,1.0,0.744,0.754,0.852
18,y1,0.778,0.766,0.822,0.797,0.829,0.797,0.841,0.798,0.869,0.835,0.784,0.763,0.744,1.0,0.905,0.827
18,y2,0.802,0.757,0.782,0.848,0.897,0.807,0.878,0.768,0.85,0.759,0.806,0.788,0.754,0.905,1.0,0.831
18,y3,0.792,0.766,0.785,0.783,0.896,0.835,0.834,0.768,0.851,0.77,0.838,0.81,0.852,0.827,0.831,1.0
19,.,1.0,0.884,0.838,0.895,0.852,0.875,0.742,0.828,0.848,0.816,0.688,0.713,0.77,0.763,0.788,0.779
19,A1_1,0.884,1.0,0.805,0.807,0.813,0.87,0.744,0.773,0.819,0.776,0.752,0.75,0.749,0.761,0.753,0.763
19,A1_2,0.838,0.805,1.0,0.833,0.873,0.808,0.786,0.903,0.928,0.9,0.81,0.845,0.843,0.815,0.776,0.78
19,A1_3,0.895,0.807,0.833,1.0,0.865,0.895,0.831,0.836,0.888,0.798,0.743,0.738,0.727,0.791,0.843,0.779
19,B1_1,0.852,0.813,0.873,0.865,1.0,0.909,0.856,0.892,0.864,0.799,0.87,0.872,0.873,0.823,0.894,0.895
19,B1_2,0.875,0.87,0.808,0.895,0.909,1.0,0.758,0.886,0.803,0.771,0.796,0.779,0.817,0.793,0.805,0.834
19,B1_3,0.742,0.744,0.786,0.831,0.856,0.758,1.0,0.666,0.866,0.747,0.887,0.735,0.682,0.838,0.877,0.835
19,A2_1,0.828,0.773,0.903,0.836,0.892,0.886,0.666,1.0,0.815,0.792,0.74,0.81,0.874,0.791,0.763,0.764
19,A2_2,0.848,0.819,0.928,0.888,0.864,0.803,0.866,0.815,1.0,0.903,0.81,0.812,0.821,0.863,0.845,0.847
19,A2_3,0.816,0.776,0.9,0.798,0.799,0.771,0.747,0.792,0.903,1.0,0.734,0.78,0.747,0.831,0.755,0.766
19,B2_1,0.688,0.752,0.81,0.743,0.87,0.796,0.887,0.74,0.81,0.734,1.0,0.79,0.811,0.778,0.804,0.838
19,B2_2,0.713,0.75,0.845,0.738,0.872,0.779,0.735,0.81,0.812,0.78,0.79,1.0,0.759,0.758,0.785,0.809
19,B2_3,0.77,0.749,0.843,0.727,0.873,0.817,0.682,0.874,0.821,0.747,0.811,0.759,1.0,0.736,0.75,0.851
19,y1,0.763,0.761,0.815,0.791,0.823,0.793,0.838,0.791,0.863,0.831,0.778,0.758,0.736,1.0,0.903,0.823
19,y2,0.788,0.753,0.776,0.843,0.894,0.805,0.877,0.763,0.845,0.755,0.804,0.785,0.75,0.903,1.0,0.829
19,y3,0.779,0.763,0.78,0.779,0.895,0.834,0.835,0.764,0.847,0.766,0.838,0.809,0.851,0.823,0.829,1.0
20,.,1.0,0.88,0.829,0.89,0.839,0.867,0.729,0.821,0.84,0.808,0.672,0.697,0.756,0.746,0.773,0.765
20,A1_1,0.88,1.0,0.806,0.808,0.81,0.869,0.742,0.773,0.819,0.776,0.749,0.747,0.747,0.755,0.748,0.759
20,A1_2,0.829,0.806,1.0,0.834,0.872,0.81,0.785,0.903,0.928,0.9,0.808,0.844,0.841,0.808,0.77,0.776
20,A1_3,0.89,0.808,0.834,1.0,0.861,0.894,0.828,0.837,0.888,0.799,0.739,0.735,0.724,0.785,0.837,0.774
20,B1_1,0.839,0.81,0.872,0.861,1.0,0.909,0.856,0.89,0.861,0.796,0.873,0.873,0.874,0.816,0.89,0.893
20,B1_2,0.867,0.869,0.81,0.894,0.909,1.0,0.759,0.888,0.804,0.771,0.799,0.781,0.818,0.788,0.802,0.832
20,B1_3,0.729,0.742,0.785,0.828,0.856,0.759,1.0,0.665,0.864,0.745,0.888,0.737,0.684,0.834,0.875,0.835
20,A2_1,0.821,0.773,0.903,0.837,0.89,0.888,0.665,1.0,0.814,0.792,0.739,0.809,0.871,0.784,0.758,0.76
20,A2_2,0.84,0.819,0.928,0.888,0.861,0.804,0.864,0.814,1.0,0.904,0.806,0.81,0.818,0.857,0.84,0.843
20,A2_3,0.808,0.776,0.9,0.799,0.796,0.771,0.745,0.792,0.904,1.0,0.731,0.779,0.744,0.825,0.75,0.761
20,B2_1,0.672,0.749,0.808,0.739,0.873,0.799,0.888,0.739,0.806,0.731,1.0,0.793,0.815,0.771,0.801,0.838
20,B2_2,0.697,0.747,0.844,0.735,0.873,0.781,0.737,0.809,0.81,0.779,0.793,1.0,0.761,0.753,0.781,0.808
20,B2_3,0.756,0.747,0.841,0.724,0.874,0.818,0.684,0.871,0.818,0.744,0.815,0.761,1.0,0.728,0.747,0.849
20,y1,0.746,0.755,0.808,0.785,0.816,0.788,0.834,0.784,0.857,0.825,0.771,0.753,0.728,1.0,0.902,0.819
20,y2,0.773,0.748,0.77,0.837,0.89,0.802,0.875,0.758,0.84,0.75,0.801,0.781,0.747,0.902,1.0,0.827
20,y3,0.765,0.759,0.776,0.774,0.893,0.832,0.835,0.76,0.843,0.761,0.838,0.808,0.849,0.819,0.827,1.0
21,.,1.0,0.876,0.819,0.885,0.823,0.858,0.715,0.812,0.83,0.799,0.654,0.679,0.741,0.728,0.756,0.749
21,A1_1,0.876,1.0,0.806,0.808,0.807,0.868,0.739,0.774,0.819,0.776,0.745,0.743,0.745,0.748,0.743,0.754
21,A1_2,0.819,0.806,1.0,0.835,0.869,0.812,0.783,0.903,0.928,0.9,0.806,0.842,0.84,0.799,0.763,0.77
21,A1_3,0.885,0.808,0.835,1.0,0.856,0.892,0.824,0.838,0.889,0.799,0.735,0.731,0.72,0.778,0.83,0.768
21,B1_1,0.823,0.807,0.869,0.856,1.0,0.91,0.857,0.887,0.858,0.792,0.876,0.874,0.875,0.808,0.886,0.891
21,B1_2,0.858,0.868,0.812,0.892,0.91,1.0,0.76,0.889,0.804,0.771,0.801,0.782,0.819,0.782,0.799,0.831
21,B1_3,0.715,0.739,0.783,0.824,0.857,0.76,1.0,0.663,0.861,0.742,0.889,0.739,0.686,0.829,0.873,0.835
21,A2_1,0.812,0.774,0.903,0.838,0.887,0.889,0.663,1.0,0.813,0.791,0.737,0.806,0.868,0.776,0.751,0.754
21,A2_2,0.83,0.819,0.928,0.889,0.858,0.804,0.861,0.813,1.0,0.904,0.802,0.807,0.814,0.85,0.833,0.838
21,A2_3,0.799,0.776,0.9,0.799,0.792,0.771,0.742,0.791,0.904,1.0,0.727,0.776,0.74,0.82,0.745,0.756
21,B2_1,0.654,0.745,0.806,0.735,0.876,0.801,0.889,0.737,0.802,0.727,1.0,0.796,0.819,0.762,0.797,0.837
21,B2_2,0.679,0.743,0.842,0.731,0.874,0.782,0.739,0.806,0.807,0.776,0.796,1.0,0.763,0.746,0.777,0.806
21,B2_3,0.741,0.745,0.84,0.72,0.875,0.819,0.686,0.868,0.814,0.74,0.819,0.763,1.0,0.718,0.742,0.847
21,y1,0.728,0.748,0.799,0.778,0.808,0.782,0.829,0.776,0.85,0.82,0.762,0.746,0.718,1.0,0.9,0.815
21,y2,0.756,0.743,0.763,0.83,0.886,0.799,0.873,0.751,0.833,0.745,0.797,0.777,0.742,0.9,1.0,0.825
21,y3,0.749,0.754,0.77,0.768,0.891,0.831,0.835,0.754,0.838,0.756,0.837,0.806,0.847,0.815,0.825,1.0
22,.,1.0,0.871,0.808,0.88,0.805,0.847,0.699,0.803,0.82,0.789,0.635,0.66,0.723,0.709,0.738,0.731
22,A1_1,0.871,1.0,0.806,0.808,0.803,0.867,0.736,0.774,0.819,0.775,0.74,0.739,0.742,0.741,0.737,0.749
22,A1_2,0.808,0.806,1.0,0.836,0.867,0.814,0.781,0.903,0.927,0.899,0.804,0.841,0.837,0.789,0.754,0.764
22,A1_3,0.88,0.808,0.836,1.0,0.851,0.89,0.82,0.838,0.89,0.8,0.73,0.727,0.715,0.771,0.823,0.762
22,B1_1,0.805,0.803,0.867,0.851,1.0,0.91,0.858,0.884,0.853,0.788,0.878,0.875,0.876,0.799,0.881,0.889
22,B1_2,0.847,0.867,0.814,0.89,0.91,1.0,0.76,0.89,0.804,0.77,0.803,0.783,0.821,0.775,0.795,0.829
22,B1_3,0.699,0.736,0.781,0.82,0.858,0.76,1.0,0.661,0.858,0.738,0.889,0.74,0.687,0.823,0.87,0.835
22,A2_1,0.803,0.774,0.903,0.838,0.884,0.89,0.661,1.0,0.813,0.791,0.735,0.804,0.863,0.766,0.744,0.748
22,A2_2,0.82,0.819,0.927,0.89,0.853,0.804,0.858,0.813,1.0,0.904,0.797,0.804,0.81,0.842,0.826,0.832
22,A2_3,0.789,0.775,0.899,0.8,0.788,0.77,0.738,0.791,0.904,1.0,0.722,0.773,0.736,0.813,0.739,0.75
22,B2_1,0.635,0.74,0.804,0.73,0.878,0.803,0.889,0.735,0.797,0.722,1.0,0.799,0.822,0.753,0.793,0.836
22,B2_2,0.66,0.739,0.841,0.727,0.875,0.783,0.74,0.804,0.804,0.773,0.799,1.0,0.765,0.739,0.772,0.803
22,B2_3,0.723,0.742,0.837,0.715,0.876,0.821,0.687,0.863,0.81,0.736,0.822,0.765,1.0,0.707,0.737,0.845
22,y1,0.709,0.741,0.789,0.771,0.799,0.775,0.823,0.766,0.842,0.813,0.753,0.739,0.707,1.0,0.898,0.81
22,y2,0.738,0.737,0.754,0.823,0.881,0.795,0.87,0.744,0.826,0.739,0.793,0.772,0.737,0.898,1.0,0.822
22,y3,0.731,0.749,0.764,0.762,0.889,0.829,0.835,0.748,0.832,0.75,0.836,0.803,0.845,0.81,0.822,1.0
23,.,1.0,0.865,0.795,0.873,0.785,0.834,0.68,0.792,0.809,0.777,0.612,0.637,0.703,0.687,0.717,0.712
23,A1_1,0.865,1.0,0.806,0.808,0.798,0.866,0.732,0.774,0.818,0.774,0.734,0.735,0.738,0.732,0.731,0.744
23,A1_2,0.795,0.806,1.0,0.836,0.864,0.814,0.778,0.903,0.927,0.898,0.8,0.839,0.834,0.777,0.745,0.757
23,A1_3,0.873,0.808,0.836,1.0,0.845,0.887,0.816,0.838,0.89,0.8,0.723,0.722,0.709,0.763,0.815,0.755
23,B1_1,0.785,0.798,0.864,0.845,1.0,0.91,0.858,0.88,0.848,0.783,0.881,0.875,0.877,0.788,0.876,0.886
23,B1_2,0.834,0.866,0.814,0.887,0.91,1.0,0.761,0.89,0.803,0.768,0.805,0.784,0.821,0.767,0.79,0.827
23,B1_3,0.68,0.732,0.778,0.816,0.858,0.761,1.0,0.658,0.854,0.734,0.889,0.742,0.689,0.817,0.867,0.835
23,A2_1,0.792,0.774,0.903,0.838,0.88,0.89,0.658,1.0,0.811,0.79,0.731,0.801,0.859,0.756,0.735,0.741
23,A2_2,0.809,0.818,0.927,0.89,0.848,0.803,0.854,0.811,1.0,0.903,0.791,0.8,0.805,0.833,0.818,0.825
23,A2_3,0.777,0.774,0.898,0.8,0.783,0.768,0.734,0.79,0.903,1.0,0.716,0.77,0.73,0.805,0.732,0.743
23,B2_1,0.612,0.734,0.8,0.723,0.881,0.805,0.889,0.731,0.791,0.716,1.0,0.801,0.826,0.742,0.787,0.835
23,B2_2,0.637,0.735,0.839,0.722,0.875,0.784,0.742,0.801,0.8,0.77,0.801,1.0,0.766,0.73,0.766,0.8
23,B2_3,0.703,0.738,0.834,0.709,0.877,0.821,0.689,0.859,0.805,0.73,0.826,0.766,1.0,0.694,0.731,0.842
23,y1,0.687,0.732,0.777,0.763,0.788,0.767,0.817,0.756,0.833,0.805,0.742,0.73,0.694,1.0,0.895,0.804
23,y2,0.717,0.731,0.745,0.815,0.876,0.79,0.867,0.735,0.818,0.732,0.787,0.766,0.731,0.895,1.0,0.819
23,y3,0.712,0.744,0.757,0.755,0.886,0.827,0.835,0.741,0.825,0.743,0.835,0.8,0.842,0.804,0.819,1.0
24,.,1.0,0.857,0.78,0.865,0.763,0.818,0.659,0.78,0.796,0.764,0.586,0.612,0.68,0.664,0.695,0.689
24,A1_1,0.857,1.0,0.805,0.807,0.793,0.863,0.727,0.774,0.818,0.773,0.728,0.729,0.733,0.723,0.723,0.737
24,A1_2,0.78,0.805,1.0,0.836,0.86,0.815,0.774,0.903,0.926,0.897,0.796,0.836,0.83,0.765,0.734,0.749
24,A1_3,0.865,0.807,0.836,1.0,0.838,0.884,0.81,0.838,0.891,0.801,0.716,0.716,0.703,0.753,0.806,0.747
24,B1_1,0.763,0.793,0.86,0.838,1.0,0.91,0.858,0.876,0.843,0.776,0.883,0.875,0.878,0.776,0.869,0.884
24,B1_2,0.818,0.863,0.815,0.884,0.91,1.0,0.761,0.89,0.801,0.766,0.806,0.785,0.822,0.758,0.784,0.824
24,B1_3,0.659,0.727,0.774,0.81,0.858,0.761,1.0,0.654,0.849,0.729,0.889,0.743,0.689,0.809,0.864,0.834
24,A2_1,0.78,0.774,0.903,0.838,0.876,0.89,0.654,1.0,0.809,0.789,0.727,0.797,0.853,0.744,0.725,0.732
24,A2_2,0.796,0.818,0.926,0.891,0.843,0.801,0.849,0.809,1.0,0.903,0.785,0.795,0.799,0.822,0.809,0.818
24,A2_3,0.764,0.773,0.897,0.801,0.776,0.766,0.729,0.789,0.903,1.0,0.709,0.765,0.723,0.797,0.724,0.736
24,B2_1,0.586,0.728,0.796,0.716,0.883,0.806,0.889,0.727,0.785,0.709,1.0,0.803,0.829,0.729,0.781,0.833
24,B2_2,0.612,0.729,0.836,0.716,0.875,0.785,0.743,0.797,0.795,0.765,0.803,1.0,0.767,0.72,0.759,0.797
24,B2_3,0.68,0.733,0.83,0.703,0.878,0.822,0.689,0.853,0.799,0.723,0.829,0.767,1.0,0.679,0.723,0.839
24,y1,0.664,0.723,0.765,0.753,0.776,0.758,0.809,0.744,0.822,0.797,0.729,0.72,0.679,1.0,0.893,0.797
24,y2,0.695,0.723,0.734,0.806,0.869,0.784,0.864,0.725,0.809,0.724,0.781,0.759,0.723,0.893,1.0,0.815
24,y3,0.689,0.737,0.749,0.747,0.884,0.824,0.834,0.732,0.818,0.736,0.833,0.797,0.839,0.797,0.815,1.0
25,.,1.0,0.849,0.765,0.855,0.737,0.801,0.636,0.767,0.782,0.749,0.559,0.585,0.655,0.639,0.67,0.665
25,A1_1,0.849,1.0,0.805,0.807,0.787,0.861,0.722,0.773,0.817,0.771,0.721,0.724,0.728,0.713,0.715,0.73
25,A1_2,0.765,0.805,1.0,0.836,0.855,0.815,0.77,0.903,0.925,0.896,0.792,0.833,0.826,0.751,0.723,0.74
25,A1_3,0.855,0.807,0.836,1.0,0.83,0.88,0.804,0.838,0.891,0.801,0.708,0.709,0.695,0.743,0.796,0.738
25,B1_1,0.737,0.787,0.855,0.83,1.0,0.91,0.858,0.871,0.836,0.769,0.886,0.876,0.879,0.763,0.862,0.88
25,B1_2,0.801,0.861,0.815,0.88,0.91,1.0,0.761,0.89,0.799,0.763,0.808,0.786,0.823,0.748,0.777,0.821
25,B1_3,0.636,0.722,0.77,0.804,0.858,0.761,1.0,0.649,0.844,0.723,0.89,0.744,0.69,0.8,0.859,0.833
25,A2_1,0.767,0.773,0.903,0.838,0.871,0.89,0.649,1.0,0.808,0.787,0.722,0.792,0.847,0.731,0.715,0.723
25,A2_2,0.782,0.817,0.925,0.891,0.836,0.799,0.844,0.808,1.0,0.902,0.777,0.79,0.792,0.811,0.799,0.81
25,A2_3,0.749,0.771,0.896,0.801,0.769,0.763,0.723,0.787,0.902,1.0,0.701,0.76,0.716,0.787,0.715,0.727
25,B2_1,0.559,0.721,0.792,0.708,0.886,0.808,0.89,0.722,0.777,0.701,1.0,0.805,0.832,0.715,0.774,0.831
25,B2_2,0.585,0.724,0.833,0.709,0.876,0.786,0.744,0.792,0.79,0.76,0.805,1.0,0.768,0.709,0.752,0.793
25,B2_3,0.655,0.728,0.826,0.695,0.879,0.823,0.69,0.847,0.792,0.716,0.832,0.768,1.0,0.663,0.715,0.835
25,y1,0.639,0.713,0.751,0.743,0.763,0.748,0.8,0.731,0.811,0.787,0.715,0.709,0.663,1.0,0.89,0.789
25,y2,0.67,0.715,0.723,0.796,0.862,0.777,0.859,0.715,0.799,0.715,0.774,0.752,0.715,0.89,1.0,0.811
25,y3,0.665,0.73,0.74,0.738,0.88,0.821,0.833,0.723,0.81,0.727,0.831,0.793,0.835,0.789,0.811,1.0
26,.,1.0,0.84,0.747,0.845,0.709,0.781,0.61,0.753,0.766,0.733,0.528,0.555,0.627,0.611,0.643,0.639
