,,.,A1_1,A1_2,A1_3,B1_1,B1_2,B1_3,A2_1,A2_2,A2_3,B2_1,B2_2,B2_3,y1,y2,y3
0,.,1.0,0.441,0.378,0.423,0.357,0.624,0.367,0.681,0.789,0.644,0.708,0.565,0.555,0.687,0.815,0.752
0,A1_1,0.441,1.0,0.865,0.843,0.828,0.839,0.805,0.888,0.814,0.925,0.674,0.793,0.713,0.648,0.56,0.46
0,A1_2,0.378,0.865,1.0,0.832,0.8,0.742,0.836,0.764,0.746,0.794,0.649,0.787,0.77,0.601,0.541,0.45
0,A1_3,0.423,0.843,0.832,1.0,0.834,0.853,0.868,0.769,0.766,0.828,0.712,0.916,0.8,0.781,0.662,0.601
0,B1_1,0.357,0.828,0.8,0.834,1.0,0.804,0.912,0.674,0.744,0.707,0.849,0.901,0.899,0.674,0.513,0.552
0,B1_2,0.624,0.839,0.742,0.853,0.804,1.0,0.796,0.84,0.874,0.896,0.822,0.832,0.817,0.733,0.709,0.726
0,B1_3,0.367,0.805,0.836,0.868,0.912,0.796,1.0,0.698,0.694,0.716,0.769,0.9,0.899,0.627,0.492,0.515
0,A2_1,0.681,0.888,0.764,0.769,0.674,0.84,0.698,1.0,0.828,0.916,0.653,0.703,0.613,0.602,0.619,0.485
0,A2_2,0.789,0.814,0.746,0.766,0.744,0.874,0.694,0.828,1.0,0.914,0.895,0.858,0.838,0.894,0.892,0.854
0,A2_3,0.644,0.925,0.794,0.828,0.707,0.896,0.716,0.916,0.914,1.0,0.729,0.789,0.706,0.768,0.778,0.663
0,B2_1,0.708,0.674,0.649,0.712,0.849,0.822,0.769,0.653,0.895,0.729,1.0,0.903,0.94,0.844,0.798,0.853
0,B2_2,0.565,0.793,0.787,0.916,0.901,0.832,0.9,0.703,0.858,0.789,0.903,1.0,0.95,0.89,0.765,0.762
0,B2_3,0.555,0.713,0.77,0.8,0.899,0.817,0.899,0.613,0.838,0.706,0.94,0.95,1.0,0.815,0.71,0.788
0,y1,0.687,0.648,0.601,0.781,0.674,0.733,0.627,0.602,0.894,0.768,0.844,0.89,0.815,1.0,0.939,0.913
0,y2,0.815,0.56,0.541,0.662,0.513,0.709,0.492,0.619,0.892,0.778,0.798,0.765,0.71,0.939,1.0,0.932
0,y3,0.752,0.46,0.45,0.601,0.552,0.726,0.515,0.485,0.854,0.663,0.853,0.762,0.788,0.913,0.932,1.0
500,.,1.0,-0.397,-0.328,-0.302,0.07,0.056,0.045,-0.362,-0.341,-0.196,0.157,0.159,0.172,0.183,0.187,0.204
500,A1_1,-0.397,1.0,0.966,0.93,0.31,0.335,0.366,0.921,0.912,0.897,0.256,0.277,0.325,0.092,0.075,0.063
500,A1_2,-0.328,0.966,1.0,0.972,0.269,0.296,0.339,0.937,0.946,0.917,0.226,0.248,0.313,0.203,0.184,0.181
500,A1_3,-0.302,0.93,0.972,1.0,0.278,0.301,0.352,0.878,0.907,0.897,0.237,0.268,0.321,0.071,0.053,0.044
500,B1_1,0.07,0.31,0.269,0.278,1.0,0.993,0.995,0.101,0.047,0.048,0.993,0.99,0.949,-0.268,-0.282,-0.317
500,B1_2,0.056,0.335,0.296,0.301,0.993,1.0,0.99,0.134,0.072,0.075,0.986,0.983,0.944,-0.253,-0.254,-0.285
500,B1_3,0.045,0.366,0.339,0.352,0.995,0.99,1.0,0.169,0.119,0.11,0.987,0.989,0.963,-0.226,-0.239,-0.278
500,A2_1,-0.362,0.921,0.937,0.878,0.101,0.134,0.169,1.0,0.977,0.917,0.049,0.068,0.139,0.337,0.325,0.321
500,A2_2,-0.341,0.912,0.946,0.907,0.047,0.072,0.119,0.977,1.0,0.929,0.005,0.029,0.115,0.375,0.352,0.353
500,A2_3,-0.196,0.897,0.917,0.897,0.048,0.075,0.11,0.917,0.929,1.0,0.006,0.029,0.098,0.187,0.183,0.204
500,B2_1,0.157,0.256,0.226,0.237,0.993,0.986,0.987,0.049,0.005,0.006,1.0,0.996,0.961,-0.226,-0.24,-0.272
500,B2_2,0.159,0.277,0.248,0.268,0.99,0.983,0.989,0.068,0.029,0.029,0.996,1.0,0.977,-0.212,-0.223,-0.263
500,B2_3,0.172,0.325,0.313,0.321,0.949,0.944,0.963,0.139,0.115,0.098,0.961,0.977,1.0,-0.054,-0.061,-0.111
500,y1,0.183,0.092,0.203,0.071,-0.268,-0.253,-0.226,0.337,0.375,0.187,-0.226,-0.212,-0.054,1.0,0.99,0.98
500,y2,0.187,0.075,0.184,0.053,-0.282,-0.254,-0.239,0.325,0.352,0.183,-0.24,-0.223,-0.061,0.99,1.0,0.991
500,y3,0.204,0.063,0.181,0.044,-0.317,-0.285,-0.278,0.321,0.353,0.204,-0.272,-0.263,-0.111,0.98,0.991,1.0
1000,.,1.0,-0.399,-0.319,-0.406,0.065,-0.019,0.035,-0.407,-0.308,-0.298,0.118,0.228,0.116,-0.009,0.106,0.141
1000,A1_1,-0.399,1.0,0.952,0.931,0.298,0.343,0.35,0.958,0.934,0.889,0.283,0.164,0.367,0.001,-0.025,-0.046
1000,A1_2,-0.319,0.952,1.0,0.94,0.225,0.27,0.323,0.956,0.954,0.936,0.249,0.101,0.348,0.171,0.148,0.13
1000,A1_3,-0.406,0.931,0.94,1.0,0.29,0.34,0.398,0.926,0.865,0.883,0.322,0.163,0.417,-0.029,-0.054,-0.084
1000,B1_1,0.065,0.298,0.225,0.29,1.0,0.988,0.973,0.191,0.103,-0.02,0.978,0.938,0.917,-0.386,-0.344,-0.309
1000,B1_2,-0.019,0.343,0.27,0.34,0.988,1.0,0.972,0.239,0.135,0.019,0.964,0.902,0.891,-0.375,-0.333,-0.3
1000,B1_3,0.035,0.35,0.323,0.398,0.973,0.972,1.0,0.259,0.168,0.07,0.992,0.918,0.936,-0.363,-0.322,-0.292
1000,A2_1,-0.407,0.958,0.956,0.926,0.191,0.239,0.259,1.0,0.973,0.947,0.186,0.041,0.286,0.221,0.197,0.173
1000,A2_2,-0.308,0.934,0.954,0.865,0.103,0.135,0.168,0.973,1.0,0.962,0.104,-0.014,0.216,0.289,0.266,0.247
1000,A2_3,-0.298,0.889,0.936,0.883,-0.02,0.019,0.07,0.947,0.962,1.0,-0.002,-0.135,0.119,0.258,0.234,0.203
1000,B2_1,0.118,0.283,0.249,0.322,0.978,0.964,0.992,0.186,0.104,-0.002,1.0,0.958,0.955,-0.365,-0.318,-0.287
1000,B2_2,0.228,0.164,0.101,0.163,0.938,0.902,0.918,0.041,-0.014,-0.135,0.958,1.0,0.947,-0.386,-0.339,-0.311
1000,B2_3,0.116,0.367,0.348,0.417,0.917,0.891,0.936,0.286,0.216,0.119,0.955,0.947,1.0,-0.239,-0.206,-0.194
1000,y1,-0.009,0.001,0.171,-0.029,-0.386,-0.375,-0.363,0.221,0.289,0.258,-0.365,-0.386,-0.239,1.0,0.989,0.978
1000,y2,0.106,-0.025,0.148,-0.054,-0.344,-0.333,-0.322,0.197,0.266,0.234,-0.318,-0.339,-0.206,0.989,1.0,0.996
1000,y3,0.141,-0.046,0.13,-0.084,-0.309,-0.3,-0.292,0.173,0.247,0.203,-0.287,-0.311,-0.194,0.978,0.996,1.0
1500,.,1.0,-0.399,-0.22,-0.225,0.193,0.039,0.179,-0.329,-0.34,-0.229,0.214,0.193,0.212,-0.19,-0.147,-0.072
1500,A1_1,-0.399,1.0,0.901,0.92,0.312,0.411,0.32,0.933,0.907,0.907,0.296,0.323,0.294,-0.074,-0.123,-0.09
1500,A1_2,-0.22,0.901,1.0,0.996,0.159,0.239,0.165,0.971,0.95,0.992,0.14,0.167,0.166,0.136,0.095,0.118
1500,A1_3,-0.225,0.92,0.996,1.0,0.178,0.261,0.184,0.974,0.946,0.994,0.162,0.19,0.18,0.071,0.027,0.054
1500,B1_1,0.193,0.312,0.159,0.178,1.0,0.976,1.0,0.114,0.07,0.123,0.969,0.966,0.916,-0.408,-0.4,-0.335
1500,B1_2,0.039,0.411,0.239,0.261,0.976,1.0,0.98,0.207,0.16,0.203,0.965,0.969,0.928,-0.343,-0.35,-0.275
1500,B1_3,0.179,0.32,0.165,0.184,1.0,0.98,1.0,0.121,0.078,0.129,0.971,0.969,0.92,-0.399,-0.394,-0.328
1500,A2_1,-0.329,0.933,0.971,0.974,0.114,0.207,0.121,1.0,0.99,0.986,0.085,0.115,0.103,0.16,0.126,0.147
1500,A2_2,-0.34,0.907,0.95,0.946,0.07,0.16,0.078,0.99,1.0,0.969,0.043,0.073,0.072,0.254,0.22,0.238
1500,A2_3,-0.229,0.907,0.992,0.994,0.123,0.203,0.129,0.986,0.969,1.0,0.105,0.133,0.129,0.132,0.087,0.112
1500,B2_1,0.214,0.296,0.14,0.162,0.969,0.965,0.971,0.085,0.043,0.105,1.0,0.999,0.983,-0.379,-0.405,-0.309
1500,B2_2,0.193,0.323,0.167,0.19,0.966,0.969,0.969,0.115,0.073,0.133,0.999,1.0,0.984,-0.363,-0.389,-0.292
1500,B2_3,0.212,0.294,0.166,0.18,0.916,0.928,0.92,0.103,0.072,0.129,0.983,0.984,1.0,-0.257,-0.302,-0.191
1500,y1,-0.19,-0.074,0.136,0.071,-0.408,-0.343,-0.399,0.16,0.254,0.132,-0.379,-0.363,-0.257,1.0,0.976,0.97
1500,y2,-0.147,-0.123,0.095,0.027,-0.4,-0.35,-0.394,0.126,0.22,0.087,-0.405,-0.389,-0.302,0.976,1.0,0.981
1500,y3,-0.072,-0.09,0.118,0.054,-0.335,-0.275,-0.328,0.147,0.238,0.112,-0.309,-0.292,-0.191,0.97,0.981,1.0
2000,.,1.0,-0.426,-0.366,-0.355,0.011,-0.0,0.04,-0.366,-0.494,-0.383,0.023,0.02,-0.006,-0.166,-0.115,-0.115
2000,A1_1,-0.426,1.0,0.946,0.949,0.253,0.229,0.23,0.925,0.924,0.939,0.245,0.234,0.255,-0.081,-0.082,-0.132
2000,A1_2,-0.366,0.946,1.0,0.99,0.135,0.101,0.117,0.984,0.933,0.987,0.125,0.112,0.138,0.2,0.202,0.154
2000,A1_3,-0.355,0.949,0.99,1.0,0.125,0.091,0.106,0.984,0.902,0.986,0.117,0.106,0.129,0.129,0.127,0.087
2000,B1_1,0.011,0.253,0.135,0.125,1.0,0.961,0.994,0.02,0.105,0.052,0.988,0.96,0.973,-0.456,-0.348,-0.376
2000,B1_2,-0.0,0.229,0.101,0.091,0.961,1.0,0.979,-0.006,0.061,0.019,0.911,0.856,0.875,-0.49,-0.41,-0.418
2000,B1_3,0.04,0.23,0.117,0.106,0.994,0.979,1.0,0.002,0.076,0.03,0.968,0.931,0.946,-0.458,-0.36,-0.383
2000,A2_1,-0.366,0.925,0.984,0.984,0.02,-0.006,0.002,1.0,0.925,0.997,0.007,-0.008,0.023,0.229,0.214,0.177
2000,A2_2,-0.494,0.924,0.933,0.902,0.105,0.061,0.076,0.925,1.0,0.941,0.102,0.101,0.13,0.231,0.23,0.177
2000,A2_3,-0.383,0.939,0.987,0.986,0.052,0.019,0.03,0.997,0.941,1.0,0.043,0.032,0.061,0.217,0.205,0.167
2000,B2_1,0.023,0.245,0.125,0.117,0.988,0.911,0.968,0.007,0.102,0.043,1.0,0.992,0.996,-0.46,-0.34,-0.378
2000,B2_2,0.02,0.234,0.112,0.106,0.96,0.856,0.931,-0.008,0.101,0.032,0.992,1.0,0.996,-0.457,-0.333,-0.377
2000,B2_3,-0.006,0.255,0.138,0.129,0.973,0.875,0.946,0.023,0.13,0.061,0.996,0.996,1.0,-0.427,-0.306,-0.348
2000,y1,-0.166,-0.081,0.2,0.129,-0.456,-0.49,-0.458,0.229,0.231,0.217,-0.46,-0.457,-0.427,1.0,0.982,0.984
2000,y2,-0.115,-0.082,0.202,0.127,-0.348,-0.41,-0.36,0.214,0.23,0.205,-0.34,-0.333,-0.306,0.982,1.0,0.992
2000,y3,-0.115,-0.132,0.154,0.087,-0.376,-0.418,-0.383,0.177,0.177,0.167,-0.378,-0.377,-0.348,0.984,0.992,1.0
2500,.,1.0,-0.495,-0.464,-0.389,-0.172,-0.15,-0.158,-0.506,-0.515,-0.43,-0.093,-0.173,-0.153,0.157,0.135,0.094
2500,A1_1,-0.495,1.0,0.974,0.952,0.279,0.283,0.274,0.971,0.928,0.96,0.186,0.247,0.247,-0.312,-0.327,-0.233
2500,A1_2,-0.464,0.974,1.0,0.972,0.182,0.188,0.176,0.985,0.959,0.988,0.101,0.161,0.174,-0.155,-0.186,-0.082
2500,A1_3,-0.389,0.952,0.972,1.0,0.125,0.138,0.127,0.955,0.921,0.987,0.048,0.1,0.121,-0.135,-0.169,-0.064
2500,B1_1,-0.172,0.279,0.182,0.125,1.0,0.993,0.979,0.147,0.098,0.102,0.974,0.969,0.951,-0.366,-0.301,-0.349
2500,B1_2,-0.15,0.283,0.188,0.138,0.993,1.0,0.993,0.152,0.096,0.109,0.952,0.937,0.918,-0.335,-0.268,-0.308
2500,B1_3,-0.158,0.274,0.176,0.127,0.979,0.993,1.0,0.139,0.082,0.096,0.932,0.912,0.891,-0.344,-0.28,-0.298
2500,A2_1,-0.506,0.971,0.985,0.955,0.147,0.152,0.139,1.0,0.984,0.983,0.046,0.124,0.118,-0.114,-0.146,-0.042
2500,A2_2,-0.515,0.928,0.959,0.921,0.098,0.096,0.082,0.984,1.0,0.954,-0.007,0.092,0.081,0.011,-0.02,0.083
2500,A2_3,-0.43,0.96,0.988,0.987,0.102,0.109,0.096,0.983,0.954,1.0,0.024,0.084,0.095,-0.125,-0.171,-0.058
2500,B2_1,-0.093,0.186,0.101,0.048,0.974,0.952,0.932,0.046,-0.007,0.024,1.0,0.985,0.984,-0.415,-0.363,-0.421
2500,B2_2,-0.173,0.247,0.161,0.1,0.969,0.937,0.912,0.124,0.092,0.084,0.985,1.0,0.99,-0.377,-0.325,-0.38
2500,B2_3,-0.153,0.247,0.174,0.121,0.951,0.918,0.891,0.118,0.081,0.095,0.984,0.99,1.0,-0.387,-0.332,-0.393
2500,y1,0.157,-0.312,-0.155,-0.135,-0.366,-0.335,-0.344,-0.114,0.011,-0.125,-0.415,-0.377,-0.387,1.0,0.984,0.981
2500,y2,0.135,-0.327,-0.186,-0.169,-0.301,-0.268,-0.28,-0.146,-0.02,-0.171,-0.363,-0.325,-0.332,0.984,1.0,0.966
2500,y3,0.094,-0.233,-0.082,-0.064,-0.349,-0.308,-0.298,-0.042,0.083,-0.058,-0.421,-0.38,-0.393,0.981,0.966,1.0
3000,.,1.0,-0.535,-0.469,-0.532,-0.033,0.025,-0.079,-0.5,-0.57,-0.553,-0.092,-0.152,-0.194,0.005,-0.135,-0.08
3000,A1_1,-0.535,1.0,0.967,0.994,0.093,0.006,0.097,0.91,0.947,0.974,0.131,0.226,0.268,-0.154,-0.061,-0.115
3000,A1_2,-0.469,0.967,1.0,0.979,-0.026,-0.117,-0.023,0.868,0.942,0.951,0.032,0.161,0.209,-0.07,0.015,-0.036
3000,A1_3,-0.532,0.994,0.979,1.0,0.011,-0.069,0.018,0.914,0.952,0.984,0.07,0.169,0.219,-0.121,-0.034,-0.082
3000,B1_1,-0.033,0.093,-0.026,0.011,1.0,0.967,0.952,0.024,-0.02,-0.032,0.866,0.78,0.726,-0.213,-0.167,-0.236
3000,B1_2,0.025,0.006,-0.117,-0.069,0.967,1.0,0.869,-0.076,-0.1,-0.106,0.914,0.766,0.717,-0.24,-0.197,-0.248
3000,B1_3,-0.079,0.097,-0.023,0.018,0.952,0.869,1.0,0.068,-0.015,-0.019,0.743,0.706,0.658,-0.266,-0.23,-0.309
3000,A2_1,-0.5,0.91,0.868,0.914,0.024,-0.076,0.068,1.0,0.937,0.956,-0.028,0.024,0.081,0.143,0.213,0.163
3000,A2_2,-0.57,0.947,0.942,0.952,-0.02,-0.1,-0.015,0.937,1.0,0.979,0.047,0.152,0.209,0.042,0.152,0.097
3000,A2_3,-0.553,0.974,0.951,0.984,-0.032,-0.106,-0.019,0.956,0.979,1.0,0.021,0.107,0.161,-0.026,0.067,0.019
3000,B2_1,-0.092,0.131,0.032,0.07,0.866,0.914,0.743,-0.028,0.047,0.021,1.0,0.93,0.917,-0.359,-0.293,-0.33
3000,B2_2,-0.152,0.226,0.161,0.169,0.78,0.766,0.706,0.024,0.152,0.107,0.93,1.0,0.986,-0.439,-0.357,-0.41
3000,B2_3,-0.194,0.268,0.209,0.219,0.726,0.717,0.658,0.081,0.209,0.161,0.917,0.986,1.0,-0.421,-0.345,-0.388
3000,y1,0.005,-0.154,-0.07,-0.121,-0.213,-0.24,-0.266,0.143,0.042,-0.026,-0.359,-0.439,-0.421,1.0,0.982,0.989
3000,y2,-0.135,-0.061,0.015,-0.034,-0.167,-0.197,-0.23,0.213,0.152,0.067,-0.293,-0.357,-0.345,0.982,1.0,0.99
3000,y3,-0.08,-0.115,-0.036,-0.082,-0.236,-0.248,-0.309,0.163,0.097,0.019,-0.33,-0.41,-0.388,0.989,0.99,1.0
3500,.,1.0,-0.538,-0.419,-0.5,0.184,-0.012,0.158,-0.556,-0.518,-0.498,0.242,0.139,0.012,-0.376,-0.33,-0.436
3500,A1_1,-0.538,1.0,0.866,0.976,0.054,0.192,0.051,0.927,0.904,0.956,-0.005,0.071,0.198,-0.073,-0.107,-0.001
3500,A1_2,-0.419,0.866,1.0,0.889,-0.108,-0.025,-0.131,0.937,0.969,0.877,-0.15,-0.115,-0.037,0.137,0.089,0.197
3500,A1_3,-0.5,0.976,0.889,1.0,0.018,0.147,0.017,0.883,0.917,0.991,-0.037,0.036,0.171,-0.057,-0.094,0.004
3500,B1_1,0.184,0.054,-0.108,0.018,1.0,0.95,0.989,-0.018,-0.065,-0.044,0.994,0.992,0.897,-0.509,-0.41,-0.49
3500,B1_2,-0.012,0.192,-0.025,0.147,0.95,1.0,0.927,0.094,0.025,0.085,0.937,0.965,0.902,-0.399,-0.296,-0.405
3500,B1_3,0.158,0.051,-0.131,0.017,0.989,0.927,1.0,-0.027,-0.073,-0.04,0.985,0.984,0.928,-0.511,-0.435,-0.49
3500,A2_1,-0.556,0.927,0.937,0.883,-0.018,0.094,-0.027,1.0,0.955,0.857,-0.07,-0.013,0.09,0.135,0.09,0.209
3500,A2_2,-0.518,0.904,0.969,0.917,-0.065,0.025,-0.073,0.955,1.0,0.909,-0.123,-0.063,0.03,0.185,0.157,0.286
3500,A2_3,-0.498,0.956,0.877,0.991,-0.044,0.085,-0.04,0.857,0.909,1.0,-0.097,-0.03,0.135,-0.005,-0.057,0.061
3500,B2_1,0.242,-0.005,-0.15,-0.037,0.994,0.937,0.985,-0.07,-0.123,-0.097,1.0,0.986,0.903,-0.509,-0.425,-0.517
3500,B2_2,0.139,0.071,-0.115,0.036,0.992,0.965,0.984,-0.013,-0.063,-0.03,0.986,1.0,0.92,-0.459,-0.362,-0.469
3500,B2_3,0.012,0.198,-0.037,0.171,0.897,0.902,0.928,0.09,0.03,0.135,0.903,0.92,1.0,-0.37,-0.368,-0.42
3500,y1,-0.376,-0.073,0.137,-0.057,-0.509,-0.399,-0.511,0.135,0.185,-0.005,-0.509,-0.459,-0.37,1.0,0.958,0.928
3500,y2,-0.33,-0.107,0.089,-0.094,-0.41,-0.296,-0.435,0.09,0.157,-0.057,-0.425,-0.362,-0.368,0.958,1.0,0.936
3500,y3,-0.436,-0.001,0.197,0.004,-0.49,-0.405,-0.49,0.209,0.286,0.061,-0.517,-0.469,-0.42,0.928,0.936,1.0
4000,.,1.0,-0.382,-0.437,-0.531,0.029,-0.071,-0.078,-0.635,-0.631,-0.503,-0.282,-0.091,-0.441,-0.243,-0.316,-0.332
4000,A1_1,-0.382,1.0,0.976,0.934,-0.115,-0.003,0.062,0.845,0.864,0.943,0.237,0.042,0.413,-0.118,-0.101,-0.147
4000,A1_2,-0.437,0.976,1.0,0.975,-0.256,-0.143,-0.074,0.84,0.873,0.982,0.115,-0.092,0.323,0.014,0.026,-0.022
4000,A1_3,-0.531,0.934,0.975,1.0,-0.28,-0.172,-0.113,0.889,0.916,0.999,0.077,-0.134,0.281,0.034,0.049,0.006
4000,B1_1,0.029,-0.115,-0.256,-0.28,1.0,0.968,0.961,-0.037,-0.105,-0.276,0.857,0.885,0.626,-0.155,-0.115,-0.069
4000,B1_2,-0.071,-0.003,-0.143,-0.172,0.968,1.0,0.936,0.094,0.03,-0.169,0.936,0.963,0.765,-0.203,-0.148,-0.103
4000,B1_3,-0.078,0.062,-0.074,-0.113,0.961,0.936,1.0,0.126,0.072,-0.107,0.896,0.862,0.702,-0.077,-0.026,0.012
4000,A2_1,-0.635,0.845,0.84,0.889,-0.037,0.094,0.126,1.0,0.992,0.883,0.332,0.134,0.503,-0.055,0.007,-0.011
4000,A2_2,-0.631,0.864,0.873,0.916,-0.105,0.03,0.072,0.992,1.0,0.91,0.283,0.076,0.471,-0.01,0.044,0.02
4000,A2_3,-0.503,0.943,0.982,0.999,-0.276,-0.169,-0.107,0.883,0.91,1.0,0.08,-0.131,0.284,0.035,0.048,0.005
4000,B2_1,-0.282,0.237,0.115,0.077,0.857,0.936,0.896,0.332,0.283,0.08,1.0,0.943,0.936,-0.103,-0.035,0.0
4000,B2_2,-0.091,0.042,-0.092,-0.134,0.885,0.963,0.862,0.134,0.076,-0.131,0.943,1.0,0.84,-0.311,-0.25,-0.203
4000,B2_3,-0.441,0.413,0.323,0.281,0.626,0.765,0.702,0.503,0.471,0.284,0.936,0.84,1.0,-0.075,-0.002,0.025
4000,y1,-0.243,-0.118,0.014,0.034,-0.155,-0.203,-0.077,-0.055,-0.01,0.035,-0.103,-0.311,-0.075,1.0,0.992,0.981
4000,y2,-0.316,-0.101,0.026,0.049,-0.115,-0.148,-0.026,0.007,0.044,0.048,-0.035,-0.25,-0.002,0.992,1.0,0.996
4000,y3,-0.332,-0.147,-0.022,0.006,-0.069,-0.103,0.012,-0.011,0.02,0.005,0.0,-0.203,0.025,0.981,0.996,1.0
4500,.,1.0,-0.339,-0.24,-0.335,-0.191,-0.065,0.048,-0.46,-0.338,-0.282,-0.195,-0.251,-0.422,0.015,0.121,0.044
4500,A1_1,-0.339,1.0,0.946,0.989,0.159,0.079,-0.039,0.898,0.895,0.978,0.157,0.202,0.334,-0.038,-0.173,0.088
4500,A1_2,-0.24,0.946,1.0,0.928,0.153,0.108,0.01,0.89,0.926,0.934,0.123,0.189,0.274,-0.007,-0.111,0.087
4500,A1_3,-0.335,0.989,0.928,1.0,0.132,0.048,-0.062,0.873,0.895,0.992,0.129,0.179,0.315,-0.095,-0.22,0.02
4500,B1_1,-0.191,0.159,0.153,0.132,1.0,0.983,0.931,0.414,0.283,0.056,0.988,0.986,0.884,-0.285,-0.244,-0.208
4500,B1_2,-0.065,0.079,0.108,0.048,0.983,1.0,0.972,0.333,0.248,-0.017,0.967,0.952,0.802,-0.211,-0.138,-0.144
4500,B1_3,0.048,-0.039,0.01,-0.062,0.931,0.972,1.0,0.218,0.174,-0.122,0.911,0.892,0.693,-0.243,-0.13,-0.207
4500,A2_1,-0.46,0.898,0.89,0.873,0.414,0.333,0.218,1.0,0.925,0.832,0.392,0.455,0.545,-0.264,-0.376,-0.161
4500,A2_2,-0.338,0.895,0.926,0.895,0.283,0.248,0.174,0.925,1.0,0.886,0.258,0.311,0.351,-0.108,-0.176,-0.038
4500,A2_3,-0.282,0.978,0.934,0.992,0.056,-0.017,-0.122,0.832,0.886,1.0,0.053,0.101,0.235,-0.025,-0.152,0.084
4500,B2_1,-0.195,0.157,0.123,0.129,0.988,0.967,0.911,0.392,0.258,0.053,1.0,0.989,0.912,-0.246,-0.228,-0.176
4500,B2_2,-0.251,0.202,0.189,0.179,0.986,0.952,0.892,0.455,0.311,0.101,0.989,1.0,0.942,-0.301,-0.292,-0.243
4500,B2_3,-0.422,0.334,0.274,0.315,0.884,0.802,0.693,0.545,0.351,0.235,0.912,0.942,1.0,-0.289,-0.363,-0.233
4500,y1,0.015,-0.038,-0.007,-0.095,-0.285,-0.211,-0.243,-0.264,-0.108,-0.025,-0.246,-0.301,-0.289,1.0,0.962,0.965
4500,y2,0.121,-0.173,-0.111,-0.22,-0.244,-0.138,-0.13,-0.376,-0.176,-0.152,-0.228,-0.292,-0.363,0.962,1.0,0.921
4500,y3,0.044,0.088,0.087,0.02,-0.208,-0.144,-0.207,-0.161,-0.038,0.084,-0.176,-0.243,-0.233,0.965,0.921,1.0
5000,.,1.0,-0.021,-0.087,-0.112,-0.119,-0.065,-0.14,0.07,-0.091,0.113,-0.129,-0.044,-0.318,0.212,0.159,0.193
5000,A1_1,-0.021,1.0,0.982,0.897,0.146,0.09,0.094,0.895,0.928,0.904,0.091,0.102,0.095,-0.181,-0.214,-0.198
5000,A1_2,-0.087,0.982,1.0,0.945,0.161,0.093,0.09,0.934,0.973,0.933,0.096,0.116,0.099,-0.143,-0.163,-0.163
5000,A1_3,-0.112,0.897,0.945,1.0,0.218,0.118,0.166,0.909,0.949,0.933,0.125,0.122,0.165,-0.113,-0.126,-0.145
5000,B1_1,-0.119,0.146,0.161,0.218,1.0,0.97,0.978,0.141,0.237,0.02,0.967,0.936,0.905,-0.486,-0.444,-0.511
5000,B1_2,-0.065,0.09,0.093,0.118,0.97,1.0,0.933,0.03,0.151,-0.082,0.979,0.987,0.847,-0.382,-0.345,-0.403
5000,B1_3,-0.14,0.094,0.09,0.166,0.978,0.933,1.0,0.07,0.161,-0.048,0.943,0.867,0.94,-0.548,-0.511,-0.57
5000,A2_1,0.07,0.895,0.934,0.909,0.141,0.03,0.07,1.0,0.967,0.949,0.026,0.047,0.033,-0.179,-0.192,-0.202
5000,A2_2,-0.091,0.928,0.973,0.949,0.237,0.151,0.161,0.967,1.0,0.91,0.153,0.173,0.149,-0.192,-0.198,-0.215
5000,A2_3,0.113,0.904,0.933,0.933,0.02,-0.082,-0.048,0.949,0.91,1.0,-0.084,-0.061,-0.068,-0.006,-0.034,-0.033
5000,B2_1,-0.129,0.091,0.096,0.125,0.967,0.979,0.943,0.026,0.153,-0.084,1.0,0.952,0.921,-0.366,-0.321,-0.384
5000,B2_2,-0.044,0.102,0.116,0.122,0.936,0.987,0.867,0.047,0.173,-0.061,0.952,1.0,0.773,-0.315,-0.276,-0.336
5000,B2_3,-0.318,0.095,0.099,0.165,0.905,0.847,0.94,0.033,0.149,-0.068,0.921,0.773,1.0,-0.488,-0.44,-0.502
5000,y1,0.212,-0.181,-0.143,-0.113,-0.486,-0.382,-0.548,-0.179,-0.192,-0.006,-0.366,-0.315,-0.488,1.0,0.995,0.998
5000,y2,0.159,-0.214,-0.163,-0.126,-0.444,-0.345,-0.511,-0.192,-0.198,-0.034,-0.321,-0.276,-0.44,0.995,1.0,0.993
5000,y3,0.193,-0.198,-0.163,-0.145,-0.511,-0.403,-0.57,-0.202,-0.215,-0.033,-0.384,-0.336,-0.502,0.998,0.993,1.0
5500,.,1.0,-0.404,-0.257,-0.262,0.171,0.176,0.172,-0.265,-0.264,-0.259,0.159,0.149,0.194,-0.367,-0.369,-0.377
5500,A1_1,-0.404,1.0,0.89,0.893,-0.169,-0.121,-0.165,0.896,0.89,0.894,-0.164,-0.159,-0.16,0.191,0.177,0.206
5500,A1_2,-0.257,0.89,1.0,0.999,-0.392,-0.363,-0.389,0.989,0.999,0.999,-0.389,-0.386,-0.387,0.071,0.046,0.075
5500,A1_3,-0.262,0.893,0.999,1.0,-0.38,-0.351,-0.378,0.994,1.0,1.0,-0.377,-0.374,-0.375,0.055,0.03,0.059
5500,B1_1,0.171,-0.169,-0.392,-0.38,1.0,0.988,1.0,-0.332,-0.393,-0.372,1.0,0.999,0.998,-0.216,-0.204,-0.206
5500,B1_2,0.176,-0.121,-0.363,-0.351,0.988,1.0,0.986,-0.3,-0.364,-0.343,0.988,0.989,0.984,-0.284,-0.268,-0.266
5500,B1_3,0.172,-0.165,-0.389,-0.378,1.0,0.986,1.0,-0.329,-0.391,-0.369,1.0,0.999,0.999,-0.212,-0.202,-0.205
5500,A2_1,-0.265,0.896,0.989,0.994,-0.332,-0.3,-0.329,1.0,0.993,0.994,-0.329,-0.325,-0.326,0.002,-0.024,0.007
5500,A2_2,-0.264,0.89,0.999,1.0,-0.393,-0.364,-0.391,0.993,1.0,1.0,-0.39,-0.387,-0.388,0.061,0.035,0.065
5500,A2_3,-0.259,0.894,0.999,1.0,-0.372,-0.343,-0.369,0.994,1.0,1.0,-0.368,-0.365,-0.366,0.051,0.026,0.055
5500,B2_1,0.159,-0.164,-0.389,-0.377,1.0,0.988,1.0,-0.329,-0.39,-0.368,1.0,1.0,0.998,-0.221,-0.21,-0.212
5500,B2_2,0.149,-0.159,-0.386,-0.374,0.999,0.989,0.999,-0.325,-0.387,-0.365,1.0,1.0,0.997,-0.224,-0.212,-0.214
5500,B2_3,0.194,-0.16,-0.387,-0.375,0.998,0.984,0.999,-0.326,-0.388,-0.366,0.998,0.997,1.0,-0.195,-0.185,-0.187
5500,y1,-0.367,0.191,0.071,0.055,-0.216,-0.284,-0.212,0.002,0.061,0.051,-0.221,-0.224,-0.195,1.0,0.998,0.996
5500,y2,-0.369,0.177,0.046,0.03,-0.204,-0.268,-0.202,-0.024,0.035,0.026,-0.21,-0.212,-0.185,0.998,1.0,0.998
5500,y3,-0.377,0.206,0.075,0.059,-0.206,-0.266,-0.205,0.007,0.065,0.055,-0.212,-0.214,-0.187,0.996,0.998,1.0
6000,.,1.0,-0.317,-0.319,-0.206,-0.178,-0.091,-0.264,-0.396,-0.379,-0.304,-0.298,-0.28,-0.333,0.089,0.069,0.095
6000,A1_1,-0.317,1.0,0.987,0.836,0.041,-0.058,0.114,0.96,0.986,0.986,0.12,0.166,0.222,0.328,0.296,0.303
6000,A1_2,-0.319,0.987,1.0,0.818,0.1,0.012,0.157,0.98,0.992,0.998,0.165,0.207,0.256,0.269,0.24,0.245
6000,A1_3,-0.206,0.836,0.818,1.0,-0.235,-0.318,-0.153,0.765,0.777,0.828,-0.152,-0.108,-0.043,0.178,0.132,0.147
6000,B1_1,-0.178,0.041,0.1,-0.235,1.0,0.975,0.966,0.197,0.117,0.075,0.968,0.96,0.889,-0.305,-0.226,-0.274
6000,B1_2,-0.091,-0.058,0.012,-0.318,0.975,1.0,0.901,0.109,0.028,-0.013,0.897,0.873,0.771,-0.222,-0.138,-0.189
6000,B1_3,-0.264,0.114,0.157,-0.153,0.966,0.901,1.0,0.244,0.174,0.136,0.993,0.984,0.915,-0.339,-0.27,-0.317
6000,A2_1,-0.396,0.96,0.98,0.765,0.197,0.109,0.244,1.0,0.986,0.973,0.257,0.296,0.343,0.197,0.178,0.176
6000,A2_2,-0.379,0.986,0.992,0.777,0.117,0.028,0.174,0.986,1.0,0.985,0.185,0.225,0.277,0.309,0.285,0.286
6000,A2_3,-0.304,0.986,0.998,0.828,0.075,-0.013,0.136,0.973,0.985,1.0,0.144,0.185,0.236,0.263,0.23,0.237
6000,B2_1,-0.298,0.12,0.165,-0.152,0.968,0.897,0.993,0.257,0.185,0.144,1.0,0.991,0.948,-0.347,-0.276,-0.323
6000,B2_2,-0.28,0.166,0.207,-0.108,0.96,0.873,0.984,0.296,0.225,0.185,0.991,1.0,0.969,-0.385,-0.317,-0.362
6000,B2_3,-0.333,0.222,0.256,-0.043,0.889,0.771,0.915,0.343,0.277,0.236,0.948,0.969,1.0,-0.416,-0.355,-0.393
6000,y1,0.089,0.328,0.269,0.178,-0.305,-0.222,-0.339,0.197,0.309,0.263,-0.347,-0.385,-0.416,1.0,0.994,0.998
6000,y2,0.069,0.296,0.24,0.132,-0.226,-0.138,-0.27,0.178,0.285,0.23,-0.276,-0.317,-0.355,0.994,1.0,0.998
6000,y3,0.095,0.303,0.245,0.147,-0.274,-0.189,-0.317,0.176,0.286,0.237,-0.323,-0.362,-0.393,0.998,0.998,1.0
6500,.,1.0,-0.153,-0.213,-0.13,-0.021,-0.114,-0.057,-0.267,-0.487,-0.44,-0.184,-0.148,-0.197,-0.219,-0.212,-0.257
6500,A1_1,-0.153,1.0,0.991,0.968,0.004,0.059,-0.013,0.969,0.807,0.826,-0.045,0.036,-0.019,0.328,0.349,0.368
6500,A1_2,-0.213,0.991,1.0,0.982,-0.009,0.046,-0.03,0.966,0.799,0.82,-0.097,0.015,-0.07,0.347,0.365,0.391
6500,A1_3,-0.13,0.968,0.982,1.0,0.041,0.078,0.012,0.954,0.71,0.746,-0.165,0.013,-0.138,0.281,0.326,0.338
6500,B1_1,-0.021,0.004,-0.009,0.041,1.0,0.981,0.996,0.093,-0.159,-0.129,0.708,0.942,0.706,-0.283,-0.306,-0.254
6500,B1_2,-0.114,0.059,0.046,0.078,0.981,1.0,0.979,0.154,-0.017,0.013,0.775,0.978,0.772,-0.268,-0.311,-0.238
6500,B1_3,-0.057,-0.013,-0.03,0.012,0.996,0.979,1.0,0.081,-0.146,-0.12,0.739,0.945,0.734,-0.271,-0.301,-0.243
6500,A2_1,-0.267,0.969,0.966,0.954,0.093,0.154,0.081,1.0,0.824,0.841,0.027,0.128,0.054,0.177,0.193,0.228
6500,A2_2,-0.487,0.807,0.799,0.71,-0.159,-0.017,-0.146,0.824,1.0,0.994,0.154,0.032,0.172,0.241,0.202,0.264
6500,A2_3,-0.44,0.826,0.82,0.746,-0.129,0.013,-0.12,0.841,0.994,1.0,0.14,0.047,0.159,0.215,0.185,0.245
6500,B2_1,-0.184,-0.045,-0.097,-0.165,0.708,0.775,0.739,0.027,0.154,0.14,1.0,0.871,0.996,-0.284,-0.382,-0.294
6500,B2_2,-0.148,0.036,0.015,0.013,0.942,0.978,0.945,0.128,0.032,0.047,0.871,1.0,0.869,-0.292,-0.357,-0.278
6500,B2_3,-0.197,-0.019,-0.07,-0.138,0.706,0.772,0.734,0.054,0.172,0.159,0.996,0.869,1.0,-0.309,-0.381,-0.312
6500,y1,-0.219,0.328,0.347,0.281,-0.283,-0.268,-0.271,0.177,0.241,0.215,-0.284,-0.292,-0.309,1.0,0.931,0.986
6500,y2,-0.212,0.349,0.365,0.326,-0.306,-0.311,-0.301,0.193,0.202,0.185,-0.382,-0.357,-0.381,0.931,1.0,0.951
6500,y3,-0.257,0.368,0.391,0.338,-0.254,-0.238,-0.243,0.228,0.264,0.245,-0.294,-0.278,-0.312,0.986,0.951,1.0
7000,.,1.0,-0.21,-0.206,-0.289,-0.058,-0.083,-0.057,-0.381,-0.372,-0.305,-0.081,-0.099,-0.082,-0.213,-0.245,-0.249
7000,A1_1,-0.21,1.0,0.993,0.989,0.013,0.073,0.018,0.96,0.973,0.985,-0.001,0.004,-0.003,0.405,0.38,0.42
7000,A1_2,-0.206,0.993,1.0,0.989,0.033,0.091,0.043,0.951,0.966,0.981,0.01,0.018,0.005,0.402,0.37,0.418
7000,A1_3,-0.289,0.989,0.989,1.0,0.016,0.078,0.021,0.98,0.99,0.997,0.005,0.013,0.006,0.351,0.325,0.366
7000,B1_1,-0.058,0.013,0.033,0.016,1.0,0.996,0.997,-0.016,-0.033,0.014,0.995,0.996,0.988,-0.253,-0.285,-0.154
7000,B1_2,-0.083,0.073,0.091,0.078,0.996,1.0,0.992,0.051,0.033,0.079,0.992,0.994,0.987,-0.232,-0.268,-0.126
7000,B1_3,-0.057,0.018,0.043,0.021,0.997,0.992,1.0,-0.021,-0.032,0.015,0.986,0.989,0.976,-0.222,-0.257,-0.121
7000,A2_1,-0.381,0.96,0.951,0.98,-0.016,0.051,-0.021,1.0,0.996,0.991,-0.013,-0.007,-0.007,0.277,0.254,0.294
7000,A2_2,-0.372,0.973,0.966,0.99,-0.033,0.033,-0.032,0.996,1.0,0.995,-0.035,-0.027,-0.032,0.335,0.311,0.349
7000,A2_3,-0.305,0.985,0.981,0.997,0.014,0.079,0.015,0.991,0.995,1.0,0.009,0.015,0.012,0.32,0.294,0.339
7000,B2_1,-0.081,-0.001,0.01,0.005,0.995,0.992,0.986,-0.013,-0.035,0.009,1.0,0.999,0.998,-0.299,-0.328,-0.203
7000,B2_2,-0.099,0.004,0.018,0.013,0.996,0.994,0.989,-0.007,-0.027,0.015,0.999,1.0,0.996,-0.284,-0.312,-0.183
7000,B2_3,-0.082,-0.003,0.005,0.006,0.988,0.987,0.976,-0.007,-0.032,0.012,0.998,0.996,1.0,-0.323,-0.351,-0.229
7000,y1,-0.213,0.405,0.402,0.351,-0.253,-0.232,-0.222,0.277,0.335,0.32,-0.299,-0.284,-0.323,1.0,0.968,0.975
7000,y2,-0.245,0.38,0.37,0.325,-0.285,-0.268,-0.257,0.254,0.311,0.294,-0.328,-0.312,-0.351,0.968,1.0,0.949
7000,y3,-0.249,0.42,0.418,0.366,-0.154,-0.126,-0.121,0.294,0.349,0.339,-0.203,-0.183,-0.229,0.975,0.949,1.0
7500,.,1.0,-0.241,-0.381,-0.396,-0.001,0.003,-0.032,-0.44,-0.433,-0.298,0.0,0.006,-0.051,-0.257,-0.282,-0.27
7500,A1_1,-0.241,1.0,0.967,0.973,0.013,0.066,0.015,0.963,0.967,0.949,-0.021,-0.02,0.038,0.236,0.252,0.244
7500,A1_2,-0.381,0.967,1.0,0.998,-0.111,-0.058,-0.105,0.985,0.988,0.883,-0.15,-0.144,-0.079,0.278,0.309,0.291
7500,A1_3,-0.396,0.973,0.998,1.0,-0.103,-0.053,-0.097,0.993,0.996,0.908,-0.141,-0.138,-0.072,0.268,0.296,0.279
7500,B1_1,-0.001,0.013,-0.111,-0.103,1.0,0.981,0.998,-0.088,-0.111,0.039,0.99,0.975,0.996,-0.05,-0.083,-0.043
7500,B1_2,0.003,0.066,-0.058,-0.053,0.981,1.0,0.974,-0.033,-0.064,0.086,0.989,0.986,0.987,-0.15,-0.176,-0.131
7500,B1_3,-0.032,0.015,-0.105,-0.097,0.998,0.974,1.0,-0.082,-0.103,0.043,0.985,0.972,0.995,-0.024,-0.057,-0.018
7500,A2_1,-0.44,0.963,0.985,0.993,-0.088,-0.033,-0.082,1.0,0.997,0.922,-0.116,-0.115,-0.054,0.194,0.224,0.206
7500,A2_2,-0.433,0.967,0.988,0.996,-0.111,-0.064,-0.103,0.997,1.0,0.926,-0.144,-0.145,-0.079,0.253,0.28,0.262
7500,A2_3,-0.298,0.949,0.883,0.908,0.039,0.086,0.043,0.922,0.926,1.0,0.019,0.021,0.068,0.168,0.176,0.169
7500,B2_1,0.0,-0.021,-0.15,-0.141,0.99,0.989,0.985,-0.116,-0.144,0.019,1.0,0.988,0.989,-0.154,-0.187,-0.143
7500,B2_2,0.006,-0.02,-0.144,-0.138,0.975,0.986,0.972,-0.115,-0.145,0.021,0.988,1.0,0.983,-0.195,-0.226,-0.184
7500,B2_3,-0.051,0.038,-0.079,-0.072,0.996,0.987,0.995,-0.054,-0.079,0.068,0.989,0.983,1.0,-0.059,-0.09,-0.05
7500,y1,-0.257,0.236,0.278,0.268,-0.05,-0.15,-0.024,0.194,0.253,0.168,-0.154,-0.195,-0.059,1.0,0.994,0.995
7500,y2,-0.282,0.252,0.309,0.296,-0.083,-0.176,-0.057,0.224,0.28,0.176,-0.187,-0.226,-0.09,0.994,1.0,0.993
7500,y3,-0.27,0.244,0.291,0.279,-0.043,-0.131,-0.018,0.206,0.262,0.169,-0.143,-0.184,-0.05,0.995,0.993,1.0
8000,.,1.0,-0.243,-0.296,-0.299,0.305,0.277,0.249,-0.293,-0.311,-0.292,0.27,0.187,0.259,-0.016,-0.052,-0.054
8000,A1_1,-0.243,1.0,0.99,0.992,0.117,0.19,0.13,0.98,0.984,0.953,0.135,0.14,0.151,0.015,-0.032,0.003
8000,A1_2,-0.296,0.99,1.0,0.995,0.058,0.114,0.073,0.975,0.983,0.957,0.068,0.082,0.081,0.071,0.03,0.065
8000,A1_3,-0.299,0.992,0.995,1.0,0.093,0.152,0.111,0.99,0.994,0.96,0.107,0.122,0.121,0.012,-0.027,0.005
8000,B1_1,0.305,0.117,0.058,0.093,1.0,0.968,0.997,0.119,0.09,0.031,0.98,0.969,0.968,-0.355,-0.359,-0.338
8000,B1_2,0.277,0.19,0.114,0.152,0.968,1.0,0.973,0.193,0.161,0.115,0.989,0.974,0.993,-0.392,-0.393,-0.374
8000,B1_3,0.249,0.13,0.073,0.111,0.997,0.973,1.0,0.142,0.113,0.06,0.987,0.984,0.976,-0.364,-0.362,-0.344
8000,A2_1,-0.293,0.98,0.975,0.99,0.119,0.193,0.142,1.0,0.999,0.975,0.148,0.168,0.165,-0.033,-0.066,-0.039
8000,A2_2,-0.311,0.984,0.983,0.994,0.09,0.161,0.113,0.999,1.0,0.977,0.118,0.139,0.134,-0.0,-0.035,-0.007
8000,A2_3,-0.292,0.953,0.957,0.96,0.031,0.115,0.06,0.975,0.977,1.0,0.071,0.1,0.086,0.119,0.089,0.113
8000,B2_1,0.27,0.135,0.068,0.107,0.98,0.989,0.987,0.148,0.118,0.071,1.0,0.992,0.996,-0.413,-0.414,-0.394
8000,B2_2,0.187,0.14,0.082,0.122,0.969,0.974,0.984,0.168,0.139,0.1,0.992,1.0,0.984,-0.39,-0.384,-0.368
8000,B2_3,0.259,0.151,0.081,0.121,0.968,0.993,0.976,0.165,0.134,0.086,0.996,0.984,1.0,-0.437,-0.436,-0.417
8000,y1,-0.016,0.015,0.071,0.012,-0.355,-0.392,-0.364,-0.033,-0.0,0.119,-0.413,-0.39,-0.437,1.0,0.992,0.996
8000,y2,-0.052,-0.032,0.03,-0.027,-0.359,-0.393,-0.362,-0.066,-0.035,0.089,-0.414,-0.384,-0.436,0.992,1.0,0.996
8000,y3,-0.054,0.003,0.065,0.005,-0.338,-0.374,-0.344,-0.039,-0.007,0.113,-0.394,-0.368,-0.417,0.996,0.996,1.0
8500,.,1.0,-0.216,-0.273,-0.298,-0.05,-0.08,-0.112,-0.358,-0.38,-0.342,-0.117,-0.18,-0.172,0.094,0.107,0.053
8500,A1_1,-0.216,1.0,0.993,0.991,0.338,0.344,0.322,0.975,0.971,0.984,0.39,0.397,0.418,-0.017,0.008,0.024
8500,A1_2,-0.273,0.993,1.0,0.998,0.277,0.289,0.27,0.982,0.979,0.991,0.334,0.344,0.363,-0.009,0.019,0.033
8500,A1_3,-0.298,0.991,0.998,1.0,0.3,0.312,0.292,0.992,0.989,0.996,0.355,0.366,0.382,-0.05,-0.024,-0.009
8500,B1_1,-0.05,0.338,0.277,0.3,1.0,0.985,0.94,0.347,0.356,0.338,0.989,0.963,0.926,-0.63,-0.638,-0.618
8500,B1_2,-0.08,0.344,0.289,0.312,0.985,1.0,0.968,0.362,0.375,0.356,0.981,0.956,0.884,-0.619,-0.636,-0.612
8500,B1_3,-0.112,0.322,0.27,0.292,0.94,0.968,1.0,0.342,0.354,0.337,0.935,0.95,0.837,-0.682,-0.698,-0.674
8500,A2_1,-0.358,0.975,0.982,0.992,0.347,0.362,0.342,1.0,0.999,0.997,0.404,0.415,0.425,-0.113,-0.089,-0.073
8500,A2_2,-0.38,0.971,0.979,0.989,0.356,0.375,0.354,0.999,1.0,0.997,0.415,0.427,0.434,-0.115,-0.091,-0.074
8500,A2_3,-0.342,0.984,0.991,0.996,0.338,0.356,0.337,0.997,0.997,1.0,0.396,0.408,0.416,-0.079,-0.053,-0.037
8500,B2_1,-0.117,0.39,0.334,0.355,0.989,0.981,0.935,0.404,0.415,0.396,1.0,0.983,0.957,-0.597,-0.596,-0.581
8500,B2_2,-0.18,0.397,0.344,0.366,0.963,0.956,0.95,0.415,0.427,0.408,0.983,1.0,0.964,-0.638,-0.628,-0.616
8500,B2_3,-0.172,0.418,0.363,0.382,0.926,0.884,0.837,0.425,0.434,0.416,0.957,0.964,1.0,-0.562,-0.534,-0.531
8500,y1,0.094,-0.017,-0.009,-0.05,-0.63,-0.619,-0.682,-0.113,-0.115,-0.079,-0.597,-0.638,-0.562,1.0,0.989,0.997
8500,y2,0.107,0.008,0.019,-0.024,-0.638,-0.636,-0.698,-0.089,-0.091,-0.053,-0.596,-0.628,-0.534,0.989,1.0,0.991
8500,y3,0.053,0.024,0.033,-0.009,-0.618,-0.612,-0.674,-0.073,-0.074,-0.037,-0.581,-0.616,-0.531,0.997,0.991,1.0
9000,.,1.0,-0.117,-0.119,-0.182,-0.184,-0.141,-0.156,-0.138,-0.44,-0.151,0.037,0.051,-0.1,0.403,0.377,0.371
9000,A1_1,-0.117,1.0,0.993,0.985,0.446,0.486,0.463,0.987,0.833,0.983,0.302,0.43,0.273,-0.192,-0.19,-0.179
9000,A1_2,-0.119,0.993,1.0,0.991,0.389,0.43,0.408,0.979,0.792,0.97,0.276,0.39,0.231,-0.203,-0.2,-0.19
9000,A1_3,-0.182,0.985,0.991,1.0,0.43,0.466,0.45,0.974,0.824,0.956,0.316,0.422,0.272,-0.23,-0.223,-0.215
9000,B1_1,-0.184,0.446,0.389,0.43,1.0,0.994,0.996,0.407,0.502,0.387,0.866,0.916,0.922,-0.309,-0.322,-0.286
9000,B1_2,-0.141,0.486,0.43,0.466,0.994,1.0,0.999,0.451,0.519,0.431,0.864,0.935,0.898,-0.283,-0.297,-0.266
9000,B1_3,-0.156,0.463,0.408,0.45,0.996,0.999,1.0,0.43,0.509,0.405,0.873,0.936,0.91,-0.298,-0.311,-0.28
9000,A2_1,-0.138,0.987,0.979,0.974,0.407,0.451,0.43,1.0,0.856,0.99,0.279,0.407,0.243,-0.191,-0.187,-0.186
9000,A2_2,-0.44,0.833,0.792,0.824,0.502,0.519,0.509,0.856,1.0,0.874,0.197,0.34,0.272,-0.072,-0.058,-0.049
9000,A2_3,-0.151,0.983,0.97,0.956,0.387,0.431,0.405,0.99,0.874,1.0,0.21,0.356,0.196,-0.126,-0.123,-0.118
9000,B2_1,0.037,0.302,0.276,0.316,0.866,0.864,0.873,0.279,0.197,0.21,1.0,0.966,0.957,-0.487,-0.504,-0.483
9000,B2_2,0.051,0.43,0.39,0.422,0.916,0.935,0.936,0.407,0.34,0.356,0.966,1.0,0.919,-0.387,-0.405,-0.389
9000,B2_3,-0.1,0.273,0.231,0.272,0.922,0.898,0.91,0.243,0.272,0.196,0.957,0.919,1.0,-0.472,-0.487,-0.455
9000,y1,0.403,-0.192,-0.203,-0.23,-0.309,-0.283,-0.298,-0.191,-0.072,-0.126,-0.487,-0.387,-0.472,1.0,0.999,0.995
9000,y2,0.377,-0.19,-0.2,-0.223,-0.322,-0.297,-0.311,-0.187,-0.058,-0.123,-0.504,-0.405,-0.487,0.999,1.0,0.995
9000,y3,0.371,-0.179,-0.19,-0.215,-0.286,-0.266,-0.28,-0.186,-0.049,-0.118,-0.483,-0.389,-0.455,0.995,0.995,1.0
9500,.,1.0,-0.302,-0.311,-0.329,-0.144,-0.166,-0.193,-0.338,-0.329,-0.331,-0.16,-0.225,-0.167,0.428,0.421,0.42
9500,A1_1,-0.302,1.0,0.994,0.99,0.442,0.493,0.48,0.98,0.98,0.988,0.449,0.475,0.44,-0.278,-0.286,-0.287
9500,A1_2,-0.311,0.994,1.0,0.994,0.379,0.433,0.42,0.986,0.984,0.992,0.386,0.418,0.378,-0.296,-0.302,-0.303
9500,A1_3,-0.329,0.99,0.994,1.0,0.415,0.468,0.457,0.984,0.991,0.987,0.423,0.456,0.415,-0.298,-0.304,-0.305
9500,B1_1,-0.144,0.442,0.379,0.415,1.0,0.993,0.99,0.398,0.413,0.402,0.999,0.974,0.998,-0.437,-0.444,-0.446
9500,B1_2,-0.166,0.493,0.433,0.468,0.993,1.0,0.996,0.452,0.468,0.455,0.995,0.982,0.992,-0.402,-0.408,-0.41
9500,B1_3,-0.193,0.48,0.42,0.457,0.99,0.996,1.0,0.44,0.456,0.443,0.994,0.995,0.994,-0.448,-0.454,-0.455
9500,A2_1,-0.338,0.98,0.986,0.984,0.398,0.452,0.44,1.0,0.996,0.998,0.406,0.438,0.398,-0.294,-0.302,-0.303
9500,A2_2,-0.329,0.98,0.984,0.991,0.413,0.468,0.456,0.996,1.0,0.994,0.422,0.455,0.413,-0.274,-0.28,-0.281
9500,A2_3,-0.331,0.988,0.992,0.987,0.402,0.455,0.443,0.998,0.994,1.0,0.41,0.441,0.402,-0.305,-0.312,-0.313
9500,B2_1,-0.16,0.449,0.386,0.423,0.999,0.995,0.994,0.406,0.422,0.41,1.0,0.981,0.999,-0.445,-0.451,-0.453
9500,B2_2,-0.225,0.475,0.418,0.456,0.974,0.982,0.995,0.438,0.455,0.441,0.981,1.0,0.984,-0.481,-0.487,-0.488
9500,B2_3,-0.167,0.44,0.378,0.415,0.998,0.992,0.994,0.398,0.413,0.402,0.999,0.984,1.0,-0.463,-0.47,-0.472
9500,y1,0.428,-0.278,-0.296,-0.298,-0.437,-0.402,-0.448,-0.294,-0.274,-0.305,-0.445,-0.481,-0.463,1.0,1.0,1.0
9500,y2,0.421,-0.286,-0.302,-0.304,-0.444,-0.408,-0.454,-0.302,-0.28,-0.312,-0.451,-0.487,-0.47,1.0,1.0,1.0
9500,y3,0.42,-0.287,-0.303,-0.305,-0.446,-0.41,-0.455,-0.303,-0.281,-0.313,-0.453,-0.488,-0.472,1.0,1.0,1.0
10000,.,1.0,-0.205,-0.361,-0.292,0.031,0.105,0.103,-0.364,-0.413,-0.295,0.033,0.037,0.054,0.551,0.51,0.487
10000,A1_1,-0.205,1.0,0.945,0.972,0.212,0.332,0.255,0.946,0.915,0.982,0.276,0.248,0.214,-0.23,-0.376,-0.326
10000,A1_2,-0.361,0.945,1.0,0.961,0.147,0.265,0.182,0.993,0.99,0.978,0.232,0.205,0.132,-0.215,-0.348,-0.305
10000,A1_3,-0.292,0.972,0.961,1.0,0.175,0.267,0.183,0.977,0.942,0.985,0.231,0.224,0.164,-0.287,-0.424,-0.376
10000,B1_1,0.031,0.212,0.147,0.175,1.0,0.954,0.966,0.122,0.07,0.183,0.988,0.989,0.997,-0.423,-0.415,-0.331
10000,B1_2,0.105,0.332,0.265,0.267,0.954,1.0,0.99,0.224,0.172,0.31,0.982,0.966,0.959,-0.299,-0.297,-0.207
10000,B1_3,0.103,0.255,0.182,0.183,0.966,0.99,1.0,0.139,0.091,0.227,0.981,0.963,0.976,-0.303,-0.301,-0.214
10000,A2_1,-0.364,0.946,0.993,0.977,0.122,0.224,0.139,1.0,0.991,0.979,0.196,0.179,0.105,-0.224,-0.36,-0.317
10000,A2_2,-0.413,0.915,0.99,0.942,0.07,0.172,0.091,0.991,1.0,0.954,0.152,0.126,0.051,-0.18,-0.314,-0.275
10000,A2_3,-0.295,0.982,0.978,0.985,0.183,0.31,0.227,0.979,0.954,1.0,0.256,0.236,0.178,-0.253,-0.389,-0.342
10000,B2_1,0.033,0.276,0.232,0.231,0.988,0.982,0.981,0.196,0.152,0.256,1.0,0.991,0.984,-0.373,-0.368,-0.28
10000,B2_2,0.037,0.248,0.205,0.224,0.989,0.966,0.963,0.179,0.126,0.236,0.991,1.0,0.979,-0.426,-0.416,-0.333
10000,B2_3,0.054,0.214,0.132,0.164,0.997,0.959,0.976,0.105,0.051,0.178,0.984,0.979,1.0,-0.4,-0.393,-0.308
10000,y1,0.551,-0.23,-0.215,-0.287,-0.423,-0.299,-0.303,-0.224,-0.18,-0.253,-0.373,-0.426,-0.4,1.0,0.973,0.96
10000,y2,0.51,-0.376,-0.348,-0.424,-0.415,-0.297,-0.301,-0.36,-0.314,-0.389,-0.368,-0.416,-0.393,0.973,1.0,0.992
10000,y3,0.487,-0.326,-0.305,-0.376,-0.331,-0.207,-0.214,-0.317,-0.275,-0.342,-0.28,-0.333,-0.308,0.96,0.992,1.0
