,,.,A1_1,A1_2,A1_3,B1_1,B1_2,B1_3,A2_1,A2_2,A2_3,B2_1,B2_2,B2_3,y1,y2,y3
1,.,1.0,0.829,0.825,0.809,0.839,0.824,0.736,0.812,0.775,0.789,0.769,0.704,0.818,0.732,0.782,0.901
1,A1_1,0.829,1.0,0.807,0.723,0.691,0.7,0.785,0.63,0.709,0.709,0.754,0.648,0.651,0.73,0.711,0.814
1,A1_2,0.825,0.807,1.0,0.631,0.711,0.668,0.695,0.709,0.706,0.691,0.738,0.626,0.696,0.685,0.767,0.779
1,A1_3,0.809,0.723,0.631,1.0,0.816,0.733,0.663,0.571,0.743,0.655,0.683,0.518,0.719,0.647,0.649,0.736
1,B1_1,0.839,0.691,0.711,0.816,1.0,0.817,0.578,0.727,0.762,0.725,0.666,0.68,0.763,0.719,0.694,0.811
1,B1_2,0.824,0.7,0.668,0.733,0.817,1.0,0.742,0.683,0.785,0.797,0.756,0.71,0.82,0.851,0.692,0.856
1,B1_3,0.736,0.785,0.695,0.663,0.578,0.742,1.0,0.588,0.665,0.642,0.768,0.63,0.74,0.816,0.715,0.781
1,A2_1,0.812,0.63,0.709,0.571,0.727,0.683,0.588,1.0,0.602,0.694,0.651,0.673,0.734,0.635,0.762,0.773
1,A2_2,0.775,0.709,0.706,0.743,0.762,0.785,0.665,0.602,1.0,0.738,0.811,0.611,0.747,0.759,0.698,0.767
1,A2_3,0.789,0.709,0.691,0.655,0.725,0.797,0.642,0.694,0.738,1.0,0.606,0.775,0.805,0.753,0.697,0.761
1,B2_1,0.769,0.754,0.738,0.683,0.666,0.756,0.768,0.651,0.811,0.606,1.0,0.505,0.72,0.757,0.711,0.828
1,B2_2,0.704,0.648,0.626,0.518,0.68,0.71,0.63,0.673,0.611,0.775,0.505,1.0,0.741,0.722,0.768,0.659
1,B2_3,0.818,0.651,0.696,0.719,0.763,0.82,0.74,0.734,0.747,0.805,0.72,0.741,1.0,0.821,0.701,0.809
1,y1,0.732,0.73,0.685,0.647,0.719,0.851,0.816,0.635,0.759,0.753,0.757,0.722,0.821,1.0,0.652,0.774
1,y2,0.782,0.711,0.767,0.649,0.694,0.692,0.715,0.762,0.698,0.697,0.711,0.768,0.701,0.652,1.0,0.722
1,y3,0.901,0.814,0.779,0.736,0.811,0.856,0.781,0.773,0.767,0.761,0.828,0.659,0.809,0.774,0.722,1.0
2,.,1.0,0.839,0.837,0.822,0.853,0.835,0.748,0.824,0.784,0.798,0.784,0.721,0.83,0.744,0.795,0.907
2,A1_1,0.839,1.0,0.817,0.74,0.711,0.719,0.796,0.652,0.726,0.724,0.771,0.672,0.672,0.743,0.729,0.825
2,A1_2,0.837,0.817,1.0,0.654,0.731,0.689,0.708,0.726,0.722,0.707,0.755,0.649,0.714,0.699,0.78,0.791
2,A1_3,0.822,0.74,0.654,1.0,0.829,0.75,0.682,0.594,0.758,0.672,0.704,0.545,0.737,0.663,0.672,0.752
2,B1_1,0.853,0.711,0.731,0.829,1.0,0.828,0.603,0.742,0.779,0.739,0.688,0.696,0.777,0.732,0.715,0.823
2,B1_2,0.835,0.719,0.689,0.75,0.828,1.0,0.756,0.701,0.797,0.806,0.771,0.726,0.829,0.858,0.713,0.863
2,B1_3,0.748,0.796,0.708,0.682,0.603,0.756,1.0,0.609,0.682,0.658,0.782,0.654,0.754,0.824,0.733,0.791
2,A2_1,0.824,0.652,0.726,0.594,0.742,0.701,0.609,1.0,0.622,0.708,0.672,0.691,0.748,0.651,0.774,0.785
2,A2_2,0.784,0.726,0.722,0.758,0.779,0.797,0.682,0.622,1.0,0.75,0.822,0.635,0.763,0.771,0.715,0.78
2,A2_3,0.798,0.724,0.707,0.672,0.739,0.806,0.658,0.708,0.75,1.0,0.625,0.788,0.816,0.764,0.714,0.773
2,B2_1,0.784,0.771,0.755,0.704,0.688,0.771,0.782,0.672,0.822,0.625,1.0,0.537,0.736,0.768,0.731,0.837
2,B2_2,0.721,0.672,0.649,0.545,0.696,0.726,0.654,0.691,0.635,0.788,0.537,1.0,0.754,0.737,0.787,0.68
2,B2_3,0.83,0.672,0.714,0.737,0.777,0.829,0.754,0.748,0.763,0.816,0.736,0.754,1.0,0.829,0.72,0.819
2,y1,0.744,0.743,0.699,0.663,0.732,0.858,0.824,0.651,0.771,0.764,0.768,0.737,0.829,1.0,0.671,0.783
2,y2,0.795,0.729,0.78,0.672,0.715,0.713,0.733,0.774,0.715,0.714,0.731,0.787,0.72,0.671,1.0,0.736
2,y3,0.907,0.825,0.791,0.752,0.823,0.863,0.791,0.785,0.78,0.773,0.837,0.68,0.819,0.783,0.736,1.0
3,.,1.0,0.85,0.848,0.835,0.865,0.847,0.762,0.836,0.795,0.809,0.799,0.738,0.841,0.758,0.806,0.914
3,A1_1,0.85,1.0,0.828,0.76,0.733,0.741,0.809,0.675,0.745,0.742,0.79,0.699,0.697,0.759,0.749,0.837
3,A1_2,0.848,0.828,1.0,0.678,0.751,0.711,0.723,0.744,0.739,0.725,0.773,0.673,0.734,0.715,0.791,0.803
3,A1_3,0.835,0.76,0.678,1.0,0.843,0.77,0.704,0.62,0.775,0.692,0.728,0.578,0.757,0.684,0.695,0.769
3,B1_1,0.865,0.733,0.751,0.843,1.0,0.841,0.633,0.759,0.797,0.756,0.714,0.719,0.795,0.749,0.738,0.836
3,B1_2,0.847,0.741,0.711,0.77,0.841,1.0,0.774,0.722,0.811,0.816,0.79,0.748,0.841,0.867,0.736,0.872
3,B1_3,0.762,0.809,0.723,0.704,0.633,0.774,1.0,0.633,0.702,0.678,0.799,0.683,0.772,0.834,0.752,0.803
3,A2_1,0.836,0.675,0.744,0.62,0.759,0.722,0.633,1.0,0.645,0.725,0.695,0.711,0.764,0.671,0.786,0.799
3,A2_2,0.795,0.745,0.739,0.775,0.797,0.811,0.702,0.645,1.0,0.765,0.834,0.663,0.78,0.785,0.733,0.794
3,A2_3,0.809,0.742,0.725,0.692,0.756,0.816,0.678,0.725,0.765,1.0,0.648,0.802,0.828,0.777,0.732,0.786
3,B2_1,0.799,0.79,0.773,0.728,0.714,0.79,0.799,0.695,0.834,0.648,1.0,0.575,0.756,0.782,0.752,0.848
3,B2_2,0.738,0.699,0.673,0.578,0.719,0.748,0.683,0.711,0.663,0.802,0.575,1.0,0.772,0.757,0.806,0.702
3,B2_3,0.841,0.697,0.734,0.757,0.795,0.841,0.772,0.764,0.78,0.828,0.756,0.772,1.0,0.839,0.741,0.831
3,y1,0.758,0.759,0.715,0.684,0.749,0.867,0.834,0.671,0.785,0.777,0.782,0.757,0.839,1.0,0.692,0.795
3,y2,0.806,0.749,0.791,0.695,0.738,0.736,0.752,0.786,0.733,0.732,0.752,0.806,0.741,0.692,1.0,0.752
3,y3,0.914,0.837,0.803,0.769,0.836,0.872,0.803,0.799,0.794,0.786,0.848,0.702,0.831,0.795,0.752,1.0
4,.,1.0,0.858,0.856,0.845,0.874,0.855,0.772,0.845,0.802,0.816,0.81,0.752,0.85,0.767,0.814,0.918
4,A1_1,0.858,1.0,0.837,0.777,0.753,0.759,0.82,0.696,0.761,0.758,0.805,0.722,0.718,0.772,0.765,0.847
4,A1_2,0.856,0.837,1.0,0.698,0.767,0.727,0.735,0.759,0.753,0.74,0.786,0.693,0.749,0.728,0.8,0.813
4,A1_3,0.845,0.777,0.698,1.0,0.856,0.787,0.723,0.644,0.789,0.711,0.748,0.608,0.776,0.702,0.715,0.784
4,B1_1,0.874,0.753,0.767,0.856,1.0,0.853,0.66,0.774,0.813,0.772,0.737,0.74,0.811,0.765,0.756,0.847
4,B1_2,0.855,0.759,0.727,0.787,0.853,1.0,0.79,0.739,0.823,0.825,0.806,0.768,0.852,0.874,0.755,0.88
4,B1_3,0.772,0.82,0.735,0.723,0.66,0.79,1.0,0.654,0.718,0.695,0.814,0.709,0.788,0.844,0.768,0.813
4,A2_1,0.845,0.696,0.759,0.644,0.774,0.739,0.654,1.0,0.665,0.74,0.715,0.728,0.778,0.687,0.796,0.81
4,A2_2,0.802,0.761,0.753,0.789,0.813,0.823,0.718,0.665,1.0,0.778,0.844,0.686,0.794,0.796,0.748,0.806
4,A2_3,0.816,0.758,0.74,0.711,0.772,0.825,0.695,0.74,0.778,1.0,0.669,0.814,0.839,0.788,0.748,0.797
4,B2_1,0.81,0.805,0.786,0.748,0.737,0.806,0.814,0.715,0.844,0.669,1.0,0.61,0.773,0.795,0.769,0.857
4,B2_2,0.752,0.722,0.693,0.608,0.74,0.768,0.709,0.728,0.686,0.814,0.61,1.0,0.79,0.774,0.822,0.722
4,B2_3,0.85,0.718,0.749,0.776,0.811,0.852,0.788,0.778,0.794,0.839,0.773,0.79,1.0,0.849,0.758,0.84
4,y1,0.767,0.772,0.728,0.702,0.765,0.874,0.844,0.687,0.796,0.788,0.795,0.774,0.849,1.0,0.71,0.805
4,y2,0.814,0.765,0.8,0.715,0.756,0.755,0.768,0.796,0.748,0.748,0.769,0.822,0.758,0.71,1.0,0.764
4,y3,0.918,0.847,0.813,0.784,0.847,0.88,0.813,0.81,0.806,0.797,0.857,0.722,0.84,0.805,0.764,1.0
5,.,1.0,0.862,0.861,0.852,0.879,0.859,0.778,0.852,0.806,0.822,0.817,0.76,0.855,0.773,0.817,0.92
5,A1_1,0.862,1.0,0.844,0.791,0.769,0.773,0.829,0.712,0.775,0.772,0.818,0.74,0.736,0.783,0.777,0.855
5,A1_2,0.861,0.844,1.0,0.714,0.779,0.739,0.742,0.77,0.764,0.752,0.795,0.706,0.761,0.736,0.805,0.82
5,A1_3,0.852,0.791,0.714,1.0,0.866,0.8,0.738,0.663,0.801,0.726,0.765,0.633,0.79,0.717,0.73,0.795
5,B1_1,0.879,0.769,0.779,0.866,1.0,0.864,0.682,0.787,0.825,0.785,0.757,0.759,0.824,0.778,0.771,0.855
5,B1_2,0.859,0.773,0.739,0.8,0.864,1.0,0.804,0.753,0.831,0.833,0.82,0.785,0.862,0.881,0.77,0.885
5,B1_3,0.778,0.829,0.742,0.738,0.682,0.804,1.0,0.67,0.731,0.709,0.826,0.731,0.801,0.852,0.781,0.821
5,A2_1,0.852,0.712,0.77,0.663,0.787,0.753,0.67,1.0,0.682,0.752,0.73,0.742,0.789,0.7,0.803,0.819
5,A2_2,0.806,0.775,0.764,0.801,0.825,0.831,0.731,0.682,1.0,0.788,0.852,0.706,0.806,0.805,0.759,0.815
5,A2_3,0.822,0.772,0.752,0.726,0.785,0.833,0.709,0.752,0.788,1.0,0.687,0.823,0.847,0.797,0.76,0.807
5,B2_1,0.817,0.818,0.795,0.765,0.757,0.82,0.826,0.73,0.852,0.687,1.0,0.639,0.789,0.807,0.782,0.864
5,B2_2,0.76,0.74,0.706,0.633,0.759,0.785,0.731,0.742,0.706,0.823,0.639,1.0,0.804,0.789,0.835,0.738
5,B2_3,0.855,0.736,0.761,0.79,0.824,0.862,0.801,0.789,0.806,0.847,0.789,0.804,1.0,0.856,0.771,0.848
5,y1,0.773,0.783,0.736,0.717,0.778,0.881,0.852,0.7,0.805,0.797,0.807,0.789,0.856,1.0,0.724,0.812
5,y2,0.817,0.777,0.805,0.73,0.771,0.77,0.781,0.803,0.759,0.76,0.782,0.835,0.771,0.724,1.0,0.773
5,y3,0.92,0.855,0.82,0.795,0.855,0.885,0.821,0.819,0.815,0.807,0.864,0.738,0.848,0.812,0.773,1.0
6,.,1.0,0.864,0.864,0.856,0.881,0.859,0.778,0.856,0.807,0.824,0.82,0.763,0.856,0.773,0.818,0.921
6,A1_1,0.864,1.0,0.849,0.801,0.781,0.783,0.834,0.724,0.785,0.782,0.827,0.754,0.749,0.791,0.786,0.86
6,A1_2,0.864,0.849,1.0,0.725,0.786,0.746,0.745,0.778,0.772,0.761,0.8,0.715,0.767,0.741,0.808,0.824
6,A1_3,0.856,0.801,0.725,1.0,0.874,0.809,0.749,0.678,0.81,0.738,0.777,0.652,0.802,0.727,0.741,0.803
6,B1_1,0.881,0.781,0.786,0.874,1.0,0.871,0.7,0.795,0.835,0.795,0.772,0.774,0.835,0.788,0.781,0.861
6,B1_2,0.859,0.783,0.746,0.809,0.871,1.0,0.815,0.761,0.836,0.837,0.831,0.799,0.869,0.886,0.78,0.888
6,B1_3,0.778,0.834,0.745,0.749,0.7,0.815,1.0,0.681,0.74,0.719,0.836,0.749,0.812,0.859,0.789,0.826
6,A2_1,0.856,0.724,0.778,0.678,0.795,0.761,0.681,1.0,0.694,0.762,0.742,0.752,0.797,0.709,0.808,0.825
6,A2_2,0.807,0.785,0.772,0.81,0.835,0.836,0.74,0.694,1.0,0.797,0.857,0.72,0.815,0.811,0.768,0.821
6,A2_3,0.824,0.782,0.761,0.738,0.795,0.837,0.719,0.762,0.797,1.0,0.7,0.83,0.853,0.803,0.769,0.813
6,B2_1,0.82,0.827,0.8,0.777,0.772,0.831,0.836,0.742,0.857,0.7,1.0,0.663,0.8,0.815,0.791,0.868
6,B2_2,0.763,0.754,0.715,0.652,0.774,0.799,0.749,0.752,0.72,0.83,0.663,1.0,0.816,0.801,0.844,0.749
6,B2_3,0.856,0.749,0.767,0.802,0.835,0.869,0.812,0.797,0.815,0.853,0.8,0.816,1.0,0.862,0.781,0.853
6,y1,0.773,0.791,0.741,0.727,0.788,0.886,0.859,0.709,0.811,0.803,0.815,0.801,0.862,1.0,0.734,0.817
6,y2,0.818,0.786,0.808,0.741,0.781,0.78,0.789,0.808,0.768,0.769,0.791,0.844,0.781,0.734,1.0,0.778
6,y3,0.921,0.86,0.824,0.803,0.861,0.888,0.826,0.825,0.821,0.813,0.868,0.749,0.853,0.817,0.778,1.0
7,.,1.0,0.862,0.864,0.856,0.879,0.856,0.773,0.858,0.804,0.822,0.817,0.761,0.853,0.768,0.813,0.919
7,A1_1,0.862,1.0,0.851,0.808,0.79,0.789,0.836,0.732,0.792,0.789,0.832,0.763,0.757,0.795,0.791,0.863
7,A1_2,0.864,0.851,1.0,0.731,0.789,0.747,0.742,0.783,0.776,0.766,0.801,0.718,0.769,0.74,0.806,0.825
7,A1_3,0.856,0.808,0.731,1.0,0.879,0.815,0.755,0.688,0.816,0.746,0.786,0.665,0.809,0.733,0.747,0.808
7,B1_1,0.879,0.79,0.789,0.879,1.0,0.877,0.712,0.801,0.842,0.802,0.783,0.784,0.843,0.795,0.788,0.864
7,B1_2,0.856,0.789,0.747,0.815,0.877,1.0,0.824,0.766,0.839,0.839,0.839,0.809,0.874,0.889,0.786,0.89
7,B1_3,0.773,0.836,0.742,0.755,0.712,0.824,1.0,0.686,0.745,0.725,0.843,0.762,0.819,0.863,0.793,0.827
7,A2_1,0.858,0.732,0.783,0.688,0.801,0.766,0.686,1.0,0.702,0.768,0.748,0.757,0.8,0.713,0.809,0.828
7,A2_2,0.804,0.792,0.776,0.816,0.842,0.839,0.745,0.702,1.0,0.802,0.86,0.729,0.82,0.813,0.772,0.825
7,A2_3,0.822,0.789,0.766,0.746,0.802,0.839,0.725,0.768,0.802,1.0,0.708,0.834,0.857,0.807,0.774,0.817
7,B2_1,0.817,0.832,0.801,0.786,0.783,0.839,0.843,0.748,0.86,0.708,1.0,0.68,0.809,0.821,0.796,0.87
7,B2_2,0.761,0.763,0.718,0.665,0.784,0.809,0.762,0.757,0.729,0.834,0.68,1.0,0.825,0.809,0.849,0.756
7,B2_3,0.853,0.757,0.769,0.809,0.843,0.874,0.819,0.8,0.82,0.857,0.809,0.825,1.0,0.866,0.786,0.855
7,y1,0.768,0.795,0.74,0.733,0.795,0.889,0.863,0.713,0.813,0.807,0.821,0.809,0.866,1.0,0.739,0.82
7,y2,0.813,0.791,0.806,0.747,0.788,0.786,0.793,0.809,0.772,0.774,0.796,0.849,0.786,0.739,1.0,0.78
7,y3,0.919,0.863,0.825,0.808,0.864,0.89,0.827,0.828,0.825,0.817,0.87,0.756,0.855,0.82,0.78,1.0
8,.,1.0,0.857,0.862,0.853,0.873,0.847,0.763,0.856,0.797,0.817,0.81,0.752,0.846,0.758,0.804,0.915
8,A1_1,0.857,1.0,0.851,0.812,0.795,0.792,0.836,0.737,0.796,0.794,0.835,0.768,0.762,0.796,0.793,0.865
8,A1_2,0.862,0.851,1.0,0.733,0.788,0.743,0.735,0.784,0.776,0.768,0.797,0.715,0.767,0.735,0.801,0.823
8,A1_3,0.853,0.812,0.733,1.0,0.882,0.818,0.758,0.693,0.82,0.751,0.79,0.673,0.813,0.736,0.748,0.81
8,B1_1,0.873,0.795,0.788,0.882,1.0,0.88,0.721,0.803,0.846,0.806,0.79,0.792,0.848,0.799,0.79,0.865
8,B1_2,0.847,0.792,0.743,0.818,0.88,1.0,0.829,0.767,0.839,0.838,0.844,0.816,0.878,0.89,0.788,0.889
8,B1_3,0.763,0.836,0.735,0.758,0.721,0.829,1.0,0.687,0.746,0.727,0.847,0.772,0.824,0.865,0.795,0.827
8,A2_1,0.856,0.737,0.784,0.693,0.803,0.767,0.687,1.0,0.706,0.771,0.751,0.758,0.801,0.712,0.808,0.829
8,A2_2,0.797,0.796,0.776,0.82,0.846,0.839,0.746,0.706,1.0,0.805,0.861,0.734,0.822,0.813,0.772,0.825
8,A2_3,0.817,0.794,0.768,0.751,0.806,0.838,0.727,0.771,0.805,1.0,0.712,0.835,0.859,0.807,0.775,0.819
8,B2_1,0.81,0.835,0.797,0.79,0.79,0.844,0.847,0.751,0.861,0.712,1.0,0.693,0.815,0.824,0.798,0.871
8,B2_2,0.752,0.768,0.715,0.673,0.792,0.816,0.772,0.758,0.734,0.835,0.693,1.0,0.831,0.814,0.851,0.759
8,B2_3,0.846,0.762,0.767,0.813,0.848,0.878,0.824,0.801,0.822,0.859,0.815,0.831,1.0,0.868,0.788,0.855
8,y1,0.758,0.796,0.735,0.736,0.799,0.89,0.865,0.712,0.813,0.807,0.824,0.814,0.868,1.0,0.741,0.819
8,y2,0.804,0.793,0.801,0.748,0.79,0.788,0.795,0.808,0.772,0.775,0.798,0.851,0.788,0.741,1.0,0.779
8,y3,0.915,0.865,0.823,0.81,0.865,0.889,0.827,0.829,0.825,0.819,0.871,0.759,0.855,0.819,0.779,1.0
9,.,1.0,0.849,0.859,0.847,0.864,0.834,0.747,0.852,0.786,0.809,0.799,0.739,0.834,0.742,0.792,0.908
9,A1_1,0.849,1.0,0.849,0.815,0.797,0.791,0.834,0.74,0.798,0.797,0.836,0.77,0.764,0.795,0.793,0.864
9,A1_2,0.859,0.849,1.0,0.733,0.784,0.734,0.724,0.784,0.775,0.768,0.791,0.708,0.761,0.727,0.794,0.819
9,A1_3,0.847,0.815,0.733,1.0,0.884,0.818,0.758,0.697,0.822,0.755,0.793,0.677,0.816,0.735,0.747,0.81
9,B1_1,0.864,0.797,0.784,0.884,1.0,0.882,0.727,0.804,0.849,0.808,0.796,0.797,0.852,0.801,0.79,0.865
9,B1_2,0.834,0.791,0.734,0.818,0.882,1.0,0.834,0.765,0.836,0.835,0.848,0.821,0.88,0.89,0.786,0.886
9,B1_3,0.747,0.834,0.724,0.758,0.727,0.834,1.0,0.684,0.744,0.726,0.851,0.779,0.828,0.866,0.794,0.824
9,A2_1,0.852,0.74,0.784,0.697,0.804,0.765,0.684,1.0,0.708,0.772,0.751,0.757,0.8,0.709,0.805,0.829
9,A2_2,0.786,0.798,0.775,0.822,0.849,0.836,0.744,0.708,1.0,0.807,0.86,0.736,0.822,0.811,0.771,0.825
9,A2_3,0.809,0.797,0.768,0.755,0.808,0.835,0.726,0.772,0.807,1.0,0.714,0.834,0.858,0.805,0.774,0.819
9,B2_1,0.799,0.836,0.791,0.793,0.796,0.848,0.851,0.751,0.86,0.714,1.0,0.702,0.819,0.826,0.798,0.869
9,B2_2,0.739,0.77,0.708,0.677,0.797,0.821,0.779,0.757,0.736,0.834,0.702,1.0,0.836,0.817,0.852,0.759
9,B2_3,0.834,0.764,0.761,0.816,0.852,0.88,0.828,0.8,0.822,0.858,0.819,0.836,1.0,0.869,0.787,0.854
9,y1,0.742,0.795,0.727,0.735,0.801,0.89,0.866,0.709,0.811,0.805,0.826,0.817,0.869,1.0,0.739,0.817
9,y2,0.792,0.793,0.794,0.747,0.79,0.786,0.794,0.805,0.771,0.774,0.798,0.852,0.787,0.739,1.0,0.776
9,y3,0.908,0.864,0.819,0.81,0.865,0.886,0.824,0.829,0.825,0.819,0.869,0.759,0.854,0.817,0.776,1.0
10,.,1.0,0.838,0.853,0.838,0.849,0.815,0.725,0.846,0.771,0.798,0.782,0.719,0.817,0.721,0.775,0.899
10,A1_1,0.838,1.0,0.846,0.816,0.798,0.788,0.829,0.74,0.798,0.798,0.834,0.77,0.763,0.792,0.791,0.863
10,A1_2,0.853,0.846,1.0,0.729,0.776,0.721,0.709,0.782,0.77,0.766,0.78,0.697,0.751,0.714,0.784,0.813
10,A1_3,0.838,0.816,0.729,1.0,0.884,0.815,0.755,0.697,0.822,0.755,0.793,0.678,0.815,0.731,0.743,0.808
10,B1_1,0.849,0.798,0.776,0.884,1.0,0.883,0.73,0.801,0.849,0.808,0.799,0.8,0.854,0.801,0.788,0.862
10,B1_2,0.815,0.788,0.721,0.815,0.883,1.0,0.837,0.759,0.83,0.829,0.85,0.825,0.882,0.889,0.782,0.882
10,B1_3,0.725,0.829,0.709,0.755,0.73,0.837,1.0,0.678,0.739,0.722,0.853,0.785,0.83,0.866,0.79,0.818
10,A2_1,0.846,0.74,0.782,0.697,0.801,0.759,0.678,1.0,0.707,0.771,0.748,0.752,0.795,0.702,0.8,0.827
10,A2_2,0.771,0.798,0.77,0.822,0.849,0.83,0.739,0.707,1.0,0.807,0.857,0.735,0.82,0.806,0.767,0.822
10,A2_3,0.798,0.798,0.766,0.755,0.808,0.829,0.722,0.771,0.807,1.0,0.712,0.83,0.856,0.801,0.77,0.817
10,B2_1,0.782,0.834,0.78,0.793,0.799,0.85,0.853,0.748,0.857,0.712,1.0,0.709,0.822,0.826,0.795,0.866
10,B2_2,0.719,0.77,0.697,0.678,0.8,0.825,0.785,0.752,0.735,0.83,0.709,1.0,0.839,0.819,0.85,0.756
10,B2_3,0.817,0.763,0.751,0.815,0.854,0.882,0.83,0.795,0.82,0.856,0.822,0.839,1.0,0.868,0.783,0.85
10,y1,0.721,0.792,0.714,0.731,0.801,0.889,0.866,0.702,0.806,0.801,0.826,0.819,0.868,1.0,0.735,0.812
10,y2,0.775,0.791,0.784,0.743,0.788,0.782,0.79,0.8,0.767,0.77,0.795,0.85,0.783,0.735,1.0,0.77
10,y3,0.899,0.863,0.813,0.808,0.862,0.882,0.818,0.827,0.822,0.817,0.866,0.756,0.85,0.812,0.77,1.0
11,.,1.0,0.824,0.846,0.825,0.829,0.791,0.697,0.838,0.752,0.782,0.759,0.692,0.795,0.694,0.754,0.888
11,A1_1,0.824,1.0,0.842,0.815,0.796,0.782,0.822,0.739,0.797,0.798,0.831,0.766,0.759,0.787,0.787,0.86
11,A1_2,0.846,0.842,1.0,0.723,0.765,0.702,0.688,0.778,0.764,0.762,0.765,0.681,0.737,0.697,0.771,0.805
11,A1_3,0.825,0.815,0.723,1.0,0.883,0.811,0.75,0.696,0.821,0.755,0.79,0.675,0.813,0.725,0.737,0.805
11,B1_1,0.829,0.796,0.765,0.883,1.0,0.883,0.732,0.797,0.849,0.806,0.801,0.802,0.855,0.8,0.783,0.858
11,B1_2,0.791,0.782,0.702,0.811,0.883,1.0,0.839,0.75,0.823,0.821,0.851,0.828,0.883,0.887,0.775,0.875
11,B1_3,0.697,0.822,0.688,0.75,0.732,0.839,1.0,0.668,0.731,0.715,0.854,0.79,0.831,0.865,0.783,0.811
11,A2_1,0.838,0.739,0.778,0.696,0.797,0.75,0.668,1.0,0.704,0.769,0.742,0.744,0.788,0.693,0.793,0.823
11,A2_2,0.752,0.797,0.764,0.821,0.849,0.823,0.731,0.704,1.0,0.806,0.852,0.73,0.817,0.799,0.761,0.818
11,A2_3,0.782,0.798,0.762,0.755,0.806,0.821,0.715,0.769,0.806,1.0,0.708,0.824,0.852,0.795,0.765,0.813
11,B2_1,0.759,0.831,0.765,0.79,0.801,0.851,0.854,0.742,0.852,0.708,1.0,0.713,0.824,0.824,0.79,0.861
11,B2_2,0.692,0.766,0.681,0.675,0.802,0.828,0.79,0.744,0.73,0.824,0.713,1.0,0.842,0.819,0.845,0.751
11,B2_3,0.795,0.759,0.737,0.813,0.855,0.883,0.831,0.788,0.817,0.852,0.824,0.842,1.0,0.866,0.776,0.845
11,y1,0.694,0.787,0.697,0.725,0.8,0.887,0.865,0.693,0.799,0.795,0.824,0.819,0.866,1.0,0.729,0.806
11,y2,0.754,0.787,0.771,0.737,0.783,0.775,0.783,0.793,0.761,0.765,0.79,0.845,0.776,0.729,1.0,0.762
11,y3,0.888,0.86,0.805,0.805,0.858,0.875,0.811,0.823,0.818,0.813,0.861,0.751,0.845,0.806,0.762,1.0
12,.,1.0,0.806,0.837,0.809,0.804,0.759,0.661,0.827,0.729,0.764,0.73,0.66,0.767,0.661,0.729,0.873
12,A1_1,0.806,1.0,0.836,0.814,0.793,0.773,0.813,0.736,0.795,0.797,0.826,0.761,0.754,0.78,0.782,0.857
12,A1_2,0.837,0.836,1.0,0.715,0.75,0.679,0.663,0.773,0.756,0.756,0.747,0.66,0.719,0.677,0.757,0.795
12,A1_3,0.809,0.814,0.715,1.0,0.881,0.804,0.742,0.693,0.819,0.753,0.787,0.671,0.81,0.717,0.729,0.8
12,B1_1,0.804,0.793,0.75,0.881,1.0,0.882,0.733,0.791,0.847,0.803,0.802,0.804,0.856,0.798,0.776,0.853
12,B1_2,0.759,0.773,0.679,0.804,0.882,1.0,0.841,0.738,0.813,0.811,0.852,0.83,0.883,0.884,0.765,0.867
12,B1_3,0.661,0.813,0.663,0.742,0.733,0.841,1.0,0.655,0.721,0.706,0.855,0.793,0.831,0.863,0.775,0.801
12,A2_1,0.827,0.736,0.773,0.693,0.791,0.738,0.655,1.0,0.701,0.767,0.734,0.733,0.779,0.681,0.785,0.819
12,A2_2,0.729,0.795,0.756,0.819,0.847,0.813,0.721,0.701,1.0,0.805,0.846,0.724,0.811,0.79,0.754,0.812
12,A2_3,0.764,0.797,0.756,0.753,0.803,0.811,0.706,0.767,0.805,1.0,0.702,0.816,0.847,0.787,0.758,0.809
12,B2_1,0.73,0.826,0.747,0.787,0.802,0.852,0.855,0.734,0.846,0.702,1.0,0.718,0.825,0.822,0.782,0.854
12,B2_2,0.66,0.761,0.66,0.671,0.804,0.83,0.793,0.733,0.724,0.816,0.718,1.0,0.843,0.819,0.839,0.743
12,B2_3,0.767,0.754,0.719,0.81,0.856,0.883,0.831,0.779,0.811,0.847,0.825,0.843,1.0,0.864,0.768,0.837
12,y1,0.661,0.78,0.677,0.717,0.798,0.884,0.863,0.681,0.79,0.787,0.822,0.819,0.864,1.0,0.721,0.798
12,y2,0.729,0.782,0.757,0.729,0.776,0.765,0.775,0.785,0.754,0.758,0.782,0.839,0.768,0.721,1.0,0.752
12,y3,0.873,0.857,0.795,0.8,0.853,0.867,0.801,0.819,0.812,0.809,0.854,0.743,0.837,0.798,0.752,1.0
13,.,1.0,0.784,0.827,0.789,0.771,0.72,0.617,0.813,0.702,0.74,0.693,0.619,0.731,0.621,0.7,0.855
13,A1_1,0.784,1.0,0.829,0.811,0.789,0.762,0.801,0.733,0.793,0.796,0.819,0.753,0.746,0.772,0.775,0.852
13,A1_2,0.827,0.829,1.0,0.705,0.731,0.651,0.632,0.768,0.746,0.749,0.723,0.634,0.696,0.653,0.74,0.784
13,A1_3,0.789,0.811,0.705,1.0,0.878,0.796,0.732,0.689,0.816,0.751,0.781,0.663,0.805,0.707,0.719,0.793
13,B1_1,0.771,0.789,0.731,0.878,1.0,0.881,0.733,0.783,0.843,0.798,0.803,0.804,0.856,0.795,0.767,0.845
13,B1_2,0.72,0.762,0.651,0.796,0.881,1.0,0.842,0.723,0.801,0.799,0.852,0.831,0.883,0.88,0.752,0.856
13,B1_3,0.617,0.801,0.632,0.732,0.733,0.842,1.0,0.638,0.708,0.694,0.855,0.797,0.831,0.861,0.763,0.788
13,A2_1,0.813,0.733,0.768,0.689,0.783,0.723,0.638,1.0,0.696,0.763,0.723,0.72,0.767,0.667,0.776,0.814
13,A2_2,0.702,0.793,0.746,0.816,0.843,0.801,0.708,0.696,1.0,0.802,0.838,0.715,0.804,0.779,0.744,0.805
13,A2_3,0.74,0.796,0.749,0.751,0.798,0.799,0.694,0.763,0.802,1.0,0.693,0.806,0.839,0.778,0.749,0.803
13,B2_1,0.693,0.819,0.723,0.781,0.803,0.852,0.855,0.723,0.838,0.693,1.0,0.721,0.825,0.818,0.773,0.845
13,B2_2,0.619,0.753,0.634,0.663,0.804,0.831,0.797,0.72,0.715,0.806,0.721,1.0,0.845,0.817,0.831,0.732
13,B2_3,0.731,0.746,0.696,0.805,0.856,0.883,0.831,0.767,0.804,0.839,0.825,0.845,1.0,0.86,0.756,0.828
13,y1,0.621,0.772,0.653,0.707,0.795,0.88,0.861,0.667,0.779,0.778,0.818,0.817,0.86,1.0,0.711,0.788
13,y2,0.7,0.775,0.74,0.719,0.767,0.752,0.763,0.776,0.744,0.749,0.773,0.831,0.756,0.711,1.0,0.741
13,y3,0.855,0.852,0.784,0.793,0.845,0.856,0.788,0.814,0.805,0.803,0.845,0.732,0.828,0.788,0.741,1.0
14,.,1.0,0.759,0.816,0.765,0.731,0.672,0.565,0.797,0.672,0.714,0.649,0.571,0.688,0.575,0.667,0.834
14,A1_1,0.759,1.0,0.821,0.809,0.783,0.749,0.787,0.73,0.79,0.794,0.81,0.744,0.737,0.762,0.768,0.847
14,A1_2,0.816,0.821,1.0,0.695,0.708,0.617,0.596,0.763,0.736,0.742,0.695,0.604,0.668,0.626,0.722,0.771
14,A1_3,0.765,0.809,0.695,1.0,0.874,0.785,0.72,0.685,0.814,0.748,0.774,0.655,0.798,0.695,0.708,0.787
14,B1_1,0.731,0.783,0.708,0.874,1.0,0.88,0.732,0.772,0.839,0.793,0.803,0.805,0.857,0.792,0.757,0.837
14,B1_2,0.672,0.749,0.617,0.785,0.88,1.0,0.843,0.705,0.786,0.784,0.853,0.833,0.883,0.875,0.737,0.842
14,B1_3,0.565,0.787,0.596,0.72,0.732,0.843,1.0,0.619,0.692,0.679,0.855,0.8,0.832,0.857,0.749,0.773
14,A2_1,0.797,0.73,0.763,0.685,0.772,0.705,0.619,1.0,0.691,0.759,0.709,0.704,0.753,0.651,0.766,0.808
14,A2_2,0.672,0.79,0.736,0.814,0.839,0.786,0.692,0.691,1.0,0.8,0.828,0.704,0.794,0.767,0.734,0.798
14,A2_3,0.714,0.794,0.742,0.748,0.793,0.784,0.679,0.759,0.8,1.0,0.683,0.794,0.83,0.767,0.739,0.797
14,B2_1,0.649,0.81,0.695,0.774,0.803,0.853,0.855,0.709,0.828,0.683,1.0,0.724,0.826,0.814,0.761,0.834
14,B2_2,0.571,0.744,0.604,0.655,0.805,0.833,0.8,0.704,0.704,0.794,0.724,1.0,0.846,0.815,0.821,0.72
14,B2_3,0.688,0.737,0.668,0.798,0.857,0.883,0.832,0.753,0.794,0.83,0.826,0.846,1.0,0.857,0.743,0.816
14,y1,0.575,0.762,0.626,0.695,0.792,0.875,0.857,0.651,0.767,0.767,0.814,0.815,0.857,1.0,0.7,0.777
14,y2,0.667,0.768,0.722,0.708,0.757,0.737,0.749,0.766,0.734,0.739,0.761,0.821,0.743,0.7,1.0,0.729
14,y3,0.834,0.847,0.771,0.787,0.837,0.842,0.773,0.808,0.798,0.797,0.834,0.72,0.816,0.777,0.729,1.0
15,.,1.0,0.728,0.803,0.736,0.682,0.615,0.503,0.777,0.637,0.683,0.595,0.514,0.635,0.522,0.629,0.808
15,A1_1,0.728,1.0,0.811,0.805,0.775,0.731,0.77,0.726,0.785,0.792,0.798,0.731,0.724,0.751,0.759,0.841
15,A1_2,0.803,0.811,1.0,0.681,0.679,0.576,0.553,0.756,0.725,0.733,0.66,0.567,0.635,0.595,0.701,0.757
15,A1_3,0.736,0.805,0.681,1.0,0.868,0.771,0.705,0.68,0.81,0.745,0.764,0.644,0.789,0.68,0.694,0.778
15,B1_1,0.682,0.775,0.679,0.868,1.0,0.878,0.731,0.759,0.832,0.785,0.803,0.805,0.857,0.787,0.744,0.825
15,B1_2,0.615,0.731,0.576,0.771,0.878,1.0,0.844,0.683,0.767,0.765,0.853,0.834,0.883,0.869,0.717,0.825
15,B1_3,0.503,0.77,0.553,0.705,0.731,0.844,1.0,0.595,0.673,0.661,0.856,0.804,0.831,0.852,0.731,0.754
15,A2_1,0.777,0.726,0.756,0.68,0.759,0.683,0.595,1.0,0.686,0.755,0.692,0.684,0.735,0.632,0.754,0.801
15,A2_2,0.637,0.785,0.725,0.81,0.832,0.767,0.673,0.686,1.0,0.797,0.814,0.689,0.782,0.751,0.722,0.789
15,A2_3,0.683,0.792,0.733,0.745,0.785,0.765,0.661,0.755,0.797,1.0,0.669,0.778,0.818,0.754,0.727,0.79
15,B2_1,0.595,0.798,0.66,0.764,0.803,0.853,0.856,0.692,0.814,0.669,1.0,0.727,0.826,0.809,0.746,0.819
15,B2_2,0.514,0.731,0.567,0.644,0.805,0.834,0.804,0.684,0.689,0.778,0.727,1.0,0.848,0.812,0.807,0.703
15,B2_3,0.635,0.724,0.635,0.789,0.857,0.883,0.831,0.735,0.782,0.818,0.826,0.848,1.0,0.851,0.725,0.801
15,y1,0.522,0.751,0.595,0.68,0.787,0.869,0.852,0.632,0.751,0.754,0.809,0.812,0.851,1.0,0.687,0.764
15,y2,0.629,0.759,0.701,0.694,0.744,0.717,0.731,0.754,0.722,0.727,0.746,0.807,0.725,0.687,1.0,0.715
15,y3,0.808,0.841,0.757,0.778,0.825,0.825,0.754,0.801,0.789,0.79,0.819,0.703,0.801,0.764,0.715,1.0
16,.,1.0,0.694,0.791,0.703,0.623,0.548,0.432,0.755,0.599,0.649,0.532,0.448,0.572,0.463,0.59,0.78
16,A1_1,0.694,1.0,0.801,0.801,0.765,0.711,0.749,0.722,0.781,0.79,0.783,0.716,0.709,0.738,0.749,0.834
16,A1_2,0.791,0.801,1.0,0.667,0.645,0.528,0.503,0.75,0.714,0.725,0.619,0.524,0.595,0.56,0.68,0.742
16,A1_3,0.703,0.801,0.667,1.0,0.86,0.755,0.688,0.675,0.806,0.742,0.752,0.631,0.778,0.664,0.679,0.768
16,B1_1,0.623,0.765,0.645,0.86,1.0,0.876,0.731,0.743,0.823,0.775,0.803,0.806,0.857,0.782,0.728,0.81
16,B1_2,0.548,0.711,0.528,0.755,0.876,1.0,0.846,0.656,0.744,0.742,0.853,0.836,0.883,0.861,0.694,0.803
16,B1_3,0.432,0.749,0.503,0.688,0.731,0.846,1.0,0.567,0.649,0.639,0.856,0.808,0.832,0.846,0.709,0.73
16,A2_1,0.755,0.722,0.75,0.675,0.743,0.656,0.567,1.0,0.681,0.751,0.671,0.66,0.713,0.611,0.742,0.794
16,A2_2,0.599,0.781,0.714,0.806,0.823,0.744,0.649,0.681,1.0,0.795,0.798,0.672,0.766,0.734,0.709,0.779
16,A2_3,0.649,0.79,0.725,0.742,0.775,0.742,0.639,0.751,0.795,1.0,0.653,0.759,0.803,0.739,0.715,0.781
16,B2_1,0.532,0.783,0.619,0.752,0.803,0.853,0.856,0.671,0.798,0.653,1.0,0.731,0.827,0.803,0.727,0.801
16,B2_2,0.448,0.716,0.524,0.631,0.806,0.836,0.808,0.66,0.672,0.759,0.731,1.0,0.849,0.808,0.789,0.683
16,B2_3,0.572,0.709,0.595,0.778,0.857,0.883,0.832,0.713,0.766,0.803,0.827,0.849,1.0,0.845,0.705,0.783
16,y1,0.463,0.738,0.56,0.664,0.782,0.861,0.846,0.611,0.734,0.739,0.803,0.808,0.845,1.0,0.672,0.749
16,y2,0.59,0.749,0.68,0.679,0.728,0.694,0.709,0.742,0.709,0.715,0.727,0.789,0.705,0.672,1.0,0.7
16,y3,0.78,0.834,0.742,0.768,0.81,0.803,0.73,0.794,0.779,0.781,0.801,0.683,0.783,0.749,0.7,1.0
17,.,1.0,0.655,0.777,0.665,0.552,0.469,0.351,0.73,0.557,0.611,0.459,0.371,0.499,0.399,0.546,0.749
17,A1_1,0.655,1.0,0.79,0.796,0.751,0.686,0.724,0.718,0.777,0.788,0.764,0.696,0.69,0.722,0.738,0.827
17,A1_2,0.777,0.79,1.0,0.652,0.603,0.471,0.445,0.744,0.701,0.716,0.569,0.473,0.546,0.521,0.657,0.726
17,A1_3,0.665,0.796,0.652,1.0,0.85,0.735,0.667,0.669,0.802,0.738,0.737,0.613,0.764,0.645,0.661,0.756
17,B1_1,0.552,0.751,0.603,0.85,1.0,0.873,0.731,0.722,0.811,0.761,0.803,0.807,0.857,0.775,0.707,0.79
17,B1_2,0.469,0.686,0.471,0.735,0.873,1.0,0.848,0.623,0.716,0.715,0.853,0.838,0.883,0.851,0.665,0.775
17,B1_3,0.351,0.724,0.445,0.667,0.731,0.848,1.0,0.534,0.621,0.613,0.857,0.811,0.832,0.837,0.682,0.702
17,A2_1,0.73,0.718,0.744,0.669,0.722,0.623,0.534,1.0,0.675,0.746,0.645,0.63,0.686,0.587,0.728,0.786
17,A2_2,0.557,0.777,0.701,0.802,0.811,0.716,0.621,0.675,1.0,0.792,0.777,0.649,0.747,0.714,0.694,0.767
17,A2_3,0.611,0.788,0.716,0.738,0.761,0.715,0.613,0.746,0.792,1.0,0.632,0.735,0.784,0.721,0.7,0.771
17,B2_1,0.459,0.764,0.569,0.737,0.803,0.853,0.857,0.645,0.777,0.632,1.0,0.735,0.828,0.795,0.704,0.778
17,B2_2,0.371,0.696,0.473,0.613,0.807,0.838,0.811,0.63,0.649,0.735,0.735,1.0,0.851,0.802,0.767,0.658
17,B2_3,0.499,0.69,0.546,0.764,0.857,0.883,0.832,0.686,0.747,0.784,0.828,0.851,1.0,0.837,0.679,0.759
17,y1,0.399,0.722,0.521,0.645,0.775,0.851,0.837,0.587,0.714,0.721,0.795,0.802,0.837,1.0,0.655,0.731
17,y2,0.546,0.738,0.657,0.661,0.707,0.665,0.682,0.728,0.694,0.7,0.704,0.767,0.679,0.655,1.0,0.683
17,y3,0.749,0.827,0.726,0.756,0.79,0.775,0.702,0.786,0.767,0.771,0.778,0.658,0.759,0.731,0.683,1.0
18,.,1.0,0.615,0.764,0.625,0.473,0.384,0.262,0.704,0.515,0.572,0.377,0.288,0.417,0.333,0.502,0.717
18,A1_1,0.615,1.0,0.778,0.792,0.735,0.657,0.694,0.714,0.772,0.786,0.742,0.673,0.667,0.706,0.726,0.818
18,A1_2,0.764,0.778,1.0,0.636,0.555,0.407,0.38,0.739,0.69,0.707,0.512,0.416,0.491,0.481,0.634,0.71
18,A1_3,0.625,0.792,0.636,1.0,0.838,0.711,0.642,0.664,0.797,0.734,0.719,0.594,0.747,0.625,0.642,0.743
18,B1_1,0.473,0.735,0.555,0.838,1.0,0.872,0.731,0.697,0.795,0.744,0.803,0.808,0.857,0.768,0.683,0.766
18,B1_2,0.384,0.657,0.407,0.711,0.872,1.0,0.85,0.585,0.682,0.682,0.854,0.841,0.884,0.838,0.63,0.742
18,B1_3,0.262,0.694,0.38,0.642,0.731,0.85,1.0,0.496,0.587,0.583,0.858,0.816,0.832,0.826,0.649,0.667
18,A2_1,0.704,0.714,0.739,0.664,0.697,0.585,0.496,1.0,0.671,0.742,0.615,0.596,0.655,0.562,0.714,0.778
18,A2_2,0.515,0.772,0.69,0.797,0.795,0.682,0.587,0.671,1.0,0.79,0.752,0.623,0.722,0.692,0.679,0.754
18,A2_3,0.572,0.786,0.707,0.734,0.744,0.682,0.583,0.742,0.79,1.0,0.608,0.708,0.76,0.702,0.685,0.761
18,B2_1,0.377,0.742,0.512,0.719,0.803,0.854,0.858,0.615,0.752,0.608,1.0,0.74,0.829,0.785,0.675,0.75
18,B2_2,0.288,0.673,0.416,0.594,0.808,0.841,0.816,0.596,0.623,0.708,0.74,1.0,0.854,0.794,0.74,0.628
18,B2_3,0.417,0.667,0.491,0.747,0.857,0.884,0.832,0.655,0.722,0.76,0.829,0.854,1.0,0.826,0.648,0.73
18,y1,0.333,0.706,0.481,0.625,0.768,0.838,0.826,0.562,0.692,0.702,0.785,0.794,0.826,1.0,0.637,0.712
18,y2,0.502,0.726,0.634,0.642,0.683,0.63,0.649,0.714,0.679,0.685,0.675,0.74,0.648,0.637,1.0,0.666
18,y3,0.717,0.818,0.71,0.743,0.766,0.742,0.667,0.778,0.754,0.761,0.75,0.628,0.73,0.712,0.666,1.0
19,.,1.0,0.573,0.752,0.582,0.384,0.291,0.168,0.677,0.474,0.532,0.287,0.199,0.328,0.266,0.46,0.685
19,A1_1,0.573,1.0,0.766,0.787,0.713,0.621,0.659,0.711,0.768,0.784,0.713,0.644,0.639,0.687,0.714,0.809
19,A1_2,0.752,0.766,1.0,0.619,0.498,0.335,0.308,0.735,0.68,0.699,0.447,0.351,0.428,0.439,0.611,0.695
19,A1_3,0.582,0.787,0.619,1.0,0.821,0.682,0.613,0.658,0.793,0.731,0.697,0.57,0.726,0.601,0.621,0.728
19,B1_1,0.384,0.713,0.498,0.821,1.0,0.87,0.733,0.667,0.773,0.722,0.804,0.811,0.858,0.757,0.652,0.734
19,B1_2,0.291,0.621,0.335,0.682,0.87,1.0,0.853,0.54,0.642,0.643,0.856,0.845,0.884,0.822,0.588,0.7
19,B1_3,0.168,0.659,0.308,0.613,0.733,0.853,1.0,0.452,0.548,0.547,0.859,0.822,0.834,0.812,0.61,0.624
19,A2_1,0.677,0.711,0.735,0.658,0.667,0.54,0.452,1.0,0.667,0.739,0.578,0.557,0.617,0.536,0.699,0.77
19,A2_2,0.474,0.768,0.68,0.793,0.773,0.642,0.548,0.667,1.0,0.788,0.72,0.591,0.693,0.667,0.663,0.741
19,A2_3,0.532,0.784,0.699,0.731,0.722,0.643,0.547,0.739,0.788,1.0,0.578,0.674,0.731,0.681,0.669,0.749
19,B2_1,0.287,0.713,0.447,0.697,0.804,0.856,0.859,0.578,0.72,0.578,1.0,0.747,0.831,0.772,0.64,0.713
19,B2_2,0.199,0.644,0.351,0.57,0.811,0.845,0.822,0.557,0.591,0.674,0.747,1.0,0.857,0.784,0.705,0.59
19,B2_3,0.328,0.639,0.428,0.726,0.858,0.884,0.834,0.617,0.693,0.731,0.831,0.857,1.0,0.813,0.61,0.693
19,y1,0.266,0.687,0.439,0.601,0.757,0.822,0.812,0.536,0.667,0.681,0.772,0.784,0.813,1.0,0.618,0.69
19,y2,0.46,0.714,0.611,0.621,0.652,0.588,0.61,0.699,0.663,0.669,0.64,0.705,0.61,0.618,1.0,0.648
19,y3,0.685,0.809,0.695,0.728,0.734,0.7,0.624,0.77,0.741,0.749,0.713,0.59,0.693,0.69,0.648,1.0
20,.,1.0,0.534,0.741,0.541,0.29,0.197,0.074,0.652,0.437,0.496,0.195,0.109,0.236,0.205,0.424,0.657
20,A1_1,0.534,1.0,0.756,0.783,0.688,0.58,0.62,0.71,0.765,0.784,0.68,0.612,0.606,0.668,0.701,0.799
20,A1_2,0.741,0.756,1.0,0.605,0.435,0.259,0.233,0.733,0.673,0.694,0.376,0.283,0.36,0.4,0.593,0.683
20,A1_3,0.541,0.783,0.605,1.0,0.801,0.65,0.582,0.654,0.789,0.729,0.672,0.545,0.701,0.577,0.601,0.713
20,B1_1,0.29,0.688,0.435,0.801,1.0,0.869,0.737,0.631,0.747,0.696,0.807,0.815,0.86,0.745,0.616,0.695
20,B1_2,0.197,0.58,0.259,0.65,0.869,1.0,0.856,0.491,0.595,0.599,0.858,0.849,0.886,0.801,0.54,0.65
20,B1_3,0.074,0.62,0.233,0.582,0.737,0.856,1.0,0.405,0.505,0.507,0.863,0.828,0.836,0.795,0.565,0.576
20,A2_1,0.652,0.71,0.733,0.654,0.631,0.491,0.405,1.0,0.666,0.737,0.537,0.513,0.575,0.51,0.686,0.762
20,A2_2,0.437,0.765,0.673,0.789,0.747,0.595,0.505,0.666,1.0,0.787,0.682,0.554,0.657,0.641,0.648,0.727
20,A2_3,0.496,0.784,0.694,0.729,0.696,0.599,0.507,0.737,0.787,1.0,0.544,0.636,0.697,0.659,0.653,0.738
20,B2_1,0.195,0.68,0.376,0.672,0.807,0.858,0.863,0.537,0.682,0.544,1.0,0.756,0.834,0.756,0.599,0.669
20,B2_2,0.109,0.612,0.283,0.545,0.815,0.849,0.828,0.513,0.554,0.636,0.756,1.0,0.861,0.771,0.665,0.547
20,B2_3,0.236,0.606,0.36,0.701,0.86,0.886,0.836,0.575,0.657,0.697,0.834,0.861,1.0,0.796,0.567,0.649
20,y1,0.205,0.668,0.4,0.577,0.745,0.801,0.795,0.51,0.641,0.659,0.756,0.771,0.796,1.0,0.601,0.667
20,y2,0.424,0.701,0.593,0.601,0.616,0.54,0.565,0.686,0.648,0.653,0.599,0.665,0.567,0.601,1.0,0.633
20,y3,0.657,0.799,0.683,0.713,0.695,0.65,0.576,0.762,0.727,0.738,0.669,0.547,0.649,0.667,0.633,1.0
21,.,1.0,0.495,0.73,0.501,0.19,0.1,-0.021,0.626,0.402,0.461,0.098,0.017,0.14,0.149,0.391,0.632
21,A1_1,0.495,1.0,0.748,0.779,0.656,0.533,0.575,0.71,0.762,0.784,0.64,0.574,0.567,0.648,0.688,0.789
21,A1_2,0.73,0.748,1.0,0.592,0.364,0.177,0.154,0.732,0.669,0.691,0.298,0.21,0.285,0.364,0.576,0.672
21,A1_3,0.501,0.779,0.592,1.0,0.776,0.612,0.546,0.651,0.785,0.727,0.641,0.515,0.671,0.551,0.578,0.695
21,B1_1,0.19,0.656,0.364,0.776,1.0,0.869,0.743,0.589,0.713,0.663,0.811,0.821,0.863,0.727,0.571,0.646
21,B1_2,0.1,0.533,0.177,0.612,0.869,1.0,0.861,0.435,0.541,0.547,0.862,0.855,0.888,0.773,0.482,0.59
21,B1_3,-0.021,0.575,0.154,0.546,0.743,0.861,1.0,0.353,0.455,0.462,0.867,0.835,0.84,0.771,0.512,0.518
21,A2_1,0.626,0.71,0.732,0.651,0.589,0.435,0.353,1.0,0.667,0.737,0.489,0.464,0.526,0.484,0.673,0.754
21,A2_2,0.402,0.762,0.669,0.785,0.713,0.541,0.455,0.667,1.0,0.788,0.637,0.512,0.615,0.613,0.632,0.712
21,A2_3,0.461,0.784,0.691,0.727,0.663,0.547,0.462,0.737,0.788,1.0,0.504,0.592,0.656,0.636,0.637,0.726
21,B2_1,0.098,0.64,0.298,0.641,0.811,0.862,0.867,0.489,0.637,0.504,1.0,0.766,0.838,0.734,0.548,0.615
21,B2_2,0.017,0.574,0.21,0.515,0.821,0.855,0.835,0.464,0.512,0.592,0.766,1.0,0.867,0.752,0.615,0.495
21,B2_3,0.14,0.567,0.285,0.671,0.863,0.888,0.84,0.526,0.615,0.656,0.838,0.867,1.0,0.774,0.515,0.594
21,y1,0.149,0.648,0.364,0.551,0.727,0.773,0.771,0.484,0.613,0.636,0.734,0.752,0.774,1.0,0.583,0.644
21,y2,0.391,0.688,0.576,0.578,0.571,0.482,0.512,0.673,0.632,0.637,0.548,0.615,0.515,0.583,1.0,0.618
21,y3,0.632,0.789,0.672,0.695,0.646,0.59,0.518,0.754,0.712,0.726,0.615,0.495,0.594,0.644,0.618,1.0
22,.,1.0,0.46,0.719,0.463,0.089,0.006,-0.111,0.602,0.372,0.431,0.001,-0.073,0.047,0.102,0.364,0.612
22,A1_1,0.46,1.0,0.741,0.776,0.619,0.482,0.526,0.712,0.761,0.787,0.594,0.531,0.525,0.629,0.676,0.778
22,A1_2,0.719,0.741,1.0,0.582,0.29,0.095,0.077,0.733,0.669,0.692,0.217,0.136,0.21,0.335,0.564,0.666
22,A1_3,0.463,0.776,0.582,1.0,0.746,0.57,0.508,0.65,0.783,0.728,0.606,0.482,0.638,0.524,0.556,0.677
22,B1_1,0.089,0.619,0.29,0.746,1.0,0.87,0.752,0.541,0.672,0.624,0.816,0.828,0.867,0.704,0.52,0.587
22,B1_2,0.006,0.482,0.095,0.57,0.87,1.0,0.866,0.375,0.481,0.491,0.867,0.862,0.891,0.739,0.419,0.521
22,B1_3,-0.111,0.526,0.077,0.508,0.752,0.866,1.0,0.3,0.402,0.414,0.872,0.844,0.845,0.742,0.454,0.454
22,A2_1,0.602,0.712,0.733,0.65,0.541,0.375,0.3,1.0,0.671,0.739,0.437,0.41,0.473,0.461,0.661,0.748
22,A2_2,0.372,0.761,0.669,0.783,0.672,0.481,0.402,0.671,1.0,0.791,0.585,0.464,0.567,0.586,0.618,0.699
22,A2_3,0.431,0.787,0.692,0.728,0.624,0.491,0.414,0.739,0.791,1.0,0.459,0.543,0.609,0.614,0.623,0.714
22,B2_1,0.001,0.594,0.217,0.606,0.816,0.867,0.872,0.437,0.585,0.459,1.0,0.779,0.845,0.706,0.49,0.551
22,B2_2,-0.073,0.531,0.136,0.482,0.828,0.862,0.844,0.41,0.464,0.543,0.779,1.0,0.873,0.728,0.558,0.436
22,B2_3,0.047,0.525,0.21,0.638,0.867,0.891,0.845,0.473,0.567,0.609,0.845,0.873,1.0,0.745,0.457,0.532
22,y1,0.102,0.629,0.335,0.524,0.704,0.739,0.742,0.461,0.586,0.614,0.706,0.728,0.745,1.0,0.569,0.621
22,y2,0.364,0.676,0.564,0.556,0.52,0.419,0.454,0.661,0.618,0.623,0.49,0.558,0.457,0.569,1.0,0.606
22,y3,0.612,0.778,0.666,0.677,0.587,0.521,0.454,0.748,0.699,0.714,0.551,0.436,0.532,0.621,0.606,1.0
23,.,1.0,0.428,0.709,0.427,-0.012,-0.085,-0.197,0.58,0.347,0.404,-0.094,-0.158,-0.046,0.066,0.345,0.598
23,A1_1,0.428,1.0,0.738,0.773,0.575,0.424,0.472,0.716,0.762,0.79,0.541,0.484,0.476,0.611,0.665,0.767
23,A1_2,0.709,0.738,1.0,0.576,0.213,0.012,-0.001,0.737,0.673,0.696,0.133,0.062,0.132,0.314,0.557,0.663
23,A1_3,0.427,0.773,0.576,1.0,0.709,0.523,0.465,0.651,0.782,0.729,0.565,0.445,0.599,0.496,0.534,0.656
23,B1_1,-0.012,0.575,0.213,0.709,1.0,0.872,0.761,0.488,0.623,0.579,0.823,0.837,0.872,0.673,0.461,0.516
23,B1_2,-0.085,0.424,0.012,0.523,0.872,1.0,0.872,0.311,0.415,0.428,0.872,0.869,0.895,0.693,0.348,0.441
23,B1_3,-0.197,0.472,-0.001,0.465,0.761,0.872,1.0,0.243,0.344,0.361,0.878,0.853,0.85,0.702,0.389,0.38
23,A2_1,0.58,0.716,0.737,0.651,0.488,0.311,0.243,1.0,0.678,0.744,0.379,0.354,0.415,0.442,0.651,0.741
23,A2_2,0.347,0.762,0.673,0.782,0.623,0.415,0.344,0.678,1.0,0.795,0.526,0.412,0.511,0.561,0.607,0.685
23,A2_3,0.404,0.79,0.696,0.729,0.579,0.428,0.361,0.744,0.795,1.0,0.408,0.489,0.556,0.592,0.61,0.703
23,B2_1,-0.094,0.541,0.133,0.565,0.823,0.872,0.878,0.379,0.526,0.408,1.0,0.793,0.851,0.668,0.425,0.475
23,B2_2,-0.158,0.484,0.062,0.445,0.837,0.869,0.853,0.354,0.412,0.489,0.793,1.0,0.881,0.695,0.495,0.368
23,B2_3,-0.046,0.476,0.132,0.599,0.872,0.895,0.85,0.415,0.511,0.556,0.851,0.881,1.0,0.706,0.392,0.458
23,y1,0.066,0.611,0.314,0.496,0.673,0.693,0.702,0.442,0.561,0.592,0.668,0.695,0.706,1.0,0.561,0.601
23,y2,0.345,0.665,0.557,0.534,0.461,0.348,0.389,0.651,0.607,0.61,0.425,0.495,0.392,0.561,1.0,0.6
23,y3,0.598,0.767,0.663,0.656,0.516,0.441,0.38,0.741,0.685,0.703,0.475,0.368,0.458,0.601,0.6,1.0
24,.,1.0,0.4,0.697,0.396,-0.109,-0.169,-0.276,0.557,0.327,0.382,-0.185,-0.238,-0.132,0.043,0.331,0.588
24,A1_1,0.4,1.0,0.739,0.773,0.527,0.364,0.417,0.723,0.765,0.796,0.484,0.433,0.424,0.595,0.656,0.756
24,A1_2,0.697,0.739,1.0,0.575,0.139,-0.065,-0.071,0.744,0.683,0.704,0.054,-0.006,0.058,0.307,0.556,0.666
24,A1_3,0.396,0.773,0.575,1.0,0.668,0.472,0.42,0.656,0.782,0.733,0.521,0.406,0.556,0.47,0.515,0.636
24,B1_1,-0.109,0.527,0.139,0.668,1.0,0.875,0.774,0.434,0.568,0.528,0.833,0.847,0.878,0.632,0.398,0.436
24,B1_2,-0.169,0.364,-0.065,0.472,0.875,1.0,0.878,0.248,0.345,0.363,0.879,0.877,0.899,0.637,0.276,0.354
24,B1_3,-0.276,0.417,-0.071,0.42,0.774,0.878,1.0,0.189,0.284,0.306,0.886,0.862,0.857,0.653,0.323,0.301
24,A2_1,0.557,0.723,0.744,0.656,0.434,0.248,0.189,1.0,0.689,0.751,0.321,0.299,0.357,0.429,0.644,0.736
24,A2_2,0.327,0.765,0.683,0.782,0.568,0.345,0.284,0.689,1.0,0.802,0.461,0.356,0.452,0.539,0.6,0.674
24,A2_3,0.382,0.796,0.704,0.733,0.528,0.363,0.306,0.751,0.802,1.0,0.354,0.431,0.499,0.574,0.6,0.693
24,B2_1,-0.185,0.484,0.054,0.521,0.833,0.879,0.886,0.321,0.461,0.354,1.0,0.809,0.859,0.621,0.356,0.39
24,B2_2,-0.238,0.433,-0.006,0.406,0.847,0.877,0.862,0.299,0.356,0.431,0.809,1.0,0.889,0.652,0.427,0.294
24,B2_3,-0.132,0.424,0.058,0.556,0.878,0.899,0.857,0.357,0.452,0.499,0.859,0.889,1.0,0.657,0.323,0.377
24,y1,0.043,0.595,0.307,0.47,0.632,0.637,0.653,0.429,0.539,0.574,0.621,0.652,0.657,1.0,0.561,0.587
24,y2,0.331,0.656,0.556,0.515,0.398,0.276,0.323,0.644,0.6,0.6,0.356,0.427,0.323,0.561,1.0,0.6
24,y3,0.588,0.756,0.666,0.636,0.436,0.354,0.301,0.736,0.674,0.693,0.39,0.294,0.377,0.587,0.6,1.0
25,.,1.0,0.377,0.683,0.368,-0.201,-0.245,-0.345,0.535,0.31,0.364,-0.268,-0.31,-0.212,0.033,0.321,0.581
25,A1_1,0.377,1.0,0.745,0.775,0.474,0.3,0.36,0.733,0.771,0.804,0.423,0.379,0.369,0.583,0.649,0.747
25,A1_2,0.683,0.745,1.0,0.58,0.069,-0.135,-0.132,0.752,0.697,0.717,-0.019,-0.069,-0.01,0.313,0.56,0.672
25,A1_3,0.368,0.775,0.58,1.0,0.622,0.419,0.375,0.663,0.785,0.74,0.474,0.366,0.511,0.445,0.499,0.616
25,B1_1,-0.201,0.474,0.069,0.622,1.0,0.879,0.787,0.378,0.508,0.473,0.843,0.858,0.885,0.579,0.331,0.35
25,B1_2,-0.245,0.3,-0.135,0.419,0.879,1.0,0.884,0.186,0.274,0.295,0.886,0.885,0.904,0.569,0.203,0.262
25,B1_3,-0.345,0.36,-0.132,0.375,0.787,0.884,1.0,0.138,0.225,0.252,0.894,0.872,0.864,0.594,0.257,0.221
25,A2_1,0.535,0.733,0.752,0.663,0.378,0.186,0.138,1.0,0.702,0.761,0.264,0.244,0.299,0.424,0.639,0.731
25,A2_2,0.31,0.771,0.697,0.785,0.508,0.274,0.225,0.702,1.0,0.811,0.395,0.299,0.389,0.523,0.596,0.666
25,A2_3,0.364,0.804,0.717,0.74,0.473,0.295,0.252,0.761,0.811,1.0,0.299,0.371,0.438,0.56,0.594,0.685
25,B2_1,-0.268,0.423,-0.019,0.474,0.843,0.886,0.894,0.264,0.395,0.299,1.0,0.826,0.868,0.561,0.285,0.301
25,B2_2,-0.31,0.379,-0.069,0.366,0.858,0.885,0.872,0.244,0.299,0.371,0.826,1.0,0.897,0.598,0.357,0.217
25,B2_3,-0.212,0.369,-0.01,0.511,0.885,0.904,0.864,0.299,0.389,0.438,0.868,0.897,1.0,0.595,0.254,0.291
25,y1,0.033,0.583,0.313,0.445,0.579,0.569,0.594,0.424,0.523,0.56,0.561,0.598,0.595,1.0,0.571,0.581
25,y2,0.321,0.649,0.56,0.499,0.331,0.203,0.257,0.639,0.596,0.594,0.285,0.357,0.254,0.571,1.0,0.608
