,,.,A1_1,A1_2,A1_3,B1_1,B1_2,B1_3,A2_1,A2_2,A2_3,B2_1,B2_2,B2_3,y1,y2,y3
1,.,1.0,-0.195,0.144,-0.104,0.002,0.093,-0.218,-0.01,-0.13,-0.158,0.066,-0.038,0.018,-0.066,0.004,0.21
1,A1_1,-0.195,1.0,0.006,0.082,0.045,-0.124,0.172,-0.27,-0.052,0.095,0.093,0.015,-0.213,-0.029,-0.075,0.139
1,A1_2,0.144,0.006,1.0,-0.074,-0.043,-0.177,-0.209,0.078,-0.015,-0.155,0.117,-0.064,-0.122,-0.144,0.168,-0.012
1,A1_3,-0.104,0.082,-0.074,1.0,0.216,-0.013,0.074,-0.144,0.186,-0.02,0.15,-0.076,0.133,-0.064,-0.063,-0.08
1,B1_1,0.002,0.045,-0.043,0.216,1.0,0.133,-0.297,0.134,-0.019,-0.073,-0.11,0.116,-0.047,-0.037,0.037,-0.104
1,B1_2,0.093,-0.124,-0.177,-0.013,0.133,1.0,-0.02,0.078,-0.147,-0.073,0.195,0.105,-0.2,0.172,0.084,0.057
1,B1_3,-0.218,0.172,-0.209,0.074,-0.297,-0.02,1.0,-0.244,0.036,0.055,0.203,-0.171,-0.044,0.107,-0.163,0.143
1,A2_1,-0.01,-0.27,0.078,-0.144,0.134,0.078,-0.244,1.0,-0.072,-0.083,-0.004,0.083,0.049,-0.003,0.257,-0.09
1,A2_2,-0.13,-0.052,-0.015,0.186,-0.019,-0.147,0.036,-0.072,1.0,0.096,0.047,-0.198,-0.16,-0.047,-0.085,-0.105
1,A2_3,-0.158,0.095,-0.155,-0.02,-0.073,-0.073,0.055,-0.083,0.096,1.0,-0.289,0.082,0.222,-0.07,0.026,-0.039
1,B2_1,0.066,0.093,0.117,0.15,-0.11,0.195,0.203,-0.004,0.047,-0.289,1.0,-0.164,-0.138,-0.064,-0.045,0.168
1,B2_2,-0.038,0.015,-0.064,-0.076,0.116,0.105,-0.171,0.083,-0.198,0.082,-0.164,1.0,0.13,0.018,0.236,-0.217
1,B2_3,0.018,-0.213,-0.122,0.133,-0.047,-0.2,-0.044,0.049,-0.16,0.222,-0.138,0.13,1.0,-0.057,-0.167,0.079
1,y1,-0.066,-0.029,-0.144,-0.064,-0.037,0.172,0.107,-0.003,-0.047,-0.07,-0.064,0.018,-0.057,1.0,-0.107,-0.076
1,y2,0.004,-0.075,0.168,-0.063,0.037,0.084,-0.163,0.257,-0.085,0.026,-0.045,0.236,-0.167,-0.107,1.0,0.068
1,y3,0.21,0.139,-0.012,-0.08,-0.104,0.057,0.143,-0.09,-0.105,-0.039,0.168,-0.217,0.079,-0.076,0.068,1.0
2,.,1.0,-0.195,0.144,-0.104,0.004,0.094,-0.218,-0.009,-0.13,-0.158,0.067,-0.038,0.019,-0.065,0.004,0.211
2,A1_1,-0.195,1.0,0.006,0.082,0.045,-0.124,0.172,-0.271,-0.052,0.095,0.094,0.015,-0.213,-0.029,-0.075,0.139
2,A1_2,0.144,0.006,1.0,-0.073,-0.043,-0.177,-0.209,0.078,-0.015,-0.154,0.118,-0.063,-0.122,-0.145,0.167,-0.012
2,A1_3,-0.104,0.082,-0.073,1.0,0.215,-0.013,0.073,-0.144,0.186,-0.02,0.15,-0.076,0.133,-0.064,-0.063,-0.08
2,B1_1,0.004,0.045,-0.043,0.215,1.0,0.132,-0.298,0.134,-0.02,-0.073,-0.111,0.115,-0.048,-0.037,0.037,-0.103
2,B1_2,0.094,-0.124,-0.177,-0.013,0.132,1.0,-0.02,0.078,-0.147,-0.073,0.194,0.104,-0.2,0.172,0.084,0.057
2,B1_3,-0.218,0.172,-0.209,0.073,-0.298,-0.02,1.0,-0.244,0.035,0.055,0.203,-0.171,-0.044,0.107,-0.163,0.143
2,A2_1,-0.009,-0.271,0.078,-0.144,0.134,0.078,-0.244,1.0,-0.072,-0.083,-0.004,0.083,0.049,-0.003,0.257,-0.09
2,A2_2,-0.13,-0.052,-0.015,0.186,-0.02,-0.147,0.035,-0.072,1.0,0.096,0.047,-0.198,-0.16,-0.047,-0.085,-0.105
2,A2_3,-0.158,0.095,-0.154,-0.02,-0.073,-0.073,0.055,-0.083,0.096,1.0,-0.289,0.082,0.222,-0.07,0.026,-0.039
2,B2_1,0.067,0.094,0.118,0.15,-0.111,0.194,0.203,-0.004,0.047,-0.289,1.0,-0.165,-0.139,-0.064,-0.045,0.168
2,B2_2,-0.038,0.015,-0.063,-0.076,0.115,0.104,-0.171,0.083,-0.198,0.082,-0.165,1.0,0.129,0.018,0.237,-0.217
2,B2_3,0.019,-0.213,-0.122,0.133,-0.048,-0.2,-0.044,0.049,-0.16,0.222,-0.139,0.129,1.0,-0.057,-0.167,0.079
2,y1,-0.065,-0.029,-0.145,-0.064,-0.037,0.172,0.107,-0.003,-0.047,-0.07,-0.064,0.018,-0.057,1.0,-0.107,-0.076
2,y2,0.004,-0.075,0.167,-0.063,0.037,0.084,-0.163,0.257,-0.085,0.026,-0.045,0.237,-0.167,-0.107,1.0,0.067
2,y3,0.211,0.139,-0.012,-0.08,-0.103,0.057,0.143,-0.09,-0.105,-0.039,0.168,-0.217,0.079,-0.076,0.067,1.0
3,.,1.0,-0.195,0.145,-0.103,0.005,0.094,-0.218,-0.008,-0.131,-0.158,0.067,-0.038,0.02,-0.066,0.003,0.211
3,A1_1,-0.195,1.0,0.006,0.082,0.045,-0.124,0.172,-0.27,-0.051,0.095,0.094,0.015,-0.213,-0.029,-0.075,0.139
3,A1_2,0.145,0.006,1.0,-0.073,-0.042,-0.177,-0.209,0.078,-0.015,-0.154,0.118,-0.063,-0.122,-0.145,0.167,-0.013
3,A1_3,-0.103,0.082,-0.073,1.0,0.215,-0.014,0.073,-0.144,0.187,-0.02,0.15,-0.076,0.133,-0.065,-0.063,-0.08
3,B1_1,0.005,0.045,-0.042,0.215,1.0,0.132,-0.298,0.134,-0.02,-0.074,-0.111,0.114,-0.049,-0.037,0.037,-0.103
3,B1_2,0.094,-0.124,-0.177,-0.014,0.132,1.0,-0.019,0.078,-0.147,-0.074,0.195,0.104,-0.201,0.172,0.084,0.057
3,B1_3,-0.218,0.172,-0.209,0.073,-0.298,-0.019,1.0,-0.244,0.035,0.054,0.204,-0.172,-0.044,0.108,-0.163,0.143
3,A2_1,-0.008,-0.27,0.078,-0.144,0.134,0.078,-0.244,1.0,-0.072,-0.083,-0.004,0.083,0.049,-0.003,0.257,-0.09
3,A2_2,-0.131,-0.051,-0.015,0.187,-0.02,-0.147,0.035,-0.072,1.0,0.096,0.047,-0.198,-0.16,-0.047,-0.085,-0.105
3,A2_3,-0.158,0.095,-0.154,-0.02,-0.074,-0.074,0.054,-0.083,0.096,1.0,-0.289,0.082,0.222,-0.07,0.026,-0.039
3,B2_1,0.067,0.094,0.118,0.15,-0.111,0.195,0.204,-0.004,0.047,-0.289,1.0,-0.165,-0.139,-0.064,-0.045,0.168
3,B2_2,-0.038,0.015,-0.063,-0.076,0.114,0.104,-0.172,0.083,-0.198,0.082,-0.165,1.0,0.128,0.019,0.238,-0.216
3,B2_3,0.02,-0.213,-0.122,0.133,-0.049,-0.201,-0.044,0.049,-0.16,0.222,-0.139,0.128,1.0,-0.058,-0.167,0.079
3,y1,-0.066,-0.029,-0.145,-0.065,-0.037,0.172,0.108,-0.003,-0.047,-0.07,-0.064,0.019,-0.058,1.0,-0.107,-0.077
3,y2,0.003,-0.075,0.167,-0.063,0.037,0.084,-0.163,0.257,-0.085,0.026,-0.045,0.238,-0.167,-0.107,1.0,0.067
3,y3,0.211,0.139,-0.013,-0.08,-0.103,0.057,0.143,-0.09,-0.105,-0.039,0.168,-0.216,0.079,-0.077,0.067,1.0
4,.,1.0,-0.195,0.145,-0.103,0.007,0.094,-0.218,-0.007,-0.132,-0.158,0.068,-0.038,0.021,-0.066,0.003,0.211
4,A1_1,-0.195,1.0,0.006,0.083,0.045,-0.124,0.171,-0.27,-0.051,0.096,0.094,0.015,-0.213,-0.03,-0.075,0.14
4,A1_2,0.145,0.006,1.0,-0.073,-0.043,-0.177,-0.209,0.077,-0.014,-0.154,0.118,-0.063,-0.122,-0.146,0.167,-0.013
4,A1_3,-0.103,0.083,-0.073,1.0,0.215,-0.014,0.073,-0.144,0.187,-0.02,0.15,-0.076,0.133,-0.065,-0.063,-0.08
4,B1_1,0.007,0.045,-0.043,0.215,1.0,0.132,-0.298,0.134,-0.02,-0.074,-0.112,0.113,-0.05,-0.037,0.038,-0.103
4,B1_2,0.094,-0.124,-0.177,-0.014,0.132,1.0,-0.019,0.078,-0.147,-0.074,0.195,0.104,-0.2,0.172,0.084,0.057
4,B1_3,-0.218,0.171,-0.209,0.073,-0.298,-0.019,1.0,-0.244,0.035,0.054,0.204,-0.172,-0.044,0.108,-0.162,0.144
4,A2_1,-0.007,-0.27,0.077,-0.144,0.134,0.078,-0.244,1.0,-0.072,-0.083,-0.004,0.083,0.049,-0.004,0.257,-0.09
4,A2_2,-0.132,-0.051,-0.014,0.187,-0.02,-0.147,0.035,-0.072,1.0,0.096,0.046,-0.198,-0.16,-0.047,-0.085,-0.105
4,A2_3,-0.158,0.096,-0.154,-0.02,-0.074,-0.074,0.054,-0.083,0.096,1.0,-0.289,0.082,0.222,-0.07,0.026,-0.039
4,B2_1,0.068,0.094,0.118,0.15,-0.112,0.195,0.204,-0.004,0.046,-0.289,1.0,-0.165,-0.139,-0.065,-0.046,0.168
4,B2_2,-0.038,0.015,-0.063,-0.076,0.113,0.104,-0.172,0.083,-0.198,0.082,-0.165,1.0,0.128,0.019,0.238,-0.216
4,B2_3,0.021,-0.213,-0.122,0.133,-0.05,-0.2,-0.044,0.049,-0.16,0.222,-0.139,0.128,1.0,-0.058,-0.167,0.079
4,y1,-0.066,-0.03,-0.146,-0.065,-0.037,0.172,0.108,-0.004,-0.047,-0.07,-0.065,0.019,-0.058,1.0,-0.107,-0.077
4,y2,0.003,-0.075,0.167,-0.063,0.038,0.084,-0.162,0.257,-0.085,0.026,-0.046,0.238,-0.167,-0.107,1.0,0.066
4,y3,0.211,0.14,-0.013,-0.08,-0.103,0.057,0.144,-0.09,-0.105,-0.039,0.168,-0.216,0.079,-0.077,0.066,1.0
5,.,1.0,-0.195,0.146,-0.103,0.009,0.093,-0.219,-0.006,-0.133,-0.158,0.068,-0.039,0.022,-0.067,0.002,0.211
5,A1_1,-0.195,1.0,0.007,0.083,0.044,-0.124,0.171,-0.27,-0.05,0.096,0.093,0.015,-0.213,-0.03,-0.075,0.14
5,A1_2,0.146,0.007,1.0,-0.073,-0.043,-0.177,-0.209,0.077,-0.014,-0.153,0.118,-0.063,-0.122,-0.146,0.166,-0.014
5,A1_3,-0.103,0.083,-0.073,1.0,0.215,-0.014,0.072,-0.144,0.187,-0.019,0.149,-0.077,0.133,-0.065,-0.064,-0.08
5,B1_1,0.009,0.044,-0.043,0.215,1.0,0.131,-0.298,0.134,-0.02,-0.074,-0.112,0.112,-0.05,-0.036,0.038,-0.102
5,B1_2,0.093,-0.124,-0.177,-0.014,0.131,1.0,-0.018,0.078,-0.147,-0.074,0.195,0.104,-0.2,0.171,0.084,0.057
5,B1_3,-0.219,0.171,-0.209,0.072,-0.298,-0.018,1.0,-0.244,0.034,0.054,0.205,-0.172,-0.043,0.108,-0.162,0.144
5,A2_1,-0.006,-0.27,0.077,-0.144,0.134,0.078,-0.244,1.0,-0.072,-0.083,-0.004,0.083,0.049,-0.004,0.257,-0.091
5,A2_2,-0.133,-0.05,-0.014,0.187,-0.02,-0.147,0.034,-0.072,1.0,0.097,0.046,-0.198,-0.16,-0.048,-0.085,-0.105
5,A2_3,-0.158,0.096,-0.153,-0.019,-0.074,-0.074,0.054,-0.083,0.097,1.0,-0.289,0.082,0.222,-0.07,0.026,-0.039
5,B2_1,0.068,0.093,0.118,0.149,-0.112,0.195,0.205,-0.004,0.046,-0.289,1.0,-0.166,-0.139,-0.065,-0.046,0.168
5,B2_2,-0.039,0.015,-0.063,-0.077,0.112,0.104,-0.172,0.083,-0.198,0.082,-0.166,1.0,0.127,0.02,0.239,-0.215
5,B2_3,0.022,-0.213,-0.122,0.133,-0.05,-0.2,-0.043,0.049,-0.16,0.222,-0.139,0.127,1.0,-0.058,-0.168,0.079
5,y1,-0.067,-0.03,-0.146,-0.065,-0.036,0.171,0.108,-0.004,-0.048,-0.07,-0.065,0.02,-0.058,1.0,-0.107,-0.077
5,y2,0.002,-0.075,0.166,-0.064,0.038,0.084,-0.162,0.257,-0.085,0.026,-0.046,0.239,-0.168,-0.107,1.0,0.065
5,y3,0.211,0.14,-0.014,-0.08,-0.102,0.057,0.144,-0.091,-0.105,-0.039,0.168,-0.215,0.079,-0.077,0.065,1.0
6,.,1.0,-0.196,0.146,-0.103,0.01,0.092,-0.22,-0.005,-0.133,-0.159,0.067,-0.039,0.022,-0.068,0.002,0.211
6,A1_1,-0.196,1.0,0.007,0.084,0.044,-0.124,0.17,-0.27,-0.049,0.097,0.093,0.016,-0.213,-0.03,-0.075,0.14
6,A1_2,0.146,0.007,1.0,-0.072,-0.043,-0.177,-0.209,0.078,-0.013,-0.153,0.118,-0.063,-0.122,-0.147,0.166,-0.014
6,A1_3,-0.103,0.084,-0.072,1.0,0.215,-0.014,0.072,-0.144,0.188,-0.019,0.149,-0.077,0.132,-0.066,-0.064,-0.08
6,B1_1,0.01,0.044,-0.043,0.215,1.0,0.131,-0.298,0.134,-0.02,-0.074,-0.112,0.111,-0.051,-0.036,0.038,-0.102
6,B1_2,0.092,-0.124,-0.177,-0.014,0.131,1.0,-0.017,0.078,-0.147,-0.074,0.196,0.104,-0.199,0.171,0.083,0.057
6,B1_3,-0.22,0.17,-0.209,0.072,-0.298,-0.017,1.0,-0.244,0.034,0.053,0.205,-0.171,-0.042,0.108,-0.162,0.145
6,A2_1,-0.005,-0.27,0.078,-0.144,0.134,0.078,-0.244,1.0,-0.071,-0.083,-0.004,0.083,0.049,-0.005,0.256,-0.091
6,A2_2,-0.133,-0.049,-0.013,0.188,-0.02,-0.147,0.034,-0.071,1.0,0.097,0.046,-0.198,-0.161,-0.048,-0.085,-0.105
6,A2_3,-0.159,0.097,-0.153,-0.019,-0.074,-0.074,0.053,-0.083,0.097,1.0,-0.289,0.082,0.221,-0.071,0.025,-0.039
6,B2_1,0.067,0.093,0.118,0.149,-0.112,0.196,0.205,-0.004,0.046,-0.289,1.0,-0.166,-0.139,-0.065,-0.046,0.168
6,B2_2,-0.039,0.016,-0.063,-0.077,0.111,0.104,-0.171,0.083,-0.198,0.082,-0.166,1.0,0.127,0.021,0.24,-0.214
6,B2_3,0.022,-0.213,-0.122,0.132,-0.051,-0.199,-0.042,0.049,-0.161,0.221,-0.139,0.127,1.0,-0.058,-0.168,0.079
6,y1,-0.068,-0.03,-0.147,-0.066,-0.036,0.171,0.108,-0.005,-0.048,-0.071,-0.065,0.021,-0.058,1.0,-0.106,-0.078
6,y2,0.002,-0.075,0.166,-0.064,0.038,0.083,-0.162,0.256,-0.085,0.025,-0.046,0.24,-0.168,-0.106,1.0,0.065
6,y3,0.211,0.14,-0.014,-0.08,-0.102,0.057,0.145,-0.091,-0.105,-0.039,0.168,-0.214,0.079,-0.078,0.065,1.0
7,.,1.0,-0.196,0.146,-0.102,0.012,0.091,-0.221,-0.004,-0.134,-0.159,0.067,-0.04,0.022,-0.069,0.002,0.21
7,A1_1,-0.196,1.0,0.007,0.084,0.044,-0.124,0.17,-0.269,-0.049,0.097,0.093,0.015,-0.213,-0.03,-0.075,0.139
7,A1_2,0.146,0.007,1.0,-0.072,-0.043,-0.177,-0.21,0.078,-0.012,-0.152,0.118,-0.063,-0.123,-0.147,0.165,-0.014
7,A1_3,-0.102,0.084,-0.072,1.0,0.214,-0.015,0.071,-0.143,0.189,-0.018,0.149,-0.077,0.132,-0.066,-0.064,-0.081
7,B1_1,0.012,0.044,-0.043,0.214,1.0,0.132,-0.297,0.134,-0.02,-0.074,-0.113,0.111,-0.051,-0.036,0.038,-0.102
7,B1_2,0.091,-0.124,-0.177,-0.015,0.132,1.0,-0.015,0.077,-0.148,-0.075,0.197,0.105,-0.198,0.171,0.083,0.057
7,B1_3,-0.221,0.17,-0.21,0.071,-0.297,-0.015,1.0,-0.244,0.033,0.053,0.206,-0.17,-0.041,0.108,-0.162,0.145
7,A2_1,-0.004,-0.269,0.078,-0.143,0.134,0.077,-0.244,1.0,-0.071,-0.082,-0.004,0.083,0.049,-0.005,0.256,-0.091
7,A2_2,-0.134,-0.049,-0.012,0.189,-0.02,-0.148,0.033,-0.071,1.0,0.098,0.046,-0.198,-0.161,-0.048,-0.085,-0.105
7,A2_3,-0.159,0.097,-0.152,-0.018,-0.074,-0.075,0.053,-0.082,0.098,1.0,-0.289,0.082,0.221,-0.071,0.025,-0.039
7,B2_1,0.067,0.093,0.118,0.149,-0.113,0.197,0.206,-0.004,0.046,-0.289,1.0,-0.166,-0.138,-0.065,-0.047,0.167
7,B2_2,-0.04,0.015,-0.063,-0.077,0.111,0.105,-0.17,0.083,-0.198,0.082,-0.166,1.0,0.127,0.022,0.24,-0.214
7,B2_3,0.022,-0.213,-0.123,0.132,-0.051,-0.198,-0.041,0.049,-0.161,0.221,-0.138,0.127,1.0,-0.058,-0.168,0.079
7,y1,-0.069,-0.03,-0.147,-0.066,-0.036,0.171,0.108,-0.005,-0.048,-0.071,-0.065,0.022,-0.058,1.0,-0.106,-0.078
7,y2,0.002,-0.075,0.165,-0.064,0.038,0.083,-0.162,0.256,-0.085,0.025,-0.047,0.24,-0.168,-0.106,1.0,0.065
7,y3,0.21,0.139,-0.014,-0.081,-0.102,0.057,0.145,-0.091,-0.105,-0.039,0.167,-0.214,0.079,-0.078,0.065,1.0
8,.,1.0,-0.196,0.147,-0.102,0.013,0.088,-0.223,-0.003,-0.135,-0.16,0.066,-0.041,0.021,-0.069,0.002,0.21
8,A1_1,-0.196,1.0,0.008,0.085,0.044,-0.124,0.169,-0.269,-0.048,0.098,0.093,0.015,-0.213,-0.031,-0.075,0.139
8,A1_2,0.147,0.008,1.0,-0.071,-0.044,-0.177,-0.21,0.078,-0.011,-0.151,0.117,-0.064,-0.123,-0.148,0.165,-0.015
8,A1_3,-0.102,0.085,-0.071,1.0,0.214,-0.015,0.071,-0.143,0.189,-0.017,0.149,-0.077,0.132,-0.067,-0.065,-0.081
8,B1_1,0.013,0.044,-0.044,0.214,1.0,0.132,-0.297,0.134,-0.021,-0.074,-0.113,0.11,-0.051,-0.035,0.038,-0.102
8,B1_2,0.088,-0.124,-0.177,-0.015,0.132,1.0,-0.013,0.077,-0.148,-0.075,0.198,0.106,-0.196,0.17,0.082,0.056
8,B1_3,-0.223,0.169,-0.21,0.071,-0.297,-0.013,1.0,-0.244,0.033,0.053,0.207,-0.169,-0.039,0.108,-0.162,0.145
8,A2_1,-0.003,-0.269,0.078,-0.143,0.134,0.077,-0.244,1.0,-0.07,-0.082,-0.004,0.083,0.049,-0.006,0.256,-0.092
8,A2_2,-0.135,-0.048,-0.011,0.189,-0.021,-0.148,0.033,-0.07,1.0,0.099,0.045,-0.198,-0.161,-0.048,-0.085,-0.105
8,A2_3,-0.16,0.098,-0.151,-0.017,-0.074,-0.075,0.053,-0.082,0.099,1.0,-0.289,0.082,0.221,-0.072,0.025,-0.039
8,B2_1,0.066,0.093,0.117,0.149,-0.113,0.198,0.207,-0.004,0.045,-0.289,1.0,-0.165,-0.138,-0.065,-0.047,0.167
8,B2_2,-0.041,0.015,-0.064,-0.077,0.11,0.106,-0.169,0.083,-0.198,0.082,-0.165,1.0,0.127,0.022,0.24,-0.213
8,B2_3,0.021,-0.213,-0.123,0.132,-0.051,-0.196,-0.039,0.049,-0.161,0.221,-0.138,0.127,1.0,-0.059,-0.169,0.079
8,y1,-0.069,-0.031,-0.148,-0.067,-0.035,0.17,0.108,-0.006,-0.048,-0.072,-0.065,0.022,-0.059,1.0,-0.105,-0.078
8,y2,0.002,-0.075,0.165,-0.065,0.038,0.082,-0.162,0.256,-0.085,0.025,-0.047,0.24,-0.169,-0.105,1.0,0.064
8,y3,0.21,0.139,-0.015,-0.081,-0.102,0.056,0.145,-0.092,-0.105,-0.039,0.167,-0.213,0.079,-0.078,0.064,1.0
9,.,1.0,-0.196,0.148,-0.102,0.014,0.085,-0.225,-0.001,-0.136,-0.16,0.064,-0.043,0.02,-0.07,0.003,0.21
9,A1_1,-0.196,1.0,0.009,0.085,0.044,-0.125,0.168,-0.268,-0.047,0.099,0.093,0.015,-0.213,-0.031,-0.075,0.139
9,A1_2,0.148,0.009,1.0,-0.07,-0.044,-0.178,-0.211,0.078,-0.01,-0.15,0.117,-0.065,-0.124,-0.148,0.165,-0.015
9,A1_3,-0.102,0.085,-0.07,1.0,0.214,-0.015,0.07,-0.143,0.19,-0.017,0.149,-0.077,0.132,-0.068,-0.065,-0.082
9,B1_1,0.014,0.044,-0.044,0.214,1.0,0.133,-0.296,0.133,-0.021,-0.074,-0.113,0.11,-0.051,-0.035,0.038,-0.102
9,B1_2,0.085,-0.125,-0.178,-0.015,0.133,1.0,-0.011,0.076,-0.148,-0.075,0.199,0.107,-0.194,0.169,0.081,0.055
9,B1_3,-0.225,0.168,-0.211,0.07,-0.296,-0.011,1.0,-0.244,0.032,0.052,0.209,-0.168,-0.038,0.107,-0.163,0.144
9,A2_1,-0.001,-0.268,0.078,-0.143,0.133,0.076,-0.244,1.0,-0.07,-0.081,-0.004,0.083,0.049,-0.006,0.256,-0.092
9,A2_2,-0.136,-0.047,-0.01,0.19,-0.021,-0.148,0.032,-0.07,1.0,0.099,0.045,-0.198,-0.161,-0.049,-0.084,-0.105
9,A2_3,-0.16,0.099,-0.15,-0.017,-0.074,-0.075,0.052,-0.081,0.099,1.0,-0.289,0.082,0.221,-0.072,0.024,-0.039
9,B2_1,0.064,0.093,0.117,0.149,-0.113,0.199,0.209,-0.004,0.045,-0.289,1.0,-0.165,-0.137,-0.066,-0.048,0.166
9,B2_2,-0.043,0.015,-0.065,-0.077,0.11,0.107,-0.168,0.083,-0.198,0.082,-0.165,1.0,0.128,0.023,0.24,-0.213
9,B2_3,0.02,-0.213,-0.124,0.132,-0.051,-0.194,-0.038,0.049,-0.161,0.221,-0.137,0.128,1.0,-0.059,-0.17,0.078
9,y1,-0.07,-0.031,-0.148,-0.068,-0.035,0.169,0.107,-0.006,-0.049,-0.072,-0.066,0.023,-0.059,1.0,-0.104,-0.078
9,y2,0.003,-0.075,0.165,-0.065,0.038,0.081,-0.163,0.256,-0.084,0.024,-0.048,0.24,-0.17,-0.104,1.0,0.064
9,y3,0.21,0.139,-0.015,-0.082,-0.102,0.055,0.144,-0.092,-0.105,-0.039,0.166,-0.213,0.078,-0.078,0.064,1.0
10,.,1.0,-0.195,0.148,-0.102,0.014,0.081,-0.228,0.0,-0.137,-0.161,0.061,-0.045,0.018,-0.071,0.003,0.21
10,A1_1,-0.195,1.0,0.01,0.086,0.044,-0.125,0.167,-0.267,-0.045,0.1,0.092,0.015,-0.213,-0.032,-0.075,0.139
10,A1_2,0.148,0.01,1.0,-0.07,-0.045,-0.179,-0.212,0.079,-0.009,-0.149,0.116,-0.065,-0.125,-0.148,0.164,-0.015
10,A1_3,-0.102,0.086,-0.07,1.0,0.215,-0.016,0.07,-0.142,0.191,-0.016,0.148,-0.077,0.131,-0.069,-0.066,-0.083
10,B1_1,0.014,0.044,-0.045,0.215,1.0,0.133,-0.294,0.133,-0.021,-0.074,-0.112,0.109,-0.051,-0.034,0.037,-0.102
10,B1_2,0.081,-0.125,-0.179,-0.016,0.133,1.0,-0.009,0.076,-0.149,-0.075,0.2,0.108,-0.192,0.169,0.08,0.054
10,B1_3,-0.228,0.167,-0.212,0.07,-0.294,-0.009,1.0,-0.245,0.031,0.052,0.21,-0.166,-0.035,0.107,-0.163,0.144
10,A2_1,0.0,-0.267,0.079,-0.142,0.133,0.076,-0.245,1.0,-0.069,-0.081,-0.004,0.082,0.048,-0.007,0.255,-0.092
10,A2_2,-0.137,-0.045,-0.009,0.191,-0.021,-0.149,0.031,-0.069,1.0,0.1,0.045,-0.198,-0.161,-0.049,-0.084,-0.105
10,A2_3,-0.161,0.1,-0.149,-0.016,-0.074,-0.075,0.052,-0.081,0.1,1.0,-0.289,0.082,0.221,-0.073,0.024,-0.039
10,B2_1,0.061,0.092,0.116,0.148,-0.112,0.2,0.21,-0.004,0.045,-0.289,1.0,-0.164,-0.136,-0.066,-0.049,0.166
10,B2_2,-0.045,0.015,-0.065,-0.077,0.109,0.108,-0.166,0.082,-0.198,0.082,-0.164,1.0,0.128,0.024,0.24,-0.213
10,B2_3,0.018,-0.213,-0.125,0.131,-0.051,-0.192,-0.035,0.048,-0.161,0.221,-0.136,0.128,1.0,-0.059,-0.171,0.077
10,y1,-0.071,-0.032,-0.148,-0.069,-0.034,0.169,0.107,-0.007,-0.049,-0.073,-0.066,0.024,-0.059,1.0,-0.103,-0.078
10,y2,0.003,-0.075,0.164,-0.066,0.037,0.08,-0.163,0.255,-0.084,0.024,-0.049,0.24,-0.171,-0.103,1.0,0.065
10,y3,0.21,0.139,-0.015,-0.083,-0.102,0.054,0.144,-0.092,-0.105,-0.039,0.166,-0.213,0.077,-0.078,0.065,1.0
11,.,1.0,-0.195,0.149,-0.103,0.013,0.076,-0.232,0.002,-0.138,-0.162,0.058,-0.048,0.015,-0.071,0.004,0.21
11,A1_1,-0.195,1.0,0.01,0.087,0.043,-0.125,0.166,-0.267,-0.044,0.1,0.092,0.015,-0.214,-0.032,-0.076,0.138
11,A1_2,0.149,0.01,1.0,-0.069,-0.046,-0.18,-0.213,0.079,-0.008,-0.148,0.114,-0.066,-0.126,-0.148,0.164,-0.015
11,A1_3,-0.103,0.087,-0.069,1.0,0.215,-0.016,0.069,-0.142,0.192,-0.015,0.148,-0.077,0.131,-0.07,-0.066,-0.084
11,B1_1,0.013,0.043,-0.046,0.215,1.0,0.134,-0.293,0.133,-0.021,-0.074,-0.112,0.109,-0.05,-0.034,0.037,-0.102
11,B1_2,0.076,-0.125,-0.18,-0.016,0.134,1.0,-0.006,0.075,-0.149,-0.076,0.202,0.11,-0.19,0.168,0.078,0.053
11,B1_3,-0.232,0.166,-0.213,0.069,-0.293,-0.006,1.0,-0.245,0.031,0.051,0.212,-0.164,-0.033,0.107,-0.164,0.143
11,A2_1,0.002,-0.267,0.079,-0.142,0.133,0.075,-0.245,1.0,-0.068,-0.08,-0.005,0.082,0.048,-0.007,0.255,-0.092
11,A2_2,-0.138,-0.044,-0.008,0.192,-0.021,-0.149,0.031,-0.068,1.0,0.101,0.044,-0.198,-0.161,-0.049,-0.084,-0.105
11,A2_3,-0.162,0.1,-0.148,-0.015,-0.074,-0.076,0.051,-0.08,0.101,1.0,-0.289,0.082,0.22,-0.074,0.024,-0.04
11,B2_1,0.058,0.092,0.114,0.148,-0.112,0.202,0.212,-0.005,0.044,-0.289,1.0,-0.163,-0.134,-0.066,-0.05,0.164
11,B2_2,-0.048,0.015,-0.066,-0.077,0.109,0.11,-0.164,0.082,-0.198,0.082,-0.163,1.0,0.129,0.024,0.239,-0.212
11,B2_3,0.015,-0.214,-0.126,0.131,-0.05,-0.19,-0.033,0.048,-0.161,0.22,-0.134,0.129,1.0,-0.06,-0.172,0.076
11,y1,-0.071,-0.032,-0.148,-0.07,-0.034,0.168,0.107,-0.007,-0.049,-0.074,-0.066,0.024,-0.06,1.0,-0.101,-0.077
11,y2,0.004,-0.076,0.164,-0.066,0.037,0.078,-0.164,0.255,-0.084,0.024,-0.05,0.239,-0.172,-0.101,1.0,0.065
11,y3,0.21,0.138,-0.015,-0.084,-0.102,0.053,0.143,-0.092,-0.105,-0.04,0.164,-0.212,0.076,-0.077,0.065,1.0
12,.,1.0,-0.194,0.15,-0.103,0.012,0.071,-0.236,0.003,-0.139,-0.162,0.054,-0.051,0.012,-0.071,0.006,0.211
12,A1_1,-0.194,1.0,0.012,0.088,0.043,-0.126,0.165,-0.266,-0.043,0.101,0.091,0.015,-0.214,-0.033,-0.076,0.138
12,A1_2,0.15,0.012,1.0,-0.067,-0.047,-0.181,-0.214,0.08,-0.006,-0.146,0.113,-0.068,-0.127,-0.149,0.164,-0.015
12,A1_3,-0.103,0.088,-0.067,1.0,0.215,-0.016,0.068,-0.141,0.193,-0.014,0.148,-0.077,0.131,-0.071,-0.067,-0.085
12,B1_1,0.012,0.043,-0.047,0.215,1.0,0.135,-0.29,0.133,-0.021,-0.074,-0.111,0.11,-0.049,-0.034,0.036,-0.103
12,B1_2,0.071,-0.126,-0.181,-0.016,0.135,1.0,-0.003,0.074,-0.149,-0.076,0.204,0.112,-0.187,0.167,0.077,0.051
12,B1_3,-0.236,0.165,-0.214,0.068,-0.29,-0.003,1.0,-0.245,0.03,0.051,0.214,-0.161,-0.03,0.106,-0.165,0.141
12,A2_1,0.003,-0.266,0.08,-0.141,0.133,0.074,-0.245,1.0,-0.067,-0.079,-0.005,0.081,0.047,-0.008,0.255,-0.093
12,A2_2,-0.139,-0.043,-0.006,0.193,-0.021,-0.149,0.03,-0.067,1.0,0.102,0.044,-0.198,-0.161,-0.05,-0.084,-0.105
12,A2_3,-0.162,0.101,-0.146,-0.014,-0.074,-0.076,0.051,-0.079,0.102,1.0,-0.288,0.082,0.22,-0.075,0.023,-0.04
12,B2_1,0.054,0.091,0.113,0.148,-0.111,0.204,0.214,-0.005,0.044,-0.288,1.0,-0.161,-0.132,-0.066,-0.051,0.163
12,B2_2,-0.051,0.015,-0.068,-0.077,0.11,0.112,-0.161,0.081,-0.198,0.082,-0.161,1.0,0.131,0.025,0.238,-0.213
12,B2_3,0.012,-0.214,-0.127,0.131,-0.049,-0.187,-0.03,0.047,-0.161,0.22,-0.132,0.131,1.0,-0.061,-0.173,0.074
12,y1,-0.071,-0.033,-0.149,-0.071,-0.034,0.167,0.106,-0.008,-0.05,-0.075,-0.066,0.025,-0.061,1.0,-0.1,-0.076
12,y2,0.006,-0.076,0.164,-0.067,0.036,0.077,-0.165,0.255,-0.084,0.023,-0.051,0.238,-0.173,-0.1,1.0,0.066
12,y3,0.211,0.138,-0.015,-0.085,-0.103,0.051,0.141,-0.093,-0.105,-0.04,0.163,-0.213,0.074,-0.076,0.066,1.0
13,.,1.0,-0.194,0.151,-0.103,0.011,0.065,-0.24,0.005,-0.14,-0.163,0.05,-0.056,0.008,-0.071,0.008,0.212
13,A1_1,-0.194,1.0,0.013,0.089,0.043,-0.126,0.163,-0.265,-0.041,0.103,0.091,0.014,-0.214,-0.034,-0.076,0.137
13,A1_2,0.151,0.013,1.0,-0.066,-0.049,-0.182,-0.215,0.08,-0.004,-0.145,0.111,-0.069,-0.129,-0.149,0.163,-0.015
13,A1_3,-0.103,0.089,-0.066,1.0,0.215,-0.017,0.068,-0.14,0.194,-0.013,0.148,-0.077,0.131,-0.073,-0.068,-0.086
13,B1_1,0.011,0.043,-0.049,0.215,1.0,0.137,-0.288,0.132,-0.021,-0.074,-0.111,0.11,-0.048,-0.033,0.035,-0.104
13,B1_2,0.065,-0.126,-0.182,-0.017,0.137,1.0,0.001,0.073,-0.15,-0.076,0.206,0.114,-0.184,0.165,0.075,0.049
13,B1_3,-0.24,0.163,-0.215,0.068,-0.288,0.001,1.0,-0.246,0.029,0.05,0.216,-0.158,-0.027,0.105,-0.165,0.14
13,A2_1,0.005,-0.265,0.08,-0.14,0.132,0.073,-0.246,1.0,-0.066,-0.079,-0.006,0.08,0.047,-0.008,0.255,-0.093
13,A2_2,-0.14,-0.041,-0.004,0.194,-0.021,-0.15,0.029,-0.066,1.0,0.104,0.044,-0.198,-0.161,-0.051,-0.084,-0.105
13,A2_3,-0.163,0.103,-0.145,-0.013,-0.074,-0.076,0.05,-0.079,0.104,1.0,-0.288,0.082,0.22,-0.075,0.023,-0.04
13,B2_1,0.05,0.091,0.111,0.148,-0.111,0.206,0.216,-0.006,0.044,-0.288,1.0,-0.159,-0.13,-0.067,-0.053,0.161
13,B2_2,-0.056,0.014,-0.069,-0.077,0.11,0.114,-0.158,0.08,-0.198,0.082,-0.159,1.0,0.132,0.025,0.237,-0.213
13,B2_3,0.008,-0.214,-0.129,0.131,-0.048,-0.184,-0.027,0.047,-0.161,0.22,-0.13,0.132,1.0,-0.061,-0.175,0.072
13,y1,-0.071,-0.034,-0.149,-0.073,-0.033,0.165,0.105,-0.008,-0.051,-0.075,-0.067,0.025,-0.061,1.0,-0.098,-0.075
13,y2,0.008,-0.076,0.163,-0.068,0.035,0.075,-0.165,0.255,-0.084,0.023,-0.053,0.237,-0.175,-0.098,1.0,0.067
13,y3,0.212,0.137,-0.015,-0.086,-0.104,0.049,0.14,-0.093,-0.105,-0.04,0.161,-0.213,0.072,-0.075,0.067,1.0
14,.,1.0,-0.193,0.153,-0.104,0.008,0.057,-0.245,0.006,-0.141,-0.163,0.044,-0.061,0.003,-0.07,0.011,0.213
14,A1_1,-0.193,1.0,0.014,0.09,0.043,-0.127,0.162,-0.263,-0.04,0.104,0.09,0.014,-0.214,-0.035,-0.076,0.137
14,A1_2,0.153,0.014,1.0,-0.065,-0.05,-0.184,-0.217,0.081,-0.003,-0.143,0.109,-0.071,-0.13,-0.149,0.163,-0.015
14,A1_3,-0.104,0.09,-0.065,1.0,0.215,-0.017,0.067,-0.139,0.195,-0.012,0.148,-0.077,0.131,-0.074,-0.069,-0.087
14,B1_1,0.008,0.043,-0.05,0.215,1.0,0.138,-0.285,0.131,-0.021,-0.074,-0.109,0.111,-0.047,-0.033,0.033,-0.105
14,B1_2,0.057,-0.127,-0.184,-0.017,0.138,1.0,0.005,0.072,-0.15,-0.077,0.209,0.117,-0.18,0.164,0.073,0.047
14,B1_3,-0.245,0.162,-0.217,0.067,-0.285,0.005,1.0,-0.246,0.028,0.05,0.219,-0.154,-0.023,0.104,-0.167,0.138
14,A2_1,0.006,-0.263,0.081,-0.139,0.131,0.072,-0.246,1.0,-0.065,-0.078,-0.006,0.079,0.046,-0.009,0.254,-0.093
14,A2_2,-0.141,-0.04,-0.003,0.195,-0.021,-0.15,0.028,-0.065,1.0,0.105,0.043,-0.198,-0.162,-0.051,-0.084,-0.106
14,A2_3,-0.163,0.104,-0.143,-0.012,-0.074,-0.077,0.05,-0.078,0.105,1.0,-0.288,0.081,0.219,-0.076,0.022,-0.041
14,B2_1,0.044,0.09,0.109,0.148,-0.109,0.209,0.219,-0.006,0.043,-0.288,1.0,-0.156,-0.128,-0.067,-0.055,0.159
14,B2_2,-0.061,0.014,-0.071,-0.077,0.111,0.117,-0.154,0.079,-0.198,0.081,-0.156,1.0,0.134,0.026,0.236,-0.213
14,B2_3,0.003,-0.214,-0.13,0.131,-0.047,-0.18,-0.023,0.046,-0.162,0.219,-0.128,0.134,1.0,-0.062,-0.176,0.07
14,y1,-0.07,-0.035,-0.149,-0.074,-0.033,0.164,0.104,-0.009,-0.051,-0.076,-0.067,0.026,-0.062,1.0,-0.095,-0.073
14,y2,0.011,-0.076,0.163,-0.069,0.033,0.073,-0.167,0.254,-0.084,0.022,-0.055,0.236,-0.176,-0.095,1.0,0.069
14,y3,0.213,0.137,-0.015,-0.087,-0.105,0.047,0.138,-0.093,-0.106,-0.041,0.159,-0.213,0.07,-0.073,0.069,1.0
15,.,1.0,-0.193,0.154,-0.104,0.004,0.049,-0.251,0.008,-0.141,-0.163,0.037,-0.067,-0.002,-0.068,0.015,0.215
15,A1_1,-0.193,1.0,0.016,0.091,0.043,-0.127,0.16,-0.262,-0.038,0.105,0.09,0.013,-0.214,-0.036,-0.076,0.136
15,A1_2,0.154,0.016,1.0,-0.063,-0.052,-0.185,-0.218,0.082,-0.001,-0.141,0.107,-0.073,-0.132,-0.148,0.163,-0.015
15,A1_3,-0.104,0.091,-0.063,1.0,0.216,-0.017,0.067,-0.138,0.196,-0.011,0.148,-0.077,0.13,-0.076,-0.07,-0.088
15,B1_1,0.004,0.043,-0.052,0.216,1.0,0.141,-0.281,0.131,-0.021,-0.073,-0.108,0.112,-0.045,-0.033,0.032,-0.106
15,B1_2,0.049,-0.127,-0.185,-0.017,0.141,1.0,0.01,0.07,-0.151,-0.077,0.211,0.12,-0.176,0.162,0.07,0.045
15,B1_3,-0.251,0.16,-0.218,0.067,-0.281,0.01,1.0,-0.247,0.027,0.049,0.222,-0.15,-0.019,0.103,-0.168,0.135
15,A2_1,0.008,-0.262,0.082,-0.138,0.131,0.07,-0.247,1.0,-0.064,-0.077,-0.007,0.078,0.045,-0.009,0.254,-0.093
15,A2_2,-0.141,-0.038,-0.001,0.196,-0.021,-0.151,0.027,-0.064,1.0,0.106,0.042,-0.198,-0.162,-0.052,-0.084,-0.106
15,A2_3,-0.163,0.105,-0.141,-0.011,-0.073,-0.077,0.049,-0.077,0.106,1.0,-0.287,0.081,0.219,-0.078,0.021,-0.041
15,B2_1,0.037,0.09,0.107,0.148,-0.108,0.211,0.222,-0.007,0.042,-0.287,1.0,-0.153,-0.125,-0.068,-0.057,0.156
15,B2_2,-0.067,0.013,-0.073,-0.077,0.112,0.12,-0.15,0.078,-0.198,0.081,-0.153,1.0,0.137,0.026,0.234,-0.214
15,B2_3,-0.002,-0.214,-0.132,0.13,-0.045,-0.176,-0.019,0.045,-0.162,0.219,-0.125,0.137,1.0,-0.063,-0.178,0.067
15,y1,-0.068,-0.036,-0.148,-0.076,-0.033,0.162,0.103,-0.009,-0.052,-0.078,-0.068,0.026,-0.063,1.0,-0.092,-0.071
15,y2,0.015,-0.076,0.163,-0.07,0.032,0.07,-0.168,0.254,-0.084,0.021,-0.057,0.234,-0.178,-0.092,1.0,0.071
15,y3,0.215,0.136,-0.015,-0.088,-0.106,0.045,0.135,-0.093,-0.106,-0.041,0.156,-0.214,0.067,-0.071,0.071,1.0
16,.,1.0,-0.192,0.155,-0.105,-0.001,0.04,-0.258,0.01,-0.142,-0.163,0.029,-0.074,-0.009,-0.066,0.019,0.217
16,A1_1,-0.192,1.0,0.017,0.092,0.042,-0.128,0.159,-0.261,-0.036,0.106,0.089,0.013,-0.214,-0.037,-0.076,0.135
16,A1_2,0.155,0.017,1.0,-0.061,-0.055,-0.188,-0.22,0.083,0.002,-0.139,0.104,-0.076,-0.135,-0.148,0.163,-0.015
16,A1_3,-0.105,0.092,-0.061,1.0,0.216,-0.018,0.066,-0.137,0.197,-0.009,0.148,-0.077,0.13,-0.078,-0.071,-0.09
16,B1_1,-0.001,0.042,-0.055,0.216,1.0,0.143,-0.276,0.13,-0.022,-0.073,-0.106,0.114,-0.043,-0.033,0.03,-0.108
16,B1_2,0.04,-0.128,-0.188,-0.018,0.143,1.0,0.015,0.068,-0.152,-0.078,0.215,0.124,-0.171,0.161,0.067,0.042
16,B1_3,-0.258,0.159,-0.22,0.066,-0.276,0.015,1.0,-0.248,0.025,0.048,0.226,-0.144,-0.014,0.101,-0.17,0.132
16,A2_1,0.01,-0.261,0.083,-0.137,0.13,0.068,-0.248,1.0,-0.062,-0.075,-0.008,0.076,0.044,-0.01,0.254,-0.093
16,A2_2,-0.142,-0.036,0.002,0.197,-0.022,-0.152,0.025,-0.062,1.0,0.108,0.042,-0.198,-0.162,-0.053,-0.084,-0.106
16,A2_3,-0.163,0.106,-0.139,-0.009,-0.073,-0.078,0.048,-0.075,0.108,1.0,-0.287,0.081,0.218,-0.079,0.021,-0.042
16,B2_1,0.029,0.089,0.104,0.148,-0.106,0.215,0.226,-0.008,0.042,-0.287,1.0,-0.15,-0.121,-0.069,-0.059,0.153
16,B2_2,-0.074,0.013,-0.076,-0.077,0.114,0.124,-0.144,0.076,-0.198,0.081,-0.15,1.0,0.139,0.026,0.232,-0.215
16,B2_3,-0.009,-0.214,-0.135,0.13,-0.043,-0.171,-0.014,0.044,-0.162,0.218,-0.121,0.139,1.0,-0.064,-0.18,0.064
16,y1,-0.066,-0.037,-0.148,-0.078,-0.033,0.161,0.101,-0.01,-0.053,-0.079,-0.069,0.026,-0.064,1.0,-0.089,-0.069
16,y2,0.019,-0.076,0.163,-0.071,0.03,0.067,-0.17,0.254,-0.084,0.021,-0.059,0.232,-0.18,-0.089,1.0,0.073
16,y3,0.217,0.135,-0.015,-0.09,-0.108,0.042,0.132,-0.093,-0.106,-0.042,0.153,-0.215,0.064,-0.069,0.073,1.0
17,.,1.0,-0.19,0.157,-0.105,-0.007,0.029,-0.265,0.012,-0.142,-0.163,0.02,-0.083,-0.017,-0.063,0.024,0.22
17,A1_1,-0.19,1.0,0.019,0.093,0.042,-0.128,0.157,-0.259,-0.034,0.108,0.088,0.012,-0.214,-0.038,-0.077,0.134
17,A1_2,0.157,0.019,1.0,-0.059,-0.058,-0.19,-0.222,0.085,0.004,-0.136,0.101,-0.078,-0.137,-0.147,0.163,-0.014
17,A1_3,-0.105,0.093,-0.059,1.0,0.217,-0.018,0.065,-0.136,0.199,-0.008,0.148,-0.077,0.13,-0.081,-0.072,-0.091
17,B1_1,-0.007,0.042,-0.058,0.217,1.0,0.146,-0.271,0.129,-0.022,-0.073,-0.104,0.116,-0.041,-0.033,0.028,-0.11
17,B1_2,0.029,-0.128,-0.19,-0.018,0.146,1.0,0.021,0.066,-0.152,-0.078,0.219,0.128,-0.166,0.158,0.064,0.038
17,B1_3,-0.265,0.157,-0.222,0.065,-0.271,0.021,1.0,-0.248,0.024,0.047,0.23,-0.138,-0.009,0.099,-0.171,0.129
17,A2_1,0.012,-0.259,0.085,-0.136,0.129,0.066,-0.248,1.0,-0.061,-0.074,-0.009,0.075,0.042,-0.01,0.254,-0.093
17,A2_2,-0.142,-0.034,0.004,0.199,-0.022,-0.152,0.024,-0.061,1.0,0.11,0.041,-0.199,-0.162,-0.054,-0.084,-0.106
17,A2_3,-0.163,0.108,-0.136,-0.008,-0.073,-0.078,0.047,-0.074,0.11,1.0,-0.286,0.08,0.217,-0.08,0.02,-0.042
17,B2_1,0.02,0.088,0.101,0.148,-0.104,0.219,0.23,-0.009,0.041,-0.286,1.0,-0.145,-0.117,-0.069,-0.062,0.15
17,B2_2,-0.083,0.012,-0.078,-0.077,0.116,0.128,-0.138,0.075,-0.199,0.08,-0.145,1.0,0.143,0.025,0.229,-0.217
17,B2_3,-0.017,-0.214,-0.137,0.13,-0.041,-0.166,-0.009,0.042,-0.162,0.217,-0.117,0.143,1.0,-0.066,-0.183,0.06
17,y1,-0.063,-0.038,-0.147,-0.081,-0.033,0.158,0.099,-0.01,-0.054,-0.08,-0.069,0.025,-0.066,1.0,-0.085,-0.066
17,y2,0.024,-0.077,0.163,-0.072,0.028,0.064,-0.171,0.254,-0.084,0.02,-0.062,0.229,-0.183,-0.085,1.0,0.076
17,y3,0.22,0.134,-0.014,-0.091,-0.11,0.038,0.129,-0.093,-0.106,-0.042,0.15,-0.217,0.06,-0.066,0.076,1.0
18,.,1.0,-0.189,0.159,-0.105,-0.015,0.018,-0.273,0.014,-0.141,-0.163,0.009,-0.092,-0.027,-0.059,0.029,0.223
18,A1_1,-0.189,1.0,0.021,0.095,0.042,-0.129,0.154,-0.257,-0.032,0.109,0.088,0.011,-0.214,-0.039,-0.077,0.133
18,A1_2,0.159,0.021,1.0,-0.057,-0.061,-0.193,-0.225,0.086,0.007,-0.134,0.098,-0.082,-0.14,-0.147,0.163,-0.014
18,A1_3,-0.105,0.095,-0.057,1.0,0.217,-0.019,0.064,-0.135,0.2,-0.006,0.148,-0.077,0.13,-0.083,-0.074,-0.093
18,B1_1,-0.015,0.042,-0.061,0.217,1.0,0.15,-0.264,0.128,-0.022,-0.072,-0.1,0.119,-0.037,-0.034,0.025,-0.113
18,B1_2,0.018,-0.129,-0.193,-0.019,0.15,1.0,0.027,0.064,-0.153,-0.079,0.223,0.133,-0.159,0.156,0.061,0.034
18,B1_3,-0.273,0.154,-0.225,0.064,-0.264,0.027,1.0,-0.249,0.022,0.046,0.235,-0.131,-0.002,0.097,-0.174,0.124
18,A2_1,0.014,-0.257,0.086,-0.135,0.128,0.064,-0.249,1.0,-0.059,-0.072,-0.01,0.073,0.041,-0.011,0.253,-0.092
18,A2_2,-0.141,-0.032,0.007,0.2,-0.022,-0.153,0.022,-0.059,1.0,0.111,0.04,-0.199,-0.162,-0.055,-0.084,-0.107
18,A2_3,-0.163,0.109,-0.134,-0.006,-0.072,-0.079,0.046,-0.072,0.111,1.0,-0.285,0.08,0.216,-0.082,0.019,-0.043
18,B2_1,0.009,0.088,0.098,0.148,-0.1,0.223,0.235,-0.01,0.04,-0.285,1.0,-0.14,-0.112,-0.071,-0.065,0.145
18,B2_2,-0.092,0.011,-0.082,-0.077,0.119,0.133,-0.131,0.073,-0.199,0.08,-0.14,1.0,0.147,0.025,0.225,-0.218
18,B2_3,-0.027,-0.214,-0.14,0.13,-0.037,-0.159,-0.002,0.041,-0.162,0.216,-0.112,0.147,1.0,-0.067,-0.185,0.056
18,y1,-0.059,-0.039,-0.147,-0.083,-0.034,0.156,0.097,-0.011,-0.055,-0.082,-0.071,0.025,-0.067,1.0,-0.081,-0.062
18,y2,0.029,-0.077,0.163,-0.074,0.025,0.061,-0.174,0.253,-0.084,0.019,-0.065,0.225,-0.185,-0.081,1.0,0.079
18,y3,0.223,0.133,-0.014,-0.093,-0.113,0.034,0.124,-0.092,-0.107,-0.043,0.145,-0.218,0.056,-0.062,0.079,1.0
19,.,1.0,-0.188,0.16,-0.106,-0.024,0.005,-0.282,0.016,-0.141,-0.162,-0.003,-0.103,-0.037,-0.054,0.035,0.227
19,A1_1,-0.188,1.0,0.024,0.096,0.042,-0.13,0.152,-0.255,-0.029,0.111,0.087,0.01,-0.214,-0.041,-0.077,0.132
19,A1_2,0.16,0.024,1.0,-0.055,-0.064,-0.196,-0.227,0.088,0.01,-0.131,0.094,-0.085,-0.143,-0.146,0.163,-0.013
19,A1_3,-0.106,0.096,-0.055,1.0,0.218,-0.019,0.063,-0.133,0.202,-0.004,0.147,-0.076,0.13,-0.086,-0.075,-0.095
19,B1_1,-0.024,0.042,-0.064,0.218,1.0,0.154,-0.257,0.126,-0.022,-0.072,-0.096,0.122,-0.033,-0.035,0.022,-0.117
19,B1_2,0.005,-0.13,-0.196,-0.019,0.154,1.0,0.035,0.062,-0.154,-0.079,0.228,0.139,-0.152,0.153,0.057,0.03
19,B1_3,-0.282,0.152,-0.227,0.063,-0.257,0.035,1.0,-0.25,0.021,0.045,0.241,-0.123,0.005,0.093,-0.176,0.119
19,A2_1,0.016,-0.255,0.088,-0.133,0.126,0.062,-0.25,1.0,-0.057,-0.071,-0.012,0.071,0.039,-0.012,0.253,-0.092
19,A2_2,-0.141,-0.029,0.01,0.202,-0.022,-0.154,0.021,-0.057,1.0,0.113,0.039,-0.199,-0.163,-0.057,-0.083,-0.107
19,A2_3,-0.162,0.111,-0.131,-0.004,-0.072,-0.079,0.045,-0.071,0.113,1.0,-0.284,0.079,0.215,-0.084,0.018,-0.044
19,B2_1,-0.003,0.087,0.094,0.147,-0.096,0.228,0.241,-0.012,0.039,-0.284,1.0,-0.134,-0.107,-0.072,-0.068,0.14
19,B2_2,-0.103,0.01,-0.085,-0.076,0.122,0.139,-0.123,0.071,-0.199,0.079,-0.134,1.0,0.152,0.023,0.221,-0.221
19,B2_3,-0.037,-0.214,-0.143,0.13,-0.033,-0.152,0.005,0.039,-0.163,0.215,-0.107,0.152,1.0,-0.069,-0.188,0.051
19,y1,-0.054,-0.041,-0.146,-0.086,-0.035,0.153,0.093,-0.012,-0.057,-0.084,-0.072,0.023,-0.069,1.0,-0.076,-0.058
19,y2,0.035,-0.077,0.163,-0.075,0.022,0.057,-0.176,0.253,-0.083,0.018,-0.068,0.221,-0.188,-0.076,1.0,0.083
19,y3,0.227,0.132,-0.013,-0.095,-0.117,0.03,0.119,-0.092,-0.107,-0.044,0.14,-0.221,0.051,-0.058,0.083,1.0
20,.,1.0,-0.186,0.162,-0.106,-0.035,-0.008,-0.291,0.018,-0.14,-0.161,-0.016,-0.114,-0.049,-0.047,0.043,0.231
20,A1_1,-0.186,1.0,0.027,0.098,0.041,-0.131,0.149,-0.253,-0.027,0.113,0.085,0.009,-0.214,-0.042,-0.077,0.131
20,A1_2,0.162,0.027,1.0,-0.052,-0.068,-0.199,-0.23,0.089,0.013,-0.128,0.089,-0.089,-0.147,-0.144,0.163,-0.012
20,A1_3,-0.106,0.098,-0.052,1.0,0.218,-0.02,0.062,-0.131,0.204,-0.003,0.147,-0.076,0.129,-0.089,-0.076,-0.097
20,B1_1,-0.035,0.041,-0.068,0.218,1.0,0.159,-0.248,0.124,-0.023,-0.071,-0.091,0.127,-0.028,-0.036,0.018,-0.121
20,B1_2,-0.008,-0.131,-0.199,-0.02,0.159,1.0,0.043,0.059,-0.155,-0.08,0.234,0.146,-0.143,0.149,0.053,0.024
20,B1_3,-0.291,0.149,-0.23,0.062,-0.248,0.043,1.0,-0.251,0.019,0.044,0.247,-0.114,0.013,0.09,-0.179,0.114
20,A2_1,0.018,-0.253,0.089,-0.131,0.124,0.059,-0.251,1.0,-0.055,-0.069,-0.013,0.069,0.037,-0.012,0.252,-0.092
20,A2_2,-0.14,-0.027,0.013,0.204,-0.023,-0.155,0.019,-0.055,1.0,0.116,0.038,-0.2,-0.163,-0.058,-0.083,-0.107
20,A2_3,-0.161,0.113,-0.128,-0.003,-0.071,-0.08,0.044,-0.069,0.116,1.0,-0.283,0.078,0.214,-0.085,0.018,-0.044
20,B2_1,-0.016,0.085,0.089,0.147,-0.091,0.234,0.247,-0.013,0.038,-0.283,1.0,-0.126,-0.1,-0.074,-0.072,0.134
20,B2_2,-0.114,0.009,-0.089,-0.076,0.127,0.146,-0.114,0.069,-0.2,0.078,-0.126,1.0,0.158,0.022,0.216,-0.223
20,B2_3,-0.049,-0.214,-0.147,0.129,-0.028,-0.143,0.013,0.037,-0.163,0.214,-0.1,0.158,1.0,-0.072,-0.192,0.045
20,y1,-0.047,-0.042,-0.144,-0.089,-0.036,0.149,0.09,-0.012,-0.058,-0.085,-0.074,0.022,-0.072,1.0,-0.071,-0.052
20,y2,0.043,-0.077,0.163,-0.076,0.018,0.053,-0.179,0.252,-0.083,0.018,-0.072,0.216,-0.192,-0.071,1.0,0.087
20,y3,0.231,0.131,-0.012,-0.097,-0.121,0.024,0.114,-0.092,-0.107,-0.044,0.134,-0.223,0.045,-0.052,0.087,1.0
21,.,1.0,-0.184,0.163,-0.105,-0.048,-0.022,-0.301,0.02,-0.139,-0.16,-0.031,-0.127,-0.062,-0.039,0.05,0.236
21,A1_1,-0.184,1.0,0.03,0.099,0.041,-0.132,0.146,-0.251,-0.024,0.115,0.084,0.008,-0.214,-0.044,-0.077,0.13
21,A1_2,0.163,0.03,1.0,-0.049,-0.073,-0.202,-0.233,0.091,0.017,-0.124,0.084,-0.093,-0.151,-0.143,0.163,-0.011
21,A1_3,-0.105,0.099,-0.049,1.0,0.219,-0.02,0.061,-0.13,0.206,-0.001,0.147,-0.076,0.129,-0.093,-0.078,-0.099
21,B1_1,-0.048,0.041,-0.073,0.219,1.0,0.165,-0.237,0.122,-0.024,-0.071,-0.085,0.133,-0.021,-0.038,0.013,-0.126
21,B1_2,-0.022,-0.132,-0.202,-0.02,0.165,1.0,0.053,0.056,-0.157,-0.081,0.24,0.153,-0.134,0.144,0.048,0.019
21,B1_3,-0.301,0.146,-0.233,0.061,-0.237,0.053,1.0,-0.252,0.016,0.043,0.254,-0.103,0.023,0.085,-0.182,0.107
21,A2_1,0.02,-0.251,0.091,-0.13,0.122,0.056,-0.252,1.0,-0.052,-0.067,-0.015,0.066,0.035,-0.013,0.252,-0.091
21,A2_2,-0.139,-0.024,0.017,0.206,-0.024,-0.157,0.016,-0.052,1.0,0.118,0.036,-0.2,-0.164,-0.059,-0.083,-0.107
21,A2_3,-0.16,0.115,-0.124,-0.001,-0.071,-0.081,0.043,-0.067,0.118,1.0,-0.283,0.077,0.213,-0.087,0.017,-0.045
21,B2_1,-0.031,0.084,0.084,0.147,-0.085,0.24,0.254,-0.015,0.036,-0.283,1.0,-0.118,-0.092,-0.077,-0.077,0.127
21,B2_2,-0.127,0.008,-0.093,-0.076,0.133,0.153,-0.103,0.066,-0.2,0.077,-0.118,1.0,0.165,0.019,0.211,-0.227
21,B2_3,-0.062,-0.214,-0.151,0.129,-0.021,-0.134,0.023,0.035,-0.164,0.213,-0.092,0.165,1.0,-0.075,-0.196,0.039
21,y1,-0.039,-0.044,-0.143,-0.093,-0.038,0.144,0.085,-0.013,-0.059,-0.087,-0.077,0.019,-0.075,1.0,-0.064,-0.046
21,y2,0.05,-0.077,0.163,-0.078,0.013,0.048,-0.182,0.252,-0.083,0.017,-0.077,0.211,-0.196,-0.064,1.0,0.093
21,y3,0.236,0.13,-0.011,-0.099,-0.126,0.019,0.107,-0.091,-0.107,-0.045,0.127,-0.227,0.039,-0.046,0.093,1.0
22,.,1.0,-0.182,0.164,-0.105,-0.062,-0.036,-0.311,0.022,-0.137,-0.158,-0.047,-0.14,-0.075,-0.03,0.058,0.241
22,A1_1,-0.182,1.0,0.033,0.101,0.04,-0.134,0.143,-0.248,-0.021,0.117,0.082,0.006,-0.214,-0.046,-0.077,0.129
22,A1_2,0.164,0.033,1.0,-0.045,-0.078,-0.206,-0.236,0.094,0.02,-0.12,0.079,-0.098,-0.155,-0.141,0.164,-0.011
22,A1_3,-0.105,0.101,-0.045,1.0,0.219,-0.021,0.059,-0.128,0.208,0.002,0.146,-0.076,0.128,-0.096,-0.079,-0.101
22,B1_1,-0.062,0.04,-0.078,0.219,1.0,0.173,-0.226,0.12,-0.025,-0.071,-0.077,0.139,-0.014,-0.04,0.008,-0.132
22,B1_2,-0.036,-0.134,-0.206,-0.021,0.173,1.0,0.063,0.053,-0.158,-0.082,0.248,0.162,-0.123,0.139,0.042,0.012
22,B1_3,-0.311,0.143,-0.236,0.059,-0.226,0.063,1.0,-0.253,0.014,0.041,0.262,-0.092,0.033,0.08,-0.186,0.1
22,A2_1,0.022,-0.248,0.094,-0.128,0.12,0.053,-0.253,1.0,-0.049,-0.064,-0.017,0.063,0.033,-0.013,0.252,-0.091
22,A2_2,-0.137,-0.021,0.02,0.208,-0.025,-0.158,0.014,-0.049,1.0,0.121,0.034,-0.201,-0.164,-0.06,-0.082,-0.107
22,A2_3,-0.158,0.117,-0.12,0.002,-0.071,-0.082,0.041,-0.064,0.121,1.0,-0.281,0.075,0.211,-0.089,0.016,-0.046
22,B2_1,-0.047,0.082,0.079,0.146,-0.077,0.248,0.262,-0.017,0.034,-0.281,1.0,-0.107,-0.083,-0.08,-0.082,0.12
22,B2_2,-0.14,0.006,-0.098,-0.076,0.139,0.162,-0.092,0.063,-0.201,0.075,-0.107,1.0,0.173,0.016,0.204,-0.23
22,B2_3,-0.075,-0.214,-0.155,0.128,-0.014,-0.123,0.033,0.033,-0.164,0.211,-0.083,0.173,1.0,-0.079,-0.2,0.031
22,y1,-0.03,-0.046,-0.141,-0.096,-0.04,0.139,0.08,-0.013,-0.06,-0.089,-0.08,0.016,-0.079,1.0,-0.057,-0.039
22,y2,0.058,-0.077,0.164,-0.079,0.008,0.042,-0.186,0.252,-0.082,0.016,-0.082,0.204,-0.2,-0.057,1.0,0.099
22,y3,0.241,0.129,-0.011,-0.101,-0.132,0.012,0.1,-0.091,-0.107,-0.046,0.12,-0.23,0.031,-0.039,0.099,1.0
23,.,1.0,-0.179,0.165,-0.104,-0.078,-0.051,-0.322,0.024,-0.135,-0.156,-0.063,-0.154,-0.09,-0.019,0.067,0.247
23,A1_1,-0.179,1.0,0.036,0.103,0.039,-0.135,0.139,-0.245,-0.018,0.12,0.08,0.004,-0.214,-0.047,-0.077,0.127
23,A1_2,0.165,0.036,1.0,-0.041,-0.084,-0.21,-0.24,0.096,0.025,-0.116,0.072,-0.102,-0.16,-0.139,0.164,-0.009
23,A1_3,-0.104,0.103,-0.041,1.0,0.219,-0.023,0.058,-0.125,0.21,0.004,0.145,-0.076,0.128,-0.1,-0.081,-0.103
23,B1_1,-0.078,0.039,-0.084,0.219,1.0,0.181,-0.212,0.117,-0.026,-0.071,-0.068,0.147,-0.005,-0.044,0.002,-0.138
23,B1_2,-0.051,-0.135,-0.21,-0.023,0.181,1.0,0.073,0.049,-0.16,-0.083,0.256,0.171,-0.111,0.132,0.036,0.005
23,B1_3,-0.322,0.139,-0.24,0.058,-0.212,0.073,1.0,-0.254,0.011,0.039,0.271,-0.079,0.044,0.073,-0.19,0.092
23,A2_1,0.024,-0.245,0.096,-0.125,0.117,0.049,-0.254,1.0,-0.046,-0.062,-0.019,0.06,0.03,-0.013,0.251,-0.09
23,A2_2,-0.135,-0.018,0.025,0.21,-0.026,-0.16,0.011,-0.046,1.0,0.123,0.032,-0.202,-0.165,-0.062,-0.082,-0.107
23,A2_3,-0.156,0.12,-0.116,0.004,-0.071,-0.083,0.039,-0.062,0.123,1.0,-0.28,0.074,0.209,-0.091,0.015,-0.046
23,B2_1,-0.063,0.08,0.072,0.145,-0.068,0.256,0.271,-0.019,0.032,-0.28,1.0,-0.096,-0.072,-0.084,-0.088,0.111
23,B2_2,-0.154,0.004,-0.102,-0.076,0.147,0.171,-0.079,0.06,-0.202,0.074,-0.096,1.0,0.181,0.011,0.197,-0.235
23,B2_3,-0.09,-0.214,-0.16,0.128,-0.005,-0.111,0.044,0.03,-0.165,0.209,-0.072,0.181,1.0,-0.083,-0.205,0.023
23,y1,-0.019,-0.047,-0.139,-0.1,-0.044,0.132,0.073,-0.013,-0.062,-0.091,-0.084,0.011,-0.083,1.0,-0.049,-0.031
23,y2,0.067,-0.077,0.164,-0.081,0.002,0.036,-0.19,0.251,-0.082,0.015,-0.088,0.197,-0.205,-0.049,1.0,0.105
23,y3,0.247,0.127,-0.009,-0.103,-0.138,0.005,0.092,-0.09,-0.107,-0.046,0.111,-0.235,0.023,-0.031,0.105,1.0
24,.,1.0,-0.177,0.165,-0.102,-0.095,-0.066,-0.332,0.025,-0.133,-0.154,-0.081,-0.168,-0.105,-0.008,0.076,0.253
