,,.,A1_1,A1_2,A1_3,B1_1,B1_2,B1_3,A2_1,A2_2,A2_3,B2_1,B2_2,B2_3,y1,y2,y3
0,.,1.0,0.797,0.792,0.574,0.885,0.826,0.748,0.469,0.362,0.437,0.635,0.62,0.59,0.779,0.726,0.894
0,A1_1,0.797,1.0,0.785,0.671,0.912,0.776,0.654,0.534,0.426,0.48,0.587,0.67,0.611,0.856,0.682,0.783
0,A1_2,0.792,0.785,1.0,0.499,0.769,0.782,0.849,0.252,0.181,0.374,0.444,0.472,0.387,0.709,0.797,0.726
0,A1_3,0.574,0.671,0.499,1.0,0.715,0.663,0.347,0.789,0.65,0.794,0.639,0.713,0.737,0.536,0.55,0.628
0,B1_1,0.885,0.912,0.769,0.715,1.0,0.818,0.715,0.549,0.432,0.54,0.618,0.703,0.654,0.794,0.765,0.837
0,B1_2,0.826,0.776,0.782,0.663,0.818,1.0,0.662,0.472,0.295,0.429,0.522,0.529,0.56,0.776,0.725,0.764
0,B1_3,0.748,0.654,0.849,0.347,0.715,0.662,1.0,0.184,0.221,0.293,0.435,0.434,0.373,0.742,0.858,0.697
0,A2_1,0.469,0.534,0.252,0.789,0.549,0.472,0.184,1.0,0.895,0.873,0.771,0.812,0.879,0.512,0.345,0.635
0,A2_2,0.362,0.426,0.181,0.65,0.432,0.295,0.221,0.895,1.0,0.87,0.832,0.776,0.912,0.532,0.411,0.541
0,A2_3,0.437,0.48,0.374,0.794,0.54,0.429,0.293,0.873,0.87,1.0,0.854,0.879,0.891,0.465,0.456,0.531
0,B2_1,0.635,0.587,0.444,0.639,0.618,0.522,0.435,0.771,0.832,0.854,1.0,0.937,0.936,0.644,0.588,0.617
0,B2_2,0.62,0.67,0.472,0.713,0.703,0.529,0.434,0.812,0.776,0.879,0.937,1.0,0.903,0.607,0.576,0.606
0,B2_3,0.59,0.611,0.387,0.737,0.654,0.56,0.373,0.879,0.912,0.891,0.936,0.903,1.0,0.645,0.576,0.67
0,y1,0.779,0.856,0.709,0.536,0.794,0.776,0.742,0.512,0.532,0.465,0.644,0.607,0.645,1.0,0.752,0.79
0,y2,0.726,0.682,0.797,0.55,0.765,0.725,0.858,0.345,0.411,0.456,0.588,0.576,0.576,0.752,1.0,0.701
0,y3,0.894,0.783,0.726,0.628,0.837,0.764,0.697,0.635,0.541,0.531,0.617,0.606,0.67,0.79,0.701,1.0
1,.,1.0,0.809,0.804,0.594,0.887,0.841,0.761,0.491,0.381,0.458,0.648,0.634,0.605,0.797,0.741,0.902
1,A1_1,0.809,1.0,0.797,0.687,0.92,0.793,0.678,0.545,0.433,0.496,0.603,0.681,0.623,0.864,0.7,0.796
1,A1_2,0.804,0.797,1.0,0.531,0.785,0.801,0.856,0.278,0.2,0.398,0.471,0.501,0.414,0.721,0.808,0.738
1,A1_3,0.594,0.687,0.531,1.0,0.732,0.687,0.383,0.783,0.634,0.784,0.634,0.708,0.728,0.556,0.572,0.641
1,B1_1,0.887,0.92,0.785,0.732,1.0,0.836,0.728,0.557,0.43,0.549,0.62,0.706,0.657,0.802,0.774,0.842
1,B1_2,0.841,0.793,0.801,0.687,0.836,1.0,0.686,0.484,0.309,0.438,0.541,0.544,0.579,0.787,0.747,0.787
1,B1_3,0.761,0.678,0.856,0.383,0.728,0.686,1.0,0.221,0.249,0.331,0.47,0.473,0.401,0.755,0.868,0.708
1,A2_1,0.491,0.545,0.278,0.783,0.557,0.484,0.221,1.0,0.897,0.875,0.774,0.811,0.877,0.535,0.375,0.651
1,A2_2,0.381,0.433,0.2,0.634,0.43,0.309,0.249,0.897,1.0,0.875,0.831,0.773,0.905,0.547,0.431,0.548
1,A2_3,0.458,0.496,0.398,0.784,0.549,0.438,0.331,0.875,0.875,1.0,0.858,0.88,0.891,0.491,0.484,0.549
1,B2_1,0.648,0.603,0.471,0.634,0.62,0.541,0.47,0.774,0.831,0.858,1.0,0.938,0.936,0.662,0.614,0.631
1,B2_2,0.634,0.681,0.501,0.708,0.706,0.544,0.473,0.811,0.773,0.88,0.938,1.0,0.901,0.624,0.603,0.623
1,B2_3,0.605,0.623,0.414,0.728,0.657,0.579,0.401,0.877,0.905,0.891,0.936,0.901,1.0,0.658,0.599,0.682
1,y1,0.797,0.864,0.721,0.556,0.802,0.787,0.755,0.535,0.547,0.491,0.662,0.624,0.658,1.0,0.766,0.807
1,y2,0.741,0.7,0.808,0.572,0.774,0.747,0.868,0.375,0.431,0.484,0.614,0.603,0.599,0.766,1.0,0.713
1,y3,0.902,0.796,0.738,0.641,0.842,0.787,0.708,0.651,0.548,0.549,0.631,0.623,0.682,0.807,0.713,1.0
2,.,1.0,0.821,0.816,0.608,0.888,0.849,0.773,0.518,0.401,0.481,0.662,0.653,0.623,0.811,0.755,0.908
2,A1_1,0.821,1.0,0.81,0.701,0.928,0.807,0.704,0.565,0.448,0.518,0.623,0.699,0.641,0.872,0.72,0.809
2,A1_2,0.816,0.81,1.0,0.561,0.8,0.814,0.862,0.317,0.231,0.434,0.505,0.539,0.451,0.732,0.819,0.753
2,A1_3,0.608,0.701,0.561,1.0,0.748,0.705,0.414,0.779,0.619,0.77,0.626,0.699,0.72,0.573,0.59,0.65
2,B1_1,0.888,0.928,0.8,0.748,1.0,0.848,0.739,0.575,0.437,0.564,0.628,0.717,0.669,0.809,0.783,0.847
2,B1_2,0.849,0.807,0.814,0.705,0.848,1.0,0.702,0.497,0.318,0.439,0.55,0.551,0.593,0.794,0.762,0.803
2,B1_3,0.773,0.704,0.862,0.414,0.739,0.702,1.0,0.267,0.285,0.38,0.513,0.524,0.44,0.768,0.877,0.719
2,A2_1,0.518,0.565,0.317,0.779,0.575,0.497,0.267,1.0,0.897,0.873,0.779,0.811,0.876,0.563,0.411,0.672
2,A2_2,0.401,0.448,0.231,0.619,0.437,0.318,0.285,0.897,1.0,0.879,0.83,0.771,0.898,0.564,0.454,0.557
2,A2_3,0.481,0.518,0.434,0.77,0.564,0.439,0.38,0.873,0.879,1.0,0.862,0.88,0.891,0.518,0.515,0.568
2,B2_1,0.662,0.623,0.505,0.626,0.628,0.55,0.513,0.779,0.83,0.862,1.0,0.94,0.934,0.682,0.641,0.647
2,B2_2,0.653,0.699,0.539,0.699,0.717,0.551,0.524,0.811,0.771,0.88,0.94,1.0,0.898,0.646,0.636,0.643
2,B2_3,0.623,0.641,0.451,0.72,0.669,0.593,0.44,0.876,0.898,0.891,0.934,0.898,1.0,0.674,0.625,0.698
2,y1,0.811,0.872,0.732,0.573,0.809,0.794,0.768,0.563,0.564,0.518,0.682,0.646,0.674,1.0,0.778,0.82
2,y2,0.755,0.72,0.819,0.59,0.783,0.762,0.877,0.411,0.454,0.515,0.641,0.636,0.625,0.778,1.0,0.725
2,y3,0.908,0.809,0.753,0.65,0.847,0.803,0.719,0.672,0.557,0.568,0.647,0.643,0.698,0.82,0.725,1.0
3,.,1.0,0.833,0.827,0.62,0.889,0.858,0.782,0.55,0.423,0.506,0.68,0.675,0.646,0.823,0.766,0.913
3,A1_1,0.833,1.0,0.824,0.712,0.934,0.82,0.73,0.592,0.47,0.546,0.648,0.721,0.665,0.881,0.74,0.822
3,A1_2,0.827,0.824,1.0,0.589,0.816,0.825,0.867,0.363,0.269,0.475,0.542,0.581,0.493,0.743,0.828,0.765
3,A1_3,0.62,0.712,0.589,1.0,0.762,0.719,0.442,0.78,0.612,0.759,0.62,0.691,0.72,0.589,0.606,0.657
3,B1_1,0.889,0.934,0.816,0.762,1.0,0.858,0.753,0.599,0.453,0.584,0.642,0.733,0.689,0.818,0.794,0.853
3,B1_2,0.858,0.82,0.825,0.719,0.858,1.0,0.716,0.517,0.335,0.447,0.564,0.564,0.616,0.801,0.774,0.815
3,B1_3,0.782,0.73,0.867,0.442,0.753,0.716,1.0,0.316,0.322,0.428,0.557,0.575,0.48,0.776,0.885,0.726
3,A2_1,0.55,0.592,0.363,0.78,0.599,0.517,0.316,1.0,0.898,0.871,0.786,0.811,0.876,0.599,0.448,0.697
3,A2_2,0.423,0.47,0.269,0.612,0.453,0.335,0.322,0.898,1.0,0.883,0.831,0.77,0.893,0.588,0.479,0.572
3,A2_3,0.506,0.546,0.475,0.759,0.584,0.447,0.428,0.871,0.883,1.0,0.866,0.88,0.89,0.547,0.545,0.59
3,B2_1,0.68,0.648,0.542,0.62,0.642,0.564,0.557,0.786,0.831,0.866,1.0,0.941,0.931,0.703,0.667,0.665
3,B2_2,0.675,0.721,0.581,0.691,0.733,0.564,0.575,0.811,0.77,0.88,0.941,1.0,0.893,0.671,0.667,0.666
3,B2_3,0.646,0.665,0.493,0.72,0.689,0.616,0.48,0.876,0.893,0.89,0.931,0.893,1.0,0.696,0.653,0.72
3,y1,0.823,0.881,0.743,0.589,0.818,0.801,0.776,0.599,0.588,0.547,0.703,0.671,0.696,1.0,0.788,0.834
3,y2,0.766,0.74,0.828,0.606,0.794,0.774,0.885,0.448,0.479,0.545,0.667,0.667,0.653,0.788,1.0,0.736
3,y3,0.913,0.822,0.765,0.657,0.853,0.815,0.726,0.697,0.572,0.59,0.665,0.666,0.72,0.834,0.736,1.0
4,.,1.0,0.841,0.835,0.632,0.89,0.865,0.788,0.569,0.437,0.521,0.69,0.687,0.66,0.833,0.775,0.917
4,A1_1,0.841,1.0,0.834,0.721,0.937,0.832,0.747,0.606,0.482,0.561,0.663,0.732,0.679,0.888,0.754,0.831
4,A1_2,0.835,0.834,1.0,0.608,0.827,0.835,0.87,0.388,0.287,0.494,0.561,0.602,0.516,0.75,0.834,0.774
4,A1_3,0.632,0.721,0.608,1.0,0.772,0.732,0.464,0.778,0.606,0.75,0.618,0.686,0.72,0.603,0.619,0.667
4,B1_1,0.89,0.937,0.827,0.772,1.0,0.867,0.762,0.612,0.46,0.593,0.648,0.738,0.7,0.826,0.8,0.858
4,B1_2,0.865,0.832,0.835,0.732,0.867,1.0,0.729,0.532,0.351,0.456,0.577,0.575,0.635,0.811,0.785,0.826
4,B1_3,0.788,0.747,0.87,0.464,0.762,0.729,1.0,0.344,0.34,0.453,0.579,0.602,0.5,0.781,0.889,0.732
4,A2_1,0.569,0.606,0.388,0.778,0.612,0.532,0.344,1.0,0.9,0.872,0.79,0.81,0.873,0.622,0.469,0.712
4,A2_2,0.437,0.482,0.287,0.606,0.46,0.351,0.34,0.9,1.0,0.886,0.831,0.769,0.887,0.602,0.492,0.58
4,A2_3,0.521,0.561,0.494,0.75,0.593,0.456,0.453,0.872,0.886,1.0,0.869,0.88,0.889,0.567,0.561,0.604
4,B2_1,0.69,0.663,0.561,0.618,0.648,0.577,0.579,0.79,0.831,0.869,1.0,0.943,0.928,0.716,0.683,0.678
4,B2_2,0.687,0.732,0.602,0.686,0.738,0.575,0.602,0.81,0.769,0.88,0.943,1.0,0.888,0.687,0.685,0.681
4,B2_3,0.66,0.679,0.516,0.72,0.7,0.635,0.5,0.873,0.887,0.889,0.928,0.888,1.0,0.71,0.67,0.734
4,y1,0.833,0.888,0.75,0.603,0.826,0.811,0.781,0.622,0.602,0.567,0.716,0.687,0.71,1.0,0.794,0.844
4,y2,0.775,0.754,0.834,0.619,0.8,0.785,0.889,0.469,0.492,0.561,0.683,0.685,0.67,0.794,1.0,0.743
4,y3,0.917,0.831,0.774,0.667,0.858,0.826,0.732,0.712,0.58,0.604,0.678,0.681,0.734,0.844,0.743,1.0
5,.,1.0,0.848,0.841,0.641,0.89,0.867,0.793,0.593,0.455,0.541,0.703,0.702,0.677,0.841,0.783,0.92
5,A1_1,0.848,1.0,0.839,0.728,0.94,0.84,0.76,0.624,0.498,0.581,0.677,0.744,0.696,0.894,0.767,0.838
5,A1_2,0.841,0.839,1.0,0.628,0.836,0.842,0.871,0.42,0.311,0.523,0.58,0.625,0.544,0.754,0.84,0.781
5,A1_3,0.641,0.728,0.628,1.0,0.781,0.745,0.481,0.777,0.599,0.736,0.611,0.674,0.719,0.616,0.63,0.675
5,B1_1,0.89,0.94,0.836,0.781,1.0,0.873,0.77,0.627,0.47,0.605,0.655,0.745,0.714,0.832,0.807,0.862
5,B1_2,0.867,0.84,0.842,0.745,0.873,1.0,0.737,0.545,0.362,0.462,0.58,0.578,0.648,0.816,0.791,0.831
5,B1_3,0.793,0.76,0.871,0.481,0.77,0.737,1.0,0.377,0.362,0.484,0.603,0.632,0.525,0.784,0.892,0.735
5,A2_1,0.593,0.624,0.42,0.777,0.627,0.545,0.377,1.0,0.9,0.87,0.795,0.81,0.872,0.647,0.495,0.732
5,A2_2,0.455,0.498,0.311,0.599,0.47,0.362,0.362,0.9,1.0,0.888,0.833,0.769,0.884,0.618,0.509,0.594
5,A2_3,0.541,0.581,0.523,0.736,0.605,0.462,0.484,0.87,0.888,1.0,0.874,0.883,0.889,0.589,0.582,0.622
5,B2_1,0.703,0.677,0.58,0.611,0.655,0.58,0.603,0.795,0.833,0.874,1.0,0.944,0.925,0.73,0.698,0.691
5,B2_2,0.702,0.744,0.625,0.674,0.745,0.578,0.632,0.81,0.769,0.883,0.944,1.0,0.882,0.704,0.704,0.697
5,B2_3,0.677,0.696,0.544,0.719,0.714,0.648,0.525,0.872,0.884,0.889,0.925,0.882,1.0,0.726,0.69,0.752
5,y1,0.841,0.894,0.754,0.616,0.832,0.816,0.784,0.647,0.618,0.589,0.73,0.704,0.726,1.0,0.8,0.851
5,y2,0.783,0.767,0.84,0.63,0.807,0.791,0.892,0.495,0.509,0.582,0.698,0.704,0.69,0.8,1.0,0.749
5,y3,0.92,0.838,0.781,0.675,0.862,0.831,0.735,0.732,0.594,0.622,0.691,0.697,0.752,0.851,0.749,1.0
6,.,1.0,0.854,0.843,0.647,0.888,0.867,0.796,0.609,0.469,0.556,0.711,0.712,0.69,0.846,0.789,0.921
6,A1_1,0.854,1.0,0.842,0.732,0.943,0.846,0.77,0.635,0.509,0.595,0.686,0.753,0.709,0.897,0.777,0.844
6,A1_2,0.843,0.842,1.0,0.642,0.839,0.847,0.867,0.442,0.326,0.544,0.591,0.641,0.565,0.752,0.843,0.785
6,A1_3,0.647,0.732,0.642,1.0,0.787,0.756,0.491,0.772,0.588,0.718,0.6,0.66,0.716,0.624,0.637,0.68
6,B1_1,0.888,0.943,0.839,0.787,1.0,0.878,0.775,0.635,0.475,0.609,0.654,0.745,0.722,0.836,0.81,0.864
6,B1_2,0.867,0.846,0.847,0.756,0.878,1.0,0.746,0.553,0.37,0.464,0.579,0.578,0.658,0.82,0.797,0.833
6,B1_3,0.796,0.77,0.867,0.491,0.775,0.746,1.0,0.4,0.376,0.506,0.617,0.653,0.541,0.783,0.892,0.735
6,A2_1,0.609,0.635,0.442,0.772,0.635,0.553,0.4,1.0,0.901,0.866,0.797,0.808,0.868,0.666,0.513,0.746
6,A2_2,0.469,0.509,0.326,0.588,0.475,0.37,0.376,0.901,1.0,0.888,0.833,0.768,0.88,0.631,0.519,0.605
6,A2_3,0.556,0.595,0.544,0.718,0.609,0.464,0.506,0.866,0.888,1.0,0.878,0.885,0.886,0.604,0.597,0.635
6,B2_1,0.711,0.686,0.591,0.6,0.654,0.579,0.617,0.797,0.833,0.878,1.0,0.944,0.92,0.738,0.707,0.699
6,B2_2,0.712,0.753,0.641,0.66,0.745,0.578,0.653,0.808,0.768,0.885,0.944,1.0,0.875,0.715,0.716,0.707
6,B2_3,0.69,0.709,0.565,0.716,0.722,0.658,0.541,0.868,0.88,0.886,0.92,0.875,1.0,0.739,0.704,0.765
6,y1,0.846,0.897,0.752,0.624,0.836,0.82,0.783,0.666,0.631,0.604,0.738,0.715,0.739,1.0,0.801,0.856
6,y2,0.789,0.777,0.843,0.637,0.81,0.797,0.892,0.513,0.519,0.597,0.707,0.716,0.704,0.801,1.0,0.751
6,y3,0.921,0.844,0.785,0.68,0.864,0.833,0.735,0.746,0.605,0.635,0.699,0.707,0.765,0.856,0.751,1.0
7,.,1.0,0.857,0.845,0.651,0.886,0.865,0.798,0.628,0.485,0.573,0.722,0.723,0.705,0.847,0.793,0.922
7,A1_1,0.857,1.0,0.842,0.735,0.945,0.85,0.778,0.65,0.526,0.612,0.697,0.763,0.724,0.899,0.785,0.847
7,A1_2,0.845,0.842,1.0,0.656,0.84,0.85,0.862,0.468,0.348,0.573,0.605,0.659,0.59,0.747,0.845,0.787
7,A1_3,0.651,0.735,0.656,1.0,0.791,0.766,0.5,0.769,0.583,0.701,0.589,0.643,0.716,0.633,0.642,0.685
7,B1_1,0.886,0.945,0.84,0.791,1.0,0.882,0.778,0.645,0.484,0.616,0.654,0.745,0.735,0.839,0.811,0.865
7,B1_2,0.865,0.85,0.85,0.766,0.882,1.0,0.751,0.56,0.379,0.466,0.578,0.576,0.668,0.821,0.799,0.831
7,B1_3,0.798,0.778,0.862,0.5,0.778,0.751,1.0,0.425,0.393,0.532,0.633,0.674,0.561,0.778,0.89,0.733
7,A2_1,0.628,0.65,0.468,0.769,0.645,0.56,0.425,1.0,0.902,0.861,0.8,0.805,0.864,0.687,0.529,0.764
7,A2_2,0.485,0.526,0.348,0.583,0.484,0.379,0.393,0.902,1.0,0.886,0.833,0.764,0.876,0.646,0.53,0.622
7,A2_3,0.573,0.612,0.573,0.701,0.616,0.466,0.532,0.861,0.886,1.0,0.88,0.887,0.882,0.619,0.613,0.652
7,B2_1,0.722,0.697,0.605,0.589,0.654,0.578,0.633,0.8,0.833,0.88,1.0,0.944,0.914,0.745,0.715,0.71
7,B2_2,0.723,0.763,0.659,0.643,0.745,0.576,0.674,0.805,0.764,0.887,0.944,1.0,0.867,0.723,0.727,0.719
7,B2_3,0.705,0.724,0.59,0.716,0.735,0.668,0.561,0.864,0.876,0.882,0.914,0.867,1.0,0.752,0.719,0.782
7,y1,0.847,0.899,0.747,0.633,0.839,0.821,0.778,0.687,0.646,0.619,0.745,0.723,0.752,1.0,0.797,0.857
7,y2,0.793,0.785,0.845,0.642,0.811,0.799,0.89,0.529,0.53,0.613,0.715,0.727,0.719,0.797,1.0,0.752
7,y3,0.922,0.847,0.787,0.685,0.865,0.831,0.733,0.764,0.622,0.652,0.71,0.719,0.782,0.857,0.752,1.0
8,.,1.0,0.858,0.841,0.657,0.881,0.861,0.796,0.651,0.507,0.589,0.735,0.734,0.722,0.847,0.795,0.923
8,A1_1,0.858,1.0,0.835,0.739,0.948,0.853,0.781,0.666,0.546,0.626,0.706,0.77,0.742,0.902,0.789,0.851
8,A1_2,0.841,0.835,1.0,0.67,0.836,0.851,0.852,0.494,0.369,0.599,0.612,0.671,0.613,0.737,0.843,0.785
8,A1_3,0.657,0.739,0.67,1.0,0.799,0.78,0.509,0.766,0.582,0.681,0.58,0.626,0.721,0.649,0.648,0.694
8,B1_1,0.881,0.948,0.836,0.799,1.0,0.887,0.778,0.657,0.497,0.616,0.651,0.742,0.749,0.845,0.809,0.867
8,B1_2,0.861,0.853,0.851,0.78,0.887,1.0,0.759,0.572,0.398,0.471,0.579,0.576,0.683,0.826,0.8,0.827
8,B1_3,0.796,0.781,0.852,0.509,0.778,0.759,1.0,0.449,0.407,0.55,0.641,0.687,0.575,0.769,0.884,0.727
8,A2_1,0.651,0.666,0.494,0.766,0.657,0.572,0.449,1.0,0.902,0.854,0.801,0.798,0.857,0.712,0.544,0.785
8,A2_2,0.507,0.546,0.369,0.582,0.497,0.398,0.407,0.902,1.0,0.883,0.834,0.758,0.875,0.664,0.542,0.644
8,A2_3,0.589,0.626,0.599,0.681,0.616,0.471,0.55,0.854,0.883,1.0,0.882,0.889,0.874,0.631,0.624,0.668
8,B2_1,0.735,0.706,0.612,0.58,0.651,0.579,0.641,0.801,0.834,0.882,1.0,0.942,0.904,0.751,0.719,0.723
8,B2_2,0.734,0.77,0.671,0.626,0.742,0.576,0.687,0.798,0.758,0.889,0.942,1.0,0.855,0.729,0.732,0.731
8,B2_3,0.722,0.742,0.613,0.721,0.749,0.683,0.575,0.857,0.875,0.874,0.904,0.855,1.0,0.767,0.733,0.804
8,y1,0.847,0.902,0.737,0.649,0.845,0.826,0.769,0.712,0.664,0.631,0.751,0.729,0.767,1.0,0.789,0.858
8,y2,0.795,0.789,0.843,0.648,0.809,0.8,0.884,0.544,0.542,0.624,0.719,0.732,0.733,0.789,1.0,0.75
8,y3,0.923,0.851,0.785,0.694,0.867,0.827,0.727,0.785,0.644,0.668,0.723,0.731,0.804,0.858,0.75,1.0
9,.,1.0,0.865,0.847,0.669,0.884,0.868,0.8,0.669,0.53,0.611,0.75,0.747,0.737,0.854,0.802,0.927
9,A1_1,0.865,1.0,0.845,0.742,0.948,0.862,0.796,0.674,0.563,0.645,0.721,0.78,0.753,0.905,0.801,0.855
9,A1_2,0.847,0.845,1.0,0.678,0.845,0.859,0.861,0.511,0.394,0.621,0.63,0.687,0.632,0.743,0.85,0.79
9,A1_3,0.669,0.742,0.678,1.0,0.806,0.783,0.526,0.771,0.596,0.688,0.591,0.629,0.732,0.663,0.661,0.705
9,B1_1,0.884,0.948,0.845,0.806,1.0,0.892,0.787,0.669,0.518,0.636,0.665,0.75,0.764,0.851,0.817,0.873
9,B1_2,0.868,0.862,0.859,0.783,0.892,1.0,0.772,0.587,0.428,0.497,0.6,0.591,0.706,0.833,0.81,0.835
9,B1_3,0.8,0.796,0.861,0.526,0.787,0.772,1.0,0.47,0.429,0.576,0.661,0.709,0.594,0.77,0.886,0.732
9,A2_1,0.669,0.674,0.511,0.771,0.669,0.587,0.47,1.0,0.905,0.854,0.807,0.799,0.857,0.732,0.563,0.798
9,A2_2,0.53,0.563,0.394,0.596,0.518,0.428,0.429,0.905,1.0,0.883,0.837,0.76,0.876,0.686,0.563,0.664
9,A2_3,0.611,0.645,0.621,0.688,0.636,0.497,0.576,0.854,0.883,1.0,0.885,0.893,0.875,0.653,0.647,0.689
9,B2_1,0.75,0.721,0.63,0.591,0.665,0.6,0.661,0.807,0.837,0.885,1.0,0.943,0.899,0.765,0.733,0.74
9,B2_2,0.747,0.78,0.687,0.629,0.75,0.591,0.709,0.799,0.76,0.893,0.943,1.0,0.849,0.742,0.747,0.745
9,B2_3,0.737,0.753,0.632,0.732,0.764,0.706,0.594,0.857,0.876,0.875,0.899,0.849,1.0,0.784,0.749,0.819
9,y1,0.854,0.905,0.743,0.663,0.851,0.833,0.77,0.732,0.686,0.653,0.765,0.742,0.784,1.0,0.793,0.868
9,y2,0.802,0.801,0.85,0.661,0.817,0.81,0.886,0.563,0.563,0.647,0.733,0.747,0.749,0.793,1.0,0.757
9,y3,0.927,0.855,0.79,0.705,0.873,0.835,0.732,0.798,0.664,0.689,0.74,0.745,0.819,0.868,0.757,1.0
10,.,1.0,0.872,0.858,0.683,0.89,0.878,0.809,0.687,0.554,0.64,0.767,0.761,0.754,0.862,0.81,0.931
10,A1_1,0.872,1.0,0.859,0.746,0.948,0.871,0.814,0.684,0.584,0.673,0.741,0.794,0.767,0.908,0.816,0.861
10,A1_2,0.858,0.859,1.0,0.687,0.86,0.869,0.875,0.531,0.425,0.652,0.657,0.711,0.656,0.755,0.861,0.8
10,A1_3,0.683,0.746,0.687,1.0,0.812,0.782,0.549,0.779,0.617,0.706,0.612,0.642,0.744,0.676,0.677,0.717
10,B1_1,0.89,0.948,0.86,0.812,1.0,0.898,0.8,0.683,0.541,0.667,0.686,0.765,0.78,0.856,0.83,0.879
10,B1_2,0.878,0.871,0.869,0.782,0.898,1.0,0.786,0.604,0.46,0.533,0.629,0.613,0.73,0.838,0.821,0.847
10,B1_3,0.809,0.814,0.875,0.549,0.8,0.786,1.0,0.495,0.458,0.613,0.692,0.739,0.619,0.776,0.895,0.741
10,A2_1,0.687,0.684,0.531,0.779,0.683,0.604,0.495,1.0,0.908,0.855,0.815,0.804,0.859,0.749,0.587,0.812
10,A2_2,0.554,0.584,0.425,0.617,0.541,0.46,0.458,0.908,1.0,0.883,0.839,0.763,0.878,0.709,0.589,0.683
10,A2_3,0.64,0.673,0.652,0.706,0.667,0.533,0.613,0.855,0.883,1.0,0.891,0.899,0.878,0.68,0.68,0.713
10,B2_1,0.767,0.741,0.657,0.612,0.686,0.629,0.692,0.815,0.839,0.891,1.0,0.944,0.897,0.782,0.755,0.757
10,B2_2,0.761,0.794,0.711,0.642,0.765,0.613,0.739,0.804,0.763,0.899,0.944,1.0,0.844,0.758,0.769,0.761
10,B2_3,0.754,0.767,0.656,0.744,0.78,0.73,0.619,0.859,0.878,0.878,0.897,0.844,1.0,0.8,0.768,0.833
10,y1,0.862,0.908,0.755,0.676,0.856,0.838,0.776,0.749,0.709,0.68,0.782,0.758,0.8,1.0,0.801,0.876
10,y2,0.81,0.816,0.861,0.677,0.83,0.821,0.895,0.587,0.589,0.68,0.755,0.769,0.768,0.801,1.0,0.767
10,y3,0.931,0.861,0.8,0.717,0.879,0.847,0.741,0.812,0.683,0.713,0.757,0.761,0.833,0.876,0.767,1.0
11,.,1.0,0.871,0.856,0.686,0.886,0.876,0.805,0.699,0.566,0.647,0.774,0.765,0.76,0.861,0.811,0.931
11,A1_1,0.871,1.0,0.857,0.746,0.948,0.873,0.812,0.689,0.591,0.674,0.741,0.793,0.769,0.906,0.816,0.86
11,A1_2,0.856,0.857,1.0,0.687,0.855,0.869,0.872,0.537,0.431,0.656,0.656,0.711,0.659,0.748,0.86,0.796
11,A1_3,0.686,0.746,0.687,1.0,0.816,0.79,0.547,0.778,0.616,0.693,0.607,0.631,0.746,0.683,0.68,0.721
11,B1_1,0.886,0.948,0.855,0.816,1.0,0.899,0.796,0.686,0.548,0.663,0.681,0.76,0.783,0.858,0.827,0.879
11,B1_2,0.876,0.873,0.869,0.79,0.899,1.0,0.789,0.612,0.473,0.535,0.629,0.612,0.734,0.839,0.821,0.842
11,B1_3,0.805,0.812,0.872,0.547,0.796,0.789,1.0,0.5,0.459,0.614,0.688,0.736,0.618,0.767,0.888,0.735
11,A2_1,0.699,0.689,0.537,0.778,0.686,0.612,0.5,1.0,0.907,0.85,0.817,0.799,0.856,0.762,0.594,0.821
11,A2_2,0.566,0.591,0.431,0.616,0.548,0.473,0.459,0.907,1.0,0.881,0.841,0.758,0.882,0.719,0.596,0.695
11,A2_3,0.647,0.674,0.656,0.693,0.663,0.535,0.614,0.85,0.881,1.0,0.891,0.899,0.877,0.685,0.685,0.721
11,B2_1,0.774,0.741,0.656,0.607,0.681,0.629,0.688,0.817,0.841,0.891,1.0,0.942,0.893,0.784,0.755,0.764
11,B2_2,0.765,0.793,0.711,0.631,0.76,0.612,0.736,0.799,0.758,0.899,0.942,1.0,0.839,0.759,0.77,0.766
11,B2_3,0.76,0.769,0.659,0.746,0.783,0.734,0.618,0.856,0.882,0.877,0.893,0.839,1.0,0.807,0.773,0.842
11,y1,0.861,0.906,0.748,0.683,0.858,0.839,0.767,0.762,0.719,0.685,0.784,0.759,0.807,1.0,0.795,0.877
11,y2,0.811,0.816,0.86,0.68,0.827,0.821,0.888,0.594,0.596,0.685,0.755,0.77,0.773,0.795,1.0,0.765
11,y3,0.931,0.86,0.796,0.721,0.879,0.842,0.735,0.821,0.695,0.721,0.764,0.766,0.842,0.877,0.765,1.0
12,.,1.0,0.875,0.862,0.699,0.889,0.883,0.811,0.712,0.585,0.666,0.786,0.773,0.771,0.865,0.816,0.933
12,A1_1,0.875,1.0,0.864,0.753,0.948,0.88,0.822,0.696,0.607,0.691,0.753,0.798,0.778,0.907,0.824,0.863
12,A1_2,0.862,0.864,1.0,0.699,0.863,0.877,0.878,0.552,0.455,0.678,0.671,0.723,0.674,0.753,0.866,0.801
12,A1_3,0.699,0.753,0.699,1.0,0.822,0.793,0.567,0.785,0.634,0.711,0.625,0.642,0.759,0.696,0.695,0.734
12,B1_1,0.889,0.948,0.863,0.822,1.0,0.904,0.806,0.697,0.568,0.684,0.693,0.767,0.794,0.863,0.835,0.884
12,B1_2,0.883,0.88,0.877,0.793,0.904,1.0,0.802,0.626,0.502,0.565,0.651,0.628,0.752,0.845,0.831,0.851
12,B1_3,0.811,0.822,0.878,0.567,0.806,0.802,1.0,0.517,0.477,0.633,0.703,0.749,0.633,0.77,0.891,0.74
12,A2_1,0.712,0.696,0.552,0.785,0.697,0.626,0.517,1.0,0.91,0.853,0.825,0.803,0.86,0.774,0.609,0.831
12,A2_2,0.585,0.607,0.455,0.634,0.568,0.502,0.477,0.91,1.0,0.88,0.844,0.76,0.886,0.736,0.614,0.711
12,A2_3,0.666,0.691,0.678,0.711,0.684,0.565,0.633,0.853,0.88,1.0,0.894,0.903,0.881,0.701,0.705,0.738
12,B2_1,0.786,0.753,0.671,0.625,0.693,0.651,0.703,0.825,0.844,0.894,1.0,0.942,0.891,0.795,0.767,0.776
12,B2_2,0.773,0.798,0.723,0.642,0.767,0.628,0.749,0.803,0.76,0.903,0.942,1.0,0.835,0.765,0.78,0.774
12,B2_3,0.771,0.778,0.674,0.759,0.794,0.752,0.633,0.86,0.886,0.881,0.891,0.835,1.0,0.818,0.785,0.852
12,y1,0.865,0.907,0.753,0.696,0.863,0.845,0.77,0.774,0.736,0.701,0.795,0.765,0.818,1.0,0.799,0.883
12,y2,0.816,0.824,0.866,0.695,0.835,0.831,0.891,0.609,0.614,0.705,0.767,0.78,0.785,0.799,1.0,0.77
12,y3,0.933,0.863,0.801,0.734,0.884,0.851,0.74,0.831,0.711,0.738,0.776,0.774,0.852,0.883,0.77,1.0
13,.,1.0,0.875,0.86,0.71,0.886,0.884,0.808,0.734,0.617,0.689,0.806,0.781,0.787,0.862,0.816,0.932
13,A1_1,0.875,1.0,0.862,0.757,0.949,0.884,0.825,0.71,0.634,0.706,0.763,0.802,0.791,0.904,0.825,0.861
13,A1_2,0.86,0.862,1.0,0.707,0.86,0.88,0.877,0.573,0.486,0.704,0.681,0.732,0.689,0.745,0.865,0.796
13,A1_3,0.71,0.757,0.707,1.0,0.829,0.8,0.577,0.793,0.658,0.722,0.638,0.642,0.779,0.71,0.708,0.745
13,B1_1,0.886,0.949,0.86,0.829,1.0,0.906,0.807,0.71,0.597,0.699,0.7,0.768,0.81,0.865,0.836,0.885
13,B1_2,0.884,0.884,0.88,0.8,0.906,1.0,0.812,0.646,0.543,0.593,0.67,0.638,0.772,0.845,0.833,0.847
13,B1_3,0.808,0.825,0.877,0.577,0.807,0.812,1.0,0.536,0.499,0.648,0.712,0.756,0.644,0.761,0.884,0.733
13,A2_1,0.734,0.71,0.573,0.793,0.71,0.646,0.536,1.0,0.909,0.849,0.833,0.798,0.863,0.794,0.626,0.847
13,A2_2,0.617,0.634,0.486,0.658,0.597,0.543,0.499,0.909,1.0,0.875,0.848,0.754,0.897,0.762,0.641,0.742
13,A2_3,0.689,0.706,0.704,0.722,0.699,0.593,0.648,0.849,0.875,1.0,0.891,0.902,0.881,0.716,0.726,0.76
13,B2_1,0.806,0.763,0.681,0.638,0.7,0.67,0.712,0.833,0.848,0.891,1.0,0.937,0.884,0.807,0.777,0.791
13,B2_2,0.781,0.802,0.732,0.642,0.768,0.638,0.756,0.798,0.754,0.902,0.937,1.0,0.826,0.768,0.786,0.782
13,B2_3,0.787,0.791,0.689,0.779,0.81,0.772,0.644,0.863,0.897,0.881,0.884,0.826,1.0,0.833,0.797,0.87
13,y1,0.862,0.904,0.745,0.71,0.865,0.845,0.761,0.794,0.762,0.716,0.807,0.768,0.833,1.0,0.793,0.883
13,y2,0.816,0.825,0.865,0.708,0.836,0.833,0.884,0.626,0.641,0.726,0.777,0.786,0.797,0.793,1.0,0.77
13,y3,0.932,0.861,0.796,0.745,0.885,0.847,0.733,0.847,0.742,0.76,0.791,0.782,0.87,0.883,0.77,1.0
14,.,1.0,0.877,0.863,0.722,0.887,0.892,0.809,0.745,0.634,0.707,0.818,0.787,0.796,0.865,0.819,0.933
14,A1_1,0.877,1.0,0.868,0.762,0.948,0.891,0.833,0.714,0.646,0.718,0.771,0.804,0.796,0.902,0.831,0.861
14,A1_2,0.863,0.868,1.0,0.719,0.867,0.888,0.882,0.58,0.503,0.72,0.691,0.738,0.697,0.747,0.868,0.797
14,A1_3,0.722,0.762,0.719,1.0,0.834,0.801,0.596,0.8,0.678,0.746,0.66,0.656,0.793,0.722,0.724,0.756
14,B1_1,0.887,0.948,0.867,0.834,1.0,0.91,0.816,0.717,0.615,0.718,0.712,0.774,0.819,0.867,0.843,0.889
14,B1_2,0.892,0.891,0.888,0.801,0.91,1.0,0.825,0.658,0.572,0.624,0.694,0.654,0.789,0.85,0.843,0.854
14,B1_3,0.809,0.833,0.882,0.596,0.816,0.825,1.0,0.545,0.511,0.658,0.721,0.763,0.652,0.762,0.885,0.735
14,A2_1,0.745,0.714,0.58,0.8,0.717,0.658,0.545,1.0,0.912,0.853,0.841,0.802,0.866,0.805,0.639,0.854
14,A2_2,0.634,0.646,0.503,0.678,0.615,0.572,0.511,0.912,1.0,0.874,0.851,0.753,0.903,0.778,0.658,0.756
14,A2_3,0.707,0.718,0.72,0.746,0.718,0.624,0.658,0.853,0.874,1.0,0.89,0.902,0.884,0.73,0.743,0.776
14,B2_1,0.818,0.771,0.691,0.66,0.712,0.694,0.721,0.841,0.851,0.89,1.0,0.936,0.882,0.818,0.786,0.803
14,B2_2,0.787,0.804,0.738,0.656,0.774,0.654,0.763,0.802,0.753,0.902,0.936,1.0,0.82,0.772,0.793,0.788
14,B2_3,0.796,0.796,0.697,0.793,0.819,0.789,0.652,0.866,0.903,0.884,0.882,0.82,1.0,0.844,0.805,0.878
14,y1,0.865,0.902,0.747,0.722,0.867,0.85,0.762,0.805,0.778,0.73,0.818,0.772,0.844,1.0,0.798,0.888
14,y2,0.819,0.831,0.868,0.724,0.843,0.843,0.885,0.639,0.658,0.743,0.786,0.793,0.805,0.798,1.0,0.774
14,y3,0.933,0.861,0.797,0.756,0.889,0.854,0.735,0.854,0.756,0.776,0.803,0.788,0.878,0.888,0.774,1.0
15,.,1.0,0.877,0.861,0.73,0.886,0.893,0.806,0.757,0.655,0.722,0.832,0.792,0.805,0.863,0.818,0.933
15,A1_1,0.877,1.0,0.868,0.765,0.948,0.894,0.834,0.72,0.664,0.727,0.779,0.807,0.803,0.899,0.831,0.86
15,A1_2,0.861,0.868,1.0,0.723,0.866,0.889,0.882,0.59,0.524,0.736,0.7,0.744,0.705,0.742,0.868,0.794
15,A1_3,0.73,0.765,0.723,1.0,0.838,0.804,0.601,0.807,0.696,0.758,0.674,0.66,0.808,0.731,0.733,0.764
15,B1_1,0.886,0.948,0.866,0.838,1.0,0.911,0.816,0.725,0.636,0.73,0.72,0.777,0.828,0.868,0.844,0.89
15,B1_2,0.893,0.894,0.889,0.804,0.911,1.0,0.831,0.67,0.602,0.644,0.71,0.663,0.803,0.85,0.846,0.852
15,B1_3,0.806,0.834,0.882,0.601,0.816,0.831,1.0,0.552,0.522,0.664,0.725,0.765,0.655,0.755,0.879,0.73
15,A2_1,0.757,0.72,0.59,0.807,0.725,0.67,0.552,1.0,0.911,0.85,0.845,0.798,0.868,0.814,0.645,0.862
15,A2_2,0.655,0.664,0.524,0.696,0.636,0.602,0.522,0.911,1.0,0.871,0.852,0.748,0.91,0.793,0.673,0.775
15,A2_3,0.722,0.727,0.736,0.758,0.73,0.644,0.664,0.85,0.871,1.0,0.888,0.899,0.884,0.739,0.754,0.792
15,B2_1,0.832,0.779,0.7,0.674,0.72,0.71,0.725,0.845,0.852,0.888,1.0,0.931,0.879,0.825,0.791,0.814
15,B2_2,0.792,0.807,0.744,0.66,0.777,0.663,0.765,0.798,0.748,0.899,0.931,1.0,0.812,0.772,0.794,0.794
15,B2_3,0.805,0.803,0.705,0.808,0.828,0.803,0.655,0.868,0.91,0.884,0.879,0.812,1.0,0.852,0.809,0.888
15,y1,0.863,0.899,0.742,0.731,0.868,0.85,0.755,0.814,0.793,0.739,0.825,0.772,0.852,1.0,0.793,0.889
15,y2,0.818,0.831,0.868,0.733,0.844,0.846,0.879,0.645,0.673,0.754,0.791,0.794,0.809,0.793,1.0,0.775
15,y3,0.933,0.86,0.794,0.764,0.89,0.852,0.73,0.862,0.775,0.792,0.814,0.794,0.888,0.889,0.775,1.0
16,.,1.0,0.877,0.861,0.741,0.886,0.897,0.805,0.777,0.686,0.748,0.853,0.803,0.819,0.864,0.82,0.933
16,A1_1,0.877,1.0,0.872,0.768,0.948,0.897,0.841,0.729,0.688,0.746,0.792,0.814,0.813,0.895,0.834,0.857
16,A1_2,0.861,0.872,1.0,0.729,0.87,0.893,0.887,0.607,0.556,0.764,0.717,0.758,0.717,0.74,0.87,0.792
16,A1_3,0.741,0.768,0.729,1.0,0.841,0.804,0.614,0.818,0.725,0.784,0.696,0.671,0.828,0.741,0.749,0.775
16,B1_1,0.886,0.948,0.87,0.841,1.0,0.912,0.824,0.738,0.666,0.755,0.738,0.787,0.841,0.868,0.851,0.892
16,B1_2,0.897,0.897,0.893,0.804,0.912,1.0,0.841,0.688,0.642,0.678,0.736,0.679,0.824,0.85,0.85,0.852
16,B1_3,0.805,0.841,0.887,0.614,0.824,0.841,1.0,0.566,0.543,0.682,0.739,0.777,0.665,0.751,0.875,0.727
16,A2_1,0.777,0.729,0.607,0.818,0.738,0.688,0.566,1.0,0.912,0.851,0.854,0.797,0.873,0.828,0.662,0.874
16,A2_2,0.686,0.688,0.556,0.725,0.666,0.642,0.543,0.912,1.0,0.867,0.853,0.739,0.919,0.816,0.699,0.802
16,A2_3,0.748,0.746,0.764,0.784,0.755,0.678,0.682,0.851,0.867,1.0,0.885,0.896,0.884,0.756,0.778,0.816
16,B2_1,0.853,0.792,0.717,0.696,0.738,0.736,0.739,0.854,0.853,0.885,1.0,0.927,0.876,0.839,0.802,0.831
16,B2_2,0.803,0.814,0.758,0.671,0.787,0.679,0.777,0.797,0.739,0.896,0.927,1.0,0.799,0.777,0.802,0.804
16,B2_3,0.819,0.813,0.717,0.828,0.841,0.824,0.665,0.873,0.919,0.884,0.876,0.799,1.0,0.865,0.818,0.9
16,y1,0.864,0.895,0.74,0.741,0.868,0.85,0.751,0.828,0.816,0.756,0.839,0.777,0.865,1.0,0.794,0.892
16,y2,0.82,0.834,0.87,0.749,0.851,0.85,0.875,0.662,0.699,0.778,0.802,0.802,0.818,0.794,1.0,0.779
16,y3,0.933,0.857,0.792,0.775,0.892,0.852,0.727,0.874,0.802,0.816,0.831,0.804,0.9,0.892,0.779,1.0
17,.,1.0,0.876,0.86,0.749,0.885,0.897,0.803,0.795,0.71,0.762,0.866,0.81,0.829,0.862,0.819,0.931
17,A1_1,0.876,1.0,0.871,0.769,0.947,0.9,0.842,0.74,0.708,0.752,0.799,0.816,0.819,0.893,0.832,0.854
17,A1_2,0.86,0.871,1.0,0.732,0.868,0.894,0.887,0.623,0.582,0.78,0.726,0.764,0.724,0.736,0.87,0.788
17,A1_3,0.749,0.769,0.732,1.0,0.844,0.806,0.619,0.828,0.747,0.795,0.708,0.674,0.845,0.748,0.759,0.782
17,B1_1,0.885,0.947,0.868,0.844,1.0,0.913,0.823,0.75,0.688,0.763,0.746,0.79,0.85,0.868,0.851,0.892
17,B1_2,0.897,0.9,0.894,0.806,0.913,1.0,0.847,0.707,0.673,0.694,0.75,0.687,0.837,0.849,0.85,0.848
17,B1_3,0.803,0.842,0.887,0.619,0.823,0.847,1.0,0.579,0.558,0.69,0.746,0.782,0.669,0.746,0.868,0.722
17,A2_1,0.795,0.74,0.623,0.828,0.75,0.707,0.579,1.0,0.91,0.848,0.857,0.792,0.879,0.837,0.673,0.884
17,A2_2,0.71,0.708,0.582,0.747,0.688,0.673,0.558,0.91,1.0,0.865,0.852,0.73,0.927,0.828,0.717,0.822
17,A2_3,0.762,0.752,0.78,0.795,0.763,0.694,0.69,0.848,0.865,1.0,0.884,0.893,0.878,0.761,0.791,0.828
17,B2_1,0.866,0.799,0.726,0.708,0.746,0.75,0.746,0.857,0.852,0.884,1.0,0.924,0.871,0.845,0.808,0.84
17,B2_2,0.81,0.816,0.764,0.674,0.79,0.687,0.782,0.792,0.73,0.893,0.924,1.0,0.786,0.778,0.804,0.809
17,B2_3,0.829,0.819,0.724,0.845,0.85,0.837,0.669,0.879,0.927,0.878,0.871,0.786,1.0,0.871,0.822,0.907
17,y1,0.862,0.893,0.736,0.748,0.868,0.849,0.746,0.837,0.828,0.761,0.845,0.778,0.871,1.0,0.791,0.891
17,y2,0.819,0.832,0.87,0.759,0.851,0.85,0.868,0.673,0.717,0.791,0.808,0.804,0.822,0.791,1.0,0.781
17,y3,0.931,0.854,0.788,0.782,0.892,0.848,0.722,0.884,0.822,0.828,0.84,0.809,0.907,0.891,0.781,1.0
18,.,1.0,0.877,0.863,0.755,0.888,0.899,0.806,0.801,0.719,0.773,0.873,0.814,0.833,0.864,0.821,0.932
18,A1_1,0.877,1.0,0.876,0.77,0.946,0.901,0.847,0.741,0.714,0.759,0.805,0.817,0.821,0.893,0.834,0.854
18,A1_2,0.863,0.876,1.0,0.733,0.873,0.897,0.893,0.628,0.594,0.789,0.737,0.77,0.729,0.74,0.872,0.79
18,A1_3,0.755,0.77,0.733,1.0,0.844,0.804,0.624,0.832,0.757,0.805,0.719,0.68,0.849,0.753,0.764,0.787
18,B1_1,0.888,0.946,0.873,0.844,1.0,0.913,0.828,0.753,0.696,0.774,0.756,0.796,0.852,0.869,0.855,0.893
18,B1_2,0.899,0.901,0.897,0.804,0.913,1.0,0.851,0.71,0.684,0.707,0.76,0.694,0.841,0.85,0.852,0.85
18,B1_3,0.806,0.847,0.893,0.624,0.828,0.851,1.0,0.585,0.566,0.699,0.756,0.788,0.676,0.748,0.87,0.724
18,A2_1,0.801,0.741,0.628,0.832,0.753,0.71,0.585,1.0,0.912,0.852,0.862,0.795,0.88,0.841,0.681,0.888
18,A2_2,0.719,0.714,0.594,0.757,0.696,0.684,0.566,0.912,1.0,0.866,0.852,0.729,0.929,0.833,0.724,0.828
18,A2_3,0.773,0.759,0.789,0.805,0.774,0.707,0.699,0.852,0.866,1.0,0.886,0.893,0.883,0.769,0.801,0.836
18,B2_1,0.873,0.805,0.737,0.719,0.756,0.76,0.756,0.862,0.852,0.886,1.0,0.924,0.874,0.851,0.815,0.848
18,B2_2,0.814,0.817,0.77,0.68,0.796,0.694,0.788,0.795,0.729,0.893,0.924,1.0,0.786,0.781,0.809,0.813
18,B2_3,0.833,0.821,0.729,0.849,0.852,0.841,0.676,0.88,0.929,0.883,0.874,0.786,1.0,0.874,0.828,0.91
18,y1,0.864,0.893,0.74,0.753,0.869,0.85,0.748,0.841,0.833,0.769,0.851,0.781,0.874,1.0,0.795,0.894
18,y2,0.821,0.834,0.872,0.764,0.855,0.852,0.87,0.681,0.724,0.801,0.815,0.809,0.828,0.795,1.0,0.785
18,y3,0.932,0.854,0.79,0.787,0.893,0.85,0.724,0.888,0.828,0.836,0.848,0.813,0.91,0.894,0.785,1.0
19,.,1.0,0.878,0.865,0.763,0.89,0.903,0.808,0.806,0.728,0.784,0.881,0.82,0.838,0.87,0.825,0.934
19,A1_1,0.878,1.0,0.884,0.772,0.945,0.905,0.853,0.741,0.719,0.766,0.811,0.819,0.822,0.891,0.839,0.854
19,A1_2,0.865,0.884,1.0,0.736,0.88,0.902,0.9,0.63,0.602,0.793,0.745,0.776,0.733,0.746,0.875,0.791
19,A1_3,0.763,0.772,0.736,1.0,0.845,0.805,0.633,0.838,0.767,0.817,0.732,0.693,0.853,0.761,0.773,0.794
19,B1_1,0.89,0.945,0.88,0.845,1.0,0.915,0.836,0.757,0.705,0.788,0.768,0.804,0.854,0.871,0.862,0.897
19,B1_2,0.903,0.905,0.902,0.805,0.915,1.0,0.857,0.715,0.695,0.723,0.773,0.705,0.846,0.853,0.858,0.855
19,B1_3,0.808,0.853,0.9,0.633,0.836,0.857,1.0,0.588,0.574,0.706,0.763,0.792,0.682,0.751,0.873,0.727
19,A2_1,0.806,0.741,0.63,0.838,0.757,0.715,0.588,1.0,0.914,0.857,0.867,0.801,0.883,0.846,0.69,0.891
19,A2_2,0.728,0.719,0.602,0.767,0.705,0.695,0.574,0.914,1.0,0.87,0.854,0.733,0.933,0.841,0.734,0.833
19,A2_3,0.784,0.766,0.793,0.817,0.788,0.723,0.706,0.857,0.87,1.0,0.887,0.894,0.889,0.78,0.811,0.844
19,B2_1,0.881,0.811,0.745,0.732,0.768,0.773,0.763,0.867,0.854,0.887,1.0,0.925,0.879,0.861,0.824,0.856
19,B2_2,0.82,0.819,0.776,0.693,0.804,0.705,0.792,0.801,0.733,0.894,0.925,1.0,0.79,0.788,0.816,0.819
19,B2_3,0.838,0.822,0.733,0.853,0.854,0.846,0.682,0.883,0.933,0.889,0.879,0.79,1.0,0.879,0.835,0.912
19,y1,0.87,0.891,0.746,0.761,0.871,0.853,0.751,0.846,0.841,0.78,0.861,0.788,0.879,1.0,0.803,0.9
19,y2,0.825,0.839,0.875,0.773,0.862,0.858,0.873,0.69,0.734,0.811,0.824,0.816,0.835,0.803,1.0,0.789
19,y3,0.934,0.854,0.791,0.794,0.897,0.855,0.727,0.891,0.833,0.844,0.856,0.819,0.912,0.9,0.789,1.0
20,.,1.0,0.878,0.865,0.77,0.889,0.903,0.807,0.82,0.744,0.793,0.889,0.826,0.842,0.868,0.825,0.932
20,A1_1,0.878,1.0,0.882,0.774,0.945,0.907,0.853,0.75,0.732,0.77,0.816,0.822,0.825,0.89,0.836,0.851
20,A1_2,0.865,0.882,1.0,0.74,0.878,0.903,0.899,0.646,0.622,0.805,0.754,0.783,0.738,0.744,0.874,0.789
20,A1_3,0.77,0.774,0.74,1.0,0.847,0.805,0.638,0.848,0.784,0.825,0.742,0.698,0.866,0.766,0.779,0.8
20,B1_1,0.889,0.945,0.878,0.847,1.0,0.915,0.836,0.767,0.72,0.792,0.774,0.809,0.859,0.872,0.86,0.896
20,B1_2,0.903,0.907,0.903,0.805,0.915,1.0,0.863,0.73,0.716,0.732,0.784,0.714,0.852,0.852,0.857,0.851
20,B1_3,0.807,0.853,0.899,0.638,0.836,0.863,1.0,0.598,0.583,0.711,0.768,0.797,0.683,0.748,0.867,0.724
20,A2_1,0.82,0.75,0.646,0.848,0.767,0.73,0.598,1.0,0.912,0.855,0.868,0.796,0.887,0.851,0.698,0.899
20,A2_2,0.744,0.732,0.622,0.784,0.72,0.716,0.583,0.912,1.0,0.869,0.853,0.724,0.937,0.845,0.745,0.845
20,A2_3,0.793,0.77,0.805,0.825,0.792,0.732,0.711,0.855,0.869,1.0,0.888,0.891,0.884,0.781,0.821,0.851
20,B2_1,0.889,0.816,0.754,0.742,0.774,0.784,0.768,0.868,0.853,0.888,1.0,0.923,0.874,0.862,0.829,0.861
20,B2_2,0.826,0.822,0.783,0.698,0.809,0.714,0.797,0.796,0.724,0.891,0.923,1.0,0.78,0.788,0.82,0.825
20,B2_3,0.842,0.825,0.738,0.866,0.859,0.852,0.683,0.887,0.937,0.884,0.874,0.78,1.0,0.879,0.836,0.915
20,y1,0.868,0.89,0.744,0.766,0.872,0.852,0.748,0.851,0.845,0.781,0.862,0.788,0.879,1.0,0.801,0.899
20,y2,0.825,0.836,0.874,0.779,0.86,0.857,0.867,0.698,0.745,0.821,0.829,0.82,0.836,0.801,1.0,0.79
20,y3,0.932,0.851,0.789,0.8,0.896,0.851,0.724,0.899,0.845,0.851,0.861,0.825,0.915,0.899,0.79,1.0
21,.,1.0,0.878,0.864,0.777,0.888,0.904,0.806,0.835,0.759,0.8,0.897,0.835,0.847,0.868,0.826,0.931
21,A1_1,0.878,1.0,0.883,0.778,0.944,0.912,0.856,0.761,0.746,0.774,0.824,0.826,0.829,0.888,0.835,0.849
21,A1_2,0.864,0.883,1.0,0.746,0.878,0.906,0.901,0.662,0.64,0.813,0.764,0.792,0.742,0.743,0.874,0.787
21,A1_3,0.777,0.778,0.746,1.0,0.851,0.807,0.646,0.859,0.799,0.832,0.752,0.708,0.878,0.772,0.788,0.807
21,B1_1,0.888,0.944,0.878,0.851,1.0,0.916,0.838,0.781,0.735,0.796,0.782,0.816,0.865,0.872,0.86,0.897
21,B1_2,0.904,0.912,0.906,0.807,0.916,1.0,0.871,0.748,0.737,0.742,0.798,0.728,0.86,0.853,0.859,0.849
21,B1_3,0.806,0.856,0.901,0.646,0.838,0.871,1.0,0.611,0.595,0.717,0.777,0.804,0.686,0.748,0.863,0.723
21,A2_1,0.835,0.761,0.662,0.859,0.781,0.748,0.611,1.0,0.911,0.854,0.868,0.793,0.892,0.857,0.709,0.906
21,A2_2,0.759,0.746,0.64,0.799,0.735,0.737,0.595,0.911,1.0,0.869,0.851,0.719,0.94,0.851,0.759,0.855
21,A2_3,0.8,0.774,0.813,0.832,0.796,0.742,0.717,0.854,0.869,1.0,0.889,0.889,0.878,0.785,0.829,0.857
21,B2_1,0.897,0.824,0.764,0.752,0.782,0.798,0.777,0.868,0.851,0.889,1.0,0.923,0.869,0.866,0.836,0.867
21,B2_2,0.835,0.826,0.792,0.708,0.816,0.728,0.804,0.793,0.719,0.889,0.923,1.0,0.771,0.792,0.825,0.832
21,B2_3,0.847,0.829,0.742,0.878,0.865,0.86,0.686,0.892,0.94,0.878,0.869,0.771,1.0,0.88,0.839,0.917
21,y1,0.868,0.888,0.743,0.772,0.872,0.853,0.748,0.857,0.851,0.785,0.866,0.792,0.88,1.0,0.801,0.901
21,y2,0.826,0.835,0.874,0.788,0.86,0.859,0.863,0.709,0.759,0.829,0.836,0.825,0.839,0.801,1.0,0.793
21,y3,0.931,0.849,0.787,0.807,0.897,0.849,0.723,0.906,0.855,0.857,0.867,0.832,0.917,0.901,0.793,1.0
22,.,1.0,0.877,0.864,0.781,0.888,0.904,0.807,0.842,0.764,0.805,0.9,0.839,0.849,0.867,0.825,0.931
22,A1_1,0.877,1.0,0.883,0.78,0.944,0.913,0.856,0.765,0.749,0.775,0.826,0.827,0.829,0.887,0.834,0.847
22,A1_2,0.864,0.883,1.0,0.75,0.878,0.907,0.9,0.671,0.649,0.819,0.768,0.796,0.745,0.742,0.875,0.787
22,A1_3,0.781,0.78,0.75,1.0,0.852,0.805,0.651,0.864,0.807,0.839,0.758,0.714,0.883,0.774,0.792,0.812
22,B1_1,0.888,0.944,0.878,0.852,1.0,0.915,0.841,0.786,0.739,0.798,0.786,0.82,0.866,0.872,0.861,0.897
22,B1_2,0.904,0.913,0.907,0.805,0.915,1.0,0.877,0.755,0.743,0.748,0.805,0.735,0.861,0.852,0.86,0.847
22,B1_3,0.807,0.856,0.9,0.651,0.841,0.877,1.0,0.617,0.598,0.72,0.78,0.808,0.688,0.746,0.862,0.723
22,A2_1,0.842,0.765,0.671,0.864,0.786,0.755,0.617,1.0,0.911,0.855,0.869,0.794,0.895,0.859,0.713,0.91
22,A2_2,0.764,0.749,0.649,0.807,0.739,0.743,0.598,0.911,1.0,0.87,0.85,0.715,0.941,0.849,0.762,0.858
22,A2_3,0.805,0.775,0.819,0.839,0.798,0.748,0.72,0.855,0.87,1.0,0.89,0.888,0.877,0.786,0.834,0.861
22,B2_1,0.9,0.826,0.768,0.758,0.786,0.805,0.78,0.869,0.85,0.89,1.0,0.923,0.868,0.866,0.838,0.87
22,B2_2,0.839,0.827,0.796,0.714,0.82,0.735,0.808,0.794,0.715,0.888,0.923,1.0,0.769,0.792,0.827,0.836
22,B2_3,0.849,0.829,0.745,0.883,0.866,0.861,0.688,0.895,0.941,0.877,0.868,0.769,1.0,0.879,0.839,0.918
22,y1,0.867,0.887,0.742,0.774,0.872,0.852,0.746,0.859,0.849,0.786,0.866,0.792,0.879,1.0,0.8,0.901
22,y2,0.825,0.834,0.875,0.792,0.861,0.86,0.862,0.713,0.762,0.834,0.838,0.827,0.839,0.8,1.0,0.795
22,y3,0.931,0.847,0.787,0.812,0.897,0.847,0.723,0.91,0.858,0.861,0.87,0.836,0.918,0.901,0.795,1.0
23,.,1.0,0.877,0.863,0.785,0.887,0.904,0.805,0.847,0.768,0.806,0.902,0.841,0.849,0.866,0.824,0.93
23,A1_1,0.877,1.0,0.881,0.78,0.942,0.914,0.854,0.767,0.752,0.772,0.827,0.825,0.829,0.885,0.831,0.845
23,A1_2,0.863,0.881,1.0,0.751,0.875,0.907,0.899,0.676,0.654,0.82,0.771,0.796,0.745,0.739,0.873,0.785
23,A1_3,0.785,0.78,0.751,1.0,0.852,0.804,0.651,0.868,0.814,0.841,0.762,0.715,0.888,0.776,0.795,0.814
23,B1_1,0.887,0.942,0.875,0.852,1.0,0.914,0.838,0.789,0.741,0.795,0.786,0.82,0.866,0.872,0.858,0.896
23,B1_2,0.904,0.914,0.907,0.804,0.914,1.0,0.879,0.76,0.749,0.748,0.809,0.738,0.861,0.851,0.858,0.844
23,B1_3,0.805,0.854,0.899,0.651,0.838,0.879,1.0,0.62,0.598,0.717,0.781,0.807,0.686,0.743,0.856,0.721
23,A2_1,0.847,0.767,0.676,0.868,0.789,0.76,0.62,1.0,0.91,0.854,0.867,0.79,0.896,0.859,0.715,0.912
23,A2_2,0.768,0.752,0.654,0.814,0.741,0.749,0.598,0.91,1.0,0.869,0.848,0.708,0.941,0.846,0.764,0.859
23,A2_3,0.806,0.772,0.82,0.841,0.795,0.748,0.717,0.854,0.869,1.0,0.891,0.885,0.873,0.783,0.836,0.861
23,B2_1,0.902,0.827,0.771,0.762,0.786,0.809,0.781,0.867,0.848,0.891,1.0,0.922,0.865,0.864,0.839,0.871
23,B2_2,0.841,0.825,0.796,0.715,0.82,0.738,0.807,0.79,0.708,0.885,0.922,1.0,0.764,0.791,0.827,0.838
23,B2_3,0.849,0.829,0.745,0.888,0.866,0.861,0.686,0.896,0.941,0.873,0.865,0.764,1.0,0.875,0.839,0.917
23,y1,0.866,0.885,0.739,0.776,0.872,0.851,0.743,0.859,0.846,0.783,0.864,0.791,0.875,1.0,0.797,0.9
23,y2,0.824,0.831,0.873,0.795,0.858,0.858,0.856,0.715,0.764,0.836,0.839,0.827,0.839,0.797,1.0,0.795
23,y3,0.93,0.845,0.785,0.814,0.896,0.844,0.721,0.912,0.859,0.861,0.871,0.838,0.917,0.9,0.795,1.0
24,.,1.0,0.877,0.865,0.789,0.888,0.905,0.807,0.853,0.772,0.812,0.906,0.846,0.852,0.868,0.825,0.93
24,A1_1,0.877,1.0,0.885,0.782,0.942,0.916,0.858,0.769,0.755,0.776,0.831,0.826,0.83,0.884,0.832,0.844
24,A1_2,0.865,0.885,1.0,0.752,0.878,0.91,0.902,0.681,0.661,0.824,0.777,0.8,0.749,0.742,0.873,0.785
24,A1_3,0.789,0.782,0.752,1.0,0.853,0.803,0.656,0.872,0.819,0.847,0.768,0.723,0.89,0.78,0.799,0.818
24,B1_1,0.888,0.942,0.878,0.853,1.0,0.915,0.842,0.793,0.746,0.801,0.793,0.825,0.868,0.873,0.86,0.898
24,B1_2,0.905,0.916,0.91,0.803,0.915,1.0,0.884,0.764,0.754,0.755,0.817,0.746,0.863,0.851,0.86,0.845
24,B1_3,0.807,0.858,0.902,0.656,0.842,0.884,1.0,0.624,0.604,0.722,0.788,0.811,0.692,0.746,0.858,0.722
24,A2_1,0.853,0.769,0.681,0.872,0.793,0.764,0.624,1.0,0.911,0.857,0.87,0.794,0.898,0.862,0.722,0.914
24,A2_2,0.772,0.755,0.661,0.819,0.746,0.754,0.604,0.911,1.0,0.872,0.849,0.71,0.943,0.85,0.77,0.861
24,A2_3,0.812,0.776,0.824,0.847,0.801,0.755,0.722,0.857,0.872,1.0,0.892,0.885,0.878,0.79,0.842,0.865
24,B2_1,0.906,0.831,0.777,0.768,0.793,0.817,0.788,0.87,0.849,0.892,1.0,0.923,0.868,0.87,0.845,0.875
24,B2_2,0.846,0.826,0.8,0.723,0.825,0.746,0.811,0.794,0.71,0.885,0.923,1.0,0.768,0.796,0.832,0.842
24,B2_3,0.852,0.83,0.749,0.89,0.868,0.863,0.692,0.898,0.943,0.878,0.868,0.768,1.0,0.878,0.844,0.919
24,y1,0.868,0.884,0.742,0.78,0.873,0.851,0.746,0.862,0.85,0.79,0.87,0.796,0.878,1.0,0.803,0.903
24,y2,0.825,0.832,0.873,0.799,0.86,0.86,0.858,0.722,0.77,0.842,0.845,0.832,0.844,0.803,1.0,0.797
24,y3,0.93,0.844,0.785,0.818,0.898,0.845,0.722,0.914,0.861,0.865,0.875,0.842,0.919,0.903,0.797,1.0
25,.,1.0,0.878,0.868,0.794,0.89,0.906,0.811,0.855,0.775,0.817,0.909,0.849,0.855,0.871,0.827,0.931
