,,.,A1_1,A1_2,A1_3,B1_1,B1_2,B1_3,A2_1,A2_2,A2_3,B2_1,B2_2,B2_3,y1,y2,y3
1,.,1.0,0.12,-0.062,0.412,0.265,0.201,-0.517,-0.186,0.407,-0.112,-0.136,-0.511,0.24,0.248,-0.696,0.401
1,A1_1,0.12,1.0,-0.202,0.339,-0.217,0.256,0.312,-0.051,0.084,-0.535,0.122,0.091,0.355,-0.03,-0.555,0.439
1,A1_2,-0.062,-0.202,1.0,-0.121,-0.432,0.239,-0.0,-0.154,0.326,0.094,-0.342,0.358,-0.573,0.223,-0.156,0.552
1,A1_3,0.412,0.339,-0.121,1.0,-0.439,0.368,0.504,-0.128,-0.276,-0.233,-0.17,-0.504,0.564,-0.405,-0.492,0.317
1,B1_1,0.265,-0.217,-0.432,-0.439,1.0,-0.353,-0.615,-0.05,0.128,0.187,0.312,0.182,-0.097,0.265,0.172,-0.316
1,B1_2,0.201,0.256,0.239,0.368,-0.353,1.0,0.009,-0.474,-0.135,-0.016,-0.572,0.184,0.08,0.015,-0.317,0.331
1,B1_3,-0.517,0.312,-0.0,0.504,-0.615,0.009,1.0,0.046,-0.493,-0.049,0.125,0.055,0.25,-0.518,0.164,0.122
1,A2_1,-0.186,-0.051,-0.154,-0.128,-0.05,-0.474,0.046,1.0,0.064,-0.072,-0.068,-0.178,-0.122,-0.248,0.029,-0.256
1,A2_2,0.407,0.084,0.326,-0.276,0.128,-0.135,-0.493,0.064,1.0,0.087,0.214,-0.075,-0.372,0.577,-0.269,0.287
1,A2_3,-0.112,-0.535,0.094,-0.233,0.187,-0.016,-0.049,-0.072,0.087,1.0,-0.019,0.121,-0.262,-0.035,0.628,-0.105
1,B2_1,-0.136,0.122,-0.342,-0.17,0.312,-0.572,0.125,-0.068,0.214,-0.019,1.0,-0.014,0.245,0.093,0.356,-0.164
1,B2_2,-0.511,0.091,0.358,-0.504,0.182,0.184,0.055,-0.178,-0.075,0.121,-0.014,1.0,-0.511,0.158,0.275,0.124
1,B2_3,0.24,0.355,-0.573,0.564,-0.097,0.08,0.25,-0.122,-0.372,-0.262,0.245,-0.511,1.0,-0.624,-0.135,-0.125
1,y1,0.248,-0.03,0.223,-0.405,0.265,0.015,-0.518,-0.248,0.577,-0.035,0.093,0.158,-0.624,1.0,-0.183,0.289
1,y2,-0.696,-0.555,-0.156,-0.492,0.172,-0.317,0.164,0.029,-0.269,0.628,0.356,0.275,-0.135,-0.183,1.0,-0.607
1,y3,0.401,0.439,0.552,0.317,-0.316,0.331,0.122,-0.256,0.287,-0.105,-0.164,0.124,-0.125,0.289,-0.607,1.0
2,.,1.0,0.118,-0.062,0.41,0.266,0.203,-0.518,-0.181,0.406,-0.111,-0.138,-0.511,0.24,0.245,-0.695,0.4
2,A1_1,0.118,1.0,-0.202,0.339,-0.215,0.259,0.313,-0.051,0.084,-0.535,0.124,0.093,0.356,-0.03,-0.555,0.438
2,A1_2,-0.062,-0.202,1.0,-0.122,-0.434,0.237,-0.003,-0.155,0.326,0.094,-0.343,0.356,-0.574,0.225,-0.155,0.553
2,A1_3,0.41,0.339,-0.122,1.0,-0.437,0.372,0.505,-0.13,-0.276,-0.233,-0.168,-0.503,0.565,-0.405,-0.492,0.317
2,B1_1,0.266,-0.215,-0.434,-0.437,1.0,-0.354,-0.612,-0.049,0.127,0.185,0.312,0.181,-0.095,0.264,0.17,-0.317
2,B1_2,0.203,0.259,0.237,0.372,-0.354,1.0,0.009,-0.474,-0.135,-0.018,-0.572,0.18,0.08,0.015,-0.319,0.332
2,B1_3,-0.518,0.313,-0.003,0.505,-0.612,0.009,1.0,0.046,-0.493,-0.051,0.126,0.054,0.252,-0.518,0.162,0.121
2,A2_1,-0.181,-0.051,-0.155,-0.13,-0.049,-0.474,0.046,1.0,0.063,-0.073,-0.067,-0.177,-0.122,-0.248,0.029,-0.256
2,A2_2,0.406,0.084,0.326,-0.276,0.127,-0.135,-0.493,0.063,1.0,0.087,0.214,-0.075,-0.372,0.577,-0.268,0.288
2,A2_3,-0.111,-0.535,0.094,-0.233,0.185,-0.018,-0.051,-0.073,0.087,1.0,-0.02,0.12,-0.263,-0.034,0.628,-0.105
2,B2_1,-0.138,0.124,-0.343,-0.168,0.312,-0.572,0.126,-0.067,0.214,-0.02,1.0,-0.015,0.246,0.092,0.354,-0.165
2,B2_2,-0.511,0.093,0.356,-0.503,0.181,0.18,0.054,-0.177,-0.075,0.12,-0.015,1.0,-0.511,0.158,0.275,0.124
2,B2_3,0.24,0.356,-0.574,0.565,-0.095,0.08,0.252,-0.122,-0.372,-0.263,0.246,-0.511,1.0,-0.625,-0.136,-0.126
2,y1,0.245,-0.03,0.225,-0.405,0.264,0.015,-0.518,-0.248,0.577,-0.034,0.092,0.158,-0.625,1.0,-0.182,0.289
2,y2,-0.695,-0.555,-0.155,-0.492,0.17,-0.319,0.162,0.029,-0.268,0.628,0.354,0.275,-0.136,-0.182,1.0,-0.607
2,y3,0.4,0.438,0.553,0.317,-0.317,0.332,0.121,-0.256,0.288,-0.105,-0.165,0.124,-0.126,0.289,-0.607,1.0
3,.,1.0,0.116,-0.061,0.409,0.267,0.205,-0.519,-0.176,0.406,-0.109,-0.14,-0.51,0.24,0.242,-0.694,0.399
3,A1_1,0.116,1.0,-0.201,0.339,-0.213,0.262,0.315,-0.052,0.084,-0.535,0.126,0.096,0.357,-0.031,-0.556,0.437
3,A1_2,-0.061,-0.201,1.0,-0.122,-0.436,0.235,-0.005,-0.156,0.326,0.094,-0.344,0.355,-0.576,0.227,-0.154,0.555
3,A1_3,0.409,0.339,-0.122,1.0,-0.435,0.375,0.506,-0.131,-0.277,-0.234,-0.165,-0.501,0.566,-0.405,-0.493,0.317
3,B1_1,0.267,-0.213,-0.436,-0.435,1.0,-0.355,-0.609,-0.048,0.127,0.184,0.313,0.18,-0.093,0.263,0.168,-0.317
3,B1_2,0.205,0.262,0.235,0.375,-0.355,1.0,0.009,-0.475,-0.135,-0.02,-0.573,0.177,0.081,0.014,-0.322,0.332
3,B1_3,-0.519,0.315,-0.005,0.506,-0.609,0.009,1.0,0.047,-0.493,-0.052,0.129,0.055,0.254,-0.518,0.16,0.121
3,A2_1,-0.176,-0.052,-0.156,-0.131,-0.048,-0.475,0.047,1.0,0.062,-0.075,-0.067,-0.176,-0.122,-0.247,0.029,-0.256
3,A2_2,0.406,0.084,0.326,-0.277,0.127,-0.135,-0.493,0.062,1.0,0.087,0.213,-0.076,-0.372,0.578,-0.268,0.288
3,A2_3,-0.109,-0.535,0.094,-0.234,0.184,-0.02,-0.052,-0.075,0.087,1.0,-0.021,0.118,-0.264,-0.033,0.628,-0.104
3,B2_1,-0.14,0.126,-0.344,-0.165,0.313,-0.573,0.129,-0.067,0.213,-0.021,1.0,-0.015,0.248,0.091,0.352,-0.165
3,B2_2,-0.51,0.096,0.355,-0.501,0.18,0.177,0.055,-0.176,-0.076,0.118,-0.015,1.0,-0.511,0.158,0.274,0.124
3,B2_3,0.24,0.357,-0.576,0.566,-0.093,0.081,0.254,-0.122,-0.372,-0.264,0.248,-0.511,1.0,-0.625,-0.137,-0.127
3,y1,0.242,-0.031,0.227,-0.405,0.263,0.014,-0.518,-0.247,0.578,-0.033,0.091,0.158,-0.625,1.0,-0.181,0.288
3,y2,-0.694,-0.556,-0.154,-0.493,0.168,-0.322,0.16,0.029,-0.268,0.628,0.352,0.274,-0.137,-0.181,1.0,-0.606
3,y3,0.399,0.437,0.555,0.317,-0.317,0.332,0.121,-0.256,0.288,-0.104,-0.165,0.124,-0.127,0.288,-0.606,1.0
4,.,1.0,0.112,-0.06,0.406,0.268,0.208,-0.521,-0.172,0.406,-0.107,-0.142,-0.509,0.239,0.239,-0.692,0.397
4,A1_1,0.112,1.0,-0.201,0.339,-0.211,0.266,0.316,-0.053,0.085,-0.535,0.128,0.099,0.358,-0.032,-0.557,0.436
4,A1_2,-0.06,-0.201,1.0,-0.122,-0.438,0.232,-0.007,-0.156,0.326,0.095,-0.346,0.353,-0.577,0.228,-0.152,0.556
4,A1_3,0.406,0.339,-0.122,1.0,-0.433,0.379,0.507,-0.132,-0.277,-0.234,-0.163,-0.5,0.567,-0.405,-0.493,0.317
4,B1_1,0.268,-0.211,-0.438,-0.433,1.0,-0.356,-0.606,-0.048,0.126,0.182,0.314,0.18,-0.091,0.261,0.166,-0.317
4,B1_2,0.208,0.266,0.232,0.379,-0.356,1.0,0.01,-0.475,-0.136,-0.022,-0.573,0.173,0.083,0.014,-0.324,0.333
4,B1_3,-0.521,0.316,-0.007,0.507,-0.606,0.01,1.0,0.047,-0.493,-0.054,0.131,0.055,0.257,-0.518,0.158,0.12
4,A2_1,-0.172,-0.053,-0.156,-0.132,-0.048,-0.475,0.047,1.0,0.061,-0.076,-0.066,-0.175,-0.122,-0.247,0.028,-0.256
4,A2_2,0.406,0.085,0.326,-0.277,0.126,-0.136,-0.493,0.061,1.0,0.087,0.213,-0.076,-0.372,0.578,-0.268,0.289
4,A2_3,-0.107,-0.535,0.095,-0.234,0.182,-0.022,-0.054,-0.076,0.087,1.0,-0.022,0.117,-0.265,-0.032,0.628,-0.103
4,B2_1,-0.142,0.128,-0.346,-0.163,0.314,-0.573,0.131,-0.066,0.213,-0.022,1.0,-0.015,0.25,0.089,0.349,-0.166
4,B2_2,-0.509,0.099,0.353,-0.5,0.18,0.173,0.055,-0.175,-0.076,0.117,-0.015,1.0,-0.51,0.158,0.273,0.125
4,B2_3,0.239,0.358,-0.577,0.567,-0.091,0.083,0.257,-0.122,-0.372,-0.265,0.25,-0.51,1.0,-0.626,-0.139,-0.128
4,y1,0.239,-0.032,0.228,-0.405,0.261,0.014,-0.518,-0.247,0.578,-0.032,0.089,0.158,-0.626,1.0,-0.18,0.288
4,y2,-0.692,-0.557,-0.152,-0.493,0.166,-0.324,0.158,0.028,-0.268,0.628,0.349,0.273,-0.139,-0.18,1.0,-0.605
4,y3,0.397,0.436,0.556,0.317,-0.317,0.333,0.12,-0.256,0.289,-0.103,-0.166,0.125,-0.128,0.288,-0.605,1.0
5,.,1.0,0.108,-0.058,0.402,0.269,0.211,-0.524,-0.168,0.406,-0.103,-0.146,-0.508,0.238,0.237,-0.69,0.395
5,A1_1,0.108,1.0,-0.2,0.339,-0.209,0.271,0.318,-0.053,0.085,-0.535,0.13,0.102,0.36,-0.033,-0.558,0.435
5,A1_2,-0.058,-0.2,1.0,-0.122,-0.44,0.229,-0.01,-0.157,0.327,0.095,-0.347,0.351,-0.578,0.231,-0.15,0.558
5,A1_3,0.402,0.339,-0.122,1.0,-0.431,0.384,0.508,-0.133,-0.277,-0.234,-0.161,-0.498,0.567,-0.405,-0.494,0.317
5,B1_1,0.269,-0.209,-0.44,-0.431,1.0,-0.358,-0.602,-0.048,0.126,0.181,0.315,0.179,-0.089,0.26,0.164,-0.318
5,B1_2,0.211,0.271,0.229,0.384,-0.358,1.0,0.011,-0.475,-0.136,-0.024,-0.572,0.17,0.084,0.014,-0.326,0.335
5,B1_3,-0.524,0.318,-0.01,0.508,-0.602,0.011,1.0,0.047,-0.493,-0.056,0.134,0.056,0.26,-0.519,0.156,0.119
5,A2_1,-0.168,-0.053,-0.157,-0.133,-0.048,-0.475,0.047,1.0,0.06,-0.077,-0.066,-0.174,-0.122,-0.246,0.028,-0.255
5,A2_2,0.406,0.085,0.327,-0.277,0.126,-0.136,-0.493,0.06,1.0,0.087,0.212,-0.077,-0.372,0.579,-0.267,0.289
5,A2_3,-0.103,-0.535,0.095,-0.234,0.181,-0.024,-0.056,-0.077,0.087,1.0,-0.024,0.115,-0.266,-0.031,0.629,-0.102
5,B2_1,-0.146,0.13,-0.347,-0.161,0.315,-0.572,0.134,-0.066,0.212,-0.024,1.0,-0.014,0.253,0.087,0.347,-0.166
5,B2_2,-0.508,0.102,0.351,-0.498,0.179,0.17,0.056,-0.174,-0.077,0.115,-0.014,1.0,-0.509,0.158,0.272,0.126
5,B2_3,0.238,0.36,-0.578,0.567,-0.089,0.084,0.26,-0.122,-0.372,-0.266,0.253,-0.509,1.0,-0.627,-0.14,-0.129
5,y1,0.237,-0.033,0.231,-0.405,0.26,0.014,-0.519,-0.246,0.579,-0.031,0.087,0.158,-0.627,1.0,-0.179,0.288
5,y2,-0.69,-0.558,-0.15,-0.494,0.164,-0.326,0.156,0.028,-0.267,0.629,0.347,0.272,-0.14,-0.179,1.0,-0.604
5,y3,0.395,0.435,0.558,0.317,-0.318,0.335,0.119,-0.255,0.289,-0.102,-0.166,0.126,-0.129,0.288,-0.604,1.0
6,.,1.0,0.103,-0.056,0.398,0.269,0.214,-0.527,-0.162,0.406,-0.1,-0.15,-0.507,0.236,0.233,-0.687,0.393
6,A1_1,0.103,1.0,-0.199,0.339,-0.206,0.275,0.319,-0.054,0.085,-0.535,0.132,0.106,0.361,-0.034,-0.559,0.434
6,A1_2,-0.056,-0.199,1.0,-0.122,-0.442,0.226,-0.013,-0.158,0.327,0.095,-0.348,0.349,-0.579,0.233,-0.148,0.56
6,A1_3,0.398,0.339,-0.122,1.0,-0.428,0.388,0.509,-0.135,-0.277,-0.235,-0.159,-0.496,0.568,-0.406,-0.494,0.316
6,B1_1,0.269,-0.206,-0.442,-0.428,1.0,-0.358,-0.598,-0.048,0.125,0.179,0.316,0.179,-0.087,0.259,0.162,-0.318
6,B1_2,0.214,0.275,0.226,0.388,-0.358,1.0,0.012,-0.476,-0.137,-0.027,-0.571,0.167,0.086,0.014,-0.328,0.336
6,B1_3,-0.527,0.319,-0.013,0.509,-0.598,0.012,1.0,0.047,-0.493,-0.059,0.138,0.057,0.263,-0.519,0.153,0.118
6,A2_1,-0.162,-0.054,-0.158,-0.135,-0.048,-0.476,0.047,1.0,0.059,-0.078,-0.066,-0.173,-0.123,-0.246,0.028,-0.255
6,A2_2,0.406,0.085,0.327,-0.277,0.125,-0.137,-0.493,0.059,1.0,0.087,0.211,-0.077,-0.372,0.58,-0.266,0.29
6,A2_3,-0.1,-0.535,0.095,-0.235,0.179,-0.027,-0.059,-0.078,0.087,1.0,-0.025,0.113,-0.267,-0.029,0.629,-0.101
6,B2_1,-0.15,0.132,-0.348,-0.159,0.316,-0.571,0.138,-0.066,0.211,-0.025,1.0,-0.013,0.255,0.085,0.344,-0.167
6,B2_2,-0.507,0.106,0.349,-0.496,0.179,0.167,0.057,-0.173,-0.077,0.113,-0.013,1.0,-0.508,0.158,0.271,0.127
6,B2_3,0.236,0.361,-0.579,0.568,-0.087,0.086,0.263,-0.123,-0.372,-0.267,0.255,-0.508,1.0,-0.628,-0.142,-0.13
6,y1,0.233,-0.034,0.233,-0.406,0.259,0.014,-0.519,-0.246,0.58,-0.029,0.085,0.158,-0.628,1.0,-0.177,0.288
6,y2,-0.687,-0.559,-0.148,-0.494,0.162,-0.328,0.153,0.028,-0.266,0.629,0.344,0.271,-0.142,-0.177,1.0,-0.603
6,y3,0.393,0.434,0.56,0.316,-0.318,0.336,0.118,-0.255,0.29,-0.101,-0.167,0.127,-0.13,0.288,-0.603,1.0
7,.,1.0,0.096,-0.053,0.393,0.27,0.217,-0.532,-0.157,0.406,-0.095,-0.155,-0.506,0.232,0.231,-0.683,0.39
7,A1_1,0.096,1.0,-0.198,0.339,-0.204,0.281,0.321,-0.055,0.086,-0.535,0.135,0.109,0.362,-0.036,-0.56,0.432
7,A1_2,-0.053,-0.198,1.0,-0.122,-0.444,0.223,-0.016,-0.158,0.328,0.096,-0.349,0.347,-0.58,0.235,-0.146,0.563
7,A1_3,0.393,0.339,-0.122,1.0,-0.426,0.393,0.51,-0.136,-0.277,-0.235,-0.156,-0.494,0.569,-0.407,-0.495,0.316
7,B1_1,0.27,-0.204,-0.444,-0.426,1.0,-0.359,-0.594,-0.048,0.124,0.176,0.317,0.179,-0.084,0.257,0.16,-0.318
7,B1_2,0.217,0.281,0.223,0.393,-0.359,1.0,0.014,-0.477,-0.138,-0.03,-0.569,0.165,0.089,0.013,-0.33,0.337
7,B1_3,-0.532,0.321,-0.016,0.51,-0.594,0.014,1.0,0.047,-0.493,-0.061,0.141,0.059,0.266,-0.52,0.151,0.116
7,A2_1,-0.157,-0.055,-0.158,-0.136,-0.048,-0.477,0.047,1.0,0.059,-0.079,-0.066,-0.173,-0.124,-0.245,0.028,-0.254
7,A2_2,0.406,0.086,0.328,-0.277,0.124,-0.138,-0.493,0.059,1.0,0.088,0.209,-0.078,-0.373,0.58,-0.266,0.291
7,A2_3,-0.095,-0.535,0.096,-0.235,0.176,-0.03,-0.061,-0.079,0.088,1.0,-0.027,0.111,-0.268,-0.028,0.63,-0.099
7,B2_1,-0.155,0.135,-0.349,-0.156,0.317,-0.569,0.141,-0.066,0.209,-0.027,1.0,-0.012,0.258,0.082,0.34,-0.168
7,B2_2,-0.506,0.109,0.347,-0.494,0.179,0.165,0.059,-0.173,-0.078,0.111,-0.012,1.0,-0.505,0.158,0.269,0.128
7,B2_3,0.232,0.362,-0.58,0.569,-0.084,0.089,0.266,-0.124,-0.373,-0.268,0.258,-0.505,1.0,-0.629,-0.144,-0.131
7,y1,0.231,-0.036,0.235,-0.407,0.257,0.013,-0.52,-0.245,0.58,-0.028,0.082,0.158,-0.629,1.0,-0.175,0.288
7,y2,-0.683,-0.56,-0.146,-0.495,0.16,-0.33,0.151,0.028,-0.266,0.63,0.34,0.269,-0.144,-0.175,1.0,-0.602
7,y3,0.39,0.432,0.563,0.316,-0.318,0.337,0.116,-0.254,0.291,-0.099,-0.168,0.128,-0.131,0.288,-0.602,1.0
8,.,1.0,0.088,-0.049,0.387,0.269,0.219,-0.538,-0.15,0.408,-0.088,-0.161,-0.505,0.227,0.229,-0.679,0.388
8,A1_1,0.088,1.0,-0.198,0.339,-0.201,0.286,0.323,-0.056,0.086,-0.534,0.137,0.113,0.364,-0.038,-0.562,0.43
8,A1_2,-0.049,-0.198,1.0,-0.122,-0.447,0.219,-0.019,-0.158,0.328,0.096,-0.351,0.344,-0.581,0.238,-0.144,0.565
8,A1_3,0.387,0.339,-0.122,1.0,-0.424,0.397,0.511,-0.137,-0.277,-0.235,-0.154,-0.491,0.57,-0.408,-0.496,0.315
8,B1_1,0.269,-0.201,-0.447,-0.424,1.0,-0.36,-0.589,-0.049,0.122,0.174,0.319,0.179,-0.081,0.255,0.158,-0.319
8,B1_2,0.219,0.286,0.219,0.397,-0.36,1.0,0.016,-0.477,-0.139,-0.033,-0.567,0.162,0.091,0.013,-0.332,0.338
8,B1_3,-0.538,0.323,-0.019,0.511,-0.589,0.016,1.0,0.046,-0.494,-0.063,0.145,0.06,0.27,-0.521,0.147,0.114
8,A2_1,-0.15,-0.056,-0.158,-0.137,-0.049,-0.477,0.046,1.0,0.058,-0.079,-0.066,-0.172,-0.124,-0.244,0.028,-0.253
8,A2_2,0.408,0.086,0.328,-0.277,0.122,-0.139,-0.494,0.058,1.0,0.088,0.208,-0.079,-0.374,0.581,-0.265,0.292
8,A2_3,-0.088,-0.534,0.096,-0.235,0.174,-0.033,-0.063,-0.079,0.088,1.0,-0.029,0.108,-0.269,-0.026,0.631,-0.097
8,B2_1,-0.161,0.137,-0.351,-0.154,0.319,-0.567,0.145,-0.066,0.208,-0.029,1.0,-0.01,0.261,0.079,0.337,-0.169
8,B2_2,-0.505,0.113,0.344,-0.491,0.179,0.162,0.06,-0.172,-0.079,0.108,-0.01,1.0,-0.503,0.158,0.268,0.129
8,B2_3,0.227,0.364,-0.581,0.57,-0.081,0.091,0.27,-0.124,-0.374,-0.269,0.261,-0.503,1.0,-0.63,-0.147,-0.133
8,y1,0.229,-0.038,0.238,-0.408,0.255,0.013,-0.521,-0.244,0.581,-0.026,0.079,0.158,-0.63,1.0,-0.173,0.288
8,y2,-0.679,-0.562,-0.144,-0.496,0.158,-0.332,0.147,0.028,-0.265,0.631,0.337,0.268,-0.147,-0.173,1.0,-0.601
8,y3,0.388,0.43,0.565,0.315,-0.319,0.338,0.114,-0.253,0.292,-0.097,-0.169,0.129,-0.133,0.288,-0.601,1.0
9,.,1.0,0.08,-0.045,0.38,0.269,0.221,-0.544,-0.143,0.409,-0.082,-0.168,-0.505,0.222,0.226,-0.674,0.385
9,A1_1,0.08,1.0,-0.197,0.339,-0.198,0.292,0.325,-0.056,0.086,-0.534,0.139,0.118,0.365,-0.04,-0.564,0.428
9,A1_2,-0.045,-0.197,1.0,-0.121,-0.449,0.216,-0.022,-0.159,0.329,0.097,-0.352,0.341,-0.582,0.241,-0.141,0.568
9,A1_3,0.38,0.339,-0.121,1.0,-0.422,0.402,0.512,-0.138,-0.277,-0.236,-0.152,-0.489,0.57,-0.408,-0.497,0.314
9,B1_1,0.269,-0.198,-0.449,-0.422,1.0,-0.36,-0.584,-0.049,0.121,0.172,0.321,0.179,-0.079,0.253,0.156,-0.319
9,B1_2,0.221,0.292,0.216,0.402,-0.36,1.0,0.019,-0.478,-0.14,-0.036,-0.564,0.16,0.094,0.012,-0.333,0.339
9,B1_3,-0.544,0.325,-0.022,0.512,-0.584,0.019,1.0,0.045,-0.494,-0.066,0.15,0.063,0.274,-0.522,0.144,0.112
9,A2_1,-0.143,-0.056,-0.159,-0.138,-0.049,-0.478,0.045,1.0,0.058,-0.08,-0.067,-0.172,-0.125,-0.243,0.027,-0.252
9,A2_2,0.409,0.086,0.329,-0.277,0.121,-0.14,-0.494,0.058,1.0,0.088,0.206,-0.08,-0.374,0.581,-0.264,0.294
9,A2_3,-0.082,-0.534,0.097,-0.236,0.172,-0.036,-0.066,-0.08,0.088,1.0,-0.031,0.106,-0.27,-0.024,0.631,-0.096
9,B2_1,-0.168,0.139,-0.352,-0.152,0.321,-0.564,0.15,-0.067,0.206,-0.031,1.0,-0.008,0.264,0.076,0.333,-0.171
9,B2_2,-0.505,0.118,0.341,-0.489,0.179,0.16,0.063,-0.172,-0.08,0.106,-0.008,1.0,-0.5,0.157,0.267,0.129
9,B2_3,0.222,0.365,-0.582,0.57,-0.079,0.094,0.274,-0.125,-0.374,-0.27,0.264,-0.5,1.0,-0.632,-0.149,-0.135
9,y1,0.226,-0.04,0.241,-0.408,0.253,0.012,-0.522,-0.243,0.581,-0.024,0.076,0.157,-0.632,1.0,-0.171,0.288
9,y2,-0.674,-0.564,-0.141,-0.497,0.156,-0.333,0.144,0.027,-0.264,0.631,0.333,0.267,-0.149,-0.171,1.0,-0.6
9,y3,0.385,0.428,0.568,0.314,-0.319,0.339,0.112,-0.252,0.294,-0.096,-0.171,0.129,-0.135,0.288,-0.6,1.0
10,.,1.0,0.07,-0.039,0.373,0.267,0.222,-0.551,-0.136,0.41,-0.075,-0.176,-0.504,0.215,0.225,-0.668,0.382
10,A1_1,0.07,1.0,-0.196,0.338,-0.195,0.297,0.327,-0.057,0.087,-0.534,0.142,0.122,0.366,-0.042,-0.567,0.426
10,A1_2,-0.039,-0.196,1.0,-0.121,-0.452,0.212,-0.025,-0.159,0.33,0.097,-0.354,0.338,-0.583,0.244,-0.138,0.571
10,A1_3,0.373,0.338,-0.121,1.0,-0.42,0.407,0.513,-0.14,-0.277,-0.236,-0.15,-0.486,0.571,-0.41,-0.499,0.313
10,B1_1,0.267,-0.195,-0.452,-0.42,1.0,-0.361,-0.578,-0.05,0.119,0.169,0.322,0.179,-0.076,0.25,0.153,-0.32
10,B1_2,0.222,0.297,0.212,0.407,-0.361,1.0,0.022,-0.479,-0.142,-0.039,-0.561,0.158,0.097,0.011,-0.335,0.34
10,B1_3,-0.551,0.327,-0.025,0.513,-0.578,0.022,1.0,0.045,-0.494,-0.068,0.154,0.065,0.278,-0.524,0.141,0.11
10,A2_1,-0.136,-0.057,-0.159,-0.14,-0.05,-0.479,0.045,1.0,0.057,-0.081,-0.067,-0.172,-0.126,-0.242,0.027,-0.251
10,A2_2,0.41,0.087,0.33,-0.277,0.119,-0.142,-0.494,0.057,1.0,0.089,0.204,-0.081,-0.375,0.582,-0.262,0.295
10,A2_3,-0.075,-0.534,0.097,-0.236,0.169,-0.039,-0.068,-0.081,0.089,1.0,-0.033,0.103,-0.272,-0.021,0.632,-0.094
10,B2_1,-0.176,0.142,-0.354,-0.15,0.322,-0.561,0.154,-0.067,0.204,-0.033,1.0,-0.005,0.268,0.073,0.329,-0.172
10,B2_2,-0.504,0.122,0.338,-0.486,0.179,0.158,0.065,-0.172,-0.081,0.103,-0.005,1.0,-0.496,0.156,0.265,0.13
10,B2_3,0.215,0.366,-0.583,0.571,-0.076,0.097,0.278,-0.126,-0.375,-0.272,0.268,-0.496,1.0,-0.633,-0.151,-0.137
10,y1,0.225,-0.042,0.244,-0.41,0.25,0.011,-0.524,-0.242,0.582,-0.021,0.073,0.156,-0.633,1.0,-0.169,0.288
10,y2,-0.668,-0.567,-0.138,-0.499,0.153,-0.335,0.141,0.027,-0.262,0.632,0.329,0.265,-0.151,-0.169,1.0,-0.599
10,y3,0.382,0.426,0.571,0.313,-0.32,0.34,0.11,-0.251,0.295,-0.094,-0.172,0.13,-0.137,0.288,-0.599,1.0
11,.,1.0,0.06,-0.033,0.365,0.265,0.223,-0.558,-0.128,0.413,-0.067,-0.185,-0.503,0.206,0.224,-0.661,0.379
11,A1_1,0.06,1.0,-0.195,0.338,-0.192,0.303,0.329,-0.058,0.087,-0.534,0.144,0.126,0.368,-0.044,-0.569,0.423
11,A1_2,-0.033,-0.195,1.0,-0.121,-0.454,0.208,-0.028,-0.159,0.33,0.098,-0.355,0.335,-0.584,0.247,-0.135,0.574
11,A1_3,0.365,0.338,-0.121,1.0,-0.417,0.412,0.513,-0.141,-0.277,-0.236,-0.148,-0.484,0.571,-0.411,-0.5,0.311
11,B1_1,0.265,-0.192,-0.454,-0.417,1.0,-0.361,-0.572,-0.051,0.117,0.166,0.324,0.18,-0.072,0.248,0.151,-0.32
11,B1_2,0.223,0.303,0.208,0.412,-0.361,1.0,0.025,-0.48,-0.144,-0.042,-0.557,0.156,0.101,0.01,-0.336,0.341
11,B1_3,-0.558,0.329,-0.028,0.513,-0.572,0.025,1.0,0.044,-0.495,-0.071,0.159,0.068,0.283,-0.525,0.137,0.107
11,A2_1,-0.128,-0.058,-0.159,-0.141,-0.051,-0.48,0.044,1.0,0.057,-0.082,-0.068,-0.172,-0.127,-0.241,0.027,-0.249
11,A2_2,0.413,0.087,0.33,-0.277,0.117,-0.144,-0.495,0.057,1.0,0.089,0.202,-0.082,-0.376,0.583,-0.261,0.297
11,A2_3,-0.067,-0.534,0.098,-0.236,0.166,-0.042,-0.071,-0.082,0.089,1.0,-0.035,0.1,-0.273,-0.019,0.633,-0.091
11,B2_1,-0.185,0.144,-0.355,-0.148,0.324,-0.557,0.159,-0.068,0.202,-0.035,1.0,-0.002,0.271,0.069,0.325,-0.174
11,B2_2,-0.503,0.126,0.335,-0.484,0.18,0.156,0.068,-0.172,-0.082,0.1,-0.002,1.0,-0.492,0.155,0.264,0.13
11,B2_3,0.206,0.368,-0.584,0.571,-0.072,0.101,0.283,-0.127,-0.376,-0.273,0.271,-0.492,1.0,-0.635,-0.154,-0.14
11,y1,0.224,-0.044,0.247,-0.411,0.248,0.01,-0.525,-0.241,0.583,-0.019,0.069,0.155,-0.635,1.0,-0.166,0.289
11,y2,-0.661,-0.569,-0.135,-0.5,0.151,-0.336,0.137,0.027,-0.261,0.633,0.325,0.264,-0.154,-0.166,1.0,-0.597
11,y3,0.379,0.423,0.574,0.311,-0.32,0.341,0.107,-0.249,0.297,-0.091,-0.174,0.13,-0.14,0.289,-0.597,1.0
12,.,1.0,0.049,-0.026,0.356,0.262,0.224,-0.566,-0.12,0.415,-0.059,-0.194,-0.502,0.197,0.224,-0.654,0.376
12,A1_1,0.049,1.0,-0.194,0.338,-0.189,0.31,0.331,-0.058,0.088,-0.534,0.146,0.131,0.369,-0.047,-0.572,0.42
12,A1_2,-0.026,-0.194,1.0,-0.12,-0.457,0.203,-0.032,-0.159,0.331,0.099,-0.357,0.331,-0.585,0.25,-0.132,0.578
12,A1_3,0.356,0.338,-0.12,1.0,-0.415,0.417,0.514,-0.142,-0.277,-0.236,-0.145,-0.481,0.571,-0.412,-0.502,0.31
12,B1_1,0.262,-0.189,-0.457,-0.415,1.0,-0.361,-0.566,-0.052,0.114,0.163,0.326,0.181,-0.069,0.245,0.149,-0.321
12,B1_2,0.224,0.31,0.203,0.417,-0.361,1.0,0.029,-0.481,-0.146,-0.045,-0.553,0.154,0.105,0.009,-0.337,0.342
12,B1_3,-0.566,0.331,-0.032,0.514,-0.566,0.029,1.0,0.042,-0.495,-0.073,0.164,0.071,0.287,-0.527,0.133,0.104
12,A2_1,-0.12,-0.058,-0.159,-0.142,-0.052,-0.481,0.042,1.0,0.057,-0.082,-0.069,-0.172,-0.129,-0.239,0.027,-0.248
12,A2_2,0.415,0.088,0.331,-0.277,0.114,-0.146,-0.495,0.057,1.0,0.089,0.199,-0.084,-0.378,0.584,-0.259,0.299
12,A2_3,-0.059,-0.534,0.099,-0.236,0.163,-0.045,-0.073,-0.082,0.089,1.0,-0.038,0.097,-0.275,-0.016,0.634,-0.089
12,B2_1,-0.194,0.146,-0.357,-0.145,0.326,-0.553,0.164,-0.069,0.199,-0.038,1.0,0.001,0.275,0.064,0.321,-0.176
12,B2_2,-0.502,0.131,0.331,-0.481,0.181,0.154,0.071,-0.172,-0.084,0.097,0.001,1.0,-0.487,0.154,0.262,0.13
12,B2_3,0.197,0.369,-0.585,0.571,-0.069,0.105,0.287,-0.129,-0.378,-0.275,0.275,-0.487,1.0,-0.637,-0.156,-0.143
12,y1,0.224,-0.047,0.25,-0.412,0.245,0.009,-0.527,-0.239,0.584,-0.016,0.064,0.154,-0.637,1.0,-0.163,0.29
12,y2,-0.654,-0.572,-0.132,-0.502,0.149,-0.337,0.133,0.027,-0.259,0.634,0.321,0.262,-0.156,-0.163,1.0,-0.596
12,y3,0.376,0.42,0.578,0.31,-0.321,0.342,0.104,-0.248,0.299,-0.089,-0.176,0.13,-0.143,0.29,-0.596,1.0
13,.,1.0,0.037,-0.019,0.346,0.259,0.222,-0.575,-0.111,0.418,-0.05,-0.204,-0.502,0.187,0.223,-0.646,0.373
13,A1_1,0.037,1.0,-0.192,0.337,-0.186,0.317,0.333,-0.059,0.088,-0.534,0.149,0.136,0.37,-0.05,-0.575,0.417
13,A1_2,-0.019,-0.192,1.0,-0.12,-0.46,0.199,-0.035,-0.159,0.332,0.1,-0.358,0.327,-0.587,0.254,-0.128,0.581
13,A1_3,0.346,0.337,-0.12,1.0,-0.413,0.423,0.514,-0.143,-0.276,-0.236,-0.143,-0.478,0.571,-0.413,-0.503,0.309
13,B1_1,0.259,-0.186,-0.46,-0.413,1.0,-0.361,-0.559,-0.053,0.112,0.16,0.328,0.182,-0.065,0.241,0.147,-0.322
13,B1_2,0.222,0.317,0.199,0.423,-0.361,1.0,0.033,-0.483,-0.148,-0.049,-0.548,0.153,0.109,0.007,-0.338,0.342
13,B1_3,-0.575,0.333,-0.035,0.514,-0.559,0.033,1.0,0.041,-0.496,-0.076,0.169,0.075,0.293,-0.529,0.129,0.1
13,A2_1,-0.111,-0.059,-0.159,-0.143,-0.053,-0.483,0.041,1.0,0.057,-0.083,-0.07,-0.172,-0.13,-0.238,0.027,-0.247
13,A2_2,0.418,0.088,0.332,-0.276,0.112,-0.148,-0.496,0.057,1.0,0.09,0.197,-0.086,-0.379,0.584,-0.258,0.301
13,A2_3,-0.05,-0.534,0.1,-0.236,0.16,-0.049,-0.076,-0.083,0.09,1.0,-0.04,0.094,-0.276,-0.014,0.635,-0.086
13,B2_1,-0.204,0.149,-0.358,-0.143,0.328,-0.548,0.169,-0.07,0.197,-0.04,1.0,0.004,0.279,0.06,0.316,-0.179
13,B2_2,-0.502,0.136,0.327,-0.478,0.182,0.153,0.075,-0.172,-0.086,0.094,0.004,1.0,-0.482,0.152,0.261,0.13
13,B2_3,0.187,0.37,-0.587,0.571,-0.065,0.109,0.293,-0.13,-0.379,-0.276,0.279,-0.482,1.0,-0.639,-0.159,-0.146
13,y1,0.223,-0.05,0.254,-0.413,0.241,0.007,-0.529,-0.238,0.584,-0.014,0.06,0.152,-0.639,1.0,-0.16,0.29
13,y2,-0.646,-0.575,-0.128,-0.503,0.147,-0.338,0.129,0.027,-0.258,0.635,0.316,0.261,-0.159,-0.16,1.0,-0.594
13,y3,0.373,0.417,0.581,0.309,-0.322,0.342,0.1,-0.247,0.301,-0.086,-0.179,0.13,-0.146,0.29,-0.594,1.0
14,.,1.0,0.025,-0.011,0.336,0.254,0.22,-0.583,-0.101,0.42,-0.042,-0.215,-0.502,0.175,0.224,-0.637,0.371
14,A1_1,0.025,1.0,-0.191,0.336,-0.182,0.324,0.335,-0.06,0.089,-0.534,0.151,0.141,0.372,-0.053,-0.578,0.414
14,A1_2,-0.011,-0.191,1.0,-0.119,-0.463,0.193,-0.039,-0.158,0.333,0.101,-0.36,0.323,-0.588,0.258,-0.125,0.585
14,A1_3,0.336,0.336,-0.119,1.0,-0.41,0.428,0.515,-0.144,-0.276,-0.236,-0.141,-0.475,0.572,-0.414,-0.505,0.307
14,B1_1,0.254,-0.182,-0.463,-0.41,1.0,-0.36,-0.552,-0.054,0.109,0.157,0.331,0.183,-0.061,0.238,0.145,-0.323
14,B1_2,0.22,0.324,0.193,0.428,-0.36,1.0,0.038,-0.484,-0.151,-0.053,-0.543,0.152,0.113,0.005,-0.34,0.342
14,B1_3,-0.583,0.335,-0.039,0.515,-0.552,0.038,1.0,0.04,-0.497,-0.079,0.175,0.079,0.298,-0.531,0.125,0.097
14,A2_1,-0.101,-0.06,-0.158,-0.144,-0.054,-0.484,0.04,1.0,0.057,-0.084,-0.071,-0.172,-0.131,-0.236,0.026,-0.245
14,A2_2,0.42,0.089,0.333,-0.276,0.109,-0.151,-0.497,0.057,1.0,0.091,0.193,-0.088,-0.38,0.585,-0.256,0.303
14,A2_3,-0.042,-0.534,0.101,-0.236,0.157,-0.053,-0.079,-0.084,0.091,1.0,-0.043,0.091,-0.278,-0.011,0.637,-0.084
14,B2_1,-0.215,0.151,-0.36,-0.141,0.331,-0.543,0.175,-0.071,0.193,-0.043,1.0,0.008,0.283,0.054,0.312,-0.181
14,B2_2,-0.502,0.141,0.323,-0.475,0.183,0.152,0.079,-0.172,-0.088,0.091,0.008,1.0,-0.476,0.15,0.259,0.13
14,B2_3,0.175,0.372,-0.588,0.572,-0.061,0.113,0.298,-0.131,-0.38,-0.278,0.283,-0.476,1.0,-0.642,-0.162,-0.149
14,y1,0.224,-0.053,0.258,-0.414,0.238,0.005,-0.531,-0.236,0.585,-0.011,0.054,0.15,-0.642,1.0,-0.156,0.291
14,y2,-0.637,-0.578,-0.125,-0.505,0.145,-0.34,0.125,0.026,-0.256,0.637,0.312,0.259,-0.162,-0.156,1.0,-0.592
14,y3,0.371,0.414,0.585,0.307,-0.323,0.342,0.097,-0.245,0.303,-0.084,-0.181,0.13,-0.149,0.291,-0.592,1.0
15,.,1.0,0.013,-0.003,0.325,0.249,0.217,-0.592,-0.091,0.424,-0.032,-0.226,-0.503,0.162,0.225,-0.627,0.368
15,A1_1,0.013,1.0,-0.19,0.336,-0.179,0.331,0.337,-0.06,0.09,-0.533,0.154,0.146,0.373,-0.056,-0.582,0.411
15,A1_2,-0.003,-0.19,1.0,-0.118,-0.467,0.188,-0.043,-0.158,0.334,0.102,-0.362,0.318,-0.589,0.262,-0.121,0.589
15,A1_3,0.325,0.336,-0.118,1.0,-0.408,0.434,0.515,-0.145,-0.276,-0.236,-0.139,-0.472,0.572,-0.415,-0.507,0.305
15,B1_1,0.249,-0.179,-0.467,-0.408,1.0,-0.36,-0.544,-0.055,0.106,0.154,0.333,0.184,-0.057,0.233,0.142,-0.324
15,B1_2,0.217,0.331,0.188,0.434,-0.36,1.0,0.044,-0.485,-0.155,-0.057,-0.537,0.151,0.119,0.002,-0.341,0.341
15,B1_3,-0.592,0.337,-0.043,0.515,-0.544,0.044,1.0,0.038,-0.498,-0.082,0.181,0.083,0.304,-0.534,0.12,0.092
15,A2_1,-0.091,-0.06,-0.158,-0.145,-0.055,-0.485,0.038,1.0,0.057,-0.084,-0.072,-0.172,-0.133,-0.234,0.026,-0.243
15,A2_2,0.424,0.09,0.334,-0.276,0.106,-0.155,-0.498,0.057,1.0,0.091,0.19,-0.09,-0.382,0.587,-0.254,0.306
15,A2_3,-0.032,-0.533,0.102,-0.236,0.154,-0.057,-0.082,-0.084,0.091,1.0,-0.046,0.087,-0.28,-0.008,0.638,-0.081
15,B2_1,-0.226,0.154,-0.362,-0.139,0.333,-0.537,0.181,-0.072,0.19,-0.046,1.0,0.012,0.288,0.049,0.307,-0.184
15,B2_2,-0.503,0.146,0.318,-0.472,0.184,0.151,0.083,-0.172,-0.09,0.087,0.012,1.0,-0.469,0.147,0.257,0.129
15,B2_3,0.162,0.373,-0.589,0.572,-0.057,0.119,0.304,-0.133,-0.382,-0.28,0.288,-0.469,1.0,-0.644,-0.165,-0.153
15,y1,0.225,-0.056,0.262,-0.415,0.233,0.002,-0.534,-0.234,0.587,-0.008,0.049,0.147,-0.644,1.0,-0.153,0.293
15,y2,-0.627,-0.582,-0.121,-0.507,0.142,-0.341,0.12,0.026,-0.254,0.638,0.307,0.257,-0.165,-0.153,1.0,-0.59
15,y3,0.368,0.411,0.589,0.305,-0.324,0.341,0.092,-0.243,0.306,-0.081,-0.184,0.129,-0.153,0.293,-0.59,1.0
16,.,1.0,0.0,0.007,0.315,0.243,0.213,-0.601,-0.08,0.427,-0.023,-0.238,-0.503,0.148,0.226,-0.617,0.367
16,A1_1,0.0,1.0,-0.188,0.335,-0.175,0.339,0.338,-0.061,0.09,-0.533,0.156,0.151,0.374,-0.059,-0.585,0.407
16,A1_2,0.007,-0.188,1.0,-0.117,-0.47,0.182,-0.047,-0.158,0.336,0.103,-0.364,0.313,-0.59,0.266,-0.117,0.593
16,A1_3,0.315,0.335,-0.117,1.0,-0.405,0.439,0.515,-0.146,-0.275,-0.236,-0.137,-0.468,0.571,-0.416,-0.509,0.304
16,B1_1,0.243,-0.175,-0.47,-0.405,1.0,-0.359,-0.535,-0.057,0.102,0.15,0.336,0.186,-0.052,0.229,0.14,-0.326
16,B1_2,0.213,0.339,0.182,0.439,-0.359,1.0,0.05,-0.487,-0.158,-0.061,-0.531,0.151,0.124,-0.001,-0.341,0.341
16,B1_3,-0.601,0.338,-0.047,0.515,-0.535,0.05,1.0,0.037,-0.499,-0.085,0.187,0.088,0.31,-0.537,0.115,0.087
16,A2_1,-0.08,-0.061,-0.158,-0.146,-0.057,-0.487,0.037,1.0,0.057,-0.084,-0.073,-0.172,-0.134,-0.232,0.026,-0.241
16,A2_2,0.427,0.09,0.336,-0.275,0.102,-0.158,-0.499,0.057,1.0,0.092,0.186,-0.093,-0.384,0.588,-0.252,0.309
16,A2_3,-0.023,-0.533,0.103,-0.236,0.15,-0.061,-0.085,-0.084,0.092,1.0,-0.049,0.084,-0.281,-0.004,0.64,-0.078
16,B2_1,-0.238,0.156,-0.364,-0.137,0.336,-0.531,0.187,-0.073,0.186,-0.049,1.0,0.017,0.293,0.043,0.301,-0.188
16,B2_2,-0.503,0.151,0.313,-0.468,0.186,0.151,0.088,-0.172,-0.093,0.084,0.017,1.0,-0.462,0.143,0.255,0.128
16,B2_3,0.148,0.374,-0.59,0.571,-0.052,0.124,0.31,-0.134,-0.384,-0.281,0.293,-0.462,1.0,-0.647,-0.168,-0.157
16,y1,0.226,-0.059,0.266,-0.416,0.229,-0.001,-0.537,-0.232,0.588,-0.004,0.043,0.143,-0.647,1.0,-0.149,0.294
16,y2,-0.617,-0.585,-0.117,-0.509,0.14,-0.341,0.115,0.026,-0.252,0.64,0.301,0.255,-0.168,-0.149,1.0,-0.587
16,y3,0.367,0.407,0.593,0.304,-0.326,0.341,0.087,-0.241,0.309,-0.078,-0.188,0.128,-0.157,0.294,-0.587,1.0
17,.,1.0,-0.012,0.016,0.304,0.235,0.207,-0.61,-0.07,0.431,-0.013,-0.25,-0.504,0.133,0.229,-0.606,0.365
17,A1_1,-0.012,1.0,-0.187,0.334,-0.171,0.347,0.34,-0.061,0.091,-0.533,0.159,0.156,0.376,-0.062,-0.59,0.403
17,A1_2,0.016,-0.187,1.0,-0.117,-0.474,0.175,-0.052,-0.157,0.337,0.104,-0.366,0.308,-0.592,0.27,-0.112,0.597
17,A1_3,0.304,0.334,-0.117,1.0,-0.403,0.445,0.515,-0.147,-0.275,-0.236,-0.135,-0.465,0.571,-0.417,-0.511,0.302
17,B1_1,0.235,-0.171,-0.474,-0.403,1.0,-0.357,-0.526,-0.058,0.098,0.146,0.339,0.188,-0.047,0.224,0.138,-0.327
17,B1_2,0.207,0.347,0.175,0.445,-0.357,1.0,0.056,-0.489,-0.163,-0.066,-0.523,0.151,0.13,-0.005,-0.342,0.339
17,B1_3,-0.61,0.34,-0.052,0.515,-0.526,0.056,1.0,0.035,-0.5,-0.088,0.194,0.094,0.317,-0.54,0.11,0.082
17,A2_1,-0.07,-0.061,-0.157,-0.147,-0.058,-0.489,0.035,1.0,0.057,-0.085,-0.075,-0.173,-0.136,-0.23,0.026,-0.239
17,A2_2,0.431,0.091,0.337,-0.275,0.098,-0.163,-0.5,0.057,1.0,0.093,0.182,-0.096,-0.386,0.589,-0.249,0.311
17,A2_3,-0.013,-0.533,0.104,-0.236,0.146,-0.066,-0.088,-0.085,0.093,1.0,-0.052,0.08,-0.283,-0.001,0.641,-0.075
17,B2_1,-0.25,0.159,-0.366,-0.135,0.339,-0.523,0.194,-0.075,0.182,-0.052,1.0,0.023,0.298,0.036,0.296,-0.191
17,B2_2,-0.504,0.156,0.308,-0.465,0.188,0.151,0.094,-0.173,-0.096,0.08,0.023,1.0,-0.454,0.14,0.253,0.126
17,B2_3,0.133,0.376,-0.592,0.571,-0.047,0.13,0.317,-0.136,-0.386,-0.283,0.298,-0.454,1.0,-0.65,-0.172,-0.162
17,y1,0.229,-0.062,0.27,-0.417,0.224,-0.005,-0.54,-0.23,0.589,-0.001,0.036,0.14,-0.65,1.0,-0.144,0.296
17,y2,-0.606,-0.59,-0.112,-0.511,0.138,-0.342,0.11,0.026,-0.249,0.641,0.296,0.253,-0.172,-0.144,1.0,-0.585
17,y3,0.365,0.403,0.597,0.302,-0.327,0.339,0.082,-0.239,0.311,-0.075,-0.191,0.126,-0.162,0.296,-0.585,1.0
18,.,1.0,-0.025,0.026,0.293,0.226,0.2,-0.619,-0.059,0.435,-0.004,-0.262,-0.506,0.117,0.232,-0.595,0.364
18,A1_1,-0.025,1.0,-0.185,0.333,-0.167,0.355,0.342,-0.062,0.092,-0.533,0.161,0.162,0.377,-0.066,-0.594,0.399
18,A1_2,0.026,-0.185,1.0,-0.115,-0.478,0.168,-0.056,-0.156,0.338,0.105,-0.369,0.302,-0.593,0.274,-0.108,0.601
18,A1_3,0.293,0.333,-0.115,1.0,-0.4,0.451,0.515,-0.148,-0.274,-0.236,-0.133,-0.461,0.57,-0.418,-0.514,0.3
18,B1_1,0.226,-0.167,-0.478,-0.4,1.0,-0.355,-0.516,-0.06,0.093,0.142,0.343,0.191,-0.041,0.218,0.135,-0.329
18,B1_2,0.2,0.355,0.168,0.451,-0.355,1.0,0.064,-0.49,-0.168,-0.071,-0.515,0.152,0.137,-0.009,-0.343,0.337
18,B1_3,-0.619,0.342,-0.056,0.515,-0.516,0.064,1.0,0.033,-0.501,-0.092,0.201,0.1,0.324,-0.543,0.105,0.076
18,A2_1,-0.059,-0.062,-0.156,-0.148,-0.06,-0.49,0.033,1.0,0.058,-0.085,-0.076,-0.173,-0.138,-0.228,0.026,-0.236
18,A2_2,0.435,0.092,0.338,-0.274,0.093,-0.168,-0.501,0.058,1.0,0.094,0.178,-0.1,-0.388,0.59,-0.246,0.315
18,A2_3,-0.004,-0.533,0.105,-0.236,0.142,-0.071,-0.092,-0.085,0.094,1.0,-0.055,0.075,-0.285,0.002,0.643,-0.071
18,B2_1,-0.262,0.161,-0.369,-0.133,0.343,-0.515,0.201,-0.076,0.178,-0.055,1.0,0.028,0.303,0.029,0.29,-0.195
18,B2_2,-0.506,0.162,0.302,-0.461,0.191,0.152,0.1,-0.173,-0.1,0.075,0.028,1.0,-0.445,0.135,0.25,0.124
18,B2_3,0.117,0.377,-0.593,0.57,-0.041,0.137,0.324,-0.138,-0.388,-0.285,0.303,-0.445,1.0,-0.653,-0.175,-0.166
18,y1,0.232,-0.066,0.274,-0.418,0.218,-0.009,-0.543,-0.228,0.59,0.002,0.029,0.135,-0.653,1.0,-0.14,0.299
18,y2,-0.595,-0.594,-0.108,-0.514,0.135,-0.343,0.105,0.026,-0.246,0.643,0.29,0.25,-0.175,-0.14,1.0,-0.582
18,y3,0.364,0.399,0.601,0.3,-0.329,0.337,0.076,-0.236,0.315,-0.071,-0.195,0.124,-0.166,0.299,-0.582,1.0
19,.,1.0,-0.037,0.037,0.283,0.216,0.192,-0.627,-0.048,0.439,0.005,-0.275,-0.508,0.1,0.235,-0.584,0.365
19,A1_1,-0.037,1.0,-0.183,0.332,-0.162,0.364,0.344,-0.063,0.093,-0.532,0.164,0.167,0.378,-0.069,-0.598,0.395
19,A1_2,0.037,-0.183,1.0,-0.114,-0.482,0.16,-0.061,-0.155,0.34,0.107,-0.371,0.296,-0.594,0.279,-0.103,0.606
19,A1_3,0.283,0.332,-0.114,1.0,-0.397,0.457,0.515,-0.149,-0.273,-0.236,-0.13,-0.457,0.57,-0.419,-0.516,0.298
19,B1_1,0.216,-0.162,-0.482,-0.397,1.0,-0.353,-0.505,-0.062,0.088,0.138,0.346,0.194,-0.035,0.211,0.133,-0.332
19,B1_2,0.192,0.364,0.16,0.457,-0.353,1.0,0.072,-0.492,-0.173,-0.076,-0.506,0.153,0.145,-0.014,-0.343,0.334
19,B1_3,-0.627,0.344,-0.061,0.515,-0.505,0.072,1.0,0.03,-0.503,-0.095,0.209,0.107,0.331,-0.547,0.099,0.07
19,A2_1,-0.048,-0.063,-0.155,-0.149,-0.062,-0.492,0.03,1.0,0.058,-0.085,-0.078,-0.174,-0.14,-0.225,0.025,-0.234
19,A2_2,0.439,0.093,0.34,-0.273,0.088,-0.173,-0.503,0.058,1.0,0.095,0.173,-0.104,-0.391,0.591,-0.243,0.318
19,A2_3,0.005,-0.532,0.107,-0.236,0.138,-0.076,-0.095,-0.085,0.095,1.0,-0.058,0.071,-0.287,0.006,0.645,-0.068
19,B2_1,-0.275,0.164,-0.371,-0.13,0.346,-0.506,0.209,-0.078,0.173,-0.058,1.0,0.035,0.309,0.022,0.284,-0.199
19,B2_2,-0.508,0.167,0.296,-0.457,0.194,0.153,0.107,-0.174,-0.104,0.071,0.035,1.0,-0.435,0.13,0.248,0.121
19,B2_3,0.1,0.378,-0.594,0.57,-0.035,0.145,0.331,-0.14,-0.391,-0.287,0.309,-0.435,1.0,-0.656,-0.179,-0.172
19,y1,0.235,-0.069,0.279,-0.419,0.211,-0.014,-0.547,-0.225,0.591,0.006,0.022,0.13,-0.656,1.0,-0.135,0.301
19,y2,-0.584,-0.598,-0.103,-0.516,0.133,-0.343,0.099,0.025,-0.243,0.645,0.284,0.248,-0.179,-0.135,1.0,-0.579
19,y3,0.365,0.395,0.606,0.298,-0.332,0.334,0.07,-0.234,0.318,-0.068,-0.199,0.121,-0.172,0.301,-0.579,1.0
20,.,1.0,-0.048,0.048,0.273,0.204,0.183,-0.635,-0.038,0.444,0.014,-0.288,-0.51,0.083,0.24,-0.572,0.365
20,A1_1,-0.048,1.0,-0.181,0.331,-0.158,0.373,0.346,-0.063,0.095,-0.532,0.166,0.173,0.379,-0.072,-0.603,0.391
20,A1_2,0.048,-0.181,1.0,-0.113,-0.487,0.152,-0.066,-0.154,0.341,0.108,-0.374,0.289,-0.596,0.284,-0.098,0.61
20,A1_3,0.273,0.331,-0.113,1.0,-0.394,0.463,0.514,-0.15,-0.272,-0.235,-0.128,-0.453,0.569,-0.419,-0.519,0.296
20,B1_1,0.204,-0.158,-0.487,-0.394,1.0,-0.35,-0.494,-0.064,0.083,0.133,0.35,0.197,-0.029,0.204,0.131,-0.334
20,B1_2,0.183,0.373,0.152,0.463,-0.35,1.0,0.082,-0.494,-0.179,-0.081,-0.495,0.155,0.153,-0.019,-0.344,0.331
20,B1_3,-0.635,0.346,-0.066,0.514,-0.494,0.082,1.0,0.028,-0.504,-0.099,0.217,0.114,0.339,-0.551,0.093,0.063
20,A2_1,-0.038,-0.063,-0.154,-0.15,-0.064,-0.494,0.028,1.0,0.059,-0.085,-0.08,-0.175,-0.142,-0.222,0.025,-0.231
20,A2_2,0.444,0.095,0.341,-0.272,0.083,-0.179,-0.504,0.059,1.0,0.096,0.168,-0.109,-0.394,0.593,-0.24,0.322
20,A2_3,0.014,-0.532,0.108,-0.235,0.133,-0.081,-0.099,-0.085,0.096,1.0,-0.062,0.066,-0.289,0.01,0.646,-0.064
20,B2_1,-0.288,0.166,-0.374,-0.128,0.35,-0.495,0.217,-0.08,0.168,-0.062,1.0,0.042,0.315,0.014,0.278,-0.203
20,B2_2,-0.51,0.173,0.289,-0.453,0.197,0.155,0.114,-0.175,-0.109,0.066,0.042,1.0,-0.424,0.124,0.245,0.118
20,B2_3,0.083,0.379,-0.596,0.569,-0.029,0.153,0.339,-0.142,-0.394,-0.289,0.315,-0.424,1.0,-0.66,-0.183,-0.177
20,y1,0.24,-0.072,0.284,-0.419,0.204,-0.019,-0.551,-0.222,0.593,0.01,0.014,0.124,-0.66,1.0,-0.13,0.304
20,y2,-0.572,-0.603,-0.098,-0.519,0.131,-0.344,0.093,0.025,-0.24,0.646,0.278,0.245,-0.183,-0.13,1.0,-0.575
20,y3,0.365,0.391,0.61,0.296,-0.334,0.331,0.063,-0.231,0.322,-0.064,-0.203,0.118,-0.177,0.304,-0.575,1.0
21,.,1.0,-0.059,0.06,0.263,0.192,0.171,-0.643,-0.027,0.448,0.023,-0.301,-0.513,0.065,0.244,-0.559,0.367
21,A1_1,-0.059,1.0,-0.179,0.33,-0.153,0.383,0.347,-0.064,0.096,-0.532,0.169,0.179,0.38,-0.076,-0.609,0.387
21,A1_2,0.06,-0.179,1.0,-0.111,-0.492,0.143,-0.072,-0.153,0.343,0.109,-0.376,0.281,-0.597,0.289,-0.093,0.615
21,A1_3,0.263,0.33,-0.111,1.0,-0.391,0.469,0.513,-0.151,-0.27,-0.235,-0.127,-0.449,0.568,-0.42,-0.522,0.294
21,B1_1,0.192,-0.153,-0.492,-0.391,1.0,-0.346,-0.481,-0.067,0.077,0.128,0.355,0.201,-0.021,0.196,0.128,-0.337
21,B1_2,0.171,0.383,0.143,0.469,-0.346,1.0,0.092,-0.496,-0.186,-0.087,-0.484,0.158,0.162,-0.026,-0.344,0.327
21,B1_3,-0.643,0.347,-0.072,0.513,-0.481,0.092,1.0,0.026,-0.506,-0.103,0.226,0.123,0.347,-0.555,0.087,0.056
21,A2_1,-0.027,-0.064,-0.153,-0.151,-0.067,-0.496,0.026,1.0,0.06,-0.085,-0.082,-0.176,-0.144,-0.22,0.025,-0.228
21,A2_2,0.448,0.096,0.343,-0.27,0.077,-0.186,-0.506,0.06,1.0,0.097,0.162,-0.113,-0.397,0.595,-0.237,0.326
21,A2_3,0.023,-0.532,0.109,-0.235,0.128,-0.087,-0.103,-0.085,0.097,1.0,-0.066,0.061,-0.291,0.014,0.649,-0.06
21,B2_1,-0.301,0.169,-0.376,-0.127,0.355,-0.484,0.226,-0.082,0.162,-0.066,1.0,0.05,0.322,0.005,0.271,-0.208
21,B2_2,-0.513,0.179,0.281,-0.449,0.201,0.158,0.123,-0.176,-0.113,0.061,0.05,1.0,-0.412,0.117,0.242,0.114
21,B2_3,0.065,0.38,-0.597,0.568,-0.021,0.162,0.347,-0.144,-0.397,-0.291,0.322,-0.412,1.0,-0.664,-0.187,-0.183
21,y1,0.244,-0.076,0.289,-0.42,0.196,-0.026,-0.555,-0.22,0.595,0.014,0.005,0.117,-0.664,1.0,-0.124,0.307
21,y2,-0.559,-0.609,-0.093,-0.522,0.128,-0.344,0.087,0.025,-0.237,0.649,0.271,0.242,-0.187,-0.124,1.0,-0.571
21,y3,0.367,0.387,0.615,0.294,-0.337,0.327,0.056,-0.228,0.326,-0.06,-0.208,0.114,-0.183,0.307,-0.571,1.0
22,.,1.0,-0.068,0.071,0.254,0.177,0.159,-0.651,-0.016,0.452,0.031,-0.314,-0.517,0.047,0.249,-0.547,0.369
22,A1_1,-0.068,1.0,-0.177,0.328,-0.148,0.393,0.348,-0.064,0.098,-0.531,0.171,0.186,0.381,-0.079,-0.615,0.383
22,A1_2,0.071,-0.177,1.0,-0.11,-0.497,0.133,-0.077,-0.152,0.344,0.111,-0.379,0.273,-0.599,0.295,-0.087,0.62
22,A1_3,0.254,0.328,-0.11,1.0,-0.388,0.476,0.512,-0.152,-0.269,-0.234,-0.125,-0.444,0.566,-0.42,-0.525,0.292
22,B1_1,0.177,-0.148,-0.497,-0.388,1.0,-0.341,-0.467,-0.069,0.07,0.123,0.359,0.206,-0.014,0.188,0.125,-0.341
22,B1_2,0.159,0.393,0.133,0.476,-0.341,1.0,0.104,-0.499,-0.194,-0.093,-0.471,0.162,0.172,-0.033,-0.344,0.321
22,B1_3,-0.651,0.348,-0.077,0.512,-0.467,0.104,1.0,0.023,-0.508,-0.107,0.235,0.132,0.356,-0.559,0.08,0.048
22,A2_1,-0.016,-0.064,-0.152,-0.152,-0.069,-0.499,0.023,1.0,0.061,-0.085,-0.084,-0.177,-0.147,-0.217,0.025,-0.225
22,A2_2,0.452,0.098,0.344,-0.269,0.07,-0.194,-0.508,0.061,1.0,0.098,0.156,-0.119,-0.4,0.596,-0.233,0.33
22,A2_3,0.031,-0.531,0.111,-0.234,0.123,-0.093,-0.107,-0.085,0.098,1.0,-0.07,0.055,-0.294,0.018,0.651,-0.056
22,B2_1,-0.314,0.171,-0.379,-0.125,0.359,-0.471,0.235,-0.084,0.156,-0.07,1.0,0.058,0.329,-0.004,0.264,-0.213
22,B2_2,-0.517,0.186,0.273,-0.444,0.206,0.162,0.132,-0.177,-0.119,0.055,0.058,1.0,-0.399,0.109,0.238,0.109
22,B2_3,0.047,0.381,-0.599,0.566,-0.014,0.172,0.356,-0.147,-0.4,-0.294,0.329,-0.399,1.0,-0.668,-0.191,-0.189
22,y1,0.249,-0.079,0.295,-0.42,0.188,-0.033,-0.559,-0.217,0.596,0.018,-0.004,0.109,-0.668,1.0,-0.119,0.311
22,y2,-0.547,-0.615,-0.087,-0.525,0.125,-0.344,0.08,0.025,-0.233,0.651,0.264,0.238,-0.191,-0.119,1.0,-0.567
22,y3,0.369,0.383,0.62,0.292,-0.341,0.321,0.048,-0.225,0.33,-0.056,-0.213,0.109,-0.189,0.311,-0.567,1.0
23,.,1.0,-0.077,0.083,0.246,0.162,0.144,-0.658,-0.005,0.457,0.039,-0.327,-0.522,0.028,0.255,-0.534,0.372
23,A1_1,-0.077,1.0,-0.174,0.327,-0.142,0.403,0.35,-0.065,0.1,-0.531,0.174,0.192,0.382,-0.083,-0.621,0.378
23,A1_2,0.083,-0.174,1.0,-0.108,-0.503,0.122,-0.083,-0.15,0.346,0.112,-0.382,0.264,-0.601,0.301,-0.082,0.625
23,A1_3,0.246,0.327,-0.108,1.0,-0.385,0.482,0.51,-0.152,-0.267,-0.234,-0.123,-0.44,0.564,-0.42,-0.528,0.29
23,B1_1,0.162,-0.142,-0.503,-0.385,1.0,-0.335,-0.452,-0.072,0.062,0.118,0.365,0.211,-0.005,0.178,0.122,-0.345
23,B1_2,0.144,0.403,0.122,0.482,-0.335,1.0,0.116,-0.501,-0.203,-0.1,-0.457,0.166,0.183,-0.042,-0.345,0.315
23,B1_3,-0.658,0.35,-0.083,0.51,-0.452,0.116,1.0,0.02,-0.51,-0.111,0.244,0.141,0.365,-0.564,0.073,0.04
23,A2_1,-0.005,-0.065,-0.15,-0.152,-0.072,-0.501,0.02,1.0,0.062,-0.085,-0.087,-0.178,-0.149,-0.213,0.025,-0.222
23,A2_2,0.457,0.1,0.346,-0.267,0.062,-0.203,-0.51,0.062,1.0,0.099,0.149,-0.125,-0.404,0.598,-0.229,0.334
23,A2_3,0.039,-0.531,0.112,-0.234,0.118,-0.1,-0.111,-0.085,0.099,1.0,-0.074,0.049,-0.296,0.023,0.653,-0.052
23,B2_1,-0.327,0.174,-0.382,-0.123,0.365,-0.457,0.244,-0.087,0.149,-0.074,1.0,0.067,0.337,-0.014,0.257,-0.219
23,B2_2,-0.522,0.192,0.264,-0.44,0.211,0.166,0.141,-0.178,-0.125,0.049,0.067,1.0,-0.384,0.101,0.234,0.103
23,B2_3,0.028,0.382,-0.601,0.564,-0.005,0.183,0.365,-0.149,-0.404,-0.296,0.337,-0.384,1.0,-0.672,-0.195,-0.196
23,y1,0.255,-0.083,0.301,-0.42,0.178,-0.042,-0.564,-0.213,0.598,0.023,-0.014,0.101,-0.672,1.0,-0.112,0.315
23,y2,-0.534,-0.621,-0.082,-0.528,0.122,-0.345,0.073,0.025,-0.229,0.653,0.257,0.234,-0.195,-0.112,1.0,-0.562
23,y3,0.372,0.378,0.625,0.29,-0.345,0.315,0.04,-0.222,0.334,-0.052,-0.219,0.103,-0.196,0.315,-0.562,1.0
24,.,1.0,-0.085,0.095,0.239,0.144,0.127,-0.664,0.006,0.461,0.046,-0.341,-0.527,0.01,0.261,-0.521,0.376
24,A1_1,-0.085,1.0,-0.171,0.325,-0.136,0.414,0.35,-0.065,0.102,-0.531,0.176,0.198,0.383,-0.086,-0.627,0.374
24,A1_2,0.095,-0.171,1.0,-0.105,-0.509,0.11,-0.089,-0.148,0.348,0.114,-0.386,0.255,-0.602,0.307,-0.075,0.631
