,,.,A1_1,A1_2,A1_3,B1_1,B1_2,B1_3,A2_1,A2_2,A2_3,B2_1,B2_2,B2_3,y1,y2,y3
1,.,1.0,0.909,0.739,0.941,0.942,0.901,0.778,0.829,0.898,0.667,0.856,0.797,0.858,0.9,0.751,0.923
1,A1_1,0.909,1.0,0.64,0.968,0.79,0.891,0.885,0.83,0.723,0.508,0.804,0.809,0.949,0.741,0.677,0.896
1,A1_2,0.739,0.64,1.0,0.713,0.629,0.875,0.772,0.714,0.723,0.558,0.559,0.868,0.489,0.886,0.79,0.881
1,A1_3,0.941,0.968,0.713,1.0,0.824,0.914,0.902,0.878,0.753,0.556,0.795,0.811,0.918,0.788,0.721,0.931
1,B1_1,0.942,0.79,0.629,0.824,1.0,0.787,0.625,0.7,0.822,0.613,0.907,0.746,0.778,0.847,0.723,0.809
1,B1_2,0.901,0.891,0.875,0.914,0.787,1.0,0.898,0.762,0.774,0.657,0.789,0.939,0.798,0.895,0.867,0.963
1,B1_3,0.778,0.885,0.772,0.902,0.625,0.898,1.0,0.783,0.607,0.501,0.731,0.854,0.756,0.732,0.789,0.888
1,A2_1,0.829,0.83,0.714,0.878,0.7,0.762,0.783,1.0,0.663,0.374,0.579,0.697,0.793,0.682,0.577,0.876
1,A2_2,0.898,0.723,0.723,0.753,0.822,0.774,0.607,0.663,1.0,0.711,0.704,0.619,0.597,0.927,0.625,0.79
1,A2_3,0.667,0.508,0.558,0.556,0.613,0.657,0.501,0.374,0.711,1.0,0.632,0.555,0.407,0.679,0.758,0.672
1,B2_1,0.856,0.804,0.559,0.795,0.907,0.789,0.731,0.579,0.704,0.632,1.0,0.777,0.759,0.781,0.825,0.76
1,B2_2,0.797,0.809,0.868,0.811,0.746,0.939,0.854,0.697,0.619,0.555,0.777,1.0,0.728,0.814,0.886,0.916
1,B2_3,0.858,0.949,0.489,0.918,0.778,0.798,0.756,0.793,0.597,0.407,0.759,0.728,1.0,0.606,0.597,0.806
1,y1,0.9,0.741,0.886,0.788,0.847,0.895,0.732,0.682,0.927,0.679,0.781,0.814,0.606,1.0,0.798,0.873
1,y2,0.751,0.677,0.79,0.721,0.723,0.867,0.789,0.577,0.625,0.758,0.825,0.886,0.597,0.798,1.0,0.836
1,y3,0.923,0.896,0.881,0.931,0.809,0.963,0.888,0.876,0.79,0.672,0.76,0.916,0.806,0.873,0.836,1.0
2,.,1.0,0.913,0.734,0.944,0.943,0.905,0.785,0.83,0.899,0.667,0.856,0.801,0.862,0.898,0.76,0.922
2,A1_1,0.913,1.0,0.639,0.97,0.798,0.896,0.888,0.831,0.729,0.513,0.812,0.817,0.952,0.743,0.694,0.896
2,A1_2,0.734,0.639,1.0,0.711,0.621,0.87,0.77,0.713,0.72,0.547,0.55,0.867,0.486,0.884,0.787,0.88
2,A1_3,0.944,0.97,0.711,1.0,0.831,0.92,0.906,0.878,0.758,0.561,0.804,0.821,0.922,0.79,0.74,0.93
2,B1_1,0.943,0.798,0.621,0.831,1.0,0.789,0.635,0.702,0.825,0.608,0.905,0.746,0.781,0.846,0.722,0.807
2,B1_2,0.905,0.896,0.87,0.92,0.789,1.0,0.901,0.767,0.779,0.653,0.791,0.939,0.806,0.895,0.872,0.964
2,B1_3,0.785,0.888,0.77,0.906,0.635,0.901,1.0,0.788,0.614,0.5,0.743,0.861,0.768,0.734,0.805,0.889
2,A2_1,0.83,0.831,0.713,0.878,0.702,0.767,0.788,1.0,0.664,0.375,0.58,0.705,0.792,0.683,0.585,0.875
2,A2_2,0.899,0.729,0.72,0.758,0.825,0.779,0.614,0.664,1.0,0.714,0.708,0.624,0.604,0.928,0.634,0.789
2,A2_3,0.667,0.513,0.547,0.561,0.608,0.653,0.5,0.375,0.714,1.0,0.622,0.541,0.413,0.677,0.75,0.668
2,B2_1,0.856,0.812,0.55,0.804,0.905,0.791,0.743,0.58,0.708,0.622,1.0,0.775,0.767,0.779,0.825,0.758
2,B2_2,0.801,0.817,0.867,0.821,0.746,0.939,0.861,0.705,0.624,0.541,0.775,1.0,0.734,0.816,0.882,0.921
2,B2_3,0.862,0.952,0.486,0.922,0.781,0.806,0.768,0.792,0.604,0.413,0.767,0.734,1.0,0.608,0.613,0.805
2,y1,0.898,0.743,0.884,0.79,0.846,0.895,0.734,0.683,0.928,0.677,0.779,0.816,0.608,1.0,0.803,0.873
2,y2,0.76,0.694,0.787,0.74,0.722,0.872,0.805,0.585,0.634,0.75,0.825,0.882,0.613,0.803,1.0,0.842
2,y3,0.922,0.896,0.88,0.93,0.807,0.964,0.889,0.875,0.789,0.668,0.758,0.921,0.805,0.873,0.842,1.0
3,.,1.0,0.917,0.733,0.947,0.946,0.909,0.793,0.834,0.9,0.673,0.86,0.81,0.867,0.898,0.774,0.922
3,A1_1,0.917,1.0,0.642,0.971,0.807,0.902,0.893,0.835,0.736,0.525,0.823,0.828,0.955,0.747,0.715,0.898
3,A1_2,0.733,0.642,1.0,0.713,0.619,0.868,0.771,0.716,0.72,0.544,0.549,0.868,0.492,0.884,0.787,0.881
3,A1_3,0.947,0.971,0.713,1.0,0.84,0.926,0.911,0.88,0.764,0.572,0.815,0.834,0.927,0.793,0.763,0.931
3,B1_1,0.946,0.807,0.619,0.84,1.0,0.795,0.65,0.71,0.829,0.61,0.905,0.752,0.788,0.847,0.729,0.808
3,B1_2,0.909,0.902,0.868,0.926,0.795,1.0,0.905,0.776,0.786,0.657,0.797,0.94,0.816,0.895,0.88,0.965
3,B1_3,0.793,0.893,0.771,0.911,0.65,0.905,1.0,0.795,0.625,0.508,0.757,0.869,0.781,0.739,0.823,0.892
3,A2_1,0.834,0.835,0.716,0.88,0.71,0.776,0.795,1.0,0.669,0.384,0.587,0.717,0.794,0.687,0.601,0.877
3,A2_2,0.9,0.736,0.72,0.764,0.829,0.786,0.625,0.669,1.0,0.721,0.715,0.635,0.615,0.929,0.649,0.791
3,A2_3,0.673,0.525,0.544,0.572,0.61,0.657,0.508,0.384,0.721,1.0,0.621,0.538,0.428,0.68,0.747,0.671
3,B2_1,0.86,0.823,0.549,0.815,0.905,0.797,0.757,0.587,0.715,0.621,1.0,0.78,0.778,0.781,0.831,0.76
3,B2_2,0.81,0.828,0.868,0.834,0.752,0.94,0.869,0.717,0.635,0.538,0.78,1.0,0.745,0.822,0.882,0.926
3,B2_3,0.867,0.955,0.492,0.927,0.788,0.816,0.781,0.794,0.615,0.428,0.778,0.745,1.0,0.614,0.636,0.807
3,y1,0.898,0.747,0.884,0.793,0.847,0.895,0.739,0.687,0.929,0.68,0.781,0.822,0.614,1.0,0.81,0.874
3,y2,0.774,0.715,0.787,0.763,0.729,0.88,0.823,0.601,0.649,0.747,0.831,0.882,0.636,0.81,1.0,0.851
3,y3,0.922,0.898,0.881,0.931,0.808,0.965,0.892,0.877,0.791,0.671,0.76,0.926,0.807,0.874,0.851,1.0
4,.,1.0,0.92,0.735,0.949,0.948,0.915,0.802,0.839,0.901,0.683,0.864,0.821,0.873,0.898,0.789,0.923
4,A1_1,0.92,1.0,0.648,0.973,0.816,0.907,0.898,0.84,0.744,0.54,0.833,0.839,0.958,0.752,0.735,0.9
4,A1_2,0.735,0.648,1.0,0.717,0.621,0.867,0.773,0.72,0.723,0.546,0.554,0.869,0.5,0.885,0.789,0.882
4,A1_3,0.949,0.973,0.717,1.0,0.848,0.932,0.915,0.883,0.77,0.587,0.826,0.847,0.932,0.797,0.784,0.932
4,B1_1,0.948,0.816,0.621,0.848,1.0,0.803,0.666,0.719,0.834,0.618,0.907,0.762,0.796,0.849,0.74,0.811
4,B1_2,0.915,0.907,0.867,0.932,0.803,1.0,0.909,0.785,0.793,0.664,0.805,0.943,0.827,0.896,0.888,0.966
4,B1_3,0.802,0.898,0.773,0.915,0.666,0.909,1.0,0.803,0.637,0.519,0.772,0.878,0.795,0.745,0.839,0.894
4,A2_1,0.839,0.84,0.72,0.883,0.719,0.785,0.803,1.0,0.676,0.398,0.599,0.73,0.797,0.694,0.618,0.879
4,A2_2,0.901,0.744,0.723,0.77,0.834,0.793,0.637,0.676,1.0,0.729,0.725,0.649,0.628,0.93,0.665,0.795
4,A2_3,0.683,0.54,0.546,0.587,0.618,0.664,0.519,0.398,0.729,1.0,0.625,0.543,0.447,0.686,0.749,0.678
4,B2_1,0.864,0.833,0.554,0.826,0.907,0.805,0.772,0.599,0.725,0.625,1.0,0.788,0.79,0.784,0.839,0.764
4,B2_2,0.821,0.839,0.869,0.847,0.762,0.943,0.878,0.73,0.649,0.543,0.788,1.0,0.758,0.828,0.885,0.931
4,B2_3,0.873,0.958,0.5,0.932,0.796,0.827,0.795,0.797,0.628,0.447,0.79,0.758,1.0,0.623,0.66,0.811
4,y1,0.898,0.752,0.885,0.797,0.849,0.896,0.745,0.694,0.93,0.686,0.784,0.828,0.623,1.0,0.817,0.876
4,y2,0.789,0.735,0.789,0.784,0.74,0.888,0.839,0.618,0.665,0.749,0.839,0.885,0.66,0.817,1.0,0.859
4,y3,0.923,0.9,0.882,0.932,0.811,0.966,0.894,0.879,0.795,0.678,0.764,0.931,0.811,0.876,0.859,1.0
5,.,1.0,0.924,0.738,0.952,0.95,0.92,0.811,0.845,0.903,0.693,0.869,0.833,0.878,0.898,0.802,0.924
5,A1_1,0.924,1.0,0.653,0.974,0.825,0.913,0.902,0.844,0.752,0.555,0.842,0.85,0.961,0.757,0.753,0.901
5,A1_2,0.738,0.653,1.0,0.721,0.626,0.866,0.775,0.725,0.726,0.551,0.562,0.871,0.51,0.887,0.791,0.884
5,A1_3,0.952,0.974,0.721,1.0,0.856,0.937,0.92,0.887,0.777,0.602,0.836,0.859,0.937,0.801,0.803,0.932
5,B1_1,0.95,0.825,0.626,0.856,1.0,0.811,0.682,0.729,0.839,0.627,0.909,0.773,0.804,0.85,0.752,0.815
5,B1_2,0.92,0.913,0.866,0.937,0.811,1.0,0.913,0.795,0.801,0.674,0.814,0.946,0.837,0.897,0.896,0.967
5,B1_3,0.811,0.902,0.775,0.92,0.682,0.913,1.0,0.811,0.648,0.533,0.786,0.885,0.808,0.751,0.853,0.897
5,A2_1,0.845,0.844,0.725,0.887,0.729,0.795,0.811,1.0,0.684,0.414,0.612,0.744,0.802,0.701,0.635,0.881
5,A2_2,0.903,0.752,0.726,0.777,0.839,0.801,0.648,0.684,1.0,0.737,0.734,0.664,0.64,0.932,0.68,0.798
5,A2_3,0.693,0.555,0.551,0.602,0.627,0.674,0.533,0.414,0.737,1.0,0.633,0.552,0.467,0.693,0.753,0.686
5,B2_1,0.869,0.842,0.562,0.836,0.909,0.814,0.786,0.612,0.734,0.633,1.0,0.799,0.802,0.788,0.848,0.77
5,B2_2,0.833,0.85,0.871,0.859,0.773,0.946,0.885,0.744,0.664,0.552,0.799,1.0,0.771,0.835,0.888,0.936
5,B2_3,0.878,0.961,0.51,0.937,0.804,0.837,0.808,0.802,0.64,0.467,0.802,0.771,1.0,0.631,0.682,0.814
5,y1,0.898,0.757,0.887,0.801,0.85,0.897,0.751,0.701,0.932,0.693,0.788,0.835,0.631,1.0,0.825,0.879
5,y2,0.802,0.753,0.791,0.803,0.752,0.896,0.853,0.635,0.68,0.753,0.848,0.888,0.682,0.825,1.0,0.867
5,y3,0.924,0.901,0.884,0.932,0.815,0.967,0.897,0.881,0.798,0.686,0.77,0.936,0.814,0.879,0.867,1.0
6,.,1.0,0.926,0.741,0.954,0.952,0.924,0.818,0.85,0.904,0.702,0.873,0.842,0.883,0.898,0.814,0.925
6,A1_1,0.926,1.0,0.658,0.975,0.833,0.918,0.907,0.849,0.759,0.57,0.85,0.859,0.963,0.76,0.769,0.902
6,A1_2,0.741,0.658,1.0,0.724,0.63,0.865,0.776,0.729,0.73,0.558,0.568,0.872,0.518,0.89,0.794,0.887
6,A1_3,0.954,0.975,0.724,1.0,0.862,0.942,0.924,0.89,0.782,0.615,0.845,0.869,0.941,0.803,0.817,0.933
6,B1_1,0.952,0.833,0.63,0.862,1.0,0.818,0.696,0.738,0.843,0.635,0.911,0.784,0.811,0.851,0.763,0.818
6,B1_2,0.924,0.918,0.865,0.942,0.818,1.0,0.916,0.803,0.807,0.683,0.822,0.948,0.845,0.898,0.902,0.968
6,B1_3,0.818,0.907,0.776,0.924,0.696,0.916,1.0,0.817,0.658,0.546,0.799,0.892,0.82,0.755,0.864,0.899
6,A2_1,0.85,0.849,0.729,0.89,0.738,0.803,0.817,1.0,0.691,0.429,0.625,0.756,0.806,0.708,0.65,0.884
6,A2_2,0.904,0.759,0.73,0.782,0.843,0.807,0.658,0.691,1.0,0.745,0.741,0.677,0.65,0.933,0.693,0.802
6,A2_3,0.702,0.57,0.558,0.615,0.635,0.683,0.546,0.429,0.745,1.0,0.639,0.562,0.484,0.7,0.756,0.694
6,B2_1,0.873,0.85,0.568,0.845,0.911,0.822,0.799,0.625,0.741,0.639,1.0,0.809,0.812,0.79,0.856,0.775
6,B2_2,0.842,0.859,0.872,0.869,0.784,0.948,0.892,0.756,0.677,0.562,0.809,1.0,0.782,0.841,0.893,0.94
6,B2_3,0.883,0.963,0.518,0.941,0.811,0.845,0.82,0.806,0.65,0.484,0.812,0.782,1.0,0.638,0.701,0.816
6,y1,0.898,0.76,0.89,0.803,0.851,0.898,0.755,0.708,0.933,0.7,0.79,0.841,0.638,1.0,0.831,0.881
6,y2,0.814,0.769,0.794,0.817,0.763,0.902,0.864,0.65,0.693,0.756,0.856,0.893,0.701,0.831,1.0,0.873
6,y3,0.925,0.902,0.887,0.933,0.818,0.968,0.899,0.884,0.802,0.694,0.775,0.94,0.816,0.881,0.873,1.0
7,.,1.0,0.928,0.744,0.955,0.953,0.928,0.823,0.855,0.905,0.71,0.875,0.85,0.885,0.898,0.822,0.925
7,A1_1,0.928,1.0,0.661,0.976,0.839,0.922,0.91,0.852,0.763,0.581,0.856,0.866,0.965,0.762,0.779,0.902
7,A1_2,0.744,0.661,1.0,0.726,0.633,0.863,0.775,0.733,0.733,0.564,0.574,0.871,0.524,0.892,0.796,0.889
7,A1_3,0.955,0.976,0.726,1.0,0.867,0.945,0.927,0.892,0.785,0.626,0.851,0.877,0.943,0.804,0.827,0.932
7,B1_1,0.953,0.839,0.633,0.867,1.0,0.825,0.708,0.746,0.845,0.642,0.913,0.793,0.817,0.852,0.771,0.82
7,B1_2,0.928,0.922,0.863,0.945,0.825,1.0,0.919,0.81,0.812,0.691,0.83,0.95,0.852,0.898,0.907,0.968
7,B1_3,0.823,0.91,0.775,0.927,0.708,0.919,1.0,0.821,0.666,0.557,0.809,0.897,0.829,0.758,0.872,0.899
7,A2_1,0.855,0.852,0.733,0.892,0.746,0.81,0.821,1.0,0.697,0.441,0.635,0.766,0.809,0.714,0.661,0.886
7,A2_2,0.905,0.763,0.733,0.785,0.845,0.812,0.666,0.697,1.0,0.751,0.746,0.688,0.657,0.933,0.703,0.805
7,A2_3,0.71,0.581,0.564,0.626,0.642,0.691,0.557,0.441,0.751,1.0,0.645,0.571,0.497,0.707,0.76,0.701
7,B2_1,0.875,0.856,0.574,0.851,0.913,0.83,0.809,0.635,0.746,0.645,1.0,0.818,0.819,0.792,0.862,0.778
7,B2_2,0.85,0.866,0.871,0.877,0.793,0.95,0.897,0.766,0.688,0.571,0.818,1.0,0.791,0.846,0.897,0.942
7,B2_3,0.885,0.965,0.524,0.943,0.817,0.852,0.829,0.809,0.657,0.497,0.819,0.791,1.0,0.642,0.715,0.817
7,y1,0.898,0.762,0.892,0.804,0.852,0.898,0.758,0.714,0.933,0.707,0.792,0.846,0.642,1.0,0.835,0.883
7,y2,0.822,0.779,0.796,0.827,0.771,0.907,0.872,0.661,0.703,0.76,0.862,0.897,0.715,0.835,1.0,0.877
7,y3,0.925,0.902,0.889,0.932,0.82,0.968,0.899,0.886,0.805,0.701,0.778,0.942,0.817,0.883,0.877,1.0
8,.,1.0,0.929,0.744,0.955,0.954,0.93,0.826,0.858,0.906,0.716,0.876,0.855,0.887,0.897,0.826,0.925
8,A1_1,0.929,1.0,0.661,0.977,0.843,0.925,0.913,0.854,0.766,0.588,0.861,0.871,0.966,0.762,0.786,0.9
8,A1_2,0.744,0.661,1.0,0.725,0.633,0.86,0.772,0.734,0.735,0.568,0.577,0.87,0.525,0.893,0.795,0.89
8,A1_3,0.955,0.977,0.725,1.0,0.871,0.948,0.928,0.894,0.787,0.632,0.856,0.883,0.946,0.804,0.834,0.931
8,B1_1,0.954,0.843,0.633,0.871,1.0,0.83,0.716,0.751,0.846,0.646,0.915,0.801,0.821,0.851,0.777,0.821
8,B1_2,0.93,0.925,0.86,0.948,0.83,1.0,0.921,0.814,0.815,0.696,0.836,0.951,0.857,0.897,0.91,0.968
8,B1_3,0.826,0.913,0.772,0.928,0.716,0.921,1.0,0.824,0.669,0.563,0.818,0.901,0.835,0.758,0.877,0.898
8,A2_1,0.858,0.854,0.734,0.894,0.751,0.814,0.824,1.0,0.701,0.449,0.642,0.773,0.811,0.717,0.667,0.887
8,A2_2,0.906,0.766,0.735,0.787,0.846,0.815,0.669,0.701,1.0,0.755,0.749,0.695,0.661,0.933,0.709,0.807
8,A2_3,0.716,0.588,0.568,0.632,0.646,0.696,0.563,0.449,0.755,1.0,0.649,0.577,0.506,0.711,0.762,0.705
8,B2_1,0.876,0.861,0.577,0.856,0.915,0.836,0.818,0.642,0.749,0.649,1.0,0.826,0.825,0.792,0.867,0.78
8,B2_2,0.855,0.871,0.87,0.883,0.801,0.951,0.901,0.773,0.695,0.577,0.826,1.0,0.798,0.848,0.899,0.943
8,B2_3,0.887,0.966,0.525,0.946,0.821,0.857,0.835,0.811,0.661,0.506,0.825,0.798,1.0,0.643,0.724,0.816
8,y1,0.897,0.762,0.893,0.804,0.851,0.897,0.758,0.717,0.933,0.711,0.792,0.848,0.643,1.0,0.837,0.884
8,y2,0.826,0.786,0.795,0.834,0.777,0.91,0.877,0.667,0.709,0.762,0.867,0.899,0.724,0.837,1.0,0.878
8,y3,0.925,0.9,0.89,0.931,0.821,0.968,0.898,0.887,0.807,0.705,0.78,0.943,0.816,0.884,0.878,1.0
9,.,1.0,0.929,0.744,0.955,0.954,0.932,0.828,0.862,0.905,0.719,0.875,0.86,0.887,0.895,0.829,0.925
9,A1_1,0.929,1.0,0.661,0.978,0.847,0.928,0.915,0.855,0.767,0.594,0.866,0.876,0.967,0.762,0.792,0.899
9,A1_2,0.744,0.661,1.0,0.723,0.633,0.856,0.768,0.734,0.736,0.572,0.577,0.867,0.525,0.894,0.795,0.891
9,A1_3,0.955,0.978,0.723,1.0,0.874,0.95,0.93,0.895,0.788,0.637,0.859,0.888,0.947,0.802,0.839,0.929
9,B1_1,0.954,0.847,0.633,0.874,1.0,0.834,0.724,0.757,0.846,0.648,0.916,0.807,0.825,0.849,0.781,0.821
9,B1_2,0.932,0.928,0.856,0.95,0.834,1.0,0.923,0.818,0.817,0.7,0.841,0.953,0.861,0.896,0.912,0.967
9,B1_3,0.828,0.915,0.768,0.93,0.724,0.923,1.0,0.825,0.672,0.568,0.825,0.905,0.842,0.758,0.882,0.896
9,A2_1,0.862,0.855,0.734,0.895,0.757,0.818,0.825,1.0,0.705,0.455,0.648,0.779,0.812,0.719,0.672,0.888
9,A2_2,0.905,0.767,0.736,0.788,0.846,0.817,0.672,0.705,1.0,0.758,0.75,0.701,0.663,0.933,0.713,0.809
9,A2_3,0.719,0.594,0.572,0.637,0.648,0.7,0.568,0.455,0.758,1.0,0.65,0.583,0.512,0.714,0.764,0.709
9,B2_1,0.875,0.866,0.577,0.859,0.916,0.841,0.825,0.648,0.75,0.65,1.0,0.833,0.831,0.79,0.87,0.78
9,B2_2,0.86,0.876,0.867,0.888,0.807,0.953,0.905,0.779,0.701,0.583,0.833,1.0,0.804,0.85,0.902,0.944
9,B2_3,0.887,0.967,0.525,0.947,0.825,0.861,0.842,0.812,0.663,0.512,0.831,0.804,1.0,0.642,0.731,0.814
9,y1,0.895,0.762,0.894,0.802,0.849,0.896,0.758,0.719,0.933,0.714,0.79,0.85,0.642,1.0,0.838,0.885
9,y2,0.829,0.792,0.795,0.839,0.781,0.912,0.882,0.672,0.713,0.764,0.87,0.902,0.731,0.838,1.0,0.879
9,y3,0.925,0.899,0.891,0.929,0.821,0.967,0.896,0.888,0.809,0.709,0.78,0.944,0.814,0.885,0.879,1.0
10,.,1.0,0.928,0.743,0.955,0.954,0.933,0.828,0.864,0.905,0.72,0.874,0.863,0.886,0.893,0.829,0.925
10,A1_1,0.928,1.0,0.657,0.978,0.85,0.93,0.917,0.855,0.767,0.596,0.869,0.88,0.968,0.759,0.795,0.895
10,A1_2,0.743,0.657,1.0,0.719,0.63,0.852,0.761,0.734,0.736,0.574,0.575,0.864,0.521,0.895,0.793,0.892
10,A1_3,0.955,0.978,0.719,1.0,0.876,0.952,0.931,0.896,0.787,0.639,0.862,0.891,0.948,0.799,0.84,0.927
10,B1_1,0.954,0.85,0.63,0.876,1.0,0.837,0.73,0.76,0.844,0.647,0.916,0.812,0.828,0.846,0.782,0.82
10,B1_2,0.933,0.93,0.852,0.952,0.837,1.0,0.924,0.821,0.817,0.702,0.845,0.953,0.864,0.894,0.913,0.966
10,B1_3,0.828,0.917,0.761,0.931,0.73,0.924,1.0,0.824,0.672,0.57,0.832,0.908,0.846,0.755,0.884,0.892
10,A2_1,0.864,0.855,0.734,0.896,0.76,0.821,0.824,1.0,0.707,0.456,0.652,0.782,0.812,0.72,0.673,0.888
10,A2_2,0.905,0.767,0.736,0.787,0.844,0.817,0.672,0.707,1.0,0.759,0.748,0.704,0.662,0.933,0.713,0.809
10,A2_3,0.72,0.596,0.574,0.639,0.647,0.702,0.57,0.456,0.759,1.0,0.649,0.586,0.514,0.715,0.764,0.711
10,B2_1,0.874,0.869,0.575,0.862,0.916,0.845,0.832,0.652,0.748,0.649,1.0,0.838,0.835,0.787,0.871,0.778
10,B2_2,0.863,0.88,0.864,0.891,0.812,0.953,0.908,0.782,0.704,0.586,0.838,1.0,0.808,0.85,0.904,0.943
10,B2_3,0.886,0.968,0.521,0.948,0.828,0.864,0.846,0.812,0.662,0.514,0.835,0.808,1.0,0.639,0.734,0.81
10,y1,0.893,0.759,0.895,0.799,0.846,0.894,0.755,0.72,0.933,0.715,0.787,0.85,0.639,1.0,0.837,0.886
10,y2,0.829,0.795,0.793,0.84,0.782,0.913,0.884,0.673,0.713,0.764,0.871,0.904,0.734,0.837,1.0,0.878
10,y3,0.925,0.895,0.892,0.927,0.82,0.966,0.892,0.888,0.809,0.711,0.778,0.943,0.81,0.886,0.878,1.0
11,.,1.0,0.927,0.741,0.954,0.953,0.934,0.827,0.866,0.904,0.72,0.871,0.864,0.884,0.891,0.827,0.924
11,A1_1,0.927,1.0,0.651,0.979,0.851,0.932,0.919,0.854,0.764,0.595,0.871,0.882,0.968,0.754,0.796,0.891
11,A1_2,0.741,0.651,1.0,0.713,0.626,0.846,0.752,0.732,0.736,0.576,0.571,0.859,0.514,0.896,0.79,0.892
11,A1_3,0.954,0.979,0.713,1.0,0.878,0.953,0.932,0.896,0.785,0.638,0.863,0.894,0.949,0.795,0.84,0.923
11,B1_1,0.953,0.851,0.626,0.878,1.0,0.839,0.734,0.762,0.842,0.644,0.916,0.816,0.83,0.841,0.782,0.818
11,B1_2,0.934,0.932,0.846,0.953,0.839,1.0,0.925,0.822,0.816,0.702,0.848,0.954,0.866,0.891,0.913,0.963
11,B1_3,0.827,0.919,0.752,0.932,0.734,0.925,1.0,0.822,0.669,0.569,0.837,0.91,0.85,0.751,0.884,0.887
11,A2_1,0.866,0.854,0.732,0.896,0.762,0.822,0.822,1.0,0.707,0.456,0.653,0.784,0.81,0.72,0.671,0.888
11,A2_2,0.904,0.764,0.736,0.785,0.842,0.816,0.669,0.707,1.0,0.759,0.744,0.705,0.659,0.932,0.711,0.809
11,A2_3,0.72,0.595,0.576,0.638,0.644,0.702,0.569,0.456,0.759,1.0,0.646,0.587,0.512,0.715,0.763,0.712
11,B2_1,0.871,0.871,0.571,0.863,0.916,0.848,0.837,0.653,0.744,0.646,1.0,0.843,0.838,0.781,0.872,0.775
11,B2_2,0.864,0.882,0.859,0.894,0.816,0.954,0.91,0.784,0.705,0.587,0.843,1.0,0.811,0.849,0.905,0.942
11,B2_3,0.884,0.968,0.514,0.949,0.83,0.866,0.85,0.81,0.659,0.512,0.838,0.811,1.0,0.633,0.735,0.804
11,y1,0.891,0.754,0.896,0.795,0.841,0.891,0.751,0.72,0.932,0.715,0.781,0.849,0.633,1.0,0.835,0.886
11,y2,0.827,0.796,0.79,0.84,0.782,0.913,0.884,0.671,0.711,0.763,0.872,0.905,0.735,0.835,1.0,0.876
11,y3,0.924,0.891,0.892,0.923,0.818,0.963,0.887,0.888,0.809,0.712,0.775,0.942,0.804,0.886,0.876,1.0
12,.,1.0,0.924,0.738,0.953,0.953,0.934,0.823,0.867,0.903,0.719,0.867,0.864,0.881,0.888,0.823,0.923
12,A1_1,0.924,1.0,0.644,0.979,0.853,0.933,0.92,0.853,0.761,0.593,0.873,0.884,0.968,0.749,0.795,0.886
12,A1_2,0.738,0.644,1.0,0.706,0.621,0.839,0.742,0.729,0.735,0.577,0.565,0.852,0.506,0.896,0.786,0.892
12,A1_3,0.953,0.979,0.706,1.0,0.879,0.955,0.931,0.895,0.782,0.635,0.864,0.895,0.95,0.79,0.838,0.919
12,B1_1,0.953,0.853,0.621,0.879,1.0,0.841,0.737,0.764,0.838,0.641,0.915,0.819,0.831,0.836,0.78,0.816
12,B1_2,0.934,0.933,0.839,0.955,0.841,1.0,0.925,0.822,0.814,0.701,0.851,0.954,0.868,0.887,0.913,0.961
12,B1_3,0.823,0.92,0.742,0.931,0.737,0.925,1.0,0.818,0.664,0.566,0.842,0.911,0.853,0.744,0.884,0.881
12,A2_1,0.867,0.853,0.729,0.895,0.764,0.822,0.818,1.0,0.708,0.454,0.653,0.785,0.807,0.719,0.667,0.888
12,A2_2,0.903,0.761,0.735,0.782,0.838,0.814,0.664,0.708,1.0,0.758,0.738,0.704,0.654,0.931,0.707,0.809
12,A2_3,0.719,0.593,0.577,0.635,0.641,0.701,0.566,0.454,0.758,1.0,0.641,0.587,0.509,0.715,0.762,0.712
12,B2_1,0.867,0.873,0.565,0.864,0.915,0.851,0.842,0.653,0.738,0.641,1.0,0.848,0.841,0.775,0.871,0.77
12,B2_2,0.864,0.884,0.852,0.895,0.819,0.954,0.911,0.785,0.704,0.587,0.848,1.0,0.813,0.847,0.906,0.939
12,B2_3,0.881,0.968,0.506,0.95,0.831,0.868,0.853,0.807,0.654,0.509,0.841,0.813,1.0,0.626,0.734,0.797
12,y1,0.888,0.749,0.896,0.79,0.836,0.887,0.744,0.719,0.931,0.715,0.775,0.847,0.626,1.0,0.831,0.886
12,y2,0.823,0.795,0.786,0.838,0.78,0.913,0.884,0.667,0.707,0.762,0.871,0.906,0.734,0.831,1.0,0.873
12,y3,0.923,0.886,0.892,0.919,0.816,0.961,0.881,0.888,0.809,0.712,0.77,0.939,0.797,0.886,0.873,1.0
13,.,1.0,0.921,0.733,0.951,0.951,0.932,0.817,0.868,0.901,0.715,0.861,0.861,0.876,0.885,0.817,0.921
13,A1_1,0.921,1.0,0.634,0.979,0.853,0.935,0.921,0.849,0.755,0.587,0.875,0.885,0.968,0.741,0.792,0.879
13,A1_2,0.733,0.634,1.0,0.697,0.612,0.83,0.727,0.725,0.732,0.574,0.554,0.844,0.493,0.896,0.78,0.892
13,A1_3,0.951,0.979,0.697,1.0,0.88,0.955,0.93,0.893,0.777,0.629,0.864,0.896,0.95,0.783,0.834,0.914
13,B1_1,0.951,0.853,0.612,0.88,1.0,0.841,0.738,0.764,0.833,0.634,0.914,0.82,0.831,0.829,0.776,0.812
13,B1_2,0.932,0.935,0.83,0.955,0.841,1.0,0.925,0.82,0.809,0.696,0.852,0.954,0.869,0.882,0.911,0.957
13,B1_3,0.817,0.921,0.727,0.93,0.738,0.925,1.0,0.812,0.656,0.558,0.846,0.912,0.855,0.735,0.882,0.872
13,A2_1,0.868,0.849,0.725,0.893,0.764,0.82,0.812,1.0,0.707,0.448,0.65,0.783,0.803,0.716,0.66,0.887
13,A2_2,0.901,0.755,0.732,0.777,0.833,0.809,0.656,0.707,1.0,0.755,0.729,0.7,0.646,0.929,0.699,0.807
13,A2_3,0.715,0.587,0.574,0.629,0.634,0.696,0.558,0.448,0.755,1.0,0.633,0.582,0.5,0.712,0.758,0.709
13,B2_1,0.861,0.875,0.554,0.864,0.914,0.852,0.846,0.65,0.729,0.633,1.0,0.851,0.842,0.766,0.869,0.762
13,B2_2,0.861,0.885,0.844,0.896,0.82,0.954,0.912,0.783,0.7,0.582,0.851,1.0,0.814,0.842,0.906,0.934
13,B2_3,0.876,0.968,0.493,0.95,0.831,0.869,0.855,0.803,0.646,0.5,0.842,0.814,1.0,0.615,0.73,0.787
13,y1,0.885,0.741,0.896,0.783,0.829,0.882,0.735,0.716,0.929,0.712,0.766,0.842,0.615,1.0,0.826,0.885
13,y2,0.817,0.792,0.78,0.834,0.776,0.911,0.882,0.66,0.699,0.758,0.869,0.906,0.73,0.826,1.0,0.867
13,y3,0.921,0.879,0.892,0.914,0.812,0.957,0.872,0.887,0.807,0.709,0.762,0.934,0.787,0.885,0.867,1.0
14,.,1.0,0.916,0.728,0.949,0.949,0.93,0.81,0.869,0.899,0.708,0.853,0.858,0.87,0.88,0.808,0.919
14,A1_1,0.916,1.0,0.622,0.979,0.853,0.936,0.922,0.845,0.747,0.579,0.876,0.886,0.968,0.732,0.788,0.871
14,A1_2,0.728,0.622,1.0,0.686,0.601,0.819,0.711,0.72,0.729,0.572,0.539,0.833,0.477,0.895,0.772,0.891
14,A1_3,0.949,0.979,0.686,1.0,0.88,0.956,0.929,0.891,0.77,0.621,0.863,0.896,0.949,0.775,0.829,0.908
14,B1_1,0.949,0.853,0.601,0.88,1.0,0.841,0.738,0.763,0.826,0.623,0.912,0.82,0.831,0.821,0.769,0.806
14,B1_2,0.93,0.936,0.819,0.956,0.841,1.0,0.925,0.818,0.803,0.69,0.853,0.954,0.869,0.875,0.909,0.952
14,B1_3,0.81,0.922,0.711,0.929,0.738,0.925,1.0,0.804,0.645,0.549,0.85,0.914,0.857,0.724,0.88,0.861
14,A2_1,0.869,0.845,0.72,0.891,0.763,0.818,0.804,1.0,0.705,0.44,0.644,0.779,0.797,0.712,0.651,0.886
14,A2_2,0.899,0.747,0.729,0.77,0.826,0.803,0.645,0.705,1.0,0.751,0.717,0.693,0.635,0.927,0.689,0.806
14,A2_3,0.708,0.579,0.572,0.621,0.623,0.69,0.549,0.44,0.751,1.0,0.62,0.574,0.489,0.708,0.753,0.705
14,B2_1,0.853,0.876,0.539,0.863,0.912,0.853,0.85,0.644,0.717,0.62,1.0,0.854,0.843,0.754,0.865,0.752
14,B2_2,0.858,0.886,0.833,0.896,0.82,0.954,0.914,0.779,0.693,0.574,0.854,1.0,0.814,0.836,0.905,0.928
14,B2_3,0.87,0.968,0.477,0.949,0.831,0.869,0.857,0.797,0.635,0.489,0.843,0.814,1.0,0.602,0.724,0.775
14,y1,0.88,0.732,0.895,0.775,0.821,0.875,0.724,0.712,0.927,0.708,0.754,0.836,0.602,1.0,0.819,0.884
14,y2,0.808,0.788,0.772,0.829,0.769,0.909,0.88,0.651,0.689,0.753,0.865,0.905,0.724,0.819,1.0,0.86
14,y3,0.919,0.871,0.891,0.908,0.806,0.952,0.861,0.886,0.806,0.705,0.752,0.928,0.775,0.884,0.86,1.0
15,.,1.0,0.911,0.721,0.945,0.947,0.927,0.8,0.868,0.897,0.702,0.843,0.852,0.862,0.876,0.797,0.916
15,A1_1,0.911,1.0,0.607,0.979,0.853,0.937,0.922,0.839,0.738,0.568,0.876,0.887,0.967,0.721,0.782,0.861
15,A1_2,0.721,0.607,1.0,0.673,0.588,0.807,0.691,0.714,0.726,0.568,0.523,0.82,0.458,0.895,0.763,0.89
15,A1_3,0.945,0.979,0.673,1.0,0.88,0.956,0.927,0.889,0.763,0.61,0.861,0.895,0.948,0.766,0.821,0.901
15,B1_1,0.947,0.853,0.588,0.88,1.0,0.84,0.737,0.761,0.818,0.611,0.909,0.82,0.83,0.811,0.761,0.8
15,B1_2,0.927,0.937,0.807,0.956,0.84,1.0,0.924,0.814,0.796,0.682,0.854,0.953,0.869,0.867,0.905,0.946
15,B1_3,0.8,0.922,0.691,0.927,0.737,0.924,1.0,0.794,0.631,0.535,0.853,0.914,0.858,0.71,0.875,0.848
15,A2_1,0.868,0.839,0.714,0.889,0.761,0.814,0.794,1.0,0.703,0.43,0.637,0.773,0.789,0.708,0.638,0.884
15,A2_2,0.897,0.738,0.726,0.763,0.818,0.796,0.631,0.703,1.0,0.746,0.703,0.684,0.622,0.925,0.677,0.804
15,A2_3,0.702,0.568,0.568,0.61,0.611,0.682,0.535,0.43,0.746,1.0,0.606,0.565,0.474,0.703,0.746,0.701
15,B2_1,0.843,0.876,0.523,0.861,0.909,0.854,0.853,0.637,0.703,0.606,1.0,0.856,0.844,0.74,0.861,0.74
15,B2_2,0.852,0.887,0.82,0.895,0.82,0.953,0.914,0.773,0.684,0.565,0.856,1.0,0.813,0.828,0.903,0.921
15,B2_3,0.862,0.967,0.458,0.948,0.83,0.869,0.858,0.789,0.622,0.474,0.844,0.813,1.0,0.586,0.716,0.761
15,y1,0.876,0.721,0.895,0.766,0.811,0.867,0.71,0.708,0.925,0.703,0.74,0.828,0.586,1.0,0.81,0.883
15,y2,0.797,0.782,0.763,0.821,0.761,0.905,0.875,0.638,0.677,0.746,0.861,0.903,0.716,0.81,1.0,0.851
15,y3,0.916,0.861,0.89,0.901,0.8,0.946,0.848,0.884,0.804,0.701,0.74,0.921,0.761,0.883,0.851,1.0
16,.,1.0,0.904,0.715,0.942,0.943,0.922,0.788,0.868,0.895,0.693,0.831,0.844,0.852,0.871,0.784,0.913
16,A1_1,0.904,1.0,0.59,0.978,0.853,0.938,0.922,0.832,0.727,0.555,0.877,0.887,0.966,0.709,0.775,0.85
16,A1_2,0.715,0.59,1.0,0.658,0.574,0.792,0.669,0.708,0.722,0.564,0.503,0.805,0.437,0.894,0.752,0.89
16,A1_3,0.942,0.978,0.658,1.0,0.88,0.957,0.923,0.885,0.755,0.598,0.859,0.894,0.947,0.755,0.812,0.893
16,B1_1,0.943,0.853,0.574,0.88,1.0,0.839,0.735,0.759,0.809,0.597,0.906,0.819,0.829,0.8,0.751,0.792
16,B1_2,0.922,0.938,0.792,0.957,0.839,1.0,0.923,0.809,0.786,0.671,0.855,0.953,0.868,0.857,0.901,0.938
16,B1_3,0.788,0.922,0.669,0.923,0.735,0.923,1.0,0.782,0.613,0.519,0.856,0.915,0.859,0.694,0.87,0.831
16,A2_1,0.868,0.832,0.708,0.885,0.759,0.809,0.782,1.0,0.7,0.418,0.627,0.766,0.78,0.703,0.624,0.882
16,A2_2,0.895,0.727,0.722,0.755,0.809,0.786,0.613,0.7,1.0,0.74,0.685,0.672,0.606,0.923,0.662,0.802
16,A2_3,0.693,0.555,0.564,0.598,0.597,0.671,0.519,0.418,0.74,1.0,0.589,0.552,0.457,0.697,0.738,0.695
16,B2_1,0.831,0.877,0.503,0.859,0.906,0.855,0.856,0.627,0.685,0.589,1.0,0.858,0.845,0.723,0.855,0.725
16,B2_2,0.844,0.887,0.805,0.894,0.819,0.953,0.915,0.766,0.672,0.552,0.858,1.0,0.812,0.817,0.9,0.911
16,B2_3,0.852,0.966,0.437,0.947,0.829,0.868,0.859,0.78,0.606,0.457,0.845,0.812,1.0,0.568,0.707,0.745
16,y1,0.871,0.709,0.894,0.755,0.8,0.857,0.694,0.703,0.923,0.697,0.723,0.817,0.568,1.0,0.8,0.882
16,y2,0.784,0.775,0.752,0.812,0.751,0.901,0.87,0.624,0.662,0.738,0.855,0.9,0.707,0.8,1.0,0.84
16,y3,0.913,0.85,0.89,0.893,0.792,0.938,0.831,0.882,0.802,0.695,0.725,0.911,0.745,0.882,0.84,1.0
17,.,1.0,0.895,0.708,0.937,0.939,0.916,0.773,0.868,0.893,0.684,0.816,0.834,0.84,0.866,0.768,0.91
17,A1_1,0.895,1.0,0.571,0.978,0.852,0.939,0.922,0.824,0.713,0.539,0.877,0.887,0.966,0.694,0.766,0.836
17,A1_2,0.708,0.571,1.0,0.642,0.558,0.775,0.642,0.702,0.719,0.56,0.48,0.786,0.413,0.894,0.74,0.889
17,A1_3,0.937,0.978,0.642,1.0,0.879,0.957,0.92,0.882,0.745,0.584,0.856,0.892,0.945,0.743,0.801,0.883
17,B1_1,0.939,0.852,0.558,0.879,1.0,0.838,0.733,0.755,0.798,0.581,0.903,0.817,0.828,0.787,0.74,0.783
17,B1_2,0.916,0.939,0.775,0.957,0.838,1.0,0.922,0.802,0.774,0.658,0.855,0.952,0.868,0.846,0.895,0.928
17,B1_3,0.773,0.922,0.642,0.92,0.733,0.922,1.0,0.767,0.592,0.5,0.86,0.915,0.86,0.674,0.864,0.812
17,A2_1,0.868,0.824,0.702,0.882,0.755,0.802,0.767,1.0,0.698,0.406,0.616,0.757,0.77,0.698,0.607,0.88
17,A2_2,0.893,0.713,0.719,0.745,0.798,0.774,0.592,0.698,1.0,0.734,0.665,0.656,0.588,0.92,0.644,0.8
17,A2_3,0.684,0.539,0.56,0.584,0.581,0.658,0.5,0.406,0.734,1.0,0.569,0.538,0.437,0.691,0.73,0.688
17,B2_1,0.816,0.877,0.48,0.856,0.903,0.855,0.86,0.616,0.665,0.569,1.0,0.86,0.845,0.704,0.847,0.707
17,B2_2,0.834,0.887,0.786,0.892,0.817,0.952,0.915,0.757,0.656,0.538,0.86,1.0,0.812,0.804,0.897,0.898
17,B2_3,0.84,0.966,0.413,0.945,0.828,0.868,0.86,0.77,0.588,0.437,0.845,0.812,1.0,0.548,0.696,0.726
17,y1,0.866,0.694,0.894,0.743,0.787,0.846,0.674,0.698,0.92,0.691,0.704,0.804,0.548,1.0,0.788,0.881
17,y2,0.768,0.766,0.74,0.801,0.74,0.895,0.864,0.607,0.644,0.73,0.847,0.897,0.696,0.788,1.0,0.827
17,y3,0.91,0.836,0.889,0.883,0.783,0.928,0.812,0.88,0.8,0.688,0.707,0.898,0.726,0.881,0.827,1.0
18,.,1.0,0.885,0.701,0.932,0.933,0.909,0.754,0.867,0.891,0.674,0.798,0.82,0.826,0.861,0.748,0.907
18,A1_1,0.885,1.0,0.549,0.977,0.851,0.94,0.921,0.815,0.698,0.522,0.877,0.886,0.965,0.677,0.755,0.82
18,A1_2,0.701,0.549,1.0,0.624,0.54,0.755,0.611,0.695,0.716,0.556,0.453,0.764,0.385,0.893,0.725,0.889
18,A1_3,0.932,0.977,0.624,1.0,0.879,0.956,0.914,0.877,0.734,0.568,0.852,0.888,0.943,0.73,0.788,0.872
18,B1_1,0.933,0.851,0.54,0.879,1.0,0.837,0.729,0.751,0.785,0.562,0.899,0.814,0.827,0.772,0.726,0.772
18,B1_2,0.909,0.94,0.755,0.956,0.837,1.0,0.92,0.794,0.76,0.643,0.855,0.951,0.867,0.832,0.889,0.916
18,B1_3,0.754,0.921,0.611,0.914,0.729,0.92,1.0,0.75,0.567,0.477,0.862,0.916,0.861,0.65,0.855,0.787
18,A2_1,0.867,0.815,0.695,0.877,0.751,0.794,0.75,1.0,0.696,0.392,0.602,0.746,0.757,0.692,0.587,0.878
18,A2_2,0.891,0.698,0.716,0.734,0.785,0.76,0.567,0.696,1.0,0.727,0.64,0.638,0.566,0.917,0.623,0.798
18,A2_3,0.674,0.522,0.556,0.568,0.562,0.643,0.477,0.392,0.727,1.0,0.545,0.52,0.414,0.685,0.72,0.681
18,B2_1,0.798,0.877,0.453,0.852,0.899,0.855,0.862,0.602,0.64,0.545,1.0,0.862,0.846,0.68,0.838,0.684
18,B2_2,0.82,0.886,0.764,0.888,0.814,0.951,0.916,0.746,0.638,0.52,0.862,1.0,0.81,0.788,0.892,0.882
18,B2_3,0.826,0.965,0.385,0.943,0.827,0.867,0.861,0.757,0.566,0.414,0.846,0.81,1.0,0.524,0.683,0.703
18,y1,0.861,0.677,0.893,0.73,0.772,0.832,0.65,0.692,0.917,0.685,0.68,0.788,0.524,1.0,0.773,0.88
18,y2,0.748,0.755,0.725,0.788,0.726,0.889,0.855,0.587,0.623,0.72,0.838,0.892,0.683,0.773,1.0,0.811
18,y3,0.907,0.82,0.889,0.872,0.772,0.916,0.787,0.878,0.798,0.681,0.684,0.882,0.703,0.88,0.811,1.0
19,.,1.0,0.873,0.696,0.926,0.926,0.9,0.734,0.867,0.889,0.663,0.777,0.805,0.808,0.856,0.727,0.904
19,A1_1,0.873,1.0,0.526,0.976,0.851,0.941,0.921,0.804,0.68,0.501,0.877,0.886,0.964,0.658,0.744,0.801
19,A1_2,0.696,0.526,1.0,0.606,0.52,0.733,0.578,0.689,0.714,0.553,0.423,0.739,0.356,0.893,0.71,0.889
19,A1_3,0.926,0.976,0.606,1.0,0.879,0.956,0.909,0.873,0.723,0.549,0.847,0.885,0.94,0.715,0.774,0.86
19,B1_1,0.926,0.851,0.52,0.879,1.0,0.836,0.727,0.745,0.77,0.54,0.895,0.812,0.825,0.755,0.711,0.759
19,B1_2,0.9,0.941,0.733,0.956,0.836,1.0,0.919,0.785,0.743,0.626,0.855,0.949,0.867,0.816,0.882,0.901
19,B1_3,0.734,0.921,0.578,0.909,0.727,0.919,1.0,0.731,0.54,0.452,0.866,0.916,0.862,0.624,0.846,0.76
19,A2_1,0.867,0.804,0.689,0.873,0.745,0.785,0.731,1.0,0.694,0.378,0.586,0.732,0.742,0.686,0.566,0.876
19,A2_2,0.889,0.68,0.714,0.723,0.77,0.743,0.54,0.694,1.0,0.719,0.611,0.616,0.542,0.915,0.601,0.797
19,A2_3,0.663,0.501,0.553,0.549,0.54,0.626,0.452,0.378,0.719,1.0,0.518,0.5,0.387,0.678,0.709,0.674
19,B2_1,0.777,0.877,0.423,0.847,0.895,0.855,0.866,0.586,0.611,0.518,1.0,0.864,0.847,0.653,0.827,0.659
19,B2_2,0.805,0.886,0.739,0.885,0.812,0.949,0.916,0.732,0.616,0.5,0.864,1.0,0.81,0.769,0.887,0.863
19,B2_3,0.808,0.964,0.356,0.94,0.825,0.867,0.862,0.742,0.542,0.387,0.847,0.81,1.0,0.497,0.668,0.677
19,y1,0.856,0.658,0.893,0.715,0.755,0.816,0.624,0.686,0.915,0.678,0.653,0.769,0.497,1.0,0.758,0.879
19,y2,0.727,0.744,0.71,0.774,0.711,0.882,0.846,0.566,0.601,0.709,0.827,0.887,0.668,0.758,1.0,0.792
19,y3,0.904,0.801,0.889,0.86,0.759,0.901,0.76,0.876,0.797,0.674,0.659,0.863,0.677,0.879,0.792,1.0
20,.,1.0,0.859,0.691,0.919,0.918,0.888,0.709,0.867,0.888,0.652,0.753,0.787,0.788,0.851,0.703,0.902
20,A1_1,0.859,1.0,0.501,0.975,0.85,0.943,0.92,0.792,0.66,0.479,0.877,0.886,0.962,0.637,0.73,0.779
20,A1_2,0.691,0.501,1.0,0.587,0.499,0.708,0.54,0.683,0.713,0.551,0.39,0.71,0.324,0.894,0.693,0.889
20,A1_3,0.919,0.975,0.587,1.0,0.88,0.956,0.902,0.868,0.71,0.53,0.841,0.881,0.936,0.7,0.757,0.846
20,B1_1,0.918,0.85,0.499,0.88,1.0,0.835,0.724,0.74,0.752,0.517,0.891,0.81,0.824,0.736,0.694,0.744
20,B1_2,0.888,0.943,0.708,0.956,0.835,1.0,0.917,0.774,0.724,0.606,0.856,0.948,0.867,0.797,0.873,0.882
20,B1_3,0.709,0.92,0.54,0.902,0.724,0.917,1.0,0.71,0.508,0.423,0.87,0.917,0.863,0.593,0.834,0.727
20,A2_1,0.867,0.792,0.683,0.868,0.74,0.774,0.71,1.0,0.693,0.364,0.569,0.717,0.725,0.681,0.542,0.874
20,A2_2,0.888,0.66,0.713,0.71,0.752,0.724,0.508,0.693,1.0,0.712,0.579,0.591,0.515,0.912,0.575,0.797
20,A2_3,0.652,0.479,0.551,0.53,0.517,0.606,0.423,0.364,0.712,1.0,0.488,0.477,0.359,0.672,0.697,0.667
20,B2_1,0.753,0.877,0.39,0.841,0.891,0.856,0.87,0.569,0.579,0.488,1.0,0.866,0.848,0.622,0.814,0.629
20,B2_2,0.787,0.886,0.71,0.881,0.81,0.948,0.917,0.717,0.591,0.477,0.866,1.0,0.809,0.746,0.88,0.839
20,B2_3,0.788,0.962,0.324,0.936,0.824,0.867,0.863,0.725,0.515,0.359,0.848,0.809,1.0,0.468,0.651,0.648
20,y1,0.851,0.637,0.894,0.7,0.736,0.797,0.593,0.681,0.912,0.672,0.622,0.746,0.468,1.0,0.74,0.878
20,y2,0.703,0.73,0.693,0.757,0.694,0.873,0.834,0.542,0.575,0.697,0.814,0.88,0.651,0.74,1.0,0.771
20,y3,0.902,0.779,0.889,0.846,0.744,0.882,0.727,0.874,0.797,0.667,0.629,0.839,0.648,0.878,0.771,1.0
21,.,1.0,0.842,0.686,0.911,0.907,0.873,0.679,0.866,0.888,0.639,0.724,0.763,0.763,0.846,0.674,0.898
21,A1_1,0.842,1.0,0.471,0.973,0.85,0.944,0.919,0.778,0.637,0.453,0.877,0.885,0.961,0.612,0.713,0.754
21,A1_2,0.686,0.471,1.0,0.565,0.474,0.677,0.496,0.678,0.713,0.549,0.351,0.675,0.286,0.895,0.673,0.89
21,A1_3,0.911,0.973,0.565,1.0,0.88,0.954,0.893,0.862,0.696,0.508,0.834,0.875,0.932,0.682,0.736,0.829
21,B1_1,0.907,0.85,0.474,0.88,1.0,0.834,0.721,0.732,0.732,0.489,0.886,0.806,0.823,0.713,0.673,0.725
21,B1_2,0.873,0.944,0.677,0.954,0.834,1.0,0.916,0.761,0.7,0.582,0.856,0.947,0.867,0.774,0.861,0.859
21,B1_3,0.679,0.919,0.496,0.893,0.721,0.916,1.0,0.684,0.471,0.389,0.873,0.918,0.865,0.557,0.82,0.688
21,A2_1,0.866,0.778,0.678,0.862,0.732,0.761,0.684,1.0,0.693,0.349,0.547,0.697,0.705,0.676,0.514,0.872
21,A2_2,0.888,0.637,0.713,0.696,0.732,0.7,0.471,0.693,1.0,0.703,0.541,0.561,0.482,0.91,0.545,0.798
21,A2_3,0.639,0.453,0.549,0.508,0.489,0.582,0.389,0.349,0.703,1.0,0.452,0.448,0.324,0.665,0.683,0.658
21,B2_1,0.724,0.877,0.351,0.834,0.886,0.856,0.873,0.547,0.541,0.452,1.0,0.868,0.849,0.586,0.798,0.593
21,B2_2,0.763,0.885,0.675,0.875,0.806,0.947,0.918,0.697,0.561,0.448,0.868,1.0,0.808,0.718,0.871,0.809
21,B2_3,0.763,0.961,0.286,0.932,0.823,0.867,0.865,0.705,0.482,0.324,0.849,0.808,1.0,0.433,0.631,0.612
21,y1,0.846,0.612,0.895,0.682,0.713,0.774,0.557,0.676,0.91,0.665,0.586,0.718,0.433,1.0,0.718,0.878
21,y2,0.674,0.713,0.673,0.736,0.673,0.861,0.82,0.514,0.545,0.683,0.798,0.871,0.631,0.718,1.0,0.745
21,y3,0.898,0.754,0.89,0.829,0.725,0.859,0.688,0.872,0.798,0.658,0.593,0.809,0.612,0.878,0.745,1.0
22,.,1.0,0.824,0.684,0.903,0.892,0.856,0.648,0.867,0.887,0.625,0.691,0.737,0.736,0.841,0.642,0.896
22,A1_1,0.824,1.0,0.441,0.971,0.851,0.946,0.918,0.762,0.612,0.425,0.877,0.884,0.959,0.585,0.695,0.725
22,A1_2,0.684,0.441,1.0,0.544,0.446,0.644,0.451,0.674,0.715,0.549,0.308,0.637,0.247,0.896,0.652,0.892
22,A1_3,0.903,0.971,0.544,1.0,0.88,0.953,0.884,0.857,0.682,0.484,0.825,0.868,0.925,0.663,0.714,0.811
22,B1_1,0.892,0.851,0.446,0.88,1.0,0.833,0.719,0.722,0.707,0.456,0.881,0.803,0.823,0.686,0.65,0.702
22,B1_2,0.856,0.946,0.644,0.953,0.833,1.0,0.915,0.745,0.673,0.554,0.857,0.945,0.867,0.746,0.849,0.831
22,B1_3,0.648,0.918,0.451,0.884,0.719,0.915,1.0,0.657,0.432,0.353,0.877,0.919,0.866,0.518,0.806,0.645
22,A2_1,0.867,0.762,0.674,0.857,0.722,0.745,0.657,1.0,0.693,0.335,0.522,0.675,0.681,0.672,0.485,0.87
22,A2_2,0.887,0.612,0.715,0.682,0.707,0.673,0.432,0.693,1.0,0.695,0.499,0.526,0.446,0.908,0.514,0.8
22,A2_3,0.625,0.425,0.549,0.484,0.456,0.554,0.353,0.335,0.695,1.0,0.411,0.416,0.287,0.659,0.667,0.651
22,B2_1,0.691,0.877,0.308,0.825,0.881,0.857,0.877,0.522,0.499,0.411,1.0,0.871,0.852,0.544,0.779,0.551
22,B2_2,0.737,0.884,0.637,0.868,0.803,0.945,0.919,0.675,0.526,0.416,0.871,1.0,0.808,0.686,0.861,0.773
22,B2_3,0.736,0.959,0.247,0.925,0.823,0.867,0.866,0.681,0.446,0.287,0.852,0.808,1.0,0.395,0.61,0.572
22,y1,0.841,0.585,0.896,0.663,0.686,0.746,0.518,0.672,0.908,0.659,0.544,0.686,0.395,1.0,0.695,0.878
22,y2,0.642,0.695,0.652,0.714,0.65,0.849,0.806,0.485,0.514,0.667,0.779,0.861,0.61,0.695,1.0,0.717
22,y3,0.896,0.725,0.892,0.811,0.702,0.831,0.645,0.87,0.8,0.651,0.551,0.773,0.572,0.878,0.717,1.0
23,.,1.0,0.802,0.682,0.894,0.875,0.835,0.612,0.867,0.887,0.613,0.653,0.705,0.702,0.837,0.607,0.894
23,A1_1,0.802,1.0,0.408,0.968,0.852,0.948,0.917,0.745,0.583,0.393,0.876,0.884,0.957,0.555,0.673,0.691
23,A1_2,0.682,0.408,1.0,0.522,0.415,0.606,0.399,0.67,0.719,0.55,0.262,0.592,0.204,0.898,0.629,0.894
23,A1_3,0.894,0.968,0.522,1.0,0.88,0.95,0.873,0.85,0.666,0.458,0.815,0.86,0.918,0.642,0.687,0.791
23,B1_1,0.875,0.852,0.415,0.88,1.0,0.832,0.718,0.71,0.679,0.422,0.877,0.801,0.822,0.655,0.624,0.676
23,B1_2,0.835,0.948,0.606,0.95,0.832,1.0,0.914,0.727,0.641,0.522,0.858,0.943,0.867,0.714,0.832,0.797
23,B1_3,0.612,0.917,0.399,0.873,0.718,0.914,1.0,0.625,0.388,0.312,0.882,0.92,0.869,0.473,0.787,0.594
23,A2_1,0.867,0.745,0.67,0.85,0.71,0.727,0.625,1.0,0.695,0.321,0.495,0.649,0.655,0.668,0.451,0.868
23,A2_2,0.887,0.583,0.719,0.666,0.679,0.641,0.388,0.695,1.0,0.688,0.451,0.487,0.406,0.907,0.479,0.803
23,A2_3,0.613,0.393,0.55,0.458,0.422,0.522,0.312,0.321,0.688,1.0,0.366,0.38,0.246,0.654,0.651,0.643
23,B2_1,0.653,0.876,0.262,0.815,0.877,0.858,0.882,0.495,0.451,0.366,1.0,0.874,0.854,0.496,0.758,0.503
23,B2_2,0.705,0.884,0.592,0.86,0.801,0.943,0.92,0.649,0.487,0.38,0.874,1.0,0.809,0.647,0.847,0.731
23,B2_3,0.702,0.957,0.204,0.918,0.822,0.867,0.869,0.655,0.406,0.246,0.854,0.809,1.0,0.352,0.584,0.527
23,y1,0.837,0.555,0.898,0.642,0.655,0.714,0.473,0.668,0.907,0.654,0.496,0.647,0.352,1.0,0.669,0.879
23,y2,0.607,0.673,0.629,0.687,0.624,0.832,0.787,0.451,0.479,0.651,0.758,0.847,0.584,0.669,1.0,0.684
23,y3,0.894,0.691,0.894,0.791,0.676,0.797,0.594,0.868,0.803,0.643,0.503,0.731,0.527,0.879,0.684,1.0
24,.,1.0,0.779,0.683,0.884,0.852,0.809,0.573,0.868,0.888,0.599,0.61,0.669,0.665,0.833,0.567,0.892
24,A1_1,0.779,1.0,0.373,0.964,0.853,0.95,0.916,0.725,0.553,0.358,0.875,0.882,0.954,0.521,0.647,0.654
24,A1_2,0.683,0.373,1.0,0.5,0.381,0.563,0.346,0.668,0.724,0.555,0.211,0.542,0.158,0.902,0.607,0.897
24,A1_3,0.884,0.964,0.5,1.0,0.88,0.947,0.861,0.844,0.651,0.429,0.803,0.849,0.908,0.621,0.656,0.769
24,B1_1,0.852,0.853,0.381,0.88,1.0,0.832,0.719,0.694,0.645,0.38,0.874,0.798,0.823,0.617,0.593,0.643
24,B1_2,0.809,0.95,0.563,0.947,0.832,1.0,0.915,0.704,0.605,0.484,0.859,0.942,0.868,0.675,0.813,0.756
24,B1_3,0.573,0.916,0.346,0.861,0.719,0.915,1.0,0.591,0.341,0.266,0.887,0.922,0.871,0.423,0.764,0.539
24,A2_1,0.868,0.725,0.668,0.844,0.694,0.704,0.591,1.0,0.698,0.308,0.463,0.619,0.624,0.665,0.415,0.866
24,A2_2,0.888,0.553,0.724,0.651,0.645,0.605,0.341,0.698,1.0,0.68,0.398,0.443,0.361,0.906,0.443,0.808
24,A2_3,0.599,0.358,0.555,0.429,0.38,0.484,0.266,0.308,0.68,1.0,0.314,0.338,0.198,0.65,0.634,0.637
24,B2_1,0.61,0.875,0.211,0.803,0.874,0.859,0.887,0.463,0.398,0.314,1.0,0.877,0.857,0.442,0.731,0.449
24,B2_2,0.669,0.882,0.542,0.849,0.798,0.942,0.922,0.619,0.443,0.338,0.877,1.0,0.809,0.602,0.83,0.682
24,B2_3,0.665,0.954,0.158,0.908,0.823,0.868,0.871,0.624,0.361,0.198,0.857,0.809,1.0,0.303,0.553,0.475
24,y1,0.833,0.521,0.902,0.621,0.617,0.675,0.423,0.665,0.906,0.65,0.442,0.602,0.303,1.0,0.641,0.88
24,y2,0.567,0.647,0.607,0.656,0.593,0.813,0.764,0.415,0.443,0.634,0.731,0.83,0.553,0.641,1.0,0.648
24,y3,0.892,0.654,0.897,0.769,0.643,0.756,0.539,0.866,0.808,0.637,0.449,0.682,0.475,0.88,0.648,1.0
25,.,1.0,0.751,0.685,0.872,0.823,0.777,0.528,0.868,0.89,0.587,0.561,0.625,0.621,0.83,0.523,0.891
25,A1_1,0.751,1.0,0.335,0.96,0.856,0.953,0.914,0.702,0.519,0.318,0.874,0.881,0.951,0.482,0.615,0.612
25,A1_2,0.685,0.335,1.0,0.477,0.341,0.513,0.287,0.666,0.731,0.56,0.157,0.486,0.107,0.906,0.584,0.901
25,A1_3,0.872,0.96,0.477,1.0,0.879,0.942,0.846,0.836,0.635,0.399,0.788,0.836,0.896,0.597,0.618,0.745
25,B1_1,0.823,0.856,0.341,0.879,1.0,0.832,0.722,0.673,0.605,0.333,0.872,0.797,0.824,0.574,0.558,0.604
25,B1_2,0.777,0.953,0.513,0.942,0.832,1.0,0.915,0.676,0.561,0.44,0.861,0.94,0.869,0.629,0.788,0.706
25,B1_3,0.528,0.914,0.287,0.846,0.722,0.915,1.0,0.553,0.289,0.214,0.892,0.924,0.874,0.366,0.735,0.477
25,A2_1,0.868,0.702,0.666,0.836,0.673,0.676,0.553,1.0,0.701,0.295,0.426,0.583,0.588,0.662,0.373,0.863
25,A2_2,0.89,0.519,0.731,0.635,0.605,0.561,0.289,0.701,1.0,0.675,0.341,0.393,0.311,0.905,0.405,0.814
25,A2_3,0.587,0.318,0.56,0.399,0.333,0.44,0.214,0.295,0.675,1.0,0.257,0.29,0.146,0.647,0.617,0.632
25,B2_1,0.561,0.874,0.157,0.788,0.872,0.861,0.892,0.426,0.341,0.257,1.0,0.881,0.859,0.382,0.698,0.388
25,B2_2,0.625,0.881,0.486,0.836,0.797,0.94,0.924,0.583,0.393,0.29,0.881,1.0,0.811,0.549,0.808,0.624
25,B2_3,0.621,0.951,0.107,0.896,0.824,0.869,0.874,0.588,0.311,0.146,0.859,0.811,1.0,0.249,0.516,0.416
25,y1,0.83,0.482,0.906,0.597,0.574,0.629,0.366,0.662,0.905,0.647,0.382,0.549,0.249,1.0,0.611,0.882
25,y2,0.523,0.615,0.584,0.618,0.558,0.788,0.735,0.373,0.405,0.617,0.698,0.808,0.516,0.611,1.0,0.607
25,y3,0.891,0.612,0.901,0.745,0.604,0.706,0.477,0.863,0.814,0.632,0.388,0.624,0.416,0.882,0.607,1.0
