,,.,A1_1,A1_2,A1_3,B1_1,B1_2,B1_3,A2_1,A2_2,A2_3,B2_1,B2_2,B2_3,y1,y2,y3
0,.,1.0,0.422,0.679,0.706,0.769,0.867,0.807,0.615,0.771,0.704,0.771,0.776,0.87,0.831,0.853,0.84
0,A1_1,0.422,1.0,0.678,0.366,0.353,0.536,0.739,0.322,0.17,0.642,0.311,0.304,0.19,0.423,0.316,0.209
0,A1_2,0.679,0.678,1.0,0.462,0.366,0.691,0.803,0.377,0.451,0.573,0.428,0.571,0.459,0.74,0.628,0.581
0,A1_3,0.706,0.366,0.462,1.0,0.527,0.578,0.639,0.765,0.784,0.612,0.736,0.675,0.816,0.723,0.71,0.743
0,B1_1,0.769,0.353,0.366,0.527,1.0,0.82,0.491,0.588,0.574,0.675,0.679,0.743,0.742,0.623,0.655,0.611
0,B1_2,0.867,0.536,0.691,0.578,0.82,1.0,0.726,0.515,0.655,0.659,0.801,0.739,0.65,0.821,0.865,0.634
0,B1_3,0.807,0.739,0.803,0.639,0.491,0.726,1.0,0.568,0.525,0.795,0.617,0.52,0.61,0.706,0.683,0.621
0,A2_1,0.615,0.322,0.377,0.765,0.588,0.515,0.568,1.0,0.69,0.81,0.724,0.754,0.8,0.545,0.572,0.681
0,A2_2,0.771,0.17,0.451,0.784,0.574,0.655,0.525,0.69,1.0,0.46,0.804,0.836,0.797,0.876,0.899,0.906
0,A2_3,0.704,0.642,0.573,0.612,0.675,0.659,0.795,0.81,0.46,1.0,0.705,0.698,0.68,0.544,0.52,0.512
0,B2_1,0.771,0.311,0.428,0.736,0.679,0.801,0.617,0.724,0.804,0.705,1.0,0.813,0.693,0.758,0.833,0.62
0,B2_2,0.776,0.304,0.571,0.675,0.743,0.739,0.52,0.754,0.836,0.698,0.813,1.0,0.805,0.836,0.793,0.795
0,B2_3,0.87,0.19,0.459,0.816,0.742,0.65,0.61,0.8,0.797,0.68,0.693,0.805,1.0,0.722,0.736,0.898
0,y1,0.831,0.423,0.74,0.723,0.623,0.821,0.706,0.545,0.876,0.544,0.758,0.836,0.722,1.0,0.958,0.86
0,y2,0.853,0.316,0.628,0.71,0.655,0.865,0.683,0.572,0.899,0.52,0.833,0.793,0.736,0.958,1.0,0.843
0,y3,0.84,0.209,0.581,0.743,0.611,0.634,0.621,0.681,0.906,0.512,0.62,0.795,0.898,0.86,0.843,1.0
500,.,1.0,-0.003,0.024,0.017,-0.182,-0.334,-0.352,-0.128,-0.166,-0.069,-0.508,-0.513,-0.371,-0.372,-0.39,-0.319
500,A1_1,-0.003,1.0,0.891,0.867,-0.237,-0.111,-0.173,0.956,0.921,0.984,0.12,0.079,0.018,-0.273,-0.26,-0.192
500,A1_2,0.024,0.891,1.0,0.977,-0.42,-0.265,-0.339,0.856,0.858,0.85,-0.088,-0.15,-0.255,-0.114,-0.1,-0.041
500,A1_3,0.017,0.867,0.977,1.0,-0.452,-0.302,-0.379,0.824,0.842,0.812,-0.104,-0.161,-0.246,-0.062,-0.058,-0.002
500,B1_1,-0.182,-0.237,-0.42,-0.452,1.0,0.913,0.883,-0.336,-0.405,-0.261,0.693,0.73,0.73,0.018,0.025,-0.033
500,B1_2,-0.334,-0.111,-0.265,-0.302,0.913,1.0,0.964,-0.144,-0.203,-0.104,0.882,0.87,0.859,0.127,0.156,0.081
500,B1_3,-0.352,-0.173,-0.339,-0.379,0.883,0.964,1.0,-0.184,-0.243,-0.15,0.839,0.809,0.813,0.199,0.219,0.173
500,A2_1,-0.128,0.956,0.856,0.824,-0.336,-0.144,-0.184,1.0,0.985,0.987,0.165,0.122,0.057,-0.227,-0.196,-0.132
500,A2_2,-0.166,0.921,0.858,0.842,-0.405,-0.203,-0.243,0.985,1.0,0.953,0.127,0.087,0.015,-0.231,-0.197,-0.144
500,A2_3,-0.069,0.984,0.85,0.812,-0.261,-0.104,-0.15,0.987,0.953,1.0,0.172,0.131,0.07,-0.288,-0.263,-0.197
500,B2_1,-0.508,0.12,-0.088,-0.104,0.693,0.882,0.839,0.165,0.127,0.172,1.0,0.982,0.944,-0.003,0.036,-0.034
500,B2_2,-0.513,0.079,-0.15,-0.161,0.73,0.87,0.809,0.122,0.087,0.131,0.982,1.0,0.965,-0.053,-0.016,-0.086
500,B2_3,-0.371,0.018,-0.255,-0.246,0.73,0.859,0.813,0.057,0.015,0.07,0.944,0.965,1.0,-0.026,0.003,-0.051
500,y1,-0.372,-0.273,-0.114,-0.062,0.018,0.127,0.199,-0.227,-0.231,-0.288,-0.003,-0.053,-0.026,1.0,0.993,0.983
500,y2,-0.39,-0.26,-0.1,-0.058,0.025,0.156,0.219,-0.196,-0.197,-0.263,0.036,-0.016,0.003,0.993,1.0,0.976
500,y3,-0.319,-0.192,-0.041,-0.002,-0.033,0.081,0.173,-0.132,-0.144,-0.197,-0.034,-0.086,-0.051,0.983,0.976,1.0
1000,.,1.0,-0.184,-0.164,-0.178,-0.337,-0.501,-0.47,-0.264,-0.291,-0.203,-0.6,-0.582,-0.368,-0.253,-0.3,-0.207
1000,A1_1,-0.184,1.0,0.98,0.978,-0.07,0.0,-0.08,0.971,0.946,0.993,0.087,0.117,-0.065,-0.381,-0.353,-0.267
1000,A1_2,-0.164,0.98,1.0,0.977,-0.209,-0.114,-0.2,0.961,0.966,0.977,-0.021,0.001,-0.196,-0.382,-0.353,-0.269
1000,A1_3,-0.178,0.978,0.977,1.0,-0.129,-0.033,-0.105,0.977,0.971,0.981,0.071,0.083,-0.088,-0.406,-0.385,-0.303
1000,B1_1,-0.337,-0.07,-0.209,-0.129,1.0,0.944,0.919,-0.082,-0.163,-0.079,0.89,0.898,0.941,-0.087,-0.042,-0.119
1000,B1_2,-0.501,0.0,-0.114,-0.033,0.944,1.0,0.968,0.024,-0.051,0.011,0.964,0.924,0.923,-0.04,0.011,-0.078
1000,B1_3,-0.47,-0.08,-0.2,-0.105,0.919,0.968,1.0,-0.058,-0.137,-0.074,0.918,0.851,0.863,0.054,0.097,0.025
1000,A2_1,-0.264,0.971,0.961,0.977,-0.082,0.024,-0.058,1.0,0.981,0.989,0.125,0.147,-0.029,-0.359,-0.333,-0.25
1000,A2_2,-0.291,0.946,0.966,0.971,-0.163,-0.051,-0.137,0.981,1.0,0.96,0.058,0.084,-0.108,-0.345,-0.319,-0.244
1000,A2_3,-0.203,0.993,0.977,0.981,-0.079,0.011,-0.074,0.989,0.96,1.0,0.105,0.13,-0.05,-0.393,-0.366,-0.282
1000,B2_1,-0.6,0.087,-0.021,0.071,0.89,0.964,0.918,0.125,0.058,0.105,1.0,0.975,0.911,-0.162,-0.116,-0.203
1000,B2_2,-0.582,0.117,0.001,0.083,0.898,0.924,0.851,0.147,0.084,0.13,0.975,1.0,0.935,-0.232,-0.192,-0.27
1000,B2_3,-0.368,-0.065,-0.196,-0.088,0.941,0.923,0.863,-0.029,-0.108,-0.05,0.911,0.935,1.0,-0.128,-0.107,-0.176
1000,y1,-0.253,-0.381,-0.382,-0.406,-0.087,-0.04,0.054,-0.359,-0.345,-0.393,-0.162,-0.232,-0.128,1.0,0.993,0.98
1000,y2,-0.3,-0.353,-0.353,-0.385,-0.042,0.011,0.097,-0.333,-0.319,-0.366,-0.116,-0.192,-0.107,0.993,1.0,0.973
1000,y3,-0.207,-0.267,-0.269,-0.303,-0.119,-0.078,0.025,-0.25,-0.244,-0.282,-0.203,-0.27,-0.176,0.98,0.973,1.0
1500,.,1.0,-0.191,-0.176,-0.188,-0.31,-0.479,-0.461,-0.258,-0.293,-0.213,-0.54,-0.531,-0.296,-0.284,-0.332,-0.245
1500,A1_1,-0.191,1.0,0.989,0.983,-0.058,-0.006,-0.072,0.979,0.954,0.994,0.019,0.104,-0.136,-0.375,-0.33,-0.255
1500,A1_2,-0.176,0.989,1.0,0.988,-0.162,-0.094,-0.16,0.979,0.973,0.989,-0.066,0.014,-0.236,-0.392,-0.35,-0.275
1500,A1_3,-0.188,0.983,0.988,1.0,-0.108,-0.04,-0.094,0.985,0.974,0.985,0.002,0.072,-0.16,-0.399,-0.367,-0.293
1500,B1_1,-0.31,-0.058,-0.162,-0.108,1.0,0.957,0.924,-0.073,-0.149,-0.078,0.928,0.911,0.951,-0.082,-0.024,-0.101
1500,B1_2,-0.479,-0.006,-0.094,-0.04,0.957,1.0,0.972,0.0,-0.072,-0.011,0.972,0.922,0.911,-0.042,0.019,-0.068
1500,B1_3,-0.461,-0.072,-0.16,-0.094,0.924,0.972,1.0,-0.06,-0.132,-0.079,0.947,0.863,0.869,0.048,0.101,0.026
1500,A2_1,-0.258,0.979,0.979,0.985,-0.073,0.0,-0.06,1.0,0.983,0.993,0.039,0.117,-0.117,-0.36,-0.327,-0.249
1500,A2_2,-0.293,0.954,0.973,0.974,-0.149,-0.072,-0.132,0.983,1.0,0.967,-0.026,0.058,-0.192,-0.333,-0.3,-0.229
1500,A2_3,-0.213,0.994,0.989,0.985,-0.078,-0.011,-0.079,0.993,0.967,1.0,0.019,0.101,-0.139,-0.382,-0.342,-0.265
1500,B2_1,-0.54,0.019,-0.066,0.002,0.928,0.972,0.947,0.039,-0.026,0.019,1.0,0.97,0.915,-0.138,-0.088,-0.176
1500,B2_2,-0.531,0.104,0.014,0.072,0.911,0.922,0.863,0.117,0.058,0.101,0.97,1.0,0.918,-0.228,-0.18,-0.257
1500,B2_3,-0.296,-0.136,-0.236,-0.16,0.951,0.911,0.869,-0.117,-0.192,-0.139,0.915,0.918,1.0,-0.097,-0.075,-0.147
1500,y1,-0.284,-0.375,-0.392,-0.399,-0.082,-0.042,0.048,-0.36,-0.333,-0.382,-0.138,-0.228,-0.097,1.0,0.991,0.979
1500,y2,-0.332,-0.33,-0.35,-0.367,-0.024,0.019,0.101,-0.327,-0.3,-0.342,-0.088,-0.18,-0.075,0.991,1.0,0.979
1500,y3,-0.245,-0.255,-0.275,-0.293,-0.101,-0.068,0.026,-0.249,-0.229,-0.265,-0.176,-0.257,-0.147,0.979,0.979,1.0
2000,.,1.0,-0.183,-0.167,-0.185,-0.302,-0.466,-0.452,-0.244,-0.267,-0.191,-0.542,-0.516,-0.343,-0.26,-0.302,-0.218
2000,A1_1,-0.183,1.0,0.992,0.986,-0.027,0.005,-0.065,0.982,0.968,0.996,0.054,0.125,-0.045,-0.381,-0.349,-0.272
2000,A1_2,-0.167,0.992,1.0,0.991,-0.115,-0.07,-0.14,0.983,0.98,0.994,-0.019,0.049,-0.129,-0.402,-0.374,-0.297
2000,A1_3,-0.185,0.986,0.991,1.0,-0.072,-0.027,-0.087,0.99,0.986,0.991,0.035,0.096,-0.072,-0.405,-0.383,-0.307
2000,B1_1,-0.302,-0.027,-0.115,-0.072,1.0,0.962,0.925,-0.042,-0.096,-0.051,0.931,0.915,0.973,-0.117,-0.063,-0.131
2000,B1_2,-0.466,0.005,-0.07,-0.027,0.962,1.0,0.971,0.007,-0.045,-0.007,0.975,0.925,0.944,-0.082,-0.025,-0.105
2000,B1_3,-0.452,-0.065,-0.14,-0.087,0.925,0.971,1.0,-0.057,-0.108,-0.077,0.947,0.863,0.895,0.01,0.063,-0.01
2000,A2_1,-0.244,0.982,0.983,0.99,-0.042,0.007,-0.057,1.0,0.99,0.993,0.069,0.134,-0.034,-0.379,-0.356,-0.278
2000,A2_2,-0.267,0.968,0.98,0.986,-0.096,-0.045,-0.108,0.99,1.0,0.978,0.023,0.091,-0.087,-0.364,-0.341,-0.268
2000,A2_3,-0.191,0.996,0.994,0.991,-0.051,-0.007,-0.077,0.993,0.978,1.0,0.046,0.113,-0.058,-0.4,-0.373,-0.295
2000,B2_1,-0.542,0.054,-0.019,0.035,0.931,0.975,0.947,0.069,0.023,0.046,1.0,0.972,0.94,-0.172,-0.122,-0.203
2000,B2_2,-0.516,0.125,0.049,0.096,0.915,0.925,0.863,0.134,0.091,0.113,0.972,1.0,0.945,-0.261,-0.215,-0.284
2000,B2_3,-0.343,-0.045,-0.129,-0.072,0.973,0.944,0.895,-0.034,-0.087,-0.058,0.94,0.945,1.0,-0.144,-0.109,-0.177
2000,y1,-0.26,-0.381,-0.402,-0.405,-0.117,-0.082,0.01,-0.379,-0.364,-0.4,-0.172,-0.261,-0.144,1.0,0.994,0.982
2000,y2,-0.302,-0.349,-0.374,-0.383,-0.063,-0.025,0.063,-0.356,-0.341,-0.373,-0.122,-0.215,-0.109,0.994,1.0,0.981
2000,y3,-0.218,-0.272,-0.297,-0.307,-0.131,-0.105,-0.01,-0.278,-0.268,-0.295,-0.203,-0.284,-0.177,0.982,0.981,1.0
2500,.,1.0,-0.174,-0.156,-0.173,-0.29,-0.449,-0.443,-0.228,-0.246,-0.176,-0.524,-0.504,-0.357,-0.265,-0.304,-0.219
2500,A1_1,-0.174,1.0,0.994,0.988,-0.011,0.017,-0.058,0.985,0.975,0.997,0.068,0.138,0.001,-0.391,-0.363,-0.287
2500,A1_2,-0.156,0.994,1.0,0.993,-0.091,-0.054,-0.127,0.986,0.984,0.996,0.001,0.068,-0.076,-0.412,-0.387,-0.311
2500,A1_3,-0.173,0.988,0.993,1.0,-0.055,-0.018,-0.084,0.992,0.99,0.993,0.046,0.108,-0.03,-0.413,-0.393,-0.318
2500,B1_1,-0.29,-0.011,-0.091,-0.055,1.0,0.963,0.925,-0.026,-0.069,-0.039,0.938,0.92,0.983,-0.132,-0.082,-0.148
2500,B1_2,-0.449,0.017,-0.054,-0.018,0.963,1.0,0.97,0.015,-0.028,-0.002,0.978,0.929,0.96,-0.097,-0.043,-0.122
2500,B1_3,-0.443,-0.058,-0.127,-0.084,0.925,0.97,1.0,-0.053,-0.094,-0.076,0.95,0.869,0.912,-0.008,0.044,-0.03
2500,A2_1,-0.228,0.985,0.986,0.992,-0.026,0.015,-0.053,1.0,0.994,0.993,0.079,0.143,0.007,-0.392,-0.371,-0.294
2500,A2_2,-0.246,0.975,0.984,0.99,-0.069,-0.028,-0.094,0.994,1.0,0.983,0.042,0.108,-0.035,-0.38,-0.359,-0.287
2500,A2_3,-0.176,0.997,0.996,0.993,-0.039,-0.002,-0.076,0.993,0.983,1.0,0.053,0.119,-0.019,-0.412,-0.387,-0.311
2500,B2_1,-0.524,0.068,0.001,0.046,0.938,0.978,0.95,0.079,0.042,0.053,1.0,0.974,0.957,-0.181,-0.133,-0.212
2500,B2_2,-0.504,0.138,0.068,0.108,0.92,0.929,0.869,0.143,0.108,0.119,0.974,1.0,0.954,-0.267,-0.225,-0.292
2500,B2_3,-0.357,0.001,-0.076,-0.03,0.983,0.96,0.912,0.007,-0.035,-0.019,0.957,0.954,1.0,-0.154,-0.117,-0.183
2500,y1,-0.265,-0.391,-0.412,-0.413,-0.132,-0.097,-0.008,-0.392,-0.38,-0.412,-0.181,-0.267,-0.154,1.0,0.995,0.981
2500,y2,-0.304,-0.363,-0.387,-0.393,-0.082,-0.043,0.044,-0.371,-0.359,-0.387,-0.133,-0.225,-0.117,0.995,1.0,0.981
2500,y3,-0.219,-0.287,-0.311,-0.318,-0.148,-0.122,-0.03,-0.294,-0.287,-0.311,-0.212,-0.292,-0.183,0.981,0.981,1.0
3000,.,1.0,-0.172,-0.152,-0.166,-0.283,-0.438,-0.437,-0.219,-0.233,-0.172,-0.515,-0.498,-0.365,-0.273,-0.302,-0.223
3000,A1_1,-0.172,1.0,0.995,0.989,-0.001,0.028,-0.048,0.987,0.98,0.997,0.085,0.148,0.028,-0.382,-0.363,-0.285
3000,A1_2,-0.152,0.995,1.0,0.994,-0.077,-0.04,-0.114,0.988,0.987,0.997,0.02,0.081,-0.045,-0.403,-0.387,-0.309
3000,A1_3,-0.166,0.989,0.994,1.0,-0.047,-0.011,-0.079,0.994,0.992,0.994,0.057,0.115,-0.006,-0.402,-0.391,-0.314
3000,B1_1,-0.283,-0.001,-0.077,-0.047,1.0,0.965,0.929,-0.015,-0.052,-0.03,0.939,0.92,0.985,-0.135,-0.093,-0.149
3000,B1_2,-0.438,0.028,-0.04,-0.011,0.965,1.0,0.969,0.024,-0.012,0.006,0.976,0.931,0.967,-0.106,-0.06,-0.13
3000,B1_3,-0.437,-0.048,-0.114,-0.079,0.929,0.969,1.0,-0.045,-0.08,-0.068,0.949,0.874,0.923,-0.019,0.026,-0.042
3000,A2_1,-0.219,0.987,0.988,0.994,-0.015,0.024,-0.045,1.0,0.996,0.994,0.092,0.15,0.032,-0.383,-0.37,-0.292
3000,A2_2,-0.233,0.98,0.987,0.992,-0.052,-0.012,-0.08,0.996,1.0,0.987,0.061,0.121,-0.004,-0.374,-0.362,-0.288
3000,A2_3,-0.172,0.997,0.997,0.994,-0.03,0.006,-0.068,0.994,0.987,1.0,0.067,0.127,0.005,-0.403,-0.387,-0.308
3000,B2_1,-0.515,0.085,0.02,0.057,0.939,0.976,0.949,0.092,0.061,0.067,1.0,0.978,0.966,-0.189,-0.149,-0.219
3000,B2_2,-0.498,0.148,0.081,0.115,0.92,0.931,0.874,0.15,0.121,0.127,0.978,1.0,0.958,-0.268,-0.233,-0.292
3000,B2_3,-0.365,0.028,-0.045,-0.006,0.985,0.967,0.923,0.032,-0.004,0.005,0.966,0.958,1.0,-0.159,-0.127,-0.184
3000,y1,-0.273,-0.382,-0.403,-0.402,-0.135,-0.106,-0.019,-0.383,-0.374,-0.403,-0.189,-0.268,-0.159,1.0,0.995,0.981
3000,y2,-0.302,-0.363,-0.387,-0.391,-0.093,-0.06,0.026,-0.37,-0.362,-0.387,-0.149,-0.233,-0.127,0.995,1.0,0.982
3000,y3,-0.223,-0.285,-0.309,-0.314,-0.149,-0.13,-0.042,-0.292,-0.288,-0.308,-0.219,-0.292,-0.184,0.981,0.982,1.0
3500,.,1.0,-0.165,-0.143,-0.157,-0.277,-0.428,-0.428,-0.21,-0.221,-0.163,-0.508,-0.495,-0.371,-0.269,-0.294,-0.214
3500,A1_1,-0.165,1.0,0.995,0.99,0.006,0.04,-0.039,0.987,0.982,0.997,0.1,0.158,0.046,-0.407,-0.396,-0.311
3500,A1_2,-0.143,0.995,1.0,0.994,-0.067,-0.027,-0.104,0.989,0.988,0.998,0.037,0.093,-0.024,-0.427,-0.418,-0.335
3500,A1_3,-0.157,0.99,0.994,1.0,-0.04,-0.001,-0.072,0.994,0.993,0.995,0.071,0.125,0.011,-0.427,-0.422,-0.341
3500,B1_1,-0.277,0.006,-0.067,-0.04,1.0,0.969,0.936,-0.008,-0.04,-0.024,0.939,0.917,0.985,-0.15,-0.112,-0.162
3500,B1_2,-0.428,0.04,-0.027,-0.001,0.969,1.0,0.969,0.035,0.003,0.016,0.973,0.935,0.973,-0.131,-0.09,-0.154
3500,B1_3,-0.428,-0.039,-0.104,-0.072,0.936,0.969,1.0,-0.036,-0.067,-0.062,0.947,0.881,0.934,-0.044,-0.002,-0.065
3500,A2_1,-0.21,0.987,0.989,0.994,-0.008,0.035,-0.036,1.0,0.997,0.994,0.107,0.16,0.05,-0.409,-0.403,-0.322
3500,A2_2,-0.221,0.982,0.988,0.993,-0.04,0.003,-0.067,0.997,1.0,0.989,0.08,0.134,0.018,-0.403,-0.397,-0.32
3500,A2_3,-0.163,0.997,0.998,0.995,-0.024,0.016,-0.062,0.994,0.989,1.0,0.079,0.135,0.022,-0.427,-0.418,-0.335
3500,B2_1,-0.508,0.1,0.037,0.071,0.939,0.973,0.947,0.107,0.08,0.079,1.0,0.984,0.972,-0.219,-0.184,-0.25
3500,B2_2,-0.495,0.158,0.093,0.125,0.917,0.935,0.881,0.16,0.134,0.135,0.984,1.0,0.961,-0.288,-0.257,-0.312
3500,B2_3,-0.371,0.046,-0.024,0.011,0.985,0.973,0.934,0.05,0.018,0.022,0.972,0.961,1.0,-0.179,-0.149,-0.202
3500,y1,-0.269,-0.407,-0.427,-0.427,-0.15,-0.131,-0.044,-0.409,-0.403,-0.427,-0.219,-0.288,-0.179,1.0,0.996,0.979
3500,y2,-0.294,-0.396,-0.418,-0.422,-0.112,-0.09,-0.002,-0.403,-0.397,-0.418,-0.184,-0.257,-0.149,0.996,1.0,0.98
3500,y3,-0.214,-0.311,-0.335,-0.341,-0.162,-0.154,-0.065,-0.322,-0.32,-0.335,-0.25,-0.312,-0.202,0.979,0.98,1.0
4000,.,1.0,-0.158,-0.132,-0.146,-0.268,-0.411,-0.414,-0.201,-0.21,-0.154,-0.498,-0.488,-0.371,-0.285,-0.308,-0.228
4000,A1_1,-0.158,1.0,0.996,0.989,0.006,0.041,-0.037,0.988,0.983,0.998,0.106,0.159,0.056,-0.399,-0.384,-0.303
4000,A1_2,-0.132,0.996,1.0,0.994,-0.065,-0.024,-0.101,0.989,0.988,0.998,0.044,0.096,-0.013,-0.42,-0.408,-0.328
4000,A1_3,-0.146,0.989,0.994,1.0,-0.043,-0.003,-0.073,0.994,0.994,0.994,0.075,0.124,0.019,-0.417,-0.411,-0.333
4000,B1_1,-0.268,0.006,-0.065,-0.043,1.0,0.971,0.943,-0.006,-0.034,-0.024,0.939,0.917,0.984,-0.155,-0.115,-0.16
4000,B1_2,-0.411,0.041,-0.024,-0.003,0.971,1.0,0.969,0.036,0.009,0.016,0.97,0.934,0.975,-0.133,-0.09,-0.15
4000,B1_3,-0.414,-0.037,-0.101,-0.073,0.943,0.969,1.0,-0.033,-0.06,-0.061,0.945,0.887,0.941,-0.054,-0.011,-0.07
4000,A2_1,-0.201,0.988,0.989,0.994,-0.006,0.036,-0.033,1.0,0.998,0.994,0.114,0.161,0.06,-0.4,-0.393,-0.315
4000,A2_2,-0.21,0.983,0.988,0.994,-0.034,0.009,-0.06,0.998,1.0,0.99,0.091,0.14,0.033,-0.396,-0.389,-0.316
4000,A2_3,-0.154,0.998,0.998,0.994,-0.024,0.016,-0.061,0.994,0.99,1.0,0.084,0.135,0.03,-0.419,-0.407,-0.327
4000,B2_1,-0.498,0.106,0.044,0.075,0.939,0.97,0.945,0.114,0.091,0.084,1.0,0.986,0.975,-0.227,-0.192,-0.254
4000,B2_2,-0.488,0.159,0.096,0.124,0.917,0.934,0.887,0.161,0.14,0.135,0.986,1.0,0.963,-0.29,-0.258,-0.309
4000,B2_3,-0.371,0.056,-0.013,0.019,0.984,0.975,0.941,0.06,0.033,0.03,0.975,0.963,1.0,-0.185,-0.153,-0.201
4000,y1,-0.285,-0.399,-0.42,-0.417,-0.155,-0.133,-0.054,-0.4,-0.396,-0.419,-0.227,-0.29,-0.185,1.0,0.995,0.977
4000,y2,-0.308,-0.384,-0.408,-0.411,-0.115,-0.09,-0.011,-0.393,-0.389,-0.407,-0.192,-0.258,-0.153,0.995,1.0,0.98
4000,y3,-0.228,-0.303,-0.328,-0.333,-0.16,-0.15,-0.07,-0.315,-0.316,-0.327,-0.254,-0.309,-0.201,0.977,0.98,1.0
4500,.,1.0,-0.149,-0.12,-0.135,-0.265,-0.401,-0.403,-0.192,-0.2,-0.144,-0.49,-0.486,-0.369,-0.292,-0.316,-0.229
4500,A1_1,-0.149,1.0,0.996,0.989,0.005,0.044,-0.032,0.987,0.983,0.998,0.111,0.161,0.053,-0.418,-0.409,-0.329
4500,A1_2,-0.12,0.996,1.0,0.994,-0.065,-0.02,-0.097,0.988,0.988,0.998,0.049,0.098,-0.014,-0.439,-0.433,-0.354
4500,A1_3,-0.135,0.989,0.994,1.0,-0.044,0.0,-0.07,0.994,0.994,0.993,0.079,0.126,0.016,-0.436,-0.435,-0.359
4500,B1_1,-0.265,0.005,-0.065,-0.044,1.0,0.974,0.952,-0.004,-0.031,-0.025,0.939,0.915,0.984,-0.142,-0.101,-0.151
4500,B1_2,-0.401,0.044,-0.02,0.0,0.974,1.0,0.97,0.041,0.016,0.02,0.966,0.934,0.976,-0.127,-0.086,-0.15
4500,B1_3,-0.403,-0.032,-0.097,-0.07,0.952,0.97,1.0,-0.027,-0.053,-0.057,0.944,0.894,0.95,-0.051,-0.007,-0.069
4500,A2_1,-0.192,0.987,0.988,0.994,-0.004,0.041,-0.027,1.0,0.998,0.993,0.12,0.165,0.059,-0.42,-0.417,-0.342
4500,A2_2,-0.2,0.983,0.988,0.994,-0.031,0.016,-0.053,0.998,1.0,0.99,0.099,0.145,0.035,-0.416,-0.414,-0.343
4500,A2_3,-0.144,0.998,0.998,0.993,-0.025,0.02,-0.057,0.993,0.99,1.0,0.089,0.137,0.028,-0.438,-0.431,-0.353
4500,B2_1,-0.49,0.111,0.049,0.079,0.939,0.966,0.944,0.12,0.099,0.089,1.0,0.989,0.977,-0.226,-0.19,-0.258
4500,B2_2,-0.486,0.161,0.098,0.126,0.915,0.934,0.894,0.165,0.145,0.137,0.989,1.0,0.964,-0.28,-0.248,-0.305
4500,B2_3,-0.369,0.053,-0.014,0.016,0.984,0.976,0.95,0.059,0.035,0.028,0.977,0.964,1.0,-0.173,-0.141,-0.194
4500,y1,-0.292,-0.418,-0.439,-0.436,-0.142,-0.127,-0.051,-0.42,-0.416,-0.438,-0.226,-0.28,-0.173,1.0,0.995,0.975
4500,y2,-0.316,-0.409,-0.433,-0.435,-0.101,-0.086,-0.007,-0.417,-0.414,-0.431,-0.19,-0.248,-0.141,0.995,1.0,0.977
4500,y3,-0.229,-0.329,-0.354,-0.359,-0.151,-0.15,-0.069,-0.342,-0.343,-0.353,-0.258,-0.305,-0.194,0.975,0.977,1.0
5000,.,1.0,-0.139,-0.11,-0.126,-0.278,-0.401,-0.403,-0.184,-0.192,-0.135,-0.495,-0.498,-0.379,-0.294,-0.307,-0.232
5000,A1_1,-0.139,1.0,0.996,0.99,0.009,0.055,-0.021,0.988,0.984,0.998,0.123,0.168,0.056,-0.43,-0.431,-0.346
5000,A1_2,-0.11,0.996,1.0,0.994,-0.058,-0.008,-0.084,0.988,0.988,0.998,0.064,0.109,-0.009,-0.447,-0.451,-0.368
5000,A1_3,-0.126,0.99,0.994,1.0,-0.036,0.014,-0.057,0.994,0.994,0.993,0.093,0.136,0.021,-0.444,-0.452,-0.373
5000,B1_1,-0.278,0.009,-0.058,-0.036,1.0,0.975,0.962,0.005,-0.02,-0.018,0.939,0.913,0.986,-0.15,-0.121,-0.157
5000,B1_2,-0.401,0.055,-0.008,0.014,0.975,1.0,0.972,0.056,0.033,0.032,0.964,0.934,0.978,-0.141,-0.113,-0.161
5000,B1_3,-0.403,-0.021,-0.084,-0.057,0.962,0.972,1.0,-0.012,-0.038,-0.045,0.943,0.899,0.959,-0.068,-0.037,-0.083
5000,A2_1,-0.184,0.988,0.988,0.994,0.005,0.056,-0.012,1.0,0.998,0.993,0.134,0.176,0.065,-0.427,-0.434,-0.355
5000,A2_2,-0.192,0.984,0.988,0.994,-0.02,0.033,-0.038,0.998,1.0,0.99,0.116,0.158,0.042,-0.424,-0.431,-0.359
5000,A2_3,-0.135,0.998,0.998,0.993,-0.018,0.032,-0.045,0.993,0.99,1.0,0.102,0.147,0.032,-0.447,-0.45,-0.367
5000,B2_1,-0.495,0.123,0.064,0.093,0.939,0.964,0.943,0.134,0.116,0.102,1.0,0.992,0.977,-0.245,-0.222,-0.275
5000,B2_2,-0.498,0.168,0.109,0.136,0.913,0.934,0.899,0.176,0.158,0.147,0.992,1.0,0.962,-0.293,-0.274,-0.317
5000,B2_3,-0.379,0.056,-0.009,0.021,0.986,0.978,0.959,0.065,0.042,0.032,0.977,0.962,1.0,-0.184,-0.163,-0.202
5000,y1,-0.294,-0.43,-0.447,-0.444,-0.15,-0.141,-0.068,-0.427,-0.424,-0.447,-0.245,-0.293,-0.184,1.0,0.996,0.974
5000,y2,-0.307,-0.431,-0.451,-0.452,-0.121,-0.113,-0.037,-0.434,-0.431,-0.45,-0.222,-0.274,-0.163,0.996,1.0,0.975
5000,y3,-0.232,-0.346,-0.368,-0.373,-0.157,-0.161,-0.083,-0.355,-0.359,-0.367,-0.275,-0.317,-0.202,0.974,0.975,1.0
5500,.,1.0,-0.126,-0.095,-0.113,-0.293,-0.399,-0.402,-0.174,-0.183,-0.125,-0.497,-0.512,-0.385,-0.313,-0.322,-0.249
5500,A1_1,-0.126,1.0,0.997,0.99,0.011,0.062,-0.013,0.988,0.983,0.998,0.132,0.176,0.051,-0.441,-0.447,-0.361
5500,A1_2,-0.095,0.997,1.0,0.994,-0.054,0.002,-0.074,0.988,0.987,0.998,0.075,0.119,-0.013,-0.457,-0.466,-0.382
5500,A1_3,-0.113,0.99,0.994,1.0,-0.03,0.025,-0.047,0.994,0.994,0.994,0.104,0.146,0.017,-0.45,-0.464,-0.384
5500,B1_1,-0.293,0.011,-0.054,-0.03,1.0,0.976,0.97,0.013,-0.01,-0.011,0.941,0.911,0.987,-0.136,-0.111,-0.148
5500,B1_2,-0.399,0.062,0.002,0.025,0.976,1.0,0.974,0.07,0.048,0.045,0.964,0.934,0.977,-0.128,-0.106,-0.152
5500,B1_3,-0.402,-0.013,-0.074,-0.047,0.97,0.974,1.0,-0.0,-0.025,-0.032,0.942,0.901,0.965,-0.06,-0.034,-0.077
5500,A2_1,-0.174,0.988,0.988,0.994,0.013,0.07,-0.0,1.0,0.998,0.992,0.148,0.188,0.064,-0.431,-0.443,-0.363
5500,A2_2,-0.183,0.983,0.987,0.994,-0.01,0.048,-0.025,0.998,1.0,0.989,0.131,0.172,0.042,-0.428,-0.441,-0.369
5500,A2_3,-0.125,0.998,0.998,0.994,-0.011,0.045,-0.032,0.992,0.989,1.0,0.117,0.16,0.032,-0.455,-0.463,-0.38
5500,B2_1,-0.497,0.132,0.075,0.104,0.941,0.964,0.942,0.148,0.131,0.117,1.0,0.992,0.976,-0.237,-0.218,-0.272
5500,B2_2,-0.512,0.176,0.119,0.146,0.911,0.934,0.901,0.188,0.172,0.16,0.992,1.0,0.958,-0.281,-0.266,-0.31
5500,B2_3,-0.385,0.051,-0.013,0.017,0.987,0.977,0.965,0.064,0.042,0.032,0.976,0.958,1.0,-0.164,-0.147,-0.188
5500,y1,-0.313,-0.441,-0.457,-0.45,-0.136,-0.128,-0.06,-0.431,-0.428,-0.455,-0.237,-0.281,-0.164,1.0,0.996,0.971
5500,y2,-0.322,-0.447,-0.466,-0.464,-0.111,-0.106,-0.034,-0.443,-0.441,-0.463,-0.218,-0.266,-0.147,0.996,1.0,0.973
5500,y3,-0.249,-0.361,-0.382,-0.384,-0.148,-0.152,-0.077,-0.363,-0.369,-0.38,-0.272,-0.31,-0.188,0.971,0.973,1.0
6000,.,1.0,-0.109,-0.071,-0.093,-0.29,-0.392,-0.396,-0.161,-0.167,-0.118,-0.502,-0.527,-0.398,-0.329,-0.323,-0.254
6000,A1_1,-0.109,1.0,0.997,0.989,0.014,0.073,-0.013,0.987,0.983,0.998,0.154,0.196,0.065,-0.427,-0.451,-0.37
6000,A1_2,-0.071,0.997,1.0,0.992,-0.053,0.01,-0.079,0.984,0.983,0.996,0.094,0.137,-0.002,-0.442,-0.468,-0.389
6000,A1_3,-0.093,0.989,0.992,1.0,-0.03,0.036,-0.052,0.993,0.993,0.993,0.126,0.167,0.031,-0.435,-0.464,-0.392
6000,B1_1,-0.29,0.014,-0.053,-0.03,1.0,0.974,0.967,0.018,-0.004,0.001,0.933,0.896,0.983,-0.133,-0.124,-0.148
6000,B1_2,-0.392,0.073,0.01,0.036,0.974,1.0,0.967,0.087,0.067,0.067,0.962,0.927,0.977,-0.112,-0.109,-0.147
6000,B1_3,-0.396,-0.013,-0.079,-0.052,0.967,0.967,1.0,0.001,-0.023,-0.024,0.926,0.882,0.96,-0.048,-0.038,-0.069
6000,A2_1,-0.161,0.987,0.984,0.993,0.018,0.087,0.001,1.0,0.998,0.994,0.176,0.214,0.084,-0.414,-0.441,-0.369
6000,A2_2,-0.167,0.983,0.983,0.993,-0.004,0.067,-0.023,0.998,1.0,0.991,0.161,0.201,0.064,-0.414,-0.442,-0.379
6000,A2_3,-0.118,0.998,0.996,0.993,0.001,0.067,-0.024,0.994,0.991,1.0,0.15,0.191,0.057,-0.438,-0.463,-0.386
6000,B2_1,-0.502,0.154,0.094,0.126,0.933,0.962,0.926,0.176,0.161,0.15,1.0,0.992,0.975,-0.23,-0.232,-0.277
6000,B2_2,-0.527,0.196,0.137,0.167,0.896,0.927,0.882,0.214,0.201,0.191,0.992,1.0,0.954,-0.274,-0.279,-0.315
6000,B2_3,-0.398,0.065,-0.002,0.031,0.983,0.977,0.96,0.084,0.064,0.057,0.975,0.954,1.0,-0.16,-0.16,-0.19
6000,y1,-0.329,-0.427,-0.442,-0.435,-0.133,-0.112,-0.048,-0.414,-0.414,-0.438,-0.23,-0.274,-0.16,1.0,0.997,0.968
6000,y2,-0.323,-0.451,-0.468,-0.464,-0.124,-0.109,-0.038,-0.441,-0.442,-0.463,-0.232,-0.279,-0.16,0.997,1.0,0.969
6000,y3,-0.254,-0.37,-0.389,-0.392,-0.148,-0.147,-0.069,-0.369,-0.379,-0.386,-0.277,-0.315,-0.19,0.968,0.969,1.0
6500,.,1.0,-0.022,0.02,-0.017,-0.11,-0.271,-0.296,-0.088,-0.082,-0.038,-0.424,-0.431,-0.321,-0.395,-0.404,-0.328
6500,A1_1,-0.022,1.0,0.987,0.994,-0.034,0.003,-0.077,0.987,0.982,0.997,0.128,0.166,0.044,-0.361,-0.375,-0.282
6500,A1_2,0.02,0.987,1.0,0.99,-0.084,-0.061,-0.158,0.957,0.952,0.978,0.035,0.078,-0.054,-0.344,-0.36,-0.264
6500,A1_3,-0.017,0.994,0.99,1.0,-0.057,-0.02,-0.108,0.97,0.969,0.986,0.095,0.135,0.004,-0.325,-0.341,-0.257
6500,B1_1,-0.11,-0.034,-0.084,-0.057,1.0,0.965,0.903,-0.075,-0.105,-0.065,0.854,0.82,0.898,-0.083,-0.043,-0.072
6500,B1_2,-0.271,0.003,-0.061,-0.02,0.965,1.0,0.94,-0.011,-0.039,-0.016,0.925,0.875,0.939,-0.055,-0.017,-0.061
6500,B1_3,-0.296,-0.077,-0.158,-0.108,0.903,0.94,1.0,-0.08,-0.108,-0.094,0.857,0.805,0.884,0.052,0.094,0.06
6500,A2_1,-0.088,0.987,0.957,0.97,-0.075,-0.011,-0.08,1.0,0.997,0.995,0.153,0.186,0.068,-0.369,-0.384,-0.295
6500,A2_2,-0.082,0.982,0.952,0.969,-0.105,-0.039,-0.108,0.997,1.0,0.991,0.135,0.169,0.044,-0.381,-0.395,-0.318
6500,A2_3,-0.038,0.997,0.978,0.986,-0.065,-0.016,-0.094,0.995,0.991,1.0,0.124,0.16,0.038,-0.383,-0.396,-0.307
6500,B2_1,-0.424,0.128,0.035,0.095,0.854,0.925,0.857,0.153,0.135,0.124,1.0,0.985,0.977,-0.19,-0.164,-0.211
6500,B2_2,-0.431,0.166,0.078,0.135,0.82,0.875,0.805,0.186,0.169,0.16,0.985,1.0,0.952,-0.239,-0.219,-0.258
6500,B2_3,-0.321,0.044,-0.054,0.004,0.898,0.939,0.884,0.068,0.044,0.038,0.977,0.952,1.0,-0.129,-0.101,-0.133
6500,y1,-0.395,-0.361,-0.344,-0.325,-0.083,-0.055,0.052,-0.369,-0.381,-0.383,-0.19,-0.239,-0.129,1.0,0.997,0.97
6500,y2,-0.404,-0.375,-0.36,-0.341,-0.043,-0.017,0.094,-0.384,-0.395,-0.396,-0.164,-0.219,-0.101,0.997,1.0,0.968
6500,y3,-0.328,-0.282,-0.264,-0.257,-0.072,-0.061,0.06,-0.295,-0.318,-0.307,-0.211,-0.258,-0.133,0.97,0.968,1.0
7000,.,1.0,-0.057,0.003,-0.031,-0.197,-0.38,-0.371,-0.11,-0.105,-0.071,-0.478,-0.492,-0.375,-0.368,-0.352,-0.282
7000,A1_1,-0.057,1.0,0.989,0.996,-0.052,0.042,-0.085,0.988,0.986,0.998,0.139,0.178,0.049,-0.38,-0.408,-0.326
7000,A1_2,0.003,0.989,1.0,0.989,-0.106,-0.04,-0.167,0.961,0.961,0.983,0.054,0.097,-0.041,-0.379,-0.41,-0.327
7000,A1_3,-0.031,0.996,0.989,1.0,-0.103,-0.002,-0.133,0.985,0.986,0.994,0.099,0.139,0.003,-0.383,-0.414,-0.339
7000,B1_1,-0.197,-0.052,-0.106,-0.103,1.0,0.932,0.919,-0.082,-0.105,-0.074,0.873,0.839,0.924,-0.142,-0.097,-0.121
7000,B1_2,-0.38,0.042,-0.04,-0.002,0.932,1.0,0.933,0.056,0.035,0.037,0.961,0.924,0.977,-0.133,-0.103,-0.138
7000,B1_3,-0.371,-0.085,-0.167,-0.133,0.919,0.933,1.0,-0.077,-0.102,-0.094,0.869,0.817,0.898,-0.019,0.025,-0.009
7000,A2_1,-0.11,0.988,0.961,0.985,-0.082,0.056,-0.077,1.0,0.999,0.995,0.159,0.193,0.068,-0.382,-0.411,-0.332
7000,A2_2,-0.105,0.986,0.961,0.986,-0.105,0.035,-0.102,0.999,1.0,0.993,0.142,0.178,0.047,-0.388,-0.417,-0.347
7000,A2_3,-0.071,0.998,0.983,0.994,-0.074,0.037,-0.094,0.995,0.993,1.0,0.136,0.173,0.044,-0.392,-0.42,-0.34
7000,B2_1,-0.478,0.139,0.054,0.099,0.873,0.961,0.869,0.159,0.142,0.136,1.0,0.992,0.976,-0.249,-0.234,-0.272
7000,B2_2,-0.492,0.178,0.097,0.139,0.839,0.924,0.817,0.193,0.178,0.173,0.992,1.0,0.956,-0.287,-0.28,-0.311
7000,B2_3,-0.375,0.049,-0.041,0.003,0.924,0.977,0.898,0.068,0.047,0.044,0.976,0.956,1.0,-0.191,-0.166,-0.188
7000,y1,-0.368,-0.38,-0.379,-0.383,-0.142,-0.133,-0.019,-0.382,-0.388,-0.392,-0.249,-0.287,-0.191,1.0,0.995,0.965
7000,y2,-0.352,-0.408,-0.41,-0.414,-0.097,-0.103,0.025,-0.411,-0.417,-0.42,-0.234,-0.28,-0.166,0.995,1.0,0.967
7000,y3,-0.282,-0.326,-0.327,-0.339,-0.121,-0.138,-0.009,-0.332,-0.347,-0.34,-0.272,-0.311,-0.188,0.965,0.967,1.0
7500,.,1.0,-0.021,0.043,0.012,-0.143,-0.308,-0.322,-0.079,-0.069,-0.044,-0.436,-0.47,-0.343,-0.414,-0.412,-0.338
7500,A1_1,-0.021,1.0,0.984,0.995,-0.048,0.021,-0.073,0.989,0.985,0.997,0.157,0.197,0.051,-0.42,-0.442,-0.357
7500,A1_2,0.043,0.984,1.0,0.992,-0.094,-0.053,-0.158,0.954,0.949,0.973,0.063,0.108,-0.049,-0.411,-0.44,-0.35
7500,A1_3,0.012,0.995,0.992,1.0,-0.081,-0.021,-0.12,0.975,0.974,0.987,0.11,0.152,-0.003,-0.408,-0.434,-0.355
7500,B1_1,-0.143,-0.048,-0.094,-0.081,1.0,0.952,0.918,-0.082,-0.113,-0.072,0.846,0.806,0.898,-0.098,-0.059,-0.093
7500,B1_2,-0.308,0.021,-0.053,-0.021,0.952,1.0,0.951,0.019,-0.009,0.014,0.945,0.897,0.962,-0.084,-0.049,-0.097
7500,B1_3,-0.322,-0.073,-0.158,-0.12,0.918,0.951,1.0,-0.071,-0.102,-0.08,0.857,0.805,0.897,0.02,0.063,0.027
7500,A2_1,-0.079,0.989,0.954,0.975,-0.082,0.019,-0.071,1.0,0.997,0.997,0.18,0.215,0.074,-0.419,-0.44,-0.358
7500,A2_2,-0.069,0.985,0.949,0.974,-0.113,-0.009,-0.102,0.997,1.0,0.993,0.16,0.197,0.049,-0.429,-0.45,-0.38
7500,A2_3,-0.044,0.997,0.973,0.987,-0.072,0.014,-0.08,0.997,0.993,1.0,0.162,0.199,0.055,-0.429,-0.451,-0.368
7500,B2_1,-0.436,0.157,0.063,0.11,0.846,0.945,0.857,0.18,0.16,0.162,1.0,0.987,0.973,-0.206,-0.185,-0.239
7500,B2_2,-0.47,0.197,0.108,0.152,0.806,0.897,0.805,0.215,0.197,0.199,0.987,1.0,0.943,-0.25,-0.237,-0.285
7500,B2_3,-0.343,0.051,-0.049,-0.003,0.898,0.962,0.897,0.074,0.049,0.055,0.973,0.943,1.0,-0.137,-0.108,-0.147
7500,y1,-0.414,-0.42,-0.411,-0.408,-0.098,-0.084,0.02,-0.419,-0.429,-0.429,-0.206,-0.25,-0.137,1.0,0.996,0.961
7500,y2,-0.412,-0.442,-0.44,-0.434,-0.059,-0.049,0.063,-0.44,-0.45,-0.451,-0.185,-0.237,-0.108,0.996,1.0,0.962
7500,y3,-0.338,-0.357,-0.35,-0.355,-0.093,-0.097,0.027,-0.358,-0.38,-0.368,-0.239,-0.285,-0.147,0.961,0.962,1.0
8000,.,1.0,-0.01,0.057,0.027,-0.116,-0.266,-0.285,-0.066,-0.056,-0.043,-0.412,-0.45,-0.3,-0.448,-0.445,-0.382
8000,A1_1,-0.01,1.0,0.983,0.994,-0.042,0.024,-0.058,0.991,0.985,0.996,0.171,0.205,0.014,-0.456,-0.473,-0.39
8000,A1_2,0.057,0.983,1.0,0.993,-0.086,-0.046,-0.14,0.956,0.948,0.967,0.074,0.112,-0.091,-0.453,-0.475,-0.387
8000,A1_3,0.027,0.994,0.993,1.0,-0.069,-0.015,-0.102,0.972,0.969,0.981,0.12,0.156,-0.046,-0.444,-0.463,-0.387
8000,B1_1,-0.116,-0.042,-0.086,-0.069,1.0,0.958,0.926,-0.075,-0.113,-0.066,0.835,0.801,0.89,-0.079,-0.04,-0.071
8000,B1_2,-0.266,0.024,-0.046,-0.015,0.958,1.0,0.957,0.017,-0.017,0.018,0.934,0.886,0.944,-0.065,-0.027,-0.07
8000,B1_3,-0.285,-0.058,-0.14,-0.102,0.926,0.957,1.0,-0.061,-0.097,-0.062,0.854,0.812,0.898,0.032,0.073,0.046
8000,A2_1,-0.066,0.991,0.956,0.972,-0.075,0.017,-0.061,1.0,0.996,0.999,0.192,0.223,0.036,-0.451,-0.466,-0.387
8000,A2_2,-0.056,0.985,0.948,0.969,-0.113,-0.017,-0.097,0.996,1.0,0.993,0.172,0.203,0.008,-0.462,-0.477,-0.412
8000,A2_3,-0.043,0.996,0.967,0.981,-0.066,0.018,-0.062,0.999,0.993,1.0,0.183,0.214,0.026,-0.46,-0.475,-0.395
8000,B2_1,-0.412,0.171,0.074,0.12,0.835,0.934,0.854,0.192,0.172,0.183,1.0,0.984,0.951,-0.186,-0.16,-0.216
8000,B2_2,-0.45,0.205,0.112,0.156,0.801,0.886,0.812,0.223,0.203,0.214,0.984,1.0,0.922,-0.223,-0.206,-0.257
8000,B2_3,-0.3,0.014,-0.091,-0.046,0.89,0.944,0.898,0.036,0.008,0.026,0.951,0.922,1.0,-0.076,-0.046,-0.089
8000,y1,-0.448,-0.456,-0.453,-0.444,-0.079,-0.065,0.032,-0.451,-0.462,-0.46,-0.186,-0.223,-0.076,1.0,0.997,0.961
8000,y2,-0.445,-0.473,-0.475,-0.463,-0.04,-0.027,0.073,-0.466,-0.477,-0.475,-0.16,-0.206,-0.046,0.997,1.0,0.96
8000,y3,-0.382,-0.39,-0.387,-0.387,-0.071,-0.07,0.046,-0.387,-0.412,-0.395,-0.216,-0.257,-0.089,0.961,0.96,1.0
8500,.,1.0,-0.017,0.052,0.024,-0.118,-0.267,-0.283,-0.069,-0.058,-0.051,-0.415,-0.455,-0.299,-0.446,-0.445,-0.384
8500,A1_1,-0.017,1.0,0.984,0.993,-0.041,0.027,-0.054,0.992,0.985,0.995,0.176,0.209,0.006,-0.479,-0.496,-0.415
8500,A1_2,0.052,0.984,1.0,0.994,-0.086,-0.041,-0.135,0.959,0.952,0.969,0.083,0.119,-0.095,-0.483,-0.504,-0.418
8500,A1_3,0.024,0.993,0.994,1.0,-0.07,-0.013,-0.101,0.973,0.97,0.98,0.123,0.157,-0.057,-0.47,-0.489,-0.415
8500,B1_1,-0.118,-0.041,-0.086,-0.07,1.0,0.96,0.931,-0.074,-0.112,-0.063,0.834,0.798,0.886,-0.081,-0.041,-0.072
8500,B1_2,-0.267,0.027,-0.041,-0.013,0.96,1.0,0.961,0.019,-0.015,0.022,0.932,0.887,0.938,-0.072,-0.035,-0.079
8500,B1_3,-0.283,-0.054,-0.135,-0.101,0.931,0.961,1.0,-0.059,-0.095,-0.057,0.857,0.814,0.899,0.025,0.065,0.036
8500,A2_1,-0.069,0.992,0.959,0.973,-0.074,0.019,-0.059,1.0,0.996,0.999,0.195,0.224,0.026,-0.472,-0.488,-0.41
8500,A2_2,-0.058,0.985,0.952,0.97,-0.112,-0.015,-0.095,0.996,1.0,0.994,0.174,0.204,-0.003,-0.481,-0.498,-0.435
8500,A2_3,-0.051,0.995,0.969,0.98,-0.063,0.022,-0.057,0.999,0.994,1.0,0.19,0.219,0.021,-0.479,-0.496,-0.417
8500,B2_1,-0.415,0.176,0.083,0.123,0.834,0.932,0.857,0.195,0.174,0.19,1.0,0.985,0.944,-0.189,-0.165,-0.224
8500,B2_2,-0.455,0.209,0.119,0.157,0.798,0.887,0.814,0.224,0.204,0.219,0.985,1.0,0.916,-0.223,-0.208,-0.261
8500,B2_3,-0.299,0.006,-0.095,-0.057,0.886,0.938,0.899,0.026,-0.003,0.021,0.944,0.916,1.0,-0.066,-0.04,-0.088
8500,y1,-0.446,-0.479,-0.483,-0.47,-0.081,-0.072,0.025,-0.472,-0.481,-0.479,-0.189,-0.223,-0.066,1.0,0.997,0.962
8500,y2,-0.445,-0.496,-0.504,-0.489,-0.041,-0.035,0.065,-0.488,-0.498,-0.496,-0.165,-0.208,-0.04,0.997,1.0,0.962
8500,y3,-0.384,-0.415,-0.418,-0.415,-0.072,-0.079,0.036,-0.41,-0.435,-0.417,-0.224,-0.261,-0.088,0.962,0.962,1.0
9000,.,1.0,-0.007,0.072,0.043,-0.101,-0.263,-0.272,-0.06,-0.047,-0.043,-0.413,-0.453,-0.31,-0.447,-0.443,-0.379
9000,A1_1,-0.007,1.0,0.981,0.992,-0.055,0.016,-0.073,0.992,0.985,0.996,0.174,0.207,0.025,-0.474,-0.499,-0.421
9000,A1_2,0.072,0.981,1.0,0.994,-0.09,-0.052,-0.15,0.953,0.945,0.964,0.073,0.11,-0.083,-0.471,-0.502,-0.421
9000,A1_3,0.043,0.992,0.994,1.0,-0.079,-0.026,-0.12,0.971,0.967,0.978,0.114,0.15,-0.043,-0.464,-0.493,-0.422
9000,B1_1,-0.101,-0.055,-0.09,-0.079,1.0,0.958,0.93,-0.091,-0.132,-0.079,0.817,0.785,0.87,-0.06,-0.022,-0.065
9000,B1_2,-0.263,0.016,-0.052,-0.026,0.958,1.0,0.962,0.005,-0.03,0.01,0.928,0.885,0.941,-0.062,-0.026,-0.081
9000,B1_3,-0.272,-0.073,-0.15,-0.12,0.93,0.962,1.0,-0.08,-0.118,-0.077,0.847,0.806,0.891,0.034,0.075,0.034
9000,A2_1,-0.06,0.992,0.953,0.971,-0.091,0.005,-0.08,1.0,0.996,0.999,0.192,0.222,0.045,-0.472,-0.494,-0.418
9000,A2_2,-0.047,0.985,0.945,0.967,-0.132,-0.03,-0.118,0.996,1.0,0.993,0.171,0.202,0.016,-0.485,-0.508,-0.445
9000,A2_3,-0.043,0.996,0.964,0.978,-0.079,0.01,-0.077,0.999,0.993,1.0,0.187,0.217,0.04,-0.477,-0.5,-0.423
9000,B2_1,-0.413,0.174,0.073,0.114,0.817,0.928,0.847,0.192,0.171,0.187,1.0,0.985,0.957,-0.19,-0.168,-0.233
9000,B2_2,-0.453,0.207,0.11,0.15,0.785,0.885,0.806,0.222,0.202,0.217,0.985,1.0,0.927,-0.223,-0.209,-0.271
9000,B2_3,-0.31,0.025,-0.083,-0.043,0.87,0.941,0.891,0.045,0.016,0.04,0.957,0.927,1.0,-0.087,-0.058,-0.111
9000,y1,-0.447,-0.474,-0.471,-0.464,-0.06,-0.062,0.034,-0.472,-0.485,-0.477,-0.19,-0.223,-0.087,1.0,0.996,0.961
9000,y2,-0.443,-0.499,-0.502,-0.493,-0.022,-0.026,0.075,-0.494,-0.508,-0.5,-0.168,-0.209,-0.058,0.996,1.0,0.961
9000,y3,-0.379,-0.421,-0.421,-0.422,-0.065,-0.081,0.034,-0.418,-0.445,-0.423,-0.233,-0.271,-0.111,0.961,0.961,1.0
9500,.,1.0,0.004,0.085,0.063,-0.076,-0.226,-0.236,-0.041,-0.036,-0.044,-0.383,-0.417,-0.25,-0.477,-0.477,-0.425
9500,A1_1,0.004,1.0,0.979,0.99,-0.057,0.011,-0.068,0.994,0.986,0.994,0.176,0.194,-0.034,-0.499,-0.527,-0.453
9500,A1_2,0.085,0.979,1.0,0.994,-0.088,-0.054,-0.142,0.956,0.944,0.959,0.071,0.092,-0.146,-0.497,-0.534,-0.455
9500,A1_3,0.063,0.99,0.994,1.0,-0.077,-0.031,-0.115,0.97,0.963,0.97,0.108,0.13,-0.11,-0.492,-0.526,-0.457
9500,B1_1,-0.076,-0.057,-0.088,-0.077,1.0,0.962,0.939,-0.093,-0.139,-0.074,0.808,0.798,0.854,-0.031,0.006,-0.032
9500,B1_2,-0.226,0.011,-0.054,-0.031,0.962,1.0,0.969,-0.005,-0.043,0.012,0.919,0.889,0.907,-0.03,0.004,-0.045
9500,B1_3,-0.236,-0.068,-0.142,-0.115,0.939,0.969,1.0,-0.081,-0.122,-0.066,0.848,0.831,0.884,0.054,0.093,0.06
9500,A2_1,-0.041,0.994,0.956,0.97,-0.093,-0.005,-0.081,1.0,0.995,0.999,0.188,0.203,-0.02,-0.496,-0.521,-0.448
9500,A2_2,-0.036,0.986,0.944,0.963,-0.139,-0.043,-0.122,0.995,1.0,0.991,0.169,0.183,-0.048,-0.506,-0.532,-0.472
9500,A2_3,-0.044,0.994,0.959,0.97,-0.074,0.012,-0.066,0.999,0.991,1.0,0.199,0.212,-0.008,-0.493,-0.518,-0.441
9500,B2_1,-0.383,0.176,0.071,0.108,0.808,0.919,0.848,0.188,0.169,0.199,1.0,0.983,0.917,-0.152,-0.13,-0.195
9500,B2_2,-0.417,0.194,0.092,0.13,0.798,0.889,0.831,0.203,0.183,0.212,0.983,1.0,0.902,-0.173,-0.155,-0.215
9500,B2_3,-0.25,-0.034,-0.146,-0.11,0.854,0.907,0.884,-0.02,-0.048,-0.008,0.917,0.902,1.0,-0.002,0.028,-0.027
9500,y1,-0.477,-0.499,-0.497,-0.492,-0.031,-0.03,0.054,-0.496,-0.506,-0.493,-0.152,-0.173,-0.002,1.0,0.995,0.965
9500,y2,-0.477,-0.527,-0.534,-0.526,0.006,0.004,0.093,-0.521,-0.532,-0.518,-0.13,-0.155,0.028,0.995,1.0,0.967
9500,y3,-0.425,-0.453,-0.455,-0.457,-0.032,-0.045,0.06,-0.448,-0.472,-0.441,-0.195,-0.215,-0.027,0.965,0.967,1.0
10000,.,1.0,0.011,0.089,0.069,-0.073,-0.221,-0.221,-0.033,-0.053,-0.045,-0.365,-0.404,-0.2,-0.498,-0.495,-0.45
10000,A1_1,0.011,1.0,0.981,0.99,-0.057,0.015,-0.071,0.994,0.985,0.993,0.158,0.184,-0.067,-0.523,-0.545,-0.477
10000,A1_2,0.089,0.981,1.0,0.995,-0.094,-0.051,-0.145,0.96,0.948,0.963,0.055,0.083,-0.176,-0.532,-0.559,-0.487
10000,A1_3,0.069,0.99,0.995,1.0,-0.082,-0.029,-0.119,0.972,0.963,0.969,0.09,0.119,-0.141,-0.523,-0.55,-0.487
10000,B1_1,-0.073,-0.057,-0.094,-0.082,1.0,0.964,0.945,-0.092,-0.136,-0.066,0.818,0.802,0.851,-0.039,0.014,-0.016
10000,B1_2,-0.221,0.015,-0.051,-0.029,0.964,1.0,0.969,-0.001,-0.036,0.023,0.923,0.893,0.882,-0.043,0.003,-0.038
10000,B1_3,-0.221,-0.071,-0.145,-0.119,0.945,0.969,1.0,-0.085,-0.125,-0.065,0.854,0.833,0.88,0.05,0.1,0.075
10000,A2_1,-0.033,0.994,0.96,0.972,-0.092,-0.001,-0.085,1.0,0.996,0.997,0.17,0.191,-0.057,-0.517,-0.538,-0.471
10000,A2_2,-0.053,0.985,0.948,0.963,-0.136,-0.036,-0.125,0.996,1.0,0.989,0.156,0.177,-0.08,-0.507,-0.531,-0.473
10000,A2_3,-0.045,0.993,0.963,0.969,-0.066,0.023,-0.065,0.997,0.989,1.0,0.186,0.207,-0.043,-0.508,-0.529,-0.455
10000,B2_1,-0.365,0.158,0.055,0.09,0.818,0.923,0.854,0.17,0.156,0.186,1.0,0.982,0.891,-0.139,-0.11,-0.175
10000,B2_2,-0.404,0.184,0.083,0.119,0.802,0.893,0.833,0.191,0.177,0.207,0.982,1.0,0.878,-0.161,-0.137,-0.192
10000,B2_3,-0.2,-0.067,-0.176,-0.141,0.851,0.882,0.88,-0.057,-0.08,-0.043,0.891,0.878,1.0,0.031,0.068,0.017
10000,y1,-0.498,-0.523,-0.532,-0.523,-0.039,-0.043,0.05,-0.517,-0.507,-0.508,-0.139,-0.161,0.031,1.0,0.995,0.967
10000,y2,-0.495,-0.545,-0.559,-0.55,0.014,0.003,0.1,-0.538,-0.531,-0.529,-0.11,-0.137,0.068,0.995,1.0,0.971
10000,y3,-0.45,-0.477,-0.487,-0.487,-0.016,-0.038,0.075,-0.471,-0.473,-0.455,-0.175,-0.192,0.017,0.967,0.971,1.0
