,,.,A1_1,A1_2,A1_3,B1_1,B1_2,B1_3,A2_1,A2_2,A2_3,B2_1,B2_2,B2_3,y1,y2,y3
0,.,1.0,-0.141,0.015,-0.337,0.131,-0.045,-0.092,0.403,0.056,-0.133,-0.091,-0.529,0.025,-0.121,-0.029,0.597
0,A1_1,-0.141,1.0,-0.007,0.077,-0.213,-0.039,-0.127,-0.221,0.268,0.269,0.012,0.143,-0.03,0.531,0.324,0.003
0,A1_2,0.015,-0.007,1.0,-0.0,0.212,0.43,0.044,0.025,-0.053,-0.211,0.265,0.21,0.061,-0.27,-0.089,-0.093
0,A1_3,-0.337,0.077,-0.0,1.0,-0.089,0.291,-0.001,-0.216,0.292,0.176,0.608,0.049,0.418,-0.189,0.067,0.19
0,B1_1,0.131,-0.213,0.212,-0.089,1.0,-0.102,0.259,-0.294,-0.231,0.388,0.254,-0.158,0.054,-0.004,-0.19,0.144
0,B1_2,-0.045,-0.039,0.43,0.291,-0.102,1.0,-0.257,0.13,0.157,-0.039,0.515,0.187,-0.112,-0.189,0.192,0.226
0,B1_3,-0.092,-0.127,0.044,-0.001,0.259,-0.257,1.0,0.208,-0.528,0.002,0.219,0.229,-0.06,0.158,-0.326,-0.178
0,A2_1,0.403,-0.221,0.025,-0.216,-0.294,0.13,0.208,1.0,0.069,-0.323,0.078,-0.114,-0.141,-0.282,-0.053,0.088
0,A2_2,0.056,0.268,-0.053,0.292,-0.231,0.157,-0.528,0.069,1.0,0.31,-0.033,0.135,0.104,-0.215,0.23,0.154
0,A2_3,-0.133,0.269,-0.211,0.176,0.388,-0.039,0.002,-0.323,0.31,1.0,0.023,0.259,-0.084,0.058,0.483,0.332
0,B2_1,-0.091,0.012,0.265,0.608,0.254,0.515,0.219,0.078,-0.033,0.023,1.0,-0.119,0.275,0.024,0.081,0.232
0,B2_2,-0.529,0.143,0.21,0.049,-0.158,0.187,0.229,-0.114,0.135,0.259,-0.119,1.0,-0.181,-0.235,-0.026,-0.406
0,B2_3,0.025,-0.03,0.061,0.418,0.054,-0.112,-0.06,-0.141,0.104,-0.084,0.275,-0.181,1.0,-0.067,-0.326,-0.015
0,y1,-0.121,0.531,-0.27,-0.189,-0.004,-0.189,0.158,-0.282,-0.215,0.058,0.024,-0.235,-0.067,1.0,0.204,-0.15
0,y2,-0.029,0.324,-0.089,0.067,-0.19,0.192,-0.326,-0.053,0.23,0.483,0.081,-0.026,-0.326,0.204,1.0,0.254
0,y3,0.597,0.003,-0.093,0.19,0.144,0.226,-0.178,0.088,0.154,0.332,0.232,-0.406,-0.015,-0.15,0.254,1.0
500,.,1.0,-0.093,0.0,-0.199,-0.173,-0.019,-0.477,0.205,0.145,-0.347,-0.147,-0.624,0.2,-0.038,0.037,0.386
500,A1_1,-0.093,1.0,0.041,0.116,-0.214,-0.099,-0.057,-0.193,0.137,0.291,0.068,0.109,-0.047,0.482,0.443,0.127
500,A1_2,0.0,0.041,1.0,0.088,0.237,0.323,0.156,0.187,0.009,-0.089,0.266,0.166,0.032,-0.332,-0.214,0.026
500,A1_3,-0.199,0.116,0.088,1.0,-0.052,0.204,0.083,-0.072,0.321,0.218,0.641,-0.01,0.385,-0.238,0.016,0.143
500,B1_1,-0.173,-0.214,0.237,-0.052,1.0,-0.086,0.237,-0.282,-0.234,0.365,0.22,-0.127,0.051,0.045,-0.05,0.18
500,B1_2,-0.019,-0.099,0.323,0.204,-0.086,1.0,-0.213,0.107,0.157,-0.102,0.522,0.235,-0.046,-0.127,0.024,0.27
500,B1_3,-0.477,-0.057,0.156,0.083,0.237,-0.213,1.0,0.255,-0.472,0.008,0.196,0.292,0.013,-0.013,-0.205,-0.191
500,A2_1,0.205,-0.193,0.187,-0.072,-0.282,0.107,0.255,1.0,0.066,-0.246,0.093,-0.089,-0.11,-0.176,-0.18,-0.016
500,A2_2,0.145,0.137,0.009,0.321,-0.234,0.157,-0.472,0.066,1.0,0.26,0.061,0.189,0.159,-0.207,0.05,0.162
500,A2_3,-0.347,0.291,-0.089,0.218,0.365,-0.102,0.008,-0.246,0.26,1.0,0.011,0.213,-0.076,0.277,0.553,0.429
500,B2_1,-0.147,0.068,0.266,0.641,0.22,0.522,0.196,0.093,0.061,0.011,1.0,-0.072,0.319,0.071,-0.017,0.23
500,B2_2,-0.624,0.109,0.166,-0.01,-0.127,0.235,0.292,-0.089,0.189,0.213,-0.072,1.0,-0.066,-0.296,-0.131,-0.37
500,B2_3,0.2,-0.047,0.032,0.385,0.051,-0.046,0.013,-0.11,0.159,-0.076,0.319,-0.066,1.0,-0.379,-0.458,-0.132
500,y1,-0.038,0.482,-0.332,-0.238,0.045,-0.127,-0.013,-0.176,-0.207,0.277,0.071,-0.296,-0.379,1.0,0.735,0.376
500,y2,0.037,0.443,-0.214,0.016,-0.05,0.024,-0.205,-0.18,0.05,0.553,-0.017,-0.131,-0.458,0.735,1.0,0.491
500,y3,0.386,0.127,0.026,0.143,0.18,0.27,-0.191,-0.016,0.162,0.429,0.23,-0.37,-0.132,0.376,0.491,1.0
1000,.,1.0,-0.117,0.032,-0.194,-0.177,0.034,-0.493,0.171,0.122,-0.368,-0.137,-0.604,0.221,-0.028,0.01,0.36
1000,A1_1,-0.117,1.0,0.068,0.148,-0.223,-0.123,-0.049,-0.167,0.144,0.328,0.072,0.085,-0.046,0.436,0.441,0.103
1000,A1_2,0.032,0.068,1.0,0.102,0.255,0.3,0.181,0.207,0.046,-0.029,0.259,0.16,0.024,-0.254,-0.167,0.022
1000,A1_3,-0.194,0.148,0.102,1.0,-0.051,0.182,0.086,-0.048,0.348,0.259,0.63,-0.023,0.374,-0.249,-0.019,0.11
1000,B1_1,-0.177,-0.223,0.255,-0.051,1.0,-0.082,0.227,-0.284,-0.233,0.335,0.216,-0.146,0.067,0.048,0.007,0.183
1000,B1_2,0.034,-0.123,0.3,0.182,-0.082,1.0,-0.201,0.107,0.124,-0.118,0.523,0.245,-0.04,-0.083,0.018,0.335
1000,B1_3,-0.493,-0.049,0.181,0.086,0.227,-0.201,1.0,0.254,-0.458,-0.022,0.2,0.291,0.037,0.036,-0.117,-0.208
1000,A2_1,0.171,-0.167,0.207,-0.048,-0.284,0.107,0.254,1.0,0.1,-0.211,0.094,-0.071,-0.098,-0.145,-0.267,-0.104
1000,A2_2,0.122,0.144,0.046,0.348,-0.233,0.124,-0.458,0.1,1.0,0.308,0.062,0.164,0.153,-0.295,-0.106,0.121
1000,A2_3,-0.368,0.328,-0.029,0.259,0.335,-0.118,-0.022,-0.211,0.308,1.0,0.019,0.179,-0.078,0.259,0.479,0.383
1000,B2_1,-0.137,0.072,0.259,0.63,0.216,0.523,0.2,0.094,0.062,0.019,1.0,-0.069,0.318,0.059,-0.011,0.251
1000,B2_2,-0.604,0.085,0.16,-0.023,-0.146,0.245,0.291,-0.071,0.164,0.179,-0.069,1.0,-0.045,-0.309,-0.157,-0.353
1000,B2_3,0.221,-0.046,0.024,0.374,0.067,-0.04,0.037,-0.098,0.153,-0.078,0.318,-0.045,1.0,-0.447,-0.469,-0.143
1000,y1,-0.028,0.436,-0.254,-0.249,0.048,-0.083,0.036,-0.145,-0.295,0.259,0.059,-0.309,-0.447,1.0,0.813,0.526
1000,y2,0.01,0.441,-0.167,-0.019,0.007,0.018,-0.117,-0.267,-0.106,0.479,-0.011,-0.157,-0.469,0.813,1.0,0.568
1000,y3,0.36,0.103,0.022,0.11,0.183,0.335,-0.208,-0.104,0.121,0.383,0.251,-0.353,-0.143,0.526,0.568,1.0
1500,.,1.0,-0.129,0.052,-0.194,-0.176,0.043,-0.506,0.168,0.123,-0.363,-0.137,-0.594,0.234,-0.012,-0.016,0.308
1500,A1_1,-0.129,1.0,0.09,0.168,-0.213,-0.149,-0.038,-0.136,0.16,0.365,0.077,0.062,-0.05,0.393,0.415,0.086
1500,A1_2,0.052,0.09,1.0,0.11,0.263,0.29,0.185,0.214,0.054,0.001,0.257,0.157,0.026,-0.236,-0.125,0.004
1500,A1_3,-0.194,0.168,0.11,1.0,-0.051,0.166,0.085,-0.04,0.362,0.279,0.624,-0.026,0.369,-0.254,-0.04,0.085
1500,B1_1,-0.176,-0.213,0.263,-0.051,1.0,-0.082,0.221,-0.286,-0.231,0.32,0.215,-0.155,0.073,0.077,0.062,0.234
1500,B1_2,0.043,-0.149,0.29,0.166,-0.082,1.0,-0.192,0.11,0.103,-0.135,0.521,0.25,-0.038,-0.03,0.046,0.355
1500,B1_3,-0.506,-0.038,0.185,0.085,0.221,-0.192,1.0,0.252,-0.45,-0.037,0.203,0.291,0.045,0.03,-0.053,-0.158
1500,A2_1,0.168,-0.136,0.214,-0.04,-0.286,0.11,0.252,1.0,0.12,-0.189,0.094,-0.062,-0.092,-0.198,-0.324,-0.144
1500,A2_2,0.123,0.16,0.054,0.362,-0.231,0.103,-0.45,0.12,1.0,0.344,0.066,0.162,0.162,-0.357,-0.229,0.041
1500,A2_3,-0.363,0.365,0.001,0.279,0.32,-0.135,-0.037,-0.189,0.344,1.0,0.02,0.164,-0.086,0.221,0.397,0.355
1500,B2_1,-0.137,0.077,0.257,0.624,0.215,0.521,0.203,0.094,0.066,0.02,1.0,-0.069,0.319,0.052,0.005,0.259
1500,B2_2,-0.594,0.062,0.157,-0.026,-0.155,0.25,0.291,-0.062,0.162,0.164,-0.069,1.0,-0.037,-0.312,-0.152,-0.331
1500,B2_3,0.234,-0.05,0.026,0.369,0.073,-0.038,0.045,-0.092,0.162,-0.086,0.319,-0.037,1.0,-0.46,-0.479,-0.145
1500,y1,-0.012,0.393,-0.236,-0.254,0.077,-0.03,0.03,-0.198,-0.357,0.221,0.052,-0.312,-0.46,1.0,0.864,0.595
1500,y2,-0.016,0.415,-0.125,-0.04,0.062,0.046,-0.053,-0.324,-0.229,0.397,0.005,-0.152,-0.479,0.864,1.0,0.609
1500,y3,0.308,0.086,0.004,0.085,0.234,0.355,-0.158,-0.144,0.041,0.355,0.259,-0.331,-0.145,0.595,0.609,1.0
2000,.,1.0,-0.139,0.072,-0.16,-0.173,0.088,-0.573,0.142,0.161,-0.343,-0.11,-0.599,0.236,-0.023,-0.023,0.27
2000,A1_1,-0.139,1.0,0.106,0.183,-0.217,-0.163,-0.044,-0.112,0.176,0.381,0.082,0.059,-0.045,0.346,0.345,0.06
2000,A1_2,0.072,0.106,1.0,0.122,0.273,0.269,0.188,0.224,0.087,0.039,0.257,0.144,0.018,-0.2,-0.174,-0.009
2000,A1_3,-0.16,0.183,0.122,1.0,-0.052,0.147,0.077,-0.033,0.382,0.29,0.619,-0.028,0.364,-0.271,-0.093,0.033
2000,B1_1,-0.173,-0.217,0.273,-0.052,1.0,-0.078,0.212,-0.28,-0.219,0.312,0.214,-0.154,0.079,0.088,0.063,0.238
2000,B1_2,0.088,-0.163,0.269,0.147,-0.078,1.0,-0.176,0.113,0.064,-0.157,0.52,0.253,-0.038,0.001,0.023,0.352
2000,B1_3,-0.573,-0.044,0.188,0.077,0.212,-0.176,1.0,0.254,-0.444,-0.064,0.2,0.298,0.049,0.08,-0.016,-0.104
2000,A2_1,0.142,-0.112,0.224,-0.033,-0.28,0.113,0.254,1.0,0.141,-0.169,0.096,-0.058,-0.085,-0.189,-0.346,-0.167
2000,A2_2,0.161,0.176,0.087,0.382,-0.219,0.064,-0.444,0.141,1.0,0.382,0.068,0.144,0.149,-0.432,-0.303,-0.062
2000,A2_3,-0.343,0.381,0.039,0.29,0.312,-0.157,-0.064,-0.169,0.382,1.0,0.012,0.154,-0.09,0.165,0.309,0.266
2000,B2_1,-0.11,0.082,0.257,0.619,0.214,0.52,0.2,0.096,0.068,0.012,1.0,-0.068,0.323,0.03,-0.036,0.233
2000,B2_2,-0.599,0.059,0.144,-0.028,-0.154,0.253,0.298,-0.058,0.144,0.154,-0.068,1.0,-0.033,-0.281,-0.155,-0.301
2000,B2_3,0.236,-0.045,0.018,0.364,0.079,-0.038,0.049,-0.085,0.149,-0.09,0.323,-0.033,1.0,-0.467,-0.478,-0.168
2000,y1,-0.023,0.346,-0.2,-0.271,0.088,0.001,0.08,-0.189,-0.432,0.165,0.03,-0.281,-0.467,1.0,0.902,0.658
2000,y2,-0.023,0.345,-0.174,-0.093,0.063,0.023,-0.016,-0.346,-0.303,0.309,-0.036,-0.155,-0.478,0.902,1.0,0.652
2000,y3,0.27,0.06,-0.009,0.033,0.238,0.352,-0.104,-0.167,-0.062,0.266,0.233,-0.301,-0.168,0.658,0.652,1.0
2500,.,1.0,-0.12,0.081,-0.101,-0.188,0.095,-0.609,0.13,0.201,-0.326,-0.069,-0.619,0.247,-0.038,-0.098,0.208
2500,A1_1,-0.12,1.0,0.123,0.204,-0.221,-0.178,-0.051,-0.085,0.196,0.4,0.083,0.062,-0.033,0.271,0.296,0.057
2500,A1_2,0.081,0.123,1.0,0.125,0.276,0.263,0.191,0.231,0.114,0.066,0.264,0.139,0.021,-0.2,-0.168,-0.022
2500,A1_3,-0.101,0.204,0.125,1.0,-0.051,0.135,0.078,-0.022,0.392,0.302,0.618,-0.031,0.364,-0.259,-0.146,0.007
2500,B1_1,-0.188,-0.221,0.276,-0.051,1.0,-0.078,0.207,-0.276,-0.209,0.308,0.212,-0.152,0.08,0.092,0.094,0.238
2500,B1_2,0.095,-0.178,0.263,0.135,-0.078,1.0,-0.162,0.109,0.043,-0.181,0.525,0.255,-0.036,0.041,0.012,0.321
2500,B1_3,-0.609,-0.051,0.191,0.078,0.207,-0.162,1.0,0.257,-0.432,-0.082,0.198,0.308,0.055,0.064,0.035,-0.071
2500,A2_1,0.13,-0.085,0.231,-0.022,-0.276,0.109,0.257,1.0,0.16,-0.15,0.096,-0.054,-0.077,-0.214,-0.384,-0.15
2500,A2_2,0.201,0.196,0.114,0.392,-0.209,0.043,-0.432,0.16,1.0,0.408,0.072,0.134,0.14,-0.438,-0.378,-0.12
2500,A2_3,-0.326,0.4,0.066,0.302,0.308,-0.181,-0.082,-0.15,0.408,1.0,0.002,0.142,-0.093,0.128,0.233,0.239
2500,B2_1,-0.069,0.083,0.264,0.618,0.212,0.525,0.198,0.096,0.072,0.002,1.0,-0.064,0.326,0.015,-0.058,0.206
2500,B2_2,-0.619,0.062,0.139,-0.031,-0.152,0.255,0.308,-0.054,0.134,0.142,-0.064,1.0,-0.03,-0.252,-0.12,-0.315
2500,B2_3,0.247,-0.033,0.021,0.364,0.08,-0.036,0.055,-0.077,0.14,-0.093,0.326,-0.03,1.0,-0.471,-0.492,-0.202
2500,y1,-0.038,0.271,-0.2,-0.259,0.092,0.041,0.064,-0.214,-0.438,0.128,0.015,-0.252,-0.471,1.0,0.943,0.729
2500,y2,-0.098,0.296,-0.168,-0.146,0.094,0.012,0.035,-0.384,-0.378,0.233,-0.058,-0.12,-0.492,0.943,1.0,0.681
2500,y3,0.208,0.057,-0.022,0.007,0.238,0.321,-0.071,-0.15,-0.12,0.239,0.206,-0.315,-0.202,0.729,0.681,1.0
3000,.,1.0,-0.123,0.082,-0.096,-0.195,0.094,-0.606,0.13,0.2,-0.327,-0.071,-0.612,0.261,-0.082,-0.145,0.153
3000,A1_1,-0.123,1.0,0.139,0.216,-0.234,-0.183,-0.056,-0.065,0.209,0.418,0.081,0.067,-0.027,0.22,0.267,0.073
3000,A1_2,0.082,0.139,1.0,0.132,0.284,0.259,0.192,0.236,0.13,0.09,0.27,0.132,0.023,-0.222,-0.159,-0.028
3000,A1_3,-0.096,0.216,0.132,1.0,-0.044,0.13,0.082,-0.014,0.385,0.321,0.622,-0.034,0.363,-0.223,-0.159,0.021
3000,B1_1,-0.195,-0.234,0.284,-0.044,1.0,-0.074,0.204,-0.269,-0.205,0.292,0.212,-0.152,0.083,0.112,0.115,0.256
3000,B1_2,0.094,-0.183,0.259,0.13,-0.074,1.0,-0.153,0.107,0.031,-0.197,0.525,0.257,-0.037,0.032,-0.002,0.307
3000,B1_3,-0.606,-0.056,0.192,0.082,0.204,-0.153,1.0,0.255,-0.421,-0.096,0.199,0.312,0.061,0.088,0.065,-0.043
3000,A2_1,0.13,-0.065,0.236,-0.014,-0.269,0.107,0.255,1.0,0.179,-0.128,0.101,-0.056,-0.072,-0.26,-0.364,-0.198
3000,A2_2,0.2,0.209,0.13,0.385,-0.205,0.031,-0.421,0.179,1.0,0.431,0.068,0.132,0.13,-0.444,-0.381,-0.185
3000,A2_3,-0.327,0.418,0.09,0.321,0.292,-0.197,-0.096,-0.128,0.431,1.0,0.004,0.135,-0.078,0.113,0.229,0.172
3000,B2_1,-0.071,0.081,0.27,0.622,0.212,0.525,0.199,0.101,0.068,0.004,1.0,-0.063,0.326,0.006,-0.056,0.227
3000,B2_2,-0.612,0.067,0.132,-0.034,-0.152,0.257,0.312,-0.056,0.132,0.135,-0.063,1.0,-0.028,-0.224,-0.108,-0.335
3000,B2_3,0.261,-0.027,0.023,0.363,0.083,-0.037,0.061,-0.072,0.13,-0.078,0.326,-0.028,1.0,-0.429,-0.489,-0.21
3000,y1,-0.082,0.22,-0.222,-0.223,0.112,0.032,0.088,-0.26,-0.444,0.113,0.006,-0.224,-0.429,1.0,0.965,0.779
3000,y2,-0.145,0.267,-0.159,-0.159,0.115,-0.002,0.065,-0.364,-0.381,0.229,-0.056,-0.108,-0.489,0.965,1.0,0.722
3000,y3,0.153,0.073,-0.028,0.021,0.256,0.307,-0.043,-0.198,-0.185,0.172,0.227,-0.335,-0.21,0.779,0.722,1.0
3500,.,1.0,-0.103,0.071,-0.088,-0.226,0.061,-0.608,0.144,0.248,-0.314,-0.088,-0.602,0.274,-0.119,-0.163,0.098
3500,A1_1,-0.103,1.0,0.148,0.224,-0.25,-0.191,-0.064,-0.045,0.228,0.428,0.072,0.059,-0.029,0.208,0.268,0.026
3500,A1_2,0.071,0.148,1.0,0.134,0.276,0.256,0.195,0.257,0.137,0.099,0.265,0.127,0.023,-0.156,-0.147,-0.047
3500,A1_3,-0.088,0.224,0.134,1.0,-0.049,0.117,0.082,-0.002,0.395,0.323,0.622,-0.038,0.359,-0.199,-0.139,-0.038
3500,B1_1,-0.226,-0.25,0.276,-0.049,1.0,-0.068,0.201,-0.262,-0.199,0.277,0.212,-0.156,0.083,0.147,0.136,0.284
3500,B1_2,0.061,-0.191,0.256,0.117,-0.068,1.0,-0.144,0.104,0.019,-0.215,0.529,0.263,-0.032,0.058,-0.001,0.291
3500,B1_3,-0.608,-0.064,0.195,0.082,0.201,-0.144,1.0,0.253,-0.428,-0.105,0.198,0.318,0.064,0.083,0.043,0.027
3500,A2_1,0.144,-0.045,0.257,-0.002,-0.262,0.104,0.253,1.0,0.186,-0.105,0.103,-0.049,-0.063,-0.279,-0.371,-0.157
3500,A2_2,0.248,0.228,0.137,0.395,-0.199,0.019,-0.428,0.186,1.0,0.442,0.079,0.122,0.151,-0.455,-0.4,-0.271
3500,A2_3,-0.314,0.428,0.099,0.323,0.277,-0.215,-0.105,-0.105,0.442,1.0,-0.013,0.117,-0.084,0.123,0.19,0.097
3500,B2_1,-0.088,0.072,0.265,0.622,0.212,0.529,0.198,0.103,0.079,-0.013,1.0,-0.068,0.336,0.008,-0.041,0.234
3500,B2_2,-0.602,0.059,0.127,-0.038,-0.156,0.263,0.318,-0.049,0.122,0.117,-0.068,1.0,-0.013,-0.225,-0.168,-0.342
3500,B2_3,0.274,-0.029,0.023,0.359,0.083,-0.032,0.064,-0.063,0.151,-0.084,0.336,-0.013,1.0,-0.44,-0.494,-0.194
3500,y1,-0.119,0.208,-0.156,-0.199,0.147,0.058,0.083,-0.279,-0.455,0.123,0.008,-0.225,-0.44,1.0,0.974,0.841
3500,y2,-0.163,0.268,-0.147,-0.139,0.136,-0.001,0.043,-0.371,-0.4,0.19,-0.041,-0.168,-0.494,0.974,1.0,0.751
3500,y3,0.098,0.026,-0.047,-0.038,0.284,0.291,0.027,-0.157,-0.271,0.097,0.234,-0.342,-0.194,0.841,0.751,1.0
4000,.,1.0,-0.106,0.082,-0.076,-0.231,0.067,-0.606,0.137,0.24,-0.311,-0.083,-0.596,0.296,-0.075,-0.174,0.091
4000,A1_1,-0.106,1.0,0.164,0.235,-0.263,-0.202,-0.067,-0.023,0.247,0.454,0.06,0.053,-0.038,0.209,0.252,0.036
4000,A1_2,0.082,0.164,1.0,0.136,0.275,0.254,0.19,0.265,0.141,0.106,0.269,0.124,0.028,-0.141,-0.164,-0.001
4000,A1_3,-0.076,0.235,0.136,1.0,-0.06,0.107,0.077,0.004,0.397,0.33,0.616,-0.046,0.358,-0.14,-0.138,-0.073
4000,B1_1,-0.231,-0.263,0.275,-0.06,1.0,-0.056,0.198,-0.264,-0.205,0.259,0.209,-0.15,0.074,0.143,0.184,0.287
4000,B1_2,0.067,-0.202,0.254,0.107,-0.056,1.0,-0.14,0.097,0.017,-0.219,0.54,0.269,-0.032,0.068,-0.048,0.315
4000,B1_3,-0.606,-0.067,0.19,0.077,0.198,-0.14,1.0,0.248,-0.434,-0.117,0.194,0.322,0.061,0.037,0.041,0.026
4000,A2_1,0.137,-0.023,0.265,0.004,-0.264,0.097,0.248,1.0,0.199,-0.093,0.099,-0.052,-0.064,-0.337,-0.405,-0.156
4000,A2_2,0.24,0.247,0.141,0.397,-0.205,0.017,-0.434,0.199,1.0,0.454,0.088,0.112,0.161,-0.429,-0.402,-0.304
4000,A2_3,-0.311,0.454,0.106,0.33,0.259,-0.219,-0.117,-0.093,0.454,1.0,-0.017,0.107,-0.077,0.081,0.189,0.049
4000,B2_1,-0.083,0.06,0.269,0.616,0.209,0.54,0.194,0.099,0.088,-0.017,1.0,-0.061,0.333,0.015,-0.06,0.249
4000,B2_2,-0.596,0.053,0.124,-0.046,-0.15,0.269,0.322,-0.052,0.112,0.107,-0.061,1.0,-0.006,-0.273,-0.209,-0.351
4000,B2_3,0.296,-0.038,0.028,0.358,0.074,-0.032,0.061,-0.064,0.161,-0.077,0.333,-0.006,1.0,-0.432,-0.472,-0.228
4000,y1,-0.075,0.209,-0.141,-0.14,0.143,0.068,0.037,-0.337,-0.429,0.081,0.015,-0.273,-0.432,1.0,0.977,0.873
4000,y2,-0.174,0.252,-0.164,-0.138,0.184,-0.048,0.041,-0.405,-0.402,0.189,-0.06,-0.209,-0.472,0.977,1.0,0.775
4000,y3,0.091,0.036,-0.001,-0.073,0.287,0.315,0.026,-0.156,-0.304,0.049,0.249,-0.351,-0.228,0.873,0.775,1.0
4500,.,1.0,-0.095,0.095,-0.056,-0.255,0.083,-0.613,0.131,0.244,-0.297,-0.089,-0.563,0.322,-0.118,-0.168,-0.013
4500,A1_1,-0.095,1.0,0.195,0.252,-0.266,-0.212,-0.078,0.015,0.285,0.482,0.056,0.032,-0.048,0.187,0.223,0.064
4500,A1_2,0.095,0.195,1.0,0.144,0.265,0.236,0.185,0.272,0.158,0.126,0.262,0.115,0.018,-0.154,-0.135,-0.094
4500,A1_3,-0.056,0.252,0.144,1.0,-0.066,0.088,0.077,0.016,0.404,0.344,0.605,-0.057,0.351,-0.127,-0.124,-0.046
4500,B1_1,-0.255,-0.266,0.265,-0.066,1.0,-0.054,0.192,-0.271,-0.215,0.241,0.203,-0.146,0.066,0.217,0.183,0.255
4500,B1_2,0.083,-0.212,0.236,0.088,-0.054,1.0,-0.132,0.088,-0.008,-0.233,0.553,0.273,-0.023,0.02,-0.047,0.257
4500,B1_3,-0.613,-0.078,0.185,0.077,0.192,-0.132,1.0,0.237,-0.433,-0.136,0.189,0.329,0.057,0.024,0.029,0.009
4500,A2_1,0.131,0.015,0.272,0.016,-0.271,0.088,0.237,1.0,0.22,-0.074,0.098,-0.064,-0.07,-0.372,-0.373,-0.18
4500,A2_2,0.244,0.285,0.158,0.404,-0.215,-0.008,-0.433,0.22,1.0,0.478,0.09,0.093,0.161,-0.396,-0.37,-0.299
4500,A2_3,-0.297,0.482,0.126,0.344,0.241,-0.233,-0.136,-0.074,0.478,1.0,-0.029,0.088,-0.087,0.117,0.158,0.07
4500,B2_1,-0.089,0.056,0.262,0.605,0.203,0.553,0.189,0.098,0.09,-0.029,1.0,-0.052,0.327,0.002,-0.059,0.227
4500,B2_2,-0.563,0.032,0.115,-0.057,-0.146,0.273,0.329,-0.064,0.093,0.088,-0.052,1.0,0.003,-0.304,-0.263,-0.37
4500,B2_3,0.322,-0.048,0.018,0.351,0.066,-0.023,0.057,-0.07,0.161,-0.087,0.327,0.003,1.0,-0.41,-0.499,-0.304
4500,y1,-0.118,0.187,-0.154,-0.127,0.217,0.02,0.024,-0.372,-0.396,0.117,0.002,-0.304,-0.41,1.0,0.986,0.907
4500,y2,-0.168,0.223,-0.135,-0.124,0.183,-0.047,0.029,-0.373,-0.37,0.158,-0.059,-0.263,-0.499,0.986,1.0,0.845
4500,y3,-0.013,0.064,-0.094,-0.046,0.255,0.257,0.009,-0.18,-0.299,0.07,0.227,-0.37,-0.304,0.907,0.845,1.0
5000,.,1.0,-0.085,0.094,-0.043,-0.268,0.086,-0.612,0.128,0.239,-0.296,-0.089,-0.551,0.339,-0.132,-0.239,-0.092
5000,A1_1,-0.085,1.0,0.205,0.259,-0.269,-0.213,-0.086,0.025,0.296,0.49,0.057,0.027,-0.046,0.217,0.242,0.096
5000,A1_2,0.094,0.205,1.0,0.142,0.265,0.23,0.183,0.274,0.164,0.131,0.26,0.11,0.011,-0.145,-0.127,-0.096
5000,A1_3,-0.043,0.259,0.142,1.0,-0.062,0.084,0.077,0.017,0.402,0.348,0.607,-0.062,0.35,-0.098,-0.119,-0.001
5000,B1_1,-0.268,-0.269,0.265,-0.062,1.0,-0.053,0.191,-0.269,-0.219,0.238,0.203,-0.144,0.066,0.211,0.248,0.268
5000,B1_2,0.086,-0.213,0.23,0.084,-0.053,1.0,-0.129,0.089,-0.018,-0.235,0.556,0.275,-0.02,-0.014,-0.113,0.251
5000,B1_3,-0.612,-0.086,0.183,0.077,0.191,-0.129,1.0,0.23,-0.432,-0.143,0.188,0.333,0.059,-0.023,0.078,0.034
5000,A2_1,0.128,0.025,0.274,0.017,-0.269,0.089,0.23,1.0,0.231,-0.068,0.101,-0.067,-0.067,-0.334,-0.34,-0.232
5000,A2_2,0.239,0.296,0.164,0.402,-0.219,-0.018,-0.432,0.231,1.0,0.484,0.086,0.085,0.153,-0.322,-0.357,-0.329
5000,A2_3,-0.296,0.49,0.131,0.348,0.238,-0.235,-0.143,-0.068,0.484,1.0,-0.029,0.084,-0.085,0.199,0.204,0.131
5000,B2_1,-0.089,0.057,0.26,0.607,0.203,0.556,0.188,0.101,0.086,-0.029,1.0,-0.048,0.328,-0.027,-0.084,0.247
5000,B2_2,-0.551,0.027,0.11,-0.062,-0.144,0.275,0.333,-0.067,0.085,0.084,-0.048,1.0,0.007,-0.333,-0.27,-0.322
5000,B2_3,0.339,-0.046,0.011,0.35,0.066,-0.02,0.059,-0.067,0.153,-0.085,0.328,0.007,1.0,-0.456,-0.496,-0.293
5000,y1,-0.132,0.217,-0.145,-0.098,0.211,-0.014,-0.023,-0.334,-0.322,0.199,-0.027,-0.333,-0.456,1.0,0.984,0.924
5000,y2,-0.239,0.242,-0.127,-0.119,0.248,-0.113,0.078,-0.34,-0.357,0.204,-0.084,-0.27,-0.496,0.984,1.0,0.866
5000,y3,-0.092,0.096,-0.096,-0.001,0.268,0.251,0.034,-0.232,-0.329,0.131,0.247,-0.322,-0.293,0.924,0.866,1.0
5500,.,1.0,-0.079,0.091,-0.035,-0.291,0.101,-0.612,0.121,0.233,-0.303,-0.092,-0.521,0.351,-0.167,-0.246,-0.177
5500,A1_1,-0.079,1.0,0.209,0.258,-0.281,-0.216,-0.098,0.029,0.301,0.491,0.05,0.022,-0.048,0.192,0.24,0.132
5500,A1_2,0.091,0.209,1.0,0.141,0.259,0.226,0.178,0.285,0.164,0.134,0.258,0.107,0.009,-0.142,-0.108,-0.164
5500,A1_3,-0.035,0.258,0.141,1.0,-0.054,0.08,0.082,0.022,0.405,0.349,0.605,-0.066,0.351,-0.079,-0.122,0.051
5500,B1_1,-0.291,-0.281,0.259,-0.054,1.0,-0.047,0.19,-0.266,-0.221,0.231,0.204,-0.136,0.071,0.204,0.252,0.273
5500,B1_2,0.101,-0.216,0.226,0.08,-0.047,1.0,-0.125,0.096,-0.01,-0.236,0.56,0.278,-0.016,-0.027,-0.095,0.148
5500,B1_3,-0.612,-0.098,0.178,0.082,0.19,-0.125,1.0,0.226,-0.434,-0.152,0.19,0.34,0.067,0.023,0.068,0.014
5500,A2_1,0.121,0.029,0.285,0.022,-0.266,0.096,0.226,1.0,0.233,-0.065,0.108,-0.065,-0.065,-0.352,-0.338,-0.271
5500,A2_2,0.233,0.301,0.164,0.405,-0.221,-0.01,-0.434,0.233,1.0,0.487,0.094,0.087,0.157,-0.363,-0.378,-0.303
5500,A2_3,-0.303,0.491,0.134,0.349,0.231,-0.236,-0.152,-0.065,0.487,1.0,-0.036,0.082,-0.087,0.147,0.186,0.175
5500,B2_1,-0.092,0.05,0.258,0.605,0.204,0.56,0.19,0.108,0.094,-0.036,1.0,-0.041,0.331,-0.021,-0.077,0.22
5500,B2_2,-0.521,0.022,0.107,-0.066,-0.136,0.278,0.34,-0.065,0.087,0.082,-0.041,1.0,0.013,-0.329,-0.296,-0.359
5500,B2_3,0.351,-0.048,0.009,0.351,0.071,-0.016,0.067,-0.065,0.157,-0.087,0.331,0.013,1.0,-0.428,-0.495,-0.312
5500,y1,-0.167,0.192,-0.142,-0.079,0.204,-0.027,0.023,-0.352,-0.363,0.147,-0.021,-0.329,-0.428,1.0,0.985,0.944
5500,y2,-0.246,0.24,-0.108,-0.122,0.252,-0.095,0.068,-0.338,-0.378,0.186,-0.077,-0.296,-0.495,0.985,1.0,0.901
5500,y3,-0.177,0.132,-0.164,0.051,0.273,0.148,0.014,-0.271,-0.303,0.175,0.22,-0.359,-0.312,0.944,0.901,1.0
6000,.,1.0,-0.093,0.071,-0.027,-0.3,0.113,-0.611,0.12,0.227,-0.317,-0.085,-0.52,0.349,-0.201,-0.239,-0.191
6000,A1_1,-0.093,1.0,0.21,0.26,-0.284,-0.224,-0.101,0.035,0.31,0.495,0.04,0.02,-0.048,0.221,0.258,0.113
6000,A1_2,0.071,0.21,1.0,0.14,0.257,0.221,0.184,0.293,0.17,0.138,0.255,0.11,0.006,-0.151,-0.087,-0.201
6000,A1_3,-0.027,0.26,0.14,1.0,-0.053,0.077,0.085,0.025,0.407,0.344,0.605,-0.066,0.352,-0.064,-0.095,-0.016
6000,B1_1,-0.3,-0.284,0.257,-0.053,1.0,-0.046,0.19,-0.264,-0.222,0.231,0.204,-0.135,0.071,0.233,0.263,0.306
6000,B1_2,0.113,-0.224,0.221,0.077,-0.046,1.0,-0.124,0.095,-0.004,-0.239,0.562,0.279,-0.014,-0.048,-0.113,0.105
6000,B1_3,-0.611,-0.101,0.184,0.085,0.19,-0.124,1.0,0.223,-0.431,-0.146,0.19,0.34,0.068,0.031,0.057,0.029
6000,A2_1,0.12,0.035,0.293,0.025,-0.264,0.095,0.223,1.0,0.242,-0.057,0.108,-0.064,-0.062,-0.385,-0.342,-0.288
6000,A2_2,0.227,0.31,0.17,0.407,-0.222,-0.004,-0.431,0.242,1.0,0.486,0.098,0.095,0.16,-0.374,-0.35,-0.352
6000,A2_3,-0.317,0.495,0.138,0.344,0.231,-0.239,-0.146,-0.057,0.486,1.0,-0.042,0.085,-0.092,0.187,0.227,0.159
6000,B2_1,-0.085,0.04,0.255,0.605,0.204,0.562,0.19,0.108,0.098,-0.042,1.0,-0.04,0.332,-0.012,-0.082,0.18
6000,B2_2,-0.52,0.02,0.11,-0.066,-0.135,0.279,0.34,-0.064,0.095,0.085,-0.04,1.0,0.014,-0.316,-0.289,-0.366
6000,B2_3,0.349,-0.048,0.006,0.352,0.071,-0.014,0.068,-0.062,0.16,-0.092,0.332,0.014,1.0,-0.409,-0.472,-0.299
6000,y1,-0.201,0.221,-0.151,-0.064,0.233,-0.048,0.031,-0.385,-0.374,0.187,-0.012,-0.316,-0.409,1.0,0.988,0.942
6000,y2,-0.239,0.258,-0.087,-0.095,0.263,-0.113,0.057,-0.342,-0.35,0.227,-0.082,-0.289,-0.472,0.988,1.0,0.901
6000,y3,-0.191,0.113,-0.201,-0.016,0.306,0.105,0.029,-0.288,-0.352,0.159,0.18,-0.366,-0.299,0.942,0.901,1.0
6500,.,1.0,-0.102,0.054,-0.018,-0.302,0.111,-0.613,0.115,0.227,-0.312,-0.083,-0.523,0.354,-0.213,-0.256,-0.169
6500,A1_1,-0.102,1.0,0.213,0.256,-0.288,-0.23,-0.101,0.044,0.316,0.499,0.015,0.022,-0.051,0.232,0.242,0.102
6500,A1_2,0.054,0.213,1.0,0.144,0.254,0.221,0.185,0.305,0.18,0.143,0.256,0.115,0.006,-0.156,-0.113,-0.259
6500,A1_3,-0.018,0.256,0.144,1.0,-0.055,0.07,0.091,0.034,0.401,0.339,0.591,-0.068,0.345,-0.039,-0.098,-0.018
6500,B1_1,-0.302,-0.288,0.254,-0.055,1.0,-0.046,0.19,-0.259,-0.225,0.232,0.203,-0.135,0.07,0.244,0.269,0.266
6500,B1_2,0.111,-0.23,0.221,0.07,-0.046,1.0,-0.123,0.102,-0.007,-0.236,0.573,0.28,-0.012,-0.083,-0.138,0.069
6500,B1_3,-0.613,-0.101,0.185,0.091,0.19,-0.123,1.0,0.219,-0.426,-0.147,0.185,0.341,0.067,0.03,0.089,0.009
6500,A2_1,0.115,0.044,0.305,0.034,-0.259,0.102,0.219,1.0,0.256,-0.05,0.108,-0.059,-0.061,-0.364,-0.362,-0.285
6500,A2_2,0.227,0.316,0.18,0.401,-0.225,-0.007,-0.426,0.256,1.0,0.489,0.1,0.1,0.156,-0.356,-0.388,-0.367
6500,A2_3,-0.312,0.499,0.143,0.339,0.232,-0.236,-0.147,-0.05,0.489,1.0,-0.054,0.089,-0.089,0.211,0.2,0.135
6500,B2_1,-0.083,0.015,0.256,0.591,0.203,0.573,0.185,0.108,0.1,-0.054,1.0,-0.031,0.33,-0.022,-0.095,0.132
6500,B2_2,-0.523,0.022,0.115,-0.068,-0.135,0.28,0.341,-0.059,0.1,0.089,-0.031,1.0,0.017,-0.345,-0.295,-0.391
6500,B2_3,0.354,-0.051,0.006,0.345,0.07,-0.012,0.067,-0.061,0.156,-0.089,0.33,0.017,1.0,-0.403,-0.444,-0.308
6500,y1,-0.213,0.232,-0.156,-0.039,0.244,-0.083,0.03,-0.364,-0.356,0.211,-0.022,-0.345,-0.403,1.0,0.988,0.95
6500,y2,-0.256,0.242,-0.113,-0.098,0.269,-0.138,0.089,-0.362,-0.388,0.2,-0.095,-0.295,-0.444,0.988,1.0,0.912
6500,y3,-0.169,0.102,-0.259,-0.018,0.266,0.069,0.009,-0.285,-0.367,0.135,0.132,-0.391,-0.308,0.95,0.912,1.0
7000,.,1.0,-0.104,0.045,-0.012,-0.306,0.112,-0.606,0.116,0.222,-0.314,-0.079,-0.531,0.348,-0.197,-0.225,-0.18
7000,A1_1,-0.104,1.0,0.219,0.256,-0.286,-0.234,-0.104,0.046,0.32,0.5,-0.003,0.024,-0.056,0.214,0.256,0.163
7000,A1_2,0.045,0.219,1.0,0.149,0.251,0.224,0.184,0.313,0.181,0.146,0.258,0.118,0.006,-0.164,-0.139,-0.226
7000,A1_3,-0.012,0.256,0.149,1.0,-0.051,0.067,0.092,0.033,0.399,0.34,0.583,-0.068,0.344,-0.033,-0.067,-0.023
7000,B1_1,-0.306,-0.286,0.251,-0.051,1.0,-0.045,0.19,-0.259,-0.228,0.232,0.201,-0.134,0.069,0.237,0.245,0.271
7000,B1_2,0.112,-0.234,0.224,0.067,-0.045,1.0,-0.122,0.1,-0.006,-0.235,0.582,0.28,-0.009,-0.074,-0.139,0.032
7000,B1_3,-0.606,-0.104,0.184,0.092,0.19,-0.122,1.0,0.216,-0.429,-0.149,0.181,0.344,0.068,0.043,0.072,0.03
7000,A2_1,0.116,0.046,0.313,0.033,-0.259,0.1,0.216,1.0,0.26,-0.045,0.1,-0.054,-0.065,-0.336,-0.368,-0.294
7000,A2_2,0.222,0.32,0.181,0.399,-0.228,-0.006,-0.429,0.26,1.0,0.493,0.104,0.102,0.158,-0.369,-0.392,-0.354
7000,A2_3,-0.314,0.5,0.146,0.34,0.232,-0.235,-0.149,-0.045,0.493,1.0,-0.066,0.091,-0.09,0.196,0.209,0.156
7000,B2_1,-0.079,-0.003,0.258,0.583,0.201,0.582,0.181,0.1,0.104,-0.066,1.0,-0.024,0.328,-0.023,-0.088,0.122
7000,B2_2,-0.531,0.024,0.118,-0.068,-0.134,0.28,0.344,-0.054,0.102,0.091,-0.024,1.0,0.021,-0.347,-0.325,-0.378
7000,B2_3,0.348,-0.056,0.006,0.344,0.069,-0.009,0.068,-0.065,0.158,-0.09,0.328,0.021,1.0,-0.405,-0.432,-0.31
7000,y1,-0.197,0.214,-0.164,-0.033,0.237,-0.074,0.043,-0.336,-0.369,0.196,-0.023,-0.347,-0.405,1.0,0.991,0.967
7000,y2,-0.225,0.256,-0.139,-0.067,0.245,-0.139,0.072,-0.368,-0.392,0.209,-0.088,-0.325,-0.432,0.991,1.0,0.938
7000,y3,-0.18,0.163,-0.226,-0.023,0.271,0.032,0.03,-0.294,-0.354,0.156,0.122,-0.378,-0.31,0.967,0.938,1.0
7500,.,1.0,-0.099,0.045,-0.004,-0.301,0.107,-0.595,0.113,0.214,-0.314,-0.077,-0.535,0.354,-0.2,-0.199,-0.153
7500,A1_1,-0.099,1.0,0.221,0.26,-0.286,-0.232,-0.108,0.044,0.328,0.502,-0.005,0.031,-0.048,0.222,0.263,0.16
7500,A1_2,0.045,0.221,1.0,0.153,0.249,0.224,0.188,0.318,0.178,0.153,0.258,0.12,0.003,-0.166,-0.139,-0.214
7500,A1_3,-0.004,0.26,0.153,1.0,-0.048,0.057,0.094,0.035,0.396,0.341,0.58,-0.074,0.34,-0.048,-0.041,-0.05
7500,B1_1,-0.301,-0.286,0.249,-0.048,1.0,-0.045,0.19,-0.26,-0.228,0.235,0.201,-0.134,0.069,0.254,0.262,0.253
7500,B1_2,0.107,-0.232,0.224,0.057,-0.045,1.0,-0.121,0.101,-0.003,-0.232,0.582,0.281,-0.008,-0.115,-0.148,0.043
7500,B1_3,-0.595,-0.108,0.188,0.094,0.19,-0.121,1.0,0.216,-0.428,-0.145,0.181,0.344,0.068,0.071,0.047,0.027
7500,A2_1,0.113,0.044,0.318,0.035,-0.26,0.101,0.216,1.0,0.26,-0.041,0.097,-0.048,-0.064,-0.326,-0.357,-0.312
7500,A2_2,0.214,0.328,0.178,0.396,-0.228,-0.003,-0.428,0.26,1.0,0.493,0.106,0.106,0.159,-0.378,-0.367,-0.374
7500,A2_3,-0.314,0.502,0.153,0.341,0.235,-0.232,-0.145,-0.041,0.493,1.0,-0.064,0.096,-0.09,0.198,0.251,0.124
7500,B2_1,-0.077,-0.005,0.258,0.58,0.201,0.582,0.181,0.097,0.106,-0.064,1.0,-0.024,0.328,-0.029,-0.073,0.101
7500,B2_2,-0.535,0.031,0.12,-0.074,-0.134,0.281,0.344,-0.048,0.106,0.096,-0.024,1.0,0.022,-0.359,-0.358,-0.371
7500,B2_3,0.354,-0.048,0.003,0.34,0.069,-0.008,0.068,-0.064,0.159,-0.09,0.328,0.022,1.0,-0.382,-0.412,-0.328
7500,y1,-0.2,0.222,-0.166,-0.048,0.254,-0.115,0.071,-0.326,-0.378,0.198,-0.029,-0.359,-0.382,1.0,0.992,0.976
7500,y2,-0.199,0.263,-0.139,-0.041,0.262,-0.148,0.047,-0.357,-0.367,0.251,-0.073,-0.358,-0.412,0.992,1.0,0.955
7500,y3,-0.153,0.16,-0.214,-0.05,0.253,0.043,0.027,-0.312,-0.374,0.124,0.101,-0.371,-0.328,0.976,0.955,1.0
8000,.,1.0,-0.093,0.046,-0.003,-0.306,0.113,-0.596,0.12,0.221,-0.309,-0.078,-0.525,0.355,-0.18,-0.19,-0.207
8000,A1_1,-0.093,1.0,0.227,0.265,-0.288,-0.229,-0.114,0.044,0.334,0.502,-0.005,0.03,-0.048,0.205,0.262,0.206
8000,A1_2,0.046,0.227,1.0,0.155,0.245,0.229,0.191,0.322,0.179,0.156,0.263,0.123,0.001,-0.195,-0.158,-0.154
8000,A1_3,-0.003,0.265,0.155,1.0,-0.049,0.054,0.092,0.033,0.396,0.341,0.581,-0.079,0.341,-0.068,-0.032,-0.032
8000,B1_1,-0.306,-0.288,0.245,-0.049,1.0,-0.042,0.189,-0.266,-0.228,0.232,0.2,-0.13,0.066,0.21,0.228,0.315
8000,B1_2,0.113,-0.229,0.229,0.054,-0.042,1.0,-0.119,0.102,0.005,-0.233,0.584,0.281,-0.004,-0.117,-0.161,0.014
8000,B1_3,-0.596,-0.114,0.191,0.092,0.189,-0.119,1.0,0.219,-0.429,-0.145,0.181,0.346,0.067,0.072,0.032,0.057
8000,A2_1,0.12,0.044,0.322,0.033,-0.266,0.102,0.219,1.0,0.257,-0.037,0.091,-0.039,-0.069,-0.336,-0.334,-0.331
8000,A2_2,0.221,0.334,0.179,0.396,-0.228,0.005,-0.429,0.257,1.0,0.494,0.114,0.11,0.165,-0.397,-0.346,-0.355
8000,A2_3,-0.309,0.502,0.156,0.341,0.232,-0.233,-0.145,-0.037,0.494,1.0,-0.065,0.094,-0.091,0.154,0.246,0.176
8000,B2_1,-0.078,-0.005,0.263,0.581,0.2,0.584,0.181,0.091,0.114,-0.065,1.0,-0.02,0.327,-0.048,-0.086,0.122
8000,B2_2,-0.525,0.03,0.123,-0.079,-0.13,0.281,0.346,-0.039,0.11,0.094,-0.02,1.0,0.028,-0.371,-0.382,-0.35
8000,B2_3,0.355,-0.048,0.001,0.341,0.066,-0.004,0.067,-0.069,0.165,-0.091,0.327,0.028,1.0,-0.383,-0.424,-0.299
8000,y1,-0.18,0.205,-0.195,-0.068,0.21,-0.117,0.072,-0.336,-0.397,0.154,-0.048,-0.371,-0.383,1.0,0.992,0.972
8000,y2,-0.19,0.262,-0.158,-0.032,0.228,-0.161,0.032,-0.334,-0.346,0.246,-0.086,-0.382,-0.424,0.992,1.0,0.956
8000,y3,-0.207,0.206,-0.154,-0.032,0.315,0.014,0.057,-0.331,-0.355,0.176,0.122,-0.35,-0.299,0.972,0.956,1.0
8500,.,1.0,-0.095,0.034,-0.003,-0.311,0.118,-0.587,0.122,0.225,-0.313,-0.071,-0.52,0.353,-0.235,-0.241,-0.17
8500,A1_1,-0.095,1.0,0.236,0.265,-0.289,-0.235,-0.124,0.05,0.334,0.504,-0.014,0.036,-0.05,0.238,0.233,0.189
8500,A1_2,0.034,0.236,1.0,0.162,0.243,0.231,0.197,0.325,0.18,0.164,0.264,0.132,0.001,-0.138,-0.152,-0.112
8500,A1_3,-0.003,0.265,0.162,1.0,-0.048,0.044,0.089,0.039,0.397,0.347,0.573,-0.081,0.342,-0.031,-0.113,-0.071
8500,B1_1,-0.311,-0.289,0.243,-0.048,1.0,-0.04,0.185,-0.267,-0.23,0.232,0.197,-0.133,0.064,0.243,0.249,0.31
8500,B1_2,0.118,-0.235,0.231,0.044,-0.04,1.0,-0.114,0.098,0.011,-0.234,0.587,0.283,-0.002,-0.125,-0.146,0.06
8500,B1_3,-0.587,-0.124,0.197,0.089,0.185,-0.114,1.0,0.224,-0.433,-0.155,0.177,0.347,0.071,0.095,0.07,0.065
8500,A2_1,0.122,0.05,0.325,0.039,-0.267,0.098,0.224,1.0,0.263,-0.026,0.088,-0.029,-0.069,-0.323,-0.299,-0.293
8500,A2_2,0.225,0.334,0.18,0.397,-0.23,0.011,-0.433,0.263,1.0,0.493,0.118,0.112,0.169,-0.372,-0.39,-0.406
8500,A2_3,-0.313,0.504,0.164,0.347,0.232,-0.234,-0.155,-0.026,0.493,1.0,-0.067,0.091,-0.092,0.204,0.21,0.116
8500,B2_1,-0.071,-0.014,0.264,0.573,0.197,0.587,0.177,0.088,0.118,-0.067,1.0,-0.02,0.328,-0.015,-0.12,0.105
8500,B2_2,-0.52,0.036,0.132,-0.081,-0.133,0.283,0.347,-0.029,0.112,0.091,-0.02,1.0,0.032,-0.348,-0.321,-0.335
8500,B2_3,0.353,-0.05,0.001,0.342,0.064,-0.002,0.071,-0.069,0.169,-0.092,0.328,0.032,1.0,-0.397,-0.455,-0.313
8500,y1,-0.235,0.238,-0.138,-0.031,0.243,-0.125,0.095,-0.323,-0.372,0.204,-0.015,-0.348,-0.397,1.0,0.986,0.964
8500,y2,-0.241,0.233,-0.152,-0.113,0.249,-0.146,0.07,-0.299,-0.39,0.21,-0.12,-0.321,-0.455,0.986,1.0,0.957
8500,y3,-0.17,0.189,-0.112,-0.071,0.31,0.06,0.065,-0.293,-0.406,0.116,0.105,-0.335,-0.313,0.964,0.957,1.0
9000,.,1.0,-0.115,0.031,-0.051,-0.309,0.154,-0.571,0.132,0.217,-0.338,-0.06,-0.452,0.353,-0.334,-0.338,-0.266
9000,A1_1,-0.115,1.0,0.253,0.28,-0.3,-0.25,-0.149,0.075,0.349,0.53,-0.046,0.023,-0.063,0.238,0.245,0.199
9000,A1_2,0.031,0.253,1.0,0.163,0.251,0.226,0.215,0.333,0.18,0.18,0.276,0.141,0.003,-0.097,-0.075,-0.101
9000,A1_3,-0.051,0.28,0.163,1.0,-0.05,0.032,0.09,0.051,0.409,0.356,0.554,-0.083,0.333,0.006,-0.013,-0.02
9000,B1_1,-0.309,-0.3,0.251,-0.05,1.0,-0.017,0.186,-0.26,-0.224,0.221,0.202,-0.111,0.073,0.208,0.266,0.271
9000,B1_2,0.154,-0.25,0.226,0.032,-0.017,1.0,-0.083,0.097,-0.003,-0.247,0.617,0.298,0.02,-0.111,-0.149,0.035
9000,B1_3,-0.571,-0.149,0.215,0.09,0.186,-0.083,1.0,0.239,-0.413,-0.168,0.176,0.369,0.085,0.123,0.094,0.063
9000,A2_1,0.132,0.075,0.333,0.051,-0.26,0.097,0.239,1.0,0.277,-0.009,0.103,-0.013,-0.069,-0.228,-0.298,-0.284
9000,A2_2,0.217,0.349,0.18,0.409,-0.224,-0.003,-0.413,0.277,1.0,0.502,0.122,0.117,0.167,-0.377,-0.383,-0.388
9000,A2_3,-0.338,0.53,0.18,0.356,0.221,-0.247,-0.168,-0.009,0.502,1.0,-0.092,0.073,-0.108,0.197,0.221,0.133
9000,B2_1,-0.06,-0.046,0.276,0.554,0.202,0.617,0.176,0.103,0.122,-0.092,1.0,0.006,0.339,-0.018,-0.069,0.1
9000,B2_2,-0.452,0.023,0.141,-0.083,-0.111,0.298,0.369,-0.013,0.117,0.073,0.006,1.0,0.056,-0.34,-0.326,-0.327
9000,B2_3,0.353,-0.063,0.003,0.333,0.073,0.02,0.085,-0.069,0.167,-0.108,0.339,0.056,1.0,-0.447,-0.446,-0.346
9000,y1,-0.334,0.238,-0.097,0.006,0.208,-0.111,0.123,-0.228,-0.377,0.197,-0.018,-0.34,-0.447,1.0,0.992,0.974
9000,y2,-0.338,0.245,-0.075,-0.013,0.266,-0.149,0.094,-0.298,-0.383,0.221,-0.069,-0.326,-0.446,0.992,1.0,0.968
9000,y3,-0.266,0.199,-0.101,-0.02,0.271,0.035,0.063,-0.284,-0.388,0.133,0.1,-0.327,-0.346,0.974,0.968,1.0
9500,.,1.0,-0.135,0.017,-0.083,-0.304,0.168,-0.575,0.127,0.198,-0.356,-0.051,-0.436,0.344,-0.393,-0.414,-0.321
9500,A1_1,-0.135,1.0,0.26,0.283,-0.309,-0.25,-0.152,0.089,0.36,0.538,-0.064,0.031,-0.076,0.25,0.264,0.206
9500,A1_2,0.017,0.26,1.0,0.165,0.246,0.221,0.214,0.342,0.184,0.189,0.279,0.145,-0.003,-0.055,-0.059,-0.055
9500,A1_3,-0.083,0.283,0.165,1.0,-0.056,0.024,0.093,0.06,0.407,0.357,0.542,-0.085,0.325,0.041,0.013,-0.003
9500,B1_1,-0.304,-0.309,0.246,-0.056,1.0,-0.013,0.186,-0.262,-0.226,0.216,0.202,-0.107,0.071,0.247,0.29,0.319
9500,B1_2,0.168,-0.25,0.221,0.024,-0.013,1.0,-0.078,0.095,-0.013,-0.249,0.63,0.302,0.03,-0.116,-0.191,-0.01
9500,B1_3,-0.575,-0.152,0.214,0.093,0.186,-0.078,1.0,0.237,-0.408,-0.169,0.178,0.373,0.09,0.133,0.152,0.095
9500,A2_1,0.127,0.089,0.342,0.06,-0.262,0.095,0.237,1.0,0.285,0.007,0.113,-0.005,-0.071,-0.259,-0.293,-0.249
9500,A2_2,0.198,0.36,0.184,0.407,-0.226,-0.013,-0.408,0.285,1.0,0.514,0.124,0.124,0.163,-0.361,-0.39,-0.39
9500,A2_3,-0.356,0.538,0.189,0.357,0.216,-0.249,-0.169,0.007,0.514,1.0,-0.1,0.073,-0.112,0.231,0.26,0.161
9500,B2_1,-0.051,-0.064,0.279,0.542,0.202,0.63,0.178,0.113,0.124,-0.1,1.0,0.017,0.348,-0.032,-0.089,0.07
9500,B2_2,-0.436,0.031,0.145,-0.085,-0.107,0.302,0.373,-0.005,0.124,0.073,0.017,1.0,0.065,-0.289,-0.298,-0.333
9500,B2_3,0.344,-0.076,-0.003,0.325,0.071,0.03,0.09,-0.071,0.163,-0.112,0.348,0.065,1.0,-0.431,-0.416,-0.363
9500,y1,-0.393,0.25,-0.055,0.041,0.247,-0.116,0.133,-0.259,-0.361,0.231,-0.032,-0.289,-0.431,1.0,0.993,0.979
9500,y2,-0.414,0.264,-0.059,0.013,0.29,-0.191,0.152,-0.293,-0.39,0.26,-0.089,-0.298,-0.416,0.993,1.0,0.969
9500,y3,-0.321,0.206,-0.055,-0.003,0.319,-0.01,0.095,-0.249,-0.39,0.161,0.07,-0.333,-0.363,0.979,0.969,1.0
10000,.,1.0,-0.15,0.006,-0.103,-0.296,0.183,-0.577,0.127,0.194,-0.36,-0.029,-0.42,0.341,-0.441,-0.429,-0.331
10000,A1_1,-0.15,1.0,0.273,0.288,-0.314,-0.251,-0.15,0.108,0.366,0.536,-0.096,0.033,-0.088,0.265,0.268,0.203
10000,A1_2,0.006,0.273,1.0,0.176,0.241,0.217,0.218,0.351,0.187,0.196,0.29,0.15,-0.005,-0.051,-0.063,-0.059
10000,A1_3,-0.103,0.288,0.176,1.0,-0.057,0.022,0.098,0.073,0.409,0.362,0.53,-0.081,0.323,0.024,0.012,-0.018
10000,B1_1,-0.296,-0.314,0.241,-0.057,1.0,-0.007,0.187,-0.265,-0.231,0.214,0.19,-0.102,0.063,0.286,0.285,0.309
10000,B1_2,0.183,-0.251,0.217,0.022,-0.007,1.0,-0.075,0.092,-0.012,-0.248,0.657,0.307,0.05,-0.136,-0.186,-0.059
10000,B1_3,-0.577,-0.15,0.218,0.098,0.187,-0.075,1.0,0.23,-0.409,-0.168,0.19,0.377,0.097,0.148,0.144,0.084
10000,A2_1,0.127,0.108,0.351,0.073,-0.265,0.092,0.23,1.0,0.295,0.025,0.134,0.003,-0.069,-0.276,-0.297,-0.239
10000,A2_2,0.194,0.366,0.187,0.409,-0.231,-0.012,-0.409,0.295,1.0,0.521,0.129,0.132,0.162,-0.389,-0.393,-0.395
10000,A2_3,-0.36,0.536,0.196,0.362,0.214,-0.248,-0.168,0.025,0.521,1.0,-0.113,0.074,-0.116,0.254,0.24,0.16
10000,B2_1,-0.029,-0.096,0.29,0.53,0.19,0.657,0.19,0.134,0.129,-0.113,1.0,0.037,0.361,-0.062,-0.095,-0.02
10000,B2_2,-0.42,0.033,0.15,-0.081,-0.102,0.307,0.377,0.003,0.132,0.074,0.037,1.0,0.078,-0.283,-0.314,-0.346
10000,B2_3,0.341,-0.088,-0.005,0.323,0.063,0.05,0.097,-0.069,0.162,-0.116,0.361,0.078,1.0,-0.417,-0.415,-0.408
10000,y1,-0.441,0.265,-0.051,0.024,0.286,-0.136,0.148,-0.276,-0.389,0.254,-0.062,-0.283,-0.417,1.0,0.996,0.982
10000,y2,-0.429,0.268,-0.063,0.012,0.285,-0.186,0.144,-0.297,-0.393,0.24,-0.095,-0.314,-0.415,0.996,1.0,0.978
10000,y3,-0.331,0.203,-0.059,-0.018,0.309,-0.059,0.084,-0.239,-0.395,0.16,-0.02,-0.346,-0.408,0.982,0.978,1.0
