,,.,A1_1,A1_2,A1_3,B1_1,B1_2,B1_3,A2_1,A2_2,A2_3,B2_1,B2_2,B2_3,y1,y2,y3
1,.,1.0,-0.227,0.071,0.105,0.237,-0.179,-0.2,0.104,-0.531,0.785,-0.01,-0.393,-0.745,0.098,0.152,-0.245
1,A1_1,-0.227,1.0,-0.435,-0.037,-0.066,0.124,0.672,-0.25,-0.106,-0.091,-0.145,-0.053,0.171,0.206,0.103,0.002
1,A1_2,0.071,-0.435,1.0,-0.65,0.127,-0.282,-0.407,-0.029,-0.383,0.214,0.537,-0.54,0.215,-0.015,0.044,-0.718
1,A1_3,0.105,-0.037,-0.65,1.0,-0.391,0.113,0.117,0.563,0.298,0.026,-0.438,0.7,-0.309,0.191,0.509,0.505
1,B1_1,0.237,-0.066,0.127,-0.391,1.0,-0.318,-0.078,-0.032,-0.243,0.087,0.165,-0.493,-0.214,-0.458,-0.62,0.011
1,B1_2,-0.179,0.124,-0.282,0.113,-0.318,1.0,0.341,0.008,0.052,-0.27,-0.384,0.476,0.294,-0.294,0.02,-0.003
1,B1_3,-0.2,0.672,-0.407,0.117,-0.078,0.341,1.0,-0.132,0.107,-0.075,-0.266,0.17,0.088,0.32,0.259,0.05
1,A2_1,0.104,-0.25,-0.029,0.563,-0.032,0.008,-0.132,1.0,-0.005,0.071,-0.059,0.287,0.063,0.113,0.454,0.21
1,A2_2,-0.531,-0.106,-0.383,0.298,-0.243,0.052,0.107,-0.005,1.0,-0.349,0.068,0.482,0.225,0.021,-0.024,0.781
1,A2_3,0.785,-0.091,0.214,0.026,0.087,-0.27,-0.075,0.071,-0.349,1.0,-0.07,-0.373,-0.37,0.401,0.46,-0.27
1,B2_1,-0.01,-0.145,0.537,-0.438,0.165,-0.384,-0.266,-0.059,0.068,-0.07,1.0,-0.57,-0.063,-0.206,-0.124,-0.175
1,B2_2,-0.393,-0.053,-0.54,0.7,-0.493,0.476,0.17,0.287,0.482,-0.373,-0.57,1.0,0.106,-0.02,0.242,0.413
1,B2_3,-0.745,0.171,0.215,-0.309,-0.214,0.294,0.088,0.063,0.225,-0.37,-0.063,0.106,1.0,0.06,0.039,0.011
1,y1,0.098,0.206,-0.015,0.191,-0.458,-0.294,0.32,0.113,0.021,0.401,-0.206,-0.02,0.06,1.0,0.651,-0.009
1,y2,0.152,0.103,0.044,0.509,-0.62,0.02,0.259,0.454,-0.024,0.46,-0.124,0.242,0.039,0.651,1.0,-0.169
1,y3,-0.245,0.002,-0.718,0.505,0.011,-0.003,0.05,0.21,0.781,-0.27,-0.175,0.413,0.011,-0.009,-0.169,1.0
2,.,1.0,-0.227,0.069,0.105,0.24,-0.179,-0.201,0.103,-0.531,0.782,-0.008,-0.393,-0.747,0.095,0.15,-0.243
2,A1_1,-0.227,1.0,-0.435,-0.037,-0.066,0.123,0.671,-0.25,-0.106,-0.091,-0.145,-0.054,0.171,0.206,0.102,0.002
2,A1_2,0.069,-0.435,1.0,-0.65,0.127,-0.283,-0.408,-0.03,-0.383,0.214,0.537,-0.54,0.214,-0.015,0.044,-0.718
2,A1_3,0.105,-0.037,-0.65,1.0,-0.389,0.114,0.119,0.562,0.298,0.025,-0.437,0.7,-0.308,0.19,0.508,0.504
2,B1_1,0.24,-0.066,0.127,-0.389,1.0,-0.319,-0.078,-0.031,-0.241,0.089,0.163,-0.492,-0.215,-0.457,-0.619,0.012
2,B1_2,-0.179,0.123,-0.283,0.114,-0.319,1.0,0.342,0.008,0.053,-0.27,-0.385,0.477,0.294,-0.292,0.021,-0.002
2,B1_3,-0.201,0.671,-0.408,0.119,-0.078,0.342,1.0,-0.131,0.108,-0.074,-0.266,0.171,0.088,0.321,0.26,0.051
2,A2_1,0.103,-0.25,-0.03,0.562,-0.031,0.008,-0.131,1.0,-0.006,0.07,-0.058,0.287,0.063,0.113,0.455,0.21
2,A2_2,-0.531,-0.106,-0.383,0.298,-0.241,0.053,0.108,-0.006,1.0,-0.349,0.069,0.483,0.226,0.019,-0.025,0.781
2,A2_3,0.782,-0.091,0.214,0.025,0.089,-0.27,-0.074,0.07,-0.349,1.0,-0.068,-0.372,-0.37,0.401,0.46,-0.27
2,B2_1,-0.008,-0.145,0.537,-0.437,0.163,-0.385,-0.266,-0.058,0.069,-0.068,1.0,-0.57,-0.063,-0.205,-0.124,-0.175
2,B2_2,-0.393,-0.054,-0.54,0.7,-0.492,0.477,0.171,0.287,0.483,-0.372,-0.57,1.0,0.106,-0.019,0.243,0.414
2,B2_3,-0.747,0.171,0.214,-0.308,-0.215,0.294,0.088,0.063,0.226,-0.37,-0.063,0.106,1.0,0.061,0.04,0.012
2,y1,0.095,0.206,-0.015,0.19,-0.457,-0.292,0.321,0.113,0.019,0.401,-0.205,-0.019,0.061,1.0,0.651,-0.009
2,y2,0.15,0.102,0.044,0.508,-0.619,0.021,0.26,0.455,-0.025,0.46,-0.124,0.243,0.04,0.651,1.0,-0.169
2,y3,-0.243,0.002,-0.718,0.504,0.012,-0.002,0.051,0.21,0.781,-0.27,-0.175,0.414,0.012,-0.009,-0.169,1.0
3,.,1.0,-0.228,0.067,0.106,0.242,-0.179,-0.202,0.103,-0.531,0.779,-0.006,-0.393,-0.749,0.092,0.146,-0.241
3,A1_1,-0.228,1.0,-0.434,-0.038,-0.066,0.123,0.671,-0.251,-0.105,-0.09,-0.145,-0.055,0.171,0.205,0.102,0.001
3,A1_2,0.067,-0.434,1.0,-0.651,0.126,-0.284,-0.408,-0.03,-0.383,0.215,0.538,-0.541,0.214,-0.015,0.043,-0.718
3,A1_3,0.106,-0.038,-0.651,1.0,-0.388,0.115,0.12,0.562,0.297,0.025,-0.436,0.701,-0.307,0.19,0.508,0.504
3,B1_1,0.242,-0.066,0.126,-0.388,1.0,-0.319,-0.077,-0.029,-0.24,0.09,0.162,-0.492,-0.215,-0.456,-0.618,0.013
3,B1_2,-0.179,0.123,-0.284,0.115,-0.319,1.0,0.342,0.009,0.055,-0.269,-0.386,0.477,0.294,-0.291,0.022,-0.001
3,B1_3,-0.202,0.671,-0.408,0.12,-0.077,0.342,1.0,-0.13,0.109,-0.073,-0.266,0.171,0.088,0.321,0.261,0.053
3,A2_1,0.103,-0.251,-0.03,0.562,-0.029,0.009,-0.13,1.0,-0.006,0.07,-0.056,0.288,0.064,0.113,0.455,0.21
3,A2_2,-0.531,-0.105,-0.383,0.297,-0.24,0.055,0.109,-0.006,1.0,-0.349,0.071,0.483,0.227,0.018,-0.026,0.78
3,A2_3,0.779,-0.09,0.215,0.025,0.09,-0.269,-0.073,0.07,-0.349,1.0,-0.066,-0.371,-0.369,0.4,0.46,-0.27
3,B2_1,-0.006,-0.145,0.538,-0.436,0.162,-0.386,-0.266,-0.056,0.071,-0.066,1.0,-0.57,-0.064,-0.204,-0.123,-0.175
3,B2_2,-0.393,-0.055,-0.541,0.701,-0.492,0.477,0.171,0.288,0.483,-0.371,-0.57,1.0,0.107,-0.018,0.243,0.415
3,B2_3,-0.749,0.171,0.214,-0.307,-0.215,0.294,0.088,0.064,0.227,-0.369,-0.064,0.107,1.0,0.062,0.041,0.014
3,y1,0.092,0.205,-0.015,0.19,-0.456,-0.291,0.321,0.113,0.018,0.4,-0.204,-0.018,0.062,1.0,0.652,-0.009
3,y2,0.146,0.102,0.043,0.508,-0.618,0.022,0.261,0.455,-0.026,0.46,-0.123,0.243,0.041,0.652,1.0,-0.169
3,y3,-0.241,0.001,-0.718,0.504,0.013,-0.001,0.053,0.21,0.78,-0.27,-0.175,0.415,0.014,-0.009,-0.169,1.0
4,.,1.0,-0.228,0.066,0.106,0.244,-0.179,-0.203,0.102,-0.532,0.776,-0.003,-0.393,-0.751,0.089,0.143,-0.239
4,A1_1,-0.228,1.0,-0.433,-0.038,-0.066,0.122,0.67,-0.251,-0.105,-0.09,-0.144,-0.056,0.17,0.204,0.102,0.001
4,A1_2,0.066,-0.433,1.0,-0.651,0.125,-0.284,-0.409,-0.03,-0.383,0.215,0.538,-0.541,0.213,-0.016,0.043,-0.718
4,A1_3,0.106,-0.038,-0.651,1.0,-0.386,0.116,0.121,0.562,0.297,0.024,-0.434,0.701,-0.307,0.189,0.508,0.504
4,B1_1,0.244,-0.066,0.125,-0.386,1.0,-0.32,-0.077,-0.027,-0.238,0.092,0.161,-0.491,-0.216,-0.455,-0.617,0.014
4,B1_2,-0.179,0.122,-0.284,0.116,-0.32,1.0,0.343,0.01,0.056,-0.268,-0.387,0.478,0.294,-0.29,0.024,0.0
4,B1_3,-0.203,0.67,-0.409,0.121,-0.077,0.343,1.0,-0.129,0.11,-0.072,-0.266,0.172,0.089,0.321,0.262,0.054
4,A2_1,0.102,-0.251,-0.03,0.562,-0.027,0.01,-0.129,1.0,-0.007,0.069,-0.054,0.288,0.065,0.112,0.455,0.21
4,A2_2,-0.532,-0.105,-0.383,0.297,-0.238,0.056,0.11,-0.007,1.0,-0.349,0.072,0.483,0.229,0.017,-0.028,0.78
4,A2_3,0.776,-0.09,0.215,0.024,0.092,-0.268,-0.072,0.069,-0.349,1.0,-0.065,-0.37,-0.368,0.4,0.46,-0.27
4,B2_1,-0.003,-0.144,0.538,-0.434,0.161,-0.387,-0.266,-0.054,0.072,-0.065,1.0,-0.57,-0.064,-0.204,-0.123,-0.174
4,B2_2,-0.393,-0.056,-0.541,0.701,-0.491,0.478,0.172,0.288,0.483,-0.37,-0.57,1.0,0.107,-0.017,0.244,0.416
4,B2_3,-0.751,0.17,0.213,-0.307,-0.216,0.294,0.089,0.065,0.229,-0.368,-0.064,0.107,1.0,0.063,0.043,0.015
4,y1,0.089,0.204,-0.016,0.189,-0.455,-0.29,0.321,0.112,0.017,0.4,-0.204,-0.017,0.063,1.0,0.653,-0.009
4,y2,0.143,0.102,0.043,0.508,-0.617,0.024,0.262,0.455,-0.028,0.46,-0.123,0.244,0.043,0.653,1.0,-0.169
4,y3,-0.239,0.001,-0.718,0.504,0.014,0.0,0.054,0.21,0.78,-0.27,-0.174,0.416,0.015,-0.009,-0.169,1.0
5,.,1.0,-0.229,0.064,0.105,0.247,-0.18,-0.205,0.1,-0.533,0.772,-0.001,-0.394,-0.753,0.085,0.138,-0.238
5,A1_1,-0.229,1.0,-0.432,-0.039,-0.066,0.122,0.669,-0.252,-0.105,-0.09,-0.144,-0.057,0.17,0.203,0.102,0.001
5,A1_2,0.064,-0.432,1.0,-0.651,0.125,-0.285,-0.409,-0.03,-0.382,0.215,0.538,-0.542,0.212,-0.016,0.043,-0.719
5,A1_3,0.105,-0.039,-0.651,1.0,-0.384,0.118,0.123,0.562,0.297,0.024,-0.433,0.702,-0.306,0.188,0.507,0.504
5,B1_1,0.247,-0.066,0.125,-0.384,1.0,-0.32,-0.077,-0.026,-0.237,0.093,0.16,-0.49,-0.216,-0.454,-0.616,0.015
5,B1_2,-0.18,0.122,-0.285,0.118,-0.32,1.0,0.344,0.011,0.057,-0.267,-0.387,0.479,0.294,-0.288,0.025,0.001
5,B1_3,-0.205,0.669,-0.409,0.123,-0.077,0.344,1.0,-0.128,0.112,-0.071,-0.266,0.173,0.089,0.322,0.264,0.055
5,A2_1,0.1,-0.252,-0.03,0.562,-0.026,0.011,-0.128,1.0,-0.008,0.068,-0.052,0.289,0.065,0.112,0.455,0.21
5,A2_2,-0.533,-0.105,-0.382,0.297,-0.237,0.057,0.112,-0.008,1.0,-0.35,0.074,0.484,0.23,0.015,-0.029,0.779
5,A2_3,0.772,-0.09,0.215,0.024,0.093,-0.267,-0.071,0.068,-0.35,1.0,-0.063,-0.37,-0.367,0.399,0.46,-0.271
5,B2_1,-0.001,-0.144,0.538,-0.433,0.16,-0.387,-0.266,-0.052,0.074,-0.063,1.0,-0.569,-0.064,-0.203,-0.123,-0.174
5,B2_2,-0.394,-0.057,-0.542,0.702,-0.49,0.479,0.173,0.289,0.484,-0.37,-0.569,1.0,0.108,-0.017,0.245,0.417
5,B2_3,-0.753,0.17,0.212,-0.306,-0.216,0.294,0.089,0.065,0.23,-0.367,-0.064,0.108,1.0,0.064,0.044,0.016
5,y1,0.085,0.203,-0.016,0.188,-0.454,-0.288,0.322,0.112,0.015,0.399,-0.203,-0.017,0.064,1.0,0.654,-0.008
5,y2,0.138,0.102,0.043,0.507,-0.616,0.025,0.264,0.455,-0.029,0.46,-0.123,0.245,0.044,0.654,1.0,-0.17
5,y3,-0.238,0.001,-0.719,0.504,0.015,0.001,0.055,0.21,0.779,-0.271,-0.174,0.417,0.016,-0.008,-0.17,1.0
6,.,1.0,-0.229,0.063,0.105,0.249,-0.181,-0.207,0.099,-0.533,0.768,0.001,-0.394,-0.755,0.081,0.134,-0.237
6,A1_1,-0.229,1.0,-0.431,-0.039,-0.066,0.121,0.668,-0.252,-0.106,-0.09,-0.144,-0.058,0.169,0.202,0.102,0.001
6,A1_2,0.063,-0.431,1.0,-0.651,0.124,-0.286,-0.41,-0.031,-0.382,0.215,0.538,-0.542,0.211,-0.016,0.042,-0.719
6,A1_3,0.105,-0.039,-0.651,1.0,-0.383,0.119,0.124,0.561,0.296,0.023,-0.432,0.702,-0.305,0.187,0.507,0.504
6,B1_1,0.249,-0.066,0.124,-0.383,1.0,-0.32,-0.077,-0.024,-0.235,0.095,0.159,-0.489,-0.217,-0.453,-0.615,0.017
6,B1_2,-0.181,0.121,-0.286,0.119,-0.32,1.0,0.344,0.011,0.058,-0.267,-0.388,0.48,0.295,-0.287,0.026,0.003
6,B1_3,-0.207,0.668,-0.41,0.124,-0.077,0.344,1.0,-0.127,0.113,-0.07,-0.266,0.174,0.09,0.322,0.265,0.057
6,A2_1,0.099,-0.252,-0.031,0.561,-0.024,0.011,-0.127,1.0,-0.008,0.068,-0.05,0.289,0.066,0.111,0.455,0.21
6,A2_2,-0.533,-0.106,-0.382,0.296,-0.235,0.058,0.113,-0.008,1.0,-0.35,0.075,0.484,0.231,0.014,-0.03,0.779
6,A2_3,0.768,-0.09,0.215,0.023,0.095,-0.267,-0.07,0.068,-0.35,1.0,-0.061,-0.369,-0.366,0.398,0.46,-0.271
6,B2_1,0.001,-0.144,0.538,-0.432,0.159,-0.388,-0.266,-0.05,0.075,-0.061,1.0,-0.569,-0.065,-0.202,-0.123,-0.173
6,B2_2,-0.394,-0.058,-0.542,0.702,-0.489,0.48,0.174,0.289,0.484,-0.369,-0.569,1.0,0.109,-0.016,0.245,0.418
6,B2_3,-0.755,0.169,0.211,-0.305,-0.217,0.295,0.09,0.066,0.231,-0.366,-0.065,0.109,1.0,0.064,0.045,0.018
6,y1,0.081,0.202,-0.016,0.187,-0.453,-0.287,0.322,0.111,0.014,0.398,-0.202,-0.016,0.064,1.0,0.655,-0.008
6,y2,0.134,0.102,0.042,0.507,-0.615,0.026,0.265,0.455,-0.03,0.46,-0.123,0.245,0.045,0.655,1.0,-0.17
6,y3,-0.237,0.001,-0.719,0.504,0.017,0.003,0.057,0.21,0.779,-0.271,-0.173,0.418,0.018,-0.008,-0.17,1.0
7,.,1.0,-0.229,0.062,0.104,0.252,-0.182,-0.209,0.097,-0.535,0.764,0.004,-0.396,-0.757,0.077,0.129,-0.237
7,A1_1,-0.229,1.0,-0.43,-0.04,-0.066,0.121,0.667,-0.252,-0.106,-0.09,-0.144,-0.059,0.169,0.202,0.102,0.0
7,A1_2,0.062,-0.43,1.0,-0.651,0.123,-0.287,-0.41,-0.031,-0.382,0.216,0.538,-0.543,0.211,-0.016,0.042,-0.719
7,A1_3,0.104,-0.04,-0.651,1.0,-0.381,0.12,0.125,0.561,0.295,0.023,-0.43,0.703,-0.304,0.186,0.507,0.504
7,B1_1,0.252,-0.066,0.123,-0.381,1.0,-0.32,-0.077,-0.022,-0.233,0.096,0.157,-0.488,-0.217,-0.452,-0.614,0.018
7,B1_2,-0.182,0.121,-0.287,0.12,-0.32,1.0,0.345,0.012,0.059,-0.266,-0.388,0.48,0.295,-0.286,0.027,0.004
7,B1_3,-0.209,0.667,-0.41,0.125,-0.077,0.345,1.0,-0.126,0.114,-0.07,-0.266,0.175,0.09,0.323,0.266,0.058
7,A2_1,0.097,-0.252,-0.031,0.561,-0.022,0.012,-0.126,1.0,-0.009,0.067,-0.048,0.29,0.067,0.11,0.454,0.209
7,A2_2,-0.535,-0.106,-0.382,0.295,-0.233,0.059,0.114,-0.009,1.0,-0.35,0.077,0.484,0.232,0.012,-0.032,0.778
7,A2_3,0.764,-0.09,0.216,0.023,0.096,-0.266,-0.07,0.067,-0.35,1.0,-0.06,-0.368,-0.366,0.398,0.46,-0.272
7,B2_1,0.004,-0.144,0.538,-0.43,0.157,-0.388,-0.266,-0.048,0.077,-0.06,1.0,-0.568,-0.065,-0.202,-0.123,-0.173
7,B2_2,-0.396,-0.059,-0.543,0.703,-0.488,0.48,0.175,0.29,0.484,-0.368,-0.568,1.0,0.11,-0.015,0.246,0.419
7,B2_3,-0.757,0.169,0.211,-0.304,-0.217,0.295,0.09,0.067,0.232,-0.366,-0.065,0.11,1.0,0.065,0.046,0.019
7,y1,0.077,0.202,-0.016,0.186,-0.452,-0.286,0.323,0.11,0.012,0.398,-0.202,-0.015,0.065,1.0,0.656,-0.007
7,y2,0.129,0.102,0.042,0.507,-0.614,0.027,0.266,0.454,-0.032,0.46,-0.123,0.246,0.046,0.656,1.0,-0.17
7,y3,-0.237,0.0,-0.719,0.504,0.018,0.004,0.058,0.209,0.778,-0.272,-0.173,0.419,0.019,-0.007,-0.17,1.0
8,.,1.0,-0.229,0.061,0.103,0.255,-0.184,-0.212,0.095,-0.537,0.759,0.006,-0.398,-0.759,0.072,0.124,-0.236
8,A1_1,-0.229,1.0,-0.429,-0.04,-0.066,0.12,0.666,-0.253,-0.106,-0.089,-0.144,-0.06,0.169,0.201,0.102,-0.0
8,A1_2,0.061,-0.429,1.0,-0.651,0.122,-0.287,-0.411,-0.031,-0.381,0.216,0.538,-0.543,0.21,-0.017,0.041,-0.719
8,A1_3,0.103,-0.04,-0.651,1.0,-0.379,0.121,0.126,0.561,0.295,0.022,-0.429,0.703,-0.303,0.186,0.506,0.503
8,B1_1,0.255,-0.066,0.122,-0.379,1.0,-0.32,-0.076,-0.021,-0.231,0.097,0.156,-0.487,-0.217,-0.451,-0.613,0.019
8,B1_2,-0.184,0.12,-0.287,0.121,-0.32,1.0,0.346,0.013,0.061,-0.266,-0.388,0.481,0.296,-0.285,0.027,0.005
8,B1_3,-0.212,0.666,-0.411,0.126,-0.076,0.346,1.0,-0.125,0.116,-0.069,-0.266,0.176,0.091,0.323,0.267,0.06
8,A2_1,0.095,-0.253,-0.031,0.561,-0.021,0.013,-0.125,1.0,-0.01,0.067,-0.046,0.29,0.068,0.109,0.454,0.209
8,A2_2,-0.537,-0.106,-0.381,0.295,-0.231,0.061,0.116,-0.01,1.0,-0.351,0.078,0.485,0.233,0.011,-0.033,0.778
8,A2_3,0.759,-0.089,0.216,0.022,0.097,-0.266,-0.069,0.067,-0.351,1.0,-0.059,-0.368,-0.365,0.397,0.46,-0.272
8,B2_1,0.006,-0.144,0.538,-0.429,0.156,-0.388,-0.266,-0.046,0.078,-0.059,1.0,-0.568,-0.065,-0.202,-0.123,-0.173
8,B2_2,-0.398,-0.06,-0.543,0.703,-0.487,0.481,0.176,0.29,0.485,-0.368,-0.568,1.0,0.111,-0.015,0.246,0.42
8,B2_3,-0.759,0.169,0.21,-0.303,-0.217,0.296,0.091,0.068,0.233,-0.365,-0.065,0.111,1.0,0.066,0.047,0.02
8,y1,0.072,0.201,-0.017,0.186,-0.451,-0.285,0.323,0.109,0.011,0.397,-0.202,-0.015,0.066,1.0,0.658,-0.007
8,y2,0.124,0.102,0.041,0.506,-0.613,0.027,0.267,0.454,-0.033,0.46,-0.123,0.246,0.047,0.658,1.0,-0.17
8,y3,-0.236,-0.0,-0.719,0.503,0.019,0.005,0.06,0.209,0.778,-0.272,-0.173,0.42,0.02,-0.007,-0.17,1.0
9,.,1.0,-0.229,0.06,0.102,0.257,-0.186,-0.215,0.093,-0.538,0.755,0.008,-0.399,-0.762,0.068,0.118,-0.236
9,A1_1,-0.229,1.0,-0.428,-0.041,-0.066,0.12,0.665,-0.253,-0.106,-0.089,-0.143,-0.061,0.168,0.2,0.102,-0.001
9,A1_2,0.06,-0.428,1.0,-0.651,0.122,-0.288,-0.412,-0.031,-0.381,0.216,0.539,-0.544,0.209,-0.017,0.041,-0.72
9,A1_3,0.102,-0.041,-0.651,1.0,-0.378,0.122,0.127,0.561,0.294,0.022,-0.428,0.703,-0.302,0.185,0.506,0.503
9,B1_1,0.257,-0.066,0.122,-0.378,1.0,-0.319,-0.076,-0.019,-0.229,0.098,0.155,-0.486,-0.217,-0.451,-0.613,0.02
9,B1_2,-0.186,0.12,-0.288,0.122,-0.319,1.0,0.347,0.013,0.062,-0.265,-0.388,0.482,0.297,-0.284,0.028,0.006
9,B1_3,-0.215,0.665,-0.412,0.127,-0.076,0.347,1.0,-0.124,0.117,-0.069,-0.266,0.177,0.092,0.323,0.268,0.061
9,A2_1,0.093,-0.253,-0.031,0.561,-0.019,0.013,-0.124,1.0,-0.01,0.066,-0.044,0.29,0.068,0.108,0.454,0.209
9,A2_2,-0.538,-0.106,-0.381,0.294,-0.229,0.062,0.117,-0.01,1.0,-0.351,0.08,0.485,0.235,0.009,-0.034,0.777
9,A2_3,0.755,-0.089,0.216,0.022,0.098,-0.265,-0.069,0.066,-0.351,1.0,-0.057,-0.368,-0.365,0.396,0.46,-0.273
9,B2_1,0.008,-0.143,0.539,-0.428,0.155,-0.388,-0.266,-0.044,0.08,-0.057,1.0,-0.567,-0.064,-0.201,-0.123,-0.172
9,B2_2,-0.399,-0.061,-0.544,0.703,-0.486,0.482,0.177,0.29,0.485,-0.368,-0.567,1.0,0.113,-0.015,0.246,0.421
9,B2_3,-0.762,0.168,0.209,-0.302,-0.217,0.297,0.092,0.068,0.235,-0.365,-0.064,0.113,1.0,0.066,0.048,0.022
9,y1,0.068,0.2,-0.017,0.185,-0.451,-0.284,0.323,0.108,0.009,0.396,-0.201,-0.015,0.066,1.0,0.659,-0.006
9,y2,0.118,0.102,0.041,0.506,-0.613,0.028,0.268,0.454,-0.034,0.46,-0.123,0.246,0.048,0.659,1.0,-0.17
9,y3,-0.236,-0.001,-0.72,0.503,0.02,0.006,0.061,0.209,0.777,-0.273,-0.172,0.421,0.022,-0.006,-0.17,1.0
10,.,1.0,-0.229,0.059,0.1,0.259,-0.188,-0.218,0.091,-0.54,0.75,0.01,-0.401,-0.765,0.064,0.113,-0.236
10,A1_1,-0.229,1.0,-0.427,-0.042,-0.066,0.119,0.664,-0.254,-0.106,-0.089,-0.143,-0.062,0.168,0.199,0.102,-0.001
10,A1_2,0.059,-0.427,1.0,-0.651,0.121,-0.289,-0.412,-0.031,-0.38,0.217,0.539,-0.544,0.208,-0.018,0.04,-0.72
10,A1_3,0.1,-0.042,-0.651,1.0,-0.376,0.122,0.128,0.561,0.294,0.021,-0.427,0.703,-0.301,0.184,0.506,0.503
10,B1_1,0.259,-0.066,0.121,-0.376,1.0,-0.319,-0.075,-0.017,-0.227,0.099,0.153,-0.484,-0.217,-0.45,-0.612,0.022
10,B1_2,-0.188,0.119,-0.289,0.122,-0.319,1.0,0.348,0.014,0.063,-0.265,-0.388,0.484,0.298,-0.283,0.028,0.007
10,B1_3,-0.218,0.664,-0.412,0.128,-0.075,0.348,1.0,-0.123,0.119,-0.069,-0.266,0.178,0.093,0.323,0.27,0.063
10,A2_1,0.091,-0.254,-0.031,0.561,-0.017,0.014,-0.123,1.0,-0.011,0.066,-0.042,0.29,0.069,0.107,0.453,0.208
10,A2_2,-0.54,-0.106,-0.38,0.294,-0.227,0.063,0.119,-0.011,1.0,-0.351,0.082,0.486,0.236,0.007,-0.036,0.776
10,A2_3,0.75,-0.089,0.217,0.021,0.099,-0.265,-0.069,0.066,-0.351,1.0,-0.056,-0.368,-0.364,0.395,0.46,-0.273
10,B2_1,0.01,-0.143,0.539,-0.427,0.153,-0.388,-0.266,-0.042,0.082,-0.056,1.0,-0.566,-0.064,-0.201,-0.123,-0.172
10,B2_2,-0.401,-0.062,-0.544,0.703,-0.484,0.484,0.178,0.29,0.486,-0.368,-0.566,1.0,0.114,-0.015,0.247,0.422
10,B2_3,-0.765,0.168,0.208,-0.301,-0.217,0.298,0.093,0.069,0.236,-0.364,-0.064,0.114,1.0,0.066,0.049,0.023
10,y1,0.064,0.199,-0.018,0.184,-0.45,-0.283,0.323,0.107,0.007,0.395,-0.201,-0.015,0.066,1.0,0.661,-0.006
10,y2,0.113,0.102,0.04,0.506,-0.612,0.028,0.27,0.453,-0.036,0.46,-0.123,0.247,0.049,0.661,1.0,-0.17
10,y3,-0.236,-0.001,-0.72,0.503,0.022,0.007,0.063,0.208,0.776,-0.273,-0.172,0.422,0.023,-0.006,-0.17,1.0
11,.,1.0,-0.229,0.059,0.099,0.261,-0.192,-0.222,0.089,-0.542,0.746,0.012,-0.404,-0.767,0.06,0.108,-0.236
11,A1_1,-0.229,1.0,-0.426,-0.043,-0.066,0.118,0.663,-0.254,-0.107,-0.089,-0.142,-0.062,0.167,0.199,0.103,-0.001
11,A1_2,0.059,-0.426,1.0,-0.651,0.12,-0.29,-0.413,-0.031,-0.38,0.217,0.539,-0.544,0.207,-0.018,0.04,-0.72
11,A1_3,0.099,-0.043,-0.651,1.0,-0.374,0.123,0.129,0.561,0.293,0.021,-0.425,0.703,-0.301,0.183,0.505,0.502
11,B1_1,0.261,-0.066,0.12,-0.374,1.0,-0.318,-0.075,-0.016,-0.224,0.1,0.152,-0.483,-0.217,-0.45,-0.612,0.023
11,B1_2,-0.192,0.118,-0.29,0.123,-0.318,1.0,0.35,0.014,0.064,-0.265,-0.387,0.485,0.299,-0.282,0.029,0.008
11,B1_3,-0.222,0.663,-0.413,0.129,-0.075,0.35,1.0,-0.123,0.12,-0.069,-0.266,0.18,0.094,0.323,0.271,0.065
11,A2_1,0.089,-0.254,-0.031,0.561,-0.016,0.014,-0.123,1.0,-0.012,0.065,-0.04,0.29,0.069,0.106,0.453,0.207
11,A2_2,-0.542,-0.107,-0.38,0.293,-0.224,0.064,0.12,-0.012,1.0,-0.351,0.084,0.486,0.237,0.006,-0.037,0.776
11,A2_3,0.746,-0.089,0.217,0.021,0.1,-0.265,-0.069,0.065,-0.351,1.0,-0.055,-0.368,-0.364,0.394,0.46,-0.273
11,B2_1,0.012,-0.142,0.539,-0.425,0.152,-0.387,-0.266,-0.04,0.084,-0.055,1.0,-0.565,-0.064,-0.201,-0.124,-0.171
11,B2_2,-0.404,-0.062,-0.544,0.703,-0.483,0.485,0.18,0.29,0.486,-0.368,-0.565,1.0,0.116,-0.015,0.247,0.423
11,B2_3,-0.767,0.167,0.207,-0.301,-0.217,0.299,0.094,0.069,0.237,-0.364,-0.064,0.116,1.0,0.066,0.049,0.024
11,y1,0.06,0.199,-0.018,0.183,-0.45,-0.282,0.323,0.106,0.006,0.394,-0.201,-0.015,0.066,1.0,0.662,-0.005
11,y2,0.108,0.103,0.04,0.505,-0.612,0.029,0.271,0.453,-0.037,0.46,-0.124,0.247,0.049,0.662,1.0,-0.17
11,y3,-0.236,-0.001,-0.72,0.502,0.023,0.008,0.065,0.207,0.776,-0.273,-0.171,0.423,0.024,-0.005,-0.17,1.0
12,.,1.0,-0.229,0.058,0.098,0.262,-0.195,-0.226,0.087,-0.544,0.741,0.014,-0.406,-0.77,0.056,0.102,-0.236
12,A1_1,-0.229,1.0,-0.425,-0.043,-0.065,0.118,0.663,-0.255,-0.107,-0.089,-0.142,-0.063,0.167,0.198,0.103,-0.002
12,A1_2,0.058,-0.425,1.0,-0.651,0.119,-0.29,-0.413,-0.031,-0.379,0.218,0.539,-0.545,0.206,-0.019,0.039,-0.721
12,A1_3,0.098,-0.043,-0.651,1.0,-0.373,0.123,0.129,0.56,0.292,0.021,-0.424,0.703,-0.3,0.182,0.505,0.502
12,B1_1,0.262,-0.065,0.119,-0.373,1.0,-0.317,-0.074,-0.014,-0.222,0.1,0.151,-0.481,-0.216,-0.449,-0.611,0.024
12,B1_2,-0.195,0.118,-0.29,0.123,-0.317,1.0,0.351,0.014,0.066,-0.265,-0.387,0.486,0.3,-0.282,0.029,0.009
12,B1_3,-0.226,0.663,-0.413,0.129,-0.074,0.351,1.0,-0.122,0.122,-0.069,-0.265,0.181,0.095,0.323,0.272,0.066
12,A2_1,0.087,-0.255,-0.031,0.56,-0.014,0.014,-0.122,1.0,-0.013,0.065,-0.038,0.29,0.069,0.105,0.452,0.207
12,A2_2,-0.544,-0.107,-0.379,0.292,-0.222,0.066,0.122,-0.013,1.0,-0.352,0.086,0.487,0.238,0.004,-0.039,0.775
12,A2_3,0.741,-0.089,0.218,0.021,0.1,-0.265,-0.069,0.065,-0.352,1.0,-0.054,-0.368,-0.364,0.393,0.46,-0.274
12,B2_1,0.014,-0.142,0.539,-0.424,0.151,-0.387,-0.265,-0.038,0.086,-0.054,1.0,-0.564,-0.063,-0.201,-0.124,-0.171
12,B2_2,-0.406,-0.063,-0.545,0.703,-0.481,0.486,0.181,0.29,0.487,-0.368,-0.564,1.0,0.117,-0.015,0.246,0.424
12,B2_3,-0.77,0.167,0.206,-0.3,-0.216,0.3,0.095,0.069,0.238,-0.364,-0.063,0.117,1.0,0.066,0.05,0.026
12,y1,0.056,0.198,-0.019,0.182,-0.449,-0.282,0.323,0.105,0.004,0.393,-0.201,-0.015,0.066,1.0,0.664,-0.004
12,y2,0.102,0.103,0.039,0.505,-0.611,0.029,0.272,0.452,-0.039,0.46,-0.124,0.246,0.05,0.664,1.0,-0.17
12,y3,-0.236,-0.002,-0.721,0.502,0.024,0.009,0.066,0.207,0.775,-0.274,-0.171,0.424,0.026,-0.004,-0.17,1.0
13,.,1.0,-0.229,0.058,0.096,0.263,-0.199,-0.23,0.084,-0.546,0.736,0.016,-0.409,-0.773,0.052,0.097,-0.236
13,A1_1,-0.229,1.0,-0.424,-0.044,-0.065,0.117,0.662,-0.255,-0.108,-0.088,-0.141,-0.064,0.167,0.197,0.103,-0.002
13,A1_2,0.058,-0.424,1.0,-0.651,0.118,-0.291,-0.414,-0.031,-0.379,0.218,0.539,-0.545,0.205,-0.019,0.038,-0.721
13,A1_3,0.096,-0.044,-0.651,1.0,-0.371,0.124,0.13,0.56,0.292,0.02,-0.423,0.702,-0.299,0.181,0.505,0.502
13,B1_1,0.263,-0.065,0.118,-0.371,1.0,-0.316,-0.073,-0.013,-0.22,0.101,0.15,-0.48,-0.215,-0.449,-0.611,0.025
13,B1_2,-0.199,0.117,-0.291,0.124,-0.316,1.0,0.352,0.014,0.067,-0.265,-0.386,0.487,0.301,-0.281,0.029,0.01
13,B1_3,-0.23,0.662,-0.414,0.13,-0.073,0.352,1.0,-0.122,0.123,-0.07,-0.265,0.182,0.096,0.322,0.272,0.068
13,A2_1,0.084,-0.255,-0.031,0.56,-0.013,0.014,-0.122,1.0,-0.013,0.064,-0.036,0.29,0.07,0.104,0.451,0.206
13,A2_2,-0.546,-0.108,-0.379,0.292,-0.22,0.067,0.123,-0.013,1.0,-0.352,0.089,0.487,0.24,0.002,-0.04,0.774
13,A2_3,0.736,-0.088,0.218,0.02,0.101,-0.265,-0.07,0.064,-0.352,1.0,-0.053,-0.368,-0.364,0.392,0.459,-0.274
13,B2_1,0.016,-0.141,0.539,-0.423,0.15,-0.386,-0.265,-0.036,0.089,-0.053,1.0,-0.563,-0.062,-0.201,-0.125,-0.171
13,B2_2,-0.409,-0.064,-0.545,0.702,-0.48,0.487,0.182,0.29,0.487,-0.368,-0.563,1.0,0.119,-0.015,0.246,0.425
13,B2_3,-0.773,0.167,0.205,-0.299,-0.215,0.301,0.096,0.07,0.24,-0.364,-0.062,0.119,1.0,0.065,0.05,0.027
13,y1,0.052,0.197,-0.019,0.181,-0.449,-0.281,0.322,0.104,0.002,0.392,-0.201,-0.015,0.065,1.0,0.666,-0.003
13,y2,0.097,0.103,0.038,0.505,-0.611,0.029,0.272,0.451,-0.04,0.459,-0.125,0.246,0.05,0.666,1.0,-0.17
13,y3,-0.236,-0.002,-0.721,0.502,0.025,0.01,0.068,0.206,0.774,-0.274,-0.171,0.425,0.027,-0.003,-0.17,1.0
14,.,1.0,-0.229,0.057,0.095,0.264,-0.203,-0.235,0.082,-0.548,0.731,0.018,-0.412,-0.775,0.049,0.092,-0.236
14,A1_1,-0.229,1.0,-0.423,-0.045,-0.064,0.117,0.66,-0.255,-0.108,-0.088,-0.14,-0.065,0.166,0.196,0.104,-0.003
14,A1_2,0.057,-0.423,1.0,-0.65,0.117,-0.292,-0.415,-0.031,-0.379,0.219,0.539,-0.545,0.203,-0.02,0.038,-0.722
14,A1_3,0.095,-0.045,-0.65,1.0,-0.37,0.124,0.13,0.56,0.291,0.02,-0.422,0.702,-0.298,0.18,0.505,0.501
14,B1_1,0.264,-0.064,0.117,-0.37,1.0,-0.315,-0.072,-0.011,-0.217,0.101,0.148,-0.478,-0.214,-0.449,-0.611,0.026
14,B1_2,-0.203,0.117,-0.292,0.124,-0.315,1.0,0.354,0.015,0.069,-0.266,-0.385,0.489,0.303,-0.281,0.029,0.011
14,B1_3,-0.235,0.66,-0.415,0.13,-0.072,0.354,1.0,-0.121,0.125,-0.071,-0.264,0.184,0.098,0.322,0.273,0.07
14,A2_1,0.082,-0.255,-0.031,0.56,-0.011,0.015,-0.121,1.0,-0.014,0.064,-0.034,0.29,0.07,0.103,0.451,0.206
14,A2_2,-0.548,-0.108,-0.379,0.291,-0.217,0.069,0.125,-0.014,1.0,-0.352,0.091,0.488,0.241,0.0,-0.042,0.773
14,A2_3,0.731,-0.088,0.219,0.02,0.101,-0.266,-0.071,0.064,-0.352,1.0,-0.053,-0.368,-0.364,0.391,0.459,-0.274
14,B2_1,0.018,-0.14,0.539,-0.422,0.148,-0.385,-0.264,-0.034,0.091,-0.053,1.0,-0.562,-0.061,-0.201,-0.126,-0.17
14,B2_2,-0.412,-0.065,-0.545,0.702,-0.478,0.489,0.184,0.29,0.488,-0.368,-0.562,1.0,0.121,-0.015,0.246,0.426
14,B2_3,-0.775,0.166,0.203,-0.298,-0.214,0.303,0.098,0.07,0.241,-0.364,-0.061,0.121,1.0,0.065,0.05,0.028
14,y1,0.049,0.196,-0.02,0.18,-0.449,-0.281,0.322,0.103,0.0,0.391,-0.201,-0.015,0.065,1.0,0.668,-0.002
14,y2,0.092,0.104,0.038,0.505,-0.611,0.029,0.273,0.451,-0.042,0.459,-0.126,0.246,0.05,0.668,1.0,-0.169
14,y3,-0.236,-0.003,-0.722,0.501,0.026,0.011,0.07,0.206,0.773,-0.274,-0.17,0.426,0.028,-0.002,-0.169,1.0
15,.,1.0,-0.229,0.057,0.094,0.264,-0.208,-0.24,0.08,-0.55,0.726,0.019,-0.415,-0.778,0.045,0.087,-0.236
15,A1_1,-0.229,1.0,-0.422,-0.046,-0.064,0.116,0.659,-0.256,-0.109,-0.088,-0.139,-0.066,0.166,0.195,0.104,-0.003
15,A1_2,0.057,-0.422,1.0,-0.65,0.116,-0.293,-0.416,-0.03,-0.378,0.219,0.539,-0.546,0.202,-0.02,0.037,-0.722
15,A1_3,0.094,-0.046,-0.65,1.0,-0.368,0.125,0.13,0.56,0.29,0.02,-0.42,0.701,-0.298,0.179,0.504,0.501
15,B1_1,0.264,-0.064,0.116,-0.368,1.0,-0.314,-0.071,-0.01,-0.214,0.101,0.147,-0.476,-0.213,-0.449,-0.611,0.028
15,B1_2,-0.208,0.116,-0.293,0.125,-0.314,1.0,0.356,0.015,0.07,-0.266,-0.384,0.49,0.305,-0.28,0.028,0.012
15,B1_3,-0.24,0.659,-0.416,0.13,-0.071,0.356,1.0,-0.121,0.127,-0.071,-0.263,0.186,0.1,0.321,0.274,0.072
15,A2_1,0.08,-0.256,-0.03,0.56,-0.01,0.015,-0.121,1.0,-0.015,0.064,-0.032,0.289,0.07,0.102,0.45,0.205
15,A2_2,-0.55,-0.109,-0.378,0.29,-0.214,0.07,0.127,-0.015,1.0,-0.352,0.093,0.489,0.243,-0.001,-0.044,0.772
15,A2_3,0.726,-0.088,0.219,0.02,0.101,-0.266,-0.071,0.064,-0.352,1.0,-0.052,-0.369,-0.364,0.39,0.459,-0.274
15,B2_1,0.019,-0.139,0.539,-0.42,0.147,-0.384,-0.263,-0.032,0.093,-0.052,1.0,-0.56,-0.06,-0.201,-0.127,-0.17
15,B2_2,-0.415,-0.066,-0.546,0.701,-0.476,0.49,0.186,0.289,0.489,-0.369,-0.56,1.0,0.123,-0.015,0.245,0.427
15,B2_3,-0.778,0.166,0.202,-0.298,-0.213,0.305,0.1,0.07,0.243,-0.364,-0.06,0.123,1.0,0.064,0.05,0.029
15,y1,0.045,0.195,-0.02,0.179,-0.449,-0.28,0.321,0.102,-0.001,0.39,-0.201,-0.015,0.064,1.0,0.671,-0.0
15,y2,0.087,0.104,0.037,0.504,-0.611,0.028,0.274,0.45,-0.044,0.459,-0.127,0.245,0.05,0.671,1.0,-0.169
15,y3,-0.236,-0.003,-0.722,0.501,0.028,0.012,0.072,0.205,0.772,-0.274,-0.17,0.427,0.029,-0.0,-0.169,1.0
16,.,1.0,-0.228,0.057,0.093,0.264,-0.213,-0.246,0.078,-0.552,0.721,0.02,-0.419,-0.782,0.042,0.082,-0.235
16,A1_1,-0.228,1.0,-0.421,-0.047,-0.063,0.116,0.658,-0.256,-0.11,-0.088,-0.139,-0.066,0.165,0.194,0.104,-0.004
16,A1_2,0.057,-0.421,1.0,-0.65,0.115,-0.294,-0.416,-0.03,-0.377,0.22,0.539,-0.546,0.201,-0.021,0.036,-0.722
16,A1_3,0.093,-0.047,-0.65,1.0,-0.367,0.125,0.13,0.56,0.29,0.02,-0.419,0.7,-0.297,0.179,0.504,0.501
16,B1_1,0.264,-0.063,0.115,-0.367,1.0,-0.312,-0.07,-0.008,-0.211,0.101,0.146,-0.474,-0.212,-0.449,-0.611,0.029
16,B1_2,-0.213,0.116,-0.294,0.125,-0.312,1.0,0.358,0.015,0.072,-0.267,-0.383,0.492,0.307,-0.28,0.028,0.013
16,B1_3,-0.246,0.658,-0.416,0.13,-0.07,0.358,1.0,-0.121,0.128,-0.073,-0.262,0.188,0.102,0.32,0.274,0.074
16,A2_1,0.078,-0.256,-0.03,0.56,-0.008,0.015,-0.121,1.0,-0.015,0.063,-0.03,0.289,0.07,0.101,0.449,0.205
16,A2_2,-0.552,-0.11,-0.377,0.29,-0.211,0.072,0.128,-0.015,1.0,-0.353,0.096,0.49,0.244,-0.003,-0.045,0.771
16,A2_3,0.721,-0.088,0.22,0.02,0.101,-0.267,-0.073,0.063,-0.353,1.0,-0.052,-0.37,-0.364,0.389,0.459,-0.275
16,B2_1,0.02,-0.139,0.539,-0.419,0.146,-0.383,-0.262,-0.03,0.096,-0.052,1.0,-0.559,-0.058,-0.201,-0.128,-0.169
16,B2_2,-0.419,-0.066,-0.546,0.7,-0.474,0.492,0.188,0.289,0.49,-0.37,-0.559,1.0,0.126,-0.016,0.245,0.428
16,B2_3,-0.782,0.165,0.201,-0.297,-0.212,0.307,0.102,0.07,0.244,-0.364,-0.058,0.126,1.0,0.063,0.05,0.03
16,y1,0.042,0.194,-0.021,0.179,-0.449,-0.28,0.32,0.101,-0.003,0.389,-0.201,-0.016,0.063,1.0,0.673,0.001
16,y2,0.082,0.104,0.036,0.504,-0.611,0.028,0.274,0.449,-0.045,0.459,-0.128,0.245,0.05,0.673,1.0,-0.168
16,y3,-0.235,-0.004,-0.722,0.501,0.029,0.013,0.074,0.205,0.771,-0.275,-0.169,0.428,0.03,0.001,-0.168,1.0
17,.,1.0,-0.228,0.057,0.093,0.263,-0.219,-0.252,0.076,-0.554,0.716,0.021,-0.422,-0.785,0.04,0.078,-0.235
17,A1_1,-0.228,1.0,-0.419,-0.048,-0.062,0.116,0.657,-0.257,-0.11,-0.087,-0.137,-0.067,0.165,0.193,0.104,-0.005
17,A1_2,0.057,-0.419,1.0,-0.649,0.114,-0.294,-0.417,-0.03,-0.377,0.22,0.539,-0.547,0.199,-0.021,0.035,-0.723
17,A1_3,0.093,-0.048,-0.649,1.0,-0.365,0.125,0.13,0.56,0.289,0.019,-0.418,0.7,-0.297,0.178,0.504,0.501
17,B1_1,0.263,-0.062,0.114,-0.365,1.0,-0.311,-0.068,-0.007,-0.208,0.101,0.144,-0.471,-0.21,-0.449,-0.611,0.03
17,B1_2,-0.219,0.116,-0.294,0.125,-0.311,1.0,0.36,0.014,0.074,-0.268,-0.382,0.494,0.309,-0.28,0.027,0.014
17,B1_3,-0.252,0.657,-0.417,0.13,-0.068,0.36,1.0,-0.121,0.13,-0.074,-0.261,0.19,0.104,0.319,0.274,0.076
17,A2_1,0.076,-0.257,-0.03,0.56,-0.007,0.014,-0.121,1.0,-0.016,0.063,-0.028,0.288,0.07,0.1,0.448,0.204
17,A2_2,-0.554,-0.11,-0.377,0.289,-0.208,0.074,0.13,-0.016,1.0,-0.353,0.099,0.49,0.245,-0.005,-0.047,0.77
17,A2_3,0.716,-0.087,0.22,0.019,0.101,-0.268,-0.074,0.063,-0.353,1.0,-0.052,-0.371,-0.365,0.388,0.459,-0.274
17,B2_1,0.021,-0.137,0.539,-0.418,0.144,-0.382,-0.261,-0.028,0.099,-0.052,1.0,-0.557,-0.057,-0.202,-0.129,-0.169
17,B2_2,-0.422,-0.067,-0.547,0.7,-0.471,0.494,0.19,0.288,0.49,-0.371,-0.557,1.0,0.128,-0.016,0.244,0.429
17,B2_3,-0.785,0.165,0.199,-0.297,-0.21,0.309,0.104,0.07,0.245,-0.365,-0.057,0.128,1.0,0.062,0.049,0.031
17,y1,0.04,0.193,-0.021,0.178,-0.449,-0.28,0.319,0.1,-0.005,0.388,-0.202,-0.016,0.062,1.0,0.676,0.003
17,y2,0.078,0.104,0.035,0.504,-0.611,0.027,0.274,0.448,-0.047,0.459,-0.129,0.244,0.049,0.676,1.0,-0.168
17,y3,-0.235,-0.005,-0.723,0.501,0.03,0.014,0.076,0.204,0.77,-0.274,-0.169,0.429,0.031,0.003,-0.168,1.0
18,.,1.0,-0.228,0.057,0.092,0.262,-0.225,-0.258,0.073,-0.556,0.711,0.022,-0.426,-0.788,0.037,0.073,-0.235
18,A1_1,-0.228,1.0,-0.418,-0.049,-0.061,0.115,0.656,-0.257,-0.111,-0.087,-0.136,-0.068,0.165,0.191,0.105,-0.005
18,A1_2,0.057,-0.418,1.0,-0.649,0.113,-0.295,-0.418,-0.029,-0.376,0.221,0.539,-0.547,0.198,-0.022,0.034,-0.723
18,A1_3,0.092,-0.049,-0.649,1.0,-0.364,0.125,0.13,0.56,0.288,0.019,-0.417,0.699,-0.297,0.177,0.504,0.5
18,B1_1,0.262,-0.061,0.113,-0.364,1.0,-0.308,-0.067,-0.006,-0.205,0.1,0.143,-0.469,-0.208,-0.449,-0.611,0.031
18,B1_2,-0.225,0.115,-0.295,0.125,-0.308,1.0,0.362,0.014,0.075,-0.269,-0.38,0.496,0.311,-0.279,0.026,0.014
18,B1_3,-0.258,0.656,-0.418,0.13,-0.067,0.362,1.0,-0.121,0.132,-0.076,-0.26,0.192,0.106,0.318,0.275,0.077
18,A2_1,0.073,-0.257,-0.029,0.56,-0.006,0.014,-0.121,1.0,-0.017,0.063,-0.026,0.287,0.069,0.099,0.447,0.203
18,A2_2,-0.556,-0.111,-0.376,0.288,-0.205,0.075,0.132,-0.017,1.0,-0.353,0.102,0.491,0.247,-0.007,-0.049,0.769
18,A2_3,0.711,-0.087,0.221,0.019,0.1,-0.269,-0.076,0.063,-0.353,1.0,-0.052,-0.372,-0.365,0.386,0.459,-0.274
18,B2_1,0.022,-0.136,0.539,-0.417,0.143,-0.38,-0.26,-0.026,0.102,-0.052,1.0,-0.555,-0.055,-0.202,-0.131,-0.169
18,B2_2,-0.426,-0.068,-0.547,0.699,-0.469,0.496,0.192,0.287,0.491,-0.372,-0.555,1.0,0.131,-0.017,0.243,0.429
18,B2_3,-0.788,0.165,0.198,-0.297,-0.208,0.311,0.106,0.069,0.247,-0.365,-0.055,0.131,1.0,0.061,0.048,0.032
18,y1,0.037,0.191,-0.022,0.177,-0.449,-0.279,0.318,0.099,-0.007,0.386,-0.202,-0.017,0.061,1.0,0.678,0.005
18,y2,0.073,0.105,0.034,0.504,-0.611,0.026,0.275,0.447,-0.049,0.459,-0.131,0.243,0.048,0.678,1.0,-0.167
18,y3,-0.235,-0.005,-0.723,0.5,0.031,0.014,0.077,0.203,0.769,-0.274,-0.169,0.429,0.032,0.005,-0.167,1.0
19,.,1.0,-0.228,0.057,0.091,0.26,-0.231,-0.265,0.071,-0.557,0.706,0.022,-0.43,-0.791,0.035,0.069,-0.234
19,A1_1,-0.228,1.0,-0.417,-0.05,-0.06,0.115,0.654,-0.258,-0.112,-0.087,-0.135,-0.068,0.164,0.19,0.105,-0.006
19,A1_2,0.057,-0.417,1.0,-0.648,0.111,-0.296,-0.419,-0.029,-0.376,0.222,0.539,-0.547,0.196,-0.022,0.033,-0.724
19,A1_3,0.091,-0.05,-0.648,1.0,-0.363,0.125,0.13,0.56,0.287,0.019,-0.415,0.697,-0.296,0.176,0.503,0.5
19,B1_1,0.26,-0.06,0.111,-0.363,1.0,-0.306,-0.065,-0.004,-0.202,0.099,0.142,-0.466,-0.206,-0.449,-0.612,0.033
19,B1_2,-0.231,0.115,-0.296,0.125,-0.306,1.0,0.364,0.014,0.077,-0.27,-0.379,0.498,0.313,-0.279,0.025,0.015
19,B1_3,-0.265,0.654,-0.419,0.13,-0.065,0.364,1.0,-0.121,0.134,-0.077,-0.259,0.194,0.109,0.316,0.275,0.079
19,A2_1,0.071,-0.258,-0.029,0.56,-0.004,0.014,-0.121,1.0,-0.018,0.063,-0.024,0.287,0.069,0.098,0.446,0.203
19,A2_2,-0.557,-0.112,-0.376,0.287,-0.202,0.077,0.134,-0.018,1.0,-0.353,0.105,0.492,0.248,-0.01,-0.05,0.768
19,A2_3,0.706,-0.087,0.222,0.019,0.099,-0.27,-0.077,0.063,-0.353,1.0,-0.052,-0.373,-0.366,0.385,0.459,-0.274
19,B2_1,0.022,-0.135,0.539,-0.415,0.142,-0.379,-0.259,-0.024,0.105,-0.052,1.0,-0.553,-0.053,-0.203,-0.132,-0.168
19,B2_2,-0.43,-0.068,-0.547,0.697,-0.466,0.498,0.194,0.287,0.492,-0.373,-0.553,1.0,0.134,-0.018,0.242,0.43
19,B2_3,-0.791,0.164,0.196,-0.296,-0.206,0.313,0.109,0.069,0.248,-0.366,-0.053,0.134,1.0,0.059,0.048,0.033
19,y1,0.035,0.19,-0.022,0.176,-0.449,-0.279,0.316,0.098,-0.01,0.385,-0.203,-0.018,0.059,1.0,0.681,0.007
19,y2,0.069,0.105,0.033,0.503,-0.612,0.025,0.275,0.446,-0.05,0.459,-0.132,0.242,0.048,0.681,1.0,-0.165
19,y3,-0.234,-0.006,-0.724,0.5,0.033,0.015,0.079,0.203,0.768,-0.274,-0.168,0.43,0.033,0.007,-0.165,1.0
20,.,1.0,-0.227,0.058,0.09,0.257,-0.239,-0.273,0.069,-0.559,0.701,0.022,-0.434,-0.794,0.033,0.065,-0.234
20,A1_1,-0.227,1.0,-0.416,-0.052,-0.059,0.114,0.653,-0.258,-0.113,-0.086,-0.134,-0.069,0.164,0.189,0.105,-0.007
20,A1_2,0.058,-0.416,1.0,-0.647,0.11,-0.297,-0.42,-0.028,-0.375,0.223,0.538,-0.547,0.195,-0.023,0.032,-0.724
20,A1_3,0.09,-0.052,-0.647,1.0,-0.361,0.125,0.129,0.56,0.286,0.019,-0.414,0.696,-0.296,0.176,0.503,0.5
20,B1_1,0.257,-0.059,0.11,-0.361,1.0,-0.303,-0.063,-0.003,-0.198,0.098,0.14,-0.463,-0.203,-0.45,-0.612,0.034
20,B1_2,-0.239,0.114,-0.297,0.125,-0.303,1.0,0.367,0.013,0.079,-0.271,-0.377,0.5,0.316,-0.279,0.024,0.016
20,B1_3,-0.273,0.653,-0.42,0.129,-0.063,0.367,1.0,-0.122,0.135,-0.08,-0.257,0.197,0.112,0.315,0.274,0.081
20,A2_1,0.069,-0.258,-0.028,0.56,-0.003,0.013,-0.122,1.0,-0.018,0.063,-0.022,0.286,0.069,0.097,0.445,0.202
20,A2_2,-0.559,-0.113,-0.375,0.286,-0.198,0.079,0.135,-0.018,1.0,-0.353,0.108,0.493,0.25,-0.012,-0.052,0.767
20,A2_3,0.701,-0.086,0.223,0.019,0.098,-0.271,-0.08,0.063,-0.353,1.0,-0.052,-0.374,-0.367,0.384,0.459,-0.274
20,B2_1,0.022,-0.134,0.538,-0.414,0.14,-0.377,-0.257,-0.022,0.108,-0.052,1.0,-0.551,-0.051,-0.203,-0.134,-0.168
20,B2_2,-0.434,-0.069,-0.547,0.696,-0.463,0.5,0.197,0.286,0.493,-0.374,-0.551,1.0,0.137,-0.019,0.241,0.431
20,B2_3,-0.794,0.164,0.195,-0.296,-0.203,0.316,0.112,0.069,0.25,-0.367,-0.051,0.137,1.0,0.057,0.046,0.034
20,y1,0.033,0.189,-0.023,0.176,-0.45,-0.279,0.315,0.097,-0.012,0.384,-0.203,-0.019,0.057,1.0,0.684,0.009
20,y2,0.065,0.105,0.032,0.503,-0.612,0.024,0.274,0.445,-0.052,0.459,-0.134,0.241,0.046,0.684,1.0,-0.164
20,y3,-0.234,-0.007,-0.724,0.5,0.034,0.016,0.081,0.202,0.767,-0.274,-0.168,0.431,0.034,0.009,-0.164,1.0
21,.,1.0,-0.227,0.058,0.09,0.253,-0.246,-0.281,0.067,-0.561,0.695,0.022,-0.438,-0.797,0.032,0.061,-0.233
21,A1_1,-0.227,1.0,-0.414,-0.053,-0.058,0.114,0.652,-0.259,-0.114,-0.086,-0.132,-0.07,0.164,0.187,0.105,-0.008
21,A1_2,0.058,-0.414,1.0,-0.647,0.109,-0.298,-0.42,-0.028,-0.374,0.224,0.538,-0.548,0.193,-0.024,0.03,-0.725
21,A1_3,0.09,-0.053,-0.647,1.0,-0.36,0.124,0.128,0.56,0.285,0.019,-0.413,0.694,-0.295,0.175,0.503,0.5
21,B1_1,0.253,-0.058,0.109,-0.36,1.0,-0.301,-0.061,-0.002,-0.194,0.097,0.139,-0.46,-0.2,-0.45,-0.613,0.035
21,B1_2,-0.246,0.114,-0.298,0.124,-0.301,1.0,0.369,0.013,0.081,-0.272,-0.374,0.502,0.319,-0.28,0.022,0.016
21,B1_3,-0.281,0.652,-0.42,0.128,-0.061,0.369,1.0,-0.122,0.137,-0.082,-0.256,0.2,0.115,0.313,0.274,0.083
21,A2_1,0.067,-0.259,-0.028,0.56,-0.002,0.013,-0.122,1.0,-0.019,0.063,-0.02,0.285,0.068,0.096,0.444,0.201
21,A2_2,-0.561,-0.114,-0.374,0.285,-0.194,0.081,0.137,-0.019,1.0,-0.353,0.112,0.494,0.251,-0.014,-0.054,0.766
21,A2_3,0.695,-0.086,0.224,0.019,0.097,-0.272,-0.082,0.063,-0.353,1.0,-0.052,-0.376,-0.367,0.383,0.459,-0.274
21,B2_1,0.022,-0.132,0.538,-0.413,0.139,-0.374,-0.256,-0.02,0.112,-0.052,1.0,-0.548,-0.048,-0.204,-0.136,-0.168
21,B2_2,-0.438,-0.07,-0.548,0.694,-0.46,0.502,0.2,0.285,0.494,-0.376,-0.548,1.0,0.141,-0.02,0.239,0.432
21,B2_3,-0.797,0.164,0.193,-0.295,-0.2,0.319,0.115,0.068,0.251,-0.367,-0.048,0.141,1.0,0.055,0.045,0.035
21,y1,0.032,0.187,-0.024,0.175,-0.45,-0.28,0.313,0.096,-0.014,0.383,-0.204,-0.02,0.055,1.0,0.688,0.011
21,y2,0.061,0.105,0.03,0.503,-0.613,0.022,0.274,0.444,-0.054,0.459,-0.136,0.239,0.045,0.688,1.0,-0.163
21,y3,-0.233,-0.008,-0.725,0.5,0.035,0.016,0.083,0.201,0.766,-0.274,-0.168,0.432,0.035,0.011,-0.163,1.0
22,.,1.0,-0.226,0.059,0.089,0.249,-0.254,-0.289,0.065,-0.563,0.69,0.022,-0.442,-0.8,0.031,0.058,-0.233
22,A1_1,-0.226,1.0,-0.413,-0.054,-0.056,0.114,0.65,-0.259,-0.116,-0.086,-0.131,-0.07,0.163,0.185,0.105,-0.008
22,A1_2,0.059,-0.413,1.0,-0.646,0.107,-0.298,-0.421,-0.027,-0.374,0.225,0.538,-0.548,0.191,-0.024,0.029,-0.725
22,A1_3,0.089,-0.054,-0.646,1.0,-0.359,0.124,0.127,0.56,0.285,0.019,-0.412,0.693,-0.295,0.174,0.502,0.5
22,B1_1,0.249,-0.056,0.107,-0.359,1.0,-0.297,-0.058,-0.001,-0.19,0.096,0.137,-0.457,-0.197,-0.451,-0.613,0.036
22,B1_2,-0.254,0.114,-0.298,0.124,-0.297,1.0,0.372,0.012,0.083,-0.274,-0.372,0.504,0.322,-0.28,0.021,0.017
22,B1_3,-0.289,0.65,-0.421,0.127,-0.058,0.372,1.0,-0.123,0.139,-0.085,-0.254,0.203,0.119,0.31,0.273,0.085
22,A2_1,0.065,-0.259,-0.027,0.56,-0.001,0.012,-0.123,1.0,-0.02,0.063,-0.018,0.283,0.067,0.095,0.442,0.2
22,A2_2,-0.563,-0.116,-0.374,0.285,-0.19,0.083,0.139,-0.02,1.0,-0.354,0.116,0.495,0.253,-0.016,-0.056,0.764
22,A2_3,0.69,-0.086,0.225,0.019,0.096,-0.274,-0.085,0.063,-0.354,1.0,-0.053,-0.378,-0.368,0.382,0.458,-0.273
22,B2_1,0.022,-0.131,0.538,-0.412,0.137,-0.372,-0.254,-0.018,0.116,-0.053,1.0,-0.546,-0.046,-0.205,-0.138,-0.168
22,B2_2,-0.442,-0.07,-0.548,0.693,-0.457,0.504,0.203,0.283,0.495,-0.378,-0.546,1.0,0.144,-0.021,0.238,0.432
22,B2_3,-0.8,0.163,0.191,-0.295,-0.197,0.322,0.119,0.067,0.253,-0.368,-0.046,0.144,1.0,0.053,0.044,0.035
22,y1,0.031,0.185,-0.024,0.174,-0.451,-0.28,0.31,0.095,-0.016,0.382,-0.205,-0.021,0.053,1.0,0.691,0.014
22,y2,0.058,0.105,0.029,0.502,-0.613,0.021,0.273,0.442,-0.056,0.458,-0.138,0.238,0.044,0.691,1.0,-0.161
22,y3,-0.233,-0.008,-0.725,0.5,0.036,0.017,0.085,0.2,0.764,-0.273,-0.168,0.432,0.035,0.014,-0.161,1.0
23,.,1.0,-0.225,0.06,0.089,0.245,-0.263,-0.298,0.063,-0.564,0.686,0.021,-0.447,-0.803,0.03,0.055,-0.233
23,A1_1,-0.225,1.0,-0.412,-0.056,-0.055,0.113,0.648,-0.26,-0.117,-0.085,-0.129,-0.071,0.163,0.184,0.105,-0.009
23,A1_2,0.06,-0.412,1.0,-0.645,0.106,-0.299,-0.422,-0.026,-0.373,0.226,0.538,-0.548,0.19,-0.025,0.028,-0.726
23,A1_3,0.089,-0.056,-0.645,1.0,-0.357,0.123,0.126,0.561,0.284,0.019,-0.411,0.691,-0.295,0.173,0.502,0.5
23,B1_1,0.245,-0.055,0.106,-0.357,1.0,-0.294,-0.056,0.001,-0.185,0.094,0.136,-0.453,-0.193,-0.452,-0.614,0.038
23,B1_2,-0.263,0.113,-0.299,0.123,-0.294,1.0,0.375,0.011,0.085,-0.276,-0.369,0.507,0.326,-0.28,0.019,0.018
23,B1_3,-0.298,0.648,-0.422,0.126,-0.056,0.375,1.0,-0.124,0.141,-0.088,-0.252,0.206,0.122,0.308,0.273,0.087
23,A2_1,0.063,-0.26,-0.026,0.561,0.001,0.011,-0.124,1.0,-0.021,0.063,-0.016,0.282,0.067,0.094,0.441,0.2
23,A2_2,-0.564,-0.117,-0.373,0.284,-0.185,0.085,0.141,-0.021,1.0,-0.354,0.12,0.496,0.255,-0.019,-0.058,0.763
23,A2_3,0.686,-0.085,0.226,0.019,0.094,-0.276,-0.088,0.063,-0.354,1.0,-0.054,-0.38,-0.369,0.381,0.458,-0.273
23,B2_1,0.021,-0.129,0.538,-0.411,0.136,-0.369,-0.252,-0.016,0.12,-0.054,1.0,-0.543,-0.043,-0.206,-0.14,-0.167
23,B2_2,-0.447,-0.071,-0.548,0.691,-0.453,0.507,0.206,0.282,0.496,-0.38,-0.543,1.0,0.148,-0.022,0.236,0.433
23,B2_3,-0.803,0.163,0.19,-0.295,-0.193,0.326,0.122,0.067,0.255,-0.369,-0.043,0.148,1.0,0.051,0.042,0.036
23,y1,0.03,0.184,-0.025,0.173,-0.452,-0.28,0.308,0.094,-0.019,0.381,-0.206,-0.022,0.051,1.0,0.694,0.016
23,y2,0.055,0.105,0.028,0.502,-0.614,0.019,0.273,0.441,-0.058,0.458,-0.14,0.236,0.042,0.694,1.0,-0.159
23,y3,-0.233,-0.009,-0.726,0.5,0.038,0.018,0.087,0.2,0.763,-0.273,-0.167,0.433,0.036,0.016,-0.159,1.0
24,.,1.0,-0.225,0.061,0.089,0.239,-0.272,-0.307,0.061,-0.566,0.68,0.019,-0.452,-0.807,0.03,0.052,-0.232
24,A1_1,-0.225,1.0,-0.41,-0.057,-0.053,0.113,0.647,-0.26,-0.118,-0.085,-0.127,-0.071,0.162,0.182,0.105,-0.011
24,A1_2,0.061,-0.41,1.0,-0.644,0.104,-0.3,-0.423,-0.026,-0.372,0.227,0.537,-0.549,0.188,-0.025,0.026,-0.727
24,A1_3,0.089,-0.057,-0.644,1.0,-0.356,0.122,0.125,0.561,0.283,0.019,-0.41,0.689,-0.295,0.173,0.502,0.5
24,B1_1,0.239,-0.053,0.104,-0.356,1.0,-0.289,-0.053,0.002,-0.181,0.092,0.135,-0.449,-0.189,-0.453,-0.615,0.039
24,B1_2,-0.272,0.113,-0.3,0.122,-0.289,1.0,0.379,0.011,0.087,-0.278,-0.366,0.51,0.33,-0.281,0.016,0.018
24,B1_3,-0.307,0.647,-0.423,0.125,-0.053,0.379,1.0,-0.124,0.143,-0.091,-0.249,0.21,0.126,0.305,0.272,0.089
