,,.,A1_1,A1_2,A1_3,B1_1,B1_2,B1_3,A2_1,A2_2,A2_3,B2_1,B2_2,B2_3,y1,y2,y3
1,.,1.0,0.829,0.928,0.977,0.96,0.926,0.908,0.953,0.937,0.978,0.903,0.933,0.941,0.866,0.966,0.927
1,A1_1,0.829,1.0,0.646,0.861,0.765,0.929,0.937,0.747,0.811,0.727,0.696,0.863,0.828,0.836,0.755,0.876
1,A1_2,0.928,0.646,1.0,0.851,0.964,0.765,0.756,0.903,0.842,0.938,0.881,0.777,0.873,0.655,0.89,0.781
1,A1_3,0.977,0.861,0.851,1.0,0.914,0.961,0.951,0.948,0.934,0.944,0.845,0.983,0.952,0.932,0.966,0.968
1,B1_1,0.96,0.765,0.964,0.914,1.0,0.845,0.862,0.91,0.888,0.933,0.872,0.848,0.897,0.726,0.902,0.867
1,B1_2,0.926,0.929,0.765,0.961,0.845,1.0,0.972,0.877,0.921,0.863,0.793,0.977,0.945,0.922,0.894,0.961
1,B1_3,0.908,0.937,0.756,0.951,0.862,0.972,1.0,0.864,0.866,0.844,0.718,0.95,0.923,0.907,0.89,0.936
1,A2_1,0.953,0.747,0.903,0.948,0.91,0.877,0.864,1.0,0.857,0.946,0.826,0.918,0.96,0.856,0.97,0.89
1,A2_2,0.937,0.811,0.842,0.934,0.888,0.921,0.866,0.857,1.0,0.904,0.948,0.926,0.902,0.813,0.881,0.966
1,A2_3,0.978,0.727,0.938,0.944,0.933,0.863,0.844,0.946,0.904,1.0,0.894,0.892,0.916,0.846,0.98,0.876
1,B2_1,0.903,0.696,0.881,0.845,0.872,0.793,0.718,0.826,0.948,0.894,1.0,0.802,0.823,0.679,0.827,0.864
1,B2_2,0.933,0.863,0.777,0.983,0.848,0.977,0.95,0.918,0.926,0.892,0.802,1.0,0.955,0.95,0.933,0.975
1,B2_3,0.941,0.828,0.873,0.952,0.897,0.945,0.923,0.96,0.902,0.916,0.823,0.955,1.0,0.875,0.943,0.933
1,y1,0.866,0.836,0.655,0.932,0.726,0.922,0.907,0.856,0.813,0.846,0.679,0.95,0.875,1.0,0.907,0.89
1,y2,0.966,0.755,0.89,0.966,0.902,0.894,0.89,0.97,0.881,0.98,0.827,0.933,0.943,0.907,1.0,0.899
1,y3,0.927,0.876,0.781,0.968,0.867,0.961,0.936,0.89,0.966,0.876,0.864,0.975,0.933,0.89,0.899,1.0
2,.,1.0,0.833,0.929,0.977,0.961,0.925,0.909,0.953,0.939,0.979,0.907,0.933,0.942,0.866,0.965,0.929
2,A1_1,0.833,1.0,0.649,0.865,0.769,0.931,0.938,0.749,0.817,0.732,0.704,0.866,0.831,0.84,0.759,0.881
2,A1_2,0.929,0.649,1.0,0.851,0.963,0.763,0.755,0.903,0.844,0.941,0.884,0.776,0.871,0.656,0.891,0.783
2,A1_3,0.977,0.865,0.851,1.0,0.916,0.961,0.952,0.947,0.937,0.944,0.85,0.983,0.953,0.932,0.965,0.969
2,B1_1,0.961,0.769,0.963,0.916,1.0,0.845,0.863,0.91,0.892,0.935,0.876,0.849,0.898,0.729,0.902,0.87
2,B1_2,0.925,0.931,0.763,0.961,0.845,1.0,0.973,0.875,0.923,0.863,0.798,0.977,0.946,0.924,0.894,0.962
2,B1_3,0.909,0.938,0.755,0.952,0.863,0.973,1.0,0.861,0.873,0.846,0.728,0.952,0.924,0.91,0.891,0.94
2,A2_1,0.953,0.749,0.903,0.947,0.91,0.875,0.861,1.0,0.859,0.947,0.832,0.916,0.959,0.855,0.969,0.891
2,A2_2,0.939,0.817,0.844,0.937,0.892,0.923,0.873,0.859,1.0,0.906,0.949,0.928,0.906,0.816,0.884,0.967
2,A2_3,0.979,0.732,0.941,0.944,0.935,0.863,0.846,0.947,0.906,1.0,0.899,0.892,0.919,0.845,0.981,0.877
2,B2_1,0.907,0.704,0.884,0.85,0.876,0.798,0.728,0.832,0.949,0.899,1.0,0.807,0.83,0.687,0.835,0.868
2,B2_2,0.933,0.866,0.776,0.983,0.849,0.977,0.952,0.916,0.928,0.892,0.807,1.0,0.956,0.951,0.933,0.976
2,B2_3,0.942,0.831,0.871,0.953,0.898,0.946,0.924,0.959,0.906,0.919,0.83,0.956,1.0,0.877,0.945,0.936
2,y1,0.866,0.84,0.656,0.932,0.729,0.924,0.91,0.855,0.816,0.845,0.687,0.951,0.877,1.0,0.907,0.891
2,y2,0.965,0.759,0.891,0.965,0.902,0.894,0.891,0.969,0.884,0.981,0.835,0.933,0.945,0.907,1.0,0.9
2,y3,0.929,0.881,0.783,0.969,0.87,0.962,0.94,0.891,0.967,0.877,0.868,0.976,0.936,0.891,0.9,1.0
3,.,1.0,0.839,0.93,0.977,0.962,0.926,0.91,0.954,0.941,0.979,0.912,0.933,0.943,0.866,0.964,0.932
3,A1_1,0.839,1.0,0.655,0.87,0.776,0.934,0.939,0.754,0.825,0.74,0.715,0.871,0.836,0.844,0.766,0.887
3,A1_2,0.93,0.655,1.0,0.852,0.962,0.764,0.757,0.905,0.847,0.944,0.889,0.777,0.871,0.659,0.892,0.786
3,A1_3,0.977,0.87,0.852,1.0,0.919,0.961,0.954,0.947,0.939,0.944,0.856,0.983,0.954,0.933,0.965,0.97
3,B1_1,0.962,0.776,0.962,0.919,1.0,0.846,0.866,0.911,0.896,0.937,0.881,0.852,0.9,0.734,0.904,0.875
3,B1_2,0.926,0.934,0.764,0.961,0.846,1.0,0.975,0.875,0.925,0.865,0.804,0.978,0.947,0.925,0.896,0.964
3,B1_3,0.91,0.939,0.757,0.954,0.866,0.975,1.0,0.861,0.88,0.849,0.74,0.955,0.927,0.912,0.893,0.944
3,A2_1,0.954,0.754,0.905,0.947,0.911,0.875,0.861,1.0,0.863,0.949,0.84,0.915,0.957,0.854,0.968,0.892
3,A2_2,0.941,0.825,0.847,0.939,0.896,0.925,0.88,0.863,1.0,0.908,0.951,0.931,0.911,0.821,0.888,0.968
3,A2_3,0.979,0.74,0.944,0.944,0.937,0.865,0.849,0.949,0.908,1.0,0.905,0.893,0.922,0.845,0.981,0.879
3,B2_1,0.912,0.715,0.889,0.856,0.881,0.804,0.74,0.84,0.951,0.905,1.0,0.813,0.838,0.696,0.843,0.873
3,B2_2,0.933,0.871,0.777,0.983,0.852,0.978,0.955,0.915,0.931,0.893,0.813,1.0,0.957,0.952,0.934,0.977
3,B2_3,0.943,0.836,0.871,0.954,0.9,0.947,0.927,0.957,0.911,0.922,0.838,0.957,1.0,0.88,0.946,0.939
3,y1,0.866,0.844,0.659,0.933,0.734,0.925,0.912,0.854,0.821,0.845,0.696,0.952,0.88,1.0,0.907,0.894
3,y2,0.964,0.766,0.892,0.965,0.904,0.896,0.893,0.968,0.888,0.981,0.843,0.934,0.946,0.907,1.0,0.902
3,y3,0.932,0.887,0.786,0.97,0.875,0.964,0.944,0.892,0.968,0.879,0.873,0.977,0.939,0.894,0.902,1.0
4,.,1.0,0.846,0.931,0.978,0.963,0.926,0.913,0.955,0.944,0.979,0.918,0.934,0.943,0.867,0.964,0.934
4,A1_1,0.846,1.0,0.664,0.876,0.785,0.937,0.941,0.761,0.834,0.748,0.728,0.877,0.842,0.849,0.774,0.894
4,A1_2,0.931,0.664,1.0,0.855,0.962,0.767,0.761,0.906,0.851,0.946,0.894,0.78,0.871,0.664,0.894,0.791
4,A1_3,0.978,0.876,0.855,1.0,0.922,0.962,0.956,0.948,0.942,0.945,0.863,0.983,0.955,0.933,0.965,0.972
4,B1_1,0.963,0.785,0.962,0.922,1.0,0.85,0.87,0.914,0.901,0.94,0.886,0.857,0.902,0.741,0.906,0.88
4,B1_2,0.926,0.937,0.767,0.962,0.85,1.0,0.977,0.877,0.928,0.867,0.812,0.978,0.949,0.927,0.899,0.966
4,B1_3,0.913,0.941,0.761,0.956,0.87,0.977,1.0,0.862,0.888,0.853,0.754,0.959,0.93,0.915,0.896,0.948
4,A2_1,0.955,0.761,0.906,0.948,0.914,0.877,0.862,1.0,0.867,0.951,0.848,0.915,0.956,0.854,0.968,0.895
4,A2_2,0.944,0.834,0.851,0.942,0.901,0.928,0.888,0.867,1.0,0.911,0.952,0.934,0.915,0.826,0.893,0.969
4,A2_3,0.979,0.748,0.946,0.945,0.94,0.867,0.853,0.951,0.911,1.0,0.91,0.895,0.923,0.846,0.98,0.882
4,B2_1,0.918,0.728,0.894,0.863,0.886,0.812,0.754,0.848,0.952,0.91,1.0,0.821,0.846,0.706,0.852,0.878
4,B2_2,0.934,0.877,0.78,0.983,0.857,0.978,0.959,0.915,0.934,0.895,0.821,1.0,0.958,0.953,0.936,0.978
4,B2_3,0.943,0.842,0.871,0.955,0.902,0.949,0.93,0.956,0.915,0.923,0.846,0.958,1.0,0.883,0.948,0.941
4,y1,0.867,0.849,0.664,0.933,0.741,0.927,0.915,0.854,0.826,0.846,0.706,0.953,0.883,1.0,0.908,0.896
4,y2,0.964,0.774,0.894,0.965,0.906,0.899,0.896,0.968,0.893,0.98,0.852,0.936,0.948,0.908,1.0,0.904
4,y3,0.934,0.894,0.791,0.972,0.88,0.966,0.948,0.895,0.969,0.882,0.878,0.978,0.941,0.896,0.904,1.0
5,.,1.0,0.853,0.932,0.978,0.965,0.927,0.914,0.955,0.946,0.979,0.922,0.934,0.943,0.867,0.963,0.937
5,A1_1,0.853,1.0,0.674,0.882,0.794,0.94,0.943,0.767,0.842,0.757,0.741,0.882,0.848,0.854,0.782,0.9
5,A1_2,0.932,0.674,1.0,0.858,0.961,0.77,0.766,0.908,0.855,0.949,0.898,0.783,0.872,0.668,0.896,0.795
5,A1_3,0.978,0.882,0.858,1.0,0.925,0.962,0.957,0.948,0.945,0.946,0.869,0.983,0.955,0.933,0.965,0.973
5,B1_1,0.965,0.794,0.961,0.925,1.0,0.853,0.874,0.916,0.905,0.942,0.891,0.861,0.904,0.747,0.908,0.885
5,B1_2,0.927,0.94,0.77,0.962,0.853,1.0,0.978,0.878,0.931,0.868,0.818,0.979,0.951,0.929,0.902,0.967
5,B1_3,0.914,0.943,0.766,0.957,0.874,0.978,1.0,0.863,0.895,0.855,0.766,0.962,0.933,0.917,0.899,0.951
5,A2_1,0.955,0.767,0.908,0.948,0.916,0.878,0.863,1.0,0.871,0.952,0.855,0.916,0.955,0.854,0.968,0.897
5,A2_2,0.946,0.842,0.855,0.945,0.905,0.931,0.895,0.871,1.0,0.913,0.954,0.936,0.919,0.83,0.896,0.97
5,A2_3,0.979,0.757,0.949,0.946,0.942,0.868,0.855,0.952,0.913,1.0,0.915,0.895,0.924,0.845,0.98,0.884
5,B2_1,0.922,0.741,0.898,0.869,0.891,0.818,0.766,0.855,0.954,0.915,1.0,0.827,0.853,0.715,0.859,0.882
5,B2_2,0.934,0.882,0.783,0.983,0.861,0.979,0.962,0.916,0.936,0.895,0.827,1.0,0.959,0.954,0.937,0.979
5,B2_3,0.943,0.848,0.872,0.955,0.904,0.951,0.933,0.955,0.919,0.924,0.853,0.959,1.0,0.886,0.95,0.943
5,y1,0.867,0.854,0.668,0.933,0.747,0.929,0.917,0.854,0.83,0.845,0.715,0.954,0.886,1.0,0.908,0.898
5,y2,0.963,0.782,0.896,0.965,0.908,0.902,0.899,0.968,0.896,0.98,0.859,0.937,0.95,0.908,1.0,0.907
5,y3,0.937,0.9,0.795,0.973,0.885,0.967,0.951,0.897,0.97,0.884,0.882,0.979,0.943,0.898,0.907,1.0
6,.,1.0,0.859,0.934,0.979,0.966,0.927,0.915,0.956,0.948,0.979,0.926,0.934,0.942,0.866,0.962,0.938
6,A1_1,0.859,1.0,0.682,0.886,0.802,0.943,0.944,0.773,0.85,0.763,0.751,0.886,0.854,0.858,0.789,0.905
6,A1_2,0.934,0.682,1.0,0.86,0.961,0.772,0.769,0.909,0.858,0.951,0.902,0.785,0.871,0.671,0.897,0.799
6,A1_3,0.979,0.886,0.86,1.0,0.927,0.963,0.958,0.949,0.947,0.946,0.874,0.983,0.955,0.932,0.965,0.974
6,B1_1,0.966,0.802,0.961,0.927,1.0,0.856,0.878,0.917,0.909,0.944,0.895,0.864,0.905,0.751,0.909,0.889
6,B1_2,0.927,0.943,0.772,0.963,0.856,1.0,0.979,0.879,0.933,0.869,0.825,0.98,0.952,0.93,0.905,0.968
6,B1_3,0.915,0.944,0.769,0.958,0.878,0.979,1.0,0.865,0.901,0.857,0.776,0.964,0.935,0.919,0.902,0.953
6,A2_1,0.956,0.773,0.909,0.949,0.917,0.879,0.865,1.0,0.875,0.953,0.861,0.916,0.953,0.854,0.967,0.899
6,A2_2,0.948,0.85,0.858,0.947,0.909,0.933,0.901,0.875,1.0,0.915,0.955,0.938,0.922,0.833,0.9,0.971
6,A2_3,0.979,0.763,0.951,0.946,0.944,0.869,0.857,0.953,0.915,1.0,0.919,0.895,0.924,0.844,0.979,0.885
6,B2_1,0.926,0.751,0.902,0.874,0.895,0.825,0.776,0.861,0.955,0.919,1.0,0.833,0.859,0.721,0.865,0.886
6,B2_2,0.934,0.886,0.785,0.983,0.864,0.98,0.964,0.916,0.938,0.895,0.833,1.0,0.96,0.955,0.939,0.98
6,B2_3,0.942,0.854,0.871,0.955,0.905,0.952,0.935,0.953,0.922,0.924,0.859,0.96,1.0,0.888,0.951,0.945
6,y1,0.866,0.858,0.671,0.932,0.751,0.93,0.919,0.854,0.833,0.844,0.721,0.955,0.888,1.0,0.909,0.9
6,y2,0.962,0.789,0.897,0.965,0.909,0.905,0.902,0.967,0.9,0.979,0.865,0.939,0.951,0.909,1.0,0.908
6,y3,0.938,0.905,0.799,0.974,0.889,0.968,0.953,0.899,0.971,0.885,0.886,0.98,0.945,0.9,0.908,1.0
7,.,1.0,0.864,0.935,0.979,0.968,0.927,0.916,0.956,0.949,0.978,0.929,0.934,0.941,0.864,0.961,0.939
7,A1_1,0.864,1.0,0.69,0.891,0.809,0.945,0.945,0.779,0.856,0.769,0.761,0.89,0.858,0.861,0.795,0.91
7,A1_2,0.935,0.69,1.0,0.862,0.961,0.774,0.772,0.91,0.861,0.953,0.905,0.787,0.87,0.672,0.898,0.802
7,A1_3,0.979,0.891,0.862,1.0,0.929,0.963,0.959,0.949,0.948,0.946,0.878,0.982,0.955,0.932,0.965,0.974
7,B1_1,0.968,0.809,0.961,0.929,1.0,0.858,0.88,0.919,0.912,0.946,0.899,0.867,0.906,0.754,0.911,0.893
7,B1_2,0.927,0.945,0.774,0.963,0.858,1.0,0.98,0.881,0.935,0.869,0.83,0.98,0.954,0.931,0.907,0.969
7,B1_3,0.916,0.945,0.772,0.959,0.88,0.98,1.0,0.866,0.906,0.857,0.785,0.966,0.938,0.92,0.904,0.956
7,A2_1,0.956,0.779,0.91,0.949,0.919,0.881,0.866,1.0,0.877,0.954,0.866,0.916,0.952,0.853,0.967,0.9
7,A2_2,0.949,0.856,0.861,0.948,0.912,0.935,0.906,0.877,1.0,0.916,0.956,0.94,0.925,0.835,0.902,0.972
7,A2_3,0.978,0.769,0.953,0.946,0.946,0.869,0.857,0.954,0.916,1.0,0.922,0.895,0.923,0.842,0.978,0.885
7,B2_1,0.929,0.761,0.905,0.878,0.899,0.83,0.785,0.866,0.956,0.922,1.0,0.837,0.863,0.726,0.87,0.889
7,B2_2,0.934,0.89,0.787,0.982,0.867,0.98,0.966,0.916,0.94,0.895,0.837,1.0,0.961,0.955,0.94,0.98
7,B2_3,0.941,0.858,0.87,0.955,0.906,0.954,0.938,0.952,0.925,0.923,0.863,0.961,1.0,0.889,0.952,0.946
7,y1,0.864,0.861,0.672,0.932,0.754,0.931,0.92,0.853,0.835,0.842,0.726,0.955,0.889,1.0,0.909,0.901
7,y2,0.961,0.795,0.898,0.965,0.911,0.907,0.904,0.967,0.902,0.978,0.87,0.94,0.952,0.909,1.0,0.91
7,y3,0.939,0.91,0.802,0.974,0.893,0.969,0.956,0.9,0.972,0.885,0.889,0.98,0.946,0.901,0.91,1.0
8,.,1.0,0.868,0.935,0.978,0.969,0.926,0.915,0.956,0.95,0.978,0.932,0.932,0.939,0.861,0.959,0.94
8,A1_1,0.868,1.0,0.695,0.894,0.815,0.946,0.946,0.783,0.861,0.772,0.768,0.893,0.862,0.862,0.799,0.913
8,A1_2,0.935,0.695,1.0,0.863,0.96,0.775,0.773,0.911,0.863,0.954,0.907,0.787,0.868,0.67,0.897,0.803
8,A1_3,0.978,0.894,0.863,1.0,0.931,0.962,0.959,0.95,0.949,0.946,0.881,0.982,0.954,0.93,0.965,0.975
8,B1_1,0.969,0.815,0.96,0.931,1.0,0.86,0.882,0.92,0.914,0.947,0.901,0.868,0.906,0.756,0.911,0.895
8,B1_2,0.926,0.946,0.775,0.962,0.86,1.0,0.981,0.881,0.936,0.867,0.833,0.981,0.955,0.931,0.908,0.97
8,B1_3,0.915,0.946,0.773,0.959,0.882,0.981,1.0,0.866,0.909,0.857,0.791,0.968,0.94,0.921,0.906,0.957
8,A2_1,0.956,0.783,0.911,0.95,0.92,0.881,0.866,1.0,0.88,0.954,0.87,0.916,0.95,0.851,0.967,0.901
8,A2_2,0.95,0.861,0.863,0.949,0.914,0.936,0.909,0.88,1.0,0.916,0.957,0.94,0.927,0.836,0.904,0.972
8,A2_3,0.978,0.772,0.954,0.946,0.947,0.867,0.857,0.954,0.916,1.0,0.924,0.893,0.921,0.838,0.976,0.885
8,B2_1,0.932,0.768,0.907,0.881,0.901,0.833,0.791,0.87,0.957,0.924,1.0,0.84,0.866,0.729,0.873,0.891
8,B2_2,0.932,0.893,0.787,0.982,0.868,0.981,0.968,0.916,0.94,0.893,0.84,1.0,0.962,0.955,0.941,0.98
8,B2_3,0.939,0.862,0.868,0.954,0.906,0.955,0.94,0.95,0.927,0.921,0.866,0.962,1.0,0.889,0.952,0.947
8,y1,0.861,0.862,0.67,0.93,0.756,0.931,0.921,0.851,0.836,0.838,0.729,0.955,0.889,1.0,0.909,0.901
8,y2,0.959,0.799,0.897,0.965,0.911,0.908,0.906,0.967,0.904,0.976,0.873,0.941,0.952,0.909,1.0,0.911
8,y3,0.94,0.913,0.803,0.975,0.895,0.97,0.957,0.901,0.972,0.885,0.891,0.98,0.947,0.901,0.911,1.0
9,.,1.0,0.871,0.936,0.978,0.969,0.924,0.914,0.956,0.951,0.977,0.934,0.93,0.936,0.857,0.957,0.94
9,A1_1,0.871,1.0,0.7,0.897,0.82,0.948,0.947,0.786,0.865,0.775,0.774,0.896,0.864,0.863,0.803,0.916
9,A1_2,0.936,0.7,1.0,0.863,0.96,0.775,0.773,0.911,0.864,0.955,0.91,0.786,0.866,0.668,0.896,0.804
9,A1_3,0.978,0.897,0.863,1.0,0.932,0.962,0.959,0.95,0.95,0.945,0.884,0.981,0.952,0.929,0.964,0.975
9,B1_1,0.969,0.82,0.96,0.932,1.0,0.861,0.883,0.921,0.917,0.948,0.904,0.869,0.906,0.756,0.911,0.898
9,B1_2,0.924,0.948,0.775,0.962,0.861,1.0,0.981,0.881,0.937,0.865,0.836,0.981,0.956,0.93,0.909,0.971
9,B1_3,0.914,0.947,0.773,0.959,0.883,0.981,1.0,0.866,0.912,0.855,0.796,0.969,0.941,0.921,0.907,0.958
9,A2_1,0.956,0.786,0.911,0.95,0.921,0.881,0.866,1.0,0.881,0.954,0.873,0.915,0.948,0.848,0.966,0.902
9,A2_2,0.951,0.865,0.864,0.95,0.917,0.937,0.912,0.881,1.0,0.915,0.958,0.941,0.928,0.835,0.905,0.972
9,A2_3,0.977,0.775,0.955,0.945,0.948,0.865,0.855,0.954,0.915,1.0,0.926,0.89,0.918,0.834,0.975,0.884
9,B2_1,0.934,0.774,0.91,0.884,0.904,0.836,0.796,0.873,0.958,0.926,1.0,0.842,0.869,0.73,0.875,0.893
9,B2_2,0.93,0.896,0.786,0.981,0.869,0.981,0.969,0.915,0.941,0.89,0.842,1.0,0.962,0.955,0.942,0.98
9,B2_3,0.936,0.864,0.866,0.952,0.906,0.956,0.941,0.948,0.928,0.918,0.869,0.962,1.0,0.889,0.952,0.947
9,y1,0.857,0.863,0.668,0.929,0.756,0.93,0.921,0.848,0.835,0.834,0.73,0.955,0.889,1.0,0.908,0.9
9,y2,0.957,0.803,0.896,0.964,0.911,0.909,0.907,0.966,0.905,0.975,0.875,0.942,0.952,0.908,1.0,0.911
9,y3,0.94,0.916,0.804,0.975,0.898,0.971,0.958,0.902,0.972,0.884,0.893,0.98,0.947,0.9,0.911,1.0
10,.,1.0,0.874,0.936,0.978,0.97,0.922,0.912,0.956,0.951,0.976,0.935,0.928,0.933,0.852,0.955,0.94
10,A1_1,0.874,1.0,0.702,0.899,0.824,0.949,0.947,0.789,0.868,0.776,0.779,0.898,0.866,0.863,0.805,0.919
10,A1_2,0.936,0.702,1.0,0.863,0.959,0.773,0.771,0.911,0.865,0.956,0.911,0.784,0.863,0.663,0.894,0.804
10,A1_3,0.978,0.899,0.863,1.0,0.933,0.961,0.958,0.949,0.95,0.944,0.885,0.98,0.95,0.927,0.964,0.975
10,B1_1,0.97,0.824,0.959,0.933,1.0,0.861,0.883,0.921,0.918,0.948,0.906,0.87,0.905,0.754,0.91,0.899
10,B1_2,0.922,0.949,0.773,0.961,0.861,1.0,0.982,0.881,0.938,0.862,0.839,0.981,0.957,0.93,0.91,0.971
10,B1_3,0.912,0.947,0.771,0.958,0.883,0.982,1.0,0.865,0.914,0.852,0.8,0.971,0.942,0.921,0.907,0.959
10,A2_1,0.956,0.789,0.911,0.949,0.921,0.881,0.865,1.0,0.883,0.953,0.876,0.914,0.946,0.845,0.965,0.903
10,A2_2,0.951,0.868,0.865,0.95,0.918,0.938,0.914,0.883,1.0,0.914,0.958,0.941,0.929,0.834,0.905,0.972
10,A2_3,0.976,0.776,0.956,0.944,0.948,0.862,0.852,0.953,0.914,1.0,0.927,0.887,0.913,0.829,0.972,0.882
10,B2_1,0.935,0.779,0.911,0.885,0.906,0.839,0.8,0.876,0.958,0.927,1.0,0.843,0.871,0.729,0.877,0.894
10,B2_2,0.928,0.898,0.784,0.98,0.87,0.981,0.971,0.914,0.941,0.887,0.843,1.0,0.962,0.954,0.942,0.98
10,B2_3,0.933,0.866,0.863,0.95,0.905,0.957,0.942,0.946,0.929,0.913,0.871,0.962,1.0,0.887,0.951,0.947
10,y1,0.852,0.863,0.663,0.927,0.754,0.93,0.921,0.845,0.834,0.829,0.729,0.954,0.887,1.0,0.907,0.899
10,y2,0.955,0.805,0.894,0.964,0.91,0.91,0.907,0.965,0.905,0.972,0.877,0.942,0.951,0.907,1.0,0.911
10,y3,0.94,0.919,0.804,0.975,0.899,0.971,0.959,0.903,0.972,0.882,0.894,0.98,0.947,0.899,0.911,1.0
11,.,1.0,0.875,0.936,0.977,0.971,0.919,0.909,0.955,0.95,0.975,0.936,0.925,0.928,0.846,0.952,0.939
11,A1_1,0.875,1.0,0.704,0.9,0.826,0.95,0.947,0.79,0.871,0.776,0.783,0.899,0.867,0.863,0.807,0.92
11,A1_2,0.936,0.704,1.0,0.861,0.958,0.771,0.768,0.911,0.865,0.956,0.912,0.781,0.858,0.656,0.891,0.803
11,A1_3,0.977,0.9,0.861,1.0,0.933,0.96,0.957,0.949,0.95,0.942,0.886,0.979,0.948,0.924,0.963,0.975
11,B1_1,0.971,0.826,0.958,0.933,1.0,0.861,0.882,0.922,0.92,0.948,0.907,0.869,0.904,0.752,0.909,0.9
11,B1_2,0.919,0.95,0.771,0.96,0.861,1.0,0.982,0.88,0.938,0.858,0.84,0.982,0.957,0.928,0.91,0.972
11,B1_3,0.909,0.947,0.768,0.957,0.882,0.982,1.0,0.863,0.915,0.848,0.802,0.972,0.943,0.921,0.908,0.96
11,A2_1,0.955,0.79,0.911,0.949,0.922,0.88,0.863,1.0,0.883,0.953,0.878,0.913,0.943,0.84,0.964,0.902
11,A2_2,0.95,0.871,0.865,0.95,0.92,0.938,0.915,0.883,1.0,0.912,0.959,0.94,0.93,0.831,0.905,0.972
11,A2_3,0.975,0.776,0.956,0.942,0.948,0.858,0.848,0.953,0.912,1.0,0.927,0.883,0.908,0.822,0.97,0.88
11,B2_1,0.936,0.783,0.912,0.886,0.907,0.84,0.802,0.878,0.959,0.927,1.0,0.843,0.872,0.727,0.877,0.895
11,B2_2,0.925,0.899,0.781,0.979,0.869,0.982,0.972,0.913,0.94,0.883,0.843,1.0,0.962,0.953,0.942,0.98
11,B2_3,0.928,0.867,0.858,0.948,0.904,0.957,0.943,0.943,0.93,0.908,0.872,0.962,1.0,0.885,0.951,0.947
11,y1,0.846,0.863,0.656,0.924,0.752,0.928,0.921,0.84,0.831,0.822,0.727,0.953,0.885,1.0,0.906,0.897
11,y2,0.952,0.807,0.891,0.963,0.909,0.91,0.908,0.964,0.905,0.97,0.877,0.942,0.951,0.906,1.0,0.911
11,y3,0.939,0.92,0.803,0.975,0.9,0.972,0.96,0.902,0.972,0.88,0.895,0.98,0.947,0.897,0.911,1.0
12,.,1.0,0.876,0.935,0.976,0.971,0.916,0.905,0.954,0.95,0.974,0.937,0.921,0.923,0.839,0.948,0.938
12,A1_1,0.876,1.0,0.704,0.901,0.829,0.95,0.947,0.791,0.873,0.775,0.786,0.9,0.868,0.861,0.808,0.922
12,A1_2,0.935,0.704,1.0,0.86,0.957,0.767,0.764,0.91,0.865,0.957,0.913,0.777,0.853,0.649,0.887,0.801
12,A1_3,0.976,0.901,0.86,1.0,0.934,0.959,0.956,0.949,0.95,0.941,0.887,0.978,0.946,0.921,0.963,0.975
12,B1_1,0.971,0.829,0.957,0.934,1.0,0.861,0.881,0.922,0.921,0.948,0.908,0.869,0.902,0.748,0.908,0.901
12,B1_2,0.916,0.95,0.767,0.959,0.861,1.0,0.982,0.879,0.939,0.853,0.841,0.982,0.958,0.927,0.91,0.972
12,B1_3,0.905,0.947,0.764,0.956,0.881,0.982,1.0,0.861,0.916,0.843,0.803,0.972,0.944,0.92,0.907,0.96
12,A2_1,0.954,0.791,0.91,0.949,0.922,0.879,0.861,1.0,0.884,0.952,0.88,0.911,0.94,0.836,0.963,0.902
12,A2_2,0.95,0.873,0.865,0.95,0.921,0.939,0.916,0.884,1.0,0.91,0.959,0.94,0.93,0.828,0.905,0.972
12,A2_3,0.974,0.775,0.957,0.941,0.948,0.853,0.843,0.952,0.91,1.0,0.927,0.878,0.903,0.814,0.967,0.877
12,B2_1,0.937,0.786,0.913,0.887,0.908,0.841,0.803,0.88,0.959,0.927,1.0,0.843,0.873,0.725,0.877,0.895
12,B2_2,0.921,0.9,0.777,0.978,0.869,0.982,0.972,0.911,0.94,0.878,0.843,1.0,0.962,0.952,0.942,0.979
12,B2_3,0.923,0.868,0.853,0.946,0.902,0.958,0.944,0.94,0.93,0.903,0.873,0.962,1.0,0.883,0.949,0.947
12,y1,0.839,0.861,0.649,0.921,0.748,0.927,0.92,0.836,0.828,0.814,0.725,0.952,0.883,1.0,0.905,0.895
12,y2,0.948,0.808,0.887,0.963,0.908,0.91,0.907,0.963,0.905,0.967,0.877,0.942,0.949,0.905,1.0,0.91
12,y3,0.938,0.922,0.801,0.975,0.901,0.972,0.96,0.902,0.972,0.877,0.895,0.979,0.947,0.895,0.91,1.0
13,.,1.0,0.876,0.935,0.974,0.971,0.912,0.9,0.953,0.948,0.973,0.937,0.916,0.918,0.831,0.944,0.937
13,A1_1,0.876,1.0,0.704,0.902,0.831,0.95,0.946,0.791,0.875,0.772,0.788,0.9,0.868,0.859,0.808,0.923
13,A1_2,0.935,0.704,1.0,0.858,0.956,0.763,0.758,0.909,0.864,0.957,0.913,0.772,0.848,0.639,0.882,0.799
13,A1_3,0.974,0.902,0.858,1.0,0.934,0.957,0.954,0.948,0.949,0.939,0.887,0.977,0.943,0.918,0.962,0.974
13,B1_1,0.971,0.831,0.956,0.934,1.0,0.86,0.879,0.922,0.921,0.948,0.909,0.868,0.9,0.744,0.906,0.902
13,B1_2,0.912,0.95,0.763,0.957,0.86,1.0,0.982,0.877,0.938,0.847,0.842,0.982,0.958,0.924,0.909,0.972
13,B1_3,0.9,0.946,0.758,0.954,0.879,0.982,1.0,0.859,0.916,0.836,0.804,0.973,0.944,0.919,0.907,0.96
13,A2_1,0.953,0.791,0.909,0.948,0.922,0.877,0.859,1.0,0.883,0.951,0.88,0.909,0.937,0.83,0.961,0.901
13,A2_2,0.948,0.875,0.864,0.949,0.921,0.938,0.916,0.883,1.0,0.907,0.959,0.939,0.93,0.824,0.903,0.972
13,A2_3,0.973,0.772,0.957,0.939,0.948,0.847,0.836,0.951,0.907,1.0,0.926,0.872,0.895,0.805,0.963,0.873
13,B2_1,0.937,0.788,0.913,0.887,0.909,0.842,0.804,0.88,0.959,0.926,1.0,0.842,0.872,0.721,0.876,0.895
13,B2_2,0.916,0.9,0.772,0.977,0.868,0.982,0.973,0.909,0.939,0.872,0.842,1.0,0.962,0.951,0.942,0.979
13,B2_3,0.918,0.868,0.848,0.943,0.9,0.958,0.944,0.937,0.93,0.895,0.872,0.962,1.0,0.88,0.948,0.946
13,y1,0.831,0.859,0.639,0.918,0.744,0.924,0.919,0.83,0.824,0.805,0.721,0.951,0.88,1.0,0.904,0.893
13,y2,0.944,0.808,0.882,0.962,0.906,0.909,0.907,0.961,0.903,0.963,0.876,0.942,0.948,0.904,1.0,0.909
13,y3,0.937,0.923,0.799,0.974,0.902,0.972,0.96,0.901,0.972,0.873,0.895,0.979,0.946,0.893,0.909,1.0
14,.,1.0,0.876,0.934,0.973,0.971,0.907,0.895,0.952,0.947,0.972,0.937,0.911,0.911,0.821,0.939,0.935
14,A1_1,0.876,1.0,0.702,0.902,0.832,0.95,0.946,0.791,0.876,0.769,0.79,0.9,0.868,0.856,0.808,0.924
14,A1_2,0.934,0.702,1.0,0.855,0.955,0.757,0.752,0.908,0.862,0.957,0.913,0.766,0.841,0.628,0.877,0.796
14,A1_3,0.973,0.902,0.855,1.0,0.933,0.955,0.952,0.947,0.948,0.936,0.886,0.975,0.94,0.915,0.961,0.973
14,B1_1,0.971,0.832,0.955,0.933,1.0,0.858,0.877,0.922,0.922,0.947,0.909,0.866,0.897,0.739,0.903,0.902
14,B1_2,0.907,0.95,0.757,0.955,0.858,1.0,0.982,0.875,0.938,0.839,0.842,0.981,0.958,0.922,0.908,0.972
14,B1_3,0.895,0.946,0.752,0.952,0.877,0.982,1.0,0.855,0.916,0.828,0.803,0.974,0.944,0.917,0.906,0.96
14,A2_1,0.952,0.791,0.908,0.947,0.922,0.875,0.855,1.0,0.883,0.949,0.881,0.906,0.933,0.824,0.959,0.9
14,A2_2,0.947,0.876,0.862,0.948,0.922,0.938,0.916,0.883,1.0,0.904,0.959,0.938,0.929,0.819,0.901,0.972
14,A2_3,0.972,0.769,0.957,0.936,0.947,0.839,0.828,0.949,0.904,1.0,0.925,0.865,0.887,0.795,0.959,0.868
14,B2_1,0.937,0.79,0.913,0.886,0.909,0.842,0.803,0.881,0.959,0.925,1.0,0.841,0.872,0.715,0.874,0.894
14,B2_2,0.911,0.9,0.766,0.975,0.866,0.981,0.974,0.906,0.938,0.865,0.841,1.0,0.961,0.949,0.942,0.979
14,B2_3,0.911,0.868,0.841,0.94,0.897,0.958,0.944,0.933,0.929,0.887,0.872,0.961,1.0,0.876,0.946,0.945
14,y1,0.821,0.856,0.628,0.915,0.739,0.922,0.917,0.824,0.819,0.795,0.715,0.949,0.876,1.0,0.903,0.89
14,y2,0.939,0.808,0.877,0.961,0.903,0.908,0.906,0.959,0.901,0.959,0.874,0.942,0.946,0.903,1.0,0.908
14,y3,0.935,0.924,0.796,0.973,0.902,0.972,0.96,0.9,0.972,0.868,0.894,0.979,0.945,0.89,0.908,1.0
15,.,1.0,0.875,0.934,0.971,0.97,0.901,0.888,0.951,0.945,0.97,0.937,0.905,0.903,0.811,0.933,0.932
15,A1_1,0.875,1.0,0.7,0.901,0.833,0.95,0.945,0.791,0.877,0.765,0.791,0.9,0.867,0.853,0.807,0.925
15,A1_2,0.934,0.7,1.0,0.852,0.953,0.751,0.744,0.906,0.86,0.956,0.912,0.759,0.833,0.616,0.87,0.792
15,A1_3,0.971,0.901,0.852,1.0,0.933,0.953,0.949,0.946,0.947,0.933,0.885,0.973,0.936,0.911,0.96,0.973
15,B1_1,0.97,0.833,0.953,0.933,1.0,0.856,0.874,0.922,0.922,0.945,0.91,0.864,0.894,0.732,0.9,0.901
15,B1_2,0.901,0.95,0.751,0.953,0.856,1.0,0.982,0.872,0.937,0.83,0.841,0.981,0.959,0.918,0.906,0.972
15,B1_3,0.888,0.945,0.744,0.949,0.874,0.982,1.0,0.852,0.916,0.819,0.802,0.974,0.944,0.915,0.905,0.96
15,A2_1,0.951,0.791,0.906,0.946,0.922,0.872,0.852,1.0,0.882,0.947,0.881,0.903,0.929,0.817,0.957,0.899
15,A2_2,0.945,0.877,0.86,0.947,0.922,0.937,0.916,0.882,1.0,0.899,0.959,0.936,0.928,0.814,0.899,0.971
15,A2_3,0.97,0.765,0.956,0.933,0.945,0.83,0.819,0.947,0.899,1.0,0.923,0.857,0.877,0.784,0.954,0.863
15,B2_1,0.937,0.791,0.912,0.885,0.91,0.841,0.802,0.881,0.959,0.923,1.0,0.839,0.871,0.709,0.872,0.893
15,B2_2,0.905,0.9,0.759,0.973,0.864,0.981,0.974,0.903,0.936,0.857,0.839,1.0,0.961,0.947,0.941,0.978
15,B2_3,0.903,0.867,0.833,0.936,0.894,0.959,0.944,0.929,0.928,0.877,0.871,0.961,1.0,0.872,0.943,0.944
15,y1,0.811,0.853,0.616,0.911,0.732,0.918,0.915,0.817,0.814,0.784,0.709,0.947,0.872,1.0,0.902,0.886
15,y2,0.933,0.807,0.87,0.96,0.9,0.906,0.905,0.957,0.899,0.954,0.872,0.941,0.943,0.902,1.0,0.907
15,y3,0.932,0.925,0.792,0.973,0.901,0.972,0.96,0.899,0.971,0.863,0.893,0.978,0.944,0.886,0.907,1.0
16,.,1.0,0.872,0.933,0.969,0.97,0.894,0.879,0.949,0.942,0.968,0.936,0.897,0.893,0.798,0.927,0.928
16,A1_1,0.872,1.0,0.696,0.901,0.832,0.95,0.944,0.789,0.877,0.759,0.791,0.9,0.866,0.848,0.805,0.925
16,A1_2,0.933,0.696,1.0,0.848,0.951,0.743,0.734,0.905,0.858,0.955,0.911,0.751,0.824,0.601,0.862,0.787
16,A1_3,0.969,0.901,0.848,1.0,0.932,0.95,0.946,0.945,0.945,0.93,0.884,0.971,0.931,0.907,0.958,0.972
16,B1_1,0.97,0.832,0.951,0.932,1.0,0.853,0.87,0.921,0.922,0.943,0.91,0.861,0.891,0.724,0.897,0.901
16,B1_2,0.894,0.95,0.743,0.95,0.853,1.0,0.982,0.869,0.936,0.82,0.839,0.981,0.959,0.914,0.904,0.972
16,B1_3,0.879,0.944,0.734,0.946,0.87,0.982,1.0,0.847,0.914,0.807,0.8,0.975,0.944,0.913,0.903,0.959
16,A2_1,0.949,0.789,0.905,0.945,0.921,0.869,0.847,1.0,0.881,0.945,0.881,0.9,0.924,0.809,0.954,0.898
16,A2_2,0.942,0.877,0.858,0.945,0.922,0.936,0.914,0.881,1.0,0.894,0.959,0.935,0.927,0.807,0.896,0.971
16,A2_3,0.968,0.759,0.955,0.93,0.943,0.82,0.807,0.945,0.894,1.0,0.921,0.847,0.865,0.771,0.947,0.856
16,B2_1,0.936,0.791,0.911,0.884,0.91,0.839,0.8,0.881,0.959,0.921,1.0,0.836,0.869,0.702,0.869,0.892
16,B2_2,0.897,0.9,0.751,0.971,0.861,0.981,0.975,0.9,0.935,0.847,0.836,1.0,0.96,0.944,0.94,0.977
16,B2_3,0.893,0.866,0.824,0.931,0.891,0.959,0.944,0.924,0.927,0.865,0.869,0.96,1.0,0.866,0.94,0.943
16,y1,0.798,0.848,0.601,0.907,0.724,0.914,0.913,0.809,0.807,0.771,0.702,0.944,0.866,1.0,0.9,0.882
16,y2,0.927,0.805,0.862,0.958,0.897,0.904,0.903,0.954,0.896,0.947,0.869,0.94,0.94,0.9,1.0,0.905
16,y3,0.928,0.925,0.787,0.972,0.901,0.972,0.959,0.898,0.971,0.856,0.892,0.977,0.943,0.882,0.905,1.0
17,.,1.0,0.869,0.932,0.966,0.968,0.885,0.869,0.947,0.939,0.966,0.934,0.888,0.882,0.785,0.919,0.924
17,A1_1,0.869,1.0,0.691,0.899,0.832,0.949,0.942,0.787,0.877,0.752,0.791,0.899,0.864,0.843,0.803,0.926
17,A1_2,0.932,0.691,1.0,0.844,0.949,0.734,0.723,0.903,0.854,0.955,0.91,0.741,0.814,0.585,0.853,0.781
17,A1_3,0.966,0.899,0.844,1.0,0.931,0.947,0.942,0.944,0.943,0.926,0.882,0.968,0.926,0.902,0.957,0.971
17,B1_1,0.968,0.832,0.949,0.931,1.0,0.85,0.866,0.92,0.922,0.941,0.909,0.858,0.887,0.716,0.892,0.9
17,B1_2,0.885,0.949,0.734,0.947,0.85,1.0,0.982,0.865,0.935,0.808,0.838,0.981,0.959,0.91,0.902,0.971
17,B1_3,0.869,0.942,0.723,0.942,0.866,0.982,1.0,0.841,0.913,0.794,0.798,0.975,0.943,0.91,0.901,0.958
17,A2_1,0.947,0.787,0.903,0.944,0.92,0.865,0.841,1.0,0.88,0.942,0.881,0.896,0.919,0.8,0.951,0.896
17,A2_2,0.939,0.877,0.854,0.943,0.922,0.935,0.913,0.88,1.0,0.887,0.959,0.933,0.926,0.799,0.893,0.97
17,A2_3,0.966,0.752,0.955,0.926,0.941,0.808,0.794,0.942,0.887,1.0,0.917,0.836,0.852,0.757,0.94,0.848
17,B2_1,0.934,0.791,0.91,0.882,0.909,0.838,0.798,0.881,0.959,0.917,1.0,0.834,0.867,0.694,0.865,0.891
17,B2_2,0.888,0.899,0.741,0.968,0.858,0.981,0.975,0.896,0.933,0.836,0.834,1.0,0.959,0.942,0.939,0.977
17,B2_3,0.882,0.864,0.814,0.926,0.887,0.959,0.943,0.919,0.926,0.852,0.867,0.959,1.0,0.86,0.936,0.941
17,y1,0.785,0.843,0.585,0.902,0.716,0.91,0.91,0.8,0.799,0.757,0.694,0.942,0.86,1.0,0.899,0.877
17,y2,0.919,0.803,0.853,0.957,0.892,0.902,0.901,0.951,0.893,0.94,0.865,0.939,0.936,0.899,1.0,0.902
17,y3,0.924,0.926,0.781,0.971,0.9,0.971,0.958,0.896,0.97,0.848,0.891,0.977,0.941,0.877,0.902,1.0
18,.,1.0,0.866,0.931,0.964,0.967,0.875,0.857,0.945,0.935,0.964,0.932,0.878,0.87,0.77,0.91,0.919
18,A1_1,0.866,1.0,0.686,0.898,0.832,0.949,0.94,0.785,0.877,0.744,0.791,0.898,0.863,0.837,0.8,0.926
18,A1_2,0.931,0.686,1.0,0.839,0.947,0.724,0.711,0.901,0.851,0.954,0.908,0.731,0.803,0.568,0.844,0.774
18,A1_3,0.964,0.898,0.839,1.0,0.93,0.943,0.938,0.943,0.941,0.922,0.88,0.966,0.92,0.897,0.955,0.969
18,B1_1,0.967,0.832,0.947,0.93,1.0,0.847,0.862,0.92,0.922,0.938,0.909,0.855,0.882,0.707,0.888,0.899
18,B1_2,0.875,0.949,0.724,0.943,0.847,1.0,0.982,0.86,0.934,0.794,0.836,0.98,0.959,0.904,0.898,0.971
18,B1_3,0.857,0.94,0.711,0.938,0.862,0.982,1.0,0.835,0.911,0.779,0.795,0.975,0.943,0.907,0.898,0.958
18,A2_1,0.945,0.785,0.901,0.943,0.92,0.86,0.835,1.0,0.878,0.939,0.88,0.892,0.913,0.791,0.948,0.893
18,A2_2,0.935,0.877,0.851,0.941,0.922,0.934,0.911,0.878,1.0,0.88,0.959,0.931,0.925,0.791,0.889,0.969
18,A2_3,0.964,0.744,0.954,0.922,0.938,0.794,0.779,0.939,0.88,1.0,0.913,0.823,0.836,0.741,0.932,0.839
18,B2_1,0.932,0.791,0.908,0.88,0.909,0.836,0.795,0.88,0.959,0.913,1.0,0.83,0.865,0.685,0.861,0.889
18,B2_2,0.878,0.898,0.731,0.966,0.855,0.98,0.975,0.892,0.931,0.823,0.83,1.0,0.959,0.939,0.938,0.976
18,B2_3,0.87,0.863,0.803,0.92,0.882,0.959,0.943,0.913,0.925,0.836,0.865,0.959,1.0,0.853,0.932,0.94
18,y1,0.77,0.837,0.568,0.897,0.707,0.904,0.907,0.791,0.791,0.741,0.685,0.939,0.853,1.0,0.897,0.872
18,y2,0.91,0.8,0.844,0.955,0.888,0.898,0.898,0.948,0.889,0.932,0.861,0.938,0.932,0.897,1.0,0.9
18,y3,0.919,0.926,0.774,0.969,0.899,0.971,0.958,0.893,0.969,0.839,0.889,0.976,0.94,0.872,0.9,1.0
19,.,1.0,0.862,0.929,0.96,0.965,0.864,0.844,0.942,0.93,0.961,0.929,0.867,0.856,0.753,0.899,0.913
19,A1_1,0.862,1.0,0.68,0.896,0.832,0.948,0.938,0.782,0.877,0.734,0.791,0.896,0.861,0.831,0.796,0.926
19,A1_2,0.929,0.68,1.0,0.834,0.944,0.712,0.697,0.898,0.846,0.952,0.905,0.719,0.79,0.549,0.832,0.767
19,A1_3,0.96,0.896,0.834,1.0,0.928,0.938,0.933,0.941,0.939,0.917,0.878,0.962,0.914,0.891,0.953,0.968
19,B1_1,0.965,0.832,0.944,0.928,1.0,0.844,0.857,0.919,0.922,0.934,0.909,0.851,0.878,0.697,0.883,0.898
19,B1_2,0.864,0.948,0.712,0.938,0.844,1.0,0.981,0.855,0.932,0.778,0.834,0.98,0.959,0.899,0.895,0.97
19,B1_3,0.844,0.938,0.697,0.933,0.857,0.981,1.0,0.828,0.909,0.762,0.792,0.975,0.943,0.903,0.895,0.957
19,A2_1,0.942,0.782,0.898,0.941,0.919,0.855,0.828,1.0,0.876,0.935,0.879,0.887,0.906,0.781,0.944,0.891
19,A2_2,0.93,0.877,0.846,0.939,0.922,0.932,0.909,0.876,1.0,0.872,0.959,0.928,0.923,0.782,0.885,0.968
19,A2_3,0.961,0.734,0.952,0.917,0.934,0.778,0.762,0.935,0.872,1.0,0.908,0.808,0.819,0.724,0.923,0.829
19,B2_1,0.929,0.791,0.905,0.878,0.909,0.834,0.792,0.879,0.959,0.908,1.0,0.827,0.863,0.676,0.856,0.887
19,B2_2,0.867,0.896,0.719,0.962,0.851,0.98,0.975,0.887,0.928,0.808,0.827,1.0,0.958,0.936,0.937,0.975
19,B2_3,0.856,0.861,0.79,0.914,0.878,0.959,0.943,0.906,0.923,0.819,0.863,0.958,1.0,0.846,0.928,0.938
19,y1,0.753,0.831,0.549,0.891,0.697,0.899,0.903,0.781,0.782,0.724,0.676,0.936,0.846,1.0,0.896,0.867
19,y2,0.899,0.796,0.832,0.953,0.883,0.895,0.895,0.944,0.885,0.923,0.856,0.937,0.928,0.896,1.0,0.897
19,y3,0.913,0.926,0.767,0.968,0.898,0.97,0.957,0.891,0.968,0.829,0.887,0.975,0.938,0.867,0.897,1.0
20,.,1.0,0.855,0.927,0.956,0.962,0.85,0.827,0.939,0.924,0.959,0.925,0.852,0.838,0.733,0.886,0.905
20,A1_1,0.855,1.0,0.673,0.893,0.831,0.946,0.936,0.778,0.876,0.722,0.79,0.894,0.858,0.823,0.791,0.925
20,A1_2,0.927,0.673,1.0,0.827,0.941,0.699,0.68,0.895,0.841,0.951,0.902,0.705,0.775,0.527,0.819,0.757
20,A1_3,0.956,0.893,0.827,1.0,0.927,0.932,0.927,0.939,0.936,0.911,0.875,0.958,0.906,0.884,0.95,0.966
20,B1_1,0.962,0.831,0.941,0.927,1.0,0.839,0.85,0.918,0.921,0.928,0.908,0.847,0.873,0.685,0.876,0.897
20,B1_2,0.85,0.946,0.699,0.932,0.839,1.0,0.981,0.849,0.93,0.759,0.831,0.979,0.958,0.892,0.89,0.97
20,B1_3,0.827,0.936,0.68,0.927,0.85,0.981,1.0,0.82,0.906,0.741,0.787,0.975,0.942,0.898,0.891,0.955
20,A2_1,0.939,0.778,0.895,0.939,0.918,0.849,0.82,1.0,0.873,0.931,0.877,0.881,0.899,0.77,0.939,0.888
20,A2_2,0.924,0.876,0.841,0.936,0.921,0.93,0.906,0.873,1.0,0.861,0.959,0.925,0.92,0.771,0.879,0.967
20,A2_3,0.959,0.722,0.951,0.911,0.928,0.759,0.741,0.931,0.861,1.0,0.902,0.791,0.798,0.704,0.912,0.817
20,B2_1,0.925,0.79,0.902,0.875,0.908,0.831,0.787,0.877,0.959,0.902,1.0,0.823,0.859,0.664,0.85,0.885
20,B2_2,0.852,0.894,0.705,0.958,0.847,0.979,0.975,0.881,0.925,0.791,0.823,1.0,0.956,0.932,0.935,0.975
20,B2_3,0.838,0.858,0.775,0.906,0.873,0.958,0.942,0.899,0.92,0.798,0.859,0.956,1.0,0.837,0.922,0.936
20,y1,0.733,0.823,0.527,0.884,0.685,0.892,0.898,0.77,0.771,0.704,0.664,0.932,0.837,1.0,0.894,0.861
20,y2,0.886,0.791,0.819,0.95,0.876,0.89,0.891,0.939,0.879,0.912,0.85,0.935,0.922,0.894,1.0,0.893
20,y3,0.905,0.925,0.757,0.966,0.897,0.97,0.955,0.888,0.967,0.817,0.885,0.975,0.936,0.861,0.893,1.0
21,.,1.0,0.848,0.925,0.95,0.957,0.832,0.806,0.934,0.916,0.955,0.92,0.835,0.817,0.71,0.871,0.895
21,A1_1,0.848,1.0,0.663,0.89,0.829,0.944,0.932,0.774,0.875,0.708,0.789,0.891,0.854,0.813,0.785,0.924
21,A1_2,0.925,0.663,1.0,0.82,0.936,0.683,0.66,0.892,0.834,0.949,0.898,0.688,0.758,0.502,0.803,0.747
21,A1_3,0.95,0.89,0.82,1.0,0.925,0.926,0.919,0.937,0.932,0.904,0.871,0.953,0.897,0.877,0.947,0.963
21,B1_1,0.957,0.829,0.936,0.925,1.0,0.835,0.844,0.917,0.921,0.922,0.908,0.842,0.867,0.672,0.869,0.895
21,B1_2,0.832,0.944,0.683,0.926,0.835,1.0,0.98,0.841,0.928,0.736,0.828,0.978,0.958,0.884,0.885,0.969
21,B1_3,0.806,0.932,0.66,0.919,0.844,0.98,1.0,0.81,0.903,0.716,0.782,0.975,0.941,0.893,0.887,0.953
21,A2_1,0.934,0.774,0.892,0.937,0.917,0.841,0.81,1.0,0.87,0.926,0.876,0.874,0.89,0.757,0.933,0.884
21,A2_2,0.916,0.875,0.834,0.932,0.921,0.928,0.903,0.87,1.0,0.849,0.958,0.922,0.918,0.759,0.872,0.966
21,A2_3,0.955,0.708,0.949,0.904,0.922,0.736,0.716,0.926,0.849,1.0,0.894,0.77,0.774,0.681,0.898,0.802
21,B2_1,0.92,0.789,0.898,0.871,0.908,0.828,0.782,0.876,0.958,0.894,1.0,0.818,0.856,0.652,0.843,0.883
21,B2_2,0.835,0.891,0.688,0.953,0.842,0.978,0.975,0.874,0.922,0.77,0.818,1.0,0.955,0.927,0.932,0.974
21,B2_3,0.817,0.854,0.758,0.897,0.867,0.958,0.941,0.89,0.918,0.774,0.856,0.955,1.0,0.827,0.915,0.933
21,y1,0.71,0.813,0.502,0.877,0.672,0.884,0.893,0.757,0.759,0.681,0.652,0.927,0.827,1.0,0.893,0.854
21,y2,0.871,0.785,0.803,0.947,0.869,0.885,0.887,0.933,0.872,0.898,0.843,0.932,0.915,0.893,1.0,0.889
21,y3,0.895,0.924,0.747,0.963,0.895,0.969,0.953,0.884,0.966,0.802,0.883,0.974,0.933,0.854,0.889,1.0
22,.,1.0,0.838,0.924,0.944,0.952,0.812,0.782,0.929,0.906,0.952,0.913,0.815,0.792,0.684,0.854,0.882
22,A1_1,0.838,1.0,0.655,0.886,0.828,0.942,0.929,0.77,0.874,0.693,0.787,0.888,0.85,0.803,0.779,0.924
22,A1_2,0.924,0.655,1.0,0.814,0.932,0.666,0.64,0.889,0.827,0.947,0.894,0.671,0.739,0.477,0.787,0.735
22,A1_3,0.944,0.886,0.814,1.0,0.923,0.918,0.911,0.936,0.928,0.897,0.867,0.948,0.887,0.869,0.944,0.96
22,B1_1,0.952,0.828,0.932,0.923,1.0,0.829,0.837,0.915,0.92,0.914,0.907,0.837,0.861,0.659,0.861,0.893
22,B1_2,0.812,0.942,0.666,0.918,0.829,1.0,0.98,0.833,0.925,0.711,0.824,0.977,0.958,0.874,0.879,0.968
22,B1_3,0.782,0.929,0.64,0.911,0.837,0.98,1.0,0.8,0.899,0.688,0.777,0.975,0.941,0.887,0.882,0.952
22,A2_1,0.929,0.77,0.889,0.936,0.915,0.833,0.8,1.0,0.867,0.92,0.873,0.866,0.88,0.743,0.927,0.88
22,A2_2,0.906,0.874,0.827,0.928,0.92,0.925,0.899,0.867,1.0,0.835,0.958,0.918,0.914,0.746,0.865,0.964
22,A2_3,0.952,0.693,0.947,0.897,0.914,0.711,0.688,0.92,0.835,1.0,0.884,0.747,0.746,0.656,0.883,0.785
22,B2_1,0.913,0.787,0.894,0.867,0.907,0.824,0.777,0.873,0.958,0.884,1.0,0.813,0.851,0.638,0.835,0.88
22,B2_2,0.815,0.888,0.671,0.948,0.837,0.977,0.975,0.866,0.918,0.747,0.813,1.0,0.954,0.922,0.93,0.972
22,B2_3,0.792,0.85,0.739,0.887,0.861,0.958,0.941,0.88,0.914,0.746,0.851,0.954,1.0,0.816,0.907,0.931
22,y1,0.684,0.803,0.477,0.869,0.659,0.874,0.887,0.743,0.746,0.656,0.638,0.922,0.816,1.0,0.891,0.847
22,y2,0.854,0.779,0.787,0.944,0.861,0.879,0.882,0.927,0.865,0.883,0.835,0.93,0.907,0.891,1.0,0.885
22,y3,0.882,0.924,0.735,0.96,0.893,0.968,0.952,0.88,0.964,0.785,0.88,0.972,0.931,0.847,0.885,1.0
23,.,1.0,0.826,0.922,0.937,0.944,0.786,0.753,0.923,0.893,0.949,0.904,0.79,0.763,0.653,0.832,0.867
23,A1_1,0.826,1.0,0.645,0.881,0.827,0.939,0.924,0.764,0.872,0.675,0.786,0.884,0.846,0.79,0.771,0.922
23,A1_2,0.922,0.645,1.0,0.807,0.927,0.646,0.617,0.885,0.819,0.944,0.888,0.651,0.718,0.449,0.769,0.722
23,A1_3,0.937,0.881,0.807,1.0,0.921,0.908,0.9,0.934,0.923,0.889,0.863,0.941,0.875,0.859,0.94,0.957
23,B1_1,0.944,0.827,0.927,0.921,1.0,0.824,0.829,0.914,0.919,0.904,0.906,0.831,0.854,0.644,0.852,0.891
23,B1_2,0.786,0.939,0.646,0.908,0.824,1.0,0.979,0.823,0.922,0.681,0.82,0.976,0.958,0.864,0.871,0.966
23,B1_3,0.753,0.924,0.617,0.9,0.829,0.979,1.0,0.787,0.894,0.656,0.771,0.975,0.94,0.879,0.876,0.95
23,A2_1,0.923,0.764,0.885,0.934,0.914,0.823,0.787,1.0,0.862,0.913,0.87,0.858,0.868,0.728,0.92,0.875
23,A2_2,0.893,0.872,0.819,0.923,0.919,0.922,0.894,0.862,1.0,0.818,0.958,0.914,0.911,0.731,0.856,0.963
23,A2_3,0.949,0.675,0.944,0.889,0.904,0.681,0.656,0.913,0.818,1.0,0.872,0.72,0.713,0.628,0.864,0.765
23,B2_1,0.904,0.786,0.888,0.863,0.906,0.82,0.771,0.87,0.958,0.872,1.0,0.807,0.847,0.623,0.826,0.877
23,B2_2,0.79,0.884,0.651,0.941,0.831,0.976,0.975,0.858,0.914,0.72,0.807,1.0,0.953,0.916,0.926,0.971
23,B2_3,0.763,0.846,0.718,0.875,0.854,0.958,0.94,0.868,0.911,0.713,0.847,0.953,1.0,0.804,0.898,0.928
23,y1,0.653,0.79,0.449,0.859,0.644,0.864,0.879,0.728,0.731,0.628,0.623,0.916,0.804,1.0,0.889,0.839
23,y2,0.832,0.771,0.769,0.94,0.852,0.871,0.876,0.92,0.856,0.864,0.826,0.926,0.898,0.889,1.0,0.879
23,y3,0.867,0.922,0.722,0.957,0.891,0.966,0.95,0.875,0.963,0.765,0.877,0.971,0.928,0.839,0.879,1.0
24,.,1.0,0.811,0.92,0.927,0.934,0.756,0.718,0.916,0.878,0.945,0.892,0.761,0.727,0.619,0.807,0.848
24,A1_1,0.811,1.0,0.633,0.875,0.825,0.936,0.919,0.759,0.87,0.655,0.784,0.88,0.84,0.777,0.762,0.921
24,A1_2,0.92,0.633,1.0,0.799,0.921,0.624,0.59,0.881,0.81,0.942,0.882,0.629,0.694,0.418,0.747,0.708
24,A1_3,0.927,0.875,0.799,1.0,0.918,0.896,0.888,0.932,0.917,0.88,0.858,0.932,0.861,0.848,0.936,0.952
24,B1_1,0.934,0.825,0.921,0.918,1.0,0.817,0.82,0.912,0.918,0.892,0.905,0.825,0.847,0.627,0.842,0.889
24,B1_2,0.756,0.936,0.624,0.896,0.817,1.0,0.978,0.812,0.918,0.646,0.816,0.975,0.958,0.852,0.862,0.964
24,B1_3,0.718,0.919,0.59,0.888,0.82,0.978,1.0,0.774,0.889,0.619,0.764,0.975,0.939,0.871,0.868,0.947
24,A2_1,0.916,0.759,0.881,0.932,0.912,0.812,0.774,1.0,0.858,0.905,0.867,0.848,0.856,0.712,0.911,0.87
24,A2_2,0.878,0.87,0.81,0.917,0.918,0.918,0.889,0.858,1.0,0.798,0.957,0.909,0.906,0.715,0.845,0.961
24,A2_3,0.945,0.655,0.942,0.88,0.892,0.646,0.619,0.905,0.798,1.0,0.857,0.689,0.675,0.597,0.843,0.743
24,B2_1,0.892,0.784,0.882,0.858,0.905,0.816,0.764,0.867,0.957,0.857,1.0,0.801,0.842,0.607,0.816,0.874
24,B2_2,0.761,0.88,0.629,0.932,0.825,0.975,0.975,0.848,0.909,0.689,0.801,1.0,0.951,0.91,0.922,0.97
24,B2_3,0.727,0.84,0.694,0.861,0.847,0.958,0.939,0.856,0.906,0.675,0.842,0.951,1.0,0.79,0.888,0.924
24,y1,0.619,0.777,0.418,0.848,0.627,0.852,0.871,0.712,0.715,0.597,0.607,0.91,0.79,1.0,0.888,0.829
24,y2,0.807,0.762,0.747,0.936,0.842,0.862,0.868,0.911,0.845,0.843,0.816,0.922,0.888,0.888,1.0,0.873
24,y3,0.848,0.921,0.708,0.952,0.889,0.964,0.947,0.87,0.961,0.743,0.874,0.97,0.924,0.829,0.873,1.0
25,.,1.0,0.793,0.917,0.916,0.921,0.719,0.676,0.906,0.859,0.942,0.877,0.725,0.685,0.58,0.776,0.824
25,A1_1,0.793,1.0,0.62,0.869,0.823,0.933,0.913,0.752,0.867,0.631,0.781,0.875,0.834,0.761,0.751,0.919
25,A1_2,0.917,0.62,1.0,0.791,0.913,0.599,0.56,0.877,0.8,0.938,0.874,0.604,0.666,0.384,0.724,0.69
25,A1_3,0.916,0.869,0.791,1.0,0.914,0.883,0.873,0.93,0.911,0.869,0.852,0.923,0.844,0.836,0.93,0.947
25,B1_1,0.921,0.823,0.913,0.914,1.0,0.811,0.811,0.91,0.918,0.876,0.904,0.819,0.839,0.609,0.831,0.886
25,B1_2,0.719,0.933,0.599,0.883,0.811,1.0,0.978,0.799,0.914,0.605,0.811,0.974,0.958,0.838,0.851,0.962
25,B1_3,0.676,0.913,0.56,0.873,0.811,0.978,1.0,0.758,0.883,0.575,0.757,0.975,0.939,0.861,0.86,0.944
25,A2_1,0.906,0.752,0.877,0.93,0.91,0.799,0.758,1.0,0.853,0.895,0.863,0.836,0.841,0.694,0.902,0.863
25,A2_2,0.859,0.867,0.8,0.911,0.918,0.914,0.883,0.853,1.0,0.776,0.957,0.904,0.901,0.697,0.834,0.958
25,A2_3,0.942,0.631,0.938,0.869,0.876,0.605,0.575,0.895,0.776,1.0,0.84,0.652,0.632,0.562,0.818,0.716
25,B2_1,0.877,0.781,0.874,0.852,0.904,0.811,0.757,0.863,0.957,0.84,1.0,0.795,0.837,0.589,0.804,0.87
25,B2_2,0.725,0.875,0.604,0.923,0.819,0.974,0.975,0.836,0.904,0.652,0.795,1.0,0.949,0.902,0.917,0.969
25,B2_3,0.685,0.834,0.666,0.844,0.839,0.958,0.939,0.841,0.901,0.632,0.837,0.949,1.0,0.773,0.875,0.92
25,y1,0.58,0.761,0.384,0.836,0.609,0.838,0.861,0.694,0.697,0.562,0.589,0.902,0.773,1.0,0.886,0.819
25,y2,0.776,0.751,0.724,0.93,0.831,0.851,0.86,0.902,0.834,0.818,0.804,0.917,0.875,0.886,1.0,0.866
25,y3,0.824,0.919,0.69,0.947,0.886,0.962,0.944,0.863,0.958,0.716,0.87,0.969,0.92,0.819,0.866,1.0
26,.,1.0,0.77,0.914,0.903,0.903,0.674,0.627,0.895,0.836,0.938,0.857,0.683,0.635,0.536,0.741,0.796
