,,.,A1_1,A1_2,A1_3,B1_1,B1_2,B1_3,A2_1,A2_2,A2_3,B2_1,B2_2,B2_3,y1,y2,y3
1,.,1.0,0.897,0.95,0.982,0.943,0.936,0.903,0.967,0.967,0.954,0.881,0.96,0.919,0.913,0.956,0.945
1,A1_1,0.897,1.0,0.902,0.884,0.886,0.891,0.954,0.899,0.9,0.943,0.961,0.914,0.915,0.965,0.926,0.92
1,A1_2,0.95,0.902,1.0,0.962,0.937,0.917,0.861,0.901,0.942,0.933,0.92,0.928,0.919,0.932,0.898,0.939
1,A1_3,0.982,0.884,0.962,1.0,0.961,0.93,0.883,0.962,0.975,0.931,0.889,0.977,0.903,0.898,0.956,0.966
1,B1_1,0.943,0.886,0.937,0.961,1.0,0.956,0.907,0.914,0.96,0.923,0.899,0.955,0.95,0.924,0.948,0.977
1,B1_2,0.936,0.891,0.917,0.93,0.956,1.0,0.913,0.883,0.946,0.949,0.876,0.938,0.948,0.929,0.952,0.966
1,B1_3,0.903,0.954,0.861,0.883,0.907,0.913,1.0,0.917,0.908,0.955,0.917,0.916,0.937,0.958,0.961,0.913
1,A2_1,0.967,0.899,0.901,0.962,0.914,0.883,0.917,1.0,0.966,0.932,0.899,0.969,0.875,0.896,0.955,0.923
1,A2_2,0.967,0.9,0.942,0.975,0.96,0.946,0.908,0.966,1.0,0.947,0.913,0.987,0.926,0.917,0.967,0.961
1,A2_3,0.954,0.943,0.933,0.931,0.923,0.949,0.955,0.932,0.947,1.0,0.915,0.935,0.954,0.961,0.956,0.937
1,B2_1,0.881,0.961,0.92,0.889,0.899,0.876,0.917,0.899,0.913,0.915,1.0,0.914,0.888,0.953,0.893,0.926
1,B2_2,0.96,0.914,0.928,0.977,0.955,0.938,0.916,0.969,0.987,0.935,0.914,1.0,0.902,0.918,0.976,0.974
1,B2_3,0.919,0.915,0.919,0.903,0.95,0.948,0.937,0.875,0.926,0.954,0.888,0.902,1.0,0.958,0.928,0.922
1,y1,0.913,0.965,0.932,0.898,0.924,0.929,0.958,0.896,0.917,0.961,0.953,0.918,0.958,1.0,0.919,0.929
1,y2,0.956,0.926,0.898,0.956,0.948,0.952,0.961,0.955,0.967,0.956,0.893,0.976,0.928,0.919,1.0,0.963
1,y3,0.945,0.92,0.939,0.966,0.977,0.966,0.913,0.923,0.961,0.937,0.926,0.974,0.922,0.929,0.963,1.0
2,.,1.0,0.896,0.949,0.981,0.942,0.934,0.899,0.966,0.965,0.954,0.88,0.958,0.917,0.911,0.954,0.944
2,A1_1,0.896,1.0,0.899,0.881,0.881,0.885,0.951,0.897,0.896,0.941,0.961,0.911,0.91,0.963,0.923,0.917
2,A1_2,0.949,0.899,1.0,0.962,0.936,0.915,0.854,0.899,0.94,0.932,0.919,0.927,0.917,0.929,0.895,0.938
2,A1_3,0.981,0.881,0.962,1.0,0.961,0.927,0.878,0.96,0.974,0.929,0.887,0.976,0.9,0.894,0.954,0.965
2,B1_1,0.942,0.881,0.936,0.961,1.0,0.954,0.9,0.911,0.958,0.921,0.895,0.954,0.949,0.92,0.946,0.976
2,B1_2,0.934,0.885,0.915,0.927,0.954,1.0,0.906,0.877,0.943,0.946,0.87,0.935,0.946,0.925,0.949,0.963
2,B1_3,0.899,0.951,0.854,0.878,0.9,0.906,1.0,0.913,0.9,0.953,0.911,0.91,0.933,0.955,0.958,0.907
2,A2_1,0.966,0.897,0.899,0.96,0.911,0.877,0.913,1.0,0.963,0.931,0.898,0.968,0.871,0.892,0.953,0.92
2,A2_2,0.965,0.896,0.94,0.974,0.958,0.943,0.9,0.963,1.0,0.944,0.909,0.987,0.924,0.912,0.965,0.959
2,A2_3,0.954,0.941,0.932,0.929,0.921,0.946,0.953,0.931,0.944,1.0,0.914,0.933,0.952,0.959,0.954,0.935
2,B2_1,0.88,0.961,0.919,0.887,0.895,0.87,0.911,0.898,0.909,0.914,1.0,0.912,0.883,0.951,0.888,0.924
2,B2_2,0.958,0.911,0.927,0.976,0.954,0.935,0.91,0.968,0.987,0.933,0.912,1.0,0.899,0.914,0.975,0.973
2,B2_3,0.917,0.91,0.917,0.9,0.949,0.946,0.933,0.871,0.924,0.952,0.883,0.899,1.0,0.955,0.926,0.918
2,y1,0.911,0.963,0.929,0.894,0.92,0.925,0.955,0.892,0.912,0.959,0.951,0.914,0.955,1.0,0.916,0.925
2,y2,0.954,0.923,0.895,0.954,0.946,0.949,0.958,0.953,0.965,0.954,0.888,0.975,0.926,0.916,1.0,0.96
2,y3,0.944,0.917,0.938,0.965,0.976,0.963,0.907,0.92,0.959,0.935,0.924,0.973,0.918,0.925,0.96,1.0
3,.,1.0,0.897,0.949,0.981,0.941,0.933,0.898,0.966,0.964,0.954,0.881,0.958,0.917,0.91,0.954,0.943
3,A1_1,0.897,1.0,0.898,0.88,0.879,0.882,0.949,0.898,0.894,0.94,0.961,0.91,0.907,0.961,0.921,0.916
3,A1_2,0.949,0.898,1.0,0.962,0.937,0.914,0.85,0.898,0.94,0.931,0.92,0.927,0.916,0.928,0.894,0.938
3,A1_3,0.981,0.88,0.962,1.0,0.961,0.925,0.874,0.96,0.973,0.929,0.888,0.976,0.899,0.892,0.954,0.965
3,B1_1,0.941,0.879,0.937,0.961,1.0,0.953,0.896,0.91,0.958,0.921,0.893,0.954,0.948,0.919,0.945,0.975
3,B1_2,0.933,0.882,0.914,0.925,0.953,1.0,0.902,0.873,0.942,0.944,0.868,0.933,0.946,0.922,0.947,0.961
3,B1_3,0.898,0.949,0.85,0.874,0.896,0.902,1.0,0.911,0.896,0.952,0.907,0.907,0.93,0.954,0.957,0.902
3,A2_1,0.966,0.898,0.898,0.96,0.91,0.873,0.911,1.0,0.961,0.93,0.899,0.967,0.869,0.89,0.952,0.919
3,A2_2,0.964,0.894,0.94,0.973,0.958,0.942,0.896,0.961,1.0,0.941,0.908,0.987,0.923,0.908,0.964,0.957
3,A2_3,0.954,0.94,0.931,0.929,0.921,0.944,0.952,0.93,0.941,1.0,0.915,0.931,0.951,0.958,0.953,0.934
3,B2_1,0.881,0.961,0.92,0.888,0.893,0.868,0.907,0.899,0.908,0.915,1.0,0.912,0.881,0.951,0.886,0.923
3,B2_2,0.958,0.91,0.927,0.976,0.954,0.933,0.907,0.967,0.987,0.931,0.912,1.0,0.899,0.912,0.974,0.972
3,B2_3,0.917,0.907,0.916,0.899,0.948,0.946,0.93,0.869,0.923,0.951,0.881,0.899,1.0,0.954,0.926,0.916
3,y1,0.91,0.961,0.928,0.892,0.919,0.922,0.954,0.89,0.908,0.958,0.951,0.912,0.954,1.0,0.914,0.923
3,y2,0.954,0.921,0.894,0.954,0.945,0.947,0.957,0.952,0.964,0.953,0.886,0.974,0.926,0.914,1.0,0.959
3,y3,0.943,0.916,0.938,0.965,0.975,0.961,0.902,0.919,0.957,0.934,0.923,0.972,0.916,0.923,0.959,1.0
4,.,1.0,0.898,0.949,0.981,0.941,0.932,0.897,0.966,0.963,0.955,0.883,0.958,0.917,0.91,0.953,0.944
4,A1_1,0.898,1.0,0.897,0.881,0.878,0.879,0.947,0.899,0.893,0.939,0.961,0.91,0.905,0.96,0.92,0.915
4,A1_2,0.949,0.897,1.0,0.962,0.938,0.914,0.848,0.899,0.941,0.931,0.921,0.928,0.916,0.927,0.894,0.939
4,A1_3,0.981,0.881,0.962,1.0,0.962,0.924,0.873,0.96,0.973,0.929,0.889,0.976,0.899,0.892,0.953,0.965
4,B1_1,0.941,0.878,0.938,0.962,1.0,0.952,0.894,0.91,0.958,0.921,0.893,0.955,0.949,0.918,0.945,0.975
4,B1_2,0.932,0.879,0.914,0.924,0.952,1.0,0.899,0.871,0.941,0.943,0.867,0.932,0.946,0.921,0.946,0.959
4,B1_3,0.897,0.947,0.848,0.873,0.894,0.899,1.0,0.91,0.892,0.951,0.905,0.905,0.929,0.953,0.955,0.899
4,A2_1,0.966,0.899,0.899,0.96,0.91,0.871,0.91,1.0,0.96,0.931,0.901,0.966,0.868,0.89,0.95,0.918
4,A2_2,0.963,0.893,0.941,0.973,0.958,0.941,0.892,0.96,1.0,0.94,0.908,0.987,0.923,0.907,0.963,0.956
4,A2_3,0.955,0.939,0.931,0.929,0.921,0.943,0.951,0.931,0.94,1.0,0.917,0.93,0.95,0.957,0.952,0.934
4,B2_1,0.883,0.961,0.921,0.889,0.893,0.867,0.905,0.901,0.908,0.917,1.0,0.912,0.88,0.951,0.886,0.924
4,B2_2,0.958,0.91,0.928,0.976,0.955,0.932,0.905,0.966,0.987,0.93,0.912,1.0,0.899,0.911,0.974,0.971
4,B2_3,0.917,0.905,0.916,0.899,0.949,0.946,0.929,0.868,0.923,0.95,0.88,0.899,1.0,0.953,0.926,0.915
4,y1,0.91,0.96,0.927,0.892,0.918,0.921,0.953,0.89,0.907,0.957,0.951,0.911,0.953,1.0,0.913,0.922
4,y2,0.953,0.92,0.894,0.953,0.945,0.946,0.955,0.95,0.963,0.952,0.886,0.974,0.926,0.913,1.0,0.958
4,y3,0.944,0.915,0.939,0.965,0.975,0.959,0.899,0.918,0.956,0.934,0.924,0.971,0.915,0.922,0.958,1.0
5,.,1.0,0.901,0.95,0.981,0.942,0.932,0.898,0.966,0.962,0.957,0.886,0.958,0.918,0.911,0.953,0.944
5,A1_1,0.901,1.0,0.898,0.882,0.878,0.879,0.946,0.901,0.893,0.94,0.962,0.911,0.904,0.96,0.92,0.916
5,A1_2,0.95,0.898,1.0,0.963,0.94,0.915,0.848,0.9,0.942,0.932,0.923,0.929,0.917,0.927,0.895,0.94
5,A1_3,0.981,0.882,0.963,1.0,0.962,0.923,0.872,0.96,0.973,0.93,0.892,0.976,0.9,0.892,0.953,0.965
5,B1_1,0.942,0.878,0.94,0.962,1.0,0.953,0.892,0.91,0.958,0.922,0.894,0.955,0.949,0.918,0.945,0.975
5,B1_2,0.932,0.879,0.915,0.923,0.953,1.0,0.898,0.869,0.941,0.942,0.869,0.932,0.947,0.921,0.945,0.958
5,B1_3,0.898,0.946,0.848,0.872,0.892,0.898,1.0,0.909,0.89,0.95,0.903,0.904,0.928,0.953,0.955,0.897
5,A2_1,0.966,0.901,0.9,0.96,0.91,0.869,0.909,1.0,0.958,0.932,0.903,0.965,0.868,0.889,0.95,0.918
5,A2_2,0.962,0.893,0.942,0.973,0.958,0.941,0.89,0.958,1.0,0.939,0.909,0.988,0.923,0.906,0.963,0.956
5,A2_3,0.957,0.94,0.932,0.93,0.922,0.942,0.95,0.932,0.939,1.0,0.919,0.93,0.95,0.956,0.951,0.934
5,B2_1,0.886,0.962,0.923,0.892,0.894,0.869,0.903,0.903,0.909,0.919,1.0,0.914,0.881,0.951,0.887,0.925
5,B2_2,0.958,0.911,0.929,0.976,0.955,0.932,0.904,0.965,0.988,0.93,0.914,1.0,0.901,0.911,0.974,0.971
5,B2_3,0.918,0.904,0.917,0.9,0.949,0.947,0.928,0.868,0.923,0.95,0.881,0.901,1.0,0.953,0.927,0.915
5,y1,0.911,0.96,0.927,0.892,0.918,0.921,0.953,0.889,0.906,0.956,0.951,0.911,0.953,1.0,0.913,0.921
5,y2,0.953,0.92,0.895,0.953,0.945,0.945,0.955,0.95,0.963,0.951,0.887,0.974,0.927,0.913,1.0,0.957
5,y3,0.944,0.916,0.94,0.965,0.975,0.958,0.897,0.918,0.956,0.934,0.925,0.971,0.915,0.921,0.957,1.0
6,.,1.0,0.903,0.951,0.98,0.943,0.931,0.899,0.966,0.961,0.958,0.89,0.958,0.919,0.912,0.953,0.945
6,A1_1,0.903,1.0,0.899,0.885,0.879,0.879,0.945,0.903,0.894,0.94,0.963,0.912,0.904,0.959,0.92,0.916
6,A1_2,0.951,0.899,1.0,0.964,0.942,0.916,0.848,0.902,0.943,0.933,0.926,0.931,0.918,0.928,0.897,0.942
6,A1_3,0.98,0.885,0.964,1.0,0.963,0.923,0.872,0.96,0.973,0.931,0.895,0.976,0.901,0.892,0.953,0.966
6,B1_1,0.943,0.879,0.942,0.963,1.0,0.953,0.892,0.91,0.959,0.924,0.896,0.956,0.95,0.919,0.946,0.976
6,B1_2,0.931,0.879,0.916,0.923,0.953,1.0,0.898,0.869,0.941,0.941,0.871,0.933,0.948,0.921,0.945,0.958
6,B1_3,0.899,0.945,0.848,0.872,0.892,0.898,1.0,0.909,0.89,0.95,0.903,0.903,0.928,0.953,0.955,0.896
6,A2_1,0.966,0.903,0.902,0.96,0.91,0.869,0.909,1.0,0.957,0.933,0.905,0.964,0.868,0.89,0.949,0.918
6,A2_2,0.961,0.894,0.943,0.973,0.959,0.941,0.89,0.957,1.0,0.939,0.911,0.988,0.924,0.906,0.963,0.955
6,A2_3,0.958,0.94,0.933,0.931,0.924,0.941,0.95,0.933,0.939,1.0,0.922,0.931,0.95,0.956,0.951,0.935
6,B2_1,0.89,0.963,0.926,0.895,0.896,0.871,0.903,0.905,0.911,0.922,1.0,0.916,0.883,0.952,0.888,0.927
6,B2_2,0.958,0.912,0.931,0.976,0.956,0.933,0.903,0.964,0.988,0.931,0.916,1.0,0.903,0.911,0.974,0.971
6,B2_3,0.919,0.904,0.918,0.901,0.95,0.948,0.928,0.868,0.924,0.95,0.883,0.903,1.0,0.953,0.928,0.916
6,y1,0.912,0.959,0.928,0.892,0.919,0.921,0.953,0.89,0.906,0.956,0.952,0.911,0.953,1.0,0.913,0.921
6,y2,0.953,0.92,0.897,0.953,0.946,0.945,0.955,0.949,0.963,0.951,0.888,0.974,0.928,0.913,1.0,0.957
6,y3,0.945,0.916,0.942,0.966,0.976,0.958,0.896,0.918,0.955,0.935,0.927,0.971,0.916,0.921,0.957,1.0
7,.,1.0,0.905,0.952,0.98,0.943,0.931,0.899,0.966,0.96,0.959,0.894,0.957,0.919,0.913,0.953,0.946
7,A1_1,0.905,1.0,0.9,0.886,0.881,0.878,0.944,0.904,0.894,0.94,0.964,0.913,0.904,0.959,0.921,0.917
7,A1_2,0.952,0.9,1.0,0.964,0.943,0.917,0.848,0.903,0.944,0.934,0.928,0.932,0.919,0.928,0.898,0.943
7,A1_3,0.98,0.886,0.964,1.0,0.964,0.922,0.872,0.961,0.973,0.932,0.898,0.976,0.901,0.893,0.953,0.966
7,B1_1,0.943,0.881,0.943,0.964,1.0,0.954,0.892,0.911,0.96,0.925,0.898,0.957,0.951,0.92,0.947,0.976
7,B1_2,0.931,0.878,0.917,0.922,0.954,1.0,0.898,0.868,0.942,0.94,0.874,0.933,0.95,0.921,0.945,0.957
7,B1_3,0.899,0.944,0.848,0.872,0.892,0.898,1.0,0.908,0.889,0.949,0.902,0.903,0.929,0.953,0.955,0.895
7,A2_1,0.966,0.904,0.903,0.961,0.911,0.868,0.908,1.0,0.956,0.934,0.907,0.964,0.868,0.889,0.948,0.918
7,A2_2,0.96,0.894,0.944,0.973,0.96,0.942,0.889,0.956,1.0,0.938,0.913,0.988,0.925,0.905,0.963,0.955
7,A2_3,0.959,0.94,0.934,0.932,0.925,0.94,0.949,0.934,0.938,1.0,0.924,0.931,0.949,0.955,0.951,0.935
7,B2_1,0.894,0.964,0.928,0.898,0.898,0.874,0.902,0.907,0.913,0.924,1.0,0.918,0.884,0.953,0.89,0.929
7,B2_2,0.957,0.913,0.932,0.976,0.957,0.933,0.903,0.964,0.988,0.931,0.918,1.0,0.904,0.911,0.974,0.97
7,B2_3,0.919,0.904,0.919,0.901,0.951,0.95,0.929,0.868,0.925,0.949,0.884,0.904,1.0,0.953,0.929,0.916
7,y1,0.913,0.959,0.928,0.893,0.92,0.921,0.953,0.889,0.905,0.955,0.953,0.911,0.953,1.0,0.914,0.921
7,y2,0.953,0.921,0.898,0.953,0.947,0.945,0.955,0.948,0.963,0.951,0.89,0.974,0.929,0.914,1.0,0.957
7,y3,0.946,0.917,0.943,0.966,0.976,0.957,0.895,0.918,0.955,0.935,0.929,0.97,0.916,0.921,0.957,1.0
8,.,1.0,0.908,0.953,0.98,0.943,0.931,0.9,0.967,0.959,0.961,0.897,0.957,0.92,0.914,0.953,0.946
8,A1_1,0.908,1.0,0.902,0.889,0.882,0.879,0.944,0.906,0.896,0.941,0.965,0.914,0.904,0.958,0.922,0.918
8,A1_2,0.953,0.902,1.0,0.965,0.945,0.918,0.849,0.905,0.945,0.935,0.931,0.933,0.919,0.928,0.899,0.944
8,A1_3,0.98,0.889,0.965,1.0,0.964,0.922,0.872,0.961,0.972,0.934,0.901,0.976,0.902,0.893,0.953,0.966
8,B1_1,0.943,0.882,0.945,0.964,1.0,0.955,0.892,0.911,0.96,0.926,0.901,0.958,0.952,0.921,0.948,0.976
8,B1_2,0.931,0.879,0.918,0.922,0.955,1.0,0.899,0.868,0.942,0.939,0.877,0.933,0.951,0.922,0.946,0.956
8,B1_3,0.9,0.944,0.849,0.872,0.892,0.899,1.0,0.908,0.889,0.948,0.903,0.904,0.929,0.953,0.955,0.895
8,A2_1,0.967,0.906,0.905,0.961,0.911,0.868,0.908,1.0,0.955,0.936,0.909,0.963,0.868,0.89,0.947,0.919
8,A2_2,0.959,0.896,0.945,0.972,0.96,0.942,0.889,0.955,1.0,0.938,0.915,0.988,0.926,0.906,0.963,0.955
8,A2_3,0.961,0.941,0.935,0.934,0.926,0.939,0.948,0.936,0.938,1.0,0.926,0.931,0.949,0.955,0.95,0.936
8,B2_1,0.897,0.965,0.931,0.901,0.901,0.877,0.903,0.909,0.915,0.926,1.0,0.92,0.887,0.954,0.893,0.931
8,B2_2,0.957,0.914,0.933,0.976,0.958,0.933,0.904,0.963,0.988,0.931,0.92,1.0,0.906,0.912,0.975,0.97
8,B2_3,0.92,0.904,0.919,0.902,0.952,0.951,0.929,0.868,0.926,0.949,0.887,0.906,1.0,0.953,0.931,0.917
8,y1,0.914,0.958,0.928,0.893,0.921,0.922,0.953,0.89,0.906,0.955,0.954,0.912,0.953,1.0,0.915,0.922
8,y2,0.953,0.922,0.899,0.953,0.948,0.946,0.955,0.947,0.963,0.95,0.893,0.975,0.931,0.915,1.0,0.957
8,y3,0.946,0.918,0.944,0.966,0.976,0.956,0.895,0.919,0.955,0.936,0.931,0.97,0.917,0.922,0.957,1.0
9,.,1.0,0.91,0.954,0.98,0.944,0.93,0.901,0.967,0.958,0.962,0.9,0.957,0.92,0.914,0.952,0.947
9,A1_1,0.91,1.0,0.903,0.89,0.884,0.879,0.943,0.908,0.897,0.941,0.965,0.916,0.904,0.958,0.922,0.918
9,A1_2,0.954,0.903,1.0,0.966,0.946,0.918,0.849,0.906,0.946,0.936,0.933,0.934,0.92,0.928,0.9,0.945
9,A1_3,0.98,0.89,0.966,1.0,0.964,0.922,0.872,0.962,0.972,0.935,0.904,0.976,0.902,0.893,0.953,0.966
9,B1_1,0.944,0.884,0.946,0.964,1.0,0.956,0.893,0.911,0.961,0.927,0.903,0.959,0.953,0.922,0.949,0.976
9,B1_2,0.93,0.879,0.918,0.922,0.956,1.0,0.899,0.867,0.943,0.939,0.88,0.934,0.952,0.922,0.946,0.956
9,B1_3,0.901,0.943,0.849,0.872,0.893,0.899,1.0,0.907,0.889,0.948,0.903,0.904,0.93,0.953,0.955,0.894
9,A2_1,0.967,0.908,0.906,0.962,0.911,0.867,0.907,1.0,0.954,0.937,0.911,0.963,0.868,0.889,0.947,0.919
9,A2_2,0.958,0.897,0.946,0.972,0.961,0.943,0.889,0.954,1.0,0.938,0.917,0.989,0.927,0.906,0.963,0.954
9,A2_3,0.962,0.941,0.936,0.935,0.927,0.939,0.948,0.937,0.938,1.0,0.928,0.932,0.948,0.954,0.95,0.936
9,B2_1,0.9,0.965,0.933,0.904,0.903,0.88,0.903,0.911,0.917,0.928,1.0,0.923,0.889,0.954,0.895,0.932
9,B2_2,0.957,0.916,0.934,0.976,0.959,0.934,0.904,0.963,0.989,0.932,0.923,1.0,0.908,0.912,0.975,0.97
9,B2_3,0.92,0.904,0.92,0.902,0.953,0.952,0.93,0.868,0.927,0.948,0.889,0.908,1.0,0.953,0.932,0.917
9,y1,0.914,0.958,0.928,0.893,0.922,0.922,0.953,0.889,0.906,0.954,0.954,0.912,0.953,1.0,0.915,0.922
9,y2,0.952,0.922,0.9,0.953,0.949,0.946,0.955,0.947,0.963,0.95,0.895,0.975,0.932,0.915,1.0,0.957
9,y3,0.947,0.918,0.945,0.966,0.976,0.956,0.894,0.919,0.954,0.936,0.932,0.97,0.917,0.922,0.957,1.0
10,.,1.0,0.912,0.954,0.98,0.944,0.93,0.901,0.967,0.957,0.963,0.903,0.956,0.92,0.914,0.952,0.947
10,A1_1,0.912,1.0,0.904,0.892,0.885,0.88,0.942,0.91,0.898,0.942,0.966,0.917,0.904,0.957,0.923,0.919
10,A1_2,0.954,0.904,1.0,0.967,0.947,0.918,0.849,0.908,0.946,0.937,0.935,0.935,0.92,0.928,0.901,0.946
10,A1_3,0.98,0.892,0.967,1.0,0.964,0.921,0.872,0.962,0.972,0.936,0.906,0.976,0.902,0.893,0.953,0.967
10,B1_1,0.944,0.885,0.947,0.964,1.0,0.957,0.894,0.912,0.962,0.928,0.906,0.96,0.954,0.923,0.95,0.977
10,B1_2,0.93,0.88,0.918,0.921,0.957,1.0,0.9,0.867,0.944,0.938,0.883,0.934,0.953,0.923,0.947,0.956
10,B1_3,0.901,0.942,0.849,0.872,0.894,0.9,1.0,0.907,0.89,0.947,0.903,0.904,0.93,0.953,0.956,0.894
10,A2_1,0.967,0.91,0.908,0.962,0.912,0.867,0.907,1.0,0.953,0.938,0.912,0.962,0.868,0.889,0.946,0.919
10,A2_2,0.957,0.898,0.946,0.972,0.962,0.944,0.89,0.953,1.0,0.938,0.92,0.989,0.928,0.906,0.963,0.954
10,A2_3,0.963,0.942,0.937,0.936,0.928,0.938,0.947,0.938,0.938,1.0,0.93,0.932,0.947,0.953,0.95,0.937
10,B2_1,0.903,0.966,0.935,0.906,0.906,0.883,0.903,0.912,0.92,0.93,1.0,0.925,0.891,0.955,0.897,0.934
10,B2_2,0.956,0.917,0.935,0.976,0.96,0.934,0.904,0.962,0.989,0.932,0.925,1.0,0.909,0.913,0.975,0.97
10,B2_3,0.92,0.904,0.92,0.902,0.954,0.953,0.93,0.868,0.928,0.947,0.891,0.909,1.0,0.954,0.933,0.918
10,y1,0.914,0.957,0.928,0.893,0.923,0.923,0.953,0.889,0.906,0.953,0.955,0.913,0.954,1.0,0.916,0.922
10,y2,0.952,0.923,0.901,0.953,0.95,0.947,0.956,0.946,0.963,0.95,0.897,0.975,0.933,0.916,1.0,0.957
10,y3,0.947,0.919,0.946,0.967,0.977,0.956,0.894,0.919,0.954,0.937,0.934,0.97,0.918,0.922,0.957,1.0
11,.,1.0,0.914,0.955,0.98,0.943,0.929,0.901,0.968,0.956,0.964,0.905,0.956,0.919,0.914,0.951,0.947
11,A1_1,0.914,1.0,0.905,0.893,0.886,0.88,0.941,0.911,0.899,0.942,0.967,0.918,0.903,0.956,0.923,0.92
11,A1_2,0.955,0.905,1.0,0.967,0.948,0.918,0.848,0.909,0.947,0.938,0.937,0.936,0.919,0.927,0.901,0.947
11,A1_3,0.98,0.893,0.967,1.0,0.964,0.92,0.871,0.963,0.971,0.937,0.908,0.976,0.901,0.893,0.952,0.966
11,B1_1,0.943,0.886,0.948,0.964,1.0,0.957,0.894,0.912,0.962,0.929,0.908,0.961,0.954,0.924,0.95,0.977
11,B1_2,0.929,0.88,0.918,0.92,0.957,1.0,0.901,0.867,0.944,0.937,0.885,0.935,0.954,0.923,0.947,0.955
11,B1_3,0.901,0.941,0.848,0.871,0.894,0.901,1.0,0.906,0.89,0.945,0.903,0.904,0.931,0.953,0.956,0.893
11,A2_1,0.968,0.911,0.909,0.963,0.912,0.867,0.906,1.0,0.953,0.939,0.913,0.962,0.867,0.888,0.945,0.918
11,A2_2,0.956,0.899,0.947,0.971,0.962,0.944,0.89,0.953,1.0,0.938,0.922,0.989,0.928,0.906,0.963,0.954
11,A2_3,0.964,0.942,0.938,0.937,0.929,0.937,0.945,0.939,0.938,1.0,0.931,0.932,0.946,0.952,0.949,0.937
11,B2_1,0.905,0.967,0.937,0.908,0.908,0.885,0.903,0.913,0.922,0.931,1.0,0.926,0.892,0.955,0.898,0.935
11,B2_2,0.956,0.918,0.936,0.976,0.961,0.935,0.904,0.962,0.989,0.932,0.926,1.0,0.91,0.913,0.975,0.969
11,B2_3,0.919,0.903,0.919,0.901,0.954,0.954,0.931,0.867,0.928,0.946,0.892,0.91,1.0,0.954,0.934,0.918
11,y1,0.914,0.956,0.927,0.893,0.924,0.923,0.953,0.888,0.906,0.952,0.955,0.913,0.954,1.0,0.917,0.922
11,y2,0.951,0.923,0.901,0.952,0.95,0.947,0.956,0.945,0.963,0.949,0.898,0.975,0.934,0.917,1.0,0.956
11,y3,0.947,0.92,0.947,0.966,0.977,0.955,0.893,0.918,0.954,0.937,0.935,0.969,0.918,0.922,0.956,1.0
12,.,1.0,0.915,0.955,0.98,0.943,0.927,0.9,0.968,0.955,0.965,0.907,0.955,0.918,0.913,0.95,0.947
12,A1_1,0.915,1.0,0.906,0.894,0.887,0.879,0.94,0.913,0.9,0.942,0.967,0.919,0.903,0.955,0.923,0.92
12,A1_2,0.955,0.906,1.0,0.968,0.948,0.918,0.848,0.91,0.947,0.938,0.938,0.936,0.918,0.926,0.901,0.947
12,A1_3,0.98,0.894,0.968,1.0,0.964,0.919,0.87,0.963,0.971,0.938,0.91,0.975,0.9,0.892,0.951,0.966
12,B1_1,0.943,0.887,0.948,0.964,1.0,0.958,0.894,0.912,0.962,0.929,0.909,0.961,0.955,0.924,0.951,0.977
12,B1_2,0.927,0.879,0.918,0.919,0.958,1.0,0.901,0.866,0.944,0.936,0.888,0.935,0.955,0.923,0.947,0.955
12,B1_3,0.9,0.94,0.848,0.87,0.894,0.901,1.0,0.904,0.89,0.944,0.903,0.905,0.931,0.953,0.956,0.893
12,A2_1,0.968,0.913,0.91,0.963,0.912,0.866,0.904,1.0,0.952,0.94,0.914,0.961,0.866,0.887,0.944,0.918
12,A2_2,0.955,0.9,0.947,0.971,0.962,0.944,0.89,0.952,1.0,0.938,0.924,0.989,0.928,0.906,0.963,0.953
12,A2_3,0.965,0.942,0.938,0.938,0.929,0.936,0.944,0.94,0.938,1.0,0.933,0.932,0.945,0.951,0.948,0.937
12,B2_1,0.907,0.967,0.938,0.91,0.909,0.888,0.903,0.914,0.924,0.933,1.0,0.928,0.894,0.955,0.9,0.936
12,B2_2,0.955,0.919,0.936,0.975,0.961,0.935,0.905,0.961,0.989,0.932,0.928,1.0,0.911,0.913,0.975,0.969
12,B2_3,0.918,0.903,0.918,0.9,0.955,0.955,0.931,0.866,0.928,0.945,0.894,0.911,1.0,0.954,0.935,0.918
12,y1,0.913,0.955,0.926,0.892,0.924,0.923,0.953,0.887,0.906,0.951,0.955,0.913,0.954,1.0,0.917,0.922
12,y2,0.95,0.923,0.901,0.951,0.951,0.947,0.956,0.944,0.963,0.948,0.9,0.975,0.935,0.917,1.0,0.956
12,y3,0.947,0.92,0.947,0.966,0.977,0.955,0.893,0.918,0.953,0.937,0.936,0.969,0.918,0.922,0.956,1.0
13,.,1.0,0.916,0.955,0.979,0.942,0.925,0.899,0.968,0.953,0.966,0.908,0.954,0.916,0.912,0.948,0.946
13,A1_1,0.916,1.0,0.906,0.895,0.888,0.878,0.939,0.914,0.901,0.942,0.967,0.919,0.901,0.954,0.923,0.92
13,A1_2,0.955,0.906,1.0,0.968,0.948,0.916,0.846,0.911,0.947,0.939,0.939,0.936,0.916,0.925,0.901,0.947
13,A1_3,0.979,0.895,0.968,1.0,0.963,0.917,0.868,0.963,0.97,0.938,0.911,0.974,0.899,0.89,0.95,0.966
13,B1_1,0.942,0.888,0.948,0.963,1.0,0.958,0.894,0.911,0.963,0.929,0.911,0.962,0.955,0.925,0.952,0.977
13,B1_2,0.925,0.878,0.916,0.917,0.958,1.0,0.901,0.864,0.944,0.934,0.889,0.935,0.956,0.922,0.947,0.954
13,B1_3,0.899,0.939,0.846,0.868,0.894,0.901,1.0,0.903,0.889,0.942,0.903,0.904,0.932,0.953,0.956,0.891
13,A2_1,0.968,0.914,0.911,0.963,0.911,0.864,0.903,1.0,0.951,0.941,0.915,0.961,0.864,0.886,0.942,0.917
13,A2_2,0.953,0.901,0.947,0.97,0.963,0.944,0.889,0.951,1.0,0.937,0.925,0.989,0.928,0.905,0.963,0.953
13,A2_3,0.966,0.942,0.939,0.938,0.929,0.934,0.942,0.941,0.937,1.0,0.934,0.932,0.943,0.949,0.947,0.937
13,B2_1,0.908,0.967,0.939,0.911,0.911,0.889,0.903,0.915,0.925,0.934,1.0,0.929,0.895,0.955,0.901,0.936
13,B2_2,0.954,0.919,0.936,0.974,0.962,0.935,0.904,0.961,0.989,0.932,0.929,1.0,0.911,0.912,0.975,0.968
13,B2_3,0.916,0.901,0.916,0.899,0.955,0.956,0.932,0.864,0.928,0.943,0.895,0.911,1.0,0.954,0.935,0.917
13,y1,0.912,0.954,0.925,0.89,0.925,0.922,0.953,0.886,0.905,0.949,0.955,0.912,0.954,1.0,0.917,0.921
13,y2,0.948,0.923,0.901,0.95,0.952,0.947,0.956,0.942,0.963,0.947,0.901,0.975,0.935,0.917,1.0,0.956
13,y3,0.946,0.92,0.947,0.966,0.977,0.954,0.891,0.917,0.953,0.937,0.936,0.968,0.917,0.921,0.956,1.0
14,.,1.0,0.916,0.955,0.979,0.94,0.923,0.897,0.968,0.951,0.967,0.908,0.952,0.913,0.91,0.947,0.946
14,A1_1,0.916,1.0,0.906,0.896,0.888,0.877,0.938,0.915,0.901,0.942,0.967,0.919,0.9,0.953,0.923,0.919
14,A1_2,0.955,0.906,1.0,0.968,0.947,0.915,0.844,0.912,0.947,0.939,0.939,0.936,0.914,0.923,0.9,0.947
14,A1_3,0.979,0.896,0.968,1.0,0.962,0.915,0.866,0.963,0.969,0.938,0.912,0.974,0.896,0.889,0.949,0.965
14,B1_1,0.94,0.888,0.947,0.962,1.0,0.958,0.894,0.91,0.963,0.929,0.912,0.962,0.955,0.925,0.952,0.977
14,B1_2,0.923,0.877,0.915,0.915,0.958,1.0,0.901,0.863,0.944,0.932,0.891,0.934,0.956,0.922,0.947,0.953
14,B1_3,0.897,0.938,0.844,0.866,0.894,0.901,1.0,0.901,0.888,0.94,0.902,0.904,0.932,0.953,0.956,0.89
14,A2_1,0.968,0.915,0.912,0.963,0.91,0.863,0.901,1.0,0.95,0.942,0.915,0.96,0.862,0.884,0.941,0.917
14,A2_2,0.951,0.901,0.947,0.969,0.963,0.944,0.888,0.95,1.0,0.937,0.927,0.989,0.928,0.904,0.963,0.952
14,A2_3,0.967,0.942,0.939,0.938,0.929,0.932,0.94,0.942,0.937,1.0,0.934,0.931,0.941,0.947,0.946,0.936
14,B2_1,0.908,0.967,0.939,0.912,0.912,0.891,0.902,0.915,0.927,0.934,1.0,0.93,0.895,0.955,0.902,0.937
14,B2_2,0.952,0.919,0.936,0.974,0.962,0.934,0.904,0.96,0.989,0.931,0.93,1.0,0.911,0.912,0.975,0.968
14,B2_3,0.913,0.9,0.914,0.896,0.955,0.956,0.932,0.862,0.928,0.941,0.895,0.911,1.0,0.954,0.935,0.917
14,y1,0.91,0.953,0.923,0.889,0.925,0.922,0.953,0.884,0.904,0.947,0.955,0.912,0.954,1.0,0.917,0.92
14,y2,0.947,0.923,0.9,0.949,0.952,0.947,0.956,0.941,0.963,0.946,0.902,0.975,0.935,0.917,1.0,0.955
14,y3,0.946,0.919,0.947,0.965,0.977,0.953,0.89,0.917,0.952,0.936,0.937,0.968,0.917,0.92,0.955,1.0
15,.,1.0,0.916,0.955,0.978,0.939,0.92,0.894,0.968,0.949,0.967,0.908,0.95,0.91,0.908,0.945,0.945
15,A1_1,0.916,1.0,0.906,0.896,0.888,0.876,0.936,0.915,0.901,0.942,0.967,0.92,0.898,0.952,0.922,0.919
15,A1_2,0.955,0.906,1.0,0.969,0.947,0.913,0.841,0.912,0.947,0.939,0.94,0.936,0.912,0.921,0.899,0.946
15,A1_3,0.978,0.896,0.969,1.0,0.961,0.912,0.864,0.964,0.968,0.939,0.912,0.973,0.893,0.886,0.947,0.964
15,B1_1,0.939,0.888,0.947,0.961,1.0,0.958,0.894,0.909,0.963,0.929,0.913,0.962,0.955,0.925,0.952,0.977
15,B1_2,0.92,0.876,0.913,0.912,0.958,1.0,0.901,0.861,0.943,0.93,0.892,0.934,0.957,0.921,0.947,0.952
15,B1_3,0.894,0.936,0.841,0.864,0.894,0.901,1.0,0.898,0.887,0.938,0.901,0.903,0.932,0.953,0.956,0.889
15,A2_1,0.968,0.915,0.912,0.964,0.909,0.861,0.898,1.0,0.949,0.942,0.915,0.959,0.86,0.882,0.939,0.916
15,A2_2,0.949,0.901,0.947,0.968,0.963,0.943,0.887,0.949,1.0,0.936,0.928,0.989,0.927,0.903,0.962,0.951
15,A2_3,0.967,0.942,0.939,0.939,0.929,0.93,0.938,0.942,0.936,1.0,0.934,0.931,0.939,0.945,0.945,0.936
15,B2_1,0.908,0.967,0.94,0.912,0.913,0.892,0.901,0.915,0.928,0.934,1.0,0.931,0.896,0.954,0.903,0.937
15,B2_2,0.95,0.92,0.936,0.973,0.962,0.934,0.903,0.959,0.989,0.931,0.931,1.0,0.911,0.911,0.975,0.967
15,B2_3,0.91,0.898,0.912,0.893,0.955,0.957,0.932,0.86,0.927,0.939,0.896,0.911,1.0,0.954,0.935,0.916
15,y1,0.908,0.952,0.921,0.886,0.925,0.921,0.953,0.882,0.903,0.945,0.954,0.911,0.954,1.0,0.917,0.919
15,y2,0.945,0.922,0.899,0.947,0.952,0.947,0.956,0.939,0.962,0.945,0.903,0.975,0.935,0.917,1.0,0.955
15,y3,0.945,0.919,0.946,0.964,0.977,0.952,0.889,0.916,0.951,0.936,0.937,0.967,0.916,0.919,0.955,1.0
16,.,1.0,0.916,0.955,0.978,0.937,0.917,0.891,0.967,0.947,0.968,0.908,0.948,0.907,0.906,0.942,0.943
16,A1_1,0.916,1.0,0.905,0.896,0.888,0.874,0.934,0.916,0.901,0.942,0.967,0.92,0.896,0.95,0.922,0.918
16,A1_2,0.955,0.905,1.0,0.969,0.946,0.91,0.838,0.913,0.946,0.94,0.939,0.935,0.909,0.918,0.898,0.946
16,A1_3,0.978,0.896,0.969,1.0,0.96,0.91,0.861,0.964,0.967,0.939,0.912,0.972,0.89,0.884,0.946,0.963
16,B1_1,0.937,0.888,0.946,0.96,1.0,0.958,0.894,0.908,0.962,0.928,0.914,0.962,0.955,0.924,0.953,0.977
16,B1_2,0.917,0.874,0.91,0.91,0.958,1.0,0.901,0.859,0.943,0.928,0.893,0.933,0.957,0.921,0.947,0.951
16,B1_3,0.891,0.934,0.838,0.861,0.894,0.901,1.0,0.895,0.886,0.935,0.901,0.902,0.932,0.952,0.956,0.887
16,A2_1,0.967,0.916,0.913,0.964,0.908,0.859,0.895,1.0,0.948,0.943,0.915,0.958,0.857,0.879,0.937,0.915
16,A2_2,0.947,0.901,0.946,0.967,0.962,0.943,0.886,0.948,1.0,0.935,0.93,0.989,0.926,0.902,0.962,0.95
16,A2_3,0.968,0.942,0.94,0.939,0.928,0.928,0.935,0.943,0.935,1.0,0.935,0.93,0.936,0.943,0.943,0.935
16,B2_1,0.908,0.967,0.939,0.912,0.914,0.893,0.901,0.915,0.93,0.935,1.0,0.932,0.896,0.954,0.904,0.937
16,B2_2,0.948,0.92,0.935,0.972,0.962,0.933,0.902,0.958,0.989,0.93,0.932,1.0,0.91,0.91,0.975,0.966
16,B2_3,0.907,0.896,0.909,0.89,0.955,0.957,0.932,0.857,0.926,0.936,0.896,0.91,1.0,0.953,0.935,0.915
16,y1,0.906,0.95,0.918,0.884,0.924,0.921,0.952,0.879,0.902,0.943,0.954,0.91,0.953,1.0,0.916,0.918
16,y2,0.942,0.922,0.898,0.946,0.953,0.947,0.956,0.937,0.962,0.943,0.904,0.975,0.935,0.916,1.0,0.954
16,y3,0.943,0.918,0.946,0.963,0.977,0.951,0.887,0.915,0.95,0.935,0.937,0.966,0.915,0.918,0.954,1.0
17,.,1.0,0.916,0.955,0.977,0.935,0.914,0.888,0.967,0.944,0.968,0.907,0.946,0.903,0.903,0.94,0.942
17,A1_1,0.916,1.0,0.905,0.896,0.887,0.872,0.932,0.916,0.901,0.941,0.967,0.92,0.894,0.948,0.921,0.918
17,A1_2,0.955,0.905,1.0,0.969,0.945,0.908,0.835,0.913,0.946,0.94,0.939,0.934,0.905,0.915,0.896,0.945
17,A1_3,0.977,0.896,0.969,1.0,0.958,0.906,0.857,0.964,0.966,0.939,0.912,0.971,0.887,0.881,0.944,0.962
17,B1_1,0.935,0.887,0.945,0.958,1.0,0.958,0.893,0.907,0.962,0.927,0.915,0.962,0.955,0.924,0.953,0.977
17,B1_2,0.914,0.872,0.908,0.906,0.958,1.0,0.901,0.856,0.942,0.926,0.893,0.932,0.957,0.92,0.947,0.95
17,B1_3,0.888,0.932,0.835,0.857,0.893,0.901,1.0,0.892,0.885,0.932,0.9,0.901,0.932,0.952,0.955,0.885
17,A2_1,0.967,0.916,0.913,0.964,0.907,0.856,0.892,1.0,0.947,0.943,0.914,0.957,0.854,0.877,0.935,0.913
17,A2_2,0.944,0.901,0.946,0.966,0.962,0.942,0.885,0.947,1.0,0.935,0.931,0.989,0.925,0.901,0.961,0.949
17,A2_3,0.968,0.941,0.94,0.939,0.927,0.926,0.932,0.943,0.935,1.0,0.934,0.929,0.933,0.941,0.942,0.934
17,B2_1,0.907,0.967,0.939,0.912,0.915,0.893,0.9,0.914,0.931,0.934,1.0,0.933,0.896,0.953,0.904,0.937
17,B2_2,0.946,0.92,0.934,0.971,0.962,0.932,0.901,0.957,0.989,0.929,0.933,1.0,0.909,0.908,0.975,0.966
17,B2_3,0.903,0.894,0.905,0.887,0.955,0.957,0.932,0.854,0.925,0.933,0.896,0.909,1.0,0.953,0.935,0.913
17,y1,0.903,0.948,0.915,0.881,0.924,0.92,0.952,0.877,0.901,0.941,0.953,0.908,0.953,1.0,0.916,0.917
17,y2,0.94,0.921,0.896,0.944,0.953,0.947,0.955,0.935,0.961,0.942,0.904,0.975,0.935,0.916,1.0,0.954
17,y3,0.942,0.918,0.945,0.962,0.977,0.95,0.885,0.913,0.949,0.934,0.937,0.966,0.913,0.917,0.954,1.0
18,.,1.0,0.916,0.955,0.977,0.932,0.91,0.884,0.967,0.941,0.968,0.906,0.944,0.898,0.899,0.937,0.94
18,A1_1,0.916,1.0,0.904,0.895,0.886,0.87,0.93,0.916,0.9,0.941,0.967,0.919,0.891,0.946,0.92,0.917
18,A1_2,0.955,0.904,1.0,0.969,0.943,0.904,0.83,0.913,0.945,0.94,0.938,0.933,0.901,0.912,0.894,0.944
18,A1_3,0.977,0.895,0.969,1.0,0.956,0.903,0.853,0.964,0.964,0.939,0.911,0.969,0.882,0.877,0.941,0.961
18,B1_1,0.932,0.886,0.943,0.956,1.0,0.958,0.892,0.905,0.962,0.926,0.915,0.962,0.954,0.923,0.953,0.976
18,B1_2,0.91,0.87,0.904,0.903,0.958,1.0,0.901,0.853,0.941,0.923,0.894,0.931,0.957,0.919,0.946,0.948
18,B1_3,0.884,0.93,0.83,0.853,0.892,0.901,1.0,0.888,0.883,0.928,0.898,0.9,0.932,0.951,0.955,0.883
18,A2_1,0.967,0.916,0.913,0.964,0.905,0.853,0.888,1.0,0.945,0.943,0.913,0.956,0.85,0.873,0.933,0.912
18,A2_2,0.941,0.9,0.945,0.964,0.962,0.941,0.883,0.945,1.0,0.933,0.932,0.989,0.924,0.899,0.96,0.948
18,A2_3,0.968,0.941,0.94,0.939,0.926,0.923,0.928,0.943,0.933,1.0,0.934,0.928,0.929,0.938,0.94,0.933
18,B2_1,0.906,0.967,0.938,0.911,0.915,0.894,0.898,0.913,0.932,0.934,1.0,0.933,0.895,0.952,0.904,0.937
18,B2_2,0.944,0.919,0.933,0.969,0.962,0.931,0.9,0.956,0.989,0.928,0.933,1.0,0.908,0.907,0.974,0.965
18,B2_3,0.898,0.891,0.901,0.882,0.954,0.957,0.932,0.85,0.924,0.929,0.895,0.908,1.0,0.952,0.935,0.912
18,y1,0.899,0.946,0.912,0.877,0.923,0.919,0.951,0.873,0.899,0.938,0.952,0.907,0.952,1.0,0.915,0.915
18,y2,0.937,0.92,0.894,0.941,0.953,0.946,0.955,0.933,0.96,0.94,0.904,0.974,0.935,0.915,1.0,0.953
18,y3,0.94,0.917,0.944,0.961,0.976,0.948,0.883,0.912,0.948,0.933,0.937,0.965,0.912,0.915,0.953,1.0
19,.,1.0,0.915,0.954,0.976,0.929,0.905,0.879,0.966,0.939,0.969,0.905,0.941,0.893,0.895,0.934,0.938
19,A1_1,0.915,1.0,0.903,0.895,0.885,0.867,0.927,0.917,0.9,0.941,0.966,0.919,0.889,0.944,0.919,0.915
19,A1_2,0.954,0.903,1.0,0.969,0.941,0.901,0.825,0.914,0.944,0.94,0.937,0.932,0.897,0.908,0.892,0.943
19,A1_3,0.976,0.895,0.969,1.0,0.954,0.898,0.848,0.964,0.963,0.94,0.91,0.968,0.878,0.873,0.939,0.96
19,B1_1,0.929,0.885,0.941,0.954,1.0,0.957,0.891,0.903,0.961,0.924,0.915,0.962,0.954,0.923,0.953,0.976
19,B1_2,0.905,0.867,0.901,0.898,0.957,1.0,0.9,0.849,0.94,0.92,0.894,0.93,0.957,0.917,0.946,0.947
19,B1_3,0.879,0.927,0.825,0.848,0.891,0.9,1.0,0.884,0.882,0.924,0.897,0.898,0.932,0.951,0.954,0.881
19,A2_1,0.966,0.917,0.914,0.964,0.903,0.849,0.884,1.0,0.944,0.944,0.912,0.954,0.845,0.87,0.931,0.91
19,A2_2,0.939,0.9,0.944,0.963,0.961,0.94,0.882,0.944,1.0,0.932,0.932,0.989,0.922,0.897,0.96,0.947
19,A2_3,0.969,0.941,0.94,0.94,0.924,0.92,0.924,0.944,0.932,1.0,0.933,0.927,0.926,0.934,0.938,0.932
19,B2_1,0.905,0.966,0.937,0.91,0.915,0.894,0.897,0.912,0.932,0.933,1.0,0.934,0.895,0.951,0.905,0.936
19,B2_2,0.941,0.919,0.932,0.968,0.962,0.93,0.898,0.954,0.989,0.927,0.934,1.0,0.907,0.905,0.974,0.964
19,B2_3,0.893,0.889,0.897,0.878,0.954,0.957,0.932,0.845,0.922,0.926,0.895,0.907,1.0,0.952,0.935,0.91
19,y1,0.895,0.944,0.908,0.873,0.923,0.917,0.951,0.87,0.897,0.934,0.951,0.905,0.952,1.0,0.914,0.913
19,y2,0.934,0.919,0.892,0.939,0.953,0.946,0.954,0.931,0.96,0.938,0.905,0.974,0.935,0.914,1.0,0.952
19,y3,0.938,0.915,0.943,0.96,0.976,0.947,0.881,0.91,0.947,0.932,0.936,0.964,0.91,0.913,0.952,1.0
20,.,1.0,0.914,0.953,0.975,0.926,0.9,0.874,0.966,0.935,0.969,0.902,0.937,0.887,0.89,0.93,0.936
20,A1_1,0.914,1.0,0.902,0.894,0.884,0.863,0.924,0.917,0.899,0.94,0.966,0.918,0.885,0.941,0.917,0.914
20,A1_2,0.953,0.902,1.0,0.969,0.939,0.896,0.82,0.914,0.943,0.94,0.936,0.93,0.891,0.904,0.889,0.941
20,A1_3,0.975,0.894,0.969,1.0,0.952,0.894,0.842,0.964,0.961,0.94,0.908,0.966,0.872,0.868,0.936,0.958
20,B1_1,0.926,0.884,0.939,0.952,1.0,0.957,0.89,0.901,0.961,0.923,0.915,0.961,0.953,0.922,0.953,0.976
20,B1_2,0.9,0.863,0.896,0.894,0.957,1.0,0.899,0.845,0.939,0.916,0.894,0.929,0.957,0.916,0.945,0.945
20,B1_3,0.874,0.924,0.82,0.842,0.89,0.899,1.0,0.879,0.879,0.92,0.895,0.897,0.931,0.95,0.954,0.878
20,A2_1,0.966,0.917,0.914,0.964,0.901,0.845,0.879,1.0,0.943,0.944,0.911,0.953,0.84,0.865,0.928,0.908
20,A2_2,0.935,0.899,0.943,0.961,0.961,0.939,0.879,0.943,1.0,0.931,0.933,0.989,0.92,0.894,0.959,0.946
20,A2_3,0.969,0.94,0.94,0.94,0.923,0.916,0.92,0.944,0.931,1.0,0.932,0.925,0.921,0.931,0.935,0.931
20,B2_1,0.902,0.966,0.936,0.908,0.915,0.894,0.895,0.911,0.933,0.932,1.0,0.934,0.894,0.949,0.904,0.936
20,B2_2,0.937,0.918,0.93,0.966,0.961,0.929,0.897,0.953,0.989,0.925,0.934,1.0,0.906,0.903,0.973,0.962
20,B2_3,0.887,0.885,0.891,0.872,0.953,0.957,0.931,0.84,0.92,0.921,0.894,0.906,1.0,0.951,0.934,0.908
20,y1,0.89,0.941,0.904,0.868,0.922,0.916,0.95,0.865,0.894,0.931,0.949,0.903,0.951,1.0,0.913,0.911
20,y2,0.93,0.917,0.889,0.936,0.953,0.945,0.954,0.928,0.959,0.935,0.904,0.973,0.934,0.913,1.0,0.951
20,y3,0.936,0.914,0.941,0.958,0.976,0.945,0.878,0.908,0.946,0.931,0.936,0.962,0.908,0.911,0.951,1.0
21,.,1.0,0.913,0.953,0.974,0.922,0.894,0.867,0.965,0.931,0.969,0.899,0.934,0.881,0.885,0.925,0.934
21,A1_1,0.913,1.0,0.901,0.893,0.882,0.86,0.921,0.917,0.898,0.939,0.965,0.917,0.881,0.938,0.916,0.913
21,A1_2,0.953,0.901,1.0,0.969,0.936,0.891,0.813,0.914,0.941,0.939,0.934,0.928,0.885,0.899,0.886,0.939
21,A1_3,0.974,0.893,0.969,1.0,0.949,0.888,0.836,0.964,0.959,0.939,0.906,0.964,0.866,0.863,0.932,0.956
21,B1_1,0.922,0.882,0.936,0.949,1.0,0.956,0.889,0.898,0.96,0.921,0.915,0.961,0.952,0.921,0.953,0.975
21,B1_2,0.894,0.86,0.891,0.888,0.956,1.0,0.898,0.84,0.937,0.912,0.893,0.927,0.957,0.914,0.944,0.943
21,B1_3,0.867,0.921,0.813,0.836,0.889,0.898,1.0,0.874,0.877,0.915,0.893,0.894,0.931,0.949,0.953,0.875
21,A2_1,0.965,0.917,0.914,0.964,0.898,0.84,0.874,1.0,0.941,0.944,0.909,0.951,0.835,0.86,0.925,0.906
21,A2_2,0.931,0.898,0.941,0.959,0.96,0.937,0.877,0.941,1.0,0.929,0.934,0.989,0.918,0.892,0.957,0.944
21,A2_3,0.969,0.939,0.939,0.939,0.921,0.912,0.915,0.944,0.929,1.0,0.931,0.924,0.916,0.927,0.933,0.929
21,B2_1,0.899,0.965,0.934,0.906,0.915,0.893,0.893,0.909,0.934,0.931,1.0,0.934,0.893,0.948,0.904,0.935
21,B2_2,0.934,0.917,0.928,0.964,0.961,0.927,0.894,0.951,0.989,0.924,0.934,1.0,0.904,0.9,0.973,0.961
21,B2_3,0.881,0.881,0.885,0.866,0.952,0.957,0.931,0.835,0.918,0.916,0.893,0.904,1.0,0.95,0.933,0.905
21,y1,0.885,0.938,0.899,0.863,0.921,0.914,0.949,0.86,0.892,0.927,0.948,0.9,0.95,1.0,0.912,0.909
21,y2,0.925,0.916,0.886,0.932,0.953,0.944,0.953,0.925,0.957,0.933,0.904,0.973,0.933,0.912,1.0,0.95
21,y3,0.934,0.913,0.939,0.956,0.975,0.943,0.875,0.906,0.944,0.929,0.935,0.961,0.905,0.909,0.95,1.0
22,.,1.0,0.912,0.952,0.973,0.917,0.887,0.86,0.964,0.927,0.969,0.896,0.929,0.873,0.879,0.92,0.931
22,A1_1,0.912,1.0,0.899,0.892,0.88,0.855,0.917,0.916,0.897,0.939,0.964,0.916,0.876,0.935,0.913,0.911
22,A1_2,0.952,0.899,1.0,0.969,0.933,0.885,0.806,0.913,0.939,0.939,0.932,0.926,0.878,0.893,0.882,0.937
22,A1_3,0.973,0.892,0.969,1.0,0.946,0.882,0.829,0.964,0.957,0.939,0.904,0.962,0.858,0.857,0.928,0.954
22,B1_1,0.917,0.88,0.933,0.946,1.0,0.956,0.887,0.895,0.959,0.919,0.915,0.96,0.952,0.919,0.952,0.974
22,B1_2,0.887,0.855,0.885,0.882,0.956,1.0,0.897,0.835,0.935,0.907,0.893,0.925,0.957,0.912,0.943,0.94
22,B1_3,0.86,0.917,0.806,0.829,0.887,0.897,1.0,0.867,0.874,0.909,0.891,0.892,0.93,0.948,0.952,0.871
22,A2_1,0.964,0.916,0.913,0.964,0.895,0.835,0.867,1.0,0.939,0.944,0.907,0.949,0.828,0.855,0.921,0.904
22,A2_2,0.927,0.897,0.939,0.957,0.959,0.935,0.874,0.939,1.0,0.928,0.934,0.989,0.916,0.888,0.956,0.942
22,A2_3,0.969,0.939,0.939,0.939,0.919,0.907,0.909,0.944,0.928,1.0,0.929,0.922,0.911,0.922,0.93,0.927
22,B2_1,0.896,0.964,0.932,0.904,0.915,0.893,0.891,0.907,0.934,0.929,1.0,0.934,0.891,0.946,0.904,0.934
22,B2_2,0.929,0.916,0.926,0.962,0.96,0.925,0.892,0.949,0.989,0.922,0.934,1.0,0.902,0.898,0.972,0.96
22,B2_3,0.873,0.876,0.878,0.858,0.952,0.957,0.93,0.828,0.916,0.911,0.891,0.902,1.0,0.949,0.932,0.902
22,y1,0.879,0.935,0.893,0.857,0.919,0.912,0.948,0.855,0.888,0.922,0.946,0.898,0.949,1.0,0.91,0.906
22,y2,0.92,0.913,0.882,0.928,0.952,0.943,0.952,0.921,0.956,0.93,0.904,0.972,0.932,0.91,1.0,0.949
22,y3,0.931,0.911,0.937,0.954,0.974,0.94,0.871,0.904,0.942,0.927,0.934,0.96,0.902,0.906,0.949,1.0
23,.,1.0,0.91,0.951,0.972,0.912,0.88,0.852,0.963,0.922,0.969,0.892,0.925,0.864,0.872,0.915,0.927
23,A1_1,0.91,1.0,0.898,0.891,0.877,0.85,0.912,0.916,0.896,0.938,0.962,0.915,0.871,0.931,0.911,0.909
23,A1_2,0.951,0.898,1.0,0.969,0.929,0.878,0.798,0.913,0.937,0.939,0.929,0.924,0.87,0.887,0.877,0.934
23,A1_3,0.972,0.891,0.969,1.0,0.942,0.875,0.821,0.964,0.955,0.939,0.901,0.959,0.85,0.85,0.924,0.951
23,B1_1,0.912,0.877,0.929,0.942,1.0,0.955,0.886,0.892,0.958,0.916,0.914,0.959,0.95,0.918,0.952,0.974
23,B1_2,0.88,0.85,0.878,0.875,0.955,1.0,0.896,0.829,0.933,0.902,0.892,0.923,0.956,0.91,0.942,0.938
23,B1_3,0.852,0.912,0.798,0.821,0.886,0.896,1.0,0.86,0.871,0.903,0.888,0.89,0.93,0.947,0.952,0.868
23,A2_1,0.963,0.916,0.913,0.964,0.892,0.829,0.86,1.0,0.938,0.944,0.905,0.947,0.821,0.849,0.918,0.901
23,A2_2,0.922,0.896,0.937,0.955,0.958,0.933,0.871,0.938,1.0,0.926,0.935,0.989,0.913,0.885,0.955,0.94
23,A2_3,0.969,0.938,0.939,0.939,0.916,0.902,0.903,0.944,0.926,1.0,0.927,0.92,0.904,0.917,0.926,0.925
23,B2_1,0.892,0.962,0.929,0.901,0.914,0.892,0.888,0.905,0.935,0.927,1.0,0.934,0.89,0.944,0.903,0.932
23,B2_2,0.925,0.915,0.924,0.959,0.959,0.923,0.89,0.947,0.989,0.92,0.934,1.0,0.9,0.895,0.972,0.958
23,B2_3,0.864,0.871,0.87,0.85,0.95,0.956,0.93,0.821,0.913,0.904,0.89,0.9,1.0,0.948,0.931,0.899
23,y1,0.872,0.931,0.887,0.85,0.918,0.91,0.947,0.849,0.885,0.917,0.944,0.895,0.948,1.0,0.909,0.904
23,y2,0.915,0.911,0.877,0.924,0.952,0.942,0.952,0.918,0.955,0.926,0.903,0.972,0.931,0.909,1.0,0.948
23,y3,0.927,0.909,0.934,0.951,0.974,0.938,0.868,0.901,0.94,0.925,0.932,0.958,0.899,0.904,0.948,1.0
24,.,1.0,0.908,0.949,0.971,0.906,0.871,0.843,0.962,0.917,0.968,0.887,0.92,0.854,0.864,0.909,0.923
24,A1_1,0.908,1.0,0.896,0.889,0.874,0.844,0.907,0.916,0.894,0.937,0.961,0.913,0.865,0.927,0.909,0.906
24,A1_2,0.949,0.896,1.0,0.969,0.925,0.871,0.789,0.913,0.935,0.938,0.926,0.921,0.862,0.88,0.873,0.932
24,A1_3,0.971,0.889,0.969,1.0,0.937,0.867,0.812,0.964,0.952,0.939,0.898,0.956,0.841,0.843,0.92,0.949
24,B1_1,0.906,0.874,0.925,0.937,1.0,0.954,0.884,0.888,0.957,0.913,0.914,0.959,0.949,0.916,0.952,0.973
24,B1_2,0.871,0.844,0.871,0.867,0.954,1.0,0.895,0.822,0.93,0.896,0.891,0.921,0.956,0.908,0.941,0.935
24,B1_3,0.843,0.907,0.789,0.812,0.884,0.895,1.0,0.853,0.867,0.896,0.886,0.887,0.93,0.946,0.951,0.864
24,A2_1,0.962,0.916,0.913,0.964,0.888,0.822,0.853,1.0,0.936,0.944,0.902,0.945,0.813,0.842,0.913,0.898
24,A2_2,0.917,0.894,0.935,0.952,0.957,0.93,0.867,0.936,1.0,0.923,0.935,0.989,0.909,0.881,0.953,0.938
24,A2_3,0.968,0.937,0.938,0.939,0.913,0.896,0.896,0.944,0.923,1.0,0.925,0.917,0.897,0.911,0.923,0.923
24,B2_1,0.887,0.961,0.926,0.898,0.914,0.891,0.886,0.902,0.935,0.925,1.0,0.934,0.888,0.942,0.903,0.931
24,B2_2,0.92,0.913,0.921,0.956,0.959,0.921,0.887,0.945,0.989,0.917,0.934,1.0,0.897,0.892,0.971,0.957
24,B2_3,0.854,0.865,0.862,0.841,0.949,0.956,0.93,0.813,0.909,0.897,0.888,0.897,1.0,0.946,0.93,0.895
24,y1,0.864,0.927,0.88,0.843,0.916,0.908,0.946,0.842,0.881,0.911,0.942,0.892,0.946,1.0,0.908,0.901
24,y2,0.909,0.909,0.873,0.92,0.952,0.941,0.951,0.913,0.953,0.923,0.903,0.971,0.93,0.908,1.0,0.947
24,y3,0.923,0.906,0.932,0.949,0.973,0.935,0.864,0.898,0.938,0.923,0.931,0.957,0.895,0.901,0.947,1.0
25,.,1.0,0.906,0.948,0.969,0.9,0.862,0.833,0.961,0.912,0.968,0.881,0.914,0.844,0.856,0.903,0.919
25,A1_1,0.906,1.0,0.894,0.888,0.871,0.838,0.901,0.916,0.893,0.937,0.959,0.912,0.858,0.922,0.906,0.904
25,A1_2,0.948,0.894,1.0,0.969,0.92,0.862,0.779,0.913,0.932,0.938,0.922,0.918,0.852,0.873,0.867,0.928
25,A1_3,0.969,0.888,0.969,1.0,0.933,0.858,0.802,0.964,0.949,0.939,0.894,0.953,0.831,0.835,0.915,0.945
25,B1_1,0.9,0.871,0.92,0.933,1.0,0.953,0.883,0.884,0.956,0.909,0.913,0.958,0.948,0.914,0.952,0.972
25,B1_2,0.862,0.838,0.862,0.858,0.953,1.0,0.894,0.815,0.927,0.889,0.889,0.918,0.955,0.905,0.939,0.932
25,B1_3,0.833,0.901,0.779,0.802,0.883,0.894,1.0,0.845,0.863,0.888,0.883,0.884,0.929,0.945,0.95,0.86
25,A2_1,0.961,0.916,0.913,0.964,0.884,0.815,0.845,1.0,0.934,0.944,0.899,0.942,0.804,0.835,0.909,0.895
25,A2_2,0.912,0.893,0.932,0.949,0.956,0.927,0.863,0.934,1.0,0.921,0.935,0.989,0.905,0.877,0.952,0.936
25,A2_3,0.968,0.937,0.938,0.939,0.909,0.889,0.888,0.944,0.921,1.0,0.922,0.915,0.889,0.905,0.919,0.92
25,B2_1,0.881,0.959,0.922,0.894,0.913,0.889,0.883,0.899,0.935,0.922,1.0,0.934,0.886,0.939,0.902,0.929
25,B2_2,0.914,0.912,0.918,0.953,0.958,0.918,0.884,0.942,0.989,0.915,0.934,1.0,0.894,0.889,0.97,0.955
25,B2_3,0.844,0.858,0.852,0.831,0.948,0.955,0.929,0.804,0.905,0.889,0.886,0.894,1.0,0.945,0.929,0.892
25,y1,0.856,0.922,0.873,0.835,0.914,0.905,0.945,0.835,0.877,0.905,0.939,0.889,0.945,1.0,0.906,0.897
25,y2,0.903,0.906,0.867,0.915,0.952,0.939,0.95,0.909,0.952,0.919,0.902,0.97,0.929,0.906,1.0,0.945
25,y3,0.919,0.904,0.928,0.945,0.972,0.932,0.86,0.895,0.936,0.92,0.929,0.955,0.892,0.897,0.945,1.0
