,,.,A1_1,A1_2,A1_3,B1_1,B1_2,B1_3,A2_1,A2_2,A2_3,B2_1,B2_2,B2_3,y1,y2,y3
1,.,1.0,-0.012,0.115,0.334,0.138,0.115,-0.065,0.274,-0.665,0.11,-0.342,-0.004,-0.168,-0.033,-0.075,0.138
1,A1_1,-0.012,1.0,0.109,-0.357,-0.07,-0.125,-0.028,-0.11,-0.081,0.422,0.323,-0.082,-0.231,0.479,-0.074,0.124
1,A1_2,0.115,0.109,1.0,0.389,-0.393,0.091,-0.379,-0.038,-0.338,0.282,0.474,0.086,-0.31,0.089,-0.664,-0.247
1,A1_3,0.334,-0.357,0.389,1.0,-0.152,0.028,-0.008,0.508,-0.367,0.076,-0.297,0.37,-0.195,-0.183,-0.169,-0.057
1,B1_1,0.138,-0.07,-0.393,-0.152,1.0,0.064,-0.003,-0.099,-0.091,-0.385,-0.172,-0.157,-0.133,-0.131,-0.113,0.269
1,B1_2,0.115,-0.125,0.091,0.028,0.064,1.0,-0.001,-0.12,-0.048,0.225,-0.132,0.113,-0.217,0.098,0.212,0.351
1,B1_3,-0.065,-0.028,-0.379,-0.008,-0.003,-0.001,1.0,0.356,0.033,0.3,-0.18,-0.225,0.05,0.18,0.443,-0.396
1,A2_1,0.274,-0.11,-0.038,0.508,-0.099,-0.12,0.356,1.0,-0.099,0.287,-0.329,0.496,-0.374,-0.249,0.049,-0.368
1,A2_2,-0.665,-0.081,-0.338,-0.367,-0.091,-0.048,0.033,-0.099,1.0,-0.263,0.18,0.443,-0.017,-0.194,0.473,-0.246
1,A2_3,0.11,0.422,0.282,0.076,-0.385,0.225,0.3,0.287,-0.263,1.0,0.02,-0.14,-0.306,0.195,-0.096,-0.18
1,B2_1,-0.342,0.323,0.474,-0.297,-0.172,-0.132,-0.18,-0.329,0.18,0.02,1.0,-0.097,-0.365,-0.087,-0.359,-0.226
1,B2_2,-0.004,-0.082,0.086,0.37,-0.157,0.113,-0.225,0.496,0.443,-0.14,-0.097,1.0,-0.494,-0.247,0.291,-0.095
1,B2_3,-0.168,-0.231,-0.31,-0.195,-0.133,-0.217,0.05,-0.374,-0.017,-0.306,-0.365,-0.494,1.0,0.151,0.135,0.008
1,y1,-0.033,0.479,0.089,-0.183,-0.131,0.098,0.18,-0.249,-0.194,0.195,-0.087,-0.247,0.151,1.0,0.017,0.24
1,y2,-0.075,-0.074,-0.664,-0.169,-0.113,0.212,0.443,0.049,0.473,-0.096,-0.359,0.291,0.135,0.017,1.0,0.068
1,y3,0.138,0.124,-0.247,-0.057,0.269,0.351,-0.396,-0.368,-0.246,-0.18,-0.226,-0.095,0.008,0.24,0.068,1.0
2,.,1.0,-0.011,0.115,0.334,0.137,0.114,-0.064,0.274,-0.666,0.113,-0.342,-0.006,-0.167,-0.032,-0.077,0.138
2,A1_1,-0.011,1.0,0.108,-0.358,-0.069,-0.124,-0.028,-0.11,-0.082,0.421,0.324,-0.081,-0.231,0.478,-0.074,0.124
2,A1_2,0.115,0.108,1.0,0.389,-0.393,0.09,-0.38,-0.038,-0.338,0.281,0.474,0.086,-0.311,0.089,-0.664,-0.247
2,A1_3,0.334,-0.358,0.389,1.0,-0.151,0.028,-0.009,0.508,-0.366,0.075,-0.297,0.371,-0.195,-0.184,-0.169,-0.058
2,B1_1,0.137,-0.069,-0.393,-0.151,1.0,0.066,-0.003,-0.098,-0.09,-0.386,-0.173,-0.157,-0.133,-0.13,-0.111,0.271
2,B1_2,0.114,-0.124,0.09,0.028,0.066,1.0,0.001,-0.12,-0.048,0.225,-0.131,0.115,-0.215,0.098,0.213,0.352
2,B1_3,-0.064,-0.028,-0.38,-0.009,-0.003,0.001,1.0,0.356,0.032,0.3,-0.181,-0.224,0.05,0.18,0.445,-0.395
2,A2_1,0.274,-0.11,-0.038,0.508,-0.098,-0.12,0.356,1.0,-0.098,0.287,-0.33,0.496,-0.374,-0.25,0.048,-0.369
2,A2_2,-0.666,-0.082,-0.338,-0.366,-0.09,-0.048,0.032,-0.098,1.0,-0.263,0.18,0.444,-0.016,-0.194,0.473,-0.246
2,A2_3,0.113,0.421,0.281,0.075,-0.386,0.225,0.3,0.287,-0.263,1.0,0.02,-0.14,-0.306,0.194,-0.096,-0.181
2,B2_1,-0.342,0.324,0.474,-0.297,-0.173,-0.131,-0.181,-0.33,0.18,0.02,1.0,-0.097,-0.366,-0.086,-0.358,-0.225
2,B2_2,-0.006,-0.081,0.086,0.371,-0.157,0.115,-0.224,0.496,0.444,-0.14,-0.097,1.0,-0.492,-0.247,0.292,-0.094
2,B2_3,-0.167,-0.231,-0.311,-0.195,-0.133,-0.215,0.05,-0.374,-0.016,-0.306,-0.366,-0.492,1.0,0.151,0.137,0.008
2,y1,-0.032,0.478,0.089,-0.184,-0.13,0.098,0.18,-0.25,-0.194,0.194,-0.086,-0.247,0.151,1.0,0.017,0.24
2,y2,-0.077,-0.074,-0.664,-0.169,-0.111,0.213,0.445,0.048,0.473,-0.096,-0.358,0.292,0.137,0.017,1.0,0.067
2,y3,0.138,0.124,-0.247,-0.058,0.271,0.352,-0.395,-0.369,-0.246,-0.181,-0.225,-0.094,0.008,0.24,0.067,1.0
3,.,1.0,-0.009,0.116,0.334,0.137,0.113,-0.062,0.275,-0.667,0.116,-0.341,-0.008,-0.167,-0.032,-0.079,0.138
3,A1_1,-0.009,1.0,0.107,-0.358,-0.068,-0.124,-0.028,-0.11,-0.082,0.42,0.325,-0.079,-0.231,0.478,-0.074,0.124
3,A1_2,0.116,0.107,1.0,0.389,-0.394,0.09,-0.381,-0.037,-0.338,0.281,0.474,0.086,-0.311,0.089,-0.663,-0.247
3,A1_3,0.334,-0.358,0.389,1.0,-0.151,0.028,-0.01,0.508,-0.365,0.075,-0.298,0.371,-0.195,-0.185,-0.17,-0.058
3,B1_1,0.137,-0.068,-0.394,-0.151,1.0,0.067,-0.003,-0.098,-0.09,-0.386,-0.174,-0.156,-0.133,-0.13,-0.109,0.272
3,B1_2,0.113,-0.124,0.09,0.028,0.067,1.0,0.002,-0.12,-0.048,0.225,-0.131,0.116,-0.213,0.099,0.214,0.352
3,B1_3,-0.062,-0.028,-0.381,-0.01,-0.003,0.002,1.0,0.355,0.032,0.299,-0.181,-0.223,0.051,0.18,0.446,-0.395
3,A2_1,0.275,-0.11,-0.037,0.508,-0.098,-0.12,0.355,1.0,-0.097,0.286,-0.33,0.496,-0.373,-0.251,0.047,-0.37
3,A2_2,-0.667,-0.082,-0.338,-0.365,-0.09,-0.048,0.032,-0.097,1.0,-0.264,0.18,0.444,-0.016,-0.195,0.473,-0.246
3,A2_3,0.116,0.42,0.281,0.075,-0.386,0.225,0.299,0.286,-0.264,1.0,0.02,-0.139,-0.306,0.193,-0.097,-0.182
3,B2_1,-0.341,0.325,0.474,-0.298,-0.174,-0.131,-0.181,-0.33,0.18,0.02,1.0,-0.098,-0.367,-0.086,-0.356,-0.224
3,B2_2,-0.008,-0.079,0.086,0.371,-0.156,0.116,-0.223,0.496,0.444,-0.139,-0.098,1.0,-0.489,-0.247,0.293,-0.093
3,B2_3,-0.167,-0.231,-0.311,-0.195,-0.133,-0.213,0.051,-0.373,-0.016,-0.306,-0.367,-0.489,1.0,0.152,0.139,0.009
3,y1,-0.032,0.478,0.089,-0.185,-0.13,0.099,0.18,-0.251,-0.195,0.193,-0.086,-0.247,0.152,1.0,0.018,0.24
3,y2,-0.079,-0.074,-0.663,-0.17,-0.109,0.214,0.446,0.047,0.473,-0.097,-0.356,0.293,0.139,0.018,1.0,0.067
3,y3,0.138,0.124,-0.247,-0.058,0.272,0.352,-0.395,-0.37,-0.246,-0.182,-0.224,-0.093,0.009,0.24,0.067,1.0
4,.,1.0,-0.007,0.116,0.334,0.136,0.112,-0.061,0.275,-0.668,0.118,-0.341,-0.01,-0.166,-0.032,-0.081,0.137
4,A1_1,-0.007,1.0,0.107,-0.359,-0.067,-0.124,-0.028,-0.111,-0.083,0.419,0.326,-0.078,-0.231,0.477,-0.074,0.124
4,A1_2,0.116,0.107,1.0,0.389,-0.394,0.089,-0.382,-0.037,-0.337,0.28,0.473,0.085,-0.312,0.088,-0.662,-0.247
4,A1_3,0.334,-0.359,0.389,1.0,-0.15,0.027,-0.01,0.509,-0.364,0.075,-0.298,0.371,-0.195,-0.186,-0.17,-0.059
4,B1_1,0.136,-0.067,-0.394,-0.15,1.0,0.068,-0.003,-0.097,-0.089,-0.385,-0.175,-0.155,-0.133,-0.129,-0.108,0.273
4,B1_2,0.112,-0.124,0.089,0.027,0.068,1.0,0.004,-0.12,-0.048,0.225,-0.13,0.117,-0.211,0.099,0.215,0.352
4,B1_3,-0.061,-0.028,-0.382,-0.01,-0.003,0.004,1.0,0.355,0.032,0.299,-0.182,-0.222,0.051,0.18,0.448,-0.394
4,A2_1,0.275,-0.111,-0.037,0.509,-0.097,-0.12,0.355,1.0,-0.096,0.286,-0.33,0.497,-0.373,-0.253,0.046,-0.371
4,A2_2,-0.668,-0.083,-0.337,-0.364,-0.089,-0.048,0.032,-0.096,1.0,-0.264,0.18,0.445,-0.016,-0.195,0.473,-0.246
4,A2_3,0.118,0.419,0.28,0.075,-0.385,0.225,0.299,0.286,-0.264,1.0,0.021,-0.138,-0.307,0.192,-0.097,-0.183
4,B2_1,-0.341,0.326,0.473,-0.298,-0.175,-0.13,-0.182,-0.33,0.18,0.021,1.0,-0.098,-0.368,-0.085,-0.355,-0.222
4,B2_2,-0.01,-0.078,0.085,0.371,-0.155,0.117,-0.222,0.497,0.445,-0.138,-0.098,1.0,-0.487,-0.247,0.294,-0.093
4,B2_3,-0.166,-0.231,-0.312,-0.195,-0.133,-0.211,0.051,-0.373,-0.016,-0.307,-0.368,-0.487,1.0,0.152,0.14,0.009
4,y1,-0.032,0.477,0.088,-0.186,-0.129,0.099,0.18,-0.253,-0.195,0.192,-0.085,-0.247,0.152,1.0,0.019,0.24
4,y2,-0.081,-0.074,-0.662,-0.17,-0.108,0.215,0.448,0.046,0.473,-0.097,-0.355,0.294,0.14,0.019,1.0,0.066
4,y3,0.137,0.124,-0.247,-0.059,0.273,0.352,-0.394,-0.371,-0.246,-0.183,-0.222,-0.093,0.009,0.24,0.066,1.0
5,.,1.0,-0.006,0.117,0.333,0.135,0.112,-0.059,0.275,-0.669,0.121,-0.341,-0.013,-0.166,-0.032,-0.083,0.137
5,A1_1,-0.006,1.0,0.106,-0.359,-0.066,-0.124,-0.028,-0.111,-0.083,0.419,0.327,-0.076,-0.231,0.477,-0.073,0.124
5,A1_2,0.117,0.106,1.0,0.389,-0.395,0.089,-0.383,-0.036,-0.337,0.28,0.473,0.085,-0.313,0.088,-0.662,-0.246
5,A1_3,0.333,-0.359,0.389,1.0,-0.15,0.027,-0.01,0.51,-0.362,0.075,-0.299,0.372,-0.195,-0.187,-0.171,-0.06
5,B1_1,0.135,-0.066,-0.395,-0.15,1.0,0.069,-0.003,-0.096,-0.089,-0.385,-0.177,-0.155,-0.133,-0.129,-0.106,0.274
5,B1_2,0.112,-0.124,0.089,0.027,0.069,1.0,0.005,-0.12,-0.048,0.224,-0.13,0.118,-0.21,0.099,0.216,0.353
5,B1_3,-0.059,-0.028,-0.383,-0.01,-0.003,0.005,1.0,0.354,0.032,0.299,-0.183,-0.22,0.052,0.181,0.449,-0.394
5,A2_1,0.275,-0.111,-0.036,0.51,-0.096,-0.12,0.354,1.0,-0.095,0.287,-0.33,0.497,-0.372,-0.254,0.044,-0.373
5,A2_2,-0.669,-0.083,-0.337,-0.362,-0.089,-0.048,0.032,-0.095,1.0,-0.264,0.18,0.446,-0.016,-0.196,0.472,-0.247
5,A2_3,0.121,0.419,0.28,0.075,-0.385,0.224,0.299,0.287,-0.264,1.0,0.021,-0.137,-0.307,0.191,-0.098,-0.184
5,B2_1,-0.341,0.327,0.473,-0.299,-0.177,-0.13,-0.183,-0.33,0.18,0.021,1.0,-0.099,-0.369,-0.084,-0.353,-0.221
5,B2_2,-0.013,-0.076,0.085,0.372,-0.155,0.118,-0.22,0.497,0.446,-0.137,-0.099,1.0,-0.485,-0.247,0.294,-0.093
5,B2_3,-0.166,-0.231,-0.313,-0.195,-0.133,-0.21,0.052,-0.372,-0.016,-0.307,-0.369,-0.485,1.0,0.152,0.142,0.01
5,y1,-0.032,0.477,0.088,-0.187,-0.129,0.099,0.181,-0.254,-0.196,0.191,-0.084,-0.247,0.152,1.0,0.02,0.24
5,y2,-0.083,-0.073,-0.662,-0.171,-0.106,0.216,0.449,0.044,0.472,-0.098,-0.353,0.294,0.142,0.02,1.0,0.066
5,y3,0.137,0.124,-0.246,-0.06,0.274,0.353,-0.394,-0.373,-0.247,-0.184,-0.221,-0.093,0.01,0.24,0.066,1.0
6,.,1.0,-0.004,0.117,0.333,0.135,0.111,-0.058,0.275,-0.67,0.124,-0.34,-0.015,-0.165,-0.032,-0.086,0.136
6,A1_1,-0.004,1.0,0.105,-0.36,-0.066,-0.124,-0.028,-0.111,-0.084,0.418,0.327,-0.075,-0.231,0.476,-0.073,0.124
6,A1_2,0.117,0.105,1.0,0.389,-0.396,0.088,-0.384,-0.036,-0.336,0.28,0.473,0.085,-0.314,0.088,-0.661,-0.246
6,A1_3,0.333,-0.36,0.389,1.0,-0.15,0.027,-0.011,0.51,-0.361,0.075,-0.299,0.372,-0.195,-0.188,-0.172,-0.062
6,B1_1,0.135,-0.066,-0.396,-0.15,1.0,0.069,-0.003,-0.095,-0.088,-0.385,-0.178,-0.155,-0.133,-0.129,-0.105,0.275
6,B1_2,0.111,-0.124,0.088,0.027,0.069,1.0,0.006,-0.119,-0.048,0.224,-0.129,0.119,-0.208,0.099,0.217,0.353
6,B1_3,-0.058,-0.028,-0.384,-0.011,-0.003,0.006,1.0,0.354,0.032,0.299,-0.183,-0.219,0.053,0.181,0.45,-0.394
6,A2_1,0.275,-0.111,-0.036,0.51,-0.095,-0.119,0.354,1.0,-0.094,0.287,-0.33,0.498,-0.371,-0.256,0.042,-0.375
6,A2_2,-0.67,-0.084,-0.336,-0.361,-0.088,-0.048,0.032,-0.094,1.0,-0.264,0.18,0.447,-0.015,-0.196,0.472,-0.247
6,A2_3,0.124,0.418,0.28,0.075,-0.385,0.224,0.299,0.287,-0.264,1.0,0.021,-0.136,-0.307,0.19,-0.098,-0.185
6,B2_1,-0.34,0.327,0.473,-0.299,-0.178,-0.129,-0.183,-0.33,0.18,0.021,1.0,-0.099,-0.37,-0.084,-0.352,-0.22
6,B2_2,-0.015,-0.075,0.085,0.372,-0.155,0.119,-0.219,0.498,0.447,-0.136,-0.099,1.0,-0.483,-0.247,0.294,-0.093
6,B2_3,-0.165,-0.231,-0.314,-0.195,-0.133,-0.208,0.053,-0.371,-0.015,-0.307,-0.37,-0.483,1.0,0.152,0.144,0.01
6,y1,-0.032,0.476,0.088,-0.188,-0.129,0.099,0.181,-0.256,-0.196,0.19,-0.084,-0.247,0.152,1.0,0.02,0.24
6,y2,-0.086,-0.073,-0.661,-0.172,-0.105,0.217,0.45,0.042,0.472,-0.098,-0.352,0.294,0.144,0.02,1.0,0.066
6,y3,0.136,0.124,-0.246,-0.062,0.275,0.353,-0.394,-0.375,-0.247,-0.185,-0.22,-0.093,0.01,0.24,0.066,1.0
7,.,1.0,-0.003,0.118,0.332,0.134,0.11,-0.057,0.274,-0.671,0.126,-0.339,-0.017,-0.164,-0.031,-0.088,0.136
7,A1_1,-0.003,1.0,0.104,-0.36,-0.065,-0.124,-0.028,-0.111,-0.084,0.417,0.328,-0.074,-0.232,0.476,-0.073,0.124
7,A1_2,0.118,0.104,1.0,0.39,-0.396,0.087,-0.385,-0.035,-0.336,0.279,0.472,0.085,-0.315,0.088,-0.66,-0.246
7,A1_3,0.332,-0.36,0.39,1.0,-0.149,0.026,-0.011,0.511,-0.36,0.075,-0.299,0.372,-0.195,-0.19,-0.173,-0.063
7,B1_1,0.134,-0.065,-0.396,-0.149,1.0,0.07,-0.003,-0.094,-0.088,-0.385,-0.18,-0.154,-0.133,-0.128,-0.103,0.276
7,B1_2,0.11,-0.124,0.087,0.026,0.07,1.0,0.007,-0.119,-0.048,0.224,-0.129,0.12,-0.206,0.1,0.218,0.353
7,B1_3,-0.057,-0.028,-0.385,-0.011,-0.003,0.007,1.0,0.354,0.031,0.299,-0.184,-0.217,0.054,0.181,0.452,-0.393
7,A2_1,0.274,-0.111,-0.035,0.511,-0.094,-0.119,0.354,1.0,-0.093,0.287,-0.33,0.499,-0.37,-0.257,0.04,-0.377
7,A2_2,-0.671,-0.084,-0.336,-0.36,-0.088,-0.048,0.031,-0.093,1.0,-0.265,0.18,0.447,-0.015,-0.197,0.472,-0.247
7,A2_3,0.126,0.417,0.279,0.075,-0.385,0.224,0.299,0.287,-0.265,1.0,0.021,-0.135,-0.307,0.188,-0.099,-0.186
7,B2_1,-0.339,0.328,0.472,-0.299,-0.18,-0.129,-0.184,-0.33,0.18,0.021,1.0,-0.1,-0.371,-0.083,-0.35,-0.219
7,B2_2,-0.017,-0.074,0.085,0.372,-0.154,0.12,-0.217,0.499,0.447,-0.135,-0.1,1.0,-0.482,-0.248,0.294,-0.093
7,B2_3,-0.164,-0.232,-0.315,-0.195,-0.133,-0.206,0.054,-0.37,-0.015,-0.307,-0.371,-0.482,1.0,0.152,0.145,0.011
7,y1,-0.031,0.476,0.088,-0.19,-0.128,0.1,0.181,-0.257,-0.197,0.188,-0.083,-0.248,0.152,1.0,0.022,0.241
7,y2,-0.088,-0.073,-0.66,-0.173,-0.103,0.218,0.452,0.04,0.472,-0.099,-0.35,0.294,0.145,0.022,1.0,0.065
7,y3,0.136,0.124,-0.246,-0.063,0.276,0.353,-0.393,-0.377,-0.247,-0.186,-0.219,-0.093,0.011,0.241,0.065,1.0
8,.,1.0,-0.001,0.119,0.332,0.134,0.11,-0.056,0.273,-0.672,0.128,-0.339,-0.02,-0.164,-0.032,-0.091,0.135
8,A1_1,-0.001,1.0,0.103,-0.36,-0.064,-0.124,-0.028,-0.111,-0.085,0.417,0.329,-0.073,-0.232,0.475,-0.073,0.124
8,A1_2,0.119,0.103,1.0,0.39,-0.397,0.087,-0.386,-0.035,-0.335,0.279,0.472,0.084,-0.316,0.088,-0.66,-0.246
8,A1_3,0.332,-0.36,0.39,1.0,-0.149,0.026,-0.012,0.512,-0.358,0.075,-0.3,0.373,-0.195,-0.191,-0.174,-0.064
8,B1_1,0.134,-0.064,-0.397,-0.149,1.0,0.071,-0.003,-0.093,-0.087,-0.385,-0.181,-0.154,-0.133,-0.128,-0.101,0.277
8,B1_2,0.11,-0.124,0.087,0.026,0.071,1.0,0.008,-0.119,-0.048,0.224,-0.129,0.121,-0.205,0.1,0.219,0.354
8,B1_3,-0.056,-0.028,-0.386,-0.012,-0.003,0.008,1.0,0.354,0.031,0.298,-0.184,-0.215,0.054,0.181,0.453,-0.393
8,A2_1,0.273,-0.111,-0.035,0.512,-0.093,-0.119,0.354,1.0,-0.092,0.287,-0.329,0.5,-0.369,-0.259,0.038,-0.379
8,A2_2,-0.672,-0.085,-0.335,-0.358,-0.087,-0.048,0.031,-0.092,1.0,-0.265,0.18,0.448,-0.015,-0.197,0.471,-0.248
8,A2_3,0.128,0.417,0.279,0.075,-0.385,0.224,0.298,0.287,-0.265,1.0,0.022,-0.134,-0.307,0.187,-0.1,-0.187
8,B2_1,-0.339,0.329,0.472,-0.3,-0.181,-0.129,-0.184,-0.329,0.18,0.022,1.0,-0.101,-0.372,-0.082,-0.348,-0.217
8,B2_2,-0.02,-0.073,0.084,0.373,-0.154,0.121,-0.215,0.5,0.448,-0.134,-0.101,1.0,-0.48,-0.248,0.294,-0.093
8,B2_3,-0.164,-0.232,-0.316,-0.195,-0.133,-0.205,0.054,-0.369,-0.015,-0.307,-0.372,-0.48,1.0,0.153,0.147,0.011
8,y1,-0.032,0.475,0.088,-0.191,-0.128,0.1,0.181,-0.259,-0.197,0.187,-0.082,-0.248,0.153,1.0,0.023,0.241
8,y2,-0.091,-0.073,-0.66,-0.174,-0.101,0.219,0.453,0.038,0.471,-0.1,-0.348,0.294,0.147,0.023,1.0,0.065
8,y3,0.135,0.124,-0.246,-0.064,0.277,0.354,-0.393,-0.379,-0.248,-0.187,-0.217,-0.093,0.011,0.241,0.065,1.0
9,.,1.0,-0.0,0.12,0.332,0.134,0.109,-0.056,0.272,-0.673,0.13,-0.338,-0.023,-0.163,-0.032,-0.094,0.134
9,A1_1,-0.0,1.0,0.103,-0.361,-0.064,-0.124,-0.028,-0.111,-0.085,0.416,0.33,-0.071,-0.232,0.474,-0.072,0.124
9,A1_2,0.12,0.103,1.0,0.39,-0.398,0.086,-0.386,-0.034,-0.335,0.279,0.471,0.084,-0.317,0.087,-0.659,-0.245
9,A1_3,0.332,-0.361,0.39,1.0,-0.149,0.026,-0.012,0.512,-0.357,0.075,-0.3,0.373,-0.195,-0.192,-0.175,-0.066
9,B1_1,0.134,-0.064,-0.398,-0.149,1.0,0.071,-0.003,-0.092,-0.087,-0.384,-0.183,-0.154,-0.134,-0.127,-0.1,0.278
9,B1_2,0.109,-0.124,0.086,0.026,0.071,1.0,0.01,-0.119,-0.048,0.224,-0.129,0.122,-0.204,0.1,0.22,0.354
9,B1_3,-0.056,-0.028,-0.386,-0.012,-0.003,0.01,1.0,0.354,0.031,0.298,-0.185,-0.214,0.055,0.181,0.454,-0.392
9,A2_1,0.272,-0.111,-0.034,0.512,-0.092,-0.119,0.354,1.0,-0.091,0.288,-0.329,0.501,-0.368,-0.261,0.035,-0.381
9,A2_2,-0.673,-0.085,-0.335,-0.357,-0.087,-0.048,0.031,-0.091,1.0,-0.265,0.18,0.449,-0.015,-0.198,0.471,-0.248
9,A2_3,0.13,0.416,0.279,0.075,-0.384,0.224,0.298,0.288,-0.265,1.0,0.022,-0.133,-0.307,0.186,-0.101,-0.188
9,B2_1,-0.338,0.33,0.471,-0.3,-0.183,-0.129,-0.185,-0.329,0.18,0.022,1.0,-0.101,-0.374,-0.081,-0.347,-0.216
9,B2_2,-0.023,-0.071,0.084,0.373,-0.154,0.122,-0.214,0.501,0.449,-0.133,-0.101,1.0,-0.478,-0.249,0.294,-0.094
9,B2_3,-0.163,-0.232,-0.317,-0.195,-0.134,-0.204,0.055,-0.368,-0.015,-0.307,-0.374,-0.478,1.0,0.153,0.148,0.012
9,y1,-0.032,0.474,0.087,-0.192,-0.127,0.1,0.181,-0.261,-0.198,0.186,-0.081,-0.249,0.153,1.0,0.024,0.242
9,y2,-0.094,-0.072,-0.659,-0.175,-0.1,0.22,0.454,0.035,0.471,-0.101,-0.347,0.294,0.148,0.024,1.0,0.065
9,y3,0.134,0.124,-0.245,-0.066,0.278,0.354,-0.392,-0.381,-0.248,-0.188,-0.216,-0.094,0.012,0.242,0.065,1.0
10,.,1.0,0.001,0.121,0.331,0.134,0.108,-0.055,0.271,-0.674,0.132,-0.337,-0.025,-0.163,-0.032,-0.097,0.133
10,A1_1,0.001,1.0,0.102,-0.361,-0.063,-0.124,-0.028,-0.111,-0.086,0.416,0.33,-0.07,-0.233,0.474,-0.072,0.124
10,A1_2,0.121,0.102,1.0,0.391,-0.399,0.085,-0.387,-0.033,-0.334,0.279,0.471,0.084,-0.319,0.087,-0.658,-0.245
10,A1_3,0.331,-0.361,0.391,1.0,-0.149,0.025,-0.013,0.513,-0.355,0.075,-0.3,0.373,-0.195,-0.193,-0.176,-0.067
10,B1_1,0.134,-0.063,-0.399,-0.149,1.0,0.072,-0.003,-0.091,-0.087,-0.384,-0.184,-0.153,-0.134,-0.127,-0.098,0.279
10,B1_2,0.108,-0.124,0.085,0.025,0.072,1.0,0.011,-0.118,-0.049,0.224,-0.129,0.123,-0.202,0.1,0.221,0.354
10,B1_3,-0.055,-0.028,-0.387,-0.013,-0.003,0.011,1.0,0.354,0.031,0.298,-0.185,-0.212,0.056,0.181,0.455,-0.392
10,A2_1,0.271,-0.111,-0.033,0.513,-0.091,-0.118,0.354,1.0,-0.09,0.288,-0.328,0.502,-0.367,-0.263,0.033,-0.383
10,A2_2,-0.674,-0.086,-0.334,-0.355,-0.087,-0.049,0.031,-0.09,1.0,-0.265,0.181,0.45,-0.015,-0.199,0.47,-0.248
10,A2_3,0.132,0.416,0.279,0.075,-0.384,0.224,0.298,0.288,-0.265,1.0,0.023,-0.132,-0.307,0.184,-0.102,-0.19
10,B2_1,-0.337,0.33,0.471,-0.3,-0.184,-0.129,-0.185,-0.328,0.181,0.023,1.0,-0.102,-0.375,-0.08,-0.345,-0.214
10,B2_2,-0.025,-0.07,0.084,0.373,-0.153,0.123,-0.212,0.502,0.45,-0.132,-0.102,1.0,-0.476,-0.249,0.294,-0.094
10,B2_3,-0.163,-0.233,-0.319,-0.195,-0.134,-0.202,0.056,-0.367,-0.015,-0.307,-0.375,-0.476,1.0,0.153,0.15,0.012
10,y1,-0.032,0.474,0.087,-0.193,-0.127,0.1,0.181,-0.263,-0.199,0.184,-0.08,-0.249,0.153,1.0,0.025,0.242
10,y2,-0.097,-0.072,-0.658,-0.176,-0.098,0.221,0.455,0.033,0.47,-0.102,-0.345,0.294,0.15,0.025,1.0,0.065
10,y3,0.133,0.124,-0.245,-0.067,0.279,0.354,-0.392,-0.383,-0.248,-0.19,-0.214,-0.094,0.012,0.242,0.065,1.0
11,.,1.0,0.002,0.122,0.331,0.133,0.107,-0.055,0.27,-0.675,0.134,-0.336,-0.028,-0.162,-0.033,-0.1,0.133
11,A1_1,0.002,1.0,0.102,-0.361,-0.063,-0.124,-0.028,-0.111,-0.086,0.415,0.331,-0.069,-0.233,0.473,-0.072,0.124
11,A1_2,0.122,0.102,1.0,0.391,-0.4,0.084,-0.388,-0.032,-0.333,0.279,0.47,0.084,-0.32,0.087,-0.658,-0.245
11,A1_3,0.331,-0.361,0.391,1.0,-0.149,0.025,-0.013,0.514,-0.354,0.076,-0.301,0.373,-0.195,-0.195,-0.178,-0.069
11,B1_1,0.133,-0.063,-0.4,-0.149,1.0,0.072,-0.002,-0.09,-0.086,-0.384,-0.186,-0.153,-0.134,-0.127,-0.097,0.28
11,B1_2,0.107,-0.124,0.084,0.025,0.072,1.0,0.012,-0.118,-0.049,0.223,-0.129,0.123,-0.201,0.1,0.222,0.354
11,B1_3,-0.055,-0.028,-0.388,-0.013,-0.002,0.012,1.0,0.353,0.031,0.298,-0.186,-0.211,0.057,0.181,0.456,-0.391
11,A2_1,0.27,-0.111,-0.032,0.514,-0.09,-0.118,0.353,1.0,-0.088,0.289,-0.328,0.503,-0.366,-0.265,0.03,-0.385
11,A2_2,-0.675,-0.086,-0.333,-0.354,-0.086,-0.049,0.031,-0.088,1.0,-0.265,0.181,0.451,-0.015,-0.199,0.469,-0.249
11,A2_3,0.134,0.415,0.279,0.076,-0.384,0.223,0.298,0.289,-0.265,1.0,0.023,-0.13,-0.307,0.182,-0.103,-0.191
11,B2_1,-0.336,0.331,0.47,-0.301,-0.186,-0.129,-0.186,-0.328,0.181,0.023,1.0,-0.102,-0.376,-0.079,-0.343,-0.213
11,B2_2,-0.028,-0.069,0.084,0.373,-0.153,0.123,-0.211,0.503,0.451,-0.13,-0.102,1.0,-0.474,-0.25,0.293,-0.095
11,B2_3,-0.162,-0.233,-0.32,-0.195,-0.134,-0.201,0.057,-0.366,-0.015,-0.307,-0.376,-0.474,1.0,0.153,0.151,0.013
11,y1,-0.033,0.473,0.087,-0.195,-0.127,0.1,0.181,-0.265,-0.199,0.182,-0.079,-0.25,0.153,1.0,0.027,0.243
11,y2,-0.1,-0.072,-0.658,-0.178,-0.097,0.222,0.456,0.03,0.469,-0.103,-0.343,0.293,0.151,0.027,1.0,0.065
11,y3,0.133,0.124,-0.245,-0.069,0.28,0.354,-0.391,-0.385,-0.249,-0.191,-0.213,-0.095,0.013,0.243,0.065,1.0
12,.,1.0,0.003,0.124,0.33,0.133,0.106,-0.055,0.268,-0.676,0.136,-0.335,-0.031,-0.162,-0.034,-0.103,0.132
12,A1_1,0.003,1.0,0.101,-0.361,-0.062,-0.125,-0.028,-0.11,-0.087,0.415,0.332,-0.068,-0.233,0.472,-0.072,0.124
12,A1_2,0.124,0.101,1.0,0.392,-0.401,0.082,-0.389,-0.031,-0.332,0.279,0.469,0.083,-0.321,0.087,-0.657,-0.245
12,A1_3,0.33,-0.361,0.392,1.0,-0.149,0.024,-0.014,0.514,-0.352,0.076,-0.301,0.374,-0.195,-0.196,-0.179,-0.071
12,B1_1,0.133,-0.062,-0.401,-0.149,1.0,0.072,-0.002,-0.089,-0.086,-0.384,-0.187,-0.153,-0.134,-0.126,-0.095,0.281
12,B1_2,0.106,-0.125,0.082,0.024,0.072,1.0,0.013,-0.118,-0.049,0.223,-0.129,0.124,-0.199,0.101,0.224,0.355
12,B1_3,-0.055,-0.028,-0.389,-0.014,-0.002,0.013,1.0,0.353,0.031,0.297,-0.186,-0.209,0.058,0.181,0.457,-0.391
12,A2_1,0.268,-0.11,-0.031,0.514,-0.089,-0.118,0.353,1.0,-0.087,0.289,-0.327,0.504,-0.366,-0.268,0.027,-0.388
12,A2_2,-0.676,-0.087,-0.332,-0.352,-0.086,-0.049,0.031,-0.087,1.0,-0.265,0.181,0.452,-0.015,-0.2,0.469,-0.249
12,A2_3,0.136,0.415,0.279,0.076,-0.384,0.223,0.297,0.289,-0.265,1.0,0.024,-0.129,-0.308,0.181,-0.104,-0.192
12,B2_1,-0.335,0.332,0.469,-0.301,-0.187,-0.129,-0.186,-0.327,0.181,0.024,1.0,-0.103,-0.376,-0.079,-0.341,-0.211
12,B2_2,-0.031,-0.068,0.083,0.374,-0.153,0.124,-0.209,0.504,0.452,-0.129,-0.103,1.0,-0.472,-0.251,0.292,-0.095
12,B2_3,-0.162,-0.233,-0.321,-0.195,-0.134,-0.199,0.058,-0.366,-0.015,-0.308,-0.376,-0.472,1.0,0.153,0.153,0.013
12,y1,-0.034,0.472,0.087,-0.196,-0.126,0.101,0.181,-0.268,-0.2,0.181,-0.079,-0.251,0.153,1.0,0.029,0.244
12,y2,-0.103,-0.072,-0.657,-0.179,-0.095,0.224,0.457,0.027,0.469,-0.104,-0.341,0.292,0.153,0.029,1.0,0.065
12,y3,0.132,0.124,-0.245,-0.071,0.281,0.355,-0.391,-0.388,-0.249,-0.192,-0.211,-0.095,0.013,0.244,0.065,1.0
13,.,1.0,0.005,0.125,0.33,0.133,0.105,-0.055,0.267,-0.677,0.137,-0.334,-0.034,-0.162,-0.034,-0.106,0.131
13,A1_1,0.005,1.0,0.1,-0.361,-0.062,-0.125,-0.029,-0.11,-0.087,0.414,0.332,-0.066,-0.234,0.471,-0.072,0.124
13,A1_2,0.125,0.1,1.0,0.392,-0.402,0.081,-0.39,-0.03,-0.332,0.279,0.469,0.083,-0.322,0.086,-0.656,-0.245
13,A1_3,0.33,-0.361,0.392,1.0,-0.149,0.023,-0.014,0.515,-0.351,0.076,-0.301,0.374,-0.195,-0.198,-0.181,-0.072
13,B1_1,0.133,-0.062,-0.402,-0.149,1.0,0.073,-0.002,-0.088,-0.085,-0.384,-0.188,-0.153,-0.134,-0.126,-0.093,0.282
13,B1_2,0.105,-0.125,0.081,0.023,0.073,1.0,0.014,-0.118,-0.049,0.223,-0.129,0.125,-0.198,0.101,0.225,0.355
13,B1_3,-0.055,-0.029,-0.39,-0.014,-0.002,0.014,1.0,0.353,0.031,0.297,-0.186,-0.207,0.059,0.181,0.458,-0.39
13,A2_1,0.267,-0.11,-0.03,0.515,-0.088,-0.118,0.353,1.0,-0.086,0.29,-0.327,0.505,-0.365,-0.27,0.023,-0.391
13,A2_2,-0.677,-0.087,-0.332,-0.351,-0.085,-0.049,0.031,-0.086,1.0,-0.265,0.181,0.453,-0.014,-0.201,0.468,-0.25
13,A2_3,0.137,0.414,0.279,0.076,-0.384,0.223,0.297,0.29,-0.265,1.0,0.024,-0.128,-0.308,0.179,-0.106,-0.194
13,B2_1,-0.334,0.332,0.469,-0.301,-0.188,-0.129,-0.186,-0.327,0.181,0.024,1.0,-0.103,-0.377,-0.078,-0.339,-0.21
13,B2_2,-0.034,-0.066,0.083,0.374,-0.153,0.125,-0.207,0.505,0.453,-0.128,-0.103,1.0,-0.47,-0.252,0.292,-0.096
13,B2_3,-0.162,-0.234,-0.322,-0.195,-0.134,-0.198,0.059,-0.365,-0.014,-0.308,-0.377,-0.47,1.0,0.154,0.155,0.014
13,y1,-0.034,0.471,0.086,-0.198,-0.126,0.101,0.181,-0.27,-0.201,0.179,-0.078,-0.252,0.154,1.0,0.031,0.245
13,y2,-0.106,-0.072,-0.656,-0.181,-0.093,0.225,0.458,0.023,0.468,-0.106,-0.339,0.292,0.155,0.031,1.0,0.066
13,y3,0.131,0.124,-0.245,-0.072,0.282,0.355,-0.39,-0.391,-0.25,-0.194,-0.21,-0.096,0.014,0.245,0.066,1.0
14,.,1.0,0.006,0.126,0.33,0.132,0.103,-0.055,0.265,-0.678,0.139,-0.333,-0.037,-0.162,-0.034,-0.11,0.13
14,A1_1,0.006,1.0,0.1,-0.361,-0.062,-0.126,-0.029,-0.11,-0.087,0.414,0.333,-0.065,-0.234,0.471,-0.072,0.123
14,A1_2,0.126,0.1,1.0,0.393,-0.404,0.08,-0.391,-0.028,-0.331,0.279,0.468,0.083,-0.324,0.086,-0.655,-0.245
14,A1_3,0.33,-0.361,0.393,1.0,-0.149,0.023,-0.015,0.516,-0.349,0.077,-0.302,0.374,-0.196,-0.199,-0.182,-0.074
14,B1_1,0.132,-0.062,-0.404,-0.149,1.0,0.073,-0.001,-0.087,-0.084,-0.383,-0.19,-0.152,-0.134,-0.125,-0.091,0.283
14,B1_2,0.103,-0.126,0.08,0.023,0.073,1.0,0.015,-0.118,-0.049,0.222,-0.129,0.125,-0.197,0.101,0.226,0.355
14,B1_3,-0.055,-0.029,-0.391,-0.015,-0.001,0.015,1.0,0.353,0.031,0.296,-0.186,-0.205,0.06,0.181,0.459,-0.39
14,A2_1,0.265,-0.11,-0.028,0.516,-0.087,-0.118,0.353,1.0,-0.084,0.291,-0.326,0.506,-0.364,-0.272,0.02,-0.393
14,A2_2,-0.678,-0.087,-0.331,-0.349,-0.084,-0.049,0.031,-0.084,1.0,-0.265,0.182,0.454,-0.014,-0.201,0.467,-0.251
14,A2_3,0.139,0.414,0.279,0.077,-0.383,0.222,0.296,0.291,-0.265,1.0,0.025,-0.127,-0.308,0.177,-0.107,-0.196
14,B2_1,-0.333,0.333,0.468,-0.302,-0.19,-0.129,-0.186,-0.326,0.182,0.025,1.0,-0.104,-0.378,-0.077,-0.337,-0.208
14,B2_2,-0.037,-0.065,0.083,0.374,-0.152,0.125,-0.205,0.506,0.454,-0.127,-0.104,1.0,-0.468,-0.252,0.291,-0.097
14,B2_3,-0.162,-0.234,-0.324,-0.196,-0.134,-0.197,0.06,-0.364,-0.014,-0.308,-0.378,-0.468,1.0,0.154,0.156,0.014
14,y1,-0.034,0.471,0.086,-0.199,-0.125,0.101,0.181,-0.272,-0.201,0.177,-0.077,-0.252,0.154,1.0,0.033,0.247
14,y2,-0.11,-0.072,-0.655,-0.182,-0.091,0.226,0.459,0.02,0.467,-0.107,-0.337,0.291,0.156,0.033,1.0,0.066
14,y3,0.13,0.123,-0.245,-0.074,0.283,0.355,-0.39,-0.393,-0.251,-0.196,-0.208,-0.097,0.014,0.247,0.066,1.0
15,.,1.0,0.007,0.128,0.329,0.131,0.102,-0.056,0.263,-0.679,0.141,-0.332,-0.041,-0.162,-0.035,-0.113,0.129
15,A1_1,0.007,1.0,0.1,-0.361,-0.061,-0.126,-0.029,-0.109,-0.088,0.414,0.333,-0.064,-0.235,0.47,-0.071,0.123
15,A1_2,0.128,0.1,1.0,0.393,-0.405,0.079,-0.392,-0.027,-0.33,0.279,0.467,0.082,-0.325,0.085,-0.655,-0.244
15,A1_3,0.329,-0.361,0.393,1.0,-0.149,0.022,-0.015,0.517,-0.347,0.078,-0.302,0.374,-0.196,-0.201,-0.184,-0.076
15,B1_1,0.131,-0.061,-0.405,-0.149,1.0,0.074,-0.001,-0.087,-0.084,-0.383,-0.191,-0.152,-0.134,-0.124,-0.09,0.284
15,B1_2,0.102,-0.126,0.079,0.022,0.074,1.0,0.016,-0.118,-0.049,0.222,-0.129,0.126,-0.195,0.101,0.227,0.355
15,B1_3,-0.056,-0.029,-0.392,-0.015,-0.001,0.016,1.0,0.352,0.031,0.296,-0.187,-0.204,0.061,0.181,0.46,-0.389
15,A2_1,0.263,-0.109,-0.027,0.517,-0.087,-0.118,0.352,1.0,-0.083,0.291,-0.326,0.507,-0.363,-0.275,0.017,-0.396
15,A2_2,-0.679,-0.088,-0.33,-0.347,-0.084,-0.049,0.031,-0.083,1.0,-0.264,0.182,0.455,-0.014,-0.202,0.465,-0.251
15,A2_3,0.141,0.414,0.279,0.078,-0.383,0.222,0.296,0.291,-0.264,1.0,0.025,-0.125,-0.308,0.175,-0.108,-0.197
15,B2_1,-0.332,0.333,0.467,-0.302,-0.191,-0.129,-0.187,-0.326,0.182,0.025,1.0,-0.105,-0.379,-0.076,-0.335,-0.207
15,B2_2,-0.041,-0.064,0.082,0.374,-0.152,0.126,-0.204,0.507,0.455,-0.125,-0.105,1.0,-0.466,-0.253,0.29,-0.098
15,B2_3,-0.162,-0.235,-0.325,-0.196,-0.134,-0.195,0.061,-0.363,-0.014,-0.308,-0.379,-0.466,1.0,0.154,0.158,0.015
15,y1,-0.035,0.47,0.085,-0.201,-0.124,0.101,0.181,-0.275,-0.202,0.175,-0.076,-0.253,0.154,1.0,0.035,0.248
15,y2,-0.113,-0.071,-0.655,-0.184,-0.09,0.227,0.46,0.017,0.465,-0.108,-0.335,0.29,0.158,0.035,1.0,0.067
15,y3,0.129,0.123,-0.244,-0.076,0.284,0.355,-0.389,-0.396,-0.251,-0.197,-0.207,-0.098,0.015,0.248,0.067,1.0
16,.,1.0,0.008,0.13,0.329,0.13,0.101,-0.056,0.261,-0.68,0.142,-0.332,-0.044,-0.162,-0.035,-0.116,0.128
16,A1_1,0.008,1.0,0.099,-0.361,-0.061,-0.126,-0.03,-0.109,-0.088,0.413,0.334,-0.063,-0.236,0.469,-0.071,0.123
16,A1_2,0.13,0.099,1.0,0.394,-0.406,0.078,-0.393,-0.026,-0.329,0.279,0.466,0.082,-0.326,0.085,-0.654,-0.244
16,A1_3,0.329,-0.361,0.394,1.0,-0.149,0.021,-0.016,0.518,-0.346,0.078,-0.302,0.374,-0.196,-0.202,-0.186,-0.078
16,B1_1,0.13,-0.061,-0.406,-0.149,1.0,0.074,0.0,-0.086,-0.083,-0.383,-0.192,-0.152,-0.134,-0.124,-0.088,0.285
16,B1_2,0.101,-0.126,0.078,0.021,0.074,1.0,0.017,-0.118,-0.049,0.221,-0.129,0.127,-0.193,0.102,0.228,0.355
16,B1_3,-0.056,-0.03,-0.393,-0.016,0.0,0.017,1.0,0.352,0.031,0.295,-0.187,-0.202,0.062,0.181,0.461,-0.389
16,A2_1,0.261,-0.109,-0.026,0.518,-0.086,-0.118,0.352,1.0,-0.081,0.292,-0.325,0.508,-0.363,-0.277,0.013,-0.399
16,A2_2,-0.68,-0.088,-0.329,-0.346,-0.083,-0.049,0.031,-0.081,1.0,-0.264,0.183,0.456,-0.014,-0.203,0.464,-0.252
16,A2_3,0.142,0.413,0.279,0.078,-0.383,0.221,0.295,0.292,-0.264,1.0,0.025,-0.124,-0.309,0.173,-0.11,-0.199
16,B2_1,-0.332,0.334,0.466,-0.302,-0.192,-0.129,-0.187,-0.325,0.183,0.025,1.0,-0.105,-0.379,-0.075,-0.333,-0.205
16,B2_2,-0.044,-0.063,0.082,0.374,-0.152,0.127,-0.202,0.508,0.456,-0.124,-0.105,1.0,-0.464,-0.254,0.289,-0.099
16,B2_3,-0.162,-0.236,-0.326,-0.196,-0.134,-0.193,0.062,-0.363,-0.014,-0.309,-0.379,-0.464,1.0,0.155,0.16,0.015
16,y1,-0.035,0.469,0.085,-0.202,-0.124,0.102,0.181,-0.277,-0.203,0.173,-0.075,-0.254,0.155,1.0,0.037,0.25
16,y2,-0.116,-0.071,-0.654,-0.186,-0.088,0.228,0.461,0.013,0.464,-0.11,-0.333,0.289,0.16,0.037,1.0,0.068
16,y3,0.128,0.123,-0.244,-0.078,0.285,0.355,-0.389,-0.399,-0.252,-0.199,-0.205,-0.099,0.015,0.25,0.068,1.0
17,.,1.0,0.01,0.131,0.328,0.13,0.099,-0.057,0.26,-0.681,0.144,-0.331,-0.048,-0.162,-0.036,-0.119,0.127
17,A1_1,0.01,1.0,0.099,-0.361,-0.061,-0.127,-0.03,-0.108,-0.088,0.413,0.334,-0.061,-0.236,0.468,-0.071,0.123
17,A1_2,0.131,0.099,1.0,0.395,-0.407,0.076,-0.394,-0.024,-0.328,0.279,0.465,0.081,-0.328,0.084,-0.653,-0.244
17,A1_3,0.328,-0.361,0.395,1.0,-0.15,0.02,-0.017,0.519,-0.344,0.079,-0.303,0.374,-0.197,-0.204,-0.188,-0.08
17,B1_1,0.13,-0.061,-0.407,-0.15,1.0,0.075,0.001,-0.085,-0.083,-0.383,-0.193,-0.152,-0.133,-0.123,-0.086,0.285
17,B1_2,0.099,-0.127,0.076,0.02,0.075,1.0,0.019,-0.118,-0.05,0.221,-0.128,0.127,-0.192,0.102,0.229,0.355
17,B1_3,-0.057,-0.03,-0.394,-0.017,0.001,0.019,1.0,0.351,0.031,0.295,-0.187,-0.2,0.064,0.181,0.462,-0.388
17,A2_1,0.26,-0.108,-0.024,0.519,-0.085,-0.118,0.351,1.0,-0.08,0.293,-0.325,0.508,-0.362,-0.279,0.009,-0.402
17,A2_2,-0.681,-0.088,-0.328,-0.344,-0.083,-0.05,0.031,-0.08,1.0,-0.264,0.183,0.458,-0.014,-0.204,0.463,-0.253
17,A2_3,0.144,0.413,0.279,0.079,-0.383,0.221,0.295,0.293,-0.264,1.0,0.026,-0.123,-0.309,0.171,-0.111,-0.2
17,B2_1,-0.331,0.334,0.465,-0.303,-0.193,-0.128,-0.187,-0.325,0.183,0.026,1.0,-0.106,-0.38,-0.074,-0.331,-0.204
17,B2_2,-0.048,-0.061,0.081,0.374,-0.152,0.127,-0.2,0.508,0.458,-0.123,-0.106,1.0,-0.462,-0.255,0.288,-0.1
17,B2_3,-0.162,-0.236,-0.328,-0.197,-0.133,-0.192,0.064,-0.362,-0.014,-0.309,-0.38,-0.462,1.0,0.155,0.161,0.016
17,y1,-0.036,0.468,0.084,-0.204,-0.123,0.102,0.181,-0.279,-0.204,0.171,-0.074,-0.255,0.155,1.0,0.04,0.251
17,y2,-0.119,-0.071,-0.653,-0.188,-0.086,0.229,0.462,0.009,0.463,-0.111,-0.331,0.288,0.161,0.04,1.0,0.069
17,y3,0.127,0.123,-0.244,-0.08,0.285,0.355,-0.388,-0.402,-0.253,-0.2,-0.204,-0.1,0.016,0.251,0.069,1.0
18,.,1.0,0.011,0.133,0.327,0.128,0.097,-0.058,0.257,-0.682,0.145,-0.33,-0.052,-0.162,-0.036,-0.122,0.127
18,A1_1,0.011,1.0,0.099,-0.361,-0.061,-0.128,-0.03,-0.107,-0.089,0.413,0.335,-0.06,-0.237,0.466,-0.071,0.122
18,A1_2,0.133,0.099,1.0,0.396,-0.409,0.075,-0.395,-0.022,-0.327,0.28,0.464,0.081,-0.329,0.084,-0.653,-0.244
18,A1_3,0.327,-0.361,0.396,1.0,-0.15,0.019,-0.018,0.52,-0.342,0.08,-0.303,0.374,-0.198,-0.205,-0.19,-0.083
18,B1_1,0.128,-0.061,-0.409,-0.15,1.0,0.076,0.001,-0.085,-0.082,-0.383,-0.194,-0.151,-0.133,-0.122,-0.084,0.286
18,B1_2,0.097,-0.128,0.075,0.019,0.076,1.0,0.02,-0.118,-0.05,0.22,-0.128,0.128,-0.19,0.102,0.231,0.355
18,B1_3,-0.058,-0.03,-0.395,-0.018,0.001,0.02,1.0,0.351,0.031,0.294,-0.187,-0.198,0.065,0.18,0.463,-0.387
18,A2_1,0.257,-0.107,-0.022,0.52,-0.085,-0.118,0.351,1.0,-0.078,0.294,-0.324,0.509,-0.361,-0.282,0.005,-0.405
18,A2_2,-0.682,-0.089,-0.327,-0.342,-0.082,-0.05,0.031,-0.078,1.0,-0.263,0.184,0.459,-0.013,-0.205,0.461,-0.254
18,A2_3,0.145,0.413,0.28,0.08,-0.383,0.22,0.294,0.294,-0.263,1.0,0.026,-0.122,-0.31,0.168,-0.113,-0.202
18,B2_1,-0.33,0.335,0.464,-0.303,-0.194,-0.128,-0.187,-0.324,0.184,0.026,1.0,-0.106,-0.38,-0.073,-0.329,-0.202
18,B2_2,-0.052,-0.06,0.081,0.374,-0.151,0.128,-0.198,0.509,0.459,-0.122,-0.106,1.0,-0.46,-0.256,0.287,-0.101
18,B2_3,-0.162,-0.237,-0.329,-0.198,-0.133,-0.19,0.065,-0.361,-0.013,-0.31,-0.38,-0.46,1.0,0.155,0.163,0.016
18,y1,-0.036,0.466,0.084,-0.205,-0.122,0.102,0.18,-0.282,-0.205,0.168,-0.073,-0.256,0.155,1.0,0.042,0.253
18,y2,-0.122,-0.071,-0.653,-0.19,-0.084,0.231,0.463,0.005,0.461,-0.113,-0.329,0.287,0.163,0.042,1.0,0.07
18,y3,0.127,0.122,-0.244,-0.083,0.286,0.355,-0.387,-0.405,-0.254,-0.202,-0.202,-0.101,0.016,0.253,0.07,1.0
19,.,1.0,0.012,0.135,0.327,0.127,0.095,-0.059,0.255,-0.683,0.147,-0.33,-0.056,-0.163,-0.036,-0.125,0.126
19,A1_1,0.012,1.0,0.099,-0.36,-0.061,-0.128,-0.031,-0.107,-0.089,0.412,0.336,-0.059,-0.238,0.465,-0.071,0.122
19,A1_2,0.135,0.099,1.0,0.397,-0.41,0.073,-0.396,-0.021,-0.326,0.28,0.463,0.081,-0.331,0.083,-0.652,-0.244
19,A1_3,0.327,-0.36,0.397,1.0,-0.151,0.018,-0.019,0.521,-0.34,0.081,-0.304,0.374,-0.198,-0.207,-0.192,-0.085
19,B1_1,0.127,-0.061,-0.41,-0.151,1.0,0.076,0.002,-0.085,-0.081,-0.383,-0.195,-0.151,-0.132,-0.122,-0.082,0.287
19,B1_2,0.095,-0.128,0.073,0.018,0.076,1.0,0.021,-0.118,-0.05,0.219,-0.128,0.129,-0.188,0.102,0.232,0.355
19,B1_3,-0.059,-0.031,-0.396,-0.019,0.002,0.021,1.0,0.35,0.032,0.293,-0.187,-0.197,0.066,0.18,0.464,-0.387
19,A2_1,0.255,-0.107,-0.021,0.521,-0.085,-0.118,0.35,1.0,-0.076,0.296,-0.324,0.509,-0.361,-0.285,0.001,-0.408
19,A2_2,-0.683,-0.089,-0.326,-0.34,-0.081,-0.05,0.032,-0.076,1.0,-0.263,0.185,0.461,-0.013,-0.206,0.459,-0.255
19,A2_3,0.147,0.412,0.28,0.081,-0.383,0.219,0.293,0.296,-0.263,1.0,0.026,-0.12,-0.31,0.166,-0.115,-0.204
19,B2_1,-0.33,0.336,0.463,-0.304,-0.195,-0.128,-0.187,-0.324,0.185,0.026,1.0,-0.106,-0.38,-0.072,-0.326,-0.201
19,B2_2,-0.056,-0.059,0.081,0.374,-0.151,0.129,-0.197,0.509,0.461,-0.12,-0.106,1.0,-0.458,-0.257,0.286,-0.102
19,B2_3,-0.163,-0.238,-0.331,-0.198,-0.132,-0.188,0.066,-0.361,-0.013,-0.31,-0.38,-0.458,1.0,0.155,0.165,0.017
19,y1,-0.036,0.465,0.083,-0.207,-0.122,0.102,0.18,-0.285,-0.206,0.166,-0.072,-0.257,0.155,1.0,0.045,0.255
19,y2,-0.125,-0.071,-0.652,-0.192,-0.082,0.232,0.464,0.001,0.459,-0.115,-0.326,0.286,0.165,0.045,1.0,0.071
19,y3,0.126,0.122,-0.244,-0.085,0.287,0.355,-0.387,-0.408,-0.255,-0.204,-0.201,-0.102,0.017,0.255,0.071,1.0
20,.,1.0,0.014,0.136,0.327,0.125,0.093,-0.06,0.253,-0.684,0.148,-0.329,-0.061,-0.163,-0.036,-0.128,0.125
20,A1_1,0.014,1.0,0.098,-0.36,-0.061,-0.129,-0.031,-0.106,-0.089,0.412,0.336,-0.058,-0.239,0.464,-0.071,0.121
20,A1_2,0.136,0.098,1.0,0.397,-0.411,0.071,-0.397,-0.019,-0.325,0.28,0.462,0.08,-0.332,0.082,-0.651,-0.244
20,A1_3,0.327,-0.36,0.397,1.0,-0.152,0.017,-0.019,0.522,-0.338,0.082,-0.304,0.374,-0.199,-0.209,-0.194,-0.087
20,B1_1,0.125,-0.061,-0.411,-0.152,1.0,0.077,0.003,-0.084,-0.08,-0.383,-0.196,-0.151,-0.132,-0.121,-0.08,0.287
20,B1_2,0.093,-0.129,0.071,0.017,0.077,1.0,0.023,-0.118,-0.05,0.218,-0.127,0.129,-0.186,0.103,0.233,0.355
20,B1_3,-0.06,-0.031,-0.397,-0.019,0.003,0.023,1.0,0.349,0.032,0.293,-0.187,-0.195,0.068,0.18,0.465,-0.386
20,A2_1,0.253,-0.106,-0.019,0.522,-0.084,-0.118,0.349,1.0,-0.075,0.297,-0.324,0.51,-0.36,-0.287,-0.003,-0.411
20,A2_2,-0.684,-0.089,-0.325,-0.338,-0.08,-0.05,0.032,-0.075,1.0,-0.263,0.186,0.463,-0.013,-0.208,0.457,-0.256
20,A2_3,0.148,0.412,0.28,0.082,-0.383,0.218,0.293,0.297,-0.263,1.0,0.026,-0.119,-0.311,0.164,-0.116,-0.206
20,B2_1,-0.329,0.336,0.462,-0.304,-0.196,-0.127,-0.187,-0.324,0.186,0.026,1.0,-0.107,-0.38,-0.071,-0.324,-0.199
20,B2_2,-0.061,-0.058,0.08,0.374,-0.151,0.129,-0.195,0.51,0.463,-0.119,-0.107,1.0,-0.456,-0.258,0.285,-0.103
20,B2_3,-0.163,-0.239,-0.332,-0.199,-0.132,-0.186,0.068,-0.36,-0.013,-0.311,-0.38,-0.456,1.0,0.156,0.167,0.017
20,y1,-0.036,0.464,0.082,-0.209,-0.121,0.103,0.18,-0.287,-0.208,0.164,-0.071,-0.258,0.156,1.0,0.048,0.257
20,y2,-0.128,-0.071,-0.651,-0.194,-0.08,0.233,0.465,-0.003,0.457,-0.116,-0.324,0.285,0.167,0.048,1.0,0.073
20,y3,0.125,0.121,-0.244,-0.087,0.287,0.355,-0.386,-0.411,-0.256,-0.206,-0.199,-0.103,0.017,0.257,0.073,1.0
21,.,1.0,0.015,0.138,0.326,0.123,0.091,-0.061,0.251,-0.685,0.149,-0.329,-0.065,-0.164,-0.036,-0.131,0.125
21,A1_1,0.015,1.0,0.098,-0.359,-0.061,-0.129,-0.032,-0.105,-0.09,0.412,0.336,-0.056,-0.239,0.463,-0.071,0.121
21,A1_2,0.138,0.098,1.0,0.398,-0.413,0.07,-0.398,-0.017,-0.324,0.281,0.461,0.08,-0.334,0.081,-0.65,-0.244
21,A1_3,0.326,-0.359,0.398,1.0,-0.152,0.015,-0.021,0.524,-0.337,0.083,-0.305,0.374,-0.2,-0.21,-0.196,-0.09
21,B1_1,0.123,-0.061,-0.413,-0.152,1.0,0.078,0.004,-0.084,-0.079,-0.384,-0.196,-0.15,-0.131,-0.12,-0.078,0.288
21,B1_2,0.091,-0.129,0.07,0.015,0.078,1.0,0.024,-0.119,-0.049,0.217,-0.127,0.13,-0.184,0.103,0.235,0.355
21,B1_3,-0.061,-0.032,-0.398,-0.021,0.004,0.024,1.0,0.348,0.033,0.292,-0.186,-0.193,0.07,0.18,0.466,-0.385
21,A2_1,0.251,-0.105,-0.017,0.524,-0.084,-0.119,0.348,1.0,-0.073,0.298,-0.323,0.51,-0.36,-0.29,-0.007,-0.414
21,A2_2,-0.685,-0.09,-0.324,-0.337,-0.079,-0.049,0.033,-0.073,1.0,-0.262,0.187,0.465,-0.012,-0.209,0.455,-0.257
21,A2_3,0.149,0.412,0.281,0.083,-0.384,0.217,0.292,0.298,-0.262,1.0,0.027,-0.118,-0.311,0.161,-0.118,-0.208
21,B2_1,-0.329,0.336,0.461,-0.305,-0.196,-0.127,-0.186,-0.323,0.187,0.027,1.0,-0.107,-0.38,-0.07,-0.322,-0.198
21,B2_2,-0.065,-0.056,0.08,0.374,-0.15,0.13,-0.193,0.51,0.465,-0.118,-0.107,1.0,-0.454,-0.259,0.284,-0.105
21,B2_3,-0.164,-0.239,-0.334,-0.2,-0.131,-0.184,0.07,-0.36,-0.012,-0.311,-0.38,-0.454,1.0,0.156,0.169,0.018
21,y1,-0.036,0.463,0.081,-0.21,-0.12,0.103,0.18,-0.29,-0.209,0.161,-0.07,-0.259,0.156,1.0,0.051,0.259
21,y2,-0.131,-0.071,-0.65,-0.196,-0.078,0.235,0.466,-0.007,0.455,-0.118,-0.322,0.284,0.169,0.051,1.0,0.075
21,y3,0.125,0.121,-0.244,-0.09,0.288,0.355,-0.385,-0.414,-0.257,-0.208,-0.198,-0.105,0.018,0.259,0.075,1.0
22,.,1.0,0.016,0.14,0.325,0.121,0.089,-0.063,0.249,-0.686,0.151,-0.329,-0.07,-0.165,-0.036,-0.134,0.124
22,A1_1,0.016,1.0,0.098,-0.358,-0.061,-0.13,-0.032,-0.104,-0.09,0.412,0.337,-0.055,-0.24,0.461,-0.071,0.12
22,A1_2,0.14,0.098,1.0,0.399,-0.414,0.068,-0.399,-0.015,-0.323,0.282,0.46,0.079,-0.336,0.08,-0.65,-0.245
22,A1_3,0.325,-0.358,0.399,1.0,-0.153,0.014,-0.022,0.525,-0.335,0.085,-0.305,0.373,-0.201,-0.212,-0.198,-0.092
22,B1_1,0.121,-0.061,-0.414,-0.153,1.0,0.079,0.005,-0.084,-0.078,-0.384,-0.197,-0.15,-0.13,-0.119,-0.076,0.288
22,B1_2,0.089,-0.13,0.068,0.014,0.079,1.0,0.026,-0.119,-0.049,0.216,-0.126,0.131,-0.182,0.104,0.236,0.355
22,B1_3,-0.063,-0.032,-0.399,-0.022,0.005,0.026,1.0,0.347,0.033,0.291,-0.186,-0.191,0.071,0.18,0.467,-0.384
22,A2_1,0.249,-0.104,-0.015,0.525,-0.084,-0.119,0.347,1.0,-0.071,0.3,-0.323,0.51,-0.36,-0.292,-0.012,-0.417
22,A2_2,-0.686,-0.09,-0.323,-0.335,-0.078,-0.049,0.033,-0.071,1.0,-0.261,0.188,0.467,-0.012,-0.21,0.453,-0.258
22,A2_3,0.151,0.412,0.282,0.085,-0.384,0.216,0.291,0.3,-0.261,1.0,0.027,-0.117,-0.312,0.159,-0.12,-0.21
22,B2_1,-0.329,0.337,0.46,-0.305,-0.197,-0.126,-0.186,-0.323,0.188,0.027,1.0,-0.108,-0.38,-0.069,-0.319,-0.196
22,B2_2,-0.07,-0.055,0.079,0.373,-0.15,0.131,-0.191,0.51,0.467,-0.117,-0.108,1.0,-0.451,-0.26,0.283,-0.106
22,B2_3,-0.165,-0.24,-0.336,-0.201,-0.13,-0.182,0.071,-0.36,-0.012,-0.312,-0.38,-0.451,1.0,0.157,0.171,0.018
22,y1,-0.036,0.461,0.08,-0.212,-0.119,0.104,0.18,-0.292,-0.21,0.159,-0.069,-0.26,0.157,1.0,0.055,0.262
22,y2,-0.134,-0.071,-0.65,-0.198,-0.076,0.236,0.467,-0.012,0.453,-0.12,-0.319,0.283,0.171,0.055,1.0,0.077
22,y3,0.124,0.12,-0.245,-0.092,0.288,0.355,-0.384,-0.417,-0.258,-0.21,-0.196,-0.106,0.018,0.262,0.077,1.0
23,.,1.0,0.018,0.142,0.325,0.119,0.086,-0.065,0.247,-0.686,0.152,-0.329,-0.074,-0.166,-0.036,-0.137,0.123
23,A1_1,0.018,1.0,0.098,-0.357,-0.061,-0.131,-0.033,-0.103,-0.09,0.412,0.337,-0.054,-0.241,0.46,-0.071,0.12
23,A1_2,0.142,0.098,1.0,0.401,-0.416,0.066,-0.401,-0.012,-0.322,0.282,0.458,0.079,-0.337,0.079,-0.649,-0.245
23,A1_3,0.325,-0.357,0.401,1.0,-0.154,0.012,-0.023,0.526,-0.332,0.086,-0.306,0.373,-0.202,-0.214,-0.201,-0.095
23,B1_1,0.119,-0.061,-0.416,-0.154,1.0,0.08,0.006,-0.084,-0.077,-0.384,-0.197,-0.15,-0.129,-0.119,-0.073,0.289
23,B1_2,0.086,-0.131,0.066,0.012,0.08,1.0,0.027,-0.12,-0.049,0.215,-0.126,0.132,-0.18,0.104,0.237,0.355
23,B1_3,-0.065,-0.033,-0.401,-0.023,0.006,0.027,1.0,0.345,0.034,0.289,-0.186,-0.189,0.073,0.18,0.468,-0.383
23,A2_1,0.247,-0.103,-0.012,0.526,-0.084,-0.12,0.345,1.0,-0.069,0.301,-0.323,0.51,-0.36,-0.295,-0.017,-0.42
23,A2_2,-0.686,-0.09,-0.322,-0.332,-0.077,-0.049,0.034,-0.069,1.0,-0.261,0.189,0.469,-0.012,-0.212,0.45,-0.26
23,A2_3,0.152,0.412,0.282,0.086,-0.384,0.215,0.289,0.301,-0.261,1.0,0.027,-0.116,-0.313,0.156,-0.122,-0.212
23,B2_1,-0.329,0.337,0.458,-0.306,-0.197,-0.126,-0.186,-0.323,0.189,0.027,1.0,-0.108,-0.38,-0.068,-0.317,-0.194
23,B2_2,-0.074,-0.054,0.079,0.373,-0.15,0.132,-0.189,0.51,0.469,-0.116,-0.108,1.0,-0.449,-0.261,0.281,-0.107
23,B2_3,-0.166,-0.241,-0.337,-0.202,-0.129,-0.18,0.073,-0.36,-0.012,-0.313,-0.38,-0.449,1.0,0.157,0.173,0.019
23,y1,-0.036,0.46,0.079,-0.214,-0.119,0.104,0.18,-0.295,-0.212,0.156,-0.068,-0.261,0.157,1.0,0.058,0.264
23,y2,-0.137,-0.071,-0.649,-0.201,-0.073,0.237,0.468,-0.017,0.45,-0.122,-0.317,0.281,0.173,0.058,1.0,0.079
23,y3,0.123,0.12,-0.245,-0.095,0.289,0.355,-0.383,-0.42,-0.26,-0.212,-0.194,-0.107,0.019,0.264,0.079,1.0
24,.,1.0,0.019,0.144,0.325,0.116,0.083,-0.067,0.245,-0.687,0.154,-0.329,-0.079,-0.167,-0.036,-0.14,0.122
24,A1_1,0.019,1.0,0.098,-0.356,-0.061,-0.132,-0.034,-0.101,-0.091,0.411,0.338,-0.052,-0.242,0.458,-0.071,0.119
