,,.,A1_1,A1_2,A1_3,B1_1,B1_2,B1_3,A2_1,A2_2,A2_3,B2_1,B2_2,B2_3,y1,y2,y3
1,.,1.0,0.807,0.814,0.801,0.84,0.812,0.74,0.812,0.758,0.774,0.762,0.686,0.817,0.729,0.788,0.905
1,A1_1,0.807,1.0,0.77,0.697,0.681,0.71,0.797,0.591,0.664,0.708,0.73,0.624,0.634,0.739,0.679,0.809
1,A1_2,0.814,0.77,1.0,0.607,0.718,0.635,0.692,0.678,0.687,0.672,0.731,0.572,0.656,0.662,0.757,0.774
1,A1_3,0.801,0.697,0.607,1.0,0.812,0.73,0.658,0.544,0.706,0.624,0.664,0.462,0.69,0.623,0.634,0.731
1,B1_1,0.84,0.681,0.718,0.812,1.0,0.807,0.588,0.719,0.74,0.695,0.658,0.646,0.754,0.709,0.7,0.812
1,B1_2,0.812,0.71,0.635,0.73,0.807,1.0,0.743,0.671,0.721,0.776,0.733,0.691,0.8,0.845,0.69,0.843
1,B1_3,0.74,0.797,0.692,0.658,0.588,0.743,1.0,0.568,0.639,0.653,0.764,0.624,0.719,0.814,0.723,0.787
1,A2_1,0.812,0.591,0.678,0.544,0.719,0.671,0.568,1.0,0.589,0.688,0.63,0.698,0.749,0.632,0.77,0.77
1,A2_2,0.758,0.664,0.687,0.706,0.74,0.721,0.639,0.589,1.0,0.718,0.805,0.576,0.756,0.741,0.69,0.744
1,A2_3,0.774,0.708,0.672,0.624,0.695,0.776,0.653,0.688,0.718,1.0,0.617,0.767,0.789,0.753,0.722,0.752
1,B2_1,0.762,0.73,0.731,0.664,0.658,0.733,0.764,0.63,0.805,0.617,1.0,0.49,0.715,0.76,0.721,0.817
1,B2_2,0.686,0.624,0.572,0.462,0.646,0.691,0.624,0.698,0.576,0.767,0.49,1.0,0.731,0.704,0.77,0.653
1,B2_3,0.817,0.634,0.656,0.69,0.754,0.8,0.719,0.749,0.756,0.789,0.715,0.731,1.0,0.815,0.704,0.807
1,y1,0.729,0.739,0.662,0.623,0.709,0.845,0.814,0.632,0.741,0.753,0.76,0.704,0.815,1.0,0.659,0.769
1,y2,0.788,0.679,0.757,0.634,0.7,0.69,0.723,0.77,0.69,0.722,0.721,0.77,0.704,0.659,1.0,0.744
1,y3,0.905,0.809,0.774,0.731,0.812,0.843,0.787,0.77,0.744,0.752,0.817,0.653,0.807,0.769,0.744,1.0
2,.,1.0,0.818,0.826,0.814,0.854,0.824,0.753,0.824,0.767,0.784,0.778,0.704,0.829,0.742,0.8,0.912
2,A1_1,0.818,1.0,0.781,0.714,0.699,0.727,0.806,0.613,0.681,0.723,0.746,0.648,0.654,0.751,0.698,0.82
2,A1_2,0.826,0.781,1.0,0.63,0.736,0.657,0.705,0.698,0.703,0.688,0.748,0.597,0.677,0.677,0.769,0.786
2,A1_3,0.814,0.714,0.63,1.0,0.825,0.747,0.676,0.568,0.721,0.642,0.685,0.492,0.71,0.64,0.656,0.747
2,B1_1,0.854,0.699,0.736,0.825,1.0,0.818,0.611,0.735,0.757,0.711,0.68,0.664,0.768,0.722,0.72,0.824
2,B1_2,0.824,0.727,0.657,0.747,0.818,1.0,0.757,0.69,0.736,0.787,0.749,0.708,0.81,0.852,0.711,0.852
2,B1_3,0.753,0.806,0.705,0.676,0.611,0.757,1.0,0.59,0.657,0.669,0.778,0.648,0.735,0.822,0.74,0.797
2,A2_1,0.824,0.613,0.698,0.568,0.735,0.69,0.59,1.0,0.61,0.704,0.653,0.714,0.763,0.649,0.782,0.783
2,A2_2,0.767,0.681,0.703,0.721,0.757,0.736,0.657,0.61,1.0,0.732,0.815,0.601,0.771,0.753,0.707,0.757
2,A2_3,0.784,0.723,0.688,0.642,0.711,0.787,0.669,0.704,0.732,1.0,0.636,0.78,0.801,0.764,0.738,0.765
2,B2_1,0.778,0.746,0.748,0.685,0.68,0.749,0.778,0.653,0.815,0.636,1.0,0.522,0.731,0.77,0.74,0.827
2,B2_2,0.704,0.648,0.597,0.492,0.664,0.708,0.648,0.714,0.601,0.78,0.522,1.0,0.744,0.72,0.789,0.674
2,B2_3,0.829,0.654,0.677,0.71,0.768,0.81,0.735,0.763,0.771,0.801,0.731,0.744,1.0,0.823,0.723,0.818
2,y1,0.742,0.751,0.677,0.64,0.722,0.852,0.822,0.649,0.753,0.764,0.77,0.72,0.823,1.0,0.677,0.779
2,y2,0.8,0.698,0.769,0.656,0.72,0.711,0.74,0.782,0.707,0.738,0.74,0.789,0.723,0.677,1.0,0.758
2,y3,0.912,0.82,0.786,0.747,0.824,0.852,0.797,0.783,0.757,0.765,0.827,0.674,0.818,0.779,0.758,1.0
3,.,1.0,0.829,0.837,0.827,0.866,0.836,0.766,0.836,0.778,0.796,0.793,0.723,0.84,0.755,0.811,0.918
3,A1_1,0.829,1.0,0.794,0.734,0.721,0.747,0.818,0.639,0.702,0.741,0.765,0.675,0.679,0.766,0.719,0.832
3,A1_2,0.837,0.794,1.0,0.655,0.755,0.68,0.72,0.717,0.721,0.707,0.765,0.624,0.698,0.694,0.781,0.798
3,A1_3,0.827,0.734,0.655,1.0,0.84,0.766,0.698,0.596,0.74,0.665,0.71,0.528,0.732,0.662,0.68,0.764
3,B1_1,0.866,0.721,0.755,0.84,1.0,0.832,0.64,0.753,0.776,0.73,0.707,0.689,0.786,0.74,0.742,0.837
3,B1_2,0.836,0.747,0.68,0.766,0.832,1.0,0.775,0.712,0.753,0.799,0.769,0.731,0.823,0.861,0.734,0.862
3,B1_3,0.766,0.818,0.72,0.698,0.64,0.775,1.0,0.616,0.677,0.688,0.795,0.678,0.754,0.832,0.758,0.809
3,A2_1,0.836,0.639,0.717,0.596,0.753,0.712,0.616,1.0,0.634,0.721,0.678,0.733,0.779,0.669,0.795,0.797
3,A2_2,0.778,0.702,0.721,0.74,0.776,0.753,0.677,0.634,1.0,0.748,0.827,0.629,0.787,0.768,0.725,0.772
3,A2_3,0.796,0.741,0.707,0.665,0.73,0.799,0.688,0.721,0.748,1.0,0.659,0.795,0.814,0.777,0.756,0.779
3,B2_1,0.793,0.765,0.765,0.71,0.707,0.769,0.795,0.678,0.827,0.659,1.0,0.561,0.751,0.784,0.76,0.839
3,B2_2,0.723,0.675,0.624,0.528,0.689,0.731,0.678,0.733,0.629,0.795,0.561,1.0,0.763,0.741,0.809,0.697
3,B2_3,0.84,0.679,0.698,0.732,0.786,0.823,0.754,0.779,0.787,0.814,0.751,0.763,1.0,0.833,0.744,0.829
3,y1,0.755,0.766,0.694,0.662,0.74,0.861,0.832,0.669,0.768,0.777,0.784,0.741,0.833,1.0,0.698,0.79
3,y2,0.811,0.719,0.781,0.68,0.742,0.734,0.758,0.795,0.725,0.756,0.76,0.809,0.744,0.698,1.0,0.772
3,y3,0.918,0.832,0.798,0.764,0.837,0.862,0.809,0.797,0.772,0.779,0.839,0.697,0.829,0.79,0.772,1.0
4,.,1.0,0.838,0.846,0.837,0.875,0.845,0.776,0.846,0.786,0.804,0.805,0.737,0.849,0.765,0.819,0.922
4,A1_1,0.838,1.0,0.804,0.751,0.74,0.764,0.828,0.661,0.721,0.757,0.782,0.699,0.701,0.779,0.737,0.842
4,A1_2,0.846,0.804,1.0,0.675,0.77,0.697,0.73,0.733,0.736,0.723,0.778,0.646,0.715,0.707,0.79,0.808
4,A1_3,0.837,0.751,0.675,1.0,0.852,0.782,0.716,0.621,0.756,0.685,0.731,0.561,0.752,0.68,0.7,0.778
4,B1_1,0.875,0.74,0.77,0.852,1.0,0.844,0.666,0.769,0.792,0.748,0.73,0.713,0.803,0.756,0.76,0.847
4,B1_2,0.845,0.764,0.697,0.782,0.844,1.0,0.791,0.73,0.767,0.81,0.787,0.753,0.836,0.869,0.753,0.87
4,B1_3,0.776,0.828,0.73,0.716,0.666,0.791,1.0,0.638,0.694,0.706,0.81,0.704,0.771,0.842,0.774,0.819
4,A2_1,0.846,0.661,0.733,0.621,0.769,0.73,0.638,1.0,0.654,0.737,0.699,0.749,0.792,0.685,0.805,0.809
4,A2_2,0.786,0.721,0.736,0.756,0.792,0.767,0.694,0.654,1.0,0.761,0.837,0.654,0.801,0.779,0.74,0.785
4,A2_3,0.804,0.757,0.723,0.685,0.748,0.81,0.706,0.737,0.761,1.0,0.68,0.808,0.826,0.789,0.771,0.792
4,B2_1,0.805,0.782,0.778,0.731,0.73,0.787,0.81,0.699,0.837,0.68,1.0,0.597,0.769,0.797,0.777,0.849
4,B2_2,0.737,0.699,0.646,0.561,0.713,0.753,0.704,0.749,0.654,0.808,0.597,1.0,0.78,0.759,0.825,0.718
4,B2_3,0.849,0.701,0.715,0.752,0.803,0.836,0.771,0.792,0.801,0.826,0.769,0.78,1.0,0.842,0.761,0.84
4,y1,0.765,0.779,0.707,0.68,0.756,0.869,0.842,0.685,0.779,0.789,0.797,0.759,0.842,1.0,0.715,0.801
4,y2,0.819,0.737,0.79,0.7,0.76,0.753,0.774,0.805,0.74,0.771,0.777,0.825,0.761,0.715,1.0,0.784
4,y3,0.922,0.842,0.808,0.778,0.847,0.87,0.819,0.809,0.785,0.792,0.849,0.718,0.84,0.801,0.784,1.0
5,.,1.0,0.843,0.851,0.844,0.88,0.85,0.781,0.853,0.79,0.81,0.812,0.747,0.854,0.77,0.822,0.925
5,A1_1,0.843,1.0,0.812,0.766,0.757,0.778,0.836,0.679,0.735,0.77,0.795,0.719,0.719,0.789,0.75,0.85
5,A1_2,0.851,0.812,1.0,0.691,0.781,0.71,0.737,0.745,0.747,0.735,0.787,0.661,0.728,0.716,0.795,0.815
5,A1_3,0.844,0.766,0.691,1.0,0.862,0.795,0.731,0.641,0.769,0.701,0.748,0.588,0.768,0.696,0.716,0.79
5,B1_1,0.88,0.757,0.781,0.862,1.0,0.855,0.687,0.781,0.805,0.762,0.749,0.733,0.817,0.769,0.774,0.856
5,B1_2,0.85,0.778,0.71,0.795,0.855,1.0,0.805,0.744,0.778,0.819,0.802,0.771,0.846,0.876,0.769,0.876
5,B1_3,0.781,0.836,0.737,0.731,0.687,0.805,1.0,0.655,0.708,0.72,0.823,0.727,0.785,0.85,0.786,0.826
5,A2_1,0.853,0.679,0.745,0.641,0.781,0.744,0.655,1.0,0.671,0.75,0.716,0.762,0.803,0.698,0.812,0.818
5,A2_2,0.79,0.735,0.747,0.769,0.805,0.778,0.708,0.671,1.0,0.773,0.844,0.674,0.812,0.788,0.751,0.794
5,A2_3,0.81,0.77,0.735,0.701,0.762,0.819,0.72,0.75,0.773,1.0,0.697,0.819,0.836,0.798,0.782,0.802
5,B2_1,0.812,0.795,0.787,0.748,0.749,0.802,0.823,0.716,0.844,0.697,1.0,0.627,0.784,0.807,0.789,0.856
5,B2_2,0.747,0.719,0.661,0.588,0.733,0.771,0.727,0.762,0.674,0.819,0.627,1.0,0.796,0.774,0.837,0.735
5,B2_3,0.854,0.719,0.728,0.768,0.817,0.846,0.785,0.803,0.812,0.836,0.784,0.796,1.0,0.85,0.774,0.847
5,y1,0.77,0.789,0.716,0.696,0.769,0.876,0.85,0.698,0.788,0.798,0.807,0.774,0.85,1.0,0.729,0.808
5,y2,0.822,0.75,0.795,0.716,0.774,0.769,0.786,0.812,0.751,0.782,0.789,0.837,0.774,0.729,1.0,0.792
5,y3,0.925,0.85,0.815,0.79,0.856,0.876,0.826,0.818,0.794,0.802,0.856,0.735,0.847,0.808,0.792,1.0
6,.,1.0,0.845,0.855,0.848,0.882,0.85,0.782,0.857,0.792,0.813,0.815,0.751,0.855,0.77,0.822,0.925
6,A1_1,0.845,1.0,0.817,0.777,0.769,0.787,0.842,0.692,0.747,0.781,0.806,0.734,0.733,0.797,0.76,0.856
6,A1_2,0.855,0.817,1.0,0.702,0.787,0.717,0.739,0.754,0.755,0.744,0.792,0.671,0.736,0.72,0.797,0.818
6,A1_3,0.848,0.777,0.702,1.0,0.869,0.804,0.742,0.657,0.779,0.715,0.761,0.61,0.78,0.707,0.727,0.798
6,B1_1,0.882,0.769,0.787,0.869,1.0,0.862,0.704,0.791,0.816,0.774,0.765,0.749,0.828,0.779,0.785,0.862
6,B1_2,0.85,0.787,0.717,0.804,0.862,1.0,0.816,0.754,0.785,0.824,0.813,0.786,0.854,0.881,0.779,0.88
6,B1_3,0.782,0.842,0.739,0.742,0.704,0.816,1.0,0.667,0.717,0.73,0.832,0.745,0.796,0.856,0.794,0.831
6,A2_1,0.857,0.692,0.754,0.657,0.791,0.754,0.667,1.0,0.683,0.759,0.728,0.77,0.81,0.707,0.817,0.825
6,A2_2,0.792,0.747,0.755,0.779,0.816,0.785,0.717,0.683,1.0,0.782,0.849,0.689,0.819,0.794,0.759,0.801
6,A2_3,0.813,0.781,0.744,0.715,0.774,0.824,0.73,0.759,0.782,1.0,0.71,0.826,0.843,0.805,0.791,0.809
6,B2_1,0.815,0.806,0.792,0.761,0.765,0.813,0.832,0.728,0.849,0.71,1.0,0.651,0.796,0.816,0.799,0.861
6,B2_2,0.751,0.734,0.671,0.61,0.749,0.786,0.745,0.77,0.689,0.826,0.651,1.0,0.808,0.787,0.846,0.747
6,B2_3,0.855,0.733,0.736,0.78,0.828,0.854,0.796,0.81,0.819,0.843,0.796,0.808,1.0,0.856,0.784,0.853
6,y1,0.77,0.797,0.72,0.707,0.779,0.881,0.856,0.707,0.794,0.805,0.816,0.787,0.856,1.0,0.738,0.813
6,y2,0.822,0.76,0.797,0.727,0.785,0.779,0.794,0.817,0.759,0.791,0.799,0.846,0.784,0.738,1.0,0.798
6,y3,0.925,0.856,0.818,0.798,0.862,0.88,0.831,0.825,0.801,0.809,0.861,0.747,0.853,0.813,0.798,1.0
7,.,1.0,0.843,0.855,0.849,0.88,0.846,0.776,0.859,0.789,0.812,0.813,0.749,0.853,0.765,0.817,0.923
7,A1_1,0.843,1.0,0.819,0.784,0.778,0.794,0.844,0.701,0.755,0.788,0.813,0.744,0.743,0.802,0.767,0.86
7,A1_2,0.855,0.819,1.0,0.708,0.79,0.718,0.736,0.758,0.759,0.749,0.792,0.675,0.738,0.719,0.795,0.819
7,A1_3,0.849,0.784,0.708,1.0,0.875,0.809,0.748,0.667,0.786,0.724,0.769,0.624,0.788,0.714,0.733,0.803
7,B1_1,0.88,0.778,0.79,0.875,1.0,0.868,0.716,0.796,0.823,0.782,0.776,0.761,0.836,0.786,0.791,0.865
7,B1_2,0.846,0.794,0.718,0.809,0.868,1.0,0.824,0.759,0.788,0.827,0.822,0.797,0.86,0.884,0.785,0.881
7,B1_3,0.776,0.844,0.736,0.748,0.716,0.824,1.0,0.673,0.721,0.736,0.839,0.758,0.804,0.86,0.799,0.833
7,A2_1,0.859,0.701,0.758,0.667,0.796,0.759,0.673,1.0,0.691,0.765,0.735,0.775,0.814,0.71,0.818,0.828
7,A2_2,0.789,0.755,0.759,0.786,0.823,0.788,0.721,0.691,1.0,0.788,0.852,0.698,0.824,0.797,0.763,0.804
7,A2_3,0.812,0.788,0.749,0.724,0.782,0.827,0.736,0.765,0.788,1.0,0.719,0.83,0.848,0.808,0.796,0.813
7,B2_1,0.813,0.813,0.792,0.769,0.776,0.822,0.839,0.735,0.852,0.719,1.0,0.669,0.805,0.821,0.804,0.864
7,B2_2,0.749,0.744,0.675,0.624,0.761,0.797,0.758,0.775,0.698,0.83,0.669,1.0,0.817,0.795,0.852,0.754
7,B2_3,0.853,0.743,0.738,0.788,0.836,0.86,0.804,0.814,0.824,0.848,0.805,0.817,1.0,0.86,0.789,0.855
7,y1,0.765,0.802,0.719,0.714,0.786,0.884,0.86,0.71,0.797,0.808,0.821,0.795,0.86,1.0,0.743,0.815
7,y2,0.817,0.767,0.795,0.733,0.791,0.785,0.799,0.818,0.763,0.796,0.804,0.852,0.789,0.743,1.0,0.799
7,y3,0.923,0.86,0.819,0.803,0.865,0.881,0.833,0.828,0.804,0.813,0.864,0.754,0.855,0.815,0.799,1.0
8,.,1.0,0.838,0.853,0.846,0.874,0.838,0.766,0.858,0.782,0.807,0.806,0.74,0.846,0.755,0.808,0.919
8,A1_1,0.838,1.0,0.819,0.789,0.784,0.797,0.845,0.706,0.76,0.793,0.817,0.75,0.749,0.804,0.77,0.861
8,A1_2,0.853,0.819,1.0,0.71,0.788,0.713,0.729,0.76,0.76,0.75,0.788,0.672,0.737,0.714,0.789,0.817
8,A1_3,0.846,0.789,0.71,1.0,0.878,0.811,0.751,0.673,0.79,0.729,0.774,0.633,0.793,0.716,0.734,0.805
8,B1_1,0.874,0.784,0.788,0.878,1.0,0.871,0.724,0.799,0.827,0.787,0.783,0.769,0.841,0.791,0.793,0.866
8,B1_2,0.838,0.797,0.713,0.811,0.871,1.0,0.83,0.76,0.787,0.826,0.828,0.805,0.864,0.885,0.787,0.88
8,B1_3,0.766,0.845,0.729,0.751,0.724,0.83,1.0,0.674,0.722,0.738,0.844,0.768,0.809,0.862,0.8,0.832
8,A2_1,0.858,0.706,0.76,0.673,0.799,0.76,0.674,1.0,0.694,0.768,0.738,0.775,0.815,0.71,0.817,0.829
8,A2_2,0.782,0.76,0.76,0.79,0.827,0.787,0.722,0.694,1.0,0.791,0.852,0.703,0.826,0.796,0.763,0.805
8,A2_3,0.807,0.793,0.75,0.729,0.787,0.826,0.738,0.768,0.791,1.0,0.723,0.832,0.85,0.809,0.797,0.815
8,B2_1,0.806,0.817,0.788,0.774,0.783,0.828,0.844,0.738,0.852,0.723,1.0,0.682,0.811,0.824,0.806,0.864
8,B2_2,0.74,0.75,0.672,0.633,0.769,0.805,0.768,0.775,0.703,0.832,0.682,1.0,0.823,0.801,0.854,0.757
8,B2_3,0.846,0.749,0.737,0.793,0.841,0.864,0.809,0.815,0.826,0.85,0.811,0.823,1.0,0.862,0.791,0.856
8,y1,0.755,0.804,0.714,0.716,0.791,0.885,0.862,0.71,0.796,0.809,0.824,0.801,0.862,1.0,0.745,0.815
8,y2,0.808,0.77,0.789,0.734,0.793,0.787,0.8,0.817,0.763,0.797,0.806,0.854,0.791,0.745,1.0,0.798
8,y3,0.919,0.861,0.817,0.805,0.866,0.88,0.832,0.829,0.805,0.815,0.864,0.757,0.856,0.815,0.798,1.0
9,.,1.0,0.829,0.85,0.841,0.865,0.824,0.75,0.855,0.771,0.799,0.795,0.727,0.835,0.739,0.796,0.913
9,A1_1,0.829,1.0,0.816,0.792,0.787,0.797,0.844,0.709,0.762,0.796,0.819,0.754,0.752,0.804,0.77,0.862
9,A1_2,0.85,0.816,1.0,0.709,0.784,0.704,0.717,0.759,0.758,0.75,0.781,0.665,0.731,0.705,0.782,0.813
9,A1_3,0.841,0.792,0.709,1.0,0.88,0.811,0.751,0.677,0.792,0.733,0.777,0.637,0.796,0.716,0.734,0.806
9,B1_1,0.865,0.787,0.784,0.88,1.0,0.873,0.73,0.799,0.829,0.79,0.789,0.775,0.845,0.793,0.794,0.865
9,B1_2,0.824,0.797,0.704,0.811,0.873,1.0,0.834,0.757,0.784,0.824,0.832,0.811,0.866,0.885,0.786,0.878
9,B1_3,0.75,0.844,0.717,0.751,0.73,0.834,1.0,0.671,0.719,0.737,0.848,0.776,0.813,0.863,0.799,0.829
9,A2_1,0.855,0.709,0.759,0.677,0.799,0.757,0.671,1.0,0.696,0.769,0.738,0.773,0.813,0.706,0.814,0.829
9,A2_2,0.771,0.762,0.758,0.792,0.829,0.784,0.719,0.696,1.0,0.793,0.85,0.704,0.826,0.793,0.761,0.804
9,A2_3,0.799,0.796,0.75,0.733,0.79,0.824,0.737,0.769,0.793,1.0,0.725,0.831,0.851,0.807,0.797,0.815
9,B2_1,0.795,0.819,0.781,0.777,0.789,0.832,0.848,0.738,0.85,0.725,1.0,0.692,0.816,0.826,0.806,0.863
9,B2_2,0.727,0.754,0.665,0.637,0.775,0.811,0.776,0.773,0.704,0.831,0.692,1.0,0.828,0.804,0.855,0.757
9,B2_3,0.835,0.752,0.731,0.796,0.845,0.866,0.813,0.813,0.826,0.851,0.816,0.828,1.0,0.863,0.79,0.855
9,y1,0.739,0.804,0.705,0.716,0.793,0.885,0.863,0.706,0.793,0.807,0.826,0.804,0.863,1.0,0.743,0.813
9,y2,0.796,0.77,0.782,0.734,0.794,0.786,0.799,0.814,0.761,0.797,0.806,0.855,0.79,0.743,1.0,0.795
9,y3,0.913,0.862,0.813,0.806,0.865,0.878,0.829,0.829,0.804,0.815,0.863,0.757,0.855,0.813,0.795,1.0
10,.,1.0,0.817,0.844,0.832,0.85,0.805,0.729,0.849,0.756,0.786,0.778,0.707,0.819,0.717,0.78,0.904
10,A1_1,0.817,1.0,0.812,0.793,0.789,0.795,0.841,0.709,0.763,0.798,0.819,0.755,0.753,0.802,0.769,0.861
10,A1_2,0.844,0.812,1.0,0.705,0.775,0.689,0.701,0.757,0.754,0.747,0.77,0.653,0.721,0.692,0.771,0.806
10,A1_3,0.832,0.793,0.705,1.0,0.88,0.808,0.748,0.677,0.792,0.733,0.777,0.638,0.797,0.712,0.73,0.804
10,B1_1,0.85,0.789,0.775,0.88,1.0,0.874,0.733,0.797,0.829,0.79,0.792,0.778,0.847,0.793,0.791,0.863
10,B1_2,0.805,0.795,0.689,0.808,0.874,1.0,0.837,0.75,0.777,0.818,0.834,0.815,0.867,0.884,0.782,0.873
10,B1_3,0.729,0.841,0.701,0.748,0.733,0.837,1.0,0.664,0.713,0.734,0.85,0.782,0.815,0.863,0.796,0.823
10,A2_1,0.849,0.709,0.757,0.677,0.797,0.75,0.664,1.0,0.694,0.768,0.735,0.767,0.808,0.698,0.809,0.827
10,A2_2,0.756,0.763,0.754,0.792,0.829,0.777,0.713,0.694,1.0,0.793,0.846,0.701,0.823,0.788,0.757,0.8
10,A2_3,0.786,0.798,0.747,0.733,0.79,0.818,0.734,0.768,0.793,1.0,0.724,0.827,0.85,0.803,0.794,0.814
10,B2_1,0.778,0.819,0.77,0.777,0.792,0.834,0.85,0.735,0.846,0.724,1.0,0.699,0.818,0.826,0.803,0.859
10,B2_2,0.707,0.755,0.653,0.638,0.778,0.815,0.782,0.767,0.701,0.827,0.699,1.0,0.831,0.806,0.853,0.754
10,B2_3,0.819,0.753,0.721,0.797,0.847,0.867,0.815,0.808,0.823,0.85,0.818,0.831,1.0,0.862,0.787,0.851
10,y1,0.717,0.802,0.692,0.712,0.793,0.884,0.863,0.698,0.788,0.803,0.826,0.806,0.862,1.0,0.74,0.808
10,y2,0.78,0.769,0.771,0.73,0.791,0.782,0.796,0.809,0.757,0.794,0.803,0.853,0.787,0.74,1.0,0.789
10,y3,0.904,0.861,0.806,0.804,0.863,0.873,0.823,0.827,0.8,0.814,0.859,0.754,0.851,0.808,0.789,1.0
11,.,1.0,0.802,0.837,0.819,0.831,0.78,0.701,0.841,0.738,0.771,0.755,0.681,0.798,0.69,0.759,0.893
11,A1_1,0.802,1.0,0.806,0.792,0.789,0.79,0.836,0.707,0.762,0.798,0.817,0.753,0.752,0.799,0.766,0.859
11,A1_2,0.837,0.806,1.0,0.699,0.763,0.669,0.68,0.753,0.748,0.742,0.755,0.635,0.708,0.675,0.758,0.798
11,A1_3,0.819,0.792,0.699,1.0,0.879,0.803,0.742,0.675,0.79,0.733,0.774,0.635,0.795,0.706,0.723,0.8
11,B1_1,0.831,0.789,0.763,0.879,1.0,0.873,0.734,0.792,0.828,0.789,0.794,0.78,0.849,0.792,0.787,0.859
11,B1_2,0.78,0.79,0.669,0.803,0.873,1.0,0.84,0.741,0.768,0.811,0.836,0.818,0.868,0.881,0.775,0.866
11,B1_3,0.701,0.836,0.68,0.742,0.734,0.84,1.0,0.654,0.704,0.727,0.851,0.787,0.816,0.862,0.79,0.815
11,A2_1,0.841,0.707,0.753,0.675,0.792,0.741,0.654,1.0,0.69,0.765,0.728,0.757,0.802,0.687,0.802,0.823
11,A2_2,0.738,0.762,0.748,0.79,0.828,0.768,0.704,0.69,1.0,0.792,0.841,0.696,0.819,0.78,0.75,0.795
11,A2_3,0.771,0.798,0.742,0.733,0.789,0.811,0.727,0.765,0.792,1.0,0.72,0.822,0.847,0.798,0.789,0.81
11,B2_1,0.755,0.817,0.755,0.774,0.794,0.836,0.851,0.728,0.841,0.72,1.0,0.704,0.82,0.825,0.799,0.854
11,B2_2,0.681,0.753,0.635,0.635,0.78,0.818,0.787,0.757,0.696,0.822,0.704,1.0,0.833,0.806,0.85,0.748
11,B2_3,0.798,0.752,0.708,0.795,0.849,0.868,0.816,0.802,0.819,0.847,0.82,0.833,1.0,0.86,0.781,0.846
11,y1,0.69,0.799,0.675,0.706,0.792,0.881,0.862,0.687,0.78,0.798,0.825,0.806,0.86,1.0,0.733,0.801
11,y2,0.759,0.766,0.758,0.723,0.787,0.775,0.79,0.802,0.75,0.789,0.799,0.85,0.781,0.733,1.0,0.782
11,y3,0.893,0.859,0.798,0.8,0.859,0.866,0.815,0.823,0.795,0.81,0.854,0.748,0.846,0.801,0.782,1.0
12,.,1.0,0.782,0.828,0.803,0.806,0.748,0.666,0.832,0.715,0.751,0.727,0.648,0.771,0.656,0.733,0.879
12,A1_1,0.782,1.0,0.799,0.791,0.788,0.783,0.829,0.704,0.76,0.798,0.814,0.75,0.749,0.794,0.762,0.855
12,A1_2,0.828,0.799,1.0,0.69,0.748,0.645,0.654,0.748,0.741,0.736,0.736,0.614,0.69,0.655,0.742,0.788
12,A1_3,0.803,0.791,0.69,1.0,0.877,0.796,0.735,0.672,0.788,0.731,0.771,0.631,0.792,0.698,0.715,0.795
12,B1_1,0.806,0.788,0.748,0.877,1.0,0.872,0.735,0.785,0.825,0.787,0.795,0.782,0.85,0.79,0.781,0.854
12,B1_2,0.748,0.783,0.645,0.796,0.872,1.0,0.842,0.728,0.756,0.801,0.837,0.82,0.868,0.878,0.766,0.856
12,B1_3,0.666,0.829,0.654,0.735,0.735,0.842,1.0,0.64,0.692,0.719,0.852,0.791,0.816,0.86,0.782,0.805
12,A2_1,0.832,0.704,0.748,0.672,0.785,0.728,0.64,1.0,0.685,0.761,0.719,0.746,0.793,0.675,0.793,0.819
12,A2_2,0.715,0.76,0.741,0.788,0.825,0.756,0.692,0.685,1.0,0.79,0.833,0.687,0.813,0.77,0.742,0.789
12,A2_3,0.751,0.798,0.736,0.731,0.787,0.801,0.719,0.761,0.79,1.0,0.714,0.814,0.842,0.791,0.783,0.806
12,B2_1,0.727,0.814,0.736,0.771,0.795,0.837,0.852,0.719,0.833,0.714,1.0,0.708,0.821,0.822,0.792,0.847
12,B2_2,0.648,0.75,0.614,0.631,0.782,0.82,0.791,0.746,0.687,0.814,0.708,1.0,0.835,0.806,0.844,0.74
12,B2_3,0.771,0.749,0.69,0.792,0.85,0.868,0.816,0.793,0.813,0.842,0.821,0.835,1.0,0.858,0.773,0.839
12,y1,0.656,0.794,0.655,0.698,0.79,0.878,0.86,0.675,0.77,0.791,0.822,0.806,0.858,1.0,0.725,0.793
12,y2,0.733,0.762,0.742,0.715,0.781,0.766,0.782,0.793,0.742,0.783,0.792,0.844,0.773,0.725,1.0,0.773
12,y3,0.879,0.855,0.788,0.795,0.854,0.856,0.805,0.819,0.789,0.806,0.847,0.74,0.839,0.793,0.773,1.0
13,.,1.0,0.757,0.818,0.783,0.774,0.707,0.622,0.819,0.688,0.728,0.69,0.607,0.737,0.615,0.704,0.862
13,A1_1,0.757,1.0,0.789,0.788,0.785,0.775,0.821,0.7,0.757,0.797,0.809,0.745,0.744,0.788,0.756,0.851
13,A1_2,0.818,0.789,1.0,0.679,0.729,0.614,0.622,0.742,0.732,0.728,0.712,0.587,0.667,0.63,0.725,0.777
13,A1_3,0.783,0.788,0.679,1.0,0.874,0.787,0.725,0.667,0.784,0.728,0.765,0.623,0.787,0.687,0.705,0.789
13,B1_1,0.774,0.785,0.729,0.874,1.0,0.871,0.734,0.776,0.821,0.783,0.795,0.782,0.85,0.787,0.772,0.846
13,B1_2,0.707,0.775,0.614,0.787,0.871,1.0,0.843,0.711,0.741,0.789,0.837,0.822,0.868,0.874,0.753,0.844
13,B1_3,0.622,0.821,0.622,0.725,0.734,0.843,1.0,0.623,0.677,0.708,0.852,0.794,0.816,0.858,0.771,0.792
13,A2_1,0.819,0.7,0.742,0.667,0.776,0.711,0.623,1.0,0.679,0.757,0.707,0.731,0.781,0.659,0.784,0.813
13,A2_2,0.688,0.757,0.732,0.784,0.821,0.741,0.677,0.679,1.0,0.787,0.823,0.676,0.804,0.758,0.732,0.781
13,A2_3,0.728,0.797,0.728,0.728,0.783,0.789,0.708,0.757,0.787,1.0,0.706,0.804,0.836,0.781,0.776,0.8
13,B2_1,0.69,0.809,0.712,0.765,0.795,0.837,0.852,0.707,0.823,0.706,1.0,0.711,0.821,0.819,0.784,0.838
13,B2_2,0.607,0.745,0.587,0.623,0.782,0.822,0.794,0.731,0.676,0.804,0.711,1.0,0.836,0.804,0.836,0.729
13,B2_3,0.737,0.744,0.667,0.787,0.85,0.868,0.816,0.781,0.804,0.836,0.821,0.836,1.0,0.854,0.763,0.83
13,y1,0.615,0.788,0.63,0.687,0.787,0.874,0.858,0.659,0.758,0.781,0.819,0.804,0.854,1.0,0.716,0.783
13,y2,0.704,0.756,0.725,0.705,0.772,0.753,0.771,0.784,0.732,0.776,0.784,0.836,0.763,0.716,1.0,0.763
13,y3,0.862,0.851,0.777,0.789,0.846,0.844,0.792,0.813,0.781,0.8,0.838,0.729,0.83,0.783,0.763,1.0
14,.,1.0,0.728,0.808,0.759,0.734,0.658,0.57,0.805,0.658,0.7,0.646,0.559,0.695,0.569,0.671,0.841
14,A1_1,0.728,1.0,0.778,0.786,0.782,0.764,0.811,0.695,0.754,0.796,0.803,0.738,0.739,0.781,0.749,0.847
14,A1_2,0.808,0.778,1.0,0.668,0.706,0.578,0.585,0.737,0.723,0.72,0.683,0.555,0.641,0.603,0.706,0.764
14,A1_3,0.759,0.786,0.668,1.0,0.87,0.775,0.713,0.663,0.781,0.726,0.758,0.614,0.782,0.675,0.694,0.782
14,B1_1,0.734,0.782,0.706,0.87,1.0,0.869,0.734,0.765,0.815,0.778,0.796,0.783,0.85,0.784,0.763,0.837
14,B1_2,0.658,0.764,0.578,0.775,0.869,1.0,0.844,0.691,0.723,0.774,0.837,0.824,0.867,0.868,0.738,0.829
14,B1_3,0.57,0.811,0.585,0.713,0.734,0.844,1.0,0.602,0.659,0.694,0.852,0.798,0.815,0.854,0.757,0.776
14,A2_1,0.805,0.695,0.737,0.663,0.765,0.691,0.602,1.0,0.674,0.752,0.693,0.713,0.767,0.641,0.773,0.808
14,A2_2,0.658,0.754,0.723,0.781,0.815,0.723,0.659,0.674,1.0,0.785,0.812,0.663,0.794,0.745,0.721,0.773
14,A2_3,0.7,0.796,0.72,0.726,0.778,0.774,0.694,0.752,0.785,1.0,0.697,0.792,0.829,0.771,0.767,0.794
14,B2_1,0.646,0.803,0.683,0.758,0.796,0.837,0.852,0.693,0.812,0.697,1.0,0.715,0.822,0.815,0.773,0.826
14,B2_2,0.559,0.738,0.555,0.614,0.783,0.824,0.798,0.713,0.663,0.792,0.715,1.0,0.837,0.802,0.826,0.716
14,B2_3,0.695,0.739,0.641,0.782,0.85,0.867,0.815,0.767,0.794,0.829,0.822,0.837,1.0,0.85,0.751,0.819
14,y1,0.569,0.781,0.603,0.675,0.784,0.868,0.854,0.641,0.745,0.771,0.815,0.802,0.85,1.0,0.705,0.771
14,y2,0.671,0.749,0.706,0.694,0.763,0.738,0.757,0.773,0.721,0.767,0.773,0.826,0.751,0.705,1.0,0.752
14,y3,0.841,0.847,0.764,0.782,0.837,0.829,0.776,0.808,0.773,0.794,0.826,0.716,0.819,0.771,0.752,1.0
15,.,1.0,0.693,0.795,0.73,0.685,0.599,0.508,0.788,0.624,0.669,0.593,0.501,0.644,0.515,0.632,0.817
15,A1_1,0.693,1.0,0.765,0.782,0.777,0.75,0.798,0.689,0.749,0.794,0.795,0.728,0.731,0.772,0.74,0.841
15,A1_2,0.795,0.765,1.0,0.654,0.677,0.534,0.541,0.73,0.713,0.711,0.648,0.517,0.608,0.571,0.684,0.75
15,A1_3,0.73,0.782,0.654,1.0,0.864,0.761,0.698,0.656,0.777,0.722,0.748,0.602,0.774,0.661,0.679,0.773
15,B1_1,0.685,0.777,0.677,0.864,1.0,0.866,0.732,0.751,0.807,0.771,0.795,0.783,0.85,0.779,0.75,0.825
15,B1_2,0.599,0.75,0.534,0.761,0.866,1.0,0.846,0.666,0.7,0.755,0.837,0.827,0.867,0.862,0.719,0.81
15,B1_3,0.508,0.798,0.541,0.698,0.732,0.846,1.0,0.577,0.637,0.677,0.852,0.802,0.815,0.849,0.74,0.756
15,A2_1,0.788,0.689,0.73,0.656,0.751,0.666,0.577,1.0,0.667,0.746,0.674,0.691,0.749,0.621,0.761,0.801
15,A2_2,0.624,0.749,0.713,0.777,0.807,0.7,0.637,0.667,1.0,0.781,0.796,0.645,0.781,0.728,0.708,0.763
15,A2_3,0.669,0.794,0.711,0.722,0.771,0.755,0.677,0.746,0.781,1.0,0.684,0.777,0.818,0.759,0.756,0.786
15,B2_1,0.593,0.795,0.648,0.748,0.795,0.837,0.852,0.674,0.796,0.684,1.0,0.718,0.822,0.81,0.759,0.811
15,B2_2,0.501,0.728,0.517,0.602,0.783,0.827,0.802,0.691,0.645,0.777,0.718,1.0,0.838,0.798,0.813,0.698
15,B2_3,0.644,0.731,0.608,0.774,0.85,0.867,0.815,0.749,0.781,0.818,0.822,0.838,1.0,0.845,0.735,0.805
15,y1,0.515,0.772,0.571,0.661,0.779,0.862,0.849,0.621,0.728,0.759,0.81,0.798,0.845,1.0,0.692,0.757
15,y2,0.632,0.74,0.684,0.679,0.75,0.719,0.74,0.761,0.708,0.756,0.759,0.813,0.735,0.692,1.0,0.738
15,y3,0.817,0.841,0.75,0.773,0.825,0.81,0.756,0.801,0.763,0.786,0.811,0.698,0.805,0.757,0.738,1.0
16,.,1.0,0.654,0.782,0.698,0.627,0.53,0.437,0.77,0.588,0.634,0.53,0.435,0.584,0.456,0.592,0.79
16,A1_1,0.654,1.0,0.751,0.778,0.771,0.734,0.783,0.682,0.744,0.792,0.785,0.717,0.721,0.762,0.731,0.834
16,A1_2,0.782,0.751,1.0,0.64,0.643,0.483,0.491,0.725,0.703,0.702,0.606,0.472,0.57,0.536,0.662,0.736
16,A1_3,0.698,0.778,0.64,1.0,0.857,0.743,0.681,0.65,0.772,0.718,0.736,0.589,0.764,0.644,0.664,0.764
16,B1_1,0.627,0.771,0.643,0.857,1.0,0.863,0.732,0.734,0.797,0.762,0.795,0.783,0.85,0.774,0.735,0.81
16,B1_2,0.53,0.734,0.483,0.743,0.863,1.0,0.848,0.637,0.673,0.732,0.837,0.829,0.866,0.853,0.696,0.786
16,B1_3,0.437,0.783,0.491,0.681,0.732,0.848,1.0,0.547,0.611,0.657,0.853,0.806,0.814,0.843,0.72,0.732
16,A2_1,0.77,0.682,0.725,0.65,0.734,0.637,0.547,1.0,0.661,0.741,0.652,0.664,0.727,0.598,0.748,0.794
16,A2_2,0.588,0.744,0.703,0.772,0.797,0.673,0.611,0.661,1.0,0.778,0.778,0.625,0.766,0.71,0.694,0.752
16,A2_3,0.634,0.792,0.702,0.718,0.762,0.732,0.657,0.741,0.778,1.0,0.669,0.758,0.806,0.744,0.745,0.778
16,B2_1,0.53,0.785,0.606,0.736,0.795,0.837,0.853,0.652,0.778,0.669,1.0,0.722,0.822,0.804,0.741,0.792
16,B2_2,0.435,0.717,0.472,0.589,0.783,0.829,0.806,0.664,0.625,0.758,0.722,1.0,0.839,0.794,0.796,0.677
16,B2_3,0.584,0.721,0.57,0.764,0.85,0.866,0.814,0.727,0.766,0.806,0.822,0.839,1.0,0.84,0.717,0.787
16,y1,0.456,0.762,0.536,0.644,0.774,0.853,0.843,0.598,0.71,0.744,0.804,0.794,0.84,1.0,0.677,0.741
16,y2,0.592,0.731,0.662,0.664,0.735,0.696,0.72,0.748,0.694,0.745,0.741,0.796,0.717,0.677,1.0,0.724
16,y3,0.79,0.834,0.736,0.764,0.81,0.786,0.732,0.794,0.752,0.778,0.792,0.677,0.787,0.741,0.724,1.0
17,.,1.0,0.609,0.769,0.66,0.556,0.451,0.356,0.748,0.547,0.595,0.457,0.358,0.513,0.39,0.547,0.761
17,A1_1,0.609,1.0,0.735,0.773,0.762,0.714,0.764,0.675,0.738,0.789,0.772,0.702,0.709,0.75,0.72,0.826
17,A1_2,0.769,0.735,1.0,0.624,0.601,0.424,0.432,0.72,0.693,0.692,0.556,0.42,0.524,0.496,0.637,0.72
17,A1_3,0.66,0.773,0.624,1.0,0.847,0.722,0.659,0.643,0.766,0.713,0.721,0.571,0.751,0.625,0.646,0.752
17,B1_1,0.556,0.762,0.601,0.847,1.0,0.86,0.731,0.711,0.782,0.749,0.795,0.784,0.85,0.768,0.715,0.789
17,B1_2,0.451,0.714,0.424,0.722,0.86,1.0,0.849,0.6,0.64,0.704,0.837,0.831,0.865,0.842,0.667,0.755
17,B1_3,0.356,0.764,0.432,0.659,0.731,0.849,1.0,0.512,0.58,0.631,0.853,0.81,0.814,0.835,0.694,0.702
17,A2_1,0.748,0.675,0.72,0.643,0.711,0.6,0.512,1.0,0.653,0.734,0.624,0.632,0.7,0.572,0.734,0.787
17,A2_2,0.547,0.738,0.693,0.766,0.782,0.64,0.58,0.653,1.0,0.775,0.754,0.598,0.745,0.688,0.678,0.739
17,A2_3,0.595,0.789,0.692,0.713,0.749,0.704,0.631,0.734,0.775,1.0,0.649,0.735,0.789,0.727,0.731,0.768
17,B2_1,0.457,0.772,0.556,0.721,0.795,0.837,0.853,0.624,0.754,0.649,1.0,0.726,0.823,0.797,0.719,0.768
17,B2_2,0.358,0.702,0.42,0.571,0.784,0.831,0.81,0.632,0.598,0.735,0.726,1.0,0.841,0.787,0.774,0.65
17,B2_3,0.513,0.709,0.524,0.751,0.85,0.865,0.814,0.7,0.745,0.789,0.823,0.841,1.0,0.832,0.693,0.763
17,y1,0.39,0.75,0.496,0.625,0.768,0.842,0.835,0.572,0.688,0.727,0.797,0.787,0.832,1.0,0.66,0.722
17,y2,0.547,0.72,0.637,0.646,0.715,0.667,0.694,0.734,0.678,0.731,0.719,0.774,0.693,0.66,1.0,0.708
17,y3,0.761,0.826,0.72,0.752,0.789,0.755,0.702,0.787,0.739,0.768,0.768,0.65,0.763,0.722,0.708,1.0
18,.,1.0,0.562,0.756,0.62,0.478,0.364,0.268,0.727,0.507,0.556,0.376,0.276,0.435,0.323,0.503,0.731
18,A1_1,0.562,1.0,0.718,0.768,0.752,0.69,0.742,0.668,0.732,0.786,0.756,0.685,0.694,0.737,0.708,0.817
18,A1_2,0.756,0.718,1.0,0.608,0.553,0.358,0.367,0.716,0.684,0.682,0.499,0.362,0.472,0.456,0.614,0.706
18,A1_3,0.62,0.768,0.608,1.0,0.835,0.697,0.635,0.637,0.761,0.71,0.703,0.551,0.736,0.604,0.627,0.739
18,B1_1,0.478,0.752,0.553,0.835,1.0,0.858,0.731,0.685,0.764,0.734,0.795,0.785,0.851,0.76,0.692,0.765
18,B1_2,0.364,0.69,0.358,0.697,0.858,1.0,0.852,0.559,0.602,0.671,0.838,0.835,0.865,0.828,0.632,0.719
18,B1_3,0.268,0.742,0.367,0.635,0.731,0.852,1.0,0.471,0.543,0.602,0.854,0.815,0.814,0.824,0.662,0.665
18,A2_1,0.727,0.668,0.716,0.637,0.685,0.559,0.471,1.0,0.648,0.729,0.591,0.594,0.669,0.545,0.719,0.779
18,A2_2,0.507,0.732,0.684,0.761,0.764,0.602,0.543,0.648,1.0,0.772,0.726,0.568,0.721,0.664,0.662,0.727
18,A2_3,0.556,0.786,0.682,0.71,0.734,0.671,0.602,0.729,0.772,1.0,0.626,0.707,0.769,0.709,0.717,0.757
18,B2_1,0.376,0.756,0.499,0.703,0.795,0.838,0.854,0.591,0.726,0.626,1.0,0.732,0.824,0.787,0.692,0.738
18,B2_2,0.276,0.685,0.362,0.551,0.785,0.835,0.815,0.594,0.568,0.707,0.732,1.0,0.843,0.779,0.747,0.618
18,B2_3,0.435,0.694,0.472,0.736,0.851,0.865,0.814,0.669,0.721,0.769,0.824,0.843,1.0,0.823,0.665,0.735
18,y1,0.323,0.737,0.456,0.604,0.76,0.828,0.824,0.545,0.664,0.709,0.787,0.779,0.823,1.0,0.642,0.701
18,y2,0.503,0.708,0.614,0.627,0.692,0.632,0.662,0.719,0.662,0.717,0.692,0.747,0.665,0.642,1.0,0.692
18,y3,0.731,0.817,0.706,0.739,0.765,0.719,0.665,0.779,0.727,0.757,0.738,0.618,0.735,0.701,0.692,1.0
19,.,1.0,0.513,0.743,0.578,0.39,0.27,0.174,0.705,0.468,0.516,0.287,0.187,0.348,0.255,0.459,0.701
19,A1_1,0.513,1.0,0.7,0.763,0.738,0.661,0.716,0.66,0.725,0.783,0.736,0.664,0.676,0.722,0.694,0.806
19,A1_2,0.743,0.7,1.0,0.591,0.496,0.283,0.295,0.714,0.676,0.674,0.434,0.297,0.413,0.415,0.59,0.692
19,A1_3,0.578,0.763,0.591,1.0,0.819,0.667,0.606,0.63,0.755,0.706,0.682,0.527,0.718,0.58,0.605,0.724
19,B1_1,0.39,0.738,0.496,0.819,1.0,0.855,0.732,0.652,0.741,0.713,0.796,0.788,0.852,0.75,0.663,0.731
19,B1_2,0.27,0.661,0.283,0.667,0.855,1.0,0.855,0.509,0.556,0.631,0.839,0.839,0.865,0.811,0.59,0.672
19,B1_3,0.174,0.716,0.295,0.606,0.732,0.855,1.0,0.425,0.501,0.567,0.856,0.82,0.815,0.81,0.624,0.621
19,A2_1,0.705,0.66,0.714,0.63,0.652,0.509,0.425,1.0,0.644,0.724,0.552,0.55,0.631,0.516,0.704,0.772
19,A2_2,0.468,0.725,0.676,0.755,0.741,0.556,0.501,0.644,1.0,0.77,0.692,0.533,0.691,0.638,0.644,0.713
19,A2_3,0.516,0.783,0.674,0.706,0.713,0.631,0.567,0.724,0.77,1.0,0.597,0.674,0.744,0.688,0.701,0.745
19,B2_1,0.287,0.736,0.434,0.682,0.796,0.839,0.856,0.552,0.692,0.597,1.0,0.739,0.825,0.775,0.659,0.7
19,B2_2,0.187,0.664,0.297,0.527,0.788,0.839,0.82,0.55,0.533,0.674,0.739,1.0,0.846,0.769,0.713,0.577
19,B2_3,0.348,0.676,0.413,0.718,0.852,0.865,0.815,0.631,0.691,0.744,0.825,0.846,1.0,0.811,0.631,0.699
19,y1,0.255,0.722,0.415,0.58,0.75,0.811,0.81,0.516,0.638,0.688,0.775,0.769,0.811,1.0,0.623,0.678
19,y2,0.459,0.694,0.59,0.605,0.663,0.59,0.624,0.704,0.644,0.701,0.659,0.713,0.631,0.623,1.0,0.675
19,y3,0.701,0.806,0.692,0.724,0.731,0.672,0.621,0.772,0.713,0.745,0.7,0.577,0.699,0.678,0.675,1.0
20,.,1.0,0.465,0.732,0.537,0.296,0.174,0.08,0.684,0.433,0.479,0.194,0.098,0.259,0.192,0.422,0.674
20,A1_1,0.465,1.0,0.684,0.758,0.721,0.628,0.687,0.654,0.719,0.782,0.713,0.64,0.655,0.706,0.68,0.794
20,A1_2,0.732,0.684,1.0,0.577,0.434,0.205,0.22,0.715,0.672,0.67,0.363,0.229,0.349,0.376,0.571,0.682
20,A1_3,0.537,0.758,0.577,1.0,0.8,0.633,0.575,0.625,0.751,0.703,0.657,0.501,0.696,0.555,0.584,0.708
20,B1_1,0.296,0.721,0.434,0.8,1.0,0.853,0.736,0.614,0.713,0.689,0.799,0.792,0.854,0.739,0.628,0.691
20,B1_2,0.174,0.628,0.205,0.633,0.853,1.0,0.858,0.455,0.505,0.586,0.842,0.844,0.866,0.789,0.541,0.617
20,B1_3,0.08,0.687,0.22,0.575,0.736,0.858,1.0,0.375,0.455,0.529,0.859,0.827,0.817,0.793,0.581,0.57
20,A2_1,0.684,0.654,0.715,0.625,0.614,0.455,0.375,1.0,0.642,0.722,0.509,0.502,0.589,0.487,0.691,0.766
20,A2_2,0.433,0.719,0.672,0.751,0.713,0.505,0.455,0.642,1.0,0.77,0.652,0.493,0.656,0.611,0.629,0.699
20,A2_3,0.479,0.782,0.67,0.703,0.689,0.586,0.529,0.722,0.77,1.0,0.565,0.636,0.714,0.667,0.686,0.734
20,B2_1,0.194,0.713,0.363,0.657,0.799,0.842,0.859,0.509,0.652,0.565,1.0,0.748,0.829,0.76,0.619,0.654
20,B2_2,0.098,0.64,0.229,0.501,0.792,0.844,0.827,0.502,0.493,0.636,0.748,1.0,0.851,0.756,0.673,0.531
20,B2_3,0.259,0.655,0.349,0.696,0.854,0.866,0.817,0.589,0.656,0.714,0.829,0.851,1.0,0.797,0.591,0.656
20,y1,0.192,0.706,0.376,0.555,0.739,0.789,0.793,0.487,0.611,0.667,0.76,0.756,0.797,1.0,0.605,0.654
20,y2,0.422,0.68,0.571,0.584,0.628,0.541,0.581,0.691,0.629,0.686,0.619,0.673,0.591,0.605,1.0,0.66
20,y3,0.674,0.794,0.682,0.708,0.691,0.617,0.57,0.766,0.699,0.734,0.654,0.531,0.656,0.654,0.66,1.0
21,.,1.0,0.418,0.72,0.496,0.197,0.076,-0.015,0.664,0.4,0.445,0.098,0.006,0.165,0.134,0.388,0.651
21,A1_1,0.418,1.0,0.669,0.753,0.699,0.589,0.652,0.649,0.714,0.78,0.683,0.61,0.629,0.689,0.664,0.78
21,A1_2,0.72,0.669,1.0,0.564,0.365,0.122,0.142,0.717,0.671,0.667,0.285,0.157,0.279,0.341,0.555,0.673
21,A1_3,0.496,0.753,0.564,1.0,0.776,0.593,0.54,0.621,0.747,0.701,0.627,0.471,0.67,0.528,0.56,0.69
21,B1_1,0.197,0.699,0.365,0.776,1.0,0.853,0.741,0.568,0.677,0.658,0.802,0.798,0.857,0.723,0.585,0.64
21,B1_2,0.076,0.589,0.122,0.593,0.853,1.0,0.863,0.394,0.447,0.533,0.846,0.85,0.867,0.76,0.483,0.552
21,B1_3,-0.015,0.652,0.142,0.54,0.741,0.863,1.0,0.32,0.404,0.484,0.863,0.834,0.821,0.77,0.528,0.509
21,A2_1,0.664,0.649,0.717,0.621,0.568,0.394,0.32,1.0,0.643,0.72,0.458,0.448,0.539,0.459,0.677,0.76
21,A2_2,0.4,0.714,0.671,0.747,0.677,0.447,0.404,0.643,1.0,0.77,0.604,0.447,0.614,0.584,0.613,0.686
21,A2_3,0.445,0.78,0.667,0.701,0.658,0.533,0.484,0.72,0.77,1.0,0.525,0.592,0.677,0.644,0.67,0.722
21,B2_1,0.098,0.683,0.285,0.627,0.802,0.846,0.863,0.458,0.604,0.525,1.0,0.759,0.833,0.74,0.57,0.597
21,B2_2,0.006,0.61,0.157,0.471,0.798,0.85,0.834,0.448,0.447,0.592,0.759,1.0,0.856,0.737,0.624,0.476
21,B2_3,0.165,0.629,0.279,0.67,0.857,0.867,0.821,0.539,0.614,0.677,0.833,0.856,1.0,0.777,0.543,0.602
21,y1,0.134,0.689,0.341,0.528,0.723,0.76,0.77,0.459,0.584,0.644,0.74,0.737,0.777,1.0,0.586,0.629
21,y2,0.388,0.664,0.555,0.56,0.585,0.483,0.528,0.677,0.613,0.67,0.57,0.624,0.543,0.586,1.0,0.646
21,y3,0.651,0.78,0.673,0.69,0.64,0.552,0.509,0.76,0.686,0.722,0.597,0.476,0.602,0.629,0.646,1.0
22,.,1.0,0.375,0.709,0.458,0.096,-0.018,-0.105,0.645,0.372,0.414,0.001,-0.083,0.073,0.085,0.361,0.633
22,A1_1,0.375,1.0,0.657,0.749,0.674,0.547,0.615,0.646,0.71,0.78,0.649,0.578,0.6,0.671,0.648,0.765
22,A1_2,0.709,0.657,1.0,0.554,0.293,0.04,0.065,0.721,0.673,0.669,0.205,0.084,0.208,0.313,0.543,0.669
22,A1_3,0.458,0.749,0.554,1.0,0.746,0.55,0.502,0.619,0.744,0.701,0.593,0.438,0.64,0.501,0.537,0.671
22,B1_1,0.096,0.674,0.293,0.746,1.0,0.853,0.749,0.518,0.636,0.622,0.808,0.805,0.861,0.702,0.535,0.58
22,B1_2,-0.018,0.547,0.04,0.55,0.853,1.0,0.868,0.33,0.384,0.475,0.851,0.857,0.869,0.724,0.419,0.478
22,B1_3,-0.105,0.615,0.065,0.502,0.749,0.868,1.0,0.264,0.35,0.437,0.869,0.843,0.825,0.742,0.471,0.442
22,A2_1,0.645,0.646,0.721,0.619,0.518,0.33,0.264,1.0,0.646,0.721,0.402,0.39,0.486,0.435,0.666,0.755
22,A2_2,0.372,0.71,0.673,0.744,0.636,0.384,0.35,0.646,1.0,0.774,0.55,0.397,0.567,0.557,0.599,0.674
22,A2_3,0.414,0.78,0.669,0.701,0.622,0.475,0.437,0.721,0.774,1.0,0.481,0.543,0.635,0.622,0.656,0.71
22,B2_1,0.001,0.649,0.205,0.593,0.808,0.851,0.869,0.402,0.55,0.481,1.0,0.772,0.838,0.714,0.514,0.531
22,B2_2,-0.083,0.578,0.084,0.438,0.805,0.857,0.843,0.39,0.397,0.543,0.772,1.0,0.862,0.713,0.568,0.414
22,B2_3,0.073,0.6,0.208,0.64,0.861,0.869,0.825,0.486,0.567,0.635,0.838,0.862,1.0,0.752,0.489,0.541
22,y1,0.085,0.671,0.313,0.501,0.702,0.724,0.742,0.435,0.557,0.622,0.714,0.713,0.752,1.0,0.571,0.605
22,y2,0.361,0.648,0.543,0.537,0.535,0.419,0.471,0.666,0.599,0.656,0.514,0.568,0.489,0.571,1.0,0.635
22,y3,0.633,0.765,0.669,0.671,0.58,0.478,0.442,0.755,0.674,0.71,0.531,0.414,0.541,0.605,0.635,1.0
23,.,1.0,0.335,0.698,0.423,-0.005,-0.109,-0.192,0.627,0.348,0.388,-0.095,-0.167,-0.018,0.047,0.341,0.619
23,A1_1,0.335,1.0,0.649,0.746,0.642,0.498,0.572,0.646,0.708,0.781,0.609,0.541,0.565,0.652,0.633,0.749
23,A1_2,0.698,0.649,1.0,0.548,0.217,-0.043,-0.011,0.728,0.679,0.674,0.123,0.013,0.135,0.294,0.538,0.669
23,A1_3,0.423,0.746,0.548,1.0,0.711,0.501,0.459,0.619,0.742,0.702,0.553,0.402,0.605,0.472,0.514,0.65
23,B1_1,-0.005,0.642,0.217,0.711,1.0,0.854,0.758,0.462,0.587,0.579,0.815,0.815,0.866,0.672,0.477,0.508
23,B1_2,-0.109,0.498,-0.043,0.501,0.854,1.0,0.873,0.261,0.316,0.411,0.857,0.864,0.872,0.677,0.347,0.392
23,B1_3,-0.192,0.572,-0.011,0.459,0.758,0.873,1.0,0.204,0.291,0.384,0.876,0.852,0.831,0.704,0.406,0.366
23,A2_1,0.627,0.646,0.728,0.619,0.462,0.261,0.204,1.0,0.653,0.725,0.342,0.329,0.427,0.414,0.656,0.751
23,A2_2,0.348,0.708,0.679,0.742,0.587,0.316,0.291,0.653,1.0,0.778,0.49,0.344,0.514,0.533,0.588,0.663
23,A2_3,0.388,0.781,0.674,0.702,0.579,0.411,0.384,0.725,0.778,1.0,0.431,0.488,0.587,0.601,0.642,0.699
23,B2_1,-0.095,0.609,0.123,0.553,0.815,0.857,0.876,0.342,0.49,0.431,1.0,0.787,0.845,0.678,0.449,0.453
23,B2_2,-0.167,0.541,0.013,0.402,0.815,0.864,0.852,0.329,0.344,0.488,0.787,1.0,0.87,0.68,0.504,0.343
23,B2_3,-0.018,0.565,0.135,0.605,0.866,0.872,0.831,0.427,0.514,0.587,0.845,0.87,1.0,0.717,0.427,0.468
23,y1,0.047,0.652,0.294,0.472,0.672,0.677,0.704,0.414,0.533,0.601,0.678,0.68,0.717,1.0,0.561,0.584
23,y2,0.341,0.633,0.538,0.514,0.477,0.347,0.406,0.656,0.588,0.642,0.449,0.504,0.427,0.561,1.0,0.629
23,y3,0.619,0.749,0.669,0.65,0.508,0.392,0.366,0.751,0.663,0.699,0.453,0.343,0.468,0.584,0.629,1.0
24,.,1.0,0.301,0.685,0.392,-0.102,-0.191,-0.271,0.61,0.329,0.366,-0.185,-0.245,-0.104,0.023,0.326,0.61
24,A1_1,0.301,1.0,0.647,0.745,0.606,0.446,0.526,0.649,0.709,0.784,0.563,0.5,0.527,0.634,0.619,0.733
24,A1_2,0.685,0.647,1.0,0.548,0.144,-0.119,-0.079,0.737,0.69,0.684,0.045,-0.053,0.066,0.288,0.538,0.673
24,A1_3,0.392,0.745,0.548,1.0,0.671,0.449,0.415,0.623,0.744,0.706,0.509,0.364,0.566,0.444,0.494,0.63
24,B1_1,-0.102,0.606,0.144,0.671,1.0,0.858,0.77,0.404,0.533,0.53,0.824,0.826,0.873,0.634,0.414,0.426
24,B1_2,-0.191,0.446,-0.119,0.449,0.858,1.0,0.879,0.194,0.246,0.344,0.864,0.872,0.876,0.62,0.272,0.301
24,B1_3,-0.271,0.526,-0.079,0.415,0.77,0.879,1.0,0.148,0.233,0.329,0.883,0.861,0.838,0.657,0.339,0.284
24,A2_1,0.61,0.649,0.737,0.623,0.404,0.194,0.148,1.0,0.663,0.732,0.281,0.269,0.368,0.402,0.65,0.749
24,A2_2,0.329,0.709,0.69,0.744,0.533,0.246,0.233,0.663,1.0,0.786,0.426,0.289,0.457,0.514,0.581,0.654
24,A2_3,0.366,0.784,0.684,0.706,0.53,0.344,0.329,0.732,0.786,1.0,0.377,0.43,0.533,0.583,0.631,0.69
24,B2_1,-0.185,0.563,0.045,0.509,0.824,0.864,0.883,0.281,0.426,0.377,1.0,0.803,0.853,0.633,0.38,0.367
24,B2_2,-0.245,0.5,-0.053,0.364,0.826,0.872,0.861,0.269,0.289,0.43,0.803,1.0,0.878,0.639,0.435,0.267
24,B2_3,-0.104,0.527,0.066,0.566,0.873,0.876,0.838,0.368,0.457,0.533,0.853,0.878,1.0,0.674,0.362,0.388
24,y1,0.023,0.634,0.288,0.444,0.634,0.62,0.657,0.402,0.514,0.583,0.633,0.639,0.674,1.0,0.559,0.569
24,y2,0.326,0.619,0.538,0.494,0.414,0.272,0.339,0.65,0.581,0.631,0.38,0.435,0.362,0.559,1.0,0.629
24,y3,0.61,0.733,0.673,0.63,0.426,0.301,0.284,0.749,0.654,0.69,0.367,0.267,0.388,0.569,0.629,1.0
25,.,1.0,0.273,0.67,0.364,-0.194,-0.266,-0.341,0.592,0.312,0.348,-0.268,-0.316,-0.184,0.011,0.316,0.603
25,A1_1,0.273,1.0,0.651,0.746,0.564,0.389,0.477,0.657,0.714,0.79,0.513,0.455,0.484,0.616,0.608,0.717
25,A1_2,0.67,0.651,1.0,0.554,0.075,-0.187,-0.139,0.749,0.705,0.699,-0.027,-0.112,0.003,0.295,0.543,0.681
25,A1_3,0.364,0.746,0.554,1.0,0.626,0.395,0.371,0.63,0.747,0.713,0.464,0.325,0.524,0.419,0.477,0.61
25,B1_1,-0.194,0.564,0.075,0.626,1.0,0.862,0.784,0.345,0.475,0.477,0.835,0.838,0.88,0.584,0.348,0.339
25,B1_2,-0.266,0.389,-0.187,0.395,0.862,1.0,0.885,0.128,0.177,0.275,0.872,0.881,0.881,0.551,0.197,0.207
25,B1_3,-0.341,0.477,-0.139,0.371,0.784,0.885,1.0,0.094,0.177,0.274,0.891,0.871,0.846,0.6,0.273,0.203
25,A2_1,0.592,0.657,0.749,0.63,0.345,0.128,0.094,1.0,0.677,0.742,0.221,0.21,0.309,0.396,0.645,0.747
25,A2_2,0.312,0.714,0.705,0.747,0.475,0.177,0.177,0.677,1.0,0.796,0.36,0.233,0.398,0.5,0.577,0.649
25,A2_3,0.348,0.79,0.699,0.713,0.477,0.275,0.274,0.742,0.796,1.0,0.322,0.37,0.476,0.568,0.623,0.683
25,B2_1,-0.268,0.513,-0.027,0.464,0.835,0.872,0.891,0.221,0.36,0.322,1.0,0.82,0.862,0.577,0.309,0.276
25,B2_2,-0.316,0.455,-0.112,0.325,0.838,0.881,0.871,0.21,0.233,0.37,0.82,1.0,0.887,0.585,0.364,0.188
25,B2_3,-0.184,0.484,0.003,0.524,0.88,0.881,0.846,0.309,0.398,0.476,0.862,0.887,1.0,0.618,0.294,0.304
25,y1,0.011,0.616,0.295,0.419,0.584,0.551,0.6,0.396,0.5,0.568,0.577,0.585,0.618,1.0,0.567,0.564
25,y2,0.316,0.608,0.543,0.477,0.348,0.197,0.273,0.645,0.577,0.623,0.309,0.364,0.294,0.567,1.0,0.635
25,y3,0.603,0.717,0.681,0.61,0.339,0.207,0.203,0.747,0.649,0.683,0.276,0.188,0.304,0.564,0.635,1.0
