,,.,A1_1,A1_2,A1_3,B1_1,B1_2,B1_3,A2_1,A2_2,A2_3,B2_1,B2_2,B2_3,y1,y2,y3
0,.,1.0,0.108,-0.046,0.02,0.134,0.072,0.005,0.117,-0.087,-0.095,0.28,-0.103,-0.29,0.291,-0.125,0.058
0,A1_1,0.108,1.0,0.013,-0.402,-0.195,-0.115,-0.098,0.183,0.261,-0.301,-0.192,0.088,-0.318,0.221,0.491,0.097
0,A1_2,-0.046,0.013,1.0,-0.232,-0.082,-0.33,0.386,0.381,0.365,0.15,-0.194,0.02,0.123,0.145,-0.074,0.02
0,A1_3,0.02,-0.402,-0.232,1.0,-0.38,0.358,-0.482,-0.417,-0.426,0.217,0.597,0.179,-0.241,-0.128,-0.268,0.189
0,B1_1,0.134,-0.195,-0.082,-0.38,1.0,-0.174,0.135,-0.2,-0.18,0.25,-0.122,-0.054,0.552,0.459,0.04,-0.01
0,B1_2,0.072,-0.115,-0.33,0.358,-0.174,1.0,-0.127,-0.028,-0.641,0.118,0.112,-0.097,-0.131,-0.367,0.141,-0.315
0,B1_3,0.005,-0.098,0.386,-0.482,0.135,-0.127,1.0,0.356,0.237,0.314,-0.231,0.012,0.297,-0.043,-0.293,0.271
0,A2_1,0.117,0.183,0.381,-0.417,-0.2,-0.028,0.356,1.0,0.332,0.196,-0.2,-0.319,0.069,-0.102,-0.093,0.016
0,A2_2,-0.087,0.261,0.365,-0.426,-0.18,-0.641,0.237,0.332,1.0,-0.185,-0.369,0.134,-0.134,-0.12,0.148,0.056
0,A2_3,-0.095,-0.301,0.15,0.217,0.25,0.118,0.314,0.196,-0.185,1.0,0.391,0.137,0.261,0.081,-0.24,0.453
0,B2_1,0.28,-0.192,-0.194,0.597,-0.122,0.112,-0.231,-0.2,-0.369,0.391,1.0,-0.289,-0.156,-0.058,-0.086,0.108
0,B2_2,-0.103,0.088,0.02,0.179,-0.054,-0.097,0.012,-0.319,0.134,0.137,-0.289,1.0,-0.126,0.321,-0.082,0.532
0,B2_3,-0.29,-0.318,0.123,-0.241,0.552,-0.131,0.297,0.069,-0.134,0.261,-0.156,-0.126,1.0,0.342,-0.005,0.136
0,y1,0.291,0.221,0.145,-0.128,0.459,-0.367,-0.043,-0.102,-0.12,0.081,-0.058,0.321,0.342,1.0,0.031,0.541
0,y2,-0.125,0.491,-0.074,-0.268,0.04,0.141,-0.293,-0.093,0.148,-0.24,-0.086,-0.082,-0.005,0.031,1.0,-0.438
0,y3,0.058,0.097,0.02,0.189,-0.01,-0.315,0.271,0.016,0.056,0.453,0.108,0.532,0.136,0.541,-0.438,1.0
1,.,1.0,0.105,-0.046,0.017,0.139,0.07,0.004,0.116,-0.087,-0.095,0.277,-0.102,-0.287,0.294,-0.124,0.058
1,A1_1,0.105,1.0,0.013,-0.403,-0.194,-0.115,-0.097,0.183,0.261,-0.3,-0.191,0.088,-0.316,0.22,0.49,0.095
1,A1_2,-0.046,0.013,1.0,-0.232,-0.083,-0.331,0.384,0.382,0.366,0.15,-0.196,0.018,0.122,0.145,-0.073,0.021
1,A1_3,0.017,-0.403,-0.232,1.0,-0.379,0.359,-0.482,-0.418,-0.427,0.218,0.598,0.179,-0.24,-0.126,-0.266,0.189
1,B1_1,0.139,-0.194,-0.083,-0.379,1.0,-0.174,0.133,-0.2,-0.18,0.25,-0.124,-0.054,0.55,0.46,0.041,-0.01
1,B1_2,0.07,-0.115,-0.331,0.359,-0.174,1.0,-0.127,-0.029,-0.641,0.116,0.112,-0.095,-0.132,-0.366,0.141,-0.314
1,B1_3,0.004,-0.097,0.384,-0.482,0.133,-0.127,1.0,0.355,0.237,0.313,-0.232,0.012,0.295,-0.042,-0.292,0.274
1,A2_1,0.116,0.183,0.382,-0.418,-0.2,-0.029,0.355,1.0,0.333,0.197,-0.201,-0.321,0.069,-0.103,-0.093,0.016
1,A2_2,-0.087,0.261,0.366,-0.427,-0.18,-0.641,0.237,0.333,1.0,-0.184,-0.369,0.133,-0.134,-0.121,0.148,0.055
1,A2_3,-0.095,-0.3,0.15,0.218,0.25,0.116,0.313,0.197,-0.184,1.0,0.39,0.135,0.26,0.084,-0.238,0.453
1,B2_1,0.277,-0.191,-0.196,0.598,-0.124,0.112,-0.232,-0.201,-0.369,0.39,1.0,-0.289,-0.158,-0.056,-0.084,0.11
1,B2_2,-0.102,0.088,0.018,0.179,-0.054,-0.095,0.012,-0.321,0.133,0.135,-0.289,1.0,-0.126,0.322,-0.081,0.532
1,B2_3,-0.287,-0.316,0.122,-0.24,0.55,-0.132,0.295,0.069,-0.134,0.26,-0.158,-0.126,1.0,0.343,-0.004,0.137
1,y1,0.294,0.22,0.145,-0.126,0.46,-0.366,-0.042,-0.103,-0.121,0.084,-0.056,0.322,0.343,1.0,0.029,0.542
1,y2,-0.124,0.49,-0.073,-0.266,0.041,0.141,-0.292,-0.093,0.148,-0.238,-0.084,-0.081,-0.004,0.029,1.0,-0.439
1,y3,0.058,0.095,0.021,0.189,-0.01,-0.314,0.274,0.016,0.055,0.453,0.11,0.532,0.137,0.542,-0.439,1.0
2,.,1.0,0.103,-0.045,0.014,0.143,0.068,0.004,0.116,-0.087,-0.094,0.274,-0.101,-0.283,0.296,-0.123,0.057
2,A1_1,0.103,1.0,0.014,-0.404,-0.193,-0.114,-0.095,0.184,0.261,-0.3,-0.19,0.087,-0.315,0.217,0.49,0.093
2,A1_2,-0.045,0.014,1.0,-0.232,-0.084,-0.332,0.383,0.382,0.366,0.151,-0.197,0.016,0.121,0.146,-0.072,0.021
2,A1_3,0.014,-0.404,-0.232,1.0,-0.378,0.359,-0.482,-0.418,-0.427,0.217,0.599,0.178,-0.238,-0.125,-0.264,0.189
2,B1_1,0.143,-0.193,-0.084,-0.378,1.0,-0.175,0.131,-0.201,-0.18,0.25,-0.126,-0.054,0.549,0.46,0.041,-0.009
2,B1_2,0.068,-0.114,-0.332,0.359,-0.175,1.0,-0.127,-0.03,-0.641,0.115,0.112,-0.094,-0.132,-0.366,0.142,-0.313
2,B1_3,0.004,-0.095,0.383,-0.482,0.131,-0.127,1.0,0.355,0.237,0.312,-0.234,0.012,0.293,-0.04,-0.291,0.276
2,A2_1,0.116,0.184,0.382,-0.418,-0.201,-0.03,0.355,1.0,0.333,0.197,-0.202,-0.323,0.069,-0.104,-0.093,0.016
2,A2_2,-0.087,0.261,0.366,-0.427,-0.18,-0.641,0.237,0.333,1.0,-0.183,-0.369,0.132,-0.134,-0.121,0.148,0.055
2,A2_3,-0.094,-0.3,0.151,0.217,0.25,0.115,0.312,0.197,-0.183,1.0,0.389,0.133,0.259,0.086,-0.236,0.454
2,B2_1,0.274,-0.19,-0.197,0.599,-0.126,0.112,-0.234,-0.202,-0.369,0.389,1.0,-0.289,-0.16,-0.054,-0.082,0.111
2,B2_2,-0.101,0.087,0.016,0.178,-0.054,-0.094,0.012,-0.323,0.132,0.133,-0.289,1.0,-0.127,0.322,-0.08,0.532
2,B2_3,-0.283,-0.315,0.121,-0.238,0.549,-0.132,0.293,0.069,-0.134,0.259,-0.16,-0.127,1.0,0.345,-0.002,0.139
2,y1,0.296,0.217,0.146,-0.125,0.46,-0.366,-0.04,-0.104,-0.121,0.086,-0.054,0.322,0.345,1.0,0.028,0.543
2,y2,-0.123,0.49,-0.072,-0.264,0.041,0.142,-0.291,-0.093,0.148,-0.236,-0.082,-0.08,-0.002,0.028,1.0,-0.439
2,y3,0.057,0.093,0.021,0.189,-0.009,-0.313,0.276,0.016,0.055,0.454,0.111,0.532,0.139,0.543,-0.439,1.0
3,.,1.0,0.101,-0.045,0.01,0.147,0.067,0.004,0.115,-0.087,-0.094,0.271,-0.1,-0.279,0.298,-0.122,0.056
3,A1_1,0.101,1.0,0.014,-0.405,-0.192,-0.114,-0.094,0.184,0.261,-0.3,-0.189,0.087,-0.314,0.215,0.49,0.09
3,A1_2,-0.045,0.014,1.0,-0.232,-0.085,-0.333,0.381,0.382,0.367,0.152,-0.198,0.014,0.12,0.146,-0.071,0.022
3,A1_3,0.01,-0.405,-0.232,1.0,-0.377,0.36,-0.481,-0.418,-0.427,0.217,0.6,0.178,-0.237,-0.123,-0.263,0.189
3,B1_1,0.147,-0.192,-0.085,-0.377,1.0,-0.176,0.129,-0.201,-0.18,0.25,-0.128,-0.054,0.547,0.46,0.04,-0.009
3,B1_2,0.067,-0.114,-0.333,0.36,-0.176,1.0,-0.127,-0.031,-0.641,0.113,0.112,-0.093,-0.133,-0.366,0.142,-0.312
3,B1_3,0.004,-0.094,0.381,-0.481,0.129,-0.127,1.0,0.354,0.238,0.311,-0.235,0.011,0.291,-0.039,-0.29,0.278
3,A2_1,0.115,0.184,0.382,-0.418,-0.201,-0.031,0.354,1.0,0.333,0.198,-0.203,-0.324,0.068,-0.104,-0.093,0.016
3,A2_2,-0.087,0.261,0.367,-0.427,-0.18,-0.641,0.238,0.333,1.0,-0.182,-0.369,0.13,-0.134,-0.122,0.149,0.054
3,A2_3,-0.094,-0.3,0.152,0.217,0.25,0.113,0.311,0.198,-0.182,1.0,0.387,0.131,0.258,0.088,-0.234,0.454
3,B2_1,0.271,-0.189,-0.198,0.6,-0.128,0.112,-0.235,-0.203,-0.369,0.387,1.0,-0.289,-0.162,-0.052,-0.081,0.112
3,B2_2,-0.1,0.087,0.014,0.178,-0.054,-0.093,0.011,-0.324,0.13,0.131,-0.289,1.0,-0.127,0.323,-0.079,0.532
3,B2_3,-0.279,-0.314,0.12,-0.237,0.547,-0.133,0.291,0.068,-0.134,0.258,-0.162,-0.127,1.0,0.346,-0.001,0.14
3,y1,0.298,0.215,0.146,-0.123,0.46,-0.366,-0.039,-0.104,-0.122,0.088,-0.052,0.323,0.346,1.0,0.026,0.544
3,y2,-0.122,0.49,-0.071,-0.263,0.04,0.142,-0.29,-0.093,0.149,-0.234,-0.081,-0.079,-0.001,0.026,1.0,-0.439
3,y3,0.056,0.09,0.022,0.189,-0.009,-0.312,0.278,0.016,0.054,0.454,0.112,0.532,0.14,0.544,-0.439,1.0
4,.,1.0,0.098,-0.045,0.006,0.151,0.065,0.003,0.114,-0.088,-0.094,0.268,-0.1,-0.276,0.3,-0.121,0.055
4,A1_1,0.098,1.0,0.015,-0.407,-0.191,-0.113,-0.092,0.184,0.26,-0.299,-0.188,0.087,-0.312,0.213,0.489,0.088
4,A1_2,-0.045,0.015,1.0,-0.232,-0.086,-0.334,0.38,0.382,0.367,0.153,-0.2,0.013,0.118,0.147,-0.07,0.023
4,A1_3,0.006,-0.407,-0.232,1.0,-0.376,0.361,-0.481,-0.419,-0.428,0.217,0.601,0.177,-0.236,-0.121,-0.261,0.188
4,B1_1,0.151,-0.191,-0.086,-0.376,1.0,-0.177,0.126,-0.202,-0.18,0.249,-0.13,-0.054,0.546,0.46,0.04,-0.009
4,B1_2,0.065,-0.113,-0.334,0.361,-0.177,1.0,-0.127,-0.032,-0.64,0.112,0.112,-0.091,-0.133,-0.366,0.142,-0.311
4,B1_3,0.003,-0.092,0.38,-0.481,0.126,-0.127,1.0,0.353,0.238,0.31,-0.237,0.011,0.289,-0.038,-0.29,0.281
4,A2_1,0.114,0.184,0.382,-0.419,-0.202,-0.032,0.353,1.0,0.333,0.199,-0.204,-0.326,0.068,-0.105,-0.093,0.015
4,A2_2,-0.088,0.26,0.367,-0.428,-0.18,-0.64,0.238,0.333,1.0,-0.181,-0.37,0.129,-0.134,-0.123,0.149,0.054
4,A2_3,-0.094,-0.299,0.153,0.217,0.249,0.112,0.31,0.199,-0.181,1.0,0.386,0.129,0.258,0.091,-0.232,0.454
4,B2_1,0.268,-0.188,-0.2,0.601,-0.13,0.112,-0.237,-0.204,-0.37,0.386,1.0,-0.289,-0.164,-0.05,-0.079,0.114
4,B2_2,-0.1,0.087,0.013,0.177,-0.054,-0.091,0.011,-0.326,0.129,0.129,-0.289,1.0,-0.128,0.323,-0.078,0.532
4,B2_3,-0.276,-0.312,0.118,-0.236,0.546,-0.133,0.289,0.068,-0.134,0.258,-0.164,-0.128,1.0,0.348,0.0,0.142
4,y1,0.3,0.213,0.147,-0.121,0.46,-0.366,-0.038,-0.105,-0.123,0.091,-0.05,0.323,0.348,1.0,0.024,0.545
4,y2,-0.121,0.489,-0.07,-0.261,0.04,0.142,-0.29,-0.093,0.149,-0.232,-0.079,-0.078,0.0,0.024,1.0,-0.44
4,y3,0.055,0.088,0.023,0.188,-0.009,-0.311,0.281,0.015,0.054,0.454,0.114,0.532,0.142,0.545,-0.44,1.0
5,.,1.0,0.096,-0.045,0.002,0.156,0.063,0.003,0.114,-0.088,-0.095,0.264,-0.099,-0.272,0.303,-0.12,0.054
5,A1_1,0.096,1.0,0.015,-0.408,-0.19,-0.113,-0.091,0.184,0.26,-0.299,-0.187,0.087,-0.311,0.211,0.489,0.086
5,A1_2,-0.045,0.015,1.0,-0.231,-0.087,-0.335,0.378,0.383,0.368,0.154,-0.201,0.011,0.117,0.148,-0.069,0.023
5,A1_3,0.002,-0.408,-0.231,1.0,-0.375,0.361,-0.481,-0.419,-0.428,0.217,0.603,0.177,-0.235,-0.12,-0.259,0.188
5,B1_1,0.156,-0.19,-0.087,-0.375,1.0,-0.177,0.124,-0.203,-0.18,0.249,-0.132,-0.054,0.545,0.46,0.04,-0.009
5,B1_2,0.063,-0.113,-0.335,0.361,-0.177,1.0,-0.127,-0.032,-0.64,0.111,0.112,-0.09,-0.133,-0.366,0.142,-0.311
5,B1_3,0.003,-0.091,0.378,-0.481,0.124,-0.127,1.0,0.352,0.238,0.309,-0.238,0.011,0.287,-0.037,-0.289,0.283
5,A2_1,0.114,0.184,0.383,-0.419,-0.203,-0.032,0.352,1.0,0.334,0.2,-0.205,-0.327,0.067,-0.105,-0.093,0.015
5,A2_2,-0.088,0.26,0.368,-0.428,-0.18,-0.64,0.238,0.334,1.0,-0.18,-0.37,0.128,-0.135,-0.124,0.149,0.053
5,A2_3,-0.095,-0.299,0.154,0.217,0.249,0.111,0.309,0.2,-0.18,1.0,0.385,0.127,0.257,0.093,-0.23,0.454
5,B2_1,0.264,-0.187,-0.201,0.603,-0.132,0.112,-0.238,-0.205,-0.37,0.385,1.0,-0.289,-0.167,-0.049,-0.077,0.115
5,B2_2,-0.099,0.087,0.011,0.177,-0.054,-0.09,0.011,-0.327,0.128,0.127,-0.289,1.0,-0.128,0.324,-0.077,0.532
5,B2_3,-0.272,-0.311,0.117,-0.235,0.545,-0.133,0.287,0.067,-0.135,0.257,-0.167,-0.128,1.0,0.35,0.001,0.144
5,y1,0.303,0.211,0.148,-0.12,0.46,-0.366,-0.037,-0.105,-0.124,0.093,-0.049,0.324,0.35,1.0,0.023,0.546
5,y2,-0.12,0.489,-0.069,-0.259,0.04,0.142,-0.289,-0.093,0.149,-0.23,-0.077,-0.077,0.001,0.023,1.0,-0.44
5,y3,0.054,0.086,0.023,0.188,-0.009,-0.311,0.283,0.015,0.053,0.454,0.115,0.532,0.144,0.546,-0.44,1.0
6,.,1.0,0.094,-0.045,-0.001,0.16,0.062,0.003,0.113,-0.088,-0.095,0.261,-0.099,-0.269,0.304,-0.119,0.053
6,A1_1,0.094,1.0,0.015,-0.409,-0.189,-0.112,-0.089,0.184,0.26,-0.298,-0.186,0.087,-0.31,0.209,0.488,0.083
6,A1_2,-0.045,0.015,1.0,-0.231,-0.089,-0.336,0.377,0.383,0.368,0.154,-0.203,0.009,0.116,0.149,-0.068,0.024
6,A1_3,-0.001,-0.409,-0.231,1.0,-0.374,0.362,-0.481,-0.42,-0.429,0.217,0.604,0.177,-0.234,-0.118,-0.257,0.188
6,B1_1,0.16,-0.189,-0.089,-0.374,1.0,-0.178,0.122,-0.204,-0.18,0.249,-0.134,-0.054,0.543,0.46,0.04,-0.009
6,B1_2,0.062,-0.112,-0.336,0.362,-0.178,1.0,-0.127,-0.033,-0.64,0.109,0.112,-0.089,-0.134,-0.366,0.142,-0.31
6,B1_3,0.003,-0.089,0.377,-0.481,0.122,-0.127,1.0,0.352,0.238,0.308,-0.24,0.011,0.285,-0.035,-0.288,0.285
6,A2_1,0.113,0.184,0.383,-0.42,-0.204,-0.033,0.352,1.0,0.334,0.2,-0.207,-0.329,0.067,-0.106,-0.093,0.015
6,A2_2,-0.088,0.26,0.368,-0.429,-0.18,-0.64,0.238,0.334,1.0,-0.18,-0.37,0.127,-0.135,-0.124,0.149,0.053
6,A2_3,-0.095,-0.298,0.154,0.217,0.249,0.109,0.308,0.2,-0.18,1.0,0.383,0.125,0.256,0.095,-0.228,0.455
6,B2_1,0.261,-0.186,-0.203,0.604,-0.134,0.112,-0.24,-0.207,-0.37,0.383,1.0,-0.289,-0.169,-0.047,-0.075,0.116
6,B2_2,-0.099,0.087,0.009,0.177,-0.054,-0.089,0.011,-0.329,0.127,0.125,-0.289,1.0,-0.129,0.325,-0.076,0.532
6,B2_3,-0.269,-0.31,0.116,-0.234,0.543,-0.134,0.285,0.067,-0.135,0.256,-0.169,-0.129,1.0,0.351,0.003,0.145
6,y1,0.304,0.209,0.149,-0.118,0.46,-0.366,-0.035,-0.106,-0.124,0.095,-0.047,0.325,0.351,1.0,0.022,0.546
6,y2,-0.119,0.488,-0.068,-0.257,0.04,0.142,-0.288,-0.093,0.149,-0.228,-0.075,-0.076,0.003,0.022,1.0,-0.44
6,y3,0.053,0.083,0.024,0.188,-0.009,-0.31,0.285,0.015,0.053,0.455,0.116,0.532,0.145,0.546,-0.44,1.0
7,.,1.0,0.091,-0.044,-0.006,0.164,0.06,0.003,0.112,-0.088,-0.096,0.257,-0.099,-0.265,0.306,-0.118,0.051
7,A1_1,0.091,1.0,0.016,-0.41,-0.188,-0.112,-0.088,0.184,0.26,-0.298,-0.185,0.087,-0.309,0.207,0.488,0.081
7,A1_2,-0.044,0.016,1.0,-0.231,-0.09,-0.337,0.375,0.383,0.368,0.155,-0.204,0.007,0.115,0.149,-0.067,0.025
7,A1_3,-0.006,-0.41,-0.231,1.0,-0.373,0.362,-0.48,-0.42,-0.429,0.217,0.605,0.176,-0.233,-0.117,-0.255,0.187
7,B1_1,0.164,-0.188,-0.09,-0.373,1.0,-0.179,0.12,-0.204,-0.18,0.248,-0.136,-0.054,0.542,0.46,0.04,-0.009
7,B1_2,0.06,-0.112,-0.337,0.362,-0.179,1.0,-0.127,-0.034,-0.64,0.108,0.112,-0.087,-0.134,-0.366,0.142,-0.309
7,B1_3,0.003,-0.088,0.375,-0.48,0.12,-0.127,1.0,0.351,0.238,0.307,-0.241,0.011,0.283,-0.034,-0.288,0.287
7,A2_1,0.112,0.184,0.383,-0.42,-0.204,-0.034,0.351,1.0,0.334,0.201,-0.208,-0.33,0.067,-0.107,-0.093,0.014
7,A2_2,-0.088,0.26,0.368,-0.429,-0.18,-0.64,0.238,0.334,1.0,-0.179,-0.37,0.126,-0.135,-0.125,0.15,0.053
7,A2_3,-0.096,-0.298,0.155,0.217,0.248,0.108,0.307,0.201,-0.179,1.0,0.382,0.123,0.255,0.097,-0.226,0.455
7,B2_1,0.257,-0.185,-0.204,0.605,-0.136,0.112,-0.241,-0.208,-0.37,0.382,1.0,-0.289,-0.171,-0.045,-0.073,0.117
7,B2_2,-0.099,0.087,0.007,0.176,-0.054,-0.087,0.011,-0.33,0.126,0.123,-0.289,1.0,-0.129,0.325,-0.074,0.533
7,B2_3,-0.265,-0.309,0.115,-0.233,0.542,-0.134,0.283,0.067,-0.135,0.255,-0.171,-0.129,1.0,0.353,0.004,0.147
7,y1,0.306,0.207,0.149,-0.117,0.46,-0.366,-0.034,-0.107,-0.125,0.097,-0.045,0.325,0.353,1.0,0.02,0.548
7,y2,-0.118,0.488,-0.067,-0.255,0.04,0.142,-0.288,-0.093,0.15,-0.226,-0.073,-0.074,0.004,0.02,1.0,-0.439
7,y3,0.051,0.081,0.025,0.187,-0.009,-0.309,0.287,0.014,0.053,0.455,0.117,0.533,0.147,0.548,-0.439,1.0
8,.,1.0,0.089,-0.044,-0.01,0.168,0.059,0.003,0.112,-0.089,-0.096,0.254,-0.099,-0.262,0.308,-0.117,0.05
8,A1_1,0.089,1.0,0.017,-0.411,-0.187,-0.111,-0.086,0.185,0.26,-0.297,-0.184,0.087,-0.307,0.205,0.487,0.078
8,A1_2,-0.044,0.017,1.0,-0.231,-0.091,-0.338,0.374,0.384,0.369,0.156,-0.206,0.005,0.113,0.15,-0.066,0.026
8,A1_3,-0.01,-0.411,-0.231,1.0,-0.372,0.363,-0.48,-0.42,-0.429,0.217,0.606,0.176,-0.232,-0.115,-0.253,0.187
8,B1_1,0.168,-0.187,-0.091,-0.372,1.0,-0.18,0.118,-0.205,-0.18,0.248,-0.138,-0.054,0.54,0.46,0.039,-0.009
8,B1_2,0.059,-0.111,-0.338,0.363,-0.18,1.0,-0.127,-0.035,-0.64,0.106,0.112,-0.086,-0.134,-0.366,0.142,-0.309
8,B1_3,0.003,-0.086,0.374,-0.48,0.118,-0.127,1.0,0.35,0.238,0.306,-0.243,0.011,0.281,-0.033,-0.287,0.29
8,A2_1,0.112,0.185,0.384,-0.42,-0.205,-0.035,0.35,1.0,0.334,0.201,-0.209,-0.332,0.066,-0.108,-0.093,0.014
8,A2_2,-0.089,0.26,0.369,-0.429,-0.18,-0.64,0.238,0.334,1.0,-0.178,-0.371,0.125,-0.135,-0.125,0.15,0.052
8,A2_3,-0.096,-0.297,0.156,0.217,0.248,0.106,0.306,0.201,-0.178,1.0,0.381,0.121,0.254,0.099,-0.224,0.455
8,B2_1,0.254,-0.184,-0.206,0.606,-0.138,0.112,-0.243,-0.209,-0.371,0.381,1.0,-0.288,-0.173,-0.044,-0.071,0.119
8,B2_2,-0.099,0.087,0.005,0.176,-0.054,-0.086,0.011,-0.332,0.125,0.121,-0.288,1.0,-0.13,0.326,-0.073,0.533
8,B2_3,-0.262,-0.307,0.113,-0.232,0.54,-0.134,0.281,0.066,-0.135,0.254,-0.173,-0.13,1.0,0.354,0.005,0.148
8,y1,0.308,0.205,0.15,-0.115,0.46,-0.366,-0.033,-0.108,-0.125,0.099,-0.044,0.326,0.354,1.0,0.019,0.549
8,y2,-0.117,0.487,-0.066,-0.253,0.039,0.142,-0.287,-0.093,0.15,-0.224,-0.071,-0.073,0.005,0.019,1.0,-0.439
8,y3,0.05,0.078,0.026,0.187,-0.009,-0.309,0.29,0.014,0.052,0.455,0.119,0.533,0.148,0.549,-0.439,1.0
9,.,1.0,0.087,-0.044,-0.014,0.172,0.058,0.004,0.111,-0.09,-0.096,0.25,-0.099,-0.258,0.309,-0.117,0.048
9,A1_1,0.087,1.0,0.017,-0.412,-0.186,-0.111,-0.084,0.185,0.26,-0.297,-0.183,0.087,-0.306,0.202,0.487,0.076
9,A1_2,-0.044,0.017,1.0,-0.231,-0.092,-0.339,0.372,0.384,0.369,0.156,-0.208,0.003,0.112,0.151,-0.065,0.026
9,A1_3,-0.014,-0.412,-0.231,1.0,-0.371,0.364,-0.48,-0.42,-0.429,0.217,0.607,0.175,-0.231,-0.114,-0.25,0.187
9,B1_1,0.172,-0.186,-0.092,-0.371,1.0,-0.18,0.115,-0.206,-0.18,0.247,-0.14,-0.054,0.538,0.46,0.038,-0.009
9,B1_2,0.058,-0.111,-0.339,0.364,-0.18,1.0,-0.127,-0.036,-0.64,0.105,0.113,-0.084,-0.134,-0.366,0.142,-0.308
9,B1_3,0.004,-0.084,0.372,-0.48,0.115,-0.127,1.0,0.349,0.237,0.304,-0.244,0.01,0.279,-0.032,-0.286,0.292
9,A2_1,0.111,0.185,0.384,-0.42,-0.206,-0.036,0.349,1.0,0.335,0.202,-0.21,-0.333,0.066,-0.109,-0.093,0.014
9,A2_2,-0.09,0.26,0.369,-0.429,-0.18,-0.64,0.237,0.335,1.0,-0.177,-0.371,0.123,-0.135,-0.126,0.151,0.052
9,A2_3,-0.096,-0.297,0.156,0.217,0.247,0.105,0.304,0.202,-0.177,1.0,0.379,0.119,0.253,0.101,-0.221,0.455
9,B2_1,0.25,-0.183,-0.208,0.607,-0.14,0.113,-0.244,-0.21,-0.371,0.379,1.0,-0.288,-0.175,-0.042,-0.069,0.12
9,B2_2,-0.099,0.087,0.003,0.175,-0.054,-0.084,0.01,-0.333,0.123,0.119,-0.288,1.0,-0.131,0.327,-0.072,0.533
9,B2_3,-0.258,-0.306,0.112,-0.231,0.538,-0.134,0.279,0.066,-0.135,0.253,-0.175,-0.131,1.0,0.355,0.007,0.15
9,y1,0.309,0.202,0.151,-0.114,0.46,-0.366,-0.032,-0.109,-0.126,0.101,-0.042,0.327,0.355,1.0,0.018,0.55
9,y2,-0.117,0.487,-0.065,-0.25,0.038,0.142,-0.286,-0.093,0.151,-0.221,-0.069,-0.072,0.007,0.018,1.0,-0.438
9,y3,0.048,0.076,0.026,0.187,-0.009,-0.308,0.292,0.014,0.052,0.455,0.12,0.533,0.15,0.55,-0.438,1.0
10,.,1.0,0.084,-0.044,-0.019,0.176,0.057,0.004,0.111,-0.091,-0.096,0.246,-0.099,-0.255,0.31,-0.116,0.046
10,A1_1,0.084,1.0,0.018,-0.413,-0.185,-0.11,-0.083,0.185,0.26,-0.296,-0.182,0.087,-0.305,0.2,0.486,0.073
10,A1_2,-0.044,0.018,1.0,-0.231,-0.094,-0.34,0.371,0.384,0.37,0.157,-0.209,0.001,0.111,0.151,-0.063,0.027
10,A1_3,-0.019,-0.413,-0.231,1.0,-0.37,0.364,-0.479,-0.421,-0.43,0.217,0.608,0.174,-0.23,-0.112,-0.248,0.186
10,B1_1,0.176,-0.185,-0.094,-0.37,1.0,-0.181,0.113,-0.207,-0.18,0.247,-0.142,-0.054,0.536,0.46,0.038,-0.009
10,B1_2,0.057,-0.11,-0.34,0.364,-0.181,1.0,-0.127,-0.037,-0.639,0.104,0.113,-0.083,-0.135,-0.366,0.142,-0.308
10,B1_3,0.004,-0.083,0.371,-0.479,0.113,-0.127,1.0,0.348,0.237,0.303,-0.246,0.01,0.277,-0.031,-0.286,0.294
10,A2_1,0.111,0.185,0.384,-0.421,-0.207,-0.037,0.348,1.0,0.335,0.202,-0.211,-0.335,0.066,-0.109,-0.093,0.013
10,A2_2,-0.091,0.26,0.37,-0.43,-0.18,-0.639,0.237,0.335,1.0,-0.176,-0.372,0.122,-0.135,-0.126,0.151,0.052
10,A2_3,-0.096,-0.296,0.157,0.217,0.247,0.104,0.303,0.202,-0.176,1.0,0.378,0.117,0.252,0.103,-0.219,0.455
10,B2_1,0.246,-0.182,-0.209,0.608,-0.142,0.113,-0.246,-0.211,-0.372,0.378,1.0,-0.288,-0.177,-0.041,-0.067,0.121
10,B2_2,-0.099,0.087,0.001,0.174,-0.054,-0.083,0.01,-0.335,0.122,0.117,-0.288,1.0,-0.132,0.327,-0.07,0.533
10,B2_3,-0.255,-0.305,0.111,-0.23,0.536,-0.135,0.277,0.066,-0.135,0.252,-0.177,-0.132,1.0,0.357,0.008,0.152
10,y1,0.31,0.2,0.151,-0.112,0.46,-0.366,-0.031,-0.109,-0.126,0.103,-0.041,0.327,0.357,1.0,0.017,0.551
10,y2,-0.116,0.486,-0.063,-0.248,0.038,0.142,-0.286,-0.093,0.151,-0.219,-0.067,-0.07,0.008,0.017,1.0,-0.438
10,y3,0.046,0.073,0.027,0.186,-0.009,-0.308,0.294,0.013,0.052,0.455,0.121,0.533,0.152,0.551,-0.438,1.0
11,.,1.0,0.082,-0.045,-0.023,0.18,0.056,0.004,0.109,-0.092,-0.097,0.243,-0.099,-0.251,0.311,-0.115,0.044
11,A1_1,0.082,1.0,0.019,-0.414,-0.184,-0.11,-0.081,0.185,0.261,-0.296,-0.181,0.087,-0.303,0.198,0.486,0.071
11,A1_2,-0.045,0.019,1.0,-0.23,-0.095,-0.341,0.369,0.385,0.37,0.158,-0.211,-0.001,0.109,0.152,-0.062,0.028
11,A1_3,-0.023,-0.414,-0.23,1.0,-0.37,0.365,-0.479,-0.421,-0.43,0.216,0.609,0.174,-0.229,-0.111,-0.246,0.186
11,B1_1,0.18,-0.184,-0.095,-0.37,1.0,-0.182,0.111,-0.207,-0.18,0.247,-0.145,-0.054,0.535,0.459,0.037,-0.009
11,B1_2,0.056,-0.11,-0.341,0.365,-0.182,1.0,-0.127,-0.038,-0.639,0.103,0.113,-0.081,-0.135,-0.367,0.141,-0.307
11,B1_3,0.004,-0.081,0.369,-0.479,0.111,-0.127,1.0,0.348,0.237,0.302,-0.247,0.01,0.275,-0.03,-0.285,0.296
11,A2_1,0.109,0.185,0.385,-0.421,-0.207,-0.038,0.348,1.0,0.335,0.203,-0.212,-0.336,0.065,-0.11,-0.093,0.012
11,A2_2,-0.092,0.261,0.37,-0.43,-0.18,-0.639,0.237,0.335,1.0,-0.175,-0.372,0.121,-0.135,-0.127,0.152,0.052
11,A2_3,-0.097,-0.296,0.158,0.216,0.247,0.103,0.302,0.203,-0.175,1.0,0.377,0.115,0.251,0.104,-0.217,0.455
11,B2_1,0.243,-0.181,-0.211,0.609,-0.145,0.113,-0.247,-0.212,-0.372,0.377,1.0,-0.288,-0.18,-0.04,-0.066,0.122
11,B2_2,-0.099,0.087,-0.001,0.174,-0.054,-0.081,0.01,-0.336,0.121,0.115,-0.288,1.0,-0.132,0.328,-0.069,0.533
11,B2_3,-0.251,-0.303,0.109,-0.229,0.535,-0.135,0.275,0.065,-0.135,0.251,-0.18,-0.132,1.0,0.358,0.009,0.153
11,y1,0.311,0.198,0.152,-0.111,0.459,-0.367,-0.03,-0.11,-0.127,0.104,-0.04,0.328,0.358,1.0,0.015,0.552
11,y2,-0.115,0.486,-0.062,-0.246,0.037,0.141,-0.285,-0.093,0.152,-0.217,-0.066,-0.069,0.009,0.015,1.0,-0.437
11,y3,0.044,0.071,0.028,0.186,-0.009,-0.307,0.296,0.012,0.052,0.455,0.122,0.533,0.153,0.552,-0.437,1.0
12,.,1.0,0.08,-0.045,-0.028,0.184,0.055,0.004,0.109,-0.093,-0.097,0.239,-0.099,-0.248,0.312,-0.114,0.042
12,A1_1,0.08,1.0,0.019,-0.415,-0.182,-0.109,-0.08,0.186,0.261,-0.295,-0.18,0.087,-0.302,0.196,0.485,0.068
12,A1_2,-0.045,0.019,1.0,-0.23,-0.096,-0.341,0.368,0.385,0.371,0.158,-0.212,-0.002,0.108,0.153,-0.061,0.029
12,A1_3,-0.028,-0.415,-0.23,1.0,-0.369,0.366,-0.479,-0.421,-0.43,0.216,0.61,0.174,-0.228,-0.11,-0.244,0.186
12,B1_1,0.184,-0.182,-0.096,-0.369,1.0,-0.182,0.109,-0.208,-0.18,0.247,-0.147,-0.054,0.533,0.459,0.037,-0.009
12,B1_2,0.055,-0.109,-0.341,0.366,-0.182,1.0,-0.127,-0.038,-0.639,0.101,0.114,-0.08,-0.135,-0.367,0.141,-0.307
12,B1_3,0.004,-0.08,0.368,-0.479,0.109,-0.127,1.0,0.347,0.237,0.301,-0.249,0.01,0.273,-0.029,-0.284,0.298
12,A2_1,0.109,0.186,0.385,-0.421,-0.208,-0.038,0.347,1.0,0.336,0.204,-0.213,-0.337,0.065,-0.111,-0.093,0.012
12,A2_2,-0.093,0.261,0.371,-0.43,-0.18,-0.639,0.237,0.336,1.0,-0.174,-0.372,0.12,-0.135,-0.127,0.152,0.052
12,A2_3,-0.097,-0.295,0.158,0.216,0.247,0.101,0.301,0.204,-0.174,1.0,0.375,0.113,0.251,0.106,-0.215,0.455
12,B2_1,0.239,-0.18,-0.212,0.61,-0.147,0.114,-0.249,-0.213,-0.372,0.375,1.0,-0.288,-0.182,-0.038,-0.064,0.123
12,B2_2,-0.099,0.087,-0.002,0.174,-0.054,-0.08,0.01,-0.337,0.12,0.113,-0.288,1.0,-0.133,0.329,-0.068,0.533
12,B2_3,-0.248,-0.302,0.108,-0.228,0.533,-0.135,0.273,0.065,-0.135,0.251,-0.182,-0.133,1.0,0.359,0.01,0.155
12,y1,0.312,0.196,0.153,-0.11,0.459,-0.367,-0.029,-0.111,-0.127,0.106,-0.038,0.329,0.359,1.0,0.014,0.553
12,y2,-0.114,0.485,-0.061,-0.244,0.037,0.141,-0.284,-0.093,0.152,-0.215,-0.064,-0.068,0.01,0.014,1.0,-0.437
12,y3,0.042,0.068,0.029,0.186,-0.009,-0.307,0.298,0.012,0.052,0.455,0.123,0.533,0.155,0.553,-0.437,1.0
13,.,1.0,0.078,-0.045,-0.032,0.188,0.054,0.005,0.109,-0.094,-0.097,0.236,-0.1,-0.244,0.313,-0.113,0.04
13,A1_1,0.078,1.0,0.02,-0.417,-0.181,-0.109,-0.078,0.186,0.261,-0.294,-0.179,0.087,-0.3,0.194,0.485,0.066
13,A1_2,-0.045,0.02,1.0,-0.23,-0.098,-0.342,0.366,0.385,0.371,0.159,-0.214,-0.004,0.107,0.154,-0.06,0.03
13,A1_3,-0.032,-0.417,-0.23,1.0,-0.368,0.366,-0.478,-0.421,-0.43,0.217,0.612,0.173,-0.227,-0.108,-0.242,0.186
13,B1_1,0.188,-0.181,-0.098,-0.368,1.0,-0.183,0.106,-0.209,-0.181,0.246,-0.149,-0.054,0.531,0.458,0.036,-0.009
13,B1_2,0.054,-0.109,-0.342,0.366,-0.183,1.0,-0.127,-0.039,-0.639,0.1,0.114,-0.079,-0.135,-0.367,0.141,-0.306
13,B1_3,0.005,-0.078,0.366,-0.478,0.106,-0.127,1.0,0.346,0.237,0.3,-0.25,0.01,0.271,-0.028,-0.283,0.3
13,A2_1,0.109,0.186,0.385,-0.421,-0.209,-0.039,0.346,1.0,0.336,0.204,-0.214,-0.339,0.065,-0.112,-0.093,0.012
13,A2_2,-0.094,0.261,0.371,-0.43,-0.181,-0.639,0.237,0.336,1.0,-0.173,-0.373,0.119,-0.136,-0.128,0.153,0.051
13,A2_3,-0.097,-0.294,0.159,0.217,0.246,0.1,0.3,0.204,-0.173,1.0,0.374,0.112,0.25,0.108,-0.213,0.455
13,B2_1,0.236,-0.179,-0.214,0.612,-0.149,0.114,-0.25,-0.214,-0.373,0.374,1.0,-0.288,-0.184,-0.037,-0.062,0.124
13,B2_2,-0.1,0.087,-0.004,0.173,-0.054,-0.079,0.01,-0.339,0.119,0.112,-0.288,1.0,-0.133,0.329,-0.067,0.533
13,B2_3,-0.244,-0.3,0.107,-0.227,0.531,-0.135,0.271,0.065,-0.136,0.25,-0.184,-0.133,1.0,0.36,0.011,0.156
13,y1,0.313,0.194,0.154,-0.108,0.458,-0.367,-0.028,-0.112,-0.128,0.108,-0.037,0.329,0.36,1.0,0.013,0.555
13,y2,-0.113,0.485,-0.06,-0.242,0.036,0.141,-0.283,-0.093,0.153,-0.213,-0.062,-0.067,0.011,0.013,1.0,-0.436
13,y3,0.04,0.066,0.03,0.186,-0.009,-0.306,0.3,0.012,0.051,0.455,0.124,0.533,0.156,0.555,-0.436,1.0
14,.,1.0,0.076,-0.046,-0.037,0.192,0.053,0.005,0.108,-0.096,-0.097,0.232,-0.1,-0.241,0.314,-0.112,0.038
14,A1_1,0.076,1.0,0.021,-0.418,-0.18,-0.108,-0.077,0.186,0.261,-0.294,-0.178,0.087,-0.299,0.192,0.484,0.063
14,A1_2,-0.046,0.021,1.0,-0.23,-0.099,-0.343,0.365,0.386,0.371,0.159,-0.216,-0.006,0.105,0.154,-0.059,0.031
14,A1_3,-0.037,-0.418,-0.23,1.0,-0.367,0.367,-0.478,-0.421,-0.43,0.216,0.613,0.172,-0.226,-0.107,-0.24,0.185
14,B1_1,0.192,-0.18,-0.099,-0.367,1.0,-0.183,0.104,-0.21,-0.181,0.246,-0.151,-0.054,0.529,0.458,0.036,-0.009
14,B1_2,0.053,-0.108,-0.343,0.367,-0.183,1.0,-0.126,-0.04,-0.639,0.099,0.115,-0.077,-0.135,-0.367,0.14,-0.305
14,B1_3,0.005,-0.077,0.365,-0.478,0.104,-0.126,1.0,0.345,0.237,0.299,-0.252,0.01,0.268,-0.028,-0.283,0.302
14,A2_1,0.108,0.186,0.386,-0.421,-0.21,-0.04,0.345,1.0,0.336,0.205,-0.214,-0.34,0.065,-0.113,-0.093,0.011
14,A2_2,-0.096,0.261,0.371,-0.43,-0.181,-0.639,0.237,0.336,1.0,-0.172,-0.373,0.117,-0.136,-0.128,0.153,0.051
14,A2_3,-0.097,-0.294,0.159,0.216,0.246,0.099,0.299,0.205,-0.172,1.0,0.372,0.11,0.249,0.109,-0.211,0.455
14,B2_1,0.232,-0.178,-0.216,0.613,-0.151,0.115,-0.252,-0.214,-0.373,0.372,1.0,-0.287,-0.187,-0.036,-0.06,0.125
14,B2_2,-0.1,0.087,-0.006,0.172,-0.054,-0.077,0.01,-0.34,0.117,0.11,-0.287,1.0,-0.134,0.33,-0.066,0.534
14,B2_3,-0.241,-0.299,0.105,-0.226,0.529,-0.135,0.268,0.065,-0.136,0.249,-0.187,-0.134,1.0,0.361,0.013,0.158
14,y1,0.314,0.192,0.154,-0.107,0.458,-0.367,-0.028,-0.113,-0.128,0.109,-0.036,0.33,0.361,1.0,0.012,0.556
14,y2,-0.112,0.484,-0.059,-0.24,0.036,0.14,-0.283,-0.093,0.153,-0.211,-0.06,-0.066,0.013,0.012,1.0,-0.435
14,y3,0.038,0.063,0.031,0.185,-0.009,-0.305,0.302,0.011,0.051,0.455,0.125,0.534,0.158,0.556,-0.435,1.0
15,.,1.0,0.073,-0.046,-0.041,0.196,0.052,0.005,0.107,-0.097,-0.098,0.229,-0.101,-0.238,0.314,-0.112,0.036
15,A1_1,0.073,1.0,0.022,-0.419,-0.179,-0.108,-0.075,0.187,0.261,-0.293,-0.177,0.086,-0.298,0.19,0.484,0.061
15,A1_2,-0.046,0.022,1.0,-0.23,-0.1,-0.344,0.363,0.386,0.372,0.16,-0.217,-0.008,0.104,0.155,-0.057,0.031
15,A1_3,-0.041,-0.419,-0.23,1.0,-0.366,0.368,-0.477,-0.422,-0.431,0.216,0.614,0.172,-0.225,-0.106,-0.239,0.185
15,B1_1,0.196,-0.179,-0.1,-0.366,1.0,-0.184,0.101,-0.21,-0.181,0.245,-0.153,-0.053,0.528,0.458,0.035,-0.01
15,B1_2,0.052,-0.108,-0.344,0.368,-0.184,1.0,-0.126,-0.041,-0.638,0.098,0.116,-0.076,-0.135,-0.368,0.14,-0.305
15,B1_3,0.005,-0.075,0.363,-0.477,0.101,-0.126,1.0,0.345,0.237,0.298,-0.253,0.01,0.266,-0.027,-0.282,0.304
15,A2_1,0.107,0.187,0.386,-0.422,-0.21,-0.041,0.345,1.0,0.337,0.206,-0.216,-0.341,0.064,-0.113,-0.093,0.01
15,A2_2,-0.097,0.261,0.372,-0.431,-0.181,-0.638,0.237,0.337,1.0,-0.171,-0.373,0.116,-0.136,-0.129,0.154,0.051
15,A2_3,-0.098,-0.293,0.16,0.216,0.245,0.098,0.298,0.206,-0.171,1.0,0.371,0.108,0.248,0.111,-0.209,0.455
15,B2_1,0.229,-0.177,-0.217,0.614,-0.153,0.116,-0.253,-0.216,-0.373,0.371,1.0,-0.287,-0.189,-0.035,-0.059,0.125
15,B2_2,-0.101,0.086,-0.008,0.172,-0.053,-0.076,0.01,-0.341,0.116,0.108,-0.287,1.0,-0.135,0.331,-0.065,0.534
15,B2_3,-0.238,-0.298,0.104,-0.225,0.528,-0.135,0.266,0.064,-0.136,0.248,-0.189,-0.135,1.0,0.363,0.014,0.159
15,y1,0.314,0.19,0.155,-0.106,0.458,-0.368,-0.027,-0.113,-0.129,0.111,-0.035,0.331,0.363,1.0,0.011,0.557
15,y2,-0.112,0.484,-0.057,-0.239,0.035,0.14,-0.282,-0.093,0.154,-0.209,-0.059,-0.065,0.014,0.011,1.0,-0.434
15,y3,0.036,0.061,0.031,0.185,-0.01,-0.305,0.304,0.01,0.051,0.455,0.125,0.534,0.159,0.557,-0.434,1.0
16,.,1.0,0.071,-0.047,-0.046,0.199,0.051,0.005,0.107,-0.098,-0.099,0.225,-0.101,-0.235,0.315,-0.111,0.034
16,A1_1,0.071,1.0,0.022,-0.42,-0.178,-0.107,-0.074,0.187,0.262,-0.292,-0.176,0.087,-0.296,0.188,0.483,0.059
16,A1_2,-0.047,0.022,1.0,-0.229,-0.102,-0.345,0.362,0.387,0.372,0.16,-0.219,-0.01,0.102,0.155,-0.056,0.032
16,A1_3,-0.046,-0.42,-0.229,1.0,-0.365,0.368,-0.477,-0.422,-0.431,0.216,0.615,0.171,-0.224,-0.105,-0.237,0.184
16,B1_1,0.199,-0.178,-0.102,-0.365,1.0,-0.184,0.099,-0.211,-0.182,0.245,-0.155,-0.053,0.526,0.457,0.034,-0.01
16,B1_2,0.051,-0.107,-0.345,0.368,-0.184,1.0,-0.126,-0.041,-0.638,0.097,0.116,-0.074,-0.135,-0.368,0.139,-0.305
16,B1_3,0.005,-0.074,0.362,-0.477,0.099,-0.126,1.0,0.344,0.236,0.297,-0.255,0.009,0.264,-0.026,-0.282,0.306
16,A2_1,0.107,0.187,0.387,-0.422,-0.211,-0.041,0.344,1.0,0.337,0.206,-0.217,-0.343,0.064,-0.114,-0.093,0.01
16,A2_2,-0.098,0.262,0.372,-0.431,-0.182,-0.638,0.236,0.337,1.0,-0.171,-0.374,0.115,-0.137,-0.129,0.154,0.051
16,A2_3,-0.099,-0.292,0.16,0.216,0.245,0.097,0.297,0.206,-0.171,1.0,0.37,0.106,0.247,0.113,-0.206,0.455
16,B2_1,0.225,-0.176,-0.219,0.615,-0.155,0.116,-0.255,-0.217,-0.374,0.37,1.0,-0.287,-0.191,-0.034,-0.057,0.126
16,B2_2,-0.101,0.087,-0.01,0.171,-0.053,-0.074,0.009,-0.343,0.115,0.106,-0.287,1.0,-0.135,0.332,-0.063,0.534
16,B2_3,-0.235,-0.296,0.102,-0.224,0.526,-0.135,0.264,0.064,-0.137,0.247,-0.191,-0.135,1.0,0.363,0.015,0.161
16,y1,0.315,0.188,0.155,-0.105,0.457,-0.368,-0.026,-0.114,-0.129,0.113,-0.034,0.332,0.363,1.0,0.01,0.558
16,y2,-0.111,0.483,-0.056,-0.237,0.034,0.139,-0.282,-0.093,0.154,-0.206,-0.057,-0.063,0.015,0.01,1.0,-0.433
16,y3,0.034,0.059,0.032,0.184,-0.01,-0.305,0.306,0.01,0.051,0.455,0.126,0.534,0.161,0.558,-0.433,1.0
17,.,1.0,0.069,-0.047,-0.051,0.203,0.05,0.005,0.106,-0.099,-0.099,0.221,-0.102,-0.232,0.315,-0.111,0.032
17,A1_1,0.069,1.0,0.023,-0.42,-0.177,-0.107,-0.072,0.187,0.262,-0.292,-0.175,0.087,-0.295,0.186,0.483,0.056
17,A1_2,-0.047,0.023,1.0,-0.229,-0.103,-0.345,0.361,0.387,0.373,0.161,-0.22,-0.011,0.101,0.156,-0.055,0.033
17,A1_3,-0.051,-0.42,-0.229,1.0,-0.364,0.369,-0.476,-0.422,-0.431,0.216,0.616,0.171,-0.223,-0.104,-0.235,0.184
17,B1_1,0.203,-0.177,-0.103,-0.364,1.0,-0.185,0.096,-0.212,-0.182,0.244,-0.157,-0.053,0.524,0.456,0.033,-0.01
17,B1_2,0.05,-0.107,-0.345,0.369,-0.185,1.0,-0.125,-0.042,-0.638,0.096,0.117,-0.073,-0.135,-0.369,0.139,-0.304
17,B1_3,0.005,-0.072,0.361,-0.476,0.096,-0.125,1.0,0.343,0.236,0.295,-0.256,0.009,0.262,-0.025,-0.281,0.308
17,A2_1,0.106,0.187,0.387,-0.422,-0.212,-0.042,0.343,1.0,0.337,0.207,-0.218,-0.344,0.063,-0.115,-0.093,0.009
17,A2_2,-0.099,0.262,0.373,-0.431,-0.182,-0.638,0.236,0.337,1.0,-0.17,-0.374,0.114,-0.137,-0.129,0.155,0.051
17,A2_3,-0.099,-0.292,0.161,0.216,0.244,0.096,0.295,0.207,-0.17,1.0,0.368,0.104,0.246,0.114,-0.204,0.454
17,B2_1,0.221,-0.175,-0.22,0.616,-0.157,0.117,-0.256,-0.218,-0.374,0.368,1.0,-0.286,-0.193,-0.033,-0.056,0.127
17,B2_2,-0.102,0.087,-0.011,0.171,-0.053,-0.073,0.009,-0.344,0.114,0.104,-0.286,1.0,-0.136,0.332,-0.062,0.534
17,B2_3,-0.232,-0.295,0.101,-0.223,0.524,-0.135,0.262,0.063,-0.137,0.246,-0.193,-0.136,1.0,0.365,0.016,0.162
17,y1,0.315,0.186,0.156,-0.104,0.456,-0.369,-0.025,-0.115,-0.129,0.114,-0.033,0.332,0.365,1.0,0.009,0.559
17,y2,-0.111,0.483,-0.055,-0.235,0.033,0.139,-0.281,-0.093,0.155,-0.204,-0.056,-0.062,0.016,0.009,1.0,-0.432
17,y3,0.032,0.056,0.033,0.184,-0.01,-0.304,0.308,0.009,0.051,0.454,0.127,0.534,0.162,0.559,-0.432,1.0
18,.,1.0,0.066,-0.047,-0.055,0.206,0.049,0.006,0.106,-0.1,-0.099,0.218,-0.103,-0.228,0.315,-0.11,0.03
18,A1_1,0.066,1.0,0.024,-0.421,-0.176,-0.106,-0.071,0.187,0.262,-0.291,-0.174,0.087,-0.294,0.184,0.482,0.054
18,A1_2,-0.047,0.024,1.0,-0.229,-0.105,-0.346,0.36,0.388,0.373,0.162,-0.222,-0.013,0.1,0.157,-0.053,0.034
18,A1_3,-0.055,-0.421,-0.229,1.0,-0.363,0.369,-0.476,-0.422,-0.431,0.217,0.618,0.171,-0.222,-0.103,-0.233,0.183
18,B1_1,0.206,-0.176,-0.105,-0.363,1.0,-0.185,0.094,-0.213,-0.182,0.244,-0.158,-0.053,0.522,0.456,0.032,-0.01
18,B1_2,0.049,-0.106,-0.346,0.369,-0.185,1.0,-0.125,-0.043,-0.638,0.095,0.118,-0.071,-0.135,-0.369,0.138,-0.304
18,B1_3,0.006,-0.071,0.36,-0.476,0.094,-0.125,1.0,0.342,0.236,0.294,-0.258,0.009,0.259,-0.024,-0.281,0.31
18,A2_1,0.106,0.187,0.388,-0.422,-0.213,-0.043,0.342,1.0,0.338,0.208,-0.219,-0.345,0.063,-0.115,-0.093,0.009
18,A2_2,-0.1,0.262,0.373,-0.431,-0.182,-0.638,0.236,0.338,1.0,-0.169,-0.375,0.113,-0.138,-0.129,0.156,0.051
18,A2_3,-0.099,-0.291,0.162,0.217,0.244,0.095,0.294,0.208,-0.169,1.0,0.367,0.103,0.245,0.116,-0.202,0.454
18,B2_1,0.218,-0.174,-0.222,0.618,-0.158,0.118,-0.258,-0.219,-0.375,0.367,1.0,-0.286,-0.195,-0.032,-0.054,0.128
18,B2_2,-0.103,0.087,-0.013,0.171,-0.053,-0.071,0.009,-0.345,0.113,0.103,-0.286,1.0,-0.136,0.333,-0.061,0.534
18,B2_3,-0.228,-0.294,0.1,-0.222,0.522,-0.135,0.259,0.063,-0.138,0.245,-0.195,-0.136,1.0,0.365,0.017,0.164
18,y1,0.315,0.184,0.157,-0.103,0.456,-0.369,-0.024,-0.115,-0.129,0.116,-0.032,0.333,0.365,1.0,0.008,0.561
18,y2,-0.11,0.482,-0.053,-0.233,0.032,0.138,-0.281,-0.093,0.156,-0.202,-0.054,-0.061,0.017,0.008,1.0,-0.431
18,y3,0.03,0.054,0.034,0.183,-0.01,-0.304,0.31,0.009,0.051,0.454,0.128,0.534,0.164,0.561,-0.431,1.0
19,.,1.0,0.064,-0.047,-0.06,0.209,0.049,0.006,0.106,-0.101,-0.099,0.214,-0.104,-0.226,0.316,-0.11,0.028
19,A1_1,0.064,1.0,0.025,-0.422,-0.174,-0.106,-0.069,0.188,0.262,-0.29,-0.173,0.087,-0.292,0.182,0.482,0.052
19,A1_2,-0.047,0.025,1.0,-0.228,-0.106,-0.347,0.358,0.388,0.373,0.163,-0.223,-0.015,0.098,0.157,-0.052,0.035
19,A1_3,-0.06,-0.422,-0.228,1.0,-0.362,0.37,-0.476,-0.422,-0.43,0.217,0.619,0.17,-0.22,-0.102,-0.231,0.183
19,B1_1,0.209,-0.174,-0.106,-0.362,1.0,-0.185,0.092,-0.214,-0.183,0.243,-0.16,-0.053,0.52,0.455,0.031,-0.01
19,B1_2,0.049,-0.106,-0.347,0.37,-0.185,1.0,-0.125,-0.043,-0.638,0.094,0.119,-0.07,-0.135,-0.369,0.137,-0.304
19,B1_3,0.006,-0.069,0.358,-0.476,0.092,-0.125,1.0,0.342,0.236,0.293,-0.259,0.009,0.257,-0.024,-0.28,0.312
19,A2_1,0.106,0.188,0.388,-0.422,-0.214,-0.043,0.342,1.0,0.338,0.208,-0.22,-0.347,0.063,-0.116,-0.093,0.008
19,A2_2,-0.101,0.262,0.373,-0.43,-0.183,-0.638,0.236,0.338,1.0,-0.167,-0.375,0.112,-0.138,-0.129,0.157,0.051
19,A2_3,-0.099,-0.29,0.163,0.217,0.243,0.094,0.293,0.208,-0.167,1.0,0.366,0.101,0.244,0.117,-0.2,0.454
19,B2_1,0.214,-0.173,-0.223,0.619,-0.16,0.119,-0.259,-0.22,-0.375,0.366,1.0,-0.286,-0.197,-0.032,-0.053,0.128
19,B2_2,-0.104,0.087,-0.015,0.17,-0.053,-0.07,0.009,-0.347,0.112,0.101,-0.286,1.0,-0.137,0.334,-0.06,0.534
19,B2_3,-0.226,-0.292,0.098,-0.22,0.52,-0.135,0.257,0.063,-0.138,0.244,-0.197,-0.137,1.0,0.366,0.018,0.165
19,y1,0.316,0.182,0.157,-0.102,0.455,-0.369,-0.024,-0.116,-0.129,0.117,-0.032,0.334,0.366,1.0,0.007,0.562
19,y2,-0.11,0.482,-0.052,-0.231,0.031,0.137,-0.28,-0.093,0.157,-0.2,-0.053,-0.06,0.018,0.007,1.0,-0.43
19,y3,0.028,0.052,0.035,0.183,-0.01,-0.304,0.312,0.008,0.051,0.454,0.128,0.534,0.165,0.562,-0.43,1.0
20,.,1.0,0.062,-0.046,-0.065,0.212,0.048,0.006,0.106,-0.102,-0.099,0.21,-0.105,-0.222,0.316,-0.109,0.025
20,A1_1,0.062,1.0,0.026,-0.423,-0.173,-0.105,-0.068,0.188,0.263,-0.29,-0.172,0.087,-0.291,0.18,0.481,0.049
20,A1_2,-0.046,0.026,1.0,-0.227,-0.108,-0.347,0.357,0.388,0.374,0.163,-0.225,-0.016,0.097,0.158,-0.051,0.036
20,A1_3,-0.065,-0.423,-0.227,1.0,-0.361,0.37,-0.475,-0.422,-0.43,0.217,0.62,0.169,-0.219,-0.101,-0.229,0.182
20,B1_1,0.212,-0.173,-0.108,-0.361,1.0,-0.185,0.089,-0.215,-0.183,0.243,-0.162,-0.053,0.518,0.455,0.03,-0.01
20,B1_2,0.048,-0.105,-0.347,0.37,-0.185,1.0,-0.124,-0.044,-0.637,0.093,0.12,-0.069,-0.134,-0.37,0.137,-0.303
20,B1_3,0.006,-0.068,0.357,-0.475,0.089,-0.124,1.0,0.341,0.236,0.292,-0.26,0.009,0.255,-0.023,-0.28,0.313
20,A2_1,0.106,0.188,0.388,-0.422,-0.215,-0.044,0.341,1.0,0.338,0.209,-0.221,-0.348,0.062,-0.117,-0.093,0.008
20,A2_2,-0.102,0.263,0.374,-0.43,-0.183,-0.637,0.236,0.338,1.0,-0.167,-0.376,0.11,-0.139,-0.129,0.157,0.051
20,A2_3,-0.099,-0.29,0.163,0.217,0.243,0.093,0.292,0.209,-0.167,1.0,0.364,0.099,0.243,0.118,-0.198,0.454
20,B2_1,0.21,-0.172,-0.225,0.62,-0.162,0.12,-0.26,-0.221,-0.376,0.364,1.0,-0.285,-0.2,-0.031,-0.052,0.129
20,B2_2,-0.105,0.087,-0.016,0.169,-0.053,-0.069,0.009,-0.348,0.11,0.099,-0.285,1.0,-0.137,0.335,-0.058,0.535
20,B2_3,-0.222,-0.291,0.097,-0.219,0.518,-0.134,0.255,0.062,-0.139,0.243,-0.2,-0.137,1.0,0.367,0.019,0.166
20,y1,0.316,0.18,0.158,-0.101,0.455,-0.37,-0.023,-0.117,-0.129,0.118,-0.031,0.335,0.367,1.0,0.007,0.563
20,y2,-0.109,0.481,-0.051,-0.229,0.03,0.137,-0.28,-0.093,0.157,-0.198,-0.052,-0.058,0.019,0.007,1.0,-0.429
20,y3,0.025,0.049,0.036,0.182,-0.01,-0.303,0.313,0.008,0.051,0.454,0.129,0.535,0.166,0.563,-0.429,1.0
21,.,1.0,0.06,-0.046,-0.069,0.215,0.047,0.007,0.106,-0.103,-0.099,0.206,-0.106,-0.22,0.316,-0.108,0.023
21,A1_1,0.06,1.0,0.026,-0.424,-0.172,-0.105,-0.066,0.189,0.263,-0.289,-0.171,0.087,-0.289,0.178,0.481,0.047
21,A1_2,-0.046,0.026,1.0,-0.227,-0.109,-0.348,0.355,0.389,0.374,0.164,-0.227,-0.018,0.095,0.159,-0.05,0.037
21,A1_3,-0.069,-0.424,-0.227,1.0,-0.36,0.371,-0.475,-0.421,-0.43,0.217,0.621,0.169,-0.218,-0.1,-0.228,0.181
21,B1_1,0.215,-0.172,-0.109,-0.36,1.0,-0.186,0.087,-0.217,-0.184,0.243,-0.164,-0.052,0.516,0.454,0.029,-0.011
21,B1_2,0.047,-0.105,-0.348,0.371,-0.186,1.0,-0.124,-0.045,-0.637,0.092,0.12,-0.067,-0.134,-0.37,0.136,-0.303
21,B1_3,0.007,-0.066,0.355,-0.475,0.087,-0.124,1.0,0.34,0.235,0.291,-0.262,0.009,0.252,-0.022,-0.279,0.315
21,A2_1,0.106,0.189,0.389,-0.421,-0.217,-0.045,0.34,1.0,0.339,0.209,-0.222,-0.349,0.061,-0.117,-0.092,0.007
21,A2_2,-0.103,0.263,0.374,-0.43,-0.184,-0.637,0.235,0.339,1.0,-0.166,-0.376,0.109,-0.139,-0.129,0.158,0.051
21,A2_3,-0.099,-0.289,0.164,0.217,0.243,0.092,0.291,0.209,-0.166,1.0,0.363,0.097,0.242,0.12,-0.196,0.453
21,B2_1,0.206,-0.171,-0.227,0.621,-0.164,0.12,-0.262,-0.222,-0.376,0.363,1.0,-0.284,-0.202,-0.03,-0.051,0.129
21,B2_2,-0.106,0.087,-0.018,0.169,-0.052,-0.067,0.009,-0.349,0.109,0.097,-0.284,1.0,-0.138,0.335,-0.057,0.535
21,B2_3,-0.22,-0.289,0.095,-0.218,0.516,-0.134,0.252,0.061,-0.139,0.242,-0.202,-0.138,1.0,0.368,0.02,0.168
21,y1,0.316,0.178,0.159,-0.1,0.454,-0.37,-0.022,-0.117,-0.129,0.12,-0.03,0.335,0.368,1.0,0.006,0.565
21,y2,-0.108,0.481,-0.05,-0.228,0.029,0.136,-0.279,-0.092,0.158,-0.196,-0.051,-0.057,0.02,0.006,1.0,-0.427
21,y3,0.023,0.047,0.037,0.181,-0.011,-0.303,0.315,0.007,0.051,0.453,0.129,0.535,0.168,0.565,-0.427,1.0
22,.,1.0,0.058,-0.046,-0.074,0.218,0.046,0.008,0.105,-0.104,-0.099,0.203,-0.107,-0.217,0.316,-0.108,0.021
22,A1_1,0.058,1.0,0.027,-0.425,-0.171,-0.105,-0.065,0.189,0.263,-0.288,-0.17,0.087,-0.288,0.176,0.48,0.045
22,A1_2,-0.046,0.027,1.0,-0.227,-0.111,-0.349,0.354,0.389,0.375,0.164,-0.228,-0.02,0.093,0.16,-0.048,0.038
22,A1_3,-0.074,-0.425,-0.227,1.0,-0.358,0.371,-0.474,-0.421,-0.43,0.217,0.623,0.168,-0.217,-0.099,-0.226,0.181
22,B1_1,0.218,-0.171,-0.111,-0.358,1.0,-0.186,0.084,-0.218,-0.184,0.242,-0.166,-0.052,0.515,0.453,0.028,-0.011
22,B1_2,0.046,-0.105,-0.349,0.371,-0.186,1.0,-0.123,-0.045,-0.637,0.091,0.121,-0.066,-0.134,-0.37,0.136,-0.303
22,B1_3,0.008,-0.065,0.354,-0.474,0.084,-0.123,1.0,0.339,0.235,0.29,-0.263,0.009,0.25,-0.022,-0.279,0.317
22,A2_1,0.105,0.189,0.389,-0.421,-0.218,-0.045,0.339,1.0,0.339,0.209,-0.223,-0.35,0.061,-0.118,-0.092,0.006
22,A2_2,-0.104,0.263,0.375,-0.43,-0.184,-0.637,0.235,0.339,1.0,-0.165,-0.377,0.108,-0.14,-0.129,0.159,0.051
22,A2_3,-0.099,-0.288,0.164,0.217,0.242,0.091,0.29,0.209,-0.165,1.0,0.362,0.096,0.241,0.121,-0.194,0.453
22,B2_1,0.203,-0.17,-0.228,0.623,-0.166,0.121,-0.263,-0.223,-0.377,0.362,1.0,-0.284,-0.203,-0.029,-0.049,0.13
22,B2_2,-0.107,0.087,-0.02,0.168,-0.052,-0.066,0.009,-0.35,0.108,0.096,-0.284,1.0,-0.139,0.336,-0.056,0.535
22,B2_3,-0.217,-0.288,0.093,-0.217,0.515,-0.134,0.25,0.061,-0.14,0.241,-0.203,-0.139,1.0,0.369,0.021,0.169
22,y1,0.316,0.176,0.16,-0.099,0.453,-0.37,-0.022,-0.118,-0.129,0.121,-0.029,0.336,0.369,1.0,0.005,0.566
22,y2,-0.108,0.48,-0.048,-0.226,0.028,0.136,-0.279,-0.092,0.159,-0.194,-0.049,-0.056,0.021,0.005,1.0,-0.426
22,y3,0.021,0.045,0.038,0.181,-0.011,-0.303,0.317,0.006,0.051,0.453,0.13,0.535,0.169,0.566,-0.426,1.0
23,.,1.0,0.056,-0.046,-0.079,0.221,0.045,0.008,0.105,-0.105,-0.099,0.199,-0.108,-0.214,0.316,-0.107,0.019
23,A1_1,0.056,1.0,0.028,-0.426,-0.17,-0.104,-0.063,0.19,0.263,-0.287,-0.169,0.087,-0.287,0.174,0.48,0.043
23,A1_2,-0.046,0.028,1.0,-0.227,-0.112,-0.349,0.353,0.389,0.375,0.165,-0.23,-0.021,0.092,0.16,-0.047,0.038
23,A1_3,-0.079,-0.426,-0.227,1.0,-0.357,0.372,-0.474,-0.421,-0.43,0.217,0.624,0.168,-0.216,-0.098,-0.224,0.18
23,B1_1,0.221,-0.17,-0.112,-0.357,1.0,-0.186,0.082,-0.218,-0.185,0.242,-0.167,-0.052,0.513,0.452,0.028,-0.011
23,B1_2,0.045,-0.104,-0.349,0.372,-0.186,1.0,-0.123,-0.046,-0.637,0.09,0.122,-0.064,-0.133,-0.371,0.135,-0.303
