,,.,A1_1,A1_2,A1_3,B1_1,B1_2,B1_3,A2_1,A2_2,A2_3,B2_1,B2_2,B2_3,y1,y2,y3
0,.,1.0,0.625,0.598,0.788,0.833,0.536,0.9,0.814,0.081,0.211,0.68,0.491,0.375,0.648,0.103,0.455
0,A1_1,0.625,1.0,0.713,0.828,0.76,0.568,0.611,0.615,0.638,0.818,0.282,0.616,0.292,0.534,0.45,0.714
0,A1_2,0.598,0.713,1.0,0.673,0.666,0.592,0.512,0.7,0.572,0.54,0.417,0.761,0.578,0.608,0.633,0.814
0,A1_3,0.788,0.828,0.673,1.0,0.802,0.686,0.871,0.819,0.563,0.695,0.367,0.704,0.439,0.781,0.262,0.685
0,B1_1,0.833,0.76,0.666,0.802,1.0,0.73,0.753,0.825,0.263,0.428,0.432,0.747,0.479,0.545,0.356,0.603
0,B1_2,0.536,0.568,0.592,0.686,0.73,1.0,0.652,0.628,0.147,0.365,0.34,0.809,0.536,0.449,0.148,0.741
0,B1_3,0.9,0.611,0.512,0.871,0.753,0.652,1.0,0.836,0.169,0.335,0.679,0.58,0.461,0.644,0.055,0.57
0,A2_1,0.814,0.615,0.7,0.819,0.825,0.628,0.836,1.0,0.364,0.442,0.442,0.719,0.431,0.532,0.387,0.548
0,A2_2,0.081,0.638,0.572,0.563,0.263,0.147,0.169,0.364,1.0,0.906,-0.179,0.471,0.251,0.449,0.643,0.535
0,A2_3,0.211,0.818,0.54,0.695,0.428,0.365,0.335,0.442,0.906,1.0,-0.133,0.563,0.128,0.458,0.458,0.598
0,B2_1,0.68,0.282,0.417,0.367,0.432,0.34,0.679,0.442,-0.179,-0.133,1.0,0.333,0.601,0.345,0.099,0.525
0,B2_2,0.491,0.616,0.761,0.704,0.747,0.809,0.58,0.719,0.471,0.563,0.333,1.0,0.62,0.606,0.407,0.855
0,B2_3,0.375,0.292,0.578,0.439,0.479,0.536,0.461,0.431,0.251,0.128,0.601,0.62,1.0,0.394,0.563,0.747
0,y1,0.648,0.534,0.608,0.781,0.545,0.449,0.644,0.532,0.449,0.458,0.345,0.606,0.394,1.0,0.011,0.575
0,y2,0.103,0.45,0.633,0.262,0.356,0.148,0.055,0.387,0.643,0.458,0.099,0.407,0.563,0.011,1.0,0.504
0,y3,0.455,0.714,0.814,0.685,0.603,0.741,0.57,0.548,0.535,0.598,0.525,0.855,0.747,0.575,0.504,1.0
500,.,1.0,0.089,0.061,0.079,0.201,0.172,0.199,0.101,0.058,0.053,0.18,0.195,0.169,-0.82,-0.877,-0.82
500,A1_1,0.089,1.0,0.991,0.954,-0.719,-0.716,-0.724,0.977,0.973,0.968,-0.695,-0.727,-0.772,-0.134,-0.156,-0.133
500,A1_2,0.061,0.991,1.0,0.932,-0.685,-0.677,-0.691,0.992,0.955,0.946,-0.651,-0.697,-0.742,-0.17,-0.184,-0.171
500,A1_3,0.079,0.954,0.932,1.0,-0.822,-0.831,-0.817,0.89,0.994,0.994,-0.813,-0.821,-0.838,-0.128,-0.153,-0.121
500,B1_1,0.201,-0.719,-0.685,-0.822,1.0,0.996,0.998,-0.631,-0.81,-0.824,0.995,0.998,0.99,-0.104,-0.109,-0.119
500,B1_2,0.172,-0.716,-0.677,-0.831,0.996,1.0,0.995,-0.62,-0.81,-0.825,0.999,0.993,0.982,-0.088,-0.089,-0.103
500,B1_3,0.199,-0.724,-0.691,-0.817,0.998,0.995,1.0,-0.642,-0.805,-0.818,0.994,0.998,0.994,-0.098,-0.104,-0.112
500,A2_1,0.101,0.977,0.992,0.89,-0.631,-0.62,-0.642,1.0,0.92,0.91,-0.593,-0.648,-0.703,-0.221,-0.232,-0.224
500,A2_2,0.058,0.973,0.955,0.994,-0.81,-0.81,-0.805,0.92,1.0,0.999,-0.793,-0.812,-0.836,-0.107,-0.128,-0.099
500,A2_3,0.053,0.968,0.946,0.994,-0.824,-0.825,-0.818,0.91,0.999,1.0,-0.809,-0.825,-0.849,-0.096,-0.117,-0.087
500,B2_1,0.18,-0.695,-0.651,-0.813,0.995,0.999,0.994,-0.593,-0.793,-0.809,1.0,0.991,0.979,-0.115,-0.114,-0.13
500,B2_2,0.195,-0.727,-0.697,-0.821,0.998,0.993,0.998,-0.648,-0.812,-0.825,0.991,1.0,0.994,-0.078,-0.088,-0.093
500,B2_3,0.169,-0.772,-0.742,-0.838,0.99,0.982,0.994,-0.703,-0.836,-0.849,0.979,0.994,1.0,-0.066,-0.073,-0.08
500,y1,-0.82,-0.134,-0.17,-0.128,-0.104,-0.088,-0.098,-0.221,-0.107,-0.096,-0.115,-0.078,-0.066,1.0,0.989,0.999
500,y2,-0.877,-0.156,-0.184,-0.153,-0.109,-0.089,-0.104,-0.232,-0.128,-0.117,-0.114,-0.088,-0.073,0.989,1.0,0.991
500,y3,-0.82,-0.133,-0.171,-0.121,-0.119,-0.103,-0.112,-0.224,-0.099,-0.087,-0.13,-0.093,-0.08,0.999,0.991,1.0
1000,.,1.0,-0.277,-0.365,-0.187,0.143,0.097,0.129,-0.162,-0.206,-0.189,0.064,0.036,0.046,-0.789,-0.79,-0.81
1000,A1_1,-0.277,1.0,0.986,0.895,-0.408,-0.412,-0.328,0.935,0.98,0.971,-0.302,-0.277,-0.312,0.134,0.147,0.144
1000,A1_2,-0.365,0.986,1.0,0.882,-0.419,-0.401,-0.336,0.93,0.956,0.953,-0.299,-0.278,-0.31,0.186,0.208,0.205
1000,A1_3,-0.187,0.895,0.882,1.0,-0.75,-0.747,-0.691,0.937,0.949,0.955,-0.675,-0.66,-0.688,0.077,0.078,0.102
1000,B1_1,0.143,-0.408,-0.419,-0.75,1.0,0.987,0.989,-0.517,-0.513,-0.527,0.987,0.985,0.987,-0.154,-0.145,-0.194
1000,B1_2,0.097,-0.412,-0.401,-0.747,0.987,1.0,0.981,-0.492,-0.518,-0.522,0.988,0.98,0.983,-0.155,-0.138,-0.186
1000,B1_3,0.129,-0.328,-0.336,-0.691,0.989,0.981,1.0,-0.438,-0.433,-0.447,0.993,0.988,0.992,-0.203,-0.19,-0.238
1000,A2_1,-0.162,0.935,0.93,0.937,-0.517,-0.492,-0.438,1.0,0.972,0.987,-0.419,-0.411,-0.445,-0.061,-0.049,-0.038
1000,A2_2,-0.206,0.98,0.956,0.949,-0.513,-0.518,-0.433,0.972,1.0,0.997,-0.419,-0.399,-0.433,0.033,0.037,0.047
1000,A2_3,-0.189,0.971,0.953,0.955,-0.527,-0.522,-0.447,0.987,0.997,1.0,-0.43,-0.415,-0.448,0.003,0.01,0.021
1000,B2_1,0.064,-0.302,-0.299,-0.675,0.987,0.988,0.993,-0.419,-0.419,-0.43,1.0,0.997,0.998,-0.126,-0.11,-0.16
1000,B2_2,0.036,-0.277,-0.278,-0.66,0.985,0.98,0.988,-0.411,-0.399,-0.415,0.997,1.0,0.998,-0.086,-0.074,-0.123
1000,B2_3,0.046,-0.312,-0.31,-0.688,0.987,0.983,0.992,-0.445,-0.433,-0.448,0.998,0.998,1.0,-0.098,-0.084,-0.133
1000,y1,-0.789,0.134,0.186,0.077,-0.154,-0.155,-0.203,-0.061,0.033,0.003,-0.126,-0.086,-0.098,1.0,0.996,0.997
1000,y2,-0.79,0.147,0.208,0.078,-0.145,-0.138,-0.19,-0.049,0.037,0.01,-0.11,-0.074,-0.084,0.996,1.0,0.996
1000,y3,-0.81,0.144,0.205,0.102,-0.194,-0.186,-0.238,-0.038,0.047,0.021,-0.16,-0.123,-0.133,0.997,0.996,1.0
1500,.,1.0,-0.004,-0.006,-0.204,0.293,0.246,0.337,-0.082,-0.221,-0.308,0.256,0.246,0.205,-0.745,-0.767,-0.767
1500,A1_1,-0.004,1.0,0.999,0.803,-0.416,-0.504,-0.346,0.951,0.789,0.607,-0.465,-0.466,-0.547,0.213,0.258,0.235
1500,A1_2,-0.006,0.999,1.0,0.805,-0.423,-0.514,-0.352,0.953,0.788,0.609,-0.476,-0.475,-0.56,0.197,0.245,0.221
1500,A1_3,-0.204,0.803,0.805,1.0,-0.853,-0.878,-0.826,0.928,0.995,0.952,-0.874,-0.863,-0.886,0.179,0.224,0.201
1500,B1_1,0.293,-0.416,-0.423,-0.853,1.0,0.987,0.989,-0.611,-0.837,-0.904,0.992,0.992,0.966,-0.017,-0.056,-0.036
1500,B1_2,0.246,-0.504,-0.514,-0.878,0.987,1.0,0.956,-0.677,-0.854,-0.896,0.995,0.998,0.994,0.041,-0.006,0.016
1500,B1_3,0.337,-0.346,-0.352,-0.826,0.989,0.956,1.0,-0.562,-0.817,-0.903,0.974,0.966,0.927,-0.08,-0.113,-0.096
1500,A2_1,-0.082,0.951,0.953,0.928,-0.611,-0.677,-0.562,1.0,0.922,0.808,-0.66,-0.647,-0.715,0.178,0.225,0.202
1500,A2_2,-0.221,0.789,0.788,0.995,-0.837,-0.854,-0.817,0.922,1.0,0.963,-0.853,-0.842,-0.857,0.216,0.257,0.235
1500,A2_3,-0.308,0.607,0.609,0.952,-0.904,-0.896,-0.903,0.808,0.963,1.0,-0.912,-0.893,-0.89,0.167,0.206,0.187
1500,B2_1,0.256,-0.465,-0.476,-0.874,0.992,0.995,0.974,-0.66,-0.853,-0.912,1.0,0.996,0.987,0.035,-0.009,0.012
1500,B2_2,0.246,-0.466,-0.475,-0.863,0.992,0.998,0.966,-0.647,-0.842,-0.893,0.996,1.0,0.988,0.046,0.002,0.024
1500,B2_3,0.205,-0.547,-0.56,-0.886,0.966,0.994,0.927,-0.715,-0.857,-0.89,0.987,0.988,1.0,0.091,0.041,0.064
1500,y1,-0.745,0.213,0.197,0.179,-0.017,0.041,-0.08,0.178,0.216,0.167,0.035,0.046,0.091,1.0,0.996,0.999
1500,y2,-0.767,0.258,0.245,0.224,-0.056,-0.006,-0.113,0.225,0.257,0.206,-0.009,0.002,0.041,0.996,1.0,0.999
1500,y3,-0.767,0.235,0.221,0.201,-0.036,0.016,-0.096,0.202,0.235,0.187,0.012,0.024,0.064,0.999,0.999,1.0
2000,.,1.0,-0.137,-0.137,-0.125,-0.09,-0.059,-0.13,-0.174,-0.201,-0.194,-0.106,-0.108,-0.117,-0.571,-0.561,-0.613
2000,A1_1,-0.137,1.0,0.963,0.961,-0.238,-0.212,-0.198,0.948,0.881,0.877,-0.144,-0.144,-0.16,0.328,0.354,0.288
2000,A1_2,-0.137,0.963,1.0,0.988,-0.334,-0.355,-0.305,0.944,0.911,0.893,-0.275,-0.268,-0.276,0.264,0.279,0.238
2000,A1_3,-0.125,0.961,0.988,1.0,-0.405,-0.41,-0.366,0.977,0.958,0.947,-0.336,-0.332,-0.342,0.208,0.231,0.18
2000,B1_1,-0.09,-0.238,-0.334,-0.405,1.0,0.978,0.994,-0.363,-0.451,-0.438,0.982,0.986,0.989,-0.048,-0.092,-0.044
2000,B1_2,-0.059,-0.212,-0.355,-0.41,0.978,1.0,0.984,-0.349,-0.447,-0.425,0.994,0.992,0.989,-0.024,-0.055,-0.027
2000,B1_3,-0.13,-0.198,-0.305,-0.366,0.994,0.984,1.0,-0.311,-0.393,-0.377,0.991,0.994,0.996,-0.056,-0.096,-0.051
2000,A2_1,-0.174,0.948,0.944,0.977,-0.363,-0.349,-0.311,1.0,0.977,0.979,-0.283,-0.281,-0.294,0.18,0.21,0.152
2000,A2_2,-0.201,0.881,0.911,0.958,-0.451,-0.447,-0.393,0.977,1.0,0.998,-0.377,-0.376,-0.384,0.08,0.109,0.065
2000,A2_3,-0.194,0.877,0.893,0.947,-0.438,-0.425,-0.377,0.979,0.998,1.0,-0.359,-0.358,-0.369,0.071,0.103,0.054
2000,B2_1,-0.106,-0.144,-0.275,-0.336,0.982,0.994,0.991,-0.283,-0.377,-0.359,1.0,0.999,0.998,-0.006,-0.039,-0.005
2000,B2_2,-0.108,-0.144,-0.268,-0.332,0.986,0.992,0.994,-0.281,-0.376,-0.358,0.999,1.0,0.999,-0.006,-0.041,-0.004
2000,B2_3,-0.117,-0.16,-0.276,-0.342,0.989,0.989,0.996,-0.294,-0.384,-0.369,0.998,0.999,1.0,-0.014,-0.051,-0.01
2000,y1,-0.571,0.328,0.264,0.208,-0.048,-0.024,-0.056,0.18,0.08,0.071,-0.006,-0.006,-0.014,1.0,0.995,0.994
2000,y2,-0.561,0.354,0.279,0.231,-0.092,-0.055,-0.096,0.21,0.109,0.103,-0.039,-0.041,-0.051,0.995,1.0,0.983
2000,y3,-0.613,0.288,0.238,0.18,-0.044,-0.027,-0.051,0.152,0.065,0.054,-0.005,-0.004,-0.01,0.994,0.983,1.0
2500,.,1.0,-0.019,0.143,0.106,0.002,-0.027,0.002,-0.001,0.031,0.064,-0.034,-0.029,-0.043,-0.566,-0.542,-0.54
2500,A1_1,-0.019,1.0,0.914,0.952,-0.327,-0.314,-0.323,0.993,0.985,0.986,-0.301,-0.308,-0.319,0.25,0.289,0.247
2500,A1_2,0.143,0.914,1.0,0.989,-0.285,-0.347,-0.275,0.883,0.942,0.952,-0.31,-0.313,-0.319,0.326,0.369,0.321
2500,A1_3,0.106,0.952,0.989,1.0,-0.339,-0.381,-0.331,0.925,0.98,0.984,-0.35,-0.359,-0.359,0.274,0.315,0.264
2500,B1_1,0.002,-0.327,-0.285,-0.339,1.0,0.963,1.0,-0.293,-0.376,-0.348,0.984,0.98,0.99,-0.081,-0.158,-0.127
2500,B1_2,-0.027,-0.314,-0.347,-0.381,0.963,1.0,0.962,-0.257,-0.381,-0.353,0.995,0.995,0.988,-0.099,-0.176,-0.141
2500,B1_3,0.002,-0.323,-0.275,-0.331,1.0,0.962,1.0,-0.291,-0.37,-0.343,0.983,0.98,0.989,-0.074,-0.15,-0.12
2500,A2_1,-0.001,0.993,0.883,0.925,-0.293,-0.257,-0.291,1.0,0.97,0.973,-0.252,-0.258,-0.275,0.225,0.26,0.221
2500,A2_2,0.031,0.985,0.942,0.98,-0.376,-0.381,-0.37,0.97,1.0,0.998,-0.36,-0.375,-0.373,0.22,0.257,0.207
2500,A2_3,0.064,0.986,0.952,0.984,-0.348,-0.353,-0.343,0.973,0.998,1.0,-0.333,-0.345,-0.347,0.225,0.262,0.213
2500,B2_1,-0.034,-0.301,-0.31,-0.35,0.984,0.995,0.983,-0.252,-0.36,-0.333,1.0,0.996,0.998,-0.084,-0.163,-0.131
2500,B2_2,-0.029,-0.308,-0.313,-0.359,0.98,0.995,0.98,-0.258,-0.375,-0.345,0.996,1.0,0.992,-0.062,-0.135,-0.1
2500,B2_3,-0.043,-0.319,-0.319,-0.359,0.99,0.988,0.989,-0.275,-0.373,-0.347,0.998,0.992,1.0,-0.096,-0.177,-0.146
2500,y1,-0.566,0.25,0.326,0.274,-0.081,-0.099,-0.074,0.225,0.22,0.225,-0.084,-0.062,-0.096,1.0,0.992,0.991
2500,y2,-0.542,0.289,0.369,0.315,-0.158,-0.176,-0.15,0.26,0.257,0.262,-0.163,-0.135,-0.177,0.992,1.0,0.997
2500,y3,-0.54,0.247,0.321,0.264,-0.127,-0.141,-0.12,0.221,0.207,0.213,-0.131,-0.1,-0.146,0.991,0.997,1.0
3000,.,1.0,-0.159,-0.114,-0.076,-0.01,-0.107,-0.142,-0.102,-0.05,-0.044,0.065,-0.073,-0.105,-0.53,-0.461,-0.388
3000,A1_1,-0.159,1.0,0.96,0.934,-0.379,-0.3,-0.296,0.976,0.899,0.893,-0.392,-0.352,-0.36,0.114,0.13,0.128
3000,A1_2,-0.114,0.96,1.0,0.995,-0.487,-0.407,-0.376,0.994,0.983,0.982,-0.517,-0.446,-0.425,0.158,0.157,0.132
3000,A1_3,-0.076,0.934,0.995,1.0,-0.532,-0.453,-0.419,0.985,0.995,0.993,-0.563,-0.49,-0.464,0.162,0.158,0.129
3000,B1_1,-0.01,-0.379,-0.487,-0.532,1.0,0.985,0.965,-0.493,-0.585,-0.549,0.986,0.994,0.972,-0.147,-0.129,-0.129
3000,B1_2,-0.107,-0.3,-0.407,-0.453,0.985,1.0,0.99,-0.409,-0.508,-0.477,0.95,0.994,0.981,-0.128,-0.13,-0.149
3000,B1_3,-0.142,-0.296,-0.376,-0.419,0.965,0.99,1.0,-0.386,-0.467,-0.432,0.911,0.988,0.994,-0.107,-0.125,-0.163
3000,A2_1,-0.102,0.976,0.994,0.985,-0.493,-0.409,-0.386,1.0,0.97,0.963,-0.52,-0.455,-0.442,0.109,0.108,0.089
3000,A2_2,-0.05,0.899,0.983,0.995,-0.585,-0.508,-0.467,0.97,1.0,0.997,-0.62,-0.541,-0.506,0.164,0.153,0.12
3000,A2_3,-0.044,0.893,0.982,0.993,-0.549,-0.477,-0.432,0.963,0.997,1.0,-0.586,-0.504,-0.466,0.195,0.187,0.153
3000,B2_1,0.065,-0.392,-0.517,-0.563,0.986,0.95,0.911,-0.52,-0.62,-0.586,1.0,0.962,0.921,-0.167,-0.126,-0.102
3000,B2_2,-0.073,-0.352,-0.446,-0.49,0.994,0.994,0.988,-0.455,-0.541,-0.504,0.962,1.0,0.991,-0.11,-0.107,-0.124
3000,B2_3,-0.105,-0.36,-0.425,-0.464,0.972,0.981,0.994,-0.442,-0.506,-0.466,0.921,0.991,1.0,-0.087,-0.1,-0.135
3000,y1,-0.53,0.114,0.158,0.162,-0.147,-0.128,-0.107,0.109,0.164,0.195,-0.167,-0.11,-0.087,1.0,0.987,0.952
3000,y2,-0.461,0.13,0.157,0.158,-0.129,-0.13,-0.125,0.108,0.153,0.187,-0.126,-0.107,-0.1,0.987,1.0,0.988
3000,y3,-0.388,0.128,0.132,0.129,-0.129,-0.149,-0.163,0.089,0.12,0.153,-0.102,-0.124,-0.135,0.952,0.988,1.0
3500,.,1.0,-0.193,-0.197,-0.223,-0.138,-0.135,-0.165,-0.19,-0.187,-0.218,-0.127,-0.22,-0.249,-0.501,-0.567,-0.51
3500,A1_1,-0.193,1.0,0.999,0.956,-0.04,-0.111,0.0,0.993,0.994,0.952,-0.042,-0.047,0.042,0.194,0.26,0.27
3500,A1_2,-0.197,0.999,1.0,0.966,-0.057,-0.129,-0.016,0.991,0.997,0.962,-0.06,-0.063,0.031,0.189,0.256,0.264
3500,A1_3,-0.223,0.956,0.966,1.0,-0.272,-0.336,-0.227,0.951,0.979,0.998,-0.276,-0.268,-0.169,0.191,0.256,0.266
3500,B1_1,-0.138,-0.04,-0.057,-0.272,1.0,0.993,0.997,-0.068,-0.103,-0.266,0.999,0.994,0.984,-0.153,-0.126,-0.179
3500,B1_2,-0.135,-0.111,-0.129,-0.336,0.993,1.0,0.988,-0.135,-0.173,-0.33,0.994,0.993,0.966,-0.211,-0.187,-0.236
3500,B1_3,-0.165,0.0,-0.016,-0.227,0.997,0.988,1.0,-0.03,-0.06,-0.221,0.996,0.995,0.987,-0.136,-0.108,-0.16
3500,A2_1,-0.19,0.993,0.991,0.951,-0.068,-0.135,-0.03,1.0,0.988,0.947,-0.072,-0.073,0.015,0.149,0.215,0.224
3500,A2_2,-0.187,0.994,0.997,0.979,-0.103,-0.173,-0.06,0.988,1.0,0.978,-0.107,-0.107,-0.01,0.162,0.23,0.236
3500,A2_3,-0.218,0.952,0.962,0.998,-0.266,-0.33,-0.221,0.947,0.978,1.0,-0.272,-0.261,-0.159,0.164,0.232,0.238
3500,B2_1,-0.127,-0.042,-0.06,-0.276,0.999,0.994,0.996,-0.072,-0.107,-0.272,1.0,0.992,0.978,-0.151,-0.125,-0.175
3500,B2_2,-0.22,-0.047,-0.063,-0.268,0.994,0.993,0.995,-0.073,-0.107,-0.261,0.992,1.0,0.985,-0.136,-0.106,-0.162
3500,B2_3,-0.249,0.042,0.031,-0.169,0.984,0.966,0.987,0.015,-0.01,-0.159,0.978,0.985,1.0,-0.113,-0.071,-0.14
3500,y1,-0.501,0.194,0.189,0.191,-0.153,-0.211,-0.136,0.149,0.162,0.164,-0.151,-0.136,-0.113,1.0,0.992,0.992
3500,y2,-0.567,0.26,0.256,0.256,-0.126,-0.187,-0.108,0.215,0.23,0.232,-0.125,-0.106,-0.071,0.992,1.0,0.991
3500,y3,-0.51,0.27,0.264,0.266,-0.179,-0.236,-0.16,0.224,0.236,0.238,-0.175,-0.162,-0.14,0.992,0.991,1.0
4000,.,1.0,-0.224,-0.274,-0.271,0.279,0.151,0.082,-0.251,-0.273,-0.23,0.149,0.203,0.095,-0.539,-0.559,-0.52
4000,A1_1,-0.224,1.0,0.995,0.985,-0.408,-0.353,-0.354,0.995,0.979,0.987,-0.344,-0.343,-0.369,0.271,0.293,0.347
4000,A1_2,-0.274,0.995,1.0,0.992,-0.409,-0.338,-0.327,0.999,0.988,0.992,-0.333,-0.337,-0.345,0.284,0.308,0.352
4000,A1_3,-0.271,0.985,0.992,1.0,-0.486,-0.415,-0.396,0.991,0.999,0.999,-0.41,-0.414,-0.417,0.292,0.311,0.36
4000,B1_1,0.279,-0.408,-0.409,-0.486,1.0,0.982,0.95,-0.4,-0.509,-0.482,0.981,0.993,0.959,-0.331,-0.284,-0.337
4000,B1_2,0.151,-0.353,-0.338,-0.415,0.982,1.0,0.987,-0.333,-0.434,-0.415,0.992,0.995,0.991,-0.248,-0.2,-0.269
4000,B1_3,0.082,-0.354,-0.327,-0.396,0.95,0.987,1.0,-0.321,-0.411,-0.4,0.977,0.969,0.998,-0.249,-0.193,-0.276
4000,A2_1,-0.251,0.995,0.999,0.991,-0.4,-0.333,-0.321,1.0,0.987,0.992,-0.329,-0.329,-0.341,0.241,0.265,0.312
4000,A2_2,-0.273,0.979,0.988,0.999,-0.509,-0.434,-0.411,0.987,1.0,0.998,-0.432,-0.437,-0.433,0.307,0.323,0.37
4000,A2_3,-0.23,0.987,0.992,0.999,-0.482,-0.415,-0.4,0.992,0.998,1.0,-0.413,-0.413,-0.42,0.27,0.286,0.338
4000,B2_1,0.149,-0.344,-0.333,-0.41,0.981,0.992,0.977,-0.329,-0.432,-0.413,1.0,0.99,0.986,-0.232,-0.168,-0.239
4000,B2_2,0.203,-0.343,-0.337,-0.414,0.993,0.995,0.969,-0.329,-0.437,-0.413,0.99,1.0,0.975,-0.284,-0.235,-0.292
4000,B2_3,0.095,-0.369,-0.345,-0.417,0.959,0.991,0.998,-0.341,-0.433,-0.42,0.986,0.975,1.0,-0.223,-0.165,-0.249
4000,y1,-0.539,0.271,0.284,0.292,-0.331,-0.248,-0.249,0.241,0.307,0.27,-0.232,-0.284,-0.223,1.0,0.987,0.986
4000,y2,-0.559,0.293,0.308,0.311,-0.284,-0.2,-0.193,0.265,0.323,0.286,-0.168,-0.235,-0.165,0.987,1.0,0.988
4000,y3,-0.52,0.347,0.352,0.36,-0.337,-0.269,-0.276,0.312,0.37,0.338,-0.239,-0.292,-0.249,0.986,0.988,1.0
4500,.,1.0,-0.138,-0.125,-0.026,-0.09,-0.049,0.061,-0.115,-0.105,-0.094,-0.166,-0.091,-0.003,-0.392,-0.311,-0.29
4500,A1_1,-0.138,1.0,0.971,0.933,-0.136,-0.145,-0.144,0.943,0.919,0.902,-0.173,-0.152,-0.236,0.299,0.25,0.154
4500,A1_2,-0.125,0.971,1.0,0.978,-0.279,-0.298,-0.297,0.959,0.971,0.971,-0.298,-0.292,-0.374,0.393,0.331,0.21
4500,A1_3,-0.026,0.933,0.978,1.0,-0.337,-0.36,-0.353,0.966,0.982,0.983,-0.35,-0.351,-0.426,0.281,0.221,0.086
4500,B1_1,-0.09,-0.136,-0.279,-0.337,1.0,0.996,0.975,-0.313,-0.413,-0.439,0.971,0.997,0.978,-0.146,-0.039,-0.076
4500,B1_2,-0.049,-0.145,-0.298,-0.36,0.996,1.0,0.981,-0.327,-0.433,-0.462,0.95,0.99,0.974,-0.161,-0.045,-0.066
4500,B1_3,0.061,-0.144,-0.297,-0.353,0.975,0.981,1.0,-0.319,-0.43,-0.458,0.94,0.978,0.984,-0.25,-0.136,-0.161
4500,A2_1,-0.115,0.943,0.959,0.966,-0.313,-0.327,-0.319,1.0,0.983,0.967,-0.345,-0.33,-0.416,0.204,0.139,0.033
4500,A2_2,-0.105,0.919,0.971,0.982,-0.413,-0.433,-0.43,0.983,1.0,0.997,-0.427,-0.426,-0.509,0.291,0.211,0.095
4500,A2_3,-0.094,0.902,0.971,0.983,-0.439,-0.462,-0.458,0.967,0.997,1.0,-0.447,-0.451,-0.53,0.337,0.256,0.134
4500,B2_1,-0.166,-0.173,-0.298,-0.35,0.971,0.95,0.94,-0.345,-0.427,-0.447,1.0,0.983,0.975,-0.172,-0.092,-0.155
4500,B2_2,-0.091,-0.152,-0.292,-0.351,0.997,0.99,0.978,-0.33,-0.426,-0.451,0.983,1.0,0.988,-0.16,-0.06,-0.101
4500,B2_3,-0.003,-0.236,-0.374,-0.426,0.978,0.974,0.984,-0.416,-0.509,-0.53,0.975,0.988,1.0,-0.221,-0.114,-0.148
4500,y1,-0.392,0.299,0.393,0.281,-0.146,-0.161,-0.25,0.204,0.291,0.337,-0.172,-0.16,-0.221,1.0,0.977,0.949
4500,y2,-0.311,0.25,0.331,0.221,-0.039,-0.045,-0.136,0.139,0.211,0.256,-0.092,-0.06,-0.114,0.977,1.0,0.966
4500,y3,-0.29,0.154,0.21,0.086,-0.076,-0.066,-0.161,0.033,0.095,0.134,-0.155,-0.101,-0.148,0.949,0.966,1.0
5000,.,1.0,-0.188,-0.2,-0.164,-0.132,-0.185,-0.222,-0.153,-0.033,0.037,-0.129,-0.165,-0.151,0.073,0.102,0.071
5000,A1_1,-0.188,1.0,0.978,0.938,0.018,0.09,0.01,0.851,0.837,0.794,0.139,0.335,0.2,0.019,0.065,0.049
5000,A1_2,-0.2,0.978,1.0,0.949,-0.066,-0.005,-0.065,0.831,0.851,0.765,0.047,0.24,0.109,-0.019,0.035,0.009
5000,A1_3,-0.164,0.938,0.949,1.0,-0.024,0.042,-0.001,0.899,0.943,0.88,0.063,0.298,0.136,-0.037,0.012,-0.01
5000,B1_1,-0.132,0.018,-0.066,-0.024,1.0,0.911,0.972,0.31,0.024,0.116,0.752,0.582,0.646,-0.22,-0.223,-0.234
5000,B1_2,-0.185,0.09,-0.005,0.042,0.911,1.0,0.89,0.381,0.127,0.247,0.934,0.839,0.886,-0.15,-0.184,-0.159
5000,B1_3,-0.222,0.01,-0.065,-0.001,0.972,0.89,1.0,0.305,0.056,0.138,0.681,0.531,0.584,-0.114,-0.133,-0.136
5000,A2_1,-0.153,0.851,0.831,0.899,0.31,0.381,0.305,1.0,0.868,0.905,0.366,0.551,0.411,-0.147,-0.108,-0.122
5000,A2_2,-0.033,0.837,0.851,0.943,0.024,0.127,0.056,0.868,1.0,0.951,0.166,0.398,0.241,0.13,0.179,0.154
5000,A2_3,0.037,0.794,0.765,0.88,0.116,0.247,0.138,0.905,0.951,1.0,0.274,0.519,0.353,0.18,0.216,0.207
5000,B2_1,-0.129,0.139,0.047,0.063,0.752,0.934,0.681,0.366,0.166,0.274,1.0,0.941,0.985,-0.158,-0.185,-0.154
5000,B2_2,-0.165,0.335,0.24,0.298,0.582,0.839,0.531,0.551,0.398,0.519,0.941,1.0,0.979,-0.081,-0.109,-0.066
5000,B2_3,-0.151,0.2,0.109,0.136,0.646,0.886,0.584,0.411,0.241,0.353,0.985,0.979,1.0,-0.121,-0.155,-0.113
5000,y1,0.073,0.019,-0.019,-0.037,-0.22,-0.15,-0.114,-0.147,0.13,0.18,-0.158,-0.081,-0.121,1.0,0.99,0.998
5000,y2,0.102,0.065,0.035,0.012,-0.223,-0.184,-0.133,-0.108,0.179,0.216,-0.185,-0.109,-0.155,0.99,1.0,0.993
5000,y3,0.071,0.049,0.009,-0.01,-0.234,-0.159,-0.136,-0.122,0.154,0.207,-0.154,-0.066,-0.113,0.998,0.993,1.0
5500,.,1.0,-0.423,-0.389,-0.005,-0.114,-0.156,-0.059,-0.269,-0.372,-0.356,-0.267,-0.118,-0.312,-0.16,-0.144,-0.194
5500,A1_1,-0.423,1.0,0.988,0.603,-0.187,-0.152,-0.203,0.836,0.955,0.944,0.014,-0.174,0.011,-0.118,-0.163,-0.064
5500,A1_2,-0.389,0.988,1.0,0.686,-0.24,-0.205,-0.27,0.884,0.934,0.923,-0.103,-0.239,-0.095,-0.092,-0.135,-0.04
5500,A1_3,-0.005,0.603,0.686,1.0,-0.364,-0.389,-0.4,0.931,0.419,0.398,-0.462,-0.398,-0.459,0.339,0.337,0.391
5500,B1_1,-0.114,-0.187,-0.24,-0.364,1.0,0.992,0.984,-0.352,-0.158,-0.141,0.858,0.995,0.905,-0.178,-0.219,-0.235
5500,B1_2,-0.156,-0.152,-0.205,-0.389,0.992,1.0,0.979,-0.355,-0.098,-0.079,0.856,0.988,0.907,-0.248,-0.285,-0.299
5500,B1_3,-0.059,-0.203,-0.27,-0.4,0.984,0.979,1.0,-0.388,-0.157,-0.14,0.894,0.994,0.917,-0.242,-0.273,-0.29
5500,A2_1,-0.269,0.836,0.884,0.931,-0.352,-0.355,-0.388,1.0,0.674,0.651,-0.319,-0.369,-0.317,0.214,0.2,0.282
5500,A2_2,-0.372,0.955,0.934,0.419,-0.158,-0.098,-0.157,0.674,1.0,0.999,0.064,-0.136,0.057,-0.316,-0.367,-0.275
5500,A2_3,-0.356,0.944,0.923,0.398,-0.141,-0.079,-0.14,0.651,0.999,1.0,0.076,-0.118,0.07,-0.333,-0.388,-0.297
5500,B2_1,-0.267,0.014,-0.103,-0.462,0.858,0.856,0.894,-0.319,0.064,0.076,1.0,0.899,0.988,-0.207,-0.254,-0.244
5500,B2_2,-0.118,-0.174,-0.239,-0.398,0.995,0.988,0.994,-0.369,-0.136,-0.118,0.899,1.0,0.933,-0.205,-0.246,-0.261
5500,B2_3,-0.312,0.011,-0.095,-0.459,0.905,0.907,0.917,-0.317,0.057,0.07,0.988,0.933,1.0,-0.21,-0.259,-0.251
5500,y1,-0.16,-0.118,-0.092,0.339,-0.178,-0.248,-0.242,0.214,-0.316,-0.333,-0.207,-0.205,-0.21,1.0,0.987,0.984
5500,y2,-0.144,-0.163,-0.135,0.337,-0.219,-0.285,-0.273,0.2,-0.367,-0.388,-0.254,-0.246,-0.259,0.987,1.0,0.993
5500,y3,-0.194,-0.064,-0.04,0.391,-0.235,-0.299,-0.29,0.282,-0.275,-0.297,-0.244,-0.261,-0.251,0.984,0.993,1.0
6000,.,1.0,-0.105,-0.08,-0.321,0.019,0.043,-0.017,-0.21,-0.142,-0.126,-0.177,-0.058,-0.16,-0.591,-0.594,-0.62
6000,A1_1,-0.105,1.0,0.986,0.757,-0.51,-0.534,-0.486,0.971,0.968,0.966,-0.38,-0.476,-0.419,-0.22,-0.305,-0.175
6000,A1_2,-0.08,0.986,1.0,0.739,-0.479,-0.493,-0.457,0.951,0.926,0.926,-0.355,-0.446,-0.405,-0.241,-0.317,-0.194
6000,A1_3,-0.321,0.757,0.739,1.0,-0.166,-0.23,-0.129,0.879,0.656,0.644,-0.039,-0.142,-0.041,0.173,0.115,0.234
6000,B1_1,0.019,-0.51,-0.479,-0.166,1.0,0.989,0.997,-0.476,-0.606,-0.655,0.931,0.981,0.959,0.003,0.077,-0.031
6000,B1_2,0.043,-0.534,-0.493,-0.23,0.989,1.0,0.979,-0.517,-0.64,-0.685,0.943,0.988,0.949,-0.055,0.024,-0.091
6000,B1_3,-0.017,-0.486,-0.457,-0.129,0.997,0.979,1.0,-0.445,-0.58,-0.63,0.922,0.972,0.957,0.034,0.106,0.002
6000,A2_1,-0.21,0.971,0.951,0.879,-0.476,-0.517,-0.445,1.0,0.925,0.924,-0.344,-0.447,-0.37,-0.075,-0.156,-0.019
6000,A2_2,-0.142,0.968,0.926,0.656,-0.606,-0.64,-0.58,0.925,1.0,0.996,-0.493,-0.584,-0.512,-0.19,-0.283,-0.152
6000,A2_3,-0.126,0.966,0.926,0.644,-0.655,-0.685,-0.63,0.924,0.996,1.0,-0.543,-0.632,-0.566,-0.183,-0.275,-0.143
6000,B2_1,-0.177,-0.38,-0.355,-0.039,0.931,0.943,0.922,-0.344,-0.493,-0.543,1.0,0.982,0.985,0.086,0.145,0.055
6000,B2_2,-0.058,-0.476,-0.446,-0.142,0.981,0.988,0.972,-0.447,-0.584,-0.632,0.982,1.0,0.983,0.023,0.093,-0.012
6000,B2_3,-0.16,-0.419,-0.405,-0.041,0.959,0.949,0.957,-0.37,-0.512,-0.566,0.985,0.983,1.0,0.144,0.202,0.111
6000,y1,-0.591,-0.22,-0.241,0.173,0.003,-0.055,0.034,-0.075,-0.19,-0.183,0.086,0.023,0.144,1.0,0.992,0.996
6000,y2,-0.594,-0.305,-0.317,0.115,0.077,0.024,0.106,-0.156,-0.283,-0.275,0.145,0.093,0.202,0.992,1.0,0.988
6000,y3,-0.62,-0.175,-0.194,0.234,-0.031,-0.091,0.002,-0.019,-0.152,-0.143,0.055,-0.012,0.111,0.996,0.988,1.0
6500,.,1.0,-0.124,-0.112,-0.134,0.008,-0.048,0.065,0.062,-0.078,-0.177,-0.033,-0.124,-0.166,-0.23,-0.31,-0.299
6500,A1_1,-0.124,1.0,0.97,0.951,-0.081,-0.354,-0.338,0.803,0.969,0.974,-0.311,-0.225,-0.235,0.286,0.315,0.307
6500,A1_2,-0.112,0.97,1.0,0.992,-0.204,-0.466,-0.456,0.881,0.991,0.994,-0.422,-0.338,-0.379,0.217,0.241,0.232
6500,A1_3,-0.134,0.951,0.992,1.0,-0.128,-0.402,-0.395,0.872,0.969,0.994,-0.354,-0.261,-0.321,0.187,0.207,0.212
6500,B1_1,0.008,-0.081,-0.204,-0.128,1.0,0.899,0.923,-0.396,-0.268,-0.119,0.929,0.956,0.92,-0.115,-0.109,-0.018
6500,B1_2,-0.048,-0.354,-0.466,-0.402,0.899,1.0,0.982,-0.588,-0.529,-0.384,0.994,0.972,0.976,-0.299,-0.24,-0.171
6500,B1_3,0.065,-0.338,-0.456,-0.395,0.923,0.982,1.0,-0.597,-0.507,-0.382,0.979,0.957,0.956,-0.199,-0.163,-0.094
6500,A2_1,0.062,0.803,0.881,0.872,-0.396,-0.588,-0.597,1.0,0.88,0.847,-0.551,-0.491,-0.546,-0.062,-0.08,-0.114
6500,A2_2,-0.078,0.969,0.991,0.969,-0.268,-0.529,-0.507,0.88,1.0,0.975,-0.493,-0.406,-0.435,0.281,0.293,0.272
6500,A2_3,-0.177,0.974,0.994,0.994,-0.119,-0.384,-0.382,0.847,0.975,1.0,-0.339,-0.248,-0.289,0.222,0.255,0.255
6500,B2_1,-0.033,-0.311,-0.422,-0.354,0.929,0.994,0.979,-0.551,-0.493,-0.339,1.0,0.977,0.974,-0.289,-0.235,-0.16
6500,B2_2,-0.124,-0.225,-0.338,-0.261,0.956,0.972,0.957,-0.491,-0.406,-0.248,0.977,1.0,0.979,-0.238,-0.204,-0.121
6500,B2_3,-0.166,-0.235,-0.379,-0.321,0.92,0.976,0.956,-0.546,-0.435,-0.289,0.974,0.979,1.0,-0.174,-0.119,-0.051
6500,y1,-0.23,0.286,0.217,0.187,-0.115,-0.299,-0.199,-0.062,0.281,0.222,-0.289,-0.238,-0.174,1.0,0.975,0.962
6500,y2,-0.31,0.315,0.241,0.207,-0.109,-0.24,-0.163,-0.08,0.293,0.255,-0.235,-0.204,-0.119,0.975,1.0,0.987
6500,y3,-0.299,0.307,0.232,0.212,-0.018,-0.171,-0.094,-0.114,0.272,0.255,-0.16,-0.121,-0.051,0.962,0.987,1.0
7000,.,1.0,-0.339,-0.356,-0.338,-0.184,-0.136,-0.162,-0.313,-0.289,-0.296,-0.201,-0.18,-0.228,-0.299,-0.242,-0.261
7000,A1_1,-0.339,1.0,0.983,0.98,-0.248,-0.253,-0.258,0.98,0.972,0.983,-0.23,-0.242,-0.23,-0.258,-0.291,-0.292
7000,A1_2,-0.356,0.983,1.0,0.998,-0.354,-0.371,-0.363,0.99,0.989,0.991,-0.343,-0.35,-0.336,-0.209,-0.238,-0.233
7000,A1_3,-0.338,0.98,0.998,1.0,-0.363,-0.377,-0.369,0.994,0.989,0.994,-0.351,-0.359,-0.344,-0.246,-0.275,-0.269
7000,B1_1,-0.184,-0.248,-0.354,-0.363,1.0,0.991,0.998,-0.359,-0.419,-0.375,0.997,1.0,0.997,-0.099,-0.102,-0.11
7000,B1_2,-0.136,-0.253,-0.371,-0.377,0.991,1.0,0.993,-0.361,-0.433,-0.378,0.996,0.994,0.988,-0.141,-0.146,-0.156
7000,B1_3,-0.162,-0.258,-0.363,-0.369,0.998,0.993,1.0,-0.362,-0.428,-0.38,0.996,0.998,0.996,-0.134,-0.137,-0.144
7000,A2_1,-0.313,0.98,0.99,0.994,-0.359,-0.361,-0.362,1.0,0.988,0.999,-0.341,-0.353,-0.341,-0.312,-0.341,-0.338
7000,A2_2,-0.289,0.972,0.989,0.989,-0.419,-0.433,-0.428,0.988,1.0,0.993,-0.41,-0.415,-0.404,-0.287,-0.313,-0.308
7000,A2_3,-0.296,0.983,0.991,0.994,-0.375,-0.378,-0.38,0.999,0.993,1.0,-0.359,-0.369,-0.358,-0.31,-0.339,-0.335
7000,B2_1,-0.201,-0.23,-0.343,-0.351,0.997,0.996,0.996,-0.341,-0.41,-0.359,1.0,0.998,0.997,-0.105,-0.112,-0.121
7000,B2_2,-0.18,-0.242,-0.35,-0.359,1.0,0.994,0.998,-0.353,-0.415,-0.369,0.998,1.0,0.997,-0.107,-0.111,-0.119
7000,B2_3,-0.228,-0.23,-0.336,-0.344,0.997,0.988,0.996,-0.341,-0.404,-0.358,0.997,0.997,1.0,-0.097,-0.105,-0.112
7000,y1,-0.299,-0.258,-0.209,-0.246,-0.099,-0.141,-0.134,-0.312,-0.287,-0.31,-0.105,-0.107,-0.097,1.0,0.997,0.995
7000,y2,-0.242,-0.291,-0.238,-0.275,-0.102,-0.146,-0.137,-0.341,-0.313,-0.339,-0.112,-0.111,-0.105,0.997,1.0,0.998
7000,y3,-0.261,-0.292,-0.233,-0.269,-0.11,-0.156,-0.144,-0.338,-0.308,-0.335,-0.121,-0.119,-0.112,0.995,0.998,1.0
7500,.,1.0,-0.209,-0.258,-0.268,-0.17,-0.297,-0.198,-0.248,-0.213,-0.236,-0.165,-0.173,-0.188,-0.43,-0.435,-0.445
7500,A1_1,-0.209,1.0,0.971,0.974,-0.41,-0.266,-0.21,0.985,0.974,0.96,-0.414,-0.357,-0.278,0.133,0.04,0.081
7500,A1_2,-0.258,0.971,1.0,1.0,-0.421,-0.309,-0.28,0.995,0.997,0.996,-0.422,-0.407,-0.357,0.301,0.202,0.242
7500,A1_3,-0.268,0.974,1.0,1.0,-0.421,-0.305,-0.272,0.996,0.996,0.995,-0.422,-0.402,-0.348,0.291,0.193,0.232
7500,B1_1,-0.17,-0.41,-0.421,-0.421,1.0,0.947,0.926,-0.439,-0.455,-0.431,1.0,0.976,0.921,-0.262,-0.21,-0.213
7500,B1_2,-0.297,-0.266,-0.309,-0.305,0.947,1.0,0.947,-0.31,-0.351,-0.34,0.947,0.96,0.945,-0.222,-0.156,-0.165
7500,B1_3,-0.198,-0.21,-0.28,-0.272,0.926,0.947,1.0,-0.279,-0.318,-0.304,0.919,0.978,0.992,-0.431,-0.383,-0.391
7500,A2_1,-0.248,0.985,0.995,0.996,-0.439,-0.31,-0.279,1.0,0.996,0.99,-0.441,-0.415,-0.356,0.261,0.162,0.205
7500,A2_2,-0.213,0.974,0.997,0.996,-0.455,-0.351,-0.318,0.996,1.0,0.997,-0.456,-0.444,-0.395,0.287,0.184,0.227
7500,A2_3,-0.236,0.96,0.996,0.995,-0.431,-0.34,-0.304,0.99,0.997,1.0,-0.432,-0.427,-0.386,0.31,0.203,0.247
7500,B2_1,-0.165,-0.414,-0.422,-0.422,1.0,0.947,0.919,-0.441,-0.456,-0.432,1.0,0.972,0.915,-0.246,-0.192,-0.196
7500,B2_2,-0.173,-0.357,-0.407,-0.402,0.976,0.96,0.978,-0.415,-0.444,-0.427,0.972,1.0,0.983,-0.373,-0.315,-0.324
7500,B2_3,-0.188,-0.278,-0.357,-0.348,0.921,0.945,0.992,-0.356,-0.395,-0.386,0.915,0.983,1.0,-0.443,-0.383,-0.397
7500,y1,-0.43,0.133,0.301,0.291,-0.262,-0.222,-0.431,0.261,0.287,0.31,-0.246,-0.373,-0.443,1.0,0.99,0.995
7500,y2,-0.435,0.04,0.202,0.193,-0.21,-0.156,-0.383,0.162,0.184,0.203,-0.192,-0.315,-0.383,0.99,1.0,0.994
7500,y3,-0.445,0.081,0.242,0.232,-0.213,-0.165,-0.391,0.205,0.227,0.247,-0.196,-0.324,-0.397,0.995,0.994,1.0
8000,.,1.0,-0.254,-0.177,-0.155,-0.238,-0.236,-0.172,-0.223,-0.396,-0.303,-0.304,-0.355,-0.285,-0.121,-0.139,-0.116
8000,A1_1,-0.254,1.0,0.985,0.959,-0.204,-0.151,-0.141,0.953,0.943,0.954,-0.193,-0.175,-0.25,0.011,0.244,0.231
8000,A1_2,-0.177,0.985,1.0,0.97,-0.25,-0.21,-0.204,0.94,0.913,0.929,-0.258,-0.234,-0.309,0.036,0.279,0.253
8000,A1_3,-0.155,0.959,0.97,1.0,-0.281,-0.218,-0.177,0.975,0.942,0.951,-0.313,-0.3,-0.346,-0.044,0.37,0.356
8000,B1_1,-0.238,-0.204,-0.25,-0.281,1.0,0.986,0.937,-0.317,-0.257,-0.297,0.949,0.962,0.966,-0.238,-0.307,-0.333
8000,B1_2,-0.236,-0.151,-0.21,-0.218,0.986,1.0,0.978,-0.241,-0.184,-0.22,0.946,0.948,0.962,-0.337,-0.326,-0.343
8000,B1_3,-0.172,-0.141,-0.204,-0.177,0.937,0.978,1.0,-0.204,-0.153,-0.191,0.906,0.885,0.924,-0.405,-0.316,-0.316
8000,A2_1,-0.223,0.953,0.94,0.975,-0.317,-0.241,-0.204,1.0,0.977,0.991,-0.321,-0.312,-0.36,-0.077,0.335,0.334
8000,A2_2,-0.396,0.943,0.913,0.942,-0.257,-0.184,-0.153,0.977,1.0,0.988,-0.222,-0.217,-0.268,-0.057,0.294,0.3
8000,A2_3,-0.303,0.954,0.929,0.951,-0.297,-0.22,-0.191,0.991,0.988,1.0,-0.27,-0.259,-0.316,-0.115,0.251,0.251
8000,B2_1,-0.304,-0.193,-0.258,-0.313,0.949,0.946,0.906,-0.321,-0.222,-0.27,1.0,0.989,0.994,-0.308,-0.521,-0.528
8000,B2_2,-0.355,-0.175,-0.234,-0.3,0.962,0.948,0.885,-0.312,-0.217,-0.259,0.989,1.0,0.987,-0.285,-0.479,-0.504
8000,B2_3,-0.285,-0.25,-0.309,-0.346,0.966,0.962,0.924,-0.36,-0.268,-0.316,0.994,0.987,1.0,-0.333,-0.49,-0.501
8000,y1,-0.121,0.011,0.036,-0.044,-0.238,-0.337,-0.405,-0.077,-0.057,-0.115,-0.308,-0.285,-0.333,1.0,0.623,0.631
8000,y2,-0.139,0.244,0.279,0.37,-0.307,-0.326,-0.316,0.335,0.294,0.251,-0.521,-0.479,-0.49,0.623,1.0,0.989
8000,y3,-0.116,0.231,0.253,0.356,-0.333,-0.343,-0.316,0.334,0.3,0.251,-0.528,-0.504,-0.501,0.631,0.989,1.0
8500,.,1.0,-0.296,-0.291,-0.275,-0.211,-0.215,-0.222,-0.318,-0.251,-0.261,-0.139,-0.188,-0.196,-0.254,-0.277,-0.281
8500,A1_1,-0.296,1.0,0.987,0.967,-0.3,-0.21,-0.336,0.986,0.971,0.97,-0.274,-0.289,-0.279,-0.032,-0.031,-0.037
8500,A1_2,-0.291,0.987,1.0,0.99,-0.4,-0.314,-0.432,0.999,0.991,0.993,-0.366,-0.387,-0.377,-0.086,-0.092,-0.096
8500,A1_3,-0.275,0.967,0.99,1.0,-0.412,-0.336,-0.439,0.99,0.994,0.998,-0.357,-0.394,-0.383,-0.057,-0.061,-0.066
8500,B1_1,-0.211,-0.3,-0.4,-0.412,1.0,0.989,0.998,-0.389,-0.432,-0.428,0.978,0.998,0.996,0.027,0.095,0.085
8500,B1_2,-0.215,-0.21,-0.314,-0.336,0.989,1.0,0.976,-0.303,-0.353,-0.35,0.975,0.99,0.991,-0.022,0.054,0.043
8500,B1_3,-0.222,-0.336,-0.432,-0.439,0.998,0.976,1.0,-0.42,-0.461,-0.456,0.972,0.994,0.992,0.05,0.115,0.106
8500,A2_1,-0.318,0.986,0.999,0.99,-0.389,-0.303,-0.42,1.0,0.99,0.992,-0.355,-0.376,-0.365,-0.085,-0.088,-0.093
8500,A2_2,-0.251,0.971,0.991,0.994,-0.432,-0.353,-0.461,0.99,1.0,0.999,-0.381,-0.415,-0.404,-0.042,-0.051,-0.058
8500,A2_3,-0.261,0.97,0.993,0.998,-0.428,-0.35,-0.456,0.992,0.999,1.0,-0.376,-0.411,-0.4,-0.052,-0.06,-0.065
8500,B2_1,-0.139,-0.274,-0.366,-0.357,0.978,0.975,0.972,-0.355,-0.381,-0.376,1.0,0.989,0.991,0.045,0.123,0.11
8500,B2_2,-0.188,-0.289,-0.387,-0.394,0.998,0.99,0.994,-0.376,-0.415,-0.411,0.989,1.0,1.0,0.028,0.099,0.089
8500,B2_3,-0.196,-0.279,-0.377,-0.383,0.996,0.991,0.992,-0.365,-0.404,-0.4,0.991,1.0,1.0,0.029,0.103,0.091
8500,y1,-0.254,-0.032,-0.086,-0.057,0.027,-0.022,0.05,-0.085,-0.042,-0.052,0.045,0.028,0.029,1.0,0.993,0.994
8500,y2,-0.277,-0.031,-0.092,-0.061,0.095,0.054,0.115,-0.088,-0.051,-0.06,0.123,0.099,0.103,0.993,1.0,1.0
8500,y3,-0.281,-0.037,-0.096,-0.066,0.085,0.043,0.106,-0.093,-0.058,-0.065,0.11,0.089,0.091,0.994,1.0,1.0
9000,.,1.0,-0.191,-0.159,-0.178,-0.115,-0.138,-0.178,-0.164,-0.293,-0.215,-0.148,-0.165,-0.203,-0.088,-0.163,-0.149
9000,A1_1,-0.191,1.0,0.962,0.94,-0.434,-0.372,-0.184,0.966,0.915,0.955,-0.292,-0.345,-0.26,-0.07,0.013,-0.035
9000,A1_2,-0.159,0.962,1.0,0.928,-0.532,-0.47,-0.247,0.967,0.918,0.99,-0.408,-0.44,-0.328,-0.096,0.014,-0.051
9000,A1_3,-0.178,0.94,0.928,1.0,-0.407,-0.342,-0.152,0.991,0.946,0.944,-0.299,-0.308,-0.288,-0.257,-0.193,-0.239
9000,B1_1,-0.115,-0.434,-0.532,-0.407,1.0,0.996,0.934,-0.458,-0.389,-0.5,0.982,0.989,0.945,-0.22,-0.287,-0.189
9000,B1_2,-0.138,-0.372,-0.47,-0.342,0.996,1.0,0.958,-0.392,-0.321,-0.435,0.989,0.997,0.954,-0.236,-0.301,-0.2
9000,B1_3,-0.178,-0.184,-0.247,-0.152,0.934,0.958,1.0,-0.188,-0.105,-0.209,0.955,0.968,0.955,-0.288,-0.339,-0.23
9000,A2_1,-0.164,0.966,0.967,0.991,-0.458,-0.392,-0.188,1.0,0.952,0.972,-0.34,-0.359,-0.31,-0.194,-0.114,-0.166
9000,A2_2,-0.293,0.915,0.918,0.946,-0.389,-0.321,-0.105,0.952,1.0,0.96,-0.258,-0.289,-0.212,-0.105,-0.068,-0.077
9000,A2_3,-0.215,0.955,0.99,0.944,-0.5,-0.435,-0.209,0.972,0.96,1.0,-0.373,-0.405,-0.294,-0.096,-0.006,-0.055
9000,B2_1,-0.148,-0.292,-0.408,-0.299,0.982,0.989,0.955,-0.34,-0.258,-0.373,1.0,0.982,0.969,-0.153,-0.219,-0.113
9000,B2_2,-0.165,-0.345,-0.44,-0.308,0.989,0.997,0.968,-0.359,-0.289,-0.405,0.982,1.0,0.946,-0.284,-0.348,-0.245
9000,B2_3,-0.203,-0.26,-0.328,-0.288,0.945,0.954,0.955,-0.31,-0.212,-0.294,0.969,0.946,1.0,-0.124,-0.152,-0.062
9000,y1,-0.088,-0.07,-0.096,-0.257,-0.22,-0.236,-0.288,-0.194,-0.105,-0.096,-0.153,-0.284,-0.124,1.0,0.959,0.99
9000,y2,-0.163,0.013,0.014,-0.193,-0.287,-0.301,-0.339,-0.114,-0.068,-0.006,-0.219,-0.348,-0.152,0.959,1.0,0.975
9000,y3,-0.149,-0.035,-0.051,-0.239,-0.189,-0.2,-0.23,-0.166,-0.077,-0.055,-0.113,-0.245,-0.062,0.99,0.975,1.0
9500,.,1.0,-0.346,-0.203,-0.077,-0.176,-0.105,-0.125,-0.11,-0.242,-0.353,-0.018,-0.188,-0.236,0.035,0.06,0.022
9500,A1_1,-0.346,1.0,0.902,0.816,-0.235,-0.222,-0.262,0.865,0.953,0.933,-0.266,-0.145,-0.176,0.016,0.057,0.045
9500,A1_2,-0.203,0.902,1.0,0.948,-0.438,-0.426,-0.454,0.97,0.972,0.939,-0.469,-0.346,-0.37,-0.15,-0.069,-0.158
9500,A1_3,-0.077,0.816,0.948,1.0,-0.431,-0.414,-0.457,0.978,0.922,0.818,-0.481,-0.356,-0.347,-0.157,-0.036,-0.159
9500,B1_1,-0.176,-0.235,-0.438,-0.431,1.0,0.993,0.993,-0.375,-0.35,-0.226,0.969,0.982,0.986,-0.378,-0.347,-0.256
9500,B1_2,-0.105,-0.222,-0.426,-0.414,0.993,1.0,0.991,-0.349,-0.325,-0.211,0.976,0.977,0.983,-0.368,-0.345,-0.253
9500,B1_3,-0.125,-0.262,-0.454,-0.457,0.993,0.991,1.0,-0.398,-0.371,-0.238,0.986,0.989,0.969,-0.422,-0.401,-0.293
9500,A2_1,-0.11,0.865,0.97,0.978,-0.375,-0.349,-0.398,1.0,0.962,0.9,-0.417,-0.295,-0.292,-0.175,-0.054,-0.17
9500,A2_2,-0.242,0.953,0.972,0.922,-0.35,-0.325,-0.371,0.962,1.0,0.956,-0.387,-0.265,-0.266,-0.083,-0.041,-0.107
9500,A2_3,-0.353,0.933,0.939,0.818,-0.226,-0.211,-0.238,0.9,0.956,1.0,-0.255,-0.125,-0.162,-0.215,-0.162,-0.203
9500,B2_1,-0.018,-0.266,-0.469,-0.481,0.969,0.976,0.986,-0.417,-0.387,-0.255,1.0,0.972,0.928,-0.361,-0.336,-0.213
9500,B2_2,-0.188,-0.145,-0.346,-0.356,0.982,0.977,0.989,-0.295,-0.265,-0.125,0.972,1.0,0.96,-0.469,-0.42,-0.306
9500,B2_3,-0.236,-0.176,-0.37,-0.347,0.986,0.983,0.969,-0.292,-0.266,-0.162,0.928,0.96,1.0,-0.377,-0.359,-0.288
9500,y1,0.035,0.016,-0.15,-0.157,-0.378,-0.368,-0.422,-0.175,-0.083,-0.215,-0.361,-0.469,-0.377,1.0,0.916,0.92
9500,y2,0.06,0.057,-0.069,-0.036,-0.347,-0.345,-0.401,-0.054,-0.041,-0.162,-0.336,-0.42,-0.359,0.916,1.0,0.965
9500,y3,0.022,0.045,-0.158,-0.159,-0.256,-0.253,-0.293,-0.17,-0.107,-0.203,-0.213,-0.306,-0.288,0.92,0.965,1.0
10000,.,1.0,-0.333,-0.303,-0.2,-0.147,-0.075,0.009,-0.337,-0.256,-0.224,-0.109,-0.12,-0.169,-0.307,-0.276,-0.231
10000,A1_1,-0.333,1.0,0.964,0.87,-0.431,-0.437,-0.453,0.969,0.865,0.881,-0.441,-0.43,-0.436,0.152,0.121,0.172
10000,A1_2,-0.303,0.964,1.0,0.938,-0.549,-0.549,-0.556,0.994,0.934,0.955,-0.562,-0.54,-0.54,-0.027,-0.043,0.015
10000,A1_3,-0.2,0.87,0.938,1.0,-0.654,-0.663,-0.676,0.944,0.954,0.994,-0.667,-0.651,-0.639,-0.02,-0.009,0.072
10000,B1_1,-0.147,-0.431,-0.549,-0.654,1.0,0.988,0.956,-0.562,-0.741,-0.685,0.996,0.995,0.985,0.047,0.041,-0.01
10000,B1_2,-0.075,-0.437,-0.549,-0.663,0.988,1.0,0.988,-0.566,-0.764,-0.696,0.993,0.998,0.97,-0.002,-0.01,-0.056
10000,B1_3,0.009,-0.453,-0.556,-0.676,0.956,0.988,1.0,-0.58,-0.772,-0.707,0.966,0.978,0.947,-0.016,-0.021,-0.062
10000,A2_1,-0.337,0.969,0.994,0.944,-0.562,-0.566,-0.58,1.0,0.935,0.957,-0.573,-0.556,-0.559,0.029,0.011,0.066
10000,A2_2,-0.256,0.865,0.934,0.954,-0.741,-0.764,-0.772,0.935,1.0,0.98,-0.768,-0.748,-0.703,0.078,0.086,0.148
10000,A2_3,-0.224,0.881,0.955,0.994,-0.685,-0.696,-0.707,0.957,0.98,1.0,-0.702,-0.684,-0.662,-0.012,-0.003,0.071
10000,B2_1,-0.109,-0.441,-0.562,-0.667,0.996,0.993,0.966,-0.573,-0.768,-0.702,1.0,0.996,0.97,0.021,0.009,-0.04
10000,B2_2,-0.12,-0.43,-0.54,-0.651,0.995,0.998,0.978,-0.556,-0.748,-0.684,0.996,1.0,0.98,0.011,0.006,-0.042
10000,B2_3,-0.169,-0.436,-0.54,-0.639,0.985,0.97,0.947,-0.559,-0.703,-0.662,0.97,0.98,1.0,0.107,0.116,0.067
10000,y1,-0.307,0.152,-0.027,-0.02,0.047,-0.002,-0.016,0.029,0.078,-0.012,0.021,0.011,0.107,1.0,0.991,0.979
10000,y2,-0.276,0.121,-0.043,-0.009,0.041,-0.01,-0.021,0.011,0.086,-0.003,0.009,0.006,0.116,0.991,1.0,0.993
10000,y3,-0.231,0.172,0.015,0.072,-0.01,-0.056,-0.062,0.066,0.148,0.071,-0.04,-0.042,0.067,0.979,0.993,1.0
