,,.,A1_1,A1_2,A1_3,B1_1,B1_2,B1_3,A2_1,A2_2,A2_3,B2_1,B2_2,B2_3,y1,y2,y3
0,.,1.0,0.455,0.435,0.091,0.011,-0.023,0.147,0.755,-0.59,-0.5,0.304,-0.529,-0.329,0.024,-0.412,-0.525
0,A1_1,0.455,1.0,0.129,0.174,0.157,0.069,-0.193,0.266,0.048,0.195,0.205,-0.621,-0.411,-0.086,0.027,0.184
0,A1_2,0.435,0.129,1.0,-0.306,-0.183,-0.004,-0.247,0.039,-0.237,-0.562,0.57,-0.099,0.348,0.17,0.115,0.092
0,A1_3,0.091,0.174,-0.306,1.0,0.076,-0.036,0.435,0.051,-0.034,0.414,-0.213,0.003,-0.312,0.683,-0.657,0.293
0,B1_1,0.011,0.157,-0.183,0.076,1.0,0.332,0.031,0.18,0.01,0.2,-0.467,0.094,-0.299,-0.134,0.072,-0.026
0,B1_2,-0.023,0.069,-0.004,-0.036,0.332,1.0,0.314,0.466,-0.557,0.074,0.145,0.308,-0.022,0.118,-0.388,0.022
0,B1_3,0.147,-0.193,-0.247,0.435,0.031,0.314,1.0,0.473,-0.633,-0.082,0.215,-0.11,-0.176,0.143,-0.656,-0.123
0,A2_1,0.755,0.266,0.039,0.051,0.18,0.466,0.473,1.0,-0.841,-0.27,0.181,-0.236,-0.525,-0.069,-0.64,-0.62
0,A2_2,-0.59,0.048,-0.237,-0.034,0.01,-0.557,-0.633,-0.841,1.0,0.523,-0.495,0.11,0.12,-0.194,0.701,0.391
0,A2_3,-0.5,0.195,-0.562,0.414,0.2,0.074,-0.082,-0.27,0.523,1.0,-0.615,0.395,-0.508,0.084,-0.037,0.355
0,B2_1,0.304,0.205,0.57,-0.213,-0.467,0.145,0.215,0.181,-0.495,-0.615,1.0,-0.492,0.36,0.118,-0.066,0.238
0,B2_2,-0.529,-0.621,-0.099,0.003,0.094,0.308,-0.11,-0.236,0.11,0.395,-0.492,1.0,0.047,0.32,-0.144,0.073
0,B2_3,-0.329,-0.411,0.348,-0.312,-0.299,-0.022,-0.176,-0.525,0.12,-0.508,0.36,0.047,1.0,0.063,0.383,0.241
0,y1,0.024,-0.086,0.17,0.683,-0.134,0.118,0.143,-0.069,-0.194,0.084,0.118,0.32,0.063,1.0,-0.61,0.473
0,y2,-0.412,0.027,0.115,-0.657,0.072,-0.388,-0.656,-0.64,0.701,-0.037,-0.066,-0.144,0.383,-0.61,1.0,0.186
0,y3,-0.525,0.184,0.092,0.293,-0.026,0.022,-0.123,-0.62,0.391,0.355,0.238,0.073,0.241,0.473,0.186,1.0
500,.,1.0,-0.055,-0.379,-0.215,-0.06,-0.072,-0.026,0.032,-0.438,-0.049,-0.186,-0.633,-0.847,0.246,0.104,0.165
500,A1_1,-0.055,1.0,0.844,0.4,-0.165,-0.271,-0.294,0.616,0.445,0.224,0.027,-0.282,-0.016,-0.384,-0.36,-0.402
500,A1_2,-0.379,0.844,1.0,0.317,-0.089,-0.101,-0.174,0.56,0.415,0.119,0.31,0.079,0.28,-0.39,-0.332,-0.359
500,A1_3,-0.215,0.4,0.317,1.0,-0.061,-0.23,0.183,0.322,0.437,0.624,-0.291,0.282,-0.026,-0.182,-0.583,-0.33
500,B1_1,-0.06,-0.165,-0.089,-0.061,1.0,0.538,0.394,0.015,-0.301,-0.281,0.1,0.201,0.212,-0.154,-0.378,-0.28
500,B1_2,-0.072,-0.271,-0.101,-0.23,0.538,1.0,0.544,0.157,-0.75,-0.346,0.434,0.507,0.278,-0.023,-0.385,-0.088
500,B1_3,-0.026,-0.294,-0.174,0.183,0.394,0.544,1.0,0.202,-0.585,-0.252,0.403,0.291,0.202,-0.404,-0.635,-0.451
500,A2_1,0.032,0.616,0.56,0.322,0.015,0.157,0.202,1.0,0.034,0.203,-0.004,0.128,-0.16,-0.75,-0.764,-0.819
500,A2_2,-0.438,0.445,0.415,0.437,-0.301,-0.75,-0.585,0.034,1.0,0.604,-0.525,-0.0,0.049,-0.155,0.163,-0.087
500,A2_3,-0.049,0.224,0.119,0.624,-0.281,-0.346,-0.252,0.203,0.604,1.0,-0.778,0.277,-0.448,-0.044,-0.08,-0.037
500,B2_1,-0.186,0.027,0.31,-0.291,0.1,0.434,0.403,-0.004,-0.525,-0.778,1.0,0.021,0.584,-0.024,-0.128,0.001
500,B2_2,-0.633,-0.282,0.079,0.282,0.201,0.507,0.291,0.128,-0.0,0.277,0.021,1.0,0.4,-0.071,-0.317,-0.106
500,B2_3,-0.847,-0.016,0.28,-0.026,0.212,0.278,0.202,-0.16,0.049,-0.448,0.584,0.4,1.0,-0.141,-0.106,-0.094
500,y1,0.246,-0.384,-0.39,-0.182,-0.154,-0.023,-0.404,-0.75,-0.155,-0.044,-0.024,-0.071,-0.141,1.0,0.65,0.946
500,y2,0.104,-0.36,-0.332,-0.583,-0.378,-0.385,-0.635,-0.764,0.163,-0.08,-0.128,-0.317,-0.106,0.65,1.0,0.819
500,y3,0.165,-0.402,-0.359,-0.33,-0.28,-0.088,-0.451,-0.819,-0.087,-0.037,0.001,-0.106,-0.094,0.946,0.819,1.0
1000,.,1.0,-0.347,-0.515,-0.447,-0.101,-0.044,-0.067,-0.3,-0.57,-0.339,-0.179,-0.605,-0.827,0.494,0.419,0.49
1000,A1_1,-0.347,1.0,0.898,0.612,-0.289,-0.37,-0.33,0.737,0.709,0.56,-0.039,-0.156,0.099,-0.511,-0.503,-0.513
1000,A1_2,-0.515,0.898,1.0,0.533,-0.105,-0.15,-0.174,0.72,0.615,0.457,0.227,0.11,0.299,-0.528,-0.522,-0.5
1000,A1_3,-0.447,0.612,0.533,1.0,-0.196,-0.287,0.078,0.536,0.664,0.786,-0.281,0.31,0.079,-0.417,-0.603,-0.471
1000,B1_1,-0.101,-0.289,-0.105,-0.196,1.0,0.561,0.425,-0.068,-0.334,-0.378,0.152,0.223,0.243,-0.105,-0.364,-0.259
1000,B1_2,-0.044,-0.37,-0.15,-0.287,0.561,1.0,0.562,0.033,-0.673,-0.408,0.452,0.534,0.293,-0.016,-0.284,-0.091
1000,B1_3,-0.067,-0.33,-0.174,0.078,0.425,0.562,1.0,0.108,-0.496,-0.27,0.416,0.344,0.22,-0.38,-0.526,-0.379
1000,A2_1,-0.3,0.737,0.72,0.536,-0.068,0.033,0.108,1.0,0.419,0.504,-0.034,0.21,0.009,-0.827,-0.755,-0.827
1000,A2_2,-0.57,0.709,0.615,0.664,-0.334,-0.673,-0.496,0.419,1.0,0.795,-0.448,0.052,0.12,-0.386,-0.184,-0.361
1000,A2_3,-0.339,0.56,0.457,0.786,-0.378,-0.408,-0.27,0.504,0.795,1.0,-0.636,0.282,-0.211,-0.338,-0.229,-0.311
1000,B2_1,-0.179,-0.039,0.227,-0.281,0.152,0.452,0.416,-0.034,-0.448,-0.636,1.0,0.089,0.596,-0.039,-0.168,0.008
1000,B2_2,-0.605,-0.156,0.11,0.31,0.223,0.534,0.344,0.21,0.052,0.282,0.089,1.0,0.434,-0.216,-0.302,-0.239
1000,B2_3,-0.827,0.099,0.299,0.079,0.243,0.293,0.22,0.009,0.12,-0.211,0.596,0.434,1.0,-0.258,-0.323,-0.279
1000,y1,0.494,-0.511,-0.528,-0.417,-0.105,-0.016,-0.38,-0.827,-0.386,-0.338,-0.039,-0.216,-0.258,1.0,0.774,0.962
1000,y2,0.419,-0.503,-0.522,-0.603,-0.364,-0.284,-0.526,-0.755,-0.184,-0.229,-0.168,-0.302,-0.323,0.774,1.0,0.879
1000,y3,0.49,-0.513,-0.5,-0.471,-0.259,-0.091,-0.379,-0.827,-0.361,-0.311,0.008,-0.239,-0.279,0.962,0.879,1.0
1500,.,1.0,-0.381,-0.533,-0.463,-0.148,-0.072,-0.099,-0.4,-0.569,-0.37,-0.201,-0.607,-0.822,0.471,0.435,0.46
1500,A1_1,-0.381,1.0,0.917,0.662,-0.286,-0.369,-0.308,0.767,0.747,0.622,-0.062,-0.181,0.088,-0.462,-0.479,-0.499
1500,A1_2,-0.533,0.917,1.0,0.602,-0.117,-0.176,-0.176,0.751,0.665,0.538,0.185,0.072,0.269,-0.495,-0.499,-0.493
1500,A1_3,-0.463,0.662,0.602,1.0,-0.274,-0.281,0.089,0.635,0.697,0.824,-0.263,0.257,0.078,-0.448,-0.6,-0.525
1500,B1_1,-0.148,-0.286,-0.117,-0.274,1.0,0.6,0.441,-0.084,-0.381,-0.444,0.246,0.25,0.306,-0.184,-0.334,-0.177
1500,B1_2,-0.072,-0.369,-0.176,-0.281,0.6,1.0,0.568,-0.01,-0.648,-0.419,0.478,0.574,0.322,-0.076,-0.315,-0.073
1500,B1_3,-0.099,-0.308,-0.176,0.089,0.441,0.568,1.0,0.108,-0.476,-0.252,0.428,0.391,0.237,-0.468,-0.567,-0.443
1500,A2_1,-0.4,0.767,0.751,0.635,-0.084,-0.01,0.108,1.0,0.539,0.604,-0.053,0.2,0.043,-0.835,-0.791,-0.868
1500,A2_2,-0.569,0.747,0.665,0.697,-0.381,-0.648,-0.476,0.539,1.0,0.832,-0.444,0.015,0.104,-0.349,-0.196,-0.366
1500,A2_3,-0.37,0.622,0.538,0.824,-0.444,-0.419,-0.252,0.604,0.832,1.0,-0.597,0.204,-0.181,-0.366,-0.281,-0.377
1500,B2_1,-0.201,-0.062,0.185,-0.263,0.246,0.478,0.428,-0.053,-0.444,-0.597,1.0,0.191,0.607,-0.054,-0.172,-0.025
1500,B2_2,-0.607,-0.181,0.072,0.257,0.25,0.574,0.391,0.2,0.015,0.204,0.191,1.0,0.498,-0.245,-0.341,-0.248
1500,B2_3,-0.822,0.088,0.269,0.078,0.306,0.322,0.237,0.043,0.104,-0.181,0.607,0.498,1.0,-0.193,-0.288,-0.195
1500,y1,0.471,-0.462,-0.495,-0.448,-0.184,-0.076,-0.468,-0.835,-0.349,-0.366,-0.054,-0.245,-0.193,1.0,0.824,0.975
1500,y2,0.435,-0.479,-0.499,-0.6,-0.334,-0.315,-0.567,-0.791,-0.196,-0.281,-0.172,-0.341,-0.288,0.824,1.0,0.895
1500,y3,0.46,-0.499,-0.493,-0.525,-0.177,-0.073,-0.443,-0.868,-0.366,-0.377,-0.025,-0.248,-0.195,0.975,0.895,1.0
2000,.,1.0,-0.396,-0.547,-0.525,-0.126,-0.044,-0.114,-0.431,-0.592,-0.438,-0.209,-0.59,-0.817,0.534,0.513,0.447
2000,A1_1,-0.396,1.0,0.929,0.682,-0.31,-0.384,-0.293,0.789,0.77,0.66,-0.05,-0.179,0.089,-0.525,-0.493,-0.509
2000,A1_2,-0.547,0.929,1.0,0.652,-0.133,-0.192,-0.165,0.778,0.705,0.604,0.166,0.073,0.266,-0.548,-0.51,-0.492
2000,A1_3,-0.525,0.682,0.652,1.0,-0.281,-0.275,0.103,0.673,0.72,0.849,-0.234,0.266,0.109,-0.487,-0.593,-0.511
2000,B1_1,-0.126,-0.31,-0.133,-0.281,1.0,0.616,0.459,-0.091,-0.394,-0.473,0.274,0.267,0.318,-0.25,-0.35,-0.226
2000,B1_2,-0.044,-0.384,-0.192,-0.275,0.616,1.0,0.581,-0.024,-0.645,-0.432,0.49,0.586,0.331,-0.152,-0.253,-0.125
2000,B1_3,-0.114,-0.293,-0.165,0.103,0.459,0.581,1.0,0.109,-0.448,-0.23,0.437,0.416,0.256,-0.463,-0.533,-0.482
2000,A2_1,-0.431,0.789,0.778,0.673,-0.091,-0.024,0.109,1.0,0.59,0.649,-0.04,0.212,0.084,-0.836,-0.798,-0.842
2000,A2_2,-0.592,0.77,0.705,0.72,-0.394,-0.645,-0.448,0.59,1.0,0.854,-0.413,0.003,0.111,-0.38,-0.302,-0.342
2000,A2_3,-0.438,0.66,0.604,0.849,-0.473,-0.432,-0.23,0.649,0.854,1.0,-0.534,0.205,-0.123,-0.378,-0.331,-0.347
2000,B2_1,-0.209,-0.05,0.166,-0.234,0.274,0.49,0.437,-0.04,-0.413,-0.534,1.0,0.217,0.62,-0.108,-0.131,-0.082
2000,B2_2,-0.59,-0.179,0.073,0.266,0.267,0.586,0.416,0.212,0.003,0.205,0.217,1.0,0.505,-0.252,-0.325,-0.207
2000,B2_3,-0.817,0.089,0.266,0.109,0.318,0.331,0.256,0.084,0.111,-0.123,0.62,0.505,1.0,-0.312,-0.35,-0.249
2000,y1,0.534,-0.525,-0.548,-0.487,-0.25,-0.152,-0.463,-0.836,-0.38,-0.378,-0.108,-0.252,-0.312,1.0,0.921,0.976
2000,y2,0.513,-0.493,-0.51,-0.593,-0.35,-0.253,-0.533,-0.798,-0.302,-0.331,-0.131,-0.325,-0.35,0.921,1.0,0.955
2000,y3,0.447,-0.509,-0.492,-0.511,-0.226,-0.125,-0.482,-0.842,-0.342,-0.347,-0.082,-0.207,-0.249,0.976,0.955,1.0
2500,.,1.0,-0.437,-0.563,-0.544,-0.099,-0.029,-0.087,-0.451,-0.594,-0.442,-0.211,-0.54,-0.816,0.578,0.426,0.513
2500,A1_1,-0.437,1.0,0.938,0.706,-0.303,-0.36,-0.28,0.817,0.779,0.668,-0.066,-0.178,0.092,-0.511,-0.553,-0.533
2500,A1_2,-0.563,0.938,1.0,0.693,-0.154,-0.207,-0.183,0.782,0.734,0.629,0.129,0.042,0.251,-0.535,-0.521,-0.524
2500,A1_3,-0.544,0.706,0.693,1.0,-0.282,-0.243,0.105,0.728,0.721,0.852,-0.221,0.275,0.12,-0.487,-0.614,-0.578
2500,B1_1,-0.099,-0.303,-0.154,-0.282,1.0,0.639,0.473,-0.111,-0.405,-0.466,0.294,0.289,0.327,-0.312,-0.236,-0.275
2500,B1_2,-0.029,-0.36,-0.207,-0.243,0.639,1.0,0.588,-0.048,-0.632,-0.414,0.495,0.622,0.346,-0.221,-0.177,-0.203
2500,B1_3,-0.087,-0.28,-0.183,0.105,0.473,0.588,1.0,0.096,-0.46,-0.231,0.444,0.45,0.268,-0.487,-0.489,-0.497
2500,A2_1,-0.451,0.817,0.782,0.728,-0.111,-0.048,0.096,1.0,0.637,0.688,-0.072,0.188,0.081,-0.817,-0.861,-0.853
2500,A2_2,-0.594,0.779,0.734,0.721,-0.405,-0.632,-0.46,0.637,1.0,0.855,-0.418,-0.032,0.083,-0.349,-0.341,-0.359
2500,A2_3,-0.442,0.668,0.629,0.852,-0.466,-0.414,-0.231,0.688,0.855,1.0,-0.536,0.19,-0.129,-0.324,-0.386,-0.385
2500,B2_1,-0.211,-0.066,0.129,-0.221,0.294,0.495,0.444,-0.072,-0.418,-0.536,1.0,0.248,0.629,-0.209,-0.089,-0.114
2500,B2_2,-0.54,-0.178,0.042,0.275,0.289,0.622,0.45,0.188,-0.032,0.19,0.248,1.0,0.514,-0.33,-0.267,-0.319
2500,B2_3,-0.816,0.092,0.251,0.12,0.327,0.346,0.268,0.081,0.083,-0.129,0.629,0.514,1.0,-0.406,-0.23,-0.311
2500,y1,0.578,-0.511,-0.535,-0.487,-0.312,-0.221,-0.487,-0.817,-0.349,-0.324,-0.209,-0.33,-0.406,1.0,0.94,0.981
2500,y2,0.426,-0.553,-0.521,-0.614,-0.236,-0.177,-0.489,-0.861,-0.341,-0.386,-0.089,-0.267,-0.23,0.94,1.0,0.986
2500,y3,0.513,-0.533,-0.524,-0.578,-0.275,-0.203,-0.497,-0.853,-0.359,-0.385,-0.114,-0.319,-0.311,0.981,0.986,1.0
3000,.,1.0,-0.449,-0.575,-0.563,-0.094,-0.027,-0.076,-0.482,-0.603,-0.458,-0.192,-0.518,-0.799,0.585,0.47,0.532
3000,A1_1,-0.449,1.0,0.947,0.71,-0.293,-0.354,-0.298,0.834,0.792,0.673,-0.084,-0.183,0.086,-0.478,-0.514,-0.553
3000,A1_2,-0.575,0.947,1.0,0.716,-0.173,-0.22,-0.203,0.795,0.759,0.655,0.095,0.017,0.24,-0.516,-0.496,-0.536
3000,A1_3,-0.563,0.71,0.716,1.0,-0.28,-0.233,0.089,0.76,0.719,0.855,-0.224,0.268,0.119,-0.536,-0.618,-0.541
3000,B1_1,-0.094,-0.293,-0.173,-0.28,1.0,0.657,0.486,-0.126,-0.413,-0.449,0.312,0.314,0.338,-0.322,-0.275,-0.31
3000,B1_2,-0.027,-0.354,-0.22,-0.233,0.657,1.0,0.594,-0.073,-0.611,-0.406,0.502,0.663,0.363,-0.259,-0.219,-0.202
3000,B1_3,-0.076,-0.298,-0.203,0.089,0.486,0.594,1.0,0.077,-0.476,-0.245,0.452,0.486,0.28,-0.523,-0.504,-0.427
3000,A2_1,-0.482,0.834,0.795,0.76,-0.126,-0.073,0.077,1.0,0.684,0.721,-0.102,0.172,0.089,-0.815,-0.845,-0.847
3000,A2_2,-0.603,0.792,0.759,0.719,-0.413,-0.611,-0.476,0.684,1.0,0.861,-0.417,-0.063,0.068,-0.359,-0.353,-0.392
3000,A2_3,-0.458,0.673,0.655,0.855,-0.449,-0.406,-0.245,0.721,0.861,1.0,-0.541,0.161,-0.141,-0.384,-0.412,-0.371
3000,B2_1,-0.192,-0.084,0.095,-0.224,0.312,0.502,0.452,-0.102,-0.417,-0.541,1.0,0.288,0.639,-0.173,-0.069,-0.109
3000,B2_2,-0.518,-0.183,0.017,0.268,0.314,0.663,0.486,0.172,-0.063,0.161,0.288,1.0,0.528,-0.418,-0.353,-0.301
3000,B2_3,-0.799,0.086,0.24,0.119,0.338,0.363,0.28,0.089,0.068,-0.141,0.639,0.528,1.0,-0.388,-0.264,-0.34
3000,y1,0.585,-0.478,-0.516,-0.536,-0.322,-0.259,-0.523,-0.815,-0.359,-0.384,-0.173,-0.418,-0.388,1.0,0.956,0.974
3000,y2,0.47,-0.514,-0.496,-0.618,-0.275,-0.219,-0.504,-0.845,-0.353,-0.412,-0.069,-0.353,-0.264,0.956,1.0,0.98
3000,y3,0.532,-0.553,-0.536,-0.541,-0.31,-0.202,-0.427,-0.847,-0.392,-0.371,-0.109,-0.301,-0.34,0.974,0.98,1.0
3500,.,1.0,-0.467,-0.604,-0.602,-0.067,0.008,-0.082,-0.539,-0.645,-0.499,-0.192,-0.492,-0.781,0.564,0.505,0.538
3500,A1_1,-0.467,1.0,0.946,0.729,-0.33,-0.385,-0.319,0.827,0.808,0.688,-0.102,-0.211,0.07,-0.441,-0.524,-0.505
3500,A1_2,-0.604,0.946,1.0,0.753,-0.203,-0.253,-0.202,0.805,0.784,0.678,0.085,-0.003,0.232,-0.504,-0.524,-0.52
3500,A1_3,-0.602,0.729,0.753,1.0,-0.292,-0.241,0.069,0.796,0.753,0.87,-0.217,0.257,0.123,-0.516,-0.587,-0.599
3500,B1_1,-0.067,-0.33,-0.203,-0.292,1.0,0.664,0.494,-0.134,-0.403,-0.453,0.326,0.331,0.351,-0.354,-0.289,-0.267
3500,B1_2,0.008,-0.385,-0.253,-0.241,0.664,1.0,0.602,-0.1,-0.593,-0.393,0.507,0.67,0.369,-0.246,-0.186,-0.178
3500,B1_3,-0.082,-0.319,-0.202,0.069,0.494,0.602,1.0,0.091,-0.445,-0.232,0.466,0.505,0.295,-0.547,-0.478,-0.505
3500,A2_1,-0.539,0.827,0.805,0.796,-0.134,-0.1,0.091,1.0,0.727,0.754,-0.093,0.174,0.119,-0.804,-0.853,-0.853
3500,A2_2,-0.645,0.808,0.784,0.753,-0.403,-0.593,-0.445,0.727,1.0,0.866,-0.394,-0.051,0.086,-0.368,-0.407,-0.418
3500,A2_3,-0.499,0.688,0.678,0.87,-0.453,-0.393,-0.232,0.754,0.866,1.0,-0.514,0.165,-0.122,-0.373,-0.409,-0.433
3500,B2_1,-0.192,-0.102,0.085,-0.217,0.326,0.507,0.466,-0.093,-0.394,-0.514,1.0,0.303,0.641,-0.207,-0.105,-0.111
3500,B2_2,-0.492,-0.211,-0.003,0.257,0.331,0.67,0.505,0.174,-0.051,0.165,0.303,1.0,0.534,-0.388,-0.304,-0.337
3500,B2_3,-0.781,0.07,0.232,0.123,0.351,0.369,0.295,0.119,0.086,-0.122,0.641,0.534,1.0,-0.378,-0.302,-0.319
3500,y1,0.564,-0.441,-0.504,-0.516,-0.354,-0.246,-0.547,-0.804,-0.368,-0.373,-0.207,-0.388,-0.378,1.0,0.966,0.98
3500,y2,0.505,-0.524,-0.524,-0.587,-0.289,-0.186,-0.478,-0.853,-0.407,-0.409,-0.105,-0.304,-0.302,0.966,1.0,0.995
3500,y3,0.538,-0.505,-0.52,-0.599,-0.267,-0.178,-0.505,-0.853,-0.418,-0.433,-0.111,-0.337,-0.319,0.98,0.995,1.0
4000,.,1.0,-0.468,-0.599,-0.593,-0.072,0.019,-0.081,-0.507,-0.641,-0.485,-0.186,-0.483,-0.781,0.56,0.477,0.535
4000,A1_1,-0.468,1.0,0.94,0.744,-0.318,-0.392,-0.33,0.844,0.818,0.697,-0.14,-0.225,0.07,-0.452,-0.502,-0.524
4000,A1_2,-0.599,0.94,1.0,0.774,-0.197,-0.266,-0.191,0.817,0.79,0.675,0.067,-0.022,0.229,-0.518,-0.506,-0.541
4000,A1_3,-0.593,0.744,0.774,1.0,-0.295,-0.227,0.072,0.829,0.756,0.859,-0.2,0.243,0.122,-0.527,-0.602,-0.606
4000,B1_1,-0.072,-0.318,-0.197,-0.295,1.0,0.672,0.507,-0.165,-0.4,-0.457,0.345,0.362,0.367,-0.365,-0.324,-0.273
4000,B1_2,0.019,-0.392,-0.266,-0.227,0.672,1.0,0.617,-0.135,-0.606,-0.405,0.521,0.689,0.381,-0.298,-0.208,-0.199
4000,B1_3,-0.081,-0.33,-0.191,0.072,0.507,0.617,1.0,0.06,-0.438,-0.264,0.487,0.537,0.319,-0.524,-0.474,-0.479
4000,A2_1,-0.507,0.844,0.817,0.829,-0.165,-0.135,0.06,1.0,0.741,0.765,-0.125,0.132,0.094,-0.785,-0.827,-0.839
4000,A2_2,-0.641,0.818,0.79,0.756,-0.4,-0.606,-0.438,0.741,1.0,0.864,-0.396,-0.084,0.08,-0.365,-0.413,-0.427
4000,A2_3,-0.485,0.697,0.675,0.859,-0.457,-0.405,-0.264,0.765,0.864,1.0,-0.54,0.114,-0.133,-0.346,-0.423,-0.41
4000,B2_1,-0.186,-0.14,0.067,-0.2,0.345,0.521,0.487,-0.125,-0.396,-0.54,1.0,0.346,0.648,-0.24,-0.049,-0.138
4000,B2_2,-0.483,-0.225,-0.022,0.243,0.362,0.689,0.537,0.132,-0.084,0.114,0.346,1.0,0.564,-0.437,-0.339,-0.357
4000,B2_3,-0.781,0.07,0.229,0.122,0.367,0.381,0.319,0.094,0.08,-0.133,0.648,0.564,1.0,-0.425,-0.277,-0.358
4000,y1,0.56,-0.452,-0.518,-0.527,-0.365,-0.298,-0.524,-0.785,-0.365,-0.346,-0.24,-0.437,-0.425,1.0,0.966,0.981
4000,y2,0.477,-0.502,-0.506,-0.602,-0.324,-0.208,-0.474,-0.827,-0.413,-0.423,-0.049,-0.339,-0.277,0.966,1.0,0.99
4000,y3,0.535,-0.524,-0.541,-0.606,-0.273,-0.199,-0.479,-0.839,-0.427,-0.41,-0.138,-0.357,-0.358,0.981,0.99,1.0
4500,.,1.0,-0.483,-0.592,-0.577,-0.058,0.05,-0.051,-0.496,-0.65,-0.487,-0.17,-0.459,-0.75,0.523,0.457,0.405
4500,A1_1,-0.483,1.0,0.95,0.762,-0.292,-0.379,-0.319,0.859,0.827,0.705,-0.145,-0.209,0.078,-0.481,-0.481,-0.487
4500,A1_2,-0.592,0.95,1.0,0.794,-0.216,-0.28,-0.184,0.836,0.798,0.683,0.059,-0.037,0.219,-0.524,-0.495,-0.505
4500,A1_3,-0.577,0.762,0.794,1.0,-0.309,-0.221,0.056,0.853,0.763,0.873,-0.195,0.241,0.11,-0.595,-0.639,-0.56
4500,B1_1,-0.058,-0.292,-0.216,-0.309,1.0,0.681,0.515,-0.159,-0.397,-0.456,0.362,0.375,0.401,-0.315,-0.336,-0.353
4500,B1_2,0.05,-0.379,-0.28,-0.221,0.681,1.0,0.625,-0.144,-0.597,-0.392,0.528,0.698,0.415,-0.308,-0.246,-0.267
4500,B1_3,-0.051,-0.319,-0.184,0.056,0.515,0.625,1.0,0.039,-0.437,-0.254,0.498,0.544,0.351,-0.525,-0.498,-0.531
4500,A2_1,-0.496,0.859,0.836,0.853,-0.159,-0.144,0.039,1.0,0.766,0.794,-0.142,0.122,0.089,-0.807,-0.808,-0.797
4500,A2_2,-0.65,0.827,0.798,0.763,-0.397,-0.597,-0.437,0.766,1.0,0.861,-0.385,-0.085,0.057,-0.393,-0.42,-0.357
4500,A2_3,-0.487,0.705,0.683,0.873,-0.456,-0.392,-0.254,0.794,0.861,1.0,-0.527,0.114,-0.149,-0.435,-0.468,-0.377
4500,B2_1,-0.17,-0.145,0.059,-0.195,0.362,0.528,0.498,-0.142,-0.385,-0.527,1.0,0.369,0.674,-0.189,-0.058,-0.159
4500,B2_2,-0.459,-0.209,-0.037,0.241,0.375,0.698,0.544,0.122,-0.085,0.114,0.369,1.0,0.586,-0.47,-0.427,-0.35
4500,B2_3,-0.75,0.078,0.219,0.11,0.401,0.415,0.351,0.089,0.057,-0.149,0.674,0.586,1.0,-0.403,-0.298,-0.305
4500,y1,0.523,-0.481,-0.524,-0.595,-0.315,-0.308,-0.525,-0.807,-0.393,-0.435,-0.189,-0.47,-0.403,1.0,0.968,0.98
4500,y2,0.457,-0.481,-0.495,-0.639,-0.336,-0.246,-0.498,-0.808,-0.42,-0.468,-0.058,-0.427,-0.298,0.968,1.0,0.98
4500,y3,0.405,-0.487,-0.505,-0.56,-0.353,-0.267,-0.531,-0.797,-0.357,-0.377,-0.159,-0.35,-0.305,0.98,0.98,1.0
5000,.,1.0,-0.496,-0.602,-0.58,-0.042,0.082,-0.034,-0.497,-0.674,-0.508,-0.157,-0.43,-0.734,0.453,0.444,0.423
5000,A1_1,-0.496,1.0,0.961,0.796,-0.253,-0.347,-0.277,0.892,0.829,0.729,-0.139,-0.172,0.09,-0.507,-0.557,-0.531
5000,A1_2,-0.602,0.961,1.0,0.821,-0.193,-0.267,-0.156,0.862,0.803,0.698,0.057,-0.023,0.235,-0.556,-0.567,-0.55
5000,A1_3,-0.58,0.796,0.821,1.0,-0.306,-0.205,0.038,0.874,0.776,0.894,-0.182,0.236,0.113,-0.623,-0.663,-0.597
5000,B1_1,-0.042,-0.253,-0.193,-0.306,1.0,0.695,0.534,-0.179,-0.369,-0.429,0.391,0.416,0.425,-0.36,-0.34,-0.35
5000,B1_2,0.082,-0.347,-0.267,-0.205,0.695,1.0,0.637,-0.159,-0.575,-0.384,0.541,0.713,0.425,-0.31,-0.269,-0.303
5000,B1_3,-0.034,-0.277,-0.156,0.038,0.534,0.637,1.0,0.014,-0.407,-0.239,0.513,0.563,0.366,-0.574,-0.497,-0.533
5000,A2_1,-0.497,0.892,0.862,0.874,-0.179,-0.159,0.014,1.0,0.79,0.83,-0.161,0.097,0.083,-0.772,-0.802,-0.782
5000,A2_2,-0.674,0.829,0.803,0.776,-0.369,-0.575,-0.407,0.79,1.0,0.869,-0.368,-0.076,0.077,-0.406,-0.459,-0.405
5000,A2_3,-0.508,0.729,0.698,0.894,-0.429,-0.384,-0.239,0.83,0.869,1.0,-0.508,0.104,-0.129,-0.47,-0.518,-0.44
5000,B2_1,-0.157,-0.139,0.057,-0.182,0.391,0.541,0.513,-0.161,-0.368,-0.508,1.0,0.412,0.683,-0.194,-0.087,-0.186
5000,B2_2,-0.43,-0.172,-0.023,0.236,0.416,0.713,0.563,0.097,-0.076,0.104,0.412,1.0,0.606,-0.473,-0.437,-0.427
5000,B2_3,-0.734,0.09,0.235,0.113,0.425,0.425,0.366,0.083,0.077,-0.129,0.683,0.606,1.0,-0.348,-0.311,-0.35
5000,y1,0.453,-0.507,-0.556,-0.623,-0.36,-0.31,-0.574,-0.772,-0.406,-0.47,-0.194,-0.473,-0.348,1.0,0.981,0.988
5000,y2,0.444,-0.557,-0.567,-0.663,-0.34,-0.269,-0.497,-0.802,-0.459,-0.518,-0.087,-0.437,-0.311,0.981,1.0,0.988
5000,y3,0.423,-0.531,-0.55,-0.597,-0.35,-0.303,-0.533,-0.782,-0.405,-0.44,-0.186,-0.427,-0.35,0.988,0.988,1.0
5500,.,1.0,-0.443,-0.534,-0.519,-0.06,0.06,-0.046,-0.435,-0.638,-0.456,-0.182,-0.361,-0.717,0.324,0.343,0.34
5500,A1_1,-0.443,1.0,0.967,0.812,-0.283,-0.36,-0.29,0.905,0.849,0.753,-0.163,-0.251,0.047,-0.444,-0.524,-0.507
5500,A1_2,-0.534,0.967,1.0,0.83,-0.206,-0.271,-0.171,0.874,0.815,0.718,0.027,-0.103,0.182,-0.469,-0.533,-0.542
5500,A1_3,-0.519,0.812,0.83,1.0,-0.354,-0.21,-0.005,0.891,0.798,0.918,-0.202,0.106,0.056,-0.535,-0.603,-0.59
5500,B1_1,-0.06,-0.283,-0.206,-0.354,1.0,0.724,0.577,-0.271,-0.383,-0.478,0.507,0.567,0.528,-0.373,-0.346,-0.371
5500,B1_2,0.06,-0.36,-0.271,-0.21,0.724,1.0,0.662,-0.203,-0.553,-0.374,0.57,0.817,0.472,-0.355,-0.326,-0.365
5500,B1_3,-0.046,-0.29,-0.171,-0.005,0.577,0.662,1.0,-0.051,-0.391,-0.239,0.548,0.692,0.421,-0.613,-0.512,-0.579
5500,A2_1,-0.435,0.905,0.874,0.891,-0.271,-0.203,-0.051,1.0,0.822,0.864,-0.202,-0.046,0.01,-0.672,-0.727,-0.702
5500,A2_2,-0.638,0.849,0.815,0.798,-0.383,-0.553,-0.391,0.822,1.0,0.869,-0.37,-0.218,0.036,-0.346,-0.428,-0.376
5500,A2_3,-0.456,0.753,0.718,0.918,-0.478,-0.374,-0.239,0.864,0.869,1.0,-0.504,-0.077,-0.176,-0.388,-0.47,-0.419
5500,B2_1,-0.182,-0.163,0.027,-0.202,0.507,0.57,0.548,-0.202,-0.37,-0.504,1.0,0.567,0.721,-0.226,-0.148,-0.252
5500,B2_2,-0.361,-0.251,-0.103,0.106,0.567,0.817,0.692,-0.046,-0.218,-0.077,0.567,1.0,0.674,-0.454,-0.434,-0.469
5500,B2_3,-0.717,0.047,0.182,0.056,0.528,0.472,0.421,0.01,0.036,-0.176,0.721,0.674,1.0,-0.341,-0.314,-0.359
5500,y1,0.324,-0.444,-0.469,-0.535,-0.373,-0.355,-0.613,-0.672,-0.346,-0.388,-0.226,-0.454,-0.341,1.0,0.987,0.991
5500,y2,0.343,-0.524,-0.533,-0.603,-0.346,-0.326,-0.512,-0.727,-0.428,-0.47,-0.148,-0.434,-0.314,0.987,1.0,0.992
5500,y3,0.34,-0.507,-0.542,-0.59,-0.371,-0.365,-0.579,-0.702,-0.376,-0.419,-0.252,-0.469,-0.359,0.991,0.992,1.0
6000,.,1.0,-0.452,-0.529,-0.524,-0.059,0.062,-0.047,-0.449,-0.63,-0.466,-0.164,-0.322,-0.685,0.307,0.337,0.301
6000,A1_1,-0.452,1.0,0.972,0.829,-0.328,-0.38,-0.312,0.918,0.858,0.777,-0.194,-0.294,0.018,-0.516,-0.587,-0.534
6000,A1_2,-0.529,0.972,1.0,0.839,-0.288,-0.328,-0.227,0.878,0.824,0.737,-0.034,-0.195,0.13,-0.507,-0.557,-0.53
6000,A1_3,-0.524,0.829,0.839,1.0,-0.397,-0.271,-0.068,0.913,0.817,0.928,-0.252,-0.012,0.019,-0.582,-0.618,-0.603
6000,B1_1,-0.059,-0.328,-0.288,-0.397,1.0,0.762,0.643,-0.307,-0.402,-0.501,0.553,0.666,0.581,-0.367,-0.309,-0.346
6000,B1_2,0.062,-0.38,-0.328,-0.271,0.762,1.0,0.703,-0.238,-0.567,-0.418,0.606,0.841,0.526,-0.346,-0.285,-0.328
6000,B1_3,-0.047,-0.312,-0.227,-0.068,0.643,0.703,1.0,-0.085,-0.412,-0.29,0.601,0.748,0.491,-0.565,-0.474,-0.551
6000,A2_1,-0.449,0.918,0.878,0.913,-0.307,-0.238,-0.085,1.0,0.83,0.878,-0.228,-0.109,-0.002,-0.704,-0.764,-0.718
6000,A2_2,-0.63,0.858,0.824,0.817,-0.402,-0.567,-0.412,0.83,1.0,0.883,-0.396,-0.277,-0.007,-0.383,-0.458,-0.398
6000,A2_3,-0.466,0.777,0.737,0.928,-0.501,-0.418,-0.29,0.878,0.883,1.0,-0.527,-0.183,-0.196,-0.443,-0.504,-0.462
6000,B2_1,-0.164,-0.194,-0.034,-0.252,0.553,0.606,0.601,-0.228,-0.396,-0.527,1.0,0.623,0.742,-0.202,-0.125,-0.195
6000,B2_2,-0.322,-0.294,-0.195,-0.012,0.666,0.841,0.748,-0.109,-0.277,-0.183,0.623,1.0,0.728,-0.429,-0.357,-0.412
6000,B2_3,-0.685,0.018,0.13,0.019,0.581,0.526,0.491,-0.002,-0.007,-0.196,0.742,0.728,1.0,-0.313,-0.286,-0.293
6000,y1,0.307,-0.516,-0.507,-0.582,-0.367,-0.346,-0.565,-0.704,-0.383,-0.443,-0.202,-0.429,-0.313,1.0,0.991,0.999
6000,y2,0.337,-0.587,-0.557,-0.618,-0.309,-0.285,-0.474,-0.764,-0.458,-0.504,-0.125,-0.357,-0.286,0.991,1.0,0.989
6000,y3,0.301,-0.534,-0.53,-0.603,-0.346,-0.328,-0.551,-0.718,-0.398,-0.462,-0.195,-0.412,-0.293,0.999,0.989,1.0
6500,.,1.0,-0.433,-0.526,-0.533,-0.067,0.056,-0.066,-0.456,-0.61,-0.469,-0.155,-0.333,-0.664,0.302,0.362,0.261
6500,A1_1,-0.433,1.0,0.974,0.845,-0.372,-0.402,-0.332,0.931,0.878,0.812,-0.229,-0.31,-0.043,-0.523,-0.566,-0.503
6500,A1_2,-0.526,0.974,1.0,0.856,-0.302,-0.333,-0.227,0.892,0.84,0.758,-0.056,-0.196,0.102,-0.52,-0.561,-0.507
6500,A1_3,-0.533,0.845,0.856,1.0,-0.391,-0.263,-0.076,0.907,0.809,0.918,-0.239,-0.013,0.006,-0.577,-0.628,-0.577
6500,B1_1,-0.067,-0.372,-0.302,-0.391,1.0,0.777,0.668,-0.342,-0.422,-0.505,0.572,0.687,0.612,-0.33,-0.29,-0.324
6500,B1_2,0.056,-0.402,-0.333,-0.263,0.777,1.0,0.722,-0.252,-0.574,-0.414,0.625,0.846,0.55,-0.35,-0.294,-0.367
6500,B1_3,-0.066,-0.332,-0.227,-0.076,0.668,0.722,1.0,-0.13,-0.436,-0.315,0.625,0.757,0.524,-0.515,-0.49,-0.562
6500,A2_1,-0.456,0.931,0.892,0.907,-0.342,-0.252,-0.13,1.0,0.84,0.893,-0.238,-0.129,-0.03,-0.699,-0.739,-0.684
6500,A2_2,-0.61,0.878,0.84,0.809,-0.422,-0.574,-0.436,0.84,1.0,0.889,-0.412,-0.3,-0.057,-0.395,-0.452,-0.345
6500,A2_3,-0.469,0.812,0.758,0.918,-0.505,-0.414,-0.315,0.893,0.889,1.0,-0.519,-0.19,-0.217,-0.473,-0.524,-0.449
6500,B2_1,-0.155,-0.229,-0.056,-0.239,0.572,0.625,0.625,-0.238,-0.412,-0.519,1.0,0.639,0.75,-0.191,-0.14,-0.203
6500,B2_2,-0.333,-0.31,-0.196,-0.013,0.687,0.846,0.757,-0.129,-0.3,-0.19,0.639,1.0,0.741,-0.414,-0.381,-0.41
6500,B2_3,-0.664,-0.043,0.102,0.006,0.612,0.55,0.524,-0.03,-0.057,-0.217,0.75,0.741,1.0,-0.28,-0.284,-0.261
6500,y1,0.302,-0.523,-0.52,-0.577,-0.33,-0.35,-0.515,-0.699,-0.395,-0.473,-0.191,-0.414,-0.28,1.0,0.994,0.994
6500,y2,0.362,-0.566,-0.561,-0.628,-0.29,-0.294,-0.49,-0.739,-0.452,-0.524,-0.14,-0.381,-0.284,0.994,1.0,0.989
6500,y3,0.261,-0.503,-0.507,-0.577,-0.324,-0.367,-0.562,-0.684,-0.345,-0.449,-0.203,-0.41,-0.261,0.994,0.989,1.0
7000,.,1.0,-0.419,-0.517,-0.512,-0.038,0.086,-0.052,-0.434,-0.571,-0.445,-0.146,-0.289,-0.629,0.308,0.348,0.291
7000,A1_1,-0.419,1.0,0.982,0.883,-0.437,-0.443,-0.363,0.947,0.904,0.859,-0.298,-0.359,-0.122,-0.562,-0.549,-0.511
7000,A1_2,-0.517,0.982,1.0,0.882,-0.375,-0.397,-0.29,0.913,0.881,0.813,-0.154,-0.27,0.012,-0.555,-0.539,-0.507
7000,A1_3,-0.512,0.883,0.882,1.0,-0.424,-0.29,-0.116,0.931,0.839,0.93,-0.276,-0.078,-0.044,-0.638,-0.66,-0.62
7000,B1_1,-0.038,-0.437,-0.375,-0.424,1.0,0.791,0.699,-0.404,-0.474,-0.556,0.604,0.711,0.645,-0.301,-0.264,-0.309
7000,B1_2,0.086,-0.443,-0.397,-0.29,0.791,1.0,0.741,-0.306,-0.598,-0.461,0.639,0.856,0.577,-0.298,-0.28,-0.32
7000,B1_3,-0.052,-0.363,-0.29,-0.116,0.699,0.741,1.0,-0.188,-0.444,-0.358,0.652,0.78,0.568,-0.467,-0.478,-0.54
7000,A2_1,-0.434,0.947,0.913,0.931,-0.404,-0.306,-0.188,1.0,0.872,0.912,-0.296,-0.202,-0.098,-0.698,-0.704,-0.662
7000,A2_2,-0.571,0.904,0.881,0.839,-0.474,-0.598,-0.444,0.872,1.0,0.913,-0.456,-0.359,-0.138,-0.465,-0.476,-0.409
7000,A2_3,-0.445,0.859,0.813,0.93,-0.556,-0.461,-0.358,0.912,0.913,1.0,-0.544,-0.267,-0.27,-0.508,-0.529,-0.469
7000,B2_1,-0.146,-0.298,-0.154,-0.276,0.604,0.639,0.652,-0.296,-0.456,-0.544,1.0,0.662,0.761,-0.123,-0.093,-0.145
7000,B2_2,-0.289,-0.359,-0.27,-0.078,0.711,0.856,0.78,-0.202,-0.359,-0.267,0.662,1.0,0.762,-0.362,-0.381,-0.39
7000,B2_3,-0.629,-0.122,0.012,-0.044,0.645,0.577,0.568,-0.098,-0.138,-0.27,0.761,0.762,1.0,-0.263,-0.281,-0.278
7000,y1,0.308,-0.562,-0.555,-0.638,-0.301,-0.298,-0.467,-0.698,-0.465,-0.508,-0.123,-0.362,-0.263,1.0,0.992,0.993
7000,y2,0.348,-0.549,-0.539,-0.66,-0.264,-0.28,-0.478,-0.704,-0.476,-0.529,-0.093,-0.381,-0.281,0.992,1.0,0.993
7000,y3,0.291,-0.511,-0.507,-0.62,-0.309,-0.32,-0.54,-0.662,-0.409,-0.469,-0.145,-0.39,-0.278,0.993,0.993,1.0
7500,.,1.0,-0.418,-0.511,-0.487,-0.025,0.086,-0.034,-0.427,-0.564,-0.448,-0.133,-0.282,-0.619,0.288,0.302,0.248
7500,A1_1,-0.418,1.0,0.984,0.895,-0.459,-0.465,-0.365,0.947,0.918,0.874,-0.312,-0.374,-0.134,-0.488,-0.556,-0.487
7500,A1_2,-0.511,0.984,1.0,0.891,-0.376,-0.4,-0.291,0.921,0.899,0.838,-0.178,-0.276,-0.002,-0.502,-0.559,-0.502
7500,A1_3,-0.487,0.895,0.891,1.0,-0.435,-0.298,-0.13,0.944,0.851,0.941,-0.298,-0.108,-0.075,-0.593,-0.668,-0.577
7500,B1_1,-0.025,-0.459,-0.376,-0.435,1.0,0.794,0.695,-0.396,-0.478,-0.544,0.613,0.718,0.651,-0.335,-0.223,-0.324
7500,B1_2,0.086,-0.465,-0.4,-0.298,0.794,1.0,0.737,-0.296,-0.588,-0.453,0.645,0.86,0.583,-0.328,-0.281,-0.35
7500,B1_3,-0.034,-0.365,-0.291,-0.13,0.695,0.737,1.0,-0.177,-0.437,-0.345,0.668,0.786,0.577,-0.541,-0.471,-0.564
7500,A2_1,-0.427,0.947,0.921,0.944,-0.396,-0.296,-0.177,1.0,0.877,0.92,-0.295,-0.198,-0.099,-0.654,-0.727,-0.652
7500,A2_2,-0.564,0.918,0.899,0.851,-0.478,-0.588,-0.437,0.877,1.0,0.924,-0.447,-0.361,-0.144,-0.419,-0.477,-0.377
7500,A2_3,-0.448,0.874,0.838,0.941,-0.544,-0.453,-0.345,0.92,0.924,1.0,-0.517,-0.264,-0.263,-0.473,-0.551,-0.435
7500,B2_1,-0.133,-0.312,-0.178,-0.298,0.613,0.645,0.668,-0.295,-0.447,-0.517,1.0,0.671,0.763,-0.181,-0.125,-0.236
7500,B2_2,-0.282,-0.374,-0.276,-0.108,0.718,0.86,0.786,-0.198,-0.361,-0.264,0.671,1.0,0.766,-0.415,-0.374,-0.402
7500,B2_3,-0.619,-0.134,-0.002,-0.075,0.651,0.583,0.577,-0.099,-0.144,-0.263,0.763,0.766,1.0,-0.305,-0.265,-0.312
7500,y1,0.288,-0.488,-0.502,-0.593,-0.335,-0.328,-0.541,-0.654,-0.419,-0.473,-0.181,-0.415,-0.305,1.0,0.989,0.992
7500,y2,0.302,-0.556,-0.559,-0.668,-0.223,-0.281,-0.471,-0.727,-0.477,-0.551,-0.125,-0.374,-0.265,0.989,1.0,0.985
7500,y3,0.248,-0.487,-0.502,-0.577,-0.324,-0.35,-0.564,-0.652,-0.377,-0.435,-0.236,-0.402,-0.312,0.992,0.985,1.0
8000,.,1.0,-0.42,-0.5,-0.525,-0.001,0.095,-0.02,-0.425,-0.564,-0.465,-0.1,-0.284,-0.592,0.235,0.311,0.229
8000,A1_1,-0.42,1.0,0.985,0.91,-0.482,-0.475,-0.36,0.957,0.929,0.891,-0.335,-0.382,-0.144,-0.468,-0.555,-0.525
8000,A1_2,-0.5,0.985,1.0,0.901,-0.415,-0.434,-0.33,0.925,0.922,0.862,-0.227,-0.312,-0.037,-0.453,-0.539,-0.495
8000,A1_3,-0.525,0.91,0.901,1.0,-0.436,-0.307,-0.142,0.953,0.873,0.955,-0.304,-0.123,-0.07,-0.575,-0.644,-0.623
8000,B1_1,-0.001,-0.482,-0.415,-0.436,1.0,0.805,0.705,-0.411,-0.465,-0.533,0.63,0.73,0.663,-0.357,-0.278,-0.254
8000,B1_2,0.095,-0.475,-0.434,-0.307,0.805,1.0,0.74,-0.31,-0.569,-0.438,0.65,0.863,0.587,-0.344,-0.292,-0.289
8000,B1_3,-0.02,-0.36,-0.33,-0.142,0.705,0.74,1.0,-0.191,-0.422,-0.331,0.674,0.79,0.583,-0.559,-0.463,-0.492
8000,A2_1,-0.425,0.957,0.925,0.953,-0.411,-0.31,-0.191,1.0,0.89,0.932,-0.305,-0.213,-0.111,-0.619,-0.698,-0.681
8000,A2_2,-0.564,0.929,0.922,0.873,-0.465,-0.569,-0.422,0.89,1.0,0.923,-0.435,-0.354,-0.134,-0.411,-0.506,-0.461
8000,A2_3,-0.465,0.891,0.862,0.955,-0.533,-0.438,-0.331,0.932,0.923,1.0,-0.5,-0.265,-0.257,-0.468,-0.547,-0.526
8000,B2_1,-0.1,-0.335,-0.227,-0.304,0.63,0.65,0.674,-0.305,-0.435,-0.5,1.0,0.69,0.765,-0.167,-0.145,-0.116
8000,B2_2,-0.284,-0.382,-0.312,-0.123,0.73,0.863,0.79,-0.213,-0.354,-0.265,0.69,1.0,0.776,-0.405,-0.384,-0.358
8000,B2_3,-0.592,-0.144,-0.037,-0.07,0.663,0.587,0.583,-0.111,-0.134,-0.257,0.765,0.776,1.0,-0.287,-0.304,-0.238
8000,y1,0.235,-0.468,-0.453,-0.575,-0.357,-0.344,-0.559,-0.619,-0.411,-0.468,-0.167,-0.405,-0.287,1.0,0.984,0.988
8000,y2,0.311,-0.555,-0.539,-0.644,-0.278,-0.292,-0.463,-0.698,-0.506,-0.547,-0.145,-0.384,-0.304,0.984,1.0,0.993
8000,y3,0.229,-0.525,-0.495,-0.623,-0.254,-0.289,-0.492,-0.681,-0.461,-0.526,-0.116,-0.358,-0.238,0.988,0.993,1.0
8500,.,1.0,-0.428,-0.494,-0.532,0.029,0.113,-0.0,-0.426,-0.57,-0.479,-0.065,-0.267,-0.559,0.213,0.271,0.241
8500,A1_1,-0.428,1.0,0.986,0.922,-0.512,-0.496,-0.386,0.965,0.938,0.915,-0.37,-0.403,-0.174,-0.474,-0.521,-0.516
8500,A1_2,-0.494,0.986,1.0,0.909,-0.432,-0.451,-0.352,0.935,0.936,0.884,-0.265,-0.331,-0.066,-0.471,-0.527,-0.5
8500,A1_3,-0.532,0.922,0.909,1.0,-0.464,-0.341,-0.181,0.959,0.885,0.971,-0.339,-0.163,-0.104,-0.576,-0.591,-0.634
8500,B1_1,0.029,-0.512,-0.432,-0.464,1.0,0.813,0.716,-0.443,-0.471,-0.531,0.649,0.739,0.676,-0.309,-0.299,-0.2
8500,B1_2,0.113,-0.496,-0.451,-0.341,0.813,1.0,0.745,-0.338,-0.569,-0.436,0.663,0.866,0.598,-0.322,-0.274,-0.242
8500,B1_3,-0.0,-0.386,-0.352,-0.181,0.716,0.745,1.0,-0.235,-0.431,-0.325,0.681,0.794,0.589,-0.506,-0.467,-0.474
8500,A2_1,-0.426,0.965,0.935,0.959,-0.443,-0.338,-0.235,1.0,0.898,0.951,-0.345,-0.25,-0.149,-0.618,-0.641,-0.661
8500,A2_2,-0.57,0.938,0.936,0.885,-0.471,-0.569,-0.431,0.898,1.0,0.925,-0.445,-0.365,-0.145,-0.444,-0.496,-0.486
8500,A2_3,-0.479,0.915,0.884,0.971,-0.531,-0.436,-0.325,0.951,0.925,1.0,-0.501,-0.273,-0.253,-0.524,-0.533,-0.582
8500,B2_1,-0.065,-0.37,-0.265,-0.339,0.649,0.663,0.681,-0.345,-0.445,-0.501,1.0,0.702,0.767,-0.14,-0.161,-0.074
8500,B2_2,-0.267,-0.403,-0.331,-0.163,0.739,0.866,0.794,-0.25,-0.365,-0.273,0.702,1.0,0.782,-0.387,-0.364,-0.346
8500,B2_3,-0.559,-0.174,-0.066,-0.104,0.676,0.598,0.589,-0.149,-0.145,-0.253,0.767,0.782,1.0,-0.246,-0.299,-0.2
8500,y1,0.213,-0.474,-0.471,-0.576,-0.309,-0.322,-0.506,-0.618,-0.444,-0.524,-0.14,-0.387,-0.246,1.0,0.991,0.989
8500,y2,0.271,-0.521,-0.527,-0.591,-0.299,-0.274,-0.467,-0.641,-0.496,-0.533,-0.161,-0.364,-0.299,0.991,1.0,0.982
8500,y3,0.241,-0.516,-0.5,-0.634,-0.2,-0.242,-0.474,-0.661,-0.486,-0.582,-0.074,-0.346,-0.2,0.989,0.982,1.0
9000,.,1.0,-0.459,-0.503,-0.558,0.039,0.126,0.004,-0.447,-0.592,-0.508,-0.054,-0.262,-0.542,0.208,0.247,0.192
9000,A1_1,-0.459,1.0,0.991,0.933,-0.52,-0.508,-0.386,0.969,0.957,0.92,-0.375,-0.399,-0.177,-0.454,-0.51,-0.47
9000,A1_2,-0.503,0.991,1.0,0.919,-0.466,-0.472,-0.382,0.947,0.954,0.893,-0.297,-0.353,-0.099,-0.434,-0.498,-0.44
9000,A1_3,-0.558,0.933,0.919,1.0,-0.476,-0.363,-0.201,0.962,0.915,0.98,-0.345,-0.179,-0.116,-0.558,-0.591,-0.592
9000,B1_1,0.039,-0.52,-0.466,-0.476,1.0,0.815,0.718,-0.455,-0.473,-0.534,0.653,0.742,0.679,-0.303,-0.278,-0.213
9000,B1_2,0.126,-0.508,-0.472,-0.363,0.815,1.0,0.747,-0.358,-0.554,-0.439,0.665,0.867,0.601,-0.34,-0.286,-0.27
9000,B1_3,0.004,-0.386,-0.382,-0.201,0.718,0.747,1.0,-0.247,-0.413,-0.302,0.683,0.796,0.591,-0.533,-0.463,-0.48
9000,A2_1,-0.447,0.969,0.947,0.962,-0.455,-0.358,-0.247,1.0,0.918,0.953,-0.354,-0.266,-0.159,-0.593,-0.632,-0.614
9000,A2_2,-0.592,0.957,0.954,0.915,-0.473,-0.554,-0.413,0.918,1.0,0.932,-0.43,-0.352,-0.139,-0.429,-0.498,-0.46
9000,A2_3,-0.508,0.92,0.893,0.98,-0.534,-0.439,-0.302,0.953,0.932,1.0,-0.488,-0.263,-0.246,-0.522,-0.56,-0.576
9000,B2_1,-0.054,-0.375,-0.297,-0.345,0.653,0.665,0.683,-0.354,-0.43,-0.488,1.0,0.705,0.768,-0.155,-0.145,-0.065
9000,B2_2,-0.262,-0.399,-0.353,-0.179,0.742,0.867,0.796,-0.266,-0.352,-0.263,0.705,1.0,0.784,-0.403,-0.367,-0.356
9000,B2_3,-0.542,-0.177,-0.099,-0.116,0.679,0.601,0.591,-0.159,-0.139,-0.246,0.768,0.784,1.0,-0.237,-0.238,-0.138
9000,y1,0.208,-0.454,-0.434,-0.558,-0.303,-0.34,-0.533,-0.593,-0.429,-0.522,-0.155,-0.403,-0.237,1.0,0.993,0.99
9000,y2,0.247,-0.51,-0.498,-0.591,-0.278,-0.286,-0.463,-0.632,-0.498,-0.56,-0.145,-0.367,-0.238,0.993,1.0,0.984
9000,y3,0.192,-0.47,-0.44,-0.592,-0.213,-0.27,-0.48,-0.614,-0.46,-0.576,-0.065,-0.356,-0.138,0.99,0.984,1.0
9500,.,1.0,-0.47,-0.492,-0.56,0.057,0.135,0.019,-0.463,-0.591,-0.502,-0.043,-0.233,-0.518,0.211,0.235,0.148
9500,A1_1,-0.47,1.0,0.991,0.949,-0.537,-0.506,-0.401,0.977,0.966,0.934,-0.394,-0.406,-0.2,-0.486,-0.502,-0.47
9500,A1_2,-0.492,0.991,1.0,0.931,-0.48,-0.484,-0.391,0.953,0.964,0.901,-0.322,-0.376,-0.133,-0.479,-0.497,-0.459
9500,A1_3,-0.56,0.949,0.931,1.0,-0.495,-0.388,-0.235,0.967,0.933,0.983,-0.364,-0.219,-0.14,-0.557,-0.582,-0.542
9500,B1_1,0.057,-0.537,-0.48,-0.495,1.0,0.819,0.722,-0.464,-0.485,-0.538,0.657,0.749,0.685,-0.29,-0.274,-0.269
9500,B1_2,0.135,-0.506,-0.484,-0.388,0.819,1.0,0.749,-0.364,-0.555,-0.439,0.668,0.876,0.612,-0.306,-0.294,-0.306
9500,B1_3,0.019,-0.401,-0.391,-0.235,0.722,0.749,1.0,-0.267,-0.413,-0.299,0.686,0.803,0.6,-0.485,-0.472,-0.483
9500,A2_1,-0.463,0.977,0.953,0.967,-0.464,-0.364,-0.267,1.0,0.929,0.955,-0.36,-0.281,-0.165,-0.604,-0.617,-0.59
9500,A2_2,-0.591,0.966,0.964,0.933,-0.485,-0.555,-0.413,0.929,1.0,0.934,-0.43,-0.375,-0.157,-0.469,-0.491,-0.444
9500,A2_3,-0.502,0.934,0.901,0.983,-0.538,-0.439,-0.299,0.955,0.934,1.0,-0.488,-0.28,-0.261,-0.548,-0.572,-0.54
9500,B2_1,-0.043,-0.394,-0.322,-0.364,0.657,0.668,0.686,-0.36,-0.43,-0.488,1.0,0.715,0.776,-0.139,-0.141,-0.132
9500,B2_2,-0.233,-0.406,-0.376,-0.219,0.749,0.876,0.803,-0.281,-0.375,-0.28,0.715,1.0,0.788,-0.361,-0.365,-0.348
9500,B2_3,-0.518,-0.2,-0.133,-0.14,0.685,0.612,0.6,-0.165,-0.157,-0.261,0.776,0.788,1.0,-0.229,-0.223,-0.178
9500,y1,0.211,-0.486,-0.479,-0.557,-0.29,-0.306,-0.485,-0.604,-0.469,-0.548,-0.139,-0.361,-0.229,1.0,0.998,0.997
9500,y2,0.235,-0.502,-0.497,-0.582,-0.274,-0.294,-0.472,-0.617,-0.491,-0.572,-0.141,-0.365,-0.223,0.998,1.0,0.995
9500,y3,0.148,-0.47,-0.459,-0.542,-0.269,-0.306,-0.483,-0.59,-0.444,-0.54,-0.132,-0.348,-0.178,0.997,0.995,1.0
10000,.,1.0,-0.457,-0.483,-0.546,0.036,0.124,0.008,-0.445,-0.576,-0.482,-0.068,-0.243,-0.533,0.232,0.269,0.149
10000,A1_1,-0.457,1.0,0.994,0.948,-0.527,-0.499,-0.404,0.975,0.963,0.927,-0.386,-0.407,-0.193,-0.501,-0.524,-0.478
10000,A1_2,-0.483,0.994,1.0,0.929,-0.488,-0.492,-0.406,0.955,0.967,0.901,-0.332,-0.386,-0.137,-0.491,-0.509,-0.46
10000,A1_3,-0.546,0.948,0.929,1.0,-0.492,-0.38,-0.229,0.967,0.926,0.982,-0.359,-0.215,-0.13,-0.577,-0.617,-0.562
10000,B1_1,0.036,-0.527,-0.488,-0.492,1.0,0.819,0.722,-0.454,-0.475,-0.521,0.658,0.75,0.686,-0.287,-0.236,-0.258
10000,B1_2,0.124,-0.499,-0.492,-0.38,0.819,1.0,0.75,-0.368,-0.549,-0.423,0.669,0.876,0.613,-0.301,-0.256,-0.302
10000,B1_3,0.008,-0.404,-0.406,-0.229,0.722,0.75,1.0,-0.261,-0.412,-0.288,0.687,0.804,0.601,-0.48,-0.465,-0.451
10000,A2_1,-0.445,0.975,0.955,0.967,-0.454,-0.368,-0.261,1.0,0.932,0.954,-0.35,-0.282,-0.166,-0.631,-0.659,-0.618
10000,A2_2,-0.576,0.963,0.967,0.926,-0.475,-0.549,-0.412,0.932,1.0,0.929,-0.42,-0.371,-0.152,-0.49,-0.523,-0.466
10000,A2_3,-0.482,0.927,0.901,0.982,-0.521,-0.423,-0.288,0.954,0.929,1.0,-0.474,-0.265,-0.252,-0.569,-0.615,-0.575
10000,B2_1,-0.068,-0.386,-0.332,-0.359,0.658,0.669,0.687,-0.35,-0.42,-0.474,1.0,0.716,0.776,-0.154,-0.109,-0.088
10000,B2_2,-0.243,-0.407,-0.386,-0.215,0.75,0.876,0.804,-0.282,-0.371,-0.265,0.716,1.0,0.789,-0.359,-0.341,-0.337
10000,B2_3,-0.533,-0.193,-0.137,-0.13,0.686,0.613,0.601,-0.166,-0.152,-0.252,0.776,0.789,1.0,-0.253,-0.22,-0.157
10000,y1,0.232,-0.501,-0.491,-0.577,-0.287,-0.301,-0.48,-0.631,-0.49,-0.569,-0.154,-0.359,-0.253,1.0,0.996,0.991
10000,y2,0.269,-0.524,-0.509,-0.617,-0.236,-0.256,-0.465,-0.659,-0.523,-0.615,-0.109,-0.341,-0.22,0.996,1.0,0.989
10000,y3,0.149,-0.478,-0.46,-0.562,-0.258,-0.302,-0.451,-0.618,-0.466,-0.575,-0.088,-0.337,-0.157,0.991,0.989,1.0
