,,.,A1_1,A1_2,A1_3,B1_1,B1_2,B1_3,A2_1,A2_2,A2_3,B2_1,B2_2,B2_3,y1,y2,y3
1,.,1.0,0.896,0.945,0.981,0.942,0.933,0.901,0.967,0.956,0.951,0.87,0.96,0.917,0.912,0.954,0.949
1,A1_1,0.896,1.0,0.889,0.871,0.889,0.901,0.961,0.875,0.907,0.944,0.935,0.908,0.926,0.963,0.938,0.923
1,A1_2,0.945,0.889,1.0,0.946,0.934,0.9,0.857,0.893,0.942,0.936,0.919,0.923,0.917,0.934,0.893,0.936
1,A1_3,0.981,0.871,0.946,1.0,0.961,0.929,0.878,0.958,0.958,0.92,0.86,0.975,0.901,0.887,0.956,0.966
1,B1_1,0.942,0.889,0.934,0.961,1.0,0.951,0.904,0.905,0.956,0.915,0.89,0.951,0.949,0.925,0.946,0.976
1,B1_2,0.933,0.901,0.9,0.929,0.951,1.0,0.908,0.872,0.931,0.93,0.848,0.933,0.942,0.92,0.952,0.961
1,B1_3,0.901,0.961,0.857,0.878,0.904,0.908,1.0,0.898,0.91,0.95,0.907,0.908,0.936,0.954,0.965,0.913
1,A2_1,0.967,0.875,0.893,0.958,0.905,0.872,0.898,1.0,0.948,0.924,0.874,0.97,0.857,0.881,0.945,0.925
1,A2_2,0.956,0.907,0.942,0.958,0.956,0.931,0.91,0.948,1.0,0.949,0.927,0.972,0.935,0.926,0.956,0.956
1,A2_3,0.951,0.944,0.936,0.92,0.915,0.93,0.95,0.924,0.949,1.0,0.919,0.931,0.945,0.959,0.951,0.935
1,B2_1,0.87,0.935,0.919,0.86,0.89,0.848,0.907,0.874,0.927,0.919,1.0,0.898,0.882,0.947,0.882,0.917
1,B2_2,0.96,0.908,0.923,0.975,0.951,0.933,0.908,0.97,0.972,0.931,0.898,1.0,0.893,0.915,0.97,0.975
1,B2_3,0.917,0.926,0.917,0.901,0.949,0.942,0.936,0.857,0.935,0.945,0.882,0.893,1.0,0.959,0.931,0.919
1,y1,0.912,0.963,0.934,0.887,0.925,0.92,0.954,0.881,0.926,0.959,0.947,0.915,0.959,1.0,0.923,0.93
1,y2,0.954,0.938,0.893,0.956,0.946,0.952,0.965,0.945,0.956,0.951,0.882,0.97,0.931,0.923,1.0,0.963
1,y3,0.949,0.923,0.936,0.966,0.976,0.961,0.913,0.925,0.956,0.935,0.917,0.975,0.919,0.93,0.963,1.0
2,.,1.0,0.895,0.944,0.98,0.94,0.93,0.897,0.966,0.954,0.951,0.868,0.959,0.916,0.909,0.952,0.948
2,A1_1,0.895,1.0,0.885,0.868,0.884,0.896,0.959,0.873,0.903,0.942,0.934,0.905,0.922,0.961,0.936,0.92
2,A1_2,0.944,0.885,1.0,0.945,0.933,0.897,0.85,0.891,0.941,0.934,0.917,0.921,0.915,0.931,0.889,0.935
2,A1_3,0.98,0.868,0.945,1.0,0.961,0.926,0.872,0.957,0.958,0.919,0.858,0.975,0.899,0.883,0.955,0.966
2,B1_1,0.94,0.884,0.933,0.961,1.0,0.948,0.898,0.903,0.954,0.913,0.886,0.95,0.948,0.921,0.944,0.974
2,B1_2,0.93,0.896,0.897,0.926,0.948,1.0,0.902,0.866,0.927,0.926,0.842,0.93,0.941,0.916,0.949,0.957
2,B1_3,0.897,0.959,0.85,0.872,0.898,0.902,1.0,0.894,0.903,0.947,0.901,0.902,0.932,0.952,0.962,0.907
2,A2_1,0.966,0.873,0.891,0.957,0.903,0.866,0.894,1.0,0.947,0.923,0.873,0.969,0.854,0.878,0.943,0.924
2,A2_2,0.954,0.903,0.941,0.958,0.954,0.927,0.903,0.947,1.0,0.946,0.924,0.971,0.932,0.921,0.954,0.953
2,A2_3,0.951,0.942,0.934,0.919,0.913,0.926,0.947,0.923,0.946,1.0,0.918,0.928,0.943,0.957,0.949,0.933
2,B2_1,0.868,0.934,0.917,0.858,0.886,0.842,0.901,0.873,0.924,0.918,1.0,0.895,0.877,0.945,0.877,0.915
2,B2_2,0.959,0.905,0.921,0.975,0.95,0.93,0.902,0.969,0.971,0.928,0.895,1.0,0.891,0.911,0.969,0.974
2,B2_3,0.916,0.922,0.915,0.899,0.948,0.941,0.932,0.854,0.932,0.943,0.877,0.891,1.0,0.956,0.929,0.916
2,y1,0.909,0.961,0.931,0.883,0.921,0.916,0.952,0.878,0.921,0.957,0.945,0.911,0.956,1.0,0.919,0.927
2,y2,0.952,0.936,0.889,0.955,0.944,0.949,0.962,0.943,0.954,0.949,0.877,0.969,0.929,0.919,1.0,0.961
2,y3,0.948,0.92,0.935,0.966,0.974,0.957,0.907,0.924,0.953,0.933,0.915,0.974,0.916,0.927,0.961,1.0
3,.,1.0,0.896,0.944,0.979,0.94,0.929,0.896,0.966,0.953,0.952,0.869,0.958,0.916,0.908,0.952,0.948
3,A1_1,0.896,1.0,0.884,0.867,0.882,0.893,0.957,0.873,0.901,0.941,0.934,0.904,0.92,0.96,0.934,0.919
3,A1_2,0.944,0.884,1.0,0.945,0.934,0.895,0.846,0.891,0.94,0.933,0.917,0.921,0.914,0.93,0.888,0.935
3,A1_3,0.979,0.867,0.945,1.0,0.962,0.924,0.869,0.957,0.958,0.918,0.858,0.974,0.898,0.881,0.954,0.966
3,B1_1,0.94,0.882,0.934,0.962,1.0,0.947,0.893,0.903,0.953,0.913,0.884,0.95,0.948,0.92,0.943,0.974
3,B1_2,0.929,0.893,0.895,0.924,0.947,1.0,0.898,0.863,0.925,0.924,0.838,0.928,0.941,0.913,0.948,0.955
3,B1_3,0.896,0.957,0.846,0.869,0.893,0.898,1.0,0.892,0.898,0.946,0.897,0.898,0.93,0.95,0.96,0.902
3,A2_1,0.966,0.873,0.891,0.957,0.903,0.863,0.892,1.0,0.946,0.923,0.874,0.968,0.852,0.876,0.942,0.923
3,A2_2,0.953,0.901,0.94,0.958,0.953,0.925,0.898,0.946,1.0,0.945,0.922,0.972,0.931,0.918,0.953,0.951
3,A2_3,0.952,0.941,0.933,0.918,0.913,0.924,0.946,0.923,0.945,1.0,0.919,0.926,0.942,0.956,0.948,0.932
3,B2_1,0.869,0.934,0.917,0.858,0.884,0.838,0.897,0.874,0.922,0.919,1.0,0.894,0.875,0.944,0.875,0.914
3,B2_2,0.958,0.904,0.921,0.974,0.95,0.928,0.898,0.968,0.972,0.926,0.894,1.0,0.89,0.909,0.968,0.973
3,B2_3,0.916,0.92,0.914,0.898,0.948,0.941,0.93,0.852,0.931,0.942,0.875,0.89,1.0,0.955,0.928,0.914
3,y1,0.908,0.96,0.93,0.881,0.92,0.913,0.95,0.876,0.918,0.956,0.944,0.909,0.955,1.0,0.917,0.925
3,y2,0.952,0.934,0.888,0.954,0.943,0.948,0.96,0.942,0.953,0.948,0.875,0.968,0.928,0.917,1.0,0.959
3,y3,0.948,0.919,0.935,0.966,0.974,0.955,0.902,0.923,0.951,0.932,0.914,0.973,0.914,0.925,0.959,1.0
4,.,1.0,0.898,0.944,0.979,0.94,0.928,0.895,0.966,0.953,0.953,0.872,0.958,0.916,0.909,0.951,0.948
4,A1_1,0.898,1.0,0.884,0.868,0.882,0.892,0.956,0.875,0.901,0.941,0.935,0.904,0.919,0.959,0.934,0.919
4,A1_2,0.944,0.884,1.0,0.946,0.935,0.895,0.844,0.892,0.941,0.933,0.919,0.922,0.914,0.93,0.888,0.936
4,A1_3,0.979,0.868,0.946,1.0,0.962,0.923,0.868,0.957,0.958,0.919,0.86,0.975,0.899,0.881,0.954,0.966
4,B1_1,0.94,0.882,0.935,0.962,1.0,0.946,0.891,0.903,0.953,0.913,0.883,0.95,0.948,0.919,0.943,0.974
4,B1_2,0.928,0.892,0.895,0.923,0.946,1.0,0.895,0.86,0.924,0.922,0.838,0.927,0.941,0.912,0.946,0.953
4,B1_3,0.895,0.956,0.844,0.868,0.891,0.895,1.0,0.891,0.894,0.945,0.894,0.896,0.928,0.95,0.959,0.899
4,A2_1,0.966,0.875,0.892,0.957,0.903,0.86,0.891,1.0,0.946,0.924,0.877,0.968,0.852,0.876,0.941,0.923
4,A2_2,0.953,0.901,0.941,0.958,0.953,0.924,0.894,0.946,1.0,0.943,0.921,0.972,0.931,0.916,0.952,0.95
4,A2_3,0.953,0.941,0.933,0.919,0.913,0.922,0.945,0.924,0.943,1.0,0.921,0.926,0.941,0.955,0.947,0.932
4,B2_1,0.872,0.935,0.919,0.86,0.883,0.838,0.894,0.877,0.921,0.921,1.0,0.895,0.874,0.945,0.874,0.914
4,B2_2,0.958,0.904,0.922,0.975,0.95,0.927,0.896,0.968,0.972,0.926,0.895,1.0,0.891,0.908,0.968,0.973
4,B2_3,0.916,0.919,0.914,0.899,0.948,0.941,0.928,0.852,0.931,0.941,0.874,0.891,1.0,0.954,0.929,0.913
4,y1,0.909,0.959,0.93,0.881,0.919,0.912,0.95,0.876,0.916,0.955,0.945,0.908,0.954,1.0,0.916,0.923
4,y2,0.951,0.934,0.888,0.954,0.943,0.946,0.959,0.941,0.952,0.947,0.874,0.968,0.929,0.916,1.0,0.958
4,y3,0.948,0.919,0.936,0.966,0.974,0.953,0.899,0.923,0.95,0.932,0.914,0.973,0.913,0.923,0.958,1.0
5,.,1.0,0.9,0.945,0.979,0.94,0.927,0.896,0.966,0.952,0.954,0.875,0.958,0.917,0.91,0.951,0.949
5,A1_1,0.9,1.0,0.885,0.87,0.883,0.891,0.955,0.876,0.901,0.941,0.937,0.905,0.919,0.959,0.934,0.919
5,A1_2,0.945,0.885,1.0,0.947,0.936,0.896,0.843,0.894,0.942,0.934,0.921,0.923,0.915,0.93,0.888,0.937
5,A1_3,0.979,0.87,0.947,1.0,0.963,0.922,0.867,0.957,0.959,0.92,0.863,0.975,0.9,0.881,0.954,0.966
5,B1_1,0.94,0.883,0.936,0.963,1.0,0.947,0.89,0.904,0.954,0.914,0.884,0.951,0.949,0.919,0.943,0.974
5,B1_2,0.927,0.891,0.896,0.922,0.947,1.0,0.894,0.859,0.924,0.92,0.839,0.927,0.942,0.912,0.946,0.952
5,B1_3,0.896,0.955,0.843,0.867,0.89,0.894,1.0,0.89,0.892,0.944,0.892,0.895,0.928,0.949,0.958,0.897
5,A2_1,0.966,0.876,0.894,0.957,0.904,0.859,0.89,1.0,0.946,0.925,0.88,0.967,0.852,0.876,0.94,0.923
5,A2_2,0.952,0.901,0.942,0.959,0.954,0.924,0.892,0.946,1.0,0.943,0.922,0.973,0.931,0.915,0.952,0.95
5,A2_3,0.954,0.941,0.934,0.92,0.914,0.92,0.944,0.925,0.943,1.0,0.923,0.926,0.94,0.954,0.946,0.932
5,B2_1,0.875,0.937,0.921,0.863,0.884,0.839,0.892,0.88,0.922,0.923,1.0,0.897,0.874,0.945,0.875,0.916
5,B2_2,0.958,0.905,0.923,0.975,0.951,0.927,0.895,0.967,0.973,0.926,0.897,1.0,0.893,0.908,0.968,0.973
5,B2_3,0.917,0.919,0.915,0.9,0.949,0.942,0.928,0.852,0.931,0.94,0.874,0.893,1.0,0.954,0.93,0.913
5,y1,0.91,0.959,0.93,0.881,0.919,0.912,0.949,0.876,0.915,0.954,0.945,0.908,0.954,1.0,0.916,0.923
5,y2,0.951,0.934,0.888,0.954,0.943,0.946,0.958,0.94,0.952,0.946,0.875,0.968,0.93,0.916,1.0,0.957
5,y3,0.949,0.919,0.937,0.966,0.974,0.952,0.897,0.923,0.95,0.932,0.916,0.973,0.913,0.923,0.957,1.0
6,.,1.0,0.903,0.946,0.979,0.941,0.927,0.897,0.966,0.952,0.956,0.879,0.958,0.918,0.911,0.952,0.949
6,A1_1,0.903,1.0,0.886,0.872,0.884,0.891,0.955,0.879,0.902,0.941,0.938,0.907,0.919,0.959,0.934,0.92
6,A1_2,0.946,0.886,1.0,0.948,0.938,0.897,0.844,0.896,0.943,0.935,0.923,0.924,0.916,0.93,0.89,0.938
6,A1_3,0.979,0.872,0.948,1.0,0.964,0.922,0.868,0.958,0.96,0.921,0.867,0.975,0.901,0.882,0.955,0.967
6,B1_1,0.941,0.884,0.938,0.964,1.0,0.947,0.889,0.905,0.954,0.916,0.886,0.952,0.95,0.92,0.944,0.974
6,B1_2,0.927,0.891,0.897,0.922,0.947,1.0,0.894,0.858,0.925,0.92,0.842,0.927,0.943,0.912,0.946,0.951
6,B1_3,0.897,0.955,0.844,0.868,0.889,0.894,1.0,0.891,0.891,0.943,0.892,0.895,0.928,0.949,0.958,0.896
6,A2_1,0.966,0.879,0.896,0.958,0.905,0.858,0.891,1.0,0.945,0.927,0.883,0.966,0.853,0.876,0.94,0.924
6,A2_2,0.952,0.902,0.943,0.96,0.954,0.925,0.891,0.945,1.0,0.942,0.923,0.974,0.931,0.914,0.952,0.949
6,A2_3,0.956,0.941,0.935,0.921,0.916,0.92,0.943,0.927,0.942,1.0,0.925,0.926,0.94,0.953,0.946,0.933
6,B2_1,0.879,0.938,0.923,0.867,0.886,0.842,0.892,0.883,0.923,0.925,1.0,0.9,0.876,0.946,0.876,0.918
6,B2_2,0.958,0.907,0.924,0.975,0.952,0.927,0.895,0.966,0.974,0.926,0.9,1.0,0.895,0.908,0.968,0.972
6,B2_3,0.918,0.919,0.916,0.901,0.95,0.943,0.928,0.853,0.931,0.94,0.876,0.895,1.0,0.954,0.931,0.913
6,y1,0.911,0.959,0.93,0.882,0.92,0.912,0.949,0.876,0.914,0.953,0.946,0.908,0.954,1.0,0.916,0.923
6,y2,0.952,0.934,0.89,0.955,0.944,0.946,0.958,0.94,0.952,0.946,0.876,0.968,0.931,0.916,1.0,0.957
6,y3,0.949,0.92,0.938,0.967,0.974,0.951,0.896,0.924,0.949,0.933,0.918,0.972,0.913,0.923,0.957,1.0
7,.,1.0,0.905,0.947,0.979,0.942,0.926,0.897,0.966,0.951,0.957,0.883,0.958,0.918,0.911,0.951,0.95
7,A1_1,0.905,1.0,0.887,0.873,0.885,0.891,0.954,0.881,0.903,0.941,0.94,0.908,0.919,0.959,0.934,0.921
7,A1_2,0.947,0.887,1.0,0.949,0.939,0.898,0.843,0.897,0.943,0.936,0.926,0.926,0.916,0.93,0.891,0.94
7,A1_3,0.979,0.873,0.949,1.0,0.965,0.922,0.868,0.958,0.96,0.923,0.871,0.975,0.902,0.883,0.954,0.967
7,B1_1,0.942,0.885,0.939,0.965,1.0,0.948,0.889,0.906,0.955,0.917,0.889,0.954,0.95,0.921,0.945,0.974
7,B1_2,0.926,0.891,0.898,0.922,0.948,1.0,0.894,0.858,0.925,0.919,0.845,0.927,0.945,0.913,0.946,0.951
7,B1_3,0.897,0.954,0.843,0.868,0.889,0.894,1.0,0.89,0.89,0.942,0.892,0.895,0.928,0.949,0.958,0.895
7,A2_1,0.966,0.881,0.897,0.958,0.906,0.858,0.89,1.0,0.945,0.928,0.886,0.966,0.854,0.876,0.939,0.924
7,A2_2,0.951,0.903,0.943,0.96,0.955,0.925,0.89,0.945,1.0,0.942,0.924,0.974,0.931,0.914,0.952,0.949
7,A2_3,0.957,0.941,0.936,0.923,0.917,0.919,0.942,0.928,0.942,1.0,0.927,0.926,0.939,0.952,0.945,0.933
7,B2_1,0.883,0.94,0.926,0.871,0.889,0.845,0.892,0.886,0.924,0.927,1.0,0.902,0.878,0.947,0.878,0.92
7,B2_2,0.958,0.908,0.926,0.975,0.954,0.927,0.895,0.966,0.974,0.926,0.902,1.0,0.897,0.909,0.968,0.972
7,B2_3,0.918,0.919,0.916,0.902,0.95,0.945,0.928,0.854,0.931,0.939,0.878,0.897,1.0,0.954,0.932,0.913
7,y1,0.911,0.959,0.93,0.883,0.921,0.913,0.949,0.876,0.914,0.952,0.947,0.909,0.954,1.0,0.917,0.923
7,y2,0.951,0.934,0.891,0.954,0.945,0.946,0.958,0.939,0.952,0.945,0.878,0.968,0.932,0.917,1.0,0.957
7,y3,0.95,0.921,0.94,0.967,0.974,0.951,0.895,0.924,0.949,0.933,0.92,0.972,0.913,0.923,0.957,1.0
8,.,1.0,0.907,0.948,0.978,0.942,0.926,0.898,0.967,0.951,0.959,0.887,0.958,0.919,0.912,0.951,0.951
8,A1_1,0.907,1.0,0.889,0.876,0.887,0.892,0.954,0.883,0.904,0.942,0.941,0.909,0.919,0.959,0.935,0.922
8,A1_2,0.948,0.889,1.0,0.951,0.941,0.899,0.844,0.899,0.945,0.937,0.929,0.927,0.917,0.93,0.892,0.941
8,A1_3,0.978,0.876,0.951,1.0,0.966,0.921,0.868,0.959,0.96,0.925,0.875,0.975,0.903,0.884,0.955,0.968
8,B1_1,0.942,0.887,0.941,0.966,1.0,0.949,0.89,0.907,0.955,0.918,0.891,0.955,0.951,0.923,0.946,0.975
8,B1_2,0.926,0.892,0.899,0.921,0.949,1.0,0.895,0.858,0.926,0.918,0.849,0.928,0.946,0.914,0.947,0.95
8,B1_3,0.898,0.954,0.844,0.868,0.89,0.895,1.0,0.89,0.89,0.941,0.892,0.895,0.929,0.949,0.958,0.895
8,A2_1,0.967,0.883,0.899,0.959,0.907,0.858,0.89,1.0,0.945,0.93,0.889,0.966,0.854,0.877,0.939,0.924
8,A2_2,0.951,0.904,0.945,0.96,0.955,0.926,0.89,0.945,1.0,0.942,0.926,0.975,0.932,0.914,0.952,0.949
8,A2_3,0.959,0.942,0.937,0.925,0.918,0.918,0.941,0.93,0.942,1.0,0.93,0.927,0.939,0.952,0.945,0.934
8,B2_1,0.887,0.941,0.929,0.875,0.891,0.849,0.892,0.889,0.926,0.93,1.0,0.905,0.88,0.948,0.881,0.922
8,B2_2,0.958,0.909,0.927,0.975,0.955,0.928,0.895,0.966,0.975,0.927,0.905,1.0,0.899,0.909,0.969,0.972
8,B2_3,0.919,0.919,0.917,0.903,0.951,0.946,0.929,0.854,0.932,0.939,0.88,0.899,1.0,0.954,0.933,0.914
8,y1,0.912,0.959,0.93,0.884,0.923,0.914,0.949,0.877,0.914,0.952,0.948,0.909,0.954,1.0,0.917,0.924
8,y2,0.951,0.935,0.892,0.955,0.946,0.947,0.958,0.939,0.952,0.945,0.881,0.969,0.933,0.917,1.0,0.957
8,y3,0.951,0.922,0.941,0.968,0.975,0.95,0.895,0.924,0.949,0.934,0.922,0.972,0.914,0.924,0.957,1.0
9,.,1.0,0.909,0.949,0.978,0.942,0.925,0.899,0.967,0.951,0.96,0.89,0.957,0.919,0.913,0.951,0.951
9,A1_1,0.909,1.0,0.89,0.878,0.889,0.892,0.953,0.885,0.905,0.942,0.943,0.911,0.919,0.959,0.935,0.923
9,A1_2,0.949,0.89,1.0,0.952,0.942,0.9,0.844,0.901,0.946,0.938,0.931,0.928,0.917,0.93,0.893,0.942
9,A1_3,0.978,0.878,0.952,1.0,0.966,0.921,0.869,0.959,0.961,0.926,0.878,0.976,0.903,0.885,0.954,0.968
9,B1_1,0.942,0.889,0.942,0.966,1.0,0.95,0.89,0.907,0.956,0.919,0.894,0.956,0.952,0.923,0.947,0.975
9,B1_2,0.925,0.892,0.9,0.921,0.95,1.0,0.895,0.857,0.927,0.917,0.852,0.928,0.948,0.914,0.947,0.95
9,B1_3,0.899,0.953,0.844,0.869,0.89,0.895,1.0,0.89,0.89,0.94,0.892,0.896,0.929,0.949,0.958,0.894
9,A2_1,0.967,0.885,0.901,0.959,0.907,0.857,0.89,1.0,0.945,0.932,0.891,0.965,0.855,0.877,0.938,0.924
9,A2_2,0.951,0.905,0.946,0.961,0.956,0.927,0.89,0.945,1.0,0.942,0.928,0.976,0.933,0.914,0.953,0.949
9,A2_3,0.96,0.942,0.938,0.926,0.919,0.917,0.94,0.932,0.942,1.0,0.932,0.927,0.938,0.951,0.944,0.935
9,B2_1,0.89,0.943,0.931,0.878,0.894,0.852,0.892,0.891,0.928,0.932,1.0,0.907,0.882,0.949,0.883,0.923
9,B2_2,0.957,0.911,0.928,0.976,0.956,0.928,0.896,0.965,0.976,0.927,0.907,1.0,0.9,0.91,0.969,0.972
9,B2_3,0.919,0.919,0.917,0.903,0.952,0.948,0.929,0.855,0.933,0.938,0.882,0.9,1.0,0.955,0.934,0.915
9,y1,0.913,0.959,0.93,0.885,0.923,0.914,0.949,0.877,0.914,0.951,0.949,0.91,0.955,1.0,0.918,0.924
9,y2,0.951,0.935,0.893,0.954,0.947,0.947,0.958,0.938,0.953,0.944,0.883,0.969,0.934,0.918,1.0,0.957
9,y3,0.951,0.923,0.942,0.968,0.975,0.95,0.894,0.924,0.949,0.935,0.923,0.972,0.915,0.924,0.957,1.0
10,.,1.0,0.911,0.95,0.978,0.942,0.924,0.899,0.967,0.95,0.962,0.893,0.957,0.919,0.913,0.95,0.951
10,A1_1,0.911,1.0,0.892,0.88,0.891,0.893,0.953,0.886,0.907,0.942,0.945,0.912,0.92,0.958,0.936,0.923
10,A1_2,0.95,0.892,1.0,0.953,0.943,0.9,0.844,0.903,0.946,0.939,0.933,0.929,0.917,0.93,0.894,0.943
10,A1_3,0.978,0.88,0.953,1.0,0.966,0.92,0.869,0.96,0.961,0.928,0.881,0.976,0.903,0.885,0.954,0.968
10,B1_1,0.942,0.891,0.943,0.966,1.0,0.951,0.891,0.908,0.957,0.92,0.896,0.957,0.953,0.925,0.948,0.975
10,B1_2,0.924,0.893,0.9,0.92,0.951,1.0,0.896,0.857,0.928,0.916,0.856,0.929,0.949,0.915,0.947,0.949
10,B1_3,0.899,0.953,0.844,0.869,0.891,0.896,1.0,0.89,0.89,0.939,0.892,0.896,0.93,0.949,0.959,0.894
10,A2_1,0.967,0.886,0.903,0.96,0.908,0.857,0.89,1.0,0.944,0.933,0.893,0.965,0.855,0.877,0.937,0.924
10,A2_2,0.95,0.907,0.946,0.961,0.957,0.928,0.89,0.944,1.0,0.942,0.93,0.976,0.933,0.914,0.953,0.949
10,A2_3,0.962,0.942,0.939,0.928,0.92,0.916,0.939,0.933,0.942,1.0,0.933,0.928,0.937,0.95,0.944,0.935
10,B2_1,0.893,0.945,0.933,0.881,0.896,0.856,0.892,0.893,0.93,0.933,1.0,0.91,0.884,0.95,0.885,0.925
10,B2_2,0.957,0.912,0.929,0.976,0.957,0.929,0.896,0.965,0.976,0.928,0.91,1.0,0.902,0.91,0.969,0.972
10,B2_3,0.919,0.92,0.917,0.903,0.953,0.949,0.93,0.855,0.933,0.937,0.884,0.902,1.0,0.955,0.936,0.915
10,y1,0.913,0.958,0.93,0.885,0.925,0.915,0.949,0.877,0.914,0.95,0.95,0.91,0.955,1.0,0.919,0.924
10,y2,0.95,0.936,0.894,0.954,0.948,0.947,0.959,0.937,0.953,0.944,0.885,0.969,0.936,0.919,1.0,0.957
10,y3,0.951,0.923,0.943,0.968,0.975,0.949,0.894,0.924,0.949,0.935,0.925,0.972,0.915,0.924,0.957,1.0
11,.,1.0,0.912,0.951,0.978,0.942,0.923,0.898,0.967,0.949,0.963,0.896,0.956,0.918,0.913,0.949,0.951
11,A1_1,0.912,1.0,0.892,0.881,0.892,0.893,0.952,0.888,0.908,0.942,0.946,0.913,0.92,0.958,0.936,0.924
11,A1_2,0.951,0.892,1.0,0.954,0.944,0.9,0.844,0.904,0.947,0.94,0.934,0.93,0.917,0.929,0.894,0.944
11,A1_3,0.978,0.881,0.954,1.0,0.966,0.919,0.868,0.96,0.961,0.929,0.884,0.976,0.903,0.885,0.954,0.968
11,B1_1,0.942,0.892,0.944,0.966,1.0,0.951,0.891,0.908,0.957,0.921,0.899,0.957,0.954,0.925,0.948,0.976
11,B1_2,0.923,0.893,0.9,0.919,0.951,1.0,0.897,0.856,0.929,0.915,0.859,0.929,0.95,0.915,0.948,0.949
11,B1_3,0.898,0.952,0.844,0.868,0.891,0.897,1.0,0.889,0.89,0.938,0.893,0.897,0.931,0.949,0.959,0.894
11,A2_1,0.967,0.888,0.904,0.96,0.908,0.856,0.889,1.0,0.944,0.934,0.895,0.964,0.854,0.876,0.936,0.924
11,A2_2,0.949,0.908,0.947,0.961,0.957,0.929,0.89,0.944,1.0,0.942,0.932,0.977,0.933,0.914,0.953,0.949
11,A2_3,0.963,0.942,0.94,0.929,0.921,0.915,0.938,0.934,0.942,1.0,0.935,0.928,0.936,0.949,0.943,0.935
11,B2_1,0.896,0.946,0.934,0.884,0.899,0.859,0.893,0.895,0.932,0.935,1.0,0.912,0.886,0.95,0.887,0.927
11,B2_2,0.956,0.913,0.93,0.976,0.957,0.929,0.897,0.964,0.977,0.928,0.912,1.0,0.903,0.91,0.969,0.971
11,B2_3,0.918,0.92,0.917,0.903,0.954,0.95,0.931,0.854,0.933,0.936,0.886,0.903,1.0,0.955,0.937,0.916
11,y1,0.913,0.958,0.929,0.885,0.925,0.915,0.949,0.876,0.914,0.949,0.95,0.91,0.955,1.0,0.919,0.924
11,y2,0.949,0.936,0.894,0.954,0.948,0.948,0.959,0.936,0.953,0.943,0.887,0.969,0.937,0.919,1.0,0.956
11,y3,0.951,0.924,0.944,0.968,0.976,0.949,0.894,0.924,0.949,0.935,0.927,0.971,0.916,0.924,0.956,1.0
12,.,1.0,0.913,0.951,0.978,0.942,0.921,0.898,0.967,0.948,0.964,0.898,0.955,0.917,0.912,0.948,0.951
12,A1_1,0.913,1.0,0.893,0.882,0.893,0.893,0.952,0.889,0.909,0.942,0.947,0.914,0.919,0.958,0.937,0.924
12,A1_2,0.951,0.893,1.0,0.954,0.944,0.899,0.843,0.905,0.947,0.941,0.936,0.931,0.915,0.928,0.894,0.944
12,A1_3,0.978,0.882,0.954,1.0,0.966,0.918,0.867,0.96,0.961,0.93,0.886,0.975,0.902,0.884,0.953,0.968
12,B1_1,0.942,0.893,0.944,0.966,1.0,0.952,0.891,0.908,0.958,0.921,0.901,0.958,0.954,0.926,0.949,0.976
12,B1_2,0.921,0.893,0.899,0.918,0.952,1.0,0.897,0.855,0.929,0.914,0.861,0.929,0.951,0.915,0.948,0.948
12,B1_3,0.898,0.952,0.843,0.867,0.891,0.897,1.0,0.887,0.889,0.936,0.893,0.897,0.931,0.949,0.959,0.893
12,A2_1,0.967,0.889,0.905,0.96,0.908,0.855,0.887,1.0,0.943,0.935,0.896,0.964,0.853,0.875,0.935,0.924
12,A2_2,0.948,0.909,0.947,0.961,0.958,0.929,0.889,0.943,1.0,0.942,0.933,0.977,0.933,0.914,0.953,0.948
12,A2_3,0.964,0.942,0.941,0.93,0.921,0.914,0.936,0.935,0.942,1.0,0.936,0.928,0.934,0.947,0.942,0.935
12,B2_1,0.898,0.947,0.936,0.886,0.901,0.861,0.893,0.896,0.933,0.936,1.0,0.914,0.887,0.951,0.889,0.928
12,B2_2,0.955,0.914,0.931,0.975,0.958,0.929,0.897,0.964,0.977,0.928,0.914,1.0,0.904,0.91,0.97,0.971
12,B2_3,0.917,0.919,0.915,0.902,0.954,0.951,0.931,0.853,0.933,0.934,0.887,0.904,1.0,0.955,0.937,0.916
12,y1,0.912,0.958,0.928,0.884,0.926,0.915,0.949,0.875,0.914,0.947,0.951,0.91,0.955,1.0,0.919,0.924
12,y2,0.948,0.937,0.894,0.953,0.949,0.948,0.959,0.935,0.953,0.942,0.889,0.97,0.937,0.919,1.0,0.956
12,y3,0.951,0.924,0.944,0.968,0.976,0.948,0.893,0.924,0.948,0.935,0.928,0.971,0.916,0.924,0.956,1.0
13,.,1.0,0.914,0.952,0.977,0.941,0.919,0.896,0.967,0.947,0.965,0.899,0.954,0.915,0.911,0.946,0.951
13,A1_1,0.914,1.0,0.893,0.882,0.894,0.892,0.951,0.89,0.909,0.942,0.948,0.915,0.919,0.957,0.936,0.924
13,A1_2,0.952,0.893,1.0,0.955,0.944,0.898,0.841,0.906,0.947,0.941,0.937,0.931,0.914,0.927,0.893,0.944
13,A1_3,0.977,0.882,0.955,1.0,0.966,0.916,0.866,0.961,0.961,0.931,0.888,0.975,0.901,0.883,0.952,0.968
13,B1_1,0.941,0.894,0.944,0.966,1.0,0.952,0.891,0.907,0.958,0.921,0.902,0.958,0.954,0.926,0.95,0.976
13,B1_2,0.919,0.892,0.898,0.916,0.952,1.0,0.898,0.853,0.929,0.912,0.863,0.929,0.952,0.915,0.948,0.947
13,B1_3,0.896,0.951,0.841,0.866,0.891,0.898,1.0,0.885,0.889,0.934,0.892,0.896,0.931,0.949,0.959,0.892
13,A2_1,0.967,0.89,0.906,0.961,0.907,0.853,0.885,1.0,0.943,0.936,0.898,0.963,0.852,0.874,0.934,0.923
13,A2_2,0.947,0.909,0.947,0.961,0.958,0.929,0.889,0.943,1.0,0.941,0.935,0.978,0.933,0.913,0.953,0.948
13,A2_3,0.965,0.942,0.941,0.931,0.921,0.912,0.934,0.936,0.941,1.0,0.937,0.928,0.932,0.945,0.941,0.935
13,B2_1,0.899,0.948,0.937,0.888,0.902,0.863,0.892,0.898,0.935,0.937,1.0,0.916,0.888,0.951,0.89,0.929
13,B2_2,0.954,0.915,0.931,0.975,0.958,0.929,0.896,0.963,0.978,0.928,0.916,1.0,0.904,0.91,0.97,0.97
13,B2_3,0.915,0.919,0.914,0.901,0.954,0.952,0.931,0.852,0.933,0.932,0.888,0.904,1.0,0.955,0.938,0.915
13,y1,0.911,0.957,0.927,0.883,0.926,0.915,0.949,0.874,0.913,0.945,0.951,0.91,0.955,1.0,0.919,0.923
13,y2,0.946,0.936,0.893,0.952,0.95,0.948,0.959,0.934,0.953,0.941,0.89,0.97,0.938,0.919,1.0,0.956
13,y3,0.951,0.924,0.944,0.968,0.976,0.947,0.892,0.923,0.948,0.935,0.929,0.97,0.915,0.923,0.956,1.0
14,.,1.0,0.914,0.952,0.977,0.939,0.916,0.894,0.967,0.945,0.965,0.9,0.953,0.912,0.909,0.945,0.95
14,A1_1,0.914,1.0,0.893,0.883,0.894,0.891,0.95,0.891,0.909,0.942,0.949,0.915,0.918,0.956,0.936,0.924
14,A1_2,0.952,0.893,1.0,0.955,0.944,0.896,0.838,0.907,0.947,0.941,0.937,0.931,0.911,0.925,0.893,0.944
14,A1_3,0.977,0.883,0.955,1.0,0.965,0.914,0.864,0.961,0.96,0.931,0.889,0.974,0.899,0.882,0.951,0.967
14,B1_1,0.939,0.894,0.944,0.965,1.0,0.952,0.891,0.906,0.958,0.921,0.903,0.959,0.954,0.926,0.95,0.976
14,B1_2,0.916,0.891,0.896,0.914,0.952,1.0,0.898,0.851,0.929,0.91,0.865,0.928,0.952,0.915,0.948,0.946
14,B1_3,0.894,0.95,0.838,0.864,0.891,0.898,1.0,0.883,0.888,0.932,0.892,0.896,0.931,0.949,0.959,0.89
14,A2_1,0.967,0.891,0.907,0.961,0.906,0.851,0.883,1.0,0.942,0.937,0.898,0.962,0.85,0.872,0.932,0.923
14,A2_2,0.945,0.909,0.947,0.96,0.958,0.929,0.888,0.942,1.0,0.94,0.936,0.978,0.932,0.912,0.953,0.947
14,A2_3,0.965,0.942,0.941,0.931,0.921,0.91,0.932,0.937,0.94,1.0,0.937,0.927,0.93,0.943,0.939,0.934
14,B2_1,0.9,0.949,0.937,0.889,0.903,0.865,0.892,0.898,0.936,0.937,1.0,0.917,0.889,0.951,0.891,0.929
14,B2_2,0.953,0.915,0.931,0.974,0.959,0.928,0.896,0.962,0.978,0.927,0.917,1.0,0.904,0.909,0.969,0.97
14,B2_3,0.912,0.918,0.911,0.899,0.954,0.952,0.931,0.85,0.932,0.93,0.889,0.904,1.0,0.955,0.938,0.914
14,y1,0.909,0.956,0.925,0.882,0.926,0.915,0.949,0.872,0.912,0.943,0.951,0.909,0.955,1.0,0.919,0.922
14,y2,0.945,0.936,0.893,0.951,0.95,0.948,0.959,0.932,0.953,0.939,0.891,0.969,0.938,0.919,1.0,0.955
14,y3,0.95,0.924,0.944,0.967,0.976,0.946,0.89,0.923,0.947,0.934,0.929,0.97,0.914,0.922,0.955,1.0
15,.,1.0,0.914,0.952,0.976,0.938,0.913,0.892,0.967,0.943,0.966,0.901,0.951,0.909,0.907,0.942,0.949
15,A1_1,0.914,1.0,0.892,0.883,0.894,0.89,0.949,0.891,0.909,0.942,0.949,0.916,0.917,0.955,0.936,0.924
15,A1_2,0.952,0.892,1.0,0.956,0.943,0.894,0.836,0.908,0.947,0.942,0.938,0.93,0.909,0.923,0.891,0.944
15,A1_3,0.976,0.883,0.956,1.0,0.964,0.912,0.861,0.961,0.959,0.932,0.89,0.974,0.896,0.88,0.949,0.967
15,B1_1,0.938,0.894,0.943,0.964,1.0,0.952,0.891,0.906,0.958,0.92,0.904,0.959,0.954,0.926,0.95,0.976
15,B1_2,0.913,0.89,0.894,0.912,0.952,1.0,0.898,0.849,0.929,0.907,0.866,0.928,0.953,0.914,0.948,0.945
15,B1_3,0.892,0.949,0.836,0.861,0.891,0.898,1.0,0.881,0.887,0.929,0.891,0.895,0.932,0.949,0.959,0.889
15,A2_1,0.967,0.891,0.908,0.961,0.906,0.849,0.881,1.0,0.941,0.938,0.899,0.961,0.847,0.87,0.93,0.922
15,A2_2,0.943,0.909,0.947,0.959,0.958,0.929,0.887,0.941,1.0,0.94,0.937,0.978,0.931,0.911,0.952,0.946
15,A2_3,0.966,0.942,0.942,0.932,0.92,0.907,0.929,0.938,0.94,1.0,0.937,0.927,0.927,0.941,0.938,0.934
15,B2_1,0.901,0.949,0.938,0.89,0.904,0.866,0.891,0.899,0.937,0.937,1.0,0.918,0.889,0.95,0.892,0.93
15,B2_2,0.951,0.916,0.93,0.974,0.959,0.928,0.895,0.961,0.978,0.927,0.918,1.0,0.904,0.908,0.969,0.969
15,B2_3,0.909,0.917,0.909,0.896,0.954,0.953,0.932,0.847,0.931,0.927,0.889,0.904,1.0,0.955,0.938,0.913
15,y1,0.907,0.955,0.923,0.88,0.926,0.914,0.949,0.87,0.911,0.941,0.95,0.908,0.955,1.0,0.919,0.921
15,y2,0.942,0.936,0.891,0.949,0.95,0.948,0.959,0.93,0.952,0.938,0.892,0.969,0.938,0.919,1.0,0.955
15,y3,0.949,0.924,0.944,0.967,0.976,0.945,0.889,0.922,0.946,0.934,0.93,0.969,0.913,0.921,0.955,1.0
16,.,1.0,0.914,0.952,0.976,0.936,0.91,0.889,0.967,0.941,0.966,0.901,0.949,0.906,0.904,0.94,0.948
16,A1_1,0.914,1.0,0.892,0.882,0.895,0.889,0.947,0.891,0.91,0.941,0.95,0.916,0.916,0.954,0.936,0.924
16,A1_2,0.952,0.892,1.0,0.956,0.942,0.891,0.832,0.908,0.946,0.942,0.938,0.93,0.906,0.92,0.89,0.943
16,A1_3,0.976,0.882,0.956,1.0,0.963,0.909,0.859,0.961,0.959,0.932,0.891,0.973,0.894,0.877,0.948,0.966
16,B1_1,0.936,0.895,0.942,0.963,1.0,0.952,0.891,0.904,0.958,0.919,0.905,0.959,0.954,0.926,0.951,0.976
16,B1_2,0.91,0.889,0.891,0.909,0.952,1.0,0.898,0.846,0.928,0.905,0.867,0.927,0.953,0.913,0.947,0.944
16,B1_3,0.889,0.947,0.832,0.859,0.891,0.898,1.0,0.878,0.886,0.926,0.89,0.894,0.932,0.948,0.958,0.887
16,A2_1,0.967,0.891,0.908,0.961,0.904,0.846,0.878,1.0,0.94,0.939,0.899,0.96,0.844,0.867,0.928,0.921
16,A2_2,0.941,0.91,0.946,0.959,0.958,0.928,0.886,0.94,1.0,0.939,0.938,0.978,0.931,0.91,0.952,0.945
16,A2_3,0.966,0.941,0.942,0.932,0.919,0.905,0.926,0.939,0.939,1.0,0.937,0.926,0.924,0.939,0.936,0.933
16,B2_1,0.901,0.95,0.938,0.891,0.905,0.867,0.89,0.899,0.938,0.937,1.0,0.919,0.889,0.95,0.893,0.93
16,B2_2,0.949,0.916,0.93,0.973,0.959,0.927,0.894,0.96,0.978,0.926,0.919,1.0,0.903,0.907,0.969,0.969
16,B2_3,0.906,0.916,0.906,0.894,0.954,0.953,0.932,0.844,0.931,0.924,0.889,0.903,1.0,0.954,0.938,0.912
16,y1,0.904,0.954,0.92,0.877,0.926,0.913,0.948,0.867,0.91,0.939,0.95,0.907,0.954,1.0,0.919,0.92
16,y2,0.94,0.936,0.89,0.948,0.951,0.947,0.958,0.928,0.952,0.936,0.893,0.969,0.938,0.919,1.0,0.954
16,y3,0.948,0.924,0.943,0.966,0.976,0.944,0.887,0.921,0.945,0.933,0.93,0.969,0.912,0.92,0.954,1.0
17,.,1.0,0.914,0.952,0.975,0.934,0.906,0.885,0.966,0.939,0.967,0.9,0.947,0.902,0.901,0.937,0.947
17,A1_1,0.914,1.0,0.891,0.882,0.894,0.887,0.946,0.891,0.91,0.941,0.95,0.916,0.914,0.952,0.935,0.923
17,A1_2,0.952,0.891,1.0,0.956,0.941,0.888,0.829,0.908,0.946,0.942,0.937,0.929,0.902,0.918,0.888,0.942
17,A1_3,0.975,0.882,0.956,1.0,0.962,0.906,0.855,0.961,0.958,0.933,0.891,0.972,0.89,0.875,0.946,0.965
17,B1_1,0.934,0.894,0.941,0.962,1.0,0.952,0.89,0.903,0.957,0.918,0.906,0.959,0.954,0.925,0.951,0.975
17,B1_2,0.906,0.887,0.888,0.906,0.952,1.0,0.898,0.843,0.928,0.901,0.868,0.926,0.954,0.912,0.947,0.943
17,B1_3,0.885,0.946,0.829,0.855,0.89,0.898,1.0,0.874,0.884,0.922,0.889,0.893,0.932,0.948,0.958,0.886
17,A2_1,0.966,0.891,0.908,0.961,0.903,0.843,0.874,1.0,0.939,0.939,0.898,0.959,0.841,0.864,0.926,0.919
17,A2_2,0.939,0.91,0.946,0.958,0.957,0.928,0.884,0.939,1.0,0.938,0.939,0.979,0.929,0.909,0.951,0.945
17,A2_3,0.967,0.941,0.942,0.933,0.918,0.901,0.922,0.939,0.938,1.0,0.937,0.925,0.921,0.936,0.934,0.932
17,B2_1,0.9,0.95,0.937,0.891,0.906,0.868,0.889,0.898,0.939,0.937,1.0,0.92,0.889,0.949,0.893,0.93
17,B2_2,0.947,0.916,0.929,0.972,0.959,0.926,0.893,0.959,0.979,0.925,0.92,1.0,0.903,0.906,0.969,0.968
17,B2_3,0.902,0.914,0.902,0.89,0.954,0.954,0.932,0.841,0.929,0.921,0.889,0.903,1.0,0.954,0.938,0.911
17,y1,0.901,0.952,0.918,0.875,0.925,0.912,0.948,0.864,0.909,0.936,0.949,0.906,0.954,1.0,0.918,0.919
17,y2,0.937,0.935,0.888,0.946,0.951,0.947,0.958,0.926,0.951,0.934,0.893,0.969,0.938,0.918,1.0,0.954
17,y3,0.947,0.923,0.942,0.965,0.975,0.943,0.886,0.919,0.945,0.932,0.93,0.968,0.911,0.919,0.954,1.0
18,.,1.0,0.913,0.951,0.974,0.931,0.902,0.881,0.966,0.936,0.967,0.899,0.945,0.898,0.897,0.934,0.945
18,A1_1,0.913,1.0,0.889,0.881,0.894,0.885,0.944,0.891,0.909,0.94,0.95,0.916,0.912,0.951,0.934,0.923
18,A1_2,0.951,0.889,1.0,0.956,0.939,0.884,0.824,0.909,0.945,0.942,0.937,0.928,0.898,0.914,0.886,0.941
18,A1_3,0.974,0.881,0.956,1.0,0.96,0.902,0.851,0.961,0.956,0.933,0.891,0.971,0.886,0.871,0.944,0.964
18,B1_1,0.931,0.894,0.939,0.96,1.0,0.952,0.889,0.901,0.957,0.917,0.907,0.959,0.953,0.925,0.951,0.975
18,B1_2,0.902,0.885,0.884,0.902,0.952,1.0,0.897,0.839,0.926,0.898,0.868,0.925,0.954,0.911,0.946,0.941
18,B1_3,0.881,0.944,0.824,0.851,0.889,0.897,1.0,0.87,0.882,0.918,0.888,0.892,0.932,0.947,0.958,0.883
18,A2_1,0.966,0.891,0.909,0.961,0.901,0.839,0.87,1.0,0.937,0.939,0.898,0.958,0.837,0.86,0.923,0.918
18,A2_2,0.936,0.909,0.945,0.956,0.957,0.926,0.882,0.937,1.0,0.937,0.94,0.979,0.928,0.907,0.95,0.943
18,A2_3,0.967,0.94,0.942,0.933,0.917,0.898,0.918,0.939,0.937,1.0,0.937,0.924,0.917,0.932,0.932,0.931
18,B2_1,0.899,0.95,0.937,0.891,0.907,0.868,0.888,0.898,0.94,0.937,1.0,0.921,0.889,0.948,0.893,0.93
18,B2_2,0.945,0.916,0.928,0.971,0.959,0.925,0.892,0.958,0.979,0.924,0.921,1.0,0.902,0.904,0.968,0.967
18,B2_3,0.898,0.912,0.898,0.886,0.953,0.954,0.932,0.837,0.928,0.917,0.889,0.902,1.0,0.953,0.938,0.909
18,y1,0.897,0.951,0.914,0.871,0.925,0.911,0.947,0.86,0.907,0.932,0.948,0.904,0.953,1.0,0.917,0.917
18,y2,0.934,0.934,0.886,0.944,0.951,0.946,0.958,0.923,0.95,0.932,0.893,0.968,0.938,0.917,1.0,0.953
18,y3,0.945,0.923,0.941,0.964,0.975,0.941,0.883,0.918,0.943,0.931,0.93,0.967,0.909,0.917,0.953,1.0
19,.,1.0,0.912,0.951,0.974,0.928,0.897,0.876,0.965,0.933,0.967,0.898,0.942,0.893,0.893,0.931,0.943
19,A1_1,0.912,1.0,0.888,0.881,0.893,0.883,0.942,0.891,0.909,0.939,0.95,0.916,0.91,0.949,0.934,0.922
19,A1_2,0.951,0.888,1.0,0.957,0.937,0.88,0.819,0.909,0.944,0.942,0.936,0.927,0.893,0.91,0.883,0.94
19,A1_3,0.974,0.881,0.957,1.0,0.958,0.898,0.847,0.961,0.955,0.933,0.89,0.97,0.882,0.868,0.941,0.963
19,B1_1,0.928,0.893,0.937,0.958,1.0,0.951,0.888,0.899,0.956,0.915,0.907,0.958,0.953,0.924,0.951,0.975
19,B1_2,0.897,0.883,0.88,0.898,0.951,1.0,0.897,0.835,0.925,0.894,0.868,0.923,0.954,0.91,0.946,0.939
19,B1_3,0.876,0.942,0.819,0.847,0.888,0.897,1.0,0.865,0.88,0.914,0.886,0.89,0.931,0.946,0.957,0.881
19,A2_1,0.965,0.891,0.909,0.961,0.899,0.835,0.865,1.0,0.936,0.94,0.897,0.957,0.832,0.857,0.921,0.916
19,A2_2,0.933,0.909,0.944,0.955,0.956,0.925,0.88,0.936,1.0,0.936,0.941,0.979,0.926,0.905,0.949,0.942
19,A2_3,0.967,0.939,0.942,0.933,0.915,0.894,0.914,0.94,0.936,1.0,0.936,0.923,0.913,0.929,0.929,0.93
19,B2_1,0.898,0.95,0.936,0.89,0.907,0.868,0.886,0.897,0.941,0.936,1.0,0.921,0.888,0.947,0.893,0.929
19,B2_2,0.942,0.916,0.927,0.97,0.958,0.923,0.89,0.957,0.979,0.923,0.921,1.0,0.9,0.902,0.968,0.966
19,B2_3,0.893,0.91,0.893,0.882,0.953,0.954,0.931,0.832,0.926,0.913,0.888,0.9,1.0,0.953,0.938,0.908
19,y1,0.893,0.949,0.91,0.868,0.924,0.91,0.946,0.857,0.905,0.929,0.947,0.902,0.953,1.0,0.917,0.916
19,y2,0.931,0.934,0.883,0.941,0.951,0.946,0.957,0.921,0.949,0.929,0.893,0.968,0.938,0.917,1.0,0.952
19,y3,0.943,0.922,0.94,0.963,0.975,0.939,0.881,0.916,0.942,0.93,0.929,0.966,0.908,0.916,0.952,1.0
20,.,1.0,0.911,0.95,0.973,0.925,0.891,0.871,0.965,0.93,0.968,0.896,0.939,0.887,0.889,0.927,0.941
20,A1_1,0.911,1.0,0.887,0.879,0.892,0.88,0.94,0.89,0.908,0.939,0.95,0.915,0.908,0.947,0.932,0.921
20,A1_2,0.95,0.887,1.0,0.957,0.935,0.875,0.813,0.909,0.942,0.942,0.934,0.925,0.888,0.906,0.88,0.938
20,A1_3,0.973,0.879,0.957,1.0,0.956,0.893,0.841,0.961,0.954,0.933,0.889,0.969,0.877,0.863,0.938,0.962
20,B1_1,0.925,0.892,0.935,0.956,1.0,0.951,0.887,0.896,0.956,0.913,0.907,0.958,0.952,0.923,0.951,0.974
20,B1_2,0.891,0.88,0.875,0.893,0.951,1.0,0.896,0.83,0.924,0.889,0.868,0.922,0.954,0.908,0.945,0.937
20,B1_3,0.871,0.94,0.813,0.841,0.887,0.896,1.0,0.86,0.878,0.909,0.884,0.888,0.931,0.945,0.957,0.878
20,A2_1,0.965,0.89,0.909,0.961,0.896,0.83,0.86,1.0,0.934,0.94,0.896,0.955,0.827,0.852,0.917,0.914
20,A2_2,0.93,0.908,0.942,0.954,0.956,0.924,0.878,0.934,1.0,0.934,0.941,0.979,0.924,0.903,0.948,0.941
20,A2_3,0.968,0.939,0.942,0.933,0.913,0.889,0.909,0.94,0.934,1.0,0.935,0.921,0.908,0.925,0.926,0.928
20,B2_1,0.896,0.95,0.934,0.889,0.907,0.868,0.884,0.896,0.941,0.935,1.0,0.922,0.887,0.946,0.893,0.928
20,B2_2,0.939,0.915,0.925,0.969,0.958,0.922,0.888,0.955,0.979,0.921,0.922,1.0,0.899,0.9,0.967,0.965
20,B2_3,0.887,0.908,0.888,0.877,0.952,0.954,0.931,0.827,0.924,0.908,0.887,0.899,1.0,0.952,0.937,0.905
20,y1,0.889,0.947,0.906,0.863,0.923,0.908,0.945,0.852,0.903,0.925,0.946,0.9,0.952,1.0,0.915,0.914
20,y2,0.927,0.932,0.88,0.938,0.951,0.945,0.957,0.917,0.948,0.926,0.893,0.967,0.937,0.915,1.0,0.951
20,y3,0.941,0.921,0.938,0.962,0.974,0.937,0.878,0.914,0.941,0.928,0.928,0.965,0.905,0.914,0.951,1.0
21,.,1.0,0.909,0.949,0.972,0.921,0.885,0.864,0.964,0.926,0.968,0.893,0.935,0.88,0.883,0.922,0.939
21,A1_1,0.909,1.0,0.885,0.878,0.891,0.877,0.937,0.89,0.908,0.938,0.95,0.915,0.905,0.945,0.931,0.92
21,A1_2,0.949,0.885,1.0,0.957,0.932,0.869,0.806,0.909,0.941,0.942,0.933,0.923,0.881,0.901,0.876,0.936
21,A1_3,0.972,0.878,0.957,1.0,0.954,0.887,0.835,0.961,0.952,0.934,0.888,0.967,0.871,0.859,0.935,0.96
21,B1_1,0.921,0.891,0.932,0.954,1.0,0.95,0.886,0.894,0.955,0.911,0.907,0.958,0.952,0.922,0.951,0.974
21,B1_2,0.885,0.877,0.869,0.887,0.95,1.0,0.895,0.824,0.922,0.884,0.867,0.92,0.954,0.907,0.944,0.935
21,B1_3,0.864,0.937,0.806,0.835,0.886,0.895,1.0,0.854,0.875,0.903,0.882,0.886,0.931,0.944,0.956,0.875
21,A2_1,0.964,0.89,0.909,0.961,0.894,0.824,0.854,1.0,0.933,0.94,0.894,0.953,0.821,0.847,0.914,0.912
21,A2_2,0.926,0.908,0.941,0.952,0.955,0.922,0.875,0.933,1.0,0.932,0.942,0.979,0.922,0.9,0.947,0.939
21,A2_3,0.968,0.938,0.942,0.934,0.911,0.884,0.903,0.94,0.932,1.0,0.933,0.92,0.902,0.921,0.923,0.926
21,B2_1,0.893,0.95,0.933,0.888,0.907,0.867,0.882,0.894,0.942,0.933,1.0,0.922,0.886,0.945,0.893,0.928
21,B2_2,0.935,0.915,0.923,0.967,0.958,0.92,0.886,0.953,0.979,0.92,0.922,1.0,0.897,0.898,0.967,0.964
21,B2_3,0.88,0.905,0.881,0.871,0.952,0.954,0.931,0.821,0.922,0.902,0.886,0.897,1.0,0.951,0.937,0.903
21,y1,0.883,0.945,0.901,0.859,0.922,0.907,0.944,0.847,0.9,0.921,0.945,0.898,0.951,1.0,0.914,0.911
21,y2,0.922,0.931,0.876,0.935,0.951,0.944,0.956,0.914,0.947,0.923,0.893,0.967,0.937,0.914,1.0,0.95
21,y3,0.939,0.92,0.936,0.96,0.974,0.935,0.875,0.912,0.939,0.926,0.928,0.964,0.903,0.911,0.95,1.0
22,.,1.0,0.908,0.949,0.971,0.916,0.878,0.857,0.963,0.922,0.968,0.89,0.931,0.872,0.877,0.917,0.936
22,A1_1,0.908,1.0,0.883,0.876,0.89,0.873,0.934,0.889,0.907,0.937,0.949,0.914,0.901,0.942,0.93,0.918
22,A1_2,0.949,0.883,1.0,0.956,0.929,0.863,0.798,0.908,0.939,0.942,0.93,0.921,0.874,0.896,0.872,0.934
22,A1_3,0.971,0.876,0.956,1.0,0.951,0.881,0.828,0.961,0.95,0.934,0.886,0.965,0.864,0.853,0.931,0.959
22,B1_1,0.916,0.89,0.929,0.951,1.0,0.949,0.884,0.89,0.954,0.909,0.906,0.957,0.951,0.921,0.95,0.973
22,B1_2,0.878,0.873,0.863,0.881,0.949,1.0,0.894,0.818,0.92,0.878,0.866,0.917,0.953,0.904,0.943,0.932
22,B1_3,0.857,0.934,0.798,0.828,0.884,0.894,1.0,0.848,0.872,0.897,0.88,0.883,0.93,0.943,0.956,0.871
22,A2_1,0.963,0.889,0.908,0.961,0.89,0.818,0.848,1.0,0.931,0.94,0.892,0.951,0.814,0.841,0.91,0.91
22,A2_2,0.922,0.907,0.939,0.95,0.954,0.92,0.872,0.931,1.0,0.931,0.942,0.979,0.919,0.897,0.946,0.937
22,A2_3,0.968,0.937,0.942,0.934,0.909,0.878,0.897,0.94,0.931,1.0,0.931,0.918,0.896,0.916,0.92,0.924
22,B2_1,0.89,0.949,0.93,0.886,0.906,0.866,0.88,0.892,0.942,0.931,1.0,0.922,0.884,0.943,0.892,0.927
22,B2_2,0.931,0.914,0.921,0.965,0.957,0.917,0.883,0.951,0.979,0.918,0.922,1.0,0.895,0.895,0.966,0.963
22,B2_3,0.872,0.901,0.874,0.864,0.951,0.953,0.93,0.814,0.919,0.896,0.884,0.895,1.0,0.95,0.936,0.9
22,y1,0.877,0.942,0.896,0.853,0.921,0.904,0.943,0.841,0.897,0.916,0.943,0.895,0.95,1.0,0.913,0.909
22,y2,0.917,0.93,0.872,0.931,0.95,0.943,0.956,0.91,0.946,0.92,0.892,0.966,0.936,0.913,1.0,0.948
22,y3,0.936,0.918,0.934,0.959,0.973,0.932,0.871,0.91,0.937,0.924,0.927,0.963,0.9,0.909,0.948,1.0
23,.,1.0,0.906,0.948,0.97,0.911,0.869,0.848,0.962,0.917,0.968,0.886,0.927,0.864,0.87,0.912,0.933
23,A1_1,0.906,1.0,0.88,0.875,0.888,0.869,0.931,0.888,0.905,0.936,0.949,0.913,0.897,0.939,0.928,0.917
23,A1_2,0.948,0.88,1.0,0.956,0.925,0.855,0.79,0.908,0.937,0.942,0.928,0.918,0.866,0.889,0.867,0.931
23,A1_3,0.97,0.875,0.956,1.0,0.947,0.874,0.821,0.961,0.948,0.934,0.884,0.963,0.857,0.847,0.927,0.957
23,B1_1,0.911,0.888,0.925,0.947,1.0,0.948,0.882,0.887,0.953,0.906,0.906,0.956,0.95,0.92,0.95,0.973
23,B1_2,0.869,0.869,0.855,0.874,0.948,1.0,0.893,0.811,0.917,0.872,0.865,0.915,0.953,0.902,0.942,0.929
23,B1_3,0.848,0.931,0.79,0.821,0.882,0.893,1.0,0.84,0.869,0.89,0.877,0.881,0.93,0.942,0.955,0.868
23,A2_1,0.962,0.888,0.908,0.961,0.887,0.811,0.84,1.0,0.929,0.941,0.89,0.949,0.807,0.835,0.906,0.907
23,A2_2,0.917,0.905,0.937,0.948,0.953,0.917,0.869,0.929,1.0,0.928,0.942,0.979,0.916,0.893,0.944,0.936
23,A2_3,0.968,0.936,0.942,0.934,0.906,0.872,0.89,0.941,0.928,1.0,0.929,0.915,0.889,0.91,0.916,0.922
23,B2_1,0.886,0.949,0.928,0.884,0.906,0.865,0.877,0.89,0.942,0.929,1.0,0.922,0.883,0.941,0.891,0.925
23,B2_2,0.927,0.913,0.918,0.963,0.956,0.915,0.881,0.949,0.979,0.915,0.922,1.0,0.892,0.892,0.965,0.961
23,B2_3,0.864,0.897,0.866,0.857,0.95,0.953,0.93,0.807,0.916,0.889,0.883,0.892,1.0,0.948,0.935,0.897
23,y1,0.87,0.939,0.889,0.847,0.92,0.902,0.942,0.835,0.893,0.91,0.941,0.892,0.948,1.0,0.912,0.906
23,y2,0.912,0.928,0.867,0.927,0.95,0.942,0.955,0.906,0.944,0.916,0.891,0.965,0.935,0.912,1.0,0.947
23,y3,0.933,0.917,0.931,0.957,0.973,0.929,0.868,0.907,0.936,0.922,0.925,0.961,0.897,0.906,0.947,1.0
24,.,1.0,0.904,0.946,0.969,0.905,0.86,0.839,0.961,0.912,0.967,0.881,0.922,0.854,0.863,0.905,0.929
24,A1_1,0.904,1.0,0.878,0.873,0.886,0.864,0.927,0.887,0.904,0.935,0.948,0.912,0.893,0.936,0.926,0.915
24,A1_2,0.946,0.878,1.0,0.956,0.92,0.847,0.78,0.908,0.934,0.942,0.924,0.916,0.857,0.882,0.862,0.929
24,A1_3,0.969,0.873,0.956,1.0,0.944,0.866,0.812,0.961,0.945,0.934,0.881,0.961,0.848,0.84,0.923,0.954
24,B1_1,0.905,0.886,0.92,0.944,1.0,0.947,0.881,0.882,0.951,0.902,0.905,0.956,0.948,0.918,0.95,0.972
24,B1_2,0.86,0.864,0.847,0.866,0.947,1.0,0.892,0.803,0.914,0.865,0.864,0.912,0.953,0.9,0.941,0.926
24,B1_3,0.839,0.927,0.78,0.812,0.881,0.892,1.0,0.832,0.865,0.882,0.874,0.878,0.929,0.941,0.954,0.863
24,A2_1,0.961,0.887,0.908,0.961,0.882,0.803,0.832,1.0,0.927,0.941,0.887,0.947,0.798,0.828,0.901,0.904
24,A2_2,0.912,0.904,0.934,0.945,0.951,0.914,0.865,0.927,1.0,0.926,0.943,0.979,0.913,0.89,0.943,0.933
24,A2_3,0.967,0.935,0.942,0.934,0.902,0.865,0.882,0.941,0.926,1.0,0.927,0.913,0.881,0.904,0.911,0.92
24,B2_1,0.881,0.948,0.924,0.881,0.905,0.864,0.874,0.887,0.943,0.927,1.0,0.922,0.88,0.939,0.891,0.924
24,B2_2,0.922,0.912,0.916,0.961,0.956,0.912,0.878,0.947,0.979,0.913,0.922,1.0,0.889,0.889,0.964,0.96
24,B2_3,0.854,0.893,0.857,0.848,0.948,0.953,0.929,0.798,0.913,0.881,0.88,0.889,1.0,0.947,0.934,0.893
24,y1,0.863,0.936,0.882,0.84,0.918,0.9,0.941,0.828,0.89,0.904,0.939,0.889,0.947,1.0,0.91,0.903
24,y2,0.905,0.926,0.862,0.923,0.95,0.941,0.954,0.901,0.943,0.911,0.891,0.964,0.934,0.91,1.0,0.946
24,y3,0.929,0.915,0.929,0.954,0.972,0.926,0.863,0.904,0.933,0.92,0.924,0.96,0.893,0.903,0.946,1.0
25,.,1.0,0.901,0.945,0.967,0.899,0.85,0.829,0.959,0.907,0.967,0.876,0.916,0.843,0.855,0.899,0.925
25,A1_1,0.901,1.0,0.875,0.871,0.884,0.859,0.923,0.886,0.903,0.934,0.947,0.911,0.888,0.932,0.924,0.913
25,A1_2,0.945,0.875,1.0,0.956,0.915,0.838,0.77,0.908,0.931,0.942,0.921,0.912,0.847,0.875,0.856,0.925
25,A1_3,0.967,0.871,0.956,1.0,0.939,0.858,0.803,0.961,0.943,0.934,0.878,0.958,0.839,0.833,0.918,0.952
25,B1_1,0.899,0.884,0.915,0.939,1.0,0.946,0.879,0.878,0.95,0.898,0.904,0.955,0.947,0.916,0.949,0.971
25,B1_2,0.85,0.859,0.838,0.858,0.946,1.0,0.891,0.795,0.911,0.857,0.862,0.909,0.952,0.897,0.939,0.922
25,B1_3,0.829,0.923,0.77,0.803,0.879,0.891,1.0,0.823,0.861,0.873,0.871,0.874,0.929,0.94,0.953,0.859
25,A2_1,0.959,0.886,0.908,0.961,0.878,0.795,0.823,1.0,0.924,0.941,0.884,0.944,0.789,0.821,0.896,0.901
25,A2_2,0.907,0.903,0.931,0.943,0.95,0.911,0.861,0.924,1.0,0.924,0.943,0.979,0.909,0.886,0.941,0.931
25,A2_3,0.967,0.934,0.942,0.934,0.898,0.857,0.873,0.941,0.924,1.0,0.924,0.91,0.872,0.897,0.906,0.917
25,B2_1,0.876,0.947,0.921,0.878,0.904,0.862,0.871,0.884,0.943,0.924,1.0,0.922,0.878,0.937,0.89,0.922
25,B2_2,0.916,0.911,0.912,0.958,0.955,0.909,0.874,0.944,0.979,0.91,0.922,1.0,0.887,0.886,0.963,0.958
25,B2_3,0.843,0.888,0.847,0.839,0.947,0.952,0.929,0.789,0.909,0.872,0.878,0.887,1.0,0.945,0.933,0.889
25,y1,0.855,0.932,0.875,0.833,0.916,0.897,0.94,0.821,0.886,0.897,0.937,0.886,0.945,1.0,0.909,0.9
25,y2,0.899,0.924,0.856,0.918,0.949,0.939,0.953,0.896,0.941,0.906,0.89,0.963,0.933,0.909,1.0,0.944
25,y3,0.925,0.913,0.925,0.952,0.971,0.922,0.859,0.901,0.931,0.917,0.922,0.958,0.889,0.9,0.944,1.0
