,,.,A1_1,A1_2,A1_3,B1_1,B1_2,B1_3,A2_1,A2_2,A2_3,B2_1,B2_2,B2_3,y1,y2,y3
0,.,1.0,0.854,0.866,0.853,0.899,0.885,0.902,0.848,0.89,0.881,0.878,0.899,0.917,0.735,0.739,0.663
0,A1_1,0.854,1.0,0.902,0.868,0.812,0.887,0.859,0.884,0.868,0.847,0.834,0.796,0.834,0.701,0.731,0.759
0,A1_2,0.866,0.902,1.0,0.917,0.83,0.837,0.831,0.895,0.912,0.887,0.828,0.812,0.838,0.781,0.693,0.672
0,A1_3,0.853,0.868,0.917,1.0,0.837,0.849,0.827,0.864,0.884,0.879,0.824,0.826,0.826,0.739,0.721,0.674
0,B1_1,0.899,0.812,0.83,0.837,1.0,0.905,0.936,0.802,0.835,0.808,0.946,0.906,0.907,0.775,0.725,0.664
0,B1_2,0.885,0.887,0.837,0.849,0.905,1.0,0.926,0.817,0.813,0.791,0.901,0.863,0.869,0.749,0.735,0.705
0,B1_3,0.902,0.859,0.831,0.827,0.936,0.926,1.0,0.795,0.808,0.783,0.921,0.897,0.895,0.733,0.736,0.715
0,A2_1,0.848,0.884,0.895,0.864,0.802,0.817,0.795,1.0,0.904,0.919,0.84,0.846,0.859,0.736,0.763,0.656
0,A2_2,0.89,0.868,0.912,0.884,0.835,0.813,0.808,0.904,1.0,0.913,0.842,0.848,0.876,0.758,0.717,0.657
0,A2_3,0.881,0.847,0.887,0.879,0.808,0.791,0.783,0.919,0.913,1.0,0.814,0.839,0.836,0.728,0.74,0.642
0,B2_1,0.878,0.834,0.828,0.824,0.946,0.901,0.921,0.84,0.842,0.814,1.0,0.935,0.925,0.745,0.765,0.711
0,B2_2,0.899,0.796,0.812,0.826,0.906,0.863,0.897,0.846,0.848,0.839,0.935,1.0,0.929,0.727,0.793,0.658
0,B2_3,0.917,0.834,0.838,0.826,0.907,0.869,0.895,0.859,0.876,0.836,0.925,0.929,1.0,0.741,0.742,0.679
0,y1,0.735,0.701,0.781,0.739,0.775,0.749,0.733,0.736,0.758,0.728,0.745,0.727,0.741,1.0,0.474,0.427
0,y2,0.739,0.731,0.693,0.721,0.725,0.735,0.736,0.763,0.717,0.74,0.765,0.793,0.742,0.474,1.0,0.472
0,y3,0.663,0.759,0.672,0.674,0.664,0.705,0.715,0.656,0.657,0.642,0.711,0.658,0.679,0.427,0.472,1.0
1,.,1.0,0.78,0.811,0.732,0.861,0.832,0.855,0.795,0.828,0.842,0.834,0.854,0.854,0.791,0.775,0.743
1,A1_1,0.78,1.0,0.887,0.786,0.74,0.773,0.727,0.902,0.871,0.863,0.734,0.742,0.754,0.834,0.813,0.838
1,A1_2,0.811,0.887,1.0,0.839,0.731,0.705,0.697,0.878,0.902,0.9,0.72,0.735,0.733,0.816,0.79,0.818
1,A1_3,0.732,0.786,0.839,1.0,0.722,0.751,0.652,0.785,0.75,0.755,0.632,0.665,0.664,0.733,0.746,0.769
1,B1_1,0.861,0.74,0.731,0.722,1.0,0.924,0.924,0.739,0.751,0.724,0.926,0.874,0.889,0.855,0.806,0.795
1,B1_2,0.832,0.773,0.705,0.751,0.924,1.0,0.908,0.743,0.685,0.671,0.873,0.857,0.845,0.832,0.821,0.821
1,B1_3,0.855,0.727,0.697,0.652,0.924,0.908,1.0,0.736,0.702,0.699,0.94,0.903,0.888,0.843,0.817,0.788
1,A2_1,0.795,0.902,0.878,0.785,0.739,0.743,0.736,1.0,0.875,0.894,0.76,0.782,0.797,0.822,0.814,0.81
1,A2_2,0.828,0.871,0.902,0.75,0.751,0.685,0.702,0.875,1.0,0.902,0.734,0.745,0.775,0.806,0.772,0.758
1,A2_3,0.842,0.863,0.9,0.755,0.724,0.671,0.699,0.894,0.902,1.0,0.724,0.775,0.765,0.797,0.759,0.776
1,B2_1,0.834,0.734,0.72,0.632,0.926,0.873,0.94,0.76,0.734,0.724,1.0,0.909,0.894,0.857,0.858,0.817
1,B2_2,0.854,0.742,0.735,0.665,0.874,0.857,0.903,0.782,0.745,0.775,0.909,1.0,0.916,0.848,0.863,0.807
1,B2_3,0.854,0.754,0.733,0.664,0.889,0.845,0.888,0.797,0.775,0.765,0.894,0.916,1.0,0.843,0.831,0.79
1,y1,0.791,0.834,0.816,0.733,0.855,0.832,0.843,0.822,0.806,0.797,0.857,0.848,0.843,1.0,0.869,0.853
1,y2,0.775,0.813,0.79,0.746,0.806,0.821,0.817,0.814,0.772,0.759,0.858,0.863,0.831,0.869,1.0,0.86
1,y3,0.743,0.838,0.818,0.769,0.795,0.821,0.788,0.81,0.758,0.776,0.817,0.807,0.79,0.853,0.86,1.0
2,.,1.0,0.603,0.662,0.63,0.748,0.704,0.724,0.499,0.674,0.593,0.634,0.579,0.712,0.678,0.664,0.599
2,A1_1,0.603,1.0,0.812,0.766,0.534,0.678,0.604,0.896,0.844,0.798,0.542,0.596,0.618,0.6,0.602,0.705
2,A1_2,0.662,0.812,1.0,0.828,0.573,0.603,0.577,0.762,0.814,0.75,0.529,0.466,0.533,0.699,0.743,0.744
2,A1_3,0.63,0.766,0.828,1.0,0.637,0.652,0.569,0.692,0.741,0.663,0.45,0.456,0.482,0.596,0.621,0.667
2,B1_1,0.748,0.534,0.573,0.637,1.0,0.838,0.807,0.476,0.573,0.522,0.794,0.744,0.757,0.7,0.61,0.621
2,B1_2,0.704,0.678,0.603,0.652,0.838,1.0,0.924,0.627,0.571,0.501,0.821,0.815,0.833,0.738,0.716,0.772
2,B1_3,0.724,0.604,0.577,0.569,0.807,0.924,1.0,0.584,0.549,0.495,0.848,0.841,0.859,0.739,0.692,0.732
2,A2_1,0.499,0.896,0.762,0.692,0.476,0.627,0.584,1.0,0.817,0.803,0.565,0.675,0.652,0.536,0.604,0.65
2,A2_2,0.674,0.844,0.814,0.741,0.573,0.571,0.549,0.817,1.0,0.916,0.577,0.575,0.646,0.636,0.632,0.631
2,A2_3,0.593,0.798,0.75,0.663,0.522,0.501,0.495,0.803,0.916,1.0,0.589,0.599,0.634,0.564,0.56,0.55
2,B2_1,0.634,0.542,0.529,0.45,0.794,0.821,0.848,0.565,0.577,0.589,1.0,0.824,0.894,0.766,0.696,0.701
2,B2_2,0.579,0.596,0.466,0.456,0.744,0.815,0.841,0.675,0.575,0.599,0.824,1.0,0.891,0.557,0.569,0.601
2,B2_3,0.712,0.618,0.533,0.482,0.757,0.833,0.859,0.652,0.646,0.634,0.894,0.891,1.0,0.711,0.668,0.676
2,y1,0.678,0.6,0.699,0.596,0.7,0.738,0.739,0.536,0.636,0.564,0.766,0.557,0.711,1.0,0.771,0.744
2,y2,0.664,0.602,0.743,0.621,0.61,0.716,0.692,0.604,0.632,0.56,0.696,0.569,0.668,0.771,1.0,0.773
2,y3,0.599,0.705,0.744,0.667,0.621,0.772,0.732,0.65,0.631,0.55,0.701,0.601,0.676,0.744,0.773,1.0
3,.,1.0,0.396,0.463,0.492,0.532,0.541,0.477,0.214,0.486,0.342,0.462,0.345,0.414,0.608,0.569,0.539
3,A1_1,0.396,1.0,0.767,0.69,0.443,0.574,0.473,0.861,0.856,0.868,0.462,0.54,0.576,0.329,0.363,0.523
3,A1_2,0.463,0.767,1.0,0.806,0.449,0.468,0.369,0.735,0.796,0.79,0.367,0.349,0.409,0.429,0.519,0.562
3,A1_3,0.492,0.69,0.806,1.0,0.544,0.539,0.373,0.634,0.672,0.64,0.353,0.313,0.359,0.398,0.486,0.558
3,B1_1,0.532,0.443,0.449,0.544,1.0,0.759,0.667,0.448,0.473,0.397,0.697,0.722,0.667,0.433,0.378,0.425
3,B1_2,0.541,0.574,0.468,0.539,0.759,1.0,0.882,0.61,0.494,0.409,0.849,0.725,0.79,0.586,0.612,0.698
3,B1_3,0.477,0.473,0.369,0.373,0.667,0.882,1.0,0.53,0.442,0.369,0.836,0.816,0.831,0.538,0.515,0.59
3,A2_1,0.214,0.861,0.735,0.634,0.448,0.61,0.53,1.0,0.768,0.781,0.551,0.609,0.651,0.284,0.389,0.458
3,A2_2,0.486,0.856,0.796,0.672,0.473,0.494,0.442,0.768,1.0,0.911,0.465,0.505,0.581,0.423,0.414,0.471
3,A2_3,0.342,0.868,0.79,0.64,0.397,0.409,0.369,0.781,0.911,1.0,0.384,0.506,0.523,0.317,0.328,0.395
3,B2_1,0.462,0.462,0.367,0.353,0.697,0.849,0.836,0.551,0.465,0.384,1.0,0.658,0.767,0.63,0.545,0.599
3,B2_2,0.345,0.54,0.349,0.313,0.722,0.725,0.816,0.609,0.505,0.506,0.658,1.0,0.883,0.252,0.259,0.316
3,B2_3,0.414,0.576,0.409,0.359,0.667,0.79,0.831,0.651,0.581,0.523,0.767,0.883,1.0,0.425,0.438,0.464
3,y1,0.608,0.329,0.429,0.398,0.433,0.586,0.538,0.284,0.423,0.317,0.63,0.252,0.425,1.0,0.691,0.635
3,y2,0.569,0.363,0.519,0.486,0.378,0.612,0.515,0.389,0.414,0.328,0.545,0.259,0.438,0.691,1.0,0.715
3,y3,0.539,0.523,0.562,0.558,0.425,0.698,0.59,0.458,0.471,0.395,0.599,0.316,0.464,0.635,0.715,1.0
4,.,1.0,-0.036,-0.074,0.033,0.103,0.115,0.129,-0.234,-0.06,-0.162,-0.068,-0.117,-0.135,0.703,0.68,0.673
4,A1_1,-0.036,1.0,0.84,0.756,0.509,0.552,0.431,0.909,0.894,0.893,0.661,0.55,0.627,-0.032,0.012,0.014
4,A1_2,-0.074,0.84,1.0,0.826,0.505,0.495,0.364,0.867,0.792,0.795,0.611,0.48,0.523,-0.0,0.082,0.06
4,A1_3,0.033,0.756,0.826,1.0,0.584,0.542,0.36,0.714,0.713,0.684,0.546,0.409,0.448,0.066,0.133,0.152
4,B1_1,0.103,0.509,0.505,0.584,1.0,0.756,0.715,0.539,0.641,0.593,0.74,0.76,0.74,0.035,-0.012,-0.035
4,B1_2,0.115,0.552,0.495,0.542,0.756,1.0,0.832,0.593,0.567,0.539,0.865,0.778,0.796,0.234,0.206,0.217
4,B1_3,0.129,0.431,0.364,0.36,0.715,0.832,1.0,0.484,0.526,0.495,0.761,0.888,0.851,0.16,0.117,0.114
4,A2_1,-0.234,0.909,0.867,0.714,0.539,0.593,0.484,1.0,0.888,0.908,0.744,0.669,0.716,-0.128,-0.075,-0.122
4,A2_2,-0.06,0.894,0.792,0.713,0.641,0.567,0.526,0.888,1.0,0.942,0.707,0.679,0.72,-0.105,-0.066,-0.099
4,A2_3,-0.162,0.893,0.795,0.684,0.593,0.539,0.495,0.908,0.942,1.0,0.722,0.699,0.741,-0.184,-0.132,-0.179
4,B2_1,-0.068,0.661,0.611,0.546,0.74,0.865,0.761,0.744,0.707,0.722,1.0,0.829,0.88,0.083,0.087,0.041
4,B2_2,-0.117,0.55,0.48,0.409,0.76,0.778,0.888,0.669,0.679,0.699,0.829,1.0,0.95,-0.084,-0.09,-0.155
4,B2_3,-0.135,0.627,0.523,0.448,0.74,0.796,0.851,0.716,0.72,0.741,0.88,0.95,1.0,-0.038,-0.072,-0.124
4,y1,0.703,-0.032,-0.0,0.066,0.035,0.234,0.16,-0.128,-0.105,-0.184,0.083,-0.084,-0.038,1.0,0.87,0.81
4,y2,0.68,0.012,0.082,0.133,-0.012,0.206,0.117,-0.075,-0.066,-0.132,0.087,-0.09,-0.072,0.87,1.0,0.874
4,y3,0.673,0.014,0.06,0.152,-0.035,0.217,0.114,-0.122,-0.099,-0.179,0.041,-0.155,-0.124,0.81,0.874,1.0
5,.,1.0,-0.151,-0.261,-0.366,-0.091,-0.129,-0.096,-0.283,-0.199,-0.238,-0.202,-0.234,-0.228,0.588,0.588,0.572
5,A1_1,-0.151,1.0,0.895,0.849,0.344,0.535,0.323,0.911,0.916,0.913,0.535,0.469,0.522,-0.162,-0.115,-0.195
5,A1_2,-0.261,0.895,1.0,0.892,0.242,0.412,0.191,0.865,0.85,0.84,0.438,0.38,0.392,-0.186,-0.11,-0.172
5,A1_3,-0.366,0.849,0.892,1.0,0.414,0.547,0.317,0.861,0.847,0.835,0.537,0.491,0.5,-0.252,-0.198,-0.257
5,B1_1,-0.091,0.344,0.242,0.414,1.0,0.885,0.881,0.474,0.495,0.494,0.852,0.847,0.847,-0.114,-0.17,-0.212
5,B1_2,-0.129,0.535,0.412,0.547,0.885,1.0,0.845,0.633,0.594,0.604,0.905,0.877,0.868,-0.065,-0.103,-0.154
5,B1_3,-0.096,0.323,0.191,0.317,0.881,0.845,1.0,0.449,0.462,0.466,0.874,0.929,0.918,-0.027,-0.098,-0.13
5,A2_1,-0.283,0.911,0.865,0.861,0.474,0.633,0.449,1.0,0.918,0.919,0.664,0.619,0.65,-0.231,-0.219,-0.297
5,A2_2,-0.199,0.916,0.85,0.847,0.495,0.594,0.462,0.918,1.0,0.962,0.638,0.612,0.65,-0.224,-0.183,-0.265
5,A2_3,-0.238,0.913,0.84,0.835,0.494,0.604,0.466,0.919,0.962,1.0,0.67,0.624,0.671,-0.268,-0.235,-0.311
5,B2_1,-0.202,0.535,0.438,0.537,0.852,0.905,0.874,0.664,0.638,0.67,1.0,0.933,0.939,-0.06,-0.098,-0.164
5,B2_2,-0.234,0.469,0.38,0.491,0.847,0.877,0.929,0.619,0.612,0.624,0.933,1.0,0.956,-0.095,-0.141,-0.202
5,B2_3,-0.228,0.522,0.392,0.5,0.847,0.868,0.918,0.65,0.65,0.671,0.939,0.956,1.0,-0.112,-0.173,-0.235
5,y1,0.588,-0.162,-0.186,-0.252,-0.114,-0.065,-0.027,-0.231,-0.224,-0.268,-0.06,-0.095,-0.112,1.0,0.928,0.889
5,y2,0.588,-0.115,-0.11,-0.198,-0.17,-0.103,-0.098,-0.219,-0.183,-0.235,-0.098,-0.141,-0.173,0.928,1.0,0.919
5,y3,0.572,-0.195,-0.172,-0.257,-0.212,-0.154,-0.13,-0.297,-0.265,-0.311,-0.164,-0.202,-0.235,0.889,0.919,1.0
6,.,1.0,-0.006,-0.035,0.079,0.184,0.143,0.002,-0.167,0.022,-0.023,-0.19,-0.127,-0.153,0.033,0.01,-0.033
6,A1_1,-0.006,1.0,0.849,0.574,-0.195,-0.002,-0.02,0.938,0.931,0.921,0.251,0.171,0.211,-0.107,-0.067,-0.15
6,A1_2,-0.035,0.849,1.0,0.821,-0.474,-0.286,-0.335,0.869,0.78,0.783,-0.003,-0.141,-0.101,0.024,0.119,0.073
6,A1_3,0.079,0.574,0.821,1.0,-0.581,-0.364,-0.517,0.566,0.446,0.444,-0.301,-0.42,-0.385,0.231,0.339,0.325
6,B1_1,0.184,-0.195,-0.474,-0.581,1.0,0.852,0.886,-0.241,-0.082,-0.118,0.694,0.77,0.73,0.068,-0.011,-0.018
6,B1_2,0.143,-0.002,-0.286,-0.364,0.852,1.0,0.857,-0.037,0.048,0.015,0.782,0.791,0.77,0.225,0.14,0.115
6,B1_3,0.002,-0.02,-0.335,-0.517,0.886,0.857,1.0,-0.041,0.075,0.059,0.856,0.922,0.901,0.084,0.002,-0.023
6,A2_1,-0.167,0.938,0.869,0.566,-0.241,-0.037,-0.041,1.0,0.927,0.918,0.292,0.202,0.241,-0.055,-0.012,-0.088
6,A2_2,0.022,0.931,0.78,0.446,-0.082,0.048,0.075,0.927,1.0,0.957,0.32,0.28,0.306,-0.136,-0.102,-0.184
6,A2_3,-0.023,0.921,0.783,0.444,-0.118,0.015,0.059,0.918,0.957,1.0,0.343,0.277,0.323,-0.166,-0.142,-0.203
6,B2_1,-0.19,0.251,-0.003,-0.301,0.694,0.782,0.856,0.292,0.32,0.343,1.0,0.94,0.943,0.096,0.04,0.001
6,B2_2,-0.127,0.171,-0.141,-0.42,0.77,0.791,0.922,0.202,0.28,0.277,0.94,1.0,0.968,0.021,-0.059,-0.094
6,B2_3,-0.153,0.211,-0.101,-0.385,0.73,0.77,0.901,0.241,0.306,0.323,0.943,0.968,1.0,0.059,-0.027,-0.061
6,y1,0.033,-0.107,0.024,0.231,0.068,0.225,0.084,-0.055,-0.136,-0.166,0.096,0.021,0.059,1.0,0.921,0.887
6,y2,0.01,-0.067,0.119,0.339,-0.011,0.14,0.002,-0.012,-0.102,-0.142,0.04,-0.059,-0.027,0.921,1.0,0.913
6,y3,-0.033,-0.15,0.073,0.325,-0.018,0.115,-0.023,-0.088,-0.184,-0.203,0.001,-0.094,-0.061,0.887,0.913,1.0
7,.,1.0,-0.152,-0.22,-0.235,-0.114,-0.069,-0.171,-0.31,-0.125,-0.167,-0.318,-0.229,-0.261,0.088,0.082,0.058
7,A1_1,-0.152,1.0,0.922,0.827,0.035,0.07,0.065,0.926,0.936,0.933,0.232,0.099,0.189,-0.206,-0.166,-0.239
7,A1_2,-0.22,0.922,1.0,0.888,-0.115,-0.087,-0.1,0.937,0.879,0.88,0.115,-0.039,0.036,-0.159,-0.098,-0.146
7,A1_3,-0.235,0.827,0.888,1.0,-0.175,-0.114,-0.183,0.874,0.761,0.792,0.033,-0.123,-0.053,-0.046,0.015,-0.033
7,B1_1,-0.114,0.035,-0.115,-0.175,1.0,0.926,0.944,-0.008,0.158,0.137,0.888,0.937,0.904,-0.168,-0.234,-0.256
7,B1_2,-0.069,0.07,-0.087,-0.114,0.926,1.0,0.906,0.021,0.129,0.128,0.892,0.906,0.883,-0.031,-0.088,-0.125
7,B1_3,-0.171,0.065,-0.1,-0.183,0.944,0.906,1.0,0.019,0.168,0.15,0.919,0.962,0.949,-0.158,-0.227,-0.257
7,A2_1,-0.31,0.926,0.937,0.874,-0.008,0.021,0.019,1.0,0.901,0.91,0.233,0.089,0.182,-0.144,-0.103,-0.162
7,A2_2,-0.125,0.936,0.879,0.761,0.158,0.129,0.168,0.901,1.0,0.962,0.296,0.2,0.281,-0.266,-0.238,-0.304
7,A2_3,-0.167,0.933,0.88,0.792,0.137,0.128,0.15,0.91,0.962,1.0,0.307,0.194,0.285,-0.289,-0.276,-0.317
7,B2_1,-0.318,0.232,0.115,0.033,0.888,0.892,0.919,0.233,0.296,0.307,1.0,0.946,0.95,-0.096,-0.143,-0.183
7,B2_2,-0.229,0.099,-0.039,-0.123,0.937,0.906,0.962,0.089,0.2,0.194,0.946,1.0,0.969,-0.103,-0.173,-0.2
7,B2_3,-0.261,0.189,0.036,-0.053,0.904,0.883,0.949,0.182,0.281,0.285,0.95,0.969,1.0,-0.11,-0.189,-0.216
7,y1,0.088,-0.206,-0.159,-0.046,-0.168,-0.031,-0.158,-0.144,-0.266,-0.289,-0.096,-0.103,-0.11,1.0,0.936,0.909
7,y2,0.082,-0.166,-0.098,0.015,-0.234,-0.088,-0.227,-0.103,-0.238,-0.276,-0.143,-0.173,-0.189,0.936,1.0,0.932
7,y3,0.058,-0.239,-0.146,-0.033,-0.256,-0.125,-0.257,-0.162,-0.304,-0.317,-0.183,-0.2,-0.216,0.909,0.932,1.0
8,.,1.0,-0.001,-0.077,-0.116,-0.012,-0.064,-0.077,-0.206,-0.022,-0.121,-0.139,-0.006,-0.082,-0.401,-0.415,-0.438
8,A1_1,-0.001,1.0,0.897,0.849,-0.262,-0.218,-0.226,0.885,0.947,0.923,-0.089,-0.272,-0.119,-0.21,-0.186,-0.215
8,A1_2,-0.077,0.897,1.0,0.952,-0.519,-0.457,-0.479,0.95,0.895,0.936,-0.329,-0.517,-0.378,-0.081,-0.045,-0.043
8,A1_3,-0.116,0.849,0.952,1.0,-0.581,-0.505,-0.546,0.926,0.829,0.909,-0.406,-0.583,-0.458,-0.013,0.014,0.022
8,B1_1,-0.012,-0.262,-0.519,-0.581,1.0,0.933,0.95,-0.459,-0.258,-0.41,0.919,0.962,0.931,-0.113,-0.144,-0.177
8,B1_2,-0.064,-0.218,-0.457,-0.505,0.933,1.0,0.934,-0.388,-0.248,-0.364,0.92,0.923,0.913,0.062,0.017,-0.028
8,B1_3,-0.077,-0.226,-0.479,-0.546,0.95,0.934,1.0,-0.407,-0.233,-0.373,0.945,0.96,0.958,-0.052,-0.086,-0.128
8,A2_1,-0.206,0.885,0.95,0.926,-0.459,-0.388,-0.407,1.0,0.88,0.926,-0.247,-0.449,-0.279,0.008,0.041,0.032
8,A2_2,-0.022,0.947,0.895,0.829,-0.258,-0.248,-0.233,0.88,1.0,0.94,-0.098,-0.261,-0.114,-0.186,-0.155,-0.175
8,A2_3,-0.121,0.923,0.936,0.909,-0.41,-0.364,-0.373,0.926,0.94,1.0,-0.211,-0.396,-0.241,-0.108,-0.082,-0.076
8,B2_1,-0.139,-0.089,-0.329,-0.406,0.919,0.92,0.945,-0.247,-0.098,-0.211,1.0,0.924,0.955,-0.044,-0.076,-0.119
8,B2_2,-0.006,-0.272,-0.517,-0.583,0.962,0.923,0.96,-0.449,-0.261,-0.396,0.924,1.0,0.949,-0.068,-0.099,-0.134
8,B2_3,-0.082,-0.119,-0.378,-0.458,0.931,0.913,0.958,-0.279,-0.114,-0.241,0.955,0.949,1.0,-0.063,-0.109,-0.138
8,y1,-0.401,-0.21,-0.081,-0.013,-0.113,0.062,-0.052,0.008,-0.186,-0.108,-0.044,-0.068,-0.063,1.0,0.945,0.928
8,y2,-0.415,-0.186,-0.045,0.014,-0.144,0.017,-0.086,0.041,-0.155,-0.082,-0.076,-0.099,-0.109,0.945,1.0,0.952
8,y3,-0.438,-0.215,-0.043,0.022,-0.177,-0.028,-0.128,0.032,-0.175,-0.076,-0.119,-0.134,-0.138,0.928,0.952,1.0
9,.,1.0,-0.017,-0.094,-0.148,-0.005,-0.076,-0.076,-0.229,-0.076,-0.15,-0.141,-0.026,-0.081,-0.396,-0.405,-0.419
9,A1_1,-0.017,1.0,0.899,0.861,-0.266,-0.19,-0.227,0.901,0.943,0.928,-0.07,-0.227,-0.113,-0.237,-0.221,-0.242
9,A1_2,-0.094,0.899,1.0,0.96,-0.523,-0.433,-0.481,0.95,0.906,0.936,-0.311,-0.478,-0.372,-0.102,-0.073,-0.068
9,A1_3,-0.148,0.861,0.96,1.0,-0.57,-0.473,-0.527,0.93,0.85,0.907,-0.37,-0.532,-0.435,-0.036,-0.015,-0.007
9,B1_1,-0.005,-0.266,-0.523,-0.57,1.0,0.937,0.951,-0.427,-0.276,-0.382,0.914,0.959,0.93,-0.142,-0.172,-0.203
9,B1_2,-0.076,-0.19,-0.433,-0.473,0.937,1.0,0.943,-0.331,-0.229,-0.307,0.923,0.933,0.925,0.013,-0.03,-0.074
9,B1_3,-0.076,-0.227,-0.481,-0.527,0.951,0.943,1.0,-0.371,-0.241,-0.336,0.942,0.969,0.958,-0.083,-0.116,-0.153
9,A2_1,-0.229,0.901,0.95,0.93,-0.427,-0.331,-0.371,1.0,0.913,0.941,-0.194,-0.367,-0.235,-0.037,-0.012,-0.019
9,A2_2,-0.076,0.943,0.906,0.85,-0.276,-0.229,-0.241,0.913,1.0,0.953,-0.089,-0.227,-0.12,-0.2,-0.172,-0.188
9,A2_3,-0.15,0.928,0.936,0.907,-0.382,-0.307,-0.336,0.941,0.953,1.0,-0.169,-0.321,-0.206,-0.145,-0.123,-0.115
9,B2_1,-0.141,-0.07,-0.311,-0.37,0.914,0.923,0.942,-0.194,-0.089,-0.169,1.0,0.934,0.957,-0.093,-0.131,-0.168
9,B2_2,-0.026,-0.227,-0.478,-0.532,0.959,0.933,0.969,-0.367,-0.227,-0.321,0.934,1.0,0.959,-0.102,-0.135,-0.17
9,B2_3,-0.081,-0.113,-0.372,-0.435,0.93,0.925,0.958,-0.235,-0.12,-0.206,0.957,0.959,1.0,-0.1,-0.144,-0.169
9,y1,-0.396,-0.237,-0.102,-0.036,-0.142,0.013,-0.083,-0.037,-0.2,-0.145,-0.093,-0.102,-0.1,1.0,0.95,0.932
9,y2,-0.405,-0.221,-0.073,-0.015,-0.172,-0.03,-0.116,-0.012,-0.172,-0.123,-0.131,-0.135,-0.144,0.95,1.0,0.959
9,y3,-0.419,-0.242,-0.068,-0.007,-0.203,-0.074,-0.153,-0.019,-0.188,-0.115,-0.168,-0.17,-0.169,0.932,0.959,1.0
10,.,1.0,-0.028,-0.097,-0.168,-0.008,-0.094,-0.083,-0.236,-0.102,-0.16,-0.143,-0.045,-0.084,-0.391,-0.401,-0.413
10,A1_1,-0.028,1.0,0.903,0.874,-0.282,-0.169,-0.238,0.912,0.944,0.934,-0.083,-0.228,-0.146,-0.249,-0.233,-0.247
10,A1_2,-0.097,0.903,1.0,0.964,-0.526,-0.404,-0.479,0.947,0.921,0.945,-0.308,-0.466,-0.385,-0.109,-0.083,-0.072
10,A1_3,-0.168,0.874,0.964,1.0,-0.559,-0.43,-0.508,0.934,0.875,0.919,-0.349,-0.504,-0.43,-0.045,-0.025,-0.013
10,B1_1,-0.008,-0.282,-0.526,-0.559,1.0,0.936,0.951,-0.403,-0.304,-0.389,0.914,0.959,0.935,-0.159,-0.188,-0.217
10,B1_2,-0.094,-0.169,-0.404,-0.43,0.936,1.0,0.947,-0.276,-0.214,-0.276,0.929,0.939,0.935,-0.034,-0.079,-0.121
10,B1_3,-0.083,-0.238,-0.479,-0.508,0.951,0.947,1.0,-0.345,-0.258,-0.336,0.94,0.971,0.961,-0.107,-0.139,-0.174
10,A2_1,-0.236,0.912,0.947,0.934,-0.403,-0.276,-0.345,1.0,0.936,0.957,-0.17,-0.326,-0.227,-0.066,-0.043,-0.045
10,A2_2,-0.102,0.944,0.921,0.875,-0.304,-0.214,-0.258,0.936,1.0,0.961,-0.109,-0.236,-0.159,-0.192,-0.161,-0.172
10,A2_3,-0.16,0.934,0.945,0.919,-0.389,-0.276,-0.336,0.957,0.961,1.0,-0.176,-0.313,-0.228,-0.154,-0.13,-0.119
10,B2_1,-0.143,-0.083,-0.308,-0.349,0.914,0.929,0.94,-0.17,-0.109,-0.176,1.0,0.939,0.957,-0.124,-0.164,-0.198
10,B2_2,-0.045,-0.228,-0.466,-0.504,0.959,0.939,0.971,-0.326,-0.236,-0.313,0.939,1.0,0.965,-0.121,-0.156,-0.189
10,B2_3,-0.084,-0.146,-0.385,-0.43,0.935,0.935,0.961,-0.227,-0.159,-0.228,0.957,0.965,1.0,-0.119,-0.163,-0.185
10,y1,-0.391,-0.249,-0.109,-0.045,-0.159,-0.034,-0.107,-0.066,-0.192,-0.154,-0.124,-0.121,-0.119,1.0,0.952,0.935
10,y2,-0.401,-0.233,-0.083,-0.025,-0.188,-0.079,-0.139,-0.043,-0.161,-0.13,-0.164,-0.156,-0.163,0.952,1.0,0.962
10,y3,-0.413,-0.247,-0.072,-0.013,-0.217,-0.121,-0.174,-0.045,-0.172,-0.119,-0.198,-0.189,-0.185,0.935,0.962,1.0
11,.,1.0,0.003,-0.066,-0.141,0.022,-0.069,-0.065,-0.201,-0.071,-0.128,-0.103,-0.016,-0.049,-0.458,-0.462,-0.482
11,A1_1,0.003,1.0,0.904,0.862,-0.321,-0.197,-0.275,0.911,0.946,0.929,-0.129,-0.28,-0.202,-0.238,-0.221,-0.232
11,A1_2,-0.066,0.904,1.0,0.963,-0.572,-0.44,-0.524,0.951,0.922,0.95,-0.365,-0.525,-0.451,-0.098,-0.068,-0.054
11,A1_3,-0.141,0.862,0.963,1.0,-0.611,-0.469,-0.555,0.938,0.87,0.923,-0.417,-0.566,-0.502,-0.019,0.005,0.02
11,B1_1,0.022,-0.321,-0.572,-0.611,1.0,0.937,0.949,-0.475,-0.362,-0.462,0.918,0.96,0.938,-0.141,-0.175,-0.202
11,B1_2,-0.069,-0.197,-0.44,-0.469,0.937,1.0,0.947,-0.336,-0.261,-0.339,0.934,0.935,0.935,-0.022,-0.071,-0.107
11,B1_3,-0.065,-0.275,-0.524,-0.555,0.949,0.947,1.0,-0.415,-0.313,-0.407,0.942,0.968,0.96,-0.081,-0.119,-0.151
11,A2_1,-0.201,0.911,0.951,0.938,-0.475,-0.336,-0.415,1.0,0.936,0.959,-0.252,-0.41,-0.319,-0.042,-0.016,-0.014
11,A2_2,-0.071,0.946,0.922,0.87,-0.362,-0.261,-0.313,0.936,1.0,0.96,-0.171,-0.304,-0.231,-0.174,-0.143,-0.148
11,A2_3,-0.128,0.929,0.95,0.923,-0.462,-0.339,-0.407,0.959,0.96,1.0,-0.256,-0.398,-0.319,-0.13,-0.103,-0.088
11,B2_1,-0.103,-0.129,-0.365,-0.417,0.918,0.934,0.942,-0.252,-0.171,-0.256,1.0,0.941,0.957,-0.111,-0.154,-0.181
11,B2_2,-0.016,-0.28,-0.525,-0.566,0.96,0.935,0.968,-0.41,-0.304,-0.398,0.941,1.0,0.964,-0.102,-0.143,-0.172
11,B2_3,-0.049,-0.202,-0.451,-0.502,0.938,0.935,0.96,-0.319,-0.231,-0.319,0.957,0.964,1.0,-0.099,-0.146,-0.164
11,y1,-0.458,-0.238,-0.098,-0.019,-0.141,-0.022,-0.081,-0.042,-0.174,-0.13,-0.111,-0.102,-0.099,1.0,0.954,0.94
11,y2,-0.462,-0.221,-0.068,0.005,-0.175,-0.071,-0.119,-0.016,-0.143,-0.103,-0.154,-0.143,-0.146,0.954,1.0,0.962
11,y3,-0.482,-0.232,-0.054,0.02,-0.202,-0.107,-0.151,-0.014,-0.148,-0.088,-0.181,-0.172,-0.164,0.94,0.962,1.0
12,.,1.0,-0.009,-0.063,-0.115,-0.003,-0.091,-0.082,-0.186,-0.087,-0.127,-0.098,-0.04,-0.055,-0.508,-0.513,-0.522
12,A1_1,-0.009,1.0,0.91,0.877,-0.359,-0.241,-0.303,0.923,0.941,0.931,-0.184,-0.31,-0.249,-0.225,-0.208,-0.218
12,A1_2,-0.063,0.91,1.0,0.968,-0.591,-0.469,-0.536,0.956,0.937,0.958,-0.408,-0.536,-0.48,-0.099,-0.068,-0.057
12,A1_3,-0.115,0.877,0.968,1.0,-0.63,-0.5,-0.57,0.942,0.895,0.932,-0.461,-0.578,-0.531,-0.026,-0.003,0.01
12,B1_1,-0.003,-0.359,-0.591,-0.63,1.0,0.941,0.953,-0.493,-0.412,-0.489,0.93,0.964,0.947,-0.133,-0.165,-0.189
12,B1_2,-0.091,-0.241,-0.469,-0.5,0.941,1.0,0.953,-0.365,-0.315,-0.374,0.937,0.942,0.939,-0.022,-0.07,-0.104
12,B1_3,-0.082,-0.303,-0.536,-0.57,0.953,0.953,1.0,-0.43,-0.355,-0.426,0.951,0.973,0.964,-0.096,-0.133,-0.16
12,A2_1,-0.186,0.923,0.956,0.942,-0.493,-0.365,-0.43,1.0,0.952,0.967,-0.297,-0.425,-0.356,-0.049,-0.021,-0.021
12,A2_2,-0.087,0.941,0.937,0.895,-0.412,-0.315,-0.355,0.952,1.0,0.964,-0.238,-0.348,-0.292,-0.145,-0.112,-0.116
12,A2_3,-0.127,0.931,0.958,0.932,-0.489,-0.374,-0.426,0.967,0.964,1.0,-0.305,-0.421,-0.358,-0.113,-0.087,-0.073
12,B2_1,-0.098,-0.184,-0.408,-0.461,0.93,0.937,0.951,-0.297,-0.238,-0.305,1.0,0.954,0.963,-0.122,-0.161,-0.185
12,B2_2,-0.04,-0.31,-0.536,-0.578,0.964,0.942,0.973,-0.425,-0.348,-0.421,0.954,1.0,0.97,-0.103,-0.14,-0.165
12,B2_3,-0.055,-0.249,-0.48,-0.531,0.947,0.939,0.964,-0.356,-0.292,-0.358,0.963,0.97,1.0,-0.107,-0.149,-0.164
12,y1,-0.508,-0.225,-0.099,-0.026,-0.133,-0.022,-0.096,-0.049,-0.145,-0.113,-0.122,-0.103,-0.107,1.0,0.957,0.945
12,y2,-0.513,-0.208,-0.068,-0.003,-0.165,-0.07,-0.133,-0.021,-0.112,-0.087,-0.161,-0.14,-0.149,0.957,1.0,0.964
12,y3,-0.522,-0.218,-0.057,0.01,-0.189,-0.104,-0.16,-0.021,-0.116,-0.073,-0.185,-0.165,-0.164,0.945,0.964,1.0
13,.,1.0,-0.043,-0.089,-0.144,-0.026,-0.1,-0.103,-0.217,-0.111,-0.151,-0.121,-0.055,-0.084,-0.463,-0.464,-0.469
13,A1_1,-0.043,1.0,0.918,0.881,-0.302,-0.194,-0.246,0.926,0.949,0.932,-0.132,-0.269,-0.193,-0.24,-0.221,-0.235
13,A1_2,-0.089,0.918,1.0,0.965,-0.522,-0.409,-0.467,0.957,0.939,0.961,-0.341,-0.482,-0.409,-0.126,-0.093,-0.088
13,A1_3,-0.144,0.881,0.965,1.0,-0.567,-0.447,-0.508,0.945,0.894,0.937,-0.398,-0.53,-0.465,-0.041,-0.016,-0.009
13,B1_1,-0.026,-0.302,-0.522,-0.567,1.0,0.944,0.954,-0.438,-0.345,-0.439,0.933,0.965,0.946,-0.155,-0.195,-0.213
13,B1_2,-0.1,-0.194,-0.409,-0.447,0.944,1.0,0.952,-0.318,-0.258,-0.332,0.94,0.942,0.941,-0.049,-0.104,-0.133
13,B1_3,-0.103,-0.246,-0.467,-0.508,0.954,0.952,1.0,-0.374,-0.29,-0.379,0.954,0.97,0.965,-0.128,-0.173,-0.196
13,A2_1,-0.217,0.926,0.957,0.945,-0.438,-0.318,-0.374,1.0,0.949,0.967,-0.244,-0.387,-0.299,-0.069,-0.042,-0.046
13,A2_2,-0.111,0.949,0.939,0.894,-0.345,-0.258,-0.29,0.949,1.0,0.962,-0.177,-0.298,-0.226,-0.173,-0.141,-0.149
13,A2_3,-0.151,0.932,0.961,0.937,-0.439,-0.332,-0.379,0.967,0.962,1.0,-0.259,-0.387,-0.308,-0.129,-0.104,-0.093
13,B2_1,-0.121,-0.132,-0.341,-0.398,0.933,0.94,0.954,-0.244,-0.177,-0.259,1.0,0.951,0.964,-0.145,-0.193,-0.215
13,B2_2,-0.055,-0.269,-0.482,-0.53,0.965,0.942,0.97,-0.387,-0.298,-0.387,0.951,1.0,0.968,-0.126,-0.172,-0.191
13,B2_3,-0.084,-0.193,-0.409,-0.465,0.946,0.941,0.965,-0.299,-0.226,-0.308,0.964,0.968,1.0,-0.132,-0.184,-0.194
13,y1,-0.463,-0.24,-0.126,-0.041,-0.155,-0.049,-0.128,-0.069,-0.173,-0.129,-0.145,-0.126,-0.132,1.0,0.956,0.944
13,y2,-0.464,-0.221,-0.093,-0.016,-0.195,-0.104,-0.173,-0.042,-0.141,-0.104,-0.193,-0.172,-0.184,0.956,1.0,0.964
13,y3,-0.469,-0.235,-0.088,-0.009,-0.213,-0.133,-0.196,-0.046,-0.149,-0.093,-0.215,-0.191,-0.194,0.944,0.964,1.0
14,.,1.0,-0.068,-0.116,-0.183,-0.025,-0.098,-0.105,-0.244,-0.126,-0.171,-0.137,-0.053,-0.098,-0.437,-0.432,-0.439
14,A1_1,-0.068,1.0,0.924,0.888,-0.281,-0.163,-0.232,0.928,0.951,0.937,-0.111,-0.257,-0.174,-0.257,-0.239,-0.25
14,A1_2,-0.116,0.924,1.0,0.963,-0.486,-0.364,-0.436,0.959,0.938,0.965,-0.301,-0.454,-0.371,-0.142,-0.111,-0.106
14,A1_3,-0.183,0.888,0.963,1.0,-0.529,-0.399,-0.471,0.946,0.891,0.939,-0.352,-0.499,-0.422,-0.051,-0.027,-0.021
14,B1_1,-0.025,-0.281,-0.486,-0.529,1.0,0.944,0.954,-0.409,-0.308,-0.406,0.931,0.965,0.945,-0.176,-0.217,-0.231
14,B1_2,-0.098,-0.163,-0.364,-0.399,0.944,1.0,0.951,-0.282,-0.213,-0.291,0.942,0.941,0.942,-0.08,-0.14,-0.163
14,B1_3,-0.105,-0.232,-0.436,-0.471,0.954,0.951,1.0,-0.35,-0.258,-0.352,0.952,0.969,0.965,-0.146,-0.195,-0.212
14,A2_1,-0.244,0.928,0.959,0.946,-0.409,-0.282,-0.35,1.0,0.947,0.969,-0.213,-0.365,-0.266,-0.084,-0.059,-0.062
14,A2_2,-0.126,0.951,0.938,0.891,-0.308,-0.213,-0.258,0.947,1.0,0.963,-0.14,-0.268,-0.188,-0.202,-0.17,-0.179
14,A2_3,-0.171,0.937,0.965,0.939,-0.406,-0.291,-0.352,0.969,0.963,1.0,-0.227,-0.364,-0.274,-0.15,-0.125,-0.115
14,B2_1,-0.137,-0.111,-0.301,-0.352,0.931,0.942,0.952,-0.213,-0.14,-0.227,1.0,0.947,0.963,-0.158,-0.21,-0.227
14,B2_2,-0.053,-0.257,-0.454,-0.499,0.965,0.941,0.969,-0.365,-0.268,-0.364,0.947,1.0,0.966,-0.144,-0.191,-0.207
14,B2_3,-0.098,-0.174,-0.371,-0.422,0.945,0.942,0.965,-0.266,-0.188,-0.274,0.963,0.966,1.0,-0.146,-0.2,-0.204
14,y1,-0.437,-0.257,-0.142,-0.051,-0.176,-0.08,-0.146,-0.084,-0.202,-0.15,-0.158,-0.144,-0.146,1.0,0.955,0.942
14,y2,-0.432,-0.239,-0.111,-0.027,-0.217,-0.14,-0.195,-0.059,-0.17,-0.125,-0.21,-0.191,-0.2,0.955,1.0,0.964
14,y3,-0.439,-0.25,-0.106,-0.021,-0.231,-0.163,-0.212,-0.062,-0.179,-0.115,-0.227,-0.207,-0.204,0.942,0.964,1.0
15,.,1.0,-0.094,-0.136,-0.233,-0.029,-0.107,-0.112,-0.273,-0.149,-0.19,-0.149,-0.085,-0.115,-0.414,-0.405,-0.408
15,A1_1,-0.094,1.0,0.926,0.888,-0.27,-0.11,-0.227,0.936,0.95,0.937,-0.096,-0.218,-0.159,-0.279,-0.261,-0.272
15,A1_2,-0.136,0.926,1.0,0.96,-0.475,-0.314,-0.429,0.951,0.939,0.964,-0.288,-0.415,-0.355,-0.159,-0.128,-0.123
15,A1_3,-0.233,0.888,0.96,1.0,-0.501,-0.335,-0.44,0.934,0.891,0.937,-0.32,-0.44,-0.384,-0.052,-0.031,-0.025
15,B1_1,-0.029,-0.27,-0.475,-0.501,1.0,0.937,0.954,-0.354,-0.301,-0.39,0.929,0.958,0.941,-0.198,-0.243,-0.254
15,B1_2,-0.107,-0.11,-0.314,-0.335,0.937,1.0,0.945,-0.194,-0.165,-0.237,0.945,0.94,0.94,-0.137,-0.203,-0.225
15,B1_3,-0.112,-0.227,-0.429,-0.44,0.954,0.945,1.0,-0.3,-0.255,-0.34,0.95,0.971,0.964,-0.165,-0.216,-0.228
15,A2_1,-0.273,0.936,0.951,0.934,-0.354,-0.194,-0.3,1.0,0.956,0.97,-0.157,-0.277,-0.204,-0.135,-0.11,-0.116
15,A2_2,-0.149,0.95,0.939,0.891,-0.301,-0.165,-0.255,0.956,1.0,0.963,-0.13,-0.233,-0.176,-0.229,-0.195,-0.206
15,A2_3,-0.19,0.937,0.964,0.937,-0.39,-0.237,-0.34,0.97,0.963,1.0,-0.21,-0.319,-0.254,-0.172,-0.146,-0.137
15,B2_1,-0.149,-0.096,-0.288,-0.32,0.929,0.945,0.95,-0.157,-0.13,-0.21,1.0,0.957,0.966,-0.179,-0.233,-0.249
15,B2_2,-0.085,-0.218,-0.415,-0.44,0.958,0.94,0.971,-0.277,-0.233,-0.319,0.957,1.0,0.969,-0.166,-0.218,-0.233
15,B2_3,-0.115,-0.159,-0.355,-0.384,0.941,0.94,0.964,-0.204,-0.176,-0.254,0.966,0.969,1.0,-0.165,-0.22,-0.222
15,y1,-0.414,-0.279,-0.159,-0.052,-0.198,-0.137,-0.165,-0.135,-0.229,-0.172,-0.179,-0.166,-0.165,1.0,0.956,0.943
15,y2,-0.405,-0.261,-0.128,-0.031,-0.243,-0.203,-0.216,-0.11,-0.195,-0.146,-0.233,-0.218,-0.22,0.956,1.0,0.965
15,y3,-0.408,-0.272,-0.123,-0.025,-0.254,-0.225,-0.228,-0.116,-0.206,-0.137,-0.249,-0.233,-0.222,0.943,0.965,1.0
16,.,1.0,-0.088,-0.13,-0.209,-0.024,-0.107,-0.105,-0.258,-0.145,-0.183,-0.131,-0.069,-0.096,-0.442,-0.438,-0.443
16,A1_1,-0.088,1.0,0.931,0.899,-0.3,-0.161,-0.252,0.939,0.952,0.941,-0.122,-0.252,-0.187,-0.255,-0.237,-0.247
16,A1_2,-0.13,0.931,1.0,0.966,-0.492,-0.35,-0.441,0.955,0.943,0.965,-0.301,-0.437,-0.369,-0.141,-0.108,-0.105
16,A1_3,-0.209,0.899,0.966,1.0,-0.52,-0.374,-0.458,0.942,0.902,0.943,-0.338,-0.466,-0.405,-0.048,-0.023,-0.019
16,B1_1,-0.024,-0.3,-0.492,-0.52,1.0,0.942,0.955,-0.384,-0.328,-0.415,0.928,0.959,0.944,-0.198,-0.241,-0.251
16,B1_2,-0.107,-0.161,-0.35,-0.374,0.942,1.0,0.952,-0.24,-0.209,-0.279,0.946,0.943,0.944,-0.119,-0.183,-0.203
16,B1_3,-0.105,-0.252,-0.441,-0.458,0.955,0.952,1.0,-0.326,-0.277,-0.359,0.949,0.97,0.964,-0.17,-0.219,-0.231
16,A2_1,-0.258,0.939,0.955,0.942,-0.384,-0.24,-0.326,1.0,0.958,0.971,-0.184,-0.313,-0.235,-0.105,-0.079,-0.085
16,A2_2,-0.145,0.952,0.943,0.902,-0.328,-0.209,-0.277,0.958,1.0,0.965,-0.152,-0.264,-0.202,-0.198,-0.164,-0.174
16,A2_3,-0.183,0.941,0.965,0.943,-0.415,-0.279,-0.359,0.971,0.965,1.0,-0.229,-0.347,-0.277,-0.145,-0.119,-0.11
16,B2_1,-0.131,-0.122,-0.301,-0.338,0.928,0.946,0.949,-0.184,-0.152,-0.229,1.0,0.954,0.964,-0.184,-0.236,-0.25
16,B2_2,-0.069,-0.252,-0.437,-0.466,0.959,0.943,0.97,-0.313,-0.264,-0.347,0.954,1.0,0.968,-0.166,-0.216,-0.229
16,B2_3,-0.096,-0.187,-0.369,-0.405,0.944,0.944,0.964,-0.235,-0.202,-0.277,0.964,0.968,1.0,-0.173,-0.228,-0.227
16,y1,-0.442,-0.255,-0.141,-0.048,-0.198,-0.119,-0.17,-0.105,-0.198,-0.145,-0.184,-0.166,-0.173,1.0,0.956,0.942
16,y2,-0.438,-0.237,-0.108,-0.023,-0.241,-0.183,-0.219,-0.079,-0.164,-0.119,-0.236,-0.216,-0.228,0.956,1.0,0.965
16,y3,-0.443,-0.247,-0.105,-0.019,-0.251,-0.203,-0.231,-0.085,-0.174,-0.11,-0.25,-0.229,-0.227,0.942,0.965,1.0
17,.,1.0,-0.117,-0.156,-0.233,-0.041,-0.119,-0.114,-0.287,-0.182,-0.215,-0.136,-0.069,-0.103,-0.391,-0.386,-0.393
17,A1_1,-0.117,1.0,0.936,0.91,-0.234,-0.116,-0.205,0.939,0.952,0.938,-0.079,-0.199,-0.126,-0.269,-0.252,-0.263
17,A1_2,-0.156,0.936,1.0,0.967,-0.411,-0.289,-0.381,0.953,0.944,0.963,-0.245,-0.371,-0.296,-0.163,-0.131,-0.13
17,A1_3,-0.233,0.91,0.967,1.0,-0.441,-0.315,-0.403,0.945,0.909,0.947,-0.281,-0.405,-0.335,-0.085,-0.062,-0.06
17,B1_1,-0.041,-0.234,-0.411,-0.441,1.0,0.946,0.955,-0.305,-0.252,-0.352,0.938,0.96,0.942,-0.229,-0.271,-0.281
17,B1_2,-0.119,-0.116,-0.289,-0.315,0.946,1.0,0.95,-0.181,-0.154,-0.232,0.943,0.942,0.94,-0.135,-0.197,-0.218
17,B1_3,-0.114,-0.205,-0.381,-0.403,0.955,0.95,1.0,-0.266,-0.222,-0.315,0.95,0.965,0.96,-0.188,-0.237,-0.249
17,A2_1,-0.287,0.939,0.953,0.945,-0.305,-0.181,-0.266,1.0,0.958,0.969,-0.129,-0.249,-0.161,-0.125,-0.099,-0.106
17,A2_2,-0.182,0.952,0.944,0.909,-0.252,-0.154,-0.222,0.958,1.0,0.963,-0.102,-0.203,-0.133,-0.213,-0.179,-0.189
17,A2_3,-0.215,0.938,0.963,0.947,-0.352,-0.232,-0.315,0.969,0.963,1.0,-0.188,-0.297,-0.218,-0.155,-0.129,-0.121
17,B2_1,-0.136,-0.079,-0.245,-0.281,0.938,0.943,0.95,-0.129,-0.102,-0.188,1.0,0.954,0.965,-0.209,-0.257,-0.273
17,B2_2,-0.069,-0.199,-0.371,-0.405,0.96,0.942,0.965,-0.249,-0.203,-0.297,0.954,1.0,0.967,-0.194,-0.243,-0.256
17,B2_3,-0.103,-0.126,-0.296,-0.335,0.942,0.94,0.96,-0.161,-0.133,-0.218,0.965,0.967,1.0,-0.201,-0.254,-0.255
17,y1,-0.391,-0.269,-0.163,-0.085,-0.229,-0.135,-0.188,-0.125,-0.213,-0.155,-0.209,-0.194,-0.201,1.0,0.956,0.939
17,y2,-0.386,-0.252,-0.131,-0.062,-0.271,-0.197,-0.237,-0.099,-0.179,-0.129,-0.257,-0.243,-0.254,0.956,1.0,0.967
17,y3,-0.393,-0.263,-0.13,-0.06,-0.281,-0.218,-0.249,-0.106,-0.189,-0.121,-0.273,-0.256,-0.255,0.939,0.967,1.0
18,.,1.0,-0.131,-0.17,-0.259,-0.066,-0.148,-0.138,-0.3,-0.193,-0.224,-0.167,-0.121,-0.148,-0.336,-0.325,-0.327
18,A1_1,-0.131,1.0,0.937,0.906,-0.19,-0.057,-0.157,0.943,0.953,0.935,-0.04,-0.144,-0.075,-0.283,-0.267,-0.282
18,A1_2,-0.17,0.937,1.0,0.963,-0.358,-0.223,-0.326,0.947,0.943,0.96,-0.199,-0.306,-0.237,-0.176,-0.144,-0.147
18,A1_3,-0.259,0.906,0.963,1.0,-0.375,-0.24,-0.334,0.936,0.91,0.945,-0.22,-0.324,-0.26,-0.092,-0.071,-0.071
18,B1_1,-0.066,-0.19,-0.358,-0.375,1.0,0.945,0.956,-0.22,-0.192,-0.296,0.941,0.958,0.941,-0.235,-0.282,-0.294
18,B1_2,-0.148,-0.057,-0.223,-0.24,0.945,1.0,0.952,-0.087,-0.085,-0.169,0.951,0.945,0.946,-0.157,-0.222,-0.248
18,B1_3,-0.138,-0.157,-0.326,-0.334,0.956,0.952,1.0,-0.181,-0.163,-0.26,0.954,0.968,0.962,-0.2,-0.253,-0.269
18,A2_1,-0.3,0.943,0.947,0.936,-0.22,-0.087,-0.181,1.0,0.96,0.961,-0.05,-0.15,-0.07,-0.165,-0.145,-0.156
18,A2_2,-0.193,0.953,0.943,0.91,-0.192,-0.085,-0.163,0.96,1.0,0.959,-0.049,-0.134,-0.067,-0.229,-0.2,-0.211
18,A2_3,-0.224,0.935,0.96,0.945,-0.296,-0.169,-0.26,0.961,0.959,1.0,-0.139,-0.231,-0.156,-0.171,-0.149,-0.139
18,B2_1,-0.167,-0.04,-0.199,-0.22,0.941,0.951,0.954,-0.05,-0.049,-0.139,1.0,0.963,0.968,-0.214,-0.266,-0.289
18,B2_2,-0.121,-0.144,-0.306,-0.324,0.958,0.945,0.968,-0.15,-0.134,-0.231,0.963,1.0,0.971,-0.194,-0.248,-0.266
18,B2_3,-0.148,-0.075,-0.237,-0.26,0.941,0.946,0.962,-0.07,-0.067,-0.156,0.968,0.971,1.0,-0.201,-0.26,-0.267
18,y1,-0.336,-0.283,-0.176,-0.092,-0.235,-0.157,-0.2,-0.165,-0.229,-0.171,-0.214,-0.194,-0.201,1.0,0.956,0.938
18,y2,-0.325,-0.267,-0.144,-0.071,-0.282,-0.222,-0.253,-0.145,-0.2,-0.149,-0.266,-0.248,-0.26,0.956,1.0,0.964
18,y3,-0.327,-0.282,-0.147,-0.071,-0.294,-0.248,-0.269,-0.156,-0.211,-0.139,-0.289,-0.266,-0.267,0.938,0.964,1.0
19,.,1.0,-0.055,-0.099,-0.193,0.002,-0.101,-0.09,-0.244,-0.134,-0.164,-0.103,-0.056,-0.067,-0.453,-0.448,-0.459
19,A1_1,-0.055,1.0,0.925,0.882,-0.292,-0.129,-0.247,0.932,0.95,0.925,-0.127,-0.265,-0.185,-0.261,-0.244,-0.256
19,A1_2,-0.099,0.925,1.0,0.961,-0.506,-0.337,-0.455,0.947,0.939,0.959,-0.33,-0.468,-0.391,-0.133,-0.096,-0.094
19,A1_3,-0.193,0.882,0.961,1.0,-0.521,-0.348,-0.452,0.936,0.902,0.939,-0.351,-0.48,-0.413,-0.032,-0.006,-0.001
19,B1_1,0.002,-0.292,-0.506,-0.521,1.0,0.934,0.949,-0.392,-0.338,-0.436,0.928,0.955,0.941,-0.185,-0.233,-0.248
19,B1_2,-0.101,-0.129,-0.337,-0.348,0.934,1.0,0.947,-0.219,-0.194,-0.275,0.946,0.933,0.939,-0.107,-0.171,-0.197
19,B1_3,-0.09,-0.247,-0.455,-0.452,0.949,0.947,1.0,-0.333,-0.288,-0.381,0.946,0.964,0.959,-0.145,-0.197,-0.212
19,A2_1,-0.244,0.932,0.947,0.936,-0.392,-0.219,-0.333,1.0,0.957,0.963,-0.203,-0.336,-0.248,-0.092,-0.066,-0.07
19,A2_2,-0.134,0.95,0.939,0.902,-0.338,-0.194,-0.288,0.957,1.0,0.961,-0.175,-0.291,-0.215,-0.178,-0.144,-0.15
19,A2_3,-0.164,0.925,0.959,0.939,-0.436,-0.275,-0.381,0.963,0.961,1.0,-0.262,-0.382,-0.303,-0.125,-0.097,-0.084
19,B2_1,-0.103,-0.127,-0.33,-0.351,0.928,0.946,0.946,-0.203,-0.175,-0.262,1.0,0.953,0.963,-0.174,-0.225,-0.246
19,B2_2,-0.056,-0.265,-0.468,-0.48,0.955,0.933,0.964,-0.336,-0.291,-0.382,0.953,1.0,0.966,-0.145,-0.196,-0.213
19,B2_3,-0.067,-0.185,-0.391,-0.413,0.941,0.939,0.959,-0.248,-0.215,-0.303,0.963,0.966,1.0,-0.17,-0.226,-0.23
19,y1,-0.453,-0.261,-0.133,-0.032,-0.185,-0.107,-0.145,-0.092,-0.178,-0.125,-0.174,-0.145,-0.17,1.0,0.956,0.942
19,y2,-0.448,-0.244,-0.096,-0.006,-0.233,-0.171,-0.197,-0.066,-0.144,-0.097,-0.225,-0.196,-0.226,0.956,1.0,0.963
19,y3,-0.459,-0.256,-0.094,-0.001,-0.248,-0.197,-0.212,-0.07,-0.15,-0.084,-0.246,-0.213,-0.23,0.942,0.963,1.0
20,.,1.0,-0.107,-0.149,-0.243,-0.028,-0.119,-0.114,-0.282,-0.188,-0.208,-0.13,-0.107,-0.105,-0.379,-0.378,-0.383
20,A1_1,-0.107,1.0,0.936,0.9,-0.261,-0.082,-0.211,0.945,0.952,0.934,-0.093,-0.182,-0.14,-0.283,-0.264,-0.282
20,A1_2,-0.149,0.936,1.0,0.965,-0.451,-0.271,-0.398,0.947,0.942,0.963,-0.275,-0.365,-0.322,-0.173,-0.138,-0.141
20,A1_3,-0.243,0.9,0.965,1.0,-0.458,-0.278,-0.388,0.933,0.908,0.942,-0.288,-0.37,-0.334,-0.08,-0.056,-0.057
20,B1_1,-0.028,-0.261,-0.451,-0.458,1.0,0.936,0.952,-0.305,-0.282,-0.374,0.933,0.951,0.938,-0.211,-0.261,-0.273
20,B1_2,-0.119,-0.082,-0.271,-0.278,0.936,1.0,0.947,-0.126,-0.125,-0.204,0.949,0.943,0.942,-0.166,-0.23,-0.258
20,B1_3,-0.114,-0.211,-0.398,-0.388,0.952,0.947,1.0,-0.246,-0.226,-0.316,0.952,0.971,0.963,-0.189,-0.242,-0.258
20,A2_1,-0.282,0.945,0.947,0.933,-0.305,-0.126,-0.246,1.0,0.965,0.963,-0.117,-0.202,-0.152,-0.175,-0.151,-0.162
20,A2_2,-0.188,0.952,0.942,0.908,-0.282,-0.125,-0.226,0.965,1.0,0.964,-0.116,-0.187,-0.146,-0.221,-0.187,-0.201
20,A2_3,-0.208,0.934,0.963,0.942,-0.374,-0.204,-0.316,0.963,0.964,1.0,-0.201,-0.277,-0.23,-0.173,-0.148,-0.141
20,B2_1,-0.13,-0.093,-0.275,-0.288,0.933,0.949,0.952,-0.117,-0.116,-0.201,1.0,0.967,0.967,-0.215,-0.267,-0.289
20,B2_2,-0.107,-0.182,-0.365,-0.37,0.951,0.943,0.971,-0.202,-0.187,-0.277,0.967,1.0,0.973,-0.194,-0.249,-0.268
20,B2_3,-0.105,-0.14,-0.322,-0.334,0.938,0.942,0.963,-0.152,-0.146,-0.23,0.967,0.973,1.0,-0.205,-0.263,-0.267
20,y1,-0.379,-0.283,-0.173,-0.08,-0.211,-0.166,-0.189,-0.175,-0.221,-0.173,-0.215,-0.194,-0.205,1.0,0.957,0.944
20,y2,-0.378,-0.264,-0.138,-0.056,-0.261,-0.23,-0.242,-0.151,-0.187,-0.148,-0.267,-0.249,-0.263,0.957,1.0,0.966
20,y3,-0.383,-0.282,-0.141,-0.057,-0.273,-0.258,-0.258,-0.162,-0.201,-0.141,-0.289,-0.268,-0.267,0.944,0.966,1.0
21,.,1.0,-0.08,-0.128,-0.228,-0.016,-0.112,-0.114,-0.269,-0.18,-0.198,-0.117,-0.089,-0.085,-0.403,-0.407,-0.41
21,A1_1,-0.08,1.0,0.936,0.9,-0.285,-0.106,-0.231,0.94,0.951,0.937,-0.11,-0.215,-0.162,-0.283,-0.262,-0.279
21,A1_2,-0.128,0.936,1.0,0.967,-0.474,-0.293,-0.416,0.953,0.942,0.964,-0.291,-0.395,-0.342,-0.167,-0.13,-0.133
21,A1_3,-0.228,0.9,0.967,1.0,-0.481,-0.296,-0.404,0.943,0.913,0.944,-0.303,-0.398,-0.355,-0.075,-0.046,-0.047
21,B1_1,-0.016,-0.285,-0.474,-0.481,1.0,0.937,0.951,-0.349,-0.307,-0.391,0.932,0.953,0.941,-0.205,-0.25,-0.265
21,B1_2,-0.112,-0.106,-0.293,-0.296,0.937,1.0,0.951,-0.165,-0.143,-0.218,0.951,0.942,0.945,-0.161,-0.22,-0.249
21,B1_3,-0.114,-0.231,-0.416,-0.404,0.951,0.951,1.0,-0.282,-0.241,-0.327,0.95,0.972,0.962,-0.175,-0.222,-0.241
21,A2_1,-0.269,0.94,0.953,0.943,-0.349,-0.165,-0.282,1.0,0.965,0.97,-0.155,-0.253,-0.194,-0.149,-0.12,-0.13
21,A2_2,-0.18,0.951,0.942,0.913,-0.307,-0.143,-0.241,0.965,1.0,0.966,-0.132,-0.216,-0.166,-0.204,-0.167,-0.181
21,A2_3,-0.198,0.937,0.964,0.944,-0.391,-0.218,-0.327,0.97,0.966,1.0,-0.212,-0.301,-0.245,-0.171,-0.142,-0.136
21,B2_1,-0.117,-0.11,-0.291,-0.303,0.932,0.951,0.95,-0.155,-0.132,-0.212,1.0,0.964,0.966,-0.217,-0.264,-0.289
21,B2_2,-0.089,-0.215,-0.395,-0.398,0.953,0.942,0.972,-0.253,-0.216,-0.301,0.964,1.0,0.972,-0.186,-0.237,-0.257
21,B2_3,-0.085,-0.162,-0.342,-0.355,0.941,0.945,0.962,-0.194,-0.166,-0.245,0.966,0.972,1.0,-0.203,-0.256,-0.264
21,y1,-0.403,-0.283,-0.167,-0.075,-0.205,-0.161,-0.175,-0.149,-0.204,-0.171,-0.217,-0.186,-0.203,1.0,0.959,0.946
21,y2,-0.407,-0.262,-0.13,-0.046,-0.25,-0.22,-0.222,-0.12,-0.167,-0.142,-0.264,-0.237,-0.256,0.959,1.0,0.967
21,y3,-0.41,-0.279,-0.133,-0.047,-0.265,-0.249,-0.241,-0.13,-0.181,-0.136,-0.289,-0.257,-0.264,0.946,0.967,1.0
22,.,1.0,-0.154,-0.189,-0.272,-0.088,-0.148,-0.16,-0.323,-0.244,-0.265,-0.171,-0.154,-0.142,-0.264,-0.268,-0.271
22,A1_1,-0.154,1.0,0.951,0.933,-0.156,-0.036,-0.125,0.95,0.953,0.945,-0.013,-0.089,-0.055,-0.304,-0.282,-0.305
22,A1_2,-0.189,0.951,1.0,0.971,-0.288,-0.169,-0.259,0.957,0.951,0.964,-0.139,-0.217,-0.183,-0.237,-0.202,-0.211
22,A1_3,-0.272,0.933,0.971,1.0,-0.299,-0.178,-0.261,0.951,0.93,0.949,-0.154,-0.229,-0.204,-0.171,-0.142,-0.152
22,B1_1,-0.088,-0.156,-0.288,-0.299,1.0,0.953,0.955,-0.172,-0.144,-0.213,0.947,0.955,0.944,-0.277,-0.319,-0.34
22,B1_2,-0.148,-0.036,-0.169,-0.178,0.953,1.0,0.955,-0.057,-0.043,-0.1,0.952,0.949,0.946,-0.213,-0.267,-0.302
22,B1_3,-0.16,-0.125,-0.259,-0.261,0.955,0.955,1.0,-0.136,-0.108,-0.178,0.956,0.972,0.964,-0.247,-0.292,-0.319
22,A2_1,-0.323,0.95,0.957,0.951,-0.172,-0.057,-0.136,1.0,0.968,0.971,-0.013,-0.085,-0.045,-0.225,-0.197,-0.215
22,A2_2,-0.244,0.953,0.951,0.93,-0.144,-0.043,-0.108,0.968,1.0,0.971,-0.005,-0.063,-0.03,-0.258,-0.221,-0.242
22,A2_3,-0.265,0.945,0.964,0.949,-0.213,-0.1,-0.178,0.971,0.971,1.0,-0.067,-0.13,-0.092,-0.236,-0.209,-0.208
22,B2_1,-0.171,-0.013,-0.139,-0.154,0.947,0.952,0.956,-0.013,-0.005,-0.067,1.0,0.969,0.966,-0.282,-0.325,-0.359
22,B2_2,-0.154,-0.089,-0.217,-0.229,0.955,0.949,0.972,-0.085,-0.063,-0.13,0.969,1.0,0.975,-0.257,-0.308,-0.336
22,B2_3,-0.142,-0.055,-0.183,-0.204,0.944,0.946,0.964,-0.045,-0.03,-0.092,0.966,0.975,1.0,-0.268,-0.32,-0.336
22,y1,-0.264,-0.304,-0.237,-0.171,-0.277,-0.213,-0.247,-0.225,-0.258,-0.236,-0.282,-0.257,-0.268,1.0,0.959,0.943
22,y2,-0.268,-0.282,-0.202,-0.142,-0.319,-0.267,-0.292,-0.197,-0.221,-0.209,-0.325,-0.308,-0.32,0.959,1.0,0.969
22,y3,-0.271,-0.305,-0.211,-0.152,-0.34,-0.302,-0.319,-0.215,-0.242,-0.208,-0.359,-0.336,-0.336,0.943,0.969,1.0
23,.,1.0,-0.078,-0.122,-0.23,-0.005,-0.109,-0.093,-0.263,-0.169,-0.19,-0.093,-0.078,-0.058,-0.43,-0.427,-0.437
23,A1_1,-0.078,1.0,0.938,0.911,-0.315,-0.112,-0.268,0.943,0.954,0.938,-0.153,-0.252,-0.217,-0.267,-0.242,-0.259
23,A1_2,-0.122,0.938,1.0,0.97,-0.502,-0.298,-0.448,0.948,0.949,0.964,-0.331,-0.429,-0.395,-0.154,-0.113,-0.116
