,,.,A1_1,A1_2,A1_3,B1_1,B1_2,B1_3,A2_1,A2_2,A2_3,B2_1,B2_2,B2_3,y1,y2,y3
0,.,1.0,0.492,0.06,0.166,0.512,0.491,0.409,0.368,0.355,0.309,0.381,0.234,0.007,0.004,0.187,0.109
0,A1_1,0.492,1.0,0.537,0.603,0.518,0.564,0.307,0.581,0.325,0.613,0.551,0.331,0.208,0.336,0.445,0.654
0,A1_2,0.06,0.537,1.0,0.874,0.188,0.253,0.412,0.367,0.629,0.742,-0.175,0.139,0.204,0.479,0.352,0.614
0,A1_3,0.166,0.603,0.874,1.0,0.277,0.235,0.339,0.575,0.735,0.782,-0.056,0.123,0.031,0.485,0.13,0.48
0,B1_1,0.512,0.518,0.188,0.277,1.0,0.441,-0.017,0.502,0.23,0.457,0.272,0.354,-0.112,-0.081,-0.058,0.165
0,B1_2,0.491,0.564,0.253,0.235,0.441,1.0,0.462,0.064,-0.159,0.1,0.648,0.731,0.682,0.285,0.355,0.647
0,B1_3,0.409,0.307,0.412,0.339,-0.017,0.462,1.0,0.132,0.199,0.282,0.302,0.339,0.325,0.505,0.547,0.472
0,A2_1,0.368,0.581,0.367,0.575,0.502,0.064,0.132,1.0,0.683,0.597,0.065,-0.144,-0.49,0.095,-0.192,0.153
0,A2_2,0.355,0.325,0.629,0.735,0.23,-0.159,0.199,0.683,1.0,0.758,-0.432,-0.258,-0.405,0.175,-0.119,0.018
0,A2_3,0.309,0.613,0.742,0.782,0.457,0.1,0.282,0.597,0.758,1.0,-0.158,-0.077,-0.148,0.396,0.228,0.381
0,B2_1,0.381,0.551,-0.175,-0.056,0.272,0.648,0.302,0.065,-0.432,-0.158,1.0,0.627,0.382,0.183,0.351,0.369
0,B2_2,0.234,0.331,0.139,0.123,0.354,0.731,0.339,-0.144,-0.258,-0.077,0.627,1.0,0.693,0.091,0.289,0.391
0,B2_3,0.007,0.208,0.204,0.031,-0.112,0.682,0.325,-0.49,-0.405,-0.148,0.382,0.693,1.0,0.236,0.603,0.61
0,y1,0.004,0.336,0.479,0.485,-0.081,0.285,0.505,0.095,0.175,0.396,0.183,0.091,0.236,1.0,0.456,0.545
0,y2,0.187,0.445,0.352,0.13,-0.058,0.355,0.547,-0.192,-0.119,0.228,0.351,0.289,0.603,0.456,1.0,0.605
0,y3,0.109,0.654,0.614,0.48,0.165,0.647,0.472,0.153,0.018,0.381,0.369,0.391,0.61,0.545,0.605,1.0
500,.,1.0,-0.014,-0.033,0.022,-0.143,-0.098,-0.008,-0.025,-0.052,-0.022,-0.052,-0.053,-0.133,-0.496,-0.474,-0.531
500,A1_1,-0.014,1.0,0.992,0.983,-0.053,0.085,0.081,0.993,0.99,0.989,-0.015,-0.06,0.061,-0.15,-0.18,-0.091
500,A1_2,-0.033,0.992,1.0,0.991,-0.11,0.037,0.02,0.991,0.998,0.99,-0.082,-0.12,0.003,-0.115,-0.142,-0.06
500,A1_3,0.022,0.983,0.991,1.0,-0.13,0.031,0.016,0.983,0.987,0.98,-0.075,-0.105,-0.011,-0.164,-0.21,-0.12
500,B1_1,-0.143,-0.053,-0.11,-0.13,1.0,0.935,0.9,-0.1,-0.11,-0.065,0.938,0.943,0.948,-0.191,-0.18,-0.072
500,B1_2,-0.098,0.085,0.037,0.031,0.935,1.0,0.968,0.039,0.032,0.073,0.96,0.941,0.988,-0.333,-0.348,-0.161
500,B1_3,-0.008,0.081,0.02,0.016,0.9,0.968,1.0,0.044,0.018,0.07,0.967,0.92,0.963,-0.343,-0.348,-0.2
500,A2_1,-0.025,0.993,0.991,0.983,-0.1,0.039,0.044,1.0,0.994,0.996,-0.059,-0.113,0.01,-0.111,-0.14,-0.056
500,A2_2,-0.052,0.99,0.998,0.987,-0.11,0.032,0.018,0.994,1.0,0.994,-0.088,-0.13,-0.002,-0.089,-0.119,-0.036
500,A2_3,-0.022,0.989,0.99,0.98,-0.065,0.073,0.07,0.996,0.994,1.0,-0.037,-0.086,0.04,-0.104,-0.125,-0.038
500,B2_1,-0.052,-0.015,-0.082,-0.075,0.938,0.96,0.967,-0.059,-0.088,-0.037,1.0,0.978,0.965,-0.309,-0.326,-0.17
500,B2_2,-0.053,-0.06,-0.12,-0.105,0.943,0.941,0.92,-0.113,-0.13,-0.086,0.978,1.0,0.94,-0.285,-0.315,-0.176
500,B2_3,-0.133,0.061,0.003,-0.011,0.948,0.988,0.963,0.01,-0.002,0.04,0.965,0.94,1.0,-0.284,-0.291,-0.111
500,y1,-0.496,-0.15,-0.115,-0.164,-0.191,-0.333,-0.343,-0.111,-0.089,-0.104,-0.309,-0.285,-0.284,1.0,0.95,0.927
500,y2,-0.474,-0.18,-0.142,-0.21,-0.18,-0.348,-0.348,-0.14,-0.119,-0.125,-0.326,-0.315,-0.291,0.95,1.0,0.913
500,y3,-0.531,-0.091,-0.06,-0.12,-0.072,-0.161,-0.2,-0.056,-0.036,-0.038,-0.17,-0.176,-0.111,0.927,0.913,1.0
1000,.,1.0,-0.02,-0.043,-0.018,-0.115,-0.08,-0.019,-0.053,-0.052,-0.039,-0.073,-0.064,-0.094,-0.451,-0.436,-0.493
1000,A1_1,-0.02,1.0,0.996,0.992,-0.019,0.127,0.119,0.996,0.994,0.993,0.044,-0.001,0.095,-0.142,-0.178,-0.076
1000,A1_2,-0.043,0.996,1.0,0.997,-0.053,0.1,0.086,0.999,0.999,0.997,0.008,-0.038,0.061,-0.107,-0.143,-0.04
1000,A1_3,-0.018,0.992,0.997,1.0,-0.054,0.106,0.089,0.996,0.996,0.995,0.014,-0.027,0.064,-0.141,-0.184,-0.072
1000,B1_1,-0.115,-0.019,-0.053,-0.054,1.0,0.949,0.94,-0.045,-0.055,-0.029,0.973,0.971,0.962,-0.271,-0.257,-0.139
1000,B1_2,-0.08,0.127,0.1,0.106,0.949,1.0,0.989,0.108,0.097,0.121,0.982,0.965,0.991,-0.384,-0.386,-0.209
1000,B1_3,-0.019,0.119,0.086,0.089,0.94,0.989,1.0,0.096,0.084,0.107,0.98,0.958,0.989,-0.385,-0.383,-0.226
1000,A2_1,-0.053,0.996,0.999,0.996,-0.045,0.108,0.096,1.0,0.999,0.998,0.018,-0.029,0.071,-0.104,-0.143,-0.035
1000,A2_2,-0.052,0.994,0.999,0.996,-0.055,0.097,0.084,0.999,1.0,0.998,0.004,-0.042,0.058,-0.091,-0.128,-0.025
1000,A2_3,-0.039,0.993,0.997,0.995,-0.029,0.121,0.107,0.998,0.998,1.0,0.029,-0.017,0.082,-0.098,-0.133,-0.026
1000,B2_1,-0.073,0.044,0.008,0.014,0.973,0.982,0.98,0.018,0.004,0.029,1.0,0.991,0.989,-0.362,-0.365,-0.2
1000,B2_2,-0.064,-0.001,-0.038,-0.027,0.971,0.965,0.958,-0.029,-0.042,-0.017,0.991,1.0,0.971,-0.362,-0.369,-0.222
1000,B2_3,-0.094,0.095,0.061,0.064,0.962,0.991,0.989,0.071,0.058,0.082,0.989,0.971,1.0,-0.339,-0.339,-0.172
1000,y1,-0.451,-0.142,-0.107,-0.141,-0.271,-0.384,-0.385,-0.104,-0.091,-0.098,-0.362,-0.362,-0.339,1.0,0.958,0.94
1000,y2,-0.436,-0.178,-0.143,-0.184,-0.257,-0.386,-0.383,-0.143,-0.128,-0.133,-0.365,-0.369,-0.339,0.958,1.0,0.923
1000,y3,-0.493,-0.076,-0.04,-0.072,-0.139,-0.209,-0.226,-0.035,-0.025,-0.026,-0.2,-0.222,-0.172,0.94,0.923,1.0
1500,.,1.0,-0.008,-0.031,-0.014,-0.101,-0.079,-0.02,-0.04,-0.036,-0.028,-0.078,-0.074,-0.084,-0.443,-0.446,-0.496
1500,A1_1,-0.008,1.0,0.997,0.994,-0.003,0.137,0.139,0.996,0.995,0.994,0.072,0.03,0.113,-0.127,-0.163,-0.061
1500,A1_2,-0.031,0.997,1.0,0.998,-0.028,0.117,0.115,0.999,1.0,0.999,0.045,0.003,0.088,-0.089,-0.126,-0.022
1500,A1_3,-0.014,0.994,0.998,1.0,-0.029,0.12,0.116,0.998,0.998,0.998,0.048,0.009,0.089,-0.114,-0.155,-0.046
1500,B1_1,-0.101,-0.003,-0.028,-0.029,1.0,0.958,0.946,-0.027,-0.032,-0.015,0.98,0.982,0.966,-0.295,-0.275,-0.171
1500,B1_2,-0.079,0.137,0.117,0.12,0.958,1.0,0.993,0.12,0.113,0.129,0.986,0.973,0.993,-0.373,-0.367,-0.216
1500,B1_3,-0.02,0.139,0.115,0.116,0.946,0.993,1.0,0.118,0.111,0.126,0.981,0.965,0.99,-0.389,-0.38,-0.241
1500,A2_1,-0.04,0.996,0.999,0.998,-0.027,0.12,0.118,1.0,1.0,0.999,0.049,0.005,0.091,-0.087,-0.127,-0.018
1500,A2_2,-0.036,0.995,1.0,0.998,-0.032,0.113,0.111,1.0,1.0,0.999,0.04,-0.002,0.083,-0.076,-0.115,-0.01
1500,A2_3,-0.028,0.994,0.999,0.998,-0.015,0.129,0.126,0.999,0.999,1.0,0.057,0.015,0.099,-0.082,-0.119,-0.014
1500,B2_1,-0.078,0.072,0.045,0.048,0.98,0.986,0.981,0.049,0.04,0.057,1.0,0.994,0.991,-0.366,-0.361,-0.217
1500,B2_2,-0.074,0.03,0.003,0.009,0.982,0.973,0.965,0.005,-0.002,0.015,0.994,1.0,0.98,-0.366,-0.361,-0.232
1500,B2_3,-0.084,0.113,0.088,0.089,0.966,0.993,0.99,0.091,0.083,0.099,0.991,0.98,1.0,-0.351,-0.343,-0.2
1500,y1,-0.443,-0.127,-0.089,-0.114,-0.295,-0.373,-0.389,-0.087,-0.076,-0.082,-0.366,-0.366,-0.351,1.0,0.966,0.953
1500,y2,-0.446,-0.163,-0.126,-0.155,-0.275,-0.367,-0.38,-0.127,-0.115,-0.119,-0.361,-0.361,-0.343,0.966,1.0,0.943
1500,y3,-0.496,-0.061,-0.022,-0.046,-0.171,-0.216,-0.241,-0.018,-0.01,-0.014,-0.217,-0.232,-0.2,0.953,0.943,1.0
2000,.,1.0,0.001,-0.02,-0.007,-0.105,-0.084,-0.027,-0.028,-0.023,-0.017,-0.082,-0.084,-0.083,-0.433,-0.446,-0.485
2000,A1_1,0.001,1.0,0.997,0.995,0.019,0.144,0.157,0.996,0.995,0.994,0.092,0.055,0.132,-0.112,-0.148,-0.046
2000,A1_2,-0.02,0.997,1.0,0.999,-0.002,0.128,0.137,1.0,1.0,0.999,0.071,0.033,0.111,-0.074,-0.112,-0.008
2000,A1_3,-0.007,0.995,0.999,1.0,-0.003,0.129,0.138,0.999,0.999,0.998,0.072,0.036,0.111,-0.093,-0.134,-0.027
2000,B1_1,-0.105,0.019,-0.002,-0.003,1.0,0.964,0.95,-0.002,-0.007,0.007,0.984,0.986,0.97,-0.306,-0.281,-0.193
2000,B1_2,-0.084,0.144,0.128,0.129,0.964,1.0,0.993,0.13,0.124,0.135,0.989,0.977,0.994,-0.361,-0.347,-0.222
2000,B1_3,-0.027,0.157,0.137,0.138,0.95,0.993,1.0,0.139,0.133,0.144,0.982,0.967,0.991,-0.385,-0.37,-0.251
2000,A2_1,-0.028,0.996,1.0,0.999,-0.002,0.13,0.139,1.0,1.0,0.999,0.073,0.034,0.112,-0.072,-0.112,-0.005
2000,A2_2,-0.023,0.995,1.0,0.999,-0.007,0.124,0.133,1.0,1.0,0.999,0.065,0.027,0.105,-0.062,-0.101,0.002
2000,A2_3,-0.017,0.994,0.999,0.998,0.007,0.135,0.144,0.999,0.999,1.0,0.077,0.04,0.117,-0.068,-0.106,-0.002
2000,B2_1,-0.082,0.092,0.071,0.072,0.984,0.989,0.982,0.073,0.065,0.077,1.0,0.995,0.992,-0.367,-0.354,-0.235
2000,B2_2,-0.084,0.055,0.033,0.036,0.986,0.977,0.967,0.034,0.027,0.04,0.995,1.0,0.983,-0.365,-0.353,-0.247
2000,B2_3,-0.083,0.132,0.111,0.111,0.97,0.994,0.991,0.112,0.105,0.117,0.992,0.983,1.0,-0.355,-0.34,-0.221
2000,y1,-0.433,-0.112,-0.074,-0.093,-0.306,-0.361,-0.385,-0.072,-0.062,-0.068,-0.367,-0.365,-0.355,1.0,0.972,0.963
2000,y2,-0.446,-0.148,-0.112,-0.134,-0.281,-0.347,-0.37,-0.112,-0.101,-0.106,-0.354,-0.353,-0.34,0.972,1.0,0.958
2000,y3,-0.485,-0.046,-0.008,-0.027,-0.193,-0.222,-0.251,-0.005,0.002,-0.002,-0.235,-0.247,-0.221,0.963,0.958,1.0
2500,.,1.0,0.006,-0.015,-0.004,-0.102,-0.082,-0.026,-0.021,-0.017,-0.012,-0.076,-0.081,-0.077,-0.437,-0.452,-0.485
2500,A1_1,0.006,1.0,0.997,0.995,0.03,0.144,0.165,0.996,0.996,0.995,0.103,0.069,0.14,-0.102,-0.135,-0.041
2500,A1_2,-0.015,0.997,1.0,0.999,0.011,0.129,0.146,1.0,1.0,0.999,0.083,0.048,0.12,-0.063,-0.098,-0.002
2500,A1_3,-0.004,0.995,0.999,1.0,0.01,0.129,0.146,0.999,0.999,0.999,0.084,0.05,0.119,-0.079,-0.117,-0.019
2500,B1_1,-0.102,0.03,0.011,0.01,1.0,0.968,0.952,0.012,0.007,0.018,0.985,0.988,0.972,-0.313,-0.287,-0.214
2500,B1_2,-0.082,0.144,0.129,0.129,0.968,1.0,0.993,0.131,0.125,0.135,0.991,0.98,0.994,-0.352,-0.336,-0.232
2500,B1_3,-0.026,0.165,0.146,0.146,0.952,0.993,1.0,0.148,0.143,0.151,0.984,0.968,0.991,-0.382,-0.364,-0.263
2500,A2_1,-0.021,0.996,1.0,0.999,0.012,0.131,0.148,1.0,1.0,0.999,0.085,0.049,0.121,-0.061,-0.099,0.0
2500,A2_2,-0.017,0.996,1.0,0.999,0.007,0.125,0.143,1.0,1.0,1.0,0.078,0.043,0.115,-0.052,-0.089,0.008
2500,A2_3,-0.012,0.995,0.999,0.999,0.018,0.135,0.151,0.999,1.0,1.0,0.088,0.054,0.124,-0.058,-0.093,0.002
2500,B2_1,-0.076,0.103,0.083,0.084,0.985,0.991,0.984,0.085,0.078,0.088,1.0,0.996,0.993,-0.369,-0.353,-0.255
2500,B2_2,-0.081,0.069,0.048,0.05,0.988,0.98,0.968,0.049,0.043,0.054,0.996,1.0,0.985,-0.366,-0.351,-0.264
2500,B2_3,-0.077,0.14,0.12,0.119,0.972,0.994,0.991,0.121,0.115,0.124,0.993,0.985,1.0,-0.358,-0.34,-0.242
2500,y1,-0.437,-0.102,-0.063,-0.079,-0.313,-0.352,-0.382,-0.061,-0.052,-0.058,-0.369,-0.366,-0.358,1.0,0.977,0.971
2500,y2,-0.452,-0.135,-0.098,-0.117,-0.287,-0.336,-0.364,-0.099,-0.089,-0.093,-0.353,-0.351,-0.34,0.977,1.0,0.969
2500,y3,-0.485,-0.041,-0.002,-0.019,-0.214,-0.232,-0.263,0.0,0.008,0.002,-0.255,-0.264,-0.242,0.971,0.969,1.0
3000,.,1.0,0.011,-0.011,-0.002,-0.11,-0.087,-0.033,-0.017,-0.013,-0.007,-0.08,-0.088,-0.08,-0.439,-0.453,-0.481
3000,A1_1,0.011,1.0,0.997,0.996,0.044,0.143,0.172,0.997,0.996,0.995,0.112,0.08,0.146,-0.095,-0.123,-0.041
3000,A1_2,-0.011,0.997,1.0,0.999,0.025,0.128,0.153,1.0,1.0,0.999,0.091,0.06,0.126,-0.056,-0.086,-0.004
3000,A1_3,-0.002,0.996,0.999,1.0,0.024,0.128,0.153,0.999,0.999,0.999,0.092,0.061,0.126,-0.07,-0.102,-0.019
3000,B1_1,-0.11,0.044,0.025,0.024,1.0,0.973,0.955,0.025,0.02,0.029,0.987,0.99,0.975,-0.31,-0.288,-0.225
3000,B1_2,-0.087,0.143,0.128,0.128,0.973,1.0,0.993,0.129,0.124,0.13,0.992,0.983,0.995,-0.341,-0.327,-0.238
3000,B1_3,-0.033,0.172,0.153,0.153,0.955,0.993,1.0,0.155,0.149,0.155,0.985,0.97,0.992,-0.374,-0.357,-0.27
3000,A2_1,-0.017,0.997,1.0,0.999,0.025,0.129,0.155,1.0,1.0,0.999,0.093,0.06,0.127,-0.055,-0.086,-0.001
3000,A2_2,-0.013,0.996,1.0,0.999,0.02,0.124,0.149,1.0,1.0,1.0,0.086,0.054,0.121,-0.046,-0.077,0.005
3000,A2_3,-0.007,0.995,0.999,0.999,0.029,0.13,0.155,0.999,1.0,1.0,0.094,0.063,0.128,-0.052,-0.082,-0.001
3000,B2_1,-0.08,0.112,0.091,0.092,0.987,0.992,0.985,0.093,0.086,0.094,1.0,0.996,0.994,-0.362,-0.348,-0.264
3000,B2_2,-0.088,0.08,0.06,0.061,0.99,0.983,0.97,0.06,0.054,0.063,0.996,1.0,0.987,-0.358,-0.344,-0.271
3000,B2_3,-0.08,0.146,0.126,0.126,0.975,0.995,0.992,0.127,0.121,0.128,0.994,0.987,1.0,-0.352,-0.335,-0.253
3000,y1,-0.439,-0.095,-0.056,-0.07,-0.31,-0.341,-0.374,-0.055,-0.046,-0.052,-0.362,-0.358,-0.352,1.0,0.982,0.977
3000,y2,-0.453,-0.123,-0.086,-0.102,-0.288,-0.327,-0.357,-0.086,-0.077,-0.082,-0.348,-0.344,-0.335,0.982,1.0,0.976
3000,y3,-0.481,-0.041,-0.004,-0.019,-0.225,-0.238,-0.27,-0.001,0.005,-0.001,-0.264,-0.271,-0.253,0.977,0.976,1.0
3500,.,1.0,0.016,-0.007,0.0,-0.114,-0.089,-0.036,-0.013,-0.01,-0.003,-0.08,-0.089,-0.081,-0.446,-0.461,-0.485
3500,A1_1,0.016,1.0,0.997,0.996,0.051,0.141,0.176,0.997,0.996,0.995,0.119,0.088,0.15,-0.086,-0.11,-0.04
3500,A1_2,-0.007,0.997,1.0,1.0,0.032,0.124,0.157,1.0,1.0,0.999,0.098,0.067,0.13,-0.046,-0.072,-0.002
3500,A1_3,0.0,0.996,1.0,1.0,0.031,0.124,0.156,0.999,0.999,0.999,0.098,0.068,0.13,-0.058,-0.086,-0.016
3500,B1_1,-0.114,0.051,0.032,0.031,1.0,0.976,0.957,0.032,0.027,0.034,0.988,0.991,0.976,-0.312,-0.292,-0.238
3500,B1_2,-0.089,0.141,0.124,0.124,0.976,1.0,0.993,0.125,0.12,0.125,0.994,0.986,0.996,-0.337,-0.323,-0.248
3500,B1_3,-0.036,0.176,0.157,0.156,0.957,0.993,1.0,0.158,0.153,0.157,0.986,0.972,0.992,-0.373,-0.357,-0.282
3500,A2_1,-0.013,0.997,1.0,0.999,0.032,0.125,0.158,1.0,1.0,0.999,0.099,0.067,0.131,-0.044,-0.072,0.001
3500,A2_2,-0.01,0.996,1.0,0.999,0.027,0.12,0.153,1.0,1.0,0.999,0.093,0.062,0.125,-0.037,-0.064,0.007
3500,A2_3,-0.003,0.995,0.999,0.999,0.034,0.125,0.157,0.999,0.999,1.0,0.098,0.068,0.13,-0.043,-0.068,0.0
3500,B2_1,-0.08,0.119,0.098,0.098,0.988,0.994,0.986,0.099,0.093,0.098,1.0,0.996,0.995,-0.363,-0.35,-0.28
3500,B2_2,-0.089,0.088,0.067,0.068,0.991,0.986,0.972,0.067,0.062,0.068,0.996,1.0,0.988,-0.359,-0.346,-0.285
3500,B2_3,-0.081,0.15,0.13,0.13,0.976,0.996,0.992,0.131,0.125,0.13,0.995,0.988,1.0,-0.354,-0.338,-0.269
3500,y1,-0.446,-0.086,-0.046,-0.058,-0.312,-0.337,-0.373,-0.044,-0.037,-0.043,-0.363,-0.359,-0.354,1.0,0.985,0.981
3500,y2,-0.461,-0.11,-0.072,-0.086,-0.292,-0.323,-0.357,-0.072,-0.064,-0.068,-0.35,-0.346,-0.338,0.985,1.0,0.982
3500,y3,-0.485,-0.04,-0.002,-0.016,-0.238,-0.248,-0.282,0.001,0.007,0.0,-0.28,-0.285,-0.269,0.981,0.982,1.0
4000,.,1.0,0.02,-0.004,0.003,-0.115,-0.091,-0.04,-0.009,-0.006,0.001,-0.078,-0.088,-0.081,-0.448,-0.461,-0.484
4000,A1_1,0.02,1.0,0.997,0.997,0.061,0.139,0.18,0.997,0.996,0.995,0.126,0.096,0.155,-0.082,-0.101,-0.044
4000,A1_2,-0.004,0.997,1.0,1.0,0.042,0.121,0.16,1.0,1.0,0.999,0.105,0.075,0.134,-0.042,-0.063,-0.007
4000,A1_3,0.003,0.997,1.0,1.0,0.04,0.121,0.159,1.0,0.999,0.999,0.104,0.075,0.133,-0.053,-0.076,-0.019
4000,B1_1,-0.115,0.061,0.042,0.04,1.0,0.979,0.96,0.041,0.037,0.042,0.989,0.992,0.979,-0.312,-0.294,-0.246
4000,B1_2,-0.091,0.139,0.121,0.121,0.979,1.0,0.992,0.122,0.118,0.12,0.995,0.988,0.996,-0.331,-0.318,-0.253
4000,B1_3,-0.04,0.18,0.16,0.159,0.96,0.992,1.0,0.161,0.156,0.158,0.988,0.974,0.993,-0.368,-0.352,-0.287
4000,A2_1,-0.009,0.997,1.0,1.0,0.041,0.122,0.161,1.0,1.0,0.999,0.105,0.075,0.134,-0.041,-0.062,-0.004
4000,A2_2,-0.006,0.996,1.0,0.999,0.037,0.118,0.156,1.0,1.0,0.999,0.1,0.07,0.129,-0.033,-0.055,0.002
4000,A2_3,0.001,0.995,0.999,0.999,0.042,0.12,0.158,0.999,0.999,1.0,0.103,0.074,0.132,-0.04,-0.06,-0.005
4000,B2_1,-0.078,0.126,0.105,0.104,0.989,0.995,0.988,0.105,0.1,0.103,1.0,0.996,0.996,-0.363,-0.349,-0.289
4000,B2_2,-0.088,0.096,0.075,0.075,0.992,0.988,0.974,0.075,0.07,0.074,0.996,1.0,0.99,-0.357,-0.345,-0.293
4000,B2_3,-0.081,0.155,0.134,0.133,0.979,0.996,0.993,0.134,0.129,0.132,0.996,0.99,1.0,-0.353,-0.337,-0.277
4000,y1,-0.448,-0.082,-0.042,-0.053,-0.312,-0.331,-0.368,-0.041,-0.033,-0.04,-0.363,-0.357,-0.353,1.0,0.988,0.984
4000,y2,-0.461,-0.101,-0.063,-0.076,-0.294,-0.318,-0.352,-0.062,-0.055,-0.06,-0.349,-0.345,-0.337,0.988,1.0,0.985
4000,y3,-0.484,-0.044,-0.007,-0.019,-0.246,-0.253,-0.287,-0.004,0.002,-0.005,-0.289,-0.293,-0.277,0.984,0.985,1.0
4500,.,1.0,0.024,-0.001,0.005,-0.116,-0.092,-0.044,-0.006,-0.003,0.005,-0.075,-0.086,-0.081,-0.451,-0.463,-0.484
4500,A1_1,0.024,1.0,0.997,0.997,0.07,0.136,0.18,0.997,0.996,0.995,0.131,0.102,0.155,-0.086,-0.102,-0.055
4500,A1_2,-0.001,0.997,1.0,1.0,0.049,0.116,0.158,1.0,1.0,0.999,0.108,0.079,0.133,-0.047,-0.065,-0.019
4500,A1_3,0.005,0.997,1.0,1.0,0.048,0.116,0.158,1.0,1.0,0.998,0.108,0.08,0.133,-0.056,-0.076,-0.03
4500,B1_1,-0.116,0.07,0.049,0.048,1.0,0.983,0.965,0.049,0.044,0.047,0.99,0.993,0.982,-0.301,-0.285,-0.244
4500,B1_2,-0.092,0.136,0.116,0.116,0.983,1.0,0.993,0.117,0.112,0.112,0.996,0.991,0.997,-0.318,-0.306,-0.251
4500,B1_3,-0.044,0.18,0.158,0.158,0.965,0.993,1.0,0.159,0.154,0.155,0.99,0.978,0.994,-0.355,-0.341,-0.285
4500,A2_1,-0.006,0.997,1.0,1.0,0.049,0.117,0.159,1.0,1.0,0.999,0.109,0.08,0.134,-0.045,-0.064,-0.016
4500,A2_2,-0.003,0.996,1.0,1.0,0.044,0.112,0.154,1.0,1.0,0.999,0.104,0.075,0.128,-0.038,-0.057,-0.011
4500,A2_3,0.005,0.995,0.999,0.998,0.047,0.112,0.155,0.999,0.999,1.0,0.105,0.077,0.129,-0.046,-0.062,-0.019
4500,B2_1,-0.075,0.131,0.108,0.108,0.99,0.996,0.99,0.109,0.104,0.105,1.0,0.997,0.997,-0.353,-0.34,-0.29
4500,B2_2,-0.086,0.102,0.079,0.08,0.993,0.991,0.978,0.08,0.075,0.077,0.997,1.0,0.991,-0.348,-0.336,-0.292
4500,B2_3,-0.081,0.155,0.133,0.133,0.982,0.997,0.994,0.134,0.128,0.129,0.997,0.991,1.0,-0.341,-0.326,-0.277
4500,y1,-0.451,-0.086,-0.047,-0.056,-0.301,-0.318,-0.355,-0.045,-0.038,-0.046,-0.353,-0.348,-0.341,1.0,0.99,0.986
4500,y2,-0.463,-0.102,-0.065,-0.076,-0.285,-0.306,-0.341,-0.064,-0.057,-0.062,-0.34,-0.336,-0.326,0.99,1.0,0.987
4500,y3,-0.484,-0.055,-0.019,-0.03,-0.244,-0.251,-0.285,-0.016,-0.011,-0.019,-0.29,-0.292,-0.277,0.986,0.987,1.0
5000,.,1.0,0.028,0.002,0.007,-0.115,-0.093,-0.047,-0.003,-0.0,0.01,-0.072,-0.082,-0.082,-0.457,-0.468,-0.488
5000,A1_1,0.028,1.0,0.997,0.997,0.076,0.135,0.18,0.997,0.997,0.995,0.134,0.106,0.155,-0.084,-0.099,-0.062
5000,A1_2,0.002,0.997,1.0,1.0,0.053,0.112,0.156,1.0,1.0,0.999,0.11,0.082,0.131,-0.045,-0.062,-0.026
5000,A1_3,0.007,0.997,1.0,1.0,0.052,0.112,0.156,1.0,1.0,0.998,0.11,0.082,0.131,-0.054,-0.071,-0.036
5000,B1_1,-0.115,0.076,0.053,0.052,1.0,0.985,0.968,0.053,0.049,0.049,0.99,0.994,0.984,-0.295,-0.28,-0.245
5000,B1_2,-0.093,0.135,0.112,0.112,0.985,1.0,0.993,0.113,0.108,0.106,0.997,0.992,0.997,-0.308,-0.297,-0.25
5000,B1_3,-0.047,0.18,0.156,0.156,0.968,0.993,1.0,0.157,0.152,0.15,0.992,0.981,0.994,-0.346,-0.333,-0.285
5000,A2_1,-0.003,0.997,1.0,1.0,0.053,0.113,0.157,1.0,1.0,0.998,0.111,0.082,0.132,-0.043,-0.06,-0.023
5000,A2_2,-0.0,0.997,1.0,1.0,0.049,0.108,0.152,1.0,1.0,0.999,0.106,0.077,0.127,-0.037,-0.054,-0.018
5000,A2_3,0.01,0.995,0.999,0.998,0.049,0.106,0.15,0.998,0.999,1.0,0.105,0.078,0.125,-0.046,-0.06,-0.027
5000,B2_1,-0.072,0.134,0.11,0.11,0.99,0.997,0.992,0.111,0.106,0.105,1.0,0.997,0.998,-0.348,-0.336,-0.293
5000,B2_2,-0.082,0.106,0.082,0.082,0.994,0.992,0.981,0.082,0.077,0.078,0.997,1.0,0.993,-0.343,-0.331,-0.295
5000,B2_3,-0.082,0.155,0.131,0.131,0.984,0.997,0.994,0.132,0.127,0.125,0.998,0.993,1.0,-0.333,-0.319,-0.277
5000,y1,-0.457,-0.084,-0.045,-0.054,-0.295,-0.308,-0.346,-0.043,-0.037,-0.046,-0.348,-0.343,-0.333,1.0,0.992,0.987
5000,y2,-0.468,-0.099,-0.062,-0.071,-0.28,-0.297,-0.333,-0.06,-0.054,-0.06,-0.336,-0.331,-0.319,0.992,1.0,0.988
5000,y3,-0.488,-0.062,-0.026,-0.036,-0.245,-0.25,-0.285,-0.023,-0.018,-0.027,-0.293,-0.295,-0.277,0.987,0.988,1.0
5500,.,1.0,0.031,0.004,0.008,-0.109,-0.091,-0.048,-0.001,0.002,0.012,-0.065,-0.075,-0.079,-0.459,-0.467,-0.488
5500,A1_1,0.031,1.0,0.997,0.997,0.084,0.136,0.181,0.997,0.997,0.995,0.138,0.11,0.157,-0.088,-0.097,-0.071
5500,A1_2,0.004,0.997,1.0,1.0,0.061,0.112,0.157,1.0,1.0,0.999,0.114,0.086,0.132,-0.05,-0.059,-0.036
5500,A1_3,0.008,0.997,1.0,1.0,0.059,0.112,0.156,1.0,1.0,0.998,0.113,0.085,0.132,-0.057,-0.068,-0.045
5500,B1_1,-0.109,0.084,0.061,0.059,1.0,0.988,0.972,0.061,0.056,0.055,0.99,0.995,0.986,-0.296,-0.281,-0.247
5500,B1_2,-0.091,0.136,0.112,0.112,0.988,1.0,0.992,0.114,0.108,0.104,0.997,0.993,0.997,-0.306,-0.294,-0.249
5500,B1_3,-0.048,0.181,0.157,0.156,0.972,0.992,1.0,0.158,0.153,0.15,0.994,0.983,0.995,-0.343,-0.329,-0.284
5500,A2_1,-0.001,0.997,1.0,1.0,0.061,0.114,0.158,1.0,1.0,0.998,0.115,0.086,0.133,-0.047,-0.058,-0.033
5500,A2_2,0.002,0.997,1.0,1.0,0.056,0.108,0.153,1.0,1.0,0.999,0.109,0.081,0.128,-0.042,-0.052,-0.028
5500,A2_3,0.012,0.995,0.999,0.998,0.055,0.104,0.15,0.998,0.999,1.0,0.108,0.081,0.125,-0.051,-0.059,-0.038
5500,B2_1,-0.065,0.138,0.114,0.113,0.99,0.997,0.994,0.115,0.109,0.108,1.0,0.997,0.998,-0.35,-0.337,-0.296
5500,B2_2,-0.075,0.11,0.086,0.085,0.995,0.993,0.983,0.086,0.081,0.081,0.997,1.0,0.993,-0.346,-0.332,-0.298
5500,B2_3,-0.079,0.157,0.132,0.132,0.986,0.997,0.995,0.133,0.128,0.125,0.998,0.993,1.0,-0.331,-0.317,-0.278
5500,y1,-0.459,-0.088,-0.05,-0.057,-0.296,-0.306,-0.343,-0.047,-0.042,-0.051,-0.35,-0.346,-0.331,1.0,0.993,0.988
5500,y2,-0.467,-0.097,-0.059,-0.068,-0.281,-0.294,-0.329,-0.058,-0.052,-0.059,-0.337,-0.332,-0.317,0.993,1.0,0.988
5500,y3,-0.488,-0.071,-0.036,-0.045,-0.247,-0.249,-0.284,-0.033,-0.028,-0.038,-0.296,-0.298,-0.278,0.988,0.988,1.0
6000,.,1.0,0.034,0.005,0.008,-0.114,-0.099,-0.054,0.0,0.003,0.014,-0.066,-0.074,-0.083,-0.465,-0.472,-0.494
6000,A1_1,0.034,1.0,0.997,0.997,0.085,0.128,0.175,0.997,0.997,0.995,0.138,0.11,0.153,-0.084,-0.088,-0.071
6000,A1_2,0.005,0.997,1.0,1.0,0.061,0.104,0.15,1.0,1.0,0.998,0.114,0.086,0.128,-0.045,-0.051,-0.036
6000,A1_3,0.008,0.997,1.0,1.0,0.06,0.104,0.15,1.0,1.0,0.998,0.113,0.086,0.128,-0.052,-0.059,-0.044
6000,B1_1,-0.114,0.085,0.061,0.06,1.0,0.99,0.976,0.062,0.057,0.054,0.99,0.994,0.987,-0.294,-0.279,-0.247
6000,B1_2,-0.099,0.128,0.104,0.104,0.99,1.0,0.993,0.106,0.1,0.094,0.996,0.994,0.997,-0.301,-0.288,-0.249
6000,B1_3,-0.054,0.175,0.15,0.15,0.976,0.993,1.0,0.152,0.146,0.141,0.996,0.987,0.996,-0.341,-0.328,-0.287
6000,A2_1,0.0,0.997,1.0,1.0,0.062,0.106,0.152,1.0,1.0,0.998,0.115,0.087,0.129,-0.042,-0.049,-0.032
6000,A2_2,0.003,0.997,1.0,1.0,0.057,0.1,0.146,1.0,1.0,0.999,0.109,0.082,0.124,-0.037,-0.044,-0.028
6000,A2_3,0.014,0.995,0.998,0.998,0.054,0.094,0.141,0.998,0.999,1.0,0.106,0.081,0.119,-0.047,-0.051,-0.038
6000,B2_1,-0.066,0.138,0.114,0.113,0.99,0.996,0.996,0.115,0.109,0.106,1.0,0.997,0.998,-0.352,-0.337,-0.301
6000,B2_2,-0.074,0.11,0.086,0.086,0.994,0.994,0.987,0.087,0.082,0.081,0.997,1.0,0.994,-0.347,-0.333,-0.303
6000,B2_3,-0.083,0.153,0.128,0.128,0.987,0.997,0.996,0.129,0.124,0.119,0.998,0.994,1.0,-0.331,-0.316,-0.282
6000,y1,-0.465,-0.084,-0.045,-0.052,-0.294,-0.301,-0.341,-0.042,-0.037,-0.047,-0.352,-0.347,-0.331,1.0,0.994,0.988
6000,y2,-0.472,-0.088,-0.051,-0.059,-0.279,-0.288,-0.328,-0.049,-0.044,-0.051,-0.337,-0.333,-0.316,0.994,1.0,0.987
6000,y3,-0.494,-0.071,-0.036,-0.044,-0.247,-0.249,-0.287,-0.032,-0.028,-0.038,-0.301,-0.303,-0.282,0.988,0.987,1.0
6500,.,1.0,0.039,0.006,0.009,-0.112,-0.103,-0.057,0.001,0.004,0.015,-0.064,-0.071,-0.083,-0.472,-0.478,-0.497
6500,A1_1,0.039,1.0,0.997,0.997,0.087,0.121,0.17,0.997,0.997,0.995,0.138,0.111,0.15,-0.084,-0.082,-0.075
6500,A1_2,0.006,0.997,1.0,1.0,0.064,0.098,0.146,1.0,1.0,0.998,0.114,0.088,0.126,-0.045,-0.044,-0.039
6500,A1_3,0.009,0.997,1.0,1.0,0.064,0.098,0.146,1.0,1.0,0.998,0.114,0.087,0.126,-0.051,-0.052,-0.047
6500,B1_1,-0.112,0.087,0.064,0.064,1.0,0.992,0.979,0.065,0.06,0.056,0.99,0.994,0.989,-0.29,-0.278,-0.246
6500,B1_2,-0.103,0.121,0.098,0.098,0.992,1.0,0.992,0.1,0.094,0.088,0.995,0.994,0.997,-0.291,-0.281,-0.243
6500,B1_3,-0.057,0.17,0.146,0.146,0.979,0.992,1.0,0.148,0.142,0.137,0.997,0.989,0.997,-0.335,-0.324,-0.285
6500,A2_1,0.001,0.997,1.0,1.0,0.065,0.1,0.148,1.0,1.0,0.998,0.115,0.088,0.127,-0.042,-0.042,-0.036
6500,A2_2,0.004,0.997,1.0,1.0,0.06,0.094,0.142,1.0,1.0,0.999,0.11,0.083,0.122,-0.037,-0.038,-0.032
6500,A2_3,0.015,0.995,0.998,0.998,0.056,0.088,0.137,0.998,0.999,1.0,0.106,0.081,0.116,-0.047,-0.046,-0.042
6500,B2_1,-0.064,0.138,0.114,0.114,0.99,0.995,0.997,0.115,0.11,0.106,1.0,0.997,0.998,-0.348,-0.336,-0.301
6500,B2_2,-0.071,0.111,0.088,0.087,0.994,0.994,0.989,0.088,0.083,0.081,0.997,1.0,0.995,-0.345,-0.333,-0.303
6500,B2_3,-0.083,0.15,0.126,0.126,0.989,0.997,0.997,0.127,0.122,0.116,0.998,0.995,1.0,-0.326,-0.313,-0.28
6500,y1,-0.472,-0.084,-0.045,-0.051,-0.29,-0.291,-0.335,-0.042,-0.037,-0.047,-0.348,-0.345,-0.326,1.0,0.995,0.988
6500,y2,-0.478,-0.082,-0.044,-0.052,-0.278,-0.281,-0.324,-0.042,-0.038,-0.046,-0.336,-0.333,-0.313,0.995,1.0,0.987
6500,y3,-0.497,-0.075,-0.039,-0.047,-0.246,-0.243,-0.285,-0.036,-0.032,-0.042,-0.301,-0.303,-0.28,0.988,0.987,1.0
7000,.,1.0,0.041,0.007,0.01,-0.108,-0.103,-0.059,0.003,0.005,0.017,-0.059,-0.065,-0.082,-0.472,-0.478,-0.498
7000,A1_1,0.041,1.0,0.997,0.997,0.093,0.122,0.169,0.997,0.997,0.995,0.139,0.111,0.149,-0.083,-0.079,-0.08
7000,A1_2,0.007,0.997,1.0,1.0,0.07,0.099,0.145,1.0,1.0,0.998,0.115,0.088,0.125,-0.043,-0.04,-0.043
7000,A1_3,0.01,0.997,1.0,1.0,0.069,0.099,0.145,1.0,1.0,0.998,0.115,0.088,0.125,-0.049,-0.047,-0.05
7000,B1_1,-0.108,0.093,0.07,0.069,1.0,0.993,0.982,0.07,0.065,0.061,0.991,0.994,0.991,-0.288,-0.275,-0.244
7000,B1_2,-0.103,0.122,0.099,0.099,0.993,1.0,0.993,0.101,0.095,0.088,0.995,0.993,0.997,-0.286,-0.274,-0.237
7000,B1_3,-0.059,0.169,0.145,0.145,0.982,0.993,1.0,0.147,0.141,0.135,0.997,0.99,0.997,-0.328,-0.316,-0.278
7000,A2_1,0.003,0.997,1.0,1.0,0.07,0.101,0.147,1.0,1.0,0.998,0.116,0.089,0.127,-0.04,-0.038,-0.039
7000,A2_2,0.005,0.997,1.0,1.0,0.065,0.095,0.141,1.0,1.0,0.998,0.111,0.084,0.121,-0.036,-0.033,-0.036
7000,A2_3,0.017,0.995,0.998,0.998,0.061,0.088,0.135,0.998,0.998,1.0,0.107,0.082,0.115,-0.046,-0.041,-0.046
7000,B2_1,-0.059,0.139,0.115,0.115,0.991,0.995,0.997,0.116,0.111,0.107,1.0,0.997,0.998,-0.345,-0.332,-0.298
7000,B2_2,-0.065,0.111,0.088,0.088,0.994,0.993,0.99,0.089,0.084,0.082,0.997,1.0,0.994,-0.344,-0.33,-0.302
7000,B2_3,-0.082,0.149,0.125,0.125,0.991,0.997,0.997,0.127,0.121,0.115,0.998,0.994,1.0,-0.32,-0.306,-0.274
7000,y1,-0.472,-0.083,-0.043,-0.049,-0.288,-0.286,-0.328,-0.04,-0.036,-0.046,-0.345,-0.344,-0.32,1.0,0.995,0.988
7000,y2,-0.478,-0.079,-0.04,-0.047,-0.275,-0.274,-0.316,-0.038,-0.033,-0.041,-0.332,-0.33,-0.306,0.995,1.0,0.986
7000,y3,-0.498,-0.08,-0.043,-0.05,-0.244,-0.237,-0.278,-0.039,-0.036,-0.046,-0.298,-0.302,-0.274,0.988,0.986,1.0
7500,.,1.0,0.046,0.007,0.009,-0.107,-0.108,-0.062,0.003,0.005,0.016,-0.059,-0.064,-0.083,-0.471,-0.48,-0.495
7500,A1_1,0.046,1.0,0.997,0.997,0.092,0.116,0.164,0.997,0.997,0.994,0.136,0.108,0.145,-0.075,-0.063,-0.072
7500,A1_2,0.007,0.997,1.0,1.0,0.072,0.096,0.142,1.0,1.0,0.998,0.115,0.089,0.124,-0.033,-0.022,-0.032
7500,A1_3,0.009,0.997,1.0,1.0,0.071,0.095,0.142,1.0,1.0,0.998,0.114,0.088,0.124,-0.039,-0.029,-0.039
7500,B1_1,-0.107,0.092,0.072,0.071,1.0,0.993,0.984,0.072,0.068,0.063,0.991,0.994,0.992,-0.299,-0.288,-0.258
7500,B1_2,-0.108,0.116,0.096,0.095,0.993,1.0,0.992,0.097,0.092,0.085,0.993,0.991,0.996,-0.291,-0.282,-0.246
7500,B1_3,-0.062,0.164,0.142,0.142,0.984,0.992,1.0,0.144,0.139,0.133,0.998,0.991,0.997,-0.335,-0.325,-0.29
7500,A2_1,0.003,0.997,1.0,1.0,0.072,0.097,0.144,1.0,1.0,0.998,0.116,0.089,0.125,-0.03,-0.02,-0.029
7500,A2_2,0.005,0.997,1.0,1.0,0.068,0.092,0.139,1.0,1.0,0.999,0.111,0.085,0.12,-0.026,-0.016,-0.026
7500,A2_3,0.016,0.994,0.998,0.998,0.063,0.085,0.133,0.998,0.999,1.0,0.107,0.083,0.114,-0.036,-0.024,-0.035
7500,B2_1,-0.059,0.136,0.115,0.114,0.991,0.993,0.998,0.116,0.111,0.107,1.0,0.997,0.998,-0.354,-0.343,-0.311
7500,B2_2,-0.064,0.108,0.089,0.088,0.994,0.991,0.991,0.089,0.085,0.083,0.997,1.0,0.994,-0.354,-0.342,-0.315
7500,B2_3,-0.083,0.145,0.124,0.124,0.992,0.996,0.997,0.125,0.12,0.114,0.998,0.994,1.0,-0.328,-0.317,-0.287
7500,y1,-0.471,-0.075,-0.033,-0.039,-0.299,-0.291,-0.335,-0.03,-0.026,-0.036,-0.354,-0.354,-0.328,1.0,0.996,0.989
7500,y2,-0.48,-0.063,-0.022,-0.029,-0.288,-0.282,-0.325,-0.02,-0.016,-0.024,-0.343,-0.342,-0.317,0.996,1.0,0.986
7500,y3,-0.495,-0.072,-0.032,-0.039,-0.258,-0.246,-0.29,-0.029,-0.026,-0.035,-0.311,-0.315,-0.287,0.989,0.986,1.0
8000,.,1.0,0.053,0.006,0.008,-0.107,-0.116,-0.063,0.002,0.005,0.016,-0.056,-0.062,-0.083,-0.466,-0.475,-0.489
8000,A1_1,0.053,1.0,0.997,0.997,0.094,0.111,0.163,0.997,0.997,0.994,0.137,0.109,0.145,-0.066,-0.051,-0.065
8000,A1_2,0.006,0.997,1.0,1.0,0.077,0.094,0.144,1.0,1.0,0.998,0.118,0.092,0.127,-0.022,-0.008,-0.023
8000,A1_3,0.008,0.997,1.0,1.0,0.076,0.094,0.144,1.0,1.0,0.998,0.118,0.091,0.127,-0.027,-0.013,-0.03
8000,B1_1,-0.107,0.094,0.077,0.076,1.0,0.994,0.986,0.077,0.073,0.068,0.99,0.993,0.992,-0.3,-0.288,-0.26
8000,B1_2,-0.116,0.111,0.094,0.094,0.994,1.0,0.991,0.095,0.09,0.083,0.991,0.99,0.995,-0.284,-0.274,-0.239
8000,B1_3,-0.063,0.163,0.144,0.144,0.986,0.991,1.0,0.145,0.14,0.134,0.998,0.992,0.998,-0.333,-0.324,-0.29
8000,A2_1,0.002,0.997,1.0,1.0,0.077,0.095,0.145,1.0,1.0,0.998,0.119,0.092,0.128,-0.019,-0.006,-0.02
8000,A2_2,0.005,0.997,1.0,1.0,0.073,0.09,0.14,1.0,1.0,0.999,0.115,0.088,0.123,-0.015,-0.002,-0.016
8000,A2_3,0.016,0.994,0.998,0.998,0.068,0.083,0.134,0.998,0.999,1.0,0.111,0.087,0.117,-0.025,-0.01,-0.026
8000,B2_1,-0.056,0.137,0.118,0.118,0.99,0.991,0.998,0.119,0.115,0.111,1.0,0.997,0.998,-0.355,-0.344,-0.312
8000,B2_2,-0.062,0.109,0.092,0.091,0.993,0.99,0.992,0.092,0.088,0.087,0.997,1.0,0.994,-0.355,-0.344,-0.316
8000,B2_3,-0.083,0.145,0.127,0.127,0.992,0.995,0.998,0.128,0.123,0.117,0.998,0.994,1.0,-0.327,-0.315,-0.287
8000,y1,-0.466,-0.066,-0.022,-0.027,-0.3,-0.284,-0.333,-0.019,-0.015,-0.025,-0.355,-0.355,-0.327,1.0,0.996,0.989
8000,y2,-0.475,-0.051,-0.008,-0.013,-0.288,-0.274,-0.324,-0.006,-0.002,-0.01,-0.344,-0.344,-0.315,0.996,1.0,0.986
8000,y3,-0.489,-0.065,-0.023,-0.03,-0.26,-0.239,-0.29,-0.02,-0.016,-0.026,-0.312,-0.316,-0.287,0.989,0.986,1.0
8500,.,1.0,0.051,0.006,0.008,-0.1,-0.105,-0.062,0.002,0.004,0.015,-0.054,-0.059,-0.079,-0.469,-0.478,-0.492
8500,A1_1,0.051,1.0,0.997,0.997,0.103,0.123,0.166,0.997,0.997,0.994,0.141,0.113,0.148,-0.08,-0.063,-0.081
8500,A1_2,0.006,0.997,1.0,1.0,0.083,0.103,0.144,1.0,1.0,0.999,0.12,0.094,0.128,-0.036,-0.019,-0.039
8500,A1_3,0.008,0.997,1.0,1.0,0.083,0.103,0.144,1.0,1.0,0.998,0.12,0.093,0.128,-0.041,-0.025,-0.045
8500,B1_1,-0.1,0.103,0.083,0.083,1.0,0.995,0.988,0.084,0.079,0.075,0.991,0.994,0.994,-0.293,-0.28,-0.252
8500,B1_2,-0.105,0.123,0.103,0.103,0.995,1.0,0.992,0.104,0.099,0.093,0.992,0.991,0.995,-0.283,-0.27,-0.238
8500,B1_3,-0.062,0.166,0.144,0.144,0.988,0.992,1.0,0.146,0.141,0.135,0.998,0.992,0.998,-0.325,-0.313,-0.282
8500,A2_1,0.002,0.997,1.0,1.0,0.084,0.104,0.146,1.0,1.0,0.998,0.121,0.094,0.129,-0.033,-0.018,-0.036
8500,A2_2,0.004,0.997,1.0,1.0,0.079,0.099,0.141,1.0,1.0,0.999,0.116,0.09,0.124,-0.03,-0.014,-0.033
8500,A2_3,0.015,0.994,0.999,0.998,0.075,0.093,0.135,0.998,0.999,1.0,0.113,0.089,0.118,-0.039,-0.022,-0.042
8500,B2_1,-0.054,0.141,0.12,0.12,0.991,0.992,0.998,0.121,0.116,0.113,1.0,0.997,0.998,-0.348,-0.335,-0.305
8500,B2_2,-0.059,0.113,0.094,0.093,0.994,0.991,0.992,0.094,0.09,0.089,0.997,1.0,0.994,-0.348,-0.334,-0.308
8500,B2_3,-0.079,0.148,0.128,0.128,0.994,0.995,0.998,0.129,0.124,0.118,0.998,0.994,1.0,-0.319,-0.306,-0.279
8500,y1,-0.469,-0.08,-0.036,-0.041,-0.293,-0.283,-0.325,-0.033,-0.03,-0.039,-0.348,-0.348,-0.319,1.0,0.996,0.989
8500,y2,-0.478,-0.063,-0.019,-0.025,-0.28,-0.27,-0.313,-0.018,-0.014,-0.022,-0.335,-0.334,-0.306,0.996,1.0,0.986
8500,y3,-0.492,-0.081,-0.039,-0.045,-0.252,-0.238,-0.282,-0.036,-0.033,-0.042,-0.305,-0.308,-0.279,0.989,0.986,1.0
9000,.,1.0,0.059,0.006,0.007,-0.102,-0.111,-0.068,0.002,0.004,0.014,-0.058,-0.062,-0.084,-0.468,-0.482,-0.491
9000,A1_1,0.059,1.0,0.996,0.997,0.1,0.113,0.154,0.996,0.996,0.994,0.133,0.108,0.14,-0.071,-0.05,-0.072
9000,A1_2,0.006,0.996,1.0,1.0,0.084,0.098,0.138,1.0,1.0,0.999,0.117,0.093,0.124,-0.026,-0.006,-0.029
9000,A1_3,0.007,0.997,1.0,1.0,0.084,0.098,0.138,1.0,1.0,0.998,0.117,0.092,0.124,-0.031,-0.011,-0.035
9000,B1_1,-0.102,0.1,0.084,0.084,1.0,0.995,0.991,0.085,0.08,0.076,0.993,0.995,0.995,-0.301,-0.284,-0.261
9000,B1_2,-0.111,0.113,0.098,0.098,0.995,1.0,0.992,0.1,0.095,0.088,0.991,0.99,0.995,-0.284,-0.269,-0.241
9000,B1_3,-0.068,0.154,0.138,0.138,0.991,0.992,1.0,0.139,0.134,0.128,0.998,0.994,0.999,-0.329,-0.314,-0.288
9000,A2_1,0.002,0.996,1.0,1.0,0.085,0.1,0.139,1.0,1.0,0.998,0.118,0.093,0.125,-0.024,-0.004,-0.026
9000,A2_2,0.004,0.996,1.0,1.0,0.08,0.095,0.134,1.0,1.0,0.999,0.114,0.089,0.12,-0.02,-0.0,-0.023
9000,A2_3,0.014,0.994,0.999,0.998,0.076,0.088,0.128,0.998,0.999,1.0,0.11,0.087,0.114,-0.03,-0.009,-0.032
9000,B2_1,-0.058,0.133,0.117,0.117,0.993,0.991,0.998,0.118,0.114,0.11,1.0,0.998,0.998,-0.352,-0.336,-0.311
9000,B2_2,-0.062,0.108,0.093,0.092,0.995,0.99,0.994,0.093,0.089,0.087,0.998,1.0,0.995,-0.353,-0.337,-0.315
9000,B2_3,-0.084,0.14,0.124,0.124,0.995,0.995,0.999,0.125,0.12,0.114,0.998,0.995,1.0,-0.323,-0.307,-0.285
9000,y1,-0.468,-0.071,-0.026,-0.031,-0.301,-0.284,-0.329,-0.024,-0.02,-0.03,-0.352,-0.353,-0.323,1.0,0.996,0.989
9000,y2,-0.482,-0.05,-0.006,-0.011,-0.284,-0.269,-0.314,-0.004,-0.0,-0.009,-0.336,-0.337,-0.307,0.996,1.0,0.985
9000,y3,-0.491,-0.072,-0.029,-0.035,-0.261,-0.241,-0.288,-0.026,-0.023,-0.032,-0.311,-0.315,-0.285,0.989,0.985,1.0
9500,.,1.0,0.06,0.006,0.007,-0.098,-0.106,-0.066,0.002,0.004,0.013,-0.055,-0.06,-0.081,-0.474,-0.488,-0.498
9500,A1_1,0.06,1.0,0.996,0.997,0.104,0.12,0.158,0.996,0.996,0.994,0.136,0.11,0.143,-0.066,-0.041,-0.066
9500,A1_2,0.006,0.996,1.0,1.0,0.088,0.104,0.14,1.0,1.0,0.999,0.119,0.094,0.126,-0.019,0.005,-0.021
9500,A1_3,0.007,0.997,1.0,1.0,0.087,0.104,0.14,1.0,1.0,0.998,0.118,0.094,0.126,-0.024,-0.0,-0.027
9500,B1_1,-0.098,0.104,0.088,0.087,1.0,0.995,0.991,0.088,0.084,0.08,0.993,0.995,0.995,-0.312,-0.294,-0.272
9500,B1_2,-0.106,0.12,0.104,0.104,0.995,1.0,0.992,0.105,0.101,0.095,0.991,0.99,0.994,-0.298,-0.281,-0.255
9500,B1_3,-0.066,0.158,0.14,0.14,0.991,0.992,1.0,0.141,0.137,0.131,0.998,0.994,0.999,-0.339,-0.323,-0.299
9500,A2_1,0.002,0.996,1.0,1.0,0.088,0.105,0.141,1.0,1.0,0.998,0.119,0.094,0.126,-0.017,0.006,-0.019
9500,A2_2,0.004,0.996,1.0,1.0,0.084,0.101,0.137,1.0,1.0,0.999,0.115,0.091,0.122,-0.013,0.01,-0.015
9500,A2_3,0.013,0.994,0.999,0.998,0.08,0.095,0.131,0.998,0.999,1.0,0.112,0.089,0.117,-0.022,0.003,-0.023
9500,B2_1,-0.055,0.136,0.119,0.118,0.993,0.991,0.998,0.119,0.115,0.112,1.0,0.998,0.998,-0.362,-0.346,-0.322
9500,B2_2,-0.06,0.11,0.094,0.094,0.995,0.99,0.994,0.094,0.091,0.089,0.998,1.0,0.995,-0.362,-0.345,-0.324
9500,B2_3,-0.081,0.143,0.126,0.126,0.995,0.994,0.999,0.126,0.122,0.117,0.998,0.995,1.0,-0.334,-0.316,-0.296
9500,y1,-0.474,-0.066,-0.019,-0.024,-0.312,-0.298,-0.339,-0.017,-0.013,-0.022,-0.362,-0.362,-0.334,1.0,0.996,0.989
9500,y2,-0.488,-0.041,0.005,-0.0,-0.294,-0.281,-0.323,0.006,0.01,0.003,-0.346,-0.345,-0.316,0.996,1.0,0.986
9500,y3,-0.498,-0.066,-0.021,-0.027,-0.272,-0.255,-0.299,-0.019,-0.015,-0.023,-0.322,-0.324,-0.296,0.989,0.986,1.0
10000,.,1.0,0.061,0.006,0.007,-0.094,-0.1,-0.064,0.003,0.004,0.013,-0.054,-0.059,-0.079,-0.474,-0.491,-0.5
10000,A1_1,0.061,1.0,0.996,0.997,0.107,0.129,0.161,0.996,0.996,0.994,0.139,0.113,0.146,-0.067,-0.04,-0.068
10000,A1_2,0.006,0.996,1.0,1.0,0.09,0.111,0.142,1.0,1.0,0.999,0.12,0.096,0.128,-0.02,0.006,-0.022
10000,A1_3,0.007,0.997,1.0,1.0,0.09,0.111,0.142,1.0,1.0,0.998,0.12,0.095,0.127,-0.024,0.001,-0.028
10000,B1_1,-0.094,0.107,0.09,0.09,1.0,0.994,0.991,0.091,0.087,0.084,0.993,0.996,0.995,-0.31,-0.289,-0.268
10000,B1_2,-0.1,0.129,0.111,0.111,0.994,1.0,0.992,0.112,0.108,0.103,0.992,0.991,0.995,-0.297,-0.277,-0.253
10000,B1_3,-0.064,0.161,0.142,0.142,0.991,0.992,1.0,0.143,0.139,0.134,0.998,0.994,0.999,-0.334,-0.316,-0.293
10000,A2_1,0.003,0.996,1.0,1.0,0.091,0.112,0.143,1.0,1.0,0.998,0.121,0.096,0.128,-0.018,0.008,-0.02
10000,A2_2,0.004,0.996,1.0,1.0,0.087,0.108,0.139,1.0,1.0,0.999,0.117,0.093,0.124,-0.014,0.011,-0.017
10000,A2_3,0.013,0.994,0.999,0.998,0.084,0.103,0.134,0.998,0.999,1.0,0.114,0.091,0.12,-0.022,0.004,-0.024
10000,B2_1,-0.054,0.139,0.12,0.12,0.993,0.992,0.998,0.121,0.117,0.114,1.0,0.998,0.998,-0.357,-0.338,-0.315
10000,B2_2,-0.059,0.113,0.096,0.095,0.996,0.991,0.994,0.096,0.093,0.091,0.998,1.0,0.995,-0.357,-0.337,-0.317
10000,B2_3,-0.079,0.146,0.128,0.127,0.995,0.995,0.999,0.128,0.124,0.12,0.998,0.995,1.0,-0.329,-0.309,-0.29
10000,y1,-0.474,-0.067,-0.02,-0.024,-0.31,-0.297,-0.334,-0.018,-0.014,-0.022,-0.357,-0.357,-0.329,1.0,0.996,0.989
10000,y2,-0.491,-0.04,0.006,0.001,-0.289,-0.277,-0.316,0.008,0.011,0.004,-0.338,-0.337,-0.309,0.996,1.0,0.985
10000,y3,-0.5,-0.068,-0.022,-0.028,-0.268,-0.253,-0.293,-0.02,-0.017,-0.024,-0.315,-0.317,-0.29,0.989,0.985,1.0
