,,.,A1_1,A1_2,A1_3,B1_1,B1_2,B1_3,A2_1,A2_2,A2_3,B2_1,B2_2,B2_3,y1,y2,y3
0,.,1.0,0.592,0.66,0.415,0.57,0.566,0.303,0.686,0.689,0.64,0.77,0.603,0.698,0.58,0.705,0.673
0,A1_1,0.592,1.0,0.838,0.668,0.425,0.747,0.503,0.671,0.467,0.661,0.611,0.492,0.541,0.542,0.477,0.521
0,A1_2,0.66,0.838,1.0,0.829,0.445,0.645,0.537,0.878,0.745,0.87,0.79,0.689,0.703,0.671,0.523,0.695
0,A1_3,0.415,0.668,0.829,1.0,0.442,0.643,0.704,0.878,0.647,0.717,0.758,0.705,0.657,0.771,0.594,0.768
0,B1_1,0.57,0.425,0.445,0.442,1.0,0.784,0.827,0.58,0.654,0.602,0.736,0.806,0.73,0.509,0.65,0.596
0,B1_2,0.566,0.747,0.645,0.643,0.784,1.0,0.739,0.616,0.512,0.59,0.704,0.709,0.695,0.539,0.752,0.645
0,B1_3,0.303,0.503,0.537,0.704,0.827,0.739,1.0,0.677,0.561,0.552,0.667,0.778,0.652,0.551,0.537,0.612
0,A2_1,0.686,0.671,0.878,0.878,0.58,0.616,0.677,1.0,0.851,0.882,0.93,0.845,0.834,0.808,0.677,0.83
0,A2_2,0.689,0.467,0.745,0.647,0.654,0.512,0.561,0.851,1.0,0.9,0.895,0.907,0.905,0.705,0.56,0.642
0,A2_3,0.64,0.661,0.87,0.717,0.602,0.59,0.552,0.882,0.9,1.0,0.895,0.823,0.814,0.72,0.539,0.677
0,B2_1,0.77,0.611,0.79,0.758,0.736,0.704,0.667,0.93,0.895,0.895,1.0,0.887,0.905,0.747,0.8,0.864
0,B2_2,0.603,0.492,0.689,0.705,0.806,0.709,0.778,0.845,0.907,0.823,0.887,1.0,0.921,0.674,0.627,0.705
0,B2_3,0.698,0.541,0.703,0.657,0.73,0.695,0.652,0.834,0.905,0.814,0.905,0.921,1.0,0.725,0.707,0.706
0,y1,0.58,0.542,0.671,0.771,0.509,0.539,0.551,0.808,0.705,0.72,0.747,0.674,0.725,1.0,0.643,0.681
0,y2,0.705,0.477,0.523,0.594,0.65,0.752,0.537,0.677,0.56,0.539,0.8,0.627,0.707,0.643,1.0,0.818
0,y3,0.673,0.521,0.695,0.768,0.596,0.645,0.612,0.83,0.642,0.677,0.864,0.705,0.706,0.681,0.818,1.0
1,.,1.0,0.569,0.629,0.327,0.502,0.522,0.245,0.619,0.641,0.581,0.711,0.51,0.639,0.502,0.681,0.644
1,A1_1,0.569,1.0,0.826,0.655,0.401,0.75,0.506,0.656,0.468,0.683,0.624,0.478,0.536,0.528,0.45,0.504
1,A1_2,0.629,0.826,1.0,0.813,0.394,0.623,0.514,0.871,0.746,0.881,0.798,0.65,0.691,0.659,0.491,0.677
1,A1_3,0.327,0.655,0.813,1.0,0.371,0.623,0.665,0.855,0.596,0.683,0.74,0.666,0.623,0.76,0.542,0.715
1,B1_1,0.502,0.401,0.394,0.371,1.0,0.759,0.831,0.539,0.612,0.534,0.698,0.795,0.703,0.421,0.6,0.56
1,B1_2,0.522,0.75,0.623,0.623,0.759,1.0,0.734,0.589,0.497,0.58,0.692,0.705,0.68,0.498,0.704,0.609
1,B1_3,0.245,0.506,0.514,0.665,0.831,0.734,1.0,0.666,0.533,0.514,0.665,0.793,0.642,0.5,0.496,0.582
1,A2_1,0.619,0.656,0.871,0.855,0.539,0.589,0.666,1.0,0.835,0.855,0.932,0.825,0.822,0.788,0.644,0.805
1,A2_2,0.641,0.468,0.746,0.596,0.612,0.497,0.533,0.835,1.0,0.881,0.87,0.876,0.902,0.637,0.503,0.585
1,A2_3,0.581,0.683,0.881,0.683,0.534,0.58,0.514,0.855,0.881,1.0,0.863,0.77,0.779,0.664,0.461,0.607
1,B2_1,0.711,0.624,0.798,0.74,0.698,0.692,0.665,0.932,0.87,0.863,1.0,0.859,0.885,0.708,0.781,0.851
1,B2_2,0.51,0.478,0.65,0.666,0.795,0.705,0.793,0.825,0.876,0.77,0.859,1.0,0.912,0.601,0.573,0.669
1,B2_3,0.639,0.536,0.691,0.623,0.703,0.68,0.642,0.822,0.902,0.779,0.885,0.912,1.0,0.673,0.658,0.66
1,y1,0.502,0.528,0.659,0.76,0.421,0.498,0.5,0.788,0.637,0.664,0.708,0.601,0.673,1.0,0.6,0.621
1,y2,0.681,0.45,0.491,0.542,0.6,0.704,0.496,0.644,0.503,0.461,0.781,0.573,0.658,0.6,1.0,0.801
1,y3,0.644,0.504,0.677,0.715,0.56,0.609,0.582,0.805,0.585,0.607,0.851,0.669,0.66,0.621,0.801,1.0
2,.,1.0,0.549,0.601,0.269,0.443,0.48,0.207,0.547,0.586,0.513,0.643,0.421,0.564,0.435,0.673,0.628
2,A1_1,0.549,1.0,0.815,0.644,0.377,0.748,0.517,0.636,0.484,0.707,0.647,0.466,0.535,0.512,0.429,0.493
2,A1_2,0.601,0.815,1.0,0.806,0.356,0.603,0.501,0.861,0.755,0.884,0.811,0.616,0.681,0.649,0.462,0.673
2,A1_3,0.269,0.644,0.806,1.0,0.323,0.613,0.632,0.842,0.572,0.674,0.757,0.639,0.615,0.757,0.494,0.672
2,B1_1,0.443,0.377,0.356,0.323,1.0,0.739,0.836,0.509,0.578,0.501,0.658,0.79,0.684,0.347,0.535,0.547
2,B1_2,0.48,0.748,0.603,0.613,0.739,1.0,0.745,0.567,0.501,0.606,0.695,0.715,0.675,0.467,0.657,0.583
2,B1_3,0.207,0.517,0.501,0.632,0.836,0.745,1.0,0.659,0.514,0.515,0.674,0.798,0.644,0.454,0.444,0.567
2,A2_1,0.547,0.636,0.861,0.842,0.509,0.567,0.659,1.0,0.817,0.83,0.932,0.796,0.815,0.764,0.593,0.783
2,A2_2,0.586,0.484,0.755,0.572,0.578,0.501,0.514,0.817,1.0,0.87,0.825,0.844,0.891,0.563,0.426,0.536
2,A2_3,0.513,0.707,0.884,0.674,0.501,0.606,0.515,0.83,0.87,1.0,0.835,0.741,0.761,0.61,0.394,0.577
2,B2_1,0.643,0.647,0.811,0.757,0.658,0.695,0.674,0.932,0.825,0.835,1.0,0.806,0.845,0.681,0.757,0.845
2,B2_2,0.421,0.466,0.616,0.639,0.79,0.715,0.798,0.796,0.844,0.741,0.806,1.0,0.902,0.524,0.48,0.631
2,B2_3,0.564,0.535,0.681,0.615,0.684,0.675,0.644,0.815,0.891,0.761,0.845,0.902,1.0,0.623,0.59,0.621
2,y1,0.435,0.512,0.649,0.757,0.347,0.467,0.454,0.764,0.563,0.61,0.681,0.524,0.623,1.0,0.566,0.562
2,y2,0.673,0.429,0.462,0.494,0.535,0.657,0.444,0.593,0.426,0.394,0.757,0.48,0.59,0.566,1.0,0.757
2,y3,0.628,0.493,0.673,0.672,0.547,0.583,0.567,0.783,0.536,0.577,0.845,0.631,0.621,0.562,0.757,1.0
3,.,1.0,0.528,0.584,0.238,0.409,0.455,0.197,0.47,0.526,0.429,0.601,0.386,0.506,0.415,0.697,0.641
3,A1_1,0.528,1.0,0.801,0.627,0.374,0.748,0.543,0.612,0.495,0.718,0.668,0.513,0.544,0.507,0.415,0.489
3,A1_2,0.584,0.801,1.0,0.801,0.346,0.592,0.5,0.839,0.758,0.878,0.818,0.654,0.683,0.642,0.432,0.669
3,A1_3,0.238,0.627,0.801,1.0,0.306,0.603,0.615,0.845,0.561,0.686,0.771,0.655,0.623,0.747,0.444,0.636
3,B1_1,0.409,0.374,0.346,0.306,1.0,0.73,0.84,0.504,0.567,0.497,0.637,0.774,0.676,0.33,0.495,0.556
3,B1_2,0.455,0.748,0.592,0.603,0.73,1.0,0.752,0.554,0.513,0.626,0.699,0.755,0.687,0.455,0.62,0.573
3,B1_3,0.197,0.543,0.5,0.615,0.84,0.752,1.0,0.673,0.512,0.546,0.681,0.792,0.644,0.44,0.407,0.563
3,A2_1,0.47,0.612,0.839,0.845,0.504,0.554,0.673,1.0,0.788,0.811,0.919,0.785,0.806,0.749,0.536,0.745
3,A2_2,0.526,0.495,0.758,0.561,0.567,0.513,0.512,0.788,1.0,0.863,0.78,0.858,0.882,0.512,0.35,0.488
3,A2_3,0.429,0.718,0.878,0.686,0.497,0.626,0.546,0.811,0.863,1.0,0.817,0.772,0.761,0.591,0.327,0.544
3,B2_1,0.601,0.668,0.818,0.771,0.637,0.699,0.681,0.919,0.78,0.817,1.0,0.78,0.81,0.658,0.724,0.823
3,B2_2,0.386,0.513,0.654,0.655,0.774,0.755,0.792,0.785,0.858,0.772,0.78,1.0,0.894,0.491,0.415,0.589
3,B2_3,0.506,0.544,0.683,0.623,0.676,0.687,0.644,0.806,0.882,0.761,0.81,0.894,1.0,0.587,0.531,0.582
3,y1,0.415,0.507,0.642,0.747,0.33,0.455,0.44,0.749,0.512,0.591,0.658,0.491,0.587,1.0,0.536,0.519
3,y2,0.697,0.415,0.432,0.444,0.495,0.62,0.407,0.536,0.35,0.327,0.724,0.415,0.531,0.536,1.0,0.715
3,y3,0.641,0.489,0.669,0.636,0.556,0.573,0.563,0.745,0.488,0.544,0.823,0.589,0.582,0.519,0.715,1.0
4,.,1.0,0.507,0.568,0.199,0.387,0.428,0.169,0.407,0.475,0.37,0.553,0.341,0.451,0.395,0.701,0.647
4,A1_1,0.507,1.0,0.786,0.607,0.375,0.756,0.543,0.597,0.491,0.699,0.665,0.533,0.546,0.494,0.398,0.484
4,A1_2,0.568,0.786,1.0,0.785,0.342,0.583,0.479,0.822,0.76,0.876,0.811,0.674,0.685,0.622,0.409,0.663
4,A1_3,0.199,0.607,0.785,1.0,0.299,0.597,0.602,0.852,0.548,0.68,0.777,0.676,0.627,0.73,0.423,0.616
4,B1_1,0.387,0.375,0.342,0.299,1.0,0.721,0.84,0.51,0.555,0.47,0.632,0.756,0.664,0.299,0.466,0.556
4,B1_2,0.428,0.756,0.583,0.597,0.721,1.0,0.745,0.555,0.513,0.608,0.699,0.766,0.691,0.429,0.583,0.563
4,B1_3,0.169,0.543,0.479,0.602,0.84,0.745,1.0,0.685,0.494,0.517,0.682,0.786,0.639,0.408,0.376,0.552
4,A2_1,0.407,0.597,0.822,0.852,0.51,0.555,0.685,1.0,0.765,0.791,0.908,0.8,0.8,0.732,0.497,0.705
4,A2_2,0.475,0.491,0.76,0.548,0.555,0.513,0.494,0.765,1.0,0.862,0.745,0.858,0.872,0.454,0.286,0.445
4,A2_3,0.37,0.699,0.876,0.68,0.47,0.608,0.517,0.791,0.862,1.0,0.794,0.781,0.748,0.539,0.255,0.508
4,B2_1,0.553,0.665,0.811,0.777,0.632,0.699,0.682,0.908,0.745,0.794,1.0,0.791,0.791,0.627,0.696,0.805
4,B2_2,0.341,0.533,0.674,0.676,0.756,0.766,0.786,0.8,0.858,0.781,0.791,1.0,0.893,0.46,0.384,0.57
4,B2_3,0.451,0.546,0.685,0.627,0.664,0.691,0.639,0.8,0.872,0.748,0.791,0.893,1.0,0.541,0.483,0.537
4,y1,0.395,0.494,0.622,0.73,0.299,0.429,0.408,0.732,0.454,0.539,0.627,0.46,0.541,1.0,0.523,0.492
4,y2,0.701,0.398,0.409,0.423,0.466,0.583,0.376,0.497,0.286,0.255,0.696,0.384,0.483,0.523,1.0,0.699
4,y3,0.647,0.484,0.663,0.616,0.556,0.563,0.552,0.705,0.445,0.508,0.805,0.57,0.537,0.492,0.699,1.0
5,.,1.0,0.478,0.546,0.153,0.365,0.4,0.146,0.35,0.421,0.305,0.5,0.271,0.385,0.384,0.712,0.653
5,A1_1,0.478,1.0,0.76,0.58,0.389,0.768,0.557,0.597,0.48,0.686,0.653,0.553,0.545,0.486,0.379,0.474
5,A1_2,0.546,0.76,1.0,0.765,0.346,0.577,0.466,0.814,0.761,0.868,0.804,0.686,0.684,0.605,0.38,0.65
5,A1_3,0.153,0.58,0.765,1.0,0.311,0.596,0.612,0.865,0.532,0.667,0.784,0.705,0.633,0.709,0.386,0.589
5,B1_1,0.365,0.389,0.346,0.311,1.0,0.713,0.839,0.516,0.549,0.464,0.634,0.737,0.656,0.271,0.422,0.55
5,B1_2,0.4,0.768,0.577,0.596,0.713,1.0,0.74,0.561,0.505,0.599,0.693,0.775,0.686,0.395,0.539,0.558
5,B1_3,0.146,0.557,0.466,0.612,0.839,0.74,1.0,0.699,0.481,0.507,0.686,0.786,0.643,0.381,0.333,0.537
5,A2_1,0.35,0.597,0.814,0.865,0.516,0.561,0.699,1.0,0.744,0.778,0.898,0.807,0.802,0.718,0.439,0.652
5,A2_2,0.421,0.48,0.761,0.532,0.549,0.505,0.481,0.744,1.0,0.858,0.722,0.845,0.859,0.391,0.207,0.396
5,A2_3,0.305,0.686,0.868,0.667,0.464,0.599,0.507,0.778,0.858,1.0,0.779,0.791,0.743,0.493,0.177,0.459
5,B2_1,0.5,0.653,0.804,0.784,0.634,0.693,0.686,0.898,0.722,0.779,1.0,0.791,0.782,0.596,0.642,0.773
5,B2_2,0.271,0.553,0.686,0.705,0.737,0.775,0.786,0.807,0.845,0.791,0.791,1.0,0.881,0.422,0.311,0.526
5,B2_3,0.385,0.545,0.684,0.633,0.656,0.686,0.643,0.802,0.859,0.743,0.782,0.881,1.0,0.495,0.414,0.488
5,y1,0.384,0.486,0.605,0.709,0.271,0.395,0.381,0.718,0.391,0.493,0.596,0.422,0.495,1.0,0.506,0.469
5,y2,0.712,0.379,0.38,0.386,0.422,0.539,0.333,0.439,0.207,0.177,0.642,0.311,0.414,0.506,1.0,0.675
5,y3,0.653,0.474,0.65,0.589,0.55,0.558,0.537,0.652,0.396,0.459,0.773,0.526,0.488,0.469,0.675,1.0
6,.,1.0,0.453,0.522,0.111,0.36,0.368,0.108,0.319,0.39,0.266,0.445,0.205,0.331,0.366,0.707,0.645
6,A1_1,0.453,1.0,0.725,0.563,0.396,0.788,0.549,0.598,0.456,0.656,0.63,0.544,0.533,0.472,0.371,0.471
6,A1_2,0.522,0.725,1.0,0.755,0.347,0.57,0.436,0.825,0.764,0.864,0.796,0.682,0.677,0.587,0.372,0.646
6,A1_3,0.111,0.563,0.755,1.0,0.313,0.602,0.61,0.872,0.528,0.657,0.786,0.729,0.641,0.685,0.369,0.58
6,B1_1,0.36,0.396,0.347,0.313,1.0,0.7,0.833,0.517,0.548,0.447,0.639,0.719,0.652,0.233,0.403,0.544
6,B1_2,0.368,0.788,0.57,0.602,0.7,1.0,0.725,0.574,0.502,0.591,0.692,0.764,0.677,0.359,0.5,0.555
6,B1_3,0.108,0.549,0.436,0.61,0.833,0.725,1.0,0.691,0.456,0.466,0.685,0.776,0.644,0.338,0.304,0.526
6,A2_1,0.319,0.598,0.825,0.872,0.517,0.574,0.691,1.0,0.741,0.774,0.893,0.829,0.812,0.695,0.412,0.628
6,A2_2,0.39,0.456,0.764,0.528,0.548,0.502,0.456,0.741,1.0,0.858,0.707,0.832,0.842,0.332,0.165,0.371
6,A2_3,0.266,0.656,0.864,0.657,0.447,0.591,0.466,0.774,0.858,1.0,0.762,0.789,0.728,0.445,0.129,0.428
6,B2_1,0.445,0.63,0.796,0.786,0.639,0.692,0.685,0.893,0.707,0.762,1.0,0.802,0.784,0.559,0.614,0.757
6,B2_2,0.205,0.544,0.682,0.729,0.719,0.764,0.776,0.829,0.832,0.789,0.802,1.0,0.881,0.38,0.262,0.505
6,B2_3,0.331,0.533,0.677,0.641,0.652,0.677,0.644,0.812,0.842,0.728,0.784,0.881,1.0,0.451,0.378,0.461
6,y1,0.366,0.472,0.587,0.685,0.233,0.359,0.338,0.695,0.332,0.445,0.559,0.38,0.451,1.0,0.504,0.464
6,y2,0.707,0.371,0.372,0.369,0.403,0.5,0.304,0.412,0.165,0.129,0.614,0.262,0.378,0.504,1.0,0.679
6,y3,0.645,0.471,0.646,0.58,0.544,0.555,0.526,0.628,0.371,0.428,0.757,0.505,0.461,0.464,0.679,1.0
7,.,1.0,0.426,0.501,0.081,0.354,0.342,0.082,0.294,0.366,0.222,0.409,0.148,0.288,0.374,0.723,0.649
7,A1_1,0.426,1.0,0.684,0.537,0.397,0.802,0.549,0.6,0.443,0.639,0.615,0.544,0.534,0.459,0.361,0.464
7,A1_2,0.501,0.684,1.0,0.746,0.35,0.57,0.42,0.831,0.771,0.857,0.803,0.69,0.684,0.574,0.36,0.639
7,A1_3,0.081,0.537,0.746,1.0,0.324,0.599,0.624,0.881,0.527,0.653,0.798,0.755,0.657,0.654,0.336,0.57
7,B1_1,0.354,0.397,0.35,0.324,1.0,0.68,0.823,0.523,0.554,0.444,0.638,0.69,0.649,0.208,0.382,0.54
7,B1_2,0.342,0.802,0.57,0.599,0.68,1.0,0.709,0.587,0.508,0.596,0.687,0.759,0.676,0.319,0.454,0.554
7,B1_3,0.082,0.549,0.42,0.624,0.823,0.709,1.0,0.695,0.448,0.459,0.685,0.762,0.654,0.306,0.269,0.52
7,A2_1,0.294,0.6,0.831,0.881,0.523,0.587,0.695,1.0,0.738,0.779,0.894,0.841,0.826,0.668,0.381,0.605
7,A2_2,0.366,0.443,0.771,0.527,0.554,0.508,0.448,0.738,1.0,0.859,0.71,0.825,0.831,0.291,0.13,0.352
7,A2_3,0.222,0.639,0.857,0.653,0.444,0.596,0.459,0.779,0.859,1.0,0.764,0.801,0.735,0.419,0.085,0.394
7,B2_1,0.409,0.615,0.803,0.798,0.638,0.687,0.685,0.894,0.71,0.764,1.0,0.801,0.796,0.532,0.57,0.734
7,B2_2,0.148,0.544,0.69,0.755,0.69,0.759,0.762,0.841,0.825,0.801,0.801,1.0,0.874,0.345,0.191,0.476
7,B2_3,0.288,0.534,0.684,0.657,0.649,0.676,0.654,0.826,0.831,0.735,0.796,0.874,1.0,0.412,0.338,0.446
7,y1,0.374,0.459,0.574,0.654,0.208,0.319,0.306,0.668,0.291,0.419,0.532,0.345,0.412,1.0,0.501,0.463
7,y2,0.723,0.361,0.36,0.336,0.382,0.454,0.269,0.381,0.13,0.085,0.57,0.191,0.338,0.501,1.0,0.679
7,y3,0.649,0.464,0.639,0.57,0.54,0.554,0.52,0.605,0.352,0.394,0.734,0.476,0.446,0.463,0.679,1.0
8,.,1.0,0.402,0.476,0.07,0.341,0.316,0.065,0.272,0.344,0.183,0.355,0.102,0.24,0.37,0.727,0.648
8,A1_1,0.402,1.0,0.65,0.536,0.404,0.811,0.559,0.611,0.444,0.631,0.607,0.552,0.546,0.45,0.351,0.459
8,A1_2,0.476,0.65,1.0,0.758,0.357,0.561,0.416,0.835,0.778,0.849,0.803,0.705,0.691,0.548,0.356,0.628
8,A1_3,0.07,0.536,0.758,1.0,0.331,0.604,0.623,0.886,0.538,0.658,0.813,0.781,0.687,0.624,0.321,0.561
8,B1_1,0.341,0.404,0.357,0.331,1.0,0.674,0.822,0.538,0.557,0.437,0.641,0.667,0.646,0.17,0.353,0.523
8,B1_2,0.316,0.811,0.561,0.604,0.674,1.0,0.706,0.603,0.513,0.592,0.683,0.755,0.677,0.284,0.42,0.542
8,B1_3,0.065,0.559,0.416,0.623,0.822,0.706,1.0,0.707,0.449,0.45,0.701,0.755,0.677,0.272,0.241,0.508
8,A2_1,0.272,0.611,0.835,0.886,0.538,0.603,0.707,1.0,0.738,0.775,0.897,0.86,0.844,0.634,0.355,0.579
8,A2_2,0.344,0.444,0.778,0.538,0.557,0.513,0.449,0.738,1.0,0.86,0.707,0.813,0.808,0.241,0.095,0.321
8,A2_3,0.183,0.631,0.849,0.658,0.437,0.592,0.45,0.775,0.86,1.0,0.756,0.807,0.73,0.383,0.043,0.345
8,B2_1,0.355,0.607,0.803,0.813,0.641,0.683,0.701,0.897,0.707,0.756,1.0,0.816,0.816,0.492,0.523,0.704
8,B2_2,0.102,0.552,0.705,0.781,0.667,0.755,0.755,0.86,0.813,0.807,0.816,1.0,0.872,0.302,0.147,0.45
8,B2_3,0.24,0.546,0.691,0.687,0.646,0.677,0.677,0.844,0.808,0.73,0.816,0.872,1.0,0.37,0.31,0.427
8,y1,0.37,0.45,0.548,0.624,0.17,0.284,0.272,0.634,0.241,0.383,0.492,0.302,0.37,1.0,0.492,0.458
8,y2,0.727,0.351,0.356,0.321,0.353,0.42,0.241,0.355,0.095,0.043,0.523,0.147,0.31,0.492,1.0,0.685
8,y3,0.648,0.459,0.628,0.561,0.523,0.542,0.508,0.579,0.321,0.345,0.704,0.45,0.427,0.458,0.685,1.0
9,.,1.0,0.369,0.464,0.059,0.322,0.289,0.059,0.241,0.315,0.146,0.33,0.065,0.22,0.405,0.752,0.674
9,A1_1,0.369,1.0,0.625,0.524,0.417,0.81,0.583,0.622,0.449,0.631,0.608,0.56,0.574,0.451,0.334,0.45
9,A1_2,0.464,0.625,1.0,0.755,0.364,0.567,0.427,0.819,0.778,0.838,0.815,0.721,0.718,0.53,0.344,0.612
9,A1_3,0.059,0.524,0.755,1.0,0.358,0.604,0.65,0.889,0.543,0.65,0.832,0.806,0.712,0.573,0.28,0.539
9,B1_1,0.322,0.417,0.364,0.358,1.0,0.661,0.821,0.556,0.566,0.429,0.636,0.633,0.638,0.156,0.345,0.503
9,B1_2,0.289,0.81,0.567,0.604,0.661,1.0,0.702,0.612,0.521,0.594,0.677,0.751,0.693,0.245,0.391,0.533
9,B1_3,0.059,0.583,0.427,0.65,0.821,0.702,1.0,0.737,0.471,0.453,0.709,0.743,0.689,0.248,0.221,0.487
9,A2_1,0.241,0.622,0.819,0.889,0.556,0.612,0.737,1.0,0.734,0.762,0.907,0.871,0.864,0.586,0.324,0.543
9,A2_2,0.315,0.449,0.778,0.543,0.566,0.521,0.471,0.734,1.0,0.863,0.726,0.813,0.821,0.213,0.072,0.292
9,A2_3,0.146,0.631,0.838,0.65,0.429,0.594,0.453,0.762,0.863,1.0,0.758,0.815,0.748,0.36,0.002,0.288
9,B2_1,0.33,0.608,0.815,0.832,0.636,0.677,0.709,0.907,0.726,0.758,1.0,0.822,0.839,0.46,0.471,0.659
9,B2_2,0.065,0.56,0.721,0.806,0.633,0.751,0.743,0.871,0.813,0.815,0.822,1.0,0.878,0.271,0.098,0.412
9,B2_3,0.22,0.574,0.718,0.712,0.638,0.693,0.689,0.864,0.821,0.748,0.839,0.878,1.0,0.323,0.287,0.408
9,y1,0.405,0.451,0.53,0.573,0.156,0.245,0.248,0.586,0.213,0.36,0.46,0.271,0.323,1.0,0.472,0.455
9,y2,0.752,0.334,0.344,0.28,0.345,0.391,0.221,0.324,0.072,0.002,0.471,0.098,0.287,0.472,1.0,0.695
9,y3,0.674,0.45,0.612,0.539,0.503,0.533,0.487,0.543,0.292,0.288,0.659,0.412,0.408,0.455,0.695,1.0
10,.,1.0,0.344,0.438,0.044,0.3,0.258,0.047,0.204,0.272,0.099,0.273,0.015,0.167,0.408,0.755,0.684
10,A1_1,0.344,1.0,0.605,0.539,0.435,0.811,0.604,0.641,0.464,0.632,0.615,0.569,0.593,0.454,0.319,0.442
10,A1_2,0.438,0.605,1.0,0.766,0.372,0.557,0.436,0.813,0.778,0.827,0.809,0.73,0.726,0.496,0.337,0.59
10,A1_3,0.044,0.539,0.766,1.0,0.363,0.619,0.653,0.888,0.558,0.663,0.84,0.823,0.738,0.533,0.256,0.504
10,B1_1,0.3,0.435,0.372,0.363,1.0,0.661,0.825,0.57,0.567,0.421,0.638,0.611,0.629,0.125,0.313,0.469
10,B1_2,0.258,0.811,0.557,0.619,0.661,1.0,0.71,0.626,0.521,0.587,0.678,0.751,0.694,0.219,0.361,0.511
10,B1_3,0.047,0.604,0.436,0.653,0.825,0.71,1.0,0.753,0.487,0.454,0.727,0.733,0.703,0.22,0.197,0.461
10,A2_1,0.204,0.641,0.813,0.888,0.57,0.626,0.753,1.0,0.742,0.762,0.905,0.879,0.878,0.541,0.28,0.489
10,A2_2,0.272,0.464,0.778,0.558,0.567,0.521,0.487,0.742,1.0,0.866,0.725,0.809,0.812,0.168,0.029,0.238
10,A2_3,0.099,0.632,0.827,0.663,0.421,0.587,0.454,0.762,0.866,1.0,0.752,0.821,0.749,0.332,-0.038,0.224
10,B2_1,0.273,0.615,0.809,0.84,0.638,0.678,0.727,0.905,0.725,0.752,1.0,0.83,0.853,0.412,0.425,0.6
10,B2_2,0.015,0.569,0.73,0.823,0.611,0.751,0.733,0.879,0.809,0.821,0.83,1.0,0.878,0.223,0.059,0.354
10,B2_3,0.167,0.593,0.726,0.738,0.629,0.694,0.703,0.878,0.812,0.749,0.853,0.878,1.0,0.276,0.248,0.357
10,y1,0.408,0.454,0.496,0.533,0.125,0.219,0.22,0.541,0.168,0.332,0.412,0.223,0.276,1.0,0.456,0.447
10,y2,0.755,0.319,0.337,0.256,0.313,0.361,0.197,0.28,0.029,-0.038,0.425,0.059,0.248,0.456,1.0,0.702
10,y3,0.684,0.442,0.59,0.504,0.469,0.511,0.461,0.489,0.238,0.224,0.6,0.354,0.357,0.447,0.702,1.0
11,.,1.0,0.317,0.421,0.043,0.277,0.229,0.043,0.181,0.227,0.044,0.245,-0.003,0.14,0.44,0.775,0.713
11,A1_1,0.317,1.0,0.604,0.556,0.455,0.809,0.623,0.66,0.489,0.653,0.63,0.593,0.621,0.45,0.297,0.441
11,A1_2,0.421,0.604,1.0,0.78,0.393,0.565,0.457,0.806,0.778,0.816,0.813,0.747,0.747,0.468,0.334,0.569
11,A1_3,0.043,0.556,0.78,1.0,0.391,0.637,0.666,0.889,0.583,0.693,0.852,0.828,0.762,0.477,0.23,0.472
11,B1_1,0.277,0.455,0.393,0.391,1.0,0.665,0.833,0.6,0.583,0.431,0.65,0.607,0.633,0.116,0.307,0.445
11,B1_2,0.229,0.809,0.565,0.637,0.665,1.0,0.719,0.639,0.534,0.59,0.683,0.761,0.713,0.184,0.338,0.498
11,B1_3,0.043,0.623,0.457,0.666,0.833,0.719,1.0,0.776,0.516,0.484,0.745,0.715,0.713,0.194,0.189,0.437
11,A2_1,0.181,0.66,0.806,0.889,0.6,0.639,0.776,1.0,0.752,0.773,0.915,0.867,0.885,0.496,0.262,0.452
11,A2_2,0.227,0.489,0.778,0.583,0.583,0.534,0.516,0.752,1.0,0.863,0.742,0.831,0.83,0.146,0.017,0.202
11,A2_3,0.044,0.653,0.816,0.693,0.431,0.59,0.484,0.773,0.863,1.0,0.758,0.848,0.767,0.334,-0.065,0.172
11,B2_1,0.245,0.63,0.813,0.852,0.65,0.683,0.745,0.915,0.742,0.758,1.0,0.824,0.872,0.37,0.392,0.55
11,B2_2,-0.003,0.593,0.747,0.828,0.607,0.761,0.715,0.867,0.831,0.848,0.824,1.0,0.862,0.193,0.026,0.292
11,B2_3,0.14,0.621,0.747,0.762,0.633,0.713,0.713,0.885,0.83,0.767,0.872,0.862,1.0,0.227,0.237,0.321
11,y1,0.44,0.45,0.468,0.477,0.116,0.184,0.194,0.496,0.146,0.334,0.37,0.193,0.227,1.0,0.429,0.449
11,y2,0.775,0.297,0.334,0.23,0.307,0.338,0.189,0.262,0.017,-0.065,0.392,0.026,0.237,0.429,1.0,0.718
11,y3,0.713,0.441,0.569,0.472,0.445,0.498,0.437,0.452,0.202,0.172,0.55,0.292,0.321,0.449,0.718,1.0
12,.,1.0,0.286,0.408,0.039,0.247,0.199,0.033,0.159,0.18,-0.009,0.213,-0.024,0.108,0.467,0.787,0.731
12,A1_1,0.286,1.0,0.605,0.575,0.474,0.808,0.643,0.68,0.513,0.664,0.647,0.614,0.644,0.445,0.271,0.426
12,A1_2,0.408,0.605,1.0,0.791,0.407,0.569,0.473,0.802,0.776,0.807,0.813,0.755,0.759,0.446,0.319,0.556
12,A1_3,0.039,0.575,0.791,1.0,0.408,0.654,0.673,0.889,0.608,0.727,0.859,0.834,0.781,0.429,0.195,0.444
12,B1_1,0.247,0.474,0.407,0.408,1.0,0.671,0.84,0.621,0.593,0.451,0.66,0.592,0.635,0.108,0.273,0.431
12,B1_2,0.199,0.808,0.569,0.654,0.671,1.0,0.73,0.65,0.544,0.605,0.689,0.768,0.726,0.16,0.301,0.483
12,B1_3,0.033,0.643,0.473,0.673,0.84,0.73,1.0,0.792,0.54,0.515,0.761,0.698,0.721,0.17,0.166,0.424
12,A2_1,0.159,0.68,0.802,0.889,0.621,0.65,0.792,1.0,0.763,0.787,0.919,0.857,0.889,0.461,0.228,0.423
12,A2_2,0.18,0.513,0.776,0.608,0.593,0.544,0.54,0.763,1.0,0.865,0.755,0.838,0.843,0.125,-0.019,0.176
12,A2_3,-0.009,0.664,0.807,0.727,0.451,0.605,0.515,0.787,0.865,1.0,0.77,0.871,0.79,0.314,-0.101,0.144
12,B2_1,0.213,0.647,0.813,0.859,0.66,0.689,0.761,0.919,0.755,0.77,1.0,0.814,0.883,0.332,0.343,0.514
12,B2_2,-0.024,0.614,0.755,0.834,0.592,0.768,0.698,0.857,0.838,0.871,0.814,1.0,0.859,0.166,-0.019,0.255
12,B2_3,0.108,0.644,0.759,0.781,0.635,0.726,0.721,0.889,0.843,0.79,0.883,0.859,1.0,0.185,0.201,0.297
12,y1,0.467,0.445,0.446,0.429,0.108,0.16,0.17,0.461,0.125,0.314,0.332,0.166,0.185,1.0,0.418,0.449
12,y2,0.787,0.271,0.319,0.195,0.273,0.301,0.166,0.228,-0.019,-0.101,0.343,-0.019,0.201,0.418,1.0,0.718
12,y3,0.731,0.426,0.556,0.444,0.431,0.483,0.424,0.423,0.176,0.144,0.514,0.255,0.297,0.449,0.718,1.0
13,.,1.0,0.255,0.398,0.03,0.221,0.165,0.023,0.139,0.14,-0.044,0.183,-0.048,0.084,0.495,0.799,0.745
13,A1_1,0.255,1.0,0.612,0.593,0.493,0.806,0.665,0.702,0.543,0.675,0.668,0.628,0.668,0.441,0.239,0.407
13,A1_2,0.398,0.612,1.0,0.8,0.421,0.573,0.495,0.797,0.771,0.802,0.819,0.759,0.772,0.436,0.301,0.544
13,A1_3,0.03,0.593,0.8,1.0,0.425,0.665,0.686,0.888,0.626,0.749,0.869,0.844,0.794,0.392,0.154,0.417
13,B1_1,0.221,0.493,0.421,0.425,1.0,0.679,0.844,0.638,0.606,0.473,0.662,0.589,0.635,0.109,0.238,0.413
13,B1_2,0.165,0.806,0.573,0.665,0.679,1.0,0.746,0.661,0.56,0.619,0.696,0.771,0.74,0.14,0.262,0.461
13,B1_3,0.023,0.665,0.495,0.686,0.844,0.746,1.0,0.809,0.569,0.545,0.773,0.702,0.731,0.154,0.138,0.406
13,A2_1,0.139,0.702,0.797,0.888,0.638,0.661,0.809,1.0,0.771,0.794,0.923,0.858,0.889,0.434,0.193,0.396
13,A2_2,0.14,0.543,0.771,0.626,0.606,0.56,0.569,0.771,1.0,0.871,0.771,0.846,0.857,0.113,-0.053,0.15
13,A2_3,-0.044,0.675,0.802,0.749,0.473,0.619,0.545,0.794,0.871,1.0,0.789,0.885,0.813,0.294,-0.134,0.119
13,B2_1,0.183,0.668,0.819,0.869,0.662,0.696,0.773,0.923,0.771,0.789,1.0,0.823,0.893,0.306,0.288,0.474
13,B2_2,-0.048,0.628,0.759,0.844,0.589,0.771,0.702,0.858,0.846,0.885,0.823,1.0,0.872,0.146,-0.059,0.225
13,B2_3,0.084,0.668,0.772,0.794,0.635,0.74,0.731,0.889,0.857,0.813,0.893,0.872,1.0,0.155,0.161,0.274
13,y1,0.495,0.441,0.436,0.392,0.109,0.14,0.154,0.434,0.113,0.294,0.306,0.146,0.155,1.0,0.418,0.453
13,y2,0.799,0.239,0.301,0.154,0.238,0.262,0.138,0.193,-0.053,-0.134,0.288,-0.059,0.161,0.418,1.0,0.72
13,y3,0.745,0.407,0.544,0.417,0.413,0.461,0.406,0.396,0.15,0.119,0.474,0.225,0.274,0.453,0.72,1.0
14,.,1.0,0.229,0.382,0.023,0.203,0.135,0.013,0.121,0.103,-0.079,0.149,-0.069,0.057,0.509,0.809,0.755
14,A1_1,0.229,1.0,0.62,0.615,0.515,0.809,0.685,0.72,0.573,0.685,0.689,0.645,0.692,0.436,0.209,0.391
14,A1_2,0.382,0.62,1.0,0.813,0.438,0.578,0.517,0.804,0.77,0.798,0.821,0.762,0.78,0.421,0.286,0.529
14,A1_3,0.023,0.615,0.813,1.0,0.438,0.682,0.693,0.89,0.648,0.771,0.873,0.852,0.806,0.364,0.126,0.391
14,B1_1,0.203,0.515,0.438,0.438,1.0,0.693,0.847,0.651,0.618,0.493,0.671,0.595,0.641,0.112,0.21,0.403
14,B1_2,0.135,0.809,0.578,0.682,0.693,1.0,0.762,0.677,0.575,0.634,0.709,0.779,0.753,0.13,0.222,0.44
14,B1_3,0.013,0.685,0.517,0.693,0.847,0.762,1.0,0.819,0.595,0.571,0.788,0.71,0.744,0.143,0.115,0.394
14,A2_1,0.121,0.72,0.804,0.89,0.651,0.677,0.819,1.0,0.783,0.804,0.926,0.862,0.893,0.41,0.165,0.374
14,A2_2,0.103,0.573,0.77,0.648,0.618,0.575,0.595,0.783,1.0,0.877,0.784,0.853,0.865,0.098,-0.087,0.126
14,A2_3,-0.079,0.685,0.798,0.771,0.493,0.634,0.571,0.804,0.877,1.0,0.802,0.894,0.828,0.268,-0.166,0.094
14,B2_1,0.149,0.689,0.821,0.873,0.671,0.709,0.788,0.926,0.784,0.802,1.0,0.831,0.901,0.277,0.245,0.438
14,B2_2,-0.069,0.645,0.762,0.852,0.595,0.779,0.71,0.862,0.853,0.894,0.831,1.0,0.882,0.122,-0.091,0.201
14,B2_3,0.057,0.692,0.78,0.806,0.641,0.753,0.744,0.893,0.865,0.828,0.901,0.882,1.0,0.129,0.123,0.252
14,y1,0.509,0.436,0.421,0.364,0.112,0.13,0.143,0.41,0.098,0.268,0.277,0.122,0.129,1.0,0.422,0.457
14,y2,0.809,0.209,0.286,0.126,0.21,0.222,0.115,0.165,-0.087,-0.166,0.245,-0.091,0.123,0.422,1.0,0.728
14,y3,0.755,0.391,0.529,0.391,0.403,0.44,0.394,0.374,0.126,0.094,0.438,0.201,0.252,0.457,0.728,1.0
15,.,1.0,0.208,0.374,0.024,0.181,0.108,0.008,0.108,0.073,-0.098,0.12,-0.074,0.04,0.522,0.817,0.764
15,A1_1,0.208,1.0,0.632,0.635,0.535,0.811,0.707,0.738,0.608,0.698,0.712,0.663,0.716,0.434,0.18,0.375
15,A1_2,0.374,0.632,1.0,0.825,0.454,0.588,0.542,0.806,0.767,0.797,0.824,0.771,0.788,0.415,0.274,0.521
15,A1_3,0.024,0.635,0.825,1.0,0.453,0.7,0.7,0.891,0.67,0.789,0.88,0.867,0.819,0.349,0.103,0.371
15,B1_1,0.181,0.535,0.454,0.453,1.0,0.709,0.854,0.669,0.632,0.512,0.678,0.605,0.65,0.114,0.175,0.39
15,B1_2,0.108,0.811,0.588,0.7,0.709,1.0,0.782,0.697,0.598,0.652,0.727,0.789,0.771,0.128,0.184,0.42
15,B1_3,0.008,0.707,0.542,0.7,0.854,0.782,1.0,0.835,0.625,0.597,0.803,0.726,0.759,0.14,0.091,0.382
15,A2_1,0.108,0.738,0.806,0.891,0.669,0.697,0.835,1.0,0.791,0.809,0.932,0.868,0.895,0.394,0.145,0.359
15,A2_2,0.073,0.608,0.767,0.67,0.632,0.598,0.625,0.791,1.0,0.884,0.8,0.863,0.874,0.09,-0.117,0.107
15,A2_3,-0.098,0.698,0.797,0.789,0.512,0.652,0.597,0.809,0.884,1.0,0.818,0.903,0.843,0.253,-0.188,0.078
15,B2_1,0.12,0.712,0.824,0.88,0.678,0.727,0.803,0.932,0.8,0.818,1.0,0.848,0.91,0.261,0.202,0.404
15,B2_2,-0.074,0.663,0.771,0.867,0.605,0.789,0.726,0.868,0.863,0.903,0.848,1.0,0.896,0.116,-0.106,0.19
15,B2_3,0.04,0.716,0.788,0.819,0.65,0.771,0.759,0.895,0.874,0.843,0.91,0.896,1.0,0.118,0.089,0.237
15,y1,0.522,0.434,0.415,0.349,0.114,0.128,0.14,0.394,0.09,0.253,0.261,0.116,0.118,1.0,0.43,0.467
15,y2,0.817,0.18,0.274,0.103,0.175,0.184,0.091,0.145,-0.117,-0.188,0.202,-0.106,0.089,0.43,1.0,0.734
15,y3,0.764,0.375,0.521,0.371,0.39,0.42,0.382,0.359,0.107,0.078,0.404,0.19,0.237,0.467,0.734,1.0
16,.,1.0,0.184,0.374,0.019,0.164,0.088,0.007,0.101,0.051,-0.111,0.1,-0.077,0.029,0.537,0.824,0.775
16,A1_1,0.184,1.0,0.646,0.656,0.546,0.808,0.73,0.76,0.646,0.716,0.737,0.683,0.742,0.435,0.147,0.355
16,A1_2,0.374,0.646,1.0,0.829,0.466,0.6,0.571,0.809,0.767,0.796,0.828,0.777,0.795,0.417,0.27,0.513
16,A1_3,0.019,0.656,0.829,1.0,0.466,0.711,0.718,0.895,0.688,0.803,0.886,0.876,0.828,0.34,0.081,0.348
16,B1_1,0.164,0.546,0.466,0.466,1.0,0.718,0.859,0.677,0.639,0.521,0.684,0.61,0.656,0.122,0.153,0.379
16,B1_2,0.088,0.808,0.6,0.711,0.718,1.0,0.801,0.713,0.619,0.667,0.741,0.799,0.786,0.128,0.151,0.399
16,B1_3,0.007,0.73,0.571,0.718,0.859,0.801,1.0,0.852,0.659,0.626,0.821,0.748,0.779,0.151,0.074,0.368
16,A2_1,0.101,0.76,0.809,0.895,0.677,0.713,0.852,1.0,0.798,0.815,0.936,0.874,0.898,0.391,0.133,0.346
16,A2_2,0.051,0.646,0.767,0.688,0.639,0.619,0.659,0.798,1.0,0.89,0.814,0.871,0.882,0.093,-0.138,0.089
16,A2_3,-0.111,0.716,0.796,0.803,0.521,0.667,0.626,0.815,0.89,1.0,0.83,0.909,0.854,0.248,-0.204,0.062
16,B2_1,0.1,0.737,0.828,0.886,0.684,0.741,0.821,0.936,0.814,0.83,1.0,0.858,0.918,0.257,0.17,0.373
16,B2_2,-0.077,0.683,0.777,0.876,0.61,0.799,0.748,0.874,0.871,0.909,0.858,1.0,0.905,0.119,-0.121,0.176
16,B2_3,0.029,0.742,0.795,0.828,0.656,0.786,0.779,0.898,0.882,0.854,0.918,0.905,1.0,0.12,0.063,0.221
16,y1,0.537,0.435,0.417,0.34,0.122,0.128,0.151,0.391,0.093,0.248,0.257,0.119,0.12,1.0,0.447,0.487
16,y2,0.824,0.147,0.27,0.081,0.153,0.151,0.074,0.133,-0.138,-0.204,0.17,-0.121,0.063,0.447,1.0,0.743
16,y3,0.775,0.355,0.513,0.348,0.379,0.399,0.368,0.346,0.089,0.062,0.373,0.176,0.221,0.487,0.743,1.0
17,.,1.0,0.161,0.363,0.007,0.144,0.062,-0.006,0.086,0.021,-0.135,0.067,-0.091,0.007,0.549,0.831,0.782
17,A1_1,0.161,1.0,0.656,0.672,0.556,0.809,0.743,0.774,0.675,0.729,0.754,0.699,0.762,0.428,0.116,0.332
17,A1_2,0.363,0.656,1.0,0.837,0.48,0.61,0.589,0.818,0.767,0.793,0.829,0.781,0.799,0.409,0.265,0.5
17,A1_3,0.007,0.672,0.837,1.0,0.479,0.723,0.725,0.898,0.706,0.815,0.89,0.884,0.836,0.322,0.062,0.321
17,B1_1,0.144,0.556,0.48,0.479,1.0,0.73,0.864,0.686,0.648,0.533,0.693,0.621,0.667,0.12,0.128,0.363
17,B1_2,0.062,0.809,0.61,0.723,0.73,1.0,0.814,0.73,0.638,0.682,0.755,0.808,0.799,0.122,0.113,0.375
17,B1_3,-0.006,0.743,0.589,0.725,0.864,0.814,1.0,0.859,0.682,0.644,0.833,0.762,0.792,0.146,0.051,0.349
17,A2_1,0.086,0.774,0.818,0.898,0.686,0.73,0.859,1.0,0.809,0.821,0.94,0.882,0.904,0.374,0.119,0.327
17,A2_2,0.021,0.675,0.767,0.706,0.648,0.638,0.682,0.809,1.0,0.895,0.827,0.877,0.888,0.081,-0.163,0.064
17,A2_3,-0.135,0.729,0.793,0.815,0.533,0.682,0.644,0.821,0.895,1.0,0.839,0.914,0.863,0.226,-0.225,0.035
17,B2_1,0.067,0.754,0.829,0.89,0.693,0.755,0.833,0.94,0.827,0.839,1.0,0.868,0.924,0.239,0.138,0.336
17,B2_2,-0.091,0.699,0.781,0.884,0.621,0.808,0.762,0.882,0.877,0.914,0.868,1.0,0.912,0.107,-0.139,0.155
17,B2_3,0.007,0.762,0.799,0.836,0.667,0.799,0.792,0.904,0.888,0.863,0.924,0.912,1.0,0.108,0.031,0.198
17,y1,0.549,0.428,0.409,0.322,0.12,0.122,0.146,0.374,0.081,0.226,0.239,0.107,0.108,1.0,0.469,0.503
17,y2,0.831,0.116,0.265,0.062,0.128,0.113,0.051,0.119,-0.163,-0.225,0.138,-0.139,0.031,0.469,1.0,0.759
17,y3,0.782,0.332,0.5,0.321,0.363,0.375,0.349,0.327,0.064,0.035,0.336,0.155,0.198,0.503,0.759,1.0
18,.,1.0,0.135,0.343,-0.01,0.119,0.03,-0.026,0.065,-0.017,-0.166,0.03,-0.116,-0.024,0.562,0.839,0.79
18,A1_1,0.135,1.0,0.666,0.691,0.572,0.814,0.753,0.788,0.7,0.738,0.768,0.713,0.779,0.415,0.088,0.31
18,A1_2,0.343,0.666,1.0,0.843,0.498,0.618,0.605,0.829,0.767,0.792,0.83,0.785,0.803,0.396,0.255,0.483
18,A1_3,-0.01,0.691,0.843,1.0,0.495,0.737,0.731,0.902,0.724,0.826,0.891,0.892,0.844,0.301,0.039,0.291
18,B1_1,0.119,0.572,0.498,0.495,1.0,0.746,0.87,0.696,0.659,0.55,0.706,0.636,0.681,0.11,0.099,0.341
18,B1_2,0.03,0.814,0.618,0.737,0.746,1.0,0.827,0.747,0.654,0.695,0.769,0.815,0.81,0.114,0.069,0.348
18,B1_3,-0.026,0.753,0.605,0.731,0.87,0.827,1.0,0.861,0.701,0.659,0.842,0.772,0.802,0.132,0.023,0.325
18,A2_1,0.065,0.788,0.829,0.902,0.696,0.747,0.861,1.0,0.82,0.83,0.942,0.891,0.909,0.352,0.097,0.301
18,A2_2,-0.017,0.7,0.767,0.724,0.659,0.654,0.701,0.82,1.0,0.9,0.84,0.882,0.893,0.061,-0.194,0.032
18,A2_3,-0.166,0.738,0.792,0.826,0.55,0.695,0.659,0.83,0.9,1.0,0.848,0.919,0.871,0.196,-0.249,0.005
18,B2_1,0.03,0.768,0.83,0.891,0.706,0.769,0.842,0.942,0.84,0.848,1.0,0.877,0.93,0.212,0.102,0.296
18,B2_2,-0.116,0.713,0.785,0.892,0.636,0.815,0.772,0.891,0.882,0.919,0.877,1.0,0.918,0.087,-0.165,0.128
18,B2_3,-0.024,0.779,0.803,0.844,0.681,0.81,0.802,0.909,0.893,0.871,0.93,0.918,1.0,0.089,-0.007,0.171
18,y1,0.562,0.415,0.396,0.301,0.11,0.114,0.132,0.352,0.061,0.196,0.212,0.087,0.089,1.0,0.496,0.521
18,y2,0.839,0.088,0.255,0.039,0.099,0.069,0.023,0.097,-0.194,-0.249,0.102,-0.165,-0.007,0.496,1.0,0.777
18,y3,0.79,0.31,0.483,0.291,0.341,0.348,0.325,0.301,0.032,0.005,0.296,0.128,0.171,0.521,0.777,1.0
19,.,1.0,0.117,0.349,-0.003,0.117,0.019,-0.025,0.067,-0.032,-0.172,0.018,-0.108,-0.026,0.575,0.841,0.8
19,A1_1,0.117,1.0,0.675,0.707,0.58,0.811,0.774,0.806,0.737,0.759,0.793,0.736,0.803,0.419,0.051,0.286
19,A1_2,0.349,0.675,1.0,0.853,0.52,0.633,0.635,0.838,0.765,0.788,0.836,0.793,0.81,0.405,0.254,0.48
19,A1_3,-0.003,0.707,0.853,1.0,0.503,0.742,0.743,0.906,0.739,0.834,0.896,0.896,0.851,0.308,0.025,0.274
19,B1_1,0.117,0.58,0.52,0.503,1.0,0.755,0.872,0.703,0.666,0.557,0.711,0.648,0.694,0.139,0.083,0.336
19,B1_2,0.019,0.811,0.633,0.742,0.755,1.0,0.842,0.764,0.677,0.712,0.786,0.827,0.826,0.128,0.036,0.324
19,B1_3,-0.025,0.774,0.635,0.743,0.872,0.842,1.0,0.877,0.735,0.688,0.86,0.796,0.821,0.164,0.003,0.308
19,A2_1,0.067,0.806,0.838,0.906,0.703,0.764,0.877,1.0,0.824,0.834,0.945,0.896,0.913,0.365,0.092,0.295
19,A2_2,-0.032,0.737,0.765,0.739,0.666,0.677,0.735,0.824,1.0,0.905,0.856,0.889,0.901,0.071,-0.216,0.018
19,A2_3,-0.172,0.759,0.788,0.834,0.557,0.712,0.688,0.834,0.905,1.0,0.859,0.923,0.879,0.195,-0.268,-0.011
19,B2_1,0.018,0.793,0.836,0.896,0.711,0.786,0.86,0.945,0.856,0.859,1.0,0.885,0.936,0.226,0.071,0.271
19,B2_2,-0.108,0.736,0.793,0.896,0.648,0.827,0.796,0.896,0.889,0.923,0.885,1.0,0.925,0.106,-0.177,0.12
19,B2_3,-0.026,0.803,0.81,0.851,0.694,0.826,0.821,0.913,0.901,0.879,0.936,0.925,1.0,0.109,-0.035,0.157
19,y1,0.575,0.419,0.405,0.308,0.139,0.128,0.164,0.365,0.071,0.195,0.226,0.106,0.109,1.0,0.52,0.556
19,y2,0.841,0.051,0.254,0.025,0.083,0.036,0.003,0.092,-0.216,-0.268,0.071,-0.177,-0.035,0.52,1.0,0.786
19,y3,0.8,0.286,0.48,0.274,0.336,0.324,0.308,0.295,0.018,-0.011,0.271,0.12,0.157,0.556,0.786,1.0
20,.,1.0,0.097,0.335,-0.009,0.098,-0.001,-0.04,0.054,-0.062,-0.191,-0.011,-0.118,-0.048,0.587,0.846,0.807
20,A1_1,0.097,1.0,0.691,0.728,0.602,0.814,0.786,0.822,0.769,0.775,0.812,0.756,0.824,0.408,0.02,0.263
20,A1_2,0.335,0.691,1.0,0.86,0.544,0.648,0.656,0.848,0.764,0.788,0.838,0.798,0.814,0.4,0.239,0.469
20,A1_3,-0.009,0.728,0.86,1.0,0.523,0.755,0.753,0.91,0.755,0.843,0.899,0.904,0.859,0.3,0.004,0.253
20,B1_1,0.098,0.602,0.544,0.523,1.0,0.771,0.879,0.717,0.678,0.578,0.725,0.671,0.712,0.139,0.05,0.318
20,B1_2,-0.001,0.814,0.648,0.755,0.771,1.0,0.853,0.782,0.695,0.726,0.801,0.837,0.838,0.129,-0.001,0.299
20,B1_3,-0.04,0.786,0.656,0.753,0.879,0.853,1.0,0.885,0.756,0.707,0.873,0.814,0.834,0.163,-0.026,0.284
20,A2_1,0.054,0.822,0.848,0.91,0.717,0.782,0.885,1.0,0.831,0.84,0.947,0.905,0.918,0.354,0.071,0.278
20,A2_2,-0.062,0.769,0.764,0.755,0.678,0.695,0.756,0.831,1.0,0.911,0.867,0.893,0.906,0.057,-0.246,-0.006
20,A2_3,-0.191,0.775,0.788,0.843,0.578,0.726,0.707,0.84,0.911,1.0,0.867,0.927,0.886,0.173,-0.292,-0.033
20,B2_1,-0.011,0.812,0.838,0.899,0.725,0.801,0.873,0.947,0.867,0.867,1.0,0.895,0.942,0.21,0.031,0.238
20,B2_2,-0.118,0.756,0.798,0.904,0.671,0.837,0.814,0.905,0.893,0.927,0.895,1.0,0.931,0.102,-0.198,0.104
20,B2_3,-0.048,0.824,0.814,0.859,0.712,0.838,0.834,0.918,0.906,0.886,0.942,0.931,1.0,0.105,-0.073,0.136
20,y1,0.587,0.408,0.4,0.3,0.139,0.129,0.163,0.354,0.057,0.173,0.21,0.102,0.105,1.0,0.55,0.581
20,y2,0.846,0.02,0.239,0.004,0.05,-0.001,-0.026,0.071,-0.246,-0.292,0.031,-0.198,-0.073,0.55,1.0,0.796
20,y3,0.807,0.263,0.469,0.253,0.318,0.299,0.284,0.278,-0.006,-0.033,0.238,0.104,0.136,0.581,0.796,1.0
21,.,1.0,0.08,0.321,-0.02,0.078,-0.017,-0.053,0.041,-0.088,-0.21,-0.035,-0.131,-0.066,0.597,0.849,0.814
21,A1_1,0.08,1.0,0.71,0.746,0.618,0.816,0.792,0.833,0.792,0.787,0.825,0.772,0.839,0.399,-0.005,0.244
21,A1_2,0.321,0.71,1.0,0.863,0.564,0.66,0.672,0.857,0.769,0.791,0.841,0.802,0.818,0.397,0.227,0.455
21,A1_3,-0.02,0.746,0.863,1.0,0.543,0.764,0.761,0.916,0.769,0.851,0.902,0.909,0.867,0.294,-0.012,0.233
21,B1_1,0.078,0.618,0.564,0.543,1.0,0.787,0.887,0.725,0.687,0.596,0.74,0.691,0.726,0.137,0.025,0.305
21,B1_2,-0.017,0.816,0.66,0.764,0.787,1.0,0.861,0.795,0.709,0.737,0.811,0.845,0.847,0.13,-0.028,0.282
21,B1_3,-0.053,0.792,0.672,0.761,0.887,0.861,1.0,0.886,0.77,0.719,0.881,0.825,0.844,0.16,-0.044,0.268
21,A2_1,0.041,0.833,0.857,0.916,0.725,0.795,0.886,1.0,0.837,0.847,0.948,0.913,0.922,0.346,0.057,0.263
21,A2_2,-0.088,0.792,0.769,0.769,0.687,0.709,0.77,0.837,1.0,0.916,0.877,0.896,0.91,0.043,-0.267,-0.025
21,A2_3,-0.21,0.787,0.791,0.851,0.596,0.737,0.719,0.847,0.916,1.0,0.873,0.929,0.892,0.154,-0.308,-0.05
21,B2_1,-0.035,0.825,0.841,0.902,0.74,0.811,0.881,0.948,0.877,0.873,1.0,0.901,0.947,0.198,0.004,0.214
21,B2_2,-0.131,0.772,0.802,0.909,0.691,0.845,0.825,0.913,0.896,0.929,0.901,1.0,0.935,0.099,-0.211,0.092
21,B2_3,-0.066,0.839,0.818,0.867,0.726,0.847,0.844,0.922,0.91,0.892,0.947,0.935,1.0,0.1,-0.1,0.121
21,y1,0.597,0.399,0.397,0.294,0.137,0.13,0.16,0.346,0.043,0.154,0.198,0.099,0.1,1.0,0.576,0.603
21,y2,0.849,-0.005,0.227,-0.012,0.025,-0.028,-0.044,0.057,-0.267,-0.308,0.004,-0.211,-0.1,0.576,1.0,0.808
21,y3,0.814,0.244,0.455,0.233,0.305,0.282,0.268,0.263,-0.025,-0.05,0.214,0.092,0.121,0.603,0.808,1.0
22,.,1.0,0.058,0.298,-0.042,0.05,-0.038,-0.073,0.019,-0.122,-0.236,-0.067,-0.157,-0.095,0.609,0.854,0.822
22,A1_1,0.058,1.0,0.731,0.768,0.64,0.818,0.799,0.847,0.813,0.8,0.838,0.787,0.853,0.382,-0.03,0.222
22,A1_2,0.298,0.731,1.0,0.866,0.587,0.672,0.686,0.865,0.772,0.793,0.842,0.804,0.821,0.386,0.209,0.435
22,A1_3,-0.042,0.768,0.866,1.0,0.57,0.776,0.772,0.922,0.783,0.859,0.905,0.916,0.875,0.273,-0.037,0.204
22,B1_1,0.05,0.64,0.587,0.57,1.0,0.803,0.897,0.738,0.699,0.618,0.758,0.711,0.742,0.125,-0.005,0.281
22,B1_2,-0.038,0.818,0.672,0.776,0.803,1.0,0.868,0.807,0.722,0.746,0.821,0.853,0.855,0.121,-0.057,0.261
22,B1_3,-0.073,0.799,0.686,0.772,0.897,0.868,1.0,0.889,0.781,0.73,0.888,0.837,0.854,0.145,-0.067,0.243
22,A2_1,0.019,0.847,0.865,0.922,0.738,0.807,0.889,1.0,0.844,0.855,0.947,0.92,0.927,0.325,0.031,0.237
22,A2_2,-0.122,0.813,0.772,0.783,0.699,0.722,0.781,0.844,1.0,0.921,0.884,0.899,0.913,0.019,-0.293,-0.052
22,A2_3,-0.236,0.8,0.793,0.859,0.618,0.746,0.73,0.855,0.921,1.0,0.878,0.932,0.896,0.124,-0.328,-0.077
22,B2_1,-0.067,0.838,0.842,0.905,0.758,0.821,0.888,0.947,0.884,0.878,1.0,0.908,0.952,0.172,-0.03,0.18
22,B2_2,-0.157,0.787,0.804,0.916,0.711,0.853,0.837,0.92,0.899,0.932,0.908,1.0,0.938,0.079,-0.232,0.067
22,B2_3,-0.095,0.853,0.821,0.875,0.742,0.855,0.854,0.927,0.913,0.896,0.952,0.938,1.0,0.082,-0.132,0.095
22,y1,0.609,0.382,0.386,0.273,0.125,0.121,0.145,0.325,0.019,0.124,0.172,0.079,0.082,1.0,0.602,0.621
22,y2,0.854,-0.03,0.209,-0.037,-0.005,-0.057,-0.067,0.031,-0.293,-0.328,-0.03,-0.232,-0.132,0.602,1.0,0.819
22,y3,0.822,0.222,0.435,0.204,0.281,0.261,0.243,0.237,-0.052,-0.077,0.18,0.067,0.095,0.621,0.819,1.0
23,.,1.0,0.036,0.277,-0.064,0.026,-0.058,-0.091,-0.003,-0.151,-0.26,-0.097,-0.182,-0.122,0.616,0.856,0.827
23,A1_1,0.036,1.0,0.749,0.785,0.654,0.822,0.803,0.858,0.829,0.81,0.848,0.799,0.864,0.363,-0.052,0.201
23,A1_2,0.277,0.749,1.0,0.868,0.601,0.682,0.695,0.871,0.776,0.796,0.843,0.805,0.823,0.375,0.194,0.416
23,A1_3,-0.064,0.785,0.868,1.0,0.588,0.784,0.778,0.926,0.794,0.866,0.907,0.92,0.881,0.255,-0.054,0.18
23,B1_1,0.026,0.654,0.601,0.588,1.0,0.814,0.904,0.745,0.706,0.632,0.771,0.725,0.753,0.111,-0.027,0.262
23,B1_2,-0.058,0.822,0.682,0.784,0.814,1.0,0.874,0.817,0.732,0.754,0.828,0.859,0.861,0.111,-0.082,0.243
23,B1_3,-0.091,0.803,0.695,0.778,0.904,0.874,1.0,0.889,0.788,0.737,0.893,0.844,0.861,0.13,-0.083,0.224
23,A2_1,-0.003,0.858,0.871,0.926,0.745,0.817,0.889,1.0,0.851,0.863,0.946,0.927,0.93,0.304,0.009,0.213
23,A2_2,-0.151,0.829,0.776,0.794,0.706,0.732,0.788,0.851,1.0,0.924,0.89,0.901,0.916,-0.003,-0.313,-0.075
23,A2_3,-0.26,0.81,0.796,0.866,0.632,0.754,0.737,0.863,0.924,1.0,0.882,0.934,0.9,0.096,-0.346,-0.098
23,B2_1,-0.097,0.848,0.843,0.907,0.771,0.828,0.893,0.946,0.89,0.882,1.0,0.912,0.955,0.148,-0.056,0.152
23,B2_2,-0.182,0.799,0.805,0.92,0.725,0.859,0.844,0.927,0.901,0.934,0.912,1.0,0.941,0.059,-0.249,0.046
23,B2_3,-0.122,0.864,0.823,0.881,0.753,0.861,0.861,0.93,0.916,0.9,0.955,0.941,1.0,0.064,-0.158,0.073
23,y1,0.616,0.363,0.375,0.255,0.111,0.111,0.13,0.304,-0.003,0.096,0.148,0.059,0.064,1.0,0.623,0.635
23,y2,0.856,-0.052,0.194,-0.054,-0.027,-0.082,-0.083,0.009,-0.313,-0.346,-0.056,-0.249,-0.158,0.623,1.0,0.83
23,y3,0.827,0.201,0.416,0.18,0.262,0.243,0.224,0.213,-0.075,-0.098,0.152,0.046,0.073,0.635,0.83,1.0
24,.,1.0,0.01,0.253,-0.091,-0.009,-0.083,-0.116,-0.031,-0.186,-0.29,-0.132,-0.215,-0.156,0.627,0.856,0.831
24,A1_1,0.01,1.0,0.767,0.801,0.67,0.827,0.805,0.87,0.843,0.819,0.856,0.809,0.874,0.332,-0.077,0.177
24,A1_2,0.253,0.767,1.0,0.869,0.613,0.69,0.698,0.875,0.779,0.796,0.842,0.803,0.822,0.36,0.179,0.396
24,A1_3,-0.091,0.801,0.869,1.0,0.608,0.793,0.782,0.931,0.805,0.872,0.909,0.925,0.887,0.228,-0.075,0.153
24,B1_1,-0.009,0.67,0.613,0.608,1.0,0.826,0.914,0.754,0.714,0.648,0.786,0.739,0.765,0.085,-0.058,0.233
24,B1_2,-0.083,0.827,0.69,0.793,0.826,1.0,0.879,0.827,0.742,0.762,0.836,0.865,0.868,0.09,-0.111,0.221
24,B1_3,-0.116,0.805,0.698,0.782,0.914,0.879,1.0,0.885,0.79,0.739,0.896,0.849,0.865,0.101,-0.104,0.199
24,A2_1,-0.031,0.87,0.875,0.931,0.754,0.827,0.885,1.0,0.859,0.871,0.945,0.932,0.934,0.273,-0.019,0.184
24,A2_2,-0.186,0.843,0.779,0.805,0.714,0.742,0.79,0.859,1.0,0.927,0.895,0.903,0.917,-0.037,-0.338,-0.102
24,A2_3,-0.29,0.819,0.796,0.872,0.648,0.762,0.739,0.871,0.927,1.0,0.885,0.935,0.903,0.057,-0.365,-0.124
24,B2_1,-0.132,0.856,0.842,0.909,0.786,0.836,0.896,0.945,0.895,0.885,1.0,0.917,0.959,0.114,-0.084,0.12
24,B2_2,-0.215,0.809,0.803,0.925,0.739,0.865,0.849,0.932,0.903,0.935,0.917,1.0,0.943,0.026,-0.27,0.02
24,B2_3,-0.156,0.874,0.822,0.887,0.765,0.868,0.865,0.934,0.917,0.903,0.959,0.943,1.0,0.036,-0.187,0.047
24,y1,0.627,0.332,0.36,0.228,0.085,0.09,0.101,0.273,-0.037,0.057,0.114,0.026,0.036,1.0,0.65,0.651
