,,.,A1_1,A1_2,A1_3,B1_1,B1_2,B1_3,A2_1,A2_2,A2_3,B2_1,B2_2,B2_3,y1,y2,y3
0,.,1.0,0.28,0.151,-0.019,0.198,-0.316,-0.231,0.143,-0.155,-0.394,0.079,-0.458,-0.358,-0.113,0.343,-0.061
0,A1_1,0.28,1.0,0.054,0.061,-0.063,0.114,-0.221,0.193,-0.375,0.329,0.25,-0.522,-0.235,0.061,-0.041,0.166
0,A1_2,0.151,0.054,1.0,0.045,-0.168,-0.134,-0.291,0.358,0.281,-0.189,-0.076,-0.32,0.054,-0.076,-0.336,0.346
0,A1_3,-0.019,0.061,0.045,1.0,-0.159,0.126,0.119,-0.12,-0.192,-0.018,0.109,0.384,-0.246,0.155,-0.188,0.068
0,B1_1,0.198,-0.063,-0.168,-0.159,1.0,0.192,0.291,-0.236,0.076,0.285,0.157,0.166,-0.249,-0.263,0.093,-0.354
0,B1_2,-0.316,0.114,-0.134,0.126,0.192,1.0,0.156,0.138,-0.401,0.273,0.221,0.216,-0.051,-0.178,-0.027,0.6
0,B1_3,-0.231,-0.221,-0.291,0.119,0.291,0.156,1.0,-0.152,-0.147,-0.029,0.031,0.388,-0.227,-0.281,-0.086,-0.183
0,A2_1,0.143,0.193,0.358,-0.12,-0.236,0.138,-0.152,1.0,-0.284,-0.196,0.066,-0.54,-0.218,0.316,-0.037,0.391
0,A2_2,-0.155,-0.375,0.281,-0.192,0.076,-0.401,-0.147,-0.284,1.0,-0.118,0.101,0.229,0.417,-0.105,-0.125,-0.506
0,A2_3,-0.394,0.329,-0.189,-0.018,0.285,0.273,-0.029,-0.196,-0.118,1.0,0.118,0.058,-0.231,0.188,-0.298,-0.122
0,B2_1,0.079,0.25,-0.076,0.109,0.157,0.221,0.031,0.066,0.101,0.118,1.0,-0.123,-0.047,-0.506,-0.189,-0.108
0,B2_2,-0.458,-0.522,-0.32,0.384,0.166,0.216,0.388,-0.54,0.229,0.058,-0.123,1.0,-0.124,-0.14,-0.162,-0.125
0,B2_3,-0.358,-0.235,0.054,-0.246,-0.249,-0.051,-0.227,-0.218,0.417,-0.231,-0.047,-0.124,1.0,-0.047,0.112,-0.072
0,y1,-0.113,0.061,-0.076,0.155,-0.263,-0.178,-0.281,0.316,-0.105,0.188,-0.506,-0.14,-0.047,1.0,0.131,-0.103
0,y2,0.343,-0.041,-0.336,-0.188,0.093,-0.027,-0.086,-0.037,-0.125,-0.298,-0.189,-0.162,0.112,0.131,1.0,-0.13
0,y3,-0.061,0.166,0.346,0.068,-0.354,0.6,-0.183,0.391,-0.506,-0.122,-0.108,-0.125,-0.072,-0.103,-0.13,1.0
1,.,1.0,0.283,0.151,-0.018,0.198,-0.316,-0.234,0.141,-0.158,-0.392,0.075,-0.458,-0.361,-0.112,0.345,-0.059
1,A1_1,0.283,1.0,0.053,0.061,-0.063,0.113,-0.222,0.193,-0.375,0.328,0.249,-0.521,-0.236,0.061,-0.041,0.165
1,A1_2,0.151,0.053,1.0,0.046,-0.169,-0.135,-0.291,0.358,0.282,-0.189,-0.077,-0.32,0.054,-0.076,-0.337,0.345
1,A1_3,-0.018,0.061,0.046,1.0,-0.159,0.126,0.118,-0.12,-0.191,-0.017,0.109,0.384,-0.246,0.154,-0.189,0.068
1,B1_1,0.198,-0.063,-0.169,-0.159,1.0,0.192,0.291,-0.237,0.076,0.286,0.156,0.165,-0.249,-0.263,0.091,-0.354
1,B1_2,-0.316,0.113,-0.135,0.126,0.192,1.0,0.157,0.137,-0.4,0.273,0.221,0.216,-0.051,-0.178,-0.028,0.601
1,B1_3,-0.234,-0.222,-0.291,0.118,0.291,0.157,1.0,-0.152,-0.148,-0.029,0.031,0.389,-0.226,-0.28,-0.087,-0.182
1,A2_1,0.141,0.193,0.358,-0.12,-0.237,0.137,-0.152,1.0,-0.284,-0.196,0.066,-0.54,-0.218,0.317,-0.037,0.391
1,A2_2,-0.158,-0.375,0.282,-0.191,0.076,-0.4,-0.148,-0.284,1.0,-0.117,0.102,0.229,0.417,-0.105,-0.126,-0.505
1,A2_3,-0.392,0.328,-0.189,-0.017,0.286,0.273,-0.029,-0.196,-0.117,1.0,0.119,0.059,-0.23,0.187,-0.298,-0.122
1,B2_1,0.075,0.249,-0.077,0.109,0.156,0.221,0.031,0.066,0.102,0.119,1.0,-0.123,-0.047,-0.506,-0.191,-0.107
1,B2_2,-0.458,-0.521,-0.32,0.384,0.165,0.216,0.389,-0.54,0.229,0.059,-0.123,1.0,-0.122,-0.139,-0.164,-0.124
1,B2_3,-0.361,-0.236,0.054,-0.246,-0.249,-0.051,-0.226,-0.218,0.417,-0.23,-0.047,-0.122,1.0,-0.047,0.11,-0.074
1,y1,-0.112,0.061,-0.076,0.154,-0.263,-0.178,-0.28,0.317,-0.105,0.187,-0.506,-0.139,-0.047,1.0,0.13,-0.103
1,y2,0.345,-0.041,-0.337,-0.189,0.091,-0.028,-0.087,-0.037,-0.126,-0.298,-0.191,-0.164,0.11,0.13,1.0,-0.13
1,y3,-0.059,0.165,0.345,0.068,-0.354,0.601,-0.182,0.391,-0.505,-0.122,-0.107,-0.124,-0.074,-0.103,-0.13,1.0
2,.,1.0,0.285,0.152,-0.017,0.198,-0.316,-0.236,0.139,-0.161,-0.389,0.071,-0.459,-0.365,-0.112,0.345,-0.058
2,A1_1,0.285,1.0,0.053,0.06,-0.063,0.112,-0.222,0.192,-0.375,0.328,0.249,-0.521,-0.236,0.061,-0.04,0.165
2,A1_2,0.152,0.053,1.0,0.046,-0.17,-0.135,-0.292,0.357,0.282,-0.189,-0.077,-0.319,0.053,-0.077,-0.338,0.345
2,A1_3,-0.017,0.06,0.046,1.0,-0.16,0.126,0.118,-0.121,-0.19,-0.016,0.109,0.384,-0.245,0.154,-0.19,0.067
2,B1_1,0.198,-0.063,-0.17,-0.16,1.0,0.191,0.291,-0.237,0.075,0.287,0.155,0.166,-0.25,-0.264,0.09,-0.354
2,B1_2,-0.316,0.112,-0.135,0.126,0.191,1.0,0.157,0.137,-0.4,0.274,0.221,0.217,-0.051,-0.177,-0.029,0.602
2,B1_3,-0.236,-0.222,-0.292,0.118,0.291,0.157,1.0,-0.152,-0.148,-0.028,0.032,0.39,-0.225,-0.279,-0.088,-0.181
2,A2_1,0.139,0.192,0.357,-0.121,-0.237,0.137,-0.152,1.0,-0.284,-0.196,0.066,-0.539,-0.218,0.318,-0.037,0.391
2,A2_2,-0.161,-0.375,0.282,-0.19,0.075,-0.4,-0.148,-0.284,1.0,-0.116,0.101,0.23,0.418,-0.106,-0.127,-0.505
2,A2_3,-0.389,0.328,-0.189,-0.016,0.287,0.274,-0.028,-0.196,-0.116,1.0,0.12,0.061,-0.229,0.187,-0.298,-0.122
2,B2_1,0.071,0.249,-0.077,0.109,0.155,0.221,0.032,0.066,0.101,0.12,1.0,-0.122,-0.047,-0.506,-0.192,-0.106
2,B2_2,-0.459,-0.521,-0.319,0.384,0.166,0.217,0.39,-0.539,0.23,0.061,-0.122,1.0,-0.121,-0.139,-0.165,-0.124
2,B2_3,-0.365,-0.236,0.053,-0.245,-0.25,-0.051,-0.225,-0.218,0.418,-0.229,-0.047,-0.121,1.0,-0.048,0.107,-0.074
2,y1,-0.112,0.061,-0.077,0.154,-0.264,-0.177,-0.279,0.318,-0.106,0.187,-0.506,-0.139,-0.048,1.0,0.128,-0.103
2,y2,0.345,-0.04,-0.338,-0.19,0.09,-0.029,-0.088,-0.037,-0.127,-0.298,-0.192,-0.165,0.107,0.128,1.0,-0.13
2,y3,-0.058,0.165,0.345,0.067,-0.354,0.602,-0.181,0.391,-0.505,-0.122,-0.106,-0.124,-0.074,-0.103,-0.13,1.0
3,.,1.0,0.287,0.153,-0.016,0.197,-0.316,-0.238,0.137,-0.164,-0.386,0.066,-0.46,-0.37,-0.111,0.345,-0.057
3,A1_1,0.287,1.0,0.052,0.06,-0.064,0.112,-0.223,0.191,-0.375,0.328,0.248,-0.521,-0.236,0.061,-0.04,0.165
3,A1_2,0.153,0.052,1.0,0.047,-0.171,-0.136,-0.293,0.357,0.283,-0.188,-0.078,-0.319,0.053,-0.077,-0.339,0.344
3,A1_3,-0.016,0.06,0.047,1.0,-0.16,0.125,0.118,-0.121,-0.19,-0.016,0.109,0.384,-0.244,0.153,-0.19,0.067
3,B1_1,0.197,-0.064,-0.171,-0.16,1.0,0.192,0.291,-0.238,0.075,0.287,0.154,0.166,-0.25,-0.264,0.088,-0.353
3,B1_2,-0.316,0.112,-0.136,0.125,0.192,1.0,0.158,0.137,-0.399,0.274,0.221,0.218,-0.05,-0.176,-0.03,0.602
3,B1_3,-0.238,-0.223,-0.293,0.118,0.291,0.158,1.0,-0.153,-0.147,-0.027,0.032,0.39,-0.223,-0.279,-0.089,-0.18
3,A2_1,0.137,0.191,0.357,-0.121,-0.238,0.137,-0.153,1.0,-0.284,-0.196,0.065,-0.539,-0.218,0.318,-0.037,0.392
3,A2_2,-0.164,-0.375,0.283,-0.19,0.075,-0.399,-0.147,-0.284,1.0,-0.116,0.102,0.23,0.418,-0.106,-0.128,-0.504
3,A2_3,-0.386,0.328,-0.188,-0.016,0.287,0.274,-0.027,-0.196,-0.116,1.0,0.12,0.062,-0.229,0.187,-0.299,-0.122
3,B2_1,0.066,0.248,-0.078,0.109,0.154,0.221,0.032,0.065,0.102,0.12,1.0,-0.121,-0.047,-0.506,-0.194,-0.105
3,B2_2,-0.46,-0.521,-0.319,0.384,0.166,0.218,0.39,-0.539,0.23,0.062,-0.121,1.0,-0.118,-0.138,-0.166,-0.123
3,B2_3,-0.37,-0.236,0.053,-0.244,-0.25,-0.05,-0.223,-0.218,0.418,-0.229,-0.047,-0.118,1.0,-0.048,0.104,-0.075
3,y1,-0.111,0.061,-0.077,0.153,-0.264,-0.176,-0.279,0.318,-0.106,0.187,-0.506,-0.138,-0.048,1.0,0.127,-0.103
3,y2,0.345,-0.04,-0.339,-0.19,0.088,-0.03,-0.089,-0.037,-0.128,-0.299,-0.194,-0.166,0.104,0.127,1.0,-0.13
3,y3,-0.057,0.165,0.344,0.067,-0.353,0.602,-0.18,0.392,-0.504,-0.122,-0.105,-0.123,-0.075,-0.103,-0.13,1.0
4,.,1.0,0.29,0.154,-0.015,0.197,-0.317,-0.24,0.135,-0.166,-0.383,0.062,-0.461,-0.374,-0.11,0.345,-0.055
4,A1_1,0.29,1.0,0.052,0.06,-0.065,0.111,-0.224,0.19,-0.375,0.328,0.248,-0.52,-0.237,0.06,-0.04,0.165
4,A1_2,0.154,0.052,1.0,0.047,-0.172,-0.136,-0.293,0.356,0.283,-0.188,-0.078,-0.319,0.053,-0.078,-0.34,0.343
4,A1_3,-0.015,0.06,0.047,1.0,-0.161,0.125,0.117,-0.122,-0.189,-0.015,0.108,0.384,-0.243,0.152,-0.191,0.066
4,B1_1,0.197,-0.065,-0.172,-0.161,1.0,0.191,0.292,-0.239,0.075,0.288,0.153,0.166,-0.25,-0.264,0.086,-0.353
4,B1_2,-0.317,0.111,-0.136,0.125,0.191,1.0,0.158,0.137,-0.399,0.275,0.221,0.219,-0.05,-0.175,-0.031,0.603
4,B1_3,-0.24,-0.224,-0.293,0.117,0.292,0.158,1.0,-0.153,-0.147,-0.027,0.032,0.391,-0.222,-0.278,-0.09,-0.18
4,A2_1,0.135,0.19,0.356,-0.122,-0.239,0.137,-0.153,1.0,-0.284,-0.196,0.065,-0.539,-0.219,0.319,-0.037,0.392
4,A2_2,-0.166,-0.375,0.283,-0.189,0.075,-0.399,-0.147,-0.284,1.0,-0.115,0.102,0.231,0.419,-0.107,-0.128,-0.504
4,A2_3,-0.383,0.328,-0.188,-0.015,0.288,0.275,-0.027,-0.196,-0.115,1.0,0.121,0.063,-0.228,0.187,-0.299,-0.122
4,B2_1,0.062,0.248,-0.078,0.108,0.153,0.221,0.032,0.065,0.102,0.121,1.0,-0.12,-0.047,-0.506,-0.196,-0.104
4,B2_2,-0.461,-0.52,-0.319,0.384,0.166,0.219,0.391,-0.539,0.231,0.063,-0.12,1.0,-0.116,-0.138,-0.168,-0.123
4,B2_3,-0.374,-0.237,0.053,-0.243,-0.25,-0.05,-0.222,-0.219,0.419,-0.228,-0.047,-0.116,1.0,-0.049,0.102,-0.076
4,y1,-0.11,0.06,-0.078,0.152,-0.264,-0.175,-0.278,0.319,-0.107,0.187,-0.506,-0.138,-0.049,1.0,0.125,-0.103
4,y2,0.345,-0.04,-0.34,-0.191,0.086,-0.031,-0.09,-0.037,-0.128,-0.299,-0.196,-0.168,0.102,0.125,1.0,-0.13
4,y3,-0.055,0.165,0.343,0.066,-0.353,0.603,-0.18,0.392,-0.504,-0.122,-0.104,-0.123,-0.076,-0.103,-0.13,1.0
5,.,1.0,0.292,0.154,-0.014,0.196,-0.317,-0.242,0.133,-0.168,-0.381,0.057,-0.461,-0.377,-0.109,0.346,-0.054
5,A1_1,0.292,1.0,0.052,0.059,-0.065,0.11,-0.224,0.189,-0.375,0.328,0.248,-0.52,-0.238,0.06,-0.04,0.165
5,A1_2,0.154,0.052,1.0,0.047,-0.173,-0.137,-0.293,0.356,0.284,-0.187,-0.079,-0.318,0.052,-0.078,-0.341,0.342
5,A1_3,-0.014,0.059,0.047,1.0,-0.161,0.125,0.117,-0.123,-0.188,-0.014,0.108,0.383,-0.243,0.152,-0.192,0.066
5,B1_1,0.196,-0.065,-0.173,-0.161,1.0,0.191,0.292,-0.239,0.075,0.289,0.152,0.166,-0.25,-0.265,0.084,-0.353
5,B1_2,-0.317,0.11,-0.137,0.125,0.191,1.0,0.159,0.137,-0.398,0.275,0.221,0.22,-0.049,-0.175,-0.032,0.603
5,B1_3,-0.242,-0.224,-0.293,0.117,0.292,0.159,1.0,-0.154,-0.147,-0.026,0.033,0.391,-0.221,-0.277,-0.091,-0.179
5,A2_1,0.133,0.189,0.356,-0.123,-0.239,0.137,-0.154,1.0,-0.285,-0.196,0.065,-0.538,-0.219,0.319,-0.037,0.392
5,A2_2,-0.168,-0.375,0.284,-0.188,0.075,-0.398,-0.147,-0.285,1.0,-0.114,0.102,0.231,0.419,-0.107,-0.128,-0.504
5,A2_3,-0.381,0.328,-0.187,-0.014,0.289,0.275,-0.026,-0.196,-0.114,1.0,0.122,0.065,-0.227,0.187,-0.299,-0.123
5,B2_1,0.057,0.248,-0.079,0.108,0.152,0.221,0.033,0.065,0.102,0.122,1.0,-0.119,-0.046,-0.506,-0.197,-0.104
5,B2_2,-0.461,-0.52,-0.318,0.383,0.166,0.22,0.391,-0.538,0.231,0.065,-0.119,1.0,-0.115,-0.137,-0.17,-0.122
5,B2_3,-0.377,-0.238,0.052,-0.243,-0.25,-0.049,-0.221,-0.219,0.419,-0.227,-0.046,-0.115,1.0,-0.05,0.1,-0.076
5,y1,-0.109,0.06,-0.078,0.152,-0.265,-0.175,-0.277,0.319,-0.107,0.187,-0.506,-0.137,-0.05,1.0,0.124,-0.103
5,y2,0.346,-0.04,-0.341,-0.192,0.084,-0.032,-0.091,-0.037,-0.128,-0.299,-0.197,-0.17,0.1,0.124,1.0,-0.13
5,y3,-0.054,0.165,0.342,0.066,-0.353,0.603,-0.179,0.392,-0.504,-0.123,-0.104,-0.122,-0.076,-0.103,-0.13,1.0
6,.,1.0,0.294,0.155,-0.012,0.195,-0.318,-0.243,0.131,-0.17,-0.379,0.053,-0.461,-0.381,-0.108,0.346,-0.053
6,A1_1,0.294,1.0,0.051,0.059,-0.066,0.109,-0.225,0.188,-0.374,0.327,0.247,-0.52,-0.238,0.06,-0.04,0.164
6,A1_2,0.155,0.051,1.0,0.047,-0.174,-0.137,-0.294,0.355,0.284,-0.186,-0.079,-0.318,0.052,-0.079,-0.341,0.342
6,A1_3,-0.012,0.059,0.047,1.0,-0.162,0.124,0.116,-0.123,-0.188,-0.014,0.108,0.383,-0.242,0.152,-0.193,0.065
6,B1_1,0.195,-0.066,-0.174,-0.162,1.0,0.191,0.293,-0.24,0.075,0.29,0.151,0.167,-0.25,-0.265,0.082,-0.353
6,B1_2,-0.318,0.109,-0.137,0.124,0.191,1.0,0.16,0.136,-0.398,0.276,0.222,0.221,-0.049,-0.174,-0.033,0.604
6,B1_3,-0.243,-0.225,-0.294,0.116,0.293,0.16,1.0,-0.154,-0.147,-0.026,0.034,0.392,-0.219,-0.276,-0.091,-0.177
6,A2_1,0.131,0.188,0.355,-0.123,-0.24,0.136,-0.154,1.0,-0.285,-0.196,0.065,-0.538,-0.219,0.319,-0.036,0.392
6,A2_2,-0.17,-0.374,0.284,-0.188,0.075,-0.398,-0.147,-0.285,1.0,-0.113,0.102,0.232,0.419,-0.107,-0.128,-0.503
6,A2_3,-0.379,0.327,-0.186,-0.014,0.29,0.276,-0.026,-0.196,-0.113,1.0,0.123,0.066,-0.226,0.187,-0.299,-0.123
6,B2_1,0.053,0.247,-0.079,0.108,0.151,0.222,0.034,0.065,0.102,0.123,1.0,-0.118,-0.046,-0.507,-0.199,-0.103
6,B2_2,-0.461,-0.52,-0.318,0.383,0.167,0.221,0.392,-0.538,0.232,0.066,-0.118,1.0,-0.113,-0.137,-0.171,-0.121
6,B2_3,-0.381,-0.238,0.052,-0.242,-0.25,-0.049,-0.219,-0.219,0.419,-0.226,-0.046,-0.113,1.0,-0.05,0.097,-0.077
6,y1,-0.108,0.06,-0.079,0.152,-0.265,-0.174,-0.276,0.319,-0.107,0.187,-0.507,-0.137,-0.05,1.0,0.122,-0.104
6,y2,0.346,-0.04,-0.341,-0.193,0.082,-0.033,-0.091,-0.036,-0.128,-0.299,-0.199,-0.171,0.097,0.122,1.0,-0.131
6,y3,-0.053,0.164,0.342,0.065,-0.353,0.604,-0.177,0.392,-0.503,-0.123,-0.103,-0.121,-0.077,-0.104,-0.131,1.0
7,.,1.0,0.296,0.156,-0.011,0.193,-0.319,-0.245,0.129,-0.172,-0.376,0.049,-0.462,-0.385,-0.107,0.346,-0.052
7,A1_1,0.296,1.0,0.051,0.059,-0.067,0.109,-0.226,0.187,-0.375,0.327,0.247,-0.52,-0.239,0.06,-0.04,0.164
7,A1_2,0.156,0.051,1.0,0.047,-0.174,-0.137,-0.294,0.355,0.285,-0.186,-0.08,-0.318,0.052,-0.08,-0.342,0.341
7,A1_3,-0.011,0.059,0.047,1.0,-0.162,0.124,0.116,-0.123,-0.187,-0.013,0.108,0.382,-0.242,0.151,-0.194,0.065
7,B1_1,0.193,-0.067,-0.174,-0.162,1.0,0.192,0.294,-0.24,0.075,0.291,0.151,0.168,-0.25,-0.265,0.08,-0.352
7,B1_2,-0.319,0.109,-0.137,0.124,0.192,1.0,0.16,0.136,-0.397,0.276,0.222,0.222,-0.049,-0.174,-0.034,0.604
7,B1_3,-0.245,-0.226,-0.294,0.116,0.294,0.16,1.0,-0.155,-0.147,-0.026,0.034,0.393,-0.218,-0.276,-0.092,-0.176
7,A2_1,0.129,0.187,0.355,-0.123,-0.24,0.136,-0.155,1.0,-0.285,-0.196,0.065,-0.538,-0.219,0.32,-0.036,0.392
7,A2_2,-0.172,-0.375,0.285,-0.187,0.075,-0.397,-0.147,-0.285,1.0,-0.113,0.103,0.232,0.419,-0.108,-0.129,-0.503
7,A2_3,-0.376,0.327,-0.186,-0.013,0.291,0.276,-0.026,-0.196,-0.113,1.0,0.123,0.067,-0.225,0.187,-0.299,-0.123
7,B2_1,0.049,0.247,-0.08,0.108,0.151,0.222,0.034,0.065,0.103,0.123,1.0,-0.117,-0.046,-0.507,-0.2,-0.102
7,B2_2,-0.462,-0.52,-0.318,0.382,0.168,0.222,0.393,-0.538,0.232,0.067,-0.117,1.0,-0.111,-0.137,-0.172,-0.12
7,B2_3,-0.385,-0.239,0.052,-0.242,-0.25,-0.049,-0.218,-0.219,0.419,-0.225,-0.046,-0.111,1.0,-0.051,0.094,-0.078
7,y1,-0.107,0.06,-0.08,0.151,-0.265,-0.174,-0.276,0.32,-0.108,0.187,-0.507,-0.137,-0.051,1.0,0.121,-0.104
7,y2,0.346,-0.04,-0.342,-0.194,0.08,-0.034,-0.092,-0.036,-0.129,-0.299,-0.2,-0.172,0.094,0.121,1.0,-0.131
7,y3,-0.052,0.164,0.341,0.065,-0.352,0.604,-0.176,0.392,-0.503,-0.123,-0.102,-0.12,-0.078,-0.104,-0.131,1.0
8,.,1.0,0.298,0.156,-0.01,0.193,-0.318,-0.247,0.129,-0.175,-0.374,0.044,-0.464,-0.389,-0.105,0.346,-0.05
8,A1_1,0.298,1.0,0.051,0.058,-0.067,0.108,-0.226,0.187,-0.374,0.327,0.246,-0.52,-0.239,0.06,-0.04,0.164
8,A1_2,0.156,0.051,1.0,0.047,-0.175,-0.138,-0.295,0.355,0.285,-0.186,-0.08,-0.317,0.052,-0.08,-0.343,0.34
8,A1_3,-0.01,0.058,0.047,1.0,-0.163,0.123,0.115,-0.124,-0.186,-0.013,0.108,0.382,-0.242,0.149,-0.194,0.064
8,B1_1,0.193,-0.067,-0.175,-0.163,1.0,0.192,0.295,-0.241,0.076,0.292,0.15,0.169,-0.25,-0.266,0.078,-0.352
8,B1_2,-0.318,0.108,-0.138,0.123,0.192,1.0,0.161,0.135,-0.397,0.277,0.222,0.222,-0.048,-0.173,-0.034,0.605
8,B1_3,-0.247,-0.226,-0.295,0.115,0.295,0.161,1.0,-0.155,-0.147,-0.025,0.035,0.394,-0.216,-0.276,-0.093,-0.175
8,A2_1,0.129,0.187,0.355,-0.124,-0.241,0.135,-0.155,1.0,-0.284,-0.197,0.064,-0.537,-0.218,0.321,-0.036,0.392
8,A2_2,-0.175,-0.374,0.285,-0.186,0.076,-0.397,-0.147,-0.284,1.0,-0.112,0.103,0.232,0.42,-0.108,-0.129,-0.502
8,A2_3,-0.374,0.327,-0.186,-0.013,0.292,0.277,-0.025,-0.197,-0.112,1.0,0.124,0.069,-0.224,0.187,-0.3,-0.124
8,B2_1,0.044,0.246,-0.08,0.108,0.15,0.222,0.035,0.064,0.103,0.124,1.0,-0.115,-0.045,-0.507,-0.202,-0.101
8,B2_2,-0.464,-0.52,-0.317,0.382,0.169,0.222,0.394,-0.537,0.232,0.069,-0.115,1.0,-0.109,-0.137,-0.173,-0.12
8,B2_3,-0.389,-0.239,0.052,-0.242,-0.25,-0.048,-0.216,-0.218,0.42,-0.224,-0.045,-0.109,1.0,-0.051,0.092,-0.078
8,y1,-0.105,0.06,-0.08,0.149,-0.266,-0.173,-0.276,0.321,-0.108,0.187,-0.507,-0.137,-0.051,1.0,0.12,-0.104
8,y2,0.346,-0.04,-0.343,-0.194,0.078,-0.034,-0.093,-0.036,-0.129,-0.3,-0.202,-0.173,0.092,0.12,1.0,-0.13
8,y3,-0.05,0.164,0.34,0.064,-0.352,0.605,-0.175,0.392,-0.502,-0.124,-0.101,-0.12,-0.078,-0.104,-0.13,1.0
9,.,1.0,0.3,0.157,-0.009,0.192,-0.318,-0.248,0.126,-0.177,-0.371,0.04,-0.464,-0.392,-0.104,0.347,-0.049
9,A1_1,0.3,1.0,0.051,0.058,-0.068,0.107,-0.227,0.186,-0.374,0.326,0.246,-0.52,-0.24,0.06,-0.04,0.163
9,A1_2,0.157,0.051,1.0,0.047,-0.176,-0.138,-0.295,0.355,0.286,-0.185,-0.08,-0.317,0.052,-0.081,-0.344,0.34
9,A1_3,-0.009,0.058,0.047,1.0,-0.163,0.123,0.115,-0.124,-0.186,-0.012,0.107,0.382,-0.241,0.149,-0.194,0.064
9,B1_1,0.192,-0.068,-0.176,-0.163,1.0,0.191,0.295,-0.241,0.076,0.293,0.15,0.169,-0.25,-0.266,0.076,-0.351
9,B1_2,-0.318,0.107,-0.138,0.123,0.191,1.0,0.162,0.135,-0.396,0.277,0.223,0.223,-0.048,-0.173,-0.036,0.606
9,B1_3,-0.248,-0.227,-0.295,0.115,0.295,0.162,1.0,-0.155,-0.147,-0.024,0.036,0.394,-0.215,-0.275,-0.093,-0.174
9,A2_1,0.126,0.186,0.355,-0.124,-0.241,0.135,-0.155,1.0,-0.284,-0.196,0.064,-0.537,-0.218,0.321,-0.036,0.392
9,A2_2,-0.177,-0.374,0.286,-0.186,0.076,-0.396,-0.147,-0.284,1.0,-0.111,0.104,0.233,0.42,-0.108,-0.129,-0.502
9,A2_3,-0.371,0.326,-0.185,-0.012,0.293,0.277,-0.024,-0.196,-0.111,1.0,0.124,0.07,-0.223,0.187,-0.3,-0.125
9,B2_1,0.04,0.246,-0.08,0.107,0.15,0.223,0.036,0.064,0.104,0.124,1.0,-0.114,-0.045,-0.507,-0.203,-0.1
9,B2_2,-0.464,-0.52,-0.317,0.382,0.169,0.223,0.394,-0.537,0.233,0.07,-0.114,1.0,-0.108,-0.136,-0.174,-0.118
9,B2_3,-0.392,-0.24,0.052,-0.241,-0.25,-0.048,-0.215,-0.218,0.42,-0.223,-0.045,-0.108,1.0,-0.051,0.089,-0.078
9,y1,-0.104,0.06,-0.081,0.149,-0.266,-0.173,-0.275,0.321,-0.108,0.187,-0.507,-0.136,-0.051,1.0,0.119,-0.104
9,y2,0.347,-0.04,-0.344,-0.194,0.076,-0.036,-0.093,-0.036,-0.129,-0.3,-0.203,-0.174,0.089,0.119,1.0,-0.131
9,y3,-0.049,0.163,0.34,0.064,-0.351,0.606,-0.174,0.392,-0.502,-0.125,-0.1,-0.118,-0.078,-0.104,-0.131,1.0
10,.,1.0,0.302,0.158,-0.008,0.191,-0.319,-0.251,0.124,-0.18,-0.368,0.035,-0.465,-0.396,-0.103,0.347,-0.047
10,A1_1,0.302,1.0,0.05,0.058,-0.068,0.106,-0.227,0.186,-0.373,0.326,0.245,-0.52,-0.24,0.06,-0.04,0.162
10,A1_2,0.158,0.05,1.0,0.047,-0.177,-0.138,-0.295,0.355,0.286,-0.185,-0.081,-0.317,0.052,-0.082,-0.345,0.339
10,A1_3,-0.008,0.058,0.047,1.0,-0.164,0.122,0.114,-0.124,-0.185,-0.012,0.107,0.381,-0.241,0.148,-0.194,0.064
10,B1_1,0.191,-0.068,-0.177,-0.164,1.0,0.192,0.296,-0.241,0.076,0.293,0.149,0.17,-0.25,-0.267,0.074,-0.35
10,B1_2,-0.319,0.106,-0.138,0.122,0.192,1.0,0.163,0.135,-0.396,0.277,0.223,0.224,-0.047,-0.172,-0.036,0.607
10,B1_3,-0.251,-0.227,-0.295,0.114,0.296,0.163,1.0,-0.155,-0.147,-0.024,0.036,0.395,-0.214,-0.274,-0.094,-0.172
10,A2_1,0.124,0.186,0.355,-0.124,-0.241,0.135,-0.155,1.0,-0.285,-0.196,0.064,-0.536,-0.218,0.322,-0.036,0.392
10,A2_2,-0.18,-0.373,0.286,-0.185,0.076,-0.396,-0.147,-0.285,1.0,-0.11,0.104,0.234,0.42,-0.108,-0.13,-0.502
10,A2_3,-0.368,0.326,-0.185,-0.012,0.293,0.277,-0.024,-0.196,-0.11,1.0,0.125,0.071,-0.222,0.187,-0.301,-0.125
10,B2_1,0.035,0.245,-0.081,0.107,0.149,0.223,0.036,0.064,0.104,0.125,1.0,-0.113,-0.044,-0.507,-0.205,-0.099
10,B2_2,-0.465,-0.52,-0.317,0.381,0.17,0.224,0.395,-0.536,0.234,0.071,-0.113,1.0,-0.106,-0.136,-0.175,-0.118
10,B2_3,-0.396,-0.24,0.052,-0.241,-0.25,-0.047,-0.214,-0.218,0.42,-0.222,-0.044,-0.106,1.0,-0.052,0.087,-0.079
10,y1,-0.103,0.06,-0.082,0.148,-0.267,-0.172,-0.274,0.322,-0.108,0.187,-0.507,-0.136,-0.052,1.0,0.118,-0.105
10,y2,0.347,-0.04,-0.345,-0.194,0.074,-0.036,-0.094,-0.036,-0.13,-0.301,-0.205,-0.175,0.087,0.118,1.0,-0.13
10,y3,-0.047,0.162,0.339,0.064,-0.35,0.607,-0.172,0.392,-0.502,-0.125,-0.099,-0.118,-0.079,-0.105,-0.13,1.0
11,.,1.0,0.304,0.158,-0.007,0.19,-0.319,-0.252,0.123,-0.182,-0.366,0.03,-0.465,-0.399,-0.101,0.348,-0.046
11,A1_1,0.304,1.0,0.05,0.058,-0.069,0.105,-0.228,0.185,-0.373,0.326,0.244,-0.52,-0.241,0.06,-0.04,0.162
11,A1_2,0.158,0.05,1.0,0.047,-0.178,-0.139,-0.296,0.355,0.287,-0.185,-0.081,-0.317,0.052,-0.082,-0.346,0.338
11,A1_3,-0.007,0.058,0.047,1.0,-0.165,0.122,0.114,-0.125,-0.184,-0.011,0.107,0.381,-0.241,0.147,-0.195,0.063
11,B1_1,0.19,-0.069,-0.178,-0.165,1.0,0.192,0.296,-0.241,0.076,0.294,0.149,0.17,-0.25,-0.267,0.073,-0.35
11,B1_2,-0.319,0.105,-0.139,0.122,0.192,1.0,0.163,0.135,-0.395,0.277,0.224,0.225,-0.046,-0.172,-0.038,0.607
11,B1_3,-0.252,-0.228,-0.296,0.114,0.296,0.163,1.0,-0.155,-0.147,-0.024,0.037,0.396,-0.212,-0.274,-0.094,-0.172
11,A2_1,0.123,0.185,0.355,-0.125,-0.241,0.135,-0.155,1.0,-0.285,-0.196,0.064,-0.536,-0.217,0.322,-0.036,0.393
11,A2_2,-0.182,-0.373,0.287,-0.184,0.076,-0.395,-0.147,-0.285,1.0,-0.109,0.105,0.234,0.42,-0.108,-0.13,-0.501
11,A2_3,-0.366,0.326,-0.185,-0.011,0.294,0.277,-0.024,-0.196,-0.109,1.0,0.125,0.071,-0.222,0.187,-0.301,-0.127
11,B2_1,0.03,0.244,-0.081,0.107,0.149,0.224,0.037,0.064,0.105,0.125,1.0,-0.112,-0.044,-0.507,-0.206,-0.099
11,B2_2,-0.465,-0.52,-0.317,0.381,0.17,0.225,0.396,-0.536,0.234,0.071,-0.112,1.0,-0.104,-0.135,-0.176,-0.118
11,B2_3,-0.399,-0.241,0.052,-0.241,-0.25,-0.046,-0.212,-0.217,0.42,-0.222,-0.044,-0.104,1.0,-0.052,0.084,-0.079
11,y1,-0.101,0.06,-0.082,0.147,-0.267,-0.172,-0.274,0.322,-0.108,0.187,-0.507,-0.135,-0.052,1.0,0.117,-0.106
11,y2,0.348,-0.04,-0.346,-0.195,0.073,-0.038,-0.094,-0.036,-0.13,-0.301,-0.206,-0.176,0.084,0.117,1.0,-0.13
11,y3,-0.046,0.162,0.338,0.063,-0.35,0.607,-0.172,0.393,-0.501,-0.127,-0.099,-0.118,-0.079,-0.106,-0.13,1.0
12,.,1.0,0.307,0.16,-0.004,0.188,-0.32,-0.254,0.122,-0.184,-0.364,0.026,-0.466,-0.403,-0.1,0.349,-0.043
12,A1_1,0.307,1.0,0.049,0.057,-0.069,0.104,-0.229,0.184,-0.373,0.326,0.243,-0.52,-0.241,0.06,-0.039,0.161
12,A1_2,0.16,0.049,1.0,0.047,-0.178,-0.139,-0.296,0.355,0.287,-0.184,-0.081,-0.317,0.052,-0.083,-0.346,0.337
12,A1_3,-0.004,0.057,0.047,1.0,-0.165,0.121,0.113,-0.126,-0.183,-0.011,0.107,0.38,-0.241,0.147,-0.195,0.063
12,B1_1,0.188,-0.069,-0.178,-0.165,1.0,0.192,0.297,-0.242,0.076,0.295,0.149,0.171,-0.25,-0.267,0.071,-0.349
12,B1_2,-0.32,0.104,-0.139,0.121,0.192,1.0,0.164,0.135,-0.395,0.277,0.224,0.226,-0.046,-0.172,-0.039,0.607
12,B1_3,-0.254,-0.229,-0.296,0.113,0.297,0.164,1.0,-0.156,-0.147,-0.024,0.038,0.396,-0.211,-0.274,-0.095,-0.17
12,A2_1,0.122,0.184,0.355,-0.126,-0.242,0.135,-0.156,1.0,-0.284,-0.197,0.064,-0.535,-0.217,0.322,-0.035,0.393
12,A2_2,-0.184,-0.373,0.287,-0.183,0.076,-0.395,-0.147,-0.284,1.0,-0.108,0.106,0.235,0.42,-0.109,-0.131,-0.501
12,A2_3,-0.364,0.326,-0.184,-0.011,0.295,0.277,-0.024,-0.197,-0.108,1.0,0.126,0.072,-0.221,0.187,-0.301,-0.127
12,B2_1,0.026,0.243,-0.081,0.107,0.149,0.224,0.038,0.064,0.106,0.126,1.0,-0.11,-0.043,-0.507,-0.208,-0.098
12,B2_2,-0.466,-0.52,-0.317,0.38,0.171,0.226,0.396,-0.535,0.235,0.072,-0.11,1.0,-0.103,-0.135,-0.178,-0.117
12,B2_3,-0.403,-0.241,0.052,-0.241,-0.25,-0.046,-0.211,-0.217,0.42,-0.221,-0.043,-0.103,1.0,-0.053,0.082,-0.08
12,y1,-0.1,0.06,-0.083,0.147,-0.267,-0.172,-0.274,0.322,-0.109,0.187,-0.507,-0.135,-0.053,1.0,0.116,-0.106
12,y2,0.349,-0.039,-0.346,-0.195,0.071,-0.039,-0.095,-0.035,-0.131,-0.301,-0.208,-0.178,0.082,0.116,1.0,-0.13
12,y3,-0.043,0.161,0.337,0.063,-0.349,0.607,-0.17,0.393,-0.501,-0.127,-0.098,-0.117,-0.08,-0.106,-0.13,1.0
13,.,1.0,0.309,0.16,-0.003,0.187,-0.32,-0.256,0.12,-0.187,-0.36,0.02,-0.466,-0.406,-0.098,0.349,-0.042
13,A1_1,0.309,1.0,0.049,0.057,-0.07,0.103,-0.23,0.183,-0.373,0.326,0.242,-0.521,-0.242,0.06,-0.039,0.161
13,A1_2,0.16,0.049,1.0,0.048,-0.178,-0.139,-0.297,0.355,0.287,-0.184,-0.081,-0.316,0.052,-0.084,-0.346,0.337
13,A1_3,-0.003,0.057,0.048,1.0,-0.166,0.121,0.112,-0.126,-0.182,-0.01,0.106,0.38,-0.241,0.146,-0.195,0.062
13,B1_1,0.187,-0.07,-0.178,-0.166,1.0,0.192,0.298,-0.242,0.076,0.295,0.148,0.172,-0.249,-0.268,0.069,-0.348
13,B1_2,-0.32,0.103,-0.139,0.121,0.192,1.0,0.165,0.135,-0.394,0.277,0.224,0.226,-0.045,-0.171,-0.039,0.608
13,B1_3,-0.256,-0.23,-0.297,0.112,0.298,0.165,1.0,-0.156,-0.147,-0.023,0.038,0.397,-0.209,-0.274,-0.095,-0.169
13,A2_1,0.12,0.183,0.355,-0.126,-0.242,0.135,-0.156,1.0,-0.284,-0.197,0.064,-0.535,-0.217,0.322,-0.035,0.394
13,A2_2,-0.187,-0.373,0.287,-0.182,0.076,-0.394,-0.147,-0.284,1.0,-0.107,0.106,0.235,0.421,-0.11,-0.132,-0.501
13,A2_3,-0.36,0.326,-0.184,-0.01,0.295,0.277,-0.023,-0.197,-0.107,1.0,0.126,0.073,-0.22,0.186,-0.302,-0.128
13,B2_1,0.02,0.242,-0.081,0.106,0.148,0.224,0.038,0.064,0.106,0.126,1.0,-0.109,-0.042,-0.507,-0.209,-0.097
13,B2_2,-0.466,-0.521,-0.316,0.38,0.172,0.226,0.397,-0.535,0.235,0.073,-0.109,1.0,-0.101,-0.135,-0.178,-0.117
13,B2_3,-0.406,-0.242,0.052,-0.241,-0.249,-0.045,-0.209,-0.217,0.421,-0.22,-0.042,-0.101,1.0,-0.053,0.079,-0.08
13,y1,-0.098,0.06,-0.084,0.146,-0.268,-0.171,-0.274,0.322,-0.11,0.186,-0.507,-0.135,-0.053,1.0,0.115,-0.106
13,y2,0.349,-0.039,-0.346,-0.195,0.069,-0.039,-0.095,-0.035,-0.132,-0.302,-0.209,-0.178,0.079,0.115,1.0,-0.129
13,y3,-0.042,0.161,0.337,0.062,-0.348,0.608,-0.169,0.394,-0.501,-0.128,-0.097,-0.117,-0.08,-0.106,-0.129,1.0
14,.,1.0,0.311,0.161,-0.002,0.185,-0.32,-0.258,0.117,-0.189,-0.358,0.015,-0.466,-0.409,-0.097,0.35,-0.04
14,A1_1,0.311,1.0,0.049,0.057,-0.071,0.102,-0.23,0.183,-0.373,0.325,0.242,-0.521,-0.242,0.06,-0.039,0.161
14,A1_2,0.161,0.049,1.0,0.048,-0.179,-0.14,-0.297,0.354,0.288,-0.184,-0.081,-0.316,0.052,-0.084,-0.347,0.336
14,A1_3,-0.002,0.057,0.048,1.0,-0.167,0.12,0.112,-0.126,-0.182,-0.01,0.107,0.38,-0.241,0.146,-0.196,0.062
14,B1_1,0.185,-0.071,-0.179,-0.167,1.0,0.193,0.298,-0.242,0.076,0.296,0.147,0.172,-0.249,-0.268,0.068,-0.348
14,B1_2,-0.32,0.102,-0.14,0.12,0.193,1.0,0.165,0.135,-0.393,0.278,0.224,0.227,-0.044,-0.17,-0.04,0.608
14,B1_3,-0.258,-0.23,-0.297,0.112,0.298,0.165,1.0,-0.156,-0.147,-0.023,0.039,0.397,-0.207,-0.273,-0.096,-0.168
14,A2_1,0.117,0.183,0.354,-0.126,-0.242,0.135,-0.156,1.0,-0.284,-0.197,0.064,-0.534,-0.217,0.323,-0.035,0.394
14,A2_2,-0.189,-0.373,0.288,-0.182,0.076,-0.393,-0.147,-0.284,1.0,-0.107,0.107,0.236,0.421,-0.11,-0.133,-0.501
14,A2_3,-0.358,0.325,-0.184,-0.01,0.296,0.278,-0.023,-0.197,-0.107,1.0,0.126,0.074,-0.22,0.186,-0.302,-0.129
14,B2_1,0.015,0.242,-0.081,0.107,0.147,0.224,0.039,0.064,0.107,0.126,1.0,-0.108,-0.042,-0.507,-0.211,-0.096
14,B2_2,-0.466,-0.521,-0.316,0.38,0.172,0.227,0.397,-0.534,0.236,0.074,-0.108,1.0,-0.099,-0.135,-0.179,-0.116
14,B2_3,-0.409,-0.242,0.052,-0.241,-0.249,-0.044,-0.207,-0.217,0.421,-0.22,-0.042,-0.099,1.0,-0.054,0.076,-0.081
14,y1,-0.097,0.06,-0.084,0.146,-0.268,-0.17,-0.273,0.323,-0.11,0.186,-0.507,-0.135,-0.054,1.0,0.115,-0.106
14,y2,0.35,-0.039,-0.347,-0.196,0.068,-0.04,-0.096,-0.035,-0.133,-0.302,-0.211,-0.179,0.076,0.115,1.0,-0.129
14,y3,-0.04,0.161,0.336,0.062,-0.348,0.608,-0.168,0.394,-0.501,-0.129,-0.096,-0.116,-0.081,-0.106,-0.129,1.0
15,.,1.0,0.313,0.162,-0.0,0.183,-0.321,-0.26,0.116,-0.191,-0.355,0.01,-0.467,-0.413,-0.094,0.351,-0.038
15,A1_1,0.313,1.0,0.049,0.056,-0.072,0.101,-0.231,0.182,-0.373,0.325,0.241,-0.521,-0.243,0.061,-0.039,0.161
15,A1_2,0.162,0.049,1.0,0.048,-0.179,-0.14,-0.297,0.354,0.288,-0.183,-0.082,-0.316,0.052,-0.085,-0.348,0.335
15,A1_3,-0.0,0.056,0.048,1.0,-0.167,0.119,0.111,-0.126,-0.181,-0.01,0.106,0.379,-0.24,0.145,-0.196,0.061
15,B1_1,0.183,-0.072,-0.179,-0.167,1.0,0.193,0.298,-0.242,0.077,0.297,0.147,0.173,-0.248,-0.268,0.066,-0.348
15,B1_2,-0.321,0.101,-0.14,0.119,0.193,1.0,0.166,0.135,-0.393,0.277,0.225,0.228,-0.043,-0.17,-0.041,0.609
15,B1_3,-0.26,-0.231,-0.297,0.111,0.298,0.166,1.0,-0.157,-0.146,-0.023,0.04,0.398,-0.206,-0.273,-0.096,-0.167
15,A2_1,0.116,0.182,0.354,-0.126,-0.242,0.135,-0.157,1.0,-0.284,-0.197,0.064,-0.534,-0.216,0.323,-0.035,0.394
15,A2_2,-0.191,-0.373,0.288,-0.181,0.077,-0.393,-0.146,-0.284,1.0,-0.106,0.108,0.236,0.421,-0.111,-0.133,-0.501
15,A2_3,-0.355,0.325,-0.183,-0.01,0.297,0.277,-0.023,-0.197,-0.106,1.0,0.127,0.074,-0.219,0.186,-0.301,-0.13
15,B2_1,0.01,0.241,-0.082,0.106,0.147,0.225,0.04,0.064,0.108,0.127,1.0,-0.107,-0.041,-0.507,-0.212,-0.095
15,B2_2,-0.467,-0.521,-0.316,0.379,0.173,0.228,0.398,-0.534,0.236,0.074,-0.107,1.0,-0.097,-0.135,-0.18,-0.116
15,B2_3,-0.413,-0.243,0.052,-0.24,-0.248,-0.043,-0.206,-0.216,0.421,-0.219,-0.041,-0.097,1.0,-0.055,0.074,-0.081
15,y1,-0.094,0.061,-0.085,0.145,-0.268,-0.17,-0.273,0.323,-0.111,0.186,-0.507,-0.135,-0.055,1.0,0.114,-0.106
15,y2,0.351,-0.039,-0.348,-0.196,0.066,-0.041,-0.096,-0.035,-0.133,-0.301,-0.212,-0.18,0.074,0.114,1.0,-0.128
15,y3,-0.038,0.161,0.335,0.061,-0.348,0.609,-0.167,0.394,-0.501,-0.13,-0.095,-0.116,-0.081,-0.106,-0.128,1.0
16,.,1.0,0.315,0.162,0.001,0.182,-0.322,-0.262,0.114,-0.192,-0.352,0.006,-0.467,-0.416,-0.093,0.351,-0.037
16,A1_1,0.315,1.0,0.049,0.056,-0.072,0.1,-0.232,0.182,-0.373,0.325,0.24,-0.522,-0.243,0.061,-0.038,0.16
16,A1_2,0.162,0.049,1.0,0.048,-0.18,-0.14,-0.297,0.354,0.289,-0.183,-0.082,-0.316,0.053,-0.086,-0.349,0.335
16,A1_3,0.001,0.056,0.048,1.0,-0.168,0.118,0.11,-0.126,-0.181,-0.009,0.106,0.379,-0.24,0.145,-0.196,0.061
16,B1_1,0.182,-0.072,-0.18,-0.168,1.0,0.193,0.299,-0.242,0.078,0.297,0.147,0.174,-0.248,-0.268,0.064,-0.347
16,B1_2,-0.322,0.1,-0.14,0.118,0.193,1.0,0.167,0.135,-0.392,0.277,0.225,0.229,-0.042,-0.169,-0.041,0.61
16,B1_3,-0.262,-0.232,-0.297,0.11,0.299,0.167,1.0,-0.157,-0.146,-0.022,0.041,0.398,-0.204,-0.272,-0.097,-0.166
16,A2_1,0.114,0.182,0.354,-0.126,-0.242,0.135,-0.157,1.0,-0.284,-0.197,0.065,-0.533,-0.216,0.323,-0.035,0.395
16,A2_2,-0.192,-0.373,0.289,-0.181,0.078,-0.392,-0.146,-0.284,1.0,-0.105,0.108,0.236,0.422,-0.111,-0.134,-0.501
16,A2_3,-0.352,0.325,-0.183,-0.009,0.297,0.277,-0.022,-0.197,-0.105,1.0,0.127,0.075,-0.219,0.186,-0.301,-0.131
16,B2_1,0.006,0.24,-0.082,0.106,0.147,0.225,0.041,0.065,0.108,0.127,1.0,-0.106,-0.041,-0.507,-0.214,-0.094
16,B2_2,-0.467,-0.522,-0.316,0.379,0.174,0.229,0.398,-0.533,0.236,0.075,-0.106,1.0,-0.096,-0.135,-0.181,-0.115
16,B2_3,-0.416,-0.243,0.053,-0.24,-0.248,-0.042,-0.204,-0.216,0.422,-0.219,-0.041,-0.096,1.0,-0.055,0.072,-0.082
16,y1,-0.093,0.061,-0.086,0.145,-0.268,-0.169,-0.272,0.323,-0.111,0.186,-0.507,-0.135,-0.055,1.0,0.113,-0.107
16,y2,0.351,-0.038,-0.349,-0.196,0.064,-0.041,-0.097,-0.035,-0.134,-0.301,-0.214,-0.181,0.072,0.113,1.0,-0.127
16,y3,-0.037,0.16,0.335,0.061,-0.347,0.61,-0.166,0.395,-0.501,-0.131,-0.094,-0.115,-0.082,-0.107,-0.127,1.0
17,.,1.0,0.317,0.162,0.003,0.18,-0.322,-0.264,0.112,-0.194,-0.349,0.002,-0.466,-0.419,-0.092,0.352,-0.035
17,A1_1,0.317,1.0,0.049,0.056,-0.073,0.099,-0.232,0.181,-0.373,0.325,0.24,-0.522,-0.244,0.061,-0.038,0.159
17,A1_2,0.162,0.049,1.0,0.048,-0.18,-0.14,-0.297,0.354,0.289,-0.182,-0.082,-0.315,0.053,-0.086,-0.349,0.334
17,A1_3,0.003,0.056,0.048,1.0,-0.168,0.118,0.109,-0.126,-0.18,-0.008,0.106,0.378,-0.24,0.144,-0.196,0.06
17,B1_1,0.18,-0.073,-0.18,-0.168,1.0,0.193,0.3,-0.242,0.078,0.298,0.147,0.175,-0.247,-0.269,0.063,-0.346
17,B1_2,-0.322,0.099,-0.14,0.118,0.193,1.0,0.168,0.135,-0.392,0.277,0.225,0.23,-0.041,-0.169,-0.042,0.61
17,B1_3,-0.264,-0.232,-0.297,0.109,0.3,0.168,1.0,-0.157,-0.146,-0.022,0.041,0.398,-0.203,-0.272,-0.097,-0.165
17,A2_1,0.112,0.181,0.354,-0.126,-0.242,0.135,-0.157,1.0,-0.284,-0.197,0.065,-0.533,-0.216,0.324,-0.035,0.395
17,A2_2,-0.194,-0.373,0.289,-0.18,0.078,-0.392,-0.146,-0.284,1.0,-0.105,0.109,0.236,0.422,-0.112,-0.134,-0.501
17,A2_3,-0.349,0.325,-0.182,-0.008,0.298,0.277,-0.022,-0.197,-0.105,1.0,0.128,0.075,-0.218,0.186,-0.301,-0.132
17,B2_1,0.002,0.24,-0.082,0.106,0.147,0.225,0.041,0.065,0.109,0.128,1.0,-0.104,-0.04,-0.507,-0.215,-0.093
17,B2_2,-0.466,-0.522,-0.315,0.378,0.175,0.23,0.398,-0.533,0.236,0.075,-0.104,1.0,-0.094,-0.135,-0.182,-0.115
17,B2_3,-0.419,-0.244,0.053,-0.24,-0.247,-0.041,-0.203,-0.216,0.422,-0.218,-0.04,-0.094,1.0,-0.055,0.07,-0.082
17,y1,-0.092,0.061,-0.086,0.144,-0.269,-0.169,-0.272,0.324,-0.112,0.186,-0.507,-0.135,-0.055,1.0,0.112,-0.107
17,y2,0.352,-0.038,-0.349,-0.196,0.063,-0.042,-0.097,-0.035,-0.134,-0.301,-0.215,-0.182,0.07,0.112,1.0,-0.126
17,y3,-0.035,0.159,0.334,0.06,-0.346,0.61,-0.165,0.395,-0.501,-0.132,-0.093,-0.115,-0.082,-0.107,-0.126,1.0
18,.,1.0,0.319,0.164,0.005,0.179,-0.323,-0.267,0.11,-0.196,-0.346,-0.003,-0.467,-0.422,-0.09,0.353,-0.033
18,A1_1,0.319,1.0,0.048,0.056,-0.073,0.098,-0.233,0.181,-0.373,0.325,0.239,-0.522,-0.244,0.061,-0.037,0.159
18,A1_2,0.164,0.048,1.0,0.049,-0.18,-0.14,-0.297,0.355,0.289,-0.182,-0.082,-0.315,0.052,-0.086,-0.35,0.333
18,A1_3,0.005,0.056,0.049,1.0,-0.169,0.116,0.108,-0.126,-0.179,-0.008,0.105,0.377,-0.24,0.144,-0.195,0.059
18,B1_1,0.179,-0.073,-0.18,-0.169,1.0,0.193,0.3,-0.242,0.078,0.298,0.147,0.175,-0.247,-0.269,0.061,-0.345
18,B1_2,-0.323,0.098,-0.14,0.116,0.193,1.0,0.168,0.135,-0.391,0.277,0.226,0.23,-0.04,-0.168,-0.043,0.611
18,B1_3,-0.267,-0.233,-0.297,0.108,0.3,0.168,1.0,-0.157,-0.146,-0.022,0.042,0.399,-0.201,-0.272,-0.097,-0.164
18,A2_1,0.11,0.181,0.355,-0.126,-0.242,0.135,-0.157,1.0,-0.284,-0.197,0.065,-0.532,-0.215,0.324,-0.035,0.395
18,A2_2,-0.196,-0.373,0.289,-0.179,0.078,-0.391,-0.146,-0.284,1.0,-0.104,0.11,0.237,0.423,-0.112,-0.135,-0.501
18,A2_3,-0.346,0.325,-0.182,-0.008,0.298,0.277,-0.022,-0.197,-0.104,1.0,0.128,0.076,-0.218,0.185,-0.301,-0.133
18,B2_1,-0.003,0.239,-0.082,0.105,0.147,0.226,0.042,0.065,0.11,0.128,1.0,-0.103,-0.04,-0.508,-0.216,-0.092
18,B2_2,-0.467,-0.522,-0.315,0.377,0.175,0.23,0.399,-0.532,0.237,0.076,-0.103,1.0,-0.093,-0.135,-0.182,-0.114
18,B2_3,-0.422,-0.244,0.052,-0.24,-0.247,-0.04,-0.201,-0.215,0.423,-0.218,-0.04,-0.093,1.0,-0.056,0.068,-0.083
18,y1,-0.09,0.061,-0.086,0.144,-0.269,-0.168,-0.272,0.324,-0.112,0.185,-0.508,-0.135,-0.056,1.0,0.112,-0.106
18,y2,0.353,-0.037,-0.35,-0.195,0.061,-0.043,-0.097,-0.035,-0.135,-0.301,-0.216,-0.182,0.068,0.112,1.0,-0.125
18,y3,-0.033,0.159,0.333,0.059,-0.345,0.611,-0.164,0.395,-0.501,-0.133,-0.092,-0.114,-0.083,-0.106,-0.125,1.0
19,.,1.0,0.321,0.164,0.007,0.177,-0.324,-0.269,0.108,-0.197,-0.343,-0.007,-0.467,-0.425,-0.088,0.354,-0.032
19,A1_1,0.321,1.0,0.048,0.056,-0.074,0.097,-0.233,0.18,-0.372,0.325,0.239,-0.522,-0.244,0.062,-0.037,0.158
19,A1_2,0.164,0.048,1.0,0.049,-0.18,-0.14,-0.297,0.355,0.289,-0.181,-0.082,-0.315,0.052,-0.087,-0.351,0.333
19,A1_3,0.007,0.056,0.049,1.0,-0.169,0.116,0.107,-0.126,-0.179,-0.007,0.105,0.377,-0.24,0.144,-0.195,0.059
19,B1_1,0.177,-0.074,-0.18,-0.169,1.0,0.193,0.301,-0.242,0.079,0.299,0.147,0.176,-0.247,-0.269,0.06,-0.345
19,B1_2,-0.324,0.097,-0.14,0.116,0.193,1.0,0.169,0.135,-0.39,0.277,0.226,0.231,-0.038,-0.167,-0.044,0.611
19,B1_3,-0.269,-0.233,-0.297,0.107,0.301,0.169,1.0,-0.158,-0.146,-0.022,0.043,0.399,-0.2,-0.271,-0.097,-0.163
19,A2_1,0.108,0.18,0.355,-0.126,-0.242,0.135,-0.158,1.0,-0.284,-0.197,0.065,-0.532,-0.215,0.325,-0.035,0.396
19,A2_2,-0.197,-0.372,0.289,-0.179,0.079,-0.39,-0.146,-0.284,1.0,-0.103,0.11,0.237,0.423,-0.113,-0.135,-0.501
19,A2_3,-0.343,0.325,-0.181,-0.007,0.299,0.277,-0.022,-0.197,-0.103,1.0,0.128,0.076,-0.217,0.185,-0.301,-0.134
19,B2_1,-0.007,0.239,-0.082,0.105,0.147,0.226,0.043,0.065,0.11,0.128,1.0,-0.102,-0.039,-0.508,-0.217,-0.091
19,B2_2,-0.467,-0.522,-0.315,0.377,0.176,0.231,0.399,-0.532,0.237,0.076,-0.102,1.0,-0.092,-0.135,-0.183,-0.114
19,B2_3,-0.425,-0.244,0.052,-0.24,-0.247,-0.038,-0.2,-0.215,0.423,-0.217,-0.039,-0.092,1.0,-0.056,0.066,-0.084
19,y1,-0.088,0.062,-0.087,0.144,-0.269,-0.167,-0.271,0.325,-0.113,0.185,-0.508,-0.135,-0.056,1.0,0.112,-0.106
19,y2,0.354,-0.037,-0.351,-0.195,0.06,-0.044,-0.097,-0.035,-0.135,-0.301,-0.217,-0.183,0.066,0.112,1.0,-0.126
19,y3,-0.032,0.158,0.333,0.059,-0.345,0.611,-0.163,0.396,-0.501,-0.134,-0.091,-0.114,-0.084,-0.106,-0.126,1.0
20,.,1.0,0.323,0.166,0.009,0.175,-0.325,-0.271,0.107,-0.199,-0.34,-0.012,-0.467,-0.428,-0.086,0.355,-0.03
20,A1_1,0.323,1.0,0.048,0.056,-0.075,0.096,-0.234,0.18,-0.372,0.324,0.238,-0.522,-0.244,0.062,-0.037,0.158
20,A1_2,0.166,0.048,1.0,0.049,-0.18,-0.14,-0.297,0.354,0.29,-0.181,-0.082,-0.315,0.052,-0.088,-0.351,0.332
20,A1_3,0.009,0.056,0.049,1.0,-0.17,0.115,0.107,-0.126,-0.178,-0.007,0.105,0.376,-0.24,0.143,-0.195,0.059
20,B1_1,0.175,-0.075,-0.18,-0.17,1.0,0.193,0.301,-0.242,0.079,0.3,0.148,0.176,-0.246,-0.269,0.058,-0.344
20,B1_2,-0.325,0.096,-0.14,0.115,0.193,1.0,0.17,0.135,-0.39,0.277,0.227,0.232,-0.037,-0.167,-0.045,0.612
20,B1_3,-0.271,-0.234,-0.297,0.107,0.301,0.17,1.0,-0.158,-0.146,-0.022,0.043,0.399,-0.198,-0.271,-0.098,-0.162
20,A2_1,0.107,0.18,0.354,-0.126,-0.242,0.135,-0.158,1.0,-0.284,-0.197,0.065,-0.531,-0.215,0.325,-0.034,0.396
20,A2_2,-0.199,-0.372,0.29,-0.178,0.079,-0.39,-0.146,-0.284,1.0,-0.102,0.111,0.237,0.423,-0.113,-0.135,-0.501
20,A2_3,-0.34,0.324,-0.181,-0.007,0.3,0.277,-0.022,-0.197,-0.102,1.0,0.129,0.076,-0.217,0.185,-0.301,-0.135
20,B2_1,-0.012,0.238,-0.082,0.105,0.148,0.227,0.043,0.065,0.111,0.129,1.0,-0.101,-0.039,-0.508,-0.218,-0.091
20,B2_2,-0.467,-0.522,-0.315,0.376,0.176,0.232,0.399,-0.531,0.237,0.076,-0.101,1.0,-0.09,-0.135,-0.184,-0.113
20,B2_3,-0.428,-0.244,0.052,-0.24,-0.246,-0.037,-0.198,-0.215,0.423,-0.217,-0.039,-0.09,1.0,-0.057,0.064,-0.084
20,y1,-0.086,0.062,-0.088,0.143,-0.269,-0.167,-0.271,0.325,-0.113,0.185,-0.508,-0.135,-0.057,1.0,0.111,-0.106
20,y2,0.355,-0.037,-0.351,-0.195,0.058,-0.045,-0.098,-0.034,-0.135,-0.301,-0.218,-0.184,0.064,0.111,1.0,-0.125
20,y3,-0.03,0.158,0.332,0.059,-0.344,0.612,-0.162,0.396,-0.501,-0.135,-0.091,-0.113,-0.084,-0.106,-0.125,1.0
21,.,1.0,0.325,0.167,0.011,0.173,-0.326,-0.273,0.106,-0.2,-0.338,-0.016,-0.467,-0.43,-0.085,0.356,-0.028
21,A1_1,0.325,1.0,0.048,0.055,-0.075,0.094,-0.235,0.18,-0.372,0.324,0.238,-0.523,-0.244,0.062,-0.037,0.157
21,A1_2,0.167,0.048,1.0,0.049,-0.18,-0.141,-0.298,0.354,0.29,-0.18,-0.082,-0.315,0.052,-0.088,-0.352,0.331
21,A1_3,0.011,0.055,0.049,1.0,-0.17,0.115,0.106,-0.126,-0.178,-0.007,0.104,0.376,-0.24,0.143,-0.195,0.058
21,B1_1,0.173,-0.075,-0.18,-0.17,1.0,0.193,0.302,-0.241,0.08,0.3,0.148,0.176,-0.245,-0.269,0.057,-0.343
21,B1_2,-0.326,0.094,-0.141,0.115,0.193,1.0,0.171,0.135,-0.389,0.277,0.227,0.234,-0.036,-0.166,-0.046,0.612
21,B1_3,-0.273,-0.235,-0.298,0.106,0.302,0.171,1.0,-0.158,-0.146,-0.022,0.044,0.4,-0.197,-0.27,-0.098,-0.161
21,A2_1,0.106,0.18,0.354,-0.126,-0.241,0.135,-0.158,1.0,-0.284,-0.197,0.065,-0.531,-0.215,0.325,-0.034,0.396
21,A2_2,-0.2,-0.372,0.29,-0.178,0.08,-0.389,-0.146,-0.284,1.0,-0.102,0.111,0.237,0.423,-0.114,-0.135,-0.502
21,A2_3,-0.338,0.324,-0.18,-0.007,0.3,0.277,-0.022,-0.197,-0.102,1.0,0.129,0.077,-0.217,0.185,-0.301,-0.137
21,B2_1,-0.016,0.238,-0.082,0.104,0.148,0.227,0.044,0.065,0.111,0.129,1.0,-0.1,-0.039,-0.508,-0.219,-0.09
21,B2_2,-0.467,-0.523,-0.315,0.376,0.176,0.234,0.4,-0.531,0.237,0.077,-0.1,1.0,-0.089,-0.135,-0.185,-0.113
21,B2_3,-0.43,-0.244,0.052,-0.24,-0.245,-0.036,-0.197,-0.215,0.423,-0.217,-0.039,-0.089,1.0,-0.057,0.063,-0.085
21,y1,-0.085,0.062,-0.088,0.143,-0.269,-0.166,-0.27,0.325,-0.114,0.185,-0.508,-0.135,-0.057,1.0,0.11,-0.106
21,y2,0.356,-0.037,-0.352,-0.195,0.057,-0.046,-0.098,-0.034,-0.135,-0.301,-0.219,-0.185,0.063,0.11,1.0,-0.124
21,y3,-0.028,0.157,0.331,0.058,-0.343,0.612,-0.161,0.396,-0.502,-0.137,-0.09,-0.113,-0.085,-0.106,-0.124,1.0
22,.,1.0,0.327,0.168,0.012,0.172,-0.327,-0.276,0.105,-0.201,-0.335,-0.02,-0.467,-0.432,-0.083,0.356,-0.027
22,A1_1,0.327,1.0,0.049,0.055,-0.076,0.093,-0.235,0.179,-0.371,0.325,0.237,-0.523,-0.245,0.062,-0.036,0.157
22,A1_2,0.168,0.049,1.0,0.049,-0.18,-0.141,-0.298,0.355,0.29,-0.18,-0.082,-0.315,0.052,-0.089,-0.352,0.33
22,A1_3,0.012,0.055,0.049,1.0,-0.17,0.114,0.105,-0.126,-0.177,-0.007,0.104,0.375,-0.24,0.143,-0.195,0.058
22,B1_1,0.172,-0.076,-0.18,-0.17,1.0,0.193,0.302,-0.241,0.08,0.301,0.148,0.177,-0.245,-0.269,0.056,-0.343
22,B1_2,-0.327,0.093,-0.141,0.114,0.193,1.0,0.172,0.135,-0.389,0.276,0.228,0.235,-0.035,-0.166,-0.047,0.612
22,B1_3,-0.276,-0.235,-0.298,0.105,0.302,0.172,1.0,-0.158,-0.146,-0.022,0.045,0.4,-0.196,-0.27,-0.098,-0.16
22,A2_1,0.105,0.179,0.355,-0.126,-0.241,0.135,-0.158,1.0,-0.284,-0.197,0.066,-0.531,-0.214,0.325,-0.034,0.397
22,A2_2,-0.201,-0.371,0.29,-0.177,0.08,-0.389,-0.146,-0.284,1.0,-0.101,0.112,0.237,0.422,-0.114,-0.136,-0.502
22,A2_3,-0.335,0.325,-0.18,-0.007,0.301,0.276,-0.022,-0.197,-0.101,1.0,0.13,0.077,-0.217,0.185,-0.301,-0.138
22,B2_1,-0.02,0.237,-0.082,0.104,0.148,0.228,0.045,0.066,0.112,0.13,1.0,-0.099,-0.039,-0.508,-0.219,-0.089
22,B2_2,-0.467,-0.523,-0.315,0.375,0.177,0.235,0.4,-0.531,0.237,0.077,-0.099,1.0,-0.088,-0.135,-0.185,-0.112
22,B2_3,-0.432,-0.245,0.052,-0.24,-0.245,-0.035,-0.196,-0.214,0.422,-0.217,-0.039,-0.088,1.0,-0.058,0.061,-0.085
22,y1,-0.083,0.062,-0.089,0.143,-0.269,-0.166,-0.27,0.325,-0.114,0.185,-0.508,-0.135,-0.058,1.0,0.11,-0.107
22,y2,0.356,-0.036,-0.352,-0.195,0.056,-0.047,-0.098,-0.034,-0.136,-0.301,-0.219,-0.185,0.061,0.11,1.0,-0.123
22,y3,-0.027,0.157,0.33,0.058,-0.343,0.612,-0.16,0.397,-0.502,-0.138,-0.089,-0.112,-0.085,-0.107,-0.123,1.0
23,.,1.0,0.329,0.17,0.014,0.17,-0.328,-0.278,0.104,-0.203,-0.332,-0.024,-0.467,-0.434,-0.081,0.357,-0.024
