,,.,A1_1,A1_2,A1_3,B1_1,B1_2,B1_3,A2_1,A2_2,A2_3,B2_1,B2_2,B2_3,y1,y2,y3
0,.,1.0,0.317,-0.032,0.003,-0.012,0.065,-0.111,-0.043,-0.24,-0.011,0.011,0.203,-0.301,-0.077,-0.141,-0.242
0,A1_1,0.317,1.0,-0.026,-0.355,-0.199,0.227,0.21,-0.202,-0.244,0.215,-0.099,0.229,-0.291,0.029,-0.26,-0.107
0,A1_2,-0.032,-0.026,1.0,0.192,-0.05,0.132,-0.207,0.049,0.173,0.23,0.2,-0.279,-0.184,-0.101,-0.236,-0.102
0,A1_3,0.003,-0.355,0.192,1.0,0.367,-0.094,0.204,-0.008,0.227,-0.095,-0.172,-0.01,-0.065,0.012,-0.104,0.126
0,B1_1,-0.012,-0.199,-0.05,0.367,1.0,-0.185,-0.118,-0.116,0.468,0.022,-0.013,-0.178,-0.094,0.19,-0.194,0.02
0,B1_2,0.065,0.227,0.132,-0.094,-0.185,1.0,0.067,-0.02,-0.17,-0.105,0.266,-0.373,-0.068,0.137,-0.059,0.222
0,B1_3,-0.111,0.21,-0.207,0.204,-0.118,0.067,1.0,-0.174,-0.211,-0.198,-0.269,0.198,0.203,-0.001,-0.003,0.182
0,A2_1,-0.043,-0.202,0.049,-0.008,-0.116,-0.02,-0.174,1.0,-0.218,-0.072,-0.167,0.033,0.073,0.126,0.132,0.235
0,A2_2,-0.24,-0.244,0.173,0.227,0.468,-0.17,-0.211,-0.218,1.0,0.025,0.237,-0.423,0.083,-0.031,-0.023,0.009
0,A2_3,-0.011,0.215,0.23,-0.095,0.022,-0.105,-0.198,-0.072,0.025,1.0,0.012,-0.035,-0.427,0.297,-0.025,0.002
0,B2_1,0.011,-0.099,0.2,-0.172,-0.013,0.266,-0.269,-0.167,0.237,0.012,1.0,-0.236,0.093,0.129,-0.117,-0.153
0,B2_2,0.203,0.229,-0.279,-0.01,-0.178,-0.373,0.198,0.033,-0.423,-0.035,-0.236,1.0,-0.028,-0.087,-0.053,-0.119
0,B2_3,-0.301,-0.291,-0.184,-0.065,-0.094,-0.068,0.203,0.073,0.083,-0.427,0.093,-0.028,1.0,-0.235,-0.009,0.19
0,y1,-0.077,0.029,-0.101,0.012,0.19,0.137,-0.001,0.126,-0.031,0.297,0.129,-0.087,-0.235,1.0,0.052,-0.021
0,y2,-0.141,-0.26,-0.236,-0.104,-0.194,-0.059,-0.003,0.132,-0.023,-0.025,-0.117,-0.053,-0.009,0.052,1.0,0.217
0,y3,-0.242,-0.107,-0.102,0.126,0.02,0.222,0.182,0.235,0.009,0.002,-0.153,-0.119,0.19,-0.021,0.217,1.0
1,.,1.0,0.317,-0.039,0.002,0.004,0.074,-0.096,-0.055,-0.228,-0.007,0.022,0.199,-0.303,-0.07,-0.131,-0.24
1,A1_1,0.317,1.0,-0.025,-0.358,-0.194,0.232,0.206,-0.198,-0.247,0.211,-0.099,0.229,-0.289,0.033,-0.262,-0.104
1,A1_2,-0.039,-0.025,1.0,0.194,-0.051,0.131,-0.212,0.056,0.174,0.235,0.2,-0.279,-0.185,-0.103,-0.239,-0.105
1,A1_3,0.002,-0.358,0.194,1.0,0.365,-0.096,0.195,-0.002,0.227,-0.093,-0.175,-0.012,-0.065,0.019,-0.1,0.128
1,B1_1,0.004,-0.194,-0.051,0.365,1.0,-0.189,-0.12,-0.119,0.47,0.027,-0.015,-0.18,-0.099,0.19,-0.194,0.015
1,B1_2,0.074,0.232,0.131,-0.096,-0.189,1.0,0.068,-0.024,-0.17,-0.102,0.268,-0.372,-0.067,0.136,-0.062,0.218
1,B1_3,-0.096,0.206,-0.212,0.195,-0.12,0.068,1.0,-0.181,-0.214,-0.203,-0.267,0.199,0.207,0.001,-0.002,0.181
1,A2_1,-0.055,-0.198,0.056,-0.002,-0.119,-0.024,-0.181,1.0,-0.212,-0.067,-0.172,0.028,0.068,0.131,0.138,0.234
1,A2_2,-0.228,-0.247,0.174,0.227,0.47,-0.17,-0.214,-0.212,1.0,0.024,0.236,-0.424,0.084,-0.034,-0.027,0.005
1,A2_3,-0.007,0.211,0.235,-0.093,0.027,-0.102,-0.203,-0.067,0.024,1.0,0.014,-0.035,-0.426,0.297,-0.031,0.003
1,B2_1,0.022,-0.099,0.2,-0.175,-0.015,0.268,-0.267,-0.172,0.236,0.014,1.0,-0.236,0.093,0.127,-0.119,-0.156
1,B2_2,0.199,0.229,-0.279,-0.012,-0.18,-0.372,0.199,0.028,-0.424,-0.035,-0.236,1.0,-0.027,-0.08,-0.051,-0.117
1,B2_3,-0.303,-0.289,-0.185,-0.065,-0.099,-0.067,0.207,0.068,0.084,-0.426,0.093,-0.027,1.0,-0.236,-0.012,0.184
1,y1,-0.07,0.033,-0.103,0.019,0.19,0.136,0.001,0.131,-0.034,0.297,0.127,-0.08,-0.236,1.0,0.047,-0.016
1,y2,-0.131,-0.262,-0.239,-0.1,-0.194,-0.062,-0.002,0.138,-0.027,-0.031,-0.119,-0.051,-0.012,0.047,1.0,0.217
1,y3,-0.24,-0.104,-0.105,0.128,0.015,0.218,0.181,0.234,0.005,0.003,-0.156,-0.117,0.184,-0.016,0.217,1.0
2,.,1.0,0.318,-0.041,0.006,0.021,0.08,-0.083,-0.063,-0.217,-0.009,0.028,0.195,-0.305,-0.071,-0.131,-0.24
2,A1_1,0.318,1.0,-0.022,-0.358,-0.189,0.234,0.203,-0.195,-0.25,0.208,-0.099,0.231,-0.285,0.036,-0.266,-0.103
2,A1_2,-0.041,-0.022,1.0,0.197,-0.053,0.13,-0.217,0.061,0.175,0.235,0.199,-0.279,-0.184,-0.104,-0.241,-0.105
2,A1_3,0.006,-0.358,0.197,1.0,0.361,-0.099,0.186,0.0,0.228,-0.091,-0.178,-0.014,-0.068,0.023,-0.095,0.132
2,B1_1,0.021,-0.189,-0.053,0.361,1.0,-0.191,-0.122,-0.123,0.471,0.033,-0.017,-0.181,-0.104,0.19,-0.193,0.012
2,B1_2,0.08,0.234,0.13,-0.099,-0.191,1.0,0.07,-0.027,-0.173,-0.098,0.269,-0.369,-0.068,0.136,-0.062,0.215
2,B1_3,-0.083,0.203,-0.217,0.186,-0.122,0.07,1.0,-0.189,-0.219,-0.208,-0.263,0.198,0.21,0.005,-0.001,0.179
2,A2_1,-0.063,-0.195,0.061,0.0,-0.123,-0.027,-0.189,1.0,-0.208,-0.061,-0.173,0.023,0.065,0.135,0.141,0.233
2,A2_2,-0.217,-0.25,0.175,0.228,0.471,-0.173,-0.219,-0.208,1.0,0.024,0.232,-0.426,0.084,-0.035,-0.03,0.004
2,A2_3,-0.009,0.208,0.235,-0.091,0.033,-0.098,-0.208,-0.061,0.024,1.0,0.018,-0.034,-0.421,0.298,-0.034,0.005
2,B2_1,0.028,-0.099,0.199,-0.178,-0.017,0.269,-0.263,-0.173,0.232,0.018,1.0,-0.233,0.094,0.125,-0.124,-0.161
2,B2_2,0.195,0.231,-0.279,-0.014,-0.181,-0.369,0.198,0.023,-0.426,-0.034,-0.233,1.0,-0.027,-0.075,-0.047,-0.116
2,B2_3,-0.305,-0.285,-0.184,-0.068,-0.104,-0.068,0.21,0.065,0.084,-0.421,0.094,-0.027,1.0,-0.235,-0.014,0.18
2,y1,-0.071,0.036,-0.104,0.023,0.19,0.136,0.005,0.135,-0.035,0.298,0.125,-0.075,-0.235,1.0,0.043,-0.009
2,y2,-0.131,-0.266,-0.241,-0.095,-0.193,-0.062,-0.001,0.141,-0.03,-0.034,-0.124,-0.047,-0.014,0.043,1.0,0.218
2,y3,-0.24,-0.103,-0.105,0.132,0.012,0.215,0.179,0.233,0.004,0.005,-0.161,-0.116,0.18,-0.009,0.218,1.0
3,.,1.0,0.318,-0.044,0.008,0.03,0.081,-0.072,-0.071,-0.205,-0.013,0.032,0.191,-0.303,-0.077,-0.124,-0.238
3,A1_1,0.318,1.0,-0.022,-0.36,-0.186,0.236,0.2,-0.193,-0.251,0.207,-0.098,0.232,-0.283,0.038,-0.266,-0.103
3,A1_2,-0.044,-0.022,1.0,0.199,-0.052,0.13,-0.22,0.067,0.176,0.237,0.198,-0.28,-0.184,-0.105,-0.244,-0.105
3,A1_3,0.008,-0.36,0.199,1.0,0.36,-0.101,0.181,0.002,0.229,-0.089,-0.18,-0.017,-0.07,0.026,-0.09,0.134
3,B1_1,0.03,-0.186,-0.052,0.36,1.0,-0.194,-0.125,-0.124,0.471,0.04,-0.018,-0.183,-0.109,0.192,-0.193,0.01
3,B1_2,0.081,0.236,0.13,-0.101,-0.194,1.0,0.071,-0.029,-0.174,-0.095,0.272,-0.367,-0.067,0.136,-0.064,0.211
3,B1_3,-0.072,0.2,-0.22,0.181,-0.125,0.071,1.0,-0.194,-0.224,-0.209,-0.259,0.199,0.212,0.011,0.001,0.178
3,A2_1,-0.071,-0.193,0.067,0.002,-0.124,-0.029,-0.194,1.0,-0.206,-0.059,-0.175,0.02,0.062,0.136,0.143,0.232
3,A2_2,-0.205,-0.251,0.176,0.229,0.471,-0.174,-0.224,-0.206,1.0,0.024,0.228,-0.427,0.083,-0.037,-0.034,0.004
3,A2_3,-0.013,0.207,0.237,-0.089,0.04,-0.095,-0.209,-0.059,0.024,1.0,0.019,-0.031,-0.419,0.297,-0.036,0.005
3,B2_1,0.032,-0.098,0.198,-0.18,-0.018,0.272,-0.259,-0.175,0.228,0.019,1.0,-0.23,0.094,0.123,-0.127,-0.162
3,B2_2,0.191,0.232,-0.28,-0.017,-0.183,-0.367,0.199,0.02,-0.427,-0.031,-0.23,1.0,-0.026,-0.071,-0.044,-0.116
3,B2_3,-0.303,-0.283,-0.184,-0.07,-0.109,-0.067,0.212,0.062,0.083,-0.419,0.094,-0.026,1.0,-0.236,-0.016,0.175
3,y1,-0.077,0.038,-0.105,0.026,0.192,0.136,0.011,0.136,-0.037,0.297,0.123,-0.071,-0.236,1.0,0.038,-0.003
3,y2,-0.124,-0.266,-0.244,-0.09,-0.193,-0.064,0.001,0.143,-0.034,-0.036,-0.127,-0.044,-0.016,0.038,1.0,0.218
3,y3,-0.238,-0.103,-0.105,0.134,0.01,0.211,0.178,0.232,0.004,0.005,-0.162,-0.116,0.175,-0.003,0.218,1.0
4,.,1.0,0.317,-0.045,0.01,0.04,0.079,-0.067,-0.076,-0.194,-0.017,0.034,0.186,-0.304,-0.082,-0.121,-0.24
4,A1_1,0.317,1.0,-0.021,-0.362,-0.184,0.237,0.196,-0.19,-0.251,0.206,-0.098,0.233,-0.281,0.04,-0.266,-0.101
4,A1_2,-0.045,-0.021,1.0,0.203,-0.05,0.13,-0.222,0.07,0.178,0.237,0.196,-0.28,-0.184,-0.105,-0.246,-0.106
4,A1_3,0.01,-0.362,0.203,1.0,0.358,-0.103,0.175,0.003,0.23,-0.089,-0.181,-0.02,-0.071,0.028,-0.087,0.133
4,B1_1,0.04,-0.184,-0.05,0.358,1.0,-0.196,-0.127,-0.126,0.471,0.045,-0.017,-0.186,-0.113,0.191,-0.193,0.007
4,B1_2,0.079,0.237,0.13,-0.103,-0.196,1.0,0.072,-0.033,-0.175,-0.092,0.274,-0.364,-0.066,0.135,-0.065,0.208
4,B1_3,-0.067,0.196,-0.222,0.175,-0.127,0.072,1.0,-0.198,-0.227,-0.21,-0.256,0.201,0.214,0.015,0.004,0.178
4,A2_1,-0.076,-0.19,0.07,0.003,-0.126,-0.033,-0.198,1.0,-0.203,-0.055,-0.175,0.018,0.059,0.137,0.147,0.233
4,A2_2,-0.194,-0.251,0.178,0.23,0.471,-0.175,-0.227,-0.203,1.0,0.024,0.227,-0.429,0.083,-0.039,-0.037,0.003
4,A2_3,-0.017,0.206,0.237,-0.089,0.045,-0.092,-0.21,-0.055,0.024,1.0,0.021,-0.029,-0.416,0.297,-0.038,0.002
4,B2_1,0.034,-0.098,0.196,-0.181,-0.017,0.274,-0.256,-0.175,0.227,0.021,1.0,-0.227,0.096,0.123,-0.131,-0.163
4,B2_2,0.186,0.233,-0.28,-0.02,-0.186,-0.364,0.201,0.018,-0.429,-0.029,-0.227,1.0,-0.024,-0.065,-0.041,-0.117
4,B2_3,-0.304,-0.281,-0.184,-0.071,-0.113,-0.066,0.214,0.059,0.083,-0.416,0.096,-0.024,1.0,-0.237,-0.017,0.172
4,y1,-0.082,0.04,-0.105,0.028,0.191,0.135,0.015,0.137,-0.039,0.297,0.123,-0.065,-0.237,1.0,0.036,0.002
4,y2,-0.121,-0.266,-0.246,-0.087,-0.193,-0.065,0.004,0.147,-0.037,-0.038,-0.131,-0.041,-0.017,0.036,1.0,0.221
4,y3,-0.24,-0.101,-0.106,0.133,0.007,0.208,0.178,0.233,0.003,0.002,-0.163,-0.117,0.172,0.002,0.221,1.0
5,.,1.0,0.317,-0.045,0.008,0.047,0.079,-0.063,-0.077,-0.186,-0.02,0.039,0.183,-0.303,-0.089,-0.12,-0.24
5,A1_1,0.317,1.0,-0.019,-0.363,-0.182,0.238,0.194,-0.186,-0.251,0.207,-0.099,0.235,-0.281,0.041,-0.267,-0.102
5,A1_2,-0.045,-0.019,1.0,0.205,-0.05,0.13,-0.223,0.072,0.178,0.237,0.195,-0.28,-0.184,-0.104,-0.248,-0.106
5,A1_3,0.008,-0.363,0.205,1.0,0.357,-0.103,0.171,0.006,0.231,-0.088,-0.181,-0.021,-0.072,0.03,-0.084,0.134
5,B1_1,0.047,-0.182,-0.05,0.357,1.0,-0.197,-0.128,-0.129,0.472,0.046,-0.016,-0.189,-0.114,0.191,-0.193,0.003
5,B1_2,0.079,0.238,0.13,-0.103,-0.197,1.0,0.072,-0.033,-0.174,-0.09,0.275,-0.363,-0.065,0.134,-0.065,0.205
5,B1_3,-0.063,0.194,-0.223,0.171,-0.128,0.072,1.0,-0.201,-0.229,-0.211,-0.254,0.203,0.216,0.017,0.004,0.177
5,A2_1,-0.077,-0.186,0.072,0.006,-0.129,-0.033,-0.201,1.0,-0.203,-0.055,-0.177,0.016,0.056,0.14,0.153,0.233
5,A2_2,-0.186,-0.251,0.178,0.231,0.472,-0.174,-0.229,-0.203,1.0,0.024,0.226,-0.43,0.082,-0.041,-0.039,0.002
5,A2_3,-0.02,0.207,0.237,-0.088,0.046,-0.09,-0.211,-0.055,0.024,1.0,0.022,-0.028,-0.415,0.296,-0.04,0.001
5,B2_1,0.039,-0.099,0.195,-0.181,-0.016,0.275,-0.254,-0.177,0.226,0.022,1.0,-0.225,0.097,0.12,-0.134,-0.164
5,B2_2,0.183,0.235,-0.28,-0.021,-0.189,-0.363,0.203,0.016,-0.43,-0.028,-0.225,1.0,-0.024,-0.063,-0.041,-0.118
5,B2_3,-0.303,-0.281,-0.184,-0.072,-0.114,-0.065,0.216,0.056,0.082,-0.415,0.097,-0.024,1.0,-0.237,-0.017,0.169
5,y1,-0.089,0.041,-0.104,0.03,0.191,0.134,0.017,0.14,-0.041,0.296,0.12,-0.063,-0.237,1.0,0.036,0.007
5,y2,-0.12,-0.267,-0.248,-0.084,-0.193,-0.065,0.004,0.153,-0.039,-0.04,-0.134,-0.041,-0.017,0.036,1.0,0.226
5,y3,-0.24,-0.102,-0.106,0.134,0.003,0.205,0.177,0.233,0.002,0.001,-0.164,-0.118,0.169,0.007,0.226,1.0
6,.,1.0,0.316,-0.044,0.009,0.054,0.078,-0.059,-0.078,-0.181,-0.022,0.041,0.18,-0.305,-0.096,-0.124,-0.243
6,A1_1,0.316,1.0,-0.017,-0.363,-0.181,0.238,0.191,-0.183,-0.252,0.207,-0.099,0.236,-0.28,0.041,-0.269,-0.102
6,A1_2,-0.044,-0.017,1.0,0.206,-0.05,0.13,-0.224,0.074,0.179,0.24,0.195,-0.28,-0.184,-0.105,-0.249,-0.107
6,A1_3,0.009,-0.363,0.206,1.0,0.357,-0.103,0.168,0.006,0.231,-0.086,-0.181,-0.022,-0.073,0.031,-0.082,0.133
6,B1_1,0.054,-0.181,-0.05,0.357,1.0,-0.197,-0.127,-0.131,0.473,0.048,-0.015,-0.19,-0.113,0.191,-0.194,0.001
6,B1_2,0.078,0.238,0.13,-0.103,-0.197,1.0,0.072,-0.033,-0.174,-0.089,0.275,-0.362,-0.065,0.132,-0.066,0.202
6,B1_3,-0.059,0.191,-0.224,0.168,-0.127,0.072,1.0,-0.203,-0.231,-0.212,-0.252,0.204,0.217,0.019,0.005,0.177
6,A2_1,-0.078,-0.183,0.074,0.006,-0.131,-0.033,-0.203,1.0,-0.201,-0.054,-0.178,0.014,0.054,0.141,0.158,0.233
6,A2_2,-0.181,-0.252,0.179,0.231,0.473,-0.174,-0.231,-0.201,1.0,0.024,0.226,-0.43,0.082,-0.04,-0.041,0.002
6,A2_3,-0.022,0.207,0.24,-0.086,0.048,-0.089,-0.212,-0.054,0.024,1.0,0.022,-0.027,-0.415,0.297,-0.043,0.001
6,B2_1,0.041,-0.099,0.195,-0.181,-0.015,0.275,-0.252,-0.178,0.226,0.022,1.0,-0.225,0.099,0.119,-0.137,-0.167
6,B2_2,0.18,0.236,-0.28,-0.022,-0.19,-0.362,0.204,0.014,-0.43,-0.027,-0.225,1.0,-0.023,-0.061,-0.039,-0.118
6,B2_3,-0.305,-0.28,-0.184,-0.073,-0.113,-0.065,0.217,0.054,0.082,-0.415,0.099,-0.023,1.0,-0.237,-0.017,0.167
6,y1,-0.096,0.041,-0.105,0.031,0.191,0.132,0.019,0.141,-0.04,0.297,0.119,-0.061,-0.237,1.0,0.037,0.01
6,y2,-0.124,-0.269,-0.249,-0.082,-0.194,-0.066,0.005,0.158,-0.041,-0.043,-0.137,-0.039,-0.017,0.037,1.0,0.232
6,y3,-0.243,-0.102,-0.107,0.133,0.001,0.202,0.177,0.233,0.002,0.001,-0.167,-0.118,0.167,0.01,0.232,1.0
7,.,1.0,0.314,-0.046,0.008,0.057,0.079,-0.056,-0.077,-0.181,-0.025,0.042,0.18,-0.305,-0.1,-0.126,-0.242
7,A1_1,0.314,1.0,-0.015,-0.364,-0.18,0.239,0.188,-0.181,-0.252,0.207,-0.099,0.237,-0.28,0.043,-0.27,-0.102
7,A1_2,-0.046,-0.015,1.0,0.207,-0.051,0.131,-0.226,0.075,0.18,0.241,0.195,-0.28,-0.184,-0.105,-0.249,-0.108
7,A1_3,0.008,-0.364,0.207,1.0,0.357,-0.103,0.166,0.006,0.232,-0.085,-0.18,-0.023,-0.074,0.032,-0.081,0.132
7,B1_1,0.057,-0.18,-0.051,0.357,1.0,-0.197,-0.128,-0.132,0.473,0.048,-0.015,-0.191,-0.113,0.191,-0.196,-0.001
7,B1_2,0.079,0.239,0.131,-0.103,-0.197,1.0,0.073,-0.034,-0.173,-0.088,0.276,-0.361,-0.064,0.13,-0.066,0.199
7,B1_3,-0.056,0.188,-0.226,0.166,-0.128,0.073,1.0,-0.205,-0.232,-0.213,-0.251,0.205,0.219,0.02,0.005,0.177
7,A2_1,-0.077,-0.181,0.075,0.006,-0.132,-0.034,-0.205,1.0,-0.2,-0.052,-0.179,0.013,0.053,0.142,0.161,0.232
7,A2_2,-0.181,-0.252,0.18,0.232,0.473,-0.173,-0.232,-0.2,1.0,0.024,0.227,-0.43,0.082,-0.04,-0.044,0.002
7,A2_3,-0.025,0.207,0.241,-0.085,0.048,-0.088,-0.213,-0.052,0.024,1.0,0.022,-0.026,-0.415,0.298,-0.041,0.001
7,B2_1,0.042,-0.099,0.195,-0.18,-0.015,0.276,-0.251,-0.179,0.227,0.022,1.0,-0.224,0.1,0.117,-0.139,-0.168
7,B2_2,0.18,0.237,-0.28,-0.023,-0.191,-0.361,0.205,0.013,-0.43,-0.026,-0.224,1.0,-0.022,-0.059,-0.038,-0.118
7,B2_3,-0.305,-0.28,-0.184,-0.074,-0.113,-0.064,0.219,0.053,0.082,-0.415,0.1,-0.022,1.0,-0.237,-0.017,0.167
7,y1,-0.1,0.043,-0.105,0.032,0.191,0.13,0.02,0.142,-0.04,0.298,0.117,-0.059,-0.237,1.0,0.038,0.013
7,y2,-0.126,-0.27,-0.249,-0.081,-0.196,-0.066,0.005,0.161,-0.044,-0.041,-0.139,-0.038,-0.017,0.038,1.0,0.236
7,y3,-0.242,-0.102,-0.108,0.132,-0.001,0.199,0.177,0.232,0.002,0.001,-0.168,-0.118,0.167,0.013,0.236,1.0
8,.,1.0,0.318,-0.046,0.002,0.058,0.079,-0.054,-0.077,-0.177,-0.026,0.041,0.179,-0.303,-0.108,-0.128,-0.244
8,A1_1,0.318,1.0,-0.015,-0.365,-0.178,0.239,0.186,-0.18,-0.253,0.207,-0.099,0.238,-0.28,0.043,-0.27,-0.103
8,A1_2,-0.046,-0.015,1.0,0.209,-0.05,0.132,-0.227,0.076,0.181,0.242,0.196,-0.281,-0.185,-0.105,-0.251,-0.108
8,A1_3,0.002,-0.365,0.209,1.0,0.356,-0.104,0.165,0.007,0.232,-0.084,-0.181,-0.024,-0.073,0.032,-0.081,0.133
8,B1_1,0.058,-0.178,-0.05,0.356,1.0,-0.197,-0.128,-0.133,0.474,0.049,-0.015,-0.192,-0.113,0.191,-0.196,-0.001
8,B1_2,0.079,0.239,0.132,-0.104,-0.197,1.0,0.073,-0.035,-0.174,-0.087,0.276,-0.36,-0.064,0.127,-0.067,0.198
8,B1_3,-0.054,0.186,-0.227,0.165,-0.128,0.073,1.0,-0.206,-0.234,-0.214,-0.25,0.206,0.22,0.021,0.005,0.176
8,A2_1,-0.077,-0.18,0.076,0.007,-0.133,-0.035,-0.206,1.0,-0.198,-0.051,-0.179,0.012,0.052,0.144,0.164,0.231
8,A2_2,-0.177,-0.253,0.181,0.232,0.474,-0.174,-0.234,-0.198,1.0,0.024,0.226,-0.43,0.082,-0.04,-0.045,0.003
8,A2_3,-0.026,0.207,0.242,-0.084,0.049,-0.087,-0.214,-0.051,0.024,1.0,0.023,-0.025,-0.416,0.298,-0.041,0.0
8,B2_1,0.041,-0.099,0.196,-0.181,-0.015,0.276,-0.25,-0.179,0.226,0.023,1.0,-0.223,0.1,0.115,-0.141,-0.168
8,B2_2,0.179,0.238,-0.281,-0.024,-0.192,-0.36,0.206,0.012,-0.43,-0.025,-0.223,1.0,-0.022,-0.058,-0.036,-0.119
8,B2_3,-0.303,-0.28,-0.185,-0.073,-0.113,-0.064,0.22,0.052,0.082,-0.416,0.1,-0.022,1.0,-0.236,-0.017,0.165
8,y1,-0.108,0.043,-0.105,0.032,0.191,0.127,0.021,0.144,-0.04,0.298,0.115,-0.058,-0.236,1.0,0.038,0.015
8,y2,-0.128,-0.27,-0.251,-0.081,-0.196,-0.067,0.005,0.164,-0.045,-0.041,-0.141,-0.036,-0.017,0.038,1.0,0.24
8,y3,-0.244,-0.103,-0.108,0.133,-0.001,0.198,0.176,0.231,0.003,0.0,-0.168,-0.119,0.165,0.015,0.24,1.0
9,.,1.0,0.317,-0.046,0.001,0.06,0.08,-0.053,-0.079,-0.175,-0.026,0.042,0.177,-0.303,-0.113,-0.13,-0.245
9,A1_1,0.317,1.0,-0.013,-0.365,-0.178,0.239,0.185,-0.178,-0.252,0.208,-0.099,0.238,-0.28,0.044,-0.27,-0.103
9,A1_2,-0.046,-0.013,1.0,0.211,-0.05,0.132,-0.227,0.077,0.182,0.242,0.195,-0.28,-0.184,-0.106,-0.252,-0.109
9,A1_3,0.001,-0.365,0.211,1.0,0.356,-0.105,0.164,0.009,0.232,-0.084,-0.181,-0.024,-0.073,0.033,-0.081,0.132
9,B1_1,0.06,-0.178,-0.05,0.356,1.0,-0.197,-0.128,-0.134,0.474,0.049,-0.014,-0.193,-0.112,0.191,-0.197,-0.003
9,B1_2,0.08,0.239,0.132,-0.105,-0.197,1.0,0.074,-0.036,-0.173,-0.087,0.276,-0.359,-0.064,0.125,-0.066,0.196
9,B1_3,-0.053,0.185,-0.227,0.164,-0.128,0.074,1.0,-0.207,-0.234,-0.215,-0.249,0.206,0.22,0.022,0.006,0.176
9,A2_1,-0.079,-0.178,0.077,0.009,-0.134,-0.036,-0.207,1.0,-0.197,-0.049,-0.18,0.012,0.051,0.144,0.166,0.23
9,A2_2,-0.175,-0.252,0.182,0.232,0.474,-0.173,-0.234,-0.197,1.0,0.023,0.226,-0.429,0.082,-0.038,-0.047,0.004
9,A2_3,-0.026,0.208,0.242,-0.084,0.049,-0.087,-0.215,-0.049,0.023,1.0,0.023,-0.024,-0.417,0.299,-0.041,0.001
9,B2_1,0.042,-0.099,0.195,-0.181,-0.014,0.276,-0.249,-0.18,0.226,0.023,1.0,-0.222,0.101,0.114,-0.143,-0.169
9,B2_2,0.177,0.238,-0.28,-0.024,-0.193,-0.359,0.206,0.012,-0.429,-0.024,-0.222,1.0,-0.021,-0.057,-0.035,-0.119
9,B2_3,-0.303,-0.28,-0.184,-0.073,-0.112,-0.064,0.22,0.051,0.082,-0.417,0.101,-0.021,1.0,-0.236,-0.017,0.165
9,y1,-0.113,0.044,-0.106,0.033,0.191,0.125,0.022,0.144,-0.038,0.299,0.114,-0.057,-0.236,1.0,0.041,0.018
9,y2,-0.13,-0.27,-0.252,-0.081,-0.197,-0.066,0.006,0.166,-0.047,-0.041,-0.143,-0.035,-0.017,0.041,1.0,0.242
9,y3,-0.245,-0.103,-0.109,0.132,-0.003,0.196,0.176,0.23,0.004,0.001,-0.169,-0.119,0.165,0.018,0.242,1.0
10,.,1.0,0.316,-0.046,0.004,0.063,0.08,-0.051,-0.081,-0.174,-0.026,0.043,0.177,-0.306,-0.115,-0.134,-0.247
10,A1_1,0.316,1.0,-0.013,-0.366,-0.177,0.239,0.184,-0.177,-0.252,0.209,-0.098,0.239,-0.28,0.044,-0.27,-0.103
10,A1_2,-0.046,-0.013,1.0,0.213,-0.05,0.132,-0.228,0.079,0.182,0.241,0.195,-0.28,-0.184,-0.107,-0.253,-0.11
10,A1_3,0.004,-0.366,0.213,1.0,0.355,-0.105,0.163,0.01,0.232,-0.083,-0.181,-0.024,-0.073,0.034,-0.079,0.132
10,B1_1,0.063,-0.177,-0.05,0.355,1.0,-0.197,-0.127,-0.135,0.475,0.05,-0.013,-0.194,-0.112,0.191,-0.197,-0.004
10,B1_2,0.08,0.239,0.132,-0.105,-0.197,1.0,0.074,-0.036,-0.174,-0.087,0.277,-0.359,-0.064,0.124,-0.066,0.196
10,B1_3,-0.051,0.184,-0.228,0.163,-0.127,0.074,1.0,-0.208,-0.235,-0.215,-0.249,0.207,0.221,0.022,0.007,0.176
10,A2_1,-0.081,-0.177,0.079,0.01,-0.135,-0.036,-0.208,1.0,-0.196,-0.047,-0.179,0.011,0.051,0.144,0.166,0.23
10,A2_2,-0.174,-0.252,0.182,0.232,0.475,-0.174,-0.235,-0.196,1.0,0.023,0.226,-0.429,0.081,-0.037,-0.048,0.004
10,A2_3,-0.026,0.209,0.241,-0.083,0.05,-0.087,-0.215,-0.047,0.023,1.0,0.023,-0.023,-0.416,0.299,-0.039,0.001
10,B2_1,0.043,-0.098,0.195,-0.181,-0.013,0.277,-0.249,-0.179,0.226,0.023,1.0,-0.222,0.101,0.113,-0.145,-0.169
10,B2_2,0.177,0.239,-0.28,-0.024,-0.194,-0.359,0.207,0.011,-0.429,-0.023,-0.222,1.0,-0.021,-0.057,-0.035,-0.119
10,B2_3,-0.306,-0.28,-0.184,-0.073,-0.112,-0.064,0.221,0.051,0.081,-0.416,0.101,-0.021,1.0,-0.235,-0.019,0.164
10,y1,-0.115,0.044,-0.107,0.034,0.191,0.124,0.022,0.144,-0.037,0.299,0.113,-0.057,-0.235,1.0,0.043,0.019
10,y2,-0.134,-0.27,-0.253,-0.079,-0.197,-0.066,0.007,0.166,-0.048,-0.039,-0.145,-0.035,-0.019,0.043,1.0,0.245
10,y3,-0.247,-0.103,-0.11,0.132,-0.004,0.196,0.176,0.23,0.004,0.001,-0.169,-0.119,0.164,0.019,0.245,1.0
11,.,1.0,0.315,-0.046,0.004,0.065,0.081,-0.048,-0.082,-0.171,-0.028,0.042,0.175,-0.303,-0.121,-0.134,-0.245
11,A1_1,0.315,1.0,-0.011,-0.366,-0.177,0.239,0.183,-0.175,-0.252,0.21,-0.098,0.238,-0.28,0.044,-0.27,-0.104
11,A1_2,-0.046,-0.011,1.0,0.213,-0.05,0.131,-0.228,0.079,0.182,0.243,0.195,-0.281,-0.184,-0.107,-0.254,-0.111
11,A1_3,0.004,-0.366,0.213,1.0,0.354,-0.104,0.16,0.011,0.232,-0.084,-0.181,-0.024,-0.073,0.035,-0.08,0.134
11,B1_1,0.065,-0.177,-0.05,0.354,1.0,-0.197,-0.127,-0.137,0.476,0.049,-0.012,-0.195,-0.111,0.193,-0.196,-0.005
11,B1_2,0.081,0.239,0.131,-0.104,-0.197,1.0,0.074,-0.036,-0.174,-0.085,0.277,-0.358,-0.063,0.124,-0.067,0.193
11,B1_3,-0.048,0.183,-0.228,0.16,-0.127,0.074,1.0,-0.208,-0.235,-0.215,-0.248,0.207,0.221,0.022,0.007,0.175
11,A2_1,-0.082,-0.175,0.079,0.011,-0.137,-0.036,-0.208,1.0,-0.195,-0.046,-0.18,0.01,0.05,0.144,0.166,0.229
11,A2_2,-0.171,-0.252,0.182,0.232,0.476,-0.174,-0.235,-0.195,1.0,0.022,0.226,-0.429,0.081,-0.036,-0.048,0.005
11,A2_3,-0.028,0.21,0.243,-0.084,0.049,-0.085,-0.215,-0.046,0.022,1.0,0.023,-0.023,-0.416,0.3,-0.04,0.002
11,B2_1,0.042,-0.098,0.195,-0.181,-0.012,0.277,-0.248,-0.18,0.226,0.023,1.0,-0.221,0.102,0.111,-0.147,-0.17
11,B2_2,0.175,0.238,-0.281,-0.024,-0.195,-0.358,0.207,0.01,-0.429,-0.023,-0.221,1.0,-0.021,-0.057,-0.034,-0.12
11,B2_3,-0.303,-0.28,-0.184,-0.073,-0.111,-0.063,0.221,0.05,0.081,-0.416,0.102,-0.021,1.0,-0.235,-0.02,0.163
11,y1,-0.121,0.044,-0.107,0.035,0.193,0.124,0.022,0.144,-0.036,0.3,0.111,-0.057,-0.235,1.0,0.043,0.021
11,y2,-0.134,-0.27,-0.254,-0.08,-0.196,-0.067,0.007,0.166,-0.048,-0.04,-0.147,-0.034,-0.02,0.043,1.0,0.247
11,y3,-0.245,-0.104,-0.111,0.134,-0.005,0.193,0.175,0.229,0.005,0.002,-0.17,-0.12,0.163,0.021,0.247,1.0
12,.,1.0,0.313,-0.046,0.005,0.069,0.079,-0.047,-0.082,-0.168,-0.031,0.041,0.174,-0.305,-0.123,-0.135,-0.244
12,A1_1,0.313,1.0,-0.01,-0.366,-0.175,0.239,0.182,-0.174,-0.252,0.21,-0.099,0.239,-0.28,0.045,-0.269,-0.105
12,A1_2,-0.046,-0.01,1.0,0.215,-0.051,0.132,-0.229,0.08,0.182,0.244,0.195,-0.28,-0.184,-0.108,-0.256,-0.111
12,A1_3,0.005,-0.366,0.215,1.0,0.354,-0.105,0.158,0.013,0.232,-0.083,-0.182,-0.024,-0.073,0.037,-0.081,0.133
12,B1_1,0.069,-0.175,-0.051,0.354,1.0,-0.196,-0.127,-0.138,0.477,0.05,-0.011,-0.196,-0.111,0.193,-0.198,-0.005
12,B1_2,0.079,0.239,0.132,-0.105,-0.196,1.0,0.075,-0.036,-0.174,-0.085,0.278,-0.358,-0.062,0.122,-0.067,0.193
12,B1_3,-0.047,0.182,-0.229,0.158,-0.127,0.075,1.0,-0.209,-0.236,-0.217,-0.247,0.207,0.222,0.023,0.007,0.175
12,A2_1,-0.082,-0.174,0.08,0.013,-0.138,-0.036,-0.209,1.0,-0.195,-0.045,-0.18,0.01,0.05,0.144,0.167,0.228
12,A2_2,-0.168,-0.252,0.182,0.232,0.477,-0.174,-0.236,-0.195,1.0,0.022,0.225,-0.429,0.081,-0.036,-0.05,0.005
12,A2_3,-0.031,0.21,0.244,-0.083,0.05,-0.085,-0.217,-0.045,0.022,1.0,0.023,-0.021,-0.415,0.301,-0.039,0.002
12,B2_1,0.041,-0.099,0.195,-0.182,-0.011,0.278,-0.247,-0.18,0.225,0.023,1.0,-0.221,0.103,0.109,-0.148,-0.171
12,B2_2,0.174,0.239,-0.28,-0.024,-0.196,-0.358,0.207,0.01,-0.429,-0.021,-0.221,1.0,-0.021,-0.055,-0.033,-0.121
12,B2_3,-0.305,-0.28,-0.184,-0.073,-0.111,-0.062,0.222,0.05,0.081,-0.415,0.103,-0.021,1.0,-0.236,-0.02,0.162
12,y1,-0.123,0.045,-0.108,0.037,0.193,0.122,0.023,0.144,-0.036,0.301,0.109,-0.055,-0.236,1.0,0.044,0.023
12,y2,-0.135,-0.269,-0.256,-0.081,-0.198,-0.067,0.007,0.167,-0.05,-0.039,-0.148,-0.033,-0.02,0.044,1.0,0.249
12,y3,-0.244,-0.105,-0.111,0.133,-0.005,0.193,0.175,0.228,0.005,0.002,-0.171,-0.121,0.162,0.023,0.249,1.0
13,.,1.0,0.314,-0.047,0.006,0.069,0.081,-0.042,-0.084,-0.167,-0.031,0.04,0.173,-0.305,-0.124,-0.134,-0.245
13,A1_1,0.314,1.0,-0.01,-0.366,-0.174,0.239,0.181,-0.173,-0.251,0.209,-0.099,0.239,-0.28,0.045,-0.27,-0.105
13,A1_2,-0.047,-0.01,1.0,0.215,-0.05,0.133,-0.231,0.08,0.183,0.244,0.195,-0.28,-0.185,-0.108,-0.256,-0.112
13,A1_3,0.006,-0.366,0.215,1.0,0.354,-0.105,0.158,0.013,0.232,-0.083,-0.182,-0.024,-0.073,0.039,-0.079,0.133
13,B1_1,0.069,-0.174,-0.05,0.354,1.0,-0.197,-0.127,-0.139,0.477,0.05,-0.01,-0.196,-0.11,0.194,-0.197,-0.005
13,B1_2,0.081,0.239,0.133,-0.105,-0.197,1.0,0.075,-0.036,-0.174,-0.084,0.278,-0.357,-0.062,0.121,-0.067,0.193
13,B1_3,-0.042,0.181,-0.231,0.158,-0.127,0.075,1.0,-0.209,-0.236,-0.217,-0.246,0.207,0.222,0.023,0.008,0.175
13,A2_1,-0.084,-0.173,0.08,0.013,-0.139,-0.036,-0.209,1.0,-0.195,-0.045,-0.18,0.01,0.05,0.145,0.167,0.227
13,A2_2,-0.167,-0.251,0.183,0.232,0.477,-0.174,-0.236,-0.195,1.0,0.021,0.226,-0.429,0.081,-0.036,-0.05,0.006
13,A2_3,-0.031,0.209,0.244,-0.083,0.05,-0.084,-0.217,-0.045,0.021,1.0,0.024,-0.021,-0.415,0.302,-0.038,0.002
13,B2_1,0.04,-0.099,0.195,-0.182,-0.01,0.278,-0.246,-0.18,0.226,0.024,1.0,-0.22,0.103,0.107,-0.148,-0.171
13,B2_2,0.173,0.239,-0.28,-0.024,-0.196,-0.357,0.207,0.01,-0.429,-0.021,-0.22,1.0,-0.021,-0.054,-0.033,-0.121
13,B2_3,-0.305,-0.28,-0.185,-0.073,-0.11,-0.062,0.222,0.05,0.081,-0.415,0.103,-0.021,1.0,-0.238,-0.021,0.161
13,y1,-0.124,0.045,-0.108,0.039,0.194,0.121,0.023,0.145,-0.036,0.302,0.107,-0.054,-0.238,1.0,0.045,0.025
13,y2,-0.134,-0.27,-0.256,-0.079,-0.197,-0.067,0.008,0.167,-0.05,-0.038,-0.148,-0.033,-0.021,0.045,1.0,0.25
13,y3,-0.245,-0.105,-0.112,0.133,-0.005,0.193,0.175,0.227,0.006,0.002,-0.171,-0.121,0.161,0.025,0.25,1.0
14,.,1.0,0.313,-0.047,0.006,0.07,0.083,-0.039,-0.083,-0.168,-0.032,0.039,0.172,-0.304,-0.125,-0.136,-0.243
14,A1_1,0.313,1.0,-0.006,-0.367,-0.174,0.239,0.18,-0.171,-0.252,0.211,-0.099,0.238,-0.28,0.046,-0.271,-0.106
14,A1_2,-0.047,-0.006,1.0,0.216,-0.049,0.133,-0.231,0.081,0.183,0.244,0.194,-0.28,-0.185,-0.107,-0.255,-0.112
14,A1_3,0.006,-0.367,0.216,1.0,0.353,-0.105,0.157,0.013,0.232,-0.082,-0.182,-0.024,-0.073,0.039,-0.079,0.133
14,B1_1,0.07,-0.174,-0.049,0.353,1.0,-0.197,-0.127,-0.139,0.477,0.05,-0.01,-0.197,-0.11,0.195,-0.196,-0.006
14,B1_2,0.083,0.239,0.133,-0.105,-0.197,1.0,0.075,-0.037,-0.174,-0.085,0.278,-0.357,-0.062,0.121,-0.067,0.193
14,B1_3,-0.039,0.18,-0.231,0.157,-0.127,0.075,1.0,-0.209,-0.237,-0.218,-0.246,0.208,0.223,0.023,0.008,0.175
14,A2_1,-0.083,-0.171,0.081,0.013,-0.139,-0.037,-0.209,1.0,-0.195,-0.044,-0.18,0.01,0.05,0.145,0.167,0.227
14,A2_2,-0.168,-0.252,0.183,0.232,0.477,-0.174,-0.237,-0.195,1.0,0.021,0.226,-0.429,0.081,-0.036,-0.05,0.005
14,A2_3,-0.032,0.211,0.244,-0.082,0.05,-0.085,-0.218,-0.044,0.021,1.0,0.024,-0.021,-0.415,0.303,-0.037,0.002
14,B2_1,0.039,-0.099,0.194,-0.182,-0.01,0.278,-0.246,-0.18,0.226,0.024,1.0,-0.22,0.103,0.106,-0.15,-0.171
14,B2_2,0.172,0.238,-0.28,-0.024,-0.197,-0.357,0.208,0.01,-0.429,-0.021,-0.22,1.0,-0.021,-0.054,-0.033,-0.121
14,B2_3,-0.304,-0.28,-0.185,-0.073,-0.11,-0.062,0.223,0.05,0.081,-0.415,0.103,-0.021,1.0,-0.238,-0.022,0.161
14,y1,-0.125,0.046,-0.107,0.039,0.195,0.121,0.023,0.145,-0.036,0.303,0.106,-0.054,-0.238,1.0,0.046,0.025
14,y2,-0.136,-0.271,-0.255,-0.079,-0.196,-0.067,0.008,0.167,-0.05,-0.037,-0.15,-0.033,-0.022,0.046,1.0,0.251
14,y3,-0.243,-0.106,-0.112,0.133,-0.006,0.193,0.175,0.227,0.005,0.002,-0.171,-0.121,0.161,0.025,0.251,1.0
15,.,1.0,0.314,-0.047,0.005,0.071,0.083,-0.037,-0.085,-0.167,-0.033,0.039,0.17,-0.305,-0.128,-0.137,-0.245
15,A1_1,0.314,1.0,-0.006,-0.367,-0.173,0.238,0.18,-0.169,-0.252,0.211,-0.099,0.239,-0.28,0.046,-0.271,-0.106
15,A1_2,-0.047,-0.006,1.0,0.217,-0.05,0.134,-0.232,0.083,0.183,0.244,0.194,-0.28,-0.185,-0.108,-0.257,-0.113
15,A1_3,0.005,-0.367,0.217,1.0,0.353,-0.104,0.157,0.013,0.232,-0.082,-0.182,-0.025,-0.074,0.04,-0.077,0.132
15,B1_1,0.071,-0.173,-0.05,0.353,1.0,-0.197,-0.126,-0.14,0.478,0.05,-0.01,-0.197,-0.11,0.195,-0.196,-0.005
15,B1_2,0.083,0.238,0.134,-0.104,-0.197,1.0,0.075,-0.036,-0.174,-0.085,0.278,-0.357,-0.062,0.118,-0.068,0.192
15,B1_3,-0.037,0.18,-0.232,0.157,-0.126,0.075,1.0,-0.209,-0.237,-0.218,-0.246,0.208,0.223,0.023,0.008,0.174
15,A2_1,-0.085,-0.169,0.083,0.013,-0.14,-0.036,-0.209,1.0,-0.194,-0.044,-0.18,0.009,0.05,0.145,0.167,0.226
15,A2_2,-0.167,-0.252,0.183,0.232,0.478,-0.174,-0.237,-0.194,1.0,0.022,0.225,-0.429,0.081,-0.035,-0.049,0.007
15,A2_3,-0.033,0.211,0.244,-0.082,0.05,-0.085,-0.218,-0.044,0.022,1.0,0.024,-0.021,-0.415,0.303,-0.036,0.002
15,B2_1,0.039,-0.099,0.194,-0.182,-0.01,0.278,-0.246,-0.18,0.225,0.024,1.0,-0.22,0.103,0.105,-0.151,-0.171
15,B2_2,0.17,0.239,-0.28,-0.025,-0.197,-0.357,0.208,0.009,-0.429,-0.021,-0.22,1.0,-0.021,-0.054,-0.033,-0.122
15,B2_3,-0.305,-0.28,-0.185,-0.074,-0.11,-0.062,0.223,0.05,0.081,-0.415,0.103,-0.021,1.0,-0.238,-0.023,0.161
15,y1,-0.128,0.046,-0.108,0.04,0.195,0.118,0.023,0.145,-0.035,0.303,0.105,-0.054,-0.238,1.0,0.048,0.026
15,y2,-0.137,-0.271,-0.257,-0.077,-0.196,-0.068,0.008,0.167,-0.049,-0.036,-0.151,-0.033,-0.023,0.048,1.0,0.254
15,y3,-0.245,-0.106,-0.113,0.132,-0.005,0.192,0.174,0.226,0.007,0.002,-0.171,-0.122,0.161,0.026,0.254,1.0
16,.,1.0,0.313,-0.045,0.006,0.072,0.082,-0.038,-0.087,-0.166,-0.032,0.039,0.168,-0.307,-0.131,-0.137,-0.246
16,A1_1,0.313,1.0,-0.005,-0.367,-0.173,0.238,0.18,-0.168,-0.252,0.211,-0.099,0.239,-0.28,0.047,-0.271,-0.106
16,A1_2,-0.045,-0.005,1.0,0.217,-0.05,0.133,-0.232,0.084,0.183,0.245,0.194,-0.28,-0.185,-0.109,-0.258,-0.114
16,A1_3,0.006,-0.367,0.217,1.0,0.353,-0.105,0.156,0.013,0.232,-0.081,-0.182,-0.025,-0.074,0.04,-0.078,0.132
16,B1_1,0.072,-0.173,-0.05,0.353,1.0,-0.196,-0.127,-0.14,0.478,0.05,-0.01,-0.198,-0.11,0.196,-0.196,-0.006
16,B1_2,0.082,0.238,0.133,-0.105,-0.196,1.0,0.075,-0.037,-0.173,-0.084,0.278,-0.357,-0.062,0.118,-0.067,0.192
16,B1_3,-0.038,0.18,-0.232,0.156,-0.127,0.075,1.0,-0.209,-0.237,-0.218,-0.246,0.208,0.223,0.022,0.008,0.174
16,A2_1,-0.087,-0.168,0.084,0.013,-0.14,-0.037,-0.209,1.0,-0.194,-0.042,-0.18,0.01,0.049,0.145,0.167,0.226
16,A2_2,-0.166,-0.252,0.183,0.232,0.478,-0.173,-0.237,-0.194,1.0,0.021,0.225,-0.429,0.081,-0.033,-0.049,0.007
16,A2_3,-0.032,0.211,0.245,-0.081,0.05,-0.084,-0.218,-0.042,0.021,1.0,0.024,-0.02,-0.415,0.303,-0.035,0.001
16,B2_1,0.039,-0.099,0.194,-0.182,-0.01,0.278,-0.246,-0.18,0.225,0.024,1.0,-0.22,0.103,0.105,-0.151,-0.171
16,B2_2,0.168,0.239,-0.28,-0.025,-0.198,-0.357,0.208,0.01,-0.429,-0.02,-0.22,1.0,-0.021,-0.055,-0.033,-0.121
16,B2_3,-0.307,-0.28,-0.185,-0.074,-0.11,-0.062,0.223,0.049,0.081,-0.415,0.103,-0.021,1.0,-0.238,-0.023,0.161
16,y1,-0.131,0.047,-0.109,0.04,0.196,0.118,0.022,0.145,-0.033,0.303,0.105,-0.055,-0.238,1.0,0.049,0.026
16,y2,-0.137,-0.271,-0.258,-0.078,-0.196,-0.067,0.008,0.167,-0.049,-0.035,-0.151,-0.033,-0.023,0.049,1.0,0.256
16,y3,-0.246,-0.106,-0.114,0.132,-0.006,0.192,0.174,0.226,0.007,0.001,-0.171,-0.121,0.161,0.026,0.256,1.0
17,.,1.0,0.311,-0.047,0.007,0.076,0.081,-0.032,-0.092,-0.161,-0.036,0.039,0.168,-0.305,-0.136,-0.138,-0.242
17,A1_1,0.311,1.0,-0.004,-0.366,-0.173,0.239,0.179,-0.166,-0.252,0.21,-0.099,0.238,-0.279,0.047,-0.271,-0.106
17,A1_2,-0.047,-0.004,1.0,0.217,-0.05,0.134,-0.233,0.085,0.183,0.246,0.194,-0.28,-0.185,-0.109,-0.258,-0.115
17,A1_3,0.007,-0.366,0.217,1.0,0.352,-0.105,0.156,0.013,0.232,-0.08,-0.182,-0.025,-0.074,0.039,-0.078,0.131
17,B1_1,0.076,-0.173,-0.05,0.352,1.0,-0.196,-0.127,-0.142,0.479,0.051,-0.008,-0.198,-0.109,0.195,-0.195,-0.008
17,B1_2,0.081,0.239,0.134,-0.105,-0.196,1.0,0.075,-0.037,-0.173,-0.085,0.278,-0.356,-0.061,0.116,-0.067,0.19
17,B1_3,-0.032,0.179,-0.233,0.156,-0.127,0.075,1.0,-0.209,-0.239,-0.219,-0.245,0.209,0.224,0.022,0.007,0.174
17,A2_1,-0.092,-0.166,0.085,0.013,-0.142,-0.037,-0.209,1.0,-0.195,-0.04,-0.18,0.01,0.049,0.146,0.165,0.224
17,A2_2,-0.161,-0.252,0.183,0.232,0.479,-0.173,-0.239,-0.195,1.0,0.02,0.226,-0.429,0.081,-0.034,-0.048,0.008
17,A2_3,-0.036,0.21,0.246,-0.08,0.051,-0.085,-0.219,-0.04,0.02,1.0,0.024,-0.019,-0.412,0.303,-0.036,0.002
17,B2_1,0.039,-0.099,0.194,-0.182,-0.008,0.278,-0.245,-0.18,0.226,0.024,1.0,-0.219,0.105,0.103,-0.152,-0.172
17,B2_2,0.168,0.238,-0.28,-0.025,-0.198,-0.356,0.209,0.01,-0.429,-0.019,-0.219,1.0,-0.02,-0.053,-0.033,-0.123
17,B2_3,-0.305,-0.279,-0.185,-0.074,-0.109,-0.061,0.224,0.049,0.081,-0.412,0.105,-0.02,1.0,-0.238,-0.023,0.158
17,y1,-0.136,0.047,-0.109,0.039,0.195,0.116,0.022,0.146,-0.034,0.303,0.103,-0.053,-0.238,1.0,0.051,0.028
17,y2,-0.138,-0.271,-0.258,-0.078,-0.195,-0.067,0.007,0.165,-0.048,-0.036,-0.152,-0.033,-0.023,0.051,1.0,0.258
17,y3,-0.242,-0.106,-0.115,0.131,-0.008,0.19,0.174,0.224,0.008,0.002,-0.172,-0.123,0.158,0.028,0.258,1.0
18,.,1.0,0.309,-0.047,0.006,0.075,0.082,-0.032,-0.092,-0.162,-0.037,0.039,0.165,-0.305,-0.137,-0.136,-0.24
18,A1_1,0.309,1.0,-0.004,-0.366,-0.172,0.238,0.178,-0.165,-0.252,0.21,-0.099,0.238,-0.279,0.048,-0.272,-0.105
18,A1_2,-0.047,-0.004,1.0,0.217,-0.05,0.134,-0.233,0.086,0.183,0.246,0.194,-0.28,-0.184,-0.109,-0.257,-0.115
18,A1_3,0.006,-0.366,0.217,1.0,0.352,-0.106,0.156,0.013,0.233,-0.079,-0.182,-0.025,-0.074,0.04,-0.079,0.132
18,B1_1,0.075,-0.172,-0.05,0.352,1.0,-0.196,-0.127,-0.142,0.479,0.052,-0.008,-0.199,-0.109,0.196,-0.195,-0.008
18,B1_2,0.082,0.238,0.134,-0.106,-0.196,1.0,0.075,-0.037,-0.173,-0.085,0.278,-0.356,-0.061,0.115,-0.067,0.19
18,B1_3,-0.032,0.178,-0.233,0.156,-0.127,0.075,1.0,-0.209,-0.239,-0.219,-0.245,0.209,0.224,0.022,0.007,0.173
18,A2_1,-0.092,-0.165,0.086,0.013,-0.142,-0.037,-0.209,1.0,-0.194,-0.039,-0.18,0.01,0.049,0.147,0.165,0.223
18,A2_2,-0.162,-0.252,0.183,0.233,0.479,-0.173,-0.239,-0.194,1.0,0.021,0.226,-0.43,0.081,-0.033,-0.049,0.008
18,A2_3,-0.037,0.21,0.246,-0.079,0.052,-0.085,-0.219,-0.039,0.021,1.0,0.024,-0.019,-0.412,0.304,-0.035,0.002
18,B2_1,0.039,-0.099,0.194,-0.182,-0.008,0.278,-0.245,-0.18,0.226,0.024,1.0,-0.218,0.105,0.102,-0.152,-0.173
18,B2_2,0.165,0.238,-0.28,-0.025,-0.199,-0.356,0.209,0.01,-0.43,-0.019,-0.218,1.0,-0.02,-0.053,-0.033,-0.122
18,B2_3,-0.305,-0.279,-0.184,-0.074,-0.109,-0.061,0.224,0.049,0.081,-0.412,0.105,-0.02,1.0,-0.239,-0.024,0.157
18,y1,-0.137,0.048,-0.109,0.04,0.196,0.115,0.022,0.147,-0.033,0.304,0.102,-0.053,-0.239,1.0,0.053,0.028
18,y2,-0.136,-0.272,-0.257,-0.079,-0.195,-0.067,0.007,0.165,-0.049,-0.035,-0.152,-0.033,-0.024,0.053,1.0,0.258
18,y3,-0.24,-0.105,-0.115,0.132,-0.008,0.19,0.173,0.223,0.008,0.002,-0.173,-0.122,0.157,0.028,0.258,1.0
19,.,1.0,0.307,-0.048,0.006,0.076,0.081,-0.03,-0.093,-0.162,-0.038,0.04,0.166,-0.304,-0.137,-0.136,-0.239
19,A1_1,0.307,1.0,-0.003,-0.368,-0.171,0.238,0.178,-0.164,-0.252,0.211,-0.1,0.238,-0.28,0.048,-0.272,-0.105
19,A1_2,-0.048,-0.003,1.0,0.219,-0.05,0.134,-0.233,0.087,0.183,0.247,0.195,-0.281,-0.184,-0.11,-0.257,-0.116
19,A1_3,0.006,-0.368,0.219,1.0,0.352,-0.106,0.155,0.015,0.231,-0.08,-0.182,-0.026,-0.073,0.039,-0.078,0.131
19,B1_1,0.076,-0.171,-0.05,0.352,1.0,-0.196,-0.127,-0.143,0.479,0.052,-0.008,-0.199,-0.109,0.196,-0.194,-0.007
19,B1_2,0.081,0.238,0.134,-0.106,-0.196,1.0,0.075,-0.037,-0.172,-0.085,0.279,-0.356,-0.061,0.114,-0.067,0.19
19,B1_3,-0.03,0.178,-0.233,0.155,-0.127,0.075,1.0,-0.209,-0.239,-0.219,-0.245,0.209,0.224,0.022,0.007,0.173
19,A2_1,-0.093,-0.164,0.087,0.015,-0.143,-0.037,-0.209,1.0,-0.193,-0.039,-0.18,0.01,0.049,0.146,0.165,0.222
19,A2_2,-0.162,-0.252,0.183,0.231,0.479,-0.172,-0.239,-0.193,1.0,0.02,0.226,-0.43,0.082,-0.033,-0.048,0.009
19,A2_3,-0.038,0.211,0.247,-0.08,0.052,-0.085,-0.219,-0.039,0.02,1.0,0.024,-0.019,-0.412,0.305,-0.033,0.002
19,B2_1,0.04,-0.1,0.195,-0.182,-0.008,0.279,-0.245,-0.18,0.226,0.024,1.0,-0.218,0.105,0.102,-0.152,-0.173
19,B2_2,0.166,0.238,-0.281,-0.026,-0.199,-0.356,0.209,0.01,-0.43,-0.019,-0.218,1.0,-0.02,-0.053,-0.034,-0.122
19,B2_3,-0.304,-0.28,-0.184,-0.073,-0.109,-0.061,0.224,0.049,0.082,-0.412,0.105,-0.02,1.0,-0.24,-0.025,0.156
19,y1,-0.137,0.048,-0.11,0.039,0.196,0.114,0.022,0.146,-0.033,0.305,0.102,-0.053,-0.24,1.0,0.056,0.03
19,y2,-0.136,-0.272,-0.257,-0.078,-0.194,-0.067,0.007,0.165,-0.048,-0.033,-0.152,-0.034,-0.025,0.056,1.0,0.26
19,y3,-0.239,-0.105,-0.116,0.131,-0.007,0.19,0.173,0.222,0.009,0.002,-0.173,-0.122,0.156,0.03,0.26,1.0
20,.,1.0,0.305,-0.05,0.005,0.079,0.081,-0.029,-0.096,-0.16,-0.04,0.04,0.164,-0.304,-0.14,-0.137,-0.236
20,A1_1,0.305,1.0,-0.002,-0.369,-0.171,0.238,0.178,-0.163,-0.252,0.211,-0.099,0.238,-0.279,0.048,-0.272,-0.105
20,A1_2,-0.05,-0.002,1.0,0.22,-0.051,0.135,-0.234,0.088,0.184,0.246,0.194,-0.28,-0.183,-0.112,-0.259,-0.116
20,A1_3,0.005,-0.369,0.22,1.0,0.351,-0.106,0.153,0.016,0.231,-0.081,-0.182,-0.026,-0.074,0.039,-0.078,0.13
20,B1_1,0.079,-0.171,-0.051,0.351,1.0,-0.196,-0.127,-0.144,0.479,0.052,-0.007,-0.199,-0.109,0.197,-0.196,-0.008
20,B1_2,0.081,0.238,0.135,-0.106,-0.196,1.0,0.076,-0.038,-0.172,-0.084,0.279,-0.355,-0.06,0.113,-0.066,0.189
20,B1_3,-0.029,0.178,-0.234,0.153,-0.127,0.076,1.0,-0.21,-0.241,-0.219,-0.245,0.21,0.224,0.022,0.009,0.172
20,A2_1,-0.096,-0.163,0.088,0.016,-0.144,-0.038,-0.21,1.0,-0.193,-0.038,-0.18,0.01,0.048,0.147,0.165,0.221
20,A2_2,-0.16,-0.252,0.184,0.231,0.479,-0.172,-0.241,-0.193,1.0,0.019,0.226,-0.43,0.082,-0.032,-0.05,0.011
20,A2_3,-0.04,0.211,0.246,-0.081,0.052,-0.084,-0.219,-0.038,0.019,1.0,0.024,-0.018,-0.412,0.305,-0.032,0.003
20,B2_1,0.04,-0.099,0.194,-0.182,-0.007,0.279,-0.245,-0.18,0.226,0.024,1.0,-0.217,0.106,0.1,-0.154,-0.173
20,B2_2,0.164,0.238,-0.28,-0.026,-0.199,-0.355,0.21,0.01,-0.43,-0.018,-0.217,1.0,-0.02,-0.053,-0.033,-0.124
20,B2_3,-0.304,-0.279,-0.183,-0.074,-0.109,-0.06,0.224,0.048,0.082,-0.412,0.106,-0.02,1.0,-0.24,-0.025,0.154
20,y1,-0.14,0.048,-0.112,0.039,0.197,0.113,0.022,0.147,-0.032,0.305,0.1,-0.053,-0.24,1.0,0.06,0.03
20,y2,-0.137,-0.272,-0.259,-0.078,-0.196,-0.066,0.009,0.165,-0.05,-0.032,-0.154,-0.033,-0.025,0.06,1.0,0.264
20,y3,-0.236,-0.105,-0.116,0.13,-0.008,0.189,0.172,0.221,0.011,0.003,-0.173,-0.124,0.154,0.03,0.264,1.0
21,.,1.0,0.305,-0.052,0.006,0.08,0.082,-0.026,-0.096,-0.16,-0.04,0.039,0.164,-0.304,-0.139,-0.135,-0.234
21,A1_1,0.305,1.0,-0.002,-0.369,-0.17,0.238,0.178,-0.161,-0.252,0.211,-0.1,0.238,-0.279,0.048,-0.272,-0.105
21,A1_2,-0.052,-0.002,1.0,0.219,-0.051,0.135,-0.234,0.089,0.184,0.247,0.195,-0.28,-0.183,-0.112,-0.259,-0.116
21,A1_3,0.006,-0.369,0.219,1.0,0.351,-0.106,0.153,0.015,0.231,-0.081,-0.183,-0.026,-0.073,0.04,-0.078,0.13
21,B1_1,0.08,-0.17,-0.051,0.351,1.0,-0.196,-0.127,-0.144,0.479,0.052,-0.007,-0.2,-0.109,0.199,-0.195,-0.008
21,B1_2,0.082,0.238,0.135,-0.106,-0.196,1.0,0.076,-0.038,-0.172,-0.083,0.279,-0.355,-0.06,0.112,-0.066,0.189
21,B1_3,-0.026,0.178,-0.234,0.153,-0.127,0.076,1.0,-0.209,-0.241,-0.223,-0.245,0.21,0.224,0.021,0.009,0.172
21,A2_1,-0.096,-0.161,0.089,0.015,-0.144,-0.038,-0.209,1.0,-0.193,-0.037,-0.18,0.01,0.048,0.148,0.165,0.221
21,A2_2,-0.16,-0.252,0.184,0.231,0.479,-0.172,-0.241,-0.193,1.0,0.019,0.226,-0.43,0.082,-0.032,-0.051,0.011
21,A2_3,-0.04,0.211,0.247,-0.081,0.052,-0.083,-0.223,-0.037,0.019,1.0,0.025,-0.017,-0.413,0.305,-0.031,0.002
21,B2_1,0.039,-0.1,0.195,-0.183,-0.007,0.279,-0.245,-0.18,0.226,0.025,1.0,-0.217,0.106,0.1,-0.154,-0.173
21,B2_2,0.164,0.238,-0.28,-0.026,-0.2,-0.355,0.21,0.01,-0.43,-0.017,-0.217,1.0,-0.02,-0.053,-0.033,-0.124
21,B2_3,-0.304,-0.279,-0.183,-0.073,-0.109,-0.06,0.224,0.048,0.082,-0.413,0.106,-0.02,1.0,-0.241,-0.027,0.154
21,y1,-0.139,0.048,-0.112,0.04,0.199,0.112,0.021,0.148,-0.032,0.305,0.1,-0.053,-0.241,1.0,0.062,0.031
21,y2,-0.135,-0.272,-0.259,-0.078,-0.195,-0.066,0.009,0.165,-0.051,-0.031,-0.154,-0.033,-0.027,0.062,1.0,0.264
21,y3,-0.234,-0.105,-0.116,0.13,-0.008,0.189,0.172,0.221,0.011,0.002,-0.173,-0.124,0.154,0.031,0.264,1.0
22,.,1.0,0.304,-0.053,0.006,0.082,0.081,-0.026,-0.097,-0.157,-0.041,0.04,0.163,-0.304,-0.14,-0.136,-0.234
22,A1_1,0.304,1.0,-0.0,-0.368,-0.171,0.239,0.176,-0.159,-0.253,0.211,-0.1,0.238,-0.28,0.049,-0.271,-0.105
22,A1_2,-0.053,-0.0,1.0,0.221,-0.051,0.135,-0.234,0.089,0.183,0.248,0.194,-0.279,-0.183,-0.112,-0.259,-0.116
22,A1_3,0.006,-0.368,0.221,1.0,0.351,-0.107,0.153,0.016,0.231,-0.08,-0.183,-0.026,-0.073,0.041,-0.078,0.13
22,B1_1,0.082,-0.171,-0.051,0.351,1.0,-0.196,-0.127,-0.144,0.479,0.052,-0.006,-0.2,-0.108,0.198,-0.197,-0.009
22,B1_2,0.081,0.239,0.135,-0.107,-0.196,1.0,0.076,-0.038,-0.172,-0.082,0.279,-0.355,-0.06,0.111,-0.067,0.188
22,B1_3,-0.026,0.176,-0.234,0.153,-0.127,0.076,1.0,-0.209,-0.242,-0.223,-0.244,0.21,0.225,0.02,0.01,0.172
22,A2_1,-0.097,-0.159,0.089,0.016,-0.144,-0.038,-0.209,1.0,-0.192,-0.037,-0.18,0.01,0.048,0.149,0.166,0.221
22,A2_2,-0.157,-0.253,0.183,0.231,0.479,-0.172,-0.242,-0.192,1.0,0.019,0.226,-0.43,0.082,-0.032,-0.052,0.01
22,A2_3,-0.041,0.211,0.248,-0.08,0.052,-0.082,-0.223,-0.037,0.019,1.0,0.025,-0.018,-0.414,0.306,-0.03,0.001
22,B2_1,0.04,-0.1,0.194,-0.183,-0.006,0.279,-0.244,-0.18,0.226,0.025,1.0,-0.217,0.106,0.1,-0.156,-0.174
22,B2_2,0.163,0.238,-0.279,-0.026,-0.2,-0.355,0.21,0.01,-0.43,-0.018,-0.217,1.0,-0.02,-0.054,-0.031,-0.124
22,B2_3,-0.304,-0.28,-0.183,-0.073,-0.108,-0.06,0.225,0.048,0.082,-0.414,0.106,-0.02,1.0,-0.241,-0.027,0.154
22,y1,-0.14,0.049,-0.112,0.041,0.198,0.111,0.02,0.149,-0.032,0.306,0.1,-0.054,-0.241,1.0,0.064,0.032
22,y2,-0.136,-0.271,-0.259,-0.078,-0.197,-0.067,0.01,0.166,-0.052,-0.03,-0.156,-0.031,-0.027,0.064,1.0,0.265
22,y3,-0.234,-0.105,-0.116,0.13,-0.009,0.188,0.172,0.221,0.01,0.001,-0.174,-0.124,0.154,0.032,0.265,1.0
23,.,1.0,0.304,-0.051,0.006,0.082,0.079,-0.028,-0.097,-0.156,-0.038,0.04,0.163,-0.305,-0.141,-0.137,-0.234
23,A1_1,0.304,1.0,-0.001,-0.368,-0.171,0.239,0.176,-0.159,-0.253,0.212,-0.1,0.238,-0.279,0.049,-0.271,-0.105
