,,.,A1_1,A1_2,A1_3,B1_1,B1_2,B1_3,A2_1,A2_2,A2_3,B2_1,B2_2,B2_3,y1,y2,y3
0,.,1.0,0.581,0.47,0.814,0.658,0.598,0.566,0.472,0.412,0.306,0.409,0.529,0.409,0.634,0.721,0.703
0,A1_1,0.581,1.0,0.86,0.649,0.652,0.795,0.731,0.752,0.779,0.596,0.561,0.632,0.454,0.689,0.697,0.708
0,A1_2,0.47,0.86,1.0,0.642,0.458,0.644,0.573,0.893,0.829,0.474,0.432,0.517,0.321,0.496,0.575,0.605
0,A1_3,0.814,0.649,0.642,1.0,0.646,0.623,0.622,0.558,0.514,0.277,0.32,0.45,0.361,0.647,0.677,0.763
0,B1_1,0.658,0.652,0.458,0.646,1.0,0.694,0.847,0.463,0.578,0.675,0.742,0.724,0.81,0.728,0.731,0.669
0,B1_2,0.598,0.795,0.644,0.623,0.694,1.0,0.757,0.533,0.531,0.378,0.559,0.505,0.492,0.776,0.804,0.794
0,B1_3,0.566,0.731,0.573,0.622,0.847,0.757,1.0,0.582,0.639,0.716,0.771,0.805,0.83,0.593,0.601,0.603
0,A2_1,0.472,0.752,0.893,0.558,0.463,0.533,0.582,1.0,0.811,0.532,0.483,0.572,0.423,0.343,0.471,0.514
0,A2_2,0.412,0.779,0.829,0.514,0.578,0.531,0.639,0.811,1.0,0.665,0.628,0.555,0.569,0.448,0.517,0.543
0,A2_3,0.306,0.596,0.474,0.277,0.675,0.378,0.716,0.532,0.665,1.0,0.702,0.757,0.78,0.286,0.359,0.284
0,B2_1,0.409,0.561,0.432,0.32,0.742,0.559,0.771,0.483,0.628,0.702,1.0,0.778,0.87,0.372,0.398,0.32
0,B2_2,0.529,0.632,0.517,0.45,0.724,0.505,0.805,0.572,0.555,0.757,0.778,1.0,0.755,0.359,0.375,0.328
0,B2_3,0.409,0.454,0.321,0.361,0.81,0.492,0.83,0.423,0.569,0.78,0.87,0.755,1.0,0.331,0.386,0.328
0,y1,0.634,0.689,0.496,0.647,0.728,0.776,0.593,0.343,0.448,0.286,0.372,0.359,0.331,1.0,0.873,0.847
0,y2,0.721,0.697,0.575,0.677,0.731,0.804,0.601,0.471,0.517,0.359,0.398,0.375,0.386,0.873,1.0,0.845
0,y3,0.703,0.708,0.605,0.763,0.669,0.794,0.603,0.514,0.543,0.284,0.32,0.328,0.328,0.847,0.845,1.0
1,.,1.0,0.809,0.772,0.873,0.887,0.81,0.826,0.864,0.864,0.817,0.825,0.868,0.819,0.833,0.887,0.877
1,A1_1,0.809,1.0,0.907,0.771,0.779,0.842,0.741,0.829,0.907,0.944,0.844,0.783,0.708,0.888,0.865,0.876
1,A1_2,0.772,0.907,1.0,0.821,0.719,0.818,0.594,0.877,0.918,0.903,0.829,0.64,0.579,0.823,0.793,0.822
1,A1_3,0.873,0.771,0.821,1.0,0.842,0.814,0.688,0.859,0.839,0.797,0.757,0.726,0.641,0.774,0.779,0.826
1,B1_1,0.887,0.779,0.719,0.842,1.0,0.863,0.806,0.749,0.833,0.858,0.833,0.877,0.88,0.909,0.922,0.919
1,B1_2,0.81,0.842,0.818,0.814,0.863,1.0,0.796,0.788,0.836,0.863,0.893,0.797,0.794,0.899,0.892,0.939
1,B1_3,0.826,0.741,0.594,0.688,0.806,0.796,1.0,0.713,0.737,0.759,0.816,0.907,0.91,0.76,0.828,0.802
1,A2_1,0.864,0.829,0.877,0.859,0.749,0.788,0.713,1.0,0.849,0.832,0.814,0.753,0.663,0.77,0.785,0.832
1,A2_2,0.864,0.907,0.918,0.839,0.833,0.836,0.737,0.849,1.0,0.945,0.893,0.782,0.755,0.848,0.839,0.878
1,A2_3,0.817,0.944,0.903,0.797,0.858,0.863,0.759,0.832,0.945,1.0,0.91,0.816,0.783,0.904,0.878,0.883
1,B2_1,0.825,0.844,0.829,0.757,0.833,0.893,0.816,0.814,0.893,0.91,1.0,0.822,0.826,0.857,0.864,0.857
1,B2_2,0.868,0.783,0.64,0.726,0.877,0.797,0.907,0.753,0.782,0.816,0.822,1.0,0.928,0.818,0.85,0.86
1,B2_3,0.819,0.708,0.579,0.641,0.88,0.794,0.91,0.663,0.755,0.783,0.826,0.928,1.0,0.795,0.851,0.845
1,y1,0.833,0.888,0.823,0.774,0.909,0.899,0.76,0.77,0.848,0.904,0.857,0.818,0.795,1.0,0.95,0.916
1,y2,0.887,0.865,0.793,0.779,0.922,0.892,0.828,0.785,0.839,0.878,0.864,0.85,0.851,0.95,1.0,0.929
1,y3,0.877,0.876,0.822,0.826,0.919,0.939,0.802,0.832,0.878,0.883,0.857,0.86,0.845,0.916,0.929,1.0
2,.,1.0,0.91,0.894,0.949,0.918,0.862,0.885,0.946,0.935,0.915,0.88,0.92,0.887,0.894,0.908,0.893
2,A1_1,0.91,1.0,0.931,0.877,0.814,0.908,0.821,0.926,0.859,0.935,0.809,0.893,0.793,0.859,0.894,0.914
2,A1_2,0.894,0.931,1.0,0.913,0.873,0.865,0.763,0.907,0.912,0.945,0.83,0.83,0.804,0.867,0.873,0.895
2,A1_3,0.949,0.877,0.913,1.0,0.945,0.859,0.876,0.918,0.957,0.916,0.873,0.911,0.9,0.884,0.876,0.901
2,B1_1,0.918,0.814,0.873,0.945,1.0,0.856,0.867,0.89,0.948,0.914,0.936,0.894,0.925,0.93,0.902,0.868
2,B1_2,0.862,0.908,0.865,0.859,0.856,1.0,0.853,0.871,0.828,0.914,0.884,0.889,0.86,0.911,0.937,0.924
2,B1_3,0.885,0.821,0.763,0.876,0.867,0.853,1.0,0.882,0.821,0.86,0.854,0.944,0.928,0.83,0.903,0.879
2,A2_1,0.946,0.926,0.907,0.918,0.89,0.871,0.882,1.0,0.903,0.934,0.855,0.92,0.877,0.86,0.899,0.946
2,A2_2,0.935,0.859,0.912,0.957,0.948,0.828,0.821,0.903,1.0,0.919,0.914,0.86,0.883,0.89,0.85,0.852
2,A2_3,0.915,0.935,0.945,0.916,0.914,0.914,0.86,0.934,0.919,1.0,0.893,0.924,0.895,0.942,0.936,0.918
2,B2_1,0.88,0.809,0.83,0.873,0.936,0.884,0.854,0.855,0.914,0.893,1.0,0.857,0.895,0.899,0.875,0.826
2,B2_2,0.92,0.893,0.83,0.911,0.894,0.889,0.944,0.92,0.86,0.924,0.857,1.0,0.946,0.889,0.934,0.924
2,B2_3,0.887,0.793,0.804,0.9,0.925,0.86,0.928,0.877,0.883,0.895,0.895,0.946,1.0,0.87,0.902,0.892
2,y1,0.894,0.859,0.867,0.884,0.93,0.911,0.83,0.86,0.89,0.942,0.899,0.889,0.87,1.0,0.943,0.859
2,y2,0.908,0.894,0.873,0.876,0.902,0.937,0.903,0.899,0.85,0.936,0.875,0.934,0.902,0.943,1.0,0.93
2,y3,0.893,0.914,0.895,0.901,0.868,0.924,0.879,0.946,0.852,0.918,0.826,0.924,0.892,0.859,0.93,1.0
3,.,1.0,0.906,0.881,0.935,0.883,0.828,0.865,0.923,0.957,0.922,0.863,0.892,0.868,0.852,0.881,0.876
3,A1_1,0.906,1.0,0.947,0.94,0.821,0.902,0.853,0.946,0.903,0.96,0.859,0.897,0.844,0.902,0.92,0.93
3,A1_2,0.881,0.947,1.0,0.952,0.838,0.856,0.786,0.924,0.922,0.964,0.845,0.822,0.809,0.876,0.896,0.891
3,A1_3,0.935,0.94,0.952,1.0,0.861,0.839,0.831,0.941,0.954,0.953,0.827,0.88,0.847,0.859,0.888,0.913
3,B1_1,0.883,0.821,0.838,0.861,1.0,0.883,0.923,0.868,0.885,0.888,0.927,0.913,0.943,0.879,0.892,0.886
3,B1_2,0.828,0.902,0.856,0.839,0.883,1.0,0.898,0.862,0.813,0.884,0.936,0.891,0.9,0.924,0.926,0.916
3,B1_3,0.865,0.853,0.786,0.831,0.923,0.898,1.0,0.858,0.822,0.854,0.892,0.934,0.929,0.84,0.874,0.876
3,A2_1,0.923,0.946,0.924,0.941,0.868,0.862,0.858,1.0,0.926,0.959,0.864,0.899,0.882,0.869,0.909,0.948
3,A2_2,0.957,0.903,0.922,0.954,0.885,0.813,0.822,0.926,1.0,0.942,0.862,0.852,0.849,0.84,0.851,0.873
3,A2_3,0.922,0.96,0.964,0.953,0.888,0.884,0.854,0.959,0.942,1.0,0.907,0.903,0.888,0.924,0.935,0.938
3,B2_1,0.863,0.859,0.845,0.827,0.927,0.936,0.892,0.864,0.862,0.907,1.0,0.895,0.936,0.911,0.901,0.889
3,B2_2,0.892,0.897,0.822,0.88,0.913,0.891,0.934,0.899,0.852,0.903,0.895,1.0,0.966,0.899,0.929,0.933
3,B2_3,0.868,0.844,0.809,0.847,0.943,0.9,0.929,0.882,0.849,0.888,0.936,0.966,1.0,0.888,0.915,0.926
3,y1,0.852,0.902,0.876,0.859,0.879,0.924,0.84,0.869,0.84,0.924,0.911,0.899,0.888,1.0,0.958,0.927
3,y2,0.881,0.92,0.896,0.888,0.892,0.926,0.874,0.909,0.851,0.935,0.901,0.929,0.915,0.958,1.0,0.965
3,y3,0.876,0.93,0.891,0.913,0.886,0.916,0.876,0.948,0.873,0.938,0.889,0.933,0.926,0.927,0.965,1.0
4,.,1.0,0.819,0.771,0.848,0.778,0.786,0.826,0.842,0.94,0.906,0.778,0.825,0.791,0.756,0.809,0.791
4,A1_1,0.819,1.0,0.93,0.916,0.67,0.873,0.773,0.937,0.843,0.949,0.849,0.868,0.802,0.896,0.91,0.905
4,A1_2,0.771,0.93,1.0,0.934,0.639,0.789,0.661,0.931,0.848,0.931,0.785,0.757,0.709,0.836,0.853,0.834
4,A1_3,0.848,0.916,0.934,1.0,0.677,0.766,0.736,0.941,0.898,0.932,0.738,0.809,0.736,0.802,0.842,0.845
4,B1_1,0.778,0.67,0.639,0.677,1.0,0.847,0.931,0.685,0.72,0.759,0.823,0.839,0.868,0.737,0.75,0.742
4,B1_2,0.786,0.873,0.789,0.766,0.847,1.0,0.89,0.794,0.731,0.847,0.919,0.874,0.881,0.879,0.882,0.867
4,B1_3,0.826,0.773,0.661,0.736,0.931,0.89,1.0,0.753,0.74,0.802,0.834,0.902,0.9,0.759,0.795,0.796
4,A2_1,0.842,0.937,0.931,0.941,0.685,0.794,0.753,1.0,0.886,0.95,0.805,0.825,0.781,0.832,0.864,0.875
4,A2_2,0.94,0.843,0.848,0.898,0.72,0.731,0.74,0.886,1.0,0.941,0.754,0.774,0.746,0.75,0.777,0.777
4,A2_3,0.906,0.949,0.931,0.932,0.759,0.847,0.802,0.95,0.941,1.0,0.881,0.877,0.843,0.877,0.895,0.893
4,B2_1,0.778,0.849,0.785,0.738,0.823,0.919,0.834,0.805,0.754,0.881,1.0,0.897,0.934,0.922,0.907,0.894
4,B2_2,0.825,0.868,0.757,0.809,0.839,0.874,0.902,0.825,0.774,0.877,0.897,1.0,0.957,0.892,0.921,0.911
4,B2_3,0.791,0.802,0.709,0.736,0.868,0.881,0.9,0.781,0.746,0.843,0.934,0.957,1.0,0.891,0.903,0.907
4,y1,0.756,0.896,0.836,0.802,0.737,0.879,0.759,0.832,0.75,0.877,0.922,0.892,0.891,1.0,0.965,0.961
4,y2,0.809,0.91,0.853,0.842,0.75,0.882,0.795,0.864,0.777,0.895,0.907,0.921,0.903,0.965,1.0,0.972
4,y3,0.791,0.905,0.834,0.845,0.742,0.867,0.796,0.875,0.777,0.893,0.894,0.911,0.907,0.961,0.972,1.0
5,.,1.0,0.769,0.716,0.785,0.729,0.737,0.777,0.722,0.916,0.813,0.726,0.722,0.755,0.656,0.727,0.691
5,A1_1,0.769,1.0,0.919,0.913,0.631,0.85,0.748,0.911,0.895,0.973,0.826,0.765,0.765,0.872,0.874,0.874
5,A1_2,0.716,0.919,1.0,0.938,0.558,0.743,0.598,0.946,0.881,0.945,0.717,0.622,0.611,0.785,0.787,0.766
5,A1_3,0.785,0.913,0.938,1.0,0.625,0.744,0.693,0.944,0.91,0.941,0.705,0.699,0.683,0.767,0.793,0.788
5,B1_1,0.729,0.631,0.558,0.625,1.0,0.84,0.909,0.543,0.672,0.685,0.848,0.872,0.875,0.675,0.703,0.678
5,B1_2,0.737,0.85,0.743,0.744,0.84,1.0,0.898,0.701,0.748,0.83,0.926,0.84,0.87,0.828,0.835,0.812
5,B1_3,0.777,0.748,0.598,0.693,0.909,0.898,1.0,0.626,0.721,0.752,0.864,0.913,0.93,0.709,0.761,0.747
5,A2_1,0.722,0.911,0.946,0.944,0.543,0.701,0.626,1.0,0.882,0.938,0.693,0.638,0.626,0.75,0.76,0.759
5,A2_2,0.916,0.895,0.881,0.91,0.672,0.748,0.721,0.882,1.0,0.938,0.747,0.698,0.726,0.744,0.777,0.766
5,A2_3,0.813,0.973,0.945,0.941,0.685,0.83,0.752,0.938,0.938,1.0,0.848,0.771,0.781,0.857,0.87,0.865
5,B2_1,0.726,0.826,0.717,0.705,0.848,0.926,0.864,0.693,0.747,0.848,1.0,0.87,0.915,0.87,0.877,0.852
5,B2_2,0.722,0.765,0.622,0.699,0.872,0.84,0.913,0.638,0.698,0.771,0.87,1.0,0.945,0.806,0.846,0.819
5,B2_3,0.755,0.765,0.611,0.683,0.875,0.87,0.93,0.626,0.726,0.781,0.915,0.945,1.0,0.823,0.857,0.855
5,y1,0.656,0.872,0.785,0.767,0.675,0.828,0.709,0.75,0.744,0.857,0.87,0.806,0.823,1.0,0.966,0.972
5,y2,0.727,0.874,0.787,0.793,0.703,0.835,0.761,0.76,0.777,0.87,0.877,0.846,0.857,0.966,1.0,0.974
5,y3,0.691,0.874,0.766,0.788,0.678,0.812,0.747,0.759,0.766,0.865,0.852,0.819,0.855,0.972,0.974,1.0
6,.,1.0,0.605,0.556,0.636,0.65,0.625,0.627,0.504,0.84,0.701,0.615,0.537,0.633,0.471,0.555,0.482
6,A1_1,0.605,1.0,0.934,0.909,0.476,0.646,0.485,0.925,0.884,0.964,0.686,0.512,0.609,0.779,0.763,0.75
6,A1_2,0.556,0.934,1.0,0.922,0.393,0.536,0.331,0.95,0.849,0.924,0.567,0.347,0.453,0.686,0.66,0.637
6,A1_3,0.636,0.909,0.922,1.0,0.497,0.561,0.448,0.93,0.881,0.924,0.581,0.437,0.543,0.669,0.677,0.657
6,B1_1,0.65,0.476,0.393,0.497,1.0,0.889,0.919,0.351,0.582,0.587,0.852,0.876,0.863,0.599,0.662,0.606
6,B1_2,0.625,0.646,0.536,0.561,0.889,1.0,0.877,0.482,0.631,0.686,0.924,0.841,0.87,0.727,0.751,0.71
6,B1_3,0.627,0.485,0.331,0.448,0.919,0.877,1.0,0.325,0.544,0.552,0.824,0.932,0.91,0.556,0.634,0.589
6,A2_1,0.504,0.925,0.95,0.93,0.351,0.482,0.325,1.0,0.809,0.893,0.517,0.338,0.424,0.635,0.605,0.593
6,A2_2,0.84,0.884,0.849,0.881,0.582,0.631,0.544,0.809,1.0,0.944,0.681,0.496,0.651,0.681,0.702,0.673
6,A2_3,0.701,0.964,0.924,0.924,0.587,0.686,0.552,0.893,0.944,1.0,0.76,0.553,0.689,0.778,0.777,0.761
6,B2_1,0.615,0.686,0.567,0.581,0.852,0.924,0.824,0.517,0.681,0.76,1.0,0.823,0.916,0.807,0.832,0.797
6,B2_2,0.537,0.512,0.347,0.437,0.876,0.841,0.932,0.338,0.496,0.553,0.823,1.0,0.906,0.643,0.705,0.658
6,B2_3,0.633,0.609,0.453,0.543,0.863,0.87,0.91,0.424,0.651,0.689,0.916,0.906,1.0,0.775,0.829,0.815
6,y1,0.471,0.779,0.686,0.669,0.599,0.727,0.556,0.635,0.681,0.778,0.807,0.643,0.775,1.0,0.962,0.975
6,y2,0.555,0.763,0.66,0.677,0.662,0.751,0.634,0.605,0.702,0.777,0.832,0.705,0.829,0.962,1.0,0.971
6,y3,0.482,0.75,0.637,0.657,0.606,0.71,0.589,0.593,0.673,0.761,0.797,0.658,0.815,0.975,0.971,1.0
7,.,1.0,0.502,0.476,0.526,0.574,0.527,0.528,0.44,0.659,0.515,0.489,0.414,0.491,0.27,0.356,0.262
7,A1_1,0.502,1.0,0.944,0.919,0.382,0.543,0.381,0.952,0.935,0.976,0.416,0.368,0.365,0.68,0.659,0.643
7,A1_2,0.476,0.944,1.0,0.939,0.343,0.469,0.27,0.953,0.923,0.97,0.332,0.236,0.266,0.619,0.587,0.572
7,A1_3,0.526,0.919,0.939,1.0,0.471,0.514,0.39,0.938,0.952,0.948,0.384,0.335,0.367,0.612,0.613,0.588
7,B1_1,0.574,0.382,0.343,0.471,1.0,0.877,0.921,0.311,0.464,0.369,0.894,0.842,0.929,0.505,0.596,0.512
7,B1_2,0.527,0.543,0.469,0.514,0.877,1.0,0.89,0.428,0.502,0.477,0.941,0.83,0.903,0.641,0.685,0.635
7,B1_3,0.528,0.381,0.27,0.39,0.921,0.89,1.0,0.274,0.407,0.329,0.904,0.926,0.971,0.487,0.58,0.521
7,A2_1,0.44,0.952,0.953,0.938,0.311,0.428,0.274,1.0,0.928,0.975,0.303,0.246,0.254,0.574,0.535,0.53
7,A2_2,0.659,0.935,0.923,0.952,0.464,0.502,0.407,0.928,1.0,0.962,0.389,0.346,0.382,0.574,0.581,0.541
7,A2_3,0.515,0.976,0.97,0.948,0.369,0.477,0.329,0.975,0.962,1.0,0.358,0.309,0.311,0.603,0.586,0.564
7,B2_1,0.489,0.416,0.332,0.384,0.894,0.941,0.904,0.303,0.389,0.358,1.0,0.883,0.95,0.629,0.684,0.622
7,B2_2,0.414,0.368,0.236,0.335,0.842,0.83,0.926,0.246,0.346,0.309,0.883,1.0,0.927,0.544,0.627,0.566
7,B2_3,0.491,0.365,0.266,0.367,0.929,0.903,0.971,0.254,0.382,0.311,0.95,0.927,1.0,0.577,0.651,0.602
7,y1,0.27,0.68,0.619,0.612,0.505,0.641,0.487,0.574,0.574,0.603,0.629,0.544,0.577,1.0,0.96,0.977
7,y2,0.356,0.659,0.587,0.613,0.596,0.685,0.58,0.535,0.581,0.586,0.684,0.627,0.651,0.96,1.0,0.969
7,y3,0.262,0.643,0.572,0.588,0.512,0.635,0.521,0.53,0.541,0.564,0.622,0.566,0.602,0.977,0.969,1.0
8,.,1.0,0.429,0.391,0.452,0.543,0.459,0.456,0.384,0.565,0.433,0.444,0.34,0.452,0.186,0.269,0.169
8,A1_1,0.429,1.0,0.948,0.929,0.312,0.463,0.304,0.957,0.939,0.98,0.325,0.293,0.301,0.629,0.614,0.591
8,A1_2,0.391,0.948,1.0,0.94,0.246,0.375,0.177,0.958,0.924,0.972,0.231,0.148,0.19,0.567,0.54,0.527
8,A1_3,0.452,0.929,0.94,1.0,0.364,0.411,0.281,0.949,0.966,0.955,0.278,0.235,0.279,0.556,0.554,0.532
8,B1_1,0.543,0.312,0.246,0.364,1.0,0.869,0.923,0.237,0.373,0.285,0.907,0.85,0.943,0.477,0.569,0.473
8,B1_2,0.459,0.463,0.375,0.411,0.869,1.0,0.889,0.348,0.404,0.393,0.944,0.833,0.908,0.613,0.658,0.597
8,B1_3,0.456,0.304,0.177,0.281,0.923,0.889,1.0,0.195,0.305,0.244,0.913,0.931,0.972,0.467,0.556,0.484
8,A2_1,0.384,0.957,0.958,0.949,0.237,0.348,0.195,1.0,0.944,0.978,0.217,0.172,0.195,0.516,0.489,0.479
8,A2_2,0.565,0.939,0.924,0.966,0.373,0.404,0.305,0.944,1.0,0.966,0.286,0.249,0.301,0.51,0.522,0.478
8,A2_3,0.433,0.98,0.972,0.955,0.285,0.393,0.244,0.978,0.966,1.0,0.264,0.225,0.243,0.554,0.54,0.519
8,B2_1,0.444,0.325,0.231,0.278,0.907,0.944,0.913,0.217,0.286,0.264,1.0,0.892,0.956,0.589,0.648,0.569
8,B2_2,0.34,0.293,0.148,0.235,0.85,0.833,0.931,0.172,0.249,0.225,0.892,1.0,0.924,0.531,0.613,0.539
8,B2_3,0.452,0.301,0.19,0.279,0.943,0.908,0.972,0.195,0.301,0.243,0.956,0.924,1.0,0.553,0.628,0.562
8,y1,0.186,0.629,0.567,0.556,0.477,0.613,0.467,0.516,0.51,0.554,0.589,0.531,0.553,1.0,0.966,0.98
8,y2,0.269,0.614,0.54,0.554,0.569,0.658,0.556,0.489,0.522,0.54,0.648,0.613,0.628,0.966,1.0,0.97
8,y3,0.169,0.591,0.527,0.532,0.473,0.597,0.484,0.479,0.478,0.519,0.569,0.539,0.562,0.98,0.97,1.0
9,.,1.0,0.428,0.387,0.431,0.518,0.437,0.432,0.388,0.535,0.426,0.455,0.322,0.43,0.138,0.224,0.126
9,A1_1,0.428,1.0,0.948,0.935,0.255,0.434,0.267,0.967,0.951,0.984,0.295,0.257,0.267,0.598,0.587,0.565
9,A1_2,0.387,0.948,1.0,0.947,0.192,0.347,0.146,0.964,0.935,0.972,0.209,0.12,0.162,0.535,0.51,0.502
9,A1_3,0.431,0.935,0.947,1.0,0.309,0.382,0.24,0.955,0.968,0.954,0.26,0.201,0.245,0.527,0.523,0.506
9,B1_1,0.518,0.255,0.192,0.309,1.0,0.844,0.919,0.197,0.323,0.23,0.907,0.858,0.94,0.413,0.506,0.409
9,B1_2,0.437,0.434,0.347,0.382,0.844,1.0,0.891,0.339,0.385,0.376,0.945,0.85,0.906,0.596,0.645,0.58
9,B1_3,0.432,0.267,0.146,0.24,0.919,0.891,1.0,0.173,0.272,0.211,0.921,0.944,0.974,0.454,0.542,0.465
9,A2_1,0.388,0.967,0.964,0.955,0.197,0.339,0.173,1.0,0.957,0.981,0.211,0.153,0.181,0.504,0.483,0.474
9,A2_2,0.535,0.951,0.935,0.968,0.323,0.385,0.272,0.957,1.0,0.969,0.278,0.225,0.278,0.491,0.501,0.464
9,A2_3,0.426,0.984,0.972,0.954,0.23,0.376,0.211,0.981,0.969,1.0,0.248,0.196,0.217,0.539,0.527,0.511
9,B2_1,0.455,0.295,0.209,0.26,0.907,0.945,0.921,0.211,0.278,0.248,1.0,0.899,0.957,0.546,0.61,0.526
9,B2_2,0.322,0.257,0.12,0.201,0.858,0.85,0.944,0.153,0.225,0.196,0.899,1.0,0.934,0.53,0.617,0.534
9,B2_3,0.43,0.267,0.162,0.245,0.94,0.906,0.974,0.181,0.278,0.217,0.957,0.934,1.0,0.529,0.608,0.534
9,y1,0.138,0.598,0.535,0.527,0.413,0.596,0.454,0.504,0.491,0.539,0.546,0.53,0.529,1.0,0.967,0.981
9,y2,0.224,0.587,0.51,0.523,0.506,0.645,0.542,0.483,0.501,0.527,0.61,0.617,0.608,0.967,1.0,0.973
9,y3,0.126,0.565,0.502,0.506,0.409,0.58,0.465,0.474,0.464,0.511,0.526,0.534,0.534,0.981,0.973,1.0
10,.,1.0,0.424,0.384,0.408,0.464,0.389,0.385,0.386,0.5,0.42,0.438,0.275,0.382,0.078,0.163,0.07
10,A1_1,0.424,1.0,0.947,0.932,0.201,0.397,0.222,0.971,0.96,0.988,0.237,0.204,0.211,0.566,0.553,0.537
10,A1_2,0.384,0.947,1.0,0.951,0.154,0.318,0.116,0.967,0.949,0.972,0.169,0.082,0.12,0.505,0.476,0.476
10,A1_3,0.408,0.932,0.951,1.0,0.265,0.352,0.199,0.955,0.965,0.951,0.224,0.155,0.196,0.496,0.486,0.479
10,B1_1,0.464,0.201,0.154,0.265,1.0,0.832,0.916,0.153,0.271,0.187,0.918,0.863,0.936,0.375,0.458,0.36
10,B1_2,0.389,0.397,0.318,0.352,0.832,1.0,0.895,0.309,0.361,0.359,0.933,0.861,0.899,0.595,0.641,0.571
10,B1_3,0.385,0.222,0.116,0.199,0.916,0.895,1.0,0.135,0.231,0.18,0.931,0.955,0.975,0.451,0.53,0.449
10,A2_1,0.386,0.971,0.967,0.955,0.153,0.309,0.135,1.0,0.967,0.98,0.169,0.109,0.133,0.48,0.455,0.452
10,A2_2,0.5,0.96,0.949,0.965,0.271,0.361,0.231,0.967,1.0,0.973,0.243,0.18,0.232,0.478,0.476,0.453
10,A2_3,0.42,0.988,0.972,0.951,0.187,0.359,0.18,0.98,0.973,1.0,0.211,0.158,0.176,0.532,0.515,0.507
10,B2_1,0.438,0.237,0.169,0.224,0.918,0.933,0.931,0.169,0.243,0.211,1.0,0.9,0.955,0.478,0.544,0.453
10,B2_2,0.275,0.204,0.082,0.155,0.863,0.861,0.955,0.109,0.18,0.158,0.9,1.0,0.943,0.525,0.606,0.518
10,B2_3,0.382,0.211,0.12,0.196,0.936,0.899,0.975,0.133,0.232,0.176,0.955,0.943,1.0,0.501,0.576,0.496
10,y1,0.078,0.566,0.505,0.496,0.375,0.595,0.451,0.48,0.478,0.532,0.478,0.525,0.501,1.0,0.968,0.98
10,y2,0.163,0.553,0.476,0.486,0.458,0.641,0.53,0.455,0.476,0.515,0.544,0.606,0.576,0.968,1.0,0.975
10,y3,0.07,0.537,0.476,0.479,0.36,0.571,0.449,0.452,0.453,0.507,0.453,0.518,0.496,0.98,0.975,1.0
11,.,1.0,0.41,0.363,0.393,0.451,0.376,0.38,0.37,0.482,0.409,0.411,0.262,0.366,0.077,0.142,0.065
11,A1_1,0.41,1.0,0.951,0.939,0.204,0.374,0.216,0.975,0.963,0.988,0.239,0.195,0.206,0.564,0.541,0.531
11,A1_2,0.363,0.951,1.0,0.953,0.164,0.306,0.123,0.968,0.949,0.97,0.18,0.092,0.128,0.515,0.482,0.483
11,A1_3,0.393,0.939,0.953,1.0,0.255,0.333,0.193,0.96,0.967,0.956,0.22,0.151,0.192,0.502,0.486,0.482
11,B1_1,0.451,0.204,0.164,0.255,1.0,0.856,0.927,0.159,0.264,0.186,0.922,0.88,0.944,0.392,0.477,0.387
11,B1_2,0.376,0.374,0.306,0.333,0.856,1.0,0.907,0.297,0.338,0.33,0.947,0.876,0.91,0.578,0.626,0.561
11,B1_3,0.38,0.216,0.123,0.193,0.927,0.907,1.0,0.139,0.225,0.174,0.937,0.96,0.976,0.449,0.532,0.455
11,A2_1,0.37,0.975,0.968,0.96,0.159,0.297,0.139,1.0,0.969,0.982,0.179,0.11,0.139,0.49,0.457,0.457
11,A2_2,0.482,0.963,0.949,0.967,0.264,0.338,0.225,0.969,1.0,0.977,0.235,0.173,0.225,0.48,0.468,0.452
11,A2_3,0.409,0.988,0.97,0.956,0.186,0.33,0.174,0.982,0.977,1.0,0.206,0.147,0.168,0.52,0.496,0.493
11,B2_1,0.411,0.239,0.18,0.22,0.922,0.947,0.937,0.179,0.235,0.206,1.0,0.907,0.957,0.486,0.55,0.47
11,B2_2,0.262,0.195,0.092,0.151,0.88,0.876,0.96,0.11,0.173,0.147,0.907,1.0,0.945,0.519,0.604,0.521
11,B2_3,0.366,0.206,0.128,0.192,0.944,0.91,0.976,0.139,0.225,0.168,0.957,0.945,1.0,0.499,0.576,0.503
11,y1,0.077,0.564,0.515,0.502,0.392,0.578,0.449,0.49,0.48,0.52,0.486,0.519,0.499,1.0,0.971,0.981
11,y2,0.142,0.541,0.482,0.486,0.477,0.626,0.532,0.457,0.468,0.496,0.55,0.604,0.576,0.971,1.0,0.979
11,y3,0.065,0.531,0.483,0.482,0.387,0.561,0.455,0.457,0.452,0.493,0.47,0.521,0.503,0.981,0.979,1.0
12,.,1.0,0.419,0.378,0.383,0.4,0.334,0.336,0.379,0.449,0.414,0.399,0.244,0.338,0.041,0.097,0.042
12,A1_1,0.419,1.0,0.947,0.929,0.163,0.333,0.189,0.971,0.968,0.99,0.206,0.161,0.163,0.534,0.5,0.507
12,A1_2,0.378,0.947,1.0,0.962,0.144,0.269,0.111,0.972,0.974,0.972,0.169,0.075,0.106,0.471,0.432,0.447
12,A1_3,0.383,0.929,0.962,1.0,0.219,0.289,0.162,0.962,0.975,0.958,0.202,0.124,0.155,0.459,0.433,0.446
12,B1_1,0.4,0.163,0.144,0.219,1.0,0.855,0.922,0.132,0.237,0.177,0.926,0.889,0.949,0.356,0.428,0.35
12,B1_2,0.334,0.333,0.269,0.289,0.855,1.0,0.914,0.264,0.328,0.324,0.934,0.881,0.91,0.557,0.599,0.542
12,B1_3,0.336,0.189,0.111,0.162,0.922,0.914,1.0,0.119,0.205,0.175,0.938,0.961,0.976,0.443,0.512,0.444
12,A2_1,0.379,0.971,0.972,0.962,0.132,0.264,0.119,1.0,0.978,0.978,0.164,0.088,0.112,0.464,0.421,0.435
12,A2_2,0.449,0.968,0.974,0.975,0.237,0.328,0.205,0.978,1.0,0.983,0.236,0.163,0.198,0.483,0.456,0.461
12,A2_3,0.414,0.99,0.972,0.958,0.177,0.324,0.175,0.978,0.983,1.0,0.21,0.148,0.157,0.524,0.491,0.502
12,B2_1,0.399,0.206,0.169,0.202,0.926,0.934,0.938,0.164,0.236,0.21,1.0,0.895,0.953,0.412,0.473,0.401
12,B2_2,0.244,0.161,0.075,0.124,0.889,0.881,0.961,0.088,0.163,0.148,0.895,1.0,0.946,0.499,0.578,0.497
12,B2_3,0.338,0.163,0.106,0.155,0.949,0.91,0.976,0.112,0.198,0.157,0.953,0.946,1.0,0.444,0.515,0.449
12,y1,0.041,0.534,0.471,0.459,0.356,0.557,0.443,0.464,0.483,0.524,0.412,0.499,0.444,1.0,0.97,0.98
12,y2,0.097,0.5,0.432,0.433,0.428,0.599,0.512,0.421,0.456,0.491,0.473,0.578,0.515,0.97,1.0,0.978
12,y3,0.042,0.507,0.447,0.446,0.35,0.542,0.444,0.435,0.461,0.502,0.401,0.497,0.449,0.98,0.978,1.0
13,.,1.0,0.385,0.33,0.361,0.399,0.301,0.325,0.35,0.443,0.383,0.364,0.205,0.311,0.01,0.07,0.007
13,A1_1,0.385,1.0,0.949,0.935,0.152,0.293,0.164,0.977,0.969,0.99,0.188,0.137,0.153,0.523,0.502,0.498
13,A1_2,0.33,0.949,1.0,0.952,0.118,0.226,0.075,0.968,0.957,0.969,0.136,0.042,0.08,0.48,0.454,0.456
13,A1_3,0.361,0.935,0.952,1.0,0.194,0.246,0.133,0.961,0.965,0.957,0.167,0.09,0.132,0.462,0.452,0.45
13,B1_1,0.399,0.152,0.118,0.194,1.0,0.858,0.926,0.114,0.209,0.142,0.923,0.885,0.943,0.351,0.445,0.36
13,B1_2,0.301,0.293,0.226,0.246,0.858,1.0,0.91,0.226,0.261,0.261,0.944,0.888,0.914,0.551,0.611,0.547
13,B1_3,0.325,0.164,0.075,0.133,0.926,0.91,1.0,0.094,0.171,0.13,0.938,0.959,0.975,0.426,0.513,0.438
13,A2_1,0.35,0.977,0.968,0.961,0.114,0.226,0.094,1.0,0.974,0.983,0.14,0.061,0.096,0.458,0.431,0.433
13,A2_2,0.443,0.969,0.957,0.965,0.209,0.261,0.171,0.974,1.0,0.979,0.191,0.118,0.172,0.455,0.445,0.437
13,A2_3,0.383,0.99,0.969,0.957,0.142,0.261,0.13,0.983,0.979,1.0,0.167,0.1,0.123,0.497,0.477,0.477
13,B2_1,0.364,0.188,0.136,0.167,0.923,0.944,0.938,0.14,0.191,0.167,1.0,0.906,0.957,0.438,0.512,0.436
13,B2_2,0.205,0.137,0.042,0.09,0.885,0.888,0.959,0.061,0.118,0.1,0.906,1.0,0.945,0.493,0.584,0.502
13,B2_3,0.311,0.153,0.08,0.132,0.943,0.914,0.975,0.096,0.172,0.123,0.957,0.945,1.0,0.46,0.546,0.477
13,y1,0.01,0.523,0.48,0.462,0.351,0.551,0.426,0.458,0.455,0.497,0.438,0.493,0.46,1.0,0.965,0.979
13,y2,0.07,0.502,0.454,0.452,0.445,0.611,0.513,0.431,0.445,0.477,0.512,0.584,0.546,0.965,1.0,0.976
13,y3,0.007,0.498,0.456,0.45,0.36,0.547,0.438,0.433,0.437,0.477,0.436,0.502,0.477,0.979,0.976,1.0
14,.,1.0,0.38,0.317,0.342,0.354,0.256,0.288,0.343,0.42,0.373,0.348,0.174,0.283,-0.033,0.032,-0.027
14,A1_1,0.38,1.0,0.948,0.928,0.11,0.253,0.127,0.977,0.971,0.99,0.164,0.102,0.121,0.486,0.475,0.467
14,A1_2,0.317,0.948,1.0,0.952,0.074,0.182,0.038,0.968,0.965,0.97,0.112,0.008,0.052,0.443,0.424,0.422
14,A1_3,0.342,0.928,0.952,1.0,0.14,0.191,0.083,0.96,0.964,0.956,0.133,0.043,0.09,0.42,0.415,0.411
14,B1_1,0.354,0.11,0.074,0.14,1.0,0.851,0.928,0.077,0.168,0.108,0.924,0.892,0.946,0.313,0.414,0.324
14,B1_2,0.256,0.253,0.182,0.191,0.851,1.0,0.904,0.19,0.231,0.232,0.932,0.89,0.908,0.533,0.604,0.534
14,B1_3,0.288,0.127,0.038,0.083,0.928,0.904,1.0,0.062,0.136,0.101,0.939,0.959,0.974,0.404,0.495,0.415
14,A2_1,0.343,0.977,0.968,0.96,0.077,0.19,0.062,1.0,0.976,0.982,0.122,0.033,0.072,0.428,0.411,0.407
14,A2_2,0.42,0.971,0.965,0.964,0.168,0.231,0.136,0.976,1.0,0.98,0.176,0.089,0.146,0.433,0.431,0.417
14,A2_3,0.373,0.99,0.97,0.956,0.108,0.232,0.101,0.982,0.98,1.0,0.153,0.076,0.101,0.475,0.465,0.459
14,B2_1,0.348,0.164,0.112,0.133,0.924,0.932,0.939,0.122,0.176,0.153,1.0,0.901,0.956,0.389,0.474,0.393
14,B2_2,0.174,0.102,0.008,0.043,0.892,0.89,0.959,0.033,0.089,0.076,0.901,1.0,0.942,0.472,0.567,0.481
14,B2_3,0.283,0.121,0.052,0.09,0.946,0.908,0.974,0.072,0.146,0.101,0.956,0.942,1.0,0.42,0.515,0.441
14,y1,-0.033,0.486,0.443,0.42,0.313,0.533,0.404,0.428,0.433,0.475,0.389,0.472,0.42,1.0,0.961,0.976
14,y2,0.032,0.475,0.424,0.415,0.414,0.604,0.495,0.411,0.431,0.465,0.474,0.567,0.515,0.961,1.0,0.972
14,y3,-0.027,0.467,0.422,0.411,0.324,0.534,0.415,0.407,0.417,0.459,0.393,0.481,0.441,0.976,0.972,1.0
15,.,1.0,0.368,0.312,0.331,0.333,0.261,0.282,0.334,0.412,0.361,0.337,0.173,0.275,-0.039,0.027,-0.032
15,A1_1,0.368,1.0,0.951,0.936,0.111,0.25,0.128,0.979,0.971,0.991,0.166,0.101,0.121,0.49,0.48,0.473
15,A1_2,0.312,0.951,1.0,0.956,0.079,0.18,0.043,0.97,0.968,0.971,0.117,0.012,0.057,0.438,0.424,0.42
15,A1_3,0.331,0.936,0.956,1.0,0.141,0.193,0.088,0.964,0.968,0.962,0.139,0.048,0.096,0.422,0.42,0.415
15,B1_1,0.333,0.111,0.079,0.141,1.0,0.868,0.932,0.079,0.169,0.113,0.927,0.901,0.952,0.329,0.425,0.337
15,B1_2,0.261,0.25,0.18,0.193,0.868,1.0,0.915,0.188,0.23,0.23,0.944,0.903,0.921,0.526,0.595,0.528
15,B1_3,0.282,0.128,0.043,0.088,0.932,0.915,1.0,0.065,0.138,0.105,0.943,0.962,0.974,0.412,0.497,0.42
15,A2_1,0.334,0.979,0.97,0.964,0.079,0.188,0.065,1.0,0.976,0.983,0.125,0.034,0.075,0.43,0.415,0.412
15,A2_2,0.412,0.971,0.968,0.968,0.169,0.23,0.138,0.976,1.0,0.98,0.179,0.088,0.147,0.431,0.432,0.419
15,A2_3,0.361,0.991,0.971,0.962,0.113,0.23,0.105,0.983,0.98,1.0,0.158,0.079,0.104,0.476,0.469,0.463
15,B2_1,0.337,0.166,0.117,0.139,0.927,0.944,0.943,0.125,0.179,0.158,1.0,0.908,0.957,0.393,0.476,0.396
15,B2_2,0.173,0.101,0.012,0.048,0.901,0.903,0.962,0.034,0.088,0.079,0.908,1.0,0.944,0.481,0.569,0.485
15,B2_3,0.275,0.121,0.057,0.096,0.952,0.921,0.974,0.075,0.147,0.104,0.957,0.944,1.0,0.419,0.51,0.437
15,y1,-0.039,0.49,0.438,0.422,0.329,0.526,0.412,0.43,0.431,0.476,0.393,0.481,0.419,1.0,0.962,0.976
15,y2,0.027,0.48,0.424,0.42,0.425,0.595,0.497,0.415,0.432,0.469,0.476,0.569,0.51,0.962,1.0,0.974
15,y3,-0.032,0.473,0.42,0.415,0.337,0.528,0.42,0.412,0.419,0.463,0.396,0.485,0.437,0.976,0.974,1.0
16,.,1.0,0.354,0.295,0.315,0.31,0.246,0.265,0.315,0.395,0.345,0.32,0.161,0.259,-0.059,0.009,-0.049
16,A1_1,0.354,1.0,0.951,0.935,0.089,0.227,0.107,0.978,0.97,0.99,0.149,0.08,0.105,0.473,0.468,0.458
16,A1_2,0.295,0.951,1.0,0.956,0.055,0.153,0.019,0.971,0.971,0.971,0.097,-0.012,0.039,0.416,0.405,0.398
16,A1_3,0.315,0.935,0.956,1.0,0.119,0.17,0.067,0.964,0.968,0.963,0.123,0.026,0.08,0.404,0.405,0.398
16,B1_1,0.31,0.089,0.055,0.119,1.0,0.87,0.932,0.058,0.144,0.09,0.927,0.905,0.953,0.316,0.411,0.322
16,B1_2,0.246,0.227,0.153,0.17,0.87,1.0,0.915,0.166,0.208,0.207,0.946,0.906,0.923,0.515,0.585,0.516
16,B1_3,0.265,0.107,0.019,0.067,0.932,0.915,1.0,0.044,0.113,0.083,0.944,0.963,0.973,0.402,0.486,0.408
16,A2_1,0.315,0.978,0.971,0.964,0.058,0.166,0.044,1.0,0.976,0.984,0.109,0.013,0.059,0.414,0.404,0.397
16,A2_2,0.395,0.97,0.971,0.968,0.144,0.208,0.113,0.976,1.0,0.98,0.162,0.064,0.129,0.413,0.417,0.401
16,A2_3,0.345,0.99,0.971,0.963,0.09,0.207,0.083,0.984,0.98,1.0,0.141,0.058,0.086,0.459,0.456,0.447
16,B2_1,0.32,0.149,0.097,0.123,0.927,0.946,0.944,0.109,0.162,0.141,1.0,0.91,0.959,0.379,0.463,0.382
16,B2_2,0.161,0.08,-0.012,0.026,0.905,0.906,0.963,0.013,0.064,0.058,0.91,1.0,0.943,0.469,0.556,0.473
16,B2_3,0.259,0.105,0.039,0.08,0.953,0.923,0.973,0.059,0.129,0.086,0.959,0.943,1.0,0.402,0.493,0.419
16,y1,-0.059,0.473,0.416,0.404,0.316,0.515,0.402,0.414,0.413,0.459,0.379,0.469,0.402,1.0,0.962,0.976
16,y2,0.009,0.468,0.405,0.405,0.411,0.585,0.486,0.404,0.417,0.456,0.463,0.556,0.493,0.962,1.0,0.974
16,y3,-0.049,0.458,0.398,0.398,0.322,0.516,0.408,0.397,0.401,0.447,0.382,0.473,0.419,0.976,0.974,1.0
17,.,1.0,0.376,0.328,0.336,0.326,0.27,0.289,0.333,0.407,0.369,0.336,0.179,0.271,-0.042,0.009,-0.028
17,A1_1,0.376,1.0,0.953,0.939,0.127,0.235,0.141,0.976,0.97,0.991,0.171,0.103,0.119,0.478,0.451,0.464
17,A1_2,0.328,0.953,1.0,0.961,0.119,0.186,0.073,0.974,0.978,0.974,0.14,0.03,0.078,0.422,0.395,0.407
17,A1_3,0.336,0.939,0.961,1.0,0.177,0.208,0.116,0.967,0.97,0.963,0.164,0.069,0.116,0.422,0.404,0.417
17,B1_1,0.326,0.127,0.119,0.177,1.0,0.886,0.928,0.107,0.2,0.126,0.928,0.899,0.949,0.332,0.412,0.335
17,B1_2,0.27,0.235,0.186,0.208,0.886,1.0,0.931,0.186,0.243,0.212,0.953,0.906,0.936,0.504,0.564,0.505
17,B1_3,0.289,0.141,0.073,0.116,0.928,0.931,1.0,0.083,0.16,0.115,0.948,0.965,0.974,0.418,0.495,0.426
17,A2_1,0.333,0.976,0.974,0.967,0.107,0.186,0.083,1.0,0.975,0.982,0.139,0.042,0.083,0.421,0.389,0.403
17,A2_2,0.407,0.97,0.978,0.97,0.2,0.243,0.16,0.975,1.0,0.981,0.201,0.106,0.159,0.428,0.41,0.416
17,A2_3,0.369,0.991,0.974,0.963,0.126,0.212,0.115,0.982,0.981,1.0,0.159,0.077,0.099,0.457,0.434,0.447
17,B2_1,0.336,0.171,0.14,0.164,0.928,0.953,0.948,0.139,0.201,0.159,1.0,0.906,0.961,0.374,0.444,0.376
17,B2_2,0.179,0.103,0.03,0.069,0.899,0.906,0.965,0.042,0.106,0.077,0.906,1.0,0.943,0.471,0.554,0.477
17,B2_3,0.271,0.119,0.078,0.116,0.949,0.936,0.974,0.083,0.159,0.099,0.961,0.943,1.0,0.393,0.473,0.412
17,y1,-0.042,0.478,0.422,0.422,0.332,0.504,0.418,0.421,0.428,0.457,0.374,0.471,0.393,1.0,0.966,0.973
17,y2,0.009,0.451,0.395,0.404,0.412,0.564,0.495,0.389,0.41,0.434,0.444,0.554,0.473,0.966,1.0,0.975
17,y3,-0.028,0.464,0.407,0.417,0.335,0.505,0.426,0.403,0.416,0.447,0.376,0.477,0.412,0.973,0.975,1.0
18,.,1.0,0.349,0.293,0.308,0.267,0.223,0.222,0.304,0.387,0.342,0.282,0.133,0.222,-0.096,-0.034,-0.078
18,A1_1,0.349,1.0,0.954,0.937,0.059,0.191,0.078,0.977,0.97,0.991,0.12,0.052,0.076,0.444,0.435,0.434
18,A1_2,0.293,0.954,1.0,0.958,0.029,0.122,-0.009,0.976,0.975,0.973,0.069,-0.04,0.016,0.379,0.365,0.365
18,A1_3,0.308,0.937,0.958,1.0,0.101,0.151,0.044,0.965,0.967,0.963,0.103,0.009,0.061,0.385,0.381,0.382
18,B1_1,0.267,0.059,0.029,0.101,1.0,0.879,0.927,0.039,0.117,0.059,0.924,0.909,0.952,0.295,0.386,0.301
18,B1_2,0.223,0.191,0.122,0.151,0.879,1.0,0.921,0.144,0.181,0.168,0.953,0.9,0.932,0.476,0.547,0.482
18,B1_3,0.222,0.078,-0.009,0.044,0.927,0.921,1.0,0.019,0.081,0.05,0.942,0.965,0.97,0.391,0.472,0.398
18,A2_1,0.304,0.977,0.976,0.965,0.039,0.144,0.019,1.0,0.975,0.983,0.09,-0.008,0.041,0.393,0.378,0.378
18,A2_2,0.387,0.97,0.975,0.967,0.117,0.181,0.081,0.975,1.0,0.98,0.135,0.039,0.103,0.384,0.383,0.375
18,A2_3,0.342,0.991,0.973,0.963,0.059,0.168,0.05,0.983,0.98,1.0,0.108,0.026,0.055,0.424,0.418,0.418
18,B2_1,0.282,0.12,0.069,0.103,0.924,0.953,0.942,0.09,0.135,0.108,1.0,0.907,0.961,0.35,0.431,0.356
18,B2_2,0.133,0.052,-0.04,0.009,0.909,0.9,0.965,-0.008,0.039,0.026,0.907,1.0,0.94,0.439,0.526,0.446
18,B2_3,0.222,0.076,0.016,0.061,0.952,0.932,0.97,0.041,0.103,0.055,0.961,0.94,1.0,0.37,0.459,0.389
18,y1,-0.096,0.444,0.379,0.385,0.295,0.476,0.391,0.393,0.384,0.424,0.35,0.439,0.37,1.0,0.962,0.975
18,y2,-0.034,0.435,0.365,0.381,0.386,0.547,0.472,0.378,0.383,0.418,0.431,0.526,0.459,0.962,1.0,0.974
18,y3,-0.078,0.434,0.365,0.382,0.301,0.482,0.398,0.378,0.375,0.418,0.356,0.446,0.389,0.975,0.974,1.0
19,.,1.0,0.332,0.274,0.308,0.269,0.217,0.222,0.305,0.399,0.335,0.26,0.122,0.209,-0.102,-0.04,-0.099
19,A1_1,0.332,1.0,0.956,0.944,0.043,0.164,0.066,0.98,0.963,0.99,0.098,0.046,0.07,0.447,0.449,0.433
19,A1_2,0.274,0.956,1.0,0.957,0.0,0.087,-0.032,0.975,0.966,0.974,0.036,-0.057,-0.002,0.384,0.377,0.364
19,A1_3,0.308,0.944,0.957,1.0,0.072,0.116,0.023,0.968,0.96,0.964,0.068,-0.012,0.045,0.39,0.395,0.383
19,B1_1,0.269,0.043,0.0,0.072,1.0,0.878,0.924,0.016,0.075,0.028,0.917,0.901,0.943,0.299,0.39,0.299
19,B1_2,0.217,0.164,0.087,0.116,0.878,1.0,0.921,0.109,0.12,0.126,0.961,0.91,0.938,0.473,0.542,0.473
19,B1_3,0.222,0.066,-0.032,0.023,0.924,0.921,1.0,0.002,0.045,0.024,0.941,0.963,0.967,0.387,0.467,0.392
19,A2_1,0.305,0.98,0.975,0.968,0.016,0.109,0.002,1.0,0.971,0.985,0.059,-0.023,0.027,0.387,0.384,0.371
19,A2_2,0.399,0.963,0.966,0.96,0.075,0.12,0.045,0.971,1.0,0.975,0.081,-0.001,0.071,0.352,0.364,0.341
19,A2_3,0.335,0.99,0.974,0.964,0.028,0.126,0.024,0.985,0.975,1.0,0.071,0.005,0.035,0.413,0.417,0.402
19,B2_1,0.26,0.098,0.036,0.068,0.917,0.961,0.941,0.059,0.081,0.071,1.0,0.911,0.962,0.373,0.448,0.373
19,B2_2,0.122,0.046,-0.057,-0.012,0.901,0.91,0.963,-0.023,-0.001,0.005,0.911,1.0,0.939,0.451,0.534,0.459
19,B2_3,0.209,0.07,-0.002,0.045,0.943,0.938,0.967,0.027,0.071,0.035,0.962,0.939,1.0,0.394,0.478,0.407
19,y1,-0.102,0.447,0.384,0.39,0.299,0.473,0.387,0.387,0.352,0.413,0.373,0.451,0.394,1.0,0.961,0.977
19,y2,-0.04,0.449,0.377,0.395,0.39,0.542,0.467,0.384,0.364,0.417,0.448,0.534,0.478,0.961,1.0,0.971
19,y3,-0.099,0.433,0.364,0.383,0.299,0.473,0.392,0.371,0.341,0.402,0.373,0.459,0.407,0.977,0.971,1.0
20,.,1.0,0.36,0.309,0.324,0.309,0.254,0.254,0.322,0.391,0.354,0.309,0.16,0.245,-0.075,-0.014,-0.049
20,A1_1,0.36,1.0,0.954,0.945,0.095,0.199,0.11,0.977,0.971,0.991,0.137,0.08,0.094,0.45,0.433,0.443
20,A1_2,0.309,0.954,1.0,0.964,0.069,0.133,0.025,0.978,0.98,0.976,0.09,-0.011,0.037,0.38,0.36,0.369
20,A1_3,0.324,0.945,0.964,1.0,0.131,0.162,0.071,0.97,0.971,0.967,0.12,0.032,0.077,0.391,0.379,0.389
20,B1_1,0.309,0.095,0.069,0.131,1.0,0.89,0.92,0.075,0.145,0.086,0.93,0.898,0.946,0.3,0.38,0.3
20,B1_2,0.254,0.199,0.133,0.162,0.89,1.0,0.929,0.151,0.187,0.167,0.956,0.908,0.939,0.466,0.527,0.469
20,B1_3,0.254,0.11,0.025,0.071,0.92,0.929,1.0,0.05,0.104,0.073,0.945,0.966,0.972,0.399,0.474,0.406
20,A2_1,0.322,0.977,0.978,0.97,0.075,0.151,0.05,1.0,0.98,0.985,0.106,0.016,0.058,0.391,0.37,0.38
20,A2_2,0.391,0.971,0.98,0.971,0.145,0.187,0.104,0.98,1.0,0.983,0.147,0.058,0.112,0.384,0.375,0.378
20,A2_3,0.354,0.991,0.976,0.967,0.086,0.167,0.073,0.985,0.983,1.0,0.117,0.043,0.065,0.422,0.407,0.417
20,B2_1,0.309,0.137,0.09,0.12,0.93,0.956,0.945,0.106,0.147,0.117,1.0,0.909,0.963,0.35,0.418,0.352
20,B2_2,0.16,0.08,-0.011,0.032,0.898,0.908,0.966,0.016,0.058,0.043,0.909,1.0,0.942,0.446,0.528,0.454
20,B2_3,0.245,0.094,0.037,0.077,0.946,0.939,0.972,0.058,0.112,0.065,0.963,0.942,1.0,0.368,0.447,0.387
20,y1,-0.075,0.45,0.38,0.391,0.3,0.466,0.399,0.391,0.384,0.422,0.35,0.446,0.368,1.0,0.964,0.972
20,y2,-0.014,0.433,0.36,0.379,0.38,0.527,0.474,0.37,0.375,0.407,0.418,0.528,0.447,0.964,1.0,0.976
20,y3,-0.049,0.443,0.369,0.389,0.3,0.469,0.406,0.38,0.378,0.417,0.352,0.454,0.387,0.972,0.976,1.0
21,.,1.0,0.343,0.285,0.315,0.285,0.229,0.236,0.313,0.399,0.342,0.275,0.136,0.215,-0.096,-0.032,-0.074
21,A1_1,0.343,1.0,0.956,0.948,0.067,0.17,0.087,0.981,0.967,0.991,0.115,0.061,0.076,0.44,0.434,0.435
21,A1_2,0.285,0.956,1.0,0.962,0.03,0.097,-0.006,0.978,0.971,0.976,0.058,-0.039,0.01,0.374,0.362,0.364
21,A1_3,0.315,0.948,0.962,1.0,0.097,0.127,0.045,0.97,0.964,0.967,0.089,0.007,0.052,0.385,0.384,0.386
21,B1_1,0.285,0.067,0.03,0.097,1.0,0.884,0.92,0.045,0.101,0.053,0.92,0.897,0.94,0.296,0.378,0.295
21,B1_2,0.229,0.17,0.097,0.127,0.884,1.0,0.924,0.122,0.132,0.133,0.961,0.911,0.942,0.459,0.521,0.461
21,B1_3,0.236,0.087,-0.006,0.045,0.92,0.924,1.0,0.027,0.067,0.046,0.942,0.964,0.968,0.388,0.465,0.395
21,A2_1,0.313,0.981,0.978,0.97,0.045,0.122,0.027,1.0,0.975,0.987,0.082,-0.004,0.039,0.382,0.372,0.374
21,A2_2,0.399,0.967,0.971,0.964,0.101,0.132,0.067,0.975,1.0,0.979,0.102,0.018,0.078,0.351,0.355,0.351
21,A2_3,0.342,0.991,0.976,0.967,0.053,0.133,0.046,0.987,0.979,1.0,0.089,0.019,0.043,0.407,0.403,0.405
21,B2_1,0.275,0.115,0.058,0.089,0.92,0.961,0.942,0.082,0.102,0.089,1.0,0.91,0.962,0.362,0.43,0.362
21,B2_2,0.136,0.061,-0.039,0.007,0.897,0.911,0.964,-0.004,0.018,0.019,0.91,1.0,0.94,0.445,0.525,0.454
21,B2_3,0.215,0.076,0.01,0.052,0.94,0.942,0.968,0.039,0.078,0.043,0.962,0.94,1.0,0.382,0.46,0.398
21,y1,-0.096,0.44,0.374,0.385,0.296,0.459,0.388,0.382,0.351,0.407,0.362,0.445,0.382,1.0,0.962,0.974
21,y2,-0.032,0.434,0.362,0.384,0.378,0.521,0.465,0.372,0.355,0.403,0.43,0.525,0.46,0.962,1.0,0.976
21,y3,-0.074,0.435,0.364,0.386,0.295,0.461,0.395,0.374,0.351,0.405,0.362,0.454,0.398,0.974,0.976,1.0
22,.,1.0,0.349,0.298,0.311,0.259,0.217,0.203,0.312,0.365,0.341,0.28,0.125,0.216,-0.115,-0.048,-0.077
22,A1_1,0.349,1.0,0.957,0.95,0.037,0.164,0.064,0.98,0.976,0.993,0.109,0.034,0.054,0.42,0.41,0.42
22,A1_2,0.298,0.957,1.0,0.968,-0.0,0.089,-0.026,0.98,0.982,0.975,0.054,-0.062,-0.009,0.349,0.33,0.343
22,A1_3,0.311,0.95,0.968,1.0,0.059,0.116,0.016,0.973,0.978,0.971,0.083,-0.021,0.026,0.359,0.348,0.362
22,B1_1,0.259,0.037,-0.0,0.059,1.0,0.883,0.918,0.017,0.078,0.034,0.927,0.905,0.948,0.268,0.339,0.26
22,B1_2,0.217,0.164,0.089,0.116,0.883,1.0,0.921,0.12,0.151,0.139,0.953,0.898,0.933,0.444,0.503,0.444
22,B1_3,0.203,0.064,-0.026,0.016,0.918,0.921,1.0,0.006,0.052,0.035,0.939,0.965,0.97,0.384,0.451,0.383
22,A2_1,0.312,0.98,0.98,0.973,0.017,0.12,0.006,1.0,0.986,0.987,0.081,-0.025,0.021,0.367,0.352,0.363
22,A2_2,0.365,0.976,0.982,0.978,0.078,0.151,0.052,0.986,1.0,0.987,0.116,0.013,0.067,0.368,0.362,0.368
22,A2_3,0.341,0.993,0.975,0.971,0.034,0.139,0.035,0.987,0.987,1.0,0.095,0.007,0.033,0.403,0.393,0.404
22,B2_1,0.28,0.109,0.054,0.083,0.927,0.953,0.939,0.081,0.116,0.095,1.0,0.904,0.963,0.326,0.39,0.322
22,B2_2,0.125,0.034,-0.062,-0.021,0.905,0.898,0.965,-0.025,0.013,0.007,0.904,1.0,0.941,0.416,0.492,0.417
22,B2_3,0.216,0.054,-0.009,0.026,0.948,0.933,0.97,0.021,0.067,0.033,0.963,0.941,1.0,0.332,0.408,0.345
22,y1,-0.115,0.42,0.349,0.359,0.268,0.444,0.384,0.367,0.368,0.403,0.326,0.416,0.332,1.0,0.963,0.973
22,y2,-0.048,0.41,0.33,0.348,0.339,0.503,0.451,0.352,0.362,0.393,0.39,0.492,0.408,0.963,1.0,0.978
22,y3,-0.077,0.42,0.343,0.362,0.26,0.444,0.383,0.363,0.368,0.404,0.322,0.417,0.345,0.973,0.978,1.0
23,.,1.0,0.322,0.275,0.293,0.251,0.215,0.203,0.289,0.359,0.319,0.274,0.128,0.206,-0.112,-0.048,-0.086
23,A1_1,0.322,1.0,0.959,0.953,0.027,0.151,0.056,0.981,0.974,0.992,0.11,0.029,0.055,0.43,0.426,0.426
23,A1_2,0.275,0.959,1.0,0.968,-0.015,0.072,-0.038,0.981,0.98,0.977,0.05,-0.07,-0.011,0.356,0.344,0.347
23,A1_3,0.293,0.953,0.968,1.0,0.043,0.101,0.006,0.975,0.974,0.973,0.079,-0.028,0.025,0.366,0.363,0.366
23,B1_1,0.251,0.027,-0.015,0.043,1.0,0.887,0.919,0.004,0.063,0.024,0.922,0.91,0.946,0.278,0.35,0.269
23,B1_2,0.215,0.151,0.072,0.101,0.887,1.0,0.922,0.103,0.128,0.126,0.959,0.902,0.939,0.44,0.498,0.437
23,B1_3,0.203,0.056,-0.038,0.006,0.919,0.922,1.0,-0.004,0.04,0.026,0.937,0.964,0.968,0.383,0.448,0.382
23,A2_1,0.289,0.981,0.981,0.975,0.004,0.103,-0.004,1.0,0.983,0.988,0.079,-0.032,0.02,0.374,0.364,0.366
23,A2_2,0.359,0.974,0.98,0.974,0.063,0.128,0.04,0.983,1.0,0.984,0.109,0.002,0.065,0.363,0.364,0.361
23,A2_3,0.319,0.992,0.977,0.973,0.024,0.126,0.026,0.988,0.984,1.0,0.096,0.001,0.034,0.409,0.405,0.406
23,B2_1,0.274,0.11,0.05,0.079,0.922,0.959,0.937,0.079,0.109,0.096,1.0,0.904,0.962,0.342,0.405,0.336
23,B2_2,0.128,0.029,-0.07,-0.028,0.91,0.902,0.964,-0.032,0.002,0.001,0.904,1.0,0.94,0.418,0.491,0.421
23,B2_3,0.206,0.055,-0.011,0.025,0.946,0.939,0.968,0.02,0.065,0.034,0.962,0.94,1.0,0.351,0.424,0.36
23,y1,-0.112,0.43,0.356,0.366,0.278,0.44,0.383,0.374,0.363,0.409,0.342,0.418,0.351,1.0,0.964,0.975
23,y2,-0.048,0.426,0.344,0.363,0.35,0.498,0.448,0.364,0.364,0.405,0.405,0.491,0.424,0.964,1.0,0.979
23,y3,-0.086,0.426,0.347,0.366,0.269,0.437,0.382,0.366,0.361,0.406,0.336,0.421,0.36,0.975,0.979,1.0
24,.,1.0,0.292,0.246,0.272,0.21,0.19,0.182,0.264,0.347,0.29,0.236,0.101,0.182,-0.147,-0.08,-0.126
24,A1_1,0.292,1.0,0.962,0.957,-0.013,0.122,0.028,0.983,0.97,0.993,0.073,0.002,0.034,0.412,0.417,0.402
24,A1_2,0.246,0.962,1.0,0.966,-0.061,0.042,-0.072,0.982,0.976,0.979,0.012,-0.101,-0.035,0.341,0.336,0.324
24,A1_3,0.272,0.957,0.966,1.0,0.007,0.078,-0.019,0.976,0.973,0.974,0.047,-0.055,0.01,0.356,0.361,0.349
24,B1_1,0.21,-0.013,-0.061,0.007,1.0,0.879,0.914,-0.033,0.016,-0.023,0.914,0.909,0.945,0.28,0.346,0.26
24,B1_2,0.19,0.122,0.042,0.078,0.879,1.0,0.919,0.078,0.088,0.093,0.962,0.91,0.939,0.442,0.496,0.428
24,B1_3,0.182,0.028,-0.072,-0.019,0.914,0.919,1.0,-0.032,0.002,-0.009,0.937,0.966,0.962,0.387,0.444,0.376
24,A2_1,0.264,0.983,0.982,0.976,-0.033,0.078,-0.032,1.0,0.979,0.989,0.044,-0.059,0.002,0.356,0.357,0.343
24,A2_2,0.347,0.97,0.976,0.973,0.016,0.088,0.002,0.979,1.0,0.98,0.063,-0.041,0.039,0.33,0.341,0.322
24,A2_3,0.29,0.993,0.979,0.974,-0.023,0.093,-0.009,0.989,0.98,1.0,0.055,-0.032,0.009,0.386,0.391,0.377
24,B2_1,0.236,0.073,0.012,0.047,0.914,0.962,0.937,0.044,0.063,0.055,1.0,0.913,0.962,0.345,0.404,0.328
24,B2_2,0.101,0.002,-0.101,-0.055,0.909,0.91,0.966,-0.059,-0.041,-0.032,0.913,1.0,0.938,0.42,0.485,0.417
24,B2_3,0.182,0.034,-0.035,0.01,0.945,0.939,0.962,0.002,0.039,0.009,0.962,0.938,1.0,0.358,0.426,0.354
24,y1,-0.147,0.412,0.341,0.356,0.28,0.442,0.387,0.356,0.33,0.386,0.345,0.42,0.358,1.0,0.964,0.975
24,y2,-0.08,0.417,0.336,0.361,0.346,0.496,0.444,0.357,0.341,0.391,0.404,0.485,0.426,0.964,1.0,0.978
24,y3,-0.126,0.402,0.324,0.349,0.26,0.428,0.376,0.343,0.322,0.377,0.328,0.417,0.354,0.975,0.978,1.0
