,,.,A1_1,A1_2,A1_3,B1_1,B1_2,B1_3,A2_1,A2_2,A2_3,B2_1,B2_2,B2_3,y1,y2,y3
1,.,1.0,0.952,0.955,0.964,0.868,0.893,0.977,0.951,0.96,0.924,0.93,0.975,0.916,0.97,0.972,0.892
1,A1_1,0.952,1.0,0.907,0.942,0.873,0.966,0.946,0.878,0.947,0.919,0.899,0.965,0.905,0.933,0.993,0.887
1,A1_2,0.955,0.907,1.0,0.944,0.859,0.877,0.937,0.956,0.917,0.959,0.951,0.93,0.919,0.928,0.926,0.935
1,A1_3,0.964,0.942,0.944,1.0,0.956,0.923,0.972,0.936,0.94,0.931,0.918,0.942,0.936,0.946,0.958,0.954
1,B1_1,0.868,0.873,0.859,0.956,1.0,0.889,0.915,0.869,0.86,0.887,0.835,0.874,0.883,0.855,0.888,0.945
1,B1_2,0.893,0.966,0.877,0.923,0.889,1.0,0.898,0.831,0.885,0.91,0.895,0.905,0.897,0.915,0.953,0.92
1,B1_3,0.977,0.946,0.937,0.972,0.915,0.898,1.0,0.969,0.932,0.909,0.928,0.985,0.949,0.953,0.968,0.908
1,A2_1,0.951,0.878,0.956,0.936,0.869,0.831,0.969,1.0,0.885,0.89,0.921,0.947,0.937,0.923,0.914,0.898
1,A2_2,0.96,0.947,0.917,0.94,0.86,0.885,0.932,0.885,1.0,0.913,0.905,0.931,0.905,0.901,0.951,0.887
1,A2_3,0.924,0.919,0.959,0.931,0.887,0.91,0.909,0.89,0.913,1.0,0.921,0.918,0.884,0.893,0.934,0.931
1,B2_1,0.93,0.899,0.951,0.918,0.835,0.895,0.928,0.921,0.905,0.921,1.0,0.915,0.966,0.923,0.911,0.934
1,B2_2,0.975,0.965,0.93,0.942,0.874,0.905,0.985,0.947,0.931,0.918,0.915,1.0,0.917,0.948,0.981,0.871
1,B2_3,0.916,0.905,0.919,0.936,0.883,0.897,0.949,0.937,0.905,0.884,0.966,0.917,1.0,0.89,0.919,0.94
1,y1,0.97,0.933,0.928,0.946,0.855,0.915,0.953,0.923,0.901,0.893,0.923,0.948,0.89,1.0,0.95,0.886
1,y2,0.972,0.993,0.926,0.958,0.888,0.953,0.968,0.914,0.951,0.934,0.911,0.981,0.919,0.95,1.0,0.893
1,y3,0.892,0.887,0.935,0.954,0.945,0.92,0.908,0.898,0.887,0.931,0.934,0.871,0.94,0.886,0.893,1.0
2,.,1.0,0.955,0.956,0.966,0.875,0.899,0.978,0.952,0.962,0.925,0.933,0.977,0.919,0.972,0.974,0.894
2,A1_1,0.955,1.0,0.911,0.945,0.879,0.968,0.948,0.883,0.949,0.922,0.904,0.967,0.909,0.935,0.993,0.89
2,A1_2,0.956,0.911,1.0,0.946,0.867,0.883,0.939,0.958,0.919,0.96,0.952,0.932,0.921,0.931,0.929,0.937
2,A1_3,0.966,0.945,0.946,1.0,0.959,0.927,0.974,0.939,0.942,0.933,0.922,0.945,0.939,0.948,0.961,0.955
2,B1_1,0.875,0.879,0.867,0.959,1.0,0.896,0.92,0.877,0.867,0.892,0.845,0.881,0.891,0.864,0.894,0.948
2,B1_2,0.899,0.968,0.883,0.927,0.896,1.0,0.903,0.84,0.891,0.914,0.901,0.91,0.902,0.919,0.956,0.924
2,B1_3,0.978,0.948,0.939,0.974,0.92,0.903,1.0,0.97,0.935,0.912,0.933,0.986,0.952,0.956,0.97,0.911
2,A2_1,0.952,0.883,0.958,0.939,0.877,0.84,0.97,1.0,0.889,0.893,0.925,0.949,0.94,0.927,0.918,0.902
2,A2_2,0.962,0.949,0.919,0.942,0.867,0.891,0.935,0.889,1.0,0.914,0.909,0.935,0.909,0.906,0.954,0.89
2,A2_3,0.925,0.922,0.96,0.933,0.892,0.914,0.912,0.893,0.914,1.0,0.922,0.919,0.887,0.895,0.935,0.933
2,B2_1,0.933,0.904,0.952,0.922,0.845,0.901,0.933,0.925,0.909,0.922,1.0,0.919,0.968,0.927,0.916,0.937
2,B2_2,0.977,0.967,0.932,0.945,0.881,0.91,0.986,0.949,0.935,0.919,0.919,1.0,0.921,0.95,0.982,0.875
2,B2_3,0.919,0.909,0.921,0.939,0.891,0.902,0.952,0.94,0.909,0.887,0.968,0.921,1.0,0.896,0.923,0.942
2,y1,0.972,0.935,0.931,0.948,0.864,0.919,0.956,0.927,0.906,0.895,0.927,0.95,0.896,1.0,0.953,0.891
2,y2,0.974,0.993,0.929,0.961,0.894,0.956,0.97,0.918,0.954,0.935,0.916,0.982,0.923,0.953,1.0,0.897
2,y3,0.894,0.89,0.937,0.955,0.948,0.924,0.911,0.902,0.89,0.933,0.937,0.875,0.942,0.891,0.897,1.0
3,.,1.0,0.958,0.956,0.968,0.882,0.905,0.98,0.953,0.965,0.927,0.936,0.978,0.923,0.973,0.977,0.897
3,A1_1,0.958,1.0,0.915,0.948,0.885,0.97,0.951,0.888,0.952,0.925,0.909,0.969,0.914,0.938,0.993,0.894
3,A1_2,0.956,0.915,1.0,0.948,0.874,0.89,0.941,0.959,0.921,0.961,0.954,0.935,0.924,0.935,0.932,0.94
3,A1_3,0.968,0.948,0.948,1.0,0.961,0.932,0.975,0.941,0.945,0.935,0.927,0.948,0.942,0.951,0.964,0.957
3,B1_1,0.882,0.885,0.874,0.961,1.0,0.902,0.925,0.884,0.874,0.897,0.856,0.888,0.898,0.872,0.9,0.951
3,B1_2,0.905,0.97,0.89,0.932,0.902,1.0,0.909,0.848,0.897,0.919,0.907,0.915,0.908,0.922,0.958,0.928
3,B1_3,0.98,0.951,0.941,0.975,0.925,0.909,1.0,0.971,0.938,0.915,0.937,0.986,0.955,0.958,0.972,0.915
3,A2_1,0.953,0.888,0.959,0.941,0.884,0.848,0.971,1.0,0.893,0.896,0.929,0.951,0.943,0.932,0.922,0.906
3,A2_2,0.965,0.952,0.921,0.945,0.874,0.897,0.938,0.893,1.0,0.916,0.914,0.938,0.913,0.911,0.957,0.893
3,A2_3,0.927,0.925,0.961,0.935,0.897,0.919,0.915,0.896,0.916,1.0,0.925,0.922,0.891,0.899,0.938,0.935
3,B2_1,0.936,0.909,0.954,0.927,0.856,0.907,0.937,0.929,0.914,0.925,1.0,0.924,0.97,0.931,0.921,0.94
3,B2_2,0.978,0.969,0.935,0.948,0.888,0.915,0.986,0.951,0.938,0.922,0.924,1.0,0.926,0.953,0.983,0.88
3,B2_3,0.923,0.914,0.924,0.942,0.898,0.908,0.955,0.943,0.913,0.891,0.97,0.926,1.0,0.902,0.928,0.944
3,y1,0.973,0.938,0.935,0.951,0.872,0.922,0.958,0.932,0.911,0.899,0.931,0.953,0.902,1.0,0.955,0.896
3,y2,0.977,0.993,0.932,0.964,0.9,0.958,0.972,0.922,0.957,0.938,0.921,0.983,0.928,0.955,1.0,0.901
3,y3,0.897,0.894,0.94,0.957,0.951,0.928,0.915,0.906,0.893,0.935,0.94,0.88,0.944,0.896,0.901,1.0
4,.,1.0,0.961,0.957,0.969,0.889,0.91,0.981,0.954,0.967,0.928,0.939,0.98,0.926,0.974,0.978,0.9
4,A1_1,0.961,1.0,0.918,0.951,0.891,0.971,0.953,0.893,0.955,0.928,0.914,0.97,0.918,0.94,0.994,0.898
4,A1_2,0.957,0.918,1.0,0.951,0.882,0.896,0.944,0.961,0.924,0.963,0.956,0.938,0.927,0.938,0.936,0.942
4,A1_3,0.969,0.951,0.951,1.0,0.964,0.935,0.976,0.944,0.948,0.938,0.931,0.951,0.945,0.953,0.966,0.958
4,B1_1,0.889,0.891,0.882,0.964,1.0,0.908,0.93,0.891,0.88,0.902,0.866,0.894,0.905,0.88,0.906,0.955
4,B1_2,0.91,0.971,0.896,0.935,0.908,1.0,0.914,0.857,0.902,0.923,0.912,0.919,0.913,0.926,0.961,0.931
4,B1_3,0.981,0.953,0.944,0.976,0.93,0.914,1.0,0.973,0.941,0.918,0.941,0.987,0.958,0.96,0.974,0.918
4,A2_1,0.954,0.893,0.961,0.944,0.891,0.857,0.973,1.0,0.897,0.9,0.933,0.954,0.946,0.936,0.927,0.909
4,A2_2,0.967,0.955,0.924,0.948,0.88,0.902,0.941,0.897,1.0,0.918,0.917,0.941,0.917,0.915,0.959,0.897
4,A2_3,0.928,0.928,0.963,0.938,0.902,0.923,0.918,0.9,0.918,1.0,0.927,0.925,0.895,0.902,0.94,0.937
4,B2_1,0.939,0.914,0.956,0.931,0.866,0.912,0.941,0.933,0.917,0.927,1.0,0.928,0.971,0.936,0.926,0.943
4,B2_2,0.98,0.97,0.938,0.951,0.894,0.919,0.987,0.954,0.941,0.925,0.928,1.0,0.93,0.955,0.984,0.884
4,B2_3,0.926,0.918,0.927,0.945,0.905,0.913,0.958,0.946,0.917,0.895,0.971,0.93,1.0,0.907,0.932,0.946
4,y1,0.974,0.94,0.938,0.953,0.88,0.926,0.96,0.936,0.915,0.902,0.936,0.955,0.907,1.0,0.958,0.901
4,y2,0.978,0.994,0.936,0.966,0.906,0.961,0.974,0.927,0.959,0.94,0.926,0.984,0.932,0.958,1.0,0.905
4,y3,0.9,0.898,0.942,0.958,0.955,0.931,0.918,0.909,0.897,0.937,0.943,0.884,0.946,0.901,0.905,1.0
5,.,1.0,0.963,0.958,0.97,0.894,0.914,0.981,0.955,0.969,0.93,0.941,0.981,0.929,0.975,0.98,0.903
5,A1_1,0.963,1.0,0.922,0.953,0.896,0.972,0.955,0.898,0.957,0.931,0.918,0.972,0.922,0.943,0.994,0.901
5,A1_2,0.958,0.922,1.0,0.953,0.888,0.902,0.946,0.962,0.926,0.964,0.958,0.94,0.929,0.941,0.939,0.944
5,A1_3,0.97,0.953,0.953,1.0,0.966,0.939,0.978,0.946,0.951,0.94,0.935,0.954,0.948,0.955,0.968,0.959
5,B1_1,0.894,0.896,0.888,0.966,1.0,0.913,0.934,0.897,0.886,0.906,0.875,0.9,0.911,0.887,0.911,0.957
5,B1_2,0.914,0.972,0.902,0.939,0.913,1.0,0.918,0.864,0.907,0.928,0.917,0.923,0.918,0.929,0.963,0.935
5,B1_3,0.981,0.955,0.946,0.978,0.934,0.918,1.0,0.974,0.944,0.92,0.945,0.988,0.96,0.962,0.975,0.921
5,A2_1,0.955,0.898,0.962,0.946,0.897,0.864,0.974,1.0,0.901,0.903,0.937,0.956,0.948,0.939,0.93,0.913
5,A2_2,0.969,0.957,0.926,0.951,0.886,0.907,0.944,0.901,1.0,0.92,0.921,0.944,0.92,0.919,0.961,0.9
5,A2_3,0.93,0.931,0.964,0.94,0.906,0.928,0.92,0.903,0.92,1.0,0.93,0.927,0.899,0.906,0.943,0.939
5,B2_1,0.941,0.918,0.958,0.935,0.875,0.917,0.945,0.937,0.921,0.93,1.0,0.932,0.973,0.939,0.93,0.946
5,B2_2,0.981,0.972,0.94,0.954,0.9,0.923,0.988,0.956,0.944,0.927,0.932,1.0,0.933,0.957,0.985,0.889
5,B2_3,0.929,0.922,0.929,0.948,0.911,0.918,0.96,0.948,0.92,0.899,0.973,0.933,1.0,0.912,0.935,0.948
5,y1,0.975,0.943,0.941,0.955,0.887,0.929,0.962,0.939,0.919,0.906,0.939,0.957,0.912,1.0,0.96,0.905
5,y2,0.98,0.994,0.939,0.968,0.911,0.963,0.975,0.93,0.961,0.943,0.93,0.985,0.935,0.96,1.0,0.909
5,y3,0.903,0.901,0.944,0.959,0.957,0.935,0.921,0.913,0.9,0.939,0.946,0.889,0.948,0.905,0.909,1.0
6,.,1.0,0.965,0.958,0.972,0.899,0.918,0.982,0.955,0.971,0.931,0.943,0.982,0.931,0.976,0.981,0.905
6,A1_1,0.965,1.0,0.925,0.955,0.9,0.974,0.957,0.902,0.959,0.934,0.921,0.973,0.925,0.944,0.994,0.904
6,A1_2,0.958,0.925,1.0,0.955,0.894,0.907,0.948,0.964,0.928,0.965,0.959,0.943,0.932,0.944,0.942,0.946
6,A1_3,0.972,0.955,0.955,1.0,0.967,0.942,0.979,0.948,0.953,0.942,0.938,0.956,0.951,0.957,0.97,0.96
6,B1_1,0.899,0.9,0.894,0.967,1.0,0.918,0.937,0.902,0.891,0.91,0.883,0.905,0.917,0.893,0.915,0.96
6,B1_2,0.918,0.974,0.907,0.942,0.918,1.0,0.922,0.871,0.911,0.931,0.921,0.927,0.922,0.931,0.964,0.937
6,B1_3,0.982,0.957,0.948,0.979,0.937,0.922,1.0,0.975,0.946,0.923,0.948,0.988,0.962,0.964,0.976,0.923
6,A2_1,0.955,0.902,0.964,0.948,0.902,0.871,0.975,1.0,0.904,0.906,0.94,0.958,0.95,0.942,0.934,0.916
6,A2_2,0.971,0.959,0.928,0.953,0.891,0.911,0.946,0.904,1.0,0.922,0.924,0.946,0.923,0.922,0.963,0.902
6,A2_3,0.931,0.934,0.965,0.942,0.91,0.931,0.923,0.906,0.922,1.0,0.932,0.93,0.903,0.909,0.945,0.941
6,B2_1,0.943,0.921,0.959,0.938,0.883,0.921,0.948,0.94,0.924,0.932,1.0,0.935,0.974,0.942,0.934,0.948
6,B2_2,0.982,0.973,0.943,0.956,0.905,0.927,0.988,0.958,0.946,0.93,0.935,1.0,0.936,0.958,0.985,0.892
6,B2_3,0.931,0.925,0.932,0.951,0.917,0.922,0.962,0.95,0.923,0.903,0.974,0.936,1.0,0.917,0.938,0.95
6,y1,0.976,0.944,0.944,0.957,0.893,0.931,0.964,0.942,0.922,0.909,0.942,0.958,0.917,1.0,0.962,0.909
6,y2,0.981,0.994,0.942,0.97,0.915,0.964,0.976,0.934,0.963,0.945,0.934,0.985,0.938,0.962,1.0,0.913
6,y3,0.905,0.904,0.946,0.96,0.96,0.937,0.923,0.916,0.902,0.941,0.948,0.892,0.95,0.909,0.913,1.0
7,.,1.0,0.967,0.959,0.973,0.903,0.921,0.982,0.956,0.972,0.932,0.945,0.982,0.933,0.976,0.982,0.907
7,A1_1,0.967,1.0,0.928,0.957,0.904,0.974,0.958,0.905,0.96,0.936,0.924,0.974,0.928,0.946,0.994,0.906
7,A1_2,0.959,0.928,1.0,0.956,0.899,0.911,0.95,0.965,0.93,0.967,0.961,0.945,0.934,0.947,0.945,0.948
7,A1_3,0.973,0.957,0.956,1.0,0.969,0.945,0.979,0.95,0.955,0.944,0.941,0.958,0.953,0.959,0.972,0.961
7,B1_1,0.903,0.904,0.899,0.969,1.0,0.922,0.94,0.906,0.895,0.914,0.89,0.909,0.921,0.899,0.919,0.961
7,B1_2,0.921,0.974,0.911,0.945,0.922,1.0,0.925,0.876,0.915,0.935,0.925,0.93,0.926,0.934,0.966,0.94
7,B1_3,0.982,0.958,0.95,0.979,0.94,0.925,1.0,0.976,0.948,0.925,0.95,0.989,0.964,0.965,0.977,0.925
7,A2_1,0.956,0.905,0.965,0.95,0.906,0.876,0.976,1.0,0.907,0.909,0.943,0.959,0.952,0.945,0.937,0.918
7,A2_2,0.972,0.96,0.93,0.955,0.895,0.915,0.948,0.907,1.0,0.924,0.926,0.948,0.925,0.925,0.964,0.905
7,A2_3,0.932,0.936,0.967,0.944,0.914,0.935,0.925,0.909,0.924,1.0,0.934,0.932,0.906,0.911,0.947,0.943
7,B2_1,0.945,0.924,0.961,0.941,0.89,0.925,0.95,0.943,0.926,0.934,1.0,0.938,0.976,0.945,0.937,0.95
7,B2_2,0.982,0.974,0.945,0.958,0.909,0.93,0.989,0.959,0.948,0.932,0.938,1.0,0.939,0.959,0.986,0.895
7,B2_3,0.933,0.928,0.934,0.953,0.921,0.926,0.964,0.952,0.925,0.906,0.976,0.939,1.0,0.92,0.941,0.951
7,y1,0.976,0.946,0.947,0.959,0.899,0.934,0.965,0.945,0.925,0.911,0.945,0.959,0.92,1.0,0.963,0.913
7,y2,0.982,0.994,0.945,0.972,0.919,0.966,0.977,0.937,0.964,0.947,0.937,0.986,0.941,0.963,1.0,0.916
7,y3,0.907,0.906,0.948,0.961,0.961,0.94,0.925,0.918,0.905,0.943,0.95,0.895,0.951,0.913,0.916,1.0
8,.,1.0,0.968,0.959,0.973,0.906,0.924,0.982,0.956,0.974,0.933,0.946,0.983,0.935,0.976,0.983,0.908
8,A1_1,0.968,1.0,0.93,0.959,0.907,0.975,0.96,0.908,0.962,0.938,0.927,0.974,0.93,0.947,0.994,0.908
8,A1_2,0.959,0.93,1.0,0.957,0.903,0.915,0.951,0.965,0.931,0.967,0.962,0.946,0.936,0.949,0.947,0.95
8,A1_3,0.973,0.959,0.957,1.0,0.97,0.947,0.98,0.951,0.956,0.945,0.943,0.96,0.955,0.96,0.973,0.961
8,B1_1,0.906,0.907,0.903,0.97,1.0,0.925,0.942,0.91,0.898,0.917,0.895,0.913,0.925,0.903,0.923,0.963
8,B1_2,0.924,0.975,0.915,0.947,0.925,1.0,0.928,0.881,0.917,0.937,0.928,0.932,0.929,0.935,0.967,0.942
8,B1_3,0.982,0.96,0.951,0.98,0.942,0.928,1.0,0.976,0.949,0.927,0.952,0.989,0.965,0.966,0.978,0.927
8,A2_1,0.956,0.908,0.965,0.951,0.91,0.881,0.976,1.0,0.909,0.911,0.945,0.96,0.954,0.947,0.939,0.92
8,A2_2,0.974,0.962,0.931,0.956,0.898,0.917,0.949,0.909,1.0,0.925,0.928,0.949,0.927,0.927,0.965,0.906
8,A2_3,0.933,0.938,0.967,0.945,0.917,0.937,0.927,0.911,0.925,1.0,0.936,0.933,0.908,0.913,0.949,0.945
8,B2_1,0.946,0.927,0.962,0.943,0.895,0.928,0.952,0.945,0.928,0.936,1.0,0.94,0.977,0.947,0.939,0.951
8,B2_2,0.983,0.974,0.946,0.96,0.913,0.932,0.989,0.96,0.949,0.933,0.94,1.0,0.941,0.96,0.986,0.898
8,B2_3,0.935,0.93,0.936,0.955,0.925,0.929,0.965,0.954,0.927,0.908,0.977,0.941,1.0,0.923,0.943,0.952
8,y1,0.976,0.947,0.949,0.96,0.903,0.935,0.966,0.947,0.927,0.913,0.947,0.96,0.923,1.0,0.964,0.915
8,y2,0.983,0.994,0.947,0.973,0.923,0.967,0.978,0.939,0.965,0.949,0.939,0.986,0.943,0.964,1.0,0.918
8,y3,0.908,0.908,0.95,0.961,0.963,0.942,0.927,0.92,0.906,0.945,0.951,0.898,0.952,0.915,0.918,1.0
9,.,1.0,0.97,0.959,0.974,0.908,0.926,0.982,0.956,0.975,0.933,0.946,0.983,0.936,0.976,0.984,0.908
9,A1_1,0.97,1.0,0.931,0.96,0.909,0.976,0.96,0.911,0.963,0.939,0.929,0.975,0.932,0.947,0.994,0.909
9,A1_2,0.959,0.931,1.0,0.958,0.906,0.917,0.952,0.966,0.932,0.968,0.963,0.947,0.937,0.95,0.948,0.951
9,A1_3,0.974,0.96,0.958,1.0,0.971,0.949,0.98,0.952,0.957,0.946,0.945,0.961,0.956,0.961,0.974,0.961
9,B1_1,0.908,0.909,0.906,0.971,1.0,0.928,0.944,0.913,0.9,0.919,0.899,0.915,0.928,0.906,0.925,0.964
9,B1_2,0.926,0.976,0.917,0.949,0.928,1.0,0.93,0.885,0.919,0.939,0.93,0.934,0.931,0.937,0.968,0.943
9,B1_3,0.982,0.96,0.952,0.98,0.944,0.93,1.0,0.977,0.95,0.928,0.954,0.99,0.966,0.966,0.979,0.927
9,A2_1,0.956,0.911,0.966,0.952,0.913,0.885,0.977,1.0,0.911,0.912,0.947,0.962,0.956,0.949,0.941,0.922
9,A2_2,0.975,0.963,0.932,0.957,0.9,0.919,0.95,0.911,1.0,0.926,0.929,0.95,0.928,0.928,0.966,0.907
9,A2_3,0.933,0.939,0.968,0.946,0.919,0.939,0.928,0.912,0.926,1.0,0.937,0.934,0.91,0.915,0.95,0.946
9,B2_1,0.946,0.929,0.963,0.945,0.899,0.93,0.954,0.947,0.929,0.937,1.0,0.941,0.977,0.949,0.941,0.953
9,B2_2,0.983,0.975,0.947,0.961,0.915,0.934,0.99,0.962,0.95,0.934,0.941,1.0,0.943,0.96,0.987,0.899
9,B2_3,0.936,0.932,0.937,0.956,0.928,0.931,0.966,0.956,0.928,0.91,0.977,0.943,1.0,0.925,0.945,0.953
9,y1,0.976,0.947,0.95,0.961,0.906,0.937,0.966,0.949,0.928,0.915,0.949,0.96,0.925,1.0,0.965,0.917
9,y2,0.984,0.994,0.948,0.974,0.925,0.968,0.979,0.941,0.966,0.95,0.941,0.987,0.945,0.965,1.0,0.92
9,y3,0.908,0.909,0.951,0.961,0.964,0.943,0.927,0.922,0.907,0.946,0.953,0.899,0.953,0.917,0.92,1.0
10,.,1.0,0.97,0.958,0.974,0.91,0.927,0.982,0.956,0.975,0.933,0.947,0.983,0.936,0.976,0.984,0.908
10,A1_1,0.97,1.0,0.932,0.961,0.911,0.976,0.961,0.912,0.963,0.94,0.93,0.975,0.933,0.948,0.994,0.91
10,A1_2,0.958,0.932,1.0,0.958,0.908,0.92,0.952,0.966,0.933,0.968,0.963,0.947,0.937,0.951,0.949,0.951
10,A1_3,0.974,0.961,0.958,1.0,0.971,0.95,0.981,0.953,0.958,0.947,0.946,0.962,0.957,0.961,0.975,0.961
10,B1_1,0.91,0.911,0.908,0.971,1.0,0.93,0.946,0.916,0.902,0.921,0.903,0.918,0.93,0.908,0.927,0.965
10,B1_2,0.927,0.976,0.92,0.95,0.93,1.0,0.932,0.888,0.92,0.941,0.932,0.936,0.933,0.938,0.969,0.945
10,B1_3,0.982,0.961,0.952,0.981,0.946,0.932,1.0,0.977,0.95,0.929,0.955,0.99,0.967,0.966,0.979,0.928
10,A2_1,0.956,0.912,0.966,0.953,0.916,0.888,0.977,1.0,0.912,0.914,0.949,0.962,0.957,0.951,0.943,0.923
10,A2_2,0.975,0.963,0.933,0.958,0.902,0.92,0.95,0.912,1.0,0.927,0.93,0.951,0.929,0.929,0.966,0.907
10,A2_3,0.933,0.94,0.968,0.947,0.921,0.941,0.929,0.914,0.927,1.0,0.938,0.935,0.911,0.916,0.951,0.947
10,B2_1,0.947,0.93,0.963,0.946,0.903,0.932,0.955,0.949,0.93,0.938,1.0,0.943,0.978,0.95,0.943,0.953
10,B2_2,0.983,0.975,0.947,0.962,0.918,0.936,0.99,0.962,0.951,0.935,0.943,1.0,0.944,0.96,0.987,0.9
10,B2_3,0.936,0.933,0.937,0.957,0.93,0.933,0.967,0.957,0.929,0.911,0.978,0.944,1.0,0.926,0.946,0.953
10,y1,0.976,0.948,0.951,0.961,0.908,0.938,0.966,0.951,0.929,0.916,0.95,0.96,0.926,1.0,0.965,0.919
10,y2,0.984,0.994,0.949,0.975,0.927,0.969,0.979,0.943,0.966,0.951,0.943,0.987,0.946,0.965,1.0,0.921
10,y3,0.908,0.91,0.951,0.961,0.965,0.945,0.928,0.923,0.907,0.947,0.953,0.9,0.953,0.919,0.921,1.0
11,.,1.0,0.971,0.957,0.975,0.911,0.928,0.982,0.955,0.976,0.933,0.947,0.982,0.936,0.976,0.984,0.907
11,A1_1,0.971,1.0,0.933,0.962,0.913,0.976,0.962,0.914,0.964,0.941,0.931,0.976,0.934,0.948,0.994,0.911
11,A1_2,0.957,0.933,1.0,0.959,0.91,0.921,0.952,0.966,0.933,0.969,0.963,0.947,0.937,0.952,0.95,0.952
11,A1_3,0.975,0.962,0.959,1.0,0.971,0.951,0.981,0.954,0.959,0.947,0.947,0.963,0.957,0.962,0.976,0.961
11,B1_1,0.911,0.913,0.91,0.971,1.0,0.932,0.947,0.918,0.903,0.922,0.906,0.919,0.932,0.91,0.929,0.966
11,B1_2,0.928,0.976,0.921,0.951,0.932,1.0,0.933,0.891,0.921,0.942,0.934,0.937,0.934,0.938,0.97,0.945
11,B1_3,0.982,0.962,0.952,0.981,0.947,0.933,1.0,0.978,0.951,0.929,0.956,0.99,0.968,0.966,0.979,0.928
11,A2_1,0.955,0.914,0.966,0.954,0.918,0.891,0.978,1.0,0.913,0.914,0.95,0.963,0.958,0.952,0.944,0.924
11,A2_2,0.976,0.964,0.933,0.959,0.903,0.921,0.951,0.913,1.0,0.927,0.93,0.951,0.93,0.929,0.967,0.907
11,A2_3,0.933,0.941,0.969,0.947,0.922,0.942,0.929,0.914,0.927,1.0,0.938,0.935,0.912,0.917,0.952,0.947
11,B2_1,0.947,0.931,0.963,0.947,0.906,0.934,0.956,0.95,0.93,0.938,1.0,0.944,0.978,0.951,0.944,0.954
11,B2_2,0.982,0.976,0.947,0.963,0.919,0.937,0.99,0.963,0.951,0.935,0.944,1.0,0.945,0.96,0.987,0.901
11,B2_3,0.936,0.934,0.937,0.957,0.932,0.934,0.968,0.958,0.93,0.912,0.978,0.945,1.0,0.927,0.947,0.953
11,y1,0.976,0.948,0.952,0.962,0.91,0.938,0.966,0.952,0.929,0.917,0.951,0.96,0.927,1.0,0.966,0.92
11,y2,0.984,0.994,0.95,0.976,0.929,0.97,0.979,0.944,0.967,0.952,0.944,0.987,0.947,0.966,1.0,0.922
11,y3,0.907,0.911,0.952,0.961,0.966,0.945,0.928,0.924,0.907,0.947,0.954,0.901,0.953,0.92,0.922,1.0
12,.,1.0,0.971,0.956,0.975,0.911,0.928,0.981,0.954,0.976,0.932,0.946,0.982,0.936,0.975,0.984,0.906
12,A1_1,0.971,1.0,0.934,0.963,0.913,0.976,0.962,0.915,0.964,0.942,0.932,0.976,0.934,0.948,0.994,0.911
12,A1_2,0.956,0.934,1.0,0.959,0.911,0.923,0.951,0.966,0.933,0.969,0.963,0.947,0.937,0.953,0.951,0.952
12,A1_3,0.975,0.963,0.959,1.0,0.971,0.952,0.981,0.954,0.96,0.947,0.948,0.963,0.958,0.962,0.976,0.96
12,B1_1,0.911,0.913,0.911,0.971,1.0,0.933,0.948,0.919,0.903,0.923,0.908,0.921,0.934,0.912,0.93,0.966
12,B1_2,0.928,0.976,0.923,0.952,0.933,1.0,0.934,0.893,0.922,0.944,0.935,0.937,0.935,0.939,0.97,0.946
12,B1_3,0.981,0.962,0.951,0.981,0.948,0.934,1.0,0.978,0.95,0.929,0.956,0.99,0.968,0.966,0.98,0.927
12,A2_1,0.954,0.915,0.966,0.954,0.919,0.893,0.978,1.0,0.913,0.915,0.952,0.963,0.958,0.953,0.945,0.924
12,A2_2,0.976,0.964,0.933,0.96,0.903,0.922,0.95,0.913,1.0,0.927,0.931,0.951,0.93,0.929,0.967,0.907
12,A2_3,0.932,0.942,0.969,0.947,0.923,0.944,0.929,0.915,0.927,1.0,0.939,0.935,0.913,0.918,0.953,0.948
12,B2_1,0.946,0.932,0.963,0.948,0.908,0.935,0.956,0.952,0.931,0.939,1.0,0.944,0.979,0.951,0.945,0.954
12,B2_2,0.982,0.976,0.947,0.963,0.921,0.937,0.99,0.963,0.951,0.935,0.944,1.0,0.946,0.96,0.987,0.901
12,B2_3,0.936,0.934,0.937,0.958,0.934,0.935,0.968,0.958,0.93,0.913,0.979,0.946,1.0,0.928,0.948,0.953
12,y1,0.975,0.948,0.953,0.962,0.912,0.939,0.966,0.953,0.929,0.918,0.951,0.96,0.928,1.0,0.966,0.921
12,y2,0.984,0.994,0.951,0.976,0.93,0.97,0.98,0.945,0.967,0.953,0.945,0.987,0.948,0.966,1.0,0.923
12,y3,0.906,0.911,0.952,0.96,0.966,0.946,0.927,0.924,0.907,0.948,0.954,0.901,0.953,0.921,0.923,1.0
13,.,1.0,0.972,0.955,0.975,0.911,0.928,0.981,0.953,0.977,0.931,0.946,0.982,0.935,0.975,0.984,0.905
13,A1_1,0.972,1.0,0.934,0.963,0.914,0.976,0.962,0.916,0.964,0.942,0.932,0.976,0.935,0.947,0.994,0.91
13,A1_2,0.955,0.934,1.0,0.958,0.912,0.923,0.951,0.966,0.933,0.969,0.963,0.946,0.937,0.953,0.951,0.953
13,A1_3,0.975,0.963,0.958,1.0,0.971,0.952,0.981,0.954,0.96,0.947,0.949,0.964,0.958,0.962,0.977,0.96
13,B1_1,0.911,0.914,0.912,0.971,1.0,0.934,0.948,0.921,0.903,0.923,0.91,0.922,0.935,0.913,0.931,0.966
13,B1_2,0.928,0.976,0.923,0.952,0.934,1.0,0.934,0.895,0.922,0.944,0.936,0.938,0.936,0.939,0.971,0.946
13,B1_3,0.981,0.962,0.951,0.981,0.948,0.934,1.0,0.978,0.95,0.929,0.957,0.99,0.969,0.966,0.98,0.927
13,A2_1,0.953,0.916,0.966,0.954,0.921,0.895,0.978,1.0,0.914,0.915,0.952,0.964,0.959,0.953,0.946,0.924
13,A2_2,0.977,0.964,0.933,0.96,0.903,0.922,0.95,0.914,1.0,0.927,0.93,0.951,0.929,0.929,0.966,0.906
13,A2_3,0.931,0.942,0.969,0.947,0.923,0.944,0.929,0.915,0.927,1.0,0.939,0.935,0.913,0.918,0.953,0.948
13,B2_1,0.946,0.932,0.963,0.949,0.91,0.936,0.957,0.952,0.93,0.939,1.0,0.945,0.979,0.951,0.946,0.954
13,B2_2,0.982,0.976,0.946,0.964,0.922,0.938,0.99,0.964,0.951,0.935,0.945,1.0,0.946,0.96,0.987,0.9
13,B2_3,0.935,0.935,0.937,0.958,0.935,0.936,0.969,0.959,0.929,0.913,0.979,0.946,1.0,0.928,0.948,0.952
13,y1,0.975,0.947,0.953,0.962,0.913,0.939,0.966,0.953,0.929,0.918,0.951,0.96,0.928,1.0,0.966,0.921
13,y2,0.984,0.994,0.951,0.977,0.931,0.971,0.98,0.946,0.966,0.953,0.946,0.987,0.948,0.966,1.0,0.923
13,y3,0.905,0.91,0.953,0.96,0.966,0.946,0.927,0.924,0.906,0.948,0.954,0.9,0.952,0.921,0.923,1.0
14,.,1.0,0.972,0.954,0.975,0.91,0.927,0.98,0.952,0.977,0.93,0.945,0.981,0.934,0.974,0.983,0.903
14,A1_1,0.972,1.0,0.934,0.964,0.914,0.976,0.962,0.917,0.964,0.942,0.933,0.976,0.935,0.947,0.994,0.91
14,A1_2,0.954,0.934,1.0,0.958,0.912,0.924,0.95,0.965,0.932,0.969,0.963,0.946,0.936,0.953,0.952,0.953
14,A1_3,0.975,0.964,0.958,1.0,0.971,0.952,0.981,0.954,0.96,0.947,0.949,0.964,0.958,0.962,0.977,0.959
14,B1_1,0.91,0.914,0.912,0.971,1.0,0.935,0.949,0.922,0.902,0.924,0.911,0.922,0.936,0.914,0.932,0.966
14,B1_2,0.927,0.976,0.924,0.952,0.935,1.0,0.935,0.896,0.921,0.945,0.936,0.938,0.937,0.939,0.971,0.946
14,B1_3,0.98,0.962,0.95,0.981,0.949,0.935,1.0,0.978,0.949,0.928,0.957,0.991,0.969,0.965,0.979,0.926
14,A2_1,0.952,0.917,0.965,0.954,0.922,0.896,0.978,1.0,0.913,0.915,0.953,0.964,0.959,0.954,0.947,0.924
14,A2_2,0.977,0.964,0.932,0.96,0.902,0.921,0.949,0.913,1.0,0.926,0.93,0.95,0.929,0.928,0.966,0.905
14,A2_3,0.93,0.942,0.969,0.947,0.924,0.945,0.928,0.915,0.926,1.0,0.939,0.935,0.913,0.918,0.953,0.948
14,B2_1,0.945,0.933,0.963,0.949,0.911,0.936,0.957,0.953,0.93,0.939,1.0,0.945,0.979,0.951,0.946,0.954
14,B2_2,0.981,0.976,0.946,0.964,0.922,0.938,0.991,0.964,0.95,0.935,0.945,1.0,0.947,0.959,0.986,0.9
14,B2_3,0.934,0.935,0.936,0.958,0.936,0.937,0.969,0.959,0.929,0.913,0.979,0.947,1.0,0.928,0.948,0.952
14,y1,0.974,0.947,0.953,0.962,0.914,0.939,0.965,0.954,0.928,0.918,0.951,0.959,0.928,1.0,0.966,0.921
14,y2,0.983,0.994,0.952,0.977,0.932,0.971,0.979,0.947,0.966,0.953,0.946,0.986,0.948,0.966,1.0,0.923
14,y3,0.903,0.91,0.953,0.959,0.966,0.946,0.926,0.924,0.905,0.948,0.954,0.9,0.952,0.921,0.923,1.0
15,.,1.0,0.972,0.952,0.975,0.909,0.927,0.979,0.951,0.977,0.929,0.944,0.98,0.933,0.973,0.983,0.9
15,A1_1,0.972,1.0,0.934,0.964,0.914,0.976,0.962,0.917,0.964,0.942,0.933,0.976,0.935,0.946,0.993,0.909
15,A1_2,0.952,0.934,1.0,0.957,0.912,0.924,0.948,0.965,0.931,0.969,0.963,0.944,0.936,0.953,0.952,0.952
15,A1_3,0.975,0.964,0.957,1.0,0.97,0.952,0.981,0.954,0.96,0.946,0.949,0.964,0.958,0.962,0.977,0.958
15,B1_1,0.909,0.914,0.912,0.97,1.0,0.936,0.949,0.922,0.901,0.924,0.913,0.923,0.937,0.914,0.932,0.966
15,B1_2,0.927,0.976,0.924,0.952,0.936,1.0,0.935,0.897,0.92,0.945,0.937,0.939,0.937,0.939,0.971,0.946
15,B1_3,0.979,0.962,0.948,0.981,0.949,0.935,1.0,0.978,0.949,0.927,0.957,0.991,0.969,0.965,0.979,0.925
15,A2_1,0.951,0.917,0.965,0.954,0.922,0.897,0.978,1.0,0.913,0.914,0.954,0.964,0.96,0.954,0.947,0.924
15,A2_2,0.977,0.964,0.931,0.96,0.901,0.92,0.949,0.913,1.0,0.925,0.929,0.949,0.928,0.927,0.966,0.904
15,A2_3,0.929,0.942,0.969,0.946,0.924,0.945,0.927,0.914,0.925,1.0,0.939,0.934,0.912,0.918,0.954,0.948
15,B2_1,0.944,0.933,0.963,0.949,0.913,0.937,0.957,0.954,0.929,0.939,1.0,0.945,0.979,0.951,0.947,0.954
15,B2_2,0.98,0.976,0.944,0.964,0.923,0.939,0.991,0.964,0.949,0.934,0.945,1.0,0.947,0.958,0.986,0.899
15,B2_3,0.933,0.935,0.936,0.958,0.937,0.937,0.969,0.96,0.928,0.912,0.979,0.947,1.0,0.927,0.948,0.951
15,y1,0.973,0.946,0.953,0.962,0.914,0.939,0.965,0.954,0.927,0.918,0.951,0.958,0.927,1.0,0.966,0.921
15,y2,0.983,0.993,0.952,0.977,0.932,0.971,0.979,0.947,0.966,0.954,0.947,0.986,0.948,0.966,1.0,0.923
15,y3,0.9,0.909,0.952,0.958,0.966,0.946,0.925,0.924,0.904,0.948,0.954,0.899,0.951,0.921,0.923,1.0
16,.,1.0,0.971,0.95,0.974,0.907,0.925,0.978,0.949,0.977,0.927,0.942,0.979,0.931,0.972,0.982,0.898
16,A1_1,0.971,1.0,0.933,0.964,0.914,0.976,0.962,0.917,0.963,0.941,0.932,0.976,0.935,0.946,0.993,0.908
16,A1_2,0.95,0.933,1.0,0.956,0.912,0.924,0.947,0.964,0.93,0.969,0.962,0.943,0.934,0.952,0.952,0.952
16,A1_3,0.974,0.964,0.956,1.0,0.97,0.952,0.981,0.954,0.96,0.946,0.949,0.964,0.957,0.962,0.977,0.956
16,B1_1,0.907,0.914,0.912,0.97,1.0,0.936,0.949,0.923,0.9,0.923,0.913,0.923,0.937,0.914,0.932,0.966
16,B1_2,0.925,0.976,0.924,0.952,0.936,1.0,0.935,0.898,0.919,0.945,0.937,0.939,0.937,0.938,0.971,0.946
16,B1_3,0.978,0.962,0.947,0.981,0.949,0.935,1.0,0.978,0.947,0.926,0.957,0.991,0.969,0.964,0.979,0.923
16,A2_1,0.949,0.917,0.964,0.954,0.923,0.898,0.978,1.0,0.912,0.914,0.954,0.964,0.96,0.955,0.948,0.923
16,A2_2,0.977,0.963,0.93,0.96,0.9,0.919,0.947,0.912,1.0,0.924,0.928,0.948,0.927,0.926,0.965,0.902
16,A2_3,0.927,0.941,0.969,0.946,0.923,0.945,0.926,0.914,0.924,1.0,0.938,0.933,0.911,0.917,0.954,0.947
16,B2_1,0.942,0.932,0.962,0.949,0.913,0.937,0.957,0.954,0.928,0.938,1.0,0.945,0.98,0.951,0.947,0.954
16,B2_2,0.979,0.976,0.943,0.964,0.923,0.939,0.991,0.964,0.948,0.933,0.945,1.0,0.947,0.957,0.986,0.897
16,B2_3,0.931,0.935,0.934,0.957,0.937,0.937,0.969,0.96,0.927,0.911,0.98,0.947,1.0,0.927,0.948,0.95
16,y1,0.972,0.946,0.952,0.962,0.914,0.938,0.964,0.955,0.926,0.917,0.951,0.957,0.927,1.0,0.965,0.92
16,y2,0.982,0.993,0.952,0.977,0.932,0.971,0.979,0.948,0.965,0.954,0.947,0.986,0.948,0.965,1.0,0.923
16,y3,0.898,0.908,0.952,0.956,0.966,0.946,0.923,0.923,0.902,0.947,0.954,0.897,0.95,0.92,0.923,1.0
17,.,1.0,0.971,0.948,0.974,0.905,0.924,0.976,0.948,0.977,0.925,0.94,0.978,0.929,0.97,0.981,0.894
17,A1_1,0.971,1.0,0.932,0.964,0.914,0.975,0.961,0.918,0.963,0.941,0.932,0.975,0.934,0.945,0.993,0.906
17,A1_2,0.948,0.932,1.0,0.956,0.911,0.924,0.945,0.963,0.929,0.969,0.961,0.942,0.933,0.952,0.952,0.952
17,A1_3,0.974,0.964,0.956,1.0,0.969,0.952,0.98,0.954,0.96,0.945,0.949,0.964,0.957,0.962,0.978,0.955
17,B1_1,0.905,0.914,0.911,0.969,1.0,0.937,0.949,0.923,0.898,0.923,0.914,0.923,0.937,0.914,0.933,0.966
17,B1_2,0.924,0.975,0.924,0.952,0.937,1.0,0.935,0.899,0.918,0.945,0.937,0.938,0.937,0.938,0.971,0.946
17,B1_3,0.976,0.961,0.945,0.98,0.949,0.935,1.0,0.978,0.946,0.925,0.957,0.991,0.969,0.963,0.979,0.922
17,A2_1,0.948,0.918,0.963,0.954,0.923,0.899,0.978,1.0,0.912,0.913,0.955,0.964,0.96,0.955,0.948,0.923
17,A2_2,0.977,0.963,0.929,0.96,0.898,0.918,0.946,0.912,1.0,0.923,0.927,0.947,0.925,0.924,0.964,0.9
17,A2_3,0.925,0.941,0.969,0.945,0.923,0.945,0.925,0.913,0.923,1.0,0.938,0.932,0.91,0.917,0.954,0.947
17,B2_1,0.94,0.932,0.961,0.949,0.914,0.937,0.957,0.955,0.927,0.938,1.0,0.945,0.98,0.95,0.947,0.953
17,B2_2,0.978,0.975,0.942,0.964,0.923,0.938,0.991,0.964,0.947,0.932,0.945,1.0,0.947,0.956,0.985,0.895
17,B2_3,0.929,0.934,0.933,0.957,0.937,0.937,0.969,0.96,0.925,0.91,0.98,0.947,1.0,0.926,0.948,0.949
17,y1,0.97,0.945,0.952,0.962,0.914,0.938,0.963,0.955,0.924,0.917,0.95,0.956,0.926,1.0,0.965,0.92
17,y2,0.981,0.993,0.952,0.978,0.933,0.971,0.979,0.948,0.964,0.954,0.947,0.985,0.948,0.965,1.0,0.922
17,y3,0.894,0.906,0.952,0.955,0.966,0.946,0.922,0.923,0.9,0.947,0.953,0.895,0.949,0.92,0.922,1.0
18,.,1.0,0.971,0.946,0.974,0.902,0.922,0.975,0.946,0.976,0.922,0.938,0.977,0.926,0.969,0.98,0.891
18,A1_1,0.971,1.0,0.932,0.964,0.913,0.975,0.961,0.918,0.962,0.94,0.932,0.975,0.934,0.944,0.993,0.905
18,A1_2,0.946,0.932,1.0,0.954,0.91,0.923,0.943,0.962,0.928,0.969,0.96,0.94,0.931,0.951,0.951,0.951
18,A1_3,0.974,0.964,0.954,1.0,0.968,0.952,0.98,0.953,0.96,0.944,0.949,0.964,0.956,0.961,0.978,0.953
18,B1_1,0.902,0.913,0.91,0.968,1.0,0.937,0.948,0.923,0.896,0.922,0.914,0.923,0.938,0.913,0.932,0.965
18,B1_2,0.922,0.975,0.923,0.952,0.937,1.0,0.935,0.899,0.916,0.945,0.937,0.938,0.937,0.937,0.971,0.945
18,B1_3,0.975,0.961,0.943,0.98,0.948,0.935,1.0,0.978,0.945,0.923,0.957,0.991,0.969,0.962,0.978,0.92
18,A2_1,0.946,0.918,0.962,0.953,0.923,0.899,0.978,1.0,0.911,0.912,0.955,0.964,0.96,0.954,0.948,0.922
18,A2_2,0.976,0.962,0.928,0.96,0.896,0.916,0.945,0.911,1.0,0.922,0.925,0.946,0.923,0.923,0.963,0.898
18,A2_3,0.922,0.94,0.969,0.944,0.922,0.945,0.923,0.912,0.922,1.0,0.937,0.931,0.909,0.916,0.954,0.947
18,B2_1,0.938,0.932,0.96,0.949,0.914,0.937,0.957,0.955,0.925,0.937,1.0,0.945,0.98,0.949,0.947,0.952
18,B2_2,0.977,0.975,0.94,0.964,0.923,0.938,0.991,0.964,0.946,0.931,0.945,1.0,0.947,0.955,0.985,0.893
18,B2_3,0.926,0.934,0.931,0.956,0.938,0.937,0.969,0.96,0.923,0.909,0.98,0.947,1.0,0.924,0.948,0.947
18,y1,0.969,0.944,0.951,0.961,0.913,0.937,0.962,0.954,0.923,0.916,0.949,0.955,0.924,1.0,0.964,0.919
18,y2,0.98,0.993,0.951,0.978,0.932,0.971,0.978,0.948,0.963,0.954,0.947,0.985,0.948,0.964,1.0,0.922
18,y3,0.891,0.905,0.951,0.953,0.965,0.945,0.92,0.922,0.898,0.947,0.952,0.893,0.947,0.919,0.922,1.0
19,.,1.0,0.97,0.943,0.973,0.899,0.92,0.973,0.944,0.976,0.92,0.936,0.975,0.924,0.967,0.979,0.887
19,A1_1,0.97,1.0,0.931,0.964,0.912,0.974,0.96,0.918,0.962,0.939,0.931,0.975,0.933,0.943,0.993,0.903
19,A1_2,0.943,0.931,1.0,0.953,0.909,0.922,0.941,0.961,0.926,0.969,0.959,0.938,0.929,0.95,0.951,0.951
19,A1_3,0.973,0.964,0.953,1.0,0.967,0.951,0.98,0.953,0.96,0.943,0.948,0.963,0.956,0.96,0.978,0.952
19,B1_1,0.899,0.912,0.909,0.967,1.0,0.938,0.948,0.923,0.894,0.921,0.915,0.922,0.938,0.913,0.932,0.964
19,B1_2,0.92,0.974,0.922,0.951,0.938,1.0,0.934,0.9,0.915,0.945,0.937,0.938,0.937,0.936,0.971,0.945
19,B1_3,0.973,0.96,0.941,0.98,0.948,0.934,1.0,0.978,0.943,0.922,0.957,0.991,0.969,0.96,0.977,0.917
19,A2_1,0.944,0.918,0.961,0.953,0.923,0.9,0.978,1.0,0.91,0.911,0.955,0.964,0.96,0.954,0.949,0.921
19,A2_2,0.976,0.962,0.926,0.96,0.894,0.915,0.943,0.91,1.0,0.921,0.924,0.944,0.922,0.921,0.962,0.895
19,A2_3,0.92,0.939,0.969,0.943,0.921,0.945,0.922,0.911,0.921,1.0,0.937,0.929,0.907,0.915,0.954,0.946
19,B2_1,0.936,0.931,0.959,0.948,0.915,0.937,0.957,0.955,0.924,0.937,1.0,0.944,0.979,0.948,0.946,0.951
19,B2_2,0.975,0.975,0.938,0.963,0.922,0.938,0.991,0.964,0.944,0.929,0.944,1.0,0.947,0.954,0.984,0.891
19,B2_3,0.924,0.933,0.929,0.956,0.938,0.937,0.969,0.96,0.922,0.907,0.979,0.947,1.0,0.923,0.947,0.946
19,y1,0.967,0.943,0.95,0.96,0.913,0.936,0.96,0.954,0.921,0.915,0.948,0.954,0.923,1.0,0.964,0.918
19,y2,0.979,0.993,0.951,0.978,0.932,0.971,0.977,0.949,0.962,0.954,0.946,0.984,0.947,0.964,1.0,0.921
19,y3,0.887,0.903,0.951,0.952,0.964,0.945,0.917,0.921,0.895,0.946,0.951,0.891,0.946,0.918,0.921,1.0
20,.,1.0,0.969,0.941,0.972,0.896,0.917,0.971,0.941,0.976,0.917,0.933,0.974,0.921,0.965,0.977,0.882
20,A1_1,0.969,1.0,0.93,0.965,0.911,0.974,0.96,0.917,0.961,0.939,0.931,0.974,0.932,0.941,0.992,0.901
20,A1_2,0.941,0.93,1.0,0.952,0.907,0.921,0.939,0.959,0.925,0.969,0.958,0.936,0.927,0.949,0.95,0.95
20,A1_3,0.972,0.965,0.952,1.0,0.966,0.951,0.979,0.952,0.959,0.941,0.948,0.963,0.955,0.96,0.978,0.95
20,B1_1,0.896,0.911,0.907,0.966,1.0,0.938,0.948,0.923,0.891,0.92,0.915,0.922,0.938,0.912,0.932,0.964
20,B1_2,0.917,0.974,0.921,0.951,0.938,1.0,0.934,0.9,0.913,0.944,0.937,0.937,0.937,0.935,0.971,0.944
20,B1_3,0.971,0.96,0.939,0.979,0.948,0.934,1.0,0.977,0.941,0.92,0.957,0.991,0.969,0.959,0.977,0.915
20,A2_1,0.941,0.917,0.959,0.952,0.923,0.9,0.977,1.0,0.908,0.91,0.955,0.964,0.96,0.954,0.949,0.92
20,A2_2,0.976,0.961,0.925,0.959,0.891,0.913,0.941,0.908,1.0,0.919,0.922,0.943,0.919,0.919,0.961,0.892
20,A2_3,0.917,0.939,0.969,0.941,0.92,0.944,0.92,0.91,0.919,1.0,0.936,0.928,0.906,0.914,0.954,0.946
20,B2_1,0.933,0.931,0.958,0.948,0.915,0.937,0.957,0.955,0.922,0.936,1.0,0.944,0.979,0.947,0.946,0.951
20,B2_2,0.974,0.974,0.936,0.963,0.922,0.937,0.991,0.964,0.943,0.928,0.944,1.0,0.946,0.952,0.984,0.889
20,B2_3,0.921,0.932,0.927,0.955,0.938,0.937,0.969,0.96,0.919,0.906,0.979,0.946,1.0,0.921,0.946,0.944
20,y1,0.965,0.941,0.949,0.96,0.912,0.935,0.959,0.954,0.919,0.914,0.947,0.952,0.921,1.0,0.963,0.917
20,y2,0.977,0.992,0.95,0.978,0.932,0.971,0.977,0.949,0.961,0.954,0.946,0.984,0.946,0.963,1.0,0.92
20,y3,0.882,0.901,0.95,0.95,0.964,0.944,0.915,0.92,0.892,0.946,0.951,0.889,0.944,0.917,0.92,1.0
21,.,1.0,0.968,0.938,0.972,0.892,0.914,0.969,0.939,0.975,0.914,0.93,0.972,0.917,0.963,0.976,0.877
21,A1_1,0.968,1.0,0.928,0.964,0.91,0.973,0.959,0.917,0.96,0.938,0.93,0.974,0.931,0.94,0.992,0.899
21,A1_2,0.938,0.928,1.0,0.951,0.905,0.92,0.936,0.958,0.923,0.968,0.957,0.933,0.924,0.948,0.95,0.949
21,A1_3,0.972,0.964,0.951,1.0,0.964,0.95,0.979,0.952,0.959,0.94,0.947,0.963,0.954,0.959,0.977,0.947
21,B1_1,0.892,0.91,0.905,0.964,1.0,0.938,0.947,0.923,0.888,0.919,0.915,0.921,0.938,0.911,0.931,0.963
21,B1_2,0.914,0.973,0.92,0.95,0.938,1.0,0.933,0.9,0.91,0.944,0.937,0.937,0.937,0.934,0.971,0.943
21,B1_3,0.969,0.959,0.936,0.979,0.947,0.933,1.0,0.977,0.939,0.918,0.956,0.991,0.969,0.957,0.976,0.912
21,A2_1,0.939,0.917,0.958,0.952,0.923,0.9,0.977,1.0,0.907,0.909,0.955,0.964,0.96,0.954,0.949,0.918
21,A2_2,0.975,0.96,0.923,0.959,0.888,0.91,0.939,0.907,1.0,0.918,0.919,0.941,0.917,0.916,0.96,0.889
21,A2_3,0.914,0.938,0.968,0.94,0.919,0.944,0.918,0.909,0.918,1.0,0.935,0.926,0.904,0.913,0.953,0.945
21,B2_1,0.93,0.93,0.957,0.947,0.915,0.937,0.956,0.955,0.919,0.935,1.0,0.943,0.979,0.946,0.946,0.949
21,B2_2,0.972,0.974,0.933,0.963,0.921,0.937,0.991,0.964,0.941,0.926,0.943,1.0,0.946,0.951,0.983,0.886
21,B2_3,0.917,0.931,0.924,0.954,0.938,0.937,0.969,0.96,0.917,0.904,0.979,0.946,1.0,0.919,0.945,0.942
21,y1,0.963,0.94,0.948,0.959,0.911,0.934,0.957,0.954,0.916,0.913,0.946,0.951,0.919,1.0,0.963,0.916
21,y2,0.976,0.992,0.95,0.977,0.931,0.971,0.976,0.949,0.96,0.953,0.946,0.983,0.945,0.963,1.0,0.919
21,y3,0.877,0.899,0.949,0.947,0.963,0.943,0.912,0.918,0.889,0.945,0.949,0.886,0.942,0.916,0.919,1.0
22,.,1.0,0.967,0.934,0.971,0.887,0.911,0.966,0.936,0.975,0.911,0.927,0.97,0.913,0.961,0.974,0.872
22,A1_1,0.967,1.0,0.927,0.964,0.908,0.972,0.958,0.917,0.959,0.937,0.929,0.973,0.93,0.939,0.992,0.897
22,A1_2,0.934,0.927,1.0,0.949,0.903,0.918,0.933,0.956,0.921,0.968,0.955,0.931,0.922,0.947,0.949,0.948
22,A1_3,0.971,0.964,0.949,1.0,0.963,0.949,0.978,0.951,0.958,0.939,0.946,0.962,0.952,0.958,0.977,0.945
22,B1_1,0.887,0.908,0.903,0.963,1.0,0.938,0.946,0.922,0.885,0.918,0.915,0.921,0.938,0.91,0.93,0.962
22,B1_2,0.911,0.972,0.918,0.949,0.938,1.0,0.933,0.9,0.908,0.943,0.937,0.936,0.936,0.933,0.97,0.942
22,B1_3,0.966,0.958,0.933,0.978,0.946,0.933,1.0,0.977,0.937,0.916,0.956,0.991,0.968,0.956,0.975,0.91
22,A2_1,0.936,0.917,0.956,0.951,0.922,0.9,0.977,1.0,0.905,0.907,0.956,0.963,0.959,0.953,0.948,0.917
22,A2_2,0.975,0.959,0.921,0.958,0.885,0.908,0.937,0.905,1.0,0.916,0.917,0.939,0.914,0.914,0.958,0.886
22,A2_3,0.911,0.937,0.968,0.939,0.918,0.943,0.916,0.907,0.916,1.0,0.934,0.924,0.901,0.912,0.953,0.944
22,B2_1,0.927,0.929,0.955,0.946,0.915,0.937,0.956,0.956,0.917,0.934,1.0,0.943,0.979,0.945,0.945,0.948
22,B2_2,0.97,0.973,0.931,0.962,0.921,0.936,0.991,0.963,0.939,0.924,0.943,1.0,0.946,0.949,0.982,0.883
22,B2_3,0.913,0.93,0.922,0.952,0.938,0.936,0.968,0.959,0.914,0.901,0.979,0.946,1.0,0.917,0.944,0.94
22,y1,0.961,0.939,0.947,0.958,0.91,0.933,0.956,0.953,0.914,0.912,0.945,0.949,0.917,1.0,0.962,0.915
22,y2,0.974,0.992,0.949,0.977,0.93,0.97,0.975,0.948,0.958,0.953,0.945,0.982,0.944,0.962,1.0,0.918
22,y3,0.872,0.897,0.948,0.945,0.962,0.942,0.91,0.917,0.886,0.944,0.948,0.883,0.94,0.915,0.918,1.0
23,.,1.0,0.966,0.931,0.97,0.882,0.906,0.963,0.933,0.974,0.907,0.923,0.967,0.908,0.958,0.972,0.866
23,A1_1,0.966,1.0,0.925,0.964,0.907,0.972,0.958,0.916,0.958,0.935,0.928,0.973,0.929,0.937,0.991,0.894
23,A1_2,0.931,0.925,1.0,0.947,0.901,0.917,0.93,0.955,0.919,0.968,0.953,0.928,0.918,0.946,0.948,0.947
23,A1_3,0.97,0.964,0.947,1.0,0.961,0.948,0.977,0.951,0.958,0.937,0.945,0.962,0.951,0.957,0.977,0.943
23,B1_1,0.882,0.907,0.901,0.961,1.0,0.938,0.946,0.922,0.881,0.916,0.915,0.92,0.937,0.908,0.929,0.961
23,B1_2,0.906,0.972,0.917,0.948,0.938,1.0,0.932,0.9,0.905,0.942,0.936,0.935,0.936,0.931,0.97,0.941
23,B1_3,0.963,0.958,0.93,0.977,0.946,0.932,1.0,0.977,0.934,0.913,0.955,0.991,0.968,0.953,0.974,0.907
23,A2_1,0.933,0.916,0.955,0.951,0.922,0.9,0.977,1.0,0.903,0.906,0.955,0.963,0.959,0.952,0.948,0.915
23,A2_2,0.974,0.958,0.919,0.958,0.881,0.905,0.934,0.903,1.0,0.914,0.914,0.936,0.911,0.911,0.957,0.882
23,A2_3,0.907,0.935,0.968,0.937,0.916,0.942,0.913,0.906,0.914,1.0,0.932,0.922,0.899,0.911,0.953,0.943
23,B2_1,0.923,0.928,0.953,0.945,0.915,0.936,0.955,0.955,0.914,0.932,1.0,0.942,0.979,0.943,0.944,0.947
23,B2_2,0.967,0.973,0.928,0.962,0.92,0.935,0.991,0.963,0.936,0.922,0.942,1.0,0.945,0.947,0.981,0.88
23,B2_3,0.908,0.929,0.918,0.951,0.937,0.936,0.968,0.959,0.911,0.899,0.979,0.945,1.0,0.915,0.943,0.938
23,y1,0.958,0.937,0.946,0.957,0.908,0.931,0.953,0.952,0.911,0.911,0.943,0.947,0.915,1.0,0.961,0.913
23,y2,0.972,0.991,0.948,0.977,0.929,0.97,0.974,0.948,0.957,0.953,0.944,0.981,0.943,0.961,1.0,0.917
23,y3,0.866,0.894,0.947,0.943,0.961,0.941,0.907,0.915,0.882,0.943,0.947,0.88,0.938,0.913,0.917,1.0
24,.,1.0,0.964,0.927,0.969,0.876,0.901,0.96,0.929,0.974,0.903,0.918,0.964,0.903,0.955,0.969,0.859
24,A1_1,0.964,1.0,0.924,0.964,0.905,0.971,0.957,0.916,0.957,0.934,0.927,0.972,0.928,0.935,0.991,0.891
24,A1_2,0.927,0.924,1.0,0.945,0.898,0.915,0.927,0.953,0.917,0.967,0.951,0.924,0.915,0.944,0.947,0.946
24,A1_3,0.969,0.964,0.945,1.0,0.959,0.946,0.976,0.95,0.957,0.935,0.943,0.961,0.949,0.956,0.976,0.94
24,B1_1,0.876,0.905,0.898,0.959,1.0,0.938,0.945,0.921,0.876,0.914,0.915,0.919,0.937,0.906,0.928,0.96
24,B1_2,0.901,0.971,0.915,0.946,0.938,1.0,0.931,0.899,0.901,0.941,0.936,0.934,0.935,0.93,0.969,0.94
24,B1_3,0.96,0.957,0.927,0.976,0.945,0.931,1.0,0.976,0.931,0.91,0.955,0.991,0.968,0.951,0.972,0.903
24,A2_1,0.929,0.916,0.953,0.95,0.921,0.899,0.976,1.0,0.901,0.904,0.955,0.963,0.959,0.951,0.948,0.913
24,A2_2,0.974,0.957,0.917,0.957,0.876,0.901,0.931,0.901,1.0,0.911,0.911,0.933,0.907,0.908,0.955,0.878
24,A2_3,0.903,0.934,0.967,0.935,0.914,0.941,0.91,0.904,0.911,1.0,0.931,0.919,0.896,0.909,0.953,0.942
24,B2_1,0.918,0.927,0.951,0.943,0.915,0.936,0.955,0.955,0.911,0.931,1.0,0.941,0.979,0.941,0.943,0.945
24,B2_2,0.964,0.972,0.924,0.961,0.919,0.934,0.991,0.963,0.933,0.919,0.941,1.0,0.945,0.944,0.98,0.876
24,B2_3,0.903,0.928,0.915,0.949,0.937,0.935,0.968,0.959,0.907,0.896,0.979,0.945,1.0,0.912,0.941,0.935
24,y1,0.955,0.935,0.944,0.956,0.906,0.93,0.951,0.951,0.908,0.909,0.941,0.944,0.912,1.0,0.96,0.911
24,y2,0.969,0.991,0.947,0.976,0.928,0.969,0.972,0.948,0.955,0.953,0.943,0.98,0.941,0.96,1.0,0.915
24,y3,0.859,0.891,0.946,0.94,0.96,0.94,0.903,0.913,0.878,0.942,0.945,0.876,0.935,0.911,0.915,1.0
25,.,1.0,0.963,0.922,0.967,0.869,0.896,0.956,0.925,0.973,0.898,0.913,0.961,0.897,0.951,0.966,0.851
25,A1_1,0.963,1.0,0.922,0.964,0.903,0.97,0.956,0.915,0.956,0.933,0.926,0.971,0.926,0.933,0.99,0.888
25,A1_2,0.922,0.922,1.0,0.943,0.895,0.912,0.923,0.951,0.914,0.967,0.949,0.921,0.911,0.942,0.947,0.944
25,A1_3,0.967,0.964,0.943,1.0,0.957,0.945,0.975,0.949,0.956,0.933,0.942,0.96,0.948,0.955,0.976,0.937
25,B1_1,0.869,0.903,0.895,0.957,1.0,0.938,0.944,0.92,0.872,0.912,0.914,0.918,0.937,0.904,0.927,0.958
25,B1_2,0.896,0.97,0.912,0.945,0.938,1.0,0.93,0.899,0.897,0.94,0.935,0.933,0.935,0.928,0.969,0.939
25,B1_3,0.956,0.956,0.923,0.975,0.944,0.93,1.0,0.976,0.928,0.908,0.954,0.991,0.967,0.948,0.971,0.899
25,A2_1,0.925,0.915,0.951,0.949,0.92,0.899,0.976,1.0,0.899,0.902,0.955,0.962,0.958,0.95,0.947,0.91
25,A2_2,0.973,0.956,0.914,0.956,0.872,0.897,0.928,0.899,1.0,0.909,0.907,0.931,0.903,0.905,0.953,0.873
25,A2_3,0.898,0.933,0.967,0.933,0.912,0.94,0.908,0.902,0.909,1.0,0.929,0.917,0.893,0.908,0.952,0.941
25,B2_1,0.913,0.926,0.949,0.942,0.914,0.935,0.954,0.955,0.907,0.929,1.0,0.941,0.979,0.938,0.942,0.943
25,B2_2,0.961,0.971,0.921,0.96,0.918,0.933,0.991,0.962,0.931,0.917,0.941,1.0,0.944,0.942,0.979,0.872
25,B2_3,0.897,0.926,0.911,0.948,0.937,0.935,0.967,0.958,0.903,0.893,0.979,0.944,1.0,0.909,0.94,0.932
25,y1,0.951,0.933,0.942,0.955,0.904,0.928,0.948,0.95,0.905,0.908,0.938,0.942,0.909,1.0,0.959,0.909
25,y2,0.966,0.99,0.947,0.976,0.927,0.969,0.971,0.947,0.953,0.952,0.942,0.979,0.94,0.959,1.0,0.914
25,y3,0.851,0.888,0.944,0.937,0.958,0.939,0.899,0.91,0.873,0.941,0.943,0.872,0.932,0.909,0.914,1.0
