,,.,A1_1,A1_2,A1_3,B1_1,B1_2,B1_3,A2_1,A2_2,A2_3,B2_1,B2_2,B2_3,y1,y2,y3
0,.,1.0,0.371,-0.087,-0.332,-0.486,-0.127,-0.206,-0.253,0.084,-0.396,0.17,0.22,-0.209,0.044,0.262,0.211
0,A1_1,0.371,1.0,-0.165,-0.493,0.167,0.34,-0.007,-0.198,-0.101,0.166,0.435,0.66,-0.085,-0.104,-0.21,-0.052
0,A1_2,-0.087,-0.165,1.0,-0.114,0.46,-0.196,-0.313,-0.25,0.033,-0.201,0.366,-0.059,0.133,-0.365,-0.266,0.295
0,A1_3,-0.332,-0.493,-0.114,1.0,-0.281,-0.274,0.358,-0.218,0.331,-0.162,-0.566,-0.605,-0.086,-0.046,0.268,0.059
0,B1_1,-0.486,0.167,0.46,-0.281,1.0,0.028,-0.201,0.281,0.064,0.383,0.452,0.437,0.117,-0.205,-0.125,0.007
0,B1_2,-0.127,0.34,-0.196,-0.274,0.028,1.0,-0.098,0.201,0.077,-0.283,0.198,0.26,0.056,-0.004,-0.238,-0.265
0,B1_3,-0.206,-0.007,-0.313,0.358,-0.201,-0.098,1.0,-0.55,-0.281,0.157,-0.466,-0.01,0.542,0.528,-0.16,-0.272
0,A2_1,-0.253,-0.198,-0.25,-0.218,0.281,0.201,-0.55,1.0,0.076,0.287,0.328,-0.087,-0.304,0.049,0.339,-0.201
0,A2_2,0.084,-0.101,0.033,0.331,0.064,0.077,-0.281,0.076,1.0,-0.251,0.059,0.079,-0.226,-0.1,0.471,0.607
0,A2_3,-0.396,0.166,-0.201,-0.162,0.383,-0.283,0.157,0.287,-0.251,1.0,0.191,0.174,0.186,0.349,-0.2,-0.197
0,B2_1,0.17,0.435,0.366,-0.566,0.452,0.198,-0.466,0.328,0.059,0.191,1.0,0.206,-0.091,-0.003,0.116,0.224
0,B2_2,0.22,0.66,-0.059,-0.605,0.437,0.26,-0.01,-0.087,0.079,0.174,0.206,1.0,0.321,0.108,-0.168,-0.05
0,B2_3,-0.209,-0.085,0.133,-0.086,0.117,0.056,0.542,-0.304,-0.226,0.186,-0.091,0.321,1.0,0.677,-0.245,-0.274
0,y1,0.044,-0.104,-0.365,-0.046,-0.205,-0.004,0.528,0.049,-0.1,0.349,-0.003,0.108,0.677,1.0,0.108,-0.315
0,y2,0.262,-0.21,-0.266,0.268,-0.125,-0.238,-0.16,0.339,0.471,-0.2,0.116,-0.168,-0.245,0.108,1.0,0.405
0,y3,0.211,-0.052,0.295,0.059,0.007,-0.265,-0.272,-0.201,0.607,-0.197,0.224,-0.05,-0.274,-0.315,0.405,1.0
500,.,1.0,0.2,-0.152,-0.553,-0.562,0.03,-0.26,-0.123,-0.199,-0.194,-0.217,0.174,-0.04,0.104,-0.124,-0.132
500,A1_1,0.2,1.0,0.08,-0.179,0.052,0.347,-0.043,-0.007,0.183,0.413,0.407,0.555,-0.135,-0.382,0.011,-0.019
500,A1_2,-0.152,0.08,1.0,0.025,0.284,0.048,-0.31,-0.147,0.358,-0.159,0.486,-0.015,0.095,-0.039,-0.271,0.201
500,A1_3,-0.553,-0.179,0.025,1.0,-0.313,-0.058,0.276,-0.133,0.539,-0.02,-0.311,-0.526,-0.163,0.145,0.117,0.188
500,B1_1,-0.562,0.052,0.284,-0.313,1.0,0.137,-0.054,0.275,-0.063,0.267,0.504,0.495,0.212,-0.407,-0.056,0.002
500,B1_2,0.03,0.347,0.048,-0.058,0.137,1.0,-0.018,0.266,0.076,-0.044,0.21,0.281,0.139,-0.61,-0.314,-0.511
500,B1_3,-0.26,-0.043,-0.31,0.276,-0.054,-0.018,1.0,-0.551,-0.315,0.132,-0.391,0.033,0.57,0.265,-0.116,-0.176
500,A2_1,-0.123,-0.007,-0.147,-0.133,0.275,0.266,-0.551,1.0,0.234,0.38,0.472,-0.007,-0.296,-0.136,0.374,0.035
500,A2_2,-0.199,0.183,0.358,0.539,-0.063,0.076,-0.315,0.234,1.0,0.127,0.094,-0.003,-0.283,-0.009,0.352,0.599
500,A2_3,-0.194,0.413,-0.159,-0.02,0.267,-0.044,0.132,0.38,0.127,1.0,0.319,0.255,0.118,-0.023,0.072,0.049
500,B2_1,-0.217,0.407,0.486,-0.311,0.504,0.21,-0.391,0.472,0.094,0.319,1.0,0.136,-0.066,-0.107,0.205,0.167
500,B2_2,0.174,0.555,-0.015,-0.526,0.495,0.281,0.033,-0.007,-0.003,0.255,0.136,1.0,0.356,-0.405,-0.041,-0.101
500,B2_3,-0.04,-0.135,0.095,-0.163,0.212,0.139,0.57,-0.296,-0.283,0.118,-0.066,0.356,1.0,0.242,-0.258,-0.312
500,y1,0.104,-0.382,-0.039,0.145,-0.407,-0.61,0.265,-0.136,-0.009,-0.023,-0.107,-0.405,0.242,1.0,0.496,0.436
500,y2,-0.124,0.011,-0.271,0.117,-0.056,-0.314,-0.116,0.374,0.352,0.072,0.205,-0.041,-0.258,0.496,1.0,0.704
500,y3,-0.132,-0.019,0.201,0.188,0.002,-0.511,-0.176,0.035,0.599,0.049,0.167,-0.101,-0.312,0.436,0.704,1.0
1000,.,1.0,0.212,-0.165,-0.517,-0.569,0.034,-0.256,-0.126,-0.209,-0.142,-0.253,0.17,-0.049,0.07,-0.135,-0.196
1000,A1_1,0.212,1.0,0.144,-0.113,0.029,0.344,-0.063,0.071,0.203,0.457,0.41,0.526,-0.153,-0.399,-0.018,-0.25
1000,A1_2,-0.165,0.144,1.0,0.131,0.222,0.063,-0.319,-0.067,0.459,-0.09,0.47,0.001,0.076,0.03,-0.285,0.019
1000,A1_3,-0.517,-0.113,0.131,1.0,-0.326,-0.041,0.249,-0.087,0.591,0.07,-0.28,-0.503,-0.155,0.026,-0.101,0.081
1000,B1_1,-0.569,0.029,0.222,-0.326,1.0,0.152,-0.029,0.256,-0.085,0.202,0.511,0.504,0.224,-0.309,0.067,-0.0
1000,B1_2,0.034,0.344,0.063,-0.041,0.152,1.0,0.003,0.309,0.089,-0.009,0.213,0.293,0.159,-0.622,-0.369,-0.551
1000,B1_3,-0.256,-0.063,-0.319,0.249,-0.029,0.003,1.0,-0.543,-0.297,0.121,-0.383,0.04,0.578,0.158,-0.064,-0.078
1000,A2_1,-0.126,0.071,-0.067,-0.087,0.256,0.309,-0.543,1.0,0.308,0.393,0.484,0.016,-0.286,-0.079,0.359,0.17
1000,A2_2,-0.209,0.203,0.459,0.591,-0.085,0.089,-0.297,0.308,1.0,0.188,0.088,-0.012,-0.276,-0.022,0.149,0.306
1000,A2_3,-0.142,0.457,-0.09,0.07,0.202,-0.009,0.121,0.393,0.188,1.0,0.291,0.262,0.12,-0.078,0.169,0.076
1000,B2_1,-0.253,0.41,0.47,-0.28,0.511,0.213,-0.383,0.484,0.088,0.291,1.0,0.133,-0.071,-0.036,0.303,0.22
1000,B2_2,0.17,0.526,0.001,-0.503,0.504,0.293,0.04,0.016,-0.012,0.262,0.133,1.0,0.359,-0.443,-0.068,-0.29
1000,B2_3,-0.049,-0.153,0.076,-0.155,0.224,0.159,0.578,-0.286,-0.276,0.12,-0.071,0.359,1.0,0.112,-0.247,-0.194
1000,y1,0.07,-0.399,0.03,0.026,-0.309,-0.622,0.158,-0.079,-0.022,-0.078,-0.036,-0.443,0.112,1.0,0.531,0.684
1000,y2,-0.135,-0.018,-0.285,-0.101,0.067,-0.369,-0.064,0.359,0.149,0.169,0.303,-0.068,-0.247,0.531,1.0,0.871
1000,y3,-0.196,-0.25,0.019,0.081,-0.0,-0.551,-0.078,0.17,0.306,0.076,0.22,-0.29,-0.194,0.684,0.871,1.0
1500,.,1.0,0.262,-0.135,-0.545,-0.491,0.05,-0.317,-0.098,-0.23,-0.121,-0.208,0.207,-0.076,0.053,-0.156,-0.273
1500,A1_1,0.262,1.0,0.203,-0.076,0.002,0.342,-0.082,0.164,0.231,0.507,0.391,0.506,-0.165,-0.33,-0.13,-0.328
1500,A1_2,-0.135,0.203,1.0,0.244,0.16,0.11,-0.318,0.034,0.546,-0.02,0.428,-0.01,0.042,-0.035,-0.331,-0.151
1500,A1_3,-0.545,-0.076,0.244,1.0,-0.339,-0.03,0.219,0.007,0.632,0.152,-0.278,-0.484,-0.15,-0.014,-0.154,0.051
1500,B1_1,-0.491,0.002,0.16,-0.339,1.0,0.195,-0.014,0.232,-0.105,0.142,0.518,0.513,0.238,-0.345,0.035,-0.02
1500,B1_2,0.05,0.342,0.11,-0.03,0.195,1.0,0.039,0.345,0.062,0.054,0.232,0.294,0.197,-0.526,-0.424,-0.49
1500,B1_3,-0.317,-0.082,-0.318,0.219,-0.014,0.039,1.0,-0.513,-0.305,0.124,-0.369,0.052,0.585,0.151,-0.016,0.035
1500,A2_1,-0.098,0.164,0.034,0.007,0.232,0.345,-0.513,1.0,0.405,0.427,0.483,0.046,-0.26,-0.016,0.209,0.202
1500,A2_2,-0.23,0.231,0.546,0.632,-0.105,0.062,-0.305,0.405,1.0,0.27,0.078,-0.026,-0.28,-0.05,0.069,0.209
1500,A2_3,-0.121,0.507,-0.02,0.152,0.142,0.054,0.124,0.427,0.27,1.0,0.272,0.277,0.13,-0.026,0.052,0.052
1500,B2_1,-0.208,0.391,0.428,-0.278,0.518,0.232,-0.369,0.483,0.078,0.272,1.0,0.135,-0.058,0.016,0.23,0.157
1500,B2_2,0.207,0.506,-0.01,-0.484,0.513,0.294,0.052,0.046,-0.026,0.277,0.135,1.0,0.364,-0.476,-0.062,-0.284
1500,B2_3,-0.076,-0.165,0.042,-0.15,0.238,0.197,0.585,-0.26,-0.28,0.13,-0.058,0.364,1.0,0.084,-0.143,-0.088
1500,y1,0.053,-0.33,-0.035,-0.014,-0.345,-0.526,0.151,-0.016,-0.05,-0.026,0.016,-0.476,0.084,1.0,0.554,0.729
1500,y2,-0.156,-0.13,-0.331,-0.154,0.035,-0.424,-0.016,0.209,0.069,0.052,0.23,-0.062,-0.143,0.554,1.0,0.92
1500,y3,-0.273,-0.328,-0.151,0.051,-0.02,-0.49,0.035,0.202,0.209,0.052,0.157,-0.284,-0.088,0.729,0.92,1.0
2000,.,1.0,0.266,-0.074,-0.483,-0.45,0.027,-0.317,-0.205,-0.198,-0.197,-0.294,0.262,-0.095,-0.142,-0.304,-0.35
2000,A1_1,0.266,1.0,0.246,-0.034,-0.005,0.319,-0.094,0.212,0.268,0.557,0.387,0.49,-0.166,-0.421,-0.131,-0.244
2000,A1_2,-0.074,0.246,1.0,0.284,0.147,0.095,-0.34,0.101,0.578,0.039,0.425,-0.022,0.004,-0.115,-0.373,-0.158
2000,A1_3,-0.483,-0.034,0.284,1.0,-0.346,-0.04,0.196,0.048,0.665,0.2,-0.275,-0.463,-0.156,-0.067,-0.181,-0.089
2000,B1_1,-0.45,-0.005,0.147,-0.346,1.0,0.239,-0.009,0.229,-0.108,0.118,0.523,0.523,0.247,-0.279,0.054,0.029
2000,B1_2,0.027,0.319,0.095,-0.04,0.239,1.0,0.077,0.339,0.015,0.103,0.249,0.301,0.238,-0.501,-0.288,-0.412
2000,B1_3,-0.317,-0.094,-0.34,0.196,-0.009,0.077,1.0,-0.503,-0.316,0.109,-0.362,0.058,0.588,0.194,0.013,-0.028
2000,A2_1,-0.205,0.212,0.101,0.048,0.229,0.339,-0.503,1.0,0.448,0.467,0.502,0.066,-0.235,-0.086,0.277,0.276
2000,A2_2,-0.198,0.268,0.578,0.665,-0.108,0.015,-0.316,0.448,1.0,0.333,0.082,-0.024,-0.275,-0.146,0.001,0.107
2000,A2_3,-0.197,0.557,0.039,0.2,0.118,0.103,0.109,0.467,0.333,1.0,0.288,0.268,0.12,-0.149,0.04,0.047
2000,B2_1,-0.294,0.387,0.425,-0.275,0.523,0.249,-0.362,0.502,0.082,0.288,1.0,0.136,-0.05,0.006,0.285,0.299
2000,B2_2,0.262,0.49,-0.022,-0.463,0.523,0.301,0.058,0.066,-0.024,0.268,0.136,1.0,0.367,-0.52,-0.11,-0.263
2000,B2_3,-0.095,-0.166,0.004,-0.156,0.247,0.238,0.588,-0.235,-0.275,0.12,-0.05,0.367,1.0,0.047,-0.17,-0.139
2000,y1,-0.142,-0.421,-0.115,-0.067,-0.279,-0.501,0.194,-0.086,-0.146,-0.149,0.006,-0.52,0.047,1.0,0.619,0.787
2000,y2,-0.304,-0.131,-0.373,-0.181,0.054,-0.288,0.013,0.277,0.001,0.04,0.285,-0.11,-0.17,0.619,1.0,0.939
2000,y3,-0.35,-0.244,-0.158,-0.089,0.029,-0.412,-0.028,0.276,0.107,0.047,0.299,-0.263,-0.139,0.787,0.939,1.0
2500,.,1.0,0.272,-0.004,-0.34,-0.424,0.026,-0.292,-0.283,-0.136,-0.197,-0.385,0.25,-0.124,-0.315,-0.471,-0.537
2500,A1_1,0.272,1.0,0.304,0.011,-0.017,0.288,-0.103,0.241,0.317,0.62,0.368,0.479,-0.154,-0.352,-0.174,-0.3
2500,A1_2,-0.004,0.304,1.0,0.328,0.124,0.066,-0.359,0.147,0.611,0.116,0.415,-0.018,-0.033,-0.135,-0.365,-0.222
2500,A1_3,-0.34,0.011,0.328,1.0,-0.37,-0.044,0.156,0.111,0.692,0.244,-0.276,-0.457,-0.168,-0.175,-0.204,-0.186
2500,B1_1,-0.424,-0.017,0.124,-0.37,1.0,0.261,0.001,0.192,-0.13,0.072,0.526,0.55,0.26,-0.178,0.018,0.067
2500,B1_2,0.026,0.288,0.066,-0.044,0.261,1.0,0.09,0.337,-0.012,0.113,0.254,0.283,0.234,-0.451,-0.249,-0.358
2500,B1_3,-0.292,-0.103,-0.359,0.156,0.001,0.09,1.0,-0.489,-0.335,0.077,-0.357,0.065,0.6,0.14,0.025,0.005
2500,A2_1,-0.283,0.241,0.147,0.111,0.192,0.337,-0.489,1.0,0.49,0.504,0.476,0.056,-0.232,0.015,0.271,0.257
2500,A2_2,-0.136,0.317,0.611,0.692,-0.13,-0.012,-0.335,0.49,1.0,0.4,0.073,-0.026,-0.282,-0.157,-0.037,-0.046
2500,A2_3,-0.197,0.62,0.116,0.244,0.072,0.113,0.077,0.504,0.4,1.0,0.285,0.244,0.09,-0.099,0.016,0.026
2500,B2_1,-0.385,0.368,0.415,-0.276,0.526,0.254,-0.357,0.476,0.073,0.285,1.0,0.143,-0.039,0.117,0.287,0.327
2500,B2_2,0.25,0.479,-0.018,-0.457,0.55,0.283,0.065,0.056,-0.026,0.244,0.143,1.0,0.358,-0.406,-0.134,-0.277
2500,B2_3,-0.124,-0.154,-0.033,-0.168,0.26,0.234,0.6,-0.232,-0.282,0.09,-0.039,0.358,1.0,0.06,-0.106,-0.07
2500,y1,-0.315,-0.352,-0.135,-0.175,-0.178,-0.451,0.14,0.015,-0.157,-0.099,0.117,-0.406,0.06,1.0,0.743,0.878
2500,y2,-0.471,-0.174,-0.365,-0.204,0.018,-0.249,0.025,0.271,-0.037,0.016,0.287,-0.134,-0.106,0.743,1.0,0.939
2500,y3,-0.537,-0.3,-0.222,-0.186,0.067,-0.358,0.005,0.257,-0.046,0.026,0.327,-0.277,-0.07,0.878,0.939,1.0
3000,.,1.0,0.261,0.017,-0.331,-0.365,-0.031,-0.28,-0.316,-0.149,-0.178,-0.407,0.263,-0.119,-0.401,-0.518,-0.486
3000,A1_1,0.261,1.0,0.328,0.034,-0.034,0.284,-0.109,0.266,0.323,0.66,0.35,0.45,-0.158,-0.245,-0.203,-0.297
3000,A1_2,0.017,0.328,1.0,0.371,0.1,0.05,-0.381,0.198,0.644,0.181,0.409,-0.049,-0.073,-0.184,-0.342,-0.211
3000,A1_3,-0.331,0.034,0.371,1.0,-0.362,-0.011,0.135,0.136,0.705,0.265,-0.267,-0.451,-0.169,-0.14,-0.277,-0.218
3000,B1_1,-0.365,-0.034,0.1,-0.362,1.0,0.29,0.007,0.175,-0.127,0.033,0.533,0.574,0.285,-0.215,0.057,-0.053
3000,B1_2,-0.031,0.284,0.05,-0.011,0.29,1.0,0.106,0.334,-0.014,0.136,0.273,0.283,0.241,-0.391,-0.274,-0.297
3000,B1_3,-0.28,-0.109,-0.381,0.135,0.007,0.106,1.0,-0.49,-0.34,0.045,-0.348,0.079,0.61,0.194,0.006,-0.022
3000,A2_1,-0.316,0.266,0.198,0.136,0.175,0.334,-0.49,1.0,0.519,0.541,0.477,0.033,-0.242,0.094,0.256,0.211
3000,A2_2,-0.149,0.323,0.644,0.705,-0.127,-0.014,-0.34,0.519,1.0,0.45,0.064,-0.044,-0.27,-0.121,-0.085,-0.072
3000,A2_3,-0.178,0.66,0.181,0.265,0.033,0.136,0.045,0.541,0.45,1.0,0.266,0.211,0.037,0.046,-0.005,-0.079
3000,B2_1,-0.407,0.35,0.409,-0.267,0.533,0.273,-0.348,0.477,0.064,0.266,1.0,0.146,-0.024,0.13,0.314,0.292
3000,B2_2,0.263,0.45,-0.049,-0.451,0.574,0.283,0.079,0.033,-0.044,0.211,0.146,1.0,0.365,-0.405,-0.124,-0.332
3000,B2_3,-0.119,-0.158,-0.073,-0.169,0.285,0.241,0.61,-0.242,-0.27,0.037,-0.024,0.365,1.0,0.02,-0.094,-0.119
3000,y1,-0.401,-0.245,-0.184,-0.14,-0.215,-0.391,0.194,0.094,-0.121,0.046,0.13,-0.405,0.02,1.0,0.806,0.901
3000,y2,-0.518,-0.203,-0.342,-0.277,0.057,-0.274,0.006,0.256,-0.085,-0.005,0.314,-0.124,-0.094,0.806,1.0,0.954
3000,y3,-0.486,-0.297,-0.211,-0.218,-0.053,-0.297,-0.022,0.211,-0.072,-0.079,0.292,-0.332,-0.119,0.901,0.954,1.0
3500,.,1.0,0.25,-0.0,-0.209,-0.403,-0.034,-0.278,-0.261,-0.105,-0.134,-0.524,0.184,-0.129,-0.421,-0.571,-0.546
3500,A1_1,0.25,1.0,0.373,0.098,-0.048,0.289,-0.114,0.326,0.356,0.694,0.289,0.375,-0.167,-0.294,-0.312,-0.362
3500,A1_2,-0.0,0.373,1.0,0.44,0.069,0.022,-0.356,0.272,0.685,0.255,0.317,-0.125,-0.118,-0.147,-0.265,-0.219
3500,A1_3,-0.209,0.098,0.44,1.0,-0.373,0.008,0.125,0.2,0.742,0.319,-0.282,-0.46,-0.178,-0.245,-0.315,-0.328
3500,B1_1,-0.403,-0.048,0.069,-0.373,1.0,0.313,0.023,0.157,-0.129,-0.016,0.563,0.622,0.317,-0.178,0.065,0.027
3500,B1_2,-0.034,0.289,0.022,0.008,0.313,1.0,0.129,0.333,0.001,0.142,0.292,0.292,0.248,-0.425,-0.328,-0.311
3500,B1_3,-0.278,-0.114,-0.356,0.125,0.023,0.129,1.0,-0.482,-0.332,0.013,-0.283,0.121,0.619,0.084,0.01,0.02
3500,A2_1,-0.261,0.326,0.272,0.2,0.157,0.333,-0.482,1.0,0.589,0.605,0.432,-0.009,-0.256,0.022,0.105,0.094
3500,A2_2,-0.105,0.356,0.685,0.742,-0.129,0.001,-0.332,0.589,1.0,0.497,0.017,-0.127,-0.289,-0.19,-0.155,-0.189
3500,A2_3,-0.134,0.694,0.255,0.319,-0.016,0.142,0.013,0.605,0.497,1.0,0.232,0.121,-0.006,-0.093,-0.136,-0.139
3500,B2_1,-0.524,0.289,0.317,-0.282,0.563,0.292,-0.283,0.432,0.017,0.232,1.0,0.167,0.023,0.186,0.321,0.324
3500,B2_2,0.184,0.375,-0.125,-0.46,0.622,0.292,0.121,-0.009,-0.127,0.121,0.167,1.0,0.398,-0.412,-0.192,-0.272
3500,B2_3,-0.129,-0.167,-0.118,-0.178,0.317,0.248,0.619,-0.256,-0.289,-0.006,0.023,0.398,1.0,-0.07,-0.121,-0.029
3500,y1,-0.421,-0.294,-0.147,-0.245,-0.178,-0.425,0.084,0.022,-0.19,-0.093,0.186,-0.412,-0.07,1.0,0.893,0.937
3500,y2,-0.571,-0.312,-0.265,-0.315,0.065,-0.328,0.01,0.105,-0.155,-0.136,0.321,-0.192,-0.121,0.893,1.0,0.979
3500,y3,-0.546,-0.362,-0.219,-0.328,0.027,-0.311,0.02,0.094,-0.189,-0.139,0.324,-0.272,-0.029,0.937,0.979,1.0
4000,.,1.0,0.283,0.014,-0.239,-0.39,-0.026,-0.294,-0.186,-0.077,-0.09,-0.492,0.212,-0.088,-0.446,-0.549,-0.511
4000,A1_1,0.283,1.0,0.399,0.109,-0.073,0.248,-0.128,0.323,0.362,0.697,0.24,0.349,-0.183,-0.286,-0.363,-0.355
4000,A1_2,0.014,0.399,1.0,0.449,0.045,-0.002,-0.371,0.296,0.705,0.293,0.258,-0.133,-0.14,-0.143,-0.301,-0.195
4000,A1_3,-0.239,0.109,0.449,1.0,-0.386,-0.023,0.106,0.216,0.751,0.346,-0.315,-0.472,-0.199,-0.163,-0.252,-0.237
4000,B1_1,-0.39,-0.073,0.045,-0.386,1.0,0.346,0.039,0.127,-0.155,-0.063,0.578,0.633,0.33,-0.167,0.007,-0.019
4000,B1_2,-0.026,0.248,-0.002,-0.023,0.346,1.0,0.155,0.297,-0.034,0.112,0.308,0.31,0.284,-0.54,-0.38,-0.405
4000,B1_3,-0.294,-0.128,-0.371,0.106,0.039,0.155,1.0,-0.5,-0.342,-0.012,-0.267,0.132,0.62,0.091,0.067,0.052
4000,A2_1,-0.186,0.323,0.296,0.216,0.127,0.297,-0.5,1.0,0.592,0.606,0.389,-0.03,-0.267,0.039,0.08,0.088
4000,A2_2,-0.077,0.362,0.705,0.751,-0.155,-0.034,-0.342,0.592,1.0,0.513,-0.046,-0.148,-0.3,-0.108,-0.154,-0.112
4000,A2_3,-0.09,0.697,0.293,0.346,-0.063,0.112,-0.012,0.606,0.513,1.0,0.167,0.081,-0.031,-0.029,-0.115,-0.093
4000,B2_1,-0.492,0.24,0.258,-0.315,0.578,0.308,-0.267,0.389,-0.046,0.167,1.0,0.183,0.039,0.153,0.242,0.238
4000,B2_2,0.212,0.349,-0.133,-0.472,0.633,0.31,0.132,-0.03,-0.148,0.081,0.183,1.0,0.4,-0.37,-0.234,-0.272
4000,B2_3,-0.088,-0.183,-0.14,-0.199,0.33,0.284,0.62,-0.267,-0.3,-0.031,0.039,0.4,1.0,-0.065,-0.085,-0.038
4000,y1,-0.446,-0.286,-0.143,-0.163,-0.167,-0.54,0.091,0.039,-0.108,-0.029,0.153,-0.37,-0.065,1.0,0.925,0.955
4000,y2,-0.549,-0.363,-0.301,-0.252,0.007,-0.38,0.067,0.08,-0.154,-0.115,0.242,-0.234,-0.085,0.925,1.0,0.987
4000,y3,-0.511,-0.355,-0.195,-0.237,-0.019,-0.405,0.052,0.088,-0.112,-0.093,0.238,-0.272,-0.038,0.955,0.987,1.0
4500,.,1.0,0.298,0.055,-0.272,-0.353,-0.054,-0.332,-0.164,-0.055,-0.064,-0.448,0.238,-0.065,-0.407,-0.396,-0.421
4500,A1_1,0.298,1.0,0.395,0.125,-0.102,0.228,-0.143,0.315,0.361,0.709,0.218,0.313,-0.196,-0.325,-0.331,-0.295
4500,A1_2,0.055,0.395,1.0,0.472,0.02,-0.044,-0.392,0.313,0.732,0.319,0.226,-0.144,-0.165,-0.176,-0.261,-0.131
4500,A1_3,-0.272,0.125,0.472,1.0,-0.391,-0.029,0.094,0.227,0.758,0.358,-0.319,-0.47,-0.21,-0.212,-0.239,-0.167
4500,B1_1,-0.353,-0.102,0.02,-0.391,1.0,0.361,0.059,0.116,-0.172,-0.097,0.585,0.647,0.347,-0.087,-0.042,-0.055
4500,B1_2,-0.054,0.228,-0.044,-0.029,0.361,1.0,0.171,0.295,-0.046,0.106,0.317,0.329,0.306,-0.526,-0.461,-0.458
4500,B1_3,-0.332,-0.143,-0.392,0.094,0.059,0.171,1.0,-0.485,-0.344,-0.026,-0.251,0.133,0.623,0.155,0.01,0.039
4500,A2_1,-0.164,0.315,0.313,0.227,0.116,0.295,-0.485,1.0,0.589,0.605,0.363,-0.033,-0.24,-0.037,0.088,0.09
4500,A2_2,-0.055,0.361,0.732,0.758,-0.172,-0.046,-0.344,0.589,1.0,0.516,-0.061,-0.154,-0.295,-0.133,-0.075,0.005
4500,A2_3,-0.064,0.709,0.319,0.358,-0.097,0.106,-0.026,0.605,0.516,1.0,0.137,0.051,-0.044,-0.11,-0.132,-0.076
4500,B2_1,-0.448,0.218,0.226,-0.319,0.585,0.317,-0.251,0.363,-0.061,0.137,1.0,0.198,0.055,0.117,0.138,0.168
4500,B2_2,0.238,0.313,-0.144,-0.47,0.647,0.329,0.133,-0.033,-0.154,0.051,0.198,1.0,0.41,-0.265,-0.181,-0.219
4500,B2_3,-0.065,-0.196,-0.165,-0.21,0.347,0.306,0.623,-0.24,-0.295,-0.044,0.055,0.41,1.0,-0.001,-0.128,-0.063
4500,y1,-0.407,-0.325,-0.176,-0.212,-0.087,-0.526,0.155,-0.037,-0.133,-0.11,0.117,-0.265,-0.001,1.0,0.951,0.968
4500,y2,-0.396,-0.331,-0.261,-0.239,-0.042,-0.461,0.01,0.088,-0.075,-0.132,0.138,-0.181,-0.128,0.951,1.0,0.983
4500,y3,-0.421,-0.295,-0.131,-0.167,-0.055,-0.458,0.039,0.09,0.005,-0.076,0.168,-0.219,-0.063,0.968,0.983,1.0
5000,.,1.0,0.27,0.084,-0.213,-0.301,-0.076,-0.347,-0.151,0.003,-0.071,-0.473,0.265,-0.03,-0.524,-0.489,-0.491
5000,A1_1,0.27,1.0,0.427,0.197,-0.119,0.219,-0.164,0.348,0.394,0.729,0.203,0.268,-0.192,-0.293,-0.356,-0.284
5000,A1_2,0.084,0.427,1.0,0.531,-0.011,-0.066,-0.403,0.369,0.77,0.374,0.197,-0.158,-0.18,-0.185,-0.3,-0.204
5000,A1_3,-0.213,0.197,0.531,1.0,-0.395,0.001,0.078,0.287,0.786,0.421,-0.296,-0.456,-0.193,-0.19,-0.253,-0.171
5000,B1_1,-0.301,-0.119,-0.011,-0.395,1.0,0.378,0.08,0.124,-0.175,-0.092,0.588,0.675,0.349,-0.093,-0.024,-0.123
5000,B1_2,-0.076,0.219,-0.066,0.001,0.378,1.0,0.19,0.315,-0.024,0.104,0.327,0.366,0.316,-0.508,-0.482,-0.483
5000,B1_3,-0.347,-0.164,-0.403,0.078,0.08,0.19,1.0,-0.456,-0.335,-0.023,-0.229,0.141,0.634,0.165,0.071,0.061
5000,A2_1,-0.151,0.348,0.369,0.287,0.124,0.315,-0.456,1.0,0.608,0.617,0.362,-0.02,-0.206,-0.073,0.022,0.07
5000,A2_2,0.003,0.394,0.77,0.786,-0.175,-0.024,-0.335,0.608,1.0,0.541,-0.064,-0.157,-0.272,-0.162,-0.149,-0.081
5000,A2_3,-0.071,0.729,0.374,0.421,-0.092,0.104,-0.023,0.617,0.541,1.0,0.13,0.046,-0.023,-0.127,-0.142,-0.069
5000,B2_1,-0.473,0.203,0.197,-0.296,0.588,0.327,-0.229,0.362,-0.064,0.13,1.0,0.226,0.066,0.17,0.16,0.179
5000,B2_2,0.265,0.268,-0.158,-0.456,0.675,0.366,0.141,-0.02,-0.157,0.046,0.226,1.0,0.431,-0.305,-0.19,-0.289
5000,B2_3,-0.03,-0.192,-0.18,-0.193,0.349,0.316,0.634,-0.206,-0.272,-0.023,0.066,0.431,1.0,-0.072,-0.09,-0.088
5000,y1,-0.524,-0.293,-0.185,-0.19,-0.093,-0.508,0.165,-0.073,-0.162,-0.127,0.17,-0.305,-0.072,1.0,0.957,0.975
5000,y2,-0.489,-0.356,-0.3,-0.253,-0.024,-0.482,0.071,0.022,-0.149,-0.142,0.16,-0.19,-0.09,0.957,1.0,0.983
5000,y3,-0.491,-0.284,-0.204,-0.171,-0.123,-0.483,0.061,0.07,-0.081,-0.069,0.179,-0.289,-0.088,0.975,0.983,1.0
5500,.,1.0,0.262,0.098,-0.162,-0.278,-0.083,-0.324,-0.174,0.009,-0.08,-0.504,0.218,-0.007,-0.5,-0.635,-0.54
5500,A1_1,0.262,1.0,0.467,0.249,-0.129,0.203,-0.152,0.373,0.425,0.751,0.166,0.196,-0.182,-0.262,-0.299,-0.306
5500,A1_2,0.098,0.467,1.0,0.553,-0.037,-0.089,-0.405,0.415,0.797,0.417,0.183,-0.216,-0.206,-0.206,-0.34,-0.236
5500,A1_3,-0.162,0.249,0.553,1.0,-0.398,0.017,0.07,0.34,0.796,0.467,-0.284,-0.459,-0.189,-0.255,-0.218,-0.254
5500,B1_1,-0.278,-0.129,-0.037,-0.398,1.0,0.391,0.09,0.108,-0.176,-0.094,0.594,0.698,0.354,-0.19,-0.125,-0.145
5500,B1_2,-0.083,0.203,-0.089,0.017,0.391,1.0,0.221,0.29,-0.018,0.122,0.334,0.38,0.333,-0.573,-0.402,-0.522
5500,B1_3,-0.324,-0.152,-0.405,0.07,0.09,0.221,1.0,-0.436,-0.319,0.002,-0.21,0.171,0.636,0.028,0.141,0.025
5500,A2_1,-0.174,0.373,0.415,0.34,0.108,0.29,-0.436,1.0,0.639,0.635,0.337,-0.064,-0.201,-0.119,-0.062,-0.08
5500,A2_2,0.009,0.425,0.797,0.796,-0.176,-0.018,-0.319,0.639,1.0,0.563,-0.059,-0.196,-0.256,-0.217,-0.217,-0.183
5500,A2_3,-0.08,0.751,0.417,0.467,-0.094,0.122,0.002,0.635,0.563,1.0,0.124,0.002,-0.004,-0.179,-0.107,-0.171
5500,B2_1,-0.504,0.166,0.183,-0.284,0.594,0.334,-0.21,0.337,-0.059,0.124,1.0,0.249,0.08,0.131,0.195,0.197
5500,B2_2,0.218,0.196,-0.216,-0.459,0.698,0.38,0.171,-0.064,-0.196,0.002,0.249,1.0,0.458,-0.355,-0.255,-0.274
5500,B2_3,-0.007,-0.182,-0.206,-0.189,0.354,0.333,0.636,-0.201,-0.256,-0.004,0.08,0.458,1.0,-0.274,-0.143,-0.173
5500,y1,-0.5,-0.262,-0.206,-0.255,-0.19,-0.573,0.028,-0.119,-0.217,-0.179,0.131,-0.355,-0.274,1.0,0.936,0.969
5500,y2,-0.635,-0.299,-0.34,-0.218,-0.125,-0.402,0.141,-0.062,-0.217,-0.107,0.195,-0.255,-0.143,0.936,1.0,0.976
5500,y3,-0.54,-0.306,-0.236,-0.254,-0.145,-0.522,0.025,-0.08,-0.183,-0.171,0.197,-0.274,-0.173,0.969,0.976,1.0
6000,.,1.0,0.268,0.081,-0.157,-0.253,-0.091,-0.311,-0.216,-0.01,-0.115,-0.512,0.211,-0.024,-0.525,-0.681,-0.615
6000,A1_1,0.268,1.0,0.498,0.294,-0.149,0.198,-0.155,0.403,0.455,0.76,0.136,0.166,-0.186,-0.286,-0.354,-0.372
6000,A1_2,0.081,0.498,1.0,0.584,-0.064,-0.099,-0.416,0.468,0.818,0.46,0.182,-0.249,-0.243,-0.267,-0.244,-0.259
6000,A1_3,-0.157,0.294,0.584,1.0,-0.393,0.036,0.065,0.395,0.813,0.502,-0.271,-0.451,-0.189,-0.27,-0.208,-0.165
6000,B1_1,-0.253,-0.149,-0.064,-0.393,1.0,0.396,0.093,0.099,-0.189,-0.104,0.595,0.704,0.356,-0.178,-0.048,-0.175
6000,B1_2,-0.091,0.198,-0.099,0.036,0.396,1.0,0.23,0.288,-0.017,0.116,0.338,0.381,0.338,-0.563,-0.496,-0.538
6000,B1_3,-0.311,-0.155,-0.416,0.065,0.093,0.23,1.0,-0.409,-0.315,0.001,-0.203,0.179,0.637,0.104,0.121,0.143
6000,A2_1,-0.216,0.403,0.468,0.395,0.099,0.288,-0.409,1.0,0.672,0.66,0.316,-0.086,-0.196,-0.155,-0.077,-0.098
6000,A2_2,-0.01,0.455,0.818,0.813,-0.189,-0.017,-0.315,0.672,1.0,0.591,-0.06,-0.22,-0.256,-0.226,-0.188,-0.165
6000,A2_3,-0.115,0.76,0.46,0.502,-0.104,0.116,0.001,0.66,0.591,1.0,0.12,-0.027,-0.018,-0.135,-0.123,-0.131
6000,B2_1,-0.512,0.136,0.182,-0.271,0.595,0.338,-0.203,0.316,-0.06,0.12,1.0,0.258,0.085,0.106,0.206,0.078
6000,B2_2,0.211,0.166,-0.249,-0.451,0.704,0.381,0.179,-0.086,-0.22,-0.027,0.258,1.0,0.463,-0.244,-0.249,-0.316
6000,B2_3,-0.024,-0.186,-0.243,-0.189,0.356,0.338,0.637,-0.196,-0.256,-0.018,0.085,0.463,1.0,-0.158,-0.164,-0.144
6000,y1,-0.525,-0.286,-0.267,-0.27,-0.178,-0.563,0.104,-0.155,-0.226,-0.135,0.106,-0.244,-0.158,1.0,0.974,0.984
6000,y2,-0.681,-0.354,-0.244,-0.208,-0.048,-0.496,0.121,-0.077,-0.188,-0.123,0.206,-0.249,-0.164,0.974,1.0,0.987
6000,y3,-0.615,-0.372,-0.259,-0.165,-0.175,-0.538,0.143,-0.098,-0.165,-0.131,0.078,-0.316,-0.144,0.984,0.987,1.0
6500,.,1.0,0.259,0.08,-0.147,-0.227,-0.096,-0.296,-0.253,-0.025,-0.135,-0.517,0.212,-0.033,-0.554,-0.642,-0.586
6500,A1_1,0.259,1.0,0.517,0.308,-0.155,0.176,-0.157,0.414,0.451,0.76,0.127,0.142,-0.187,-0.287,-0.35,-0.346
6500,A1_2,0.08,0.517,1.0,0.598,-0.088,-0.136,-0.426,0.491,0.823,0.488,0.165,-0.269,-0.248,-0.209,-0.152,-0.15
6500,A1_3,-0.147,0.308,0.598,1.0,-0.397,0.022,0.055,0.421,0.836,0.532,-0.277,-0.445,-0.173,-0.248,-0.209,-0.205
6500,B1_1,-0.227,-0.155,-0.088,-0.397,1.0,0.411,0.096,0.097,-0.203,-0.121,0.599,0.712,0.372,-0.172,-0.044,-0.156
6500,B1_2,-0.096,0.176,-0.136,0.022,0.411,1.0,0.257,0.261,-0.052,0.107,0.344,0.404,0.38,-0.604,-0.542,-0.579
6500,B1_3,-0.296,-0.157,-0.426,0.055,0.096,0.257,1.0,-0.397,-0.304,0.004,-0.195,0.187,0.634,0.083,0.085,0.037
6500,A2_1,-0.253,0.414,0.491,0.421,0.097,0.261,-0.397,1.0,0.682,0.67,0.314,-0.095,-0.18,-0.156,-0.098,-0.101
6500,A2_2,-0.025,0.451,0.823,0.836,-0.203,-0.052,-0.304,0.682,1.0,0.613,-0.08,-0.246,-0.239,-0.212,-0.143,-0.142
6500,A2_3,-0.135,0.76,0.488,0.532,-0.121,0.107,0.004,0.67,0.613,1.0,0.108,-0.054,-0.017,-0.112,-0.129,-0.138
6500,B2_1,-0.517,0.127,0.165,-0.277,0.599,0.344,-0.195,0.314,-0.08,0.108,1.0,0.27,0.105,0.115,0.197,0.137
6500,B2_2,0.212,0.142,-0.269,-0.445,0.712,0.404,0.187,-0.095,-0.246,-0.054,0.27,1.0,0.473,-0.29,-0.242,-0.324
6500,B2_3,-0.033,-0.187,-0.248,-0.173,0.372,0.38,0.634,-0.18,-0.239,-0.017,0.105,0.473,1.0,-0.209,-0.162,-0.2
6500,y1,-0.554,-0.287,-0.209,-0.248,-0.172,-0.604,0.083,-0.156,-0.212,-0.112,0.115,-0.29,-0.209,1.0,0.98,0.988
6500,y2,-0.642,-0.35,-0.152,-0.209,-0.044,-0.542,0.085,-0.098,-0.143,-0.129,0.197,-0.242,-0.162,0.98,1.0,0.991
6500,y3,-0.586,-0.346,-0.15,-0.205,-0.156,-0.579,0.037,-0.101,-0.142,-0.138,0.137,-0.324,-0.2,0.988,0.991,1.0
7000,.,1.0,0.282,0.122,-0.139,-0.183,-0.069,-0.285,-0.214,-0.005,-0.085,-0.494,0.225,-0.009,-0.492,-0.615,-0.54
7000,A1_1,0.282,1.0,0.541,0.337,-0.164,0.167,-0.17,0.423,0.49,0.77,0.131,0.124,-0.177,-0.216,-0.311,-0.328
7000,A1_2,0.122,0.541,1.0,0.601,-0.107,-0.166,-0.455,0.496,0.833,0.519,0.156,-0.279,-0.259,-0.183,-0.164,-0.194
7000,A1_3,-0.139,0.337,0.601,1.0,-0.399,0.04,0.043,0.435,0.837,0.546,-0.265,-0.438,-0.163,-0.203,-0.134,-0.2
7000,B1_1,-0.183,-0.164,-0.107,-0.399,1.0,0.42,0.098,0.072,-0.221,-0.123,0.6,0.713,0.372,-0.259,-0.152,-0.201
7000,B1_2,-0.069,0.167,-0.166,0.04,0.42,1.0,0.275,0.238,-0.046,0.113,0.346,0.413,0.399,-0.638,-0.533,-0.604
7000,B1_3,-0.285,-0.17,-0.455,0.043,0.098,0.275,1.0,-0.397,-0.313,-0.014,-0.19,0.19,0.635,0.086,0.08,0.059
7000,A2_1,-0.214,0.423,0.496,0.435,0.072,0.238,-0.397,1.0,0.686,0.69,0.303,-0.116,-0.168,-0.2,-0.109,-0.133
7000,A2_2,-0.005,0.49,0.833,0.837,-0.221,-0.046,-0.313,0.686,1.0,0.656,-0.066,-0.253,-0.216,-0.149,-0.076,-0.129
7000,A2_3,-0.085,0.77,0.519,0.546,-0.123,0.113,-0.014,0.69,0.656,1.0,0.106,-0.064,-0.007,-0.104,-0.158,-0.173
7000,B2_1,-0.494,0.131,0.156,-0.265,0.6,0.346,-0.19,0.303,-0.066,0.106,1.0,0.273,0.11,0.028,0.102,0.027
7000,B2_2,0.225,0.124,-0.279,-0.438,0.713,0.413,0.19,-0.116,-0.253,-0.064,0.273,1.0,0.475,-0.224,-0.202,-0.246
7000,B2_3,-0.009,-0.177,-0.259,-0.163,0.372,0.399,0.635,-0.168,-0.216,-0.007,0.11,0.475,1.0,-0.197,-0.192,-0.212
7000,y1,-0.492,-0.216,-0.183,-0.203,-0.259,-0.638,0.086,-0.2,-0.149,-0.104,0.028,-0.224,-0.197,1.0,0.966,0.979
7000,y2,-0.615,-0.311,-0.164,-0.134,-0.152,-0.533,0.08,-0.109,-0.076,-0.158,0.102,-0.202,-0.192,0.966,1.0,0.987
7000,y3,-0.54,-0.328,-0.194,-0.2,-0.201,-0.604,0.059,-0.133,-0.129,-0.173,0.027,-0.246,-0.212,0.979,0.987,1.0
7500,.,1.0,0.197,0.083,-0.156,-0.182,-0.124,-0.305,-0.21,-0.031,-0.137,-0.522,0.182,-0.003,-0.539,-0.6,-0.607
7500,A1_1,0.197,1.0,0.571,0.374,-0.15,0.133,-0.175,0.447,0.525,0.79,0.144,0.123,-0.168,-0.301,-0.29,-0.362
7500,A1_2,0.083,0.571,1.0,0.622,-0.102,-0.215,-0.448,0.501,0.843,0.555,0.158,-0.255,-0.25,-0.245,-0.152,-0.255
7500,A1_3,-0.156,0.374,0.622,1.0,-0.39,0.004,0.027,0.454,0.849,0.581,-0.246,-0.413,-0.148,-0.271,-0.141,-0.278
7500,B1_1,-0.182,-0.15,-0.102,-0.39,1.0,0.494,0.132,0.081,-0.203,-0.095,0.604,0.726,0.376,-0.205,-0.156,-0.085
7500,B1_2,-0.124,0.133,-0.215,0.004,0.494,1.0,0.37,0.168,-0.084,0.099,0.398,0.51,0.478,-0.537,-0.482,-0.478
7500,B1_3,-0.305,-0.175,-0.448,0.027,0.132,0.37,1.0,-0.384,-0.301,-0.014,-0.156,0.216,0.651,0.107,0.117,0.132
7500,A2_1,-0.21,0.447,0.501,0.454,0.081,0.168,-0.384,1.0,0.691,0.706,0.307,-0.093,-0.16,-0.169,-0.098,-0.149
7500,A2_2,-0.031,0.525,0.843,0.849,-0.203,-0.084,-0.301,0.691,1.0,0.684,-0.046,-0.221,-0.194,-0.226,-0.072,-0.217
7500,A2_3,-0.137,0.79,0.555,0.581,-0.095,0.099,-0.014,0.706,0.684,1.0,0.134,-0.048,-0.017,-0.173,-0.099,-0.173
7500,B2_1,-0.522,0.144,0.158,-0.246,0.604,0.398,-0.156,0.307,-0.046,0.134,1.0,0.285,0.116,0.093,0.106,0.142
7500,B2_2,0.182,0.123,-0.255,-0.413,0.726,0.51,0.216,-0.093,-0.221,-0.048,0.285,1.0,0.475,-0.218,-0.186,-0.172
7500,B2_3,-0.003,-0.168,-0.25,-0.148,0.376,0.478,0.651,-0.16,-0.194,-0.017,0.116,0.475,1.0,-0.099,-0.082,-0.086
7500,y1,-0.539,-0.301,-0.245,-0.271,-0.205,-0.537,0.107,-0.169,-0.226,-0.173,0.093,-0.218,-0.099,1.0,0.966,0.979
7500,y2,-0.6,-0.29,-0.152,-0.141,-0.156,-0.482,0.117,-0.098,-0.072,-0.099,0.106,-0.186,-0.082,0.966,1.0,0.983
7500,y3,-0.607,-0.362,-0.255,-0.278,-0.085,-0.478,0.132,-0.149,-0.217,-0.173,0.142,-0.172,-0.086,0.979,0.983,1.0
8000,.,1.0,0.184,0.052,-0.16,-0.185,-0.125,-0.285,-0.252,-0.063,-0.148,-0.528,0.176,0.021,-0.542,-0.589,-0.543
8000,A1_1,0.184,1.0,0.598,0.401,-0.138,0.147,-0.181,0.462,0.552,0.806,0.146,0.122,-0.15,-0.283,-0.321,-0.355
8000,A1_2,0.052,0.598,1.0,0.643,-0.117,-0.204,-0.446,0.536,0.863,0.589,0.146,-0.253,-0.253,-0.228,-0.181,-0.206
8000,A1_3,-0.16,0.401,0.643,1.0,-0.388,0.016,0.024,0.467,0.857,0.602,-0.239,-0.396,-0.144,-0.294,-0.218,-0.323
8000,B1_1,-0.185,-0.138,-0.117,-0.388,1.0,0.498,0.15,0.09,-0.213,-0.114,0.605,0.733,0.383,-0.175,-0.121,-0.025
8000,B1_2,-0.125,0.147,-0.204,0.016,0.498,1.0,0.387,0.178,-0.066,0.11,0.403,0.517,0.485,-0.527,-0.524,-0.56
8000,B1_3,-0.285,-0.181,-0.446,0.024,0.15,0.387,1.0,-0.366,-0.286,-0.02,-0.143,0.217,0.653,0.03,0.02,0.012
8000,A2_1,-0.252,0.462,0.536,0.467,0.09,0.178,-0.366,1.0,0.703,0.716,0.315,-0.084,-0.14,-0.152,-0.1,-0.127
8000,A2_2,-0.063,0.552,0.863,0.857,-0.213,-0.066,-0.286,0.703,1.0,0.704,-0.038,-0.223,-0.173,-0.223,-0.138,-0.215
8000,A2_3,-0.148,0.806,0.589,0.602,-0.114,0.11,-0.02,0.716,0.704,1.0,0.141,-0.069,-0.011,-0.185,-0.158,-0.212
8000,B2_1,-0.528,0.146,0.146,-0.239,0.605,0.403,-0.143,0.315,-0.038,0.141,1.0,0.291,0.123,0.135,0.145,0.14
8000,B2_2,0.176,0.122,-0.253,-0.396,0.733,0.517,0.217,-0.084,-0.223,-0.069,0.291,1.0,0.477,-0.18,-0.157,-0.118
8000,B2_3,0.021,-0.15,-0.253,-0.144,0.383,0.485,0.653,-0.14,-0.173,-0.011,0.123,0.477,1.0,-0.175,-0.155,-0.183
8000,y1,-0.542,-0.283,-0.228,-0.294,-0.175,-0.527,0.03,-0.152,-0.223,-0.185,0.135,-0.18,-0.175,1.0,0.984,0.972
8000,y2,-0.589,-0.321,-0.181,-0.218,-0.121,-0.524,0.02,-0.1,-0.138,-0.158,0.145,-0.157,-0.155,0.984,1.0,0.978
8000,y3,-0.543,-0.355,-0.206,-0.323,-0.025,-0.56,0.012,-0.127,-0.215,-0.212,0.14,-0.118,-0.183,0.972,0.978,1.0
8500,.,1.0,0.166,0.034,-0.166,-0.216,-0.15,-0.296,-0.298,-0.089,-0.162,-0.537,0.145,-0.009,-0.471,-0.474,-0.544
8500,A1_1,0.166,1.0,0.624,0.436,-0.121,0.172,-0.182,0.485,0.574,0.82,0.164,0.125,-0.145,-0.32,-0.352,-0.347
8500,A1_2,0.034,0.624,1.0,0.656,-0.11,-0.188,-0.44,0.556,0.868,0.615,0.159,-0.254,-0.245,-0.192,-0.12,-0.227
8500,A1_3,-0.166,0.436,0.656,1.0,-0.37,0.028,0.013,0.493,0.867,0.622,-0.223,-0.382,-0.145,-0.311,-0.252,-0.309
8500,B1_1,-0.216,-0.121,-0.11,-0.37,1.0,0.501,0.149,0.104,-0.21,-0.104,0.607,0.729,0.382,-0.126,-0.134,-0.117
8500,B1_2,-0.15,0.172,-0.188,0.028,0.501,1.0,0.39,0.183,-0.07,0.116,0.406,0.522,0.488,-0.617,-0.631,-0.574
8500,B1_3,-0.296,-0.182,-0.44,0.013,0.149,0.39,1.0,-0.351,-0.274,-0.024,-0.141,0.219,0.654,0.005,-0.097,-0.061
8500,A2_1,-0.298,0.485,0.556,0.493,0.104,0.183,-0.351,1.0,0.708,0.724,0.334,-0.083,-0.137,-0.169,-0.109,-0.054
8500,A2_2,-0.089,0.574,0.868,0.867,-0.21,-0.07,-0.274,0.708,1.0,0.723,-0.033,-0.235,-0.167,-0.203,-0.121,-0.209
8500,A2_3,-0.162,0.82,0.615,0.622,-0.104,0.116,-0.024,0.724,0.723,1.0,0.156,-0.066,-0.02,-0.185,-0.234,-0.177
8500,B2_1,-0.537,0.164,0.159,-0.223,0.607,0.406,-0.141,0.334,-0.033,0.156,1.0,0.294,0.123,0.096,0.076,0.126
8500,B2_2,0.145,0.125,-0.254,-0.382,0.729,0.522,0.219,-0.083,-0.235,-0.066,0.294,1.0,0.476,-0.152,-0.201,-0.226
8500,B2_3,-0.009,-0.145,-0.245,-0.145,0.382,0.488,0.654,-0.137,-0.167,-0.02,0.123,0.476,1.0,-0.175,-0.282,-0.3
8500,y1,-0.471,-0.32,-0.192,-0.311,-0.126,-0.617,0.005,-0.169,-0.203,-0.185,0.096,-0.152,-0.175,1.0,0.976,0.97
8500,y2,-0.474,-0.352,-0.12,-0.252,-0.134,-0.631,-0.097,-0.109,-0.121,-0.234,0.076,-0.201,-0.282,0.976,1.0,0.969
8500,y3,-0.544,-0.347,-0.227,-0.309,-0.117,-0.574,-0.061,-0.054,-0.209,-0.177,0.126,-0.226,-0.3,0.97,0.969,1.0
9000,.,1.0,0.166,0.051,-0.156,-0.222,-0.168,-0.282,-0.279,-0.079,-0.151,-0.56,0.104,-0.013,-0.416,-0.436,-0.503
9000,A1_1,0.166,1.0,0.657,0.47,-0.16,0.14,-0.2,0.513,0.602,0.837,0.121,0.065,-0.168,-0.371,-0.474,-0.42
9000,A1_2,0.051,0.657,1.0,0.683,-0.153,-0.2,-0.448,0.587,0.882,0.658,0.108,-0.275,-0.265,-0.254,-0.262,-0.287
9000,A1_3,-0.156,0.47,0.683,1.0,-0.38,0.014,-0.011,0.523,0.872,0.649,-0.233,-0.381,-0.163,-0.418,-0.349,-0.421
9000,B1_1,-0.222,-0.16,-0.153,-0.38,1.0,0.518,0.171,0.073,-0.232,-0.144,0.619,0.752,0.397,-0.104,-0.125,-0.049
9000,B1_2,-0.168,0.14,-0.2,0.014,0.518,1.0,0.413,0.159,-0.082,0.083,0.429,0.562,0.505,-0.589,-0.6,-0.53
9000,B1_3,-0.282,-0.2,-0.448,-0.011,0.171,0.413,1.0,-0.355,-0.297,-0.062,-0.107,0.242,0.664,-0.055,-0.012,-0.029
9000,A2_1,-0.279,0.513,0.587,0.523,0.073,0.159,-0.355,1.0,0.731,0.747,0.297,-0.094,-0.146,-0.254,-0.28,-0.193
9000,A2_2,-0.079,0.602,0.882,0.872,-0.232,-0.082,-0.297,0.731,1.0,0.746,-0.054,-0.249,-0.19,-0.295,-0.265,-0.305
9000,A2_3,-0.151,0.837,0.658,0.649,-0.144,0.083,-0.062,0.747,0.746,1.0,0.12,-0.12,-0.062,-0.3,-0.365,-0.289
9000,B2_1,-0.56,0.121,0.108,-0.233,0.619,0.429,-0.107,0.297,-0.054,0.12,1.0,0.325,0.144,0.113,0.037,0.171
9000,B2_2,0.104,0.065,-0.275,-0.381,0.752,0.562,0.242,-0.094,-0.249,-0.12,0.325,1.0,0.495,-0.153,-0.19,-0.167
9000,B2_3,-0.013,-0.168,-0.265,-0.163,0.397,0.505,0.664,-0.146,-0.19,-0.062,0.144,0.495,1.0,-0.229,-0.199,-0.207
9000,y1,-0.416,-0.371,-0.254,-0.418,-0.104,-0.589,-0.055,-0.254,-0.295,-0.3,0.113,-0.153,-0.229,1.0,0.984,0.989
9000,y2,-0.436,-0.474,-0.262,-0.349,-0.125,-0.6,-0.012,-0.28,-0.265,-0.365,0.037,-0.19,-0.199,0.984,1.0,0.976
9000,y3,-0.503,-0.42,-0.287,-0.421,-0.049,-0.53,-0.029,-0.193,-0.305,-0.289,0.171,-0.167,-0.207,0.989,0.976,1.0
9500,.,1.0,0.085,0.008,-0.188,-0.193,-0.131,-0.253,-0.298,-0.142,-0.217,-0.55,0.091,0.037,-0.556,-0.581,-0.562
9500,A1_1,0.085,1.0,0.674,0.486,-0.163,0.135,-0.215,0.545,0.619,0.849,0.107,0.045,-0.193,-0.322,-0.357,-0.33
9500,A1_2,0.008,0.674,1.0,0.683,-0.181,-0.217,-0.47,0.6,0.884,0.66,0.079,-0.295,-0.307,-0.184,-0.181,-0.169
9500,A1_3,-0.188,0.486,0.683,1.0,-0.39,0.001,-0.023,0.532,0.874,0.654,-0.249,-0.382,-0.18,-0.283,-0.195,-0.273
9500,B1_1,-0.193,-0.163,-0.181,-0.39,1.0,0.534,0.18,0.059,-0.238,-0.146,0.627,0.758,0.407,-0.132,-0.206,-0.125
9500,B1_2,-0.131,0.135,-0.217,0.001,0.534,1.0,0.419,0.139,-0.092,0.082,0.443,0.578,0.52,-0.555,-0.515,-0.56
9500,B1_3,-0.253,-0.215,-0.47,-0.023,0.18,0.419,1.0,-0.367,-0.292,-0.064,-0.094,0.253,0.672,0.011,0.036,-0.038
9500,A2_1,-0.298,0.545,0.6,0.532,0.059,0.139,-0.367,1.0,0.736,0.76,0.29,-0.103,-0.167,-0.11,-0.105,-0.034
9500,A2_2,-0.142,0.619,0.884,0.874,-0.238,-0.092,-0.292,0.736,1.0,0.749,-0.062,-0.257,-0.207,-0.167,-0.108,-0.135
9500,A2_3,-0.217,0.849,0.66,0.654,-0.146,0.082,-0.064,0.76,0.749,1.0,0.112,-0.123,-0.087,-0.147,-0.181,-0.131
9500,B2_1,-0.55,0.107,0.079,-0.249,0.627,0.443,-0.094,0.29,-0.062,0.112,1.0,0.338,0.158,0.156,0.086,0.144
9500,B2_2,0.091,0.045,-0.295,-0.382,0.758,0.578,0.253,-0.103,-0.257,-0.123,0.338,1.0,0.507,-0.2,-0.252,-0.235
9500,B2_3,0.037,-0.193,-0.307,-0.18,0.407,0.52,0.672,-0.167,-0.207,-0.087,0.158,0.507,1.0,-0.135,-0.159,-0.191
9500,y1,-0.556,-0.322,-0.184,-0.283,-0.132,-0.555,0.011,-0.11,-0.167,-0.147,0.156,-0.2,-0.135,1.0,0.975,0.99
9500,y2,-0.581,-0.357,-0.181,-0.195,-0.206,-0.515,0.036,-0.105,-0.108,-0.181,0.086,-0.252,-0.159,0.975,1.0,0.976
9500,y3,-0.562,-0.33,-0.169,-0.273,-0.125,-0.56,-0.038,-0.034,-0.135,-0.131,0.144,-0.235,-0.191,0.99,0.976,1.0
10000,.,1.0,0.079,0.001,-0.185,-0.186,-0.116,-0.258,-0.289,-0.131,-0.229,-0.528,0.099,0.036,-0.526,-0.543,-0.529
10000,A1_1,0.079,1.0,0.701,0.529,-0.155,0.138,-0.222,0.598,0.659,0.851,0.113,0.026,-0.204,-0.347,-0.399,-0.369
10000,A1_2,0.001,0.701,1.0,0.698,-0.188,-0.229,-0.46,0.626,0.897,0.691,0.06,-0.305,-0.32,-0.194,-0.22,-0.227
10000,A1_3,-0.185,0.529,0.698,1.0,-0.403,-0.003,-0.026,0.541,0.871,0.686,-0.257,-0.394,-0.187,-0.324,-0.264,-0.368
10000,B1_1,-0.186,-0.155,-0.188,-0.403,1.0,0.537,0.186,0.035,-0.256,-0.145,0.628,0.761,0.414,-0.115,-0.192,-0.072
10000,B1_2,-0.116,0.138,-0.229,-0.003,0.537,1.0,0.423,0.115,-0.097,0.08,0.447,0.586,0.526,-0.582,-0.566,-0.563
10000,B1_3,-0.258,-0.222,-0.46,-0.026,0.186,0.423,1.0,-0.377,-0.298,-0.084,-0.088,0.262,0.673,-0.044,-0.006,-0.012
10000,A2_1,-0.289,0.598,0.626,0.541,0.035,0.115,-0.377,1.0,0.749,0.804,0.281,-0.131,-0.187,-0.145,-0.146,-0.147
10000,A2_2,-0.131,0.659,0.897,0.871,-0.256,-0.097,-0.298,0.749,1.0,0.773,-0.075,-0.282,-0.222,-0.211,-0.187,-0.246
10000,A2_3,-0.229,0.851,0.691,0.686,-0.145,0.08,-0.084,0.804,0.773,1.0,0.118,-0.159,-0.11,-0.204,-0.226,-0.223
10000,B2_1,-0.528,0.113,0.06,-0.257,0.628,0.447,-0.088,0.281,-0.075,0.118,1.0,0.343,0.162,0.145,0.08,0.142
10000,B2_2,0.099,0.026,-0.305,-0.394,0.761,0.586,0.262,-0.131,-0.282,-0.159,0.343,1.0,0.513,-0.166,-0.228,-0.158
10000,B2_3,0.036,-0.204,-0.32,-0.187,0.414,0.526,0.673,-0.187,-0.222,-0.11,0.162,0.513,1.0,-0.182,-0.158,-0.192
10000,y1,-0.526,-0.347,-0.194,-0.324,-0.115,-0.582,-0.044,-0.145,-0.211,-0.204,0.145,-0.166,-0.182,1.0,0.987,0.991
10000,y2,-0.543,-0.399,-0.22,-0.264,-0.192,-0.566,-0.006,-0.146,-0.187,-0.226,0.08,-0.228,-0.158,0.987,1.0,0.976
10000,y3,-0.529,-0.369,-0.227,-0.368,-0.072,-0.563,-0.012,-0.147,-0.246,-0.223,0.142,-0.158,-0.192,0.991,0.976,1.0
