,,.,A1_1,A1_2,A1_3,B1_1,B1_2,B1_3,A2_1,A2_2,A2_3,B2_1,B2_2,B2_3,y1,y2,y3
0,.,1.0,0.298,0.29,0.597,0.302,0.368,0.704,0.095,0.333,0.586,0.564,0.787,0.501,0.544,0.605,0.462
0,A1_1,0.298,1.0,0.438,0.342,0.249,0.215,-0.021,0.527,0.039,0.447,0.147,0.168,0.203,-0.088,0.241,0.243
0,A1_2,0.29,0.438,1.0,0.7,0.793,0.418,0.295,0.822,0.742,0.558,0.576,0.282,0.729,0.359,0.356,-0.23
0,A1_3,0.597,0.342,0.7,1.0,0.543,0.303,0.72,0.614,0.553,0.442,0.726,0.609,0.856,0.533,0.275,-0.033
0,B1_1,0.302,0.249,0.793,0.543,1.0,0.574,0.44,0.628,0.653,0.636,0.444,0.419,0.612,0.447,0.159,-0.08
0,B1_2,0.368,0.215,0.418,0.303,0.574,1.0,0.358,0.322,0.336,0.769,0.432,0.247,0.334,0.756,0.607,0.581
0,B1_3,0.704,-0.021,0.295,0.72,0.44,0.358,1.0,0.257,0.386,0.48,0.772,0.815,0.77,0.65,0.255,0.175
0,A2_1,0.095,0.527,0.822,0.614,0.628,0.322,0.257,1.0,0.511,0.356,0.643,0.143,0.631,0.168,0.07,-0.278
0,A2_2,0.333,0.039,0.742,0.553,0.653,0.336,0.386,0.511,1.0,0.481,0.514,0.388,0.494,0.41,0.499,-0.092
0,A2_3,0.586,0.447,0.558,0.442,0.636,0.769,0.48,0.356,0.481,1.0,0.439,0.455,0.535,0.611,0.685,0.538
0,B2_1,0.564,0.147,0.576,0.726,0.444,0.432,0.772,0.643,0.514,0.439,1.0,0.634,0.801,0.521,0.398,-0.045
0,B2_2,0.787,0.168,0.282,0.609,0.419,0.247,0.815,0.143,0.388,0.455,0.634,1.0,0.546,0.322,0.343,0.119
0,B2_3,0.501,0.203,0.729,0.856,0.612,0.334,0.77,0.631,0.494,0.535,0.801,0.546,1.0,0.565,0.23,-0.15
0,y1,0.544,-0.088,0.359,0.533,0.447,0.756,0.65,0.168,0.41,0.611,0.521,0.322,0.565,1.0,0.554,0.52
0,y2,0.605,0.241,0.356,0.275,0.159,0.607,0.255,0.07,0.499,0.685,0.398,0.343,0.23,0.554,1.0,0.584
0,y3,0.462,0.243,-0.23,-0.033,-0.08,0.581,0.175,-0.278,-0.092,0.538,-0.045,0.119,-0.15,0.52,0.584,1.0
1,.,1.0,0.276,0.29,0.574,0.311,0.389,0.714,0.088,0.339,0.599,0.577,0.788,0.519,0.563,0.617,0.475
1,A1_1,0.276,1.0,0.417,0.314,0.192,0.186,-0.066,0.502,-0.001,0.429,0.113,0.105,0.171,-0.106,0.243,0.26
1,A1_2,0.29,0.417,1.0,0.689,0.775,0.406,0.271,0.82,0.725,0.554,0.578,0.25,0.734,0.341,0.341,-0.229
1,A1_3,0.574,0.314,0.689,1.0,0.509,0.277,0.695,0.609,0.524,0.417,0.718,0.563,0.864,0.519,0.257,-0.035
1,B1_1,0.311,0.192,0.775,0.509,1.0,0.559,0.418,0.596,0.663,0.618,0.422,0.403,0.593,0.42,0.146,-0.089
1,B1_2,0.389,0.186,0.406,0.277,0.559,1.0,0.362,0.298,0.338,0.765,0.427,0.24,0.323,0.755,0.608,0.585
1,B1_3,0.714,-0.066,0.271,0.695,0.418,0.362,1.0,0.22,0.399,0.484,0.762,0.812,0.755,0.673,0.293,0.214
1,A2_1,0.088,0.502,0.82,0.609,0.596,0.298,0.22,1.0,0.487,0.346,0.628,0.096,0.616,0.146,0.051,-0.282
1,A2_2,0.339,-0.001,0.725,0.524,0.663,0.338,0.399,0.487,1.0,0.477,0.528,0.403,0.51,0.413,0.492,-0.083
1,A2_3,0.599,0.429,0.554,0.417,0.618,0.765,0.484,0.346,0.477,1.0,0.451,0.445,0.544,0.616,0.689,0.542
1,B2_1,0.577,0.113,0.578,0.718,0.422,0.427,0.762,0.628,0.528,0.451,1.0,0.627,0.791,0.533,0.424,-0.023
1,B2_2,0.788,0.105,0.25,0.563,0.403,0.24,0.812,0.096,0.403,0.445,0.627,1.0,0.528,0.336,0.379,0.145
1,B2_3,0.519,0.171,0.734,0.864,0.593,0.323,0.755,0.616,0.51,0.544,0.791,0.528,1.0,0.576,0.25,-0.128
1,y1,0.563,-0.106,0.341,0.519,0.42,0.755,0.673,0.146,0.413,0.616,0.533,0.336,0.576,1.0,0.567,0.533
1,y2,0.617,0.243,0.341,0.257,0.146,0.608,0.293,0.051,0.492,0.689,0.424,0.379,0.25,0.567,1.0,0.603
1,y3,0.475,0.26,-0.229,-0.035,-0.089,0.585,0.214,-0.282,-0.083,0.542,-0.023,0.145,-0.128,0.533,0.603,1.0
2,.,1.0,0.255,0.291,0.549,0.32,0.403,0.718,0.079,0.345,0.612,0.588,0.785,0.535,0.575,0.623,0.478
2,A1_1,0.255,1.0,0.409,0.299,0.145,0.158,-0.105,0.488,-0.025,0.419,0.087,0.041,0.148,-0.121,0.242,0.269
2,A1_2,0.291,0.409,1.0,0.682,0.754,0.395,0.248,0.819,0.711,0.551,0.575,0.219,0.736,0.328,0.331,-0.227
2,A1_3,0.549,0.299,0.682,1.0,0.474,0.253,0.666,0.609,0.493,0.396,0.706,0.51,0.869,0.506,0.24,-0.04
2,B1_1,0.32,0.145,0.754,0.474,1.0,0.545,0.4,0.564,0.668,0.596,0.401,0.392,0.576,0.397,0.136,-0.098
2,B1_2,0.403,0.158,0.395,0.253,0.545,1.0,0.366,0.273,0.342,0.757,0.427,0.234,0.316,0.754,0.608,0.586
2,B1_3,0.718,-0.105,0.248,0.666,0.4,0.366,1.0,0.184,0.409,0.484,0.753,0.81,0.741,0.693,0.323,0.243
2,A2_1,0.079,0.488,0.819,0.609,0.564,0.273,0.184,1.0,0.467,0.335,0.609,0.046,0.599,0.126,0.034,-0.289
2,A2_2,0.345,-0.025,0.711,0.493,0.668,0.342,0.409,0.467,1.0,0.472,0.537,0.417,0.523,0.418,0.488,-0.073
2,A2_3,0.612,0.419,0.551,0.396,0.596,0.757,0.484,0.335,0.472,1.0,0.463,0.435,0.552,0.619,0.695,0.547
2,B2_1,0.588,0.087,0.575,0.706,0.401,0.427,0.753,0.609,0.537,0.463,1.0,0.619,0.783,0.548,0.449,-0.002
2,B2_2,0.785,0.041,0.219,0.51,0.392,0.234,0.81,0.046,0.417,0.435,0.619,1.0,0.511,0.352,0.407,0.164
2,B2_3,0.535,0.148,0.736,0.869,0.576,0.316,0.741,0.599,0.523,0.552,0.783,0.511,1.0,0.59,0.269,-0.108
2,y1,0.575,-0.121,0.328,0.506,0.397,0.754,0.693,0.126,0.418,0.619,0.548,0.352,0.59,1.0,0.579,0.54
2,y2,0.623,0.242,0.331,0.24,0.136,0.608,0.323,0.034,0.488,0.695,0.449,0.407,0.269,0.579,1.0,0.617
2,y3,0.478,0.269,-0.227,-0.04,-0.098,0.586,0.243,-0.289,-0.073,0.547,-0.002,0.164,-0.108,0.54,0.617,1.0
3,.,1.0,0.234,0.292,0.523,0.33,0.416,0.72,0.07,0.35,0.623,0.599,0.778,0.551,0.587,0.625,0.481
3,A1_1,0.234,1.0,0.397,0.283,0.094,0.13,-0.141,0.47,-0.052,0.412,0.058,-0.025,0.122,-0.132,0.243,0.282
3,A1_2,0.292,0.397,1.0,0.675,0.731,0.383,0.225,0.817,0.694,0.549,0.571,0.183,0.736,0.317,0.321,-0.225
3,A1_3,0.523,0.283,0.675,1.0,0.431,0.224,0.633,0.609,0.46,0.376,0.694,0.448,0.87,0.494,0.225,-0.043
3,B1_1,0.33,0.094,0.731,0.431,1.0,0.531,0.383,0.529,0.675,0.572,0.38,0.384,0.557,0.376,0.126,-0.107
3,B1_2,0.416,0.13,0.383,0.224,0.531,1.0,0.369,0.249,0.347,0.746,0.426,0.228,0.31,0.752,0.609,0.587
3,B1_3,0.72,-0.141,0.225,0.633,0.383,0.369,1.0,0.148,0.42,0.481,0.745,0.808,0.729,0.714,0.351,0.272
3,A2_1,0.07,0.47,0.817,0.609,0.529,0.249,0.148,1.0,0.443,0.326,0.588,-0.009,0.58,0.11,0.016,-0.294
3,A2_2,0.35,-0.052,0.694,0.46,0.675,0.347,0.42,0.443,1.0,0.466,0.545,0.434,0.536,0.425,0.486,-0.065
3,A2_3,0.623,0.412,0.549,0.376,0.572,0.746,0.481,0.326,0.466,1.0,0.475,0.42,0.561,0.62,0.696,0.55
3,B2_1,0.599,0.058,0.571,0.694,0.38,0.426,0.745,0.588,0.545,0.475,1.0,0.61,0.776,0.566,0.472,0.02
3,B2_2,0.778,-0.025,0.183,0.448,0.384,0.228,0.808,-0.009,0.434,0.42,0.61,1.0,0.493,0.371,0.432,0.183
3,B2_3,0.551,0.122,0.736,0.87,0.557,0.31,0.729,0.58,0.536,0.561,0.776,0.493,1.0,0.607,0.289,-0.086
3,y1,0.587,-0.132,0.317,0.494,0.376,0.752,0.714,0.11,0.425,0.62,0.566,0.371,0.607,1.0,0.591,0.546
3,y2,0.625,0.243,0.321,0.225,0.126,0.609,0.351,0.016,0.486,0.696,0.472,0.432,0.289,0.591,1.0,0.629
3,y3,0.481,0.282,-0.225,-0.043,-0.107,0.587,0.272,-0.294,-0.065,0.55,0.02,0.183,-0.086,0.546,0.629,1.0
4,.,1.0,0.211,0.292,0.497,0.337,0.424,0.718,0.059,0.353,0.631,0.608,0.766,0.564,0.594,0.625,0.479
4,A1_1,0.211,1.0,0.383,0.266,0.047,0.1,-0.177,0.448,-0.076,0.403,0.028,-0.094,0.095,-0.15,0.241,0.292
4,A1_2,0.292,0.383,1.0,0.67,0.708,0.367,0.201,0.815,0.679,0.543,0.566,0.145,0.735,0.311,0.313,-0.225
4,A1_3,0.497,0.266,0.67,1.0,0.389,0.192,0.599,0.61,0.429,0.356,0.681,0.381,0.868,0.481,0.21,-0.051
4,B1_1,0.337,0.047,0.708,0.389,1.0,0.514,0.367,0.497,0.676,0.545,0.361,0.377,0.54,0.361,0.117,-0.115
4,B1_2,0.424,0.1,0.367,0.192,0.514,1.0,0.368,0.219,0.347,0.733,0.423,0.219,0.301,0.748,0.611,0.588
4,B1_3,0.718,-0.177,0.201,0.599,0.367,0.368,1.0,0.113,0.425,0.473,0.739,0.805,0.717,0.73,0.371,0.295
4,A2_1,0.059,0.448,0.815,0.61,0.497,0.219,0.113,1.0,0.423,0.311,0.565,-0.065,0.562,0.094,-0.004,-0.305
4,A2_2,0.353,-0.076,0.679,0.429,0.676,0.347,0.425,0.423,1.0,0.456,0.55,0.445,0.545,0.433,0.484,-0.06
4,A2_3,0.631,0.403,0.543,0.356,0.545,0.733,0.473,0.311,0.456,1.0,0.481,0.398,0.565,0.622,0.7,0.556
4,B2_1,0.608,0.028,0.566,0.681,0.361,0.423,0.739,0.565,0.55,0.481,1.0,0.6,0.771,0.582,0.491,0.035
4,B2_2,0.766,-0.094,0.145,0.381,0.377,0.219,0.805,-0.065,0.445,0.398,0.6,1.0,0.474,0.384,0.447,0.192
4,B2_3,0.564,0.095,0.735,0.868,0.54,0.301,0.717,0.562,0.545,0.565,0.771,0.474,1.0,0.623,0.307,-0.068
4,y1,0.594,-0.15,0.311,0.481,0.361,0.748,0.73,0.094,0.433,0.622,0.582,0.384,0.623,1.0,0.6,0.545
4,y2,0.625,0.241,0.313,0.21,0.117,0.611,0.371,-0.004,0.484,0.7,0.491,0.447,0.307,0.6,1.0,0.636
4,y3,0.479,0.292,-0.225,-0.051,-0.115,0.588,0.295,-0.305,-0.06,0.556,0.035,0.192,-0.068,0.545,0.636,1.0
5,.,1.0,0.186,0.287,0.465,0.34,0.428,0.711,0.042,0.349,0.634,0.611,0.75,0.571,0.597,0.621,0.475
5,A1_1,0.186,1.0,0.373,0.252,-0.0,0.072,-0.212,0.431,-0.098,0.401,0.0,-0.158,0.069,-0.163,0.239,0.301
5,A1_2,0.287,0.373,1.0,0.668,0.682,0.348,0.177,0.813,0.66,0.536,0.559,0.102,0.735,0.298,0.3,-0.231
5,A1_3,0.465,0.252,0.668,1.0,0.342,0.154,0.562,0.613,0.395,0.333,0.664,0.306,0.865,0.463,0.192,-0.064
5,B1_1,0.34,-0.0,0.682,0.342,1.0,0.497,0.352,0.464,0.679,0.512,0.343,0.37,0.524,0.339,0.105,-0.13
5,B1_2,0.428,0.072,0.348,0.154,0.497,1.0,0.366,0.189,0.346,0.717,0.418,0.21,0.291,0.743,0.611,0.584
5,B1_3,0.711,-0.212,0.177,0.562,0.352,0.366,1.0,0.078,0.433,0.458,0.732,0.802,0.706,0.743,0.387,0.31
5,A2_1,0.042,0.431,0.813,0.613,0.464,0.189,0.078,1.0,0.398,0.295,0.541,-0.126,0.543,0.074,-0.026,-0.319
5,A2_2,0.349,-0.098,0.66,0.395,0.679,0.346,0.433,0.398,1.0,0.442,0.553,0.456,0.556,0.435,0.479,-0.062
5,A2_3,0.634,0.401,0.536,0.333,0.512,0.717,0.458,0.295,0.442,1.0,0.483,0.371,0.565,0.618,0.701,0.559
5,B2_1,0.611,0.0,0.559,0.664,0.343,0.418,0.732,0.541,0.553,0.483,1.0,0.586,0.766,0.595,0.507,0.045
5,B2_2,0.75,-0.158,0.102,0.306,0.37,0.21,0.802,-0.126,0.456,0.371,0.586,1.0,0.453,0.397,0.459,0.2
5,B2_3,0.571,0.069,0.735,0.865,0.524,0.291,0.706,0.543,0.556,0.565,0.766,0.453,1.0,0.635,0.321,-0.054
5,y1,0.597,-0.163,0.298,0.463,0.339,0.743,0.743,0.074,0.435,0.618,0.595,0.397,0.635,1.0,0.609,0.545
5,y2,0.621,0.239,0.3,0.192,0.105,0.611,0.387,-0.026,0.479,0.701,0.507,0.459,0.321,0.609,1.0,0.642
5,y3,0.475,0.301,-0.231,-0.064,-0.13,0.584,0.31,-0.319,-0.062,0.559,0.045,0.2,-0.054,0.545,0.642,1.0
6,.,1.0,0.161,0.279,0.434,0.342,0.429,0.702,0.025,0.343,0.636,0.612,0.73,0.575,0.599,0.615,0.471
6,A1_1,0.161,1.0,0.359,0.238,-0.046,0.039,-0.244,0.411,-0.122,0.397,-0.03,-0.217,0.045,-0.18,0.233,0.307
6,A1_2,0.279,0.359,1.0,0.668,0.657,0.324,0.155,0.811,0.642,0.528,0.551,0.061,0.734,0.284,0.284,-0.239
6,A1_3,0.434,0.238,0.668,1.0,0.297,0.115,0.525,0.616,0.365,0.317,0.646,0.235,0.859,0.447,0.175,-0.076
6,B1_1,0.342,-0.046,0.657,0.297,1.0,0.48,0.341,0.433,0.679,0.479,0.329,0.365,0.508,0.318,0.09,-0.145
6,B1_2,0.429,0.039,0.324,0.115,0.48,1.0,0.364,0.155,0.341,0.697,0.414,0.198,0.279,0.737,0.608,0.581
6,B1_3,0.702,-0.244,0.155,0.525,0.341,0.364,1.0,0.048,0.441,0.444,0.728,0.798,0.695,0.755,0.398,0.32
6,A2_1,0.025,0.411,0.811,0.616,0.433,0.155,0.048,1.0,0.376,0.281,0.517,-0.181,0.527,0.053,-0.053,-0.334
6,A2_2,0.343,-0.122,0.642,0.365,0.679,0.341,0.441,0.376,1.0,0.424,0.559,0.464,0.565,0.436,0.47,-0.065
6,A2_3,0.636,0.397,0.528,0.317,0.479,0.697,0.444,0.281,0.424,1.0,0.485,0.341,0.565,0.613,0.696,0.559
6,B2_1,0.612,-0.03,0.551,0.646,0.329,0.414,0.728,0.517,0.559,0.485,1.0,0.572,0.761,0.608,0.519,0.053
6,B2_2,0.73,-0.217,0.061,0.235,0.365,0.198,0.798,-0.181,0.464,0.341,0.572,1.0,0.434,0.407,0.462,0.199
6,B2_3,0.575,0.045,0.734,0.859,0.508,0.279,0.695,0.527,0.565,0.565,0.761,0.434,1.0,0.644,0.331,-0.045
6,y1,0.599,-0.18,0.284,0.447,0.318,0.737,0.755,0.053,0.436,0.613,0.608,0.407,0.644,1.0,0.616,0.545
6,y2,0.615,0.233,0.284,0.175,0.09,0.608,0.398,-0.053,0.47,0.696,0.519,0.462,0.331,0.616,1.0,0.646
6,y3,0.471,0.307,-0.239,-0.076,-0.145,0.581,0.32,-0.334,-0.065,0.559,0.053,0.199,-0.045,0.545,0.646,1.0
7,.,1.0,0.138,0.277,0.407,0.348,0.429,0.694,0.012,0.341,0.637,0.617,0.711,0.581,0.601,0.609,0.463
7,A1_1,0.138,1.0,0.35,0.226,-0.082,0.013,-0.27,0.395,-0.137,0.396,-0.054,-0.269,0.024,-0.196,0.227,0.313
7,A1_2,0.277,0.35,1.0,0.665,0.632,0.303,0.135,0.808,0.627,0.522,0.542,0.025,0.731,0.28,0.276,-0.242
7,A1_3,0.407,0.226,0.665,1.0,0.251,0.079,0.492,0.614,0.336,0.301,0.626,0.167,0.851,0.437,0.165,-0.081
7,B1_1,0.348,-0.082,0.632,0.251,1.0,0.467,0.332,0.405,0.68,0.449,0.315,0.365,0.494,0.309,0.083,-0.154
7,B1_2,0.429,0.013,0.303,0.079,0.467,1.0,0.362,0.125,0.341,0.678,0.412,0.195,0.271,0.73,0.606,0.577
7,B1_3,0.694,-0.27,0.135,0.492,0.332,0.362,1.0,0.019,0.446,0.428,0.725,0.794,0.687,0.767,0.41,0.332
7,A2_1,0.012,0.395,0.808,0.614,0.405,0.125,0.019,1.0,0.355,0.267,0.49,-0.231,0.509,0.04,-0.073,-0.347
7,A2_2,0.341,-0.137,0.627,0.336,0.68,0.341,0.446,0.355,1.0,0.41,0.563,0.472,0.574,0.445,0.47,-0.065
7,A2_3,0.637,0.396,0.522,0.301,0.449,0.678,0.428,0.267,0.41,1.0,0.487,0.314,0.566,0.609,0.694,0.561
7,B2_1,0.617,-0.054,0.542,0.626,0.315,0.412,0.725,0.49,0.563,0.487,1.0,0.562,0.758,0.627,0.536,0.064
7,B2_2,0.711,-0.269,0.025,0.167,0.365,0.195,0.794,-0.231,0.472,0.314,0.562,1.0,0.416,0.421,0.467,0.2
7,B2_3,0.581,0.024,0.731,0.851,0.494,0.271,0.687,0.509,0.574,0.566,0.758,0.416,1.0,0.661,0.347,-0.03
7,y1,0.601,-0.196,0.28,0.437,0.309,0.73,0.767,0.04,0.445,0.609,0.627,0.421,0.661,1.0,0.622,0.539
7,y2,0.609,0.227,0.276,0.165,0.083,0.606,0.41,-0.073,0.47,0.694,0.536,0.467,0.347,0.622,1.0,0.647
7,y3,0.463,0.313,-0.242,-0.081,-0.154,0.577,0.332,-0.347,-0.065,0.561,0.064,0.2,-0.03,0.539,0.647,1.0
8,.,1.0,0.112,0.274,0.381,0.355,0.429,0.685,-0.0,0.34,0.637,0.62,0.689,0.587,0.601,0.602,0.452
8,A1_1,0.112,1.0,0.337,0.213,-0.124,-0.015,-0.297,0.376,-0.157,0.393,-0.08,-0.319,0.001,-0.214,0.222,0.319
8,A1_2,0.274,0.337,1.0,0.66,0.606,0.278,0.112,0.805,0.612,0.52,0.532,-0.012,0.729,0.275,0.267,-0.246
8,A1_3,0.381,0.213,0.66,1.0,0.203,0.04,0.458,0.612,0.307,0.29,0.605,0.098,0.84,0.425,0.155,-0.083
8,B1_1,0.355,-0.124,0.606,0.203,1.0,0.45,0.322,0.374,0.68,0.418,0.302,0.368,0.481,0.296,0.073,-0.166
8,B1_2,0.429,-0.015,0.278,0.04,0.45,1.0,0.358,0.089,0.336,0.655,0.405,0.19,0.259,0.722,0.603,0.574
8,B1_3,0.685,-0.297,0.112,0.458,0.322,0.358,1.0,-0.012,0.45,0.411,0.722,0.788,0.679,0.776,0.419,0.341
8,A2_1,-0.0,0.376,0.805,0.612,0.374,0.089,-0.012,1.0,0.334,0.258,0.463,-0.279,0.492,0.026,-0.096,-0.36
8,A2_2,0.34,-0.157,0.612,0.307,0.68,0.336,0.45,0.334,1.0,0.395,0.567,0.481,0.583,0.451,0.465,-0.068
8,A2_3,0.637,0.393,0.52,0.29,0.418,0.655,0.411,0.258,0.395,1.0,0.49,0.281,0.568,0.603,0.688,0.557
8,B2_1,0.62,-0.08,0.532,0.605,0.302,0.405,0.722,0.463,0.567,0.49,1.0,0.551,0.756,0.642,0.549,0.073
8,B2_2,0.689,-0.319,-0.012,0.098,0.368,0.19,0.788,-0.279,0.481,0.281,0.551,1.0,0.4,0.429,0.467,0.194
8,B2_3,0.587,0.001,0.729,0.84,0.481,0.259,0.679,0.492,0.583,0.568,0.756,0.4,1.0,0.674,0.361,-0.018
8,y1,0.601,-0.214,0.275,0.425,0.296,0.722,0.776,0.026,0.451,0.603,0.642,0.429,0.674,1.0,0.626,0.531
8,y2,0.602,0.222,0.267,0.155,0.073,0.603,0.419,-0.096,0.465,0.688,0.549,0.467,0.361,0.626,1.0,0.647
8,y3,0.452,0.319,-0.246,-0.083,-0.166,0.574,0.341,-0.36,-0.068,0.557,0.073,0.194,-0.018,0.531,0.647,1.0
9,.,1.0,0.088,0.269,0.355,0.357,0.426,0.674,-0.015,0.336,0.633,0.618,0.668,0.588,0.599,0.595,0.439
9,A1_1,0.088,1.0,0.326,0.199,-0.159,-0.039,-0.32,0.36,-0.173,0.395,-0.104,-0.361,-0.02,-0.229,0.215,0.322
9,A1_2,0.269,0.326,1.0,0.656,0.584,0.259,0.096,0.802,0.597,0.522,0.523,-0.043,0.726,0.269,0.258,-0.253
9,A1_3,0.355,0.199,0.656,1.0,0.159,0.009,0.432,0.609,0.283,0.285,0.586,0.043,0.829,0.417,0.146,-0.086
9,B1_1,0.357,-0.159,0.584,0.159,1.0,0.435,0.313,0.349,0.678,0.389,0.291,0.368,0.469,0.283,0.063,-0.183
9,B1_2,0.426,-0.039,0.259,0.009,0.435,1.0,0.355,0.059,0.334,0.63,0.401,0.187,0.253,0.715,0.603,0.568
9,B1_3,0.674,-0.32,0.096,0.432,0.313,0.355,1.0,-0.037,0.456,0.391,0.72,0.784,0.674,0.785,0.426,0.344
9,A2_1,-0.015,0.36,0.802,0.609,0.349,0.059,-0.037,1.0,0.314,0.254,0.438,-0.319,0.475,0.01,-0.118,-0.374
9,A2_2,0.336,-0.173,0.597,0.283,0.678,0.334,0.456,0.314,1.0,0.381,0.572,0.491,0.592,0.457,0.463,-0.074
9,A2_3,0.633,0.395,0.522,0.285,0.389,0.63,0.391,0.254,0.381,1.0,0.49,0.249,0.569,0.593,0.681,0.548
9,B2_1,0.618,-0.104,0.523,0.586,0.291,0.401,0.72,0.438,0.572,0.49,1.0,0.543,0.754,0.655,0.56,0.075
9,B2_2,0.668,-0.361,-0.043,0.043,0.368,0.187,0.784,-0.319,0.491,0.249,0.543,1.0,0.388,0.441,0.466,0.185
9,B2_3,0.588,-0.02,0.726,0.829,0.469,0.253,0.674,0.475,0.592,0.569,0.754,0.388,1.0,0.685,0.373,-0.01
9,y1,0.599,-0.229,0.269,0.417,0.283,0.715,0.785,0.01,0.457,0.593,0.655,0.441,0.685,1.0,0.631,0.525
9,y2,0.595,0.215,0.258,0.146,0.063,0.603,0.426,-0.118,0.463,0.681,0.56,0.466,0.373,0.631,1.0,0.644
9,y3,0.439,0.322,-0.253,-0.086,-0.183,0.568,0.344,-0.374,-0.074,0.548,0.075,0.185,-0.01,0.525,0.644,1.0
10,.,1.0,0.062,0.263,0.331,0.361,0.42,0.661,-0.031,0.332,0.629,0.617,0.644,0.59,0.594,0.583,0.425
10,A1_1,0.062,1.0,0.311,0.187,-0.198,-0.072,-0.345,0.343,-0.19,0.39,-0.129,-0.397,-0.042,-0.252,0.203,0.322
10,A1_2,0.263,0.311,1.0,0.652,0.558,0.228,0.075,0.798,0.579,0.516,0.511,-0.076,0.72,0.259,0.247,-0.263
10,A1_3,0.331,0.187,0.652,1.0,0.112,-0.028,0.402,0.602,0.256,0.277,0.563,-0.013,0.815,0.409,0.139,-0.086
10,B1_1,0.361,-0.198,0.558,0.112,1.0,0.419,0.309,0.319,0.674,0.357,0.282,0.373,0.456,0.274,0.056,-0.197
10,B1_2,0.42,-0.072,0.228,-0.028,0.419,1.0,0.355,0.019,0.33,0.604,0.397,0.188,0.245,0.707,0.6,0.564
10,B1_3,0.661,-0.345,0.075,0.402,0.309,0.355,1.0,-0.064,0.465,0.371,0.719,0.78,0.669,0.794,0.431,0.348
10,A2_1,-0.031,0.343,0.798,0.602,0.319,0.019,-0.064,1.0,0.289,0.242,0.409,-0.359,0.453,-0.008,-0.143,-0.39
10,A2_2,0.332,-0.19,0.579,0.256,0.674,0.33,0.465,0.289,1.0,0.364,0.579,0.501,0.599,0.465,0.465,-0.076
10,A2_3,0.629,0.39,0.516,0.277,0.357,0.604,0.371,0.242,0.364,1.0,0.489,0.215,0.569,0.583,0.672,0.543
10,B2_1,0.617,-0.129,0.511,0.563,0.282,0.397,0.719,0.409,0.579,0.489,1.0,0.536,0.752,0.671,0.571,0.079
10,B2_2,0.644,-0.397,-0.076,-0.013,0.373,0.188,0.78,-0.359,0.501,0.215,0.536,1.0,0.376,0.452,0.462,0.176
10,B2_3,0.59,-0.042,0.72,0.815,0.456,0.245,0.669,0.453,0.599,0.569,0.752,0.376,1.0,0.699,0.386,0.0
10,y1,0.594,-0.252,0.259,0.409,0.274,0.707,0.794,-0.008,0.465,0.583,0.671,0.452,0.699,1.0,0.634,0.516
10,y2,0.583,0.203,0.247,0.139,0.056,0.6,0.431,-0.143,0.465,0.672,0.571,0.462,0.386,0.634,1.0,0.638
10,y3,0.425,0.322,-0.263,-0.086,-0.197,0.564,0.348,-0.39,-0.076,0.543,0.079,0.176,0.0,0.516,0.638,1.0
11,.,1.0,0.034,0.253,0.303,0.368,0.416,0.648,-0.048,0.326,0.622,0.61,0.623,0.589,0.589,0.571,0.41
11,A1_1,0.034,1.0,0.294,0.175,-0.24,-0.106,-0.369,0.326,-0.216,0.383,-0.158,-0.427,-0.07,-0.269,0.187,0.325
11,A1_2,0.253,0.294,1.0,0.646,0.531,0.197,0.052,0.794,0.557,0.514,0.497,-0.109,0.711,0.246,0.233,-0.273
11,A1_3,0.303,0.175,0.646,1.0,0.064,-0.064,0.371,0.594,0.229,0.272,0.541,-0.062,0.8,0.401,0.133,-0.083
11,B1_1,0.368,-0.24,0.531,0.064,1.0,0.408,0.308,0.29,0.673,0.328,0.278,0.379,0.445,0.263,0.049,-0.212
11,B1_2,0.416,-0.106,0.197,-0.064,0.408,1.0,0.359,-0.021,0.327,0.575,0.39,0.194,0.236,0.696,0.597,0.556
11,B1_3,0.648,-0.369,0.052,0.371,0.308,0.359,1.0,-0.092,0.475,0.35,0.718,0.778,0.665,0.804,0.436,0.349
11,A2_1,-0.048,0.326,0.794,0.594,0.29,-0.021,-0.092,1.0,0.265,0.236,0.38,-0.393,0.431,-0.028,-0.17,-0.405
11,A2_2,0.326,-0.216,0.557,0.229,0.673,0.327,0.475,0.265,1.0,0.346,0.588,0.511,0.607,0.47,0.461,-0.085
11,A2_3,0.622,0.383,0.514,0.272,0.328,0.575,0.35,0.236,0.346,1.0,0.484,0.18,0.566,0.573,0.658,0.532
11,B2_1,0.61,-0.158,0.497,0.541,0.278,0.39,0.718,0.38,0.588,0.484,1.0,0.532,0.751,0.682,0.579,0.077
11,B2_2,0.623,-0.427,-0.109,-0.062,0.379,0.194,0.778,-0.393,0.511,0.18,0.532,1.0,0.366,0.464,0.458,0.167
11,B2_3,0.589,-0.07,0.711,0.8,0.445,0.236,0.665,0.431,0.607,0.566,0.751,0.366,1.0,0.711,0.398,0.007
11,y1,0.589,-0.269,0.246,0.401,0.263,0.696,0.804,-0.028,0.47,0.573,0.682,0.464,0.711,1.0,0.639,0.51
11,y2,0.571,0.187,0.233,0.133,0.049,0.597,0.436,-0.17,0.461,0.658,0.579,0.458,0.398,0.639,1.0,0.633
11,y3,0.41,0.325,-0.273,-0.083,-0.212,0.556,0.349,-0.405,-0.085,0.532,0.077,0.167,0.007,0.51,0.633,1.0
12,.,1.0,0.006,0.249,0.281,0.378,0.41,0.637,-0.057,0.326,0.616,0.608,0.604,0.59,0.585,0.558,0.39
12,A1_1,0.006,1.0,0.283,0.168,-0.27,-0.136,-0.389,0.313,-0.231,0.378,-0.182,-0.453,-0.09,-0.293,0.171,0.323
12,A1_2,0.249,0.283,1.0,0.639,0.508,0.172,0.037,0.79,0.543,0.516,0.484,-0.132,0.706,0.243,0.225,-0.28
12,A1_3,0.281,0.168,0.639,1.0,0.019,-0.095,0.348,0.584,0.207,0.27,0.518,-0.105,0.785,0.395,0.129,-0.076
12,B1_1,0.378,-0.27,0.508,0.019,1.0,0.4,0.307,0.265,0.67,0.302,0.273,0.389,0.435,0.263,0.044,-0.224
12,B1_2,0.41,-0.136,0.172,-0.095,0.4,1.0,0.36,-0.053,0.327,0.544,0.384,0.202,0.23,0.686,0.59,0.546
12,B1_3,0.637,-0.389,0.037,0.348,0.307,0.36,1.0,-0.113,0.483,0.328,0.72,0.774,0.662,0.814,0.441,0.349
12,A2_1,-0.057,0.313,0.79,0.584,0.265,-0.053,-0.113,1.0,0.244,0.235,0.351,-0.419,0.411,-0.041,-0.193,-0.417
12,A2_2,0.326,-0.231,0.543,0.207,0.67,0.327,0.483,0.244,1.0,0.331,0.597,0.522,0.616,0.485,0.462,-0.088
12,A2_3,0.616,0.378,0.516,0.27,0.302,0.544,0.328,0.235,0.331,1.0,0.478,0.148,0.566,0.561,0.642,0.519
12,B2_1,0.608,-0.182,0.484,0.518,0.273,0.384,0.72,0.351,0.597,0.478,1.0,0.531,0.751,0.698,0.588,0.076
12,B2_2,0.604,-0.453,-0.132,-0.105,0.389,0.202,0.774,-0.419,0.522,0.148,0.531,1.0,0.36,0.479,0.454,0.154
12,B2_3,0.59,-0.09,0.706,0.785,0.435,0.23,0.662,0.411,0.616,0.566,0.751,0.36,1.0,0.725,0.41,0.016
12,y1,0.585,-0.293,0.243,0.395,0.263,0.686,0.814,-0.041,0.485,0.561,0.698,0.479,0.725,1.0,0.64,0.495
12,y2,0.558,0.171,0.225,0.129,0.044,0.59,0.441,-0.193,0.462,0.642,0.588,0.454,0.41,0.64,1.0,0.625
12,y3,0.39,0.323,-0.28,-0.076,-0.224,0.546,0.349,-0.417,-0.088,0.519,0.076,0.154,0.016,0.495,0.625,1.0
13,.,1.0,-0.023,0.244,0.259,0.385,0.401,0.625,-0.069,0.324,0.605,0.603,0.585,0.589,0.579,0.544,0.369
13,A1_1,-0.023,1.0,0.269,0.159,-0.299,-0.168,-0.409,0.304,-0.245,0.37,-0.208,-0.473,-0.11,-0.32,0.149,0.315
13,A1_2,0.244,0.269,1.0,0.632,0.489,0.147,0.024,0.786,0.53,0.519,0.472,-0.148,0.699,0.234,0.214,-0.293
13,A1_3,0.259,0.159,0.632,1.0,-0.019,-0.121,0.328,0.573,0.187,0.273,0.494,-0.138,0.771,0.389,0.123,-0.07
13,B1_1,0.385,-0.299,0.489,-0.019,1.0,0.392,0.308,0.243,0.667,0.278,0.273,0.401,0.428,0.262,0.039,-0.24
13,B1_2,0.401,-0.168,0.147,-0.121,0.392,1.0,0.362,-0.087,0.329,0.511,0.381,0.211,0.227,0.675,0.584,0.536
13,B1_3,0.625,-0.409,0.024,0.328,0.308,0.362,1.0,-0.134,0.494,0.306,0.722,0.771,0.662,0.824,0.443,0.347
13,A2_1,-0.069,0.304,0.786,0.573,0.243,-0.087,-0.134,1.0,0.223,0.236,0.323,-0.438,0.389,-0.057,-0.219,-0.433
13,A2_2,0.324,-0.245,0.53,0.187,0.667,0.329,0.494,0.223,1.0,0.315,0.608,0.537,0.624,0.498,0.466,-0.092
13,A2_3,0.605,0.37,0.519,0.273,0.278,0.511,0.306,0.236,0.315,1.0,0.471,0.114,0.568,0.544,0.622,0.5
13,B2_1,0.603,-0.208,0.472,0.494,0.273,0.381,0.722,0.323,0.608,0.471,1.0,0.532,0.749,0.712,0.595,0.072
13,B2_2,0.585,-0.473,-0.148,-0.138,0.401,0.211,0.771,-0.438,0.537,0.114,0.532,1.0,0.358,0.495,0.451,0.14
13,B2_3,0.589,-0.11,0.699,0.771,0.428,0.227,0.662,0.389,0.624,0.568,0.749,0.358,1.0,0.738,0.422,0.022
13,y1,0.579,-0.32,0.234,0.389,0.262,0.675,0.824,-0.057,0.498,0.544,0.712,0.495,0.738,1.0,0.639,0.479
13,y2,0.544,0.149,0.214,0.123,0.039,0.584,0.443,-0.219,0.466,0.622,0.595,0.451,0.422,0.639,1.0,0.613
13,y3,0.369,0.315,-0.293,-0.07,-0.24,0.536,0.347,-0.433,-0.092,0.5,0.072,0.14,0.022,0.479,0.613,1.0
14,.,1.0,-0.053,0.244,0.235,0.406,0.4,0.614,-0.073,0.332,0.597,0.602,0.571,0.593,0.574,0.529,0.342
14,A1_1,-0.053,1.0,0.263,0.159,-0.328,-0.197,-0.429,0.3,-0.261,0.361,-0.23,-0.491,-0.127,-0.344,0.128,0.309
14,A1_2,0.244,0.263,1.0,0.622,0.462,0.119,0.005,0.782,0.511,0.524,0.455,-0.167,0.689,0.231,0.206,-0.299
14,A1_3,0.235,0.159,0.622,1.0,-0.068,-0.152,0.303,0.562,0.163,0.273,0.468,-0.171,0.752,0.385,0.123,-0.055
14,B1_1,0.406,-0.328,0.462,-0.068,1.0,0.391,0.313,0.212,0.666,0.257,0.272,0.418,0.419,0.267,0.042,-0.249
14,B1_2,0.4,-0.197,0.119,-0.152,0.391,1.0,0.368,-0.119,0.335,0.478,0.378,0.229,0.224,0.661,0.578,0.524
14,B1_3,0.614,-0.429,0.005,0.303,0.313,0.368,1.0,-0.158,0.505,0.282,0.724,0.77,0.661,0.832,0.449,0.349
14,A2_1,-0.073,0.3,0.782,0.562,0.212,-0.119,-0.158,1.0,0.197,0.241,0.291,-0.458,0.365,-0.067,-0.239,-0.44
14,A2_2,0.332,-0.261,0.511,0.163,0.666,0.335,0.505,0.197,1.0,0.302,0.618,0.55,0.633,0.516,0.473,-0.091
14,A2_3,0.597,0.361,0.524,0.273,0.257,0.478,0.282,0.241,0.302,1.0,0.463,0.084,0.565,0.529,0.6,0.483
14,B2_1,0.602,-0.23,0.455,0.468,0.272,0.378,0.724,0.291,0.618,0.463,1.0,0.538,0.749,0.73,0.608,0.075
14,B2_2,0.571,-0.491,-0.167,-0.171,0.418,0.229,0.77,-0.458,0.55,0.084,0.538,1.0,0.36,0.511,0.451,0.129
14,B2_3,0.593,-0.127,0.689,0.752,0.419,0.224,0.661,0.365,0.633,0.565,0.749,0.36,1.0,0.754,0.439,0.034
14,y1,0.574,-0.344,0.231,0.385,0.267,0.661,0.832,-0.067,0.516,0.529,0.73,0.511,0.754,1.0,0.641,0.46
14,y2,0.529,0.128,0.206,0.123,0.042,0.578,0.449,-0.239,0.473,0.6,0.608,0.451,0.439,0.641,1.0,0.604
14,y3,0.342,0.309,-0.299,-0.055,-0.249,0.524,0.349,-0.44,-0.091,0.483,0.075,0.129,0.034,0.46,0.604,1.0
15,.,1.0,-0.084,0.241,0.211,0.424,0.398,0.603,-0.077,0.336,0.587,0.599,0.557,0.593,0.569,0.513,0.315
15,A1_1,-0.084,1.0,0.258,0.159,-0.349,-0.224,-0.449,0.301,-0.274,0.354,-0.253,-0.506,-0.145,-0.371,0.104,0.297
15,A1_2,0.241,0.258,1.0,0.614,0.44,0.097,-0.008,0.779,0.495,0.528,0.438,-0.181,0.681,0.227,0.196,-0.307
15,A1_3,0.211,0.159,0.614,1.0,-0.109,-0.176,0.283,0.551,0.143,0.275,0.442,-0.199,0.734,0.38,0.122,-0.043
15,B1_1,0.424,-0.349,0.44,-0.109,1.0,0.395,0.318,0.186,0.664,0.235,0.274,0.435,0.414,0.272,0.043,-0.259
15,B1_2,0.398,-0.224,0.097,-0.176,0.395,1.0,0.374,-0.147,0.343,0.444,0.378,0.25,0.225,0.645,0.569,0.508
15,B1_3,0.603,-0.449,-0.008,0.283,0.318,0.374,1.0,-0.177,0.518,0.257,0.729,0.769,0.661,0.841,0.454,0.346
15,A2_1,-0.077,0.301,0.779,0.551,0.186,-0.147,-0.177,1.0,0.174,0.247,0.259,-0.471,0.343,-0.078,-0.262,-0.449
15,A2_2,0.336,-0.274,0.495,0.143,0.664,0.343,0.518,0.174,1.0,0.286,0.629,0.564,0.644,0.534,0.478,-0.093
15,A2_3,0.587,0.354,0.528,0.275,0.235,0.444,0.257,0.247,0.286,1.0,0.451,0.053,0.562,0.511,0.575,0.463
15,B2_1,0.599,-0.253,0.438,0.442,0.274,0.378,0.729,0.259,0.629,0.451,1.0,0.545,0.75,0.748,0.617,0.073
15,B2_2,0.557,-0.506,-0.181,-0.199,0.435,0.25,0.769,-0.471,0.564,0.053,0.545,1.0,0.361,0.528,0.45,0.115
15,B2_3,0.593,-0.145,0.681,0.734,0.414,0.225,0.661,0.343,0.644,0.562,0.75,0.361,1.0,0.768,0.453,0.04
15,y1,0.569,-0.371,0.227,0.38,0.272,0.645,0.841,-0.078,0.534,0.511,0.748,0.528,0.768,1.0,0.638,0.439
15,y2,0.513,0.104,0.196,0.122,0.043,0.569,0.454,-0.262,0.478,0.575,0.617,0.45,0.453,0.638,1.0,0.591
15,y3,0.315,0.297,-0.307,-0.043,-0.259,0.508,0.346,-0.449,-0.093,0.463,0.073,0.115,0.04,0.439,0.591,1.0
16,.,1.0,-0.105,0.24,0.193,0.437,0.397,0.595,-0.079,0.339,0.576,0.596,0.547,0.593,0.564,0.499,0.296
16,A1_1,-0.105,1.0,0.259,0.165,-0.364,-0.237,-0.456,0.309,-0.278,0.357,-0.265,-0.509,-0.153,-0.379,0.087,0.29
16,A1_2,0.24,0.259,1.0,0.607,0.419,0.084,-0.016,0.777,0.485,0.535,0.423,-0.188,0.673,0.226,0.19,-0.31
16,A1_3,0.193,0.165,0.607,1.0,-0.143,-0.19,0.269,0.543,0.131,0.282,0.419,-0.215,0.718,0.382,0.127,-0.027
16,B1_1,0.437,-0.364,0.419,-0.143,1.0,0.402,0.327,0.162,0.665,0.213,0.281,0.451,0.41,0.275,0.046,-0.263
16,B1_2,0.397,-0.237,0.084,-0.19,0.402,1.0,0.381,-0.162,0.35,0.417,0.384,0.266,0.231,0.631,0.56,0.498
16,B1_3,0.595,-0.456,-0.016,0.269,0.327,0.381,1.0,-0.189,0.529,0.237,0.736,0.77,0.665,0.849,0.461,0.348
16,A2_1,-0.079,0.309,0.777,0.543,0.162,-0.162,-0.189,1.0,0.16,0.26,0.231,-0.478,0.323,-0.082,-0.275,-0.45
16,A2_2,0.339,-0.278,0.485,0.131,0.665,0.35,0.529,0.16,1.0,0.272,0.644,0.575,0.657,0.546,0.481,-0.09
16,A2_3,0.576,0.357,0.535,0.282,0.213,0.417,0.237,0.26,0.272,1.0,0.44,0.029,0.558,0.497,0.551,0.447
16,B2_1,0.596,-0.265,0.423,0.419,0.281,0.384,0.736,0.231,0.644,0.44,1.0,0.559,0.75,0.765,0.63,0.08
16,B2_2,0.547,-0.509,-0.188,-0.215,0.451,0.266,0.77,-0.478,0.575,0.029,0.559,1.0,0.369,0.542,0.454,0.112
16,B2_3,0.593,-0.153,0.673,0.718,0.41,0.231,0.665,0.323,0.657,0.558,0.75,0.369,1.0,0.782,0.469,0.053
16,y1,0.564,-0.379,0.226,0.382,0.275,0.631,0.849,-0.082,0.546,0.497,0.765,0.542,0.782,1.0,0.641,0.428
16,y2,0.499,0.087,0.19,0.127,0.046,0.56,0.461,-0.275,0.481,0.551,0.63,0.454,0.469,0.641,1.0,0.584
16,y3,0.296,0.29,-0.31,-0.027,-0.263,0.498,0.348,-0.45,-0.09,0.447,0.08,0.112,0.053,0.428,0.584,1.0
17,.,1.0,-0.127,0.24,0.171,0.454,0.399,0.587,-0.079,0.345,0.567,0.596,0.539,0.592,0.56,0.487,0.272
17,A1_1,-0.127,1.0,0.264,0.17,-0.375,-0.248,-0.464,0.322,-0.28,0.36,-0.273,-0.509,-0.161,-0.39,0.072,0.279
17,A1_2,0.24,0.264,1.0,0.599,0.397,0.068,-0.029,0.775,0.47,0.541,0.404,-0.197,0.662,0.222,0.184,-0.313
17,A1_3,0.171,0.17,0.599,1.0,-0.18,-0.207,0.251,0.534,0.113,0.285,0.394,-0.233,0.7,0.381,0.129,-0.011
17,B1_1,0.454,-0.375,0.397,-0.18,1.0,0.412,0.336,0.134,0.667,0.195,0.285,0.467,0.406,0.278,0.054,-0.266
17,B1_2,0.399,-0.248,0.068,-0.207,0.412,1.0,0.388,-0.178,0.362,0.393,0.393,0.288,0.236,0.616,0.553,0.487
17,B1_3,0.587,-0.464,-0.029,0.251,0.336,0.388,1.0,-0.205,0.54,0.217,0.743,0.772,0.667,0.855,0.467,0.348
17,A2_1,-0.079,0.322,0.775,0.534,0.134,-0.178,-0.205,1.0,0.141,0.271,0.2,-0.486,0.301,-0.086,-0.286,-0.45
17,A2_2,0.345,-0.28,0.47,0.113,0.667,0.362,0.54,0.141,1.0,0.261,0.653,0.586,0.667,0.557,0.486,-0.088
17,A2_3,0.567,0.36,0.541,0.285,0.195,0.393,0.217,0.271,0.261,1.0,0.431,0.009,0.551,0.48,0.53,0.433
17,B2_1,0.596,-0.273,0.404,0.394,0.285,0.393,0.743,0.2,0.653,0.431,1.0,0.572,0.75,0.785,0.645,0.09
17,B2_2,0.539,-0.509,-0.197,-0.233,0.467,0.288,0.772,-0.486,0.586,0.009,0.572,1.0,0.376,0.555,0.46,0.107
17,B2_3,0.592,-0.161,0.662,0.7,0.406,0.236,0.667,0.301,0.667,0.551,0.75,0.376,1.0,0.793,0.485,0.063
17,y1,0.56,-0.39,0.222,0.381,0.278,0.616,0.855,-0.086,0.557,0.48,0.785,0.555,0.793,1.0,0.64,0.413
17,y2,0.487,0.072,0.184,0.129,0.054,0.553,0.467,-0.286,0.486,0.53,0.645,0.46,0.485,0.64,1.0,0.574
17,y3,0.272,0.279,-0.313,-0.011,-0.266,0.487,0.348,-0.45,-0.088,0.433,0.09,0.107,0.063,0.413,0.574,1.0
18,.,1.0,-0.152,0.237,0.145,0.472,0.399,0.575,-0.08,0.349,0.553,0.591,0.531,0.588,0.554,0.469,0.244
18,A1_1,-0.152,1.0,0.271,0.18,-0.389,-0.267,-0.479,0.337,-0.287,0.361,-0.289,-0.516,-0.172,-0.402,0.051,0.267
18,A1_2,0.237,0.271,1.0,0.594,0.375,0.051,-0.042,0.774,0.455,0.548,0.384,-0.207,0.651,0.219,0.174,-0.317
18,A1_3,0.145,0.18,0.594,1.0,-0.213,-0.225,0.232,0.528,0.099,0.29,0.368,-0.25,0.681,0.38,0.132,0.006
18,B1_1,0.472,-0.389,0.375,-0.213,1.0,0.426,0.347,0.108,0.669,0.174,0.295,0.485,0.405,0.282,0.059,-0.272
18,B1_2,0.399,-0.267,0.051,-0.225,0.426,1.0,0.397,-0.194,0.375,0.362,0.4,0.311,0.242,0.595,0.543,0.467
18,B1_3,0.575,-0.479,-0.042,0.232,0.347,0.397,1.0,-0.221,0.552,0.189,0.75,0.774,0.668,0.86,0.472,0.346
18,A2_1,-0.08,0.337,0.774,0.528,0.108,-0.194,-0.221,1.0,0.124,0.285,0.169,-0.494,0.28,-0.09,-0.3,-0.45
18,A2_2,0.349,-0.287,0.455,0.099,0.669,0.375,0.552,0.124,1.0,0.246,0.667,0.597,0.678,0.57,0.49,-0.087
18,A2_3,0.553,0.361,0.548,0.29,0.174,0.362,0.189,0.285,0.246,1.0,0.413,-0.017,0.541,0.462,0.503,0.414
18,B2_1,0.591,-0.289,0.384,0.368,0.295,0.4,0.75,0.169,0.667,0.413,1.0,0.585,0.75,0.802,0.655,0.092
18,B2_2,0.531,-0.516,-0.207,-0.25,0.485,0.311,0.774,-0.494,0.597,-0.017,0.585,1.0,0.383,0.569,0.461,0.099
18,B2_3,0.588,-0.172,0.651,0.681,0.405,0.242,0.668,0.28,0.678,0.541,0.75,0.383,1.0,0.806,0.498,0.072
18,y1,0.554,-0.402,0.219,0.38,0.282,0.595,0.86,-0.09,0.57,0.462,0.802,0.569,0.806,1.0,0.642,0.396
18,y2,0.469,0.051,0.174,0.132,0.059,0.543,0.472,-0.3,0.49,0.503,0.655,0.461,0.498,0.642,1.0,0.566
18,y3,0.244,0.267,-0.317,0.006,-0.272,0.467,0.346,-0.45,-0.087,0.414,0.092,0.099,0.072,0.396,0.566,1.0
19,.,1.0,-0.173,0.234,0.123,0.487,0.4,0.566,-0.08,0.352,0.541,0.587,0.524,0.584,0.546,0.453,0.218
19,A1_1,-0.173,1.0,0.278,0.193,-0.404,-0.281,-0.488,0.354,-0.294,0.362,-0.302,-0.518,-0.18,-0.409,0.032,0.253
19,A1_2,0.234,0.278,1.0,0.586,0.349,0.031,-0.058,0.774,0.438,0.557,0.36,-0.218,0.638,0.212,0.165,-0.319
19,A1_3,0.123,0.193,0.586,1.0,-0.248,-0.244,0.212,0.523,0.085,0.296,0.341,-0.264,0.662,0.38,0.136,0.024
19,B1_1,0.487,-0.404,0.349,-0.248,1.0,0.441,0.359,0.077,0.671,0.154,0.305,0.503,0.404,0.284,0.067,-0.271
19,B1_2,0.4,-0.281,0.031,-0.244,0.441,1.0,0.407,-0.21,0.384,0.333,0.41,0.335,0.245,0.574,0.533,0.457
19,B1_3,0.566,-0.488,-0.058,0.212,0.359,0.407,1.0,-0.237,0.564,0.166,0.757,0.778,0.67,0.865,0.478,0.35
19,A2_1,-0.08,0.354,0.774,0.523,0.077,-0.21,-0.237,1.0,0.106,0.302,0.139,-0.501,0.259,-0.095,-0.309,-0.447
19,A2_2,0.352,-0.294,0.438,0.085,0.671,0.384,0.564,0.106,1.0,0.231,0.68,0.608,0.689,0.58,0.494,-0.081
19,A2_3,0.541,0.362,0.557,0.296,0.154,0.333,0.166,0.302,0.231,1.0,0.397,-0.04,0.531,0.443,0.476,0.395
19,B2_1,0.587,-0.302,0.36,0.341,0.305,0.41,0.757,0.139,0.68,0.397,1.0,0.601,0.75,0.818,0.666,0.102
19,B2_2,0.524,-0.518,-0.218,-0.264,0.503,0.335,0.778,-0.501,0.608,-0.04,0.601,1.0,0.391,0.581,0.465,0.098
19,B2_3,0.584,-0.18,0.638,0.662,0.404,0.245,0.67,0.259,0.689,0.531,0.75,0.391,1.0,0.814,0.512,0.083
19,y1,0.546,-0.409,0.212,0.38,0.284,0.574,0.865,-0.095,0.58,0.443,0.818,0.581,0.814,1.0,0.643,0.385
19,y2,0.453,0.032,0.165,0.136,0.067,0.533,0.478,-0.309,0.494,0.476,0.666,0.465,0.512,0.643,1.0,0.56
19,y3,0.218,0.253,-0.319,0.024,-0.271,0.457,0.35,-0.447,-0.081,0.395,0.102,0.098,0.083,0.385,0.56,1.0
20,.,1.0,-0.19,0.232,0.102,0.501,0.404,0.558,-0.078,0.355,0.531,0.584,0.521,0.579,0.544,0.442,0.199
20,A1_1,-0.19,1.0,0.278,0.2,-0.414,-0.284,-0.489,0.361,-0.297,0.366,-0.307,-0.512,-0.188,-0.412,0.022,0.25
20,A1_2,0.232,0.278,1.0,0.582,0.334,0.019,-0.067,0.773,0.428,0.563,0.346,-0.224,0.63,0.21,0.164,-0.319
20,A1_3,0.102,0.2,0.582,1.0,-0.27,-0.254,0.2,0.519,0.08,0.301,0.322,-0.27,0.649,0.377,0.142,0.038
20,B1_1,0.501,-0.414,0.334,-0.27,1.0,0.451,0.368,0.061,0.67,0.139,0.317,0.513,0.406,0.289,0.076,-0.271
20,B1_2,0.404,-0.284,0.019,-0.254,0.451,1.0,0.417,-0.217,0.392,0.312,0.42,0.356,0.251,0.561,0.527,0.448
20,B1_3,0.558,-0.489,-0.067,0.2,0.368,0.417,1.0,-0.244,0.574,0.148,0.763,0.782,0.672,0.869,0.485,0.352
20,A2_1,-0.078,0.361,0.773,0.519,0.061,-0.217,-0.244,1.0,0.097,0.317,0.122,-0.501,0.246,-0.095,-0.311,-0.442
20,A2_2,0.355,-0.297,0.428,0.08,0.67,0.392,0.574,0.097,1.0,0.22,0.692,0.616,0.7,0.59,0.501,-0.076
20,A2_3,0.531,0.366,0.563,0.301,0.139,0.312,0.148,0.317,0.22,1.0,0.384,-0.054,0.521,0.428,0.457,0.383
20,B2_1,0.584,-0.307,0.346,0.322,0.317,0.42,0.763,0.122,0.692,0.384,1.0,0.614,0.752,0.832,0.675,0.107
20,B2_2,0.521,-0.512,-0.224,-0.27,0.513,0.356,0.782,-0.501,0.616,-0.054,0.614,1.0,0.399,0.595,0.47,0.1
20,B2_3,0.579,-0.188,0.63,0.649,0.406,0.251,0.672,0.246,0.7,0.521,0.752,0.399,1.0,0.82,0.526,0.091
20,y1,0.544,-0.412,0.21,0.377,0.289,0.561,0.869,-0.095,0.59,0.428,0.832,0.595,0.82,1.0,0.646,0.374
20,y2,0.442,0.022,0.164,0.142,0.076,0.527,0.485,-0.311,0.501,0.457,0.675,0.47,0.526,0.646,1.0,0.552
20,y3,0.199,0.25,-0.319,0.038,-0.271,0.448,0.352,-0.442,-0.076,0.383,0.107,0.1,0.091,0.374,0.552,1.0
21,.,1.0,-0.206,0.231,0.08,0.514,0.407,0.547,-0.074,0.358,0.518,0.578,0.513,0.572,0.538,0.423,0.173
21,A1_1,-0.206,1.0,0.291,0.216,-0.423,-0.292,-0.497,0.382,-0.298,0.377,-0.316,-0.517,-0.192,-0.415,0.007,0.236
21,A1_2,0.231,0.291,1.0,0.576,0.313,0.009,-0.078,0.774,0.418,0.572,0.326,-0.233,0.619,0.209,0.156,-0.317
21,A1_3,0.08,0.216,0.576,1.0,-0.296,-0.264,0.187,0.517,0.073,0.31,0.304,-0.278,0.633,0.38,0.151,0.059
21,B1_1,0.514,-0.423,0.313,-0.296,1.0,0.472,0.38,0.035,0.673,0.118,0.327,0.527,0.407,0.291,0.082,-0.269
21,B1_2,0.407,-0.292,0.009,-0.264,0.472,1.0,0.424,-0.222,0.404,0.286,0.432,0.377,0.259,0.538,0.514,0.43
21,B1_3,0.547,-0.497,-0.078,0.187,0.38,0.424,1.0,-0.257,0.583,0.123,0.771,0.786,0.674,0.87,0.49,0.355
21,A2_1,-0.074,0.382,0.774,0.517,0.035,-0.222,-0.257,1.0,0.085,0.337,0.093,-0.51,0.231,-0.095,-0.318,-0.435
21,A2_2,0.358,-0.298,0.418,0.073,0.673,0.404,0.583,0.085,1.0,0.206,0.703,0.622,0.712,0.598,0.503,-0.068
21,A2_3,0.518,0.377,0.572,0.31,0.118,0.286,0.123,0.337,0.206,1.0,0.364,-0.079,0.507,0.41,0.43,0.367
21,B2_1,0.578,-0.316,0.326,0.304,0.327,0.432,0.771,0.093,0.703,0.364,1.0,0.626,0.755,0.848,0.685,0.121
21,B2_2,0.513,-0.517,-0.233,-0.278,0.527,0.377,0.786,-0.51,0.622,-0.079,0.626,1.0,0.407,0.604,0.473,0.1
21,B2_3,0.572,-0.192,0.619,0.633,0.407,0.259,0.674,0.231,0.712,0.507,0.755,0.407,1.0,0.828,0.539,0.103
21,y1,0.538,-0.415,0.209,0.38,0.291,0.538,0.87,-0.095,0.598,0.41,0.848,0.604,0.828,1.0,0.648,0.361
21,y2,0.423,0.007,0.156,0.151,0.082,0.514,0.49,-0.318,0.503,0.43,0.685,0.473,0.539,0.648,1.0,0.551
21,y3,0.173,0.236,-0.317,0.059,-0.269,0.43,0.355,-0.435,-0.068,0.367,0.121,0.1,0.103,0.361,0.551,1.0
22,.,1.0,-0.221,0.227,0.059,0.525,0.413,0.537,-0.073,0.359,0.505,0.571,0.505,0.565,0.53,0.405,0.151
22,A1_1,-0.221,1.0,0.3,0.231,-0.433,-0.3,-0.504,0.398,-0.303,0.388,-0.326,-0.52,-0.196,-0.415,-0.006,0.228
22,A1_2,0.227,0.3,1.0,0.573,0.295,-0.001,-0.089,0.774,0.405,0.58,0.308,-0.24,0.61,0.204,0.149,-0.316
22,A1_3,0.059,0.231,0.573,1.0,-0.317,-0.276,0.172,0.517,0.066,0.317,0.286,-0.285,0.618,0.38,0.158,0.075
22,B1_1,0.525,-0.433,0.295,-0.317,1.0,0.49,0.393,0.013,0.677,0.098,0.339,0.54,0.411,0.29,0.087,-0.27
22,B1_2,0.413,-0.3,-0.001,-0.276,0.49,1.0,0.432,-0.228,0.415,0.261,0.439,0.397,0.266,0.517,0.5,0.412
22,B1_3,0.537,-0.504,-0.089,0.172,0.393,0.432,1.0,-0.268,0.594,0.097,0.777,0.79,0.675,0.87,0.493,0.353
22,A2_1,-0.073,0.398,0.774,0.517,0.013,-0.228,-0.268,1.0,0.071,0.356,0.069,-0.516,0.218,-0.098,-0.324,-0.43
22,A2_2,0.359,-0.303,0.405,0.066,0.677,0.415,0.594,0.071,1.0,0.19,0.715,0.632,0.721,0.604,0.504,-0.064
22,A2_3,0.505,0.388,0.58,0.317,0.098,0.261,0.097,0.356,0.19,1.0,0.341,-0.102,0.492,0.391,0.401,0.353
22,B2_1,0.571,-0.326,0.308,0.286,0.339,0.439,0.777,0.069,0.715,0.341,1.0,0.639,0.758,0.856,0.692,0.126
22,B2_2,0.505,-0.52,-0.24,-0.285,0.54,0.397,0.79,-0.516,0.632,-0.102,0.639,1.0,0.415,0.611,0.474,0.098
22,B2_3,0.565,-0.196,0.61,0.618,0.411,0.266,0.675,0.218,0.721,0.492,0.758,0.415,1.0,0.833,0.549,0.11
22,y1,0.53,-0.415,0.204,0.38,0.29,0.517,0.87,-0.098,0.604,0.391,0.856,0.611,0.833,1.0,0.649,0.351
22,y2,0.405,-0.006,0.149,0.158,0.087,0.5,0.493,-0.324,0.504,0.401,0.692,0.474,0.549,0.649,1.0,0.548
22,y3,0.151,0.228,-0.316,0.075,-0.27,0.412,0.353,-0.43,-0.064,0.353,0.126,0.098,0.11,0.351,0.548,1.0
23,.,1.0,-0.236,0.225,0.035,0.539,0.419,0.525,-0.072,0.364,0.487,0.561,0.498,0.557,0.519,0.383,0.122
23,A1_1,-0.236,1.0,0.317,0.248,-0.44,-0.309,-0.515,0.424,-0.302,0.402,-0.339,-0.526,-0.203,-0.415,-0.025,0.214
23,A1_2,0.225,0.317,1.0,0.567,0.274,-0.009,-0.102,0.776,0.392,0.59,0.282,-0.249,0.594,0.199,0.138,-0.317
23,A1_3,0.035,0.248,0.567,1.0,-0.34,-0.285,0.158,0.517,0.057,0.328,0.264,-0.293,0.599,0.386,0.167,0.097
23,B1_1,0.539,-0.44,0.274,-0.34,1.0,0.514,0.409,-0.018,0.684,0.072,0.355,0.558,0.418,0.288,0.095,-0.27
23,B1_2,0.419,-0.309,-0.009,-0.285,0.514,1.0,0.441,-0.233,0.431,0.235,0.453,0.418,0.278,0.492,0.488,0.391
23,B1_3,0.525,-0.515,-0.102,0.158,0.409,0.441,1.0,-0.281,0.605,0.067,0.785,0.794,0.68,0.868,0.497,0.352
23,A2_1,-0.072,0.424,0.776,0.517,-0.018,-0.233,-0.281,1.0,0.057,0.38,0.038,-0.525,0.198,-0.099,-0.33,-0.42
23,A2_2,0.364,-0.302,0.392,0.057,0.684,0.431,0.605,0.057,1.0,0.174,0.726,0.642,0.734,0.607,0.504,-0.061
23,A2_3,0.487,0.402,0.59,0.328,0.072,0.235,0.067,0.38,0.174,1.0,0.312,-0.131,0.472,0.369,0.37,0.335
23,B2_1,0.561,-0.339,0.282,0.264,0.355,0.453,0.785,0.038,0.726,0.312,1.0,0.653,0.761,0.866,0.7,0.136
23,B2_2,0.498,-0.526,-0.249,-0.293,0.558,0.418,0.794,-0.525,0.642,-0.131,0.653,1.0,0.427,0.614,0.475,0.094
23,B2_3,0.557,-0.203,0.594,0.599,0.418,0.278,0.68,0.198,0.734,0.472,0.761,0.427,1.0,0.84,0.561,0.119
23,y1,0.519,-0.415,0.199,0.386,0.288,0.492,0.868,-0.099,0.607,0.369,0.866,0.614,0.84,1.0,0.651,0.341
23,y2,0.383,-0.025,0.138,0.167,0.095,0.488,0.497,-0.33,0.504,0.37,0.7,0.475,0.561,0.651,1.0,0.545
23,y3,0.122,0.214,-0.317,0.097,-0.27,0.391,0.352,-0.42,-0.061,0.335,0.136,0.094,0.119,0.341,0.545,1.0
24,.,1.0,-0.245,0.221,0.016,0.547,0.427,0.516,-0.071,0.365,0.474,0.553,0.49,0.548,0.506,0.364,0.102
24,A1_1,-0.245,1.0,0.333,0.267,-0.452,-0.313,-0.518,0.447,-0.302,0.416,-0.346,-0.526,-0.207,-0.408,-0.036,0.203
24,A1_2,0.221,0.333,1.0,0.563,0.247,-0.02,-0.116,0.778,0.379,0.599,0.26,-0.26,0.579,0.191,0.13,-0.316
24,A1_3,0.016,0.267,0.563,1.0,-0.364,-0.293,0.144,0.521,0.053,0.337,0.245,-0.296,0.583,0.39,0.177,0.116
24,B1_1,0.547,-0.452,0.247,-0.364,1.0,0.534,0.426,-0.05,0.688,0.048,0.372,0.573,0.422,0.284,0.103,-0.267
24,B1_2,0.427,-0.313,-0.02,-0.293,0.534,1.0,0.451,-0.236,0.441,0.213,0.466,0.437,0.286,0.475,0.479,0.379
24,B1_3,0.516,-0.518,-0.116,0.144,0.426,0.451,1.0,-0.291,0.614,0.044,0.792,0.8,0.683,0.866,0.5,0.353
24,A2_1,-0.071,0.447,0.778,0.521,-0.05,-0.236,-0.291,1.0,0.048,0.402,0.014,-0.533,0.183,-0.101,-0.329,-0.41
