,,.,A1_1,A1_2,A1_3,B1_1,B1_2,B1_3,A2_1,A2_2,A2_3,B2_1,B2_2,B2_3,y1,y2,y3
0,.,1.0,-0.807,-0.015,0.347,0.125,0.169,0.409,-0.365,-0.1,0.227,0.464,-0.144,0.416,0.288,0.241,0.194
0,A1_1,-0.807,1.0,-0.232,-0.342,-0.203,-0.053,-0.368,0.241,-0.264,-0.069,-0.653,0.131,-0.404,-0.657,-0.459,-0.157
0,A1_2,-0.015,-0.232,1.0,0.042,0.389,0.003,-0.425,0.31,0.06,-0.155,0.107,-0.586,0.37,0.545,0.449,-0.398
0,A1_3,0.347,-0.342,0.042,1.0,-0.21,-0.096,0.335,-0.049,0.136,0.078,0.117,0.064,0.77,0.388,-0.03,-0.146
0,B1_1,0.125,-0.203,0.389,-0.21,1.0,0.342,-0.206,-0.166,-0.493,-0.142,-0.225,-0.196,-0.082,0.192,0.225,0.345
0,B1_2,0.169,-0.053,0.003,-0.096,0.342,1.0,-0.411,-0.112,-0.245,0.63,-0.276,-0.507,-0.059,-0.25,0.616,0.663
0,B1_3,0.409,-0.368,-0.425,0.335,-0.206,-0.411,1.0,0.044,0.044,0.054,0.324,0.384,0.257,0.427,-0.558,0.071
0,A2_1,-0.365,0.241,0.31,-0.049,-0.166,-0.112,0.044,1.0,0.125,-0.123,0.283,-0.287,-0.008,0.388,-0.103,-0.435
0,A2_2,-0.1,-0.264,0.06,0.136,-0.493,-0.245,0.044,0.125,1.0,-0.001,0.409,0.017,0.043,0.275,0.258,-0.226
0,A2_3,0.227,-0.069,-0.155,0.078,-0.142,0.63,0.054,-0.123,-0.001,1.0,-0.267,-0.273,0.204,-0.102,0.216,0.422
0,B2_1,0.464,-0.653,0.107,0.117,-0.225,-0.276,0.324,0.283,0.409,-0.267,1.0,-0.036,0.115,0.55,0.272,-0.28
0,B2_2,-0.144,0.131,-0.586,0.064,-0.196,-0.507,0.384,-0.287,0.017,-0.273,-0.036,1.0,-0.406,-0.177,-0.629,-0.174
0,B2_3,0.416,-0.404,0.37,0.77,-0.082,-0.059,0.257,-0.008,0.043,0.204,0.115,-0.406,1.0,0.517,0.138,-0.086
0,y1,0.288,-0.657,0.545,0.388,0.192,-0.25,0.427,0.388,0.275,-0.102,0.55,-0.177,0.517,1.0,0.147,-0.222
0,y2,0.241,-0.459,0.449,-0.03,0.225,0.616,-0.558,-0.103,0.258,0.216,0.272,-0.629,0.138,0.147,1.0,0.294
0,y3,0.194,-0.157,-0.398,-0.146,0.345,0.663,0.071,-0.435,-0.226,0.422,-0.28,-0.174,-0.086,-0.222,0.294,1.0
1,.,1.0,-0.807,-0.016,0.349,0.128,0.168,0.412,-0.365,-0.103,0.226,0.462,-0.144,0.417,0.29,0.24,0.197
1,A1_1,-0.807,1.0,-0.232,-0.341,-0.205,-0.053,-0.368,0.242,-0.264,-0.068,-0.653,0.13,-0.405,-0.657,-0.459,-0.157
1,A1_2,-0.016,-0.232,1.0,0.041,0.388,0.003,-0.425,0.31,0.059,-0.155,0.107,-0.586,0.37,0.545,0.449,-0.399
1,A1_3,0.349,-0.341,0.041,1.0,-0.212,-0.096,0.334,-0.048,0.136,0.079,0.116,0.062,0.77,0.388,-0.031,-0.146
1,B1_1,0.128,-0.205,0.388,-0.212,1.0,0.34,-0.209,-0.168,-0.492,-0.144,-0.226,-0.2,-0.084,0.191,0.226,0.345
1,B1_2,0.168,-0.053,0.003,-0.096,0.34,1.0,-0.414,-0.113,-0.242,0.63,-0.276,-0.508,-0.06,-0.253,0.618,0.663
1,B1_3,0.412,-0.368,-0.425,0.334,-0.209,-0.414,1.0,0.043,0.048,0.053,0.323,0.382,0.255,0.427,-0.557,0.071
1,A2_1,-0.365,0.242,0.31,-0.048,-0.168,-0.113,0.043,1.0,0.125,-0.122,0.281,-0.287,-0.01,0.388,-0.104,-0.435
1,A2_2,-0.103,-0.264,0.059,0.136,-0.492,-0.242,0.048,0.125,1.0,-0.0,0.413,0.023,0.045,0.275,0.258,-0.225
1,A2_3,0.226,-0.068,-0.155,0.079,-0.144,0.63,0.053,-0.122,-0.0,1.0,-0.266,-0.274,0.204,-0.102,0.217,0.422
1,B2_1,0.462,-0.653,0.107,0.116,-0.226,-0.276,0.323,0.281,0.413,-0.266,1.0,-0.034,0.115,0.549,0.275,-0.278
1,B2_2,-0.144,0.13,-0.586,0.062,-0.2,-0.508,0.382,-0.287,0.023,-0.274,-0.034,1.0,-0.408,-0.178,-0.627,-0.174
1,B2_3,0.417,-0.405,0.37,0.77,-0.084,-0.06,0.255,-0.01,0.045,0.204,0.115,-0.408,1.0,0.517,0.141,-0.085
1,y1,0.29,-0.657,0.545,0.388,0.191,-0.253,0.427,0.388,0.275,-0.102,0.549,-0.178,0.517,1.0,0.146,-0.223
1,y2,0.24,-0.459,0.449,-0.031,0.226,0.618,-0.557,-0.104,0.258,0.217,0.275,-0.627,0.141,0.146,1.0,0.294
1,y3,0.197,-0.157,-0.399,-0.146,0.345,0.663,0.071,-0.435,-0.225,0.422,-0.278,-0.174,-0.085,-0.223,0.294,1.0
2,.,1.0,-0.808,-0.016,0.35,0.132,0.167,0.414,-0.365,-0.107,0.226,0.459,-0.144,0.418,0.294,0.238,0.198
2,A1_1,-0.808,1.0,-0.232,-0.34,-0.207,-0.053,-0.368,0.243,-0.264,-0.068,-0.652,0.129,-0.406,-0.657,-0.459,-0.158
2,A1_2,-0.016,-0.232,1.0,0.041,0.388,0.003,-0.426,0.31,0.057,-0.155,0.108,-0.586,0.371,0.546,0.449,-0.398
2,A1_3,0.35,-0.34,0.041,1.0,-0.214,-0.096,0.334,-0.046,0.137,0.08,0.115,0.061,0.77,0.387,-0.032,-0.147
2,B1_1,0.132,-0.207,0.388,-0.214,1.0,0.338,-0.213,-0.17,-0.492,-0.146,-0.227,-0.202,-0.087,0.19,0.228,0.345
2,B1_2,0.167,-0.053,0.003,-0.096,0.338,1.0,-0.416,-0.114,-0.239,0.629,-0.275,-0.509,-0.061,-0.254,0.619,0.663
2,B1_3,0.414,-0.368,-0.426,0.334,-0.213,-0.416,1.0,0.043,0.051,0.054,0.322,0.381,0.253,0.427,-0.556,0.072
2,A2_1,-0.365,0.243,0.31,-0.046,-0.17,-0.114,0.043,1.0,0.126,-0.12,0.28,-0.288,-0.011,0.387,-0.104,-0.435
2,A2_2,-0.107,-0.264,0.057,0.137,-0.492,-0.239,0.051,0.126,1.0,0.0,0.417,0.028,0.048,0.276,0.258,-0.225
2,A2_3,0.226,-0.068,-0.155,0.08,-0.146,0.629,0.054,-0.12,0.0,1.0,-0.266,-0.275,0.204,-0.101,0.217,0.422
2,B2_1,0.459,-0.652,0.108,0.115,-0.227,-0.275,0.322,0.28,0.417,-0.266,1.0,-0.032,0.114,0.549,0.277,-0.277
2,B2_2,-0.144,0.129,-0.586,0.061,-0.202,-0.509,0.381,-0.288,0.028,-0.275,-0.032,1.0,-0.41,-0.179,-0.625,-0.176
2,B2_3,0.418,-0.406,0.371,0.77,-0.087,-0.061,0.253,-0.011,0.048,0.204,0.114,-0.41,1.0,0.518,0.143,-0.084
2,y1,0.294,-0.657,0.546,0.387,0.19,-0.254,0.427,0.387,0.276,-0.101,0.549,-0.179,0.518,1.0,0.146,-0.223
2,y2,0.238,-0.459,0.449,-0.032,0.228,0.619,-0.556,-0.104,0.258,0.217,0.277,-0.625,0.143,0.146,1.0,0.295
2,y3,0.198,-0.158,-0.398,-0.147,0.345,0.663,0.072,-0.435,-0.225,0.422,-0.277,-0.176,-0.084,-0.223,0.295,1.0
3,.,1.0,-0.809,-0.017,0.351,0.135,0.166,0.416,-0.365,-0.111,0.225,0.456,-0.143,0.419,0.296,0.236,0.2
3,A1_1,-0.809,1.0,-0.231,-0.34,-0.208,-0.053,-0.369,0.244,-0.264,-0.067,-0.652,0.129,-0.407,-0.657,-0.459,-0.158
3,A1_2,-0.017,-0.231,1.0,0.041,0.387,0.003,-0.426,0.31,0.056,-0.155,0.108,-0.586,0.372,0.546,0.449,-0.399
3,A1_3,0.351,-0.34,0.041,1.0,-0.215,-0.096,0.333,-0.045,0.137,0.081,0.114,0.059,0.77,0.387,-0.033,-0.147
3,B1_1,0.135,-0.208,0.387,-0.215,1.0,0.336,-0.216,-0.172,-0.491,-0.148,-0.229,-0.205,-0.089,0.189,0.229,0.345
3,B1_2,0.166,-0.053,0.003,-0.096,0.336,1.0,-0.418,-0.115,-0.236,0.628,-0.274,-0.51,-0.061,-0.256,0.621,0.662
3,B1_3,0.416,-0.369,-0.426,0.333,-0.216,-0.418,1.0,0.042,0.055,0.054,0.321,0.38,0.251,0.427,-0.555,0.073
3,A2_1,-0.365,0.244,0.31,-0.045,-0.172,-0.115,0.042,1.0,0.127,-0.119,0.278,-0.288,-0.013,0.386,-0.104,-0.435
3,A2_2,-0.111,-0.264,0.056,0.137,-0.491,-0.236,0.055,0.127,1.0,0.001,0.42,0.033,0.051,0.277,0.258,-0.224
3,A2_3,0.225,-0.067,-0.155,0.081,-0.148,0.628,0.054,-0.119,0.001,1.0,-0.266,-0.276,0.203,-0.101,0.217,0.422
3,B2_1,0.456,-0.652,0.108,0.114,-0.229,-0.274,0.321,0.278,0.42,-0.266,1.0,-0.03,0.114,0.548,0.28,-0.277
3,B2_2,-0.143,0.129,-0.586,0.059,-0.205,-0.51,0.38,-0.288,0.033,-0.276,-0.03,1.0,-0.412,-0.179,-0.623,-0.176
3,B2_3,0.419,-0.407,0.372,0.77,-0.089,-0.061,0.251,-0.013,0.051,0.203,0.114,-0.412,1.0,0.517,0.146,-0.083
3,y1,0.296,-0.657,0.546,0.387,0.189,-0.256,0.427,0.386,0.277,-0.101,0.548,-0.179,0.517,1.0,0.145,-0.223
3,y2,0.236,-0.459,0.449,-0.033,0.229,0.621,-0.555,-0.104,0.258,0.217,0.28,-0.623,0.146,0.145,1.0,0.295
3,y3,0.2,-0.158,-0.399,-0.147,0.345,0.662,0.073,-0.435,-0.224,0.422,-0.277,-0.176,-0.083,-0.223,0.295,1.0
4,.,1.0,-0.809,-0.018,0.353,0.138,0.166,0.417,-0.365,-0.114,0.224,0.454,-0.143,0.42,0.298,0.235,0.202
4,A1_1,-0.809,1.0,-0.231,-0.339,-0.21,-0.053,-0.369,0.245,-0.264,-0.066,-0.651,0.128,-0.408,-0.657,-0.459,-0.158
4,A1_2,-0.018,-0.231,1.0,0.04,0.387,0.003,-0.427,0.31,0.056,-0.156,0.108,-0.586,0.372,0.546,0.448,-0.398
4,A1_3,0.353,-0.339,0.04,1.0,-0.217,-0.096,0.333,-0.044,0.137,0.082,0.112,0.058,0.77,0.386,-0.033,-0.147
4,B1_1,0.138,-0.21,0.387,-0.217,1.0,0.334,-0.219,-0.174,-0.491,-0.15,-0.229,-0.207,-0.091,0.189,0.231,0.346
4,B1_2,0.166,-0.053,0.003,-0.096,0.334,1.0,-0.42,-0.115,-0.234,0.628,-0.274,-0.51,-0.062,-0.258,0.623,0.662
4,B1_3,0.417,-0.369,-0.427,0.333,-0.219,-0.42,1.0,0.042,0.058,0.054,0.32,0.379,0.249,0.427,-0.554,0.073
4,A2_1,-0.365,0.245,0.31,-0.044,-0.174,-0.115,0.042,1.0,0.129,-0.117,0.277,-0.288,-0.014,0.386,-0.105,-0.435
4,A2_2,-0.114,-0.264,0.056,0.137,-0.491,-0.234,0.058,0.129,1.0,0.002,0.424,0.038,0.053,0.278,0.257,-0.225
4,A2_3,0.224,-0.066,-0.156,0.082,-0.15,0.628,0.054,-0.117,0.002,1.0,-0.266,-0.276,0.203,-0.102,0.217,0.422
4,B2_1,0.454,-0.651,0.108,0.112,-0.229,-0.274,0.32,0.277,0.424,-0.266,1.0,-0.028,0.113,0.547,0.282,-0.276
4,B2_2,-0.143,0.128,-0.586,0.058,-0.207,-0.51,0.379,-0.288,0.038,-0.276,-0.028,1.0,-0.414,-0.18,-0.621,-0.177
4,B2_3,0.42,-0.408,0.372,0.77,-0.091,-0.062,0.249,-0.014,0.053,0.203,0.113,-0.414,1.0,0.517,0.149,-0.082
4,y1,0.298,-0.657,0.546,0.386,0.189,-0.258,0.427,0.386,0.278,-0.102,0.547,-0.18,0.517,1.0,0.145,-0.223
4,y2,0.235,-0.459,0.448,-0.033,0.231,0.623,-0.554,-0.105,0.257,0.217,0.282,-0.621,0.149,0.145,1.0,0.296
4,y3,0.202,-0.158,-0.398,-0.147,0.346,0.662,0.073,-0.435,-0.225,0.422,-0.276,-0.177,-0.082,-0.223,0.296,1.0
5,.,1.0,-0.809,-0.019,0.354,0.141,0.165,0.419,-0.365,-0.117,0.223,0.451,-0.143,0.421,0.301,0.233,0.204
5,A1_1,-0.809,1.0,-0.231,-0.338,-0.211,-0.053,-0.37,0.246,-0.264,-0.065,-0.651,0.127,-0.409,-0.656,-0.458,-0.158
5,A1_2,-0.019,-0.231,1.0,0.04,0.387,0.003,-0.427,0.31,0.055,-0.156,0.108,-0.586,0.372,0.546,0.448,-0.399
5,A1_3,0.354,-0.338,0.04,1.0,-0.219,-0.095,0.332,-0.044,0.137,0.083,0.111,0.057,0.769,0.385,-0.034,-0.147
5,B1_1,0.141,-0.211,0.387,-0.219,1.0,0.333,-0.222,-0.176,-0.49,-0.152,-0.23,-0.209,-0.093,0.188,0.232,0.346
5,B1_2,0.165,-0.053,0.003,-0.095,0.333,1.0,-0.423,-0.116,-0.231,0.627,-0.273,-0.511,-0.062,-0.259,0.624,0.662
5,B1_3,0.419,-0.37,-0.427,0.332,-0.222,-0.423,1.0,0.041,0.062,0.054,0.319,0.378,0.246,0.427,-0.552,0.074
5,A2_1,-0.365,0.246,0.31,-0.044,-0.176,-0.116,0.041,1.0,0.13,-0.116,0.275,-0.289,-0.016,0.385,-0.105,-0.435
5,A2_2,-0.117,-0.264,0.055,0.137,-0.49,-0.231,0.062,0.13,1.0,0.002,0.428,0.042,0.056,0.279,0.257,-0.224
5,A2_3,0.223,-0.065,-0.156,0.083,-0.152,0.627,0.054,-0.116,0.002,1.0,-0.266,-0.277,0.202,-0.102,0.217,0.422
5,B2_1,0.451,-0.651,0.108,0.111,-0.23,-0.273,0.319,0.275,0.428,-0.266,1.0,-0.026,0.113,0.547,0.284,-0.275
5,B2_2,-0.143,0.127,-0.586,0.057,-0.209,-0.511,0.378,-0.289,0.042,-0.277,-0.026,1.0,-0.415,-0.18,-0.62,-0.177
5,B2_3,0.421,-0.409,0.372,0.769,-0.093,-0.062,0.246,-0.016,0.056,0.202,0.113,-0.415,1.0,0.517,0.151,-0.082
5,y1,0.301,-0.656,0.546,0.385,0.188,-0.259,0.427,0.385,0.279,-0.102,0.547,-0.18,0.517,1.0,0.145,-0.224
5,y2,0.233,-0.458,0.448,-0.034,0.232,0.624,-0.552,-0.105,0.257,0.217,0.284,-0.62,0.151,0.145,1.0,0.296
5,y3,0.204,-0.158,-0.399,-0.147,0.346,0.662,0.074,-0.435,-0.224,0.422,-0.275,-0.177,-0.082,-0.224,0.296,1.0
6,.,1.0,-0.81,-0.018,0.355,0.146,0.165,0.42,-0.364,-0.121,0.222,0.448,-0.143,0.421,0.303,0.232,0.206
6,A1_1,-0.81,1.0,-0.231,-0.337,-0.213,-0.053,-0.37,0.247,-0.264,-0.064,-0.651,0.127,-0.41,-0.656,-0.458,-0.159
6,A1_2,-0.018,-0.231,1.0,0.04,0.387,0.003,-0.428,0.31,0.054,-0.156,0.109,-0.585,0.373,0.546,0.448,-0.399
6,A1_3,0.355,-0.337,0.04,1.0,-0.221,-0.095,0.332,-0.042,0.138,0.084,0.11,0.056,0.769,0.384,-0.035,-0.148
6,B1_1,0.146,-0.213,0.387,-0.221,1.0,0.331,-0.225,-0.178,-0.49,-0.154,-0.231,-0.211,-0.096,0.188,0.233,0.346
6,B1_2,0.165,-0.053,0.003,-0.095,0.331,1.0,-0.424,-0.116,-0.228,0.626,-0.272,-0.512,-0.063,-0.261,0.626,0.661
6,B1_3,0.42,-0.37,-0.428,0.332,-0.225,-0.424,1.0,0.041,0.065,0.054,0.318,0.377,0.245,0.427,-0.551,0.074
6,A2_1,-0.364,0.247,0.31,-0.042,-0.178,-0.116,0.041,1.0,0.13,-0.114,0.274,-0.289,-0.017,0.385,-0.105,-0.435
6,A2_2,-0.121,-0.264,0.054,0.138,-0.49,-0.228,0.065,0.13,1.0,0.002,0.431,0.046,0.059,0.279,0.256,-0.224
6,A2_3,0.222,-0.064,-0.156,0.084,-0.154,0.626,0.054,-0.114,0.002,1.0,-0.266,-0.277,0.201,-0.102,0.217,0.422
6,B2_1,0.448,-0.651,0.109,0.11,-0.231,-0.272,0.318,0.274,0.431,-0.266,1.0,-0.025,0.113,0.546,0.286,-0.275
6,B2_2,-0.143,0.127,-0.585,0.056,-0.211,-0.512,0.377,-0.289,0.046,-0.277,-0.025,1.0,-0.416,-0.18,-0.618,-0.178
6,B2_3,0.421,-0.41,0.373,0.769,-0.096,-0.063,0.245,-0.017,0.059,0.201,0.113,-0.416,1.0,0.517,0.153,-0.081
6,y1,0.303,-0.656,0.546,0.384,0.188,-0.261,0.427,0.385,0.279,-0.102,0.546,-0.18,0.517,1.0,0.144,-0.224
6,y2,0.232,-0.458,0.448,-0.035,0.233,0.626,-0.551,-0.105,0.256,0.217,0.286,-0.618,0.153,0.144,1.0,0.296
6,y3,0.206,-0.159,-0.399,-0.148,0.346,0.661,0.074,-0.435,-0.224,0.422,-0.275,-0.178,-0.081,-0.224,0.296,1.0
7,.,1.0,-0.81,-0.018,0.356,0.15,0.165,0.421,-0.364,-0.125,0.221,0.444,-0.144,0.422,0.306,0.231,0.208
7,A1_1,-0.81,1.0,-0.231,-0.336,-0.214,-0.053,-0.37,0.247,-0.264,-0.063,-0.65,0.126,-0.411,-0.656,-0.458,-0.159
7,A1_2,-0.018,-0.231,1.0,0.039,0.387,0.003,-0.428,0.311,0.053,-0.156,0.109,-0.585,0.373,0.547,0.447,-0.399
7,A1_3,0.356,-0.336,0.039,1.0,-0.223,-0.095,0.331,-0.041,0.138,0.085,0.109,0.055,0.769,0.384,-0.036,-0.148
7,B1_1,0.15,-0.214,0.387,-0.223,1.0,0.329,-0.228,-0.18,-0.489,-0.156,-0.231,-0.213,-0.098,0.188,0.235,0.346
7,B1_2,0.165,-0.053,0.003,-0.095,0.329,1.0,-0.426,-0.117,-0.226,0.626,-0.272,-0.512,-0.064,-0.263,0.628,0.661
7,B1_3,0.421,-0.37,-0.428,0.331,-0.228,-0.426,1.0,0.04,0.069,0.054,0.317,0.376,0.243,0.427,-0.551,0.074
7,A2_1,-0.364,0.247,0.311,-0.041,-0.18,-0.117,0.04,1.0,0.131,-0.113,0.272,-0.289,-0.018,0.384,-0.106,-0.435
7,A2_2,-0.125,-0.264,0.053,0.138,-0.489,-0.226,0.069,0.131,1.0,0.003,0.434,0.051,0.061,0.28,0.256,-0.224
7,A2_3,0.221,-0.063,-0.156,0.085,-0.156,0.626,0.054,-0.113,0.003,1.0,-0.266,-0.278,0.2,-0.102,0.218,0.422
7,B2_1,0.444,-0.65,0.109,0.109,-0.231,-0.272,0.317,0.272,0.434,-0.266,1.0,-0.022,0.112,0.546,0.287,-0.275
7,B2_2,-0.144,0.126,-0.585,0.055,-0.213,-0.512,0.376,-0.289,0.051,-0.278,-0.022,1.0,-0.417,-0.181,-0.616,-0.179
7,B2_3,0.422,-0.411,0.373,0.769,-0.098,-0.064,0.243,-0.018,0.061,0.2,0.112,-0.417,1.0,0.517,0.155,-0.081
7,y1,0.306,-0.656,0.547,0.384,0.188,-0.263,0.427,0.384,0.28,-0.102,0.546,-0.181,0.517,1.0,0.143,-0.225
7,y2,0.231,-0.458,0.447,-0.036,0.235,0.628,-0.551,-0.106,0.256,0.218,0.287,-0.616,0.155,0.143,1.0,0.297
7,y3,0.208,-0.159,-0.399,-0.148,0.346,0.661,0.074,-0.435,-0.224,0.422,-0.275,-0.179,-0.081,-0.225,0.297,1.0
8,.,1.0,-0.81,-0.019,0.357,0.154,0.165,0.421,-0.364,-0.129,0.22,0.441,-0.144,0.422,0.308,0.229,0.21
8,A1_1,-0.81,1.0,-0.23,-0.335,-0.216,-0.053,-0.371,0.248,-0.264,-0.062,-0.65,0.125,-0.411,-0.656,-0.458,-0.159
8,A1_2,-0.019,-0.23,1.0,0.039,0.387,0.003,-0.428,0.311,0.052,-0.157,0.109,-0.584,0.374,0.547,0.447,-0.399
8,A1_3,0.357,-0.335,0.039,1.0,-0.224,-0.095,0.331,-0.04,0.138,0.086,0.108,0.054,0.769,0.383,-0.037,-0.149
8,B1_1,0.154,-0.216,0.387,-0.224,1.0,0.328,-0.231,-0.181,-0.488,-0.158,-0.232,-0.215,-0.1,0.187,0.236,0.346
8,B1_2,0.165,-0.053,0.003,-0.095,0.328,1.0,-0.428,-0.117,-0.223,0.625,-0.271,-0.512,-0.065,-0.264,0.629,0.661
8,B1_3,0.421,-0.371,-0.428,0.331,-0.231,-0.428,1.0,0.04,0.073,0.054,0.317,0.375,0.241,0.427,-0.55,0.074
8,A2_1,-0.364,0.248,0.311,-0.04,-0.181,-0.117,0.04,1.0,0.133,-0.111,0.271,-0.289,-0.019,0.384,-0.106,-0.435
8,A2_2,-0.129,-0.264,0.052,0.138,-0.488,-0.223,0.073,0.133,1.0,0.003,0.438,0.055,0.064,0.281,0.255,-0.224
8,A2_3,0.22,-0.062,-0.157,0.086,-0.158,0.625,0.054,-0.111,0.003,1.0,-0.266,-0.279,0.199,-0.102,0.218,0.422
8,B2_1,0.441,-0.65,0.109,0.108,-0.232,-0.271,0.317,0.271,0.438,-0.266,1.0,-0.021,0.112,0.546,0.289,-0.274
8,B2_2,-0.144,0.125,-0.584,0.054,-0.215,-0.512,0.375,-0.289,0.055,-0.279,-0.021,1.0,-0.418,-0.181,-0.614,-0.18
8,B2_3,0.422,-0.411,0.374,0.769,-0.1,-0.065,0.241,-0.019,0.064,0.199,0.112,-0.418,1.0,0.517,0.157,-0.081
8,y1,0.308,-0.656,0.547,0.383,0.187,-0.264,0.427,0.384,0.281,-0.102,0.546,-0.181,0.517,1.0,0.143,-0.225
8,y2,0.229,-0.458,0.447,-0.037,0.236,0.629,-0.55,-0.106,0.255,0.218,0.289,-0.614,0.157,0.143,1.0,0.297
8,y3,0.21,-0.159,-0.399,-0.149,0.346,0.661,0.074,-0.435,-0.224,0.422,-0.274,-0.18,-0.081,-0.225,0.297,1.0
9,.,1.0,-0.809,-0.02,0.359,0.157,0.165,0.422,-0.364,-0.133,0.219,0.437,-0.143,0.423,0.31,0.228,0.212
9,A1_1,-0.809,1.0,-0.23,-0.334,-0.217,-0.053,-0.371,0.249,-0.264,-0.061,-0.65,0.124,-0.412,-0.656,-0.458,-0.159
9,A1_2,-0.02,-0.23,1.0,0.039,0.387,0.004,-0.428,0.312,0.051,-0.156,0.109,-0.584,0.374,0.547,0.446,-0.399
9,A1_3,0.359,-0.334,0.039,1.0,-0.226,-0.095,0.331,-0.039,0.138,0.087,0.107,0.053,0.769,0.382,-0.038,-0.149
9,B1_1,0.157,-0.217,0.387,-0.226,1.0,0.326,-0.233,-0.183,-0.487,-0.16,-0.232,-0.216,-0.102,0.187,0.238,0.347
9,B1_2,0.165,-0.053,0.004,-0.095,0.326,1.0,-0.43,-0.118,-0.22,0.624,-0.27,-0.513,-0.066,-0.265,0.631,0.661
9,B1_3,0.422,-0.371,-0.428,0.331,-0.233,-0.43,1.0,0.039,0.076,0.053,0.316,0.374,0.24,0.427,-0.549,0.074
9,A2_1,-0.364,0.249,0.312,-0.039,-0.183,-0.118,0.039,1.0,0.134,-0.11,0.27,-0.289,-0.02,0.383,-0.106,-0.435
9,A2_2,-0.133,-0.264,0.051,0.138,-0.487,-0.22,0.076,0.134,1.0,0.004,0.441,0.059,0.066,0.281,0.255,-0.224
9,A2_3,0.219,-0.061,-0.156,0.087,-0.16,0.624,0.053,-0.11,0.004,1.0,-0.266,-0.279,0.199,-0.102,0.218,0.422
9,B2_1,0.437,-0.65,0.109,0.107,-0.232,-0.27,0.316,0.27,0.441,-0.266,1.0,-0.019,0.112,0.545,0.29,-0.273
9,B2_2,-0.143,0.124,-0.584,0.053,-0.216,-0.513,0.374,-0.289,0.059,-0.279,-0.019,1.0,-0.419,-0.181,-0.613,-0.18
9,B2_3,0.423,-0.412,0.374,0.769,-0.102,-0.066,0.24,-0.02,0.066,0.199,0.112,-0.419,1.0,0.518,0.159,-0.08
9,y1,0.31,-0.656,0.547,0.382,0.187,-0.265,0.427,0.383,0.281,-0.102,0.545,-0.181,0.518,1.0,0.142,-0.225
9,y2,0.228,-0.458,0.446,-0.038,0.238,0.631,-0.549,-0.106,0.255,0.218,0.29,-0.613,0.159,0.142,1.0,0.298
9,y3,0.212,-0.159,-0.399,-0.149,0.347,0.661,0.074,-0.435,-0.224,0.422,-0.273,-0.18,-0.08,-0.225,0.298,1.0
10,.,1.0,-0.809,-0.02,0.36,0.16,0.165,0.423,-0.364,-0.138,0.219,0.433,-0.143,0.423,0.312,0.225,0.213
10,A1_1,-0.809,1.0,-0.23,-0.333,-0.218,-0.054,-0.371,0.25,-0.264,-0.06,-0.65,0.123,-0.413,-0.655,-0.458,-0.159
10,A1_2,-0.02,-0.23,1.0,0.039,0.387,0.004,-0.428,0.312,0.05,-0.156,0.11,-0.583,0.375,0.548,0.446,-0.399
10,A1_3,0.36,-0.333,0.039,1.0,-0.228,-0.095,0.331,-0.038,0.139,0.088,0.106,0.053,0.769,0.382,-0.039,-0.149
10,B1_1,0.16,-0.218,0.387,-0.228,1.0,0.324,-0.236,-0.184,-0.487,-0.162,-0.233,-0.218,-0.104,0.187,0.239,0.347
10,B1_2,0.165,-0.054,0.004,-0.095,0.324,1.0,-0.432,-0.118,-0.218,0.624,-0.27,-0.513,-0.066,-0.266,0.633,0.661
10,B1_3,0.423,-0.371,-0.428,0.331,-0.236,-0.432,1.0,0.039,0.079,0.053,0.316,0.374,0.239,0.428,-0.548,0.074
10,A2_1,-0.364,0.25,0.312,-0.038,-0.184,-0.118,0.039,1.0,0.135,-0.108,0.269,-0.29,-0.021,0.383,-0.106,-0.435
10,A2_2,-0.138,-0.264,0.05,0.139,-0.487,-0.218,0.079,0.135,1.0,0.004,0.445,0.063,0.069,0.281,0.254,-0.224
10,A2_3,0.219,-0.06,-0.156,0.088,-0.162,0.624,0.053,-0.108,0.004,1.0,-0.266,-0.28,0.198,-0.102,0.218,0.422
10,B2_1,0.433,-0.65,0.11,0.106,-0.233,-0.27,0.316,0.269,0.445,-0.266,1.0,-0.016,0.112,0.545,0.292,-0.273
10,B2_2,-0.143,0.123,-0.583,0.053,-0.218,-0.513,0.374,-0.29,0.063,-0.28,-0.016,1.0,-0.419,-0.181,-0.611,-0.181
10,B2_3,0.423,-0.413,0.375,0.769,-0.104,-0.066,0.239,-0.021,0.069,0.198,0.112,-0.419,1.0,0.518,0.161,-0.08
10,y1,0.312,-0.655,0.548,0.382,0.187,-0.266,0.428,0.383,0.281,-0.102,0.545,-0.181,0.518,1.0,0.142,-0.226
10,y2,0.225,-0.458,0.446,-0.039,0.239,0.633,-0.548,-0.106,0.254,0.218,0.292,-0.611,0.161,0.142,1.0,0.298
10,y3,0.213,-0.159,-0.399,-0.149,0.347,0.661,0.074,-0.435,-0.224,0.422,-0.273,-0.181,-0.08,-0.226,0.298,1.0
11,.,1.0,-0.808,-0.021,0.361,0.164,0.163,0.424,-0.364,-0.142,0.217,0.43,-0.142,0.423,0.313,0.223,0.214
11,A1_1,-0.808,1.0,-0.229,-0.332,-0.22,-0.054,-0.372,0.251,-0.263,-0.06,-0.649,0.122,-0.414,-0.655,-0.457,-0.159
11,A1_2,-0.021,-0.229,1.0,0.038,0.387,0.004,-0.428,0.312,0.049,-0.156,0.11,-0.583,0.375,0.548,0.446,-0.399
11,A1_3,0.361,-0.332,0.038,1.0,-0.229,-0.094,0.331,-0.036,0.139,0.089,0.105,0.052,0.768,0.381,-0.04,-0.15
11,B1_1,0.164,-0.22,0.387,-0.229,1.0,0.323,-0.238,-0.186,-0.486,-0.163,-0.233,-0.22,-0.106,0.187,0.24,0.347
11,B1_2,0.163,-0.054,0.004,-0.094,0.323,1.0,-0.434,-0.118,-0.215,0.623,-0.269,-0.513,-0.067,-0.267,0.634,0.66
11,B1_3,0.424,-0.372,-0.428,0.331,-0.238,-0.434,1.0,0.039,0.082,0.053,0.315,0.373,0.237,0.428,-0.547,0.074
11,A2_1,-0.364,0.251,0.312,-0.036,-0.186,-0.118,0.039,1.0,0.136,-0.106,0.267,-0.29,-0.022,0.383,-0.106,-0.434
11,A2_2,-0.142,-0.263,0.049,0.139,-0.486,-0.215,0.082,0.136,1.0,0.004,0.448,0.067,0.071,0.281,0.253,-0.224
11,A2_3,0.217,-0.06,-0.156,0.089,-0.163,0.623,0.053,-0.106,0.004,1.0,-0.266,-0.28,0.197,-0.102,0.218,0.422
11,B2_1,0.43,-0.649,0.11,0.105,-0.233,-0.269,0.315,0.267,0.448,-0.266,1.0,-0.014,0.113,0.544,0.293,-0.273
11,B2_2,-0.142,0.122,-0.583,0.052,-0.22,-0.513,0.373,-0.29,0.067,-0.28,-0.014,1.0,-0.42,-0.181,-0.609,-0.182
11,B2_3,0.423,-0.414,0.375,0.768,-0.106,-0.067,0.237,-0.022,0.071,0.197,0.113,-0.42,1.0,0.518,0.163,-0.08
11,y1,0.313,-0.655,0.548,0.381,0.187,-0.267,0.428,0.383,0.281,-0.102,0.544,-0.181,0.518,1.0,0.141,-0.226
11,y2,0.223,-0.457,0.446,-0.04,0.24,0.634,-0.547,-0.106,0.253,0.218,0.293,-0.609,0.163,0.141,1.0,0.298
11,y3,0.214,-0.159,-0.399,-0.15,0.347,0.66,0.074,-0.434,-0.224,0.422,-0.273,-0.182,-0.08,-0.226,0.298,1.0
12,.,1.0,-0.808,-0.022,0.362,0.168,0.163,0.425,-0.364,-0.146,0.217,0.426,-0.142,0.424,0.314,0.221,0.215
12,A1_1,-0.808,1.0,-0.229,-0.331,-0.221,-0.054,-0.372,0.252,-0.264,-0.059,-0.649,0.121,-0.415,-0.654,-0.457,-0.159
12,A1_2,-0.022,-0.229,1.0,0.038,0.387,0.005,-0.428,0.313,0.048,-0.156,0.11,-0.582,0.376,0.548,0.446,-0.399
12,A1_3,0.362,-0.331,0.038,1.0,-0.231,-0.094,0.33,-0.035,0.139,0.09,0.104,0.051,0.768,0.38,-0.041,-0.15
12,B1_1,0.168,-0.221,0.387,-0.231,1.0,0.321,-0.24,-0.187,-0.486,-0.165,-0.233,-0.221,-0.108,0.187,0.242,0.347
12,B1_2,0.163,-0.054,0.005,-0.094,0.321,1.0,-0.435,-0.119,-0.212,0.623,-0.268,-0.514,-0.068,-0.268,0.636,0.66
12,B1_3,0.425,-0.372,-0.428,0.33,-0.24,-0.435,1.0,0.039,0.085,0.052,0.315,0.372,0.236,0.429,-0.546,0.075
12,A2_1,-0.364,0.252,0.313,-0.035,-0.187,-0.119,0.039,1.0,0.136,-0.105,0.266,-0.29,-0.023,0.383,-0.107,-0.434
12,A2_2,-0.146,-0.264,0.048,0.139,-0.486,-0.212,0.085,0.136,1.0,0.005,0.451,0.071,0.074,0.281,0.253,-0.224
12,A2_3,0.217,-0.059,-0.156,0.09,-0.165,0.623,0.052,-0.105,0.005,1.0,-0.266,-0.281,0.196,-0.102,0.219,0.422
12,B2_1,0.426,-0.649,0.11,0.104,-0.233,-0.268,0.315,0.266,0.451,-0.266,1.0,-0.012,0.113,0.544,0.294,-0.273
12,B2_2,-0.142,0.121,-0.582,0.051,-0.221,-0.514,0.372,-0.29,0.071,-0.281,-0.012,1.0,-0.421,-0.181,-0.608,-0.182
12,B2_3,0.424,-0.415,0.376,0.768,-0.108,-0.068,0.236,-0.023,0.074,0.196,0.113,-0.421,1.0,0.518,0.165,-0.08
12,y1,0.314,-0.654,0.548,0.38,0.187,-0.268,0.429,0.383,0.281,-0.102,0.544,-0.181,0.518,1.0,0.141,-0.226
12,y2,0.221,-0.457,0.446,-0.041,0.242,0.636,-0.546,-0.107,0.253,0.219,0.294,-0.608,0.165,0.141,1.0,0.298
12,y3,0.215,-0.159,-0.399,-0.15,0.347,0.66,0.075,-0.434,-0.224,0.422,-0.273,-0.182,-0.08,-0.226,0.298,1.0
13,.,1.0,-0.807,-0.022,0.363,0.171,0.163,0.425,-0.363,-0.15,0.215,0.422,-0.143,0.424,0.316,0.219,0.217
13,A1_1,-0.807,1.0,-0.229,-0.329,-0.222,-0.054,-0.372,0.253,-0.264,-0.058,-0.649,0.12,-0.415,-0.654,-0.457,-0.159
13,A1_2,-0.022,-0.229,1.0,0.038,0.387,0.005,-0.427,0.313,0.047,-0.156,0.111,-0.581,0.376,0.548,0.446,-0.4
13,A1_3,0.363,-0.329,0.038,1.0,-0.232,-0.094,0.33,-0.034,0.14,0.091,0.102,0.05,0.768,0.38,-0.042,-0.15
13,B1_1,0.171,-0.222,0.387,-0.232,1.0,0.32,-0.242,-0.189,-0.485,-0.167,-0.233,-0.222,-0.109,0.187,0.242,0.346
13,B1_2,0.163,-0.054,0.005,-0.094,0.32,1.0,-0.437,-0.119,-0.21,0.622,-0.268,-0.514,-0.068,-0.269,0.637,0.66
13,B1_3,0.425,-0.372,-0.427,0.33,-0.242,-0.437,1.0,0.039,0.088,0.052,0.315,0.372,0.235,0.429,-0.546,0.074
13,A2_1,-0.363,0.253,0.313,-0.034,-0.189,-0.119,0.039,1.0,0.137,-0.103,0.265,-0.29,-0.024,0.382,-0.107,-0.433
13,A2_2,-0.15,-0.264,0.047,0.14,-0.485,-0.21,0.088,0.137,1.0,0.005,0.454,0.074,0.076,0.282,0.253,-0.224
13,A2_3,0.215,-0.058,-0.156,0.091,-0.167,0.622,0.052,-0.103,0.005,1.0,-0.267,-0.282,0.195,-0.102,0.218,0.421
13,B2_1,0.422,-0.649,0.111,0.102,-0.233,-0.268,0.315,0.265,0.454,-0.267,1.0,-0.01,0.113,0.544,0.296,-0.272
13,B2_2,-0.143,0.12,-0.581,0.05,-0.222,-0.514,0.372,-0.29,0.074,-0.282,-0.01,1.0,-0.421,-0.181,-0.606,-0.183
13,B2_3,0.424,-0.415,0.376,0.768,-0.109,-0.068,0.235,-0.024,0.076,0.195,0.113,-0.421,1.0,0.518,0.167,-0.08
13,y1,0.316,-0.654,0.548,0.38,0.187,-0.269,0.429,0.382,0.282,-0.102,0.544,-0.181,0.518,1.0,0.139,-0.227
13,y2,0.219,-0.457,0.446,-0.042,0.242,0.637,-0.546,-0.107,0.253,0.218,0.296,-0.606,0.167,0.139,1.0,0.298
13,y3,0.217,-0.159,-0.4,-0.15,0.346,0.66,0.074,-0.433,-0.224,0.421,-0.272,-0.183,-0.08,-0.227,0.298,1.0
14,.,1.0,-0.806,-0.022,0.364,0.175,0.162,0.426,-0.363,-0.155,0.213,0.418,-0.143,0.424,0.317,0.216,0.218
14,A1_1,-0.806,1.0,-0.228,-0.328,-0.224,-0.055,-0.373,0.254,-0.264,-0.057,-0.648,0.119,-0.416,-0.653,-0.456,-0.159
14,A1_2,-0.022,-0.228,1.0,0.038,0.387,0.006,-0.427,0.313,0.046,-0.156,0.111,-0.581,0.377,0.548,0.446,-0.4
14,A1_3,0.364,-0.328,0.038,1.0,-0.234,-0.094,0.33,-0.033,0.14,0.092,0.102,0.05,0.768,0.379,-0.043,-0.151
14,B1_1,0.175,-0.224,0.387,-0.234,1.0,0.318,-0.244,-0.19,-0.484,-0.169,-0.233,-0.223,-0.111,0.187,0.243,0.346
14,B1_2,0.162,-0.055,0.006,-0.094,0.318,1.0,-0.439,-0.119,-0.207,0.621,-0.267,-0.514,-0.069,-0.27,0.639,0.659
14,B1_3,0.426,-0.373,-0.427,0.33,-0.244,-0.439,1.0,0.039,0.091,0.052,0.315,0.371,0.234,0.43,-0.545,0.074
14,A2_1,-0.363,0.254,0.313,-0.033,-0.19,-0.119,0.039,1.0,0.138,-0.101,0.264,-0.29,-0.024,0.382,-0.107,-0.433
14,A2_2,-0.155,-0.264,0.046,0.14,-0.484,-0.207,0.091,0.138,1.0,0.006,0.457,0.078,0.079,0.282,0.253,-0.224
14,A2_3,0.213,-0.057,-0.156,0.092,-0.169,0.621,0.052,-0.101,0.006,1.0,-0.267,-0.282,0.194,-0.102,0.218,0.421
14,B2_1,0.418,-0.648,0.111,0.102,-0.233,-0.267,0.315,0.264,0.457,-0.267,1.0,-0.008,0.113,0.543,0.297,-0.272
14,B2_2,-0.143,0.119,-0.581,0.05,-0.223,-0.514,0.371,-0.29,0.078,-0.282,-0.008,1.0,-0.421,-0.181,-0.605,-0.184
14,B2_3,0.424,-0.416,0.377,0.768,-0.111,-0.069,0.234,-0.024,0.079,0.194,0.113,-0.421,1.0,0.519,0.169,-0.08
14,y1,0.317,-0.653,0.548,0.379,0.187,-0.27,0.43,0.382,0.282,-0.102,0.543,-0.181,0.519,1.0,0.139,-0.228
14,y2,0.216,-0.456,0.446,-0.043,0.243,0.639,-0.545,-0.107,0.253,0.218,0.297,-0.605,0.169,0.139,1.0,0.298
14,y3,0.218,-0.159,-0.4,-0.151,0.346,0.659,0.074,-0.433,-0.224,0.421,-0.272,-0.184,-0.08,-0.228,0.298,1.0
15,.,1.0,-0.805,-0.023,0.365,0.179,0.162,0.426,-0.362,-0.159,0.213,0.413,-0.143,0.424,0.318,0.214,0.22
15,A1_1,-0.805,1.0,-0.228,-0.327,-0.225,-0.055,-0.373,0.255,-0.264,-0.056,-0.648,0.118,-0.417,-0.653,-0.456,-0.159
15,A1_2,-0.023,-0.228,1.0,0.038,0.387,0.006,-0.427,0.314,0.046,-0.155,0.112,-0.58,0.377,0.549,0.446,-0.4
15,A1_3,0.365,-0.327,0.038,1.0,-0.235,-0.093,0.33,-0.031,0.14,0.093,0.101,0.049,0.768,0.379,-0.044,-0.151
15,B1_1,0.179,-0.225,0.387,-0.235,1.0,0.317,-0.246,-0.191,-0.483,-0.171,-0.233,-0.224,-0.113,0.187,0.245,0.346
15,B1_2,0.162,-0.055,0.006,-0.093,0.317,1.0,-0.44,-0.12,-0.204,0.621,-0.266,-0.514,-0.07,-0.271,0.64,0.659
15,B1_3,0.426,-0.373,-0.427,0.33,-0.246,-0.44,1.0,0.038,0.094,0.051,0.315,0.371,0.233,0.43,-0.545,0.074
15,A2_1,-0.362,0.255,0.314,-0.031,-0.191,-0.12,0.038,1.0,0.139,-0.1,0.263,-0.29,-0.025,0.382,-0.107,-0.433
15,A2_2,-0.159,-0.264,0.046,0.14,-0.483,-0.204,0.094,0.139,1.0,0.006,0.46,0.081,0.081,0.283,0.253,-0.224
15,A2_3,0.213,-0.056,-0.155,0.093,-0.171,0.621,0.051,-0.1,0.006,1.0,-0.267,-0.283,0.193,-0.102,0.218,0.421
15,B2_1,0.413,-0.648,0.112,0.101,-0.233,-0.266,0.315,0.263,0.46,-0.267,1.0,-0.006,0.114,0.543,0.298,-0.272
15,B2_2,-0.143,0.118,-0.58,0.049,-0.224,-0.514,0.371,-0.29,0.081,-0.283,-0.006,1.0,-0.421,-0.181,-0.604,-0.185
15,B2_3,0.424,-0.417,0.377,0.768,-0.113,-0.07,0.233,-0.025,0.081,0.193,0.114,-0.421,1.0,0.519,0.17,-0.08
15,y1,0.318,-0.653,0.549,0.379,0.187,-0.271,0.43,0.382,0.283,-0.102,0.543,-0.181,0.519,1.0,0.137,-0.228
15,y2,0.214,-0.456,0.446,-0.044,0.245,0.64,-0.545,-0.107,0.253,0.218,0.298,-0.604,0.17,0.137,1.0,0.298
15,y3,0.22,-0.159,-0.4,-0.151,0.346,0.659,0.074,-0.433,-0.224,0.421,-0.272,-0.185,-0.08,-0.228,0.298,1.0
16,.,1.0,-0.803,-0.022,0.366,0.184,0.163,0.426,-0.362,-0.165,0.213,0.407,-0.144,0.424,0.319,0.212,0.222
16,A1_1,-0.803,1.0,-0.228,-0.326,-0.226,-0.055,-0.374,0.256,-0.264,-0.055,-0.648,0.117,-0.418,-0.652,-0.456,-0.159
16,A1_2,-0.022,-0.228,1.0,0.038,0.387,0.007,-0.426,0.314,0.045,-0.155,0.112,-0.58,0.378,0.549,0.445,-0.399
16,A1_3,0.366,-0.326,0.038,1.0,-0.237,-0.093,0.33,-0.029,0.14,0.094,0.1,0.049,0.767,0.378,-0.045,-0.152
16,B1_1,0.184,-0.226,0.387,-0.237,1.0,0.316,-0.248,-0.193,-0.482,-0.173,-0.233,-0.225,-0.115,0.188,0.246,0.347
16,B1_2,0.163,-0.055,0.007,-0.093,0.316,1.0,-0.442,-0.12,-0.202,0.62,-0.266,-0.514,-0.07,-0.272,0.642,0.659
16,B1_3,0.426,-0.374,-0.426,0.33,-0.248,-0.442,1.0,0.039,0.097,0.051,0.315,0.37,0.232,0.431,-0.544,0.073
16,A2_1,-0.362,0.256,0.314,-0.029,-0.193,-0.12,0.039,1.0,0.141,-0.098,0.262,-0.29,-0.026,0.382,-0.108,-0.433
16,A2_2,-0.165,-0.264,0.045,0.14,-0.482,-0.202,0.097,0.141,1.0,0.007,0.463,0.084,0.084,0.283,0.253,-0.224
16,A2_3,0.213,-0.055,-0.155,0.094,-0.173,0.62,0.051,-0.098,0.007,1.0,-0.267,-0.284,0.193,-0.102,0.219,0.421
16,B2_1,0.407,-0.648,0.112,0.1,-0.233,-0.266,0.315,0.262,0.463,-0.267,1.0,-0.004,0.114,0.542,0.298,-0.272
16,B2_2,-0.144,0.117,-0.58,0.049,-0.225,-0.514,0.37,-0.29,0.084,-0.284,-0.004,1.0,-0.421,-0.18,-0.602,-0.186
16,B2_3,0.424,-0.418,0.378,0.767,-0.115,-0.07,0.232,-0.026,0.084,0.193,0.114,-0.421,1.0,0.519,0.171,-0.08
16,y1,0.319,-0.652,0.549,0.378,0.188,-0.272,0.431,0.382,0.283,-0.102,0.542,-0.18,0.519,1.0,0.136,-0.229
16,y2,0.212,-0.456,0.445,-0.045,0.246,0.642,-0.544,-0.108,0.253,0.219,0.298,-0.602,0.171,0.136,1.0,0.299
16,y3,0.222,-0.159,-0.399,-0.152,0.347,0.659,0.073,-0.433,-0.224,0.421,-0.272,-0.186,-0.08,-0.229,0.299,1.0
17,.,1.0,-0.802,-0.022,0.366,0.188,0.164,0.425,-0.362,-0.171,0.212,0.402,-0.146,0.424,0.32,0.21,0.225
17,A1_1,-0.802,1.0,-0.228,-0.325,-0.228,-0.055,-0.374,0.257,-0.264,-0.054,-0.648,0.116,-0.419,-0.651,-0.455,-0.159
17,A1_2,-0.022,-0.228,1.0,0.038,0.388,0.007,-0.426,0.314,0.045,-0.154,0.113,-0.579,0.378,0.549,0.445,-0.399
17,A1_3,0.366,-0.325,0.038,1.0,-0.238,-0.092,0.33,-0.028,0.14,0.095,0.098,0.048,0.767,0.378,-0.046,-0.152
17,B1_1,0.188,-0.228,0.388,-0.238,1.0,0.314,-0.25,-0.194,-0.481,-0.175,-0.233,-0.226,-0.116,0.188,0.248,0.347
17,B1_2,0.164,-0.055,0.007,-0.092,0.314,1.0,-0.444,-0.12,-0.199,0.619,-0.265,-0.515,-0.071,-0.273,0.643,0.659
17,B1_3,0.425,-0.374,-0.426,0.33,-0.25,-0.444,1.0,0.039,0.099,0.05,0.315,0.37,0.231,0.432,-0.544,0.073
17,A2_1,-0.362,0.257,0.314,-0.028,-0.194,-0.12,0.039,1.0,0.143,-0.097,0.26,-0.29,-0.027,0.382,-0.108,-0.433
17,A2_2,-0.171,-0.264,0.045,0.14,-0.481,-0.199,0.099,0.143,1.0,0.008,0.466,0.087,0.086,0.283,0.252,-0.225
17,A2_3,0.212,-0.054,-0.154,0.095,-0.175,0.619,0.05,-0.097,0.008,1.0,-0.267,-0.285,0.192,-0.101,0.219,0.42
17,B2_1,0.402,-0.648,0.113,0.098,-0.233,-0.265,0.315,0.26,0.466,-0.267,1.0,-0.002,0.114,0.541,0.3,-0.272
17,B2_2,-0.146,0.116,-0.579,0.048,-0.226,-0.515,0.37,-0.29,0.087,-0.285,-0.002,1.0,-0.421,-0.18,-0.601,-0.187
17,B2_3,0.424,-0.419,0.378,0.767,-0.116,-0.071,0.231,-0.027,0.086,0.192,0.114,-0.421,1.0,0.519,0.173,-0.08
17,y1,0.32,-0.651,0.549,0.378,0.188,-0.273,0.432,0.382,0.283,-0.101,0.541,-0.18,0.519,1.0,0.135,-0.229
17,y2,0.21,-0.455,0.445,-0.046,0.248,0.643,-0.544,-0.108,0.252,0.219,0.3,-0.601,0.173,0.135,1.0,0.299
17,y3,0.225,-0.159,-0.399,-0.152,0.347,0.659,0.073,-0.433,-0.225,0.42,-0.272,-0.187,-0.08,-0.229,0.299,1.0
18,.,1.0,-0.8,-0.022,0.367,0.193,0.165,0.425,-0.361,-0.176,0.212,0.396,-0.147,0.424,0.321,0.207,0.227
18,A1_1,-0.8,1.0,-0.227,-0.323,-0.229,-0.055,-0.375,0.258,-0.264,-0.054,-0.648,0.115,-0.419,-0.651,-0.455,-0.159
18,A1_2,-0.022,-0.227,1.0,0.038,0.388,0.008,-0.426,0.315,0.044,-0.154,0.113,-0.578,0.379,0.549,0.445,-0.399
18,A1_3,0.367,-0.323,0.038,1.0,-0.239,-0.092,0.329,-0.027,0.14,0.096,0.097,0.048,0.767,0.377,-0.048,-0.153
18,B1_1,0.193,-0.229,0.388,-0.239,1.0,0.313,-0.252,-0.195,-0.481,-0.177,-0.232,-0.227,-0.118,0.188,0.249,0.347
18,B1_2,0.165,-0.055,0.008,-0.092,0.313,1.0,-0.445,-0.121,-0.197,0.618,-0.265,-0.515,-0.071,-0.273,0.644,0.659
18,B1_3,0.425,-0.375,-0.426,0.329,-0.252,-0.445,1.0,0.039,0.102,0.05,0.315,0.369,0.23,0.432,-0.543,0.072
18,A2_1,-0.361,0.258,0.315,-0.027,-0.195,-0.121,0.039,1.0,0.144,-0.095,0.26,-0.29,-0.028,0.382,-0.108,-0.432
18,A2_2,-0.176,-0.264,0.044,0.14,-0.481,-0.197,0.102,0.144,1.0,0.008,0.469,0.09,0.089,0.283,0.252,-0.225
18,A2_3,0.212,-0.054,-0.154,0.096,-0.177,0.618,0.05,-0.095,0.008,1.0,-0.267,-0.285,0.192,-0.101,0.219,0.42
18,B2_1,0.396,-0.648,0.113,0.097,-0.232,-0.265,0.315,0.26,0.469,-0.267,1.0,-0.0,0.115,0.541,0.3,-0.272
18,B2_2,-0.147,0.115,-0.578,0.048,-0.227,-0.515,0.369,-0.29,0.09,-0.285,-0.0,1.0,-0.421,-0.18,-0.599,-0.188
18,B2_3,0.424,-0.419,0.379,0.767,-0.118,-0.071,0.23,-0.028,0.089,0.192,0.115,-0.421,1.0,0.52,0.174,-0.08
18,y1,0.321,-0.651,0.549,0.377,0.188,-0.273,0.432,0.382,0.283,-0.101,0.541,-0.18,0.52,1.0,0.134,-0.23
18,y2,0.207,-0.455,0.445,-0.048,0.249,0.644,-0.543,-0.108,0.252,0.219,0.3,-0.599,0.174,0.134,1.0,0.299
18,y3,0.227,-0.159,-0.399,-0.153,0.347,0.659,0.072,-0.432,-0.225,0.42,-0.272,-0.188,-0.08,-0.23,0.299,1.0
19,.,1.0,-0.798,-0.022,0.367,0.198,0.165,0.424,-0.36,-0.182,0.211,0.391,-0.148,0.424,0.321,0.205,0.228
19,A1_1,-0.798,1.0,-0.227,-0.322,-0.23,-0.056,-0.375,0.258,-0.264,-0.053,-0.648,0.114,-0.42,-0.65,-0.454,-0.159
19,A1_2,-0.022,-0.227,1.0,0.038,0.389,0.008,-0.426,0.315,0.043,-0.153,0.113,-0.577,0.379,0.549,0.444,-0.399
19,A1_3,0.367,-0.322,0.038,1.0,-0.241,-0.092,0.329,-0.025,0.141,0.097,0.096,0.047,0.766,0.376,-0.049,-0.153
19,B1_1,0.198,-0.23,0.389,-0.241,1.0,0.312,-0.253,-0.196,-0.479,-0.178,-0.232,-0.228,-0.12,0.188,0.251,0.346
19,B1_2,0.165,-0.056,0.008,-0.092,0.312,1.0,-0.446,-0.121,-0.195,0.618,-0.264,-0.515,-0.072,-0.274,0.646,0.659
19,B1_3,0.424,-0.375,-0.426,0.329,-0.253,-0.446,1.0,0.038,0.105,0.049,0.315,0.369,0.23,0.432,-0.543,0.072
19,A2_1,-0.36,0.258,0.315,-0.025,-0.196,-0.121,0.038,1.0,0.145,-0.094,0.259,-0.29,-0.029,0.382,-0.108,-0.432
19,A2_2,-0.182,-0.264,0.043,0.141,-0.479,-0.195,0.105,0.145,1.0,0.009,0.472,0.093,0.091,0.284,0.251,-0.225
19,A2_3,0.211,-0.053,-0.153,0.097,-0.178,0.618,0.049,-0.094,0.009,1.0,-0.267,-0.286,0.191,-0.101,0.219,0.42
19,B2_1,0.391,-0.648,0.113,0.096,-0.232,-0.264,0.315,0.259,0.472,-0.267,1.0,0.002,0.115,0.541,0.301,-0.272
19,B2_2,-0.148,0.114,-0.577,0.047,-0.228,-0.515,0.369,-0.29,0.093,-0.286,0.002,1.0,-0.421,-0.18,-0.598,-0.188
19,B2_3,0.424,-0.42,0.379,0.766,-0.12,-0.072,0.23,-0.029,0.091,0.191,0.115,-0.421,1.0,0.52,0.175,-0.08
19,y1,0.321,-0.65,0.549,0.376,0.188,-0.274,0.432,0.382,0.284,-0.101,0.541,-0.18,0.52,1.0,0.133,-0.23
19,y2,0.205,-0.454,0.444,-0.049,0.251,0.646,-0.543,-0.108,0.251,0.219,0.301,-0.598,0.175,0.133,1.0,0.299
19,y3,0.228,-0.159,-0.399,-0.153,0.346,0.659,0.072,-0.432,-0.225,0.42,-0.272,-0.188,-0.08,-0.23,0.299,1.0
20,.,1.0,-0.796,-0.023,0.368,0.202,0.166,0.424,-0.359,-0.187,0.211,0.386,-0.149,0.424,0.322,0.202,0.23
20,A1_1,-0.796,1.0,-0.226,-0.321,-0.232,-0.056,-0.375,0.259,-0.264,-0.052,-0.647,0.113,-0.421,-0.65,-0.454,-0.158
20,A1_2,-0.023,-0.226,1.0,0.038,0.389,0.009,-0.425,0.316,0.042,-0.153,0.113,-0.577,0.379,0.549,0.443,-0.399
20,A1_3,0.368,-0.321,0.038,1.0,-0.242,-0.091,0.329,-0.024,0.141,0.097,0.095,0.047,0.766,0.376,-0.05,-0.154
20,B1_1,0.202,-0.232,0.389,-0.242,1.0,0.311,-0.255,-0.197,-0.479,-0.18,-0.232,-0.228,-0.121,0.189,0.252,0.347
20,B1_2,0.166,-0.056,0.009,-0.091,0.311,1.0,-0.448,-0.121,-0.192,0.617,-0.263,-0.514,-0.073,-0.275,0.648,0.658
20,B1_3,0.424,-0.375,-0.425,0.329,-0.255,-0.448,1.0,0.038,0.108,0.048,0.315,0.369,0.229,0.433,-0.542,0.072
20,A2_1,-0.359,0.259,0.316,-0.024,-0.197,-0.121,0.038,1.0,0.147,-0.092,0.257,-0.29,-0.03,0.382,-0.108,-0.432
20,A2_2,-0.187,-0.264,0.042,0.141,-0.479,-0.192,0.108,0.147,1.0,0.01,0.474,0.096,0.094,0.285,0.251,-0.226
20,A2_3,0.211,-0.052,-0.153,0.097,-0.18,0.617,0.048,-0.092,0.01,1.0,-0.268,-0.286,0.19,-0.101,0.219,0.42
20,B2_1,0.386,-0.647,0.113,0.095,-0.232,-0.263,0.315,0.257,0.474,-0.268,1.0,0.003,0.116,0.54,0.302,-0.272
20,B2_2,-0.149,0.113,-0.577,0.047,-0.228,-0.514,0.369,-0.29,0.096,-0.286,0.003,1.0,-0.421,-0.18,-0.597,-0.189
20,B2_3,0.424,-0.421,0.379,0.766,-0.121,-0.073,0.229,-0.03,0.094,0.19,0.116,-0.421,1.0,0.52,0.176,-0.08
20,y1,0.322,-0.65,0.549,0.376,0.189,-0.275,0.433,0.382,0.285,-0.101,0.54,-0.18,0.52,1.0,0.132,-0.23
20,y2,0.202,-0.454,0.443,-0.05,0.252,0.648,-0.542,-0.108,0.251,0.219,0.302,-0.597,0.176,0.132,1.0,0.3
20,y3,0.23,-0.158,-0.399,-0.154,0.347,0.658,0.072,-0.432,-0.226,0.42,-0.272,-0.189,-0.08,-0.23,0.3,1.0
21,.,1.0,-0.794,-0.023,0.369,0.207,0.167,0.423,-0.359,-0.194,0.21,0.379,-0.15,0.424,0.322,0.2,0.233
21,A1_1,-0.794,1.0,-0.225,-0.319,-0.233,-0.056,-0.376,0.26,-0.264,-0.051,-0.647,0.112,-0.422,-0.649,-0.453,-0.158
21,A1_2,-0.023,-0.225,1.0,0.038,0.389,0.009,-0.425,0.317,0.041,-0.152,0.113,-0.576,0.38,0.549,0.443,-0.4
21,A1_3,0.369,-0.319,0.038,1.0,-0.244,-0.091,0.329,-0.023,0.141,0.098,0.095,0.046,0.766,0.375,-0.051,-0.154
21,B1_1,0.207,-0.233,0.389,-0.244,1.0,0.31,-0.257,-0.198,-0.478,-0.182,-0.231,-0.229,-0.123,0.189,0.253,0.347
21,B1_2,0.167,-0.056,0.009,-0.091,0.31,1.0,-0.449,-0.121,-0.189,0.616,-0.262,-0.514,-0.073,-0.275,0.649,0.658
21,B1_3,0.423,-0.376,-0.425,0.329,-0.257,-0.449,1.0,0.038,0.111,0.048,0.315,0.369,0.228,0.434,-0.542,0.071
21,A2_1,-0.359,0.26,0.317,-0.023,-0.198,-0.121,0.038,1.0,0.148,-0.09,0.256,-0.291,-0.03,0.382,-0.108,-0.431
21,A2_2,-0.194,-0.264,0.041,0.141,-0.478,-0.189,0.111,0.148,1.0,0.011,0.477,0.098,0.097,0.285,0.251,-0.226
21,A2_3,0.21,-0.051,-0.152,0.098,-0.182,0.616,0.048,-0.09,0.011,1.0,-0.268,-0.286,0.189,-0.101,0.219,0.419
21,B2_1,0.379,-0.647,0.113,0.095,-0.231,-0.262,0.315,0.256,0.477,-0.268,1.0,0.005,0.117,0.54,0.302,-0.272
21,B2_2,-0.15,0.112,-0.576,0.046,-0.229,-0.514,0.369,-0.291,0.098,-0.286,0.005,1.0,-0.42,-0.179,-0.596,-0.19
21,B2_3,0.424,-0.422,0.38,0.766,-0.123,-0.073,0.228,-0.03,0.097,0.189,0.117,-0.42,1.0,0.52,0.177,-0.08
21,y1,0.322,-0.649,0.549,0.375,0.189,-0.275,0.434,0.382,0.285,-0.101,0.54,-0.179,0.52,1.0,0.131,-0.231
21,y2,0.2,-0.453,0.443,-0.051,0.253,0.649,-0.542,-0.108,0.251,0.219,0.302,-0.596,0.177,0.131,1.0,0.3
21,y3,0.233,-0.158,-0.4,-0.154,0.347,0.658,0.071,-0.431,-0.226,0.419,-0.272,-0.19,-0.08,-0.231,0.3,1.0
22,.,1.0,-0.792,-0.022,0.369,0.212,0.169,0.421,-0.358,-0.2,0.21,0.373,-0.152,0.423,0.322,0.198,0.235
22,A1_1,-0.792,1.0,-0.225,-0.318,-0.234,-0.057,-0.376,0.261,-0.264,-0.049,-0.647,0.111,-0.422,-0.648,-0.453,-0.158
22,A1_2,-0.022,-0.225,1.0,0.038,0.389,0.01,-0.425,0.317,0.04,-0.152,0.114,-0.575,0.38,0.549,0.443,-0.4
22,A1_3,0.369,-0.318,0.038,1.0,-0.245,-0.09,0.329,-0.021,0.141,0.099,0.094,0.046,0.765,0.375,-0.052,-0.154
22,B1_1,0.212,-0.234,0.389,-0.245,1.0,0.309,-0.258,-0.199,-0.477,-0.183,-0.231,-0.23,-0.124,0.189,0.254,0.347
22,B1_2,0.169,-0.057,0.01,-0.09,0.309,1.0,-0.451,-0.121,-0.186,0.616,-0.262,-0.514,-0.074,-0.276,0.651,0.658
22,B1_3,0.421,-0.376,-0.425,0.329,-0.258,-0.451,1.0,0.038,0.113,0.047,0.315,0.369,0.228,0.434,-0.542,0.07
22,A2_1,-0.358,0.261,0.317,-0.021,-0.199,-0.121,0.038,1.0,0.15,-0.089,0.256,-0.291,-0.031,0.382,-0.108,-0.431
22,A2_2,-0.2,-0.264,0.04,0.141,-0.477,-0.186,0.113,0.15,1.0,0.011,0.479,0.101,0.099,0.285,0.25,-0.226
22,A2_3,0.21,-0.049,-0.152,0.099,-0.183,0.616,0.047,-0.089,0.011,1.0,-0.268,-0.287,0.188,-0.101,0.219,0.419
22,B2_1,0.373,-0.647,0.114,0.094,-0.231,-0.262,0.315,0.256,0.479,-0.268,1.0,0.007,0.117,0.54,0.303,-0.272
22,B2_2,-0.152,0.111,-0.575,0.046,-0.23,-0.514,0.369,-0.291,0.101,-0.287,0.007,1.0,-0.42,-0.179,-0.594,-0.19
22,B2_3,0.423,-0.422,0.38,0.765,-0.124,-0.074,0.228,-0.031,0.099,0.188,0.117,-0.42,1.0,0.52,0.178,-0.08
22,y1,0.322,-0.648,0.549,0.375,0.189,-0.276,0.434,0.382,0.285,-0.101,0.54,-0.179,0.52,1.0,0.13,-0.231
22,y2,0.198,-0.453,0.443,-0.052,0.254,0.651,-0.542,-0.108,0.25,0.219,0.303,-0.594,0.178,0.13,1.0,0.3
22,y3,0.235,-0.158,-0.4,-0.154,0.347,0.658,0.07,-0.431,-0.226,0.419,-0.272,-0.19,-0.08,-0.231,0.3,1.0
23,.,1.0,-0.79,-0.022,0.369,0.216,0.17,0.42,-0.357,-0.206,0.21,0.368,-0.153,0.422,0.323,0.196,0.237
23,A1_1,-0.79,1.0,-0.224,-0.317,-0.236,-0.057,-0.376,0.262,-0.264,-0.048,-0.647,0.109,-0.423,-0.648,-0.452,-0.158
23,A1_2,-0.022,-0.224,1.0,0.038,0.389,0.01,-0.424,0.318,0.04,-0.152,0.114,-0.574,0.38,0.55,0.442,-0.4
23,A1_3,0.369,-0.317,0.038,1.0,-0.246,-0.09,0.328,-0.02,0.141,0.1,0.093,0.045,0.765,0.375,-0.052,-0.155
23,B1_1,0.216,-0.236,0.389,-0.246,1.0,0.307,-0.26,-0.2,-0.476,-0.185,-0.23,-0.23,-0.126,0.19,0.256,0.346
23,B1_2,0.17,-0.057,0.01,-0.09,0.307,1.0,-0.452,-0.121,-0.184,0.615,-0.261,-0.514,-0.075,-0.276,0.652,0.658
