,,.,A1_1,A1_2,A1_3,B1_1,B1_2,B1_3,A2_1,A2_2,A2_3,B2_1,B2_2,B2_3,y1,y2,y3
1,.,1.0,-0.009,-0.324,-0.172,-0.478,-0.524,-0.057,0.213,0.001,0.482,-0.559,-0.621,-0.579,-0.803,-0.461,-0.573
1,A1_1,-0.009,1.0,0.879,0.779,-0.205,-0.139,-0.607,0.678,0.769,0.742,-0.495,-0.491,-0.533,0.532,0.827,0.737
1,A1_2,-0.324,0.879,1.0,0.923,-0.13,-0.101,-0.552,0.531,0.647,0.593,-0.404,-0.351,-0.219,0.679,0.869,0.901
1,A1_3,-0.172,0.779,0.923,1.0,-0.459,-0.456,-0.684,0.648,0.668,0.748,-0.565,-0.603,-0.096,0.414,0.63,0.826
1,B1_1,-0.478,-0.205,-0.13,-0.459,1.0,0.971,0.731,-0.748,-0.527,-0.754,0.512,0.868,0.023,0.481,0.231,-0.114
1,B1_2,-0.524,-0.139,-0.101,-0.456,0.971,1.0,0.596,-0.608,-0.369,-0.738,0.636,0.892,0.003,0.565,0.323,-0.026
1,B1_3,-0.057,-0.607,-0.552,-0.684,0.731,0.596,1.0,-0.956,-0.907,-0.749,0.229,0.656,0.211,-0.127,-0.374,-0.599
1,A2_1,0.213,0.678,0.531,0.648,-0.748,-0.608,-0.956,1.0,0.945,0.827,-0.32,-0.716,-0.297,0.082,0.385,0.548
1,A2_2,0.001,0.769,0.647,0.668,-0.527,-0.369,-0.907,0.945,1.0,0.723,-0.199,-0.544,-0.31,0.343,0.58,0.668
1,A2_3,0.482,0.742,0.593,0.748,-0.754,-0.738,-0.749,0.827,0.723,1.0,-0.79,-0.943,-0.496,-0.113,0.292,0.391
1,B2_1,-0.559,-0.495,-0.404,-0.565,0.512,0.636,0.229,-0.32,-0.199,-0.79,1.0,0.831,0.427,0.294,-0.031,-0.066
1,B2_2,-0.621,-0.491,-0.351,-0.603,0.868,0.892,0.656,-0.716,-0.544,-0.943,0.831,1.0,0.397,0.402,0.033,-0.139
1,B2_3,-0.579,-0.533,-0.219,-0.096,0.023,0.003,0.211,-0.297,-0.31,-0.496,0.427,0.397,1.0,0.098,-0.269,0.095
1,y1,-0.803,0.532,0.679,0.414,0.481,0.565,-0.127,0.082,0.343,-0.113,0.294,0.402,0.098,1.0,0.88,0.796
1,y2,-0.461,0.827,0.869,0.63,0.231,0.323,-0.374,0.385,0.58,0.292,-0.031,0.033,-0.269,0.88,1.0,0.86
1,y3,-0.573,0.737,0.901,0.826,-0.114,-0.026,-0.599,0.548,0.668,0.391,-0.066,-0.139,0.095,0.796,0.86,1.0
2,.,1.0,-0.277,0.09,-0.586,0.036,-0.311,0.173,-0.293,0.02,-0.038,-0.004,-0.145,-0.271,-0.829,-0.855,-0.619
2,A1_1,-0.277,1.0,0.902,0.558,-0.892,-0.803,-0.919,0.955,0.928,0.827,-0.576,-0.634,-0.661,0.464,0.386,0.583
2,A1_2,0.09,0.902,1.0,0.402,-0.875,-0.928,-0.888,0.89,0.962,0.861,-0.628,-0.725,-0.811,0.237,0.144,0.504
2,A1_3,-0.586,0.558,0.402,1.0,-0.639,-0.278,-0.6,0.693,0.306,0.322,-0.102,-0.096,0.026,0.791,0.641,0.646
2,B1_1,0.036,-0.892,-0.875,-0.639,1.0,0.874,0.891,-0.91,-0.812,-0.668,0.426,0.533,0.513,-0.35,-0.19,-0.398
2,B1_2,-0.311,-0.803,-0.928,-0.278,0.874,1.0,0.827,-0.793,-0.9,-0.758,0.612,0.701,0.756,0.03,0.111,-0.218
2,B1_3,0.173,-0.919,-0.888,-0.6,0.891,0.827,1.0,-0.93,-0.874,-0.745,0.715,0.76,0.552,-0.48,-0.442,-0.643
2,A2_1,-0.293,0.955,0.89,0.693,-0.91,-0.793,-0.93,1.0,0.864,0.739,-0.52,-0.531,-0.573,0.555,0.44,0.666
2,A2_2,0.02,0.928,0.962,0.306,-0.812,-0.9,-0.874,0.864,1.0,0.92,-0.668,-0.757,-0.871,0.187,0.142,0.453
2,A2_3,-0.038,0.827,0.861,0.322,-0.668,-0.758,-0.745,0.739,0.92,1.0,-0.592,-0.72,-0.898,0.155,0.128,0.426
2,B2_1,-0.004,-0.576,-0.628,-0.102,0.426,0.612,0.715,-0.52,-0.668,-0.592,1.0,0.928,0.478,-0.131,-0.325,-0.494
2,B2_2,-0.145,-0.634,-0.725,-0.096,0.533,0.701,0.76,-0.531,-0.757,-0.72,0.928,1.0,0.607,-0.064,-0.201,-0.408
2,B2_3,-0.271,-0.661,-0.811,0.026,0.513,0.756,0.552,-0.573,-0.871,-0.898,0.478,0.607,1.0,0.15,0.193,-0.197
2,y1,-0.829,0.464,0.237,0.791,-0.35,0.03,-0.48,0.555,0.187,0.155,-0.131,-0.064,0.15,1.0,0.939,0.869
2,y2,-0.855,0.386,0.144,0.641,-0.19,0.111,-0.442,0.44,0.142,0.128,-0.325,-0.201,0.193,0.939,1.0,0.878
2,y3,-0.619,0.583,0.504,0.646,-0.398,-0.218,-0.643,0.666,0.453,0.426,-0.494,-0.408,-0.197,0.869,0.878,1.0
3,.,1.0,-0.293,0.095,0.152,0.14,0.008,-0.281,-0.246,0.325,0.115,-0.212,0.009,-0.413,-0.659,-0.77,-0.699
3,A1_1,-0.293,1.0,0.613,0.564,-0.298,-0.525,-0.279,0.637,0.525,0.764,-0.484,-0.583,-0.646,0.47,0.243,0.529
3,A1_2,0.095,0.613,1.0,0.752,-0.267,-0.696,-0.369,0.46,0.805,0.736,-0.373,-0.516,-0.59,0.316,-0.074,0.124
3,A1_3,0.152,0.564,0.752,1.0,-0.707,-0.885,-0.623,0.753,0.755,0.884,-0.213,-0.719,-0.817,0.023,0.127,0.29
3,B1_1,0.14,-0.298,-0.267,-0.707,1.0,0.827,0.343,-0.716,-0.45,-0.587,-0.191,0.751,0.44,0.286,-0.277,-0.243
3,B1_2,0.008,-0.525,-0.696,-0.885,0.827,1.0,0.552,-0.808,-0.754,-0.794,0.159,0.884,0.686,0.037,-0.203,-0.257
3,B1_3,-0.281,-0.279,-0.369,-0.623,0.343,0.552,1.0,-0.743,-0.285,-0.41,0.582,0.441,0.715,-0.047,-0.289,-0.389
3,A2_1,-0.246,0.637,0.46,0.753,-0.716,-0.808,-0.743,1.0,0.352,0.614,-0.43,-0.783,-0.677,0.25,0.6,0.695
3,A2_2,0.325,0.525,0.805,0.755,-0.45,-0.754,-0.285,0.352,1.0,0.881,-0.084,-0.59,-0.678,-0.168,-0.366,-0.199
3,A2_3,0.115,0.764,0.736,0.884,-0.587,-0.794,-0.41,0.614,0.881,1.0,-0.178,-0.688,-0.827,0.017,-0.05,0.186
3,B2_1,-0.212,-0.484,-0.373,-0.213,-0.191,0.159,0.582,-0.43,-0.084,-0.178,1.0,0.35,0.578,-0.345,-0.095,-0.3
3,B2_2,0.009,-0.583,-0.516,-0.719,0.751,0.884,0.441,-0.783,-0.59,-0.688,0.35,1.0,0.712,0.064,-0.197,-0.259
3,B2_3,-0.413,-0.646,-0.59,-0.817,0.44,0.686,0.715,-0.677,-0.678,-0.827,0.578,0.712,1.0,0.077,0.065,-0.182
3,y1,-0.659,0.47,0.316,0.023,0.286,0.037,-0.047,0.25,-0.168,0.017,-0.345,0.064,0.077,1.0,0.642,0.748
3,y2,-0.77,0.243,-0.074,0.127,-0.277,-0.203,-0.289,0.6,-0.366,-0.05,-0.095,-0.197,0.065,0.642,1.0,0.929
3,y3,-0.699,0.529,0.124,0.29,-0.243,-0.257,-0.389,0.695,-0.199,0.186,-0.3,-0.259,-0.182,0.748,0.929,1.0
4,.,1.0,-0.182,-0.362,-0.172,-0.088,-0.046,-0.118,-0.037,0.203,-0.069,-0.543,-0.302,-0.382,-0.562,-0.749,-0.763
4,A1_1,-0.182,1.0,0.731,0.718,-0.257,-0.485,-0.408,0.264,0.516,0.769,-0.354,-0.628,-0.413,-0.032,0.361,0.247
4,A1_2,-0.362,0.731,1.0,0.686,-0.286,-0.593,-0.48,-0.014,0.261,0.503,-0.034,-0.572,-0.271,-0.148,0.449,0.208
4,A1_3,-0.172,0.718,0.686,1.0,-0.587,-0.848,-0.735,0.266,0.446,0.602,-0.406,-0.577,-0.449,-0.023,0.542,0.367
4,B1_1,-0.088,-0.257,-0.286,-0.587,1.0,0.699,0.478,-0.642,-0.7,-0.561,0.375,0.511,0.672,0.543,0.005,0.113
4,B1_2,-0.046,-0.485,-0.593,-0.848,0.699,1.0,0.885,-0.432,-0.65,-0.482,0.649,0.784,0.698,0.231,-0.329,-0.158
4,B1_3,-0.118,-0.408,-0.48,-0.735,0.478,0.885,1.0,-0.391,-0.525,-0.519,0.652,0.707,0.733,0.182,-0.317,-0.204
4,A2_1,-0.037,0.264,-0.014,0.266,-0.642,-0.432,-0.391,1.0,0.864,0.594,-0.522,-0.407,-0.697,-0.29,-0.052,0.053
4,A2_2,0.203,0.516,0.261,0.446,-0.7,-0.65,-0.525,0.864,1.0,0.669,-0.753,-0.77,-0.859,-0.464,-0.133,-0.145
4,A2_3,-0.069,0.769,0.503,0.602,-0.561,-0.482,-0.519,0.594,0.669,1.0,-0.374,-0.618,-0.73,-0.299,0.213,0.167
4,B2_1,-0.543,-0.354,-0.034,-0.406,0.375,0.649,0.652,-0.522,-0.753,-0.374,1.0,0.781,0.78,0.205,0.112,0.116
4,B2_2,-0.302,-0.628,-0.572,-0.577,0.511,0.784,0.707,-0.407,-0.77,-0.618,0.781,1.0,0.852,0.374,-0.056,0.091
4,B2_3,-0.382,-0.413,-0.271,-0.449,0.672,0.698,0.733,-0.697,-0.859,-0.73,0.78,0.852,1.0,0.526,0.106,0.153
4,y1,-0.562,-0.032,-0.148,-0.023,0.543,0.231,0.182,-0.29,-0.464,-0.299,0.205,0.374,0.526,1.0,0.718,0.825
4,y2,-0.749,0.361,0.449,0.542,0.005,-0.329,-0.317,-0.052,-0.133,0.213,0.112,-0.056,0.106,0.718,1.0,0.952
4,y3,-0.763,0.247,0.208,0.367,0.113,-0.158,-0.204,0.053,-0.145,0.167,0.116,0.091,0.153,0.825,0.952,1.0
5,.,1.0,-0.19,-0.177,-0.066,-0.055,-0.139,-0.076,-0.098,0.007,-0.253,-0.263,-0.146,-0.236,-0.709,-0.73,-0.661
5,A1_1,-0.19,1.0,0.653,0.461,-0.192,-0.472,-0.723,0.613,0.688,0.571,-0.652,-0.61,-0.695,-0.001,0.067,0.151
5,A1_2,-0.177,0.653,1.0,0.699,-0.264,-0.563,-0.12,0.56,0.482,0.542,-0.428,-0.343,-0.295,0.273,-0.057,-0.053
5,A1_3,-0.066,0.461,0.699,1.0,-0.782,-0.631,-0.313,0.687,0.736,0.876,-0.272,-0.315,-0.545,0.247,0.001,-0.095
5,B1_1,-0.055,-0.192,-0.264,-0.782,1.0,0.668,0.295,-0.689,-0.699,-0.735,0.317,0.276,0.616,-0.309,0.05,0.003
5,B1_2,-0.139,-0.472,-0.563,-0.631,0.668,1.0,0.49,-0.428,-0.602,-0.437,0.819,0.791,0.665,-0.361,-0.081,-0.254
5,B1_3,-0.076,-0.723,-0.12,-0.313,0.295,0.49,1.0,-0.267,-0.626,-0.417,0.66,0.798,0.835,0.144,-0.241,-0.301
5,A2_1,-0.098,0.613,0.56,0.687,-0.689,-0.428,-0.267,1.0,0.776,0.799,-0.33,-0.105,-0.597,0.087,-0.323,-0.234
5,A2_2,0.007,0.688,0.482,0.736,-0.699,-0.602,-0.626,0.776,1.0,0.892,-0.494,-0.494,-0.861,-0.013,-0.058,-0.1
5,A2_3,-0.253,0.571,0.542,0.876,-0.735,-0.437,-0.417,0.799,0.892,1.0,-0.177,-0.225,-0.634,0.174,0.07,-0.066
5,B2_1,-0.263,-0.652,-0.428,-0.272,0.317,0.819,0.66,-0.33,-0.494,-0.177,1.0,0.897,0.754,-0.094,0.022,-0.234
5,B2_2,-0.146,-0.61,-0.343,-0.315,0.276,0.791,0.798,-0.105,-0.494,-0.225,0.897,1.0,0.743,-0.145,-0.3,-0.424
5,B2_3,-0.236,-0.695,-0.295,-0.545,0.616,0.665,0.835,-0.597,-0.861,-0.634,0.754,0.743,1.0,0.095,0.049,-0.021
5,y1,-0.709,-0.001,0.273,0.247,-0.309,-0.361,0.144,0.087,-0.013,0.174,-0.094,-0.145,0.095,1.0,0.681,0.742
5,y2,-0.73,0.067,-0.057,0.001,0.05,-0.081,-0.241,-0.323,-0.058,0.07,0.022,-0.3,0.049,0.681,1.0,0.9
5,y3,-0.661,0.151,-0.053,-0.095,0.003,-0.254,-0.301,-0.234,-0.1,-0.066,-0.234,-0.424,-0.021,0.742,0.9,1.0
6,.,1.0,-0.266,-0.229,-0.108,-0.321,-0.308,-0.15,-0.287,-0.12,-0.343,-0.313,-0.217,-0.319,-0.481,-0.535,-0.597
6,A1_1,-0.266,1.0,0.651,0.467,-0.02,-0.59,-0.571,0.53,0.549,0.494,-0.673,-0.534,-0.541,0.297,-0.114,0.019
6,A1_2,-0.229,0.651,1.0,0.748,-0.386,-0.681,-0.33,0.51,0.632,0.498,-0.579,-0.751,-0.395,0.394,0.217,0.153
6,A1_3,-0.108,0.467,0.748,1.0,-0.618,-0.556,-0.683,0.684,0.809,0.718,-0.372,-0.587,-0.532,0.108,-0.128,-0.172
6,B1_1,-0.321,-0.02,-0.386,-0.618,1.0,0.641,0.624,-0.604,-0.556,-0.465,0.505,0.716,0.7,-0.147,0.065,0.042
6,B1_2,-0.308,-0.59,-0.681,-0.556,0.641,1.0,0.653,-0.392,-0.514,-0.458,0.91,0.959,0.826,-0.392,-0.002,-0.067
6,B1_3,-0.15,-0.571,-0.33,-0.683,0.624,0.653,1.0,-0.693,-0.637,-0.619,0.606,0.565,0.864,-0.121,0.366,0.212
6,A2_1,-0.287,0.53,0.51,0.684,-0.604,-0.392,-0.693,1.0,0.792,0.69,-0.413,-0.504,-0.574,0.132,-0.159,-0.055
6,A2_2,-0.12,0.549,0.632,0.809,-0.556,-0.514,-0.637,0.792,1.0,0.862,-0.504,-0.621,-0.636,-0.104,-0.371,-0.27
6,A2_3,-0.343,0.494,0.498,0.718,-0.465,-0.458,-0.619,0.69,0.862,1.0,-0.337,-0.537,-0.533,0.185,-0.075,0.053
6,B2_1,-0.313,-0.673,-0.579,-0.372,0.505,0.91,0.606,-0.413,-0.504,-0.337,1.0,0.873,0.871,-0.257,0.176,0.01
6,B2_2,-0.217,-0.534,-0.751,-0.587,0.716,0.959,0.565,-0.504,-0.621,-0.537,0.873,1.0,0.773,-0.37,-0.051,-0.099
6,B2_3,-0.319,-0.541,-0.395,-0.532,0.7,0.826,0.864,-0.574,-0.636,-0.533,0.871,0.773,1.0,-0.149,0.343,0.121
6,y1,-0.481,0.297,0.394,0.108,-0.147,-0.392,-0.121,0.132,-0.104,0.185,-0.257,-0.37,-0.149,1.0,0.847,0.906
6,y2,-0.535,-0.114,0.217,-0.128,0.065,-0.002,0.366,-0.159,-0.371,-0.075,0.176,-0.051,0.343,0.847,1.0,0.919
6,y3,-0.597,0.019,0.153,-0.172,0.042,-0.067,0.212,-0.055,-0.27,0.053,0.01,-0.099,0.121,0.906,0.919,1.0
7,.,1.0,-0.384,-0.22,-0.148,-0.264,-0.166,-0.432,-0.058,-0.187,-0.087,-0.057,-0.321,-0.392,-0.738,-0.636,-0.68
7,A1_1,-0.384,1.0,0.796,0.403,-0.112,-0.572,-0.373,0.547,0.865,0.715,-0.529,-0.371,-0.373,0.06,0.045,0.09
7,A1_2,-0.22,0.796,1.0,0.776,-0.434,-0.762,-0.408,0.614,0.849,0.541,-0.727,-0.648,-0.545,0.144,-0.016,0.184
7,A1_3,-0.148,0.403,0.776,1.0,-0.675,-0.507,-0.405,0.588,0.647,0.399,-0.338,-0.429,-0.4,0.214,-0.091,0.241
7,B1_1,-0.264,-0.112,-0.434,-0.675,1.0,0.559,0.665,-0.611,-0.52,-0.473,0.258,0.612,0.728,-0.042,-0.022,-0.07
7,B1_2,-0.166,-0.572,-0.762,-0.507,0.559,1.0,0.699,-0.666,-0.623,-0.352,0.92,0.95,0.87,-0.074,-0.124,-0.099
7,B1_3,-0.432,-0.373,-0.408,-0.405,0.665,0.699,1.0,-0.421,-0.506,-0.56,0.423,0.695,0.791,0.153,0.107,0.045
7,A2_1,-0.058,0.547,0.614,0.588,-0.611,-0.666,-0.421,1.0,0.724,0.46,-0.467,-0.498,-0.626,-0.026,0.015,-0.122
7,A2_2,-0.187,0.865,0.849,0.647,-0.52,-0.623,-0.506,0.724,1.0,0.876,-0.458,-0.463,-0.602,-0.076,-0.09,-0.044
7,A2_3,-0.087,0.715,0.541,0.399,-0.473,-0.352,-0.56,0.46,0.876,1.0,-0.124,-0.237,-0.508,-0.2,-0.127,-0.12
7,B2_1,-0.057,-0.529,-0.727,-0.338,0.258,0.92,0.423,-0.467,-0.458,-0.124,1.0,0.879,0.695,-0.144,-0.192,-0.158
7,B2_2,-0.321,-0.371,-0.648,-0.429,0.612,0.95,0.695,-0.498,-0.463,-0.237,0.879,1.0,0.855,-0.069,-0.116,-0.12
7,B2_3,-0.392,-0.373,-0.545,-0.4,0.728,0.87,0.791,-0.626,-0.602,-0.508,0.695,0.855,1.0,0.161,-0.022,0.122
7,y1,-0.738,0.06,0.144,0.214,-0.042,-0.074,0.153,-0.026,-0.076,-0.2,-0.144,-0.069,0.161,1.0,0.877,0.976
7,y2,-0.636,0.045,-0.016,-0.091,-0.022,-0.124,0.107,0.015,-0.09,-0.127,-0.192,-0.116,-0.022,0.877,1.0,0.831
7,y3,-0.68,0.09,0.184,0.241,-0.07,-0.099,0.045,-0.122,-0.044,-0.12,-0.158,-0.12,0.122,0.976,0.831,1.0
8,.,1.0,-0.539,-0.345,-0.27,-0.095,-0.111,-0.187,-0.193,-0.331,-0.305,-0.113,-0.086,-0.039,-0.584,-0.61,-0.62
8,A1_1,-0.539,1.0,0.702,0.329,0.023,-0.379,-0.39,0.438,0.699,0.657,-0.319,-0.395,-0.36,0.154,0.007,0.304
8,A1_2,-0.345,0.702,1.0,0.73,-0.311,-0.596,-0.372,0.73,0.781,0.64,-0.72,-0.55,-0.457,0.037,-0.024,0.182
8,A1_3,-0.27,0.329,0.73,1.0,-0.567,-0.48,-0.312,0.605,0.812,0.7,-0.59,-0.522,-0.349,-0.068,-0.004,-0.096
8,B1_1,-0.095,0.023,-0.311,-0.567,1.0,0.647,0.56,-0.769,-0.58,-0.479,0.57,0.637,0.705,-0.072,0.059,0.11
8,B1_2,-0.111,-0.379,-0.596,-0.48,0.647,1.0,0.771,-0.597,-0.545,-0.328,0.937,0.955,0.881,-0.283,-0.08,-0.217
8,B1_3,-0.187,-0.39,-0.372,-0.312,0.56,0.771,1.0,-0.478,-0.53,-0.525,0.582,0.646,0.661,-0.093,0.081,-0.124
8,A2_1,-0.193,0.438,0.73,0.605,-0.769,-0.597,-0.478,1.0,0.799,0.7,-0.593,-0.554,-0.68,-0.006,-0.176,-0.008
8,A2_2,-0.331,0.699,0.781,0.812,-0.58,-0.545,-0.53,0.799,1.0,0.939,-0.521,-0.588,-0.549,-0.111,-0.211,-0.096
8,A2_3,-0.305,0.657,0.64,0.7,-0.479,-0.328,-0.525,0.7,0.939,1.0,-0.278,-0.341,-0.322,-0.241,-0.293,-0.161
8,B2_1,-0.113,-0.319,-0.72,-0.59,0.57,0.937,0.582,-0.593,-0.521,-0.278,1.0,0.898,0.74,-0.195,-0.069,-0.173
8,B2_2,-0.086,-0.395,-0.55,-0.522,0.637,0.955,0.646,-0.554,-0.588,-0.341,0.898,1.0,0.881,-0.225,-0.02,-0.091
8,B2_3,-0.039,-0.36,-0.457,-0.349,0.705,0.881,0.661,-0.68,-0.549,-0.322,0.74,0.881,1.0,-0.257,0.035,-0.096
8,y1,-0.584,0.154,0.037,-0.068,-0.072,-0.283,-0.093,-0.006,-0.111,-0.241,-0.195,-0.225,-0.257,1.0,0.935,0.923
8,y2,-0.61,0.007,-0.024,-0.004,0.059,-0.08,0.081,-0.176,-0.211,-0.293,-0.069,-0.02,0.035,0.935,1.0,0.895
8,y3,-0.62,0.304,0.182,-0.096,0.11,-0.217,-0.124,-0.008,-0.096,-0.161,-0.173,-0.091,-0.096,0.923,0.895,1.0
9,.,1.0,-0.073,-0.132,-0.284,-0.221,-0.218,-0.256,-0.172,-0.025,-0.112,-0.274,-0.259,-0.32,-0.614,-0.646,-0.629
9,A1_1,-0.073,1.0,0.872,0.689,-0.237,-0.443,-0.345,0.583,0.764,0.688,-0.499,-0.495,-0.376,-0.087,-0.064,-0.099
9,A1_2,-0.132,0.872,1.0,0.719,-0.273,-0.531,-0.335,0.749,0.807,0.446,-0.733,-0.608,-0.539,-0.007,0.199,0.04
9,A1_3,-0.284,0.689,0.719,1.0,-0.478,-0.49,-0.297,0.704,0.83,0.724,-0.445,-0.558,-0.336,-0.268,0.135,-0.105
9,B1_1,-0.221,-0.237,-0.273,-0.478,1.0,0.751,0.578,-0.599,-0.531,-0.575,0.581,0.773,0.696,0.12,-0.154,0.013
9,B1_2,-0.218,-0.443,-0.531,-0.49,0.751,1.0,0.74,-0.417,-0.386,-0.336,0.866,0.927,0.654,-0.022,-0.359,-0.235
9,B1_3,-0.256,-0.345,-0.335,-0.297,0.578,0.74,1.0,-0.347,-0.244,-0.429,0.523,0.513,0.398,0.025,-0.153,-0.079
9,A2_1,-0.172,0.583,0.749,0.704,-0.599,-0.417,-0.347,1.0,0.887,0.61,-0.541,-0.494,-0.547,-0.08,0.159,-0.079
9,A2_2,-0.025,0.764,0.807,0.83,-0.531,-0.386,-0.244,0.887,1.0,0.738,-0.523,-0.554,-0.584,-0.323,-0.1,-0.321
9,A2_3,-0.112,0.688,0.446,0.724,-0.575,-0.336,-0.429,0.61,0.738,1.0,-0.138,-0.353,-0.282,-0.224,-0.169,-0.243
9,B2_1,-0.274,-0.499,-0.733,-0.445,0.581,0.866,0.523,-0.541,-0.523,-0.138,1.0,0.913,0.804,0.005,-0.316,-0.145
9,B2_2,-0.259,-0.495,-0.608,-0.558,0.773,0.927,0.513,-0.494,-0.554,-0.353,0.913,1.0,0.821,0.063,-0.275,-0.116
9,B2_3,-0.32,-0.376,-0.539,-0.336,0.696,0.654,0.398,-0.547,-0.584,-0.282,0.804,0.821,1.0,-0.034,-0.207,-0.049
9,y1,-0.614,-0.087,-0.007,-0.268,0.12,-0.022,0.025,-0.08,-0.323,-0.224,0.005,0.063,-0.034,1.0,0.803,0.935
9,y2,-0.646,-0.064,0.199,0.135,-0.154,-0.359,-0.153,0.159,-0.1,-0.169,-0.316,-0.275,-0.207,0.803,1.0,0.933
9,y3,-0.629,-0.099,0.04,-0.105,0.013,-0.235,-0.079,-0.079,-0.321,-0.243,-0.145,-0.116,-0.049,0.935,0.933,1.0
10,.,1.0,-0.186,-0.128,-0.137,-0.299,-0.267,-0.175,-0.201,-0.183,-0.208,-0.279,-0.246,-0.164,-0.785,-0.616,-0.613
10,A1_1,-0.186,1.0,0.751,0.595,-0.277,-0.418,-0.316,0.619,0.691,0.752,-0.488,-0.594,-0.474,-0.101,-0.063,-0.119
10,A1_2,-0.128,0.751,1.0,0.762,-0.196,-0.628,-0.317,0.666,0.71,0.45,-0.619,-0.703,-0.524,-0.019,0.169,0.082
10,A1_3,-0.137,0.595,0.762,1.0,-0.364,-0.541,-0.121,0.684,0.573,0.67,-0.36,-0.529,-0.328,-0.124,0.022,-0.014
10,B1_1,-0.299,-0.277,-0.196,-0.364,1.0,0.716,0.602,-0.562,-0.402,-0.587,0.595,0.687,0.652,0.153,-0.049,-0.008
10,B1_2,-0.267,-0.418,-0.628,-0.541,0.716,1.0,0.698,-0.459,-0.312,-0.362,0.893,0.876,0.616,-0.002,-0.207,-0.171
10,B1_3,-0.175,-0.316,-0.317,-0.121,0.602,0.698,1.0,-0.263,-0.279,-0.404,0.554,0.564,0.513,-0.04,-0.102,-0.047
10,A2_1,-0.201,0.619,0.666,0.684,-0.562,-0.459,-0.263,1.0,0.889,0.727,-0.334,-0.505,-0.467,-0.099,0.052,-0.054
10,A2_2,-0.183,0.691,0.71,0.573,-0.402,-0.312,-0.279,0.889,1.0,0.682,-0.311,-0.528,-0.634,-0.155,0.055,-0.08
10,A2_3,-0.208,0.752,0.45,0.67,-0.587,-0.362,-0.404,0.727,0.682,1.0,-0.209,-0.42,-0.396,-0.145,-0.13,-0.178
10,B2_1,-0.279,-0.488,-0.619,-0.36,0.595,0.893,0.554,-0.334,-0.311,-0.209,1.0,0.952,0.765,-0.047,-0.304,-0.266
10,B2_2,-0.246,-0.594,-0.703,-0.529,0.687,0.876,0.564,-0.505,-0.528,-0.42,0.952,1.0,0.883,0.052,-0.255,-0.193
10,B2_3,-0.164,-0.474,-0.524,-0.328,0.652,0.616,0.513,-0.467,-0.634,-0.396,0.765,0.883,1.0,0.015,-0.341,-0.249
10,y1,-0.785,-0.101,-0.019,-0.124,0.153,-0.002,-0.04,-0.099,-0.155,-0.145,-0.047,0.052,0.015,1.0,0.902,0.927
10,y2,-0.616,-0.063,0.169,0.022,-0.049,-0.207,-0.102,0.052,0.055,-0.13,-0.304,-0.255,-0.341,0.902,1.0,0.988
10,y3,-0.613,-0.119,0.082,-0.014,-0.008,-0.171,-0.047,-0.054,-0.08,-0.178,-0.266,-0.193,-0.249,0.927,0.988,1.0
11,.,1.0,-0.273,-0.362,-0.268,-0.352,-0.311,-0.119,-0.236,-0.318,-0.276,-0.245,-0.266,-0.265,-0.628,-0.444,-0.485
11,A1_1,-0.273,1.0,0.815,0.569,-0.156,-0.415,-0.341,0.584,0.671,0.687,-0.364,-0.433,-0.404,-0.2,-0.108,-0.183
11,A1_2,-0.362,0.815,1.0,0.776,-0.229,-0.564,-0.242,0.717,0.682,0.47,-0.603,-0.593,-0.365,0.105,0.139,0.086
11,A1_3,-0.268,0.569,0.776,1.0,-0.486,-0.489,-0.128,0.693,0.645,0.693,-0.451,-0.494,-0.35,-0.007,-0.09,-0.06
11,B1_1,-0.352,-0.156,-0.229,-0.486,1.0,0.807,0.592,-0.502,-0.296,-0.472,0.672,0.76,0.654,0.038,-0.044,-0.021
11,B1_2,-0.311,-0.415,-0.564,-0.489,0.807,1.0,0.704,-0.506,-0.309,-0.306,0.882,0.922,0.691,-0.038,-0.203,-0.102
11,B1_3,-0.119,-0.341,-0.242,-0.128,0.592,0.704,1.0,-0.388,-0.368,-0.35,0.527,0.621,0.649,-0.095,-0.227,-0.129
11,A2_1,-0.236,0.584,0.717,0.693,-0.502,-0.506,-0.388,1.0,0.913,0.6,-0.515,-0.548,-0.38,-0.062,-0.096,-0.105
11,A2_2,-0.318,0.671,0.682,0.645,-0.296,-0.309,-0.368,0.913,1.0,0.624,-0.387,-0.433,-0.448,-0.145,-0.17,-0.151
11,A2_3,-0.276,0.687,0.47,0.693,-0.472,-0.306,-0.35,0.6,0.624,1.0,-0.084,-0.231,-0.276,-0.22,-0.291,-0.296
11,B2_1,-0.245,-0.364,-0.603,-0.451,0.672,0.882,0.527,-0.515,-0.387,-0.084,1.0,0.983,0.809,-0.147,-0.351,-0.298
11,B2_2,-0.266,-0.433,-0.593,-0.494,0.76,0.922,0.621,-0.548,-0.433,-0.231,0.983,1.0,0.866,-0.076,-0.281,-0.224
11,B2_3,-0.265,-0.404,-0.365,-0.35,0.654,0.691,0.649,-0.38,-0.448,-0.276,0.809,0.866,1.0,0.018,-0.206,-0.196
11,y1,-0.628,-0.2,0.105,-0.007,0.038,-0.038,-0.095,-0.062,-0.145,-0.22,-0.147,-0.076,0.018,1.0,0.942,0.955
11,y2,-0.444,-0.108,0.139,-0.09,-0.044,-0.203,-0.227,-0.096,-0.17,-0.291,-0.351,-0.281,-0.206,0.942,1.0,0.981
11,y3,-0.485,-0.183,0.086,-0.06,-0.021,-0.102,-0.129,-0.105,-0.151,-0.296,-0.298,-0.224,-0.196,0.955,0.981,1.0
12,.,1.0,-0.165,-0.267,-0.286,-0.327,-0.303,-0.295,-0.169,-0.132,-0.245,-0.27,-0.303,-0.352,-0.608,-0.556,-0.617
12,A1_1,-0.165,1.0,0.826,0.613,-0.232,-0.431,-0.392,0.577,0.715,0.697,-0.381,-0.372,-0.386,-0.2,-0.069,-0.181
12,A1_2,-0.267,0.826,1.0,0.78,-0.21,-0.475,-0.197,0.744,0.749,0.501,-0.581,-0.529,-0.402,-0.087,0.08,0.004
12,A1_3,-0.286,0.613,0.78,1.0,-0.43,-0.432,-0.101,0.631,0.678,0.728,-0.331,-0.469,-0.366,-0.169,-0.051,-0.038
12,B1_1,-0.327,-0.232,-0.21,-0.43,1.0,0.808,0.648,-0.517,-0.477,-0.499,0.57,0.765,0.685,0.115,0.06,0.057
12,B1_2,-0.303,-0.431,-0.475,-0.432,0.808,1.0,0.795,-0.464,-0.371,-0.353,0.792,0.873,0.66,-0.003,-0.181,-0.063
12,B1_3,-0.295,-0.392,-0.197,-0.101,0.648,0.795,1.0,-0.272,-0.272,-0.32,0.567,0.607,0.632,-0.155,-0.214,-0.061
12,A2_1,-0.169,0.577,0.744,0.631,-0.517,-0.464,-0.272,1.0,0.943,0.587,-0.505,-0.503,-0.436,-0.14,-0.113,-0.11
12,A2_2,-0.132,0.715,0.749,0.678,-0.477,-0.371,-0.272,0.943,1.0,0.709,-0.416,-0.439,-0.497,-0.264,-0.253,-0.251
12,A2_3,-0.245,0.697,0.501,0.728,-0.499,-0.353,-0.32,0.587,0.709,1.0,0.007,-0.173,-0.186,-0.278,-0.261,-0.271
12,B2_1,-0.27,-0.381,-0.581,-0.331,0.57,0.792,0.567,-0.505,-0.416,0.007,1.0,0.949,0.833,-0.134,-0.3,-0.218
12,B2_2,-0.303,-0.372,-0.529,-0.469,0.765,0.873,0.607,-0.503,-0.439,-0.173,0.949,1.0,0.878,-0.058,-0.222,-0.167
12,B2_3,-0.352,-0.386,-0.402,-0.366,0.685,0.66,0.632,-0.436,-0.497,-0.186,0.833,0.878,1.0,-0.031,-0.104,-0.068
12,y1,-0.608,-0.2,-0.087,-0.169,0.115,-0.003,-0.155,-0.14,-0.264,-0.278,-0.134,-0.058,-0.031,1.0,0.958,0.966
12,y2,-0.556,-0.069,0.08,-0.051,0.06,-0.181,-0.214,-0.113,-0.253,-0.261,-0.3,-0.222,-0.104,0.958,1.0,0.972
12,y3,-0.617,-0.181,0.004,-0.038,0.057,-0.063,-0.061,-0.11,-0.251,-0.271,-0.218,-0.167,-0.068,0.966,0.972,1.0
13,.,1.0,-0.239,-0.222,-0.298,-0.43,-0.323,-0.403,-0.237,-0.2,-0.231,-0.342,-0.371,-0.343,-0.591,-0.384,-0.553
13,A1_1,-0.239,1.0,0.826,0.58,-0.097,-0.409,-0.27,0.497,0.654,0.645,-0.35,-0.373,-0.248,-0.057,-0.11,-0.079
13,A1_2,-0.222,0.826,1.0,0.719,-0.189,-0.447,-0.28,0.728,0.801,0.481,-0.6,-0.564,-0.531,-0.035,0.0,0.044
13,A1_3,-0.298,0.58,0.719,1.0,-0.368,-0.423,-0.065,0.521,0.639,0.657,-0.309,-0.439,-0.371,-0.028,-0.105,0.025
13,B1_1,-0.43,-0.097,-0.189,-0.368,1.0,0.804,0.701,-0.395,-0.402,-0.421,0.616,0.74,0.713,0.037,-0.009,-0.039
13,B1_2,-0.323,-0.409,-0.447,-0.423,0.804,1.0,0.768,-0.422,-0.379,-0.329,0.796,0.861,0.559,-0.132,-0.222,-0.18
13,B1_3,-0.403,-0.27,-0.28,-0.065,0.701,0.768,1.0,-0.331,-0.312,-0.315,0.575,0.611,0.585,-0.062,-0.202,-0.074
13,A2_1,-0.237,0.497,0.728,0.521,-0.395,-0.422,-0.331,1.0,0.943,0.564,-0.498,-0.394,-0.461,-0.045,-0.082,0.065
13,A2_2,-0.2,0.654,0.801,0.639,-0.402,-0.379,-0.312,0.943,1.0,0.737,-0.428,-0.387,-0.519,-0.206,-0.264,-0.117
13,A2_3,-0.231,0.645,0.481,0.657,-0.421,-0.329,-0.315,0.564,0.737,1.0,0.006,-0.119,-0.208,-0.217,-0.381,-0.248
13,B2_1,-0.342,-0.35,-0.6,-0.309,0.616,0.796,0.575,-0.498,-0.428,0.006,1.0,0.955,0.781,-0.112,-0.284,-0.243
13,B2_2,-0.371,-0.373,-0.564,-0.439,0.74,0.861,0.611,-0.394,-0.387,-0.119,0.955,1.0,0.824,-0.108,-0.257,-0.219
13,B2_3,-0.343,-0.248,-0.531,-0.371,0.713,0.559,0.585,-0.461,-0.519,-0.208,0.781,0.824,1.0,0.046,-0.098,-0.088
13,y1,-0.591,-0.057,-0.035,-0.028,0.037,-0.132,-0.062,-0.045,-0.206,-0.217,-0.112,-0.108,0.046,1.0,0.951,0.98
13,y2,-0.384,-0.11,0.0,-0.105,-0.009,-0.222,-0.202,-0.082,-0.264,-0.381,-0.284,-0.257,-0.098,0.951,1.0,0.955
13,y3,-0.553,-0.079,0.044,0.025,-0.039,-0.18,-0.074,0.065,-0.117,-0.248,-0.243,-0.219,-0.088,0.98,0.955,1.0
14,.,1.0,-0.287,-0.321,-0.305,-0.4,-0.228,-0.21,-0.377,-0.203,-0.254,-0.199,-0.26,-0.255,-0.634,-0.58,-0.612
14,A1_1,-0.287,1.0,0.86,0.594,-0.129,-0.381,-0.316,0.528,0.66,0.61,-0.357,-0.38,-0.304,-0.047,-0.054,-0.064
14,A1_2,-0.321,0.86,1.0,0.766,-0.2,-0.454,-0.262,0.72,0.764,0.475,-0.586,-0.565,-0.481,0.066,0.028,0.047
14,A1_3,-0.305,0.594,0.766,1.0,-0.383,-0.385,-0.127,0.631,0.67,0.708,-0.264,-0.397,-0.356,-0.044,-0.162,-0.146
14,B1_1,-0.4,-0.129,-0.2,-0.383,1.0,0.787,0.724,-0.332,-0.432,-0.435,0.556,0.686,0.722,0.072,0.15,0.093
14,B1_2,-0.228,-0.381,-0.454,-0.385,0.787,1.0,0.798,-0.381,-0.344,-0.254,0.813,0.903,0.601,-0.198,-0.178,-0.155
14,B1_3,-0.21,-0.316,-0.262,-0.127,0.724,0.798,1.0,-0.264,-0.311,-0.299,0.571,0.622,0.599,-0.14,-0.153,-0.178
14,A2_1,-0.377,0.528,0.72,0.631,-0.332,-0.381,-0.264,1.0,0.914,0.61,-0.428,-0.322,-0.292,0.041,-0.042,0.065
14,A2_2,-0.203,0.66,0.764,0.67,-0.432,-0.344,-0.311,0.914,1.0,0.734,-0.397,-0.333,-0.475,-0.192,-0.275,-0.155
14,A2_3,-0.254,0.61,0.475,0.708,-0.435,-0.254,-0.299,0.61,0.734,1.0,0.076,-0.042,-0.155,-0.262,-0.365,-0.304
14,B2_1,-0.199,-0.357,-0.586,-0.264,0.556,0.813,0.571,-0.428,-0.397,0.076,1.0,0.947,0.746,-0.265,-0.269,-0.282
14,B2_2,-0.26,-0.38,-0.565,-0.397,0.686,0.903,0.622,-0.322,-0.333,-0.042,0.947,1.0,0.775,-0.225,-0.21,-0.193
14,B2_3,-0.255,-0.304,-0.481,-0.356,0.722,0.601,0.599,-0.292,-0.475,-0.155,0.746,0.775,1.0,-0.087,-0.046,-0.124
14,y1,-0.634,-0.047,0.066,-0.044,0.072,-0.198,-0.14,0.041,-0.192,-0.262,-0.265,-0.225,-0.087,1.0,0.985,0.981
14,y2,-0.58,-0.054,0.028,-0.162,0.15,-0.178,-0.153,-0.042,-0.275,-0.365,-0.269,-0.21,-0.046,0.985,1.0,0.98
14,y3,-0.612,-0.064,0.047,-0.146,0.093,-0.155,-0.178,0.065,-0.155,-0.304,-0.282,-0.193,-0.124,0.981,0.98,1.0
15,.,1.0,-0.269,-0.297,-0.308,-0.292,-0.235,-0.154,-0.334,-0.198,-0.257,-0.202,-0.225,-0.281,-0.589,-0.58,-0.6
15,A1_1,-0.269,1.0,0.904,0.654,-0.132,-0.324,-0.328,0.552,0.673,0.631,-0.293,-0.425,-0.279,-0.121,-0.175,-0.155
15,A1_2,-0.297,0.904,1.0,0.766,-0.213,-0.414,-0.274,0.718,0.778,0.507,-0.507,-0.579,-0.4,-0.013,-0.084,-0.06
15,A1_3,-0.308,0.654,0.766,1.0,-0.453,-0.36,-0.182,0.632,0.709,0.712,-0.225,-0.417,-0.338,-0.09,-0.15,-0.187
15,B1_1,-0.292,-0.132,-0.213,-0.453,1.0,0.802,0.66,-0.398,-0.422,-0.446,0.574,0.662,0.695,-0.014,0.027,0.1
15,B1_2,-0.235,-0.324,-0.414,-0.36,0.802,1.0,0.765,-0.333,-0.278,-0.211,0.845,0.874,0.601,-0.194,-0.19,-0.093
15,B1_3,-0.154,-0.328,-0.274,-0.182,0.66,0.765,1.0,-0.315,-0.264,-0.337,0.59,0.573,0.603,-0.183,-0.122,-0.165
15,A2_1,-0.334,0.552,0.718,0.632,-0.398,-0.333,-0.315,1.0,0.938,0.658,-0.375,-0.298,-0.315,-0.059,-0.127,-0.079
15,A2_2,-0.198,0.673,0.778,0.709,-0.422,-0.278,-0.264,0.938,1.0,0.737,-0.322,-0.336,-0.435,-0.234,-0.325,-0.267
15,A2_3,-0.257,0.631,0.507,0.712,-0.446,-0.211,-0.337,0.658,0.737,1.0,0.101,-0.044,-0.128,-0.319,-0.356,-0.369
15,B2_1,-0.202,-0.293,-0.507,-0.225,0.574,0.845,0.59,-0.375,-0.322,0.101,1.0,0.935,0.728,-0.323,-0.275,-0.259
15,B2_2,-0.225,-0.425,-0.579,-0.417,0.662,0.874,0.573,-0.298,-0.336,-0.044,0.935,1.0,0.789,-0.247,-0.195,-0.145
15,B2_3,-0.281,-0.279,-0.4,-0.338,0.695,0.601,0.603,-0.315,-0.435,-0.128,0.728,0.789,1.0,-0.169,-0.034,-0.111
15,y1,-0.589,-0.121,-0.013,-0.09,-0.014,-0.194,-0.183,-0.059,-0.234,-0.319,-0.323,-0.247,-0.169,1.0,0.983,0.986
15,y2,-0.58,-0.175,-0.084,-0.15,0.027,-0.19,-0.122,-0.127,-0.325,-0.356,-0.275,-0.195,-0.034,0.983,1.0,0.964
15,y3,-0.6,-0.155,-0.06,-0.187,0.1,-0.093,-0.165,-0.079,-0.267,-0.369,-0.259,-0.145,-0.111,0.986,0.964,1.0
16,.,1.0,-0.205,-0.243,-0.234,-0.4,-0.357,-0.287,-0.254,-0.13,-0.211,-0.302,-0.315,-0.317,-0.599,-0.552,-0.562
16,A1_1,-0.205,1.0,0.902,0.625,-0.143,-0.341,-0.304,0.555,0.687,0.657,-0.325,-0.429,-0.289,-0.144,-0.149,-0.125
16,A1_2,-0.243,0.902,1.0,0.758,-0.238,-0.44,-0.242,0.723,0.775,0.523,-0.529,-0.581,-0.389,-0.026,-0.032,-0.001
16,A1_3,-0.234,0.625,0.758,1.0,-0.448,-0.385,-0.149,0.615,0.661,0.688,-0.247,-0.478,-0.344,-0.105,-0.094,-0.128
16,B1_1,-0.4,-0.143,-0.238,-0.448,1.0,0.782,0.707,-0.482,-0.473,-0.453,0.58,0.669,0.716,0.074,0.043,0.058
16,B1_2,-0.357,-0.341,-0.44,-0.385,0.782,1.0,0.793,-0.408,-0.302,-0.237,0.834,0.869,0.584,-0.129,-0.188,-0.155
16,B1_3,-0.287,-0.304,-0.242,-0.149,0.707,0.793,1.0,-0.309,-0.254,-0.331,0.624,0.597,0.623,-0.144,-0.176,-0.204
16,A2_1,-0.254,0.555,0.723,0.615,-0.482,-0.408,-0.309,1.0,0.921,0.634,-0.407,-0.318,-0.295,-0.047,-0.075,-0.024
16,A2_2,-0.13,0.687,0.775,0.661,-0.473,-0.302,-0.254,0.921,1.0,0.721,-0.346,-0.334,-0.43,-0.266,-0.302,-0.237
16,A2_3,-0.211,0.657,0.523,0.688,-0.453,-0.237,-0.331,0.634,0.721,1.0,0.079,-0.099,-0.159,-0.294,-0.304,-0.316
16,B2_1,-0.302,-0.325,-0.529,-0.247,0.58,0.834,0.624,-0.407,-0.346,0.079,1.0,0.912,0.737,-0.243,-0.272,-0.308
16,B2_2,-0.315,-0.429,-0.581,-0.478,0.669,0.869,0.597,-0.318,-0.334,-0.099,0.912,1.0,0.786,-0.167,-0.213,-0.202
16,B2_3,-0.317,-0.289,-0.389,-0.344,0.716,0.584,0.623,-0.295,-0.43,-0.159,0.737,0.786,1.0,-0.09,-0.094,-0.156
16,y1,-0.599,-0.144,-0.026,-0.105,0.074,-0.129,-0.144,-0.047,-0.266,-0.294,-0.243,-0.167,-0.09,1.0,0.995,0.993
16,y2,-0.552,-0.149,-0.032,-0.094,0.043,-0.188,-0.176,-0.075,-0.302,-0.304,-0.272,-0.213,-0.094,0.995,1.0,0.985
16,y3,-0.562,-0.125,-0.001,-0.128,0.058,-0.155,-0.204,-0.024,-0.237,-0.316,-0.308,-0.202,-0.156,0.993,0.985,1.0
17,.,1.0,-0.243,-0.314,-0.274,-0.36,-0.265,-0.266,-0.298,-0.176,-0.208,-0.225,-0.282,-0.274,-0.612,-0.597,-0.623
17,A1_1,-0.243,1.0,0.9,0.609,-0.076,-0.347,-0.282,0.551,0.67,0.652,-0.308,-0.377,-0.268,-0.156,-0.183,-0.158
17,A1_2,-0.314,0.9,1.0,0.748,-0.158,-0.422,-0.199,0.711,0.765,0.513,-0.501,-0.513,-0.366,-0.02,-0.053,-0.031
17,A1_3,-0.274,0.609,0.748,1.0,-0.422,-0.405,-0.133,0.599,0.643,0.675,-0.251,-0.46,-0.355,-0.088,-0.105,-0.117
17,B1_1,-0.36,-0.076,-0.158,-0.422,1.0,0.773,0.709,-0.434,-0.391,-0.404,0.59,0.686,0.706,0.019,0.039,0.053
17,B1_2,-0.265,-0.347,-0.422,-0.405,0.773,1.0,0.767,-0.424,-0.282,-0.248,0.828,0.879,0.53,-0.14,-0.128,-0.107
17,B1_3,-0.266,-0.282,-0.199,-0.133,0.709,0.767,1.0,-0.304,-0.202,-0.325,0.632,0.593,0.614,-0.148,-0.14,-0.146
17,A2_1,-0.298,0.551,0.711,0.599,-0.434,-0.424,-0.304,1.0,0.917,0.633,-0.414,-0.282,-0.279,-0.035,-0.083,-0.041
17,A2_2,-0.176,0.67,0.765,0.643,-0.391,-0.282,-0.202,0.917,1.0,0.71,-0.324,-0.269,-0.4,-0.264,-0.315,-0.271
17,A2_3,-0.208,0.652,0.513,0.675,-0.404,-0.248,-0.325,0.633,0.71,1.0,0.076,-0.075,-0.17,-0.324,-0.348,-0.329
17,B2_1,-0.225,-0.308,-0.501,-0.251,0.59,0.828,0.632,-0.414,-0.324,0.076,1.0,0.901,0.711,-0.278,-0.255,-0.255
17,B2_2,-0.282,-0.377,-0.513,-0.46,0.686,0.879,0.593,-0.282,-0.269,-0.075,0.901,1.0,0.745,-0.174,-0.161,-0.135
17,B2_3,-0.274,-0.268,-0.366,-0.355,0.706,0.53,0.614,-0.279,-0.4,-0.17,0.711,0.745,1.0,-0.102,-0.078,-0.083
17,y1,-0.612,-0.156,-0.02,-0.088,0.019,-0.14,-0.148,-0.035,-0.264,-0.324,-0.278,-0.174,-0.102,1.0,0.998,0.998
17,y2,-0.597,-0.183,-0.053,-0.105,0.039,-0.128,-0.14,-0.083,-0.315,-0.348,-0.255,-0.161,-0.078,0.998,1.0,0.997
17,y3,-0.623,-0.158,-0.031,-0.117,0.053,-0.107,-0.146,-0.041,-0.271,-0.329,-0.255,-0.135,-0.083,0.998,0.997,1.0
18,.,1.0,-0.251,-0.302,-0.28,-0.326,-0.245,-0.235,-0.285,-0.174,-0.238,-0.223,-0.253,-0.265,-0.57,-0.55,-0.571
18,A1_1,-0.251,1.0,0.89,0.581,-0.087,-0.366,-0.289,0.553,0.644,0.644,-0.331,-0.414,-0.259,-0.173,-0.185,-0.182
18,A1_2,-0.302,0.89,1.0,0.745,-0.199,-0.44,-0.218,0.724,0.768,0.515,-0.533,-0.557,-0.385,-0.057,-0.068,-0.074
18,A1_3,-0.28,0.581,0.745,1.0,-0.442,-0.409,-0.127,0.604,0.635,0.665,-0.236,-0.468,-0.349,-0.111,-0.118,-0.153
18,B1_1,-0.326,-0.087,-0.199,-0.442,1.0,0.768,0.704,-0.46,-0.415,-0.406,0.577,0.663,0.708,-0.001,-0.0,0.032
18,B1_2,-0.245,-0.366,-0.44,-0.409,0.768,1.0,0.771,-0.433,-0.282,-0.25,0.809,0.877,0.523,-0.16,-0.166,-0.127
18,B1_3,-0.235,-0.289,-0.218,-0.127,0.704,0.771,1.0,-0.304,-0.192,-0.319,0.625,0.582,0.617,-0.165,-0.189,-0.169
18,A2_1,-0.285,0.553,0.724,0.604,-0.46,-0.433,-0.304,1.0,0.922,0.642,-0.452,-0.311,-0.283,-0.093,-0.116,-0.107
18,A2_2,-0.174,0.644,0.768,0.635,-0.415,-0.282,-0.192,0.922,1.0,0.693,-0.369,-0.292,-0.407,-0.298,-0.324,-0.31
18,A2_3,-0.238,0.644,0.515,0.665,-0.406,-0.25,-0.319,0.642,0.693,1.0,0.072,-0.071,-0.157,-0.35,-0.366,-0.368
18,B2_1,-0.223,-0.331,-0.533,-0.236,0.577,0.809,0.625,-0.452,-0.369,0.072,1.0,0.884,0.694,-0.261,-0.266,-0.249
18,B2_2,-0.253,-0.414,-0.557,-0.468,0.663,0.877,0.582,-0.311,-0.292,-0.071,0.884,1.0,0.72,-0.197,-0.2,-0.161
18,B2_3,-0.265,-0.259,-0.385,-0.349,0.708,0.523,0.617,-0.283,-0.407,-0.157,0.694,0.72,1.0,-0.101,-0.112,-0.095
18,y1,-0.57,-0.173,-0.057,-0.111,-0.001,-0.16,-0.165,-0.093,-0.298,-0.35,-0.261,-0.197,-0.101,1.0,0.998,0.998
18,y2,-0.55,-0.185,-0.068,-0.118,-0.0,-0.166,-0.189,-0.116,-0.324,-0.366,-0.266,-0.2,-0.112,0.998,1.0,0.998
18,y3,-0.571,-0.182,-0.074,-0.153,0.032,-0.127,-0.169,-0.107,-0.31,-0.368,-0.249,-0.161,-0.095,0.998,0.998,1.0
19,.,1.0,-0.266,-0.317,-0.281,-0.339,-0.255,-0.223,-0.301,-0.188,-0.226,-0.211,-0.253,-0.259,-0.588,-0.571,-0.575
19,A1_1,-0.266,1.0,0.888,0.588,-0.087,-0.365,-0.271,0.557,0.642,0.654,-0.311,-0.415,-0.248,-0.163,-0.161,-0.162
19,A1_2,-0.317,0.888,1.0,0.741,-0.19,-0.426,-0.207,0.71,0.766,0.515,-0.517,-0.542,-0.38,-0.055,-0.056,-0.061
19,A1_3,-0.281,0.588,0.741,1.0,-0.435,-0.397,-0.119,0.586,0.632,0.667,-0.221,-0.467,-0.341,-0.1,-0.097,-0.124
19,B1_1,-0.339,-0.087,-0.19,-0.435,1.0,0.767,0.706,-0.458,-0.408,-0.401,0.582,0.658,0.702,0.018,0.008,0.026
19,B1_2,-0.255,-0.365,-0.426,-0.397,0.767,1.0,0.776,-0.427,-0.268,-0.248,0.809,0.877,0.527,-0.14,-0.157,-0.138
19,B1_3,-0.223,-0.271,-0.207,-0.119,0.706,0.776,1.0,-0.315,-0.175,-0.312,0.626,0.575,0.618,-0.163,-0.19,-0.186
19,A2_1,-0.301,0.557,0.71,0.586,-0.458,-0.427,-0.315,1.0,0.914,0.65,-0.439,-0.278,-0.253,-0.087,-0.103,-0.101
19,A2_2,-0.188,0.642,0.766,0.632,-0.408,-0.268,-0.175,0.914,1.0,0.689,-0.358,-0.267,-0.386,-0.295,-0.312,-0.307
19,A2_3,-0.226,0.654,0.515,0.667,-0.401,-0.248,-0.312,0.65,0.689,1.0,0.079,-0.077,-0.146,-0.345,-0.347,-0.357
19,B2_1,-0.211,-0.311,-0.517,-0.221,0.582,0.809,0.626,-0.439,-0.358,0.079,1.0,0.865,0.694,-0.248,-0.258,-0.257
19,B2_2,-0.253,-0.415,-0.542,-0.467,0.658,0.877,0.575,-0.278,-0.267,-0.077,0.865,1.0,0.712,-0.18,-0.196,-0.178
19,B2_3,-0.259,-0.248,-0.38,-0.341,0.702,0.527,0.618,-0.253,-0.386,-0.146,0.694,0.712,1.0,-0.098,-0.114,-0.112
19,y1,-0.588,-0.163,-0.055,-0.1,0.018,-0.14,-0.163,-0.087,-0.295,-0.345,-0.248,-0.18,-0.098,1.0,0.999,0.999
19,y2,-0.571,-0.161,-0.056,-0.097,0.008,-0.157,-0.19,-0.103,-0.312,-0.347,-0.258,-0.196,-0.114,0.999,1.0,0.999
19,y3,-0.575,-0.162,-0.061,-0.124,0.026,-0.138,-0.186,-0.101,-0.307,-0.357,-0.257,-0.178,-0.112,0.999,0.999,1.0
20,.,1.0,-0.264,-0.316,-0.284,-0.337,-0.255,-0.223,-0.298,-0.181,-0.218,-0.21,-0.248,-0.256,-0.593,-0.579,-0.582
20,A1_1,-0.264,1.0,0.885,0.587,-0.087,-0.364,-0.267,0.559,0.638,0.658,-0.303,-0.411,-0.246,-0.165,-0.16,-0.161
20,A1_2,-0.316,0.885,1.0,0.737,-0.19,-0.422,-0.205,0.715,0.765,0.512,-0.513,-0.536,-0.379,-0.054,-0.051,-0.056
20,A1_3,-0.284,0.587,0.737,1.0,-0.434,-0.395,-0.116,0.593,0.634,0.668,-0.213,-0.46,-0.338,-0.105,-0.1,-0.124
20,B1_1,-0.337,-0.087,-0.19,-0.434,1.0,0.766,0.704,-0.461,-0.407,-0.398,0.586,0.656,0.704,0.02,0.012,0.025
20,B1_2,-0.255,-0.364,-0.422,-0.395,0.766,1.0,0.774,-0.427,-0.257,-0.247,0.805,0.877,0.523,-0.135,-0.154,-0.136
20,B1_3,-0.223,-0.267,-0.205,-0.116,0.704,0.774,1.0,-0.311,-0.162,-0.304,0.629,0.576,0.623,-0.173,-0.197,-0.194
20,A2_1,-0.298,0.559,0.715,0.593,-0.461,-0.427,-0.311,1.0,0.91,0.648,-0.44,-0.277,-0.255,-0.088,-0.099,-0.097
20,A2_2,-0.181,0.638,0.765,0.634,-0.407,-0.257,-0.162,0.91,1.0,0.683,-0.353,-0.257,-0.387,-0.3,-0.314,-0.308
20,A2_3,-0.218,0.658,0.512,0.668,-0.398,-0.247,-0.304,0.648,0.683,1.0,0.084,-0.073,-0.148,-0.352,-0.353,-0.359
20,B2_1,-0.21,-0.303,-0.513,-0.213,0.586,0.805,0.629,-0.44,-0.353,0.084,1.0,0.861,0.691,-0.251,-0.262,-0.26
20,B2_2,-0.248,-0.411,-0.536,-0.46,0.656,0.877,0.576,-0.277,-0.257,-0.073,0.861,1.0,0.705,-0.183,-0.199,-0.182
20,B2_3,-0.256,-0.246,-0.379,-0.338,0.704,0.523,0.623,-0.255,-0.387,-0.148,0.691,0.705,1.0,-0.102,-0.114,-0.114
20,y1,-0.593,-0.165,-0.054,-0.105,0.02,-0.135,-0.173,-0.088,-0.3,-0.352,-0.251,-0.183,-0.102,1.0,0.999,0.999
20,y2,-0.579,-0.16,-0.051,-0.1,0.012,-0.154,-0.197,-0.099,-0.314,-0.353,-0.262,-0.199,-0.114,0.999,1.0,0.999
20,y3,-0.582,-0.161,-0.056,-0.124,0.025,-0.136,-0.194,-0.097,-0.308,-0.359,-0.26,-0.182,-0.114,0.999,0.999,1.0
