,,.,A1_1,A1_2,A1_3,B1_1,B1_2,B1_3,A2_1,A2_2,A2_3,B2_1,B2_2,B2_3,y1,y2,y3
1,.,1.0,0.918,0.868,0.823,0.921,0.816,0.802,0.835,0.788,0.854,0.762,0.86,0.814,0.885,0.859,0.817
1,A1_1,0.918,1.0,0.809,0.796,0.87,0.744,0.875,0.769,0.73,0.791,0.682,0.835,0.746,0.843,0.837,0.8
1,A1_2,0.868,0.809,1.0,0.737,0.796,0.822,0.745,0.733,0.772,0.74,0.762,0.844,0.743,0.771,0.869,0.9
1,A1_3,0.823,0.796,0.737,1.0,0.806,0.834,0.681,0.838,0.66,0.822,0.794,0.84,0.75,0.803,0.789,0.807
1,B1_1,0.921,0.87,0.796,0.806,1.0,0.812,0.771,0.792,0.836,0.866,0.734,0.925,0.915,0.866,0.864,0.853
1,B1_2,0.816,0.744,0.822,0.834,0.812,1.0,0.565,0.756,0.651,0.758,0.807,0.793,0.771,0.796,0.803,0.824
1,B1_3,0.802,0.875,0.745,0.681,0.771,0.565,1.0,0.637,0.762,0.69,0.673,0.801,0.741,0.732,0.776,0.779
1,A2_1,0.835,0.769,0.733,0.838,0.792,0.756,0.637,1.0,0.636,0.839,0.611,0.829,0.752,0.775,0.777,0.775
1,A2_2,0.788,0.73,0.772,0.66,0.836,0.651,0.762,0.636,1.0,0.742,0.733,0.846,0.857,0.77,0.807,0.846
1,A2_3,0.854,0.791,0.74,0.822,0.866,0.758,0.69,0.839,0.742,1.0,0.76,0.905,0.826,0.808,0.832,0.757
1,B2_1,0.762,0.682,0.762,0.794,0.734,0.807,0.673,0.611,0.733,0.76,1.0,0.749,0.773,0.737,0.782,0.748
1,B2_2,0.86,0.835,0.844,0.84,0.925,0.793,0.801,0.829,0.846,0.905,0.749,1.0,0.9,0.865,0.877,0.927
1,B2_3,0.814,0.746,0.743,0.75,0.915,0.771,0.741,0.752,0.857,0.826,0.773,0.9,1.0,0.803,0.862,0.837
1,y1,0.885,0.843,0.771,0.803,0.866,0.796,0.732,0.775,0.77,0.808,0.737,0.865,0.803,1.0,0.71,0.791
1,y2,0.859,0.837,0.869,0.789,0.864,0.803,0.776,0.777,0.807,0.832,0.782,0.877,0.862,0.71,1.0,0.863
1,y3,0.817,0.8,0.9,0.807,0.853,0.824,0.779,0.775,0.846,0.757,0.748,0.927,0.837,0.791,0.863,1.0
2,.,1.0,0.919,0.871,0.828,0.925,0.822,0.808,0.839,0.795,0.859,0.77,0.865,0.821,0.889,0.864,0.822
2,A1_1,0.919,1.0,0.814,0.801,0.872,0.752,0.878,0.775,0.738,0.797,0.69,0.84,0.752,0.847,0.842,0.807
2,A1_2,0.871,0.814,1.0,0.746,0.804,0.83,0.755,0.742,0.78,0.75,0.772,0.85,0.753,0.779,0.874,0.904
2,A1_3,0.828,0.801,0.746,1.0,0.812,0.84,0.692,0.844,0.671,0.828,0.801,0.845,0.759,0.81,0.797,0.812
2,B1_1,0.925,0.872,0.804,0.812,1.0,0.82,0.781,0.798,0.843,0.872,0.748,0.929,0.919,0.869,0.872,0.858
2,B1_2,0.822,0.752,0.83,0.84,0.82,1.0,0.584,0.764,0.665,0.769,0.818,0.802,0.782,0.803,0.812,0.831
2,B1_3,0.808,0.878,0.755,0.692,0.781,0.584,1.0,0.648,0.773,0.702,0.685,0.809,0.753,0.739,0.788,0.789
2,A2_1,0.839,0.775,0.742,0.844,0.798,0.764,0.648,1.0,0.648,0.844,0.626,0.835,0.76,0.783,0.785,0.782
2,A2_2,0.795,0.738,0.78,0.671,0.843,0.665,0.773,0.648,1.0,0.751,0.742,0.852,0.862,0.777,0.815,0.851
2,A2_3,0.859,0.797,0.75,0.828,0.872,0.769,0.702,0.844,0.751,1.0,0.772,0.909,0.834,0.815,0.84,0.766
2,B2_1,0.77,0.69,0.772,0.801,0.748,0.818,0.685,0.626,0.742,0.772,1.0,0.762,0.786,0.745,0.792,0.757
2,B2_2,0.865,0.84,0.85,0.845,0.929,0.802,0.809,0.835,0.852,0.909,0.762,1.0,0.905,0.869,0.883,0.929
2,B2_3,0.821,0.752,0.753,0.759,0.919,0.782,0.753,0.76,0.862,0.834,0.786,0.905,1.0,0.809,0.869,0.843
2,y1,0.889,0.847,0.779,0.81,0.869,0.803,0.739,0.783,0.777,0.815,0.745,0.869,0.809,1.0,0.721,0.798
2,y2,0.864,0.842,0.874,0.797,0.872,0.812,0.788,0.785,0.815,0.84,0.792,0.883,0.869,0.721,1.0,0.869
2,y3,0.822,0.807,0.904,0.812,0.858,0.831,0.789,0.782,0.851,0.766,0.757,0.929,0.843,0.798,0.869,1.0
3,.,1.0,0.92,0.874,0.834,0.928,0.828,0.815,0.843,0.803,0.864,0.779,0.87,0.828,0.893,0.868,0.827
3,A1_1,0.92,1.0,0.82,0.807,0.875,0.76,0.882,0.782,0.746,0.802,0.699,0.845,0.759,0.851,0.848,0.814
3,A1_2,0.874,0.82,1.0,0.754,0.812,0.837,0.765,0.751,0.789,0.761,0.782,0.857,0.764,0.786,0.879,0.908
3,A1_3,0.834,0.807,0.754,1.0,0.819,0.846,0.703,0.85,0.681,0.834,0.808,0.85,0.768,0.816,0.805,0.818
3,B1_1,0.928,0.875,0.812,0.819,1.0,0.828,0.792,0.804,0.85,0.877,0.762,0.932,0.924,0.873,0.88,0.863
3,B1_2,0.828,0.76,0.837,0.846,0.828,1.0,0.603,0.772,0.679,0.779,0.829,0.812,0.793,0.81,0.82,0.838
3,B1_3,0.815,0.882,0.765,0.703,0.792,0.603,1.0,0.659,0.783,0.715,0.698,0.819,0.765,0.748,0.799,0.799
3,A2_1,0.843,0.782,0.751,0.85,0.804,0.772,0.659,1.0,0.66,0.85,0.641,0.841,0.768,0.79,0.792,0.79
3,A2_2,0.803,0.746,0.789,0.681,0.85,0.679,0.783,0.66,1.0,0.761,0.752,0.858,0.868,0.784,0.823,0.856
3,A2_3,0.864,0.802,0.761,0.834,0.877,0.779,0.715,0.85,0.761,1.0,0.784,0.914,0.841,0.821,0.847,0.775
3,B2_1,0.779,0.699,0.782,0.808,0.762,0.829,0.698,0.641,0.752,0.784,1.0,0.775,0.798,0.754,0.801,0.767
3,B2_2,0.87,0.845,0.857,0.85,0.932,0.812,0.819,0.841,0.858,0.914,0.775,1.0,0.909,0.874,0.889,0.932
3,B2_3,0.828,0.759,0.764,0.768,0.924,0.793,0.765,0.768,0.868,0.841,0.798,0.909,1.0,0.815,0.876,0.849
3,y1,0.893,0.851,0.786,0.816,0.873,0.81,0.748,0.79,0.784,0.821,0.754,0.874,0.815,1.0,0.732,0.805
3,y2,0.868,0.848,0.879,0.805,0.88,0.82,0.799,0.792,0.823,0.847,0.801,0.889,0.876,0.732,1.0,0.874
3,y3,0.827,0.814,0.908,0.818,0.863,0.838,0.799,0.79,0.856,0.775,0.767,0.932,0.849,0.805,0.874,1.0
4,.,1.0,0.921,0.877,0.839,0.931,0.834,0.821,0.847,0.81,0.868,0.787,0.874,0.834,0.897,0.871,0.832
4,A1_1,0.921,1.0,0.826,0.813,0.878,0.768,0.885,0.788,0.754,0.808,0.707,0.849,0.766,0.856,0.853,0.82
4,A1_2,0.877,0.826,1.0,0.762,0.82,0.844,0.775,0.759,0.796,0.77,0.79,0.863,0.773,0.794,0.883,0.912
4,A1_3,0.839,0.813,0.762,1.0,0.825,0.851,0.715,0.856,0.692,0.84,0.816,0.855,0.777,0.822,0.812,0.823
4,B1_1,0.931,0.878,0.82,0.825,1.0,0.836,0.803,0.81,0.857,0.883,0.776,0.935,0.928,0.876,0.887,0.868
4,B1_2,0.834,0.768,0.844,0.851,0.836,1.0,0.622,0.779,0.693,0.789,0.839,0.821,0.803,0.816,0.828,0.844
4,B1_3,0.821,0.885,0.775,0.715,0.803,0.622,1.0,0.67,0.794,0.728,0.711,0.828,0.777,0.757,0.81,0.808
4,A2_1,0.847,0.788,0.759,0.856,0.81,0.779,0.67,1.0,0.672,0.854,0.654,0.846,0.775,0.797,0.799,0.797
4,A2_2,0.81,0.754,0.796,0.692,0.857,0.693,0.794,0.672,1.0,0.771,0.761,0.864,0.873,0.791,0.83,0.861
4,A2_3,0.868,0.808,0.77,0.84,0.883,0.789,0.728,0.854,0.771,1.0,0.794,0.918,0.848,0.827,0.854,0.783
4,B2_1,0.787,0.707,0.79,0.816,0.776,0.839,0.711,0.654,0.761,0.794,1.0,0.787,0.81,0.763,0.81,0.776
4,B2_2,0.874,0.849,0.863,0.855,0.935,0.821,0.828,0.846,0.864,0.918,0.787,1.0,0.914,0.878,0.895,0.934
4,B2_3,0.834,0.766,0.773,0.777,0.928,0.803,0.777,0.775,0.873,0.848,0.81,0.914,1.0,0.82,0.882,0.854
4,y1,0.897,0.856,0.794,0.822,0.876,0.816,0.757,0.797,0.791,0.827,0.763,0.878,0.82,1.0,0.742,0.812
4,y2,0.871,0.853,0.883,0.812,0.887,0.828,0.81,0.799,0.83,0.854,0.81,0.895,0.882,0.742,1.0,0.878
4,y3,0.832,0.82,0.912,0.823,0.868,0.844,0.808,0.797,0.861,0.783,0.776,0.934,0.854,0.812,0.878,1.0
5,.,1.0,0.922,0.879,0.843,0.933,0.838,0.827,0.85,0.816,0.872,0.793,0.877,0.839,0.901,0.874,0.835
5,A1_1,0.922,1.0,0.831,0.818,0.88,0.775,0.888,0.793,0.762,0.813,0.715,0.853,0.772,0.86,0.858,0.826
5,A1_2,0.879,0.831,1.0,0.769,0.826,0.849,0.784,0.766,0.802,0.778,0.797,0.868,0.781,0.8,0.887,0.914
5,A1_3,0.843,0.818,0.769,1.0,0.83,0.856,0.725,0.861,0.701,0.846,0.822,0.86,0.785,0.828,0.819,0.828
5,B1_1,0.933,0.88,0.826,0.83,1.0,0.843,0.813,0.814,0.862,0.888,0.788,0.938,0.931,0.879,0.893,0.872
5,B1_2,0.838,0.775,0.849,0.856,0.843,1.0,0.638,0.785,0.705,0.798,0.847,0.829,0.811,0.822,0.834,0.85
5,B1_3,0.827,0.888,0.784,0.725,0.813,0.638,1.0,0.68,0.803,0.739,0.723,0.837,0.787,0.766,0.82,0.817
5,A2_1,0.85,0.793,0.766,0.861,0.814,0.785,0.68,1.0,0.681,0.859,0.666,0.85,0.78,0.804,0.805,0.803
5,A2_2,0.816,0.762,0.802,0.701,0.862,0.705,0.803,0.681,1.0,0.779,0.769,0.869,0.878,0.797,0.836,0.865
5,A2_3,0.872,0.813,0.778,0.846,0.888,0.798,0.739,0.859,0.779,1.0,0.804,0.921,0.854,0.833,0.86,0.79
5,B2_1,0.793,0.715,0.797,0.822,0.788,0.847,0.723,0.666,0.769,0.804,1.0,0.798,0.82,0.77,0.818,0.784
5,B2_2,0.877,0.853,0.868,0.86,0.938,0.829,0.837,0.85,0.869,0.921,0.798,1.0,0.918,0.882,0.9,0.936
5,B2_3,0.839,0.772,0.781,0.785,0.931,0.811,0.787,0.78,0.878,0.854,0.82,0.918,1.0,0.824,0.887,0.859
5,y1,0.901,0.86,0.8,0.828,0.879,0.822,0.766,0.804,0.797,0.833,0.77,0.882,0.824,1.0,0.751,0.818
5,y2,0.874,0.858,0.887,0.819,0.893,0.834,0.82,0.805,0.836,0.86,0.818,0.9,0.887,0.751,1.0,0.882
5,y3,0.835,0.826,0.914,0.828,0.872,0.85,0.817,0.803,0.865,0.79,0.784,0.936,0.859,0.818,0.882,1.0
6,.,1.0,0.923,0.88,0.846,0.935,0.841,0.832,0.852,0.82,0.874,0.798,0.88,0.842,0.904,0.876,0.837
6,A1_1,0.923,1.0,0.835,0.822,0.881,0.78,0.891,0.798,0.768,0.817,0.721,0.856,0.776,0.863,0.862,0.831
6,A1_2,0.88,0.835,1.0,0.774,0.83,0.853,0.791,0.771,0.807,0.783,0.801,0.871,0.786,0.805,0.889,0.916
6,A1_3,0.846,0.822,0.774,1.0,0.835,0.86,0.734,0.865,0.709,0.85,0.827,0.864,0.791,0.832,0.824,0.832
6,B1_1,0.935,0.881,0.83,0.835,1.0,0.849,0.822,0.817,0.867,0.892,0.798,0.941,0.935,0.881,0.898,0.875
6,B1_2,0.841,0.78,0.853,0.86,0.849,1.0,0.653,0.789,0.715,0.805,0.855,0.835,0.818,0.826,0.84,0.854
6,B1_3,0.832,0.891,0.791,0.734,0.822,0.653,1.0,0.689,0.811,0.75,0.734,0.844,0.797,0.773,0.828,0.825
6,A2_1,0.852,0.798,0.771,0.865,0.817,0.789,0.689,1.0,0.689,0.862,0.676,0.853,0.785,0.808,0.81,0.807
6,A2_2,0.82,0.768,0.807,0.709,0.867,0.715,0.811,0.689,1.0,0.786,0.776,0.874,0.881,0.802,0.841,0.868
6,A2_3,0.874,0.817,0.783,0.85,0.892,0.805,0.75,0.862,0.786,1.0,0.813,0.924,0.86,0.837,0.864,0.796
6,B2_1,0.798,0.721,0.801,0.827,0.798,0.855,0.734,0.676,0.776,0.813,1.0,0.808,0.829,0.776,0.824,0.79
6,B2_2,0.88,0.856,0.871,0.864,0.941,0.835,0.844,0.853,0.874,0.924,0.808,1.0,0.921,0.885,0.904,0.938
6,B2_3,0.842,0.776,0.786,0.791,0.935,0.818,0.797,0.785,0.881,0.86,0.829,0.921,1.0,0.828,0.891,0.862
6,y1,0.904,0.863,0.805,0.832,0.881,0.826,0.773,0.808,0.802,0.837,0.776,0.885,0.828,1.0,0.758,0.822
6,y2,0.876,0.862,0.889,0.824,0.898,0.84,0.828,0.81,0.841,0.864,0.824,0.904,0.891,0.758,1.0,0.885
6,y3,0.837,0.831,0.916,0.832,0.875,0.854,0.825,0.807,0.868,0.796,0.79,0.938,0.862,0.822,0.885,1.0
7,.,1.0,0.923,0.879,0.848,0.935,0.843,0.836,0.853,0.824,0.876,0.801,0.881,0.844,0.905,0.877,0.838
7,A1_1,0.923,1.0,0.839,0.825,0.882,0.784,0.892,0.801,0.772,0.82,0.726,0.858,0.779,0.866,0.865,0.834
7,A1_2,0.879,0.839,1.0,0.777,0.833,0.855,0.797,0.774,0.811,0.787,0.804,0.873,0.789,0.809,0.89,0.918
7,A1_3,0.848,0.825,0.777,1.0,0.838,0.863,0.742,0.867,0.716,0.854,0.832,0.867,0.797,0.835,0.828,0.835
7,B1_1,0.935,0.882,0.833,0.838,1.0,0.853,0.829,0.819,0.871,0.896,0.807,0.943,0.937,0.882,0.903,0.877
7,B1_2,0.843,0.784,0.855,0.863,0.853,1.0,0.666,0.792,0.723,0.811,0.86,0.841,0.824,0.829,0.844,0.857
7,B1_3,0.836,0.892,0.797,0.742,0.829,0.666,1.0,0.695,0.819,0.758,0.743,0.851,0.805,0.779,0.835,0.831
7,A2_1,0.853,0.801,0.774,0.867,0.819,0.792,0.695,1.0,0.695,0.864,0.682,0.855,0.787,0.812,0.813,0.81
7,A2_2,0.824,0.772,0.811,0.716,0.871,0.723,0.819,0.695,1.0,0.792,0.782,0.877,0.884,0.806,0.845,0.871
7,A2_3,0.876,0.82,0.787,0.854,0.896,0.811,0.758,0.864,0.792,1.0,0.819,0.926,0.864,0.841,0.868,0.8
7,B2_1,0.801,0.726,0.804,0.832,0.807,0.86,0.743,0.682,0.782,0.819,1.0,0.816,0.837,0.781,0.829,0.794
7,B2_2,0.881,0.858,0.873,0.867,0.943,0.841,0.851,0.855,0.877,0.926,0.816,1.0,0.924,0.886,0.907,0.939
7,B2_3,0.844,0.779,0.789,0.797,0.937,0.824,0.805,0.787,0.884,0.864,0.837,0.924,1.0,0.83,0.894,0.865
7,y1,0.905,0.866,0.809,0.835,0.882,0.829,0.779,0.812,0.806,0.841,0.781,0.886,0.83,1.0,0.763,0.826
7,y2,0.877,0.865,0.89,0.828,0.903,0.844,0.835,0.813,0.845,0.868,0.829,0.907,0.894,0.763,1.0,0.887
7,y3,0.838,0.834,0.918,0.835,0.877,0.857,0.831,0.81,0.871,0.8,0.794,0.939,0.865,0.826,0.887,1.0
8,.,1.0,0.923,0.878,0.848,0.935,0.844,0.838,0.853,0.826,0.876,0.802,0.88,0.845,0.907,0.877,0.837
8,A1_1,0.923,1.0,0.841,0.827,0.882,0.787,0.893,0.803,0.776,0.822,0.729,0.859,0.781,0.868,0.867,0.837
8,A1_2,0.878,0.841,1.0,0.779,0.833,0.856,0.801,0.776,0.813,0.789,0.804,0.874,0.79,0.811,0.891,0.918
8,A1_3,0.848,0.827,0.779,1.0,0.84,0.866,0.748,0.869,0.72,0.857,0.835,0.869,0.8,0.837,0.831,0.837
8,B1_1,0.935,0.882,0.833,0.84,1.0,0.857,0.835,0.819,0.874,0.898,0.814,0.944,0.94,0.882,0.906,0.878
8,B1_2,0.844,0.787,0.856,0.866,0.857,1.0,0.676,0.794,0.729,0.815,0.865,0.845,0.829,0.831,0.847,0.859
8,B1_3,0.838,0.893,0.801,0.748,0.835,0.676,1.0,0.7,0.824,0.765,0.751,0.856,0.812,0.783,0.841,0.835
8,A2_1,0.853,0.803,0.776,0.869,0.819,0.794,0.7,1.0,0.699,0.865,0.687,0.855,0.788,0.814,0.814,0.812
8,A2_2,0.826,0.776,0.813,0.72,0.874,0.729,0.824,0.699,1.0,0.797,0.786,0.879,0.886,0.808,0.848,0.872
8,A2_3,0.876,0.822,0.789,0.857,0.898,0.815,0.765,0.865,0.797,1.0,0.825,0.928,0.867,0.843,0.87,0.803
8,B2_1,0.802,0.729,0.804,0.835,0.814,0.865,0.751,0.687,0.786,0.825,1.0,0.823,0.843,0.784,0.832,0.797
8,B2_2,0.88,0.859,0.874,0.869,0.944,0.845,0.856,0.855,0.879,0.928,0.823,1.0,0.926,0.887,0.909,0.939
8,B2_3,0.845,0.781,0.79,0.8,0.94,0.829,0.812,0.788,0.886,0.867,0.843,0.926,1.0,0.831,0.896,0.866
8,y1,0.907,0.868,0.811,0.837,0.882,0.831,0.783,0.814,0.808,0.843,0.784,0.887,0.831,1.0,0.767,0.828
8,y2,0.877,0.867,0.891,0.831,0.906,0.847,0.841,0.814,0.848,0.87,0.832,0.909,0.896,0.767,1.0,0.888
8,y3,0.837,0.837,0.918,0.837,0.878,0.859,0.835,0.812,0.872,0.803,0.797,0.939,0.866,0.828,0.888,1.0
9,.,1.0,0.923,0.876,0.848,0.933,0.843,0.839,0.851,0.827,0.875,0.802,0.879,0.843,0.907,0.875,0.835
9,A1_1,0.923,1.0,0.842,0.828,0.881,0.789,0.894,0.804,0.778,0.823,0.73,0.859,0.781,0.869,0.868,0.838
9,A1_2,0.876,0.842,1.0,0.779,0.833,0.856,0.803,0.777,0.813,0.789,0.802,0.873,0.789,0.812,0.89,0.918
9,A1_3,0.848,0.828,0.779,1.0,0.842,0.867,0.752,0.87,0.724,0.859,0.837,0.87,0.802,0.838,0.833,0.837
9,B1_1,0.933,0.881,0.833,0.842,1.0,0.859,0.84,0.817,0.876,0.9,0.82,0.946,0.942,0.881,0.908,0.879
9,B1_2,0.843,0.789,0.856,0.867,0.859,1.0,0.684,0.794,0.734,0.819,0.868,0.849,0.832,0.832,0.849,0.861
9,B1_3,0.839,0.894,0.803,0.752,0.84,0.684,1.0,0.702,0.829,0.771,0.757,0.86,0.817,0.786,0.846,0.839
9,A2_1,0.851,0.804,0.777,0.87,0.817,0.794,0.702,1.0,0.701,0.865,0.689,0.854,0.786,0.815,0.814,0.812
9,A2_2,0.827,0.778,0.813,0.724,0.876,0.734,0.829,0.701,1.0,0.8,0.789,0.881,0.887,0.81,0.85,0.872
9,A2_3,0.875,0.823,0.789,0.859,0.9,0.819,0.771,0.865,0.8,1.0,0.829,0.929,0.87,0.844,0.872,0.804
9,B2_1,0.802,0.73,0.802,0.837,0.82,0.868,0.757,0.689,0.789,0.829,1.0,0.828,0.849,0.785,0.835,0.799
9,B2_2,0.879,0.859,0.873,0.87,0.946,0.849,0.86,0.854,0.881,0.929,0.828,1.0,0.928,0.886,0.911,0.939
9,B2_3,0.843,0.781,0.789,0.802,0.942,0.832,0.817,0.786,0.887,0.87,0.849,0.928,1.0,0.83,0.898,0.866
9,y1,0.907,0.869,0.812,0.838,0.881,0.832,0.786,0.815,0.81,0.844,0.785,0.886,0.83,1.0,0.77,0.829
9,y2,0.875,0.868,0.89,0.833,0.908,0.849,0.846,0.814,0.85,0.872,0.835,0.911,0.898,0.77,1.0,0.889
9,y3,0.835,0.838,0.918,0.837,0.879,0.861,0.839,0.812,0.872,0.804,0.799,0.939,0.866,0.829,0.889,1.0
10,.,1.0,0.922,0.872,0.846,0.931,0.84,0.838,0.849,0.826,0.873,0.799,0.876,0.84,0.907,0.873,0.831
10,A1_1,0.922,1.0,0.842,0.827,0.878,0.788,0.893,0.803,0.779,0.822,0.728,0.857,0.78,0.87,0.869,0.837
10,A1_2,0.872,0.842,1.0,0.777,0.829,0.853,0.804,0.775,0.812,0.787,0.798,0.87,0.786,0.811,0.888,0.917
10,A1_3,0.846,0.827,0.777,1.0,0.842,0.868,0.754,0.869,0.725,0.86,0.837,0.87,0.803,0.838,0.833,0.837
10,B1_1,0.931,0.878,0.829,0.842,1.0,0.861,0.844,0.814,0.877,0.901,0.825,0.947,0.943,0.879,0.91,0.877
10,B1_2,0.84,0.788,0.853,0.868,0.861,1.0,0.689,0.792,0.736,0.821,0.871,0.851,0.834,0.832,0.85,0.86
10,B1_3,0.838,0.893,0.804,0.754,0.844,0.689,1.0,0.702,0.832,0.775,0.761,0.863,0.821,0.788,0.849,0.84
10,A2_1,0.849,0.803,0.775,0.869,0.814,0.792,0.702,1.0,0.7,0.864,0.687,0.851,0.783,0.814,0.813,0.811
10,A2_2,0.826,0.779,0.812,0.725,0.877,0.736,0.832,0.7,1.0,0.802,0.791,0.882,0.888,0.81,0.85,0.872
10,A2_3,0.873,0.822,0.787,0.86,0.901,0.821,0.775,0.864,0.802,1.0,0.832,0.93,0.871,0.843,0.872,0.804
10,B2_1,0.799,0.728,0.798,0.837,0.825,0.871,0.761,0.687,0.791,0.832,1.0,0.832,0.853,0.784,0.835,0.798
10,B2_2,0.876,0.857,0.87,0.87,0.947,0.851,0.863,0.851,0.882,0.93,0.832,1.0,0.929,0.885,0.912,0.938
10,B2_3,0.84,0.78,0.786,0.803,0.943,0.834,0.821,0.783,0.888,0.871,0.853,0.929,1.0,0.828,0.898,0.864
10,y1,0.907,0.87,0.811,0.838,0.879,0.832,0.788,0.814,0.81,0.843,0.784,0.885,0.828,1.0,0.77,0.828
10,y2,0.873,0.869,0.888,0.833,0.91,0.85,0.849,0.813,0.85,0.872,0.835,0.912,0.898,0.77,1.0,0.888
10,y3,0.831,0.837,0.917,0.837,0.877,0.86,0.84,0.811,0.872,0.804,0.798,0.938,0.864,0.828,0.888,1.0
11,.,1.0,0.921,0.867,0.842,0.927,0.836,0.836,0.845,0.824,0.869,0.794,0.871,0.835,0.906,0.869,0.826
11,A1_1,0.921,1.0,0.841,0.826,0.875,0.786,0.891,0.801,0.778,0.82,0.726,0.855,0.776,0.869,0.868,0.836
11,A1_2,0.867,0.841,1.0,0.772,0.824,0.848,0.802,0.772,0.809,0.782,0.791,0.866,0.779,0.809,0.884,0.914
11,A1_3,0.842,0.826,0.772,1.0,0.841,0.868,0.755,0.867,0.725,0.861,0.837,0.87,0.802,0.836,0.832,0.835
11,B1_1,0.927,0.875,0.824,0.841,1.0,0.861,0.846,0.809,0.877,0.902,0.828,0.947,0.944,0.876,0.91,0.875
11,B1_2,0.836,0.786,0.848,0.868,0.861,1.0,0.692,0.788,0.737,0.822,0.872,0.852,0.835,0.83,0.85,0.859
11,B1_3,0.836,0.891,0.802,0.755,0.846,0.692,1.0,0.7,0.834,0.777,0.764,0.865,0.824,0.787,0.851,0.841
11,A2_1,0.845,0.801,0.772,0.867,0.809,0.788,0.7,1.0,0.698,0.861,0.684,0.847,0.777,0.812,0.81,0.808
11,A2_2,0.824,0.778,0.809,0.725,0.877,0.737,0.834,0.698,1.0,0.802,0.792,0.881,0.887,0.809,0.85,0.87
11,A2_3,0.869,0.82,0.782,0.861,0.902,0.822,0.777,0.861,0.802,1.0,0.833,0.931,0.872,0.841,0.872,0.802
11,B2_1,0.794,0.726,0.791,0.837,0.828,0.872,0.764,0.684,0.792,0.833,1.0,0.836,0.856,0.782,0.835,0.796
11,B2_2,0.871,0.855,0.866,0.87,0.947,0.852,0.865,0.847,0.881,0.931,0.836,1.0,0.93,0.882,0.912,0.937
11,B2_3,0.835,0.776,0.779,0.802,0.944,0.835,0.824,0.777,0.887,0.872,0.856,0.93,1.0,0.824,0.897,0.862
11,y1,0.906,0.869,0.809,0.836,0.876,0.83,0.787,0.812,0.809,0.841,0.782,0.882,0.824,1.0,0.769,0.826
11,y2,0.869,0.868,0.884,0.832,0.91,0.85,0.851,0.81,0.85,0.872,0.835,0.912,0.897,0.769,1.0,0.886
11,y3,0.826,0.836,0.914,0.835,0.875,0.859,0.841,0.808,0.87,0.802,0.796,0.937,0.862,0.826,0.886,1.0
12,.,1.0,0.919,0.861,0.838,0.923,0.83,0.833,0.84,0.821,0.865,0.787,0.864,0.829,0.904,0.864,0.819
12,A1_1,0.919,1.0,0.84,0.823,0.871,0.783,0.889,0.798,0.776,0.818,0.721,0.851,0.772,0.869,0.867,0.833
12,A1_2,0.861,0.84,1.0,0.767,0.817,0.842,0.798,0.767,0.805,0.776,0.782,0.86,0.771,0.806,0.88,0.912
12,A1_3,0.838,0.823,0.767,1.0,0.839,0.867,0.755,0.865,0.723,0.861,0.836,0.869,0.801,0.834,0.831,0.833
12,B1_1,0.923,0.871,0.817,0.839,1.0,0.861,0.848,0.802,0.877,0.902,0.83,0.947,0.945,0.872,0.91,0.872
12,B1_2,0.83,0.783,0.842,0.867,0.861,1.0,0.694,0.783,0.736,0.822,0.873,0.853,0.835,0.827,0.849,0.856
12,B1_3,0.833,0.889,0.798,0.755,0.848,0.694,1.0,0.696,0.835,0.778,0.766,0.867,0.826,0.786,0.852,0.84
12,A2_1,0.84,0.798,0.767,0.865,0.802,0.783,0.696,1.0,0.693,0.858,0.678,0.841,0.77,0.809,0.806,0.804
12,A2_2,0.821,0.776,0.805,0.723,0.877,0.736,0.835,0.693,1.0,0.802,0.791,0.88,0.886,0.807,0.849,0.868
12,A2_3,0.865,0.818,0.776,0.861,0.902,0.822,0.778,0.858,0.802,1.0,0.834,0.93,0.872,0.839,0.87,0.8
12,B2_1,0.787,0.721,0.782,0.836,0.83,0.873,0.766,0.678,0.791,0.834,1.0,0.838,0.858,0.778,0.833,0.793
12,B2_2,0.864,0.851,0.86,0.869,0.947,0.853,0.867,0.841,0.88,0.93,0.838,1.0,0.931,0.878,0.911,0.935
12,B2_3,0.829,0.772,0.771,0.801,0.945,0.835,0.826,0.77,0.886,0.872,0.858,0.931,1.0,0.82,0.896,0.858
12,y1,0.904,0.869,0.806,0.834,0.872,0.827,0.786,0.809,0.807,0.839,0.778,0.878,0.82,1.0,0.767,0.824
12,y2,0.864,0.867,0.88,0.831,0.91,0.849,0.852,0.806,0.849,0.87,0.833,0.911,0.896,0.767,1.0,0.884
12,y3,0.819,0.833,0.912,0.833,0.872,0.856,0.84,0.804,0.868,0.8,0.793,0.935,0.858,0.824,0.884,1.0
13,.,1.0,0.917,0.853,0.831,0.917,0.822,0.828,0.833,0.816,0.859,0.778,0.856,0.82,0.902,0.858,0.81
13,A1_1,0.917,1.0,0.837,0.819,0.866,0.779,0.886,0.794,0.773,0.814,0.715,0.846,0.766,0.868,0.866,0.829
13,A1_2,0.853,0.837,1.0,0.759,0.807,0.833,0.793,0.761,0.8,0.768,0.77,0.852,0.76,0.801,0.875,0.908
13,A1_3,0.831,0.819,0.759,1.0,0.836,0.866,0.753,0.862,0.721,0.86,0.834,0.867,0.798,0.83,0.828,0.829
13,B1_1,0.917,0.866,0.807,0.836,1.0,0.86,0.848,0.794,0.875,0.901,0.832,0.947,0.945,0.866,0.909,0.867
13,B1_2,0.822,0.779,0.833,0.866,0.86,1.0,0.694,0.776,0.734,0.821,0.872,0.853,0.835,0.822,0.846,0.853
13,B1_3,0.828,0.886,0.793,0.753,0.848,0.694,1.0,0.69,0.836,0.778,0.766,0.867,0.827,0.783,0.853,0.838
13,A2_1,0.833,0.794,0.761,0.862,0.794,0.776,0.69,1.0,0.687,0.853,0.67,0.834,0.761,0.804,0.801,0.799
13,A2_2,0.816,0.773,0.8,0.721,0.875,0.734,0.836,0.687,1.0,0.801,0.79,0.879,0.884,0.803,0.848,0.864
13,A2_3,0.859,0.814,0.768,0.86,0.901,0.821,0.778,0.853,0.801,1.0,0.834,0.93,0.871,0.835,0.868,0.796
13,B2_1,0.778,0.715,0.77,0.834,0.832,0.872,0.766,0.67,0.79,0.834,1.0,0.839,0.86,0.772,0.83,0.787
13,B2_2,0.856,0.846,0.852,0.867,0.947,0.853,0.867,0.834,0.879,0.93,0.839,1.0,0.931,0.873,0.91,0.932
13,B2_3,0.82,0.766,0.76,0.798,0.945,0.835,0.827,0.761,0.884,0.871,0.86,0.931,1.0,0.813,0.894,0.853
13,y1,0.902,0.868,0.801,0.83,0.866,0.822,0.783,0.804,0.803,0.835,0.772,0.873,0.813,1.0,0.763,0.819
13,y2,0.858,0.866,0.875,0.828,0.909,0.846,0.853,0.801,0.848,0.868,0.83,0.91,0.894,0.763,1.0,0.881
13,y3,0.81,0.829,0.908,0.829,0.867,0.853,0.838,0.799,0.864,0.796,0.787,0.932,0.853,0.819,0.881,1.0
14,.,1.0,0.915,0.844,0.824,0.908,0.812,0.821,0.825,0.81,0.851,0.766,0.846,0.808,0.898,0.851,0.799
14,A1_1,0.915,1.0,0.833,0.814,0.859,0.773,0.882,0.789,0.77,0.809,0.707,0.84,0.757,0.866,0.864,0.825
14,A1_2,0.844,0.833,1.0,0.749,0.794,0.822,0.785,0.754,0.792,0.757,0.754,0.841,0.745,0.794,0.868,0.902
14,A1_3,0.824,0.814,0.749,1.0,0.832,0.863,0.75,0.857,0.717,0.859,0.831,0.864,0.794,0.825,0.824,0.825
14,B1_1,0.908,0.859,0.794,0.832,1.0,0.859,0.848,0.783,0.873,0.9,0.833,0.947,0.945,0.859,0.907,0.861
14,B1_2,0.812,0.773,0.822,0.863,0.859,1.0,0.693,0.767,0.731,0.819,0.872,0.852,0.833,0.817,0.843,0.848
14,B1_3,0.821,0.882,0.785,0.75,0.848,0.693,1.0,0.682,0.836,0.777,0.766,0.867,0.827,0.779,0.853,0.835
14,A2_1,0.825,0.789,0.754,0.857,0.783,0.767,0.682,1.0,0.68,0.848,0.659,0.825,0.749,0.799,0.795,0.792
14,A2_2,0.81,0.77,0.792,0.717,0.873,0.731,0.836,0.68,1.0,0.799,0.788,0.876,0.881,0.799,0.845,0.86
14,A2_3,0.851,0.809,0.757,0.859,0.9,0.819,0.777,0.848,0.799,1.0,0.833,0.929,0.869,0.83,0.865,0.79
14,B2_1,0.766,0.707,0.754,0.831,0.833,0.872,0.766,0.659,0.788,0.833,1.0,0.84,0.862,0.765,0.826,0.781
14,B2_2,0.846,0.84,0.841,0.864,0.947,0.852,0.867,0.825,0.876,0.929,0.84,1.0,0.931,0.867,0.908,0.928
14,B2_3,0.808,0.757,0.745,0.794,0.945,0.833,0.827,0.749,0.881,0.869,0.862,0.931,1.0,0.805,0.891,0.847
14,y1,0.898,0.866,0.794,0.825,0.859,0.817,0.779,0.799,0.799,0.83,0.765,0.867,0.805,1.0,0.758,0.814
14,y2,0.851,0.864,0.868,0.824,0.907,0.843,0.853,0.795,0.845,0.865,0.826,0.908,0.891,0.758,1.0,0.878
14,y3,0.799,0.825,0.902,0.825,0.861,0.848,0.835,0.792,0.86,0.79,0.781,0.928,0.847,0.814,0.878,1.0
15,.,1.0,0.912,0.833,0.814,0.898,0.8,0.812,0.816,0.803,0.841,0.752,0.832,0.794,0.894,0.842,0.786
15,A1_1,0.912,1.0,0.829,0.809,0.851,0.766,0.877,0.783,0.764,0.804,0.697,0.832,0.748,0.863,0.861,0.819
15,A1_2,0.833,0.829,1.0,0.737,0.778,0.809,0.774,0.745,0.782,0.743,0.735,0.827,0.726,0.786,0.86,0.896
15,A1_3,0.814,0.809,0.737,1.0,0.828,0.86,0.746,0.852,0.712,0.857,0.826,0.861,0.789,0.82,0.82,0.82
15,B1_1,0.898,0.851,0.778,0.828,1.0,0.856,0.847,0.771,0.87,0.899,0.833,0.947,0.945,0.851,0.905,0.854
15,B1_2,0.8,0.766,0.809,0.86,0.856,1.0,0.69,0.757,0.727,0.817,0.87,0.851,0.831,0.81,0.84,0.842
15,B1_3,0.812,0.877,0.774,0.746,0.847,0.69,1.0,0.671,0.835,0.775,0.765,0.866,0.827,0.774,0.851,0.831
15,A2_1,0.816,0.783,0.745,0.852,0.771,0.757,0.671,1.0,0.67,0.841,0.645,0.814,0.735,0.792,0.787,0.784
15,A2_2,0.803,0.764,0.782,0.712,0.87,0.727,0.835,0.67,1.0,0.796,0.784,0.873,0.878,0.794,0.842,0.855
15,A2_3,0.841,0.804,0.743,0.857,0.899,0.817,0.775,0.841,0.796,1.0,0.831,0.928,0.867,0.824,0.861,0.784
15,B2_1,0.752,0.697,0.735,0.826,0.833,0.87,0.765,0.645,0.784,0.831,1.0,0.841,0.863,0.756,0.821,0.772
15,B2_2,0.832,0.832,0.827,0.861,0.947,0.851,0.866,0.814,0.873,0.928,0.841,1.0,0.931,0.859,0.905,0.924
15,B2_3,0.794,0.748,0.726,0.789,0.945,0.831,0.827,0.735,0.878,0.867,0.863,0.931,1.0,0.795,0.887,0.839
15,y1,0.894,0.863,0.786,0.82,0.851,0.81,0.774,0.792,0.794,0.824,0.756,0.859,0.795,1.0,0.752,0.807
15,y2,0.842,0.861,0.86,0.82,0.905,0.84,0.851,0.787,0.842,0.861,0.821,0.905,0.887,0.752,1.0,0.873
15,y3,0.786,0.819,0.896,0.82,0.854,0.842,0.831,0.784,0.855,0.784,0.772,0.924,0.839,0.807,0.873,1.0
16,.,1.0,0.908,0.82,0.803,0.886,0.786,0.801,0.806,0.794,0.829,0.735,0.817,0.778,0.889,0.832,0.771
16,A1_1,0.908,1.0,0.823,0.802,0.842,0.758,0.872,0.777,0.759,0.797,0.686,0.823,0.736,0.861,0.858,0.812
16,A1_2,0.82,0.823,1.0,0.722,0.758,0.792,0.761,0.735,0.77,0.725,0.712,0.809,0.703,0.776,0.85,0.888
16,A1_3,0.803,0.802,0.722,1.0,0.822,0.857,0.741,0.845,0.706,0.855,0.821,0.857,0.782,0.813,0.814,0.813
16,B1_1,0.886,0.842,0.758,0.822,1.0,0.854,0.846,0.756,0.866,0.896,0.833,0.946,0.945,0.842,0.902,0.846
16,B1_2,0.786,0.758,0.792,0.857,0.854,1.0,0.687,0.745,0.722,0.814,0.868,0.849,0.828,0.802,0.835,0.836
16,B1_3,0.801,0.872,0.761,0.741,0.846,0.687,1.0,0.659,0.833,0.772,0.764,0.865,0.826,0.767,0.849,0.826
16,A2_1,0.806,0.777,0.735,0.845,0.756,0.745,0.659,1.0,0.658,0.832,0.629,0.801,0.719,0.784,0.778,0.775
16,A2_2,0.794,0.759,0.77,0.706,0.866,0.722,0.833,0.658,1.0,0.792,0.78,0.869,0.874,0.788,0.838,0.849
16,A2_3,0.829,0.797,0.725,0.855,0.896,0.814,0.772,0.832,0.792,1.0,0.828,0.926,0.864,0.816,0.857,0.775
16,B2_1,0.735,0.686,0.712,0.821,0.833,0.868,0.764,0.629,0.78,0.828,1.0,0.84,0.863,0.745,0.815,0.763
16,B2_2,0.817,0.823,0.809,0.857,0.946,0.849,0.865,0.801,0.869,0.926,0.84,1.0,0.931,0.85,0.901,0.918
16,B2_3,0.778,0.736,0.703,0.782,0.945,0.828,0.826,0.719,0.874,0.864,0.863,0.931,1.0,0.783,0.881,0.83
16,y1,0.889,0.861,0.776,0.813,0.842,0.802,0.767,0.784,0.788,0.816,0.745,0.85,0.783,1.0,0.745,0.8
16,y2,0.832,0.858,0.85,0.814,0.902,0.835,0.849,0.778,0.838,0.857,0.815,0.901,0.881,0.745,1.0,0.868
16,y3,0.771,0.812,0.888,0.813,0.846,0.836,0.826,0.775,0.849,0.775,0.763,0.918,0.83,0.8,0.868,1.0
17,.,1.0,0.904,0.806,0.79,0.871,0.769,0.788,0.794,0.783,0.815,0.714,0.798,0.757,0.883,0.82,0.754
17,A1_1,0.904,1.0,0.815,0.794,0.831,0.748,0.865,0.769,0.752,0.789,0.672,0.812,0.723,0.858,0.854,0.804
17,A1_2,0.806,0.815,1.0,0.704,0.733,0.771,0.744,0.723,0.756,0.704,0.684,0.787,0.675,0.765,0.837,0.879
17,A1_3,0.79,0.794,0.704,1.0,0.815,0.852,0.735,0.837,0.699,0.852,0.815,0.851,0.774,0.805,0.808,0.806
17,B1_1,0.871,0.831,0.733,0.815,1.0,0.85,0.844,0.738,0.861,0.894,0.832,0.945,0.945,0.83,0.897,0.836
17,B1_2,0.769,0.748,0.771,0.852,0.85,1.0,0.682,0.73,0.716,0.81,0.866,0.847,0.825,0.793,0.83,0.827
17,B1_3,0.788,0.865,0.744,0.735,0.844,0.682,1.0,0.645,0.831,0.768,0.761,0.863,0.824,0.759,0.847,0.819
17,A2_1,0.794,0.769,0.723,0.837,0.738,0.73,0.645,1.0,0.645,0.822,0.61,0.785,0.7,0.775,0.768,0.764
17,A2_2,0.783,0.752,0.756,0.699,0.861,0.716,0.831,0.645,1.0,0.788,0.775,0.864,0.869,0.78,0.833,0.842
17,A2_3,0.815,0.789,0.704,0.852,0.894,0.81,0.768,0.822,0.788,1.0,0.825,0.924,0.861,0.807,0.851,0.766
17,B2_1,0.714,0.672,0.684,0.815,0.832,0.866,0.761,0.61,0.775,0.825,1.0,0.84,0.863,0.732,0.807,0.751
17,B2_2,0.798,0.812,0.787,0.851,0.945,0.847,0.863,0.785,0.864,0.924,0.84,1.0,0.93,0.839,0.896,0.912
17,B2_3,0.757,0.723,0.675,0.774,0.945,0.825,0.824,0.7,0.869,0.861,0.863,0.93,1.0,0.77,0.875,0.819
17,y1,0.883,0.858,0.765,0.805,0.83,0.793,0.759,0.775,0.78,0.807,0.732,0.839,0.77,1.0,0.736,0.79
17,y2,0.82,0.854,0.837,0.808,0.897,0.83,0.847,0.768,0.833,0.851,0.807,0.896,0.875,0.736,1.0,0.862
17,y3,0.754,0.804,0.879,0.806,0.836,0.827,0.819,0.764,0.842,0.766,0.751,0.912,0.819,0.79,0.862,1.0
18,.,1.0,0.899,0.79,0.774,0.852,0.748,0.772,0.781,0.77,0.798,0.689,0.775,0.733,0.876,0.806,0.734
18,A1_1,0.899,1.0,0.805,0.785,0.818,0.736,0.857,0.76,0.743,0.78,0.656,0.799,0.707,0.854,0.85,0.794
18,A1_2,0.79,0.805,1.0,0.682,0.702,0.745,0.722,0.71,0.737,0.678,0.649,0.759,0.641,0.751,0.822,0.867
18,A1_3,0.774,0.785,0.682,1.0,0.807,0.847,0.727,0.828,0.69,0.848,0.808,0.845,0.765,0.795,0.8,0.797
18,B1_1,0.852,0.818,0.702,0.807,1.0,0.846,0.841,0.717,0.856,0.891,0.83,0.944,0.945,0.816,0.891,0.823
18,B1_2,0.748,0.736,0.745,0.847,0.846,1.0,0.676,0.713,0.708,0.805,0.863,0.844,0.82,0.781,0.823,0.817
18,B1_3,0.772,0.857,0.722,0.727,0.841,0.676,1.0,0.628,0.827,0.764,0.758,0.86,0.822,0.749,0.843,0.81
18,A2_1,0.781,0.76,0.71,0.828,0.717,0.713,0.628,1.0,0.63,0.81,0.588,0.766,0.678,0.764,0.756,0.752
18,A2_2,0.77,0.743,0.737,0.69,0.856,0.708,0.827,0.63,1.0,0.782,0.769,0.858,0.863,0.772,0.828,0.834
18,A2_3,0.798,0.78,0.678,0.848,0.891,0.805,0.764,0.81,0.782,1.0,0.821,0.922,0.857,0.796,0.844,0.754
18,B2_1,0.689,0.656,0.649,0.808,0.83,0.863,0.758,0.588,0.769,0.821,1.0,0.839,0.863,0.716,0.797,0.737
18,B2_2,0.775,0.799,0.759,0.845,0.944,0.844,0.86,0.766,0.858,0.922,0.839,1.0,0.929,0.825,0.89,0.903
18,B2_3,0.733,0.707,0.641,0.765,0.945,0.82,0.822,0.678,0.863,0.857,0.863,0.929,1.0,0.753,0.867,0.806
18,y1,0.876,0.854,0.751,0.795,0.816,0.781,0.749,0.764,0.772,0.796,0.716,0.825,0.753,1.0,0.726,0.78
18,y2,0.806,0.85,0.822,0.8,0.891,0.823,0.843,0.756,0.828,0.844,0.797,0.89,0.867,0.726,1.0,0.855
18,y3,0.734,0.794,0.867,0.797,0.823,0.817,0.81,0.752,0.834,0.754,0.737,0.903,0.806,0.78,0.855,1.0
19,.,1.0,0.893,0.772,0.756,0.83,0.724,0.752,0.767,0.755,0.779,0.661,0.748,0.704,0.868,0.79,0.712
19,A1_1,0.893,1.0,0.795,0.776,0.803,0.723,0.848,0.751,0.734,0.769,0.638,0.785,0.69,0.851,0.845,0.784
19,A1_2,0.772,0.795,1.0,0.658,0.666,0.713,0.696,0.697,0.716,0.647,0.609,0.726,0.601,0.736,0.805,0.853
19,A1_3,0.756,0.776,0.658,1.0,0.798,0.841,0.719,0.818,0.681,0.843,0.799,0.838,0.755,0.785,0.791,0.787
19,B1_1,0.83,0.803,0.666,0.798,1.0,0.842,0.839,0.694,0.849,0.887,0.829,0.943,0.944,0.8,0.885,0.809
19,B1_2,0.724,0.723,0.713,0.841,0.842,1.0,0.67,0.694,0.699,0.8,0.859,0.84,0.816,0.768,0.814,0.806
19,B1_3,0.752,0.848,0.696,0.719,0.839,0.67,1.0,0.609,0.824,0.759,0.754,0.857,0.82,0.738,0.838,0.801
19,A2_1,0.767,0.751,0.697,0.818,0.694,0.694,0.609,1.0,0.613,0.796,0.562,0.744,0.652,0.754,0.743,0.739
19,A2_2,0.755,0.734,0.716,0.681,0.849,0.699,0.824,0.613,1.0,0.776,0.762,0.852,0.856,0.762,0.821,0.825
19,A2_3,0.779,0.769,0.647,0.843,0.887,0.8,0.759,0.796,0.776,1.0,0.816,0.919,0.852,0.784,0.837,0.741
19,B2_1,0.661,0.638,0.609,0.799,0.829,0.859,0.754,0.562,0.762,0.816,1.0,0.837,0.863,0.699,0.786,0.721
19,B2_2,0.748,0.785,0.726,0.838,0.943,0.84,0.857,0.744,0.852,0.919,0.837,1.0,0.928,0.81,0.882,0.893
19,B2_3,0.704,0.69,0.601,0.755,0.944,0.816,0.82,0.652,0.856,0.852,0.863,0.928,1.0,0.735,0.858,0.791
19,y1,0.868,0.851,0.736,0.785,0.8,0.768,0.738,0.754,0.762,0.784,0.699,0.81,0.735,1.0,0.715,0.768
19,y2,0.79,0.845,0.805,0.791,0.885,0.814,0.838,0.743,0.821,0.837,0.786,0.882,0.858,0.715,1.0,0.847
19,y3,0.712,0.784,0.853,0.787,0.809,0.806,0.801,0.739,0.825,0.741,0.721,0.893,0.791,0.768,0.847,1.0
20,.,1.0,0.886,0.753,0.735,0.802,0.695,0.729,0.752,0.737,0.755,0.626,0.715,0.67,0.859,0.771,0.686
20,A1_1,0.886,1.0,0.781,0.765,0.786,0.707,0.837,0.741,0.724,0.757,0.617,0.768,0.67,0.846,0.84,0.773
20,A1_2,0.753,0.781,1.0,0.628,0.621,0.675,0.664,0.683,0.69,0.611,0.561,0.684,0.553,0.718,0.783,0.837
20,A1_3,0.735,0.765,0.628,1.0,0.787,0.834,0.709,0.806,0.67,0.838,0.789,0.829,0.743,0.773,0.781,0.775
20,B1_1,0.802,0.786,0.621,0.787,1.0,0.837,0.835,0.666,0.841,0.882,0.827,0.942,0.943,0.782,0.876,0.792
20,B1_2,0.695,0.707,0.675,0.834,0.837,1.0,0.662,0.671,0.688,0.793,0.855,0.836,0.811,0.752,0.805,0.792
20,B1_3,0.729,0.837,0.664,0.709,0.835,0.662,1.0,0.586,0.819,0.753,0.75,0.854,0.817,0.724,0.832,0.789
20,A2_1,0.752,0.741,0.683,0.806,0.666,0.671,0.586,1.0,0.593,0.78,0.533,0.719,0.622,0.741,0.729,0.724
20,A2_2,0.737,0.724,0.69,0.67,0.841,0.688,0.819,0.593,1.0,0.768,0.753,0.843,0.847,0.751,0.814,0.814
20,A2_3,0.755,0.757,0.611,0.838,0.882,0.793,0.753,0.78,0.768,1.0,0.81,0.915,0.846,0.77,0.827,0.726
20,B2_1,0.626,0.617,0.561,0.789,0.827,0.855,0.75,0.533,0.753,0.81,1.0,0.835,0.863,0.678,0.773,0.702
20,B2_2,0.715,0.768,0.684,0.829,0.942,0.836,0.854,0.719,0.843,0.915,0.835,1.0,0.927,0.792,0.873,0.881
20,B2_3,0.67,0.67,0.553,0.743,0.943,0.811,0.817,0.622,0.847,0.846,0.863,0.927,1.0,0.712,0.847,0.773
20,y1,0.859,0.846,0.718,0.773,0.782,0.752,0.724,0.741,0.751,0.77,0.678,0.792,0.712,1.0,0.703,0.755
20,y2,0.771,0.84,0.783,0.781,0.876,0.805,0.832,0.729,0.814,0.827,0.773,0.873,0.847,0.703,1.0,0.837
20,y3,0.686,0.773,0.837,0.775,0.792,0.792,0.789,0.724,0.814,0.726,0.702,0.881,0.773,0.755,0.837,1.0
21,.,1.0,0.878,0.734,0.711,0.769,0.663,0.702,0.736,0.717,0.728,0.587,0.677,0.631,0.849,0.751,0.658
21,A1_1,0.878,1.0,0.767,0.753,0.767,0.69,0.824,0.731,0.713,0.745,0.594,0.749,0.647,0.843,0.834,0.76
21,A1_2,0.734,0.767,1.0,0.596,0.569,0.632,0.625,0.669,0.66,0.569,0.505,0.635,0.497,0.7,0.759,0.818
21,A1_3,0.711,0.753,0.596,1.0,0.775,0.827,0.699,0.793,0.658,0.833,0.778,0.82,0.729,0.76,0.77,0.763
21,B1_1,0.769,0.767,0.569,0.775,1.0,0.832,0.831,0.634,0.832,0.877,0.825,0.941,0.943,0.76,0.866,0.772
21,B1_2,0.663,0.69,0.632,0.827,0.832,1.0,0.655,0.646,0.677,0.787,0.851,0.832,0.805,0.735,0.795,0.777
21,B1_3,0.702,0.824,0.625,0.699,0.831,0.655,1.0,0.562,0.814,0.747,0.746,0.851,0.814,0.709,0.825,0.776
21,A2_1,0.736,0.731,0.669,0.793,0.634,0.646,0.562,1.0,0.572,0.762,0.5,0.689,0.588,0.729,0.713,0.709
21,A2_2,0.717,0.713,0.66,0.658,0.832,0.677,0.814,0.572,1.0,0.76,0.744,0.834,0.838,0.738,0.806,0.801
21,A2_3,0.728,0.745,0.569,0.833,0.877,0.787,0.747,0.762,0.76,1.0,0.804,0.911,0.84,0.754,0.817,0.708
21,B2_1,0.587,0.594,0.505,0.778,0.825,0.851,0.746,0.5,0.744,0.804,1.0,0.834,0.862,0.654,0.758,0.68
21,B2_2,0.677,0.749,0.635,0.82,0.941,0.832,0.851,0.689,0.834,0.911,0.834,1.0,0.925,0.771,0.863,0.867
21,B2_3,0.631,0.647,0.497,0.729,0.943,0.805,0.814,0.588,0.838,0.84,0.862,0.925,1.0,0.687,0.833,0.752
21,y1,0.849,0.843,0.7,0.76,0.76,0.735,0.709,0.729,0.738,0.754,0.654,0.771,0.687,1.0,0.69,0.741
21,y2,0.751,0.834,0.759,0.77,0.866,0.795,0.825,0.713,0.806,0.817,0.758,0.863,0.833,0.69,1.0,0.827
21,y3,0.658,0.76,0.818,0.763,0.772,0.777,0.776,0.709,0.801,0.708,0.68,0.867,0.752,0.741,0.827,1.0
22,.,1.0,0.869,0.714,0.685,0.73,0.625,0.67,0.72,0.693,0.697,0.542,0.632,0.585,0.838,0.729,0.628
22,A1_1,0.869,1.0,0.75,0.741,0.745,0.671,0.81,0.721,0.7,0.73,0.568,0.727,0.621,0.839,0.828,0.747
22,A1_2,0.714,0.75,1.0,0.56,0.508,0.581,0.581,0.656,0.626,0.522,0.442,0.577,0.433,0.68,0.732,0.797
22,A1_3,0.685,0.741,0.56,1.0,0.762,0.818,0.687,0.779,0.645,0.827,0.765,0.809,0.714,0.746,0.758,0.749
22,B1_1,0.73,0.745,0.508,0.762,1.0,0.826,0.828,0.599,0.821,0.872,0.823,0.939,0.942,0.735,0.853,0.748
22,B1_2,0.625,0.671,0.581,0.818,0.826,1.0,0.647,0.618,0.665,0.779,0.847,0.828,0.799,0.715,0.783,0.759
22,B1_3,0.67,0.81,0.581,0.687,0.828,0.647,1.0,0.535,0.809,0.74,0.742,0.847,0.811,0.691,0.817,0.76
22,A2_1,0.72,0.721,0.656,0.779,0.599,0.618,0.535,1.0,0.549,0.742,0.463,0.656,0.551,0.717,0.697,0.692
22,A2_2,0.693,0.7,0.626,0.645,0.821,0.665,0.809,0.549,1.0,0.751,0.733,0.824,0.827,0.725,0.797,0.788
22,A2_3,0.697,0.73,0.522,0.827,0.872,0.779,0.74,0.742,0.751,1.0,0.796,0.906,0.833,0.736,0.805,0.689
22,B2_1,0.542,0.568,0.442,0.765,0.823,0.847,0.742,0.463,0.733,0.796,1.0,0.832,0.862,0.626,0.74,0.655
22,B2_2,0.632,0.727,0.577,0.809,0.939,0.828,0.847,0.656,0.824,0.906,0.832,1.0,0.924,0.746,0.85,0.849
22,B2_3,0.585,0.621,0.433,0.714,0.942,0.799,0.811,0.551,0.827,0.833,0.862,0.924,1.0,0.659,0.818,0.728
22,y1,0.838,0.839,0.68,0.746,0.735,0.715,0.691,0.717,0.725,0.736,0.626,0.746,0.659,1.0,0.676,0.725
22,y2,0.729,0.828,0.732,0.758,0.853,0.783,0.817,0.697,0.797,0.805,0.74,0.85,0.818,0.676,1.0,0.816
22,y3,0.628,0.747,0.797,0.749,0.748,0.759,0.76,0.692,0.788,0.689,0.655,0.849,0.728,0.725,0.816,1.0
23,.,1.0,0.859,0.696,0.656,0.686,0.584,0.633,0.704,0.668,0.663,0.492,0.582,0.534,0.827,0.705,0.596
23,A1_1,0.859,1.0,0.732,0.728,0.72,0.651,0.794,0.711,0.688,0.715,0.54,0.703,0.593,0.835,0.821,0.733
23,A1_2,0.696,0.732,1.0,0.522,0.442,0.525,0.531,0.644,0.589,0.471,0.373,0.512,0.363,0.66,0.703,0.775
23,A1_3,0.656,0.728,0.522,1.0,0.746,0.809,0.675,0.764,0.632,0.82,0.751,0.796,0.697,0.731,0.745,0.734
23,B1_1,0.686,0.72,0.442,0.746,1.0,0.82,0.824,0.56,0.809,0.866,0.821,0.938,0.941,0.706,0.839,0.722
23,B1_2,0.584,0.651,0.525,0.809,0.82,1.0,0.639,0.587,0.652,0.772,0.842,0.823,0.793,0.693,0.77,0.739
23,B1_3,0.633,0.794,0.531,0.675,0.824,0.639,1.0,0.505,0.803,0.733,0.737,0.844,0.808,0.672,0.808,0.743
23,A2_1,0.704,0.711,0.644,0.764,0.56,0.587,0.505,1.0,0.526,0.719,0.423,0.619,0.509,0.704,0.68,0.676
23,A2_2,0.668,0.688,0.589,0.632,0.809,0.652,0.803,0.526,1.0,0.741,0.722,0.812,0.815,0.71,0.787,0.773
23,A2_3,0.663,0.715,0.471,0.82,0.866,0.772,0.733,0.719,0.741,1.0,0.789,0.901,0.825,0.716,0.793,0.667
23,B2_1,0.492,0.54,0.373,0.751,0.821,0.842,0.737,0.423,0.722,0.789,1.0,0.83,0.861,0.596,0.721,0.628
23,B2_2,0.582,0.703,0.512,0.796,0.938,0.823,0.844,0.619,0.812,0.901,0.83,1.0,0.923,0.718,0.835,0.829
23,B2_3,0.534,0.593,0.363,0.697,0.941,0.793,0.808,0.509,0.815,0.825,0.861,0.923,1.0,0.626,0.8,0.701
23,y1,0.827,0.835,0.66,0.731,0.706,0.693,0.672,0.704,0.71,0.716,0.596,0.718,0.626,1.0,0.661,0.71
23,y2,0.705,0.821,0.703,0.745,0.839,0.77,0.808,0.68,0.787,0.793,0.721,0.835,0.8,0.661,1.0,0.804
23,y3,0.596,0.733,0.775,0.734,0.722,0.739,0.743,0.676,0.773,0.667,0.628,0.829,0.701,0.71,0.804,1.0
24,.,1.0,0.848,0.679,0.625,0.634,0.536,0.592,0.688,0.64,0.624,0.437,0.526,0.477,0.814,0.68,0.563
24,A1_1,0.848,1.0,0.712,0.714,0.692,0.627,0.776,0.701,0.674,0.697,0.509,0.675,0.562,0.831,0.815,0.718
24,A1_2,0.679,0.712,1.0,0.481,0.367,0.462,0.475,0.634,0.549,0.415,0.298,0.44,0.287,0.641,0.672,0.752
24,A1_3,0.625,0.714,0.481,1.0,0.729,0.798,0.662,0.747,0.617,0.813,0.736,0.782,0.678,0.714,0.731,0.717
24,B1_1,0.634,0.692,0.367,0.729,1.0,0.814,0.82,0.516,0.795,0.859,0.819,0.936,0.94,0.673,0.821,0.691
24,B1_2,0.536,0.627,0.462,0.798,0.814,1.0,0.631,0.552,0.637,0.763,0.838,0.818,0.786,0.667,0.754,0.716
24,B1_3,0.592,0.776,0.475,0.662,0.82,0.631,1.0,0.473,0.796,0.725,0.733,0.84,0.805,0.649,0.796,0.722
24,A2_1,0.688,0.701,0.634,0.747,0.516,0.552,0.473,1.0,0.501,0.694,0.379,0.577,0.464,0.692,0.663,0.659
24,A2_2,0.64,0.674,0.549,0.617,0.795,0.637,0.796,0.501,1.0,0.73,0.708,0.799,0.802,0.695,0.777,0.756
24,A2_3,0.624,0.697,0.415,0.813,0.859,0.763,0.725,0.694,0.73,1.0,0.78,0.896,0.817,0.694,0.778,0.642
24,B2_1,0.437,0.509,0.298,0.736,0.819,0.838,0.733,0.379,0.708,0.78,1.0,0.828,0.861,0.562,0.699,0.596
24,B2_2,0.526,0.675,0.44,0.782,0.936,0.818,0.84,0.577,0.799,0.896,0.828,1.0,0.921,0.686,0.817,0.804
24,B2_3,0.477,0.562,0.287,0.678,0.94,0.786,0.805,0.464,0.802,0.817,0.861,0.921,1.0,0.59,0.78,0.669
24,y1,0.814,0.831,0.641,0.714,0.673,0.667,0.649,0.692,0.695,0.694,0.562,0.686,0.59,1.0,0.646,0.693
24,y2,0.68,0.815,0.672,0.731,0.821,0.754,0.796,0.663,0.777,0.778,0.699,0.817,0.78,0.646,1.0,0.791
24,y3,0.563,0.718,0.752,0.717,0.691,0.716,0.722,0.659,0.756,0.642,0.596,0.804,0.669,0.693,0.791,1.0
25,.,1.0,0.837,0.666,0.592,0.577,0.485,0.547,0.673,0.61,0.581,0.377,0.464,0.415,0.802,0.654,0.529
25,A1_1,0.837,1.0,0.692,0.7,0.66,0.601,0.755,0.692,0.659,0.678,0.475,0.645,0.527,0.828,0.807,0.703
25,A1_2,0.666,0.692,1.0,0.44,0.288,0.396,0.414,0.627,0.507,0.357,0.219,0.362,0.207,0.624,0.641,0.729
25,A1_3,0.592,0.7,0.44,1.0,0.71,0.785,0.647,0.73,0.602,0.804,0.718,0.766,0.657,0.696,0.715,0.699
25,B1_1,0.577,0.66,0.288,0.71,1.0,0.807,0.816,0.468,0.779,0.851,0.817,0.935,0.94,0.635,0.801,0.655
25,B1_2,0.485,0.601,0.396,0.785,0.807,1.0,0.623,0.514,0.621,0.753,0.833,0.813,0.779,0.638,0.737,0.69
25,B1_3,0.547,0.755,0.414,0.647,0.816,0.623,1.0,0.437,0.788,0.717,0.729,0.836,0.802,0.624,0.783,0.699
25,A2_1,0.673,0.692,0.627,0.73,0.468,0.514,0.437,1.0,0.476,0.667,0.332,0.531,0.414,0.681,0.646,0.643
25,A2_2,0.61,0.659,0.507,0.602,0.779,0.621,0.788,0.476,1.0,0.718,0.694,0.783,0.786,0.678,0.765,0.737
25,A2_3,0.581,0.678,0.357,0.804,0.851,0.753,0.717,0.667,0.718,1.0,0.771,0.889,0.807,0.669,0.761,0.614
25,B2_1,0.377,0.475,0.219,0.718,0.817,0.833,0.729,0.332,0.694,0.771,1.0,0.826,0.861,0.523,0.674,0.56
25,B2_2,0.464,0.645,0.362,0.766,0.935,0.813,0.836,0.531,0.783,0.889,0.826,1.0,0.92,0.649,0.796,0.775
25,B2_3,0.415,0.527,0.207,0.657,0.94,0.779,0.802,0.414,0.786,0.807,0.861,0.92,1.0,0.549,0.756,0.632
25,y1,0.802,0.828,0.624,0.696,0.635,0.638,0.624,0.681,0.678,0.669,0.523,0.649,0.549,1.0,0.63,0.676
25,y2,0.654,0.807,0.641,0.715,0.801,0.737,0.783,0.646,0.765,0.761,0.674,0.796,0.756,0.63,1.0,0.778
25,y3,0.529,0.703,0.729,0.699,0.655,0.69,0.699,0.643,0.737,0.614,0.56,0.775,0.632,0.676,0.778,1.0
26,.,1.0,0.825,0.657,0.558,0.515,0.431,0.498,0.66,0.58,0.537,0.314,0.398,0.349,0.791,0.629,0.498
