,,.,A1_1,A1_2,A1_3,B1_1,B1_2,B1_3,A2_1,A2_2,A2_3,B2_1,B2_2,B2_3,y1,y2,y3
1,.,1.0,0.299,0.204,-0.227,0.106,0.249,0.121,0.102,-0.034,-0.182,-0.009,-0.228,-0.061,0.261,0.489,0.133
1,A1_1,0.299,1.0,0.121,-0.12,0.092,0.089,0.384,0.121,0.008,0.004,-0.056,-0.017,-0.046,0.25,0.185,0.189
1,A1_2,0.204,0.121,1.0,-0.222,-0.409,0.249,-0.105,0.01,0.052,-0.096,-0.079,-0.252,-0.24,0.101,0.262,0.487
1,A1_3,-0.227,-0.12,-0.222,1.0,-0.398,0.037,-0.159,0.157,-0.206,-0.166,0.101,0.077,-0.291,0.181,-0.302,-0.152
1,B1_1,0.106,0.092,-0.409,-0.398,1.0,0.051,0.052,-0.42,0.141,0.201,-0.248,0.392,0.385,0.035,0.079,-0.215
1,B1_2,0.249,0.089,0.249,0.037,0.051,1.0,-0.271,-0.069,-0.093,0.08,-0.016,-0.154,-0.029,0.068,0.214,0.297
1,B1_3,0.121,0.384,-0.105,-0.159,0.052,-0.271,1.0,0.002,0.052,-0.214,-0.093,0.147,-0.022,-0.005,-0.072,-0.076
1,A2_1,0.102,0.121,0.01,0.157,-0.42,-0.069,0.002,1.0,-0.176,-0.036,0.039,-0.208,-0.069,0.085,-0.135,0.245
1,A2_2,-0.034,0.008,0.052,-0.206,0.141,-0.093,0.052,-0.176,1.0,-0.015,-0.333,0.188,0.091,-0.029,0.152,0.163
1,A2_3,-0.182,0.004,-0.096,-0.166,0.201,0.08,-0.214,-0.036,-0.015,1.0,-0.07,0.229,0.178,-0.041,-0.017,-0.166
1,B2_1,-0.009,-0.056,-0.079,0.101,-0.248,-0.016,-0.093,0.039,-0.333,-0.07,1.0,-0.198,-0.029,-0.102,0.023,0.022
1,B2_2,-0.228,-0.017,-0.252,0.077,0.392,-0.154,0.147,-0.208,0.188,0.229,-0.198,1.0,0.038,0.114,0.002,0.22
1,B2_3,-0.061,-0.046,-0.24,-0.291,0.385,-0.029,-0.022,-0.069,0.091,0.178,-0.029,0.038,1.0,-0.027,0.14,-0.288
1,y1,0.261,0.25,0.101,0.181,0.035,0.068,-0.005,0.085,-0.029,-0.041,-0.102,0.114,-0.027,1.0,-0.258,-0.032
1,y2,0.489,0.185,0.262,-0.302,0.079,0.214,-0.072,-0.135,0.152,-0.017,0.023,0.002,0.14,-0.258,1.0,0.303
1,y3,0.133,0.189,0.487,-0.152,-0.215,0.297,-0.076,0.245,0.163,-0.166,0.022,0.22,-0.288,-0.032,0.303,1.0
2,.,1.0,0.299,0.204,-0.227,0.106,0.249,0.121,0.102,-0.034,-0.182,-0.009,-0.228,-0.061,0.262,0.488,0.132
2,A1_1,0.299,1.0,0.121,-0.12,0.092,0.089,0.384,0.121,0.008,0.004,-0.056,-0.017,-0.047,0.25,0.185,0.189
2,A1_2,0.204,0.121,1.0,-0.222,-0.409,0.249,-0.105,0.01,0.052,-0.096,-0.079,-0.252,-0.24,0.1,0.262,0.487
2,A1_3,-0.227,-0.12,-0.222,1.0,-0.399,0.037,-0.159,0.157,-0.206,-0.166,0.101,0.077,-0.291,0.18,-0.302,-0.153
2,B1_1,0.106,0.092,-0.409,-0.399,1.0,0.051,0.053,-0.42,0.141,0.201,-0.247,0.393,0.386,0.034,0.08,-0.214
2,B1_2,0.249,0.089,0.249,0.037,0.051,1.0,-0.271,-0.069,-0.092,0.081,-0.015,-0.153,-0.028,0.067,0.215,0.297
2,B1_3,0.121,0.384,-0.105,-0.159,0.053,-0.271,1.0,0.002,0.052,-0.214,-0.093,0.147,-0.022,-0.005,-0.072,-0.076
2,A2_1,0.102,0.121,0.01,0.157,-0.42,-0.069,0.002,1.0,-0.176,-0.035,0.04,-0.208,-0.069,0.085,-0.135,0.245
2,A2_2,-0.034,0.008,0.052,-0.206,0.141,-0.092,0.052,-0.176,1.0,-0.015,-0.333,0.188,0.092,-0.03,0.152,0.163
2,A2_3,-0.182,0.004,-0.096,-0.166,0.201,0.081,-0.214,-0.035,-0.015,1.0,-0.07,0.229,0.178,-0.042,-0.017,-0.166
2,B2_1,-0.009,-0.056,-0.079,0.101,-0.247,-0.015,-0.093,0.04,-0.333,-0.07,1.0,-0.197,-0.029,-0.102,0.023,0.022
2,B2_2,-0.228,-0.017,-0.252,0.077,0.393,-0.153,0.147,-0.208,0.188,0.229,-0.197,1.0,0.039,0.114,0.003,0.22
2,B2_3,-0.061,-0.047,-0.24,-0.291,0.386,-0.028,-0.022,-0.069,0.092,0.178,-0.029,0.039,1.0,-0.027,0.141,-0.287
2,y1,0.262,0.25,0.1,0.18,0.034,0.067,-0.005,0.085,-0.03,-0.042,-0.102,0.114,-0.027,1.0,-0.258,-0.032
2,y2,0.488,0.185,0.262,-0.302,0.08,0.215,-0.072,-0.135,0.152,-0.017,0.023,0.003,0.141,-0.258,1.0,0.303
2,y3,0.132,0.189,0.487,-0.153,-0.214,0.297,-0.076,0.245,0.163,-0.166,0.022,0.22,-0.287,-0.032,0.303,1.0
3,.,1.0,0.299,0.203,-0.227,0.106,0.249,0.12,0.101,-0.034,-0.182,-0.009,-0.229,-0.061,0.263,0.487,0.132
3,A1_1,0.299,1.0,0.121,-0.12,0.092,0.089,0.384,0.121,0.008,0.005,-0.056,-0.017,-0.047,0.25,0.186,0.189
3,A1_2,0.203,0.121,1.0,-0.222,-0.409,0.249,-0.105,0.01,0.052,-0.096,-0.079,-0.252,-0.24,0.1,0.262,0.487
3,A1_3,-0.227,-0.12,-0.222,1.0,-0.399,0.037,-0.159,0.157,-0.205,-0.166,0.101,0.077,-0.291,0.18,-0.302,-0.153
3,B1_1,0.106,0.092,-0.409,-0.399,1.0,0.052,0.053,-0.42,0.141,0.201,-0.247,0.393,0.386,0.034,0.081,-0.214
3,B1_2,0.249,0.089,0.249,0.037,0.052,1.0,-0.271,-0.069,-0.092,0.081,-0.015,-0.153,-0.027,0.066,0.215,0.297
3,B1_3,0.12,0.384,-0.105,-0.159,0.053,-0.271,1.0,0.002,0.053,-0.213,-0.093,0.148,-0.021,-0.005,-0.071,-0.075
3,A2_1,0.101,0.121,0.01,0.157,-0.42,-0.069,0.002,1.0,-0.176,-0.035,0.04,-0.208,-0.069,0.085,-0.135,0.245
3,A2_2,-0.034,0.008,0.052,-0.205,0.141,-0.092,0.053,-0.176,1.0,-0.015,-0.333,0.189,0.092,-0.03,0.151,0.163
3,A2_3,-0.182,0.005,-0.096,-0.166,0.201,0.081,-0.213,-0.035,-0.015,1.0,-0.069,0.229,0.178,-0.042,-0.017,-0.166
3,B2_1,-0.009,-0.056,-0.079,0.101,-0.247,-0.015,-0.093,0.04,-0.333,-0.069,1.0,-0.197,-0.028,-0.103,0.024,0.022
3,B2_2,-0.229,-0.017,-0.252,0.077,0.393,-0.153,0.148,-0.208,0.189,0.229,-0.197,1.0,0.04,0.113,0.004,0.22
3,B2_3,-0.061,-0.047,-0.24,-0.291,0.386,-0.027,-0.021,-0.069,0.092,0.178,-0.028,0.04,1.0,-0.028,0.142,-0.287
3,y1,0.263,0.25,0.1,0.18,0.034,0.066,-0.005,0.085,-0.03,-0.042,-0.103,0.113,-0.028,1.0,-0.258,-0.032
3,y2,0.487,0.186,0.262,-0.302,0.081,0.215,-0.071,-0.135,0.151,-0.017,0.024,0.004,0.142,-0.258,1.0,0.302
3,y3,0.132,0.189,0.487,-0.153,-0.214,0.297,-0.075,0.245,0.163,-0.166,0.022,0.22,-0.287,-0.032,0.302,1.0
4,.,1.0,0.299,0.203,-0.226,0.106,0.248,0.12,0.101,-0.034,-0.183,-0.009,-0.23,-0.061,0.264,0.485,0.131
4,A1_1,0.299,1.0,0.121,-0.12,0.091,0.089,0.384,0.121,0.008,0.005,-0.056,-0.017,-0.047,0.251,0.186,0.19
4,A1_2,0.203,0.121,1.0,-0.222,-0.409,0.249,-0.106,0.01,0.052,-0.096,-0.079,-0.251,-0.24,0.1,0.263,0.487
4,A1_3,-0.226,-0.12,-0.222,1.0,-0.399,0.037,-0.159,0.157,-0.205,-0.165,0.101,0.077,-0.29,0.18,-0.302,-0.153
4,B1_1,0.106,0.091,-0.409,-0.399,1.0,0.052,0.053,-0.421,0.141,0.201,-0.246,0.393,0.387,0.034,0.082,-0.214
4,B1_2,0.248,0.089,0.249,0.037,0.052,1.0,-0.27,-0.069,-0.091,0.081,-0.014,-0.152,-0.027,0.066,0.216,0.297
4,B1_3,0.12,0.384,-0.106,-0.159,0.053,-0.27,1.0,0.002,0.053,-0.213,-0.093,0.148,-0.021,-0.006,-0.07,-0.075
4,A2_1,0.101,0.121,0.01,0.157,-0.421,-0.069,0.002,1.0,-0.176,-0.035,0.04,-0.208,-0.069,0.085,-0.135,0.245
4,A2_2,-0.034,0.008,0.052,-0.205,0.141,-0.091,0.053,-0.176,1.0,-0.015,-0.332,0.189,0.092,-0.03,0.151,0.163
4,A2_3,-0.183,0.005,-0.096,-0.165,0.201,0.081,-0.213,-0.035,-0.015,1.0,-0.069,0.23,0.178,-0.042,-0.018,-0.167
4,B2_1,-0.009,-0.056,-0.079,0.101,-0.246,-0.014,-0.093,0.04,-0.332,-0.069,1.0,-0.196,-0.027,-0.103,0.024,0.022
4,B2_2,-0.23,-0.017,-0.251,0.077,0.393,-0.152,0.148,-0.208,0.189,0.23,-0.196,1.0,0.041,0.113,0.005,0.22
4,B2_3,-0.061,-0.047,-0.24,-0.29,0.387,-0.027,-0.021,-0.069,0.092,0.178,-0.027,0.041,1.0,-0.029,0.142,-0.287
4,y1,0.264,0.251,0.1,0.18,0.034,0.066,-0.006,0.085,-0.03,-0.042,-0.103,0.113,-0.029,1.0,-0.258,-0.031
4,y2,0.485,0.186,0.263,-0.302,0.082,0.216,-0.07,-0.135,0.151,-0.018,0.024,0.005,0.142,-0.258,1.0,0.302
4,y3,0.131,0.19,0.487,-0.153,-0.214,0.297,-0.075,0.245,0.163,-0.167,0.022,0.22,-0.287,-0.031,0.302,1.0
5,.,1.0,0.298,0.203,-0.226,0.106,0.248,0.12,0.101,-0.034,-0.183,-0.01,-0.23,-0.062,0.265,0.484,0.13
5,A1_1,0.298,1.0,0.121,-0.12,0.091,0.089,0.384,0.121,0.008,0.005,-0.056,-0.017,-0.047,0.251,0.186,0.19
5,A1_2,0.203,0.121,1.0,-0.222,-0.41,0.248,-0.106,0.01,0.052,-0.095,-0.079,-0.251,-0.24,0.1,0.263,0.487
5,A1_3,-0.226,-0.12,-0.222,1.0,-0.399,0.037,-0.159,0.157,-0.205,-0.165,0.101,0.077,-0.29,0.179,-0.302,-0.153
5,B1_1,0.106,0.091,-0.41,-0.399,1.0,0.052,0.053,-0.421,0.142,0.201,-0.246,0.394,0.387,0.033,0.082,-0.213
5,B1_2,0.248,0.089,0.248,0.037,0.052,1.0,-0.27,-0.069,-0.091,0.082,-0.013,-0.151,-0.026,0.065,0.216,0.297
5,B1_3,0.12,0.384,-0.106,-0.159,0.053,-0.27,1.0,0.001,0.054,-0.212,-0.093,0.148,-0.02,-0.006,-0.069,-0.075
5,A2_1,0.101,0.121,0.01,0.157,-0.421,-0.069,0.001,1.0,-0.176,-0.035,0.04,-0.208,-0.069,0.085,-0.134,0.245
5,A2_2,-0.034,0.008,0.052,-0.205,0.142,-0.091,0.054,-0.176,1.0,-0.015,-0.332,0.19,0.093,-0.031,0.151,0.162
5,A2_3,-0.183,0.005,-0.095,-0.165,0.201,0.082,-0.212,-0.035,-0.015,1.0,-0.069,0.23,0.178,-0.043,-0.018,-0.167
5,B2_1,-0.01,-0.056,-0.079,0.101,-0.246,-0.013,-0.093,0.04,-0.332,-0.069,1.0,-0.195,-0.026,-0.104,0.025,0.022
5,B2_2,-0.23,-0.017,-0.251,0.077,0.394,-0.151,0.148,-0.208,0.19,0.23,-0.195,1.0,0.043,0.112,0.005,0.22
5,B2_3,-0.062,-0.047,-0.24,-0.29,0.387,-0.026,-0.02,-0.069,0.093,0.178,-0.026,0.043,1.0,-0.03,0.143,-0.287
5,y1,0.265,0.251,0.1,0.179,0.033,0.065,-0.006,0.085,-0.031,-0.043,-0.104,0.112,-0.03,1.0,-0.258,-0.031
5,y2,0.484,0.186,0.263,-0.302,0.082,0.216,-0.069,-0.134,0.151,-0.018,0.025,0.005,0.143,-0.258,1.0,0.302
5,y3,0.13,0.19,0.487,-0.153,-0.213,0.297,-0.075,0.245,0.162,-0.167,0.022,0.22,-0.287,-0.031,0.302,1.0
6,.,1.0,0.298,0.202,-0.226,0.106,0.248,0.12,0.1,-0.034,-0.184,-0.01,-0.231,-0.062,0.266,0.482,0.13
6,A1_1,0.298,1.0,0.122,-0.12,0.091,0.089,0.384,0.121,0.008,0.005,-0.056,-0.016,-0.047,0.251,0.187,0.19
6,A1_2,0.202,0.122,1.0,-0.221,-0.41,0.248,-0.106,0.011,0.052,-0.095,-0.079,-0.251,-0.24,0.1,0.263,0.487
6,A1_3,-0.226,-0.12,-0.221,1.0,-0.399,0.037,-0.16,0.158,-0.205,-0.165,0.101,0.077,-0.29,0.179,-0.302,-0.153
6,B1_1,0.106,0.091,-0.41,-0.399,1.0,0.053,0.054,-0.421,0.142,0.201,-0.245,0.395,0.388,0.033,0.083,-0.213
6,B1_2,0.248,0.089,0.248,0.037,0.053,1.0,-0.27,-0.069,-0.09,0.082,-0.013,-0.15,-0.025,0.064,0.217,0.296
6,B1_3,0.12,0.384,-0.106,-0.16,0.054,-0.27,1.0,0.001,0.054,-0.212,-0.093,0.149,-0.019,-0.006,-0.068,-0.074
6,A2_1,0.1,0.121,0.011,0.158,-0.421,-0.069,0.001,1.0,-0.176,-0.034,0.039,-0.208,-0.069,0.085,-0.134,0.245
6,A2_2,-0.034,0.008,0.052,-0.205,0.142,-0.09,0.054,-0.176,1.0,-0.015,-0.331,0.19,0.093,-0.031,0.151,0.162
6,A2_3,-0.184,0.005,-0.095,-0.165,0.201,0.082,-0.212,-0.034,-0.015,1.0,-0.068,0.23,0.178,-0.043,-0.018,-0.167
6,B2_1,-0.01,-0.056,-0.079,0.101,-0.245,-0.013,-0.093,0.039,-0.331,-0.068,1.0,-0.194,-0.025,-0.104,0.026,0.022
6,B2_2,-0.231,-0.016,-0.251,0.077,0.395,-0.15,0.149,-0.208,0.19,0.23,-0.194,1.0,0.044,0.111,0.006,0.22
6,B2_3,-0.062,-0.047,-0.24,-0.29,0.388,-0.025,-0.019,-0.069,0.093,0.178,-0.025,0.044,1.0,-0.03,0.143,-0.287
6,y1,0.266,0.251,0.1,0.179,0.033,0.064,-0.006,0.085,-0.031,-0.043,-0.104,0.111,-0.03,1.0,-0.258,-0.031
6,y2,0.482,0.187,0.263,-0.302,0.083,0.217,-0.068,-0.134,0.151,-0.018,0.026,0.006,0.143,-0.258,1.0,0.302
6,y3,0.13,0.19,0.487,-0.153,-0.213,0.296,-0.074,0.245,0.162,-0.167,0.022,0.22,-0.287,-0.031,0.302,1.0
7,.,1.0,0.297,0.202,-0.226,0.106,0.247,0.119,0.1,-0.034,-0.185,-0.01,-0.232,-0.063,0.267,0.48,0.129
7,A1_1,0.297,1.0,0.122,-0.12,0.09,0.089,0.384,0.121,0.008,0.005,-0.056,-0.016,-0.047,0.251,0.187,0.19
7,A1_2,0.202,0.122,1.0,-0.221,-0.41,0.248,-0.107,0.011,0.052,-0.095,-0.079,-0.252,-0.24,0.1,0.263,0.487
7,A1_3,-0.226,-0.12,-0.221,1.0,-0.399,0.037,-0.16,0.158,-0.205,-0.164,0.101,0.076,-0.29,0.179,-0.303,-0.153
7,B1_1,0.106,0.09,-0.41,-0.399,1.0,0.053,0.054,-0.421,0.142,0.201,-0.244,0.395,0.389,0.032,0.084,-0.213
7,B1_2,0.247,0.089,0.248,0.037,0.053,1.0,-0.269,-0.069,-0.09,0.082,-0.012,-0.15,-0.024,0.063,0.217,0.296
7,B1_3,0.119,0.384,-0.107,-0.16,0.054,-0.269,1.0,0.001,0.055,-0.211,-0.093,0.15,-0.018,-0.006,-0.067,-0.074
7,A2_1,0.1,0.121,0.011,0.158,-0.421,-0.069,0.001,1.0,-0.175,-0.034,0.039,-0.208,-0.07,0.085,-0.134,0.245
7,A2_2,-0.034,0.008,0.052,-0.205,0.142,-0.09,0.055,-0.175,1.0,-0.015,-0.331,0.191,0.094,-0.032,0.15,0.162
7,A2_3,-0.185,0.005,-0.095,-0.164,0.201,0.082,-0.211,-0.034,-0.015,1.0,-0.068,0.23,0.178,-0.044,-0.019,-0.168
7,B2_1,-0.01,-0.056,-0.079,0.101,-0.244,-0.012,-0.093,0.039,-0.331,-0.068,1.0,-0.193,-0.024,-0.105,0.026,0.022
7,B2_2,-0.232,-0.016,-0.252,0.076,0.395,-0.15,0.15,-0.208,0.191,0.23,-0.193,1.0,0.045,0.11,0.007,0.219
7,B2_3,-0.063,-0.047,-0.24,-0.29,0.389,-0.024,-0.018,-0.07,0.094,0.178,-0.024,0.045,1.0,-0.031,0.144,-0.287
7,y1,0.267,0.251,0.1,0.179,0.032,0.063,-0.006,0.085,-0.032,-0.044,-0.105,0.11,-0.031,1.0,-0.258,-0.031
7,y2,0.48,0.187,0.263,-0.303,0.084,0.217,-0.067,-0.134,0.15,-0.019,0.026,0.007,0.144,-0.258,1.0,0.301
7,y3,0.129,0.19,0.487,-0.153,-0.213,0.296,-0.074,0.245,0.162,-0.168,0.022,0.219,-0.287,-0.031,0.301,1.0
8,.,1.0,0.297,0.202,-0.226,0.106,0.247,0.119,0.1,-0.034,-0.186,-0.011,-0.234,-0.064,0.268,0.479,0.128
8,A1_1,0.297,1.0,0.122,-0.12,0.09,0.089,0.384,0.121,0.008,0.006,-0.056,-0.016,-0.047,0.251,0.187,0.19
8,A1_2,0.202,0.122,1.0,-0.221,-0.411,0.248,-0.107,0.011,0.052,-0.094,-0.08,-0.252,-0.241,0.1,0.264,0.488
8,A1_3,-0.226,-0.12,-0.221,1.0,-0.399,0.037,-0.16,0.158,-0.205,-0.164,0.101,0.076,-0.29,0.178,-0.303,-0.153
8,B1_1,0.106,0.09,-0.411,-0.399,1.0,0.054,0.055,-0.421,0.142,0.201,-0.243,0.396,0.39,0.031,0.085,-0.213
8,B1_2,0.247,0.089,0.248,0.037,0.054,1.0,-0.269,-0.069,-0.089,0.083,-0.011,-0.149,-0.023,0.063,0.218,0.296
8,B1_3,0.119,0.384,-0.107,-0.16,0.055,-0.269,1.0,0.001,0.055,-0.211,-0.093,0.15,-0.017,-0.007,-0.066,-0.074
8,A2_1,0.1,0.121,0.011,0.158,-0.421,-0.069,0.001,1.0,-0.175,-0.034,0.039,-0.208,-0.07,0.085,-0.134,0.245
8,A2_2,-0.034,0.008,0.052,-0.205,0.142,-0.089,0.055,-0.175,1.0,-0.015,-0.331,0.192,0.094,-0.032,0.15,0.162
8,A2_3,-0.186,0.006,-0.094,-0.164,0.201,0.083,-0.211,-0.034,-0.015,1.0,-0.067,0.231,0.179,-0.044,-0.019,-0.168
8,B2_1,-0.011,-0.056,-0.08,0.101,-0.243,-0.011,-0.093,0.039,-0.331,-0.067,1.0,-0.192,-0.023,-0.106,0.027,0.021
8,B2_2,-0.234,-0.016,-0.252,0.076,0.396,-0.149,0.15,-0.208,0.192,0.231,-0.192,1.0,0.047,0.109,0.008,0.219
8,B2_3,-0.064,-0.047,-0.241,-0.29,0.39,-0.023,-0.017,-0.07,0.094,0.179,-0.023,0.047,1.0,-0.032,0.144,-0.287
8,y1,0.268,0.251,0.1,0.178,0.031,0.063,-0.007,0.085,-0.032,-0.044,-0.106,0.109,-0.032,1.0,-0.258,-0.031
8,y2,0.479,0.187,0.264,-0.303,0.085,0.218,-0.066,-0.134,0.15,-0.019,0.027,0.008,0.144,-0.258,1.0,0.301
8,y3,0.128,0.19,0.488,-0.153,-0.213,0.296,-0.074,0.245,0.162,-0.168,0.021,0.219,-0.287,-0.031,0.301,1.0
9,.,1.0,0.296,0.202,-0.225,0.105,0.246,0.119,0.1,-0.035,-0.187,-0.011,-0.235,-0.065,0.269,0.476,0.128
9,A1_1,0.296,1.0,0.122,-0.12,0.09,0.089,0.384,0.121,0.008,0.006,-0.057,-0.016,-0.048,0.251,0.188,0.191
9,A1_2,0.202,0.122,1.0,-0.221,-0.411,0.247,-0.107,0.011,0.053,-0.094,-0.08,-0.252,-0.241,0.1,0.264,0.488
9,A1_3,-0.225,-0.12,-0.221,1.0,-0.4,0.037,-0.16,0.158,-0.205,-0.163,0.101,0.076,-0.29,0.178,-0.303,-0.153
9,B1_1,0.105,0.09,-0.411,-0.4,1.0,0.054,0.056,-0.422,0.142,0.201,-0.242,0.397,0.391,0.031,0.086,-0.213
9,B1_2,0.246,0.089,0.247,0.037,0.054,1.0,-0.268,-0.069,-0.089,0.083,-0.01,-0.148,-0.022,0.062,0.218,0.296
9,B1_3,0.119,0.384,-0.107,-0.16,0.056,-0.268,1.0,0.001,0.056,-0.21,-0.093,0.151,-0.016,-0.007,-0.065,-0.073
9,A2_1,0.1,0.121,0.011,0.158,-0.422,-0.069,0.001,1.0,-0.175,-0.033,0.039,-0.209,-0.07,0.085,-0.134,0.245
9,A2_2,-0.035,0.008,0.053,-0.205,0.142,-0.089,0.056,-0.175,1.0,-0.015,-0.33,0.192,0.094,-0.032,0.15,0.161
9,A2_3,-0.187,0.006,-0.094,-0.163,0.201,0.083,-0.21,-0.033,-0.015,1.0,-0.067,0.231,0.179,-0.045,-0.019,-0.169
9,B2_1,-0.011,-0.057,-0.08,0.101,-0.242,-0.01,-0.093,0.039,-0.33,-0.067,1.0,-0.19,-0.021,-0.106,0.028,0.021
9,B2_2,-0.235,-0.016,-0.252,0.076,0.397,-0.148,0.151,-0.209,0.192,0.231,-0.19,1.0,0.049,0.108,0.009,0.219
9,B2_3,-0.065,-0.048,-0.241,-0.29,0.391,-0.022,-0.016,-0.07,0.094,0.179,-0.021,0.049,1.0,-0.033,0.145,-0.287
9,y1,0.269,0.251,0.1,0.178,0.031,0.062,-0.007,0.085,-0.032,-0.045,-0.106,0.108,-0.033,1.0,-0.258,-0.03
9,y2,0.476,0.188,0.264,-0.303,0.086,0.218,-0.065,-0.134,0.15,-0.019,0.028,0.009,0.145,-0.258,1.0,0.301
9,y3,0.128,0.191,0.488,-0.153,-0.213,0.296,-0.073,0.245,0.161,-0.169,0.021,0.219,-0.287,-0.03,0.301,1.0
10,.,1.0,0.296,0.202,-0.225,0.104,0.245,0.118,0.099,-0.035,-0.188,-0.012,-0.237,-0.067,0.27,0.474,0.127
10,A1_1,0.296,1.0,0.122,-0.12,0.089,0.089,0.384,0.121,0.008,0.006,-0.057,-0.016,-0.048,0.251,0.188,0.191
10,A1_2,0.202,0.122,1.0,-0.22,-0.412,0.247,-0.108,0.012,0.053,-0.094,-0.08,-0.252,-0.241,0.1,0.264,0.488
10,A1_3,-0.225,-0.12,-0.22,1.0,-0.4,0.037,-0.16,0.159,-0.205,-0.163,0.1,0.076,-0.29,0.178,-0.303,-0.153
10,B1_1,0.104,0.089,-0.412,-0.4,1.0,0.055,0.057,-0.422,0.142,0.201,-0.241,0.398,0.392,0.03,0.087,-0.213
10,B1_2,0.245,0.089,0.247,0.037,0.055,1.0,-0.268,-0.069,-0.088,0.083,-0.009,-0.146,-0.021,0.061,0.219,0.295
10,B1_3,0.118,0.384,-0.108,-0.16,0.057,-0.268,1.0,0.0,0.056,-0.21,-0.092,0.152,-0.015,-0.008,-0.064,-0.073
10,A2_1,0.099,0.121,0.012,0.159,-0.422,-0.069,0.0,1.0,-0.175,-0.033,0.039,-0.209,-0.07,0.084,-0.134,0.245
10,A2_2,-0.035,0.008,0.053,-0.205,0.142,-0.088,0.056,-0.175,1.0,-0.014,-0.33,0.193,0.095,-0.033,0.149,0.161
10,A2_3,-0.188,0.006,-0.094,-0.163,0.201,0.083,-0.21,-0.033,-0.014,1.0,-0.066,0.231,0.179,-0.045,-0.02,-0.169
10,B2_1,-0.012,-0.057,-0.08,0.1,-0.241,-0.009,-0.092,0.039,-0.33,-0.066,1.0,-0.189,-0.02,-0.107,0.028,0.021
10,B2_2,-0.237,-0.016,-0.252,0.076,0.398,-0.146,0.152,-0.209,0.193,0.231,-0.189,1.0,0.051,0.107,0.009,0.218
10,B2_3,-0.067,-0.048,-0.241,-0.29,0.392,-0.021,-0.015,-0.07,0.095,0.179,-0.02,0.051,1.0,-0.034,0.145,-0.288
10,y1,0.27,0.251,0.1,0.178,0.03,0.061,-0.008,0.084,-0.033,-0.045,-0.107,0.107,-0.034,1.0,-0.258,-0.03
10,y2,0.474,0.188,0.264,-0.303,0.087,0.219,-0.064,-0.134,0.149,-0.02,0.028,0.009,0.145,-0.258,1.0,0.3
10,y3,0.127,0.191,0.488,-0.153,-0.213,0.295,-0.073,0.245,0.161,-0.169,0.021,0.218,-0.288,-0.03,0.3,1.0
11,.,1.0,0.295,0.202,-0.225,0.103,0.244,0.117,0.099,-0.036,-0.19,-0.013,-0.239,-0.068,0.271,0.472,0.126
11,A1_1,0.295,1.0,0.122,-0.12,0.089,0.089,0.383,0.121,0.008,0.006,-0.057,-0.016,-0.048,0.251,0.188,0.191
11,A1_2,0.202,0.122,1.0,-0.22,-0.412,0.246,-0.109,0.012,0.053,-0.094,-0.081,-0.252,-0.242,0.1,0.265,0.488
11,A1_3,-0.225,-0.12,-0.22,1.0,-0.4,0.037,-0.16,0.159,-0.205,-0.162,0.1,0.076,-0.29,0.177,-0.303,-0.154
11,B1_1,0.103,0.089,-0.412,-0.4,1.0,0.056,0.058,-0.422,0.143,0.201,-0.24,0.399,0.393,0.029,0.087,-0.213
11,B1_2,0.244,0.089,0.246,0.037,0.056,1.0,-0.267,-0.07,-0.088,0.084,-0.009,-0.145,-0.02,0.06,0.219,0.295
11,B1_3,0.117,0.383,-0.109,-0.16,0.058,-0.267,1.0,-0.0,0.057,-0.209,-0.092,0.153,-0.014,-0.008,-0.063,-0.073
11,A2_1,0.099,0.121,0.012,0.159,-0.422,-0.07,-0.0,1.0,-0.175,-0.032,0.039,-0.209,-0.071,0.084,-0.134,0.245
11,A2_2,-0.036,0.008,0.053,-0.205,0.143,-0.088,0.057,-0.175,1.0,-0.014,-0.329,0.193,0.095,-0.033,0.149,0.161
11,A2_3,-0.19,0.006,-0.094,-0.162,0.201,0.084,-0.209,-0.032,-0.014,1.0,-0.066,0.232,0.179,-0.046,-0.021,-0.17
11,B2_1,-0.013,-0.057,-0.081,0.1,-0.24,-0.009,-0.092,0.039,-0.329,-0.066,1.0,-0.187,-0.018,-0.108,0.028,0.021
11,B2_2,-0.239,-0.016,-0.252,0.076,0.399,-0.145,0.153,-0.209,0.193,0.232,-0.187,1.0,0.053,0.106,0.01,0.217
11,B2_3,-0.068,-0.048,-0.242,-0.29,0.393,-0.02,-0.014,-0.071,0.095,0.179,-0.018,0.053,1.0,-0.036,0.145,-0.288
11,y1,0.271,0.251,0.1,0.177,0.029,0.06,-0.008,0.084,-0.033,-0.046,-0.108,0.106,-0.036,1.0,-0.258,-0.029
11,y2,0.472,0.188,0.265,-0.303,0.087,0.219,-0.063,-0.134,0.149,-0.021,0.028,0.01,0.145,-0.258,1.0,0.3
11,y3,0.126,0.191,0.488,-0.154,-0.213,0.295,-0.073,0.245,0.161,-0.17,0.021,0.217,-0.288,-0.029,0.3,1.0
12,.,1.0,0.294,0.202,-0.225,0.102,0.243,0.116,0.099,-0.037,-0.191,-0.013,-0.241,-0.07,0.273,0.47,0.126
12,A1_1,0.294,1.0,0.123,-0.12,0.089,0.089,0.383,0.121,0.008,0.007,-0.057,-0.016,-0.048,0.251,0.188,0.191
12,A1_2,0.202,0.123,1.0,-0.22,-0.413,0.246,-0.109,0.012,0.053,-0.093,-0.081,-0.253,-0.242,0.1,0.265,0.489
12,A1_3,-0.225,-0.12,-0.22,1.0,-0.4,0.036,-0.16,0.159,-0.205,-0.162,0.1,0.075,-0.29,0.177,-0.304,-0.154
12,B1_1,0.102,0.089,-0.413,-0.4,1.0,0.056,0.059,-0.423,0.143,0.201,-0.238,0.4,0.394,0.028,0.088,-0.213
12,B1_2,0.243,0.089,0.246,0.036,0.056,1.0,-0.266,-0.07,-0.087,0.084,-0.008,-0.144,-0.018,0.059,0.219,0.294
12,B1_3,0.116,0.383,-0.109,-0.16,0.059,-0.266,1.0,-0.0,0.057,-0.208,-0.092,0.154,-0.013,-0.009,-0.062,-0.073
12,A2_1,0.099,0.121,0.012,0.159,-0.423,-0.07,-0.0,1.0,-0.175,-0.032,0.038,-0.209,-0.071,0.084,-0.134,0.246
12,A2_2,-0.037,0.008,0.053,-0.205,0.143,-0.087,0.057,-0.175,1.0,-0.014,-0.329,0.194,0.095,-0.034,0.149,0.16
12,A2_3,-0.191,0.007,-0.093,-0.162,0.201,0.084,-0.208,-0.032,-0.014,1.0,-0.065,0.232,0.179,-0.046,-0.021,-0.171
12,B2_1,-0.013,-0.057,-0.081,0.1,-0.238,-0.008,-0.092,0.038,-0.329,-0.065,1.0,-0.186,-0.017,-0.109,0.029,0.02
12,B2_2,-0.241,-0.016,-0.253,0.075,0.4,-0.144,0.154,-0.209,0.194,0.232,-0.186,1.0,0.055,0.105,0.01,0.217
12,B2_3,-0.07,-0.048,-0.242,-0.29,0.394,-0.018,-0.013,-0.071,0.095,0.179,-0.017,0.055,1.0,-0.037,0.145,-0.288
12,y1,0.273,0.251,0.1,0.177,0.028,0.059,-0.009,0.084,-0.034,-0.046,-0.109,0.105,-0.037,1.0,-0.258,-0.029
12,y2,0.47,0.188,0.265,-0.304,0.088,0.219,-0.062,-0.134,0.149,-0.021,0.029,0.01,0.145,-0.258,1.0,0.3
12,y3,0.126,0.191,0.489,-0.154,-0.213,0.294,-0.073,0.246,0.16,-0.171,0.02,0.217,-0.288,-0.029,0.3,1.0
13,.,1.0,0.293,0.202,-0.224,0.101,0.241,0.115,0.099,-0.037,-0.192,-0.015,-0.244,-0.073,0.274,0.467,0.125
13,A1_1,0.293,1.0,0.123,-0.12,0.088,0.089,0.383,0.121,0.009,0.007,-0.057,-0.016,-0.048,0.251,0.189,0.191
13,A1_2,0.202,0.123,1.0,-0.219,-0.413,0.245,-0.11,0.013,0.053,-0.093,-0.082,-0.253,-0.243,0.101,0.266,0.489
13,A1_3,-0.224,-0.12,-0.219,1.0,-0.4,0.036,-0.16,0.16,-0.204,-0.162,0.1,0.075,-0.29,0.177,-0.304,-0.154
13,B1_1,0.101,0.088,-0.413,-0.4,1.0,0.057,0.06,-0.423,0.143,0.202,-0.237,0.402,0.396,0.027,0.088,-0.213
13,B1_2,0.241,0.089,0.245,0.036,0.057,1.0,-0.266,-0.07,-0.087,0.085,-0.007,-0.143,-0.017,0.058,0.22,0.294
13,B1_3,0.115,0.383,-0.11,-0.16,0.06,-0.266,1.0,-0.001,0.058,-0.208,-0.091,0.155,-0.011,-0.009,-0.061,-0.073
13,A2_1,0.099,0.121,0.013,0.16,-0.423,-0.07,-0.001,1.0,-0.174,-0.031,0.038,-0.21,-0.072,0.084,-0.134,0.246
13,A2_2,-0.037,0.009,0.053,-0.204,0.143,-0.087,0.058,-0.174,1.0,-0.014,-0.328,0.194,0.095,-0.034,0.148,0.16
13,A2_3,-0.192,0.007,-0.093,-0.162,0.202,0.085,-0.208,-0.031,-0.014,1.0,-0.065,0.232,0.179,-0.047,-0.022,-0.171
13,B2_1,-0.015,-0.057,-0.082,0.1,-0.237,-0.007,-0.091,0.038,-0.328,-0.065,1.0,-0.184,-0.015,-0.11,0.029,0.02
13,B2_2,-0.244,-0.016,-0.253,0.075,0.402,-0.143,0.155,-0.21,0.194,0.232,-0.184,1.0,0.057,0.103,0.01,0.216
13,B2_3,-0.073,-0.048,-0.243,-0.29,0.396,-0.017,-0.011,-0.072,0.095,0.179,-0.015,0.057,1.0,-0.038,0.145,-0.289
13,y1,0.274,0.251,0.101,0.177,0.027,0.058,-0.009,0.084,-0.034,-0.047,-0.11,0.103,-0.038,1.0,-0.257,-0.028
13,y2,0.467,0.189,0.266,-0.304,0.088,0.22,-0.061,-0.134,0.148,-0.022,0.029,0.01,0.145,-0.257,1.0,0.3
13,y3,0.125,0.191,0.489,-0.154,-0.213,0.294,-0.073,0.246,0.16,-0.171,0.02,0.216,-0.289,-0.028,0.3,1.0
14,.,1.0,0.292,0.203,-0.224,0.099,0.239,0.114,0.099,-0.038,-0.194,-0.016,-0.246,-0.075,0.276,0.465,0.125
14,A1_1,0.292,1.0,0.123,-0.12,0.088,0.089,0.383,0.121,0.009,0.007,-0.057,-0.016,-0.049,0.251,0.189,0.191
14,A1_2,0.203,0.123,1.0,-0.219,-0.414,0.245,-0.111,0.013,0.053,-0.093,-0.082,-0.254,-0.243,0.101,0.266,0.489
14,A1_3,-0.224,-0.12,-0.219,1.0,-0.4,0.036,-0.161,0.16,-0.204,-0.161,0.099,0.075,-0.29,0.176,-0.304,-0.154
14,B1_1,0.099,0.088,-0.414,-0.4,1.0,0.058,0.061,-0.423,0.143,0.202,-0.235,0.403,0.397,0.026,0.088,-0.213
14,B1_2,0.239,0.089,0.245,0.036,0.058,1.0,-0.265,-0.071,-0.086,0.085,-0.006,-0.141,-0.016,0.057,0.22,0.293
14,B1_3,0.114,0.383,-0.111,-0.161,0.061,-0.265,1.0,-0.001,0.058,-0.207,-0.091,0.157,-0.01,-0.01,-0.061,-0.073
14,A2_1,0.099,0.121,0.013,0.16,-0.423,-0.071,-0.001,1.0,-0.174,-0.031,0.037,-0.21,-0.072,0.085,-0.133,0.246
14,A2_2,-0.038,0.009,0.053,-0.204,0.143,-0.086,0.058,-0.174,1.0,-0.014,-0.328,0.194,0.096,-0.034,0.148,0.159
14,A2_3,-0.194,0.007,-0.093,-0.161,0.202,0.085,-0.207,-0.031,-0.014,1.0,-0.064,0.232,0.179,-0.048,-0.023,-0.172
14,B2_1,-0.016,-0.057,-0.082,0.099,-0.235,-0.006,-0.091,0.037,-0.328,-0.064,1.0,-0.182,-0.013,-0.11,0.029,0.019
14,B2_2,-0.246,-0.016,-0.254,0.075,0.403,-0.141,0.157,-0.21,0.194,0.232,-0.182,1.0,0.059,0.102,0.011,0.215
14,B2_3,-0.075,-0.049,-0.243,-0.29,0.397,-0.016,-0.01,-0.072,0.096,0.179,-0.013,0.059,1.0,-0.04,0.144,-0.289
14,y1,0.276,0.251,0.101,0.176,0.026,0.057,-0.01,0.085,-0.034,-0.048,-0.11,0.102,-0.04,1.0,-0.257,-0.027
14,y2,0.465,0.189,0.266,-0.304,0.088,0.22,-0.061,-0.133,0.148,-0.023,0.029,0.011,0.144,-0.257,1.0,0.299
14,y3,0.125,0.191,0.489,-0.154,-0.213,0.293,-0.073,0.246,0.159,-0.172,0.019,0.215,-0.289,-0.027,0.299,1.0
15,.,1.0,0.292,0.203,-0.223,0.097,0.237,0.112,0.099,-0.039,-0.196,-0.017,-0.249,-0.078,0.278,0.462,0.124
15,A1_1,0.292,1.0,0.123,-0.12,0.087,0.089,0.383,0.121,0.009,0.007,-0.058,-0.016,-0.049,0.251,0.189,0.191
15,A1_2,0.203,0.123,1.0,-0.219,-0.415,0.244,-0.112,0.013,0.053,-0.092,-0.083,-0.254,-0.244,0.101,0.267,0.49
15,A1_3,-0.223,-0.12,-0.219,1.0,-0.4,0.036,-0.161,0.16,-0.204,-0.161,0.099,0.075,-0.29,0.176,-0.304,-0.154
15,B1_1,0.097,0.087,-0.415,-0.4,1.0,0.059,0.063,-0.424,0.143,0.202,-0.233,0.404,0.399,0.025,0.089,-0.214
15,B1_2,0.237,0.089,0.244,0.036,0.059,1.0,-0.264,-0.071,-0.086,0.086,-0.005,-0.14,-0.014,0.055,0.22,0.293
15,B1_3,0.112,0.383,-0.112,-0.161,0.063,-0.264,1.0,-0.002,0.059,-0.206,-0.09,0.158,-0.008,-0.011,-0.06,-0.073
15,A2_1,0.099,0.121,0.013,0.16,-0.424,-0.071,-0.002,1.0,-0.174,-0.031,0.037,-0.21,-0.073,0.085,-0.133,0.246
15,A2_2,-0.039,0.009,0.053,-0.204,0.143,-0.086,0.059,-0.174,1.0,-0.014,-0.328,0.195,0.096,-0.035,0.147,0.159
15,A2_3,-0.196,0.007,-0.092,-0.161,0.202,0.086,-0.206,-0.031,-0.014,1.0,-0.063,0.233,0.179,-0.048,-0.024,-0.173
15,B2_1,-0.017,-0.058,-0.083,0.099,-0.233,-0.005,-0.09,0.037,-0.328,-0.063,1.0,-0.18,-0.012,-0.112,0.03,0.019
15,B2_2,-0.249,-0.016,-0.254,0.075,0.404,-0.14,0.158,-0.21,0.195,0.233,-0.18,1.0,0.062,0.1,0.011,0.213
15,B2_3,-0.078,-0.049,-0.244,-0.29,0.399,-0.014,-0.008,-0.073,0.096,0.179,-0.012,0.062,1.0,-0.042,0.144,-0.29
15,y1,0.278,0.251,0.101,0.176,0.025,0.055,-0.011,0.085,-0.035,-0.048,-0.112,0.1,-0.042,1.0,-0.257,-0.026
15,y2,0.462,0.189,0.267,-0.304,0.089,0.22,-0.06,-0.133,0.147,-0.024,0.03,0.011,0.144,-0.257,1.0,0.299
15,y3,0.124,0.191,0.49,-0.154,-0.214,0.293,-0.073,0.246,0.159,-0.173,0.019,0.213,-0.29,-0.026,0.299,1.0
16,.,1.0,0.291,0.204,-0.223,0.094,0.235,0.111,0.099,-0.039,-0.197,-0.019,-0.253,-0.081,0.28,0.46,0.124
16,A1_1,0.291,1.0,0.124,-0.12,0.086,0.089,0.382,0.121,0.009,0.008,-0.058,-0.016,-0.049,0.251,0.189,0.191
16,A1_2,0.204,0.124,1.0,-0.218,-0.416,0.243,-0.113,0.014,0.054,-0.092,-0.084,-0.255,-0.245,0.102,0.267,0.49
16,A1_3,-0.223,-0.12,-0.218,1.0,-0.4,0.036,-0.161,0.161,-0.204,-0.16,0.099,0.074,-0.29,0.175,-0.305,-0.154
16,B1_1,0.094,0.086,-0.416,-0.4,1.0,0.06,0.064,-0.424,0.143,0.202,-0.231,0.406,0.4,0.023,0.089,-0.214
16,B1_2,0.235,0.089,0.243,0.036,0.06,1.0,-0.263,-0.072,-0.086,0.086,-0.003,-0.138,-0.013,0.054,0.22,0.292
16,B1_3,0.111,0.382,-0.113,-0.161,0.064,-0.263,1.0,-0.003,0.059,-0.205,-0.09,0.159,-0.006,-0.012,-0.06,-0.074
16,A2_1,0.099,0.121,0.014,0.161,-0.424,-0.072,-0.003,1.0,-0.173,-0.03,0.036,-0.211,-0.073,0.085,-0.133,0.246
16,A2_2,-0.039,0.009,0.054,-0.204,0.143,-0.086,0.059,-0.173,1.0,-0.014,-0.327,0.195,0.096,-0.035,0.147,0.159
16,A2_3,-0.197,0.008,-0.092,-0.16,0.202,0.086,-0.205,-0.03,-0.014,1.0,-0.063,0.233,0.179,-0.049,-0.024,-0.173
16,B2_1,-0.019,-0.058,-0.084,0.099,-0.231,-0.003,-0.09,0.036,-0.327,-0.063,1.0,-0.178,-0.01,-0.113,0.03,0.018
16,B2_2,-0.253,-0.016,-0.255,0.074,0.406,-0.138,0.159,-0.211,0.195,0.233,-0.178,1.0,0.064,0.099,0.011,0.212
16,B2_3,-0.081,-0.049,-0.245,-0.29,0.4,-0.013,-0.006,-0.073,0.096,0.179,-0.01,0.064,1.0,-0.043,0.143,-0.291
16,y1,0.28,0.251,0.102,0.175,0.023,0.054,-0.012,0.085,-0.035,-0.049,-0.113,0.099,-0.043,1.0,-0.256,-0.025
16,y2,0.46,0.189,0.267,-0.305,0.089,0.22,-0.06,-0.133,0.147,-0.024,0.03,0.011,0.143,-0.256,1.0,0.299
16,y3,0.124,0.191,0.49,-0.154,-0.214,0.292,-0.074,0.246,0.159,-0.173,0.018,0.212,-0.291,-0.025,0.299,1.0
17,.,1.0,0.29,0.204,-0.222,0.092,0.233,0.109,0.099,-0.04,-0.199,-0.021,-0.256,-0.084,0.281,0.458,0.124
17,A1_1,0.29,1.0,0.124,-0.12,0.086,0.089,0.382,0.122,0.009,0.008,-0.058,-0.016,-0.05,0.251,0.19,0.192
17,A1_2,0.204,0.124,1.0,-0.218,-0.417,0.242,-0.114,0.014,0.054,-0.091,-0.085,-0.256,-0.246,0.102,0.268,0.491
17,A1_3,-0.222,-0.12,-0.218,1.0,-0.4,0.036,-0.161,0.161,-0.204,-0.16,0.098,0.074,-0.29,0.175,-0.305,-0.154
17,B1_1,0.092,0.086,-0.417,-0.4,1.0,0.061,0.066,-0.424,0.143,0.202,-0.229,0.407,0.402,0.022,0.088,-0.214
17,B1_2,0.233,0.089,0.242,0.036,0.061,1.0,-0.263,-0.073,-0.085,0.087,-0.002,-0.136,-0.011,0.053,0.22,0.291
17,B1_3,0.109,0.382,-0.114,-0.161,0.066,-0.263,1.0,-0.003,0.06,-0.204,-0.089,0.161,-0.004,-0.013,-0.059,-0.074
17,A2_1,0.099,0.122,0.014,0.161,-0.424,-0.073,-0.003,1.0,-0.173,-0.029,0.036,-0.211,-0.074,0.085,-0.132,0.247
17,A2_2,-0.04,0.009,0.054,-0.204,0.143,-0.085,0.06,-0.173,1.0,-0.014,-0.327,0.195,0.096,-0.035,0.146,0.158
17,A2_3,-0.199,0.008,-0.091,-0.16,0.202,0.087,-0.204,-0.029,-0.014,1.0,-0.062,0.233,0.179,-0.05,-0.025,-0.174
17,B2_1,-0.021,-0.058,-0.085,0.098,-0.229,-0.002,-0.089,0.036,-0.327,-0.062,1.0,-0.176,-0.007,-0.114,0.03,0.017
17,B2_2,-0.256,-0.016,-0.256,0.074,0.407,-0.136,0.161,-0.211,0.195,0.233,-0.176,1.0,0.067,0.097,0.01,0.21
17,B2_3,-0.084,-0.05,-0.246,-0.29,0.402,-0.011,-0.004,-0.074,0.096,0.179,-0.007,0.067,1.0,-0.045,0.143,-0.292
17,y1,0.281,0.251,0.102,0.175,0.022,0.053,-0.013,0.085,-0.035,-0.05,-0.114,0.097,-0.045,1.0,-0.255,-0.024
17,y2,0.458,0.19,0.268,-0.305,0.088,0.22,-0.059,-0.132,0.146,-0.025,0.03,0.01,0.143,-0.255,1.0,0.299
17,y3,0.124,0.192,0.491,-0.154,-0.214,0.291,-0.074,0.247,0.158,-0.174,0.017,0.21,-0.292,-0.024,0.299,1.0
18,.,1.0,0.289,0.205,-0.221,0.089,0.23,0.106,0.099,-0.041,-0.201,-0.023,-0.26,-0.088,0.284,0.456,0.125
18,A1_1,0.289,1.0,0.124,-0.12,0.085,0.088,0.381,0.122,0.009,0.008,-0.059,-0.016,-0.05,0.251,0.19,0.192
18,A1_2,0.205,0.124,1.0,-0.217,-0.417,0.241,-0.115,0.015,0.054,-0.091,-0.086,-0.257,-0.246,0.103,0.269,0.491
18,A1_3,-0.221,-0.12,-0.217,1.0,-0.4,0.036,-0.161,0.162,-0.204,-0.159,0.098,0.073,-0.289,0.175,-0.305,-0.154
18,B1_1,0.089,0.085,-0.417,-0.4,1.0,0.062,0.067,-0.425,0.142,0.202,-0.227,0.409,0.404,0.02,0.088,-0.215
18,B1_2,0.23,0.088,0.241,0.036,0.062,1.0,-0.262,-0.073,-0.085,0.087,-0.001,-0.135,-0.009,0.052,0.22,0.29
18,B1_3,0.106,0.381,-0.115,-0.161,0.067,-0.262,1.0,-0.004,0.06,-0.203,-0.088,0.163,-0.002,-0.014,-0.059,-0.074
18,A2_1,0.099,0.122,0.015,0.162,-0.425,-0.073,-0.004,1.0,-0.173,-0.029,0.035,-0.212,-0.075,0.085,-0.132,0.247
18,A2_2,-0.041,0.009,0.054,-0.204,0.142,-0.085,0.06,-0.173,1.0,-0.014,-0.326,0.196,0.096,-0.036,0.146,0.158
18,A2_3,-0.201,0.008,-0.091,-0.159,0.202,0.087,-0.203,-0.029,-0.014,1.0,-0.062,0.233,0.18,-0.051,-0.026,-0.175
18,B2_1,-0.023,-0.059,-0.086,0.098,-0.227,-0.001,-0.088,0.035,-0.326,-0.062,1.0,-0.173,-0.005,-0.115,0.03,0.017
18,B2_2,-0.26,-0.016,-0.257,0.073,0.409,-0.135,0.163,-0.212,0.196,0.233,-0.173,1.0,0.07,0.095,0.01,0.209
18,B2_3,-0.088,-0.05,-0.246,-0.289,0.404,-0.009,-0.002,-0.075,0.096,0.18,-0.005,0.07,1.0,-0.047,0.142,-0.293
18,y1,0.284,0.251,0.103,0.175,0.02,0.052,-0.014,0.085,-0.036,-0.051,-0.115,0.095,-0.047,1.0,-0.254,-0.023
18,y2,0.456,0.19,0.269,-0.305,0.088,0.22,-0.059,-0.132,0.146,-0.026,0.03,0.01,0.142,-0.254,1.0,0.299
18,y3,0.125,0.192,0.491,-0.154,-0.215,0.29,-0.074,0.247,0.158,-0.175,0.017,0.209,-0.293,-0.023,0.299,1.0
19,.,1.0,0.288,0.206,-0.221,0.085,0.227,0.104,0.099,-0.041,-0.202,-0.025,-0.264,-0.092,0.286,0.453,0.125
19,A1_1,0.288,1.0,0.125,-0.12,0.084,0.088,0.381,0.122,0.009,0.009,-0.059,-0.017,-0.051,0.251,0.19,0.192
19,A1_2,0.206,0.125,1.0,-0.217,-0.419,0.24,-0.116,0.015,0.054,-0.09,-0.087,-0.257,-0.247,0.104,0.27,0.492
19,A1_3,-0.221,-0.12,-0.217,1.0,-0.4,0.035,-0.161,0.162,-0.204,-0.159,0.098,0.073,-0.289,0.174,-0.305,-0.154
19,B1_1,0.085,0.084,-0.419,-0.4,1.0,0.063,0.069,-0.425,0.142,0.202,-0.225,0.411,0.405,0.018,0.088,-0.216
19,B1_2,0.227,0.088,0.24,0.035,0.063,1.0,-0.261,-0.074,-0.084,0.088,0.0,-0.133,-0.007,0.05,0.22,0.289
19,B1_3,0.104,0.381,-0.116,-0.161,0.069,-0.261,1.0,-0.005,0.061,-0.202,-0.087,0.165,0.0,-0.015,-0.058,-0.075
19,A2_1,0.099,0.122,0.015,0.162,-0.425,-0.074,-0.005,1.0,-0.172,-0.028,0.034,-0.212,-0.076,0.085,-0.132,0.247
19,A2_2,-0.041,0.009,0.054,-0.204,0.142,-0.084,0.061,-0.172,1.0,-0.014,-0.326,0.196,0.096,-0.036,0.145,0.157
19,A2_3,-0.202,0.009,-0.09,-0.159,0.202,0.088,-0.202,-0.028,-0.014,1.0,-0.061,0.234,0.18,-0.051,-0.027,-0.176
19,B2_1,-0.025,-0.059,-0.087,0.098,-0.225,0.0,-0.087,0.034,-0.326,-0.061,1.0,-0.171,-0.003,-0.116,0.029,0.016
19,B2_2,-0.264,-0.017,-0.257,0.073,0.411,-0.133,0.165,-0.212,0.196,0.234,-0.171,1.0,0.073,0.092,0.01,0.207
19,B2_3,-0.092,-0.051,-0.247,-0.289,0.405,-0.007,0.0,-0.076,0.096,0.18,-0.003,0.073,1.0,-0.049,0.141,-0.294
19,y1,0.286,0.251,0.104,0.174,0.018,0.05,-0.015,0.085,-0.036,-0.051,-0.116,0.092,-0.049,1.0,-0.253,-0.022
19,y2,0.453,0.19,0.27,-0.305,0.088,0.22,-0.058,-0.132,0.145,-0.027,0.029,0.01,0.141,-0.253,1.0,0.3
19,y3,0.125,0.192,0.492,-0.154,-0.216,0.289,-0.075,0.247,0.157,-0.176,0.016,0.207,-0.294,-0.022,0.3,1.0
20,.,1.0,0.286,0.207,-0.22,0.081,0.224,0.101,0.099,-0.042,-0.204,-0.028,-0.268,-0.096,0.288,0.451,0.126
20,A1_1,0.286,1.0,0.125,-0.119,0.083,0.088,0.38,0.122,0.009,0.009,-0.06,-0.017,-0.051,0.251,0.19,0.192
20,A1_2,0.207,0.125,1.0,-0.216,-0.42,0.238,-0.117,0.016,0.055,-0.09,-0.088,-0.258,-0.248,0.104,0.271,0.493
20,A1_3,-0.22,-0.119,-0.216,1.0,-0.4,0.035,-0.161,0.163,-0.203,-0.158,0.097,0.073,-0.289,0.174,-0.306,-0.154
20,B1_1,0.081,0.083,-0.42,-0.4,1.0,0.065,0.071,-0.426,0.142,0.202,-0.222,0.413,0.407,0.016,0.087,-0.217
20,B1_2,0.224,0.088,0.238,0.035,0.065,1.0,-0.259,-0.075,-0.084,0.088,0.002,-0.131,-0.005,0.049,0.22,0.288
20,B1_3,0.101,0.38,-0.117,-0.161,0.071,-0.259,1.0,-0.006,0.061,-0.201,-0.086,0.166,0.002,-0.016,-0.058,-0.075
20,A2_1,0.099,0.122,0.016,0.163,-0.426,-0.075,-0.006,1.0,-0.172,-0.028,0.034,-0.213,-0.077,0.085,-0.131,0.247
20,A2_2,-0.042,0.009,0.055,-0.203,0.142,-0.084,0.061,-0.172,1.0,-0.014,-0.325,0.196,0.096,-0.036,0.145,0.157
20,A2_3,-0.204,0.009,-0.09,-0.158,0.202,0.088,-0.201,-0.028,-0.014,1.0,-0.06,0.234,0.18,-0.052,-0.028,-0.177
20,B2_1,-0.028,-0.06,-0.088,0.097,-0.222,0.002,-0.086,0.034,-0.325,-0.06,1.0,-0.168,-0.0,-0.118,0.029,0.015
20,B2_2,-0.268,-0.017,-0.258,0.073,0.413,-0.131,0.166,-0.213,0.196,0.234,-0.168,1.0,0.077,0.09,0.009,0.205
20,B2_3,-0.096,-0.051,-0.248,-0.289,0.407,-0.005,0.002,-0.077,0.096,0.18,-0.0,0.077,1.0,-0.051,0.139,-0.295
20,y1,0.288,0.251,0.104,0.174,0.016,0.049,-0.016,0.085,-0.036,-0.052,-0.118,0.09,-0.051,1.0,-0.252,-0.02
20,y2,0.451,0.19,0.271,-0.306,0.087,0.22,-0.058,-0.131,0.145,-0.028,0.029,0.009,0.139,-0.252,1.0,0.3
20,y3,0.126,0.192,0.493,-0.154,-0.217,0.288,-0.075,0.247,0.157,-0.177,0.015,0.205,-0.295,-0.02,0.3,1.0
21,.,1.0,0.285,0.208,-0.219,0.077,0.22,0.098,0.099,-0.042,-0.205,-0.03,-0.272,-0.101,0.29,0.449,0.127
21,A1_1,0.285,1.0,0.125,-0.119,0.082,0.087,0.38,0.122,0.009,0.009,-0.06,-0.017,-0.052,0.251,0.191,0.192
21,A1_2,0.208,0.125,1.0,-0.216,-0.421,0.237,-0.119,0.016,0.055,-0.089,-0.089,-0.259,-0.25,0.105,0.272,0.493
21,A1_3,-0.219,-0.119,-0.216,1.0,-0.4,0.035,-0.161,0.163,-0.203,-0.158,0.097,0.072,-0.289,0.173,-0.306,-0.154
21,B1_1,0.077,0.082,-0.421,-0.4,1.0,0.066,0.073,-0.427,0.142,0.202,-0.22,0.415,0.41,0.014,0.086,-0.218
21,B1_2,0.22,0.087,0.237,0.035,0.066,1.0,-0.258,-0.076,-0.083,0.089,0.003,-0.128,-0.003,0.047,0.22,0.287
21,B1_3,0.098,0.38,-0.119,-0.161,0.073,-0.258,1.0,-0.007,0.061,-0.2,-0.085,0.169,0.005,-0.017,-0.058,-0.076
21,A2_1,0.099,0.122,0.016,0.163,-0.427,-0.076,-0.007,1.0,-0.172,-0.027,0.033,-0.214,-0.078,0.086,-0.13,0.248
21,A2_2,-0.042,0.009,0.055,-0.203,0.142,-0.083,0.061,-0.172,1.0,-0.014,-0.325,0.196,0.096,-0.037,0.144,0.157
21,A2_3,-0.205,0.009,-0.089,-0.158,0.202,0.089,-0.2,-0.027,-0.014,1.0,-0.059,0.234,0.18,-0.053,-0.029,-0.178
21,B2_1,-0.03,-0.06,-0.089,0.097,-0.22,0.003,-0.085,0.033,-0.325,-0.059,1.0,-0.165,0.002,-0.119,0.029,0.013
21,B2_2,-0.272,-0.017,-0.259,0.072,0.415,-0.128,0.169,-0.214,0.196,0.234,-0.165,1.0,0.08,0.088,0.008,0.202
21,B2_3,-0.101,-0.052,-0.25,-0.289,0.41,-0.003,0.005,-0.078,0.096,0.18,0.002,0.08,1.0,-0.054,0.138,-0.296
21,y1,0.29,0.251,0.105,0.173,0.014,0.047,-0.017,0.086,-0.037,-0.053,-0.119,0.088,-0.054,1.0,-0.251,-0.018
21,y2,0.449,0.191,0.272,-0.306,0.086,0.22,-0.058,-0.13,0.144,-0.029,0.029,0.008,0.138,-0.251,1.0,0.3
21,y3,0.127,0.192,0.493,-0.154,-0.218,0.287,-0.076,0.248,0.157,-0.178,0.013,0.202,-0.296,-0.018,0.3,1.0
22,.,1.0,0.284,0.209,-0.218,0.073,0.216,0.094,0.1,-0.043,-0.207,-0.033,-0.276,-0.106,0.293,0.447,0.128
22,A1_1,0.284,1.0,0.126,-0.119,0.081,0.087,0.379,0.123,0.01,0.01,-0.061,-0.018,-0.053,0.251,0.191,0.193
22,A1_2,0.209,0.126,1.0,-0.215,-0.422,0.236,-0.121,0.017,0.055,-0.089,-0.09,-0.261,-0.251,0.106,0.273,0.494
22,A1_3,-0.218,-0.119,-0.215,1.0,-0.4,0.035,-0.162,0.164,-0.203,-0.157,0.096,0.072,-0.289,0.173,-0.306,-0.154
22,B1_1,0.073,0.081,-0.422,-0.4,1.0,0.068,0.075,-0.427,0.141,0.202,-0.217,0.417,0.412,0.012,0.085,-0.219
22,B1_2,0.216,0.087,0.236,0.035,0.068,1.0,-0.257,-0.077,-0.083,0.09,0.005,-0.126,-0.001,0.045,0.219,0.286
22,B1_3,0.094,0.379,-0.121,-0.162,0.075,-0.257,1.0,-0.008,0.062,-0.199,-0.084,0.171,0.008,-0.019,-0.058,-0.077
22,A2_1,0.1,0.123,0.017,0.164,-0.427,-0.077,-0.008,1.0,-0.171,-0.026,0.032,-0.215,-0.079,0.086,-0.13,0.248
22,A2_2,-0.043,0.01,0.055,-0.203,0.141,-0.083,0.062,-0.171,1.0,-0.014,-0.325,0.196,0.096,-0.037,0.144,0.156
22,A2_3,-0.207,0.01,-0.089,-0.157,0.202,0.09,-0.199,-0.026,-0.014,1.0,-0.059,0.234,0.18,-0.054,-0.031,-0.179
22,B2_1,-0.033,-0.061,-0.09,0.096,-0.217,0.005,-0.084,0.032,-0.325,-0.059,1.0,-0.162,0.005,-0.121,0.028,0.012
22,B2_2,-0.276,-0.018,-0.261,0.072,0.417,-0.126,0.171,-0.215,0.196,0.234,-0.162,1.0,0.084,0.085,0.007,0.2
22,B2_3,-0.106,-0.053,-0.251,-0.289,0.412,-0.001,0.008,-0.079,0.096,0.18,0.005,0.084,1.0,-0.056,0.136,-0.297
22,y1,0.293,0.251,0.106,0.173,0.012,0.045,-0.019,0.086,-0.037,-0.054,-0.121,0.085,-0.056,1.0,-0.249,-0.017
22,y2,0.447,0.191,0.273,-0.306,0.085,0.219,-0.058,-0.13,0.144,-0.031,0.028,0.007,0.136,-0.249,1.0,0.301
22,y3,0.128,0.193,0.494,-0.154,-0.219,0.286,-0.077,0.248,0.156,-0.179,0.012,0.2,-0.297,-0.017,0.301,1.0
23,.,1.0,0.283,0.21,-0.217,0.068,0.212,0.09,0.1,-0.043,-0.208,-0.037,-0.281,-0.111,0.295,0.446,0.129
23,A1_1,0.283,1.0,0.126,-0.119,0.08,0.086,0.378,0.123,0.01,0.01,-0.061,-0.018,-0.053,0.252,0.191,0.193
23,A1_2,0.21,0.126,1.0,-0.214,-0.423,0.234,-0.122,0.017,0.056,-0.088,-0.092,-0.262,-0.252,0.107,0.274,0.495
23,A1_3,-0.217,-0.119,-0.214,1.0,-0.4,0.035,-0.162,0.165,-0.203,-0.157,0.096,0.071,-0.289,0.172,-0.306,-0.154
23,B1_1,0.068,0.08,-0.423,-0.4,1.0,0.07,0.078,-0.428,0.141,0.202,-0.214,0.42,0.414,0.01,0.084,-0.22
23,B1_2,0.212,0.086,0.234,0.035,0.07,1.0,-0.255,-0.078,-0.083,0.091,0.006,-0.123,0.001,0.044,0.219,0.284
23,B1_3,0.09,0.378,-0.122,-0.162,0.078,-0.255,1.0,-0.009,0.062,-0.198,-0.082,0.173,0.011,-0.021,-0.058,-0.078
23,A2_1,0.1,0.123,0.017,0.165,-0.428,-0.078,-0.009,1.0,-0.171,-0.026,0.031,-0.215,-0.08,0.086,-0.129,0.249
23,A2_2,-0.043,0.01,0.056,-0.203,0.141,-0.083,0.062,-0.171,1.0,-0.014,-0.324,0.196,0.095,-0.037,0.143,0.156
23,A2_3,-0.208,0.01,-0.088,-0.157,0.202,0.091,-0.198,-0.026,-0.014,1.0,-0.058,0.234,0.18,-0.055,-0.032,-0.18
23,B2_1,-0.037,-0.061,-0.092,0.096,-0.214,0.006,-0.082,0.031,-0.324,-0.058,1.0,-0.158,0.008,-0.123,0.027,0.011
23,B2_2,-0.281,-0.018,-0.262,0.071,0.42,-0.123,0.173,-0.215,0.196,0.234,-0.158,1.0,0.088,0.082,0.006,0.197
23,B2_3,-0.111,-0.053,-0.252,-0.289,0.414,0.001,0.011,-0.08,0.095,0.18,0.008,0.088,1.0,-0.059,0.134,-0.299
23,y1,0.295,0.252,0.107,0.172,0.01,0.044,-0.021,0.086,-0.037,-0.055,-0.123,0.082,-0.059,1.0,-0.248,-0.015
23,y2,0.446,0.191,0.274,-0.306,0.084,0.219,-0.058,-0.129,0.143,-0.032,0.027,0.006,0.134,-0.248,1.0,0.302
23,y3,0.129,0.193,0.495,-0.154,-0.22,0.284,-0.078,0.249,0.156,-0.18,0.011,0.197,-0.299,-0.015,0.302,1.0
24,.,1.0,0.282,0.211,-0.216,0.063,0.208,0.086,0.1,-0.043,-0.21,-0.04,-0.286,-0.116,0.298,0.444,0.131
24,A1_1,0.282,1.0,0.127,-0.118,0.078,0.086,0.377,0.123,0.01,0.011,-0.062,-0.019,-0.054,0.252,0.192,0.193
24,A1_2,0.211,0.127,1.0,-0.214,-0.425,0.232,-0.124,0.018,0.056,-0.087,-0.093,-0.263,-0.254,0.108,0.275,0.496
24,A1_3,-0.216,-0.118,-0.214,1.0,-0.4,0.034,-0.162,0.165,-0.202,-0.156,0.095,0.07,-0.289,0.172,-0.306,-0.154
24,B1_1,0.063,0.078,-0.425,-0.4,1.0,0.071,0.08,-0.429,0.14,0.202,-0.21,0.422,0.417,0.007,0.083,-0.221
24,B1_2,0.208,0.086,0.232,0.034,0.071,1.0,-0.254,-0.079,-0.082,0.091,0.008,-0.12,0.004,0.042,0.218,0.283
24,B1_3,0.086,0.377,-0.124,-0.162,0.08,-0.254,1.0,-0.01,0.062,-0.197,-0.081,0.176,0.014,-0.023,-0.059,-0.079
