,,.,A1_1,A1_2,A1_3,B1_1,B1_2,B1_3,A2_1,A2_2,A2_3,B2_1,B2_2,B2_3,y1,y2,y3
2,.,1.0,-0.017,-0.184,-0.31,0.122,-0.122,0.027,0.511,0.268,0.186,-0.416,-0.505,-0.568,-0.891,-0.606,-0.737
2,A1_1,-0.017,1.0,0.228,0.535,-0.342,-0.257,-0.167,0.018,-0.163,-0.247,-0.674,-0.117,-0.544,-0.005,0.376,-0.367
2,A1_2,-0.184,0.228,1.0,0.659,-0.326,-0.434,0.004,-0.423,-0.329,0.243,-0.381,0.173,-0.424,0.091,0.465,-0.104
2,A1_3,-0.31,0.535,0.659,1.0,-0.386,-0.583,-0.347,0.024,0.109,0.18,-0.358,0.02,-0.379,0.039,0.23,-0.358
2,B1_1,0.122,-0.342,-0.326,-0.386,1.0,0.505,0.869,0.528,-0.088,0.24,-0.149,-0.662,-0.157,-0.029,-0.117,0.133
2,B1_2,-0.122,-0.257,-0.434,-0.583,0.505,1.0,0.544,-0.015,-0.349,-0.565,0.18,0.182,0.27,0.098,-0.114,0.445
2,B1_3,0.027,-0.167,0.004,-0.347,0.869,0.544,1.0,0.154,-0.448,0.137,-0.335,-0.488,-0.278,0.13,0.239,0.269
2,A2_1,0.511,0.018,-0.423,0.024,0.528,-0.015,0.154,1.0,0.364,0.161,-0.246,-0.747,-0.425,-0.568,-0.568,-0.564
2,A2_2,0.268,-0.163,-0.329,0.109,-0.088,-0.349,-0.448,0.364,1.0,0.522,0.066,-0.239,0.115,-0.45,-0.705,-0.526
2,A2_3,0.186,-0.247,0.243,0.18,0.24,-0.565,0.137,0.161,0.522,1.0,-0.234,-0.567,-0.213,-0.14,-0.101,-0.3
2,B2_1,-0.416,-0.674,-0.381,-0.358,-0.149,0.18,-0.335,-0.246,0.066,-0.234,1.0,0.572,0.918,0.404,-0.115,0.625
2,B2_2,-0.505,-0.117,0.173,0.02,-0.662,0.182,-0.488,-0.747,-0.239,-0.567,0.572,1.0,0.613,0.369,0.174,0.481
2,B2_3,-0.568,-0.544,-0.424,-0.379,-0.157,0.27,-0.278,-0.425,0.115,-0.213,0.918,0.613,1.0,0.559,0.005,0.721
2,y1,-0.891,-0.005,0.091,0.039,-0.029,0.098,0.13,-0.568,-0.45,-0.14,0.404,0.369,0.559,1.0,0.797,0.871
2,y2,-0.606,0.376,0.465,0.23,-0.117,-0.114,0.239,-0.568,-0.705,-0.101,-0.115,0.174,0.005,0.797,1.0,0.566
2,y3,-0.737,-0.367,-0.104,-0.358,0.133,0.445,0.269,-0.564,-0.526,-0.3,0.625,0.481,0.721,0.871,0.566,1.0
4,.,1.0,-0.224,-0.418,-0.458,-0.01,-0.478,-0.483,0.363,0.056,0.273,0.083,-0.149,-0.113,-0.608,-0.724,-0.478
4,A1_1,-0.224,1.0,0.474,0.402,-0.646,-0.213,-0.451,0.161,-0.137,-0.057,-0.118,-0.04,-0.118,0.632,0.14,0.304
4,A1_2,-0.418,0.474,1.0,0.734,-0.784,-0.25,-0.258,-0.257,-0.267,-0.001,-0.049,-0.001,-0.192,0.356,0.246,-0.039
4,A1_3,-0.458,0.402,0.734,1.0,-0.334,-0.285,-0.061,0.238,-0.277,0.102,-0.135,-0.487,-0.48,0.594,0.383,0.176
4,B1_1,-0.01,-0.646,-0.784,-0.334,1.0,0.345,0.526,0.209,0.319,0.059,0.138,-0.077,0.193,-0.233,-0.02,0.11
4,B1_2,-0.478,-0.213,-0.25,-0.285,0.345,1.0,0.731,-0.132,-0.108,-0.691,-0.016,0.568,0.097,0.051,0.299,0.138
4,B1_3,-0.483,-0.451,-0.258,-0.061,0.526,0.731,1.0,0.036,0.192,-0.161,-0.486,0.01,-0.275,-0.018,0.328,-0.057
4,A2_1,0.363,0.161,-0.257,0.238,0.209,-0.132,0.036,1.0,0.107,0.205,-0.286,-0.477,-0.659,-0.001,-0.381,-0.259
4,A2_2,0.056,-0.137,-0.267,-0.277,0.319,-0.108,0.192,0.107,1.0,0.746,-0.266,0.055,0.17,-0.517,-0.546,-0.515
4,A2_3,0.273,-0.057,-0.001,0.102,0.059,-0.691,-0.161,0.205,0.746,1.0,-0.339,-0.488,-0.12,-0.351,-0.461,-0.462
4,B2_1,0.083,-0.118,-0.049,-0.135,0.138,-0.016,-0.486,-0.286,-0.266,-0.339,1.0,0.491,0.726,-0.094,-0.109,0.27
4,B2_2,-0.149,-0.04,-0.001,-0.487,-0.077,0.568,0.01,-0.477,0.055,-0.488,0.491,1.0,0.639,-0.318,-0.201,-0.12
4,B2_3,-0.113,-0.118,-0.192,-0.48,0.193,0.097,-0.275,-0.659,0.17,-0.12,0.726,0.639,1.0,-0.169,-0.038,0.287
4,y1,-0.608,0.632,0.356,0.594,-0.233,0.051,-0.018,-0.001,-0.517,-0.351,-0.094,-0.318,-0.169,1.0,0.809,0.819
4,y2,-0.724,0.14,0.246,0.383,-0.02,0.299,0.328,-0.381,-0.546,-0.461,-0.109,-0.201,-0.038,0.809,1.0,0.801
4,y3,-0.478,0.304,-0.039,0.176,0.11,0.138,-0.057,-0.259,-0.515,-0.462,0.27,-0.12,0.287,0.819,0.801,1.0
6,.,1.0,-0.228,-0.342,-0.358,-0.172,-0.514,-0.3,0.538,0.392,0.285,-0.348,-0.166,-0.275,-0.732,-0.558,-0.462
6,A1_1,-0.228,1.0,0.307,0.638,-0.363,-0.264,-0.117,0.168,0.005,0.212,-0.374,-0.131,-0.27,-0.017,0.508,0.322
6,A1_2,-0.342,0.307,1.0,0.394,-0.637,-0.172,-0.237,-0.413,-0.283,0.067,-0.017,0.037,0.129,0.264,0.361,0.111
6,A1_3,-0.358,0.638,0.394,1.0,-0.246,-0.334,-0.064,0.402,0.105,0.498,-0.113,-0.261,-0.242,0.119,0.472,0.037
6,B1_1,-0.172,-0.363,-0.637,-0.246,1.0,0.715,0.789,0.012,0.121,-0.02,-0.215,-0.121,-0.292,0.084,-0.262,0.034
6,B1_2,-0.514,-0.264,-0.172,-0.334,0.715,1.0,0.842,-0.432,-0.337,-0.572,-0.007,0.228,0.036,0.341,-0.154,0.224
6,B1_3,-0.3,-0.117,-0.237,-0.064,0.789,0.842,1.0,-0.034,-0.275,-0.216,-0.357,-0.204,-0.465,0.234,-0.111,0.236
6,A2_1,0.538,0.168,-0.413,0.402,0.012,-0.432,-0.034,1.0,0.443,0.407,-0.249,-0.216,-0.381,-0.575,-0.298,-0.442
6,A2_2,0.392,0.005,-0.283,0.105,0.121,-0.337,-0.275,0.443,1.0,0.583,-0.327,0.275,0.079,-0.791,-0.566,-0.782
6,A2_3,0.285,0.212,0.067,0.498,-0.02,-0.572,-0.216,0.407,0.583,1.0,-0.518,-0.537,-0.513,-0.286,0.092,-0.227
6,B2_1,-0.348,-0.374,-0.017,-0.113,-0.215,-0.007,-0.357,-0.249,-0.327,-0.518,1.0,0.394,0.755,0.441,0.186,0.065
6,B2_2,-0.166,-0.131,0.037,-0.261,-0.121,0.228,-0.204,-0.216,0.275,-0.537,0.394,1.0,0.859,-0.324,-0.5,-0.518
6,B2_3,-0.275,-0.27,0.129,-0.242,-0.292,0.036,-0.465,-0.381,0.079,-0.513,0.755,0.859,1.0,0.006,-0.192,-0.322
6,y1,-0.732,-0.017,0.264,0.119,0.084,0.341,0.234,-0.575,-0.791,-0.286,0.441,-0.324,0.006,1.0,0.782,0.811
6,y2,-0.558,0.508,0.361,0.472,-0.262,-0.154,-0.111,-0.298,-0.566,0.092,0.186,-0.5,-0.192,0.782,1.0,0.835
6,y3,-0.462,0.322,0.111,0.037,0.034,0.224,0.236,-0.442,-0.782,-0.227,0.065,-0.518,-0.322,0.811,0.835,1.0
8,.,1.0,-0.218,0.07,-0.673,-0.309,-0.268,-0.16,-0.336,0.271,0.061,-0.374,-0.08,-0.34,-0.381,-0.306,-0.43
8,A1_1,-0.218,1.0,0.4,0.587,-0.184,-0.21,-0.321,0.33,0.125,-0.014,-0.429,-0.212,-0.435,0.06,0.326,-0.094
8,A1_2,0.07,0.4,1.0,0.601,-0.597,-0.399,-0.378,-0.253,-0.087,0.065,-0.21,-0.261,-0.141,0.274,0.464,0.174
8,A1_3,-0.673,0.587,0.601,1.0,-0.101,-0.02,-0.085,0.287,-0.275,0.073,0.016,-0.236,-0.102,0.325,0.424,0.349
8,B1_1,-0.309,-0.184,-0.597,-0.101,1.0,0.608,0.649,0.097,0.043,0.154,-0.261,-0.062,-0.148,-0.193,-0.443,0.115
8,B1_2,-0.268,-0.21,-0.399,-0.02,0.608,1.0,0.724,-0.319,-0.451,-0.543,-0.177,0.443,0.118,-0.205,-0.312,-0.284
8,B1_3,-0.16,-0.321,-0.378,-0.085,0.649,0.724,1.0,-0.08,-0.679,-0.421,-0.341,-0.209,-0.272,0.267,0.033,0.292
8,A2_1,-0.336,0.33,-0.253,0.287,0.097,-0.319,-0.08,1.0,0.045,0.426,0.23,-0.488,-0.389,0.075,0.051,0.298
8,A2_2,0.271,0.125,-0.087,-0.275,0.043,-0.451,-0.679,0.045,1.0,0.69,0.029,0.152,0.094,-0.598,-0.531,-0.358
8,A2_3,0.061,-0.014,0.065,0.073,0.154,-0.543,-0.421,0.426,0.69,1.0,0.143,-0.388,-0.177,-0.321,-0.399,0.184
8,B2_1,-0.374,-0.429,-0.21,0.016,-0.261,-0.177,-0.341,0.23,0.029,0.143,1.0,0.387,0.737,0.033,-0.036,0.094
8,B2_2,-0.08,-0.212,-0.261,-0.236,-0.062,0.443,-0.209,-0.488,0.152,-0.388,0.387,1.0,0.761,-0.466,-0.382,-0.692
8,B2_3,-0.34,-0.435,-0.141,-0.102,-0.148,0.118,-0.272,-0.389,0.094,-0.177,0.737,0.761,1.0,-0.001,-0.038,-0.112
8,y1,-0.381,0.06,0.274,0.325,-0.193,-0.205,0.267,0.075,-0.598,-0.321,0.033,-0.466,-0.001,1.0,0.931,0.832
8,y2,-0.306,0.326,0.464,0.424,-0.443,-0.312,0.033,0.051,-0.531,-0.399,-0.036,-0.382,-0.038,0.931,1.0,0.636
8,y3,-0.43,-0.094,0.174,0.349,0.115,-0.284,0.292,0.298,-0.358,0.184,0.094,-0.692,-0.112,0.832,0.636,1.0
10,.,1.0,-0.34,-0.492,-0.66,-0.254,-0.1,0.003,0.042,-0.11,-0.026,-0.343,-0.316,-0.6,-0.612,-0.578,-0.478
10,A1_1,-0.34,1.0,0.761,0.827,-0.203,-0.165,-0.377,0.326,-0.083,0.2,-0.426,-0.104,-0.074,0.217,0.434,-0.192
10,A1_2,-0.492,0.761,1.0,0.834,-0.265,-0.182,-0.316,0.171,-0.19,0.487,-0.059,-0.042,0.105,0.192,0.294,0.03
10,A1_3,-0.66,0.827,0.834,1.0,0.043,0.09,-0.199,0.436,-0.005,0.433,-0.058,0.005,0.244,0.304,0.347,-0.15
10,B1_1,-0.254,-0.203,-0.265,0.043,1.0,0.398,0.698,0.057,0.279,0.043,-0.267,-0.207,-0.263,0.563,-0.184,-0.224
10,B1_2,-0.1,-0.165,-0.182,0.09,0.398,1.0,0.77,-0.096,-0.549,-0.265,0.082,0.229,-0.0,0.196,-0.014,-0.254
10,B1_3,0.003,-0.377,-0.316,-0.199,0.698,0.77,1.0,-0.328,-0.444,-0.266,-0.23,-0.095,-0.4,0.494,-0.091,-0.11
10,A2_1,0.042,0.326,0.171,0.436,0.057,-0.096,-0.328,1.0,0.424,0.727,-0.111,-0.531,0.077,-0.171,-0.127,-0.462
10,A2_2,-0.11,-0.083,-0.19,-0.005,0.279,-0.549,-0.444,0.424,1.0,0.344,0.125,-0.081,0.23,-0.159,-0.307,-0.11
10,A2_3,-0.026,0.2,0.487,0.433,0.043,-0.265,-0.266,0.727,0.344,1.0,0.002,-0.531,-0.01,-0.155,-0.35,-0.336
10,B2_1,-0.343,-0.426,-0.059,-0.058,-0.267,0.082,-0.23,-0.111,0.125,0.002,1.0,0.632,0.886,-0.34,-0.042,0.398
10,B2_2,-0.316,-0.104,-0.042,0.005,-0.207,0.229,-0.095,-0.531,-0.081,-0.531,0.632,1.0,0.581,-0.268,0.009,0.171
10,B2_3,-0.6,-0.074,0.105,0.244,-0.263,-0.0,-0.4,0.077,0.23,-0.01,0.886,0.581,1.0,-0.128,0.297,0.473
10,y1,-0.612,0.217,0.192,0.304,0.563,0.196,0.494,-0.171,-0.159,-0.155,-0.34,-0.268,-0.128,1.0,0.641,0.428
10,y2,-0.578,0.434,0.294,0.347,-0.184,-0.014,-0.091,-0.127,-0.307,-0.35,-0.042,0.009,0.297,0.641,1.0,0.685
10,y3,-0.478,-0.192,0.03,-0.15,-0.224,-0.254,-0.11,-0.462,-0.11,-0.336,0.398,0.171,0.473,0.428,0.685,1.0
12,.,1.0,-0.15,-0.132,-0.302,-0.237,-0.316,-0.327,0.38,0.083,0.025,-0.125,-0.106,-0.036,-0.596,-0.805,-0.659
12,A1_1,-0.15,1.0,0.392,0.568,-0.301,-0.095,-0.621,0.289,0.522,0.435,0.381,0.39,0.578,0.166,-0.08,-0.318
12,A1_2,-0.132,0.392,1.0,0.854,-0.473,0.061,-0.231,0.233,0.414,0.395,-0.246,-0.081,-0.301,0.213,-0.304,0.152
12,A1_3,-0.302,0.568,0.854,1.0,-0.125,0.094,-0.22,0.398,0.524,0.46,-0.23,0.057,-0.235,0.11,-0.186,0.178
12,B1_1,-0.237,-0.301,-0.473,-0.125,1.0,0.279,0.609,0.2,-0.131,0.112,0.119,0.02,-0.254,-0.516,0.118,-0.01
12,B1_2,-0.316,-0.095,0.061,0.094,0.279,1.0,0.769,-0.35,-0.697,-0.369,-0.025,0.339,0.169,-0.131,0.157,0.003
12,B1_3,-0.327,-0.621,-0.231,-0.22,0.609,0.769,1.0,-0.383,-0.696,-0.382,-0.075,0.058,-0.26,-0.236,0.246,0.214
12,A2_1,0.38,0.289,0.233,0.398,0.2,-0.35,-0.383,1.0,0.531,0.814,-0.213,-0.457,-0.346,-0.416,-0.555,-0.302
12,A2_2,0.083,0.522,0.414,0.524,-0.131,-0.697,-0.696,0.531,1.0,0.662,0.219,0.027,-0.166,-0.08,-0.378,-0.165
12,A2_3,0.025,0.435,0.395,0.46,0.112,-0.369,-0.382,0.814,0.662,1.0,0.157,-0.403,-0.265,-0.153,-0.348,-0.22
12,B2_1,-0.125,0.381,-0.246,-0.23,0.119,-0.025,-0.075,-0.213,0.219,0.157,1.0,0.592,0.592,-0.178,-0.002,-0.555
12,B2_2,-0.106,0.39,-0.081,0.057,0.02,0.339,0.058,-0.457,0.027,-0.403,0.592,1.0,0.642,-0.216,-0.04,-0.408
12,B2_3,-0.036,0.578,-0.301,-0.235,-0.254,0.169,-0.26,-0.346,-0.166,-0.265,0.592,0.642,1.0,0.147,0.206,-0.438
12,y1,-0.596,0.166,0.213,0.11,-0.516,-0.131,-0.236,-0.416,-0.08,-0.153,-0.178,-0.216,0.147,1.0,0.745,0.718
12,y2,-0.805,-0.08,-0.304,-0.186,0.118,0.157,0.246,-0.555,-0.378,-0.348,-0.002,-0.04,0.206,0.745,1.0,0.715
12,y3,-0.659,-0.318,0.152,0.178,-0.01,0.003,0.214,-0.302,-0.165,-0.22,-0.555,-0.408,-0.438,0.718,0.715,1.0
14,.,1.0,-0.147,-0.33,-0.616,-0.264,-0.126,-0.382,0.445,0.079,0.124,-0.137,-0.21,-0.289,-0.509,-0.583,-0.693
14,A1_1,-0.147,1.0,0.395,0.648,-0.488,-0.33,-0.472,0.562,0.294,-0.072,-0.239,0.114,0.073,0.179,-0.138,-0.158
14,A1_2,-0.33,0.395,1.0,0.723,-0.436,-0.51,-0.182,0.213,0.147,0.016,-0.471,-0.543,-0.535,0.134,0.279,0.326
14,A1_3,-0.616,0.648,0.723,1.0,-0.045,-0.15,0.11,0.298,0.134,0.005,-0.529,-0.133,-0.294,0.251,0.314,0.356
14,B1_1,-0.264,-0.488,-0.436,-0.045,1.0,0.674,0.697,-0.193,-0.157,0.209,-0.099,0.01,-0.075,0.187,0.411,0.306
14,B1_2,-0.126,-0.33,-0.51,-0.15,0.674,1.0,0.798,-0.323,-0.458,-0.113,-0.199,0.16,0.154,-0.05,-0.14,-0.119
14,B1_3,-0.382,-0.472,-0.182,0.11,0.697,0.798,1.0,-0.498,-0.586,-0.222,-0.304,0.047,-0.091,-0.013,0.158,0.289
14,A2_1,0.445,0.562,0.213,0.298,-0.193,-0.323,-0.498,1.0,0.652,0.553,-0.492,-0.188,-0.441,-0.331,-0.323,-0.525
14,A2_2,0.079,0.294,0.147,0.134,-0.157,-0.458,-0.586,0.652,1.0,0.878,0.134,0.163,0.026,-0.344,-0.185,-0.367
14,A2_3,0.124,-0.072,0.016,0.005,0.209,-0.113,-0.222,0.553,0.878,1.0,-0.034,0.024,-0.158,-0.471,-0.166,-0.374
14,B2_1,-0.137,-0.239,-0.471,-0.529,-0.099,-0.199,-0.304,-0.492,0.134,-0.034,1.0,0.587,0.815,0.168,0.076,0.11
14,B2_2,-0.21,0.114,-0.543,-0.133,0.01,0.16,0.047,-0.188,0.163,0.024,0.587,1.0,0.835,-0.252,-0.376,-0.252
14,B2_3,-0.289,0.073,-0.535,-0.294,-0.075,0.154,-0.091,-0.441,0.026,-0.158,0.815,0.835,1.0,0.11,-0.179,-0.087
14,y1,-0.509,0.179,0.134,0.251,0.187,-0.05,-0.013,-0.331,-0.344,-0.471,0.168,-0.252,0.11,1.0,0.822,0.773
14,y2,-0.583,-0.138,0.279,0.314,0.411,-0.14,0.158,-0.323,-0.185,-0.166,0.076,-0.376,-0.179,0.822,1.0,0.942
14,y3,-0.693,-0.158,0.326,0.356,0.306,-0.119,0.289,-0.525,-0.367,-0.374,0.11,-0.252,-0.087,0.773,0.942,1.0
16,.,1.0,-0.05,-0.432,-0.258,-0.15,-0.109,-0.219,-0.023,0.021,-0.023,-0.187,0.191,0.007,-0.686,-0.669,-0.722
16,A1_1,-0.05,1.0,0.678,0.616,-0.368,-0.2,-0.372,0.257,0.04,-0.246,-0.302,0.178,0.046,0.306,0.18,0.241
16,A1_2,-0.432,0.678,1.0,0.819,-0.529,-0.582,-0.328,0.131,0.196,-0.059,-0.119,-0.046,-0.286,0.555,0.385,0.538
16,A1_3,-0.258,0.616,0.819,1.0,-0.362,-0.356,0.025,0.493,0.275,0.185,-0.498,-0.346,-0.514,0.146,-0.064,0.123
16,B1_1,-0.15,-0.368,-0.529,-0.362,1.0,0.617,0.655,-0.025,0.082,-0.143,-0.297,-0.279,-0.106,0.055,-0.187,0.003
16,B1_2,-0.109,-0.2,-0.582,-0.356,0.617,1.0,0.596,-0.136,-0.61,-0.323,-0.263,-0.144,0.171,-0.095,0.031,-0.001
16,B1_3,-0.219,-0.372,-0.328,0.025,0.655,0.596,1.0,0.002,-0.05,-0.062,-0.259,-0.18,-0.081,-0.276,-0.386,-0.125
16,A2_1,-0.023,0.257,0.131,0.493,-0.025,-0.136,0.002,1.0,0.599,0.8,-0.334,-0.465,-0.275,-0.309,-0.393,-0.501
16,A2_2,0.021,0.04,0.196,0.275,0.082,-0.61,-0.05,0.599,1.0,0.628,0.029,-0.098,-0.186,-0.147,-0.446,-0.334
16,A2_3,-0.023,-0.246,-0.059,0.185,-0.143,-0.323,-0.062,0.8,0.628,1.0,0.093,-0.398,-0.198,-0.409,-0.348,-0.555
16,B2_1,-0.187,-0.302,-0.119,-0.498,-0.297,-0.263,-0.259,-0.334,0.029,0.093,1.0,0.675,0.745,0.026,0.323,0.122
16,B2_2,0.191,0.178,-0.046,-0.346,-0.279,-0.144,-0.18,-0.465,-0.098,-0.398,0.675,1.0,0.866,-0.109,0.052,0.037
16,B2_3,0.007,0.046,-0.286,-0.514,-0.106,0.171,-0.081,-0.275,-0.186,-0.198,0.745,0.866,1.0,-0.142,0.154,-0.022
16,y1,-0.686,0.306,0.555,0.146,0.055,-0.095,-0.276,-0.309,-0.147,-0.409,0.026,-0.109,-0.142,1.0,0.856,0.946
16,y2,-0.669,0.18,0.385,-0.064,-0.187,0.031,-0.386,-0.393,-0.446,-0.348,0.323,0.052,0.154,0.856,1.0,0.876
16,y3,-0.722,0.241,0.538,0.123,0.003,-0.001,-0.125,-0.501,-0.334,-0.555,0.122,0.037,-0.022,0.946,0.876,1.0
18,.,1.0,-0.256,-0.556,-0.536,0.249,0.115,-0.044,0.114,-0.165,-0.004,-0.198,-0.214,-0.213,-0.721,-0.743,-0.632
18,A1_1,-0.256,1.0,0.245,0.544,-0.555,-0.083,-0.283,0.356,-0.083,-0.336,-0.584,-0.176,-0.408,0.123,0.253,-0.022
18,A1_2,-0.556,0.245,1.0,0.798,-0.035,-0.302,-0.114,-0.342,0.067,-0.245,0.036,0.034,-0.206,0.473,0.377,0.646
18,A1_3,-0.536,0.544,0.798,1.0,-0.107,-0.299,0.069,0.271,0.198,-0.111,-0.176,-0.102,-0.298,0.159,0.166,0.245
18,B1_1,0.249,-0.555,-0.035,-0.107,1.0,0.529,0.754,-0.063,0.044,-0.038,-0.07,-0.251,-0.147,-0.1,-0.311,-0.161
18,B1_2,0.115,-0.083,-0.302,-0.299,0.529,1.0,0.582,-0.159,-0.641,-0.549,-0.248,-0.173,-0.025,0.228,0.153,0.05
18,B1_3,-0.044,-0.283,-0.114,0.069,0.754,0.582,1.0,0.238,0.061,-0.21,0.147,0.151,0.258,-0.178,-0.307,-0.28
18,A2_1,0.114,0.356,-0.342,0.271,-0.063,-0.159,0.238,1.0,0.41,0.408,-0.319,-0.257,-0.19,-0.596,-0.45,-0.731
18,A2_2,-0.165,-0.083,0.067,0.198,0.044,-0.641,0.061,0.41,1.0,0.648,0.119,0.097,0.027,-0.284,-0.309,-0.394
18,A2_3,-0.004,-0.336,-0.245,-0.111,-0.038,-0.549,-0.21,0.408,0.648,1.0,0.052,-0.299,-0.094,-0.212,-0.128,-0.254
18,B2_1,-0.198,-0.584,0.036,-0.176,-0.07,-0.248,0.147,-0.319,0.119,0.052,1.0,0.839,0.91,-0.074,-0.112,0.187
18,B2_2,-0.214,-0.176,0.034,-0.102,-0.251,-0.173,0.151,-0.257,0.097,-0.299,0.839,1.0,0.907,-0.099,-0.127,0.055
18,B2_3,-0.213,-0.408,-0.206,-0.298,-0.147,-0.025,0.258,-0.19,0.027,-0.094,0.91,0.907,1.0,-0.08,-0.077,0.046
18,y1,-0.721,0.123,0.473,0.159,-0.1,0.228,-0.178,-0.596,-0.284,-0.212,-0.074,-0.099,-0.08,1.0,0.962,0.883
18,y2,-0.743,0.253,0.377,0.166,-0.311,0.153,-0.307,-0.45,-0.309,-0.128,-0.112,-0.127,-0.077,0.962,1.0,0.838
18,y3,-0.632,-0.022,0.646,0.245,-0.161,0.05,-0.28,-0.731,-0.394,-0.254,0.187,0.055,0.046,0.883,0.838,1.0
20,.,1.0,-0.598,-0.11,-0.589,-0.142,-0.368,-0.226,-0.41,-0.215,-0.267,-0.303,-0.515,-0.329,-0.536,-0.195,-0.416
20,A1_1,-0.598,1.0,0.475,0.706,-0.254,0.083,0.127,0.412,0.198,0.018,-0.06,0.28,0.168,0.098,-0.049,0.186
20,A1_2,-0.11,0.475,1.0,0.442,-0.335,-0.491,-0.37,-0.219,0.301,-0.333,-0.211,-0.341,-0.065,0.388,0.55,0.754
20,A1_3,-0.589,0.706,0.442,1.0,-0.298,0.048,0.058,0.51,0.25,0.349,-0.389,-0.2,-0.307,0.133,0.055,0.287
20,B1_1,-0.142,-0.254,-0.335,-0.298,1.0,0.654,0.718,0.228,0.156,0.235,-0.105,0.275,-0.018,0.187,-0.054,-0.04
20,B1_2,-0.368,0.083,-0.491,0.048,0.654,1.0,0.925,0.334,-0.01,0.234,-0.173,0.414,0.217,-0.029,-0.444,-0.314
20,B1_3,-0.226,0.127,-0.37,0.058,0.718,0.925,1.0,0.302,-0.13,0.117,-0.42,0.203,-0.036,-0.002,-0.34,-0.293
20,A2_1,-0.41,0.412,-0.219,0.51,0.228,0.334,0.302,1.0,0.548,0.886,-0.133,0.297,-0.219,-0.403,-0.558,-0.367
20,A2_2,-0.215,0.198,0.301,0.25,0.156,-0.01,-0.13,0.548,1.0,0.626,0.094,0.264,0.141,-0.228,-0.26,0.138
20,A2_3,-0.267,0.018,-0.333,0.349,0.235,0.234,0.117,0.886,0.626,1.0,-0.05,0.176,-0.262,-0.417,-0.508,-0.335
20,B2_1,-0.303,-0.06,-0.211,-0.389,-0.105,-0.173,-0.42,-0.133,0.094,-0.05,1.0,0.735,0.758,0.192,0.097,0.101
20,B2_2,-0.515,0.28,-0.341,-0.2,0.275,0.414,0.203,0.297,0.264,0.176,0.735,1.0,0.808,-0.003,-0.327,-0.168
20,B2_3,-0.329,0.168,-0.065,-0.307,-0.018,0.217,-0.036,-0.219,0.141,-0.262,0.758,0.808,1.0,0.135,-0.105,0.083
20,y1,-0.536,0.098,0.388,0.133,0.187,-0.029,-0.002,-0.403,-0.228,-0.417,0.192,-0.003,0.135,1.0,0.888,0.857
20,y2,-0.195,-0.049,0.55,0.055,-0.054,-0.444,-0.34,-0.558,-0.26,-0.508,0.097,-0.327,-0.105,0.888,1.0,0.878
20,y3,-0.416,0.186,0.754,0.287,-0.04,-0.314,-0.293,-0.367,0.138,-0.335,0.101,-0.168,0.083,0.857,0.878,1.0
22,.,1.0,0.041,-0.405,-0.435,-0.276,-0.155,-0.226,0.204,-0.235,0.045,-0.016,-0.355,-0.027,-0.702,-0.708,-0.687
22,A1_1,0.041,1.0,0.585,0.645,-0.504,-0.304,-0.425,0.518,0.101,0.007,-0.152,-0.097,0.023,0.169,-0.156,-0.15
22,A1_2,-0.405,0.585,1.0,0.524,-0.144,-0.227,-0.224,-0.308,-0.006,-0.57,0.0,0.181,0.331,0.679,0.321,0.415
22,A1_3,-0.435,0.645,0.524,1.0,-0.241,-0.124,-0.139,0.378,0.193,0.129,-0.532,-0.38,-0.337,0.511,0.49,0.393
22,B1_1,-0.276,-0.504,-0.144,-0.241,1.0,0.543,0.789,-0.353,-0.012,-0.265,-0.426,0.11,-0.449,-0.104,0.217,-0.139
22,B1_2,-0.155,-0.304,-0.227,-0.124,0.543,1.0,0.938,0.048,-0.5,-0.201,-0.36,0.127,-0.204,0.058,0.235,-0.067
22,B1_3,-0.226,-0.425,-0.224,-0.139,0.789,0.938,1.0,-0.082,-0.322,-0.209,-0.484,0.105,-0.349,-0.009,0.267,-0.093
22,A2_1,0.204,0.518,-0.308,0.378,-0.353,0.048,-0.082,1.0,0.287,0.735,-0.283,-0.164,-0.3,-0.409,-0.382,-0.472
22,A2_2,-0.235,0.101,-0.006,0.193,-0.012,-0.5,-0.322,0.287,1.0,0.66,0.041,0.276,0.015,-0.322,-0.303,-0.155
22,A2_3,0.045,0.007,-0.57,0.129,-0.265,-0.201,-0.209,0.735,0.66,1.0,-0.013,-0.027,-0.19,-0.506,-0.342,-0.265
22,B2_1,-0.016,-0.152,0.0,-0.532,-0.426,-0.36,-0.484,-0.283,0.041,-0.013,1.0,0.629,0.823,0.056,-0.271,0.145
22,B2_2,-0.355,-0.097,0.181,-0.38,0.11,0.127,0.105,-0.164,0.276,-0.027,0.629,1.0,0.719,0.017,-0.273,-0.047
22,B2_3,-0.027,0.023,0.331,-0.337,-0.449,-0.204,-0.349,-0.3,0.015,-0.19,0.823,0.719,1.0,0.176,-0.27,0.177
22,y1,-0.702,0.169,0.679,0.511,-0.104,0.058,-0.009,-0.409,-0.322,-0.506,0.056,0.017,0.176,1.0,0.846,0.889
22,y2,-0.708,-0.156,0.321,0.49,0.217,0.235,0.267,-0.382,-0.303,-0.342,-0.271,-0.273,-0.27,0.846,1.0,0.862
22,y3,-0.687,-0.15,0.415,0.393,-0.139,-0.067,-0.093,-0.472,-0.155,-0.265,0.145,-0.047,0.177,0.889,0.862,1.0
24,.,1.0,-0.302,-0.47,-0.354,-0.095,-0.466,-0.225,0.101,-0.2,0.162,-0.1,-0.426,-0.432,-0.491,-0.476,-0.64
24,A1_1,-0.302,1.0,0.655,0.619,-0.26,0.179,0.125,0.311,0.012,-0.23,-0.215,-0.286,-0.05,-0.053,-0.178,-0.069
24,A1_2,-0.47,0.655,1.0,0.816,-0.487,-0.163,-0.376,-0.19,0.077,-0.412,0.084,-0.031,0.107,0.578,0.446,0.43
24,A1_3,-0.354,0.619,0.816,1.0,-0.346,-0.237,-0.365,0.054,0.347,-0.095,-0.317,-0.208,-0.108,0.348,0.306,0.39
24,B1_1,-0.095,-0.26,-0.487,-0.346,1.0,0.327,0.843,-0.138,0.032,-0.197,-0.359,-0.088,-0.225,-0.154,0.124,-0.012
24,B1_2,-0.466,0.179,-0.163,-0.237,0.327,1.0,0.56,-0.203,-0.552,-0.315,-0.103,0.27,0.212,0.168,0.064,0.308
24,B1_3,-0.225,0.125,-0.376,-0.365,0.843,0.56,1.0,0.125,-0.059,-0.179,-0.336,-0.164,-0.185,-0.297,-0.1,-0.144
24,A2_1,0.101,0.311,-0.19,0.054,-0.138,-0.203,0.125,1.0,0.63,0.799,-0.263,-0.34,-0.176,-0.774,-0.687,-0.534
24,A2_2,-0.2,0.012,0.077,0.347,0.032,-0.552,-0.059,0.63,1.0,0.663,-0.149,-0.111,-0.049,-0.323,-0.104,-0.109
24,A2_3,0.162,-0.23,-0.412,-0.095,-0.197,-0.315,-0.179,0.799,0.663,1.0,-0.15,-0.104,-0.084,-0.581,-0.478,-0.294
24,B2_1,-0.1,-0.215,0.084,-0.317,-0.359,-0.103,-0.336,-0.263,-0.149,-0.15,1.0,0.786,0.84,0.106,-0.109,-0.175
24,B2_2,-0.426,-0.286,-0.031,-0.208,-0.088,0.27,-0.164,-0.34,-0.111,-0.104,0.786,1.0,0.956,0.223,0.033,0.145
24,B2_3,-0.432,-0.05,0.107,-0.108,-0.225,0.212,-0.185,-0.176,-0.049,-0.084,0.84,0.956,1.0,0.106,-0.126,-0.006
24,y1,-0.491,-0.053,0.578,0.348,-0.154,0.168,-0.297,-0.774,-0.323,-0.581,0.106,0.223,0.106,1.0,0.92,0.895
24,y2,-0.476,-0.178,0.446,0.306,0.124,0.064,-0.1,-0.687,-0.104,-0.478,-0.109,0.033,-0.126,0.92,1.0,0.897
24,y3,-0.64,-0.069,0.43,0.39,-0.012,0.308,-0.144,-0.534,-0.109,-0.294,-0.175,0.145,-0.006,0.895,0.897,1.0
26,.,1.0,-0.136,-0.346,-0.176,-0.349,-0.382,-0.432,0.133,0.014,-0.16,-0.415,-0.363,-0.131,-0.531,-0.4,-0.788
26,A1_1,-0.136,1.0,0.773,0.415,-0.368,-0.023,-0.097,0.745,0.084,0.005,0.115,-0.011,0.1,-0.062,-0.114,0.172
26,A1_2,-0.346,0.773,1.0,0.645,-0.602,-0.288,-0.367,0.406,-0.053,-0.223,0.086,0.076,0.266,0.384,0.396,0.535
26,A1_3,-0.176,0.415,0.645,1.0,-0.326,-0.396,-0.514,0.222,0.388,0.215,-0.44,-0.104,-0.203,0.177,0.191,0.16
26,B1_1,-0.349,-0.368,-0.602,-0.326,1.0,0.664,0.836,-0.309,-0.03,0.218,0.262,-0.037,-0.359,-0.112,-0.188,0.034
26,B1_2,-0.382,-0.023,-0.288,-0.396,0.664,1.0,0.732,-0.377,-0.431,0.05,0.177,0.362,-0.171,0.209,-0.058,0.06
26,B1_3,-0.432,-0.097,-0.367,-0.514,0.836,0.732,1.0,-0.112,-0.296,-0.07,0.462,-0.141,-0.298,0.102,0.039,0.324
26,A2_1,0.133,0.745,0.406,0.222,-0.309,-0.377,-0.112,1.0,0.523,0.258,0.079,-0.349,-0.022,-0.465,-0.383,-0.058
26,A2_2,0.014,0.084,-0.053,0.388,-0.03,-0.431,-0.296,0.523,1.0,0.855,-0.288,-0.083,-0.146,-0.509,-0.502,-0.292
26,A2_3,-0.16,0.005,-0.223,0.215,0.218,0.05,-0.07,0.258,0.855,1.0,-0.316,0.246,-0.179,-0.39,-0.563,-0.349
26,B2_1,-0.415,0.115,0.086,-0.44,0.262,0.177,0.462,0.079,-0.288,-0.316,1.0,0.265,0.641,-0.117,-0.05,0.415
26,B2_2,-0.363,-0.011,0.076,-0.104,-0.037,0.362,-0.141,-0.349,-0.083,0.246,0.265,1.0,0.683,0.048,-0.201,-0.051
26,B2_3,-0.131,0.1,0.266,-0.203,-0.359,-0.171,-0.298,-0.022,-0.146,-0.179,0.641,0.683,1.0,-0.145,-0.141,0.08
26,y1,-0.531,-0.062,0.384,0.177,-0.112,0.209,0.102,-0.465,-0.509,-0.39,-0.117,0.048,-0.145,1.0,0.932,0.742
26,y2,-0.4,-0.114,0.396,0.191,-0.188,-0.058,0.039,-0.383,-0.502,-0.563,-0.05,-0.201,-0.141,0.932,1.0,0.785
26,y3,-0.788,0.172,0.535,0.16,0.034,0.06,0.324,-0.058,-0.292,-0.349,0.415,-0.051,0.08,0.742,0.785,1.0
28,.,1.0,-0.194,-0.674,-0.465,-0.451,-0.088,-0.303,0.295,-0.005,-0.248,0.038,-0.005,0.194,-0.689,-0.751,-0.689
28,A1_1,-0.194,1.0,0.553,0.59,-0.37,-0.077,-0.151,0.348,-0.09,-0.198,0.304,0.205,-0.056,-0.125,-0.061,0.135
28,A1_2,-0.674,0.553,1.0,0.683,-0.301,-0.493,-0.333,-0.023,0.084,0.195,0.005,0.167,-0.309,0.473,0.529,0.476
28,A1_3,-0.465,0.59,0.683,1.0,-0.165,-0.093,0.101,0.271,0.205,0.135,-0.16,0.071,-0.45,-0.125,0.164,-0.084
28,B1_1,-0.451,-0.37,-0.301,-0.165,1.0,0.507,0.869,-0.426,-0.16,-0.103,-0.087,-0.411,-0.06,0.337,0.435,0.398
28,B1_2,-0.088,-0.077,-0.493,-0.093,0.507,1.0,0.597,0.052,-0.066,0.03,0.123,0.219,0.412,-0.256,-0.272,-0.235
28,B1_3,-0.303,-0.151,-0.333,0.101,0.869,0.597,1.0,-0.102,-0.254,-0.179,-0.315,-0.525,-0.284,0.042,0.289,0.132
28,A2_1,0.295,0.348,-0.023,0.271,-0.426,0.052,-0.102,1.0,0.385,0.51,-0.369,-0.193,-0.396,-0.564,-0.47,-0.455
28,A2_2,-0.005,-0.09,0.084,0.205,-0.16,-0.066,-0.254,0.385,1.0,0.743,0.154,0.191,-0.01,-0.404,-0.423,-0.372
28,A2_3,-0.248,-0.198,0.195,0.135,-0.103,0.03,-0.179,0.51,0.743,1.0,-0.299,0.022,-0.222,-0.02,-0.071,-0.116
28,B2_1,0.038,0.304,0.005,-0.16,-0.087,0.123,-0.315,-0.369,0.154,-0.299,1.0,0.693,0.816,-0.121,-0.361,0.042
28,B2_2,-0.005,0.205,0.167,0.071,-0.411,0.219,-0.525,-0.193,0.191,0.022,0.693,1.0,0.8,-0.169,-0.405,-0.262
28,B2_3,0.194,-0.056,-0.309,-0.45,-0.06,0.412,-0.284,-0.396,-0.01,-0.222,0.816,0.8,1.0,-0.126,-0.448,-0.144
28,y1,-0.689,-0.125,0.473,-0.125,0.337,-0.256,0.042,-0.564,-0.404,-0.02,-0.121,-0.169,-0.126,1.0,0.908,0.913
28,y2,-0.751,-0.061,0.529,0.164,0.435,-0.272,0.289,-0.47,-0.423,-0.071,-0.361,-0.405,-0.448,0.908,1.0,0.839
28,y3,-0.689,0.135,0.476,-0.084,0.398,-0.235,0.132,-0.455,-0.372,-0.116,0.042,-0.262,-0.144,0.913,0.839,1.0
30,.,1.0,-0.142,-0.273,-0.144,-0.355,-0.285,-0.284,-0.019,-0.166,-0.307,0.153,-0.409,-0.092,-0.557,-0.576,-0.672
30,A1_1,-0.142,1.0,0.641,0.597,-0.569,-0.364,-0.279,0.402,0.394,0.048,0.209,0.332,0.054,0.063,-0.0,-0.191
30,A1_2,-0.273,0.641,1.0,0.261,-0.254,-0.272,-0.262,-0.102,0.121,-0.147,0.419,0.686,0.36,0.307,0.342,0.133
30,A1_3,-0.144,0.597,0.261,1.0,-0.132,-0.147,0.227,0.342,0.268,0.172,-0.382,-0.26,-0.689,0.193,-0.139,0.097
30,B1_1,-0.355,-0.569,-0.254,-0.132,1.0,0.483,0.566,-0.053,0.037,0.189,-0.089,0.101,-0.019,-0.232,-0.243,0.095
30,B1_2,-0.285,-0.364,-0.272,-0.147,0.483,1.0,0.474,-0.138,-0.681,-0.269,0.025,0.186,0.075,0.054,-0.033,0.201
30,B1_3,-0.284,-0.279,-0.262,0.227,0.566,0.474,1.0,-0.456,-0.238,-0.396,0.069,-0.282,-0.203,0.0,-0.142,0.203
30,A2_1,-0.019,0.402,-0.102,0.342,-0.053,-0.138,-0.456,1.0,0.582,0.77,-0.42,0.06,-0.279,-0.319,-0.394,-0.364
30,A2_2,-0.166,0.394,0.121,0.268,0.037,-0.681,-0.238,0.582,1.0,0.687,-0.16,0.021,-0.093,-0.275,-0.206,-0.262
30,A2_3,-0.307,0.048,-0.147,0.172,0.189,-0.269,-0.396,0.77,0.687,1.0,-0.685,-0.037,-0.358,0.027,0.015,0.103
30,B2_1,0.153,0.209,0.419,-0.382,-0.089,0.025,0.069,-0.42,-0.16,-0.685,1.0,0.571,0.843,-0.378,-0.16,-0.447
30,B2_2,-0.409,0.332,0.686,-0.26,0.101,0.186,-0.282,0.06,0.021,-0.037,0.571,1.0,0.766,-0.0,0.194,-0.04
30,B2_3,-0.092,0.054,0.36,-0.689,-0.019,0.075,-0.203,-0.279,-0.093,-0.358,0.843,0.766,1.0,-0.22,0.118,-0.243
30,y1,-0.557,0.063,0.307,0.193,-0.232,0.054,0.0,-0.319,-0.275,0.027,-0.378,-0.0,-0.22,1.0,0.92,0.939
30,y2,-0.576,-0.0,0.342,-0.139,-0.243,-0.033,-0.142,-0.394,-0.206,0.015,-0.16,0.194,0.118,0.92,1.0,0.87
30,y3,-0.672,-0.191,0.133,0.097,0.095,0.201,0.203,-0.364,-0.262,0.103,-0.447,-0.04,-0.243,0.939,0.87,1.0
32,.,1.0,-0.27,-0.415,-0.231,-0.324,-0.283,-0.011,0.399,0.08,-0.203,-0.047,-0.154,-0.106,-0.576,-0.699,-0.668
32,A1_1,-0.27,1.0,0.709,0.816,-0.409,-0.09,-0.336,0.354,0.366,0.016,0.417,0.114,0.037,0.009,0.093,0.091
32,A1_2,-0.415,0.709,1.0,0.493,-0.507,-0.33,-0.632,-0.19,0.108,0.033,0.15,-0.19,-0.105,0.617,0.537,0.505
32,A1_3,-0.231,0.816,0.493,1.0,-0.158,0.121,-0.05,0.558,0.337,0.099,-0.04,-0.295,-0.476,-0.012,0.001,0.068
32,B1_1,-0.324,-0.409,-0.507,-0.158,1.0,0.403,0.684,-0.08,0.224,0.07,-0.037,-0.016,-0.111,-0.239,-0.252,-0.165
32,B1_2,-0.283,-0.09,-0.33,0.121,0.403,1.0,0.714,-0.081,-0.521,-0.541,-0.033,0.184,-0.01,-0.172,-0.073,-0.258
32,B1_3,-0.011,-0.336,-0.632,-0.05,0.684,0.714,1.0,-0.07,-0.228,-0.472,0.1,-0.073,-0.11,-0.388,-0.368,-0.382
32,A2_1,0.399,0.354,-0.19,0.558,-0.08,-0.081,-0.07,1.0,0.577,0.375,-0.179,-0.012,-0.29,-0.64,-0.578,-0.445
32,A2_2,0.08,0.366,0.108,0.337,0.224,-0.521,-0.228,0.577,1.0,0.538,0.202,-0.022,-0.103,-0.403,-0.439,-0.209
32,A2_3,-0.203,0.016,0.033,0.099,0.07,-0.541,-0.472,0.375,0.538,1.0,-0.407,-0.026,-0.129,0.149,0.233,0.455
32,B2_1,-0.047,0.417,0.15,-0.04,-0.037,-0.033,0.1,-0.179,0.202,-0.407,1.0,0.56,0.706,-0.321,-0.212,-0.276
32,B2_2,-0.154,0.114,-0.19,-0.295,-0.016,0.184,-0.073,-0.012,-0.022,-0.026,0.56,1.0,0.915,-0.35,-0.059,-0.199
32,B2_3,-0.106,0.037,-0.105,-0.476,-0.111,-0.01,-0.11,-0.29,-0.103,-0.129,0.706,0.915,1.0,-0.19,0.053,-0.077
32,y1,-0.576,0.009,0.617,-0.012,-0.239,-0.172,-0.388,-0.64,-0.403,0.149,-0.321,-0.35,-0.19,1.0,0.929,0.897
32,y2,-0.699,0.093,0.537,0.001,-0.252,-0.073,-0.368,-0.578,-0.439,0.233,-0.212,-0.059,0.053,0.929,1.0,0.948
32,y3,-0.668,0.091,0.505,0.068,-0.165,-0.258,-0.382,-0.445,-0.209,0.455,-0.276,-0.199,-0.077,0.897,0.948,1.0
34,.,1.0,-0.332,-0.608,-0.366,-0.177,-0.339,-0.104,-0.083,-0.071,0.022,-0.034,-0.034,-0.236,-0.607,-0.729,-0.609
34,A1_1,-0.332,1.0,0.809,0.778,-0.271,-0.205,-0.011,0.094,0.031,-0.405,0.22,0.18,0.034,-0.067,0.297,0.153
34,A1_2,-0.608,0.809,1.0,0.75,-0.169,-0.297,-0.125,0.175,0.346,-0.09,0.041,-0.082,0.001,0.251,0.478,0.456
34,A1_3,-0.366,0.778,0.75,1.0,-0.214,-0.211,-0.138,0.512,0.226,0.068,-0.335,-0.201,-0.411,0.178,0.207,0.239
34,B1_1,-0.177,-0.271,-0.169,-0.214,1.0,0.711,0.819,-0.002,0.181,-0.111,0.129,-0.415,-0.096,-0.335,-0.127,-0.118
34,B1_2,-0.339,-0.205,-0.297,-0.211,0.711,1.0,0.636,0.093,-0.304,-0.299,0.197,0.087,0.144,-0.082,0.025,-0.223
34,B1_3,-0.104,-0.011,-0.125,-0.138,0.819,0.636,1.0,-0.385,-0.279,-0.587,0.103,-0.413,-0.217,-0.296,0.148,0.059
34,A2_1,-0.083,0.094,0.175,0.512,-0.002,0.093,-0.385,1.0,0.507,0.586,-0.238,0.016,-0.187,-0.049,-0.462,-0.41
34,A2_2,-0.071,0.031,0.346,0.226,0.181,-0.304,-0.279,0.507,1.0,0.69,0.105,-0.164,0.08,-0.254,-0.398,-0.128
34,A2_3,0.022,-0.405,-0.09,0.068,-0.111,-0.299,-0.587,0.586,0.69,1.0,-0.352,-0.137,-0.087,0.181,-0.353,-0.034
34,B2_1,-0.034,0.22,0.041,-0.335,0.129,0.197,0.103,-0.238,0.105,-0.352,1.0,0.708,0.866,-0.545,-0.179,-0.409
34,B2_2,-0.034,0.18,-0.082,-0.201,-0.415,0.087,-0.413,0.016,-0.164,-0.137,0.708,1.0,0.841,-0.147,-0.122,-0.405
34,B2_3,-0.236,0.034,0.001,-0.411,-0.096,0.144,-0.217,-0.187,0.08,-0.087,0.866,0.841,1.0,-0.136,0.01,-0.204
34,y1,-0.607,-0.067,0.251,0.178,-0.335,-0.082,-0.296,-0.049,-0.254,0.181,-0.545,-0.147,-0.136,1.0,0.77,0.782
34,y2,-0.729,0.297,0.478,0.207,-0.127,0.025,0.148,-0.462,-0.398,-0.353,-0.179,-0.122,0.01,0.77,1.0,0.898
34,y3,-0.609,0.153,0.456,0.239,-0.118,-0.223,0.059,-0.41,-0.128,-0.034,-0.409,-0.405,-0.204,0.782,0.898,1.0
36,.,1.0,-0.365,-0.796,-0.24,-0.161,-0.201,-0.203,0.027,-0.011,0.263,-0.186,-0.14,-0.301,-0.659,-0.591,-0.657
36,A1_1,-0.365,1.0,0.527,0.833,-0.374,-0.157,-0.269,0.414,-0.078,-0.321,0.232,0.067,-0.117,-0.054,-0.029,0.274
36,A1_2,-0.796,0.527,1.0,0.477,-0.118,-0.206,-0.11,0.221,0.51,0.025,0.233,-0.072,0.197,0.298,0.338,0.569
36,A1_3,-0.24,0.833,0.477,1.0,-0.436,-0.24,-0.472,0.814,0.215,0.195,0.063,0.156,-0.121,-0.127,-0.219,0.203
36,B1_1,-0.161,-0.374,-0.118,-0.436,1.0,0.865,0.954,-0.121,-0.132,0.009,-0.406,-0.248,-0.109,0.059,-0.025,-0.141
36,B1_2,-0.201,-0.157,-0.206,-0.24,0.865,1.0,0.807,-0.074,-0.439,-0.238,-0.196,0.145,0.054,0.143,-0.077,-0.074
36,B1_3,-0.203,-0.269,-0.11,-0.472,0.954,0.807,1.0,-0.267,-0.286,-0.193,-0.408,-0.365,-0.212,0.112,0.115,-0.092
36,A2_1,0.027,0.414,0.221,0.814,-0.121,-0.074,-0.267,1.0,0.423,0.662,-0.299,-0.012,-0.273,-0.308,-0.451,-0.066
36,A2_2,-0.011,-0.078,0.51,0.215,-0.132,-0.439,-0.286,0.423,1.0,0.736,-0.025,-0.26,0.056,-0.279,-0.218,0.0
36,A2_3,0.263,-0.321,0.025,0.195,0.009,-0.238,-0.193,0.662,0.736,1.0,-0.458,-0.246,-0.223,-0.272,-0.327,-0.182
36,B2_1,-0.186,0.232,0.233,0.063,-0.406,-0.196,-0.408,-0.299,-0.025,-0.458,1.0,0.726,0.865,-0.152,-0.191,-0.147
36,B2_2,-0.14,0.067,-0.072,0.156,-0.248,0.145,-0.365,-0.012,-0.26,-0.246,0.726,1.0,0.817,0.045,-0.239,-0.112
36,B2_3,-0.301,-0.117,0.197,-0.121,-0.109,0.054,-0.212,-0.273,0.056,-0.223,0.865,0.817,1.0,0.02,-0.141,-0.131
36,y1,-0.659,-0.054,0.298,-0.127,0.059,0.143,0.112,-0.308,-0.279,-0.272,-0.152,0.045,0.02,1.0,0.918,0.868
36,y2,-0.591,-0.029,0.338,-0.219,-0.025,-0.077,0.115,-0.451,-0.218,-0.327,-0.191,-0.239,-0.141,0.918,1.0,0.838
36,y3,-0.657,0.274,0.569,0.203,-0.141,-0.074,-0.092,-0.066,0.0,-0.182,-0.147,-0.112,-0.131,0.868,0.838,1.0
38,.,1.0,-0.48,-0.804,-0.552,-0.202,-0.129,0.04,-0.272,-0.219,-0.258,-0.177,-0.234,-0.013,-0.58,-0.428,-0.21
38,A1_1,-0.48,1.0,0.729,0.59,-0.265,-0.006,-0.257,0.177,-0.073,-0.198,0.18,0.029,-0.144,0.268,0.163,-0.133
38,A1_2,-0.804,0.729,1.0,0.479,0.044,-0.209,-0.322,0.098,0.186,0.071,0.325,-0.045,-0.046,0.456,0.396,0.172
38,A1_3,-0.552,0.59,0.479,1.0,-0.319,-0.156,-0.267,0.536,0.157,0.173,-0.522,-0.152,-0.632,0.437,0.205,0.09
38,B1_1,-0.202,-0.265,0.044,-0.319,1.0,0.565,0.828,-0.324,-0.09,0.032,-0.017,-0.317,-0.086,-0.005,0.338,-0.022
38,B1_2,-0.129,-0.006,-0.209,-0.156,0.565,1.0,0.858,-0.054,-0.367,-0.253,0.036,0.305,0.152,-0.047,0.062,-0.248
38,B1_3,0.04,-0.257,-0.322,-0.267,0.828,0.858,1.0,-0.208,-0.293,-0.127,-0.206,-0.143,-0.122,-0.138,0.141,-0.217
38,A2_1,-0.272,0.177,0.098,0.536,-0.324,-0.054,-0.208,1.0,0.756,0.708,-0.24,0.21,-0.183,-0.368,-0.638,-0.587
38,A2_2,-0.219,-0.073,0.186,0.157,-0.09,-0.367,-0.293,0.756,1.0,0.947,0.02,0.004,-0.013,-0.486,-0.611,-0.538
38,A2_3,-0.258,-0.198,0.071,0.173,0.032,-0.253,-0.127,0.708,0.947,1.0,-0.105,0.004,-0.062,-0.38,-0.496,-0.467
38,B2_1,-0.177,0.18,0.325,-0.522,-0.017,0.036,-0.206,-0.24,0.02,-0.105,1.0,0.593,0.894,-0.057,-0.081,-0.056
38,B2_2,-0.234,0.029,-0.045,-0.152,-0.317,0.305,-0.143,0.21,0.004,0.004,0.593,1.0,0.802,0.056,-0.238,-0.056
38,B2_3,-0.013,-0.144,-0.046,-0.632,-0.086,0.152,-0.122,-0.183,-0.013,-0.062,0.894,0.802,1.0,-0.113,-0.207,-0.036
38,y1,-0.58,0.268,0.456,0.437,-0.005,-0.047,-0.138,-0.368,-0.486,-0.38,-0.057,0.056,-0.113,1.0,0.897,0.856
38,y2,-0.428,0.163,0.396,0.205,0.338,0.062,0.141,-0.638,-0.611,-0.496,-0.081,-0.238,-0.207,0.897,1.0,0.829
38,y3,-0.21,-0.133,0.172,0.09,-0.022,-0.248,-0.217,-0.587,-0.538,-0.467,-0.056,-0.056,-0.036,0.856,0.829,1.0
40,.,1.0,-0.144,-0.449,-0.013,-0.389,-0.227,-0.123,0.154,-0.408,-0.392,-0.333,-0.323,-0.267,-0.405,-0.244,-0.618
40,A1_1,-0.144,1.0,0.81,0.664,-0.269,-0.306,-0.457,0.082,0.177,0.039,0.343,0.32,0.083,-0.007,0.219,0.027
40,A1_2,-0.449,0.81,1.0,0.657,-0.158,-0.48,-0.393,0.17,0.401,0.331,0.077,0.088,-0.181,0.345,0.541,0.362
40,A1_3,-0.013,0.664,0.657,1.0,-0.226,-0.044,-0.196,0.32,-0.101,0.159,-0.267,0.068,-0.42,0.218,0.292,0.093
40,B1_1,-0.389,-0.269,-0.158,-0.226,1.0,0.383,0.929,-0.432,0.118,-0.032,-0.006,-0.36,-0.154,0.009,-0.156,-0.023
40,B1_2,-0.227,-0.306,-0.48,-0.044,0.383,1.0,0.507,-0.065,-0.313,-0.103,0.056,0.305,0.237,-0.072,-0.432,0.014
40,B1_3,-0.123,-0.457,-0.393,-0.196,0.929,0.507,1.0,-0.33,-0.105,-0.146,-0.256,-0.484,-0.317,-0.016,-0.224,-0.127
40,A2_1,0.154,0.082,0.17,0.32,-0.432,-0.065,-0.33,1.0,0.48,0.623,-0.419,-0.055,-0.249,-0.27,-0.212,-0.28
40,A2_2,-0.408,0.177,0.401,-0.101,0.118,-0.313,-0.105,0.48,1.0,0.816,0.195,0.022,0.136,-0.361,-0.245,-0.221
40,A2_3,-0.392,0.039,0.331,0.159,-0.032,-0.103,-0.146,0.623,0.816,1.0,0.039,0.2,0.081,-0.286,-0.286,-0.168
40,B2_1,-0.333,0.343,0.077,-0.267,-0.006,0.056,-0.256,-0.419,0.195,0.039,1.0,0.773,0.915,-0.366,-0.344,-0.098
40,B2_2,-0.323,0.32,0.088,0.068,-0.36,0.305,-0.484,-0.055,0.022,0.2,0.773,1.0,0.853,-0.22,-0.307,0.054
40,B2_3,-0.267,0.083,-0.181,-0.42,-0.154,0.237,-0.317,-0.249,0.136,0.081,0.915,0.853,1.0,-0.402,-0.468,-0.096
40,y1,-0.405,-0.007,0.345,0.218,0.009,-0.072,-0.016,-0.27,-0.361,-0.286,-0.366,-0.22,-0.402,1.0,0.918,0.939
40,y2,-0.244,0.219,0.541,0.292,-0.156,-0.432,-0.224,-0.212,-0.245,-0.286,-0.344,-0.307,-0.468,0.918,1.0,0.82
40,y3,-0.618,0.027,0.362,0.093,-0.023,0.014,-0.127,-0.28,-0.221,-0.168,-0.098,0.054,-0.096,0.939,0.82,1.0
42,.,1.0,-0.455,-0.569,-0.402,-0.434,-0.103,-0.235,0.18,0.051,-0.265,-0.113,-0.203,-0.169,-0.678,-0.318,-0.613
42,A1_1,-0.455,1.0,0.764,0.794,-0.051,-0.089,-0.125,0.237,0.187,-0.008,0.267,0.166,0.264,-0.091,0.023,0.025
42,A1_2,-0.569,0.764,1.0,0.859,-0.321,-0.479,-0.532,0.243,0.186,0.304,0.011,0.138,0.241,0.396,0.37,0.263
42,A1_3,-0.402,0.794,0.859,1.0,-0.366,-0.13,-0.352,0.535,0.095,0.127,-0.016,0.241,0.109,0.198,0.34,0.07
42,B1_1,-0.434,-0.051,-0.321,-0.366,1.0,0.416,0.815,-0.141,0.091,0.236,-0.063,-0.153,-0.18,0.007,-0.4,0.033
42,B1_2,-0.103,-0.089,-0.479,-0.13,0.416,1.0,0.822,-0.143,-0.567,-0.553,0.164,0.179,-0.117,-0.022,-0.009,0.072
42,B1_3,-0.235,-0.125,-0.532,-0.352,0.815,0.822,1.0,-0.188,-0.264,-0.279,-0.05,-0.163,-0.353,-0.067,-0.15,0.132
42,A2_1,0.18,0.237,0.243,0.535,-0.141,-0.143,-0.188,1.0,0.506,0.481,-0.401,0.017,-0.307,-0.299,-0.163,-0.521
42,A2_2,0.051,0.187,0.186,0.095,0.091,-0.567,-0.264,0.506,1.0,0.682,-0.007,0.037,-0.051,-0.435,-0.343,-0.26
42,A2_3,-0.265,-0.008,0.304,0.127,0.236,-0.553,-0.279,0.481,0.682,1.0,-0.242,0.095,0.048,0.151,-0.299,-0.226
42,B2_1,-0.113,0.267,0.011,-0.016,-0.063,0.164,-0.05,-0.401,-0.007,-0.242,1.0,0.791,0.851,-0.205,-0.288,-0.014
42,B2_2,-0.203,0.166,0.138,0.241,-0.153,0.179,-0.163,0.017,0.037,0.095,0.791,1.0,0.794,0.041,-0.191,-0.1
42,B2_3,-0.169,0.264,0.241,0.109,-0.18,-0.117,-0.353,-0.307,-0.051,0.048,0.851,0.794,1.0,0.028,-0.345,-0.162
42,y1,-0.678,-0.091,0.396,0.198,0.007,-0.022,-0.067,-0.299,-0.435,0.151,-0.205,0.041,0.028,1.0,0.645,0.688
42,y2,-0.318,0.023,0.37,0.34,-0.4,-0.009,-0.15,-0.163,-0.343,-0.299,-0.288,-0.191,-0.345,0.645,1.0,0.821
42,y3,-0.613,0.025,0.263,0.07,0.033,0.072,0.132,-0.521,-0.26,-0.226,-0.014,-0.1,-0.162,0.688,0.821,1.0
44,.,1.0,-0.238,-0.283,-0.549,-0.387,-0.275,-0.357,-0.265,-0.235,-0.12,-0.194,-0.229,-0.302,-0.227,-0.107,-0.333
44,A1_1,-0.238,1.0,0.544,0.774,-0.289,-0.281,-0.217,0.486,0.12,0.057,-0.096,-0.068,-0.308,-0.095,-0.011,0.126
44,A1_2,-0.283,0.544,1.0,0.604,-0.243,-0.426,-0.528,0.194,-0.101,0.021,0.062,-0.203,0.07,0.527,0.665,0.646
44,A1_3,-0.549,0.774,0.604,1.0,-0.148,0.096,-0.171,0.645,0.014,0.103,-0.06,0.163,-0.041,0.032,0.151,0.289
44,B1_1,-0.387,-0.289,-0.243,-0.148,1.0,0.647,0.866,-0.31,0.211,-0.181,-0.453,-0.476,-0.234,0.014,0.014,0.008
44,B1_2,-0.275,-0.281,-0.426,0.096,0.647,1.0,0.756,-0.119,-0.268,-0.343,-0.303,0.025,-0.034,-0.046,-0.189,-0.024
44,B1_3,-0.357,-0.217,-0.528,-0.171,0.866,0.756,1.0,-0.295,0.054,-0.258,-0.327,-0.234,-0.208,-0.082,-0.282,-0.104
44,A2_1,-0.265,0.486,0.194,0.645,-0.31,-0.119,-0.295,1.0,0.263,0.774,-0.275,0.146,-0.327,-0.257,0.116,0.011
44,A2_2,-0.235,0.12,-0.101,0.014,0.211,-0.268,0.054,0.263,1.0,0.383,-0.005,0.007,-0.08,-0.665,-0.387,-0.608
44,A2_3,-0.12,0.057,0.021,0.103,-0.181,-0.343,-0.258,0.774,0.383,1.0,-0.301,-0.077,-0.362,-0.12,0.29,0.035
44,B2_1,-0.194,-0.096,0.062,-0.06,-0.453,-0.303,-0.327,-0.275,-0.005,-0.301,1.0,0.798,0.919,0.089,-0.311,-0.077
44,B2_2,-0.229,-0.068,-0.203,0.163,-0.476,0.025,-0.234,0.146,0.007,-0.077,0.798,1.0,0.771,-0.222,-0.505,-0.282
44,B2_3,-0.302,-0.308,0.07,-0.041,-0.234,-0.034,-0.208,-0.327,-0.08,-0.362,0.919,0.771,1.0,0.19,-0.181,0.019
44,y1,-0.227,-0.095,0.527,0.032,0.014,-0.046,-0.082,-0.257,-0.665,-0.12,0.089,-0.222,0.19,1.0,0.801,0.951
44,y2,-0.107,-0.011,0.665,0.151,0.014,-0.189,-0.282,0.116,-0.387,0.29,-0.311,-0.505,-0.181,0.801,1.0,0.868
44,y3,-0.333,0.126,0.646,0.289,0.008,-0.024,-0.104,0.011,-0.608,0.035,-0.077,-0.282,0.019,0.951,0.868,1.0
46,.,1.0,-0.294,-0.315,-0.451,0.008,-0.345,-0.069,-0.181,-0.179,-0.123,-0.549,-0.451,-0.508,-0.41,-0.122,-0.323
46,A1_1,-0.294,1.0,0.514,0.722,-0.133,-0.068,-0.066,0.231,0.377,-0.285,0.068,0.187,-0.078,-0.08,-0.198,-0.141
46,A1_2,-0.315,0.514,1.0,0.756,-0.384,-0.325,-0.542,-0.0,0.212,-0.149,0.235,0.104,0.18,0.598,0.457,0.576
46,A1_3,-0.451,0.722,0.756,1.0,-0.548,-0.018,-0.458,0.368,0.094,-0.199,0.033,0.361,0.048,0.281,0.195,0.348
46,B1_1,0.008,-0.133,-0.384,-0.548,1.0,0.521,0.924,-0.404,-0.084,-0.166,-0.075,-0.282,-0.006,-0.043,0.078,-0.168
46,B1_2,-0.345,-0.068,-0.325,-0.018,0.521,1.0,0.636,0.11,-0.246,-0.186,-0.062,0.407,0.262,-0.191,-0.042,-0.107
46,B1_3,-0.069,-0.066,-0.542,-0.458,0.924,0.636,1.0,-0.179,-0.14,-0.094,-0.251,-0.271,-0.177,-0.127,0.004,-0.261
46,A2_1,-0.181,0.231,-0.0,0.368,-0.404,0.11,-0.179,1.0,0.555,0.67,-0.286,0.09,-0.307,-0.104,-0.323,-0.412
46,A2_2,-0.179,0.377,0.212,0.094,-0.084,-0.246,-0.14,0.555,1.0,0.618,0.266,0.005,0.025,-0.078,-0.482,-0.521
46,A2_3,-0.123,-0.285,-0.149,-0.199,-0.166,-0.186,-0.094,0.67,0.618,1.0,-0.086,-0.303,-0.245,0.21,-0.124,-0.261
46,B2_1,-0.549,0.068,0.235,0.033,-0.075,-0.062,-0.251,-0.286,0.266,-0.086,1.0,0.629,0.901,0.003,-0.267,0.101
46,B2_2,-0.451,0.187,0.104,0.361,-0.282,0.407,-0.271,0.09,0.005,-0.303,0.629,1.0,0.799,-0.375,-0.43,-0.068
46,B2_3,-0.508,-0.078,0.18,0.048,-0.006,0.262,-0.177,-0.307,0.025,-0.245,0.901,0.799,1.0,-0.055,-0.18,0.175
46,y1,-0.41,-0.08,0.598,0.281,-0.043,-0.191,-0.127,-0.104,-0.078,0.21,0.003,-0.375,-0.055,1.0,0.875,0.826
46,y2,-0.122,-0.198,0.457,0.195,0.078,-0.042,0.004,-0.323,-0.482,-0.124,-0.267,-0.43,-0.18,0.875,1.0,0.891
46,y3,-0.323,-0.141,0.576,0.348,-0.168,-0.107,-0.261,-0.412,-0.521,-0.261,0.101,-0.068,0.175,0.826,0.891,1.0
48,.,1.0,-0.368,-0.386,-0.468,-0.095,-0.035,-0.496,-0.287,-0.187,-0.017,-0.198,0.029,-0.055,-0.577,-0.723,-0.764
