,,.,A1_1,A1_2,A1_3,B1_1,B1_2,B1_3,A2_1,A2_2,A2_3,B2_1,B2_2,B2_3,y1,y2,y3
1,.,1.0,0.778,0.799,0.7,0.523,0.701,0.733,0.795,0.804,0.787,0.577,0.701,0.61,0.593,0.714,0.684
1,A1_1,0.778,1.0,0.678,0.602,0.532,0.691,0.589,0.645,0.742,0.656,0.635,0.646,0.635,0.667,0.751,0.576
1,A1_2,0.799,0.678,1.0,0.613,0.713,0.634,0.709,0.671,0.592,0.609,0.485,0.682,0.511,0.612,0.73,0.635
1,A1_3,0.7,0.602,0.613,1.0,0.707,0.673,0.682,0.541,0.669,0.557,0.521,0.558,0.611,0.793,0.706,0.545
1,B1_1,0.523,0.532,0.713,0.707,1.0,0.547,0.64,0.486,0.459,0.298,0.449,0.555,0.499,0.76,0.672,0.614
1,B1_2,0.701,0.691,0.634,0.673,0.547,1.0,0.63,0.592,0.554,0.539,0.479,0.656,0.654,0.648,0.654,0.562
1,B1_3,0.733,0.589,0.709,0.682,0.64,0.63,1.0,0.573,0.651,0.597,0.611,0.648,0.528,0.723,0.612,0.71
1,A2_1,0.795,0.645,0.671,0.541,0.486,0.592,0.573,1.0,0.661,0.714,0.555,0.812,0.712,0.514,0.663,0.673
1,A2_2,0.804,0.742,0.592,0.669,0.459,0.554,0.651,0.661,1.0,0.631,0.576,0.573,0.7,0.583,0.703,0.505
1,A2_3,0.787,0.656,0.609,0.557,0.298,0.539,0.597,0.714,0.631,1.0,0.603,0.721,0.544,0.513,0.625,0.662
1,B2_1,0.577,0.635,0.485,0.521,0.449,0.479,0.611,0.555,0.576,0.603,1.0,0.632,0.575,0.724,0.574,0.573
1,B2_2,0.701,0.646,0.682,0.558,0.555,0.656,0.648,0.812,0.573,0.721,0.632,1.0,0.711,0.584,0.766,0.747
1,B2_3,0.61,0.635,0.511,0.611,0.499,0.654,0.528,0.712,0.7,0.544,0.575,0.711,1.0,0.572,0.745,0.506
1,y1,0.593,0.667,0.612,0.793,0.76,0.648,0.723,0.514,0.583,0.513,0.724,0.584,0.572,1.0,0.71,0.608
1,y2,0.714,0.751,0.73,0.706,0.672,0.654,0.612,0.663,0.703,0.625,0.574,0.766,0.745,0.71,1.0,0.675
1,y3,0.684,0.576,0.635,0.545,0.614,0.562,0.71,0.673,0.505,0.662,0.573,0.747,0.506,0.608,0.675,1.0
2,.,1.0,0.781,0.803,0.707,0.535,0.705,0.732,0.796,0.807,0.786,0.582,0.701,0.617,0.602,0.716,0.68
2,A1_1,0.781,1.0,0.683,0.607,0.537,0.691,0.594,0.646,0.745,0.659,0.634,0.645,0.635,0.666,0.748,0.574
2,A1_2,0.803,0.683,1.0,0.622,0.72,0.64,0.717,0.672,0.599,0.615,0.496,0.685,0.519,0.621,0.73,0.639
2,A1_3,0.707,0.607,0.622,1.0,0.713,0.678,0.691,0.545,0.675,0.563,0.532,0.564,0.618,0.797,0.705,0.551
2,B1_1,0.535,0.537,0.72,0.713,1.0,0.559,0.658,0.491,0.467,0.312,0.47,0.567,0.513,0.769,0.672,0.626
2,B1_2,0.705,0.691,0.64,0.678,0.559,1.0,0.643,0.592,0.556,0.542,0.492,0.661,0.66,0.656,0.656,0.57
2,B1_3,0.732,0.594,0.717,0.691,0.658,0.643,1.0,0.576,0.652,0.601,0.628,0.659,0.546,0.738,0.619,0.719
2,A2_1,0.796,0.646,0.672,0.545,0.491,0.592,0.576,1.0,0.663,0.715,0.556,0.81,0.711,0.518,0.663,0.671
2,A2_2,0.807,0.745,0.599,0.675,0.467,0.556,0.652,0.663,1.0,0.635,0.578,0.576,0.701,0.588,0.703,0.505
2,A2_3,0.786,0.659,0.615,0.563,0.312,0.542,0.601,0.715,0.635,1.0,0.606,0.722,0.547,0.522,0.626,0.661
2,B2_1,0.582,0.634,0.496,0.532,0.47,0.492,0.628,0.556,0.578,0.606,1.0,0.641,0.586,0.733,0.575,0.585
2,B2_2,0.701,0.645,0.685,0.564,0.567,0.661,0.659,0.81,0.576,0.722,0.641,1.0,0.715,0.595,0.768,0.752
2,B2_3,0.617,0.635,0.519,0.618,0.513,0.66,0.546,0.711,0.701,0.547,0.586,0.715,1.0,0.582,0.744,0.514
2,y1,0.602,0.666,0.621,0.797,0.769,0.656,0.738,0.518,0.588,0.522,0.733,0.595,0.582,1.0,0.709,0.619
2,y2,0.716,0.748,0.73,0.705,0.672,0.656,0.619,0.663,0.703,0.626,0.575,0.768,0.744,0.709,1.0,0.677
2,y3,0.68,0.574,0.639,0.551,0.626,0.57,0.719,0.671,0.505,0.661,0.585,0.752,0.514,0.619,0.677,1.0
3,.,1.0,0.787,0.81,0.717,0.552,0.712,0.734,0.801,0.812,0.788,0.592,0.705,0.629,0.613,0.72,0.682
3,A1_1,0.787,1.0,0.694,0.619,0.549,0.695,0.606,0.655,0.754,0.668,0.639,0.651,0.641,0.671,0.75,0.581
3,A1_2,0.81,0.694,1.0,0.637,0.73,0.652,0.73,0.681,0.613,0.627,0.517,0.696,0.537,0.637,0.735,0.649
3,A1_3,0.717,0.619,0.637,1.0,0.724,0.689,0.705,0.556,0.685,0.576,0.55,0.579,0.633,0.804,0.71,0.564
3,B1_1,0.552,0.549,0.73,0.724,1.0,0.58,0.682,0.505,0.483,0.335,0.501,0.589,0.539,0.781,0.679,0.645
3,B1_2,0.712,0.695,0.652,0.689,0.58,1.0,0.663,0.6,0.566,0.553,0.517,0.674,0.675,0.672,0.664,0.586
3,B1_3,0.734,0.606,0.73,0.705,0.682,0.663,1.0,0.588,0.658,0.611,0.652,0.679,0.574,0.757,0.633,0.732
3,A2_1,0.801,0.655,0.681,0.556,0.505,0.6,0.588,1.0,0.672,0.721,0.566,0.811,0.716,0.531,0.668,0.675
3,A2_2,0.812,0.754,0.613,0.685,0.483,0.566,0.658,0.672,1.0,0.644,0.586,0.586,0.706,0.597,0.706,0.513
3,A2_3,0.788,0.668,0.627,0.576,0.335,0.553,0.611,0.721,0.644,1.0,0.615,0.727,0.557,0.537,0.633,0.666
3,B2_1,0.592,0.639,0.517,0.55,0.501,0.517,0.652,0.566,0.586,0.615,1.0,0.658,0.607,0.748,0.585,0.603
3,B2_2,0.705,0.651,0.696,0.579,0.589,0.674,0.679,0.811,0.586,0.727,0.658,1.0,0.728,0.615,0.774,0.762
3,B2_3,0.629,0.641,0.537,0.633,0.539,0.675,0.574,0.716,0.706,0.557,0.607,0.728,1.0,0.602,0.748,0.533
3,y1,0.613,0.671,0.637,0.804,0.781,0.672,0.757,0.531,0.597,0.537,0.748,0.615,0.602,1.0,0.715,0.637
3,y2,0.72,0.75,0.735,0.71,0.679,0.664,0.633,0.668,0.706,0.633,0.585,0.774,0.748,0.715,1.0,0.685
3,y3,0.682,0.581,0.649,0.564,0.645,0.586,0.732,0.675,0.513,0.666,0.603,0.762,0.533,0.637,0.685,1.0
4,.,1.0,0.793,0.815,0.725,0.564,0.718,0.734,0.806,0.818,0.791,0.601,0.707,0.641,0.62,0.723,0.68
4,A1_1,0.793,1.0,0.705,0.632,0.561,0.701,0.617,0.665,0.762,0.678,0.645,0.659,0.648,0.677,0.752,0.587
4,A1_2,0.815,0.705,1.0,0.652,0.74,0.666,0.742,0.691,0.627,0.64,0.538,0.707,0.558,0.652,0.741,0.658
4,A1_3,0.725,0.632,0.652,1.0,0.734,0.701,0.718,0.57,0.695,0.589,0.57,0.597,0.649,0.81,0.716,0.576
4,B1_1,0.564,0.561,0.74,0.734,1.0,0.602,0.706,0.519,0.496,0.358,0.533,0.612,0.567,0.794,0.687,0.663
4,B1_2,0.718,0.701,0.666,0.701,0.602,1.0,0.684,0.609,0.577,0.565,0.543,0.69,0.692,0.688,0.674,0.602
4,B1_3,0.734,0.617,0.742,0.718,0.706,0.684,1.0,0.599,0.664,0.621,0.676,0.699,0.603,0.775,0.648,0.744
4,A2_1,0.806,0.665,0.691,0.57,0.519,0.609,0.599,1.0,0.682,0.729,0.577,0.813,0.721,0.544,0.674,0.679
4,A2_2,0.818,0.762,0.627,0.695,0.496,0.577,0.664,0.682,1.0,0.655,0.594,0.596,0.71,0.606,0.709,0.52
4,A2_3,0.791,0.678,0.64,0.589,0.358,0.565,0.621,0.729,0.655,1.0,0.624,0.732,0.569,0.552,0.641,0.669
4,B2_1,0.601,0.645,0.538,0.57,0.533,0.543,0.676,0.577,0.594,0.624,1.0,0.677,0.63,0.762,0.598,0.621
4,B2_2,0.707,0.659,0.707,0.597,0.612,0.69,0.699,0.813,0.596,0.732,0.677,1.0,0.743,0.636,0.782,0.772
4,B2_3,0.641,0.648,0.558,0.649,0.567,0.692,0.603,0.721,0.71,0.569,0.63,0.743,1.0,0.624,0.753,0.554
4,y1,0.62,0.677,0.652,0.81,0.794,0.688,0.775,0.544,0.606,0.552,0.762,0.636,0.624,1.0,0.723,0.654
4,y2,0.723,0.752,0.741,0.716,0.687,0.674,0.648,0.674,0.709,0.641,0.598,0.782,0.753,0.723,1.0,0.695
4,y3,0.68,0.587,0.658,0.576,0.663,0.602,0.744,0.679,0.52,0.669,0.621,0.772,0.554,0.654,0.695,1.0
5,.,1.0,0.797,0.819,0.731,0.569,0.719,0.732,0.81,0.823,0.793,0.603,0.707,0.647,0.62,0.722,0.676
5,A1_1,0.797,1.0,0.715,0.643,0.568,0.704,0.626,0.675,0.771,0.688,0.649,0.664,0.653,0.679,0.753,0.591
5,A1_2,0.819,0.715,1.0,0.666,0.746,0.677,0.752,0.7,0.641,0.652,0.556,0.718,0.576,0.663,0.746,0.664
5,A1_3,0.731,0.643,0.666,1.0,0.741,0.711,0.729,0.583,0.704,0.601,0.586,0.612,0.663,0.814,0.722,0.586
5,B1_1,0.569,0.568,0.746,0.741,1.0,0.623,0.725,0.529,0.505,0.375,0.561,0.634,0.594,0.805,0.694,0.676
5,B1_2,0.719,0.704,0.677,0.711,0.623,1.0,0.704,0.617,0.584,0.573,0.568,0.705,0.709,0.703,0.683,0.617
5,B1_3,0.732,0.626,0.752,0.729,0.725,0.704,1.0,0.61,0.667,0.627,0.697,0.718,0.63,0.79,0.661,0.754
5,A2_1,0.81,0.675,0.7,0.583,0.529,0.617,0.61,1.0,0.692,0.736,0.586,0.813,0.725,0.554,0.679,0.682
5,A2_2,0.823,0.771,0.641,0.704,0.505,0.584,0.667,0.692,1.0,0.666,0.599,0.605,0.712,0.61,0.71,0.524
5,A2_3,0.793,0.688,0.652,0.601,0.375,0.573,0.627,0.736,0.666,1.0,0.63,0.734,0.578,0.561,0.648,0.671
5,B2_1,0.603,0.649,0.556,0.586,0.561,0.568,0.697,0.586,0.599,0.63,1.0,0.695,0.652,0.775,0.609,0.636
5,B2_2,0.707,0.664,0.718,0.612,0.634,0.705,0.718,0.813,0.605,0.734,0.695,1.0,0.757,0.656,0.789,0.781
5,B2_3,0.647,0.653,0.576,0.663,0.594,0.709,0.63,0.725,0.712,0.578,0.652,0.757,1.0,0.645,0.758,0.572
5,y1,0.62,0.679,0.663,0.814,0.805,0.703,0.79,0.554,0.61,0.561,0.775,0.656,0.645,1.0,0.729,0.667
5,y2,0.722,0.753,0.746,0.722,0.694,0.683,0.661,0.679,0.71,0.648,0.609,0.789,0.758,0.729,1.0,0.703
5,y3,0.676,0.591,0.664,0.586,0.676,0.617,0.754,0.682,0.524,0.671,0.636,0.781,0.572,0.667,0.703,1.0
6,.,1.0,0.798,0.819,0.731,0.565,0.715,0.724,0.812,0.825,0.792,0.599,0.7,0.645,0.612,0.716,0.664
6,A1_1,0.798,1.0,0.722,0.65,0.569,0.704,0.629,0.681,0.777,0.695,0.648,0.665,0.653,0.676,0.752,0.59
6,A1_2,0.819,0.722,1.0,0.675,0.747,0.684,0.757,0.707,0.651,0.659,0.568,0.724,0.588,0.668,0.748,0.665
6,A1_3,0.731,0.65,0.675,1.0,0.745,0.718,0.735,0.591,0.709,0.608,0.597,0.623,0.673,0.815,0.724,0.59
6,B1_1,0.565,0.569,0.747,0.745,1.0,0.64,0.741,0.534,0.507,0.382,0.585,0.652,0.617,0.813,0.698,0.686
6,B1_2,0.715,0.704,0.684,0.718,0.64,1.0,0.719,0.62,0.586,0.576,0.588,0.718,0.723,0.714,0.688,0.625
6,B1_3,0.724,0.629,0.757,0.735,0.741,0.719,1.0,0.614,0.665,0.628,0.713,0.733,0.651,0.8,0.67,0.759
6,A2_1,0.812,0.681,0.707,0.591,0.534,0.62,0.614,1.0,0.7,0.74,0.589,0.811,0.724,0.558,0.681,0.68
6,A2_2,0.825,0.777,0.651,0.709,0.507,0.586,0.665,0.7,1.0,0.673,0.598,0.607,0.708,0.608,0.708,0.521
6,A2_3,0.792,0.695,0.659,0.608,0.382,0.576,0.628,0.74,0.673,1.0,0.629,0.732,0.579,0.564,0.65,0.667
6,B2_1,0.599,0.648,0.568,0.597,0.585,0.588,0.713,0.589,0.598,0.629,1.0,0.71,0.67,0.784,0.617,0.645
6,B2_2,0.7,0.665,0.724,0.623,0.652,0.718,0.733,0.811,0.607,0.732,0.71,1.0,0.77,0.671,0.793,0.785
6,B2_3,0.645,0.653,0.588,0.673,0.617,0.723,0.651,0.724,0.708,0.579,0.67,0.77,1.0,0.661,0.76,0.584
6,y1,0.612,0.676,0.668,0.815,0.813,0.714,0.8,0.558,0.608,0.564,0.784,0.671,0.661,1.0,0.734,0.676
6,y2,0.716,0.752,0.748,0.724,0.698,0.688,0.67,0.681,0.708,0.65,0.617,0.793,0.76,0.734,1.0,0.708
6,y3,0.664,0.59,0.665,0.59,0.686,0.625,0.759,0.68,0.521,0.667,0.645,0.785,0.584,0.676,0.708,1.0
7,.,1.0,0.795,0.817,0.727,0.552,0.704,0.71,0.812,0.825,0.79,0.586,0.687,0.634,0.595,0.705,0.648
7,A1_1,0.795,1.0,0.726,0.652,0.563,0.699,0.627,0.686,0.781,0.7,0.642,0.662,0.646,0.669,0.748,0.583
7,A1_2,0.817,0.726,1.0,0.681,0.744,0.687,0.759,0.712,0.657,0.664,0.573,0.726,0.594,0.669,0.747,0.662
7,A1_3,0.727,0.652,0.681,1.0,0.745,0.721,0.738,0.595,0.71,0.611,0.602,0.63,0.677,0.813,0.724,0.588
7,B1_1,0.552,0.563,0.744,0.745,1.0,0.653,0.753,0.531,0.501,0.381,0.603,0.666,0.635,0.818,0.699,0.689
7,B1_2,0.704,0.699,0.687,0.721,0.653,1.0,0.731,0.619,0.583,0.573,0.604,0.728,0.734,0.721,0.691,0.629
7,B1_3,0.71,0.627,0.759,0.738,0.753,0.731,1.0,0.615,0.659,0.623,0.726,0.745,0.668,0.807,0.674,0.76
7,A2_1,0.812,0.686,0.712,0.595,0.531,0.619,0.615,1.0,0.705,0.742,0.587,0.805,0.718,0.555,0.679,0.674
7,A2_2,0.825,0.781,0.657,0.71,0.501,0.583,0.659,0.705,1.0,0.678,0.592,0.605,0.699,0.6,0.702,0.512
7,A2_3,0.79,0.7,0.664,0.611,0.381,0.573,0.623,0.742,0.678,1.0,0.622,0.725,0.574,0.559,0.648,0.66
7,B2_1,0.586,0.642,0.573,0.602,0.603,0.604,0.726,0.587,0.592,0.622,1.0,0.722,0.685,0.791,0.621,0.648
7,B2_2,0.687,0.662,0.726,0.63,0.666,0.728,0.745,0.805,0.605,0.725,0.722,1.0,0.779,0.682,0.795,0.787
7,B2_3,0.634,0.646,0.594,0.677,0.635,0.734,0.668,0.718,0.699,0.574,0.685,0.779,1.0,0.672,0.759,0.589
7,y1,0.595,0.669,0.669,0.813,0.818,0.721,0.807,0.555,0.6,0.559,0.791,0.682,0.672,1.0,0.736,0.679
7,y2,0.705,0.748,0.747,0.724,0.699,0.691,0.674,0.679,0.702,0.648,0.621,0.795,0.759,0.736,1.0,0.71
7,y3,0.648,0.583,0.662,0.588,0.689,0.629,0.76,0.674,0.512,0.66,0.648,0.787,0.589,0.679,0.71,1.0
8,.,1.0,0.789,0.811,0.718,0.527,0.685,0.689,0.809,0.823,0.785,0.564,0.666,0.614,0.568,0.688,0.625
8,A1_1,0.789,1.0,0.728,0.651,0.55,0.688,0.619,0.687,0.784,0.702,0.63,0.652,0.634,0.656,0.742,0.57
8,A1_2,0.811,0.728,1.0,0.684,0.736,0.685,0.757,0.713,0.661,0.665,0.572,0.725,0.594,0.663,0.744,0.653
8,A1_3,0.718,0.651,0.684,1.0,0.74,0.72,0.737,0.595,0.708,0.61,0.602,0.632,0.677,0.808,0.721,0.58
8,B1_1,0.527,0.55,0.736,0.74,1.0,0.662,0.762,0.522,0.487,0.37,0.617,0.677,0.649,0.821,0.696,0.688
8,B1_2,0.685,0.688,0.685,0.72,0.662,1.0,0.739,0.612,0.573,0.563,0.616,0.736,0.742,0.725,0.689,0.627
8,B1_3,0.689,0.619,0.757,0.737,0.762,0.739,1.0,0.609,0.647,0.612,0.735,0.754,0.681,0.811,0.674,0.757
8,A2_1,0.809,0.687,0.713,0.595,0.522,0.612,0.609,1.0,0.708,0.742,0.579,0.795,0.708,0.546,0.674,0.663
8,A2_2,0.823,0.784,0.661,0.708,0.487,0.573,0.647,0.708,1.0,0.681,0.579,0.595,0.683,0.585,0.693,0.497
8,A2_3,0.785,0.702,0.665,0.61,0.37,0.563,0.612,0.742,0.681,1.0,0.608,0.712,0.561,0.548,0.642,0.647
8,B2_1,0.564,0.63,0.572,0.602,0.617,0.616,0.735,0.579,0.579,0.608,1.0,0.731,0.696,0.794,0.621,0.646
8,B2_2,0.666,0.652,0.725,0.632,0.677,0.736,0.754,0.795,0.595,0.712,0.731,1.0,0.787,0.689,0.794,0.784
8,B2_3,0.614,0.634,0.594,0.677,0.649,0.742,0.681,0.708,0.683,0.561,0.696,0.787,1.0,0.678,0.754,0.588
8,y1,0.568,0.656,0.663,0.808,0.821,0.725,0.811,0.546,0.585,0.548,0.794,0.689,0.678,1.0,0.736,0.678
8,y2,0.688,0.742,0.744,0.721,0.696,0.689,0.674,0.674,0.693,0.642,0.621,0.794,0.754,0.736,1.0,0.709
8,y3,0.625,0.57,0.653,0.58,0.688,0.627,0.757,0.663,0.497,0.647,0.646,0.784,0.588,0.678,0.709,1.0
9,.,1.0,0.78,0.802,0.704,0.493,0.658,0.66,0.804,0.819,0.779,0.532,0.637,0.583,0.532,0.665,0.595
9,A1_1,0.78,1.0,0.726,0.646,0.528,0.672,0.604,0.686,0.785,0.703,0.613,0.637,0.614,0.638,0.732,0.552
9,A1_2,0.802,0.726,1.0,0.683,0.723,0.679,0.751,0.713,0.661,0.663,0.565,0.718,0.587,0.653,0.737,0.639
9,A1_3,0.704,0.646,0.683,1.0,0.73,0.715,0.732,0.591,0.704,0.605,0.597,0.628,0.671,0.799,0.715,0.567
9,B1_1,0.493,0.528,0.723,0.73,1.0,0.669,0.768,0.505,0.465,0.349,0.628,0.684,0.66,0.822,0.689,0.681
9,B1_2,0.658,0.672,0.679,0.715,0.669,1.0,0.745,0.6,0.557,0.546,0.624,0.742,0.748,0.725,0.683,0.619
9,B1_3,0.66,0.604,0.751,0.732,0.768,0.745,1.0,0.597,0.63,0.594,0.742,0.76,0.691,0.811,0.67,0.75
9,A2_1,0.804,0.686,0.713,0.591,0.505,0.6,0.597,1.0,0.709,0.741,0.565,0.781,0.691,0.53,0.665,0.647
9,A2_2,0.819,0.785,0.661,0.704,0.465,0.557,0.63,0.709,1.0,0.682,0.56,0.58,0.661,0.564,0.68,0.476
9,A2_3,0.779,0.703,0.663,0.605,0.349,0.546,0.594,0.741,0.682,1.0,0.587,0.692,0.539,0.529,0.632,0.629
9,B2_1,0.532,0.613,0.565,0.597,0.628,0.624,0.742,0.565,0.56,0.587,1.0,0.738,0.704,0.795,0.616,0.638
9,B2_2,0.637,0.637,0.718,0.628,0.684,0.742,0.76,0.781,0.58,0.692,0.738,1.0,0.792,0.693,0.79,0.778
9,B2_3,0.583,0.614,0.587,0.671,0.66,0.748,0.691,0.691,0.661,0.539,0.704,0.792,1.0,0.68,0.744,0.58
9,y1,0.532,0.638,0.653,0.799,0.822,0.725,0.811,0.53,0.564,0.529,0.795,0.693,0.68,1.0,0.733,0.672
9,y2,0.665,0.732,0.737,0.715,0.689,0.683,0.67,0.665,0.68,0.632,0.616,0.79,0.744,0.733,1.0,0.704
9,y3,0.595,0.552,0.639,0.567,0.681,0.619,0.75,0.647,0.476,0.629,0.638,0.778,0.58,0.672,0.704,1.0
10,.,1.0,0.77,0.79,0.687,0.447,0.622,0.624,0.798,0.814,0.773,0.493,0.599,0.544,0.487,0.637,0.56
10,A1_1,0.77,1.0,0.724,0.64,0.5,0.65,0.584,0.685,0.786,0.704,0.59,0.617,0.588,0.616,0.721,0.53
10,A1_2,0.79,0.724,1.0,0.679,0.703,0.667,0.74,0.711,0.661,0.659,0.554,0.708,0.575,0.638,0.728,0.62
10,A1_3,0.687,0.64,0.679,1.0,0.716,0.706,0.723,0.585,0.698,0.598,0.588,0.622,0.661,0.788,0.707,0.55
10,B1_1,0.447,0.5,0.703,0.716,1.0,0.673,0.772,0.48,0.436,0.319,0.637,0.69,0.669,0.821,0.678,0.669
10,B1_2,0.622,0.65,0.667,0.706,0.673,1.0,0.75,0.582,0.535,0.522,0.631,0.746,0.753,0.723,0.673,0.607
10,B1_3,0.624,0.584,0.74,0.723,0.772,0.75,1.0,0.581,0.607,0.569,0.748,0.765,0.698,0.81,0.662,0.738
10,A2_1,0.798,0.685,0.711,0.585,0.48,0.582,0.581,1.0,0.71,0.739,0.546,0.763,0.669,0.509,0.653,0.627
10,A2_2,0.814,0.786,0.661,0.698,0.436,0.535,0.607,0.71,1.0,0.684,0.537,0.56,0.634,0.539,0.665,0.45
10,A2_3,0.773,0.704,0.659,0.598,0.319,0.522,0.569,0.739,0.684,1.0,0.56,0.667,0.51,0.504,0.62,0.608
10,B2_1,0.493,0.59,0.554,0.588,0.637,0.631,0.748,0.546,0.537,0.56,1.0,0.744,0.712,0.794,0.608,0.626
10,B2_2,0.599,0.617,0.708,0.622,0.69,0.746,0.765,0.763,0.56,0.667,0.744,1.0,0.797,0.694,0.783,0.767
10,B2_3,0.544,0.588,0.575,0.661,0.669,0.753,0.698,0.669,0.634,0.51,0.712,0.797,1.0,0.68,0.732,0.566
10,y1,0.487,0.616,0.638,0.788,0.821,0.723,0.81,0.509,0.539,0.504,0.794,0.694,0.68,1.0,0.728,0.664
10,y2,0.637,0.721,0.728,0.707,0.678,0.673,0.662,0.653,0.665,0.62,0.608,0.783,0.732,0.728,1.0,0.698
10,y3,0.56,0.53,0.62,0.55,0.669,0.607,0.738,0.627,0.45,0.608,0.626,0.767,0.566,0.664,0.698,1.0
11,.,1.0,0.758,0.776,0.667,0.392,0.578,0.579,0.79,0.808,0.766,0.444,0.552,0.494,0.434,0.604,0.519
11,A1_1,0.758,1.0,0.72,0.631,0.464,0.623,0.558,0.683,0.787,0.705,0.561,0.591,0.556,0.59,0.707,0.505
11,A1_2,0.776,0.72,1.0,0.674,0.678,0.651,0.724,0.708,0.66,0.654,0.537,0.693,0.556,0.618,0.717,0.596
11,A1_3,0.667,0.631,0.674,1.0,0.697,0.693,0.709,0.577,0.691,0.589,0.574,0.61,0.645,0.773,0.697,0.528
11,B1_1,0.392,0.464,0.678,0.697,1.0,0.676,0.775,0.449,0.399,0.28,0.644,0.695,0.676,0.818,0.663,0.653
11,B1_2,0.578,0.623,0.651,0.693,0.676,1.0,0.753,0.559,0.508,0.491,0.637,0.75,0.756,0.718,0.66,0.589
11,B1_3,0.579,0.558,0.724,0.709,0.775,0.753,1.0,0.559,0.579,0.537,0.752,0.769,0.704,0.806,0.65,0.722
11,A2_1,0.79,0.683,0.708,0.577,0.449,0.559,0.559,1.0,0.712,0.737,0.521,0.739,0.64,0.482,0.638,0.603
11,A2_2,0.808,0.787,0.66,0.691,0.399,0.508,0.579,0.712,1.0,0.685,0.507,0.533,0.6,0.509,0.647,0.421
11,A2_3,0.766,0.705,0.654,0.589,0.28,0.491,0.537,0.737,0.685,1.0,0.524,0.634,0.473,0.474,0.604,0.583
11,B2_1,0.444,0.561,0.537,0.574,0.644,0.637,0.752,0.521,0.507,0.524,1.0,0.749,0.718,0.791,0.596,0.609
11,B2_2,0.552,0.591,0.693,0.61,0.695,0.75,0.769,0.739,0.533,0.634,0.749,1.0,0.8,0.692,0.772,0.752
11,B2_3,0.494,0.556,0.556,0.645,0.676,0.756,0.704,0.64,0.6,0.473,0.718,0.8,1.0,0.676,0.714,0.545
11,y1,0.434,0.59,0.618,0.773,0.818,0.718,0.806,0.482,0.509,0.474,0.791,0.692,0.676,1.0,0.722,0.652
11,y2,0.604,0.707,0.717,0.697,0.663,0.66,0.65,0.638,0.647,0.604,0.596,0.772,0.714,0.722,1.0,0.69
11,y3,0.519,0.505,0.596,0.528,0.653,0.589,0.722,0.603,0.421,0.583,0.609,0.752,0.545,0.652,0.69,1.0
12,.,1.0,0.744,0.76,0.643,0.326,0.524,0.526,0.782,0.801,0.759,0.386,0.496,0.432,0.373,0.566,0.476
12,A1_1,0.744,1.0,0.717,0.623,0.421,0.589,0.526,0.681,0.788,0.706,0.525,0.558,0.515,0.56,0.693,0.478
12,A1_2,0.76,0.717,1.0,0.668,0.647,0.63,0.704,0.705,0.659,0.65,0.513,0.672,0.531,0.594,0.704,0.57
12,A1_3,0.643,0.623,0.668,1.0,0.673,0.676,0.692,0.568,0.683,0.58,0.555,0.594,0.624,0.756,0.685,0.502
12,B1_1,0.326,0.421,0.647,0.673,1.0,0.679,0.777,0.41,0.356,0.233,0.651,0.699,0.683,0.813,0.644,0.63
12,B1_2,0.524,0.589,0.63,0.676,0.679,1.0,0.756,0.529,0.474,0.452,0.642,0.753,0.759,0.711,0.642,0.565
12,B1_3,0.526,0.526,0.704,0.692,0.777,0.756,1.0,0.531,0.545,0.498,0.756,0.773,0.709,0.8,0.634,0.701
12,A2_1,0.782,0.681,0.705,0.568,0.41,0.529,0.531,1.0,0.713,0.735,0.489,0.71,0.603,0.451,0.622,0.576
12,A2_2,0.801,0.788,0.659,0.683,0.356,0.474,0.545,0.713,1.0,0.688,0.471,0.5,0.557,0.475,0.627,0.39
12,A2_3,0.759,0.706,0.65,0.58,0.233,0.452,0.498,0.735,0.688,1.0,0.481,0.593,0.426,0.438,0.586,0.555
12,B2_1,0.386,0.525,0.513,0.555,0.651,0.642,0.756,0.489,0.471,0.481,1.0,0.753,0.724,0.785,0.58,0.585
12,B2_2,0.496,0.558,0.672,0.594,0.699,0.753,0.773,0.71,0.5,0.593,0.753,1.0,0.803,0.689,0.758,0.732
12,B2_3,0.432,0.515,0.531,0.624,0.683,0.759,0.709,0.603,0.557,0.426,0.724,0.803,1.0,0.669,0.692,0.518
12,y1,0.373,0.56,0.594,0.756,0.813,0.711,0.8,0.451,0.475,0.438,0.785,0.689,0.669,1.0,0.715,0.636
12,y2,0.566,0.693,0.704,0.685,0.644,0.642,0.634,0.622,0.627,0.586,0.58,0.758,0.692,0.715,1.0,0.681
12,y3,0.476,0.478,0.57,0.502,0.63,0.565,0.701,0.576,0.39,0.555,0.585,0.732,0.518,0.636,0.681,1.0
13,.,1.0,0.731,0.742,0.619,0.252,0.461,0.464,0.774,0.794,0.754,0.32,0.43,0.361,0.307,0.525,0.432
13,A1_1,0.731,1.0,0.714,0.615,0.372,0.549,0.488,0.681,0.79,0.71,0.484,0.52,0.468,0.528,0.678,0.451
13,A1_2,0.742,0.714,1.0,0.662,0.608,0.603,0.679,0.703,0.66,0.646,0.486,0.647,0.499,0.567,0.689,0.541
13,A1_3,0.619,0.615,0.662,1.0,0.643,0.653,0.67,0.56,0.676,0.572,0.532,0.574,0.596,0.735,0.672,0.475
13,B1_1,0.252,0.372,0.608,0.643,1.0,0.682,0.779,0.364,0.306,0.178,0.659,0.703,0.69,0.805,0.621,0.602
13,B1_2,0.461,0.549,0.603,0.653,0.682,1.0,0.759,0.493,0.435,0.406,0.648,0.757,0.763,0.702,0.621,0.536
13,B1_3,0.464,0.488,0.679,0.67,0.779,0.759,1.0,0.497,0.505,0.453,0.76,0.777,0.714,0.792,0.615,0.675
13,A2_1,0.774,0.681,0.703,0.56,0.364,0.493,0.497,1.0,0.717,0.734,0.452,0.673,0.559,0.416,0.604,0.548
13,A2_2,0.794,0.79,0.66,0.676,0.306,0.435,0.505,0.717,1.0,0.693,0.429,0.461,0.509,0.438,0.606,0.359
13,A2_3,0.754,0.71,0.646,0.572,0.178,0.406,0.453,0.734,0.693,1.0,0.43,0.544,0.372,0.4,0.568,0.528
13,B2_1,0.32,0.484,0.486,0.532,0.659,0.648,0.76,0.452,0.429,0.43,1.0,0.758,0.73,0.778,0.561,0.556
13,B2_2,0.43,0.52,0.647,0.574,0.703,0.757,0.777,0.673,0.461,0.544,0.758,1.0,0.807,0.683,0.74,0.706
13,B2_3,0.361,0.468,0.499,0.596,0.69,0.763,0.714,0.559,0.509,0.372,0.73,0.807,1.0,0.659,0.665,0.484
13,y1,0.307,0.528,0.567,0.735,0.805,0.702,0.792,0.416,0.438,0.4,0.778,0.683,0.659,1.0,0.707,0.62
13,y2,0.525,0.678,0.689,0.672,0.621,0.621,0.615,0.604,0.606,0.568,0.561,0.74,0.665,0.707,1.0,0.672
13,y3,0.432,0.451,0.541,0.475,0.602,0.536,0.675,0.548,0.359,0.528,0.556,0.706,0.484,0.62,0.672,1.0
14,.,1.0,0.716,0.725,0.594,0.17,0.389,0.393,0.765,0.787,0.75,0.245,0.356,0.281,0.237,0.482,0.388
14,A1_1,0.716,1.0,0.712,0.608,0.316,0.501,0.442,0.682,0.793,0.715,0.435,0.474,0.412,0.493,0.662,0.424
14,A1_2,0.725,0.712,1.0,0.655,0.562,0.569,0.647,0.701,0.661,0.644,0.45,0.614,0.459,0.536,0.673,0.508
14,A1_3,0.594,0.608,0.655,1.0,0.606,0.624,0.641,0.55,0.67,0.564,0.502,0.546,0.561,0.712,0.658,0.445
14,B1_1,0.17,0.316,0.562,0.606,1.0,0.686,0.781,0.31,0.25,0.116,0.667,0.708,0.698,0.796,0.593,0.566
14,B1_2,0.389,0.501,0.569,0.624,0.686,1.0,0.763,0.45,0.389,0.353,0.654,0.761,0.766,0.689,0.594,0.5
14,B1_3,0.393,0.442,0.647,0.641,0.781,0.763,1.0,0.456,0.458,0.398,0.765,0.781,0.72,0.781,0.591,0.641
14,A2_1,0.765,0.682,0.701,0.55,0.31,0.45,0.456,1.0,0.721,0.735,0.406,0.629,0.506,0.377,0.584,0.517
14,A2_2,0.787,0.793,0.661,0.67,0.25,0.389,0.458,0.721,1.0,0.699,0.381,0.415,0.452,0.398,0.584,0.326
14,A2_3,0.75,0.715,0.644,0.564,0.116,0.353,0.398,0.735,0.699,1.0,0.371,0.486,0.308,0.358,0.548,0.5
14,B2_1,0.245,0.435,0.45,0.502,0.667,0.654,0.765,0.406,0.381,0.371,1.0,0.763,0.736,0.768,0.536,0.52
14,B2_2,0.356,0.474,0.614,0.546,0.708,0.761,0.781,0.629,0.415,0.486,0.763,1.0,0.81,0.675,0.717,0.672
14,B2_3,0.281,0.412,0.459,0.561,0.698,0.766,0.72,0.506,0.452,0.308,0.736,0.81,1.0,0.645,0.632,0.441
14,y1,0.237,0.493,0.536,0.712,0.796,0.689,0.781,0.377,0.398,0.358,0.768,0.675,0.645,1.0,0.699,0.601
14,y2,0.482,0.662,0.673,0.658,0.593,0.594,0.591,0.584,0.584,0.548,0.536,0.717,0.632,0.699,1.0,0.663
14,y3,0.388,0.424,0.508,0.445,0.566,0.5,0.641,0.517,0.326,0.5,0.52,0.672,0.441,0.601,0.663,1.0
15,.,1.0,0.703,0.707,0.57,0.083,0.308,0.314,0.758,0.78,0.747,0.165,0.274,0.193,0.165,0.439,0.345
15,A1_1,0.703,1.0,0.711,0.603,0.254,0.446,0.39,0.686,0.796,0.723,0.38,0.421,0.35,0.458,0.647,0.398
15,A1_2,0.707,0.711,1.0,0.649,0.509,0.528,0.607,0.7,0.664,0.643,0.409,0.574,0.412,0.503,0.656,0.475
15,A1_3,0.57,0.603,0.649,1.0,0.562,0.588,0.606,0.543,0.666,0.559,0.466,0.513,0.518,0.686,0.644,0.415
15,B1_1,0.083,0.254,0.509,0.562,1.0,0.691,0.785,0.251,0.189,0.05,0.676,0.714,0.707,0.783,0.561,0.525
15,B1_2,0.308,0.446,0.528,0.588,0.691,1.0,0.767,0.399,0.336,0.291,0.662,0.766,0.772,0.675,0.562,0.458
15,B1_3,0.314,0.39,0.607,0.606,0.785,0.767,1.0,0.407,0.405,0.336,0.771,0.786,0.726,0.767,0.561,0.6
15,A2_1,0.758,0.686,0.7,0.543,0.251,0.399,0.407,1.0,0.727,0.738,0.355,0.576,0.445,0.336,0.565,0.485
15,A2_2,0.78,0.796,0.664,0.666,0.189,0.336,0.405,0.727,1.0,0.707,0.327,0.364,0.389,0.357,0.563,0.294
15,A2_3,0.747,0.723,0.643,0.559,0.05,0.291,0.336,0.738,0.707,1.0,0.305,0.421,0.238,0.316,0.531,0.474
15,B2_1,0.165,0.38,0.409,0.466,0.676,0.662,0.771,0.355,0.327,0.305,1.0,0.77,0.743,0.755,0.508,0.477
15,B2_2,0.274,0.421,0.574,0.513,0.714,0.766,0.786,0.576,0.364,0.421,0.77,1.0,0.815,0.665,0.689,0.631
15,B2_3,0.193,0.35,0.412,0.518,0.707,0.772,0.726,0.445,0.389,0.238,0.743,0.815,1.0,0.628,0.592,0.392
15,y1,0.165,0.458,0.503,0.686,0.783,0.675,0.767,0.336,0.357,0.316,0.755,0.665,0.628,1.0,0.691,0.583
15,y2,0.439,0.647,0.656,0.644,0.561,0.562,0.561,0.565,0.563,0.531,0.508,0.689,0.592,0.691,1.0,0.655
15,y3,0.345,0.398,0.475,0.415,0.525,0.458,0.6,0.485,0.294,0.474,0.477,0.631,0.392,0.583,0.655,1.0
16,.,1.0,0.692,0.691,0.549,-0.008,0.221,0.228,0.753,0.774,0.746,0.08,0.188,0.102,0.096,0.399,0.309
16,A1_1,0.692,1.0,0.712,0.602,0.186,0.383,0.33,0.692,0.802,0.733,0.32,0.363,0.281,0.425,0.634,0.378
16,A1_2,0.691,0.712,1.0,0.645,0.447,0.478,0.557,0.702,0.67,0.647,0.361,0.527,0.358,0.467,0.638,0.441
16,A1_3,0.549,0.602,0.645,1.0,0.509,0.544,0.561,0.54,0.665,0.56,0.422,0.472,0.467,0.658,0.631,0.387
16,B1_1,-0.008,0.186,0.447,0.509,1.0,0.698,0.79,0.184,0.123,-0.021,0.686,0.721,0.716,0.766,0.522,0.476
16,B1_2,0.221,0.383,0.478,0.544,0.698,1.0,0.773,0.34,0.277,0.223,0.671,0.773,0.778,0.656,0.524,0.408
16,B1_3,0.228,0.33,0.557,0.561,0.79,0.773,1.0,0.351,0.344,0.266,0.778,0.792,0.735,0.749,0.525,0.55
16,A2_1,0.753,0.692,0.702,0.54,0.184,0.34,0.351,1.0,0.736,0.745,0.297,0.516,0.377,0.296,0.547,0.457
16,A2_2,0.774,0.802,0.67,0.665,0.123,0.277,0.344,0.736,1.0,0.718,0.268,0.307,0.32,0.317,0.543,0.267
16,A2_3,0.746,0.733,0.647,0.56,-0.021,0.223,0.266,0.745,0.718,1.0,0.234,0.349,0.161,0.277,0.516,0.453
16,B2_1,0.08,0.32,0.361,0.422,0.686,0.671,0.778,0.297,0.268,0.234,1.0,0.777,0.751,0.738,0.473,0.426
16,B2_2,0.188,0.363,0.527,0.472,0.721,0.773,0.792,0.516,0.307,0.349,0.777,1.0,0.82,0.651,0.654,0.581
16,B2_3,0.102,0.281,0.358,0.467,0.716,0.778,0.735,0.377,0.32,0.161,0.751,0.82,1.0,0.606,0.546,0.334
16,y1,0.096,0.425,0.467,0.658,0.766,0.656,0.749,0.296,0.317,0.277,0.738,0.651,0.606,1.0,0.685,0.565
16,y2,0.399,0.634,0.638,0.631,0.522,0.524,0.525,0.547,0.543,0.516,0.473,0.654,0.546,0.685,1.0,0.65
16,y3,0.309,0.378,0.441,0.387,0.476,0.408,0.55,0.457,0.267,0.453,0.426,0.581,0.334,0.565,0.65,1.0
17,.,1.0,0.681,0.676,0.533,-0.097,0.13,0.136,0.748,0.767,0.746,-0.006,0.097,0.008,0.033,0.361,0.278
17,A1_1,0.681,1.0,0.716,0.606,0.117,0.314,0.263,0.701,0.808,0.745,0.255,0.298,0.208,0.396,0.624,0.363
17,A1_2,0.676,0.716,1.0,0.643,0.379,0.419,0.499,0.706,0.678,0.653,0.306,0.471,0.295,0.432,0.621,0.41
17,A1_3,0.533,0.606,0.643,1.0,0.448,0.49,0.506,0.54,0.666,0.565,0.371,0.423,0.407,0.63,0.619,0.363
17,B1_1,-0.097,0.117,0.379,0.448,1.0,0.708,0.798,0.114,0.055,-0.093,0.698,0.73,0.728,0.744,0.479,0.421
17,B1_2,0.13,0.314,0.419,0.49,0.708,1.0,0.78,0.274,0.212,0.149,0.683,0.781,0.786,0.633,0.48,0.351
17,B1_3,0.136,0.263,0.499,0.506,0.798,0.78,1.0,0.286,0.275,0.189,0.787,0.8,0.745,0.726,0.482,0.491
17,A2_1,0.748,0.701,0.706,0.54,0.114,0.274,0.286,1.0,0.746,0.753,0.233,0.447,0.301,0.258,0.53,0.43
17,A2_2,0.767,0.808,0.678,0.666,0.055,0.212,0.275,0.746,1.0,0.729,0.205,0.243,0.245,0.28,0.525,0.244
17,A2_3,0.746,0.745,0.653,0.565,-0.093,0.149,0.189,0.753,0.729,1.0,0.157,0.27,0.081,0.243,0.504,0.436
17,B2_1,-0.006,0.255,0.306,0.371,0.698,0.683,0.787,0.233,0.205,0.157,1.0,0.785,0.761,0.716,0.434,0.368
17,B2_2,0.097,0.298,0.471,0.423,0.73,0.781,0.8,0.447,0.243,0.27,0.785,1.0,0.826,0.632,0.612,0.522
17,B2_3,0.008,0.208,0.295,0.407,0.728,0.786,0.745,0.301,0.245,0.081,0.761,0.826,1.0,0.578,0.493,0.27
17,y1,0.033,0.396,0.432,0.63,0.744,0.633,0.726,0.258,0.28,0.243,0.716,0.632,0.578,1.0,0.681,0.552
17,y2,0.361,0.624,0.621,0.619,0.479,0.48,0.482,0.53,0.525,0.504,0.434,0.612,0.493,0.681,1.0,0.649
17,y3,0.278,0.363,0.41,0.363,0.421,0.351,0.491,0.43,0.244,0.436,0.368,0.522,0.27,0.552,0.649,1.0
18,.,1.0,0.672,0.665,0.521,-0.185,0.036,0.042,0.745,0.762,0.747,-0.091,0.004,-0.085,-0.022,0.328,0.257
18,A1_1,0.672,1.0,0.724,0.615,0.045,0.24,0.192,0.712,0.815,0.759,0.187,0.229,0.133,0.373,0.616,0.356
18,A1_2,0.665,0.724,1.0,0.644,0.303,0.351,0.43,0.712,0.689,0.664,0.245,0.406,0.226,0.399,0.606,0.383
18,A1_3,0.521,0.615,0.644,1.0,0.379,0.426,0.441,0.545,0.672,0.577,0.313,0.365,0.337,0.602,0.61,0.346
18,B1_1,-0.185,0.045,0.303,0.379,1.0,0.72,0.806,0.04,-0.016,-0.164,0.712,0.741,0.741,0.717,0.431,0.361
18,B1_2,0.036,0.24,0.351,0.426,0.72,1.0,0.79,0.201,0.142,0.072,0.697,0.791,0.796,0.605,0.429,0.29
18,B1_3,0.042,0.192,0.43,0.441,0.806,0.79,1.0,0.214,0.202,0.109,0.798,0.81,0.758,0.696,0.434,0.424
18,A2_1,0.745,0.712,0.712,0.545,0.04,0.201,0.214,1.0,0.758,0.764,0.165,0.371,0.22,0.225,0.516,0.409
18,A2_2,0.762,0.815,0.689,0.672,-0.016,0.142,0.202,0.758,1.0,0.743,0.139,0.176,0.168,0.249,0.509,0.228
18,A2_3,0.747,0.759,0.664,0.577,-0.164,0.072,0.109,0.764,0.743,1.0,0.08,0.187,-0.001,0.217,0.497,0.427
18,B2_1,-0.091,0.187,0.245,0.313,0.712,0.697,0.798,0.165,0.139,0.08,1.0,0.795,0.771,0.688,0.389,0.306
18,B2_2,0.004,0.229,0.406,0.365,0.741,0.791,0.81,0.371,0.176,0.187,0.795,1.0,0.834,0.608,0.563,0.455
18,B2_3,-0.085,0.133,0.226,0.337,0.741,0.796,0.758,0.22,0.168,-0.001,0.771,0.834,1.0,0.544,0.433,0.201
18,y1,-0.022,0.373,0.399,0.602,0.717,0.605,0.696,0.225,0.249,0.217,0.688,0.608,0.544,1.0,0.681,0.544
18,y2,0.328,0.616,0.606,0.61,0.431,0.429,0.434,0.516,0.509,0.497,0.389,0.563,0.433,0.681,1.0,0.652
18,y3,0.257,0.356,0.383,0.346,0.361,0.29,0.424,0.409,0.228,0.427,0.306,0.455,0.201,0.544,0.652,1.0
19,.,1.0,0.663,0.656,0.512,-0.265,-0.055,-0.053,0.742,0.756,0.747,-0.174,-0.087,-0.173,-0.069,0.298,0.239
19,A1_1,0.663,1.0,0.732,0.628,-0.024,0.164,0.116,0.724,0.822,0.773,0.117,0.156,0.058,0.356,0.611,0.353
19,A1_2,0.656,0.732,1.0,0.648,0.225,0.278,0.353,0.721,0.701,0.677,0.18,0.335,0.154,0.369,0.591,0.36
19,A1_3,0.512,0.628,0.648,1.0,0.306,0.355,0.366,0.554,0.68,0.593,0.248,0.299,0.262,0.577,0.603,0.335
19,B1_1,-0.265,-0.024,0.225,0.306,1.0,0.735,0.818,-0.033,-0.085,-0.232,0.728,0.754,0.755,0.684,0.382,0.301
19,B1_2,-0.055,0.164,0.278,0.355,0.735,1.0,0.802,0.125,0.07,-0.006,0.714,0.804,0.809,0.571,0.375,0.227
19,B1_3,-0.053,0.116,0.353,0.366,0.818,0.802,1.0,0.137,0.123,0.025,0.811,0.823,0.774,0.659,0.379,0.352
19,A2_1,0.742,0.724,0.721,0.554,-0.033,0.125,0.137,1.0,0.77,0.775,0.094,0.289,0.138,0.197,0.504,0.391
19,A2_2,0.756,0.822,0.701,0.68,-0.085,0.07,0.123,0.77,1.0,0.757,0.071,0.105,0.09,0.222,0.495,0.215
19,A2_3,0.747,0.773,0.677,0.593,-0.232,-0.006,0.025,0.775,0.757,1.0,0.002,0.103,-0.081,0.199,0.492,0.421
19,B2_1,-0.174,0.117,0.18,0.248,0.728,0.714,0.811,0.094,0.071,0.002,1.0,0.807,0.784,0.654,0.342,0.242
19,B2_2,-0.087,0.156,0.335,0.299,0.754,0.804,0.823,0.289,0.105,0.103,0.807,1.0,0.843,0.578,0.507,0.384
19,B2_3,-0.173,0.058,0.154,0.262,0.755,0.809,0.774,0.138,0.09,-0.081,0.784,0.843,1.0,0.505,0.371,0.132
19,y1,-0.069,0.356,0.369,0.577,0.684,0.571,0.659,0.197,0.222,0.199,0.654,0.578,0.505,1.0,0.685,0.544
19,y2,0.298,0.611,0.591,0.603,0.382,0.375,0.379,0.504,0.495,0.492,0.342,0.507,0.371,0.685,1.0,0.659
19,y3,0.239,0.353,0.36,0.335,0.301,0.227,0.352,0.391,0.215,0.421,0.242,0.384,0.132,0.544,0.659,1.0
20,.,1.0,0.655,0.649,0.508,-0.341,-0.144,-0.145,0.741,0.751,0.747,-0.251,-0.173,-0.256,-0.103,0.274,0.23
20,A1_1,0.655,1.0,0.744,0.646,-0.092,0.086,0.037,0.739,0.83,0.789,0.047,0.083,-0.016,0.348,0.609,0.357
20,A1_2,0.649,0.744,1.0,0.656,0.144,0.198,0.268,0.732,0.716,0.694,0.111,0.258,0.078,0.346,0.58,0.344
20,A1_3,0.508,0.646,0.656,1.0,0.227,0.276,0.283,0.569,0.692,0.615,0.179,0.227,0.181,0.556,0.6,0.336
20,B1_1,-0.341,-0.092,0.144,0.227,1.0,0.751,0.831,-0.107,-0.152,-0.297,0.745,0.768,0.77,0.643,0.329,0.239
20,B1_2,-0.144,0.086,0.198,0.276,0.751,1.0,0.815,0.046,-0.003,-0.083,0.733,0.817,0.822,0.529,0.317,0.163
20,B1_3,-0.145,0.037,0.268,0.283,0.831,0.815,1.0,0.056,0.042,-0.059,0.825,0.836,0.791,0.613,0.32,0.276
20,A2_1,0.741,0.739,0.732,0.569,-0.107,0.046,0.056,1.0,0.784,0.79,0.022,0.204,0.054,0.179,0.496,0.381
20,A2_2,0.751,0.83,0.716,0.692,-0.152,-0.003,0.042,0.784,1.0,0.771,0.004,0.033,0.013,0.204,0.484,0.211
20,A2_3,0.747,0.789,0.694,0.615,-0.297,-0.083,-0.059,0.79,0.771,1.0,-0.073,0.02,-0.156,0.193,0.493,0.422
20,B2_1,-0.251,0.047,0.111,0.179,0.745,0.733,0.825,0.022,0.004,-0.073,1.0,0.819,0.797,0.612,0.291,0.177
20,B2_2,-0.173,0.083,0.258,0.227,0.768,0.817,0.836,0.204,0.033,0.02,0.819,1.0,0.852,0.54,0.448,0.31
20,B2_3,-0.256,-0.016,0.078,0.181,0.77,0.822,0.791,0.054,0.013,-0.156,0.797,0.852,1.0,0.458,0.306,0.064
20,y1,-0.103,0.348,0.346,0.556,0.643,0.529,0.613,0.179,0.204,0.193,0.612,0.54,0.458,1.0,0.695,0.553
20,y2,0.274,0.609,0.58,0.6,0.329,0.317,0.32,0.496,0.484,0.493,0.291,0.448,0.306,0.695,1.0,0.671
20,y3,0.23,0.357,0.344,0.336,0.239,0.163,0.276,0.381,0.211,0.422,0.177,0.31,0.064,0.553,0.671,1.0
21,.,1.0,0.647,0.643,0.507,-0.407,-0.227,-0.232,0.74,0.745,0.745,-0.323,-0.254,-0.33,-0.126,0.253,0.224
21,A1_1,0.647,1.0,0.758,0.668,-0.154,0.011,-0.038,0.754,0.838,0.804,-0.018,0.014,-0.084,0.349,0.61,0.367
21,A1_2,0.643,0.758,1.0,0.668,0.063,0.116,0.179,0.746,0.733,0.714,0.041,0.179,0.003,0.329,0.572,0.336
21,A1_3,0.507,0.668,0.668,1.0,0.148,0.194,0.196,0.588,0.706,0.64,0.109,0.153,0.101,0.543,0.603,0.346
21,B1_1,-0.407,-0.154,0.063,0.148,1.0,0.769,0.844,-0.175,-0.216,-0.355,0.761,0.783,0.784,0.595,0.278,0.182
21,B1_2,-0.227,0.011,0.116,0.194,0.769,1.0,0.83,-0.033,-0.076,-0.157,0.752,0.831,0.836,0.48,0.258,0.103
21,B1_3,-0.232,-0.038,0.179,0.196,0.844,0.83,1.0,-0.026,-0.038,-0.141,0.839,0.85,0.808,0.558,0.26,0.202
21,A2_1,0.74,0.754,0.746,0.588,-0.175,-0.033,-0.026,1.0,0.798,0.804,-0.047,0.12,-0.026,0.172,0.492,0.377
21,A2_2,0.745,0.838,0.733,0.706,-0.216,-0.076,-0.038,0.798,1.0,0.786,-0.062,-0.037,-0.06,0.194,0.477,0.211
21,A2_3,0.745,0.804,0.714,0.64,-0.355,-0.157,-0.141,0.804,0.786,1.0,-0.144,-0.06,-0.227,0.197,0.498,0.427
21,B2_1,-0.323,-0.018,0.041,0.109,0.761,0.752,0.839,-0.047,-0.062,-0.144,1.0,0.832,0.811,0.562,0.241,0.116
21,B2_2,-0.254,0.014,0.179,0.153,0.783,0.831,0.85,0.12,-0.037,-0.06,0.832,1.0,0.862,0.495,0.385,0.238
21,B2_3,-0.33,-0.084,0.003,0.101,0.784,0.836,0.808,-0.026,-0.06,-0.227,0.811,0.862,1.0,0.405,0.242,0.002
21,y1,-0.126,0.349,0.329,0.543,0.595,0.48,0.558,0.172,0.194,0.197,0.562,0.495,0.405,1.0,0.711,0.573
21,y2,0.253,0.61,0.572,0.603,0.278,0.258,0.26,0.492,0.477,0.498,0.241,0.385,0.242,0.711,1.0,0.689
21,y3,0.224,0.367,0.336,0.346,0.182,0.103,0.202,0.377,0.211,0.427,0.116,0.238,0.002,0.573,0.689,1.0
22,.,1.0,0.637,0.638,0.507,-0.465,-0.302,-0.31,0.736,0.738,0.741,-0.386,-0.327,-0.395,-0.138,0.233,0.218
22,A1_1,0.637,1.0,0.774,0.693,-0.209,-0.059,-0.108,0.77,0.846,0.819,-0.079,-0.052,-0.146,0.359,0.613,0.379
22,A1_2,0.638,0.774,1.0,0.684,-0.015,0.034,0.091,0.761,0.75,0.735,-0.028,0.099,-0.07,0.322,0.565,0.334
22,A1_3,0.507,0.693,0.684,1.0,0.069,0.109,0.106,0.611,0.723,0.669,0.036,0.075,0.019,0.536,0.608,0.364
22,B1_1,-0.465,-0.209,-0.015,0.069,1.0,0.787,0.858,-0.237,-0.273,-0.404,0.778,0.798,0.799,0.542,0.231,0.133
22,B1_2,-0.302,-0.059,0.034,0.109,0.787,1.0,0.845,-0.107,-0.144,-0.224,0.771,0.845,0.85,0.425,0.203,0.049
22,B1_3,-0.31,-0.108,0.091,0.106,0.858,0.845,1.0,-0.102,-0.114,-0.214,0.854,0.865,0.826,0.496,0.202,0.135
22,A2_1,0.736,0.77,0.761,0.611,-0.237,-0.107,-0.102,1.0,0.812,0.819,-0.112,0.039,-0.1,0.176,0.49,0.377
22,A2_2,0.738,0.846,0.75,0.723,-0.273,-0.144,-0.114,0.812,1.0,0.8,-0.123,-0.104,-0.128,0.193,0.47,0.214
22,A2_3,0.741,0.819,0.735,0.669,-0.404,-0.224,-0.214,0.819,0.8,1.0,-0.207,-0.133,-0.288,0.213,0.504,0.434
22,B2_1,-0.386,-0.079,-0.028,0.036,0.778,0.771,0.854,-0.112,-0.123,-0.207,1.0,0.845,0.824,0.507,0.193,0.062
22,B2_2,-0.327,-0.052,0.099,0.075,0.798,0.845,0.865,0.039,-0.104,-0.133,0.845,1.0,0.873,0.443,0.325,0.173
22,B2_3,-0.395,-0.146,-0.07,0.019,0.799,0.85,0.826,-0.1,-0.128,-0.288,0.824,0.873,1.0,0.348,0.183,-0.052
22,y1,-0.138,0.359,0.322,0.536,0.542,0.425,0.496,0.176,0.193,0.213,0.507,0.443,0.348,1.0,0.732,0.601
22,y2,0.233,0.613,0.565,0.608,0.231,0.203,0.202,0.49,0.47,0.504,0.193,0.325,0.183,0.732,1.0,0.709
22,y3,0.218,0.379,0.334,0.364,0.133,0.049,0.135,0.377,0.214,0.434,0.062,0.173,-0.052,0.601,0.709,1.0
23,.,1.0,0.626,0.632,0.507,-0.515,-0.368,-0.381,0.733,0.73,0.735,-0.443,-0.392,-0.451,-0.144,0.215,0.212
23,A1_1,0.626,1.0,0.79,0.719,-0.26,-0.124,-0.174,0.786,0.854,0.833,-0.135,-0.112,-0.201,0.374,0.616,0.391
23,A1_2,0.632,0.79,1.0,0.702,-0.089,-0.046,0.004,0.778,0.769,0.757,-0.094,0.021,-0.138,0.321,0.561,0.336
23,A1_3,0.507,0.719,0.702,1.0,-0.004,0.029,0.021,0.636,0.74,0.697,-0.031,0.003,-0.055,0.536,0.616,0.385
23,B1_1,-0.515,-0.26,-0.089,-0.004,1.0,0.804,0.87,-0.296,-0.325,-0.448,0.794,0.812,0.813,0.487,0.187,0.091
23,B1_2,-0.368,-0.124,-0.046,0.029,0.804,1.0,0.859,-0.177,-0.208,-0.285,0.79,0.858,0.863,0.367,0.15,0.004
23,B1_3,-0.381,-0.174,0.004,0.021,0.87,0.859,1.0,-0.175,-0.184,-0.281,0.867,0.878,0.842,0.43,0.147,0.076
23,A2_1,0.733,0.786,0.778,0.636,-0.296,-0.177,-0.175,1.0,0.826,0.834,-0.174,-0.038,-0.169,0.188,0.491,0.38
23,A2_2,0.73,0.854,0.769,0.74,-0.325,-0.208,-0.184,0.826,1.0,0.814,-0.18,-0.165,-0.189,0.198,0.465,0.219
23,A2_3,0.735,0.833,0.757,0.697,-0.448,-0.285,-0.281,0.834,0.814,1.0,-0.264,-0.198,-0.341,0.234,0.511,0.44
23,B2_1,-0.443,-0.135,-0.094,-0.031,0.794,0.79,0.867,-0.174,-0.18,-0.264,1.0,0.858,0.837,0.448,0.149,0.017
23,B2_2,-0.392,-0.112,0.021,0.003,0.812,0.858,0.878,-0.038,-0.165,-0.198,0.858,1.0,0.882,0.389,0.268,0.116
23,B2_3,-0.451,-0.201,-0.138,-0.055,0.813,0.863,0.842,-0.169,-0.189,-0.341,0.837,0.882,1.0,0.29,0.128,-0.095
23,y1,-0.144,0.374,0.321,0.536,0.487,0.367,0.43,0.188,0.198,0.234,0.448,0.389,0.29,1.0,0.756,0.635
23,y2,0.215,0.616,0.561,0.616,0.187,0.15,0.147,0.491,0.465,0.511,0.149,0.268,0.128,0.756,1.0,0.731
23,y3,0.212,0.391,0.336,0.385,0.091,0.004,0.076,0.38,0.219,0.44,0.017,0.116,-0.095,0.635,0.731,1.0
24,.,1.0,0.613,0.624,0.505,-0.557,-0.425,-0.44,0.726,0.72,0.726,-0.492,-0.448,-0.5,-0.147,0.192,0.203
24,A1_1,0.613,1.0,0.806,0.744,-0.302,-0.182,-0.231,0.801,0.862,0.845,-0.185,-0.166,-0.248,0.39,0.616,0.402
24,A1_2,0.624,0.806,1.0,0.722,-0.157,-0.119,-0.077,0.794,0.787,0.777,-0.155,-0.052,-0.2,0.324,0.556,0.34
24,A1_3,0.505,0.744,0.722,1.0,-0.074,-0.048,-0.061,0.662,0.756,0.725,-0.096,-0.068,-0.125,0.539,0.623,0.408
24,B1_1,-0.557,-0.302,-0.157,-0.074,1.0,0.82,0.882,-0.346,-0.372,-0.485,0.81,0.826,0.825,0.434,0.153,0.057
24,B1_2,-0.425,-0.182,-0.119,-0.048,0.82,1.0,0.872,-0.24,-0.265,-0.338,0.808,0.87,0.876,0.312,0.107,-0.034
24,B1_3,-0.44,-0.231,-0.077,-0.061,0.882,0.872,1.0,-0.241,-0.249,-0.34,0.879,0.89,0.857,0.366,0.102,0.025
24,A2_1,0.726,0.801,0.794,0.662,-0.346,-0.24,-0.241,1.0,0.838,0.848,-0.229,-0.108,-0.23,0.203,0.49,0.383
24,A2_2,0.72,0.862,0.787,0.756,-0.372,-0.265,-0.249,0.838,1.0,0.827,-0.232,-0.222,-0.244,0.206,0.458,0.224
24,A2_3,0.726,0.845,0.777,0.725,-0.485,-0.338,-0.34,0.848,0.827,1.0,-0.314,-0.257,-0.387,0.256,0.514,0.445
24,B2_1,-0.492,-0.185,-0.155,-0.096,0.81,0.808,0.879,-0.229,-0.232,-0.314,1.0,0.87,0.85,0.392,0.112,-0.022
24,B2_2,-0.448,-0.166,-0.052,-0.068,0.826,0.87,0.89,-0.108,-0.222,-0.257,0.87,1.0,0.892,0.337,0.219,0.066
24,B2_3,-0.5,-0.248,-0.2,-0.125,0.825,0.876,0.857,-0.23,-0.244,-0.387,0.85,0.892,1.0,0.236,0.084,-0.131
24,y1,-0.147,0.39,0.324,0.539,0.434,0.312,0.366,0.203,0.206,0.256,0.392,0.337,0.236,1.0,0.781,0.67
24,y2,0.192,0.616,0.556,0.623,0.153,0.107,0.102,0.49,0.458,0.514,0.112,0.219,0.084,0.781,1.0,0.752
24,y3,0.203,0.402,0.34,0.408,0.057,-0.034,0.025,0.383,0.224,0.445,-0.022,0.066,-0.131,0.67,0.752,1.0
25,.,1.0,0.596,0.615,0.497,-0.591,-0.471,-0.488,0.715,0.707,0.713,-0.532,-0.495,-0.537,-0.153,0.164,0.187
25,A1_1,0.596,1.0,0.822,0.767,-0.339,-0.231,-0.28,0.815,0.869,0.856,-0.227,-0.213,-0.287,0.404,0.613,0.409
25,A1_2,0.615,0.822,1.0,0.741,-0.219,-0.187,-0.15,0.811,0.804,0.798,-0.211,-0.12,-0.256,0.328,0.549,0.343
25,A1_3,0.497,0.767,0.741,1.0,-0.131,-0.111,-0.128,0.685,0.771,0.748,-0.148,-0.126,-0.181,0.545,0.628,0.427
25,B1_1,-0.591,-0.339,-0.219,-0.131,1.0,0.836,0.892,-0.388,-0.412,-0.516,0.824,0.84,0.838,0.387,0.128,0.035
25,B1_2,-0.471,-0.231,-0.187,-0.111,0.836,1.0,0.885,-0.293,-0.315,-0.383,0.825,0.882,0.888,0.263,0.073,-0.06
25,B1_3,-0.488,-0.28,-0.15,-0.128,0.892,0.885,1.0,-0.295,-0.303,-0.389,0.89,0.902,0.871,0.309,0.067,-0.011
25,A2_1,0.715,0.815,0.811,0.685,-0.388,-0.293,-0.295,1.0,0.85,0.86,-0.274,-0.168,-0.279,0.22,0.486,0.382
25,A2_2,0.707,0.869,0.804,0.771,-0.412,-0.315,-0.303,0.85,1.0,0.839,-0.276,-0.271,-0.29,0.213,0.448,0.225
25,A2_3,0.713,0.856,0.798,0.748,-0.516,-0.383,-0.389,0.86,0.839,1.0,-0.355,-0.307,-0.424,0.277,0.513,0.445
25,B2_1,-0.532,-0.227,-0.211,-0.148,0.824,0.825,0.89,-0.274,-0.276,-0.355,1.0,0.881,0.862,0.342,0.085,-0.048
25,B2_2,-0.495,-0.213,-0.12,-0.126,0.84,0.882,0.902,-0.168,-0.271,-0.307,0.881,1.0,0.901,0.29,0.179,0.029
