,,.,A1_1,A1_2,A1_3,B1_1,B1_2,B1_3,A2_1,A2_2,A2_3,B2_1,B2_2,B2_3,y1,y2,y3
1,.,1.0,-0.099,-0.1,-0.154,-0.109,0.162,0.258,0.031,0.204,0.12,-0.049,0.034,-0.041,-0.366,-0.155,0.019
1,A1_1,-0.099,1.0,-0.035,0.011,-0.113,-0.116,-0.238,-0.078,0.204,-0.057,0.11,0.136,-0.074,0.041,0.188,-0.12
1,A1_2,-0.1,-0.035,1.0,-0.063,0.276,0.088,-0.011,-0.082,-0.127,0.038,-0.001,-0.005,-0.125,0.037,-0.019,0.016
1,A1_3,-0.154,0.011,-0.063,1.0,0.103,0.001,0.079,-0.092,0.161,-0.087,-0.06,-0.143,0.194,0.488,0.107,-0.02
1,B1_1,-0.109,-0.113,0.276,0.103,1.0,-0.063,-0.056,0.027,-0.15,-0.323,-0.139,0.001,0.021,0.314,0.059,0.176
1,B1_2,0.162,-0.116,0.088,0.001,-0.063,1.0,-0.137,0.031,-0.045,0.041,-0.14,-0.067,0.192,0.066,-0.116,-0.082
1,B1_3,0.258,-0.238,-0.011,0.079,-0.056,-0.137,1.0,-0.139,0.118,-0.108,-0.01,-0.067,-0.012,-0.02,-0.165,0.052
1,A2_1,0.031,-0.078,-0.082,-0.092,0.027,0.031,-0.139,1.0,-0.148,0.127,-0.067,0.068,0.046,-0.09,0.066,-0.065
1,A2_2,0.204,0.204,-0.127,0.161,-0.15,-0.045,0.118,-0.148,1.0,-0.11,-0.016,-0.03,0.112,-0.145,-0.048,-0.285
1,A2_3,0.12,-0.057,0.038,-0.087,-0.323,0.041,-0.108,0.127,-0.11,1.0,-0.056,0.127,-0.094,-0.166,-0.019,0.048
1,B2_1,-0.049,0.11,-0.001,-0.06,-0.139,-0.14,-0.01,-0.067,-0.016,-0.056,1.0,-0.121,-0.05,0.113,-0.144,-0.121
1,B2_2,0.034,0.136,-0.005,-0.143,0.001,-0.067,-0.067,0.068,-0.03,0.127,-0.121,1.0,-0.017,-0.171,0.086,-0.027
1,B2_3,-0.041,-0.074,-0.125,0.194,0.021,0.192,-0.012,0.046,0.112,-0.094,-0.05,-0.017,1.0,-0.006,0.064,-0.174
1,y1,-0.366,0.041,0.037,0.488,0.314,0.066,-0.02,-0.09,-0.145,-0.166,0.113,-0.171,-0.006,1.0,0.195,0.205
1,y2,-0.155,0.188,-0.019,0.107,0.059,-0.116,-0.165,0.066,-0.048,-0.019,-0.144,0.086,0.064,0.195,1.0,-0.162
1,y3,0.019,-0.12,0.016,-0.02,0.176,-0.082,0.052,-0.065,-0.285,0.048,-0.121,-0.027,-0.174,0.205,-0.162,1.0
2,.,1.0,-0.098,-0.099,-0.153,-0.109,0.162,0.256,0.031,0.205,0.119,-0.05,0.034,-0.041,-0.367,-0.155,0.017
2,A1_1,-0.098,1.0,-0.034,0.011,-0.113,-0.116,-0.238,-0.078,0.204,-0.057,0.11,0.135,-0.075,0.041,0.188,-0.121
2,A1_2,-0.099,-0.034,1.0,-0.062,0.276,0.088,-0.011,-0.082,-0.127,0.038,-0.001,-0.005,-0.125,0.037,-0.02,0.015
2,A1_3,-0.153,0.011,-0.062,1.0,0.103,0.001,0.079,-0.092,0.161,-0.087,-0.06,-0.143,0.194,0.487,0.107,-0.02
2,B1_1,-0.109,-0.113,0.276,0.103,1.0,-0.063,-0.056,0.027,-0.15,-0.323,-0.139,0.001,0.021,0.314,0.059,0.176
2,B1_2,0.162,-0.116,0.088,0.001,-0.063,1.0,-0.136,0.031,-0.045,0.041,-0.14,-0.067,0.192,0.067,-0.117,-0.081
2,B1_3,0.256,-0.238,-0.011,0.079,-0.056,-0.136,1.0,-0.139,0.118,-0.108,-0.009,-0.067,-0.011,-0.019,-0.165,0.053
2,A2_1,0.031,-0.078,-0.082,-0.092,0.027,0.031,-0.139,1.0,-0.148,0.127,-0.067,0.068,0.046,-0.09,0.066,-0.065
2,A2_2,0.205,0.204,-0.127,0.161,-0.15,-0.045,0.118,-0.148,1.0,-0.11,-0.016,-0.03,0.112,-0.145,-0.048,-0.285
2,A2_3,0.119,-0.057,0.038,-0.087,-0.323,0.041,-0.108,0.127,-0.11,1.0,-0.057,0.127,-0.094,-0.166,-0.019,0.048
2,B2_1,-0.05,0.11,-0.001,-0.06,-0.139,-0.14,-0.009,-0.067,-0.016,-0.057,1.0,-0.121,-0.05,0.113,-0.144,-0.12
2,B2_2,0.034,0.135,-0.005,-0.143,0.001,-0.067,-0.067,0.068,-0.03,0.127,-0.121,1.0,-0.017,-0.171,0.086,-0.027
2,B2_3,-0.041,-0.075,-0.125,0.194,0.021,0.192,-0.011,0.046,0.112,-0.094,-0.05,-0.017,1.0,-0.006,0.064,-0.173
2,y1,-0.367,0.041,0.037,0.487,0.314,0.067,-0.019,-0.09,-0.145,-0.166,0.113,-0.171,-0.006,1.0,0.195,0.205
2,y2,-0.155,0.188,-0.02,0.107,0.059,-0.117,-0.165,0.066,-0.048,-0.019,-0.144,0.086,0.064,0.195,1.0,-0.162
2,y3,0.017,-0.121,0.015,-0.02,0.176,-0.081,0.053,-0.065,-0.285,0.048,-0.12,-0.027,-0.173,0.205,-0.162,1.0
3,.,1.0,-0.098,-0.099,-0.153,-0.109,0.161,0.254,0.032,0.205,0.118,-0.052,0.033,-0.04,-0.368,-0.154,0.016
3,A1_1,-0.098,1.0,-0.033,0.012,-0.114,-0.117,-0.238,-0.078,0.205,-0.056,0.109,0.135,-0.075,0.04,0.187,-0.122
3,A1_2,-0.099,-0.033,1.0,-0.062,0.276,0.087,-0.011,-0.082,-0.126,0.039,-0.001,-0.005,-0.126,0.037,-0.02,0.015
3,A1_3,-0.153,0.012,-0.062,1.0,0.103,0.001,0.079,-0.092,0.161,-0.086,-0.06,-0.143,0.194,0.487,0.106,-0.021
3,B1_1,-0.109,-0.114,0.276,0.103,1.0,-0.062,-0.054,0.027,-0.149,-0.323,-0.138,0.002,0.022,0.313,0.058,0.175
3,B1_2,0.161,-0.117,0.087,0.001,-0.062,1.0,-0.136,0.03,-0.045,0.04,-0.139,-0.067,0.192,0.067,-0.117,-0.081
3,B1_3,0.254,-0.238,-0.011,0.079,-0.054,-0.136,1.0,-0.139,0.118,-0.108,-0.008,-0.066,-0.011,-0.019,-0.166,0.053
3,A2_1,0.032,-0.078,-0.082,-0.092,0.027,0.03,-0.139,1.0,-0.148,0.127,-0.067,0.067,0.045,-0.09,0.065,-0.065
3,A2_2,0.205,0.205,-0.126,0.161,-0.149,-0.045,0.118,-0.148,1.0,-0.11,-0.016,-0.03,0.112,-0.146,-0.049,-0.286
3,A2_3,0.118,-0.056,0.039,-0.086,-0.323,0.04,-0.108,0.127,-0.11,1.0,-0.057,0.126,-0.095,-0.165,-0.019,0.048
3,B2_1,-0.052,0.109,-0.001,-0.06,-0.138,-0.139,-0.008,-0.067,-0.016,-0.057,1.0,-0.12,-0.049,0.114,-0.144,-0.12
3,B2_2,0.033,0.135,-0.005,-0.143,0.002,-0.067,-0.066,0.067,-0.03,0.126,-0.12,1.0,-0.017,-0.171,0.086,-0.027
3,B2_3,-0.04,-0.075,-0.126,0.194,0.022,0.192,-0.011,0.045,0.112,-0.095,-0.049,-0.017,1.0,-0.006,0.064,-0.173
3,y1,-0.368,0.04,0.037,0.487,0.313,0.067,-0.019,-0.09,-0.146,-0.165,0.114,-0.171,-0.006,1.0,0.196,0.206
3,y2,-0.154,0.187,-0.02,0.106,0.058,-0.117,-0.166,0.065,-0.049,-0.019,-0.144,0.086,0.064,0.196,1.0,-0.161
3,y3,0.016,-0.122,0.015,-0.021,0.175,-0.081,0.053,-0.065,-0.286,0.048,-0.12,-0.027,-0.173,0.206,-0.161,1.0
4,.,1.0,-0.097,-0.099,-0.153,-0.109,0.161,0.252,0.033,0.206,0.118,-0.053,0.032,-0.04,-0.369,-0.154,0.014
4,A1_1,-0.097,1.0,-0.033,0.012,-0.114,-0.117,-0.238,-0.077,0.206,-0.055,0.108,0.134,-0.076,0.04,0.186,-0.122
4,A1_2,-0.099,-0.033,1.0,-0.062,0.275,0.087,-0.011,-0.081,-0.125,0.039,-0.001,-0.005,-0.126,0.037,-0.02,0.014
4,A1_3,-0.153,0.012,-0.062,1.0,0.103,0.001,0.079,-0.092,0.161,-0.086,-0.06,-0.142,0.193,0.486,0.106,-0.022
4,B1_1,-0.109,-0.114,0.275,0.103,1.0,-0.061,-0.053,0.027,-0.149,-0.323,-0.137,0.002,0.022,0.313,0.057,0.175
4,B1_2,0.161,-0.117,0.087,0.001,-0.061,1.0,-0.135,0.03,-0.046,0.039,-0.138,-0.067,0.192,0.067,-0.117,-0.081
4,B1_3,0.252,-0.238,-0.011,0.079,-0.053,-0.135,1.0,-0.139,0.118,-0.109,-0.007,-0.065,-0.01,-0.019,-0.166,0.053
4,A2_1,0.033,-0.077,-0.081,-0.092,0.027,0.03,-0.139,1.0,-0.147,0.127,-0.067,0.067,0.045,-0.09,0.065,-0.066
4,A2_2,0.206,0.206,-0.125,0.161,-0.149,-0.046,0.118,-0.147,1.0,-0.109,-0.016,-0.03,0.111,-0.146,-0.049,-0.286
4,A2_3,0.118,-0.055,0.039,-0.086,-0.323,0.039,-0.109,0.127,-0.109,1.0,-0.058,0.126,-0.095,-0.165,-0.019,0.047
4,B2_1,-0.053,0.108,-0.001,-0.06,-0.137,-0.138,-0.007,-0.067,-0.016,-0.058,1.0,-0.119,-0.048,0.114,-0.144,-0.119
4,B2_2,0.032,0.134,-0.005,-0.142,0.002,-0.067,-0.065,0.067,-0.03,0.126,-0.119,1.0,-0.017,-0.17,0.086,-0.027
4,B2_3,-0.04,-0.076,-0.126,0.193,0.022,0.192,-0.01,0.045,0.111,-0.095,-0.048,-0.017,1.0,-0.006,0.063,-0.173
4,y1,-0.369,0.04,0.037,0.486,0.313,0.067,-0.019,-0.09,-0.146,-0.165,0.114,-0.17,-0.006,1.0,0.196,0.207
4,y2,-0.154,0.186,-0.02,0.106,0.057,-0.117,-0.166,0.065,-0.049,-0.019,-0.144,0.086,0.063,0.196,1.0,-0.16
4,y3,0.014,-0.122,0.014,-0.022,0.175,-0.081,0.053,-0.066,-0.286,0.047,-0.119,-0.027,-0.173,0.207,-0.16,1.0
5,.,1.0,-0.096,-0.098,-0.153,-0.11,0.16,0.249,0.033,0.206,0.118,-0.055,0.03,-0.04,-0.37,-0.154,0.012
5,A1_1,-0.096,1.0,-0.032,0.013,-0.114,-0.118,-0.238,-0.076,0.206,-0.054,0.107,0.134,-0.077,0.039,0.186,-0.123
5,A1_2,-0.098,-0.032,1.0,-0.061,0.275,0.087,-0.011,-0.081,-0.125,0.04,-0.001,-0.005,-0.126,0.037,-0.02,0.014
5,A1_3,-0.153,0.013,-0.061,1.0,0.103,0.001,0.079,-0.092,0.162,-0.085,-0.06,-0.142,0.193,0.486,0.106,-0.022
5,B1_1,-0.11,-0.114,0.275,0.103,1.0,-0.061,-0.052,0.026,-0.149,-0.324,-0.135,0.003,0.023,0.313,0.057,0.174
5,B1_2,0.16,-0.118,0.087,0.001,-0.061,1.0,-0.133,0.029,-0.046,0.038,-0.137,-0.066,0.193,0.067,-0.117,-0.081
5,B1_3,0.249,-0.238,-0.011,0.079,-0.052,-0.133,1.0,-0.14,0.118,-0.11,-0.006,-0.064,-0.009,-0.018,-0.166,0.053
5,A2_1,0.033,-0.076,-0.081,-0.092,0.026,0.029,-0.14,1.0,-0.147,0.127,-0.068,0.067,0.044,-0.09,0.065,-0.066
5,A2_2,0.206,0.206,-0.125,0.162,-0.149,-0.046,0.118,-0.147,1.0,-0.108,-0.017,-0.03,0.111,-0.147,-0.05,-0.287
5,A2_3,0.118,-0.054,0.04,-0.085,-0.324,0.038,-0.11,0.127,-0.108,1.0,-0.059,0.125,-0.096,-0.165,-0.019,0.047
5,B2_1,-0.055,0.107,-0.001,-0.06,-0.135,-0.137,-0.006,-0.068,-0.017,-0.059,1.0,-0.118,-0.047,0.114,-0.144,-0.119
5,B2_2,0.03,0.134,-0.005,-0.142,0.003,-0.066,-0.064,0.067,-0.03,0.125,-0.118,1.0,-0.016,-0.17,0.085,-0.027
5,B2_3,-0.04,-0.077,-0.126,0.193,0.023,0.193,-0.009,0.044,0.111,-0.096,-0.047,-0.016,1.0,-0.005,0.063,-0.173
5,y1,-0.37,0.039,0.037,0.486,0.313,0.067,-0.018,-0.09,-0.147,-0.165,0.114,-0.17,-0.005,1.0,0.197,0.208
5,y2,-0.154,0.186,-0.02,0.106,0.057,-0.117,-0.166,0.065,-0.05,-0.019,-0.144,0.085,0.063,0.197,1.0,-0.158
5,y3,0.012,-0.123,0.014,-0.022,0.174,-0.081,0.053,-0.066,-0.287,0.047,-0.119,-0.027,-0.173,0.208,-0.158,1.0
6,.,1.0,-0.094,-0.098,-0.152,-0.112,0.158,0.245,0.034,0.206,0.118,-0.057,0.028,-0.041,-0.371,-0.154,0.01
6,A1_1,-0.094,1.0,-0.031,0.013,-0.115,-0.118,-0.239,-0.076,0.207,-0.053,0.106,0.133,-0.077,0.039,0.185,-0.124
6,A1_2,-0.098,-0.031,1.0,-0.061,0.274,0.086,-0.011,-0.081,-0.124,0.041,-0.002,-0.005,-0.126,0.036,-0.021,0.013
6,A1_3,-0.152,0.013,-0.061,1.0,0.103,0.001,0.08,-0.092,0.162,-0.085,-0.06,-0.142,0.193,0.485,0.105,-0.023
6,B1_1,-0.112,-0.115,0.274,0.103,1.0,-0.06,-0.05,0.026,-0.149,-0.324,-0.134,0.004,0.024,0.313,0.056,0.174
6,B1_2,0.158,-0.118,0.086,0.001,-0.06,1.0,-0.132,0.029,-0.046,0.037,-0.136,-0.065,0.194,0.068,-0.118,-0.081
6,B1_3,0.245,-0.239,-0.011,0.08,-0.05,-0.132,1.0,-0.14,0.117,-0.111,-0.005,-0.062,-0.007,-0.018,-0.166,0.052
6,A2_1,0.034,-0.076,-0.081,-0.092,0.026,0.029,-0.14,1.0,-0.146,0.128,-0.068,0.067,0.044,-0.09,0.065,-0.067
6,A2_2,0.206,0.207,-0.124,0.162,-0.149,-0.046,0.117,-0.146,1.0,-0.107,-0.017,-0.03,0.11,-0.148,-0.05,-0.288
6,A2_3,0.118,-0.053,0.041,-0.085,-0.324,0.037,-0.111,0.128,-0.107,1.0,-0.06,0.124,-0.097,-0.164,-0.019,0.047
6,B2_1,-0.057,0.106,-0.002,-0.06,-0.134,-0.136,-0.005,-0.068,-0.017,-0.06,1.0,-0.117,-0.046,0.115,-0.144,-0.119
6,B2_2,0.028,0.133,-0.005,-0.142,0.004,-0.065,-0.062,0.067,-0.03,0.124,-0.117,1.0,-0.015,-0.17,0.085,-0.027
6,B2_3,-0.041,-0.077,-0.126,0.193,0.024,0.194,-0.007,0.044,0.11,-0.097,-0.046,-0.015,1.0,-0.005,0.062,-0.173
6,y1,-0.371,0.039,0.036,0.485,0.313,0.068,-0.018,-0.09,-0.148,-0.164,0.115,-0.17,-0.005,1.0,0.198,0.209
6,y2,-0.154,0.185,-0.021,0.105,0.056,-0.118,-0.166,0.065,-0.05,-0.019,-0.144,0.085,0.062,0.198,1.0,-0.156
6,y3,0.01,-0.124,0.013,-0.023,0.174,-0.081,0.052,-0.067,-0.288,0.047,-0.119,-0.027,-0.173,0.209,-0.156,1.0
7,.,1.0,-0.093,-0.097,-0.152,-0.114,0.156,0.241,0.036,0.207,0.118,-0.06,0.026,-0.043,-0.373,-0.153,0.009
7,A1_1,-0.093,1.0,-0.03,0.014,-0.115,-0.119,-0.239,-0.075,0.208,-0.051,0.105,0.132,-0.078,0.038,0.184,-0.125
7,A1_2,-0.097,-0.03,1.0,-0.06,0.273,0.086,-0.012,-0.08,-0.123,0.042,-0.002,-0.005,-0.127,0.036,-0.021,0.012
7,A1_3,-0.152,0.014,-0.06,1.0,0.103,0.0,0.08,-0.092,0.163,-0.084,-0.06,-0.142,0.193,0.484,0.105,-0.024
7,B1_1,-0.114,-0.115,0.273,0.103,1.0,-0.058,-0.049,0.026,-0.149,-0.325,-0.132,0.006,0.026,0.312,0.055,0.173
7,B1_2,0.156,-0.119,0.086,0.0,-0.058,1.0,-0.13,0.028,-0.046,0.036,-0.134,-0.064,0.195,0.068,-0.118,-0.082
7,B1_3,0.241,-0.239,-0.012,0.08,-0.049,-0.13,1.0,-0.14,0.117,-0.112,-0.003,-0.061,-0.006,-0.018,-0.166,0.052
7,A2_1,0.036,-0.075,-0.08,-0.092,0.026,0.028,-0.14,1.0,-0.146,0.128,-0.068,0.066,0.043,-0.091,0.064,-0.067
7,A2_2,0.207,0.208,-0.123,0.163,-0.149,-0.046,0.117,-0.146,1.0,-0.106,-0.017,-0.03,0.11,-0.148,-0.051,-0.288
7,A2_3,0.118,-0.051,0.042,-0.084,-0.325,0.036,-0.112,0.128,-0.106,1.0,-0.061,0.123,-0.098,-0.164,-0.018,0.047
7,B2_1,-0.06,0.105,-0.002,-0.06,-0.132,-0.134,-0.003,-0.068,-0.017,-0.061,1.0,-0.115,-0.045,0.115,-0.144,-0.119
7,B2_2,0.026,0.132,-0.005,-0.142,0.006,-0.064,-0.061,0.066,-0.03,0.123,-0.115,1.0,-0.014,-0.17,0.084,-0.028
7,B2_3,-0.043,-0.078,-0.127,0.193,0.026,0.195,-0.006,0.043,0.11,-0.098,-0.045,-0.014,1.0,-0.005,0.062,-0.173
7,y1,-0.373,0.038,0.036,0.484,0.312,0.068,-0.018,-0.091,-0.148,-0.164,0.115,-0.17,-0.005,1.0,0.198,0.211
7,y2,-0.153,0.184,-0.021,0.105,0.055,-0.118,-0.166,0.064,-0.051,-0.018,-0.144,0.084,0.062,0.198,1.0,-0.154
7,y3,0.009,-0.125,0.012,-0.024,0.173,-0.082,0.052,-0.067,-0.288,0.047,-0.119,-0.028,-0.173,0.211,-0.154,1.0
8,.,1.0,-0.091,-0.096,-0.152,-0.117,0.154,0.236,0.037,0.207,0.119,-0.063,0.022,-0.045,-0.374,-0.153,0.007
8,A1_1,-0.091,1.0,-0.028,0.015,-0.116,-0.12,-0.239,-0.074,0.21,-0.05,0.104,0.131,-0.079,0.037,0.184,-0.125
8,A1_2,-0.096,-0.028,1.0,-0.06,0.273,0.085,-0.012,-0.08,-0.122,0.043,-0.002,-0.005,-0.127,0.035,-0.021,0.011
8,A1_3,-0.152,0.015,-0.06,1.0,0.103,0.0,0.08,-0.091,0.163,-0.083,-0.06,-0.141,0.192,0.483,0.104,-0.025
8,B1_1,-0.117,-0.116,0.273,0.103,1.0,-0.057,-0.046,0.025,-0.15,-0.326,-0.13,0.007,0.028,0.312,0.054,0.172
8,B1_2,0.154,-0.12,0.085,0.0,-0.057,1.0,-0.129,0.028,-0.047,0.035,-0.132,-0.063,0.196,0.068,-0.119,-0.082
8,B1_3,0.236,-0.239,-0.012,0.08,-0.046,-0.129,1.0,-0.14,0.116,-0.113,-0.001,-0.059,-0.004,-0.017,-0.167,0.051
8,A2_1,0.037,-0.074,-0.08,-0.091,0.025,0.028,-0.14,1.0,-0.145,0.129,-0.069,0.066,0.042,-0.091,0.064,-0.068
8,A2_2,0.207,0.21,-0.122,0.163,-0.15,-0.047,0.116,-0.145,1.0,-0.105,-0.018,-0.03,0.109,-0.149,-0.052,-0.289
8,A2_3,0.119,-0.05,0.043,-0.083,-0.326,0.035,-0.113,0.129,-0.105,1.0,-0.062,0.122,-0.1,-0.164,-0.018,0.046
8,B2_1,-0.063,0.104,-0.002,-0.06,-0.13,-0.132,-0.001,-0.069,-0.018,-0.062,1.0,-0.113,-0.043,0.115,-0.145,-0.119
8,B2_2,0.022,0.131,-0.005,-0.141,0.007,-0.063,-0.059,0.066,-0.03,0.122,-0.113,1.0,-0.012,-0.169,0.083,-0.029
8,B2_3,-0.045,-0.079,-0.127,0.192,0.028,0.196,-0.004,0.042,0.109,-0.1,-0.043,-0.012,1.0,-0.005,0.061,-0.173
8,y1,-0.374,0.037,0.035,0.483,0.312,0.068,-0.017,-0.091,-0.149,-0.164,0.115,-0.169,-0.005,1.0,0.2,0.212
8,y2,-0.153,0.184,-0.021,0.104,0.054,-0.119,-0.167,0.064,-0.052,-0.018,-0.145,0.083,0.061,0.2,1.0,-0.152
8,y3,0.007,-0.125,0.011,-0.025,0.172,-0.082,0.051,-0.068,-0.289,0.046,-0.119,-0.029,-0.173,0.212,-0.152,1.0
9,.,1.0,-0.089,-0.095,-0.152,-0.12,0.15,0.23,0.038,0.207,0.12,-0.068,0.018,-0.048,-0.375,-0.152,0.006
9,A1_1,-0.089,1.0,-0.027,0.016,-0.117,-0.121,-0.24,-0.073,0.211,-0.048,0.103,0.13,-0.08,0.036,0.183,-0.126
9,A1_2,-0.095,-0.027,1.0,-0.059,0.272,0.085,-0.012,-0.079,-0.121,0.044,-0.003,-0.005,-0.127,0.034,-0.021,0.01
9,A1_3,-0.152,0.016,-0.059,1.0,0.103,0.0,0.08,-0.091,0.164,-0.082,-0.06,-0.141,0.192,0.482,0.104,-0.025
9,B1_1,-0.12,-0.117,0.272,0.103,1.0,-0.055,-0.044,0.024,-0.15,-0.327,-0.127,0.009,0.03,0.312,0.053,0.171
9,B1_2,0.15,-0.121,0.085,0.0,-0.055,1.0,-0.127,0.027,-0.048,0.033,-0.13,-0.061,0.197,0.068,-0.119,-0.082
9,B1_3,0.23,-0.24,-0.012,0.08,-0.044,-0.127,1.0,-0.141,0.115,-0.115,0.001,-0.057,-0.001,-0.017,-0.167,0.05
9,A2_1,0.038,-0.073,-0.079,-0.091,0.024,0.027,-0.141,1.0,-0.143,0.129,-0.07,0.065,0.042,-0.092,0.064,-0.069
9,A2_2,0.207,0.211,-0.121,0.164,-0.15,-0.048,0.115,-0.143,1.0,-0.103,-0.019,-0.031,0.108,-0.15,-0.052,-0.29
9,A2_3,0.12,-0.048,0.044,-0.082,-0.327,0.033,-0.115,0.129,-0.103,1.0,-0.064,0.12,-0.101,-0.163,-0.018,0.046
9,B2_1,-0.068,0.103,-0.003,-0.06,-0.127,-0.13,0.001,-0.07,-0.019,-0.064,1.0,-0.111,-0.041,0.116,-0.145,-0.119
9,B2_2,0.018,0.13,-0.005,-0.141,0.009,-0.061,-0.057,0.065,-0.031,0.12,-0.111,1.0,-0.01,-0.169,0.082,-0.03
9,B2_3,-0.048,-0.08,-0.127,0.192,0.03,0.197,-0.001,0.042,0.108,-0.101,-0.041,-0.01,1.0,-0.005,0.06,-0.173
9,y1,-0.375,0.036,0.034,0.482,0.312,0.068,-0.017,-0.092,-0.15,-0.163,0.116,-0.169,-0.005,1.0,0.201,0.214
9,y2,-0.152,0.183,-0.021,0.104,0.053,-0.119,-0.167,0.064,-0.052,-0.018,-0.145,0.082,0.06,0.201,1.0,-0.149
9,y3,0.006,-0.126,0.01,-0.025,0.171,-0.082,0.05,-0.069,-0.29,0.046,-0.119,-0.03,-0.173,0.214,-0.149,1.0
10,.,1.0,-0.087,-0.093,-0.151,-0.124,0.146,0.223,0.04,0.208,0.121,-0.072,0.013,-0.052,-0.376,-0.152,0.005
10,A1_1,-0.087,1.0,-0.026,0.017,-0.118,-0.122,-0.241,-0.071,0.212,-0.046,0.101,0.129,-0.081,0.035,0.183,-0.127
10,A1_2,-0.093,-0.026,1.0,-0.058,0.271,0.084,-0.012,-0.078,-0.119,0.045,-0.004,-0.006,-0.128,0.033,-0.022,0.009
10,A1_3,-0.151,0.017,-0.058,1.0,0.102,0.0,0.08,-0.091,0.165,-0.08,-0.06,-0.141,0.191,0.48,0.104,-0.026
10,B1_1,-0.124,-0.118,0.271,0.102,1.0,-0.053,-0.042,0.023,-0.151,-0.328,-0.124,0.011,0.032,0.311,0.052,0.169
10,B1_2,0.146,-0.122,0.084,0.0,-0.053,1.0,-0.125,0.026,-0.049,0.031,-0.128,-0.059,0.199,0.068,-0.12,-0.083
10,B1_3,0.223,-0.241,-0.012,0.08,-0.042,-0.125,1.0,-0.142,0.114,-0.117,0.004,-0.054,0.001,-0.016,-0.168,0.049
10,A2_1,0.04,-0.071,-0.078,-0.091,0.023,0.026,-0.142,1.0,-0.142,0.13,-0.07,0.064,0.041,-0.093,0.063,-0.07
10,A2_2,0.208,0.212,-0.119,0.165,-0.151,-0.049,0.114,-0.142,1.0,-0.101,-0.02,-0.031,0.107,-0.152,-0.053,-0.29
10,A2_3,0.121,-0.046,0.045,-0.08,-0.328,0.031,-0.117,0.13,-0.101,1.0,-0.065,0.118,-0.103,-0.163,-0.017,0.046
10,B2_1,-0.072,0.101,-0.004,-0.06,-0.124,-0.128,0.004,-0.07,-0.02,-0.065,1.0,-0.109,-0.038,0.116,-0.145,-0.119
10,B2_2,0.013,0.129,-0.006,-0.141,0.011,-0.059,-0.054,0.064,-0.031,0.118,-0.109,1.0,-0.008,-0.169,0.081,-0.031
10,B2_3,-0.052,-0.081,-0.128,0.191,0.032,0.199,0.001,0.041,0.107,-0.103,-0.038,-0.008,1.0,-0.005,0.058,-0.174
10,y1,-0.376,0.035,0.033,0.48,0.311,0.068,-0.016,-0.093,-0.152,-0.163,0.116,-0.169,-0.005,1.0,0.203,0.217
10,y2,-0.152,0.183,-0.022,0.104,0.052,-0.12,-0.168,0.063,-0.053,-0.017,-0.145,0.081,0.058,0.203,1.0,-0.146
10,y3,0.005,-0.127,0.009,-0.026,0.169,-0.083,0.049,-0.07,-0.29,0.046,-0.119,-0.031,-0.174,0.217,-0.146,1.0
11,.,1.0,-0.084,-0.091,-0.15,-0.129,0.141,0.215,0.042,0.209,0.123,-0.078,0.007,-0.057,-0.376,-0.15,0.004
11,A1_1,-0.084,1.0,-0.024,0.018,-0.119,-0.123,-0.242,-0.07,0.214,-0.044,0.099,0.127,-0.082,0.034,0.182,-0.128
11,A1_2,-0.091,-0.024,1.0,-0.057,0.269,0.083,-0.013,-0.077,-0.118,0.046,-0.004,-0.006,-0.128,0.032,-0.022,0.008
11,A1_3,-0.15,0.018,-0.057,1.0,0.102,-0.0,0.08,-0.09,0.166,-0.079,-0.061,-0.141,0.19,0.479,0.103,-0.027
11,B1_1,-0.129,-0.119,0.269,0.102,1.0,-0.051,-0.039,0.022,-0.152,-0.329,-0.121,0.014,0.035,0.311,0.051,0.168
11,B1_2,0.141,-0.123,0.083,-0.0,-0.051,1.0,-0.122,0.025,-0.05,0.029,-0.125,-0.057,0.201,0.068,-0.121,-0.084
11,B1_3,0.215,-0.242,-0.013,0.08,-0.039,-0.122,1.0,-0.142,0.113,-0.119,0.007,-0.051,0.004,-0.016,-0.169,0.048
11,A2_1,0.042,-0.07,-0.077,-0.09,0.022,0.025,-0.142,1.0,-0.14,0.131,-0.071,0.063,0.04,-0.093,0.063,-0.07
11,A2_2,0.209,0.214,-0.118,0.166,-0.152,-0.05,0.113,-0.14,1.0,-0.099,-0.021,-0.032,0.105,-0.153,-0.054,-0.291
11,A2_3,0.123,-0.044,0.046,-0.079,-0.329,0.029,-0.119,0.131,-0.099,1.0,-0.068,0.116,-0.105,-0.163,-0.016,0.045
11,B2_1,-0.078,0.099,-0.004,-0.061,-0.121,-0.125,0.007,-0.071,-0.021,-0.068,1.0,-0.105,-0.035,0.116,-0.146,-0.119
11,B2_2,0.007,0.127,-0.006,-0.141,0.014,-0.057,-0.051,0.063,-0.032,0.116,-0.105,1.0,-0.005,-0.168,0.08,-0.032
11,B2_3,-0.057,-0.082,-0.128,0.19,0.035,0.201,0.004,0.04,0.105,-0.105,-0.035,-0.005,1.0,-0.005,0.057,-0.174
11,y1,-0.376,0.034,0.032,0.479,0.311,0.068,-0.016,-0.093,-0.153,-0.163,0.116,-0.168,-0.005,1.0,0.204,0.219
11,y2,-0.15,0.182,-0.022,0.103,0.051,-0.121,-0.169,0.063,-0.054,-0.016,-0.146,0.08,0.057,0.204,1.0,-0.142
11,y3,0.004,-0.128,0.008,-0.027,0.168,-0.084,0.048,-0.07,-0.291,0.045,-0.119,-0.032,-0.174,0.219,-0.142,1.0
12,.,1.0,-0.081,-0.089,-0.149,-0.135,0.135,0.206,0.045,0.209,0.125,-0.085,-0.0,-0.063,-0.377,-0.149,0.003
12,A1_1,-0.081,1.0,-0.023,0.02,-0.12,-0.124,-0.243,-0.068,0.216,-0.041,0.097,0.126,-0.084,0.033,0.182,-0.128
12,A1_2,-0.089,-0.023,1.0,-0.057,0.268,0.083,-0.013,-0.076,-0.116,0.048,-0.005,-0.006,-0.129,0.031,-0.022,0.006
12,A1_3,-0.149,0.02,-0.057,1.0,0.101,-0.0,0.079,-0.089,0.167,-0.077,-0.061,-0.141,0.19,0.477,0.103,-0.028
12,B1_1,-0.135,-0.12,0.268,0.101,1.0,-0.048,-0.035,0.021,-0.153,-0.331,-0.117,0.017,0.039,0.31,0.05,0.166
12,B1_2,0.135,-0.124,0.083,-0.0,-0.048,1.0,-0.119,0.024,-0.051,0.027,-0.121,-0.055,0.204,0.068,-0.123,-0.085
12,B1_3,0.206,-0.243,-0.013,0.079,-0.035,-0.119,1.0,-0.143,0.111,-0.121,0.01,-0.048,0.008,-0.015,-0.17,0.047
12,A2_1,0.045,-0.068,-0.076,-0.089,0.021,0.024,-0.143,1.0,-0.139,0.133,-0.073,0.062,0.038,-0.094,0.063,-0.071
12,A2_2,0.209,0.216,-0.116,0.167,-0.153,-0.051,0.111,-0.139,1.0,-0.097,-0.023,-0.033,0.103,-0.154,-0.055,-0.292
12,A2_3,0.125,-0.041,0.048,-0.077,-0.331,0.027,-0.121,0.133,-0.097,1.0,-0.07,0.114,-0.107,-0.162,-0.016,0.045
12,B2_1,-0.085,0.097,-0.005,-0.061,-0.117,-0.121,0.01,-0.073,-0.023,-0.07,1.0,-0.102,-0.031,0.116,-0.146,-0.12
12,B2_2,-0.0,0.126,-0.006,-0.141,0.017,-0.055,-0.048,0.062,-0.033,0.114,-0.102,1.0,-0.002,-0.168,0.078,-0.033
12,B2_3,-0.063,-0.084,-0.129,0.19,0.039,0.204,0.008,0.038,0.103,-0.107,-0.031,-0.002,1.0,-0.005,0.055,-0.175
12,y1,-0.377,0.033,0.031,0.477,0.31,0.068,-0.015,-0.094,-0.154,-0.162,0.116,-0.168,-0.005,1.0,0.206,0.222
12,y2,-0.149,0.182,-0.022,0.103,0.05,-0.123,-0.17,0.063,-0.055,-0.016,-0.146,0.078,0.055,0.206,1.0,-0.138
12,y3,0.003,-0.128,0.006,-0.028,0.166,-0.085,0.047,-0.071,-0.292,0.045,-0.12,-0.033,-0.175,0.222,-0.138,1.0
13,.,1.0,-0.078,-0.087,-0.147,-0.141,0.127,0.196,0.048,0.21,0.128,-0.092,-0.009,-0.07,-0.376,-0.147,0.004
13,A1_1,-0.078,1.0,-0.021,0.021,-0.122,-0.125,-0.244,-0.066,0.218,-0.039,0.094,0.124,-0.085,0.032,0.181,-0.129
13,A1_2,-0.087,-0.021,1.0,-0.056,0.266,0.082,-0.014,-0.075,-0.114,0.05,-0.006,-0.007,-0.129,0.03,-0.023,0.005
13,A1_3,-0.147,0.021,-0.056,1.0,0.1,-0.001,0.079,-0.088,0.168,-0.076,-0.061,-0.141,0.188,0.475,0.102,-0.029
13,B1_1,-0.141,-0.122,0.266,0.1,1.0,-0.045,-0.031,0.019,-0.154,-0.332,-0.113,0.021,0.043,0.31,0.048,0.165
13,B1_2,0.127,-0.125,0.082,-0.001,-0.045,1.0,-0.116,0.023,-0.053,0.024,-0.117,-0.052,0.207,0.068,-0.124,-0.086
13,B1_3,0.196,-0.244,-0.014,0.079,-0.031,-0.116,1.0,-0.144,0.109,-0.124,0.014,-0.045,0.012,-0.015,-0.171,0.045
13,A2_1,0.048,-0.066,-0.075,-0.088,0.019,0.023,-0.144,1.0,-0.136,0.134,-0.074,0.061,0.037,-0.096,0.062,-0.073
13,A2_2,0.21,0.218,-0.114,0.168,-0.154,-0.053,0.109,-0.136,1.0,-0.094,-0.025,-0.035,0.101,-0.155,-0.055,-0.292
13,A2_3,0.128,-0.039,0.05,-0.076,-0.332,0.024,-0.124,0.134,-0.094,1.0,-0.073,0.111,-0.109,-0.162,-0.015,0.045
13,B2_1,-0.092,0.094,-0.006,-0.061,-0.113,-0.117,0.014,-0.074,-0.025,-0.073,1.0,-0.098,-0.027,0.116,-0.147,-0.12
13,B2_2,-0.009,0.124,-0.007,-0.141,0.021,-0.052,-0.045,0.061,-0.035,0.111,-0.098,1.0,0.002,-0.167,0.076,-0.035
13,B2_3,-0.07,-0.085,-0.129,0.188,0.043,0.207,0.012,0.037,0.101,-0.109,-0.027,0.002,1.0,-0.006,0.053,-0.176
13,y1,-0.376,0.032,0.03,0.475,0.31,0.068,-0.015,-0.096,-0.155,-0.162,0.116,-0.167,-0.006,1.0,0.209,0.225
13,y2,-0.147,0.181,-0.023,0.102,0.048,-0.124,-0.171,0.062,-0.055,-0.015,-0.147,0.076,0.053,0.209,1.0,-0.133
13,y3,0.004,-0.129,0.005,-0.029,0.165,-0.086,0.045,-0.073,-0.292,0.045,-0.12,-0.035,-0.176,0.225,-0.133,1.0
14,.,1.0,-0.074,-0.084,-0.145,-0.149,0.119,0.184,0.051,0.211,0.13,-0.101,-0.018,-0.078,-0.375,-0.144,0.004
14,A1_1,-0.074,1.0,-0.019,0.023,-0.124,-0.127,-0.245,-0.064,0.22,-0.036,0.091,0.121,-0.087,0.031,0.18,-0.13
14,A1_2,-0.084,-0.019,1.0,-0.055,0.264,0.081,-0.014,-0.073,-0.111,0.052,-0.007,-0.007,-0.13,0.028,-0.023,0.003
14,A1_3,-0.145,0.023,-0.055,1.0,0.099,-0.001,0.079,-0.087,0.169,-0.074,-0.062,-0.141,0.187,0.473,0.102,-0.031
14,B1_1,-0.149,-0.124,0.264,0.099,1.0,-0.041,-0.027,0.017,-0.156,-0.335,-0.107,0.025,0.048,0.309,0.046,0.162
14,B1_2,0.119,-0.127,0.081,-0.001,-0.041,1.0,-0.112,0.021,-0.055,0.021,-0.113,-0.048,0.21,0.068,-0.126,-0.087
14,B1_3,0.184,-0.245,-0.014,0.079,-0.027,-0.112,1.0,-0.145,0.106,-0.127,0.019,-0.04,0.017,-0.014,-0.172,0.043
14,A2_1,0.051,-0.064,-0.073,-0.087,0.017,0.021,-0.145,1.0,-0.134,0.136,-0.075,0.059,0.035,-0.097,0.062,-0.074
14,A2_2,0.211,0.22,-0.111,0.169,-0.156,-0.055,0.106,-0.134,1.0,-0.091,-0.027,-0.036,0.098,-0.157,-0.056,-0.293
14,A2_3,0.13,-0.036,0.052,-0.074,-0.335,0.021,-0.127,0.136,-0.091,1.0,-0.076,0.107,-0.112,-0.161,-0.014,0.044
14,B2_1,-0.101,0.091,-0.007,-0.062,-0.107,-0.113,0.019,-0.075,-0.027,-0.076,1.0,-0.093,-0.022,0.116,-0.148,-0.121
14,B2_2,-0.018,0.121,-0.007,-0.141,0.025,-0.048,-0.04,0.059,-0.036,0.107,-0.093,1.0,0.007,-0.167,0.074,-0.036
14,B2_3,-0.078,-0.087,-0.13,0.187,0.048,0.21,0.017,0.035,0.098,-0.112,-0.022,0.007,1.0,-0.006,0.05,-0.177
14,y1,-0.375,0.031,0.028,0.473,0.309,0.068,-0.014,-0.097,-0.157,-0.161,0.116,-0.167,-0.006,1.0,0.212,0.229
14,y2,-0.144,0.18,-0.023,0.102,0.046,-0.126,-0.172,0.062,-0.056,-0.014,-0.148,0.074,0.05,0.212,1.0,-0.128
14,y3,0.004,-0.13,0.003,-0.031,0.162,-0.087,0.043,-0.074,-0.293,0.044,-0.121,-0.036,-0.177,0.229,-0.128,1.0
15,.,1.0,-0.069,-0.081,-0.142,-0.157,0.109,0.171,0.054,0.213,0.133,-0.11,-0.029,-0.088,-0.374,-0.141,0.005
15,A1_1,-0.069,1.0,-0.017,0.025,-0.126,-0.129,-0.247,-0.061,0.222,-0.033,0.088,0.118,-0.089,0.03,0.18,-0.13
15,A1_2,-0.081,-0.017,1.0,-0.054,0.262,0.08,-0.015,-0.072,-0.109,0.054,-0.008,-0.008,-0.131,0.026,-0.023,0.002
15,A1_3,-0.142,0.025,-0.054,1.0,0.097,-0.002,0.078,-0.086,0.171,-0.071,-0.063,-0.141,0.185,0.471,0.102,-0.032
15,B1_1,-0.157,-0.126,0.262,0.097,1.0,-0.036,-0.022,0.015,-0.158,-0.337,-0.101,0.03,0.053,0.308,0.044,0.16
15,B1_2,0.109,-0.129,0.08,-0.002,-0.036,1.0,-0.108,0.019,-0.057,0.017,-0.108,-0.044,0.214,0.068,-0.128,-0.089
15,B1_3,0.171,-0.247,-0.015,0.078,-0.022,-0.108,1.0,-0.147,0.103,-0.13,0.024,-0.035,0.022,-0.014,-0.173,0.041
15,A2_1,0.054,-0.061,-0.072,-0.086,0.015,0.019,-0.147,1.0,-0.131,0.138,-0.077,0.057,0.033,-0.098,0.061,-0.075
15,A2_2,0.213,0.222,-0.109,0.171,-0.158,-0.057,0.103,-0.131,1.0,-0.087,-0.03,-0.039,0.095,-0.158,-0.057,-0.293
15,A2_3,0.133,-0.033,0.054,-0.071,-0.337,0.017,-0.13,0.138,-0.087,1.0,-0.079,0.104,-0.115,-0.16,-0.013,0.044
15,B2_1,-0.11,0.088,-0.008,-0.063,-0.101,-0.108,0.024,-0.077,-0.03,-0.079,1.0,-0.087,-0.016,0.115,-0.149,-0.122
15,B2_2,-0.029,0.118,-0.008,-0.141,0.03,-0.044,-0.035,0.057,-0.039,0.104,-0.087,1.0,0.012,-0.166,0.072,-0.038
15,B2_3,-0.088,-0.089,-0.131,0.185,0.053,0.214,0.022,0.033,0.095,-0.115,-0.016,0.012,1.0,-0.007,0.047,-0.178
15,y1,-0.374,0.03,0.026,0.471,0.308,0.068,-0.014,-0.098,-0.158,-0.16,0.115,-0.166,-0.007,1.0,0.215,0.233
15,y2,-0.141,0.18,-0.023,0.102,0.044,-0.128,-0.173,0.061,-0.057,-0.013,-0.149,0.072,0.047,0.215,1.0,-0.122
15,y3,0.005,-0.13,0.002,-0.032,0.16,-0.089,0.041,-0.075,-0.293,0.044,-0.122,-0.038,-0.178,0.233,-0.122,1.0
16,.,1.0,-0.065,-0.077,-0.139,-0.167,0.098,0.156,0.059,0.214,0.137,-0.121,-0.04,-0.098,-0.371,-0.137,0.006
16,A1_1,-0.065,1.0,-0.014,0.027,-0.128,-0.131,-0.248,-0.059,0.225,-0.029,0.084,0.115,-0.092,0.029,0.179,-0.131
16,A1_2,-0.077,-0.014,1.0,-0.053,0.259,0.078,-0.016,-0.07,-0.106,0.057,-0.01,-0.009,-0.132,0.024,-0.024,-0.0
16,A1_3,-0.139,0.027,-0.053,1.0,0.096,-0.003,0.077,-0.085,0.173,-0.069,-0.064,-0.141,0.183,0.468,0.101,-0.033
16,B1_1,-0.167,-0.128,0.259,0.096,1.0,-0.031,-0.016,0.012,-0.16,-0.34,-0.094,0.035,0.059,0.307,0.042,0.157
16,B1_2,0.098,-0.131,0.078,-0.003,-0.031,1.0,-0.103,0.017,-0.06,0.013,-0.101,-0.039,0.219,0.067,-0.13,-0.09
16,B1_3,0.156,-0.248,-0.016,0.077,-0.016,-0.103,1.0,-0.148,0.099,-0.134,0.031,-0.029,0.028,-0.013,-0.175,0.039
16,A2_1,0.059,-0.059,-0.07,-0.085,0.012,0.017,-0.148,1.0,-0.128,0.14,-0.079,0.055,0.03,-0.1,0.061,-0.076
16,A2_2,0.214,0.225,-0.106,0.173,-0.16,-0.06,0.099,-0.128,1.0,-0.084,-0.033,-0.041,0.091,-0.16,-0.057,-0.294
16,A2_3,0.137,-0.029,0.057,-0.069,-0.34,0.013,-0.134,0.14,-0.084,1.0,-0.083,0.099,-0.119,-0.159,-0.012,0.043
16,B2_1,-0.121,0.084,-0.01,-0.064,-0.094,-0.101,0.031,-0.079,-0.033,-0.083,1.0,-0.08,-0.009,0.115,-0.151,-0.123
16,B2_2,-0.04,0.115,-0.009,-0.141,0.035,-0.039,-0.029,0.055,-0.041,0.099,-0.08,1.0,0.018,-0.166,0.069,-0.04
16,B2_3,-0.098,-0.092,-0.132,0.183,0.059,0.219,0.028,0.03,0.091,-0.119,-0.009,0.018,1.0,-0.008,0.044,-0.179
16,y1,-0.371,0.029,0.024,0.468,0.307,0.067,-0.013,-0.1,-0.16,-0.159,0.115,-0.166,-0.008,1.0,0.218,0.237
16,y2,-0.137,0.179,-0.024,0.101,0.042,-0.13,-0.175,0.061,-0.057,-0.012,-0.151,0.069,0.044,0.218,1.0,-0.116
16,y3,0.006,-0.131,-0.0,-0.033,0.157,-0.09,0.039,-0.076,-0.294,0.043,-0.123,-0.04,-0.179,0.237,-0.116,1.0
17,.,1.0,-0.06,-0.073,-0.136,-0.177,0.086,0.14,0.063,0.216,0.14,-0.132,-0.053,-0.109,-0.368,-0.133,0.008
17,A1_1,-0.06,1.0,-0.012,0.029,-0.131,-0.133,-0.251,-0.056,0.228,-0.025,0.08,0.112,-0.094,0.028,0.179,-0.131
17,A1_2,-0.073,-0.012,1.0,-0.051,0.256,0.077,-0.017,-0.068,-0.103,0.059,-0.012,-0.01,-0.133,0.022,-0.024,-0.002
17,A1_3,-0.136,0.029,-0.051,1.0,0.093,-0.004,0.076,-0.083,0.175,-0.066,-0.066,-0.142,0.181,0.465,0.101,-0.034
17,B1_1,-0.177,-0.131,0.256,0.093,1.0,-0.024,-0.009,0.009,-0.163,-0.343,-0.086,0.042,0.067,0.305,0.039,0.154
17,B1_2,0.086,-0.133,0.077,-0.004,-0.024,1.0,-0.097,0.014,-0.063,0.009,-0.094,-0.033,0.224,0.067,-0.132,-0.092
17,B1_3,0.14,-0.251,-0.017,0.076,-0.009,-0.097,1.0,-0.151,0.095,-0.139,0.038,-0.023,0.036,-0.013,-0.177,0.036
17,A2_1,0.063,-0.056,-0.068,-0.083,0.009,0.014,-0.151,1.0,-0.124,0.143,-0.082,0.052,0.027,-0.101,0.06,-0.077
17,A2_2,0.216,0.228,-0.103,0.175,-0.163,-0.063,0.095,-0.124,1.0,-0.08,-0.036,-0.044,0.087,-0.161,-0.058,-0.294
17,A2_3,0.14,-0.025,0.059,-0.066,-0.343,0.009,-0.139,0.143,-0.08,1.0,-0.088,0.094,-0.122,-0.158,-0.011,0.043
17,B2_1,-0.132,0.08,-0.012,-0.066,-0.086,-0.094,0.038,-0.082,-0.036,-0.088,1.0,-0.073,-0.002,0.113,-0.152,-0.125
17,B2_2,-0.053,0.112,-0.01,-0.142,0.042,-0.033,-0.023,0.052,-0.044,0.094,-0.073,1.0,0.025,-0.166,0.065,-0.043
17,B2_3,-0.109,-0.094,-0.133,0.181,0.067,0.224,0.036,0.027,0.087,-0.122,-0.002,0.025,1.0,-0.009,0.041,-0.18
17,y1,-0.368,0.028,0.022,0.465,0.305,0.067,-0.013,-0.101,-0.161,-0.158,0.113,-0.166,-0.009,1.0,0.222,0.242
17,y2,-0.133,0.179,-0.024,0.101,0.039,-0.132,-0.177,0.06,-0.058,-0.011,-0.152,0.065,0.041,0.222,1.0,-0.109
17,y3,0.008,-0.131,-0.002,-0.034,0.154,-0.092,0.036,-0.077,-0.294,0.043,-0.125,-0.043,-0.18,0.242,-0.109,1.0
18,.,1.0,-0.055,-0.068,-0.131,-0.188,0.072,0.123,0.068,0.217,0.144,-0.144,-0.066,-0.121,-0.363,-0.129,0.011
18,A1_1,-0.055,1.0,-0.009,0.032,-0.134,-0.136,-0.253,-0.052,0.231,-0.021,0.075,0.107,-0.098,0.027,0.178,-0.132
18,A1_2,-0.068,-0.009,1.0,-0.05,0.252,0.075,-0.019,-0.066,-0.099,0.063,-0.014,-0.012,-0.134,0.02,-0.025,-0.004
18,A1_3,-0.131,0.032,-0.05,1.0,0.091,-0.005,0.074,-0.081,0.178,-0.062,-0.068,-0.143,0.178,0.463,0.101,-0.035
18,B1_1,-0.188,-0.134,0.252,0.091,1.0,-0.017,-0.001,0.006,-0.166,-0.346,-0.077,0.049,0.075,0.303,0.036,0.151
18,B1_2,0.072,-0.136,0.075,-0.005,-0.017,1.0,-0.089,0.011,-0.066,0.004,-0.086,-0.026,0.231,0.066,-0.135,-0.095
18,B1_3,0.123,-0.253,-0.019,0.074,-0.001,-0.089,1.0,-0.153,0.09,-0.144,0.046,-0.015,0.044,-0.013,-0.179,0.033
18,A2_1,0.068,-0.052,-0.066,-0.081,0.006,0.011,-0.153,1.0,-0.12,0.146,-0.085,0.049,0.024,-0.102,0.06,-0.079
18,A2_2,0.217,0.231,-0.099,0.178,-0.166,-0.066,0.09,-0.12,1.0,-0.075,-0.04,-0.048,0.083,-0.162,-0.059,-0.295
18,A2_3,0.144,-0.021,0.063,-0.062,-0.346,0.004,-0.144,0.146,-0.075,1.0,-0.092,0.089,-0.127,-0.157,-0.009,0.043
18,B2_1,-0.144,0.075,-0.014,-0.068,-0.077,-0.086,0.046,-0.085,-0.04,-0.092,1.0,-0.064,0.007,0.112,-0.154,-0.126
18,B2_2,-0.066,0.107,-0.012,-0.143,0.049,-0.026,-0.015,0.049,-0.048,0.089,-0.064,1.0,0.034,-0.166,0.062,-0.046
18,B2_3,-0.121,-0.098,-0.134,0.178,0.075,0.231,0.044,0.024,0.083,-0.127,0.007,0.034,1.0,-0.011,0.036,-0.182
18,y1,-0.363,0.027,0.02,0.463,0.303,0.066,-0.013,-0.102,-0.162,-0.157,0.112,-0.166,-0.011,1.0,0.227,0.248
18,y2,-0.129,0.178,-0.025,0.101,0.036,-0.135,-0.179,0.06,-0.059,-0.009,-0.154,0.062,0.036,0.227,1.0,-0.101
18,y3,0.011,-0.132,-0.004,-0.035,0.151,-0.095,0.033,-0.079,-0.295,0.043,-0.126,-0.046,-0.182,0.248,-0.101,1.0
19,.,1.0,-0.05,-0.063,-0.126,-0.199,0.058,0.105,0.073,0.219,0.148,-0.157,-0.081,-0.133,-0.358,-0.125,0.013
19,A1_1,-0.05,1.0,-0.006,0.035,-0.138,-0.139,-0.256,-0.048,0.235,-0.016,0.07,0.103,-0.101,0.026,0.177,-0.132
19,A1_2,-0.063,-0.006,1.0,-0.048,0.248,0.073,-0.021,-0.063,-0.095,0.066,-0.017,-0.014,-0.136,0.018,-0.025,-0.006
19,A1_3,-0.126,0.035,-0.048,1.0,0.087,-0.007,0.072,-0.079,0.181,-0.058,-0.07,-0.144,0.174,0.459,0.101,-0.036
19,B1_1,-0.199,-0.138,0.248,0.087,1.0,-0.009,0.009,0.002,-0.169,-0.349,-0.068,0.057,0.083,0.3,0.033,0.147
19,B1_2,0.058,-0.139,0.073,-0.007,-0.009,1.0,-0.081,0.008,-0.07,-0.002,-0.077,-0.018,0.238,0.064,-0.138,-0.097
19,B1_3,0.105,-0.256,-0.021,0.072,0.009,-0.081,1.0,-0.156,0.085,-0.15,0.055,-0.005,0.054,-0.013,-0.182,0.029
19,A2_1,0.073,-0.048,-0.063,-0.079,0.002,0.008,-0.156,1.0,-0.116,0.149,-0.088,0.045,0.02,-0.104,0.059,-0.08
19,A2_2,0.219,0.235,-0.095,0.181,-0.169,-0.07,0.085,-0.116,1.0,-0.07,-0.044,-0.051,0.078,-0.163,-0.059,-0.295
19,A2_3,0.148,-0.016,0.066,-0.058,-0.349,-0.002,-0.15,0.149,-0.07,1.0,-0.098,0.083,-0.131,-0.155,-0.008,0.042
19,B2_1,-0.157,0.07,-0.017,-0.07,-0.068,-0.077,0.055,-0.088,-0.044,-0.098,1.0,-0.054,0.017,0.109,-0.157,-0.128
19,B2_2,-0.081,0.103,-0.014,-0.144,0.057,-0.018,-0.005,0.045,-0.051,0.083,-0.054,1.0,0.043,-0.167,0.057,-0.049
19,B2_3,-0.133,-0.101,-0.136,0.174,0.083,0.238,0.054,0.02,0.078,-0.131,0.017,0.043,1.0,-0.014,0.032,-0.184
19,y1,-0.358,0.026,0.018,0.459,0.3,0.064,-0.013,-0.104,-0.163,-0.155,0.109,-0.167,-0.014,1.0,0.233,0.254
19,y2,-0.125,0.177,-0.025,0.101,0.033,-0.138,-0.182,0.059,-0.059,-0.008,-0.157,0.057,0.032,0.233,1.0,-0.092
19,y3,0.013,-0.132,-0.006,-0.036,0.147,-0.097,0.029,-0.08,-0.295,0.042,-0.128,-0.049,-0.184,0.254,-0.092,1.0
20,.,1.0,-0.044,-0.058,-0.121,-0.211,0.043,0.085,0.078,0.22,0.151,-0.169,-0.095,-0.145,-0.351,-0.12,0.016
20,A1_1,-0.044,1.0,-0.002,0.038,-0.142,-0.143,-0.259,-0.044,0.238,-0.012,0.065,0.097,-0.104,0.026,0.177,-0.132
20,A1_2,-0.058,-0.002,1.0,-0.046,0.244,0.07,-0.023,-0.06,-0.091,0.07,-0.019,-0.016,-0.138,0.015,-0.025,-0.008
20,A1_3,-0.121,0.038,-0.046,1.0,0.084,-0.009,0.069,-0.076,0.184,-0.054,-0.073,-0.146,0.17,0.456,0.1,-0.037
20,B1_1,-0.211,-0.142,0.244,0.084,1.0,0.0,0.019,-0.002,-0.172,-0.353,-0.057,0.066,0.093,0.297,0.029,0.143
20,B1_2,0.043,-0.143,0.07,-0.009,0.0,1.0,-0.071,0.004,-0.074,-0.008,-0.066,-0.009,0.245,0.062,-0.142,-0.1
20,B1_3,0.085,-0.259,-0.023,0.069,0.019,-0.071,1.0,-0.159,0.079,-0.156,0.065,0.005,0.065,-0.014,-0.184,0.025
20,A2_1,0.078,-0.044,-0.06,-0.076,-0.002,0.004,-0.159,1.0,-0.111,0.152,-0.091,0.041,0.016,-0.105,0.058,-0.081
20,A2_2,0.22,0.238,-0.091,0.184,-0.172,-0.074,0.079,-0.111,1.0,-0.065,-0.049,-0.055,0.073,-0.164,-0.06,-0.295
20,A2_3,0.151,-0.012,0.07,-0.054,-0.353,-0.008,-0.156,0.152,-0.065,1.0,-0.103,0.076,-0.136,-0.153,-0.007,0.042
20,B2_1,-0.169,0.065,-0.019,-0.073,-0.057,-0.066,0.065,-0.091,-0.049,-0.103,1.0,-0.043,0.027,0.106,-0.159,-0.131
20,B2_2,-0.095,0.097,-0.016,-0.146,0.066,-0.009,0.005,0.041,-0.055,0.076,-0.043,1.0,0.053,-0.168,0.052,-0.053
20,B2_3,-0.145,-0.104,-0.138,0.17,0.093,0.245,0.065,0.016,0.073,-0.136,0.027,0.053,1.0,-0.018,0.027,-0.186
20,y1,-0.351,0.026,0.015,0.456,0.297,0.062,-0.014,-0.105,-0.164,-0.153,0.106,-0.168,-0.018,1.0,0.239,0.261
20,y2,-0.12,0.177,-0.025,0.1,0.029,-0.142,-0.184,0.058,-0.06,-0.007,-0.159,0.052,0.027,0.239,1.0,-0.082
20,y3,0.016,-0.132,-0.008,-0.037,0.143,-0.1,0.025,-0.081,-0.295,0.042,-0.131,-0.053,-0.186,0.261,-0.082,1.0
21,.,1.0,-0.04,-0.053,-0.116,-0.222,0.028,0.066,0.083,0.222,0.154,-0.182,-0.11,-0.157,-0.344,-0.116,0.019
21,A1_1,-0.04,1.0,0.002,0.042,-0.146,-0.147,-0.262,-0.04,0.242,-0.007,0.059,0.092,-0.108,0.025,0.176,-0.132
21,A1_2,-0.053,0.002,1.0,-0.043,0.239,0.067,-0.025,-0.057,-0.086,0.074,-0.023,-0.019,-0.14,0.013,-0.026,-0.01
21,A1_3,-0.116,0.042,-0.043,1.0,0.079,-0.012,0.065,-0.073,0.188,-0.05,-0.076,-0.148,0.165,0.453,0.1,-0.038
21,B1_1,-0.222,-0.146,0.239,0.079,1.0,0.01,0.03,-0.006,-0.176,-0.357,-0.046,0.076,0.103,0.292,0.026,0.139
21,B1_2,0.028,-0.147,0.067,-0.012,0.01,1.0,-0.061,0.0,-0.079,-0.014,-0.055,0.001,0.254,0.059,-0.145,-0.103
21,B1_3,0.066,-0.262,-0.025,0.065,0.03,-0.061,1.0,-0.162,0.073,-0.162,0.077,0.016,0.076,-0.016,-0.187,0.02
21,A2_1,0.083,-0.04,-0.057,-0.073,-0.006,0.0,-0.162,1.0,-0.106,0.156,-0.095,0.036,0.012,-0.106,0.058,-0.083
21,A2_2,0.222,0.242,-0.086,0.188,-0.176,-0.079,0.073,-0.106,1.0,-0.059,-0.053,-0.06,0.068,-0.165,-0.061,-0.295
21,A2_3,0.154,-0.007,0.074,-0.05,-0.357,-0.014,-0.162,0.156,-0.059,1.0,-0.109,0.069,-0.14,-0.15,-0.005,0.041
21,B2_1,-0.182,0.059,-0.023,-0.076,-0.046,-0.055,0.077,-0.095,-0.053,-0.109,1.0,-0.032,0.038,0.102,-0.162,-0.133
21,B2_2,-0.11,0.092,-0.019,-0.148,0.076,0.001,0.016,0.036,-0.06,0.069,-0.032,1.0,0.063,-0.17,0.047,-0.057
21,B2_3,-0.157,-0.108,-0.14,0.165,0.103,0.254,0.076,0.012,0.068,-0.14,0.038,0.063,1.0,-0.022,0.022,-0.188
21,y1,-0.344,0.025,0.013,0.453,0.292,0.059,-0.016,-0.106,-0.165,-0.15,0.102,-0.17,-0.022,1.0,0.246,0.269
21,y2,-0.116,0.176,-0.026,0.1,0.026,-0.145,-0.187,0.058,-0.061,-0.005,-0.162,0.047,0.022,0.246,1.0,-0.072
21,y3,0.019,-0.132,-0.01,-0.038,0.139,-0.103,0.02,-0.083,-0.295,0.041,-0.133,-0.057,-0.188,0.269,-0.072,1.0
22,.,1.0,-0.036,-0.047,-0.11,-0.233,0.013,0.047,0.088,0.223,0.157,-0.194,-0.124,-0.168,-0.335,-0.112,0.022
22,A1_1,-0.036,1.0,0.006,0.046,-0.15,-0.151,-0.265,-0.035,0.246,-0.001,0.053,0.086,-0.112,0.025,0.175,-0.133
22,A1_2,-0.047,0.006,1.0,-0.041,0.233,0.063,-0.028,-0.053,-0.081,0.079,-0.026,-0.022,-0.143,0.01,-0.026,-0.012
22,A1_3,-0.11,0.046,-0.041,1.0,0.074,-0.015,0.061,-0.069,0.192,-0.044,-0.079,-0.15,0.16,0.449,0.101,-0.039
22,B1_1,-0.233,-0.15,0.233,0.074,1.0,0.021,0.041,-0.011,-0.18,-0.361,-0.034,0.086,0.113,0.286,0.022,0.134
22,B1_2,0.013,-0.151,0.063,-0.015,0.021,1.0,-0.049,-0.004,-0.084,-0.021,-0.043,0.012,0.263,0.055,-0.149,-0.106
22,B1_3,0.047,-0.265,-0.028,0.061,0.041,-0.049,1.0,-0.166,0.066,-0.168,0.088,0.028,0.088,-0.019,-0.19,0.015
22,A2_1,0.088,-0.035,-0.053,-0.069,-0.011,-0.004,-0.166,1.0,-0.101,0.16,-0.099,0.031,0.007,-0.107,0.057,-0.084
22,A2_2,0.223,0.246,-0.081,0.192,-0.18,-0.084,0.066,-0.101,1.0,-0.054,-0.058,-0.064,0.062,-0.165,-0.062,-0.296
22,A2_3,0.157,-0.001,0.079,-0.044,-0.361,-0.021,-0.168,0.16,-0.054,1.0,-0.115,0.062,-0.145,-0.147,-0.004,0.04
22,B2_1,-0.194,0.053,-0.026,-0.079,-0.034,-0.043,0.088,-0.099,-0.058,-0.115,1.0,-0.02,0.049,0.097,-0.164,-0.135
22,B2_2,-0.124,0.086,-0.022,-0.15,0.086,0.012,0.028,0.031,-0.064,0.062,-0.02,1.0,0.074,-0.172,0.042,-0.06
22,B2_3,-0.168,-0.112,-0.143,0.16,0.113,0.263,0.088,0.007,0.062,-0.145,0.049,0.074,1.0,-0.027,0.017,-0.19
22,y1,-0.335,0.025,0.01,0.449,0.286,0.055,-0.019,-0.107,-0.165,-0.147,0.097,-0.172,-0.027,1.0,0.254,0.278
22,y2,-0.112,0.175,-0.026,0.101,0.022,-0.149,-0.19,0.057,-0.062,-0.004,-0.164,0.042,0.017,0.254,1.0,-0.061
22,y3,0.022,-0.133,-0.012,-0.039,0.134,-0.106,0.015,-0.084,-0.296,0.04,-0.135,-0.06,-0.19,0.278,-0.061,1.0
23,.,1.0,-0.032,-0.041,-0.105,-0.243,-0.002,0.029,0.094,0.223,0.159,-0.205,-0.137,-0.178,-0.326,-0.109,0.024
23,A1_1,-0.032,1.0,0.011,0.051,-0.155,-0.155,-0.269,-0.03,0.251,0.004,0.046,0.08,-0.116,0.025,0.173,-0.133
23,A1_2,-0.041,0.011,1.0,-0.037,0.227,0.06,-0.032,-0.049,-0.075,0.083,-0.03,-0.025,-0.145,0.008,-0.026,-0.015
23,A1_3,-0.105,0.051,-0.037,1.0,0.069,-0.018,0.057,-0.066,0.196,-0.039,-0.083,-0.153,0.155,0.445,0.101,-0.04
23,B1_1,-0.243,-0.155,0.227,0.069,1.0,0.031,0.053,-0.016,-0.183,-0.365,-0.022,0.096,0.123,0.28,0.018,0.13
23,B1_2,-0.002,-0.155,0.06,-0.018,0.031,1.0,-0.037,-0.009,-0.089,-0.027,-0.031,0.023,0.272,0.05,-0.153,-0.109
23,B1_3,0.029,-0.269,-0.032,0.057,0.053,-0.037,1.0,-0.17,0.06,-0.175,0.1,0.04,0.1,-0.023,-0.193,0.01
23,A2_1,0.094,-0.03,-0.049,-0.066,-0.016,-0.009,-0.17,1.0,-0.095,0.164,-0.104,0.026,0.003,-0.108,0.056,-0.086
23,A2_2,0.223,0.251,-0.075,0.196,-0.183,-0.089,0.06,-0.095,1.0,-0.048,-0.062,-0.068,0.057,-0.165,-0.064,-0.296
23,A2_3,0.159,0.004,0.083,-0.039,-0.365,-0.027,-0.175,0.164,-0.048,1.0,-0.121,0.055,-0.149,-0.144,-0.004,0.038
23,B2_1,-0.205,0.046,-0.03,-0.083,-0.022,-0.031,0.1,-0.104,-0.062,-0.121,1.0,-0.008,0.06,0.091,-0.167,-0.138
23,B2_2,-0.137,0.08,-0.025,-0.153,0.096,0.023,0.04,0.026,-0.068,0.055,-0.008,1.0,0.084,-0.176,0.036,-0.064
23,B2_3,-0.178,-0.116,-0.145,0.155,0.123,0.272,0.1,0.003,0.057,-0.149,0.06,0.084,1.0,-0.033,0.012,-0.192
23,y1,-0.326,0.025,0.008,0.445,0.28,0.05,-0.023,-0.108,-0.165,-0.144,0.091,-0.176,-0.033,1.0,0.263,0.287
23,y2,-0.109,0.173,-0.026,0.101,0.018,-0.153,-0.193,0.056,-0.064,-0.004,-0.167,0.036,0.012,0.263,1.0,-0.049
23,y3,0.024,-0.133,-0.015,-0.04,0.13,-0.109,0.01,-0.086,-0.296,0.038,-0.138,-0.064,-0.192,0.287,-0.049,1.0
