,,.,A1_1,A1_2,A1_3,B1_1,B1_2,B1_3,A2_1,A2_2,A2_3,B2_1,B2_2,B2_3,y1,y2,y3
1,.,1.0,0.927,0.96,0.959,0.966,0.938,0.891,0.922,0.913,0.883,0.858,0.85,0.921,0.885,0.955,0.913
1,A1_1,0.927,1.0,0.915,0.915,0.938,0.955,0.961,0.949,0.903,0.888,0.887,0.831,0.909,0.893,0.902,0.904
1,A1_2,0.96,0.915,1.0,0.883,0.948,0.889,0.877,0.911,0.889,0.795,0.823,0.741,0.836,0.782,0.895,0.814
1,A1_3,0.959,0.915,0.883,1.0,0.933,0.947,0.876,0.891,0.899,0.872,0.859,0.861,0.908,0.882,0.924,0.935
1,B1_1,0.966,0.938,0.948,0.933,1.0,0.943,0.898,0.887,0.866,0.849,0.901,0.795,0.87,0.859,0.936,0.906
1,B1_2,0.938,0.955,0.889,0.947,0.943,1.0,0.965,0.931,0.882,0.905,0.938,0.832,0.93,0.928,0.894,0.943
1,B1_3,0.891,0.961,0.877,0.876,0.898,0.965,1.0,0.934,0.826,0.887,0.928,0.775,0.897,0.906,0.824,0.9
1,A2_1,0.922,0.949,0.911,0.891,0.887,0.931,0.934,1.0,0.924,0.907,0.846,0.875,0.938,0.883,0.906,0.878
1,A2_2,0.913,0.903,0.889,0.899,0.866,0.882,0.826,0.924,1.0,0.819,0.758,0.889,0.902,0.852,0.919,0.866
1,A2_3,0.883,0.888,0.795,0.872,0.849,0.905,0.887,0.907,0.819,1.0,0.898,0.921,0.979,0.935,0.905,0.927
1,B2_1,0.858,0.887,0.823,0.859,0.901,0.938,0.928,0.846,0.758,0.898,1.0,0.775,0.885,0.889,0.818,0.903
1,B2_2,0.85,0.831,0.741,0.861,0.795,0.832,0.775,0.875,0.889,0.921,0.775,1.0,0.952,0.914,0.927,0.921
1,B2_3,0.921,0.909,0.836,0.908,0.87,0.93,0.897,0.938,0.902,0.979,0.885,0.952,1.0,0.965,0.929,0.947
1,y1,0.885,0.893,0.782,0.882,0.859,0.928,0.906,0.883,0.852,0.935,0.889,0.914,0.965,1.0,0.878,0.967
1,y2,0.955,0.902,0.895,0.924,0.936,0.894,0.824,0.906,0.919,0.905,0.818,0.927,0.929,0.878,1.0,0.923
1,y3,0.913,0.904,0.814,0.935,0.906,0.943,0.9,0.878,0.866,0.927,0.903,0.921,0.947,0.967,0.923,1.0
2,.,1.0,0.93,0.961,0.96,0.966,0.94,0.894,0.925,0.916,0.887,0.863,0.855,0.924,0.889,0.956,0.915
2,A1_1,0.93,1.0,0.917,0.917,0.94,0.956,0.961,0.951,0.905,0.89,0.889,0.835,0.911,0.894,0.903,0.906
2,A1_2,0.961,0.917,1.0,0.884,0.949,0.891,0.879,0.912,0.89,0.8,0.826,0.747,0.839,0.787,0.896,0.817
2,A1_3,0.96,0.917,0.884,1.0,0.934,0.947,0.878,0.893,0.901,0.874,0.86,0.863,0.91,0.884,0.925,0.936
2,B1_1,0.966,0.94,0.949,0.934,1.0,0.944,0.901,0.89,0.868,0.854,0.904,0.8,0.873,0.861,0.936,0.908
2,B1_2,0.94,0.956,0.891,0.947,0.944,1.0,0.966,0.934,0.885,0.908,0.94,0.837,0.932,0.93,0.895,0.945
2,B1_3,0.894,0.961,0.879,0.878,0.901,0.966,1.0,0.936,0.829,0.89,0.93,0.782,0.9,0.909,0.828,0.903
2,A2_1,0.925,0.951,0.912,0.893,0.89,0.934,0.936,1.0,0.927,0.911,0.853,0.88,0.942,0.888,0.909,0.882
2,A2_2,0.916,0.905,0.89,0.901,0.868,0.885,0.829,0.927,1.0,0.823,0.763,0.893,0.905,0.856,0.92,0.869
2,A2_3,0.887,0.89,0.8,0.874,0.854,0.908,0.89,0.911,0.823,1.0,0.902,0.924,0.98,0.936,0.908,0.929
2,B2_1,0.863,0.889,0.826,0.86,0.904,0.94,0.93,0.853,0.763,0.902,1.0,0.782,0.888,0.892,0.822,0.906
2,B2_2,0.855,0.835,0.747,0.863,0.8,0.837,0.782,0.88,0.893,0.924,0.782,1.0,0.954,0.916,0.929,0.923
2,B2_3,0.924,0.911,0.839,0.91,0.873,0.932,0.9,0.942,0.905,0.98,0.888,0.954,1.0,0.965,0.93,0.949
2,y1,0.889,0.894,0.787,0.884,0.861,0.93,0.909,0.888,0.856,0.936,0.892,0.916,0.965,1.0,0.881,0.968
2,y2,0.956,0.903,0.896,0.925,0.936,0.895,0.828,0.909,0.92,0.908,0.822,0.929,0.93,0.881,1.0,0.924
2,y3,0.915,0.906,0.817,0.936,0.908,0.945,0.903,0.882,0.869,0.929,0.906,0.923,0.949,0.968,0.924,1.0
3,.,1.0,0.932,0.961,0.961,0.967,0.942,0.898,0.928,0.919,0.893,0.868,0.861,0.928,0.893,0.957,0.919
3,A1_1,0.932,1.0,0.919,0.919,0.942,0.957,0.962,0.953,0.907,0.893,0.893,0.841,0.914,0.897,0.906,0.909
3,A1_2,0.961,0.919,1.0,0.887,0.951,0.894,0.882,0.915,0.893,0.806,0.832,0.756,0.845,0.793,0.898,0.822
3,A1_3,0.961,0.919,0.887,1.0,0.936,0.948,0.881,0.896,0.903,0.878,0.864,0.867,0.912,0.888,0.926,0.937
3,B1_1,0.967,0.942,0.951,0.936,1.0,0.945,0.905,0.896,0.872,0.86,0.908,0.807,0.878,0.866,0.938,0.911
3,B1_2,0.942,0.957,0.894,0.948,0.945,1.0,0.968,0.938,0.888,0.912,0.942,0.844,0.935,0.932,0.898,0.946
3,B1_3,0.898,0.962,0.882,0.881,0.905,0.968,1.0,0.938,0.833,0.895,0.934,0.791,0.904,0.913,0.833,0.907
3,A2_1,0.928,0.953,0.915,0.896,0.896,0.938,0.938,1.0,0.93,0.916,0.86,0.887,0.945,0.893,0.912,0.887
3,A2_2,0.919,0.907,0.893,0.903,0.872,0.888,0.833,0.93,1.0,0.829,0.77,0.897,0.908,0.861,0.922,0.873
3,A2_3,0.893,0.893,0.806,0.878,0.86,0.912,0.895,0.916,0.829,1.0,0.906,0.927,0.98,0.939,0.911,0.932
3,B2_1,0.868,0.893,0.832,0.864,0.908,0.942,0.934,0.86,0.77,0.906,1.0,0.791,0.892,0.896,0.827,0.909
3,B2_2,0.861,0.841,0.756,0.867,0.807,0.844,0.791,0.887,0.897,0.927,0.791,1.0,0.956,0.92,0.932,0.926
3,B2_3,0.928,0.914,0.845,0.912,0.878,0.935,0.904,0.945,0.908,0.98,0.892,0.956,1.0,0.966,0.932,0.95
3,y1,0.893,0.897,0.793,0.888,0.866,0.932,0.913,0.893,0.861,0.939,0.896,0.92,0.966,1.0,0.884,0.969
3,y2,0.957,0.906,0.898,0.926,0.938,0.898,0.833,0.912,0.922,0.911,0.827,0.932,0.932,0.884,1.0,0.926
3,y3,0.919,0.909,0.822,0.937,0.911,0.946,0.907,0.887,0.873,0.932,0.909,0.926,0.95,0.969,0.926,1.0
4,.,1.0,0.935,0.962,0.962,0.968,0.944,0.902,0.932,0.922,0.898,0.874,0.868,0.932,0.899,0.959,0.922
4,A1_1,0.935,1.0,0.922,0.922,0.945,0.958,0.963,0.955,0.91,0.898,0.897,0.848,0.917,0.901,0.909,0.913
4,A1_2,0.962,0.922,1.0,0.89,0.952,0.897,0.886,0.918,0.896,0.814,0.838,0.765,0.851,0.801,0.901,0.828
4,A1_3,0.962,0.922,0.89,1.0,0.938,0.95,0.884,0.9,0.906,0.882,0.868,0.872,0.916,0.892,0.928,0.939
4,B1_1,0.968,0.945,0.952,0.938,1.0,0.948,0.909,0.901,0.876,0.866,0.912,0.815,0.883,0.871,0.939,0.915
4,B1_2,0.944,0.958,0.897,0.95,0.948,1.0,0.969,0.942,0.892,0.916,0.945,0.851,0.938,0.935,0.901,0.948
4,B1_3,0.902,0.963,0.886,0.884,0.909,0.969,1.0,0.94,0.838,0.899,0.937,0.801,0.908,0.917,0.839,0.911
4,A2_1,0.932,0.955,0.918,0.9,0.901,0.942,0.94,1.0,0.933,0.921,0.867,0.893,0.949,0.898,0.916,0.893
4,A2_2,0.922,0.91,0.896,0.906,0.876,0.892,0.838,0.933,1.0,0.836,0.778,0.902,0.913,0.867,0.924,0.878
4,A2_3,0.898,0.898,0.814,0.882,0.866,0.916,0.899,0.921,0.836,1.0,0.91,0.931,0.981,0.941,0.915,0.935
4,B2_1,0.874,0.897,0.838,0.868,0.912,0.945,0.937,0.867,0.778,0.91,1.0,0.8,0.896,0.9,0.834,0.913
4,B2_2,0.868,0.848,0.765,0.872,0.815,0.851,0.801,0.893,0.902,0.931,0.8,1.0,0.958,0.923,0.934,0.929
4,B2_3,0.932,0.917,0.851,0.916,0.883,0.938,0.908,0.949,0.913,0.981,0.896,0.958,1.0,0.967,0.935,0.952
4,y1,0.899,0.901,0.801,0.892,0.871,0.935,0.917,0.898,0.867,0.941,0.9,0.923,0.967,1.0,0.889,0.97
4,y2,0.959,0.909,0.901,0.928,0.939,0.901,0.839,0.916,0.924,0.915,0.834,0.934,0.935,0.889,1.0,0.929
4,y3,0.922,0.913,0.828,0.939,0.915,0.948,0.911,0.893,0.878,0.935,0.913,0.929,0.952,0.97,0.929,1.0
5,.,1.0,0.938,0.963,0.964,0.969,0.947,0.906,0.935,0.925,0.904,0.88,0.875,0.935,0.904,0.96,0.926
5,A1_1,0.938,1.0,0.925,0.925,0.947,0.959,0.964,0.958,0.912,0.902,0.901,0.855,0.921,0.904,0.912,0.916
5,A1_2,0.963,0.925,1.0,0.894,0.954,0.901,0.889,0.921,0.899,0.822,0.845,0.775,0.857,0.809,0.904,0.834
5,A1_3,0.964,0.925,0.894,1.0,0.94,0.951,0.888,0.904,0.91,0.886,0.873,0.877,0.919,0.896,0.93,0.941
5,B1_1,0.969,0.947,0.954,0.94,1.0,0.95,0.914,0.907,0.88,0.873,0.917,0.824,0.889,0.877,0.941,0.918
5,B1_2,0.947,0.959,0.901,0.951,0.95,1.0,0.97,0.945,0.895,0.92,0.947,0.858,0.941,0.937,0.905,0.951
5,B1_3,0.906,0.964,0.889,0.888,0.914,0.97,1.0,0.943,0.843,0.904,0.94,0.81,0.912,0.92,0.844,0.915
5,A2_1,0.935,0.958,0.921,0.904,0.907,0.945,0.943,1.0,0.936,0.925,0.875,0.899,0.952,0.904,0.92,0.898
5,A2_2,0.925,0.912,0.899,0.91,0.88,0.895,0.843,0.936,1.0,0.843,0.786,0.907,0.917,0.872,0.927,0.882
5,A2_3,0.904,0.902,0.822,0.886,0.873,0.92,0.904,0.925,0.843,1.0,0.914,0.934,0.982,0.944,0.919,0.938
5,B2_1,0.88,0.901,0.845,0.873,0.917,0.947,0.94,0.875,0.786,0.914,1.0,0.809,0.901,0.904,0.84,0.917
5,B2_2,0.875,0.855,0.775,0.877,0.824,0.858,0.81,0.899,0.907,0.934,0.809,1.0,0.96,0.927,0.937,0.932
5,B2_3,0.935,0.921,0.857,0.919,0.889,0.941,0.912,0.952,0.917,0.982,0.901,0.96,1.0,0.969,0.938,0.954
5,y1,0.904,0.904,0.809,0.896,0.877,0.937,0.92,0.904,0.872,0.944,0.904,0.927,0.969,1.0,0.894,0.972
5,y2,0.96,0.912,0.904,0.93,0.941,0.905,0.844,0.92,0.927,0.919,0.84,0.937,0.938,0.894,1.0,0.932
5,y3,0.926,0.916,0.834,0.941,0.918,0.951,0.915,0.898,0.882,0.938,0.917,0.932,0.954,0.972,0.932,1.0
6,.,1.0,0.941,0.964,0.965,0.97,0.949,0.91,0.939,0.929,0.909,0.886,0.882,0.939,0.909,0.962,0.929
6,A1_1,0.941,1.0,0.928,0.928,0.95,0.961,0.965,0.96,0.915,0.906,0.905,0.862,0.925,0.908,0.916,0.919
6,A1_2,0.964,0.928,1.0,0.897,0.956,0.905,0.893,0.925,0.902,0.83,0.852,0.785,0.864,0.817,0.907,0.841
6,A1_3,0.965,0.928,0.897,1.0,0.942,0.953,0.892,0.908,0.913,0.891,0.877,0.882,0.922,0.9,0.932,0.943
6,B1_1,0.97,0.95,0.956,0.942,1.0,0.952,0.918,0.913,0.885,0.88,0.921,0.832,0.895,0.883,0.943,0.922
6,B1_2,0.949,0.961,0.905,0.953,0.952,1.0,0.972,0.949,0.899,0.924,0.95,0.865,0.944,0.94,0.908,0.953
6,B1_3,0.91,0.965,0.893,0.892,0.918,0.972,1.0,0.945,0.848,0.908,0.943,0.819,0.916,0.924,0.85,0.919
6,A2_1,0.939,0.96,0.925,0.908,0.913,0.949,0.945,1.0,0.939,0.929,0.881,0.905,0.955,0.909,0.924,0.903
6,A2_2,0.929,0.915,0.902,0.913,0.885,0.899,0.848,0.939,1.0,0.85,0.795,0.911,0.92,0.877,0.929,0.887
6,A2_3,0.909,0.906,0.83,0.891,0.88,0.924,0.908,0.929,0.85,1.0,0.918,0.938,0.983,0.947,0.923,0.94
6,B2_1,0.886,0.905,0.852,0.877,0.921,0.95,0.943,0.881,0.795,0.918,1.0,0.818,0.905,0.909,0.846,0.92
6,B2_2,0.882,0.862,0.785,0.882,0.832,0.865,0.819,0.905,0.911,0.938,0.818,1.0,0.962,0.93,0.94,0.935
6,B2_3,0.939,0.925,0.864,0.922,0.895,0.944,0.916,0.955,0.92,0.983,0.905,0.962,1.0,0.97,0.94,0.956
6,y1,0.909,0.908,0.817,0.9,0.883,0.94,0.924,0.909,0.877,0.947,0.909,0.93,0.97,1.0,0.898,0.973
6,y2,0.962,0.916,0.907,0.932,0.943,0.908,0.85,0.924,0.929,0.923,0.846,0.94,0.94,0.898,1.0,0.935
6,y3,0.929,0.919,0.841,0.943,0.922,0.953,0.919,0.903,0.887,0.94,0.92,0.935,0.956,0.973,0.935,1.0
7,.,1.0,0.944,0.965,0.966,0.972,0.951,0.913,0.942,0.931,0.913,0.891,0.888,0.943,0.913,0.964,0.933
7,A1_1,0.944,1.0,0.931,0.93,0.952,0.962,0.966,0.962,0.918,0.91,0.909,0.868,0.928,0.912,0.918,0.922
7,A1_2,0.965,0.931,1.0,0.9,0.957,0.908,0.897,0.928,0.905,0.837,0.858,0.795,0.87,0.824,0.91,0.846
7,A1_3,0.966,0.93,0.9,1.0,0.944,0.954,0.895,0.912,0.916,0.895,0.882,0.887,0.926,0.904,0.934,0.945
7,B1_1,0.972,0.952,0.957,0.944,1.0,0.955,0.922,0.918,0.889,0.886,0.925,0.841,0.9,0.888,0.945,0.926
7,B1_2,0.951,0.962,0.908,0.954,0.955,1.0,0.973,0.952,0.902,0.928,0.952,0.872,0.947,0.942,0.911,0.954
7,B1_3,0.913,0.966,0.897,0.895,0.922,0.973,1.0,0.947,0.852,0.912,0.946,0.827,0.919,0.928,0.856,0.922
7,A2_1,0.942,0.962,0.928,0.912,0.918,0.952,0.947,1.0,0.941,0.933,0.888,0.911,0.958,0.913,0.927,0.908
7,A2_2,0.931,0.918,0.905,0.916,0.889,0.902,0.852,0.941,1.0,0.856,0.802,0.916,0.924,0.882,0.932,0.891
7,A2_3,0.913,0.91,0.837,0.895,0.886,0.928,0.912,0.933,0.856,1.0,0.922,0.941,0.983,0.949,0.926,0.943
7,B2_1,0.891,0.909,0.858,0.882,0.925,0.952,0.946,0.888,0.802,0.922,1.0,0.826,0.909,0.912,0.851,0.923
7,B2_2,0.888,0.868,0.795,0.887,0.841,0.872,0.827,0.911,0.916,0.941,0.826,1.0,0.964,0.934,0.943,0.938
7,B2_3,0.943,0.928,0.87,0.926,0.9,0.947,0.919,0.958,0.924,0.983,0.909,0.964,1.0,0.971,0.943,0.957
7,y1,0.913,0.912,0.824,0.904,0.888,0.942,0.928,0.913,0.882,0.949,0.912,0.934,0.971,1.0,0.902,0.974
7,y2,0.964,0.918,0.91,0.934,0.945,0.911,0.856,0.927,0.932,0.926,0.851,0.943,0.943,0.902,1.0,0.937
7,y3,0.933,0.922,0.846,0.945,0.926,0.954,0.922,0.908,0.891,0.943,0.923,0.938,0.957,0.974,0.937,1.0
8,.,1.0,0.945,0.966,0.967,0.973,0.953,0.916,0.945,0.934,0.917,0.895,0.893,0.945,0.917,0.965,0.935
8,A1_1,0.945,1.0,0.933,0.932,0.954,0.963,0.967,0.964,0.92,0.914,0.912,0.874,0.931,0.915,0.921,0.925
8,A1_2,0.966,0.933,1.0,0.903,0.959,0.911,0.9,0.931,0.908,0.844,0.863,0.803,0.875,0.83,0.913,0.852
8,A1_3,0.967,0.932,0.903,1.0,0.946,0.955,0.898,0.915,0.918,0.899,0.885,0.892,0.928,0.908,0.936,0.947
8,B1_1,0.973,0.954,0.959,0.946,1.0,0.957,0.926,0.923,0.893,0.891,0.929,0.848,0.904,0.893,0.947,0.929
8,B1_2,0.953,0.963,0.911,0.955,0.957,1.0,0.974,0.954,0.905,0.931,0.954,0.877,0.949,0.944,0.914,0.956
8,B1_3,0.916,0.967,0.9,0.898,0.926,0.974,1.0,0.949,0.856,0.916,0.949,0.835,0.923,0.93,0.86,0.925
8,A2_1,0.945,0.964,0.931,0.915,0.923,0.954,0.949,1.0,0.944,0.936,0.893,0.915,0.96,0.917,0.93,0.911
8,A2_2,0.934,0.92,0.908,0.918,0.893,0.905,0.856,0.944,1.0,0.861,0.809,0.919,0.927,0.886,0.934,0.894
8,A2_3,0.917,0.914,0.844,0.899,0.891,0.931,0.916,0.936,0.861,1.0,0.925,0.943,0.984,0.951,0.929,0.945
8,B2_1,0.895,0.912,0.863,0.885,0.929,0.954,0.949,0.893,0.809,0.925,1.0,0.833,0.913,0.916,0.856,0.926
8,B2_2,0.893,0.874,0.803,0.892,0.848,0.877,0.835,0.915,0.919,0.943,0.833,1.0,0.966,0.936,0.945,0.94
8,B2_3,0.945,0.931,0.875,0.928,0.904,0.949,0.923,0.96,0.927,0.984,0.913,0.966,1.0,0.972,0.944,0.959
8,y1,0.917,0.915,0.83,0.908,0.893,0.944,0.93,0.917,0.886,0.951,0.916,0.936,0.972,1.0,0.906,0.975
8,y2,0.965,0.921,0.913,0.936,0.947,0.914,0.86,0.93,0.934,0.929,0.856,0.945,0.944,0.906,1.0,0.939
8,y3,0.935,0.925,0.852,0.947,0.929,0.956,0.925,0.911,0.894,0.945,0.926,0.94,0.959,0.975,0.939,1.0
9,.,1.0,0.947,0.967,0.968,0.973,0.954,0.918,0.947,0.936,0.92,0.899,0.897,0.947,0.92,0.966,0.937
9,A1_1,0.947,1.0,0.935,0.934,0.956,0.964,0.967,0.965,0.922,0.917,0.915,0.879,0.934,0.917,0.923,0.927
9,A1_2,0.967,0.935,1.0,0.905,0.96,0.914,0.902,0.934,0.91,0.849,0.867,0.81,0.879,0.835,0.915,0.856
9,A1_3,0.968,0.934,0.905,1.0,0.948,0.956,0.9,0.918,0.92,0.902,0.889,0.895,0.931,0.911,0.938,0.948
9,B1_1,0.973,0.956,0.96,0.948,1.0,0.958,0.929,0.927,0.896,0.896,0.932,0.854,0.908,0.897,0.948,0.932
9,B1_2,0.954,0.964,0.914,0.956,0.958,1.0,0.975,0.956,0.907,0.933,0.956,0.882,0.951,0.946,0.916,0.957
9,B1_3,0.918,0.967,0.902,0.9,0.929,0.975,1.0,0.95,0.859,0.919,0.951,0.841,0.925,0.933,0.864,0.927
9,A2_1,0.947,0.965,0.934,0.918,0.927,0.956,0.95,1.0,0.946,0.939,0.897,0.919,0.962,0.92,0.933,0.914
9,A2_2,0.936,0.922,0.91,0.92,0.896,0.907,0.859,0.946,1.0,0.865,0.814,0.922,0.929,0.889,0.935,0.897
9,A2_3,0.92,0.917,0.849,0.902,0.896,0.933,0.919,0.939,0.865,1.0,0.927,0.945,0.985,0.952,0.931,0.946
9,B2_1,0.899,0.915,0.867,0.889,0.932,0.956,0.951,0.897,0.814,0.927,1.0,0.839,0.916,0.918,0.86,0.928
9,B2_2,0.897,0.879,0.81,0.895,0.854,0.882,0.841,0.919,0.922,0.945,0.839,1.0,0.967,0.939,0.947,0.942
9,B2_3,0.947,0.934,0.879,0.931,0.908,0.951,0.925,0.962,0.929,0.985,0.916,0.967,1.0,0.972,0.946,0.96
9,y1,0.92,0.917,0.835,0.911,0.897,0.946,0.933,0.92,0.889,0.952,0.918,0.939,0.972,1.0,0.909,0.976
9,y2,0.966,0.923,0.915,0.938,0.948,0.916,0.864,0.933,0.935,0.931,0.86,0.947,0.946,0.909,1.0,0.941
9,y3,0.937,0.927,0.856,0.948,0.932,0.957,0.927,0.914,0.897,0.946,0.928,0.942,0.96,0.976,0.941,1.0
10,.,1.0,0.948,0.968,0.968,0.974,0.955,0.919,0.948,0.937,0.922,0.901,0.9,0.948,0.922,0.967,0.939
10,A1_1,0.948,1.0,0.936,0.935,0.958,0.965,0.968,0.967,0.923,0.92,0.918,0.883,0.936,0.919,0.925,0.928
10,A1_2,0.968,0.936,1.0,0.907,0.961,0.915,0.904,0.935,0.912,0.853,0.871,0.815,0.882,0.839,0.917,0.859
10,A1_3,0.968,0.935,0.907,1.0,0.949,0.957,0.902,0.92,0.922,0.904,0.891,0.898,0.932,0.913,0.939,0.949
10,B1_1,0.974,0.958,0.961,0.949,1.0,0.96,0.931,0.93,0.898,0.9,0.934,0.858,0.911,0.901,0.95,0.935
10,B1_2,0.955,0.965,0.915,0.957,0.96,1.0,0.976,0.958,0.909,0.935,0.958,0.886,0.952,0.947,0.917,0.958
10,B1_3,0.919,0.968,0.904,0.902,0.931,0.976,1.0,0.951,0.862,0.921,0.952,0.845,0.927,0.934,0.866,0.929
10,A2_1,0.948,0.967,0.935,0.92,0.93,0.958,0.951,1.0,0.947,0.94,0.901,0.922,0.964,0.922,0.934,0.916
10,A2_2,0.937,0.923,0.912,0.922,0.898,0.909,0.862,0.947,1.0,0.868,0.818,0.925,0.931,0.891,0.936,0.899
10,A2_3,0.922,0.92,0.853,0.904,0.9,0.935,0.921,0.94,0.868,1.0,0.929,0.947,0.985,0.953,0.932,0.948
10,B2_1,0.901,0.918,0.871,0.891,0.934,0.958,0.952,0.901,0.818,0.929,1.0,0.844,0.918,0.92,0.863,0.93
10,B2_2,0.9,0.883,0.815,0.898,0.858,0.886,0.845,0.922,0.925,0.947,0.844,1.0,0.968,0.941,0.948,0.944
10,B2_3,0.948,0.936,0.882,0.932,0.911,0.952,0.927,0.964,0.931,0.985,0.918,0.968,1.0,0.973,0.947,0.96
10,y1,0.922,0.919,0.839,0.913,0.901,0.947,0.934,0.922,0.891,0.953,0.92,0.941,0.973,1.0,0.911,0.977
10,y2,0.967,0.925,0.917,0.939,0.95,0.917,0.866,0.934,0.936,0.932,0.863,0.948,0.947,0.911,1.0,0.942
10,y3,0.939,0.928,0.859,0.949,0.935,0.958,0.929,0.916,0.899,0.948,0.93,0.944,0.96,0.977,0.942,1.0
11,.,1.0,0.948,0.968,0.968,0.975,0.955,0.919,0.949,0.938,0.924,0.903,0.902,0.949,0.923,0.968,0.94
11,A1_1,0.948,1.0,0.937,0.936,0.959,0.966,0.968,0.968,0.924,0.922,0.92,0.886,0.938,0.921,0.926,0.929
11,A1_2,0.968,0.937,1.0,0.909,0.961,0.916,0.905,0.937,0.913,0.856,0.873,0.819,0.885,0.842,0.918,0.861
11,A1_3,0.968,0.936,0.909,1.0,0.95,0.957,0.903,0.922,0.923,0.906,0.893,0.901,0.934,0.914,0.94,0.95
11,B1_1,0.975,0.959,0.961,0.95,1.0,0.961,0.933,0.932,0.9,0.902,0.936,0.862,0.914,0.903,0.95,0.936
11,B1_2,0.955,0.966,0.916,0.957,0.961,1.0,0.977,0.959,0.91,0.937,0.959,0.889,0.953,0.948,0.917,0.958
11,B1_3,0.919,0.968,0.905,0.903,0.933,0.977,1.0,0.952,0.863,0.922,0.954,0.849,0.929,0.935,0.867,0.93
11,A2_1,0.949,0.968,0.937,0.922,0.932,0.959,0.952,1.0,0.948,0.942,0.903,0.924,0.965,0.923,0.935,0.918
11,A2_2,0.938,0.924,0.913,0.923,0.9,0.91,0.863,0.948,1.0,0.87,0.821,0.926,0.932,0.893,0.937,0.901
11,A2_3,0.924,0.922,0.856,0.906,0.902,0.937,0.922,0.942,0.87,1.0,0.931,0.948,0.985,0.954,0.933,0.948
11,B2_1,0.903,0.92,0.873,0.893,0.936,0.959,0.954,0.903,0.821,0.931,1.0,0.848,0.92,0.922,0.865,0.931
11,B2_2,0.902,0.886,0.819,0.901,0.862,0.889,0.849,0.924,0.926,0.948,0.848,1.0,0.969,0.942,0.948,0.945
11,B2_3,0.949,0.938,0.885,0.934,0.914,0.953,0.929,0.965,0.932,0.985,0.92,0.969,1.0,0.973,0.947,0.961
11,y1,0.923,0.921,0.842,0.914,0.903,0.948,0.935,0.923,0.893,0.954,0.922,0.942,0.973,1.0,0.912,0.977
11,y2,0.968,0.926,0.918,0.94,0.95,0.917,0.867,0.935,0.937,0.933,0.865,0.948,0.947,0.912,1.0,0.943
11,y3,0.94,0.929,0.861,0.95,0.936,0.958,0.93,0.918,0.901,0.948,0.931,0.945,0.961,0.977,0.943,1.0
12,.,1.0,0.948,0.968,0.969,0.975,0.954,0.919,0.949,0.938,0.925,0.904,0.903,0.95,0.924,0.968,0.941
12,A1_1,0.948,1.0,0.938,0.936,0.96,0.966,0.968,0.968,0.925,0.923,0.921,0.889,0.94,0.922,0.926,0.93
12,A1_2,0.968,0.938,1.0,0.91,0.962,0.917,0.905,0.938,0.914,0.858,0.875,0.823,0.887,0.844,0.919,0.863
12,A1_3,0.969,0.936,0.91,1.0,0.951,0.957,0.904,0.923,0.924,0.907,0.894,0.902,0.934,0.915,0.941,0.95
12,B1_1,0.975,0.96,0.962,0.951,1.0,0.961,0.934,0.934,0.901,0.905,0.938,0.866,0.916,0.905,0.951,0.938
12,B1_2,0.954,0.966,0.917,0.957,0.961,1.0,0.977,0.96,0.91,0.938,0.96,0.891,0.954,0.948,0.918,0.958
12,B1_3,0.919,0.968,0.905,0.904,0.934,0.977,1.0,0.952,0.864,0.924,0.955,0.852,0.931,0.936,0.868,0.93
12,A2_1,0.949,0.968,0.938,0.923,0.934,0.96,0.952,1.0,0.948,0.943,0.905,0.926,0.966,0.924,0.936,0.919
12,A2_2,0.938,0.925,0.914,0.924,0.901,0.91,0.864,0.948,1.0,0.872,0.823,0.928,0.933,0.894,0.938,0.901
12,A2_3,0.925,0.923,0.858,0.907,0.905,0.938,0.924,0.943,0.872,1.0,0.932,0.949,0.985,0.955,0.934,0.949
12,B2_1,0.904,0.921,0.875,0.894,0.938,0.96,0.955,0.905,0.823,0.932,1.0,0.851,0.922,0.923,0.866,0.931
12,B2_2,0.903,0.889,0.823,0.902,0.866,0.891,0.852,0.926,0.928,0.949,0.851,1.0,0.969,0.943,0.949,0.946
12,B2_3,0.95,0.94,0.887,0.934,0.916,0.954,0.931,0.966,0.933,0.985,0.922,0.969,1.0,0.973,0.947,0.961
12,y1,0.924,0.922,0.844,0.915,0.905,0.948,0.936,0.924,0.894,0.955,0.923,0.943,0.973,1.0,0.913,0.977
12,y2,0.968,0.926,0.919,0.941,0.951,0.918,0.868,0.936,0.938,0.934,0.866,0.949,0.947,0.913,1.0,0.944
12,y3,0.941,0.93,0.863,0.95,0.938,0.958,0.93,0.919,0.901,0.949,0.931,0.946,0.961,0.977,0.944,1.0
13,.,1.0,0.948,0.969,0.969,0.975,0.954,0.919,0.949,0.939,0.925,0.904,0.905,0.95,0.925,0.969,0.941
13,A1_1,0.948,1.0,0.938,0.937,0.961,0.967,0.969,0.969,0.925,0.925,0.923,0.891,0.941,0.922,0.927,0.931
13,A1_2,0.969,0.938,1.0,0.91,0.962,0.917,0.906,0.939,0.915,0.86,0.876,0.825,0.888,0.846,0.92,0.864
13,A1_3,0.969,0.937,0.91,1.0,0.951,0.957,0.904,0.923,0.924,0.908,0.895,0.904,0.935,0.916,0.941,0.951
13,B1_1,0.975,0.961,0.962,0.951,1.0,0.962,0.936,0.936,0.902,0.907,0.939,0.869,0.918,0.907,0.951,0.939
13,B1_2,0.954,0.967,0.917,0.957,0.962,1.0,0.978,0.961,0.91,0.939,0.961,0.894,0.955,0.949,0.917,0.958
13,B1_3,0.919,0.969,0.906,0.904,0.936,0.978,1.0,0.953,0.865,0.925,0.956,0.855,0.932,0.937,0.869,0.93
13,A2_1,0.949,0.969,0.939,0.923,0.936,0.961,0.953,1.0,0.949,0.944,0.907,0.928,0.966,0.925,0.936,0.92
13,A2_2,0.939,0.925,0.915,0.924,0.902,0.91,0.865,0.949,1.0,0.873,0.825,0.929,0.933,0.894,0.938,0.902
13,A2_3,0.925,0.925,0.86,0.908,0.907,0.939,0.925,0.944,0.873,1.0,0.933,0.95,0.986,0.955,0.934,0.949
13,B2_1,0.904,0.923,0.876,0.895,0.939,0.961,0.956,0.907,0.825,0.933,1.0,0.853,0.923,0.924,0.866,0.932
13,B2_2,0.905,0.891,0.825,0.904,0.869,0.894,0.855,0.928,0.929,0.95,0.853,1.0,0.97,0.944,0.949,0.947
13,B2_3,0.95,0.941,0.888,0.935,0.918,0.955,0.932,0.966,0.933,0.986,0.923,0.97,1.0,0.973,0.947,0.961
13,y1,0.925,0.922,0.846,0.916,0.907,0.949,0.937,0.925,0.894,0.955,0.924,0.944,0.973,1.0,0.914,0.978
13,y2,0.969,0.927,0.92,0.941,0.951,0.917,0.869,0.936,0.938,0.934,0.866,0.949,0.947,0.914,1.0,0.945
13,y3,0.941,0.931,0.864,0.951,0.939,0.958,0.93,0.92,0.902,0.949,0.932,0.947,0.961,0.978,0.945,1.0
14,.,1.0,0.948,0.969,0.968,0.975,0.952,0.918,0.949,0.939,0.925,0.904,0.905,0.949,0.924,0.969,0.941
14,A1_1,0.948,1.0,0.938,0.937,0.962,0.967,0.968,0.969,0.925,0.925,0.924,0.893,0.942,0.923,0.927,0.931
14,A1_2,0.969,0.938,1.0,0.91,0.962,0.917,0.905,0.939,0.916,0.861,0.877,0.827,0.889,0.846,0.92,0.864
14,A1_3,0.968,0.937,0.91,1.0,0.952,0.956,0.904,0.924,0.924,0.908,0.895,0.905,0.935,0.916,0.941,0.951
14,B1_1,0.975,0.962,0.962,0.952,1.0,0.962,0.937,0.938,0.903,0.909,0.94,0.87,0.919,0.908,0.951,0.94
14,B1_2,0.952,0.967,0.917,0.956,0.962,1.0,0.978,0.961,0.91,0.94,0.962,0.895,0.956,0.949,0.916,0.958
14,B1_3,0.918,0.968,0.905,0.904,0.937,0.978,1.0,0.953,0.864,0.925,0.957,0.857,0.933,0.937,0.868,0.93
14,A2_1,0.949,0.969,0.939,0.924,0.938,0.961,0.953,1.0,0.949,0.944,0.908,0.929,0.967,0.925,0.936,0.92
14,A2_2,0.939,0.925,0.916,0.924,0.903,0.91,0.864,0.949,1.0,0.873,0.825,0.929,0.933,0.894,0.938,0.902
14,A2_3,0.925,0.925,0.861,0.908,0.909,0.94,0.925,0.944,0.873,1.0,0.934,0.951,0.986,0.955,0.934,0.949
14,B2_1,0.904,0.924,0.877,0.895,0.94,0.962,0.957,0.908,0.825,0.934,1.0,0.855,0.924,0.924,0.866,0.932
14,B2_2,0.905,0.893,0.827,0.905,0.87,0.895,0.857,0.929,0.929,0.951,0.855,1.0,0.97,0.945,0.949,0.947
14,B2_3,0.949,0.942,0.889,0.935,0.919,0.956,0.933,0.967,0.933,0.986,0.924,0.97,1.0,0.973,0.946,0.961
14,y1,0.924,0.923,0.846,0.916,0.908,0.949,0.937,0.925,0.894,0.955,0.924,0.945,0.973,1.0,0.914,0.978
14,y2,0.969,0.927,0.92,0.941,0.951,0.916,0.868,0.936,0.938,0.934,0.866,0.949,0.946,0.914,1.0,0.945
14,y3,0.941,0.931,0.864,0.951,0.94,0.958,0.93,0.92,0.902,0.949,0.932,0.947,0.961,0.978,0.945,1.0
15,.,1.0,0.947,0.968,0.968,0.975,0.951,0.916,0.948,0.938,0.924,0.903,0.904,0.948,0.924,0.969,0.94
15,A1_1,0.947,1.0,0.938,0.937,0.962,0.967,0.968,0.97,0.925,0.926,0.924,0.894,0.942,0.923,0.926,0.93
15,A1_2,0.968,0.938,1.0,0.91,0.962,0.916,0.905,0.939,0.916,0.861,0.877,0.827,0.889,0.846,0.92,0.864
15,A1_3,0.968,0.937,0.91,1.0,0.952,0.955,0.903,0.924,0.924,0.908,0.895,0.905,0.935,0.916,0.941,0.951
15,B1_1,0.975,0.962,0.962,0.952,1.0,0.963,0.937,0.939,0.903,0.91,0.941,0.872,0.92,0.909,0.951,0.94
15,B1_2,0.951,0.967,0.916,0.955,0.963,1.0,0.979,0.962,0.909,0.94,0.962,0.896,0.956,0.949,0.915,0.957
15,B1_3,0.916,0.968,0.905,0.903,0.937,0.979,1.0,0.952,0.863,0.925,0.958,0.858,0.933,0.936,0.866,0.929
15,A2_1,0.948,0.97,0.939,0.924,0.939,0.962,0.952,1.0,0.949,0.944,0.909,0.93,0.967,0.925,0.936,0.919
15,A2_2,0.938,0.925,0.916,0.924,0.903,0.909,0.863,0.949,1.0,0.872,0.825,0.929,0.933,0.894,0.938,0.901
15,A2_3,0.924,0.926,0.861,0.908,0.91,0.94,0.925,0.944,0.872,1.0,0.934,0.951,0.986,0.955,0.933,0.949
15,B2_1,0.903,0.924,0.877,0.895,0.941,0.962,0.958,0.909,0.825,0.934,1.0,0.856,0.925,0.924,0.865,0.931
15,B2_2,0.904,0.894,0.827,0.905,0.872,0.896,0.858,0.93,0.929,0.951,0.856,1.0,0.97,0.945,0.948,0.948
15,B2_3,0.948,0.942,0.889,0.935,0.92,0.956,0.933,0.967,0.933,0.986,0.925,0.97,1.0,0.973,0.945,0.96
15,y1,0.924,0.923,0.846,0.916,0.909,0.949,0.936,0.925,0.894,0.955,0.924,0.945,0.973,1.0,0.914,0.978
15,y2,0.969,0.926,0.92,0.941,0.951,0.915,0.866,0.936,0.938,0.933,0.865,0.948,0.945,0.914,1.0,0.944
15,y3,0.94,0.93,0.864,0.951,0.94,0.957,0.929,0.919,0.901,0.949,0.931,0.948,0.96,0.978,0.944,1.0
16,.,1.0,0.946,0.968,0.968,0.975,0.949,0.914,0.947,0.938,0.923,0.901,0.904,0.947,0.922,0.968,0.939
16,A1_1,0.946,1.0,0.938,0.936,0.963,0.967,0.968,0.97,0.925,0.926,0.925,0.895,0.943,0.922,0.926,0.93
16,A1_2,0.968,0.938,1.0,0.91,0.962,0.915,0.903,0.939,0.916,0.861,0.876,0.828,0.889,0.845,0.92,0.863
16,A1_3,0.968,0.936,0.91,1.0,0.952,0.954,0.902,0.923,0.924,0.908,0.894,0.905,0.935,0.916,0.941,0.95
16,B1_1,0.975,0.963,0.962,0.952,1.0,0.963,0.938,0.939,0.903,0.911,0.941,0.873,0.921,0.91,0.95,0.941
16,B1_2,0.949,0.967,0.915,0.954,0.963,1.0,0.979,0.962,0.908,0.94,0.963,0.897,0.956,0.948,0.913,0.956
16,B1_3,0.914,0.968,0.903,0.902,0.938,0.979,1.0,0.952,0.862,0.925,0.958,0.86,0.934,0.936,0.865,0.928
16,A2_1,0.947,0.97,0.939,0.923,0.939,0.962,0.952,1.0,0.948,0.944,0.909,0.931,0.967,0.924,0.935,0.919
16,A2_2,0.938,0.925,0.916,0.924,0.903,0.908,0.862,0.948,1.0,0.872,0.824,0.929,0.932,0.893,0.938,0.9
16,A2_3,0.923,0.926,0.861,0.908,0.911,0.94,0.925,0.944,0.872,1.0,0.934,0.951,0.986,0.955,0.932,0.948
16,B2_1,0.901,0.925,0.876,0.894,0.941,0.963,0.958,0.909,0.824,0.934,1.0,0.857,0.925,0.924,0.863,0.93
16,B2_2,0.904,0.895,0.828,0.905,0.873,0.897,0.86,0.931,0.929,0.951,0.857,1.0,0.97,0.946,0.947,0.948
16,B2_3,0.947,0.943,0.889,0.935,0.921,0.956,0.934,0.967,0.932,0.986,0.925,0.97,1.0,0.973,0.944,0.959
16,y1,0.922,0.922,0.845,0.916,0.91,0.948,0.936,0.924,0.893,0.955,0.924,0.946,0.973,1.0,0.913,0.978
16,y2,0.968,0.926,0.92,0.941,0.95,0.913,0.865,0.935,0.938,0.932,0.863,0.947,0.944,0.913,1.0,0.944
16,y3,0.939,0.93,0.863,0.95,0.941,0.956,0.928,0.919,0.9,0.948,0.93,0.948,0.959,0.978,0.944,1.0
17,.,1.0,0.944,0.968,0.967,0.974,0.946,0.911,0.945,0.937,0.922,0.899,0.902,0.945,0.921,0.968,0.938
17,A1_1,0.944,1.0,0.937,0.936,0.963,0.967,0.968,0.97,0.924,0.926,0.925,0.896,0.943,0.922,0.925,0.929
17,A1_2,0.968,0.937,1.0,0.91,0.961,0.914,0.902,0.939,0.915,0.861,0.876,0.828,0.888,0.844,0.919,0.862
17,A1_3,0.967,0.936,0.91,1.0,0.952,0.953,0.9,0.923,0.923,0.908,0.893,0.905,0.934,0.915,0.941,0.95
17,B1_1,0.974,0.963,0.961,0.952,1.0,0.963,0.938,0.94,0.903,0.911,0.942,0.874,0.921,0.91,0.95,0.941
17,B1_2,0.946,0.967,0.914,0.953,0.963,1.0,0.979,0.962,0.906,0.94,0.963,0.897,0.957,0.947,0.911,0.955
17,B1_3,0.911,0.968,0.902,0.9,0.938,0.979,1.0,0.952,0.86,0.925,0.959,0.86,0.934,0.935,0.862,0.927
17,A2_1,0.945,0.97,0.939,0.923,0.94,0.962,0.952,1.0,0.948,0.944,0.909,0.931,0.967,0.923,0.934,0.918
17,A2_2,0.937,0.924,0.915,0.923,0.903,0.906,0.86,0.948,1.0,0.87,0.823,0.928,0.931,0.891,0.937,0.899
17,A2_3,0.922,0.926,0.861,0.908,0.911,0.94,0.925,0.944,0.87,1.0,0.934,0.951,0.986,0.954,0.931,0.947
17,B2_1,0.899,0.925,0.876,0.893,0.942,0.963,0.959,0.909,0.823,0.934,1.0,0.858,0.926,0.923,0.861,0.929
17,B2_2,0.902,0.896,0.828,0.905,0.874,0.897,0.86,0.931,0.928,0.951,0.858,1.0,0.97,0.946,0.946,0.948
17,B2_3,0.945,0.943,0.888,0.934,0.921,0.957,0.934,0.967,0.931,0.986,0.926,0.97,1.0,0.972,0.942,0.959
17,y1,0.921,0.922,0.844,0.915,0.91,0.947,0.935,0.923,0.891,0.954,0.923,0.946,0.972,1.0,0.912,0.977
17,y2,0.968,0.925,0.919,0.941,0.95,0.911,0.862,0.934,0.937,0.931,0.861,0.946,0.942,0.912,1.0,0.944
17,y3,0.938,0.929,0.862,0.95,0.941,0.955,0.927,0.918,0.899,0.947,0.929,0.948,0.959,0.977,0.944,1.0
18,.,1.0,0.942,0.968,0.967,0.973,0.943,0.908,0.943,0.936,0.92,0.896,0.901,0.943,0.919,0.968,0.936
18,A1_1,0.942,1.0,0.936,0.935,0.964,0.967,0.967,0.97,0.923,0.926,0.925,0.896,0.943,0.921,0.923,0.928
18,A1_2,0.968,0.936,1.0,0.909,0.961,0.912,0.9,0.938,0.915,0.86,0.874,0.827,0.888,0.842,0.919,0.86
18,A1_3,0.967,0.935,0.909,1.0,0.952,0.951,0.899,0.922,0.923,0.907,0.892,0.904,0.933,0.914,0.941,0.949
18,B1_1,0.973,0.964,0.961,0.952,1.0,0.963,0.939,0.941,0.902,0.912,0.942,0.874,0.921,0.91,0.949,0.94
18,B1_2,0.943,0.967,0.912,0.951,0.963,1.0,0.979,0.962,0.904,0.94,0.963,0.898,0.957,0.947,0.908,0.953
18,B1_3,0.908,0.967,0.9,0.899,0.939,0.979,1.0,0.951,0.858,0.925,0.959,0.861,0.934,0.934,0.859,0.925
18,A2_1,0.943,0.97,0.938,0.922,0.941,0.962,0.951,1.0,0.947,0.944,0.909,0.932,0.967,0.922,0.932,0.916
18,A2_2,0.936,0.923,0.915,0.923,0.902,0.904,0.858,0.947,1.0,0.869,0.821,0.927,0.93,0.889,0.936,0.897
18,A2_3,0.92,0.926,0.86,0.907,0.912,0.94,0.925,0.944,0.869,1.0,0.934,0.951,0.986,0.954,0.93,0.947
18,B2_1,0.896,0.925,0.874,0.892,0.942,0.963,0.959,0.909,0.821,0.934,1.0,0.858,0.926,0.922,0.858,0.927
18,B2_2,0.901,0.896,0.827,0.904,0.874,0.898,0.861,0.932,0.927,0.951,0.858,1.0,0.97,0.946,0.945,0.948
18,B2_3,0.943,0.943,0.888,0.933,0.921,0.957,0.934,0.967,0.93,0.986,0.926,0.97,1.0,0.971,0.94,0.958
18,y1,0.919,0.921,0.842,0.914,0.91,0.947,0.934,0.922,0.889,0.954,0.922,0.946,0.971,1.0,0.911,0.977
18,y2,0.968,0.923,0.919,0.941,0.949,0.908,0.859,0.932,0.936,0.93,0.858,0.945,0.94,0.911,1.0,0.943
18,y3,0.936,0.928,0.86,0.949,0.94,0.953,0.925,0.916,0.897,0.947,0.927,0.948,0.958,0.977,0.943,1.0
19,.,1.0,0.94,0.967,0.966,0.972,0.94,0.904,0.941,0.934,0.917,0.893,0.899,0.941,0.917,0.967,0.934
19,A1_1,0.94,1.0,0.935,0.934,0.964,0.967,0.967,0.97,0.922,0.926,0.925,0.897,0.943,0.92,0.922,0.927
19,A1_2,0.967,0.935,1.0,0.908,0.96,0.91,0.898,0.938,0.914,0.858,0.872,0.826,0.886,0.84,0.917,0.858
19,A1_3,0.966,0.934,0.908,1.0,0.951,0.95,0.896,0.921,0.922,0.906,0.89,0.904,0.932,0.913,0.94,0.948
19,B1_1,0.972,0.964,0.96,0.951,1.0,0.962,0.939,0.941,0.901,0.912,0.942,0.874,0.922,0.91,0.947,0.94
19,B1_2,0.94,0.967,0.91,0.95,0.962,1.0,0.979,0.962,0.902,0.94,0.964,0.898,0.957,0.945,0.905,0.951
19,B1_3,0.904,0.967,0.898,0.896,0.939,0.979,1.0,0.95,0.855,0.924,0.959,0.861,0.934,0.933,0.856,0.923
19,A2_1,0.941,0.97,0.938,0.921,0.941,0.962,0.95,1.0,0.946,0.943,0.909,0.932,0.967,0.92,0.93,0.914
19,A2_2,0.934,0.922,0.914,0.922,0.901,0.902,0.855,0.946,1.0,0.867,0.819,0.926,0.928,0.887,0.935,0.895
19,A2_3,0.917,0.926,0.858,0.906,0.912,0.94,0.924,0.943,0.867,1.0,0.934,0.951,0.985,0.953,0.928,0.946
19,B2_1,0.893,0.925,0.872,0.89,0.942,0.964,0.959,0.909,0.819,0.934,1.0,0.858,0.926,0.921,0.855,0.925
19,B2_2,0.899,0.897,0.826,0.904,0.874,0.898,0.861,0.932,0.926,0.951,0.858,1.0,0.97,0.946,0.943,0.947
19,B2_3,0.941,0.943,0.886,0.932,0.922,0.957,0.934,0.967,0.928,0.985,0.926,0.97,1.0,0.971,0.938,0.957
19,y1,0.917,0.92,0.84,0.913,0.91,0.945,0.933,0.92,0.887,0.953,0.921,0.946,0.971,1.0,0.909,0.977
19,y2,0.967,0.922,0.917,0.94,0.947,0.905,0.856,0.93,0.935,0.928,0.855,0.943,0.938,0.909,1.0,0.942
19,y3,0.934,0.927,0.858,0.948,0.94,0.951,0.923,0.914,0.895,0.946,0.925,0.947,0.957,0.977,0.942,1.0
20,.,1.0,0.937,0.966,0.965,0.971,0.936,0.899,0.938,0.933,0.914,0.889,0.896,0.938,0.914,0.966,0.932
20,A1_1,0.937,1.0,0.934,0.933,0.964,0.966,0.966,0.97,0.92,0.926,0.924,0.897,0.943,0.919,0.92,0.925
20,A1_2,0.966,0.934,1.0,0.907,0.959,0.908,0.895,0.937,0.913,0.857,0.87,0.824,0.885,0.837,0.916,0.855
20,A1_3,0.965,0.933,0.907,1.0,0.95,0.947,0.894,0.919,0.92,0.904,0.888,0.903,0.93,0.911,0.939,0.947
20,B1_1,0.971,0.964,0.959,0.95,1.0,0.962,0.938,0.941,0.9,0.912,0.942,0.874,0.922,0.91,0.946,0.939
20,B1_2,0.936,0.966,0.908,0.947,0.962,1.0,0.98,0.961,0.899,0.939,0.964,0.898,0.957,0.944,0.901,0.949
20,B1_3,0.899,0.966,0.895,0.894,0.938,0.98,1.0,0.95,0.852,0.923,0.959,0.861,0.934,0.931,0.851,0.92
20,A2_1,0.938,0.97,0.937,0.919,0.941,0.961,0.95,1.0,0.944,0.942,0.908,0.932,0.967,0.918,0.928,0.912
20,A2_2,0.933,0.92,0.913,0.92,0.9,0.899,0.852,0.944,1.0,0.864,0.815,0.925,0.926,0.885,0.934,0.893
20,A2_3,0.914,0.926,0.857,0.904,0.912,0.939,0.923,0.942,0.864,1.0,0.933,0.951,0.985,0.952,0.926,0.944
20,B2_1,0.889,0.924,0.87,0.888,0.942,0.964,0.959,0.908,0.815,0.933,1.0,0.858,0.926,0.92,0.851,0.923
20,B2_2,0.896,0.897,0.824,0.903,0.874,0.898,0.861,0.932,0.925,0.951,0.858,1.0,0.97,0.946,0.941,0.947
20,B2_3,0.938,0.943,0.885,0.93,0.922,0.957,0.934,0.967,0.926,0.985,0.926,0.97,1.0,0.97,0.936,0.955
20,y1,0.914,0.919,0.837,0.911,0.91,0.944,0.931,0.918,0.885,0.952,0.92,0.946,0.97,1.0,0.907,0.976
20,y2,0.966,0.92,0.916,0.939,0.946,0.901,0.851,0.928,0.934,0.926,0.851,0.941,0.936,0.907,1.0,0.941
20,y3,0.932,0.925,0.855,0.947,0.939,0.949,0.92,0.912,0.893,0.944,0.923,0.947,0.955,0.976,0.941,1.0
21,.,1.0,0.934,0.966,0.964,0.969,0.931,0.894,0.934,0.931,0.911,0.884,0.892,0.934,0.911,0.966,0.93
21,A1_1,0.934,1.0,0.933,0.932,0.964,0.966,0.965,0.969,0.919,0.925,0.924,0.897,0.943,0.917,0.918,0.923
21,A1_2,0.966,0.933,1.0,0.905,0.959,0.905,0.892,0.935,0.912,0.855,0.868,0.822,0.883,0.834,0.915,0.852
21,A1_3,0.964,0.932,0.905,1.0,0.95,0.945,0.891,0.918,0.919,0.903,0.885,0.901,0.929,0.91,0.938,0.946
21,B1_1,0.969,0.964,0.959,0.95,1.0,0.962,0.938,0.941,0.898,0.912,0.942,0.874,0.922,0.909,0.944,0.938
21,B1_2,0.931,0.966,0.905,0.945,0.962,1.0,0.98,0.961,0.896,0.939,0.964,0.898,0.957,0.942,0.896,0.946
21,B1_3,0.894,0.965,0.892,0.891,0.938,0.98,1.0,0.949,0.848,0.922,0.959,0.86,0.934,0.929,0.846,0.917
21,A2_1,0.934,0.969,0.935,0.918,0.941,0.961,0.949,1.0,0.943,0.942,0.907,0.932,0.967,0.916,0.926,0.91
21,A2_2,0.931,0.919,0.912,0.919,0.898,0.896,0.848,0.943,1.0,0.862,0.812,0.923,0.924,0.882,0.933,0.891
21,A2_3,0.911,0.925,0.855,0.903,0.912,0.939,0.922,0.942,0.862,1.0,0.932,0.951,0.985,0.951,0.924,0.943
21,B2_1,0.884,0.924,0.868,0.885,0.942,0.964,0.959,0.907,0.812,0.932,1.0,0.858,0.926,0.918,0.846,0.92
21,B2_2,0.892,0.897,0.822,0.901,0.874,0.898,0.86,0.932,0.923,0.951,0.858,1.0,0.97,0.945,0.939,0.946
21,B2_3,0.934,0.943,0.883,0.929,0.922,0.957,0.934,0.967,0.924,0.985,0.926,0.97,1.0,0.969,0.933,0.954
21,y1,0.911,0.917,0.834,0.91,0.909,0.942,0.929,0.916,0.882,0.951,0.918,0.945,0.969,1.0,0.905,0.976
21,y2,0.966,0.918,0.915,0.938,0.944,0.896,0.846,0.926,0.933,0.924,0.846,0.939,0.933,0.905,1.0,0.94
21,y3,0.93,0.923,0.852,0.946,0.938,0.946,0.917,0.91,0.891,0.943,0.92,0.946,0.954,0.976,0.94,1.0
22,.,1.0,0.93,0.965,0.962,0.967,0.926,0.888,0.931,0.929,0.908,0.879,0.889,0.93,0.907,0.965,0.927
22,A1_1,0.93,1.0,0.931,0.931,0.965,0.966,0.964,0.969,0.917,0.924,0.923,0.897,0.943,0.916,0.915,0.921
22,A1_2,0.965,0.931,1.0,0.904,0.957,0.903,0.889,0.934,0.911,0.853,0.865,0.82,0.881,0.83,0.913,0.849
22,A1_3,0.962,0.931,0.904,1.0,0.949,0.942,0.888,0.916,0.918,0.901,0.883,0.9,0.927,0.908,0.937,0.945
22,B1_1,0.967,0.965,0.957,0.949,1.0,0.961,0.938,0.941,0.897,0.912,0.942,0.874,0.922,0.908,0.942,0.937
22,B1_2,0.926,0.966,0.903,0.942,0.961,1.0,0.98,0.96,0.893,0.938,0.964,0.897,0.956,0.941,0.892,0.943
22,B1_3,0.888,0.964,0.889,0.888,0.938,0.98,1.0,0.947,0.844,0.921,0.96,0.86,0.934,0.927,0.841,0.914
22,A2_1,0.931,0.969,0.934,0.916,0.941,0.96,0.947,1.0,0.941,0.941,0.906,0.932,0.967,0.913,0.923,0.907
22,A2_2,0.929,0.917,0.911,0.918,0.897,0.893,0.844,0.941,1.0,0.859,0.808,0.921,0.922,0.879,0.932,0.888
22,A2_3,0.908,0.924,0.853,0.901,0.912,0.938,0.921,0.941,0.859,1.0,0.931,0.951,0.985,0.95,0.922,0.941
22,B2_1,0.879,0.923,0.865,0.883,0.942,0.964,0.96,0.906,0.808,0.931,1.0,0.857,0.925,0.916,0.841,0.917
22,B2_2,0.889,0.897,0.82,0.9,0.874,0.897,0.86,0.932,0.921,0.951,0.857,1.0,0.97,0.945,0.937,0.946
22,B2_3,0.93,0.943,0.881,0.927,0.922,0.956,0.934,0.967,0.922,0.985,0.925,0.97,1.0,0.968,0.929,0.952
22,y1,0.907,0.916,0.83,0.908,0.908,0.941,0.927,0.913,0.879,0.95,0.916,0.945,0.968,1.0,0.903,0.975
22,y2,0.965,0.915,0.913,0.937,0.942,0.892,0.841,0.923,0.932,0.922,0.841,0.937,0.929,0.903,1.0,0.938
22,y3,0.927,0.921,0.849,0.945,0.937,0.943,0.914,0.907,0.888,0.941,0.917,0.946,0.952,0.975,0.938,1.0
23,.,1.0,0.927,0.964,0.961,0.965,0.92,0.881,0.927,0.927,0.903,0.873,0.884,0.926,0.903,0.964,0.923
23,A1_1,0.927,1.0,0.93,0.929,0.965,0.965,0.963,0.968,0.915,0.923,0.922,0.896,0.942,0.914,0.912,0.919
23,A1_2,0.964,0.93,1.0,0.902,0.956,0.899,0.886,0.933,0.91,0.85,0.861,0.817,0.879,0.826,0.911,0.845
23,A1_3,0.961,0.929,0.902,1.0,0.948,0.939,0.884,0.914,0.916,0.899,0.879,0.898,0.925,0.905,0.936,0.943
23,B1_1,0.965,0.965,0.956,0.948,1.0,0.961,0.938,0.941,0.894,0.912,0.942,0.873,0.921,0.907,0.939,0.936
23,B1_2,0.92,0.965,0.899,0.939,0.961,1.0,0.98,0.96,0.888,0.937,0.964,0.897,0.956,0.938,0.886,0.94
23,B1_3,0.881,0.963,0.886,0.884,0.938,0.98,1.0,0.946,0.839,0.919,0.96,0.86,0.933,0.924,0.835,0.911
23,A2_1,0.927,0.968,0.933,0.914,0.941,0.96,0.946,1.0,0.939,0.94,0.905,0.932,0.966,0.91,0.92,0.904
23,A2_2,0.927,0.915,0.91,0.916,0.894,0.888,0.839,0.939,1.0,0.855,0.803,0.919,0.919,0.875,0.93,0.885
23,A2_3,0.903,0.923,0.85,0.899,0.912,0.937,0.919,0.94,0.855,1.0,0.93,0.951,0.984,0.948,0.919,0.94
23,B2_1,0.873,0.922,0.861,0.879,0.942,0.964,0.96,0.905,0.803,0.93,1.0,0.857,0.925,0.914,0.835,0.914
23,B2_2,0.884,0.896,0.817,0.898,0.873,0.897,0.86,0.932,0.919,0.951,0.857,1.0,0.97,0.944,0.934,0.945
23,B2_3,0.926,0.942,0.879,0.925,0.921,0.956,0.933,0.966,0.919,0.984,0.925,0.97,1.0,0.967,0.926,0.95
23,y1,0.903,0.914,0.826,0.905,0.907,0.938,0.924,0.91,0.875,0.948,0.914,0.944,0.967,1.0,0.9,0.975
23,y2,0.964,0.912,0.911,0.936,0.939,0.886,0.835,0.92,0.93,0.919,0.835,0.934,0.926,0.9,1.0,0.937
23,y3,0.923,0.919,0.845,0.943,0.936,0.94,0.911,0.904,0.885,0.94,0.914,0.945,0.95,0.975,0.937,1.0
24,.,1.0,0.922,0.962,0.959,0.962,0.912,0.873,0.922,0.924,0.898,0.865,0.879,0.92,0.898,0.962,0.919
24,A1_1,0.922,1.0,0.927,0.927,0.965,0.964,0.962,0.968,0.913,0.922,0.921,0.896,0.942,0.911,0.909,0.916
24,A1_2,0.962,0.927,1.0,0.9,0.955,0.895,0.881,0.931,0.908,0.847,0.857,0.813,0.875,0.821,0.908,0.84
24,A1_3,0.959,0.927,0.9,1.0,0.946,0.936,0.88,0.911,0.914,0.896,0.875,0.895,0.922,0.902,0.934,0.941
24,B1_1,0.962,0.965,0.955,0.946,1.0,0.96,0.938,0.94,0.892,0.912,0.941,0.872,0.921,0.906,0.936,0.934
24,B1_2,0.912,0.964,0.895,0.936,0.96,1.0,0.98,0.958,0.884,0.936,0.964,0.896,0.956,0.936,0.879,0.936
24,B1_3,0.873,0.962,0.881,0.88,0.938,0.98,1.0,0.945,0.834,0.918,0.96,0.859,0.933,0.921,0.828,0.906
24,A2_1,0.922,0.968,0.931,0.911,0.94,0.958,0.945,1.0,0.937,0.938,0.903,0.931,0.966,0.907,0.916,0.899
24,A2_2,0.924,0.913,0.908,0.914,0.892,0.884,0.834,0.937,1.0,0.851,0.797,0.916,0.916,0.871,0.928,0.881
24,A2_3,0.898,0.922,0.847,0.896,0.912,0.936,0.918,0.938,0.851,1.0,0.929,0.95,0.984,0.947,0.915,0.937
24,B2_1,0.865,0.921,0.857,0.875,0.941,0.964,0.96,0.903,0.797,0.929,1.0,0.855,0.924,0.911,0.828,0.909
24,B2_2,0.879,0.896,0.813,0.895,0.872,0.896,0.859,0.931,0.916,0.95,0.855,1.0,0.969,0.944,0.93,0.943
24,B2_3,0.92,0.942,0.875,0.922,0.921,0.956,0.933,0.966,0.916,0.984,0.924,0.969,1.0,0.965,0.921,0.947
24,y1,0.898,0.911,0.821,0.902,0.906,0.936,0.921,0.907,0.871,0.947,0.911,0.944,0.965,1.0,0.896,0.974
24,y2,0.962,0.909,0.908,0.934,0.936,0.879,0.828,0.916,0.928,0.915,0.828,0.93,0.921,0.896,1.0,0.935
24,y3,0.919,0.916,0.84,0.941,0.934,0.936,0.906,0.899,0.881,0.937,0.909,0.943,0.947,0.974,0.935,1.0
25,.,1.0,0.916,0.961,0.957,0.958,0.904,0.863,0.916,0.921,0.892,0.857,0.872,0.913,0.892,0.961,0.915
25,A1_1,0.916,1.0,0.925,0.925,0.965,0.963,0.961,0.967,0.91,0.92,0.919,0.895,0.941,0.908,0.905,0.913
25,A1_2,0.961,0.925,1.0,0.898,0.953,0.89,0.876,0.928,0.906,0.843,0.852,0.809,0.871,0.815,0.905,0.835
25,A1_3,0.957,0.925,0.898,1.0,0.944,0.932,0.875,0.908,0.912,0.894,0.871,0.892,0.919,0.899,0.932,0.939
25,B1_1,0.958,0.965,0.953,0.944,1.0,0.959,0.937,0.94,0.888,0.911,0.941,0.871,0.92,0.904,0.932,0.931
25,B1_2,0.904,0.963,0.89,0.932,0.959,1.0,0.98,0.957,0.878,0.935,0.964,0.895,0.955,0.933,0.872,0.931
25,B1_3,0.863,0.961,0.876,0.875,0.937,0.98,1.0,0.943,0.827,0.916,0.96,0.858,0.932,0.918,0.819,0.901
25,A2_1,0.916,0.967,0.928,0.908,0.94,0.957,0.943,1.0,0.934,0.937,0.901,0.931,0.965,0.903,0.912,0.895
25,A2_2,0.921,0.91,0.906,0.912,0.888,0.878,0.827,0.934,1.0,0.846,0.791,0.912,0.912,0.866,0.926,0.876
25,A2_3,0.892,0.92,0.843,0.894,0.911,0.935,0.916,0.937,0.846,1.0,0.927,0.95,0.984,0.945,0.911,0.935
25,B2_1,0.857,0.919,0.852,0.871,0.941,0.964,0.96,0.901,0.791,0.927,1.0,0.854,0.924,0.907,0.82,0.904
25,B2_2,0.872,0.895,0.809,0.892,0.871,0.895,0.858,0.931,0.912,0.95,0.854,1.0,0.969,0.942,0.926,0.942
25,B2_3,0.913,0.941,0.871,0.919,0.92,0.955,0.932,0.965,0.912,0.984,0.924,0.969,1.0,0.963,0.916,0.944
25,y1,0.892,0.908,0.815,0.899,0.904,0.933,0.918,0.903,0.866,0.945,0.907,0.942,0.963,1.0,0.893,0.973
25,y2,0.961,0.905,0.905,0.932,0.932,0.872,0.819,0.912,0.926,0.911,0.82,0.926,0.916,0.893,1.0,0.933
25,y3,0.915,0.913,0.835,0.939,0.931,0.931,0.901,0.895,0.876,0.935,0.904,0.942,0.944,0.973,0.933,1.0
26,.,1.0,0.909,0.959,0.955,0.954,0.893,0.852,0.909,0.918,0.885,0.846,0.864,0.906,0.885,0.959,0.91
