,,.,A1_1,A1_2,A1_3,B1_1,B1_2,B1_3,A2_1,A2_2,A2_3,B2_1,B2_2,B2_3,y1,y2,y3
1,.,1.0,-0.136,0.352,0.316,0.23,0.113,-0.005,-0.061,0.102,-0.012,-0.032,0.003,0.379,0.146,0.342,0.21
1,A1_1,-0.136,1.0,-0.284,-0.091,0.171,0.022,0.242,-0.23,-0.14,0.233,0.13,-0.051,0.197,0.065,-0.051,-0.196
1,A1_2,0.352,-0.284,1.0,-0.154,0.519,0.372,-0.317,0.063,0.042,-0.419,-0.246,-0.067,-0.012,-0.146,0.116,-0.486
1,A1_3,0.316,-0.091,-0.154,1.0,0.012,-0.266,-0.203,-0.537,0.212,-0.133,0.223,0.004,0.07,0.11,0.028,0.235
1,B1_1,0.23,0.171,0.519,0.012,1.0,0.283,-0.101,-0.183,-0.27,-0.304,0.121,-0.21,-0.192,-0.072,0.221,-0.025
1,B1_2,0.113,0.022,0.372,-0.266,0.283,1.0,0.017,0.439,-0.097,0.067,-0.202,0.179,0.386,-0.183,0.127,-0.24
1,B1_3,-0.005,0.242,-0.317,-0.203,-0.101,0.017,1.0,-0.052,-0.453,0.074,0.379,-0.599,-0.149,0.054,-0.466,0.125
1,A2_1,-0.061,-0.23,0.063,-0.537,-0.183,0.439,-0.052,1.0,0.147,-0.022,-0.325,0.204,0.222,-0.475,-0.031,-0.105
1,A2_2,0.102,-0.14,0.042,0.212,-0.27,-0.097,-0.453,0.147,1.0,-0.24,-0.53,0.427,0.199,-0.04,0.041,-0.272
1,A2_3,-0.012,0.233,-0.419,-0.133,-0.304,0.067,0.074,-0.022,-0.24,1.0,-0.003,0.432,0.617,0.374,0.444,0.06
1,B2_1,-0.032,0.13,-0.246,0.223,0.121,-0.202,0.379,-0.325,-0.53,-0.003,1.0,-0.397,-0.239,0.124,-0.329,0.363
1,B2_2,0.003,-0.051,-0.067,0.004,-0.21,0.179,-0.599,0.204,0.427,0.432,-0.397,1.0,0.579,0.164,0.566,-0.132
1,B2_3,0.379,0.197,-0.012,0.07,-0.192,0.386,-0.149,0.222,0.199,0.617,-0.239,0.579,1.0,0.362,0.349,-0.221
1,y1,0.146,0.065,-0.146,0.11,-0.072,-0.183,0.054,-0.475,-0.04,0.374,0.124,0.164,0.362,1.0,0.166,0.147
1,y2,0.342,-0.051,0.116,0.028,0.221,0.127,-0.466,-0.031,0.041,0.444,-0.329,0.566,0.349,0.166,1.0,0.146
1,y3,0.21,-0.196,-0.486,0.235,-0.025,-0.24,0.125,-0.105,-0.272,0.06,0.363,-0.132,-0.221,0.147,0.146,1.0
2,.,1.0,-0.135,0.352,0.316,0.228,0.112,-0.007,-0.061,0.103,-0.011,-0.032,0.003,0.379,0.149,0.343,0.211
2,A1_1,-0.135,1.0,-0.284,-0.091,0.172,0.022,0.242,-0.23,-0.141,0.233,0.131,-0.05,0.197,0.065,-0.051,-0.196
2,A1_2,0.352,-0.284,1.0,-0.154,0.519,0.371,-0.318,0.063,0.042,-0.419,-0.247,-0.068,-0.013,-0.146,0.116,-0.486
2,A1_3,0.316,-0.091,-0.154,1.0,0.012,-0.267,-0.203,-0.537,0.212,-0.133,0.222,0.004,0.07,0.11,0.029,0.235
2,B1_1,0.228,0.172,0.519,0.012,1.0,0.282,-0.102,-0.182,-0.27,-0.304,0.12,-0.211,-0.192,-0.072,0.22,-0.025
2,B1_2,0.112,0.022,0.371,-0.267,0.282,1.0,0.018,0.439,-0.097,0.068,-0.201,0.18,0.386,-0.183,0.125,-0.24
2,B1_3,-0.007,0.242,-0.318,-0.203,-0.102,0.018,1.0,-0.052,-0.454,0.074,0.38,-0.597,-0.147,0.055,-0.467,0.124
2,A2_1,-0.061,-0.23,0.063,-0.537,-0.182,0.439,-0.052,1.0,0.147,-0.023,-0.324,0.204,0.222,-0.475,-0.03,-0.105
2,A2_2,0.103,-0.141,0.042,0.212,-0.27,-0.097,-0.454,0.147,1.0,-0.24,-0.529,0.427,0.198,-0.04,0.042,-0.272
2,A2_3,-0.011,0.233,-0.419,-0.133,-0.304,0.068,0.074,-0.023,-0.24,1.0,-0.002,0.432,0.618,0.374,0.444,0.059
2,B2_1,-0.032,0.131,-0.247,0.222,0.12,-0.201,0.38,-0.324,-0.529,-0.002,1.0,-0.397,-0.239,0.123,-0.331,0.361
2,B2_2,0.003,-0.05,-0.068,0.004,-0.211,0.18,-0.597,0.204,0.427,0.432,-0.397,1.0,0.579,0.163,0.563,-0.133
2,B2_3,0.379,0.197,-0.013,0.07,-0.192,0.386,-0.147,0.222,0.198,0.618,-0.239,0.579,1.0,0.361,0.346,-0.222
2,y1,0.149,0.065,-0.146,0.11,-0.072,-0.183,0.055,-0.475,-0.04,0.374,0.123,0.163,0.361,1.0,0.166,0.147
2,y2,0.343,-0.051,0.116,0.029,0.22,0.125,-0.467,-0.03,0.042,0.444,-0.331,0.563,0.346,0.166,1.0,0.147
2,y3,0.211,-0.196,-0.486,0.235,-0.025,-0.24,0.124,-0.105,-0.272,0.059,0.361,-0.133,-0.222,0.147,0.147,1.0
3,.,1.0,-0.135,0.351,0.316,0.227,0.11,-0.01,-0.061,0.104,-0.009,-0.034,0.003,0.379,0.152,0.345,0.213
3,A1_1,-0.135,1.0,-0.284,-0.092,0.173,0.022,0.241,-0.231,-0.141,0.233,0.131,-0.05,0.198,0.065,-0.05,-0.196
3,A1_2,0.351,-0.284,1.0,-0.153,0.518,0.369,-0.32,0.063,0.043,-0.418,-0.248,-0.069,-0.014,-0.147,0.117,-0.485
3,A1_3,0.316,-0.092,-0.153,1.0,0.011,-0.267,-0.204,-0.536,0.212,-0.132,0.222,0.003,0.07,0.109,0.029,0.235
3,B1_1,0.227,0.173,0.518,0.011,1.0,0.281,-0.102,-0.182,-0.271,-0.304,0.12,-0.212,-0.193,-0.072,0.219,-0.026
3,B1_2,0.11,0.022,0.369,-0.267,0.281,1.0,0.02,0.439,-0.097,0.068,-0.2,0.18,0.387,-0.183,0.123,-0.241
3,B1_3,-0.01,0.241,-0.32,-0.204,-0.102,0.02,1.0,-0.052,-0.454,0.074,0.381,-0.595,-0.146,0.055,-0.468,0.124
3,A2_1,-0.061,-0.231,0.063,-0.536,-0.182,0.439,-0.052,1.0,0.147,-0.023,-0.323,0.205,0.222,-0.476,-0.03,-0.105
3,A2_2,0.104,-0.141,0.043,0.212,-0.271,-0.097,-0.454,0.147,1.0,-0.24,-0.529,0.427,0.198,-0.041,0.042,-0.272
3,A2_3,-0.009,0.233,-0.418,-0.132,-0.304,0.068,0.074,-0.023,-0.24,1.0,-0.002,0.432,0.618,0.373,0.443,0.059
3,B2_1,-0.034,0.131,-0.248,0.222,0.12,-0.2,0.381,-0.323,-0.529,-0.002,1.0,-0.396,-0.238,0.123,-0.333,0.36
3,B2_2,0.003,-0.05,-0.069,0.003,-0.212,0.18,-0.595,0.205,0.427,0.432,-0.396,1.0,0.579,0.162,0.56,-0.135
3,B2_3,0.379,0.198,-0.014,0.07,-0.193,0.387,-0.146,0.222,0.198,0.618,-0.238,0.579,1.0,0.36,0.344,-0.223
3,y1,0.152,0.065,-0.147,0.109,-0.072,-0.183,0.055,-0.476,-0.041,0.373,0.123,0.162,0.36,1.0,0.166,0.147
3,y2,0.345,-0.05,0.117,0.029,0.219,0.123,-0.468,-0.03,0.042,0.443,-0.333,0.56,0.344,0.166,1.0,0.147
3,y3,0.213,-0.196,-0.485,0.235,-0.026,-0.241,0.124,-0.105,-0.272,0.059,0.36,-0.135,-0.223,0.147,0.147,1.0
4,.,1.0,-0.135,0.351,0.315,0.226,0.109,-0.012,-0.06,0.105,-0.008,-0.035,0.003,0.378,0.155,0.347,0.214
4,A1_1,-0.135,1.0,-0.284,-0.092,0.173,0.022,0.241,-0.231,-0.142,0.233,0.132,-0.05,0.198,0.065,-0.05,-0.195
4,A1_2,0.351,-0.284,1.0,-0.152,0.518,0.367,-0.321,0.064,0.043,-0.418,-0.248,-0.07,-0.014,-0.147,0.118,-0.484
4,A1_3,0.315,-0.092,-0.152,1.0,0.011,-0.267,-0.204,-0.536,0.212,-0.132,0.221,0.003,0.069,0.109,0.03,0.235
4,B1_1,0.226,0.173,0.518,0.011,1.0,0.281,-0.102,-0.182,-0.271,-0.303,0.119,-0.213,-0.194,-0.071,0.217,-0.026
4,B1_2,0.109,0.022,0.367,-0.267,0.281,1.0,0.021,0.439,-0.098,0.068,-0.199,0.181,0.387,-0.183,0.121,-0.242
4,B1_3,-0.012,0.241,-0.321,-0.204,-0.102,0.021,1.0,-0.052,-0.454,0.074,0.382,-0.593,-0.144,0.055,-0.47,0.123
4,A2_1,-0.06,-0.231,0.064,-0.536,-0.182,0.439,-0.052,1.0,0.148,-0.024,-0.323,0.205,0.222,-0.476,-0.03,-0.106
4,A2_2,0.105,-0.142,0.043,0.212,-0.271,-0.098,-0.454,0.148,1.0,-0.24,-0.529,0.427,0.198,-0.042,0.042,-0.272
4,A2_3,-0.008,0.233,-0.418,-0.132,-0.303,0.068,0.074,-0.024,-0.24,1.0,-0.001,0.433,0.618,0.372,0.443,0.058
4,B2_1,-0.035,0.132,-0.248,0.221,0.119,-0.199,0.382,-0.323,-0.529,-0.001,1.0,-0.395,-0.237,0.122,-0.336,0.358
4,B2_2,0.003,-0.05,-0.07,0.003,-0.213,0.181,-0.593,0.205,0.427,0.433,-0.395,1.0,0.579,0.161,0.558,-0.136
4,B2_3,0.378,0.198,-0.014,0.069,-0.194,0.387,-0.144,0.222,0.198,0.618,-0.237,0.579,1.0,0.36,0.341,-0.224
4,y1,0.155,0.065,-0.147,0.109,-0.071,-0.183,0.055,-0.476,-0.042,0.372,0.122,0.161,0.36,1.0,0.166,0.147
4,y2,0.347,-0.05,0.118,0.03,0.217,0.121,-0.47,-0.03,0.042,0.443,-0.336,0.558,0.341,0.166,1.0,0.148
4,y3,0.214,-0.195,-0.484,0.235,-0.026,-0.242,0.123,-0.106,-0.272,0.058,0.358,-0.136,-0.224,0.147,0.148,1.0
5,.,1.0,-0.134,0.351,0.315,0.225,0.107,-0.015,-0.06,0.105,-0.006,-0.037,0.003,0.377,0.159,0.349,0.216
5,A1_1,-0.134,1.0,-0.284,-0.092,0.174,0.023,0.241,-0.232,-0.142,0.233,0.132,-0.05,0.198,0.065,-0.049,-0.195
5,A1_2,0.351,-0.284,1.0,-0.151,0.517,0.365,-0.322,0.064,0.044,-0.417,-0.249,-0.071,-0.015,-0.147,0.119,-0.483
5,A1_3,0.315,-0.092,-0.151,1.0,0.011,-0.268,-0.205,-0.536,0.213,-0.132,0.221,0.003,0.069,0.109,0.03,0.235
5,B1_1,0.225,0.174,0.517,0.011,1.0,0.28,-0.102,-0.181,-0.272,-0.303,0.119,-0.214,-0.195,-0.071,0.216,-0.027
5,B1_2,0.107,0.023,0.365,-0.268,0.28,1.0,0.023,0.439,-0.098,0.068,-0.197,0.181,0.388,-0.183,0.119,-0.243
5,B1_3,-0.015,0.241,-0.322,-0.205,-0.102,0.023,1.0,-0.052,-0.454,0.074,0.383,-0.591,-0.143,0.055,-0.471,0.122
5,A2_1,-0.06,-0.232,0.064,-0.536,-0.181,0.439,-0.052,1.0,0.148,-0.024,-0.322,0.205,0.223,-0.477,-0.03,-0.106
5,A2_2,0.105,-0.142,0.044,0.213,-0.272,-0.098,-0.454,0.148,1.0,-0.24,-0.529,0.427,0.198,-0.042,0.042,-0.272
5,A2_3,-0.006,0.233,-0.417,-0.132,-0.303,0.068,0.074,-0.024,-0.24,1.0,-0.001,0.433,0.618,0.371,0.442,0.057
5,B2_1,-0.037,0.132,-0.249,0.221,0.119,-0.197,0.383,-0.322,-0.529,-0.001,1.0,-0.395,-0.236,0.121,-0.338,0.356
5,B2_2,0.003,-0.05,-0.071,0.003,-0.214,0.181,-0.591,0.205,0.427,0.433,-0.395,1.0,0.579,0.16,0.555,-0.138
5,B2_3,0.377,0.198,-0.015,0.069,-0.195,0.388,-0.143,0.223,0.198,0.618,-0.236,0.579,1.0,0.359,0.339,-0.225
5,y1,0.159,0.065,-0.147,0.109,-0.071,-0.183,0.055,-0.477,-0.042,0.371,0.121,0.16,0.359,1.0,0.167,0.148
5,y2,0.349,-0.049,0.119,0.03,0.216,0.119,-0.471,-0.03,0.042,0.442,-0.338,0.555,0.339,0.167,1.0,0.149
5,y3,0.216,-0.195,-0.483,0.235,-0.027,-0.243,0.122,-0.106,-0.272,0.057,0.356,-0.138,-0.225,0.148,0.149,1.0
6,.,1.0,-0.134,0.351,0.314,0.224,0.105,-0.018,-0.06,0.106,-0.004,-0.038,0.003,0.376,0.162,0.352,0.218
6,A1_1,-0.134,1.0,-0.284,-0.092,0.175,0.023,0.241,-0.232,-0.142,0.233,0.133,-0.049,0.199,0.065,-0.049,-0.195
6,A1_2,0.351,-0.284,1.0,-0.15,0.516,0.364,-0.323,0.064,0.044,-0.417,-0.25,-0.071,-0.016,-0.147,0.119,-0.482
6,A1_3,0.314,-0.092,-0.15,1.0,0.011,-0.268,-0.205,-0.535,0.213,-0.131,0.22,0.002,0.069,0.108,0.031,0.235
6,B1_1,0.224,0.175,0.516,0.011,1.0,0.28,-0.102,-0.181,-0.272,-0.303,0.119,-0.216,-0.196,-0.071,0.214,-0.027
6,B1_2,0.105,0.023,0.364,-0.268,0.28,1.0,0.024,0.439,-0.099,0.068,-0.196,0.182,0.389,-0.184,0.116,-0.244
6,B1_3,-0.018,0.241,-0.323,-0.205,-0.102,0.024,1.0,-0.052,-0.454,0.074,0.385,-0.589,-0.141,0.054,-0.472,0.121
6,A2_1,-0.06,-0.232,0.064,-0.535,-0.181,0.439,-0.052,1.0,0.148,-0.025,-0.322,0.205,0.223,-0.477,-0.03,-0.106
6,A2_2,0.106,-0.142,0.044,0.213,-0.272,-0.099,-0.454,0.148,1.0,-0.241,-0.528,0.427,0.198,-0.043,0.042,-0.273
6,A2_3,-0.004,0.233,-0.417,-0.131,-0.303,0.068,0.074,-0.025,-0.241,1.0,-0.001,0.433,0.617,0.37,0.442,0.057
6,B2_1,-0.038,0.133,-0.25,0.22,0.119,-0.196,0.385,-0.322,-0.528,-0.001,1.0,-0.394,-0.235,0.12,-0.341,0.354
6,B2_2,0.003,-0.049,-0.071,0.002,-0.216,0.182,-0.589,0.205,0.427,0.433,-0.394,1.0,0.579,0.159,0.551,-0.139
6,B2_3,0.376,0.199,-0.016,0.069,-0.196,0.389,-0.141,0.223,0.198,0.617,-0.235,0.579,1.0,0.358,0.336,-0.226
6,y1,0.162,0.065,-0.147,0.108,-0.071,-0.184,0.054,-0.477,-0.043,0.37,0.12,0.159,0.358,1.0,0.168,0.148
6,y2,0.352,-0.049,0.119,0.031,0.214,0.116,-0.472,-0.03,0.042,0.442,-0.341,0.551,0.336,0.168,1.0,0.15
6,y3,0.218,-0.195,-0.482,0.235,-0.027,-0.244,0.121,-0.106,-0.273,0.057,0.354,-0.139,-0.226,0.148,0.15,1.0
7,.,1.0,-0.134,0.351,0.313,0.223,0.103,-0.021,-0.059,0.107,-0.002,-0.04,0.003,0.375,0.165,0.355,0.22
7,A1_1,-0.134,1.0,-0.283,-0.092,0.176,0.023,0.241,-0.232,-0.143,0.233,0.133,-0.049,0.199,0.064,-0.049,-0.195
7,A1_2,0.351,-0.283,1.0,-0.149,0.516,0.362,-0.325,0.065,0.045,-0.416,-0.251,-0.072,-0.017,-0.148,0.12,-0.482
7,A1_3,0.313,-0.092,-0.149,1.0,0.011,-0.268,-0.206,-0.535,0.213,-0.131,0.22,0.002,0.068,0.108,0.031,0.235
7,B1_1,0.223,0.176,0.516,0.011,1.0,0.279,-0.102,-0.181,-0.273,-0.303,0.119,-0.217,-0.197,-0.071,0.212,-0.028
7,B1_2,0.103,0.023,0.362,-0.268,0.279,1.0,0.026,0.439,-0.099,0.068,-0.194,0.182,0.389,-0.184,0.113,-0.245
7,B1_3,-0.021,0.241,-0.325,-0.206,-0.102,0.026,1.0,-0.052,-0.454,0.073,0.386,-0.587,-0.14,0.054,-0.474,0.119
7,A2_1,-0.059,-0.232,0.065,-0.535,-0.181,0.439,-0.052,1.0,0.148,-0.025,-0.321,0.206,0.223,-0.478,-0.029,-0.106
7,A2_2,0.107,-0.143,0.045,0.213,-0.273,-0.099,-0.454,0.148,1.0,-0.241,-0.528,0.426,0.198,-0.044,0.043,-0.273
7,A2_3,-0.002,0.233,-0.416,-0.131,-0.303,0.068,0.073,-0.025,-0.241,1.0,-0.001,0.433,0.617,0.369,0.441,0.056
7,B2_1,-0.04,0.133,-0.251,0.22,0.119,-0.194,0.386,-0.321,-0.528,-0.001,1.0,-0.393,-0.234,0.118,-0.343,0.352
7,B2_2,0.003,-0.049,-0.072,0.002,-0.217,0.182,-0.587,0.206,0.426,0.433,-0.393,1.0,0.579,0.158,0.548,-0.141
7,B2_3,0.375,0.199,-0.017,0.068,-0.197,0.389,-0.14,0.223,0.198,0.617,-0.234,0.579,1.0,0.357,0.332,-0.228
7,y1,0.165,0.064,-0.148,0.108,-0.071,-0.184,0.054,-0.478,-0.044,0.369,0.118,0.158,0.357,1.0,0.169,0.149
7,y2,0.355,-0.049,0.12,0.031,0.212,0.113,-0.474,-0.029,0.043,0.441,-0.343,0.548,0.332,0.169,1.0,0.152
7,y3,0.22,-0.195,-0.482,0.235,-0.028,-0.245,0.119,-0.106,-0.273,0.056,0.352,-0.141,-0.228,0.149,0.152,1.0
8,.,1.0,-0.134,0.351,0.312,0.221,0.101,-0.024,-0.059,0.108,-0.001,-0.043,0.003,0.374,0.168,0.358,0.222
8,A1_1,-0.134,1.0,-0.283,-0.092,0.177,0.023,0.241,-0.233,-0.143,0.233,0.134,-0.048,0.2,0.064,-0.048,-0.195
8,A1_2,0.351,-0.283,1.0,-0.148,0.515,0.36,-0.326,0.065,0.046,-0.416,-0.252,-0.073,-0.018,-0.148,0.121,-0.481
8,A1_3,0.312,-0.092,-0.148,1.0,0.011,-0.268,-0.206,-0.534,0.213,-0.131,0.219,0.002,0.068,0.107,0.032,0.235
8,B1_1,0.221,0.177,0.515,0.011,1.0,0.279,-0.102,-0.18,-0.273,-0.303,0.119,-0.218,-0.198,-0.071,0.21,-0.029
8,B1_2,0.101,0.023,0.36,-0.268,0.279,1.0,0.028,0.439,-0.099,0.067,-0.192,0.183,0.39,-0.184,0.11,-0.246
8,B1_3,-0.024,0.241,-0.326,-0.206,-0.102,0.028,1.0,-0.052,-0.454,0.073,0.387,-0.585,-0.138,0.054,-0.475,0.118
8,A2_1,-0.059,-0.233,0.065,-0.534,-0.18,0.439,-0.052,1.0,0.148,-0.026,-0.321,0.206,0.224,-0.479,-0.029,-0.106
8,A2_2,0.108,-0.143,0.046,0.213,-0.273,-0.099,-0.454,0.148,1.0,-0.241,-0.528,0.426,0.198,-0.044,0.043,-0.273
8,A2_3,-0.001,0.233,-0.416,-0.131,-0.303,0.067,0.073,-0.026,-0.241,1.0,-0.001,0.433,0.617,0.369,0.441,0.056
8,B2_1,-0.043,0.134,-0.252,0.219,0.119,-0.192,0.387,-0.321,-0.528,-0.001,1.0,-0.392,-0.233,0.117,-0.346,0.349
8,B2_2,0.003,-0.048,-0.073,0.002,-0.218,0.183,-0.585,0.206,0.426,0.433,-0.392,1.0,0.579,0.157,0.544,-0.143
8,B2_3,0.374,0.2,-0.018,0.068,-0.198,0.39,-0.138,0.224,0.198,0.617,-0.233,0.579,1.0,0.355,0.329,-0.229
8,y1,0.168,0.064,-0.148,0.107,-0.071,-0.184,0.054,-0.479,-0.044,0.369,0.117,0.157,0.355,1.0,0.17,0.151
8,y2,0.358,-0.048,0.121,0.032,0.21,0.11,-0.475,-0.029,0.043,0.441,-0.346,0.544,0.329,0.17,1.0,0.154
8,y3,0.222,-0.195,-0.481,0.235,-0.029,-0.246,0.118,-0.106,-0.273,0.056,0.349,-0.143,-0.229,0.151,0.154,1.0
9,.,1.0,-0.134,0.352,0.31,0.22,0.098,-0.028,-0.059,0.108,0.001,-0.045,0.003,0.372,0.171,0.362,0.224
9,A1_1,-0.134,1.0,-0.283,-0.092,0.178,0.024,0.241,-0.233,-0.143,0.233,0.134,-0.048,0.2,0.063,-0.048,-0.195
9,A1_2,0.352,-0.283,1.0,-0.147,0.514,0.358,-0.327,0.066,0.046,-0.415,-0.253,-0.074,-0.019,-0.148,0.121,-0.48
9,A1_3,0.31,-0.092,-0.147,1.0,0.011,-0.269,-0.206,-0.534,0.213,-0.13,0.219,0.001,0.068,0.106,0.033,0.234
9,B1_1,0.22,0.178,0.514,0.011,1.0,0.279,-0.101,-0.18,-0.273,-0.303,0.119,-0.219,-0.198,-0.071,0.208,-0.03
9,B1_2,0.098,0.024,0.358,-0.269,0.279,1.0,0.03,0.439,-0.1,0.067,-0.19,0.184,0.391,-0.185,0.107,-0.247
9,B1_3,-0.028,0.241,-0.327,-0.206,-0.101,0.03,1.0,-0.052,-0.454,0.072,0.389,-0.583,-0.136,0.053,-0.477,0.116
9,A2_1,-0.059,-0.233,0.066,-0.534,-0.18,0.439,-0.052,1.0,0.149,-0.026,-0.32,0.207,0.224,-0.479,-0.029,-0.107
9,A2_2,0.108,-0.143,0.046,0.213,-0.273,-0.1,-0.454,0.149,1.0,-0.241,-0.527,0.426,0.197,-0.045,0.043,-0.272
9,A2_3,0.001,0.233,-0.415,-0.13,-0.303,0.067,0.072,-0.026,-0.241,1.0,-0.002,0.433,0.616,0.368,0.44,0.055
9,B2_1,-0.045,0.134,-0.253,0.219,0.119,-0.19,0.389,-0.32,-0.527,-0.002,1.0,-0.391,-0.232,0.116,-0.349,0.347
9,B2_2,0.003,-0.048,-0.074,0.001,-0.219,0.184,-0.583,0.207,0.426,0.433,-0.391,1.0,0.579,0.156,0.541,-0.144
9,B2_3,0.372,0.2,-0.019,0.068,-0.198,0.391,-0.136,0.224,0.197,0.616,-0.232,0.579,1.0,0.354,0.325,-0.231
9,y1,0.171,0.063,-0.148,0.106,-0.071,-0.185,0.053,-0.479,-0.045,0.368,0.116,0.156,0.354,1.0,0.172,0.152
9,y2,0.362,-0.048,0.121,0.033,0.208,0.107,-0.477,-0.029,0.043,0.44,-0.349,0.541,0.325,0.172,1.0,0.156
9,y3,0.224,-0.195,-0.48,0.234,-0.03,-0.247,0.116,-0.107,-0.272,0.055,0.347,-0.144,-0.231,0.152,0.156,1.0
10,.,1.0,-0.134,0.352,0.309,0.219,0.095,-0.032,-0.059,0.109,0.003,-0.048,0.002,0.369,0.175,0.367,0.228
10,A1_1,-0.134,1.0,-0.283,-0.092,0.179,0.024,0.241,-0.233,-0.143,0.233,0.135,-0.047,0.201,0.062,-0.048,-0.196
10,A1_2,0.352,-0.283,1.0,-0.146,0.513,0.356,-0.329,0.066,0.047,-0.415,-0.254,-0.074,-0.02,-0.148,0.122,-0.478
10,A1_3,0.309,-0.092,-0.146,1.0,0.01,-0.269,-0.207,-0.533,0.214,-0.13,0.218,0.001,0.067,0.106,0.033,0.234
10,B1_1,0.219,0.179,0.513,0.01,1.0,0.279,-0.101,-0.179,-0.274,-0.303,0.119,-0.22,-0.199,-0.071,0.205,-0.03
10,B1_2,0.095,0.024,0.356,-0.269,0.279,1.0,0.032,0.438,-0.1,0.066,-0.188,0.184,0.392,-0.185,0.103,-0.249
10,B1_3,-0.032,0.241,-0.329,-0.207,-0.101,0.032,1.0,-0.053,-0.454,0.072,0.391,-0.581,-0.135,0.052,-0.479,0.114
10,A2_1,-0.059,-0.233,0.066,-0.533,-0.179,0.438,-0.053,1.0,0.149,-0.027,-0.319,0.207,0.224,-0.48,-0.029,-0.107
10,A2_2,0.109,-0.143,0.047,0.214,-0.274,-0.1,-0.454,0.149,1.0,-0.241,-0.527,0.426,0.197,-0.046,0.043,-0.272
10,A2_3,0.003,0.233,-0.415,-0.13,-0.303,0.066,0.072,-0.027,-0.241,1.0,-0.002,0.432,0.616,0.367,0.44,0.055
10,B2_1,-0.048,0.135,-0.254,0.218,0.119,-0.188,0.391,-0.319,-0.527,-0.002,1.0,-0.39,-0.23,0.114,-0.352,0.344
10,B2_2,0.002,-0.047,-0.074,0.001,-0.22,0.184,-0.581,0.207,0.426,0.432,-0.39,1.0,0.579,0.155,0.537,-0.146
10,B2_3,0.369,0.201,-0.02,0.067,-0.199,0.392,-0.135,0.224,0.197,0.616,-0.23,0.579,1.0,0.353,0.322,-0.232
10,y1,0.175,0.062,-0.148,0.106,-0.071,-0.185,0.052,-0.48,-0.046,0.367,0.114,0.155,0.353,1.0,0.174,0.154
10,y2,0.367,-0.048,0.122,0.033,0.205,0.103,-0.479,-0.029,0.043,0.44,-0.352,0.537,0.322,0.174,1.0,0.158
10,y3,0.228,-0.196,-0.478,0.234,-0.03,-0.249,0.114,-0.107,-0.272,0.055,0.344,-0.146,-0.232,0.154,0.158,1.0
11,.,1.0,-0.134,0.353,0.308,0.218,0.092,-0.036,-0.058,0.109,0.005,-0.05,0.002,0.366,0.178,0.371,0.231
11,A1_1,-0.134,1.0,-0.282,-0.092,0.18,0.025,0.241,-0.234,-0.143,0.233,0.135,-0.047,0.201,0.062,-0.047,-0.196
11,A1_2,0.353,-0.282,1.0,-0.144,0.512,0.353,-0.33,0.066,0.048,-0.415,-0.255,-0.075,-0.021,-0.149,0.123,-0.477
11,A1_3,0.308,-0.092,-0.144,1.0,0.01,-0.269,-0.208,-0.533,0.214,-0.13,0.217,0.001,0.067,0.105,0.034,0.234
11,B1_1,0.218,0.18,0.512,0.01,1.0,0.279,-0.1,-0.179,-0.274,-0.303,0.119,-0.221,-0.2,-0.07,0.203,-0.031
11,B1_2,0.092,0.025,0.353,-0.269,0.279,1.0,0.034,0.438,-0.101,0.066,-0.186,0.185,0.393,-0.186,0.1,-0.25
11,B1_3,-0.036,0.241,-0.33,-0.208,-0.1,0.034,1.0,-0.053,-0.455,0.071,0.392,-0.579,-0.133,0.052,-0.48,0.112
11,A2_1,-0.058,-0.234,0.066,-0.533,-0.179,0.438,-0.053,1.0,0.149,-0.027,-0.319,0.207,0.224,-0.48,-0.029,-0.107
11,A2_2,0.109,-0.143,0.048,0.214,-0.274,-0.101,-0.455,0.149,1.0,-0.241,-0.527,0.426,0.197,-0.046,0.044,-0.272
11,A2_3,0.005,0.233,-0.415,-0.13,-0.303,0.066,0.071,-0.027,-0.241,1.0,-0.003,0.432,0.616,0.366,0.439,0.055
11,B2_1,-0.05,0.135,-0.255,0.217,0.119,-0.186,0.392,-0.319,-0.527,-0.003,1.0,-0.389,-0.229,0.113,-0.355,0.341
11,B2_2,0.002,-0.047,-0.075,0.001,-0.221,0.185,-0.579,0.207,0.426,0.432,-0.389,1.0,0.579,0.154,0.533,-0.148
11,B2_3,0.366,0.201,-0.021,0.067,-0.2,0.393,-0.133,0.224,0.197,0.616,-0.229,0.579,1.0,0.351,0.318,-0.233
11,y1,0.178,0.062,-0.149,0.105,-0.07,-0.186,0.052,-0.48,-0.046,0.366,0.113,0.154,0.351,1.0,0.176,0.156
11,y2,0.371,-0.047,0.123,0.034,0.203,0.1,-0.48,-0.029,0.044,0.439,-0.355,0.533,0.318,0.176,1.0,0.161
11,y3,0.231,-0.196,-0.477,0.234,-0.031,-0.25,0.112,-0.107,-0.272,0.055,0.341,-0.148,-0.233,0.156,0.161,1.0
12,.,1.0,-0.135,0.353,0.306,0.217,0.088,-0.04,-0.059,0.11,0.007,-0.053,0.001,0.363,0.182,0.377,0.234
12,A1_1,-0.135,1.0,-0.282,-0.092,0.181,0.025,0.241,-0.234,-0.143,0.233,0.136,-0.046,0.202,0.061,-0.047,-0.196
12,A1_2,0.353,-0.282,1.0,-0.143,0.511,0.351,-0.331,0.067,0.049,-0.414,-0.256,-0.076,-0.022,-0.149,0.124,-0.476
12,A1_3,0.306,-0.092,-0.143,1.0,0.01,-0.27,-0.208,-0.532,0.214,-0.129,0.216,0.001,0.067,0.105,0.034,0.233
12,B1_1,0.217,0.181,0.511,0.01,1.0,0.279,-0.1,-0.178,-0.275,-0.304,0.119,-0.222,-0.2,-0.07,0.2,-0.032
12,B1_2,0.088,0.025,0.351,-0.27,0.279,1.0,0.037,0.438,-0.101,0.065,-0.183,0.186,0.394,-0.187,0.096,-0.252
12,B1_3,-0.04,0.241,-0.331,-0.208,-0.1,0.037,1.0,-0.053,-0.455,0.07,0.394,-0.577,-0.131,0.05,-0.482,0.11
12,A2_1,-0.059,-0.234,0.067,-0.532,-0.178,0.438,-0.053,1.0,0.15,-0.028,-0.318,0.208,0.225,-0.481,-0.029,-0.108
12,A2_2,0.11,-0.143,0.049,0.214,-0.275,-0.101,-0.455,0.15,1.0,-0.241,-0.526,0.426,0.196,-0.047,0.044,-0.272
12,A2_3,0.007,0.233,-0.414,-0.129,-0.304,0.065,0.07,-0.028,-0.241,1.0,-0.003,0.432,0.615,0.365,0.439,0.054
12,B2_1,-0.053,0.136,-0.256,0.216,0.119,-0.183,0.394,-0.318,-0.526,-0.003,1.0,-0.388,-0.227,0.111,-0.358,0.338
12,B2_2,0.001,-0.046,-0.076,0.001,-0.222,0.186,-0.577,0.208,0.426,0.432,-0.388,1.0,0.579,0.153,0.529,-0.149
12,B2_3,0.363,0.202,-0.022,0.067,-0.2,0.394,-0.131,0.225,0.196,0.615,-0.227,0.579,1.0,0.35,0.314,-0.235
12,y1,0.182,0.061,-0.149,0.105,-0.07,-0.187,0.05,-0.481,-0.047,0.365,0.111,0.153,0.35,1.0,0.178,0.158
12,y2,0.377,-0.047,0.124,0.034,0.2,0.096,-0.482,-0.029,0.044,0.439,-0.358,0.529,0.314,0.178,1.0,0.164
12,y3,0.234,-0.196,-0.476,0.233,-0.032,-0.252,0.11,-0.108,-0.272,0.054,0.338,-0.149,-0.235,0.158,0.164,1.0
13,.,1.0,-0.135,0.354,0.305,0.215,0.085,-0.045,-0.058,0.11,0.009,-0.057,0.0,0.36,0.186,0.382,0.238
13,A1_1,-0.135,1.0,-0.282,-0.091,0.182,0.025,0.241,-0.234,-0.143,0.233,0.136,-0.045,0.202,0.06,-0.047,-0.196
13,A1_2,0.354,-0.282,1.0,-0.142,0.51,0.349,-0.333,0.067,0.05,-0.414,-0.258,-0.077,-0.023,-0.149,0.124,-0.475
13,A1_3,0.305,-0.091,-0.142,1.0,0.01,-0.27,-0.209,-0.532,0.215,-0.129,0.215,0.0,0.066,0.104,0.035,0.233
13,B1_1,0.215,0.182,0.51,0.01,1.0,0.279,-0.099,-0.178,-0.275,-0.304,0.12,-0.223,-0.201,-0.07,0.197,-0.033
13,B1_2,0.085,0.025,0.349,-0.27,0.279,1.0,0.039,0.438,-0.102,0.065,-0.18,0.187,0.395,-0.188,0.091,-0.253
13,B1_3,-0.045,0.241,-0.333,-0.209,-0.099,0.039,1.0,-0.053,-0.455,0.069,0.396,-0.575,-0.129,0.049,-0.484,0.108
13,A2_1,-0.058,-0.234,0.067,-0.532,-0.178,0.438,-0.053,1.0,0.15,-0.028,-0.318,0.208,0.225,-0.481,-0.029,-0.108
13,A2_2,0.11,-0.143,0.05,0.215,-0.275,-0.102,-0.455,0.15,1.0,-0.241,-0.526,0.425,0.196,-0.048,0.044,-0.272
13,A2_3,0.009,0.233,-0.414,-0.129,-0.304,0.065,0.069,-0.028,-0.241,1.0,-0.004,0.432,0.615,0.364,0.438,0.054
13,B2_1,-0.057,0.136,-0.258,0.215,0.12,-0.18,0.396,-0.318,-0.526,-0.004,1.0,-0.387,-0.226,0.109,-0.361,0.334
13,B2_2,0.0,-0.045,-0.077,0.0,-0.223,0.187,-0.575,0.208,0.425,0.432,-0.387,1.0,0.579,0.152,0.524,-0.151
13,B2_3,0.36,0.202,-0.023,0.066,-0.201,0.395,-0.129,0.225,0.196,0.615,-0.226,0.579,1.0,0.348,0.309,-0.237
13,y1,0.186,0.06,-0.149,0.104,-0.07,-0.188,0.049,-0.481,-0.048,0.364,0.109,0.152,0.348,1.0,0.181,0.16
13,y2,0.382,-0.047,0.124,0.035,0.197,0.091,-0.484,-0.029,0.044,0.438,-0.361,0.524,0.309,0.181,1.0,0.167
13,y3,0.238,-0.196,-0.475,0.233,-0.033,-0.253,0.108,-0.108,-0.272,0.054,0.334,-0.151,-0.237,0.16,0.167,1.0
14,.,1.0,-0.136,0.354,0.303,0.214,0.08,-0.05,-0.058,0.111,0.011,-0.06,-0.001,0.356,0.19,0.388,0.241
14,A1_1,-0.136,1.0,-0.281,-0.091,0.183,0.026,0.241,-0.235,-0.143,0.233,0.137,-0.044,0.203,0.059,-0.047,-0.197
14,A1_2,0.354,-0.281,1.0,-0.141,0.509,0.346,-0.334,0.068,0.051,-0.413,-0.259,-0.078,-0.024,-0.15,0.125,-0.473
14,A1_3,0.303,-0.091,-0.141,1.0,0.009,-0.27,-0.209,-0.531,0.215,-0.129,0.214,-0.0,0.066,0.103,0.036,0.233
14,B1_1,0.214,0.183,0.509,0.009,1.0,0.279,-0.098,-0.177,-0.276,-0.304,0.12,-0.224,-0.201,-0.07,0.194,-0.034
14,B1_2,0.08,0.026,0.346,-0.27,0.279,1.0,0.042,0.437,-0.103,0.064,-0.177,0.188,0.396,-0.189,0.087,-0.255
14,B1_3,-0.05,0.241,-0.334,-0.209,-0.098,0.042,1.0,-0.053,-0.455,0.068,0.398,-0.572,-0.126,0.048,-0.486,0.105
14,A2_1,-0.058,-0.235,0.068,-0.531,-0.177,0.437,-0.053,1.0,0.151,-0.029,-0.317,0.209,0.225,-0.482,-0.029,-0.109
14,A2_2,0.111,-0.143,0.051,0.215,-0.276,-0.103,-0.455,0.151,1.0,-0.241,-0.526,0.425,0.195,-0.048,0.045,-0.271
14,A2_3,0.011,0.233,-0.413,-0.129,-0.304,0.064,0.068,-0.029,-0.241,1.0,-0.004,0.432,0.614,0.364,0.437,0.054
14,B2_1,-0.06,0.137,-0.259,0.214,0.12,-0.177,0.398,-0.317,-0.526,-0.004,1.0,-0.386,-0.224,0.107,-0.364,0.331
14,B2_2,-0.001,-0.044,-0.078,-0.0,-0.224,0.188,-0.572,0.209,0.425,0.432,-0.386,1.0,0.579,0.151,0.52,-0.152
14,B2_3,0.356,0.203,-0.024,0.066,-0.201,0.396,-0.126,0.225,0.195,0.614,-0.224,0.579,1.0,0.346,0.305,-0.238
14,y1,0.19,0.059,-0.15,0.103,-0.07,-0.189,0.048,-0.482,-0.048,0.364,0.107,0.151,0.346,1.0,0.183,0.163
14,y2,0.388,-0.047,0.125,0.036,0.194,0.087,-0.486,-0.029,0.045,0.437,-0.364,0.52,0.305,0.183,1.0,0.171
14,y3,0.241,-0.197,-0.473,0.233,-0.034,-0.255,0.105,-0.109,-0.271,0.054,0.331,-0.152,-0.238,0.163,0.171,1.0
15,.,1.0,-0.136,0.354,0.301,0.212,0.076,-0.055,-0.059,0.111,0.012,-0.064,-0.002,0.352,0.194,0.394,0.246
15,A1_1,-0.136,1.0,-0.281,-0.091,0.185,0.026,0.24,-0.235,-0.143,0.233,0.137,-0.044,0.204,0.057,-0.047,-0.197
15,A1_2,0.354,-0.281,1.0,-0.14,0.508,0.344,-0.336,0.068,0.052,-0.413,-0.26,-0.079,-0.025,-0.15,0.126,-0.472
15,A1_3,0.301,-0.091,-0.14,1.0,0.009,-0.271,-0.21,-0.531,0.215,-0.128,0.213,-0.001,0.065,0.103,0.037,0.232
15,B1_1,0.212,0.185,0.508,0.009,1.0,0.28,-0.097,-0.177,-0.277,-0.304,0.121,-0.225,-0.202,-0.07,0.191,-0.035
15,B1_2,0.076,0.026,0.344,-0.271,0.28,1.0,0.045,0.437,-0.104,0.063,-0.174,0.189,0.397,-0.19,0.082,-0.257
15,B1_3,-0.055,0.24,-0.336,-0.21,-0.097,0.045,1.0,-0.053,-0.456,0.067,0.4,-0.57,-0.124,0.047,-0.488,0.103
15,A2_1,-0.059,-0.235,0.068,-0.531,-0.177,0.437,-0.053,1.0,0.151,-0.03,-0.316,0.209,0.226,-0.483,-0.029,-0.109
15,A2_2,0.111,-0.143,0.052,0.215,-0.277,-0.104,-0.456,0.151,1.0,-0.241,-0.526,0.425,0.195,-0.049,0.045,-0.271
15,A2_3,0.012,0.233,-0.413,-0.128,-0.304,0.063,0.067,-0.03,-0.241,1.0,-0.005,0.432,0.614,0.363,0.437,0.053
15,B2_1,-0.064,0.137,-0.26,0.213,0.121,-0.174,0.4,-0.316,-0.526,-0.005,1.0,-0.384,-0.222,0.105,-0.367,0.327
15,B2_2,-0.002,-0.044,-0.079,-0.001,-0.225,0.189,-0.57,0.209,0.425,0.432,-0.384,1.0,0.579,0.149,0.515,-0.154
15,B2_3,0.352,0.204,-0.025,0.065,-0.202,0.397,-0.124,0.226,0.195,0.614,-0.222,0.579,1.0,0.344,0.3,-0.24
15,y1,0.194,0.057,-0.15,0.103,-0.07,-0.19,0.047,-0.483,-0.049,0.363,0.105,0.149,0.344,1.0,0.186,0.165
15,y2,0.394,-0.047,0.126,0.037,0.191,0.082,-0.488,-0.029,0.045,0.437,-0.367,0.515,0.3,0.186,1.0,0.174
15,y3,0.246,-0.197,-0.472,0.232,-0.035,-0.257,0.103,-0.109,-0.271,0.053,0.327,-0.154,-0.24,0.165,0.174,1.0
16,.,1.0,-0.137,0.355,0.3,0.21,0.071,-0.06,-0.059,0.112,0.014,-0.068,-0.003,0.347,0.198,0.4,0.25
16,A1_1,-0.137,1.0,-0.28,-0.091,0.186,0.027,0.24,-0.235,-0.143,0.233,0.137,-0.043,0.204,0.056,-0.046,-0.197
16,A1_2,0.355,-0.28,1.0,-0.138,0.507,0.341,-0.337,0.069,0.053,-0.412,-0.262,-0.08,-0.026,-0.15,0.127,-0.47
16,A1_3,0.3,-0.091,-0.138,1.0,0.009,-0.271,-0.211,-0.53,0.216,-0.128,0.211,-0.001,0.065,0.102,0.037,0.232
16,B1_1,0.21,0.186,0.507,0.009,1.0,0.28,-0.095,-0.176,-0.277,-0.304,0.122,-0.226,-0.202,-0.07,0.188,-0.037
16,B1_2,0.071,0.027,0.341,-0.271,0.28,1.0,0.048,0.437,-0.105,0.062,-0.171,0.19,0.398,-0.191,0.078,-0.259
16,B1_3,-0.06,0.24,-0.337,-0.211,-0.095,0.048,1.0,-0.053,-0.456,0.066,0.402,-0.567,-0.122,0.045,-0.49,0.1
16,A2_1,-0.059,-0.235,0.069,-0.53,-0.176,0.437,-0.053,1.0,0.152,-0.03,-0.316,0.21,0.226,-0.483,-0.029,-0.11
16,A2_2,0.112,-0.143,0.053,0.216,-0.277,-0.105,-0.456,0.152,1.0,-0.241,-0.526,0.424,0.194,-0.05,0.046,-0.271
16,A2_3,0.014,0.233,-0.412,-0.128,-0.304,0.062,0.066,-0.03,-0.241,1.0,-0.006,0.432,0.613,0.362,0.436,0.053
16,B2_1,-0.068,0.137,-0.262,0.211,0.122,-0.171,0.402,-0.316,-0.526,-0.006,1.0,-0.383,-0.22,0.102,-0.371,0.323
16,B2_2,-0.003,-0.043,-0.08,-0.001,-0.226,0.19,-0.567,0.21,0.424,0.432,-0.383,1.0,0.579,0.148,0.51,-0.156
16,B2_3,0.347,0.204,-0.026,0.065,-0.202,0.398,-0.122,0.226,0.194,0.613,-0.22,0.579,1.0,0.342,0.295,-0.241
16,y1,0.198,0.056,-0.15,0.102,-0.07,-0.191,0.045,-0.483,-0.05,0.362,0.102,0.148,0.342,1.0,0.19,0.168
16,y2,0.4,-0.046,0.127,0.037,0.188,0.078,-0.49,-0.029,0.046,0.436,-0.371,0.51,0.295,0.19,1.0,0.178
16,y3,0.25,-0.197,-0.47,0.232,-0.037,-0.259,0.1,-0.11,-0.271,0.053,0.323,-0.156,-0.241,0.168,0.178,1.0
17,.,1.0,-0.138,0.355,0.298,0.208,0.066,-0.066,-0.059,0.113,0.016,-0.072,-0.004,0.342,0.203,0.406,0.254
17,A1_1,-0.138,1.0,-0.28,-0.091,0.187,0.027,0.24,-0.235,-0.143,0.233,0.138,-0.042,0.205,0.055,-0.046,-0.198
17,A1_2,0.355,-0.28,1.0,-0.137,0.506,0.339,-0.339,0.069,0.054,-0.412,-0.263,-0.081,-0.028,-0.15,0.127,-0.469
17,A1_3,0.298,-0.091,-0.137,1.0,0.008,-0.272,-0.212,-0.529,0.217,-0.128,0.21,-0.001,0.064,0.101,0.038,0.231
17,B1_1,0.208,0.187,0.506,0.008,1.0,0.281,-0.094,-0.176,-0.278,-0.304,0.123,-0.227,-0.202,-0.07,0.184,-0.038
17,B1_2,0.066,0.027,0.339,-0.272,0.281,1.0,0.052,0.436,-0.106,0.062,-0.167,0.191,0.399,-0.192,0.073,-0.261
17,B1_3,-0.066,0.24,-0.339,-0.212,-0.094,0.052,1.0,-0.054,-0.456,0.065,0.405,-0.564,-0.119,0.043,-0.492,0.097
17,A2_1,-0.059,-0.235,0.069,-0.529,-0.176,0.436,-0.054,1.0,0.153,-0.031,-0.315,0.211,0.227,-0.484,-0.029,-0.11
17,A2_2,0.113,-0.143,0.054,0.217,-0.278,-0.106,-0.456,0.153,1.0,-0.241,-0.526,0.423,0.193,-0.05,0.046,-0.27
17,A2_3,0.016,0.233,-0.412,-0.128,-0.304,0.062,0.065,-0.031,-0.241,1.0,-0.007,0.432,0.613,0.361,0.435,0.053
17,B2_1,-0.072,0.138,-0.263,0.21,0.123,-0.167,0.405,-0.315,-0.526,-0.007,1.0,-0.381,-0.218,0.1,-0.374,0.318
17,B2_2,-0.004,-0.042,-0.081,-0.001,-0.227,0.191,-0.564,0.211,0.423,0.432,-0.381,1.0,0.579,0.147,0.505,-0.158
17,B2_3,0.342,0.205,-0.028,0.064,-0.202,0.399,-0.119,0.227,0.193,0.613,-0.218,0.579,1.0,0.34,0.29,-0.243
17,y1,0.203,0.055,-0.15,0.101,-0.07,-0.192,0.043,-0.484,-0.05,0.361,0.1,0.147,0.34,1.0,0.193,0.172
17,y2,0.406,-0.046,0.127,0.038,0.184,0.073,-0.492,-0.029,0.046,0.435,-0.374,0.505,0.29,0.193,1.0,0.183
17,y3,0.254,-0.198,-0.469,0.231,-0.038,-0.261,0.097,-0.11,-0.27,0.053,0.318,-0.158,-0.243,0.172,0.183,1.0
18,.,1.0,-0.138,0.356,0.296,0.205,0.06,-0.072,-0.059,0.114,0.017,-0.077,-0.006,0.337,0.207,0.413,0.259
18,A1_1,-0.138,1.0,-0.279,-0.091,0.188,0.028,0.24,-0.236,-0.142,0.233,0.138,-0.041,0.206,0.053,-0.046,-0.198
18,A1_2,0.356,-0.279,1.0,-0.136,0.504,0.336,-0.34,0.07,0.056,-0.412,-0.264,-0.082,-0.029,-0.151,0.128,-0.467
18,A1_3,0.296,-0.091,-0.136,1.0,0.007,-0.272,-0.213,-0.529,0.217,-0.127,0.208,-0.002,0.063,0.101,0.039,0.231
18,B1_1,0.205,0.188,0.504,0.007,1.0,0.281,-0.092,-0.175,-0.279,-0.305,0.124,-0.228,-0.203,-0.07,0.18,-0.039
18,B1_2,0.06,0.028,0.336,-0.272,0.281,1.0,0.055,0.436,-0.107,0.061,-0.163,0.192,0.4,-0.194,0.067,-0.263
18,B1_3,-0.072,0.24,-0.34,-0.213,-0.092,0.055,1.0,-0.054,-0.457,0.064,0.407,-0.561,-0.116,0.042,-0.494,0.094
18,A2_1,-0.059,-0.236,0.07,-0.529,-0.175,0.436,-0.054,1.0,0.153,-0.031,-0.314,0.211,0.227,-0.484,-0.029,-0.111
18,A2_2,0.114,-0.142,0.056,0.217,-0.279,-0.107,-0.457,0.153,1.0,-0.241,-0.526,0.423,0.192,-0.051,0.047,-0.269
18,A2_3,0.017,0.233,-0.412,-0.127,-0.305,0.061,0.064,-0.031,-0.241,1.0,-0.007,0.432,0.612,0.36,0.435,0.052
18,B2_1,-0.077,0.138,-0.264,0.208,0.124,-0.163,0.407,-0.314,-0.526,-0.007,1.0,-0.379,-0.216,0.097,-0.378,0.314
18,B2_2,-0.006,-0.041,-0.082,-0.002,-0.228,0.192,-0.561,0.211,0.423,0.432,-0.379,1.0,0.579,0.146,0.5,-0.159
18,B2_3,0.337,0.206,-0.029,0.063,-0.203,0.4,-0.116,0.227,0.192,0.612,-0.216,0.579,1.0,0.338,0.285,-0.245
18,y1,0.207,0.053,-0.151,0.101,-0.07,-0.194,0.042,-0.484,-0.051,0.36,0.097,0.146,0.338,1.0,0.197,0.175
18,y2,0.413,-0.046,0.128,0.039,0.18,0.067,-0.494,-0.029,0.047,0.435,-0.378,0.5,0.285,0.197,1.0,0.187
18,y3,0.259,-0.198,-0.467,0.231,-0.039,-0.263,0.094,-0.111,-0.269,0.052,0.314,-0.159,-0.245,0.175,0.187,1.0
19,.,1.0,-0.139,0.357,0.295,0.203,0.055,-0.078,-0.059,0.114,0.019,-0.082,-0.008,0.331,0.212,0.42,0.264
19,A1_1,-0.139,1.0,-0.279,-0.09,0.189,0.028,0.24,-0.236,-0.142,0.233,0.138,-0.04,0.207,0.052,-0.046,-0.199
19,A1_2,0.357,-0.279,1.0,-0.134,0.503,0.333,-0.342,0.071,0.057,-0.411,-0.266,-0.083,-0.03,-0.151,0.129,-0.466
19,A1_3,0.295,-0.09,-0.134,1.0,0.007,-0.273,-0.214,-0.528,0.218,-0.127,0.206,-0.003,0.063,0.1,0.04,0.23
19,B1_1,0.203,0.189,0.503,0.007,1.0,0.282,-0.09,-0.174,-0.28,-0.305,0.125,-0.229,-0.203,-0.071,0.176,-0.041
19,B1_2,0.055,0.028,0.333,-0.273,0.282,1.0,0.059,0.435,-0.108,0.06,-0.159,0.193,0.402,-0.195,0.062,-0.265
19,B1_3,-0.078,0.24,-0.342,-0.214,-0.09,0.059,1.0,-0.054,-0.457,0.063,0.41,-0.558,-0.113,0.04,-0.497,0.09
19,A2_1,-0.059,-0.236,0.071,-0.528,-0.174,0.435,-0.054,1.0,0.154,-0.032,-0.314,0.212,0.227,-0.485,-0.029,-0.112
19,A2_2,0.114,-0.142,0.057,0.218,-0.28,-0.108,-0.457,0.154,1.0,-0.241,-0.526,0.422,0.191,-0.051,0.048,-0.269
19,A2_3,0.019,0.233,-0.411,-0.127,-0.305,0.06,0.063,-0.032,-0.241,1.0,-0.008,0.432,0.612,0.359,0.434,0.052
19,B2_1,-0.082,0.138,-0.266,0.206,0.125,-0.159,0.41,-0.314,-0.526,-0.008,1.0,-0.377,-0.213,0.094,-0.381,0.309
19,B2_2,-0.008,-0.04,-0.083,-0.003,-0.229,0.193,-0.558,0.212,0.422,0.432,-0.377,1.0,0.579,0.144,0.494,-0.161
19,B2_3,0.331,0.207,-0.03,0.063,-0.203,0.402,-0.113,0.227,0.191,0.612,-0.213,0.579,1.0,0.335,0.28,-0.247
19,y1,0.212,0.052,-0.151,0.1,-0.071,-0.195,0.04,-0.485,-0.051,0.359,0.094,0.144,0.335,1.0,0.201,0.179
19,y2,0.42,-0.046,0.129,0.04,0.176,0.062,-0.497,-0.029,0.048,0.434,-0.381,0.494,0.28,0.201,1.0,0.192
19,y3,0.264,-0.199,-0.466,0.23,-0.041,-0.265,0.09,-0.112,-0.269,0.052,0.309,-0.161,-0.247,0.179,0.192,1.0
20,.,1.0,-0.14,0.357,0.293,0.2,0.048,-0.084,-0.059,0.115,0.021,-0.087,-0.01,0.325,0.217,0.427,0.269
20,A1_1,-0.14,1.0,-0.278,-0.09,0.191,0.029,0.239,-0.236,-0.141,0.233,0.139,-0.039,0.207,0.05,-0.046,-0.199
20,A1_2,0.357,-0.278,1.0,-0.133,0.501,0.33,-0.343,0.071,0.058,-0.411,-0.268,-0.084,-0.032,-0.151,0.13,-0.464
20,A1_3,0.293,-0.09,-0.133,1.0,0.006,-0.274,-0.215,-0.527,0.218,-0.127,0.204,-0.003,0.062,0.099,0.041,0.23
20,B1_1,0.2,0.191,0.501,0.006,1.0,0.283,-0.088,-0.174,-0.281,-0.305,0.127,-0.229,-0.203,-0.071,0.172,-0.043
20,B1_2,0.048,0.029,0.33,-0.274,0.283,1.0,0.063,0.434,-0.109,0.059,-0.154,0.195,0.403,-0.197,0.056,-0.268
20,B1_3,-0.084,0.239,-0.343,-0.215,-0.088,0.063,1.0,-0.054,-0.458,0.062,0.413,-0.554,-0.11,0.037,-0.499,0.087
20,A2_1,-0.059,-0.236,0.071,-0.527,-0.174,0.434,-0.054,1.0,0.155,-0.033,-0.313,0.213,0.228,-0.486,-0.029,-0.112
20,A2_2,0.115,-0.141,0.058,0.218,-0.281,-0.109,-0.458,0.155,1.0,-0.24,-0.526,0.421,0.19,-0.052,0.048,-0.268
20,A2_3,0.021,0.233,-0.411,-0.127,-0.305,0.059,0.062,-0.033,-0.24,1.0,-0.009,0.432,0.611,0.358,0.433,0.052
20,B2_1,-0.087,0.139,-0.268,0.204,0.127,-0.154,0.413,-0.313,-0.526,-0.009,1.0,-0.375,-0.21,0.091,-0.385,0.304
20,B2_2,-0.01,-0.039,-0.084,-0.003,-0.229,0.195,-0.554,0.213,0.421,0.432,-0.375,1.0,0.579,0.143,0.489,-0.163
20,B2_3,0.325,0.207,-0.032,0.062,-0.203,0.403,-0.11,0.228,0.19,0.611,-0.21,0.579,1.0,0.332,0.274,-0.249
20,y1,0.217,0.05,-0.151,0.099,-0.071,-0.197,0.037,-0.486,-0.052,0.358,0.091,0.143,0.332,1.0,0.205,0.183
20,y2,0.427,-0.046,0.13,0.041,0.172,0.056,-0.499,-0.029,0.048,0.433,-0.385,0.489,0.274,0.205,1.0,0.197
20,y3,0.269,-0.199,-0.464,0.23,-0.043,-0.268,0.087,-0.112,-0.268,0.052,0.304,-0.163,-0.249,0.183,0.197,1.0
21,.,1.0,-0.141,0.358,0.291,0.197,0.042,-0.091,-0.06,0.116,0.023,-0.092,-0.012,0.319,0.222,0.434,0.274
21,A1_1,-0.141,1.0,-0.278,-0.09,0.192,0.029,0.239,-0.236,-0.141,0.232,0.139,-0.038,0.208,0.049,-0.046,-0.2
21,A1_2,0.358,-0.278,1.0,-0.131,0.499,0.327,-0.345,0.072,0.06,-0.41,-0.269,-0.085,-0.033,-0.152,0.13,-0.462
21,A1_3,0.291,-0.09,-0.131,1.0,0.005,-0.274,-0.216,-0.526,0.219,-0.126,0.202,-0.004,0.061,0.099,0.042,0.229
21,B1_1,0.197,0.192,0.499,0.005,1.0,0.284,-0.086,-0.173,-0.282,-0.305,0.128,-0.23,-0.203,-0.071,0.168,-0.044
21,B1_2,0.042,0.029,0.327,-0.274,0.284,1.0,0.067,0.434,-0.11,0.058,-0.149,0.196,0.405,-0.198,0.05,-0.27
21,B1_3,-0.091,0.239,-0.345,-0.216,-0.086,0.067,1.0,-0.054,-0.458,0.061,0.416,-0.551,-0.107,0.035,-0.502,0.083
21,A2_1,-0.06,-0.236,0.072,-0.526,-0.173,0.434,-0.054,1.0,0.156,-0.033,-0.312,0.213,0.228,-0.486,-0.029,-0.113
21,A2_2,0.116,-0.141,0.06,0.219,-0.282,-0.11,-0.458,0.156,1.0,-0.24,-0.526,0.42,0.189,-0.052,0.049,-0.267
21,A2_3,0.023,0.232,-0.41,-0.126,-0.305,0.058,0.061,-0.033,-0.24,1.0,-0.01,0.432,0.611,0.357,0.432,0.052
21,B2_1,-0.092,0.139,-0.269,0.202,0.128,-0.149,0.416,-0.312,-0.526,-0.01,1.0,-0.372,-0.207,0.088,-0.389,0.299
21,B2_2,-0.012,-0.038,-0.085,-0.004,-0.23,0.196,-0.551,0.213,0.42,0.432,-0.372,1.0,0.579,0.141,0.483,-0.165
21,B2_3,0.319,0.208,-0.033,0.061,-0.203,0.405,-0.107,0.228,0.189,0.611,-0.207,0.579,1.0,0.33,0.268,-0.251
21,y1,0.222,0.049,-0.152,0.099,-0.071,-0.198,0.035,-0.486,-0.052,0.357,0.088,0.141,0.33,1.0,0.21,0.187
21,y2,0.434,-0.046,0.13,0.042,0.168,0.05,-0.502,-0.029,0.049,0.432,-0.389,0.483,0.268,0.21,1.0,0.202
21,y3,0.274,-0.2,-0.462,0.229,-0.044,-0.27,0.083,-0.113,-0.267,0.052,0.299,-0.165,-0.251,0.187,0.202,1.0
22,.,1.0,-0.141,0.358,0.289,0.193,0.035,-0.098,-0.06,0.117,0.024,-0.098,-0.014,0.312,0.227,0.442,0.279
22,A1_1,-0.141,1.0,-0.277,-0.09,0.193,0.03,0.239,-0.236,-0.14,0.232,0.139,-0.037,0.209,0.047,-0.046,-0.201
22,A1_2,0.358,-0.277,1.0,-0.13,0.497,0.323,-0.347,0.072,0.061,-0.41,-0.271,-0.086,-0.034,-0.152,0.131,-0.46
22,A1_3,0.289,-0.09,-0.13,1.0,0.004,-0.275,-0.217,-0.526,0.22,-0.126,0.2,-0.005,0.06,0.098,0.043,0.229
22,B1_1,0.193,0.193,0.497,0.004,1.0,0.285,-0.084,-0.172,-0.284,-0.305,0.13,-0.231,-0.203,-0.072,0.163,-0.046
22,B1_2,0.035,0.03,0.323,-0.275,0.285,1.0,0.072,0.433,-0.112,0.058,-0.144,0.198,0.407,-0.2,0.044,-0.273
22,B1_3,-0.098,0.239,-0.347,-0.217,-0.084,0.072,1.0,-0.054,-0.459,0.06,0.419,-0.547,-0.104,0.032,-0.504,0.079
22,A2_1,-0.06,-0.236,0.072,-0.526,-0.172,0.433,-0.054,1.0,0.157,-0.034,-0.311,0.214,0.229,-0.487,-0.029,-0.114
22,A2_2,0.117,-0.14,0.061,0.22,-0.284,-0.112,-0.459,0.157,1.0,-0.24,-0.526,0.419,0.187,-0.053,0.05,-0.266
22,A2_3,0.024,0.232,-0.41,-0.126,-0.305,0.058,0.06,-0.034,-0.24,1.0,-0.011,0.432,0.61,0.356,0.431,0.051
22,B2_1,-0.098,0.139,-0.271,0.2,0.13,-0.144,0.419,-0.311,-0.526,-0.011,1.0,-0.37,-0.204,0.084,-0.393,0.293
22,B2_2,-0.014,-0.037,-0.086,-0.005,-0.231,0.198,-0.547,0.214,0.419,0.432,-0.37,1.0,0.579,0.139,0.477,-0.167
22,B2_3,0.312,0.209,-0.034,0.06,-0.203,0.407,-0.104,0.229,0.187,0.61,-0.204,0.579,1.0,0.327,0.262,-0.253
22,y1,0.227,0.047,-0.152,0.098,-0.072,-0.2,0.032,-0.487,-0.053,0.356,0.084,0.139,0.327,1.0,0.214,0.191
22,y2,0.442,-0.046,0.131,0.043,0.163,0.044,-0.504,-0.029,0.05,0.431,-0.393,0.477,0.262,0.214,1.0,0.207
22,y3,0.279,-0.201,-0.46,0.229,-0.046,-0.273,0.079,-0.114,-0.266,0.051,0.293,-0.167,-0.253,0.191,0.207,1.0
23,.,1.0,-0.142,0.359,0.287,0.189,0.028,-0.105,-0.06,0.118,0.026,-0.104,-0.017,0.305,0.232,0.449,0.285
23,A1_1,-0.142,1.0,-0.276,-0.089,0.195,0.03,0.239,-0.237,-0.14,0.232,0.139,-0.036,0.21,0.045,-0.046,-0.201
23,A1_2,0.359,-0.276,1.0,-0.128,0.495,0.32,-0.349,0.073,0.063,-0.41,-0.273,-0.087,-0.036,-0.152,0.132,-0.458
23,A1_3,0.287,-0.089,-0.128,1.0,0.003,-0.276,-0.218,-0.525,0.221,-0.126,0.198,-0.006,0.058,0.098,0.044,0.228
23,B1_1,0.189,0.195,0.495,0.003,1.0,0.287,-0.081,-0.171,-0.285,-0.306,0.132,-0.231,-0.203,-0.073,0.158,-0.049
23,B1_2,0.028,0.03,0.32,-0.276,0.287,1.0,0.076,0.432,-0.113,0.057,-0.139,0.199,0.408,-0.203,0.037,-0.276
23,B1_3,-0.105,0.239,-0.349,-0.218,-0.081,0.076,1.0,-0.054,-0.46,0.059,0.422,-0.543,-0.1,0.029,-0.507,0.074
23,A2_1,-0.06,-0.237,0.073,-0.525,-0.171,0.432,-0.054,1.0,0.157,-0.035,-0.31,0.215,0.229,-0.487,-0.029,-0.115
23,A2_2,0.118,-0.14,0.063,0.221,-0.285,-0.113,-0.46,0.157,1.0,-0.239,-0.526,0.418,0.186,-0.053,0.051,-0.265
23,A2_3,0.026,0.232,-0.41,-0.126,-0.306,0.057,0.059,-0.035,-0.239,1.0,-0.012,0.432,0.61,0.354,0.43,0.051
23,B2_1,-0.104,0.139,-0.273,0.198,0.132,-0.139,0.422,-0.31,-0.526,-0.012,1.0,-0.367,-0.201,0.081,-0.397,0.287
23,B2_2,-0.017,-0.036,-0.087,-0.006,-0.231,0.199,-0.543,0.215,0.418,0.432,-0.367,1.0,0.58,0.138,0.47,-0.17
23,B2_3,0.305,0.21,-0.036,0.058,-0.203,0.408,-0.1,0.229,0.186,0.61,-0.201,0.58,1.0,0.324,0.256,-0.255
23,y1,0.232,0.045,-0.152,0.098,-0.073,-0.203,0.029,-0.487,-0.053,0.354,0.081,0.138,0.324,1.0,0.219,0.196
23,y2,0.449,-0.046,0.132,0.044,0.158,0.037,-0.507,-0.029,0.051,0.43,-0.397,0.47,0.256,0.219,1.0,0.213
23,y3,0.285,-0.201,-0.458,0.228,-0.049,-0.276,0.074,-0.115,-0.265,0.051,0.287,-0.17,-0.255,0.196,0.213,1.0
24,.,1.0,-0.143,0.359,0.286,0.185,0.02,-0.113,-0.06,0.12,0.027,-0.111,-0.02,0.297,0.238,0.457,0.29
24,A1_1,-0.143,1.0,-0.276,-0.089,0.196,0.031,0.238,-0.237,-0.139,0.232,0.139,-0.035,0.211,0.043,-0.046,-0.202
24,A1_2,0.359,-0.276,1.0,-0.127,0.493,0.316,-0.35,0.074,0.065,-0.409,-0.275,-0.088,-0.038,-0.152,0.132,-0.456
24,A1_3,0.286,-0.089,-0.127,1.0,0.002,-0.277,-0.22,-0.524,0.222,-0.126,0.195,-0.007,0.057,0.097,0.045,0.227
24,B1_1,0.185,0.196,0.493,0.002,1.0,0.288,-0.078,-0.171,-0.286,-0.306,0.134,-0.232,-0.202,-0.073,0.153,-0.051
24,B1_2,0.02,0.031,0.316,-0.277,0.288,1.0,0.081,0.431,-0.115,0.056,-0.133,0.201,0.41,-0.205,0.03,-0.279
24,B1_3,-0.113,0.238,-0.35,-0.22,-0.078,0.081,1.0,-0.055,-0.46,0.057,0.425,-0.539,-0.096,0.026,-0.51,0.07
