,,.,A1_1,A1_2,A1_3,B1_1,B1_2,B1_3,A2_1,A2_2,A2_3,B2_1,B2_2,B2_3,y1,y2,y3
2,.,1.0,0.083,-0.318,-0.245,0.473,0.342,0.04,0.416,0.3,0.144,-0.276,-0.225,-0.118,-0.228,-0.513,-0.61
2,A1_1,0.083,1.0,0.555,0.068,-0.112,-0.248,-0.685,-0.217,-0.346,-0.187,0.253,0.131,-0.179,-0.256,-0.375,-0.051
2,A1_2,-0.318,0.555,1.0,0.748,-0.102,-0.162,-0.03,-0.455,-0.524,-0.609,0.103,-0.238,-0.34,-0.505,-0.445,-0.305
2,A1_3,-0.245,0.068,0.748,1.0,-0.38,0.1,0.165,-0.496,-0.054,-0.447,0.165,-0.304,-0.152,-0.593,-0.434,-0.524
2,B1_1,0.473,-0.112,-0.102,-0.38,1.0,0.27,0.611,0.343,-0.459,-0.328,-0.436,-0.155,-0.126,-0.082,-0.253,-0.188
2,B1_2,0.342,-0.248,-0.162,0.1,0.27,1.0,0.44,-0.425,-0.075,-0.373,0.476,0.451,0.723,-0.682,-0.583,-0.347
2,B1_3,0.04,-0.685,-0.03,0.165,0.611,0.44,1.0,0.009,-0.261,-0.463,-0.311,-0.197,0.067,-0.222,-0.13,-0.223
2,A2_1,0.416,-0.217,-0.455,-0.496,0.343,-0.425,0.009,1.0,0.24,0.683,-0.591,-0.616,-0.548,0.717,0.445,-0.15
2,A2_2,0.3,-0.346,-0.524,-0.054,-0.459,-0.075,-0.261,0.24,1.0,0.637,-0.237,-0.209,-0.11,0.205,0.106,-0.137
2,A2_3,0.144,-0.187,-0.609,-0.447,-0.328,-0.373,-0.463,0.683,0.637,1.0,-0.112,-0.249,-0.189,0.741,0.579,0.071
2,B2_1,-0.276,0.253,0.103,0.165,-0.436,0.476,-0.311,-0.591,-0.237,-0.112,1.0,0.706,0.78,-0.347,-0.118,0.104
2,B2_2,-0.225,0.131,-0.238,-0.304,-0.155,0.451,-0.197,-0.616,-0.209,-0.249,0.706,1.0,0.885,-0.226,-0.015,0.574
2,B2_3,-0.118,-0.179,-0.34,-0.152,-0.126,0.723,0.067,-0.548,-0.11,-0.189,0.78,0.885,1.0,-0.312,-0.064,0.294
2,y1,-0.228,-0.256,-0.505,-0.593,-0.082,-0.682,-0.222,0.717,0.205,0.741,-0.347,-0.226,-0.312,1.0,0.917,0.508
2,y2,-0.513,-0.375,-0.445,-0.434,-0.253,-0.583,-0.13,0.445,0.106,0.579,-0.118,-0.015,-0.064,0.917,1.0,0.664
2,y3,-0.61,-0.051,-0.305,-0.524,-0.188,-0.347,-0.223,-0.15,-0.137,0.071,0.104,0.574,0.294,0.508,0.664,1.0
4,.,1.0,0.104,-0.409,-0.39,-0.072,0.619,-0.232,-0.465,0.505,0.099,0.013,-0.741,-0.471,-0.267,-0.364,-0.374
4,A1_1,0.104,1.0,0.543,0.641,0.026,-0.154,-0.16,-0.402,-0.382,-0.806,0.066,0.002,-0.034,-0.315,0.094,-0.514
4,A1_2,-0.409,0.543,1.0,0.98,0.235,-0.577,0.082,0.068,-0.17,-0.389,-0.287,-0.091,-0.303,-0.611,0.061,-0.55
4,A1_3,-0.39,0.641,0.98,1.0,0.195,-0.529,0.032,-0.076,-0.246,-0.44,-0.252,-0.051,-0.249,-0.533,0.107,-0.52
4,B1_1,-0.072,0.026,0.235,0.195,1.0,0.177,0.864,-0.197,-0.438,-0.091,-0.684,-0.087,-0.557,0.161,-0.104,-0.216
4,B1_2,0.619,-0.154,-0.577,-0.529,0.177,1.0,0.1,-0.71,-0.045,-0.011,0.246,-0.259,-0.103,0.264,-0.359,-0.137
4,B1_3,-0.232,-0.16,0.082,0.032,0.864,0.1,1.0,0.015,-0.522,0.009,-0.499,0.069,-0.308,0.301,0.327,0.183
4,A2_1,-0.465,-0.402,0.068,-0.076,-0.197,-0.71,0.015,1.0,0.249,0.263,-0.044,0.258,0.21,-0.12,0.202,0.34
4,A2_2,0.505,-0.382,-0.17,-0.246,-0.438,-0.045,-0.522,0.249,1.0,0.639,-0.092,-0.688,-0.401,-0.523,-0.367,-0.177
4,A2_3,0.099,-0.806,-0.389,-0.44,-0.091,-0.011,0.009,0.263,0.639,1.0,-0.387,-0.347,-0.298,0.123,-0.015,0.434
4,B2_1,0.013,0.066,-0.287,-0.252,-0.684,0.246,-0.499,-0.044,-0.092,-0.387,1.0,0.336,0.758,0.015,0.081,0.102
4,B2_2,-0.741,0.002,-0.091,-0.051,-0.087,-0.259,0.069,0.258,-0.688,-0.347,0.336,1.0,0.834,0.656,0.271,0.517
4,B2_3,-0.471,-0.034,-0.303,-0.249,-0.557,-0.103,-0.308,0.21,-0.401,-0.298,0.758,0.834,1.0,0.483,0.306,0.538
4,y1,-0.267,-0.315,-0.611,-0.533,0.161,0.264,0.301,-0.12,-0.523,0.123,0.015,0.656,0.483,1.0,0.202,0.722
4,y2,-0.364,0.094,0.061,0.107,-0.104,-0.359,0.327,0.202,-0.367,-0.015,0.081,0.271,0.306,0.202,1.0,0.634
4,y3,-0.374,-0.514,-0.55,-0.52,-0.216,-0.137,0.183,0.34,-0.177,0.434,0.102,0.517,0.538,0.722,0.634,1.0
6,.,1.0,0.307,0.152,0.27,0.261,-0.181,-0.216,0.452,0.239,-0.421,-0.578,0.115,-0.173,-0.845,-0.862,-0.828
6,A1_1,0.307,1.0,0.761,0.4,-0.63,-0.265,-0.7,-0.439,-0.279,-0.185,-0.304,0.38,0.019,-0.014,-0.463,0.061
6,A1_2,0.152,0.761,1.0,0.783,-0.585,-0.448,-0.481,-0.625,-0.345,-0.212,-0.018,0.318,-0.006,0.162,-0.351,0.316
6,A1_3,0.27,0.4,0.783,1.0,-0.107,-0.047,0.045,-0.567,-0.271,-0.261,-0.225,0.051,-0.462,0.068,-0.25,0.143
6,B1_1,0.261,-0.63,-0.585,-0.107,1.0,0.423,0.805,0.549,0.028,-0.38,-0.523,0.041,-0.259,-0.457,0.057,-0.564
6,B1_2,-0.181,-0.265,-0.448,-0.047,0.423,1.0,0.639,-0.148,-0.284,-0.017,-0.403,-0.328,-0.678,0.306,0.527,0.101
6,B1_3,-0.216,-0.7,-0.481,0.045,0.805,0.639,1.0,0.152,-0.253,-0.271,-0.284,-0.04,-0.33,0.066,0.449,-0.026
6,A2_1,0.452,-0.439,-0.625,-0.567,0.549,-0.148,0.152,1.0,0.317,-0.312,-0.193,0.189,0.418,-0.763,-0.43,-0.749
6,A2_2,0.239,-0.279,-0.345,-0.271,0.028,-0.284,-0.253,0.317,1.0,0.68,0.364,-0.592,-0.055,-0.401,-0.2,-0.457
6,A2_3,-0.421,-0.185,-0.212,-0.261,-0.38,-0.017,-0.271,-0.312,0.68,1.0,0.68,-0.767,-0.189,0.381,0.427,0.283
6,B2_1,-0.578,-0.304,-0.018,-0.225,-0.523,-0.403,-0.284,-0.193,0.364,0.68,1.0,-0.444,0.321,0.486,0.356,0.556
6,B2_2,0.115,0.38,0.318,0.051,0.041,-0.328,-0.04,0.189,-0.592,-0.767,-0.444,1.0,0.607,-0.271,-0.37,-0.116
6,B2_3,-0.173,0.019,-0.006,-0.462,-0.259,-0.678,-0.33,0.418,-0.055,-0.189,0.321,0.607,1.0,-0.17,-0.246,0.018
6,y1,-0.845,-0.014,0.162,0.068,-0.457,0.306,0.066,-0.763,-0.401,0.381,0.486,-0.271,-0.17,1.0,0.81,0.964
6,y2,-0.862,-0.463,-0.351,-0.25,0.057,0.527,0.449,-0.43,-0.2,0.427,0.356,-0.37,-0.246,0.81,1.0,0.677
6,y3,-0.828,0.061,0.316,0.143,-0.564,0.101,-0.026,-0.749,-0.457,0.283,0.556,-0.116,0.018,0.964,0.677,1.0
8,.,1.0,0.288,-0.663,-0.26,0.032,0.181,-0.031,0.038,0.241,0.225,-0.715,-0.599,-0.27,-0.679,-0.944,-0.625
8,A1_1,0.288,1.0,0.326,0.503,-0.201,-0.5,-0.455,-0.445,-0.059,0.206,-0.309,-0.178,-0.329,-0.633,-0.491,-0.074
8,A1_2,-0.663,0.326,1.0,0.674,0.212,-0.177,0.119,-0.532,-0.596,-0.265,0.324,0.679,-0.139,0.107,0.504,0.341
8,A1_3,-0.26,0.503,0.674,1.0,0.005,-0.058,0.057,-0.734,-0.539,-0.228,0.105,0.067,-0.14,0.151,0.018,-0.123
8,B1_1,0.032,-0.201,0.212,0.005,1.0,0.409,0.513,-0.355,-0.438,0.265,-0.325,0.531,-0.523,-0.237,0.165,0.075
8,B1_2,0.181,-0.5,-0.177,-0.058,0.409,1.0,0.906,0.268,0.071,-0.114,-0.116,-0.132,-0.432,0.266,-0.058,-0.546
8,B1_3,-0.031,-0.455,0.119,0.057,0.513,0.906,1.0,0.106,-0.142,-0.306,0.15,0.114,-0.404,0.3,0.11,-0.262
8,A2_1,0.038,-0.445,-0.532,-0.734,-0.355,0.268,0.106,1.0,0.853,0.176,0.17,-0.349,-0.023,0.231,0.096,-0.016
8,A2_2,0.241,-0.059,-0.596,-0.539,-0.438,0.071,-0.142,0.853,1.0,0.491,0.014,-0.652,-0.227,0.032,-0.16,-0.023
8,A2_3,0.225,0.206,-0.265,-0.228,0.265,-0.114,-0.306,0.176,0.491,1.0,-0.5,-0.175,-0.583,-0.37,-0.055,0.112
8,B2_1,-0.715,-0.309,0.324,0.105,-0.325,-0.116,0.15,0.17,0.014,-0.5,1.0,0.129,0.412,0.735,0.599,0.616
8,B2_2,-0.599,-0.178,0.679,0.067,0.531,-0.132,0.114,-0.349,-0.652,-0.175,0.129,1.0,0.081,0.007,0.658,0.446
8,B2_3,-0.27,-0.329,-0.139,-0.14,-0.523,-0.432,-0.404,-0.023,-0.227,-0.583,0.412,0.081,1.0,0.389,0.189,0.187
8,y1,-0.679,-0.633,0.107,0.151,-0.237,0.266,0.3,0.231,0.032,-0.37,0.735,0.007,0.389,1.0,0.644,0.193
8,y2,-0.944,-0.491,0.504,0.018,0.165,-0.058,0.11,0.096,-0.16,-0.055,0.599,0.658,0.189,0.644,1.0,0.644
8,y3,-0.625,-0.074,0.341,-0.123,0.075,-0.546,-0.262,-0.016,-0.023,0.112,0.616,0.446,0.187,0.193,0.644,1.0
10,.,1.0,-0.569,0.159,0.371,0.338,0.157,-0.052,0.131,-0.181,-0.241,0.056,0.297,-0.365,-0.4,-0.602,-0.722
10,A1_1,-0.569,1.0,0.3,-0.006,-0.502,-0.439,-0.326,-0.04,0.15,0.113,-0.292,-0.519,0.183,0.163,0.106,0.535
10,A1_2,0.159,0.3,1.0,0.635,-0.433,-0.141,-0.195,-0.488,-0.021,-0.539,-0.139,0.386,0.037,0.246,-0.152,-0.479
10,A1_3,0.371,-0.006,0.635,1.0,0.16,0.19,0.131,-0.322,0.367,-0.582,-0.579,0.085,-0.046,0.328,-0.486,-0.385
10,B1_1,0.338,-0.502,-0.433,0.16,1.0,0.851,0.798,-0.235,0.379,-0.154,-0.451,-0.181,-0.097,0.124,-0.434,0.011
10,B1_2,0.157,-0.439,-0.141,0.19,0.851,1.0,0.914,-0.53,0.216,-0.398,-0.36,-0.008,0.011,0.444,-0.113,-0.072
10,B1_3,-0.052,-0.326,-0.195,0.131,0.798,0.914,1.0,-0.511,0.521,-0.105,-0.547,-0.13,-0.164,0.301,-0.082,-0.024
10,A2_1,0.131,-0.04,-0.488,-0.322,-0.235,-0.53,-0.511,1.0,-0.271,0.625,0.265,-0.43,-0.435,-0.592,0.232,0.029
10,A2_2,-0.181,0.15,-0.021,0.367,0.379,0.216,0.521,-0.271,1.0,0.259,-0.868,-0.321,-0.28,-0.068,-0.451,0.088
10,A2_3,-0.241,0.113,-0.539,-0.582,-0.154,-0.398,-0.105,0.625,0.259,1.0,-0.023,-0.447,-0.596,-0.75,0.195,0.119
10,B2_1,0.056,-0.292,-0.139,-0.579,-0.451,-0.36,-0.547,0.265,-0.868,-0.023,1.0,0.539,0.301,-0.123,0.446,-0.075
10,B2_2,0.297,-0.519,0.386,0.085,-0.181,-0.008,-0.13,-0.43,-0.321,-0.447,0.539,1.0,0.297,0.071,-0.083,-0.516
10,B2_3,-0.365,0.183,0.037,-0.046,-0.097,0.011,-0.164,-0.435,-0.28,-0.596,0.301,0.297,1.0,0.705,0.05,0.583
10,y1,-0.4,0.163,0.246,0.328,0.124,0.444,0.301,-0.592,-0.068,-0.75,-0.123,0.071,0.705,1.0,0.243,0.386
10,y2,-0.602,0.106,-0.152,-0.486,-0.434,-0.113,-0.082,0.232,-0.451,0.195,0.446,-0.083,0.05,0.243,1.0,0.211
10,y3,-0.722,0.535,-0.479,-0.385,0.011,-0.072,-0.024,0.029,0.088,0.119,-0.075,-0.516,0.583,0.386,0.211,1.0
12,.,1.0,0.56,0.701,0.637,-0.215,-0.232,-0.263,-0.122,-0.2,-0.328,-0.249,-0.473,-0.59,-0.649,-0.814,-0.753
12,A1_1,0.56,1.0,0.891,0.436,-0.322,-0.405,0.016,-0.533,-0.293,-0.577,-0.028,-0.318,-0.031,0.091,-0.341,-0.369
12,A1_2,0.701,0.891,1.0,0.768,-0.465,-0.477,-0.233,-0.463,-0.303,-0.543,0.056,-0.271,-0.164,-0.187,-0.592,-0.444
12,A1_3,0.637,0.436,0.768,1.0,-0.36,-0.36,-0.471,-0.2,-0.056,-0.233,0.117,-0.294,-0.331,-0.57,-0.63,-0.381
12,B1_1,-0.215,-0.322,-0.465,-0.36,1.0,0.952,0.755,-0.188,-0.313,-0.162,-0.326,-0.091,0.076,0.082,0.673,0.015
12,B1_2,-0.232,-0.405,-0.477,-0.36,0.952,1.0,0.724,-0.239,-0.495,-0.259,-0.227,0.134,0.161,0.13,0.629,0.066
12,B1_3,-0.263,0.016,-0.233,-0.471,0.755,0.724,1.0,-0.254,-0.4,-0.202,-0.471,-0.17,0.133,0.309,0.663,-0.171
12,A2_1,-0.122,-0.533,-0.463,-0.2,-0.188,-0.239,-0.254,1.0,0.761,0.856,-0.506,-0.318,-0.65,-0.454,-0.188,-0.096
12,A2_2,-0.2,-0.293,-0.303,-0.056,-0.313,-0.495,-0.4,0.761,1.0,0.893,-0.159,-0.443,-0.381,-0.341,-0.11,0.026
12,A2_3,-0.328,-0.577,-0.543,-0.233,-0.162,-0.259,-0.202,0.856,0.893,1.0,-0.248,-0.343,-0.375,-0.378,-0.02,-0.048
12,B2_1,-0.249,-0.028,0.056,0.117,-0.326,-0.227,-0.471,-0.506,-0.159,-0.248,1.0,0.689,0.78,0.407,0.028,0.572
12,B2_2,-0.473,-0.318,-0.271,-0.294,-0.091,0.134,-0.17,-0.318,-0.443,-0.343,0.689,1.0,0.737,0.645,0.273,0.752
12,B2_3,-0.59,-0.031,-0.164,-0.331,0.076,0.161,0.133,-0.65,-0.381,-0.375,0.78,0.737,1.0,0.825,0.559,0.682
12,y1,-0.649,0.091,-0.187,-0.57,0.082,0.13,0.309,-0.454,-0.341,-0.378,0.407,0.645,0.825,1.0,0.665,0.717
12,y2,-0.814,-0.341,-0.592,-0.63,0.673,0.629,0.663,-0.188,-0.11,-0.02,0.028,0.273,0.559,0.665,1.0,0.575
12,y3,-0.753,-0.369,-0.444,-0.381,0.015,0.066,-0.171,-0.096,0.026,-0.048,0.572,0.752,0.682,0.717,0.575,1.0
14,.,1.0,0.167,0.055,-0.207,-0.443,-0.442,-0.506,0.311,0.098,0.315,0.093,-0.638,-0.299,-0.615,-0.04,-0.063
14,A1_1,0.167,1.0,0.35,0.707,0.044,-0.172,-0.229,-0.014,-0.569,-0.08,-0.231,-0.16,-0.411,-0.515,0.348,-0.314
14,A1_2,0.055,0.35,1.0,0.525,0.103,-0.16,-0.206,-0.039,-0.369,-0.047,-0.107,0.367,-0.135,-0.484,-0.703,-0.436
14,A1_3,-0.207,0.707,0.525,1.0,0.2,-0.19,-0.055,-0.253,-0.204,-0.281,-0.529,0.148,-0.359,-0.196,-0.104,-0.19
14,B1_1,-0.443,0.044,0.103,0.2,1.0,0.667,0.77,-0.615,-0.329,-0.61,-0.41,-0.024,-0.536,-0.135,-0.162,-0.78
14,B1_2,-0.442,-0.172,-0.16,-0.19,0.667,1.0,0.899,-0.601,-0.117,-0.576,-0.079,0.256,-0.015,0.278,0.075,-0.5
14,B1_3,-0.506,-0.229,-0.206,-0.055,0.77,0.899,1.0,-0.506,0.134,-0.464,-0.453,0.065,-0.267,0.229,-0.036,-0.508
14,A2_1,0.311,-0.014,-0.039,-0.253,-0.615,-0.601,-0.506,1.0,0.222,0.996,-0.012,-0.318,0.042,-0.305,0.047,0.35
14,A2_2,0.098,-0.569,-0.369,-0.204,-0.329,-0.117,0.134,0.222,1.0,0.3,-0.372,-0.18,0.069,0.359,-0.195,0.466
14,A2_3,0.315,-0.08,-0.047,-0.281,-0.61,-0.576,-0.464,0.996,0.3,1.0,-0.047,-0.321,0.04,-0.284,-0.005,0.351
14,B2_1,0.093,-0.231,-0.107,-0.529,-0.41,-0.079,-0.453,-0.012,-0.372,-0.047,1.0,0.392,0.749,0.299,0.202,0.376
14,B2_2,-0.638,-0.16,0.367,0.148,-0.024,0.256,0.065,-0.318,-0.18,-0.321,0.392,1.0,0.729,0.587,-0.244,0.213
14,B2_3,-0.299,-0.411,-0.135,-0.359,-0.536,-0.015,-0.267,0.042,0.069,0.04,0.749,0.729,1.0,0.734,0.103,0.695
14,y1,-0.615,-0.515,-0.484,-0.196,-0.135,0.278,0.229,-0.305,0.359,-0.284,0.299,0.587,0.734,1.0,0.232,0.639
14,y2,-0.04,0.348,-0.703,-0.104,-0.162,0.075,-0.036,0.047,-0.195,-0.005,0.202,-0.244,0.103,0.232,1.0,0.297
14,y3,-0.063,-0.314,-0.436,-0.19,-0.78,-0.5,-0.508,0.35,0.466,0.351,0.376,0.213,0.695,0.639,0.297,1.0
16,.,1.0,-0.482,-0.417,-0.059,-0.226,0.162,-0.299,0.088,-0.394,-0.529,0.633,-0.018,0.264,0.002,-0.756,-0.348
16,A1_1,-0.482,1.0,0.826,0.568,-0.431,-0.301,-0.484,0.075,-0.289,0.075,-0.141,-0.308,-0.334,0.212,0.601,0.215
16,A1_2,-0.417,0.826,1.0,0.828,-0.371,-0.246,-0.376,-0.303,-0.426,-0.044,-0.009,-0.227,-0.097,-0.117,0.519,-0.242
16,A1_3,-0.059,0.568,0.828,1.0,-0.495,-0.403,-0.484,-0.1,-0.312,-0.093,-0.002,-0.431,-0.119,-0.471,0.016,-0.509
16,B1_1,-0.226,-0.431,-0.371,-0.495,1.0,0.745,0.976,-0.519,0.134,-0.031,-0.232,-0.194,-0.285,-0.001,0.0,0.461
16,B1_2,0.162,-0.301,-0.246,-0.403,0.745,1.0,0.649,-0.723,-0.493,-0.642,0.29,-0.096,0.026,0.401,0.051,0.428
16,B1_3,-0.299,-0.484,-0.376,-0.484,0.976,0.649,1.0,-0.495,0.252,0.041,-0.248,-0.102,-0.231,-0.056,0.044,0.374
16,A2_1,0.088,0.075,-0.303,-0.1,-0.519,-0.723,-0.495,1.0,0.593,0.525,-0.285,-0.064,-0.258,-0.058,-0.286,0.102
16,A2_2,-0.394,-0.289,-0.426,-0.312,0.134,-0.493,0.252,0.593,1.0,0.818,-0.691,0.074,-0.236,-0.387,-0.134,0.102
16,A2_3,-0.529,0.075,-0.044,-0.093,-0.031,-0.642,0.041,0.525,0.818,1.0,-0.703,0.055,-0.309,-0.441,0.03,-0.014
16,B2_1,0.633,-0.141,-0.009,-0.002,-0.232,0.29,-0.248,-0.285,-0.691,-0.703,1.0,0.235,0.34,0.47,-0.045,-0.285
16,B2_2,-0.018,-0.308,-0.227,-0.431,-0.194,-0.096,-0.102,-0.064,0.074,0.055,0.235,1.0,0.837,0.279,0.296,-0.285
16,B2_3,0.264,-0.334,-0.097,-0.119,-0.285,0.026,-0.231,-0.258,-0.236,-0.309,0.34,0.837,1.0,0.098,0.061,-0.503
16,y1,0.002,0.212,-0.117,-0.471,-0.001,0.401,-0.056,-0.058,-0.387,-0.441,0.47,0.279,0.098,1.0,0.532,0.597
16,y2,-0.756,0.601,0.519,0.016,0.0,0.051,0.044,-0.286,-0.134,0.03,-0.045,0.296,0.061,0.532,1.0,0.34
16,y3,-0.348,0.215,-0.242,-0.509,0.461,0.428,0.374,0.102,0.102,-0.014,-0.285,-0.285,-0.503,0.597,0.34,1.0
18,.,1.0,-0.092,-0.295,0.697,0.05,-0.084,0.171,-0.056,-0.12,-0.486,-0.184,0.619,-0.115,-0.44,-0.414,-0.686
18,A1_1,-0.092,1.0,0.544,0.489,-0.396,-0.333,-0.178,-0.362,-0.074,0.258,0.059,0.239,0.103,0.193,-0.01,0.236
18,A1_2,-0.295,0.544,1.0,0.204,0.029,-0.225,0.375,-0.394,-0.36,0.128,0.37,-0.143,0.708,-0.235,-0.409,-0.006
18,A1_3,0.697,0.489,0.204,1.0,-0.346,-0.286,0.02,-0.201,-0.447,-0.422,0.163,0.574,0.027,-0.244,-0.155,-0.434
18,B1_1,0.05,-0.396,0.029,-0.346,1.0,0.728,0.881,-0.465,0.095,-0.141,-0.35,-0.461,0.32,-0.222,-0.496,0.178
18,B1_2,-0.084,-0.333,-0.225,-0.286,0.728,1.0,0.579,-0.589,-0.248,-0.463,-0.053,-0.342,0.202,0.313,-0.027,0.583
18,B1_3,0.171,-0.178,0.375,0.02,0.881,0.579,1.0,-0.575,-0.23,-0.287,-0.133,-0.367,0.541,-0.414,-0.612,-0.0
18,A2_1,-0.056,-0.362,-0.394,-0.201,-0.465,-0.589,-0.575,1.0,0.465,0.485,-0.278,-0.161,-0.672,-0.299,0.496,-0.39
18,A2_2,-0.12,-0.074,-0.36,-0.447,0.095,-0.248,-0.23,0.465,1.0,0.757,-0.741,-0.265,-0.615,-0.039,0.126,0.033
18,A2_3,-0.486,0.258,0.128,-0.422,-0.141,-0.463,-0.287,0.485,0.757,1.0,-0.564,-0.45,-0.389,-0.156,0.212,0.134
18,B2_1,-0.184,0.059,0.37,0.163,-0.35,-0.053,-0.133,-0.278,-0.741,-0.564,1.0,0.351,0.604,0.37,-0.03,-0.003
18,B2_2,0.619,0.239,-0.143,0.574,-0.461,-0.342,-0.367,-0.161,-0.265,-0.45,0.351,1.0,0.118,0.113,-0.316,-0.469
18,B2_3,-0.115,0.103,0.708,0.027,0.32,0.202,0.541,-0.672,-0.615,-0.389,0.604,0.118,1.0,-0.075,-0.687,-0.034
18,y1,-0.44,0.193,-0.235,-0.244,-0.222,0.313,-0.414,-0.299,-0.039,-0.156,0.37,0.113,-0.075,1.0,0.465,0.735
18,y2,-0.414,-0.01,-0.409,-0.155,-0.496,-0.027,-0.612,0.496,0.126,0.212,-0.03,-0.316,-0.687,0.465,1.0,0.459
18,y3,-0.686,0.236,-0.006,-0.434,0.178,0.583,-0.0,-0.39,0.033,0.134,-0.003,-0.469,-0.034,0.735,0.459,1.0
20,.,1.0,0.17,0.023,0.086,0.078,-0.127,0.237,0.535,0.368,0.377,-0.717,-0.677,-0.706,-0.699,-0.568,-0.678
20,A1_1,0.17,1.0,0.792,0.956,-0.24,-0.008,-0.21,-0.27,-0.348,0.006,-0.611,-0.117,-0.286,-0.183,0.036,-0.635
20,A1_2,0.023,0.792,1.0,0.653,-0.3,0.306,-0.248,-0.398,-0.437,-0.079,-0.411,0.034,-0.097,0.086,0.283,-0.532
20,A1_3,0.086,0.956,0.653,1.0,-0.085,0.063,-0.165,-0.383,-0.472,-0.189,-0.543,-0.118,-0.265,-0.27,0.003,-0.598
20,B1_1,0.078,-0.24,-0.3,-0.085,1.0,0.028,0.806,0.181,-0.441,-0.256,0.166,-0.203,-0.52,-0.033,-0.045,0.113
20,B1_2,-0.127,-0.008,0.306,0.063,0.028,1.0,-0.28,-0.78,-0.552,-0.84,-0.005,0.017,0.303,-0.32,0.076,-0.353
20,B1_3,0.237,-0.21,-0.248,-0.165,0.806,-0.28,1.0,0.458,-0.098,0.204,-0.105,-0.493,-0.722,0.016,-0.275,0.06
20,A2_1,0.535,-0.27,-0.398,-0.383,0.181,-0.78,0.458,1.0,0.61,0.813,-0.096,-0.199,-0.491,0.082,-0.282,0.16
20,A2_2,0.368,-0.348,-0.437,-0.472,-0.441,-0.552,-0.098,0.61,1.0,0.762,-0.041,-0.299,-0.076,-0.089,-0.184,0.196
20,A2_3,0.377,0.006,-0.079,-0.189,-0.256,-0.84,0.204,0.813,0.762,1.0,-0.175,-0.236,-0.387,0.225,-0.073,0.147
20,B2_1,-0.717,-0.611,-0.411,-0.543,0.166,-0.005,-0.105,-0.096,-0.041,-0.175,1.0,0.641,0.548,0.681,0.689,0.911
20,B2_2,-0.677,-0.117,0.034,-0.118,-0.203,0.017,-0.493,-0.199,-0.299,-0.236,0.641,1.0,0.767,0.673,0.503,0.527
20,B2_3,-0.706,-0.286,-0.097,-0.265,-0.52,0.303,-0.722,-0.491,-0.076,-0.387,0.548,0.767,1.0,0.374,0.294,0.432
20,y1,-0.699,-0.183,0.086,-0.27,-0.033,-0.32,0.016,0.082,-0.089,0.225,0.681,0.673,0.374,1.0,0.664,0.759
20,y2,-0.568,0.036,0.283,0.003,-0.045,0.076,-0.275,-0.282,-0.184,-0.073,0.689,0.503,0.294,0.664,1.0,0.528
20,y3,-0.678,-0.635,-0.532,-0.598,0.113,-0.353,0.06,0.16,0.196,0.147,0.911,0.527,0.432,0.759,0.528,1.0
22,.,1.0,0.185,0.298,-0.216,-0.077,-0.219,-0.409,-0.112,-0.198,0.547,0.543,0.015,0.403,-0.256,-0.354,-0.883
22,A1_1,0.185,1.0,0.639,0.448,-0.236,-0.021,-0.297,-0.011,-0.166,0.016,-0.097,0.108,0.014,-0.482,-0.589,-0.463
22,A1_2,0.298,0.639,1.0,0.508,-0.021,0.159,-0.173,-0.394,-0.343,0.046,-0.24,-0.105,0.437,-0.402,-0.475,-0.259
22,A1_3,-0.216,0.448,0.508,1.0,-0.299,-0.441,-0.339,0.154,-0.153,-0.099,-0.518,-0.302,-0.023,-0.346,-0.184,0.184
22,B1_1,-0.077,-0.236,-0.021,-0.299,1.0,0.755,0.859,-0.735,-0.615,-0.069,0.028,0.246,-0.199,0.194,-0.167,0.012
22,B1_2,-0.219,-0.021,0.159,-0.441,0.755,1.0,0.843,-0.691,-0.39,-0.229,-0.128,0.272,-0.11,0.261,-0.071,0.125
22,B1_3,-0.409,-0.297,-0.173,-0.339,0.859,0.843,1.0,-0.518,-0.472,-0.177,-0.31,0.097,-0.491,0.407,0.126,0.327
22,A2_1,-0.112,-0.011,-0.394,0.154,-0.735,-0.691,-0.518,1.0,0.723,0.433,-0.231,-0.586,-0.36,-0.317,0.052,0.188
22,A2_2,-0.198,-0.166,-0.343,-0.153,-0.615,-0.39,-0.472,0.723,1.0,0.234,0.066,-0.326,0.13,-0.374,-0.032,0.343
22,A2_3,0.547,0.016,0.046,-0.099,-0.069,-0.229,-0.177,0.433,0.234,1.0,-0.062,-0.716,-0.184,-0.631,-0.534,-0.321
22,B2_1,0.543,-0.097,-0.24,-0.518,0.028,-0.128,-0.31,-0.231,0.066,-0.062,1.0,0.66,0.545,0.039,-0.1,-0.604
22,B2_2,0.015,0.108,-0.105,-0.302,0.246,0.272,0.097,-0.586,-0.326,-0.716,0.66,1.0,0.333,0.455,0.171,-0.314
22,B2_3,0.403,0.014,0.437,-0.023,-0.199,-0.11,-0.491,-0.36,0.13,-0.184,0.545,0.333,1.0,-0.136,-0.104,-0.237
22,y1,-0.256,-0.482,-0.402,-0.346,0.194,0.261,0.407,-0.317,-0.374,-0.631,0.039,0.455,-0.136,1.0,0.891,0.196
22,y2,-0.354,-0.589,-0.475,-0.184,-0.167,-0.071,0.126,0.052,-0.032,-0.534,-0.1,0.171,-0.104,0.891,1.0,0.414
22,y3,-0.883,-0.463,-0.259,0.184,0.012,0.125,0.327,0.188,0.343,-0.321,-0.604,-0.314,-0.237,0.196,0.414,1.0
24,.,1.0,0.266,-0.246,-0.295,0.52,0.041,0.594,-0.07,-0.024,-0.008,0.118,-0.016,-0.486,-0.675,-0.83,-0.71
24,A1_1,0.266,1.0,0.586,0.401,0.222,-0.439,0.239,0.196,-0.492,0.046,-0.354,0.171,-0.675,-0.661,-0.215,-0.025
24,A1_2,-0.246,0.586,1.0,0.839,-0.609,-0.596,-0.495,0.541,-0.304,0.316,-0.153,0.242,-0.104,-0.241,0.243,0.035
24,A1_3,-0.295,0.401,0.839,1.0,-0.605,-0.48,-0.705,0.685,-0.195,0.141,0.109,0.136,0.021,-0.19,0.144,0.313
24,B1_1,0.52,0.222,-0.609,-0.605,1.0,0.445,0.884,-0.486,-0.321,-0.476,-0.233,0.123,-0.358,-0.481,-0.568,-0.072
24,B1_2,0.041,-0.439,-0.596,-0.48,0.445,1.0,0.399,-0.488,-0.182,-0.573,0.116,0.088,0.504,-0.073,-0.442,0.152
24,B1_3,0.594,0.239,-0.495,-0.705,0.884,0.399,1.0,-0.411,-0.201,-0.157,-0.461,0.026,-0.444,-0.474,-0.518,-0.422
24,A2_1,-0.07,0.196,0.541,0.685,-0.486,-0.488,-0.411,1.0,0.377,0.677,-0.3,-0.388,-0.332,-0.066,0.159,-0.148
24,A2_2,-0.024,-0.492,-0.304,-0.195,-0.321,-0.182,-0.201,0.377,1.0,0.7,-0.006,-0.877,-0.192,0.631,0.318,-0.26
24,A2_3,-0.008,0.046,0.316,0.141,-0.476,-0.573,-0.157,0.677,0.7,1.0,-0.454,-0.633,-0.477,0.283,0.407,-0.512
24,B2_1,0.118,-0.354,-0.153,0.109,-0.233,0.116,-0.461,-0.3,-0.006,-0.454,1.0,0.158,0.501,0.106,-0.264,0.2
24,B2_2,-0.016,0.171,0.242,0.136,0.123,0.088,0.026,-0.388,-0.877,-0.633,0.158,1.0,0.421,-0.44,-0.174,0.109
24,B2_3,-0.486,-0.675,-0.104,0.021,-0.358,0.504,-0.444,-0.332,-0.192,-0.477,0.501,0.421,1.0,0.349,0.143,0.363
24,y1,-0.675,-0.661,-0.241,-0.19,-0.481,-0.073,-0.474,-0.066,0.631,0.283,0.106,-0.44,0.349,1.0,0.793,0.316
24,y2,-0.83,-0.215,0.243,0.144,-0.568,-0.442,-0.518,0.159,0.318,0.407,-0.264,-0.174,0.143,0.793,1.0,0.354
24,y3,-0.71,-0.025,0.035,0.313,-0.072,0.152,-0.422,-0.148,-0.26,-0.512,0.2,0.109,0.363,0.316,0.354,1.0
26,.,1.0,-0.172,-0.081,0.005,0.129,0.368,-0.125,-0.012,0.112,-0.142,-0.121,-0.007,-0.528,-0.819,0.289,-0.747
26,A1_1,-0.172,1.0,0.878,0.612,-0.383,-0.432,-0.069,0.016,-0.043,-0.463,-0.574,-0.141,0.338,-0.132,-0.712,-0.222
26,A1_2,-0.081,0.878,1.0,0.699,-0.1,-0.047,0.195,-0.021,-0.481,-0.634,-0.438,-0.079,0.484,-0.334,-0.598,-0.221
26,A1_3,0.005,0.612,0.699,1.0,-0.112,-0.219,-0.091,-0.124,-0.427,-0.481,-0.317,-0.039,0.065,-0.317,-0.011,-0.039
26,B1_1,0.129,-0.383,-0.1,-0.112,1.0,0.743,0.895,-0.228,-0.333,0.011,-0.194,-0.317,0.028,-0.376,0.096,0.269
26,B1_2,0.368,-0.432,-0.047,-0.219,0.743,1.0,0.659,-0.236,-0.546,-0.237,0.19,0.149,0.056,-0.421,0.28,-0.0
26,B1_3,-0.125,-0.069,0.195,-0.091,0.895,0.659,1.0,-0.248,-0.419,-0.164,-0.269,-0.288,0.387,-0.234,-0.28,0.329
26,A2_1,-0.012,0.016,-0.021,-0.124,-0.228,-0.236,-0.248,1.0,0.238,0.704,-0.292,-0.645,-0.388,-0.132,-0.227,-0.506
26,A2_2,0.112,-0.043,-0.481,-0.427,-0.333,-0.546,-0.419,0.238,1.0,0.576,-0.333,-0.327,-0.544,0.153,-0.14,-0.217
26,A2_3,-0.142,-0.463,-0.634,-0.481,0.011,-0.237,-0.164,0.704,0.576,1.0,-0.139,-0.598,-0.588,0.201,0.103,-0.036
26,B2_1,-0.121,-0.574,-0.438,-0.317,-0.194,0.19,-0.269,-0.292,-0.333,-0.139,1.0,0.798,0.248,0.491,0.599,0.333
26,B2_2,-0.007,-0.141,-0.079,-0.039,-0.317,0.149,-0.288,-0.645,-0.327,-0.598,0.798,1.0,0.35,0.37,0.434,0.269
26,B2_3,-0.528,0.338,0.484,0.065,0.028,0.056,0.387,-0.388,-0.544,-0.588,0.248,0.35,1.0,0.339,-0.478,0.408
26,y1,-0.819,-0.132,-0.334,-0.317,-0.376,-0.421,-0.234,-0.132,0.153,0.201,0.491,0.37,0.339,1.0,0.036,0.71
26,y2,0.289,-0.712,-0.598,-0.011,0.096,0.28,-0.28,-0.227,-0.14,0.103,0.599,0.434,-0.478,0.036,1.0,0.189
26,y3,-0.747,-0.222,-0.221,-0.039,0.269,-0.0,0.329,-0.506,-0.217,-0.036,0.333,0.269,0.408,0.71,0.189,1.0
28,.,1.0,0.049,-0.026,0.06,0.052,0.058,-0.353,0.351,0.044,-0.142,-0.398,-0.396,0.006,-0.749,-0.865,-0.7
28,A1_1,0.049,1.0,0.771,0.805,0.104,-0.73,-0.001,-0.419,-0.582,-0.189,0.263,-0.06,-0.142,-0.265,-0.253,0.4
28,A1_2,-0.026,0.771,1.0,0.974,-0.057,-0.658,-0.12,-0.3,-0.369,-0.327,0.121,-0.151,-0.469,0.114,-0.042,0.544
28,A1_3,0.06,0.805,0.974,1.0,-0.095,-0.762,-0.209,-0.133,-0.238,-0.152,0.049,-0.268,-0.493,0.018,-0.086,0.468
28,B1_1,0.052,0.104,-0.057,-0.095,1.0,0.451,0.739,-0.393,-0.393,-0.011,-0.395,-0.151,-0.221,0.104,-0.035,-0.299
28,B1_2,0.058,-0.73,-0.658,-0.762,0.451,1.0,0.545,-0.105,0.004,-0.166,-0.388,0.008,0.043,0.228,-0.033,-0.53
28,B1_3,-0.353,-0.001,-0.12,-0.209,0.739,0.545,1.0,-0.525,-0.37,-0.031,-0.332,-0.187,-0.338,0.501,0.151,-0.1
28,A2_1,0.351,-0.419,-0.3,-0.133,-0.393,-0.105,-0.525,1.0,0.923,0.704,-0.493,-0.497,-0.214,-0.111,0.019,-0.357
28,A2_2,0.044,-0.582,-0.369,-0.238,-0.393,0.004,-0.37,0.923,1.0,0.751,-0.439,-0.434,-0.249,0.188,0.282,-0.268
28,A2_3,-0.142,-0.189,-0.327,-0.152,-0.011,-0.166,-0.031,0.704,0.751,1.0,-0.412,-0.448,-0.259,0.16,0.38,-0.154
28,B2_1,-0.398,0.263,0.121,0.049,-0.395,-0.388,-0.332,-0.493,-0.439,-0.412,1.0,0.866,0.741,-0.209,0.161,0.57
28,B2_2,-0.396,-0.06,-0.151,-0.268,-0.151,0.008,-0.187,-0.497,-0.434,-0.448,0.866,1.0,0.805,-0.112,0.288,0.467
28,B2_3,0.006,-0.142,-0.469,-0.493,-0.221,0.043,-0.338,-0.214,-0.249,-0.259,0.741,0.805,1.0,-0.562,-0.127,-0.023
28,y1,-0.749,-0.265,0.114,0.018,0.104,0.228,0.501,-0.111,0.188,0.16,-0.209,-0.112,-0.562,1.0,0.771,0.436
28,y2,-0.865,-0.253,-0.042,-0.086,-0.035,-0.033,0.151,0.019,0.282,0.38,0.161,0.288,-0.127,0.771,1.0,0.628
28,y3,-0.7,0.4,0.544,0.468,-0.299,-0.53,-0.1,-0.357,-0.268,-0.154,0.57,0.467,-0.023,0.436,0.628,1.0
30,.,1.0,0.05,-0.273,0.299,-0.163,-0.365,-0.46,-0.327,-0.46,0.402,-0.21,0.027,-0.089,-0.494,-0.664,-0.547
30,A1_1,0.05,1.0,0.558,0.669,-0.368,-0.365,-0.37,0.518,0.287,0.045,-0.19,-0.508,-0.201,0.168,-0.181,-0.289
30,A1_2,-0.273,0.558,1.0,0.698,-0.321,-0.196,0.052,0.057,0.109,-0.474,0.393,-0.061,0.286,0.106,0.151,-0.261
30,A1_3,0.299,0.669,0.698,1.0,-0.339,-0.603,-0.262,0.236,0.241,0.147,-0.105,-0.261,0.029,-0.121,-0.304,-0.461
30,B1_1,-0.163,-0.368,-0.321,-0.339,1.0,0.632,0.819,0.073,-0.1,-0.336,-0.584,-0.03,-0.756,0.188,0.102,-0.114
30,B1_2,-0.365,-0.365,-0.196,-0.603,0.632,1.0,0.502,-0.396,-0.491,-0.653,-0.063,0.398,-0.24,0.393,0.381,0.312
30,B1_3,-0.46,-0.37,0.052,-0.262,0.819,0.502,1.0,0.082,0.002,-0.56,-0.134,-0.134,-0.463,0.291,0.426,-0.205
30,A2_1,-0.327,0.518,0.057,0.236,0.073,-0.396,0.082,1.0,0.874,0.367,-0.516,-0.729,-0.497,0.187,-0.022,-0.01
30,A2_2,-0.46,0.287,0.109,0.241,-0.1,-0.491,0.002,0.874,1.0,0.461,-0.298,-0.459,-0.123,0.088,0.05,0.281
30,A2_3,0.402,0.045,-0.474,0.147,-0.336,-0.653,-0.56,0.367,0.461,1.0,-0.346,-0.316,0.015,-0.136,-0.278,0.141
30,B2_1,-0.21,-0.19,0.393,-0.105,-0.584,-0.063,-0.134,-0.516,-0.298,-0.346,1.0,0.3,0.854,-0.011,0.39,0.079
30,B2_2,0.027,-0.508,-0.061,-0.261,-0.03,0.398,-0.134,-0.729,-0.459,-0.316,0.3,1.0,0.482,-0.451,-0.231,0.447
30,B2_3,-0.089,-0.201,0.286,0.029,-0.756,-0.24,-0.463,-0.497,-0.123,0.015,0.854,0.482,1.0,-0.156,0.189,0.362
30,y1,-0.494,0.168,0.106,-0.121,0.188,0.393,0.291,0.187,0.088,-0.136,-0.011,-0.451,-0.156,1.0,0.855,0.195
30,y2,-0.664,-0.181,0.151,-0.304,0.102,0.381,0.426,-0.022,0.05,-0.278,0.39,-0.231,0.189,0.855,1.0,0.282
30,y3,-0.547,-0.289,-0.261,-0.461,-0.114,0.312,-0.205,-0.01,0.281,0.141,0.079,0.447,0.362,0.195,0.282,1.0
32,.,1.0,-0.04,-0.209,0.051,0.129,-0.172,-0.378,0.361,0.252,0.586,0.458,-0.092,-0.016,-0.811,-0.673,-0.923
32,A1_1,-0.04,1.0,0.729,0.398,-0.199,0.078,-0.277,0.136,-0.026,0.429,-0.33,-0.638,-0.304,0.294,0.14,0.037
32,A1_2,-0.209,0.729,1.0,0.594,-0.453,-0.212,-0.299,-0.122,-0.19,0.054,-0.186,-0.405,0.199,0.411,0.5,0.121
32,A1_3,0.051,0.398,0.594,1.0,0.27,0.106,-0.369,-0.558,-0.396,-0.165,0.137,0.338,-0.11,0.27,0.17,-0.168
32,B1_1,0.129,-0.199,-0.453,0.27,1.0,0.816,0.091,-0.642,-0.598,-0.368,0.024,0.637,-0.29,-0.09,-0.47,0.016
32,B1_2,-0.172,0.078,-0.212,0.106,0.816,1.0,0.374,-0.625,-0.759,-0.469,-0.44,0.278,-0.284,0.116,-0.336,0.418
32,B1_3,-0.378,-0.277,-0.299,-0.369,0.091,0.374,1.0,-0.178,-0.195,-0.402,-0.785,0.031,-0.355,0.315,-0.26,0.584
32,A2_1,0.361,0.136,-0.122,-0.558,-0.642,-0.625,-0.178,1.0,0.897,0.766,0.183,-0.645,-0.12,-0.432,-0.055,-0.44
32,A2_2,0.252,-0.026,-0.19,-0.396,-0.598,-0.759,-0.195,0.897,1.0,0.667,0.32,-0.354,-0.235,-0.269,0.068,-0.451
32,A2_3,0.586,0.429,0.054,-0.165,-0.368,-0.469,-0.402,0.766,0.667,1.0,0.156,-0.674,-0.239,-0.299,-0.357,-0.603
32,B2_1,0.458,-0.33,-0.186,0.137,0.024,-0.44,-0.785,0.183,0.32,0.156,1.0,0.384,0.394,-0.579,0.164,-0.688
32,B2_2,-0.092,-0.638,-0.405,0.338,0.637,0.278,0.031,-0.645,-0.354,-0.674,0.384,1.0,0.027,-0.02,0.048,0.002
32,B2_3,-0.016,-0.304,0.199,-0.11,-0.29,-0.284,-0.355,-0.12,-0.235,-0.239,0.394,0.027,1.0,-0.198,0.347,-0.001
32,y1,-0.811,0.294,0.411,0.27,-0.09,0.116,0.315,-0.432,-0.269,-0.299,-0.579,-0.02,-0.198,1.0,0.413,0.762
32,y2,-0.673,0.14,0.5,0.17,-0.47,-0.336,-0.26,-0.055,0.068,-0.357,0.164,0.048,0.347,0.413,1.0,0.393
32,y3,-0.923,0.037,0.121,-0.168,0.016,0.418,0.584,-0.44,-0.451,-0.603,-0.688,0.002,-0.001,0.762,0.393,1.0
34,.,1.0,0.034,-0.334,-0.156,0.095,0.629,0.446,-0.378,-0.47,-0.131,-0.228,-0.24,0.358,-0.568,-0.832,0.035
34,A1_1,0.034,1.0,0.529,0.593,-0.159,-0.337,-0.45,-0.036,-0.132,-0.183,0.169,-0.037,-0.473,-0.102,-0.07,0.422
34,A1_2,-0.334,0.529,1.0,0.887,0.04,-0.525,-0.541,0.086,-0.395,-0.013,-0.166,-0.318,-0.366,0.255,0.158,0.286
34,A1_3,-0.156,0.593,0.887,1.0,0.115,-0.377,-0.566,0.275,-0.211,-0.09,-0.328,-0.567,-0.542,0.322,-0.002,0.242
34,B1_1,0.095,-0.159,0.04,0.115,1.0,0.576,0.498,-0.415,-0.101,-0.642,-0.378,-0.351,-0.028,0.245,-0.178,-0.365
34,B1_2,0.629,-0.337,-0.525,-0.377,0.576,1.0,0.899,-0.625,-0.246,-0.464,-0.123,-0.027,0.468,0.019,-0.299,0.005
34,B1_3,0.446,-0.45,-0.541,-0.566,0.498,0.899,1.0,-0.722,-0.24,-0.249,-0.09,0.14,0.505,0.065,-0.112,0.102
34,A2_1,-0.378,-0.036,0.086,0.275,-0.415,-0.625,-0.722,1.0,0.667,0.542,-0.297,-0.409,-0.616,0.195,0.097,-0.212
34,A2_2,-0.47,-0.132,-0.395,-0.211,-0.101,-0.246,-0.24,0.667,1.0,0.248,-0.073,-0.056,-0.579,0.336,0.318,-0.27
34,A2_3,-0.131,-0.183,-0.013,-0.09,-0.642,-0.464,-0.249,0.542,0.248,1.0,-0.359,-0.209,-0.291,0.062,0.075,0.283
34,B2_1,-0.228,0.169,-0.166,-0.328,-0.378,-0.123,-0.09,-0.297,-0.073,-0.359,1.0,0.935,0.487,-0.219,0.429,0.099
34,B2_2,-0.24,-0.037,-0.318,-0.567,-0.351,-0.027,0.14,-0.409,-0.056,-0.209,0.935,1.0,0.57,-0.187,0.481,0.13
34,B2_3,0.358,-0.473,-0.366,-0.542,-0.028,0.468,0.505,-0.616,-0.579,-0.291,0.487,0.57,1.0,-0.395,-0.084,-0.081
34,y1,-0.568,-0.102,0.255,0.322,0.245,0.019,0.065,0.195,0.336,0.062,-0.219,-0.187,-0.395,1.0,0.717,0.379
34,y2,-0.832,-0.07,0.158,-0.002,-0.178,-0.299,-0.112,0.097,0.318,0.075,0.429,0.481,-0.084,0.717,1.0,0.363
34,y3,0.035,0.422,0.286,0.242,-0.365,0.005,0.102,-0.212,-0.27,0.283,0.099,0.13,-0.081,0.379,0.363,1.0
36,.,1.0,0.226,0.144,0.111,0.516,0.463,0.323,-0.07,-0.153,-0.092,-0.354,-0.488,-0.581,-0.581,-0.909,-0.757
36,A1_1,0.226,1.0,0.346,0.872,-0.581,-0.509,-0.487,-0.041,-0.26,-0.193,0.228,-0.748,-0.106,-0.361,-0.522,0.086
36,A1_2,0.144,0.346,1.0,0.482,-0.122,0.046,0.315,-0.111,-0.531,-0.492,-0.089,-0.026,-0.401,0.233,-0.032,0.132
36,A1_3,0.111,0.872,0.482,1.0,-0.462,-0.578,-0.366,0.241,-0.04,-0.092,-0.104,-0.717,-0.329,-0.39,-0.329,0.301
36,B1_1,0.516,-0.581,-0.122,-0.462,1.0,0.57,0.683,-0.093,0.069,-0.076,-0.422,0.208,-0.293,-0.33,-0.219,-0.334
36,B1_2,0.463,-0.509,0.046,-0.578,0.57,1.0,0.801,-0.322,-0.241,-0.308,-0.215,0.327,-0.137,0.314,-0.177,-0.51
36,B1_3,0.323,-0.487,0.315,-0.366,0.683,0.801,1.0,-0.239,-0.196,-0.451,-0.354,0.296,-0.255,0.234,-0.034,-0.089
36,A2_1,-0.07,-0.041,-0.111,0.241,-0.093,-0.322,-0.239,1.0,0.875,0.857,-0.778,-0.409,-0.653,-0.335,0.009,-0.069
36,A2_2,-0.153,-0.26,-0.531,-0.04,0.069,-0.241,-0.196,0.875,1.0,0.871,-0.664,-0.307,-0.365,-0.37,0.065,-0.008
36,A2_3,-0.092,-0.193,-0.492,-0.092,-0.076,-0.308,-0.451,0.857,0.871,1.0,-0.52,-0.249,-0.378,-0.341,0.014,-0.29
36,B2_1,-0.354,0.228,-0.089,-0.104,-0.422,-0.215,-0.354,-0.778,-0.664,-0.52,1.0,0.337,0.871,0.366,0.221,0.27
36,B2_2,-0.488,-0.748,-0.026,-0.717,0.208,0.327,0.296,-0.409,-0.307,-0.249,0.337,1.0,0.504,0.72,0.759,0.182
36,B2_3,-0.581,-0.106,-0.401,-0.329,-0.293,-0.137,-0.255,-0.653,-0.365,-0.378,0.871,0.504,1.0,0.45,0.48,0.442
36,y1,-0.581,-0.361,0.233,-0.39,-0.33,0.314,0.234,-0.335,-0.37,-0.341,0.366,0.72,0.45,1.0,0.698,0.279
36,y2,-0.909,-0.522,-0.032,-0.329,-0.219,-0.177,-0.034,0.009,0.065,0.014,0.221,0.759,0.48,0.698,1.0,0.639
36,y3,-0.757,0.086,0.132,0.301,-0.334,-0.51,-0.089,-0.069,-0.008,-0.29,0.27,0.182,0.442,0.279,0.639,1.0
38,.,1.0,-0.031,0.302,0.336,-0.373,0.397,0.529,0.042,-0.347,0.132,0.295,0.369,-0.544,-0.796,-0.858,-0.702
38,A1_1,-0.031,1.0,0.538,0.796,0.034,-0.374,-0.259,-0.022,0.336,-0.163,-0.227,-0.645,-0.265,-0.34,-0.303,-0.033
38,A1_2,0.302,0.538,1.0,0.892,-0.075,-0.271,0.043,-0.355,-0.278,-0.294,0.091,-0.1,-0.175,-0.384,-0.405,0.227
38,A1_3,0.336,0.796,0.892,1.0,0.041,-0.216,0.033,-0.308,-0.031,-0.283,-0.027,-0.3,-0.244,-0.593,-0.605,-0.017
38,B1_1,-0.373,0.034,-0.075,0.041,1.0,0.491,0.407,-0.685,0.075,-0.448,-0.324,-0.259,0.374,0.199,0.134,0.374
38,B1_2,0.397,-0.374,-0.271,-0.216,0.491,1.0,0.913,-0.367,-0.294,-0.133,-0.024,0.178,-0.19,-0.129,-0.24,-0.268
38,B1_3,0.529,-0.259,0.043,0.033,0.407,0.913,1.0,-0.417,-0.25,0.005,-0.187,0.044,-0.421,-0.18,-0.365,-0.289
38,A2_1,0.042,-0.022,-0.355,-0.308,-0.685,-0.367,-0.417,1.0,0.225,0.672,-0.032,0.018,-0.281,-0.023,0.125,-0.375
38,A2_2,-0.347,0.336,-0.278,-0.031,0.075,-0.294,-0.25,0.225,1.0,0.581,-0.806,-0.786,-0.299,0.219,0.071,-0.324
38,A2_3,0.132,-0.163,-0.294,-0.283,-0.448,-0.133,0.005,0.672,0.581,1.0,-0.588,-0.299,-0.61,0.124,0.002,-0.556
38,B2_1,0.295,-0.227,0.091,-0.027,-0.324,-0.024,-0.187,-0.032,-0.806,-0.588,1.0,0.845,0.451,-0.364,-0.151,0.139
38,B2_2,0.369,-0.645,-0.1,-0.3,-0.259,0.178,0.044,0.018,-0.786,-0.299,0.845,1.0,0.443,-0.276,-0.126,0.037
38,B2_3,-0.544,-0.265,-0.175,-0.244,0.374,-0.19,-0.421,-0.281,-0.299,-0.61,0.451,0.443,1.0,0.212,0.397,0.652
38,y1,-0.796,-0.34,-0.384,-0.593,0.199,-0.129,-0.18,-0.023,0.219,0.124,-0.364,-0.276,0.212,1.0,0.938,0.585
38,y2,-0.858,-0.303,-0.405,-0.605,0.134,-0.24,-0.365,0.125,0.071,0.002,-0.151,-0.126,0.397,0.938,1.0,0.69
38,y3,-0.702,-0.033,0.227,-0.017,0.374,-0.268,-0.289,-0.375,-0.324,-0.556,0.139,0.037,0.652,0.585,0.69,1.0
40,.,1.0,0.413,0.333,0.49,0.36,0.074,0.143,-0.247,-0.355,0.075,-0.315,0.017,-0.081,-0.614,-0.748,-0.824
40,A1_1,0.413,1.0,0.706,0.771,0.069,-0.162,-0.576,-0.323,-0.581,-0.099,-0.167,-0.384,-0.025,0.007,-0.067,-0.246
40,A1_2,0.333,0.706,1.0,0.557,0.163,0.299,-0.452,-0.751,-0.893,-0.638,0.096,0.126,0.282,-0.028,-0.291,-0.327
40,A1_3,0.49,0.771,0.557,1.0,0.018,-0.456,-0.53,0.072,-0.34,0.142,-0.163,-0.628,-0.232,0.07,-0.31,-0.294
40,B1_1,0.36,0.069,0.163,0.018,1.0,0.475,0.556,-0.377,-0.389,-0.5,-0.611,0.092,-0.609,-0.813,-0.713,-0.199
40,B1_2,0.074,-0.162,0.299,-0.456,0.475,1.0,0.496,-0.762,-0.633,-0.756,-0.294,0.596,0.085,-0.308,-0.209,-0.011
40,B1_3,0.143,-0.576,-0.452,-0.53,0.556,0.496,1.0,-0.006,0.086,-0.174,-0.461,0.221,-0.372,-0.515,-0.393,0.092
40,A2_1,-0.247,-0.323,-0.751,0.072,-0.377,-0.762,-0.006,1.0,0.847,0.848,-0.063,-0.637,-0.393,0.337,0.291,0.328
40,A2_2,-0.355,-0.581,-0.893,-0.34,-0.389,-0.633,0.086,0.847,1.0,0.77,0.234,-0.17,-0.098,0.151,0.324,0.192
40,A2_3,0.075,-0.099,-0.638,0.142,-0.5,-0.756,-0.174,0.848,0.77,1.0,-0.009,-0.486,-0.148,0.223,0.275,-0.058
40,B2_1,-0.315,-0.167,0.096,-0.163,-0.611,-0.294,-0.461,-0.063,0.234,-0.009,1.0,0.463,0.832,0.314,0.259,-0.131
40,B2_2,0.017,-0.384,0.126,-0.628,0.092,0.596,0.221,-0.637,-0.17,-0.486,0.463,1.0,0.639,-0.362,-0.173,-0.385
40,B2_3,-0.081,-0.025,0.282,-0.232,-0.609,0.085,-0.372,-0.393,-0.098,-0.148,0.832,0.639,1.0,0.282,0.274,-0.257
40,y1,-0.614,0.007,-0.028,0.07,-0.813,-0.308,-0.515,0.337,0.151,0.223,0.314,-0.362,0.282,1.0,0.804,0.629
40,y2,-0.748,-0.067,-0.291,-0.31,-0.713,-0.209,-0.393,0.291,0.324,0.275,0.259,-0.173,0.274,0.804,1.0,0.673
40,y3,-0.824,-0.246,-0.327,-0.294,-0.199,-0.011,0.092,0.328,0.192,-0.058,-0.131,-0.385,-0.257,0.629,0.673,1.0
42,.,1.0,0.242,0.121,0.244,0.115,0.605,-0.045,-0.015,-0.142,0.012,-0.442,-0.508,-0.191,-0.211,-0.186,-0.402
42,A1_1,0.242,1.0,0.597,0.207,0.023,-0.284,-0.296,0.069,-0.234,0.363,-0.18,-0.123,-0.115,-0.873,-0.798,-0.678
42,A1_2,0.121,0.597,1.0,0.543,-0.282,-0.251,-0.167,-0.238,-0.451,-0.008,0.304,-0.258,0.319,-0.21,-0.254,-0.319
42,A1_3,0.244,0.207,0.543,1.0,-0.305,-0.202,-0.351,0.078,-0.393,-0.39,-0.032,-0.426,0.17,0.184,0.377,0.226
42,B1_1,0.115,0.023,-0.282,-0.305,1.0,0.574,0.787,-0.327,-0.4,-0.025,-0.56,-0.412,0.019,-0.368,-0.059,0.119
42,B1_2,0.605,-0.284,-0.251,-0.202,0.574,1.0,0.642,-0.564,-0.406,-0.364,-0.281,-0.284,0.272,0.082,0.162,-0.023
42,B1_3,-0.045,-0.296,-0.167,-0.351,0.787,0.642,1.0,-0.691,-0.531,-0.356,0.009,-0.156,0.428,0.009,0.163,0.128
42,A2_1,-0.015,0.069,-0.238,0.078,-0.327,-0.564,-0.691,1.0,0.817,0.683,-0.426,-0.192,-0.905,-0.046,-0.091,0.129
42,A2_2,-0.142,-0.234,-0.451,-0.393,-0.4,-0.406,-0.531,0.817,1.0,0.699,-0.134,0.155,-0.793,0.142,-0.116,0.045
42,A2_3,0.012,0.363,-0.008,-0.39,-0.025,-0.364,-0.356,0.683,0.699,1.0,-0.395,-0.203,-0.825,-0.448,-0.605,-0.272
42,B2_1,-0.442,-0.18,0.304,-0.032,-0.56,-0.281,0.009,-0.426,-0.134,-0.395,1.0,0.669,0.611,0.344,0.081,-0.181
42,B2_2,-0.508,-0.123,-0.258,-0.426,-0.412,-0.284,-0.156,-0.192,0.155,-0.203,0.669,1.0,0.343,0.058,-0.155,-0.255
42,B2_3,-0.191,-0.115,0.319,0.17,0.019,0.272,0.428,-0.905,-0.793,-0.825,0.611,0.343,1.0,0.238,0.279,0.035
42,y1,-0.211,-0.873,-0.21,0.184,-0.368,0.082,0.009,-0.046,0.142,-0.448,0.344,0.058,0.238,1.0,0.886,0.7
42,y2,-0.186,-0.798,-0.254,0.377,-0.059,0.162,0.163,-0.091,-0.116,-0.605,0.081,-0.155,0.279,0.886,1.0,0.872
42,y3,-0.402,-0.678,-0.319,0.226,0.119,-0.023,0.128,0.129,0.045,-0.272,-0.181,-0.255,0.035,0.7,0.872,1.0
44,.,1.0,0.224,0.199,0.617,0.518,-0.003,0.666,-0.392,-0.292,-0.583,0.01,-0.703,-0.407,-0.195,-0.167,0.15
44,A1_1,0.224,1.0,0.737,0.552,-0.035,-0.094,0.099,0.02,-0.34,-0.475,0.061,-0.365,-0.016,-0.045,0.088,-0.301
44,A1_2,0.199,0.737,1.0,0.466,0.241,-0.408,0.079,0.258,0.023,-0.473,-0.318,-0.232,-0.157,-0.232,-0.467,-0.53
44,A1_3,0.617,0.552,0.466,1.0,-0.081,-0.535,-0.015,-0.295,-0.198,-0.431,0.256,-0.574,-0.238,-0.07,0.208,-0.137
44,B1_1,0.518,-0.035,0.241,-0.081,1.0,0.109,0.722,-0.099,-0.269,-0.615,-0.308,-0.157,-0.175,-0.114,-0.564,-0.009
44,B1_2,-0.003,-0.094,-0.408,-0.535,0.109,1.0,0.334,-0.242,-0.367,0.048,-0.141,-0.086,-0.042,0.353,0.173,0.668
44,B1_3,0.666,0.099,0.079,-0.015,0.722,0.334,1.0,-0.312,-0.396,-0.654,0.089,-0.131,0.103,-0.493,-0.479,-0.083
44,A2_1,-0.392,0.02,0.258,-0.295,-0.099,-0.242,-0.312,1.0,0.831,0.589,-0.651,-0.032,-0.367,-0.142,-0.395,-0.402
44,A2_2,-0.292,-0.34,0.023,-0.198,-0.269,-0.367,-0.396,0.831,1.0,0.744,-0.545,-0.015,-0.403,-0.242,-0.392,-0.295
44,A2_3,-0.583,-0.475,-0.473,-0.431,-0.615,0.048,-0.654,0.589,0.744,1.0,-0.316,0.079,-0.269,0.224,0.205,0.182
44,B2_1,0.01,0.061,-0.318,0.256,-0.308,-0.141,0.089,-0.651,-0.545,-0.316,1.0,0.398,0.762,-0.254,0.471,-0.172
44,B2_2,-0.703,-0.365,-0.232,-0.574,-0.157,-0.086,-0.131,-0.032,-0.015,0.079,0.398,1.0,0.846,-0.296,-0.137,-0.402
44,B2_3,-0.407,-0.016,-0.157,-0.238,-0.175,-0.042,0.103,-0.367,-0.403,-0.269,0.762,0.846,1.0,-0.392,0.068,-0.423
44,y1,-0.195,-0.045,-0.232,-0.07,-0.114,0.353,-0.493,-0.142,-0.242,0.224,-0.254,-0.296,-0.392,1.0,0.642,0.781
44,y2,-0.167,0.088,-0.467,0.208,-0.564,0.173,-0.479,-0.395,-0.392,0.205,0.471,-0.137,0.068,0.642,1.0,0.524
44,y3,0.15,-0.301,-0.53,-0.137,-0.009,0.668,-0.083,-0.402,-0.295,0.182,-0.172,-0.402,-0.423,0.781,0.524,1.0
46,.,1.0,0.339,0.232,0.333,0.336,0.486,0.384,0.021,-0.123,0.326,-0.385,-0.264,-0.089,-0.703,-0.874,-0.81
46,A1_1,0.339,1.0,0.63,0.66,-0.289,0.264,-0.264,-0.477,-0.072,0.075,-0.087,-0.07,-0.005,-0.239,-0.038,-0.157
46,A1_2,0.232,0.63,1.0,0.627,-0.518,-0.312,-0.57,-0.212,-0.255,-0.064,0.153,0.106,0.343,-0.114,0.037,-0.295
46,A1_3,0.333,0.66,0.627,1.0,-0.126,-0.077,-0.438,-0.008,-0.516,0.018,-0.26,-0.182,-0.063,0.261,-0.174,0.027
46,B1_1,0.336,-0.289,-0.518,-0.126,1.0,0.737,0.742,-0.032,-0.337,0.137,-0.369,-0.413,-0.142,-0.119,-0.335,-0.165
46,B1_2,0.486,0.264,-0.312,-0.077,0.737,1.0,0.787,-0.434,-0.103,0.159,-0.334,-0.338,-0.188,-0.481,-0.333,-0.312
46,B1_3,0.384,-0.264,-0.57,-0.438,0.742,0.787,1.0,-0.214,-0.124,-0.046,-0.213,-0.124,-0.15,-0.421,-0.389,-0.33
46,A2_1,0.021,-0.477,-0.212,-0.008,-0.032,-0.434,-0.214,1.0,0.346,0.618,-0.587,-0.529,-0.611,0.258,-0.458,0.218
46,A2_2,-0.123,-0.072,-0.255,-0.516,-0.337,-0.103,-0.124,0.346,1.0,0.619,-0.177,-0.234,-0.402,-0.342,-0.112,0.039
46,A2_3,0.326,0.075,-0.064,0.018,0.137,0.159,-0.046,0.618,0.619,1.0,-0.786,-0.859,-0.707,-0.264,-0.572,-0.054
46,B2_1,-0.385,-0.087,0.153,-0.26,-0.369,-0.334,-0.213,-0.587,-0.177,-0.786,1.0,0.936,0.9,-0.017,0.657,-0.133
46,B2_2,-0.264,-0.07,0.106,-0.182,-0.413,-0.338,-0.124,-0.529,-0.234,-0.859,0.936,1.0,0.795,-0.015,0.494,-0.159
46,B2_3,-0.089,-0.005,0.343,-0.063,-0.142,-0.188,-0.15,-0.611,-0.402,-0.707,0.9,0.795,1.0,-0.156,0.457,-0.396
46,y1,-0.703,-0.239,-0.114,0.261,-0.119,-0.481,-0.421,0.258,-0.342,-0.264,-0.017,-0.015,-0.156,1.0,0.528,0.878
46,y2,-0.874,-0.038,0.037,-0.174,-0.335,-0.333,-0.389,-0.458,-0.112,-0.572,0.657,0.494,0.457,0.528,1.0,0.574
46,y3,-0.81,-0.157,-0.295,0.027,-0.165,-0.312,-0.33,0.218,0.039,-0.054,-0.133,-0.159,-0.396,0.878,0.574,1.0
