,,.,A1_1,A1_2,A1_3,B1_1,B1_2,B1_3,A2_1,A2_2,A2_3,B2_1,B2_2,B2_3,y1,y2,y3
0,.,0.068,0.011,0.063,0.057,0.06,0.147,0.082,0.027,0.12,0.057,0.05,0.036,0.077,0.054,0.055,0.036
0,A1_1,0.056,0.029,0.046,0.091,0.065,0.105,0.044,0.029,0.092,0.076,0.051,0.027,0.034,0.096,0.109,0.049
0,A1_2,0.03,0.015,0.078,0.041,0.096,0.064,0.105,0.043,0.085,0.11,0.046,0.039,0.077,0.114,0.04,0.016
0,A1_3,0.062,0.048,0.074,0.105,0.06,0.095,0.098,0.035,0.162,0.028,0.061,0.023,0.04,0.037,0.031,0.042
0,B1_1,0.049,0.017,0.062,0.042,0.1,0.101,0.099,0.041,0.091,0.063,0.062,0.036,0.083,0.084,0.043,0.026
0,B1_2,0.069,0.029,0.067,0.107,0.061,0.12,0.052,0.041,0.096,0.07,0.059,0.026,0.059,0.053,0.066,0.025
0,B1_3,0.069,0.029,0.055,0.027,0.054,0.046,0.051,0.028,0.124,0.129,0.077,0.03,0.033,0.148,0.053,0.048
0,A2_1,0.041,0.015,0.085,0.065,0.1,0.117,0.082,0.037,0.079,0.028,0.033,0.041,0.062,0.053,0.098,0.064
0,A2_2,0.081,0.045,0.054,0.068,0.019,0.072,0.03,0.04,0.195,0.074,0.079,0.015,0.021,0.068,0.095,0.045
0,A2_3,0.051,0.017,0.073,0.051,0.13,0.105,0.114,0.027,0.08,0.058,0.054,0.04,0.088,0.064,0.024,0.024
0,B2_1,0.071,0.019,0.032,0.047,0.028,0.089,0.087,0.065,0.225,0.057,0.06,0.014,0.017,0.085,0.055,0.05
0,B2_2,0.019,0.014,0.084,0.08,0.109,0.094,0.141,0.027,0.073,0.05,0.028,0.04,0.127,0.077,0.029,0.009
0,B2_3,0.102,0.069,0.049,0.092,0.06,0.068,0.021,0.011,0.089,0.077,0.077,0.043,0.031,0.075,0.075,0.059
0,y1,0.069,0.015,0.083,0.031,0.124,0.049,0.082,0.05,0.062,0.073,0.048,0.039,0.067,0.044,0.097,0.066
0,y2,0.034,0.023,0.097,0.046,0.034,0.06,0.109,0.027,0.269,0.037,0.058,0.016,0.035,0.058,0.049,0.046
0,y3,0.043,0.02,0.045,0.134,0.078,0.164,0.126,0.031,0.098,0.034,0.036,0.032,0.057,0.036,0.041,0.026
1,.,0.077,0.011,0.062,0.056,0.059,0.145,0.079,0.027,0.118,0.057,0.051,0.036,0.075,0.054,0.056,0.037
1,A1_1,0.063,0.029,0.044,0.086,0.065,0.101,0.042,0.029,0.09,0.077,0.052,0.027,0.033,0.098,0.112,0.053
1,A1_2,0.033,0.015,0.076,0.041,0.097,0.064,0.105,0.043,0.084,0.107,0.045,0.039,0.078,0.114,0.042,0.017
1,A1_3,0.067,0.049,0.072,0.101,0.06,0.092,0.096,0.035,0.162,0.028,0.062,0.023,0.039,0.037,0.032,0.045
1,B1_1,0.056,0.017,0.061,0.041,0.099,0.098,0.097,0.042,0.09,0.064,0.063,0.036,0.082,0.082,0.044,0.028
1,B1_2,0.078,0.028,0.063,0.1,0.061,0.115,0.051,0.042,0.096,0.071,0.059,0.026,0.056,0.055,0.07,0.028
1,B1_3,0.074,0.028,0.054,0.026,0.055,0.044,0.052,0.028,0.123,0.126,0.076,0.03,0.033,0.146,0.056,0.051
1,A2_1,0.045,0.015,0.083,0.061,0.097,0.111,0.08,0.037,0.08,0.029,0.034,0.041,0.058,0.053,0.104,0.07
1,A2_2,0.09,0.044,0.053,0.065,0.019,0.069,0.03,0.04,0.193,0.073,0.079,0.014,0.02,0.067,0.097,0.047
1,A2_3,0.056,0.017,0.071,0.05,0.128,0.102,0.114,0.027,0.081,0.058,0.055,0.04,0.086,0.065,0.025,0.026
1,B2_1,0.081,0.019,0.031,0.045,0.027,0.086,0.085,0.065,0.219,0.056,0.06,0.014,0.017,0.084,0.057,0.054
1,B2_2,0.021,0.014,0.081,0.079,0.11,0.092,0.14,0.027,0.073,0.051,0.028,0.04,0.125,0.078,0.03,0.01
1,B2_3,0.111,0.067,0.048,0.087,0.06,0.066,0.021,0.011,0.089,0.075,0.077,0.043,0.029,0.076,0.078,0.064
1,y1,0.072,0.015,0.082,0.031,0.123,0.047,0.082,0.05,0.062,0.073,0.048,0.038,0.066,0.043,0.099,0.069
1,y2,0.038,0.023,0.095,0.044,0.033,0.059,0.109,0.027,0.268,0.037,0.059,0.017,0.034,0.058,0.051,0.05
1,y3,0.05,0.02,0.044,0.13,0.078,0.158,0.124,0.032,0.098,0.036,0.037,0.032,0.056,0.036,0.043,0.028
2,.,0.088,0.012,0.061,0.054,0.057,0.142,0.076,0.028,0.116,0.057,0.051,0.036,0.073,0.054,0.057,0.039
2,A1_1,0.07,0.029,0.043,0.081,0.064,0.098,0.04,0.03,0.087,0.077,0.052,0.026,0.032,0.099,0.115,0.056
2,A1_2,0.035,0.014,0.075,0.04,0.098,0.064,0.104,0.044,0.082,0.104,0.045,0.039,0.078,0.114,0.044,0.018
2,A1_3,0.072,0.049,0.071,0.098,0.059,0.09,0.094,0.035,0.161,0.028,0.063,0.024,0.038,0.038,0.033,0.047
2,B1_1,0.064,0.017,0.06,0.04,0.097,0.096,0.095,0.043,0.088,0.065,0.065,0.036,0.081,0.079,0.045,0.03
2,B1_2,0.088,0.028,0.06,0.094,0.059,0.111,0.05,0.042,0.096,0.071,0.06,0.025,0.054,0.057,0.074,0.03
2,B1_3,0.079,0.026,0.053,0.026,0.056,0.044,0.052,0.028,0.121,0.122,0.074,0.03,0.033,0.145,0.059,0.053
2,A2_1,0.049,0.016,0.081,0.058,0.094,0.106,0.078,0.037,0.08,0.029,0.035,0.042,0.056,0.053,0.109,0.076
2,A2_2,0.099,0.043,0.052,0.062,0.019,0.066,0.03,0.04,0.191,0.071,0.079,0.014,0.02,0.066,0.099,0.05
2,A2_3,0.062,0.016,0.069,0.049,0.127,0.1,0.114,0.028,0.081,0.059,0.055,0.04,0.084,0.065,0.025,0.027
2,B2_1,0.092,0.019,0.03,0.043,0.027,0.083,0.083,0.065,0.214,0.055,0.061,0.014,0.016,0.084,0.058,0.057
2,B2_2,0.023,0.014,0.079,0.078,0.112,0.09,0.138,0.028,0.073,0.052,0.029,0.04,0.124,0.079,0.031,0.01
2,B2_3,0.119,0.064,0.047,0.082,0.059,0.063,0.021,0.011,0.087,0.072,0.076,0.043,0.029,0.076,0.081,0.068
2,y1,0.075,0.015,0.08,0.03,0.121,0.046,0.081,0.05,0.062,0.073,0.048,0.038,0.065,0.043,0.101,0.071
2,y2,0.042,0.023,0.093,0.042,0.032,0.058,0.108,0.027,0.268,0.036,0.06,0.017,0.033,0.058,0.052,0.053
2,y3,0.057,0.02,0.043,0.124,0.078,0.153,0.121,0.033,0.096,0.037,0.038,0.032,0.055,0.037,0.045,0.03
3,.,0.099,0.012,0.06,0.053,0.056,0.139,0.073,0.028,0.113,0.058,0.052,0.035,0.071,0.054,0.057,0.04
3,A1_1,0.077,0.029,0.042,0.076,0.063,0.095,0.039,0.03,0.084,0.077,0.053,0.026,0.032,0.101,0.118,0.06
3,A1_2,0.038,0.014,0.074,0.04,0.099,0.064,0.104,0.045,0.081,0.101,0.044,0.04,0.079,0.115,0.046,0.018
3,A1_3,0.078,0.049,0.069,0.095,0.059,0.088,0.091,0.035,0.159,0.029,0.064,0.024,0.037,0.039,0.035,0.049
3,B1_1,0.073,0.017,0.059,0.038,0.096,0.094,0.092,0.044,0.087,0.065,0.066,0.035,0.08,0.078,0.045,0.032
3,B1_2,0.099,0.027,0.057,0.089,0.058,0.108,0.048,0.043,0.095,0.07,0.061,0.025,0.052,0.058,0.078,0.033
3,B1_3,0.085,0.025,0.052,0.025,0.056,0.043,0.052,0.028,0.118,0.118,0.072,0.031,0.033,0.144,0.062,0.056
3,A2_1,0.054,0.016,0.079,0.056,0.092,0.101,0.075,0.038,0.08,0.03,0.036,0.042,0.053,0.054,0.114,0.081
3,A2_2,0.109,0.042,0.052,0.058,0.019,0.064,0.03,0.04,0.187,0.069,0.079,0.014,0.02,0.065,0.1,0.053
3,A2_3,0.067,0.016,0.066,0.048,0.125,0.098,0.114,0.029,0.081,0.059,0.055,0.039,0.082,0.065,0.026,0.029
3,B2_1,0.103,0.018,0.03,0.041,0.027,0.081,0.08,0.065,0.206,0.054,0.061,0.014,0.016,0.085,0.059,0.06
3,B2_2,0.025,0.014,0.077,0.076,0.113,0.089,0.136,0.028,0.073,0.053,0.029,0.04,0.123,0.081,0.032,0.011
3,B2_3,0.126,0.062,0.046,0.078,0.06,0.061,0.022,0.011,0.086,0.069,0.075,0.044,0.028,0.076,0.084,0.073
3,y1,0.078,0.014,0.079,0.029,0.119,0.045,0.081,0.051,0.062,0.073,0.048,0.038,0.064,0.042,0.104,0.073
3,y2,0.046,0.023,0.091,0.04,0.032,0.057,0.106,0.027,0.266,0.036,0.061,0.017,0.032,0.058,0.053,0.056
3,y3,0.066,0.02,0.042,0.119,0.079,0.148,0.119,0.034,0.095,0.038,0.039,0.032,0.055,0.037,0.046,0.032
4,.,0.111,0.012,0.059,0.052,0.054,0.136,0.07,0.028,0.111,0.058,0.052,0.035,0.069,0.054,0.057,0.042
4,A1_1,0.084,0.029,0.04,0.072,0.062,0.092,0.037,0.031,0.081,0.076,0.053,0.026,0.031,0.102,0.121,0.063
4,A1_2,0.04,0.013,0.072,0.039,0.1,0.064,0.102,0.045,0.079,0.099,0.043,0.04,0.079,0.115,0.048,0.019
4,A1_3,0.084,0.049,0.068,0.092,0.059,0.087,0.089,0.035,0.156,0.029,0.065,0.024,0.036,0.039,0.036,0.052
4,B1_1,0.082,0.017,0.058,0.037,0.095,0.092,0.089,0.045,0.085,0.065,0.067,0.035,0.078,0.076,0.046,0.034
4,B1_2,0.111,0.026,0.054,0.084,0.057,0.104,0.047,0.044,0.094,0.069,0.061,0.024,0.05,0.059,0.081,0.035
4,B1_3,0.09,0.024,0.05,0.025,0.057,0.042,0.052,0.028,0.115,0.116,0.071,0.031,0.033,0.143,0.065,0.058
4,A2_1,0.058,0.016,0.077,0.054,0.09,0.097,0.072,0.038,0.079,0.03,0.037,0.042,0.051,0.054,0.119,0.086
4,A2_2,0.12,0.041,0.051,0.056,0.019,0.062,0.029,0.04,0.182,0.068,0.079,0.014,0.019,0.064,0.101,0.055
4,A2_3,0.073,0.016,0.064,0.047,0.124,0.097,0.113,0.029,0.081,0.058,0.056,0.039,0.08,0.066,0.026,0.03
4,B2_1,0.116,0.018,0.029,0.039,0.026,0.079,0.077,0.065,0.199,0.053,0.061,0.014,0.015,0.085,0.061,0.063
4,B2_2,0.027,0.014,0.075,0.075,0.114,0.088,0.134,0.029,0.073,0.053,0.029,0.04,0.122,0.081,0.033,0.012
4,B2_3,0.134,0.06,0.045,0.074,0.059,0.06,0.021,0.011,0.084,0.067,0.074,0.044,0.027,0.076,0.087,0.077
4,y1,0.081,0.014,0.077,0.029,0.118,0.044,0.08,0.051,0.061,0.072,0.048,0.037,0.063,0.042,0.106,0.075
4,y2,0.052,0.023,0.089,0.039,0.031,0.056,0.104,0.027,0.263,0.035,0.062,0.017,0.031,0.058,0.055,0.058
4,y3,0.075,0.02,0.04,0.115,0.079,0.143,0.116,0.035,0.093,0.039,0.04,0.032,0.054,0.038,0.048,0.034
5,.,0.123,0.012,0.058,0.051,0.053,0.134,0.067,0.029,0.108,0.057,0.052,0.035,0.067,0.054,0.058,0.043
5,A1_1,0.091,0.028,0.039,0.069,0.061,0.09,0.036,0.031,0.079,0.076,0.054,0.026,0.03,0.102,0.124,0.066
5,A1_2,0.043,0.013,0.071,0.039,0.1,0.064,0.102,0.046,0.078,0.097,0.043,0.04,0.079,0.116,0.05,0.02
5,A1_3,0.09,0.049,0.066,0.09,0.059,0.085,0.087,0.035,0.154,0.029,0.065,0.025,0.035,0.039,0.037,0.054
5,B1_1,0.091,0.017,0.057,0.036,0.093,0.089,0.087,0.045,0.084,0.066,0.068,0.035,0.077,0.074,0.046,0.035
5,B1_2,0.123,0.025,0.051,0.079,0.055,0.101,0.045,0.044,0.093,0.068,0.062,0.024,0.047,0.06,0.085,0.038
5,B1_3,0.095,0.023,0.049,0.024,0.058,0.041,0.052,0.028,0.113,0.114,0.069,0.032,0.033,0.141,0.068,0.06
5,A2_1,0.061,0.016,0.076,0.052,0.088,0.093,0.07,0.037,0.079,0.03,0.038,0.042,0.049,0.054,0.124,0.092
5,A2_2,0.131,0.04,0.05,0.053,0.018,0.059,0.029,0.04,0.179,0.066,0.079,0.013,0.019,0.063,0.103,0.058
5,A2_3,0.078,0.016,0.063,0.046,0.123,0.094,0.113,0.03,0.081,0.058,0.056,0.039,0.079,0.066,0.027,0.031
5,B2_1,0.128,0.018,0.028,0.038,0.026,0.076,0.075,0.064,0.193,0.052,0.06,0.014,0.015,0.084,0.062,0.067
5,B2_2,0.03,0.014,0.073,0.074,0.115,0.086,0.133,0.029,0.073,0.053,0.03,0.04,0.121,0.082,0.035,0.012
5,B2_3,0.142,0.057,0.043,0.07,0.059,0.058,0.021,0.011,0.083,0.065,0.073,0.044,0.026,0.075,0.09,0.082
5,y1,0.083,0.014,0.076,0.029,0.117,0.043,0.08,0.051,0.061,0.072,0.048,0.037,0.062,0.042,0.109,0.077
5,y2,0.057,0.022,0.087,0.038,0.03,0.055,0.103,0.027,0.261,0.035,0.063,0.017,0.03,0.057,0.056,0.062
5,y3,0.083,0.02,0.039,0.111,0.079,0.138,0.114,0.035,0.091,0.04,0.041,0.032,0.054,0.038,0.049,0.036
6,.,0.135,0.012,0.057,0.05,0.051,0.131,0.064,0.029,0.105,0.057,0.052,0.034,0.066,0.054,0.058,0.044
6,A1_1,0.097,0.028,0.038,0.066,0.06,0.087,0.034,0.031,0.076,0.075,0.054,0.025,0.029,0.104,0.126,0.069
6,A1_2,0.046,0.013,0.07,0.038,0.1,0.064,0.1,0.046,0.076,0.095,0.042,0.04,0.08,0.117,0.051,0.021
6,A1_3,0.096,0.049,0.065,0.088,0.059,0.084,0.084,0.036,0.151,0.029,0.066,0.025,0.034,0.04,0.038,0.056
6,B1_1,0.101,0.017,0.056,0.035,0.091,0.087,0.084,0.046,0.082,0.066,0.069,0.034,0.076,0.072,0.046,0.037
6,B1_2,0.135,0.024,0.049,0.075,0.054,0.098,0.043,0.044,0.091,0.067,0.062,0.023,0.045,0.061,0.088,0.04
6,B1_3,0.1,0.022,0.048,0.024,0.058,0.041,0.052,0.029,0.109,0.111,0.067,0.032,0.034,0.141,0.07,0.062
6,A2_1,0.066,0.017,0.074,0.05,0.086,0.089,0.066,0.037,0.078,0.03,0.039,0.043,0.047,0.054,0.127,0.096
6,A2_2,0.142,0.039,0.049,0.051,0.018,0.058,0.028,0.04,0.173,0.064,0.079,0.013,0.018,0.062,0.103,0.06
6,A2_3,0.085,0.016,0.061,0.045,0.122,0.093,0.112,0.031,0.081,0.058,0.056,0.038,0.078,0.066,0.027,0.032
6,B2_1,0.141,0.018,0.027,0.037,0.026,0.075,0.072,0.064,0.186,0.051,0.06,0.014,0.015,0.084,0.063,0.069
6,B2_2,0.032,0.014,0.072,0.073,0.116,0.084,0.13,0.03,0.072,0.054,0.03,0.04,0.12,0.084,0.036,0.013
6,B2_3,0.149,0.055,0.042,0.067,0.059,0.057,0.021,0.011,0.081,0.062,0.072,0.045,0.026,0.075,0.092,0.086
6,y1,0.087,0.014,0.075,0.028,0.115,0.042,0.079,0.051,0.061,0.072,0.048,0.037,0.061,0.042,0.11,0.079
6,y2,0.063,0.022,0.085,0.037,0.03,0.055,0.101,0.027,0.258,0.034,0.063,0.017,0.03,0.057,0.057,0.064
6,y3,0.094,0.02,0.038,0.106,0.079,0.134,0.111,0.036,0.089,0.041,0.041,0.031,0.053,0.038,0.05,0.038
7,.,0.149,0.012,0.056,0.049,0.05,0.128,0.062,0.029,0.103,0.057,0.052,0.034,0.064,0.053,0.058,0.045
7,A1_1,0.104,0.028,0.037,0.063,0.059,0.084,0.033,0.032,0.074,0.075,0.054,0.025,0.029,0.104,0.128,0.072
7,A1_2,0.048,0.013,0.069,0.038,0.101,0.064,0.099,0.047,0.075,0.093,0.042,0.04,0.08,0.117,0.053,0.022
7,A1_3,0.102,0.049,0.063,0.085,0.058,0.082,0.082,0.036,0.149,0.029,0.066,0.026,0.034,0.04,0.039,0.058
7,B1_1,0.11,0.017,0.056,0.034,0.09,0.085,0.082,0.047,0.081,0.066,0.07,0.034,0.075,0.07,0.047,0.038
7,B1_2,0.148,0.024,0.046,0.072,0.052,0.095,0.042,0.044,0.09,0.066,0.062,0.023,0.043,0.061,0.091,0.043
7,B1_3,0.105,0.021,0.047,0.024,0.059,0.04,0.052,0.029,0.106,0.109,0.065,0.032,0.034,0.14,0.073,0.064
7,A2_1,0.069,0.017,0.072,0.048,0.085,0.086,0.064,0.037,0.077,0.031,0.039,0.043,0.046,0.055,0.13,0.101
7,A2_2,0.155,0.038,0.048,0.049,0.018,0.056,0.028,0.04,0.168,0.063,0.079,0.013,0.018,0.061,0.104,0.063
7,A2_3,0.091,0.015,0.059,0.044,0.12,0.091,0.111,0.031,0.081,0.058,0.056,0.038,0.076,0.066,0.028,0.033
7,B2_1,0.154,0.017,0.026,0.035,0.026,0.073,0.07,0.063,0.179,0.049,0.06,0.014,0.014,0.084,0.064,0.072
7,B2_2,0.035,0.014,0.07,0.073,0.116,0.083,0.128,0.03,0.072,0.055,0.03,0.04,0.118,0.085,0.037,0.014
7,B2_3,0.156,0.053,0.041,0.064,0.06,0.055,0.022,0.011,0.079,0.06,0.071,0.045,0.025,0.076,0.094,0.09
7,y1,0.09,0.014,0.074,0.028,0.113,0.041,0.078,0.052,0.061,0.072,0.048,0.037,0.06,0.041,0.112,0.081
7,y2,0.068,0.022,0.084,0.035,0.03,0.054,0.099,0.027,0.255,0.034,0.064,0.017,0.029,0.057,0.057,0.067
7,y3,0.104,0.019,0.037,0.103,0.079,0.13,0.108,0.036,0.088,0.042,0.042,0.031,0.052,0.038,0.051,0.04
8,.,0.162,0.012,0.055,0.048,0.048,0.125,0.059,0.029,0.1,0.057,0.052,0.033,0.062,0.053,0.058,0.045
8,A1_1,0.11,0.028,0.036,0.061,0.058,0.082,0.032,0.032,0.072,0.075,0.054,0.025,0.028,0.105,0.13,0.074
8,A1_2,0.051,0.012,0.068,0.038,0.101,0.064,0.097,0.047,0.074,0.092,0.041,0.04,0.08,0.118,0.055,0.023
8,A1_3,0.108,0.049,0.062,0.083,0.058,0.081,0.081,0.036,0.146,0.029,0.067,0.026,0.033,0.041,0.041,0.06
8,B1_1,0.12,0.017,0.055,0.033,0.088,0.084,0.079,0.048,0.079,0.066,0.07,0.034,0.074,0.068,0.047,0.039
8,B1_2,0.161,0.023,0.044,0.068,0.051,0.092,0.04,0.044,0.087,0.065,0.062,0.022,0.041,0.062,0.093,0.045
8,B1_3,0.11,0.021,0.046,0.024,0.06,0.04,0.051,0.029,0.102,0.106,0.063,0.032,0.034,0.14,0.075,0.066
8,A2_1,0.073,0.017,0.071,0.047,0.083,0.083,0.061,0.036,0.075,0.031,0.04,0.043,0.044,0.055,0.134,0.106
8,A2_2,0.167,0.038,0.048,0.047,0.018,0.055,0.027,0.04,0.162,0.061,0.079,0.013,0.018,0.06,0.104,0.065
8,A2_3,0.098,0.015,0.058,0.043,0.118,0.09,0.11,0.032,0.081,0.058,0.056,0.037,0.075,0.066,0.028,0.034
8,B2_1,0.169,0.017,0.025,0.034,0.025,0.072,0.067,0.062,0.172,0.048,0.059,0.014,0.014,0.084,0.064,0.074
8,B2_2,0.037,0.014,0.069,0.072,0.117,0.082,0.125,0.031,0.072,0.055,0.031,0.039,0.117,0.086,0.038,0.014
8,B2_3,0.163,0.051,0.04,0.061,0.059,0.054,0.021,0.011,0.077,0.058,0.07,0.045,0.025,0.076,0.095,0.093
8,y1,0.093,0.014,0.073,0.028,0.111,0.04,0.077,0.052,0.06,0.071,0.048,0.037,0.06,0.041,0.114,0.083
8,y2,0.075,0.022,0.082,0.034,0.029,0.054,0.097,0.027,0.251,0.034,0.065,0.017,0.029,0.056,0.058,0.069
8,y3,0.113,0.019,0.036,0.1,0.079,0.127,0.105,0.037,0.085,0.042,0.042,0.031,0.052,0.038,0.052,0.041
9,.,0.175,0.013,0.054,0.047,0.047,0.123,0.057,0.029,0.097,0.057,0.052,0.033,0.06,0.053,0.058,0.046
9,A1_1,0.115,0.028,0.035,0.059,0.057,0.08,0.03,0.032,0.069,0.074,0.054,0.025,0.027,0.106,0.132,0.076
9,A1_2,0.053,0.012,0.068,0.038,0.1,0.064,0.096,0.047,0.072,0.09,0.041,0.041,0.08,0.119,0.056,0.024
9,A1_3,0.114,0.049,0.061,0.081,0.058,0.08,0.078,0.036,0.143,0.029,0.067,0.026,0.033,0.041,0.042,0.062
9,B1_1,0.129,0.017,0.054,0.032,0.087,0.083,0.077,0.048,0.077,0.065,0.071,0.033,0.073,0.067,0.047,0.04
9,B1_2,0.175,0.023,0.042,0.065,0.049,0.089,0.038,0.044,0.085,0.064,0.062,0.021,0.039,0.063,0.095,0.047
9,B1_3,0.114,0.02,0.046,0.024,0.061,0.039,0.051,0.029,0.099,0.105,0.061,0.033,0.035,0.14,0.077,0.067
9,A2_1,0.077,0.017,0.07,0.046,0.081,0.081,0.058,0.036,0.074,0.031,0.04,0.044,0.043,0.055,0.138,0.109
9,A2_2,0.18,0.037,0.047,0.044,0.017,0.053,0.026,0.04,0.155,0.06,0.079,0.012,0.017,0.06,0.104,0.067
9,A2_3,0.104,0.015,0.057,0.042,0.117,0.089,0.108,0.033,0.08,0.058,0.056,0.037,0.075,0.066,0.028,0.034
9,B2_1,0.184,0.017,0.024,0.033,0.025,0.07,0.063,0.062,0.165,0.046,0.059,0.013,0.014,0.084,0.065,0.076
9,B2_2,0.039,0.014,0.068,0.072,0.117,0.081,0.122,0.031,0.07,0.056,0.031,0.039,0.117,0.088,0.039,0.015
9,B2_3,0.17,0.049,0.04,0.059,0.059,0.053,0.021,0.011,0.075,0.056,0.069,0.045,0.024,0.076,0.096,0.097
9,y1,0.095,0.014,0.072,0.028,0.11,0.04,0.075,0.052,0.059,0.071,0.048,0.036,0.059,0.041,0.116,0.084
9,y2,0.082,0.022,0.081,0.034,0.029,0.054,0.094,0.028,0.246,0.033,0.066,0.017,0.028,0.056,0.059,0.071
9,y3,0.123,0.019,0.035,0.096,0.079,0.124,0.101,0.037,0.083,0.043,0.042,0.031,0.051,0.039,0.053,0.042
10,.,0.189,0.013,0.053,0.046,0.045,0.12,0.055,0.029,0.095,0.056,0.052,0.032,0.059,0.052,0.058,0.047
10,A1_1,0.121,0.028,0.035,0.057,0.056,0.078,0.029,0.032,0.068,0.074,0.054,0.025,0.027,0.107,0.134,0.078
10,A1_2,0.055,0.012,0.067,0.037,0.1,0.064,0.094,0.047,0.071,0.089,0.041,0.041,0.08,0.12,0.058,0.024
10,A1_3,0.121,0.05,0.06,0.079,0.057,0.078,0.076,0.036,0.14,0.029,0.068,0.026,0.032,0.042,0.042,0.064
10,B1_1,0.138,0.017,0.054,0.032,0.085,0.082,0.075,0.049,0.075,0.065,0.071,0.033,0.072,0.065,0.046,0.04
10,B1_2,0.189,0.022,0.04,0.062,0.047,0.087,0.036,0.044,0.083,0.063,0.061,0.021,0.038,0.064,0.097,0.049
10,B1_3,0.118,0.02,0.045,0.024,0.061,0.039,0.05,0.029,0.095,0.103,0.06,0.033,0.035,0.141,0.079,0.068
10,A2_1,0.081,0.018,0.068,0.045,0.079,0.079,0.055,0.036,0.072,0.031,0.041,0.044,0.042,0.056,0.141,0.113
10,A2_2,0.192,0.037,0.046,0.043,0.017,0.052,0.026,0.04,0.149,0.059,0.078,0.012,0.017,0.059,0.104,0.069
10,A2_3,0.11,0.015,0.055,0.042,0.115,0.088,0.106,0.034,0.08,0.058,0.057,0.037,0.074,0.066,0.028,0.035
10,B2_1,0.198,0.017,0.023,0.032,0.024,0.069,0.06,0.061,0.158,0.045,0.058,0.013,0.013,0.084,0.065,0.078
10,B2_2,0.041,0.015,0.067,0.072,0.117,0.08,0.12,0.032,0.07,0.057,0.031,0.039,0.116,0.089,0.04,0.015
10,B2_3,0.176,0.048,0.039,0.057,0.059,0.053,0.021,0.011,0.073,0.054,0.068,0.046,0.024,0.076,0.097,0.099
10,y1,0.099,0.014,0.07,0.028,0.107,0.039,0.074,0.053,0.059,0.071,0.048,0.036,0.058,0.041,0.118,0.085
10,y2,0.089,0.022,0.08,0.033,0.028,0.053,0.093,0.028,0.241,0.033,0.067,0.017,0.028,0.056,0.059,0.073
10,y3,0.134,0.019,0.034,0.093,0.078,0.122,0.098,0.038,0.081,0.043,0.043,0.031,0.05,0.039,0.054,0.044
11,.,0.203,0.013,0.052,0.045,0.044,0.117,0.053,0.029,0.092,0.056,0.051,0.032,0.057,0.052,0.057,0.047
11,A1_1,0.125,0.028,0.034,0.055,0.055,0.075,0.028,0.032,0.066,0.073,0.054,0.024,0.026,0.108,0.135,0.081
11,A1_2,0.057,0.012,0.067,0.037,0.1,0.064,0.093,0.047,0.07,0.088,0.04,0.041,0.08,0.12,0.06,0.025
11,A1_3,0.127,0.049,0.059,0.077,0.057,0.077,0.074,0.036,0.137,0.029,0.068,0.026,0.032,0.042,0.043,0.066
11,B1_1,0.148,0.017,0.053,0.031,0.084,0.08,0.073,0.049,0.074,0.065,0.072,0.032,0.072,0.064,0.046,0.041
11,B1_2,0.202,0.022,0.038,0.059,0.045,0.084,0.034,0.043,0.081,0.062,0.061,0.02,0.036,0.064,0.098,0.051
11,B1_3,0.121,0.019,0.044,0.023,0.062,0.038,0.05,0.029,0.092,0.101,0.058,0.033,0.036,0.141,0.081,0.07
11,A2_1,0.084,0.018,0.067,0.044,0.078,0.076,0.053,0.035,0.071,0.031,0.041,0.044,0.04,0.056,0.144,0.118
11,A2_2,0.203,0.036,0.046,0.041,0.017,0.051,0.025,0.04,0.143,0.058,0.078,0.012,0.017,0.059,0.104,0.071
11,A2_3,0.117,0.015,0.054,0.041,0.113,0.087,0.104,0.034,0.08,0.058,0.057,0.036,0.073,0.066,0.029,0.036
11,B2_1,0.212,0.017,0.022,0.031,0.024,0.067,0.058,0.06,0.151,0.044,0.058,0.013,0.013,0.085,0.066,0.08
11,B2_2,0.043,0.015,0.067,0.071,0.118,0.079,0.118,0.032,0.069,0.057,0.031,0.039,0.115,0.09,0.042,0.016
11,B2_3,0.182,0.046,0.038,0.055,0.059,0.052,0.021,0.011,0.071,0.052,0.066,0.046,0.024,0.076,0.098,0.102
11,y1,0.102,0.014,0.07,0.028,0.105,0.039,0.073,0.053,0.058,0.071,0.049,0.036,0.057,0.041,0.119,0.087
11,y2,0.096,0.022,0.079,0.032,0.028,0.053,0.091,0.028,0.236,0.033,0.067,0.017,0.028,0.056,0.059,0.075
11,y3,0.144,0.019,0.033,0.09,0.077,0.119,0.096,0.038,0.079,0.044,0.043,0.03,0.05,0.039,0.054,0.045
12,.,0.216,0.013,0.051,0.044,0.043,0.114,0.051,0.028,0.09,0.055,0.051,0.031,0.055,0.052,0.057,0.048
12,A1_1,0.129,0.028,0.034,0.054,0.054,0.074,0.028,0.032,0.064,0.073,0.054,0.024,0.026,0.109,0.136,0.083
12,A1_2,0.059,0.012,0.066,0.037,0.099,0.064,0.092,0.048,0.068,0.086,0.04,0.041,0.079,0.121,0.061,0.026
12,A1_3,0.132,0.049,0.058,0.076,0.056,0.077,0.072,0.036,0.134,0.029,0.067,0.027,0.031,0.043,0.044,0.067
12,B1_1,0.157,0.017,0.053,0.031,0.082,0.079,0.071,0.05,0.072,0.064,0.072,0.032,0.071,0.062,0.046,0.042
12,B1_2,0.214,0.022,0.037,0.057,0.044,0.081,0.033,0.043,0.079,0.06,0.061,0.02,0.034,0.065,0.099,0.052
12,B1_3,0.124,0.019,0.044,0.024,0.062,0.038,0.049,0.029,0.089,0.099,0.057,0.034,0.036,0.142,0.083,0.071
12,A2_1,0.087,0.019,0.066,0.043,0.076,0.074,0.05,0.035,0.069,0.031,0.041,0.045,0.04,0.057,0.147,0.121
12,A2_2,0.216,0.036,0.045,0.039,0.017,0.05,0.024,0.04,0.137,0.056,0.077,0.012,0.017,0.058,0.104,0.072
12,A2_3,0.123,0.015,0.054,0.041,0.111,0.087,0.102,0.035,0.079,0.057,0.057,0.035,0.073,0.066,0.029,0.036
12,B2_1,0.227,0.016,0.021,0.03,0.023,0.066,0.055,0.06,0.145,0.042,0.057,0.013,0.012,0.085,0.066,0.082
12,B2_2,0.044,0.015,0.066,0.071,0.118,0.077,0.115,0.033,0.068,0.057,0.031,0.039,0.114,0.092,0.042,0.016
12,B2_3,0.188,0.045,0.038,0.054,0.059,0.051,0.021,0.011,0.069,0.051,0.065,0.046,0.023,0.076,0.099,0.105
12,y1,0.104,0.014,0.069,0.028,0.103,0.038,0.071,0.053,0.057,0.071,0.049,0.035,0.056,0.041,0.121,0.088
12,y2,0.103,0.022,0.078,0.032,0.028,0.053,0.09,0.028,0.232,0.032,0.067,0.017,0.028,0.055,0.059,0.076
12,y3,0.154,0.019,0.032,0.088,0.076,0.117,0.092,0.038,0.077,0.043,0.043,0.03,0.049,0.039,0.055,0.046
13,.,0.23,0.013,0.051,0.044,0.042,0.112,0.049,0.028,0.088,0.055,0.05,0.031,0.054,0.051,0.057,0.048
13,A1_1,0.133,0.028,0.033,0.053,0.053,0.072,0.027,0.032,0.063,0.072,0.054,0.024,0.025,0.11,0.138,0.084
13,A1_2,0.061,0.012,0.066,0.037,0.098,0.064,0.09,0.048,0.067,0.085,0.039,0.041,0.079,0.122,0.063,0.027
13,A1_3,0.137,0.049,0.057,0.075,0.056,0.075,0.071,0.035,0.132,0.029,0.067,0.027,0.031,0.043,0.045,0.069
13,B1_1,0.166,0.017,0.052,0.03,0.081,0.079,0.069,0.05,0.07,0.064,0.072,0.032,0.07,0.06,0.046,0.042
13,B1_2,0.227,0.021,0.035,0.054,0.042,0.079,0.031,0.042,0.076,0.059,0.06,0.019,0.033,0.066,0.101,0.054
13,B1_3,0.125,0.019,0.044,0.024,0.063,0.038,0.049,0.029,0.087,0.097,0.055,0.034,0.037,0.142,0.086,0.072
13,A2_1,0.09,0.019,0.065,0.042,0.074,0.072,0.048,0.034,0.068,0.031,0.042,0.045,0.038,0.057,0.15,0.125
13,A2_2,0.227,0.035,0.044,0.038,0.017,0.048,0.024,0.04,0.132,0.055,0.077,0.012,0.017,0.057,0.103,0.074
13,A2_3,0.13,0.015,0.053,0.04,0.108,0.086,0.1,0.036,0.079,0.057,0.057,0.035,0.072,0.066,0.029,0.036
13,B2_1,0.24,0.016,0.021,0.029,0.023,0.065,0.053,0.059,0.138,0.041,0.056,0.013,0.012,0.086,0.066,0.083
13,B2_2,0.045,0.015,0.066,0.071,0.118,0.076,0.113,0.033,0.067,0.057,0.031,0.039,0.114,0.093,0.044,0.016
13,B2_3,0.193,0.044,0.037,0.052,0.059,0.051,0.021,0.011,0.068,0.049,0.064,0.046,0.023,0.076,0.1,0.107
13,y1,0.106,0.014,0.068,0.028,0.101,0.038,0.07,0.053,0.057,0.071,0.049,0.035,0.056,0.041,0.123,0.089
13,y2,0.111,0.022,0.077,0.031,0.028,0.053,0.088,0.028,0.227,0.032,0.067,0.017,0.028,0.055,0.059,0.077
13,y3,0.162,0.019,0.032,0.086,0.076,0.114,0.09,0.039,0.076,0.044,0.043,0.03,0.048,0.04,0.055,0.047
14,.,0.242,0.013,0.05,0.043,0.04,0.109,0.047,0.028,0.086,0.054,0.05,0.03,0.052,0.051,0.056,0.048
14,A1_1,0.135,0.028,0.033,0.052,0.052,0.071,0.026,0.032,0.062,0.072,0.053,0.024,0.025,0.111,0.139,0.086
14,A1_2,0.063,0.012,0.066,0.036,0.097,0.064,0.088,0.048,0.066,0.084,0.039,0.042,0.079,0.124,0.064,0.028
14,A1_3,0.142,0.05,0.057,0.074,0.056,0.075,0.069,0.035,0.128,0.029,0.067,0.027,0.031,0.044,0.046,0.07
14,B1_1,0.175,0.017,0.052,0.03,0.079,0.078,0.066,0.051,0.069,0.063,0.072,0.032,0.069,0.059,0.045,0.042
14,B1_2,0.239,0.021,0.034,0.052,0.04,0.077,0.03,0.042,0.074,0.058,0.06,0.019,0.031,0.066,0.102,0.055
14,B1_3,0.127,0.018,0.043,0.024,0.064,0.038,0.048,0.029,0.084,0.095,0.054,0.035,0.037,0.144,0.087,0.072
14,A2_1,0.093,0.02,0.064,0.041,0.073,0.071,0.045,0.034,0.066,0.031,0.042,0.045,0.037,0.058,0.152,0.128
14,A2_2,0.24,0.035,0.044,0.036,0.017,0.048,0.023,0.04,0.125,0.054,0.076,0.012,0.016,0.057,0.102,0.075
14,A2_3,0.136,0.015,0.052,0.04,0.106,0.087,0.098,0.037,0.078,0.057,0.057,0.034,0.071,0.066,0.029,0.036
14,B2_1,0.255,0.016,0.02,0.028,0.022,0.064,0.05,0.059,0.131,0.039,0.055,0.013,0.012,0.086,0.065,0.084
14,B2_2,0.046,0.015,0.066,0.071,0.119,0.076,0.11,0.033,0.066,0.058,0.031,0.039,0.113,0.096,0.044,0.017
14,B2_3,0.198,0.043,0.036,0.051,0.059,0.051,0.02,0.011,0.065,0.048,0.063,0.046,0.023,0.076,0.1,0.109
14,y1,0.109,0.014,0.068,0.028,0.099,0.038,0.068,0.054,0.056,0.071,0.05,0.035,0.055,0.041,0.125,0.09
14,y2,0.119,0.022,0.076,0.031,0.028,0.054,0.086,0.028,0.22,0.032,0.067,0.017,0.029,0.055,0.059,0.078
14,y3,0.172,0.019,0.031,0.084,0.075,0.113,0.086,0.039,0.074,0.043,0.044,0.029,0.048,0.04,0.055,0.047
15,.,0.255,0.013,0.049,0.042,0.039,0.107,0.046,0.028,0.084,0.053,0.049,0.03,0.051,0.051,0.056,0.048
15,A1_1,0.137,0.029,0.033,0.051,0.051,0.069,0.025,0.032,0.06,0.071,0.053,0.024,0.024,0.112,0.14,0.088
15,A1_2,0.065,0.012,0.065,0.036,0.096,0.063,0.087,0.048,0.066,0.084,0.039,0.042,0.078,0.125,0.066,0.029
15,A1_3,0.146,0.05,0.056,0.073,0.057,0.074,0.069,0.035,0.126,0.029,0.067,0.027,0.03,0.044,0.046,0.071
15,B1_1,0.185,0.017,0.051,0.029,0.077,0.077,0.065,0.051,0.068,0.063,0.072,0.031,0.068,0.058,0.044,0.043
15,B1_2,0.25,0.021,0.033,0.05,0.039,0.074,0.028,0.042,0.072,0.057,0.059,0.018,0.03,0.068,0.102,0.057
15,B1_3,0.128,0.018,0.043,0.024,0.064,0.038,0.048,0.029,0.082,0.093,0.052,0.035,0.038,0.145,0.089,0.073
15,A2_1,0.095,0.02,0.063,0.04,0.071,0.069,0.043,0.033,0.065,0.031,0.042,0.046,0.036,0.059,0.154,0.131
15,A2_2,0.251,0.034,0.043,0.035,0.016,0.047,0.023,0.04,0.12,0.053,0.076,0.012,0.016,0.056,0.102,0.076
15,A2_3,0.142,0.015,0.051,0.04,0.104,0.086,0.096,0.037,0.078,0.057,0.058,0.034,0.071,0.066,0.029,0.037
15,B2_1,0.269,0.016,0.019,0.027,0.022,0.063,0.047,0.058,0.125,0.038,0.054,0.013,0.011,0.086,0.065,0.086
15,B2_2,0.046,0.016,0.066,0.07,0.119,0.074,0.108,0.034,0.066,0.058,0.031,0.039,0.112,0.098,0.045,0.017
15,B2_3,0.203,0.042,0.036,0.05,0.059,0.051,0.02,0.011,0.064,0.046,0.061,0.047,0.023,0.076,0.1,0.111
15,y1,0.111,0.015,0.067,0.028,0.097,0.037,0.066,0.054,0.056,0.072,0.05,0.035,0.055,0.041,0.126,0.091
15,y2,0.126,0.022,0.075,0.03,0.028,0.054,0.085,0.028,0.216,0.031,0.067,0.017,0.029,0.055,0.058,0.079
15,y3,0.18,0.019,0.031,0.082,0.074,0.111,0.084,0.039,0.072,0.043,0.044,0.029,0.047,0.04,0.056,0.048
16,.,0.266,0.013,0.048,0.042,0.038,0.104,0.044,0.028,0.082,0.053,0.049,0.029,0.05,0.05,0.056,0.049
16,A1_1,0.138,0.029,0.033,0.05,0.051,0.067,0.025,0.031,0.059,0.071,0.053,0.024,0.024,0.113,0.142,0.089
16,A1_2,0.067,0.012,0.065,0.036,0.094,0.063,0.086,0.048,0.065,0.083,0.039,0.042,0.077,0.127,0.067,0.03
16,A1_3,0.149,0.05,0.056,0.072,0.057,0.074,0.068,0.035,0.123,0.029,0.067,0.028,0.03,0.045,0.047,0.072
16,B1_1,0.194,0.017,0.051,0.029,0.075,0.077,0.063,0.051,0.067,0.062,0.072,0.031,0.067,0.056,0.044,0.043
16,B1_2,0.259,0.021,0.032,0.048,0.038,0.072,0.027,0.041,0.07,0.057,0.059,0.018,0.029,0.069,0.103,0.058
16,B1_3,0.128,0.018,0.043,0.024,0.065,0.038,0.047,0.029,0.08,0.092,0.051,0.035,0.038,0.146,0.091,0.074
16,A2_1,0.096,0.02,0.062,0.04,0.07,0.068,0.042,0.032,0.063,0.031,0.042,0.046,0.035,0.06,0.157,0.135
16,A2_2,0.261,0.034,0.043,0.034,0.016,0.046,0.022,0.04,0.115,0.052,0.075,0.012,0.016,0.056,0.101,0.077
16,A2_3,0.147,0.015,0.051,0.04,0.102,0.085,0.095,0.037,0.078,0.057,0.058,0.034,0.07,0.066,0.029,0.037
16,B2_1,0.281,0.016,0.019,0.026,0.021,0.061,0.045,0.057,0.12,0.037,0.053,0.013,0.011,0.087,0.065,0.087
16,B2_2,0.047,0.016,0.066,0.071,0.118,0.074,0.106,0.034,0.065,0.058,0.031,0.039,0.112,0.1,0.046,0.017
16,B2_3,0.207,0.041,0.036,0.049,0.059,0.051,0.02,0.011,0.062,0.045,0.06,0.047,0.023,0.077,0.1,0.112
16,y1,0.113,0.015,0.067,0.028,0.095,0.037,0.065,0.054,0.055,0.072,0.05,0.034,0.054,0.042,0.127,0.092
16,y2,0.133,0.022,0.074,0.03,0.028,0.054,0.084,0.028,0.211,0.031,0.067,0.018,0.029,0.055,0.058,0.079
16,y3,0.187,0.02,0.03,0.082,0.073,0.11,0.082,0.039,0.071,0.043,0.043,0.029,0.046,0.041,0.056,0.049
17,.,0.278,0.013,0.047,0.041,0.037,0.102,0.043,0.027,0.08,0.052,0.048,0.029,0.048,0.05,0.055,0.049
17,A1_1,0.138,0.029,0.032,0.05,0.05,0.066,0.024,0.031,0.059,0.071,0.053,0.024,0.024,0.115,0.142,0.091
17,A1_2,0.068,0.012,0.065,0.036,0.093,0.063,0.084,0.048,0.064,0.082,0.039,0.042,0.076,0.128,0.069,0.03
17,A1_3,0.153,0.05,0.055,0.071,0.057,0.073,0.066,0.034,0.121,0.029,0.067,0.028,0.03,0.046,0.048,0.073
17,B1_1,0.202,0.018,0.051,0.029,0.074,0.076,0.061,0.052,0.066,0.062,0.072,0.031,0.067,0.055,0.043,0.043
17,B1_2,0.269,0.021,0.031,0.046,0.036,0.07,0.026,0.041,0.068,0.056,0.059,0.017,0.028,0.07,0.104,0.059
17,B1_3,0.127,0.018,0.043,0.025,0.066,0.038,0.047,0.03,0.078,0.091,0.05,0.036,0.039,0.147,0.092,0.074
17,A2_1,0.098,0.021,0.061,0.039,0.068,0.067,0.04,0.032,0.062,0.031,0.042,0.046,0.035,0.061,0.159,0.138
17,A2_2,0.271,0.034,0.042,0.032,0.016,0.045,0.022,0.04,0.11,0.052,0.074,0.012,0.016,0.055,0.1,0.078
17,A2_3,0.152,0.015,0.05,0.04,0.1,0.085,0.093,0.038,0.078,0.056,0.058,0.033,0.069,0.066,0.029,0.037
17,B2_1,0.294,0.016,0.018,0.026,0.021,0.06,0.043,0.056,0.114,0.036,0.052,0.013,0.011,0.088,0.065,0.088
17,B2_2,0.046,0.016,0.066,0.071,0.118,0.073,0.104,0.034,0.064,0.059,0.031,0.039,0.111,0.102,0.047,0.017
17,B2_3,0.212,0.04,0.035,0.048,0.058,0.051,0.02,0.011,0.06,0.044,0.059,0.047,0.023,0.077,0.101,0.113
17,y1,0.115,0.015,0.066,0.028,0.093,0.037,0.063,0.054,0.054,0.072,0.05,0.034,0.054,0.042,0.129,0.093
17,y2,0.141,0.022,0.073,0.029,0.028,0.054,0.082,0.028,0.205,0.031,0.067,0.018,0.029,0.056,0.058,0.08
17,y3,0.194,0.02,0.03,0.08,0.072,0.109,0.079,0.04,0.069,0.043,0.044,0.029,0.046,0.041,0.056,0.05
18,.,0.288,0.013,0.047,0.04,0.036,0.1,0.042,0.027,0.078,0.052,0.047,0.028,0.047,0.05,0.055,0.049
18,A1_1,0.138,0.029,0.032,0.049,0.05,0.065,0.024,0.031,0.058,0.07,0.053,0.025,0.023,0.116,0.144,0.092
18,A1_2,0.069,0.012,0.065,0.036,0.092,0.063,0.083,0.048,0.064,0.082,0.039,0.042,0.075,0.13,0.07,0.031
18,A1_3,0.155,0.05,0.055,0.07,0.057,0.073,0.065,0.034,0.118,0.029,0.067,0.028,0.03,0.046,0.049,0.074
18,B1_1,0.212,0.018,0.05,0.029,0.071,0.075,0.059,0.052,0.065,0.062,0.072,0.03,0.066,0.053,0.043,0.043
18,B1_2,0.274,0.021,0.03,0.045,0.035,0.068,0.025,0.04,0.067,0.055,0.058,0.017,0.027,0.071,0.105,0.061
18,B1_3,0.127,0.018,0.043,0.025,0.066,0.038,0.047,0.029,0.076,0.089,0.048,0.036,0.039,0.148,0.095,0.075
18,A2_1,0.099,0.021,0.061,0.038,0.067,0.065,0.038,0.031,0.06,0.031,0.043,0.047,0.034,0.061,0.162,0.141
18,A2_2,0.281,0.033,0.042,0.032,0.016,0.045,0.021,0.04,0.106,0.051,0.073,0.011,0.016,0.054,0.1,0.079
18,A2_3,0.157,0.016,0.05,0.04,0.098,0.085,0.091,0.038,0.077,0.056,0.058,0.033,0.069,0.067,0.029,0.037
18,B2_1,0.303,0.016,0.018,0.025,0.02,0.059,0.041,0.055,0.11,0.036,0.051,0.013,0.011,0.088,0.066,0.089
18,B2_2,0.046,0.017,0.066,0.072,0.118,0.072,0.102,0.034,0.064,0.059,0.031,0.04,0.11,0.104,0.048,0.018
18,B2_3,0.214,0.04,0.035,0.048,0.058,0.051,0.019,0.011,0.059,0.043,0.058,0.048,0.023,0.077,0.102,0.115
18,y1,0.117,0.015,0.066,0.028,0.091,0.037,0.061,0.054,0.054,0.073,0.051,0.034,0.053,0.042,0.129,0.094
18,y2,0.147,0.022,0.072,0.029,0.028,0.054,0.081,0.028,0.201,0.031,0.067,0.018,0.029,0.056,0.058,0.08
18,y3,0.2,0.02,0.029,0.079,0.071,0.107,0.077,0.04,0.068,0.043,0.043,0.029,0.045,0.041,0.057,0.051
19,.,0.299,0.013,0.046,0.04,0.035,0.098,0.04,0.027,0.077,0.051,0.047,0.028,0.046,0.049,0.054,0.049
19,A1_1,0.137,0.03,0.032,0.049,0.049,0.064,0.023,0.031,0.057,0.07,0.052,0.025,0.023,0.118,0.146,0.093
19,A1_2,0.07,0.012,0.065,0.036,0.091,0.063,0.081,0.048,0.063,0.081,0.038,0.042,0.075,0.132,0.072,0.032
19,A1_3,0.158,0.05,0.055,0.069,0.057,0.072,0.064,0.034,0.115,0.029,0.067,0.029,0.03,0.047,0.049,0.075
19,B1_1,0.22,0.018,0.05,0.029,0.07,0.075,0.058,0.052,0.064,0.061,0.072,0.03,0.065,0.052,0.042,0.043
19,B1_2,0.28,0.021,0.029,0.044,0.034,0.067,0.024,0.04,0.065,0.055,0.058,0.017,0.026,0.073,0.106,0.062
19,B1_3,0.125,0.018,0.043,0.026,0.067,0.038,0.046,0.029,0.074,0.088,0.047,0.037,0.04,0.15,0.097,0.075
19,A2_1,0.1,0.022,0.06,0.038,0.066,0.064,0.036,0.03,0.059,0.031,0.043,0.048,0.033,0.062,0.164,0.144
19,A2_2,0.291,0.033,0.042,0.031,0.016,0.044,0.02,0.04,0.102,0.05,0.073,0.011,0.016,0.054,0.099,0.079
19,A2_3,0.162,0.016,0.049,0.04,0.096,0.085,0.089,0.039,0.077,0.056,0.058,0.033,0.068,0.067,0.029,0.037
19,B2_1,0.312,0.016,0.017,0.025,0.02,0.058,0.039,0.055,0.106,0.035,0.05,0.013,0.01,0.089,0.066,0.089
19,B2_2,0.046,0.017,0.067,0.072,0.117,0.072,0.099,0.034,0.063,0.059,0.031,0.04,0.11,0.107,0.049,0.018
19,B2_3,0.218,0.039,0.035,0.047,0.058,0.051,0.019,0.01,0.057,0.042,0.058,0.048,0.023,0.078,0.102,0.117
19,y1,0.118,0.016,0.065,0.028,0.089,0.037,0.06,0.055,0.054,0.073,0.051,0.034,0.053,0.043,0.13,0.094
19,y2,0.154,0.022,0.072,0.029,0.028,0.055,0.08,0.028,0.196,0.03,0.067,0.018,0.029,0.056,0.057,0.08
19,y3,0.206,0.02,0.029,0.078,0.07,0.106,0.074,0.04,0.067,0.043,0.043,0.029,0.044,0.042,0.057,0.051
20,.,0.309,0.013,0.045,0.039,0.035,0.096,0.039,0.027,0.075,0.051,0.046,0.028,0.045,0.049,0.054,0.049
20,A1_1,0.136,0.03,0.032,0.049,0.049,0.063,0.023,0.031,0.057,0.07,0.052,0.025,0.023,0.119,0.147,0.094
20,A1_2,0.07,0.012,0.065,0.036,0.09,0.062,0.08,0.048,0.063,0.08,0.038,0.042,0.074,0.133,0.073,0.033
20,A1_3,0.161,0.05,0.054,0.068,0.057,0.072,0.063,0.033,0.113,0.029,0.067,0.029,0.03,0.047,0.049,0.076
20,B1_1,0.228,0.018,0.049,0.029,0.068,0.075,0.057,0.053,0.063,0.061,0.072,0.03,0.065,0.051,0.041,0.043
20,B1_2,0.286,0.021,0.029,0.043,0.033,0.065,0.023,0.039,0.064,0.054,0.057,0.017,0.025,0.074,0.107,0.063
20,B1_3,0.124,0.018,0.044,0.026,0.067,0.038,0.046,0.029,0.073,0.087,0.046,0.037,0.04,0.151,0.098,0.076
20,A2_1,0.101,0.022,0.059,0.037,0.065,0.063,0.035,0.03,0.057,0.031,0.043,0.048,0.032,0.063,0.165,0.147
20,A2_2,0.298,0.032,0.042,0.03,0.016,0.043,0.02,0.04,0.099,0.049,0.072,0.011,0.016,0.054,0.099,0.08
20,A2_3,0.167,0.016,0.049,0.04,0.094,0.085,0.086,0.04,0.077,0.056,0.058,0.032,0.067,0.067,0.028,0.037
20,B2_1,0.32,0.016,0.017,0.024,0.02,0.057,0.038,0.054,0.102,0.034,0.05,0.012,0.01,0.091,0.066,0.09
20,B2_2,0.045,0.017,0.067,0.072,0.117,0.071,0.097,0.034,0.062,0.06,0.031,0.04,0.109,0.108,0.05,0.018
20,B2_3,0.221,0.039,0.034,0.046,0.058,0.051,0.019,0.01,0.056,0.041,0.057,0.048,0.022,0.078,0.102,0.118
20,y1,0.12,0.016,0.065,0.028,0.087,0.037,0.059,0.055,0.053,0.074,0.051,0.033,0.053,0.043,0.13,0.094
20,y2,0.16,0.022,0.071,0.029,0.028,0.055,0.078,0.028,0.192,0.03,0.067,0.018,0.029,0.056,0.057,0.081
20,y3,0.212,0.02,0.029,0.078,0.069,0.105,0.072,0.04,0.065,0.043,0.043,0.028,0.044,0.042,0.058,0.052
21,.,0.318,0.013,0.045,0.039,0.034,0.094,0.038,0.026,0.074,0.051,0.046,0.027,0.044,0.049,0.054,0.049
21,A1_1,0.135,0.031,0.033,0.049,0.048,0.062,0.023,0.031,0.056,0.07,0.052,0.025,0.023,0.12,0.147,0.095
21,A1_2,0.071,0.013,0.065,0.036,0.088,0.062,0.079,0.048,0.062,0.08,0.038,0.043,0.073,0.134,0.075,0.034
21,A1_3,0.163,0.05,0.054,0.067,0.057,0.071,0.063,0.033,0.112,0.029,0.067,0.029,0.03,0.048,0.05,0.077
21,B1_1,0.236,0.018,0.049,0.028,0.067,0.074,0.056,0.053,0.062,0.06,0.072,0.029,0.064,0.049,0.04,0.042
21,B1_2,0.291,0.021,0.028,0.042,0.032,0.063,0.022,0.039,0.062,0.053,0.057,0.016,0.024,0.075,0.108,0.064
21,B1_3,0.122,0.018,0.044,0.026,0.068,0.038,0.046,0.03,0.071,0.086,0.045,0.038,0.041,0.153,0.1,0.076
21,A2_1,0.102,0.023,0.059,0.036,0.063,0.062,0.034,0.029,0.056,0.031,0.043,0.048,0.032,0.064,0.166,0.15
21,A2_2,0.306,0.032,0.041,0.029,0.016,0.043,0.02,0.04,0.095,0.048,0.071,0.011,0.016,0.053,0.098,0.08
21,A2_3,0.172,0.016,0.049,0.04,0.091,0.085,0.085,0.04,0.077,0.056,0.059,0.032,0.066,0.067,0.028,0.037
21,B2_1,0.327,0.016,0.017,0.024,0.019,0.056,0.036,0.054,0.098,0.033,0.049,0.012,0.01,0.091,0.066,0.091
21,B2_2,0.045,0.018,0.068,0.072,0.116,0.071,0.096,0.034,0.062,0.06,0.031,0.04,0.109,0.11,0.05,0.019
21,B2_3,0.223,0.039,0.034,0.046,0.058,0.051,0.019,0.01,0.054,0.04,0.056,0.048,0.022,0.079,0.102,0.119
21,y1,0.122,0.016,0.065,0.028,0.085,0.037,0.058,0.056,0.053,0.074,0.052,0.033,0.052,0.043,0.13,0.094
21,y2,0.166,0.022,0.07,0.029,0.028,0.055,0.078,0.027,0.187,0.03,0.066,0.018,0.03,0.056,0.056,0.08
21,y3,0.218,0.02,0.028,0.077,0.068,0.103,0.07,0.041,0.065,0.043,0.043,0.028,0.043,0.042,0.058,0.052
22,.,0.327,0.014,0.044,0.039,0.033,0.092,0.037,0.026,0.072,0.05,0.045,0.027,0.043,0.049,0.054,0.049
22,A1_1,0.133,0.031,0.033,0.049,0.048,0.061,0.022,0.031,0.055,0.07,0.052,0.025,0.023,0.122,0.148,0.096
22,A1_2,0.071,0.013,0.065,0.036,0.087,0.062,0.077,0.048,0.061,0.079,0.038,0.043,0.073,0.136,0.076,0.035
22,A1_3,0.165,0.051,0.053,0.067,0.057,0.071,0.062,0.033,0.109,0.029,0.067,0.029,0.03,0.049,0.05,0.078
22,B1_1,0.242,0.018,0.049,0.028,0.066,0.074,0.054,0.053,0.061,0.059,0.072,0.029,0.064,0.048,0.04,0.042
22,B1_2,0.296,0.022,0.028,0.041,0.031,0.062,0.021,0.039,0.061,0.053,0.057,0.016,0.023,0.077,0.109,0.065
22,B1_3,0.118,0.018,0.045,0.027,0.069,0.038,0.046,0.03,0.069,0.085,0.044,0.039,0.042,0.156,0.1,0.076
22,A2_1,0.104,0.024,0.058,0.036,0.062,0.062,0.033,0.029,0.055,0.031,0.043,0.049,0.031,0.065,0.167,0.153
22,A2_2,0.313,0.032,0.041,0.029,0.016,0.043,0.019,0.04,0.091,0.048,0.071,0.011,0.016,0.053,0.097,0.08
22,A2_3,0.177,0.017,0.048,0.04,0.089,0.086,0.082,0.041,0.076,0.056,0.059,0.032,0.066,0.067,0.028,0.037
22,B2_1,0.334,0.016,0.016,0.024,0.019,0.056,0.035,0.054,0.094,0.033,0.048,0.012,0.01,0.093,0.067,0.091
22,B2_2,0.044,0.018,0.068,0.072,0.116,0.07,0.093,0.034,0.06,0.06,0.031,0.04,0.108,0.113,0.051,0.019
22,B2_3,0.225,0.038,0.034,0.045,0.058,0.052,0.019,0.01,0.053,0.039,0.055,0.049,0.023,0.079,0.101,0.12
22,y1,0.123,0.017,0.065,0.028,0.083,0.037,0.057,0.057,0.052,0.075,0.052,0.033,0.052,0.044,0.131,0.094
22,y2,0.171,0.022,0.07,0.029,0.029,0.056,0.076,0.027,0.182,0.03,0.066,0.019,0.03,0.057,0.056,0.08
22,y3,0.224,0.021,0.028,0.076,0.066,0.103,0.068,0.041,0.063,0.042,0.043,0.028,0.043,0.043,0.058,0.053
23,.,0.335,0.014,0.044,0.038,0.032,0.09,0.036,0.026,0.071,0.05,0.044,0.027,0.042,0.048,0.053,0.05
23,A1_1,0.131,0.032,0.033,0.049,0.048,0.06,0.022,0.031,0.055,0.07,0.052,0.026,0.022,0.123,0.149,0.097
23,A1_2,0.072,0.013,0.065,0.036,0.086,0.062,0.076,0.047,0.061,0.079,0.038,0.043,0.072,0.138,0.077,0.036
23,A1_3,0.165,0.051,0.053,0.067,0.058,0.071,0.062,0.032,0.108,0.028,0.067,0.03,0.03,0.049,0.051,0.078
23,B1_1,0.253,0.018,0.048,0.028,0.063,0.074,0.053,0.053,0.06,0.059,0.072,0.029,0.062,0.047,0.039,0.042
23,B1_2,0.297,0.022,0.027,0.04,0.031,0.061,0.021,0.038,0.06,0.053,0.056,0.016,0.023,0.079,0.109,0.066
23,B1_3,0.116,0.018,0.045,0.027,0.069,0.038,0.045,0.029,0.068,0.084,0.043,0.039,0.042,0.157,0.103,0.077
23,A2_1,0.103,0.024,0.058,0.035,0.061,0.061,0.032,0.028,0.054,0.031,0.044,0.049,0.031,0.066,0.169,0.156
23,A2_2,0.322,0.031,0.041,0.028,0.015,0.042,0.019,0.04,0.089,0.047,0.07,0.011,0.016,0.053,0.096,0.08
23,A2_3,0.181,0.017,0.048,0.04,0.087,0.086,0.081,0.041,0.076,0.056,0.059,0.031,0.065,0.068,0.028,0.037
23,B2_1,0.339,0.016,0.016,0.023,0.019,0.055,0.034,0.053,0.091,0.032,0.047,0.012,0.01,0.094,0.067,0.092
23,B2_2,0.043,0.019,0.069,0.073,0.115,0.069,0.092,0.034,0.06,0.061,0.031,0.041,0.107,0.115,0.052,0.019
23,B2_3,0.227,0.038,0.034,0.045,0.057,0.052,0.019,0.01,0.052,0.038,0.055,0.049,0.023,0.08,0.102,0.12
23,y1,0.125,0.017,0.065,0.028,0.082,0.037,0.055,0.057,0.052,0.076,0.053,0.033,0.052,0.044,0.13,0.095
23,y2,0.176,0.022,0.069,0.029,0.029,0.057,0.076,0.027,0.179,0.03,0.066,0.019,0.031,0.057,0.055,0.079
23,y3,0.227,0.021,0.028,0.076,0.065,0.102,0.066,0.041,0.062,0.042,0.043,0.028,0.042,0.043,0.059,0.054
24,.,0.344,0.014,0.043,0.038,0.032,0.088,0.036,0.026,0.07,0.049,0.044,0.027,0.041,0.048,0.053,0.05
24,A1_1,0.13,0.032,0.033,0.049,0.047,0.06,0.022,0.031,0.055,0.069,0.052,0.026,0.022,0.125,0.149,0.098
24,A1_2,0.072,0.013,0.066,0.035,0.085,0.062,0.075,0.047,0.06,0.079,0.038,0.043,0.071,0.139,0.079,0.037
24,A1_3,0.166,0.051,0.053,0.066,0.058,0.071,0.061,0.032,0.106,0.028,0.067,0.03,0.03,0.05,0.051,0.079
24,B1_1,0.262,0.018,0.048,0.028,0.062,0.073,0.052,0.053,0.059,0.058,0.071,0.028,0.062,0.045,0.038,0.041
24,B1_2,0.299,0.022,0.027,0.039,0.03,0.06,0.02,0.038,0.059,0.053,0.056,0.016,0.022,0.081,0.11,0.067
24,B1_3,0.113,0.018,0.046,0.028,0.069,0.038,0.045,0.029,0.066,0.082,0.042,0.04,0.043,0.159,0.104,0.077
24,A2_1,0.104,0.025,0.057,0.035,0.06,0.06,0.031,0.028,0.053,0.031,0.044,0.049,0.03,0.067,0.169,0.159
24,A2_2,0.328,0.031,0.041,0.028,0.015,0.042,0.019,0.04,0.086,0.047,0.069,0.011,0.016,0.052,0.095,0.079
