,,.,A1_1,A1_2,A1_3,B1_1,B1_2,B1_3,A2_1,A2_2,A2_3,B2_1,B2_2,B2_3,y1,y2,y3
0,.,1.0,0.306,-0.003,-0.112,0.477,0.55,0.172,-0.084,0.01,0.178,0.237,0.249,0.261,0.688,0.572,0.364
0,A1_1,0.306,1.0,0.49,0.651,0.655,0.447,0.486,0.628,0.183,0.625,0.558,0.676,0.558,0.081,-0.019,0.421
0,A1_2,-0.003,0.49,1.0,0.534,0.512,0.416,0.672,0.519,0.627,0.776,0.502,0.781,0.518,-0.174,-0.205,0.026
0,A1_3,-0.112,0.651,0.534,1.0,0.554,0.232,0.443,0.676,0.279,0.746,0.615,0.679,0.428,0.116,0.065,0.472
0,B1_1,0.477,0.655,0.512,0.554,1.0,0.749,0.701,0.524,0.539,0.765,0.554,0.668,0.597,0.447,0.22,0.612
0,B1_2,0.55,0.447,0.416,0.232,0.749,1.0,0.346,0.149,0.479,0.531,0.192,0.42,0.431,0.518,0.109,0.536
0,B1_3,0.172,0.486,0.672,0.443,0.701,0.346,1.0,0.617,0.653,0.707,0.633,0.648,0.521,0.037,-0.064,-0.009
0,A2_1,-0.084,0.628,0.519,0.676,0.524,0.149,0.617,1.0,0.573,0.624,0.294,0.572,0.18,-0.18,-0.073,0.261
0,A2_2,0.01,0.183,0.627,0.279,0.539,0.479,0.653,0.573,1.0,0.622,0.146,0.51,0.304,-0.045,-0.231,0.021
0,A2_3,0.178,0.625,0.776,0.746,0.765,0.531,0.707,0.624,0.622,1.0,0.645,0.892,0.567,0.21,0.07,0.378
0,B2_1,0.237,0.558,0.502,0.615,0.554,0.192,0.633,0.294,0.146,0.645,1.0,0.721,0.741,0.321,0.043,0.055
0,B2_2,0.249,0.676,0.781,0.679,0.668,0.42,0.648,0.572,0.51,0.892,0.721,1.0,0.648,0.141,0.09,0.168
0,B2_3,0.261,0.558,0.518,0.428,0.597,0.431,0.521,0.18,0.304,0.567,0.741,0.648,1.0,0.305,0.015,0.127
0,y1,0.688,0.081,-0.174,0.116,0.447,0.518,0.037,-0.18,-0.045,0.21,0.321,0.141,0.305,1.0,0.668,0.501
0,y2,0.572,-0.019,-0.205,0.065,0.22,0.109,-0.064,-0.073,-0.231,0.07,0.043,0.09,0.015,0.668,1.0,0.479
0,y3,0.364,0.421,0.026,0.472,0.612,0.536,-0.009,0.261,0.021,0.378,0.055,0.168,0.127,0.501,0.479,1.0
1,.,1.0,0.313,-0.004,-0.115,0.483,0.557,0.185,-0.095,-0.004,0.18,0.242,0.254,0.264,0.674,0.556,0.353
1,A1_1,0.313,1.0,0.478,0.639,0.639,0.437,0.478,0.611,0.166,0.609,0.551,0.658,0.531,0.074,-0.027,0.408
1,A1_2,-0.004,0.478,1.0,0.525,0.504,0.401,0.669,0.515,0.627,0.776,0.5,0.771,0.515,-0.183,-0.224,0.005
1,A1_3,-0.115,0.639,0.525,1.0,0.537,0.214,0.44,0.666,0.274,0.736,0.614,0.666,0.41,0.112,0.065,0.459
1,B1_1,0.483,0.639,0.504,0.537,1.0,0.742,0.714,0.504,0.535,0.759,0.558,0.665,0.595,0.449,0.212,0.578
1,B1_2,0.557,0.437,0.401,0.214,0.742,1.0,0.349,0.122,0.456,0.523,0.189,0.407,0.413,0.521,0.096,0.522
1,B1_3,0.185,0.478,0.669,0.44,0.714,0.349,1.0,0.607,0.647,0.708,0.634,0.649,0.537,0.064,-0.057,-0.017
1,A2_1,-0.095,0.611,0.515,0.666,0.504,0.122,0.607,1.0,0.584,0.615,0.282,0.559,0.169,-0.19,-0.086,0.234
1,A2_2,-0.004,0.166,0.627,0.274,0.535,0.456,0.647,0.584,1.0,0.62,0.134,0.501,0.307,-0.053,-0.245,0.001
1,A2_3,0.18,0.609,0.776,0.736,0.759,0.523,0.708,0.615,0.62,1.0,0.642,0.887,0.56,0.205,0.066,0.358
1,B2_1,0.242,0.551,0.5,0.614,0.558,0.189,0.634,0.282,0.134,0.642,1.0,0.726,0.747,0.327,0.053,0.042
1,B2_2,0.254,0.658,0.771,0.666,0.665,0.407,0.649,0.559,0.501,0.887,0.726,1.0,0.643,0.132,0.082,0.131
1,B2_3,0.264,0.531,0.515,0.41,0.595,0.413,0.537,0.169,0.307,0.56,0.747,0.643,1.0,0.308,0.011,0.091
1,y1,0.674,0.074,-0.183,0.112,0.449,0.521,0.064,-0.19,-0.053,0.205,0.327,0.132,0.308,1.0,0.658,0.494
1,y2,0.556,-0.027,-0.224,0.065,0.212,0.096,-0.057,-0.086,-0.245,0.066,0.053,0.082,0.011,0.658,1.0,0.475
1,y3,0.353,0.408,0.005,0.459,0.578,0.522,-0.017,0.234,0.001,0.358,0.042,0.131,0.091,0.494,0.475,1.0
2,.,1.0,0.321,-0.004,-0.115,0.489,0.565,0.196,-0.101,-0.02,0.179,0.244,0.256,0.267,0.661,0.541,0.346
2,A1_1,0.321,1.0,0.468,0.629,0.625,0.429,0.471,0.597,0.15,0.593,0.544,0.641,0.508,0.074,-0.03,0.402
2,A1_2,-0.004,0.468,1.0,0.52,0.498,0.386,0.666,0.513,0.626,0.777,0.503,0.765,0.515,-0.191,-0.24,-0.012
2,A1_3,-0.115,0.629,0.52,1.0,0.523,0.199,0.439,0.66,0.272,0.729,0.613,0.655,0.396,0.112,0.068,0.448
2,B1_1,0.489,0.625,0.498,0.523,1.0,0.734,0.726,0.491,0.531,0.753,0.562,0.664,0.596,0.453,0.206,0.549
2,B1_2,0.565,0.429,0.386,0.199,0.734,1.0,0.351,0.099,0.43,0.512,0.187,0.396,0.399,0.524,0.087,0.512
2,B1_3,0.196,0.471,0.666,0.439,0.726,0.351,1.0,0.599,0.641,0.71,0.636,0.652,0.553,0.087,-0.049,-0.022
2,A2_1,-0.101,0.597,0.513,0.66,0.491,0.099,0.599,1.0,0.595,0.61,0.275,0.55,0.166,-0.195,-0.093,0.212
2,A2_2,-0.02,0.15,0.626,0.272,0.531,0.43,0.641,0.595,1.0,0.619,0.125,0.495,0.31,-0.065,-0.257,-0.016
2,A2_3,0.179,0.593,0.777,0.729,0.753,0.512,0.71,0.61,0.619,1.0,0.641,0.883,0.556,0.198,0.062,0.34
2,B2_1,0.244,0.544,0.503,0.613,0.562,0.187,0.636,0.275,0.125,0.641,1.0,0.731,0.752,0.331,0.062,0.034
2,B2_2,0.256,0.641,0.765,0.655,0.664,0.396,0.652,0.55,0.495,0.883,0.731,1.0,0.64,0.122,0.073,0.1
2,B2_3,0.267,0.508,0.515,0.396,0.596,0.399,0.553,0.166,0.31,0.556,0.752,0.64,1.0,0.309,0.008,0.065
2,y1,0.661,0.074,-0.191,0.112,0.453,0.524,0.087,-0.195,-0.065,0.198,0.331,0.122,0.309,1.0,0.649,0.492
2,y2,0.541,-0.03,-0.24,0.068,0.206,0.087,-0.049,-0.093,-0.257,0.062,0.062,0.073,0.008,0.649,1.0,0.473
2,y3,0.346,0.402,-0.012,0.448,0.549,0.512,-0.022,0.212,-0.016,0.34,0.034,0.1,0.065,0.492,0.473,1.0
3,.,1.0,0.331,-0.002,-0.113,0.495,0.57,0.209,-0.103,-0.035,0.181,0.248,0.262,0.27,0.648,0.529,0.343
3,A1_1,0.331,1.0,0.461,0.622,0.61,0.423,0.466,0.586,0.142,0.583,0.539,0.627,0.485,0.073,-0.032,0.395
3,A1_2,-0.002,0.461,1.0,0.516,0.491,0.376,0.664,0.51,0.626,0.777,0.505,0.759,0.517,-0.193,-0.251,-0.025
3,A1_3,-0.113,0.622,0.516,1.0,0.511,0.188,0.441,0.655,0.275,0.725,0.614,0.646,0.383,0.113,0.07,0.437
3,B1_1,0.495,0.61,0.491,0.511,1.0,0.729,0.739,0.479,0.528,0.748,0.567,0.662,0.6,0.457,0.204,0.522
3,B1_2,0.57,0.423,0.376,0.188,0.729,1.0,0.358,0.08,0.407,0.505,0.19,0.39,0.391,0.53,0.081,0.502
3,B1_3,0.209,0.466,0.664,0.441,0.739,0.358,1.0,0.592,0.637,0.713,0.638,0.656,0.569,0.109,-0.04,-0.023
3,A2_1,-0.103,0.586,0.51,0.655,0.479,0.08,0.592,1.0,0.609,0.605,0.27,0.541,0.164,-0.197,-0.099,0.192
3,A2_2,-0.035,0.142,0.626,0.275,0.528,0.407,0.637,0.609,1.0,0.618,0.12,0.49,0.317,-0.074,-0.265,-0.03
3,A2_3,0.181,0.583,0.777,0.725,0.748,0.505,0.713,0.605,0.618,1.0,0.643,0.881,0.556,0.196,0.06,0.325
3,B2_1,0.248,0.539,0.505,0.614,0.567,0.19,0.638,0.27,0.12,0.643,1.0,0.736,0.755,0.334,0.07,0.028
3,B2_2,0.262,0.627,0.759,0.646,0.662,0.39,0.656,0.541,0.49,0.881,0.736,1.0,0.639,0.116,0.069,0.074
3,B2_3,0.27,0.485,0.517,0.383,0.6,0.391,0.569,0.164,0.317,0.556,0.755,0.639,1.0,0.308,0.006,0.041
3,y1,0.648,0.073,-0.193,0.113,0.457,0.53,0.109,-0.197,-0.074,0.196,0.334,0.116,0.308,1.0,0.64,0.493
3,y2,0.529,-0.032,-0.251,0.07,0.204,0.081,-0.04,-0.099,-0.265,0.06,0.07,0.069,0.006,0.64,1.0,0.474
3,y3,0.343,0.395,-0.025,0.437,0.522,0.502,-0.023,0.192,-0.03,0.325,0.028,0.074,0.041,0.493,0.474,1.0
4,.,1.0,0.339,-0.003,-0.112,0.496,0.575,0.213,-0.107,-0.054,0.174,0.248,0.261,0.27,0.638,0.52,0.346
4,A1_1,0.339,1.0,0.459,0.617,0.597,0.417,0.462,0.578,0.138,0.574,0.535,0.614,0.465,0.074,-0.034,0.391
4,A1_2,-0.003,0.459,1.0,0.515,0.489,0.366,0.666,0.511,0.629,0.779,0.513,0.754,0.521,-0.195,-0.262,-0.038
4,A1_3,-0.112,0.617,0.515,1.0,0.503,0.179,0.444,0.653,0.28,0.722,0.615,0.637,0.373,0.112,0.069,0.424
4,B1_1,0.496,0.597,0.489,0.503,1.0,0.725,0.752,0.469,0.527,0.745,0.573,0.664,0.607,0.459,0.199,0.496
4,B1_2,0.575,0.417,0.366,0.179,0.725,1.0,0.365,0.064,0.384,0.496,0.194,0.386,0.384,0.536,0.078,0.496
4,B1_3,0.213,0.462,0.666,0.444,0.752,0.365,1.0,0.587,0.637,0.718,0.642,0.661,0.585,0.122,-0.036,-0.025
4,A2_1,-0.107,0.578,0.511,0.653,0.469,0.064,0.587,1.0,0.623,0.603,0.266,0.533,0.166,-0.201,-0.107,0.172
4,A2_2,-0.054,0.138,0.629,0.28,0.527,0.384,0.637,0.623,1.0,0.621,0.121,0.489,0.326,-0.09,-0.276,-0.047
4,A2_3,0.174,0.574,0.779,0.722,0.745,0.496,0.718,0.603,0.621,1.0,0.647,0.88,0.558,0.187,0.054,0.305
4,B2_1,0.248,0.535,0.513,0.615,0.573,0.194,0.642,0.266,0.121,0.647,1.0,0.741,0.758,0.331,0.074,0.021
4,B2_2,0.261,0.614,0.754,0.637,0.664,0.386,0.661,0.533,0.489,0.88,0.741,1.0,0.639,0.105,0.059,0.047
4,B2_3,0.27,0.465,0.521,0.373,0.607,0.384,0.585,0.166,0.326,0.558,0.758,0.639,1.0,0.304,0.003,0.021
4,y1,0.638,0.074,-0.195,0.112,0.459,0.536,0.122,-0.201,-0.09,0.187,0.331,0.105,0.304,1.0,0.636,0.501
4,y2,0.52,-0.034,-0.262,0.069,0.199,0.078,-0.036,-0.107,-0.276,0.054,0.074,0.059,0.003,0.636,1.0,0.478
4,y3,0.346,0.391,-0.038,0.424,0.496,0.496,-0.025,0.172,-0.047,0.305,0.021,0.047,0.021,0.501,0.478,1.0
5,.,1.0,0.352,-0.001,-0.113,0.493,0.584,0.219,-0.114,-0.071,0.167,0.249,0.258,0.269,0.627,0.51,0.348
5,A1_1,0.352,1.0,0.454,0.605,0.58,0.419,0.456,0.562,0.131,0.56,0.526,0.595,0.439,0.081,-0.033,0.388
5,A1_2,-0.001,0.454,1.0,0.516,0.491,0.354,0.669,0.514,0.632,0.784,0.52,0.751,0.525,-0.194,-0.273,-0.05
5,A1_3,-0.113,0.605,0.516,1.0,0.491,0.166,0.447,0.65,0.288,0.719,0.615,0.628,0.362,0.112,0.068,0.408
5,B1_1,0.493,0.58,0.491,0.491,1.0,0.716,0.764,0.459,0.529,0.743,0.582,0.668,0.616,0.457,0.191,0.463
5,B1_2,0.584,0.419,0.354,0.166,0.716,1.0,0.369,0.047,0.357,0.485,0.197,0.377,0.375,0.541,0.076,0.49
5,B1_3,0.219,0.456,0.669,0.447,0.764,0.369,1.0,0.58,0.635,0.722,0.647,0.667,0.601,0.14,-0.03,-0.029
5,A2_1,-0.114,0.562,0.514,0.65,0.459,0.047,0.58,1.0,0.64,0.601,0.26,0.525,0.166,-0.203,-0.115,0.149
5,A2_2,-0.071,0.131,0.632,0.288,0.529,0.357,0.635,0.64,1.0,0.624,0.122,0.487,0.336,-0.101,-0.285,-0.064
5,A2_3,0.167,0.56,0.784,0.719,0.743,0.485,0.722,0.601,0.624,1.0,0.649,0.878,0.56,0.179,0.047,0.284
5,B2_1,0.249,0.526,0.52,0.615,0.582,0.197,0.647,0.26,0.122,0.649,1.0,0.747,0.76,0.332,0.081,0.014
5,B2_2,0.258,0.595,0.751,0.628,0.668,0.377,0.667,0.525,0.487,0.878,0.747,1.0,0.64,0.094,0.049,0.017
5,B2_3,0.269,0.439,0.525,0.362,0.616,0.375,0.601,0.166,0.336,0.56,0.76,0.64,1.0,0.3,0.001,-0.001
5,y1,0.627,0.081,-0.194,0.112,0.457,0.541,0.14,-0.203,-0.101,0.179,0.332,0.094,0.3,1.0,0.63,0.506
5,y2,0.51,-0.033,-0.273,0.068,0.191,0.076,-0.03,-0.115,-0.285,0.047,0.081,0.049,0.001,0.63,1.0,0.482
5,y3,0.348,0.388,-0.05,0.408,0.463,0.49,-0.029,0.149,-0.064,0.284,0.014,0.017,-0.001,0.506,0.482,1.0
6,.,1.0,0.364,0.001,-0.111,0.492,0.589,0.226,-0.115,-0.086,0.159,0.248,0.255,0.267,0.616,0.501,0.353
6,A1_1,0.364,1.0,0.453,0.6,0.566,0.417,0.45,0.555,0.129,0.551,0.519,0.582,0.422,0.087,-0.03,0.388
6,A1_2,0.001,0.453,1.0,0.518,0.49,0.346,0.668,0.518,0.635,0.787,0.526,0.749,0.528,-0.194,-0.28,-0.057
6,A1_3,-0.111,0.6,0.518,1.0,0.484,0.16,0.449,0.652,0.298,0.718,0.613,0.621,0.353,0.113,0.069,0.399
6,B1_1,0.492,0.566,0.49,0.484,1.0,0.714,0.775,0.452,0.529,0.74,0.588,0.67,0.626,0.458,0.189,0.442
6,B1_2,0.589,0.417,0.346,0.16,0.714,1.0,0.377,0.036,0.336,0.476,0.203,0.374,0.372,0.548,0.077,0.487
6,B1_3,0.226,0.45,0.668,0.449,0.775,0.377,1.0,0.573,0.633,0.725,0.652,0.671,0.614,0.154,-0.023,-0.025
6,A2_1,-0.115,0.555,0.518,0.652,0.452,0.036,0.573,1.0,0.656,0.602,0.257,0.521,0.171,-0.202,-0.118,0.135
6,A2_2,-0.086,0.129,0.635,0.298,0.529,0.336,0.633,0.656,1.0,0.626,0.126,0.488,0.345,-0.113,-0.292,-0.075
6,A2_3,0.159,0.551,0.787,0.718,0.74,0.476,0.725,0.602,0.626,1.0,0.654,0.879,0.565,0.17,0.041,0.266
6,B2_1,0.248,0.519,0.526,0.613,0.588,0.203,0.652,0.257,0.126,0.654,1.0,0.75,0.761,0.331,0.082,0.009
6,B2_2,0.255,0.582,0.749,0.621,0.67,0.374,0.671,0.521,0.488,0.879,0.75,1.0,0.641,0.083,0.04,-0.003
6,B2_3,0.267,0.422,0.528,0.353,0.626,0.372,0.614,0.171,0.345,0.565,0.761,0.641,1.0,0.292,-0.004,-0.015
6,y1,0.616,0.087,-0.194,0.113,0.458,0.548,0.154,-0.202,-0.113,0.17,0.331,0.083,0.292,1.0,0.625,0.514
6,y2,0.501,-0.03,-0.28,0.069,0.189,0.077,-0.023,-0.118,-0.292,0.041,0.082,0.04,-0.004,0.625,1.0,0.489
6,y3,0.353,0.388,-0.057,0.399,0.442,0.487,-0.025,0.135,-0.075,0.266,0.009,-0.003,-0.015,0.514,0.489,1.0
7,.,1.0,0.375,0.005,-0.106,0.492,0.594,0.234,-0.112,-0.096,0.158,0.253,0.257,0.269,0.606,0.493,0.357
7,A1_1,0.375,1.0,0.451,0.596,0.554,0.416,0.448,0.55,0.131,0.544,0.515,0.571,0.407,0.093,-0.026,0.387
7,A1_2,0.005,0.451,1.0,0.519,0.489,0.341,0.669,0.521,0.639,0.789,0.529,0.745,0.53,-0.19,-0.283,-0.064
7,A1_3,-0.106,0.596,0.519,1.0,0.475,0.153,0.452,0.655,0.309,0.717,0.61,0.614,0.344,0.117,0.074,0.389
7,B1_1,0.492,0.554,0.489,0.475,1.0,0.711,0.786,0.446,0.531,0.737,0.594,0.672,0.638,0.458,0.187,0.42
7,B1_2,0.594,0.416,0.341,0.153,0.711,1.0,0.385,0.029,0.32,0.47,0.211,0.374,0.375,0.551,0.076,0.483
7,B1_3,0.234,0.448,0.669,0.452,0.786,0.385,1.0,0.568,0.634,0.728,0.658,0.676,0.628,0.168,-0.015,-0.027
7,A2_1,-0.112,0.55,0.521,0.655,0.446,0.029,0.568,1.0,0.67,0.603,0.254,0.517,0.174,-0.198,-0.117,0.122
7,A2_2,-0.096,0.131,0.639,0.309,0.531,0.32,0.634,0.67,1.0,0.629,0.13,0.489,0.355,-0.119,-0.295,-0.086
7,A2_3,0.158,0.544,0.789,0.717,0.737,0.47,0.728,0.603,0.629,1.0,0.656,0.878,0.566,0.166,0.041,0.254
7,B2_1,0.253,0.515,0.529,0.61,0.594,0.211,0.658,0.254,0.13,0.656,1.0,0.752,0.761,0.334,0.091,0.007
7,B2_2,0.257,0.571,0.745,0.614,0.672,0.374,0.676,0.517,0.489,0.878,0.752,1.0,0.641,0.078,0.037,-0.019
7,B2_3,0.269,0.407,0.53,0.344,0.638,0.375,0.628,0.174,0.355,0.566,0.761,0.641,1.0,0.29,-0.002,-0.024
7,y1,0.606,0.093,-0.19,0.117,0.458,0.551,0.168,-0.198,-0.119,0.166,0.334,0.078,0.29,1.0,0.621,0.521
7,y2,0.493,-0.026,-0.283,0.074,0.187,0.076,-0.015,-0.117,-0.295,0.041,0.091,0.037,-0.002,0.621,1.0,0.494
7,y3,0.357,0.387,-0.064,0.389,0.42,0.483,-0.027,0.122,-0.086,0.254,0.007,-0.019,-0.024,0.521,0.494,1.0
8,.,1.0,0.389,0.003,-0.106,0.481,0.599,0.231,-0.114,-0.111,0.146,0.249,0.248,0.262,0.598,0.488,0.366
8,A1_1,0.389,1.0,0.449,0.589,0.539,0.418,0.441,0.542,0.133,0.533,0.506,0.555,0.392,0.103,-0.019,0.392
8,A1_2,0.003,0.449,1.0,0.522,0.494,0.332,0.673,0.529,0.647,0.794,0.535,0.744,0.536,-0.194,-0.291,-0.076
8,A1_3,-0.106,0.589,0.522,1.0,0.47,0.145,0.457,0.661,0.327,0.718,0.607,0.608,0.339,0.115,0.074,0.376
8,B1_1,0.481,0.539,0.494,0.47,1.0,0.704,0.796,0.445,0.539,0.738,0.604,0.679,0.654,0.447,0.179,0.392
8,B1_2,0.599,0.418,0.332,0.145,0.704,1.0,0.388,0.021,0.299,0.458,0.216,0.37,0.372,0.553,0.08,0.481
8,B1_3,0.231,0.441,0.673,0.457,0.796,0.388,1.0,0.565,0.637,0.733,0.665,0.682,0.643,0.17,-0.014,-0.031
8,A2_1,-0.114,0.542,0.529,0.661,0.445,0.021,0.565,1.0,0.686,0.607,0.255,0.517,0.184,-0.197,-0.119,0.105
8,A2_2,-0.111,0.133,0.647,0.327,0.539,0.299,0.637,0.686,1.0,0.637,0.141,0.495,0.368,-0.134,-0.301,-0.1
8,A2_3,0.146,0.533,0.794,0.718,0.738,0.458,0.733,0.607,0.637,1.0,0.661,0.88,0.573,0.151,0.032,0.231
8,B2_1,0.249,0.506,0.535,0.607,0.604,0.216,0.665,0.255,0.141,0.661,1.0,0.755,0.763,0.326,0.09,0.001
8,B2_2,0.248,0.555,0.744,0.608,0.679,0.37,0.682,0.517,0.495,0.88,0.755,1.0,0.645,0.062,0.025,-0.041
8,B2_3,0.262,0.392,0.536,0.339,0.654,0.372,0.643,0.184,0.368,0.573,0.763,0.645,1.0,0.274,-0.01,-0.038
8,y1,0.598,0.103,-0.194,0.115,0.447,0.553,0.17,-0.197,-0.134,0.151,0.326,0.062,0.274,1.0,0.622,0.536
8,y2,0.488,-0.019,-0.291,0.074,0.179,0.08,-0.014,-0.119,-0.301,0.032,0.09,0.025,-0.01,0.622,1.0,0.504
8,y3,0.366,0.392,-0.076,0.376,0.392,0.481,-0.031,0.105,-0.1,0.231,0.001,-0.041,-0.038,0.536,0.504,1.0
9,.,1.0,0.399,0.001,-0.109,0.469,0.602,0.227,-0.115,-0.124,0.132,0.244,0.239,0.255,0.591,0.485,0.377
9,A1_1,0.399,1.0,0.449,0.583,0.525,0.419,0.436,0.539,0.138,0.525,0.498,0.543,0.381,0.109,-0.014,0.393
9,A1_2,0.001,0.449,1.0,0.527,0.5,0.327,0.677,0.536,0.655,0.798,0.541,0.743,0.54,-0.198,-0.297,-0.087
9,A1_3,-0.109,0.583,0.527,1.0,0.466,0.139,0.461,0.67,0.345,0.719,0.602,0.603,0.334,0.11,0.072,0.362
9,B1_1,0.469,0.525,0.5,0.466,1.0,0.698,0.806,0.446,0.547,0.74,0.614,0.685,0.671,0.437,0.172,0.364
9,B1_2,0.602,0.419,0.327,0.139,0.698,1.0,0.392,0.016,0.286,0.45,0.223,0.368,0.374,0.556,0.083,0.478
9,B1_3,0.227,0.436,0.677,0.461,0.806,0.392,1.0,0.563,0.641,0.738,0.673,0.688,0.658,0.168,-0.014,-0.037
9,A2_1,-0.115,0.539,0.536,0.67,0.446,0.016,0.563,1.0,0.7,0.612,0.257,0.518,0.193,-0.197,-0.121,0.09
9,A2_2,-0.124,0.138,0.655,0.345,0.547,0.286,0.641,0.7,1.0,0.644,0.152,0.501,0.38,-0.147,-0.304,-0.114
9,A2_3,0.132,0.525,0.798,0.719,0.74,0.45,0.738,0.612,0.644,1.0,0.667,0.881,0.58,0.136,0.023,0.209
9,B2_1,0.244,0.498,0.541,0.602,0.614,0.223,0.673,0.257,0.152,0.667,1.0,0.758,0.767,0.317,0.087,-0.006
9,B2_2,0.239,0.543,0.743,0.603,0.685,0.368,0.688,0.518,0.501,0.881,0.758,1.0,0.651,0.045,0.012,-0.063
9,B2_3,0.255,0.381,0.54,0.334,0.671,0.374,0.658,0.193,0.38,0.58,0.767,0.651,1.0,0.258,-0.017,-0.051
9,y1,0.591,0.109,-0.198,0.11,0.437,0.556,0.168,-0.197,-0.147,0.136,0.317,0.045,0.258,1.0,0.623,0.552
9,y2,0.485,-0.014,-0.297,0.072,0.172,0.083,-0.014,-0.121,-0.304,0.023,0.087,0.012,-0.017,0.623,1.0,0.515
9,y3,0.377,0.393,-0.087,0.362,0.364,0.478,-0.037,0.09,-0.114,0.209,-0.006,-0.063,-0.051,0.552,0.515,1.0
10,.,1.0,0.409,0.002,-0.109,0.462,0.604,0.228,-0.111,-0.13,0.125,0.244,0.234,0.254,0.582,0.482,0.385
10,A1_1,0.409,1.0,0.449,0.579,0.513,0.42,0.431,0.538,0.147,0.52,0.493,0.534,0.374,0.113,-0.009,0.393
10,A1_2,0.002,0.449,1.0,0.53,0.501,0.325,0.677,0.542,0.661,0.8,0.543,0.74,0.542,-0.198,-0.299,-0.094
10,A1_3,-0.109,0.579,0.53,1.0,0.461,0.136,0.466,0.679,0.365,0.72,0.596,0.598,0.33,0.107,0.073,0.35
10,B1_1,0.462,0.513,0.501,0.461,1.0,0.698,0.817,0.445,0.553,0.738,0.622,0.688,0.687,0.431,0.17,0.343
10,B1_2,0.604,0.42,0.325,0.136,0.698,1.0,0.403,0.017,0.278,0.446,0.234,0.371,0.384,0.558,0.086,0.474
10,B1_3,0.228,0.431,0.677,0.466,0.817,0.403,1.0,0.56,0.644,0.741,0.681,0.693,0.672,0.172,-0.009,-0.038
10,A2_1,-0.111,0.538,0.542,0.679,0.445,0.017,0.56,1.0,0.713,0.616,0.258,0.519,0.202,-0.192,-0.118,0.08
10,A2_2,-0.13,0.147,0.661,0.365,0.553,0.278,0.644,0.713,1.0,0.651,0.162,0.507,0.389,-0.151,-0.303,-0.122
10,A2_3,0.125,0.52,0.8,0.72,0.738,0.446,0.741,0.616,0.651,1.0,0.669,0.882,0.585,0.126,0.019,0.192
10,B2_1,0.244,0.493,0.543,0.596,0.622,0.234,0.681,0.258,0.162,0.669,1.0,0.759,0.769,0.312,0.089,-0.01
10,B2_2,0.234,0.534,0.74,0.598,0.688,0.371,0.693,0.519,0.507,0.882,0.759,1.0,0.655,0.034,0.005,-0.078
10,B2_3,0.254,0.374,0.542,0.33,0.687,0.384,0.672,0.202,0.389,0.585,0.769,0.655,1.0,0.248,-0.02,-0.057
10,y1,0.582,0.113,-0.198,0.107,0.431,0.558,0.172,-0.192,-0.151,0.126,0.312,0.034,0.248,1.0,0.623,0.564
10,y2,0.482,-0.009,-0.299,0.073,0.17,0.086,-0.009,-0.118,-0.303,0.019,0.089,0.005,-0.02,0.623,1.0,0.525
10,y3,0.385,0.393,-0.094,0.35,0.343,0.474,-0.038,0.08,-0.122,0.192,-0.01,-0.078,-0.057,0.564,0.525,1.0
11,.,1.0,0.416,-0.002,-0.115,0.447,0.602,0.226,-0.114,-0.142,0.109,0.241,0.221,0.25,0.573,0.478,0.392
11,A1_1,0.416,1.0,0.448,0.575,0.499,0.418,0.426,0.536,0.151,0.511,0.488,0.523,0.369,0.113,-0.007,0.39
11,A1_2,-0.002,0.448,1.0,0.535,0.504,0.321,0.677,0.549,0.668,0.804,0.547,0.74,0.546,-0.205,-0.308,-0.107
11,A1_3,-0.115,0.575,0.535,1.0,0.457,0.129,0.471,0.69,0.384,0.722,0.595,0.596,0.332,0.096,0.064,0.328
11,B1_1,0.447,0.499,0.504,0.457,1.0,0.695,0.829,0.446,0.56,0.737,0.633,0.692,0.704,0.417,0.16,0.314
11,B1_2,0.602,0.418,0.321,0.129,0.695,1.0,0.413,0.016,0.271,0.44,0.245,0.371,0.393,0.556,0.085,0.467
11,B1_3,0.226,0.426,0.677,0.471,0.829,0.413,1.0,0.557,0.647,0.745,0.689,0.699,0.687,0.171,-0.01,-0.042
11,A2_1,-0.114,0.536,0.549,0.69,0.446,0.016,0.557,1.0,0.724,0.621,0.262,0.523,0.212,-0.194,-0.121,0.064
11,A2_2,-0.142,0.151,0.668,0.384,0.56,0.271,0.647,0.724,1.0,0.66,0.174,0.515,0.399,-0.159,-0.308,-0.135
11,A2_3,0.109,0.511,0.804,0.722,0.737,0.44,0.745,0.621,0.66,1.0,0.674,0.883,0.593,0.108,0.006,0.167
11,B2_1,0.241,0.488,0.547,0.595,0.633,0.245,0.689,0.262,0.174,0.674,1.0,0.761,0.773,0.302,0.086,-0.017
11,B2_2,0.221,0.523,0.74,0.596,0.692,0.371,0.699,0.523,0.515,0.883,0.761,1.0,0.661,0.013,-0.01,-0.1
11,B2_3,0.25,0.369,0.546,0.332,0.704,0.393,0.687,0.212,0.399,0.593,0.773,0.661,1.0,0.235,-0.027,-0.066
11,y1,0.573,0.113,-0.205,0.096,0.417,0.556,0.171,-0.194,-0.159,0.108,0.302,0.013,0.235,1.0,0.624,0.575
11,y2,0.478,-0.007,-0.308,0.064,0.16,0.085,-0.01,-0.121,-0.308,0.006,0.086,-0.01,-0.027,0.624,1.0,0.534
11,y3,0.392,0.39,-0.107,0.328,0.314,0.467,-0.042,0.064,-0.135,0.167,-0.017,-0.1,-0.066,0.575,0.534,1.0
12,.,1.0,0.421,-0.009,-0.125,0.426,0.599,0.215,-0.119,-0.154,0.089,0.232,0.206,0.24,0.567,0.477,0.401
12,A1_1,0.421,1.0,0.448,0.57,0.483,0.418,0.419,0.534,0.158,0.502,0.48,0.511,0.363,0.114,-0.005,0.389
12,A1_2,-0.009,0.448,1.0,0.544,0.509,0.316,0.68,0.558,0.678,0.807,0.553,0.741,0.551,-0.215,-0.316,-0.12
12,A1_3,-0.125,0.57,0.544,1.0,0.453,0.121,0.476,0.701,0.406,0.725,0.591,0.595,0.334,0.08,0.053,0.307
12,B1_1,0.426,0.483,0.509,0.453,1.0,0.69,0.838,0.446,0.57,0.738,0.643,0.698,0.722,0.397,0.145,0.286
12,B1_2,0.599,0.418,0.316,0.121,0.69,1.0,0.418,0.014,0.264,0.433,0.254,0.37,0.399,0.553,0.084,0.462
12,B1_3,0.215,0.419,0.68,0.476,0.838,0.418,1.0,0.555,0.652,0.749,0.698,0.705,0.702,0.161,-0.016,-0.051
12,A2_1,-0.119,0.534,0.558,0.701,0.446,0.014,0.555,1.0,0.735,0.627,0.267,0.528,0.225,-0.2,-0.127,0.048
12,A2_2,-0.154,0.158,0.678,0.406,0.57,0.264,0.652,0.735,1.0,0.669,0.189,0.525,0.412,-0.172,-0.313,-0.148
12,A2_3,0.089,0.502,0.807,0.725,0.738,0.433,0.749,0.627,0.669,1.0,0.68,0.886,0.602,0.086,-0.01,0.141
12,B2_1,0.232,0.48,0.553,0.591,0.643,0.254,0.698,0.267,0.189,0.68,1.0,0.764,0.778,0.286,0.077,-0.027
12,B2_2,0.206,0.511,0.741,0.595,0.698,0.37,0.705,0.528,0.525,0.886,0.764,1.0,0.669,-0.01,-0.027,-0.122
12,B2_3,0.24,0.363,0.551,0.334,0.722,0.399,0.702,0.225,0.412,0.602,0.778,0.669,1.0,0.214,-0.039,-0.078
12,y1,0.567,0.114,-0.215,0.08,0.397,0.553,0.161,-0.2,-0.172,0.086,0.286,-0.01,0.214,1.0,0.626,0.589
12,y2,0.477,-0.005,-0.316,0.053,0.145,0.084,-0.016,-0.127,-0.313,-0.01,0.077,-0.027,-0.039,0.626,1.0,0.543
12,y3,0.401,0.389,-0.12,0.307,0.286,0.462,-0.051,0.048,-0.148,0.141,-0.027,-0.122,-0.078,0.589,0.543,1.0
13,.,1.0,0.426,-0.014,-0.132,0.407,0.598,0.204,-0.121,-0.161,0.073,0.227,0.19,0.234,0.561,0.476,0.411
13,A1_1,0.426,1.0,0.45,0.566,0.469,0.416,0.412,0.535,0.169,0.494,0.474,0.499,0.361,0.114,-0.002,0.389
13,A1_2,-0.014,0.45,1.0,0.551,0.514,0.312,0.685,0.57,0.689,0.811,0.556,0.741,0.555,-0.223,-0.322,-0.131
13,A1_3,-0.132,0.566,0.551,1.0,0.448,0.114,0.48,0.714,0.427,0.725,0.586,0.592,0.335,0.068,0.047,0.288
13,B1_1,0.407,0.469,0.514,0.448,1.0,0.686,0.845,0.446,0.578,0.739,0.655,0.704,0.741,0.376,0.131,0.256
13,B1_2,0.598,0.416,0.312,0.114,0.686,1.0,0.423,0.014,0.26,0.427,0.264,0.368,0.41,0.549,0.085,0.457
13,B1_3,0.204,0.412,0.685,0.48,0.845,0.423,1.0,0.553,0.659,0.754,0.708,0.713,0.717,0.149,-0.022,-0.062
13,A2_1,-0.121,0.535,0.57,0.714,0.446,0.014,0.553,1.0,0.745,0.633,0.272,0.532,0.236,-0.203,-0.129,0.034
13,A2_2,-0.161,0.169,0.689,0.427,0.578,0.26,0.659,0.745,1.0,0.679,0.202,0.534,0.422,-0.182,-0.315,-0.159
13,A2_3,0.073,0.494,0.811,0.725,0.739,0.427,0.754,0.633,0.679,1.0,0.683,0.887,0.61,0.066,-0.023,0.117
13,B2_1,0.227,0.474,0.556,0.586,0.655,0.264,0.708,0.272,0.202,0.683,1.0,0.767,0.783,0.274,0.073,-0.033
13,B2_2,0.19,0.499,0.741,0.592,0.704,0.368,0.713,0.532,0.534,0.887,0.767,1.0,0.677,-0.033,-0.044,-0.143
13,B2_3,0.234,0.361,0.555,0.335,0.741,0.41,0.717,0.236,0.422,0.61,0.783,0.677,1.0,0.196,-0.049,-0.086
13,y1,0.561,0.114,-0.223,0.068,0.376,0.549,0.149,-0.203,-0.182,0.066,0.274,-0.033,0.196,1.0,0.632,0.605
13,y2,0.476,-0.002,-0.322,0.047,0.131,0.085,-0.022,-0.129,-0.315,-0.023,0.073,-0.044,-0.049,0.632,1.0,0.555
13,y3,0.411,0.389,-0.131,0.288,0.256,0.457,-0.062,0.034,-0.159,0.117,-0.033,-0.143,-0.086,0.605,0.555,1.0
14,.,1.0,0.428,-0.02,-0.14,0.388,0.591,0.189,-0.124,-0.171,0.054,0.22,0.175,0.229,0.554,0.478,0.421
14,A1_1,0.428,1.0,0.455,0.566,0.458,0.415,0.406,0.54,0.184,0.491,0.467,0.493,0.364,0.108,-0.002,0.386
14,A1_2,-0.02,0.455,1.0,0.557,0.515,0.309,0.686,0.578,0.698,0.813,0.559,0.741,0.557,-0.237,-0.328,-0.143
14,A1_3,-0.14,0.566,0.557,1.0,0.446,0.111,0.483,0.725,0.447,0.728,0.58,0.591,0.337,0.052,0.038,0.27
14,B1_1,0.388,0.458,0.515,0.446,1.0,0.685,0.852,0.449,0.584,0.739,0.666,0.708,0.758,0.358,0.124,0.236
14,B1_2,0.591,0.415,0.309,0.111,0.685,1.0,0.429,0.018,0.258,0.422,0.275,0.369,0.422,0.544,0.09,0.454
14,B1_3,0.189,0.406,0.686,0.483,0.852,0.429,1.0,0.553,0.666,0.758,0.716,0.719,0.732,0.129,-0.029,-0.071
14,A2_1,-0.124,0.54,0.578,0.725,0.449,0.018,0.553,1.0,0.755,0.641,0.277,0.539,0.247,-0.209,-0.132,0.022
14,A2_2,-0.171,0.184,0.698,0.447,0.584,0.258,0.666,0.755,1.0,0.688,0.216,0.544,0.431,-0.195,-0.316,-0.169
14,A2_3,0.054,0.491,0.813,0.728,0.739,0.422,0.758,0.641,0.688,1.0,0.688,0.889,0.617,0.043,-0.037,0.094
14,B2_1,0.22,0.467,0.559,0.58,0.666,0.275,0.716,0.277,0.216,0.688,1.0,0.769,0.789,0.254,0.063,-0.039
14,B2_2,0.175,0.493,0.741,0.591,0.708,0.369,0.719,0.539,0.544,0.889,0.769,1.0,0.685,-0.057,-0.059,-0.16
14,B2_3,0.229,0.364,0.557,0.337,0.758,0.422,0.732,0.247,0.431,0.617,0.789,0.685,1.0,0.174,-0.058,-0.09
14,y1,0.554,0.108,-0.237,0.052,0.358,0.544,0.129,-0.209,-0.195,0.043,0.254,-0.057,0.174,1.0,0.64,0.624
14,y2,0.478,-0.002,-0.328,0.038,0.124,0.09,-0.029,-0.132,-0.316,-0.037,0.063,-0.059,-0.058,0.64,1.0,0.569
14,y3,0.421,0.386,-0.143,0.27,0.236,0.454,-0.071,0.022,-0.169,0.094,-0.039,-0.16,-0.09,0.624,0.569,1.0
15,.,1.0,0.43,-0.028,-0.151,0.363,0.59,0.174,-0.13,-0.178,0.033,0.21,0.157,0.22,0.548,0.478,0.428
15,A1_1,0.43,1.0,0.455,0.56,0.445,0.417,0.401,0.539,0.194,0.482,0.457,0.48,0.363,0.105,-0.0,0.385
15,A1_2,-0.028,0.455,1.0,0.564,0.524,0.304,0.694,0.59,0.71,0.818,0.562,0.742,0.562,-0.25,-0.336,-0.156
15,A1_3,-0.151,0.56,0.564,1.0,0.445,0.102,0.489,0.737,0.467,0.729,0.576,0.589,0.34,0.037,0.027,0.25
15,B1_1,0.363,0.445,0.524,0.445,1.0,0.677,0.859,0.451,0.593,0.742,0.68,0.717,0.777,0.33,0.104,0.205
15,B1_2,0.59,0.417,0.304,0.102,0.677,1.0,0.429,0.017,0.253,0.412,0.283,0.365,0.429,0.537,0.09,0.449
15,B1_3,0.174,0.401,0.694,0.489,0.859,0.429,1.0,0.554,0.673,0.763,0.726,0.728,0.747,0.108,-0.041,-0.084
15,A2_1,-0.13,0.539,0.59,0.737,0.451,0.017,0.554,1.0,0.765,0.648,0.282,0.544,0.259,-0.215,-0.138,0.007
15,A2_2,-0.178,0.194,0.71,0.467,0.593,0.253,0.673,0.765,1.0,0.698,0.23,0.553,0.441,-0.207,-0.321,-0.18
15,A2_3,0.033,0.482,0.818,0.729,0.742,0.412,0.763,0.648,0.698,1.0,0.691,0.892,0.624,0.017,-0.057,0.067
15,B2_1,0.21,0.457,0.562,0.576,0.68,0.283,0.726,0.282,0.23,0.691,1.0,0.771,0.796,0.237,0.053,-0.047
15,B2_2,0.157,0.48,0.742,0.589,0.717,0.365,0.728,0.544,0.553,0.892,0.771,1.0,0.694,-0.084,-0.08,-0.181
15,B2_3,0.22,0.363,0.562,0.34,0.777,0.429,0.747,0.259,0.441,0.624,0.796,0.694,1.0,0.153,-0.07,-0.099
15,y1,0.548,0.105,-0.25,0.037,0.33,0.537,0.108,-0.215,-0.207,0.017,0.237,-0.084,0.153,1.0,0.646,0.638
15,y2,0.478,-0.0,-0.336,0.027,0.104,0.09,-0.041,-0.138,-0.321,-0.057,0.053,-0.08,-0.07,0.646,1.0,0.579
15,y3,0.428,0.385,-0.156,0.25,0.205,0.449,-0.084,0.007,-0.18,0.067,-0.047,-0.181,-0.099,0.638,0.579,1.0
16,.,1.0,0.43,-0.039,-0.165,0.338,0.585,0.155,-0.137,-0.188,0.011,0.199,0.138,0.211,0.541,0.479,0.435
16,A1_1,0.43,1.0,0.456,0.557,0.435,0.417,0.396,0.541,0.206,0.475,0.45,0.47,0.365,0.098,-0.002,0.382
16,A1_2,-0.039,0.456,1.0,0.572,0.529,0.299,0.699,0.602,0.723,0.822,0.564,0.743,0.567,-0.267,-0.347,-0.17
16,A1_3,-0.165,0.557,0.572,1.0,0.442,0.095,0.494,0.749,0.487,0.73,0.571,0.588,0.343,0.016,0.013,0.228
16,B1_1,0.338,0.435,0.529,0.442,1.0,0.672,0.865,0.453,0.599,0.743,0.693,0.724,0.794,0.301,0.086,0.177
16,B1_2,0.585,0.417,0.299,0.095,0.672,1.0,0.431,0.018,0.25,0.404,0.293,0.364,0.439,0.528,0.091,0.443
16,B1_3,0.155,0.396,0.699,0.494,0.865,0.431,1.0,0.556,0.679,0.768,0.736,0.736,0.761,0.083,-0.053,-0.097
16,A2_1,-0.137,0.541,0.602,0.749,0.453,0.018,0.556,1.0,0.773,0.656,0.287,0.55,0.272,-0.225,-0.145,-0.007
16,A2_2,-0.188,0.206,0.723,0.487,0.599,0.25,0.679,0.773,1.0,0.709,0.244,0.562,0.45,-0.221,-0.326,-0.191
16,A2_3,0.011,0.475,0.822,0.73,0.743,0.404,0.768,0.656,0.709,1.0,0.694,0.893,0.632,-0.011,-0.077,0.041
16,B2_1,0.199,0.45,0.564,0.571,0.693,0.293,0.736,0.287,0.244,0.694,1.0,0.774,0.803,0.215,0.041,-0.055
16,B2_2,0.138,0.47,0.743,0.588,0.724,0.364,0.736,0.55,0.562,0.893,0.774,1.0,0.703,-0.113,-0.102,-0.202
16,B2_3,0.211,0.365,0.567,0.343,0.794,0.439,0.761,0.272,0.45,0.632,0.803,0.703,1.0,0.129,-0.083,-0.107
16,y1,0.541,0.098,-0.267,0.016,0.301,0.528,0.083,-0.225,-0.221,-0.011,0.215,-0.113,0.129,1.0,0.656,0.655
16,y2,0.479,-0.002,-0.347,0.013,0.086,0.091,-0.053,-0.145,-0.326,-0.077,0.041,-0.102,-0.083,0.656,1.0,0.591
16,y3,0.435,0.382,-0.17,0.228,0.177,0.443,-0.097,-0.007,-0.191,0.041,-0.055,-0.202,-0.107,0.655,0.591,1.0
17,.,1.0,0.431,-0.048,-0.176,0.315,0.577,0.139,-0.142,-0.196,-0.009,0.19,0.123,0.202,0.535,0.48,0.442
17,A1_1,0.431,1.0,0.458,0.555,0.425,0.416,0.391,0.545,0.22,0.472,0.444,0.462,0.367,0.093,-0.002,0.38
17,A1_2,-0.048,0.458,1.0,0.58,0.532,0.298,0.701,0.611,0.733,0.824,0.566,0.743,0.571,-0.282,-0.355,-0.183
17,A1_3,-0.176,0.555,0.58,1.0,0.44,0.088,0.498,0.762,0.507,0.734,0.565,0.589,0.346,-0.006,-0.002,0.206
17,B1_1,0.315,0.425,0.532,0.44,1.0,0.67,0.872,0.455,0.605,0.742,0.703,0.73,0.808,0.277,0.071,0.154
17,B1_2,0.577,0.416,0.298,0.088,0.67,1.0,0.436,0.021,0.25,0.399,0.304,0.367,0.452,0.518,0.089,0.437
17,B1_3,0.139,0.391,0.701,0.498,0.872,0.436,1.0,0.555,0.686,0.771,0.745,0.744,0.775,0.06,-0.066,-0.109
17,A2_1,-0.142,0.545,0.611,0.762,0.455,0.021,0.555,1.0,0.781,0.665,0.293,0.556,0.284,-0.234,-0.152,-0.02
17,A2_2,-0.196,0.22,0.733,0.507,0.605,0.25,0.686,0.781,1.0,0.717,0.259,0.571,0.461,-0.235,-0.33,-0.201
17,A2_3,-0.009,0.472,0.824,0.734,0.742,0.399,0.771,0.665,0.717,1.0,0.697,0.895,0.637,-0.037,-0.094,0.019
17,B2_1,0.19,0.444,0.566,0.565,0.703,0.304,0.745,0.293,0.259,0.697,1.0,0.777,0.809,0.195,0.029,-0.062
17,B2_2,0.123,0.462,0.743,0.589,0.73,0.367,0.744,0.556,0.571,0.895,0.777,1.0,0.711,-0.136,-0.119,-0.217
17,B2_3,0.202,0.367,0.571,0.346,0.808,0.452,0.775,0.284,0.461,0.637,0.809,0.711,1.0,0.106,-0.096,-0.113
17,y1,0.535,0.093,-0.282,-0.006,0.277,0.518,0.06,-0.234,-0.235,-0.037,0.195,-0.136,0.106,1.0,0.662,0.671
17,y2,0.48,-0.002,-0.355,-0.002,0.071,0.089,-0.066,-0.152,-0.33,-0.094,0.029,-0.119,-0.096,0.662,1.0,0.602
17,y3,0.442,0.38,-0.183,0.206,0.154,0.437,-0.109,-0.02,-0.201,0.019,-0.062,-0.217,-0.113,0.671,0.602,1.0
18,.,1.0,0.434,-0.058,-0.191,0.297,0.572,0.128,-0.148,-0.204,-0.029,0.184,0.109,0.198,0.525,0.48,0.445
18,A1_1,0.434,1.0,0.459,0.549,0.413,0.418,0.386,0.544,0.229,0.464,0.436,0.452,0.369,0.087,-0.002,0.377
18,A1_2,-0.058,0.459,1.0,0.588,0.532,0.292,0.7,0.621,0.743,0.827,0.567,0.743,0.573,-0.296,-0.365,-0.195
18,A1_3,-0.191,0.549,0.588,1.0,0.435,0.078,0.5,0.774,0.527,0.737,0.559,0.588,0.35,-0.028,-0.019,0.183
18,B1_1,0.297,0.413,0.532,0.435,1.0,0.668,0.877,0.454,0.607,0.74,0.714,0.734,0.82,0.258,0.06,0.136
18,B1_2,0.572,0.418,0.292,0.078,0.668,1.0,0.442,0.022,0.247,0.39,0.316,0.367,0.463,0.511,0.091,0.433
18,B1_3,0.128,0.386,0.7,0.5,0.877,0.442,1.0,0.554,0.687,0.771,0.754,0.749,0.786,0.046,-0.072,-0.115
18,A2_1,-0.148,0.544,0.621,0.774,0.454,0.022,0.554,1.0,0.789,0.673,0.298,0.559,0.294,-0.241,-0.158,-0.031
18,A2_2,-0.204,0.229,0.743,0.527,0.607,0.247,0.687,0.789,1.0,0.727,0.272,0.578,0.469,-0.243,-0.333,-0.209
18,A2_3,-0.029,0.464,0.827,0.737,0.74,0.39,0.771,0.673,0.727,1.0,0.698,0.895,0.642,-0.06,-0.113,-0.003
18,B2_1,0.184,0.436,0.567,0.559,0.714,0.316,0.754,0.298,0.272,0.698,1.0,0.779,0.814,0.177,0.019,-0.068
18,B2_2,0.109,0.452,0.743,0.588,0.734,0.367,0.749,0.559,0.578,0.895,0.779,1.0,0.719,-0.158,-0.135,-0.232
18,B2_3,0.198,0.369,0.573,0.35,0.82,0.463,0.786,0.294,0.469,0.642,0.814,0.719,1.0,0.09,-0.104,-0.115
18,y1,0.525,0.087,-0.296,-0.028,0.258,0.511,0.046,-0.241,-0.243,-0.06,0.177,-0.158,0.09,1.0,0.668,0.682
18,y2,0.48,-0.002,-0.365,-0.019,0.06,0.091,-0.072,-0.158,-0.333,-0.113,0.019,-0.135,-0.104,0.668,1.0,0.612
18,y3,0.445,0.377,-0.195,0.183,0.136,0.433,-0.115,-0.031,-0.209,-0.003,-0.068,-0.232,-0.115,0.682,0.612,1.0
19,.,1.0,0.436,-0.07,-0.209,0.269,0.564,0.11,-0.156,-0.213,-0.053,0.173,0.09,0.186,0.518,0.482,0.451
19,A1_1,0.436,1.0,0.459,0.544,0.401,0.419,0.379,0.546,0.242,0.457,0.427,0.44,0.37,0.083,0.001,0.376
19,A1_2,-0.07,0.459,1.0,0.598,0.536,0.289,0.701,0.633,0.755,0.831,0.567,0.743,0.577,-0.315,-0.375,-0.209
19,A1_3,-0.209,0.544,0.598,1.0,0.433,0.069,0.502,0.788,0.55,0.741,0.549,0.588,0.353,-0.055,-0.036,0.159
19,B1_1,0.269,0.401,0.536,0.433,1.0,0.665,0.883,0.456,0.613,0.739,0.725,0.74,0.833,0.228,0.044,0.111
19,B1_2,0.564,0.419,0.289,0.069,0.665,1.0,0.447,0.024,0.248,0.383,0.329,0.369,0.475,0.501,0.09,0.425
19,B1_3,0.11,0.379,0.701,0.502,0.883,0.447,1.0,0.552,0.69,0.773,0.764,0.756,0.798,0.022,-0.082,-0.126
19,A2_1,-0.156,0.546,0.633,0.788,0.456,0.024,0.552,1.0,0.796,0.682,0.303,0.565,0.306,-0.251,-0.164,-0.044
19,A2_2,-0.213,0.242,0.755,0.55,0.613,0.248,0.69,0.796,1.0,0.738,0.286,0.587,0.479,-0.257,-0.337,-0.218
19,A2_3,-0.053,0.457,0.831,0.741,0.739,0.383,0.773,0.682,0.738,1.0,0.698,0.896,0.648,-0.091,-0.133,-0.027
19,B2_1,0.173,0.427,0.567,0.549,0.725,0.329,0.764,0.303,0.286,0.698,1.0,0.782,0.82,0.154,0.007,-0.076
19,B2_2,0.09,0.44,0.743,0.588,0.74,0.369,0.756,0.565,0.587,0.896,0.782,1.0,0.727,-0.185,-0.154,-0.249
19,B2_3,0.186,0.37,0.577,0.353,0.833,0.475,0.798,0.306,0.479,0.648,0.82,0.727,1.0,0.063,-0.117,-0.122
19,y1,0.518,0.083,-0.315,-0.055,0.228,0.501,0.022,-0.251,-0.257,-0.091,0.154,-0.185,0.063,1.0,0.676,0.699
19,y2,0.482,0.001,-0.375,-0.036,0.044,0.09,-0.082,-0.164,-0.337,-0.133,0.007,-0.154,-0.117,0.676,1.0,0.625
19,y3,0.451,0.376,-0.209,0.159,0.111,0.425,-0.126,-0.044,-0.218,-0.027,-0.076,-0.249,-0.122,0.699,0.625,1.0
20,.,1.0,0.433,-0.081,-0.224,0.253,0.554,0.099,-0.162,-0.22,-0.07,0.169,0.082,0.182,0.507,0.479,0.454
20,A1_1,0.433,1.0,0.46,0.543,0.395,0.416,0.375,0.551,0.255,0.456,0.425,0.437,0.376,0.072,-0.003,0.368
20,A1_2,-0.081,0.46,1.0,0.607,0.537,0.286,0.7,0.643,0.766,0.833,0.566,0.74,0.579,-0.33,-0.384,-0.222
20,A1_3,-0.224,0.543,0.607,1.0,0.43,0.063,0.503,0.8,0.569,0.746,0.542,0.588,0.356,-0.078,-0.052,0.137
20,B1_1,0.253,0.395,0.537,0.43,1.0,0.666,0.889,0.455,0.614,0.736,0.736,0.744,0.844,0.209,0.036,0.094
20,B1_2,0.554,0.416,0.286,0.063,0.666,1.0,0.455,0.027,0.25,0.38,0.343,0.375,0.489,0.491,0.089,0.417
20,B1_3,0.099,0.375,0.7,0.503,0.889,0.455,1.0,0.549,0.691,0.773,0.773,0.761,0.809,0.006,-0.088,-0.136
20,A2_1,-0.162,0.551,0.643,0.8,0.455,0.027,0.549,1.0,0.802,0.691,0.307,0.567,0.316,-0.259,-0.169,-0.055
20,A2_2,-0.22,0.255,0.766,0.569,0.614,0.25,0.691,0.802,1.0,0.746,0.298,0.592,0.487,-0.266,-0.339,-0.227
20,A2_3,-0.07,0.456,0.833,0.746,0.736,0.38,0.773,0.691,0.746,1.0,0.698,0.896,0.651,-0.112,-0.146,-0.045
20,B2_1,0.169,0.425,0.566,0.542,0.736,0.343,0.773,0.307,0.298,0.698,1.0,0.784,0.825,0.138,0.001,-0.08
20,B2_2,0.082,0.437,0.74,0.588,0.744,0.375,0.761,0.567,0.592,0.896,0.784,1.0,0.732,-0.203,-0.164,-0.259
20,B2_3,0.182,0.376,0.579,0.356,0.844,0.489,0.809,0.316,0.487,0.651,0.825,0.732,1.0,0.046,-0.123,-0.124
20,y1,0.507,0.072,-0.33,-0.078,0.209,0.491,0.006,-0.259,-0.266,-0.112,0.138,-0.203,0.046,1.0,0.682,0.71
20,y2,0.479,-0.003,-0.384,-0.052,0.036,0.089,-0.088,-0.169,-0.339,-0.146,0.001,-0.164,-0.123,0.682,1.0,0.633
20,y3,0.454,0.368,-0.222,0.137,0.094,0.417,-0.136,-0.055,-0.227,-0.045,-0.08,-0.259,-0.124,0.71,0.633,1.0
21,.,1.0,0.43,-0.089,-0.237,0.237,0.545,0.086,-0.168,-0.225,-0.087,0.163,0.071,0.176,0.495,0.476,0.454
21,A1_1,0.43,1.0,0.465,0.542,0.388,0.413,0.37,0.555,0.267,0.455,0.42,0.432,0.38,0.058,-0.009,0.361
21,A1_2,-0.089,0.465,1.0,0.614,0.532,0.282,0.696,0.653,0.774,0.835,0.563,0.739,0.578,-0.346,-0.392,-0.232
21,A1_3,-0.237,0.542,0.614,1.0,0.424,0.057,0.501,0.81,0.584,0.749,0.532,0.586,0.356,-0.099,-0.064,0.121
21,B1_1,0.237,0.388,0.532,0.424,1.0,0.669,0.892,0.452,0.612,0.732,0.744,0.748,0.852,0.192,0.029,0.082
21,B1_2,0.545,0.413,0.282,0.057,0.669,1.0,0.462,0.03,0.25,0.375,0.356,0.379,0.501,0.48,0.087,0.411
21,B1_3,0.086,0.37,0.696,0.501,0.892,0.462,1.0,0.545,0.692,0.772,0.78,0.767,0.817,-0.011,-0.095,-0.144
21,A2_1,-0.168,0.555,0.653,0.81,0.452,0.03,0.545,1.0,0.808,0.699,0.31,0.57,0.323,-0.268,-0.174,-0.065
21,A2_2,-0.225,0.267,0.774,0.584,0.612,0.25,0.692,0.808,1.0,0.753,0.306,0.595,0.491,-0.274,-0.34,-0.232
21,A2_3,-0.087,0.455,0.835,0.749,0.732,0.375,0.772,0.699,0.753,1.0,0.696,0.895,0.652,-0.133,-0.16,-0.06
21,B2_1,0.163,0.42,0.563,0.532,0.744,0.356,0.78,0.31,0.306,0.696,1.0,0.786,0.83,0.121,-0.008,-0.083
21,B2_2,0.071,0.432,0.739,0.586,0.748,0.379,0.767,0.57,0.595,0.895,0.786,1.0,0.738,-0.222,-0.177,-0.27
21,B2_3,0.176,0.38,0.578,0.356,0.852,0.501,0.817,0.323,0.491,0.652,0.83,0.738,1.0,0.028,-0.132,-0.127
21,y1,0.495,0.058,-0.346,-0.099,0.192,0.48,-0.011,-0.268,-0.274,-0.133,0.121,-0.222,0.028,1.0,0.688,0.72
21,y2,0.476,-0.009,-0.392,-0.064,0.029,0.087,-0.095,-0.174,-0.34,-0.16,-0.008,-0.177,-0.132,0.688,1.0,0.64
21,y3,0.454,0.361,-0.232,0.121,0.082,0.411,-0.144,-0.065,-0.232,-0.06,-0.083,-0.27,-0.127,0.72,0.64,1.0
22,.,1.0,0.424,-0.1,-0.252,0.215,0.532,0.068,-0.175,-0.231,-0.107,0.152,0.056,0.165,0.486,0.476,0.459
22,A1_1,0.424,1.0,0.471,0.545,0.383,0.41,0.365,0.563,0.285,0.458,0.416,0.43,0.385,0.047,-0.011,0.355
22,A1_2,-0.1,0.471,1.0,0.622,0.532,0.281,0.696,0.664,0.783,0.837,0.56,0.737,0.577,-0.363,-0.399,-0.242
22,A1_3,-0.252,0.545,0.622,1.0,0.42,0.052,0.499,0.821,0.6,0.753,0.521,0.584,0.356,-0.122,-0.076,0.104
22,B1_1,0.215,0.383,0.532,0.42,1.0,0.673,0.896,0.452,0.613,0.729,0.753,0.753,0.861,0.168,0.017,0.067
22,B1_2,0.532,0.41,0.281,0.052,0.673,1.0,0.47,0.035,0.255,0.373,0.37,0.388,0.515,0.465,0.083,0.401
22,B1_3,0.068,0.365,0.696,0.499,0.896,0.47,1.0,0.543,0.694,0.773,0.788,0.774,0.827,-0.035,-0.107,-0.156
22,A2_1,-0.175,0.563,0.664,0.821,0.452,0.035,0.543,1.0,0.814,0.709,0.313,0.573,0.332,-0.279,-0.18,-0.073
22,A2_2,-0.231,0.285,0.783,0.6,0.613,0.255,0.694,0.814,1.0,0.76,0.315,0.601,0.497,-0.287,-0.342,-0.239
22,A2_3,-0.107,0.458,0.837,0.753,0.729,0.373,0.773,0.709,0.76,1.0,0.694,0.895,0.653,-0.159,-0.176,-0.077
22,B2_1,0.152,0.416,0.56,0.521,0.753,0.37,0.788,0.313,0.315,0.694,1.0,0.787,0.835,0.101,-0.019,-0.087
22,B2_2,0.056,0.43,0.737,0.584,0.753,0.388,0.774,0.573,0.601,0.895,0.787,1.0,0.744,-0.244,-0.192,-0.279
22,B2_3,0.165,0.385,0.577,0.356,0.861,0.515,0.827,0.332,0.497,0.653,0.835,0.744,1.0,0.005,-0.143,-0.13
22,y1,0.486,0.047,-0.363,-0.122,0.168,0.465,-0.035,-0.279,-0.287,-0.159,0.101,-0.244,0.005,1.0,0.696,0.734
22,y2,0.476,-0.011,-0.399,-0.076,0.017,0.083,-0.107,-0.18,-0.342,-0.176,-0.019,-0.192,-0.143,0.696,1.0,0.651
22,y3,0.459,0.355,-0.242,0.104,0.067,0.401,-0.156,-0.073,-0.239,-0.077,-0.087,-0.279,-0.13,0.734,0.651,1.0
23,.,1.0,0.426,-0.114,-0.27,0.192,0.523,0.052,-0.186,-0.241,-0.132,0.14,0.038,0.154,0.475,0.474,0.459
23,A1_1,0.426,1.0,0.471,0.537,0.371,0.41,0.359,0.56,0.291,0.448,0.405,0.415,0.383,0.04,-0.012,0.353
23,A1_2,-0.114,0.471,1.0,0.633,0.532,0.272,0.694,0.675,0.793,0.84,0.56,0.737,0.58,-0.382,-0.411,-0.256
23,A1_3,-0.27,0.537,0.633,1.0,0.414,0.038,0.499,0.831,0.616,0.757,0.514,0.583,0.358,-0.149,-0.097,0.08
23,B1_1,0.192,0.371,0.532,0.414,1.0,0.671,0.9,0.451,0.614,0.726,0.763,0.759,0.87,0.143,-0.001,0.048
23,B1_2,0.523,0.41,0.272,0.038,0.671,1.0,0.474,0.032,0.251,0.361,0.38,0.388,0.522,0.454,0.081,0.395
23,B1_3,0.052,0.359,0.694,0.499,0.9,0.474,1.0,0.541,0.695,0.772,0.796,0.779,0.835,-0.057,-0.12,-0.164
23,A2_1,-0.186,0.56,0.675,0.831,0.451,0.032,0.541,1.0,0.819,0.719,0.318,0.576,0.342,-0.291,-0.19,-0.086
23,A2_2,-0.241,0.291,0.793,0.616,0.614,0.251,0.695,0.819,1.0,0.77,0.329,0.608,0.506,-0.301,-0.349,-0.248
23,A2_3,-0.132,0.448,0.84,0.757,0.726,0.361,0.772,0.719,0.77,1.0,0.692,0.895,0.657,-0.189,-0.2,-0.101
23,B2_1,0.14,0.405,0.56,0.514,0.763,0.38,0.796,0.318,0.329,0.692,1.0,0.791,0.841,0.078,-0.035,-0.095
23,B2_2,0.038,0.415,0.737,0.583,0.759,0.388,0.779,0.576,0.608,0.895,0.791,1.0,0.753,-0.267,-0.213,-0.295
23,B2_3,0.154,0.383,0.58,0.358,0.87,0.522,0.835,0.342,0.506,0.657,0.841,0.753,1.0,-0.018,-0.157,-0.137
23,y1,0.475,0.04,-0.382,-0.149,0.143,0.454,-0.057,-0.291,-0.301,-0.189,0.078,-0.267,-0.018,1.0,0.704,0.746
23,y2,0.474,-0.012,-0.411,-0.097,-0.001,0.081,-0.12,-0.19,-0.349,-0.2,-0.035,-0.213,-0.157,0.704,1.0,0.661
23,y3,0.459,0.353,-0.256,0.08,0.048,0.395,-0.164,-0.086,-0.248,-0.101,-0.095,-0.295,-0.137,0.746,0.661,1.0
24,.,1.0,0.42,-0.118,-0.277,0.182,0.513,0.042,-0.19,-0.243,-0.145,0.135,0.032,0.151,0.459,0.469,0.456
24,A1_1,0.42,1.0,0.48,0.543,0.366,0.404,0.355,0.568,0.307,0.454,0.403,0.415,0.387,0.023,-0.02,0.344
24,A1_2,-0.118,0.48,1.0,0.639,0.523,0.267,0.688,0.683,0.798,0.841,0.556,0.733,0.575,-0.396,-0.416,-0.264
24,A1_3,-0.277,0.543,0.639,1.0,0.405,0.032,0.493,0.839,0.626,0.76,0.504,0.578,0.355,-0.164,-0.105,0.069
24,B1_1,0.182,0.366,0.523,0.405,1.0,0.677,0.902,0.444,0.608,0.718,0.771,0.761,0.875,0.133,-0.005,0.042
24,B1_2,0.513,0.404,0.267,0.032,0.677,1.0,0.482,0.033,0.251,0.355,0.394,0.396,0.535,0.441,0.077,0.388
24,B1_3,0.042,0.355,0.688,0.493,0.902,0.482,1.0,0.535,0.692,0.769,0.803,0.784,0.841,-0.07,-0.127,-0.171
