,,.,A1_1,A1_2,A1_3,B1_1,B1_2,B1_3,A2_1,A2_2,A2_3,B2_1,B2_2,B2_3,y1,y2,y3
1,.,1.0,0.863,0.849,0.868,0.831,0.812,0.849,0.887,0.843,0.773,0.815,0.773,0.804,0.81,0.787,0.753
1,A1_1,0.863,1.0,0.738,0.792,0.832,0.811,0.821,0.817,0.761,0.779,0.873,0.728,0.677,0.795,0.754,0.733
1,A1_2,0.849,0.738,1.0,0.745,0.795,0.746,0.729,0.741,0.749,0.798,0.742,0.689,0.718,0.68,0.712,0.803
1,A1_3,0.868,0.792,0.745,1.0,0.814,0.845,0.834,0.715,0.751,0.726,0.725,0.72,0.675,0.789,0.715,0.781
1,B1_1,0.831,0.832,0.795,0.814,1.0,0.811,0.777,0.801,0.775,0.744,0.844,0.84,0.731,0.775,0.877,0.815
1,B1_2,0.812,0.811,0.746,0.845,0.811,1.0,0.802,0.753,0.787,0.723,0.783,0.744,0.745,0.79,0.761,0.764
1,B1_3,0.849,0.821,0.729,0.834,0.777,0.802,1.0,0.828,0.762,0.747,0.762,0.717,0.765,0.852,0.733,0.769
1,A2_1,0.887,0.817,0.741,0.715,0.801,0.753,0.828,1.0,0.796,0.678,0.784,0.77,0.835,0.793,0.797,0.757
1,A2_2,0.843,0.761,0.749,0.751,0.775,0.787,0.762,0.796,1.0,0.745,0.786,0.77,0.866,0.748,0.761,0.673
1,A2_3,0.773,0.779,0.798,0.726,0.744,0.723,0.747,0.678,0.745,1.0,0.736,0.654,0.689,0.731,0.72,0.65
1,B2_1,0.815,0.873,0.742,0.725,0.844,0.783,0.762,0.784,0.786,0.736,1.0,0.735,0.706,0.795,0.811,0.739
1,B2_2,0.773,0.728,0.689,0.72,0.84,0.744,0.717,0.77,0.77,0.654,0.735,1.0,0.714,0.715,0.799,0.757
1,B2_3,0.804,0.677,0.718,0.675,0.731,0.745,0.765,0.835,0.866,0.689,0.706,0.714,1.0,0.723,0.774,0.737
1,y1,0.81,0.795,0.68,0.789,0.775,0.79,0.852,0.793,0.748,0.731,0.795,0.715,0.723,1.0,0.745,0.671
1,y2,0.787,0.754,0.712,0.715,0.877,0.761,0.733,0.797,0.761,0.72,0.811,0.799,0.774,0.745,1.0,0.736
1,y3,0.753,0.733,0.803,0.781,0.815,0.764,0.769,0.757,0.673,0.65,0.739,0.757,0.737,0.671,0.736,1.0
2,.,1.0,0.874,0.857,0.876,0.842,0.826,0.858,0.896,0.853,0.789,0.831,0.789,0.819,0.823,0.802,0.767
2,A1_1,0.874,1.0,0.756,0.808,0.846,0.827,0.838,0.832,0.78,0.797,0.884,0.751,0.706,0.81,0.77,0.751
2,A1_2,0.857,0.756,1.0,0.762,0.811,0.766,0.751,0.76,0.768,0.816,0.762,0.714,0.742,0.7,0.731,0.817
2,A1_3,0.876,0.808,0.762,1.0,0.828,0.856,0.847,0.736,0.769,0.749,0.745,0.739,0.7,0.803,0.734,0.797
2,B1_1,0.842,0.846,0.811,0.828,1.0,0.827,0.798,0.815,0.792,0.768,0.856,0.851,0.754,0.791,0.883,0.828
2,B1_2,0.826,0.827,0.766,0.856,0.827,1.0,0.822,0.772,0.806,0.748,0.801,0.764,0.769,0.805,0.776,0.781
2,B1_3,0.858,0.838,0.751,0.847,0.798,0.822,1.0,0.842,0.784,0.771,0.784,0.74,0.787,0.863,0.752,0.787
2,A2_1,0.896,0.832,0.76,0.736,0.815,0.772,0.842,1.0,0.812,0.703,0.8,0.787,0.848,0.807,0.808,0.772
2,A2_2,0.853,0.78,0.768,0.769,0.792,0.806,0.784,0.812,1.0,0.768,0.803,0.789,0.878,0.766,0.778,0.695
2,A2_3,0.789,0.797,0.816,0.749,0.768,0.748,0.771,0.703,0.768,1.0,0.758,0.685,0.718,0.749,0.738,0.676
2,B2_1,0.831,0.884,0.762,0.745,0.856,0.801,0.784,0.8,0.803,0.758,1.0,0.756,0.732,0.809,0.821,0.755
2,B2_2,0.789,0.751,0.714,0.739,0.851,0.764,0.74,0.787,0.789,0.685,0.756,1.0,0.736,0.734,0.811,0.771
2,B2_3,0.819,0.706,0.742,0.7,0.754,0.769,0.787,0.848,0.878,0.718,0.732,0.736,1.0,0.745,0.788,0.756
2,y1,0.823,0.81,0.7,0.803,0.791,0.805,0.863,0.807,0.766,0.749,0.809,0.734,0.745,1.0,0.76,0.692
2,y2,0.802,0.77,0.731,0.734,0.883,0.776,0.752,0.808,0.778,0.738,0.821,0.811,0.788,0.76,1.0,0.751
2,y3,0.767,0.751,0.817,0.797,0.828,0.781,0.787,0.772,0.695,0.676,0.755,0.771,0.756,0.692,0.751,1.0
3,.,1.0,0.883,0.866,0.884,0.854,0.839,0.867,0.903,0.863,0.805,0.846,0.807,0.833,0.835,0.816,0.781
3,A1_1,0.883,1.0,0.775,0.825,0.86,0.843,0.854,0.846,0.799,0.815,0.894,0.774,0.735,0.825,0.786,0.768
3,A1_2,0.866,0.775,1.0,0.781,0.828,0.786,0.773,0.778,0.787,0.833,0.781,0.74,0.765,0.721,0.75,0.83
3,A1_3,0.884,0.825,0.781,1.0,0.843,0.868,0.861,0.758,0.789,0.773,0.767,0.76,0.727,0.818,0.754,0.813
3,B1_1,0.854,0.86,0.828,0.843,1.0,0.844,0.82,0.829,0.811,0.791,0.869,0.864,0.778,0.807,0.89,0.841
3,B1_2,0.839,0.843,0.786,0.868,0.844,1.0,0.842,0.791,0.825,0.773,0.82,0.786,0.793,0.82,0.793,0.797
3,B1_3,0.867,0.854,0.773,0.861,0.82,0.842,1.0,0.855,0.805,0.794,0.806,0.766,0.81,0.874,0.772,0.805
3,A2_1,0.903,0.846,0.778,0.758,0.829,0.791,0.855,1.0,0.828,0.728,0.816,0.805,0.861,0.82,0.82,0.787
3,A2_2,0.863,0.799,0.787,0.789,0.811,0.825,0.805,0.828,1.0,0.791,0.821,0.81,0.89,0.785,0.794,0.717
3,A2_3,0.805,0.815,0.833,0.773,0.791,0.773,0.794,0.728,0.791,1.0,0.78,0.717,0.747,0.768,0.758,0.703
3,B2_1,0.846,0.894,0.781,0.767,0.869,0.82,0.806,0.816,0.821,0.78,1.0,0.778,0.758,0.823,0.832,0.772
3,B2_2,0.807,0.774,0.74,0.76,0.864,0.786,0.766,0.805,0.81,0.717,0.778,1.0,0.76,0.755,0.824,0.788
3,B2_3,0.833,0.735,0.765,0.727,0.778,0.793,0.81,0.861,0.89,0.747,0.758,0.76,1.0,0.767,0.803,0.775
3,y1,0.835,0.825,0.721,0.818,0.807,0.82,0.874,0.82,0.785,0.768,0.823,0.755,0.767,1.0,0.776,0.714
3,y2,0.816,0.786,0.75,0.754,0.89,0.793,0.772,0.82,0.794,0.758,0.832,0.824,0.803,0.776,1.0,0.768
3,y3,0.781,0.768,0.83,0.813,0.841,0.797,0.805,0.787,0.717,0.703,0.772,0.788,0.775,0.714,0.768,1.0
4,.,1.0,0.89,0.873,0.891,0.861,0.848,0.873,0.909,0.871,0.816,0.857,0.82,0.843,0.844,0.825,0.791
4,A1_1,0.89,1.0,0.79,0.838,0.871,0.856,0.867,0.857,0.815,0.829,0.902,0.793,0.758,0.836,0.798,0.78
4,A1_2,0.873,0.79,1.0,0.797,0.841,0.803,0.79,0.793,0.803,0.846,0.797,0.762,0.785,0.737,0.765,0.84
4,A1_3,0.891,0.838,0.797,1.0,0.855,0.878,0.872,0.776,0.806,0.791,0.785,0.779,0.749,0.829,0.771,0.825
4,B1_1,0.861,0.871,0.841,0.855,1.0,0.858,0.839,0.84,0.827,0.809,0.88,0.875,0.798,0.82,0.896,0.851
4,B1_2,0.848,0.856,0.803,0.878,0.858,1.0,0.858,0.807,0.841,0.792,0.836,0.805,0.813,0.832,0.806,0.81
4,B1_3,0.873,0.867,0.79,0.872,0.839,0.858,1.0,0.865,0.823,0.812,0.824,0.788,0.829,0.883,0.787,0.819
4,A2_1,0.909,0.857,0.793,0.776,0.84,0.807,0.865,1.0,0.841,0.747,0.828,0.82,0.871,0.83,0.829,0.799
4,A2_2,0.871,0.815,0.803,0.806,0.827,0.841,0.823,0.841,1.0,0.809,0.836,0.827,0.899,0.799,0.807,0.735
4,A2_3,0.816,0.829,0.846,0.791,0.809,0.792,0.812,0.747,0.809,1.0,0.797,0.742,0.77,0.783,0.773,0.723
4,B2_1,0.857,0.902,0.797,0.785,0.88,0.836,0.824,0.828,0.836,0.797,1.0,0.798,0.78,0.834,0.841,0.785
4,B2_2,0.82,0.793,0.762,0.779,0.875,0.805,0.788,0.82,0.827,0.742,0.798,1.0,0.781,0.772,0.835,0.801
4,B2_3,0.843,0.758,0.785,0.749,0.798,0.813,0.829,0.871,0.899,0.77,0.78,0.781,1.0,0.784,0.815,0.79
4,y1,0.844,0.836,0.737,0.829,0.82,0.832,0.883,0.83,0.799,0.783,0.834,0.772,0.784,1.0,0.789,0.731
4,y2,0.825,0.798,0.765,0.771,0.896,0.806,0.787,0.829,0.807,0.773,0.841,0.835,0.815,0.789,1.0,0.781
4,y3,0.791,0.78,0.84,0.825,0.851,0.81,0.819,0.799,0.735,0.723,0.785,0.801,0.79,0.731,0.781,1.0
5,.,1.0,0.895,0.876,0.894,0.865,0.853,0.876,0.912,0.875,0.822,0.864,0.828,0.849,0.848,0.83,0.795
5,A1_1,0.895,1.0,0.8,0.848,0.878,0.864,0.876,0.865,0.826,0.839,0.908,0.808,0.774,0.842,0.806,0.788
5,A1_2,0.876,0.8,1.0,0.808,0.849,0.814,0.803,0.804,0.814,0.855,0.808,0.777,0.798,0.748,0.774,0.845
5,A1_3,0.894,0.848,0.808,1.0,0.864,0.885,0.88,0.788,0.818,0.805,0.798,0.793,0.766,0.837,0.782,0.833
5,B1_1,0.865,0.878,0.849,0.864,1.0,0.87,0.853,0.848,0.839,0.822,0.889,0.884,0.814,0.829,0.899,0.857
5,B1_2,0.853,0.864,0.814,0.885,0.87,1.0,0.871,0.817,0.852,0.807,0.848,0.821,0.829,0.84,0.815,0.819
5,B1_3,0.876,0.876,0.803,0.88,0.853,0.871,1.0,0.873,0.836,0.825,0.838,0.805,0.844,0.888,0.798,0.829
5,A2_1,0.912,0.865,0.804,0.788,0.848,0.817,0.873,1.0,0.85,0.762,0.837,0.831,0.878,0.837,0.835,0.806
5,A2_2,0.875,0.826,0.814,0.818,0.839,0.852,0.836,0.85,1.0,0.823,0.847,0.84,0.907,0.809,0.816,0.747
5,A2_3,0.822,0.839,0.855,0.805,0.822,0.807,0.825,0.762,0.823,1.0,0.809,0.762,0.787,0.793,0.784,0.736
5,B2_1,0.864,0.908,0.808,0.798,0.889,0.848,0.838,0.837,0.847,0.809,1.0,0.813,0.797,0.841,0.846,0.794
5,B2_2,0.828,0.808,0.777,0.793,0.884,0.821,0.805,0.831,0.84,0.762,0.813,1.0,0.798,0.784,0.842,0.81
5,B2_3,0.849,0.774,0.798,0.766,0.814,0.829,0.844,0.878,0.907,0.787,0.797,0.798,1.0,0.796,0.823,0.801
5,y1,0.848,0.842,0.748,0.837,0.829,0.84,0.888,0.837,0.809,0.793,0.841,0.784,0.796,1.0,0.797,0.742
5,y2,0.83,0.806,0.774,0.782,0.899,0.815,0.798,0.835,0.816,0.784,0.846,0.842,0.823,0.797,1.0,0.79
5,y3,0.795,0.788,0.845,0.833,0.857,0.819,0.829,0.806,0.747,0.736,0.794,0.81,0.801,0.742,0.79,1.0
6,.,1.0,0.896,0.877,0.895,0.864,0.852,0.875,0.912,0.876,0.823,0.866,0.83,0.85,0.847,0.83,0.793
6,A1_1,0.896,1.0,0.807,0.854,0.883,0.869,0.881,0.87,0.834,0.845,0.911,0.817,0.785,0.844,0.81,0.791
6,A1_2,0.877,0.807,1.0,0.815,0.853,0.82,0.81,0.81,0.822,0.86,0.814,0.787,0.806,0.752,0.779,0.847
6,A1_3,0.895,0.854,0.815,1.0,0.869,0.888,0.884,0.796,0.826,0.813,0.806,0.802,0.776,0.841,0.788,0.837
6,B1_1,0.864,0.883,0.853,0.869,1.0,0.878,0.863,0.853,0.847,0.83,0.895,0.891,0.825,0.833,0.899,0.861
6,B1_2,0.852,0.869,0.82,0.888,0.878,1.0,0.88,0.824,0.86,0.815,0.856,0.832,0.84,0.843,0.819,0.824
6,B1_3,0.875,0.881,0.81,0.884,0.863,0.88,1.0,0.877,0.845,0.834,0.848,0.818,0.854,0.891,0.804,0.834
6,A2_1,0.912,0.87,0.81,0.796,0.853,0.824,0.877,1.0,0.856,0.77,0.842,0.837,0.882,0.839,0.837,0.809
6,A2_2,0.876,0.834,0.822,0.826,0.847,0.86,0.845,0.856,1.0,0.832,0.855,0.849,0.911,0.814,0.821,0.754
6,A2_3,0.823,0.845,0.86,0.813,0.83,0.815,0.834,0.77,0.832,1.0,0.816,0.775,0.797,0.798,0.79,0.744
6,B2_1,0.866,0.911,0.814,0.806,0.895,0.856,0.848,0.842,0.855,0.816,1.0,0.824,0.809,0.844,0.848,0.798
6,B2_2,0.83,0.817,0.787,0.802,0.891,0.832,0.818,0.837,0.849,0.775,0.824,1.0,0.81,0.791,0.846,0.816
6,B2_3,0.85,0.785,0.806,0.776,0.825,0.84,0.854,0.882,0.911,0.797,0.809,0.81,1.0,0.803,0.827,0.807
6,y1,0.847,0.844,0.752,0.841,0.833,0.843,0.891,0.839,0.814,0.798,0.844,0.791,0.803,1.0,0.802,0.747
6,y2,0.83,0.81,0.779,0.788,0.899,0.819,0.804,0.837,0.821,0.79,0.848,0.846,0.827,0.802,1.0,0.795
6,y3,0.793,0.791,0.847,0.837,0.861,0.824,0.834,0.809,0.754,0.744,0.798,0.816,0.807,0.747,0.795,1.0
7,.,1.0,0.894,0.875,0.893,0.859,0.847,0.869,0.909,0.873,0.819,0.865,0.828,0.846,0.842,0.825,0.785
7,A1_1,0.894,1.0,0.809,0.856,0.885,0.871,0.884,0.872,0.838,0.848,0.913,0.822,0.791,0.843,0.809,0.79
7,A1_2,0.875,0.809,1.0,0.818,0.854,0.822,0.812,0.812,0.825,0.862,0.817,0.791,0.809,0.752,0.779,0.846
7,A1_3,0.893,0.856,0.818,1.0,0.871,0.889,0.885,0.799,0.83,0.817,0.81,0.807,0.781,0.84,0.789,0.837
7,B1_1,0.859,0.885,0.854,0.871,1.0,0.884,0.87,0.854,0.852,0.834,0.898,0.896,0.833,0.833,0.898,0.861
7,B1_2,0.847,0.871,0.822,0.889,0.884,1.0,0.887,0.826,0.865,0.82,0.862,0.84,0.848,0.842,0.819,0.825
7,B1_3,0.869,0.884,0.812,0.885,0.87,0.887,1.0,0.878,0.851,0.838,0.855,0.827,0.861,0.89,0.806,0.835
7,A2_1,0.909,0.872,0.812,0.799,0.854,0.826,0.878,1.0,0.859,0.774,0.844,0.84,0.884,0.838,0.836,0.807
7,A2_2,0.873,0.838,0.825,0.83,0.852,0.865,0.851,0.859,1.0,0.838,0.859,0.856,0.914,0.814,0.821,0.756
7,A2_3,0.819,0.848,0.862,0.817,0.834,0.82,0.838,0.774,0.838,1.0,0.819,0.782,0.803,0.798,0.791,0.746
7,B2_1,0.865,0.913,0.817,0.81,0.898,0.862,0.855,0.844,0.859,0.819,1.0,0.832,0.817,0.843,0.847,0.798
7,B2_2,0.828,0.822,0.791,0.807,0.896,0.84,0.827,0.84,0.856,0.782,0.832,1.0,0.818,0.793,0.846,0.817
7,B2_3,0.846,0.791,0.809,0.781,0.833,0.848,0.861,0.884,0.914,0.803,0.817,0.818,1.0,0.805,0.827,0.809
7,y1,0.842,0.843,0.752,0.84,0.833,0.842,0.89,0.838,0.814,0.798,0.843,0.793,0.805,1.0,0.803,0.748
7,y2,0.825,0.809,0.779,0.789,0.898,0.819,0.806,0.836,0.821,0.791,0.847,0.846,0.827,0.803,1.0,0.796
7,y3,0.785,0.79,0.846,0.837,0.861,0.825,0.835,0.807,0.756,0.746,0.798,0.817,0.809,0.748,0.796,1.0
8,.,1.0,0.889,0.87,0.888,0.848,0.836,0.858,0.904,0.866,0.811,0.859,0.819,0.837,0.833,0.815,0.772
8,A1_1,0.889,1.0,0.809,0.855,0.884,0.87,0.883,0.871,0.839,0.847,0.912,0.824,0.793,0.837,0.805,0.784
8,A1_2,0.87,0.809,1.0,0.817,0.851,0.82,0.811,0.812,0.826,0.862,0.816,0.791,0.808,0.746,0.776,0.841
8,A1_3,0.888,0.855,0.817,1.0,0.871,0.886,0.884,0.798,0.83,0.817,0.81,0.808,0.782,0.837,0.787,0.835
8,B1_1,0.848,0.884,0.851,0.871,1.0,0.888,0.875,0.853,0.854,0.835,0.9,0.899,0.837,0.83,0.894,0.858
8,B1_2,0.836,0.87,0.82,0.886,0.888,1.0,0.891,0.825,0.867,0.821,0.865,0.845,0.853,0.838,0.816,0.822
8,B1_3,0.858,0.883,0.811,0.884,0.875,0.891,1.0,0.877,0.854,0.838,0.86,0.833,0.866,0.886,0.803,0.833
8,A2_1,0.904,0.871,0.812,0.798,0.853,0.825,0.877,1.0,0.86,0.775,0.844,0.84,0.883,0.833,0.832,0.803
8,A2_2,0.866,0.839,0.826,0.83,0.854,0.867,0.854,0.86,1.0,0.84,0.862,0.859,0.916,0.81,0.818,0.753
8,A2_3,0.811,0.847,0.862,0.817,0.835,0.821,0.838,0.775,0.84,1.0,0.819,0.786,0.805,0.794,0.789,0.743
8,B2_1,0.859,0.912,0.816,0.81,0.9,0.865,0.86,0.844,0.862,0.819,1.0,0.836,0.822,0.839,0.843,0.794
8,B2_2,0.819,0.824,0.791,0.808,0.899,0.845,0.833,0.84,0.859,0.786,0.836,1.0,0.823,0.79,0.843,0.815
8,B2_3,0.837,0.793,0.808,0.782,0.837,0.853,0.866,0.883,0.916,0.805,0.822,0.823,1.0,0.803,0.824,0.807
8,y1,0.833,0.837,0.746,0.837,0.83,0.838,0.886,0.833,0.81,0.794,0.839,0.79,0.803,1.0,0.801,0.743
8,y2,0.815,0.805,0.776,0.787,0.894,0.816,0.803,0.832,0.818,0.789,0.843,0.843,0.824,0.801,1.0,0.794
8,y3,0.772,0.784,0.841,0.835,0.858,0.822,0.833,0.803,0.753,0.743,0.794,0.815,0.807,0.743,0.794,1.0
9,.,1.0,0.882,0.862,0.88,0.832,0.818,0.842,0.896,0.855,0.798,0.849,0.805,0.823,0.819,0.801,0.753
9,A1_1,0.882,1.0,0.806,0.853,0.882,0.867,0.881,0.869,0.838,0.845,0.911,0.823,0.792,0.829,0.797,0.776
9,A1_2,0.862,0.806,1.0,0.815,0.845,0.814,0.806,0.809,0.824,0.86,0.812,0.788,0.803,0.737,0.768,0.834
9,A1_3,0.88,0.853,0.815,1.0,0.868,0.882,0.88,0.795,0.828,0.815,0.807,0.805,0.779,0.83,0.781,0.829
9,B1_1,0.832,0.882,0.845,0.868,1.0,0.89,0.878,0.849,0.855,0.833,0.901,0.901,0.841,0.823,0.888,0.852
9,B1_2,0.818,0.867,0.814,0.882,0.89,1.0,0.895,0.821,0.868,0.82,0.867,0.849,0.857,0.83,0.809,0.816
9,B1_3,0.842,0.881,0.806,0.88,0.878,0.895,1.0,0.874,0.855,0.837,0.863,0.838,0.87,0.879,0.798,0.828
9,A2_1,0.896,0.869,0.809,0.795,0.849,0.821,0.874,1.0,0.859,0.772,0.841,0.837,0.88,0.825,0.825,0.795
9,A2_2,0.855,0.838,0.824,0.828,0.855,0.868,0.855,0.859,1.0,0.84,0.863,0.86,0.916,0.803,0.812,0.746
9,A2_3,0.798,0.845,0.86,0.815,0.833,0.82,0.837,0.772,0.84,1.0,0.817,0.786,0.804,0.787,0.784,0.737
9,B2_1,0.849,0.911,0.812,0.807,0.901,0.867,0.863,0.841,0.863,0.817,1.0,0.839,0.826,0.832,0.836,0.788
9,B2_2,0.805,0.823,0.788,0.805,0.901,0.849,0.838,0.837,0.86,0.786,0.839,1.0,0.827,0.783,0.837,0.81
9,B2_3,0.823,0.792,0.803,0.779,0.841,0.857,0.87,0.88,0.916,0.804,0.826,0.827,1.0,0.796,0.818,0.802
9,y1,0.819,0.829,0.737,0.83,0.823,0.83,0.879,0.825,0.803,0.787,0.832,0.783,0.796,1.0,0.796,0.736
9,y2,0.801,0.797,0.768,0.781,0.888,0.809,0.798,0.825,0.812,0.784,0.836,0.837,0.818,0.796,1.0,0.79
9,y3,0.753,0.776,0.834,0.829,0.852,0.816,0.828,0.795,0.746,0.737,0.788,0.81,0.802,0.736,0.79,1.0
10,.,1.0,0.87,0.852,0.869,0.809,0.794,0.819,0.885,0.839,0.779,0.833,0.784,0.802,0.799,0.781,0.728
10,A1_1,0.87,1.0,0.802,0.848,0.878,0.861,0.876,0.866,0.836,0.841,0.908,0.82,0.788,0.817,0.786,0.764
10,A1_2,0.852,0.802,1.0,0.809,0.836,0.805,0.798,0.803,0.819,0.855,0.805,0.78,0.796,0.723,0.757,0.823
10,A1_3,0.869,0.848,0.809,1.0,0.862,0.874,0.873,0.79,0.824,0.81,0.801,0.8,0.773,0.821,0.772,0.821
10,B1_1,0.809,0.878,0.836,0.862,1.0,0.892,0.881,0.843,0.854,0.829,0.901,0.902,0.842,0.812,0.879,0.844
10,B1_2,0.794,0.861,0.805,0.874,0.892,1.0,0.897,0.814,0.866,0.815,0.868,0.852,0.859,0.817,0.799,0.807
10,B1_3,0.819,0.876,0.798,0.873,0.881,0.897,1.0,0.868,0.855,0.833,0.865,0.841,0.872,0.869,0.788,0.819
10,A2_1,0.885,0.866,0.803,0.79,0.843,0.814,0.868,1.0,0.856,0.767,0.836,0.831,0.876,0.814,0.816,0.784
10,A2_2,0.839,0.836,0.819,0.824,0.854,0.866,0.855,0.856,1.0,0.839,0.862,0.86,0.915,0.791,0.802,0.736
10,A2_3,0.779,0.841,0.855,0.81,0.829,0.815,0.833,0.767,0.839,1.0,0.812,0.784,0.801,0.776,0.775,0.727
10,B2_1,0.833,0.908,0.805,0.801,0.901,0.868,0.865,0.836,0.862,0.812,1.0,0.841,0.828,0.822,0.826,0.778
10,B2_2,0.784,0.82,0.78,0.8,0.902,0.852,0.841,0.831,0.86,0.784,0.841,1.0,0.829,0.771,0.827,0.802
10,B2_3,0.802,0.788,0.796,0.773,0.842,0.859,0.872,0.876,0.915,0.801,0.828,0.829,1.0,0.786,0.809,0.793
10,y1,0.799,0.817,0.723,0.821,0.812,0.817,0.869,0.814,0.791,0.776,0.822,0.771,0.786,1.0,0.788,0.724
10,y2,0.781,0.786,0.757,0.772,0.879,0.799,0.788,0.816,0.802,0.775,0.826,0.827,0.809,0.788,1.0,0.783
10,y3,0.728,0.764,0.823,0.821,0.844,0.807,0.819,0.784,0.736,0.727,0.778,0.802,0.793,0.724,0.783,1.0
11,.,1.0,0.855,0.838,0.854,0.778,0.76,0.789,0.87,0.817,0.755,0.81,0.754,0.773,0.775,0.755,0.696
11,A1_1,0.855,1.0,0.795,0.843,0.872,0.853,0.87,0.861,0.831,0.836,0.903,0.813,0.782,0.801,0.772,0.748
11,A1_2,0.838,0.795,1.0,0.803,0.824,0.792,0.786,0.797,0.813,0.85,0.795,0.769,0.784,0.706,0.743,0.81
11,A1_3,0.854,0.843,0.803,1.0,0.854,0.863,0.864,0.782,0.818,0.803,0.793,0.79,0.763,0.809,0.76,0.811
11,B1_1,0.778,0.872,0.824,0.854,1.0,0.893,0.883,0.835,0.851,0.822,0.901,0.903,0.843,0.797,0.867,0.833
11,B1_2,0.76,0.853,0.792,0.863,0.893,1.0,0.899,0.804,0.863,0.809,0.868,0.854,0.861,0.8,0.785,0.795
11,B1_3,0.789,0.87,0.786,0.864,0.883,0.899,1.0,0.86,0.853,0.827,0.866,0.843,0.874,0.855,0.775,0.807
11,A2_1,0.87,0.861,0.797,0.782,0.835,0.804,0.86,1.0,0.851,0.76,0.829,0.823,0.869,0.8,0.804,0.77
11,A2_2,0.817,0.831,0.813,0.818,0.851,0.863,0.853,0.851,1.0,0.836,0.861,0.859,0.913,0.775,0.79,0.722
11,A2_3,0.755,0.836,0.85,0.803,0.822,0.809,0.827,0.76,0.836,1.0,0.805,0.778,0.795,0.763,0.764,0.714
11,B2_1,0.81,0.903,0.795,0.793,0.901,0.868,0.866,0.829,0.861,0.805,1.0,0.842,0.829,0.808,0.813,0.764
11,B2_2,0.754,0.813,0.769,0.79,0.903,0.854,0.843,0.823,0.859,0.778,0.842,1.0,0.831,0.755,0.814,0.79
11,B2_3,0.773,0.782,0.784,0.763,0.843,0.861,0.874,0.869,0.913,0.795,0.829,0.831,1.0,0.77,0.797,0.781
11,y1,0.775,0.801,0.706,0.809,0.797,0.8,0.855,0.8,0.775,0.763,0.808,0.755,0.77,1.0,0.779,0.71
11,y2,0.755,0.772,0.743,0.76,0.867,0.785,0.775,0.804,0.79,0.764,0.813,0.814,0.797,0.779,1.0,0.775
11,y3,0.696,0.748,0.81,0.811,0.833,0.795,0.807,0.77,0.722,0.714,0.764,0.79,0.781,0.71,0.775,1.0
12,.,1.0,0.835,0.82,0.835,0.737,0.715,0.748,0.85,0.787,0.724,0.777,0.713,0.734,0.744,0.722,0.656
12,A1_1,0.835,1.0,0.788,0.835,0.863,0.842,0.861,0.855,0.826,0.829,0.896,0.805,0.773,0.782,0.754,0.73
12,A1_2,0.82,0.788,1.0,0.794,0.807,0.775,0.771,0.788,0.804,0.843,0.781,0.753,0.768,0.685,0.725,0.793
12,A1_3,0.835,0.835,0.794,1.0,0.842,0.849,0.852,0.772,0.809,0.795,0.781,0.778,0.75,0.793,0.745,0.798
12,B1_1,0.737,0.863,0.807,0.842,1.0,0.894,0.884,0.824,0.848,0.814,0.9,0.903,0.844,0.777,0.852,0.819
12,B1_2,0.715,0.842,0.775,0.849,0.894,1.0,0.901,0.792,0.859,0.799,0.868,0.855,0.862,0.778,0.766,0.779
12,B1_3,0.748,0.861,0.771,0.852,0.884,0.901,1.0,0.85,0.85,0.818,0.867,0.846,0.875,0.835,0.758,0.792
12,A2_1,0.85,0.855,0.788,0.772,0.824,0.792,0.85,1.0,0.845,0.751,0.819,0.812,0.859,0.782,0.789,0.753
12,A2_2,0.787,0.826,0.804,0.809,0.848,0.859,0.85,0.845,1.0,0.832,0.858,0.856,0.91,0.755,0.773,0.704
12,A2_3,0.724,0.829,0.843,0.795,0.814,0.799,0.818,0.751,0.832,1.0,0.796,0.77,0.787,0.745,0.75,0.698
12,B2_1,0.777,0.896,0.781,0.781,0.9,0.868,0.867,0.819,0.858,0.796,1.0,0.842,0.83,0.788,0.796,0.747
12,B2_2,0.713,0.805,0.753,0.778,0.903,0.855,0.846,0.812,0.856,0.77,0.842,1.0,0.832,0.733,0.797,0.775
12,B2_3,0.734,0.773,0.768,0.75,0.844,0.862,0.875,0.859,0.91,0.787,0.83,0.832,1.0,0.75,0.78,0.766
12,y1,0.744,0.782,0.685,0.793,0.777,0.778,0.835,0.782,0.755,0.745,0.788,0.733,0.75,1.0,0.768,0.693
12,y2,0.722,0.754,0.725,0.745,0.852,0.766,0.758,0.789,0.773,0.75,0.796,0.797,0.78,0.768,1.0,0.764
12,y3,0.656,0.73,0.793,0.798,0.819,0.779,0.792,0.753,0.704,0.698,0.747,0.775,0.766,0.693,0.764,1.0
13,.,1.0,0.808,0.798,0.809,0.682,0.656,0.693,0.823,0.749,0.684,0.733,0.659,0.683,0.707,0.681,0.607
13,A1_1,0.808,1.0,0.778,0.826,0.853,0.828,0.849,0.847,0.818,0.821,0.888,0.792,0.761,0.757,0.732,0.707
13,A1_2,0.798,0.778,1.0,0.784,0.786,0.752,0.75,0.777,0.793,0.834,0.764,0.732,0.748,0.659,0.703,0.773
13,A1_3,0.809,0.826,0.784,1.0,0.827,0.831,0.835,0.76,0.798,0.784,0.765,0.76,0.733,0.774,0.726,0.782
13,B1_1,0.682,0.853,0.786,0.827,1.0,0.895,0.886,0.81,0.843,0.803,0.899,0.903,0.844,0.75,0.831,0.8
13,B1_2,0.656,0.828,0.752,0.831,0.895,1.0,0.902,0.775,0.853,0.787,0.868,0.857,0.863,0.748,0.742,0.757
13,B1_3,0.693,0.849,0.75,0.835,0.886,0.902,1.0,0.837,0.845,0.806,0.867,0.847,0.877,0.808,0.734,0.771
13,A2_1,0.823,0.847,0.777,0.76,0.81,0.775,0.837,1.0,0.837,0.74,0.807,0.797,0.847,0.76,0.77,0.731
13,A2_2,0.749,0.818,0.793,0.798,0.843,0.853,0.845,0.837,1.0,0.826,0.854,0.851,0.906,0.729,0.752,0.681
13,A2_3,0.684,0.821,0.834,0.784,0.803,0.787,0.806,0.74,0.826,1.0,0.785,0.759,0.775,0.724,0.733,0.678
13,B2_1,0.733,0.888,0.764,0.765,0.899,0.868,0.867,0.807,0.854,0.785,1.0,0.843,0.831,0.762,0.774,0.725
13,B2_2,0.659,0.792,0.732,0.76,0.903,0.857,0.847,0.797,0.851,0.759,0.843,1.0,0.833,0.704,0.774,0.754
13,B2_3,0.683,0.761,0.748,0.733,0.844,0.863,0.877,0.847,0.906,0.775,0.831,0.833,1.0,0.723,0.758,0.745
13,y1,0.707,0.757,0.659,0.774,0.75,0.748,0.808,0.76,0.729,0.724,0.762,0.704,0.723,1.0,0.755,0.673
13,y2,0.681,0.732,0.703,0.726,0.831,0.742,0.734,0.77,0.752,0.733,0.774,0.774,0.758,0.755,1.0,0.752
13,y3,0.607,0.707,0.773,0.782,0.8,0.757,0.771,0.731,0.681,0.678,0.725,0.754,0.745,0.673,0.752,1.0
14,.,1.0,0.773,0.771,0.778,0.611,0.58,0.622,0.789,0.699,0.636,0.674,0.587,0.615,0.664,0.634,0.55
14,A1_1,0.773,1.0,0.768,0.815,0.838,0.81,0.834,0.839,0.81,0.812,0.876,0.777,0.745,0.727,0.705,0.68
14,A1_2,0.771,0.768,1.0,0.773,0.759,0.723,0.724,0.765,0.779,0.824,0.74,0.704,0.722,0.629,0.677,0.75
14,A1_3,0.778,0.815,0.773,1.0,0.808,0.807,0.814,0.747,0.784,0.772,0.744,0.737,0.71,0.752,0.704,0.763
14,B1_1,0.611,0.838,0.759,0.808,1.0,0.896,0.887,0.793,0.837,0.788,0.899,0.904,0.845,0.715,0.804,0.775
14,B1_2,0.58,0.81,0.723,0.807,0.896,1.0,0.904,0.755,0.845,0.771,0.868,0.858,0.864,0.709,0.711,0.73
14,B1_3,0.622,0.834,0.724,0.814,0.887,0.904,1.0,0.819,0.839,0.792,0.868,0.85,0.878,0.773,0.704,0.744
14,A2_1,0.789,0.839,0.765,0.747,0.793,0.755,0.819,1.0,0.828,0.728,0.791,0.778,0.831,0.733,0.748,0.706
14,A2_2,0.699,0.81,0.779,0.784,0.837,0.845,0.839,0.828,1.0,0.818,0.849,0.845,0.901,0.696,0.726,0.654
14,A2_3,0.636,0.812,0.824,0.772,0.788,0.771,0.792,0.728,0.818,1.0,0.77,0.745,0.761,0.698,0.712,0.655
14,B2_1,0.674,0.876,0.74,0.744,0.899,0.868,0.868,0.791,0.849,0.77,1.0,0.843,0.831,0.728,0.746,0.698
14,B2_2,0.587,0.777,0.704,0.737,0.904,0.858,0.85,0.778,0.845,0.745,0.843,1.0,0.833,0.665,0.744,0.727
14,B2_3,0.615,0.745,0.722,0.71,0.845,0.864,0.878,0.831,0.901,0.761,0.831,0.833,1.0,0.687,0.729,0.718
14,y1,0.664,0.727,0.629,0.752,0.715,0.709,0.773,0.733,0.696,0.698,0.728,0.665,0.687,1.0,0.741,0.65
14,y2,0.634,0.705,0.677,0.704,0.804,0.711,0.704,0.748,0.726,0.712,0.746,0.744,0.729,0.741,1.0,0.739
14,y3,0.55,0.68,0.75,0.763,0.775,0.73,0.744,0.706,0.654,0.655,0.698,0.727,0.718,0.65,0.739,1.0
15,.,1.0,0.731,0.739,0.741,0.521,0.485,0.532,0.748,0.637,0.577,0.598,0.497,0.528,0.617,0.579,0.486
15,A1_1,0.731,1.0,0.756,0.803,0.819,0.786,0.813,0.829,0.799,0.8,0.86,0.756,0.725,0.691,0.673,0.648
15,A1_2,0.739,0.756,1.0,0.761,0.725,0.686,0.69,0.751,0.763,0.812,0.711,0.669,0.689,0.596,0.648,0.723
15,A1_3,0.741,0.803,0.761,1.0,0.781,0.775,0.785,0.731,0.766,0.758,0.718,0.707,0.68,0.726,0.679,0.742
15,B1_1,0.521,0.819,0.725,0.781,1.0,0.897,0.889,0.77,0.828,0.77,0.898,0.904,0.845,0.668,0.769,0.742
15,B1_2,0.485,0.786,0.686,0.775,0.897,1.0,0.905,0.728,0.835,0.751,0.867,0.859,0.866,0.658,0.671,0.693
15,B1_3,0.532,0.813,0.69,0.785,0.889,0.905,1.0,0.797,0.831,0.773,0.869,0.852,0.88,0.725,0.665,0.708
15,A2_1,0.748,0.829,0.751,0.731,0.77,0.728,0.797,1.0,0.817,0.713,0.771,0.754,0.81,0.702,0.722,0.677
15,A2_2,0.637,0.799,0.763,0.766,0.828,0.835,0.831,0.817,1.0,0.809,0.842,0.837,0.893,0.654,0.693,0.619
15,A2_3,0.577,0.8,0.812,0.758,0.77,0.751,0.773,0.713,0.809,1.0,0.752,0.726,0.743,0.666,0.687,0.627
15,B2_1,0.598,0.86,0.711,0.718,0.898,0.867,0.869,0.771,0.842,0.752,1.0,0.843,0.832,0.684,0.709,0.662
15,B2_2,0.497,0.756,0.669,0.707,0.904,0.859,0.852,0.754,0.837,0.726,0.843,1.0,0.834,0.615,0.705,0.691
15,B2_3,0.528,0.725,0.689,0.68,0.845,0.866,0.88,0.81,0.893,0.743,0.832,0.834,1.0,0.639,0.692,0.683
15,y1,0.617,0.691,0.596,0.726,0.668,0.658,0.725,0.702,0.654,0.666,0.684,0.615,0.639,1.0,0.726,0.626
15,y2,0.579,0.673,0.648,0.679,0.769,0.671,0.665,0.722,0.693,0.687,0.709,0.705,0.692,0.726,1.0,0.724
15,y3,0.486,0.648,0.723,0.742,0.742,0.693,0.708,0.677,0.619,0.627,0.662,0.691,0.683,0.626,0.724,1.0
16,.,1.0,0.682,0.704,0.699,0.415,0.375,0.425,0.701,0.565,0.511,0.506,0.39,0.427,0.57,0.522,0.422
16,A1_1,0.682,1.0,0.744,0.79,0.797,0.759,0.789,0.819,0.787,0.788,0.841,0.731,0.701,0.65,0.637,0.612
16,A1_2,0.704,0.744,1.0,0.75,0.683,0.643,0.65,0.738,0.744,0.799,0.675,0.627,0.649,0.561,0.616,0.693
16,A1_3,0.699,0.79,0.75,1.0,0.749,0.737,0.75,0.715,0.747,0.742,0.686,0.67,0.645,0.697,0.651,0.718
16,B1_1,0.415,0.797,0.683,0.749,1.0,0.899,0.892,0.742,0.819,0.748,0.897,0.905,0.847,0.611,0.724,0.7
16,B1_2,0.375,0.759,0.643,0.737,0.899,1.0,0.907,0.697,0.823,0.728,0.868,0.862,0.868,0.595,0.622,0.647
16,B1_3,0.425,0.789,0.65,0.75,0.892,0.907,1.0,0.769,0.822,0.75,0.87,0.856,0.882,0.665,0.617,0.663
16,A2_1,0.701,0.819,0.738,0.715,0.742,0.697,0.769,1.0,0.804,0.698,0.747,0.724,0.784,0.666,0.692,0.644
16,A2_2,0.565,0.787,0.744,0.747,0.819,0.823,0.822,0.804,1.0,0.8,0.835,0.827,0.885,0.605,0.654,0.579
16,A2_3,0.511,0.788,0.799,0.742,0.748,0.728,0.75,0.698,0.8,1.0,0.73,0.703,0.721,0.631,0.659,0.597
16,B2_1,0.506,0.841,0.675,0.686,0.897,0.868,0.87,0.747,0.835,0.73,1.0,0.844,0.835,0.628,0.663,0.618
16,B2_2,0.39,0.731,0.627,0.67,0.905,0.862,0.856,0.724,0.827,0.703,0.844,1.0,0.837,0.552,0.656,0.646
16,B2_3,0.427,0.701,0.649,0.645,0.847,0.868,0.882,0.784,0.885,0.721,0.835,0.837,1.0,0.581,0.646,0.639
16,y1,0.57,0.65,0.561,0.697,0.611,0.595,0.665,0.666,0.605,0.631,0.628,0.552,0.581,1.0,0.712,0.603
16,y2,0.522,0.637,0.616,0.651,0.724,0.622,0.617,0.692,0.654,0.659,0.663,0.656,0.646,0.712,1.0,0.71
16,y3,0.422,0.612,0.693,0.718,0.7,0.647,0.663,0.644,0.579,0.597,0.618,0.646,0.639,0.603,0.71,1.0
17,.,1.0,0.629,0.67,0.656,0.296,0.252,0.305,0.65,0.485,0.444,0.401,0.271,0.312,0.528,0.469,0.363
17,A1_1,0.629,1.0,0.733,0.776,0.769,0.727,0.76,0.808,0.775,0.777,0.816,0.7,0.673,0.604,0.597,0.572
17,A1_2,0.67,0.733,1.0,0.74,0.634,0.591,0.602,0.725,0.723,0.787,0.631,0.576,0.601,0.527,0.584,0.663
17,A1_3,0.656,0.776,0.74,1.0,0.708,0.691,0.705,0.699,0.725,0.727,0.646,0.625,0.601,0.666,0.623,0.694
17,B1_1,0.296,0.769,0.634,0.708,1.0,0.901,0.896,0.709,0.807,0.722,0.898,0.906,0.85,0.54,0.668,0.646
17,B1_2,0.252,0.727,0.591,0.691,0.901,1.0,0.91,0.661,0.809,0.699,0.869,0.865,0.871,0.519,0.562,0.589
17,B1_3,0.305,0.76,0.602,0.705,0.896,0.91,1.0,0.735,0.81,0.723,0.873,0.86,0.886,0.589,0.557,0.606
17,A2_1,0.65,0.808,0.725,0.699,0.709,0.661,0.735,1.0,0.79,0.683,0.717,0.688,0.752,0.628,0.66,0.608
17,A2_2,0.485,0.775,0.723,0.725,0.807,0.809,0.81,0.79,1.0,0.789,0.825,0.814,0.874,0.548,0.608,0.532
17,A2_3,0.444,0.777,0.787,0.727,0.722,0.699,0.723,0.683,0.789,1.0,0.704,0.676,0.694,0.592,0.629,0.564
17,B2_1,0.401,0.816,0.631,0.646,0.898,0.869,0.873,0.717,0.825,0.704,1.0,0.847,0.838,0.558,0.606,0.562
17,B2_2,0.271,0.7,0.576,0.625,0.906,0.865,0.86,0.688,0.814,0.676,0.847,1.0,0.84,0.476,0.595,0.588
17,B2_3,0.312,0.673,0.601,0.601,0.85,0.871,0.886,0.752,0.874,0.694,0.838,0.84,1.0,0.508,0.588,0.583
17,y1,0.528,0.604,0.527,0.666,0.54,0.519,0.589,0.628,0.548,0.592,0.558,0.476,0.508,1.0,0.702,0.583
17,y2,0.469,0.597,0.584,0.623,0.668,0.562,0.557,0.66,0.608,0.629,0.606,0.595,0.588,0.702,1.0,0.698
17,y3,0.363,0.572,0.663,0.694,0.646,0.589,0.606,0.608,0.532,0.564,0.562,0.588,0.583,0.583,0.698,1.0
18,.,1.0,0.577,0.638,0.615,0.171,0.126,0.179,0.6,0.404,0.378,0.286,0.146,0.19,0.496,0.424,0.316
18,A1_1,0.577,1.0,0.724,0.764,0.735,0.689,0.724,0.798,0.762,0.765,0.785,0.664,0.639,0.554,0.554,0.531
18,A1_2,0.638,0.724,1.0,0.733,0.577,0.533,0.546,0.713,0.702,0.775,0.58,0.518,0.546,0.495,0.552,0.632
18,A1_3,0.615,0.764,0.733,1.0,0.66,0.636,0.653,0.685,0.702,0.713,0.598,0.573,0.551,0.636,0.595,0.671
18,B1_1,0.171,0.735,0.577,0.66,1.0,0.904,0.9,0.669,0.793,0.692,0.899,0.909,0.854,0.456,0.599,0.58
18,B1_2,0.126,0.689,0.533,0.636,0.904,1.0,0.913,0.618,0.794,0.667,0.872,0.869,0.875,0.429,0.491,0.52
18,B1_3,0.179,0.724,0.546,0.653,0.9,0.913,1.0,0.695,0.797,0.69,0.877,0.866,0.891,0.498,0.485,0.536
18,A2_1,0.6,0.798,0.713,0.685,0.669,0.618,0.695,1.0,0.775,0.668,0.681,0.645,0.713,0.587,0.625,0.57
18,A2_2,0.404,0.762,0.702,0.702,0.793,0.794,0.797,0.775,1.0,0.778,0.814,0.8,0.86,0.483,0.556,0.48
18,A2_3,0.378,0.765,0.775,0.713,0.692,0.667,0.69,0.668,0.778,1.0,0.673,0.644,0.663,0.551,0.596,0.53
18,B2_1,0.286,0.785,0.58,0.598,0.899,0.872,0.877,0.681,0.814,0.673,1.0,0.851,0.844,0.474,0.536,0.494
18,B2_2,0.146,0.664,0.518,0.573,0.909,0.869,0.866,0.645,0.8,0.644,0.851,1.0,0.845,0.386,0.522,0.518
18,B2_3,0.19,0.639,0.546,0.551,0.854,0.875,0.891,0.713,0.86,0.663,0.844,0.845,1.0,0.422,0.518,0.514
18,y1,0.496,0.554,0.495,0.636,0.456,0.429,0.498,0.587,0.483,0.551,0.474,0.386,0.422,1.0,0.697,0.571
18,y2,0.424,0.554,0.552,0.595,0.599,0.491,0.485,0.625,0.556,0.596,0.536,0.522,0.518,0.697,1.0,0.691
18,y3,0.316,0.531,0.632,0.671,0.58,0.52,0.536,0.57,0.48,0.53,0.494,0.518,0.514,0.571,0.691,1.0
19,.,1.0,0.528,0.611,0.58,0.046,0.003,0.053,0.555,0.326,0.317,0.169,0.021,0.068,0.475,0.391,0.285
19,A1_1,0.528,1.0,0.716,0.751,0.695,0.646,0.683,0.789,0.748,0.754,0.748,0.622,0.601,0.502,0.507,0.487
19,A1_2,0.611,0.716,1.0,0.728,0.513,0.47,0.485,0.704,0.68,0.763,0.522,0.454,0.485,0.465,0.52,0.603
19,A1_3,0.58,0.751,0.728,1.0,0.602,0.574,0.591,0.672,0.677,0.698,0.542,0.511,0.492,0.606,0.567,0.648
19,B1_1,0.046,0.695,0.513,0.602,1.0,0.908,0.906,0.622,0.777,0.655,0.902,0.912,0.859,0.358,0.515,0.498
19,B1_2,0.003,0.646,0.47,0.574,0.908,1.0,0.917,0.57,0.775,0.63,0.876,0.874,0.88,0.328,0.408,0.436
19,B1_3,0.053,0.683,0.485,0.591,0.906,0.917,1.0,0.647,0.78,0.652,0.883,0.873,0.897,0.391,0.4,0.45
19,A2_1,0.555,0.789,0.704,0.672,0.622,0.57,0.647,1.0,0.759,0.655,0.638,0.596,0.667,0.545,0.589,0.532
19,A2_2,0.326,0.748,0.68,0.677,0.777,0.775,0.78,0.759,1.0,0.767,0.8,0.782,0.843,0.412,0.497,0.42
19,A2_3,0.317,0.754,0.763,0.698,0.655,0.63,0.652,0.655,0.767,1.0,0.637,0.606,0.627,0.508,0.561,0.494
19,B2_1,0.169,0.748,0.522,0.542,0.902,0.876,0.883,0.638,0.8,0.637,1.0,0.856,0.851,0.374,0.452,0.412
19,B2_2,0.021,0.622,0.454,0.511,0.912,0.874,0.873,0.596,0.782,0.606,0.856,1.0,0.851,0.283,0.434,0.432
19,B2_3,0.068,0.601,0.485,0.492,0.859,0.88,0.897,0.667,0.843,0.627,0.851,0.851,1.0,0.323,0.434,0.432
19,y1,0.475,0.502,0.465,0.606,0.358,0.328,0.391,0.545,0.412,0.508,0.374,0.283,0.323,1.0,0.698,0.567
19,y2,0.391,0.507,0.52,0.567,0.515,0.408,0.4,0.589,0.497,0.561,0.452,0.434,0.434,0.698,1.0,0.689
19,y3,0.285,0.487,0.603,0.648,0.498,0.436,0.45,0.532,0.42,0.494,0.412,0.432,0.432,0.567,0.689,1.0
20,.,1.0,0.488,0.59,0.552,-0.072,-0.112,-0.067,0.518,0.255,0.267,0.054,-0.097,-0.048,0.468,0.374,0.273
20,A1_1,0.488,1.0,0.711,0.741,0.649,0.599,0.636,0.78,0.736,0.744,0.703,0.575,0.557,0.452,0.46,0.444
20,A1_2,0.59,0.711,1.0,0.727,0.444,0.403,0.418,0.698,0.66,0.754,0.457,0.384,0.418,0.442,0.494,0.578
20,A1_3,0.552,0.741,0.727,1.0,0.538,0.507,0.523,0.663,0.653,0.687,0.479,0.444,0.428,0.581,0.544,0.629
20,B1_1,-0.072,0.649,0.444,0.538,1.0,0.913,0.912,0.569,0.757,0.614,0.905,0.916,0.866,0.253,0.42,0.403
20,B1_2,-0.112,0.599,0.403,0.507,0.913,1.0,0.922,0.517,0.754,0.588,0.881,0.88,0.886,0.22,0.314,0.341
20,B1_3,-0.067,0.636,0.418,0.523,0.912,0.922,1.0,0.593,0.761,0.609,0.889,0.881,0.903,0.276,0.303,0.351
20,A2_1,0.518,0.78,0.698,0.663,0.569,0.517,0.593,1.0,0.743,0.644,0.587,0.54,0.614,0.507,0.553,0.496
20,A2_2,0.255,0.736,0.66,0.653,0.757,0.754,0.761,0.743,1.0,0.756,0.783,0.761,0.823,0.34,0.433,0.358
20,A2_3,0.267,0.744,0.754,0.687,0.614,0.588,0.609,0.644,0.756,1.0,0.595,0.564,0.586,0.468,0.527,0.461
20,B2_1,0.054,0.703,0.457,0.479,0.905,0.881,0.889,0.587,0.783,0.595,1.0,0.863,0.859,0.265,0.355,0.317
20,B2_2,-0.097,0.575,0.384,0.444,0.916,0.88,0.881,0.54,0.761,0.564,0.863,1.0,0.858,0.173,0.335,0.334
20,B2_3,-0.048,0.557,0.418,0.428,0.866,0.886,0.903,0.614,0.823,0.586,0.859,0.858,1.0,0.216,0.339,0.336
20,y1,0.468,0.452,0.442,0.581,0.253,0.22,0.276,0.507,0.34,0.468,0.265,0.173,0.216,1.0,0.707,0.577
20,y2,0.374,0.46,0.494,0.544,0.42,0.314,0.303,0.553,0.433,0.527,0.355,0.335,0.339,0.707,1.0,0.695
20,y3,0.273,0.444,0.578,0.629,0.403,0.341,0.351,0.496,0.358,0.461,0.317,0.334,0.336,0.577,0.695,1.0
21,.,1.0,0.456,0.574,0.532,-0.179,-0.214,-0.174,0.489,0.197,0.228,-0.052,-0.203,-0.153,0.471,0.369,0.28
21,A1_1,0.456,1.0,0.71,0.733,0.597,0.548,0.584,0.774,0.724,0.737,0.652,0.523,0.508,0.407,0.416,0.404
21,A1_2,0.574,0.71,1.0,0.73,0.373,0.335,0.35,0.696,0.642,0.748,0.388,0.314,0.349,0.426,0.472,0.556
21,A1_3,0.532,0.733,0.73,1.0,0.468,0.435,0.449,0.657,0.63,0.679,0.409,0.372,0.359,0.56,0.526,0.614
21,B1_1,-0.179,0.597,0.373,0.468,1.0,0.918,0.918,0.512,0.734,0.569,0.909,0.921,0.873,0.145,0.316,0.298
21,B1_2,-0.214,0.548,0.335,0.435,0.918,1.0,0.926,0.461,0.73,0.543,0.887,0.887,0.893,0.111,0.215,0.238
21,B1_3,-0.174,0.584,0.35,0.449,0.918,0.926,1.0,0.533,0.737,0.561,0.896,0.89,0.91,0.157,0.2,0.243
21,A2_1,0.489,0.774,0.696,0.657,0.512,0.461,0.533,1.0,0.728,0.636,0.531,0.479,0.555,0.474,0.52,0.464
21,A2_2,0.197,0.724,0.642,0.63,0.734,0.73,0.737,0.728,1.0,0.746,0.761,0.736,0.798,0.271,0.367,0.295
21,A2_3,0.228,0.737,0.748,0.679,0.569,0.543,0.561,0.636,0.746,1.0,0.548,0.518,0.54,0.433,0.494,0.431
21,B2_1,-0.052,0.652,0.388,0.409,0.909,0.887,0.896,0.531,0.761,0.548,1.0,0.871,0.868,0.151,0.248,0.21
21,B2_2,-0.203,0.523,0.314,0.372,0.921,0.887,0.89,0.479,0.736,0.518,0.871,1.0,0.867,0.062,0.229,0.226
21,B2_3,-0.153,0.508,0.349,0.359,0.873,0.893,0.91,0.555,0.798,0.54,0.868,0.867,1.0,0.106,0.237,0.231
21,y1,0.471,0.407,0.426,0.56,0.145,0.111,0.157,0.474,0.271,0.433,0.151,0.062,0.106,1.0,0.724,0.598
21,y2,0.369,0.416,0.472,0.526,0.316,0.215,0.2,0.52,0.367,0.494,0.248,0.229,0.237,0.724,1.0,0.709
21,y3,0.28,0.404,0.556,0.614,0.298,0.238,0.243,0.464,0.295,0.431,0.21,0.226,0.231,0.598,0.709,1.0
22,.,1.0,0.432,0.561,0.517,-0.271,-0.3,-0.267,0.467,0.15,0.197,-0.146,-0.294,-0.245,0.477,0.372,0.295
22,A1_1,0.432,1.0,0.712,0.728,0.544,0.497,0.531,0.77,0.715,0.732,0.597,0.471,0.46,0.366,0.375,0.37
22,A1_2,0.561,0.712,1.0,0.736,0.305,0.273,0.285,0.698,0.631,0.746,0.321,0.247,0.284,0.413,0.452,0.538
22,A1_3,0.517,0.728,0.736,1.0,0.397,0.365,0.374,0.656,0.611,0.675,0.337,0.301,0.29,0.544,0.512,0.603
22,B1_1,-0.271,0.544,0.305,0.397,1.0,0.923,0.925,0.453,0.708,0.521,0.914,0.926,0.882,0.042,0.211,0.193
22,B1_2,-0.3,0.497,0.273,0.365,0.923,1.0,0.931,0.405,0.704,0.498,0.894,0.894,0.901,0.009,0.118,0.135
22,B1_3,-0.267,0.531,0.285,0.374,0.925,0.931,1.0,0.473,0.712,0.512,0.904,0.899,0.917,0.043,0.097,0.134
22,A2_1,0.467,0.77,0.698,0.656,0.453,0.405,0.473,1.0,0.716,0.633,0.472,0.419,0.495,0.445,0.49,0.437
22,A2_2,0.15,0.715,0.631,0.611,0.708,0.704,0.712,0.716,1.0,0.737,0.736,0.709,0.77,0.208,0.304,0.236
22,A2_3,0.197,0.732,0.746,0.675,0.521,0.498,0.512,0.633,0.737,1.0,0.499,0.47,0.493,0.403,0.464,0.407
22,B2_1,-0.146,0.597,0.321,0.337,0.914,0.894,0.904,0.472,0.736,0.499,1.0,0.88,0.879,0.039,0.14,0.103
22,B2_2,-0.294,0.471,0.247,0.301,0.926,0.894,0.899,0.419,0.709,0.47,0.88,1.0,0.876,-0.043,0.124,0.118
22,B2_3,-0.245,0.46,0.284,0.29,0.882,0.901,0.917,0.495,0.77,0.493,0.879,0.876,1.0,0.001,0.134,0.125
22,y1,0.477,0.366,0.413,0.544,0.042,0.009,0.043,0.445,0.208,0.403,0.039,-0.043,0.001,1.0,0.745,0.628
22,y2,0.372,0.375,0.452,0.512,0.211,0.118,0.097,0.49,0.304,0.464,0.14,0.124,0.134,0.745,1.0,0.729
22,y3,0.295,0.37,0.538,0.603,0.193,0.135,0.134,0.437,0.236,0.407,0.103,0.118,0.125,0.628,0.729,1.0
23,.,1.0,0.413,0.55,0.504,-0.351,-0.373,-0.347,0.451,0.115,0.174,-0.23,-0.372,-0.324,0.485,0.378,0.315
23,A1_1,0.413,1.0,0.719,0.727,0.49,0.447,0.477,0.768,0.709,0.731,0.54,0.418,0.411,0.333,0.339,0.342
23,A1_2,0.55,0.719,1.0,0.745,0.242,0.216,0.225,0.703,0.626,0.747,0.257,0.186,0.224,0.403,0.436,0.523
23,A1_3,0.504,0.727,0.745,1.0,0.33,0.299,0.304,0.659,0.6,0.677,0.268,0.234,0.226,0.531,0.501,0.596
23,B1_1,-0.351,0.49,0.242,0.33,1.0,0.929,0.931,0.395,0.678,0.473,0.92,0.931,0.89,-0.053,0.112,0.091
23,B1_2,-0.373,0.447,0.216,0.299,0.929,1.0,0.936,0.351,0.675,0.454,0.901,0.901,0.908,-0.083,0.027,0.039
23,B1_3,-0.347,0.477,0.225,0.304,0.931,0.936,1.0,0.413,0.682,0.462,0.912,0.907,0.925,-0.062,0.0,0.03
23,A2_1,0.451,0.768,0.703,0.659,0.395,0.351,0.413,1.0,0.708,0.634,0.411,0.359,0.435,0.423,0.464,0.418
23,A2_2,0.115,0.709,0.626,0.6,0.678,0.675,0.682,0.708,1.0,0.733,0.706,0.677,0.738,0.156,0.248,0.187
23,A2_3,0.174,0.731,0.747,0.677,0.473,0.454,0.462,0.634,0.733,1.0,0.448,0.423,0.446,0.38,0.44,0.39
23,B2_1,-0.23,0.54,0.257,0.268,0.92,0.901,0.912,0.411,0.706,0.448,1.0,0.889,0.89,-0.066,0.035,-0.001
23,B2_2,-0.372,0.418,0.186,0.234,0.931,0.901,0.907,0.359,0.677,0.423,0.889,1.0,0.885,-0.138,0.024,0.016
23,B2_3,-0.324,0.411,0.224,0.226,0.89,0.908,0.925,0.435,0.738,0.446,0.89,0.885,1.0,-0.095,0.036,0.025
23,y1,0.485,0.333,0.403,0.531,-0.053,-0.083,-0.062,0.423,0.156,0.38,-0.066,-0.138,-0.095,1.0,0.77,0.664
23,y2,0.378,0.339,0.436,0.501,0.112,0.027,0.0,0.464,0.248,0.44,0.035,0.024,0.036,0.77,1.0,0.754
23,y3,0.315,0.342,0.523,0.596,0.091,0.039,0.03,0.418,0.187,0.39,-0.001,0.016,0.025,0.664,0.754,1.0
24,.,1.0,0.4,0.538,0.492,-0.418,-0.434,-0.414,0.437,0.09,0.156,-0.303,-0.438,-0.391,0.49,0.385,0.335
24,A1_1,0.4,1.0,0.729,0.73,0.436,0.397,0.424,0.769,0.707,0.733,0.48,0.365,0.362,0.307,0.311,0.322
24,A1_2,0.538,0.729,1.0,0.755,0.185,0.165,0.172,0.712,0.629,0.752,0.198,0.131,0.169,0.396,0.423,0.51
24,A1_3,0.492,0.73,0.755,1.0,0.266,0.238,0.239,0.667,0.596,0.683,0.203,0.172,0.167,0.522,0.494,0.591
24,B1_1,-0.418,0.436,0.185,0.266,1.0,0.934,0.937,0.338,0.643,0.427,0.925,0.936,0.899,-0.135,0.021,-0.002
24,B1_2,-0.434,0.397,0.165,0.238,0.934,1.0,0.94,0.301,0.643,0.411,0.908,0.907,0.915,-0.161,-0.054,-0.048
24,B1_3,-0.414,0.424,0.172,0.239,0.937,0.94,1.0,0.355,0.648,0.415,0.92,0.915,0.932,-0.152,-0.087,-0.064
24,A2_1,0.437,0.769,0.712,0.667,0.338,0.301,0.355,1.0,0.704,0.641,0.352,0.302,0.376,0.407,0.443,0.404
24,A2_2,0.09,0.707,0.629,0.596,0.643,0.643,0.648,0.704,1.0,0.732,0.67,0.641,0.701,0.117,0.202,0.149
24,A2_3,0.156,0.733,0.752,0.683,0.427,0.411,0.415,0.641,0.732,1.0,0.397,0.377,0.4,0.364,0.42,0.378
24,B2_1,-0.303,0.48,0.198,0.203,0.925,0.908,0.92,0.352,0.67,0.397,1.0,0.898,0.9,-0.159,-0.061,-0.096
24,B2_2,-0.438,0.365,0.131,0.172,0.936,0.907,0.915,0.302,0.641,0.377,0.898,1.0,0.894,-0.219,-0.065,-0.077
24,B2_3,-0.391,0.362,0.169,0.167,0.899,0.915,0.932,0.376,0.701,0.4,0.9,0.894,1.0,-0.178,-0.052,-0.066
24,y1,0.49,0.307,0.396,0.522,-0.135,-0.161,-0.152,0.407,0.117,0.364,-0.159,-0.219,-0.178,1.0,0.795,0.7
24,y2,0.385,0.311,0.423,0.494,0.021,-0.054,-0.087,0.443,0.202,0.42,-0.061,-0.065,-0.052,0.795,1.0,0.78
24,y3,0.335,0.322,0.51,0.591,-0.002,-0.048,-0.064,0.404,0.149,0.378,-0.096,-0.077,-0.066,0.7,0.78,1.0
25,.,1.0,0.39,0.526,0.477,-0.474,-0.485,-0.469,0.424,0.072,0.141,-0.363,-0.492,-0.447,0.489,0.386,0.35
25,A1_1,0.39,1.0,0.741,0.737,0.382,0.349,0.372,0.773,0.709,0.738,0.422,0.314,0.314,0.288,0.289,0.309
25,A1_2,0.526,0.741,1.0,0.767,0.133,0.12,0.123,0.722,0.635,0.759,0.143,0.081,0.119,0.389,0.411,0.499
25,A1_3,0.477,0.737,0.767,1.0,0.21,0.186,0.182,0.678,0.598,0.693,0.144,0.118,0.115,0.514,0.488,0.587
25,B1_1,-0.474,0.382,0.133,0.21,1.0,0.939,0.942,0.286,0.606,0.381,0.93,0.941,0.906,-0.203,-0.057,-0.082
25,B1_2,-0.485,0.349,0.12,0.186,0.939,1.0,0.944,0.254,0.608,0.37,0.914,0.913,0.922,-0.226,-0.123,-0.122
25,B1_3,-0.469,0.372,0.123,0.182,0.942,0.944,1.0,0.302,0.612,0.37,0.926,0.923,0.938,-0.227,-0.161,-0.145
25,A2_1,0.424,0.773,0.722,0.678,0.286,0.254,0.302,1.0,0.704,0.651,0.295,0.249,0.321,0.395,0.426,0.396
25,A2_2,0.072,0.709,0.635,0.598,0.606,0.608,0.612,0.704,1.0,0.735,0.632,0.603,0.661,0.088,0.165,0.121
25,A2_3,0.141,0.738,0.759,0.693,0.381,0.37,0.37,0.651,0.735,1.0,0.349,0.333,0.356,0.354,0.404,0.373
25,B2_1,-0.363,0.422,0.143,0.144,0.93,0.914,0.926,0.295,0.632,0.349,1.0,0.906,0.909,-0.238,-0.144,-0.179
25,B2_2,-0.492,0.314,0.081,0.118,0.941,0.913,0.923,0.249,0.603,0.333,0.906,1.0,0.903,-0.285,-0.141,-0.156
25,B2_3,-0.447,0.314,0.119,0.115,0.906,0.922,0.938,0.321,0.661,0.356,0.909,0.903,1.0,-0.247,-0.129,-0.145
25,y1,0.489,0.288,0.389,0.514,-0.203,-0.226,-0.227,0.395,0.088,0.354,-0.238,-0.285,-0.247,1.0,0.818,0.735
25,y2,0.386,0.289,0.411,0.488,-0.057,-0.123,-0.161,0.426,0.165,0.404,-0.144,-0.141,-0.129,0.818,1.0,0.805
