,,.,A1_1,A1_2,A1_3,B1_1,B1_2,B1_3,A2_1,A2_2,A2_3,B2_1,B2_2,B2_3,y1,y2,y3
1,.,1.0,0.939,0.895,0.914,0.914,0.881,0.9,0.931,0.877,0.922,0.815,0.933,0.786,0.847,0.88,0.924
1,A1_1,0.939,1.0,0.864,0.871,0.94,0.846,0.918,0.822,0.923,0.79,0.839,0.904,0.824,0.932,0.867,0.92
1,A1_2,0.895,0.864,1.0,0.822,0.91,0.778,0.747,0.893,0.798,0.875,0.758,0.794,0.627,0.73,0.733,0.9
1,A1_3,0.914,0.871,0.822,1.0,0.88,0.927,0.881,0.936,0.883,0.887,0.955,0.95,0.827,0.799,0.905,0.971
1,B1_1,0.914,0.94,0.91,0.88,1.0,0.879,0.843,0.905,0.967,0.787,0.803,0.921,0.83,0.882,0.838,0.931
1,B1_2,0.881,0.846,0.778,0.927,0.879,1.0,0.924,0.921,0.913,0.833,0.84,0.969,0.946,0.858,0.958,0.943
1,B1_3,0.9,0.918,0.747,0.881,0.843,0.924,1.0,0.819,0.876,0.784,0.842,0.933,0.927,0.942,0.967,0.906
1,A2_1,0.931,0.822,0.893,0.936,0.905,0.921,0.819,1.0,0.865,0.925,0.812,0.933,0.781,0.752,0.856,0.933
1,A2_2,0.877,0.923,0.798,0.883,0.967,0.913,0.876,0.865,1.0,0.723,0.817,0.952,0.916,0.903,0.895,0.913
1,A2_3,0.922,0.79,0.875,0.887,0.787,0.833,0.784,0.925,0.723,1.0,0.8,0.827,0.642,0.65,0.808,0.881
1,B2_1,0.815,0.839,0.758,0.955,0.803,0.84,0.842,0.812,0.817,0.8,1.0,0.857,0.761,0.751,0.864,0.934
1,B2_2,0.933,0.904,0.794,0.95,0.921,0.969,0.933,0.933,0.952,0.827,0.857,1.0,0.93,0.895,0.947,0.945
1,B2_3,0.786,0.824,0.627,0.827,0.83,0.946,0.927,0.781,0.916,0.642,0.761,0.93,1.0,0.911,0.941,0.851
1,y1,0.847,0.932,0.73,0.799,0.882,0.858,0.942,0.752,0.903,0.65,0.751,0.895,0.911,1.0,0.865,0.854
1,y2,0.88,0.867,0.733,0.905,0.838,0.958,0.967,0.856,0.895,0.808,0.864,0.947,0.941,0.865,1.0,0.913
1,y3,0.924,0.92,0.9,0.971,0.931,0.943,0.906,0.933,0.913,0.881,0.934,0.945,0.851,0.854,0.913,1.0
2,.,1.0,0.947,0.903,0.92,0.924,0.887,0.907,0.934,0.889,0.927,0.836,0.938,0.801,0.862,0.886,0.929
2,A1_1,0.947,1.0,0.872,0.884,0.946,0.858,0.923,0.838,0.93,0.81,0.855,0.913,0.836,0.937,0.874,0.924
2,A1_2,0.903,0.872,1.0,0.837,0.915,0.793,0.763,0.9,0.812,0.888,0.784,0.809,0.651,0.746,0.75,0.907
2,A1_3,0.92,0.884,0.837,1.0,0.895,0.933,0.89,0.942,0.895,0.895,0.962,0.956,0.842,0.819,0.912,0.974
2,B1_1,0.924,0.946,0.915,0.895,1.0,0.888,0.854,0.915,0.971,0.809,0.828,0.929,0.841,0.891,0.85,0.936
2,B1_2,0.887,0.858,0.793,0.933,0.888,1.0,0.929,0.928,0.919,0.845,0.855,0.971,0.95,0.869,0.961,0.947
2,B1_3,0.907,0.923,0.763,0.89,0.854,0.929,1.0,0.833,0.884,0.802,0.855,0.937,0.932,0.946,0.968,0.911
2,A2_1,0.934,0.838,0.9,0.942,0.915,0.928,0.833,1.0,0.879,0.931,0.835,0.939,0.799,0.773,0.87,0.939
2,A2_2,0.889,0.93,0.812,0.895,0.971,0.919,0.884,0.879,1.0,0.749,0.835,0.957,0.921,0.912,0.902,0.918
2,A2_3,0.927,0.81,0.888,0.895,0.809,0.845,0.802,0.931,0.749,1.0,0.822,0.841,0.67,0.682,0.824,0.891
2,B2_1,0.836,0.855,0.784,0.962,0.828,0.855,0.855,0.835,0.835,0.822,1.0,0.874,0.78,0.776,0.873,0.943
2,B2_2,0.938,0.913,0.809,0.956,0.929,0.971,0.937,0.939,0.957,0.841,0.874,1.0,0.935,0.905,0.95,0.949
2,B2_3,0.801,0.836,0.651,0.842,0.841,0.95,0.932,0.799,0.921,0.67,0.78,0.935,1.0,0.917,0.945,0.861
2,y1,0.862,0.937,0.746,0.819,0.891,0.869,0.946,0.773,0.912,0.682,0.776,0.905,0.917,1.0,0.873,0.864
2,y2,0.886,0.874,0.75,0.912,0.85,0.961,0.968,0.87,0.902,0.824,0.873,0.95,0.945,0.873,1.0,0.918
2,y3,0.929,0.924,0.907,0.974,0.936,0.947,0.911,0.939,0.918,0.891,0.943,0.949,0.861,0.864,0.918,1.0
3,.,1.0,0.954,0.909,0.926,0.932,0.894,0.913,0.937,0.899,0.931,0.854,0.942,0.817,0.875,0.893,0.933
3,A1_1,0.954,1.0,0.881,0.896,0.952,0.869,0.928,0.853,0.936,0.828,0.871,0.921,0.848,0.943,0.88,0.929
3,A1_2,0.909,0.881,1.0,0.851,0.92,0.808,0.778,0.907,0.825,0.899,0.808,0.822,0.673,0.762,0.767,0.914
3,A1_3,0.926,0.896,0.851,1.0,0.909,0.939,0.899,0.947,0.907,0.902,0.967,0.961,0.856,0.837,0.919,0.977
3,B1_1,0.932,0.952,0.92,0.909,1.0,0.897,0.866,0.923,0.974,0.829,0.852,0.936,0.853,0.9,0.862,0.941
3,B1_2,0.894,0.869,0.808,0.939,0.897,1.0,0.935,0.934,0.925,0.858,0.869,0.972,0.955,0.881,0.965,0.951
3,B1_3,0.913,0.928,0.778,0.899,0.866,0.935,1.0,0.846,0.892,0.818,0.868,0.941,0.937,0.95,0.969,0.917
3,A2_1,0.937,0.853,0.907,0.947,0.923,0.934,0.846,1.0,0.891,0.936,0.856,0.945,0.817,0.793,0.882,0.944
3,A2_2,0.899,0.936,0.825,0.907,0.974,0.925,0.892,0.891,1.0,0.772,0.853,0.961,0.927,0.92,0.909,0.924
3,A2_3,0.931,0.828,0.899,0.902,0.829,0.858,0.818,0.936,0.772,1.0,0.841,0.854,0.697,0.712,0.839,0.901
3,B2_1,0.854,0.871,0.808,0.967,0.852,0.869,0.868,0.856,0.853,0.841,1.0,0.889,0.799,0.8,0.881,0.95
3,B2_2,0.942,0.921,0.822,0.961,0.936,0.972,0.941,0.945,0.961,0.854,0.889,1.0,0.94,0.913,0.954,0.953
3,B2_3,0.817,0.848,0.673,0.856,0.853,0.955,0.937,0.817,0.927,0.697,0.799,0.94,1.0,0.924,0.949,0.871
3,y1,0.875,0.943,0.762,0.837,0.9,0.881,0.95,0.793,0.92,0.712,0.8,0.913,0.924,1.0,0.881,0.874
3,y2,0.893,0.88,0.767,0.919,0.862,0.965,0.969,0.882,0.909,0.839,0.881,0.954,0.949,0.881,1.0,0.924
3,y3,0.933,0.929,0.914,0.977,0.941,0.951,0.917,0.944,0.924,0.901,0.95,0.953,0.871,0.874,0.924,1.0
4,.,1.0,0.96,0.914,0.931,0.939,0.9,0.919,0.939,0.908,0.934,0.868,0.945,0.829,0.887,0.898,0.937
4,A1_1,0.96,1.0,0.888,0.906,0.957,0.879,0.932,0.865,0.942,0.843,0.884,0.928,0.858,0.947,0.886,0.933
4,A1_2,0.914,0.888,1.0,0.862,0.923,0.82,0.791,0.913,0.835,0.908,0.827,0.834,0.693,0.775,0.781,0.92
4,A1_3,0.931,0.906,0.862,1.0,0.92,0.943,0.906,0.952,0.916,0.909,0.972,0.966,0.869,0.853,0.924,0.979
4,B1_1,0.939,0.957,0.923,0.92,1.0,0.905,0.876,0.931,0.976,0.846,0.871,0.942,0.863,0.908,0.872,0.946
4,B1_2,0.9,0.879,0.82,0.943,0.905,1.0,0.94,0.94,0.931,0.869,0.881,0.974,0.958,0.891,0.968,0.954
4,B1_3,0.919,0.932,0.791,0.906,0.876,0.94,1.0,0.857,0.9,0.833,0.878,0.945,0.941,0.953,0.97,0.922
4,A2_1,0.939,0.865,0.913,0.952,0.931,0.94,0.857,1.0,0.901,0.94,0.872,0.949,0.832,0.809,0.892,0.949
4,A2_2,0.908,0.942,0.835,0.916,0.976,0.931,0.9,0.901,1.0,0.792,0.869,0.964,0.932,0.927,0.915,0.929
4,A2_3,0.934,0.843,0.908,0.909,0.846,0.869,0.833,0.94,0.792,1.0,0.857,0.865,0.721,0.736,0.851,0.909
4,B2_1,0.868,0.884,0.827,0.972,0.871,0.881,0.878,0.872,0.869,0.857,1.0,0.902,0.815,0.82,0.889,0.957
4,B2_2,0.945,0.928,0.834,0.966,0.942,0.974,0.945,0.949,0.964,0.865,0.902,1.0,0.944,0.921,0.956,0.957
4,B2_3,0.829,0.858,0.693,0.869,0.863,0.958,0.941,0.832,0.932,0.721,0.815,0.944,1.0,0.929,0.952,0.88
4,y1,0.887,0.947,0.775,0.853,0.908,0.891,0.953,0.809,0.927,0.736,0.82,0.921,0.929,1.0,0.888,0.883
4,y2,0.898,0.886,0.781,0.924,0.872,0.968,0.97,0.892,0.915,0.851,0.889,0.956,0.952,0.888,1.0,0.928
4,y3,0.937,0.933,0.92,0.979,0.946,0.954,0.922,0.949,0.929,0.909,0.957,0.957,0.88,0.883,0.928,1.0
5,.,1.0,0.965,0.918,0.935,0.944,0.905,0.923,0.941,0.915,0.936,0.879,0.948,0.84,0.896,0.902,0.94
5,A1_1,0.965,1.0,0.893,0.913,0.96,0.886,0.935,0.875,0.946,0.855,0.894,0.933,0.867,0.95,0.891,0.937
5,A1_2,0.918,0.893,1.0,0.871,0.926,0.83,0.801,0.918,0.844,0.915,0.842,0.842,0.709,0.785,0.792,0.924
5,A1_3,0.935,0.913,0.871,1.0,0.929,0.947,0.912,0.956,0.924,0.914,0.975,0.969,0.879,0.865,0.929,0.981
5,B1_1,0.944,0.96,0.926,0.929,1.0,0.912,0.884,0.937,0.978,0.86,0.887,0.947,0.872,0.914,0.881,0.95
5,B1_2,0.905,0.886,0.83,0.947,0.912,1.0,0.944,0.944,0.935,0.878,0.89,0.976,0.962,0.899,0.97,0.957
5,B1_3,0.923,0.935,0.801,0.912,0.884,0.944,1.0,0.866,0.906,0.844,0.886,0.948,0.945,0.956,0.97,0.926
5,A2_1,0.941,0.875,0.918,0.956,0.937,0.944,0.866,1.0,0.909,0.944,0.885,0.953,0.844,0.823,0.901,0.952
5,A2_2,0.915,0.946,0.844,0.924,0.978,0.935,0.906,0.909,1.0,0.808,0.881,0.967,0.936,0.932,0.92,0.933
5,A2_3,0.936,0.855,0.915,0.914,0.86,0.878,0.844,0.944,0.808,1.0,0.87,0.874,0.74,0.757,0.861,0.916
5,B2_1,0.879,0.894,0.842,0.975,0.887,0.89,0.886,0.885,0.881,0.87,1.0,0.912,0.828,0.835,0.895,0.961
5,B2_2,0.948,0.933,0.842,0.969,0.947,0.976,0.948,0.953,0.967,0.874,0.912,1.0,0.948,0.927,0.958,0.959
5,B2_3,0.84,0.867,0.709,0.879,0.872,0.962,0.945,0.844,0.936,0.74,0.828,0.948,1.0,0.934,0.955,0.887
5,y1,0.896,0.95,0.785,0.865,0.914,0.899,0.956,0.823,0.932,0.757,0.835,0.927,0.934,1.0,0.894,0.89
5,y2,0.902,0.891,0.792,0.929,0.881,0.97,0.97,0.901,0.92,0.861,0.895,0.958,0.955,0.894,1.0,0.932
5,y3,0.94,0.937,0.924,0.981,0.95,0.957,0.926,0.952,0.933,0.916,0.961,0.959,0.887,0.89,0.932,1.0
6,.,1.0,0.968,0.921,0.937,0.947,0.908,0.927,0.942,0.92,0.938,0.887,0.95,0.848,0.903,0.904,0.942
6,A1_1,0.968,1.0,0.897,0.919,0.963,0.893,0.937,0.882,0.949,0.865,0.901,0.937,0.873,0.952,0.894,0.94
6,A1_2,0.921,0.897,1.0,0.877,0.927,0.836,0.808,0.92,0.85,0.92,0.852,0.848,0.72,0.793,0.8,0.927
6,A1_3,0.937,0.919,0.877,1.0,0.936,0.951,0.917,0.959,0.93,0.918,0.977,0.972,0.887,0.875,0.933,0.982
6,B1_1,0.947,0.963,0.927,0.936,1.0,0.918,0.89,0.942,0.98,0.87,0.898,0.951,0.879,0.919,0.887,0.953
6,B1_2,0.908,0.893,0.836,0.951,0.918,1.0,0.947,0.948,0.939,0.885,0.897,0.977,0.964,0.906,0.972,0.959
6,B1_3,0.927,0.937,0.808,0.917,0.89,0.947,1.0,0.874,0.911,0.853,0.892,0.951,0.947,0.958,0.971,0.93
6,A2_1,0.942,0.882,0.92,0.959,0.942,0.948,0.874,1.0,0.915,0.947,0.894,0.955,0.854,0.834,0.907,0.955
6,A2_2,0.92,0.949,0.85,0.93,0.98,0.939,0.911,0.915,1.0,0.821,0.889,0.969,0.939,0.937,0.923,0.936
6,A2_3,0.938,0.865,0.92,0.918,0.87,0.885,0.853,0.947,0.821,1.0,0.879,0.881,0.756,0.773,0.869,0.921
6,B2_1,0.887,0.901,0.852,0.977,0.898,0.897,0.892,0.894,0.889,0.879,1.0,0.919,0.838,0.847,0.9,0.965
6,B2_2,0.95,0.937,0.848,0.972,0.951,0.977,0.951,0.955,0.969,0.881,0.919,1.0,0.952,0.932,0.96,0.961
6,B2_3,0.848,0.873,0.72,0.887,0.879,0.964,0.947,0.854,0.939,0.756,0.838,0.952,1.0,0.938,0.957,0.893
6,y1,0.903,0.952,0.793,0.875,0.919,0.906,0.958,0.834,0.937,0.773,0.847,0.932,0.938,1.0,0.899,0.895
6,y2,0.904,0.894,0.8,0.933,0.887,0.972,0.971,0.907,0.923,0.869,0.9,0.96,0.957,0.899,1.0,0.935
6,y3,0.942,0.94,0.927,0.982,0.953,0.959,0.93,0.955,0.936,0.921,0.965,0.961,0.893,0.895,0.935,1.0
7,.,1.0,0.971,0.922,0.939,0.95,0.91,0.929,0.942,0.924,0.939,0.893,0.951,0.853,0.908,0.905,0.943
7,A1_1,0.971,1.0,0.901,0.924,0.965,0.897,0.939,0.888,0.952,0.872,0.906,0.94,0.878,0.954,0.896,0.942
7,A1_2,0.922,0.901,1.0,0.882,0.928,0.841,0.813,0.923,0.854,0.924,0.861,0.852,0.728,0.799,0.806,0.929
7,A1_3,0.939,0.924,0.882,1.0,0.942,0.953,0.921,0.961,0.935,0.922,0.979,0.974,0.894,0.883,0.935,0.984
7,B1_1,0.95,0.965,0.928,0.942,1.0,0.923,0.895,0.946,0.981,0.879,0.907,0.955,0.885,0.922,0.892,0.955
7,B1_2,0.91,0.897,0.841,0.953,0.923,1.0,0.95,0.95,0.942,0.89,0.902,0.978,0.966,0.912,0.973,0.961
7,B1_3,0.929,0.939,0.813,0.921,0.895,0.95,1.0,0.879,0.914,0.86,0.897,0.953,0.95,0.96,0.971,0.932
7,A2_1,0.942,0.888,0.923,0.961,0.946,0.95,0.879,1.0,0.92,0.949,0.902,0.957,0.861,0.842,0.912,0.958
7,A2_2,0.924,0.952,0.854,0.935,0.981,0.942,0.914,0.92,1.0,0.831,0.897,0.971,0.942,0.94,0.926,0.939
7,A2_3,0.939,0.872,0.924,0.922,0.879,0.89,0.86,0.949,0.831,1.0,0.887,0.886,0.768,0.785,0.875,0.926
7,B2_1,0.893,0.906,0.861,0.979,0.907,0.902,0.897,0.902,0.897,0.887,1.0,0.924,0.845,0.856,0.904,0.967
7,B2_2,0.951,0.94,0.852,0.974,0.955,0.978,0.953,0.957,0.971,0.886,0.924,1.0,0.954,0.936,0.961,0.963
7,B2_3,0.853,0.878,0.728,0.894,0.885,0.966,0.95,0.861,0.942,0.768,0.845,0.954,1.0,0.941,0.959,0.897
7,y1,0.908,0.954,0.799,0.883,0.922,0.912,0.96,0.842,0.94,0.785,0.856,0.936,0.941,1.0,0.902,0.9
7,y2,0.905,0.896,0.806,0.935,0.892,0.973,0.971,0.912,0.926,0.875,0.904,0.961,0.959,0.902,1.0,0.937
7,y3,0.943,0.942,0.929,0.984,0.955,0.961,0.932,0.958,0.939,0.926,0.967,0.963,0.897,0.9,0.937,1.0
8,.,1.0,0.973,0.923,0.94,0.952,0.911,0.93,0.942,0.927,0.94,0.896,0.951,0.857,0.911,0.906,0.943
8,A1_1,0.973,1.0,0.903,0.927,0.966,0.9,0.939,0.892,0.953,0.877,0.91,0.941,0.881,0.955,0.897,0.943
8,A1_2,0.923,0.903,1.0,0.885,0.928,0.843,0.816,0.924,0.857,0.927,0.866,0.854,0.733,0.801,0.809,0.93
8,A1_3,0.94,0.927,0.885,1.0,0.946,0.956,0.923,0.963,0.939,0.924,0.98,0.975,0.898,0.889,0.937,0.984
8,B1_1,0.952,0.966,0.928,0.946,1.0,0.926,0.898,0.949,0.982,0.885,0.914,0.957,0.889,0.925,0.896,0.957
8,B1_2,0.911,0.9,0.843,0.956,0.926,1.0,0.952,0.952,0.944,0.894,0.907,0.979,0.968,0.916,0.974,0.962
8,B1_3,0.93,0.939,0.816,0.923,0.898,0.952,1.0,0.883,0.917,0.865,0.9,0.954,0.951,0.961,0.971,0.933
8,A2_1,0.942,0.892,0.924,0.963,0.949,0.952,0.883,1.0,0.924,0.951,0.907,0.959,0.867,0.848,0.915,0.96
8,A2_2,0.927,0.953,0.857,0.939,0.982,0.944,0.917,0.924,1.0,0.838,0.902,0.972,0.943,0.943,0.928,0.941
8,A2_3,0.94,0.877,0.927,0.924,0.885,0.894,0.865,0.951,0.838,1.0,0.892,0.89,0.776,0.794,0.88,0.929
8,B2_1,0.896,0.91,0.866,0.98,0.914,0.907,0.9,0.907,0.902,0.892,1.0,0.928,0.851,0.862,0.907,0.969
8,B2_2,0.951,0.941,0.854,0.975,0.957,0.979,0.954,0.959,0.972,0.89,0.928,1.0,0.956,0.939,0.962,0.964
8,B2_3,0.857,0.881,0.733,0.898,0.889,0.968,0.951,0.867,0.943,0.776,0.851,0.956,1.0,0.943,0.96,0.9
8,y1,0.911,0.955,0.801,0.889,0.925,0.916,0.961,0.848,0.943,0.794,0.862,0.939,0.943,1.0,0.904,0.903
8,y2,0.906,0.897,0.809,0.937,0.896,0.974,0.971,0.915,0.928,0.88,0.907,0.962,0.96,0.904,1.0,0.938
8,y3,0.943,0.943,0.93,0.984,0.957,0.962,0.933,0.96,0.941,0.929,0.969,0.964,0.9,0.903,0.938,1.0
9,.,1.0,0.974,0.923,0.94,0.952,0.911,0.931,0.941,0.928,0.939,0.898,0.95,0.858,0.914,0.904,0.943
9,A1_1,0.974,1.0,0.904,0.929,0.966,0.902,0.94,0.895,0.954,0.88,0.912,0.942,0.882,0.955,0.897,0.944
9,A1_2,0.923,0.904,1.0,0.886,0.927,0.844,0.817,0.924,0.858,0.929,0.87,0.855,0.735,0.803,0.81,0.93
9,A1_3,0.94,0.929,0.886,1.0,0.95,0.957,0.925,0.964,0.942,0.926,0.98,0.976,0.902,0.893,0.939,0.985
9,B1_1,0.952,0.966,0.927,0.95,1.0,0.929,0.901,0.951,0.983,0.89,0.919,0.959,0.892,0.927,0.898,0.959
9,B1_2,0.911,0.902,0.844,0.957,0.929,1.0,0.953,0.954,0.946,0.897,0.909,0.979,0.969,0.919,0.975,0.963
9,B1_3,0.931,0.94,0.817,0.925,0.901,0.953,1.0,0.886,0.918,0.868,0.902,0.955,0.952,0.962,0.971,0.934
9,A2_1,0.941,0.895,0.924,0.964,0.951,0.954,0.886,1.0,0.926,0.952,0.911,0.96,0.871,0.852,0.918,0.961
9,A2_2,0.928,0.954,0.858,0.942,0.983,0.946,0.918,0.926,1.0,0.843,0.905,0.973,0.944,0.944,0.928,0.942
9,A2_3,0.939,0.88,0.929,0.926,0.89,0.897,0.868,0.952,0.843,1.0,0.896,0.892,0.782,0.8,0.883,0.931
9,B2_1,0.898,0.912,0.87,0.98,0.919,0.909,0.902,0.911,0.905,0.896,1.0,0.93,0.855,0.867,0.909,0.971
9,B2_2,0.95,0.942,0.855,0.976,0.959,0.979,0.955,0.96,0.973,0.892,0.93,1.0,0.957,0.942,0.962,0.965
9,B2_3,0.858,0.882,0.735,0.902,0.892,0.969,0.952,0.871,0.944,0.782,0.855,0.957,1.0,0.945,0.961,0.902
9,y1,0.914,0.955,0.803,0.893,0.927,0.919,0.962,0.852,0.944,0.8,0.867,0.942,0.945,1.0,0.906,0.905
9,y2,0.904,0.897,0.81,0.939,0.898,0.975,0.971,0.918,0.928,0.883,0.909,0.962,0.961,0.906,1.0,0.939
9,y3,0.943,0.944,0.93,0.985,0.959,0.963,0.934,0.961,0.942,0.931,0.971,0.965,0.902,0.905,0.939,1.0
10,.,1.0,0.975,0.922,0.939,0.953,0.91,0.93,0.939,0.929,0.939,0.899,0.949,0.859,0.915,0.902,0.942
10,A1_1,0.975,1.0,0.904,0.93,0.967,0.903,0.939,0.896,0.955,0.883,0.914,0.943,0.882,0.955,0.896,0.944
10,A1_2,0.922,0.904,1.0,0.887,0.925,0.843,0.816,0.923,0.858,0.93,0.872,0.854,0.735,0.802,0.809,0.93
10,A1_3,0.939,0.93,0.887,1.0,0.953,0.958,0.927,0.965,0.944,0.927,0.981,0.977,0.905,0.896,0.94,0.986
10,B1_1,0.953,0.967,0.925,0.953,1.0,0.932,0.902,0.953,0.984,0.893,0.923,0.961,0.895,0.928,0.9,0.96
10,B1_2,0.91,0.903,0.843,0.958,0.932,1.0,0.954,0.955,0.947,0.899,0.911,0.98,0.97,0.922,0.975,0.963
10,B1_3,0.93,0.939,0.816,0.927,0.902,0.954,1.0,0.887,0.919,0.87,0.903,0.955,0.953,0.963,0.971,0.935
10,A2_1,0.939,0.896,0.923,0.965,0.953,0.955,0.887,1.0,0.928,0.953,0.914,0.96,0.874,0.856,0.919,0.962
10,A2_2,0.929,0.955,0.858,0.944,0.984,0.947,0.919,0.928,1.0,0.847,0.908,0.974,0.945,0.946,0.929,0.943
10,A2_3,0.939,0.883,0.93,0.927,0.893,0.899,0.87,0.953,0.847,1.0,0.898,0.893,0.787,0.805,0.885,0.933
10,B2_1,0.899,0.914,0.872,0.981,0.923,0.911,0.903,0.914,0.908,0.898,1.0,0.932,0.858,0.871,0.91,0.972
10,B2_2,0.949,0.943,0.854,0.977,0.961,0.98,0.955,0.96,0.974,0.893,0.932,1.0,0.958,0.943,0.962,0.965
10,B2_3,0.859,0.882,0.735,0.905,0.895,0.97,0.953,0.874,0.945,0.787,0.858,0.958,1.0,0.946,0.961,0.903
10,y1,0.915,0.955,0.802,0.896,0.928,0.922,0.963,0.856,0.946,0.805,0.871,0.943,0.946,1.0,0.906,0.907
10,y2,0.902,0.896,0.809,0.94,0.9,0.975,0.971,0.919,0.929,0.885,0.91,0.962,0.961,0.906,1.0,0.94
10,y3,0.942,0.944,0.93,0.986,0.96,0.963,0.935,0.962,0.943,0.933,0.972,0.965,0.903,0.907,0.94,1.0
11,.,1.0,0.975,0.921,0.938,0.952,0.908,0.929,0.937,0.929,0.938,0.898,0.947,0.857,0.915,0.899,0.94
11,A1_1,0.975,1.0,0.904,0.931,0.966,0.903,0.938,0.897,0.955,0.884,0.914,0.942,0.881,0.955,0.894,0.944
11,A1_2,0.921,0.904,1.0,0.886,0.923,0.84,0.813,0.922,0.857,0.93,0.872,0.851,0.732,0.8,0.806,0.929
11,A1_3,0.938,0.931,0.886,1.0,0.955,0.959,0.927,0.966,0.945,0.927,0.981,0.977,0.906,0.899,0.94,0.986
11,B1_1,0.952,0.966,0.923,0.955,1.0,0.933,0.903,0.954,0.984,0.895,0.925,0.962,0.896,0.929,0.901,0.96
11,B1_2,0.908,0.903,0.84,0.959,0.933,1.0,0.954,0.955,0.948,0.899,0.912,0.98,0.97,0.924,0.975,0.963
11,B1_3,0.929,0.938,0.813,0.927,0.903,0.954,1.0,0.888,0.919,0.87,0.903,0.956,0.953,0.963,0.971,0.934
11,A2_1,0.937,0.897,0.922,0.966,0.954,0.955,0.888,1.0,0.929,0.953,0.916,0.96,0.875,0.857,0.92,0.963
11,A2_2,0.929,0.955,0.857,0.945,0.984,0.948,0.919,0.929,1.0,0.849,0.909,0.974,0.945,0.946,0.928,0.944
11,A2_3,0.938,0.884,0.93,0.927,0.895,0.899,0.87,0.953,0.849,1.0,0.9,0.894,0.788,0.807,0.885,0.934
11,B2_1,0.898,0.914,0.872,0.981,0.925,0.912,0.903,0.916,0.909,0.9,1.0,0.933,0.858,0.872,0.91,0.972
11,B2_2,0.947,0.942,0.851,0.977,0.962,0.98,0.956,0.96,0.974,0.894,0.933,1.0,0.959,0.945,0.961,0.965
11,B2_3,0.857,0.881,0.732,0.906,0.896,0.97,0.953,0.875,0.945,0.788,0.858,0.959,1.0,0.947,0.961,0.903
11,y1,0.915,0.955,0.8,0.899,0.929,0.924,0.963,0.857,0.946,0.807,0.872,0.945,0.947,1.0,0.906,0.907
11,y2,0.899,0.894,0.806,0.94,0.901,0.975,0.971,0.92,0.928,0.885,0.91,0.961,0.961,0.906,1.0,0.94
11,y3,0.94,0.944,0.929,0.986,0.96,0.963,0.934,0.963,0.944,0.934,0.972,0.965,0.903,0.907,0.94,1.0
12,.,1.0,0.976,0.918,0.936,0.951,0.904,0.927,0.935,0.928,0.936,0.896,0.944,0.854,0.915,0.895,0.938
12,A1_1,0.976,1.0,0.903,0.931,0.966,0.902,0.936,0.897,0.955,0.884,0.914,0.941,0.879,0.954,0.891,0.944
12,A1_2,0.918,0.903,1.0,0.884,0.92,0.836,0.809,0.92,0.854,0.93,0.872,0.847,0.726,0.796,0.802,0.927
12,A1_3,0.936,0.931,0.884,1.0,0.957,0.959,0.927,0.967,0.946,0.927,0.981,0.978,0.907,0.9,0.94,0.986
12,B1_1,0.951,0.966,0.92,0.957,1.0,0.935,0.903,0.956,0.985,0.897,0.927,0.963,0.898,0.93,0.901,0.961
12,B1_2,0.904,0.902,0.836,0.959,0.935,1.0,0.955,0.955,0.948,0.898,0.912,0.98,0.971,0.925,0.975,0.963
12,B1_3,0.927,0.936,0.809,0.927,0.903,0.955,1.0,0.888,0.919,0.87,0.902,0.955,0.953,0.963,0.97,0.933
12,A2_1,0.935,0.897,0.92,0.967,0.956,0.955,0.888,1.0,0.93,0.954,0.917,0.96,0.876,0.858,0.92,0.963
12,A2_2,0.928,0.955,0.854,0.946,0.985,0.948,0.919,0.93,1.0,0.851,0.91,0.975,0.945,0.947,0.927,0.944
12,A2_3,0.936,0.884,0.93,0.927,0.897,0.898,0.87,0.954,0.851,1.0,0.9,0.893,0.788,0.808,0.885,0.934
12,B2_1,0.896,0.914,0.872,0.981,0.927,0.912,0.902,0.917,0.91,0.9,1.0,0.933,0.858,0.873,0.91,0.973
12,B2_2,0.944,0.941,0.847,0.978,0.963,0.98,0.955,0.96,0.975,0.893,0.933,1.0,0.96,0.946,0.961,0.965
12,B2_3,0.854,0.879,0.726,0.907,0.898,0.971,0.953,0.876,0.945,0.788,0.858,0.96,1.0,0.947,0.96,0.903
12,y1,0.915,0.954,0.796,0.9,0.93,0.925,0.963,0.858,0.947,0.808,0.873,0.946,0.947,1.0,0.906,0.907
12,y2,0.895,0.891,0.802,0.94,0.901,0.975,0.97,0.92,0.927,0.885,0.91,0.961,0.96,0.906,1.0,0.939
12,y3,0.938,0.944,0.927,0.986,0.961,0.963,0.933,0.963,0.944,0.934,0.973,0.965,0.903,0.907,0.939,1.0
13,.,1.0,0.976,0.916,0.933,0.949,0.9,0.924,0.931,0.926,0.933,0.893,0.941,0.849,0.913,0.889,0.935
13,A1_1,0.976,1.0,0.901,0.93,0.965,0.9,0.934,0.896,0.954,0.884,0.913,0.94,0.876,0.952,0.887,0.943
13,A1_2,0.916,0.901,1.0,0.881,0.915,0.83,0.803,0.917,0.851,0.929,0.869,0.842,0.719,0.791,0.795,0.924
13,A1_3,0.933,0.93,0.881,1.0,0.959,0.96,0.927,0.967,0.947,0.927,0.98,0.978,0.907,0.901,0.94,0.986
13,B1_1,0.949,0.965,0.915,0.959,1.0,0.936,0.903,0.956,0.985,0.897,0.927,0.964,0.898,0.929,0.901,0.961
13,B1_2,0.9,0.9,0.83,0.96,0.936,1.0,0.954,0.955,0.948,0.897,0.912,0.98,0.971,0.925,0.975,0.962
13,B1_3,0.924,0.934,0.803,0.927,0.903,0.954,1.0,0.887,0.918,0.868,0.901,0.955,0.952,0.963,0.969,0.932
13,A2_1,0.931,0.896,0.917,0.967,0.956,0.955,0.887,1.0,0.93,0.953,0.917,0.96,0.876,0.858,0.919,0.963
13,A2_2,0.926,0.954,0.851,0.947,0.985,0.948,0.918,0.93,1.0,0.851,0.909,0.975,0.944,0.947,0.925,0.944
13,A2_3,0.933,0.884,0.929,0.927,0.897,0.897,0.868,0.953,0.851,1.0,0.9,0.892,0.787,0.807,0.884,0.934
13,B2_1,0.893,0.913,0.869,0.98,0.927,0.912,0.901,0.917,0.909,0.9,1.0,0.933,0.857,0.873,0.91,0.973
13,B2_2,0.941,0.94,0.842,0.978,0.964,0.98,0.955,0.96,0.975,0.892,0.933,1.0,0.96,0.946,0.96,0.964
13,B2_3,0.849,0.876,0.719,0.907,0.898,0.971,0.952,0.876,0.944,0.787,0.857,0.96,1.0,0.947,0.96,0.902
13,y1,0.913,0.952,0.791,0.901,0.929,0.925,0.963,0.858,0.947,0.807,0.873,0.946,0.947,1.0,0.905,0.906
13,y2,0.889,0.887,0.795,0.94,0.901,0.975,0.969,0.919,0.925,0.884,0.91,0.96,0.96,0.905,1.0,0.939
13,y3,0.935,0.943,0.924,0.986,0.961,0.962,0.932,0.963,0.944,0.934,0.973,0.964,0.902,0.906,0.939,1.0
14,.,1.0,0.975,0.912,0.93,0.946,0.894,0.92,0.928,0.924,0.931,0.888,0.937,0.843,0.911,0.883,0.931
14,A1_1,0.975,1.0,0.899,0.929,0.964,0.897,0.931,0.894,0.953,0.882,0.911,0.937,0.871,0.95,0.882,0.941
14,A1_2,0.912,0.899,1.0,0.877,0.91,0.823,0.796,0.913,0.846,0.927,0.866,0.835,0.71,0.784,0.788,0.921
14,A1_3,0.93,0.929,0.877,1.0,0.96,0.959,0.926,0.967,0.947,0.926,0.98,0.978,0.906,0.901,0.94,0.987
14,B1_1,0.946,0.964,0.91,0.96,1.0,0.936,0.902,0.957,0.986,0.896,0.928,0.965,0.898,0.929,0.9,0.961
14,B1_2,0.894,0.897,0.823,0.959,0.936,1.0,0.954,0.954,0.948,0.895,0.911,0.98,0.971,0.925,0.974,0.961
14,B1_3,0.92,0.931,0.796,0.926,0.902,0.954,1.0,0.885,0.916,0.866,0.9,0.954,0.952,0.963,0.968,0.931
14,A2_1,0.928,0.894,0.913,0.967,0.957,0.954,0.885,1.0,0.93,0.953,0.917,0.959,0.874,0.857,0.919,0.963
14,A2_2,0.924,0.953,0.846,0.947,0.986,0.948,0.916,0.93,1.0,0.85,0.908,0.974,0.943,0.946,0.923,0.943
14,A2_3,0.931,0.882,0.927,0.926,0.896,0.895,0.866,0.953,0.85,1.0,0.899,0.889,0.784,0.805,0.882,0.934
14,B2_1,0.888,0.911,0.866,0.98,0.928,0.911,0.9,0.917,0.908,0.899,1.0,0.932,0.855,0.872,0.909,0.973
14,B2_2,0.937,0.937,0.835,0.978,0.965,0.98,0.954,0.959,0.974,0.889,0.932,1.0,0.96,0.946,0.959,0.963
14,B2_3,0.843,0.871,0.71,0.906,0.898,0.971,0.952,0.874,0.943,0.784,0.855,0.96,1.0,0.946,0.959,0.9
14,y1,0.911,0.95,0.784,0.901,0.929,0.925,0.963,0.857,0.946,0.805,0.872,0.946,0.946,1.0,0.903,0.905
14,y2,0.883,0.882,0.788,0.94,0.9,0.974,0.968,0.919,0.923,0.882,0.909,0.959,0.959,0.903,1.0,0.937
14,y3,0.931,0.941,0.921,0.987,0.961,0.961,0.931,0.963,0.943,0.934,0.973,0.963,0.9,0.905,0.937,1.0
15,.,1.0,0.975,0.908,0.926,0.943,0.887,0.916,0.923,0.921,0.927,0.883,0.932,0.835,0.907,0.875,0.927
15,A1_1,0.975,1.0,0.897,0.928,0.962,0.892,0.927,0.892,0.951,0.88,0.909,0.934,0.865,0.948,0.877,0.939
15,A1_2,0.908,0.897,1.0,0.873,0.905,0.814,0.787,0.909,0.841,0.926,0.863,0.827,0.698,0.776,0.779,0.917
15,A1_3,0.926,0.928,0.873,1.0,0.961,0.959,0.925,0.967,0.947,0.924,0.979,0.977,0.905,0.9,0.939,0.987
15,B1_1,0.943,0.962,0.905,0.961,1.0,0.937,0.9,0.957,0.986,0.895,0.928,0.965,0.898,0.928,0.899,0.961
15,B1_2,0.887,0.892,0.814,0.959,0.937,1.0,0.953,0.953,0.947,0.891,0.909,0.98,0.971,0.925,0.974,0.96
15,B1_3,0.916,0.927,0.787,0.925,0.9,0.953,1.0,0.883,0.914,0.862,0.897,0.954,0.951,0.962,0.967,0.929
15,A2_1,0.923,0.892,0.909,0.967,0.957,0.953,0.883,1.0,0.93,0.953,0.916,0.958,0.872,0.855,0.917,0.963
15,A2_2,0.921,0.951,0.841,0.947,0.986,0.947,0.914,0.93,1.0,0.848,0.907,0.974,0.941,0.945,0.92,0.942
15,A2_3,0.927,0.88,0.926,0.924,0.895,0.891,0.862,0.953,0.848,1.0,0.897,0.886,0.779,0.802,0.879,0.933
15,B2_1,0.883,0.909,0.863,0.979,0.928,0.909,0.897,0.916,0.907,0.897,1.0,0.93,0.852,0.87,0.907,0.973
15,B2_2,0.932,0.934,0.827,0.977,0.965,0.98,0.954,0.958,0.974,0.886,0.93,1.0,0.96,0.946,0.958,0.962
15,B2_3,0.835,0.865,0.698,0.905,0.898,0.971,0.951,0.872,0.941,0.779,0.852,0.96,1.0,0.945,0.957,0.898
15,y1,0.907,0.948,0.776,0.9,0.928,0.925,0.962,0.855,0.945,0.802,0.87,0.946,0.945,1.0,0.901,0.904
15,y2,0.875,0.877,0.779,0.939,0.899,0.974,0.967,0.917,0.92,0.879,0.907,0.958,0.957,0.901,1.0,0.936
15,y3,0.927,0.939,0.917,0.987,0.961,0.96,0.929,0.963,0.942,0.933,0.973,0.962,0.898,0.904,0.936,1.0
16,.,1.0,0.974,0.904,0.921,0.938,0.878,0.91,0.917,0.917,0.923,0.877,0.925,0.825,0.903,0.865,0.921
16,A1_1,0.974,1.0,0.894,0.925,0.959,0.887,0.923,0.889,0.949,0.878,0.906,0.93,0.858,0.945,0.87,0.937
16,A1_2,0.904,0.894,1.0,0.867,0.897,0.803,0.776,0.904,0.834,0.924,0.857,0.818,0.684,0.765,0.768,0.912
16,A1_3,0.921,0.925,0.867,1.0,0.962,0.958,0.923,0.967,0.947,0.923,0.978,0.977,0.903,0.899,0.937,0.987
16,B1_1,0.938,0.959,0.897,0.962,1.0,0.937,0.898,0.957,0.986,0.894,0.927,0.965,0.897,0.927,0.898,0.96
16,B1_2,0.878,0.887,0.803,0.958,0.937,1.0,0.951,0.952,0.946,0.887,0.907,0.98,0.971,0.924,0.973,0.958
16,B1_3,0.91,0.923,0.776,0.923,0.898,0.951,1.0,0.88,0.912,0.857,0.894,0.953,0.949,0.962,0.966,0.926
16,A2_1,0.917,0.889,0.904,0.967,0.957,0.952,0.88,1.0,0.929,0.952,0.915,0.956,0.87,0.852,0.915,0.963
16,A2_2,0.917,0.949,0.834,0.947,0.986,0.946,0.912,0.929,1.0,0.845,0.905,0.974,0.939,0.944,0.917,0.941
16,A2_3,0.923,0.878,0.924,0.923,0.894,0.887,0.857,0.952,0.845,1.0,0.894,0.882,0.773,0.797,0.875,0.932
16,B2_1,0.877,0.906,0.857,0.978,0.927,0.907,0.894,0.915,0.905,0.894,1.0,0.928,0.848,0.867,0.905,0.972
16,B2_2,0.925,0.93,0.818,0.977,0.965,0.98,0.953,0.956,0.974,0.882,0.928,1.0,0.959,0.946,0.956,0.961
16,B2_3,0.825,0.858,0.684,0.903,0.897,0.971,0.949,0.87,0.939,0.773,0.848,0.959,1.0,0.944,0.956,0.895
16,y1,0.903,0.945,0.765,0.899,0.927,0.924,0.962,0.852,0.944,0.797,0.867,0.946,0.944,1.0,0.898,0.901
16,y2,0.865,0.87,0.768,0.937,0.898,0.973,0.966,0.915,0.917,0.875,0.905,0.956,0.956,0.898,1.0,0.934
16,y3,0.921,0.937,0.912,0.987,0.96,0.958,0.926,0.963,0.941,0.932,0.972,0.961,0.895,0.901,0.934,1.0
17,.,1.0,0.973,0.899,0.914,0.932,0.867,0.902,0.911,0.912,0.919,0.869,0.917,0.813,0.897,0.854,0.914
17,A1_1,0.973,1.0,0.89,0.923,0.956,0.881,0.917,0.885,0.947,0.874,0.902,0.926,0.85,0.941,0.862,0.934
17,A1_2,0.899,0.89,1.0,0.861,0.889,0.791,0.764,0.898,0.826,0.921,0.851,0.806,0.668,0.753,0.756,0.906
17,A1_3,0.914,0.923,0.861,1.0,0.963,0.957,0.921,0.967,0.946,0.92,0.977,0.976,0.901,0.897,0.936,0.987
17,B1_1,0.932,0.956,0.889,0.963,1.0,0.937,0.896,0.957,0.987,0.891,0.926,0.965,0.896,0.925,0.896,0.96
17,B1_2,0.867,0.881,0.791,0.957,0.937,1.0,0.95,0.95,0.944,0.881,0.904,0.979,0.971,0.923,0.972,0.957
17,B1_3,0.902,0.917,0.764,0.921,0.896,0.95,1.0,0.876,0.909,0.851,0.891,0.951,0.947,0.961,0.964,0.923
17,A2_1,0.911,0.885,0.898,0.967,0.957,0.95,0.876,1.0,0.927,0.95,0.913,0.954,0.866,0.849,0.912,0.962
17,A2_2,0.912,0.947,0.826,0.946,0.987,0.944,0.909,0.927,1.0,0.842,0.902,0.973,0.936,0.942,0.913,0.94
17,A2_3,0.919,0.874,0.921,0.92,0.891,0.881,0.851,0.95,0.842,1.0,0.891,0.877,0.764,0.791,0.87,0.93
17,B2_1,0.869,0.902,0.851,0.977,0.926,0.904,0.891,0.913,0.902,0.891,1.0,0.926,0.844,0.864,0.903,0.971
17,B2_2,0.917,0.926,0.806,0.976,0.965,0.979,0.951,0.954,0.973,0.877,0.926,1.0,0.959,0.945,0.955,0.959
17,B2_3,0.813,0.85,0.668,0.901,0.896,0.971,0.947,0.866,0.936,0.764,0.844,0.959,1.0,0.942,0.954,0.891
17,y1,0.897,0.941,0.753,0.897,0.925,0.923,0.961,0.849,0.942,0.791,0.864,0.945,0.942,1.0,0.895,0.898
17,y2,0.854,0.862,0.756,0.936,0.896,0.972,0.964,0.912,0.913,0.87,0.903,0.955,0.954,0.895,1.0,0.932
17,y3,0.914,0.934,0.906,0.987,0.96,0.957,0.923,0.962,0.94,0.93,0.971,0.959,0.891,0.898,0.932,1.0
18,.,1.0,0.971,0.893,0.907,0.925,0.854,0.894,0.903,0.906,0.913,0.859,0.908,0.799,0.89,0.841,0.906
18,A1_1,0.971,1.0,0.886,0.919,0.953,0.873,0.911,0.881,0.944,0.87,0.898,0.92,0.84,0.937,0.852,0.931
18,A1_2,0.893,0.886,1.0,0.853,0.88,0.776,0.749,0.892,0.818,0.918,0.843,0.793,0.65,0.74,0.741,0.899
18,A1_3,0.907,0.919,0.853,1.0,0.964,0.956,0.918,0.966,0.945,0.918,0.976,0.975,0.898,0.895,0.933,0.987
18,B1_1,0.925,0.953,0.88,0.964,1.0,0.936,0.893,0.957,0.987,0.888,0.925,0.965,0.894,0.923,0.893,0.959
18,B1_2,0.854,0.873,0.776,0.956,0.936,1.0,0.948,0.947,0.942,0.875,0.9,0.979,0.971,0.921,0.971,0.955
18,B1_3,0.894,0.911,0.749,0.918,0.893,0.948,1.0,0.872,0.905,0.844,0.887,0.95,0.945,0.96,0.963,0.92
18,A2_1,0.903,0.881,0.892,0.966,0.957,0.947,0.872,1.0,0.926,0.949,0.91,0.952,0.862,0.844,0.909,0.961
18,A2_2,0.906,0.944,0.818,0.945,0.987,0.942,0.905,0.926,1.0,0.837,0.899,0.972,0.933,0.94,0.908,0.938
18,A2_3,0.913,0.87,0.918,0.918,0.888,0.875,0.844,0.949,0.837,1.0,0.887,0.871,0.755,0.783,0.864,0.927
18,B2_1,0.859,0.898,0.843,0.976,0.925,0.9,0.887,0.91,0.899,0.887,1.0,0.923,0.839,0.86,0.901,0.971
18,B2_2,0.908,0.92,0.793,0.975,0.965,0.979,0.95,0.952,0.972,0.871,0.923,1.0,0.958,0.944,0.953,0.957
18,B2_3,0.799,0.84,0.65,0.898,0.894,0.971,0.945,0.862,0.933,0.755,0.839,0.958,1.0,0.941,0.952,0.887
18,y1,0.89,0.937,0.74,0.895,0.923,0.921,0.96,0.844,0.94,0.783,0.86,0.944,0.941,1.0,0.891,0.895
18,y2,0.841,0.852,0.741,0.933,0.893,0.971,0.963,0.909,0.908,0.864,0.901,0.953,0.952,0.891,1.0,0.93
18,y3,0.906,0.931,0.899,0.987,0.959,0.955,0.92,0.961,0.938,0.927,0.971,0.957,0.887,0.895,0.93,1.0
19,.,1.0,0.969,0.886,0.899,0.917,0.839,0.884,0.894,0.899,0.906,0.848,0.897,0.783,0.882,0.826,0.897
19,A1_1,0.969,1.0,0.882,0.916,0.948,0.864,0.904,0.876,0.941,0.866,0.893,0.914,0.829,0.932,0.842,0.927
19,A1_2,0.886,0.882,1.0,0.845,0.869,0.76,0.733,0.885,0.808,0.914,0.834,0.778,0.629,0.725,0.725,0.891
19,A1_3,0.899,0.916,0.845,1.0,0.964,0.954,0.915,0.966,0.944,0.915,0.975,0.974,0.895,0.893,0.931,0.986
19,B1_1,0.917,0.948,0.869,0.964,1.0,0.936,0.89,0.957,0.987,0.884,0.923,0.966,0.893,0.921,0.891,0.959
19,B1_2,0.839,0.864,0.76,0.954,0.936,1.0,0.946,0.945,0.94,0.867,0.897,0.978,0.971,0.919,0.969,0.952
19,B1_3,0.884,0.904,0.733,0.915,0.89,0.946,1.0,0.867,0.901,0.836,0.883,0.948,0.943,0.959,0.961,0.916
19,A2_1,0.894,0.876,0.885,0.966,0.957,0.945,0.867,1.0,0.924,0.947,0.908,0.95,0.857,0.84,0.905,0.96
19,A2_2,0.899,0.941,0.808,0.944,0.987,0.94,0.901,0.924,1.0,0.833,0.896,0.971,0.929,0.938,0.903,0.937
19,A2_3,0.906,0.866,0.914,0.915,0.884,0.867,0.836,0.947,0.833,1.0,0.882,0.864,0.745,0.775,0.857,0.924
19,B2_1,0.848,0.893,0.834,0.975,0.923,0.897,0.883,0.908,0.896,0.882,1.0,0.92,0.833,0.856,0.898,0.97
19,B2_2,0.897,0.914,0.778,0.974,0.966,0.978,0.948,0.95,0.971,0.864,0.92,1.0,0.957,0.943,0.951,0.955
19,B2_3,0.783,0.829,0.629,0.895,0.893,0.971,0.943,0.857,0.929,0.745,0.833,0.957,1.0,0.938,0.95,0.883
19,y1,0.882,0.932,0.725,0.893,0.921,0.919,0.959,0.84,0.938,0.775,0.856,0.943,0.938,1.0,0.887,0.891
19,y2,0.826,0.842,0.725,0.931,0.891,0.969,0.961,0.905,0.903,0.857,0.898,0.951,0.95,0.887,1.0,0.927
19,y3,0.897,0.927,0.891,0.986,0.959,0.952,0.916,0.96,0.937,0.924,0.97,0.955,0.883,0.891,0.927,1.0
20,.,1.0,0.967,0.879,0.889,0.907,0.822,0.872,0.884,0.89,0.899,0.836,0.884,0.763,0.873,0.809,0.885
20,A1_1,0.967,1.0,0.877,0.911,0.943,0.854,0.896,0.87,0.937,0.86,0.887,0.906,0.815,0.926,0.83,0.922
20,A1_2,0.879,0.877,1.0,0.835,0.856,0.74,0.715,0.876,0.796,0.91,0.824,0.761,0.605,0.708,0.707,0.882
20,A1_3,0.889,0.911,0.835,1.0,0.965,0.952,0.912,0.966,0.943,0.911,0.973,0.973,0.891,0.889,0.928,0.986
20,B1_1,0.907,0.943,0.856,0.965,1.0,0.936,0.887,0.956,0.987,0.879,0.921,0.966,0.891,0.918,0.888,0.958
20,B1_2,0.822,0.854,0.74,0.952,0.936,1.0,0.943,0.941,0.937,0.858,0.892,0.978,0.971,0.916,0.968,0.949
20,B1_3,0.872,0.896,0.715,0.912,0.887,0.943,1.0,0.861,0.896,0.826,0.878,0.946,0.941,0.958,0.959,0.911
20,A2_1,0.884,0.87,0.876,0.966,0.956,0.941,0.861,1.0,0.922,0.945,0.904,0.947,0.851,0.834,0.901,0.959
20,A2_2,0.89,0.937,0.796,0.943,0.987,0.937,0.896,0.922,1.0,0.827,0.892,0.969,0.925,0.936,0.898,0.935
20,A2_3,0.899,0.86,0.91,0.911,0.879,0.858,0.826,0.945,0.827,1.0,0.877,0.856,0.731,0.765,0.849,0.921
20,B2_1,0.836,0.887,0.824,0.973,0.921,0.892,0.878,0.904,0.892,0.877,1.0,0.916,0.826,0.851,0.894,0.969
20,B2_2,0.884,0.906,0.761,0.973,0.966,0.978,0.946,0.947,0.969,0.856,0.916,1.0,0.957,0.941,0.948,0.953
20,B2_3,0.763,0.815,0.605,0.891,0.891,0.971,0.941,0.851,0.925,0.731,0.826,0.957,1.0,0.935,0.947,0.878
20,y1,0.873,0.926,0.708,0.889,0.918,0.916,0.958,0.834,0.936,0.765,0.851,0.941,0.935,1.0,0.883,0.886
20,y2,0.809,0.83,0.707,0.928,0.888,0.968,0.959,0.901,0.898,0.849,0.894,0.948,0.947,0.883,1.0,0.924
20,y3,0.885,0.922,0.882,0.986,0.958,0.949,0.911,0.959,0.935,0.921,0.969,0.953,0.878,0.886,0.924,1.0
21,.,1.0,0.964,0.871,0.878,0.894,0.801,0.858,0.871,0.881,0.89,0.821,0.869,0.741,0.861,0.788,0.872
21,A1_1,0.964,1.0,0.872,0.906,0.937,0.841,0.886,0.863,0.933,0.854,0.881,0.897,0.8,0.919,0.817,0.917
21,A1_2,0.871,0.872,1.0,0.825,0.841,0.718,0.694,0.867,0.784,0.906,0.813,0.741,0.579,0.688,0.686,0.872
21,A1_3,0.878,0.906,0.825,1.0,0.966,0.949,0.908,0.965,0.942,0.907,0.972,0.971,0.886,0.885,0.925,0.986
21,B1_1,0.894,0.937,0.841,0.966,1.0,0.935,0.883,0.956,0.987,0.873,0.919,0.965,0.89,0.915,0.885,0.957
21,B1_2,0.801,0.841,0.718,0.949,0.935,1.0,0.941,0.937,0.934,0.847,0.887,0.977,0.971,0.913,0.966,0.946
21,B1_3,0.858,0.886,0.694,0.908,0.883,0.941,1.0,0.854,0.891,0.815,0.873,0.944,0.938,0.956,0.958,0.907
21,A2_1,0.871,0.863,0.867,0.965,0.956,0.937,0.854,1.0,0.92,0.943,0.901,0.944,0.845,0.827,0.896,0.958
21,A2_2,0.881,0.933,0.784,0.942,0.987,0.934,0.891,0.92,1.0,0.82,0.887,0.968,0.92,0.932,0.891,0.932
21,A2_3,0.89,0.854,0.906,0.907,0.873,0.847,0.815,0.943,0.82,1.0,0.87,0.846,0.717,0.753,0.839,0.917
21,B2_1,0.821,0.881,0.813,0.972,0.919,0.887,0.873,0.901,0.887,0.87,1.0,0.912,0.819,0.845,0.891,0.968
21,B2_2,0.869,0.897,0.741,0.971,0.965,0.977,0.944,0.944,0.968,0.846,0.912,1.0,0.956,0.939,0.946,0.95
21,B2_3,0.741,0.8,0.579,0.886,0.89,0.971,0.938,0.845,0.92,0.717,0.819,0.956,1.0,0.932,0.945,0.872
21,y1,0.861,0.919,0.688,0.885,0.915,0.913,0.956,0.827,0.932,0.753,0.845,0.939,0.932,1.0,0.878,0.881
21,y2,0.788,0.817,0.686,0.925,0.885,0.966,0.958,0.896,0.891,0.839,0.891,0.946,0.945,0.878,1.0,0.921
21,y3,0.872,0.917,0.872,0.986,0.957,0.946,0.907,0.958,0.932,0.917,0.968,0.95,0.872,0.881,0.921,1.0
22,.,1.0,0.961,0.862,0.864,0.878,0.776,0.841,0.857,0.869,0.88,0.803,0.85,0.714,0.847,0.764,0.856
22,A1_1,0.961,1.0,0.865,0.899,0.929,0.826,0.875,0.855,0.927,0.846,0.872,0.885,0.782,0.911,0.801,0.91
22,A1_2,0.862,0.865,1.0,0.812,0.823,0.692,0.67,0.855,0.769,0.901,0.799,0.718,0.548,0.666,0.662,0.86
22,A1_3,0.864,0.899,0.812,1.0,0.966,0.946,0.903,0.964,0.94,0.902,0.97,0.969,0.88,0.88,0.921,0.986
22,B1_1,0.878,0.929,0.823,0.966,1.0,0.935,0.878,0.955,0.987,0.865,0.916,0.965,0.887,0.911,0.882,0.955
22,B1_2,0.776,0.826,0.692,0.946,0.935,1.0,0.937,0.933,0.93,0.834,0.881,0.977,0.97,0.908,0.964,0.942
22,B1_3,0.841,0.875,0.67,0.903,0.878,0.937,1.0,0.847,0.885,0.801,0.867,0.941,0.935,0.955,0.956,0.901
22,A2_1,0.857,0.855,0.855,0.964,0.955,0.933,0.847,1.0,0.917,0.94,0.896,0.94,0.837,0.818,0.89,0.956
22,A2_2,0.869,0.927,0.769,0.94,0.987,0.93,0.885,0.917,1.0,0.812,0.882,0.966,0.914,0.928,0.883,0.929
22,A2_3,0.88,0.846,0.901,0.902,0.865,0.834,0.801,0.94,0.812,1.0,0.862,0.834,0.699,0.738,0.828,0.911
22,B2_1,0.803,0.872,0.799,0.97,0.916,0.881,0.867,0.896,0.882,0.862,1.0,0.907,0.811,0.838,0.886,0.966
22,B2_2,0.85,0.885,0.718,0.969,0.965,0.977,0.941,0.94,0.966,0.834,0.907,1.0,0.955,0.937,0.943,0.947
22,B2_3,0.714,0.782,0.548,0.88,0.887,0.97,0.935,0.837,0.914,0.699,0.811,0.955,1.0,0.928,0.941,0.865
22,y1,0.847,0.911,0.666,0.88,0.911,0.908,0.955,0.818,0.928,0.738,0.838,0.937,0.928,1.0,0.872,0.875
22,y2,0.764,0.801,0.662,0.921,0.882,0.964,0.956,0.89,0.883,0.828,0.886,0.943,0.941,0.872,1.0,0.917
22,y3,0.856,0.91,0.86,0.986,0.955,0.942,0.901,0.956,0.929,0.911,0.966,0.947,0.865,0.875,0.917,1.0
23,.,1.0,0.957,0.852,0.848,0.859,0.746,0.821,0.84,0.855,0.868,0.782,0.827,0.683,0.831,0.736,0.838
23,A1_1,0.957,1.0,0.859,0.892,0.919,0.808,0.861,0.845,0.921,0.838,0.863,0.872,0.761,0.901,0.783,0.902
23,A1_2,0.852,0.859,1.0,0.798,0.803,0.663,0.642,0.843,0.753,0.895,0.783,0.692,0.513,0.641,0.635,0.846
23,A1_3,0.848,0.892,0.798,1.0,0.966,0.942,0.898,0.963,0.938,0.896,0.967,0.967,0.873,0.874,0.916,0.986
23,B1_1,0.859,0.919,0.803,0.966,1.0,0.934,0.873,0.954,0.987,0.856,0.912,0.965,0.885,0.907,0.878,0.954
23,B1_2,0.746,0.808,0.663,0.942,0.934,1.0,0.934,0.927,0.925,0.818,0.875,0.976,0.97,0.904,0.961,0.938
23,B1_3,0.821,0.861,0.642,0.898,0.873,0.934,1.0,0.838,0.878,0.785,0.86,0.939,0.932,0.953,0.953,0.894
23,A2_1,0.84,0.845,0.843,0.963,0.954,0.927,0.838,1.0,0.914,0.936,0.891,0.935,0.828,0.809,0.882,0.955
23,A2_2,0.855,0.921,0.753,0.938,0.987,0.925,0.878,0.914,1.0,0.802,0.876,0.963,0.907,0.924,0.875,0.926
23,A2_3,0.868,0.838,0.895,0.896,0.856,0.818,0.785,0.936,0.802,1.0,0.853,0.821,0.679,0.721,0.814,0.905
23,B2_1,0.782,0.863,0.783,0.967,0.912,0.875,0.86,0.891,0.876,0.853,1.0,0.901,0.802,0.83,0.882,0.965
23,B2_2,0.827,0.872,0.692,0.967,0.965,0.976,0.939,0.935,0.963,0.821,0.901,1.0,0.954,0.934,0.939,0.943
23,B2_3,0.683,0.761,0.513,0.873,0.885,0.97,0.932,0.828,0.907,0.679,0.802,0.954,1.0,0.924,0.938,0.858
23,y1,0.831,0.901,0.641,0.874,0.907,0.904,0.953,0.809,0.924,0.721,0.83,0.934,0.924,1.0,0.866,0.868
23,y2,0.736,0.783,0.635,0.916,0.878,0.961,0.953,0.882,0.875,0.814,0.882,0.939,0.938,0.866,1.0,0.913
23,y3,0.838,0.902,0.846,0.986,0.954,0.938,0.894,0.955,0.926,0.905,0.965,0.943,0.858,0.868,0.913,1.0
24,.,1.0,0.952,0.841,0.828,0.835,0.71,0.796,0.819,0.838,0.854,0.756,0.799,0.645,0.811,0.703,0.814
24,A1_1,0.952,1.0,0.852,0.883,0.907,0.787,0.845,0.834,0.914,0.828,0.851,0.855,0.736,0.889,0.761,0.893
24,A1_2,0.841,0.852,1.0,0.782,0.779,0.629,0.61,0.829,0.735,0.888,0.764,0.661,0.473,0.611,0.604,0.829
24,A1_3,0.828,0.883,0.782,1.0,0.966,0.937,0.891,0.962,0.935,0.889,0.965,0.964,0.865,0.867,0.91,0.985
24,B1_1,0.835,0.907,0.779,0.966,1.0,0.933,0.868,0.952,0.986,0.845,0.907,0.965,0.883,0.902,0.873,0.952
24,B1_2,0.71,0.787,0.629,0.937,0.933,1.0,0.929,0.92,0.919,0.799,0.867,0.975,0.97,0.898,0.958,0.933
24,B1_3,0.796,0.845,0.61,0.891,0.868,0.929,1.0,0.827,0.869,0.766,0.852,0.935,0.928,0.951,0.951,0.887
24,A2_1,0.819,0.834,0.829,0.962,0.952,0.92,0.827,1.0,0.91,0.932,0.885,0.929,0.817,0.797,0.874,0.952
24,A2_2,0.838,0.914,0.735,0.935,0.986,0.919,0.869,0.91,1.0,0.791,0.868,0.96,0.899,0.918,0.864,0.923
24,A2_3,0.854,0.828,0.888,0.889,0.845,0.799,0.766,0.932,0.791,1.0,0.841,0.804,0.654,0.701,0.798,0.898
24,B2_1,0.756,0.851,0.764,0.965,0.907,0.867,0.852,0.885,0.868,0.841,1.0,0.894,0.792,0.821,0.877,0.962
24,B2_2,0.799,0.855,0.661,0.964,0.965,0.975,0.935,0.929,0.96,0.804,0.894,1.0,0.953,0.931,0.935,0.939
24,B2_3,0.645,0.736,0.473,0.865,0.883,0.97,0.928,0.817,0.899,0.654,0.792,0.953,1.0,0.918,0.934,0.85
24,y1,0.811,0.889,0.611,0.867,0.902,0.898,0.951,0.797,0.918,0.701,0.821,0.931,0.918,1.0,0.858,0.86
24,y2,0.703,0.761,0.604,0.91,0.873,0.958,0.951,0.874,0.864,0.798,0.877,0.935,0.934,0.858,1.0,0.907
24,y3,0.814,0.893,0.829,0.985,0.952,0.933,0.887,0.952,0.923,0.898,0.962,0.939,0.85,0.86,0.907,1.0
25,.,1.0,0.947,0.829,0.805,0.806,0.669,0.768,0.796,0.819,0.838,0.727,0.766,0.602,0.789,0.666,0.788
25,A1_1,0.947,1.0,0.845,0.872,0.892,0.762,0.826,0.821,0.905,0.816,0.838,0.836,0.707,0.876,0.737,0.882
25,A1_2,0.829,0.845,1.0,0.763,0.751,0.591,0.575,0.813,0.714,0.881,0.742,0.626,0.429,0.579,0.57,0.811
25,A1_3,0.805,0.872,0.763,1.0,0.965,0.932,0.884,0.96,0.933,0.881,0.962,0.96,0.856,0.859,0.904,0.985
25,B1_1,0.806,0.892,0.751,0.965,1.0,0.932,0.861,0.949,0.985,0.831,0.902,0.964,0.881,0.895,0.868,0.95
25,B1_2,0.669,0.762,0.591,0.932,0.932,1.0,0.925,0.912,0.913,0.778,0.858,0.975,0.969,0.891,0.954,0.928
25,B1_3,0.768,0.826,0.575,0.884,0.861,0.925,1.0,0.815,0.86,0.744,0.844,0.932,0.924,0.949,0.948,0.879
25,A2_1,0.796,0.821,0.813,0.96,0.949,0.912,0.815,1.0,0.905,0.927,0.877,0.923,0.805,0.784,0.864,0.95
25,A2_2,0.819,0.905,0.714,0.933,0.985,0.913,0.86,0.905,1.0,0.778,0.86,0.956,0.89,0.912,0.853,0.919
25,A2_3,0.838,0.816,0.881,0.881,0.831,0.778,0.744,0.927,0.778,1.0,0.828,0.784,0.627,0.678,0.78,0.889
25,B2_1,0.727,0.838,0.742,0.962,0.902,0.858,0.844,0.877,0.86,0.828,1.0,0.887,0.781,0.812,0.871,0.96
25,B2_2,0.766,0.836,0.626,0.96,0.964,0.975,0.932,0.923,0.956,0.784,0.887,1.0,0.952,0.927,0.931,0.934
25,B2_3,0.602,0.707,0.429,0.856,0.881,0.969,0.924,0.805,0.89,0.627,0.781,0.952,1.0,0.912,0.929,0.841
25,y1,0.789,0.876,0.579,0.859,0.895,0.891,0.949,0.784,0.912,0.678,0.812,0.927,0.912,1.0,0.85,0.851
25,y2,0.666,0.737,0.57,0.904,0.868,0.954,0.948,0.864,0.853,0.78,0.871,0.931,0.929,0.85,1.0,0.902
25,y3,0.788,0.882,0.811,0.985,0.95,0.928,0.879,0.95,0.919,0.889,0.96,0.934,0.841,0.851,0.902,1.0
26,.,1.0,0.94,0.817,0.779,0.772,0.622,0.734,0.769,0.796,0.819,0.693,0.728,0.553,0.762,0.622,0.757
