,,.,A1_1,A1_2,A1_3,B1_1,B1_2,B1_3,A2_1,A2_2,A2_3,B2_1,B2_2,B2_3,y1,y2,y3
1,.,1.0,0.516,0.487,0.032,0.19,0.041,0.413,0.099,0.229,0.174,0.333,0.613,-0.093,0.149,-0.01,0.213
1,A1_1,0.516,1.0,0.189,0.179,-0.143,-0.117,-0.09,-0.227,0.445,-0.332,0.534,0.322,-0.454,-0.311,-0.014,0.387
1,A1_2,0.487,0.189,1.0,-0.055,0.105,-0.361,0.076,0.096,0.027,0.123,0.188,0.106,-0.381,0.004,-0.176,0.251
1,A1_3,0.032,0.179,-0.055,1.0,0.335,-0.368,0.004,0.079,-0.279,-0.372,0.617,0.176,-0.084,0.083,-0.263,0.542
1,B1_1,0.19,-0.143,0.105,0.335,1.0,0.201,-0.17,0.336,0.248,0.018,0.069,0.501,0.272,-0.298,-0.464,0.268
1,B1_2,0.041,-0.117,-0.361,-0.368,0.201,1.0,0.1,0.325,0.415,0.299,-0.65,0.31,0.577,-0.248,0.129,0.079
1,B1_3,0.413,-0.09,0.076,0.004,-0.17,0.1,1.0,0.37,-0.188,0.198,-0.207,0.255,0.379,0.714,0.602,-0.075
1,A2_1,0.099,-0.227,0.096,0.079,0.336,0.325,0.37,1.0,0.116,0.18,-0.193,0.237,0.271,0.066,0.474,-0.203
1,A2_2,0.229,0.445,0.027,-0.279,0.248,0.415,-0.188,0.116,1.0,-0.278,-0.075,0.651,0.291,-0.491,0.136,0.111
1,A2_3,0.174,-0.332,0.123,-0.372,0.018,0.299,0.198,0.18,-0.278,1.0,-0.212,-0.344,-0.064,0.008,0.064,-0.358
1,B2_1,0.333,0.534,0.188,0.617,0.069,-0.65,-0.207,-0.193,-0.075,-0.212,1.0,0.069,-0.597,0.011,-0.269,0.161
1,B2_2,0.613,0.322,0.106,0.176,0.501,0.31,0.255,0.237,0.651,-0.344,0.069,1.0,0.523,-0.018,0.03,0.378
1,B2_3,-0.093,-0.454,-0.381,-0.084,0.272,0.577,0.379,0.271,0.291,-0.064,-0.597,0.523,1.0,0.154,0.298,0.033
1,y1,0.149,-0.311,0.004,0.083,-0.298,-0.248,0.714,0.066,-0.491,0.008,0.011,-0.018,0.154,1.0,0.242,-0.144
1,y2,-0.01,-0.014,-0.176,-0.263,-0.464,0.129,0.602,0.474,0.136,0.064,-0.269,0.03,0.298,0.242,1.0,-0.507
1,y3,0.213,0.387,0.251,0.542,0.268,0.079,-0.075,-0.203,0.111,-0.358,0.161,0.378,0.033,-0.144,-0.507,1.0
2,.,1.0,0.516,0.487,0.031,0.188,0.039,0.414,0.096,0.225,0.174,0.334,0.61,-0.095,0.151,-0.011,0.213
2,A1_1,0.516,1.0,0.189,0.178,-0.142,-0.116,-0.09,-0.227,0.445,-0.332,0.534,0.322,-0.453,-0.312,-0.014,0.388
2,A1_2,0.487,0.189,1.0,-0.055,0.105,-0.36,0.076,0.097,0.028,0.124,0.188,0.106,-0.381,0.003,-0.177,0.25
2,A1_3,0.031,0.178,-0.055,1.0,0.335,-0.367,0.003,0.079,-0.279,-0.371,0.617,0.176,-0.083,0.083,-0.262,0.542
2,B1_1,0.188,-0.142,0.105,0.335,1.0,0.202,-0.167,0.336,0.248,0.019,0.07,0.502,0.273,-0.297,-0.463,0.268
2,B1_2,0.039,-0.116,-0.36,-0.367,0.202,1.0,0.101,0.326,0.415,0.299,-0.649,0.311,0.578,-0.248,0.128,0.079
2,B1_3,0.414,-0.09,0.076,0.003,-0.167,0.101,1.0,0.37,-0.188,0.198,-0.206,0.257,0.38,0.714,0.601,-0.075
2,A2_1,0.096,-0.227,0.097,0.079,0.336,0.326,0.37,1.0,0.117,0.181,-0.192,0.237,0.272,0.065,0.473,-0.203
2,A2_2,0.225,0.445,0.028,-0.279,0.248,0.415,-0.188,0.117,1.0,-0.277,-0.076,0.65,0.291,-0.491,0.137,0.113
2,A2_3,0.174,-0.332,0.124,-0.371,0.019,0.299,0.198,0.181,-0.277,1.0,-0.213,-0.343,-0.064,0.007,0.063,-0.359
2,B2_1,0.334,0.534,0.188,0.617,0.07,-0.649,-0.206,-0.192,-0.076,-0.213,1.0,0.07,-0.597,0.013,-0.268,0.163
2,B2_2,0.61,0.322,0.106,0.176,0.502,0.311,0.257,0.237,0.65,-0.343,0.07,1.0,0.524,-0.016,0.03,0.379
2,B2_3,-0.095,-0.453,-0.381,-0.083,0.273,0.578,0.38,0.272,0.291,-0.064,-0.597,0.524,1.0,0.155,0.298,0.035
2,y1,0.151,-0.312,0.003,0.083,-0.297,-0.248,0.714,0.065,-0.491,0.007,0.013,-0.016,0.155,1.0,0.242,-0.145
2,y2,-0.011,-0.014,-0.177,-0.262,-0.463,0.128,0.601,0.473,0.137,0.063,-0.268,0.03,0.298,0.242,1.0,-0.507
2,y3,0.213,0.388,0.25,0.542,0.268,0.079,-0.075,-0.203,0.113,-0.359,0.163,0.379,0.035,-0.145,-0.507,1.0
3,.,1.0,0.516,0.487,0.03,0.187,0.038,0.415,0.093,0.221,0.174,0.335,0.608,-0.096,0.153,-0.012,0.211
3,A1_1,0.516,1.0,0.189,0.178,-0.141,-0.115,-0.091,-0.226,0.445,-0.332,0.534,0.323,-0.452,-0.313,-0.014,0.389
3,A1_2,0.487,0.189,1.0,-0.054,0.105,-0.359,0.076,0.099,0.029,0.124,0.187,0.106,-0.38,0.001,-0.177,0.25
3,A1_3,0.03,0.178,-0.054,1.0,0.336,-0.366,0.003,0.08,-0.279,-0.371,0.617,0.177,-0.082,0.083,-0.262,0.543
3,B1_1,0.187,-0.141,0.105,0.336,1.0,0.203,-0.165,0.336,0.248,0.019,0.072,0.502,0.275,-0.296,-0.462,0.269
3,B1_2,0.038,-0.115,-0.359,-0.366,0.203,1.0,0.103,0.327,0.416,0.3,-0.648,0.312,0.578,-0.247,0.128,0.079
3,B1_3,0.415,-0.091,0.076,0.003,-0.165,0.103,1.0,0.369,-0.188,0.197,-0.206,0.258,0.382,0.714,0.6,-0.075
3,A2_1,0.093,-0.226,0.099,0.08,0.336,0.327,0.369,1.0,0.118,0.182,-0.192,0.237,0.273,0.063,0.472,-0.203
3,A2_2,0.221,0.445,0.029,-0.279,0.248,0.416,-0.188,0.118,1.0,-0.277,-0.076,0.65,0.292,-0.491,0.138,0.114
3,A2_3,0.174,-0.332,0.124,-0.371,0.019,0.3,0.197,0.182,-0.277,1.0,-0.213,-0.343,-0.063,0.006,0.063,-0.359
3,B2_1,0.335,0.534,0.187,0.617,0.072,-0.648,-0.206,-0.192,-0.076,-0.213,1.0,0.071,-0.596,0.015,-0.268,0.165
3,B2_2,0.608,0.323,0.106,0.177,0.502,0.312,0.258,0.237,0.65,-0.343,0.071,1.0,0.525,-0.015,0.031,0.38
3,B2_3,-0.096,-0.452,-0.38,-0.082,0.275,0.578,0.382,0.273,0.292,-0.063,-0.596,0.525,1.0,0.157,0.298,0.036
3,y1,0.153,-0.313,0.001,0.083,-0.296,-0.247,0.714,0.063,-0.491,0.006,0.015,-0.015,0.157,1.0,0.242,-0.145
3,y2,-0.012,-0.014,-0.177,-0.262,-0.462,0.128,0.6,0.472,0.138,0.063,-0.268,0.031,0.298,0.242,1.0,-0.507
3,y3,0.211,0.389,0.25,0.543,0.269,0.079,-0.075,-0.203,0.114,-0.359,0.165,0.38,0.036,-0.145,-0.507,1.0
4,.,1.0,0.516,0.486,0.028,0.185,0.036,0.416,0.089,0.217,0.173,0.335,0.605,-0.098,0.154,-0.013,0.21
4,A1_1,0.516,1.0,0.19,0.177,-0.14,-0.114,-0.091,-0.225,0.445,-0.332,0.533,0.323,-0.452,-0.314,-0.013,0.39
4,A1_2,0.486,0.19,1.0,-0.054,0.105,-0.358,0.075,0.1,0.029,0.125,0.187,0.106,-0.379,-0.0,-0.178,0.249
4,A1_3,0.028,0.177,-0.054,1.0,0.336,-0.365,0.003,0.08,-0.279,-0.371,0.617,0.177,-0.082,0.082,-0.261,0.544
4,B1_1,0.185,-0.14,0.105,0.336,1.0,0.204,-0.163,0.337,0.249,0.019,0.073,0.503,0.276,-0.295,-0.462,0.269
4,B1_2,0.036,-0.114,-0.358,-0.365,0.204,1.0,0.104,0.327,0.416,0.3,-0.647,0.313,0.579,-0.247,0.127,0.079
4,B1_3,0.416,-0.091,0.075,0.003,-0.163,0.104,1.0,0.369,-0.188,0.197,-0.205,0.26,0.383,0.713,0.598,-0.074
4,A2_1,0.089,-0.225,0.1,0.08,0.337,0.327,0.369,1.0,0.119,0.184,-0.191,0.237,0.273,0.062,0.471,-0.203
4,A2_2,0.217,0.445,0.029,-0.279,0.249,0.416,-0.188,0.119,1.0,-0.276,-0.076,0.649,0.292,-0.491,0.139,0.115
4,A2_3,0.173,-0.332,0.125,-0.371,0.019,0.3,0.197,0.184,-0.276,1.0,-0.214,-0.343,-0.063,0.004,0.062,-0.36
4,B2_1,0.335,0.533,0.187,0.617,0.073,-0.647,-0.205,-0.191,-0.076,-0.214,1.0,0.072,-0.595,0.016,-0.267,0.167
4,B2_2,0.605,0.323,0.106,0.177,0.503,0.313,0.26,0.237,0.649,-0.343,0.072,1.0,0.526,-0.014,0.031,0.381
4,B2_3,-0.098,-0.452,-0.379,-0.082,0.276,0.579,0.383,0.273,0.292,-0.063,-0.595,0.526,1.0,0.158,0.297,0.037
4,y1,0.154,-0.314,-0.0,0.082,-0.295,-0.247,0.713,0.062,-0.491,0.004,0.016,-0.014,0.158,1.0,0.242,-0.146
4,y2,-0.013,-0.013,-0.178,-0.261,-0.462,0.127,0.598,0.471,0.139,0.062,-0.267,0.031,0.297,0.242,1.0,-0.507
4,y3,0.21,0.39,0.249,0.544,0.269,0.079,-0.074,-0.203,0.115,-0.36,0.167,0.381,0.037,-0.146,-0.507,1.0
5,.,1.0,0.516,0.486,0.027,0.183,0.034,0.417,0.086,0.212,0.173,0.336,0.601,-0.1,0.155,-0.014,0.208
5,A1_1,0.516,1.0,0.19,0.177,-0.14,-0.114,-0.092,-0.225,0.445,-0.333,0.533,0.323,-0.451,-0.314,-0.013,0.391
5,A1_2,0.486,0.19,1.0,-0.053,0.105,-0.357,0.075,0.102,0.03,0.126,0.186,0.106,-0.378,-0.002,-0.179,0.248
5,A1_3,0.027,0.177,-0.053,1.0,0.337,-0.365,0.003,0.081,-0.279,-0.37,0.617,0.177,-0.081,0.082,-0.261,0.545
5,B1_1,0.183,-0.14,0.105,0.337,1.0,0.206,-0.16,0.337,0.249,0.02,0.074,0.504,0.277,-0.294,-0.461,0.27
5,B1_2,0.034,-0.114,-0.357,-0.365,0.206,1.0,0.106,0.328,0.417,0.3,-0.646,0.314,0.58,-0.247,0.126,0.079
5,B1_3,0.417,-0.092,0.075,0.003,-0.16,0.106,1.0,0.368,-0.188,0.196,-0.204,0.261,0.385,0.712,0.597,-0.074
5,A2_1,0.086,-0.225,0.102,0.081,0.337,0.328,0.368,1.0,0.12,0.185,-0.191,0.237,0.273,0.06,0.47,-0.203
5,A2_2,0.212,0.445,0.03,-0.279,0.249,0.417,-0.188,0.12,1.0,-0.275,-0.077,0.649,0.292,-0.491,0.139,0.116
5,A2_3,0.173,-0.333,0.126,-0.37,0.02,0.3,0.196,0.185,-0.275,1.0,-0.214,-0.342,-0.063,0.003,0.062,-0.36
5,B2_1,0.336,0.533,0.186,0.617,0.074,-0.646,-0.204,-0.191,-0.077,-0.214,1.0,0.073,-0.594,0.018,-0.266,0.169
5,B2_2,0.601,0.323,0.106,0.177,0.504,0.314,0.261,0.237,0.649,-0.342,0.073,1.0,0.527,-0.014,0.031,0.382
5,B2_3,-0.1,-0.451,-0.378,-0.081,0.277,0.58,0.385,0.273,0.292,-0.063,-0.594,0.527,1.0,0.158,0.297,0.038
5,y1,0.155,-0.314,-0.002,0.082,-0.294,-0.247,0.712,0.06,-0.491,0.003,0.018,-0.014,0.158,1.0,0.242,-0.147
5,y2,-0.014,-0.013,-0.179,-0.261,-0.461,0.126,0.597,0.47,0.139,0.062,-0.266,0.031,0.297,0.242,1.0,-0.508
5,y3,0.208,0.391,0.248,0.545,0.27,0.079,-0.074,-0.203,0.116,-0.36,0.169,0.382,0.038,-0.147,-0.508,1.0
6,.,1.0,0.516,0.485,0.025,0.18,0.031,0.418,0.082,0.208,0.172,0.337,0.598,-0.102,0.157,-0.016,0.206
6,A1_1,0.516,1.0,0.191,0.176,-0.139,-0.113,-0.093,-0.224,0.445,-0.332,0.533,0.323,-0.451,-0.315,-0.012,0.392
6,A1_2,0.485,0.191,1.0,-0.053,0.105,-0.356,0.074,0.104,0.031,0.127,0.186,0.105,-0.377,-0.003,-0.179,0.247
6,A1_3,0.025,0.176,-0.053,1.0,0.338,-0.364,0.003,0.081,-0.279,-0.37,0.617,0.177,-0.08,0.081,-0.261,0.546
6,B1_1,0.18,-0.139,0.105,0.338,1.0,0.207,-0.157,0.338,0.249,0.02,0.075,0.505,0.279,-0.293,-0.461,0.27
6,B1_2,0.031,-0.113,-0.356,-0.364,0.207,1.0,0.108,0.328,0.417,0.3,-0.645,0.315,0.58,-0.247,0.125,0.079
6,B1_3,0.418,-0.093,0.074,0.003,-0.157,0.108,1.0,0.367,-0.188,0.195,-0.203,0.263,0.386,0.711,0.595,-0.074
6,A2_1,0.082,-0.224,0.104,0.081,0.338,0.328,0.367,1.0,0.121,0.186,-0.19,0.237,0.273,0.058,0.468,-0.203
6,A2_2,0.208,0.445,0.031,-0.279,0.249,0.417,-0.188,0.121,1.0,-0.274,-0.077,0.648,0.292,-0.491,0.14,0.117
6,A2_3,0.172,-0.332,0.127,-0.37,0.02,0.3,0.195,0.186,-0.274,1.0,-0.214,-0.342,-0.063,0.001,0.061,-0.361
6,B2_1,0.337,0.533,0.186,0.617,0.075,-0.645,-0.203,-0.19,-0.077,-0.214,1.0,0.074,-0.593,0.019,-0.265,0.171
6,B2_2,0.598,0.323,0.105,0.177,0.505,0.315,0.263,0.237,0.648,-0.342,0.074,1.0,0.528,-0.013,0.032,0.383
6,B2_3,-0.102,-0.451,-0.377,-0.08,0.279,0.58,0.386,0.273,0.292,-0.063,-0.593,0.528,1.0,0.159,0.297,0.04
6,y1,0.157,-0.315,-0.003,0.081,-0.293,-0.247,0.711,0.058,-0.491,0.001,0.019,-0.013,0.159,1.0,0.242,-0.148
6,y2,-0.016,-0.012,-0.179,-0.261,-0.461,0.125,0.595,0.468,0.14,0.061,-0.265,0.032,0.297,0.242,1.0,-0.508
6,y3,0.206,0.392,0.247,0.546,0.27,0.079,-0.074,-0.203,0.117,-0.361,0.171,0.383,0.04,-0.148,-0.508,1.0
7,.,1.0,0.516,0.485,0.023,0.177,0.029,0.418,0.078,0.203,0.172,0.338,0.594,-0.105,0.158,-0.017,0.203
7,A1_1,0.516,1.0,0.191,0.176,-0.139,-0.112,-0.094,-0.223,0.445,-0.332,0.533,0.322,-0.45,-0.316,-0.012,0.393
7,A1_2,0.485,0.191,1.0,-0.052,0.104,-0.355,0.073,0.106,0.033,0.128,0.185,0.105,-0.377,-0.005,-0.18,0.246
7,A1_3,0.023,0.176,-0.052,1.0,0.339,-0.363,0.003,0.082,-0.279,-0.369,0.618,0.178,-0.08,0.08,-0.261,0.547
7,B1_1,0.177,-0.139,0.104,0.339,1.0,0.208,-0.155,0.338,0.25,0.02,0.076,0.506,0.28,-0.293,-0.461,0.27
7,B1_2,0.029,-0.112,-0.355,-0.363,0.208,1.0,0.11,0.329,0.417,0.3,-0.644,0.316,0.581,-0.247,0.124,0.078
7,B1_3,0.418,-0.094,0.073,0.003,-0.155,0.11,1.0,0.366,-0.189,0.195,-0.203,0.265,0.388,0.711,0.593,-0.074
7,A2_1,0.078,-0.223,0.106,0.082,0.338,0.329,0.366,1.0,0.123,0.187,-0.19,0.237,0.273,0.056,0.467,-0.204
7,A2_2,0.203,0.445,0.033,-0.279,0.25,0.417,-0.189,0.123,1.0,-0.273,-0.077,0.648,0.291,-0.491,0.141,0.118
7,A2_3,0.172,-0.332,0.128,-0.369,0.02,0.3,0.195,0.187,-0.273,1.0,-0.215,-0.342,-0.063,-0.001,0.06,-0.362
7,B2_1,0.338,0.533,0.185,0.618,0.076,-0.644,-0.203,-0.19,-0.077,-0.215,1.0,0.075,-0.592,0.021,-0.264,0.173
7,B2_2,0.594,0.322,0.105,0.178,0.506,0.316,0.265,0.237,0.648,-0.342,0.075,1.0,0.529,-0.012,0.032,0.384
7,B2_3,-0.105,-0.45,-0.377,-0.08,0.28,0.581,0.388,0.273,0.291,-0.063,-0.592,0.529,1.0,0.16,0.296,0.041
7,y1,0.158,-0.316,-0.005,0.08,-0.293,-0.247,0.711,0.056,-0.491,-0.001,0.021,-0.012,0.16,1.0,0.242,-0.149
7,y2,-0.017,-0.012,-0.18,-0.261,-0.461,0.124,0.593,0.467,0.141,0.06,-0.264,0.032,0.296,0.242,1.0,-0.509
7,y3,0.203,0.393,0.246,0.547,0.27,0.078,-0.074,-0.204,0.118,-0.362,0.173,0.384,0.041,-0.149,-0.509,1.0
8,.,1.0,0.516,0.484,0.021,0.174,0.026,0.418,0.074,0.199,0.172,0.339,0.589,-0.107,0.158,-0.018,0.2
8,A1_1,0.516,1.0,0.192,0.176,-0.138,-0.112,-0.095,-0.222,0.445,-0.332,0.532,0.322,-0.45,-0.318,-0.012,0.394
8,A1_2,0.484,0.192,1.0,-0.052,0.104,-0.354,0.073,0.108,0.034,0.129,0.184,0.104,-0.376,-0.007,-0.181,0.245
8,A1_3,0.021,0.176,-0.052,1.0,0.34,-0.362,0.003,0.082,-0.279,-0.369,0.618,0.178,-0.079,0.08,-0.261,0.547
8,B1_1,0.174,-0.138,0.104,0.34,1.0,0.21,-0.152,0.339,0.25,0.021,0.077,0.506,0.282,-0.292,-0.461,0.271
8,B1_2,0.026,-0.112,-0.354,-0.362,0.21,1.0,0.112,0.329,0.417,0.301,-0.643,0.317,0.582,-0.247,0.123,0.078
8,B1_3,0.418,-0.095,0.073,0.003,-0.152,0.112,1.0,0.365,-0.189,0.194,-0.202,0.266,0.39,0.71,0.592,-0.074
8,A2_1,0.074,-0.222,0.108,0.082,0.339,0.329,0.365,1.0,0.124,0.188,-0.189,0.236,0.273,0.053,0.465,-0.205
8,A2_2,0.199,0.445,0.034,-0.279,0.25,0.417,-0.189,0.124,1.0,-0.272,-0.077,0.647,0.291,-0.491,0.141,0.119
8,A2_3,0.172,-0.332,0.129,-0.369,0.021,0.301,0.194,0.188,-0.272,1.0,-0.215,-0.342,-0.063,-0.003,0.059,-0.362
8,B2_1,0.339,0.532,0.184,0.618,0.077,-0.643,-0.202,-0.189,-0.077,-0.215,1.0,0.076,-0.591,0.023,-0.264,0.175
8,B2_2,0.589,0.322,0.104,0.178,0.506,0.317,0.266,0.236,0.647,-0.342,0.076,1.0,0.53,-0.012,0.032,0.385
8,B2_3,-0.107,-0.45,-0.376,-0.079,0.282,0.582,0.39,0.273,0.291,-0.063,-0.591,0.53,1.0,0.161,0.296,0.042
8,y1,0.158,-0.318,-0.007,0.08,-0.292,-0.247,0.71,0.053,-0.491,-0.003,0.023,-0.012,0.161,1.0,0.242,-0.149
8,y2,-0.018,-0.012,-0.181,-0.261,-0.461,0.123,0.592,0.465,0.141,0.059,-0.264,0.032,0.296,0.242,1.0,-0.509
8,y3,0.2,0.394,0.245,0.547,0.271,0.078,-0.074,-0.205,0.119,-0.362,0.175,0.385,0.042,-0.149,-0.509,1.0
9,.,1.0,0.515,0.484,0.019,0.171,0.022,0.417,0.07,0.194,0.172,0.34,0.585,-0.111,0.159,-0.02,0.196
9,A1_1,0.515,1.0,0.193,0.175,-0.138,-0.112,-0.096,-0.22,0.445,-0.332,0.532,0.322,-0.45,-0.319,-0.012,0.395
9,A1_2,0.484,0.193,1.0,-0.051,0.103,-0.354,0.072,0.11,0.035,0.13,0.183,0.104,-0.376,-0.009,-0.182,0.244
9,A1_3,0.019,0.175,-0.051,1.0,0.34,-0.361,0.002,0.083,-0.279,-0.369,0.619,0.178,-0.078,0.079,-0.261,0.548
9,B1_1,0.171,-0.138,0.103,0.34,1.0,0.211,-0.149,0.339,0.251,0.021,0.078,0.507,0.284,-0.292,-0.46,0.271
9,B1_2,0.022,-0.112,-0.354,-0.361,0.211,1.0,0.113,0.329,0.417,0.3,-0.642,0.318,0.582,-0.247,0.122,0.078
9,B1_3,0.417,-0.096,0.072,0.002,-0.149,0.113,1.0,0.364,-0.189,0.193,-0.202,0.268,0.392,0.708,0.59,-0.074
9,A2_1,0.07,-0.22,0.11,0.083,0.339,0.329,0.364,1.0,0.125,0.19,-0.188,0.236,0.273,0.051,0.463,-0.205
9,A2_2,0.194,0.445,0.035,-0.279,0.251,0.417,-0.189,0.125,1.0,-0.271,-0.077,0.646,0.29,-0.492,0.141,0.12
9,A2_3,0.172,-0.332,0.13,-0.369,0.021,0.3,0.193,0.19,-0.271,1.0,-0.216,-0.342,-0.064,-0.004,0.058,-0.363
9,B2_1,0.34,0.532,0.183,0.619,0.078,-0.642,-0.202,-0.188,-0.077,-0.216,1.0,0.077,-0.59,0.024,-0.263,0.177
9,B2_2,0.585,0.322,0.104,0.178,0.507,0.318,0.268,0.236,0.646,-0.342,0.077,1.0,0.532,-0.011,0.032,0.385
9,B2_3,-0.111,-0.45,-0.376,-0.078,0.284,0.582,0.392,0.273,0.29,-0.064,-0.59,0.532,1.0,0.161,0.295,0.043
9,y1,0.159,-0.319,-0.009,0.079,-0.292,-0.247,0.708,0.051,-0.492,-0.004,0.024,-0.011,0.161,1.0,0.242,-0.15
9,y2,-0.02,-0.012,-0.182,-0.261,-0.46,0.122,0.59,0.463,0.141,0.058,-0.263,0.032,0.295,0.242,1.0,-0.51
9,y3,0.196,0.395,0.244,0.548,0.271,0.078,-0.074,-0.205,0.12,-0.363,0.177,0.385,0.043,-0.15,-0.51,1.0
10,.,1.0,0.515,0.483,0.017,0.167,0.019,0.417,0.066,0.189,0.172,0.341,0.579,-0.115,0.16,-0.022,0.192
10,A1_1,0.515,1.0,0.194,0.175,-0.137,-0.111,-0.098,-0.219,0.445,-0.331,0.532,0.321,-0.45,-0.32,-0.011,0.396
10,A1_2,0.483,0.194,1.0,-0.05,0.103,-0.353,0.07,0.112,0.037,0.131,0.183,0.103,-0.376,-0.011,-0.182,0.243
10,A1_3,0.017,0.175,-0.05,1.0,0.341,-0.36,0.002,0.083,-0.279,-0.368,0.62,0.179,-0.078,0.077,-0.261,0.549
10,B1_1,0.167,-0.137,0.103,0.341,1.0,0.213,-0.146,0.34,0.251,0.021,0.079,0.508,0.286,-0.292,-0.46,0.271
10,B1_2,0.019,-0.111,-0.353,-0.36,0.213,1.0,0.115,0.33,0.417,0.3,-0.641,0.32,0.583,-0.247,0.121,0.078
10,B1_3,0.417,-0.098,0.07,0.002,-0.146,0.115,1.0,0.363,-0.19,0.192,-0.202,0.27,0.394,0.707,0.588,-0.073
10,A2_1,0.066,-0.219,0.112,0.083,0.34,0.33,0.363,1.0,0.126,0.191,-0.188,0.236,0.272,0.048,0.46,-0.206
10,A2_2,0.189,0.445,0.037,-0.279,0.251,0.417,-0.19,0.126,1.0,-0.27,-0.077,0.645,0.29,-0.492,0.142,0.121
10,A2_3,0.172,-0.331,0.131,-0.368,0.021,0.3,0.192,0.191,-0.27,1.0,-0.216,-0.342,-0.064,-0.007,0.057,-0.364
10,B2_1,0.341,0.532,0.183,0.62,0.079,-0.641,-0.202,-0.188,-0.077,-0.216,1.0,0.077,-0.588,0.026,-0.262,0.18
10,B2_2,0.579,0.321,0.103,0.179,0.508,0.32,0.27,0.236,0.645,-0.342,0.077,1.0,0.533,-0.011,0.032,0.386
10,B2_3,-0.115,-0.45,-0.376,-0.078,0.286,0.583,0.394,0.272,0.29,-0.064,-0.588,0.533,1.0,0.162,0.295,0.044
10,y1,0.16,-0.32,-0.011,0.077,-0.292,-0.247,0.707,0.048,-0.492,-0.007,0.026,-0.011,0.162,1.0,0.243,-0.151
10,y2,-0.022,-0.011,-0.182,-0.261,-0.46,0.121,0.588,0.46,0.142,0.057,-0.262,0.032,0.295,0.243,1.0,-0.51
10,y3,0.192,0.396,0.243,0.549,0.271,0.078,-0.073,-0.206,0.121,-0.364,0.18,0.386,0.044,-0.151,-0.51,1.0
11,.,1.0,0.515,0.483,0.015,0.163,0.014,0.416,0.061,0.183,0.172,0.341,0.574,-0.119,0.161,-0.023,0.188
11,A1_1,0.515,1.0,0.195,0.175,-0.137,-0.111,-0.099,-0.217,0.445,-0.331,0.532,0.32,-0.45,-0.321,-0.011,0.397
11,A1_2,0.483,0.195,1.0,-0.049,0.102,-0.352,0.069,0.115,0.038,0.132,0.182,0.102,-0.375,-0.013,-0.183,0.242
11,A1_3,0.015,0.175,-0.049,1.0,0.343,-0.358,0.002,0.084,-0.279,-0.367,0.621,0.179,-0.077,0.076,-0.261,0.549
11,B1_1,0.163,-0.137,0.102,0.343,1.0,0.214,-0.144,0.34,0.252,0.021,0.08,0.509,0.288,-0.292,-0.46,0.271
11,B1_2,0.014,-0.111,-0.352,-0.358,0.214,1.0,0.118,0.33,0.417,0.3,-0.64,0.321,0.584,-0.248,0.12,0.077
11,B1_3,0.416,-0.099,0.069,0.002,-0.144,0.118,1.0,0.362,-0.19,0.191,-0.201,0.271,0.396,0.706,0.587,-0.073
11,A2_1,0.061,-0.217,0.115,0.084,0.34,0.33,0.362,1.0,0.127,0.193,-0.187,0.236,0.272,0.045,0.458,-0.207
11,A2_2,0.183,0.445,0.038,-0.279,0.252,0.417,-0.19,0.127,1.0,-0.268,-0.077,0.645,0.289,-0.493,0.142,0.122
11,A2_3,0.172,-0.331,0.132,-0.367,0.021,0.3,0.191,0.193,-0.268,1.0,-0.217,-0.342,-0.064,-0.009,0.056,-0.365
11,B2_1,0.341,0.532,0.182,0.621,0.08,-0.64,-0.201,-0.187,-0.077,-0.217,1.0,0.078,-0.587,0.027,-0.261,0.182
11,B2_2,0.574,0.32,0.102,0.179,0.509,0.321,0.271,0.236,0.645,-0.342,0.078,1.0,0.534,-0.01,0.031,0.387
11,B2_3,-0.119,-0.45,-0.375,-0.077,0.288,0.584,0.396,0.272,0.289,-0.064,-0.587,0.534,1.0,0.162,0.294,0.045
11,y1,0.161,-0.321,-0.013,0.076,-0.292,-0.248,0.706,0.045,-0.493,-0.009,0.027,-0.01,0.162,1.0,0.243,-0.152
11,y2,-0.023,-0.011,-0.183,-0.261,-0.46,0.12,0.587,0.458,0.142,0.056,-0.261,0.031,0.294,0.243,1.0,-0.511
11,y3,0.188,0.397,0.242,0.549,0.271,0.077,-0.073,-0.207,0.122,-0.365,0.182,0.387,0.045,-0.152,-0.511,1.0
12,.,1.0,0.514,0.482,0.012,0.158,0.01,0.414,0.056,0.178,0.172,0.342,0.567,-0.124,0.162,-0.025,0.183
12,A1_1,0.514,1.0,0.196,0.175,-0.137,-0.111,-0.101,-0.216,0.446,-0.33,0.531,0.319,-0.45,-0.322,-0.011,0.398
12,A1_2,0.482,0.196,1.0,-0.048,0.101,-0.352,0.068,0.117,0.04,0.133,0.18,0.101,-0.375,-0.015,-0.184,0.241
12,A1_3,0.012,0.175,-0.048,1.0,0.344,-0.357,0.002,0.084,-0.279,-0.367,0.622,0.179,-0.076,0.075,-0.261,0.55
12,B1_1,0.158,-0.137,0.101,0.344,1.0,0.216,-0.141,0.341,0.252,0.021,0.081,0.51,0.29,-0.292,-0.46,0.271
12,B1_2,0.01,-0.111,-0.352,-0.357,0.216,1.0,0.12,0.33,0.417,0.3,-0.639,0.323,0.585,-0.248,0.118,0.077
12,B1_3,0.414,-0.101,0.068,0.002,-0.141,0.12,1.0,0.361,-0.191,0.189,-0.201,0.273,0.398,0.705,0.585,-0.073
12,A2_1,0.056,-0.216,0.117,0.084,0.341,0.33,0.361,1.0,0.129,0.194,-0.186,0.235,0.271,0.042,0.455,-0.208
12,A2_2,0.178,0.446,0.04,-0.279,0.252,0.417,-0.191,0.129,1.0,-0.267,-0.077,0.644,0.288,-0.494,0.142,0.123
12,A2_3,0.172,-0.33,0.133,-0.367,0.021,0.3,0.189,0.194,-0.267,1.0,-0.217,-0.342,-0.065,-0.011,0.055,-0.366
12,B2_1,0.342,0.531,0.18,0.622,0.081,-0.639,-0.201,-0.186,-0.077,-0.217,1.0,0.079,-0.585,0.029,-0.26,0.185
12,B2_2,0.567,0.319,0.101,0.179,0.51,0.323,0.273,0.235,0.644,-0.342,0.079,1.0,0.536,-0.01,0.031,0.387
12,B2_3,-0.124,-0.45,-0.375,-0.076,0.29,0.585,0.398,0.271,0.288,-0.065,-0.585,0.536,1.0,0.162,0.293,0.046
12,y1,0.162,-0.322,-0.015,0.075,-0.292,-0.248,0.705,0.042,-0.494,-0.011,0.029,-0.01,0.162,1.0,0.244,-0.153
12,y2,-0.025,-0.011,-0.184,-0.261,-0.46,0.118,0.585,0.455,0.142,0.055,-0.26,0.031,0.293,0.244,1.0,-0.511
12,y3,0.183,0.398,0.241,0.55,0.271,0.077,-0.073,-0.208,0.123,-0.366,0.185,0.387,0.046,-0.153,-0.511,1.0
13,.,1.0,0.514,0.482,0.009,0.153,0.005,0.413,0.051,0.172,0.171,0.343,0.561,-0.129,0.163,-0.026,0.179
13,A1_1,0.514,1.0,0.198,0.174,-0.136,-0.111,-0.103,-0.214,0.446,-0.329,0.531,0.318,-0.45,-0.323,-0.011,0.399
13,A1_2,0.482,0.198,1.0,-0.047,0.099,-0.352,0.066,0.12,0.041,0.135,0.179,0.099,-0.375,-0.017,-0.185,0.24
13,A1_3,0.009,0.174,-0.047,1.0,0.345,-0.356,0.002,0.085,-0.279,-0.366,0.623,0.18,-0.076,0.073,-0.261,0.551
13,B1_1,0.153,-0.136,0.099,0.345,1.0,0.218,-0.138,0.341,0.253,0.021,0.082,0.511,0.293,-0.292,-0.461,0.27
13,B1_2,0.005,-0.111,-0.352,-0.356,0.218,1.0,0.122,0.33,0.417,0.299,-0.638,0.324,0.586,-0.248,0.117,0.076
13,B1_3,0.413,-0.103,0.066,0.002,-0.138,0.122,1.0,0.36,-0.191,0.188,-0.201,0.275,0.401,0.704,0.584,-0.073
13,A2_1,0.051,-0.214,0.12,0.085,0.341,0.33,0.36,1.0,0.13,0.196,-0.185,0.235,0.27,0.038,0.453,-0.209
13,A2_2,0.172,0.446,0.041,-0.279,0.253,0.417,-0.191,0.13,1.0,-0.266,-0.076,0.643,0.287,-0.494,0.142,0.123
13,A2_3,0.171,-0.329,0.135,-0.366,0.021,0.299,0.188,0.196,-0.266,1.0,-0.218,-0.342,-0.066,-0.013,0.054,-0.367
13,B2_1,0.343,0.531,0.179,0.623,0.082,-0.638,-0.201,-0.185,-0.076,-0.218,1.0,0.08,-0.583,0.031,-0.258,0.187
13,B2_2,0.561,0.318,0.099,0.18,0.511,0.324,0.275,0.235,0.643,-0.342,0.08,1.0,0.538,-0.01,0.031,0.388
13,B2_3,-0.129,-0.45,-0.375,-0.076,0.293,0.586,0.401,0.27,0.287,-0.066,-0.583,0.538,1.0,0.162,0.292,0.047
13,y1,0.163,-0.323,-0.017,0.073,-0.292,-0.248,0.704,0.038,-0.494,-0.013,0.031,-0.01,0.162,1.0,0.245,-0.154
13,y2,-0.026,-0.011,-0.185,-0.261,-0.461,0.117,0.584,0.453,0.142,0.054,-0.258,0.031,0.292,0.245,1.0,-0.512
13,y3,0.179,0.399,0.24,0.551,0.27,0.076,-0.073,-0.209,0.123,-0.367,0.187,0.388,0.047,-0.154,-0.512,1.0
14,.,1.0,0.514,0.481,0.007,0.147,-0.001,0.41,0.046,0.166,0.171,0.343,0.553,-0.135,0.164,-0.028,0.174
14,A1_1,0.514,1.0,0.199,0.174,-0.136,-0.111,-0.105,-0.212,0.446,-0.329,0.53,0.317,-0.451,-0.325,-0.011,0.4
14,A1_2,0.481,0.199,1.0,-0.046,0.098,-0.351,0.064,0.123,0.043,0.136,0.178,0.098,-0.375,-0.019,-0.186,0.239
14,A1_3,0.007,0.174,-0.046,1.0,0.346,-0.355,0.002,0.085,-0.279,-0.365,0.624,0.18,-0.075,0.072,-0.261,0.551
14,B1_1,0.147,-0.136,0.098,0.346,1.0,0.22,-0.135,0.341,0.254,0.021,0.083,0.512,0.295,-0.292,-0.461,0.27
14,B1_2,-0.001,-0.111,-0.351,-0.355,0.22,1.0,0.124,0.33,0.417,0.299,-0.637,0.326,0.587,-0.249,0.115,0.075
14,B1_3,0.41,-0.105,0.064,0.002,-0.135,0.124,1.0,0.359,-0.192,0.187,-0.202,0.277,0.403,0.703,0.582,-0.072
14,A2_1,0.046,-0.212,0.123,0.085,0.341,0.33,0.359,1.0,0.132,0.198,-0.184,0.234,0.269,0.035,0.45,-0.211
14,A2_2,0.166,0.446,0.043,-0.279,0.254,0.417,-0.192,0.132,1.0,-0.264,-0.076,0.642,0.285,-0.495,0.142,0.124
14,A2_3,0.171,-0.329,0.136,-0.365,0.021,0.299,0.187,0.198,-0.264,1.0,-0.218,-0.342,-0.066,-0.015,0.053,-0.368
14,B2_1,0.343,0.53,0.178,0.624,0.083,-0.637,-0.202,-0.184,-0.076,-0.218,1.0,0.08,-0.581,0.032,-0.257,0.19
14,B2_2,0.553,0.317,0.098,0.18,0.512,0.326,0.277,0.234,0.642,-0.342,0.08,1.0,0.539,-0.01,0.031,0.389
14,B2_3,-0.135,-0.451,-0.375,-0.075,0.295,0.587,0.403,0.269,0.285,-0.066,-0.581,0.539,1.0,0.162,0.291,0.048
14,y1,0.164,-0.325,-0.019,0.072,-0.292,-0.249,0.703,0.035,-0.495,-0.015,0.032,-0.01,0.162,1.0,0.246,-0.155
14,y2,-0.028,-0.011,-0.186,-0.261,-0.461,0.115,0.582,0.45,0.142,0.053,-0.257,0.031,0.291,0.246,1.0,-0.512
14,y3,0.174,0.4,0.239,0.551,0.27,0.075,-0.072,-0.211,0.124,-0.368,0.19,0.389,0.048,-0.155,-0.512,1.0
15,.,1.0,0.513,0.48,0.004,0.141,-0.007,0.408,0.041,0.16,0.171,0.344,0.545,-0.141,0.164,-0.029,0.168
15,A1_1,0.513,1.0,0.2,0.174,-0.136,-0.111,-0.107,-0.211,0.447,-0.328,0.53,0.316,-0.451,-0.326,-0.011,0.401
15,A1_2,0.48,0.2,1.0,-0.045,0.097,-0.351,0.062,0.126,0.045,0.138,0.176,0.096,-0.376,-0.021,-0.187,0.238
15,A1_3,0.004,0.174,-0.045,1.0,0.347,-0.354,0.002,0.086,-0.279,-0.364,0.626,0.18,-0.075,0.07,-0.262,0.552
15,B1_1,0.141,-0.136,0.097,0.347,1.0,0.222,-0.132,0.342,0.254,0.021,0.084,0.513,0.298,-0.292,-0.461,0.27
15,B1_2,-0.007,-0.111,-0.351,-0.354,0.222,1.0,0.127,0.33,0.417,0.298,-0.635,0.327,0.588,-0.249,0.113,0.074
15,B1_3,0.408,-0.107,0.062,0.002,-0.132,0.127,1.0,0.357,-0.192,0.185,-0.202,0.278,0.406,0.701,0.58,-0.072
15,A2_1,0.041,-0.211,0.126,0.086,0.342,0.33,0.357,1.0,0.133,0.2,-0.183,0.234,0.268,0.031,0.447,-0.212
15,A2_2,0.16,0.447,0.045,-0.279,0.254,0.417,-0.192,0.133,1.0,-0.263,-0.075,0.641,0.284,-0.496,0.141,0.125
15,A2_3,0.171,-0.328,0.138,-0.364,0.021,0.298,0.185,0.2,-0.263,1.0,-0.219,-0.342,-0.067,-0.018,0.052,-0.369
15,B2_1,0.344,0.53,0.176,0.626,0.084,-0.635,-0.202,-0.183,-0.075,-0.219,1.0,0.081,-0.578,0.034,-0.256,0.193
15,B2_2,0.545,0.316,0.096,0.18,0.513,0.327,0.278,0.234,0.641,-0.342,0.081,1.0,0.541,-0.01,0.031,0.389
15,B2_3,-0.141,-0.451,-0.376,-0.075,0.298,0.588,0.406,0.268,0.284,-0.067,-0.578,0.541,1.0,0.162,0.289,0.049
15,y1,0.164,-0.326,-0.021,0.07,-0.292,-0.249,0.701,0.031,-0.496,-0.018,0.034,-0.01,0.162,1.0,0.247,-0.156
15,y2,-0.029,-0.011,-0.187,-0.262,-0.461,0.113,0.58,0.447,0.141,0.052,-0.256,0.031,0.289,0.247,1.0,-0.512
15,y3,0.168,0.401,0.238,0.552,0.27,0.074,-0.072,-0.212,0.125,-0.369,0.193,0.389,0.049,-0.156,-0.512,1.0
16,.,1.0,0.513,0.48,0.001,0.135,-0.013,0.405,0.036,0.154,0.171,0.344,0.537,-0.148,0.165,-0.031,0.163
16,A1_1,0.513,1.0,0.202,0.174,-0.136,-0.111,-0.109,-0.209,0.447,-0.326,0.529,0.314,-0.452,-0.327,-0.01,0.402
16,A1_2,0.48,0.202,1.0,-0.044,0.095,-0.351,0.06,0.128,0.047,0.14,0.174,0.094,-0.376,-0.023,-0.187,0.237
16,A1_3,0.001,0.174,-0.044,1.0,0.348,-0.353,0.001,0.087,-0.278,-0.363,0.627,0.181,-0.074,0.068,-0.262,0.552
16,B1_1,0.135,-0.136,0.095,0.348,1.0,0.224,-0.129,0.342,0.255,0.021,0.085,0.514,0.301,-0.293,-0.461,0.269
16,B1_2,-0.013,-0.111,-0.351,-0.353,0.224,1.0,0.129,0.33,0.417,0.298,-0.634,0.329,0.589,-0.25,0.112,0.074
16,B1_3,0.405,-0.109,0.06,0.001,-0.129,0.129,1.0,0.356,-0.193,0.184,-0.202,0.28,0.408,0.7,0.579,-0.071
16,A2_1,0.036,-0.209,0.128,0.087,0.342,0.33,0.356,1.0,0.135,0.202,-0.182,0.233,0.267,0.028,0.443,-0.214
16,A2_2,0.154,0.447,0.047,-0.278,0.255,0.417,-0.193,0.135,1.0,-0.261,-0.075,0.64,0.283,-0.497,0.141,0.125
16,A2_3,0.171,-0.326,0.14,-0.363,0.021,0.298,0.184,0.202,-0.261,1.0,-0.22,-0.342,-0.068,-0.02,0.05,-0.37
16,B2_1,0.344,0.529,0.174,0.627,0.085,-0.634,-0.202,-0.182,-0.075,-0.22,1.0,0.082,-0.576,0.036,-0.255,0.195
16,B2_2,0.537,0.314,0.094,0.181,0.514,0.329,0.28,0.233,0.64,-0.342,0.082,1.0,0.543,-0.01,0.03,0.39
16,B2_3,-0.148,-0.452,-0.376,-0.074,0.301,0.589,0.408,0.267,0.283,-0.068,-0.576,0.543,1.0,0.161,0.288,0.05
16,y1,0.165,-0.327,-0.023,0.068,-0.293,-0.25,0.7,0.028,-0.497,-0.02,0.036,-0.01,0.161,1.0,0.248,-0.156
16,y2,-0.031,-0.01,-0.187,-0.262,-0.461,0.112,0.579,0.443,0.141,0.05,-0.255,0.03,0.288,0.248,1.0,-0.513
16,y3,0.163,0.402,0.237,0.552,0.269,0.074,-0.071,-0.214,0.125,-0.37,0.195,0.39,0.05,-0.156,-0.513,1.0
17,.,1.0,0.512,0.48,-0.002,0.128,-0.02,0.402,0.03,0.147,0.172,0.344,0.527,-0.155,0.166,-0.032,0.157
17,A1_1,0.512,1.0,0.203,0.174,-0.136,-0.111,-0.112,-0.206,0.447,-0.325,0.528,0.313,-0.452,-0.328,-0.01,0.403
17,A1_2,0.48,0.203,1.0,-0.042,0.093,-0.351,0.058,0.132,0.049,0.142,0.173,0.092,-0.377,-0.025,-0.188,0.236
17,A1_3,-0.002,0.174,-0.042,1.0,0.35,-0.352,0.001,0.088,-0.278,-0.363,0.629,0.181,-0.074,0.066,-0.262,0.553
17,B1_1,0.128,-0.136,0.093,0.35,1.0,0.226,-0.126,0.343,0.256,0.021,0.086,0.515,0.304,-0.293,-0.462,0.268
17,B1_2,-0.02,-0.111,-0.351,-0.352,0.226,1.0,0.132,0.33,0.417,0.297,-0.633,0.331,0.591,-0.251,0.11,0.073
17,B1_3,0.402,-0.112,0.058,0.001,-0.126,0.132,1.0,0.355,-0.193,0.182,-0.203,0.282,0.411,0.699,0.578,-0.07
17,A2_1,0.03,-0.206,0.132,0.088,0.343,0.33,0.355,1.0,0.136,0.203,-0.181,0.233,0.265,0.024,0.44,-0.215
17,A2_2,0.147,0.447,0.049,-0.278,0.256,0.417,-0.193,0.136,1.0,-0.26,-0.074,0.639,0.281,-0.499,0.14,0.126
17,A2_3,0.172,-0.325,0.142,-0.363,0.021,0.297,0.182,0.203,-0.26,1.0,-0.221,-0.343,-0.07,-0.022,0.049,-0.371
17,B2_1,0.344,0.528,0.173,0.629,0.086,-0.633,-0.203,-0.181,-0.074,-0.221,1.0,0.082,-0.573,0.037,-0.253,0.198
17,B2_2,0.527,0.313,0.092,0.181,0.515,0.331,0.282,0.233,0.639,-0.343,0.082,1.0,0.545,-0.01,0.03,0.39
17,B2_3,-0.155,-0.452,-0.377,-0.074,0.304,0.591,0.411,0.265,0.281,-0.07,-0.573,0.545,1.0,0.161,0.286,0.05
17,y1,0.166,-0.328,-0.025,0.066,-0.293,-0.251,0.699,0.024,-0.499,-0.022,0.037,-0.01,0.161,1.0,0.249,-0.157
17,y2,-0.032,-0.01,-0.188,-0.262,-0.462,0.11,0.578,0.44,0.14,0.049,-0.253,0.03,0.286,0.249,1.0,-0.513
17,y3,0.157,0.403,0.236,0.553,0.268,0.073,-0.07,-0.215,0.126,-0.371,0.198,0.39,0.05,-0.157,-0.513,1.0
18,.,1.0,0.512,0.479,-0.005,0.12,-0.027,0.398,0.025,0.14,0.171,0.344,0.517,-0.163,0.167,-0.033,0.151
18,A1_1,0.512,1.0,0.205,0.174,-0.136,-0.111,-0.115,-0.204,0.448,-0.324,0.528,0.311,-0.453,-0.329,-0.01,0.405
18,A1_2,0.479,0.205,1.0,-0.041,0.091,-0.351,0.055,0.135,0.052,0.143,0.17,0.09,-0.377,-0.028,-0.189,0.235
18,A1_3,-0.005,0.174,-0.041,1.0,0.351,-0.351,0.001,0.088,-0.278,-0.361,0.631,0.181,-0.073,0.064,-0.263,0.553
18,B1_1,0.12,-0.136,0.091,0.351,1.0,0.228,-0.123,0.343,0.257,0.021,0.087,0.516,0.308,-0.294,-0.462,0.267
18,B1_2,-0.027,-0.111,-0.351,-0.351,0.228,1.0,0.135,0.329,0.417,0.296,-0.631,0.333,0.592,-0.251,0.108,0.072
18,B1_3,0.398,-0.115,0.055,0.001,-0.123,0.135,1.0,0.353,-0.194,0.18,-0.203,0.284,0.414,0.698,0.576,-0.07
18,A2_1,0.025,-0.204,0.135,0.088,0.343,0.329,0.353,1.0,0.138,0.206,-0.18,0.232,0.263,0.02,0.436,-0.217
18,A2_2,0.14,0.448,0.052,-0.278,0.257,0.417,-0.194,0.138,1.0,-0.258,-0.073,0.639,0.28,-0.5,0.139,0.126
18,A2_3,0.171,-0.324,0.143,-0.361,0.021,0.296,0.18,0.206,-0.258,1.0,-0.221,-0.343,-0.071,-0.025,0.048,-0.372
18,B2_1,0.344,0.528,0.17,0.631,0.087,-0.631,-0.203,-0.18,-0.073,-0.221,1.0,0.083,-0.57,0.039,-0.252,0.201
18,B2_2,0.517,0.311,0.09,0.181,0.516,0.333,0.284,0.232,0.639,-0.343,0.083,1.0,0.547,-0.01,0.03,0.391
18,B2_3,-0.163,-0.453,-0.377,-0.073,0.308,0.592,0.414,0.263,0.28,-0.071,-0.57,0.547,1.0,0.16,0.285,0.051
18,y1,0.167,-0.329,-0.028,0.064,-0.294,-0.251,0.698,0.02,-0.5,-0.025,0.039,-0.01,0.16,1.0,0.251,-0.157
18,y2,-0.033,-0.01,-0.189,-0.263,-0.462,0.108,0.576,0.436,0.139,0.048,-0.252,0.03,0.285,0.251,1.0,-0.513
18,y3,0.151,0.405,0.235,0.553,0.267,0.072,-0.07,-0.217,0.126,-0.372,0.201,0.391,0.051,-0.157,-0.513,1.0
19,.,1.0,0.511,0.478,-0.009,0.112,-0.034,0.393,0.019,0.133,0.171,0.343,0.507,-0.171,0.168,-0.034,0.145
19,A1_1,0.511,1.0,0.207,0.174,-0.136,-0.112,-0.118,-0.202,0.448,-0.323,0.527,0.308,-0.454,-0.33,-0.01,0.406
19,A1_2,0.478,0.207,1.0,-0.039,0.089,-0.351,0.052,0.138,0.054,0.145,0.168,0.088,-0.378,-0.03,-0.19,0.235
19,A1_3,-0.009,0.174,-0.039,1.0,0.353,-0.349,0.001,0.089,-0.278,-0.36,0.632,0.182,-0.073,0.062,-0.263,0.554
19,B1_1,0.112,-0.136,0.089,0.353,1.0,0.231,-0.119,0.344,0.258,0.021,0.088,0.518,0.311,-0.295,-0.462,0.266
19,B1_2,-0.034,-0.112,-0.351,-0.349,0.231,1.0,0.138,0.329,0.416,0.295,-0.63,0.336,0.593,-0.252,0.106,0.071
19,B1_3,0.393,-0.118,0.052,0.001,-0.119,0.138,1.0,0.351,-0.194,0.178,-0.204,0.286,0.417,0.697,0.575,-0.069
19,A2_1,0.019,-0.202,0.138,0.089,0.344,0.329,0.351,1.0,0.14,0.208,-0.179,0.232,0.261,0.016,0.432,-0.218
19,A2_2,0.133,0.448,0.054,-0.278,0.258,0.416,-0.194,0.14,1.0,-0.256,-0.072,0.638,0.278,-0.501,0.138,0.126
19,A2_3,0.171,-0.323,0.145,-0.36,0.021,0.295,0.178,0.208,-0.256,1.0,-0.222,-0.343,-0.072,-0.028,0.046,-0.373
19,B2_1,0.343,0.527,0.168,0.632,0.088,-0.63,-0.204,-0.179,-0.072,-0.222,1.0,0.083,-0.567,0.041,-0.251,0.204
19,B2_2,0.507,0.308,0.088,0.182,0.518,0.336,0.286,0.232,0.638,-0.343,0.083,1.0,0.55,-0.01,0.029,0.391
19,B2_3,-0.171,-0.454,-0.378,-0.073,0.311,0.593,0.417,0.261,0.278,-0.072,-0.567,0.55,1.0,0.16,0.283,0.051
19,y1,0.168,-0.33,-0.03,0.062,-0.295,-0.252,0.697,0.016,-0.501,-0.028,0.041,-0.01,0.16,1.0,0.252,-0.158
19,y2,-0.034,-0.01,-0.19,-0.263,-0.462,0.106,0.575,0.432,0.138,0.046,-0.251,0.029,0.283,0.252,1.0,-0.513
19,y3,0.145,0.406,0.235,0.554,0.266,0.071,-0.069,-0.218,0.126,-0.373,0.204,0.391,0.051,-0.158,-0.513,1.0
20,.,1.0,0.509,0.478,-0.012,0.103,-0.042,0.389,0.014,0.126,0.171,0.342,0.496,-0.179,0.169,-0.035,0.139
20,A1_1,0.509,1.0,0.209,0.174,-0.137,-0.112,-0.121,-0.199,0.449,-0.321,0.526,0.306,-0.455,-0.332,-0.01,0.407
20,A1_2,0.478,0.209,1.0,-0.038,0.087,-0.351,0.049,0.141,0.056,0.148,0.166,0.085,-0.379,-0.032,-0.19,0.234
20,A1_3,-0.012,0.174,-0.038,1.0,0.354,-0.348,0.001,0.09,-0.277,-0.359,0.634,0.182,-0.073,0.06,-0.264,0.554
20,B1_1,0.103,-0.137,0.087,0.354,1.0,0.233,-0.116,0.344,0.259,0.02,0.088,0.519,0.315,-0.296,-0.463,0.265
20,B1_2,-0.042,-0.112,-0.351,-0.348,0.233,1.0,0.141,0.328,0.416,0.294,-0.628,0.338,0.595,-0.253,0.104,0.069
20,B1_3,0.389,-0.121,0.049,0.001,-0.116,0.141,1.0,0.35,-0.195,0.176,-0.205,0.288,0.42,0.695,0.574,-0.068
20,A2_1,0.014,-0.199,0.141,0.09,0.344,0.328,0.35,1.0,0.141,0.21,-0.178,0.231,0.26,0.011,0.428,-0.22
20,A2_2,0.126,0.449,0.056,-0.277,0.259,0.416,-0.195,0.141,1.0,-0.254,-0.071,0.637,0.276,-0.503,0.137,0.126
20,A2_3,0.171,-0.321,0.148,-0.359,0.02,0.294,0.176,0.21,-0.254,1.0,-0.223,-0.344,-0.074,-0.03,0.045,-0.374
20,B2_1,0.342,0.526,0.166,0.634,0.088,-0.628,-0.205,-0.178,-0.071,-0.223,1.0,0.084,-0.564,0.043,-0.249,0.207
20,B2_2,0.496,0.306,0.085,0.182,0.519,0.338,0.288,0.231,0.637,-0.344,0.084,1.0,0.552,-0.01,0.029,0.391
20,B2_3,-0.179,-0.455,-0.379,-0.073,0.315,0.595,0.42,0.26,0.276,-0.074,-0.564,0.552,1.0,0.159,0.281,0.052
20,y1,0.169,-0.332,-0.032,0.06,-0.296,-0.253,0.695,0.011,-0.503,-0.03,0.043,-0.01,0.159,1.0,0.254,-0.158
20,y2,-0.035,-0.01,-0.19,-0.264,-0.463,0.104,0.574,0.428,0.137,0.045,-0.249,0.029,0.281,0.254,1.0,-0.513
20,y3,0.139,0.407,0.234,0.554,0.265,0.069,-0.068,-0.22,0.126,-0.374,0.207,0.391,0.052,-0.158,-0.513,1.0
21,.,1.0,0.508,0.477,-0.015,0.094,-0.05,0.384,0.008,0.118,0.171,0.34,0.484,-0.188,0.171,-0.036,0.133
21,A1_1,0.508,1.0,0.211,0.175,-0.137,-0.113,-0.125,-0.196,0.45,-0.319,0.525,0.303,-0.456,-0.333,-0.01,0.409
21,A1_2,0.477,0.211,1.0,-0.036,0.084,-0.352,0.046,0.145,0.059,0.15,0.163,0.082,-0.38,-0.034,-0.191,0.233
21,A1_3,-0.015,0.175,-0.036,1.0,0.355,-0.347,0.0,0.091,-0.277,-0.358,0.637,0.182,-0.072,0.058,-0.264,0.554
21,B1_1,0.094,-0.137,0.084,0.355,1.0,0.236,-0.113,0.345,0.261,0.02,0.089,0.521,0.319,-0.296,-0.463,0.264
21,B1_2,-0.05,-0.113,-0.352,-0.347,0.236,1.0,0.144,0.328,0.416,0.293,-0.626,0.34,0.597,-0.254,0.101,0.068
21,B1_3,0.384,-0.125,0.046,0.0,-0.113,0.144,1.0,0.348,-0.195,0.173,-0.206,0.29,0.423,0.694,0.572,-0.067
21,A2_1,0.008,-0.196,0.145,0.091,0.345,0.328,0.348,1.0,0.143,0.212,-0.177,0.23,0.257,0.007,0.424,-0.222
21,A2_2,0.118,0.45,0.059,-0.277,0.261,0.416,-0.195,0.143,1.0,-0.252,-0.07,0.636,0.274,-0.505,0.136,0.126
21,A2_3,0.171,-0.319,0.15,-0.358,0.02,0.293,0.173,0.212,-0.252,1.0,-0.224,-0.345,-0.076,-0.033,0.043,-0.375
21,B2_1,0.34,0.525,0.163,0.637,0.089,-0.626,-0.206,-0.177,-0.07,-0.224,1.0,0.084,-0.56,0.044,-0.248,0.211
21,B2_2,0.484,0.303,0.082,0.182,0.521,0.34,0.29,0.23,0.636,-0.345,0.084,1.0,0.555,-0.011,0.028,0.392
21,B2_3,-0.188,-0.456,-0.38,-0.072,0.319,0.597,0.423,0.257,0.274,-0.076,-0.56,0.555,1.0,0.158,0.279,0.052
21,y1,0.171,-0.333,-0.034,0.058,-0.296,-0.254,0.694,0.007,-0.505,-0.033,0.044,-0.011,0.158,1.0,0.256,-0.158
21,y2,-0.036,-0.01,-0.191,-0.264,-0.463,0.101,0.572,0.424,0.136,0.043,-0.248,0.028,0.279,0.256,1.0,-0.513
21,y3,0.133,0.409,0.233,0.554,0.264,0.068,-0.067,-0.222,0.126,-0.375,0.211,0.392,0.052,-0.158,-0.513,1.0
22,.,1.0,0.507,0.477,-0.019,0.084,-0.059,0.378,0.002,0.111,0.171,0.338,0.471,-0.197,0.172,-0.037,0.127
22,A1_1,0.507,1.0,0.213,0.175,-0.138,-0.114,-0.128,-0.194,0.45,-0.317,0.524,0.301,-0.457,-0.334,-0.01,0.41
22,A1_2,0.477,0.213,1.0,-0.034,0.081,-0.352,0.042,0.149,0.062,0.152,0.16,0.078,-0.381,-0.036,-0.191,0.232
22,A1_3,-0.019,0.175,-0.034,1.0,0.357,-0.345,0.0,0.092,-0.277,-0.357,0.639,0.182,-0.072,0.055,-0.265,0.555
22,B1_1,0.084,-0.138,0.081,0.357,1.0,0.239,-0.109,0.345,0.262,0.019,0.09,0.522,0.323,-0.297,-0.463,0.262
22,B1_2,-0.059,-0.114,-0.352,-0.345,0.239,1.0,0.148,0.327,0.415,0.291,-0.624,0.343,0.598,-0.254,0.099,0.067
22,B1_3,0.378,-0.128,0.042,0.0,-0.109,0.148,1.0,0.346,-0.196,0.171,-0.207,0.293,0.427,0.693,0.571,-0.065
22,A2_1,0.002,-0.194,0.149,0.092,0.345,0.327,0.346,1.0,0.145,0.215,-0.175,0.229,0.255,0.002,0.42,-0.224
22,A2_2,0.111,0.45,0.062,-0.277,0.262,0.415,-0.196,0.145,1.0,-0.25,-0.068,0.635,0.272,-0.506,0.135,0.126
22,A2_3,0.171,-0.317,0.152,-0.357,0.019,0.291,0.171,0.215,-0.25,1.0,-0.226,-0.345,-0.077,-0.036,0.042,-0.376
22,B2_1,0.338,0.524,0.16,0.639,0.09,-0.624,-0.207,-0.175,-0.068,-0.226,1.0,0.085,-0.556,0.046,-0.246,0.214
22,B2_2,0.471,0.301,0.078,0.182,0.522,0.343,0.293,0.229,0.635,-0.345,0.085,1.0,0.558,-0.011,0.028,0.392
22,B2_3,-0.197,-0.457,-0.381,-0.072,0.323,0.598,0.427,0.255,0.272,-0.077,-0.556,0.558,1.0,0.157,0.277,0.052
22,y1,0.172,-0.334,-0.036,0.055,-0.297,-0.254,0.693,0.002,-0.506,-0.036,0.046,-0.011,0.157,1.0,0.258,-0.158
22,y2,-0.037,-0.01,-0.191,-0.265,-0.463,0.099,0.571,0.42,0.135,0.042,-0.246,0.028,0.277,0.258,1.0,-0.513
22,y3,0.127,0.41,0.232,0.555,0.262,0.067,-0.065,-0.224,0.126,-0.376,0.214,0.392,0.052,-0.158,-0.513,1.0
23,.,1.0,0.505,0.476,-0.022,0.074,-0.068,0.371,-0.003,0.103,0.171,0.336,0.458,-0.206,0.174,-0.037,0.121
23,A1_1,0.505,1.0,0.215,0.175,-0.138,-0.115,-0.132,-0.191,0.451,-0.315,0.522,0.297,-0.459,-0.335,-0.01,0.411
23,A1_2,0.476,0.215,1.0,-0.033,0.078,-0.353,0.038,0.153,0.065,0.155,0.157,0.075,-0.383,-0.037,-0.192,0.231
23,A1_3,-0.022,0.175,-0.033,1.0,0.358,-0.344,-0.0,0.093,-0.277,-0.355,0.641,0.183,-0.072,0.053,-0.266,0.555
23,B1_1,0.074,-0.138,0.078,0.358,1.0,0.242,-0.105,0.346,0.263,0.019,0.091,0.524,0.328,-0.298,-0.464,0.261
23,B1_2,-0.068,-0.115,-0.353,-0.344,0.242,1.0,0.152,0.326,0.415,0.29,-0.622,0.346,0.6,-0.255,0.097,0.065
23,B1_3,0.371,-0.132,0.038,-0.0,-0.105,0.152,1.0,0.344,-0.196,0.168,-0.209,0.295,0.431,0.692,0.57,-0.064
23,A2_1,-0.003,-0.191,0.153,0.093,0.346,0.326,0.344,1.0,0.147,0.217,-0.174,0.228,0.252,-0.003,0.415,-0.226
23,A2_2,0.103,0.451,0.065,-0.277,0.263,0.415,-0.196,0.147,1.0,-0.247,-0.067,0.634,0.27,-0.508,0.133,0.126
23,A2_3,0.171,-0.315,0.155,-0.355,0.019,0.29,0.168,0.217,-0.247,1.0,-0.227,-0.346,-0.079,-0.039,0.04,-0.377
23,B2_1,0.336,0.522,0.157,0.641,0.091,-0.622,-0.209,-0.174,-0.067,-0.227,1.0,0.085,-0.552,0.048,-0.244,0.218
23,B2_2,0.458,0.297,0.075,0.183,0.524,0.346,0.295,0.228,0.634,-0.346,0.085,1.0,0.561,-0.011,0.027,0.392
23,B2_3,-0.206,-0.459,-0.383,-0.072,0.328,0.6,0.431,0.252,0.27,-0.079,-0.552,0.561,1.0,0.155,0.274,0.052
23,y1,0.174,-0.335,-0.037,0.053,-0.298,-0.255,0.692,-0.003,-0.508,-0.039,0.048,-0.011,0.155,1.0,0.26,-0.158
23,y2,-0.037,-0.01,-0.192,-0.266,-0.464,0.097,0.57,0.415,0.133,0.04,-0.244,0.027,0.274,0.26,1.0,-0.513
23,y3,0.121,0.411,0.231,0.555,0.261,0.065,-0.064,-0.226,0.126,-0.377,0.218,0.392,0.052,-0.158,-0.513,1.0
24,.,1.0,0.504,0.475,-0.025,0.063,-0.078,0.364,-0.009,0.095,0.171,0.333,0.444,-0.216,0.175,-0.037,0.115
24,A1_1,0.504,1.0,0.218,0.175,-0.139,-0.116,-0.137,-0.188,0.452,-0.313,0.521,0.294,-0.46,-0.336,-0.01,0.413
24,A1_2,0.475,0.218,1.0,-0.03,0.074,-0.353,0.034,0.157,0.068,0.157,0.153,0.071,-0.384,-0.039,-0.192,0.23
24,A1_3,-0.025,0.175,-0.03,1.0,0.36,-0.343,-0.0,0.094,-0.276,-0.353,0.644,0.183,-0.071,0.05,-0.267,0.555
24,B1_1,0.063,-0.139,0.074,0.36,1.0,0.246,-0.101,0.346,0.265,0.018,0.092,0.526,0.333,-0.3,-0.464,0.259
24,B1_2,-0.078,-0.116,-0.353,-0.343,0.246,1.0,0.156,0.326,0.414,0.288,-0.62,0.349,0.602,-0.256,0.094,0.063
24,B1_3,0.364,-0.137,0.034,-0.0,-0.101,0.156,1.0,0.342,-0.197,0.165,-0.21,0.297,0.435,0.691,0.569,-0.062
24,A2_1,-0.009,-0.188,0.157,0.094,0.346,0.326,0.342,1.0,0.149,0.22,-0.173,0.227,0.25,-0.008,0.411,-0.229
24,A2_2,0.095,0.452,0.068,-0.276,0.265,0.414,-0.197,0.149,1.0,-0.245,-0.065,0.632,0.268,-0.51,0.131,0.126
24,A2_3,0.171,-0.313,0.157,-0.353,0.018,0.288,0.165,0.22,-0.245,1.0,-0.229,-0.347,-0.081,-0.042,0.038,-0.378
24,B2_1,0.333,0.521,0.153,0.644,0.092,-0.62,-0.21,-0.173,-0.065,-0.229,1.0,0.085,-0.547,0.05,-0.243,0.222
24,B2_2,0.444,0.294,0.071,0.183,0.526,0.349,0.297,0.227,0.632,-0.347,0.085,1.0,0.564,-0.012,0.027,0.392
