,,.,A1_1,A1_2,A1_3,B1_1,B1_2,B1_3,A2_1,A2_2,A2_3,B2_1,B2_2,B2_3,y1,y2,y3
1,.,1.0,0.795,0.755,0.857,0.806,0.697,0.693,0.782,0.828,0.796,0.622,0.749,0.727,0.86,0.748,0.664
1,A1_1,0.795,1.0,0.799,0.809,0.663,0.845,0.771,0.647,0.692,0.71,0.622,0.614,0.728,0.828,0.772,0.684
1,A1_2,0.755,0.799,1.0,0.724,0.744,0.774,0.706,0.61,0.624,0.702,0.504,0.628,0.677,0.893,0.598,0.704
1,A1_3,0.857,0.809,0.724,1.0,0.713,0.819,0.775,0.72,0.855,0.797,0.633,0.694,0.771,0.857,0.841,0.748
1,B1_1,0.806,0.663,0.744,0.713,1.0,0.589,0.695,0.59,0.807,0.72,0.629,0.813,0.564,0.873,0.641,0.595
1,B1_2,0.697,0.845,0.774,0.819,0.589,1.0,0.741,0.583,0.622,0.56,0.607,0.547,0.681,0.784,0.778,0.73
1,B1_3,0.693,0.771,0.706,0.775,0.695,0.741,1.0,0.746,0.679,0.663,0.513,0.774,0.653,0.775,0.737,0.79
1,A2_1,0.782,0.647,0.61,0.72,0.59,0.583,0.746,1.0,0.698,0.574,0.429,0.588,0.594,0.639,0.5,0.792
1,A2_2,0.828,0.692,0.624,0.855,0.807,0.622,0.679,0.698,1.0,0.77,0.728,0.715,0.69,0.848,0.644,0.691
1,A2_3,0.796,0.71,0.702,0.797,0.72,0.56,0.663,0.574,0.77,1.0,0.611,0.697,0.755,0.793,0.734,0.533
1,B2_1,0.622,0.622,0.504,0.633,0.629,0.607,0.513,0.429,0.728,0.611,1.0,0.685,0.45,0.689,0.513,0.449
1,B2_2,0.749,0.614,0.628,0.694,0.813,0.547,0.774,0.588,0.715,0.697,0.685,1.0,0.51,0.772,0.664,0.561
1,B2_3,0.727,0.728,0.677,0.771,0.564,0.681,0.653,0.594,0.69,0.755,0.45,0.51,1.0,0.712,0.754,0.631
1,y1,0.86,0.828,0.893,0.857,0.873,0.784,0.775,0.639,0.848,0.793,0.689,0.772,0.712,1.0,0.716,0.708
1,y2,0.748,0.772,0.598,0.841,0.641,0.778,0.737,0.5,0.644,0.734,0.513,0.664,0.754,0.716,1.0,0.554
1,y3,0.664,0.684,0.704,0.748,0.595,0.73,0.79,0.792,0.691,0.533,0.449,0.561,0.631,0.708,0.554,1.0
2,.,1.0,0.797,0.755,0.857,0.802,0.701,0.695,0.786,0.829,0.795,0.625,0.749,0.724,0.857,0.747,0.668
2,A1_1,0.797,1.0,0.798,0.814,0.659,0.846,0.771,0.65,0.696,0.711,0.619,0.614,0.725,0.826,0.774,0.686
2,A1_2,0.755,0.798,1.0,0.725,0.745,0.777,0.709,0.61,0.626,0.703,0.507,0.632,0.677,0.893,0.602,0.708
2,A1_3,0.857,0.814,0.725,1.0,0.714,0.825,0.78,0.723,0.856,0.798,0.638,0.695,0.774,0.855,0.845,0.753
2,B1_1,0.802,0.659,0.745,0.714,1.0,0.592,0.697,0.589,0.808,0.721,0.637,0.817,0.568,0.872,0.644,0.599
2,B1_2,0.701,0.846,0.777,0.825,0.592,1.0,0.743,0.585,0.626,0.566,0.606,0.551,0.683,0.785,0.781,0.731
2,B1_3,0.695,0.771,0.709,0.78,0.697,0.743,1.0,0.746,0.685,0.667,0.518,0.776,0.655,0.777,0.74,0.793
2,A2_1,0.786,0.65,0.61,0.723,0.589,0.585,0.746,1.0,0.702,0.576,0.435,0.588,0.594,0.635,0.503,0.793
2,A2_2,0.829,0.696,0.626,0.856,0.808,0.626,0.685,0.702,1.0,0.772,0.734,0.72,0.696,0.845,0.649,0.697
2,A2_3,0.795,0.711,0.703,0.798,0.721,0.566,0.667,0.576,0.772,1.0,0.615,0.701,0.756,0.793,0.737,0.54
2,B2_1,0.625,0.619,0.507,0.638,0.637,0.606,0.518,0.435,0.734,0.615,1.0,0.695,0.459,0.69,0.517,0.454
2,B2_2,0.749,0.614,0.632,0.695,0.817,0.551,0.776,0.588,0.72,0.701,0.695,1.0,0.517,0.772,0.665,0.565
2,B2_3,0.724,0.725,0.677,0.774,0.568,0.683,0.655,0.594,0.696,0.756,0.459,0.517,1.0,0.709,0.756,0.635
2,y1,0.857,0.826,0.893,0.855,0.872,0.785,0.777,0.635,0.845,0.793,0.69,0.772,0.709,1.0,0.717,0.709
2,y2,0.747,0.774,0.602,0.845,0.644,0.781,0.74,0.503,0.649,0.737,0.517,0.665,0.756,0.717,1.0,0.558
2,y3,0.668,0.686,0.708,0.753,0.599,0.731,0.793,0.793,0.697,0.54,0.454,0.565,0.635,0.709,0.558,1.0
3,.,1.0,0.8,0.756,0.858,0.8,0.706,0.698,0.791,0.83,0.795,0.631,0.749,0.723,0.854,0.748,0.674
3,A1_1,0.8,1.0,0.797,0.819,0.659,0.848,0.772,0.656,0.702,0.714,0.62,0.616,0.724,0.826,0.777,0.691
3,A1_2,0.756,0.797,1.0,0.729,0.748,0.782,0.715,0.612,0.632,0.706,0.515,0.638,0.681,0.894,0.609,0.714
3,A1_3,0.858,0.819,0.729,1.0,0.717,0.831,0.787,0.727,0.858,0.8,0.645,0.698,0.778,0.854,0.85,0.758
3,B1_1,0.8,0.659,0.748,0.717,1.0,0.601,0.703,0.59,0.811,0.724,0.65,0.823,0.577,0.873,0.649,0.605
3,B1_2,0.706,0.848,0.782,0.831,0.601,1.0,0.748,0.591,0.634,0.575,0.611,0.56,0.689,0.788,0.787,0.734
3,B1_3,0.698,0.772,0.715,0.787,0.703,0.748,1.0,0.746,0.693,0.674,0.529,0.779,0.662,0.78,0.744,0.798
3,A2_1,0.791,0.656,0.612,0.727,0.59,0.591,0.746,1.0,0.707,0.581,0.445,0.59,0.596,0.633,0.51,0.796
3,A2_2,0.83,0.702,0.632,0.858,0.811,0.634,0.693,0.707,1.0,0.775,0.743,0.727,0.704,0.844,0.657,0.703
3,A2_3,0.795,0.714,0.706,0.8,0.724,0.575,0.674,0.581,0.775,1.0,0.623,0.706,0.759,0.793,0.742,0.55
3,B2_1,0.631,0.62,0.515,0.645,0.65,0.611,0.529,0.445,0.743,0.623,1.0,0.708,0.475,0.693,0.526,0.463
3,B2_2,0.749,0.616,0.638,0.698,0.823,0.56,0.779,0.59,0.727,0.706,0.708,1.0,0.529,0.774,0.67,0.572
3,B2_3,0.723,0.724,0.681,0.778,0.577,0.689,0.662,0.596,0.704,0.759,0.475,0.529,1.0,0.708,0.76,0.641
3,y1,0.854,0.826,0.894,0.854,0.873,0.788,0.78,0.633,0.844,0.793,0.693,0.774,0.708,1.0,0.72,0.712
3,y2,0.748,0.777,0.609,0.85,0.649,0.787,0.744,0.51,0.657,0.742,0.526,0.67,0.76,0.72,1.0,0.565
3,y3,0.674,0.691,0.714,0.758,0.605,0.734,0.798,0.796,0.703,0.55,0.463,0.572,0.641,0.712,0.565,1.0
4,.,1.0,0.804,0.758,0.858,0.798,0.711,0.703,0.796,0.832,0.796,0.638,0.75,0.723,0.851,0.75,0.681
4,A1_1,0.804,1.0,0.799,0.826,0.661,0.851,0.776,0.663,0.71,0.719,0.625,0.622,0.726,0.826,0.782,0.697
4,A1_2,0.758,0.799,1.0,0.733,0.753,0.787,0.722,0.616,0.639,0.711,0.526,0.646,0.686,0.896,0.619,0.721
4,A1_3,0.858,0.826,0.733,1.0,0.721,0.837,0.794,0.732,0.861,0.803,0.654,0.703,0.783,0.854,0.854,0.764
4,B1_1,0.798,0.661,0.753,0.721,1.0,0.611,0.711,0.593,0.815,0.729,0.665,0.831,0.59,0.873,0.657,0.613
4,B1_2,0.711,0.851,0.787,0.837,0.611,1.0,0.755,0.597,0.644,0.586,0.618,0.571,0.697,0.792,0.793,0.738
4,B1_3,0.703,0.776,0.722,0.794,0.711,0.755,1.0,0.747,0.703,0.682,0.543,0.785,0.671,0.785,0.751,0.803
4,A2_1,0.796,0.663,0.616,0.732,0.593,0.597,0.747,1.0,0.713,0.588,0.457,0.593,0.601,0.632,0.518,0.799
4,A2_2,0.832,0.71,0.639,0.861,0.815,0.644,0.703,0.713,1.0,0.78,0.752,0.735,0.714,0.843,0.666,0.711
4,A2_3,0.796,0.719,0.711,0.803,0.729,0.586,0.682,0.588,0.78,1.0,0.632,0.712,0.763,0.795,0.748,0.56
4,B2_1,0.638,0.625,0.526,0.654,0.665,0.618,0.543,0.457,0.752,0.632,1.0,0.723,0.494,0.698,0.539,0.474
4,B2_2,0.75,0.622,0.646,0.703,0.831,0.571,0.785,0.593,0.735,0.712,0.723,1.0,0.544,0.777,0.677,0.581
4,B2_3,0.723,0.726,0.686,0.783,0.59,0.697,0.671,0.601,0.714,0.763,0.494,0.544,1.0,0.71,0.766,0.65
4,y1,0.851,0.826,0.896,0.854,0.873,0.792,0.785,0.632,0.843,0.795,0.698,0.777,0.71,1.0,0.724,0.716
4,y2,0.75,0.782,0.619,0.854,0.657,0.793,0.751,0.518,0.666,0.748,0.539,0.677,0.766,0.724,1.0,0.574
4,y3,0.681,0.697,0.721,0.764,0.613,0.738,0.803,0.799,0.711,0.56,0.474,0.581,0.65,0.716,0.574,1.0
5,.,1.0,0.808,0.76,0.859,0.795,0.717,0.707,0.801,0.834,0.797,0.645,0.752,0.724,0.848,0.752,0.687
5,A1_1,0.808,1.0,0.801,0.833,0.665,0.854,0.78,0.671,0.719,0.726,0.63,0.628,0.729,0.827,0.787,0.704
5,A1_2,0.76,0.801,1.0,0.738,0.758,0.794,0.73,0.621,0.648,0.716,0.538,0.655,0.692,0.897,0.629,0.728
5,A1_3,0.859,0.833,0.738,1.0,0.725,0.843,0.801,0.737,0.863,0.806,0.662,0.707,0.788,0.854,0.859,0.77
5,B1_1,0.795,0.665,0.758,0.725,1.0,0.624,0.721,0.597,0.818,0.733,0.681,0.838,0.604,0.874,0.666,0.622
5,B1_2,0.717,0.854,0.794,0.843,0.624,1.0,0.763,0.604,0.654,0.598,0.627,0.584,0.706,0.797,0.8,0.743
5,B1_3,0.707,0.78,0.73,0.801,0.721,0.763,1.0,0.748,0.714,0.691,0.561,0.791,0.682,0.79,0.758,0.808
5,A2_1,0.801,0.671,0.621,0.737,0.597,0.604,0.748,1.0,0.719,0.595,0.469,0.596,0.606,0.632,0.526,0.801
5,A2_2,0.834,0.719,0.648,0.863,0.818,0.654,0.714,0.719,1.0,0.785,0.761,0.742,0.725,0.843,0.676,0.719
5,A2_3,0.797,0.726,0.716,0.806,0.733,0.598,0.691,0.595,0.785,1.0,0.642,0.718,0.768,0.797,0.754,0.571
5,B2_1,0.645,0.63,0.538,0.662,0.681,0.627,0.561,0.469,0.761,0.642,1.0,0.738,0.516,0.704,0.553,0.487
5,B2_2,0.752,0.628,0.655,0.707,0.838,0.584,0.791,0.596,0.742,0.718,0.738,1.0,0.561,0.78,0.685,0.59
5,B2_3,0.724,0.729,0.692,0.788,0.604,0.706,0.682,0.606,0.725,0.768,0.516,0.561,1.0,0.713,0.773,0.659
5,y1,0.848,0.827,0.897,0.854,0.874,0.797,0.79,0.632,0.843,0.797,0.704,0.78,0.713,1.0,0.729,0.72
5,y2,0.752,0.787,0.629,0.859,0.666,0.8,0.758,0.526,0.676,0.754,0.553,0.685,0.773,0.729,1.0,0.584
5,y3,0.687,0.704,0.728,0.77,0.622,0.743,0.808,0.801,0.719,0.571,0.487,0.59,0.659,0.72,0.584,1.0
6,.,1.0,0.812,0.763,0.86,0.793,0.722,0.712,0.805,0.835,0.799,0.651,0.753,0.725,0.846,0.754,0.693
6,A1_1,0.812,1.0,0.803,0.839,0.671,0.857,0.784,0.679,0.729,0.732,0.637,0.635,0.733,0.828,0.792,0.711
6,A1_2,0.763,0.803,1.0,0.744,0.763,0.8,0.738,0.627,0.656,0.722,0.551,0.664,0.699,0.899,0.639,0.736
6,A1_3,0.86,0.839,0.744,1.0,0.73,0.849,0.807,0.742,0.866,0.81,0.67,0.711,0.793,0.854,0.863,0.776
6,B1_1,0.793,0.671,0.763,0.73,1.0,0.637,0.731,0.6,0.823,0.739,0.698,0.845,0.619,0.876,0.676,0.631
6,B1_2,0.722,0.857,0.8,0.849,0.637,1.0,0.772,0.611,0.665,0.611,0.638,0.598,0.716,0.802,0.808,0.748
6,B1_3,0.712,0.784,0.738,0.807,0.731,0.772,1.0,0.749,0.725,0.7,0.579,0.798,0.694,0.795,0.766,0.813
6,A2_1,0.805,0.679,0.627,0.742,0.6,0.611,0.749,1.0,0.725,0.602,0.48,0.599,0.611,0.632,0.534,0.804
6,A2_2,0.835,0.729,0.656,0.866,0.823,0.665,0.725,0.725,1.0,0.79,0.77,0.75,0.736,0.844,0.686,0.727
6,A2_3,0.799,0.732,0.722,0.81,0.739,0.611,0.7,0.602,0.79,1.0,0.652,0.724,0.773,0.8,0.76,0.583
6,B2_1,0.651,0.637,0.551,0.67,0.698,0.638,0.579,0.48,0.77,0.652,1.0,0.753,0.537,0.71,0.569,0.5
6,B2_2,0.753,0.635,0.664,0.711,0.845,0.598,0.798,0.599,0.75,0.724,0.753,1.0,0.578,0.784,0.693,0.599
6,B2_3,0.725,0.733,0.699,0.793,0.619,0.716,0.694,0.611,0.736,0.773,0.537,0.578,1.0,0.717,0.781,0.668
6,y1,0.846,0.828,0.899,0.854,0.876,0.802,0.795,0.632,0.844,0.8,0.71,0.784,0.717,1.0,0.734,0.725
6,y2,0.754,0.792,0.639,0.863,0.676,0.808,0.766,0.534,0.686,0.76,0.569,0.693,0.781,0.734,1.0,0.594
6,y3,0.693,0.711,0.736,0.776,0.631,0.748,0.813,0.804,0.727,0.583,0.5,0.599,0.668,0.725,0.594,1.0
7,.,1.0,0.816,0.764,0.86,0.791,0.726,0.715,0.81,0.837,0.8,0.657,0.753,0.726,0.842,0.755,0.698
7,A1_1,0.816,1.0,0.806,0.845,0.676,0.86,0.789,0.686,0.738,0.739,0.644,0.643,0.738,0.829,0.797,0.718
7,A1_2,0.764,0.806,1.0,0.748,0.769,0.806,0.747,0.632,0.665,0.727,0.564,0.673,0.706,0.901,0.65,0.743
7,A1_3,0.86,0.845,0.748,1.0,0.733,0.854,0.813,0.746,0.868,0.813,0.676,0.715,0.798,0.854,0.866,0.782
7,B1_1,0.791,0.676,0.769,0.733,1.0,0.651,0.742,0.603,0.826,0.744,0.715,0.853,0.635,0.877,0.686,0.64
7,B1_2,0.726,0.86,0.806,0.854,0.651,1.0,0.781,0.617,0.676,0.622,0.649,0.611,0.726,0.806,0.815,0.753
7,B1_3,0.715,0.789,0.747,0.813,0.742,0.781,1.0,0.749,0.736,0.709,0.598,0.805,0.706,0.8,0.774,0.818
7,A2_1,0.81,0.686,0.632,0.746,0.603,0.617,0.749,1.0,0.731,0.61,0.49,0.601,0.616,0.633,0.542,0.806
7,A2_2,0.837,0.738,0.665,0.868,0.826,0.676,0.736,0.731,1.0,0.795,0.779,0.757,0.746,0.844,0.696,0.735
7,A2_3,0.8,0.739,0.727,0.813,0.744,0.622,0.709,0.61,0.795,1.0,0.662,0.73,0.778,0.803,0.767,0.593
7,B2_1,0.657,0.644,0.564,0.676,0.715,0.649,0.598,0.49,0.779,0.662,1.0,0.768,0.559,0.716,0.584,0.512
7,B2_2,0.753,0.643,0.673,0.715,0.853,0.611,0.805,0.601,0.757,0.73,0.768,1.0,0.596,0.788,0.702,0.608
7,B2_3,0.726,0.738,0.706,0.798,0.635,0.726,0.706,0.616,0.746,0.778,0.559,0.596,1.0,0.722,0.788,0.677
7,y1,0.842,0.829,0.901,0.854,0.877,0.806,0.8,0.633,0.844,0.803,0.716,0.788,0.722,1.0,0.74,0.729
7,y2,0.755,0.797,0.65,0.866,0.686,0.815,0.774,0.542,0.696,0.767,0.584,0.702,0.788,0.74,1.0,0.603
7,y3,0.698,0.718,0.743,0.782,0.64,0.753,0.818,0.806,0.735,0.593,0.512,0.608,0.677,0.729,0.603,1.0
8,.,1.0,0.818,0.765,0.86,0.787,0.729,0.717,0.813,0.838,0.801,0.661,0.752,0.725,0.838,0.756,0.701
8,A1_1,0.818,1.0,0.809,0.851,0.682,0.863,0.793,0.693,0.746,0.745,0.65,0.649,0.742,0.829,0.801,0.724
8,A1_2,0.765,0.809,1.0,0.752,0.774,0.812,0.754,0.635,0.672,0.732,0.576,0.681,0.712,0.902,0.659,0.75
8,A1_3,0.86,0.851,0.752,1.0,0.736,0.857,0.818,0.75,0.87,0.816,0.682,0.717,0.801,0.853,0.869,0.786
8,B1_1,0.787,0.682,0.774,0.736,1.0,0.663,0.753,0.605,0.829,0.747,0.73,0.859,0.649,0.878,0.695,0.648
8,B1_2,0.729,0.863,0.812,0.857,0.663,1.0,0.79,0.621,0.685,0.633,0.659,0.624,0.735,0.811,0.822,0.758
8,B1_3,0.717,0.793,0.754,0.818,0.753,0.79,1.0,0.748,0.744,0.717,0.616,0.812,0.718,0.805,0.782,0.822
8,A2_1,0.813,0.693,0.635,0.75,0.605,0.621,0.748,1.0,0.735,0.615,0.498,0.602,0.619,0.631,0.547,0.806
8,A2_2,0.838,0.746,0.672,0.87,0.829,0.685,0.744,0.735,1.0,0.8,0.786,0.763,0.755,0.844,0.704,0.74
8,A2_3,0.801,0.745,0.732,0.816,0.747,0.633,0.717,0.615,0.8,1.0,0.67,0.734,0.783,0.804,0.772,0.602
8,B2_1,0.661,0.65,0.576,0.682,0.73,0.659,0.616,0.498,0.786,0.67,1.0,0.782,0.579,0.722,0.599,0.523
8,B2_2,0.752,0.649,0.681,0.717,0.859,0.624,0.812,0.602,0.763,0.734,0.782,1.0,0.612,0.791,0.71,0.615
8,B2_3,0.725,0.742,0.712,0.801,0.649,0.735,0.718,0.619,0.755,0.783,0.579,0.612,1.0,0.726,0.795,0.684
8,y1,0.838,0.829,0.902,0.853,0.878,0.811,0.805,0.631,0.844,0.804,0.722,0.791,0.726,1.0,0.745,0.733
8,y2,0.756,0.801,0.659,0.869,0.695,0.822,0.782,0.547,0.704,0.772,0.599,0.71,0.795,0.745,1.0,0.612
8,y3,0.701,0.724,0.75,0.786,0.648,0.758,0.822,0.806,0.74,0.602,0.523,0.615,0.684,0.733,0.612,1.0
9,.,1.0,0.82,0.765,0.859,0.783,0.73,0.717,0.816,0.838,0.801,0.662,0.75,0.724,0.834,0.755,0.703
9,A1_1,0.82,1.0,0.811,0.855,0.686,0.865,0.797,0.699,0.754,0.751,0.656,0.654,0.745,0.83,0.805,0.729
9,A1_2,0.765,0.811,1.0,0.756,0.779,0.817,0.761,0.638,0.679,0.736,0.586,0.688,0.718,0.904,0.668,0.756
9,A1_3,0.859,0.855,0.756,1.0,0.738,0.86,0.821,0.753,0.872,0.819,0.686,0.718,0.804,0.852,0.872,0.79
9,B1_1,0.783,0.686,0.779,0.738,1.0,0.675,0.762,0.605,0.832,0.751,0.744,0.866,0.663,0.879,0.704,0.654
9,B1_2,0.73,0.865,0.817,0.86,0.675,1.0,0.798,0.623,0.693,0.642,0.67,0.637,0.744,0.815,0.828,0.761
9,B1_3,0.717,0.797,0.761,0.821,0.762,0.798,1.0,0.746,0.752,0.723,0.633,0.819,0.729,0.809,0.789,0.825
9,A2_1,0.816,0.699,0.638,0.753,0.605,0.623,0.746,1.0,0.739,0.621,0.504,0.601,0.622,0.63,0.552,0.806
9,A2_2,0.838,0.754,0.679,0.872,0.832,0.693,0.752,0.739,1.0,0.804,0.791,0.767,0.763,0.844,0.711,0.746
9,A2_3,0.801,0.751,0.736,0.819,0.751,0.642,0.723,0.621,0.804,1.0,0.678,0.738,0.786,0.806,0.777,0.61
9,B2_1,0.662,0.656,0.586,0.686,0.744,0.67,0.633,0.504,0.791,0.678,1.0,0.795,0.598,0.727,0.614,0.533
9,B2_2,0.75,0.654,0.688,0.718,0.866,0.637,0.819,0.601,0.767,0.738,0.795,1.0,0.627,0.793,0.717,0.621
9,B2_3,0.724,0.745,0.718,0.804,0.663,0.744,0.729,0.622,0.763,0.786,0.598,0.627,1.0,0.73,0.801,0.691
9,y1,0.834,0.83,0.904,0.852,0.879,0.815,0.809,0.63,0.844,0.806,0.727,0.793,0.73,1.0,0.749,0.736
9,y2,0.755,0.805,0.668,0.872,0.704,0.828,0.789,0.552,0.711,0.777,0.614,0.717,0.801,0.749,1.0,0.619
9,y3,0.703,0.729,0.756,0.79,0.654,0.761,0.825,0.806,0.746,0.61,0.533,0.621,0.691,0.736,0.619,1.0
10,.,1.0,0.821,0.764,0.857,0.778,0.729,0.716,0.818,0.837,0.8,0.662,0.746,0.721,0.828,0.753,0.703
10,A1_1,0.821,1.0,0.813,0.86,0.69,0.866,0.8,0.703,0.76,0.756,0.66,0.658,0.749,0.829,0.808,0.733
10,A1_2,0.764,0.813,1.0,0.758,0.783,0.822,0.766,0.64,0.684,0.739,0.595,0.693,0.723,0.905,0.676,0.761
10,A1_3,0.857,0.86,0.758,1.0,0.738,0.862,0.824,0.756,0.873,0.821,0.688,0.718,0.806,0.851,0.873,0.792
10,B1_1,0.778,0.69,0.783,0.738,1.0,0.686,0.771,0.604,0.833,0.753,0.757,0.871,0.675,0.879,0.712,0.66
10,B1_2,0.729,0.866,0.822,0.862,0.686,1.0,0.805,0.624,0.7,0.65,0.679,0.648,0.752,0.818,0.834,0.764
10,B1_3,0.716,0.8,0.766,0.824,0.771,0.805,1.0,0.742,0.759,0.729,0.649,0.825,0.739,0.813,0.795,0.827
10,A2_1,0.818,0.703,0.64,0.756,0.604,0.624,0.742,1.0,0.742,0.625,0.507,0.598,0.623,0.626,0.554,0.805
10,A2_2,0.837,0.76,0.684,0.873,0.833,0.7,0.759,0.742,1.0,0.807,0.795,0.77,0.769,0.843,0.718,0.75
10,A2_3,0.8,0.756,0.739,0.821,0.753,0.65,0.729,0.625,0.807,1.0,0.683,0.74,0.79,0.806,0.78,0.616
10,B2_1,0.662,0.66,0.595,0.688,0.757,0.679,0.649,0.507,0.795,0.683,1.0,0.806,0.615,0.731,0.626,0.541
10,B2_2,0.746,0.658,0.693,0.718,0.871,0.648,0.825,0.598,0.77,0.74,0.806,1.0,0.641,0.795,0.724,0.625
10,B2_3,0.721,0.749,0.723,0.806,0.675,0.752,0.739,0.623,0.769,0.79,0.615,0.641,1.0,0.733,0.807,0.697
10,y1,0.828,0.829,0.905,0.851,0.879,0.818,0.813,0.626,0.843,0.806,0.731,0.795,0.733,1.0,0.753,0.738
10,y2,0.753,0.808,0.676,0.873,0.712,0.834,0.795,0.554,0.718,0.78,0.626,0.724,0.807,0.753,1.0,0.626
10,y3,0.703,0.733,0.761,0.792,0.66,0.764,0.827,0.805,0.75,0.616,0.541,0.625,0.697,0.738,0.626,1.0
11,.,1.0,0.821,0.762,0.855,0.771,0.727,0.713,0.82,0.836,0.798,0.66,0.741,0.716,0.822,0.749,0.702
11,A1_1,0.821,1.0,0.814,0.863,0.693,0.866,0.802,0.707,0.766,0.761,0.663,0.661,0.751,0.829,0.81,0.737
11,A1_2,0.762,0.814,1.0,0.76,0.786,0.825,0.771,0.641,0.688,0.741,0.602,0.697,0.728,0.905,0.682,0.766
11,A1_3,0.855,0.863,0.76,1.0,0.737,0.863,0.825,0.758,0.874,0.822,0.689,0.716,0.807,0.849,0.874,0.794
11,B1_1,0.771,0.693,0.786,0.737,1.0,0.696,0.78,0.601,0.834,0.754,0.769,0.876,0.686,0.88,0.719,0.664
11,B1_2,0.727,0.866,0.825,0.863,0.696,1.0,0.812,0.623,0.705,0.656,0.688,0.658,0.759,0.821,0.839,0.767
11,B1_3,0.713,0.802,0.771,0.825,0.78,0.812,1.0,0.737,0.764,0.733,0.664,0.83,0.748,0.816,0.801,0.829
11,A2_1,0.82,0.707,0.641,0.758,0.601,0.623,0.737,1.0,0.744,0.628,0.507,0.594,0.622,0.623,0.555,0.804
11,A2_2,0.836,0.766,0.688,0.874,0.834,0.705,0.764,0.744,1.0,0.81,0.798,0.772,0.775,0.842,0.722,0.753
11,A2_3,0.798,0.761,0.741,0.822,0.754,0.656,0.733,0.628,0.81,1.0,0.687,0.74,0.792,0.807,0.783,0.621
11,B2_1,0.66,0.663,0.602,0.689,0.769,0.688,0.664,0.507,0.798,0.687,1.0,0.817,0.63,0.734,0.638,0.546
11,B2_2,0.741,0.661,0.697,0.716,0.876,0.658,0.83,0.594,0.772,0.74,0.817,1.0,0.653,0.796,0.73,0.628
11,B2_3,0.716,0.751,0.728,0.807,0.686,0.759,0.748,0.622,0.775,0.792,0.63,0.653,1.0,0.736,0.812,0.702
11,y1,0.822,0.829,0.905,0.849,0.88,0.821,0.816,0.623,0.842,0.807,0.734,0.796,0.736,1.0,0.757,0.74
11,y2,0.749,0.81,0.682,0.874,0.719,0.839,0.801,0.555,0.722,0.783,0.638,0.73,0.812,0.757,1.0,0.631
11,y3,0.702,0.737,0.766,0.794,0.664,0.767,0.829,0.804,0.753,0.621,0.546,0.628,0.702,0.74,0.631,1.0
12,.,1.0,0.821,0.758,0.853,0.762,0.723,0.708,0.821,0.833,0.796,0.655,0.734,0.711,0.814,0.745,0.699
12,A1_1,0.821,1.0,0.815,0.867,0.694,0.866,0.803,0.71,0.77,0.764,0.664,0.662,0.752,0.828,0.812,0.739
12,A1_2,0.758,0.815,1.0,0.761,0.788,0.828,0.775,0.641,0.692,0.743,0.608,0.699,0.731,0.905,0.688,0.769
12,A1_3,0.853,0.867,0.761,1.0,0.735,0.863,0.825,0.759,0.874,0.823,0.687,0.713,0.807,0.847,0.873,0.796
12,B1_1,0.762,0.694,0.788,0.735,1.0,0.705,0.787,0.596,0.833,0.754,0.779,0.88,0.695,0.88,0.726,0.667
12,B1_2,0.723,0.866,0.828,0.863,0.705,1.0,0.818,0.621,0.709,0.662,0.695,0.667,0.766,0.823,0.844,0.768
12,B1_3,0.708,0.803,0.775,0.825,0.787,0.818,1.0,0.731,0.768,0.736,0.677,0.835,0.756,0.818,0.806,0.829
12,A2_1,0.821,0.71,0.641,0.759,0.596,0.621,0.731,1.0,0.746,0.631,0.505,0.587,0.62,0.617,0.554,0.802
12,A2_2,0.833,0.77,0.692,0.874,0.833,0.709,0.768,0.746,1.0,0.812,0.799,0.772,0.779,0.841,0.726,0.756
12,A2_3,0.796,0.764,0.743,0.823,0.754,0.662,0.736,0.631,0.812,1.0,0.689,0.739,0.793,0.806,0.785,0.625
12,B2_1,0.655,0.664,0.608,0.687,0.779,0.695,0.677,0.505,0.799,0.689,1.0,0.827,0.644,0.737,0.648,0.551
12,B2_2,0.734,0.662,0.699,0.713,0.88,0.667,0.835,0.587,0.772,0.739,0.827,1.0,0.664,0.797,0.735,0.629
12,B2_3,0.711,0.752,0.731,0.807,0.695,0.766,0.756,0.62,0.779,0.793,0.644,0.664,1.0,0.739,0.817,0.705
12,y1,0.814,0.828,0.905,0.847,0.88,0.823,0.818,0.617,0.841,0.806,0.737,0.797,0.739,1.0,0.759,0.741
12,y2,0.745,0.812,0.688,0.873,0.726,0.844,0.806,0.554,0.726,0.785,0.648,0.735,0.817,0.759,1.0,0.635
12,y3,0.699,0.739,0.769,0.796,0.667,0.768,0.829,0.802,0.756,0.625,0.551,0.629,0.705,0.741,0.635,1.0
13,.,1.0,0.819,0.754,0.849,0.752,0.717,0.701,0.822,0.83,0.793,0.648,0.724,0.703,0.805,0.738,0.695
13,A1_1,0.819,1.0,0.816,0.869,0.694,0.864,0.803,0.712,0.774,0.767,0.663,0.661,0.753,0.826,0.812,0.741
13,A1_2,0.754,0.816,1.0,0.761,0.789,0.83,0.777,0.639,0.694,0.744,0.611,0.7,0.734,0.905,0.691,0.772
13,A1_3,0.849,0.869,0.761,1.0,0.732,0.862,0.823,0.759,0.874,0.824,0.684,0.708,0.805,0.844,0.872,0.796
13,B1_1,0.752,0.694,0.789,0.732,1.0,0.712,0.794,0.589,0.832,0.752,0.789,0.884,0.704,0.879,0.731,0.668
13,B1_2,0.717,0.864,0.83,0.862,0.712,1.0,0.823,0.615,0.712,0.665,0.702,0.675,0.771,0.825,0.848,0.768
13,B1_3,0.701,0.803,0.777,0.823,0.794,0.823,1.0,0.722,0.771,0.737,0.69,0.84,0.763,0.82,0.811,0.829
13,A2_1,0.822,0.712,0.639,0.759,0.589,0.615,0.722,1.0,0.746,0.632,0.501,0.579,0.615,0.611,0.551,0.798
13,A2_2,0.83,0.774,0.694,0.874,0.832,0.712,0.771,0.746,1.0,0.813,0.798,0.771,0.782,0.838,0.728,0.757
13,A2_3,0.793,0.767,0.744,0.824,0.752,0.665,0.737,0.632,0.813,1.0,0.689,0.737,0.794,0.805,0.786,0.628
13,B2_1,0.648,0.663,0.611,0.684,0.789,0.702,0.69,0.501,0.798,0.689,1.0,0.835,0.656,0.738,0.657,0.553
13,B2_2,0.724,0.661,0.7,0.708,0.884,0.675,0.84,0.579,0.771,0.737,0.835,1.0,0.673,0.796,0.739,0.629
13,B2_3,0.703,0.753,0.734,0.805,0.704,0.771,0.763,0.615,0.782,0.794,0.656,0.673,1.0,0.74,0.82,0.707
13,y1,0.805,0.826,0.905,0.844,0.879,0.825,0.82,0.611,0.838,0.805,0.738,0.796,0.74,1.0,0.761,0.741
13,y2,0.738,0.812,0.691,0.872,0.731,0.848,0.811,0.551,0.728,0.786,0.657,0.739,0.82,0.761,1.0,0.637
13,y3,0.695,0.741,0.772,0.796,0.668,0.768,0.829,0.798,0.757,0.628,0.553,0.629,0.707,0.741,0.637,1.0
14,.,1.0,0.817,0.748,0.845,0.74,0.708,0.691,0.822,0.826,0.789,0.638,0.713,0.694,0.795,0.73,0.689
14,A1_1,0.817,1.0,0.815,0.871,0.692,0.862,0.801,0.713,0.777,0.769,0.661,0.659,0.752,0.823,0.812,0.742
14,A1_2,0.748,0.815,1.0,0.76,0.789,0.831,0.779,0.637,0.694,0.743,0.613,0.699,0.735,0.904,0.694,0.774
14,A1_3,0.845,0.871,0.76,1.0,0.726,0.859,0.82,0.759,0.873,0.823,0.678,0.701,0.802,0.84,0.87,0.796
14,B1_1,0.74,0.692,0.789,0.726,1.0,0.719,0.8,0.58,0.829,0.749,0.797,0.887,0.711,0.878,0.735,0.668
14,B1_2,0.708,0.862,0.831,0.859,0.719,1.0,0.828,0.608,0.713,0.667,0.708,0.681,0.776,0.826,0.852,0.768
14,B1_3,0.691,0.801,0.779,0.82,0.8,0.828,1.0,0.712,0.772,0.737,0.701,0.844,0.77,0.821,0.814,0.827
14,A2_1,0.822,0.713,0.637,0.759,0.58,0.608,0.712,1.0,0.745,0.632,0.493,0.568,0.609,0.602,0.545,0.793
14,A2_2,0.826,0.777,0.694,0.873,0.829,0.713,0.772,0.745,1.0,0.813,0.796,0.768,0.784,0.835,0.729,0.757
14,A2_3,0.789,0.769,0.743,0.823,0.749,0.667,0.737,0.632,0.813,1.0,0.688,0.732,0.793,0.803,0.786,0.628
14,B2_1,0.638,0.661,0.613,0.678,0.797,0.708,0.701,0.493,0.796,0.688,1.0,0.843,0.667,0.738,0.664,0.552
14,B2_2,0.713,0.659,0.699,0.701,0.887,0.681,0.844,0.568,0.768,0.732,0.843,1.0,0.681,0.795,0.742,0.626
14,B2_3,0.694,0.752,0.735,0.802,0.711,0.776,0.77,0.609,0.784,0.793,0.667,0.681,1.0,0.741,0.823,0.708
14,y1,0.795,0.823,0.904,0.84,0.878,0.826,0.821,0.602,0.835,0.803,0.738,0.795,0.741,1.0,0.762,0.741
14,y2,0.73,0.812,0.694,0.87,0.735,0.852,0.814,0.545,0.729,0.786,0.664,0.742,0.823,0.762,1.0,0.638
14,y3,0.689,0.742,0.774,0.796,0.668,0.768,0.827,0.793,0.757,0.628,0.552,0.626,0.708,0.741,0.638,1.0
15,.,1.0,0.813,0.742,0.84,0.726,0.698,0.681,0.821,0.821,0.784,0.625,0.7,0.682,0.784,0.72,0.682
15,A1_1,0.813,1.0,0.815,0.873,0.69,0.859,0.8,0.713,0.779,0.771,0.657,0.655,0.751,0.82,0.81,0.741
15,A1_2,0.742,0.815,1.0,0.758,0.788,0.831,0.779,0.633,0.694,0.742,0.612,0.697,0.735,0.903,0.695,0.775
15,A1_3,0.84,0.873,0.758,1.0,0.72,0.855,0.816,0.758,0.872,0.823,0.671,0.692,0.798,0.835,0.867,0.794
15,B1_1,0.726,0.69,0.788,0.72,1.0,0.725,0.805,0.569,0.826,0.745,0.804,0.89,0.718,0.876,0.738,0.666
15,B1_2,0.698,0.859,0.831,0.855,0.725,1.0,0.832,0.599,0.713,0.667,0.713,0.687,0.78,0.827,0.855,0.766
15,B1_3,0.681,0.8,0.779,0.816,0.805,0.832,1.0,0.7,0.772,0.736,0.711,0.847,0.775,0.821,0.817,0.825
15,A2_1,0.821,0.713,0.633,0.758,0.569,0.599,0.7,1.0,0.744,0.631,0.483,0.555,0.601,0.593,0.538,0.788
15,A2_2,0.821,0.779,0.694,0.872,0.826,0.713,0.772,0.744,1.0,0.813,0.792,0.764,0.784,0.832,0.729,0.757
15,A2_3,0.784,0.771,0.742,0.823,0.745,0.667,0.736,0.631,0.813,1.0,0.684,0.727,0.791,0.8,0.785,0.628
15,B2_1,0.625,0.657,0.612,0.671,0.804,0.713,0.711,0.483,0.792,0.684,1.0,0.85,0.676,0.737,0.671,0.55
15,B2_2,0.7,0.655,0.697,0.692,0.89,0.687,0.847,0.555,0.764,0.727,0.85,1.0,0.688,0.792,0.744,0.622
15,B2_3,0.682,0.751,0.735,0.798,0.718,0.78,0.775,0.601,0.784,0.791,0.676,0.688,1.0,0.741,0.826,0.707
15,y1,0.784,0.82,0.903,0.835,0.876,0.827,0.821,0.593,0.832,0.8,0.737,0.792,0.741,1.0,0.763,0.739
15,y2,0.72,0.81,0.695,0.867,0.738,0.855,0.817,0.538,0.729,0.785,0.671,0.744,0.826,0.763,1.0,0.637
15,y3,0.682,0.741,0.775,0.794,0.666,0.766,0.825,0.788,0.757,0.628,0.55,0.622,0.707,0.739,0.637,1.0
16,.,1.0,0.809,0.734,0.834,0.71,0.685,0.667,0.82,0.816,0.778,0.61,0.684,0.669,0.771,0.708,0.672
16,A1_1,0.809,1.0,0.814,0.874,0.686,0.855,0.796,0.712,0.78,0.772,0.651,0.65,0.748,0.816,0.808,0.74
16,A1_2,0.734,0.814,1.0,0.756,0.785,0.831,0.778,0.629,0.693,0.74,0.611,0.694,0.734,0.902,0.696,0.776
16,A1_3,0.834,0.874,0.756,1.0,0.711,0.85,0.81,0.756,0.871,0.822,0.661,0.682,0.792,0.83,0.863,0.792
16,B1_1,0.71,0.686,0.785,0.711,1.0,0.73,0.81,0.555,0.821,0.739,0.81,0.893,0.723,0.874,0.741,0.663
16,B1_2,0.685,0.855,0.831,0.85,0.73,1.0,0.836,0.588,0.711,0.666,0.717,0.692,0.783,0.827,0.858,0.763
16,B1_3,0.667,0.796,0.778,0.81,0.81,0.836,1.0,0.686,0.77,0.733,0.72,0.85,0.78,0.821,0.82,0.821
16,A2_1,0.82,0.712,0.629,0.756,0.555,0.588,0.686,1.0,0.742,0.629,0.47,0.539,0.591,0.582,0.529,0.782
16,A2_2,0.816,0.78,0.693,0.871,0.821,0.711,0.77,0.742,1.0,0.812,0.787,0.759,0.783,0.828,0.727,0.755
16,A2_3,0.778,0.772,0.74,0.822,0.739,0.666,0.733,0.629,0.812,1.0,0.679,0.719,0.788,0.797,0.783,0.626
16,B2_1,0.61,0.651,0.611,0.661,0.81,0.717,0.72,0.47,0.787,0.679,1.0,0.857,0.684,0.734,0.676,0.546
16,B2_2,0.684,0.65,0.694,0.682,0.893,0.692,0.85,0.539,0.759,0.719,0.857,1.0,0.694,0.789,0.746,0.617
16,B2_3,0.669,0.748,0.734,0.792,0.723,0.783,0.78,0.591,0.783,0.788,0.684,0.694,1.0,0.741,0.827,0.706
16,y1,0.771,0.816,0.902,0.83,0.874,0.827,0.821,0.582,0.828,0.797,0.734,0.789,0.741,1.0,0.763,0.737
16,y2,0.708,0.808,0.696,0.863,0.741,0.858,0.82,0.529,0.727,0.783,0.676,0.746,0.827,0.763,1.0,0.636
16,y3,0.672,0.74,0.776,0.792,0.663,0.763,0.821,0.782,0.755,0.626,0.546,0.617,0.706,0.737,0.636,1.0
17,.,1.0,0.804,0.725,0.828,0.692,0.67,0.651,0.818,0.81,0.771,0.593,0.666,0.653,0.757,0.695,0.661
17,A1_1,0.804,1.0,0.812,0.875,0.681,0.85,0.792,0.711,0.781,0.772,0.644,0.643,0.744,0.812,0.805,0.739
17,A1_2,0.725,0.812,1.0,0.752,0.783,0.829,0.776,0.623,0.691,0.737,0.607,0.689,0.733,0.9,0.695,0.776
17,A1_3,0.828,0.875,0.752,1.0,0.701,0.843,0.802,0.755,0.869,0.82,0.649,0.669,0.785,0.824,0.857,0.789
17,B1_1,0.692,0.681,0.783,0.701,1.0,0.735,0.814,0.54,0.815,0.732,0.816,0.895,0.728,0.872,0.743,0.659
17,B1_2,0.67,0.85,0.829,0.843,0.735,1.0,0.839,0.574,0.708,0.662,0.721,0.696,0.786,0.826,0.86,0.76
17,B1_3,0.651,0.792,0.776,0.802,0.814,0.839,1.0,0.67,0.767,0.728,0.729,0.853,0.785,0.819,0.822,0.816
17,A2_1,0.818,0.711,0.623,0.755,0.54,0.574,0.67,1.0,0.739,0.627,0.455,0.522,0.579,0.569,0.518,0.774
17,A2_2,0.81,0.781,0.691,0.869,0.815,0.708,0.767,0.739,1.0,0.811,0.78,0.751,0.781,0.823,0.724,0.753
17,A2_3,0.771,0.772,0.737,0.82,0.732,0.662,0.728,0.627,0.811,1.0,0.671,0.71,0.784,0.792,0.779,0.623
17,B2_1,0.593,0.644,0.607,0.649,0.816,0.721,0.729,0.455,0.78,0.671,1.0,0.863,0.691,0.731,0.68,0.54
17,B2_2,0.666,0.643,0.689,0.669,0.895,0.696,0.853,0.522,0.751,0.71,0.863,1.0,0.7,0.785,0.747,0.609
17,B2_3,0.653,0.744,0.733,0.785,0.728,0.786,0.785,0.579,0.781,0.784,0.691,0.7,1.0,0.74,0.829,0.703
17,y1,0.757,0.812,0.9,0.824,0.872,0.826,0.819,0.569,0.823,0.792,0.731,0.785,0.74,1.0,0.762,0.734
17,y2,0.695,0.805,0.695,0.857,0.743,0.86,0.822,0.518,0.724,0.779,0.68,0.747,0.829,0.762,1.0,0.633
17,y3,0.661,0.739,0.776,0.789,0.659,0.76,0.816,0.774,0.753,0.623,0.54,0.609,0.703,0.734,0.633,1.0
18,.,1.0,0.799,0.715,0.821,0.671,0.653,0.632,0.817,0.802,0.764,0.572,0.645,0.635,0.741,0.68,0.649
18,A1_1,0.799,1.0,0.81,0.875,0.675,0.844,0.787,0.709,0.781,0.772,0.635,0.634,0.739,0.808,0.801,0.736
18,A1_2,0.715,0.81,1.0,0.749,0.778,0.827,0.773,0.617,0.688,0.734,0.601,0.682,0.73,0.898,0.693,0.775
18,A1_3,0.821,0.875,0.749,1.0,0.689,0.835,0.793,0.752,0.867,0.818,0.636,0.654,0.776,0.817,0.851,0.786
18,B1_1,0.671,0.675,0.778,0.689,1.0,0.739,0.819,0.523,0.808,0.724,0.821,0.897,0.733,0.869,0.745,0.654
18,B1_2,0.653,0.844,0.827,0.835,0.739,1.0,0.842,0.559,0.703,0.658,0.724,0.7,0.788,0.825,0.862,0.755
18,B1_3,0.632,0.787,0.773,0.793,0.819,0.842,1.0,0.653,0.763,0.722,0.736,0.856,0.789,0.818,0.824,0.81
18,A2_1,0.817,0.709,0.617,0.752,0.523,0.559,0.653,1.0,0.736,0.624,0.437,0.502,0.565,0.556,0.505,0.766
18,A2_2,0.802,0.781,0.688,0.867,0.808,0.703,0.763,0.736,1.0,0.809,0.771,0.743,0.778,0.818,0.72,0.75
18,A2_3,0.764,0.772,0.734,0.818,0.724,0.658,0.722,0.624,0.809,1.0,0.662,0.699,0.779,0.787,0.775,0.62
18,B2_1,0.572,0.635,0.601,0.636,0.821,0.724,0.736,0.437,0.771,0.662,1.0,0.869,0.698,0.727,0.684,0.533
18,B2_2,0.645,0.634,0.682,0.654,0.897,0.7,0.856,0.502,0.743,0.699,0.869,1.0,0.705,0.78,0.747,0.6
18,B2_3,0.635,0.739,0.73,0.776,0.733,0.788,0.789,0.565,0.778,0.779,0.698,0.705,1.0,0.738,0.83,0.698
18,y1,0.741,0.808,0.898,0.817,0.869,0.825,0.818,0.556,0.818,0.787,0.727,0.78,0.738,1.0,0.761,0.73
18,y2,0.68,0.801,0.693,0.851,0.745,0.862,0.824,0.505,0.72,0.775,0.684,0.747,0.83,0.761,1.0,0.629
18,y3,0.649,0.736,0.775,0.786,0.654,0.755,0.81,0.766,0.75,0.62,0.533,0.6,0.698,0.73,0.629,1.0
19,.,1.0,0.792,0.704,0.814,0.649,0.633,0.611,0.815,0.795,0.756,0.549,0.621,0.616,0.724,0.663,0.636
19,A1_1,0.792,1.0,0.808,0.875,0.667,0.837,0.78,0.706,0.781,0.772,0.625,0.624,0.734,0.802,0.797,0.733
19,A1_2,0.704,0.808,1.0,0.744,0.773,0.823,0.769,0.611,0.684,0.73,0.594,0.674,0.726,0.895,0.69,0.774
19,A1_3,0.814,0.875,0.744,1.0,0.676,0.826,0.782,0.75,0.865,0.817,0.619,0.637,0.766,0.81,0.843,0.781
19,B1_1,0.649,0.667,0.773,0.676,1.0,0.742,0.822,0.504,0.8,0.714,0.826,0.899,0.737,0.865,0.746,0.647
19,B1_2,0.633,0.837,0.823,0.826,0.742,1.0,0.845,0.541,0.697,0.652,0.727,0.703,0.79,0.824,0.864,0.749
19,B1_3,0.611,0.78,0.769,0.782,0.822,0.845,1.0,0.633,0.757,0.715,0.744,0.858,0.792,0.816,0.825,0.803
19,A2_1,0.815,0.706,0.611,0.75,0.504,0.541,0.633,1.0,0.734,0.621,0.417,0.48,0.549,0.542,0.49,0.757
19,A2_2,0.795,0.781,0.684,0.865,0.8,0.697,0.757,0.734,1.0,0.808,0.761,0.732,0.774,0.813,0.715,0.746
19,A2_3,0.756,0.772,0.73,0.817,0.714,0.652,0.715,0.621,0.808,1.0,0.651,0.686,0.773,0.782,0.77,0.615
19,B2_1,0.549,0.625,0.594,0.619,0.826,0.727,0.744,0.417,0.761,0.651,1.0,0.874,0.703,0.722,0.686,0.523
19,B2_2,0.621,0.624,0.674,0.637,0.899,0.703,0.858,0.48,0.732,0.686,0.874,1.0,0.709,0.774,0.746,0.59
19,B2_3,0.616,0.734,0.726,0.766,0.737,0.79,0.792,0.549,0.774,0.773,0.703,0.709,1.0,0.736,0.831,0.693
19,y1,0.724,0.802,0.895,0.81,0.865,0.824,0.816,0.542,0.813,0.782,0.722,0.774,0.736,1.0,0.759,0.726
19,y2,0.663,0.797,0.69,0.843,0.746,0.864,0.825,0.49,0.715,0.77,0.686,0.746,0.831,0.759,1.0,0.623
19,y3,0.636,0.733,0.774,0.781,0.647,0.749,0.803,0.757,0.746,0.615,0.523,0.59,0.693,0.726,0.623,1.0
20,.,1.0,0.785,0.692,0.806,0.623,0.611,0.587,0.812,0.786,0.748,0.523,0.595,0.593,0.705,0.644,0.621
20,A1_1,0.785,1.0,0.806,0.875,0.658,0.829,0.772,0.704,0.781,0.771,0.613,0.612,0.727,0.796,0.791,0.729
20,A1_2,0.692,0.806,1.0,0.739,0.767,0.819,0.763,0.604,0.68,0.725,0.585,0.664,0.721,0.892,0.686,0.773
20,A1_3,0.806,0.875,0.739,1.0,0.66,0.814,0.768,0.748,0.863,0.815,0.6,0.618,0.754,0.801,0.834,0.777
20,B1_1,0.623,0.658,0.767,0.66,1.0,0.745,0.826,0.483,0.789,0.702,0.831,0.901,0.74,0.861,0.746,0.639
20,B1_2,0.611,0.829,0.819,0.814,0.745,1.0,0.847,0.522,0.69,0.645,0.729,0.706,0.792,0.822,0.865,0.742
20,B1_3,0.587,0.772,0.763,0.768,0.826,0.847,1.0,0.61,0.749,0.705,0.751,0.86,0.796,0.812,0.826,0.795
20,A2_1,0.812,0.704,0.604,0.748,0.483,0.522,0.61,1.0,0.73,0.619,0.394,0.455,0.532,0.526,0.474,0.748
20,A2_2,0.786,0.781,0.68,0.863,0.789,0.69,0.749,0.73,1.0,0.805,0.748,0.719,0.768,0.806,0.709,0.742
20,A2_3,0.748,0.771,0.725,0.815,0.702,0.645,0.705,0.619,0.805,1.0,0.638,0.671,0.765,0.775,0.763,0.61
20,B2_1,0.523,0.613,0.585,0.6,0.831,0.729,0.751,0.394,0.748,0.638,1.0,0.879,0.709,0.716,0.688,0.512
20,B2_2,0.595,0.612,0.664,0.618,0.901,0.706,0.86,0.455,0.719,0.671,0.879,1.0,0.713,0.767,0.745,0.577
20,B2_3,0.593,0.727,0.721,0.754,0.74,0.792,0.796,0.532,0.768,0.765,0.709,0.713,1.0,0.733,0.831,0.687
20,y1,0.705,0.796,0.892,0.801,0.861,0.822,0.812,0.526,0.806,0.775,0.716,0.767,0.733,1.0,0.757,0.722
20,y2,0.644,0.791,0.686,0.834,0.746,0.865,0.826,0.474,0.709,0.763,0.688,0.745,0.831,0.757,1.0,0.617
20,y3,0.621,0.729,0.773,0.777,0.639,0.742,0.795,0.748,0.742,0.61,0.512,0.577,0.687,0.722,0.617,1.0
21,.,1.0,0.777,0.679,0.798,0.595,0.586,0.56,0.81,0.777,0.74,0.494,0.566,0.568,0.684,0.623,0.604
21,A1_1,0.777,1.0,0.803,0.875,0.647,0.82,0.762,0.7,0.78,0.771,0.599,0.599,0.718,0.79,0.784,0.725
21,A1_2,0.679,0.803,1.0,0.733,0.759,0.813,0.756,0.596,0.675,0.72,0.574,0.652,0.715,0.889,0.681,0.771
21,A1_3,0.798,0.875,0.733,1.0,0.642,0.8,0.753,0.746,0.86,0.812,0.579,0.596,0.74,0.792,0.823,0.771
21,B1_1,0.595,0.647,0.759,0.642,1.0,0.748,0.829,0.46,0.778,0.688,0.835,0.902,0.744,0.856,0.746,0.629
21,B1_2,0.586,0.82,0.813,0.8,0.748,1.0,0.85,0.499,0.681,0.635,0.731,0.708,0.793,0.819,0.866,0.734
21,B1_3,0.56,0.762,0.756,0.753,0.829,0.85,1.0,0.586,0.74,0.693,0.757,0.863,0.799,0.809,0.826,0.785
21,A2_1,0.81,0.7,0.596,0.746,0.46,0.499,0.586,1.0,0.727,0.616,0.369,0.429,0.512,0.51,0.456,0.737
21,A2_2,0.777,0.78,0.675,0.86,0.778,0.681,0.74,0.727,1.0,0.803,0.733,0.705,0.761,0.799,0.701,0.737
21,A2_3,0.74,0.771,0.72,0.812,0.688,0.635,0.693,0.616,0.803,1.0,0.622,0.654,0.756,0.767,0.755,0.603
21,B2_1,0.494,0.599,0.574,0.579,0.835,0.731,0.757,0.369,0.733,0.622,1.0,0.884,0.714,0.709,0.689,0.498
21,B2_2,0.566,0.599,0.652,0.596,0.902,0.708,0.863,0.429,0.705,0.654,0.884,1.0,0.716,0.759,0.744,0.563
21,B2_3,0.568,0.718,0.715,0.74,0.744,0.793,0.799,0.512,0.761,0.756,0.714,0.716,1.0,0.73,0.831,0.679
21,y1,0.684,0.79,0.889,0.792,0.856,0.819,0.809,0.51,0.799,0.767,0.709,0.759,0.73,1.0,0.754,0.716
21,y2,0.623,0.784,0.681,0.823,0.746,0.866,0.826,0.456,0.701,0.755,0.689,0.744,0.831,0.754,1.0,0.609
21,y3,0.604,0.725,0.771,0.771,0.629,0.734,0.785,0.737,0.737,0.603,0.498,0.563,0.679,0.716,0.609,1.0
22,.,1.0,0.768,0.664,0.789,0.564,0.557,0.53,0.807,0.767,0.73,0.462,0.534,0.54,0.66,0.599,0.585
22,A1_1,0.768,1.0,0.799,0.874,0.635,0.809,0.751,0.696,0.778,0.769,0.583,0.583,0.708,0.783,0.776,0.72
22,A1_2,0.664,0.799,1.0,0.727,0.749,0.805,0.748,0.588,0.669,0.713,0.561,0.639,0.707,0.884,0.674,0.768
22,A1_3,0.789,0.874,0.727,1.0,0.621,0.784,0.734,0.744,0.857,0.81,0.555,0.571,0.724,0.781,0.81,0.764
22,B1_1,0.564,0.635,0.749,0.621,1.0,0.75,0.832,0.433,0.764,0.672,0.838,0.904,0.746,0.851,0.745,0.617
22,B1_2,0.557,0.809,0.805,0.784,0.75,1.0,0.851,0.473,0.669,0.623,0.733,0.71,0.794,0.816,0.867,0.724
22,B1_3,0.53,0.751,0.748,0.734,0.832,0.851,1.0,0.558,0.729,0.68,0.764,0.865,0.801,0.804,0.825,0.773
22,A2_1,0.807,0.696,0.588,0.744,0.433,0.473,0.558,1.0,0.723,0.612,0.341,0.399,0.489,0.491,0.435,0.726
22,A2_2,0.767,0.778,0.669,0.857,0.764,0.669,0.729,0.723,1.0,0.799,0.716,0.688,0.751,0.79,0.691,0.731
22,A2_3,0.73,0.769,0.713,0.81,0.672,0.623,0.68,0.612,0.799,1.0,0.604,0.634,0.745,0.758,0.745,0.595
22,B2_1,0.462,0.583,0.561,0.555,0.838,0.733,0.764,0.341,0.716,0.604,1.0,0.888,0.718,0.7,0.689,0.483
22,B2_2,0.534,0.583,0.639,0.571,0.904,0.71,0.865,0.399,0.688,0.634,0.888,1.0,0.719,0.75,0.741,0.546
22,B2_3,0.54,0.708,0.707,0.724,0.746,0.794,0.801,0.489,0.751,0.745,0.718,0.719,1.0,0.725,0.83,0.668
22,y1,0.66,0.783,0.884,0.781,0.851,0.816,0.804,0.491,0.79,0.758,0.7,0.75,0.725,1.0,0.749,0.71
22,y2,0.599,0.776,0.674,0.81,0.745,0.867,0.825,0.435,0.691,0.745,0.689,0.741,0.83,0.749,1.0,0.599
22,y3,0.585,0.72,0.768,0.764,0.617,0.724,0.773,0.726,0.731,0.595,0.483,0.546,0.668,0.71,0.599,1.0
23,.,1.0,0.758,0.649,0.78,0.53,0.525,0.496,0.805,0.757,0.72,0.427,0.499,0.508,0.635,0.572,0.565
23,A1_1,0.758,1.0,0.795,0.873,0.62,0.796,0.738,0.692,0.777,0.767,0.565,0.566,0.697,0.774,0.767,0.714
23,A1_2,0.649,0.795,1.0,0.719,0.738,0.796,0.737,0.579,0.663,0.707,0.546,0.623,0.697,0.88,0.666,0.766
23,A1_3,0.78,0.873,0.719,1.0,0.598,0.765,0.713,0.742,0.854,0.807,0.528,0.544,0.704,0.769,0.796,0.757
23,B1_1,0.53,0.62,0.738,0.598,1.0,0.752,0.835,0.404,0.748,0.654,0.842,0.905,0.749,0.844,0.743,0.604
23,B1_2,0.525,0.796,0.796,0.765,0.752,1.0,0.853,0.446,0.655,0.608,0.734,0.712,0.794,0.812,0.867,0.713
23,B1_3,0.496,0.738,0.737,0.713,0.835,0.853,1.0,0.528,0.715,0.664,0.769,0.867,0.804,0.798,0.825,0.76
23,A2_1,0.805,0.692,0.579,0.742,0.404,0.446,0.528,1.0,0.72,0.609,0.311,0.367,0.464,0.471,0.412,0.714
23,A2_2,0.757,0.777,0.663,0.854,0.748,0.655,0.715,0.72,1.0,0.796,0.697,0.668,0.74,0.781,0.679,0.724
23,A2_3,0.72,0.767,0.707,0.807,0.654,0.608,0.664,0.609,0.796,1.0,0.583,0.612,0.731,0.748,0.734,0.586
23,B2_1,0.427,0.565,0.546,0.528,0.842,0.734,0.769,0.311,0.697,0.583,1.0,0.892,0.722,0.69,0.689,0.465
23,B2_2,0.499,0.566,0.623,0.544,0.905,0.712,0.867,0.367,0.668,0.612,0.892,1.0,0.722,0.74,0.738,0.528
23,B2_3,0.508,0.697,0.697,0.704,0.749,0.794,0.804,0.464,0.74,0.731,0.722,0.722,1.0,0.719,0.829,0.657
23,y1,0.635,0.774,0.88,0.769,0.844,0.812,0.798,0.471,0.781,0.748,0.69,0.74,0.719,1.0,0.745,0.703
23,y2,0.572,0.767,0.666,0.796,0.743,0.867,0.825,0.412,0.679,0.734,0.689,0.738,0.829,0.745,1.0,0.588
23,y3,0.565,0.714,0.766,0.757,0.604,0.713,0.76,0.714,0.724,0.586,0.465,0.528,0.657,0.703,0.588,1.0
24,.,1.0,0.748,0.633,0.77,0.493,0.491,0.461,0.802,0.746,0.71,0.39,0.461,0.475,0.609,0.544,0.544
24,A1_1,0.748,1.0,0.792,0.872,0.604,0.782,0.723,0.689,0.775,0.766,0.546,0.547,0.684,0.766,0.758,0.708
24,A1_2,0.633,0.792,1.0,0.712,0.725,0.786,0.725,0.571,0.656,0.7,0.529,0.605,0.686,0.874,0.656,0.763
24,A1_3,0.77,0.872,0.712,1.0,0.572,0.744,0.689,0.74,0.851,0.804,0.498,0.514,0.683,0.757,0.779,0.75
24,B1_1,0.493,0.604,0.725,0.572,1.0,0.754,0.839,0.374,0.73,0.633,0.845,0.907,0.752,0.836,0.741,0.589
24,B1_2,0.491,0.782,0.786,0.744,0.754,1.0,0.855,0.416,0.64,0.593,0.735,0.713,0.794,0.807,0.868,0.7
24,B1_3,0.461,0.723,0.725,0.689,0.839,0.855,1.0,0.496,0.699,0.646,0.775,0.869,0.806,0.792,0.824,0.745
24,A2_1,0.802,0.689,0.571,0.74,0.374,0.416,0.496,1.0,0.717,0.607,0.278,0.333,0.437,0.451,0.388,0.702
24,A2_2,0.746,0.775,0.656,0.851,0.73,0.64,0.699,0.717,1.0,0.792,0.675,0.647,0.727,0.771,0.666,0.717
24,A2_3,0.71,0.766,0.7,0.804,0.633,0.593,0.646,0.607,0.792,1.0,0.56,0.587,0.716,0.737,0.722,0.577
24,B2_1,0.39,0.546,0.529,0.498,0.845,0.735,0.775,0.278,0.675,0.56,1.0,0.896,0.726,0.679,0.688,0.445
24,B2_2,0.461,0.547,0.605,0.514,0.907,0.713,0.869,0.333,0.647,0.587,0.896,1.0,0.724,0.729,0.735,0.508
24,B2_3,0.475,0.684,0.686,0.683,0.752,0.794,0.806,0.437,0.727,0.716,0.726,0.724,1.0,0.713,0.827,0.644
24,y1,0.609,0.766,0.874,0.757,0.836,0.807,0.792,0.451,0.771,0.737,0.679,0.729,0.713,1.0,0.74,0.696
24,y2,0.544,0.758,0.656,0.779,0.741,0.868,0.824,0.388,0.666,0.722,0.688,0.735,0.827,0.74,1.0,0.577
24,y3,0.544,0.708,0.763,0.75,0.589,0.7,0.745,0.702,0.717,0.577,0.445,0.508,0.644,0.696,0.577,1.0
25,.,1.0,0.738,0.619,0.762,0.455,0.456,0.423,0.8,0.736,0.701,0.352,0.422,0.44,0.584,0.516,0.524
25,A1_1,0.738,1.0,0.789,0.871,0.587,0.767,0.707,0.686,0.774,0.765,0.525,0.526,0.669,0.758,0.747,0.702
25,A1_2,0.619,0.789,1.0,0.706,0.711,0.774,0.711,0.565,0.65,0.693,0.51,0.586,0.674,0.869,0.646,0.76
25,A1_3,0.762,0.871,0.706,1.0,0.544,0.721,0.663,0.74,0.848,0.803,0.467,0.482,0.66,0.744,0.762,0.743
25,B1_1,0.455,0.587,0.711,0.544,1.0,0.757,0.842,0.342,0.711,0.611,0.849,0.908,0.755,0.828,0.739,0.573
25,B1_2,0.456,0.767,0.774,0.721,0.757,1.0,0.856,0.386,0.624,0.576,0.737,0.715,0.795,0.802,0.868,0.686
25,B1_3,0.423,0.707,0.711,0.663,0.842,0.856,1.0,0.462,0.682,0.626,0.782,0.871,0.809,0.784,0.823,0.728
25,A2_1,0.8,0.686,0.565,0.74,0.342,0.386,0.462,1.0,0.715,0.606,0.245,0.298,0.409,0.432,0.365,0.69
25,A2_2,0.736,0.774,0.65,0.848,0.711,0.624,0.682,0.715,1.0,0.79,0.651,0.624,0.713,0.761,0.652,0.711
25,A2_3,0.701,0.765,0.693,0.803,0.611,0.576,0.626,0.606,0.79,1.0,0.536,0.561,0.7,0.726,0.709,0.57
25,B2_1,0.352,0.525,0.51,0.467,0.849,0.737,0.782,0.245,0.651,0.536,1.0,0.9,0.73,0.668,0.686,0.425
25,B2_2,0.422,0.526,0.586,0.482,0.908,0.715,0.871,0.298,0.624,0.561,0.9,1.0,0.728,0.716,0.731,0.487
25,B2_3,0.44,0.669,0.674,0.66,0.755,0.795,0.809,0.409,0.713,0.7,0.73,0.728,1.0,0.707,0.826,0.63
25,y1,0.584,0.758,0.869,0.744,0.828,0.802,0.784,0.432,0.761,0.726,0.668,0.716,0.707,1.0,0.734,0.69
25,y2,0.516,0.747,0.646,0.762,0.739,0.868,0.823,0.365,0.652,0.709,0.686,0.731,0.826,0.734,1.0,0.565
25,y3,0.524,0.702,0.76,0.743,0.573,0.686,0.728,0.69,0.711,0.57,0.425,0.487,0.63,0.69,0.565,1.0
26,.,1.0,0.728,0.604,0.753,0.414,0.418,0.383,0.798,0.726,0.692,0.311,0.38,0.402,0.556,0.485,0.502
