,,.,A1_1,A1_2,A1_3,B1_1,B1_2,B1_3,A2_1,A2_2,A2_3,B2_1,B2_2,B2_3,y1,y2,y3
1,.,1.0,-0.028,0.015,0.079,-0.013,-0.199,-0.149,0.259,-0.074,0.045,-0.344,-0.171,0.101,-0.113,-0.073,0.012
1,A1_1,-0.028,1.0,0.171,0.117,-0.219,0.209,-0.099,0.148,-0.3,-0.327,0.063,-0.116,0.232,-0.348,0.173,-0.058
1,A1_2,0.015,0.171,1.0,-0.212,0.018,0.29,-0.097,0.102,0.048,-0.122,-0.097,0.081,0.046,0.03,0.047,0.215
1,A1_3,0.079,0.117,-0.212,1.0,0.005,0.047,-0.052,0.207,0.117,0.056,-0.335,-0.452,-0.117,-0.03,-0.033,0.007
1,B1_1,-0.013,-0.219,0.018,0.005,1.0,-0.382,0.049,-0.034,0.391,0.16,0.032,0.292,-0.082,0.271,0.053,-0.028
1,B1_2,-0.199,0.209,0.29,0.047,-0.382,1.0,-0.103,0.011,-0.163,-0.334,0.254,-0.231,-0.142,-0.068,0.456,0.041
1,B1_3,-0.149,-0.099,-0.097,-0.052,0.049,-0.103,1.0,0.291,0.018,0.165,-0.109,0.335,-0.098,0.014,0.027,0.014
1,A2_1,0.259,0.148,0.102,0.207,-0.034,0.011,0.291,1.0,0.044,-0.216,-0.329,-0.15,-0.125,-0.115,-0.241,0.233
1,A2_2,-0.074,-0.3,0.048,0.117,0.391,-0.163,0.018,0.044,1.0,-0.028,0.035,-0.251,-0.174,0.211,-0.074,0.442
1,A2_3,0.045,-0.327,-0.122,0.056,0.16,-0.334,0.165,-0.216,-0.028,1.0,-0.26,0.16,-0.011,0.309,-0.09,-0.218
1,B2_1,-0.344,0.063,-0.097,-0.335,0.032,0.254,-0.109,-0.329,0.035,-0.26,1.0,0.123,-0.028,-0.204,0.098,-0.114
1,B2_2,-0.171,-0.116,0.081,-0.452,0.292,-0.231,0.335,-0.15,-0.251,0.16,0.123,1.0,0.038,0.034,0.197,-0.124
1,B2_3,0.101,0.232,0.046,-0.117,-0.082,-0.142,-0.098,-0.125,-0.174,-0.011,-0.028,0.038,1.0,-0.296,0.192,0.032
1,y1,-0.113,-0.348,0.03,-0.03,0.271,-0.068,0.014,-0.115,0.211,0.309,-0.204,0.034,-0.296,1.0,-0.233,-0.032
1,y2,-0.073,0.173,0.047,-0.033,0.053,0.456,0.027,-0.241,-0.074,-0.09,0.098,0.197,0.192,-0.233,1.0,-0.028
1,y3,0.012,-0.058,0.215,0.007,-0.028,0.041,0.014,0.233,0.442,-0.218,-0.114,-0.124,0.032,-0.032,-0.028,1.0
2,.,1.0,-0.028,0.015,0.078,-0.013,-0.199,-0.149,0.26,-0.074,0.044,-0.344,-0.171,0.1,-0.114,-0.074,0.012
2,A1_1,-0.028,1.0,0.171,0.117,-0.219,0.209,-0.099,0.148,-0.3,-0.327,0.062,-0.116,0.232,-0.348,0.173,-0.058
2,A1_2,0.015,0.171,1.0,-0.212,0.018,0.29,-0.097,0.102,0.048,-0.123,-0.097,0.08,0.046,0.03,0.047,0.215
2,A1_3,0.078,0.117,-0.212,1.0,0.005,0.047,-0.052,0.208,0.117,0.056,-0.335,-0.452,-0.117,-0.03,-0.033,0.007
2,B1_1,-0.013,-0.219,0.018,0.005,1.0,-0.382,0.049,-0.034,0.391,0.16,0.033,0.292,-0.082,0.271,0.053,-0.027
2,B1_2,-0.199,0.209,0.29,0.047,-0.382,1.0,-0.104,0.011,-0.163,-0.334,0.254,-0.231,-0.142,-0.068,0.456,0.04
2,B1_3,-0.149,-0.099,-0.097,-0.052,0.049,-0.104,1.0,0.291,0.018,0.165,-0.109,0.335,-0.098,0.014,0.026,0.014
2,A2_1,0.26,0.148,0.102,0.208,-0.034,0.011,0.291,1.0,0.044,-0.216,-0.329,-0.15,-0.125,-0.116,-0.241,0.233
2,A2_2,-0.074,-0.3,0.048,0.117,0.391,-0.163,0.018,0.044,1.0,-0.027,0.035,-0.251,-0.174,0.21,-0.074,0.442
2,A2_3,0.044,-0.327,-0.123,0.056,0.16,-0.334,0.165,-0.216,-0.027,1.0,-0.26,0.16,-0.011,0.309,-0.089,-0.218
2,B2_1,-0.344,0.062,-0.097,-0.335,0.033,0.254,-0.109,-0.329,0.035,-0.26,1.0,0.123,-0.028,-0.204,0.098,-0.114
2,B2_2,-0.171,-0.116,0.08,-0.452,0.292,-0.231,0.335,-0.15,-0.251,0.16,0.123,1.0,0.038,0.034,0.197,-0.124
2,B2_3,0.1,0.232,0.046,-0.117,-0.082,-0.142,-0.098,-0.125,-0.174,-0.011,-0.028,0.038,1.0,-0.296,0.192,0.032
2,y1,-0.114,-0.348,0.03,-0.03,0.271,-0.068,0.014,-0.116,0.21,0.309,-0.204,0.034,-0.296,1.0,-0.233,-0.032
2,y2,-0.074,0.173,0.047,-0.033,0.053,0.456,0.026,-0.241,-0.074,-0.089,0.098,0.197,0.192,-0.233,1.0,-0.028
2,y3,0.012,-0.058,0.215,0.007,-0.027,0.04,0.014,0.233,0.442,-0.218,-0.114,-0.124,0.032,-0.032,-0.028,1.0
3,.,1.0,-0.028,0.014,0.078,-0.014,-0.199,-0.149,0.261,-0.074,0.044,-0.343,-0.171,0.099,-0.114,-0.074,0.013
3,A1_1,-0.028,1.0,0.171,0.117,-0.219,0.209,-0.099,0.148,-0.299,-0.327,0.062,-0.117,0.232,-0.348,0.173,-0.058
3,A1_2,0.014,0.171,1.0,-0.212,0.018,0.291,-0.097,0.102,0.048,-0.123,-0.098,0.08,0.046,0.031,0.048,0.216
3,A1_3,0.078,0.117,-0.212,1.0,0.005,0.047,-0.052,0.208,0.118,0.056,-0.335,-0.452,-0.117,-0.031,-0.032,0.007
3,B1_1,-0.014,-0.219,0.018,0.005,1.0,-0.382,0.049,-0.035,0.391,0.16,0.033,0.292,-0.082,0.271,0.054,-0.027
3,B1_2,-0.199,0.209,0.291,0.047,-0.382,1.0,-0.104,0.011,-0.163,-0.334,0.254,-0.231,-0.142,-0.068,0.456,0.04
3,B1_3,-0.149,-0.099,-0.097,-0.052,0.049,-0.104,1.0,0.29,0.018,0.165,-0.109,0.335,-0.098,0.014,0.026,0.014
3,A2_1,0.261,0.148,0.102,0.208,-0.035,0.011,0.29,1.0,0.044,-0.216,-0.329,-0.151,-0.126,-0.116,-0.241,0.232
3,A2_2,-0.074,-0.299,0.048,0.118,0.391,-0.163,0.018,0.044,1.0,-0.027,0.035,-0.251,-0.174,0.21,-0.074,0.442
3,A2_3,0.044,-0.327,-0.123,0.056,0.16,-0.334,0.165,-0.216,-0.027,1.0,-0.261,0.159,-0.011,0.309,-0.089,-0.218
3,B2_1,-0.343,0.062,-0.098,-0.335,0.033,0.254,-0.109,-0.329,0.035,-0.261,1.0,0.124,-0.027,-0.204,0.098,-0.114
3,B2_2,-0.171,-0.117,0.08,-0.452,0.292,-0.231,0.335,-0.151,-0.251,0.159,0.124,1.0,0.038,0.035,0.197,-0.124
3,B2_3,0.099,0.232,0.046,-0.117,-0.082,-0.142,-0.098,-0.126,-0.174,-0.011,-0.027,0.038,1.0,-0.296,0.192,0.032
3,y1,-0.114,-0.348,0.031,-0.031,0.271,-0.068,0.014,-0.116,0.21,0.309,-0.204,0.035,-0.296,1.0,-0.233,-0.032
3,y2,-0.074,0.173,0.048,-0.032,0.054,0.456,0.026,-0.241,-0.074,-0.089,0.098,0.197,0.192,-0.233,1.0,-0.028
3,y3,0.013,-0.058,0.216,0.007,-0.027,0.04,0.014,0.232,0.442,-0.218,-0.114,-0.124,0.032,-0.032,-0.028,1.0
4,.,1.0,-0.028,0.014,0.077,-0.014,-0.199,-0.149,0.261,-0.074,0.043,-0.343,-0.171,0.098,-0.114,-0.075,0.013
4,A1_1,-0.028,1.0,0.171,0.118,-0.219,0.208,-0.099,0.148,-0.299,-0.327,0.062,-0.117,0.232,-0.348,0.173,-0.058
4,A1_2,0.014,0.171,1.0,-0.212,0.018,0.291,-0.097,0.102,0.048,-0.123,-0.098,0.08,0.046,0.031,0.048,0.216
4,A1_3,0.077,0.118,-0.212,1.0,0.005,0.047,-0.052,0.208,0.118,0.056,-0.335,-0.452,-0.117,-0.031,-0.032,0.007
4,B1_1,-0.014,-0.219,0.018,0.005,1.0,-0.382,0.049,-0.035,0.39,0.16,0.033,0.293,-0.082,0.271,0.054,-0.027
4,B1_2,-0.199,0.208,0.291,0.047,-0.382,1.0,-0.104,0.01,-0.163,-0.334,0.254,-0.23,-0.143,-0.068,0.456,0.04
4,B1_3,-0.149,-0.099,-0.097,-0.052,0.049,-0.104,1.0,0.29,0.018,0.165,-0.108,0.336,-0.098,0.014,0.027,0.014
4,A2_1,0.261,0.148,0.102,0.208,-0.035,0.01,0.29,1.0,0.045,-0.216,-0.33,-0.151,-0.126,-0.116,-0.241,0.232
4,A2_2,-0.074,-0.299,0.048,0.118,0.39,-0.163,0.018,0.045,1.0,-0.027,0.035,-0.251,-0.174,0.21,-0.074,0.442
4,A2_3,0.043,-0.327,-0.123,0.056,0.16,-0.334,0.165,-0.216,-0.027,1.0,-0.261,0.159,-0.011,0.309,-0.089,-0.217
4,B2_1,-0.343,0.062,-0.098,-0.335,0.033,0.254,-0.108,-0.33,0.035,-0.261,1.0,0.124,-0.027,-0.204,0.098,-0.115
4,B2_2,-0.171,-0.117,0.08,-0.452,0.293,-0.23,0.336,-0.151,-0.251,0.159,0.124,1.0,0.038,0.035,0.197,-0.124
4,B2_3,0.098,0.232,0.046,-0.117,-0.082,-0.143,-0.098,-0.126,-0.174,-0.011,-0.027,0.038,1.0,-0.295,0.193,0.032
4,y1,-0.114,-0.348,0.031,-0.031,0.271,-0.068,0.014,-0.116,0.21,0.309,-0.204,0.035,-0.295,1.0,-0.233,-0.033
4,y2,-0.075,0.173,0.048,-0.032,0.054,0.456,0.027,-0.241,-0.074,-0.089,0.098,0.197,0.193,-0.233,1.0,-0.028
4,y3,0.013,-0.058,0.216,0.007,-0.027,0.04,0.014,0.232,0.442,-0.217,-0.115,-0.124,0.032,-0.033,-0.028,1.0
5,.,1.0,-0.028,0.014,0.077,-0.015,-0.199,-0.149,0.262,-0.074,0.043,-0.342,-0.171,0.098,-0.115,-0.076,0.014
5,A1_1,-0.028,1.0,0.171,0.118,-0.219,0.208,-0.1,0.148,-0.299,-0.327,0.061,-0.118,0.231,-0.347,0.173,-0.058
5,A1_2,0.014,0.171,1.0,-0.212,0.018,0.291,-0.097,0.102,0.048,-0.123,-0.098,0.079,0.046,0.031,0.049,0.216
5,A1_3,0.077,0.118,-0.212,1.0,0.005,0.048,-0.052,0.208,0.118,0.056,-0.335,-0.452,-0.117,-0.031,-0.032,0.007
5,B1_1,-0.015,-0.219,0.018,0.005,1.0,-0.382,0.049,-0.035,0.39,0.16,0.034,0.293,-0.082,0.272,0.054,-0.027
5,B1_2,-0.199,0.208,0.291,0.048,-0.382,1.0,-0.104,0.01,-0.163,-0.333,0.254,-0.23,-0.143,-0.068,0.456,0.04
5,B1_3,-0.149,-0.1,-0.097,-0.052,0.049,-0.104,1.0,0.29,0.018,0.165,-0.108,0.336,-0.098,0.014,0.027,0.014
5,A2_1,0.262,0.148,0.102,0.208,-0.035,0.01,0.29,1.0,0.045,-0.215,-0.33,-0.152,-0.126,-0.117,-0.241,0.232
5,A2_2,-0.074,-0.299,0.048,0.118,0.39,-0.163,0.018,0.045,1.0,-0.027,0.035,-0.252,-0.174,0.21,-0.074,0.442
5,A2_3,0.043,-0.327,-0.123,0.056,0.16,-0.333,0.165,-0.215,-0.027,1.0,-0.261,0.158,-0.011,0.309,-0.089,-0.217
5,B2_1,-0.342,0.061,-0.098,-0.335,0.034,0.254,-0.108,-0.33,0.035,-0.261,1.0,0.125,-0.027,-0.204,0.098,-0.115
5,B2_2,-0.171,-0.118,0.079,-0.452,0.293,-0.23,0.336,-0.152,-0.252,0.158,0.125,1.0,0.039,0.035,0.197,-0.124
5,B2_3,0.098,0.231,0.046,-0.117,-0.082,-0.143,-0.098,-0.126,-0.174,-0.011,-0.027,0.039,1.0,-0.295,0.193,0.032
5,y1,-0.115,-0.347,0.031,-0.031,0.272,-0.068,0.014,-0.117,0.21,0.309,-0.204,0.035,-0.295,1.0,-0.233,-0.033
5,y2,-0.076,0.173,0.049,-0.032,0.054,0.456,0.027,-0.241,-0.074,-0.089,0.098,0.197,0.193,-0.233,1.0,-0.028
5,y3,0.014,-0.058,0.216,0.007,-0.027,0.04,0.014,0.232,0.442,-0.217,-0.115,-0.124,0.032,-0.033,-0.028,1.0
6,.,1.0,-0.028,0.014,0.076,-0.015,-0.199,-0.149,0.262,-0.074,0.042,-0.342,-0.171,0.097,-0.115,-0.076,0.014
6,A1_1,-0.028,1.0,0.171,0.118,-0.22,0.208,-0.1,0.149,-0.298,-0.326,0.061,-0.118,0.231,-0.347,0.173,-0.058
6,A1_2,0.014,0.171,1.0,-0.212,0.018,0.291,-0.097,0.102,0.048,-0.123,-0.098,0.079,0.046,0.032,0.049,0.217
6,A1_3,0.076,0.118,-0.212,1.0,0.005,0.048,-0.052,0.209,0.118,0.056,-0.335,-0.452,-0.116,-0.031,-0.032,0.007
6,B1_1,-0.015,-0.22,0.018,0.005,1.0,-0.382,0.049,-0.036,0.39,0.16,0.035,0.294,-0.082,0.272,0.054,-0.027
6,B1_2,-0.199,0.208,0.291,0.048,-0.382,1.0,-0.103,0.01,-0.163,-0.333,0.254,-0.229,-0.143,-0.068,0.456,0.04
6,B1_3,-0.149,-0.1,-0.097,-0.052,0.049,-0.103,1.0,0.289,0.018,0.165,-0.108,0.336,-0.098,0.014,0.027,0.014
6,A2_1,0.262,0.149,0.102,0.209,-0.036,0.01,0.289,1.0,0.045,-0.215,-0.33,-0.152,-0.126,-0.117,-0.242,0.232
6,A2_2,-0.074,-0.298,0.048,0.118,0.39,-0.163,0.018,0.045,1.0,-0.027,0.034,-0.252,-0.174,0.209,-0.074,0.442
6,A2_3,0.042,-0.326,-0.123,0.056,0.16,-0.333,0.165,-0.215,-0.027,1.0,-0.261,0.158,-0.011,0.309,-0.088,-0.217
6,B2_1,-0.342,0.061,-0.098,-0.335,0.035,0.254,-0.108,-0.33,0.034,-0.261,1.0,0.126,-0.027,-0.204,0.098,-0.115
6,B2_2,-0.171,-0.118,0.079,-0.452,0.294,-0.229,0.336,-0.152,-0.252,0.158,0.126,1.0,0.039,0.035,0.197,-0.124
6,B2_3,0.097,0.231,0.046,-0.116,-0.082,-0.143,-0.098,-0.126,-0.174,-0.011,-0.027,0.039,1.0,-0.295,0.193,0.033
6,y1,-0.115,-0.347,0.032,-0.031,0.272,-0.068,0.014,-0.117,0.209,0.309,-0.204,0.035,-0.295,1.0,-0.233,-0.033
6,y2,-0.076,0.173,0.049,-0.032,0.054,0.456,0.027,-0.242,-0.074,-0.088,0.098,0.197,0.193,-0.233,1.0,-0.028
6,y3,0.014,-0.058,0.217,0.007,-0.027,0.04,0.014,0.232,0.442,-0.217,-0.115,-0.124,0.033,-0.033,-0.028,1.0
7,.,1.0,-0.027,0.013,0.075,-0.016,-0.199,-0.149,0.263,-0.074,0.041,-0.342,-0.171,0.096,-0.116,-0.077,0.014
7,A1_1,-0.027,1.0,0.171,0.118,-0.22,0.208,-0.1,0.149,-0.298,-0.326,0.061,-0.119,0.231,-0.347,0.173,-0.058
7,A1_2,0.013,0.171,1.0,-0.212,0.018,0.291,-0.097,0.102,0.048,-0.123,-0.099,0.079,0.046,0.032,0.049,0.217
7,A1_3,0.075,0.118,-0.212,1.0,0.005,0.048,-0.052,0.209,0.119,0.057,-0.335,-0.452,-0.116,-0.031,-0.032,0.007
7,B1_1,-0.016,-0.22,0.018,0.005,1.0,-0.382,0.049,-0.036,0.389,0.16,0.035,0.295,-0.082,0.272,0.054,-0.027
7,B1_2,-0.199,0.208,0.291,0.048,-0.382,1.0,-0.103,0.01,-0.163,-0.333,0.254,-0.228,-0.143,-0.068,0.456,0.039
7,B1_3,-0.149,-0.1,-0.097,-0.052,0.049,-0.103,1.0,0.289,0.018,0.164,-0.107,0.337,-0.098,0.014,0.027,0.014
7,A2_1,0.263,0.149,0.102,0.209,-0.036,0.01,0.289,1.0,0.046,-0.215,-0.33,-0.153,-0.127,-0.118,-0.242,0.231
7,A2_2,-0.074,-0.298,0.048,0.119,0.389,-0.163,0.018,0.046,1.0,-0.027,0.034,-0.252,-0.174,0.209,-0.074,0.442
7,A2_3,0.041,-0.326,-0.123,0.057,0.16,-0.333,0.164,-0.215,-0.027,1.0,-0.261,0.157,-0.011,0.309,-0.088,-0.217
7,B2_1,-0.342,0.061,-0.099,-0.335,0.035,0.254,-0.107,-0.33,0.034,-0.261,1.0,0.127,-0.027,-0.204,0.098,-0.116
7,B2_2,-0.171,-0.119,0.079,-0.452,0.295,-0.228,0.337,-0.153,-0.252,0.157,0.127,1.0,0.04,0.035,0.197,-0.124
7,B2_3,0.096,0.231,0.046,-0.116,-0.082,-0.143,-0.098,-0.127,-0.174,-0.011,-0.027,0.04,1.0,-0.294,0.194,0.033
7,y1,-0.116,-0.347,0.032,-0.031,0.272,-0.068,0.014,-0.118,0.209,0.309,-0.204,0.035,-0.294,1.0,-0.233,-0.033
7,y2,-0.077,0.173,0.049,-0.032,0.054,0.456,0.027,-0.242,-0.074,-0.088,0.098,0.197,0.194,-0.233,1.0,-0.029
7,y3,0.014,-0.058,0.217,0.007,-0.027,0.039,0.014,0.231,0.442,-0.217,-0.116,-0.124,0.033,-0.033,-0.029,1.0
8,.,1.0,-0.027,0.013,0.075,-0.017,-0.199,-0.149,0.263,-0.074,0.041,-0.341,-0.172,0.095,-0.117,-0.078,0.014
8,A1_1,-0.027,1.0,0.171,0.119,-0.22,0.207,-0.101,0.149,-0.298,-0.326,0.06,-0.119,0.23,-0.347,0.173,-0.057
8,A1_2,0.013,0.171,1.0,-0.212,0.017,0.29,-0.097,0.102,0.048,-0.123,-0.099,0.078,0.046,0.032,0.05,0.218
8,A1_3,0.075,0.119,-0.212,1.0,0.005,0.048,-0.052,0.21,0.119,0.057,-0.335,-0.453,-0.116,-0.031,-0.032,0.007
8,B1_1,-0.017,-0.22,0.017,0.005,1.0,-0.381,0.05,-0.037,0.389,0.159,0.036,0.295,-0.082,0.272,0.055,-0.027
8,B1_2,-0.199,0.207,0.29,0.048,-0.381,1.0,-0.103,0.01,-0.163,-0.333,0.254,-0.228,-0.143,-0.068,0.457,0.039
8,B1_3,-0.149,-0.101,-0.097,-0.052,0.05,-0.103,1.0,0.288,0.018,0.164,-0.107,0.337,-0.098,0.014,0.027,0.014
8,A2_1,0.263,0.149,0.102,0.21,-0.037,0.01,0.288,1.0,0.046,-0.214,-0.331,-0.153,-0.127,-0.118,-0.242,0.231
8,A2_2,-0.074,-0.298,0.048,0.119,0.389,-0.163,0.018,0.046,1.0,-0.027,0.034,-0.252,-0.174,0.209,-0.074,0.442
8,A2_3,0.041,-0.326,-0.123,0.057,0.159,-0.333,0.164,-0.214,-0.027,1.0,-0.261,0.157,-0.011,0.31,-0.088,-0.216
8,B2_1,-0.341,0.06,-0.099,-0.335,0.036,0.254,-0.107,-0.331,0.034,-0.261,1.0,0.127,-0.026,-0.204,0.098,-0.116
8,B2_2,-0.172,-0.119,0.078,-0.453,0.295,-0.228,0.337,-0.153,-0.252,0.157,0.127,1.0,0.04,0.035,0.197,-0.124
8,B2_3,0.095,0.23,0.046,-0.116,-0.082,-0.143,-0.098,-0.127,-0.174,-0.011,-0.026,0.04,1.0,-0.294,0.194,0.033
8,y1,-0.117,-0.347,0.032,-0.031,0.272,-0.068,0.014,-0.118,0.209,0.31,-0.204,0.035,-0.294,1.0,-0.233,-0.033
8,y2,-0.078,0.173,0.05,-0.032,0.055,0.457,0.027,-0.242,-0.074,-0.088,0.098,0.197,0.194,-0.233,1.0,-0.029
8,y3,0.014,-0.057,0.218,0.007,-0.027,0.039,0.014,0.231,0.442,-0.216,-0.116,-0.124,0.033,-0.033,-0.029,1.0
9,.,1.0,-0.027,0.013,0.074,-0.017,-0.199,-0.15,0.264,-0.074,0.041,-0.341,-0.172,0.094,-0.117,-0.079,0.014
9,A1_1,-0.027,1.0,0.171,0.119,-0.22,0.207,-0.101,0.15,-0.297,-0.326,0.06,-0.12,0.23,-0.347,0.173,-0.057
9,A1_2,0.013,0.171,1.0,-0.212,0.017,0.29,-0.097,0.103,0.048,-0.123,-0.099,0.078,0.046,0.032,0.05,0.219
9,A1_3,0.074,0.119,-0.212,1.0,0.005,0.048,-0.052,0.21,0.119,0.057,-0.335,-0.453,-0.116,-0.032,-0.032,0.007
9,B1_1,-0.017,-0.22,0.017,0.005,1.0,-0.381,0.05,-0.037,0.389,0.159,0.037,0.296,-0.081,0.272,0.055,-0.027
9,B1_2,-0.199,0.207,0.29,0.048,-0.381,1.0,-0.103,0.01,-0.163,-0.333,0.254,-0.227,-0.143,-0.068,0.457,0.039
9,B1_3,-0.15,-0.101,-0.097,-0.052,0.05,-0.103,1.0,0.287,0.018,0.164,-0.106,0.338,-0.098,0.014,0.027,0.014
9,A2_1,0.264,0.15,0.103,0.21,-0.037,0.01,0.287,1.0,0.047,-0.214,-0.331,-0.154,-0.127,-0.118,-0.242,0.231
9,A2_2,-0.074,-0.297,0.048,0.119,0.389,-0.163,0.018,0.047,1.0,-0.026,0.034,-0.253,-0.174,0.208,-0.074,0.442
9,A2_3,0.041,-0.326,-0.123,0.057,0.159,-0.333,0.164,-0.214,-0.026,1.0,-0.261,0.156,-0.011,0.31,-0.088,-0.216
9,B2_1,-0.341,0.06,-0.099,-0.335,0.037,0.254,-0.106,-0.331,0.034,-0.261,1.0,0.128,-0.026,-0.204,0.098,-0.116
9,B2_2,-0.172,-0.12,0.078,-0.453,0.296,-0.227,0.338,-0.154,-0.253,0.156,0.128,1.0,0.041,0.035,0.197,-0.124
9,B2_3,0.094,0.23,0.046,-0.116,-0.081,-0.143,-0.098,-0.127,-0.174,-0.011,-0.026,0.041,1.0,-0.293,0.195,0.033
9,y1,-0.117,-0.347,0.032,-0.032,0.272,-0.068,0.014,-0.118,0.208,0.31,-0.204,0.035,-0.293,1.0,-0.233,-0.033
9,y2,-0.079,0.173,0.05,-0.032,0.055,0.457,0.027,-0.242,-0.074,-0.088,0.098,0.197,0.195,-0.233,1.0,-0.029
9,y3,0.014,-0.057,0.219,0.007,-0.027,0.039,0.014,0.231,0.442,-0.216,-0.116,-0.124,0.033,-0.033,-0.029,1.0
10,.,1.0,-0.027,0.012,0.074,-0.018,-0.199,-0.15,0.264,-0.074,0.04,-0.341,-0.173,0.093,-0.118,-0.08,0.014
10,A1_1,-0.027,1.0,0.171,0.119,-0.221,0.207,-0.102,0.15,-0.297,-0.326,0.059,-0.12,0.23,-0.347,0.173,-0.057
10,A1_2,0.012,0.171,1.0,-0.211,0.017,0.29,-0.097,0.103,0.048,-0.123,-0.1,0.077,0.045,0.033,0.05,0.219
10,A1_3,0.074,0.119,-0.211,1.0,0.004,0.048,-0.052,0.21,0.12,0.057,-0.335,-0.453,-0.116,-0.032,-0.032,0.007
10,B1_1,-0.018,-0.221,0.017,0.004,1.0,-0.381,0.051,-0.038,0.388,0.159,0.038,0.297,-0.081,0.272,0.055,-0.027
10,B1_2,-0.199,0.207,0.29,0.048,-0.381,1.0,-0.102,0.009,-0.163,-0.333,0.254,-0.226,-0.144,-0.068,0.457,0.039
10,B1_3,-0.15,-0.102,-0.097,-0.052,0.051,-0.102,1.0,0.287,0.018,0.164,-0.105,0.339,-0.097,0.014,0.027,0.013
10,A2_1,0.264,0.15,0.103,0.21,-0.038,0.009,0.287,1.0,0.047,-0.213,-0.331,-0.155,-0.128,-0.119,-0.242,0.231
10,A2_2,-0.074,-0.297,0.048,0.12,0.388,-0.163,0.018,0.047,1.0,-0.026,0.033,-0.253,-0.174,0.208,-0.074,0.442
10,A2_3,0.04,-0.326,-0.123,0.057,0.159,-0.333,0.164,-0.213,-0.026,1.0,-0.262,0.155,-0.011,0.31,-0.087,-0.216
10,B2_1,-0.341,0.059,-0.1,-0.335,0.038,0.254,-0.105,-0.331,0.033,-0.262,1.0,0.13,-0.026,-0.204,0.098,-0.117
10,B2_2,-0.173,-0.12,0.077,-0.453,0.297,-0.226,0.339,-0.155,-0.253,0.155,0.13,1.0,0.042,0.035,0.197,-0.124
10,B2_3,0.093,0.23,0.045,-0.116,-0.081,-0.144,-0.097,-0.128,-0.174,-0.011,-0.026,0.042,1.0,-0.293,0.195,0.033
10,y1,-0.118,-0.347,0.033,-0.032,0.272,-0.068,0.014,-0.119,0.208,0.31,-0.204,0.035,-0.293,1.0,-0.233,-0.033
10,y2,-0.08,0.173,0.05,-0.032,0.055,0.457,0.027,-0.242,-0.074,-0.087,0.098,0.197,0.195,-0.233,1.0,-0.029
10,y3,0.014,-0.057,0.219,0.007,-0.027,0.039,0.013,0.231,0.442,-0.216,-0.117,-0.124,0.033,-0.033,-0.029,1.0
11,.,1.0,-0.026,0.012,0.073,-0.019,-0.199,-0.151,0.265,-0.074,0.04,-0.341,-0.174,0.092,-0.119,-0.081,0.014
11,A1_1,-0.026,1.0,0.171,0.12,-0.221,0.206,-0.102,0.15,-0.296,-0.325,0.059,-0.121,0.229,-0.347,0.174,-0.057
11,A1_2,0.012,0.171,1.0,-0.211,0.017,0.29,-0.098,0.103,0.048,-0.123,-0.1,0.076,0.045,0.033,0.051,0.22
11,A1_3,0.073,0.12,-0.211,1.0,0.004,0.048,-0.052,0.211,0.12,0.058,-0.335,-0.453,-0.116,-0.032,-0.033,0.007
11,B1_1,-0.019,-0.221,0.017,0.004,1.0,-0.38,0.051,-0.038,0.388,0.158,0.039,0.298,-0.081,0.273,0.055,-0.027
11,B1_2,-0.199,0.206,0.29,0.048,-0.38,1.0,-0.102,0.009,-0.163,-0.333,0.254,-0.225,-0.144,-0.068,0.457,0.039
11,B1_3,-0.151,-0.102,-0.098,-0.052,0.051,-0.102,1.0,0.286,0.018,0.164,-0.104,0.339,-0.097,0.014,0.028,0.013
11,A2_1,0.265,0.15,0.103,0.211,-0.038,0.009,0.286,1.0,0.048,-0.213,-0.332,-0.155,-0.128,-0.119,-0.243,0.23
11,A2_2,-0.074,-0.296,0.048,0.12,0.388,-0.163,0.018,0.048,1.0,-0.026,0.033,-0.253,-0.174,0.208,-0.074,0.442
11,A2_3,0.04,-0.325,-0.123,0.058,0.158,-0.333,0.164,-0.213,-0.026,1.0,-0.262,0.155,-0.012,0.31,-0.087,-0.216
11,B2_1,-0.341,0.059,-0.1,-0.335,0.039,0.254,-0.104,-0.332,0.033,-0.262,1.0,0.131,-0.025,-0.204,0.098,-0.117
11,B2_2,-0.174,-0.121,0.076,-0.453,0.298,-0.225,0.339,-0.155,-0.253,0.155,0.131,1.0,0.042,0.035,0.196,-0.124
11,B2_3,0.092,0.229,0.045,-0.116,-0.081,-0.144,-0.097,-0.128,-0.174,-0.012,-0.025,0.042,1.0,-0.292,0.196,0.034
11,y1,-0.119,-0.347,0.033,-0.032,0.273,-0.068,0.014,-0.119,0.208,0.31,-0.204,0.035,-0.292,1.0,-0.233,-0.033
11,y2,-0.081,0.174,0.051,-0.033,0.055,0.457,0.028,-0.243,-0.074,-0.087,0.098,0.196,0.196,-0.233,1.0,-0.029
11,y3,0.014,-0.057,0.22,0.007,-0.027,0.039,0.013,0.23,0.442,-0.216,-0.117,-0.124,0.034,-0.033,-0.029,1.0
12,.,1.0,-0.026,0.011,0.072,-0.021,-0.2,-0.152,0.265,-0.074,0.04,-0.341,-0.174,0.091,-0.119,-0.082,0.014
12,A1_1,-0.026,1.0,0.171,0.12,-0.221,0.206,-0.102,0.151,-0.296,-0.325,0.058,-0.122,0.229,-0.347,0.173,-0.057
12,A1_2,0.011,0.171,1.0,-0.211,0.017,0.29,-0.098,0.104,0.048,-0.123,-0.101,0.076,0.045,0.033,0.051,0.22
12,A1_3,0.072,0.12,-0.211,1.0,0.004,0.048,-0.052,0.211,0.12,0.058,-0.335,-0.453,-0.116,-0.032,-0.033,0.008
12,B1_1,-0.021,-0.221,0.017,0.004,1.0,-0.38,0.052,-0.039,0.387,0.158,0.04,0.299,-0.081,0.273,0.056,-0.027
12,B1_2,-0.2,0.206,0.29,0.048,-0.38,1.0,-0.101,0.009,-0.163,-0.333,0.255,-0.224,-0.144,-0.068,0.457,0.038
12,B1_3,-0.152,-0.102,-0.098,-0.052,0.052,-0.101,1.0,0.285,0.017,0.163,-0.103,0.34,-0.097,0.014,0.028,0.013
12,A2_1,0.265,0.151,0.104,0.211,-0.039,0.009,0.285,1.0,0.048,-0.212,-0.332,-0.156,-0.129,-0.119,-0.243,0.23
12,A2_2,-0.074,-0.296,0.048,0.12,0.387,-0.163,0.017,0.048,1.0,-0.026,0.032,-0.254,-0.175,0.208,-0.074,0.442
12,A2_3,0.04,-0.325,-0.123,0.058,0.158,-0.333,0.163,-0.212,-0.026,1.0,-0.262,0.154,-0.012,0.31,-0.087,-0.215
12,B2_1,-0.341,0.058,-0.101,-0.335,0.04,0.255,-0.103,-0.332,0.032,-0.262,1.0,0.132,-0.025,-0.204,0.098,-0.117
12,B2_2,-0.174,-0.122,0.076,-0.453,0.299,-0.224,0.34,-0.156,-0.254,0.154,0.132,1.0,0.043,0.035,0.196,-0.124
12,B2_3,0.091,0.229,0.045,-0.116,-0.081,-0.144,-0.097,-0.129,-0.175,-0.012,-0.025,0.043,1.0,-0.292,0.197,0.034
12,y1,-0.119,-0.347,0.033,-0.032,0.273,-0.068,0.014,-0.119,0.208,0.31,-0.204,0.035,-0.292,1.0,-0.233,-0.033
12,y2,-0.082,0.173,0.051,-0.033,0.056,0.457,0.028,-0.243,-0.074,-0.087,0.098,0.196,0.197,-0.233,1.0,-0.029
12,y3,0.014,-0.057,0.22,0.008,-0.027,0.038,0.013,0.23,0.442,-0.215,-0.117,-0.124,0.034,-0.033,-0.029,1.0
13,.,1.0,-0.025,0.011,0.072,-0.022,-0.2,-0.153,0.266,-0.074,0.039,-0.341,-0.176,0.09,-0.12,-0.083,0.014
13,A1_1,-0.025,1.0,0.171,0.121,-0.222,0.206,-0.103,0.151,-0.295,-0.325,0.057,-0.122,0.228,-0.347,0.173,-0.057
13,A1_2,0.011,0.171,1.0,-0.211,0.016,0.29,-0.098,0.104,0.049,-0.123,-0.101,0.075,0.045,0.034,0.051,0.221
13,A1_3,0.072,0.121,-0.211,1.0,0.004,0.048,-0.052,0.212,0.121,0.058,-0.335,-0.454,-0.116,-0.032,-0.033,0.008
13,B1_1,-0.022,-0.222,0.016,0.004,1.0,-0.379,0.053,-0.04,0.386,0.158,0.041,0.3,-0.08,0.273,0.056,-0.027
13,B1_2,-0.2,0.206,0.29,0.048,-0.379,1.0,-0.101,0.008,-0.163,-0.333,0.255,-0.222,-0.144,-0.067,0.458,0.038
13,B1_3,-0.153,-0.103,-0.098,-0.052,0.053,-0.101,1.0,0.284,0.017,0.163,-0.102,0.341,-0.096,0.014,0.028,0.013
13,A2_1,0.266,0.151,0.104,0.212,-0.04,0.008,0.284,1.0,0.049,-0.212,-0.333,-0.157,-0.129,-0.12,-0.243,0.23
13,A2_2,-0.074,-0.295,0.049,0.121,0.386,-0.163,0.017,0.049,1.0,-0.025,0.032,-0.254,-0.175,0.208,-0.074,0.442
13,A2_3,0.039,-0.325,-0.123,0.058,0.158,-0.333,0.163,-0.212,-0.025,1.0,-0.262,0.153,-0.012,0.31,-0.087,-0.215
13,B2_1,-0.341,0.057,-0.101,-0.335,0.041,0.255,-0.102,-0.333,0.032,-0.262,1.0,0.133,-0.024,-0.204,0.098,-0.118
13,B2_2,-0.176,-0.122,0.075,-0.454,0.3,-0.222,0.341,-0.157,-0.254,0.153,0.133,1.0,0.044,0.035,0.196,-0.124
13,B2_3,0.09,0.228,0.045,-0.116,-0.08,-0.144,-0.096,-0.129,-0.175,-0.012,-0.024,0.044,1.0,-0.291,0.197,0.034
13,y1,-0.12,-0.347,0.034,-0.032,0.273,-0.067,0.014,-0.12,0.208,0.31,-0.204,0.035,-0.291,1.0,-0.233,-0.033
13,y2,-0.083,0.173,0.051,-0.033,0.056,0.458,0.028,-0.243,-0.074,-0.087,0.098,0.196,0.197,-0.233,1.0,-0.029
13,y3,0.014,-0.057,0.221,0.008,-0.027,0.038,0.013,0.23,0.442,-0.215,-0.118,-0.124,0.034,-0.033,-0.029,1.0
14,.,1.0,-0.025,0.011,0.071,-0.023,-0.201,-0.154,0.266,-0.074,0.039,-0.341,-0.177,0.089,-0.12,-0.084,0.014
14,A1_1,-0.025,1.0,0.171,0.121,-0.222,0.205,-0.103,0.152,-0.295,-0.324,0.057,-0.123,0.228,-0.347,0.173,-0.057
14,A1_2,0.011,0.171,1.0,-0.21,0.016,0.29,-0.098,0.105,0.049,-0.123,-0.101,0.074,0.045,0.034,0.051,0.221
14,A1_3,0.071,0.121,-0.21,1.0,0.003,0.048,-0.052,0.213,0.121,0.059,-0.335,-0.454,-0.117,-0.032,-0.033,0.008
14,B1_1,-0.023,-0.222,0.016,0.003,1.0,-0.378,0.054,-0.04,0.386,0.157,0.042,0.301,-0.08,0.273,0.056,-0.027
14,B1_2,-0.201,0.205,0.29,0.048,-0.378,1.0,-0.1,0.008,-0.163,-0.333,0.256,-0.221,-0.144,-0.067,0.458,0.038
14,B1_3,-0.154,-0.103,-0.098,-0.052,0.054,-0.1,1.0,0.283,0.017,0.163,-0.101,0.342,-0.096,0.014,0.029,0.012
14,A2_1,0.266,0.152,0.105,0.213,-0.04,0.008,0.283,1.0,0.05,-0.211,-0.333,-0.158,-0.13,-0.12,-0.243,0.23
14,A2_2,-0.074,-0.295,0.049,0.121,0.386,-0.163,0.017,0.05,1.0,-0.025,0.031,-0.255,-0.175,0.207,-0.074,0.442
14,A2_3,0.039,-0.324,-0.123,0.059,0.157,-0.333,0.163,-0.211,-0.025,1.0,-0.263,0.152,-0.012,0.31,-0.086,-0.215
14,B2_1,-0.341,0.057,-0.101,-0.335,0.042,0.256,-0.101,-0.333,0.031,-0.263,1.0,0.135,-0.024,-0.204,0.098,-0.118
14,B2_2,-0.177,-0.123,0.074,-0.454,0.301,-0.221,0.342,-0.158,-0.255,0.152,0.135,1.0,0.045,0.035,0.196,-0.125
14,B2_3,0.089,0.228,0.045,-0.117,-0.08,-0.144,-0.096,-0.13,-0.175,-0.012,-0.024,0.045,1.0,-0.291,0.198,0.034
14,y1,-0.12,-0.347,0.034,-0.032,0.273,-0.067,0.014,-0.12,0.207,0.31,-0.204,0.035,-0.291,1.0,-0.233,-0.033
14,y2,-0.084,0.173,0.051,-0.033,0.056,0.458,0.029,-0.243,-0.074,-0.086,0.098,0.196,0.198,-0.233,1.0,-0.029
14,y3,0.014,-0.057,0.221,0.008,-0.027,0.038,0.012,0.23,0.442,-0.215,-0.118,-0.125,0.034,-0.033,-0.029,1.0
15,.,1.0,-0.025,0.011,0.071,-0.025,-0.201,-0.155,0.267,-0.074,0.039,-0.342,-0.178,0.087,-0.121,-0.085,0.014
15,A1_1,-0.025,1.0,0.171,0.122,-0.222,0.205,-0.104,0.152,-0.294,-0.324,0.056,-0.124,0.227,-0.347,0.173,-0.057
15,A1_2,0.011,0.171,1.0,-0.21,0.016,0.29,-0.098,0.105,0.049,-0.123,-0.102,0.073,0.044,0.034,0.052,0.222
15,A1_3,0.071,0.122,-0.21,1.0,0.003,0.048,-0.053,0.213,0.122,0.059,-0.336,-0.454,-0.117,-0.032,-0.033,0.008
15,B1_1,-0.025,-0.222,0.016,0.003,1.0,-0.378,0.054,-0.041,0.385,0.157,0.044,0.303,-0.079,0.273,0.057,-0.027
15,B1_2,-0.201,0.205,0.29,0.048,-0.378,1.0,-0.1,0.007,-0.163,-0.333,0.256,-0.219,-0.144,-0.067,0.458,0.037
15,B1_3,-0.155,-0.104,-0.098,-0.053,0.054,-0.1,1.0,0.282,0.017,0.162,-0.1,0.343,-0.095,0.014,0.029,0.012
15,A2_1,0.267,0.152,0.105,0.213,-0.041,0.007,0.282,1.0,0.051,-0.21,-0.334,-0.159,-0.13,-0.12,-0.244,0.229
15,A2_2,-0.074,-0.294,0.049,0.122,0.385,-0.163,0.017,0.051,1.0,-0.025,0.031,-0.255,-0.175,0.207,-0.074,0.442
15,A2_3,0.039,-0.324,-0.123,0.059,0.157,-0.333,0.162,-0.21,-0.025,1.0,-0.263,0.151,-0.012,0.31,-0.086,-0.214
15,B2_1,-0.342,0.056,-0.102,-0.336,0.044,0.256,-0.1,-0.334,0.031,-0.263,1.0,0.137,-0.023,-0.204,0.098,-0.119
15,B2_2,-0.178,-0.124,0.073,-0.454,0.303,-0.219,0.343,-0.159,-0.255,0.151,0.137,1.0,0.046,0.034,0.196,-0.125
15,B2_3,0.087,0.227,0.044,-0.117,-0.079,-0.144,-0.095,-0.13,-0.175,-0.012,-0.023,0.046,1.0,-0.29,0.199,0.034
15,y1,-0.121,-0.347,0.034,-0.032,0.273,-0.067,0.014,-0.12,0.207,0.31,-0.204,0.034,-0.29,1.0,-0.233,-0.033
15,y2,-0.085,0.173,0.052,-0.033,0.057,0.458,0.029,-0.244,-0.074,-0.086,0.098,0.196,0.199,-0.233,1.0,-0.029
15,y3,0.014,-0.057,0.222,0.008,-0.027,0.037,0.012,0.229,0.442,-0.214,-0.119,-0.125,0.034,-0.033,-0.029,1.0
16,.,1.0,-0.024,0.01,0.071,-0.027,-0.202,-0.157,0.268,-0.073,0.039,-0.342,-0.18,0.086,-0.121,-0.086,0.014
16,A1_1,-0.024,1.0,0.171,0.122,-0.222,0.204,-0.104,0.153,-0.293,-0.323,0.055,-0.125,0.227,-0.347,0.173,-0.057
16,A1_2,0.01,0.171,1.0,-0.209,0.016,0.289,-0.099,0.106,0.049,-0.123,-0.103,0.073,0.044,0.034,0.052,0.222
16,A1_3,0.071,0.122,-0.209,1.0,0.002,0.047,-0.053,0.214,0.123,0.06,-0.336,-0.455,-0.117,-0.033,-0.033,0.008
16,B1_1,-0.027,-0.222,0.016,0.002,1.0,-0.377,0.055,-0.042,0.384,0.156,0.045,0.304,-0.079,0.273,0.057,-0.027
16,B1_2,-0.202,0.204,0.289,0.047,-0.377,1.0,-0.099,0.006,-0.163,-0.333,0.257,-0.218,-0.144,-0.067,0.459,0.037
16,B1_3,-0.157,-0.104,-0.099,-0.053,0.055,-0.099,1.0,0.28,0.017,0.162,-0.098,0.344,-0.095,0.014,0.029,0.011
16,A2_1,0.268,0.153,0.106,0.214,-0.042,0.006,0.28,1.0,0.051,-0.21,-0.335,-0.16,-0.131,-0.12,-0.244,0.229
16,A2_2,-0.073,-0.293,0.049,0.123,0.384,-0.163,0.017,0.051,1.0,-0.024,0.03,-0.256,-0.175,0.207,-0.074,0.442
16,A2_3,0.039,-0.323,-0.123,0.06,0.156,-0.333,0.162,-0.21,-0.024,1.0,-0.263,0.15,-0.013,0.311,-0.086,-0.214
16,B2_1,-0.342,0.055,-0.103,-0.336,0.045,0.257,-0.098,-0.335,0.03,-0.263,1.0,0.138,-0.022,-0.204,0.098,-0.12
16,B2_2,-0.18,-0.125,0.073,-0.455,0.304,-0.218,0.344,-0.16,-0.256,0.15,0.138,1.0,0.047,0.034,0.195,-0.125
16,B2_3,0.086,0.227,0.044,-0.117,-0.079,-0.144,-0.095,-0.131,-0.175,-0.013,-0.022,0.047,1.0,-0.29,0.199,0.034
16,y1,-0.121,-0.347,0.034,-0.033,0.273,-0.067,0.014,-0.12,0.207,0.311,-0.204,0.034,-0.29,1.0,-0.233,-0.033
16,y2,-0.086,0.173,0.052,-0.033,0.057,0.459,0.029,-0.244,-0.074,-0.086,0.098,0.195,0.199,-0.233,1.0,-0.029
16,y3,0.014,-0.057,0.222,0.008,-0.027,0.037,0.011,0.229,0.442,-0.214,-0.12,-0.125,0.034,-0.033,-0.029,1.0
17,.,1.0,-0.024,0.01,0.07,-0.029,-0.203,-0.158,0.268,-0.073,0.039,-0.343,-0.182,0.084,-0.122,-0.087,0.015
17,A1_1,-0.024,1.0,0.171,0.123,-0.223,0.204,-0.105,0.153,-0.293,-0.323,0.054,-0.125,0.226,-0.347,0.173,-0.056
17,A1_2,0.01,0.171,1.0,-0.209,0.015,0.289,-0.099,0.106,0.05,-0.122,-0.103,0.072,0.044,0.035,0.052,0.223
17,A1_3,0.07,0.123,-0.209,1.0,0.002,0.047,-0.054,0.215,0.123,0.06,-0.337,-0.455,-0.117,-0.033,-0.033,0.008
17,B1_1,-0.029,-0.223,0.015,0.002,1.0,-0.376,0.056,-0.043,0.383,0.156,0.047,0.306,-0.078,0.273,0.058,-0.028
17,B1_2,-0.203,0.204,0.289,0.047,-0.376,1.0,-0.098,0.006,-0.163,-0.333,0.257,-0.216,-0.144,-0.067,0.459,0.036
17,B1_3,-0.158,-0.105,-0.099,-0.054,0.056,-0.098,1.0,0.279,0.016,0.162,-0.096,0.346,-0.094,0.014,0.03,0.011
17,A2_1,0.268,0.153,0.106,0.215,-0.043,0.006,0.279,1.0,0.052,-0.209,-0.335,-0.161,-0.132,-0.121,-0.244,0.229
17,A2_2,-0.073,-0.293,0.05,0.123,0.383,-0.163,0.016,0.052,1.0,-0.024,0.03,-0.256,-0.175,0.207,-0.074,0.442
17,A2_3,0.039,-0.323,-0.122,0.06,0.156,-0.333,0.162,-0.209,-0.024,1.0,-0.264,0.149,-0.013,0.311,-0.086,-0.213
17,B2_1,-0.343,0.054,-0.103,-0.337,0.047,0.257,-0.096,-0.335,0.03,-0.264,1.0,0.14,-0.021,-0.205,0.098,-0.12
17,B2_2,-0.182,-0.125,0.072,-0.455,0.306,-0.216,0.346,-0.161,-0.256,0.149,0.14,1.0,0.049,0.034,0.195,-0.126
17,B2_3,0.084,0.226,0.044,-0.117,-0.078,-0.144,-0.094,-0.132,-0.175,-0.013,-0.021,0.049,1.0,-0.289,0.2,0.035
17,y1,-0.122,-0.347,0.035,-0.033,0.273,-0.067,0.014,-0.121,0.207,0.311,-0.205,0.034,-0.289,1.0,-0.233,-0.033
17,y2,-0.087,0.173,0.052,-0.033,0.058,0.459,0.03,-0.244,-0.074,-0.086,0.098,0.195,0.2,-0.233,1.0,-0.029
17,y3,0.015,-0.056,0.223,0.008,-0.028,0.036,0.011,0.229,0.442,-0.213,-0.12,-0.126,0.035,-0.033,-0.029,1.0
18,.,1.0,-0.023,0.01,0.07,-0.031,-0.204,-0.16,0.269,-0.072,0.039,-0.343,-0.183,0.082,-0.122,-0.089,0.015
18,A1_1,-0.023,1.0,0.171,0.123,-0.223,0.203,-0.105,0.154,-0.292,-0.322,0.053,-0.126,0.226,-0.346,0.173,-0.056
18,A1_2,0.01,0.171,1.0,-0.208,0.015,0.289,-0.099,0.107,0.05,-0.122,-0.104,0.071,0.043,0.035,0.052,0.224
18,A1_3,0.07,0.123,-0.208,1.0,0.001,0.047,-0.054,0.216,0.124,0.061,-0.337,-0.456,-0.118,-0.033,-0.034,0.008
18,B1_1,-0.031,-0.223,0.015,0.001,1.0,-0.375,0.058,-0.044,0.382,0.155,0.049,0.307,-0.078,0.272,0.058,-0.028
18,B1_2,-0.204,0.203,0.289,0.047,-0.375,1.0,-0.097,0.005,-0.163,-0.333,0.258,-0.214,-0.144,-0.067,0.46,0.036
18,B1_3,-0.16,-0.105,-0.099,-0.054,0.058,-0.097,1.0,0.277,0.016,0.161,-0.095,0.347,-0.093,0.014,0.03,0.01
18,A2_1,0.269,0.154,0.107,0.216,-0.044,0.005,0.277,1.0,0.053,-0.208,-0.336,-0.162,-0.133,-0.121,-0.244,0.229
18,A2_2,-0.072,-0.292,0.05,0.124,0.382,-0.163,0.016,0.053,1.0,-0.023,0.029,-0.257,-0.176,0.207,-0.074,0.442
18,A2_3,0.039,-0.322,-0.122,0.061,0.155,-0.333,0.161,-0.208,-0.023,1.0,-0.264,0.148,-0.013,0.311,-0.086,-0.213
18,B2_1,-0.343,0.053,-0.104,-0.337,0.049,0.258,-0.095,-0.336,0.029,-0.264,1.0,0.142,-0.02,-0.205,0.098,-0.121
18,B2_2,-0.183,-0.126,0.071,-0.456,0.307,-0.214,0.347,-0.162,-0.257,0.148,0.142,1.0,0.05,0.033,0.195,-0.126
18,B2_3,0.082,0.226,0.043,-0.118,-0.078,-0.144,-0.093,-0.133,-0.176,-0.013,-0.02,0.05,1.0,-0.289,0.201,0.035
18,y1,-0.122,-0.346,0.035,-0.033,0.272,-0.067,0.014,-0.121,0.207,0.311,-0.205,0.033,-0.289,1.0,-0.233,-0.033
18,y2,-0.089,0.173,0.052,-0.034,0.058,0.46,0.03,-0.244,-0.074,-0.086,0.098,0.195,0.201,-0.233,1.0,-0.029
18,y3,0.015,-0.056,0.224,0.008,-0.028,0.036,0.01,0.229,0.442,-0.213,-0.121,-0.126,0.035,-0.033,-0.029,1.0
19,.,1.0,-0.023,0.009,0.07,-0.033,-0.206,-0.162,0.27,-0.072,0.039,-0.344,-0.186,0.08,-0.122,-0.09,0.015
19,A1_1,-0.023,1.0,0.172,0.124,-0.224,0.203,-0.106,0.154,-0.291,-0.322,0.052,-0.127,0.225,-0.346,0.173,-0.056
19,A1_2,0.009,0.172,1.0,-0.208,0.014,0.288,-0.099,0.108,0.05,-0.122,-0.105,0.07,0.043,0.035,0.052,0.224
19,A1_3,0.07,0.124,-0.208,1.0,0.0,0.046,-0.055,0.216,0.125,0.061,-0.338,-0.456,-0.118,-0.033,-0.034,0.009
19,B1_1,-0.033,-0.224,0.014,0.0,1.0,-0.374,0.059,-0.045,0.381,0.155,0.051,0.309,-0.077,0.272,0.058,-0.028
19,B1_2,-0.206,0.203,0.288,0.046,-0.374,1.0,-0.096,0.004,-0.163,-0.333,0.259,-0.212,-0.143,-0.067,0.46,0.036
19,B1_3,-0.162,-0.106,-0.099,-0.055,0.059,-0.096,1.0,0.276,0.016,0.161,-0.092,0.349,-0.092,0.014,0.03,0.01
19,A2_1,0.27,0.154,0.108,0.216,-0.045,0.004,0.276,1.0,0.054,-0.207,-0.337,-0.163,-0.134,-0.121,-0.244,0.228
19,A2_2,-0.072,-0.291,0.05,0.125,0.381,-0.163,0.016,0.054,1.0,-0.023,0.028,-0.258,-0.176,0.206,-0.075,0.442
19,A2_3,0.039,-0.322,-0.122,0.061,0.155,-0.333,0.161,-0.207,-0.023,1.0,-0.264,0.147,-0.014,0.311,-0.086,-0.212
19,B2_1,-0.344,0.052,-0.105,-0.338,0.051,0.259,-0.092,-0.337,0.028,-0.264,1.0,0.144,-0.018,-0.205,0.098,-0.122
19,B2_2,-0.186,-0.127,0.07,-0.456,0.309,-0.212,0.349,-0.163,-0.258,0.147,0.144,1.0,0.052,0.033,0.194,-0.127
19,B2_3,0.08,0.225,0.043,-0.118,-0.077,-0.143,-0.092,-0.134,-0.176,-0.014,-0.018,0.052,1.0,-0.288,0.202,0.035
19,y1,-0.122,-0.346,0.035,-0.033,0.272,-0.067,0.014,-0.121,0.206,0.311,-0.205,0.033,-0.288,1.0,-0.233,-0.033
19,y2,-0.09,0.173,0.052,-0.034,0.058,0.46,0.03,-0.244,-0.075,-0.086,0.098,0.194,0.202,-0.233,1.0,-0.029
19,y3,0.015,-0.056,0.224,0.009,-0.028,0.036,0.01,0.228,0.442,-0.212,-0.122,-0.127,0.035,-0.033,-0.029,1.0
20,.,1.0,-0.022,0.009,0.07,-0.036,-0.207,-0.165,0.27,-0.071,0.039,-0.345,-0.188,0.077,-0.122,-0.091,0.015
20,A1_1,-0.022,1.0,0.172,0.125,-0.224,0.202,-0.107,0.155,-0.291,-0.321,0.051,-0.128,0.224,-0.346,0.173,-0.056
20,A1_2,0.009,0.172,1.0,-0.207,0.014,0.288,-0.1,0.108,0.05,-0.122,-0.105,0.068,0.043,0.036,0.052,0.225
20,A1_3,0.07,0.125,-0.207,1.0,-0.001,0.046,-0.056,0.217,0.125,0.062,-0.338,-0.457,-0.119,-0.033,-0.034,0.009
20,B1_1,-0.036,-0.224,0.014,-0.001,1.0,-0.372,0.06,-0.047,0.38,0.154,0.053,0.311,-0.076,0.272,0.059,-0.029
20,B1_2,-0.207,0.202,0.288,0.046,-0.372,1.0,-0.095,0.003,-0.164,-0.334,0.26,-0.21,-0.143,-0.067,0.46,0.035
20,B1_3,-0.165,-0.107,-0.1,-0.056,0.06,-0.095,1.0,0.274,0.015,0.16,-0.09,0.35,-0.091,0.013,0.031,0.009
20,A2_1,0.27,0.155,0.108,0.217,-0.047,0.003,0.274,1.0,0.055,-0.206,-0.338,-0.165,-0.135,-0.121,-0.245,0.228
20,A2_2,-0.071,-0.291,0.05,0.125,0.38,-0.164,0.015,0.055,1.0,-0.022,0.027,-0.259,-0.176,0.206,-0.075,0.442
20,A2_3,0.039,-0.321,-0.122,0.062,0.154,-0.334,0.16,-0.206,-0.022,1.0,-0.265,0.145,-0.014,0.311,-0.086,-0.212
20,B2_1,-0.345,0.051,-0.105,-0.338,0.053,0.26,-0.09,-0.338,0.027,-0.265,1.0,0.147,-0.017,-0.206,0.098,-0.123
20,B2_2,-0.188,-0.128,0.068,-0.457,0.311,-0.21,0.35,-0.165,-0.259,0.145,0.147,1.0,0.054,0.032,0.194,-0.127
20,B2_3,0.077,0.224,0.043,-0.119,-0.076,-0.143,-0.091,-0.135,-0.176,-0.014,-0.017,0.054,1.0,-0.288,0.203,0.034
20,y1,-0.122,-0.346,0.036,-0.033,0.272,-0.067,0.013,-0.121,0.206,0.311,-0.206,0.032,-0.288,1.0,-0.233,-0.032
20,y2,-0.091,0.173,0.052,-0.034,0.059,0.46,0.031,-0.245,-0.075,-0.086,0.098,0.194,0.203,-0.233,1.0,-0.029
20,y3,0.015,-0.056,0.225,0.009,-0.029,0.035,0.009,0.228,0.442,-0.212,-0.123,-0.127,0.034,-0.032,-0.029,1.0
21,.,1.0,-0.021,0.009,0.07,-0.038,-0.209,-0.167,0.271,-0.07,0.04,-0.346,-0.19,0.074,-0.122,-0.092,0.015
21,A1_1,-0.021,1.0,0.172,0.125,-0.224,0.201,-0.107,0.156,-0.29,-0.321,0.05,-0.129,0.224,-0.346,0.173,-0.056
21,A1_2,0.009,0.172,1.0,-0.206,0.013,0.288,-0.1,0.109,0.051,-0.122,-0.106,0.067,0.042,0.036,0.053,0.226
21,A1_3,0.07,0.125,-0.206,1.0,-0.002,0.045,-0.057,0.218,0.126,0.063,-0.339,-0.457,-0.119,-0.033,-0.034,0.009
21,B1_1,-0.038,-0.224,0.013,-0.002,1.0,-0.371,0.062,-0.048,0.379,0.153,0.055,0.313,-0.075,0.272,0.059,-0.029
21,B1_2,-0.209,0.201,0.288,0.045,-0.371,1.0,-0.093,0.002,-0.164,-0.334,0.261,-0.207,-0.143,-0.067,0.461,0.034
21,B1_3,-0.167,-0.107,-0.1,-0.057,0.062,-0.093,1.0,0.272,0.015,0.159,-0.088,0.352,-0.09,0.013,0.031,0.008
21,A2_1,0.271,0.156,0.109,0.218,-0.048,0.002,0.272,1.0,0.056,-0.205,-0.339,-0.166,-0.136,-0.121,-0.245,0.228
21,A2_2,-0.07,-0.29,0.051,0.126,0.379,-0.164,0.015,0.056,1.0,-0.022,0.026,-0.259,-0.177,0.206,-0.075,0.443
21,A2_3,0.04,-0.321,-0.122,0.063,0.153,-0.334,0.159,-0.205,-0.022,1.0,-0.265,0.144,-0.014,0.311,-0.086,-0.211
21,B2_1,-0.346,0.05,-0.106,-0.339,0.055,0.261,-0.088,-0.339,0.026,-0.265,1.0,0.149,-0.015,-0.206,0.098,-0.124
21,B2_2,-0.19,-0.129,0.067,-0.457,0.313,-0.207,0.352,-0.166,-0.259,0.144,0.149,1.0,0.056,0.031,0.193,-0.128
21,B2_3,0.074,0.224,0.042,-0.119,-0.075,-0.143,-0.09,-0.136,-0.177,-0.014,-0.015,0.056,1.0,-0.287,0.204,0.034
21,y1,-0.122,-0.346,0.036,-0.033,0.272,-0.067,0.013,-0.121,0.206,0.311,-0.206,0.031,-0.287,1.0,-0.233,-0.032
21,y2,-0.092,0.173,0.053,-0.034,0.059,0.461,0.031,-0.245,-0.075,-0.086,0.098,0.193,0.204,-0.233,1.0,-0.029
21,y3,0.015,-0.056,0.226,0.009,-0.029,0.034,0.008,0.228,0.443,-0.211,-0.124,-0.128,0.034,-0.032,-0.029,1.0
22,.,1.0,-0.021,0.009,0.07,-0.041,-0.211,-0.17,0.272,-0.069,0.04,-0.348,-0.193,0.072,-0.122,-0.093,0.016
22,A1_1,-0.021,1.0,0.172,0.126,-0.225,0.2,-0.108,0.157,-0.289,-0.32,0.049,-0.13,0.223,-0.346,0.172,-0.055
22,A1_2,0.009,0.172,1.0,-0.206,0.013,0.287,-0.1,0.11,0.051,-0.121,-0.107,0.066,0.042,0.037,0.053,0.226
22,A1_3,0.07,0.126,-0.206,1.0,-0.003,0.044,-0.058,0.219,0.127,0.064,-0.339,-0.458,-0.12,-0.032,-0.034,0.01
22,B1_1,-0.041,-0.225,0.013,-0.003,1.0,-0.369,0.064,-0.049,0.378,0.153,0.058,0.315,-0.074,0.271,0.06,-0.03
22,B1_2,-0.211,0.2,0.287,0.044,-0.369,1.0,-0.092,0.0,-0.164,-0.334,0.262,-0.205,-0.142,-0.067,0.461,0.034
22,B1_3,-0.17,-0.108,-0.1,-0.058,0.064,-0.092,1.0,0.27,0.014,0.159,-0.085,0.354,-0.089,0.013,0.032,0.007
22,A2_1,0.272,0.157,0.11,0.219,-0.049,0.0,0.27,1.0,0.058,-0.204,-0.34,-0.167,-0.137,-0.121,-0.245,0.228
22,A2_2,-0.069,-0.289,0.051,0.127,0.378,-0.164,0.014,0.058,1.0,-0.021,0.025,-0.26,-0.177,0.206,-0.075,0.443
22,A2_3,0.04,-0.32,-0.121,0.064,0.153,-0.334,0.159,-0.204,-0.021,1.0,-0.266,0.143,-0.015,0.312,-0.086,-0.211
22,B2_1,-0.348,0.049,-0.107,-0.339,0.058,0.262,-0.085,-0.34,0.025,-0.266,1.0,0.152,-0.014,-0.207,0.097,-0.125
22,B2_2,-0.193,-0.13,0.066,-0.458,0.315,-0.205,0.354,-0.167,-0.26,0.143,0.152,1.0,0.058,0.03,0.192,-0.129
22,B2_3,0.072,0.223,0.042,-0.12,-0.074,-0.142,-0.089,-0.137,-0.177,-0.015,-0.014,0.058,1.0,-0.287,0.204,0.034
22,y1,-0.122,-0.346,0.037,-0.032,0.271,-0.067,0.013,-0.121,0.206,0.312,-0.207,0.03,-0.287,1.0,-0.233,-0.032
22,y2,-0.093,0.172,0.053,-0.034,0.06,0.461,0.032,-0.245,-0.075,-0.086,0.097,0.192,0.204,-0.233,1.0,-0.029
22,y3,0.016,-0.055,0.226,0.01,-0.03,0.034,0.007,0.228,0.443,-0.211,-0.125,-0.129,0.034,-0.032,-0.029,1.0
23,.,1.0,-0.02,0.008,0.07,-0.044,-0.213,-0.173,0.272,-0.068,0.041,-0.349,-0.196,0.068,-0.122,-0.094,0.016
23,A1_1,-0.02,1.0,0.173,0.127,-0.225,0.2,-0.109,0.157,-0.288,-0.319,0.048,-0.131,0.222,-0.346,0.172,-0.055
23,A1_2,0.008,0.173,1.0,-0.205,0.012,0.287,-0.101,0.111,0.052,-0.121,-0.108,0.065,0.041,0.037,0.053,0.227
23,A1_3,0.07,0.127,-0.205,1.0,-0.004,0.043,-0.059,0.221,0.128,0.064,-0.34,-0.459,-0.121,-0.032,-0.034,0.01
23,B1_1,-0.044,-0.225,0.012,-0.004,1.0,-0.368,0.066,-0.051,0.377,0.152,0.06,0.317,-0.073,0.271,0.06,-0.03
23,B1_2,-0.213,0.2,0.287,0.043,-0.368,1.0,-0.09,-0.001,-0.165,-0.334,0.264,-0.202,-0.142,-0.067,0.462,0.033
23,B1_3,-0.173,-0.109,-0.101,-0.059,0.066,-0.09,1.0,0.268,0.013,0.158,-0.082,0.356,-0.087,0.012,0.032,0.006
23,A2_1,0.272,0.157,0.111,0.221,-0.051,-0.001,0.268,1.0,0.059,-0.202,-0.341,-0.169,-0.138,-0.121,-0.245,0.228
23,A2_2,-0.068,-0.288,0.052,0.128,0.377,-0.165,0.013,0.059,1.0,-0.021,0.024,-0.261,-0.177,0.206,-0.075,0.443
23,A2_3,0.041,-0.319,-0.121,0.064,0.152,-0.334,0.158,-0.202,-0.021,1.0,-0.266,0.141,-0.015,0.312,-0.085,-0.21
23,B2_1,-0.349,0.048,-0.108,-0.34,0.06,0.264,-0.082,-0.341,0.024,-0.266,1.0,0.154,-0.012,-0.207,0.097,-0.126
23,B2_2,-0.196,-0.131,0.065,-0.459,0.317,-0.202,0.356,-0.169,-0.261,0.141,0.154,1.0,0.06,0.029,0.192,-0.13
23,B2_3,0.068,0.222,0.041,-0.121,-0.073,-0.142,-0.087,-0.138,-0.177,-0.015,-0.012,0.06,1.0,-0.286,0.205,0.034
23,y1,-0.122,-0.346,0.037,-0.032,0.271,-0.067,0.012,-0.121,0.206,0.312,-0.207,0.029,-0.286,1.0,-0.233,-0.031
23,y2,-0.094,0.172,0.053,-0.034,0.06,0.462,0.032,-0.245,-0.075,-0.085,0.097,0.192,0.205,-0.233,1.0,-0.029
23,y3,0.016,-0.055,0.227,0.01,-0.03,0.033,0.006,0.228,0.443,-0.21,-0.126,-0.13,0.034,-0.031,-0.029,1.0
24,.,1.0,-0.019,0.008,0.071,-0.047,-0.215,-0.176,0.273,-0.067,0.041,-0.351,-0.198,0.065,-0.121,-0.095,0.017
24,A1_1,-0.019,1.0,0.173,0.128,-0.226,0.199,-0.109,0.158,-0.287,-0.319,0.047,-0.132,0.221,-0.345,0.172,-0.055
24,A1_2,0.008,0.173,1.0,-0.204,0.012,0.286,-0.101,0.112,0.052,-0.121,-0.109,0.063,0.041,0.037,0.053,0.228
24,A1_3,0.071,0.128,-0.204,1.0,-0.005,0.042,-0.06,0.222,0.129,0.065,-0.341,-0.46,-0.122,-0.032,-0.034,0.01
