,,.,A1_1,A1_2,A1_3,B1_1,B1_2,B1_3,A2_1,A2_2,A2_3,B2_1,B2_2,B2_3,y1,y2,y3
2,.,1.0,-0.047,-0.507,-0.446,0.275,-0.196,0.387,0.234,0.697,0.17,-0.169,0.107,0.156,-0.528,-0.718,-0.747
2,A1_1,-0.047,1.0,0.379,0.721,-0.682,-0.621,-0.722,0.357,0.24,0.295,-0.654,-0.852,-0.3,-0.134,0.091,-0.164
2,A1_2,-0.507,0.379,1.0,0.425,-0.404,-0.038,-0.691,0.115,-0.646,0.187,-0.057,-0.267,-0.453,-0.129,0.239,0.331
2,A1_3,-0.446,0.721,0.425,1.0,-0.637,-0.587,-0.764,-0.075,0.049,0.425,-0.342,-0.603,0.195,0.023,0.549,0.439
2,B1_1,0.275,-0.682,-0.404,-0.637,1.0,0.79,0.78,-0.556,0.061,-0.28,0.411,0.587,0.309,-0.394,-0.428,-0.226
2,B1_2,-0.196,-0.621,-0.038,-0.587,0.79,1.0,0.51,-0.42,-0.453,-0.393,0.512,0.467,-0.159,-0.046,-0.067,0.096
2,B1_3,0.387,-0.722,-0.691,-0.764,0.78,0.51,1.0,-0.453,0.14,-0.615,0.471,0.757,0.346,-0.076,-0.533,-0.381
2,A2_1,0.234,0.357,0.115,-0.075,-0.556,-0.42,-0.453,1.0,0.207,0.357,-0.631,-0.566,-0.648,0.183,-0.079,-0.308
2,A2_2,0.697,0.24,-0.646,0.049,0.061,-0.453,0.14,0.207,1.0,0.361,-0.578,-0.321,0.402,-0.347,-0.4,-0.563
2,A2_3,0.17,0.295,0.187,0.425,-0.28,-0.393,-0.615,0.357,0.361,1.0,-0.464,-0.457,0.143,-0.352,0.252,0.229
2,B2_1,-0.169,-0.654,-0.057,-0.342,0.411,0.512,0.471,-0.631,-0.578,-0.464,1.0,0.797,0.226,0.234,0.217,0.414
2,B2_2,0.107,-0.852,-0.267,-0.603,0.587,0.467,0.757,-0.566,-0.321,-0.457,0.797,1.0,0.403,-0.028,-0.218,0.108
2,B2_3,0.156,-0.3,-0.453,0.195,0.309,-0.159,0.346,-0.648,0.402,0.143,0.226,0.403,1.0,-0.238,0.016,0.187
2,y1,-0.528,-0.134,-0.129,0.023,-0.394,-0.046,-0.076,0.183,-0.347,-0.352,0.234,-0.028,-0.238,1.0,0.62,0.432
2,y2,-0.718,0.091,0.239,0.549,-0.428,-0.067,-0.533,-0.079,-0.4,0.252,0.217,-0.218,0.016,0.62,1.0,0.904
2,y3,-0.747,-0.164,0.331,0.439,-0.226,0.096,-0.381,-0.308,-0.563,0.229,0.414,0.108,0.187,0.432,0.904,1.0
4,.,1.0,-0.281,-0.309,-0.377,-0.04,0.143,0.358,0.41,-0.358,-0.455,-0.16,-0.319,0.059,-0.559,-0.848,-0.898
4,A1_1,-0.281,1.0,0.182,0.019,-0.643,-0.41,-0.519,0.228,0.483,0.477,-0.503,-0.568,-0.311,0.663,0.269,0.066
4,A1_2,-0.309,0.182,1.0,0.696,-0.234,-0.619,-0.816,0.418,0.708,0.629,-0.307,-0.259,-0.636,0.129,0.057,0.192
4,A1_3,-0.377,0.019,0.696,1.0,-0.212,-0.536,-0.434,-0.143,0.545,0.109,-0.309,-0.171,-0.658,0.274,0.146,0.502
4,B1_1,-0.04,-0.643,-0.234,-0.212,1.0,0.596,0.3,-0.486,-0.686,-0.408,0.738,0.804,0.379,-0.723,0.161,0.264
4,B1_2,0.143,-0.41,-0.619,-0.536,0.596,1.0,0.67,-0.509,-0.766,-0.612,0.21,0.343,0.197,-0.371,-0.097,-0.053
4,B1_3,0.358,-0.519,-0.816,-0.434,0.3,0.67,1.0,-0.52,-0.803,-0.689,0.324,0.237,0.405,-0.304,-0.188,-0.228
4,A2_1,0.41,0.228,0.418,-0.143,-0.486,-0.509,-0.52,1.0,0.528,0.54,-0.348,-0.496,-0.071,0.015,-0.417,-0.634
4,A2_2,-0.358,0.483,0.708,0.545,-0.686,-0.766,-0.803,0.528,1.0,0.655,-0.557,-0.432,-0.417,0.662,0.11,0.188
4,A2_3,-0.455,0.477,0.629,0.109,-0.408,-0.612,-0.689,0.54,0.655,1.0,-0.044,-0.144,-0.072,0.379,0.319,0.09
4,B2_1,-0.16,-0.503,-0.307,-0.309,0.738,0.21,0.324,-0.348,-0.557,-0.044,1.0,0.846,0.761,-0.508,0.398,0.25
4,B2_2,-0.319,-0.568,-0.259,-0.171,0.804,0.343,0.237,-0.496,-0.432,-0.144,0.846,1.0,0.622,-0.434,0.323,0.46
4,B2_3,0.059,-0.311,-0.636,-0.658,0.379,0.197,0.405,-0.071,-0.417,-0.072,0.761,0.622,1.0,-0.224,0.23,-0.039
4,y1,-0.559,0.663,0.129,0.274,-0.723,-0.371,-0.304,0.015,0.662,0.379,-0.508,-0.434,-0.224,1.0,0.454,0.383
4,y2,-0.848,0.269,0.057,0.146,0.161,-0.097,-0.188,-0.417,0.11,0.319,0.398,0.323,0.23,0.454,1.0,0.805
4,y3,-0.898,0.066,0.192,0.502,0.264,-0.053,-0.228,-0.634,0.188,0.09,0.25,0.46,-0.039,0.383,0.805,1.0
6,.,1.0,-0.053,-0.107,0.035,0.07,-0.476,0.197,0.089,0.098,0.165,0.177,-0.144,-0.33,-0.885,-0.741,-0.978
6,A1_1,-0.053,1.0,0.298,0.898,-0.342,-0.577,-0.658,-0.033,0.599,0.171,-0.636,-0.593,-0.444,0.358,0.008,0.12
6,A1_2,-0.107,0.298,1.0,0.468,-0.919,-0.655,-0.584,0.811,0.439,0.503,-0.543,-0.208,-0.387,0.365,-0.314,0.048
6,A1_3,0.035,0.898,0.468,1.0,-0.465,-0.615,-0.49,0.042,0.652,0.164,-0.732,-0.61,-0.713,0.336,-0.124,-0.032
6,B1_1,0.07,-0.342,-0.919,-0.465,1.0,0.64,0.668,-0.81,-0.623,-0.686,0.687,0.458,0.435,-0.377,0.193,-0.011
6,B1_2,-0.476,-0.577,-0.655,-0.615,0.64,1.0,0.504,-0.507,-0.617,-0.348,0.32,0.379,0.395,0.121,0.628,0.425
6,B1_3,0.197,-0.658,-0.584,-0.49,0.668,0.504,1.0,-0.593,-0.412,-0.69,0.693,0.429,0.221,-0.35,0.046,-0.207
6,A2_1,0.089,-0.033,0.811,0.042,-0.81,-0.507,-0.593,1.0,0.254,0.726,-0.358,-0.094,-0.154,-0.0,-0.464,-0.17
6,A2_2,0.098,0.599,0.439,0.652,-0.623,-0.617,-0.412,0.254,1.0,0.271,-0.557,-0.778,-0.396,0.292,-0.138,-0.117
6,A2_3,0.165,0.171,0.503,0.164,-0.686,-0.348,-0.69,0.726,0.271,1.0,-0.647,-0.532,-0.467,-0.021,-0.109,-0.224
6,B2_1,0.177,-0.636,-0.543,-0.732,0.687,0.32,0.693,-0.358,-0.557,-0.647,1.0,0.701,0.737,-0.45,-0.117,-0.099
6,B2_2,-0.144,-0.593,-0.208,-0.61,0.458,0.379,0.429,-0.094,-0.778,-0.532,0.701,1.0,0.646,-0.218,-0.151,0.165
6,B2_3,-0.33,-0.444,-0.387,-0.713,0.435,0.395,0.221,-0.154,-0.396,-0.467,0.737,0.646,1.0,0.009,0.169,0.406
6,y1,-0.885,0.358,0.365,0.336,-0.377,0.121,-0.35,-0.0,0.292,-0.021,-0.45,-0.218,0.009,1.0,0.68,0.872
6,y2,-0.741,0.008,-0.314,-0.124,0.193,0.628,0.046,-0.464,-0.138,-0.109,-0.117,-0.151,0.169,0.68,1.0,0.766
6,y3,-0.978,0.12,0.048,-0.032,-0.011,0.425,-0.207,-0.17,-0.117,-0.224,-0.099,0.165,0.406,0.872,0.766,1.0
8,.,1.0,0.063,-0.444,0.143,0.404,0.066,0.144,-0.438,0.166,-0.451,0.153,-0.245,0.046,-0.623,-0.793,-0.755
8,A1_1,0.063,1.0,0.429,0.49,-0.402,-0.444,-0.725,0.767,0.759,0.34,-0.187,-0.468,-0.402,-0.219,-0.219,0.197
8,A1_2,-0.444,0.429,1.0,0.428,-0.6,-0.735,-0.554,0.64,0.009,0.379,-0.27,0.031,-0.007,0.116,0.275,0.17
8,A1_3,0.143,0.49,0.428,1.0,-0.622,-0.725,-0.402,0.366,0.482,0.224,-0.388,-0.375,-0.546,0.068,-0.108,0.006
8,B1_1,0.404,-0.402,-0.6,-0.622,1.0,0.718,0.648,-0.713,-0.497,-0.746,0.778,0.452,0.608,-0.198,-0.039,-0.231
8,B1_2,0.066,-0.444,-0.735,-0.725,0.718,1.0,0.767,-0.634,-0.331,-0.533,0.394,0.214,0.351,0.01,0.053,0.056
8,B1_3,0.144,-0.725,-0.554,-0.402,0.648,0.767,1.0,-0.918,-0.613,-0.733,0.324,0.41,0.369,0.125,0.167,-0.12
8,A2_1,-0.438,0.767,0.64,0.366,-0.713,-0.634,-0.918,1.0,0.587,0.764,-0.337,-0.365,-0.37,0.061,0.073,0.396
8,A2_2,0.166,0.759,0.009,0.482,-0.497,-0.331,-0.613,0.587,1.0,0.531,-0.396,-0.507,-0.792,-0.292,-0.374,0.124
8,A2_3,-0.451,0.34,0.379,0.224,-0.746,-0.533,-0.733,0.764,0.531,1.0,-0.344,-0.125,-0.412,-0.118,-0.055,0.157
8,B2_1,0.153,-0.187,-0.27,-0.388,0.778,0.394,0.324,-0.337,-0.396,-0.344,1.0,0.635,0.663,-0.263,0.05,-0.152
8,B2_2,-0.245,-0.468,0.031,-0.375,0.452,0.214,0.41,-0.365,-0.507,-0.125,0.635,1.0,0.396,-0.103,0.419,0.0
8,B2_3,0.046,-0.402,-0.007,-0.546,0.608,0.351,0.369,-0.37,-0.792,-0.412,0.663,0.396,1.0,-0.147,-0.018,-0.357
8,y1,-0.623,-0.219,0.116,0.068,-0.198,0.01,0.125,0.061,-0.292,-0.118,-0.263,-0.103,-0.147,1.0,0.814,0.774
8,y2,-0.793,-0.219,0.275,-0.108,-0.039,0.053,0.167,0.073,-0.374,-0.055,0.05,0.419,-0.018,0.814,1.0,0.825
8,y3,-0.755,0.197,0.17,0.006,-0.231,0.056,-0.12,0.396,0.124,0.157,-0.152,0.0,-0.357,0.774,0.825,1.0
10,.,1.0,0.132,-0.142,-0.056,0.275,0.117,0.042,-0.083,0.068,0.142,-0.13,-0.427,0.179,-0.846,-0.783,-0.895
10,A1_1,0.132,1.0,0.504,0.367,-0.511,-0.589,-0.507,0.291,0.583,0.126,-0.656,-0.76,-0.699,-0.009,-0.104,-0.303
10,A1_2,-0.142,0.504,1.0,0.353,-0.612,-0.333,-0.534,0.688,0.467,0.026,-0.202,-0.313,-0.469,0.044,-0.21,0.143
10,A1_3,-0.056,0.367,0.353,1.0,-0.476,-0.604,-0.638,0.682,0.457,0.782,-0.832,-0.681,-0.768,0.217,0.231,0.037
10,B1_1,0.275,-0.511,-0.612,-0.476,1.0,0.792,0.525,-0.779,-0.242,-0.457,0.472,0.527,0.584,-0.325,-0.019,-0.198
10,B1_2,0.117,-0.589,-0.333,-0.604,0.792,1.0,0.652,-0.667,-0.29,-0.713,0.698,0.642,0.65,-0.072,-0.118,0.154
10,B1_3,0.042,-0.507,-0.534,-0.638,0.525,0.652,1.0,-0.689,-0.561,-0.614,0.688,0.611,0.649,0.049,-0.158,0.048
10,A2_1,-0.083,0.291,0.688,0.682,-0.779,-0.667,-0.689,1.0,0.502,0.678,-0.546,-0.485,-0.643,0.014,-0.16,0.051
10,A2_2,0.068,0.583,0.467,0.457,-0.242,-0.29,-0.561,0.502,1.0,0.256,-0.665,-0.469,-0.824,-0.087,-0.162,-0.155
10,A2_3,0.142,0.126,0.026,0.782,-0.457,-0.713,-0.614,0.678,0.256,1.0,-0.742,-0.605,-0.518,-0.089,0.063,-0.215
10,B2_1,-0.13,-0.656,-0.202,-0.832,0.472,0.698,0.688,-0.546,-0.665,-0.742,1.0,0.865,0.883,-0.066,-0.109,0.231
10,B2_2,-0.427,-0.76,-0.313,-0.681,0.527,0.642,0.611,-0.485,-0.469,-0.605,0.865,1.0,0.672,0.139,0.191,0.439
10,B2_3,0.179,-0.699,-0.469,-0.768,0.584,0.65,0.649,-0.643,-0.824,-0.518,0.883,0.672,1.0,-0.277,-0.16,-0.045
10,y1,-0.846,-0.009,0.044,0.217,-0.325,-0.072,0.049,0.014,-0.087,-0.089,-0.066,0.139,-0.277,1.0,0.776,0.885
10,y2,-0.783,-0.104,-0.21,0.231,-0.019,-0.118,-0.158,-0.16,-0.162,0.063,-0.109,0.191,-0.16,0.776,1.0,0.702
10,y3,-0.895,-0.303,0.143,0.037,-0.198,0.154,0.048,0.051,-0.155,-0.215,0.231,0.439,-0.045,0.885,0.702,1.0
12,.,1.0,-0.201,0.035,0.267,0.008,0.237,-0.247,0.146,0.196,0.338,-0.15,-0.438,-0.424,-0.779,-0.826,-0.682
12,A1_1,-0.201,1.0,0.668,0.433,-0.422,-0.434,-0.571,0.345,0.403,0.293,-0.786,-0.634,-0.39,0.437,0.119,0.408
12,A1_2,0.035,0.668,1.0,0.24,-0.636,-0.384,-0.405,0.317,0.247,0.416,-0.461,-0.585,-0.598,0.15,-0.209,-0.016
12,A1_3,0.267,0.433,0.24,1.0,-0.207,-0.165,-0.263,0.056,0.06,0.113,-0.794,-0.307,-0.012,0.108,-0.044,-0.216
12,B1_1,0.008,-0.422,-0.636,-0.207,1.0,0.388,0.184,-0.021,-0.027,-0.393,0.47,0.29,0.502,-0.399,-0.142,-0.039
12,B1_2,0.237,-0.434,-0.384,-0.165,0.388,1.0,0.76,-0.713,-0.47,-0.779,0.506,0.148,0.446,-0.207,-0.229,0.179
12,B1_3,-0.247,-0.571,-0.405,-0.263,0.184,0.76,1.0,-0.869,-0.764,-0.883,0.663,0.627,0.701,0.182,0.272,0.247
12,A2_1,0.146,0.345,0.317,0.056,-0.021,-0.713,-0.869,1.0,0.911,0.84,-0.41,-0.558,-0.498,-0.34,-0.397,-0.32
12,A2_2,0.196,0.403,0.247,0.06,-0.027,-0.47,-0.764,0.911,1.0,0.706,-0.455,-0.739,-0.446,-0.319,-0.482,-0.114
12,A2_3,0.338,0.293,0.416,0.113,-0.393,-0.779,-0.883,0.84,0.706,1.0,-0.496,-0.53,-0.794,-0.262,-0.34,-0.441
12,B2_1,-0.15,-0.786,-0.461,-0.794,0.47,0.506,0.663,-0.41,-0.455,-0.496,1.0,0.632,0.418,-0.249,0.011,-0.019
12,B2_2,-0.438,-0.634,-0.585,-0.307,0.29,0.148,0.627,-0.558,-0.739,-0.53,0.632,1.0,0.662,0.206,0.604,-0.019
12,B2_3,-0.424,-0.39,-0.598,-0.012,0.502,0.446,0.701,-0.498,-0.446,-0.794,0.418,0.662,1.0,0.129,0.368,0.165
12,y1,-0.779,0.437,0.15,0.108,-0.399,-0.207,0.182,-0.34,-0.319,-0.262,-0.249,0.206,0.129,1.0,0.871,0.762
12,y2,-0.826,0.119,-0.209,-0.044,-0.142,-0.229,0.272,-0.397,-0.482,-0.34,0.011,0.604,0.368,0.871,1.0,0.582
12,y3,-0.682,0.408,-0.016,-0.216,-0.039,0.179,0.247,-0.32,-0.114,-0.441,-0.019,-0.019,0.165,0.762,0.582,1.0
14,.,1.0,-0.287,0.194,-0.228,-0.176,-0.029,0.254,-0.322,-0.146,-0.225,-0.185,0.216,-0.277,-0.835,-0.9,-0.853
14,A1_1,-0.287,1.0,0.438,0.475,-0.577,-0.626,-0.572,0.296,0.602,0.143,-0.443,-0.635,-0.135,0.046,0.394,0.432
14,A1_2,0.194,0.438,1.0,0.338,-0.792,-0.851,-0.237,0.489,0.209,0.309,-0.688,-0.284,-0.413,-0.313,-0.269,0.012
14,A1_3,-0.228,0.475,0.338,1.0,-0.343,-0.296,-0.542,0.0,0.456,0.196,-0.359,-0.12,-0.364,0.224,0.297,0.471
14,B1_1,-0.176,-0.577,-0.792,-0.343,1.0,0.789,0.518,-0.431,-0.229,-0.46,0.944,0.686,0.685,0.124,0.071,-0.185
14,B1_2,-0.029,-0.626,-0.851,-0.296,0.789,1.0,0.474,-0.773,-0.574,-0.591,0.704,0.554,0.304,0.312,0.175,-0.039
14,B1_3,0.254,-0.572,-0.237,-0.542,0.518,0.474,1.0,-0.45,-0.706,-0.374,0.409,0.452,0.659,-0.262,-0.302,-0.36
14,A2_1,-0.322,0.296,0.489,0.0,-0.431,-0.773,-0.45,1.0,0.503,0.738,-0.387,-0.466,-0.12,0.019,0.018,0.144
14,A2_2,-0.146,0.602,0.209,0.456,-0.229,-0.574,-0.706,0.503,1.0,0.397,-0.122,-0.224,-0.092,-0.199,0.019,0.001
14,A2_3,-0.225,0.143,0.309,0.196,-0.46,-0.591,-0.374,0.738,0.397,1.0,-0.558,-0.484,-0.172,0.069,0.03,0.211
14,B2_1,-0.185,-0.443,-0.688,-0.359,0.944,0.704,0.409,-0.387,-0.122,-0.558,1.0,0.744,0.629,0.096,0.09,-0.196
14,B2_2,0.216,-0.635,-0.284,-0.12,0.686,0.554,0.452,-0.466,-0.224,-0.484,0.744,1.0,0.279,-0.166,-0.306,-0.415
14,B2_3,-0.277,-0.135,-0.413,-0.364,0.685,0.304,0.659,-0.12,-0.092,-0.172,0.629,0.279,1.0,-0.077,0.104,-0.081
14,y1,-0.835,0.046,-0.313,0.224,0.124,0.312,-0.262,0.019,-0.199,0.069,0.096,-0.166,-0.077,1.0,0.902,0.885
14,y2,-0.9,0.394,-0.269,0.297,0.071,0.175,-0.302,0.018,0.019,0.03,0.09,-0.306,0.104,0.902,1.0,0.935
14,y3,-0.853,0.432,0.012,0.471,-0.185,-0.039,-0.36,0.144,0.001,0.211,-0.196,-0.415,-0.081,0.885,0.935,1.0
16,.,1.0,0.211,-0.044,-0.134,-0.226,-0.333,-0.142,0.272,-0.209,-0.178,-0.079,-0.073,-0.004,-0.882,-0.879,-0.843
16,A1_1,0.211,1.0,0.732,0.249,-0.239,-0.434,-0.028,0.55,0.555,0.492,-0.761,-0.547,-0.701,-0.17,-0.367,0.008
16,A1_2,-0.044,0.732,1.0,0.301,-0.734,-0.368,-0.196,0.404,0.674,0.545,-0.737,-0.835,-0.853,0.023,-0.251,0.412
16,A1_3,-0.134,0.249,0.301,1.0,-0.181,-0.813,-0.205,0.633,0.494,0.478,-0.161,-0.404,-0.235,0.373,0.076,0.249
16,B1_1,-0.226,-0.239,-0.734,-0.181,1.0,0.393,0.176,-0.377,-0.418,-0.298,0.36,0.687,0.53,0.253,0.513,-0.096
16,B1_2,-0.333,-0.434,-0.368,-0.813,0.393,1.0,-0.064,-0.897,-0.343,-0.396,0.279,0.484,0.327,0.028,0.472,0.166
16,B1_3,-0.142,-0.028,-0.196,-0.205,0.176,-0.064,1.0,0.274,-0.355,-0.117,0.019,0.19,0.066,0.279,-0.079,-0.082
16,A2_1,0.272,0.55,0.404,0.633,-0.377,-0.897,0.274,1.0,0.467,0.575,-0.376,-0.449,-0.384,-0.093,-0.534,-0.214
16,A2_2,-0.209,0.555,0.674,0.494,-0.418,-0.343,-0.355,0.467,1.0,0.814,-0.591,-0.501,-0.538,0.048,0.028,0.272
16,A2_3,-0.178,0.492,0.545,0.478,-0.298,-0.396,-0.117,0.575,0.814,1.0,-0.675,-0.663,-0.689,0.129,-0.097,0.299
16,B2_1,-0.079,-0.761,-0.737,-0.161,0.36,0.279,0.019,-0.376,-0.591,-0.675,1.0,0.756,0.918,0.021,0.278,-0.198
16,B2_2,-0.073,-0.547,-0.835,-0.404,0.687,0.484,0.19,-0.449,-0.501,-0.663,0.756,1.0,0.933,-0.05,0.365,-0.394
16,B2_3,-0.004,-0.701,-0.853,-0.235,0.53,0.327,0.066,-0.384,-0.538,-0.689,0.918,0.933,1.0,-0.072,0.293,-0.399
16,y1,-0.882,-0.17,0.023,0.373,0.253,0.028,0.279,-0.093,0.048,0.129,0.021,-0.05,-0.072,1.0,0.778,0.815
16,y2,-0.879,-0.367,-0.251,0.076,0.513,0.472,-0.079,-0.534,0.028,-0.097,0.278,0.365,0.293,0.778,1.0,0.661
16,y3,-0.843,0.008,0.412,0.249,-0.096,0.166,-0.082,-0.214,0.272,0.299,-0.198,-0.394,-0.399,0.815,0.661,1.0
18,.,1.0,0.16,0.062,-0.38,-0.242,0.087,-0.526,0.289,0.131,0.083,-0.487,-0.118,-0.128,-0.847,-0.423,-0.384
18,A1_1,0.16,1.0,0.697,0.699,-0.241,-0.768,-0.662,0.545,0.671,0.684,-0.47,-0.432,-0.719,-0.017,0.262,-0.066
18,A1_2,0.062,0.697,1.0,0.751,-0.548,-0.781,-0.452,0.655,0.529,0.474,-0.723,-0.658,-0.676,-0.025,0.141,0.125
18,A1_3,-0.38,0.699,0.751,1.0,-0.3,-0.812,-0.33,0.329,0.343,0.336,-0.275,-0.465,-0.62,0.281,0.303,-0.008
18,B1_1,-0.242,-0.241,-0.548,-0.3,1.0,0.212,0.549,-0.596,-0.438,-0.295,0.829,0.529,0.372,0.176,-0.168,-0.372
18,B1_2,0.087,-0.768,-0.781,-0.812,0.212,1.0,0.409,-0.491,-0.453,-0.525,0.287,0.201,0.695,0.012,-0.133,0.204
18,B1_3,-0.526,-0.662,-0.452,-0.33,0.549,0.409,1.0,-0.254,-0.283,-0.231,0.694,0.533,0.54,0.321,-0.215,0.105
18,A2_1,0.289,0.545,0.655,0.329,-0.596,-0.491,-0.254,1.0,0.897,0.853,-0.609,-0.201,-0.526,-0.238,-0.017,0.212
18,A2_2,0.131,0.671,0.529,0.343,-0.438,-0.453,-0.283,0.897,1.0,0.977,-0.494,-0.206,-0.6,0.064,0.306,0.392
18,A2_3,0.083,0.684,0.474,0.336,-0.295,-0.525,-0.231,0.853,0.977,1.0,-0.349,-0.047,-0.577,0.068,0.274,0.295
18,B2_1,-0.487,-0.47,-0.723,-0.275,0.829,0.287,0.694,-0.609,-0.494,-0.349,1.0,0.781,0.544,0.235,-0.189,-0.322
18,B2_2,-0.118,-0.432,-0.658,-0.465,0.529,0.201,0.533,-0.201,-0.206,-0.047,0.781,1.0,0.53,-0.173,-0.424,-0.374
18,B2_3,-0.128,-0.719,-0.676,-0.62,0.372,0.695,0.54,-0.526,-0.6,-0.577,0.544,0.53,1.0,-0.109,-0.544,-0.134
18,y1,-0.847,-0.017,-0.025,0.281,0.176,0.012,0.321,-0.238,0.064,0.068,0.235,-0.173,-0.109,1.0,0.783,0.69
18,y2,-0.423,0.262,0.141,0.303,-0.168,-0.133,-0.215,-0.017,0.306,0.274,-0.189,-0.424,-0.544,0.783,1.0,0.706
18,y3,-0.384,-0.066,0.125,-0.008,-0.372,0.204,0.105,0.212,0.392,0.295,-0.322,-0.374,-0.134,0.69,0.706,1.0
20,.,1.0,0.633,0.249,-0.27,-0.008,-0.259,-0.395,-0.043,-0.464,-0.183,-0.189,-0.032,0.073,-0.684,-0.81,-0.607
20,A1_1,0.633,1.0,0.734,0.41,-0.577,-0.695,-0.914,0.386,-0.007,0.239,-0.59,-0.439,-0.374,-0.267,-0.229,-0.189
20,A1_2,0.249,0.734,1.0,0.842,-0.55,-0.868,-0.78,0.627,0.482,0.658,-0.594,-0.569,-0.511,0.099,0.226,0.158
20,A1_3,-0.27,0.41,0.842,1.0,-0.6,-0.659,-0.527,0.536,0.704,0.731,-0.513,-0.526,-0.549,0.355,0.591,0.354
20,B1_1,-0.008,-0.577,-0.55,-0.6,1.0,0.347,0.564,-0.411,-0.112,-0.268,0.429,0.538,0.308,0.194,-0.157,0.14
20,B1_2,-0.259,-0.695,-0.868,-0.659,0.347,1.0,0.832,-0.65,-0.565,-0.708,0.511,0.333,0.469,-0.218,-0.18,-0.297
20,B1_3,-0.395,-0.914,-0.78,-0.527,0.564,0.832,1.0,-0.595,-0.143,-0.41,0.709,0.558,0.593,-0.098,-0.096,-0.177
20,A2_1,-0.043,0.386,0.627,0.536,-0.411,-0.65,-0.595,1.0,0.353,0.741,-0.505,-0.705,-0.37,0.404,0.492,0.591
20,A2_2,-0.464,-0.007,0.482,0.704,-0.112,-0.565,-0.143,0.353,1.0,0.737,0.046,0.098,-0.074,0.439,0.514,0.439
20,A2_3,-0.183,0.239,0.658,0.731,-0.268,-0.708,-0.41,0.741,0.737,1.0,-0.481,-0.424,-0.417,0.401,0.487,0.507
20,B2_1,-0.189,-0.59,-0.594,-0.513,0.429,0.511,0.709,-0.505,0.046,-0.481,1.0,0.825,0.912,-0.261,-0.297,-0.294
20,B2_2,-0.032,-0.439,-0.569,-0.526,0.538,0.333,0.558,-0.705,0.098,-0.424,0.825,1.0,0.697,-0.285,-0.456,-0.376
20,B2_3,0.073,-0.374,-0.511,-0.549,0.308,0.469,0.593,-0.37,-0.074,-0.417,0.912,0.697,1.0,-0.506,-0.502,-0.46
20,y1,-0.684,-0.267,0.099,0.355,0.194,-0.218,-0.098,0.404,0.439,0.401,-0.261,-0.285,-0.506,1.0,0.898,0.968
20,y2,-0.81,-0.229,0.226,0.591,-0.157,-0.18,-0.096,0.492,0.514,0.487,-0.297,-0.456,-0.502,0.898,1.0,0.877
20,y3,-0.607,-0.189,0.158,0.354,0.14,-0.297,-0.177,0.591,0.439,0.507,-0.294,-0.376,-0.46,0.968,0.877,1.0
22,.,1.0,0.048,0.161,0.106,-0.243,0.143,0.298,0.01,-0.432,0.196,0.048,0.052,-0.077,-0.528,-0.597,-0.642
22,A1_1,0.048,1.0,0.567,0.367,-0.613,-0.546,-0.844,0.736,0.62,0.527,-0.752,-0.717,-0.397,0.296,0.02,0.31
22,A1_2,0.161,0.567,1.0,0.545,-0.603,-0.51,-0.548,0.656,0.334,0.174,-0.619,-0.663,-0.062,0.414,0.111,0.198
22,A1_3,0.106,0.367,0.545,1.0,-0.49,-0.177,-0.14,0.632,0.571,0.753,0.074,-0.655,0.457,-0.048,-0.171,-0.133
22,B1_1,-0.243,-0.613,-0.603,-0.49,1.0,0.756,0.518,-0.893,-0.538,-0.614,0.274,0.51,-0.15,-0.302,-0.154,0.061
22,B1_2,0.143,-0.546,-0.51,-0.177,0.756,1.0,0.746,-0.793,-0.599,-0.207,0.389,0.177,0.081,-0.549,-0.265,-0.13
22,B1_3,0.298,-0.844,-0.548,-0.14,0.518,0.746,1.0,-0.635,-0.594,-0.161,0.76,0.48,0.306,-0.542,-0.273,-0.433
22,A2_1,0.01,0.736,0.656,0.632,-0.893,-0.793,-0.635,1.0,0.801,0.683,-0.378,-0.634,-0.008,0.422,0.155,0.155
22,A2_2,-0.432,0.62,0.334,0.571,-0.538,-0.599,-0.594,0.801,1.0,0.66,-0.206,-0.61,0.025,0.301,0.103,0.257
22,A2_3,0.196,0.527,0.174,0.753,-0.614,-0.207,-0.161,0.683,0.66,1.0,0.099,-0.602,0.243,-0.178,-0.218,-0.181
22,B2_1,0.048,-0.752,-0.619,0.074,0.274,0.389,0.76,-0.378,-0.206,0.099,1.0,0.515,0.693,-0.561,-0.282,-0.619
22,B2_2,0.052,-0.717,-0.663,-0.655,0.51,0.177,0.48,-0.634,-0.61,-0.602,0.515,1.0,0.039,-0.215,-0.097,-0.347
22,B2_3,-0.077,-0.397,-0.062,0.457,-0.15,0.081,0.306,-0.008,0.025,0.243,0.693,0.039,1.0,-0.234,0.024,-0.429
22,y1,-0.528,0.296,0.414,-0.048,-0.302,-0.549,-0.542,0.422,0.301,-0.178,-0.561,-0.215,-0.234,1.0,0.882,0.831
22,y2,-0.597,0.02,0.111,-0.171,-0.154,-0.265,-0.273,0.155,0.103,-0.218,-0.282,-0.097,0.024,0.882,1.0,0.786
22,y3,-0.642,0.31,0.198,-0.133,0.061,-0.13,-0.433,0.155,0.257,-0.181,-0.619,-0.347,-0.429,0.831,0.786,1.0
24,.,1.0,0.011,-0.084,-0.01,-0.003,-0.132,-0.055,0.3,0.184,-0.359,0.111,-0.072,0.302,-0.72,-0.926,-0.9
24,A1_1,0.011,1.0,0.837,0.813,-0.555,-0.556,-0.506,0.478,0.383,0.623,-0.48,-0.518,-0.542,-0.061,0.071,-0.199
24,A1_2,-0.084,0.837,1.0,0.868,-0.588,-0.579,-0.495,0.693,0.321,0.621,-0.187,-0.475,-0.224,0.156,0.189,0.118
24,A1_3,-0.01,0.813,0.868,1.0,-0.601,-0.476,-0.242,0.551,0.394,0.629,-0.361,-0.467,-0.314,0.109,0.141,0.005
24,B1_1,-0.003,-0.555,-0.588,-0.601,1.0,0.865,0.514,-0.779,-0.863,-0.825,0.668,0.665,0.274,-0.375,-0.102,-0.028
24,B1_2,-0.132,-0.556,-0.579,-0.476,0.865,1.0,0.782,-0.684,-0.581,-0.681,0.391,0.459,0.254,-0.068,0.137,0.096
24,B1_3,-0.055,-0.506,-0.495,-0.242,0.514,0.782,1.0,-0.511,-0.261,-0.301,0.227,0.484,0.315,-0.067,0.092,0.045
24,A2_1,0.3,0.478,0.693,0.551,-0.779,-0.684,-0.511,1.0,0.741,0.461,-0.326,-0.694,0.067,0.239,-0.109,-0.107
24,A2_2,0.184,0.383,0.321,0.394,-0.863,-0.581,-0.261,0.741,1.0,0.596,-0.79,-0.765,-0.179,0.364,0.002,-0.178
24,A2_3,-0.359,0.623,0.621,0.629,-0.825,-0.681,-0.301,0.461,0.596,1.0,-0.529,-0.455,-0.285,0.381,0.343,0.263
24,B2_1,0.111,-0.48,-0.187,-0.361,0.668,0.391,0.227,-0.326,-0.79,-0.529,1.0,0.627,0.68,-0.397,-0.286,0.096
24,B2_2,-0.072,-0.518,-0.475,-0.467,0.665,0.459,0.484,-0.694,-0.765,-0.455,0.627,1.0,0.105,-0.421,-0.036,0.059
24,B2_3,0.302,-0.542,-0.224,-0.314,0.274,0.254,0.315,0.067,-0.179,-0.285,0.68,0.105,1.0,-0.143,-0.424,-0.006
24,y1,-0.72,-0.061,0.156,0.109,-0.375,-0.068,-0.067,0.239,0.364,0.381,-0.397,-0.421,-0.143,1.0,0.814,0.806
24,y2,-0.926,0.071,0.189,0.141,-0.102,0.137,0.092,-0.109,0.002,0.343,-0.286,-0.036,-0.424,0.814,1.0,0.85
24,y3,-0.9,-0.199,0.118,0.005,-0.028,0.096,0.045,-0.107,-0.178,0.263,0.096,0.059,-0.006,0.806,0.85,1.0
26,.,1.0,-0.466,-0.399,-0.02,0.177,-0.42,0.072,0.02,-0.103,-0.232,0.379,0.425,0.143,-0.657,-0.816,-0.318
26,A1_1,-0.466,1.0,0.388,0.534,-0.49,-0.331,-0.685,0.047,0.75,0.43,-0.602,-0.491,-0.647,0.249,0.336,0.342
26,A1_2,-0.399,0.388,1.0,0.386,-0.57,0.348,-0.11,0.618,0.25,0.319,-0.836,-0.609,-0.663,-0.238,-0.083,-0.531
26,A1_3,-0.02,0.534,0.386,1.0,-0.333,-0.491,-0.824,0.467,0.768,0.563,-0.671,-0.612,-0.685,-0.151,-0.038,0.051
26,B1_1,0.177,-0.49,-0.57,-0.333,1.0,0.099,0.459,-0.269,-0.385,-0.251,0.649,0.741,0.715,0.181,-0.054,0.159
26,B1_2,-0.42,-0.331,0.348,-0.491,0.099,1.0,0.707,-0.157,-0.692,-0.253,0.154,-0.103,0.363,-0.095,0.143,-0.487
26,B1_3,0.072,-0.685,-0.11,-0.824,0.459,0.707,1.0,-0.25,-0.841,-0.691,0.516,0.584,0.722,-0.164,-0.257,-0.472
26,A2_1,0.02,0.047,0.618,0.467,-0.269,-0.157,-0.25,1.0,0.466,0.51,-0.713,-0.255,-0.692,-0.054,-0.248,-0.229
26,A2_2,-0.103,0.75,0.25,0.768,-0.385,-0.692,-0.841,0.466,1.0,0.569,-0.651,-0.381,-0.778,0.214,0.081,0.407
26,A2_3,-0.232,0.43,0.319,0.563,-0.251,-0.253,-0.691,0.51,0.569,1.0,-0.447,-0.551,-0.729,0.288,0.361,0.348
26,B2_1,0.379,-0.602,-0.836,-0.671,0.649,0.154,0.516,-0.713,-0.651,-0.447,1.0,0.624,0.845,0.004,-0.032,0.158
26,B2_2,0.425,-0.491,-0.609,-0.612,0.741,-0.103,0.584,-0.255,-0.381,-0.551,0.624,1.0,0.659,0.073,-0.341,0.065
26,B2_3,0.143,-0.647,-0.663,-0.685,0.715,0.363,0.722,-0.692,-0.778,-0.729,0.845,0.659,1.0,0.026,-0.007,-0.013
26,y1,-0.657,0.249,-0.238,-0.151,0.181,-0.095,-0.164,-0.054,0.214,0.288,0.004,0.073,0.026,1.0,0.836,0.845
26,y2,-0.816,0.336,-0.083,-0.038,-0.054,0.143,-0.257,-0.248,0.081,0.361,-0.032,-0.341,-0.007,0.836,1.0,0.707
26,y3,-0.318,0.342,-0.531,0.051,0.159,-0.487,-0.472,-0.229,0.407,0.348,0.158,0.065,-0.013,0.845,0.707,1.0
28,.,1.0,0.197,-0.104,-0.216,-0.162,-0.026,-0.024,-0.048,-0.251,-0.087,0.102,0.207,0.014,-0.699,-0.789,-0.754
28,A1_1,0.197,1.0,0.459,0.492,-0.63,-0.435,-0.668,0.242,0.492,0.094,-0.408,0.16,-0.039,-0.245,0.107,0.223
28,A1_2,-0.104,0.459,1.0,0.654,-0.765,-0.411,-0.598,0.647,0.722,0.256,-0.752,-0.724,-0.55,0.086,0.137,0.133
28,A1_3,-0.216,0.492,0.654,1.0,-0.69,-0.472,-0.664,0.588,0.637,0.351,-0.686,-0.488,-0.131,0.062,0.23,0.132
28,B1_1,-0.162,-0.63,-0.765,-0.69,1.0,0.772,0.726,-0.818,-0.762,-0.534,0.768,0.539,0.329,0.317,-0.01,-0.003
28,B1_2,-0.026,-0.435,-0.411,-0.472,0.772,1.0,0.52,-0.467,-0.426,-0.21,0.782,0.335,0.181,-0.002,-0.388,-0.315
28,B1_3,-0.024,-0.668,-0.598,-0.664,0.726,0.52,1.0,-0.516,-0.731,-0.391,0.522,0.376,0.543,-0.009,-0.178,-0.14
28,A2_1,-0.048,0.242,0.647,0.588,-0.818,-0.467,-0.516,1.0,0.756,0.874,-0.461,-0.651,-0.348,-0.392,-0.143,-0.173
28,A2_2,-0.251,0.492,0.722,0.637,-0.762,-0.426,-0.731,0.756,1.0,0.612,-0.608,-0.623,-0.274,-0.079,0.189,0.255
28,A2_3,-0.087,0.094,0.256,0.351,-0.534,-0.21,-0.391,0.874,0.612,1.0,-0.036,-0.365,-0.202,-0.5,-0.239,-0.247
28,B2_1,0.102,-0.408,-0.752,-0.686,0.768,0.782,0.522,-0.461,-0.608,-0.036,1.0,0.66,0.203,-0.208,-0.395,-0.345
28,B2_2,0.207,0.16,-0.724,-0.488,0.539,0.335,0.376,-0.651,-0.623,-0.365,0.66,1.0,0.515,-0.194,-0.089,0.012
28,B2_3,0.014,-0.039,-0.55,-0.131,0.329,0.181,0.543,-0.348,-0.274,-0.202,0.203,0.515,1.0,-0.258,-0.064,0.048
28,y1,-0.699,-0.245,0.086,0.062,0.317,-0.002,-0.009,-0.392,-0.079,-0.5,-0.208,-0.194,-0.258,1.0,0.812,0.705
28,y2,-0.789,0.107,0.137,0.23,-0.01,-0.388,-0.178,-0.143,0.189,-0.239,-0.395,-0.089,-0.064,0.812,1.0,0.955
28,y3,-0.754,0.223,0.133,0.132,-0.003,-0.315,-0.14,-0.173,0.255,-0.247,-0.345,0.012,0.048,0.705,0.955,1.0
30,.,1.0,0.149,-0.198,0.277,-0.268,-0.393,-0.249,0.327,0.302,-0.087,-0.081,-0.335,-0.251,-0.807,-0.828,-0.893
30,A1_1,0.149,1.0,0.215,0.621,-0.284,-0.426,-0.292,0.271,0.331,0.014,-0.803,-0.177,-0.17,0.14,0.111,0.044
30,A1_2,-0.198,0.215,1.0,0.397,-0.368,-0.166,-0.16,0.274,0.398,0.339,-0.407,-0.158,0.053,0.231,0.35,0.223
30,A1_3,0.277,0.621,0.397,1.0,-0.606,-0.796,-0.644,0.499,0.705,0.265,-0.7,-0.771,-0.265,0.134,-0.018,-0.099
30,B1_1,-0.268,-0.284,-0.368,-0.606,1.0,0.823,0.465,-0.706,-0.962,-0.802,0.509,0.691,0.716,-0.086,0.184,0.175
30,B1_2,-0.393,-0.426,-0.166,-0.796,0.823,1.0,0.608,-0.693,-0.899,-0.573,0.587,0.789,0.606,-0.14,0.129,0.128
30,B1_3,-0.249,-0.292,-0.16,-0.644,0.465,0.608,1.0,-0.227,-0.629,-0.269,0.606,0.818,0.69,-0.078,0.016,0.087
30,A2_1,0.327,0.271,0.274,0.499,-0.706,-0.693,-0.227,1.0,0.637,0.788,-0.13,-0.296,-0.406,-0.154,-0.384,-0.308
30,A2_2,0.302,0.331,0.398,0.705,-0.962,-0.899,-0.629,0.637,1.0,0.71,-0.635,-0.807,-0.734,0.147,-0.087,-0.115
30,A2_3,-0.087,0.014,0.339,0.265,-0.802,-0.573,-0.269,0.788,0.71,1.0,-0.138,-0.332,-0.64,0.215,-0.05,0.056
30,B2_1,-0.081,-0.803,-0.407,-0.7,0.509,0.587,0.606,-0.13,-0.635,-0.138,1.0,0.553,0.441,-0.362,-0.328,-0.207
30,B2_2,-0.335,-0.177,-0.158,-0.771,0.691,0.789,0.818,-0.296,-0.807,-0.332,0.553,1.0,0.594,-0.102,0.105,0.167
30,B2_3,-0.251,-0.17,0.053,-0.265,0.716,0.606,0.69,-0.406,-0.734,-0.64,0.441,0.594,1.0,-0.037,0.185,0.145
30,y1,-0.807,0.14,0.231,0.134,-0.086,-0.14,-0.078,-0.154,0.147,0.215,-0.362,-0.102,-0.037,1.0,0.915,0.95
30,y2,-0.828,0.111,0.35,-0.018,0.184,0.129,0.016,-0.384,-0.087,-0.05,-0.328,0.105,0.185,0.915,1.0,0.972
30,y3,-0.893,0.044,0.223,-0.099,0.175,0.128,0.087,-0.308,-0.115,0.056,-0.207,0.167,0.145,0.95,0.972,1.0
32,.,1.0,0.063,-0.038,-0.157,-0.284,0.046,-0.025,-0.282,0.401,-0.004,-0.358,-0.125,-0.309,-0.709,-0.44,-0.731
32,A1_1,0.063,1.0,0.45,0.49,-0.576,-0.674,-0.735,0.446,0.46,0.571,-0.482,-0.567,-0.694,-0.007,0.087,0.09
32,A1_2,-0.038,0.45,1.0,0.689,-0.357,-0.349,-0.1,0.652,0.1,0.111,-0.038,-0.655,-0.354,0.27,-0.187,0.079
32,A1_3,-0.157,0.49,0.689,1.0,-0.46,-0.589,-0.224,0.573,0.187,0.081,-0.134,-0.172,-0.353,-0.038,-0.273,-0.131
32,B1_1,-0.284,-0.576,-0.357,-0.46,1.0,0.813,0.661,-0.562,-0.882,-0.615,0.899,0.442,0.922,0.163,-0.095,0.076
32,B1_2,0.046,-0.674,-0.349,-0.589,0.813,1.0,0.494,-0.536,-0.515,-0.722,0.607,0.193,0.727,-0.029,-0.025,-0.182
32,B1_3,-0.025,-0.735,-0.1,-0.224,0.661,0.494,1.0,-0.516,-0.742,-0.405,0.791,0.573,0.803,0.113,-0.445,-0.064
32,A2_1,-0.282,0.446,0.652,0.573,-0.562,-0.536,-0.516,1.0,0.412,0.308,-0.382,-0.54,-0.668,0.114,0.035,0.143
32,A2_2,0.401,0.46,0.1,0.187,-0.882,-0.515,-0.742,0.412,1.0,0.542,-0.919,-0.404,-0.875,-0.345,0.122,-0.263
32,A2_3,-0.004,0.571,0.111,0.081,-0.615,-0.722,-0.405,0.308,0.542,1.0,-0.486,-0.162,-0.612,0.111,0.039,0.25
32,B2_1,-0.358,-0.482,-0.038,-0.134,0.899,0.607,0.791,-0.382,-0.919,-0.486,1.0,0.45,0.884,0.233,-0.335,0.071
32,B2_2,-0.125,-0.567,-0.655,-0.172,0.442,0.193,0.573,-0.54,-0.404,-0.162,0.45,1.0,0.579,-0.277,-0.366,-0.225
32,B2_3,-0.309,-0.694,-0.354,-0.353,0.922,0.727,0.803,-0.668,-0.875,-0.612,0.884,0.579,1.0,0.255,-0.072,0.12
32,y1,-0.709,-0.007,0.27,-0.038,0.163,-0.029,0.113,0.114,-0.345,0.111,0.233,-0.277,0.255,1.0,0.629,0.932
32,y2,-0.44,0.087,-0.187,-0.273,-0.095,-0.025,-0.445,0.035,0.122,0.039,-0.335,-0.366,-0.072,0.629,1.0,0.737
32,y3,-0.731,0.09,0.079,-0.131,0.076,-0.182,-0.064,0.143,-0.263,0.25,0.071,-0.225,0.12,0.932,0.737,1.0
34,.,1.0,-0.158,-0.575,-0.679,0.027,-0.031,0.122,-0.464,-0.426,-0.322,0.273,0.126,0.363,-0.721,-0.483,-0.403
34,A1_1,-0.158,1.0,0.78,0.693,-0.371,-0.52,-0.828,0.585,0.639,0.323,-0.76,-0.59,-0.678,-0.144,-0.113,-0.112
34,A1_2,-0.575,0.78,1.0,0.846,-0.272,-0.163,-0.606,0.807,0.629,0.408,-0.758,-0.755,-0.707,0.197,0.228,0.065
34,A1_3,-0.679,0.693,0.846,1.0,0.027,-0.221,-0.511,0.47,0.386,0.109,-0.79,-0.458,-0.648,0.247,0.104,0.032
34,B1_1,0.027,-0.371,-0.272,0.027,1.0,0.58,0.211,-0.718,-0.478,-0.644,0.252,0.549,0.29,0.136,0.074,-0.081
34,B1_2,-0.031,-0.52,-0.163,-0.221,0.58,1.0,0.559,-0.201,-0.221,-0.358,0.514,0.144,0.37,0.07,0.126,-0.228
34,B1_3,0.122,-0.828,-0.606,-0.511,0.211,0.559,1.0,-0.373,-0.517,-0.235,0.654,0.315,0.721,-0.182,-0.269,-0.336
34,A2_1,-0.464,0.585,0.807,0.47,-0.718,-0.201,-0.373,1.0,0.689,0.631,-0.511,-0.834,-0.576,0.134,0.211,0.105
34,A2_2,-0.426,0.639,0.629,0.386,-0.478,-0.221,-0.517,0.689,1.0,0.751,-0.195,-0.326,-0.376,0.123,0.068,-0.008
34,A2_3,-0.322,0.323,0.408,0.109,-0.644,-0.358,-0.235,0.631,0.751,1.0,-0.017,-0.264,0.003,0.165,0.17,0.161
34,B2_1,0.273,-0.76,-0.758,-0.79,0.252,0.514,0.654,-0.511,-0.195,-0.017,1.0,0.699,0.84,0.031,0.008,-0.056
34,B2_2,0.126,-0.59,-0.755,-0.458,0.549,0.144,0.315,-0.834,-0.326,-0.264,0.699,1.0,0.609,0.227,0.046,0.164
34,B2_3,0.363,-0.678,-0.707,-0.648,0.29,0.37,0.721,-0.576,-0.376,0.003,0.84,0.609,1.0,-0.163,-0.182,-0.237
34,y1,-0.721,-0.144,0.197,0.247,0.136,0.07,-0.182,0.134,0.123,0.165,0.031,0.227,-0.163,1.0,0.909,0.871
34,y2,-0.483,-0.113,0.228,0.104,0.074,0.126,-0.269,0.211,0.068,0.17,0.008,0.046,-0.182,0.909,1.0,0.902
34,y3,-0.403,-0.112,0.065,0.032,-0.081,-0.228,-0.336,0.105,-0.008,0.161,-0.056,0.164,-0.237,0.871,0.902,1.0
36,.,1.0,0.059,-0.093,0.044,0.05,0.25,-0.19,-0.022,-0.138,0.255,-0.246,-0.203,-0.08,-0.713,-0.549,-0.441
36,A1_1,0.059,1.0,0.744,0.46,-0.305,-0.249,-0.483,0.71,0.575,0.254,-0.393,-0.178,-0.626,-0.126,-0.159,-0.212
36,A1_2,-0.093,0.744,1.0,0.57,-0.336,-0.507,-0.104,0.68,0.538,-0.005,-0.46,-0.262,-0.461,-0.349,-0.388,-0.459
36,A1_3,0.044,0.46,0.57,1.0,-0.497,-0.829,-0.638,0.701,0.804,0.675,-0.704,-0.631,-0.743,-0.157,-0.012,0.049
36,B1_1,0.05,-0.305,-0.336,-0.497,1.0,0.494,0.114,-0.104,-0.096,-0.192,0.321,0.43,0.054,-0.296,0.221,0.102
36,B1_2,0.25,-0.249,-0.507,-0.829,0.494,1.0,0.491,-0.391,-0.51,-0.494,0.307,0.342,0.365,0.021,-0.095,-0.04
36,B1_3,-0.19,-0.483,-0.104,-0.638,0.114,0.491,1.0,-0.538,-0.616,-0.882,0.248,0.194,0.695,0.055,-0.281,-0.254
36,A2_1,-0.022,0.71,0.68,0.701,-0.104,-0.391,-0.538,1.0,0.9,0.505,-0.548,-0.353,-0.917,-0.248,-0.051,-0.065
36,A2_2,-0.138,0.575,0.538,0.804,-0.096,-0.51,-0.616,0.9,1.0,0.6,-0.703,-0.54,-0.958,-0.056,0.257,0.281
36,A2_3,0.255,0.254,-0.005,0.675,-0.192,-0.494,-0.882,0.505,0.6,1.0,-0.372,-0.473,-0.699,-0.083,0.323,0.357
36,B2_1,-0.246,-0.393,-0.46,-0.704,0.321,0.307,0.248,-0.548,-0.703,-0.372,1.0,0.9,0.691,0.193,0.025,-0.149
36,B2_2,-0.203,-0.178,-0.262,-0.631,0.43,0.342,0.194,-0.353,-0.54,-0.473,0.9,1.0,0.542,0.06,-0.14,-0.318
36,B2_3,-0.08,-0.626,-0.461,-0.743,0.054,0.365,0.695,-0.917,-0.958,-0.699,0.691,0.542,1.0,0.165,-0.191,-0.228
36,y1,-0.713,-0.126,-0.349,-0.157,-0.296,0.021,0.055,-0.248,-0.056,-0.083,0.193,0.06,0.165,1.0,0.64,0.678
36,y2,-0.549,-0.159,-0.388,-0.012,0.221,-0.095,-0.281,-0.051,0.257,0.323,0.025,-0.14,-0.191,0.64,1.0,0.954
36,y3,-0.441,-0.212,-0.459,0.049,0.102,-0.04,-0.254,-0.065,0.281,0.357,-0.149,-0.318,-0.228,0.678,0.954,1.0
38,.,1.0,0.02,0.119,-0.25,0.105,-0.142,-0.146,-0.085,-0.084,-0.137,-0.049,0.033,-0.283,-0.674,-0.773,-0.715
38,A1_1,0.02,1.0,0.438,0.502,-0.667,-0.323,-0.035,0.339,0.182,-0.415,0.078,-0.357,-0.385,-0.426,-0.405,-0.068
38,A1_2,0.119,0.438,1.0,0.751,-0.711,-0.593,-0.374,0.583,0.677,0.316,-0.783,-0.917,-0.747,-0.121,-0.125,-0.073
38,A1_3,-0.25,0.502,0.751,1.0,-0.649,-0.535,-0.434,0.903,0.591,0.113,-0.438,-0.741,-0.332,-0.18,0.078,-0.094
38,B1_1,0.105,-0.667,-0.711,-0.649,1.0,0.83,0.296,-0.58,-0.602,-0.323,0.491,0.672,0.556,-0.011,-0.038,-0.2
38,B1_2,-0.142,-0.323,-0.593,-0.535,0.83,1.0,0.491,-0.694,-0.516,-0.545,0.577,0.607,0.52,0.038,-0.129,-0.067
38,B1_3,-0.146,-0.035,-0.374,-0.434,0.296,0.491,1.0,-0.549,-0.76,-0.301,0.577,0.592,0.432,-0.07,-0.072,0.032
38,A2_1,-0.085,0.339,0.583,0.903,-0.58,-0.694,-0.549,1.0,0.49,0.205,-0.377,-0.606,-0.231,-0.265,0.108,-0.205
38,A2_2,-0.084,0.182,0.677,0.591,-0.602,-0.516,-0.76,0.49,1.0,0.486,-0.75,-0.748,-0.475,0.245,0.105,0.105
38,A2_3,-0.137,-0.415,0.316,0.113,-0.323,-0.545,-0.301,0.205,0.486,1.0,-0.684,-0.346,-0.167,0.567,0.598,0.38
38,B2_1,-0.049,0.078,-0.783,-0.438,0.491,0.577,0.577,-0.377,-0.75,-0.684,1.0,0.867,0.748,-0.353,-0.254,-0.242
38,B2_2,0.033,-0.357,-0.917,-0.741,0.672,0.607,0.592,-0.606,-0.748,-0.346,0.867,1.0,0.834,-0.108,-0.099,-0.168
38,B2_3,-0.283,-0.385,-0.747,-0.332,0.556,0.52,0.432,-0.231,-0.475,-0.167,0.748,0.834,1.0,-0.025,0.143,-0.172
38,y1,-0.674,-0.426,-0.121,-0.18,-0.011,0.038,-0.07,-0.265,0.245,0.567,-0.353,-0.108,-0.025,1.0,0.839,0.891
38,y2,-0.773,-0.405,-0.125,0.078,-0.038,-0.129,-0.072,0.108,0.105,0.598,-0.254,-0.099,0.143,0.839,1.0,0.797
38,y3,-0.715,-0.068,-0.073,-0.094,-0.2,-0.067,0.032,-0.205,0.105,0.38,-0.242,-0.168,-0.172,0.891,0.797,1.0
40,.,1.0,-0.337,-0.054,-0.043,0.053,-0.092,-0.208,-0.245,-0.043,-0.255,0.118,-0.065,0.127,-0.851,-0.912,-0.893
40,A1_1,-0.337,1.0,0.723,0.346,-0.382,-0.363,-0.227,0.631,0.523,0.594,-0.384,-0.679,-0.528,0.109,0.41,0.099
40,A1_2,-0.054,0.723,1.0,0.58,-0.455,-0.053,0.223,0.544,0.125,0.775,0.021,-0.544,-0.301,-0.04,0.129,-0.013
40,A1_3,-0.043,0.346,0.58,1.0,-0.568,-0.285,0.018,0.784,0.322,0.643,-0.242,-0.425,-0.504,-0.112,-0.052,0.081
40,B1_1,0.053,-0.382,-0.455,-0.568,1.0,0.645,0.251,-0.386,-0.011,-0.678,0.404,0.295,0.794,-0.106,-0.144,-0.171
40,B1_2,-0.092,-0.363,-0.053,-0.285,0.645,1.0,0.58,-0.244,-0.297,-0.305,0.501,0.239,0.641,0.256,0.059,0.183
40,B1_3,-0.208,-0.227,0.223,0.018,0.251,0.58,1.0,-0.246,-0.683,-0.074,0.755,0.316,0.578,0.149,0.072,0.136
40,A2_1,-0.245,0.631,0.544,0.784,-0.386,-0.244,-0.246,1.0,0.563,0.549,-0.299,-0.417,-0.457,-0.036,0.101,0.2
40,A2_2,-0.043,0.523,0.125,0.322,-0.011,-0.297,-0.683,0.563,1.0,0.24,-0.776,-0.714,-0.534,-0.049,0.136,-0.056
40,A2_3,-0.255,0.594,0.775,0.643,-0.678,-0.305,-0.074,0.549,0.24,1.0,-0.297,-0.411,-0.556,0.255,0.38,0.348
40,B2_1,0.118,-0.384,0.021,-0.242,0.404,0.501,0.755,-0.299,-0.776,-0.297,1.0,0.68,0.862,-0.239,-0.331,-0.134
40,B2_2,-0.065,-0.679,-0.544,-0.425,0.295,0.239,0.316,-0.417,-0.714,-0.411,0.68,1.0,0.676,0.04,-0.151,0.208
40,B2_3,0.127,-0.528,-0.301,-0.504,0.794,0.641,0.578,-0.457,-0.534,-0.556,0.862,0.676,1.0,-0.207,-0.304,-0.162
40,y1,-0.851,0.109,-0.04,-0.112,-0.106,0.256,0.149,-0.036,-0.049,0.255,-0.239,0.04,-0.207,1.0,0.93,0.922
40,y2,-0.912,0.41,0.129,-0.052,-0.144,0.059,0.072,0.101,0.136,0.38,-0.331,-0.151,-0.304,0.93,1.0,0.85
40,y3,-0.893,0.099,-0.013,0.081,-0.171,0.183,0.136,0.2,-0.056,0.348,-0.134,0.208,-0.162,0.922,0.85,1.0
42,.,1.0,-0.408,-0.26,-0.292,0.214,0.207,0.266,-0.253,-0.371,-0.341,0.174,0.437,0.414,-0.712,-0.837,-0.967
42,A1_1,-0.408,1.0,0.512,0.714,-0.749,-0.517,-0.589,0.564,0.509,0.53,-0.759,-0.798,-0.738,0.069,0.087,0.226
42,A1_2,-0.26,0.512,1.0,0.608,-0.439,-0.882,-0.431,0.709,0.57,0.498,-0.654,-0.338,-0.601,-0.118,0.044,0.118
42,A1_3,-0.292,0.714,0.608,1.0,-0.293,-0.389,-0.54,0.351,0.275,0.092,-0.561,-0.609,-0.547,-0.065,0.02,0.131
42,B1_1,0.214,-0.749,-0.439,-0.293,1.0,0.544,0.491,-0.326,-0.263,-0.364,0.607,0.584,0.535,-0.248,-0.142,-0.123
42,B1_2,0.207,-0.517,-0.882,-0.389,0.544,1.0,0.263,-0.671,-0.446,-0.662,0.573,0.188,0.434,0.141,-0.044,-0.089
42,B1_3,0.266,-0.589,-0.431,-0.54,0.491,0.263,1.0,-0.496,-0.37,-0.307,0.678,0.316,0.614,-0.235,-0.249,-0.132
42,A2_1,-0.253,0.564,0.709,0.351,-0.326,-0.671,-0.496,1.0,0.833,0.879,-0.678,-0.283,-0.65,-0.282,-0.1,0.051
42,A2_2,-0.371,0.509,0.57,0.275,-0.263,-0.446,-0.37,0.833,1.0,0.76,-0.758,-0.532,-0.862,-0.028,0.059,0.244
42,A2_3,-0.341,0.53,0.498,0.092,-0.364,-0.662,-0.307,0.879,0.76,1.0,-0.591,-0.2,-0.549,-0.112,0.075,0.201
42,B2_1,0.174,-0.759,-0.654,-0.561,0.607,0.573,0.678,-0.678,-0.758,-0.591,1.0,0.62,0.928,-0.013,-0.025,-0.046
42,B2_2,0.437,-0.798,-0.338,-0.609,0.584,0.188,0.316,-0.283,-0.532,-0.2,0.62,1.0,0.773,-0.223,-0.118,-0.33
42,B2_3,0.414,-0.738,-0.601,-0.547,0.535,0.434,0.614,-0.65,-0.862,-0.549,0.928,0.773,1.0,-0.196,-0.193,-0.296
42,y1,-0.712,0.069,-0.118,-0.065,-0.248,0.141,-0.235,-0.282,-0.028,-0.112,-0.013,-0.223,-0.196,1.0,0.936,0.826
42,y2,-0.837,0.087,0.044,0.02,-0.142,-0.044,-0.249,-0.1,0.059,0.075,-0.025,-0.118,-0.193,0.936,1.0,0.921
42,y3,-0.967,0.226,0.118,0.131,-0.123,-0.089,-0.132,0.051,0.244,0.201,-0.046,-0.33,-0.296,0.826,0.921,1.0
44,.,1.0,0.105,0.126,0.034,-0.02,0.127,0.149,-0.307,-0.218,-0.157,0.076,0.189,0.269,-0.65,-0.849,-0.797
44,A1_1,0.105,1.0,0.528,0.513,-0.477,-0.44,-0.424,-0.16,0.441,0.125,-0.651,-0.288,-0.134,0.547,0.274,0.166
44,A1_2,0.126,0.528,1.0,0.531,-0.644,-0.617,-0.663,0.234,0.14,-0.181,-0.577,-0.59,-0.179,0.335,0.091,0.233
44,A1_3,0.034,0.513,0.531,1.0,-0.434,-0.221,-0.727,0.214,0.507,0.561,-0.674,-0.599,-0.764,0.115,0.093,0.113
44,B1_1,-0.02,-0.477,-0.644,-0.434,1.0,0.722,0.666,-0.459,-0.385,-0.038,0.37,0.704,0.417,-0.363,-0.196,-0.357
44,B1_2,0.127,-0.44,-0.617,-0.221,0.722,1.0,0.398,-0.566,-0.303,-0.071,0.0,0.208,0.21,-0.502,-0.391,-0.455
44,B1_3,0.149,-0.424,-0.663,-0.727,0.666,0.398,1.0,-0.314,-0.281,-0.339,0.553,0.887,0.471,-0.199,-0.109,-0.269
44,A2_1,-0.307,-0.16,0.234,0.214,-0.459,-0.566,-0.314,1.0,0.594,0.457,0.124,-0.271,-0.615,0.056,0.192,0.194
44,A2_2,-0.218,0.441,0.14,0.507,-0.385,-0.303,-0.281,0.594,1.0,0.646,-0.422,-0.275,-0.743,0.28,0.302,0.079
44,A2_3,-0.157,0.125,-0.181,0.561,-0.038,-0.071,-0.339,0.457,0.646,1.0,-0.013,-0.103,-0.687,-0.166,0.023,-0.127
44,B2_1,0.076,-0.651,-0.577,-0.674,0.37,0.0,0.553,0.124,-0.422,-0.013,1.0,0.671,0.397,-0.429,-0.248,-0.218
44,B2_2,0.189,-0.288,-0.59,-0.599,0.704,0.208,0.887,-0.271,-0.275,-0.103,0.671,1.0,0.484,-0.227,-0.132,-0.319
44,B2_3,0.269,-0.134,-0.179,-0.764,0.417,0.21,0.471,-0.615,-0.743,-0.687,0.397,0.484,1.0,-0.123,-0.282,-0.248
44,y1,-0.65,0.547,0.335,0.115,-0.363,-0.502,-0.199,0.056,0.28,-0.166,-0.429,-0.227,-0.123,1.0,0.92,0.859
44,y2,-0.849,0.274,0.091,0.093,-0.196,-0.391,-0.109,0.192,0.302,0.023,-0.248,-0.132,-0.282,0.92,1.0,0.925
44,y3,-0.797,0.166,0.233,0.113,-0.357,-0.455,-0.269,0.194,0.079,-0.127,-0.218,-0.319,-0.248,0.859,0.925,1.0
46,.,1.0,-0.201,0.048,-0.133,0.003,0.208,0.202,0.005,-0.41,-0.406,0.278,0.188,0.219,-0.7,-0.844,-0.816
46,A1_1,-0.201,1.0,0.429,0.47,-0.33,-0.057,-0.416,0.129,0.438,0.606,-0.216,-0.412,-0.394,-0.193,0.07,0.176
46,A1_2,0.048,0.429,1.0,0.753,-0.442,-0.351,-0.864,0.386,0.271,-0.02,-0.539,-0.661,-0.505,0.063,0.037,-0.001
46,A1_3,-0.133,0.47,0.753,1.0,-0.665,-0.738,-0.75,0.214,0.439,0.142,-0.638,-0.714,-0.3,0.116,0.069,-0.055
46,B1_1,0.003,-0.33,-0.442,-0.665,1.0,0.836,0.699,-0.518,-0.622,-0.352,0.755,0.745,0.381,-0.306,0.008,0.294
46,B1_2,0.208,-0.057,-0.351,-0.738,0.836,1.0,0.623,-0.41,-0.521,-0.255,0.659,0.548,0.104,-0.401,-0.068,0.223
46,B1_3,0.202,-0.416,-0.864,-0.75,0.699,0.623,1.0,-0.623,-0.539,-0.252,0.646,0.703,0.481,-0.352,-0.207,-0.032
46,A2_1,0.005,0.129,0.386,0.214,-0.518,-0.41,-0.623,1.0,0.706,0.563,-0.342,-0.211,-0.429,0.071,-0.222,-0.365
46,A2_2,-0.41,0.438,0.271,0.439,-0.622,-0.521,-0.539,0.706,1.0,0.752,-0.64,-0.53,-0.677,0.282,0.162,0.027
46,A2_3,-0.406,0.606,-0.02,0.142,-0.352,-0.255,-0.252,0.563,0.752,1.0,-0.156,-0.064,-0.297,-0.025,-0.018,-0.005
46,B2_1,0.278,-0.216,-0.539,-0.638,0.755,0.659,0.646,-0.342,-0.64,-0.156,1.0,0.931,0.757,-0.587,-0.366,-0.153
46,B2_2,0.188,-0.412,-0.661,-0.714,0.745,0.548,0.703,-0.211,-0.53,-0.064,0.931,1.0,0.731,-0.48,-0.378,-0.196
46,B2_3,0.219,-0.394,-0.505,-0.3,0.381,0.104,0.481,-0.429,-0.677,-0.297,0.757,0.731,1.0,-0.315,-0.288,-0.261
46,y1,-0.7,-0.193,0.063,0.116,-0.306,-0.401,-0.352,0.071,0.282,-0.025,-0.587,-0.48,-0.315,1.0,0.854,0.627
46,y2,-0.844,0.07,0.037,0.069,0.008,-0.068,-0.207,-0.222,0.162,-0.018,-0.366,-0.378,-0.288,0.854,1.0,0.927
46,y3,-0.816,0.176,-0.001,-0.055,0.294,0.223,-0.032,-0.365,0.027,-0.005,-0.153,-0.196,-0.261,0.627,0.927,1.0
48,.,1.0,-0.179,-0.319,0.101,0.101,0.036,0.004,-0.331,-0.315,-0.103,-0.221,0.092,0.03,-0.817,-0.61,-0.654
48,A1_1,-0.179,1.0,0.483,0.585,-0.577,-0.849,-0.433,0.635,0.905,0.676,-0.15,-0.547,-0.268,0.076,-0.126,-0.156
