,,.,A1_1,A1_2,A1_3,B1_1,B1_2,B1_3,A2_1,A2_2,A2_3,B2_1,B2_2,B2_3,y1,y2,y3
0,.,1.0,0.442,0.865,0.792,0.819,0.788,0.648,0.64,0.81,0.499,0.607,0.717,0.661,0.864,0.808,0.509
0,A1_1,0.442,1.0,0.56,0.336,0.31,0.534,0.487,0.618,0.619,0.532,0.322,0.468,0.62,0.383,0.327,0.069
0,A1_2,0.865,0.56,1.0,0.511,0.868,0.862,0.739,0.781,0.941,0.483,0.71,0.418,0.778,0.859,0.872,0.355
0,A1_3,0.792,0.336,0.511,1.0,0.565,0.521,0.559,0.532,0.517,0.462,0.437,0.846,0.568,0.712,0.494,0.661
0,B1_1,0.819,0.31,0.868,0.565,1.0,0.9,0.804,0.702,0.856,0.541,0.798,0.534,0.801,0.859,0.791,0.582
0,B1_2,0.788,0.534,0.862,0.521,0.9,1.0,0.88,0.676,0.866,0.749,0.88,0.597,0.798,0.809,0.77,0.595
0,B1_3,0.648,0.487,0.739,0.559,0.804,0.88,1.0,0.786,0.763,0.768,0.834,0.593,0.705,0.753,0.757,0.653
0,A2_1,0.64,0.618,0.781,0.532,0.702,0.676,0.786,1.0,0.864,0.591,0.501,0.486,0.777,0.739,0.792,0.335
0,A2_2,0.81,0.619,0.941,0.517,0.856,0.866,0.763,0.864,1.0,0.61,0.653,0.483,0.859,0.803,0.853,0.3
0,A2_3,0.499,0.532,0.483,0.462,0.541,0.749,0.768,0.591,0.61,1.0,0.637,0.624,0.65,0.558,0.521,0.418
0,B2_1,0.607,0.322,0.71,0.437,0.798,0.88,0.834,0.501,0.653,0.637,1.0,0.47,0.683,0.642,0.643,0.632
0,B2_2,0.717,0.468,0.418,0.846,0.534,0.597,0.593,0.486,0.483,0.624,0.47,1.0,0.504,0.538,0.454,0.667
0,B2_3,0.661,0.62,0.778,0.568,0.801,0.798,0.705,0.777,0.859,0.65,0.683,0.504,1.0,0.764,0.567,0.394
0,y1,0.864,0.383,0.859,0.712,0.859,0.809,0.753,0.739,0.803,0.558,0.642,0.538,0.764,1.0,0.768,0.624
0,y2,0.808,0.327,0.872,0.494,0.791,0.77,0.757,0.792,0.853,0.521,0.643,0.454,0.567,0.768,1.0,0.388
0,y3,0.509,0.069,0.355,0.661,0.582,0.595,0.653,0.335,0.3,0.418,0.632,0.667,0.394,0.624,0.388,1.0
500,.,1.0,-0.26,-0.228,-0.199,-0.109,-0.117,-0.128,-0.142,-0.203,-0.252,-0.139,-0.064,-0.114,-0.343,-0.525,-0.413
500,A1_1,-0.26,1.0,0.956,0.969,0.043,0.153,0.114,0.956,0.976,0.975,0.047,0.092,0.04,-0.355,-0.221,-0.249
500,A1_2,-0.228,0.956,1.0,0.977,-0.008,0.101,0.081,0.979,0.977,0.964,0.01,0.026,-0.038,-0.41,-0.235,-0.267
500,A1_3,-0.199,0.969,0.977,1.0,-0.068,0.038,0.012,0.983,0.99,0.994,-0.065,-0.023,-0.086,-0.464,-0.308,-0.327
500,B1_1,-0.109,0.043,-0.008,-0.068,1.0,0.99,0.978,0.047,-0.037,-0.064,0.982,0.981,0.991,-0.262,-0.288,-0.375
500,B1_2,-0.117,0.153,0.101,0.038,0.99,1.0,0.985,0.148,0.07,0.043,0.976,0.974,0.977,-0.318,-0.327,-0.412
500,B1_3,-0.128,0.114,0.081,0.012,0.978,0.985,1.0,0.111,0.034,0.016,0.992,0.976,0.963,-0.332,-0.322,-0.428
500,A2_1,-0.142,0.956,0.979,0.983,0.047,0.148,0.111,1.0,0.983,0.969,0.035,0.075,0.019,-0.491,-0.345,-0.356
500,A2_2,-0.203,0.976,0.977,0.99,-0.037,0.07,0.034,0.983,1.0,0.992,-0.042,0.003,-0.054,-0.393,-0.242,-0.262
500,A2_3,-0.252,0.975,0.964,0.994,-0.064,0.043,0.016,0.969,0.992,1.0,-0.064,-0.021,-0.077,-0.413,-0.253,-0.278
500,B2_1,-0.139,0.047,0.01,-0.065,0.982,0.976,0.992,0.035,-0.042,-0.064,1.0,0.982,0.972,-0.253,-0.262,-0.37
500,B2_2,-0.064,0.092,0.026,-0.023,0.981,0.974,0.976,0.075,0.003,-0.021,0.982,1.0,0.987,-0.296,-0.333,-0.441
500,B2_3,-0.114,0.04,-0.038,-0.086,0.991,0.977,0.963,0.019,-0.054,-0.077,0.972,0.987,1.0,-0.228,-0.268,-0.37
500,y1,-0.343,-0.355,-0.41,-0.464,-0.262,-0.318,-0.332,-0.491,-0.393,-0.413,-0.253,-0.296,-0.228,1.0,0.947,0.957
500,y2,-0.525,-0.221,-0.235,-0.308,-0.288,-0.327,-0.322,-0.345,-0.242,-0.253,-0.262,-0.333,-0.268,0.947,1.0,0.958
500,y3,-0.413,-0.249,-0.267,-0.327,-0.375,-0.412,-0.428,-0.356,-0.262,-0.278,-0.37,-0.441,-0.37,0.957,0.958,1.0
1000,.,1.0,-0.232,-0.313,-0.201,-0.201,-0.189,-0.202,-0.153,-0.192,-0.206,-0.164,-0.125,-0.158,-0.34,-0.463,-0.371
1000,A1_1,-0.232,1.0,0.91,0.954,0.018,0.068,0.107,0.976,0.984,0.962,0.0,0.045,-0.033,-0.352,-0.252,-0.272
1000,A1_2,-0.313,0.91,1.0,0.933,0.023,-0.047,0.14,0.904,0.904,0.893,-0.074,-0.083,-0.168,-0.401,-0.266,-0.307
1000,A1_3,-0.201,0.954,0.933,1.0,-0.079,-0.085,0.022,0.974,0.971,0.991,-0.137,-0.101,-0.19,-0.445,-0.32,-0.347
1000,B1_1,-0.201,0.018,0.023,-0.079,1.0,0.953,0.977,-0.002,-0.054,-0.082,0.966,0.921,0.92,-0.424,-0.367,-0.515
1000,B1_2,-0.189,0.068,-0.047,-0.085,0.953,1.0,0.909,0.026,-0.008,-0.051,0.977,0.972,0.983,-0.315,-0.283,-0.414
1000,B1_3,-0.202,0.107,0.14,0.022,0.977,0.909,1.0,0.076,0.032,0.011,0.943,0.888,0.848,-0.461,-0.392,-0.536
1000,A2_1,-0.153,0.976,0.904,0.974,-0.002,0.026,0.076,1.0,0.991,0.979,-0.048,-0.011,-0.08,-0.46,-0.348,-0.368
1000,A2_2,-0.192,0.984,0.904,0.971,-0.054,-0.008,0.032,0.991,1.0,0.983,-0.082,-0.036,-0.113,-0.374,-0.261,-0.283
1000,A2_3,-0.206,0.962,0.893,0.991,-0.082,-0.051,0.011,0.979,0.983,1.0,-0.116,-0.066,-0.152,-0.398,-0.273,-0.303
1000,B2_1,-0.164,0.0,-0.074,-0.137,0.966,0.977,0.943,-0.048,-0.082,-0.116,1.0,0.981,0.96,-0.303,-0.278,-0.417
1000,B2_2,-0.125,0.045,-0.083,-0.101,0.921,0.972,0.888,-0.011,-0.036,-0.066,0.981,1.0,0.973,-0.296,-0.279,-0.425
1000,B2_3,-0.158,-0.033,-0.168,-0.19,0.92,0.983,0.848,-0.08,-0.113,-0.152,0.96,0.973,1.0,-0.238,-0.224,-0.362
1000,y1,-0.34,-0.352,-0.401,-0.445,-0.424,-0.315,-0.461,-0.46,-0.374,-0.398,-0.303,-0.296,-0.238,1.0,0.968,0.978
1000,y2,-0.463,-0.252,-0.266,-0.32,-0.367,-0.283,-0.392,-0.348,-0.261,-0.273,-0.278,-0.279,-0.224,0.968,1.0,0.956
1000,y3,-0.371,-0.272,-0.307,-0.347,-0.515,-0.414,-0.536,-0.368,-0.283,-0.303,-0.417,-0.425,-0.362,0.978,0.956,1.0
1500,.,1.0,-0.208,-0.308,-0.162,-0.217,-0.238,-0.177,-0.13,-0.17,-0.188,-0.114,-0.141,-0.135,-0.307,-0.429,-0.33
1500,A1_1,-0.208,1.0,0.891,0.916,0.02,0.06,0.118,0.975,0.986,0.962,0.001,0.048,-0.036,-0.38,-0.276,-0.331
1500,A1_2,-0.308,0.891,1.0,0.885,0.05,-0.098,0.148,0.878,0.883,0.875,-0.119,-0.109,-0.192,-0.423,-0.287,-0.359
1500,A1_3,-0.162,0.916,0.885,1.0,-0.081,-0.129,-0.005,0.954,0.923,0.983,-0.182,-0.115,-0.231,-0.478,-0.343,-0.405
1500,B1_1,-0.217,0.02,0.05,-0.081,1.0,0.896,0.976,-0.005,-0.042,-0.066,0.919,0.88,0.893,-0.451,-0.399,-0.533
1500,B1_2,-0.238,0.06,-0.098,-0.129,0.896,1.0,0.857,0.001,-0.006,-0.052,0.954,0.972,0.983,-0.247,-0.218,-0.342
1500,B1_3,-0.177,0.118,0.148,-0.005,0.976,0.857,1.0,0.082,0.056,0.018,0.915,0.853,0.846,-0.486,-0.436,-0.555
1500,A2_1,-0.13,0.975,0.878,0.954,-0.005,0.001,0.082,1.0,0.985,0.983,-0.046,-0.015,-0.085,-0.473,-0.364,-0.417
1500,A2_2,-0.17,0.986,0.883,0.923,-0.042,-0.006,0.056,0.985,1.0,0.972,-0.061,-0.022,-0.1,-0.387,-0.276,-0.333
1500,A2_3,-0.188,0.962,0.875,0.983,-0.066,-0.052,0.018,0.983,0.972,1.0,-0.116,-0.051,-0.158,-0.421,-0.292,-0.357
1500,B2_1,-0.114,0.001,-0.119,-0.182,0.919,0.954,0.915,-0.046,-0.061,-0.116,1.0,0.958,0.97,-0.306,-0.308,-0.406
1500,B2_2,-0.141,0.048,-0.109,-0.115,0.88,0.972,0.853,-0.015,-0.022,-0.051,0.958,1.0,0.962,-0.282,-0.257,-0.389
1500,B2_3,-0.135,-0.036,-0.192,-0.231,0.893,0.983,0.846,-0.085,-0.1,-0.158,0.97,0.962,1.0,-0.246,-0.25,-0.353
1500,y1,-0.307,-0.38,-0.423,-0.478,-0.451,-0.247,-0.486,-0.473,-0.387,-0.421,-0.306,-0.282,-0.246,1.0,0.97,0.987
1500,y2,-0.429,-0.276,-0.287,-0.343,-0.399,-0.218,-0.436,-0.364,-0.276,-0.292,-0.308,-0.257,-0.25,0.97,1.0,0.962
1500,y3,-0.33,-0.331,-0.359,-0.405,-0.533,-0.342,-0.555,-0.417,-0.333,-0.357,-0.406,-0.389,-0.353,0.987,0.962,1.0
2000,.,1.0,-0.198,-0.309,-0.104,-0.225,-0.256,-0.17,-0.121,-0.164,-0.163,-0.111,-0.13,-0.135,-0.291,-0.411,-0.328
2000,A1_1,-0.198,1.0,0.89,0.895,0.021,0.055,0.123,0.968,0.988,0.951,0.006,0.041,-0.034,-0.458,-0.347,-0.414
2000,A1_2,-0.309,0.89,1.0,0.834,0.032,-0.1,0.157,0.869,0.881,0.862,-0.119,-0.112,-0.188,-0.476,-0.333,-0.412
2000,A1_3,-0.104,0.895,0.834,1.0,-0.091,-0.122,-0.027,0.968,0.918,0.986,-0.178,-0.095,-0.221,-0.54,-0.406,-0.469
2000,B1_1,-0.225,0.021,0.032,-0.091,1.0,0.914,0.959,-0.024,-0.044,-0.061,0.918,0.898,0.911,-0.397,-0.368,-0.485
2000,B1_2,-0.256,0.055,-0.1,-0.122,0.914,1.0,0.843,-0.026,-0.014,-0.058,0.953,0.969,0.982,-0.215,-0.202,-0.316
2000,B1_3,-0.17,0.123,0.157,-0.027,0.959,0.843,1.0,0.06,0.057,0.014,0.906,0.833,0.844,-0.454,-0.429,-0.529
2000,A2_1,-0.121,0.968,0.869,0.968,-0.024,-0.026,0.06,1.0,0.983,0.992,-0.073,-0.029,-0.115,-0.526,-0.406,-0.473
2000,A2_2,-0.164,0.988,0.881,0.918,-0.044,-0.014,0.057,0.983,1.0,0.969,-0.063,-0.03,-0.106,-0.465,-0.345,-0.417
2000,A2_3,-0.163,0.951,0.862,0.986,-0.061,-0.058,0.014,0.992,0.969,1.0,-0.119,-0.051,-0.161,-0.5,-0.363,-0.437
2000,B2_1,-0.111,0.006,-0.119,-0.178,0.918,0.953,0.906,-0.073,-0.063,-0.119,1.0,0.955,0.974,-0.263,-0.287,-0.372
2000,B2_2,-0.13,0.041,-0.112,-0.095,0.898,0.969,0.833,-0.029,-0.03,-0.051,0.955,1.0,0.965,-0.282,-0.271,-0.392
2000,B2_3,-0.135,-0.034,-0.188,-0.221,0.911,0.982,0.844,-0.115,-0.106,-0.161,0.974,0.965,1.0,-0.204,-0.23,-0.32
2000,y1,-0.291,-0.458,-0.476,-0.54,-0.397,-0.215,-0.454,-0.526,-0.465,-0.5,-0.263,-0.282,-0.204,1.0,0.967,0.987
2000,y2,-0.411,-0.347,-0.333,-0.406,-0.368,-0.202,-0.429,-0.406,-0.345,-0.363,-0.287,-0.271,-0.23,0.967,1.0,0.961
2000,y3,-0.328,-0.414,-0.412,-0.469,-0.485,-0.316,-0.529,-0.473,-0.417,-0.437,-0.372,-0.392,-0.32,0.987,0.961,1.0
2500,.,1.0,-0.185,-0.304,-0.083,-0.228,-0.244,-0.179,-0.119,-0.16,-0.148,-0.117,-0.107,-0.135,-0.287,-0.376,-0.328
2500,A1_1,-0.185,1.0,0.891,0.89,0.005,0.051,0.122,0.97,0.989,0.949,0.013,0.038,-0.031,-0.483,-0.388,-0.447
2500,A1_2,-0.304,0.891,1.0,0.825,0.012,-0.113,0.154,0.873,0.886,0.863,-0.121,-0.119,-0.194,-0.501,-0.374,-0.447
2500,A1_3,-0.083,0.89,0.825,1.0,-0.101,-0.116,-0.036,0.968,0.92,0.985,-0.166,-0.086,-0.211,-0.546,-0.436,-0.482
2500,B1_1,-0.228,0.005,0.012,-0.101,1.0,0.91,0.945,-0.049,-0.061,-0.071,0.91,0.901,0.907,-0.36,-0.342,-0.429
2500,B1_2,-0.244,0.051,-0.113,-0.116,0.91,1.0,0.831,-0.035,-0.021,-0.058,0.957,0.972,0.984,-0.2,-0.202,-0.282
2500,B1_3,-0.179,0.122,0.154,-0.036,0.945,0.831,1.0,0.044,0.053,0.012,0.9,0.825,0.833,-0.432,-0.411,-0.491
2500,A2_1,-0.119,0.97,0.873,0.968,-0.049,-0.035,0.044,1.0,0.986,0.994,-0.076,-0.032,-0.12,-0.534,-0.428,-0.486
2500,A2_2,-0.16,0.989,0.886,0.92,-0.061,-0.021,0.053,0.986,1.0,0.971,-0.06,-0.033,-0.106,-0.493,-0.387,-0.454
2500,A2_3,-0.148,0.949,0.863,0.985,-0.071,-0.058,0.012,0.994,0.971,1.0,-0.109,-0.049,-0.154,-0.517,-0.401,-0.461
2500,B2_1,-0.117,0.013,-0.121,-0.166,0.91,0.957,0.9,-0.076,-0.06,-0.109,1.0,0.958,0.975,-0.245,-0.273,-0.333
2500,B2_2,-0.107,0.038,-0.119,-0.086,0.901,0.972,0.825,-0.032,-0.033,-0.049,0.958,1.0,0.97,-0.276,-0.285,-0.368
2500,B2_3,-0.135,-0.031,-0.194,-0.211,0.907,0.984,0.833,-0.12,-0.106,-0.154,0.975,0.97,1.0,-0.182,-0.215,-0.277
2500,y1,-0.287,-0.483,-0.501,-0.546,-0.36,-0.2,-0.432,-0.534,-0.493,-0.517,-0.245,-0.276,-0.182,1.0,0.97,0.988
2500,y2,-0.376,-0.388,-0.374,-0.436,-0.342,-0.202,-0.411,-0.428,-0.387,-0.401,-0.273,-0.285,-0.215,0.97,1.0,0.96
2500,y3,-0.328,-0.447,-0.447,-0.482,-0.429,-0.282,-0.491,-0.486,-0.454,-0.461,-0.333,-0.368,-0.277,0.988,0.96,1.0
3000,.,1.0,-0.169,-0.301,-0.057,-0.232,-0.242,-0.192,-0.112,-0.15,-0.127,-0.138,-0.114,-0.149,-0.298,-0.344,-0.334
3000,A1_1,-0.169,1.0,0.91,0.898,-0.01,0.046,0.118,0.973,0.987,0.943,0.017,0.042,-0.031,-0.464,-0.386,-0.431
3000,A1_2,-0.301,0.91,1.0,0.835,-0.026,-0.113,0.146,0.892,0.908,0.873,-0.109,-0.108,-0.188,-0.488,-0.385,-0.445
3000,A1_3,-0.057,0.898,0.835,1.0,-0.126,-0.117,-0.046,0.971,0.94,0.989,-0.15,-0.079,-0.198,-0.517,-0.438,-0.455
3000,B1_1,-0.232,-0.01,-0.026,-0.126,1.0,0.912,0.925,-0.078,-0.08,-0.092,0.924,0.909,0.921,-0.33,-0.327,-0.374
3000,B1_2,-0.242,0.046,-0.113,-0.117,0.912,1.0,0.797,-0.046,-0.034,-0.069,0.96,0.976,0.986,-0.178,-0.195,-0.236
3000,B1_3,-0.192,0.118,0.146,-0.046,0.925,0.797,1.0,0.029,0.043,0.003,0.89,0.797,0.805,-0.429,-0.41,-0.463
3000,A2_1,-0.112,0.973,0.892,0.971,-0.078,-0.046,0.029,1.0,0.993,0.992,-0.077,-0.033,-0.124,-0.508,-0.421,-0.461
3000,A2_2,-0.15,0.987,0.908,0.94,-0.08,-0.034,0.043,0.993,1.0,0.975,-0.064,-0.034,-0.114,-0.485,-0.394,-0.446
3000,A2_3,-0.127,0.943,0.873,0.989,-0.092,-0.069,0.003,0.992,0.975,1.0,-0.104,-0.052,-0.155,-0.493,-0.401,-0.438
3000,B2_1,-0.138,0.017,-0.109,-0.15,0.924,0.96,0.89,-0.077,-0.064,-0.104,1.0,0.961,0.97,-0.243,-0.271,-0.303
3000,B2_2,-0.114,0.042,-0.108,-0.079,0.909,0.976,0.797,-0.033,-0.034,-0.052,0.961,1.0,0.972,-0.265,-0.287,-0.333
3000,B2_3,-0.149,-0.031,-0.188,-0.198,0.921,0.986,0.805,-0.124,-0.114,-0.155,0.97,0.972,1.0,-0.169,-0.204,-0.234
3000,y1,-0.298,-0.464,-0.488,-0.517,-0.33,-0.178,-0.429,-0.508,-0.485,-0.493,-0.243,-0.265,-0.169,1.0,0.969,0.988
3000,y2,-0.344,-0.386,-0.385,-0.438,-0.327,-0.195,-0.41,-0.421,-0.394,-0.401,-0.271,-0.287,-0.204,0.969,1.0,0.949
3000,y3,-0.334,-0.431,-0.445,-0.455,-0.374,-0.236,-0.463,-0.461,-0.446,-0.438,-0.303,-0.333,-0.234,0.988,0.949,1.0
3500,.,1.0,-0.153,-0.272,-0.023,-0.23,-0.24,-0.197,-0.091,-0.139,-0.119,-0.151,-0.129,-0.166,-0.317,-0.326,-0.338
3500,A1_1,-0.153,1.0,0.95,0.891,-0.014,0.056,0.107,0.963,0.982,0.932,0.031,0.065,-0.013,-0.45,-0.385,-0.427
3500,A1_2,-0.272,0.95,1.0,0.851,-0.064,-0.073,0.118,0.922,0.949,0.901,-0.069,-0.057,-0.14,-0.468,-0.39,-0.438
3500,A1_3,-0.023,0.891,0.851,1.0,-0.124,-0.062,-0.064,0.976,0.946,0.985,-0.109,-0.005,-0.142,-0.471,-0.427,-0.426
3500,B1_1,-0.23,-0.014,-0.064,-0.124,1.0,0.927,0.9,-0.089,-0.086,-0.097,0.953,0.917,0.949,-0.285,-0.29,-0.303
3500,B1_2,-0.24,0.056,-0.073,-0.062,0.927,1.0,0.755,-0.03,-0.027,-0.045,0.957,0.98,0.984,-0.168,-0.187,-0.209
3500,B1_3,-0.197,0.107,0.118,-0.064,0.9,0.755,1.0,0.003,0.029,-0.007,0.882,0.746,0.778,-0.414,-0.39,-0.415
3500,A2_1,-0.091,0.963,0.922,0.976,-0.089,-0.03,0.003,1.0,0.992,0.993,-0.069,0.002,-0.106,-0.481,-0.416,-0.444
3500,A2_2,-0.139,0.982,0.949,0.946,-0.086,-0.027,0.029,0.992,1.0,0.979,-0.058,-0.008,-0.101,-0.472,-0.4,-0.44
3500,A2_3,-0.119,0.932,0.901,0.985,-0.097,-0.045,-0.007,0.993,0.979,1.0,-0.085,-0.013,-0.126,-0.452,-0.385,-0.407
3500,B2_1,-0.151,0.031,-0.069,-0.109,0.953,0.957,0.882,-0.069,-0.058,-0.085,1.0,0.951,0.966,-0.25,-0.267,-0.284
3500,B2_2,-0.129,0.065,-0.057,-0.005,0.917,0.98,0.746,0.002,-0.008,-0.013,0.951,1.0,0.967,-0.261,-0.282,-0.308
3500,B2_3,-0.166,-0.013,-0.14,-0.142,0.949,0.984,0.778,-0.106,-0.101,-0.126,0.966,0.967,1.0,-0.167,-0.192,-0.208
3500,y1,-0.317,-0.45,-0.468,-0.471,-0.285,-0.168,-0.414,-0.481,-0.472,-0.452,-0.25,-0.261,-0.167,1.0,0.966,0.988
3500,y2,-0.326,-0.385,-0.39,-0.427,-0.29,-0.187,-0.39,-0.416,-0.4,-0.385,-0.267,-0.282,-0.192,0.966,1.0,0.941
3500,y3,-0.338,-0.427,-0.438,-0.426,-0.303,-0.209,-0.415,-0.444,-0.44,-0.407,-0.284,-0.308,-0.208,0.988,0.941,1.0
4000,.,1.0,-0.131,-0.217,-0.015,-0.224,-0.225,-0.182,-0.094,-0.125,-0.102,-0.142,-0.094,-0.151,-0.337,-0.32,-0.362
4000,A1_1,-0.131,1.0,0.974,0.928,-0.026,0.045,0.09,0.98,0.984,0.939,0.023,0.053,-0.018,-0.417,-0.357,-0.408
4000,A1_2,-0.217,0.974,1.0,0.904,-0.107,-0.064,0.064,0.962,0.973,0.923,-0.068,-0.057,-0.126,-0.439,-0.374,-0.422
4000,A1_3,-0.015,0.928,0.904,1.0,-0.152,-0.093,-0.07,0.979,0.968,0.992,-0.116,-0.046,-0.155,-0.47,-0.425,-0.435
4000,B1_1,-0.224,-0.026,-0.107,-0.152,1.0,0.961,0.894,-0.1,-0.101,-0.118,0.972,0.954,0.979,-0.23,-0.235,-0.253
4000,B1_2,-0.225,0.045,-0.064,-0.093,0.961,1.0,0.806,-0.041,-0.043,-0.069,0.965,0.979,0.984,-0.167,-0.177,-0.214
4000,B1_3,-0.182,0.09,0.064,-0.07,0.894,0.806,1.0,0.002,0.014,-0.025,0.911,0.818,0.828,-0.37,-0.346,-0.377
4000,A2_1,-0.094,0.98,0.962,0.979,-0.1,-0.041,0.002,1.0,0.998,0.986,-0.064,-0.015,-0.104,-0.458,-0.399,-0.436
4000,A2_2,-0.125,0.984,0.973,0.968,-0.101,-0.043,0.014,0.998,1.0,0.981,-0.063,-0.024,-0.106,-0.446,-0.383,-0.425
4000,A2_3,-0.102,0.939,0.923,0.992,-0.118,-0.069,-0.025,0.986,0.981,1.0,-0.089,-0.035,-0.132,-0.438,-0.379,-0.402
4000,B2_1,-0.142,0.023,-0.068,-0.116,0.972,0.965,0.911,-0.064,-0.063,-0.089,1.0,0.972,0.972,-0.245,-0.251,-0.281
4000,B2_2,-0.094,0.053,-0.057,-0.046,0.954,0.979,0.818,-0.015,-0.024,-0.035,0.972,1.0,0.976,-0.276,-0.283,-0.321
4000,B2_3,-0.151,-0.018,-0.126,-0.155,0.979,0.984,0.828,-0.104,-0.106,-0.132,0.972,0.976,1.0,-0.169,-0.18,-0.213
4000,y1,-0.337,-0.417,-0.439,-0.47,-0.23,-0.167,-0.37,-0.458,-0.446,-0.438,-0.245,-0.276,-0.169,1.0,0.967,0.988
4000,y2,-0.32,-0.357,-0.374,-0.425,-0.235,-0.177,-0.346,-0.399,-0.383,-0.379,-0.251,-0.283,-0.18,0.967,1.0,0.937
4000,y3,-0.362,-0.408,-0.422,-0.435,-0.253,-0.214,-0.377,-0.436,-0.425,-0.402,-0.281,-0.321,-0.213,0.988,0.937,1.0
4500,.,1.0,-0.118,-0.197,-0.029,-0.222,-0.2,-0.17,-0.091,-0.114,-0.087,-0.135,-0.084,-0.143,-0.334,-0.303,-0.36
4500,A1_1,-0.118,1.0,0.979,0.954,-0.028,0.03,0.093,0.984,0.986,0.948,0.02,0.046,-0.023,-0.403,-0.342,-0.403
4500,A1_2,-0.197,0.979,1.0,0.935,-0.109,-0.064,0.056,0.97,0.978,0.932,-0.066,-0.058,-0.121,-0.419,-0.358,-0.415
4500,A1_3,-0.029,0.954,0.935,1.0,-0.156,-0.116,-0.047,0.989,0.984,0.995,-0.113,-0.063,-0.159,-0.466,-0.417,-0.445
4500,B1_1,-0.222,-0.028,-0.109,-0.156,1.0,0.979,0.9,-0.103,-0.104,-0.128,0.975,0.956,0.983,-0.211,-0.212,-0.227
4500,B1_2,-0.2,0.03,-0.064,-0.116,0.979,1.0,0.866,-0.058,-0.06,-0.096,0.984,0.98,0.989,-0.186,-0.187,-0.22
4500,B1_3,-0.17,0.093,0.056,-0.047,0.9,0.866,1.0,0.01,0.018,-0.02,0.924,0.841,0.852,-0.342,-0.316,-0.347
4500,A2_1,-0.091,0.984,0.97,0.989,-0.103,-0.058,0.01,1.0,0.999,0.987,-0.062,-0.023,-0.106,-0.448,-0.389,-0.437
4500,A2_2,-0.114,0.986,0.978,0.984,-0.104,-0.06,0.018,0.999,1.0,0.983,-0.064,-0.033,-0.11,-0.436,-0.375,-0.426
4500,A2_3,-0.087,0.948,0.932,0.995,-0.128,-0.096,-0.02,0.987,0.983,1.0,-0.092,-0.048,-0.139,-0.44,-0.382,-0.417
4500,B2_1,-0.135,0.02,-0.066,-0.113,0.975,0.984,0.924,-0.062,-0.064,-0.092,1.0,0.977,0.975,-0.243,-0.239,-0.269
4500,B2_2,-0.084,0.046,-0.058,-0.063,0.956,0.98,0.841,-0.023,-0.033,-0.048,0.977,1.0,0.978,-0.284,-0.278,-0.318
4500,B2_3,-0.143,-0.023,-0.121,-0.159,0.983,0.989,0.852,-0.106,-0.11,-0.139,0.975,0.978,1.0,-0.174,-0.171,-0.208
4500,y1,-0.334,-0.403,-0.419,-0.466,-0.211,-0.186,-0.342,-0.448,-0.436,-0.44,-0.243,-0.284,-0.174,1.0,0.968,0.99
4500,y2,-0.303,-0.342,-0.358,-0.417,-0.212,-0.187,-0.316,-0.389,-0.375,-0.382,-0.239,-0.278,-0.171,0.968,1.0,0.939
4500,y3,-0.36,-0.403,-0.415,-0.445,-0.227,-0.22,-0.347,-0.437,-0.426,-0.417,-0.269,-0.318,-0.208,0.99,0.939,1.0
5000,.,1.0,-0.103,-0.177,-0.033,-0.221,-0.187,-0.162,-0.081,-0.102,-0.074,-0.131,-0.083,-0.137,-0.316,-0.286,-0.354
5000,A1_1,-0.103,1.0,0.982,0.966,-0.03,0.023,0.089,0.986,0.987,0.955,0.021,0.046,-0.025,-0.39,-0.33,-0.393
5000,A1_2,-0.177,0.982,1.0,0.952,-0.108,-0.062,0.048,0.973,0.979,0.94,-0.062,-0.054,-0.118,-0.404,-0.345,-0.401
5000,A1_3,-0.033,0.966,0.952,1.0,-0.154,-0.115,-0.037,0.994,0.991,0.996,-0.104,-0.062,-0.153,-0.451,-0.399,-0.434
5000,B1_1,-0.221,-0.03,-0.108,-0.154,1.0,0.983,0.907,-0.106,-0.107,-0.133,0.975,0.952,0.982,-0.2,-0.206,-0.224
5000,B1_2,-0.187,0.023,-0.062,-0.115,0.983,1.0,0.891,-0.064,-0.067,-0.103,0.99,0.979,0.988,-0.198,-0.201,-0.239
5000,B1_3,-0.162,0.089,0.048,-0.037,0.907,0.891,1.0,0.008,0.014,-0.02,0.928,0.848,0.862,-0.325,-0.303,-0.336
5000,A2_1,-0.081,0.986,0.973,0.994,-0.106,-0.064,0.008,1.0,0.999,0.989,-0.06,-0.024,-0.107,-0.435,-0.377,-0.426
5000,A2_2,-0.102,0.987,0.979,0.991,-0.107,-0.067,0.014,0.999,1.0,0.987,-0.062,-0.034,-0.112,-0.424,-0.366,-0.415
5000,A2_3,-0.074,0.955,0.94,0.996,-0.133,-0.103,-0.02,0.989,0.987,1.0,-0.089,-0.05,-0.139,-0.431,-0.373,-0.41
5000,B2_1,-0.131,0.021,-0.062,-0.104,0.975,0.99,0.928,-0.06,-0.062,-0.089,1.0,0.979,0.977,-0.246,-0.242,-0.281
5000,B2_2,-0.083,0.046,-0.054,-0.062,0.952,0.979,0.848,-0.024,-0.034,-0.05,0.979,1.0,0.978,-0.287,-0.28,-0.33
5000,B2_3,-0.137,-0.025,-0.118,-0.153,0.982,0.988,0.862,-0.107,-0.112,-0.139,0.977,0.978,1.0,-0.178,-0.174,-0.221
5000,y1,-0.316,-0.39,-0.404,-0.451,-0.2,-0.198,-0.325,-0.435,-0.424,-0.431,-0.246,-0.287,-0.178,1.0,0.971,0.989
5000,y2,-0.286,-0.33,-0.345,-0.399,-0.206,-0.201,-0.303,-0.377,-0.366,-0.373,-0.242,-0.28,-0.174,0.971,1.0,0.943
5000,y3,-0.354,-0.393,-0.401,-0.434,-0.224,-0.239,-0.336,-0.426,-0.415,-0.41,-0.281,-0.33,-0.221,0.989,0.943,1.0
5500,.,1.0,-0.082,-0.156,-0.019,-0.208,-0.175,-0.154,-0.063,-0.081,-0.057,-0.118,-0.059,-0.124,-0.322,-0.283,-0.365
5500,A1_1,-0.082,1.0,0.982,0.971,-0.046,0.001,0.072,0.987,0.987,0.962,0.012,0.034,-0.034,-0.389,-0.327,-0.394
5500,A1_2,-0.156,0.982,1.0,0.958,-0.125,-0.083,0.025,0.975,0.979,0.947,-0.072,-0.065,-0.127,-0.4,-0.339,-0.398
5500,A1_3,-0.019,0.971,0.958,1.0,-0.164,-0.129,-0.048,0.995,0.994,0.996,-0.105,-0.068,-0.153,-0.446,-0.389,-0.429
5500,B1_1,-0.208,-0.046,-0.125,-0.164,1.0,0.987,0.92,-0.121,-0.124,-0.144,0.976,0.955,0.981,-0.193,-0.199,-0.223
5500,B1_2,-0.175,0.001,-0.083,-0.129,0.987,1.0,0.912,-0.084,-0.087,-0.116,0.991,0.976,0.987,-0.195,-0.2,-0.241
5500,B1_3,-0.154,0.072,0.025,-0.048,0.92,0.912,1.0,-0.009,-0.004,-0.032,0.94,0.871,0.874,-0.3,-0.279,-0.32
5500,A2_1,-0.063,0.987,0.975,0.995,-0.121,-0.084,-0.009,1.0,0.999,0.992,-0.067,-0.034,-0.112,-0.433,-0.371,-0.424
5500,A2_2,-0.081,0.987,0.979,0.994,-0.124,-0.087,-0.004,0.999,1.0,0.991,-0.07,-0.043,-0.118,-0.423,-0.361,-0.414
5500,A2_3,-0.057,0.962,0.947,0.996,-0.144,-0.116,-0.032,0.992,0.991,1.0,-0.09,-0.054,-0.138,-0.429,-0.366,-0.407
5500,B2_1,-0.118,0.012,-0.072,-0.105,0.976,0.991,0.94,-0.067,-0.07,-0.09,1.0,0.982,0.976,-0.242,-0.237,-0.282
5500,B2_2,-0.059,0.034,-0.065,-0.068,0.955,0.976,0.871,-0.034,-0.043,-0.054,0.982,1.0,0.98,-0.29,-0.281,-0.333
5500,B2_3,-0.124,-0.034,-0.127,-0.153,0.981,0.987,0.874,-0.112,-0.118,-0.138,0.976,0.98,1.0,-0.177,-0.171,-0.225
5500,y1,-0.322,-0.389,-0.4,-0.446,-0.193,-0.195,-0.3,-0.433,-0.423,-0.429,-0.242,-0.29,-0.177,1.0,0.974,0.986
5500,y2,-0.283,-0.327,-0.339,-0.389,-0.199,-0.2,-0.279,-0.371,-0.361,-0.366,-0.237,-0.281,-0.171,0.974,1.0,0.945
5500,y3,-0.365,-0.394,-0.398,-0.429,-0.223,-0.241,-0.32,-0.424,-0.414,-0.407,-0.282,-0.333,-0.225,0.986,0.945,1.0
6000,.,1.0,-0.072,-0.148,-0.015,-0.202,-0.18,-0.148,-0.053,-0.068,-0.043,-0.121,-0.073,-0.124,-0.307,-0.28,-0.356
6000,A1_1,-0.072,1.0,0.983,0.974,-0.037,0.0,0.075,0.987,0.987,0.968,0.022,0.043,-0.028,-0.396,-0.338,-0.4
6000,A1_2,-0.148,0.983,1.0,0.959,-0.111,-0.077,0.03,0.973,0.977,0.95,-0.058,-0.051,-0.116,-0.4,-0.344,-0.398
6000,A1_3,-0.015,0.974,0.959,1.0,-0.154,-0.126,-0.04,0.996,0.995,0.997,-0.095,-0.061,-0.144,-0.446,-0.392,-0.43
6000,B1_1,-0.202,-0.037,-0.111,-0.154,1.0,0.987,0.926,-0.115,-0.116,-0.136,0.975,0.949,0.975,-0.22,-0.235,-0.254
6000,B1_2,-0.18,0.0,-0.077,-0.126,0.987,1.0,0.91,-0.087,-0.088,-0.113,0.991,0.977,0.987,-0.215,-0.225,-0.262
6000,B1_3,-0.148,0.075,0.03,-0.04,0.926,0.91,1.0,-0.006,-0.002,-0.026,0.935,0.862,0.871,-0.304,-0.293,-0.329
6000,A2_1,-0.053,0.987,0.973,0.996,-0.115,-0.087,-0.006,1.0,1.0,0.995,-0.06,-0.03,-0.108,-0.436,-0.379,-0.427
6000,A2_2,-0.068,0.987,0.977,0.995,-0.116,-0.088,-0.002,1.0,1.0,0.994,-0.062,-0.036,-0.111,-0.428,-0.371,-0.418
6000,A2_3,-0.043,0.968,0.95,0.997,-0.136,-0.113,-0.026,0.995,0.994,1.0,-0.081,-0.048,-0.129,-0.435,-0.377,-0.416
6000,B2_1,-0.121,0.022,-0.058,-0.095,0.975,0.991,0.935,-0.06,-0.062,-0.081,1.0,0.983,0.977,-0.266,-0.266,-0.309
6000,B2_2,-0.073,0.043,-0.051,-0.061,0.949,0.977,0.862,-0.03,-0.036,-0.048,0.983,1.0,0.98,-0.312,-0.309,-0.358
6000,B2_3,-0.124,-0.028,-0.116,-0.144,0.975,0.987,0.871,-0.108,-0.111,-0.129,0.977,0.98,1.0,-0.204,-0.203,-0.254
6000,y1,-0.307,-0.396,-0.4,-0.446,-0.22,-0.215,-0.304,-0.436,-0.428,-0.435,-0.266,-0.312,-0.204,1.0,0.979,0.988
6000,y2,-0.28,-0.338,-0.344,-0.392,-0.235,-0.225,-0.293,-0.379,-0.371,-0.377,-0.266,-0.309,-0.203,0.979,1.0,0.957
6000,y3,-0.356,-0.4,-0.398,-0.43,-0.254,-0.262,-0.329,-0.427,-0.418,-0.416,-0.309,-0.358,-0.254,0.988,0.957,1.0
6500,.,1.0,-0.067,-0.149,-0.013,-0.182,-0.173,-0.141,-0.046,-0.059,-0.035,-0.12,-0.076,-0.12,-0.296,-0.28,-0.346
6500,A1_1,-0.067,1.0,0.981,0.975,-0.039,-0.004,0.081,0.986,0.987,0.969,0.024,0.045,-0.025,-0.397,-0.336,-0.401
6500,A1_2,-0.149,0.981,1.0,0.954,-0.109,-0.077,0.038,0.966,0.971,0.944,-0.052,-0.045,-0.11,-0.396,-0.336,-0.397
6500,A1_3,-0.013,0.975,0.954,1.0,-0.157,-0.129,-0.034,0.997,0.996,0.998,-0.091,-0.058,-0.139,-0.446,-0.388,-0.435
6500,B1_1,-0.182,-0.039,-0.109,-0.157,1.0,0.987,0.929,-0.122,-0.122,-0.142,0.973,0.944,0.969,-0.232,-0.254,-0.261
6500,B1_2,-0.173,-0.004,-0.077,-0.129,0.987,1.0,0.908,-0.094,-0.095,-0.117,0.991,0.976,0.987,-0.218,-0.234,-0.257
6500,B1_3,-0.141,0.081,0.038,-0.034,0.929,0.908,1.0,-0.004,0.001,-0.023,0.926,0.851,0.864,-0.309,-0.307,-0.332
6500,A2_1,-0.046,0.986,0.966,0.997,-0.122,-0.094,-0.004,1.0,1.0,0.996,-0.06,-0.03,-0.107,-0.438,-0.377,-0.43
6500,A2_2,-0.059,0.987,0.971,0.996,-0.122,-0.095,0.001,1.0,1.0,0.995,-0.061,-0.034,-0.11,-0.431,-0.37,-0.423
6500,A2_3,-0.035,0.969,0.944,0.998,-0.142,-0.117,-0.023,0.996,0.995,1.0,-0.079,-0.046,-0.126,-0.438,-0.377,-0.424
6500,B2_1,-0.12,0.024,-0.052,-0.091,0.973,0.991,0.926,-0.06,-0.061,-0.079,1.0,0.983,0.979,-0.268,-0.273,-0.306
6500,B2_2,-0.076,0.045,-0.045,-0.058,0.944,0.976,0.851,-0.03,-0.034,-0.046,0.983,1.0,0.98,-0.311,-0.314,-0.351
6500,B2_3,-0.12,-0.025,-0.11,-0.139,0.969,0.987,0.864,-0.107,-0.11,-0.126,0.979,0.98,1.0,-0.209,-0.213,-0.253
6500,y1,-0.296,-0.397,-0.396,-0.446,-0.232,-0.218,-0.309,-0.438,-0.431,-0.438,-0.268,-0.311,-0.209,1.0,0.982,0.991
6500,y2,-0.28,-0.336,-0.336,-0.388,-0.254,-0.234,-0.307,-0.377,-0.37,-0.377,-0.273,-0.314,-0.213,0.982,1.0,0.966
6500,y3,-0.346,-0.401,-0.397,-0.435,-0.261,-0.257,-0.332,-0.43,-0.423,-0.424,-0.306,-0.351,-0.253,0.991,0.966,1.0
7000,.,1.0,-0.055,-0.142,-0.005,-0.159,-0.169,-0.13,-0.035,-0.045,-0.024,-0.117,-0.071,-0.11,-0.286,-0.272,-0.336
7000,A1_1,-0.055,1.0,0.978,0.976,-0.046,-0.004,0.077,0.985,0.987,0.973,0.028,0.047,-0.02,-0.409,-0.354,-0.414
7000,A1_2,-0.142,0.978,1.0,0.949,-0.115,-0.075,0.035,0.96,0.965,0.942,-0.045,-0.04,-0.105,-0.403,-0.349,-0.407
7000,A1_3,-0.005,0.976,0.949,1.0,-0.165,-0.127,-0.037,0.997,0.997,0.998,-0.086,-0.057,-0.132,-0.453,-0.401,-0.445
7000,B1_1,-0.159,-0.046,-0.115,-0.165,1.0,0.985,0.933,-0.132,-0.132,-0.15,0.973,0.947,0.967,-0.252,-0.27,-0.274
7000,B1_2,-0.169,-0.004,-0.075,-0.127,0.985,1.0,0.906,-0.096,-0.095,-0.114,0.991,0.979,0.989,-0.227,-0.238,-0.257
7000,B1_3,-0.13,0.077,0.035,-0.037,0.933,0.906,1.0,-0.009,-0.005,-0.026,0.927,0.854,0.868,-0.316,-0.312,-0.334
7000,A2_1,-0.035,0.985,0.96,0.997,-0.132,-0.096,-0.009,1.0,1.0,0.998,-0.059,-0.031,-0.104,-0.446,-0.391,-0.44
7000,A2_2,-0.045,0.987,0.965,0.997,-0.132,-0.095,-0.005,1.0,1.0,0.997,-0.059,-0.034,-0.106,-0.441,-0.386,-0.435
7000,A2_3,-0.024,0.973,0.942,0.998,-0.15,-0.114,-0.026,0.998,0.997,1.0,-0.073,-0.044,-0.119,-0.447,-0.392,-0.436
7000,B2_1,-0.117,0.028,-0.045,-0.086,0.973,0.991,0.927,-0.059,-0.059,-0.073,1.0,0.984,0.98,-0.276,-0.279,-0.306
7000,B2_2,-0.071,0.047,-0.04,-0.057,0.947,0.979,0.854,-0.031,-0.034,-0.044,0.984,1.0,0.982,-0.318,-0.321,-0.349
7000,B2_3,-0.11,-0.02,-0.105,-0.132,0.967,0.989,0.868,-0.104,-0.106,-0.119,0.98,0.982,1.0,-0.222,-0.224,-0.256
7000,y1,-0.286,-0.409,-0.403,-0.453,-0.252,-0.227,-0.316,-0.446,-0.441,-0.447,-0.276,-0.318,-0.222,1.0,0.986,0.993
7000,y2,-0.272,-0.354,-0.349,-0.401,-0.27,-0.238,-0.312,-0.391,-0.386,-0.392,-0.279,-0.321,-0.224,0.986,1.0,0.974
7000,y3,-0.336,-0.414,-0.407,-0.445,-0.274,-0.257,-0.334,-0.44,-0.435,-0.436,-0.306,-0.349,-0.256,0.993,0.974,1.0
7500,.,1.0,-0.035,-0.126,0.006,-0.139,-0.16,-0.125,-0.022,-0.03,-0.012,-0.118,-0.059,-0.099,-0.281,-0.267,-0.322
7500,A1_1,-0.035,1.0,0.976,0.98,-0.06,-0.014,0.057,0.988,0.989,0.979,0.022,0.037,-0.026,-0.424,-0.376,-0.428
7500,A1_2,-0.126,0.976,1.0,0.952,-0.128,-0.082,0.016,0.961,0.965,0.946,-0.047,-0.047,-0.108,-0.415,-0.368,-0.418
7500,A1_3,0.006,0.98,0.952,1.0,-0.173,-0.129,-0.052,0.997,0.997,0.998,-0.086,-0.065,-0.134,-0.461,-0.418,-0.454
7500,B1_1,-0.139,-0.06,-0.128,-0.173,1.0,0.987,0.938,-0.142,-0.142,-0.156,0.975,0.956,0.972,-0.252,-0.267,-0.273
7500,B1_2,-0.16,-0.014,-0.082,-0.129,0.987,1.0,0.92,-0.1,-0.099,-0.114,0.991,0.982,0.991,-0.236,-0.243,-0.264
7500,B1_3,-0.125,0.057,0.016,-0.052,0.938,0.92,1.0,-0.024,-0.021,-0.038,0.947,0.88,0.89,-0.317,-0.308,-0.331
7500,A2_1,-0.022,0.988,0.961,0.997,-0.142,-0.1,-0.024,1.0,1.0,0.998,-0.06,-0.04,-0.106,-0.455,-0.409,-0.449
7500,A2_2,-0.03,0.989,0.965,0.997,-0.142,-0.099,-0.021,1.0,1.0,0.998,-0.059,-0.042,-0.108,-0.45,-0.405,-0.445
7500,A2_3,-0.012,0.979,0.946,0.998,-0.156,-0.114,-0.038,0.998,0.998,1.0,-0.071,-0.051,-0.118,-0.456,-0.41,-0.447
7500,B2_1,-0.118,0.022,-0.047,-0.086,0.975,0.991,0.947,-0.06,-0.059,-0.071,1.0,0.982,0.981,-0.282,-0.281,-0.308
7500,B2_2,-0.059,0.037,-0.047,-0.065,0.956,0.982,0.88,-0.04,-0.042,-0.051,0.982,1.0,0.986,-0.328,-0.33,-0.358
7500,B2_3,-0.099,-0.026,-0.108,-0.134,0.972,0.991,0.89,-0.106,-0.108,-0.118,0.981,0.986,1.0,-0.236,-0.235,-0.266
7500,y1,-0.281,-0.424,-0.415,-0.461,-0.252,-0.236,-0.317,-0.455,-0.45,-0.456,-0.282,-0.328,-0.236,1.0,0.989,0.994
7500,y2,-0.267,-0.376,-0.368,-0.418,-0.267,-0.243,-0.308,-0.409,-0.405,-0.41,-0.281,-0.33,-0.235,0.989,1.0,0.98
7500,y3,-0.322,-0.428,-0.418,-0.454,-0.273,-0.264,-0.331,-0.449,-0.445,-0.447,-0.308,-0.358,-0.266,0.994,0.98,1.0
8000,.,1.0,-0.024,-0.108,0.014,-0.11,-0.144,-0.123,-0.013,-0.02,-0.004,-0.111,-0.036,-0.082,-0.273,-0.251,-0.311
8000,A1_1,-0.024,1.0,0.975,0.98,-0.07,-0.015,0.027,0.988,0.989,0.981,0.024,0.039,-0.021,-0.436,-0.392,-0.439
8000,A1_2,-0.108,0.975,1.0,0.957,-0.16,-0.102,-0.03,0.963,0.967,0.952,-0.06,-0.061,-0.122,-0.44,-0.393,-0.437
8000,A1_3,0.014,0.98,0.957,1.0,-0.183,-0.128,-0.082,0.997,0.997,0.998,-0.082,-0.061,-0.127,-0.466,-0.425,-0.462
8000,B1_1,-0.11,-0.07,-0.16,-0.183,1.0,0.987,0.941,-0.151,-0.151,-0.163,0.976,0.964,0.976,-0.252,-0.278,-0.276
8000,B1_2,-0.144,-0.015,-0.102,-0.128,0.987,1.0,0.933,-0.099,-0.099,-0.111,0.989,0.983,0.992,-0.23,-0.25,-0.261
8000,B1_3,-0.123,0.027,-0.03,-0.082,0.941,0.933,1.0,-0.055,-0.052,-0.066,0.966,0.905,0.913,-0.307,-0.299,-0.318
8000,A2_1,-0.013,0.988,0.963,0.997,-0.151,-0.099,-0.055,1.0,1.0,0.999,-0.056,-0.036,-0.099,-0.461,-0.418,-0.458
8000,A2_2,-0.02,0.989,0.967,0.997,-0.151,-0.099,-0.052,1.0,1.0,0.998,-0.055,-0.038,-0.1,-0.458,-0.415,-0.455
8000,A2_3,-0.004,0.981,0.952,0.998,-0.163,-0.111,-0.066,0.999,0.998,1.0,-0.065,-0.045,-0.108,-0.46,-0.417,-0.455
8000,B2_1,-0.111,0.024,-0.06,-0.082,0.976,0.989,0.966,-0.056,-0.055,-0.065,1.0,0.979,0.98,-0.274,-0.282,-0.301
8000,B2_2,-0.036,0.039,-0.061,-0.061,0.964,0.983,0.905,-0.036,-0.038,-0.045,0.979,1.0,0.988,-0.322,-0.338,-0.358
8000,B2_3,-0.082,-0.021,-0.122,-0.127,0.976,0.992,0.913,-0.099,-0.1,-0.108,0.98,0.988,1.0,-0.229,-0.242,-0.264
8000,y1,-0.273,-0.436,-0.44,-0.466,-0.252,-0.23,-0.307,-0.461,-0.458,-0.46,-0.274,-0.322,-0.229,1.0,0.989,0.995
8000,y2,-0.251,-0.392,-0.393,-0.425,-0.278,-0.25,-0.299,-0.418,-0.415,-0.417,-0.282,-0.338,-0.242,0.989,1.0,0.983
8000,y3,-0.311,-0.439,-0.437,-0.462,-0.276,-0.261,-0.318,-0.458,-0.455,-0.455,-0.301,-0.358,-0.264,0.995,0.983,1.0
8500,.,1.0,-0.019,-0.098,0.022,-0.088,-0.135,-0.116,-0.007,-0.014,0.001,-0.118,-0.028,-0.073,-0.228,-0.211,-0.261
8500,A1_1,-0.019,1.0,0.973,0.978,-0.071,-0.001,0.017,0.988,0.989,0.981,0.04,0.058,-0.001,-0.459,-0.437,-0.472
8500,A1_2,-0.098,0.973,1.0,0.963,-0.186,-0.112,-0.067,0.967,0.971,0.959,-0.063,-0.061,-0.123,-0.484,-0.445,-0.488
8500,A1_3,0.022,0.978,0.963,1.0,-0.19,-0.119,-0.092,0.996,0.996,0.997,-0.068,-0.046,-0.111,-0.488,-0.465,-0.498
8500,B1_1,-0.088,-0.071,-0.186,-0.19,1.0,0.987,0.945,-0.154,-0.155,-0.165,0.972,0.972,0.981,-0.226,-0.277,-0.249
8500,B1_2,-0.135,-0.001,-0.112,-0.119,0.987,1.0,0.945,-0.086,-0.086,-0.096,0.985,0.985,0.994,-0.207,-0.255,-0.238
8500,B1_3,-0.116,0.017,-0.067,-0.092,0.945,0.945,1.0,-0.063,-0.061,-0.071,0.982,0.929,0.943,-0.27,-0.275,-0.283
8500,A2_1,-0.007,0.988,0.967,0.996,-0.154,-0.086,-0.063,1.0,1.0,0.999,-0.039,-0.017,-0.08,-0.484,-0.462,-0.493
8500,A2_2,-0.014,0.989,0.971,0.996,-0.155,-0.086,-0.061,1.0,1.0,0.998,-0.038,-0.02,-0.081,-0.482,-0.459,-0.491
8500,A2_3,0.001,0.981,0.959,0.997,-0.165,-0.096,-0.071,0.999,0.998,1.0,-0.046,-0.025,-0.088,-0.482,-0.46,-0.491
8500,B2_1,-0.118,0.04,-0.063,-0.068,0.972,0.985,0.982,-0.039,-0.038,-0.046,1.0,0.972,0.981,-0.251,-0.282,-0.276
8500,B2_2,-0.028,0.058,-0.061,-0.046,0.972,0.985,0.929,-0.017,-0.02,-0.025,0.972,1.0,0.989,-0.302,-0.348,-0.339
8500,B2_3,-0.073,-0.001,-0.123,-0.111,0.981,0.994,0.943,-0.08,-0.081,-0.088,0.981,0.989,1.0,-0.209,-0.25,-0.244
8500,y1,-0.228,-0.459,-0.484,-0.488,-0.226,-0.207,-0.27,-0.484,-0.482,-0.482,-0.251,-0.302,-0.209,1.0,0.984,0.995
8500,y2,-0.211,-0.437,-0.445,-0.465,-0.277,-0.255,-0.275,-0.462,-0.459,-0.46,-0.282,-0.348,-0.25,0.984,1.0,0.983
8500,y3,-0.261,-0.472,-0.488,-0.498,-0.249,-0.238,-0.283,-0.493,-0.491,-0.491,-0.276,-0.339,-0.244,0.995,0.983,1.0
9000,.,1.0,-0.017,-0.096,0.026,-0.082,-0.125,-0.095,-0.007,-0.013,0.002,-0.126,-0.028,-0.072,-0.191,-0.181,-0.241
9000,A1_1,-0.017,1.0,0.972,0.976,-0.064,0.004,0.052,0.988,0.989,0.982,0.049,0.068,0.008,-0.488,-0.467,-0.49
9000,A1_2,-0.096,0.972,1.0,0.97,-0.181,-0.117,-0.04,0.974,0.977,0.969,-0.059,-0.052,-0.117,-0.525,-0.49,-0.513
9000,A1_3,0.026,0.976,0.97,1.0,-0.181,-0.116,-0.041,0.995,0.995,0.997,-0.059,-0.036,-0.102,-0.513,-0.493,-0.509
9000,B1_1,-0.082,-0.064,-0.181,-0.181,1.0,0.987,0.948,-0.144,-0.146,-0.155,0.965,0.981,0.985,-0.232,-0.27,-0.265
9000,B1_2,-0.125,0.004,-0.117,-0.116,0.987,1.0,0.947,-0.083,-0.083,-0.093,0.98,0.987,0.995,-0.202,-0.24,-0.241
9000,B1_3,-0.095,0.052,-0.04,-0.041,0.948,0.947,1.0,-0.014,-0.016,-0.018,0.983,0.95,0.959,-0.293,-0.297,-0.311
9000,A2_1,-0.007,0.988,0.974,0.995,-0.144,-0.083,-0.014,1.0,1.0,0.999,-0.03,-0.008,-0.072,-0.511,-0.49,-0.507
9000,A2_2,-0.013,0.989,0.977,0.995,-0.146,-0.083,-0.016,1.0,1.0,0.999,-0.03,-0.011,-0.073,-0.51,-0.489,-0.506
9000,A2_3,0.002,0.982,0.969,0.997,-0.155,-0.093,-0.018,0.999,0.999,1.0,-0.038,-0.016,-0.08,-0.509,-0.488,-0.504
9000,B2_1,-0.126,0.049,-0.059,-0.059,0.965,0.98,0.983,-0.03,-0.03,-0.038,1.0,0.968,0.981,-0.243,-0.267,-0.276
9000,B2_2,-0.028,0.068,-0.052,-0.036,0.981,0.987,0.95,-0.008,-0.011,-0.016,0.968,1.0,0.989,-0.301,-0.338,-0.341
9000,B2_3,-0.072,0.008,-0.117,-0.102,0.985,0.995,0.959,-0.072,-0.073,-0.08,0.981,0.989,1.0,-0.203,-0.235,-0.242
9000,y1,-0.191,-0.488,-0.525,-0.513,-0.232,-0.202,-0.293,-0.511,-0.51,-0.509,-0.243,-0.301,-0.203,1.0,0.988,0.993
9000,y2,-0.181,-0.467,-0.49,-0.493,-0.27,-0.24,-0.297,-0.49,-0.489,-0.488,-0.267,-0.338,-0.235,0.988,1.0,0.989
9000,y3,-0.241,-0.49,-0.513,-0.509,-0.265,-0.241,-0.311,-0.507,-0.506,-0.504,-0.276,-0.341,-0.242,0.993,0.989,1.0
9500,.,1.0,-0.004,-0.084,0.035,-0.057,-0.121,-0.089,0.001,-0.003,0.011,-0.142,-0.044,-0.081,-0.165,-0.155,-0.193
9500,A1_1,-0.004,1.0,0.979,0.975,-0.025,0.019,0.021,0.989,0.989,0.983,0.069,0.095,0.033,-0.522,-0.495,-0.517
9500,A1_2,-0.084,0.979,1.0,0.969,-0.124,-0.076,-0.054,0.975,0.978,0.969,-0.015,-0.003,-0.071,-0.554,-0.521,-0.547
9500,A1_3,0.035,0.975,0.969,1.0,-0.148,-0.105,-0.098,0.993,0.994,0.996,-0.042,-0.012,-0.08,-0.545,-0.52,-0.538
9500,B1_1,-0.057,-0.025,-0.124,-0.148,1.0,0.987,0.949,-0.107,-0.109,-0.118,0.959,0.98,0.984,-0.223,-0.26,-0.244
9500,B1_2,-0.121,0.019,-0.076,-0.105,0.987,1.0,0.938,-0.066,-0.067,-0.077,0.974,0.987,0.994,-0.203,-0.238,-0.226
9500,B1_3,-0.089,0.021,-0.054,-0.098,0.949,0.938,1.0,-0.061,-0.061,-0.071,0.977,0.924,0.946,-0.24,-0.254,-0.256
9500,A2_1,0.001,0.989,0.975,0.993,-0.107,-0.066,-0.061,1.0,1.0,0.999,-0.007,0.023,-0.043,-0.543,-0.517,-0.535
9500,A2_2,-0.003,0.989,0.978,0.994,-0.109,-0.067,-0.061,1.0,1.0,0.999,-0.007,0.02,-0.046,-0.543,-0.516,-0.535
9500,A2_3,0.011,0.983,0.969,0.996,-0.118,-0.077,-0.071,0.999,0.999,1.0,-0.015,0.015,-0.051,-0.542,-0.515,-0.533
9500,B2_1,-0.142,0.069,-0.015,-0.042,0.959,0.974,0.977,-0.007,-0.007,-0.015,1.0,0.963,0.979,-0.248,-0.271,-0.265
9500,B2_2,-0.044,0.095,-0.003,-0.012,0.98,0.987,0.924,0.023,0.02,0.015,0.963,1.0,0.988,-0.313,-0.348,-0.336
9500,B2_3,-0.081,0.033,-0.071,-0.08,0.984,0.994,0.946,-0.043,-0.046,-0.051,0.979,0.988,1.0,-0.21,-0.24,-0.232
9500,y1,-0.165,-0.522,-0.554,-0.545,-0.223,-0.203,-0.24,-0.543,-0.543,-0.542,-0.248,-0.313,-0.21,1.0,0.993,0.998
9500,y2,-0.155,-0.495,-0.521,-0.52,-0.26,-0.238,-0.254,-0.517,-0.516,-0.515,-0.271,-0.348,-0.24,0.993,1.0,0.991
9500,y3,-0.193,-0.517,-0.547,-0.538,-0.244,-0.226,-0.256,-0.535,-0.535,-0.533,-0.265,-0.336,-0.232,0.998,0.991,1.0
10000,.,1.0,0.003,-0.096,0.046,-0.032,-0.066,-0.092,0.006,0.008,0.004,-0.071,0.087,0.014,-0.166,-0.162,-0.187
10000,A1_1,0.003,1.0,0.969,0.973,-0.008,0.033,0.012,0.986,0.987,0.978,0.063,0.109,0.049,-0.573,-0.568,-0.585
10000,A1_2,-0.096,0.969,1.0,0.959,-0.108,-0.081,-0.052,0.963,0.966,0.954,-0.039,-0.005,-0.08,-0.617,-0.6,-0.619
10000,A1_3,0.046,0.973,0.959,1.0,-0.125,-0.088,-0.106,0.993,0.994,0.994,-0.048,0.021,-0.055,-0.59,-0.581,-0.596
10000,B1_1,-0.032,-0.008,-0.108,-0.125,1.0,0.981,0.962,-0.08,-0.088,-0.081,0.968,0.975,0.978,-0.206,-0.231,-0.228
10000,B1_2,-0.066,0.033,-0.081,-0.088,0.981,1.0,0.931,-0.045,-0.051,-0.045,0.97,0.953,0.985,-0.174,-0.205,-0.204
10000,B1_3,-0.092,0.012,-0.052,-0.106,0.962,0.931,1.0,-0.066,-0.071,-0.067,0.975,0.929,0.937,-0.229,-0.233,-0.24
10000,A2_1,0.006,0.986,0.963,0.993,-0.08,-0.045,-0.066,1.0,1.0,0.998,-0.008,0.057,-0.016,-0.582,-0.574,-0.589
10000,A2_2,0.008,0.987,0.966,0.994,-0.088,-0.051,-0.071,1.0,1.0,0.997,-0.014,0.048,-0.023,-0.586,-0.578,-0.593
10000,A2_3,0.004,0.978,0.954,0.994,-0.081,-0.045,-0.067,0.998,0.997,1.0,-0.006,0.064,-0.01,-0.568,-0.56,-0.574
10000,B2_1,-0.071,0.063,-0.039,-0.048,0.968,0.97,0.975,-0.008,-0.014,-0.006,1.0,0.95,0.98,-0.208,-0.224,-0.228
10000,B2_2,0.087,0.109,-0.005,0.021,0.975,0.953,0.929,0.057,0.048,0.064,0.95,1.0,0.976,-0.283,-0.304,-0.306
10000,B2_3,0.014,0.049,-0.08,-0.055,0.978,0.985,0.937,-0.016,-0.023,-0.01,0.98,0.976,1.0,-0.169,-0.192,-0.195
10000,y1,-0.166,-0.573,-0.617,-0.59,-0.206,-0.174,-0.229,-0.582,-0.586,-0.568,-0.208,-0.283,-0.169,1.0,0.994,0.997
10000,y2,-0.162,-0.568,-0.6,-0.581,-0.231,-0.205,-0.233,-0.574,-0.578,-0.56,-0.224,-0.304,-0.192,0.994,1.0,0.995
10000,y3,-0.187,-0.585,-0.619,-0.596,-0.228,-0.204,-0.24,-0.589,-0.593,-0.574,-0.228,-0.306,-0.195,0.997,0.995,1.0
